        TC01  1 0.0054 0.0012 0.0025 0.0017 0.0011 0.0020 0.0157 0.0048 0.0154 0.0094 0.0077 0.8983 0.0022 0.0015 0.0133 0.0067 0.0094 0.0018 
        TC02  1 0.0018 0.0016 0.0028 0.0021 0.0020 0.0026 0.0051 0.0067 0.0017 0.0113 0.0153 0.9159 0.0036 0.0032 0.0102 0.0050 0.0059 0.0032 
        TC03  1 0.0025 0.0015 0.0014 0.0012 0.0019 0.0023 0.0034 0.0026 0.0031 0.0186 0.0035 0.9185 0.0024 0.0023 0.0237 0.0054 0.0028 0.0027 
        TC04  1 0.0079 0.0008 0.0029 0.0069 0.0014 0.0372 0.0038 0.0136 0.0023 0.1027 0.0210 0.7575 0.0074 0.0043 0.0173 0.0032 0.0070 0.0027 
        TC05  1 0.0010 0.0011 0.0010 0.0020 0.0035 0.0226 0.0020 0.0025 0.0022 0.0166 0.0043 0.9208 0.0018 0.0016 0.0084 0.0022 0.0034 0.0030 
        TC06  1 0.0019 0.0015 0.0011 0.0016 0.0058 0.0022 0.0024 0.0123 0.0024 0.1467 0.0049 0.7906 0.0053 0.0020 0.0068 0.0070 0.0035 0.0021 
        TC07  1 0.0013 0.0007 0.0014 0.0036 0.0010 0.0075 0.0045 0.0046 0.0024 0.0166 0.0039 0.9244 0.0012 0.0017 0.0107 0.0027 0.0083 0.0035 
        TC08  1 0.0010 0.0010 0.0014 0.0014 0.0029 0.0033 0.0025 0.0036 0.0025 0.0143 0.0042 0.9344 0.0088 0.0014 0.0048 0.0022 0.0040 0.0064 
        TC09  1 0.0015 0.0010 0.0010 0.0008 0.0036 0.0033 0.0017 0.0040 0.0019 0.0415 0.0060 0.7598 0.0951 0.0017 0.0163 0.0552 0.0034 0.0023 
        TC10  1 0.0011 0.0008 0.0015 0.0032 0.0011 0.0015 0.0158 0.0021 0.0018 0.0135 0.0024 0.8720 0.0016 0.0017 0.0411 0.0351 0.0019 0.0019 
        TC11  1 0.0014 0.0008 0.0009 0.0010 0.0006 0.0015 0.0051 0.0034 0.0015 0.0068 0.0022 0.9556 0.0021 0.0015 0.0071 0.0036 0.0021 0.0028 
        TC12  1 0.0047 0.0033 0.0025 0.0067 0.0012 0.0024 0.0099 0.0142 0.0045 0.0390 0.0086 0.8376 0.0024 0.0016 0.0220 0.0033 0.0330 0.0032 
        TC13  1 0.0011 0.0006 0.0011 0.0012 0.0009 0.0017 0.0027 0.0021 0.0018 0.0180 0.0028 0.9353 0.0055 0.0025 0.0050 0.0124 0.0029 0.0023 
        TC14  1 0.0034 0.0011 0.0015 0.0013 0.0120 0.0032 0.0047 0.0027 0.0037 0.1363 0.0142 0.7477 0.0033 0.0077 0.0094 0.0360 0.0032 0.0085 
        TC15  1 0.0021 0.0009 0.0017 0.0022 0.0028 0.0055 0.0029 0.0040 0.0018 0.1278 0.0066 0.7709 0.0124 0.0140 0.0136 0.0228 0.0044 0.0036 
        TC16  1 0.0028 0.0018 0.0025 0.0043 0.0034 0.0027 0.0026 0.0060 0.0024 0.0493 0.0135 0.7320 0.0883 0.0026 0.0087 0.0552 0.0056 0.0161 
        TC17  1 0.0034 0.0026 0.0024 0.0021 0.0016 0.0074 0.0052 0.1060 0.0085 0.0517 0.0532 0.6485 0.0033 0.0024 0.0123 0.0714 0.0105 0.0076 
        TC18  1 0.0149 0.0047 0.0058 0.0018 0.0008 0.0219 0.0104 0.0039 0.0025 0.0216 0.0025 0.8620 0.0034 0.0025 0.0223 0.0076 0.0059 0.0055 
        TC19  1 0.0010 0.0015 0.0010 0.0014 0.0007 0.0014 0.0028 0.0020 0.0015 0.0096 0.0045 0.9081 0.0136 0.0021 0.0063 0.0361 0.0040 0.0024 
        TC20  1 0.0044 0.0007 0.0009 0.0015 0.0014 0.0061 0.0022 0.0021 0.0070 0.0163 0.0053 0.9155 0.0076 0.0021 0.0061 0.0145 0.0029 0.0036 
        TC21  1 0.0106 0.0015 0.0015 0.0022 0.0007 0.0063 0.0052 0.0380 0.0013 0.0237 0.0028 0.7106 0.0062 0.0097 0.0085 0.0028 0.1446 0.0237 
        TC22  1 0.0011 0.0045 0.0035 0.0034 0.0029 0.0021 0.0088 0.0026 0.0019 0.0282 0.0026 0.8652 0.0078 0.0450 0.0075 0.0020 0.0087 0.0024 
        TC23  1 0.0018 0.0018 0.0009 0.0017 0.0020 0.0018 0.0044 0.0020 0.0021 0.0166 0.0047 0.9326 0.0020 0.0021 0.0139 0.0043 0.0023 0.0030 
        TC24  1 0.0008 0.0007 0.0014 0.0008 0.0006 0.0019 0.0015 0.0020 0.0014 0.0100 0.0024 0.9456 0.0029 0.0013 0.0090 0.0088 0.0018 0.0071 
        TC25  1 0.0105 0.0017 0.0012 0.0020 0.0012 0.0018 0.0159 0.0048 0.0023 0.1862 0.0018 0.7045 0.0040 0.0109 0.0204 0.0204 0.0055 0.0049 
        TC26  1 0.0010 0.0012 0.0009 0.0019 0.0055 0.0017 0.0018 0.0062 0.0023 0.0385 0.0029 0.8595 0.0025 0.0015 0.0073 0.0590 0.0033 0.0029 
        TC27  1 0.0015 0.0008 0.0018 0.0011 0.0012 0.0076 0.0117 0.0452 0.0021 0.0551 0.0025 0.8416 0.0019 0.0026 0.0091 0.0040 0.0038 0.0063 
        TC28  1 0.0019 0.0008 0.0024 0.0073 0.0008 0.0036 0.0033 0.0074 0.0017 0.0645 0.0043 0.8669 0.0017 0.0027 0.0141 0.0084 0.0033 0.0050 
        TC29  1 0.0040 0.0025 0.0013 0.0013 0.0008 0.0401 0.0036 0.0025 0.0041 0.0931 0.0151 0.7906 0.0018 0.0025 0.0188 0.0088 0.0046 0.0044 
        TC30  1 0.0012 0.0012 0.0010 0.0010 0.0011 0.0018 0.0027 0.0055 0.0025 0.0192 0.0093 0.9157 0.0091 0.0026 0.0107 0.0093 0.0034 0.0025 
        TC31  1 0.0089 0.0080 0.0032 0.0033 0.0010 0.0045 0.0186 0.0022 0.0042 0.0092 0.0030 0.8950 0.0068 0.0046 0.0153 0.0036 0.0052 0.0034 
        TC32  1 0.0016 0.0008 0.0018 0.0150 0.0011 0.0036 0.0027 0.0080 0.0030 0.1942 0.0026 0.7131 0.0027 0.0262 0.0067 0.0088 0.0056 0.0026 
        TC33  1 0.0016 0.0011 0.0024 0.0013 0.0013 0.0028 0.0059 0.0026 0.0040 0.0185 0.0022 0.9271 0.0020 0.0023 0.0107 0.0046 0.0029 0.0068 
        TC34  1 0.0014 0.0020 0.0012 0.0023 0.0013 0.0027 0.0042 0.0036 0.0044 0.1249 0.0027 0.8166 0.0035 0.0015 0.0088 0.0106 0.0034 0.0049 
        TC35  1 0.0044 0.0023 0.0014 0.0041 0.0008 0.0057 0.0301 0.0058 0.0031 0.0198 0.0279 0.8650 0.0059 0.0019 0.0064 0.0083 0.0044 0.0024 
        TC36  1 0.0014 0.0008 0.0010 0.0018 0.0009 0.0046 0.0032 0.0141 0.0021 0.0158 0.0055 0.9081 0.0037 0.0039 0.0165 0.0072 0.0061 0.0033 
        TC37  1 0.0016 0.0009 0.0012 0.0030 0.0015 0.0034 0.0028 0.0030 0.0034 0.0054 0.0098 0.9400 0.0019 0.0026 0.0082 0.0030 0.0032 0.0051 
        TC38  1 0.0200 0.0019 0.0017 0.0016 0.0014 0.0041 0.0039 0.0052 0.0020 0.0478 0.0236 0.7835 0.0526 0.0013 0.0141 0.0265 0.0063 0.0025 
        TC39  1 0.0020 0.0013 0.0010 0.0018 0.0047 0.0023 0.0023 0.0035 0.0022 0.1237 0.0114 0.7422 0.0032 0.0014 0.0106 0.0801 0.0034 0.0029 
        TC40  1 0.0015 0.0015 0.0019 0.0019 0.0015 0.0023 0.0029 0.0037 0.0049 0.1138 0.0040 0.7968 0.0029 0.0022 0.0256 0.0148 0.0035 0.0143 
        TC41  1 0.0014 0.0070 0.0026 0.0040 0.0010 0.0027 0.0023 0.0043 0.0022 0.0106 0.0026 0.9167 0.0018 0.0223 0.0070 0.0045 0.0025 0.0046 
        TC42  1 0.0009 0.0008 0.0015 0.0008 0.0019 0.0022 0.0020 0.0024 0.0024 0.0382 0.0050 0.9166 0.0026 0.0014 0.0098 0.0046 0.0039 0.0027 
        TC43  1 0.0019 0.0007 0.0013 0.0019 0.0011 0.0022 0.0025 0.0020 0.0017 0.0400 0.0084 0.9130 0.0023 0.0035 0.0083 0.0031 0.0029 0.0031 
        TC44  1 0.0014 0.0014 0.0013 0.0020 0.0023 0.0023 0.0080 0.0055 0.0016 0.0428 0.0202 0.8323 0.0326 0.0013 0.0170 0.0191 0.0055 0.0034 
        TC45  1 0.0072 0.0010 0.0008 0.0022 0.0056 0.0026 0.0020 0.0027 0.0016 0.0059 0.0037 0.9296 0.0016 0.0016 0.0071 0.0194 0.0037 0.0018 
        TC46  1 0.0036 0.0034 0.0015 0.0055 0.0011 0.0047 0.0034 0.0049 0.0015 0.0125 0.0028 0.9144 0.0020 0.0022 0.0138 0.0125 0.0054 0.0049 
        TC47  1 0.0015 0.0010 0.0015 0.0024 0.0009 0.0020 0.0058 0.0043 0.0019 0.0226 0.0059 0.8942 0.0169 0.0022 0.0079 0.0228 0.0027 0.0035 
        TC48  1 0.0059 0.0013 0.0041 0.0023 0.0068 0.0042 0.0033 0.0085 0.0075 0.0252 0.0059 0.8511 0.0019 0.0064 0.0091 0.0123 0.0089 0.0353 
        TC49  1 0.0016 0.0008 0.0020 0.0033 0.0012 0.0043 0.0033 0.0038 0.0032 0.0124 0.0025 0.9326 0.0016 0.0026 0.0047 0.0053 0.0104 0.0045 
        TC50  1 0.0027 0.0025 0.0017 0.0016 0.0026 0.0025 0.0063 0.0052 0.0106 0.0102 0.0044 0.8996 0.0064 0.0189 0.0146 0.0042 0.0030 0.0031 
        TC51  1 0.0019 0.0014 0.0014 0.0017 0.0012 0.0026 0.0061 0.0032 0.0017 0.0965 0.0027 0.8337 0.0138 0.0029 0.0107 0.0042 0.0107 0.0034 
        TC52  1 0.0041 0.0008 0.0023 0.0025 0.0022 0.0015 0.0017 0.0028 0.0014 0.0202 0.0021 0.8861 0.0035 0.0016 0.0498 0.0084 0.0039 0.0051 
        TC53  1 0.0009 0.0046 0.0008 0.0010 0.0012 0.0019 0.0033 0.0042 0.0034 0.0368 0.0188 0.8726 0.0035 0.0022 0.0064 0.0053 0.0308 0.0022 
        TC54  1 0.0023 0.0011 0.0021 0.0023 0.0029 0.0041 0.0047 0.0153 0.0057 0.0767 0.0038 0.8167 0.0033 0.0064 0.0130 0.0100 0.0054 0.0243 
        TC55  1 0.0020 0.0007 0.0022 0.0023 0.0052 0.0023 0.0031 0.0124 0.0028 0.0441 0.0031 0.8251 0.0018 0.0193 0.0192 0.0453 0.0050 0.0041 
        TC56  1 0.0095 0.0020 0.0021 0.0019 0.0040 0.0059 0.0059 0.0032 0.0048 0.0372 0.0113 0.8657 0.0017 0.0045 0.0125 0.0030 0.0051 0.0196 
        TC57  1 0.0014 0.0020 0.0017 0.0020 0.0020 0.0064 0.0063 0.0153 0.0032 0.0085 0.0135 0.8938 0.0032 0.0028 0.0108 0.0169 0.0045 0.0057 
        TC58  1 0.0014 0.0012 0.0021 0.0027 0.0038 0.0020 0.0147 0.0067 0.0015 0.0118 0.0035 0.9112 0.0035 0.0019 0.0077 0.0189 0.0030 0.0025 
        TC59  1 0.0009 0.0008 0.0009 0.0012 0.0008 0.0019 0.0031 0.0068 0.0025 0.0210 0.0033 0.9381 0.0023 0.0012 0.0059 0.0042 0.0028 0.0025 
        TA01  2 0.0011 0.0010 0.0011 0.0009 0.0021 0.0022 0.0036 0.0090 0.0046 0.0216 0.0146 0.8864 0.0132 0.0059 0.0058 0.0224 0.0026 0.0020 
        TA02  2 0.0014 0.0008 0.0029 0.0021 0.0007 0.0099 0.0020 0.0045 0.0028 0.0120 0.0304 0.8898 0.0028 0.0019 0.0189 0.0041 0.0031 0.0100 
        TA03  2 0.0015 0.0016 0.0020 0.0026 0.0022 0.0037 0.0087 0.0041 0.0042 0.0132 0.0866 0.8319 0.0074 0.0027 0.0111 0.0078 0.0036 0.0050 
        TA04  2 0.0013 0.0013 0.0017 0.0043 0.0012 0.0028 0.0039 0.0038 0.0038 0.0986 0.2706 0.4775 0.1058 0.0035 0.0104 0.0042 0.0031 0.0023 
        TA05  2 0.0019 0.0008 0.0019 0.0017 0.0028 0.0027 0.0033 0.0031 0.0031 0.0086 0.0055 0.9391 0.0058 0.0017 0.0067 0.0036 0.0042 0.0033 
        TA06  2 0.0010 0.0008 0.0009 0.0014 0.0010 0.0012 0.0029 0.0026 0.0019 0.0350 0.0063 0.9050 0.0067 0.0041 0.0083 0.0169 0.0017 0.0025 
        TA07  2 0.0016 0.0025 0.0016 0.0018 0.0022 0.0039 0.0045 0.0479 0.0036 0.0085 0.3426 0.5321 0.0032 0.0015 0.0120 0.0048 0.0187 0.0069 
        TA08  2 0.0022 0.0008 0.0011 0.0009 0.0010 0.0017 0.0109 0.0020 0.0021 0.0595 0.0235 0.8627 0.0064 0.0040 0.0067 0.0091 0.0026 0.0027 
        TA09  2 0.0009 0.0009 0.0011 0.0014 0.0008 0.0018 0.0023 0.0020 0.0023 0.0212 0.0316 0.9036 0.0051 0.0014 0.0110 0.0068 0.0033 0.0025 
        TA10  2 0.0014 0.0020 0.0017 0.0021 0.0021 0.0089 0.0415 0.0097 0.0042 0.0179 0.0187 0.8561 0.0038 0.0027 0.0065 0.0108 0.0067 0.0034 
        TA11  2 0.0029 0.0206 0.0192 0.0069 0.0035 0.0026 0.0401 0.0025 0.0023 0.0164 0.0078 0.7283 0.0130 0.0016 0.0069 0.1153 0.0062 0.0040 
        TA12  2 0.0012 0.0017 0.0380 0.0016 0.0056 0.0236 0.0045 0.0041 0.0317 0.0089 0.0289 0.8233 0.0030 0.0035 0.0048 0.0070 0.0047 0.0039 
        TA13  2 0.0015 0.0039 0.0046 0.0023 0.0309 0.0357 0.0078 0.0057 0.0037 0.1011 0.0084 0.6972 0.0258 0.0052 0.0142 0.0031 0.0401 0.0086 
        TA14  2 0.0008 0.0005 0.0009 0.0012 0.0068 0.0022 0.0017 0.0019 0.0026 0.0429 0.0340 0.8555 0.0032 0.0014 0.0297 0.0085 0.0024 0.0038 
        TA15  2 0.0008 0.0008 0.0009 0.0013 0.0145 0.0033 0.0024 0.0020 0.0021 0.0502 0.0113 0.8890 0.0022 0.0016 0.0069 0.0029 0.0045 0.0034 
        TA16  2 0.0011 0.0006 0.0030 0.0015 0.0025 0.0228 0.0247 0.0087 0.0035 0.0747 0.0354 0.7726 0.0188 0.0017 0.0095 0.0126 0.0037 0.0025 
        TA17  2 0.0011 0.0010 0.0021 0.0026 0.0025 0.0058 0.0037 0.0035 0.0248 0.0300 0.0032 0.8952 0.0022 0.0016 0.0078 0.0042 0.0044 0.0043 
        TA18  2 0.0010 0.0017 0.0014 0.0044 0.0008 0.0028 0.0061 0.0027 0.0342 0.0111 0.0034 0.8895 0.0042 0.0234 0.0052 0.0023 0.0028 0.0032 
        TA19  2 0.0012 0.0035 0.0016 0.0035 0.0009 0.0028 0.0488 0.0031 0.0025 0.0243 0.0057 0.8314 0.0368 0.0132 0.0074 0.0054 0.0043 0.0036 
        TA20  2 0.0015 0.0021 0.0063 0.0011 0.0011 0.0369 0.0026 0.0055 0.0025 0.0164 0.0068 0.8410 0.0019 0.0016 0.0071 0.0196 0.0027 0.0433 
        TA21  2 0.0017 0.0009 0.0041 0.0019 0.0022 0.0061 0.0037 0.0034 0.0061 0.0259 0.0127 0.8481 0.0041 0.0033 0.0089 0.0564 0.0048 0.0057 
        TA22  2 0.0012 0.0020 0.0008 0.0018 0.0059 0.0027 0.0019 0.0042 0.0025 0.0982 0.0056 0.8507 0.0017 0.0026 0.0055 0.0032 0.0018 0.0079 
        TA23  2 0.0010 0.0007 0.0013 0.0012 0.0012 0.0021 0.0024 0.0021 0.0023 0.0949 0.0161 0.8538 0.0029 0.0026 0.0055 0.0049 0.0020 0.0030 
        TA24  2 0.0011 0.0016 0.0018 0.0019 0.0011 0.0023 0.0047 0.0657 0.0038 0.0166 0.0039 0.8614 0.0053 0.0020 0.0180 0.0031 0.0033 0.0023 
        TA25  2 0.0011 0.0023 0.0025 0.0020 0.0011 0.0086 0.1142 0.0111 0.0078 0.0238 0.0028 0.7950 0.0036 0.0032 0.0063 0.0042 0.0083 0.0020 
        TA26  2 0.0031 0.0012 0.0018 0.0011 0.0099 0.0034 0.0058 0.0026 0.0041 0.0364 0.0269 0.8146 0.0151 0.0025 0.0064 0.0572 0.0038 0.0041 
        TA27  2 0.0009 0.0018 0.0063 0.0014 0.0026 0.0074 0.0036 0.0034 0.0042 0.0146 0.0057 0.9178 0.0045 0.0020 0.0118 0.0043 0.0047 0.0032 
        TA28  2 0.0036 0.0012 0.0047 0.0048 0.0009 0.0060 0.0023 0.0059 0.0065 0.0137 0.0360 0.8534 0.0070 0.0022 0.0298 0.0104 0.0047 0.0068 
        TA29  2 0.0012 0.0013 0.0015 0.0017 0.0055 0.0030 0.0053 0.0035 0.0023 0.0847 0.0035 0.8638 0.0026 0.0021 0.0072 0.0046 0.0031 0.0030 
        TA30  2 0.0019 0.0011 0.0024 0.0015 0.0066 0.0039 0.0064 0.0023 0.0023 0.0242 0.0274 0.6263 0.1080 0.0029 0.0078 0.1555 0.0057 0.0139 
      BERM01  3 0.0008 0.0006 0.0010 0.0009 0.0011 0.0016 0.0019 0.0017 0.0020 0.8703 0.0028 0.0042 0.0959 0.0020 0.0044 0.0050 0.0021 0.0018 
      BERM02  3 0.0010 0.0006 0.0009 0.0010 0.0011 0.0017 0.0015 0.0019 0.0016 0.9536 0.0042 0.0067 0.0069 0.0029 0.0044 0.0054 0.0024 0.0021 
      BERM03  3 0.0009 0.0008 0.0009 0.0010 0.0013 0.0014 0.0022 0.0021 0.0015 0.9637 0.0021 0.0037 0.0019 0.0015 0.0045 0.0055 0.0027 0.0023 
      BERM04  3 0.0010 0.0006 0.0007 0.0009 0.0015 0.0013 0.0027 0.0018 0.0014 0.9590 0.0021 0.0033 0.0052 0.0014 0.0049 0.0083 0.0020 0.0020 
      BERM05  3 0.0012 0.0012 0.0009 0.0009 0.0036 0.0014 0.0024 0.0025 0.0023 0.9535 0.0028 0.0030 0.0072 0.0015 0.0072 0.0039 0.0018 0.0024 
      BERM06  3 0.0012 0.0006 0.0009 0.0018 0.0010 0.0013 0.0018 0.0040 0.0016 0.9056 0.0115 0.0051 0.0140 0.0017 0.0052 0.0390 0.0021 0.0018 
      BERM07  3 0.0010 0.0009 0.0010 0.0012 0.0011 0.0014 0.0035 0.0018 0.0014 0.9461 0.0038 0.0063 0.0124 0.0015 0.0047 0.0070 0.0025 0.0024 
      BERM08  3 0.0011 0.0005 0.0006 0.0007 0.0006 0.0012 0.0018 0.0016 0.0011 0.9609 0.0032 0.0044 0.0093 0.0025 0.0043 0.0027 0.0016 0.0016 
      BERM09  3 0.0007 0.0012 0.0009 0.0012 0.0007 0.0014 0.0020 0.0024 0.0019 0.6230 0.2280 0.0102 0.1104 0.0023 0.0040 0.0048 0.0027 0.0022 
      BERM10  3 0.0015 0.0010 0.0038 0.0013 0.0011 0.0015 0.0033 0.0053 0.0017 0.9087 0.0035 0.0088 0.0167 0.0018 0.0051 0.0257 0.0071 0.0021 
      BERM11  3 0.0012 0.0006 0.0007 0.0010 0.0007 0.0015 0.0021 0.0016 0.0014 0.8883 0.0735 0.0055 0.0051 0.0023 0.0051 0.0053 0.0019 0.0023 
      BERM12  3 0.0095 0.0006 0.0011 0.0011 0.0006 0.0012 0.0025 0.0014 0.0178 0.9087 0.0065 0.0071 0.0021 0.0016 0.0248 0.0093 0.0018 0.0023 
      BERM13  3 0.0008 0.0007 0.0011 0.0031 0.0010 0.0015 0.0026 0.0023 0.0015 0.9570 0.0043 0.0046 0.0072 0.0014 0.0043 0.0023 0.0021 0.0023 
      BERM14  3 0.0009 0.0011 0.0007 0.0008 0.0008 0.0016 0.0024 0.0015 0.0020 0.9227 0.0059 0.0070 0.0068 0.0013 0.0091 0.0317 0.0020 0.0018 
      CROC01  3 0.0013 0.0047 0.0023 0.0019 0.0015 0.0033 0.0048 0.0036 0.0044 0.9023 0.0046 0.0050 0.0081 0.0039 0.0216 0.0036 0.0049 0.0183 
      CROC02  3 0.0026 0.0009 0.0017 0.0114 0.0034 0.0030 0.0024 0.0136 0.0047 0.8890 0.0129 0.0054 0.0027 0.0021 0.0093 0.0271 0.0035 0.0043 
      CROC03  3 0.0027 0.0008 0.0014 0.0016 0.0011 0.0019 0.0031 0.0023 0.0020 0.8697 0.0711 0.0053 0.0043 0.0023 0.0098 0.0158 0.0023 0.0028 
      CROC04  3 0.0008 0.0010 0.0013 0.0011 0.0015 0.0013 0.0020 0.0543 0.0024 0.8655 0.0021 0.0422 0.0041 0.0013 0.0119 0.0027 0.0025 0.0020 
      CROC05  3 0.0010 0.0009 0.0009 0.0011 0.0014 0.0020 0.0030 0.0090 0.0022 0.9331 0.0060 0.0044 0.0079 0.0023 0.0059 0.0129 0.0033 0.0025 
      CROC06  3 0.0015 0.0010 0.0028 0.0023 0.0009 0.0015 0.0101 0.0627 0.0022 0.8433 0.0037 0.0138 0.0086 0.0059 0.0195 0.0085 0.0030 0.0086 
      CROC07  3 0.0011 0.0025 0.0014 0.0029 0.0019 0.0021 0.0033 0.0051 0.0041 0.9139 0.0206 0.0105 0.0071 0.0022 0.0075 0.0058 0.0044 0.0035 
      CROC08  3 0.0024 0.0033 0.0010 0.0010 0.0011 0.0041 0.0050 0.0025 0.0067 0.9102 0.0033 0.0055 0.0051 0.0084 0.0087 0.0044 0.0046 0.0228 
      CROC09  3 0.0016 0.0008 0.0009 0.0009 0.0011 0.0016 0.0017 0.0024 0.0022 0.8160 0.0077 0.0035 0.1052 0.0025 0.0135 0.0276 0.0052 0.0056 
      CROC10  3 0.0012 0.0007 0.0007 0.0009 0.0026 0.0013 0.0026 0.0018 0.0015 0.8465 0.0034 0.0041 0.1162 0.0027 0.0051 0.0041 0.0027 0.0018 
      CROC11  3 0.0017 0.0007 0.0009 0.0009 0.0011 0.0016 0.0017 0.0025 0.0022 0.8168 0.0079 0.0035 0.1046 0.0025 0.0134 0.0274 0.0053 0.0055 
     CROC110  3 0.0009 0.0009 0.0012 0.0014 0.0008 0.0031 0.0027 0.0072 0.0030 0.8498 0.0210 0.0086 0.0156 0.0024 0.0127 0.0110 0.0510 0.0067 
     CROC116  3 0.0023 0.0022 0.0030 0.0016 0.0062 0.0031 0.0027 0.0047 0.0079 0.8674 0.0046 0.0130 0.0036 0.0045 0.0496 0.0169 0.0036 0.0030 
      CROC12  3 0.0009 0.0006 0.0016 0.0012 0.0008 0.0015 0.0017 0.0028 0.0014 0.9572 0.0017 0.0049 0.0076 0.0017 0.0042 0.0052 0.0028 0.0023 
     CROC123  3 0.0010 0.0005 0.0006 0.0008 0.0010 0.0015 0.0014 0.0017 0.0011 0.9496 0.0035 0.0049 0.0085 0.0015 0.0058 0.0125 0.0022 0.0018 
      CROC13  3 0.0025 0.0011 0.0010 0.0008 0.0054 0.0013 0.0030 0.0020 0.0012 0.9429 0.0027 0.0040 0.0029 0.0014 0.0049 0.0182 0.0022 0.0023 
      CROC14  3 0.0024 0.0005 0.0011 0.0011 0.0007 0.0051 0.0245 0.0432 0.0014 0.8512 0.0058 0.0092 0.0051 0.0020 0.0064 0.0199 0.0137 0.0070 
      CROC15  3 0.0027 0.0007 0.0010 0.0052 0.0009 0.0098 0.0047 0.0029 0.0019 0.8392 0.0020 0.0069 0.0031 0.0021 0.0744 0.0048 0.0119 0.0260 
      CROC16  3 0.0062 0.0011 0.0019 0.0012 0.0331 0.0023 0.0026 0.0039 0.0038 0.8077 0.0036 0.0033 0.0739 0.0025 0.0171 0.0276 0.0041 0.0040 
      CROC17  3 0.0010 0.0005 0.0016 0.0008 0.0006 0.0122 0.0016 0.0020 0.0011 0.9065 0.0017 0.0546 0.0027 0.0016 0.0041 0.0038 0.0016 0.0018 
      CROC18  3 0.0066 0.0063 0.0026 0.0197 0.0008 0.0031 0.0019 0.0017 0.0015 0.9230 0.0025 0.0078 0.0028 0.0034 0.0056 0.0050 0.0029 0.0027 
      CROC19  3 0.0011 0.0014 0.0031 0.0017 0.0008 0.0017 0.0036 0.0111 0.0021 0.9349 0.0051 0.0090 0.0051 0.0017 0.0073 0.0025 0.0049 0.0028 
     CROC198  3 0.0010 0.0010 0.0013 0.0009 0.0015 0.0017 0.0033 0.0021 0.0022 0.9231 0.0035 0.0040 0.0150 0.0019 0.0045 0.0278 0.0025 0.0027 
      CROC20  3 0.0020 0.0008 0.0013 0.0031 0.0016 0.0031 0.0028 0.0040 0.0028 0.9328 0.0058 0.0039 0.0059 0.0018 0.0097 0.0093 0.0045 0.0050 
     CROC202  3 0.0040 0.0023 0.0013 0.0011 0.0011 0.0014 0.0037 0.0024 0.0015 0.9273 0.0029 0.0047 0.0058 0.0026 0.0073 0.0259 0.0023 0.0024 
      CROC21  3 0.0013 0.0007 0.0014 0.0011 0.0016 0.0015 0.0024 0.0017 0.0014 0.9507 0.0032 0.0060 0.0085 0.0023 0.0047 0.0032 0.0055 0.0028 
     CROC216  3 0.0017 0.0010 0.0032 0.0050 0.0011 0.0029 0.0023 0.0034 0.0017 0.8804 0.0303 0.0173 0.0112 0.0031 0.0229 0.0046 0.0034 0.0046 
      CROC22  3 0.0014 0.0010 0.0010 0.0013 0.0012 0.0384 0.0021 0.0019 0.0212 0.8373 0.0167 0.0071 0.0064 0.0025 0.0055 0.0471 0.0060 0.0020 
      CROC23  3 0.0013 0.0008 0.0011 0.0012 0.0023 0.0024 0.0023 0.0025 0.0026 0.8362 0.0067 0.0201 0.0969 0.0094 0.0056 0.0026 0.0036 0.0025 
      CROC24  3 0.0023 0.0010 0.0011 0.0009 0.0012 0.0020 0.0019 0.0030 0.0017 0.8848 0.0099 0.0057 0.0305 0.0015 0.0065 0.0412 0.0023 0.0026 
      CROC25  3 0.0009 0.0007 0.0008 0.0011 0.0007 0.0013 0.0021 0.0020 0.0015 0.9566 0.0036 0.0044 0.0034 0.0018 0.0064 0.0087 0.0019 0.0023 
     CROC259  3 0.0014 0.0007 0.0011 0.0008 0.0019 0.0021 0.0087 0.0046 0.0018 0.9184 0.0069 0.0282 0.0078 0.0014 0.0053 0.0047 0.0018 0.0023 
      CROC26  3 0.0012 0.0009 0.0012 0.0009 0.0009 0.0016 0.0032 0.0018 0.0024 0.8765 0.0030 0.0808 0.0064 0.0023 0.0072 0.0055 0.0017 0.0025 
      CROC27  3 0.0012 0.0008 0.0019 0.0012 0.0009 0.0035 0.0023 0.0029 0.0033 0.8755 0.0400 0.0224 0.0092 0.0022 0.0118 0.0132 0.0024 0.0054 
      CROC28  3 0.0009 0.0007 0.0012 0.0007 0.0012 0.0017 0.0022 0.0027 0.0024 0.7478 0.0271 0.0255 0.0600 0.0014 0.0072 0.1132 0.0022 0.0019 
      CROC29  3 0.0011 0.0008 0.0009 0.0009 0.0012 0.0026 0.0020 0.0026 0.0020 0.9445 0.0048 0.0047 0.0022 0.0021 0.0122 0.0066 0.0031 0.0059 
      CROC30  3 0.0019 0.0008 0.0024 0.0062 0.0014 0.0043 0.0023 0.0433 0.0049 0.8588 0.0036 0.0074 0.0144 0.0027 0.0117 0.0239 0.0045 0.0056 
      CROC31  3 0.0012 0.0011 0.0023 0.0010 0.0085 0.0025 0.0025 0.0051 0.0164 0.8190 0.0420 0.0231 0.0416 0.0026 0.0107 0.0095 0.0081 0.0028 
      CROC32  3 0.0009 0.0009 0.0009 0.0011 0.0012 0.0015 0.0022 0.0030 0.0015 0.9345 0.0030 0.0044 0.0045 0.0012 0.0043 0.0300 0.0029 0.0019 
      CROC33  3 0.0015 0.0010 0.0012 0.0011 0.0008 0.0022 0.0017 0.0174 0.0022 0.9042 0.0106 0.0109 0.0025 0.0014 0.0112 0.0027 0.0034 0.0239 
      CROC34  3 0.0011 0.0007 0.0012 0.0014 0.0010 0.0016 0.0028 0.0024 0.0028 0.9590 0.0031 0.0052 0.0037 0.0016 0.0055 0.0028 0.0017 0.0024 
      CROC35  3 0.0010 0.0005 0.0008 0.0007 0.0006 0.0081 0.0016 0.0385 0.0013 0.8907 0.0259 0.0110 0.0057 0.0014 0.0035 0.0049 0.0019 0.0019 
      CROC36  3 0.0011 0.0010 0.0007 0.0009 0.0027 0.0014 0.0023 0.0022 0.0016 0.9010 0.0023 0.0038 0.0564 0.0032 0.0070 0.0077 0.0024 0.0022 
      CROC57  3 0.0010 0.0011 0.0008 0.0009 0.0011 0.0014 0.0030 0.0021 0.0018 0.9613 0.0030 0.0033 0.0028 0.0014 0.0062 0.0035 0.0022 0.0029 
      CROC81  3 0.0066 0.0022 0.0011 0.0025 0.0022 0.0020 0.0022 0.0043 0.0044 0.9077 0.0043 0.0043 0.0057 0.0031 0.0091 0.0288 0.0039 0.0056 
      CROC84  3 0.0029 0.0006 0.0009 0.0006 0.0008 0.0011 0.0015 0.0014 0.0051 0.9247 0.0071 0.0063 0.0192 0.0012 0.0120 0.0109 0.0017 0.0018 
        FW01  3 0.0010 0.0007 0.0007 0.0009 0.0008 0.0012 0.0018 0.0014 0.0014 0.0055 0.0019 0.0028 0.0016 0.0011 0.0043 0.9688 0.0020 0.0021 
        FW02  3 0.0007 0.0005 0.0006 0.0006 0.0006 0.0009 0.0014 0.0012 0.0011 0.0044 0.0017 0.0023 0.9741 0.0012 0.0035 0.0021 0.0015 0.0016 
        FW03  3 0.0008 0.0005 0.0006 0.0007 0.0007 0.0010 0.0015 0.0013 0.0012 0.0045 0.0016 0.0026 0.0017 0.0011 0.0042 0.9729 0.0015 0.0017 
        FW04  3 0.0007 0.0005 0.0006 0.0006 0.0006 0.0009 0.0014 0.0012 0.0011 0.0045 0.0017 0.0023 0.9742 0.0012 0.0035 0.0021 0.0015 0.0015 
        FW05  3 0.0007 0.0005 0.0006 0.0006 0.0006 0.0010 0.0015 0.0012 0.0011 0.0044 0.0017 0.0023 0.9742 0.0012 0.0036 0.0021 0.0015 0.0016 
        FW06  3 0.0007 0.0005 0.0006 0.0006 0.0006 0.0009 0.0014 0.0012 0.0011 0.0045 0.0017 0.0024 0.9740 0.0012 0.0035 0.0021 0.0015 0.0016 
        FW07  3 0.0008 0.0005 0.0006 0.0007 0.0007 0.0010 0.0015 0.0013 0.0012 0.0044 0.0017 0.0026 0.0016 0.0012 0.0043 0.9728 0.0016 0.0017 
        FW08  3 0.0007 0.0005 0.0006 0.0006 0.0006 0.0009 0.0014 0.0012 0.0011 0.0045 0.0017 0.0023 0.9741 0.0012 0.0036 0.0021 0.0015 0.0016 
        FW09  3 0.0007 0.0005 0.0006 0.0006 0.0006 0.0009 0.0014 0.0012 0.0011 0.0044 0.0017 0.0023 0.9741 0.0012 0.0036 0.0021 0.0015 0.0016 
        FW10  3 0.0008 0.0005 0.0006 0.0007 0.0007 0.0010 0.0015 0.0013 0.0012 0.0045 0.0016 0.0026 0.0016 0.0012 0.0043 0.9728 0.0015 0.0017 
       FW100  3 0.0008 0.0005 0.0006 0.0007 0.0007 0.0010 0.0015 0.0013 0.0012 0.0046 0.0017 0.0026 0.0020 0.0011 0.0041 0.9723 0.0016 0.0017 
       FW101  3 0.0008 0.0005 0.0006 0.0007 0.0007 0.0010 0.0015 0.0013 0.0013 0.0045 0.0016 0.0026 0.0016 0.0011 0.0043 0.9727 0.0016 0.0017 
       FW102  3 0.0007 0.0005 0.0006 0.0006 0.0006 0.0009 0.0014 0.0012 0.0011 0.0044 0.0017 0.0023 0.9741 0.0012 0.0036 0.0021 0.0015 0.0016 
       FW103  3 0.0007 0.0005 0.0005 0.0006 0.0006 0.0009 0.0014 0.0012 0.0011 0.0045 0.0017 0.0024 0.9741 0.0012 0.0035 0.0021 0.0015 0.0016 
       FW104  3 0.0011 0.0007 0.0007 0.0009 0.0008 0.0012 0.0018 0.0014 0.0015 0.0054 0.0019 0.0028 0.0016 0.0011 0.0043 0.9687 0.0021 0.0021 
       FW105  3 0.0008 0.0005 0.0006 0.0007 0.0007 0.0010 0.0015 0.0013 0.0012 0.0045 0.0016 0.0025 0.0016 0.0012 0.0043 0.9727 0.0016 0.0017 
       FW106  3 0.0026 0.0008 0.0022 0.0142 0.0017 0.0078 0.0029 0.0027 0.0045 0.8110 0.0369 0.0107 0.0529 0.0041 0.0267 0.0079 0.0053 0.0051 
       FW107  3 0.0010 0.0007 0.0007 0.0008 0.0008 0.0012 0.0018 0.0015 0.0014 0.0054 0.0019 0.0028 0.0016 0.0011 0.0044 0.9689 0.0020 0.0021 
       FW108  3 0.0007 0.0005 0.0005 0.0006 0.0006 0.0009 0.0014 0.0012 0.0011 0.0045 0.0017 0.0023 0.9740 0.0012 0.0035 0.0021 0.0016 0.0016 
       FW109  3 0.0008 0.0005 0.0006 0.0007 0.0007 0.0010 0.0015 0.0013 0.0012 0.0044 0.0017 0.0026 0.0017 0.0011 0.0043 0.9727 0.0016 0.0017 
        FW11  3 0.0009 0.0005 0.0006 0.0007 0.0007 0.0010 0.0015 0.0013 0.0012 0.0047 0.0017 0.0026 0.0021 0.0011 0.0041 0.9721 0.0016 0.0017 
       FW110  3 0.0008 0.0005 0.0006 0.0007 0.0006 0.0010 0.0015 0.0013 0.0012 0.0045 0.0016 0.0026 0.0016 0.0012 0.0042 0.9728 0.0016 0.0017 
       FW111  3 0.0007 0.0005 0.0006 0.0006 0.0006 0.0009 0.0014 0.0012 0.0011 0.0044 0.0017 0.0023 0.9742 0.0012 0.0035 0.0021 0.0015 0.0016 
       FW112  3 0.0008 0.0005 0.0006 0.0007 0.0007 0.0010 0.0015 0.0013 0.0012 0.0046 0.0017 0.0026 0.0021 0.0011 0.0041 0.9722 0.0016 0.0017 
       FW113  3 0.0007 0.0005 0.0006 0.0006 0.0006 0.0009 0.0014 0.0012 0.0011 0.0044 0.0017 0.0023 0.9741 0.0012 0.0035 0.0021 0.0015 0.0015 
       FW114  3 0.0008 0.0006 0.0009 0.0007 0.0008 0.0016 0.0015 0.0020 0.0014 0.0053 0.0019 0.0056 0.0017 0.0014 0.0046 0.9654 0.0020 0.0018 
       FW115  3 0.0008 0.0005 0.0006 0.0007 0.0007 0.0010 0.0015 0.0013 0.0012 0.0045 0.0016 0.0026 0.0016 0.0012 0.0043 0.9727 0.0016 0.0017 
       FW116  3 0.0007 0.0005 0.0005 0.0006 0.0006 0.0009 0.0014 0.0012 0.0011 0.0044 0.0017 0.0023 0.9742 0.0011 0.0035 0.0021 0.0015 0.0016 
        FW12  3 0.0007 0.0005 0.0006 0.0006 0.0006 0.0009 0.0014 0.0012 0.0011 0.0044 0.0017 0.0023 0.9742 0.0011 0.0036 0.0021 0.0015 0.0015 
        FW13  3 0.0007 0.0005 0.0006 0.0006 0.0006 0.0009 0.0014 0.0012 0.0011 0.0044 0.0016 0.0023 0.9742 0.0011 0.0036 0.0021 0.0015 0.0015 
        FW14  3 0.0010 0.0007 0.0007 0.0008 0.0008 0.0012 0.0018 0.0015 0.0014 0.0054 0.0019 0.0028 0.0015 0.0011 0.0043 0.9688 0.0020 0.0021 
        FW15  3 0.0010 0.0007 0.0007 0.0009 0.0008 0.0011 0.0018 0.0014 0.0014 0.0054 0.0019 0.0027 0.0015 0.0011 0.0043 0.9688 0.0020 0.0022 
        FW16  3 0.0008 0.0005 0.0006 0.0007 0.0007 0.0010 0.0015 0.0013 0.0012 0.0045 0.0017 0.0025 0.0016 0.0012 0.0043 0.9727 0.0016 0.0017 
        FW17  3 0.0008 0.0005 0.0006 0.0007 0.0007 0.0010 0.0015 0.0013 0.0012 0.0045 0.0016 0.0026 0.0016 0.0012 0.0043 0.9726 0.0016 0.0017 
        FW18  3 0.0008 0.0005 0.0006 0.0007 0.0007 0.0010 0.0015 0.0013 0.0012 0.0046 0.0017 0.0026 0.0021 0.0012 0.0041 0.9722 0.0016 0.0017 
        FW19  3 0.0007 0.0005 0.0005 0.0006 0.0006 0.0009 0.0014 0.0012 0.0011 0.0044 0.0017 0.0023 0.9742 0.0012 0.0036 0.0021 0.0015 0.0016 
        FW20  3 0.0007 0.0005 0.0006 0.0006 0.0006 0.0009 0.0014 0.0012 0.0011 0.0044 0.0017 0.0023 0.9743 0.0011 0.0035 0.0020 0.0015 0.0016 
        FW21  3 0.0007 0.0005 0.0006 0.0006 0.0006 0.0009 0.0014 0.0012 0.0011 0.0044 0.0017 0.0023 0.9742 0.0011 0.0035 0.0021 0.0015 0.0015 
        FW22  3 0.0008 0.0005 0.0006 0.0007 0.0007 0.0010 0.0015 0.0013 0.0012 0.0046 0.0016 0.0026 0.0020 0.0011 0.0041 0.9723 0.0016 0.0017 
        FW23  3 0.0007 0.0005 0.0006 0.0006 0.0006 0.0009 0.0014 0.0012 0.0011 0.0044 0.0017 0.0023 0.9743 0.0012 0.0035 0.0021 0.0015 0.0016 
        FW24  3 0.0007 0.0005 0.0005 0.0006 0.0006 0.0010 0.0014 0.0012 0.0011 0.0045 0.0017 0.0023 0.9741 0.0011 0.0035 0.0021 0.0015 0.0016 
        FW25  3 0.0007 0.0005 0.0006 0.0006 0.0006 0.0009 0.0014 0.0012 0.0011 0.0044 0.0017 0.0023 0.9742 0.0012 0.0035 0.0021 0.0015 0.0016 
        FW26  3 0.0007 0.0005 0.0006 0.0006 0.0006 0.0010 0.0014 0.0012 0.0011 0.0044 0.0017 0.0023 0.9741 0.0012 0.0035 0.0021 0.0015 0.0016 
        FW27  3 0.0008 0.0005 0.0006 0.0007 0.0007 0.0010 0.0015 0.0013 0.0012 0.0045 0.0016 0.0026 0.0017 0.0011 0.0043 0.9726 0.0016 0.0017 
        FW28  3 0.0007 0.0005 0.0006 0.0006 0.0006 0.0009 0.0014 0.0012 0.0011 0.0046 0.0017 0.0023 0.9741 0.0011 0.0035 0.0021 0.0015 0.0015 
        FW29  3 0.0007 0.0005 0.0006 0.0006 0.0006 0.0010 0.0014 0.0012 0.0011 0.0044 0.0017 0.0023 0.9743 0.0012 0.0035 0.0021 0.0015 0.0015 
        FW30  3 0.0027 0.0008 0.0022 0.0143 0.0017 0.0076 0.0027 0.0027 0.0045 0.8098 0.0382 0.0105 0.0529 0.0038 0.0270 0.0080 0.0055 0.0050 
        FW32  3 0.0010 0.0007 0.0007 0.0009 0.0008 0.0012 0.0018 0.0014 0.0015 0.0054 0.0019 0.0028 0.0015 0.0011 0.0043 0.9687 0.0020 0.0021 
        FW33  3 0.0007 0.0005 0.0006 0.0006 0.0006 0.0014 0.0014 0.0014 0.0011 0.0119 0.0017 0.0037 0.9539 0.0084 0.0035 0.0021 0.0050 0.0015 
        FW34  3 0.0007 0.0005 0.0006 0.0006 0.0006 0.0009 0.0014 0.0012 0.0011 0.0044 0.0017 0.0023 0.9743 0.0011 0.0035 0.0020 0.0015 0.0016 
        FW35  3 0.0007 0.0005 0.0006 0.0006 0.0006 0.0009 0.0014 0.0012 0.0011 0.0044 0.0016 0.0023 0.9743 0.0012 0.0035 0.0021 0.0015 0.0016 
        FW36  3 0.0007 0.0005 0.0006 0.0006 0.0006 0.0009 0.0014 0.0012 0.0011 0.0044 0.0017 0.0024 0.9742 0.0012 0.0036 0.0020 0.0015 0.0016 
        FW37  3 0.0008 0.0005 0.0006 0.0007 0.0007 0.0010 0.0015 0.0013 0.0012 0.0044 0.0016 0.0026 0.0017 0.0011 0.0042 0.9728 0.0016 0.0017 
        FW51  3 0.0007 0.0005 0.0006 0.0006 0.0006 0.0009 0.0014 0.0012 0.0011 0.0045 0.0017 0.0023 0.9741 0.0012 0.0035 0.0021 0.0015 0.0016 
        FW52  3 0.0008 0.0005 0.0006 0.0007 0.0007 0.0010 0.0015 0.0013 0.0012 0.0045 0.0016 0.0026 0.0017 0.0011 0.0043 0.9727 0.0016 0.0017 
        FW53  3 0.0007 0.0004 0.0006 0.0006 0.0006 0.0009 0.0014 0.0012 0.0011 0.0044 0.0017 0.0023 0.9742 0.0012 0.0035 0.0021 0.0015 0.0015 
        FW54  3 0.0008 0.0005 0.0006 0.0007 0.0007 0.0010 0.0015 0.0013 0.0012 0.0044 0.0017 0.0026 0.0017 0.0011 0.0042 0.9729 0.0016 0.0017 
        FW55  3 0.0007 0.0005 0.0006 0.0006 0.0006 0.0009 0.0014 0.0012 0.0011 0.0044 0.0016 0.0023 0.9742 0.0012 0.0035 0.0021 0.0015 0.0016 
        FW56  3 0.0007 0.0005 0.0006 0.0006 0.0006 0.0009 0.0014 0.0012 0.0011 0.0044 0.0017 0.0024 0.9740 0.0012 0.0035 0.0021 0.0015 0.0015 
        FW57  3 0.0007 0.0005 0.0006 0.0006 0.0006 0.0009 0.0014 0.0012 0.0011 0.0044 0.0017 0.0023 0.9743 0.0011 0.0035 0.0020 0.0015 0.0016 
        FW78  3 0.0007 0.0005 0.0006 0.0006 0.0006 0.0009 0.0014 0.0012 0.0011 0.0044 0.0017 0.0023 0.9741 0.0012 0.0036 0.0021 0.0015 0.0015 
        FW79  3 0.0007 0.0005 0.0006 0.0006 0.0006 0.0010 0.0014 0.0012 0.0011 0.0045 0.0017 0.0023 0.9740 0.0011 0.0035 0.0021 0.0015 0.0016 
        FW80  3 0.0007 0.0005 0.0006 0.0006 0.0006 0.0010 0.0014 0.0012 0.0011 0.0044 0.0017 0.0023 0.9742 0.0011 0.0036 0.0021 0.0015 0.0016 
        FW81  3 0.0008 0.0005 0.0006 0.0007 0.0007 0.0010 0.0015 0.0013 0.0012 0.0044 0.0017 0.0026 0.0017 0.0011 0.0042 0.9730 0.0016 0.0016 
        FW82  3 0.0008 0.0005 0.0006 0.0007 0.0007 0.0010 0.0015 0.0012 0.0012 0.0044 0.0016 0.0026 0.0016 0.0012 0.0043 0.9728 0.0016 0.0017 
        FW83  3 0.0010 0.0007 0.0007 0.0008 0.0008 0.0011 0.0018 0.0014 0.0015 0.0054 0.0019 0.0027 0.0015 0.0011 0.0043 0.9689 0.0020 0.0022 
        FW84  3 0.0007 0.0005 0.0006 0.0006 0.0006 0.0009 0.0014 0.0012 0.0011 0.0045 0.0017 0.0023 0.9742 0.0011 0.0035 0.0021 0.0015 0.0015 
        FW85  3 0.0023 0.0005 0.0011 0.0007 0.0007 0.0010 0.0015 0.0034 0.0012 0.0046 0.0030 0.0045 0.0017 0.0011 0.0351 0.9324 0.0034 0.0017 
        FW86  3 0.0008 0.0005 0.0006 0.0007 0.0007 0.0010 0.0015 0.0013 0.0012 0.0046 0.0016 0.0026 0.0021 0.0012 0.0041 0.9723 0.0016 0.0017 
        FW87  3 0.0008 0.0005 0.0006 0.0007 0.0007 0.0010 0.0015 0.0013 0.0013 0.0046 0.0016 0.0026 0.0021 0.0011 0.0041 0.9723 0.0016 0.0017 
        FW88  3 0.0007 0.0005 0.0006 0.0006 0.0006 0.0009 0.0014 0.0012 0.0011 0.0044 0.0017 0.0023 0.9742 0.0012 0.0035 0.0020 0.0015 0.0016 
        FW89  3 0.0007 0.0005 0.0006 0.0006 0.0006 0.0009 0.0014 0.0012 0.0011 0.0044 0.0017 0.0023 0.9742 0.0011 0.0035 0.0021 0.0015 0.0015 
        FW90  3 0.0007 0.0005 0.0006 0.0006 0.0006 0.0009 0.0014 0.0012 0.0011 0.0044 0.0016 0.0023 0.9742 0.0011 0.0035 0.0021 0.0015 0.0016 
        FW91  3 0.0008 0.0005 0.0006 0.0007 0.0007 0.0010 0.0015 0.0013 0.0012 0.0044 0.0016 0.0026 0.0017 0.0011 0.0043 0.9727 0.0016 0.0017 
        FW92  3 0.0007 0.0005 0.0006 0.0006 0.0006 0.0009 0.0014 0.0012 0.0011 0.0044 0.0017 0.0023 0.9742 0.0012 0.0035 0.0021 0.0015 0.0016 
        FW93  3 0.0007 0.0005 0.0005 0.0006 0.0006 0.0010 0.0014 0.0012 0.0011 0.0044 0.0017 0.0023 0.9742 0.0012 0.0035 0.0020 0.0015 0.0016 
        FW94  3 0.0008 0.0005 0.0006 0.0007 0.0007 0.0010 0.0015 0.0013 0.0012 0.0045 0.0016 0.0026 0.0016 0.0011 0.0042 0.9727 0.0016 0.0017 
        FW95  3 0.0007 0.0005 0.0006 0.0006 0.0006 0.0009 0.0014 0.0012 0.0011 0.0044 0.0017 0.0023 0.9742 0.0012 0.0035 0.0020 0.0015 0.0016 
        FW96  3 0.0007 0.0005 0.0006 0.0006 0.0006 0.0009 0.0014 0.0012 0.0011 0.0045 0.0017 0.0023 0.9743 0.0011 0.0035 0.0020 0.0015 0.0015 
        FW97  3 0.0017 0.0012 0.0034 0.0042 0.0010 0.0037 0.0066 0.0032 0.0048 0.8914 0.0158 0.0053 0.0163 0.0037 0.0074 0.0239 0.0023 0.0043 
        FW98  3 0.0008 0.0005 0.0006 0.0007 0.0006 0.0010 0.0015 0.0013 0.0012 0.0044 0.0016 0.0026 0.0017 0.0012 0.0043 0.9729 0.0016 0.0017 
        FW99  3 0.0007 0.0005 0.0006 0.0006 0.0006 0.0009 0.0014 0.0012 0.0011 0.0044 0.0017 0.0023 0.9743 0.0012 0.0035 0.0020 0.0015 0.0016 
       Cal01  3 0.0012 0.0025 0.0023 0.0007 0.0013 0.0026 0.0022 0.0019 0.0030 0.7326 0.0060 0.0061 0.2192 0.0014 0.0077 0.0031 0.0021 0.0039 
       Cal02  3 0.0013 0.0008 0.0012 0.0017 0.0010 0.0020 0.0024 0.0022 0.0019 0.9436 0.0023 0.0053 0.0125 0.0033 0.0062 0.0068 0.0036 0.0020 
       Cal03  3 0.0013 0.0008 0.0010 0.0011 0.0017 0.0017 0.0015 0.0035 0.0030 0.7749 0.0042 0.0038 0.0702 0.0016 0.0117 0.1131 0.0024 0.0024 
       Cal04  3 0.0016 0.0007 0.0056 0.0017 0.0009 0.0015 0.0043 0.0064 0.0020 0.9402 0.0016 0.0066 0.0018 0.0023 0.0098 0.0056 0.0045 0.0026 
       Cal05  3 0.0009 0.0005 0.0007 0.0008 0.0006 0.0011 0.0016 0.0016 0.0012 0.9443 0.0086 0.0082 0.0076 0.0013 0.0047 0.0130 0.0015 0.0017 
       Cal06  3 0.0011 0.0008 0.0010 0.0011 0.0018 0.0019 0.0027 0.0146 0.0021 0.9284 0.0049 0.0119 0.0066 0.0047 0.0080 0.0030 0.0030 0.0025 
       Cal07  3 0.0008 0.0006 0.0007 0.0009 0.0007 0.0013 0.0016 0.0021 0.0012 0.9121 0.0058 0.0242 0.0337 0.0015 0.0049 0.0040 0.0020 0.0020 
       Cal08  3 0.0015 0.0019 0.0019 0.0011 0.0012 0.0026 0.0050 0.0118 0.0031 0.8363 0.0030 0.0061 0.0756 0.0023 0.0129 0.0278 0.0026 0.0032 
       Cal09  3 0.0012 0.0007 0.0034 0.0011 0.0102 0.0014 0.0022 0.0019 0.0013 0.8471 0.0034 0.0338 0.0738 0.0018 0.0041 0.0077 0.0025 0.0024 
       Cal10  3 0.0013 0.0008 0.0015 0.0012 0.0010 0.0032 0.0021 0.0043 0.0018 0.9433 0.0033 0.0059 0.0021 0.0016 0.0114 0.0082 0.0028 0.0042 
       Cal11  3 0.0011 0.0017 0.0015 0.0022 0.0015 0.0020 0.0202 0.0044 0.0027 0.8671 0.0138 0.0106 0.0279 0.0028 0.0061 0.0256 0.0055 0.0033 
      Cal197  3 0.0008 0.0004 0.0008 0.0013 0.0007 0.0024 0.0014 0.0099 0.0013 0.6147 0.0031 0.0081 0.3373 0.0037 0.0038 0.0034 0.0027 0.0041 
      Cal198  3 0.0010 0.0008 0.0017 0.0013 0.0014 0.0021 0.0025 0.0064 0.0085 0.7729 0.0051 0.0504 0.0128 0.0056 0.0064 0.0662 0.0030 0.0520 
      Cal199  3 0.0012 0.0017 0.0007 0.0008 0.0010 0.0016 0.0093 0.0020 0.0276 0.9201 0.0111 0.0031 0.0028 0.0013 0.0070 0.0050 0.0021 0.0018 
      Cal200  3 0.0011 0.0010 0.0011 0.0007 0.0007 0.0014 0.0021 0.0027 0.0015 0.8973 0.0268 0.0055 0.0067 0.0012 0.0307 0.0143 0.0030 0.0022 
      Cal201  3 0.0007 0.0006 0.0007 0.0009 0.0009 0.0042 0.0017 0.0020 0.0013 0.8964 0.0195 0.0101 0.0328 0.0021 0.0055 0.0143 0.0043 0.0021 
      Cal202  3 0.0072 0.0007 0.0050 0.0008 0.0015 0.0032 0.0040 0.0015 0.0132 0.9018 0.0051 0.0053 0.0120 0.0019 0.0165 0.0060 0.0109 0.0034 
      Cal203  3 0.0011 0.0008 0.0011 0.0010 0.0008 0.0014 0.0036 0.0020 0.0021 0.9387 0.0049 0.0037 0.0023 0.0022 0.0070 0.0225 0.0023 0.0025 
      Cal204  3 0.0012 0.0014 0.0008 0.0009 0.0012 0.0018 0.0022 0.0018 0.0029 0.9556 0.0058 0.0043 0.0027 0.0043 0.0069 0.0023 0.0019 0.0019 
      Cal205  3 0.0010 0.0007 0.0010 0.0009 0.0017 0.0023 0.0018 0.0017 0.0026 0.9500 0.0035 0.0048 0.0061 0.0024 0.0091 0.0057 0.0028 0.0019 
      Cal206  3 0.0020 0.0007 0.0009 0.0019 0.0015 0.0024 0.0020 0.0031 0.0022 0.9309 0.0135 0.0039 0.0073 0.0018 0.0065 0.0114 0.0052 0.0029 
      Cal207  3 0.0008 0.0010 0.0008 0.0008 0.0011 0.0030 0.0015 0.0018 0.0246 0.9341 0.0054 0.0052 0.0058 0.0013 0.0046 0.0025 0.0022 0.0038 
      Cal208  3 0.0011 0.0011 0.0013 0.0012 0.0012 0.0017 0.0025 0.0030 0.0013 0.8995 0.0020 0.0037 0.0343 0.0013 0.0052 0.0319 0.0030 0.0047 
      Cal209  3 0.0010 0.0007 0.0007 0.0008 0.0008 0.0014 0.0021 0.0014 0.0014 0.9376 0.0031 0.0038 0.0303 0.0013 0.0044 0.0050 0.0024 0.0018 
      Cal210  3 0.0013 0.0017 0.0007 0.0008 0.0010 0.0016 0.0090 0.0019 0.0281 0.9199 0.0111 0.0031 0.0028 0.0013 0.0071 0.0050 0.0021 0.0018 
      Cal211  3 0.0008 0.0006 0.0007 0.0009 0.0011 0.0014 0.0018 0.0026 0.0024 0.8960 0.0219 0.0064 0.0439 0.0014 0.0115 0.0028 0.0023 0.0017 
      Cal212  3 0.0012 0.0008 0.0006 0.0010 0.0020 0.0014 0.0020 0.0024 0.0030 0.8923 0.0428 0.0045 0.0041 0.0013 0.0245 0.0117 0.0022 0.0021 
      Cal213  3 0.0011 0.0005 0.0022 0.0017 0.0008 0.0047 0.0017 0.0081 0.0047 0.6858 0.0150 0.0488 0.0236 0.0013 0.0335 0.1249 0.0054 0.0363 
      Cal214  3 0.0012 0.0005 0.0009 0.0008 0.0025 0.0068 0.0163 0.0024 0.0015 0.9200 0.0016 0.0038 0.0015 0.0139 0.0058 0.0052 0.0061 0.0091 
      Cal215  3 0.0023 0.0021 0.0021 0.0013 0.0012 0.0020 0.0047 0.0024 0.0019 0.9120 0.0029 0.0053 0.0367 0.0021 0.0081 0.0069 0.0029 0.0030 
      Cal216  3 0.0016 0.0010 0.0009 0.0017 0.0038 0.0023 0.0018 0.0031 0.0074 0.7959 0.0165 0.0075 0.1099 0.0018 0.0086 0.0283 0.0045 0.0033 
      Cal217  3 0.0007 0.0007 0.0007 0.0008 0.0008 0.0016 0.0017 0.0024 0.0016 0.9375 0.0040 0.0058 0.0258 0.0025 0.0040 0.0050 0.0025 0.0019 
      Cal218  3 0.0010 0.0006 0.0006 0.0010 0.0014 0.0014 0.0021 0.0023 0.0020 0.7929 0.1536 0.0046 0.0065 0.0013 0.0101 0.0142 0.0023 0.0019 
      Cal219  3 0.0011 0.0009 0.0015 0.0018 0.0022 0.0025 0.0023 0.0021 0.0015 0.9055 0.0056 0.0047 0.0396 0.0014 0.0053 0.0156 0.0041 0.0023 
      Cal220  3 0.0009 0.0021 0.0022 0.0372 0.0025 0.0027 0.0062 0.0028 0.0041 0.8898 0.0036 0.0059 0.0157 0.0063 0.0056 0.0039 0.0048 0.0037 
      Cal221  3 0.0012 0.0006 0.0007 0.0013 0.0007 0.0015 0.0030 0.0032 0.0056 0.9291 0.0099 0.0048 0.0122 0.0012 0.0047 0.0164 0.0021 0.0020 
      Cal222  3 0.0011 0.0009 0.0008 0.0011 0.0008 0.0016 0.0059 0.0025 0.0059 0.9443 0.0069 0.0050 0.0038 0.0014 0.0061 0.0081 0.0021 0.0019 
      Cal223  3 0.0011 0.0011 0.0077 0.0017 0.0046 0.0045 0.0041 0.0052 0.0192 0.7890 0.0198 0.0996 0.0023 0.0046 0.0113 0.0123 0.0043 0.0078 
      Cal224  3 0.0057 0.0030 0.0026 0.0016 0.0009 0.0016 0.0030 0.0018 0.0162 0.8883 0.0032 0.0055 0.0024 0.0046 0.0117 0.0031 0.0020 0.0428 
       Cal33  3 0.0010 0.0005 0.0014 0.0011 0.0008 0.0022 0.0018 0.0026 0.0016 0.9547 0.0028 0.0046 0.0048 0.0014 0.0060 0.0071 0.0036 0.0019 
       Cal34  3 0.0015 0.0006 0.0011 0.0009 0.0048 0.0018 0.0020 0.0017 0.0015 0.9370 0.0027 0.0096 0.0035 0.0071 0.0046 0.0110 0.0020 0.0066 
       Cal35  3 0.0010 0.0009 0.0011 0.0008 0.0009 0.0015 0.0015 0.0018 0.0015 0.9571 0.0031 0.0053 0.0040 0.0014 0.0104 0.0036 0.0021 0.0018 
       Cal37  3 0.0011 0.0006 0.0044 0.0014 0.0221 0.0022 0.0017 0.0059 0.0020 0.8893 0.0047 0.0154 0.0049 0.0018 0.0302 0.0054 0.0053 0.0016 
       Cal38  3 0.0006 0.0007 0.0007 0.0008 0.0010 0.0014 0.0019 0.0025 0.0015 0.6777 0.0062 0.0065 0.2867 0.0011 0.0046 0.0025 0.0019 0.0018 
       Cal39  3 0.0019 0.0015 0.0009 0.0014 0.0009 0.0014 0.0028 0.0018 0.0016 0.8447 0.0119 0.0053 0.0389 0.0012 0.0041 0.0751 0.0026 0.0019 
       Cal40  3 0.0010 0.0007 0.0007 0.0008 0.0008 0.0014 0.0021 0.0014 0.0014 0.9376 0.0030 0.0039 0.0302 0.0013 0.0043 0.0052 0.0024 0.0018 
       Cal41  3 0.0010 0.0006 0.0008 0.0009 0.0008 0.0013 0.0021 0.0015 0.0013 0.9504 0.0023 0.0052 0.0162 0.0015 0.0048 0.0056 0.0019 0.0018 
       Cal42  3 0.0011 0.0007 0.0009 0.0008 0.0011 0.0017 0.0027 0.0016 0.0017 0.9590 0.0037 0.0031 0.0061 0.0013 0.0058 0.0037 0.0027 0.0021 
