        TC01  1 0.9505 0.0043 0.0051 0.0018 0.0036 0.0018 0.0059 0.0063 0.0036 0.0106 0.0014 0.0026 0.0026 
        TC02  1 0.9549 0.0015 0.0018 0.0015 0.0046 0.0022 0.0103 0.0066 0.0047 0.0041 0.0020 0.0024 0.0035 
        TC03  1 0.9639 0.0016 0.0011 0.0015 0.0028 0.0017 0.0023 0.0033 0.0063 0.0060 0.0014 0.0044 0.0038 
        TC04  1 0.8111 0.0014 0.0013 0.0010 0.0174 0.0060 0.0203 0.0361 0.0649 0.0282 0.0052 0.0035 0.0037 
        TC05  1 0.9627 0.0008 0.0007 0.0006 0.0048 0.0062 0.0029 0.0039 0.0063 0.0023 0.0011 0.0019 0.0057 
        TC06  1 0.8471 0.0011 0.0008 0.0021 0.0042 0.0043 0.0039 0.0042 0.1187 0.0050 0.0034 0.0021 0.0030 
        TC07  1 0.9537 0.0007 0.0040 0.0008 0.0032 0.0100 0.0026 0.0068 0.0091 0.0029 0.0008 0.0018 0.0038 
        TC08  1 0.9666 0.0011 0.0010 0.0006 0.0032 0.0028 0.0026 0.0027 0.0055 0.0021 0.0051 0.0012 0.0053 
        TC09  1 0.8376 0.0006 0.0008 0.0202 0.0032 0.0021 0.0046 0.0027 0.0245 0.0033 0.0946 0.0032 0.0023 
        TC10  1 0.9053 0.0038 0.0025 0.0421 0.0020 0.0025 0.0017 0.0037 0.0097 0.0024 0.0010 0.0209 0.0024 
        TC11  1 0.9770 0.0013 0.0025 0.0010 0.0015 0.0014 0.0016 0.0022 0.0027 0.0031 0.0013 0.0016 0.0029 
        TC12  1 0.9125 0.0050 0.0025 0.0010 0.0067 0.0059 0.0078 0.0088 0.0206 0.0140 0.0015 0.0089 0.0048 
        TC13  1 0.9719 0.0011 0.0008 0.0029 0.0020 0.0019 0.0018 0.0023 0.0062 0.0022 0.0031 0.0011 0.0026 
        TC14  1 0.8409 0.0021 0.0016 0.0136 0.0059 0.0023 0.0100 0.0030 0.0941 0.0094 0.0023 0.0024 0.0126 
        TC15  1 0.8792 0.0017 0.0006 0.0072 0.0056 0.0022 0.0047 0.0068 0.0699 0.0050 0.0093 0.0029 0.0048 
        TC16  1 0.8101 0.0011 0.0009 0.0233 0.0047 0.0025 0.0119 0.0126 0.0238 0.0059 0.0898 0.0023 0.0111 
        TC17  1 0.7860 0.0040 0.0021 0.0407 0.0151 0.0058 0.0467 0.0371 0.0302 0.0094 0.0022 0.0056 0.0151 
        TC18  1 0.9046 0.0052 0.0017 0.0020 0.0038 0.0081 0.0016 0.0038 0.0083 0.0447 0.0020 0.0060 0.0081 
        TC19  1 0.9598 0.0012 0.0009 0.0100 0.0018 0.0015 0.0031 0.0020 0.0039 0.0022 0.0091 0.0017 0.0028 
        TC20  1 0.9605 0.0016 0.0009 0.0030 0.0018 0.0038 0.0031 0.0024 0.0057 0.0085 0.0038 0.0013 0.0035 
        TC21  1 0.7984 0.0017 0.0039 0.0008 0.0350 0.0022 0.0019 0.0330 0.0080 0.0490 0.0045 0.0027 0.0587 
        TC22  1 0.9467 0.0076 0.0016 0.0006 0.0081 0.0048 0.0017 0.0044 0.0086 0.0034 0.0046 0.0031 0.0050 
        TC23  1 0.9663 0.0011 0.0024 0.0013 0.0019 0.0014 0.0035 0.0039 0.0065 0.0038 0.0012 0.0028 0.0037 
        TC24  1 0.9775 0.0007 0.0006 0.0021 0.0012 0.0015 0.0016 0.0019 0.0037 0.0016 0.0016 0.0018 0.0041 
        TC25  1 0.7814 0.0010 0.0097 0.0064 0.0030 0.0017 0.0013 0.0063 0.1410 0.0328 0.0029 0.0051 0.0075 
        TC26  1 0.9316 0.0008 0.0007 0.0266 0.0032 0.0020 0.0021 0.0071 0.0169 0.0024 0.0016 0.0018 0.0034 
        TC27  1 0.9313 0.0190 0.0009 0.0011 0.0047 0.0021 0.0018 0.0060 0.0213 0.0034 0.0013 0.0019 0.0052 
        TC28  1 0.9155 0.0012 0.0012 0.0021 0.0033 0.0058 0.0034 0.0135 0.0391 0.0060 0.0011 0.0036 0.0044 
        TC29  1 0.8944 0.0007 0.0024 0.0022 0.0032 0.0120 0.0097 0.0031 0.0508 0.0104 0.0012 0.0039 0.0058 
        TC30  1 0.9625 0.0012 0.0009 0.0022 0.0024 0.0016 0.0060 0.0022 0.0076 0.0025 0.0049 0.0024 0.0035 
        TC31  1 0.9343 0.0026 0.0101 0.0010 0.0031 0.0026 0.0020 0.0035 0.0037 0.0214 0.0036 0.0040 0.0081 
        TC32  1 0.7807 0.0009 0.0012 0.0027 0.0040 0.0265 0.0019 0.0110 0.1526 0.0038 0.0023 0.0016 0.0108 
        TC33  1 0.9632 0.0014 0.0036 0.0014 0.0026 0.0022 0.0015 0.0032 0.0068 0.0036 0.0013 0.0023 0.0069 
        TC34  1 0.8831 0.0030 0.0009 0.0049 0.0026 0.0048 0.0018 0.0040 0.0785 0.0029 0.0022 0.0034 0.0078 
        TC35  1 0.9117 0.0064 0.0055 0.0021 0.0028 0.0056 0.0315 0.0039 0.0097 0.0112 0.0035 0.0021 0.0039 
        TC36  1 0.9602 0.0014 0.0010 0.0020 0.0038 0.0021 0.0036 0.0071 0.0067 0.0031 0.0022 0.0032 0.0036 
        TC37  1 0.9660 0.0013 0.0011 0.0009 0.0026 0.0027 0.0071 0.0034 0.0022 0.0036 0.0012 0.0017 0.0063 
        TC38  1 0.8455 0.0008 0.0019 0.0082 0.0038 0.0015 0.0212 0.0052 0.0252 0.0394 0.0413 0.0030 0.0029 
        TC39  1 0.8230 0.0008 0.0010 0.0445 0.0031 0.0023 0.0137 0.0039 0.0945 0.0053 0.0021 0.0026 0.0032 
        TC40  1 0.8916 0.0016 0.0009 0.0049 0.0028 0.0044 0.0028 0.0039 0.0579 0.0038 0.0020 0.0059 0.0176 
        TC41  1 0.9607 0.0009 0.0009 0.0012 0.0018 0.0025 0.0018 0.0080 0.0039 0.0032 0.0012 0.0070 0.0069 
        TC42  1 0.9654 0.0013 0.0006 0.0013 0.0024 0.0012 0.0036 0.0028 0.0134 0.0020 0.0016 0.0019 0.0026 
        TC43  1 0.9591 0.0012 0.0008 0.0009 0.0021 0.0020 0.0055 0.0026 0.0145 0.0042 0.0014 0.0018 0.0040 
        TC44  1 0.9193 0.0034 0.0021 0.0055 0.0028 0.0027 0.0142 0.0040 0.0158 0.0031 0.0208 0.0034 0.0028 
        TC45  1 0.9601 0.0007 0.0009 0.0054 0.0042 0.0017 0.0028 0.0030 0.0026 0.0139 0.0010 0.0016 0.0020 
        TC46  1 0.9534 0.0024 0.0008 0.0025 0.0039 0.0040 0.0019 0.0074 0.0044 0.0091 0.0013 0.0044 0.0044 
        TC47  1 0.9445 0.0040 0.0011 0.0061 0.0020 0.0024 0.0039 0.0062 0.0103 0.0038 0.0097 0.0018 0.0041 
        TC48  1 0.9077 0.0030 0.0010 0.0034 0.0070 0.0032 0.0036 0.0076 0.0083 0.0118 0.0012 0.0024 0.0399 
        TC49  1 0.9652 0.0015 0.0015 0.0017 0.0046 0.0052 0.0016 0.0036 0.0050 0.0033 0.0010 0.0011 0.0045 
        TC50  1 0.9543 0.0039 0.0014 0.0011 0.0044 0.0041 0.0027 0.0034 0.0041 0.0065 0.0031 0.0037 0.0073 
        TC51  1 0.9194 0.0015 0.0031 0.0012 0.0044 0.0030 0.0019 0.0033 0.0422 0.0046 0.0094 0.0024 0.0035 
        TC52  1 0.9395 0.0007 0.0006 0.0016 0.0022 0.0016 0.0013 0.0136 0.0080 0.0104 0.0020 0.0148 0.0035 
        TC53  1 0.9509 0.0028 0.0006 0.0014 0.0066 0.0016 0.0102 0.0027 0.0113 0.0020 0.0021 0.0047 0.0030 
        TC54  1 0.9104 0.0024 0.0014 0.0027 0.0058 0.0023 0.0025 0.0098 0.0279 0.0052 0.0020 0.0025 0.0252 
        TC55  1 0.9086 0.0015 0.0010 0.0176 0.0066 0.0023 0.0022 0.0147 0.0257 0.0061 0.0012 0.0035 0.0091 
        TC56  1 0.9196 0.0025 0.0023 0.0008 0.0052 0.0037 0.0075 0.0027 0.0128 0.0210 0.0011 0.0035 0.0172 
        TC57  1 0.9422 0.0066 0.0012 0.0050 0.0050 0.0045 0.0096 0.0068 0.0035 0.0033 0.0020 0.0032 0.0071 
        TC58  1 0.9538 0.0015 0.0065 0.0054 0.0027 0.0031 0.0024 0.0102 0.0048 0.0032 0.0021 0.0017 0.0026 
        TC59  1 0.9714 0.0012 0.0010 0.0011 0.0016 0.0017 0.0022 0.0053 0.0069 0.0018 0.0013 0.0014 0.0031 
        TA01  2 0.9477 0.0014 0.0011 0.0060 0.0026 0.0028 0.0107 0.0036 0.0088 0.0023 0.0081 0.0014 0.0034 
        TA02  2 0.9451 0.0009 0.0007 0.0011 0.0019 0.0066 0.0176 0.0049 0.0047 0.0029 0.0016 0.0031 0.0089 
        TA03  2 0.8920 0.0071 0.0012 0.0023 0.0031 0.0064 0.0622 0.0035 0.0056 0.0033 0.0051 0.0026 0.0056 
        TA04  2 0.5338 0.0020 0.0009 0.0013 0.0024 0.0067 0.2664 0.0041 0.0566 0.0027 0.1171 0.0025 0.0034 
        TA05  2 0.9664 0.0014 0.0011 0.0010 0.0033 0.0020 0.0041 0.0035 0.0036 0.0041 0.0036 0.0014 0.0045 
        TA06  2 0.9599 0.0010 0.0012 0.0045 0.0015 0.0015 0.0044 0.0027 0.0121 0.0022 0.0044 0.0017 0.0028 
        TA07  2 0.6068 0.0015 0.0024 0.0014 0.0102 0.0022 0.3343 0.0203 0.0035 0.0038 0.0020 0.0046 0.0070 
        TA08  2 0.9217 0.0127 0.0008 0.0026 0.0019 0.0015 0.0172 0.0016 0.0259 0.0050 0.0041 0.0015 0.0036 
        TA09  2 0.9513 0.0011 0.0008 0.0019 0.0019 0.0016 0.0199 0.0027 0.0085 0.0019 0.0033 0.0021 0.0029 
        TA10  2 0.9003 0.0017 0.0483 0.0026 0.0045 0.0105 0.0104 0.0045 0.0073 0.0028 0.0024 0.0016 0.0031 
        TA11  2 0.8343 0.0058 0.0355 0.0627 0.0047 0.0090 0.0058 0.0057 0.0090 0.0076 0.0121 0.0034 0.0045 
        TA12  2 0.8245 0.0026 0.0027 0.0022 0.0057 0.1265 0.0196 0.0031 0.0040 0.0023 0.0018 0.0011 0.0037 
        TA13  2 0.7676 0.0020 0.0102 0.0009 0.1029 0.0152 0.0074 0.0041 0.0510 0.0033 0.0261 0.0034 0.0060 
        TA14  2 0.9418 0.0008 0.0006 0.0024 0.0021 0.0019 0.0246 0.0022 0.0121 0.0018 0.0021 0.0029 0.0048 
        TA15  2 0.9581 0.0008 0.0010 0.0008 0.0036 0.0027 0.0077 0.0019 0.0154 0.0018 0.0013 0.0016 0.0033 
        TA16  2 0.8773 0.0014 0.0191 0.0035 0.0033 0.0111 0.0241 0.0065 0.0322 0.0024 0.0146 0.0016 0.0028 
        TA17  2 0.9512 0.0051 0.0009 0.0012 0.0033 0.0106 0.0021 0.0045 0.0103 0.0022 0.0015 0.0017 0.0055 
        TA18  2 0.8632 0.0013 0.0042 0.0007 0.0017 0.1046 0.0025 0.0033 0.0045 0.0020 0.0031 0.0014 0.0075 
        TA19  2 0.8778 0.0450 0.0028 0.0015 0.0047 0.0041 0.0040 0.0048 0.0124 0.0026 0.0317 0.0033 0.0052 
        TA20  2 0.9269 0.0013 0.0009 0.0047 0.0026 0.0121 0.0039 0.0037 0.0072 0.0037 0.0012 0.0028 0.0290 
        TA21  2 0.9105 0.0015 0.0013 0.0322 0.0050 0.0042 0.0094 0.0037 0.0171 0.0038 0.0026 0.0018 0.0068 
        TA22  2 0.9321 0.0008 0.0006 0.0010 0.0019 0.0028 0.0038 0.0033 0.0386 0.0024 0.0011 0.0020 0.0095 
        TA23  2 0.9269 0.0010 0.0008 0.0014 0.0016 0.0026 0.0118 0.0022 0.0429 0.0021 0.0019 0.0012 0.0037 
        TA24  2 0.9422 0.0035 0.0008 0.0009 0.0025 0.0034 0.0024 0.0249 0.0061 0.0026 0.0027 0.0046 0.0033 
        TA25  2 0.8184 0.0016 0.1412 0.0013 0.0044 0.0097 0.0019 0.0034 0.0095 0.0025 0.0023 0.0016 0.0021 
        TA26  2 0.8732 0.0024 0.0020 0.0403 0.0041 0.0018 0.0253 0.0027 0.0241 0.0082 0.0088 0.0016 0.0054 
        TA27  2 0.9617 0.0020 0.0010 0.0012 0.0048 0.0045 0.0034 0.0037 0.0059 0.0019 0.0028 0.0028 0.0043 
        TA28  2 0.9047 0.0010 0.0007 0.0030 0.0029 0.0088 0.0236 0.0115 0.0056 0.0098 0.0038 0.0102 0.0143 
        TA29  2 0.9370 0.0040 0.0011 0.0012 0.0026 0.0038 0.0024 0.0031 0.0353 0.0025 0.0016 0.0018 0.0033 
        TA30  2 0.6903 0.0044 0.0011 0.1382 0.0060 0.0020 0.0181 0.0031 0.0141 0.0042 0.1071 0.0020 0.0095 
      BERM01  3 0.0013 0.0008 0.0007 0.0015 0.0015 0.0015 0.0019 0.0016 0.8944 0.0018 0.0891 0.0009 0.0030 
      BERM02  3 0.0020 0.0006 0.0006 0.0015 0.0016 0.0014 0.0028 0.0018 0.9773 0.0021 0.0041 0.0010 0.0032 
      BERM03  3 0.0012 0.0009 0.0008 0.0015 0.0018 0.0012 0.0015 0.0023 0.9820 0.0020 0.0012 0.0011 0.0025 
      BERM04  3 0.0010 0.0011 0.0009 0.0024 0.0014 0.0011 0.0015 0.0017 0.9802 0.0022 0.0031 0.0011 0.0023 
      BERM05  3 0.0009 0.0010 0.0009 0.0011 0.0017 0.0014 0.0020 0.0025 0.9769 0.0027 0.0043 0.0017 0.0028 
      BERM06  3 0.0016 0.0010 0.0006 0.0112 0.0015 0.0016 0.0081 0.0044 0.9555 0.0025 0.0089 0.0011 0.0021 
      BERM07  3 0.0018 0.0015 0.0011 0.0022 0.0019 0.0013 0.0026 0.0019 0.9728 0.0021 0.0072 0.0011 0.0025 
      BERM08  3 0.0013 0.0008 0.0006 0.0008 0.0013 0.0011 0.0023 0.0014 0.9796 0.0023 0.0060 0.0009 0.0018 
      BERM09  3 0.0033 0.0009 0.0008 0.0013 0.0015 0.0012 0.2333 0.0031 0.6623 0.0016 0.0866 0.0012 0.0030 
      BERM10  3 0.0023 0.0020 0.0007 0.0069 0.0028 0.0012 0.0024 0.0047 0.9593 0.0036 0.0103 0.0014 0.0025 
      BERM11  3 0.0016 0.0008 0.0009 0.0015 0.0014 0.0014 0.0519 0.0015 0.9294 0.0025 0.0035 0.0010 0.0026 
      BERM12  3 0.0028 0.0053 0.0012 0.0020 0.0012 0.0033 0.0038 0.0017 0.9388 0.0323 0.0013 0.0037 0.0026 
      BERM13  3 0.0014 0.0011 0.0010 0.0006 0.0016 0.0016 0.0029 0.0042 0.9759 0.0018 0.0048 0.0010 0.0023 
      BERM14  3 0.0020 0.0008 0.0009 0.0096 0.0015 0.0012 0.0042 0.0017 0.9682 0.0018 0.0039 0.0020 0.0022 
      CROC01  3 0.0016 0.0029 0.0014 0.0010 0.0031 0.0022 0.0030 0.0038 0.9538 0.0029 0.0045 0.0074 0.0125 
      CROC02  3 0.0017 0.0009 0.0011 0.0071 0.0033 0.0024 0.0088 0.0360 0.9256 0.0053 0.0017 0.0021 0.0041 
      CROC03  3 0.0016 0.0014 0.0009 0.0045 0.0019 0.0015 0.0469 0.0026 0.9251 0.0059 0.0026 0.0018 0.0033 
      CROC04  3 0.0282 0.0008 0.0008 0.0007 0.0016 0.0012 0.0016 0.0752 0.8787 0.0017 0.0026 0.0045 0.0024 
      CROC05  3 0.0013 0.0008 0.0015 0.0040 0.0020 0.0014 0.0038 0.0061 0.9678 0.0023 0.0047 0.0013 0.0031 
      CROC06  3 0.0054 0.0010 0.0139 0.0024 0.0030 0.0019 0.0027 0.0512 0.8972 0.0034 0.0052 0.0039 0.0089 
      CROC07  3 0.0032 0.0015 0.0010 0.0015 0.0025 0.0037 0.0137 0.0054 0.9548 0.0024 0.0043 0.0023 0.0037 
      CROC08  3 0.0016 0.0015 0.0020 0.0012 0.0023 0.0024 0.0024 0.0021 0.9389 0.0053 0.0032 0.0032 0.0339 
      CROC09  3 0.0011 0.0007 0.0007 0.0071 0.0024 0.0013 0.0048 0.0020 0.8683 0.0034 0.0973 0.0024 0.0085 
      CROC10  3 0.0013 0.0008 0.0012 0.0011 0.0019 0.0013 0.0024 0.0018 0.8832 0.0025 0.0991 0.0011 0.0022 
      CROC11  3 0.0012 0.0007 0.0007 0.0075 0.0023 0.0012 0.0054 0.0020 0.8680 0.0034 0.0971 0.0023 0.0083 
     CROC110  3 0.0037 0.0016 0.0009 0.0029 0.0192 0.0020 0.0168 0.0085 0.9216 0.0021 0.0113 0.0028 0.0066 
     CROC116  3 0.0044 0.0015 0.0010 0.0050 0.0042 0.0061 0.0033 0.0042 0.9453 0.0056 0.0023 0.0113 0.0058 
      CROC12  3 0.0015 0.0007 0.0006 0.0014 0.0018 0.0017 0.0012 0.0024 0.9784 0.0020 0.0047 0.0010 0.0025 
     CROC123  3 0.0015 0.0006 0.0005 0.0036 0.0014 0.0012 0.0025 0.0015 0.9763 0.0022 0.0054 0.0011 0.0021 
      CROC13  3 0.0012 0.0011 0.0011 0.0051 0.0019 0.0011 0.0019 0.0019 0.9741 0.0052 0.0018 0.0012 0.0023 
      CROC14  3 0.0023 0.0005 0.0723 0.0056 0.0054 0.0013 0.0040 0.0079 0.8891 0.0035 0.0032 0.0011 0.0037 
      CROC15  3 0.0028 0.0011 0.0031 0.0013 0.0112 0.0019 0.0014 0.0213 0.8786 0.0080 0.0019 0.0500 0.0173 
      CROC16  3 0.0010 0.0011 0.0011 0.0098 0.0044 0.0030 0.0027 0.0036 0.9009 0.0157 0.0466 0.0038 0.0065 
      CROC17  3 0.0374 0.0007 0.0006 0.0011 0.0067 0.0022 0.0012 0.0024 0.9409 0.0021 0.0016 0.0010 0.0021 
      CROC18  3 0.0024 0.0010 0.0006 0.0015 0.0027 0.0052 0.0017 0.0115 0.9487 0.0163 0.0018 0.0034 0.0031 
      CROC19  3 0.0026 0.0015 0.0010 0.0007 0.0023 0.0016 0.0035 0.0081 0.9680 0.0026 0.0030 0.0020 0.0031 
     CROC198  3 0.0013 0.0020 0.0011 0.0079 0.0022 0.0011 0.0025 0.0020 0.9649 0.0021 0.0089 0.0011 0.0030 
      CROC20  3 0.0011 0.0011 0.0009 0.0023 0.0029 0.0032 0.0041 0.0042 0.9668 0.0037 0.0038 0.0019 0.0040 
     CROC202  3 0.0015 0.0015 0.0013 0.0060 0.0018 0.0013 0.0020 0.0024 0.9661 0.0083 0.0033 0.0021 0.0025 
      CROC21  3 0.0016 0.0009 0.0009 0.0009 0.0027 0.0012 0.0022 0.0020 0.9758 0.0026 0.0051 0.0011 0.0029 
     CROC216  3 0.0108 0.0009 0.0008 0.0012 0.0031 0.0042 0.0222 0.0100 0.9150 0.0035 0.0060 0.0100 0.0123 
      CROC22  3 0.0035 0.0163 0.0009 0.0137 0.0029 0.0243 0.0125 0.0024 0.9123 0.0030 0.0041 0.0014 0.0026 
      CROC23  3 0.0067 0.0010 0.0009 0.0007 0.0030 0.0017 0.0052 0.0022 0.8787 0.0028 0.0911 0.0013 0.0047 
      CROC24  3 0.0017 0.0007 0.0007 0.0116 0.0019 0.0014 0.0065 0.0022 0.9448 0.0048 0.0190 0.0016 0.0032 
      CROC25  3 0.0012 0.0008 0.0008 0.0024 0.0013 0.0012 0.0025 0.0020 0.9797 0.0019 0.0021 0.0013 0.0027 
     CROC259  3 0.0081 0.0010 0.0051 0.0012 0.0017 0.0015 0.0047 0.0024 0.9633 0.0028 0.0044 0.0012 0.0026 
      CROC26  3 0.0579 0.0014 0.0011 0.0015 0.0014 0.0012 0.0021 0.0019 0.9199 0.0026 0.0040 0.0015 0.0034 
      CROC27  3 0.0083 0.0012 0.0008 0.0035 0.0020 0.0023 0.0421 0.0026 0.9208 0.0025 0.0055 0.0020 0.0064 
      CROC28  3 0.0205 0.0007 0.0010 0.1086 0.0015 0.0014 0.0205 0.0021 0.7951 0.0020 0.0424 0.0014 0.0029 
      CROC29  3 0.0015 0.0008 0.0007 0.0016 0.0021 0.0012 0.0033 0.0019 0.9771 0.0024 0.0014 0.0021 0.0037 
      CROC30  3 0.0024 0.0009 0.0009 0.0063 0.0034 0.0037 0.0024 0.0430 0.9150 0.0042 0.0083 0.0025 0.0069 
      CROC31  3 0.0090 0.0009 0.0011 0.0026 0.0090 0.0076 0.0432 0.0043 0.8885 0.0027 0.0250 0.0021 0.0042 
      CROC32  3 0.0013 0.0009 0.0009 0.0085 0.0018 0.0012 0.0021 0.0031 0.9723 0.0020 0.0029 0.0011 0.0021 
      CROC33  3 0.0055 0.0009 0.0005 0.0009 0.0024 0.0015 0.0123 0.0103 0.9273 0.0044 0.0016 0.0046 0.0279 
      CROC34  3 0.0015 0.0012 0.0010 0.0008 0.0013 0.0020 0.0021 0.0026 0.9784 0.0023 0.0023 0.0012 0.0032 
      CROC35  3 0.0071 0.0005 0.0007 0.0013 0.0047 0.0012 0.0195 0.0119 0.9439 0.0029 0.0033 0.0008 0.0022 
      CROC36  3 0.0012 0.0008 0.0010 0.0020 0.0018 0.0012 0.0016 0.0020 0.9438 0.0024 0.0379 0.0016 0.0028 
      CROC57  3 0.0010 0.0008 0.0016 0.0010 0.0017 0.0014 0.0021 0.0020 0.9801 0.0023 0.0018 0.0016 0.0028 
      CROC81  3 0.0014 0.0008 0.0009 0.0062 0.0025 0.0016 0.0027 0.0047 0.9523 0.0124 0.0032 0.0028 0.0086 
      CROC84  3 0.0023 0.0018 0.0007 0.0026 0.0012 0.0019 0.0045 0.0013 0.9600 0.0088 0.0105 0.0025 0.0019 
        FW01  3 0.0008 0.0007 0.0007 0.9838 0.0013 0.0010 0.0013 0.0016 0.0022 0.0022 0.0010 0.0010 0.0022 
        FW02  3 0.0007 0.0006 0.0005 0.0006 0.0010 0.0008 0.0012 0.0012 0.0018 0.0015 0.9876 0.0008 0.0017 
        FW03  3 0.0008 0.0006 0.0005 0.9862 0.0011 0.0009 0.0012 0.0013 0.0019 0.0018 0.0011 0.0009 0.0018 
        FW04  3 0.0007 0.0006 0.0005 0.0006 0.0010 0.0008 0.0011 0.0012 0.0019 0.0015 0.9875 0.0008 0.0017 
        FW05  3 0.0007 0.0006 0.0005 0.0006 0.0010 0.0008 0.0012 0.0012 0.0018 0.0015 0.9876 0.0008 0.0017 
        FW06  3 0.0007 0.0006 0.0005 0.0006 0.0010 0.0008 0.0012 0.0012 0.0019 0.0015 0.9875 0.0008 0.0018 
        FW07  3 0.0008 0.0006 0.0005 0.9863 0.0011 0.0009 0.0011 0.0013 0.0019 0.0018 0.0011 0.0009 0.0018 
        FW08  3 0.0007 0.0006 0.0006 0.0006 0.0010 0.0008 0.0012 0.0012 0.0019 0.0015 0.9875 0.0008 0.0017 
        FW09  3 0.0007 0.0006 0.0006 0.0006 0.0010 0.0008 0.0012 0.0012 0.0019 0.0015 0.9875 0.0008 0.0017 
        FW10  3 0.0008 0.0006 0.0005 0.9862 0.0011 0.0009 0.0012 0.0013 0.0019 0.0018 0.0011 0.0009 0.0019 
       FW100  3 0.0008 0.0006 0.0005 0.9858 0.0011 0.0009 0.0012 0.0013 0.0020 0.0018 0.0014 0.0009 0.0019 
       FW101  3 0.0008 0.0006 0.0005 0.9861 0.0011 0.0009 0.0012 0.0013 0.0018 0.0018 0.0011 0.0009 0.0019 
       FW102  3 0.0007 0.0006 0.0005 0.0006 0.0010 0.0008 0.0011 0.0012 0.0018 0.0015 0.9876 0.0008 0.0017 
       FW103  3 0.0007 0.0006 0.0005 0.0006 0.0010 0.0008 0.0012 0.0012 0.0019 0.0015 0.9876 0.0008 0.0017 
       FW104  3 0.0008 0.0008 0.0007 0.9837 0.0013 0.0010 0.0013 0.0016 0.0023 0.0022 0.0010 0.0010 0.0023 
       FW105  3 0.0008 0.0006 0.0005 0.9861 0.0011 0.0009 0.0012 0.0013 0.0019 0.0018 0.0011 0.0009 0.0018 
       FW106  3 0.0036 0.0018 0.0008 0.0023 0.0042 0.0116 0.0263 0.0045 0.8925 0.0057 0.0351 0.0038 0.0078 
       FW107  3 0.0008 0.0008 0.0006 0.9837 0.0014 0.0010 0.0013 0.0016 0.0023 0.0022 0.0010 0.0010 0.0023 
       FW108  3 0.0007 0.0006 0.0005 0.0006 0.0010 0.0008 0.0011 0.0012 0.0019 0.0015 0.9875 0.0008 0.0017 
       FW109  3 0.0008 0.0006 0.0005 0.9862 0.0011 0.0009 0.0011 0.0013 0.0019 0.0018 0.0010 0.0009 0.0019 
        FW11  3 0.0008 0.0006 0.0006 0.9858 0.0011 0.0009 0.0012 0.0013 0.0019 0.0018 0.0013 0.0009 0.0019 
       FW110  3 0.0008 0.0006 0.0005 0.9863 0.0011 0.0008 0.0012 0.0013 0.0019 0.0018 0.0010 0.0009 0.0018 
       FW111  3 0.0007 0.0006 0.0005 0.0006 0.0011 0.0008 0.0012 0.0012 0.0018 0.0015 0.9875 0.0008 0.0017 
       FW112  3 0.0008 0.0006 0.0006 0.9859 0.0011 0.0009 0.0011 0.0013 0.0019 0.0018 0.0013 0.0009 0.0019 
       FW113  3 0.0007 0.0006 0.0005 0.0006 0.0010 0.0008 0.0012 0.0012 0.0018 0.0015 0.9876 0.0008 0.0017 
       FW114  3 0.0019 0.0007 0.0005 0.9832 0.0013 0.0011 0.0013 0.0018 0.0024 0.0019 0.0011 0.0010 0.0019 
       FW115  3 0.0008 0.0006 0.0005 0.9861 0.0011 0.0009 0.0012 0.0013 0.0019 0.0018 0.0010 0.0009 0.0019 
       FW116  3 0.0007 0.0006 0.0005 0.0006 0.0010 0.0008 0.0012 0.0012 0.0019 0.0015 0.9875 0.0008 0.0017 
        FW12  3 0.0007 0.0006 0.0005 0.0006 0.0010 0.0009 0.0012 0.0012 0.0018 0.0015 0.9876 0.0008 0.0017 
        FW13  3 0.0007 0.0006 0.0005 0.0006 0.0010 0.0008 0.0012 0.0012 0.0018 0.0015 0.9876 0.0008 0.0017 
        FW14  3 0.0008 0.0008 0.0007 0.9837 0.0013 0.0010 0.0013 0.0016 0.0023 0.0022 0.0010 0.0010 0.0022 
        FW15  3 0.0009 0.0008 0.0007 0.9837 0.0014 0.0010 0.0013 0.0016 0.0023 0.0022 0.0010 0.0010 0.0022 
        FW16  3 0.0008 0.0006 0.0005 0.9862 0.0011 0.0008 0.0012 0.0013 0.0018 0.0018 0.0010 0.0009 0.0018 
        FW17  3 0.0008 0.0006 0.0005 0.9862 0.0011 0.0009 0.0012 0.0013 0.0019 0.0018 0.0011 0.0009 0.0019 
        FW18  3 0.0008 0.0006 0.0005 0.9858 0.0011 0.0009 0.0012 0.0013 0.0020 0.0018 0.0013 0.0009 0.0019 
        FW19  3 0.0007 0.0006 0.0005 0.0006 0.0010 0.0008 0.0012 0.0012 0.0019 0.0015 0.9875 0.0008 0.0017 
        FW20  3 0.0007 0.0006 0.0006 0.0006 0.0010 0.0008 0.0012 0.0012 0.0019 0.0015 0.9875 0.0008 0.0017 
        FW21  3 0.0007 0.0006 0.0005 0.0006 0.0010 0.0008 0.0012 0.0012 0.0019 0.0015 0.9874 0.0008 0.0017 
        FW22  3 0.0008 0.0006 0.0005 0.9859 0.0011 0.0009 0.0011 0.0013 0.0020 0.0018 0.0013 0.0009 0.0018 
        FW23  3 0.0007 0.0006 0.0006 0.0006 0.0010 0.0008 0.0012 0.0012 0.0019 0.0015 0.9875 0.0008 0.0017 
        FW24  3 0.0007 0.0006 0.0005 0.0006 0.0010 0.0008 0.0011 0.0012 0.0018 0.0015 0.9876 0.0008 0.0017 
        FW25  3 0.0007 0.0006 0.0005 0.0006 0.0010 0.0008 0.0012 0.0012 0.0019 0.0015 0.9875 0.0008 0.0018 
        FW26  3 0.0007 0.0006 0.0005 0.0006 0.0010 0.0008 0.0011 0.0012 0.0018 0.0015 0.9876 0.0008 0.0017 
        FW27  3 0.0008 0.0006 0.0005 0.9862 0.0011 0.0009 0.0012 0.0013 0.0018 0.0018 0.0010 0.0009 0.0019 
        FW28  3 0.0007 0.0005 0.0005 0.0006 0.0010 0.0008 0.0012 0.0012 0.0019 0.0014 0.9876 0.0008 0.0017 
        FW29  3 0.0007 0.0005 0.0005 0.0006 0.0010 0.0008 0.0012 0.0012 0.0019 0.0015 0.9876 0.0008 0.0017 
        FW30  3 0.0033 0.0017 0.0008 0.0023 0.0041 0.0110 0.0253 0.0045 0.8939 0.0059 0.0356 0.0036 0.0079 
        FW32  3 0.0008 0.0008 0.0007 0.9838 0.0013 0.0010 0.0013 0.0015 0.0022 0.0022 0.0010 0.0010 0.0022 
        FW33  3 0.0018 0.0006 0.0006 0.0006 0.0043 0.0008 0.0012 0.0015 0.0099 0.0015 0.9675 0.0008 0.0089 
        FW34  3 0.0007 0.0006 0.0005 0.0006 0.0010 0.0008 0.0011 0.0012 0.0019 0.0015 0.9876 0.0008 0.0017 
        FW35  3 0.0007 0.0006 0.0006 0.0006 0.0010 0.0008 0.0012 0.0012 0.0019 0.0015 0.9876 0.0008 0.0017 
        FW36  3 0.0007 0.0005 0.0005 0.0006 0.0010 0.0008 0.0012 0.0012 0.0018 0.0015 0.9876 0.0008 0.0017 
        FW37  3 0.0008 0.0006 0.0005 0.9861 0.0011 0.0009 0.0011 0.0013 0.0019 0.0018 0.0011 0.0009 0.0019 
        FW51  3 0.0007 0.0005 0.0005 0.0006 0.0010 0.0008 0.0012 0.0012 0.0018 0.0015 0.9876 0.0008 0.0018 
        FW52  3 0.0008 0.0006 0.0005 0.9862 0.0011 0.0009 0.0011 0.0013 0.0019 0.0018 0.0010 0.0009 0.0019 
        FW53  3 0.0007 0.0006 0.0005 0.0006 0.0010 0.0008 0.0011 0.0012 0.0018 0.0015 0.9876 0.0008 0.0017 
        FW54  3 0.0008 0.0006 0.0005 0.9862 0.0011 0.0009 0.0011 0.0014 0.0019 0.0018 0.0011 0.0009 0.0018 
        FW55  3 0.0007 0.0006 0.0005 0.0006 0.0010 0.0008 0.0012 0.0012 0.0018 0.0015 0.9875 0.0008 0.0017 
        FW56  3 0.0007 0.0006 0.0005 0.0006 0.0010 0.0008 0.0012 0.0012 0.0019 0.0015 0.9876 0.0008 0.0017 
        FW57  3 0.0007 0.0006 0.0005 0.0006 0.0010 0.0008 0.0011 0.0012 0.0019 0.0015 0.9876 0.0008 0.0017 
        FW78  3 0.0007 0.0006 0.0005 0.0006 0.0010 0.0008 0.0012 0.0012 0.0018 0.0014 0.9876 0.0008 0.0017 
        FW79  3 0.0007 0.0005 0.0005 0.0006 0.0010 0.0008 0.0012 0.0012 0.0019 0.0015 0.9876 0.0008 0.0017 
        FW80  3 0.0007 0.0006 0.0005 0.0006 0.0010 0.0008 0.0012 0.0012 0.0018 0.0015 0.9877 0.0008 0.0017 
        FW81  3 0.0008 0.0006 0.0005 0.9863 0.0011 0.0008 0.0011 0.0013 0.0019 0.0018 0.0010 0.0009 0.0018 
        FW82  3 0.0008 0.0006 0.0005 0.9862 0.0011 0.0008 0.0012 0.0013 0.0019 0.0018 0.0010 0.0009 0.0019 
        FW83  3 0.0008 0.0008 0.0007 0.9837 0.0013 0.0010 0.0013 0.0016 0.0022 0.0022 0.0010 0.0010 0.0022 
        FW84  3 0.0007 0.0006 0.0005 0.0006 0.0010 0.0008 0.0012 0.0012 0.0018 0.0015 0.9876 0.0008 0.0017 
        FW85  3 0.0022 0.0006 0.0005 0.9530 0.0024 0.0009 0.0041 0.0042 0.0020 0.0110 0.0011 0.0162 0.0019 
        FW86  3 0.0008 0.0006 0.0005 0.9858 0.0011 0.0009 0.0012 0.0013 0.0019 0.0018 0.0014 0.0009 0.0019 
        FW87  3 0.0008 0.0006 0.0006 0.9857 0.0011 0.0009 0.0012 0.0013 0.0020 0.0018 0.0013 0.0009 0.0018 
        FW88  3 0.0007 0.0006 0.0005 0.0006 0.0010 0.0008 0.0012 0.0012 0.0018 0.0015 0.9875 0.0008 0.0017 
        FW89  3 0.0007 0.0005 0.0005 0.0006 0.0010 0.0009 0.0012 0.0012 0.0018 0.0015 0.9876 0.0008 0.0017 
        FW90  3 0.0007 0.0006 0.0005 0.0006 0.0010 0.0008 0.0012 0.0012 0.0018 0.0015 0.9876 0.0008 0.0017 
        FW91  3 0.0008 0.0006 0.0005 0.9861 0.0011 0.0009 0.0012 0.0013 0.0019 0.0018 0.0011 0.0009 0.0019 
        FW92  3 0.0007 0.0006 0.0005 0.0006 0.0010 0.0008 0.0012 0.0012 0.0018 0.0015 0.9875 0.0008 0.0017 
        FW93  3 0.0007 0.0006 0.0006 0.0006 0.0010 0.0008 0.0012 0.0012 0.0019 0.0014 0.9876 0.0008 0.0017 
        FW94  3 0.0008 0.0006 0.0005 0.9862 0.0011 0.0009 0.0011 0.0013 0.0019 0.0018 0.0010 0.0009 0.0019 
        FW95  3 0.0007 0.0006 0.0005 0.0006 0.0010 0.0008 0.0012 0.0012 0.0019 0.0015 0.9875 0.0008 0.0018 
        FW96  3 0.0007 0.0005 0.0005 0.0006 0.0010 0.0008 0.0011 0.0012 0.0018 0.0015 0.9876 0.0008 0.0017 
        FW97  3 0.0016 0.0034 0.0024 0.0067 0.0024 0.0018 0.0100 0.0068 0.9449 0.0038 0.0090 0.0016 0.0056 
        FW98  3 0.0008 0.0006 0.0005 0.9863 0.0011 0.0008 0.0011 0.0014 0.0018 0.0017 0.0010 0.0009 0.0018 
        FW99  3 0.0007 0.0006 0.0005 0.0006 0.0010 0.0008 0.0012 0.0012 0.0018 0.0014 0.9875 0.0008 0.0018 
       Cal01  3 0.0018 0.0009 0.0009 0.0009 0.0020 0.0018 0.0037 0.0016 0.7562 0.0025 0.2188 0.0027 0.0061 
       Cal02  3 0.0015 0.0009 0.0008 0.0019 0.0023 0.0020 0.0015 0.0023 0.9716 0.0029 0.0082 0.0014 0.0026 
       Cal03  3 0.0013 0.0007 0.0005 0.0613 0.0021 0.0020 0.0034 0.0033 0.8515 0.0035 0.0638 0.0029 0.0037 
       Cal04  3 0.0019 0.0031 0.0008 0.0016 0.0024 0.0015 0.0011 0.0058 0.9723 0.0037 0.0011 0.0018 0.0030 
       Cal05  3 0.0026 0.0008 0.0005 0.0035 0.0011 0.0011 0.0065 0.0016 0.9729 0.0020 0.0047 0.0010 0.0018 
       Cal06  3 0.0030 0.0007 0.0012 0.0008 0.0023 0.0027 0.0028 0.0035 0.9722 0.0023 0.0039 0.0015 0.0031 
       Cal07  3 0.0051 0.0006 0.0006 0.0011 0.0013 0.0011 0.0038 0.0020 0.9582 0.0017 0.0212 0.0011 0.0022 
       Cal08  3 0.0019 0.0020 0.0019 0.0102 0.0021 0.0016 0.0022 0.0105 0.8904 0.0034 0.0667 0.0029 0.0043 
       Cal09  3 0.0182 0.0011 0.0008 0.0020 0.0058 0.0012 0.0023 0.0020 0.9010 0.0068 0.0553 0.0010 0.0025 
       Cal10  3 0.0017 0.0011 0.0006 0.0023 0.0022 0.0020 0.0023 0.0032 0.9747 0.0028 0.0013 0.0020 0.0037 
       Cal11  3 0.0033 0.0021 0.0148 0.0067 0.0030 0.0023 0.0098 0.0043 0.9294 0.0024 0.0163 0.0016 0.0039 
      Cal197  3 0.0023 0.0005 0.0006 0.0010 0.0022 0.0018 0.0020 0.0046 0.6417 0.0016 0.3374 0.0008 0.0036 
      Cal198  3 0.0162 0.0017 0.0006 0.0233 0.0021 0.0049 0.0034 0.0051 0.8652 0.0022 0.0077 0.0015 0.0662 
      Cal199  3 0.0010 0.0198 0.0007 0.0014 0.0014 0.0033 0.0080 0.0017 0.9528 0.0026 0.0017 0.0019 0.0036 
      Cal200  3 0.0025 0.0006 0.0012 0.0043 0.0022 0.0012 0.0482 0.0040 0.9121 0.0028 0.0041 0.0142 0.0026 
      Cal201  3 0.0028 0.0006 0.0008 0.0038 0.0023 0.0015 0.0120 0.0018 0.9490 0.0016 0.0203 0.0012 0.0025 
      Cal202  3 0.0015 0.0054 0.0008 0.0017 0.0067 0.0022 0.0035 0.0015 0.9295 0.0138 0.0074 0.0050 0.0212 
      Cal203  3 0.0012 0.0010 0.0016 0.0063 0.0017 0.0013 0.0035 0.0022 0.9730 0.0023 0.0015 0.0015 0.0030 
      Cal204  3 0.0013 0.0008 0.0009 0.0007 0.0016 0.0014 0.0037 0.0017 0.9783 0.0027 0.0017 0.0018 0.0036 
      Cal205  3 0.0014 0.0009 0.0005 0.0016 0.0020 0.0020 0.0023 0.0015 0.9771 0.0021 0.0036 0.0017 0.0033 
      Cal206  3 0.0012 0.0009 0.0007 0.0028 0.0028 0.0021 0.0090 0.0028 0.9651 0.0039 0.0044 0.0014 0.0027 
      Cal207  3 0.0015 0.0006 0.0006 0.0007 0.0016 0.0071 0.0035 0.0016 0.9718 0.0018 0.0033 0.0013 0.0046 
      Cal208  3 0.0012 0.0011 0.0009 0.0080 0.0018 0.0012 0.0015 0.0033 0.9536 0.0024 0.0202 0.0012 0.0036 
      Cal209  3 0.0012 0.0009 0.0007 0.0014 0.0015 0.0012 0.0021 0.0015 0.9702 0.0022 0.0142 0.0010 0.0019 
      Cal210  3 0.0010 0.0198 0.0007 0.0015 0.0015 0.0035 0.0082 0.0017 0.9525 0.0027 0.0018 0.0019 0.0035 
      Cal211  3 0.0017 0.0008 0.0007 0.0008 0.0015 0.0015 0.0121 0.0021 0.9459 0.0016 0.0275 0.0017 0.0022 
      Cal212  3 0.0014 0.0010 0.0006 0.0032 0.0016 0.0030 0.0216 0.0019 0.9549 0.0024 0.0026 0.0034 0.0023 
      Cal213  3 0.0509 0.0010 0.0005 0.0816 0.0035 0.0072 0.0096 0.0103 0.7783 0.0023 0.0177 0.0036 0.0336 
      Cal214  3 0.0012 0.0172 0.0007 0.0014 0.0094 0.0015 0.0011 0.0017 0.9535 0.0028 0.0009 0.0011 0.0075 
      Cal215  3 0.0015 0.0030 0.0011 0.0018 0.0023 0.0013 0.0021 0.0028 0.9563 0.0049 0.0178 0.0020 0.0031 
      Cal216  3 0.0023 0.0006 0.0009 0.0087 0.0032 0.0033 0.0121 0.0029 0.8679 0.0035 0.0878 0.0022 0.0048 
      Cal217  3 0.0019 0.0006 0.0007 0.0014 0.0017 0.0011 0.0027 0.0016 0.9664 0.0016 0.0167 0.0010 0.0028 
      Cal218  3 0.0014 0.0010 0.0006 0.0044 0.0016 0.0027 0.1076 0.0019 0.8680 0.0022 0.0049 0.0018 0.0020 
      Cal219  3 0.0014 0.0011 0.0009 0.0037 0.0028 0.0018 0.0037 0.0027 0.9514 0.0022 0.0246 0.0013 0.0024 
      Cal220  3 0.0019 0.0030 0.0023 0.0011 0.0037 0.0156 0.0026 0.0030 0.9442 0.0019 0.0107 0.0017 0.0083 
      Cal221  3 0.0013 0.0016 0.0006 0.0042 0.0013 0.0020 0.0058 0.0030 0.9690 0.0024 0.0046 0.0011 0.0031 
      Cal222  3 0.0015 0.0040 0.0007 0.0024 0.0014 0.0024 0.0040 0.0022 0.9722 0.0024 0.0024 0.0014 0.0031 
      Cal223  3 0.0382 0.0023 0.0017 0.0035 0.0050 0.0026 0.0173 0.0081 0.8848 0.0023 0.0016 0.0026 0.0301 
      Cal224  3 0.0018 0.0010 0.0014 0.0009 0.0017 0.0018 0.0022 0.0035 0.9113 0.0118 0.0015 0.0032 0.0579 
       Cal33  3 0.0014 0.0008 0.0006 0.0020 0.0022 0.0017 0.0019 0.0029 0.9780 0.0021 0.0031 0.0012 0.0021 
       Cal34  3 0.0024 0.0010 0.0006 0.0029 0.0023 0.0014 0.0019 0.0016 0.9709 0.0029 0.0022 0.0011 0.0087 
       Cal35  3 0.0016 0.0006 0.0006 0.0010 0.0015 0.0015 0.0022 0.0018 0.9804 0.0022 0.0025 0.0021 0.0020 
       Cal37  3 0.0046 0.0007 0.0006 0.0015 0.0048 0.0055 0.0030 0.0046 0.9641 0.0024 0.0028 0.0036 0.0020 
       Cal38  3 0.0020 0.0009 0.0006 0.0008 0.0014 0.0015 0.0041 0.0018 0.6966 0.0014 0.2860 0.0010 0.0020 
       Cal39  3 0.0017 0.0016 0.0008 0.0265 0.0016 0.0013 0.0105 0.0023 0.9211 0.0039 0.0253 0.0013 0.0020 
       Cal40  3 0.0011 0.0009 0.0007 0.0015 0.0015 0.0012 0.0021 0.0015 0.9702 0.0022 0.0141 0.0010 0.0020 
       Cal41  3 0.0014 0.0009 0.0007 0.0015 0.0014 0.0011 0.0016 0.0017 0.9776 0.0022 0.0068 0.0010 0.0020 
       Cal42  3 0.0010 0.0010 0.0010 0.0010 0.0019 0.0012 0.0026 0.0019 0.9786 0.0024 0.0039 0.0012 0.0022 
       Cal43  3 0.0015 0.0010 0.0007 0.0017 0.0019 0.0020 0.0030 0.0026 0.9780 0.0017 0.0020 0.0011 0.0028 
       Cal44  3 0.0015 0.0012 0.0010 0.0060 0.0017 0.0194 0.0291 0.0030 0.9179 0.0028 0.0084 0.0025 0.0054 
        BW41  3 0.0018 0.0016 0.0009 0.0011 0.0041 0.0016 0.0174 0.0042 0.9226 0.0334 0.0022 0.0025 0.0064 
        BW42  3 0.0018 0.0009 0.0009 0.0270 0.0030 0.0018 0.0043 0.0136 0.9369 0.0024 0.0024 0.0021 0.0031 
        BW44  3 0.0024 0.0008 0.0009 0.0016 0.0017 0.0015 0.0166 0.0025 0.9652 0.0017 0.0012 0.0012 0.0028 
        BW45  3 0.0016 0.0006 0.0006 0.0011 0.0013 0.0012 0.0284 0.0015 0.9565 0.0015 0.0030 0.0009 0.0017 
        BW46  3 0.0013 0.0008 0.0007 0.0319 0.0039 0.0016 0.0128 0.0020 0.9299 0.0039 0.0033 0.0016 0.0062 
        BW47  3 0.0049 0.0007 0.0006 0.0013 0.0018 0.0113 0.0021 0.0118 0.8781 0.0208 0.0565 0.0071 0.0032 
        BW48  3 0.0021 0.0022 0.0014 0.0070 0.0035 0.0015 0.0152 0.0068 0.9454 0.0054 0.0026 0.0028 0.0039 
        BW49  3 0.0044 0.0007 0.0010 0.0008 0.0017 0.0018 0.0053 0.0019 0.9601 0.0018 0.0172 0.0010 0.0023 
        BW50  3 0.0013 0.0008 0.0008 0.0040 0.0016 0.0015 0.0021 0.0022 0.9682 0.0030 0.0106 0.0011 0.0030 
        BW51  3 0.0126 0.0010 0.0007 0.0257 0.0021 0.0015 0.0842 0.0020 0.8383 0.0020 0.0260 0.0009 0.0029 
        BW52  3 0.0013 0.0009 0.0029 0.0023 0.0017 0.0013 0.0016 0.0021 0.9761 0.0019 0.0043 0.0010 0.0025 
        BW53  3 0.0029 0.0007 0.0006 0.0014 0.0042 0.0152 0.0025 0.0041 0.9551 0.0023 0.0032 0.0029 0.0049 
        BW54  3 0.0041 0.0020 0.0010 0.0042 0.0021 0.0032 0.0037 0.1321 0.8233 0.0053 0.0052 0.0102 0.0037 
        BW55  3 0.0014 0.0011 0.0011 0.0163 0.0023 0.0012 0.0149 0.0031 0.9445 0.0039 0.0024 0.0021 0.0058 
        BW56  3 0.0015 0.0007 0.0007 0.0007 0.0015 0.0010 0.0021 0.0021 0.9786 0.0038 0.0032 0.0012 0.0027 
        BW57  3 0.0021 0.0007 0.0006 0.0013 0.0022 0.0011 0.0018 0.0022 0.9695 0.0020 0.0075 0.0014 0.0074 
        BW58  3 0.0025 0.0009 0.0006 0.0079 0.0023 0.0017 0.0032 0.0028 0.9660 0.0023 0.0056 0.0010 0.0032 
        BW59  3 0.0016 0.0007 0.0006 0.0028 0.0021 0.0012 0.0025 0.0045 0.8760 0.0021 0.1027 0.0013 0.0019 
        BW60  3 0.0014 0.0007 0.0008 0.0052 0.0014 0.0015 0.0017 0.0016 0.9777 0.0023 0.0016 0.0013 0.0026 
        BW61  3 0.0029 0.0009 0.0011 0.0095 0.0019 0.0076 0.0585 0.0219 0.7981 0.0729 0.0206 0.0013 0.0030 
        BW62  3 0.0017 0.0008 0.0007 0.0118 0.0018 0.0017 0.0362 0.0081 0.9189 0.0052 0.0023 0.0070 0.0038 
        BW63  3 0.0119 0.0009 0.0007 0.0164 0.0043 0.0052 0.0138 0.0093 0.8700 0.0028 0.0016 0.0588 0.0042 
        BW64  3 0.0015 0.0006 0.0007 0.0135 0.0015 0.0012 0.0075 0.0043 0.8989 0.0019 0.0647 0.0013 0.0024 
        BW65  3 0.0021 0.0017 0.0013 0.0013 0.0063 0.0055 0.0630 0.0023 0.8880 0.0106 0.0012 0.0032 0.0134 
        BW66  3 0.0038 0.0010 0.0024 0.0049 0.0014 0.0015 0.0097 0.0020 0.9606 0.0043 0.0030 0.0020 0.0032 
        BW67  3 0.0013 0.0006 0.0007 0.0014 0.0012 0.0010 0.1627 0.0015 0.8205 0.0019 0.0037 0.0014 0.0022 
        BW68  3 0.0025 0.0007 0.0006 0.0024 0.0030 0.0020 0.0109 0.0090 0.9541 0.0054 0.0030 0.0029 0.0036 
        BW69  3 0.0013 0.0011 0.0008 0.0046 0.0021 0.0013 0.0041 0.0023 0.9317 0.0452 0.0019 0.0011 0.0024 
        BW70  3 0.0021 0.0014 0.0010 0.0027 0.0018 0.0021 0.0690 0.0027 0.9004 0.0019 0.0096 0.0015 0.0039 
        BW71  3 0.0014 0.0008 0.0008 0.0007 0.0014 0.0009 0.0040 0.0016 0.9448 0.0017 0.0393 0.0009 0.0018 
        BW72  3 0.0025 0.0012 0.0017 0.0011 0.0052 0.0020 0.0038 0.0105 0.9310 0.0093 0.0067 0.0149 0.0100 
        BW73  3 0.0032 0.0013 0.0120 0.0008 0.0192 0.0020 0.0033 0.0045 0.9144 0.0278 0.0070 0.0016 0.0027 
        BW74  3 0.0032 0.0019 0.0009 0.0145 0.0058 0.0020 0.0325 0.0033 0.9220 0.0048 0.0030 0.0013 0.0048 
        BW75  3 0.0049 0.0008 0.0088 0.0009 0.0062 0.0016 0.0028 0.0124 0.9371 0.0020 0.0163 0.0012 0.0050 
        BW76  3 0.0013 0.0013 0.0009 0.0008 0.0020 0.0014 0.0132 0.0019 0.9632 0.0053 0.0019 0.0038 0.0032 
        BW77  3 0.0058 0.0006 0.0009 0.0019 0.0106 0.0017 0.0856 0.0161 0.8441 0.0046 0.0126 0.0013 0.0142 
        BW78  3 0.0024 0.0016 0.0008 0.0032 0.0015 0.0012 0.0024 0.0015 0.9778 0.0023 0.0013 0.0017 0.0022 
        BW79  3 0.0017 0.0011 0.0008 0.0021 0.0018 0.0240 0.0019 0.0014 0.9314 0.0022 0.0284 0.0013 0.0019 
        BW80  3 0.0014 0.0007 0.0007 0.0046 0.0017 0.0013 0.0053 0.0157 0.9598 0.0019 0.0029 0.0012 0.0028 
        BW81  3 0.0029 0.0006 0.0007 0.0099 0.0025 0.0012 0.0018 0.0028 0.9665 0.0022 0.0026 0.0010 0.0053 
       BWS05  3 0.0032 0.0025 0.0015 0.0151 0.0046 0.0048 0.1154 0.0125 0.8053 0.0216 0.0061 0.0024 0.0050 
       BWS06  3 0.0015 0.0026 0.0010 0.1656 0.0020 0.0017 0.0559 0.0022 0.7567 0.0025 0.0031 0.0014 0.0039 
       BWS07  3 0.0036 0.0008 0.0005 0.0012 0.0217 0.0010 0.0046 0.0130 0.9080 0.0018 0.0398 0.0019 0.0020 
       BWS08  3 0.0067 0.0014 0.0026 0.0007 0.0017 0.0021 0.0305 0.0039 0.9210 0.0153 0.0013 0.0051 0.0078 
       BWS09  3 0.0012 0.0007 0.0006 0.0010 0.0015 0.0011 0.0042 0.0014 0.9528 0.0018 0.0293 0.0014 0.0030 
       BWS10  3 0.0027 0.0017 0.0009 0.0024 0.0023 0.0027 0.0260 0.0034 0.9268 0.0025 0.0034 0.0224 0.0030 
       BWS11  3 0.0012 0.0008 0.0007 0.0006 0.0017 0.0017 0.0018 0.0022 0.9781 0.0019 0.0058 0.0012 0.0022 
       BWS12  3 0.0020 0.0010 0.0017 0.0062 0.0045 0.0036 0.0077 0.0045 0.9568 0.0029 0.0023 0.0020 0.0046 
       BWS13  3 0.0012 0.0010 0.0009 0.1018 0.0019 0.0015 0.0022 0.0014 0.8747 0.0019 0.0014 0.0028 0.0073 
       BWS14  3 0.0017 0.0009 0.0006 0.2036 0.0023 0.0027 0.0033 0.0030 0.7726 0.0029 0.0026 0.0014 0.0026 
       BWS15  3 0.0022 0.0031 0.0024 0.0005 0.0033 0.0045 0.0025 0.0036 0.9580 0.0032 0.0076 0.0035 0.0056 
       BWS16  3 0.0115 0.0010 0.0006 0.0032 0.0015 0.0025 0.0019 0.0031 0.9668 0.0025 0.0018 0.0013 0.0023 
       BWS17  3 0.0014 0.0010 0.0009 0.0010 0.0014 0.0025 0.0027 0.0022 0.9763 0.0041 0.0016 0.0017 0.0033 
       BWS18  3 0.0026 0.0044 0.0006 0.0017 0.0040 0.0014 0.0030 0.0026 0.9334 0.0024 0.0079 0.0022 0.0339 
       BWS19  3 0.0022 0.0048 0.0008 0.0026 0.0079 0.0039 0.0062 0.0023 0.9251 0.0163 0.0132 0.0014 0.0134 
       BWS20  3 0.0045 0.0006 0.0008 0.0028 0.0013 0.0012 0.0054 0.0019 0.9703 0.0019 0.0054 0.0011 0.0026 
       BWS21  3 0.0030 0.0049 0.0012 0.0154 0.0056 0.0523 0.0294 0.0036 0.8546 0.0044 0.0012 0.0028 0.0217 
       BWS22  3 0.0012 0.0008 0.0007 0.0019 0.0023 0.0013 0.0279 0.0019 0.9457 0.0024 0.0066 0.0020 0.0054 
       BWS23  3 0.0021 0.0017 0.0006 0.0016 0.0028 0.0011 0.0049 0.0027 0.9410 0.0027 0.0023 0.0012 0.0353 
       BWS24  3 0.0031 0.0029 0.0010 0.0007 0.0042 0.0078 0.0047 0.0039 0.9607 0.0027 0.0017 0.0034 0.0033 
       BWS25  3 0.0011 0.0009 0.0006 0.0016 0.0082 0.0047 0.0016 0.0014 0.9702 0.0047 0.0018 0.0011 0.0020 
       BWS26  3 0.0019 0.0007 0.0011 0.0031 0.0023 0.0020 0.0026 0.0026 0.9747 0.0028 0.0022 0.0016 0.0025 
       BWS27  3 0.0044 0.0008 0.0006 0.0020 0.0016 0.0012 0.0035 0.0097 0.9694 0.0017 0.0020 0.0010 0.0021 
       BWS28  3 0.0031 0.0012 0.0009 0.0380 0.0123 0.0020 0.0026 0.0102 0.9085 0.0051 0.0033 0.0060 0.0069 
       BWS29  3 0.0024 0.0013 0.0013 0.0097 0.0023 0.0015 0.0181 0.0038 0.9473 0.0050 0.0011 0.0028 0.0033 
       BWS30  3 0.0015 0.0007 0.0007 0.0010 0.0020 0.0014 0.0035 0.0016 0.8812 0.0023 0.0985 0.0010 0.0046 
       BWS31  3 0.0079 0.0009 0.0006 0.0012 0.0017 0.0016 0.0078 0.0028 0.9579 0.0096 0.0026 0.0021 0.0031 
       BWS32  3 0.0042 0.0022 0.0011 0.0090 0.0027 0.0038 0.0101 0.0039 0.9517 0.0023 0.0029 0.0035 0.0026 
       BWS33  3 0.0013 0.0010 0.0009 0.0025 0.0025 0.0020 0.0019 0.0214 0.9467 0.0054 0.0051 0.0042 0.0051 
       BWS34  3 0.0019 0.0009 0.0013 0.0479 0.0030 0.0025 0.0312 0.0050 0.8867 0.0052 0.0012 0.0046 0.0084 
       BWS35  3 0.0029 0.0039 0.0012 0.0058 0.0026 0.0064 0.0020 0.0044 0.9595 0.0031 0.0022 0.0021 0.0039 
       BWS36  3 0.0012 0.0008 0.0016 0.0029 0.0013 0.0012 0.0022 0.0018 0.9760 0.0023 0.0055 0.0011 0.0020 
       BWS37  3 0.0022 0.0009 0.0006 0.0042 0.0027 0.0023 0.0305 0.0033 0.9345 0.0100 0.0017 0.0039 0.0031 
       BWS38  3 0.0032 0.0014 0.0015 0.0035 0.0027 0.0028 0.0078 0.0035 0.9507 0.0031 0.0133 0.0021 0.0044 
       BWS39  3 0.0022 0.0008 0.0008 0.0011 0.0014 0.0020 0.1176 0.0020 0.8326 0.0019 0.0339 0.0012 0.0027 
       BWS40  3 0.0012 0.0020 0.0015 0.0032 0.0016 0.0015 0.0020 0.0014 0.9729 0.0030 0.0057 0.0014 0.0025 
       BWN01  3 0.0027 0.0012 0.0009 0.0063 0.0016 0.0015 0.0071 0.0021 0.9661 0.0032 0.0034 0.0014 0.0025 
       BWN02  3 0.0532 0.0007 0.0006 0.0013 0.0015 0.0017 0.0049 0.0025 0.8766 0.0023 0.0513 0.0010 0.0023 
       BWN03  3 0.0017 0.0011 0.0019 0.0009 0.0029 0.0022 0.0031 0.0308 0.9324 0.0083 0.0032 0.0024 0.0092 
       BWN04  3 0.0029 0.0006 0.0044 0.0038 0.0026 0.0016 0.0496 0.0028 0.9169 0.0042 0.0042 0.0014 0.0050 
        NC01  4 0.7568 0.0007 0.0011 0.0074 0.0805 0.0030 0.0262 0.0033 0.0872 0.0021 0.0252 0.0034 0.0031 
        NC02  4 0.8330 0.0009 0.0014 0.0036 0.0054 0.0021 0.1176 0.0038 0.0143 0.0064 0.0052 0.0026 0.0038 
        NC03  4 0.9404 0.0006 0.0006 0.0011 0.0043 0.0015 0.0226 0.0020 0.0055 0.0019 0.0023 0.0011 0.0161 
        NC04  4 0.9293 0.0013 0.0008 0.0017 0.0040 0.0015 0.0364 0.0023 0.0123 0.0026 0.0015 0.0031 0.0032 
        NC05  4 0.8089 0.0026 0.0014 0.0013 0.0083 0.0020 0.0148 0.0358 0.0585 0.0041 0.0022 0.0498 0.0103 
        NC06  4 0.8799 0.0013 0.0006 0.0032 0.0048 0.0014 0.0241 0.0027 0.0383 0.0314 0.0076 0.0012 0.0033 
        NC07  4 0.9535 0.0021 0.0007 0.0059 0.0024 0.0016 0.0046 0.0020 0.0145 0.0021 0.0071 0.0013 0.0022 
        NC08  4 0.6721 0.0010 0.0017 0.0012 0.0029 0.0016 0.2951 0.0043 0.0065 0.0030 0.0019 0.0024 0.0063 
        NC09  4 0.7766 0.0014 0.0017 0.0011 0.0024 0.0028 0.1830 0.0050 0.0109 0.0024 0.0014 0.0060 0.0053 
