        TC01  1 0.0025 0.0128 0.0007 0.0042 0.9773 0.0025 
        TC02  1 0.0014 0.0014 0.0010 0.0045 0.9888 0.0030 
        TC03  1 0.0018 0.0008 0.0007 0.0036 0.9903 0.0028 
        TC04  1 0.0109 0.0013 0.0022 0.0358 0.8739 0.0759 
        TC05  1 0.0011 0.0005 0.0005 0.0057 0.9898 0.0024 
        TC06  1 0.0017 0.0007 0.0018 0.0054 0.9120 0.0783 
        TC07  1 0.0014 0.0020 0.0004 0.0045 0.9877 0.0040 
        TC08  1 0.0010 0.0008 0.0026 0.0030 0.9900 0.0026 
        TC09  1 0.0010 0.0006 0.0691 0.0028 0.8880 0.0385 
        TC10  1 0.0008 0.0018 0.0005 0.0139 0.9560 0.0270 
        TC11  1 0.0011 0.0016 0.0006 0.0021 0.9930 0.0015 
        TC12  1 0.0033 0.0024 0.0007 0.0256 0.9559 0.0121 
        TC13  1 0.0008 0.0007 0.0013 0.0023 0.9920 0.0029 
        TC14  1 0.0044 0.0016 0.0010 0.0052 0.8807 0.1071 
        TC15  1 0.0020 0.0005 0.0047 0.0086 0.9379 0.0463 
        TC16  1 0.0028 0.0009 0.0565 0.0058 0.8358 0.0982 
        TC17  1 0.0075 0.0045 0.0010 0.0288 0.8196 0.1387 
        TC18  1 0.0193 0.0016 0.0009 0.0148 0.9601 0.0033 
        TC19  1 0.0009 0.0008 0.0041 0.0021 0.9886 0.0035 
        TC20  1 0.0022 0.0010 0.0017 0.0022 0.9895 0.0035 
        TC21  1 0.0652 0.0030 0.0020 0.0799 0.8457 0.0042 
        TC22  1 0.0014 0.0014 0.0022 0.0119 0.9796 0.0034 
        TC23  1 0.0014 0.0015 0.0006 0.0028 0.9904 0.0033 
        TC24  1 0.0009 0.0005 0.0007 0.0016 0.9945 0.0018 
        TC25  1 0.0204 0.0055 0.0016 0.0060 0.9053 0.0613 
        TC26  1 0.0011 0.0006 0.0008 0.0034 0.9796 0.0145 
        TC27  1 0.0014 0.0007 0.0006 0.0091 0.9827 0.0055 
        TC28  1 0.0031 0.0010 0.0005 0.0079 0.9637 0.0238 
        TC29  1 0.0036 0.0014 0.0005 0.0044 0.9452 0.0449 
        TC30  1 0.0010 0.0009 0.0022 0.0026 0.9885 0.0048 
        TC31  1 0.0062 0.0063 0.0015 0.0051 0.9790 0.0018 
        TC32  1 0.0015 0.0011 0.0018 0.0325 0.8823 0.0808 
        TC33  1 0.0018 0.0024 0.0006 0.0032 0.9892 0.0027 
        TC34  1 0.0027 0.0015 0.0011 0.0060 0.9298 0.0589 
        TC35  1 0.0024 0.0038 0.0016 0.0123 0.9627 0.0172 
        TC36  1 0.0011 0.0009 0.0010 0.0040 0.9898 0.0032 
        TC37  1 0.0017 0.0010 0.0006 0.0032 0.9921 0.0015 
        TC38  1 0.0089 0.0014 0.0161 0.0043 0.9251 0.0443 
        TC39  1 0.0019 0.0008 0.0010 0.0032 0.8591 0.1342 
        TC40  1 0.0030 0.0009 0.0009 0.0051 0.9623 0.0278 
        TC41  1 0.0011 0.0015 0.0005 0.0031 0.9918 0.0019 
        TC42  1 0.0008 0.0006 0.0008 0.0025 0.9891 0.0063 
        TC43  1 0.0014 0.0006 0.0007 0.0028 0.9898 0.0047 
        TC44  1 0.0011 0.0018 0.0090 0.0048 0.9686 0.0147 
        TC45  1 0.0022 0.0008 0.0005 0.0026 0.9919 0.0021 
        TC46  1 0.0029 0.0007 0.0006 0.0066 0.9867 0.0024 
        TC47  1 0.0014 0.0011 0.0042 0.0038 0.9828 0.0066 
        TC48  1 0.0189 0.0013 0.0006 0.0133 0.9603 0.0056 
        TC49  1 0.0014 0.0017 0.0005 0.0041 0.9899 0.0024 
        TC50  1 0.0027 0.0013 0.0013 0.0069 0.9857 0.0021 
        TC51  1 0.0015 0.0022 0.0053 0.0041 0.9769 0.0100 
        TC52  1 0.0028 0.0005 0.0010 0.0051 0.9872 0.0034 
        TC53  1 0.0008 0.0009 0.0009 0.0052 0.9862 0.0059 
        TC54  1 0.0049 0.0013 0.0009 0.0079 0.9769 0.0082 
        TC55  1 0.0027 0.0010 0.0006 0.0096 0.9641 0.0220 
        TC56  1 0.0115 0.0021 0.0005 0.0056 0.9690 0.0113 
        TC57  1 0.0017 0.0011 0.0009 0.0092 0.9841 0.0030 
        TC58  1 0.0011 0.0039 0.0010 0.0040 0.9865 0.0035 
        TC59  1 0.0008 0.0008 0.0006 0.0024 0.9930 0.0023 
        TA01  2 0.0009 0.0009 0.0037 0.0030 0.9846 0.0068 
        TA02  2 0.0016 0.0005 0.0007 0.0033 0.9909 0.0028 
        TA03  2 0.0014 0.0010 0.0025 0.0050 0.9845 0.0055 
        TA04  2 0.0009 0.0007 0.1165 0.0032 0.6752 0.2035 
        TA05  2 0.0017 0.0009 0.0017 0.0031 0.9905 0.0022 
        TA06  2 0.0009 0.0013 0.0019 0.0020 0.9881 0.0059 
        TA07  2 0.0014 0.0018 0.0027 0.0048 0.9774 0.0119 
        TA08  2 0.0015 0.0006 0.0017 0.0032 0.9801 0.0128 
        TA09  2 0.0008 0.0006 0.0015 0.0023 0.9891 0.0058 
        TA10  2 0.0010 0.0656 0.0010 0.0045 0.9228 0.0050 
        TA11  2 0.0025 0.0269 0.0078 0.0079 0.9457 0.0093 
        TA12  2 0.0011 0.0243 0.0007 0.0123 0.9590 0.0025 
        TA13  2 0.0017 0.0255 0.0117 0.0597 0.8862 0.0152 
        TA14  2 0.0009 0.0005 0.0010 0.0023 0.9866 0.0088 
        TA15  2 0.0007 0.0008 0.0007 0.0025 0.9898 0.0055 
        TA16  2 0.0009 0.0179 0.0056 0.0046 0.9508 0.0202 
        TA17  2 0.0011 0.0011 0.0006 0.0053 0.9883 0.0035 
        TA18  2 0.0009 0.0031 0.0013 0.0169 0.9758 0.0020 
        TA19  2 0.0011 0.0022 0.0176 0.0380 0.9338 0.0073 
        TA20  2 0.0046 0.0008 0.0005 0.0043 0.9863 0.0034 
        TA21  2 0.0018 0.0011 0.0013 0.0044 0.9676 0.0238 
        TA22  2 0.0015 0.0005 0.0005 0.0025 0.9855 0.0095 
        TA23  2 0.0009 0.0007 0.0009 0.0021 0.9790 0.0164 
        TA24  2 0.0010 0.0008 0.0011 0.0068 0.9879 0.0025 
        TA25  2 0.0008 0.2029 0.0011 0.0034 0.7881 0.0037 
        TA26  2 0.0042 0.0019 0.0027 0.0034 0.9303 0.0575 
        TA27  2 0.0009 0.0011 0.0013 0.0061 0.9876 0.0030 
        TA28  2 0.0123 0.0007 0.0016 0.0142 0.9671 0.0041 
        TA29  2 0.0010 0.0011 0.0009 0.0037 0.9805 0.0128 
        TA30  2 0.0023 0.0009 0.0974 0.0065 0.7761 0.1167 
      BERM01  3 0.0008 0.0007 0.0735 0.0021 0.0011 0.9218 
      BERM02  3 0.0009 0.0005 0.0034 0.0020 0.0019 0.9913 
      BERM03  3 0.0009 0.0008 0.0007 0.0022 0.0010 0.9946 
      BERM04  3 0.0008 0.0008 0.0024 0.0018 0.0008 0.9934 
      BERM05  3 0.0013 0.0010 0.0019 0.0027 0.0008 0.9923 
      BERM06  3 0.0008 0.0005 0.0031 0.0019 0.0010 0.9927 
      BERM07  3 0.0009 0.0012 0.0069 0.0024 0.0013 0.9874 
      BERM08  3 0.0009 0.0005 0.0041 0.0015 0.0013 0.9917 
      BERM09  3 0.0007 0.0007 0.0818 0.0019 0.0031 0.9119 
      BERM10  3 0.0014 0.0007 0.0061 0.0037 0.0019 0.9861 
      BERM11  3 0.0011 0.0007 0.0012 0.0017 0.0011 0.9941 
      BERM12  3 0.0063 0.0164 0.0006 0.0029 0.0032 0.9706 
      BERM13  3 0.0008 0.0011 0.0047 0.0032 0.0012 0.9890 
      BERM14  3 0.0007 0.0008 0.0020 0.0018 0.0019 0.9928 
      CROC01  3 0.0040 0.0020 0.0030 0.0135 0.0017 0.9758 
      CROC02  3 0.0014 0.0011 0.0008 0.0034 0.0014 0.9919 
      CROC03  3 0.0015 0.0009 0.0012 0.0026 0.0012 0.9926 
      CROC04  3 0.0008 0.0008 0.0022 0.0065 0.1342 0.8554 
      CROC05  3 0.0009 0.0009 0.0017 0.0020 0.0009 0.9936 
      CROC06  3 0.0056 0.0384 0.0043 0.0097 0.0065 0.9354 
      CROC07  3 0.0009 0.0006 0.0011 0.0025 0.0020 0.9929 
      CROC08  3 0.0291 0.0014 0.0017 0.0031 0.0013 0.9634 
      CROC09  3 0.0016 0.0006 0.0713 0.0027 0.0009 0.9229 
      CROC10  3 0.0008 0.0008 0.0742 0.0021 0.0010 0.9211 
      CROC11  3 0.0017 0.0006 0.0715 0.0027 0.0009 0.9226 
     CROC110  3 0.0012 0.0006 0.0034 0.0108 0.0022 0.9818 
     CROC116  3 0.0021 0.0009 0.0011 0.0051 0.0026 0.9882 
      CROC12  3 0.0009 0.0006 0.0040 0.0026 0.0016 0.9902 
     CROC123  3 0.0008 0.0004 0.0023 0.0016 0.0013 0.9936 
      CROC13  3 0.0013 0.0013 0.0009 0.0020 0.0010 0.9934 
      CROC14  3 0.0047 0.0823 0.0017 0.0041 0.0020 0.9051 
      CROC15  3 0.0431 0.0024 0.0010 0.0754 0.0022 0.8759 
      CROC16  3 0.0029 0.0012 0.0472 0.0032 0.0008 0.9447 
      CROC17  3 0.0008 0.0005 0.0009 0.0035 0.0854 0.9089 
      CROC18  3 0.0084 0.0006 0.0011 0.0142 0.0045 0.9713 
      CROC19  3 0.0012 0.0010 0.0016 0.0055 0.0026 0.9880 
     CROC198  3 0.0010 0.0012 0.0137 0.0024 0.0011 0.9805 
      CROC20  3 0.0013 0.0009 0.0018 0.0031 0.0009 0.9920 
     CROC202  3 0.0025 0.0016 0.0012 0.0025 0.0011 0.9911 
      CROC21  3 0.0010 0.0008 0.0071 0.0026 0.0013 0.9872 
     CROC216  3 0.0084 0.0007 0.0016 0.0096 0.0073 0.9723 
      CROC22  3 0.0010 0.0382 0.0014 0.0050 0.0036 0.9508 
      CROC23  3 0.0012 0.0007 0.0676 0.0026 0.0052 0.9226 
      CROC24  3 0.0016 0.0007 0.0089 0.0020 0.0013 0.9855 
      CROC25  3 0.0008 0.0007 0.0012 0.0018 0.0010 0.9946 
     CROC259  3 0.0011 0.0056 0.0018 0.0024 0.0229 0.9663 
      CROC26  3 0.0012 0.0012 0.0027 0.0021 0.0589 0.9340 
      CROC27  3 0.0019 0.0009 0.0056 0.0033 0.0023 0.9861 
      CROC28  3 0.0009 0.0006 0.0108 0.0017 0.0022 0.9837 
      CROC29  3 0.0014 0.0006 0.0007 0.0023 0.0013 0.9938 
      CROC30  3 0.0015 0.0008 0.0031 0.0047 0.0029 0.9871 
      CROC31  3 0.0010 0.0012 0.0146 0.0036 0.0025 0.9770 
      CROC32  3 0.0007 0.0009 0.0018 0.0019 0.0012 0.9935 
      CROC33  3 0.0104 0.0005 0.0008 0.0049 0.0041 0.9793 
      CROC34  3 0.0012 0.0009 0.0010 0.0025 0.0015 0.9929 
      CROC35  3 0.0012 0.0005 0.0014 0.0046 0.0090 0.9833 
      CROC36  3 0.0008 0.0007 0.0402 0.0017 0.0009 0.9557 
      CROC57  3 0.0012 0.0012 0.0013 0.0024 0.0009 0.9931 
      CROC81  3 0.0047 0.0008 0.0014 0.0032 0.0013 0.9887 
      CROC84  3 0.0025 0.0026 0.0035 0.0020 0.0020 0.9873 
        FW01  3 0.0012 0.0006 0.0007 0.0021 0.0012 0.9942 
        FW02  3 0.0006 0.0004 0.9964 0.0011 0.0005 0.0010 
        FW03  3 0.0010 0.0005 0.0008 0.0020 0.0011 0.9945 
        FW04  3 0.0005 0.0004 0.9964 0.0011 0.0005 0.0010 
        FW05  3 0.0006 0.0004 0.9964 0.0011 0.0005 0.0010 
        FW06  3 0.0005 0.0004 0.9964 0.0011 0.0005 0.0010 
        FW07  3 0.0010 0.0006 0.0008 0.0020 0.0012 0.9945 
        FW08  3 0.0006 0.0004 0.9964 0.0012 0.0005 0.0009 
        FW09  3 0.0006 0.0004 0.9964 0.0011 0.0005 0.0010 
        FW10  3 0.0012 0.0005 0.0009 0.0021 0.0014 0.9940 
       FW100  3 0.0012 0.0006 0.0013 0.0020 0.0013 0.9936 
       FW101  3 0.0011 0.0006 0.0008 0.0021 0.0013 0.9940 
       FW102  3 0.0005 0.0004 0.9964 0.0011 0.0005 0.0010 
       FW103  3 0.0005 0.0004 0.9964 0.0011 0.0005 0.0009 
       FW104  3 0.0013 0.0006 0.0007 0.0022 0.0011 0.9942 
       FW105  3 0.0012 0.0006 0.0008 0.0021 0.0013 0.9941 
       FW106  3 0.0031 0.0007 0.0072 0.0100 0.0024 0.9766 
       FW107  3 0.0013 0.0006 0.0007 0.0022 0.0012 0.9940 
       FW108  3 0.0005 0.0004 0.9964 0.0011 0.0005 0.0010 
       FW109  3 0.0012 0.0006 0.0009 0.0022 0.0013 0.9939 
        FW11  3 0.0012 0.0006 0.0014 0.0020 0.0013 0.9935 
       FW110  3 0.0011 0.0005 0.0008 0.0019 0.0011 0.9945 
       FW111  3 0.0005 0.0004 0.9964 0.0012 0.0005 0.0010 
       FW112  3 0.0012 0.0006 0.0014 0.0021 0.0014 0.9934 
       FW113  3 0.0006 0.0004 0.9964 0.0011 0.0005 0.0010 
       FW114  3 0.0010 0.0006 0.0008 0.0020 0.0018 0.9938 
       FW115  3 0.0012 0.0006 0.0008 0.0021 0.0014 0.9940 
       FW116  3 0.0005 0.0004 0.9964 0.0011 0.0005 0.0009 
        FW12  3 0.0005 0.0004 0.9964 0.0011 0.0005 0.0009 
        FW13  3 0.0006 0.0004 0.9964 0.0011 0.0005 0.0010 
        FW14  3 0.0013 0.0007 0.0007 0.0022 0.0011 0.9941 
        FW15  3 0.0012 0.0006 0.0007 0.0021 0.0012 0.9941 
        FW16  3 0.0012 0.0006 0.0008 0.0021 0.0013 0.9941 
        FW17  3 0.0012 0.0005 0.0009 0.0022 0.0013 0.9939 
        FW18  3 0.0012 0.0006 0.0013 0.0020 0.0013 0.9936 
        FW19  3 0.0005 0.0004 0.9964 0.0011 0.0005 0.0010 
        FW20  3 0.0005 0.0004 0.9964 0.0011 0.0005 0.0010 
        FW21  3 0.0005 0.0004 0.9964 0.0012 0.0005 0.0009 
        FW22  3 0.0012 0.0006 0.0013 0.0020 0.0014 0.9936 
        FW23  3 0.0005 0.0004 0.9964 0.0011 0.0005 0.0010 
        FW24  3 0.0006 0.0004 0.9964 0.0011 0.0005 0.0010 
        FW25  3 0.0005 0.0004 0.9964 0.0011 0.0005 0.0010 
        FW26  3 0.0006 0.0005 0.9964 0.0011 0.0005 0.0009 
        FW27  3 0.0012 0.0006 0.0008 0.0022 0.0013 0.9939 
        FW28  3 0.0005 0.0004 0.9964 0.0011 0.0005 0.0010 
        FW29  3 0.0006 0.0004 0.9964 0.0011 0.0005 0.0010 
        FW30  3 0.0029 0.0008 0.0071 0.0107 0.0023 0.9763 
        FW32  3 0.0012 0.0006 0.0007 0.0022 0.0012 0.9941 
        FW33  3 0.0006 0.0004 0.9764 0.0089 0.0032 0.0105 
        FW34  3 0.0005 0.0004 0.9964 0.0011 0.0005 0.0010 
        FW35  3 0.0005 0.0004 0.9964 0.0011 0.0005 0.0010 
        FW36  3 0.0006 0.0004 0.9963 0.0012 0.0005 0.0010 
        FW37  3 0.0012 0.0006 0.0009 0.0021 0.0012 0.9941 
        FW51  3 0.0005 0.0004 0.9964 0.0011 0.0005 0.0010 
        FW52  3 0.0012 0.0005 0.0008 0.0021 0.0013 0.9940 
        FW53  3 0.0005 0.0004 0.9964 0.0011 0.0005 0.0010 
        FW54  3 0.0011 0.0006 0.0008 0.0020 0.0012 0.9944 
        FW55  3 0.0005 0.0004 0.9964 0.0012 0.0005 0.0009 
        FW56  3 0.0005 0.0004 0.9964 0.0011 0.0005 0.0010 
        FW57  3 0.0005 0.0004 0.9964 0.0011 0.0005 0.0010 
        FW78  3 0.0006 0.0004 0.9964 0.0011 0.0005 0.0010 
        FW79  3 0.0005 0.0005 0.9964 0.0011 0.0005 0.0010 
        FW80  3 0.0006 0.0004 0.9963 0.0012 0.0005 0.0010 
        FW81  3 0.0011 0.0006 0.0009 0.0020 0.0011 0.9944 
        FW82  3 0.0012 0.0005 0.0008 0.0021 0.0013 0.9941 
        FW83  3 0.0012 0.0006 0.0007 0.0022 0.0012 0.9940 
        FW84  3 0.0005 0.0004 0.9964 0.0011 0.0005 0.0010 
        FW85  3 0.0015 0.0005 0.0008 0.0027 0.0017 0.9928 
        FW86  3 0.0012 0.0005 0.0014 0.0020 0.0013 0.9936 
        FW87  3 0.0012 0.0006 0.0013 0.0021 0.0013 0.9935 
        FW88  3 0.0005 0.0004 0.9964 0.0011 0.0005 0.0010 
        FW89  3 0.0005 0.0004 0.9964 0.0011 0.0005 0.0009 
        FW90  3 0.0006 0.0004 0.9964 0.0011 0.0005 0.0010 
        FW91  3 0.0012 0.0006 0.0009 0.0021 0.0014 0.9939 
        FW92  3 0.0006 0.0004 0.9964 0.0012 0.0005 0.0010 
        FW93  3 0.0006 0.0004 0.9964 0.0011 0.0005 0.0010 
        FW94  3 0.0012 0.0006 0.0008 0.0021 0.0013 0.9940 
        FW95  3 0.0005 0.0004 0.9964 0.0011 0.0005 0.0010 
        FW96  3 0.0006 0.0004 0.9964 0.0011 0.0005 0.0010 
        FW97  3 0.0024 0.0034 0.0068 0.0056 0.0014 0.9804 
        FW98  3 0.0010 0.0005 0.0009 0.0020 0.0012 0.9945 
        FW99  3 0.0005 0.0004 0.9964 0.0011 0.0005 0.0010 
       Cal01  3 0.0026 0.0009 0.2314 0.0029 0.0019 0.7602 
       Cal02  3 0.0010 0.0007 0.0104 0.0027 0.0011 0.9841 
       Cal03  3 0.0010 0.0004 0.0504 0.0019 0.0010 0.9454 
       Cal04  3 0.0014 0.0008 0.0006 0.0054 0.0016 0.9902 
       Cal05  3 0.0007 0.0004 0.0022 0.0013 0.0026 0.9927 
       Cal06  3 0.0011 0.0012 0.0030 0.0032 0.0033 0.9882 
       Cal07  3 0.0006 0.0005 0.0330 0.0015 0.0131 0.9512 
       Cal08  3 0.0015 0.0015 0.0469 0.0031 0.0016 0.9453 
       Cal09  3 0.0030 0.0007 0.0980 0.0036 0.0319 0.8627 
       Cal10  3 0.0015 0.0006 0.0007 0.0033 0.0014 0.9925 
       Cal11  3 0.0009 0.0090 0.0022 0.0028 0.0018 0.9833 
      Cal197  3 0.0010 0.0004 0.3492 0.0031 0.0028 0.6435 
      Cal198  3 0.0199 0.0005 0.0027 0.0051 0.0957 0.8760 
      Cal199  3 0.0010 0.0007 0.0009 0.0022 0.0007 0.9944 
      Cal200  3 0.0008 0.0009 0.0024 0.0018 0.0011 0.9930 
      Cal201  3 0.0006 0.0006 0.0305 0.0021 0.0018 0.9643 
      Cal202  3 0.0304 0.0020 0.0068 0.0184 0.0015 0.9410 
      Cal203  3 0.0011 0.0014 0.0006 0.0024 0.0008 0.9937 
      Cal204  3 0.0014 0.0008 0.0007 0.0027 0.0012 0.9932 
      Cal205  3 0.0010 0.0004 0.0030 0.0023 0.0012 0.9921 
      Cal206  3 0.0011 0.0007 0.0012 0.0024 0.0008 0.9937 
      Cal207  3 0.0013 0.0005 0.0028 0.0022 0.0020 0.9912 
      Cal208  3 0.0012 0.0010 0.0091 0.0028 0.0010 0.9848 
      Cal209  3 0.0008 0.0006 0.0132 0.0018 0.0010 0.9826 
      Cal210  3 0.0010 0.0007 0.0009 0.0021 0.0007 0.9945 
      Cal211  3 0.0007 0.0006 0.0050 0.0019 0.0010 0.9907 
      Cal212  3 0.0008 0.0005 0.0010 0.0023 0.0008 0.9946 
      Cal213  3 0.0066 0.0004 0.0039 0.0169 0.0607 0.9114 
      Cal214  3 0.0027 0.0006 0.0004 0.0194 0.0013 0.9756 
      Cal215  3 0.0018 0.0014 0.0265 0.0039 0.0012 0.9652 
      Cal216  3 0.0011 0.0007 0.0265 0.0018 0.0019 0.9680 
      Cal217  3 0.0007 0.0006 0.0200 0.0018 0.0018 0.9750 
      Cal218  3 0.0007 0.0005 0.0018 0.0019 0.0009 0.9942 
      Cal219  3 0.0008 0.0008 0.0167 0.0033 0.0013 0.9771 
      Cal220  3 0.0010 0.0016 0.0056 0.0059 0.0014 0.9845 
      Cal221  3 0.0008 0.0005 0.0030 0.0019 0.0012 0.9925 
      Cal222  3 0.0008 0.0007 0.0013 0.0020 0.0010 0.9942 
      Cal223  3 0.0014 0.0011 0.0007 0.0041 0.0082 0.9845 
      Cal224  3 0.1294 0.0015 0.0007 0.0034 0.0016 0.8633 
       Cal33  3 0.0008 0.0006 0.0017 0.0029 0.0012 0.9928 
       Cal34  3 0.0017 0.0006 0.0010 0.0028 0.0032 0.9907 
       Cal35  3 0.0008 0.0005 0.0020 0.0022 0.0016 0.9930 
       Cal37  3 0.0008 0.0005 0.0013 0.0060 0.0027 0.9886 
       Cal38  3 0.0006 0.0006 0.2837 0.0021 0.0016 0.7115 
       Cal39  3 0.0016 0.0009 0.0141 0.0019 0.0013 0.9802 
       Cal40  3 0.0008 0.0006 0.0131 0.0017 0.0010 0.9828 
       Cal41  3 0.0008 0.0006 0.0057 0.0017 0.0012 0.9901 
       Cal42  3 0.0010 0.0010 0.0022 0.0023 0.0008 0.9928 
       Cal43  3 0.0008 0.0007 0.0013 0.0025 0.0012 0.9936 
       Cal44  3 0.0013 0.0009 0.0040 0.0044 0.0012 0.9882 
        BW41  3 0.0360 0.0007 0.0008 0.0037 0.0012 0.9576 
        BW42  3 0.0009 0.0007 0.0008 0.0037 0.0026 0.9913 
        BW44  3 0.0008 0.0007 0.0006 0.0021 0.0017 0.9940 
        BW45  3 0.0006 0.0005 0.0014 0.0014 0.0010 0.9951 
        BW46  3 0.0009 0.0006 0.0026 0.0025 0.0010 0.9925 
        BW47  3 0.0112 0.0005 0.0957 0.0266 0.0152 0.8508 
        BW48  3 0.0020 0.0015 0.0016 0.0056 0.0016 0.9877 
        BW49  3 0.0008 0.0010 0.0066 0.0023 0.0063 0.9831 
        BW50  3 0.0009 0.0006 0.0181 0.0020 0.0011 0.9772 
        BW51  3 0.0007 0.0007 0.0086 0.0018 0.0083 0.9800 
        BW52  3 0.0008 0.0036 0.0032 0.0021 0.0014 0.9889 
        BW53  3 0.0024 0.0005 0.0019 0.0151 0.0049 0.9751 
        BW54  3 0.0024 0.0010 0.0037 0.0834 0.0043 0.9053 
        BW55  3 0.0009 0.0012 0.0015 0.0022 0.0012 0.9930 
        BW56  3 0.0017 0.0006 0.0023 0.0018 0.0016 0.9919 
        BW57  3 0.0011 0.0006 0.0082 0.0025 0.0021 0.9856 
        BW58  3 0.0009 0.0006 0.0022 0.0022 0.0020 0.9921 
        BW59  3 0.0007 0.0006 0.0750 0.0028 0.0014 0.9196 
        BW60  3 0.0009 0.0007 0.0009 0.0020 0.0013 0.9943 
        BW61  3 0.0582 0.0009 0.0034 0.0105 0.0022 0.9248 
        BW62  3 0.0011 0.0006 0.0010 0.0033 0.0014 0.9927 
        BW63  3 0.0016 0.0006 0.0008 0.0288 0.0088 0.9594 
        BW64  3 0.0008 0.0006 0.0067 0.0019 0.0012 0.9888 
        BW65  3 0.0072 0.0012 0.0005 0.0064 0.0021 0.9826 
        BW66  3 0.0009 0.0026 0.0011 0.0019 0.0020 0.9913 
        BW67  3 0.0007 0.0005 0.0018 0.0014 0.0010 0.9946 
        BW68  3 0.0018 0.0006 0.0010 0.0041 0.0023 0.9902 
        BW69  3 0.0443 0.0007 0.0007 0.0022 0.0010 0.9510 
        BW70  3 0.0009 0.0008 0.0028 0.0021 0.0014 0.9920 
        BW71  3 0.0006 0.0008 0.0630 0.0016 0.0013 0.9326 
        BW72  3 0.0028 0.0010 0.0027 0.0056 0.0013 0.9867 
        BW73  3 0.0108 0.0328 0.0055 0.0238 0.0083 0.9187 
        BW74  3 0.0008 0.0006 0.0011 0.0028 0.0019 0.9928 
        BW75  3 0.0018 0.0138 0.0154 0.0110 0.0155 0.9425 
        BW76  3 0.0022 0.0009 0.0009 0.0032 0.0011 0.9916 
        BW77  3 0.0024 0.0007 0.0089 0.0027 0.0025 0.9829 
        BW78  3 0.0008 0.0009 0.0006 0.0018 0.0026 0.9933 
        BW79  3 0.0008 0.0008 0.0294 0.0046 0.0037 0.9606 
        BW80  3 0.0009 0.0006 0.0014 0.0033 0.0011 0.9927 
        BW81  3 0.0010 0.0006 0.0017 0.0019 0.0020 0.9928 
       BWS05  3 0.0039 0.0017 0.0014 0.0066 0.0019 0.9845 
       BWS06  3 0.0010 0.0009 0.0009 0.0024 0.0010 0.9938 
       BWS07  3 0.0006 0.0004 0.0487 0.0144 0.0042 0.9317 
       BWS08  3 0.0039 0.0020 0.0006 0.0039 0.0030 0.9866 
       BWS09  3 0.0009 0.0005 0.0372 0.0017 0.0010 0.9587 
       BWS10  3 0.0013 0.0007 0.0013 0.0099 0.0017 0.9851 
       BWS11  3 0.0008 0.0007 0.0051 0.0024 0.0011 0.9900 
       BWS12  3 0.0009 0.0016 0.0013 0.0027 0.0016 0.9920 
       BWS13  3 0.0015 0.0008 0.0008 0.0025 0.0010 0.9934 
       BWS14  3 0.0009 0.0005 0.0012 0.0027 0.0013 0.9934 
       BWS15  3 0.0016 0.0020 0.0036 0.0046 0.0018 0.9864 
       BWS16  3 0.0009 0.0006 0.0009 0.0025 0.0190 0.9762 
       BWS17  3 0.0021 0.0008 0.0009 0.0027 0.0013 0.9921 
       BWS18  3 0.0163 0.0005 0.0070 0.0073 0.0027 0.9661 
       BWS19  3 0.0139 0.0007 0.0118 0.0202 0.0023 0.9512 
       BWS20  3 0.0009 0.0006 0.0015 0.0016 0.0070 0.9884 
       BWS21  3 0.0103 0.0014 0.0005 0.0576 0.0053 0.9249 
       BWS22  3 0.0017 0.0006 0.0032 0.0023 0.0010 0.9913 
       BWS23  3 0.0224 0.0005 0.0013 0.0046 0.0018 0.9693 
       BWS24  3 0.0010 0.0012 0.0009 0.0072 0.0025 0.9872 
       BWS25  3 0.0021 0.0006 0.0009 0.0115 0.0011 0.9839 
       BWS26  3 0.0010 0.0009 0.0009 0.0026 0.0016 0.9929 
       BWS27  3 0.0007 0.0006 0.0010 0.0029 0.0048 0.9901 
       BWS28  3 0.0014 0.0007 0.0015 0.0070 0.0014 0.9880 
       BWS29  3 0.0019 0.0015 0.0006 0.0031 0.0015 0.9914 
       BWS30  3 0.0018 0.0006 0.1535 0.0021 0.0014 0.8406 
       BWS31  3 0.0012 0.0005 0.0011 0.0022 0.0023 0.9927 
       BWS32  3 0.0008 0.0009 0.0013 0.0037 0.0032 0.9902 
       BWS33  3 0.0027 0.0009 0.0019 0.0062 0.0013 0.9870 
       BWS34  3 0.0015 0.0011 0.0006 0.0028 0.0014 0.9927 
       BWS35  3 0.0012 0.0010 0.0010 0.0045 0.0019 0.9905 
       BWS36  3 0.0008 0.0011 0.0036 0.0017 0.0010 0.9919 
       BWS37  3 0.0021 0.0006 0.0007 0.0020 0.0017 0.9929 
       BWS38  3 0.0009 0.0011 0.0048 0.0023 0.0018 0.9892 
       BWS39  3 0.0007 0.0006 0.0185 0.0017 0.0016 0.9769 
       BWS40  3 0.0009 0.0024 0.0043 0.0027 0.0011 0.9886 
       BWN01  3 0.0012 0.0008 0.0012 0.0021 0.0029 0.9918 
       BWN02  3 0.0009 0.0005 0.0286 0.0021 0.0638 0.9041 
       BWN03  3 0.0074 0.0014 0.0017 0.0108 0.0013 0.9773 
       BWN04  3 0.0008 0.0033 0.0036 0.0018 0.0023 0.9882 
        NC01  4 0.0008 0.0007 0.0098 0.0185 0.8837 0.0865 
        NC02  4 0.0018 0.0011 0.0027 0.0033 0.9748 0.0163 
        NC03  4 0.0016 0.0005 0.0011 0.0026 0.9913 0.0028 
        NC04  4 0.0010 0.0007 0.0007 0.0029 0.9874 0.0074 
        NC05  4 0.0026 0.0017 0.0010 0.0402 0.9341 0.0204 
        NC06  4 0.0095 0.0005 0.0034 0.0037 0.9541 0.0287 
        NC07  4 0.0007 0.0006 0.0026 0.0027 0.9873 0.0061 
        NC08  4 0.0023 0.0011 0.0015 0.0024 0.9196 0.0731 
        NC09  4 0.0011 0.0013 0.0009 0.0034 0.9796 0.0136 
        NC10  4 0.0008 0.0008 0.0033 0.0019 0.6699 0.3232 
        NC11  4 0.0017 0.0018 0.0019 0.0059 0.9639 0.0248 
        NC12  4 0.0018 0.0005 0.0005 0.0029 0.9864 0.0079 
        NC13  4 0.0025 0.0005 0.0009 0.0049 0.9854 0.0059 
        NC14  4 0.0010 0.0010 0.0018 0.0084 0.9736 0.0142 
        NC15  4 0.0017 0.0010 0.0009 0.0038 0.9824 0.0101 
        NC16  4 0.0008 0.0008 0.0046 0.0106 0.9592 0.0240 
        NC18  4 0.0011 0.0032 0.0019 0.0031 0.9788 0.0119 
        NC19  4 0.0008 0.0005 0.0006 0.0019 0.9932 0.0029 
        NC20  4 0.0062 0.0036 0.0026 0.0037 0.8524 0.1314 
        NC21  4 0.0034 0.0006 0.0191 0.0073 0.9532 0.0165 
        NC22  4 0.0056 0.0012 0.0009 0.0017 0.9001 0.0905 
        NC23  4 0.0010 0.0016 0.0073 0.0033 0.9636 0.0233 
        NC24  4 0.0009 0.0012 0.0008 0.0022 0.9920 0.0029 
      SAND01  4 0.0007 0.0011 0.0014 0.0028 0.0021 0.9919 
      SAND02  4 0.0008 0.0011 0.0043 0.0022 0.0014 0.9901 
      SAND03  4 0.0006 0.0006 0.0023 0.0016 0.0011 0.9938 
      SAND04  4 0.0010 0.0006 0.0020 0.0025 0.0017 0.9921 
      SAND05  4 0.0008 0.0007 0.0015 0.0025 0.0016 0.9928 
      SAND06  4 0.0009 0.0007 0.0051 0.0034 0.0045 0.9853 
      SAND07  4 0.0007 0.0017 0.0048 0.0025 0.0017 0.9886 
      SAND08  4 0.0010 0.0010 0.0011 0.0021 0.0433 0.9515 
      SAND09  4 0.0010 0.0007 0.0015 0.0090 0.0096 0.9782 
      SAND10  4 0.0009 0.0020 0.0079 0.0029 0.0107 0.9757 
      SAND11  4 0.0009 0.0008 0.0012 0.0023 0.0011 0.9937 
      SAND12  4 0.0008 0.0012 0.0027 0.0030 0.0024 0.9900 
      SAND13  4 0.0009 0.0021 0.0084 0.0028 0.0110 0.9749 
      SAND14  4 0.0011 0.0010 0.0208 0.0021 0.0029 0.9721 
      SAND15  4 0.0008 0.0005 0.0021 0.0019 0.0014 0.9933 
      SAND16  4 0.0008 0.0005 0.0051 0.0211 0.0270 0.9454 
      SAND17  4 0.0007 0.0008 0.0013 0.0023 0.0013 0.9935 
      SAND18  4 0.0007 0.0005 0.0046 0.0019 0.0016 0.9906 
      SAND19  4 0.0007 0.0005 0.0078 0.0021 0.0014 0.9876 
      SAND20  4 0.0007 0.0021 0.0014 0.0021 0.0121 0.9815 
      SAND21  4 0.0007 0.0013 0.0253 0.0020 0.0019 0.9688 
      SAND22  4 0.0006 0.0006 0.0014 0.0017 0.0017 0.9939 
      SAND23  4 0.0009 0.0005 0.0235 0.0019 0.0010 0.9723 
      SAND24  4 0.0021 0.0007 0.0009 0.0026 0.0014 0.9923 
      SAND25  4 0.0011 0.0015 0.0019 0.0097 0.0229 0.9630 
      SAND26  4 0.0010 0.0006 0.0016 0.0018 0.0051 0.9899 
      SAND27  4 0.0012 0.0011 0.0008 0.0031 0.0890 0.9047 
      SAND28  4 0.0011 0.0006 0.0017 0.0019 0.0017 0.9930 
      SAND29  4 0.0007 0.0007 0.0146 0.0020 0.0014 0.9807 
      SAND30  4 0.0007 0.0006 0.0025 0.0021 0.0021 0.9919 
      SAND31  4 0.0007 0.0017 0.0012 0.0035 0.0159 0.9770 
      SAND32  4 0.0011 0.0007 0.0014 0.0027 0.0058 0.9885 
      SAND33  4 0.0009 0.0015 0.0051 0.0021 0.0024 0.9881 
      SAND34  4 0.0008 0.0005 0.0030 0.0022 0.0024 0.9910 
      SAND35  4 0.0007 0.0007 0.0684 0.0016 0.0016 0.9270 
      SAND36  4 0.0008 0.0005 0.0017 0.0018 0.0012 0.9939 
      SAND37  4 0.0008 0.0006 0.0035 0.0019 0.0012 0.9919 
      SAND38  4 0.0008 0.0021 0.0022 0.0031 0.0034 0.9884 
      SAND39  4 0.0011 0.0006 0.0019 0.0021 0.0274 0.9669 
      SAND40  4 0.0011 0.0008 0.0233 0.0027 0.0023 0.9697 
      SAND41  4 0.0007 0.0010 0.0020 0.0021 0.0019 0.9922 
      SAND42  4 0.0008 0.0009 0.0014 0.0026 0.0018 0.9926 
      SAND43  4 0.0011 0.0009 0.0019 0.0029 0.0017 0.9914 
      SAND44  4 0.0007 0.0012 0.0025 0.0019 0.0019 0.9918 
       Hon01  5 0.0012 0.0009 0.0005 0.0035 0.9929 0.0011 
       Hon02  5 0.0021 0.0006 0.0240 0.0021 0.9671 0.0041 
       Hon03  5 0.0813 0.0201 0.0764 0.0071 0.8136 0.0015 
       Hon04  5 0.0012 0.0008 0.0015 0.0032 0.9919 0.0014 
       Hon05  5 0.0014 0.0009 0.0008 0.0021 0.9931 0.0017 
       Hon06  5 0.0006 0.0007 0.0010 0.0026 0.9940 0.0011 
       Hon07  5 0.0014 0.0010 0.0008 0.0020 0.9935 0.0013 
       Hon08  5 0.0012 0.0007 0.0005 0.0024 0.9932 0.0019 
       Hon09  5 0.0026 0.0018 0.1774 0.0020 0.8144 0.0018 
       Hon10  5 0.0032 0.0131 0.0009 0.0040 0.9772 0.0016 
       Hon11  5 0.0018 0.0017 0.0006 0.0384 0.9494 0.0081 
       Hon12  5 0.0035 0.0019 0.0337 0.0021 0.9555 0.0033 
       Hon13  5 0.0015 0.0009 0.0006 0.0022 0.9933 0.0015 
       Hon14  5 0.0218 0.0013 0.0006 0.0033 0.9716 0.0013 
       Hon15  5 0.0017 0.0007 0.0013 0.0032 0.9922 0.0009 
       Hon16  5 0.0011 0.0007 0.0005 0.0024 0.9933 0.0020 
       Hon17  5 0.0008 0.0008 0.0006 0.0023 0.9942 0.0014 
       Hon18  5 0.0010 0.0008 0.0036 0.0024 0.9456 0.0465 
       Hon19  5 0.0010 0.0027 0.0008 0.0046 0.9892 0.0017 
       Hon20  5 0.0009 0.0013 0.0005 0.0099 0.9860 0.0014 
      ERIN01  6 0.0009 0.9957 0.0004 0.0016 0.0006 0.0008 
      ERIN02  6 0.0009 0.9958 0.0004 0.0016 0.0005 0.0008 
      ERIN03  6 0.0008 0.9958 0.0004 0.0016 0.0005 0.0008 
      ERIN04  6 0.0009 0.9958 0.0004 0.0016 0.0005 0.0008 
      ERIN05  6 0.0008 0.9958 0.0004 0.0016 0.0006 0.0008 
      ERIN06  6 0.0008 0.9958 0.0004 0.0016 0.0005 0.0008 
      ERIN07  6 0.0008 0.9958 0.0004 0.0016 0.0005 0.0008 
      ERIN08  6 0.0009 0.9958 0.0004 0.0016 0.0005 0.0008 
      ERIN09  6 0.0009 0.9959 0.0004 0.0016 0.0005 0.0008 
      ERIN10  6 0.0008 0.9959 0.0004 0.0016 0.0005 0.0008 
      ERIN11  6 0.0009 0.9925 0.0004 0.0030 0.0024 0.0008 
      ERIN12  6 0.0009 0.9958 0.0004 0.0016 0.0005 0.0008 
      ERIN13  6 0.0008 0.9958 0.0004 0.0016 0.0005 0.0008 
      ERIN14  6 0.0008 0.9958 0.0004 0.0016 0.0006 0.0008 
      ERIN15  6 0.0009 0.9958 0.0004 0.0016 0.0006 0.0008 
      ERIN16  6 0.0008 0.9957 0.0004 0.0017 0.0006 0.0008 
      ERIN17  6 0.0009 0.9958 0.0004 0.0016 0.0005 0.0008 
      ERIN18  6 0.0008 0.9958 0.0004 0.0016 0.0005 0.0008 
      ERIN19  6 0.0009 0.9959 0.0004 0.0016 0.0005 0.0008 
      ERIN20  6 0.0009 0.9958 0.0004 0.0016 0.0005 0.0008 
      ERIN21  6 0.0009 0.9957 0.0004 0.0016 0.0006 0.0008 
      ERIN22  6 0.0008 0.9959 0.0004 0.0016 0.0005 0.0008 
      ERIN23  6 0.0009 0.9958 0.0004 0.0016 0.0005 0.0008 
      ERIN24  6 0.0008 0.9958 0.0004 0.0016 0.0006 0.0008 
      ERIN25  6 0.0009 0.9958 0.0004 0.0016 0.0006 0.0008 
      ERIN26  6 0.0009 0.9958 0.0004 0.0016 0.0005 0.0008 
      ERIN27  6 0.0008 0.9959 0.0004 0.0016 0.0005 0.0008 
      ERIN28  6 0.0009 0.9958 0.0004 0.0016 0.0006 0.0008 
      ERIN29  6 0.0009 0.9958 0.0004 0.0016 0.0005 0.0008 
      ERIN30  6 0.0009 0.9957 0.0004 0.0016 0.0005 0.0008 
      ERIN31  6 0.0008 0.9958 0.0004 0.0016 0.0005 0.0008 
      ERIN32  6 0.0008 0.9959 0.0004 0.0015 0.0005 0.0008 
      ERIN33  6 0.0009 0.9958 0.0004 0.0016 0.0005 0.0008 
      ERIN34  6 0.0008 0.9958 0.0004 0.0016 0.0005 0.0008 
      ERIN35  6 0.0009 0.9958 0.0004 0.0016 0.0006 0.0008 
      ERIN38  6 0.0009 0.9958 0.0004 0.0016 0.0006 0.0008 
      ERIN39  6 0.0008 0.9959 0.0004 0.0015 0.0006 0.0008 
      ERIN40  6 0.0008 0.9959 0.0004 0.0016 0.0005 0.0008 
      ERIN41  6 0.0008 0.9958 0.0004 0.0016 0.0005 0.0008 
      ERIN42  6 0.0008 0.9959 0.0004 0.0016 0.0005 0.0008 
      ERIN43  6 0.0009 0.9959 0.0004 0.0015 0.0005 0.0008 
      ERIN44  6 0.0008 0.9958 0.0004 0.0016 0.0005 0.0008 
      ERIN45  6 0.0009 0.9958 0.0004 0.0016 0.0005 0.0008 
      ERIN46  6 0.0008 0.9958 0.0004 0.0016 0.0005 0.0008 
      ERIN47  6 0.0008 0.9959 0.0004 0.0016 0.0005 0.0008 
       FDS01  6 0.0008 0.9958 0.0004 0.0016 0.0005 0.0008 
       FDS02  6 0.0008 0.9958 0.0004 0.0016 0.0005 0.0008 
       FDS03  6 0.0008 0.9957 0.0004 0.0017 0.0006 0.0008 
       FDS04  6 0.0009 0.9958 0.0004 0.0016 0.0005 0.0008 
       FDS05  6 0.0008 0.9958 0.0004 0.0016 0.0005 0.0008 
       FDS06  6 0.0009 0.9958 0.0004 0.0016 0.0005 0.0008 
       FDS07  6 0.0008 0.9959 0.0004 0.0016 0.0005 0.0008 
       FDS08  6 0.0008 0.9958 0.0004 0.0016 0.0005 0.0008 
       FDS09  6 0.0008 0.9958 0.0004 0.0016 0.0005 0.0008 
       FDS10  6 0.0009 0.9959 0.0004 0.0016 0.0005 0.0008 
       FDS11  6 0.0008 0.9958 0.0004 0.0016 0.0006 0.0008 
       FDS12  6 0.0008 0.9957 0.0004 0.0017 0.0006 0.0008 
       FDS13  6 0.0009 0.9958 0.0004 0.0016 0.0005 0.0008 
       FDS14  6 0.0009 0.9958 0.0004 0.0016 0.0005 0.0008 
       FDS15  6 0.0009 0.9958 0.0004 0.0016 0.0005 0.0008 
       FDS16  6 0.0009 0.9958 0.0004 0.0016 0.0005 0.0008 
       FDS17  6 0.0008 0.9959 0.0004 0.0016 0.0006 0.0008 
       FDS18  6 0.0008 0.9957 0.0004 0.0017 0.0006 0.0008 
       EPP01  6 0.0016 0.0111 0.0005 0.9850 0.0007 0.0011 
       EPP02  6 0.0015 0.0111 0.0005 0.9851 0.0007 0.0011 
       EPP03  6 0.0016 0.0083 0.0005 0.9877 0.0007 0.0012 
       EPP04  6 0.0015 0.0104 0.0005 0.9857 0.0007 0.0011 
       EPP05  6 0.0016 0.0106 0.0005 0.9855 0.0007 0.0011 
       EPP06  6 0.0015 0.0116 0.0005 0.9846 0.0007 0.0011 
       EPP07  6 0.0015 0.0109 0.0005 0.9852 0.0007 0.0011 
       EPP08  6 0.0016 0.0106 0.0004 0.9855 0.0007 0.0011 
       EPP09  6 0.0015 0.0106 0.0005 0.9856 0.0007 0.0012 
       EPP10  6 0.0015 0.0109 0.0005 0.9853 0.0007 0.0011 
       EPP11  6 0.0015 0.0104 0.0005 0.9857 0.0007 0.0011 
       EPP12  6 0.0015 0.0109 0.0004 0.9853 0.0007 0.0012 
       EPP13  6 0.0015 0.0118 0.0005 0.9844 0.0007 0.0011 
       EPP14  6 0.0015 0.0103 0.0005 0.9859 0.0007 0.0011 
       EPP15  6 0.0015 0.0034 0.0005 0.9900 0.0015 0.0031 
       EPP16  6 0.0016 0.0097 0.0005 0.9864 0.0007 0.0012 
       EPP17  6 0.0015 0.0109 0.0005 0.9853 0.0007 0.0011 
       EPP18  6 0.0015 0.0098 0.0005 0.9864 0.0007 0.0011 
       EPP19  6 0.0015 0.0107 0.0005 0.9855 0.0007 0.0011 
       EPP20  6 0.0016 0.0086 0.0005 0.9875 0.0007 0.0011 
       EPP21  6 0.0015 0.0461 0.0005 0.9502 0.0007 0.0011 
       EPP22  6 0.0015 0.0108 0.0005 0.9854 0.0007 0.0012 
       EPP23  6 0.0019 0.0092 0.0005 0.9866 0.0007 0.0011 
       EPP24  6 0.0014 0.0102 0.0004 0.9861 0.0007 0.0011 
       EPP25  6 0.0015 0.0112 0.0005 0.9849 0.0007 0.0011 
       EPP26  6 0.0015 0.0106 0.0005 0.9856 0.0007 0.0011 
       EPP27  6 0.0016 0.0092 0.0005 0.9869 0.0007 0.0011 
       EPP28  6 0.0015 0.0110 0.0005 0.9851 0.0007 0.0012 
       EPP29  6 0.0014 0.0103 0.0005 0.9859 0.0007 0.0011 
       EPP30  6 0.0016 0.0105 0.0005 0.9855 0.0007 0.0012 
       EPP31  6 0.0015 0.0087 0.0005 0.9875 0.0007 0.0011 
       EPP32  6 0.0015 0.0098 0.0005 0.9863 0.0007 0.0011 
       EPP33  6 0.0014 0.0105 0.0005 0.9858 0.0007 0.0011 
       EPP34  6 0.0016 0.0109 0.0005 0.9852 0.0007 0.0011 
       EPP35  6 0.0016 0.0028 0.0005 0.9908 0.0018 0.0026 
       EPP36  6 0.0015 0.0105 0.0005 0.9857 0.0007 0.0012 
       EPP37  6 0.0016 0.0088 0.0005 0.9873 0.0007 0.0012 
       EPP38  6 0.0017 0.0092 0.0005 0.9868 0.0007 0.0012 
       EPP39  6 0.0015 0.0111 0.0005 0.9851 0.0007 0.0011 
       EPP40  6 0.0016 0.0102 0.0005 0.9859 0.0007 0.0012 
       EPP41  6 0.0016 0.0113 0.0005 0.9848 0.0007 0.0011 
       EPP42  6 0.0015 0.0111 0.0005 0.9851 0.0007 0.0011 
       EPP43  6 0.0016 0.0110 0.0005 0.9851 0.0007 0.0011 
        ES68  6 0.0035 0.5975 0.0004 0.3954 0.0014 0.0018 
       ENW44  6 0.0015 0.0105 0.0005 0.9857 0.0007 0.0011 
       ENW45  6 0.0015 0.0109 0.0004 0.9853 0.0007 0.0011 
       ENW46  6 0.0016 0.0111 0.0005 0.9850 0.0007 0.0011 
       ENW48  6 0.0015 0.0113 0.0005 0.9849 0.0007 0.0011 
       ENW49  6 0.0015 0.0107 0.0005 0.9855 0.0007 0.0011 
       ENW50  6 0.0015 0.0116 0.0005 0.9846 0.0007 0.0012 
       ENW51  6 0.0014 0.9919 0.0005 0.0044 0.0007 0.0011 
       ENW52  6 0.0015 0.0110 0.0005 0.9851 0.0007 0.0011 
       ENW53  6 0.0015 0.9919 0.0005 0.0044 0.0007 0.0011 
       ENW54  6 0.0015 0.9917 0.0005 0.0046 0.0007 0.0011 
       ENW55  6 0.0014 0.9918 0.0005 0.0045 0.0007 0.0011 
       ENW56  6 0.0015 0.9917 0.0005 0.0046 0.0007 0.0011 
       ENW57  6 0.0016 0.9917 0.0005 0.0044 0.0007 0.0011 
       ENE58  6 0.0029 0.9892 0.0005 0.0052 0.0007 0.0016 
       ENE59  6 0.0015 0.9915 0.0005 0.0047 0.0007 0.0011 
       ENE60  6 0.0014 0.9918 0.0005 0.0045 0.0007 0.0011 
       ENE61  6 0.0028 0.9891 0.0005 0.0053 0.0007 0.0016 
       ENE62  6 0.0015 0.9919 0.0005 0.0044 0.0007 0.0011 
       ENE63  6 0.0014 0.9917 0.0005 0.0045 0.0007 0.0012 
       ENE64  6 0.0027 0.9892 0.0005 0.0053 0.0007 0.0016 
       ENE65  6 0.0015 0.9918 0.0005 0.0045 0.0007 0.0011 
       ENE66  6 0.0014 0.9920 0.0005 0.0043 0.0007 0.0011 
       ENE67  6 0.0014 0.9917 0.0005 0.0046 0.0007 0.0012 
         CC1  7 0.2769 0.4085 0.0013 0.3089 0.0013 0.0031 
        CC10  7 0.1102 0.4578 0.0012 0.4264 0.0013 0.0033 
        CC11  7 0.0027 0.5133 0.0004 0.4814 0.0010 0.0012 
        CC12  7 0.0029 0.4765 0.0004 0.5180 0.0011 0.0012 
        CC13  7 0.2774 0.4088 0.0013 0.3084 0.0013 0.0028 
        CC14  7 0.2775 0.4084 0.0013 0.3086 0.0013 0.0029 
        CC15  7 0.2498 0.4016 0.0014 0.3415 0.0018 0.0039 
        CC16  7 0.1165 0.4165 0.0004 0.4642 0.0015 0.0010 
        CC17  7 0.1301 0.4414 0.0011 0.4221 0.0015 0.0038 
         CC2  7 0.2774 0.4088 0.0014 0.3083 0.0014 0.0028 
         CC3  7 0.1410 0.3974 0.0013 0.4558 0.0018 0.0027 
         CC4  7 0.0209 0.0087 0.0005 0.8320 0.1273 0.0105 
         CC5  7 0.0038 0.5586 0.0004 0.4352 0.0010 0.0009 
         CC6  7 0.0039 0.5435 0.0004 0.4501 0.0011 0.0010 
         CC7  7 0.0037 0.5580 0.0004 0.4360 0.0010 0.0009 
         CC8  7 0.0035 0.5586 0.0004 0.4355 0.0011 0.0010 
         CC9  7 0.0041 0.5424 0.0004 0.4510 0.0011 0.0010 
       BUN01  8 0.0688 0.0009 0.0004 0.9272 0.0012 0.0015 
       BUN02  8 0.1307 0.0123 0.0004 0.8520 0.0020 0.0025 
       BUN03  8 0.0030 0.0037 0.0006 0.9888 0.0025 0.0014 
       BUN04  8 0.0024 0.0147 0.0009 0.9778 0.0011 0.0032 
       BUN05  8 0.3637 0.0132 0.0007 0.5396 0.0013 0.0815 
       BUN06  8 0.0025 0.0024 0.0006 0.9911 0.0022 0.0012 
       BUN07  8 0.0029 0.0007 0.0005 0.9929 0.0019 0.0010 
       SOB01  8 0.0015 0.0021 0.0005 0.9924 0.0009 0.0027 
       SOB02  8 0.0055 0.0117 0.0011 0.8295 0.1480 0.0042 
       SOB03  8 0.0066 0.0303 0.0019 0.9555 0.0009 0.0049 
       SOB04  8 0.0036 0.0020 0.0019 0.8713 0.0841 0.0372 
       SOB05  8 0.0017 0.0281 0.0006 0.9670 0.0009 0.0017 
       SOB06  8 0.1551 0.0216 0.0006 0.7826 0.0328 0.0073 
       SOB07  8 0.2806 0.0161 0.0004 0.6595 0.0417 0.0018 
       SOB08  8 0.0065 0.0019 0.0016 0.9868 0.0009 0.0024 
       SOB09  8 0.0025 0.0265 0.0159 0.8225 0.1093 0.0233 
       SOB10  8 0.0057 0.0043 0.0004 0.9874 0.0008 0.0013 
       SOB11  8 0.0287 0.0036 0.0011 0.7689 0.1962 0.0014 
       OSR01  8 0.0012 0.0031 0.0020 0.8633 0.1237 0.0067 
       OSR02  8 0.3167 0.0013 0.0004 0.6784 0.0019 0.0013 
       OSR03  8 0.3218 0.0013 0.0004 0.6733 0.0019 0.0013 
       OSR04  8 0.3080 0.0024 0.0004 0.6863 0.0015 0.0015 
       OSR05  8 0.3205 0.0013 0.0004 0.6746 0.0019 0.0013 
       OSR06  8 0.0021 0.0018 0.0004 0.8204 0.1732 0.0021 
       OSR07  8 0.0056 0.0011 0.0057 0.9843 0.0017 0.0017 
       OSR08  8 0.0055 0.0011 0.0057 0.9844 0.0017 0.0017 
       OSR09  8 0.0025 0.0046 0.0004 0.8554 0.1351 0.0021 
      Lion01  8 0.0070 0.0023 0.0244 0.9613 0.0029 0.0021 
      Lion02  8 0.0048 0.0016 0.0014 0.9884 0.0024 0.0015 
      Lion03  8 0.1114 0.0009 0.0006 0.8844 0.0014 0.0012 
      Lion04  8 0.0030 0.0027 0.0010 0.9892 0.0017 0.0024 
      Lion05  8 0.0031 0.0070 0.0015 0.9608 0.0088 0.0188 
      Lion06  8 0.0032 0.0068 0.0015 0.9581 0.0097 0.0206 
        TW01  8 0.0039 0.0020 0.0004 0.9908 0.0014 0.0016 
        TW02  8 0.0434 0.0063 0.0004 0.8989 0.0014 0.0496 
        TW03  8 0.0039 0.0019 0.0004 0.9909 0.0013 0.0016 
        TW04  8 0.0041 0.0019 0.0004 0.9907 0.0014 0.0016 
        CF01  8 0.0035 0.0021 0.0006 0.9915 0.0011 0.0012 
        CF02  8 0.3371 0.0007 0.0004 0.6590 0.0009 0.0020 
        CF03  8 0.0036 0.0021 0.0005 0.9914 0.0012 0.0013 
        CF04  8 0.0061 0.0012 0.0007 0.9816 0.0038 0.0066 
        CF05  8 0.0023 0.0012 0.0006 0.9923 0.0018 0.0018 
        CF06  8 0.0022 0.0011 0.0006 0.9923 0.0018 0.0019 
        CF07  8 0.0014 0.0009 0.0106 0.9359 0.0063 0.0449 
        CF08  8 0.0022 0.0011 0.0007 0.9924 0.0018 0.0018 
        CF09  8 0.0036 0.0020 0.0005 0.9915 0.0011 0.0012 
        CF10  8 0.0019 0.0007 0.0006 0.9938 0.0013 0.0017 
        CF11  8 0.0037 0.0018 0.0004 0.9881 0.0020 0.0041 
        CF12  8 0.0036 0.0022 0.0006 0.9912 0.0012 0.0013 
        CF13  8 0.0022 0.0011 0.0006 0.9924 0.0018 0.0018 
        CF14  8 0.0060 0.0013 0.0007 0.9822 0.0039 0.0060 
        CF15  8 0.0015 0.0013 0.0007 0.9897 0.0024 0.0044 
        CF16  8 0.0033 0.0021 0.0006 0.9916 0.0012 0.0013 
        CF17  8 0.0041 0.0017 0.0005 0.9911 0.0013 0.0013 
        CF18  8 0.0061 0.0013 0.0007 0.9816 0.0040 0.0063 
        CF19  8 0.0041 0.0025 0.0029 0.8745 0.0796 0.0364 
        CF20  8 0.0021 0.0012 0.0006 0.9924 0.0019 0.0018 
        CF21  8 0.0023 0.0012 0.0006 0.9922 0.0018 0.0018 
        CF22  8 0.0023 0.0011 0.0006 0.9924 0.0017 0.0018 
        CF23  8 0.0021 0.0012 0.0006 0.9924 0.0019 0.0018 
        CF24  8 0.0034 0.0019 0.0005 0.9917 0.0012 0.0012 
        CF25  8 0.0032 0.0020 0.0006 0.9919 0.0011 0.0013 
        CF26  8 0.3350 0.0007 0.0004 0.6611 0.0009 0.0019 
        CF27  8 0.0023 0.0012 0.0006 0.9924 0.0018 0.0017 
        CF28  8 0.0014 0.0013 0.0007 0.9889 0.0025 0.0051 
        CF29  8 0.0034 0.0020 0.0005 0.9916 0.0011 0.0013 
        CF30  8 0.0031 0.0026 0.0009 0.9892 0.0017 0.0024 
        CF31  8 0.0033 0.0021 0.0005 0.9917 0.0011 0.0013 
        CF32  8 0.0127 0.0013 0.0004 0.9830 0.0012 0.0014 
        CF33  8 0.0023 0.0010 0.0006 0.9003 0.0941 0.0016 
        CF34  8 0.0023 0.0011 0.0006 0.9923 0.0020 0.0017 
        CF35  8 0.0016 0.0013 0.0007 0.9899 0.0024 0.0042 
        CF36  8 0.0017 0.0022 0.0005 0.9931 0.0011 0.0014 
        BP01  8 0.0419 0.0511 0.0007 0.9013 0.0017 0.0032 
        BP02  8 0.0034 0.0015 0.0006 0.9914 0.0011 0.0020 
        BP03  8 0.0023 0.0011 0.0004 0.9935 0.0010 0.0017 
        BP04  8 0.0042 0.0021 0.0005 0.9901 0.0008 0.0023 
        BP06  8 0.0020 0.0013 0.0005 0.9938 0.0010 0.0014 
        BP07  8 0.0026 0.0174 0.0005 0.9266 0.0059 0.0470 
        BP08  8 0.0020 0.0026 0.0006 0.9925 0.0009 0.0014 
        BP09  8 0.0182 0.0021 0.0010 0.9651 0.0028 0.0108 
        BP10  8 0.0011 0.0045 0.0005 0.9906 0.0011 0.0021 
