        TC01  1 0.0023 0.9599 0.0019 0.0085 0.0008 0.0034 0.0081 0.0125 0.0028 
        TC02  1 0.0026 0.9675 0.0011 0.0022 0.0012 0.0028 0.0120 0.0066 0.0039 
        TC03  1 0.0058 0.9706 0.0013 0.0037 0.0008 0.0036 0.0061 0.0024 0.0056 
        TC04  1 0.0234 0.9044 0.0010 0.0210 0.0027 0.0028 0.0335 0.0024 0.0088 
        TC05  1 0.0041 0.9629 0.0006 0.0010 0.0007 0.0011 0.0136 0.0013 0.0147 
        TC06  1 0.0775 0.9013 0.0024 0.0019 0.0014 0.0012 0.0107 0.0014 0.0023 
        TC07  1 0.0036 0.9565 0.0008 0.0013 0.0005 0.0009 0.0132 0.0132 0.0100 
        TC08  1 0.0050 0.9733 0.0006 0.0008 0.0056 0.0015 0.0060 0.0019 0.0051 
        TC09  1 0.0196 0.9291 0.0133 0.0014 0.0210 0.0008 0.0105 0.0014 0.0030 
        TC10  1 0.0074 0.8932 0.0712 0.0010 0.0006 0.0047 0.0032 0.0080 0.0107 
        TC11  1 0.0015 0.9837 0.0010 0.0016 0.0008 0.0016 0.0025 0.0041 0.0032 
        TC12  1 0.0053 0.9353 0.0010 0.0103 0.0011 0.0018 0.0229 0.0055 0.0170 
        TC13  1 0.0037 0.9830 0.0022 0.0009 0.0014 0.0014 0.0036 0.0014 0.0022 
        TC14  1 0.0913 0.8728 0.0044 0.0058 0.0012 0.0024 0.0112 0.0028 0.0082 
        TC15  1 0.0504 0.9120 0.0049 0.0027 0.0030 0.0031 0.0179 0.0011 0.0049 
        TC16  1 0.0399 0.8797 0.0041 0.0021 0.0416 0.0017 0.0143 0.0017 0.0148 
        TC17  1 0.0147 0.8411 0.0165 0.0042 0.0012 0.0085 0.0948 0.0033 0.0156 
        TC18  1 0.0056 0.8852 0.0013 0.0519 0.0009 0.0162 0.0194 0.0034 0.0162 
        TC19  1 0.0019 0.9781 0.0058 0.0009 0.0052 0.0015 0.0028 0.0015 0.0023 
        TC20  1 0.0037 0.9784 0.0014 0.0046 0.0024 0.0015 0.0034 0.0017 0.0029 
        TC21  1 0.0044 0.7155 0.0008 0.0122 0.0022 0.0016 0.2463 0.0058 0.0111 
        TC22  1 0.0080 0.9240 0.0006 0.0015 0.0041 0.0256 0.0281 0.0030 0.0050 
        TC23  1 0.0049 0.9750 0.0012 0.0018 0.0008 0.0021 0.0035 0.0057 0.0050 
        TC24  1 0.0019 0.9857 0.0021 0.0006 0.0010 0.0009 0.0024 0.0010 0.0044 
        TC25  1 0.2345 0.6921 0.0061 0.0197 0.0017 0.0015 0.0060 0.0310 0.0076 
        TC26  1 0.0188 0.9521 0.0145 0.0009 0.0009 0.0010 0.0075 0.0011 0.0032 
        TC27  1 0.0321 0.8968 0.0009 0.0015 0.0008 0.0493 0.0130 0.0016 0.0040 
        TC28  1 0.0254 0.9450 0.0018 0.0020 0.0007 0.0018 0.0080 0.0026 0.0127 
        TC29  1 0.0594 0.8931 0.0030 0.0065 0.0007 0.0010 0.0249 0.0049 0.0063 
        TC30  1 0.0050 0.9793 0.0020 0.0010 0.0028 0.0012 0.0043 0.0015 0.0028 
        TC31  1 0.0024 0.9199 0.0011 0.0170 0.0024 0.0049 0.0064 0.0312 0.0146 
        TC32  1 0.1440 0.7627 0.0019 0.0016 0.0012 0.0010 0.0695 0.0023 0.0158 
        TC33  1 0.0055 0.9603 0.0016 0.0018 0.0008 0.0021 0.0087 0.0102 0.0090 
        TC34  1 0.1179 0.8525 0.0066 0.0013 0.0016 0.0032 0.0056 0.0020 0.0095 
        TC35  1 0.0030 0.9616 0.0013 0.0071 0.0023 0.0014 0.0047 0.0148 0.0037 
        TC36  1 0.0041 0.9758 0.0014 0.0012 0.0010 0.0019 0.0090 0.0019 0.0037 
        TC37  1 0.0012 0.9809 0.0006 0.0019 0.0007 0.0013 0.0047 0.0022 0.0065 
        TC38  1 0.0068 0.9447 0.0066 0.0214 0.0056 0.0010 0.0053 0.0054 0.0034 
        TC39  1 0.0259 0.9214 0.0342 0.0036 0.0011 0.0012 0.0064 0.0018 0.0044 
        TC40  1 0.0583 0.8924 0.0042 0.0019 0.0010 0.0025 0.0075 0.0018 0.0303 
        TC41  1 0.0025 0.9798 0.0012 0.0011 0.0007 0.0036 0.0052 0.0015 0.0044 
        TC42  1 0.0094 0.9783 0.0015 0.0008 0.0009 0.0020 0.0040 0.0010 0.0022 
        TC43  1 0.0075 0.9777 0.0007 0.0021 0.0007 0.0016 0.0037 0.0013 0.0047 
        TC44  1 0.0065 0.9495 0.0064 0.0013 0.0077 0.0095 0.0068 0.0081 0.0041 
        TC45  1 0.0014 0.9754 0.0024 0.0106 0.0006 0.0008 0.0044 0.0021 0.0023 
        TC46  1 0.0025 0.9511 0.0022 0.0086 0.0007 0.0071 0.0117 0.0016 0.0145 
        TC47  1 0.0067 0.9629 0.0032 0.0020 0.0039 0.0083 0.0047 0.0023 0.0060 
        TC48  1 0.0069 0.9106 0.0024 0.0077 0.0008 0.0044 0.0402 0.0019 0.0251 
        TC49  1 0.0040 0.9668 0.0023 0.0018 0.0007 0.0020 0.0144 0.0024 0.0057 
        TC50  1 0.0026 0.9527 0.0009 0.0040 0.0013 0.0058 0.0200 0.0031 0.0095 
        TC51  1 0.0712 0.8890 0.0012 0.0024 0.0094 0.0025 0.0090 0.0107 0.0046 
        TC52  1 0.0117 0.9451 0.0011 0.0056 0.0015 0.0010 0.0053 0.0011 0.0277 
        TC53  1 0.0070 0.9705 0.0013 0.0007 0.0009 0.0066 0.0098 0.0009 0.0021 
        TC54  1 0.0159 0.8998 0.0023 0.0027 0.0011 0.0024 0.0330 0.0030 0.0397 
        TC55  1 0.0268 0.9191 0.0117 0.0037 0.0008 0.0020 0.0237 0.0020 0.0103 
        TC56  1 0.0163 0.9271 0.0007 0.0178 0.0007 0.0046 0.0109 0.0075 0.0143 
        TC57  1 0.0019 0.9575 0.0018 0.0019 0.0008 0.0112 0.0134 0.0018 0.0097 
        TC58  1 0.0040 0.9429 0.0096 0.0016 0.0016 0.0022 0.0081 0.0268 0.0032 
        TC59  1 0.0038 0.9841 0.0010 0.0007 0.0007 0.0011 0.0042 0.0016 0.0028 
        TA01  2 0.0048 0.9736 0.0037 0.0009 0.0036 0.0021 0.0072 0.0017 0.0024 
        TA02  2 0.0021 0.9742 0.0010 0.0013 0.0007 0.0010 0.0056 0.0011 0.0131 
        TA03  2 0.0026 0.9634 0.0017 0.0014 0.0017 0.0135 0.0067 0.0024 0.0066 
        TA04  2 0.0284 0.8279 0.0011 0.0010 0.1307 0.0022 0.0036 0.0014 0.0036 
        TA05  2 0.0019 0.9776 0.0011 0.0023 0.0011 0.0019 0.0071 0.0022 0.0048 
        TA06  2 0.0062 0.9789 0.0024 0.0009 0.0019 0.0014 0.0026 0.0027 0.0030 
        TA07  2 0.0019 0.9711 0.0012 0.0014 0.0013 0.0020 0.0119 0.0043 0.0048 
        TA08  2 0.0118 0.9517 0.0012 0.0026 0.0014 0.0238 0.0028 0.0014 0.0033 
        TA09  2 0.0043 0.9823 0.0014 0.0007 0.0017 0.0014 0.0035 0.0012 0.0035 
        TA10  2 0.0041 0.9112 0.0011 0.0010 0.0014 0.0022 0.0092 0.0671 0.0027 
        TA11  2 0.0039 0.8158 0.0496 0.0039 0.0040 0.0132 0.0063 0.0949 0.0085 
        TA12  2 0.0014 0.9082 0.0010 0.0010 0.0007 0.0109 0.0594 0.0127 0.0048 
        TA13  2 0.0099 0.7965 0.0008 0.0013 0.0076 0.0027 0.1562 0.0158 0.0091 
        TA14  2 0.0073 0.9798 0.0033 0.0006 0.0010 0.0008 0.0026 0.0009 0.0035 
        TA15  2 0.0082 0.9776 0.0009 0.0007 0.0010 0.0010 0.0061 0.0018 0.0029 
        TA16  2 0.0123 0.9369 0.0024 0.0010 0.0021 0.0016 0.0143 0.0263 0.0031 
        TA17  2 0.0080 0.9564 0.0009 0.0010 0.0009 0.0103 0.0121 0.0018 0.0087 
        TA18  2 0.0032 0.8971 0.0006 0.0008 0.0016 0.0016 0.0789 0.0122 0.0039 
        TA19  2 0.0108 0.8649 0.0014 0.0010 0.0279 0.0695 0.0101 0.0067 0.0076 
        TA20  2 0.0034 0.9353 0.0039 0.0019 0.0006 0.0031 0.0160 0.0018 0.0340 
        TA21  2 0.0084 0.9385 0.0212 0.0019 0.0010 0.0020 0.0125 0.0026 0.0119 
        TA22  2 0.0364 0.9474 0.0009 0.0010 0.0006 0.0012 0.0040 0.0010 0.0075 
        TA23  2 0.0212 0.9674 0.0010 0.0008 0.0008 0.0011 0.0035 0.0013 0.0030 
        TA24  2 0.0031 0.9600 0.0009 0.0011 0.0010 0.0077 0.0201 0.0017 0.0043 
        TA25  2 0.0081 0.8170 0.0011 0.0011 0.0016 0.0026 0.0127 0.1531 0.0026 
        TA26  2 0.0080 0.9486 0.0186 0.0023 0.0018 0.0046 0.0078 0.0056 0.0029 
        TA27  2 0.0041 0.9594 0.0013 0.0007 0.0028 0.0042 0.0203 0.0022 0.0051 
        TA28  2 0.0024 0.9354 0.0018 0.0091 0.0011 0.0014 0.0108 0.0013 0.0367 
        TA29  2 0.0323 0.9439 0.0014 0.0011 0.0012 0.0081 0.0063 0.0022 0.0035 
        TA30  2 0.0076 0.7499 0.1102 0.0021 0.1029 0.0085 0.0090 0.0022 0.0077 
      BERM01  3 0.9366 0.0014 0.0013 0.0006 0.0542 0.0008 0.0022 0.0012 0.0017 
      BERM02  3 0.9875 0.0021 0.0014 0.0007 0.0026 0.0007 0.0023 0.0010 0.0018 
      BERM03  3 0.9896 0.0012 0.0014 0.0007 0.0008 0.0010 0.0023 0.0013 0.0017 
      BERM04  3 0.9879 0.0010 0.0022 0.0008 0.0019 0.0011 0.0019 0.0015 0.0016 
      BERM05  3 0.9874 0.0011 0.0010 0.0010 0.0025 0.0012 0.0024 0.0015 0.0020 
      BERM06  3 0.9758 0.0020 0.0099 0.0009 0.0054 0.0010 0.0023 0.0010 0.0018 
      BERM07  3 0.9839 0.0019 0.0016 0.0007 0.0043 0.0016 0.0022 0.0019 0.0018 
      BERM08  3 0.9890 0.0014 0.0007 0.0008 0.0034 0.0008 0.0017 0.0010 0.0013 
      BERM09  3 0.6847 0.2076 0.0012 0.0006 0.0995 0.0010 0.0022 0.0014 0.0018 
      BERM10  3 0.9757 0.0022 0.0064 0.0013 0.0060 0.0019 0.0033 0.0013 0.0019 
      BERM11  3 0.9863 0.0035 0.0013 0.0008 0.0023 0.0008 0.0019 0.0014 0.0019 
      BERM12  3 0.9625 0.0038 0.0019 0.0182 0.0008 0.0062 0.0022 0.0023 0.0020 
      BERM13  3 0.9869 0.0016 0.0006 0.0007 0.0029 0.0012 0.0024 0.0016 0.0022 
      BERM14  3 0.9798 0.0025 0.0085 0.0007 0.0022 0.0010 0.0020 0.0016 0.0018 
      CROC01  3 0.9744 0.0017 0.0009 0.0011 0.0026 0.0036 0.0048 0.0023 0.0087 
      CROC02  3 0.9737 0.0025 0.0066 0.0020 0.0010 0.0010 0.0058 0.0019 0.0055 
      CROC03  3 0.9811 0.0030 0.0040 0.0022 0.0016 0.0014 0.0025 0.0014 0.0028 
      CROC04  3 0.9458 0.0334 0.0007 0.0006 0.0015 0.0010 0.0087 0.0013 0.0070 
      CROC05  3 0.9839 0.0015 0.0025 0.0008 0.0026 0.0008 0.0035 0.0023 0.0020 
      CROC06  3 0.9310 0.0045 0.0021 0.0013 0.0029 0.0012 0.0089 0.0331 0.0148 
      CROC07  3 0.9809 0.0044 0.0014 0.0008 0.0024 0.0017 0.0040 0.0016 0.0030 
      CROC08  3 0.9650 0.0018 0.0012 0.0019 0.0019 0.0019 0.0033 0.0031 0.0200 
      CROC09  3 0.9209 0.0014 0.0063 0.0011 0.0619 0.0007 0.0031 0.0011 0.0034 
      CROC10  3 0.9264 0.0015 0.0010 0.0009 0.0635 0.0008 0.0025 0.0020 0.0015 
      CROC11  3 0.9218 0.0015 0.0062 0.0012 0.0611 0.0007 0.0030 0.0010 0.0035 
     CROC110  3 0.9582 0.0057 0.0025 0.0007 0.0067 0.0016 0.0185 0.0015 0.0045 
     CROC116  3 0.9719 0.0036 0.0047 0.0020 0.0014 0.0019 0.0076 0.0017 0.0053 
      CROC12  3 0.9874 0.0013 0.0014 0.0007 0.0029 0.0007 0.0027 0.0011 0.0018 
     CROC123  3 0.9861 0.0016 0.0033 0.0008 0.0033 0.0006 0.0019 0.0008 0.0015 
      CROC13  3 0.9844 0.0013 0.0040 0.0020 0.0012 0.0012 0.0023 0.0020 0.0016 
      CROC14  3 0.8996 0.0024 0.0048 0.0011 0.0019 0.0006 0.0047 0.0826 0.0022 
      CROC15  3 0.8794 0.0025 0.0012 0.0069 0.0012 0.0011 0.0133 0.0129 0.0816 
      CROC16  3 0.9432 0.0012 0.0084 0.0052 0.0291 0.0013 0.0058 0.0018 0.0040 
      CROC17  3 0.9649 0.0226 0.0010 0.0008 0.0010 0.0007 0.0066 0.0010 0.0015 
      CROC18  3 0.9705 0.0028 0.0013 0.0071 0.0011 0.0022 0.0046 0.0011 0.0093 
      CROC19  3 0.9844 0.0026 0.0007 0.0009 0.0018 0.0017 0.0036 0.0017 0.0026 
     CROC198  3 0.9771 0.0014 0.0068 0.0008 0.0058 0.0019 0.0026 0.0018 0.0017 
      CROC20  3 0.9832 0.0014 0.0020 0.0013 0.0022 0.0012 0.0036 0.0016 0.0037 
     CROC202  3 0.9804 0.0015 0.0049 0.0030 0.0018 0.0019 0.0024 0.0020 0.0019 
      CROC21  3 0.9860 0.0018 0.0008 0.0009 0.0034 0.0010 0.0028 0.0015 0.0018 
     CROC216  3 0.9410 0.0233 0.0011 0.0012 0.0034 0.0010 0.0094 0.0014 0.0182 
      CROC22  3 0.9432 0.0058 0.0109 0.0011 0.0023 0.0209 0.0125 0.0015 0.0019 
      CROC23  3 0.9237 0.0089 0.0007 0.0010 0.0569 0.0011 0.0037 0.0015 0.0026 
      CROC24  3 0.9693 0.0023 0.0089 0.0017 0.0109 0.0009 0.0026 0.0012 0.0022 
      CROC25  3 0.9881 0.0016 0.0023 0.0007 0.0013 0.0008 0.0020 0.0014 0.0019 
     CROC259  3 0.9731 0.0085 0.0011 0.0010 0.0026 0.0010 0.0026 0.0085 0.0017 
      CROC26  3 0.9501 0.0378 0.0014 0.0009 0.0023 0.0015 0.0021 0.0018 0.0021 
      CROC27  3 0.9586 0.0243 0.0032 0.0009 0.0033 0.0014 0.0033 0.0013 0.0038 
      CROC28  3 0.8281 0.0295 0.1069 0.0007 0.0284 0.0008 0.0024 0.0015 0.0017 
      CROC29  3 0.9880 0.0016 0.0014 0.0009 0.0009 0.0009 0.0025 0.0012 0.0025 
      CROC30  3 0.9695 0.0024 0.0050 0.0016 0.0047 0.0010 0.0084 0.0015 0.0060 
      CROC31  3 0.9249 0.0277 0.0021 0.0009 0.0165 0.0011 0.0226 0.0017 0.0026 
      CROC32  3 0.9819 0.0014 0.0077 0.0007 0.0018 0.0010 0.0024 0.0015 0.0016 
      CROC33  3 0.9462 0.0080 0.0007 0.0013 0.0010 0.0010 0.0064 0.0008 0.0344 
      CROC34  3 0.9880 0.0017 0.0007 0.0008 0.0013 0.0012 0.0022 0.0017 0.0023 
      CROC35  3 0.9697 0.0132 0.0012 0.0011 0.0020 0.0006 0.0096 0.0012 0.0013 
      CROC36  3 0.9656 0.0012 0.0019 0.0009 0.0239 0.0008 0.0023 0.0016 0.0018 
      CROC57  3 0.9881 0.0012 0.0009 0.0008 0.0011 0.0010 0.0023 0.0026 0.0020 
      CROC81  3 0.9757 0.0016 0.0051 0.0045 0.0018 0.0010 0.0034 0.0015 0.0053 
      CROC84  3 0.9781 0.0030 0.0022 0.0038 0.0060 0.0021 0.0021 0.0013 0.0013 
        FW01  3 0.0011 0.0009 0.9913 0.0008 0.0006 0.0008 0.0018 0.0011 0.0016 
        FW02  3 0.0009 0.0008 0.0005 0.0005 0.9932 0.0006 0.0014 0.0009 0.0012 
        FW03  3 0.0010 0.0008 0.9926 0.0006 0.0007 0.0006 0.0014 0.0009 0.0013 
        FW04  3 0.0009 0.0007 0.0006 0.0005 0.9932 0.0006 0.0014 0.0009 0.0012 
        FW05  3 0.0010 0.0007 0.0005 0.0005 0.9932 0.0006 0.0014 0.0009 0.0012 
        FW06  3 0.0010 0.0008 0.0005 0.0005 0.9931 0.0006 0.0014 0.0009 0.0012 
        FW07  3 0.0010 0.0008 0.9927 0.0006 0.0006 0.0006 0.0014 0.0009 0.0013 
        FW08  3 0.0009 0.0007 0.0005 0.0005 0.9932 0.0006 0.0014 0.0009 0.0012 
        FW09  3 0.0010 0.0007 0.0005 0.0005 0.9932 0.0006 0.0014 0.0009 0.0012 
        FW10  3 0.0010 0.0008 0.9926 0.0006 0.0006 0.0006 0.0015 0.0009 0.0014 
       FW100  3 0.0010 0.0008 0.9925 0.0006 0.0008 0.0006 0.0014 0.0009 0.0013 
       FW101  3 0.0010 0.0008 0.9926 0.0006 0.0007 0.0006 0.0015 0.0009 0.0013 
       FW102  3 0.0010 0.0008 0.0005 0.0005 0.9932 0.0006 0.0014 0.0009 0.0012 
       FW103  3 0.0010 0.0007 0.0006 0.0005 0.9931 0.0006 0.0014 0.0009 0.0012 
       FW104  3 0.0012 0.0009 0.9912 0.0008 0.0006 0.0009 0.0018 0.0011 0.0016 
       FW105  3 0.0009 0.0008 0.9926 0.0006 0.0006 0.0007 0.0015 0.0009 0.0013 
       FW106  3 0.9568 0.0054 0.0019 0.0020 0.0140 0.0016 0.0056 0.0014 0.0113 
       FW107  3 0.0012 0.0009 0.9912 0.0008 0.0006 0.0008 0.0018 0.0011 0.0016 
       FW108  3 0.0010 0.0008 0.0005 0.0005 0.9930 0.0006 0.0014 0.0009 0.0012 
       FW109  3 0.0010 0.0008 0.9926 0.0006 0.0007 0.0006 0.0014 0.0009 0.0014 
        FW11  3 0.0010 0.0008 0.9924 0.0006 0.0008 0.0007 0.0015 0.0009 0.0013 
       FW110  3 0.0010 0.0009 0.9926 0.0006 0.0006 0.0007 0.0014 0.0009 0.0013 
       FW111  3 0.0009 0.0008 0.0005 0.0005 0.9932 0.0006 0.0014 0.0009 0.0012 
       FW112  3 0.0010 0.0009 0.9923 0.0006 0.0009 0.0007 0.0015 0.0009 0.0013 
       FW113  3 0.0010 0.0008 0.0005 0.0005 0.9932 0.0006 0.0014 0.0009 0.0012 
       FW114  3 0.0015 0.0022 0.9896 0.0007 0.0006 0.0007 0.0021 0.0009 0.0016 
       FW115  3 0.0010 0.0008 0.9927 0.0006 0.0006 0.0006 0.0014 0.0009 0.0013 
       FW116  3 0.0010 0.0008 0.0005 0.0005 0.9932 0.0006 0.0014 0.0009 0.0012 
        FW12  3 0.0010 0.0008 0.0005 0.0005 0.9932 0.0006 0.0014 0.0009 0.0012 
        FW13  3 0.0009 0.0008 0.0006 0.0005 0.9932 0.0006 0.0014 0.0009 0.0012 
        FW14  3 0.0012 0.0009 0.9912 0.0008 0.0006 0.0008 0.0018 0.0011 0.0016 
        FW15  3 0.0012 0.0009 0.9912 0.0008 0.0006 0.0008 0.0018 0.0011 0.0016 
        FW16  3 0.0010 0.0008 0.9926 0.0006 0.0007 0.0007 0.0014 0.0009 0.0013 
        FW17  3 0.0010 0.0009 0.9925 0.0006 0.0007 0.0007 0.0015 0.0009 0.0013 
        FW18  3 0.0010 0.0009 0.9923 0.0006 0.0008 0.0007 0.0015 0.0009 0.0013 
        FW19  3 0.0010 0.0008 0.0005 0.0005 0.9932 0.0006 0.0014 0.0009 0.0012 
        FW20  3 0.0010 0.0008 0.0005 0.0005 0.9932 0.0006 0.0014 0.0009 0.0012 
        FW21  3 0.0009 0.0007 0.0006 0.0005 0.9932 0.0006 0.0014 0.0009 0.0012 
        FW22  3 0.0010 0.0008 0.9924 0.0006 0.0008 0.0007 0.0015 0.0009 0.0013 
        FW23  3 0.0009 0.0008 0.0005 0.0005 0.9932 0.0006 0.0014 0.0009 0.0012 
        FW24  3 0.0009 0.0008 0.0006 0.0005 0.9932 0.0006 0.0014 0.0009 0.0012 
        FW25  3 0.0009 0.0008 0.0005 0.0005 0.9932 0.0006 0.0014 0.0009 0.0012 
        FW26  3 0.0010 0.0007 0.0005 0.0005 0.9932 0.0006 0.0013 0.0009 0.0012 
        FW27  3 0.0009 0.0008 0.9926 0.0006 0.0007 0.0006 0.0015 0.0009 0.0013 
        FW28  3 0.0009 0.0008 0.0005 0.0005 0.9932 0.0006 0.0014 0.0009 0.0012 
        FW29  3 0.0010 0.0008 0.0005 0.0005 0.9931 0.0006 0.0014 0.0009 0.0012 
        FW30  3 0.9563 0.0054 0.0019 0.0020 0.0147 0.0016 0.0057 0.0013 0.0109 
        FW32  3 0.0012 0.0009 0.9913 0.0008 0.0006 0.0008 0.0018 0.0010 0.0016 
        FW33  3 0.0094 0.0027 0.0006 0.0005 0.9729 0.0006 0.0112 0.0009 0.0012 
        FW34  3 0.0010 0.0007 0.0005 0.0005 0.9932 0.0006 0.0013 0.0009 0.0012 
        FW35  3 0.0010 0.0008 0.0005 0.0005 0.9932 0.0006 0.0014 0.0009 0.0012 
        FW36  3 0.0010 0.0007 0.0006 0.0005 0.9932 0.0006 0.0014 0.0009 0.0012 
        FW37  3 0.0009 0.0008 0.9926 0.0006 0.0006 0.0006 0.0015 0.0009 0.0013 
        FW51  3 0.0009 0.0007 0.0005 0.0005 0.9932 0.0006 0.0014 0.0009 0.0012 
        FW52  3 0.0009 0.0009 0.9925 0.0007 0.0006 0.0007 0.0015 0.0009 0.0014 
        FW53  3 0.0010 0.0008 0.0006 0.0005 0.9931 0.0006 0.0014 0.0009 0.0012 
        FW54  3 0.0010 0.0008 0.9926 0.0006 0.0007 0.0007 0.0014 0.0009 0.0013 
        FW55  3 0.0010 0.0008 0.0005 0.0005 0.9932 0.0006 0.0014 0.0009 0.0012 
        FW56  3 0.0009 0.0007 0.0005 0.0005 0.9932 0.0006 0.0014 0.0009 0.0012 
        FW57  3 0.0009 0.0008 0.0006 0.0005 0.9932 0.0006 0.0013 0.0009 0.0012 
        FW78  3 0.0009 0.0008 0.0005 0.0005 0.9932 0.0006 0.0013 0.0009 0.0012 
        FW79  3 0.0010 0.0008 0.0006 0.0005 0.9932 0.0006 0.0014 0.0009 0.0012 
        FW80  3 0.0009 0.0008 0.0005 0.0005 0.9932 0.0006 0.0014 0.0009 0.0012 
        FW81  3 0.0009 0.0008 0.9926 0.0006 0.0007 0.0007 0.0015 0.0009 0.0013 
        FW82  3 0.0010 0.0008 0.9926 0.0006 0.0007 0.0006 0.0015 0.0009 0.0013 
        FW83  3 0.0012 0.0009 0.9912 0.0008 0.0006 0.0008 0.0018 0.0011 0.0016 
        FW84  3 0.0010 0.0008 0.0005 0.0005 0.9931 0.0006 0.0014 0.0009 0.0012 
        FW85  3 0.0011 0.0043 0.9689 0.0101 0.0007 0.0006 0.0056 0.0009 0.0077 
        FW86  3 0.0010 0.0009 0.9924 0.0006 0.0008 0.0007 0.0014 0.0009 0.0013 
        FW87  3 0.0010 0.0008 0.9924 0.0006 0.0008 0.0006 0.0015 0.0009 0.0013 
        FW88  3 0.0009 0.0008 0.0005 0.0005 0.9932 0.0006 0.0014 0.0009 0.0012 
        FW89  3 0.0010 0.0008 0.0005 0.0005 0.9932 0.0006 0.0014 0.0009 0.0012 
        FW90  3 0.0009 0.0008 0.0005 0.0005 0.9932 0.0006 0.0014 0.0009 0.0012 
        FW91  3 0.0009 0.0008 0.9926 0.0006 0.0006 0.0006 0.0015 0.0009 0.0013 
        FW92  3 0.0010 0.0008 0.0006 0.0005 0.9932 0.0006 0.0014 0.0009 0.0012 
        FW93  3 0.0009 0.0008 0.0005 0.0005 0.9932 0.0006 0.0014 0.0009 0.0012 
        FW94  3 0.0010 0.0008 0.9926 0.0006 0.0006 0.0006 0.0015 0.0009 0.0013 
        FW95  3 0.0010 0.0008 0.0005 0.0005 0.9931 0.0006 0.0014 0.0009 0.0012 
        FW96  3 0.0010 0.0008 0.0006 0.0005 0.9931 0.0006 0.0014 0.0009 0.0012 
        FW97  3 0.9705 0.0024 0.0056 0.0014 0.0055 0.0031 0.0037 0.0038 0.0040 
        FW98  3 0.0009 0.0008 0.9927 0.0006 0.0007 0.0006 0.0014 0.0009 0.0013 
        FW99  3 0.0010 0.0007 0.0005 0.0005 0.9932 0.0006 0.0014 0.0009 0.0012 
       Cal01  3 0.7780 0.0022 0.0008 0.0009 0.2096 0.0012 0.0028 0.0015 0.0031 
       Cal02  3 0.9835 0.0015 0.0017 0.0010 0.0049 0.0010 0.0030 0.0014 0.0021 
       Cal03  3 0.9098 0.0016 0.0444 0.0012 0.0353 0.0008 0.0031 0.0008 0.0029 
       Cal04  3 0.9849 0.0014 0.0015 0.0014 0.0007 0.0027 0.0033 0.0014 0.0027 
       Cal05  3 0.9851 0.0036 0.0031 0.0007 0.0030 0.0008 0.0016 0.0008 0.0014 
       Cal06  3 0.9840 0.0028 0.0007 0.0008 0.0026 0.0008 0.0039 0.0021 0.0023 
       Cal07  3 0.9744 0.0053 0.0009 0.0006 0.0137 0.0006 0.0018 0.0010 0.0015 
       Cal08  3 0.9399 0.0020 0.0075 0.0012 0.0361 0.0024 0.0045 0.0033 0.0031 
       Cal09  3 0.9280 0.0167 0.0016 0.0020 0.0417 0.0011 0.0059 0.0012 0.0017 
       Cal10  3 0.9858 0.0018 0.0020 0.0010 0.0008 0.0012 0.0034 0.0010 0.0030 
       Cal11  3 0.9512 0.0037 0.0058 0.0009 0.0091 0.0021 0.0038 0.0207 0.0026 
      Cal197  3 0.6536 0.0022 0.0009 0.0006 0.3352 0.0006 0.0035 0.0010 0.0024 
      Cal198  3 0.8870 0.0175 0.0199 0.0007 0.0047 0.0017 0.0065 0.0010 0.0609 
      Cal199  3 0.9689 0.0015 0.0012 0.0010 0.0011 0.0203 0.0023 0.0011 0.0026 
      Cal200  3 0.9495 0.0211 0.0048 0.0020 0.0026 0.0007 0.0073 0.0019 0.0102 
      Cal201  3 0.9731 0.0043 0.0036 0.0006 0.0122 0.0007 0.0027 0.0012 0.0016 
      Cal202  3 0.9446 0.0019 0.0015 0.0068 0.0044 0.0066 0.0133 0.0013 0.0197 
      Cal203  3 0.9832 0.0014 0.0056 0.0009 0.0009 0.0011 0.0023 0.0025 0.0021 
      Cal204  3 0.9889 0.0016 0.0006 0.0010 0.0011 0.0009 0.0023 0.0015 0.0021 
      Cal205  3 0.9873 0.0016 0.0015 0.0008 0.0022 0.0010 0.0026 0.0008 0.0021 
      Cal206  3 0.9844 0.0017 0.0024 0.0013 0.0026 0.0009 0.0032 0.0012 0.0023 
      Cal207  3 0.9864 0.0019 0.0006 0.0006 0.0021 0.0007 0.0022 0.0009 0.0046 
      Cal208  3 0.9725 0.0011 0.0070 0.0008 0.0110 0.0012 0.0025 0.0015 0.0024 
      Cal209  3 0.9832 0.0013 0.0013 0.0008 0.0080 0.0009 0.0019 0.0011 0.0015 
      Cal210  3 0.9685 0.0015 0.0013 0.0010 0.0010 0.0207 0.0023 0.0011 0.0026 
      Cal211  3 0.9804 0.0024 0.0007 0.0006 0.0102 0.0008 0.0022 0.0011 0.0018 
      Cal212  3 0.9858 0.0021 0.0027 0.0008 0.0015 0.0010 0.0025 0.0010 0.0025 
      Cal213  3 0.7789 0.0845 0.0658 0.0008 0.0111 0.0010 0.0130 0.0008 0.0441 
      Cal214  3 0.9749 0.0011 0.0013 0.0010 0.0005 0.0104 0.0068 0.0012 0.0028 
      Cal215  3 0.9733 0.0016 0.0017 0.0018 0.0114 0.0030 0.0030 0.0017 0.0024 
      Cal216  3 0.9150 0.0034 0.0075 0.0012 0.0639 0.0007 0.0035 0.0014 0.0035 
      Cal217  3 0.9802 0.0019 0.0014 0.0006 0.0103 0.0007 0.0023 0.0012 0.0015 
      Cal218  3 0.9811 0.0032 0.0047 0.0008 0.0037 0.0010 0.0025 0.0010 0.0021 
      Cal219  3 0.9710 0.0018 0.0035 0.0008 0.0151 0.0012 0.0033 0.0014 0.0019 
      Cal220  3 0.9710 0.0020 0.0010 0.0007 0.0061 0.0031 0.0048 0.0035 0.0078 
      Cal221  3 0.9842 0.0019 0.0034 0.0008 0.0026 0.0016 0.0021 0.0009 0.0024 
      Cal222  3 0.9845 0.0019 0.0019 0.0008 0.0015 0.0037 0.0022 0.0012 0.0023 
      Cal223  3 0.9140 0.0557 0.0036 0.0009 0.0010 0.0023 0.0094 0.0028 0.0103 
      Cal224  3 0.9154 0.0021 0.0008 0.0043 0.0009 0.0013 0.0031 0.0024 0.0696 
       Cal33  3 0.9878 0.0014 0.0017 0.0008 0.0018 0.0009 0.0030 0.0010 0.0017 
       Cal34  3 0.9844 0.0023 0.0028 0.0011 0.0014 0.0010 0.0034 0.0011 0.0025 
       Cal35  3 0.9896 0.0017 0.0009 0.0008 0.0015 0.0007 0.0022 0.0010 0.0017 
       Cal37  3 0.9800 0.0037 0.0014 0.0009 0.0017 0.0008 0.0082 0.0010 0.0024 
       Cal38  3 0.7074 0.0022 0.0007 0.0005 0.2837 0.0009 0.0020 0.0011 0.0015 
       Cal39  3 0.9492 0.0025 0.0248 0.0014 0.0150 0.0019 0.0021 0.0014 0.0016 
       Cal40  3 0.9827 0.0013 0.0013 0.0008 0.0084 0.0009 0.0019 0.0012 0.0015 
       Cal41  3 0.9869 0.0014 0.0014 0.0008 0.0040 0.0009 0.0019 0.0012 0.0015 
       Cal42  3 0.9880 0.0012 0.0009 0.0009 0.0022 0.0011 0.0024 0.0017 0.0017 
       Cal43  3 0.9877 0.0017 0.0016 0.0006 0.0014 0.0010 0.0026 0.0012 0.0022 
       Cal44  3 0.9713 0.0024 0.0048 0.0010 0.0047 0.0014 0.0029 0.0015 0.0100 
        BW41  3 0.9587 0.0027 0.0010 0.0241 0.0012 0.0016 0.0043 0.0015 0.0049 
        BW42  3 0.9635 0.0025 0.0216 0.0008 0.0014 0.0009 0.0053 0.0013 0.0026 
        BW44  3 0.9863 0.0041 0.0014 0.0006 0.0007 0.0008 0.0023 0.0015 0.0022 
        BW45  3 0.9892 0.0026 0.0011 0.0005 0.0018 0.0006 0.0016 0.0011 0.0014 
        BW46  3 0.9520 0.0026 0.0322 0.0015 0.0020 0.0009 0.0041 0.0011 0.0036 
        BW47  3 0.9194 0.0057 0.0012 0.0127 0.0364 0.0014 0.0040 0.0010 0.0183 
        BW48  3 0.9751 0.0035 0.0062 0.0016 0.0015 0.0027 0.0044 0.0023 0.0028 
        BW49  3 0.9766 0.0055 0.0007 0.0006 0.0099 0.0008 0.0026 0.0017 0.0016 
        BW50  3 0.9808 0.0014 0.0036 0.0010 0.0070 0.0009 0.0023 0.0013 0.0019 
        BW51  3 0.9014 0.0361 0.0344 0.0008 0.0207 0.0010 0.0026 0.0012 0.0019 
        BW52  3 0.9830 0.0014 0.0022 0.0007 0.0026 0.0009 0.0023 0.0052 0.0017 
        BW53  3 0.9693 0.0034 0.0013 0.0008 0.0020 0.0007 0.0083 0.0010 0.0131 
        BW54  3 0.8592 0.0092 0.0044 0.0028 0.0034 0.0050 0.0061 0.0017 0.1081 
        BW55  3 0.9677 0.0033 0.0157 0.0015 0.0015 0.0012 0.0033 0.0019 0.0040 
        BW56  3 0.9888 0.0016 0.0007 0.0014 0.0018 0.0007 0.0022 0.0012 0.0017 
        BW57  3 0.9838 0.0020 0.0011 0.0008 0.0046 0.0008 0.0034 0.0011 0.0024 
        BW58  3 0.9800 0.0027 0.0061 0.0008 0.0031 0.0009 0.0028 0.0011 0.0025 
        BW59  3 0.9189 0.0020 0.0028 0.0008 0.0690 0.0009 0.0031 0.0010 0.0015 
        BW60  3 0.9852 0.0016 0.0053 0.0008 0.0011 0.0008 0.0021 0.0013 0.0018 
        BW61  3 0.8907 0.0056 0.0102 0.0630 0.0096 0.0009 0.0158 0.0018 0.0023 
        BW62  3 0.9734 0.0030 0.0098 0.0018 0.0014 0.0008 0.0029 0.0012 0.0056 
        BW63  3 0.8878 0.0192 0.0133 0.0010 0.0010 0.0013 0.0068 0.0012 0.0683 
        BW64  3 0.9356 0.0021 0.0129 0.0007 0.0426 0.0007 0.0022 0.0011 0.0020 
        BW65  3 0.9684 0.0055 0.0012 0.0040 0.0008 0.0018 0.0071 0.0021 0.0090 
        BW66  3 0.9787 0.0043 0.0044 0.0015 0.0018 0.0010 0.0021 0.0040 0.0022 
        BW67  3 0.9197 0.0679 0.0013 0.0007 0.0027 0.0007 0.0020 0.0012 0.0038 
        BW68  3 0.9818 0.0035 0.0021 0.0016 0.0019 0.0009 0.0042 0.0010 0.0030 
        BW69  3 0.9491 0.0016 0.0040 0.0371 0.0011 0.0012 0.0024 0.0014 0.0020 
        BW70  3 0.9769 0.0045 0.0025 0.0007 0.0067 0.0014 0.0029 0.0017 0.0028 
        BW71  3 0.9668 0.0017 0.0006 0.0006 0.0251 0.0008 0.0018 0.0014 0.0012 
        BW72  3 0.9689 0.0026 0.0011 0.0034 0.0040 0.0018 0.0072 0.0028 0.0082 
        BW73  3 0.9286 0.0032 0.0007 0.0140 0.0042 0.0012 0.0177 0.0284 0.0018 
        BW74  3 0.9570 0.0093 0.0168 0.0018 0.0018 0.0019 0.0066 0.0014 0.0033 
        BW75  3 0.9533 0.0051 0.0008 0.0007 0.0101 0.0010 0.0087 0.0161 0.0041 
        BW76  3 0.9863 0.0019 0.0007 0.0018 0.0011 0.0016 0.0025 0.0015 0.0026 
        BW77  3 0.9092 0.0383 0.0018 0.0017 0.0069 0.0007 0.0217 0.0014 0.0183 
        BW78  3 0.9864 0.0025 0.0028 0.0008 0.0008 0.0016 0.0018 0.0014 0.0018 
        BW79  3 0.9695 0.0021 0.0018 0.0008 0.0169 0.0012 0.0042 0.0013 0.0022 
        BW80  3 0.9843 0.0017 0.0042 0.0007 0.0017 0.0007 0.0032 0.0012 0.0023 
        BW81  3 0.9781 0.0025 0.0092 0.0008 0.0015 0.0007 0.0031 0.0011 0.0030 
       BWS05  3 0.9366 0.0104 0.0210 0.0078 0.0046 0.0022 0.0088 0.0026 0.0060 
       BWS06  3 0.8116 0.0030 0.1735 0.0009 0.0019 0.0022 0.0026 0.0016 0.0026 
       BWS07  3 0.9477 0.0040 0.0010 0.0006 0.0226 0.0009 0.0206 0.0008 0.0017 
       BWS08  3 0.9656 0.0121 0.0006 0.0063 0.0008 0.0014 0.0036 0.0044 0.0051 
       BWS09  3 0.9731 0.0015 0.0009 0.0006 0.0182 0.0008 0.0018 0.0010 0.0020 
       BWS10  3 0.9593 0.0047 0.0022 0.0009 0.0020 0.0016 0.0030 0.0015 0.0248 
       BWS11  3 0.9875 0.0012 0.0005 0.0007 0.0038 0.0009 0.0024 0.0012 0.0017 
       BWS12  3 0.9780 0.0026 0.0049 0.0010 0.0012 0.0011 0.0043 0.0028 0.0040 
       BWS13  3 0.8923 0.0014 0.0952 0.0007 0.0009 0.0011 0.0023 0.0015 0.0048 
       BWS14  3 0.7895 0.0020 0.1986 0.0010 0.0015 0.0009 0.0034 0.0009 0.0021 
       BWS15  3 0.9767 0.0021 0.0005 0.0011 0.0040 0.0033 0.0045 0.0039 0.0039 
       BWS16  3 0.9813 0.0072 0.0026 0.0009 0.0011 0.0010 0.0022 0.0011 0.0026 
       BWS17  3 0.9875 0.0016 0.0009 0.0015 0.0009 0.0011 0.0024 0.0015 0.0025 
       BWS18  3 0.9594 0.0026 0.0014 0.0009 0.0043 0.0039 0.0045 0.0010 0.0220 
       BWS19  3 0.9522 0.0028 0.0024 0.0101 0.0079 0.0028 0.0133 0.0013 0.0071 
       BWS20  3 0.9827 0.0055 0.0023 0.0007 0.0031 0.0007 0.0020 0.0013 0.0017 
       BWS21  3 0.9031 0.0096 0.0122 0.0016 0.0007 0.0038 0.0187 0.0020 0.0482 
       BWS22  3 0.9834 0.0020 0.0019 0.0008 0.0043 0.0008 0.0027 0.0011 0.0030 
       BWS23  3 0.9699 0.0024 0.0014 0.0010 0.0014 0.0018 0.0037 0.0010 0.0175 
       BWS24  3 0.9768 0.0034 0.0007 0.0010 0.0010 0.0028 0.0099 0.0017 0.0028 
       BWS25  3 0.9796 0.0012 0.0013 0.0016 0.0011 0.0010 0.0117 0.0010 0.0014 
       BWS26  3 0.9853 0.0019 0.0027 0.0010 0.0012 0.0008 0.0031 0.0019 0.0021 
       BWS27  3 0.9871 0.0031 0.0017 0.0006 0.0012 0.0008 0.0028 0.0010 0.0016 
       BWS28  3 0.9323 0.0030 0.0372 0.0016 0.0018 0.0013 0.0121 0.0015 0.0092 
       BWS29  3 0.9744 0.0045 0.0088 0.0018 0.0007 0.0017 0.0032 0.0021 0.0029 
       BWS30  3 0.9130 0.0018 0.0009 0.0008 0.0766 0.0008 0.0022 0.0012 0.0027 
       BWS31  3 0.9795 0.0072 0.0011 0.0034 0.0016 0.0010 0.0027 0.0009 0.0025 
       BWS32  3 0.9738 0.0055 0.0078 0.0008 0.0017 0.0020 0.0044 0.0018 0.0022 
       BWS33  3 0.9793 0.0014 0.0020 0.0018 0.0030 0.0016 0.0046 0.0015 0.0047 
       BWS34  3 0.9333 0.0038 0.0455 0.0019 0.0008 0.0010 0.0040 0.0021 0.0077 
       BWS35  3 0.9755 0.0025 0.0055 0.0011 0.0013 0.0038 0.0036 0.0019 0.0048 
       BWS36  3 0.9848 0.0013 0.0027 0.0009 0.0035 0.0009 0.0019 0.0025 0.0015 
       BWS37  3 0.9795 0.0039 0.0036 0.0035 0.0011 0.0011 0.0034 0.0010 0.0029 
       BWS38  3 0.9740 0.0038 0.0029 0.0011 0.0080 0.0015 0.0034 0.0023 0.0031 
       BWS39  3 0.9615 0.0054 0.0009 0.0007 0.0247 0.0009 0.0023 0.0015 0.0021 
       BWS40  3 0.9831 0.0013 0.0026 0.0011 0.0035 0.0019 0.0021 0.0026 0.0019 
       BWN01  3 0.9813 0.0040 0.0049 0.0012 0.0020 0.0012 0.0022 0.0014 0.0019 
       BWN02  3 0.9235 0.0413 0.0011 0.0008 0.0275 0.0008 0.0021 0.0010 0.0018 
       BWN03  3 0.9725 0.0020 0.0008 0.0031 0.0020 0.0016 0.0063 0.0036 0.0082 
       BWN04  3 0.9733 0.0063 0.0033 0.0016 0.0023 0.0007 0.0032 0.0065 0.0027 
        NC01  4 0.0375 0.8699 0.0084 0.0007 0.0087 0.0007 0.0681 0.0017 0.0043 
        NC02  4 0.0045 0.9776 0.0021 0.0026 0.0021 0.0011 0.0049 0.0023 0.0029 
        NC03  4 0.0019 0.9697 0.0008 0.0007 0.0012 0.0008 0.0083 0.0010 0.0155 
        NC04  4 0.0039 0.9829 0.0012 0.0009 0.0007 0.0021 0.0048 0.0013 0.0021 
        NC05  4 0.0345 0.8807 0.0009 0.0018 0.0010 0.0073 0.0608 0.0029 0.0102 
        NC06  4 0.0203 0.9406 0.0016 0.0219 0.0030 0.0015 0.0078 0.0010 0.0023 
        NC07  4 0.0043 0.9778 0.0055 0.0009 0.0014 0.0024 0.0046 0.0012 0.0020 
        NC08  4 0.0034 0.9806 0.0011 0.0012 0.0013 0.0014 0.0049 0.0030 0.0031 
        NC09  4 0.0036 0.9787 0.0009 0.0008 0.0008 0.0018 0.0039 0.0033 0.0062 
        NC10  4 0.0346 0.9541 0.0014 0.0007 0.0021 0.0006 0.0025 0.0022 0.0018 
        NC11  4 0.0459 0.9234 0.0028 0.0018 0.0019 0.0029 0.0125 0.0035 0.0052 
        NC12  4 0.0045 0.9802 0.0027 0.0031 0.0006 0.0009 0.0040 0.0010 0.0031 
        NC13  4 0.0031 0.9100 0.0010 0.0007 0.0010 0.0015 0.0072 0.0009 0.0746 
        NC14  4 0.0030 0.9501 0.0019 0.0010 0.0010 0.0011 0.0375 0.0020 0.0024 
        NC15  4 0.0063 0.9657 0.0019 0.0027 0.0012 0.0018 0.0078 0.0018 0.0109 
        NC16  4 0.0255 0.9168 0.0011 0.0007 0.0038 0.0007 0.0460 0.0016 0.0039 
        NC18  4 0.0033 0.9733 0.0015 0.0009 0.0012 0.0009 0.0051 0.0104 0.0035 
        NC19  4 0.0016 0.9896 0.0013 0.0007 0.0006 0.0007 0.0023 0.0010 0.0021 
        NC20  4 0.0149 0.9601 0.0018 0.0015 0.0025 0.0017 0.0036 0.0091 0.0047 
        NC21  4 0.0031 0.9629 0.0032 0.0009 0.0063 0.0009 0.0080 0.0010 0.0137 
        NC22  4 0.0029 0.9835 0.0040 0.0016 0.0010 0.0014 0.0019 0.0018 0.0019 
        NC23  4 0.0026 0.9777 0.0014 0.0008 0.0010 0.0011 0.0086 0.0037 0.0032 
        NC24  4 0.0024 0.9807 0.0043 0.0017 0.0008 0.0023 0.0035 0.0022 0.0021 
      SAND01  4 0.0084 0.9798 0.0007 0.0007 0.0043 0.0012 0.0019 0.0011 0.0019 
      SAND02  4 0.0113 0.9418 0.0199 0.0021 0.0184 0.0015 0.0021 0.0010 0.0018 
      SAND03  4 0.0123 0.9484 0.0115 0.0007 0.0219 0.0009 0.0019 0.0010 0.0015 
      SAND04  4 0.0024 0.9145 0.0716 0.0008 0.0050 0.0010 0.0020 0.0009 0.0018 
      SAND05  4 0.0054 0.9711 0.0124 0.0008 0.0043 0.0009 0.0021 0.0011 0.0018 
      SAND06  4 0.0049 0.8824 0.0107 0.0009 0.0952 0.0008 0.0023 0.0009 0.0019 
      SAND07  4 0.0349 0.8990 0.0023 0.0008 0.0558 0.0017 0.0021 0.0015 0.0019 
      SAND08  4 0.0076 0.9590 0.0197 0.0009 0.0077 0.0007 0.0018 0.0012 0.0015 
      SAND09  4 0.0530 0.9270 0.0045 0.0010 0.0073 0.0011 0.0024 0.0012 0.0025 
      SAND10  4 0.0048 0.9346 0.0025 0.0008 0.0509 0.0009 0.0022 0.0016 0.0017 
      SAND11  4 0.0085 0.9787 0.0026 0.0012 0.0015 0.0011 0.0025 0.0013 0.0025 
      SAND12  4 0.0063 0.9427 0.0083 0.0008 0.0359 0.0008 0.0021 0.0013 0.0019 
      SAND13  4 0.0050 0.9393 0.0026 0.0008 0.0460 0.0009 0.0022 0.0015 0.0016 
      SAND14  4 0.0179 0.9004 0.0025 0.0012 0.0715 0.0011 0.0023 0.0015 0.0018 
      SAND15  4 0.0082 0.9635 0.0066 0.0008 0.0152 0.0009 0.0020 0.0009 0.0019 
      SAND16  4 0.0976 0.8597 0.0018 0.0008 0.0335 0.0010 0.0028 0.0009 0.0020 
      SAND17  4 0.0516 0.9346 0.0014 0.0009 0.0049 0.0013 0.0023 0.0012 0.0019 
      SAND18  4 0.0147 0.8645 0.0122 0.0009 0.1019 0.0007 0.0023 0.0010 0.0018 
      SAND19  4 0.0064 0.7910 0.0110 0.0007 0.1853 0.0009 0.0021 0.0008 0.0018 
      SAND20  4 0.0065 0.9764 0.0043 0.0006 0.0064 0.0010 0.0017 0.0016 0.0016 
      SAND21  4 0.0260 0.7071 0.0037 0.0009 0.2555 0.0013 0.0022 0.0013 0.0019 
      SAND22  4 0.0045 0.9835 0.0027 0.0005 0.0040 0.0008 0.0016 0.0010 0.0015 
      SAND23  4 0.0376 0.6239 0.0967 0.0018 0.2327 0.0009 0.0029 0.0009 0.0026 
      SAND24  4 0.9783 0.0018 0.0059 0.0031 0.0010 0.0012 0.0042 0.0012 0.0033 
      SAND25  4 0.0041 0.9824 0.0024 0.0009 0.0033 0.0010 0.0025 0.0014 0.0019 
      SAND26  4 0.0048 0.9840 0.0010 0.0006 0.0044 0.0009 0.0017 0.0010 0.0015 
      SAND27  4 0.0048 0.9713 0.0135 0.0009 0.0018 0.0008 0.0026 0.0017 0.0027 
      SAND28  4 0.0110 0.9363 0.0395 0.0009 0.0062 0.0008 0.0022 0.0013 0.0018 
      SAND29  4 0.0100 0.7354 0.0105 0.0007 0.2372 0.0008 0.0023 0.0012 0.0019 
      SAND30  4 0.0317 0.9247 0.0019 0.0006 0.0351 0.0008 0.0023 0.0011 0.0018 
      SAND31  4 0.0054 0.9786 0.0010 0.0005 0.0086 0.0008 0.0020 0.0015 0.0016 
      SAND32  4 0.0016 0.9785 0.0113 0.0009 0.0020 0.0008 0.0021 0.0010 0.0018 
      SAND33  4 0.0144 0.8839 0.0253 0.0007 0.0695 0.0015 0.0017 0.0013 0.0017 
      SAND34  4 0.0069 0.9646 0.0075 0.0008 0.0140 0.0007 0.0025 0.0009 0.0020 
      SAND35  4 0.0021 0.9309 0.0028 0.0006 0.0584 0.0011 0.0015 0.0011 0.0014 
      SAND36  4 0.0462 0.9265 0.0153 0.0011 0.0048 0.0008 0.0023 0.0011 0.0018 
      SAND37  4 0.1008 0.7995 0.0098 0.0009 0.0821 0.0008 0.0028 0.0011 0.0022 
      SAND38  4 0.0043 0.9815 0.0025 0.0008 0.0045 0.0011 0.0021 0.0014 0.0018 
      SAND39  4 0.0067 0.9693 0.0026 0.0007 0.0148 0.0007 0.0025 0.0010 0.0016 
      SAND40  4 0.0062 0.8661 0.0229 0.0014 0.0959 0.0008 0.0029 0.0014 0.0024 
      SAND41  4 0.0035 0.9764 0.0082 0.0008 0.0055 0.0009 0.0019 0.0011 0.0018 
      SAND42  4 0.0392 0.9289 0.0125 0.0009 0.0119 0.0011 0.0025 0.0012 0.0019 
      SAND43  4 0.1555 0.8104 0.0137 0.0011 0.0110 0.0016 0.0029 0.0013 0.0026 
      SAND44  4 0.0028 0.9804 0.0048 0.0006 0.0059 0.0008 0.0017 0.0015 0.0015 
       Hon01  5 0.0011 0.9809 0.0006 0.0017 0.0006 0.0032 0.0042 0.0033 0.0044 
       Hon02  5 0.0128 0.9369 0.0008 0.0016 0.0366 0.0008 0.0043 0.0012 0.0050 
       Hon03  5 0.0017 0.7979 0.0005 0.0311 0.0491 0.0337 0.0226 0.0144 0.0492 
       Hon04  5 0.0020 0.9767 0.0006 0.0010 0.0018 0.0020 0.0052 0.0023 0.0085 
       Hon05  5 0.0021 0.9840 0.0009 0.0021 0.0009 0.0011 0.0038 0.0023 0.0029 
       Hon06  5 0.0010 0.9873 0.0008 0.0006 0.0012 0.0023 0.0029 0.0014 0.0025 
       Hon07  5 0.0018 0.9834 0.0007 0.0014 0.0009 0.0020 0.0030 0.0037 0.0030 
       Hon08  5 0.0016 0.9858 0.0009 0.0008 0.0007 0.0010 0.0030 0.0012 0.0050 
       Hon09  5 0.0019 0.8116 0.0005 0.0024 0.1712 0.0015 0.0028 0.0033 0.0047 
       Hon10  5 0.0016 0.8995 0.0009 0.0039 0.0011 0.0104 0.0037 0.0737 0.0053 
       Hon11  5 0.0080 0.8834 0.0008 0.0017 0.0007 0.0077 0.0881 0.0041 0.0054 
       Hon12  5 0.0069 0.9247 0.0006 0.0025 0.0442 0.0036 0.0025 0.0082 0.0069 
       Hon13  5 0.0025 0.9820 0.0007 0.0024 0.0007 0.0012 0.0055 0.0026 0.0024 
       Hon14  5 0.0015 0.9514 0.0008 0.0202 0.0008 0.0012 0.0087 0.0027 0.0128 
       Hon15  5 0.0009 0.9726 0.0005 0.0012 0.0013 0.0037 0.0041 0.0018 0.0138 
       Hon16  5 0.0016 0.9857 0.0009 0.0008 0.0007 0.0009 0.0032 0.0012 0.0050 
       Hon17  5 0.0013 0.9868 0.0009 0.0007 0.0008 0.0009 0.0036 0.0015 0.0035 
       Hon18  5 0.0031 0.9798 0.0007 0.0008 0.0029 0.0011 0.0050 0.0019 0.0046 
       Hon19  5 0.0021 0.9399 0.0008 0.0009 0.0011 0.0017 0.0037 0.0127 0.0371 
       Hon20  5 0.0018 0.9504 0.0010 0.0009 0.0007 0.0094 0.0253 0.0044 0.0059 
      ERIN01  6 0.0008 0.0007 0.0004 0.0008 0.0005 0.0010 0.0018 0.9923 0.0016 
      ERIN02  6 0.0008 0.0007 0.0004 0.0008 0.0005 0.0010 0.0018 0.9923 0.0016 
      ERIN03  6 0.0008 0.0007 0.0004 0.0008 0.0005 0.0010 0.0018 0.9924 0.0016 
      ERIN04  6 0.0008 0.0007 0.0005 0.0008 0.0005 0.0010 0.0018 0.9923 0.0016 
      ERIN05  6 0.0008 0.0007 0.0004 0.0008 0.0005 0.0010 0.0018 0.9922 0.0017 
      ERIN06  6 0.0008 0.0007 0.0004 0.0008 0.0005 0.0010 0.0018 0.9923 0.0016 
      ERIN07  6 0.0008 0.0007 0.0004 0.0008 0.0005 0.0010 0.0018 0.9924 0.0016 
      ERIN08  6 0.0008 0.0007 0.0004 0.0008 0.0005 0.0010 0.0018 0.9924 0.0016 
      ERIN09  6 0.0008 0.0007 0.0005 0.0008 0.0005 0.0010 0.0018 0.9923 0.0016 
      ERIN10  6 0.0008 0.0007 0.0004 0.0008 0.0005 0.0010 0.0018 0.9923 0.0016 
      ERIN11  6 0.0008 0.0031 0.0004 0.0009 0.0005 0.0010 0.0171 0.9745 0.0016 
      ERIN12  6 0.0008 0.0007 0.0004 0.0008 0.0005 0.0010 0.0018 0.9923 0.0016 
      ERIN13  6 0.0008 0.0007 0.0004 0.0008 0.0005 0.0010 0.0018 0.9923 0.0016 
      ERIN14  6 0.0008 0.0007 0.0004 0.0008 0.0005 0.0010 0.0018 0.9924 0.0016 
      ERIN15  6 0.0008 0.0007 0.0004 0.0008 0.0005 0.0010 0.0018 0.9923 0.0017 
      ERIN16  6 0.0008 0.0007 0.0004 0.0008 0.0005 0.0010 0.0020 0.9922 0.0016 
      ERIN17  6 0.0008 0.0007 0.0005 0.0008 0.0005 0.0010 0.0018 0.9923 0.0016 
      ERIN18  6 0.0008 0.0007 0.0004 0.0008 0.0005 0.0011 0.0018 0.9923 0.0016 
      ERIN19  6 0.0008 0.0007 0.0004 0.0008 0.0005 0.0010 0.0018 0.9923 0.0016 
      ERIN20  6 0.0008 0.0007 0.0004 0.0008 0.0005 0.0010 0.0018 0.9923 0.0016 
      ERIN21  6 0.0008 0.0010 0.0004 0.0088 0.0005 0.0083 0.0022 0.9763 0.0016 
      ERIN22  6 0.0008 0.0007 0.0004 0.0008 0.0005 0.0010 0.0018 0.9924 0.0016 
      ERIN23  6 0.0008 0.0007 0.0004 0.0008 0.0005 0.0010 0.0018 0.9922 0.0016 
      ERIN24  6 0.0008 0.0007 0.0004 0.0008 0.0005 0.0010 0.0018 0.9923 0.0016 
      ERIN25  6 0.0008 0.0010 0.0004 0.0081 0.0005 0.0092 0.0022 0.9761 0.0016 
      ERIN26  6 0.0008 0.0007 0.0004 0.0008 0.0005 0.0010 0.0018 0.9923 0.0016 
      ERIN27  6 0.0008 0.0007 0.0004 0.0008 0.0005 0.0010 0.0018 0.9924 0.0016 
      ERIN28  6 0.0008 0.0007 0.0004 0.0008 0.0005 0.0011 0.0018 0.9922 0.0016 
      ERIN29  6 0.0008 0.0007 0.0004 0.0008 0.0005 0.0010 0.0018 0.9923 0.0016 
      ERIN30  6 0.0008 0.0007 0.0004 0.0008 0.0005 0.0010 0.0018 0.9923 0.0016 
      ERIN31  6 0.0008 0.0007 0.0004 0.0008 0.0005 0.0011 0.0018 0.9923 0.0016 
      ERIN32  6 0.0008 0.0007 0.0004 0.0008 0.0005 0.0010 0.0018 0.9924 0.0016 
      ERIN33  6 0.0008 0.0007 0.0004 0.0008 0.0005 0.0010 0.0018 0.9924 0.0016 
      ERIN34  6 0.0008 0.0007 0.0004 0.0008 0.0005 0.0011 0.0018 0.9923 0.0016 
      ERIN35  6 0.0008 0.0007 0.0004 0.0008 0.0005 0.0010 0.0018 0.9923 0.0016 
      ERIN38  6 0.0008 0.0007 0.0004 0.0008 0.0005 0.0010 0.0019 0.9922 0.0017 
      ERIN39  6 0.0008 0.0007 0.0004 0.0008 0.0005 0.0010 0.0019 0.9923 0.0016 
      ERIN40  6 0.0008 0.0007 0.0004 0.0008 0.0005 0.0010 0.0018 0.9923 0.0016 
      ERIN41  6 0.0008 0.0007 0.0004 0.0008 0.0005 0.0011 0.0018 0.9923 0.0016 
      ERIN42  6 0.0008 0.0007 0.0004 0.0008 0.0005 0.0011 0.0018 0.9923 0.0016 
      ERIN43  6 0.0008 0.0007 0.0004 0.0008 0.0005 0.0010 0.0018 0.9923 0.0016 
      ERIN44  6 0.0008 0.0007 0.0004 0.0008 0.0005 0.0010 0.0018 0.9924 0.0016 
      ERIN45  6 0.0008 0.0007 0.0004 0.0008 0.0005 0.0010 0.0018 0.9923 0.0016 
      ERIN46  6 0.0008 0.0007 0.0004 0.0008 0.0005 0.0010 0.0018 0.9924 0.0016 
      ERIN47  6 0.0008 0.0007 0.0004 0.0008 0.0005 0.0010 0.0018 0.9924 0.0016 
       FDS01  6 0.0008 0.0007 0.0004 0.0008 0.0005 0.0010 0.0018 0.9924 0.0016 
       FDS02  6 0.0008 0.0007 0.0004 0.0008 0.0005 0.0010 0.0018 0.9923 0.0016 
       FDS03  6 0.0008 0.0007 0.0004 0.0008 0.0005 0.0010 0.0020 0.9921 0.0016 
       FDS04  6 0.0008 0.0007 0.0004 0.0008 0.0005 0.0010 0.0018 0.9923 0.0016 
       FDS05  6 0.0008 0.0007 0.0004 0.0008 0.0005 0.0010 0.0018 0.9923 0.0016 
       FDS06  6 0.0008 0.0007 0.0004 0.0008 0.0005 0.0010 0.0018 0.9924 0.0016 
       FDS07  6 0.0008 0.0007 0.0004 0.0008 0.0005 0.0010 0.0018 0.9923 0.0016 
