        TC01  1 0.0026 0.0010 0.0010 0.0013 0.0037 0.0027 0.0136 0.0024 0.0036 0.0073 0.0016 0.0062 0.0045 0.0068 0.0237 0.0014 0.0049 0.0105 0.0044 0.0086 0.0483 0.0024 0.0026 0.0295 0.0051 0.8006 
        TC02  1 0.0016 0.0014 0.0015 0.0016 0.0052 0.0035 0.0044 0.0034 0.0047 0.0042 0.0025 0.0021 0.0046 0.0071 0.0333 0.0033 0.0039 0.0037 0.0060 0.0104 0.0088 0.0059 0.0030 0.0084 0.0093 0.8563 
        TC03  1 0.0012 0.0015 0.0012 0.0015 0.0014 0.0014 0.0025 0.0035 0.0041 0.0063 0.0017 0.0032 0.0049 0.0084 0.0178 0.0020 0.0080 0.0042 0.0052 0.0160 0.0070 0.0045 0.0031 0.0125 0.0060 0.8712 
        TC04  1 0.0013 0.0033 0.0332 0.0015 0.0051 0.0018 0.0032 0.0027 0.0055 0.0105 0.0046 0.0027 0.0027 0.0061 0.0737 0.0027 0.0051 0.0023 0.0104 0.0377 0.0054 0.0086 0.0030 0.0728 0.0264 0.6679 
        TC05  1 0.0017 0.0013 0.0012 0.0009 0.0012 0.0012 0.0017 0.0028 0.0024 0.0025 0.0021 0.0031 0.0021 0.0038 0.0160 0.0029 0.0032 0.0026 0.0120 0.0148 0.0052 0.0026 0.0049 0.0128 0.0578 0.8373 
        TC06  1 0.0030 0.0024 0.0016 0.0012 0.0037 0.0018 0.0020 0.0025 0.0032 0.0062 0.0041 0.0036 0.0059 0.0047 0.0339 0.0012 0.0027 0.0030 0.0117 0.1116 0.0086 0.0024 0.0032 0.0096 0.0063 0.7598 
        TC07  1 0.0010 0.0008 0.0012 0.0009 0.0025 0.0023 0.0065 0.0044 0.0018 0.0029 0.0020 0.0037 0.0029 0.0035 0.0108 0.0040 0.0040 0.0028 0.0097 0.0152 0.0040 0.0037 0.0019 0.0112 0.0316 0.8647 
        TC08  1 0.0029 0.0008 0.0039 0.0013 0.0023 0.0015 0.0023 0.0047 0.0019 0.0023 0.0023 0.0047 0.0020 0.0050 0.0528 0.0021 0.0020 0.0036 0.0204 0.0137 0.0068 0.0020 0.0103 0.0064 0.0075 0.8346 
        TC09  1 0.0020 0.0056 0.0007 0.0010 0.0021 0.0026 0.0020 0.0021 0.0013 0.0033 0.0014 0.0075 0.0352 0.0029 0.1197 0.0014 0.0064 0.0114 0.0062 0.0276 0.0051 0.0029 0.0023 0.0051 0.0165 0.7255 
        TC10  1 0.0027 0.0010 0.0008 0.0008 0.0012 0.0010 0.0079 0.0021 0.0055 0.0027 0.0044 0.0028 0.0428 0.0303 0.0112 0.0061 0.0211 0.0018 0.0038 0.0168 0.0064 0.0023 0.0025 0.0194 0.0057 0.7968 
        TC11  1 0.0332 0.0007 0.0020 0.0008 0.0041 0.0010 0.0066 0.0052 0.0016 0.0038 0.0020 0.0025 0.0031 0.0077 0.0137 0.0014 0.0033 0.0032 0.0025 0.0073 0.0052 0.0039 0.0065 0.0061 0.0064 0.8659 
        TC12  1 0.0011 0.0014 0.0017 0.0034 0.0068 0.0147 0.0051 0.0044 0.0026 0.0104 0.0035 0.0028 0.0032 0.0087 0.0335 0.0015 0.0078 0.0083 0.0093 0.0211 0.0197 0.0022 0.0030 0.0316 0.0065 0.7858 
        TC13  1 0.0034 0.0008 0.0011 0.0015 0.0012 0.0011 0.0020 0.0023 0.0022 0.0025 0.0024 0.0036 0.0095 0.0062 0.0319 0.0019 0.0022 0.0028 0.0034 0.0150 0.0043 0.0048 0.0037 0.0070 0.0055 0.8777 
        TC14  1 0.0020 0.0010 0.0096 0.0017 0.0017 0.0014 0.0039 0.0068 0.0026 0.0066 0.0030 0.0057 0.0254 0.0076 0.0438 0.0016 0.0039 0.0100 0.0081 0.1050 0.0099 0.0095 0.0045 0.0118 0.0074 0.7057 
        TC15  1 0.0011 0.0017 0.0009 0.0018 0.0016 0.0019 0.0016 0.0028 0.0026 0.0039 0.0030 0.0055 0.0163 0.0079 0.0563 0.0032 0.0043 0.0039 0.0045 0.0618 0.0044 0.0171 0.0020 0.0079 0.0121 0.7698 
        TC16  1 0.0017 0.0036 0.0013 0.0016 0.0017 0.0013 0.0022 0.0059 0.0025 0.0054 0.0028 0.0026 0.0364 0.0046 0.1402 0.0028 0.0030 0.0265 0.0131 0.0286 0.0104 0.0026 0.0104 0.0352 0.0068 0.6472 
        TC17  1 0.0037 0.0023 0.0027 0.0049 0.0171 0.0035 0.0068 0.0079 0.0074 0.0067 0.0031 0.0104 0.0616 0.0088 0.0621 0.0160 0.0052 0.0040 0.0059 0.0452 0.0225 0.0026 0.0234 0.0059 0.0442 0.6160 
        TC18  1 0.0284 0.0011 0.0015 0.0012 0.0018 0.0013 0.0046 0.0064 0.0243 0.0187 0.0031 0.0019 0.0068 0.0218 0.0187 0.0016 0.0068 0.0048 0.0040 0.0264 0.0120 0.0026 0.0023 0.0070 0.0450 0.7460 
        TC19  1 0.0079 0.0009 0.0008 0.0012 0.0012 0.0014 0.0027 0.0029 0.0030 0.0029 0.0046 0.0017 0.0240 0.0069 0.1001 0.0012 0.0031 0.0021 0.0055 0.0096 0.0084 0.0026 0.0031 0.0078 0.0043 0.7901 
        TC20  1 0.0015 0.0009 0.0014 0.0013 0.0011 0.0013 0.0022 0.0029 0.0024 0.0090 0.0023 0.0030 0.0091 0.0037 0.0500 0.0021 0.0025 0.0027 0.0036 0.0136 0.0154 0.0036 0.0034 0.0080 0.0160 0.8371 
        TC21  1 0.0014 0.0082 0.0058 0.0928 0.0141 0.0021 0.0097 0.0099 0.0025 0.0235 0.0103 0.0018 0.0025 0.0065 0.0386 0.0032 0.0041 0.0042 0.0078 0.0226 0.0075 0.0050 0.0024 0.0161 0.0158 0.6815 
        TC22  1 0.0048 0.0013 0.0017 0.0021 0.0012 0.0036 0.0027 0.0025 0.0035 0.0026 0.0202 0.0032 0.0021 0.0335 0.0259 0.0076 0.0031 0.0039 0.0065 0.0202 0.0107 0.0094 0.0031 0.0094 0.0058 0.8093 
        TC23  1 0.0056 0.0008 0.0009 0.0009 0.0012 0.0009 0.0105 0.0032 0.0030 0.0047 0.0016 0.0025 0.0041 0.0100 0.0165 0.0018 0.0058 0.0022 0.0105 0.0207 0.0114 0.0041 0.0033 0.0366 0.0054 0.8319 
        TC24  1 0.0013 0.0008 0.0017 0.0008 0.0011 0.0008 0.0014 0.0052 0.0028 0.0019 0.0015 0.0017 0.0065 0.0031 0.0150 0.0013 0.0040 0.0030 0.0026 0.0095 0.0053 0.0021 0.0035 0.0055 0.0071 0.9102 
        TC25  1 0.0016 0.0023 0.0012 0.0029 0.0027 0.0026 0.0201 0.0038 0.0031 0.0187 0.0045 0.0022 0.0153 0.0041 0.0172 0.0023 0.0085 0.0023 0.0047 0.1319 0.0078 0.0090 0.0043 0.0224 0.0054 0.6993 
        TC26  1 0.0012 0.0014 0.0011 0.0013 0.0042 0.0013 0.0017 0.0034 0.0022 0.0024 0.0017 0.0030 0.0488 0.0038 0.0169 0.0021 0.0032 0.0026 0.0108 0.0337 0.0064 0.0026 0.0025 0.0242 0.0057 0.8117 
        TC27  1 0.0047 0.0015 0.0008 0.0016 0.0018 0.0011 0.0021 0.0037 0.0026 0.0029 0.0016 0.0033 0.0033 0.0637 0.0142 0.0023 0.0033 0.0033 0.0030 0.0532 0.0051 0.0049 0.0821 0.0055 0.0319 0.6962 
        TC28  1 0.0013 0.0014 0.0012 0.0017 0.0028 0.0015 0.0029 0.0029 0.0035 0.0036 0.0053 0.0023 0.0069 0.0048 0.0142 0.0018 0.0046 0.0037 0.0032 0.0480 0.0049 0.0051 0.0049 0.0344 0.0089 0.8241 
        TC29  1 0.0038 0.0009 0.0010 0.0012 0.0016 0.0018 0.0041 0.0102 0.0073 0.0070 0.0017 0.0058 0.0070 0.0035 0.0297 0.0016 0.0073 0.0040 0.0036 0.0880 0.0073 0.0086 0.0086 0.0112 0.0619 0.7113 
        TC30  1 0.0084 0.0018 0.0008 0.0013 0.0020 0.0019 0.0024 0.0033 0.0022 0.0028 0.0052 0.0030 0.0065 0.0053 0.0551 0.0013 0.0043 0.0087 0.0060 0.0207 0.0092 0.0025 0.0027 0.0049 0.0077 0.8301 
        TC31  1 0.0096 0.0008 0.0010 0.0016 0.0013 0.0012 0.0255 0.0056 0.0051 0.0131 0.0201 0.0020 0.0036 0.0159 0.0351 0.0059 0.0064 0.0067 0.0043 0.0107 0.0255 0.0035 0.0037 0.0078 0.0090 0.7752 
        TC32  1 0.0082 0.0028 0.0013 0.0008 0.0064 0.0106 0.0029 0.0029 0.0035 0.0035 0.0395 0.0034 0.0088 0.0038 0.0183 0.0022 0.0027 0.0027 0.0044 0.1253 0.0055 0.0061 0.0039 0.0142 0.0113 0.7048 
        TC33  1 0.0029 0.0014 0.0018 0.0014 0.0013 0.0015 0.0117 0.0081 0.0077 0.0039 0.0021 0.0042 0.0042 0.0071 0.0135 0.0019 0.0041 0.0045 0.0044 0.0172 0.0079 0.0033 0.0037 0.0136 0.0095 0.8571 
        TC34  1 0.0044 0.0013 0.0011 0.0015 0.0024 0.0014 0.0024 0.0103 0.0025 0.0036 0.0024 0.0100 0.0073 0.0090 0.0483 0.0025 0.0036 0.0025 0.0039 0.0989 0.0141 0.0026 0.0021 0.0086 0.0128 0.7406 
        TC35  1 0.0017 0.0016 0.0017 0.0017 0.0036 0.0012 0.0122 0.0029 0.0033 0.0100 0.0061 0.0028 0.0066 0.0123 0.0791 0.0048 0.0029 0.0051 0.0047 0.0143 0.0131 0.0026 0.0051 0.0048 0.0139 0.7819 
        TC36  1 0.0023 0.0023 0.0009 0.0024 0.0087 0.0053 0.0025 0.0030 0.0023 0.0033 0.0026 0.0027 0.0066 0.0073 0.0306 0.0026 0.0062 0.0032 0.0033 0.0156 0.0061 0.0044 0.0037 0.0157 0.0127 0.8439 
        TC37  1 0.0589 0.0016 0.0020 0.0013 0.0013 0.0020 0.0030 0.0093 0.0027 0.0041 0.0057 0.0036 0.0030 0.0053 0.0245 0.0048 0.0033 0.0043 0.0042 0.0061 0.0077 0.0038 0.0076 0.0069 0.0130 0.8099 
        TC38  1 0.0039 0.0013 0.0010 0.0013 0.0026 0.0017 0.0045 0.0035 0.0029 0.0400 0.0015 0.0022 0.0131 0.0038 0.1523 0.0015 0.0050 0.0052 0.0078 0.0256 0.0074 0.0024 0.0022 0.0231 0.0100 0.6743 
        TC39  1 0.0096 0.0050 0.0014 0.0022 0.0018 0.0013 0.0027 0.0037 0.0020 0.0048 0.0025 0.0035 0.0637 0.0039 0.0387 0.0033 0.0044 0.0044 0.0084 0.1313 0.0068 0.0022 0.0022 0.0057 0.0094 0.6753 
        TC40  1 0.0021 0.0016 0.0022 0.0017 0.0018 0.0015 0.0028 0.0143 0.0042 0.0037 0.0050 0.0041 0.0121 0.0072 0.0203 0.0017 0.0090 0.0036 0.0049 0.0762 0.0089 0.0027 0.0173 0.0085 0.0064 0.7761 
        TC41  1 0.0020 0.0013 0.0056 0.0009 0.0017 0.0014 0.0022 0.0027 0.0074 0.0032 0.0147 0.0048 0.0041 0.0041 0.0129 0.0061 0.0028 0.0024 0.0038 0.0107 0.0224 0.0030 0.0102 0.0082 0.0088 0.8530 
        TC42  1 0.0028 0.0010 0.0020 0.0015 0.0014 0.0010 0.0015 0.0024 0.0041 0.0022 0.0014 0.0024 0.0039 0.0050 0.0268 0.0013 0.0040 0.0022 0.0062 0.0358 0.0090 0.0023 0.0048 0.0054 0.0057 0.8640 
        TC43  1 0.0022 0.0008 0.0010 0.0010 0.0012 0.0014 0.0022 0.0032 0.0021 0.0042 0.0037 0.0027 0.0029 0.0067 0.0244 0.0018 0.0037 0.0035 0.0040 0.0411 0.0052 0.0099 0.0088 0.0098 0.0085 0.8439 
        TC44  1 0.0014 0.0008 0.0010 0.0018 0.0021 0.0018 0.0039 0.0025 0.0016 0.0035 0.0019 0.0031 0.0135 0.0115 0.0997 0.0077 0.0062 0.0032 0.0045 0.0226 0.0072 0.0020 0.0093 0.0071 0.0075 0.7726 
        TC45  1 0.0235 0.0046 0.0027 0.0031 0.0010 0.0008 0.0022 0.0020 0.0015 0.0129 0.0027 0.0024 0.0165 0.0030 0.0165 0.0102 0.0029 0.0035 0.0245 0.0067 0.0079 0.0034 0.0022 0.0050 0.0160 0.8223 
        TC46  1 0.0025 0.0026 0.0011 0.0018 0.0022 0.0021 0.0020 0.0031 0.0030 0.0067 0.0034 0.0019 0.0080 0.0146 0.0141 0.0084 0.0049 0.0026 0.0047 0.0117 0.0088 0.0036 0.0038 0.0261 0.0129 0.8434 
        TC47  1 0.0015 0.0008 0.0013 0.0010 0.0021 0.0013 0.0040 0.0026 0.0019 0.0031 0.0023 0.0025 0.0143 0.0252 0.0664 0.0023 0.0027 0.0029 0.0031 0.0199 0.0107 0.0025 0.0038 0.0157 0.0053 0.8007 
        TC48  1 0.0015 0.0020 0.0063 0.0015 0.0042 0.0092 0.0023 0.0251 0.0038 0.0091 0.0039 0.0043 0.0111 0.0074 0.0176 0.0029 0.0032 0.0137 0.0091 0.0237 0.0201 0.0062 0.0036 0.0098 0.0106 0.7879 
        TC49  1 0.0043 0.0012 0.0023 0.0046 0.0016 0.0057 0.0034 0.0034 0.0039 0.0040 0.0056 0.0031 0.0060 0.0047 0.0119 0.0023 0.0021 0.0098 0.0042 0.0147 0.0114 0.0064 0.0118 0.0107 0.0111 0.8500 
        TC50  1 0.0016 0.0014 0.0049 0.0013 0.0035 0.0013 0.0032 0.0072 0.0035 0.0057 0.0061 0.0049 0.0039 0.0199 0.0346 0.0019 0.0053 0.0035 0.0065 0.0094 0.0114 0.0202 0.0031 0.0051 0.0061 0.8246 
        TC51  1 0.0007 0.0017 0.0011 0.0021 0.0013 0.0109 0.0056 0.0028 0.0026 0.0048 0.0031 0.0029 0.0037 0.0065 0.0486 0.0025 0.0042 0.0041 0.0037 0.0521 0.0079 0.0062 0.0065 0.0071 0.0102 0.7971 
        TC52  1 0.0026 0.0012 0.0014 0.0018 0.0012 0.0010 0.0015 0.0033 0.0019 0.0065 0.0015 0.0022 0.0061 0.0034 0.0214 0.0016 0.0084 0.0040 0.0092 0.0199 0.0052 0.0037 0.0031 0.0760 0.0044 0.8075 
        TC53  1 0.0023 0.0007 0.0009 0.0065 0.0051 0.0103 0.0014 0.0028 0.0017 0.0022 0.0021 0.0051 0.0050 0.0148 0.0328 0.0015 0.0029 0.0022 0.0150 0.0324 0.0256 0.0032 0.0021 0.0057 0.0055 0.8102 
        TC54  1 0.0022 0.0062 0.0031 0.0037 0.0069 0.0013 0.0031 0.0499 0.0060 0.0049 0.0021 0.0049 0.0075 0.0102 0.0217 0.0056 0.0047 0.0038 0.0058 0.0448 0.0078 0.0165 0.0146 0.0055 0.0126 0.7448 
        TC55  1 0.0018 0.0044 0.0018 0.0016 0.0039 0.0024 0.0027 0.0054 0.0055 0.0048 0.0093 0.0024 0.0396 0.0068 0.0139 0.0033 0.0085 0.0027 0.0113 0.0356 0.0058 0.0176 0.0026 0.0112 0.0078 0.7874 
        TC56  1 0.0025 0.0014 0.0017 0.0012 0.0014 0.0021 0.0038 0.0088 0.0028 0.0093 0.0034 0.0032 0.0026 0.0078 0.0258 0.0015 0.0035 0.0040 0.0096 0.0243 0.0086 0.0095 0.0808 0.0064 0.0100 0.7642 
        TC57  1 0.0023 0.0016 0.0037 0.0019 0.0076 0.0015 0.0028 0.0046 0.0021 0.0029 0.0042 0.0044 0.0198 0.0179 0.0380 0.0021 0.0038 0.0080 0.0062 0.0098 0.0124 0.0050 0.0060 0.0063 0.0165 0.8086 
        TC58  1 0.0021 0.0036 0.0013 0.0012 0.0024 0.0013 0.0248 0.0026 0.0039 0.0032 0.0022 0.0032 0.0158 0.0090 0.0229 0.0047 0.0030 0.0028 0.0049 0.0145 0.0106 0.0034 0.0021 0.0215 0.0089 0.8242 
        TC59  1 0.0010 0.0031 0.0009 0.0015 0.0026 0.0011 0.0027 0.0034 0.0019 0.0021 0.0015 0.0038 0.0033 0.0059 0.0154 0.0013 0.0024 0.0026 0.0030 0.0184 0.0064 0.0019 0.0022 0.0100 0.0052 0.8965 
        TA01  2 0.0023 0.0018 0.0010 0.0010 0.0064 0.0009 0.0027 0.0047 0.0025 0.0029 0.0020 0.0299 0.0124 0.0067 0.0739 0.0013 0.0024 0.0021 0.0068 0.0170 0.0094 0.0163 0.0025 0.0046 0.0066 0.7800 
        TA02  2 0.0024 0.0010 0.0024 0.0011 0.0028 0.0013 0.0016 0.0074 0.0054 0.0045 0.0029 0.0032 0.0040 0.0039 0.0286 0.0019 0.0068 0.0026 0.0026 0.0108 0.0057 0.0036 0.0151 0.0112 0.0266 0.8407 
        TA03  2 0.0015 0.0010 0.0012 0.0015 0.0022 0.0014 0.0029 0.0068 0.0088 0.0034 0.0043 0.0054 0.0059 0.0353 0.1252 0.0035 0.0044 0.0034 0.0044 0.0121 0.0086 0.0047 0.0034 0.0061 0.0124 0.7302 
        TA04  2 0.0011 0.0011 0.0012 0.0015 0.0014 0.0020 0.0021 0.0028 0.0021 0.0030 0.0036 0.0031 0.0044 0.0100 0.3389 0.0033 0.0037 0.0022 0.0029 0.0337 0.0065 0.0041 0.0028 0.0101 0.0079 0.5446 
        TA05  2 0.0014 0.0015 0.0011 0.0012 0.0015 0.0014 0.0026 0.0046 0.0042 0.0046 0.0022 0.0028 0.0033 0.0069 0.0506 0.0018 0.0027 0.0045 0.0127 0.0081 0.0057 0.0023 0.0036 0.0164 0.0089 0.8435 
        TA06  2 0.0019 0.0009 0.0006 0.0007 0.0014 0.0008 0.0027 0.0023 0.0017 0.0025 0.0024 0.0030 0.0104 0.0041 0.0351 0.0032 0.0035 0.0016 0.0043 0.0222 0.0079 0.0123 0.0020 0.0058 0.0033 0.8636 
        TA07  2 0.0007 0.0008 0.0014 0.0039 0.0585 0.0026 0.0042 0.0058 0.0029 0.0031 0.0020 0.0025 0.0055 0.0053 0.1970 0.0017 0.0056 0.0024 0.0144 0.0095 0.0082 0.0020 0.0037 0.0089 0.0084 0.6391 
        TA08  2 0.0007 0.0006 0.0017 0.0011 0.0010 0.0012 0.0019 0.0026 0.0017 0.0049 0.0016 0.0022 0.0078 0.0572 0.0492 0.0011 0.0026 0.0016 0.0030 0.0291 0.0043 0.0136 0.0071 0.0045 0.0054 0.7925 
        TA09  2 0.0036 0.0007 0.0009 0.0007 0.0012 0.0026 0.0017 0.0028 0.0021 0.0022 0.0015 0.0032 0.0054 0.0054 0.0882 0.0012 0.0047 0.0021 0.0033 0.0164 0.0056 0.0025 0.0058 0.0365 0.0052 0.7944 
        TA10  2 0.0011 0.0036 0.0016 0.0029 0.0022 0.0022 0.0442 0.0030 0.0080 0.0031 0.0022 0.0061 0.0082 0.0047 0.0380 0.0014 0.0027 0.0035 0.0043 0.0150 0.0164 0.0054 0.0027 0.0094 0.0254 0.7826 
        TA11  2 0.0016 0.0009 0.0164 0.0031 0.0014 0.0021 0.0223 0.0034 0.0101 0.0061 0.0052 0.0023 0.0751 0.0118 0.0564 0.0240 0.0030 0.0035 0.0058 0.0128 0.0304 0.0023 0.0059 0.0055 0.0062 0.6825 
        TA12  2 0.0016 0.0008 0.0694 0.0010 0.0017 0.0014 0.0029 0.0041 0.0108 0.0027 0.0026 0.0026 0.0054 0.0039 0.0350 0.0022 0.0022 0.0029 0.0078 0.0086 0.0538 0.0047 0.0022 0.0064 0.0176 0.7459 
        TA13  2 0.0010 0.0009 0.0018 0.0019 0.0017 0.1177 0.0050 0.0062 0.0026 0.0034 0.0025 0.0036 0.0028 0.0050 0.0974 0.0017 0.0052 0.0161 0.0116 0.0349 0.0137 0.0060 0.0050 0.0095 0.0244 0.6183 
        TA14  2 0.0016 0.0006 0.0008 0.0009 0.0011 0.0013 0.0014 0.0034 0.0019 0.0019 0.0020 0.0021 0.0078 0.0037 0.0526 0.0017 0.0073 0.0021 0.0095 0.0285 0.0038 0.0023 0.0217 0.0052 0.0051 0.8297 
        TA15  2 0.0012 0.0011 0.0010 0.0060 0.0010 0.0009 0.0022 0.0030 0.0016 0.0020 0.0026 0.0029 0.0026 0.0038 0.0253 0.0018 0.0029 0.0063 0.0125 0.0382 0.0054 0.0032 0.0057 0.0048 0.0083 0.8536 
        TA16  2 0.0014 0.0021 0.0055 0.0012 0.0039 0.0047 0.0251 0.0026 0.0057 0.0025 0.0019 0.0042 0.0081 0.0061 0.1043 0.0013 0.0038 0.0048 0.0054 0.0387 0.0063 0.0035 0.0052 0.0111 0.0252 0.7154 
        TA17  2 0.0009 0.0007 0.0043 0.0014 0.0023 0.0014 0.0020 0.0048 0.0064 0.0024 0.0030 0.0102 0.0033 0.0108 0.0140 0.0015 0.0030 0.0022 0.0089 0.0176 0.0138 0.0021 0.0079 0.0182 0.0122 0.8445 
        TA18  2 0.0022 0.0012 0.0009 0.0011 0.0014 0.0014 0.0086 0.0026 0.0019 0.0023 0.0345 0.0638 0.0022 0.0057 0.0303 0.0015 0.0022 0.0028 0.0033 0.0123 0.0104 0.0023 0.0059 0.0388 0.0101 0.7503 
        TA19  2 0.0024 0.0011 0.0011 0.0010 0.0017 0.0016 0.0074 0.0037 0.0027 0.0028 0.0076 0.0030 0.0044 0.0819 0.0959 0.0033 0.0029 0.0031 0.0032 0.0164 0.0153 0.0039 0.0040 0.0107 0.0107 0.7080 
        TA20  2 0.0007 0.0008 0.0018 0.0009 0.0034 0.0011 0.0018 0.0085 0.0220 0.0030 0.0019 0.0033 0.0110 0.0048 0.0149 0.0014 0.0028 0.0027 0.0038 0.0121 0.0078 0.0022 0.0039 0.0045 0.1333 0.7455 
        TA21  2 0.0020 0.0007 0.0018 0.0013 0.0024 0.0028 0.0026 0.0104 0.0052 0.0033 0.0024 0.0085 0.0485 0.0059 0.0380 0.0012 0.0034 0.0073 0.0048 0.0199 0.0055 0.0151 0.0168 0.0157 0.0131 0.7613 
        TA22  2 0.0074 0.0006 0.0008 0.0008 0.0057 0.0009 0.0016 0.0120 0.0020 0.0027 0.0044 0.0037 0.0029 0.0039 0.0145 0.0021 0.0026 0.0016 0.0080 0.0762 0.0073 0.0064 0.0022 0.0068 0.0097 0.8132 
        TA23  2 0.0029 0.0006 0.0009 0.0010 0.0015 0.0012 0.0020 0.0036 0.0046 0.0023 0.0026 0.0036 0.0040 0.0049 0.0409 0.0014 0.0026 0.0019 0.0032 0.0694 0.0049 0.0073 0.0042 0.0077 0.0066 0.8143 
        TA24  2 0.0010 0.0008 0.0009 0.0019 0.0100 0.0010 0.0020 0.0026 0.0024 0.0027 0.0025 0.0039 0.0027 0.0185 0.0260 0.0036 0.0054 0.0671 0.0029 0.0120 0.0069 0.0053 0.0053 0.0052 0.0057 0.8016 
        TA25  2 0.0012 0.0014 0.0017 0.0027 0.0022 0.0031 0.1172 0.0020 0.0080 0.0027 0.0025 0.0091 0.0041 0.0042 0.0193 0.0014 0.0027 0.0026 0.0033 0.0213 0.0359 0.0104 0.0038 0.0065 0.0188 0.7119 
        TA26  2 0.0020 0.0008 0.0026 0.0027 0.0015 0.0011 0.0062 0.0054 0.0049 0.0086 0.0025 0.0024 0.0437 0.0108 0.0833 0.0013 0.0027 0.0021 0.0092 0.0280 0.0243 0.0046 0.0025 0.0049 0.0068 0.7352 
        TA27  2 0.0051 0.0013 0.0011 0.0015 0.0014 0.0015 0.0023 0.0054 0.0255 0.0023 0.0026 0.0105 0.0043 0.0070 0.0291 0.0018 0.0044 0.0026 0.0048 0.0132 0.0160 0.0034 0.0031 0.0057 0.0163 0.8280 
        TA28  2 0.0034 0.0010 0.0014 0.0016 0.0031 0.0034 0.0018 0.0081 0.0037 0.0108 0.0037 0.0048 0.0076 0.0047 0.0524 0.0039 0.0072 0.0073 0.0027 0.0110 0.0090 0.0022 0.0214 0.0121 0.0135 0.7982 
        TA29  2 0.0016 0.0017 0.0008 0.0015 0.0017 0.0013 0.0026 0.0028 0.0020 0.0028 0.0034 0.0031 0.0037 0.0162 0.0174 0.0016 0.0027 0.0034 0.0106 0.0675 0.0110 0.0033 0.0052 0.0096 0.0109 0.8116 
        TA30  2 0.0020 0.0010 0.0010 0.0026 0.0011 0.0027 0.0023 0.0065 0.0023 0.0040 0.0021 0.0024 0.1155 0.0200 0.2142 0.0028 0.0030 0.0071 0.0094 0.0149 0.0069 0.0034 0.0105 0.0065 0.0114 0.5443 
      BERM01  3 0.0008 0.0006 0.0010 0.0009 0.0010 0.0014 0.0018 0.0027 0.0028 0.0020 0.0018 0.0022 0.0047 0.0037 0.1138 0.0012 0.0019 0.0018 0.0032 0.8265 0.0043 0.0030 0.0020 0.0049 0.0053 0.0047 
      BERM02  3 0.0012 0.0009 0.0008 0.0012 0.0009 0.0014 0.0015 0.0028 0.0018 0.0025 0.0035 0.0019 0.0051 0.0029 0.0502 0.0015 0.0020 0.0023 0.0035 0.8830 0.0039 0.0032 0.0019 0.0054 0.0057 0.0089 
      BERM03  3 0.0007 0.0009 0.0007 0.0008 0.0013 0.0025 0.0019 0.0024 0.0028 0.0023 0.0016 0.0019 0.0048 0.0045 0.0128 0.0013 0.0021 0.0017 0.0034 0.9249 0.0051 0.0022 0.0020 0.0068 0.0048 0.0040 
      BERM04  3 0.0006 0.0008 0.0006 0.0009 0.0010 0.0015 0.0022 0.0022 0.0016 0.0025 0.0014 0.0020 0.0078 0.0061 0.0216 0.0011 0.0024 0.0015 0.0031 0.9163 0.0041 0.0022 0.0018 0.0066 0.0044 0.0037 
      BERM05  3 0.0007 0.0017 0.0008 0.0007 0.0014 0.0011 0.0023 0.0028 0.0024 0.0032 0.0014 0.0032 0.0036 0.0049 0.0453 0.0015 0.0033 0.0029 0.0044 0.8823 0.0074 0.0028 0.0025 0.0097 0.0045 0.0033 
      BERM06  3 0.0009 0.0042 0.0006 0.0008 0.0014 0.0014 0.0014 0.0020 0.0028 0.0029 0.0017 0.0035 0.0349 0.0051 0.1063 0.0051 0.0022 0.0016 0.0030 0.7873 0.0041 0.0025 0.0016 0.0118 0.0050 0.0058 
      BERM07  3 0.0012 0.0007 0.0011 0.0012 0.0010 0.0015 0.0029 0.0024 0.0018 0.0025 0.0017 0.0018 0.0065 0.0078 0.0564 0.0022 0.0022 0.0023 0.0034 0.8684 0.0072 0.0026 0.0035 0.0063 0.0047 0.0069 
      BERM08  3 0.0006 0.0006 0.0006 0.0007 0.0009 0.0008 0.0015 0.0017 0.0015 0.0028 0.0014 0.0017 0.0026 0.0038 0.0406 0.0009 0.0020 0.0015 0.0022 0.8988 0.0037 0.0134 0.0016 0.0043 0.0042 0.0056 
      BERM09  3 0.0014 0.0009 0.0007 0.0011 0.0012 0.0023 0.0018 0.0023 0.0016 0.0018 0.0017 0.0029 0.0044 0.0037 0.4128 0.0048 0.0018 0.0017 0.0023 0.5143 0.0065 0.0019 0.0018 0.0069 0.0043 0.0132 
      BERM10  3 0.0014 0.0009 0.0010 0.0026 0.0034 0.0015 0.0019 0.0023 0.0025 0.0037 0.0017 0.0021 0.0267 0.0127 0.0629 0.0035 0.0024 0.0137 0.0118 0.8033 0.0080 0.0026 0.0025 0.0083 0.0048 0.0116 
      BERM11  3 0.0010 0.0012 0.0006 0.0009 0.0007 0.0010 0.0022 0.0025 0.0013 0.0035 0.0019 0.0021 0.0052 0.0038 0.1374 0.0014 0.0022 0.0021 0.0023 0.7945 0.0037 0.0082 0.0025 0.0043 0.0066 0.0071 
      BERM12  3 0.0008 0.0006 0.0006 0.0007 0.0009 0.0012 0.0024 0.0026 0.0026 0.0173 0.0017 0.0058 0.0090 0.0039 0.0228 0.0012 0.0111 0.0014 0.0023 0.8525 0.0287 0.0024 0.0019 0.0149 0.0041 0.0066 
      BERM13  3 0.0011 0.0014 0.0008 0.0009 0.0010 0.0016 0.0025 0.0022 0.0015 0.0020 0.0020 0.0027 0.0022 0.0056 0.0563 0.0045 0.0018 0.0050 0.0030 0.8289 0.0055 0.0021 0.0023 0.0533 0.0048 0.0048 
      BERM14  3 0.0006 0.0007 0.0008 0.0009 0.0010 0.0015 0.0024 0.0021 0.0016 0.0021 0.0013 0.0026 0.0303 0.0041 0.0498 0.0020 0.0044 0.0016 0.0028 0.8562 0.0064 0.0022 0.0019 0.0048 0.0053 0.0108 
      CROC01  3 0.0008 0.0021 0.0014 0.0056 0.0014 0.0018 0.0031 0.0159 0.0038 0.0032 0.0038 0.0040 0.0034 0.0131 0.0570 0.0086 0.0113 0.0085 0.0036 0.8021 0.0171 0.0034 0.0030 0.0056 0.0100 0.0059 
      CROC02  3 0.0008 0.0063 0.0008 0.0014 0.0016 0.0012 0.0026 0.0030 0.0017 0.0039 0.0016 0.0054 0.0152 0.0037 0.0325 0.0266 0.0027 0.0052 0.0045 0.7744 0.0060 0.0037 0.0031 0.0792 0.0069 0.0060 
      CROC03  3 0.0012 0.0013 0.0012 0.0009 0.0014 0.0013 0.0022 0.0033 0.0029 0.0076 0.0023 0.0019 0.0171 0.0075 0.1097 0.0021 0.0047 0.0028 0.0043 0.7884 0.0062 0.0055 0.0049 0.0076 0.0054 0.0064 
      CROC04  3 0.0069 0.0075 0.0009 0.0012 0.0339 0.0010 0.0018 0.0023 0.0028 0.0020 0.0013 0.0036 0.0025 0.0043 0.0207 0.0166 0.0060 0.0055 0.0046 0.8100 0.0062 0.0019 0.0024 0.0041 0.0041 0.0459 
      CROC05  3 0.0013 0.0086 0.0009 0.0015 0.0014 0.0015 0.0032 0.0027 0.0020 0.0024 0.0018 0.0025 0.0145 0.0037 0.0482 0.0014 0.0024 0.0021 0.0037 0.8657 0.0050 0.0039 0.0022 0.0082 0.0054 0.0040 
      CROC06  3 0.0008 0.0028 0.0009 0.0010 0.0402 0.0009 0.0078 0.0050 0.0027 0.0037 0.0017 0.0073 0.0080 0.0048 0.0495 0.0114 0.0103 0.0024 0.0038 0.7692 0.0066 0.0190 0.0028 0.0072 0.0049 0.0253 
      CROC07  3 0.0065 0.0037 0.0008 0.0018 0.0015 0.0019 0.0020 0.0031 0.0032 0.0026 0.0022 0.0137 0.0055 0.0060 0.0593 0.0065 0.0026 0.0024 0.0043 0.8377 0.0076 0.0031 0.0021 0.0071 0.0055 0.0073 
      CROC08  3 0.0014 0.0006 0.0019 0.0012 0.0018 0.0077 0.0043 0.0127 0.0017 0.0055 0.0022 0.0033 0.0041 0.0067 0.0249 0.0013 0.0048 0.0019 0.0034 0.8360 0.0125 0.0101 0.0105 0.0050 0.0289 0.0054 
      CROC09  3 0.0009 0.0010 0.0008 0.0009 0.0016 0.0009 0.0016 0.0086 0.0013 0.0034 0.0029 0.0018 0.0179 0.0033 0.1744 0.0011 0.0059 0.0020 0.0458 0.6985 0.0044 0.0036 0.0031 0.0051 0.0051 0.0038 
      CROC10  3 0.0010 0.0011 0.0008 0.0014 0.0010 0.0015 0.0028 0.0020 0.0016 0.0030 0.0025 0.0029 0.0039 0.0040 0.1451 0.0014 0.0025 0.0022 0.0052 0.7918 0.0045 0.0028 0.0017 0.0050 0.0042 0.0043 
      CROC11  3 0.0009 0.0010 0.0008 0.0009 0.0017 0.0009 0.0017 0.0083 0.0014 0.0035 0.0029 0.0018 0.0185 0.0034 0.1740 0.0010 0.0061 0.0021 0.0458 0.6983 0.0044 0.0035 0.0031 0.0052 0.0051 0.0038 
     CROC110  3 0.0011 0.0023 0.0009 0.0079 0.0043 0.0203 0.0018 0.0057 0.0024 0.0022 0.0026 0.0029 0.0108 0.0061 0.1288 0.0014 0.0070 0.0035 0.0088 0.7372 0.0066 0.0025 0.0044 0.0111 0.0089 0.0084 
     CROC116  3 0.0033 0.0030 0.0012 0.0020 0.0032 0.0015 0.0021 0.0041 0.0185 0.0054 0.0028 0.0190 0.0149 0.0058 0.0259 0.0019 0.0228 0.0025 0.0074 0.8009 0.0092 0.0095 0.0030 0.0073 0.0085 0.0142 
      CROC12  3 0.0009 0.0006 0.0015 0.0009 0.0016 0.0020 0.0016 0.0023 0.0031 0.0023 0.0022 0.0020 0.0047 0.0034 0.0230 0.0011 0.0019 0.0038 0.0038 0.9105 0.0041 0.0026 0.0028 0.0075 0.0045 0.0054 
     CROC123  3 0.0010 0.0007 0.0006 0.0008 0.0009 0.0031 0.0013 0.0018 0.0013 0.0024 0.0023 0.0016 0.0124 0.0030 0.0372 0.0010 0.0040 0.0016 0.0030 0.8909 0.0034 0.0021 0.0022 0.0048 0.0101 0.0066 
      CROC13  3 0.0009 0.0012 0.0007 0.0010 0.0011 0.0012 0.0030 0.0022 0.0021 0.0063 0.0013 0.0018 0.0171 0.0057 0.0200 0.0014 0.0022 0.0022 0.0062 0.8946 0.0068 0.0032 0.0030 0.0060 0.0043 0.0042 
      CROC14  3 0.0010 0.0015 0.0007 0.0009 0.0056 0.0017 0.0504 0.0043 0.0015 0.0037 0.0012 0.0026 0.0182 0.0028 0.0416 0.0046 0.0022 0.0037 0.0071 0.8013 0.0032 0.0051 0.0028 0.0041 0.0197 0.0086 
      CROC15  3 0.0009 0.0009 0.0007 0.0012 0.0017 0.0014 0.0049 0.0065 0.0019 0.0054 0.0020 0.0019 0.0045 0.0051 0.0162 0.0014 0.0625 0.0035 0.0053 0.8019 0.0049 0.0030 0.0037 0.0322 0.0217 0.0048 
      CROC16  3 0.0006 0.0178 0.0013 0.0018 0.0014 0.0021 0.0026 0.0048 0.0034 0.0120 0.0018 0.0052 0.0211 0.0053 0.1299 0.0020 0.0064 0.0069 0.0098 0.7300 0.0068 0.0049 0.0040 0.0079 0.0069 0.0037 
      CROC17  3 0.0286 0.0006 0.0188 0.0008 0.0010 0.0008 0.0015 0.0018 0.0015 0.0024 0.0017 0.0016 0.0037 0.0033 0.0134 0.0012 0.0020 0.0015 0.0022 0.8738 0.0035 0.0028 0.0022 0.0040 0.0091 0.0161 
      CROC18  3 0.0011 0.0007 0.0008 0.0011 0.0009 0.0020 0.0016 0.0025 0.0031 0.0080 0.0057 0.0022 0.0047 0.0044 0.0177 0.0152 0.0024 0.0025 0.0027 0.8757 0.0097 0.0040 0.0017 0.0176 0.0051 0.0068 
      CROC19  3 0.0010 0.0028 0.0009 0.0025 0.0041 0.0012 0.0024 0.0029 0.0019 0.0028 0.0019 0.0026 0.0025 0.0102 0.0413 0.0068 0.0034 0.0180 0.0077 0.8409 0.0074 0.0026 0.0039 0.0075 0.0070 0.0136 
     CROC198  3 0.0009 0.0013 0.0022 0.0015 0.0010 0.0012 0.0026 0.0028 0.0022 0.0025 0.0016 0.0024 0.0268 0.0081 0.0826 0.0024 0.0020 0.0055 0.0038 0.8174 0.0111 0.0026 0.0026 0.0039 0.0049 0.0044 
      CROC20  3 0.0007 0.0015 0.0009 0.0030 0.0020 0.0020 0.0023 0.0035 0.0023 0.0046 0.0035 0.0046 0.0077 0.0055 0.0472 0.0113 0.0037 0.0027 0.0042 0.8448 0.0055 0.0037 0.0086 0.0094 0.0101 0.0045 
     CROC202  3 0.0009 0.0009 0.0008 0.0012 0.0014 0.0012 0.0031 0.0023 0.0024 0.0109 0.0014 0.0025 0.0296 0.0073 0.0355 0.0030 0.0032 0.0028 0.0032 0.8443 0.0126 0.0108 0.0025 0.0062 0.0047 0.0052 
      CROC21  3 0.0009 0.0008 0.0008 0.0017 0.0010 0.0021 0.0023 0.0038 0.0023 0.0030 0.0019 0.0017 0.0033 0.0044 0.0664 0.0017 0.0022 0.0029 0.0244 0.8388 0.0053 0.0031 0.0018 0.0094 0.0050 0.0089 
     CROC216  3 0.0016 0.0010 0.0015 0.0009 0.0017 0.0020 0.0021 0.0055 0.0034 0.0043 0.0020 0.0084 0.0040 0.0045 0.1050 0.0019 0.0117 0.0061 0.0034 0.7886 0.0058 0.0023 0.0023 0.0135 0.0061 0.0105 
      CROC22  3 0.0011 0.0011 0.0008 0.0015 0.0011 0.0142 0.0022 0.0023 0.0046 0.0033 0.0028 0.0017 0.0451 0.0036 0.0717 0.0014 0.0026 0.0020 0.0042 0.7281 0.0450 0.0030 0.0018 0.0071 0.0404 0.0074 
      CROC23  3 0.0017 0.0007 0.0008 0.0011 0.0014 0.0024 0.0019 0.0029 0.0025 0.0030 0.0030 0.0023 0.0025 0.0044 0.1408 0.0012 0.0025 0.0022 0.0053 0.7553 0.0053 0.0258 0.0024 0.0060 0.0070 0.0157 
      CROC24  3 0.0009 0.0018 0.0009 0.0009 0.0014 0.0010 0.0019 0.0035 0.0022 0.0061 0.0016 0.0022 0.0301 0.0037 0.1401 0.0012 0.0031 0.0039 0.0045 0.7574 0.0060 0.0027 0.0031 0.0061 0.0068 0.0069 
      CROC25  3 0.0008 0.0010 0.0006 0.0007 0.0011 0.0015 0.0020 0.0025 0.0017 0.0021 0.0021 0.0020 0.0077 0.0039 0.0233 0.0018 0.0029 0.0017 0.0023 0.9146 0.0044 0.0020 0.0020 0.0057 0.0046 0.0049 
     CROC259  3 0.0035 0.0053 0.0011 0.0007 0.0019 0.0009 0.0161 0.0024 0.0034 0.0033 0.0016 0.0027 0.0045 0.0052 0.0613 0.0011 0.0024 0.0021 0.0046 0.8175 0.0048 0.0026 0.0029 0.0052 0.0074 0.0357 
      CROC26  3 0.0031 0.0006 0.0009 0.0008 0.0011 0.0008 0.0027 0.0032 0.0026 0.0030 0.0015 0.0023 0.0052 0.0068 0.0296 0.0015 0.0035 0.0022 0.0028 0.8162 0.0077 0.0045 0.0030 0.0060 0.0048 0.0836 
      CROC27  3 0.0090 0.0068 0.0022 0.0011 0.0009 0.0011 0.0020 0.0061 0.0053 0.0029 0.0018 0.0034 0.0143 0.0055 0.1365 0.0033 0.0053 0.0053 0.0030 0.7262 0.0085 0.0031 0.0070 0.0052 0.0174 0.0165 
      CROC28  3 0.0013 0.0007 0.0016 0.0009 0.0024 0.0011 0.0021 0.0030 0.0024 0.0025 0.0013 0.0029 0.0950 0.0037 0.2116 0.0011 0.0036 0.0031 0.0033 0.6012 0.0047 0.0022 0.0024 0.0044 0.0052 0.0366 
      CROC29  3 0.0008 0.0017 0.0014 0.0018 0.0016 0.0010 0.0017 0.0050 0.0018 0.0028 0.0019 0.0021 0.0074 0.0039 0.0233 0.0015 0.0063 0.0045 0.0036 0.8973 0.0061 0.0029 0.0024 0.0046 0.0073 0.0053 
      CROC30  3 0.0010 0.0046 0.0008 0.0019 0.0099 0.0020 0.0022 0.0049 0.0115 0.0038 0.0029 0.0090 0.0185 0.0041 0.0678 0.0059 0.0041 0.0125 0.0033 0.7589 0.0051 0.0030 0.0069 0.0359 0.0105 0.0090 
      CROC31  3 0.0040 0.0010 0.0019 0.0038 0.0021 0.0032 0.0025 0.0048 0.0099 0.0031 0.0021 0.0195 0.0098 0.0043 0.2043 0.0019 0.0042 0.0031 0.0081 0.6598 0.0061 0.0061 0.0022 0.0050 0.0097 0.0176 
      CROC32  3 0.0009 0.0018 0.0009 0.0012 0.0013 0.0017 0.0021 0.0021 0.0022 0.0023 0.0012 0.0022 0.0310 0.0039 0.0307 0.0029 0.0019 0.0019 0.0033 0.8759 0.0064 0.0019 0.0016 0.0078 0.0058 0.0050 
      CROC33  3 0.0009 0.0041 0.0007 0.0009 0.0048 0.0010 0.0012 0.0121 0.0017 0.0039 0.0016 0.0033 0.0025 0.0050 0.0302 0.0029 0.0052 0.0030 0.0061 0.8552 0.0051 0.0019 0.0264 0.0043 0.0046 0.0114 
      CROC34  3 0.0013 0.0010 0.0009 0.0008 0.0013 0.0010 0.0026 0.0033 0.0025 0.0027 0.0018 0.0032 0.0027 0.0059 0.0349 0.0018 0.0025 0.0031 0.0024 0.8923 0.0054 0.0029 0.0027 0.0101 0.0052 0.0054 
      CROC35  3 0.0010 0.0006 0.0007 0.0008 0.0025 0.0008 0.0018 0.0018 0.0021 0.0019 0.0015 0.0026 0.0046 0.0027 0.1137 0.0010 0.0016 0.0014 0.0023 0.7712 0.0032 0.0020 0.0311 0.0041 0.0325 0.0103 
      CROC36  3 0.0008 0.0016 0.0007 0.0010 0.0011 0.0011 0.0024 0.0024 0.0016 0.0026 0.0024 0.0019 0.0071 0.0037 0.0611 0.0013 0.0033 0.0018 0.0047 0.8724 0.0049 0.0034 0.0019 0.0060 0.0048 0.0040 
      CROC57  3 0.0007 0.0010 0.0011 0.0010 0.0013 0.0011 0.0038 0.0030 0.0017 0.0026 0.0015 0.0027 0.0033 0.0041 0.0191 0.0014 0.0028 0.0022 0.0031 0.9180 0.0055 0.0026 0.0025 0.0058 0.0046 0.0035 
      CROC81  3 0.0010 0.0024 0.0009 0.0066 0.0020 0.0012 0.0022 0.0112 0.0020 0.0142 0.0028 0.0033 0.0262 0.0039 0.0457 0.0040 0.0037 0.0044 0.0040 0.8174 0.0076 0.0034 0.0032 0.0166 0.0054 0.0047 
      CROC84  3 0.0006 0.0006 0.0006 0.0008 0.0008 0.0008 0.0015 0.0018 0.0021 0.0052 0.0011 0.0033 0.0096 0.0027 0.0905 0.0009 0.0039 0.0018 0.0027 0.8388 0.0129 0.0021 0.0019 0.0037 0.0035 0.0057 
        FW01  3 0.0006 0.0006 0.0007 0.0009 0.0008 0.0010 0.0016 0.0022 0.0015 0.0026 0.0013 0.0017 0.9345 0.0036 0.0108 0.0014 0.0020 0.0019 0.0031 0.0064 0.0047 0.0020 0.0024 0.0051 0.0038 0.0030 
        FW02  3 0.0005 0.0005 0.0005 0.0007 0.0007 0.0009 0.0014 0.0017 0.0012 0.0017 0.0012 0.0015 0.0023 0.0029 0.9532 0.0011 0.0017 0.0016 0.0023 0.0059 0.0034 0.0018 0.0015 0.0039 0.0032 0.0026 
        FW03  3 0.0005 0.0006 0.0006 0.0007 0.0007 0.0008 0.0014 0.0018 0.0012 0.0020 0.0012 0.0015 0.9443 0.0030 0.0104 0.0011 0.0020 0.0015 0.0023 0.0053 0.0035 0.0020 0.0016 0.0041 0.0032 0.0028 
        FW04  3 0.0006 0.0005 0.0005 0.0007 0.0007 0.0009 0.0014 0.0017 0.0012 0.0017 0.0013 0.0015 0.0023 0.0029 0.9529 0.0011 0.0017 0.0016 0.0023 0.0061 0.0034 0.0018 0.0016 0.0039 0.0032 0.0026 
        FW05  3 0.0005 0.0005 0.0005 0.0007 0.0007 0.0009 0.0014 0.0017 0.0012 0.0017 0.0013 0.0015 0.0023 0.0029 0.9530 0.0011 0.0017 0.0016 0.0023 0.0059 0.0035 0.0018 0.0015 0.0039 0.0032 0.0026 
        FW06  3 0.0005 0.0005 0.0005 0.0007 0.0007 0.0009 0.0014 0.0017 0.0012 0.0017 0.0013 0.0015 0.0022 0.0029 0.9528 0.0011 0.0017 0.0016 0.0022 0.0062 0.0034 0.0018 0.0016 0.0039 0.0032 0.0027 
        FW07  3 0.0005 0.0006 0.0006 0.0007 0.0007 0.0008 0.0013 0.0018 0.0013 0.0020 0.0012 0.0015 0.9443 0.0030 0.0104 0.0011 0.0020 0.0015 0.0022 0.0052 0.0035 0.0020 0.0016 0.0041 0.0033 0.0028 
        FW08  3 0.0005 0.0005 0.0005 0.0007 0.0007 0.0009 0.0014 0.0017 0.0012 0.0017 0.0013 0.0015 0.0022 0.0029 0.9532 0.0011 0.0017 0.0016 0.0023 0.0061 0.0034 0.0018 0.0015 0.0038 0.0032 0.0026 
        FW09  3 0.0005 0.0005 0.0005 0.0007 0.0007 0.0009 0.0014 0.0017 0.0012 0.0017 0.0013 0.0015 0.0022 0.0029 0.9531 0.0011 0.0017 0.0016 0.0023 0.0060 0.0034 0.0018 0.0016 0.0039 0.0032 0.0027 
        FW10  3 0.0005 0.0005 0.0005 0.0007 0.0008 0.0008 0.0013 0.0019 0.0013 0.0020 0.0012 0.0015 0.9441 0.0029 0.0103 0.0011 0.0020 0.0015 0.0023 0.0053 0.0035 0.0020 0.0016 0.0040 0.0033 0.0029 
       FW100  3 0.0005 0.0005 0.0006 0.0007 0.0007 0.0008 0.0013 0.0019 0.0013 0.0020 0.0012 0.0015 0.9424 0.0030 0.0119 0.0012 0.0019 0.0015 0.0023 0.0054 0.0035 0.0020 0.0016 0.0041 0.0033 0.0029 
       FW101  3 0.0005 0.0005 0.0006 0.0007 0.0007 0.0008 0.0013 0.0019 0.0013 0.0020 0.0012 0.0015 0.9441 0.0030 0.0104 0.0011 0.0020 0.0015 0.0023 0.0052 0.0035 0.0020 0.0016 0.0041 0.0033 0.0029 
       FW102  3 0.0006 0.0005 0.0005 0.0007 0.0007 0.0009 0.0014 0.0017 0.0012 0.0017 0.0013 0.0015 0.0023 0.0029 0.9531 0.0011 0.0017 0.0016 0.0023 0.0060 0.0034 0.0018 0.0015 0.0039 0.0032 0.0026 
       FW103  3 0.0006 0.0005 0.0005 0.0007 0.0007 0.0009 0.0014 0.0017 0.0012 0.0017 0.0013 0.0015 0.0023 0.0029 0.9531 0.0011 0.0017 0.0015 0.0022 0.0060 0.0034 0.0018 0.0016 0.0039 0.0031 0.0026 
       FW104  3 0.0006 0.0006 0.0006 0.0009 0.0008 0.0010 0.0017 0.0022 0.0015 0.0026 0.0013 0.0018 0.9345 0.0037 0.0107 0.0014 0.0019 0.0019 0.0031 0.0064 0.0046 0.0020 0.0023 0.0052 0.0038 0.0030 
       FW105  3 0.0005 0.0005 0.0006 0.0007 0.0007 0.0008 0.0013 0.0019 0.0013 0.0021 0.0012 0.0015 0.9440 0.0030 0.0104 0.0011 0.0020 0.0015 0.0023 0.0052 0.0035 0.0020 0.0016 0.0041 0.0033 0.0029 
       FW106  3 0.0011 0.0009 0.0009 0.0023 0.0014 0.0021 0.0019 0.0032 0.0042 0.0049 0.0166 0.0028 0.0076 0.0069 0.1533 0.0078 0.0086 0.0033 0.0062 0.6384 0.0059 0.0054 0.0863 0.0083 0.0104 0.0090 
       FW107  3 0.0006 0.0006 0.0007 0.0008 0.0008 0.0010 0.0017 0.0022 0.0015 0.0026 0.0013 0.0018 0.9341 0.0037 0.0108 0.0014 0.0019 0.0019 0.0031 0.0065 0.0046 0.0020 0.0023 0.0052 0.0038 0.0030 
       FW108  3 0.0005 0.0005 0.0005 0.0007 0.0007 0.0009 0.0014 0.0017 0.0012 0.0017 0.0013 0.0015 0.0023 0.0029 0.9528 0.0011 0.0017 0.0016 0.0022 0.0062 0.0034 0.0018 0.0015 0.0039 0.0032 0.0027 
       FW109  3 0.0005 0.0005 0.0006 0.0007 0.0007 0.0008 0.0014 0.0019 0.0014 0.0021 0.0012 0.0015 0.9439 0.0030 0.0102 0.0012 0.0020 0.0014 0.0023 0.0052 0.0035 0.0019 0.0016 0.0041 0.0033 0.0029 
        FW11  3 0.0005 0.0005 0.0006 0.0007 0.0007 0.0008 0.0014 0.0019 0.0013 0.0020 0.0012 0.0015 0.9423 0.0030 0.0119 0.0011 0.0019 0.0015 0.0023 0.0055 0.0034 0.0020 0.0016 0.0041 0.0033 0.0029 
       FW110  3 0.0005 0.0006 0.0005 0.0007 0.0008 0.0008 0.0013 0.0018 0.0013 0.0020 0.0012 0.0015 0.9442 0.0030 0.0104 0.0011 0.0020 0.0015 0.0023 0.0053 0.0035 0.0019 0.0016 0.0041 0.0032 0.0029 
       FW111  3 0.0006 0.0005 0.0006 0.0007 0.0007 0.0009 0.0014 0.0017 0.0012 0.0017 0.0013 0.0015 0.0022 0.0029 0.9529 0.0011 0.0017 0.0016 0.0022 0.0061 0.0035 0.0018 0.0016 0.0039 0.0032 0.0026 
       FW112  3 0.0005 0.0005 0.0006 0.0007 0.0008 0.0008 0.0014 0.0019 0.0013 0.0020 0.0012 0.0015 0.9421 0.0030 0.0119 0.0011 0.0019 0.0015 0.0023 0.0055 0.0035 0.0020 0.0016 0.0041 0.0033 0.0029 
       FW113  3 0.0005 0.0005 0.0005 0.0007 0.0007 0.0009 0.0014 0.0017 0.0012 0.0017 0.0013 0.0015 0.0023 0.0029 0.9530 0.0011 0.0017 0.0016 0.0022 0.0060 0.0034 0.0018 0.0016 0.0039 0.0032 0.0026 
       FW114  3 0.0010 0.0010 0.0009 0.0009 0.0011 0.0009 0.0014 0.0019 0.0015 0.0021 0.0012 0.0018 0.9350 0.0030 0.0108 0.0011 0.0022 0.0022 0.0027 0.0060 0.0038 0.0021 0.0018 0.0041 0.0044 0.0051 
       FW115  3 0.0005 0.0006 0.0005 0.0007 0.0007 0.0008 0.0013 0.0019 0.0013 0.0020 0.0012 0.0015 0.9440 0.0030 0.0103 0.0011 0.0020 0.0015 0.0023 0.0052 0.0036 0.0020 0.0016 0.0041 0.0033 0.0029 
       FW116  3 0.0006 0.0005 0.0005 0.0007 0.0007 0.0009 0.0014 0.0017 0.0012 0.0017 0.0013 0.0015 0.0023 0.0029 0.9533 0.0011 0.0017 0.0015 0.0023 0.0059 0.0034 0.0018 0.0016 0.0039 0.0032 0.0026 
        FW12  3 0.0006 0.0005 0.0005 0.0007 0.0007 0.0009 0.0014 0.0017 0.0012 0.0017 0.0013 0.0015 0.0022 0.0029 0.9532 0.0011 0.0017 0.0016 0.0023 0.0059 0.0034 0.0019 0.0016 0.0038 0.0032 0.0026 
        FW13  3 0.0006 0.0005 0.0005 0.0007 0.0007 0.0009 0.0014 0.0017 0.0012 0.0017 0.0013 0.0015 0.0023 0.0029 0.9528 0.0011 0.0017 0.0016 0.0023 0.0061 0.0035 0.0018 0.0016 0.0039 0.0032 0.0027 
        FW14  3 0.0006 0.0006 0.0007 0.0009 0.0008 0.0010 0.0017 0.0022 0.0016 0.0026 0.0013 0.0018 0.9342 0.0036 0.0108 0.0014 0.0019 0.0019 0.0031 0.0064 0.0046 0.0020 0.0024 0.0052 0.0039 0.0030 
        FW15  3 0.0006 0.0006 0.0006 0.0009 0.0008 0.0010 0.0016 0.0022 0.0015 0.0026 0.0013 0.0018 0.9342 0.0037 0.0107 0.0014 0.0019 0.0019 0.0031 0.0065 0.0047 0.0020 0.0023 0.0052 0.0038 0.0030 
        FW16  3 0.0005 0.0005 0.0006 0.0007 0.0008 0.0008 0.0013 0.0019 0.0013 0.0020 0.0012 0.0015 0.9441 0.0030 0.0103 0.0011 0.0020 0.0015 0.0023 0.0052 0.0035 0.0019 0.0016 0.0040 0.0033 0.0029 
        FW17  3 0.0005 0.0005 0.0006 0.0007 0.0007 0.0008 0.0013 0.0019 0.0013 0.0020 0.0012 0.0015 0.9442 0.0030 0.0104 0.0011 0.0020 0.0015 0.0023 0.0052 0.0035 0.0020 0.0016 0.0040 0.0033 0.0028 
        FW18  3 0.0005 0.0005 0.0006 0.0007 0.0007 0.0008 0.0013 0.0019 0.0013 0.0021 0.0012 0.0015 0.9425 0.0030 0.0119 0.0011 0.0019 0.0015 0.0023 0.0054 0.0034 0.0020 0.0016 0.0040 0.0033 0.0029 
        FW19  3 0.0005 0.0005 0.0005 0.0007 0.0007 0.0009 0.0014 0.0017 0.0012 0.0017 0.0013 0.0015 0.0022 0.0029 0.9532 0.0011 0.0017 0.0016 0.0022 0.0059 0.0034 0.0018 0.0016 0.0039 0.0032 0.0026 
        FW20  3 0.0006 0.0005 0.0005 0.0007 0.0007 0.0009 0.0014 0.0017 0.0012 0.0017 0.0013 0.0015 0.0022 0.0029 0.9532 0.0011 0.0017 0.0016 0.0022 0.0060 0.0034 0.0018 0.0015 0.0039 0.0031 0.0026 
        FW21  3 0.0005 0.0005 0.0005 0.0007 0.0007 0.0009 0.0014 0.0017 0.0012 0.0017 0.0013 0.0015 0.0023 0.0029 0.9530 0.0011 0.0017 0.0015 0.0023 0.0059 0.0034 0.0018 0.0015 0.0039 0.0032 0.0026 
        FW22  3 0.0006 0.0005 0.0006 0.0007 0.0007 0.0008 0.0014 0.0019 0.0013 0.0021 0.0012 0.0015 0.9425 0.0030 0.0118 0.0012 0.0019 0.0015 0.0023 0.0054 0.0035 0.0020 0.0016 0.0041 0.0033 0.0028 
        FW23  3 0.0005 0.0005 0.0005 0.0007 0.0007 0.0009 0.0014 0.0017 0.0012 0.0017 0.0013 0.0015 0.0023 0.0029 0.9532 0.0011 0.0017 0.0015 0.0023 0.0060 0.0034 0.0018 0.0015 0.0039 0.0032 0.0026 
        FW24  3 0.0006 0.0005 0.0005 0.0007 0.0007 0.0009 0.0014 0.0017 0.0012 0.0017 0.0013 0.0015 0.0022 0.0029 0.9533 0.0011 0.0017 0.0016 0.0022 0.0059 0.0034 0.0018 0.0015 0.0039 0.0031 0.0026 
        FW25  3 0.0006 0.0005 0.0005 0.0007 0.0007 0.0009 0.0014 0.0017 0.0012 0.0017 0.0013 0.0015 0.0023 0.0029 0.9530 0.0011 0.0017 0.0016 0.0022 0.0060 0.0034 0.0018 0.0015 0.0039 0.0032 0.0026 
        FW26  3 0.0006 0.0005 0.0006 0.0007 0.0007 0.0009 0.0014 0.0017 0.0012 0.0017 0.0013 0.0015 0.0023 0.0029 0.9532 0.0011 0.0017 0.0015 0.0023 0.0059 0.0034 0.0018 0.0015 0.0038 0.0032 0.0026 
        FW27  3 0.0005 0.0005 0.0005 0.0007 0.0008 0.0008 0.0014 0.0019 0.0013 0.0021 0.0012 0.0015 0.9444 0.0030 0.0102 0.0011 0.0020 0.0015 0.0023 0.0052 0.0035 0.0019 0.0016 0.0041 0.0033 0.0028 
        FW28  3 0.0005 0.0006 0.0005 0.0007 0.0007 0.0009 0.0014 0.0017 0.0012 0.0017 0.0013 0.0015 0.0022 0.0029 0.9528 0.0011 0.0017 0.0016 0.0022 0.0062 0.0034 0.0018 0.0016 0.0039 0.0032 0.0027 
        FW29  3 0.0006 0.0005 0.0005 0.0007 0.0007 0.0009 0.0014 0.0017 0.0012 0.0017 0.0013 0.0015 0.0023 0.0029 0.9531 0.0011 0.0017 0.0015 0.0022 0.0059 0.0034 0.0018 0.0015 0.0039 0.0032 0.0026 
        FW30  3 0.0011 0.0009 0.0009 0.0023 0.0015 0.0020 0.0019 0.0031 0.0041 0.0048 0.0163 0.0028 0.0075 0.0068 0.1539 0.0075 0.0088 0.0033 0.0064 0.6379 0.0059 0.0055 0.0879 0.0083 0.0099 0.0087 
        FW32  3 0.0006 0.0006 0.0007 0.0009 0.0008 0.0010 0.0017 0.0022 0.0016 0.0025 0.0012 0.0018 0.9344 0.0037 0.0109 0.0014 0.0019 0.0018 0.0031 0.0064 0.0047 0.0019 0.0024 0.0051 0.0038 0.0030 
        FW33  3 0.0013 0.0008 0.0005 0.0007 0.0007 0.0059 0.0014 0.0017 0.0012 0.0017 0.0050 0.0015 0.0024 0.0029 0.9325 0.0011 0.0017 0.0016 0.0023 0.0140 0.0035 0.0018 0.0016 0.0039 0.0051 0.0034 
        FW34  3 0.0005 0.0005 0.0005 0.0007 0.0007 0.0009 0.0014 0.0017 0.0012 0.0017 0.0013 0.0015 0.0022 0.0029 0.9532 0.0011 0.0018 0.0016 0.0022 0.0059 0.0034 0.0018 0.0016 0.0039 0.0032 0.0026 
        FW35  3 0.0006 0.0005 0.0005 0.0007 0.0007 0.0009 0.0014 0.0017 0.0012 0.0017 0.0013 0.0015 0.0023 0.0029 0.9529 0.0011 0.0017 0.0016 0.0023 0.0060 0.0034 0.0019 0.0016 0.0039 0.0032 0.0026 
        FW36  3 0.0006 0.0005 0.0006 0.0007 0.0007 0.0009 0.0014 0.0017 0.0012 0.0017 0.0013 0.0015 0.0023 0.0029 0.9530 0.0011 0.0017 0.0016 0.0023 0.0060 0.0034 0.0018 0.0016 0.0039 0.0032 0.0026 
