        TC01  1 0.0220 0.0031 0.0013 0.9674 0.0048 0.0015 
        TC02  1 0.0020 0.0014 0.0017 0.9873 0.0056 0.0020 
        TC03  1 0.0017 0.0019 0.0008 0.9885 0.0043 0.0030 
        TC04  1 0.0018 0.0293 0.0147 0.8390 0.0470 0.0682 
        TC05  1 0.0007 0.0007 0.0010 0.9822 0.0111 0.0042 
        TC06  1 0.0010 0.0019 0.0022 0.9239 0.0053 0.0656 
        TC07  1 0.0021 0.0010 0.0007 0.9779 0.0133 0.0050 
        TC08  1 0.0011 0.0006 0.0029 0.9878 0.0049 0.0028 
        TC09  1 0.0007 0.0007 0.0226 0.9587 0.0038 0.0136 
        TC10  1 0.0077 0.0007 0.0006 0.9871 0.0023 0.0016 
        TC11  1 0.0025 0.0010 0.0007 0.9924 0.0022 0.0011 
        TC12  1 0.0162 0.0055 0.0034 0.9245 0.0357 0.0148 
        TC13  1 0.0010 0.0007 0.0009 0.9934 0.0022 0.0019 
        TC14  1 0.0035 0.0034 0.0016 0.9510 0.0093 0.0311 
        TC15  1 0.0013 0.0025 0.0025 0.9604 0.0110 0.0223 
        TC16  1 0.0011 0.0013 0.0422 0.8907 0.0117 0.0531 
        TC17  1 0.0044 0.0037 0.0025 0.9573 0.0244 0.0077 
        TC18  1 0.0126 0.0438 0.0006 0.9237 0.0158 0.0035 
        TC19  1 0.0012 0.0007 0.0039 0.9909 0.0021 0.0012 
        TC20  1 0.0011 0.0025 0.0017 0.9899 0.0027 0.0021 
        TC21  1 0.0032 0.0143 0.0023 0.7501 0.2268 0.0034 
        TC22  1 0.0098 0.0014 0.0024 0.9633 0.0164 0.0067 
        TC23  1 0.0022 0.0011 0.0010 0.9896 0.0035 0.0027 
        TC24  1 0.0006 0.0005 0.0007 0.9950 0.0020 0.0012 
        TC25  1 0.0090 0.0203 0.0008 0.8976 0.0087 0.0636 
        TC26  1 0.0007 0.0005 0.0007 0.9911 0.0028 0.0042 
        TC27  1 0.0062 0.0008 0.0008 0.9723 0.0049 0.0150 
        TC28  1 0.0016 0.0033 0.0010 0.9511 0.0133 0.0297 
        TC29  1 0.0018 0.0034 0.0020 0.9508 0.0166 0.0254 
        TC30  1 0.0011 0.0006 0.0035 0.9884 0.0027 0.0037 
        TC31  1 0.0205 0.0158 0.0018 0.9510 0.0093 0.0016 
        TC32  1 0.0011 0.0012 0.0011 0.8685 0.0611 0.0671 
        TC33  1 0.0027 0.0012 0.0007 0.9867 0.0051 0.0035 
        TC34  1 0.0013 0.0008 0.0012 0.9669 0.0032 0.0266 
        TC35  1 0.0397 0.0041 0.0096 0.9351 0.0060 0.0056 
        TC36  1 0.0013 0.0008 0.0012 0.9905 0.0037 0.0026 
        TC37  1 0.0012 0.0013 0.0014 0.9902 0.0049 0.0010 
        TC38  1 0.0015 0.0260 0.0133 0.9443 0.0054 0.0095 
        TC39  1 0.0009 0.0009 0.0041 0.9532 0.0027 0.0382 
        TC40  1 0.0017 0.0012 0.0009 0.9701 0.0109 0.0152 
        TC41  1 0.0020 0.0008 0.0007 0.9913 0.0036 0.0017 
        TC42  1 0.0009 0.0005 0.0015 0.9861 0.0026 0.0084 
        TC43  1 0.0010 0.0014 0.0012 0.9830 0.0035 0.0097 
        TC44  1 0.0036 0.0008 0.0172 0.9674 0.0038 0.0072 
        TC45  1 0.0007 0.0030 0.0006 0.9925 0.0022 0.0009 
        TC46  1 0.0025 0.0037 0.0008 0.9824 0.0091 0.0016 
        TC47  1 0.0030 0.0012 0.0012 0.9882 0.0035 0.0029 
        TC48  1 0.0027 0.0070 0.0009 0.9516 0.0340 0.0039 
        TC49  1 0.0018 0.0011 0.0007 0.9876 0.0065 0.0024 
        TC50  1 0.0047 0.0021 0.0015 0.9781 0.0116 0.0021 
        TC51  1 0.0032 0.0014 0.0046 0.9415 0.0056 0.0437 
        TC52  1 0.0006 0.0031 0.0006 0.9820 0.0086 0.0051 
        TC53  1 0.0030 0.0006 0.0020 0.9836 0.0058 0.0050 
        TC54  1 0.0026 0.0015 0.0009 0.9664 0.0222 0.0064 
        TC55  1 0.0017 0.0018 0.0007 0.9782 0.0098 0.0078 
        TC56  1 0.0044 0.0094 0.0017 0.9646 0.0102 0.0096 
        TC57  1 0.0054 0.0013 0.0010 0.9807 0.0102 0.0014 
        TC58  1 0.0062 0.0007 0.0013 0.9873 0.0030 0.0015 
        TC59  1 0.0013 0.0005 0.0007 0.9928 0.0027 0.0020 
        TA01  2 0.0011 0.0007 0.0022 0.9901 0.0036 0.0023 
        TA02  2 0.0007 0.0010 0.0018 0.9872 0.0071 0.0023 
        TA03  2 0.0034 0.0010 0.0110 0.9760 0.0056 0.0029 
        TA04  2 0.0016 0.0008 0.3449 0.6326 0.0034 0.0167 
        TA05  2 0.0013 0.0014 0.0025 0.9889 0.0041 0.0018 
        TA06  2 0.0012 0.0006 0.0014 0.9911 0.0021 0.0035 
        TA07  2 0.0025 0.0010 0.0414 0.9400 0.0129 0.0021 
        TA08  2 0.0050 0.0017 0.0019 0.9787 0.0023 0.0103 
        TA09  2 0.0008 0.0005 0.0038 0.9889 0.0026 0.0034 
        TA10  2 0.0599 0.0007 0.0018 0.9271 0.0067 0.0037 
        TA11  2 0.0415 0.0019 0.0043 0.9441 0.0056 0.0026 
        TA12  2 0.0258 0.0008 0.0011 0.9313 0.0396 0.0015 
        TA13  2 0.0112 0.0010 0.0328 0.7361 0.1651 0.0538 
        TA14  2 0.0006 0.0005 0.0058 0.9832 0.0033 0.0065 
        TA15  2 0.0010 0.0005 0.0020 0.9808 0.0035 0.0122 
        TA16  2 0.0172 0.0007 0.0082 0.9445 0.0061 0.0233 
        TA17  2 0.0024 0.0008 0.0008 0.9826 0.0083 0.0052 
        TA18  2 0.0038 0.0006 0.0020 0.9467 0.0444 0.0025 
        TA19  2 0.0566 0.0008 0.0309 0.8905 0.0125 0.0087 
        TA20  2 0.0012 0.0012 0.0008 0.9792 0.0154 0.0022 
        TA21  2 0.0015 0.0013 0.0016 0.9838 0.0084 0.0034 
        TA22  2 0.0007 0.0008 0.0010 0.9582 0.0051 0.0343 
        TA23  2 0.0009 0.0006 0.0019 0.9629 0.0026 0.0311 
        TA24  2 0.0021 0.0008 0.0015 0.9848 0.0076 0.0031 
        TA25  2 0.1741 0.0007 0.0011 0.8127 0.0051 0.0063 
        TA26  2 0.0032 0.0013 0.0110 0.9750 0.0040 0.0055 
        TA27  2 0.0015 0.0006 0.0030 0.9815 0.0101 0.0034 
        TA28  2 0.0008 0.0104 0.0024 0.9499 0.0340 0.0024 
        TA29  2 0.0023 0.0008 0.0013 0.9701 0.0040 0.0215 
        TA30  2 0.0026 0.0012 0.1341 0.8503 0.0061 0.0058 
      BERM01  3 0.0007 0.0005 0.0059 0.0011 0.0016 0.9903 
      BERM02  3 0.0005 0.0006 0.0020 0.0016 0.0018 0.9935 
      BERM03  3 0.0008 0.0006 0.0007 0.0011 0.0016 0.9953 
      BERM04  3 0.0009 0.0006 0.0011 0.0010 0.0015 0.9950 
      BERM05  3 0.0008 0.0007 0.0015 0.0008 0.0018 0.9943 
      BERM06  3 0.0007 0.0007 0.0053 0.0019 0.0017 0.9898 
      BERM07  3 0.0012 0.0006 0.0023 0.0016 0.0017 0.9925 
      BERM08  3 0.0006 0.0006 0.0020 0.0010 0.0013 0.9945 
      BERM09  3 0.0008 0.0004 0.3904 0.0026 0.0017 0.6041 
      BERM10  3 0.0011 0.0009 0.0026 0.0026 0.0022 0.9907 
      BERM11  3 0.0007 0.0006 0.0080 0.0015 0.0015 0.9876 
      BERM12  3 0.0036 0.0110 0.0010 0.0029 0.0021 0.9794 
      BERM13  3 0.0009 0.0005 0.0022 0.0010 0.0018 0.9936 
      BERM14  3 0.0009 0.0005 0.0022 0.0027 0.0016 0.9922 
      CROC01  3 0.0020 0.0008 0.0019 0.0013 0.0050 0.9890 
      CROC02  3 0.0009 0.0014 0.0016 0.0025 0.0043 0.9892 
      CROC03  3 0.0010 0.0016 0.0048 0.0017 0.0022 0.9888 
      CROC04  3 0.0007 0.0005 0.0009 0.0406 0.0070 0.9502 
      CROC05  3 0.0009 0.0006 0.0022 0.0013 0.0020 0.9929 
      CROC06  3 0.0137 0.0010 0.0019 0.0069 0.0144 0.9621 
      CROC07  3 0.0011 0.0007 0.0033 0.0025 0.0030 0.9895 
      CROC08  3 0.0017 0.0014 0.0013 0.0013 0.0090 0.9852 
      CROC09  3 0.0006 0.0008 0.0183 0.0012 0.0024 0.9768 
      CROC10  3 0.0009 0.0007 0.0173 0.0011 0.0017 0.9784 
      CROC11  3 0.0006 0.0008 0.0190 0.0012 0.0024 0.9760 
     CROC110  3 0.0011 0.0005 0.0110 0.0033 0.0083 0.9759 
     CROC116  3 0.0011 0.0016 0.0013 0.0051 0.0052 0.9856 
      CROC12  3 0.0006 0.0005 0.0011 0.0013 0.0018 0.9946 
     CROC123  3 0.0005 0.0006 0.0019 0.0015 0.0014 0.9940 
      CROC13  3 0.0010 0.0014 0.0009 0.0014 0.0016 0.9937 
      CROC14  3 0.0372 0.0046 0.0019 0.0096 0.0190 0.9278 
      CROC15  3 0.0022 0.0037 0.0009 0.0025 0.0865 0.9042 
      CROC16  3 0.0010 0.0036 0.0071 0.0013 0.0037 0.9833 
      CROC17  3 0.0006 0.0006 0.0007 0.0251 0.0028 0.9703 
      CROC18  3 0.0010 0.0056 0.0009 0.0026 0.0055 0.9844 
      CROC19  3 0.0012 0.0007 0.0017 0.0015 0.0026 0.9923 
     CROC198  3 0.0013 0.0006 0.0029 0.0015 0.0018 0.9920 
      CROC20  3 0.0009 0.0010 0.0019 0.0011 0.0029 0.9921 
     CROC202  3 0.0013 0.0023 0.0012 0.0016 0.0018 0.9917 
      CROC21  3 0.0008 0.0007 0.0021 0.0012 0.0020 0.9932 
     CROC216  3 0.0008 0.0009 0.0090 0.0164 0.0216 0.9512 
      CROC22  3 0.0116 0.0008 0.0037 0.0079 0.0047 0.9712 
      CROC23  3 0.0010 0.0008 0.0184 0.0037 0.0028 0.9734 
      CROC24  3 0.0006 0.0013 0.0078 0.0021 0.0019 0.9862 
      CROC25  3 0.0007 0.0005 0.0012 0.0014 0.0015 0.9947 
     CROC259  3 0.0021 0.0008 0.0024 0.0053 0.0018 0.9876 
      CROC26  3 0.0011 0.0007 0.0014 0.0380 0.0017 0.9570 
      CROC27  3 0.0009 0.0007 0.0206 0.0132 0.0029 0.9618 
      CROC28  3 0.0007 0.0006 0.0388 0.1565 0.0017 0.8017 
      CROC29  3 0.0007 0.0007 0.0011 0.0012 0.0020 0.9944 
      CROC30  3 0.0008 0.0012 0.0022 0.0032 0.0053 0.9874 
      CROC31  3 0.0009 0.0007 0.0770 0.0088 0.0071 0.9055 
      CROC32  3 0.0008 0.0005 0.0013 0.0017 0.0017 0.9940 
      CROC33  3 0.0006 0.0011 0.0020 0.0066 0.0207 0.9690 
      CROC34  3 0.0009 0.0006 0.0011 0.0012 0.0018 0.9944 
      CROC35  3 0.0006 0.0009 0.0045 0.0048 0.0031 0.9861 
      CROC36  3 0.0008 0.0006 0.0033 0.0011 0.0018 0.9923 
      CROC57  3 0.0010 0.0006 0.0010 0.0009 0.0018 0.9946 
      CROC81  3 0.0008 0.0034 0.0014 0.0017 0.0032 0.9895 
      CROC84  3 0.0012 0.0022 0.0038 0.0020 0.0016 0.9892 
        FW01  3 0.0008 0.0012 0.0017 0.9911 0.0022 0.0030 
        FW02  3 0.0005 0.0004 0.9964 0.0006 0.0011 0.0009 
        FW03  3 0.0006 0.0008 0.0017 0.9931 0.0017 0.0021 
        FW04  3 0.0005 0.0004 0.9965 0.0006 0.0011 0.0009 
        FW05  3 0.0005 0.0004 0.9964 0.0006 0.0011 0.0009 
        FW06  3 0.0005 0.0004 0.9964 0.0006 0.0011 0.0010 
        FW07  3 0.0007 0.0008 0.0017 0.9932 0.0017 0.0019 
        FW08  3 0.0005 0.0004 0.9964 0.0006 0.0011 0.0009 
        FW09  3 0.0005 0.0004 0.9964 0.0006 0.0011 0.0010 
        FW10  3 0.0006 0.0008 0.0017 0.9930 0.0017 0.0021 
       FW100  3 0.0007 0.0008 0.0040 0.9905 0.0017 0.0023 
       FW101  3 0.0007 0.0008 0.0016 0.9931 0.0017 0.0020 
       FW102  3 0.0005 0.0004 0.9964 0.0006 0.0011 0.0010 
       FW103  3 0.0005 0.0004 0.9964 0.0006 0.0011 0.0009 
       FW104  3 0.0009 0.0012 0.0016 0.9912 0.0021 0.0031 
       FW105  3 0.0007 0.0008 0.0017 0.9930 0.0017 0.0021 
       FW106  3 0.0010 0.0015 0.0154 0.0029 0.0060 0.9733 
       FW107  3 0.0009 0.0011 0.0017 0.9910 0.0021 0.0032 
       FW108  3 0.0005 0.0004 0.9964 0.0006 0.0011 0.0010 
       FW109  3 0.0007 0.0008 0.0015 0.9933 0.0017 0.0020 
        FW11  3 0.0007 0.0008 0.0039 0.9904 0.0016 0.0025 
       FW110  3 0.0006 0.0008 0.0017 0.9932 0.0017 0.0020 
       FW111  3 0.0005 0.0004 0.9964 0.0006 0.0011 0.0009 
       FW112  3 0.0007 0.0008 0.0039 0.9904 0.0017 0.0024 
       FW113  3 0.0005 0.0004 0.9964 0.0006 0.0011 0.0009 
       FW114  3 0.0007 0.0008 0.0015 0.9932 0.0016 0.0021 
       FW115  3 0.0007 0.0008 0.0017 0.9930 0.0017 0.0020 
       FW116  3 0.0005 0.0004 0.9965 0.0006 0.0011 0.0009 
        FW12  3 0.0005 0.0004 0.9964 0.0006 0.0011 0.0009 
        FW13  3 0.0005 0.0004 0.9963 0.0006 0.0011 0.0009 
        FW14  3 0.0008 0.0012 0.0016 0.9914 0.0020 0.0030 
        FW15  3 0.0009 0.0011 0.0017 0.9912 0.0021 0.0031 
        FW16  3 0.0007 0.0009 0.0018 0.9930 0.0017 0.0020 
        FW17  3 0.0007 0.0009 0.0016 0.9931 0.0017 0.0021 
        FW18  3 0.0007 0.0008 0.0040 0.9902 0.0017 0.0027 
        FW19  3 0.0005 0.0004 0.9965 0.0006 0.0011 0.0009 
        FW20  3 0.0005 0.0004 0.9964 0.0006 0.0011 0.0009 
        FW21  3 0.0005 0.0004 0.9964 0.0006 0.0011 0.0009 
        FW22  3 0.0006 0.0008 0.0039 0.9905 0.0017 0.0025 
        FW23  3 0.0005 0.0004 0.9964 0.0006 0.0011 0.0009 
        FW24  3 0.0005 0.0004 0.9964 0.0006 0.0011 0.0009 
        FW25  3 0.0005 0.0004 0.9964 0.0006 0.0011 0.0009 
        FW26  3 0.0005 0.0004 0.9963 0.0006 0.0011 0.0009 
        FW27  3 0.0007 0.0008 0.0016 0.9932 0.0017 0.0020 
        FW28  3 0.0005 0.0004 0.9964 0.0006 0.0011 0.0009 
        FW29  3 0.0005 0.0004 0.9964 0.0006 0.0011 0.0009 
        FW30  3 0.0010 0.0014 0.0139 0.0028 0.0063 0.9745 
        FW32  3 0.0009 0.0011 0.0017 0.9912 0.0021 0.0031 
        FW33  3 0.0005 0.0004 0.9823 0.0023 0.0051 0.0094 
        FW34  3 0.0005 0.0004 0.9964 0.0006 0.0011 0.0009 
        FW35  3 0.0005 0.0004 0.9964 0.0006 0.0011 0.0009 
        FW36  3 0.0005 0.0004 0.9964 0.0006 0.0011 0.0009 
        FW37  3 0.0007 0.0008 0.0017 0.9931 0.0017 0.0020 
        FW51  3 0.0005 0.0004 0.9964 0.0006 0.0011 0.0009 
        FW52  3 0.0007 0.0009 0.0017 0.9930 0.0017 0.0021 
        FW53  3 0.0005 0.0004 0.9964 0.0006 0.0011 0.0009 
        FW54  3 0.0007 0.0009 0.0017 0.9931 0.0016 0.0021 
        FW55  3 0.0005 0.0004 0.9964 0.0006 0.0011 0.0009 
        FW56  3 0.0005 0.0004 0.9964 0.0006 0.0011 0.0009 
        FW57  3 0.0005 0.0004 0.9964 0.0006 0.0011 0.0009 
        FW78  3 0.0005 0.0004 0.9964 0.0006 0.0011 0.0010 
        FW79  3 0.0005 0.0004 0.9964 0.0006 0.0011 0.0009 
        FW80  3 0.0005 0.0004 0.9964 0.0006 0.0011 0.0009 
        FW81  3 0.0007 0.0008 0.0017 0.9931 0.0016 0.0021 
        FW82  3 0.0006 0.0008 0.0016 0.9933 0.0017 0.0020 
        FW83  3 0.0009 0.0011 0.0016 0.9912 0.0021 0.0032 
        FW84  3 0.0005 0.0004 0.9964 0.0006 0.0011 0.0009 
        FW85  3 0.0007 0.0009 0.0016 0.9929 0.0018 0.0021 
        FW86  3 0.0007 0.0008 0.0039 0.9904 0.0017 0.0026 
        FW87  3 0.0006 0.0008 0.0041 0.9904 0.0017 0.0023 
        FW88  3 0.0005 0.0004 0.9964 0.0006 0.0011 0.0009 
        FW89  3 0.0005 0.0004 0.9965 0.0006 0.0011 0.0009 
        FW90  3 0.0005 0.0004 0.9964 0.0006 0.0011 0.0009 
        FW91  3 0.0007 0.0008 0.0017 0.9932 0.0017 0.0020 
        FW92  3 0.0005 0.0004 0.9964 0.0006 0.0011 0.0010 
        FW93  3 0.0005 0.0004 0.9964 0.0006 0.0011 0.0009 
        FW94  3 0.0007 0.0008 0.0016 0.9931 0.0017 0.0020 
        FW95  3 0.0005 0.0004 0.9964 0.0007 0.0011 0.0010 
        FW96  3 0.0005 0.0004 0.9964 0.0006 0.0011 0.0009 
        FW97  3 0.0025 0.0010 0.0076 0.0020 0.0031 0.9837 
        FW98  3 0.0007 0.0008 0.0017 0.9931 0.0016 0.0020 
        FW99  3 0.0005 0.0004 0.9964 0.0006 0.0011 0.0009 
       Cal01  3 0.0009 0.0007 0.1759 0.0012 0.0024 0.8189 
       Cal02  3 0.0008 0.0008 0.0017 0.0013 0.0021 0.9933 
       Cal03  3 0.0005 0.0010 0.0058 0.0020 0.0026 0.9881 
       Cal04  3 0.0013 0.0010 0.0006 0.0016 0.0026 0.9930 
       Cal05  3 0.0006 0.0006 0.0035 0.0026 0.0012 0.9916 
       Cal06  3 0.0008 0.0006 0.0019 0.0017 0.0026 0.9923 
       Cal07  3 0.0005 0.0005 0.0075 0.0050 0.0014 0.9851 
       Cal08  3 0.0020 0.0009 0.0046 0.0033 0.0033 0.9859 
       Cal09  3 0.0009 0.0022 0.0071 0.0174 0.0031 0.9694 
       Cal10  3 0.0008 0.0007 0.0008 0.0017 0.0026 0.9934 
       Cal11  3 0.0050 0.0007 0.0065 0.0038 0.0028 0.9813 
      Cal197  3 0.0005 0.0005 0.2425 0.0014 0.0023 0.7528 
      Cal198  3 0.0009 0.0006 0.0028 0.1069 0.0225 0.8664 
      Cal199  3 0.0043 0.0007 0.0023 0.0009 0.0021 0.9896 
      Cal200  3 0.0007 0.0012 0.0548 0.0061 0.0062 0.9309 
      Cal201  3 0.0006 0.0004 0.0251 0.0028 0.0018 0.9693 
      Cal202  3 0.0058 0.0060 0.0031 0.0015 0.0291 0.9545 
      Cal203  3 0.0012 0.0006 0.0011 0.0013 0.0019 0.9939 
      Cal204  3 0.0008 0.0007 0.0012 0.0010 0.0019 0.9944 
      Cal205  3 0.0006 0.0006 0.0016 0.0013 0.0020 0.9940 
      Cal206  3 0.0007 0.0010 0.0029 0.0012 0.0022 0.9919 
      Cal207  3 0.0005 0.0005 0.0019 0.0011 0.0021 0.9938 
      Cal208  3 0.0009 0.0007 0.0020 0.0014 0.0019 0.9931 
      Cal209  3 0.0007 0.0006 0.0041 0.0011 0.0014 0.9921 
      Cal210  3 0.0042 0.0007 0.0024 0.0009 0.0021 0.9896 
      Cal211  3 0.0006 0.0004 0.0076 0.0011 0.0017 0.9885 
      Cal212  3 0.0007 0.0006 0.0031 0.0014 0.0020 0.9922 
      Cal213  3 0.0006 0.0006 0.0105 0.1604 0.0183 0.8096 
      Cal214  3 0.0041 0.0007 0.0005 0.0011 0.0041 0.9895 
      Cal215  3 0.0016 0.0013 0.0040 0.0013 0.0022 0.9895 
      Cal216  3 0.0006 0.0008 0.0491 0.0033 0.0026 0.9436 
      Cal217  3 0.0006 0.0004 0.0045 0.0015 0.0016 0.9913 
      Cal218  3 0.0007 0.0006 0.0164 0.0018 0.0018 0.9787 
      Cal219  3 0.0009 0.0006 0.0070 0.0016 0.0022 0.9878 
      Cal220  3 0.0023 0.0005 0.0029 0.0014 0.0048 0.9880 
      Cal221  3 0.0008 0.0007 0.0030 0.0015 0.0017 0.9924 
      Cal222  3 0.0015 0.0007 0.0016 0.0013 0.0017 0.9932 
      Cal223  3 0.0019 0.0007 0.0026 0.0278 0.0075 0.9594 
      Cal224  3 0.0011 0.0034 0.0009 0.0029 0.0305 0.9612 
       Cal33  3 0.0006 0.0006 0.0012 0.0013 0.0020 0.9943 
       Cal34  3 0.0007 0.0008 0.0012 0.0021 0.0023 0.9928 
       Cal35  3 0.0005 0.0006 0.0013 0.0013 0.0017 0.9946 
       Cal37  3 0.0006 0.0007 0.0014 0.0027 0.0038 0.9908 
       Cal38  3 0.0007 0.0004 0.2776 0.0011 0.0015 0.7187 
       Cal39  3 0.0010 0.0010 0.0140 0.0023 0.0016 0.9800 
       Cal40  3 0.0007 0.0006 0.0046 0.0011 0.0014 0.9915 
       Cal41  3 0.0007 0.0006 0.0018 0.0012 0.0014 0.9943 
       Cal42  3 0.0009 0.0006 0.0019 0.0008 0.0017 0.9940 
       Cal43  3 0.0007 0.0005 0.0013 0.0013 0.0020 0.9941 
       Cal44  3 0.0010 0.0007 0.0098 0.0018 0.0032 0.9834 
        BW41  3 0.0011 0.0182 0.0022 0.0014 0.0038 0.9733 
        BW42  3 0.0007 0.0006 0.0016 0.0041 0.0029 0.9900 
        BW44  3 0.0008 0.0005 0.0014 0.0021 0.0018 0.9935 
        BW45  3 0.0005 0.0004 0.0051 0.0014 0.0013 0.9913 
        BW46  3 0.0007 0.0014 0.0082 0.0045 0.0038 0.9815 
        BW47  3 0.0008 0.0118 0.0056 0.0051 0.0072 0.9695 
        BW48  3 0.0016 0.0012 0.0038 0.0027 0.0029 0.9879 
        BW49  3 0.0008 0.0005 0.0063 0.0024 0.0017 0.9883 
        BW50  3 0.0007 0.0008 0.0027 0.0013 0.0018 0.9927 
        BW51  3 0.0007 0.0005 0.0926 0.0256 0.0017 0.8788 
        BW52  3 0.0015 0.0005 0.0013 0.0013 0.0016 0.9938 
        BW53  3 0.0006 0.0006 0.0015 0.0035 0.0099 0.9838 
        BW54  3 0.0058 0.0031 0.0045 0.0266 0.0680 0.8919 
        BW55  3 0.0011 0.0009 0.0042 0.0027 0.0024 0.9887 
        BW56  3 0.0006 0.0011 0.0014 0.0011 0.0016 0.9942 
        BW57  3 0.0006 0.0005 0.0021 0.0014 0.0022 0.9931 
        BW58  3 0.0007 0.0006 0.0022 0.0025 0.0020 0.9920 
        BW59  3 0.0006 0.0006 0.0206 0.0017 0.0018 0.9746 
        BW60  3 0.0007 0.0007 0.0009 0.0016 0.0016 0.9945 
        BW61  3 0.0008 0.0540 0.0168 0.0039 0.0086 0.9158 
        BW62  3 0.0007 0.0014 0.0033 0.0022 0.0028 0.9897 
        BW63  3 0.0007 0.0009 0.0021 0.0453 0.0364 0.9146 
        BW64  3 0.0006 0.0005 0.0176 0.0021 0.0017 0.9775 
        BW65  3 0.0015 0.0030 0.0021 0.0022 0.0065 0.9847 
        BW66  3 0.0014 0.0009 0.0023 0.0033 0.0018 0.9903 
        BW67  3 0.0006 0.0005 0.1675 0.0012 0.0015 0.8287 
        BW68  3 0.0006 0.0012 0.0024 0.0026 0.0028 0.9904 
        BW69  3 0.0009 0.0301 0.0014 0.0015 0.0018 0.9642 
        BW70  3 0.0011 0.0005 0.0216 0.0022 0.0022 0.9724 
        BW71  3 0.0007 0.0005 0.0106 0.0010 0.0013 0.9858 
        BW72  3 0.0014 0.0024 0.0027 0.0019 0.0069 0.9847 
        BW73  3 0.0121 0.0247 0.0028 0.0033 0.0099 0.9471 
        BW74  3 0.0012 0.0013 0.0062 0.0074 0.0035 0.9804 
        BW75  3 0.0043 0.0006 0.0038 0.0033 0.0054 0.9825 
        BW76  3 0.0010 0.0014 0.0025 0.0010 0.0021 0.9920 
        BW77  3 0.0006 0.0014 0.0964 0.0092 0.0122 0.8801 
        BW78  3 0.0011 0.0006 0.0009 0.0022 0.0015 0.9937 
        BW79  3 0.0008 0.0005 0.0033 0.0017 0.0023 0.9913 
        BW80  3 0.0007 0.0005 0.0020 0.0015 0.0023 0.9930 
        BW81  3 0.0006 0.0006 0.0011 0.0030 0.0021 0.9925 
       BWS05  3 0.0018 0.0062 0.0186 0.0079 0.0064 0.9591 
       BWS06  3 0.0012 0.0008 0.0068 0.0065 0.0029 0.9819 
       BWS07  3 0.0006 0.0005 0.0100 0.0025 0.0062 0.9801 
       BWS08  3 0.0016 0.0047 0.0018 0.0037 0.0036 0.9846 
       BWS09  3 0.0006 0.0005 0.0095 0.0010 0.0015 0.9869 
       BWS10  3 0.0011 0.0009 0.0043 0.0025 0.0086 0.9827 
       BWS11  3 0.0007 0.0005 0.0016 0.0008 0.0017 0.9946 
       BWS12  3 0.0011 0.0007 0.0019 0.0023 0.0033 0.9907 
       BWS13  3 0.0008 0.0006 0.0010 0.0018 0.0021 0.9937 
       BWS14  3 0.0007 0.0015 0.0021 0.0060 0.0033 0.9863 
       BWS15  3 0.0026 0.0009 0.0018 0.0012 0.0037 0.9898 
       BWS16  3 0.0007 0.0007 0.0010 0.0078 0.0019 0.9879 
       BWS17  3 0.0008 0.0012 0.0010 0.0012 0.0019 0.9938 
       BWS18  3 0.0015 0.0006 0.0027 0.0019 0.0108 0.9825 
       BWS19  3 0.0015 0.0100 0.0069 0.0021 0.0112 0.9683 
       BWS20  3 0.0006 0.0005 0.0027 0.0042 0.0015 0.9904 
       BWS21  3 0.0021 0.0013 0.0015 0.0122 0.0400 0.9429 
       BWS22  3 0.0006 0.0006 0.0106 0.0012 0.0024 0.9845 
       BWS23  3 0.0009 0.0007 0.0017 0.0017 0.0084 0.9866 
       BWS24  3 0.0017 0.0007 0.0014 0.0017 0.0044 0.9901 
       BWS25  3 0.0006 0.0013 0.0009 0.0010 0.0083 0.9879 
       BWS26  3 0.0008 0.0008 0.0011 0.0018 0.0022 0.9933 
       BWS27  3 0.0006 0.0005 0.0014 0.0027 0.0018 0.9931 
       BWS28  3 0.0008 0.0013 0.0014 0.0057 0.0090 0.9817 
       BWS29  3 0.0012 0.0014 0.0013 0.0030 0.0026 0.9905 
       BWS30  3 0.0006 0.0006 0.0236 0.0011 0.0018 0.9722 
       BWS31  3 0.0007 0.0021 0.0022 0.0039 0.0022 0.9889 
       BWS32  3 0.0013 0.0006 0.0029 0.0048 0.0027 0.9877 
       BWS33  3 0.0010 0.0013 0.0014 0.0014 0.0036 0.9913 
       BWS34  3 0.0010 0.0016 0.0018 0.0036 0.0044 0.9877 
       BWS35  3 0.0019 0.0009 0.0010 0.0028 0.0032 0.9901 
       BWS36  3 0.0010 0.0006 0.0018 0.0012 0.0014 0.9941 
       BWS37  3 0.0007 0.0024 0.0025 0.0025 0.0026 0.9893 
       BWS38  3 0.0013 0.0008 0.0058 0.0029 0.0027 0.9864 
       BWS39  3 0.0007 0.0005 0.1239 0.0016 0.0017 0.8715 
       BWS40  3 0.0015 0.0008 0.0019 0.0012 0.0016 0.9929 
       BWN01  3 0.0008 0.0009 0.0027 0.0035 0.0017 0.9904 
       BWN02  3 0.0006 0.0006 0.0176 0.0240 0.0016 0.9556 
       BWN03  3 0.0015 0.0025 0.0015 0.0013 0.0058 0.9875 
       BWN04  3 0.0013 0.0011 0.0096 0.0034 0.0023 0.9824 
        NC01  4 0.0009 0.0005 0.0238 0.9385 0.0115 0.0248 
        NC02  4 0.0011 0.0013 0.0124 0.9760 0.0027 0.0064 
        NC03  4 0.0006 0.0006 0.0029 0.9868 0.0073 0.0020 
        NC04  4 0.0011 0.0005 0.0022 0.9886 0.0025 0.0051 
        NC05  4 0.0038 0.0011 0.0019 0.8911 0.0450 0.0571 
        NC06  4 0.0008 0.0145 0.0051 0.9593 0.0030 0.0174 
        NC07  4 0.0010 0.0006 0.0017 0.9903 0.0022 0.0040 
        NC08  4 0.0013 0.0007 0.0159 0.9724 0.0029 0.0068 
        NC09  4 0.0017 0.0006 0.0074 0.9728 0.0041 0.0134 
        NC10  4 0.0007 0.0005 0.0481 0.7364 0.0018 0.2123 
        NC11  4 0.0018 0.0010 0.0018 0.9712 0.0044 0.0199 
        NC12  4 0.0006 0.0012 0.0008 0.9915 0.0023 0.0035 
        NC13  4 0.0008 0.0005 0.0024 0.9695 0.0207 0.0062 
        NC14  4 0.0011 0.0007 0.0041 0.9811 0.0079 0.0052 
        NC15  4 0.0011 0.0014 0.0032 0.9788 0.0067 0.0088 
        NC16  4 0.0009 0.0005 0.0096 0.9283 0.0117 0.0489 
        NC18  4 0.0020 0.0006 0.0056 0.9836 0.0033 0.0050 
        NC19  4 0.0006 0.0005 0.0013 0.9946 0.0016 0.0015 
        NC20  4 0.0057 0.0009 0.0260 0.9442 0.0034 0.0199 
        NC21  4 0.0006 0.0007 0.0500 0.9324 0.0123 0.0041 
        NC22  4 0.0012 0.0010 0.0015 0.9925 0.0015 0.0023 
        NC23  4 0.0014 0.0005 0.0151 0.9645 0.0054 0.0131 
        NC24  4 0.0012 0.0010 0.0008 0.9936 0.0019 0.0016 
      SAND01  4 0.0007 0.0005 0.9944 0.0011 0.0014 0.0019 
      SAND02  4 0.0008 0.0050 0.9880 0.0019 0.0020 0.0023 
      SAND03  4 0.0006 0.0005 0.9954 0.0010 0.0011 0.0014 
      SAND04  4 0.0006 0.0007 0.9949 0.0012 0.0017 0.0009 
      SAND05  4 0.0006 0.0006 0.9949 0.0011 0.0015 0.0013 
      SAND06  4 0.0006 0.0007 0.9934 0.0021 0.0019 0.0014 
      SAND07  4 0.0010 0.0005 0.9941 0.0012 0.0014 0.0019 
      SAND08  4 0.0007 0.0009 0.9749 0.0199 0.0016 0.0020 
      SAND09  4 0.0012 0.0012 0.8867 0.0581 0.0058 0.0470 
      SAND10  4 0.0023 0.0029 0.9770 0.0133 0.0026 0.0019 
      SAND11  4 0.0007 0.0007 0.9937 0.0009 0.0017 0.0022 
      SAND12  4 0.0007 0.0005 0.9951 0.0011 0.0014 0.0012 
      SAND13  4 0.0024 0.0030 0.9778 0.0123 0.0026 0.0019 
      SAND14  4 0.0021 0.0069 0.9778 0.0055 0.0037 0.0040 
      SAND15  4 0.0006 0.0005 0.9946 0.0012 0.0016 0.0015 
      SAND16  4 0.0006 0.0006 0.9768 0.0096 0.0092 0.0034 
      SAND17  4 0.0007 0.0006 0.9936 0.0011 0.0014 0.0025 
      SAND18  4 0.0005 0.0006 0.9948 0.0013 0.0013 0.0015 
      SAND19  4 0.0005 0.0005 0.9955 0.0010 0.0013 0.0012 
      SAND20  4 0.0009 0.0004 0.9909 0.0043 0.0013 0.0021 
      SAND21  4 0.0008 0.0005 0.9933 0.0016 0.0013 0.0025 
      SAND22  4 0.0006 0.0004 0.9889 0.0047 0.0013 0.0040 
      SAND23  4 0.0005 0.0007 0.9940 0.0011 0.0015 0.0021 
      SAND24  4 0.0008 0.0023 0.0012 0.0019 0.0031 0.9908 
      SAND25  4 0.0008 0.0007 0.9898 0.0031 0.0044 0.0013 
      SAND26  4 0.0006 0.0006 0.9951 0.0013 0.0012 0.0013 
      SAND27  4 0.0013 0.0010 0.7794 0.2033 0.0034 0.0116 
      SAND28  4 0.0006 0.0007 0.9945 0.0013 0.0015 0.0015 
      SAND29  4 0.0006 0.0005 0.9951 0.0010 0.0014 0.0014 
      SAND30  4 0.0006 0.0004 0.9896 0.0028 0.0017 0.0049 
      SAND31  4 0.0008 0.0004 0.9948 0.0013 0.0015 0.0011 
      SAND32  4 0.0010 0.0023 0.9252 0.0672 0.0026 0.0017 
      SAND33  4 0.0015 0.0008 0.9908 0.0029 0.0018 0.0022 
      SAND34  4 0.0005 0.0005 0.9942 0.0016 0.0016 0.0017 
      SAND35  4 0.0006 0.0004 0.9961 0.0008 0.0011 0.0010 
      SAND36  4 0.0006 0.0006 0.9907 0.0022 0.0016 0.0043 
      SAND37  4 0.0006 0.0005 0.9894 0.0023 0.0016 0.0056 
      SAND38  4 0.0009 0.0006 0.9919 0.0025 0.0017 0.0023 
      SAND39  4 0.0006 0.0006 0.9862 0.0088 0.0015 0.0023 
      SAND40  4 0.0011 0.0032 0.9866 0.0030 0.0038 0.0023 
      SAND41  4 0.0007 0.0010 0.9928 0.0018 0.0017 0.0020 
      SAND42  4 0.0014 0.0010 0.9884 0.0031 0.0024 0.0037 
      SAND43  4 0.0013 0.0012 0.7945 0.0189 0.0033 0.1809 
      SAND44  4 0.0008 0.0004 0.9952 0.0011 0.0012 0.0012 
       Hon01  5 0.0023 0.0012 0.0008 0.9912 0.0037 0.0009 
       Hon02  5 0.0007 0.0011 0.0255 0.9551 0.0038 0.0138 
       Hon03  5 0.0299 0.0355 0.0848 0.7883 0.0586 0.0029 
       Hon04  5 0.0013 0.0007 0.0016 0.9897 0.0051 0.0016 
       Hon05  5 0.0011 0.0015 0.0011 0.9917 0.0028 0.0018 
       Hon06  5 0.0012 0.0004 0.0011 0.9941 0.0023 0.0008 
       Hon07  5 0.0014 0.0010 0.0010 0.9931 0.0023 0.0013 
       Hon08  5 0.0007 0.0006 0.0006 0.9942 0.0028 0.0012 
       Hon09  5 0.0018 0.0016 0.2156 0.7755 0.0029 0.0026 
       Hon10  5 0.0276 0.0039 0.0011 0.9607 0.0048 0.0018 
       Hon11  5 0.0063 0.0018 0.0010 0.9376 0.0438 0.0095 
       Hon12  5 0.0031 0.0017 0.0523 0.9332 0.0035 0.0062 
       Hon13  5 0.0011 0.0015 0.0008 0.9917 0.0031 0.0018 
       Hon14  5 0.0013 0.0192 0.0007 0.9686 0.0089 0.0012 
       Hon15  5 0.0016 0.0009 0.0015 0.9893 0.0059 0.0008 
       Hon16  5 0.0007 0.0006 0.0006 0.9942 0.0027 0.0011 
       Hon17  5 0.0008 0.0005 0.0009 0.9942 0.0027 0.0010 
       Hon18  5 0.0010 0.0006 0.0658 0.8995 0.0040 0.0292 
       Hon19  5 0.0026 0.0006 0.0010 0.9861 0.0081 0.0016 
       Hon20  5 0.0037 0.0006 0.0006 0.9811 0.0128 0.0012 
      ERIN01  6 0.9959 0.0008 0.0005 0.0006 0.0016 0.0007 
      ERIN02  6 0.9959 0.0007 0.0005 0.0006 0.0016 0.0007 
      ERIN03  6 0.9959 0.0007 0.0005 0.0006 0.0016 0.0007 
      ERIN04  6 0.9959 0.0007 0.0004 0.0006 0.0017 0.0007 
      ERIN05  6 0.9959 0.0007 0.0004 0.0006 0.0016 0.0007 
      ERIN06  6 0.9960 0.0007 0.0005 0.0006 0.0016 0.0007 
      ERIN07  6 0.9959 0.0007 0.0004 0.0006 0.0017 0.0007 
      ERIN08  6 0.9959 0.0008 0.0004 0.0006 0.0016 0.0007 
      ERIN09  6 0.9960 0.0007 0.0005 0.0006 0.0016 0.0007 
      ERIN10  6 0.9960 0.0007 0.0005 0.0006 0.0016 0.0007 
      ERIN11  6 0.9915 0.0008 0.0004 0.0015 0.0051 0.0007 
      ERIN12  6 0.9960 0.0007 0.0005 0.0006 0.0016 0.0007 
      ERIN13  6 0.9959 0.0007 0.0004 0.0006 0.0016 0.0007 
      ERIN14  6 0.9960 0.0007 0.0005 0.0006 0.0016 0.0007 
      ERIN15  6 0.9960 0.0007 0.0005 0.0006 0.0016 0.0007 
      ERIN16  6 0.9957 0.0008 0.0004 0.0006 0.0018 0.0007 
      ERIN17  6 0.9959 0.0007 0.0005 0.0006 0.0016 0.0007 
      ERIN18  6 0.9960 0.0007 0.0005 0.0006 0.0016 0.0007 
      ERIN19  6 0.9960 0.0008 0.0004 0.0006 0.0016 0.0007 
      ERIN20  6 0.9960 0.0008 0.0004 0.0006 0.0016 0.0006 
      ERIN21  6 0.9958 0.0009 0.0005 0.0006 0.0016 0.0007 
      ERIN22  6 0.9960 0.0007 0.0004 0.0006 0.0016 0.0007 
      ERIN23  6 0.9960 0.0007 0.0004 0.0006 0.0016 0.0007 
      ERIN24  6 0.9959 0.0007 0.0005 0.0006 0.0016 0.0007 
      ERIN25  6 0.9958 0.0009 0.0004 0.0006 0.0017 0.0007 
      ERIN26  6 0.9960 0.0007 0.0004 0.0006 0.0016 0.0007 
      ERIN27  6 0.9959 0.0008 0.0005 0.0006 0.0016 0.0007 
      ERIN28  6 0.9959 0.0007 0.0005 0.0006 0.0016 0.0007 
      ERIN29  6 0.9960 0.0007 0.0004 0.0006 0.0016 0.0007 
      ERIN30  6 0.9959 0.0007 0.0005 0.0006 0.0016 0.0007 
      ERIN31  6 0.9960 0.0007 0.0004 0.0006 0.0016 0.0007 
      ERIN32  6 0.9959 0.0007 0.0005 0.0006 0.0016 0.0007 
      ERIN33  6 0.9959 0.0007 0.0005 0.0006 0.0016 0.0007 
      ERIN34  6 0.9959 0.0007 0.0005 0.0006 0.0016 0.0007 
      ERIN35  6 0.9960 0.0007 0.0004 0.0006 0.0016 0.0007 
      ERIN38  6 0.9959 0.0007 0.0005 0.0006 0.0017 0.0007 
      ERIN39  6 0.9960 0.0007 0.0004 0.0006 0.0016 0.0007 
      ERIN40  6 0.9959 0.0007 0.0004 0.0006 0.0016 0.0007 
      ERIN41  6 0.9959 0.0007 0.0005 0.0006 0.0016 0.0007 
      ERIN42  6 0.9960 0.0007 0.0004 0.0006 0.0016 0.0007 
      ERIN43  6 0.9959 0.0007 0.0004 0.0006 0.0017 0.0007 
      ERIN44  6 0.9960 0.0007 0.0004 0.0006 0.0016 0.0007 
      ERIN45  6 0.9959 0.0007 0.0005 0.0006 0.0016 0.0007 
      ERIN46  6 0.9959 0.0008 0.0004 0.0006 0.0016 0.0007 
      ERIN47  6 0.9960 0.0007 0.0004 0.0006 0.0016 0.0007 
       FDS01  6 0.9959 0.0008 0.0005 0.0006 0.0016 0.0007 
       FDS02  6 0.9960 0.0007 0.0004 0.0006 0.0016 0.0007 
       FDS03  6 0.9957 0.0007 0.0004 0.0006 0.0018 0.0007 
       FDS04  6 0.9960 0.0007 0.0004 0.0006 0.0016 0.0007 
       FDS05  6 0.9960 0.0007 0.0005 0.0006 0.0015 0.0007 
       FDS06  6 0.9959 0.0007 0.0004 0.0006 0.0016 0.0007 
       FDS07  6 0.9960 0.0007 0.0005 0.0006 0.0016 0.0007 
       FDS08  6 0.9960 0.0007 0.0005 0.0006 0.0016 0.0007 
       FDS09  6 0.9959 0.0008 0.0004 0.0006 0.0016 0.0007 
       FDS10  6 0.9959 0.0007 0.0005 0.0006 0.0016 0.0007 
       FDS11  6 0.9960 0.0007 0.0005 0.0006 0.0016 0.0006 
       FDS12  6 0.9958 0.0007 0.0004 0.0006 0.0017 0.0007 
       FDS13  6 0.9960 0.0007 0.0004 0.0006 0.0016 0.0007 
       FDS14  6 0.9960 0.0007 0.0004 0.0006 0.0016 0.0007 
       FDS15  6 0.9959 0.0007 0.0005 0.0006 0.0016 0.0007 
       FDS16  6 0.9959 0.0007 0.0004 0.0006 0.0016 0.0007 
       FDS17  6 0.9959 0.0007 0.0005 0.0006 0.0016 0.0007 
       FDS18  6 0.9957 0.0007 0.0004 0.0007 0.0018 0.0007 
       EPP01  6 0.9954 0.0007 0.0005 0.0006 0.0022 0.0007 
       EPP02  6 0.9954 0.0007 0.0004 0.0006 0.0022 0.0006 
       EPP03  6 0.9939 0.0012 0.0004 0.0006 0.0033 0.0006 
       EPP04  6 0.9955 0.0007 0.0004 0.0006 0.0021 0.0006 
       EPP05  6 0.9951 0.0008 0.0004 0.0006 0.0024 0.0007 
       EPP06  6 0.9954 0.0008 0.0004 0.0006 0.0022 0.0007 
       EPP07  6 0.9954 0.0008 0.0004 0.0006 0.0022 0.0006 
       EPP08  6 0.9954 0.0007 0.0004 0.0006 0.0023 0.0007 
       EPP09  6 0.9953 0.0008 0.0004 0.0006 0.0022 0.0007 
       EPP10  6 0.9954 0.0008 0.0005 0.0006 0.0021 0.0006 
       EPP11  6 0.9292 0.0009 0.0004 0.0014 0.0674 0.0007 
       EPP12  6 0.9953 0.0007 0.0004 0.0006 0.0023 0.0006 
       EPP13  6 0.9954 0.0007 0.0004 0.0006 0.0022 0.0006 
       EPP14  6 0.9954 0.0007 0.0004 0.0006 0.0022 0.0007 
       EPP15  6 0.9924 0.0008 0.0026 0.0011 0.0023 0.0009 
       EPP16  6 0.9953 0.0007 0.0004 0.0006 0.0023 0.0007 
       EPP17  6 0.9954 0.0007 0.0004 0.0006 0.0022 0.0006 
       EPP18  6 0.9953 0.0007 0.0004 0.0006 0.0023 0.0007 
       EPP19  6 0.9950 0.0008 0.0004 0.0006 0.0024 0.0006 
       EPP20  6 0.9938 0.0014 0.0004 0.0006 0.0031 0.0007 
       EPP21  6 0.9955 0.0007 0.0004 0.0006 0.0021 0.0006 
       EPP22  6 0.9954 0.0008 0.0004 0.0006 0.0022 0.0007 
       EPP23  6 0.8830 0.0008 0.0005 0.0010 0.1141 0.0007 
       EPP24  6 0.9954 0.0008 0.0004 0.0006 0.0022 0.0006 
       EPP25  6 0.9952 0.0007 0.0004 0.0006 0.0024 0.0007 
       EPP26  6 0.9951 0.0007 0.0005 0.0006 0.0024 0.0006 
       EPP27  6 0.9939 0.0012 0.0004 0.0006 0.0032 0.0007 
       EPP28  6 0.9955 0.0007 0.0004 0.0006 0.0021 0.0006 
       EPP29  6 0.9954 0.0007 0.0004 0.0006 0.0022 0.0007 
       EPP30  6 0.9954 0.0007 0.0004 0.0006 0.0022 0.0006 
       EPP31  6 0.9939 0.0013 0.0004 0.0006 0.0031 0.0007 
       EPP32  6 0.9954 0.0007 0.0004 0.0006 0.0022 0.0007 
       EPP33  6 0.9953 0.0008 0.0004 0.0006 0.0022 0.0006 
       EPP34  6 0.9951 0.0007 0.0004 0.0006 0.0024 0.0007 
       EPP35  6 0.9479 0.0013 0.0018 0.0067 0.0415 0.0009 
       EPP36  6 0.9955 0.0007 0.0004 0.0006 0.0021 0.0007 
       EPP37  6 0.9527 0.0013 0.0004 0.0047 0.0369 0.0040 
       EPP38  6 0.9938 0.0014 0.0004 0.0006 0.0032 0.0007 
       EPP39  6 0.9955 0.0007 0.0004 0.0006 0.0022 0.0007 
       EPP40  6 0.9954 0.0007 0.0004 0.0006 0.0022 0.0007 
       EPP41  6 0.9954 0.0007 0.0004 0.0006 0.0022 0.0006 
       EPP42  6 0.9953 0.0007 0.0004 0.0006 0.0023 0.0006 
       EPP43  6 0.9954 0.0007 0.0005 0.0006 0.0022 0.0006 
        ES68  6 0.8993 0.0137 0.0006 0.0457 0.0375 0.0031 
       ENW44  6 0.9954 0.0007 0.0004 0.0006 0.0022 0.0006 
       ENW45  6 0.9954 0.0008 0.0004 0.0006 0.0022 0.0006 
       ENW46  6 0.9954 0.0007 0.0004 0.0006 0.0022 0.0006 
       ENW48  6 0.9954 0.0008 0.0004 0.0006 0.0022 0.0007 
       ENW49  6 0.9954 0.0007 0.0004 0.0006 0.0022 0.0006 
       ENW50  6 0.9953 0.0007 0.0005 0.0006 0.0022 0.0007 
       ENW51  6 0.9949 0.0008 0.0006 0.0008 0.0022 0.0008 
       ENW52  6 0.9954 0.0007 0.0004 0.0006 0.0022 0.0006 
       ENW53  6 0.9948 0.0008 0.0006 0.0008 0.0022 0.0008 
       ENW54  6 0.9948 0.0009 0.0006 0.0008 0.0022 0.0008 
       ENW55  6 0.9948 0.0008 0.0006 0.0008 0.0022 0.0008 
       ENW56  6 0.9948 0.0008 0.0006 0.0008 0.0022 0.0008 
       ENW57  6 0.9948 0.0009 0.0006 0.0007 0.0022 0.0008 
       ENE58  6 0.9914 0.0015 0.0013 0.0017 0.0032 0.0008 
       ENE59  6 0.9947 0.0008 0.0006 0.0008 0.0023 0.0009 
       ENE60  6 0.9947 0.0008 0.0006 0.0008 0.0022 0.0008 
       ENE61  6 0.9913 0.0014 0.0013 0.0018 0.0034 0.0008 
       ENE62  6 0.9948 0.0008 0.0006 0.0008 0.0022 0.0008 
       ENE63  6 0.9947 0.0008 0.0006 0.0008 0.0022 0.0009 
       ENE64  6 0.9912 0.0014 0.0014 0.0018 0.0033 0.0008 
       ENE65  6 0.9948 0.0009 0.0006 0.0008 0.0022 0.0008 
       ENE66  6 0.9948 0.0008 0.0006 0.0008 0.0022 0.0008 
       ENE67  6 0.9947 0.0009 0.0006 0.0008 0.0022 0.0009 
         CC1  7 0.5359 0.0641 0.0017 0.0016 0.3934 0.0033 
        CC10  7 0.6090 0.0029 0.0014 0.0013 0.3826 0.0028 
        CC11  7 0.8881 0.0082 0.0058 0.0032 0.0938 0.0008 
        CC12  7 0.6324 0.0018 0.0005 0.0012 0.3630 0.0010 
        CC13  7 0.5369 0.0641 0.0017 0.0016 0.3925 0.0032 
        CC14  7 0.5356 0.0636 0.0017 0.0016 0.3944 0.0032 
        CC15  7 0.5186 0.0504 0.0016 0.0023 0.4221 0.0050 
        CC16  7 0.7746 0.1557 0.0004 0.0068 0.0618 0.0008 
        CC17  7 0.5869 0.0035 0.0015 0.0014 0.4040 0.0028 
         CC2  7 0.5365 0.0658 0.0017 0.0016 0.3912 0.0032 
         CC3  7 0.5623 0.0350 0.0016 0.0017 0.3965 0.0030 
         CC4  7 0.1524 0.0059 0.0013 0.1234 0.7070 0.0101 
         CC5  7 0.9716 0.0198 0.0004 0.0011 0.0064 0.0008 
         CC6  7 0.9689 0.0215 0.0004 0.0012 0.0071 0.0008 
         CC7  7 0.9722 0.0194 0.0004 0.0011 0.0061 0.0008 
         CC8  7 0.9718 0.0196 0.0004 0.0011 0.0063 0.0008 
         CC9  7 0.9684 0.0218 0.0004 0.0012 0.0074 0.0008 
       BUN01  8 0.0014 0.0046 0.0005 0.0013 0.9912 0.0010 
       BUN02  8 0.0079 0.0618 0.0009 0.0031 0.9251 0.0013 
       BUN03  8 0.0024 0.0007 0.0007 0.0012 0.9939 0.0011 
       BUN04  8 0.0198 0.0010 0.0016 0.0013 0.9749 0.0014 
       BUN05  8 0.0048 0.0035 0.0007 0.0012 0.9423 0.0476 
       BUN06  8 0.0026 0.0008 0.0006 0.0017 0.9933 0.0010 
       BUN07  8 0.0009 0.0010 0.0005 0.0014 0.9953 0.0009 
       SOB01  8 0.0025 0.0012 0.0006 0.0010 0.9920 0.0027 
       SOB02  8 0.0041 0.0015 0.0010 0.0947 0.8966 0.0021 
       SOB03  8 0.0192 0.0015 0.0028 0.0012 0.9732 0.0021 
       SOB04  8 0.0015 0.0038 0.0028 0.0897 0.8832 0.0190 
       SOB05  8 0.0331 0.0019 0.0006 0.0011 0.9617 0.0017 
       SOB06  8 0.0049 0.0266 0.0006 0.0021 0.9580 0.0077 
       SOB07  8 0.0132 0.1051 0.0007 0.0027 0.8771 0.0012 
       SOB08  8 0.0019 0.0109 0.0014 0.0012 0.9826 0.0020 
       SOB09  8 0.0320 0.0021 0.0030 0.0724 0.8374 0.0531 
       SOB10  8 0.0053 0.0052 0.0005 0.0009 0.9871 0.0011 
       SOB11  8 0.0020 0.0017 0.0008 0.1384 0.8561 0.0010 
       OSR01  8 0.0212 0.0009 0.0061 0.1395 0.8307 0.0017 
       OSR02  8 0.0014 0.2819 0.0005 0.0016 0.7137 0.0010 
       OSR03  8 0.0013 0.2821 0.0004 0.0016 0.7136 0.0010 
       OSR04  8 0.0024 0.1224 0.0007 0.0011 0.8724 0.0010 
       OSR05  8 0.0014 0.2835 0.0004 0.0016 0.7121 0.0011 
       OSR06  8 0.0015 0.0009 0.0016 0.0319 0.9629 0.0012 
       OSR07  8 0.0078 0.0027 0.0026 0.0018 0.9830 0.0021 
       OSR08  8 0.0078 0.0030 0.0026 0.0017 0.9828 0.0021 
       OSR09  8 0.1035 0.0012 0.0021 0.0265 0.8640 0.0027 
      Lion01  8 0.0148 0.0011 0.0267 0.0024 0.9539 0.0012 
      Lion02  8 0.0012 0.0014 0.0013 0.0023 0.9929 0.0009 
      Lion03  8 0.0010 0.0018 0.0007 0.0010 0.9946 0.0010 
      Lion04  8 0.0031 0.0013 0.0008 0.0017 0.9913 0.0017 
      Lion05  8 0.0052 0.0046 0.0052 0.0086 0.9689 0.0074 
      Lion06  8 0.0048 0.0051 0.0053 0.0098 0.9668 0.0082 
        TW01  8 0.0020 0.0013 0.0006 0.0010 0.9939 0.0012 
        TW02  8 0.0041 0.0070 0.0006 0.0021 0.9588 0.0274 
        TW03  8 0.0021 0.0014 0.0007 0.0010 0.9935 0.0013 
        TW04  8 0.0020 0.0014 0.0006 0.0010 0.9938 0.0012 
        CF01  8 0.0044 0.0024 0.0007 0.0012 0.9904 0.0009 
        CF02  8 0.0012 0.2274 0.0007 0.0011 0.7684 0.0012 
        CF03  8 0.0042 0.0024 0.0007 0.0013 0.9905 0.0009 
        CF04  8 0.0043 0.0009 0.0015 0.0025 0.9822 0.0087 
        CF05  8 0.0024 0.0022 0.0008 0.0018 0.9912 0.0016 
        CF06  8 0.0024 0.0020 0.0008 0.0020 0.9912 0.0016 
        CF07  8 0.0010 0.0006 0.0157 0.0253 0.9290 0.0284 
        CF08  8 0.0025 0.0021 0.0008 0.0018 0.9911 0.0017 
        CF09  8 0.0044 0.0026 0.0007 0.0012 0.9903 0.0009 
        CF10  8 0.0017 0.0020 0.0008 0.0015 0.9920 0.0020 
        CF11  8 0.0738 0.0096 0.0283 0.0038 0.8808 0.0037 
        CF12  8 0.0042 0.0024 0.0007 0.0012 0.9906 0.0009 
        CF13  8 0.0022 0.0021 0.0008 0.0018 0.9914 0.0016 
        CF14  8 0.0046 0.0009 0.0016 0.0026 0.9821 0.0083 
        CF15  8 0.0047 0.0010 0.0015 0.0026 0.9819 0.0083 
        CF16  8 0.0044 0.0023 0.0007 0.0012 0.9905 0.0009 
        CF17  8 0.0026 0.0027 0.0006 0.0014 0.9917 0.0010 
        CF18  8 0.0047 0.0009 0.0015 0.0027 0.9822 0.0081 
        CF19  8 0.0037 0.0038 0.0100 0.0409 0.9171 0.0246 
        CF20  8 0.0023 0.0020 0.0008 0.0018 0.9915 0.0016 
        CF21  8 0.0024 0.0020 0.0008 0.0018 0.9914 0.0017 
        CF22  8 0.0022 0.0021 0.0009 0.0019 0.9912 0.0017 
        CF23  8 0.0025 0.0020 0.0009 0.0018 0.9913 0.0016 
        CF24  8 0.0042 0.0024 0.0007 0.0013 0.9905 0.0009 
        CF25  8 0.0045 0.0022 0.0007 0.0012 0.9905 0.0009 
        CF26  8 0.0012 0.2260 0.0007 0.0010 0.7699 0.0012 
        CF27  8 0.0024 0.0020 0.0008 0.0019 0.9912 0.0017 
        CF28  8 0.0047 0.0008 0.0022 0.0026 0.9815 0.0082 
        CF29  8 0.0046 0.0023 0.0007 0.0012 0.9903 0.0009 
        CF30  8 0.0030 0.0012 0.0008 0.0016 0.9916 0.0017 
        CF31  8 0.0042 0.0024 0.0007 0.0012 0.9905 0.0009 
        CF32  8 0.0015 0.0078 0.0007 0.0012 0.9880 0.0009 
        CF33  8 0.0023 0.0018 0.0007 0.0864 0.9073 0.0015 
        CF34  8 0.0024 0.0020 0.0008 0.0019 0.9913 0.0017 
        CF35  8 0.0049 0.0010 0.0015 0.0027 0.9819 0.0080 
        CF36  8 0.0021 0.0015 0.0005 0.0010 0.9935 0.0013 
        BP01  8 0.0372 0.0110 0.0008 0.0014 0.9468 0.0028 
        BP02  8 0.0016 0.0008 0.0009 0.0010 0.9943 0.0013 
        BP03  8 0.0013 0.0014 0.0005 0.0013 0.9942 0.0014 
        BP04  8 0.0045 0.0017 0.0006 0.0009 0.9907 0.0015 
        BP06  8 0.0047 0.0024 0.0008 0.0014 0.9894 0.0013 
        BP07  8 0.0050 0.0022 0.0223 0.0036 0.9458 0.0212 
        BP08  8 0.0196 0.0022 0.0009 0.0014 0.9746 0.0013 
        BP09  8 0.0015 0.0052 0.0017 0.0071 0.9821 0.0024 
        BP10  8 0.0032 0.0006 0.0007 0.0012 0.9925 0.0018 
