        TC01  1 0.0008 0.0014 0.0043 0.0031 0.0010 0.0033 0.0065 0.0036 0.0029 0.0087 0.0029 0.0050 0.9359 0.0206 
        TC02  1 0.0012 0.0022 0.0016 0.0017 0.0013 0.0048 0.0044 0.0044 0.0051 0.0032 0.0021 0.0036 0.9579 0.0066 
        TC03  1 0.0009 0.0017 0.0016 0.0018 0.0015 0.0027 0.0025 0.0062 0.0022 0.0052 0.0048 0.0040 0.9613 0.0034 
        TC04  1 0.0027 0.0616 0.0014 0.0073 0.0012 0.0034 0.0142 0.0556 0.0206 0.0218 0.0048 0.0024 0.7987 0.0042 
        TC05  1 0.0013 0.0138 0.0008 0.0017 0.0013 0.0022 0.0024 0.0058 0.0020 0.0018 0.0021 0.0017 0.9610 0.0022 
        TC06  1 0.0016 0.0018 0.0011 0.0030 0.0010 0.0031 0.0057 0.1294 0.0044 0.0038 0.0028 0.0057 0.8338 0.0027 
        TC07  1 0.0014 0.0035 0.0007 0.0020 0.0017 0.0019 0.0129 0.0071 0.0015 0.0023 0.0021 0.0020 0.9488 0.0121 
        TC08  1 0.0013 0.0024 0.0011 0.0013 0.0023 0.0022 0.0034 0.0056 0.0074 0.0016 0.0013 0.0016 0.9652 0.0031 
        TC09  1 0.0012 0.0016 0.0006 0.0011 0.0009 0.0028 0.0032 0.0335 0.0538 0.0024 0.0050 0.0549 0.8363 0.0025 
        TC10  1 0.0022 0.0013 0.0040 0.0018 0.0009 0.0014 0.0020 0.0068 0.0015 0.0019 0.0116 0.0615 0.8909 0.0124 
        TC11  1 0.0008 0.0011 0.0013 0.0009 0.0011 0.0011 0.0022 0.0027 0.0017 0.0025 0.0017 0.0028 0.9724 0.0078 
        TC12  1 0.0019 0.0029 0.0044 0.0210 0.0018 0.0070 0.0083 0.0189 0.0053 0.0102 0.0110 0.0025 0.8968 0.0081 
        TC13  1 0.0010 0.0012 0.0011 0.0009 0.0009 0.0018 0.0022 0.0062 0.0031 0.0018 0.0012 0.0078 0.9681 0.0026 
        TC14  1 0.0013 0.0027 0.0021 0.0024 0.0049 0.0084 0.0030 0.0860 0.0055 0.0075 0.0025 0.0379 0.8309 0.0050 
        TC15  1 0.0023 0.0030 0.0017 0.0024 0.0015 0.0066 0.0032 0.0758 0.0084 0.0040 0.0037 0.0205 0.8647 0.0021 
        TC16  1 0.0024 0.0023 0.0011 0.0134 0.0030 0.0030 0.0062 0.0266 0.1094 0.0043 0.0032 0.0378 0.7842 0.0031 
        TC17  1 0.0036 0.0073 0.0029 0.0011 0.0046 0.0066 0.0586 0.0212 0.0089 0.0067 0.0045 0.0884 0.7785 0.0072 
        TC18  1 0.0017 0.0172 0.0056 0.0011 0.0031 0.0022 0.0049 0.0076 0.0021 0.0372 0.0068 0.0051 0.8997 0.0057 
        TC19  1 0.0011 0.0010 0.0012 0.0009 0.0010 0.0014 0.0025 0.0040 0.0074 0.0018 0.0018 0.0283 0.9448 0.0030 
        TC20  1 0.0012 0.0020 0.0013 0.0011 0.0014 0.0018 0.0020 0.0057 0.0062 0.0073 0.0015 0.0096 0.9561 0.0029 
        TC21  1 0.0094 0.0221 0.0019 0.0040 0.0208 0.0074 0.0268 0.0155 0.0045 0.0549 0.0042 0.0020 0.8112 0.0155 
        TC22  1 0.0178 0.0023 0.0074 0.0016 0.0012 0.0156 0.0027 0.0095 0.0040 0.0024 0.0025 0.0016 0.9266 0.0048 
        TC23  1 0.0008 0.0011 0.0012 0.0050 0.0014 0.0016 0.0022 0.0064 0.0023 0.0029 0.0029 0.0034 0.9615 0.0073 
        TC24  1 0.0007 0.0013 0.0007 0.0007 0.0018 0.0010 0.0017 0.0035 0.0019 0.0013 0.0021 0.0057 0.9758 0.0018 
        TC25  1 0.0023 0.0014 0.0010 0.0026 0.0025 0.0039 0.0032 0.1545 0.0023 0.0268 0.0060 0.0171 0.7438 0.0326 
        TC26  1 0.0009 0.0011 0.0008 0.0068 0.0013 0.0029 0.0039 0.0140 0.0022 0.0017 0.0021 0.0557 0.9044 0.0022 
        TC27  1 0.0010 0.0038 0.0194 0.0013 0.0022 0.0026 0.0059 0.0212 0.0018 0.0026 0.0021 0.0029 0.9304 0.0028 
        TC28  1 0.0029 0.0033 0.0012 0.0081 0.0017 0.0023 0.0048 0.0459 0.0021 0.0045 0.0043 0.0061 0.9086 0.0042 
        TC29  1 0.0009 0.0208 0.0007 0.0017 0.0024 0.0023 0.0032 0.0485 0.0048 0.0075 0.0044 0.0066 0.8892 0.0070 
        TC30  1 0.0012 0.0013 0.0011 0.0009 0.0012 0.0018 0.0034 0.0072 0.0084 0.0020 0.0026 0.0064 0.9596 0.0028 
        TC31  1 0.0060 0.0028 0.0024 0.0009 0.0024 0.0020 0.0026 0.0035 0.0038 0.0150 0.0037 0.0027 0.9240 0.0283 
        TC32  1 0.0335 0.0025 0.0009 0.0021 0.0014 0.0043 0.0075 0.1519 0.0026 0.0030 0.0017 0.0077 0.7769 0.0040 
        TC33  1 0.0009 0.0021 0.0014 0.0015 0.0028 0.0022 0.0032 0.0067 0.0016 0.0027 0.0025 0.0035 0.9571 0.0115 
        TC34  1 0.0015 0.0021 0.0029 0.0034 0.0037 0.0022 0.0033 0.0817 0.0028 0.0023 0.0033 0.0116 0.8761 0.0031 
        TC35  1 0.0071 0.0033 0.0072 0.0011 0.0013 0.0017 0.0036 0.0113 0.0289 0.0082 0.0028 0.0057 0.9004 0.0173 
        TC36  1 0.0014 0.0025 0.0014 0.0021 0.0012 0.0030 0.0034 0.0058 0.0036 0.0024 0.0037 0.0048 0.9614 0.0033 
        TC37  1 0.0028 0.0021 0.0011 0.0012 0.0022 0.0022 0.0024 0.0022 0.0029 0.0028 0.0019 0.0022 0.9703 0.0036 
        TC38  1 0.0008 0.0024 0.0008 0.0040 0.0012 0.0022 0.0041 0.0252 0.0571 0.0323 0.0038 0.0244 0.8349 0.0067 
        TC39  1 0.0014 0.0015 0.0008 0.0016 0.0014 0.0029 0.0023 0.0828 0.0083 0.0038 0.0029 0.0836 0.8035 0.0033 
        TC40  1 0.0019 0.0022 0.0016 0.0018 0.0082 0.0026 0.0045 0.0629 0.0029 0.0030 0.0066 0.0127 0.8859 0.0032 
        TC41  1 0.0105 0.0024 0.0009 0.0016 0.0016 0.0014 0.0024 0.0036 0.0017 0.0021 0.0069 0.0030 0.9589 0.0029 
        TC42  1 0.0007 0.0019 0.0013 0.0008 0.0010 0.0023 0.0022 0.0145 0.0029 0.0016 0.0023 0.0035 0.9634 0.0019 
        TC43  1 0.0013 0.0014 0.0012 0.0017 0.0014 0.0018 0.0021 0.0131 0.0029 0.0034 0.0019 0.0022 0.9631 0.0025 
        TC44  1 0.0012 0.0015 0.0034 0.0022 0.0012 0.0040 0.0028 0.0160 0.0345 0.0025 0.0026 0.0158 0.9046 0.0077 
        TC45  1 0.0016 0.0016 0.0007 0.0008 0.0008 0.0038 0.0021 0.0025 0.0019 0.0125 0.0019 0.0144 0.9524 0.0031 
        TC46  1 0.0023 0.0031 0.0025 0.0033 0.0017 0.0031 0.0038 0.0047 0.0017 0.0075 0.0056 0.0085 0.9495 0.0027 
        TC47  1 0.0017 0.0016 0.0044 0.0029 0.0015 0.0017 0.0030 0.0094 0.0115 0.0030 0.0020 0.0175 0.9360 0.0037 
        TC48  1 0.0028 0.0037 0.0029 0.0028 0.0157 0.0179 0.0049 0.0082 0.0026 0.0109 0.0029 0.0102 0.9113 0.0031 
        TC49  1 0.0020 0.0029 0.0014 0.0018 0.0017 0.0053 0.0029 0.0049 0.0015 0.0027 0.0012 0.0041 0.9629 0.0046 
        TC50  1 0.0021 0.0020 0.0040 0.0008 0.0027 0.0061 0.0055 0.0040 0.0037 0.0054 0.0035 0.0030 0.9526 0.0046 
        TC51  1 0.0014 0.0019 0.0015 0.0016 0.0013 0.0067 0.0027 0.0431 0.0080 0.0035 0.0023 0.0031 0.9123 0.0106 
        TC52  1 0.0007 0.0013 0.0007 0.0236 0.0016 0.0024 0.0027 0.0079 0.0024 0.0086 0.0158 0.0057 0.9244 0.0020 
        TC53  1 0.0009 0.0016 0.0029 0.0007 0.0011 0.0069 0.0060 0.0108 0.0048 0.0015 0.0058 0.0038 0.9512 0.0018 
        TC54  1 0.0022 0.0036 0.0023 0.0010 0.0140 0.0099 0.0076 0.0290 0.0030 0.0042 0.0030 0.0077 0.9080 0.0046 
        TC55  1 0.0045 0.0020 0.0016 0.0026 0.0025 0.0084 0.0071 0.0226 0.0018 0.0045 0.0052 0.0411 0.8927 0.0034 
        TC56  1 0.0016 0.0035 0.0026 0.0012 0.0083 0.0043 0.0041 0.0136 0.0039 0.0162 0.0035 0.0022 0.9276 0.0075 
        TC57  1 0.0026 0.0045 0.0061 0.0011 0.0028 0.0035 0.0077 0.0035 0.0049 0.0027 0.0034 0.0130 0.9403 0.0039 
        TC58  1 0.0012 0.0015 0.0014 0.0095 0.0010 0.0033 0.0028 0.0045 0.0030 0.0026 0.0019 0.0151 0.9265 0.0257 
        TC59  1 0.0008 0.0015 0.0012 0.0015 0.0012 0.0015 0.0027 0.0060 0.0020 0.0015 0.0016 0.0029 0.9726 0.0032 
        TA01  2 0.0009 0.0017 0.0015 0.0012 0.0012 0.0024 0.0049 0.0085 0.0133 0.0018 0.0015 0.0150 0.9427 0.0036 
        TA02  2 0.0012 0.0040 0.0009 0.0025 0.0033 0.0013 0.0032 0.0041 0.0038 0.0023 0.0030 0.0029 0.9654 0.0021 
        TA03  2 0.0017 0.0024 0.0062 0.0015 0.0023 0.0028 0.0029 0.0057 0.0213 0.0024 0.0027 0.0062 0.9380 0.0038 
        TA04  2 0.0022 0.0016 0.0021 0.0020 0.0012 0.0025 0.0020 0.0237 0.3408 0.0021 0.0024 0.0035 0.6110 0.0029 
        TA05  2 0.0010 0.0022 0.0014 0.0015 0.0017 0.0021 0.0038 0.0035 0.0045 0.0031 0.0017 0.0028 0.9674 0.0034 
        TA06  2 0.0014 0.0008 0.0011 0.0010 0.0010 0.0014 0.0020 0.0114 0.0051 0.0017 0.0020 0.0112 0.9558 0.0042 
        TA07  2 0.0009 0.0029 0.0014 0.0014 0.0029 0.0034 0.0265 0.0052 0.1161 0.0024 0.0041 0.0057 0.8193 0.0077 
        TA08  2 0.0007 0.0011 0.0126 0.0008 0.0015 0.0023 0.0015 0.0212 0.0081 0.0041 0.0016 0.0065 0.9356 0.0025 
        TA09  2 0.0007 0.0011 0.0011 0.0028 0.0012 0.0016 0.0023 0.0080 0.0087 0.0014 0.0023 0.0050 0.9614 0.0023 
        TA10  2 0.0011 0.0041 0.0014 0.0018 0.0013 0.0042 0.0042 0.0069 0.0067 0.0023 0.0019 0.0082 0.8923 0.0635 
        TA11  2 0.0040 0.0030 0.0041 0.0012 0.0016 0.0050 0.0022 0.0067 0.0100 0.0054 0.0022 0.1119 0.7656 0.0772 
        TA12  2 0.0011 0.0728 0.0035 0.0010 0.0015 0.0064 0.0065 0.0035 0.0044 0.0019 0.0012 0.0046 0.8808 0.0107 
        TA13  2 0.0014 0.0174 0.0018 0.0018 0.0023 0.1098 0.0056 0.0491 0.0367 0.0025 0.0034 0.0023 0.7492 0.0168 
        TA14  2 0.0009 0.0012 0.0008 0.0009 0.0019 0.0024 0.0020 0.0113 0.0062 0.0014 0.0027 0.0061 0.9606 0.0018 
        TA15  2 0.0011 0.0017 0.0008 0.0009 0.0013 0.0094 0.0015 0.0146 0.0033 0.0013 0.0016 0.0022 0.9570 0.0031 
        TA16  2 0.0009 0.0116 0.0015 0.0017 0.0011 0.0032 0.0037 0.0310 0.0291 0.0019 0.0016 0.0103 0.8720 0.0304 
        TA17  2 0.0014 0.0048 0.0049 0.0029 0.0024 0.0026 0.0049 0.0090 0.0020 0.0018 0.0018 0.0029 0.9558 0.0028 
        TA18  2 0.0633 0.0014 0.0013 0.0049 0.0012 0.0013 0.0069 0.0043 0.0032 0.0016 0.0015 0.0017 0.8944 0.0131 
        TA19  2 0.0051 0.0021 0.0406 0.0027 0.0016 0.0036 0.0058 0.0129 0.0341 0.0020 0.0038 0.0040 0.8722 0.0094 
        TA20  2 0.0011 0.0314 0.0013 0.0008 0.0128 0.0015 0.0053 0.0058 0.0020 0.0028 0.0028 0.0111 0.9184 0.0029 
        TA21  2 0.0011 0.0042 0.0016 0.0018 0.0031 0.0052 0.0044 0.0114 0.0050 0.0030 0.0021 0.0523 0.9006 0.0043 
        TA22  2 0.0013 0.0015 0.0008 0.0012 0.0035 0.0022 0.0025 0.0335 0.0020 0.0019 0.0022 0.0024 0.9430 0.0021 
        TA23  2 0.0010 0.0015 0.0010 0.0012 0.0013 0.0017 0.0017 0.0383 0.0045 0.0017 0.0013 0.0036 0.9388 0.0026 
        TA24  2 0.0015 0.0022 0.0034 0.0011 0.0012 0.0022 0.0216 0.0052 0.0029 0.0020 0.0037 0.0023 0.9481 0.0027 
        TA25  2 0.0013 0.0050 0.0016 0.0010 0.0008 0.0039 0.0046 0.0101 0.0025 0.0020 0.0018 0.0033 0.8177 0.1444 
        TA26  2 0.0009 0.0025 0.0024 0.0010 0.0020 0.0054 0.0020 0.0170 0.0221 0.0053 0.0017 0.0603 0.8704 0.0070 
        TA27  2 0.0011 0.0048 0.0023 0.0017 0.0016 0.0029 0.0064 0.0059 0.0045 0.0015 0.0026 0.0033 0.9579 0.0035 
        TA28  2 0.0037 0.0048 0.0010 0.0052 0.0065 0.0019 0.0046 0.0051 0.0076 0.0085 0.0105 0.0077 0.9306 0.0024 
        TA29  2 0.0012 0.0017 0.0042 0.0015 0.0012 0.0031 0.0027 0.0344 0.0024 0.0020 0.0018 0.0033 0.9368 0.0037 
        TA30  2 0.0015 0.0027 0.0053 0.0011 0.0045 0.0125 0.0021 0.0095 0.1697 0.0033 0.0020 0.1452 0.6369 0.0037 
      BERM01  3 0.0007 0.0011 0.0008 0.0009 0.0010 0.0015 0.0014 0.9446 0.0351 0.0014 0.0010 0.0039 0.0042 0.0024 
      BERM02  3 0.0012 0.0011 0.0006 0.0008 0.0011 0.0016 0.0014 0.9713 0.0051 0.0017 0.0011 0.0041 0.0068 0.0020 
      BERM03  3 0.0007 0.0010 0.0009 0.0010 0.0009 0.0019 0.0016 0.9773 0.0016 0.0016 0.0013 0.0039 0.0037 0.0025 
      BERM04  3 0.0006 0.0008 0.0011 0.0012 0.0008 0.0016 0.0013 0.9743 0.0026 0.0018 0.0012 0.0064 0.0032 0.0030 
      BERM05  3 0.0007 0.0010 0.0010 0.0013 0.0011 0.0019 0.0017 0.9747 0.0036 0.0022 0.0020 0.0029 0.0031 0.0030 
      BERM06  3 0.0013 0.0009 0.0010 0.0018 0.0008 0.0014 0.0019 0.9378 0.0133 0.0019 0.0014 0.0296 0.0051 0.0018 
      BERM07  3 0.0008 0.0010 0.0015 0.0010 0.0010 0.0019 0.0015 0.9677 0.0063 0.0016 0.0012 0.0050 0.0058 0.0037 
      BERM08  3 0.0006 0.0008 0.0007 0.0007 0.0007 0.0013 0.0012 0.9780 0.0049 0.0018 0.0010 0.0020 0.0042 0.0020 
      BERM09  3 0.0014 0.0009 0.0009 0.0011 0.0009 0.0015 0.0015 0.5884 0.3838 0.0012 0.0012 0.0036 0.0111 0.0025 
      BERM10  3 0.0009 0.0011 0.0021 0.0013 0.0009 0.0017 0.0050 0.9471 0.0063 0.0027 0.0015 0.0188 0.0082 0.0025 
      BERM11  3 0.0008 0.0009 0.0008 0.0008 0.0010 0.0015 0.0012 0.9590 0.0185 0.0019 0.0012 0.0038 0.0059 0.0028 
      BERM12  3 0.0007 0.0009 0.0061 0.0011 0.0010 0.0011 0.0027 0.9347 0.0025 0.0258 0.0047 0.0057 0.0093 0.0038 
      BERM13  3 0.0013 0.0011 0.0011 0.0042 0.0009 0.0016 0.0015 0.9714 0.0056 0.0014 0.0011 0.0017 0.0043 0.0030 
      BERM14  3 0.0007 0.0010 0.0009 0.0008 0.0008 0.0015 0.0014 0.9488 0.0056 0.0015 0.0020 0.0253 0.0068 0.0031 
      CROC01  3 0.0031 0.0022 0.0027 0.0011 0.0049 0.0050 0.0020 0.9528 0.0049 0.0023 0.0069 0.0027 0.0052 0.0043 
      CROC02  3 0.0033 0.0021 0.0009 0.0126 0.0017 0.0035 0.0040 0.9303 0.0041 0.0042 0.0027 0.0207 0.0061 0.0037 
      CROC03  3 0.0010 0.0013 0.0014 0.0010 0.0013 0.0017 0.0020 0.9494 0.0125 0.0049 0.0022 0.0129 0.0055 0.0028 
      CROC04  3 0.0013 0.0010 0.0009 0.0007 0.0009 0.0015 0.0169 0.8793 0.0025 0.0014 0.0055 0.0020 0.0837 0.0025 
      CROC05  3 0.0008 0.0012 0.0008 0.0013 0.0012 0.0023 0.0023 0.9584 0.0061 0.0018 0.0034 0.0118 0.0042 0.0046 
      CROC06  3 0.0026 0.0011 0.0011 0.0015 0.0035 0.0016 0.0291 0.8943 0.0047 0.0028 0.0057 0.0064 0.0154 0.0301 
      CROC07  3 0.0038 0.0014 0.0015 0.0016 0.0014 0.0030 0.0027 0.9524 0.0098 0.0019 0.0028 0.0042 0.0102 0.0033 
      CROC08  3 0.0009 0.0022 0.0016 0.0009 0.0190 0.0029 0.0020 0.9445 0.0033 0.0042 0.0034 0.0032 0.0054 0.0066 
      CROC09  3 0.0008 0.0010 0.0007 0.0008 0.0028 0.0013 0.0051 0.8925 0.0690 0.0024 0.0024 0.0157 0.0035 0.0021 
      CROC10  3 0.0010 0.0009 0.0008 0.0008 0.0007 0.0026 0.0015 0.9158 0.0613 0.0019 0.0013 0.0031 0.0045 0.0038 
      CROC11  3 0.0009 0.0009 0.0007 0.0008 0.0027 0.0013 0.0051 0.8923 0.0683 0.0024 0.0023 0.0168 0.0035 0.0021 
     CROC110  3 0.0012 0.0052 0.0015 0.0021 0.0023 0.0169 0.0116 0.9052 0.0268 0.0016 0.0029 0.0078 0.0120 0.0029 
     CROC116  3 0.0018 0.0025 0.0015 0.0021 0.0020 0.0040 0.0051 0.9278 0.0031 0.0045 0.0145 0.0142 0.0138 0.0031 
      CROC12  3 0.0008 0.0011 0.0007 0.0015 0.0009 0.0016 0.0022 0.9749 0.0026 0.0016 0.0010 0.0040 0.0048 0.0021 
     CROC123  3 0.0007 0.0009 0.0006 0.0007 0.0007 0.0015 0.0012 0.9705 0.0044 0.0017 0.0013 0.0093 0.0047 0.0017 
      CROC13  3 0.0006 0.0009 0.0011 0.0011 0.0009 0.0023 0.0016 0.9630 0.0023 0.0044 0.0013 0.0130 0.0038 0.0037 
      CROC14  3 0.0008 0.0018 0.0005 0.0006 0.0016 0.0015 0.0058 0.8776 0.0050 0.0023 0.0012 0.0146 0.0065 0.0799 
      CROC15  3 0.0008 0.0143 0.0010 0.0134 0.0084 0.0030 0.0073 0.8759 0.0020 0.0059 0.0466 0.0035 0.0085 0.0096 
      CROC16  3 0.0010 0.0019 0.0010 0.0029 0.0023 0.0075 0.0027 0.9166 0.0190 0.0105 0.0039 0.0239 0.0034 0.0036 
      CROC17  3 0.0008 0.0086 0.0007 0.0006 0.0007 0.0011 0.0015 0.9074 0.0017 0.0017 0.0010 0.0029 0.0693 0.0020 
      CROC18  3 0.0088 0.0025 0.0010 0.0100 0.0011 0.0023 0.0015 0.9400 0.0022 0.0126 0.0038 0.0038 0.0084 0.0021 
      CROC19  3 0.0014 0.0013 0.0016 0.0010 0.0012 0.0014 0.0058 0.9645 0.0041 0.0020 0.0021 0.0020 0.0084 0.0032 
     CROC198  3 0.0009 0.0013 0.0021 0.0006 0.0011 0.0022 0.0017 0.9527 0.0069 0.0016 0.0012 0.0202 0.0041 0.0035 
      CROC20  3 0.0018 0.0018 0.0011 0.0016 0.0017 0.0028 0.0029 0.9624 0.0051 0.0030 0.0022 0.0065 0.0039 0.0031 
     CROC202  3 0.0008 0.0010 0.0015 0.0009 0.0009 0.0022 0.0017 0.9537 0.0031 0.0066 0.0022 0.0166 0.0046 0.0041 
      CROC21  3 0.0008 0.0011 0.0009 0.0012 0.0010 0.0027 0.0020 0.9704 0.0053 0.0021 0.0012 0.0025 0.0058 0.0029 
     CROC216  3 0.0013 0.0033 0.0009 0.0207 0.0020 0.0021 0.0024 0.9109 0.0178 0.0027 0.0069 0.0031 0.0231 0.0028 
      CROC22  3 0.0011 0.0277 0.0165 0.0010 0.0008 0.0036 0.0018 0.8846 0.0082 0.0023 0.0016 0.0354 0.0126 0.0029 
      CROC23  3 0.0014 0.0017 0.0012 0.0011 0.0016 0.0037 0.0021 0.8927 0.0661 0.0022 0.0014 0.0019 0.0199 0.0029 
      CROC24  3 0.0007 0.0013 0.0007 0.0011 0.0013 0.0014 0.0021 0.9264 0.0221 0.0038 0.0019 0.0293 0.0057 0.0023 
      CROC25  3 0.0010 0.0009 0.0008 0.0008 0.0009 0.0013 0.0014 0.9739 0.0029 0.0014 0.0014 0.0063 0.0043 0.0027 
     CROC259  3 0.0006 0.0013 0.0010 0.0009 0.0010 0.0014 0.0021 0.9284 0.0063 0.0023 0.0014 0.0034 0.0288 0.0210 
      CROC26  3 0.0007 0.0011 0.0014 0.0009 0.0013 0.0013 0.0016 0.8968 0.0035 0.0021 0.0017 0.0040 0.0801 0.0034 
      CROC27  3 0.0011 0.0028 0.0013 0.0008 0.0024 0.0017 0.0021 0.9146 0.0191 0.0020 0.0023 0.0102 0.0370 0.0025 
      CROC28  3 0.0006 0.0012 0.0007 0.0007 0.0011 0.0014 0.0022 0.7691 0.0775 0.0016 0.0017 0.1159 0.0233 0.0029 
      CROC29  3 0.0008 0.0015 0.0009 0.0007 0.0014 0.0022 0.0017 0.9720 0.0025 0.0020 0.0023 0.0048 0.0048 0.0024 
      CROC30  3 0.0024 0.0035 0.0008 0.0314 0.0028 0.0026 0.0073 0.9082 0.0070 0.0033 0.0027 0.0171 0.0081 0.0029 
      CROC31  3 0.0012 0.0024 0.0009 0.0009 0.0017 0.0077 0.0083 0.8444 0.0869 0.0021 0.0020 0.0081 0.0298 0.0034 
      CROC32  3 0.0008 0.0011 0.0009 0.0012 0.0008 0.0018 0.0018 0.9554 0.0031 0.0016 0.0012 0.0232 0.0042 0.0029 
      CROC33  3 0.0011 0.0020 0.0009 0.0007 0.0144 0.0014 0.0127 0.9358 0.0038 0.0028 0.0045 0.0020 0.0161 0.0016 
      CROC34  3 0.0009 0.0012 0.0012 0.0017 0.0012 0.0013 0.0016 0.9748 0.0026 0.0018 0.0013 0.0020 0.0050 0.0033 
      CROC35  3 0.0007 0.0080 0.0006 0.0006 0.0008 0.0011 0.0127 0.9341 0.0123 0.0021 0.0009 0.0034 0.0204 0.0023 
      CROC36  3 0.0010 0.0010 0.0008 0.0010 0.0010 0.0021 0.0016 0.9663 0.0082 0.0019 0.0019 0.0060 0.0039 0.0035 
      CROC57  3 0.0007 0.0011 0.0008 0.0008 0.0011 0.0017 0.0016 0.9752 0.0026 0.0018 0.0017 0.0025 0.0032 0.0051 
      CROC81  3 0.0016 0.0013 0.0008 0.0028 0.0036 0.0034 0.0021 0.9428 0.0040 0.0106 0.0030 0.0167 0.0043 0.0030 
      CROC84  3 0.0005 0.0008 0.0018 0.0006 0.0007 0.0012 0.0024 0.9569 0.0100 0.0063 0.0028 0.0069 0.0070 0.0022 
        FW01  3 0.0006 0.0008 0.0008 0.0008 0.0009 0.0012 0.0013 0.0022 0.0014 0.0018 0.0011 0.9822 0.0027 0.0021 
        FW02  3 0.0006 0.0007 0.0006 0.0006 0.0007 0.0010 0.0011 0.0022 0.9844 0.0012 0.0009 0.0018 0.0024 0.0019 
        FW03  3 0.0005 0.0007 0.0006 0.0006 0.0007 0.0010 0.0011 0.0018 0.0013 0.0014 0.0010 0.9850 0.0025 0.0018 
        FW04  3 0.0006 0.0007 0.0006 0.0006 0.0006 0.0010 0.0010 0.0022 0.9845 0.0012 0.0009 0.0017 0.0024 0.0019 
        FW05  3 0.0006 0.0007 0.0006 0.0006 0.0007 0.0010 0.0011 0.0022 0.9845 0.0012 0.0009 0.0018 0.0024 0.0019 
        FW06  3 0.0006 0.0007 0.0006 0.0006 0.0007 0.0010 0.0010 0.0023 0.9843 0.0012 0.0009 0.0018 0.0024 0.0018 
        FW07  3 0.0005 0.0007 0.0006 0.0006 0.0007 0.0010 0.0011 0.0018 0.0013 0.0014 0.0010 0.9850 0.0025 0.0018 
        FW08  3 0.0006 0.0007 0.0006 0.0006 0.0007 0.0010 0.0010 0.0022 0.9846 0.0012 0.0009 0.0017 0.0023 0.0019 
        FW09  3 0.0006 0.0007 0.0006 0.0006 0.0007 0.0011 0.0011 0.0021 0.9845 0.0012 0.0009 0.0018 0.0024 0.0019 
        FW10  3 0.0006 0.0007 0.0006 0.0006 0.0007 0.0010 0.0011 0.0018 0.0013 0.0014 0.0010 0.9849 0.0025 0.0017 
       FW100  3 0.0005 0.0007 0.0006 0.0006 0.0007 0.0010 0.0011 0.0019 0.0015 0.0014 0.0010 0.9847 0.0025 0.0018 
       FW101  3 0.0005 0.0007 0.0006 0.0006 0.0007 0.0010 0.0011 0.0018 0.0013 0.0014 0.0010 0.9849 0.0025 0.0018 
       FW102  3 0.0006 0.0007 0.0006 0.0006 0.0006 0.0010 0.0010 0.0023 0.9845 0.0012 0.0009 0.0018 0.0024 0.0019 
       FW103  3 0.0006 0.0007 0.0006 0.0006 0.0007 0.0010 0.0011 0.0022 0.9845 0.0012 0.0009 0.0018 0.0024 0.0019 
       FW104  3 0.0006 0.0008 0.0008 0.0008 0.0009 0.0012 0.0013 0.0022 0.0014 0.0017 0.0011 0.9824 0.0027 0.0021 
       FW105  3 0.0005 0.0007 0.0006 0.0006 0.0007 0.0010 0.0011 0.0018 0.0013 0.0014 0.0010 0.9849 0.0025 0.0018 
       FW106  3 0.0145 0.0040 0.0017 0.0012 0.0026 0.0032 0.0030 0.8856 0.0561 0.0044 0.0039 0.0060 0.0112 0.0027 
       FW107  3 0.0006 0.0008 0.0008 0.0007 0.0009 0.0012 0.0013 0.0022 0.0014 0.0017 0.0011 0.9824 0.0027 0.0022 
       FW108  3 0.0006 0.0007 0.0006 0.0006 0.0007 0.0010 0.0011 0.0023 0.9843 0.0012 0.0009 0.0018 0.0025 0.0019 
       FW109  3 0.0006 0.0007 0.0006 0.0006 0.0007 0.0010 0.0011 0.0018 0.0013 0.0014 0.0010 0.9848 0.0026 0.0017 
        FW11  3 0.0005 0.0007 0.0006 0.0006 0.0007 0.0010 0.0011 0.0019 0.0015 0.0014 0.0010 0.9846 0.0026 0.0018 
       FW110  3 0.0006 0.0006 0.0006 0.0006 0.0007 0.0010 0.0011 0.0018 0.0014 0.0014 0.0010 0.9849 0.0025 0.0018 
       FW111  3 0.0006 0.0007 0.0006 0.0006 0.0006 0.0010 0.0011 0.0022 0.9845 0.0012 0.0009 0.0018 0.0024 0.0019 
       FW112  3 0.0005 0.0007 0.0006 0.0006 0.0007 0.0011 0.0011 0.0019 0.0015 0.0014 0.0010 0.9847 0.0025 0.0017 
       FW113  3 0.0006 0.0007 0.0006 0.0006 0.0007 0.0010 0.0011 0.0022 0.9845 0.0012 0.0009 0.0018 0.0024 0.0019 
       FW114  3 0.0006 0.0010 0.0006 0.0008 0.0007 0.0013 0.0015 0.0021 0.0014 0.0015 0.0012 0.9800 0.0054 0.0018 
       FW115  3 0.0005 0.0007 0.0006 0.0006 0.0007 0.0010 0.0011 0.0018 0.0013 0.0014 0.0010 0.9849 0.0025 0.0018 
       FW116  3 0.0006 0.0007 0.0006 0.0006 0.0006 0.0010 0.0010 0.0022 0.9846 0.0012 0.0009 0.0018 0.0024 0.0019 
        FW12  3 0.0006 0.0007 0.0006 0.0006 0.0007 0.0010 0.0010 0.0022 0.9845 0.0012 0.0009 0.0018 0.0024 0.0019 
        FW13  3 0.0006 0.0007 0.0006 0.0006 0.0007 0.0010 0.0011 0.0023 0.9844 0.0012 0.0009 0.0017 0.0024 0.0019 
        FW14  3 0.0006 0.0008 0.0008 0.0008 0.0009 0.0012 0.0013 0.0021 0.0013 0.0017 0.0011 0.9824 0.0027 0.0022 
        FW15  3 0.0006 0.0008 0.0008 0.0008 0.0009 0.0012 0.0014 0.0022 0.0014 0.0017 0.0011 0.9824 0.0027 0.0021 
        FW16  3 0.0005 0.0007 0.0006 0.0006 0.0007 0.0010 0.0011 0.0018 0.0013 0.0014 0.0010 0.9849 0.0025 0.0018 
        FW17  3 0.0005 0.0007 0.0006 0.0006 0.0007 0.0011 0.0011 0.0018 0.0013 0.0014 0.0010 0.9849 0.0025 0.0018 
        FW18  3 0.0005 0.0007 0.0006 0.0006 0.0007 0.0010 0.0011 0.0019 0.0015 0.0014 0.0010 0.9848 0.0025 0.0018 
        FW19  3 0.0006 0.0007 0.0006 0.0006 0.0007 0.0010 0.0011 0.0022 0.9845 0.0012 0.0009 0.0018 0.0024 0.0019 
        FW20  3 0.0006 0.0007 0.0006 0.0006 0.0007 0.0010 0.0011 0.0022 0.9845 0.0012 0.0009 0.0018 0.0024 0.0019 
        FW21  3 0.0006 0.0007 0.0006 0.0006 0.0007 0.0010 0.0010 0.0022 0.9845 0.0012 0.0009 0.0017 0.0024 0.0018 
        FW22  3 0.0006 0.0007 0.0006 0.0006 0.0007 0.0010 0.0011 0.0018 0.0015 0.0014 0.0010 0.9847 0.0025 0.0018 
        FW23  3 0.0006 0.0007 0.0006 0.0006 0.0006 0.0010 0.0011 0.0022 0.9846 0.0012 0.0009 0.0017 0.0024 0.0019 
        FW24  3 0.0006 0.0007 0.0006 0.0006 0.0006 0.0010 0.0010 0.0022 0.9845 0.0012 0.0009 0.0018 0.0024 0.0019 
        FW25  3 0.0006 0.0007 0.0006 0.0006 0.0007 0.0010 0.0010 0.0022 0.9846 0.0012 0.0009 0.0018 0.0024 0.0019 
        FW26  3 0.0006 0.0007 0.0006 0.0006 0.0007 0.0010 0.0010 0.0022 0.9846 0.0012 0.0009 0.0018 0.0024 0.0018 
        FW27  3 0.0005 0.0007 0.0006 0.0006 0.0007 0.0010 0.0011 0.0019 0.0013 0.0013 0.0010 0.9849 0.0025 0.0018 
        FW28  3 0.0006 0.0007 0.0006 0.0006 0.0007 0.0010 0.0010 0.0023 0.9843 0.0012 0.0009 0.0018 0.0024 0.0019 
        FW29  3 0.0006 0.0007 0.0006 0.0006 0.0007 0.0010 0.0011 0.0022 0.9845 0.0011 0.0009 0.0018 0.0024 0.0019 
        FW30  3 0.0150 0.0042 0.0017 0.0013 0.0026 0.0030 0.0030 0.8846 0.0562 0.0044 0.0038 0.0059 0.0115 0.0027 
        FW32  3 0.0006 0.0008 0.0008 0.0008 0.0009 0.0012 0.0014 0.0022 0.0014 0.0018 0.0011 0.9823 0.0026 0.0021 
        FW33  3 0.0038 0.0010 0.0006 0.0006 0.0007 0.0059 0.0012 0.0105 0.9647 0.0012 0.0009 0.0018 0.0054 0.0019 
        FW34  3 0.0006 0.0007 0.0006 0.0006 0.0007 0.0010 0.0011 0.0022 0.9847 0.0012 0.0009 0.0018 0.0024 0.0018 
        FW35  3 0.0006 0.0007 0.0006 0.0006 0.0007 0.0010 0.0011 0.0022 0.9845 0.0012 0.0009 0.0017 0.0024 0.0019 
        FW36  3 0.0006 0.0007 0.0006 0.0006 0.0007 0.0010 0.0010 0.0022 0.9846 0.0012 0.0009 0.0018 0.0024 0.0018 
        FW37  3 0.0005 0.0007 0.0006 0.0006 0.0007 0.0010 0.0011 0.0018 0.0014 0.0014 0.0010 0.9848 0.0026 0.0018 
        FW51  3 0.0006 0.0007 0.0006 0.0006 0.0007 0.0010 0.0011 0.0022 0.9846 0.0012 0.0009 0.0018 0.0024 0.0019 
        FW52  3 0.0005 0.0007 0.0006 0.0006 0.0007 0.0010 0.0011 0.0018 0.0013 0.0013 0.0010 0.9850 0.0025 0.0018 
        FW53  3 0.0006 0.0007 0.0006 0.0006 0.0007 0.0010 0.0011 0.0022 0.9845 0.0012 0.0009 0.0018 0.0024 0.0019 
        FW54  3 0.0005 0.0007 0.0006 0.0006 0.0007 0.0010 0.0011 0.0018 0.0013 0.0014 0.0010 0.9850 0.0025 0.0018 
        FW55  3 0.0006 0.0007 0.0006 0.0006 0.0007 0.0010 0.0010 0.0023 0.9844 0.0012 0.0009 0.0018 0.0024 0.0019 
        FW56  3 0.0006 0.0007 0.0006 0.0006 0.0007 0.0010 0.0011 0.0022 0.9846 0.0012 0.0009 0.0017 0.0024 0.0019 
        FW57  3 0.0006 0.0007 0.0006 0.0006 0.0007 0.0010 0.0011 0.0022 0.9844 0.0012 0.0009 0.0018 0.0024 0.0019 
        FW78  3 0.0006 0.0007 0.0006 0.0006 0.0007 0.0010 0.0010 0.0022 0.9846 0.0012 0.0009 0.0018 0.0024 0.0019 
        FW79  3 0.0006 0.0007 0.0006 0.0006 0.0007 0.0010 0.0010 0.0023 0.9844 0.0012 0.0009 0.0018 0.0024 0.0019 
        FW80  3 0.0006 0.0007 0.0006 0.0006 0.0007 0.0010 0.0011 0.0022 0.9845 0.0012 0.0009 0.0018 0.0024 0.0019 
        FW81  3 0.0005 0.0007 0.0006 0.0006 0.0007 0.0010 0.0011 0.0018 0.0013 0.0014 0.0010 0.9850 0.0025 0.0017 
        FW82  3 0.0006 0.0007 0.0006 0.0006 0.0007 0.0010 0.0011 0.0018 0.0013 0.0014 0.0010 0.9849 0.0025 0.0018 
        FW83  3 0.0006 0.0008 0.0008 0.0008 0.0009 0.0012 0.0013 0.0021 0.0014 0.0017 0.0011 0.9824 0.0027 0.0022 
        FW84  3 0.0006 0.0007 0.0006 0.0006 0.0007 0.0010 0.0010 0.0022 0.9845 0.0012 0.0009 0.0017 0.0024 0.0019 
        FW85  3 0.0006 0.0007 0.0006 0.0006 0.0007 0.0015 0.0084 0.0019 0.0021 0.0089 0.0146 0.9499 0.0076 0.0018 
        FW86  3 0.0005 0.0007 0.0006 0.0006 0.0007 0.0010 0.0011 0.0019 0.0015 0.0014 0.0010 0.9846 0.0025 0.0018 
        FW87  3 0.0006 0.0007 0.0006 0.0006 0.0007 0.0010 0.0011 0.0018 0.0015 0.0014 0.0010 0.9848 0.0025 0.0017 
        FW88  3 0.0006 0.0007 0.0006 0.0006 0.0007 0.0010 0.0011 0.0022 0.9845 0.0012 0.0009 0.0017 0.0024 0.0019 
        FW89  3 0.0006 0.0007 0.0006 0.0006 0.0007 0.0010 0.0011 0.0021 0.9846 0.0012 0.0009 0.0017 0.0024 0.0019 
        FW90  3 0.0006 0.0007 0.0006 0.0006 0.0007 0.0010 0.0011 0.0022 0.9846 0.0012 0.0009 0.0017 0.0024 0.0019 
        FW91  3 0.0005 0.0007 0.0006 0.0006 0.0007 0.0010 0.0011 0.0018 0.0013 0.0014 0.0010 0.9850 0.0025 0.0018 
        FW92  3 0.0006 0.0007 0.0006 0.0006 0.0006 0.0010 0.0011 0.0022 0.9845 0.0012 0.0009 0.0018 0.0024 0.0019 
        FW93  3 0.0006 0.0007 0.0006 0.0006 0.0007 0.0011 0.0011 0.0022 0.9845 0.0012 0.0009 0.0018 0.0024 0.0019 
        FW94  3 0.0006 0.0007 0.0006 0.0006 0.0007 0.0010 0.0011 0.0018 0.0014 0.0014 0.0010 0.9849 0.0025 0.0017 
        FW95  3 0.0006 0.0007 0.0006 0.0006 0.0007 0.0010 0.0011 0.0023 0.9843 0.0012 0.0009 0.0017 0.0024 0.0019 
        FW96  3 0.0006 0.0007 0.0006 0.0006 0.0007 0.0011 0.0011 0.0022 0.9845 0.0012 0.0009 0.0018 0.0024 0.0019 
        FW97  3 0.0016 0.0026 0.0034 0.0059 0.0020 0.0017 0.0026 0.9263 0.0194 0.0029 0.0017 0.0167 0.0055 0.0076 
        FW98  3 0.0005 0.0007 0.0006 0.0006 0.0007 0.0010 0.0011 0.0018 0.0013 0.0014 0.0010 0.9850 0.0025 0.0018 
        FW99  3 0.0006 0.0007 0.0006 0.0006 0.0007 0.0010 0.0011 0.0022 0.9845 0.0012 0.0009 0.0018 0.0024 0.0019 
       Cal01  3 0.0006 0.0020 0.0009 0.0008 0.0030 0.0017 0.0020 0.7502 0.2235 0.0020 0.0028 0.0023 0.0051 0.0032 
       Cal02  3 0.0019 0.0013 0.0010 0.0010 0.0009 0.0025 0.0018 0.9690 0.0040 0.0022 0.0017 0.0052 0.0050 0.0028 
       Cal03  3 0.0008 0.0012 0.0007 0.0012 0.0013 0.0016 0.0027 0.8522 0.0340 0.0024 0.0031 0.0932 0.0040 0.0016 
       Cal04  3 0.0010 0.0012 0.0034 0.0016 0.0012 0.0014 0.0062 0.9647 0.0014 0.0028 0.0020 0.0044 0.0061 0.0026 
       Cal05  3 0.0007 0.0008 0.0008 0.0008 0.0006 0.0009 0.0012 0.9641 0.0075 0.0016 0.0012 0.0094 0.0087 0.0017 
       Cal06  3 0.0010 0.0013 0.0007 0.0012 0.0011 0.0026 0.0031 0.9597 0.0045 0.0018 0.0018 0.0021 0.0125 0.0066 
       Cal07  3 0.0007 0.0009 0.0006 0.0013 0.0008 0.0011 0.0014 0.9414 0.0188 0.0013 0.0012 0.0029 0.0256 0.0020 
       Cal08  3 0.0011 0.0022 0.0022 0.0011 0.0017 0.0023 0.0028 0.9075 0.0258 0.0026 0.0152 0.0221 0.0065 0.0068 
       Cal09  3 0.0009 0.0010 0.0012 0.0008 0.0009 0.0088 0.0015 0.9175 0.0174 0.0034 0.0010 0.0051 0.0378 0.0026 
       Cal10  3 0.0008 0.0022 0.0012 0.0012 0.0016 0.0018 0.0027 0.9678 0.0021 0.0023 0.0025 0.0058 0.0060 0.0020 
       Cal11  3 0.0017 0.0014 0.0019 0.0020 0.0012 0.0031 0.0022 0.8954 0.0144 0.0018 0.0015 0.0194 0.0100 0.0439 
      Cal197  3 0.0008 0.0016 0.0005 0.0011 0.0013 0.0020 0.0031 0.6872 0.2895 0.0013 0.0009 0.0024 0.0065 0.0018 
      Cal198  3 0.0009 0.0017 0.0016 0.0039 0.0425 0.0018 0.0093 0.7959 0.0066 0.0016 0.0018 0.0569 0.0735 0.0021 
      Cal199  3 0.0009 0.0010 0.0192 0.0006 0.0017 0.0014 0.0024 0.9545 0.0051 0.0022 0.0019 0.0038 0.0032 0.0022 
      Cal200  3 0.0007 0.0011 0.0006 0.0007 0.0011 0.0015 0.0069 0.9083 0.0372 0.0024 0.0149 0.0114 0.0095 0.0037 
      Cal201  3 0.0010 0.0019 0.0006 0.0007 0.0008 0.0026 0.0014 0.9095 0.0580 0.0012 0.0012 0.0096 0.0089 0.0025 
      Cal202  3 0.0008 0.0061 0.0056 0.0006 0.0106 0.0065 0.0042 0.9266 0.0077 0.0139 0.0051 0.0043 0.0056 0.0025 
      Cal203  3 0.0010 0.0011 0.0010 0.0006 0.0011 0.0019 0.0016 0.9594 0.0025 0.0018 0.0017 0.0173 0.0038 0.0052 
      Cal204  3 0.0013 0.0011 0.0008 0.0006 0.0012 0.0017 0.0014 0.9763 0.0028 0.0021 0.0018 0.0018 0.0042 0.0029 
      Cal205  3 0.0009 0.0015 0.0009 0.0007 0.0011 0.0019 0.0018 0.9735 0.0037 0.0017 0.0019 0.0041 0.0047 0.0017 
      Cal206  3 0.0010 0.0014 0.0009 0.0018 0.0011 0.0029 0.0027 0.9616 0.0080 0.0031 0.0015 0.0079 0.0038 0.0023 
      Cal207  3 0.0007 0.0013 0.0006 0.0007 0.0024 0.0014 0.0056 0.9699 0.0052 0.0014 0.0014 0.0019 0.0054 0.0019 
      Cal208  3 0.0008 0.0014 0.0011 0.0008 0.0015 0.0021 0.0016 0.9506 0.0061 0.0019 0.0013 0.0243 0.0037 0.0029 
      Cal209  3 0.0006 0.0010 0.0009 0.0008 0.0008 0.0014 0.0014 0.9677 0.0130 0.0018 0.0011 0.0038 0.0037 0.0022 
      Cal210  3 0.0009 0.0010 0.0198 0.0006 0.0016 0.0014 0.0024 0.9543 0.0049 0.0021 0.0019 0.0037 0.0031 0.0022 
      Cal211  3 0.0008 0.0009 0.0007 0.0011 0.0008 0.0014 0.0018 0.9449 0.0347 0.0013 0.0018 0.0021 0.0056 0.0022 
      Cal212  3 0.0010 0.0009 0.0010 0.0011 0.0009 0.0015 0.0022 0.9617 0.0086 0.0019 0.0043 0.0084 0.0046 0.0020 
      Cal213  3 0.0007 0.0048 0.0009 0.0041 0.0131 0.0015 0.0265 0.7252 0.0257 0.0019 0.0041 0.1227 0.0673 0.0016 
      Cal214  3 0.0007 0.0028 0.0152 0.0008 0.0030 0.0112 0.0026 0.9491 0.0012 0.0022 0.0013 0.0037 0.0038 0.0023 
      Cal215  3 0.0008 0.0015 0.0030 0.0017 0.0012 0.0021 0.0022 0.9569 0.0109 0.0041 0.0024 0.0049 0.0049 0.0033 
      Cal216  3 0.0016 0.0013 0.0006 0.0023 0.0018 0.0026 0.0021 0.8432 0.1102 0.0024 0.0022 0.0195 0.0075 0.0028 
      Cal217  3 0.0008 0.0011 0.0006 0.0008 0.0009 0.0014 0.0017 0.9694 0.0093 0.0012 0.0010 0.0037 0.0057 0.0023 
      Cal218  3 0.0009 0.0009 0.0010 0.0014 0.0008 0.0015 0.0022 0.9245 0.0420 0.0018 0.0024 0.0132 0.0053 0.0020 
      Cal219  3 0.0014 0.0016 0.0012 0.0010 0.0009 0.0032 0.0018 0.9512 0.0173 0.0018 0.0013 0.0099 0.0047 0.0027 
      Cal220  3 0.0210 0.0024 0.0030 0.0019 0.0024 0.0036 0.0025 0.9372 0.0068 0.0015 0.0016 0.0030 0.0062 0.0070 
      Cal221  3 0.0011 0.0009 0.0015 0.0010 0.0013 0.0013 0.0020 0.9603 0.0106 0.0019 0.0011 0.0108 0.0044 0.0019 
      Cal222  3 0.0009 0.0010 0.0041 0.0009 0.0012 0.0013 0.0022 0.9681 0.0042 0.0019 0.0015 0.0058 0.0047 0.0023 
      Cal223  3 0.0015 0.0041 0.0021 0.0025 0.0107 0.0035 0.0052 0.8115 0.0047 0.0018 0.0024 0.0096 0.1357 0.0047 
      Cal224  3 0.0006 0.0012 0.0010 0.0044 0.0558 0.0013 0.0053 0.9028 0.0022 0.0084 0.0031 0.0024 0.0069 0.0046 
       Cal33  3 0.0008 0.0017 0.0009 0.0012 0.0008 0.0019 0.0023 0.9725 0.0030 0.0016 0.0013 0.0056 0.0045 0.0020 
       Cal34  3 0.0020 0.0014 0.0009 0.0008 0.0019 0.0026 0.0016 0.9633 0.0026 0.0023 0.0012 0.0078 0.0094 0.0021 
       Cal35  3 0.0007 0.0012 0.0006 0.0007 0.0008 0.0015 0.0015 0.9760 0.0031 0.0017 0.0022 0.0027 0.0054 0.0018 
       Cal37  3 0.0014 0.0016 0.0007 0.0037 0.0007 0.0071 0.0068 0.9477 0.0034 0.0019 0.0047 0.0038 0.0145 0.0020 
       Cal38  3 0.0008 0.0010 0.0010 0.0007 0.0008 0.0015 0.0016 0.6847 0.2970 0.0011 0.0011 0.0020 0.0046 0.0022 
       Cal39  3 0.0009 0.0011 0.0015 0.0013 0.0008 0.0017 0.0014 0.8908 0.0303 0.0032 0.0012 0.0577 0.0054 0.0028 
       Cal40  3 0.0006 0.0009 0.0009 0.0008 0.0008 0.0014 0.0014 0.9670 0.0136 0.0018 0.0011 0.0037 0.0038 0.0022 
       Cal41  3 0.0006 0.0009 0.0009 0.0010 0.0007 0.0013 0.0014 0.9738 0.0054 0.0018 0.0011 0.0042 0.0046 0.0024 
       Cal42  3 0.0005 0.0012 0.0010 0.0010 0.0009 0.0019 0.0016 0.9749 0.0045 0.0019 0.0013 0.0027 0.0031 0.0034 
       Cal43  3 0.0012 0.0012 0.0010 0.0011 0.0011 0.0015 0.0020 0.9734 0.0033 0.0014 0.0012 0.0044 0.0049 0.0023 
       Cal44  3 0.0273 0.0011 0.0011 0.0013 0.0020 0.0015 0.0024 0.9050 0.0291 0.0022 0.0027 0.0162 0.0049 0.0032 
        BW41  3 0.0018 0.0020 0.0015 0.0027 0.0023 0.0060 0.0019 0.9293 0.0067 0.0316 0.0025 0.0030 0.0059 0.0031 
        BW42  3 0.0008 0.0073 0.0009 0.0101 0.0012 0.0015 0.0028 0.9000 0.0035 0.0018 0.0012 0.0603 0.0058 0.0027 
        BW44  3 0.0008 0.0010 0.0008 0.0014 0.0011 0.0014 0.0021 0.9689 0.0039 0.0014 0.0012 0.0043 0.0087 0.0030 
        BW45  3 0.0007 0.0009 0.0006 0.0007 0.0006 0.0012 0.0012 0.9694 0.0119 0.0012 0.0010 0.0029 0.0058 0.0020 
        BW46  3 0.0008 0.0013 0.0007 0.0009 0.0021 0.0053 0.0018 0.9192 0.0087 0.0026 0.0016 0.0490 0.0038 0.0021 
        BW47  3 0.0301 0.0019 0.0007 0.0078 0.0008 0.0013 0.0014 0.9039 0.0148 0.0117 0.0071 0.0036 0.0131 0.0019 
        BW48  3 0.0016 0.0021 0.0022 0.0016 0.0013 0.0047 0.0024 0.9368 0.0100 0.0041 0.0027 0.0186 0.0074 0.0044 
        BW49  3 0.0010 0.0011 0.0007 0.0011 0.0009 0.0019 0.0015 0.9544 0.0146 0.0014 0.0011 0.0020 0.0149 0.0033 
        BW50  3 0.0009 0.0011 0.0008 0.0014 0.0010 0.0015 0.0017 0.9638 0.0066 0.0024 0.0013 0.0109 0.0040 0.0025 
        BW51  3 0.0008 0.0011 0.0009 0.0009 0.0010 0.0022 0.0015 0.7874 0.1362 0.0015 0.0010 0.0373 0.0259 0.0023 
        BW52  3 0.0009 0.0010 0.0009 0.0010 0.0009 0.0019 0.0014 0.9591 0.0034 0.0015 0.0010 0.0070 0.0047 0.0152 
        BW53  3 0.0060 0.0021 0.0007 0.0081 0.0018 0.0049 0.0035 0.9502 0.0037 0.0019 0.0032 0.0037 0.0082 0.0020 
        BW54  3 0.0118 0.0013 0.0017 0.1164 0.0011 0.0021 0.0036 0.8049 0.0071 0.0068 0.0134 0.0110 0.0158 0.0030 
        BW55  3 0.0009 0.0012 0.0010 0.0008 0.0022 0.0023 0.0019 0.9328 0.0092 0.0028 0.0021 0.0347 0.0043 0.0038 
        BW56  3 0.0008 0.0009 0.0007 0.0007 0.0009 0.0016 0.0017 0.9757 0.0035 0.0031 0.0013 0.0019 0.0048 0.0024 
        BW57  3 0.0011 0.0021 0.0007 0.0009 0.0024 0.0025 0.0022 0.9631 0.0052 0.0017 0.0016 0.0048 0.0096 0.0020 
        BW58  3 0.0013 0.0021 0.0010 0.0009 0.0014 0.0026 0.0017 0.9437 0.0059 0.0018 0.0011 0.0262 0.0086 0.0021 
        BW59  3 0.0008 0.0008 0.0008 0.0007 0.0007 0.0037 0.0028 0.9038 0.0669 0.0017 0.0013 0.0078 0.0060 0.0021 
        BW60  3 0.0008 0.0011 0.0007 0.0008 0.0009 0.0014 0.0013 0.9649 0.0021 0.0018 0.0015 0.0153 0.0048 0.0026 
        BW61  3 0.0009 0.0064 0.0009 0.0014 0.0012 0.0018 0.0138 0.8023 0.0585 0.0713 0.0014 0.0276 0.0088 0.0038 
        BW62  3 0.0016 0.0013 0.0008 0.0055 0.0014 0.0018 0.0024 0.9269 0.0081 0.0043 0.0083 0.0298 0.0056 0.0023 
        BW63  3 0.0021 0.0072 0.0009 0.0069 0.0015 0.0030 0.0031 0.8342 0.0042 0.0022 0.0545 0.0436 0.0342 0.0023 
        BW64  3 0.0007 0.0013 0.0006 0.0024 0.0009 0.0011 0.0024 0.9004 0.0424 0.0014 0.0014 0.0379 0.0048 0.0023 
        BW65  3 0.0036 0.0042 0.0019 0.0014 0.0051 0.0079 0.0026 0.9391 0.0054 0.0092 0.0033 0.0038 0.0086 0.0041 
        BW66  3 0.0008 0.0014 0.0010 0.0011 0.0012 0.0012 0.0015 0.9395 0.0067 0.0034 0.0020 0.0135 0.0151 0.0117 
        BW67  3 0.0007 0.0008 0.0006 0.0007 0.0008 0.0012 0.0013 0.8146 0.1657 0.0015 0.0015 0.0037 0.0045 0.0023 
        BW68  3 0.0019 0.0023 0.0007 0.0041 0.0011 0.0035 0.0023 0.9522 0.0074 0.0041 0.0030 0.0067 0.0087 0.0020 
        BW69  3 0.0009 0.0011 0.0012 0.0009 0.0009 0.0020 0.0016 0.9230 0.0033 0.0442 0.0012 0.0127 0.0042 0.0027 
        BW70  3 0.0011 0.0015 0.0015 0.0010 0.0015 0.0016 0.0025 0.9117 0.0572 0.0015 0.0017 0.0070 0.0071 0.0033 
        BW71  3 0.0006 0.0009 0.0008 0.0009 0.0007 0.0015 0.0012 0.9565 0.0260 0.0013 0.0009 0.0017 0.0044 0.0027 
        BW72  3 0.0022 0.0028 0.0012 0.0092 0.0034 0.0089 0.0026 0.9219 0.0068 0.0075 0.0165 0.0030 0.0086 0.0055 
        BW73  3 0.0011 0.0085 0.0012 0.0009 0.0009 0.0091 0.0058 0.9098 0.0072 0.0159 0.0014 0.0022 0.0084 0.0275 
        BW74  3 0.0012 0.0015 0.0019 0.0015 0.0017 0.0102 0.0030 0.9128 0.0136 0.0036 0.0015 0.0346 0.0102 0.0028 
        BW75  3 0.0018 0.0015 0.0008 0.0008 0.0017 0.0047 0.0064 0.9332 0.0102 0.0016 0.0012 0.0025 0.0131 0.0205 
        BW76  3 0.0008 0.0012 0.0013 0.0007 0.0013 0.0019 0.0018 0.9683 0.0056 0.0041 0.0040 0.0021 0.0040 0.0029 
        BW77  3 0.0020 0.0031 0.0006 0.0312 0.0040 0.0120 0.0028 0.8277 0.0867 0.0038 0.0014 0.0057 0.0162 0.0030 
        BW78  3 0.0007 0.0009 0.0016 0.0008 0.0009 0.0014 0.0013 0.9673 0.0021 0.0019 0.0017 0.0082 0.0086 0.0027 
        BW79  3 0.0007 0.0098 0.0012 0.0006 0.0007 0.0023 0.0017 0.9580 0.0077 0.0017 0.0013 0.0054 0.0063 0.0026 
        BW80  3 0.0015 0.0009 0.0007 0.0011 0.0011 0.0022 0.0039 0.9608 0.0049 0.0016 0.0014 0.0130 0.0045 0.0024 
        BW81  3 0.0008 0.0017 0.0006 0.0007 0.0026 0.0023 0.0026 0.9382 0.0027 0.0018 0.0011 0.0330 0.0097 0.0022 
       BWS05  3 0.0057 0.0046 0.0022 0.0034 0.0018 0.0048 0.0056 0.8452 0.0406 0.0175 0.0029 0.0482 0.0122 0.0053 
       BWS06  3 0.0013 0.0012 0.0025 0.0009 0.0012 0.0016 0.0017 0.7667 0.0114 0.0019 0.0014 0.2002 0.0051 0.0030 
       BWS07  3 0.0007 0.0019 0.0008 0.0008 0.0007 0.0166 0.0258 0.9071 0.0264 0.0014 0.0021 0.0033 0.0107 0.0016 
       BWS08  3 0.0011 0.0035 0.0012 0.0011 0.0027 0.0013 0.0027 0.9281 0.0041 0.0121 0.0057 0.0018 0.0264 0.0082 
       BWS09  3 0.0007 0.0009 0.0007 0.0006 0.0012 0.0015 0.0012 0.9587 0.0231 0.0014 0.0014 0.0027 0.0038 0.0020 
       BWS10  3 0.0013 0.0040 0.0018 0.0020 0.0012 0.0020 0.0022 0.9320 0.0112 0.0020 0.0215 0.0067 0.0093 0.0029 
       BWS11  3 0.0007 0.0011 0.0008 0.0020 0.0009 0.0016 0.0018 0.9768 0.0040 0.0015 0.0013 0.0016 0.0038 0.0022 
       BWS12  3 0.0017 0.0019 0.0010 0.0038 0.0020 0.0058 0.0028 0.9438 0.0046 0.0023 0.0019 0.0162 0.0069 0.0053 
       BWS13  3 0.0009 0.0014 0.0010 0.0008 0.0033 0.0023 0.0012 0.8253 0.0021 0.0015 0.0025 0.1511 0.0037 0.0029 
       BWS14  3 0.0012 0.0015 0.0008 0.0016 0.0009 0.0018 0.0026 0.7469 0.0035 0.0021 0.0014 0.2284 0.0054 0.0018 
       BWS15  3 0.0013 0.0028 0.0029 0.0030 0.0023 0.0028 0.0031 0.9542 0.0052 0.0025 0.0036 0.0013 0.0073 0.0078 
       BWS16  3 0.0022 0.0013 0.0010 0.0009 0.0009 0.0014 0.0014 0.9376 0.0022 0.0021 0.0015 0.0079 0.0376 0.0021 
       BWS17  3 0.0008 0.0015 0.0010 0.0013 0.0013 0.0013 0.0017 0.9735 0.0024 0.0033 0.0020 0.0026 0.0045 0.0030 
       BWS18  3 0.0012 0.0022 0.0044 0.0009 0.0199 0.0041 0.0028 0.9384 0.0069 0.0019 0.0024 0.0045 0.0084 0.0020 
       BWS19  3 0.0007 0.0097 0.0039 0.0014 0.0061 0.0055 0.0047 0.9163 0.0185 0.0155 0.0015 0.0069 0.0068 0.0025 
       BWS20  3 0.0006 0.0012 0.0007 0.0008 0.0010 0.0012 0.0016 0.9563 0.0079 0.0015 0.0012 0.0077 0.0159 0.0025 
       BWS21  3 0.0120 0.0065 0.0049 0.0197 0.0165 0.0104 0.0048 0.8624 0.0034 0.0036 0.0040 0.0365 0.0111 0.0041 
       BWS22  3 0.0011 0.0015 0.0008 0.0008 0.0018 0.0023 0.0016 0.9492 0.0252 0.0019 0.0022 0.0052 0.0042 0.0022 
       BWS23  3 0.0008 0.0013 0.0018 0.0008 0.0226 0.0033 0.0027 0.9460 0.0043 0.0021 0.0013 0.0041 0.0069 0.0020 
       BWS24  3 0.0009 0.0029 0.0027 0.0013 0.0013 0.0052 0.0100 0.9503 0.0036 0.0021 0.0045 0.0019 0.0100 0.0034 
       BWS25  3 0.0006 0.0141 0.0009 0.0008 0.0008 0.0010 0.0012 0.9641 0.0022 0.0036 0.0012 0.0042 0.0034 0.0021 
       BWS26  3 0.0010 0.0018 0.0007 0.0014 0.0009 0.0020 0.0021 0.9653 0.0028 0.0021 0.0016 0.0086 0.0060 0.0036 
       BWS27  3 0.0007 0.0009 0.0008 0.0012 0.0008 0.0014 0.0061 0.9624 0.0032 0.0014 0.0012 0.0050 0.0129 0.0020 
       BWS28  3 0.0019 0.0024 0.0011 0.0343 0.0017 0.0296 0.0022 0.8267 0.0038 0.0033 0.0056 0.0755 0.0092 0.0027 
       BWS29  3 0.0015 0.0014 0.0013 0.0008 0.0013 0.0025 0.0022 0.9413 0.0032 0.0037 0.0031 0.0256 0.0078 0.0042 
       BWS30  3 0.0008 0.0010 0.0007 0.0009 0.0020 0.0023 0.0012 0.9327 0.0461 0.0018 0.0011 0.0025 0.0046 0.0023 
