        TC01  1 0.0049 0.0020 0.0035 0.0018 0.0012 0.0051 0.0064 0.0010 0.9635 0.0106 
        TC02  1 0.0017 0.0026 0.0049 0.0014 0.0013 0.0023 0.0090 0.0015 0.9709 0.0044 
        TC03  1 0.0028 0.0031 0.0013 0.0014 0.0016 0.0011 0.0051 0.0010 0.9783 0.0043 
        TC04  1 0.0162 0.0547 0.0142 0.0009 0.0013 0.0015 0.0749 0.0036 0.8292 0.0034 
        TC05  1 0.0011 0.0034 0.0016 0.0006 0.0014 0.0008 0.0128 0.0008 0.9753 0.0023 
        TC06  1 0.0022 0.1064 0.0024 0.0023 0.0011 0.0009 0.0110 0.0026 0.8681 0.0031 
        TC07  1 0.0013 0.0044 0.0014 0.0007 0.0028 0.0041 0.0093 0.0006 0.9735 0.0019 
        TC08  1 0.0008 0.0029 0.0013 0.0006 0.0022 0.0011 0.0059 0.0036 0.9787 0.0028 
        TC09  1 0.0016 0.0181 0.0025 0.0205 0.0010 0.0008 0.0048 0.0884 0.8605 0.0018 
        TC10  1 0.0026 0.0062 0.0010 0.0553 0.0010 0.0026 0.0048 0.0007 0.9163 0.0095 
        TC11  1 0.0013 0.0015 0.0008 0.0010 0.0011 0.0028 0.0030 0.0010 0.9842 0.0033 
        TC12  1 0.0063 0.0110 0.0044 0.0009 0.0018 0.0025 0.0280 0.0011 0.9312 0.0126 
        TC13  1 0.0009 0.0033 0.0010 0.0030 0.0010 0.0009 0.0038 0.0021 0.9814 0.0026 
        TC14  1 0.0045 0.0624 0.0058 0.0152 0.0051 0.0017 0.0085 0.0017 0.8894 0.0056 
        TC15  1 0.0026 0.0506 0.0027 0.0076 0.0018 0.0007 0.0116 0.0068 0.9107 0.0048 
        TC16  1 0.0022 0.0174 0.0064 0.0228 0.0034 0.0010 0.0147 0.0905 0.8380 0.0034 
        TC17  1 0.0040 0.0182 0.0251 0.0500 0.0089 0.0024 0.0421 0.0015 0.8333 0.0145 
        TC18  1 0.0307 0.0044 0.0009 0.0019 0.0034 0.0020 0.0156 0.0014 0.9202 0.0196 
        TC19  1 0.0009 0.0022 0.0017 0.0091 0.0010 0.0010 0.0035 0.0063 0.9706 0.0036 
        TC20  1 0.0029 0.0030 0.0017 0.0028 0.0014 0.0010 0.0041 0.0026 0.9777 0.0027 
        TC21  1 0.0109 0.0037 0.0011 0.0009 0.0045 0.0036 0.1835 0.0029 0.7844 0.0044 
        TC22  1 0.0013 0.0045 0.0009 0.0006 0.0014 0.0017 0.0151 0.0031 0.9469 0.0245 
        TC23  1 0.0018 0.0034 0.0017 0.0012 0.0015 0.0023 0.0041 0.0009 0.9796 0.0034 
        TC24  1 0.0008 0.0019 0.0009 0.0020 0.0016 0.0006 0.0026 0.0011 0.9867 0.0019 
        TC25  1 0.0270 0.1165 0.0007 0.0067 0.0028 0.0098 0.0077 0.0022 0.8228 0.0036 
        TC26  1 0.0010 0.0085 0.0011 0.0255 0.0013 0.0007 0.0067 0.0011 0.9518 0.0022 
        TC27  1 0.0014 0.0104 0.0009 0.0011 0.0023 0.0009 0.0071 0.0009 0.9478 0.0273 
        TC28  1 0.0036 0.0279 0.0022 0.0020 0.0017 0.0013 0.0148 0.0008 0.9427 0.0031 
        TC29  1 0.0052 0.0264 0.0047 0.0023 0.0023 0.0022 0.0111 0.0009 0.9429 0.0021 
        TC30  1 0.0011 0.0040 0.0032 0.0023 0.0012 0.0009 0.0043 0.0035 0.9762 0.0032 
        TC31  1 0.0101 0.0019 0.0012 0.0010 0.0024 0.0118 0.0078 0.0026 0.9537 0.0077 
        TC32  1 0.0014 0.1248 0.0011 0.0029 0.0016 0.0013 0.0572 0.0017 0.8057 0.0023 
        TC33  1 0.0014 0.0036 0.0008 0.0013 0.0035 0.0038 0.0051 0.0009 0.9762 0.0033 
        TC34  1 0.0012 0.0500 0.0010 0.0060 0.0047 0.0010 0.0065 0.0016 0.9175 0.0104 
        TC35  1 0.0038 0.0059 0.0201 0.0022 0.0013 0.0055 0.0088 0.0025 0.9344 0.0154 
        TC36  1 0.0014 0.0030 0.0020 0.0017 0.0012 0.0011 0.0071 0.0015 0.9774 0.0035 
        TC37  1 0.0014 0.0013 0.0035 0.0008 0.0022 0.0012 0.0060 0.0009 0.9797 0.0030 
        TC38  1 0.0219 0.0222 0.0154 0.0091 0.0012 0.0023 0.0084 0.0277 0.8898 0.0021 
        TC39  1 0.0024 0.0641 0.0096 0.0525 0.0013 0.0011 0.0062 0.0015 0.8588 0.0023 
        TC40  1 0.0020 0.0354 0.0016 0.0048 0.0094 0.0010 0.0078 0.0014 0.9316 0.0049 
        TC41  1 0.0011 0.0020 0.0010 0.0012 0.0018 0.0010 0.0057 0.0009 0.9791 0.0063 
        TC42  1 0.0009 0.0063 0.0019 0.0013 0.0010 0.0006 0.0039 0.0012 0.9797 0.0032 
        TC43  1 0.0018 0.0069 0.0030 0.0008 0.0015 0.0009 0.0046 0.0010 0.9765 0.0030 
        TC44  1 0.0015 0.0085 0.0073 0.0053 0.0012 0.0027 0.0058 0.0158 0.9430 0.0090 
        TC45  1 0.0055 0.0014 0.0016 0.0057 0.0008 0.0010 0.0060 0.0007 0.9751 0.0020 
        TC46  1 0.0040 0.0024 0.0009 0.0025 0.0019 0.0009 0.0116 0.0009 0.9657 0.0092 
        TC47  1 0.0016 0.0058 0.0021 0.0054 0.0015 0.0012 0.0052 0.0067 0.9615 0.0089 
        TC48  1 0.0055 0.0046 0.0020 0.0035 0.0144 0.0011 0.0206 0.0009 0.9376 0.0099 
        TC49  1 0.0012 0.0027 0.0010 0.0015 0.0016 0.0017 0.0097 0.0007 0.9765 0.0033 
        TC50  1 0.0028 0.0022 0.0013 0.0011 0.0032 0.0015 0.0081 0.0020 0.9667 0.0112 
        TC51  1 0.0021 0.0270 0.0010 0.0012 0.0014 0.0035 0.0072 0.0079 0.9447 0.0040 
        TC52  1 0.0121 0.0043 0.0007 0.0017 0.0013 0.0007 0.0078 0.0013 0.9680 0.0020 
        TC53  1 0.0008 0.0055 0.0051 0.0014 0.0013 0.0006 0.0072 0.0015 0.9590 0.0177 
        TC54  1 0.0021 0.0156 0.0014 0.0025 0.0110 0.0016 0.0153 0.0015 0.9433 0.0058 
        TC55  1 0.0031 0.0145 0.0013 0.0189 0.0027 0.0011 0.0181 0.0008 0.9355 0.0039 
        TC56  1 0.0078 0.0071 0.0036 0.0008 0.0070 0.0027 0.0088 0.0008 0.9548 0.0067 
        TC57  1 0.0015 0.0020 0.0052 0.0043 0.0034 0.0013 0.0116 0.0014 0.9504 0.0188 
        TC58  1 0.0014 0.0027 0.0012 0.0057 0.0010 0.0073 0.0081 0.0016 0.9669 0.0041 
        TC59  1 0.0008 0.0028 0.0012 0.0010 0.0013 0.0011 0.0039 0.0009 0.9840 0.0029 
        TA01  2 0.0009 0.0048 0.0059 0.0059 0.0013 0.0012 0.0052 0.0056 0.9654 0.0036 
        TA02  2 0.0015 0.0025 0.0078 0.0011 0.0034 0.0007 0.0056 0.0011 0.9740 0.0022 
        TA03  2 0.0014 0.0031 0.0374 0.0024 0.0025 0.0013 0.0067 0.0040 0.9280 0.0132 
        TA04  2 0.0012 0.0427 0.2566 0.0013 0.0014 0.0010 0.0067 0.1222 0.5614 0.0054 
        TA05  2 0.0015 0.0020 0.0022 0.0011 0.0018 0.0011 0.0057 0.0026 0.9785 0.0035 
        TA06  2 0.0010 0.0059 0.0024 0.0046 0.0012 0.0014 0.0032 0.0029 0.9748 0.0027 
        TA07  2 0.0017 0.0020 0.3222 0.0013 0.0028 0.0029 0.0180 0.0014 0.6425 0.0052 
        TA08  2 0.0018 0.0144 0.0091 0.0025 0.0017 0.0008 0.0032 0.0029 0.9422 0.0212 
        TA09  2 0.0009 0.0042 0.0097 0.0019 0.0013 0.0008 0.0037 0.0024 0.9722 0.0029 
        TA10  2 0.0011 0.0039 0.0056 0.0026 0.0013 0.0500 0.0105 0.0017 0.9184 0.0048 
        TA11  2 0.0027 0.0042 0.0033 0.0593 0.0022 0.0360 0.0090 0.0092 0.8527 0.0215 
        TA12  2 0.0010 0.0021 0.0076 0.0016 0.0016 0.0069 0.0338 0.0012 0.9300 0.0141 
        TA13  2 0.0017 0.0345 0.0036 0.0009 0.0023 0.0143 0.0995 0.0184 0.8172 0.0076 
        TA14  2 0.0009 0.0060 0.0130 0.0022 0.0019 0.0006 0.0040 0.0016 0.9680 0.0019 
        TA15  2 0.0008 0.0079 0.0037 0.0008 0.0013 0.0011 0.0048 0.0010 0.9765 0.0021 
        TA16  2 0.0010 0.0165 0.0116 0.0035 0.0012 0.0190 0.0104 0.0103 0.9233 0.0031 
        TA17  2 0.0009 0.0051 0.0011 0.0012 0.0030 0.0010 0.0078 0.0010 0.9685 0.0103 
        TA18  2 0.0009 0.0023 0.0014 0.0006 0.0037 0.0047 0.0236 0.0018 0.9572 0.0038 
        TA19  2 0.0011 0.0084 0.0023 0.0015 0.0016 0.0028 0.0095 0.0311 0.8824 0.0594 
        TA20  2 0.0014 0.0031 0.0021 0.0042 0.0143 0.0010 0.0071 0.0008 0.9613 0.0046 
        TA21  2 0.0016 0.0086 0.0047 0.0315 0.0032 0.0015 0.0083 0.0020 0.9351 0.0035 
        TA22  2 0.0010 0.0149 0.0020 0.0009 0.0034 0.0007 0.0045 0.0008 0.9692 0.0025 
        TA23  2 0.0009 0.0247 0.0065 0.0014 0.0015 0.0009 0.0036 0.0013 0.9569 0.0024 
        TA24  2 0.0012 0.0031 0.0012 0.0009 0.0014 0.0009 0.0096 0.0018 0.9719 0.0080 
        TA25  2 0.0010 0.0056 0.0010 0.0013 0.0009 0.1432 0.0083 0.0017 0.8324 0.0045 
        TA26  2 0.0032 0.0125 0.0151 0.0472 0.0021 0.0021 0.0061 0.0059 0.8999 0.0058 
        TA27  2 0.0009 0.0033 0.0018 0.0012 0.0018 0.0012 0.0098 0.0020 0.9720 0.0061 
        TA28  2 0.0095 0.0032 0.0106 0.0027 0.0102 0.0008 0.0179 0.0025 0.9396 0.0029 
        TA29  2 0.0010 0.0164 0.0013 0.0012 0.0012 0.0013 0.0056 0.0013 0.9616 0.0090 
        TA30  2 0.0017 0.0092 0.0088 0.1383 0.0037 0.0012 0.0081 0.1080 0.7109 0.0102 
      BERM01  3 0.0007 0.9159 0.0010 0.0014 0.0011 0.0008 0.0030 0.0722 0.0020 0.0019 
      BERM02  3 0.0008 0.9834 0.0015 0.0015 0.0010 0.0007 0.0033 0.0029 0.0032 0.0016 
      BERM03  3 0.0008 0.9870 0.0008 0.0016 0.0009 0.0009 0.0032 0.0009 0.0018 0.0022 
      BERM04  3 0.0010 0.9852 0.0008 0.0022 0.0009 0.0010 0.0026 0.0023 0.0016 0.0025 
      BERM05  3 0.0011 0.9842 0.0010 0.0011 0.0011 0.0010 0.0032 0.0030 0.0015 0.0027 
      BERM06  3 0.0010 0.9682 0.0043 0.0109 0.0008 0.0006 0.0035 0.0060 0.0023 0.0023 
      BERM07  3 0.0009 0.9788 0.0014 0.0019 0.0010 0.0013 0.0032 0.0052 0.0030 0.0035 
      BERM08  3 0.0009 0.9853 0.0013 0.0008 0.0007 0.0007 0.0024 0.0041 0.0021 0.0018 
      BERM09  3 0.0007 0.6766 0.2301 0.0014 0.0010 0.0008 0.0033 0.0782 0.0057 0.0023 
      BERM10  3 0.0013 0.9675 0.0013 0.0076 0.0009 0.0009 0.0048 0.0072 0.0038 0.0046 
      BERM11  3 0.0010 0.9562 0.0299 0.0014 0.0010 0.0009 0.0028 0.0024 0.0026 0.0018 
      BERM12  3 0.0159 0.9539 0.0021 0.0021 0.0022 0.0014 0.0024 0.0010 0.0049 0.0142 
      BERM13  3 0.0008 0.9832 0.0016 0.0006 0.0009 0.0011 0.0038 0.0033 0.0021 0.0026 
      BERM14  3 0.0009 0.9744 0.0024 0.0094 0.0009 0.0010 0.0026 0.0029 0.0032 0.0023 
      CROC01  3 0.0015 0.9699 0.0015 0.0010 0.0048 0.0015 0.0065 0.0031 0.0026 0.0077 
      CROC02  3 0.0022 0.9648 0.0051 0.0074 0.0019 0.0012 0.0110 0.0012 0.0030 0.0022 
      CROC03  3 0.0025 0.9520 0.0268 0.0047 0.0013 0.0010 0.0038 0.0021 0.0027 0.0033 
      CROC04  3 0.0016 0.8933 0.0009 0.0007 0.0010 0.0009 0.0074 0.0018 0.0902 0.0023 
      CROC05  3 0.0009 0.9797 0.0020 0.0030 0.0012 0.0015 0.0045 0.0031 0.0020 0.0021 
      CROC06  3 0.0019 0.9250 0.0017 0.0024 0.0086 0.0273 0.0153 0.0035 0.0113 0.0029 
      CROC07  3 0.0010 0.9702 0.0070 0.0015 0.0016 0.0011 0.0059 0.0029 0.0049 0.0039 
      CROC08  3 0.0024 0.9573 0.0012 0.0012 0.0220 0.0022 0.0045 0.0021 0.0026 0.0044 
      CROC09  3 0.0016 0.8974 0.0027 0.0070 0.0026 0.0007 0.0040 0.0803 0.0018 0.0018 
      CROC10  3 0.0010 0.9136 0.0013 0.0011 0.0008 0.0014 0.0034 0.0733 0.0021 0.0019 
      CROC11  3 0.0015 0.8975 0.0028 0.0072 0.0026 0.0007 0.0042 0.0799 0.0018 0.0017 
     CROC110  3 0.0010 0.9425 0.0086 0.0027 0.0026 0.0010 0.0228 0.0084 0.0064 0.0038 
     CROC116  3 0.0033 0.9644 0.0018 0.0054 0.0026 0.0011 0.0089 0.0016 0.0066 0.0043 
      CROC12  3 0.0008 0.9841 0.0006 0.0014 0.0009 0.0007 0.0038 0.0035 0.0023 0.0017 
     CROC123  3 0.0009 0.9823 0.0014 0.0036 0.0008 0.0006 0.0026 0.0038 0.0024 0.0015 
      CROC13  3 0.0018 0.9812 0.0011 0.0045 0.0009 0.0013 0.0031 0.0013 0.0019 0.0028 
      CROC14  3 0.0013 0.8951 0.0022 0.0057 0.0016 0.0797 0.0071 0.0023 0.0035 0.0014 
      CROC15  3 0.0254 0.9050 0.0007 0.0012 0.0102 0.0041 0.0437 0.0014 0.0056 0.0027 
      CROC16  3 0.0060 0.9341 0.0015 0.0097 0.0028 0.0012 0.0072 0.0329 0.0017 0.0028 
      CROC17  3 0.0008 0.9360 0.0007 0.0011 0.0008 0.0007 0.0064 0.0012 0.0507 0.0016 
      CROC18  3 0.0069 0.9635 0.0010 0.0014 0.0011 0.0007 0.0144 0.0013 0.0048 0.0049 
      CROC19  3 0.0011 0.9783 0.0020 0.0007 0.0012 0.0011 0.0054 0.0022 0.0039 0.0040 
     CROC198  3 0.0009 0.9711 0.0013 0.0077 0.0011 0.0012 0.0035 0.0068 0.0020 0.0044 
      CROC20  3 0.0016 0.9786 0.0020 0.0023 0.0017 0.0011 0.0057 0.0027 0.0018 0.0026 
     CROC202  3 0.0029 0.9755 0.0010 0.0059 0.0010 0.0014 0.0034 0.0022 0.0023 0.0044 
      CROC21  3 0.0010 0.9820 0.0012 0.0009 0.0009 0.0010 0.0040 0.0039 0.0027 0.0024 
     CROC216  3 0.0038 0.9305 0.0130 0.0011 0.0034 0.0009 0.0189 0.0039 0.0221 0.0024 
      CROC22  3 0.0012 0.9260 0.0074 0.0135 0.0009 0.0010 0.0116 0.0028 0.0064 0.0292 
      CROC23  3 0.0011 0.9000 0.0028 0.0007 0.0016 0.0009 0.0050 0.0750 0.0103 0.0026 
      CROC24  3 0.0019 0.9593 0.0035 0.0111 0.0012 0.0008 0.0034 0.0141 0.0027 0.0020 
      CROC25  3 0.0008 0.9854 0.0013 0.0022 0.0010 0.0009 0.0028 0.0016 0.0021 0.0019 
     CROC259  3 0.0011 0.9668 0.0024 0.0012 0.0010 0.0056 0.0033 0.0033 0.0129 0.0024 
      CROC26  3 0.0011 0.9238 0.0011 0.0015 0.0013 0.0012 0.0028 0.0028 0.0610 0.0034 
      CROC27  3 0.0011 0.9436 0.0240 0.0036 0.0025 0.0009 0.0044 0.0040 0.0129 0.0031 
      CROC28  3 0.0009 0.8145 0.0107 0.1039 0.0011 0.0010 0.0031 0.0346 0.0283 0.0019 
      CROC29  3 0.0012 0.9842 0.0018 0.0016 0.0015 0.0008 0.0034 0.0011 0.0024 0.0022 
      CROC30  3 0.0019 0.9624 0.0014 0.0062 0.0029 0.0010 0.0122 0.0056 0.0042 0.0022 
      CROC31  3 0.0011 0.9083 0.0303 0.0023 0.0042 0.0013 0.0126 0.0190 0.0185 0.0024 
      CROC32  3 0.0008 0.9778 0.0011 0.0088 0.0008 0.0010 0.0034 0.0019 0.0021 0.0023 
      CROC33  3 0.0023 0.9456 0.0073 0.0009 0.0162 0.0005 0.0105 0.0011 0.0130 0.0025 
      CROC34  3 0.0009 0.9848 0.0011 0.0008 0.0013 0.0011 0.0032 0.0016 0.0025 0.0028 
      CROC35  3 0.0010 0.9617 0.0099 0.0013 0.0008 0.0008 0.0082 0.0026 0.0122 0.0014 
      CROC36  3 0.0010 0.9573 0.0009 0.0021 0.0009 0.0011 0.0032 0.0296 0.0019 0.0019 
      CROC57  3 0.0010 0.9857 0.0012 0.0010 0.0012 0.0017 0.0031 0.0012 0.0016 0.0023 
      CROC81  3 0.0042 0.9725 0.0014 0.0058 0.0031 0.0010 0.0052 0.0022 0.0022 0.0024 
      CROC84  3 0.0034 0.9717 0.0026 0.0025 0.0014 0.0008 0.0021 0.0069 0.0036 0.0050 
        FW01  3 0.0009 0.0012 0.0007 0.9891 0.0009 0.0007 0.0025 0.0007 0.0013 0.0019 
        FW02  3 0.0006 0.0010 0.0006 0.0006 0.0007 0.0006 0.0019 0.9915 0.0011 0.0014 
        FW03  3 0.0007 0.0010 0.0006 0.9908 0.0007 0.0006 0.0020 0.0008 0.0012 0.0015 
        FW04  3 0.0006 0.0010 0.0007 0.0006 0.0007 0.0006 0.0019 0.9915 0.0011 0.0014 
        FW05  3 0.0006 0.0010 0.0006 0.0006 0.0007 0.0006 0.0019 0.9916 0.0011 0.0014 
        FW06  3 0.0006 0.0010 0.0006 0.0006 0.0007 0.0006 0.0019 0.9915 0.0011 0.0014 
        FW07  3 0.0007 0.0010 0.0006 0.9908 0.0007 0.0006 0.0020 0.0008 0.0012 0.0015 
        FW08  3 0.0006 0.0010 0.0006 0.0006 0.0007 0.0006 0.0019 0.9915 0.0011 0.0014 
        FW09  3 0.0006 0.0010 0.0006 0.0006 0.0007 0.0006 0.0019 0.9914 0.0011 0.0014 
        FW10  3 0.0007 0.0010 0.0006 0.9907 0.0007 0.0006 0.0021 0.0008 0.0012 0.0015 
       FW100  3 0.0007 0.0010 0.0006 0.9904 0.0007 0.0006 0.0020 0.0010 0.0013 0.0015 
       FW101  3 0.0007 0.0010 0.0006 0.9907 0.0007 0.0006 0.0021 0.0007 0.0012 0.0015 
       FW102  3 0.0006 0.0010 0.0006 0.0006 0.0007 0.0006 0.0019 0.9915 0.0011 0.0015 
       FW103  3 0.0006 0.0010 0.0006 0.0006 0.0007 0.0006 0.0019 0.9915 0.0011 0.0014 
       FW104  3 0.0009 0.0012 0.0007 0.9890 0.0009 0.0007 0.0025 0.0007 0.0013 0.0020 
       FW105  3 0.0007 0.0010 0.0006 0.9908 0.0007 0.0006 0.0021 0.0008 0.0012 0.0015 
       FW106  3 0.0027 0.9391 0.0117 0.0020 0.0025 0.0009 0.0122 0.0194 0.0056 0.0039 
       FW107  3 0.0009 0.0012 0.0007 0.9891 0.0009 0.0007 0.0025 0.0007 0.0013 0.0019 
       FW108  3 0.0006 0.0010 0.0006 0.0006 0.0007 0.0006 0.0019 0.9914 0.0011 0.0014 
       FW109  3 0.0007 0.0010 0.0006 0.9907 0.0007 0.0006 0.0021 0.0008 0.0012 0.0015 
        FW11  3 0.0007 0.0011 0.0006 0.9905 0.0007 0.0006 0.0020 0.0010 0.0012 0.0015 
       FW110  3 0.0007 0.0010 0.0006 0.9908 0.0007 0.0006 0.0020 0.0007 0.0012 0.0016 
       FW111  3 0.0006 0.0010 0.0007 0.0006 0.0007 0.0006 0.0019 0.9915 0.0011 0.0014 
       FW112  3 0.0007 0.0010 0.0006 0.9905 0.0008 0.0006 0.0020 0.0010 0.0012 0.0015 
       FW113  3 0.0006 0.0010 0.0006 0.0006 0.0007 0.0006 0.0019 0.9915 0.0011 0.0014 
       FW114  3 0.0008 0.0011 0.0007 0.9880 0.0008 0.0006 0.0025 0.0008 0.0030 0.0016 
       FW115  3 0.0007 0.0010 0.0006 0.9906 0.0007 0.0006 0.0020 0.0008 0.0013 0.0016 
       FW116  3 0.0006 0.0010 0.0006 0.0006 0.0007 0.0006 0.0019 0.9915 0.0011 0.0014 
        FW12  3 0.0006 0.0010 0.0006 0.0006 0.0007 0.0006 0.0019 0.9915 0.0011 0.0014 
        FW13  3 0.0006 0.0010 0.0006 0.0006 0.0007 0.0006 0.0019 0.9915 0.0011 0.0014 
        FW14  3 0.0009 0.0013 0.0007 0.9889 0.0009 0.0008 0.0025 0.0007 0.0013 0.0020 
        FW15  3 0.0009 0.0013 0.0007 0.9890 0.0009 0.0007 0.0025 0.0007 0.0013 0.0020 
        FW16  3 0.0007 0.0010 0.0006 0.9907 0.0007 0.0006 0.0021 0.0007 0.0012 0.0015 
        FW17  3 0.0007 0.0010 0.0006 0.9907 0.0007 0.0006 0.0020 0.0007 0.0013 0.0015 
        FW18  3 0.0007 0.0011 0.0006 0.9903 0.0008 0.0006 0.0021 0.0010 0.0013 0.0015 
        FW19  3 0.0006 0.0010 0.0006 0.0006 0.0007 0.0006 0.0019 0.9915 0.0011 0.0014 
        FW20  3 0.0006 0.0010 0.0006 0.0006 0.0007 0.0006 0.0019 0.9915 0.0011 0.0014 
        FW21  3 0.0006 0.0010 0.0006 0.0006 0.0007 0.0006 0.0019 0.9915 0.0011 0.0014 
        FW22  3 0.0007 0.0010 0.0006 0.9905 0.0007 0.0006 0.0020 0.0010 0.0013 0.0015 
        FW23  3 0.0006 0.0010 0.0006 0.0006 0.0007 0.0006 0.0019 0.9915 0.0011 0.0014 
        FW24  3 0.0006 0.0010 0.0007 0.0006 0.0006 0.0006 0.0019 0.9915 0.0011 0.0014 
        FW25  3 0.0006 0.0010 0.0006 0.0006 0.0007 0.0006 0.0019 0.9914 0.0011 0.0014 
        FW26  3 0.0006 0.0010 0.0006 0.0006 0.0007 0.0006 0.0019 0.9915 0.0011 0.0014 
        FW27  3 0.0007 0.0010 0.0006 0.9907 0.0007 0.0006 0.0021 0.0008 0.0012 0.0015 
        FW28  3 0.0006 0.0010 0.0006 0.0006 0.0007 0.0006 0.0019 0.9915 0.0011 0.0014 
        FW29  3 0.0006 0.0010 0.0007 0.0006 0.0007 0.0006 0.0019 0.9914 0.0011 0.0014 
        FW30  3 0.0027 0.9403 0.0107 0.0021 0.0024 0.0009 0.0121 0.0195 0.0055 0.0037 
        FW32  3 0.0008 0.0012 0.0007 0.9892 0.0009 0.0007 0.0025 0.0007 0.0013 0.0020 
        FW33  3 0.0006 0.0083 0.0007 0.0006 0.0007 0.0006 0.0114 0.9716 0.0042 0.0014 
        FW34  3 0.0006 0.0010 0.0006 0.0006 0.0007 0.0006 0.0019 0.9914 0.0011 0.0014 
        FW35  3 0.0006 0.0010 0.0006 0.0006 0.0007 0.0006 0.0019 0.9915 0.0011 0.0014 
        FW36  3 0.0006 0.0010 0.0006 0.0006 0.0007 0.0006 0.0019 0.9915 0.0011 0.0014 
        FW37  3 0.0007 0.0010 0.0006 0.9908 0.0007 0.0006 0.0020 0.0008 0.0012 0.0015 
        FW51  3 0.0006 0.0010 0.0006 0.0006 0.0007 0.0006 0.0019 0.9915 0.0011 0.0014 
        FW52  3 0.0007 0.0010 0.0006 0.9907 0.0007 0.0006 0.0021 0.0008 0.0012 0.0015 
        FW53  3 0.0006 0.0010 0.0006 0.0006 0.0007 0.0006 0.0019 0.9915 0.0011 0.0014 
        FW54  3 0.0007 0.0010 0.0006 0.9907 0.0007 0.0006 0.0020 0.0008 0.0012 0.0016 
        FW55  3 0.0006 0.0010 0.0006 0.0006 0.0007 0.0006 0.0019 0.9915 0.0011 0.0014 
        FW56  3 0.0006 0.0010 0.0006 0.0006 0.0007 0.0006 0.0019 0.9915 0.0011 0.0014 
        FW57  3 0.0006 0.0010 0.0006 0.0006 0.0007 0.0006 0.0019 0.9914 0.0011 0.0014 
        FW78  3 0.0006 0.0010 0.0006 0.0006 0.0007 0.0006 0.0019 0.9915 0.0011 0.0014 
        FW79  3 0.0006 0.0011 0.0006 0.0006 0.0007 0.0006 0.0019 0.9914 0.0012 0.0014 
        FW80  3 0.0006 0.0010 0.0006 0.0006 0.0007 0.0006 0.0019 0.9915 0.0011 0.0014 
        FW81  3 0.0007 0.0010 0.0006 0.9907 0.0007 0.0006 0.0020 0.0008 0.0012 0.0015 
        FW82  3 0.0007 0.0010 0.0006 0.9907 0.0007 0.0006 0.0020 0.0008 0.0012 0.0015 
        FW83  3 0.0009 0.0013 0.0007 0.9890 0.0009 0.0007 0.0025 0.0007 0.0013 0.0020 
        FW84  3 0.0006 0.0010 0.0006 0.0006 0.0007 0.0006 0.0019 0.9915 0.0011 0.0014 
        FW85  3 0.0184 0.0011 0.0039 0.9614 0.0008 0.0006 0.0059 0.0008 0.0056 0.0015 
        FW86  3 0.0007 0.0011 0.0006 0.9904 0.0007 0.0006 0.0021 0.0010 0.0012 0.0016 
        FW87  3 0.0007 0.0011 0.0006 0.9904 0.0007 0.0006 0.0021 0.0010 0.0013 0.0016 
        FW88  3 0.0006 0.0010 0.0006 0.0006 0.0007 0.0006 0.0019 0.9915 0.0011 0.0014 
        FW89  3 0.0006 0.0010 0.0006 0.0006 0.0007 0.0006 0.0019 0.9915 0.0011 0.0014 
        FW90  3 0.0006 0.0010 0.0006 0.0006 0.0007 0.0006 0.0019 0.9915 0.0011 0.0014 
        FW91  3 0.0007 0.0010 0.0006 0.9908 0.0007 0.0006 0.0020 0.0008 0.0012 0.0015 
        FW92  3 0.0006 0.0010 0.0006 0.0006 0.0007 0.0006 0.0019 0.9915 0.0011 0.0014 
        FW93  3 0.0006 0.0010 0.0006 0.0006 0.0007 0.0006 0.0019 0.9915 0.0011 0.0014 
        FW94  3 0.0007 0.0010 0.0006 0.9908 0.0007 0.0006 0.0020 0.0008 0.0012 0.0015 
        FW95  3 0.0006 0.0010 0.0007 0.0006 0.0007 0.0006 0.0019 0.9915 0.0011 0.0014 
        FW96  3 0.0006 0.0010 0.0007 0.0006 0.0007 0.0006 0.0019 0.9914 0.0011 0.0014 
        FW97  3 0.0015 0.9607 0.0049 0.0064 0.0019 0.0024 0.0059 0.0066 0.0027 0.0070 
        FW98  3 0.0007 0.0010 0.0006 0.9907 0.0007 0.0006 0.0020 0.0008 0.0013 0.0015 
        FW99  3 0.0006 0.0010 0.0006 0.0006 0.0007 0.0006 0.0019 0.9915 0.0011 0.0014 
       Cal01  3 0.0011 0.7702 0.0022 0.0008 0.0025 0.0010 0.0034 0.2133 0.0029 0.0026 
       Cal02  3 0.0011 0.9795 0.0009 0.0020 0.0009 0.0009 0.0043 0.0056 0.0024 0.0024 
       Cal03  3 0.0015 0.8816 0.0017 0.0546 0.0016 0.0005 0.0042 0.0502 0.0020 0.0019 
       Cal04  3 0.0015 0.9792 0.0006 0.0016 0.0012 0.0009 0.0051 0.0008 0.0028 0.0063 
       Cal05  3 0.0008 0.9791 0.0036 0.0034 0.0007 0.0006 0.0022 0.0036 0.0041 0.0018 
       Cal06  3 0.0010 0.9798 0.0015 0.0008 0.0012 0.0013 0.0052 0.0028 0.0046 0.0019 
       Cal07  3 0.0007 0.9648 0.0021 0.0011 0.0008 0.0007 0.0026 0.0164 0.0093 0.0015 
       Cal08  3 0.0015 0.9185 0.0012 0.0086 0.0016 0.0022 0.0056 0.0523 0.0030 0.0055 
       Cal09  3 0.0016 0.9108 0.0013 0.0020 0.0009 0.0008 0.0070 0.0456 0.0273 0.0027 
       Cal10  3 0.0013 0.9821 0.0012 0.0022 0.0015 0.0007 0.0045 0.0009 0.0028 0.0028 
       Cal11  3 0.0010 0.9438 0.0049 0.0069 0.0014 0.0151 0.0055 0.0110 0.0050 0.0053 
      Cal197  3 0.0007 0.6483 0.0012 0.0010 0.0014 0.0006 0.0052 0.3366 0.0037 0.0013 
      Cal198  3 0.0009 0.8651 0.0019 0.0231 0.0545 0.0007 0.0049 0.0058 0.0392 0.0040 
      Cal199  3 0.0011 0.9435 0.0041 0.0014 0.0023 0.0007 0.0026 0.0013 0.0015 0.0414 
      Cal200  3 0.0039 0.9215 0.0509 0.0044 0.0015 0.0012 0.0064 0.0030 0.0056 0.0016 
      Cal201  3 0.0007 0.9620 0.0066 0.0036 0.0008 0.0008 0.0038 0.0155 0.0045 0.0016 
      Cal202  3 0.0109 0.9391 0.0019 0.0015 0.0112 0.0008 0.0144 0.0052 0.0026 0.0123 
      Cal203  3 0.0010 0.9790 0.0020 0.0063 0.0011 0.0018 0.0032 0.0010 0.0018 0.0026 
      Cal204  3 0.0011 0.9854 0.0020 0.0006 0.0013 0.0009 0.0032 0.0012 0.0020 0.0022 
      Cal205  3 0.0009 0.9836 0.0012 0.0016 0.0013 0.0006 0.0035 0.0027 0.0024 0.0022 
      Cal206  3 0.0014 0.9781 0.0044 0.0026 0.0012 0.0008 0.0045 0.0030 0.0019 0.0020 
      Cal207  3 0.0007 0.9771 0.0020 0.0007 0.0095 0.0006 0.0029 0.0023 0.0026 0.0017 
      Cal208  3 0.0009 0.9664 0.0007 0.0080 0.0014 0.0010 0.0037 0.0133 0.0018 0.0028 
      Cal209  3 0.0009 0.9782 0.0013 0.0014 0.0008 0.0008 0.0026 0.0100 0.0018 0.0023 
      Cal210  3 0.0012 0.9434 0.0041 0.0013 0.0023 0.0008 0.0025 0.0013 0.0016 0.0415 
      Cal211  3 0.0008 0.9693 0.0058 0.0008 0.0009 0.0007 0.0030 0.0142 0.0026 0.0019 
      Cal212  3 0.0013 0.9726 0.0113 0.0032 0.0012 0.0007 0.0033 0.0018 0.0022 0.0025 
      Cal213  3 0.0013 0.8045 0.0059 0.0722 0.0600 0.0005 0.0068 0.0141 0.0323 0.0024 
      Cal214  3 0.0011 0.9580 0.0006 0.0015 0.0036 0.0008 0.0067 0.0007 0.0019 0.0252 
      Cal215  3 0.0019 0.9663 0.0011 0.0018 0.0013 0.0011 0.0041 0.0127 0.0024 0.0074 
      Cal216  3 0.0014 0.9022 0.0063 0.0081 0.0023 0.0009 0.0047 0.0689 0.0037 0.0016 
      Cal217  3 0.0006 0.9747 0.0014 0.0014 0.0009 0.0008 0.0031 0.0125 0.0029 0.0016 
      Cal218  3 0.0010 0.9096 0.0716 0.0044 0.0010 0.0007 0.0032 0.0038 0.0023 0.0023 
      Cal219  3 0.0009 0.9621 0.0020 0.0037 0.0009 0.0009 0.0050 0.0193 0.0024 0.0029 
      Cal220  3 0.0008 0.9630 0.0015 0.0012 0.0025 0.0023 0.0107 0.0079 0.0030 0.0072 
      Cal221  3 0.0010 0.9758 0.0036 0.0041 0.0018 0.0006 0.0029 0.0031 0.0023 0.0049 
      Cal222  3 0.0010 0.9740 0.0026 0.0023 0.0018 0.0008 0.0028 0.0016 0.0025 0.0107 
      Cal223  3 0.0010 0.8876 0.0084 0.0034 0.0116 0.0017 0.0108 0.0012 0.0692 0.0051 
      Cal224  3 0.0051 0.9220 0.0012 0.0009 0.0580 0.0016 0.0037 0.0011 0.0036 0.0029 
       Cal33  3 0.0008 0.9842 0.0010 0.0019 0.0008 0.0007 0.0041 0.0021 0.0023 0.0020 
       Cal34  3 0.0011 0.9805 0.0011 0.0029 0.0018 0.0007 0.0042 0.0015 0.0039 0.0023 
       Cal35  3 0.0010 0.9862 0.0012 0.0010 0.0008 0.0006 0.0030 0.0018 0.0026 0.0017 
       Cal37  3 0.0013 0.9738 0.0016 0.0014 0.0008 0.0006 0.0100 0.0020 0.0065 0.0019 
       Cal38  3 0.0006 0.7019 0.0023 0.0007 0.0008 0.0007 0.0028 0.2849 0.0031 0.0022 
       Cal39  3 0.0015 0.9360 0.0055 0.0270 0.0008 0.0010 0.0031 0.0182 0.0027 0.0043 
       Cal40  3 0.0009 0.9781 0.0012 0.0014 0.0008 0.0008 0.0027 0.0102 0.0018 0.0022 
       Cal41  3 0.0009 0.9835 0.0009 0.0015 0.0008 0.0008 0.0026 0.0047 0.0022 0.0022 
       Cal42  3 0.0010 0.9843 0.0015 0.0011 0.0010 0.0012 0.0031 0.0029 0.0016 0.0024 
       Cal43  3 0.0007 0.9839 0.0017 0.0017 0.0011 0.0007 0.0039 0.0014 0.0025 0.0024 
       Cal44  3 0.0013 0.9586 0.0142 0.0055 0.0025 0.0010 0.0056 0.0055 0.0024 0.0033 
        BW41  3 0.0217 0.9510 0.0079 0.0011 0.0023 0.0010 0.0067 0.0015 0.0028 0.0040 
        BW42  3 0.0009 0.9557 0.0021 0.0240 0.0013 0.0009 0.0072 0.0018 0.0041 0.0021 
        BW44  3 0.0007 0.9756 0.0096 0.0016 0.0012 0.0010 0.0034 0.0009 0.0040 0.0019 
        BW45  3 0.0007 0.9730 0.0152 0.0011 0.0007 0.0007 0.0024 0.0022 0.0026 0.0014 
        BW46  3 0.0018 0.9401 0.0078 0.0357 0.0024 0.0007 0.0052 0.0023 0.0020 0.0021 
        BW47  3 0.0174 0.9061 0.0011 0.0012 0.0008 0.0006 0.0184 0.0402 0.0110 0.0031 
        BW48  3 0.0019 0.9634 0.0081 0.0065 0.0013 0.0016 0.0062 0.0018 0.0034 0.0058 
        BW49  3 0.0007 0.9696 0.0029 0.0008 0.0009 0.0011 0.0033 0.0119 0.0069 0.0019 
        BW50  3 0.0011 0.9768 0.0011 0.0039 0.0010 0.0008 0.0032 0.0079 0.0021 0.0020 
        BW51  3 0.0008 0.8640 0.0564 0.0331 0.0012 0.0008 0.0035 0.0204 0.0175 0.0023 
        BW52  3 0.0008 0.9808 0.0009 0.0025 0.0009 0.0034 0.0031 0.0033 0.0021 0.0022 
        BW53  3 0.0011 0.9666 0.0013 0.0014 0.0034 0.0007 0.0152 0.0023 0.0062 0.0017 
        BW54  3 0.0067 0.8669 0.0046 0.0046 0.0013 0.0011 0.0726 0.0033 0.0234 0.0154 
        BW55  3 0.0018 0.9558 0.0092 0.0181 0.0023 0.0012 0.0046 0.0017 0.0024 0.0028 
        BW56  3 0.0014 0.9856 0.0012 0.0007 0.0010 0.0008 0.0030 0.0021 0.0025 0.0017 
        BW57  3 0.0008 0.9791 0.0009 0.0013 0.0018 0.0007 0.0043 0.0058 0.0033 0.0018 
        BW58  3 0.0009 0.9740 0.0018 0.0071 0.0012 0.0007 0.0044 0.0038 0.0038 0.0022 
        BW59  3 0.0009 0.9043 0.0014 0.0029 0.0007 0.0007 0.0042 0.0802 0.0027 0.0020 
        BW60  3 0.0010 0.9821 0.0010 0.0058 0.0010 0.0009 0.0029 0.0012 0.0023 0.0018 
        BW61  3 0.0534 0.8681 0.0260 0.0107 0.0012 0.0012 0.0201 0.0127 0.0045 0.0022 
        BW62  3 0.0032 0.9533 0.0190 0.0111 0.0014 0.0008 0.0049 0.0016 0.0027 0.0020 
        BW63  3 0.0060 0.9009 0.0088 0.0152 0.0017 0.0008 0.0263 0.0012 0.0354 0.0039 
        BW64  3 0.0008 0.9226 0.0040 0.0142 0.0009 0.0008 0.0033 0.0492 0.0025 0.0017 
        BW65  3 0.0053 0.9312 0.0370 0.0013 0.0048 0.0014 0.0101 0.0009 0.0038 0.0043 
        BW66  3 0.0017 0.9721 0.0045 0.0050 0.0012 0.0026 0.0030 0.0022 0.0053 0.0024 
        BW67  3 0.0008 0.8252 0.1620 0.0014 0.0008 0.0008 0.0025 0.0028 0.0020 0.0016 
        BW68  3 0.0018 0.9742 0.0052 0.0022 0.0011 0.0007 0.0067 0.0021 0.0041 0.0020 
        BW69  3 0.0310 0.9510 0.0023 0.0041 0.0010 0.0009 0.0035 0.0013 0.0021 0.0028 
        BW70  3 0.0008 0.9319 0.0444 0.0026 0.0015 0.0011 0.0038 0.0072 0.0034 0.0033 
        BW71  3 0.0007 0.9597 0.0021 0.0007 0.0007 0.0009 0.0026 0.0286 0.0022 0.0019 
        BW72  3 0.0052 0.9611 0.0020 0.0012 0.0031 0.0020 0.0119 0.0050 0.0041 0.0045 
        BW73  3 0.0117 0.9213 0.0018 0.0008 0.0009 0.0243 0.0250 0.0051 0.0062 0.0030 
        BW74  3 0.0018 0.9369 0.0202 0.0179 0.0019 0.0010 0.0084 0.0021 0.0053 0.0045 
        BW75  3 0.0008 0.9476 0.0017 0.0009 0.0022 0.0108 0.0129 0.0119 0.0089 0.0023 
        BW76  3 0.0025 0.9770 0.0069 0.0008 0.0013 0.0010 0.0035 0.0013 0.0020 0.0037 
        BW77  3 0.0018 0.8687 0.0722 0.0022 0.0030 0.0010 0.0269 0.0082 0.0145 0.0015 
        BW78  3 0.0010 0.9815 0.0014 0.0029 0.0009 0.0009 0.0026 0.0009 0.0039 0.0039 
        BW79  3 0.0009 0.9628 0.0010 0.0019 0.0009 0.0009 0.0055 0.0193 0.0041 0.0028 
        BW80  3 0.0008 0.9788 0.0025 0.0049 0.0011 0.0008 0.0050 0.0021 0.0022 0.0017 
        BW81  3 0.0009 0.9730 0.0010 0.0097 0.0025 0.0007 0.0042 0.0018 0.0046 0.0016 
       BWS05  3 0.0071 0.8678 0.0738 0.0174 0.0020 0.0017 0.0145 0.0050 0.0054 0.0053 
       BWS06  3 0.0010 0.7801 0.0333 0.1698 0.0015 0.0010 0.0038 0.0022 0.0025 0.0048 
       BWS07  3 0.0009 0.9332 0.0023 0.0012 0.0008 0.0006 0.0250 0.0279 0.0061 0.0021 
       BWS08  3 0.0073 0.9520 0.0140 0.0007 0.0030 0.0030 0.0049 0.0010 0.0110 0.0031 
       BWS09  3 0.0008 0.9657 0.0024 0.0010 0.0012 0.0007 0.0025 0.0220 0.0019 0.0019 
       BWS10  3 0.0042 0.9609 0.0137 0.0024 0.0013 0.0010 0.0056 0.0024 0.0045 0.0040 
       BWS11  3 0.0008 0.9841 0.0011 0.0006 0.0009 0.0008 0.0033 0.0045 0.0019 0.0021 
       BWS12  3 0.0012 0.9711 0.0038 0.0054 0.0019 0.0019 0.0071 0.0016 0.0036 0.0025 
       BWS13  3 0.0010 0.8799 0.0011 0.1057 0.0028 0.0010 0.0031 0.0011 0.0019 0.0024 
       BWS14  3 0.0012 0.7823 0.0018 0.2014 0.0010 0.0006 0.0049 0.0018 0.0028 0.0022 
       BWS15  3 0.0014 0.9682 0.0013 0.0005 0.0022 0.0028 0.0065 0.0056 0.0035 0.0080 
       BWS16  3 0.0011 0.9672 0.0010 0.0028 0.0009 0.0007 0.0039 0.0012 0.0188 0.0024 
       BWS17  3 0.0017 0.9842 0.0015 0.0010 0.0014 0.0010 0.0033 0.0012 0.0023 0.0024 
       BWS18  3 0.0011 0.9466 0.0016 0.0016 0.0235 0.0007 0.0060 0.0053 0.0041 0.0096 
       BWS19  3 0.0090 0.9365 0.0031 0.0023 0.0081 0.0008 0.0179 0.0099 0.0038 0.0086 
       BWS20  3 0.0008 0.9760 0.0028 0.0026 0.0011 0.0009 0.0027 0.0038 0.0078 0.0016 
       BWS21  3 0.0018 0.8863 0.0143 0.0149 0.0367 0.0014 0.0281 0.0008 0.0069 0.0088 
       BWS22  3 0.0011 0.9663 0.0155 0.0019 0.0018 0.0008 0.0037 0.0049 0.0020 0.0020 
       BWS23  3 0.0011 0.9547 0.0025 0.0015 0.0254 0.0006 0.0049 0.0017 0.0033 0.0044 
       BWS24  3 0.0015 0.9690 0.0028 0.0007 0.0021 0.0011 0.0080 0.0012 0.0051 0.0084 
       BWS25  3 0.0016 0.9762 0.0009 0.0015 0.0008 0.0007 0.0129 0.0013 0.0018 0.0023 
       BWS26  3 0.0012 0.9816 0.0014 0.0029 0.0009 0.0012 0.0045 0.0015 0.0031 0.0017 
       BWS27  3 0.0007 0.9790 0.0019 0.0019 0.0008 0.0007 0.0046 0.0015 0.0069 0.0019 
       BWS28  3 0.0028 0.9221 0.0013 0.0388 0.0020 0.0010 0.0220 0.0023 0.0047 0.0028 
       BWS29  3 0.0019 0.9634 0.0092 0.0095 0.0013 0.0014 0.0048 0.0008 0.0040 0.0037 
       BWS30  3 0.0009 0.9031 0.0022 0.0010 0.0018 0.0007 0.0031 0.0829 0.0023 0.0020 
       BWS31  3 0.0033 0.9718 0.0037 0.0012 0.0011 0.0006 0.0040 0.0018 0.0101 0.0022 
       BWS32  3 0.0011 0.9650 0.0056 0.0080 0.0009 0.0012 0.0058 0.0021 0.0057 0.0046 
       BWS33  3 0.0020 0.9750 0.0010 0.0024 0.0018 0.0010 0.0073 0.0036 0.0022 0.0037 
       BWS34  3 0.0026 0.9143 0.0141 0.0510 0.0041 0.0014 0.0062 0.0008 0.0031 0.0023 
       BWS35  3 0.0013 0.9672 0.0011 0.0060 0.0015 0.0013 0.0065 0.0016 0.0046 0.0088 
       BWS36  3 0.0010 0.9821 0.0011 0.0028 0.0008 0.0018 0.0026 0.0040 0.0018 0.0020 
       BWS37  3 0.0043 0.9605 0.0167 0.0042 0.0013 0.0007 0.0049 0.0013 0.0036 0.0025 
       BWS38  3 0.0013 0.9648 0.0042 0.0033 0.0017 0.0017 0.0050 0.0094 0.0049 0.0036 
       BWS39  3 0.0008 0.8859 0.0732 0.0011 0.0011 0.0010 0.0032 0.0279 0.0038 0.0020 
       BWS40  3 0.0013 0.9783 0.0011 0.0030 0.0010 0.0017 0.0029 0.0042 0.0020 0.0046 
       BWN01  3 0.0012 0.9743 0.0038 0.0059 0.0010 0.0009 0.0031 0.0025 0.0044 0.0028 
       BWN02  3 0.0009 0.8977 0.0027 0.0013 0.0009 0.0006 0.0032 0.0339 0.0569 0.0019 
       BWN03  3 0.0032 0.9687 0.0016 0.0008 0.0029 0.0023 0.0121 0.0022 0.0026 0.0036 
       BWN04  3 0.0017 0.9494 0.0252 0.0037 0.0016 0.0045 0.0044 0.0031 0.0049 0.0016 
        NC01  4 0.0013 0.0608 0.0149 0.0101 0.0011 0.0012 0.0636 0.0186 0.8265 0.0018 
        NC02  4 0.0024 0.0092 0.0617 0.0035 0.0016 0.0016 0.0068 0.0040 0.9067 0.0026 
        NC03  4 0.0008 0.0028 0.0079 0.0010 0.0051 0.0007 0.0060 0.0017 0.9722 0.0017 
        NC04  4 0.0012 0.0064 0.0145 0.0016 0.0014 0.0009 0.0045 0.0011 0.9650 0.0034 
        NC05  4 0.0034 0.0343 0.0073 0.0013 0.0056 0.0017 0.0406 0.0015 0.8935 0.0108 
        NC06  4 0.0116 0.0224 0.0116 0.0033 0.0012 0.0007 0.0066 0.0056 0.9342 0.0028 
        NC07  4 0.0009 0.0068 0.0022 0.0055 0.0010 0.0007 0.0037 0.0044 0.9707 0.0040 
        NC08  4 0.0013 0.0036 0.2873 0.0013 0.0021 0.0019 0.0057 0.0014 0.6924 0.0031 
        NC09  4 0.0012 0.0075 0.1240 0.0011 0.0023 0.0019 0.0055 0.0011 0.8515 0.0039 
        NC10  4 0.0008 0.0360 0.3304 0.0017 0.0011 0.0016 0.0035 0.0022 0.6214 0.0014 
        NC11  4 0.0021 0.0282 0.0025 0.0055 0.0020 0.0019 0.0119 0.0030 0.9379 0.0050 
        NC12  4 0.0038 0.0056 0.0069 0.0054 0.0012 0.0007 0.0059 0.0007 0.9678 0.0019 
        NC13  4 0.0009 0.0071 0.0075 0.0012 0.0143 0.0006 0.0084 0.0014 0.9559 0.0028 
        NC14  4 0.0013 0.0085 0.0482 0.0039 0.0015 0.0012 0.0250 0.0027 0.9055 0.0023 
        NC15  4 0.0016 0.0104 0.0125 0.0021 0.0026 0.0014 0.0079 0.0014 0.9571 0.0031 
        NC16  4 0.0009 0.0329 0.0102 0.0014 0.0011 0.0012 0.0536 0.0077 0.8892 0.0017 
        NC18  4 0.0011 0.0068 0.0532 0.0028 0.0018 0.0056 0.0069 0.0030 0.9168 0.0019 
        NC19  4 0.0011 0.0022 0.0102 0.0021 0.0010 0.0006 0.0036 0.0009 0.9767 0.0015 
        NC20  4 0.0025 0.0151 0.2653 0.0036 0.0036 0.0064 0.0048 0.0035 0.6911 0.0042 
        NC21  4 0.0025 0.0046 0.0913 0.0075 0.0061 0.0007 0.0098 0.0216 0.8538 0.0022 
        NC22  4 0.0020 0.0034 0.0371 0.1026 0.0012 0.0012 0.0025 0.0014 0.8454 0.0030 
        NC23  4 0.0009 0.0121 0.0394 0.0017 0.0016 0.0018 0.0089 0.0069 0.9246 0.0022 
        NC24  4 0.0012 0.0028 0.0013 0.0045 0.0010 0.0013 0.0035 0.0012 0.9795 0.0036 
      SAND01  4 0.0007 0.0013 0.9899 0.0006 0.0008 0.0006 0.0021 0.0010 0.0014 0.0017 
      SAND02  4 0.0018 0.0015 0.9854 0.0026 0.0007 0.0006 0.0025 0.0013 0.0014 0.0021 
      SAND03  4 0.0007 0.0013 0.9893 0.0011 0.0007 0.0006 0.0021 0.0013 0.0013 0.0016 
      SAND04  4 0.0007 0.0011 0.9893 0.0012 0.0008 0.0006 0.0023 0.0010 0.0014 0.0015 
      SAND05  4 0.0007 0.0012 0.9899 0.0009 0.0008 0.0006 0.0022 0.0009 0.0013 0.0015 
      SAND06  4 0.0008 0.0014 0.9877 0.0014 0.0008 0.0006 0.0025 0.0018 0.0017 0.0015 
      SAND07  4 0.0007 0.0015 0.9884 0.0009 0.0008 0.0008 0.0021 0.0014 0.0015 0.0019 
      SAND08  4 0.0009 0.0015 0.9871 0.0020 0.0007 0.0007 0.0023 0.0012 0.0022 0.0015 
      SAND09  4 0.0010 0.0070 0.9732 0.0017 0.0011 0.0008 0.0040 0.0032 0.0051 0.0029 
      SAND10  4 0.0015 0.0014 0.9832 0.0021 0.0007 0.0008 0.0030 0.0015 0.0028 0.0029 
      SAND11  4 0.0008 0.0013 0.9898 0.0007 0.0008 0.0007 0.0022 0.0008 0.0013 0.0016 
      SAND12  4 0.0007 0.0013 0.9890 0.0010 0.0008 0.0007 0.0022 0.0013 0.0014 0.0015 
      SAND13  4 0.0014 0.0015 0.9829 0.0021 0.0007 0.0008 0.0030 0.0016 0.0029 0.0030 
      SAND14  4 0.0020 0.0018 0.9822 0.0018 0.0008 0.0008 0.0029 0.0024 0.0023 0.0028 
      SAND15  4 0.0007 0.0013 0.9890 0.0010 0.0009 0.0006 0.0022 0.0013 0.0014 0.0016 
      SAND16  4 0.0007 0.0016 0.9857 0.0008 0.0009 0.0005 0.0040 0.0015 0.0026 0.0017 
      SAND17  4 0.0007 0.0014 0.9893 0.0008 0.0007 0.0007 0.0022 0.0010 0.0015 0.0017 
      SAND18  4 0.0007 0.0014 0.9886 0.0011 0.0007 0.0006 0.0023 0.0016 0.0014 0.0014 
      SAND19  4 0.0006 0.0013 0.9888 0.0011 0.0007 0.0006 0.0021 0.0019 0.0013 0.0015 
      SAND20  4 0.0006 0.0015 0.9889 0.0009 0.0007 0.0008 0.0020 0.0011 0.0018 0.0017 
      SAND21  4 0.0007 0.0021 0.9859 0.0013 0.0007 0.0008 0.0023 0.0028 0.0017 0.0017 
      SAND22  4 0.0006 0.0015 0.9892 0.0013 0.0007 0.0006 0.0020 0.0009 0.0018 0.0015 
      SAND23  4 0.0008 0.0018 0.9857 0.0018 0.0008 0.0006 0.0024 0.0031 0.0014 0.0015 
      SAND24  4 0.0034 0.9731 0.0018 0.0069 0.0018 0.0008 0.0058 0.0013 0.0026 0.0026 
      SAND25  4 0.0008 0.0012 0.9881 0.0007 0.0009 0.0007 0.0030 0.0010 0.0019 0.0018 
      SAND26  4 0.0007 0.0012 0.9897 0.0007 0.0007 0.0006 0.0020 0.0011 0.0017 0.0016 
      SAND27  4 0.0011 0.0021 0.9837 0.0015 0.0013 0.0012 0.0031 0.0009 0.0032 0.0020 
      SAND28  4 0.0008 0.0014 0.9886 0.0013 0.0008 0.0007 0.0022 0.0011 0.0015 0.0015 
      SAND29  4 0.0007 0.0015 0.9875 0.0012 0.0008 0.0007 0.0023 0.0026 0.0014 0.0014 
      SAND30  4 0.0007 0.0019 0.9880 0.0009 0.0009 0.0007 0.0023 0.0013 0.0018 0.0015 
      SAND31  4 0.0006 0.0012 0.9898 0.0006 0.0008 0.0008 0.0022 0.0010 0.0016 0.0015 
      SAND32  4 0.0013 0.0012 0.9827 0.0027 0.0008 0.0006 0.0031 0.0009 0.0042 0.0025 
      SAND33  4 0.0008 0.0015 0.9864 0.0020 0.0008 0.0008 0.0021 0.0021 0.0015 0.0020 
      SAND34  4 0.0007 0.0013 0.9889 0.0011 0.0008 0.0006 0.0023 0.0012 0.0015 0.0015 
      SAND35  4 0.0006 0.0015 0.9819 0.0007 0.0008 0.0006 0.0020 0.0084 0.0016 0.0018 
      SAND36  4 0.0007 0.0017 0.9879 0.0019 0.0007 0.0006 0.0023 0.0010 0.0016 0.0015 
      SAND37  4 0.0007 0.0018 0.9881 0.0011 0.0008 0.0007 0.0023 0.0016 0.0015 0.0015 
      SAND38  4 0.0007 0.0013 0.9887 0.0010 0.0008 0.0008 0.0023 0.0011 0.0017 0.0017 
      SAND39  4 0.0008 0.0015 0.9880 0.0010 0.0008 0.0007 0.0023 0.0012 0.0023 0.0014 
      SAND40  4 0.0015 0.0016 0.9840 0.0021 0.0010 0.0008 0.0031 0.0026 0.0017 0.0017 
      SAND41  4 0.0010 0.0014 0.9881 0.0015 0.0007 0.0007 0.0023 0.0011 0.0015 0.0017 
      SAND42  4 0.0008 0.0015 0.9879 0.0016 0.0008 0.0008 0.0024 0.0010 0.0014 0.0018 
      SAND43  4 0.0010 0.0140 0.9651 0.0025 0.0012 0.0008 0.0035 0.0045 0.0043 0.0030 
      SAND44  4 0.0006 0.0012 0.9893 0.0009 0.0007 0.0008 0.0021 0.0012 0.0015 0.0016 
       Hon01  5 0.0013 0.0011 0.0012 0.0006 0.0012 0.0015 0.0051 0.0007 0.9829 0.0044 
       Hon02  5 0.0012 0.0068 0.0008 0.0007 0.0033 0.0009 0.0041 0.0340 0.9466 0.0018 
       Hon03  5 0.0119 0.0017 0.0009 0.0005 0.1080 0.0043 0.0075 0.0974 0.7441 0.0237 
       Hon04  5 0.0009 0.0017 0.0008 0.0006 0.0023 0.0011 0.0049 0.0023 0.9821 0.0035 
       Hon05  5 0.0014 0.0020 0.0010 0.0008 0.0012 0.0014 0.0041 0.0013 0.9847 0.0021 
       Hon06  5 0.0007 0.0011 0.0008 0.0007 0.0008 0.0010 0.0037 0.0015 0.9859 0.0039 
       Hon07  5 0.0012 0.0015 0.0008 0.0007 0.0015 0.0014 0.0033 0.0013 0.9854 0.0029 
       Hon08  5 0.0008 0.0016 0.0014 0.0021 0.0024 0.0008 0.0043 0.0008 0.9834 0.0025 
       Hon09  5 0.0014 0.0023 0.0012 0.0005 0.0041 0.0020 0.0030 0.1801 0.8027 0.0028 
       Hon10  5 0.0029 0.0017 0.0008 0.0008 0.0023 0.0175 0.0044 0.0013 0.9541 0.0141 
       Hon11  5 0.0015 0.0070 0.0028 0.0016 0.0015 0.0021 0.0747 0.0009 0.8951 0.0127 
       Hon12  5 0.0015 0.0041 0.0013 0.0006 0.0067 0.0035 0.0029 0.0485 0.9263 0.0044 
       Hon13  5 0.0015 0.0019 0.0007 0.0007 0.0013 0.0013 0.0041 0.0010 0.9852 0.0023 
       Hon14  5 0.0100 0.0015 0.0008 0.0007 0.0174 0.0018 0.0059 0.0009 0.9587 0.0023 
       Hon15  5 0.0010 0.0010 0.0008 0.0005 0.0029 0.0010 0.0046 0.0020 0.9811 0.0051 
       Hon16  5 0.0008 0.0016 0.0015 0.0020 0.0025 0.0007 0.0044 0.0008 0.9833 0.0025 
       Hon17  5 0.0007 0.0013 0.0011 0.0009 0.0011 0.0011 0.0044 0.0009 0.9866 0.0019 
       Hon18  5 0.0008 0.0293 0.0287 0.0007 0.0023 0.0010 0.0048 0.0061 0.9240 0.0023 
       Hon19  5 0.0025 0.0019 0.0008 0.0008 0.0016 0.0052 0.0043 0.0012 0.9787 0.0031 
       Hon20  5 0.0009 0.0015 0.0007 0.0010 0.0015 0.0019 0.0125 0.0008 0.9703 0.0090 
      ERIN01  6 0.0009 0.0008 0.0005 0.0005 0.0010 0.9897 0.0026 0.0006 0.0011 0.0024 
      ERIN02  6 0.0009 0.0008 0.0005 0.0005 0.0009 0.9899 0.0025 0.0006 0.0011 0.0024 
      ERIN03  6 0.0008 0.0008 0.0005 0.0005 0.0009 0.9899 0.0025 0.0006 0.0011 0.0024 
      ERIN04  6 0.0009 0.0008 0.0005 0.0005 0.0009 0.9897 0.0026 0.0006 0.0011 0.0024 
      ERIN05  6 0.0009 0.0008 0.0005 0.0005 0.0010 0.9898 0.0025 0.0006 0.0011 0.0024 
      ERIN06  6 0.0008 0.0008 0.0004 0.0005 0.0009 0.9899 0.0025 0.0006 0.0011 0.0024 
      ERIN07  6 0.0008 0.0008 0.0005 0.0005 0.0009 0.9899 0.0025 0.0006 0.0011 0.0024 
      ERIN08  6 0.0008 0.0009 0.0005 0.0005 0.0009 0.9898 0.0025 0.0006 0.0011 0.0024 
      ERIN09  6 0.0008 0.0008 0.0005 0.0005 0.0009 0.9898 0.0025 0.0006 0.0011 0.0023 
      ERIN10  6 0.0008 0.0008 0.0005 0.0005 0.0009 0.9899 0.0025 0.0006 0.0011 0.0024 
      ERIN11  6 0.0009 0.0009 0.0005 0.0005 0.0009 0.9699 0.0170 0.0006 0.0065 0.0024 
