        TC01  1 0.0018 0.0035 0.0016 0.0038 0.0039 0.9752 0.0012 0.0057 0.0034 
        TC02  1 0.0022 0.0014 0.0014 0.0050 0.0015 0.9801 0.0015 0.0024 0.0045 
        TC03  1 0.0030 0.0016 0.0017 0.0026 0.0020 0.9838 0.0016 0.0012 0.0024 
        TC04  1 0.0513 0.0012 0.0118 0.0417 0.0233 0.8563 0.0015 0.0016 0.0112 
        TC05  1 0.0029 0.0007 0.0015 0.0097 0.0008 0.9804 0.0015 0.0008 0.0017 
        TC06  1 0.1029 0.0010 0.0018 0.0049 0.0022 0.8783 0.0012 0.0011 0.0066 
        TC07  1 0.0033 0.0006 0.0021 0.0053 0.0010 0.9795 0.0021 0.0046 0.0015 
        TC08  1 0.0029 0.0010 0.0011 0.0031 0.0007 0.9841 0.0025 0.0012 0.0035 
        TC09  1 0.0134 0.0006 0.0015 0.0029 0.0010 0.8367 0.0010 0.0009 0.1419 
        TC10  1 0.0088 0.0027 0.0319 0.0026 0.0008 0.9376 0.0010 0.0030 0.0116 
        TC11  1 0.0013 0.0011 0.0010 0.0015 0.0011 0.9879 0.0013 0.0030 0.0018 
        TC12  1 0.0128 0.0056 0.0094 0.0074 0.0043 0.9498 0.0021 0.0030 0.0056 
        TC13  1 0.0030 0.0009 0.0009 0.0019 0.0008 0.9868 0.0012 0.0010 0.0035 
        TC14  1 0.0596 0.0020 0.0018 0.0052 0.0041 0.9023 0.0056 0.0019 0.0174 
        TC15  1 0.0503 0.0018 0.0031 0.0058 0.0020 0.9178 0.0019 0.0008 0.0164 
        TC16  1 0.0110 0.0012 0.0030 0.0045 0.0019 0.7895 0.0032 0.0012 0.1844 
        TC17  1 0.0206 0.0065 0.0044 0.0441 0.0038 0.8482 0.0105 0.0025 0.0593 
        TC18  1 0.0036 0.0074 0.0033 0.0094 0.0264 0.9406 0.0046 0.0024 0.0023 
        TC19  1 0.0021 0.0012 0.0011 0.0017 0.0008 0.9709 0.0011 0.0011 0.0201 
        TC20  1 0.0027 0.0009 0.0011 0.0021 0.0030 0.9814 0.0015 0.0011 0.0062 
        TC21  1 0.0078 0.0017 0.0130 0.1065 0.0201 0.8298 0.0132 0.0049 0.0029 
        TC22  1 0.0045 0.0093 0.0043 0.0069 0.0013 0.9673 0.0016 0.0020 0.0027 
        TC23  1 0.0031 0.0011 0.0016 0.0020 0.0013 0.9842 0.0017 0.0027 0.0023 
        TC24  1 0.0018 0.0006 0.0009 0.0014 0.0006 0.9899 0.0019 0.0007 0.0022 
        TC25  1 0.1213 0.0012 0.0044 0.0035 0.0201 0.8313 0.0034 0.0110 0.0038 
        TC26  1 0.0088 0.0008 0.0013 0.0039 0.0009 0.9749 0.0015 0.0008 0.0072 
        TC27  1 0.0100 0.0107 0.0012 0.0047 0.0012 0.9668 0.0026 0.0011 0.0018 
        TC28  1 0.0288 0.0011 0.0064 0.0056 0.0029 0.9485 0.0020 0.0015 0.0031 
        TC29  1 0.0232 0.0007 0.0014 0.0091 0.0031 0.9516 0.0027 0.0025 0.0056 
        TC30  1 0.0036 0.0011 0.0013 0.0024 0.0009 0.9803 0.0013 0.0010 0.0081 
        TC31  1 0.0017 0.0025 0.0036 0.0031 0.0075 0.9624 0.0027 0.0133 0.0031 
        TC32  1 0.1237 0.0008 0.0297 0.0050 0.0014 0.8318 0.0019 0.0015 0.0043 
        TC33  1 0.0033 0.0011 0.0014 0.0025 0.0013 0.9797 0.0045 0.0043 0.0019 
        TC34  1 0.0654 0.0038 0.0021 0.0035 0.0010 0.9114 0.0057 0.0012 0.0060 
        TC35  1 0.0062 0.0066 0.0035 0.0029 0.0036 0.9413 0.0015 0.0064 0.0279 
        TC36  1 0.0024 0.0012 0.0020 0.0035 0.0010 0.9836 0.0014 0.0012 0.0035 
        TC37  1 0.0011 0.0010 0.0021 0.0025 0.0013 0.9857 0.0025 0.0014 0.0025 
        TC38  1 0.0170 0.0007 0.0016 0.0047 0.0194 0.8700 0.0014 0.0027 0.0825 
        TC39  1 0.0528 0.0008 0.0017 0.0033 0.0021 0.8852 0.0014 0.0012 0.0515 
        TC40  1 0.0347 0.0015 0.0033 0.0034 0.0015 0.9397 0.0106 0.0012 0.0041 
        TC41  1 0.0017 0.0020 0.0024 0.0023 0.0010 0.9859 0.0017 0.0011 0.0018 
        TC42  1 0.0071 0.0011 0.0009 0.0023 0.0007 0.9830 0.0012 0.0007 0.0030 
        TC43  1 0.0059 0.0010 0.0015 0.0021 0.0014 0.9832 0.0016 0.0009 0.0023 
        TC44  1 0.0075 0.0026 0.0016 0.0032 0.0011 0.9218 0.0013 0.0026 0.0581 
        TC45  1 0.0013 0.0007 0.0014 0.0030 0.0053 0.9833 0.0009 0.0011 0.0030 
        TC46  1 0.0022 0.0028 0.0039 0.0045 0.0037 0.9772 0.0021 0.0010 0.0026 
        TC47  1 0.0049 0.0030 0.0019 0.0024 0.0014 0.9703 0.0017 0.0014 0.0130 
        TC48  1 0.0039 0.0033 0.0032 0.0124 0.0058 0.9477 0.0189 0.0012 0.0035 
        TC49  1 0.0023 0.0011 0.0013 0.0047 0.0012 0.9839 0.0019 0.0019 0.0018 
        TC50  1 0.0019 0.0038 0.0022 0.0046 0.0024 0.9769 0.0033 0.0017 0.0033 
        TC51  1 0.0206 0.0014 0.0016 0.0041 0.0017 0.9589 0.0017 0.0041 0.0059 
        TC52  1 0.0041 0.0007 0.0082 0.0028 0.0042 0.9749 0.0017 0.0007 0.0026 
        TC53  1 0.0052 0.0061 0.0010 0.0048 0.0007 0.9758 0.0014 0.0007 0.0044 
        TC54  1 0.0100 0.0020 0.0020 0.0066 0.0019 0.9583 0.0139 0.0017 0.0036 
        TC55  1 0.0130 0.0013 0.0074 0.0078 0.0025 0.9584 0.0028 0.0012 0.0057 
        TC56  1 0.0060 0.0023 0.0019 0.0046 0.0082 0.9610 0.0095 0.0030 0.0034 
        TC57  1 0.0018 0.0058 0.0026 0.0067 0.0013 0.9705 0.0034 0.0014 0.0065 
        TC58  1 0.0024 0.0013 0.0017 0.0032 0.0011 0.9752 0.0012 0.0082 0.0057 
        TC59  1 0.0025 0.0010 0.0010 0.0020 0.0007 0.9882 0.0014 0.0012 0.0020 
        TA01  2 0.0043 0.0012 0.0009 0.0031 0.0008 0.9704 0.0014 0.0013 0.0165 
        TA02  2 0.0021 0.0008 0.0017 0.0028 0.0010 0.9838 0.0036 0.0008 0.0035 
        TA03  2 0.0029 0.0047 0.0016 0.0033 0.0011 0.9646 0.0026 0.0015 0.0178 
        TA04  2 0.0206 0.0017 0.0022 0.0022 0.0009 0.6288 0.0014 0.0011 0.3412 
        TA05  2 0.0019 0.0011 0.0013 0.0029 0.0014 0.9845 0.0020 0.0012 0.0037 
        TA06  2 0.0045 0.0009 0.0013 0.0014 0.0008 0.9819 0.0012 0.0015 0.0065 
        TA07  2 0.0029 0.0013 0.0016 0.0080 0.0011 0.9011 0.0027 0.0029 0.0783 
        TA08  2 0.0107 0.0075 0.0008 0.0017 0.0017 0.9669 0.0019 0.0009 0.0079 
        TA09  2 0.0037 0.0010 0.0012 0.0018 0.0007 0.9815 0.0014 0.0009 0.0078 
        TA10  2 0.0033 0.0016 0.0012 0.0060 0.0010 0.9281 0.0014 0.0507 0.0067 
        TA11  2 0.0043 0.0075 0.0022 0.0043 0.0031 0.8867 0.0026 0.0331 0.0563 
        TA12  2 0.0017 0.0045 0.0010 0.0277 0.0009 0.9502 0.0021 0.0081 0.0037 
        TA13  2 0.0280 0.0024 0.0020 0.0968 0.0012 0.8370 0.0026 0.0160 0.0140 
        TA14  2 0.0048 0.0006 0.0013 0.0020 0.0006 0.9803 0.0021 0.0007 0.0076 
        TA15  2 0.0070 0.0007 0.0011 0.0027 0.0006 0.9826 0.0014 0.0012 0.0027 
        TA16  2 0.0120 0.0011 0.0012 0.0071 0.0009 0.9334 0.0012 0.0195 0.0236 
        TA17  2 0.0045 0.0036 0.0015 0.0043 0.0008 0.9790 0.0033 0.0010 0.0020 
        TA18  2 0.0021 0.0012 0.0349 0.0020 0.0008 0.9467 0.0046 0.0054 0.0023 
        TA19  2 0.0092 0.0412 0.0039 0.0063 0.0010 0.9025 0.0019 0.0036 0.0305 
        TA20  2 0.0028 0.0015 0.0011 0.0051 0.0013 0.9660 0.0183 0.0011 0.0027 
        TA21  2 0.0089 0.0013 0.0015 0.0052 0.0014 0.9365 0.0036 0.0015 0.0401 
        TA22  2 0.0148 0.0009 0.0011 0.0022 0.0009 0.9735 0.0039 0.0007 0.0020 
        TA23  2 0.0202 0.0008 0.0009 0.0018 0.0008 0.9687 0.0017 0.0010 0.0041 
        TA24  2 0.0025 0.0027 0.0017 0.0058 0.0010 0.9812 0.0015 0.0011 0.0025 
        TA25  2 0.0045 0.0015 0.0013 0.0051 0.0009 0.8389 0.0010 0.1443 0.0027 
        TA26  2 0.0064 0.0022 0.0009 0.0039 0.0029 0.8740 0.0024 0.0028 0.1046 
        TA27  2 0.0028 0.0020 0.0013 0.0063 0.0007 0.9793 0.0021 0.0013 0.0043 
        TA28  2 0.0026 0.0010 0.0086 0.0064 0.0064 0.9550 0.0105 0.0009 0.0086 
        TA29  2 0.0125 0.0033 0.0013 0.0029 0.0009 0.9740 0.0013 0.0014 0.0025 
        TA30  2 0.0033 0.0039 0.0014 0.0043 0.0018 0.6333 0.0052 0.0014 0.3454 
      BERM01  3 0.9800 0.0007 0.0007 0.0016 0.0006 0.0014 0.0012 0.0009 0.0130 
      BERM02  3 0.9873 0.0006 0.0009 0.0016 0.0007 0.0022 0.0012 0.0007 0.0048 
      BERM03  3 0.9909 0.0008 0.0007 0.0017 0.0007 0.0013 0.0011 0.0010 0.0019 
      BERM04  3 0.9899 0.0009 0.0007 0.0014 0.0008 0.0010 0.0010 0.0011 0.0032 
      BERM05  3 0.9887 0.0010 0.0009 0.0016 0.0010 0.0011 0.0013 0.0011 0.0033 
      BERM06  3 0.9612 0.0008 0.0012 0.0016 0.0009 0.0016 0.0009 0.0007 0.0311 
      BERM07  3 0.9853 0.0012 0.0008 0.0017 0.0008 0.0019 0.0011 0.0014 0.0059 
      BERM08  3 0.9905 0.0006 0.0006 0.0012 0.0008 0.0015 0.0008 0.0008 0.0032 
      BERM09  3 0.6200 0.0007 0.0010 0.0014 0.0005 0.0046 0.0010 0.0010 0.3698 
      BERM10  3 0.9789 0.0016 0.0009 0.0025 0.0012 0.0025 0.0010 0.0009 0.0104 
      BERM11  3 0.9786 0.0006 0.0008 0.0013 0.0009 0.0020 0.0011 0.0010 0.0136 
      BERM12  3 0.9683 0.0043 0.0014 0.0014 0.0145 0.0033 0.0021 0.0018 0.0030 
      BERM13  3 0.9890 0.0009 0.0013 0.0017 0.0007 0.0015 0.0010 0.0012 0.0030 
      BERM14  3 0.9792 0.0008 0.0009 0.0014 0.0007 0.0023 0.0010 0.0012 0.0126 
      CROC01  3 0.9776 0.0027 0.0032 0.0030 0.0011 0.0017 0.0053 0.0016 0.0038 
      CROC02  3 0.9770 0.0008 0.0040 0.0037 0.0020 0.0022 0.0020 0.0014 0.0069 
      CROC03  3 0.9743 0.0011 0.0012 0.0018 0.0020 0.0018 0.0014 0.0011 0.0153 
      CROC04  3 0.9102 0.0008 0.0049 0.0036 0.0006 0.0759 0.0010 0.0009 0.0021 
      CROC05  3 0.9792 0.0007 0.0014 0.0020 0.0008 0.0014 0.0012 0.0017 0.0116 
      CROC06  3 0.9339 0.0010 0.0076 0.0073 0.0013 0.0076 0.0068 0.0288 0.0059 
      CROC07  3 0.9799 0.0013 0.0022 0.0024 0.0009 0.0034 0.0016 0.0012 0.0072 
      CROC08  3 0.9654 0.0016 0.0010 0.0026 0.0020 0.0018 0.0200 0.0026 0.0031 
      CROC09  3 0.9339 0.0006 0.0010 0.0021 0.0011 0.0012 0.0028 0.0008 0.0566 
      CROC10  3 0.9672 0.0007 0.0010 0.0017 0.0009 0.0015 0.0008 0.0015 0.0247 
      CROC11  3 0.9355 0.0006 0.0010 0.0020 0.0010 0.0012 0.0027 0.0008 0.0551 
     CROC110  3 0.9454 0.0013 0.0018 0.0151 0.0007 0.0045 0.0027 0.0011 0.0274 
     CROC116  3 0.9749 0.0015 0.0034 0.0048 0.0021 0.0044 0.0024 0.0012 0.0055 
      CROC12  3 0.9896 0.0006 0.0008 0.0019 0.0008 0.0016 0.0010 0.0008 0.0028 
     CROC123  3 0.9875 0.0005 0.0008 0.0013 0.0008 0.0016 0.0008 0.0006 0.0061 
      CROC13  3 0.9874 0.0010 0.0007 0.0017 0.0020 0.0013 0.0011 0.0014 0.0034 
      CROC14  3 0.8993 0.0005 0.0009 0.0037 0.0012 0.0025 0.0017 0.0818 0.0085 
      CROC15  3 0.8946 0.0009 0.0682 0.0129 0.0051 0.0031 0.0071 0.0059 0.0021 
      CROC16  3 0.9529 0.0010 0.0015 0.0037 0.0046 0.0012 0.0028 0.0013 0.0311 
      CROC17  3 0.9475 0.0006 0.0007 0.0049 0.0008 0.0423 0.0009 0.0007 0.0018 
      CROC18  3 0.9694 0.0019 0.0080 0.0040 0.0087 0.0035 0.0012 0.0008 0.0024 
      CROC19  3 0.9857 0.0013 0.0014 0.0025 0.0010 0.0028 0.0013 0.0012 0.0029 
     CROC198  3 0.9787 0.0015 0.0008 0.0018 0.0008 0.0014 0.0012 0.0013 0.0124 
      CROC20  3 0.9837 0.0010 0.0015 0.0026 0.0013 0.0013 0.0019 0.0012 0.0056 
     CROC202  3 0.9840 0.0016 0.0009 0.0017 0.0031 0.0015 0.0011 0.0015 0.0045 
      CROC21  3 0.9874 0.0008 0.0009 0.0021 0.0009 0.0019 0.0011 0.0011 0.0039 
     CROC216  3 0.9367 0.0008 0.0171 0.0079 0.0012 0.0186 0.0034 0.0011 0.0132 
      CROC22  3 0.9412 0.0193 0.0011 0.0116 0.0010 0.0062 0.0009 0.0010 0.0175 
      CROC23  3 0.9641 0.0010 0.0013 0.0028 0.0011 0.0084 0.0020 0.0012 0.0181 
      CROC24  3 0.9495 0.0007 0.0009 0.0018 0.0017 0.0018 0.0014 0.0009 0.0413 
      CROC25  3 0.9895 0.0007 0.0010 0.0013 0.0007 0.0015 0.0011 0.0010 0.0033 
     CROC259  3 0.9747 0.0008 0.0007 0.0018 0.0011 0.0088 0.0011 0.0062 0.0047 
      CROC26  3 0.9377 0.0012 0.0008 0.0015 0.0010 0.0513 0.0015 0.0013 0.0037 
      CROC27  3 0.9242 0.0011 0.0015 0.0023 0.0009 0.0103 0.0033 0.0010 0.0554 
      CROC28  3 0.6959 0.0007 0.0007 0.0018 0.0008 0.0070 0.0014 0.0011 0.2907 
      CROC29  3 0.9887 0.0008 0.0010 0.0018 0.0009 0.0016 0.0015 0.0009 0.0029 
      CROC30  3 0.9739 0.0008 0.0030 0.0056 0.0016 0.0028 0.0030 0.0011 0.0081 
      CROC31  3 0.8803 0.0008 0.0013 0.0095 0.0010 0.0111 0.0023 0.0013 0.0926 
      CROC32  3 0.9864 0.0008 0.0008 0.0018 0.0007 0.0015 0.0009 0.0011 0.0060 
      CROC33  3 0.9498 0.0009 0.0032 0.0070 0.0019 0.0100 0.0219 0.0006 0.0047 
      CROC34  3 0.9890 0.0010 0.0009 0.0015 0.0008 0.0017 0.0014 0.0012 0.0024 
      CROC35  3 0.9721 0.0005 0.0006 0.0074 0.0011 0.0094 0.0008 0.0009 0.0072 
      CROC36  3 0.9846 0.0007 0.0010 0.0017 0.0008 0.0012 0.0011 0.0012 0.0077 
      CROC57  3 0.9893 0.0008 0.0008 0.0016 0.0008 0.0011 0.0012 0.0020 0.0023 
      CROC81  3 0.9788 0.0008 0.0017 0.0024 0.0047 0.0014 0.0035 0.0011 0.0056 
      CROC84  3 0.9807 0.0013 0.0008 0.0013 0.0030 0.0022 0.0013 0.0009 0.0084 
        FW01  3 0.0044 0.0026 0.0017 0.0037 0.0035 0.0019 0.0027 0.0017 0.9777 
        FW02  3 0.0014 0.0005 0.0006 0.0011 0.0005 0.0009 0.0008 0.0007 0.9935 
        FW03  3 0.0016 0.0009 0.0010 0.0014 0.0011 0.0014 0.0011 0.0008 0.9908 
        FW04  3 0.0013 0.0005 0.0006 0.0011 0.0005 0.0008 0.0008 0.0007 0.9936 
        FW05  3 0.0013 0.0005 0.0006 0.0011 0.0005 0.0009 0.0008 0.0007 0.9935 
        FW06  3 0.0014 0.0005 0.0006 0.0011 0.0005 0.0009 0.0008 0.0007 0.9934 
        FW07  3 0.0017 0.0009 0.0009 0.0015 0.0010 0.0014 0.0011 0.0008 0.9908 
        FW08  3 0.0013 0.0006 0.0006 0.0011 0.0005 0.0008 0.0008 0.0007 0.9936 
        FW09  3 0.0013 0.0006 0.0006 0.0011 0.0005 0.0008 0.0008 0.0007 0.9936 
        FW10  3 0.0017 0.0008 0.0009 0.0016 0.0010 0.0014 0.0012 0.0008 0.9905 
       FW100  3 0.0016 0.0008 0.0008 0.0015 0.0011 0.0015 0.0012 0.0008 0.9907 
       FW101  3 0.0016 0.0009 0.0009 0.0015 0.0011 0.0015 0.0012 0.0008 0.9905 
       FW102  3 0.0013 0.0006 0.0006 0.0011 0.0005 0.0008 0.0008 0.0007 0.9936 
       FW103  3 0.0013 0.0005 0.0006 0.0011 0.0005 0.0008 0.0008 0.0007 0.9936 
       FW104  3 0.0045 0.0028 0.0017 0.0036 0.0035 0.0019 0.0027 0.0017 0.9776 
       FW105  3 0.0017 0.0009 0.0009 0.0016 0.0011 0.0014 0.0012 0.0008 0.9906 
       FW106  3 0.9428 0.0013 0.0078 0.0043 0.0021 0.0037 0.0028 0.0010 0.0342 
       FW107  3 0.0046 0.0028 0.0016 0.0037 0.0033 0.0019 0.0028 0.0017 0.9777 
       FW108  3 0.0015 0.0006 0.0006 0.0011 0.0005 0.0009 0.0008 0.0007 0.9934 
       FW109  3 0.0016 0.0009 0.0009 0.0015 0.0010 0.0015 0.0012 0.0008 0.9906 
        FW11  3 0.0016 0.0009 0.0009 0.0016 0.0010 0.0015 0.0013 0.0007 0.9905 
       FW110  3 0.0017 0.0009 0.0009 0.0015 0.0010 0.0014 0.0010 0.0008 0.9909 
       FW111  3 0.0013 0.0005 0.0006 0.0011 0.0005 0.0008 0.0008 0.0007 0.9936 
       FW112  3 0.0016 0.0009 0.0008 0.0015 0.0010 0.0015 0.0012 0.0008 0.9907 
       FW113  3 0.0013 0.0006 0.0006 0.0011 0.0005 0.0008 0.0008 0.0007 0.9936 
       FW114  3 0.0019 0.0009 0.0010 0.0016 0.0010 0.0020 0.0011 0.0008 0.9897 
       FW115  3 0.0016 0.0008 0.0009 0.0016 0.0011 0.0014 0.0012 0.0008 0.9906 
       FW116  3 0.0013 0.0005 0.0006 0.0011 0.0005 0.0008 0.0008 0.0007 0.9936 
        FW12  3 0.0013 0.0005 0.0006 0.0011 0.0005 0.0008 0.0008 0.0007 0.9936 
        FW13  3 0.0014 0.0005 0.0006 0.0011 0.0005 0.0009 0.0008 0.0007 0.9935 
        FW14  3 0.0047 0.0027 0.0017 0.0038 0.0033 0.0019 0.0028 0.0017 0.9774 
        FW15  3 0.0047 0.0027 0.0016 0.0037 0.0035 0.0020 0.0027 0.0017 0.9774 
        FW16  3 0.0017 0.0009 0.0009 0.0016 0.0010 0.0014 0.0012 0.0008 0.9905 
        FW17  3 0.0016 0.0008 0.0009 0.0016 0.0011 0.0015 0.0012 0.0008 0.9905 
        FW18  3 0.0016 0.0008 0.0008 0.0015 0.0010 0.0014 0.0012 0.0008 0.9908 
        FW19  3 0.0013 0.0005 0.0006 0.0011 0.0005 0.0009 0.0008 0.0007 0.9935 
        FW20  3 0.0013 0.0005 0.0006 0.0011 0.0005 0.0008 0.0008 0.0007 0.9936 
        FW21  3 0.0013 0.0005 0.0006 0.0011 0.0005 0.0008 0.0008 0.0007 0.9936 
        FW22  3 0.0016 0.0009 0.0009 0.0015 0.0010 0.0015 0.0012 0.0008 0.9907 
        FW23  3 0.0013 0.0005 0.0006 0.0011 0.0005 0.0008 0.0008 0.0007 0.9937 
        FW24  3 0.0014 0.0005 0.0006 0.0010 0.0005 0.0008 0.0008 0.0007 0.9935 
        FW25  3 0.0013 0.0006 0.0006 0.0011 0.0005 0.0008 0.0008 0.0007 0.9936 
        FW26  3 0.0013 0.0005 0.0006 0.0011 0.0005 0.0008 0.0008 0.0007 0.9936 
        FW27  3 0.0017 0.0009 0.0008 0.0016 0.0010 0.0014 0.0012 0.0008 0.9906 
        FW28  3 0.0014 0.0005 0.0006 0.0011 0.0005 0.0009 0.0008 0.0007 0.9935 
        FW29  3 0.0013 0.0005 0.0006 0.0011 0.0005 0.0008 0.0008 0.0007 0.9937 
        FW30  3 0.9439 0.0013 0.0071 0.0042 0.0021 0.0037 0.0027 0.0010 0.0341 
        FW32  3 0.0048 0.0027 0.0016 0.0038 0.0034 0.0019 0.0027 0.0017 0.9773 
        FW33  3 0.0129 0.0006 0.0038 0.0042 0.0005 0.0030 0.0008 0.0007 0.9734 
        FW34  3 0.0013 0.0005 0.0006 0.0011 0.0005 0.0009 0.0008 0.0007 0.9935 
        FW35  3 0.0014 0.0005 0.0006 0.0011 0.0005 0.0008 0.0008 0.0007 0.9935 
        FW36  3 0.0013 0.0005 0.0006 0.0011 0.0005 0.0008 0.0008 0.0007 0.9936 
        FW37  3 0.0017 0.0009 0.0009 0.0016 0.0010 0.0014 0.0012 0.0008 0.9905 
        FW51  3 0.0013 0.0005 0.0006 0.0011 0.0006 0.0008 0.0008 0.0007 0.9936 
        FW52  3 0.0017 0.0009 0.0009 0.0016 0.0010 0.0015 0.0012 0.0008 0.9905 
        FW53  3 0.0013 0.0005 0.0006 0.0010 0.0005 0.0008 0.0008 0.0007 0.9936 
        FW54  3 0.0017 0.0009 0.0010 0.0014 0.0011 0.0014 0.0010 0.0008 0.9908 
        FW55  3 0.0013 0.0005 0.0006 0.0011 0.0005 0.0009 0.0008 0.0007 0.9936 
        FW56  3 0.0013 0.0005 0.0006 0.0011 0.0005 0.0008 0.0008 0.0007 0.9936 
        FW57  3 0.0013 0.0005 0.0006 0.0011 0.0005 0.0008 0.0008 0.0007 0.9936 
        FW78  3 0.0014 0.0005 0.0006 0.0011 0.0005 0.0009 0.0008 0.0007 0.9935 
        FW79  3 0.0014 0.0006 0.0006 0.0011 0.0005 0.0009 0.0008 0.0007 0.9935 
        FW80  3 0.0013 0.0005 0.0006 0.0011 0.0005 0.0008 0.0008 0.0007 0.9936 
        FW81  3 0.0017 0.0009 0.0009 0.0015 0.0011 0.0014 0.0010 0.0008 0.9909 
        FW82  3 0.0017 0.0009 0.0009 0.0016 0.0010 0.0014 0.0012 0.0008 0.9905 
        FW83  3 0.0046 0.0028 0.0016 0.0036 0.0034 0.0020 0.0027 0.0018 0.9775 
        FW84  3 0.0013 0.0006 0.0006 0.0011 0.0005 0.0008 0.0008 0.0007 0.9936 
        FW85  3 0.0016 0.0008 0.0011 0.0018 0.0014 0.0017 0.0012 0.0008 0.9895 
        FW86  3 0.0016 0.0009 0.0008 0.0015 0.0011 0.0015 0.0012 0.0008 0.9906 
        FW87  3 0.0017 0.0009 0.0008 0.0016 0.0011 0.0014 0.0012 0.0008 0.9906 
        FW88  3 0.0013 0.0005 0.0006 0.0011 0.0005 0.0008 0.0008 0.0007 0.9936 
        FW89  3 0.0014 0.0005 0.0006 0.0011 0.0005 0.0008 0.0008 0.0007 0.9935 
        FW90  3 0.0014 0.0005 0.0006 0.0011 0.0005 0.0008 0.0008 0.0007 0.9936 
        FW91  3 0.0017 0.0009 0.0009 0.0016 0.0010 0.0014 0.0012 0.0008 0.9905 
        FW92  3 0.0014 0.0005 0.0006 0.0011 0.0005 0.0008 0.0008 0.0007 0.9935 
        FW93  3 0.0013 0.0005 0.0006 0.0011 0.0005 0.0008 0.0008 0.0007 0.9936 
        FW94  3 0.0017 0.0008 0.0009 0.0016 0.0010 0.0014 0.0012 0.0008 0.9905 
        FW95  3 0.0014 0.0005 0.0006 0.0011 0.0005 0.0009 0.0008 0.0007 0.9935 
        FW96  3 0.0013 0.0005 0.0006 0.0011 0.0005 0.0009 0.0008 0.0007 0.9935 
        FW97  3 0.9592 0.0025 0.0018 0.0027 0.0014 0.0019 0.0022 0.0029 0.0255 
        FW98  3 0.0016 0.0009 0.0009 0.0014 0.0010 0.0014 0.0011 0.0008 0.9909 
        FW99  3 0.0013 0.0005 0.0006 0.0011 0.0005 0.0008 0.0008 0.0007 0.9936 
       Cal01  3 0.8766 0.0010 0.0007 0.0021 0.0008 0.0018 0.0028 0.0012 0.1130 
       Cal02  3 0.9864 0.0008 0.0012 0.0021 0.0010 0.0016 0.0010 0.0011 0.0047 
       Cal03  3 0.9369 0.0007 0.0013 0.0023 0.0013 0.0015 0.0017 0.0006 0.0538 
       Cal04  3 0.9867 0.0021 0.0014 0.0026 0.0013 0.0019 0.0013 0.0010 0.0016 
       Cal05  3 0.9826 0.0006 0.0007 0.0011 0.0007 0.0026 0.0007 0.0006 0.0103 
       Cal06  3 0.9856 0.0006 0.0011 0.0028 0.0008 0.0031 0.0013 0.0014 0.0033 
       Cal07  3 0.9807 0.0005 0.0008 0.0013 0.0006 0.0055 0.0009 0.0008 0.0090 
       Cal08  3 0.9480 0.0020 0.0031 0.0024 0.0012 0.0021 0.0020 0.0026 0.0367 
       Cal09  3 0.9546 0.0009 0.0008 0.0040 0.0027 0.0217 0.0011 0.0009 0.0132 
       Cal10  3 0.9871 0.0010 0.0011 0.0027 0.0010 0.0019 0.0018 0.0007 0.0026 
       Cal11  3 0.9531 0.0017 0.0014 0.0026 0.0009 0.0034 0.0015 0.0154 0.0201 
      Cal197  3 0.8586 0.0005 0.0008 0.0022 0.0006 0.0019 0.0013 0.0007 0.1335 
      Cal198  3 0.8909 0.0014 0.0011 0.0031 0.0008 0.0204 0.0609 0.0008 0.0207 
      Cal199  3 0.9707 0.0167 0.0009 0.0015 0.0010 0.0011 0.0024 0.0008 0.0049 
      Cal200  3 0.8894 0.0005 0.0036 0.0031 0.0013 0.0035 0.0014 0.0015 0.0956 
      Cal201  3 0.9361 0.0005 0.0009 0.0021 0.0006 0.0029 0.0009 0.0009 0.0551 
      Cal202  3 0.9468 0.0052 0.0021 0.0119 0.0067 0.0018 0.0180 0.0009 0.0065 
      Cal203  3 0.9868 0.0009 0.0010 0.0017 0.0009 0.0013 0.0012 0.0019 0.0043 
      Cal204  3 0.9897 0.0007 0.0011 0.0016 0.0010 0.0015 0.0014 0.0011 0.0021 
      Cal205  3 0.9882 0.0008 0.0010 0.0018 0.0008 0.0015 0.0014 0.0006 0.0039 
      Cal206  3 0.9832 0.0007 0.0010 0.0023 0.0013 0.0013 0.0012 0.0009 0.0080 
      Cal207  3 0.9833 0.0006 0.0011 0.0015 0.0006 0.0017 0.0073 0.0007 0.0032 
      Cal208  3 0.9825 0.0009 0.0009 0.0019 0.0008 0.0013 0.0016 0.0011 0.0090 
      Cal209  3 0.9847 0.0007 0.0007 0.0014 0.0008 0.0013 0.0009 0.0008 0.0087 
      Cal210  3 0.9706 0.0169 0.0009 0.0015 0.0010 0.0011 0.0023 0.0008 0.0048 
      Cal211  3 0.9833 0.0007 0.0010 0.0015 0.0006 0.0018 0.0009 0.0008 0.0094 
      Cal212  3 0.9823 0.0008 0.0015 0.0016 0.0008 0.0015 0.0011 0.0007 0.0095 
      Cal213  3 0.7608 0.0009 0.0023 0.0047 0.0009 0.0218 0.0697 0.0006 0.1382 
      Cal214  3 0.9734 0.0104 0.0008 0.0061 0.0010 0.0013 0.0047 0.0009 0.0015 
      Cal215  3 0.9786 0.0024 0.0010 0.0021 0.0018 0.0016 0.0014 0.0013 0.0097 
      Cal216  3 0.8951 0.0005 0.0012 0.0021 0.0010 0.0024 0.0019 0.0010 0.0947 
      Cal217  3 0.9855 0.0005 0.0007 0.0016 0.0006 0.0019 0.0010 0.0009 0.0073 
      Cal218  3 0.9439 0.0008 0.0013 0.0016 0.0008 0.0017 0.0010 0.0007 0.0482 
      Cal219  3 0.9701 0.0010 0.0010 0.0025 0.0008 0.0016 0.0010 0.0011 0.0211 
      Cal220  3 0.9769 0.0024 0.0043 0.0035 0.0007 0.0020 0.0027 0.0025 0.0050 
      Cal221  3 0.9815 0.0012 0.0009 0.0014 0.0009 0.0014 0.0015 0.0007 0.0104 
      Cal222  3 0.9850 0.0030 0.0010 0.0015 0.0009 0.0016 0.0015 0.0008 0.0048 
      Cal223  3 0.9146 0.0018 0.0018 0.0060 0.0008 0.0518 0.0120 0.0022 0.0091 
      Cal224  3 0.9239 0.0010 0.0012 0.0019 0.0044 0.0022 0.0617 0.0018 0.0020 
       Cal33  3 0.9886 0.0007 0.0009 0.0023 0.0008 0.0015 0.0009 0.0007 0.0036 
       Cal34  3 0.9862 0.0008 0.0012 0.0020 0.0011 0.0028 0.0020 0.0008 0.0031 
       Cal35  3 0.9898 0.0006 0.0010 0.0016 0.0008 0.0018 0.0009 0.0007 0.0028 
       Cal37  3 0.9808 0.0006 0.0024 0.0060 0.0009 0.0044 0.0009 0.0007 0.0033 
       Cal38  3 0.8072 0.0008 0.0007 0.0016 0.0005 0.0017 0.0009 0.0009 0.1857 
       Cal39  3 0.9100 0.0015 0.0008 0.0016 0.0015 0.0019 0.0009 0.0010 0.0808 
       Cal40  3 0.9845 0.0007 0.0006 0.0014 0.0008 0.0012 0.0009 0.0008 0.0090 
       Cal41  3 0.9888 0.0008 0.0007 0.0013 0.0008 0.0014 0.0009 0.0009 0.0045 
       Cal42  3 0.9889 0.0009 0.0007 0.0017 0.0009 0.0011 0.0010 0.0013 0.0035 
       Cal43  3 0.9885 0.0008 0.0011 0.0018 0.0006 0.0017 0.0012 0.0009 0.0034 
       Cal44  3 0.9524 0.0011 0.0077 0.0018 0.0010 0.0017 0.0021 0.0012 0.0310 
        BW41  3 0.9584 0.0013 0.0020 0.0029 0.0250 0.0019 0.0026 0.0011 0.0048 
        BW42  3 0.9798 0.0007 0.0017 0.0042 0.0009 0.0022 0.0014 0.0010 0.0081 
        BW44  3 0.9873 0.0007 0.0009 0.0017 0.0006 0.0028 0.0013 0.0011 0.0036 
        BW45  3 0.9865 0.0005 0.0007 0.0012 0.0006 0.0020 0.0007 0.0007 0.0070 
        BW46  3 0.9356 0.0008 0.0009 0.0037 0.0017 0.0015 0.0037 0.0008 0.0512 
        BW47  3 0.9315 0.0010 0.0397 0.0024 0.0089 0.0059 0.0009 0.0007 0.0091 
        BW48  3 0.9699 0.0020 0.0015 0.0030 0.0017 0.0025 0.0014 0.0016 0.0163 
        BW49  3 0.9827 0.0007 0.0008 0.0017 0.0006 0.0047 0.0010 0.0012 0.0066 
        BW50  3 0.9841 0.0007 0.0008 0.0017 0.0010 0.0014 0.0012 0.0010 0.0081 
        BW51  3 0.7890 0.0008 0.0007 0.0017 0.0006 0.0133 0.0011 0.0009 0.1920 
        BW52  3 0.9860 0.0008 0.0008 0.0016 0.0007 0.0014 0.0010 0.0037 0.0040 
        BW53  3 0.9727 0.0006 0.0080 0.0062 0.0008 0.0038 0.0035 0.0007 0.0036 
        BW54  3 0.8236 0.0019 0.1529 0.0023 0.0017 0.0047 0.0012 0.0012 0.0104 
        BW55  3 0.9600 0.0011 0.0011 0.0025 0.0017 0.0018 0.0033 0.0014 0.0272 
        BW56  3 0.9895 0.0006 0.0008 0.0016 0.0014 0.0016 0.0011 0.0009 0.0025 
        BW57  3 0.9865 0.0006 0.0010 0.0021 0.0007 0.0022 0.0018 0.0008 0.0043 
        BW58  3 0.9814 0.0007 0.0009 0.0021 0.0008 0.0026 0.0013 0.0008 0.0094 
        BW59  3 0.9402 0.0007 0.0008 0.0023 0.0007 0.0019 0.0008 0.0008 0.0518 
        BW60  3 0.9892 0.0006 0.0009 0.0014 0.0008 0.0016 0.0011 0.0010 0.0033 
        BW61  3 0.8529 0.0008 0.0009 0.0144 0.0642 0.0028 0.0013 0.0013 0.0613 
        BW62  3 0.9729 0.0007 0.0046 0.0020 0.0019 0.0019 0.0015 0.0009 0.0135 
        BW63  3 0.8975 0.0011 0.0614 0.0065 0.0011 0.0183 0.0018 0.0008 0.0114 
        BW64  3 0.9389 0.0006 0.0010 0.0016 0.0007 0.0017 0.0011 0.0008 0.0536 
        BW65  3 0.9723 0.0015 0.0027 0.0051 0.0041 0.0028 0.0051 0.0015 0.0048 
        BW66  3 0.9786 0.0008 0.0009 0.0015 0.0013 0.0034 0.0012 0.0028 0.0094 
        BW67  3 0.8371 0.0006 0.0009 0.0013 0.0007 0.0016 0.0011 0.0009 0.1559 
        BW68  3 0.9813 0.0007 0.0021 0.0030 0.0017 0.0030 0.0012 0.0008 0.0062 
        BW69  3 0.9497 0.0010 0.0009 0.0018 0.0381 0.0014 0.0011 0.0010 0.0049 
        BW70  3 0.9445 0.0011 0.0012 0.0019 0.0007 0.0025 0.0018 0.0012 0.0452 
        BW71  3 0.9867 0.0007 0.0006 0.0013 0.0006 0.0014 0.0008 0.0010 0.0069 
        BW72  3 0.9713 0.0015 0.0046 0.0057 0.0033 0.0028 0.0033 0.0022 0.0053 
        BW73  3 0.9292 0.0010 0.0013 0.0195 0.0155 0.0040 0.0010 0.0244 0.0041 
        BW74  3 0.9413 0.0017 0.0010 0.0057 0.0019 0.0037 0.0023 0.0010 0.0413 
        BW75  3 0.9632 0.0008 0.0016 0.0074 0.0007 0.0061 0.0025 0.0124 0.0054 
        BW76  3 0.9863 0.0012 0.0011 0.0018 0.0019 0.0014 0.0015 0.0011 0.0036 
        BW77  3 0.8441 0.0005 0.0048 0.0118 0.0017 0.0114 0.0040 0.0012 0.1205 
        BW78  3 0.9881 0.0014 0.0008 0.0013 0.0009 0.0026 0.0010 0.0010 0.0028 
        BW79  3 0.9812 0.0009 0.0008 0.0039 0.0008 0.0025 0.0012 0.0010 0.0077 
        BW80  3 0.9843 0.0006 0.0014 0.0022 0.0007 0.0015 0.0012 0.0009 0.0072 
        BW81  3 0.9840 0.0005 0.0007 0.0022 0.0008 0.0028 0.0025 0.0008 0.0055 
       BWS05  3 0.8867 0.0019 0.0044 0.0062 0.0093 0.0039 0.0022 0.0021 0.0834 
       BWS06  3 0.8112 0.0019 0.0013 0.0022 0.0010 0.0019 0.0021 0.0011 0.1773 
       BWS07  3 0.9606 0.0007 0.0009 0.0193 0.0006 0.0042 0.0008 0.0006 0.0122 
       BWS08  3 0.9704 0.0010 0.0019 0.0026 0.0058 0.0086 0.0032 0.0036 0.0027 
       BWS09  3 0.9832 0.0006 0.0008 0.0013 0.0006 0.0013 0.0013 0.0007 0.0101 
       BWS10  3 0.9613 0.0014 0.0170 0.0027 0.0012 0.0030 0.0014 0.0011 0.0110 
       BWS11  3 0.9906 0.0007 0.0008 0.0018 0.0007 0.0012 0.0010 0.0009 0.0024 
       BWS12  3 0.9805 0.0008 0.0015 0.0034 0.0010 0.0022 0.0021 0.0020 0.0065 
       BWS13  3 0.9830 0.0009 0.0011 0.0015 0.0008 0.0013 0.0032 0.0010 0.0073 
       BWS14  3 0.9501 0.0008 0.0020 0.0037 0.0021 0.0023 0.0014 0.0007 0.0369 
       BWS15  3 0.9807 0.0027 0.0015 0.0036 0.0012 0.0024 0.0025 0.0029 0.0026 
       BWS16  3 0.9787 0.0008 0.0016 0.0016 0.0009 0.0117 0.0010 0.0008 0.0029 
       BWS17  3 0.9885 0.0008 0.0010 0.0017 0.0014 0.0015 0.0016 0.0011 0.0024 
       BWS18  3 0.9610 0.0030 0.0012 0.0033 0.0009 0.0029 0.0211 0.0007 0.0058 
       BWS19  3 0.9452 0.0027 0.0009 0.0128 0.0097 0.0025 0.0090 0.0009 0.0163 
       BWS20  3 0.9821 0.0006 0.0007 0.0015 0.0007 0.0052 0.0012 0.0009 0.0071 
       BWS21  3 0.9179 0.0034 0.0108 0.0133 0.0016 0.0052 0.0395 0.0014 0.0069 
       BWS22  3 0.9758 0.0007 0.0012 0.0020 0.0008 0.0014 0.0018 0.0009 0.0155 
       BWS23  3 0.9640 0.0013 0.0008 0.0026 0.0010 0.0022 0.0231 0.0007 0.0043 
       BWS24  3 0.9798 0.0023 0.0015 0.0067 0.0010 0.0032 0.0015 0.0012 0.0028 
       BWS25  3 0.9808 0.0008 0.0006 0.0108 0.0017 0.0012 0.0009 0.0008 0.0024 
       BWS26  3 0.9867 0.0006 0.0011 0.0024 0.0010 0.0022 0.0010 0.0014 0.0036 
       BWS27  3 0.9857 0.0007 0.0008 0.0027 0.0006 0.0045 0.0009 0.0008 0.0033 
       BWS28  3 0.9572 0.0010 0.0100 0.0092 0.0018 0.0037 0.0024 0.0010 0.0137 
       BWS29  3 0.9810 0.0013 0.0016 0.0023 0.0017 0.0028 0.0015 0.0016 0.0063 
       BWS30  3 0.9772 0.0007 0.0007 0.0016 0.0008 0.0016 0.0019 0.0009 0.0147 
       BWS31  3 0.9803 0.0007 0.0011 0.0022 0.0029 0.0068 0.0012 0.0007 0.0041 
       BWS32  3 0.9714 0.0015 0.0015 0.0035 0.0008 0.0044 0.0010 0.0013 0.0145 
       BWS33  3 0.9817 0.0013 0.0033 0.0029 0.0019 0.0015 0.0020 0.0011 0.0043 
       BWS34  3 0.9707 0.0008 0.0028 0.0032 0.0022 0.0022 0.0051 0.0015 0.0116 
       BWS35  3 0.9806 0.0032 0.0022 0.0028 0.0011 0.0030 0.0018 0.0014 0.0039 
       BWS36  3 0.9867 0.0007 0.0007 0.0014 0.0009 0.0013 0.0008 0.0020 0.0055 
       BWS37  3 0.9789 0.0009 0.0016 0.0026 0.0035 0.0025 0.0014 0.0008 0.0078 
       BWS38  3 0.9685 0.0012 0.0013 0.0024 0.0011 0.0033 0.0018 0.0018 0.0186 
       BWS39  3 0.9293 0.0007 0.0011 0.0015 0.0007 0.0026 0.0011 0.0011 0.0619 
       BWS40  3 0.9857 0.0016 0.0008 0.0015 0.0011 0.0013 0.0011 0.0019 0.0050 
       BWN01  3 0.9805 0.0010 0.0009 0.0016 0.0011 0.0031 0.0011 0.0011 0.0096 
       BWN02  3 0.9213 0.0006 0.0009 0.0015 0.0008 0.0489 0.0010 0.0007 0.0243 
       BWN03  3 0.9755 0.0014 0.0051 0.0041 0.0032 0.0018 0.0033 0.0026 0.0029 
       BWN04  3 0.9611 0.0006 0.0012 0.0021 0.0014 0.0034 0.0018 0.0049 0.0235 
        NC01  4 0.0337 0.0006 0.0037 0.0235 0.0008 0.8382 0.0011 0.0014 0.0972 
        NC02  4 0.0082 0.0008 0.0014 0.0038 0.0021 0.9501 0.0018 0.0017 0.0301 
        NC03  4 0.0024 0.0006 0.0009 0.0037 0.0007 0.9802 0.0066 0.0008 0.0042 
        NC04  4 0.0052 0.0012 0.0008 0.0033 0.0009 0.9812 0.0015 0.0009 0.0050 
        NC05  4 0.0262 0.0037 0.0033 0.0367 0.0017 0.9176 0.0050 0.0020 0.0039 
        NC06  4 0.0207 0.0010 0.0010 0.0041 0.0130 0.9419 0.0013 0.0008 0.0162 
        NC07  4 0.0059 0.0014 0.0008 0.0022 0.0008 0.9780 0.0011 0.0008 0.0090 
        NC08  4 0.0072 0.0009 0.0009 0.0026 0.0017 0.8755 0.0025 0.0016 0.1071 
        NC09  4 0.0086 0.0012 0.0020 0.0025 0.0008 0.9725 0.0023 0.0019 0.0081 
        NC10  4 0.1771 0.0005 0.0011 0.0020 0.0008 0.7431 0.0013 0.0016 0.0725 
        NC11  4 0.0252 0.0018 0.0028 0.0060 0.0017 0.9514 0.0021 0.0021 0.0070 
        NC12  4 0.0052 0.0007 0.0015 0.0030 0.0029 0.9808 0.0012 0.0008 0.0039 
        NC13  4 0.0055 0.0009 0.0018 0.0040 0.0007 0.9632 0.0191 0.0007 0.0041 
        NC14  4 0.0077 0.0008 0.0017 0.0136 0.0010 0.9529 0.0015 0.0013 0.0194 
        NC15  4 0.0081 0.0011 0.0016 0.0034 0.0015 0.9736 0.0027 0.0015 0.0064 
        NC16  4 0.0253 0.0006 0.0033 0.0158 0.0008 0.9389 0.0012 0.0013 0.0129 
        NC18  4 0.0060 0.0006 0.0014 0.0035 0.0010 0.9639 0.0020 0.0055 0.0162 
        NC19  4 0.0018 0.0005 0.0012 0.0017 0.0008 0.9883 0.0011 0.0007 0.0039 
        NC20  4 0.0221 0.0014 0.0017 0.0027 0.0034 0.7793 0.0054 0.0090 0.1751 
        NC21  4 0.0036 0.0007 0.0045 0.0055 0.0010 0.8129 0.0060 0.0008 0.1649 
        NC22  4 0.0034 0.0010 0.0008 0.0013 0.0051 0.8559 0.0018 0.0014 0.1293 
        NC23  4 0.0122 0.0007 0.0017 0.0048 0.0008 0.9473 0.0018 0.0019 0.0288 
        NC24  4 0.0023 0.0012 0.0009 0.0019 0.0012 0.9868 0.0011 0.0015 0.0031 
      SAND01  4 0.0027 0.0012 0.0013 0.0014 0.0007 0.0017 0.0010 0.0009 0.9891 
      SAND02  4 0.0019 0.0011 0.0009 0.0014 0.0010 0.0012 0.0008 0.0008 0.9908 
      SAND03  4 0.0018 0.0007 0.0006 0.0011 0.0006 0.0012 0.0009 0.0007 0.9924 
      SAND04  4 0.0013 0.0007 0.0008 0.0016 0.0008 0.0014 0.0010 0.0007 0.9917 
      SAND05  4 0.0021 0.0008 0.0010 0.0014 0.0006 0.0017 0.0010 0.0009 0.9905 
      SAND06  4 0.0015 0.0007 0.0011 0.0017 0.0008 0.0021 0.0009 0.0007 0.9904 
      SAND07  4 0.0028 0.0014 0.0010 0.0013 0.0007 0.0013 0.0010 0.0014 0.9890 
      SAND08  4 0.0019 0.0006 0.0011 0.0017 0.0015 0.0339 0.0009 0.0010 0.9574 
      SAND09  4 0.0438 0.0027 0.0169 0.0051 0.0016 0.0730 0.0022 0.0016 0.8532 
      SAND10  4 0.0016 0.0008 0.0009 0.0014 0.0008 0.0026 0.0008 0.0014 0.9898 
      SAND11  4 0.0059 0.0008 0.0011 0.0017 0.0008 0.0016 0.0013 0.0011 0.9857 
      SAND12  4 0.0016 0.0007 0.0010 0.0013 0.0006 0.0016 0.0009 0.0012 0.9911 
      SAND13  4 0.0015 0.0008 0.0009 0.0014 0.0008 0.0026 0.0008 0.0013 0.9899 
      SAND14  4 0.0042 0.0016 0.0018 0.0022 0.0023 0.0036 0.0020 0.0024 0.9797 
      SAND15  4 0.0027 0.0007 0.0014 0.0016 0.0006 0.0020 0.0023 0.0007 0.9880 
      SAND16  4 0.0072 0.0012 0.0320 0.0163 0.0008 0.0264 0.0016 0.0008 0.9138 
      SAND17  4 0.0048 0.0011 0.0011 0.0014 0.0007 0.0015 0.0010 0.0010 0.9875 
      SAND18  4 0.0020 0.0005 0.0008 0.0013 0.0007 0.0014 0.0009 0.0007 0.9918 
      SAND19  4 0.0016 0.0006 0.0007 0.0012 0.0006 0.0013 0.0009 0.0006 0.9925 
      SAND20  4 0.0045 0.0008 0.0008 0.0012 0.0005 0.0216 0.0009 0.0016 0.9680 
      SAND21  4 0.0030 0.0009 0.0009 0.0013 0.0007 0.0015 0.0008 0.0010 0.9899 
      SAND22  4 0.0051 0.0006 0.0007 0.0011 0.0005 0.0034 0.0010 0.0008 0.9867 
      SAND23  4 0.0023 0.0006 0.0008 0.0014 0.0009 0.0010 0.0010 0.0007 0.9913 
      SAND24  4 0.9825 0.0010 0.0014 0.0032 0.0031 0.0017 0.0020 0.0009 0.0043 
      SAND25  4 0.0026 0.0017 0.0075 0.0076 0.0010 0.0225 0.0015 0.0014 0.9541 
      SAND26  4 0.0017 0.0007 0.0007 0.0011 0.0008 0.0030 0.0009 0.0007 0.9903 
      SAND27  4 0.0080 0.0009 0.0017 0.0028 0.0010 0.2624 0.0026 0.0027 0.7180 
      SAND28  4 0.0023 0.0006 0.0007 0.0013 0.0008 0.0017 0.0010 0.0010 0.9906 
      SAND29  4 0.0020 0.0005 0.0007 0.0012 0.0006 0.0013 0.0009 0.0008 0.9920 
      SAND30  4 0.0108 0.0006 0.0014 0.0017 0.0006 0.0053 0.0020 0.0009 0.9768 
      SAND31  4 0.0018 0.0007 0.0012 0.0016 0.0005 0.0040 0.0011 0.0018 0.9872 
      SAND32  4 0.0016 0.0006 0.0009 0.0017 0.0010 0.0166 0.0009 0.0008 0.9759 
      SAND33  4 0.0023 0.0033 0.0018 0.0018 0.0016 0.0027 0.0021 0.0025 0.9820 
      SAND34  4 0.0019 0.0005 0.0010 0.0014 0.0006 0.0019 0.0010 0.0007 0.9911 
      SAND35  4 0.0012 0.0008 0.0006 0.0010 0.0006 0.0012 0.0009 0.0008 0.9929 
      SAND36  4 0.0042 0.0006 0.0010 0.0014 0.0008 0.0014 0.0009 0.0008 0.9890 
      SAND37  4 0.0158 0.0006 0.0009 0.0015 0.0007 0.0042 0.0010 0.0008 0.9744 
      SAND38  4 0.0032 0.0012 0.0011 0.0021 0.0008 0.0036 0.0010 0.0015 0.9856 
      SAND39  4 0.0029 0.0005 0.0007 0.0018 0.0009 0.0197 0.0011 0.0008 0.9716 
      SAND40  4 0.0025 0.0010 0.0024 0.0031 0.0018 0.0027 0.0023 0.0025 0.9817 
      SAND41  4 0.0022 0.0007 0.0008 0.0013 0.0006 0.0020 0.0010 0.0008 0.9906 
      SAND42  4 0.0054 0.0022 0.0027 0.0030 0.0019 0.0029 0.0020 0.0024 0.9775 
      SAND43  4 0.2087 0.0024 0.0021 0.0026 0.0017 0.0091 0.0025 0.0020 0.7689 
      SAND44  4 0.0017 0.0007 0.0007 0.0012 0.0006 0.0016 0.0009 0.0016 0.9912 
       Hon01  5 0.0009 0.0015 0.0018 0.0022 0.0012 0.9881 0.0013 0.0016 0.0014 
       Hon02  5 0.0046 0.0006 0.0008 0.0021 0.0012 0.9788 0.0036 0.0010 0.0074 
       Hon03  5 0.0030 0.0074 0.0011 0.0048 0.0111 0.8447 0.1047 0.0046 0.0187 
       Hon04  5 0.0015 0.0012 0.0014 0.0023 0.0008 0.9868 0.0027 0.0012 0.0020 
       Hon05  5 0.0017 0.0007 0.0010 0.0020 0.0014 0.9883 0.0014 0.0016 0.0019 
       Hon06  5 0.0009 0.0013 0.0016 0.0017 0.0006 0.9901 0.0008 0.0011 0.0018 
       Hon07  5 0.0013 0.0010 0.0007 0.0018 0.0011 0.9890 0.0018 0.0016 0.0017 
       Hon08  5 0.0015 0.0009 0.0010 0.0022 0.0008 0.9877 0.0028 0.0008 0.0024 
       Hon09  5 0.0057 0.0009 0.0008 0.0015 0.0012 0.9151 0.0035 0.0018 0.0694 
       Hon10  5 0.0016 0.0056 0.0021 0.0020 0.0028 0.9613 0.0028 0.0200 0.0019 
       Hon11  5 0.0063 0.0052 0.0061 0.0447 0.0016 0.9287 0.0019 0.0024 0.0030 
       Hon12  5 0.0038 0.0015 0.0008 0.0015 0.0015 0.9680 0.0071 0.0033 0.0126 
       Hon13  5 0.0017 0.0008 0.0009 0.0023 0.0015 0.9883 0.0015 0.0014 0.0016 
       Hon14  5 0.0013 0.0008 0.0011 0.0031 0.0129 0.9614 0.0161 0.0019 0.0015 
       Hon15  5 0.0009 0.0017 0.0022 0.0020 0.0009 0.9861 0.0034 0.0011 0.0018 
       Hon16  5 0.0014 0.0009 0.0010 0.0020 0.0007 0.9880 0.0027 0.0008 0.0024 
       Hon17  5 0.0012 0.0007 0.0013 0.0021 0.0006 0.9899 0.0011 0.0012 0.0018 
       Hon18  5 0.0277 0.0008 0.0015 0.0020 0.0007 0.9288 0.0026 0.0011 0.0348 
       Hon19  5 0.0018 0.0010 0.0087 0.0021 0.0008 0.9763 0.0018 0.0057 0.0018 
       Hon20  5 0.0015 0.0033 0.0014 0.0074 0.0008 0.9804 0.0017 0.0020 0.0015 
      ERIN01  6 0.0007 0.0008 0.0007 0.0013 0.0008 0.0008 0.0010 0.9929 0.0010 
      ERIN02  6 0.0007 0.0008 0.0007 0.0013 0.0008 0.0008 0.0010 0.9930 0.0010 
      ERIN03  6 0.0007 0.0008 0.0007 0.0013 0.0008 0.0008 0.0010 0.9929 0.0010 
      ERIN04  6 0.0007 0.0008 0.0007 0.0013 0.0008 0.0008 0.0010 0.9929 0.0010 
      ERIN05  6 0.0007 0.0008 0.0007 0.0013 0.0008 0.0008 0.0011 0.9929 0.0010 
      ERIN06  6 0.0007 0.0008 0.0007 0.0013 0.0008 0.0008 0.0010 0.9929 0.0010 
      ERIN07  6 0.0007 0.0008 0.0007 0.0013 0.0008 0.0008 0.0010 0.9929 0.0010 
      ERIN08  6 0.0007 0.0008 0.0007 0.0013 0.0008 0.0007 0.0011 0.9929 0.0010 
      ERIN09  6 0.0007 0.0008 0.0007 0.0013 0.0008 0.0008 0.0011 0.9929 0.0010 
      ERIN10  6 0.0007 0.0008 0.0007 0.0013 0.0008 0.0008 0.0010 0.9930 0.0010 
      ERIN11  6 0.0008 0.0009 0.0019 0.0090 0.0010 0.0059 0.0011 0.9785 0.0010 
      ERIN12  6 0.0007 0.0008 0.0007 0.0013 0.0008 0.0007 0.0010 0.9929 0.0010 
      ERIN13  6 0.0007 0.0008 0.0007 0.0013 0.0008 0.0008 0.0010 0.9930 0.0010 
      ERIN14  6 0.0007 0.0008 0.0007 0.0013 0.0008 0.0008 0.0010 0.9929 0.0010 
      ERIN15  6 0.0007 0.0008 0.0007 0.0013 0.0008 0.0008 0.0010 0.9930 0.0010 
      ERIN16  6 0.0007 0.0008 0.0007 0.0014 0.0008 0.0008 0.0011 0.9928 0.0010 
      ERIN17  6 0.0007 0.0008 0.0007 0.0013 0.0008 0.0008 0.0010 0.9929 0.0010 
      ERIN18  6 0.0007 0.0008 0.0007 0.0013 0.0008 0.0008 0.0010 0.9929 0.0010 
      ERIN19  6 0.0007 0.0008 0.0007 0.0013 0.0008 0.0007 0.0010 0.9930 0.0010 
      ERIN20  6 0.0007 0.0008 0.0007 0.0013 0.0008 0.0008 0.0011 0.9929 0.0010 
      ERIN21  6 0.0007 0.0051 0.0008 0.0014 0.0042 0.0012 0.0016 0.9840 0.0010 
      ERIN22  6 0.0007 0.0008 0.0007 0.0013 0.0008 0.0008 0.0011 0.9929 0.0010 
      ERIN23  6 0.0007 0.0008 0.0007 0.0013 0.0008 0.0008 0.0010 0.9929 0.0010 
      ERIN24  6 0.0007 0.0008 0.0007 0.0013 0.0008 0.0008 0.0011 0.9930 0.0010 
      ERIN25  6 0.0007 0.0047 0.0009 0.0014 0.0049 0.0011 0.0015 0.9839 0.0010 
      ERIN26  6 0.0007 0.0008 0.0007 0.0013 0.0008 0.0008 0.0010 0.9929 0.0010 
      ERIN27  6 0.0007 0.0008 0.0006 0.0013 0.0008 0.0008 0.0010 0.9930 0.0010 
      ERIN28  6 0.0007 0.0008 0.0007 0.0013 0.0008 0.0008 0.0011 0.9929 0.0010 
      ERIN29  6 0.0007 0.0008 0.0007 0.0013 0.0008 0.0008 0.0010 0.9929 0.0010 
      ERIN30  6 0.0007 0.0008 0.0007 0.0013 0.0008 0.0008 0.0010 0.9928 0.0010 
      ERIN31  6 0.0007 0.0008 0.0007 0.0013 0.0008 0.0008 0.0010 0.9929 0.0010 
      ERIN32  6 0.0007 0.0008 0.0007 0.0013 0.0008 0.0008 0.0010 0.9930 0.0010 
      ERIN33  6 0.0007 0.0009 0.0007 0.0013 0.0008 0.0008 0.0010 0.9929 0.0010 
      ERIN34  6 0.0007 0.0008 0.0007 0.0013 0.0008 0.0008 0.0010 0.9930 0.0010 
      ERIN35  6 0.0007 0.0008 0.0007 0.0013 0.0008 0.0008 0.0011 0.9929 0.0010 
      ERIN38  6 0.0007 0.0008 0.0007 0.0013 0.0008 0.0008 0.0010 0.9929 0.0010 
      ERIN39  6 0.0007 0.0009 0.0007 0.0013 0.0008 0.0007 0.0010 0.9929 0.0010 
      ERIN40  6 0.0007 0.0008 0.0007 0.0013 0.0008 0.0008 0.0010 0.9929 0.0009 
      ERIN41  6 0.0007 0.0008 0.0007 0.0013 0.0008 0.0008 0.0010 0.9929 0.0010 
      ERIN42  6 0.0007 0.0008 0.0007 0.0013 0.0008 0.0008 0.0010 0.9929 0.0010 
      ERIN43  6 0.0007 0.0008 0.0007 0.0013 0.0008 0.0008 0.0010 0.9929 0.0010 
      ERIN44  6 0.0007 0.0009 0.0007 0.0013 0.0008 0.0008 0.0011 0.9929 0.0010 
      ERIN45  6 0.0007 0.0009 0.0007 0.0013 0.0008 0.0008 0.0010 0.9928 0.0010 
      ERIN46  6 0.0007 0.0008 0.0007 0.0013 0.0008 0.0008 0.0011 0.9929 0.0010 
      ERIN47  6 0.0007 0.0008 0.0007 0.0013 0.0008 0.0008 0.0010 0.9929 0.0009 
       FDS01  6 0.0007 0.0008 0.0007 0.0013 0.0008 0.0008 0.0010 0.9929 0.0010 
       FDS02  6 0.0007 0.0008 0.0007 0.0013 0.0008 0.0008 0.0010 0.9930 0.0010 
       FDS03  6 0.0007 0.0008 0.0007 0.0015 0.0008 0.0008 0.0011 0.9927 0.0010 
       FDS04  6 0.0007 0.0008 0.0007 0.0013 0.0008 0.0008 0.0011 0.9929 0.0010 
       FDS05  6 0.0007 0.0009 0.0007 0.0013 0.0008 0.0008 0.0011 0.9929 0.0010 
       FDS06  6 0.0007 0.0008 0.0007 0.0013 0.0008 0.0008 0.0011 0.9929 0.0009 
       FDS07  6 0.0007 0.0008 0.0007 0.0013 0.0008 0.0007 0.0010 0.9930 0.0010 
