        TC01  1 0.0037 0.9241 0.0006 0.0017 0.0042 0.0171 0.0041 0.0048 0.0080 0.0017 0.0052 0.0089 0.0083 0.0043 0.0018 0.0015 
        TC02  1 0.0010 0.9426 0.0007 0.0016 0.0033 0.0021 0.0061 0.0067 0.0032 0.0050 0.0041 0.0093 0.0035 0.0050 0.0025 0.0034 
        TC03  1 0.0015 0.9483 0.0007 0.0017 0.0017 0.0016 0.0032 0.0078 0.0015 0.0036 0.0105 0.0042 0.0051 0.0043 0.0027 0.0015 
        TC04  1 0.0200 0.7967 0.0011 0.0013 0.0032 0.0012 0.0536 0.0607 0.0020 0.0042 0.0085 0.0106 0.0185 0.0052 0.0021 0.0108 
        TC05  1 0.0012 0.9491 0.0006 0.0008 0.0018 0.0011 0.0158 0.0064 0.0010 0.0038 0.0036 0.0029 0.0020 0.0048 0.0025 0.0027 
        TC06  1 0.0011 0.8277 0.0011 0.0010 0.0019 0.0017 0.0064 0.1234 0.0012 0.0043 0.0036 0.0076 0.0041 0.0040 0.0019 0.0089 
        TC07  1 0.0017 0.9344 0.0005 0.0007 0.0034 0.0009 0.0080 0.0068 0.0052 0.0025 0.0044 0.0035 0.0025 0.0189 0.0029 0.0038 
        TC08  1 0.0009 0.9533 0.0007 0.0010 0.0022 0.0016 0.0051 0.0114 0.0014 0.0023 0.0020 0.0030 0.0018 0.0058 0.0042 0.0032 
        TC09  1 0.0010 0.8092 0.0007 0.0006 0.0019 0.0011 0.0046 0.1159 0.0011 0.0025 0.0125 0.0390 0.0027 0.0044 0.0016 0.0012 
        TC10  1 0.0022 0.8959 0.0007 0.0044 0.0010 0.0013 0.0022 0.0073 0.0044 0.0032 0.0460 0.0177 0.0021 0.0048 0.0016 0.0052 
        TC11  1 0.0008 0.9680 0.0006 0.0013 0.0010 0.0011 0.0031 0.0040 0.0036 0.0012 0.0030 0.0027 0.0028 0.0025 0.0021 0.0021 
        TC12  1 0.0072 0.8871 0.0008 0.0033 0.0120 0.0072 0.0080 0.0173 0.0034 0.0019 0.0131 0.0078 0.0112 0.0045 0.0035 0.0118 
        TC13  1 0.0009 0.9626 0.0008 0.0012 0.0014 0.0009 0.0024 0.0094 0.0012 0.0023 0.0021 0.0048 0.0020 0.0038 0.0017 0.0023 
        TC14  1 0.0020 0.8301 0.0020 0.0019 0.0023 0.0025 0.0046 0.0586 0.0023 0.0180 0.0046 0.0494 0.0079 0.0053 0.0068 0.0018 
        TC15  1 0.0015 0.8530 0.0023 0.0021 0.0023 0.0010 0.0049 0.0785 0.0010 0.0137 0.0059 0.0169 0.0038 0.0088 0.0022 0.0020 
        TC16  1 0.0213 0.7499 0.0022 0.0009 0.0036 0.0026 0.0071 0.1166 0.0013 0.0029 0.0051 0.0643 0.0052 0.0070 0.0073 0.0024 
        TC17  1 0.0009 0.6892 0.0016 0.0019 0.0062 0.0054 0.0669 0.0153 0.0030 0.0028 0.0061 0.1607 0.0073 0.0223 0.0071 0.0031 
        TC18  1 0.0010 0.8905 0.0013 0.0063 0.0033 0.0035 0.0195 0.0113 0.0027 0.0018 0.0098 0.0035 0.0325 0.0029 0.0053 0.0050 
        TC19  1 0.0010 0.9521 0.0011 0.0012 0.0017 0.0016 0.0021 0.0082 0.0013 0.0015 0.0028 0.0153 0.0019 0.0021 0.0018 0.0043 
        TC20  1 0.0010 0.9503 0.0007 0.0008 0.0015 0.0029 0.0032 0.0096 0.0013 0.0021 0.0025 0.0072 0.0078 0.0036 0.0023 0.0031 
        TC21  1 0.0028 0.7506 0.0076 0.0014 0.1407 0.0018 0.0173 0.0221 0.0051 0.0020 0.0090 0.0027 0.0223 0.0040 0.0084 0.0023 
        TC22  1 0.0011 0.9073 0.0158 0.0089 0.0045 0.0038 0.0031 0.0170 0.0023 0.0119 0.0037 0.0021 0.0025 0.0073 0.0021 0.0066 
        TC23  1 0.0049 0.9534 0.0006 0.0012 0.0013 0.0016 0.0023 0.0072 0.0033 0.0035 0.0051 0.0048 0.0031 0.0038 0.0024 0.0014 
        TC24  1 0.0007 0.9702 0.0005 0.0006 0.0009 0.0010 0.0030 0.0051 0.0008 0.0012 0.0037 0.0038 0.0014 0.0020 0.0035 0.0014 
        TC25  1 0.0056 0.7934 0.0045 0.0009 0.0026 0.0022 0.0036 0.1084 0.0143 0.0045 0.0118 0.0052 0.0334 0.0036 0.0036 0.0024 
        TC26  1 0.0026 0.9298 0.0006 0.0007 0.0020 0.0014 0.0046 0.0166 0.0010 0.0059 0.0031 0.0191 0.0021 0.0060 0.0026 0.0018 
        TC27  1 0.0009 0.9048 0.0005 0.0328 0.0028 0.0011 0.0164 0.0159 0.0012 0.0026 0.0040 0.0030 0.0030 0.0050 0.0041 0.0018 
        TC28  1 0.0126 0.9041 0.0009 0.0011 0.0019 0.0012 0.0082 0.0230 0.0018 0.0024 0.0070 0.0075 0.0044 0.0037 0.0029 0.0173 
        TC29  1 0.0017 0.8842 0.0009 0.0007 0.0046 0.0018 0.0218 0.0333 0.0032 0.0020 0.0079 0.0202 0.0080 0.0037 0.0048 0.0015 
        TC30  1 0.0007 0.9473 0.0014 0.0011 0.0018 0.0020 0.0038 0.0140 0.0013 0.0018 0.0047 0.0104 0.0022 0.0027 0.0023 0.0025 
        TC31  1 0.0010 0.9121 0.0046 0.0027 0.0034 0.0056 0.0035 0.0065 0.0137 0.0019 0.0056 0.0032 0.0175 0.0045 0.0045 0.0098 
        TC32  1 0.0028 0.7977 0.0081 0.0008 0.0027 0.0012 0.0103 0.1139 0.0017 0.0032 0.0033 0.0057 0.0032 0.0055 0.0024 0.0377 
        TC33  1 0.0017 0.9507 0.0008 0.0013 0.0016 0.0017 0.0040 0.0070 0.0050 0.0028 0.0048 0.0031 0.0031 0.0056 0.0052 0.0016 
        TC34  1 0.0013 0.8797 0.0006 0.0029 0.0021 0.0039 0.0042 0.0675 0.0014 0.0020 0.0037 0.0072 0.0026 0.0110 0.0071 0.0026 
        TC35  1 0.0006 0.8906 0.0009 0.0047 0.0023 0.0040 0.0063 0.0126 0.0084 0.0015 0.0030 0.0252 0.0084 0.0065 0.0027 0.0224 
        TC36  1 0.0023 0.9469 0.0013 0.0014 0.0027 0.0012 0.0072 0.0079 0.0015 0.0021 0.0084 0.0059 0.0026 0.0040 0.0024 0.0021 
        TC37  1 0.0010 0.9543 0.0012 0.0010 0.0018 0.0015 0.0035 0.0032 0.0016 0.0025 0.0035 0.0050 0.0031 0.0073 0.0040 0.0056 
        TC38  1 0.0034 0.8192 0.0005 0.0007 0.0028 0.0014 0.0058 0.0645 0.0032 0.0020 0.0057 0.0562 0.0280 0.0025 0.0023 0.0018 
        TC39  1 0.0007 0.8082 0.0005 0.0008 0.0019 0.0014 0.0032 0.0451 0.0015 0.0034 0.0054 0.1110 0.0043 0.0066 0.0025 0.0034 
        TC40  1 0.0016 0.8872 0.0012 0.0015 0.0020 0.0021 0.0043 0.0445 0.0014 0.0028 0.0132 0.0092 0.0032 0.0053 0.0132 0.0074 
        TC41  1 0.0011 0.9422 0.0092 0.0008 0.0014 0.0054 0.0071 0.0046 0.0013 0.0019 0.0032 0.0031 0.0025 0.0096 0.0029 0.0035 
        TC42  1 0.0008 0.9534 0.0006 0.0009 0.0017 0.0019 0.0037 0.0165 0.0009 0.0027 0.0042 0.0054 0.0017 0.0026 0.0018 0.0012 
        TC43  1 0.0015 0.9534 0.0009 0.0012 0.0015 0.0010 0.0028 0.0129 0.0011 0.0029 0.0034 0.0045 0.0035 0.0036 0.0023 0.0035 
        TC44  1 0.0010 0.8668 0.0005 0.0041 0.0029 0.0024 0.0038 0.0425 0.0037 0.0026 0.0058 0.0454 0.0027 0.0113 0.0021 0.0024 
        TC45  1 0.0007 0.9458 0.0005 0.0005 0.0023 0.0016 0.0026 0.0033 0.0014 0.0064 0.0031 0.0088 0.0128 0.0055 0.0014 0.0034 
        TC46  1 0.0034 0.9371 0.0007 0.0025 0.0028 0.0025 0.0058 0.0054 0.0012 0.0025 0.0072 0.0051 0.0074 0.0042 0.0030 0.0093 
        TC47  1 0.0030 0.9299 0.0010 0.0042 0.0014 0.0018 0.0037 0.0215 0.0017 0.0018 0.0033 0.0125 0.0030 0.0052 0.0026 0.0035 
        TC48  1 0.0020 0.8959 0.0033 0.0017 0.0054 0.0059 0.0080 0.0089 0.0014 0.0097 0.0040 0.0084 0.0106 0.0075 0.0248 0.0025 
        TC49  1 0.0016 0.9482 0.0008 0.0009 0.0048 0.0022 0.0052 0.0052 0.0022 0.0029 0.0021 0.0036 0.0031 0.0049 0.0031 0.0092 
        TC50  1 0.0007 0.9262 0.0014 0.0046 0.0017 0.0030 0.0052 0.0071 0.0019 0.0179 0.0053 0.0042 0.0052 0.0059 0.0048 0.0049 
        TC51  1 0.0010 0.8830 0.0008 0.0014 0.0063 0.0019 0.0036 0.0723 0.0047 0.0027 0.0049 0.0033 0.0038 0.0053 0.0022 0.0028 
        TC52  1 0.0343 0.9040 0.0005 0.0006 0.0019 0.0012 0.0029 0.0092 0.0009 0.0028 0.0247 0.0031 0.0069 0.0029 0.0026 0.0016 
        TC53  1 0.0007 0.9352 0.0009 0.0038 0.0104 0.0061 0.0041 0.0134 0.0008 0.0025 0.0026 0.0103 0.0017 0.0036 0.0020 0.0018 
        TC54  1 0.0007 0.8887 0.0008 0.0022 0.0026 0.0020 0.0104 0.0253 0.0019 0.0106 0.0070 0.0063 0.0041 0.0129 0.0228 0.0017 
        TC55  1 0.0015 0.8896 0.0088 0.0013 0.0028 0.0012 0.0070 0.0173 0.0014 0.0223 0.0109 0.0178 0.0044 0.0068 0.0035 0.0033 
        TC56  1 0.0010 0.9048 0.0009 0.0024 0.0030 0.0026 0.0049 0.0107 0.0032 0.0100 0.0055 0.0081 0.0172 0.0041 0.0137 0.0078 
        TC57  1 0.0009 0.9199 0.0012 0.0055 0.0029 0.0030 0.0120 0.0055 0.0017 0.0043 0.0050 0.0184 0.0027 0.0049 0.0044 0.0077 
        TC58  1 0.0018 0.9326 0.0006 0.0014 0.0015 0.0019 0.0043 0.0070 0.0110 0.0050 0.0035 0.0096 0.0026 0.0130 0.0018 0.0024 
        TC59  1 0.0014 0.9621 0.0005 0.0012 0.0014 0.0013 0.0050 0.0089 0.0015 0.0014 0.0026 0.0033 0.0016 0.0033 0.0023 0.0019 
        TA01  2 0.0006 0.9264 0.0010 0.0014 0.0015 0.0014 0.0048 0.0172 0.0017 0.0055 0.0024 0.0238 0.0020 0.0068 0.0023 0.0015 
        TA02  2 0.0019 0.9433 0.0007 0.0008 0.0015 0.0010 0.0095 0.0057 0.0010 0.0015 0.0064 0.0093 0.0025 0.0044 0.0072 0.0030 
        TA03  2 0.0009 0.8955 0.0008 0.0095 0.0020 0.0019 0.0043 0.0103 0.0017 0.0036 0.0043 0.0417 0.0027 0.0092 0.0043 0.0074 
        TA04  2 0.0013 0.5466 0.0009 0.0020 0.0015 0.0014 0.0029 0.3427 0.0011 0.0027 0.0039 0.0759 0.0021 0.0067 0.0020 0.0063 
        TA05  2 0.0015 0.9573 0.0008 0.0014 0.0025 0.0013 0.0035 0.0059 0.0016 0.0030 0.0032 0.0046 0.0036 0.0037 0.0033 0.0028 
        TA06  2 0.0008 0.9423 0.0009 0.0008 0.0009 0.0018 0.0018 0.0209 0.0018 0.0035 0.0033 0.0101 0.0019 0.0059 0.0017 0.0017 
        TA07  2 0.0015 0.6751 0.0007 0.0012 0.0066 0.0027 0.0227 0.0064 0.0040 0.0033 0.0068 0.2519 0.0029 0.0044 0.0066 0.0032 
        TA08  2 0.0006 0.8949 0.0005 0.0306 0.0013 0.0009 0.0020 0.0332 0.0011 0.0050 0.0028 0.0158 0.0040 0.0026 0.0023 0.0022 
        TA09  2 0.0031 0.9476 0.0005 0.0011 0.0014 0.0012 0.0026 0.0112 0.0011 0.0015 0.0041 0.0163 0.0016 0.0029 0.0022 0.0017 
        TA10  2 0.0013 0.8825 0.0005 0.0010 0.0029 0.0057 0.0098 0.0096 0.0503 0.0041 0.0033 0.0131 0.0024 0.0072 0.0023 0.0038 
        TA11  2 0.0008 0.7747 0.0006 0.0044 0.0033 0.0208 0.0027 0.0170 0.0358 0.0054 0.0033 0.0752 0.0057 0.0330 0.0032 0.0141 
        TA12  2 0.0010 0.8572 0.0007 0.0008 0.0024 0.0296 0.0083 0.0052 0.0038 0.0149 0.0020 0.0136 0.0020 0.0524 0.0028 0.0033 
        TA13  2 0.0013 0.7505 0.0008 0.0011 0.0258 0.0086 0.0250 0.0899 0.0095 0.0579 0.0057 0.0052 0.0029 0.0062 0.0049 0.0046 
        TA14  2 0.0007 0.9230 0.0005 0.0008 0.0012 0.0008 0.0025 0.0149 0.0008 0.0044 0.0083 0.0309 0.0015 0.0032 0.0035 0.0029 
        TA15  2 0.0006 0.9501 0.0007 0.0008 0.0024 0.0012 0.0024 0.0141 0.0014 0.0074 0.0030 0.0054 0.0015 0.0035 0.0024 0.0032 
        TA16  2 0.0016 0.8392 0.0006 0.0011 0.0017 0.0013 0.0258 0.0597 0.0214 0.0036 0.0043 0.0284 0.0021 0.0050 0.0021 0.0021 
        TA17  2 0.0016 0.9377 0.0008 0.0032 0.0019 0.0039 0.0073 0.0097 0.0013 0.0039 0.0030 0.0035 0.0020 0.0092 0.0045 0.0065 
        TA18  2 0.0040 0.8740 0.0198 0.0012 0.0015 0.0022 0.0026 0.0071 0.0065 0.0015 0.0022 0.0026 0.0018 0.0647 0.0022 0.0062 
        TA19  2 0.0030 0.8575 0.0041 0.0437 0.0035 0.0056 0.0038 0.0429 0.0039 0.0039 0.0034 0.0058 0.0023 0.0075 0.0029 0.0062 
        TA20  2 0.0006 0.8961 0.0007 0.0012 0.0018 0.0028 0.0351 0.0066 0.0013 0.0019 0.0028 0.0102 0.0029 0.0040 0.0286 0.0033 
        TA21  2 0.0017 0.8480 0.0006 0.0015 0.0029 0.0014 0.0082 0.0143 0.0019 0.0070 0.0037 0.0902 0.0033 0.0054 0.0059 0.0040 
        TA22  2 0.0010 0.9252 0.0008 0.0008 0.0009 0.0019 0.0039 0.0248 0.0009 0.0157 0.0022 0.0040 0.0021 0.0044 0.0074 0.0039 
        TA23  2 0.0010 0.9338 0.0007 0.0010 0.0011 0.0010 0.0028 0.0316 0.0012 0.0035 0.0022 0.0094 0.0019 0.0040 0.0025 0.0024 
        TA24  2 0.0008 0.9284 0.0005 0.0050 0.0020 0.0016 0.0233 0.0087 0.0012 0.0023 0.0060 0.0032 0.0022 0.0076 0.0023 0.0049 
        TA25  2 0.0009 0.7987 0.0005 0.0009 0.0026 0.0118 0.0100 0.0123 0.1356 0.0036 0.0029 0.0034 0.0021 0.0076 0.0015 0.0057 
        TA26  2 0.0007 0.8168 0.0009 0.0016 0.0017 0.0035 0.0039 0.0192 0.0034 0.0166 0.0025 0.1148 0.0056 0.0032 0.0033 0.0023 
        TA27  2 0.0007 0.9415 0.0008 0.0018 0.0023 0.0037 0.0106 0.0090 0.0016 0.0036 0.0046 0.0050 0.0017 0.0079 0.0032 0.0020 
        TA28  2 0.0026 0.8997 0.0013 0.0010 0.0026 0.0014 0.0089 0.0090 0.0011 0.0015 0.0115 0.0241 0.0072 0.0105 0.0091 0.0084 
        TA29  2 0.0013 0.9331 0.0009 0.0044 0.0016 0.0028 0.0040 0.0253 0.0016 0.0065 0.0028 0.0038 0.0022 0.0037 0.0022 0.0038 
        TA30  2 0.0017 0.6238 0.0016 0.0080 0.0051 0.0022 0.0040 0.0918 0.0019 0.0126 0.0042 0.2217 0.0036 0.0087 0.0073 0.0020 
      BERM01  3 0.0007 0.0016 0.0009 0.0007 0.0011 0.0008 0.0021 0.9752 0.0010 0.0022 0.0020 0.0035 0.0015 0.0031 0.0020 0.0016 
      BERM02  3 0.0008 0.0032 0.0014 0.0006 0.0013 0.0008 0.0023 0.9678 0.0010 0.0026 0.0020 0.0073 0.0021 0.0026 0.0019 0.0024 
      BERM03  3 0.0010 0.0015 0.0007 0.0011 0.0016 0.0013 0.0030 0.9721 0.0013 0.0023 0.0019 0.0040 0.0019 0.0028 0.0020 0.0016 
      BERM04  3 0.0009 0.0012 0.0005 0.0018 0.0012 0.0010 0.0019 0.9724 0.0016 0.0023 0.0022 0.0047 0.0022 0.0027 0.0018 0.0015 
      BERM05  3 0.0014 0.0011 0.0005 0.0012 0.0011 0.0024 0.0029 0.9635 0.0018 0.0051 0.0043 0.0030 0.0032 0.0044 0.0026 0.0015 
      BERM06  3 0.0015 0.0020 0.0007 0.0012 0.0011 0.0010 0.0026 0.9253 0.0009 0.0021 0.0031 0.0425 0.0026 0.0101 0.0016 0.0018 
      BERM07  3 0.0011 0.0029 0.0006 0.0014 0.0014 0.0013 0.0020 0.9678 0.0016 0.0021 0.0021 0.0065 0.0020 0.0029 0.0021 0.0021 
      BERM08  3 0.0006 0.0017 0.0005 0.0008 0.0008 0.0008 0.0019 0.9778 0.0010 0.0027 0.0018 0.0027 0.0022 0.0020 0.0012 0.0015 
      BERM09  3 0.0009 0.0063 0.0012 0.0007 0.0013 0.0012 0.0021 0.7885 0.0012 0.0012 0.0017 0.1850 0.0013 0.0046 0.0016 0.0012 
      BERM10  3 0.0012 0.0045 0.0008 0.0034 0.0037 0.0020 0.0063 0.9501 0.0011 0.0023 0.0023 0.0109 0.0038 0.0041 0.0019 0.0015 
      BERM11  3 0.0006 0.0026 0.0006 0.0009 0.0011 0.0008 0.0019 0.9280 0.0015 0.0023 0.0024 0.0466 0.0025 0.0030 0.0020 0.0031 
      BERM12  3 0.0018 0.0032 0.0007 0.0009 0.0010 0.0173 0.0018 0.8995 0.0019 0.0013 0.0140 0.0130 0.0339 0.0060 0.0021 0.0018 
      BERM13  3 0.0159 0.0023 0.0006 0.0010 0.0011 0.0010 0.0028 0.9556 0.0012 0.0016 0.0022 0.0034 0.0016 0.0049 0.0018 0.0029 
      BERM14  3 0.0007 0.0037 0.0005 0.0010 0.0012 0.0020 0.0021 0.9356 0.0017 0.0017 0.0048 0.0366 0.0018 0.0036 0.0016 0.0012 
      CROC01  3 0.0010 0.0022 0.0041 0.0035 0.0034 0.0054 0.0048 0.9063 0.0019 0.0032 0.0183 0.0042 0.0030 0.0149 0.0208 0.0031 
      CROC02  3 0.0314 0.0027 0.0006 0.0008 0.0018 0.0015 0.0070 0.8307 0.0022 0.0058 0.0045 0.0382 0.0048 0.0625 0.0033 0.0021 
      CROC03  3 0.0011 0.0025 0.0006 0.0020 0.0014 0.0016 0.0034 0.8356 0.0016 0.0034 0.0058 0.1218 0.0082 0.0034 0.0032 0.0043 
      CROC04  3 0.0006 0.1086 0.0005 0.0009 0.0015 0.0021 0.0155 0.8343 0.0013 0.0018 0.0115 0.0025 0.0016 0.0143 0.0019 0.0012 
      CROC05  3 0.0010 0.0013 0.0007 0.0007 0.0014 0.0010 0.0046 0.9608 0.0020 0.0023 0.0038 0.0126 0.0020 0.0026 0.0018 0.0014 
      CROC06  3 0.0013 0.0067 0.0006 0.0011 0.0016 0.0016 0.0083 0.8509 0.0096 0.0051 0.0138 0.0085 0.0039 0.0805 0.0047 0.0017 
      CROC07  3 0.0007 0.0031 0.0005 0.0011 0.0014 0.0016 0.0023 0.9532 0.0011 0.0021 0.0032 0.0105 0.0021 0.0127 0.0019 0.0024 
      CROC08  3 0.0007 0.0022 0.0012 0.0015 0.0025 0.0040 0.0058 0.9278 0.0032 0.0071 0.0042 0.0044 0.0059 0.0030 0.0249 0.0017 
      CROC09  3 0.0007 0.0013 0.0013 0.0006 0.0026 0.0009 0.0029 0.9388 0.0010 0.0028 0.0075 0.0237 0.0038 0.0020 0.0079 0.0021 
      CROC10  3 0.0007 0.0015 0.0016 0.0007 0.0015 0.0009 0.0021 0.9700 0.0021 0.0039 0.0024 0.0040 0.0025 0.0030 0.0014 0.0018 
      CROC11  3 0.0007 0.0013 0.0011 0.0007 0.0025 0.0009 0.0028 0.9406 0.0010 0.0029 0.0075 0.0221 0.0038 0.0020 0.0079 0.0021 
     CROC110  3 0.0019 0.0046 0.0012 0.0013 0.0334 0.0014 0.0124 0.8948 0.0011 0.0014 0.0051 0.0305 0.0018 0.0029 0.0043 0.0019 
     CROC116  3 0.0010 0.0072 0.0013 0.0013 0.0022 0.0024 0.0076 0.8669 0.0013 0.0179 0.0379 0.0196 0.0067 0.0201 0.0036 0.0029 
      CROC12  3 0.0014 0.0021 0.0008 0.0007 0.0019 0.0009 0.0037 0.9700 0.0010 0.0018 0.0019 0.0030 0.0019 0.0033 0.0019 0.0035 
     CROC123  3 0.0006 0.0019 0.0007 0.0006 0.0011 0.0007 0.0021 0.9728 0.0007 0.0019 0.0027 0.0070 0.0021 0.0018 0.0014 0.0018 
      CROC13  3 0.0008 0.0015 0.0004 0.0012 0.0012 0.0016 0.0022 0.9548 0.0017 0.0078 0.0025 0.0097 0.0086 0.0027 0.0019 0.0013 
      CROC14  3 0.0006 0.0036 0.0004 0.0006 0.0050 0.0007 0.0103 0.8583 0.0756 0.0021 0.0029 0.0270 0.0029 0.0053 0.0034 0.0012 
      CROC15  3 0.0225 0.0031 0.0009 0.0012 0.0075 0.0011 0.0077 0.8347 0.0046 0.0023 0.0851 0.0030 0.0059 0.0027 0.0159 0.0018 
      CROC16  3 0.0014 0.0013 0.0008 0.0009 0.0032 0.0013 0.0048 0.8923 0.0014 0.0151 0.0188 0.0127 0.0268 0.0109 0.0061 0.0023 
      CROC17  3 0.0006 0.0663 0.0006 0.0007 0.0009 0.0007 0.0177 0.8969 0.0009 0.0015 0.0017 0.0026 0.0021 0.0021 0.0014 0.0032 
      CROC18  3 0.0058 0.0031 0.0011 0.0011 0.0019 0.0039 0.0029 0.9238 0.0010 0.0034 0.0027 0.0045 0.0128 0.0221 0.0023 0.0076 
      CROC19  3 0.0013 0.0055 0.0008 0.0035 0.0037 0.0023 0.0116 0.9415 0.0020 0.0019 0.0049 0.0039 0.0028 0.0084 0.0029 0.0028 
     CROC198  3 0.0006 0.0015 0.0005 0.0020 0.0017 0.0035 0.0028 0.9499 0.0017 0.0025 0.0021 0.0209 0.0021 0.0049 0.0021 0.0012 
      CROC20  3 0.0017 0.0016 0.0005 0.0013 0.0035 0.0013 0.0053 0.9212 0.0017 0.0039 0.0056 0.0097 0.0051 0.0226 0.0058 0.0090 
     CROC202  3 0.0011 0.0021 0.0006 0.0017 0.0013 0.0040 0.0024 0.9474 0.0021 0.0047 0.0036 0.0063 0.0147 0.0046 0.0020 0.0016 
      CROC21  3 0.0018 0.0031 0.0008 0.0009 0.0031 0.0011 0.0026 0.9651 0.0014 0.0036 0.0022 0.0046 0.0029 0.0027 0.0021 0.0019 
     CROC216  3 0.0078 0.0127 0.0029 0.0010 0.0036 0.0014 0.0079 0.9076 0.0014 0.0020 0.0174 0.0109 0.0039 0.0131 0.0049 0.0016 
      CROC22  3 0.0013 0.0036 0.0018 0.0007 0.0050 0.0684 0.0098 0.8016 0.0015 0.0029 0.0026 0.0905 0.0034 0.0023 0.0016 0.0030 
      CROC23  3 0.0008 0.0091 0.0019 0.0009 0.0017 0.0011 0.0030 0.9477 0.0011 0.0168 0.0022 0.0043 0.0026 0.0024 0.0022 0.0025 
      CROC24  3 0.0009 0.0023 0.0005 0.0008 0.0014 0.0013 0.0033 0.9338 0.0012 0.0026 0.0039 0.0335 0.0072 0.0027 0.0029 0.0017 
      CROC25  3 0.0010 0.0019 0.0012 0.0009 0.0011 0.0010 0.0022 0.9669 0.0015 0.0015 0.0036 0.0082 0.0018 0.0033 0.0021 0.0019 
     CROC259  3 0.0007 0.0233 0.0005 0.0013 0.0011 0.0012 0.0049 0.9328 0.0121 0.0034 0.0030 0.0050 0.0032 0.0035 0.0021 0.0020 
      CROC26  3 0.0010 0.0921 0.0008 0.0019 0.0010 0.0022 0.0026 0.8749 0.0021 0.0030 0.0033 0.0045 0.0027 0.0036 0.0030 0.0013 
      CROC27  3 0.0008 0.0084 0.0008 0.0014 0.0017 0.0021 0.0056 0.8106 0.0015 0.0023 0.0089 0.1312 0.0027 0.0102 0.0101 0.0017 
      CROC28  3 0.0006 0.0185 0.0006 0.0007 0.0013 0.0010 0.0033 0.7777 0.0013 0.0016 0.0036 0.1816 0.0019 0.0029 0.0022 0.0011 
      CROC29  3 0.0007 0.0024 0.0008 0.0009 0.0024 0.0015 0.0037 0.9538 0.0012 0.0031 0.0069 0.0104 0.0025 0.0031 0.0049 0.0018 
      CROC30  3 0.0218 0.0033 0.0008 0.0009 0.0030 0.0012 0.0128 0.8547 0.0015 0.0022 0.0071 0.0046 0.0045 0.0728 0.0054 0.0034 
      CROC31  3 0.0007 0.0167 0.0010 0.0008 0.0047 0.0012 0.0077 0.8622 0.0015 0.0125 0.0061 0.0505 0.0025 0.0264 0.0034 0.0020 
      CROC32  3 0.0009 0.0018 0.0004 0.0008 0.0018 0.0018 0.0031 0.9565 0.0015 0.0020 0.0020 0.0171 0.0019 0.0056 0.0016 0.0012 
      CROC33  3 0.0006 0.0072 0.0007 0.0013 0.0026 0.0012 0.0116 0.9007 0.0007 0.0016 0.0115 0.0112 0.0038 0.0050 0.0387 0.0017 
      CROC34  3 0.0020 0.0024 0.0006 0.0018 0.0010 0.0014 0.0035 0.9622 0.0021 0.0019 0.0028 0.0030 0.0025 0.0064 0.0033 0.0031 
      CROC35  3 0.0005 0.0120 0.0007 0.0005 0.0020 0.0007 0.0453 0.9128 0.0011 0.0012 0.0016 0.0142 0.0023 0.0023 0.0015 0.0012 
      CROC36  3 0.0007 0.0012 0.0012 0.0007 0.0011 0.0009 0.0019 0.9742 0.0013 0.0037 0.0027 0.0036 0.0021 0.0020 0.0015 0.0013 
      CROC57  3 0.0009 0.0014 0.0005 0.0010 0.0014 0.0015 0.0027 0.9668 0.0038 0.0021 0.0031 0.0047 0.0022 0.0030 0.0028 0.0021 
      CROC81  3 0.0052 0.0017 0.0010 0.0009 0.0024 0.0020 0.0031 0.8996 0.0016 0.0045 0.0057 0.0100 0.0407 0.0085 0.0101 0.0030 
      CROC84  3 0.0005 0.0027 0.0004 0.0005 0.0009 0.0054 0.0014 0.9582 0.0010 0.0015 0.0064 0.0063 0.0083 0.0038 0.0014 0.0011 
        FW01  3 0.0012 0.0013 0.0005 0.0013 0.0017 0.0018 0.0024 0.0046 0.0015 0.0020 0.0027 0.9671 0.0036 0.0038 0.0026 0.0021 
        FW02  3 0.0007 0.0010 0.0007 0.0006 0.0010 0.0008 0.0016 0.9797 0.0010 0.0013 0.0018 0.0037 0.0013 0.0021 0.0013 0.0013 
        FW03  3 0.0007 0.0011 0.0005 0.0007 0.0009 0.0009 0.0016 0.0035 0.0009 0.0015 0.0025 0.9785 0.0019 0.0022 0.0015 0.0013 
        FW04  3 0.0006 0.0011 0.0007 0.0007 0.0010 0.0009 0.0016 0.9797 0.0010 0.0013 0.0018 0.0036 0.0013 0.0022 0.0014 0.0013 
        FW05  3 0.0007 0.0011 0.0007 0.0007 0.0010 0.0008 0.0016 0.9797 0.0010 0.0013 0.0017 0.0037 0.0013 0.0021 0.0013 0.0013 
        FW06  3 0.0006 0.0011 0.0007 0.0007 0.0010 0.0008 0.0016 0.9798 0.0010 0.0013 0.0017 0.0035 0.0013 0.0022 0.0013 0.0013 
        FW07  3 0.0007 0.0011 0.0005 0.0007 0.0010 0.0009 0.0016 0.0035 0.0009 0.0015 0.0025 0.9785 0.0018 0.0022 0.0015 0.0013 
        FW08  3 0.0007 0.0010 0.0007 0.0007 0.0010 0.0009 0.0016 0.9796 0.0010 0.0013 0.0018 0.0037 0.0013 0.0021 0.0014 0.0013 
        FW09  3 0.0007 0.0011 0.0007 0.0006 0.0010 0.0008 0.0015 0.9799 0.0010 0.0013 0.0018 0.0035 0.0013 0.0021 0.0014 0.0013 
        FW10  3 0.0007 0.0012 0.0005 0.0007 0.0010 0.0009 0.0016 0.0035 0.0009 0.0016 0.0025 0.9781 0.0019 0.0023 0.0016 0.0013 
       FW100  3 0.0007 0.0012 0.0005 0.0007 0.0010 0.0009 0.0016 0.0045 0.0009 0.0016 0.0022 0.9772 0.0019 0.0024 0.0016 0.0013 
       FW101  3 0.0006 0.0011 0.0005 0.0007 0.0010 0.0009 0.0016 0.0034 0.0009 0.0016 0.0024 0.9782 0.0019 0.0022 0.0016 0.0013 
       FW102  3 0.0007 0.0011 0.0007 0.0007 0.0010 0.0008 0.0015 0.9797 0.0010 0.0013 0.0017 0.0036 0.0013 0.0021 0.0013 0.0013 
       FW103  3 0.0007 0.0010 0.0007 0.0007 0.0010 0.0009 0.0015 0.9798 0.0010 0.0013 0.0018 0.0036 0.0013 0.0021 0.0013 0.0013 
       FW104  3 0.0013 0.0012 0.0005 0.0013 0.0017 0.0018 0.0023 0.0047 0.0015 0.0020 0.0026 0.9670 0.0036 0.0039 0.0025 0.0021 
       FW105  3 0.0007 0.0011 0.0005 0.0007 0.0010 0.0009 0.0016 0.0034 0.0009 0.0016 0.0025 0.9782 0.0019 0.0022 0.0016 0.0013 
       FW106  3 0.0013 0.0034 0.0012 0.0018 0.0021 0.0016 0.0044 0.8001 0.0013 0.0033 0.0135 0.0393 0.0037 0.0077 0.0044 0.1111 
       FW107  3 0.0012 0.0012 0.0004 0.0013 0.0017 0.0018 0.0024 0.0047 0.0015 0.0020 0.0026 0.9671 0.0037 0.0038 0.0025 0.0021 
       FW108  3 0.0007 0.0010 0.0007 0.0007 0.0010 0.0008 0.0016 0.9797 0.0010 0.0013 0.0018 0.0036 0.0013 0.0021 0.0014 0.0013 
       FW109  3 0.0007 0.0011 0.0005 0.0007 0.0010 0.0009 0.0016 0.0034 0.0009 0.0016 0.0025 0.9782 0.0019 0.0022 0.0016 0.0013 
        FW11  3 0.0007 0.0012 0.0005 0.0007 0.0010 0.0009 0.0016 0.0044 0.0009 0.0015 0.0022 0.9774 0.0019 0.0024 0.0016 0.0012 
       FW110  3 0.0007 0.0011 0.0005 0.0007 0.0009 0.0009 0.0016 0.0034 0.0009 0.0014 0.0024 0.9786 0.0019 0.0022 0.0015 0.0013 
       FW111  3 0.0007 0.0011 0.0007 0.0006 0.0010 0.0009 0.0016 0.9797 0.0010 0.0013 0.0017 0.0037 0.0013 0.0021 0.0013 0.0013 
       FW112  3 0.0007 0.0012 0.0005 0.0007 0.0010 0.0009 0.0016 0.0045 0.0009 0.0016 0.0022 0.9771 0.0019 0.0025 0.0016 0.0013 
       FW113  3 0.0006 0.0011 0.0007 0.0007 0.0010 0.0008 0.0016 0.9797 0.0010 0.0013 0.0018 0.0037 0.0013 0.0021 0.0013 0.0013 
       FW114  3 0.0007 0.0015 0.0005 0.0007 0.0010 0.0010 0.0018 0.0036 0.0009 0.0015 0.0027 0.9772 0.0019 0.0024 0.0015 0.0013 
       FW115  3 0.0006 0.0012 0.0005 0.0007 0.0010 0.0009 0.0016 0.0034 0.0009 0.0016 0.0025 0.9782 0.0019 0.0022 0.0016 0.0013 
       FW116  3 0.0006 0.0011 0.0007 0.0007 0.0010 0.0009 0.0016 0.9798 0.0010 0.0013 0.0018 0.0036 0.0013 0.0021 0.0014 0.0013 
        FW12  3 0.0007 0.0011 0.0007 0.0007 0.0010 0.0008 0.0016 0.9798 0.0010 0.0013 0.0018 0.0036 0.0013 0.0021 0.0013 0.0013 
        FW13  3 0.0006 0.0011 0.0007 0.0007 0.0010 0.0008 0.0016 0.9797 0.0010 0.0013 0.0018 0.0036 0.0013 0.0021 0.0014 0.0013 
        FW14  3 0.0013 0.0012 0.0004 0.0014 0.0017 0.0017 0.0024 0.0047 0.0015 0.0021 0.0026 0.9670 0.0035 0.0039 0.0025 0.0021 
        FW15  3 0.0012 0.0013 0.0004 0.0013 0.0017 0.0017 0.0023 0.0047 0.0015 0.0021 0.0026 0.9672 0.0035 0.0039 0.0025 0.0021 
        FW16  3 0.0007 0.0011 0.0005 0.0007 0.0010 0.0009 0.0016 0.0035 0.0009 0.0016 0.0025 0.9781 0.0019 0.0022 0.0016 0.0013 
        FW17  3 0.0007 0.0011 0.0005 0.0008 0.0010 0.0009 0.0016 0.0035 0.0009 0.0016 0.0025 0.9781 0.0019 0.0022 0.0016 0.0013 
        FW18  3 0.0007 0.0012 0.0005 0.0007 0.0010 0.0009 0.0016 0.0045 0.0009 0.0015 0.0022 0.9774 0.0019 0.0024 0.0016 0.0012 
        FW19  3 0.0007 0.0011 0.0007 0.0006 0.0010 0.0008 0.0015 0.9799 0.0010 0.0013 0.0018 0.0035 0.0013 0.0021 0.0014 0.0013 
        FW20  3 0.0006 0.0011 0.0007 0.0007 0.0010 0.0008 0.0016 0.9797 0.0010 0.0014 0.0017 0.0037 0.0013 0.0021 0.0013 0.0013 
        FW21  3 0.0007 0.0011 0.0007 0.0007 0.0010 0.0008 0.0016 0.9797 0.0010 0.0013 0.0018 0.0037 0.0013 0.0021 0.0014 0.0013 
        FW22  3 0.0006 0.0012 0.0005 0.0007 0.0010 0.0009 0.0016 0.0045 0.0009 0.0016 0.0022 0.9773 0.0019 0.0023 0.0015 0.0012 
        FW23  3 0.0006 0.0011 0.0007 0.0007 0.0010 0.0008 0.0016 0.9795 0.0010 0.0013 0.0018 0.0037 0.0013 0.0022 0.0014 0.0014 
        FW24  3 0.0007 0.0010 0.0007 0.0007 0.0010 0.0008 0.0015 0.9798 0.0010 0.0013 0.0018 0.0036 0.0013 0.0021 0.0013 0.0013 
        FW25  3 0.0007 0.0010 0.0007 0.0007 0.0010 0.0008 0.0016 0.9797 0.0010 0.0013 0.0018 0.0036 0.0013 0.0021 0.0014 0.0013 
        FW26  3 0.0006 0.0010 0.0007 0.0007 0.0010 0.0008 0.0015 0.9799 0.0010 0.0013 0.0018 0.0035 0.0013 0.0021 0.0013 0.0013 
        FW27  3 0.0007 0.0012 0.0005 0.0007 0.0010 0.0009 0.0016 0.0034 0.0009 0.0016 0.0024 0.9782 0.0019 0.0022 0.0016 0.0013 
        FW28  3 0.0006 0.0011 0.0007 0.0007 0.0010 0.0008 0.0016 0.9797 0.0010 0.0013 0.0017 0.0037 0.0013 0.0021 0.0013 0.0013 
        FW29  3 0.0007 0.0011 0.0007 0.0007 0.0010 0.0008 0.0015 0.9796 0.0010 0.0013 0.0018 0.0037 0.0013 0.0021 0.0013 0.0013 
        FW30  3 0.0013 0.0033 0.0011 0.0018 0.0023 0.0016 0.0044 0.8010 0.0013 0.0033 0.0139 0.0384 0.0037 0.0076 0.0045 0.1105 
        FW32  3 0.0013 0.0013 0.0005 0.0013 0.0017 0.0017 0.0024 0.0047 0.0015 0.0020 0.0026 0.9670 0.0036 0.0038 0.0025 0.0021 
        FW33  3 0.0006 0.0011 0.0009 0.0007 0.0011 0.0008 0.0016 0.9796 0.0010 0.0013 0.0017 0.0036 0.0013 0.0021 0.0014 0.0013 
        FW34  3 0.0006 0.0011 0.0007 0.0007 0.0010 0.0008 0.0016 0.9797 0.0010 0.0013 0.0018 0.0037 0.0013 0.0021 0.0014 0.0013 
        FW35  3 0.0007 0.0011 0.0007 0.0007 0.0010 0.0009 0.0016 0.9797 0.0010 0.0013 0.0017 0.0037 0.0013 0.0022 0.0014 0.0013 
        FW36  3 0.0007 0.0011 0.0007 0.0007 0.0010 0.0008 0.0015 0.9798 0.0010 0.0013 0.0018 0.0037 0.0013 0.0021 0.0013 0.0013 
        FW37  3 0.0007 0.0012 0.0005 0.0007 0.0010 0.0009 0.0016 0.0035 0.0009 0.0016 0.0025 0.9781 0.0019 0.0022 0.0016 0.0013 
        FW51  3 0.0006 0.0010 0.0007 0.0007 0.0010 0.0008 0.0016 0.9797 0.0010 0.0013 0.0017 0.0036 0.0013 0.0021 0.0014 0.0013 
        FW52  3 0.0007 0.0011 0.0005 0.0007 0.0010 0.0009 0.0016 0.0035 0.0009 0.0016 0.0025 0.9781 0.0019 0.0022 0.0016 0.0013 
        FW53  3 0.0007 0.0011 0.0007 0.0007 0.0010 0.0008 0.0016 0.9798 0.0010 0.0013 0.0017 0.0035 0.0013 0.0021 0.0013 0.0013 
        FW54  3 0.0007 0.0011 0.0005 0.0007 0.0009 0.0009 0.0016 0.0034 0.0009 0.0015 0.0024 0.9786 0.0018 0.0022 0.0015 0.0013 
        FW55  3 0.0007 0.0010 0.0007 0.0006 0.0010 0.0008 0.0016 0.9797 0.0010 0.0013 0.0018 0.0036 0.0013 0.0021 0.0013 0.0013 
        FW56  3 0.0006 0.0011 0.0007 0.0006 0.0010 0.0008 0.0016 0.9797 0.0010 0.0014 0.0017 0.0037 0.0013 0.0021 0.0013 0.0013 
        FW57  3 0.0007 0.0011 0.0007 0.0007 0.0010 0.0008 0.0015 0.9798 0.0010 0.0013 0.0017 0.0036 0.0013 0.0021 0.0014 0.0013 
        FW78  3 0.0007 0.0011 0.0007 0.0007 0.0010 0.0008 0.0016 0.9797 0.0010 0.0013 0.0017 0.0036 0.0013 0.0021 0.0013 0.0013 
        FW79  3 0.0007 0.0011 0.0007 0.0007 0.0010 0.0008 0.0015 0.9797 0.0010 0.0013 0.0018 0.0036 0.0013 0.0021 0.0014 0.0013 
        FW80  3 0.0006 0.0010 0.0007 0.0007 0.0010 0.0008 0.0016 0.9798 0.0010 0.0013 0.0017 0.0036 0.0013 0.0021 0.0013 0.0013 
        FW81  3 0.0007 0.0011 0.0005 0.0007 0.0009 0.0009 0.0016 0.0035 0.0009 0.0015 0.0026 0.9785 0.0019 0.0022 0.0014 0.0012 
        FW82  3 0.0007 0.0012 0.0005 0.0007 0.0009 0.0009 0.0016 0.0035 0.0009 0.0016 0.0024 0.9782 0.0019 0.0022 0.0016 0.0012 
        FW83  3 0.0012 0.0013 0.0004 0.0013 0.0017 0.0017 0.0023 0.0048 0.0015 0.0020 0.0026 0.9671 0.0037 0.0038 0.0026 0.0021 
        FW84  3 0.0007 0.0010 0.0007 0.0006 0.0010 0.0008 0.0016 0.9799 0.0010 0.0013 0.0017 0.0036 0.0013 0.0021 0.0013 0.0013 
        FW85  3 0.0007 0.0012 0.0005 0.0007 0.0011 0.0009 0.0017 0.0035 0.0009 0.0016 0.0037 0.9764 0.0022 0.0022 0.0016 0.0013 
        FW86  3 0.0007 0.0011 0.0005 0.0007 0.0010 0.0009 0.0016 0.0044 0.0009 0.0015 0.0022 0.9774 0.0019 0.0024 0.0015 0.0012 
        FW87  3 0.0007 0.0012 0.0005 0.0007 0.0010 0.0009 0.0016 0.0045 0.0009 0.0015 0.0022 0.9773 0.0019 0.0024 0.0016 0.0013 
        FW88  3 0.0007 0.0011 0.0007 0.0007 0.0010 0.0008 0.0016 0.9797 0.0010 0.0013 0.0018 0.0036 0.0013 0.0021 0.0013 0.0013 
        FW89  3 0.0007 0.0011 0.0007 0.0007 0.0010 0.0008 0.0016 0.9796 0.0010 0.0013 0.0018 0.0036 0.0013 0.0022 0.0014 0.0013 
        FW90  3 0.0007 0.0011 0.0007 0.0007 0.0010 0.0008 0.0016 0.9798 0.0010 0.0013 0.0018 0.0036 0.0013 0.0021 0.0014 0.0013 
        FW91  3 0.0006 0.0011 0.0005 0.0007 0.0009 0.0009 0.0016 0.0035 0.0009 0.0016 0.0025 0.9781 0.0019 0.0022 0.0016 0.0013 
        FW92  3 0.0007 0.0011 0.0007 0.0007 0.0010 0.0008 0.0016 0.9797 0.0010 0.0013 0.0017 0.0037 0.0013 0.0021 0.0013 0.0013 
        FW93  3 0.0007 0.0011 0.0007 0.0007 0.0010 0.0008 0.0015 0.9798 0.0010 0.0013 0.0017 0.0036 0.0013 0.0021 0.0013 0.0013 
        FW94  3 0.0007 0.0012 0.0005 0.0007 0.0010 0.0009 0.0016 0.0034 0.0009 0.0016 0.0024 0.9782 0.0019 0.0022 0.0016 0.0013 
        FW95  3 0.0007 0.0011 0.0007 0.0007 0.0010 0.0008 0.0016 0.9796 0.0010 0.0013 0.0017 0.0037 0.0013 0.0021 0.0013 0.0013 
        FW96  3 0.0007 0.0010 0.0007 0.0006 0.0010 0.0008 0.0016 0.9799 0.0010 0.0013 0.0017 0.0034 0.0013 0.0021 0.0013 0.0013 
        FW97  3 0.0292 0.0023 0.0012 0.0047 0.0015 0.0084 0.0108 0.8458 0.0063 0.0025 0.0039 0.0603 0.0042 0.0116 0.0047 0.0028 
        FW98  3 0.0007 0.0011 0.0005 0.0007 0.0009 0.0009 0.0016 0.0035 0.0009 0.0015 0.0024 0.9785 0.0019 0.0022 0.0014 0.0012 
        FW99  3 0.0007 0.0011 0.0007 0.0007 0.0011 0.0008 0.0016 0.9795 0.0010 0.0013 0.0018 0.0036 0.0013 0.0022 0.0014 0.0013 
       Cal01  3 0.0005 0.0019 0.0005 0.0008 0.0012 0.0020 0.0032 0.9669 0.0013 0.0019 0.0036 0.0045 0.0022 0.0028 0.0052 0.0013 
       Cal02  3 0.0011 0.0023 0.0015 0.0010 0.0027 0.0015 0.0036 0.9579 0.0015 0.0031 0.0029 0.0049 0.0033 0.0053 0.0019 0.0056 
       Cal03  3 0.0014 0.0016 0.0005 0.0007 0.0018 0.0010 0.0044 0.8622 0.0007 0.0052 0.0095 0.0928 0.0043 0.0075 0.0036 0.0027 
       Cal04  3 0.0049 0.0040 0.0008 0.0119 0.0027 0.0019 0.0094 0.9333 0.0016 0.0042 0.0063 0.0035 0.0046 0.0054 0.0027 0.0029 
       Cal05  3 0.0008 0.0047 0.0005 0.0009 0.0008 0.0008 0.0018 0.9596 0.0007 0.0012 0.0021 0.0192 0.0019 0.0023 0.0012 0.0014 
       Cal06  3 0.0006 0.0108 0.0010 0.0006 0.0017 0.0010 0.0101 0.9441 0.0021 0.0040 0.0056 0.0046 0.0023 0.0052 0.0026 0.0036 
       Cal07  3 0.0012 0.0101 0.0006 0.0006 0.0010 0.0008 0.0021 0.9672 0.0010 0.0011 0.0021 0.0059 0.0015 0.0021 0.0014 0.0013 
       Cal08  3 0.0009 0.0022 0.0005 0.0018 0.0012 0.0022 0.0100 0.9344 0.0025 0.0023 0.0153 0.0166 0.0032 0.0028 0.0025 0.0016 
       Cal09  3 0.0007 0.0247 0.0006 0.0010 0.0069 0.0012 0.0020 0.9394 0.0010 0.0023 0.0019 0.0065 0.0054 0.0030 0.0016 0.0019 
       Cal10  3 0.0012 0.0029 0.0005 0.0015 0.0020 0.0016 0.0093 0.9436 0.0010 0.0030 0.0100 0.0100 0.0032 0.0043 0.0040 0.0019 
       Cal11  3 0.0017 0.0034 0.0010 0.0013 0.0018 0.0019 0.0024 0.9465 0.0158 0.0020 0.0025 0.0094 0.0022 0.0039 0.0020 0.0023 
      Cal197  3 0.0011 0.0022 0.0005 0.0005 0.0012 0.0007 0.0048 0.9729 0.0009 0.0027 0.0017 0.0030 0.0014 0.0021 0.0023 0.0022 
      Cal198  3 0.0013 0.0262 0.0006 0.0020 0.0015 0.0012 0.0068 0.8621 0.0008 0.0060 0.0027 0.0263 0.0019 0.0141 0.0448 0.0014 
      Cal199  3 0.0005 0.0011 0.0004 0.0351 0.0012 0.0332 0.0021 0.8894 0.0011 0.0021 0.0033 0.0123 0.0030 0.0102 0.0027 0.0019 
      Cal200  3 0.0006 0.0023 0.0004 0.0006 0.0020 0.0011 0.0030 0.8720 0.0022 0.0016 0.0179 0.0873 0.0022 0.0033 0.0018 0.0017 
      Cal201  3 0.0006 0.0042 0.0013 0.0005 0.0024 0.0010 0.0043 0.9183 0.0012 0.0015 0.0028 0.0552 0.0013 0.0027 0.0014 0.0012 
      Cal202  3 0.0006 0.0024 0.0008 0.0029 0.0077 0.0033 0.0034 0.9181 0.0010 0.0028 0.0129 0.0082 0.0169 0.0020 0.0151 0.0019 
      Cal203  3 0.0006 0.0015 0.0010 0.0013 0.0015 0.0015 0.0026 0.9401 0.0033 0.0022 0.0040 0.0284 0.0024 0.0056 0.0025 0.0016 
      Cal204  3 0.0005 0.0019 0.0016 0.0009 0.0012 0.0015 0.0024 0.9636 0.0016 0.0066 0.0036 0.0032 0.0028 0.0046 0.0024 0.0019 
      Cal205  3 0.0006 0.0022 0.0011 0.0013 0.0018 0.0009 0.0039 0.9583 0.0008 0.0040 0.0042 0.0073 0.0022 0.0026 0.0026 0.0063 
      Cal206  3 0.0033 0.0014 0.0006 0.0010 0.0038 0.0011 0.0044 0.9417 0.0012 0.0043 0.0035 0.0136 0.0059 0.0051 0.0027 0.0067 
      Cal207  3 0.0005 0.0027 0.0006 0.0005 0.0013 0.0012 0.0027 0.9400 0.0009 0.0017 0.0020 0.0045 0.0017 0.0330 0.0055 0.0011 
      Cal208  3 0.0008 0.0014 0.0005 0.0009 0.0015 0.0013 0.0028 0.9699 0.0012 0.0017 0.0028 0.0042 0.0024 0.0034 0.0037 0.0014 
      Cal209  3 0.0008 0.0012 0.0004 0.0011 0.0013 0.0011 0.0020 0.9746 0.0011 0.0018 0.0018 0.0053 0.0021 0.0022 0.0014 0.0018 
      Cal210  3 0.0005 0.0011 0.0004 0.0350 0.0012 0.0325 0.0021 0.8899 0.0011 0.0021 0.0033 0.0125 0.0029 0.0105 0.0028 0.0019 
      Cal211  3 0.0008 0.0023 0.0006 0.0008 0.0012 0.0010 0.0025 0.9644 0.0011 0.0014 0.0078 0.0062 0.0015 0.0054 0.0015 0.0015 
      Cal212  3 0.0007 0.0018 0.0005 0.0013 0.0013 0.0012 0.0024 0.8839 0.0010 0.0022 0.0167 0.0682 0.0025 0.0115 0.0019 0.0030 
      Cal213  3 0.0176 0.0514 0.0005 0.0012 0.0034 0.0009 0.0316 0.7205 0.0007 0.0019 0.0248 0.0969 0.0023 0.0078 0.0369 0.0016 
      Cal214  3 0.0006 0.0014 0.0006 0.0273 0.0032 0.0008 0.0043 0.8864 0.0012 0.0556 0.0031 0.0030 0.0028 0.0027 0.0051 0.0019 
      Cal215  3 0.0027 0.0018 0.0006 0.0071 0.0020 0.0063 0.0038 0.9433 0.0018 0.0036 0.0046 0.0073 0.0072 0.0037 0.0026 0.0018 
      Cal216  3 0.0019 0.0028 0.0006 0.0005 0.0039 0.0010 0.0032 0.9212 0.0014 0.0048 0.0054 0.0241 0.0045 0.0133 0.0070 0.0043 
      Cal217  3 0.0005 0.0020 0.0009 0.0006 0.0012 0.0008 0.0025 0.9751 0.0012 0.0020 0.0017 0.0050 0.0014 0.0022 0.0016 0.0014 
      Cal218  3 0.0007 0.0019 0.0005 0.0012 0.0012 0.0009 0.0023 0.8202 0.0009 0.0019 0.0062 0.1484 0.0020 0.0073 0.0015 0.0029 
      Cal219  3 0.0007 0.0018 0.0005 0.0009 0.0027 0.0018 0.0037 0.9487 0.0011 0.0021 0.0028 0.0124 0.0025 0.0122 0.0018 0.0042 
      Cal220  3 0.0007 0.0017 0.0017 0.0014 0.0014 0.0018 0.0030 0.9154 0.0016 0.0034 0.0020 0.0034 0.0016 0.0041 0.0027 0.0540 
      Cal221  3 0.0012 0.0018 0.0004 0.0020 0.0012 0.0024 0.0030 0.9274 0.0009 0.0013 0.0022 0.0379 0.0026 0.0102 0.0035 0.0021 
      Cal222  3 0.0009 0.0021 0.0005 0.0101 0.0011 0.0061 0.0029 0.9408 0.0011 0.0017 0.0028 0.0143 0.0024 0.0078 0.0033 0.0020 
      Cal223  3 0.0015 0.1307 0.0015 0.0019 0.0018 0.0017 0.0112 0.7492 0.0020 0.0079 0.0041 0.0616 0.0021 0.0056 0.0153 0.0019 
      Cal224  3 0.0277 0.0027 0.0005 0.0011 0.0013 0.0039 0.0043 0.8504 0.0029 0.0070 0.0055 0.0034 0.0173 0.0054 0.0655 0.0013 
       Cal33  3 0.0013 0.0018 0.0006 0.0010 0.0020 0.0010 0.0062 0.9665 0.0009 0.0019 0.0028 0.0054 0.0020 0.0032 0.0015 0.0020 
       Cal34  3 0.0007 0.0054 0.0076 0.0011 0.0012 0.0012 0.0021 0.9435 0.0010 0.0139 0.0022 0.0060 0.0036 0.0037 0.0052 0.0015 
       Cal35  3 0.0006 0.0025 0.0006 0.0006 0.0013 0.0010 0.0030 0.9679 0.0009 0.0018 0.0069 0.0046 0.0021 0.0029 0.0015 0.0019 
       Cal37  3 0.0008 0.0146 0.0006 0.0007 0.0065 0.0010 0.0159 0.8951 0.0009 0.0062 0.0218 0.0055 0.0023 0.0230 0.0014 0.0036 
       Cal38  3 0.0005 0.0020 0.0004 0.0008 0.0010 0.0009 0.0022 0.9767 0.0009 0.0015 0.0019 0.0043 0.0012 0.0024 0.0014 0.0018 
       Cal39  3 0.0009 0.0022 0.0005 0.0011 0.0012 0.0037 0.0020 0.9020 0.0011 0.0013 0.0018 0.0701 0.0045 0.0044 0.0015 0.0015 
       Cal40  3 0.0008 0.0013 0.0004 0.0011 0.0013 0.0011 0.0020 0.9743 0.0010 0.0017 0.0018 0.0054 0.0021 0.0022 0.0014 0.0018 
       Cal41  3 0.0011 0.0017 0.0005 0.0011 0.0011 0.0011 0.0020 0.9750 0.0012 0.0016 0.0021 0.0040 0.0021 0.0025 0.0014 0.0015 
       Cal42  3 0.0016 0.0012 0.0005 0.0013 0.0017 0.0014 0.0026 0.9705 0.0020 0.0022 0.0027 0.0044 0.0025 0.0025 0.0018 0.0013 
       Cal43  3 0.0008 0.0022 0.0005 0.0013 0.0017 0.0013 0.0031 0.9589 0.0012 0.0016 0.0025 0.0104 0.0016 0.0081 0.0023 0.0026 
       Cal44  3 0.0008 0.0019 0.0007 0.0013 0.0012 0.0018 0.0025 0.7838 0.0017 0.0018 0.0058 0.0923 0.0027 0.0148 0.0045 0.0823 
        BW41  3 0.0029 0.0023 0.0018 0.0015 0.0070 0.0017 0.0028 0.9090 0.0013 0.0025 0.0053 0.0137 0.0352 0.0053 0.0057 0.0021 
        BW42  3 0.0390 0.0026 0.0006 0.0010 0.0017 0.0015 0.0308 0.8783 0.0014 0.0017 0.0024 0.0267 0.0022 0.0037 0.0028 0.0036 
        BW44  3 0.0014 0.0058 0.0005 0.0009 0.0018 0.0009 0.0026 0.9243 0.0016 0.0014 0.0023 0.0446 0.0016 0.0030 0.0027 0.0045 
        BW45  3 0.0006 0.0025 0.0005 0.0006 0.0010 0.0006 0.0017 0.9586 0.0010 0.0014 0.0023 0.0228 0.0013 0.0022 0.0012 0.0018 
        BW46  3 0.0008 0.0016 0.0006 0.0009 0.0042 0.0015 0.0033 0.9000 0.0011 0.0050 0.0045 0.0601 0.0037 0.0040 0.0059 0.0028 
        BW47  3 0.0141 0.0050 0.0042 0.0007 0.0009 0.0020 0.0022 0.9058 0.0009 0.0025 0.0105 0.0040 0.0135 0.0121 0.0015 0.0202 
        BW48  3 0.0021 0.0036 0.0015 0.0021 0.0028 0.0050 0.0079 0.8004 0.0019 0.0056 0.0050 0.1411 0.0073 0.0085 0.0031 0.0022 
        BW49  3 0.0007 0.0097 0.0005 0.0007 0.0020 0.0012 0.0029 0.9605 0.0019 0.0017 0.0016 0.0033 0.0016 0.0082 0.0018 0.0015 
        BW50  3 0.0011 0.0015 0.0008 0.0008 0.0014 0.0011 0.0029 0.9641 0.0012 0.0013 0.0021 0.0108 0.0037 0.0035 0.0020 0.0016 
        BW51  3 0.0007 0.0198 0.0006 0.0009 0.0020 0.0011 0.0023 0.8419 0.0010 0.0017 0.0017 0.1174 0.0019 0.0028 0.0024 0.0019 
        BW52  3 0.0009 0.0019 0.0008 0.0009 0.0014 0.0010 0.0021 0.9674 0.0066 0.0017 0.0018 0.0050 0.0018 0.0027 0.0019 0.0020 
        BW53  3 0.0071 0.0020 0.0006 0.0007 0.0015 0.0008 0.0043 0.9093 0.0010 0.0028 0.0113 0.0056 0.0027 0.0030 0.0019 0.0456 
        BW54  3 0.1405 0.0056 0.0017 0.0010 0.0020 0.0012 0.0039 0.7560 0.0013 0.0027 0.0230 0.0252 0.0066 0.0039 0.0020 0.0235 
        BW55  3 0.0011 0.0019 0.0006 0.0011 0.0018 0.0024 0.0042 0.9035 0.0027 0.0025 0.0062 0.0567 0.0037 0.0042 0.0056 0.0018 
        BW56  3 0.0008 0.0022 0.0011 0.0007 0.0010 0.0009 0.0027 0.9675 0.0012 0.0050 0.0032 0.0033 0.0048 0.0022 0.0020 0.0015 
        BW57  3 0.0009 0.0050 0.0053 0.0007 0.0022 0.0010 0.0049 0.9504 0.0010 0.0072 0.0036 0.0057 0.0019 0.0025 0.0063 0.0013 
        BW58  3 0.0007 0.0071 0.0005 0.0008 0.0026 0.0010 0.0046 0.9331 0.0009 0.0048 0.0027 0.0196 0.0025 0.0087 0.0049 0.0056 
        BW59  3 0.0006 0.0020 0.0005 0.0007 0.0011 0.0011 0.0043 0.9607 0.0009 0.0105 0.0023 0.0076 0.0020 0.0026 0.0013 0.0016 
        BW60  3 0.0009 0.0022 0.0008 0.0007 0.0012 0.0011 0.0022 0.9648 0.0013 0.0017 0.0034 0.0107 0.0023 0.0032 0.0019 0.0016 
        BW61  3 0.0014 0.0032 0.0006 0.0009 0.0015 0.0013 0.0260 0.7814 0.0020 0.0019 0.0030 0.0770 0.0817 0.0138 0.0024 0.0019 
        BW62  3 0.0193 0.0026 0.0013 0.0008 0.0018 0.0010 0.0043 0.7819 0.0011 0.0015 0.0347 0.1338 0.0057 0.0052 0.0025 0.0024 
        BW63  3 0.0153 0.0247 0.0008 0.0009 0.0041 0.0026 0.0084 0.6963 0.0011 0.0026 0.0612 0.1578 0.0027 0.0076 0.0033 0.0106 
        BW64  3 0.0128 0.0019 0.0006 0.0006 0.0011 0.0009 0.0047 0.9557 0.0011 0.0013 0.0029 0.0092 0.0016 0.0020 0.0018 0.0018 
        BW65  3 0.0009 0.0042 0.0035 0.0020 0.0052 0.0017 0.0056 0.8026 0.0021 0.0134 0.0086 0.0859 0.0168 0.0054 0.0153 0.0268 
        BW66  3 0.0008 0.0079 0.0009 0.0013 0.0010 0.0013 0.0038 0.9071 0.0065 0.0017 0.0065 0.0476 0.0056 0.0034 0.0029 0.0018 
        BW67  3 0.0006 0.0017 0.0008 0.0006 0.0010 0.0008 0.0017 0.8288 0.0011 0.0013 0.0028 0.1519 0.0016 0.0022 0.0016 0.0015 
        BW68  3 0.0079 0.0047 0.0020 0.0008 0.0027 0.0013 0.0084 0.9250 0.0010 0.0055 0.0069 0.0149 0.0076 0.0061 0.0022 0.0030 
        BW69  3 0.0009 0.0017 0.0005 0.0015 0.0022 0.0018 0.0025 0.9016 0.0014 0.0021 0.0024 0.0231 0.0490 0.0045 0.0020 0.0025 
        BW70  3 0.0008 0.0025 0.0009 0.0017 0.0014 0.0011 0.0035 0.9099 0.0014 0.0014 0.0033 0.0618 0.0016 0.0031 0.0029 0.0026 
