        TC01  1 0.0008 0.0009 0.0027 0.0017 0.0049 0.9401 0.0032 0.0068 0.0064 0.0050 0.0053 0.0221 
        TC02  1 0.0012 0.0011 0.0038 0.0015 0.0019 0.9548 0.0023 0.0105 0.0024 0.0064 0.0071 0.0072 
        TC03  1 0.0008 0.0013 0.0021 0.0015 0.0026 0.9662 0.0038 0.0025 0.0025 0.0090 0.0041 0.0036 
        TC04  1 0.0027 0.0011 0.0049 0.0009 0.0134 0.8060 0.0086 0.0194 0.0019 0.0873 0.0489 0.0049 
        TC05  1 0.0006 0.0011 0.0021 0.0006 0.0011 0.9626 0.0024 0.0032 0.0013 0.0082 0.0144 0.0024 
        TC06  1 0.0019 0.0009 0.0024 0.0020 0.0021 0.8337 0.0019 0.0040 0.0017 0.1361 0.0102 0.0030 
        TC07  1 0.0004 0.0014 0.0024 0.0008 0.0013 0.9513 0.0027 0.0029 0.0010 0.0100 0.0127 0.0132 
        TC08  1 0.0031 0.0019 0.0020 0.0007 0.0010 0.9682 0.0014 0.0029 0.0016 0.0075 0.0065 0.0034 
        TC09  1 0.0790 0.0007 0.0021 0.0206 0.0015 0.8379 0.0030 0.0053 0.0010 0.0421 0.0042 0.0026 
        TC10  1 0.0006 0.0007 0.0015 0.0418 0.0011 0.8950 0.0222 0.0019 0.0048 0.0131 0.0040 0.0133 
        TC11  1 0.0008 0.0009 0.0009 0.0010 0.0014 0.9739 0.0014 0.0017 0.0017 0.0037 0.0038 0.0086 
        TC12  1 0.0009 0.0016 0.0056 0.0009 0.0059 0.9110 0.0052 0.0081 0.0063 0.0273 0.0187 0.0085 
        TC13  1 0.0018 0.0008 0.0014 0.0033 0.0011 0.9710 0.0014 0.0020 0.0014 0.0092 0.0036 0.0029 
        TC14  1 0.0013 0.0038 0.0040 0.0120 0.0041 0.8204 0.0031 0.0112 0.0032 0.1257 0.0061 0.0051 
        TC15  1 0.0050 0.0013 0.0042 0.0065 0.0024 0.8523 0.0052 0.0050 0.0028 0.1055 0.0075 0.0024 
        TC16  1 0.0754 0.0038 0.0036 0.0229 0.0028 0.8147 0.0067 0.0139 0.0019 0.0440 0.0071 0.0033 
        TC17  1 0.0013 0.0056 0.0078 0.0420 0.0046 0.7678 0.0058 0.0511 0.0070 0.0418 0.0577 0.0074 
        TC18  1 0.0011 0.0031 0.0030 0.0019 0.0261 0.9131 0.0047 0.0017 0.0099 0.0100 0.0186 0.0068 
        TC19  1 0.0047 0.0009 0.0014 0.0105 0.0010 0.9629 0.0015 0.0033 0.0020 0.0057 0.0030 0.0032 
        TC20  1 0.0022 0.0012 0.0014 0.0030 0.0039 0.9665 0.0017 0.0034 0.0016 0.0079 0.0043 0.0031 
        TC21  1 0.0024 0.0111 0.0552 0.0008 0.0282 0.8113 0.0214 0.0020 0.0028 0.0182 0.0330 0.0136 
        TC22  1 0.0028 0.0011 0.0072 0.0006 0.0016 0.9422 0.0059 0.0018 0.0123 0.0121 0.0069 0.0056 
        TC23  1 0.0007 0.0013 0.0016 0.0012 0.0017 0.9651 0.0031 0.0035 0.0019 0.0086 0.0031 0.0082 
        TC24  1 0.0009 0.0014 0.0009 0.0020 0.0008 0.9800 0.0015 0.0017 0.0010 0.0049 0.0030 0.0019 
        TC25  1 0.0017 0.0022 0.0026 0.0059 0.0147 0.7335 0.0097 0.0014 0.0017 0.1867 0.0044 0.0357 
        TC26  1 0.0010 0.0012 0.0026 0.0254 0.0011 0.9325 0.0021 0.0024 0.0012 0.0232 0.0050 0.0023 
        TC27  1 0.0007 0.0020 0.0022 0.0012 0.0016 0.9270 0.0020 0.0020 0.0168 0.0297 0.0119 0.0029 
        TC28  1 0.0006 0.0015 0.0020 0.0019 0.0027 0.9084 0.0053 0.0036 0.0017 0.0538 0.0140 0.0044 
        TC29  1 0.0007 0.0020 0.0022 0.0021 0.0043 0.8909 0.0031 0.0100 0.0011 0.0612 0.0146 0.0079 
        TC30  1 0.0028 0.0010 0.0016 0.0024 0.0012 0.9625 0.0020 0.0066 0.0018 0.0104 0.0046 0.0031 
        TC31  1 0.0021 0.0022 0.0022 0.0010 0.0086 0.9318 0.0048 0.0022 0.0039 0.0048 0.0056 0.0309 
        TC32  1 0.0011 0.0012 0.0026 0.0022 0.0017 0.7487 0.0089 0.0021 0.0013 0.1766 0.0496 0.0041 
        TC33  1 0.0007 0.0022 0.0017 0.0014 0.0016 0.9595 0.0026 0.0016 0.0018 0.0094 0.0053 0.0121 
        TC34  1 0.0012 0.0031 0.0019 0.0045 0.0013 0.8683 0.0023 0.0020 0.0047 0.1000 0.0073 0.0033 
        TC35  1 0.0020 0.0012 0.0018 0.0020 0.0043 0.9017 0.0020 0.0320 0.0072 0.0137 0.0147 0.0174 
        TC36  1 0.0013 0.0011 0.0023 0.0020 0.0014 0.9638 0.0045 0.0039 0.0020 0.0080 0.0062 0.0035 
        TC37  1 0.0007 0.0019 0.0018 0.0008 0.0017 0.9689 0.0028 0.0074 0.0018 0.0031 0.0053 0.0039 
        TC38  1 0.0238 0.0010 0.0026 0.0093 0.0213 0.8538 0.0028 0.0275 0.0012 0.0437 0.0056 0.0074 
        TC39  1 0.0013 0.0011 0.0023 0.0434 0.0024 0.8161 0.0025 0.0133 0.0013 0.1081 0.0047 0.0034 
        TC40  1 0.0012 0.0069 0.0022 0.0043 0.0018 0.8826 0.0046 0.0031 0.0025 0.0795 0.0080 0.0033 
        TC41  1 0.0007 0.0013 0.0014 0.0012 0.0013 0.9697 0.0043 0.0019 0.0034 0.0051 0.0066 0.0032 
        TC42  1 0.0009 0.0008 0.0017 0.0013 0.0009 0.9629 0.0018 0.0038 0.0019 0.0184 0.0035 0.0020 
        TC43  1 0.0008 0.0012 0.0015 0.0009 0.0018 0.9576 0.0021 0.0060 0.0017 0.0196 0.0042 0.0027 
        TC44  1 0.0129 0.0010 0.0027 0.0055 0.0014 0.9139 0.0025 0.0175 0.0049 0.0238 0.0056 0.0084 
        TC45  1 0.0006 0.0007 0.0034 0.0054 0.0065 0.9670 0.0021 0.0029 0.0011 0.0034 0.0037 0.0033 
        TC46  1 0.0007 0.0015 0.0029 0.0026 0.0043 0.9590 0.0051 0.0020 0.0045 0.0061 0.0085 0.0029 
        TC47  1 0.0062 0.0014 0.0016 0.0065 0.0018 0.9450 0.0028 0.0045 0.0053 0.0153 0.0057 0.0040 
        TC48  1 0.0007 0.0138 0.0085 0.0034 0.0071 0.9259 0.0052 0.0041 0.0056 0.0114 0.0111 0.0034 
        TC49  1 0.0006 0.0014 0.0037 0.0016 0.0015 0.9655 0.0016 0.0019 0.0018 0.0067 0.0085 0.0052 
        TC50  1 0.0018 0.0022 0.0033 0.0010 0.0028 0.9577 0.0028 0.0027 0.0063 0.0054 0.0091 0.0048 
        TC51  1 0.0052 0.0011 0.0039 0.0012 0.0021 0.9054 0.0024 0.0020 0.0022 0.0581 0.0051 0.0112 
        TC52  1 0.0011 0.0013 0.0017 0.0017 0.0050 0.9505 0.0183 0.0014 0.0011 0.0112 0.0047 0.0021 
        TC53  1 0.0012 0.0009 0.0072 0.0014 0.0009 0.9417 0.0015 0.0105 0.0114 0.0168 0.0045 0.0019 
        TC54  1 0.0013 0.0113 0.0046 0.0026 0.0024 0.9102 0.0056 0.0028 0.0034 0.0410 0.0100 0.0047 
        TC55  1 0.0007 0.0021 0.0059 0.0173 0.0029 0.9036 0.0147 0.0024 0.0021 0.0353 0.0094 0.0035 
        TC56  1 0.0006 0.0080 0.0038 0.0008 0.0108 0.9273 0.0026 0.0078 0.0036 0.0179 0.0084 0.0082 
        TC57  1 0.0012 0.0024 0.0032 0.0045 0.0016 0.9406 0.0029 0.0100 0.0088 0.0049 0.0157 0.0042 
        TC58  1 0.0012 0.0009 0.0022 0.0053 0.0015 0.9420 0.0025 0.0025 0.0019 0.0067 0.0065 0.0267 
        TC59  1 0.0008 0.0010 0.0012 0.0011 0.0008 0.9711 0.0015 0.0026 0.0017 0.0090 0.0056 0.0037 
        TA01  2 0.0048 0.0010 0.0020 0.0062 0.0011 0.9461 0.0014 0.0121 0.0021 0.0134 0.0057 0.0040 
        TA02  2 0.0010 0.0031 0.0012 0.0011 0.0014 0.9496 0.0030 0.0193 0.0012 0.0062 0.0104 0.0023 
        TA03  2 0.0028 0.0020 0.0022 0.0023 0.0014 0.8904 0.0023 0.0678 0.0087 0.0075 0.0083 0.0043 
        TA04  2 0.0967 0.0011 0.0020 0.0013 0.0013 0.5163 0.0048 0.2727 0.0031 0.0906 0.0069 0.0031 
        TA05  2 0.0020 0.0016 0.0024 0.0010 0.0019 0.9699 0.0021 0.0042 0.0019 0.0049 0.0044 0.0037 
        TA06  2 0.0024 0.0008 0.0011 0.0044 0.0010 0.9573 0.0024 0.0047 0.0015 0.0171 0.0027 0.0046 
        TA07  2 0.0012 0.0027 0.0074 0.0012 0.0018 0.6177 0.0027 0.3346 0.0028 0.0048 0.0135 0.0095 
        TA08  2 0.0023 0.0013 0.0015 0.0025 0.0022 0.9187 0.0012 0.0179 0.0137 0.0330 0.0030 0.0027 
        TA09  2 0.0018 0.0010 0.0013 0.0019 0.0009 0.9496 0.0023 0.0225 0.0017 0.0109 0.0035 0.0025 
        TA10  2 0.0014 0.0010 0.0028 0.0026 0.0012 0.8877 0.0015 0.0123 0.0023 0.0104 0.0118 0.0649 
        TA11  2 0.0057 0.0016 0.0032 0.0707 0.0035 0.8060 0.0024 0.0066 0.0081 0.0104 0.0069 0.0748 
        TA12  2 0.0010 0.0013 0.0061 0.0017 0.0011 0.8878 0.0013 0.0166 0.0054 0.0051 0.0595 0.0132 
        TA13  2 0.0146 0.0023 0.0637 0.0009 0.0016 0.7621 0.0025 0.0074 0.0032 0.0807 0.0304 0.0305 
        TA14  2 0.0012 0.0017 0.0019 0.0023 0.0008 0.9411 0.0023 0.0256 0.0011 0.0165 0.0036 0.0020 
        TA15  2 0.0008 0.0011 0.0036 0.0009 0.0008 0.9533 0.0014 0.0079 0.0013 0.0219 0.0036 0.0035 
        TA16  2 0.0087 0.0009 0.0022 0.0035 0.0011 0.8552 0.0018 0.0260 0.0018 0.0458 0.0218 0.0312 
        TA17  2 0.0008 0.0021 0.0020 0.0011 0.0011 0.9518 0.0019 0.0024 0.0058 0.0130 0.0149 0.0030 
        TA18  2 0.0015 0.0010 0.0013 0.0006 0.0010 0.9213 0.0323 0.0026 0.0020 0.0060 0.0150 0.0154 
        TA19  2 0.0245 0.0013 0.0042 0.0014 0.0012 0.8733 0.0042 0.0045 0.0497 0.0197 0.0061 0.0097 
        TA20  2 0.0007 0.0138 0.0016 0.0046 0.0017 0.9314 0.0015 0.0042 0.0027 0.0092 0.0255 0.0032 
        TA21  2 0.0016 0.0026 0.0032 0.0309 0.0018 0.9091 0.0020 0.0098 0.0020 0.0215 0.0110 0.0045 
        TA22  2 0.0006 0.0030 0.0015 0.0009 0.0011 0.9307 0.0015 0.0041 0.0015 0.0479 0.0050 0.0022 
        TA23  2 0.0011 0.0012 0.0012 0.0013 0.0010 0.9132 0.0014 0.0129 0.0014 0.0582 0.0042 0.0029 
        TA24  2 0.0016 0.0012 0.0018 0.0008 0.0012 0.9449 0.0026 0.0025 0.0046 0.0079 0.0280 0.0030 
        TA25  2 0.0013 0.0007 0.0025 0.0013 0.0012 0.8108 0.0013 0.0020 0.0024 0.0136 0.0152 0.1476 
        TA26  2 0.0050 0.0019 0.0032 0.0383 0.0042 0.8684 0.0014 0.0285 0.0035 0.0327 0.0050 0.0078 
        TA27  2 0.0016 0.0013 0.0035 0.0012 0.0009 0.9598 0.0020 0.0039 0.0032 0.0082 0.0109 0.0036 
        TA28  2 0.0021 0.0069 0.0021 0.0027 0.0061 0.9120 0.0109 0.0241 0.0016 0.0076 0.0212 0.0027 
        TA29  2 0.0010 0.0011 0.0021 0.0012 0.0012 0.9292 0.0018 0.0026 0.0055 0.0449 0.0054 0.0040 
        TA30  2 0.0951 0.0036 0.0058 0.1371 0.0019 0.6959 0.0028 0.0204 0.0061 0.0226 0.0047 0.0040 
      BERM01  3 0.0528 0.0009 0.0011 0.0015 0.0008 0.0015 0.0011 0.0020 0.0011 0.9319 0.0027 0.0025 
      BERM02  3 0.0024 0.0009 0.0012 0.0014 0.0010 0.0023 0.0015 0.0030 0.0009 0.9806 0.0027 0.0021 
      BERM03  3 0.0007 0.0008 0.0013 0.0015 0.0009 0.0013 0.0012 0.0016 0.0013 0.9838 0.0027 0.0028 
      BERM04  3 0.0019 0.0008 0.0011 0.0025 0.0011 0.0011 0.0012 0.0016 0.0014 0.9820 0.0024 0.0031 
      BERM05  3 0.0026 0.0009 0.0012 0.0010 0.0013 0.0011 0.0016 0.0020 0.0016 0.9807 0.0029 0.0031 
      BERM06  3 0.0052 0.0007 0.0011 0.0114 0.0011 0.0018 0.0020 0.0083 0.0013 0.9620 0.0031 0.0019 
      BERM07  3 0.0041 0.0009 0.0014 0.0019 0.0010 0.0022 0.0012 0.0027 0.0020 0.9761 0.0026 0.0040 
      BERM08  3 0.0034 0.0006 0.0009 0.0007 0.0011 0.0016 0.0010 0.0023 0.0010 0.9830 0.0021 0.0022 
      BERM09  3 0.0608 0.0008 0.0012 0.0014 0.0007 0.0039 0.0020 0.2373 0.0013 0.6854 0.0026 0.0026 
      BERM10  3 0.0057 0.0008 0.0019 0.0071 0.0016 0.0028 0.0016 0.0026 0.0026 0.9670 0.0038 0.0026 
      BERM11  3 0.0019 0.0008 0.0011 0.0015 0.0011 0.0019 0.0012 0.0528 0.0010 0.9312 0.0024 0.0030 
      BERM12  3 0.0008 0.0009 0.0009 0.0022 0.0157 0.0036 0.0030 0.0043 0.0074 0.9530 0.0040 0.0043 
      BERM13  3 0.0025 0.0008 0.0012 0.0006 0.0008 0.0016 0.0020 0.0032 0.0014 0.9796 0.0031 0.0032 
      BERM14  3 0.0022 0.0007 0.0011 0.0093 0.0009 0.0023 0.0016 0.0044 0.0013 0.9704 0.0023 0.0033 
      CROC01  3 0.0025 0.0041 0.0026 0.0010 0.0013 0.0019 0.0062 0.0030 0.0044 0.9633 0.0048 0.0048 
      CROC02  3 0.0009 0.0015 0.0024 0.0080 0.0026 0.0021 0.0091 0.0098 0.0013 0.9512 0.0070 0.0040 
      CROC03  3 0.0015 0.0011 0.0014 0.0045 0.0027 0.0020 0.0020 0.0494 0.0020 0.9267 0.0036 0.0031 
      CROC04  3 0.0015 0.0008 0.0013 0.0007 0.0008 0.0637 0.0105 0.0016 0.0013 0.9051 0.0100 0.0026 
      CROC05  3 0.0027 0.0010 0.0015 0.0035 0.0010 0.0015 0.0021 0.0040 0.0012 0.9722 0.0043 0.0049 
      CROC06  3 0.0028 0.0031 0.0024 0.0025 0.0016 0.0060 0.0101 0.0030 0.0016 0.9178 0.0105 0.0386 
      CROC07  3 0.0024 0.0012 0.0020 0.0016 0.0011 0.0034 0.0029 0.0146 0.0023 0.9603 0.0049 0.0034 
      CROC08  3 0.0019 0.0169 0.0018 0.0013 0.0025 0.0019 0.0017 0.0024 0.0026 0.9555 0.0044 0.0071 
      CROC09  3 0.0594 0.0023 0.0019 0.0072 0.0015 0.0013 0.0019 0.0060 0.0010 0.9123 0.0030 0.0022 
      CROC10  3 0.0655 0.0006 0.0015 0.0011 0.0011 0.0016 0.0016 0.0028 0.0011 0.9161 0.0026 0.0044 
      CROC11  3 0.0594 0.0023 0.0019 0.0072 0.0015 0.0013 0.0020 0.0058 0.0010 0.9124 0.0030 0.0022 
     CROC110  3 0.0062 0.0021 0.0159 0.0027 0.0010 0.0045 0.0029 0.0175 0.0022 0.9315 0.0103 0.0032 
     CROC116  3 0.0013 0.0018 0.0031 0.0050 0.0026 0.0047 0.0064 0.0035 0.0023 0.9561 0.0098 0.0034 
      CROC12  3 0.0027 0.0008 0.0013 0.0014 0.0009 0.0017 0.0012 0.0013 0.0010 0.9815 0.0038 0.0022 
     CROC123  3 0.0030 0.0006 0.0011 0.0035 0.0010 0.0017 0.0012 0.0027 0.0008 0.9802 0.0024 0.0018 
      CROC13  3 0.0010 0.0008 0.0015 0.0046 0.0025 0.0015 0.0011 0.0021 0.0016 0.9768 0.0025 0.0039 
      CROC14  3 0.0019 0.0013 0.0024 0.0056 0.0014 0.0023 0.0014 0.0045 0.0008 0.8910 0.0039 0.0836 
      CROC15  3 0.0011 0.0031 0.0034 0.0013 0.0034 0.0020 0.0916 0.0015 0.0014 0.8750 0.0056 0.0106 
      CROC16  3 0.0257 0.0021 0.0038 0.0094 0.0067 0.0013 0.0032 0.0029 0.0016 0.9342 0.0054 0.0037 
      CROC17  3 0.0010 0.0006 0.0008 0.0011 0.0010 0.0375 0.0010 0.0013 0.0009 0.9373 0.0153 0.0021 
      CROC18  3 0.0010 0.0009 0.0024 0.0014 0.0085 0.0034 0.0073 0.0019 0.0025 0.9580 0.0104 0.0022 
      CROC19  3 0.0017 0.0010 0.0015 0.0008 0.0012 0.0029 0.0024 0.0040 0.0022 0.9741 0.0048 0.0034 
     CROC198  3 0.0051 0.0010 0.0016 0.0076 0.0010 0.0014 0.0013 0.0026 0.0025 0.9694 0.0029 0.0036 
      CROC20  3 0.0021 0.0014 0.0021 0.0023 0.0016 0.0013 0.0023 0.0040 0.0016 0.9727 0.0054 0.0033 
     CROC202  3 0.0018 0.0008 0.0014 0.0057 0.0040 0.0016 0.0016 0.0020 0.0024 0.9715 0.0028 0.0044 
      CROC21  3 0.0031 0.0008 0.0024 0.0009 0.0012 0.0020 0.0014 0.0023 0.0013 0.9788 0.0027 0.0031 
     CROC216  3 0.0032 0.0023 0.0022 0.0011 0.0016 0.0114 0.0227 0.0188 0.0013 0.9192 0.0133 0.0029 
      CROC22  3 0.0023 0.0007 0.0025 0.0129 0.0014 0.0054 0.0018 0.0135 0.0226 0.9173 0.0166 0.0030 
      CROC23  3 0.0562 0.0014 0.0023 0.0007 0.0013 0.0091 0.0018 0.0064 0.0015 0.9119 0.0041 0.0031 
      CROC24  3 0.0106 0.0011 0.0013 0.0110 0.0021 0.0020 0.0014 0.0075 0.0011 0.9561 0.0033 0.0025 
      CROC25  3 0.0012 0.0008 0.0010 0.0024 0.0009 0.0016 0.0018 0.0027 0.0011 0.9813 0.0024 0.0029 
     CROC259  3 0.0029 0.0009 0.0012 0.0012 0.0013 0.0099 0.0012 0.0054 0.0014 0.9489 0.0035 0.0224 
      CROC26  3 0.0023 0.0010 0.0010 0.0016 0.0012 0.0571 0.0014 0.0022 0.0020 0.9237 0.0027 0.0037 
      CROC27  3 0.0031 0.0022 0.0014 0.0033 0.0011 0.0086 0.0026 0.0412 0.0017 0.9274 0.0045 0.0028 
      CROC28  3 0.0266 0.0009 0.0011 0.1106 0.0009 0.0181 0.0012 0.0244 0.0011 0.8084 0.0033 0.0033 
      CROC29  3 0.0008 0.0012 0.0015 0.0018 0.0011 0.0018 0.0016 0.0035 0.0013 0.9800 0.0030 0.0024 
      CROC30  3 0.0044 0.0027 0.0024 0.0062 0.0020 0.0030 0.0058 0.0029 0.0013 0.9494 0.0168 0.0032 
      CROC31  3 0.0145 0.0012 0.0051 0.0022 0.0012 0.0102 0.0019 0.0470 0.0014 0.8974 0.0141 0.0037 
      CROC32  3 0.0017 0.0007 0.0014 0.0086 0.0009 0.0016 0.0014 0.0023 0.0012 0.9744 0.0027 0.0031 
      CROC33  3 0.0009 0.0155 0.0018 0.0008 0.0020 0.0089 0.0047 0.0135 0.0014 0.9342 0.0145 0.0017 
      CROC34  3 0.0014 0.0011 0.0010 0.0008 0.0011 0.0018 0.0014 0.0023 0.0016 0.9807 0.0035 0.0035 
      CROC35  3 0.0019 0.0007 0.0010 0.0013 0.0013 0.0071 0.0010 0.0212 0.0008 0.9387 0.0224 0.0025 
      CROC36  3 0.0219 0.0008 0.0015 0.0022 0.0011 0.0013 0.0018 0.0017 0.0011 0.9605 0.0025 0.0035 
      CROC57  3 0.0011 0.0010 0.0012 0.0009 0.0010 0.0012 0.0013 0.0024 0.0013 0.9801 0.0029 0.0056 
      CROC81  3 0.0018 0.0031 0.0020 0.0060 0.0063 0.0016 0.0035 0.0029 0.0013 0.9645 0.0039 0.0031 
      CROC84  3 0.0059 0.0006 0.0009 0.0024 0.0034 0.0025 0.0015 0.0046 0.0024 0.9702 0.0030 0.0026 
        FW01  3 0.0006 0.0008 0.0010 0.9847 0.0010 0.0010 0.0011 0.0014 0.0011 0.0030 0.0021 0.0023 
        FW02  3 0.9877 0.0006 0.0008 0.0006 0.0007 0.0008 0.0009 0.0012 0.0008 0.0025 0.0017 0.0019 
        FW03  3 0.0006 0.0006 0.0008 0.9870 0.0008 0.0009 0.0010 0.0012 0.0008 0.0025 0.0018 0.0018 
        FW04  3 0.9876 0.0005 0.0008 0.0006 0.0007 0.0008 0.0009 0.0013 0.0008 0.0025 0.0017 0.0018 
        FW05  3 0.9877 0.0005 0.0007 0.0006 0.0007 0.0008 0.0009 0.0013 0.0008 0.0024 0.0017 0.0019 
        FW06  3 0.9876 0.0005 0.0008 0.0006 0.0007 0.0008 0.0009 0.0013 0.0008 0.0025 0.0017 0.0019 
        FW07  3 0.0006 0.0006 0.0008 0.9870 0.0008 0.0009 0.0010 0.0013 0.0009 0.0025 0.0018 0.0019 
        FW08  3 0.9876 0.0006 0.0008 0.0006 0.0007 0.0008 0.0009 0.0013 0.0008 0.0024 0.0017 0.0019 
        FW09  3 0.9876 0.0006 0.0008 0.0006 0.0007 0.0008 0.0009 0.0013 0.0008 0.0025 0.0017 0.0019 
        FW10  3 0.0006 0.0006 0.0008 0.9870 0.0008 0.0009 0.0010 0.0012 0.0009 0.0025 0.0018 0.0019 
       FW100  3 0.0008 0.0006 0.0008 0.9867 0.0008 0.0009 0.0009 0.0012 0.0009 0.0026 0.0018 0.0019 
       FW101  3 0.0006 0.0006 0.0008 0.9870 0.0008 0.0009 0.0010 0.0012 0.0009 0.0025 0.0018 0.0019 
       FW102  3 0.9876 0.0005 0.0008 0.0006 0.0007 0.0008 0.0009 0.0013 0.0008 0.0025 0.0017 0.0019 
       FW103  3 0.9877 0.0006 0.0008 0.0006 0.0007 0.0008 0.0009 0.0012 0.0008 0.0024 0.0017 0.0019 
       FW104  3 0.0006 0.0008 0.0010 0.9845 0.0010 0.0010 0.0010 0.0014 0.0011 0.0030 0.0022 0.0023 
       FW105  3 0.0006 0.0006 0.0008 0.9870 0.0008 0.0009 0.0010 0.0012 0.0009 0.0025 0.0018 0.0018 
       FW106  3 0.0145 0.0021 0.0026 0.0021 0.0026 0.0041 0.0071 0.0255 0.0021 0.9222 0.0122 0.0029 
       FW107  3 0.0006 0.0008 0.0010 0.9845 0.0010 0.0010 0.0011 0.0014 0.0011 0.0030 0.0021 0.0023 
       FW108  3 0.9876 0.0005 0.0008 0.0006 0.0007 0.0008 0.0009 0.0013 0.0008 0.0025 0.0017 0.0019 
       FW109  3 0.0006 0.0006 0.0008 0.9869 0.0008 0.0009 0.0010 0.0012 0.0009 0.0025 0.0018 0.0019 
        FW11  3 0.0008 0.0006 0.0008 0.9867 0.0008 0.0009 0.0009 0.0012 0.0009 0.0026 0.0018 0.0018 
       FW110  3 0.0006 0.0006 0.0008 0.9870 0.0008 0.0009 0.0010 0.0012 0.0009 0.0025 0.0018 0.0019 
       FW111  3 0.9876 0.0006 0.0008 0.0006 0.0007 0.0008 0.0009 0.0013 0.0008 0.0025 0.0017 0.0019 
       FW112  3 0.0008 0.0006 0.0008 0.9867 0.0008 0.0009 0.0010 0.0012 0.0009 0.0026 0.0018 0.0019 
       FW113  3 0.9876 0.0005 0.0008 0.0006 0.0007 0.0008 0.0009 0.0013 0.0008 0.0025 0.0017 0.0019 
       FW114  3 0.0006 0.0007 0.0009 0.9835 0.0008 0.0024 0.0012 0.0015 0.0009 0.0031 0.0026 0.0019 
       FW115  3 0.0006 0.0006 0.0008 0.9869 0.0008 0.0009 0.0010 0.0012 0.0009 0.0025 0.0018 0.0019 
       FW116  3 0.9876 0.0005 0.0008 0.0006 0.0007 0.0008 0.0009 0.0012 0.0008 0.0025 0.0017 0.0019 
        FW12  3 0.9876 0.0006 0.0008 0.0006 0.0007 0.0008 0.0009 0.0012 0.0008 0.0025 0.0017 0.0019 
        FW13  3 0.9875 0.0006 0.0008 0.0006 0.0007 0.0008 0.0009 0.0013 0.0008 0.0025 0.0017 0.0019 
        FW14  3 0.0006 0.0008 0.0010 0.9846 0.0010 0.0010 0.0010 0.0014 0.0011 0.0030 0.0022 0.0023 
        FW15  3 0.0006 0.0007 0.0010 0.9845 0.0010 0.0010 0.0010 0.0014 0.0011 0.0030 0.0022 0.0023 
        FW16  3 0.0006 0.0006 0.0008 0.9870 0.0008 0.0009 0.0010 0.0012 0.0009 0.0024 0.0018 0.0019 
        FW17  3 0.0006 0.0006 0.0008 0.9869 0.0008 0.0009 0.0010 0.0012 0.0009 0.0025 0.0019 0.0019 
        FW18  3 0.0008 0.0006 0.0008 0.9867 0.0008 0.0009 0.0009 0.0013 0.0009 0.0026 0.0018 0.0019 
        FW19  3 0.9878 0.0005 0.0008 0.0006 0.0007 0.0008 0.0008 0.0012 0.0008 0.0024 0.0017 0.0018 
        FW20  3 0.9876 0.0006 0.0008 0.0006 0.0007 0.0008 0.0009 0.0013 0.0008 0.0025 0.0017 0.0019 
        FW21  3 0.9876 0.0005 0.0008 0.0006 0.0007 0.0008 0.0009 0.0013 0.0008 0.0025 0.0017 0.0019 
        FW22  3 0.0008 0.0006 0.0008 0.9866 0.0008 0.0009 0.0009 0.0013 0.0009 0.0026 0.0019 0.0019 
        FW23  3 0.9877 0.0005 0.0008 0.0006 0.0007 0.0008 0.0009 0.0012 0.0008 0.0025 0.0017 0.0019 
        FW24  3 0.9877 0.0006 0.0008 0.0006 0.0007 0.0008 0.0009 0.0013 0.0008 0.0025 0.0017 0.0019 
        FW25  3 0.9876 0.0005 0.0008 0.0006 0.0007 0.0008 0.0009 0.0012 0.0008 0.0025 0.0017 0.0019 
        FW26  3 0.9877 0.0005 0.0008 0.0006 0.0007 0.0008 0.0009 0.0012 0.0008 0.0025 0.0017 0.0019 
        FW27  3 0.0006 0.0006 0.0008 0.9870 0.0008 0.0009 0.0010 0.0012 0.0009 0.0024 0.0018 0.0018 
        FW28  3 0.9876 0.0005 0.0008 0.0006 0.0007 0.0008 0.0009 0.0012 0.0008 0.0025 0.0017 0.0018 
        FW29  3 0.9877 0.0005 0.0008 0.0006 0.0007 0.0008 0.0009 0.0012 0.0008 0.0024 0.0017 0.0019 
        FW30  3 0.0150 0.0020 0.0028 0.0020 0.0025 0.0038 0.0069 0.0252 0.0022 0.9225 0.0122 0.0029 
        FW32  3 0.0006 0.0008 0.0010 0.9846 0.0010 0.0010 0.0011 0.0014 0.0011 0.0029 0.0022 0.0023 
        FW33  3 0.9665 0.0006 0.0040 0.0006 0.0007 0.0023 0.0056 0.0013 0.0008 0.0141 0.0018 0.0019 
        FW34  3 0.9877 0.0005 0.0008 0.0006 0.0007 0.0008 0.0008 0.0012 0.0008 0.0024 0.0017 0.0019 
        FW35  3 0.9876 0.0005 0.0008 0.0006 0.0007 0.0008 0.0009 0.0013 0.0008 0.0024 0.0017 0.0019 
        FW36  3 0.9876 0.0005 0.0008 0.0006 0.0007 0.0008 0.0009 0.0013 0.0008 0.0024 0.0017 0.0019 
        FW37  3 0.0006 0.0006 0.0008 0.9870 0.0008 0.0009 0.0010 0.0012 0.0008 0.0025 0.0018 0.0019 
        FW51  3 0.9877 0.0005 0.0008 0.0006 0.0007 0.0008 0.0009 0.0012 0.0008 0.0024 0.0017 0.0018 
        FW52  3 0.0006 0.0006 0.0008 0.9869 0.0008 0.0009 0.0010 0.0012 0.0009 0.0025 0.0018 0.0019 
        FW53  3 0.9876 0.0005 0.0008 0.0006 0.0007 0.0008 0.0009 0.0013 0.0008 0.0025 0.0017 0.0019 
        FW54  3 0.0006 0.0006 0.0008 0.9870 0.0008 0.0009 0.0010 0.0012 0.0009 0.0025 0.0018 0.0019 
        FW55  3 0.9877 0.0006 0.0008 0.0006 0.0007 0.0008 0.0009 0.0012 0.0008 0.0024 0.0017 0.0019 
        FW56  3 0.9876 0.0006 0.0008 0.0006 0.0007 0.0008 0.0009 0.0013 0.0008 0.0025 0.0017 0.0019 
        FW57  3 0.9876 0.0005 0.0007 0.0006 0.0007 0.0008 0.0009 0.0012 0.0008 0.0025 0.0017 0.0019 
        FW78  3 0.9876 0.0006 0.0008 0.0006 0.0007 0.0008 0.0009 0.0013 0.0008 0.0025 0.0017 0.0019 
        FW79  3 0.9875 0.0006 0.0008 0.0006 0.0007 0.0008 0.0009 0.0013 0.0008 0.0026 0.0017 0.0019 
        FW80  3 0.9877 0.0006 0.0008 0.0006 0.0007 0.0008 0.0009 0.0012 0.0008 0.0024 0.0017 0.0019 
        FW81  3 0.0006 0.0006 0.0008 0.9871 0.0008 0.0009 0.0010 0.0012 0.0009 0.0024 0.0018 0.0019 
        FW82  3 0.0006 0.0006 0.0008 0.9870 0.0008 0.0009 0.0010 0.0012 0.0009 0.0025 0.0018 0.0019 
        FW83  3 0.0006 0.0008 0.0010 0.9847 0.0010 0.0010 0.0011 0.0014 0.0011 0.0030 0.0022 0.0023 
        FW84  3 0.9876 0.0006 0.0008 0.0006 0.0007 0.0008 0.0009 0.0013 0.0008 0.0024 0.0017 0.0019 
        FW85  3 0.0006 0.0006 0.0029 0.9564 0.0076 0.0035 0.0121 0.0062 0.0009 0.0027 0.0046 0.0019 
        FW86  3 0.0008 0.0006 0.0008 0.9866 0.0008 0.0009 0.0009 0.0013 0.0009 0.0027 0.0018 0.0018 
        FW87  3 0.0007 0.0006 0.0008 0.9867 0.0008 0.0010 0.0010 0.0012 0.0008 0.0026 0.0019 0.0019 
        FW88  3 0.9876 0.0005 0.0008 0.0006 0.0007 0.0008 0.0009 0.0013 0.0008 0.0025 0.0017 0.0019 
        FW89  3 0.9877 0.0006 0.0007 0.0006 0.0007 0.0008 0.0009 0.0013 0.0008 0.0024 0.0017 0.0019 
        FW90  3 0.9876 0.0006 0.0008 0.0006 0.0007 0.0008 0.0009 0.0013 0.0008 0.0025 0.0017 0.0019 
        FW91  3 0.0006 0.0006 0.0008 0.9870 0.0008 0.0009 0.0010 0.0012 0.0009 0.0025 0.0018 0.0019 
        FW92  3 0.9877 0.0006 0.0008 0.0006 0.0007 0.0008 0.0009 0.0013 0.0008 0.0025 0.0017 0.0019 
        FW93  3 0.9876 0.0005 0.0007 0.0006 0.0007 0.0008 0.0009 0.0013 0.0008 0.0025 0.0017 0.0019 
        FW94  3 0.0006 0.0006 0.0008 0.9870 0.0008 0.0009 0.0010 0.0012 0.0009 0.0025 0.0018 0.0019 
        FW95  3 0.9875 0.0006 0.0008 0.0006 0.0007 0.0008 0.0009 0.0012 0.0008 0.0026 0.0017 0.0019 
        FW96  3 0.9876 0.0005 0.0008 0.0006 0.0007 0.0008 0.0009 0.0013 0.0008 0.0025 0.0017 0.0019 
        FW97  3 0.0048 0.0017 0.0013 0.0063 0.0017 0.0019 0.0038 0.0111 0.0041 0.9498 0.0059 0.0077 
        FW98  3 0.0006 0.0006 0.0008 0.9870 0.0008 0.0009 0.0010 0.0012 0.0009 0.0025 0.0018 0.0019 
        FW99  3 0.9876 0.0006 0.0008 0.0006 0.0007 0.0008 0.0009 0.0013 0.0008 0.0025 0.0017 0.0019 
       Cal01  3 0.2082 0.0024 0.0013 0.0009 0.0011 0.0021 0.0012 0.0042 0.0015 0.7700 0.0039 0.0031 
       Cal02  3 0.0044 0.0008 0.0017 0.0020 0.0013 0.0018 0.0017 0.0018 0.0014 0.9766 0.0038 0.0029 
       Cal03  3 0.0336 0.0012 0.0016 0.0554 0.0016 0.0015 0.0022 0.0035 0.0011 0.8927 0.0039 0.0017 
       Cal04  3 0.0007 0.0010 0.0017 0.0016 0.0017 0.0022 0.0024 0.0012 0.0034 0.9765 0.0047 0.0029 
       Cal05  3 0.0028 0.0006 0.0008 0.0034 0.0009 0.0030 0.0011 0.0072 0.0011 0.9752 0.0021 0.0018 
       Cal06  3 0.0022 0.0010 0.0017 0.0008 0.0010 0.0045 0.0016 0.0029 0.0011 0.9705 0.0059 0.0069 
       Cal07  3 0.0113 0.0007 0.0009 0.0012 0.0008 0.0070 0.0013 0.0041 0.0009 0.9673 0.0024 0.0021 
       Cal08  3 0.0355 0.0016 0.0016 0.0096 0.0015 0.0023 0.0047 0.0025 0.0031 0.9242 0.0064 0.0072 
       Cal09  3 0.0329 0.0008 0.0063 0.0020 0.0029 0.0224 0.0012 0.0025 0.0015 0.9221 0.0027 0.0026 
       Cal10  3 0.0008 0.0014 0.0016 0.0022 0.0013 0.0021 0.0019 0.0024 0.0015 0.9777 0.0050 0.0021 
       Cal11  3 0.0072 0.0010 0.0021 0.0072 0.0011 0.0034 0.0020 0.0096 0.0026 0.9143 0.0040 0.0453 
      Cal197  3 0.3320 0.0013 0.0015 0.0010 0.0008 0.0027 0.0011 0.0022 0.0007 0.6490 0.0056 0.0020 
      Cal198  3 0.0045 0.0513 0.0015 0.0232 0.0010 0.0273 0.0018 0.0038 0.0023 0.8656 0.0157 0.0022 
      Cal199  3 0.0010 0.0014 0.0011 0.0014 0.0012 0.0011 0.0012 0.0086 0.0297 0.9473 0.0036 0.0023 
      Cal200  3 0.0021 0.0009 0.0020 0.0047 0.0015 0.0031 0.0058 0.0626 0.0009 0.9083 0.0042 0.0038 
      Cal201  3 0.0118 0.0007 0.0015 0.0036 0.0007 0.0034 0.0016 0.0141 0.0009 0.9561 0.0030 0.0026 
      Cal202  3 0.0042 0.0137 0.0076 0.0016 0.0096 0.0020 0.0042 0.0037 0.0080 0.9370 0.0055 0.0026 
      Cal203  3 0.0008 0.0009 0.0012 0.0066 0.0010 0.0013 0.0018 0.0039 0.0015 0.9726 0.0027 0.0054 
      Cal204  3 0.0010 0.0011 0.0012 0.0007 0.0012 0.0016 0.0018 0.0043 0.0012 0.9801 0.0027 0.0031 
      Cal205  3 0.0020 0.0009 0.0015 0.0016 0.0009 0.0017 0.0014 0.0025 0.0012 0.9808 0.0037 0.0018 
      Cal206  3 0.0024 0.0009 0.0021 0.0027 0.0018 0.0014 0.0016 0.0089 0.0012 0.9704 0.0041 0.0025 
      Cal207  3 0.0020 0.0020 0.0011 0.0007 0.0008 0.0020 0.0011 0.0040 0.0009 0.9782 0.0050 0.0020 
      Cal208  3 0.0103 0.0013 0.0014 0.0080 0.0010 0.0013 0.0015 0.0016 0.0015 0.9659 0.0031 0.0031 
      Cal209  3 0.0074 0.0006 0.0011 0.0014 0.0010 0.0014 0.0010 0.0024 0.0012 0.9779 0.0024 0.0023 
      Cal210  3 0.0010 0.0014 0.0011 0.0015 0.0012 0.0011 0.0012 0.0089 0.0298 0.9469 0.0035 0.0023 
      Cal211  3 0.0110 0.0007 0.0011 0.0008 0.0008 0.0020 0.0018 0.0117 0.0011 0.9641 0.0028 0.0023 
      Cal212  3 0.0014 0.0008 0.0012 0.0030 0.0011 0.0016 0.0023 0.0242 0.0015 0.9574 0.0036 0.0021 
      Cal213  3 0.0109 0.0132 0.0018 0.0785 0.0011 0.0448 0.0036 0.0106 0.0013 0.7781 0.0544 0.0017 
      Cal214  3 0.0005 0.0029 0.0063 0.0014 0.0013 0.0014 0.0012 0.0012 0.0140 0.9624 0.0049 0.0025 
      Cal215  3 0.0098 0.0011 0.0017 0.0017 0.0022 0.0018 0.0019 0.0022 0.0043 0.9664 0.0034 0.0035 
      Cal216  3 0.0562 0.0018 0.0022 0.0089 0.0015 0.0027 0.0021 0.0141 0.0009 0.9025 0.0043 0.0029 
      Cal217  3 0.0091 0.0008 0.0011 0.0014 0.0007 0.0021 0.0011 0.0030 0.0009 0.9745 0.0027 0.0024 
      Cal218  3 0.0027 0.0007 0.0012 0.0042 0.0010 0.0017 0.0016 0.1083 0.0013 0.8717 0.0034 0.0021 
      Cal219  3 0.0138 0.0008 0.0021 0.0039 0.0010 0.0017 0.0017 0.0043 0.0016 0.9625 0.0038 0.0029 
      Cal220  3 0.0059 0.0022 0.0026 0.0012 0.0009 0.0022 0.0020 0.0029 0.0041 0.9551 0.0134 0.0075 
      Cal221  3 0.0024 0.0013 0.0010 0.0042 0.0011 0.0016 0.0014 0.0067 0.0026 0.9721 0.0036 0.0020 
      Cal222  3 0.0013 0.0012 0.0011 0.0021 0.0011 0.0017 0.0013 0.0048 0.0062 0.9729 0.0038 0.0025 
      Cal223  3 0.0009 0.0119 0.0034 0.0036 0.0011 0.0474 0.0033 0.0189 0.0029 0.8904 0.0104 0.0057 
      Cal224  3 0.0009 0.0562 0.0011 0.0009 0.0053 0.0027 0.0025 0.0023 0.0017 0.9158 0.0058 0.0048 
       Cal33  3 0.0018 0.0007 0.0015 0.0020 0.0009 0.0017 0.0014 0.0022 0.0012 0.9802 0.0044 0.0021 
       Cal34  3 0.0013 0.0016 0.0019 0.0027 0.0014 0.0032 0.0021 0.0021 0.0013 0.9776 0.0026 0.0022 
       Cal35  3 0.0014 0.0007 0.0011 0.0010 0.0010 0.0018 0.0015 0.0023 0.0010 0.9832 0.0030 0.0020 
       Cal37  3 0.0016 0.0006 0.0034 0.0014 0.0011 0.0053 0.0032 0.0031 0.0010 0.9643 0.0129 0.0020 
       Cal38  3 0.2806 0.0006 0.0010 0.0007 0.0006 0.0022 0.0010 0.0046 0.0012 0.7022 0.0029 0.0022 
       Cal39  3 0.0140 0.0006 0.0012 0.0268 0.0018 0.0020 0.0012 0.0115 0.0025 0.9327 0.0027 0.0030 
       Cal40  3 0.0078 0.0006 0.0011 0.0014 0.0010 0.0014 0.0010 0.0022 0.0013 0.9775 0.0024 0.0023 
       Cal41  3 0.0036 0.0007 0.0010 0.0016 0.0010 0.0016 0.0012 0.0018 0.0012 0.9816 0.0024 0.0024 
       Cal42  3 0.0021 0.0008 0.0014 0.0011 0.0011 0.0012 0.0012 0.0029 0.0014 0.9806 0.0027 0.0036 
       Cal43  3 0.0012 0.0009 0.0013 0.0017 0.0008 0.0018 0.0016 0.0032 0.0014 0.9804 0.0034 0.0024 
       Cal44  3 0.0042 0.0017 0.0012 0.0058 0.0013 0.0017 0.0026 0.0315 0.0018 0.9355 0.0094 0.0033 
        BW41  3 0.0012 0.0019 0.0033 0.0012 0.0288 0.0022 0.0034 0.0183 0.0022 0.9302 0.0040 0.0033 
        BW42  3 0.0014 0.0010 0.0013 0.0246 0.0011 0.0022 0.0023 0.0041 0.0012 0.9464 0.0115 0.0029 
        BW44  3 0.0007 0.0010 0.0013 0.0016 0.0008 0.0029 0.0013 0.0194 0.0011 0.9637 0.0032 0.0031 
        BW45  3 0.0017 0.0005 0.0010 0.0011 0.0007 0.0019 0.0011 0.0325 0.0008 0.9544 0.0021 0.0021 
        BW46  3 0.0019 0.0028 0.0038 0.0328 0.0019 0.0015 0.0015 0.0146 0.0012 0.9326 0.0032 0.0023 
        BW47  3 0.0335 0.0007 0.0014 0.0012 0.0106 0.0064 0.0364 0.0023 0.0014 0.8925 0.0115 0.0020 
        BW48  3 0.0014 0.0010 0.0025 0.0064 0.0022 0.0025 0.0027 0.0176 0.0035 0.9505 0.0051 0.0047 
        BW49  3 0.0100 0.0007 0.0013 0.0007 0.0008 0.0051 0.0011 0.0061 0.0011 0.9662 0.0032 0.0036 
        BW50  3 0.0060 0.0009 0.0011 0.0038 0.0014 0.0015 0.0014 0.0022 0.0012 0.9747 0.0032 0.0027 
        BW51  3 0.0144 0.0009 0.0017 0.0267 0.0009 0.0128 0.0010 0.0894 0.0013 0.8455 0.0029 0.0025 
        BW52  3 0.0022 0.0008 0.0013 0.0025 0.0009 0.0017 0.0012 0.0018 0.0013 0.9689 0.0026 0.0148 
        BW53  3 0.0018 0.0020 0.0036 0.0014 0.0011 0.0036 0.0030 0.0027 0.0010 0.9595 0.0183 0.0021 
        BW54  3 0.0030 0.0009 0.0014 0.0041 0.0020 0.0038 0.1455 0.0035 0.0024 0.8246 0.0054 0.0033 
        BW55  3 0.0013 0.0023 0.0018 0.0177 0.0018 0.0018 0.0020 0.0177 0.0016 0.9447 0.0031 0.0041 
        BW56  3 0.0017 0.0008 0.0012 0.0008 0.0018 0.0018 0.0014 0.0023 0.0010 0.9821 0.0026 0.0025 
        BW57  3 0.0042 0.0015 0.0016 0.0013 0.0009 0.0025 0.0020 0.0020 0.0010 0.9775 0.0033 0.0022 
        BW58  3 0.0030 0.0010 0.0016 0.0069 0.0011 0.0029 0.0014 0.0034 0.0013 0.9715 0.0039 0.0022 
        BW59  3 0.0675 0.0006 0.0017 0.0029 0.0009 0.0021 0.0013 0.0028 0.0011 0.9132 0.0038 0.0022 
        BW60  3 0.0010 0.0008 0.0010 0.0055 0.0010 0.0017 0.0015 0.0020 0.0011 0.9791 0.0025 0.0028 
        BW61  3 0.0088 0.0010 0.0013 0.0104 0.0678 0.0030 0.0016 0.0524 0.0012 0.8217 0.0271 0.0038 
        BW62  3 0.0013 0.0012 0.0013 0.0104 0.0023 0.0020 0.0119 0.0416 0.0011 0.9202 0.0042 0.0025 
        BW63  3 0.0009 0.0013 0.0030 0.0152 0.0013 0.0139 0.0663 0.0145 0.0016 0.8670 0.0124 0.0024 
        BW64  3 0.0432 0.0008 0.0010 0.0141 0.0009 0.0018 0.0017 0.0088 0.0009 0.9206 0.0037 0.0024 
        BW65  3 0.0007 0.0039 0.0050 0.0013 0.0051 0.0027 0.0031 0.0698 0.0024 0.8936 0.0079 0.0044 
        BW66  3 0.0017 0.0010 0.0010 0.0049 0.0019 0.0043 0.0017 0.0100 0.0014 0.9566 0.0032 0.0123 
        BW67  3 0.0022 0.0007 0.0010 0.0014 0.0009 0.0015 0.0013 0.1654 0.0009 0.8202 0.0021 0.0024 
        BW68  3 0.0017 0.0009 0.0022 0.0024 0.0022 0.0031 0.0034 0.0113 0.0012 0.9641 0.0054 0.0022 
        BW69  3 0.0011 0.0008 0.0016 0.0049 0.0419 0.0015 0.0014 0.0047 0.0016 0.9349 0.0027 0.0028 
        BW70  3 0.0050 0.0013 0.0013 0.0026 0.0009 0.0023 0.0017 0.0742 0.0018 0.9015 0.0041 0.0033 
        BW71  3 0.0211 0.0006 0.0011 0.0007 0.0008 0.0016 0.0010 0.0042 0.0011 0.9630 0.0020 0.0029 
        BW72  3 0.0040 0.0029 0.0047 0.0012 0.0044 0.0029 0.0121 0.0039 0.0025 0.9485 0.0068 0.0062 
        BW73  3 0.0036 0.0008 0.0119 0.0009 0.0102 0.0035 0.0017 0.0035 0.0017 0.9176 0.0103 0.0343 
        BW74  3 0.0017 0.0016 0.0055 0.0163 0.0022 0.0039 0.0016 0.0350 0.0025 0.9218 0.0048 0.0031 
        BW75  3 0.0093 0.0015 0.0035 0.0009 0.0009 0.0051 0.0019 0.0031 0.0013 0.9428 0.0080 0.0218 
        BW76  3 0.0011 0.0011 0.0014 0.0008 0.0023 0.0015 0.0019 0.0144 0.0021 0.9671 0.0031 0.0032 
        BW77  3 0.0067 0.0030 0.0097 0.0019 0.0022 0.0081 0.0063 0.1039 0.0009 0.8472 0.0069 0.0031 
        BW78  3 0.0007 0.0007 0.0012 0.0028 0.0011 0.0028 0.0014 0.0026 0.0022 0.9794 0.0023 0.0028 
        BW79  3 0.0157 0.0006 0.0014 0.0020 0.0010 0.0027 0.0011 0.0019 0.0016 0.9558 0.0132 0.0028 
        BW80  3 0.0017 0.0009 0.0014 0.0046 0.0009 0.0016 0.0025 0.0056 0.0010 0.9730 0.0043 0.0025 
        BW81  3 0.0014 0.0021 0.0017 0.0086 0.0010 0.0032 0.0012 0.0019 0.0009 0.9723 0.0034 0.0023 
       BWS05  3 0.0035 0.0016 0.0033 0.0151 0.0103 0.0037 0.0053 0.1106 0.0030 0.8246 0.0137 0.0054 
       BWS06  3 0.0016 0.0012 0.0014 0.1602 0.0012 0.0019 0.0018 0.0615 0.0029 0.7596 0.0033 0.0032 
       BWS07  3 0.0209 0.0006 0.0229 0.0012 0.0008 0.0041 0.0017 0.0050 0.0012 0.9337 0.0062 0.0017 
       BWS08  3 0.0008 0.0024 0.0011 0.0007 0.0064 0.0081 0.0043 0.0315 0.0017 0.9269 0.0074 0.0085 
       BWS09  3 0.0174 0.0010 0.0011 0.0011 0.0008 0.0014 0.0013 0.0048 0.0010 0.9660 0.0020 0.0021 
       BWS10  3 0.0018 0.0010 0.0015 0.0025 0.0012 0.0033 0.0271 0.0254 0.0022 0.9251 0.0058 0.0031 
       BWS11  3 0.0034 0.0007 0.0012 0.0006 0.0009 0.0014 0.0012 0.0020 0.0012 0.9816 0.0034 0.0024 
       BWS12  3 0.0013 0.0017 0.0034 0.0061 0.0013 0.0024 0.0020 0.0079 0.0014 0.9607 0.0060 0.0057 
       BWS13  3 0.0008 0.0026 0.0015 0.0996 0.0009 0.0014 0.0018 0.0025 0.0014 0.8816 0.0028 0.0031 
       BWS14  3 0.0015 0.0008 0.0015 0.2049 0.0013 0.0021 0.0016 0.0033 0.0012 0.7746 0.0053 0.0019 
       BWS15  3 0.0043 0.0019 0.0023 0.0005 0.0014 0.0026 0.0024 0.0026 0.0046 0.9618 0.0072 0.0083 
       BWS16  3 0.0010 0.0008 0.0011 0.0029 0.0012 0.0131 0.0020 0.0020 0.0014 0.9687 0.0037 0.0023 
       BWS17  3 0.0009 0.0011 0.0009 0.0010 0.0019 0.0016 0.0015 0.0029 0.0014 0.9793 0.0044 0.0031 
       BWS18  3 0.0038 0.0177 0.0028 0.0016 0.0011 0.0030 0.0022 0.0032 0.0052 0.9527 0.0046 0.0021 
       BWS19  3 0.0076 0.0065 0.0046 0.0025 0.0106 0.0026 0.0015 0.0063 0.0046 0.9353 0.0154 0.0026 
       BWS20  3 0.0028 0.0009 0.0010 0.0027 0.0009 0.0053 0.0011 0.0059 0.0009 0.9732 0.0027 0.0026 
       BWS21  3 0.0006 0.0180 0.0057 0.0141 0.0020 0.0043 0.0031 0.0313 0.0052 0.8627 0.0485 0.0045 
       BWS22  3 0.0038 0.0016 0.0016 0.0019 0.0011 0.0015 0.0019 0.0297 0.0011 0.9502 0.0032 0.0024 
       BWS23  3 0.0013 0.0203 0.0021 0.0015 0.0012 0.0024 0.0012 0.0051 0.0024 0.9567 0.0039 0.0020 
       BWS24  3 0.0009 0.0011 0.0026 0.0007 0.0013 0.0034 0.0021 0.0051 0.0041 0.9524 0.0227 0.0035 
       BWS25  3 0.0010 0.0007 0.0053 0.0015 0.0021 0.0013 0.0010 0.0017 0.0013 0.9735 0.0083 0.0022 
       BWS26  3 0.0012 0.0008 0.0016 0.0031 0.0013 0.0022 0.0016 0.0027 0.0010 0.9764 0.0044 0.0039 
       BWS27  3 0.0011 0.0007 0.0012 0.0018 0.0008 0.0044 0.0012 0.0039 0.0011 0.9758 0.0059 0.0021 
       BWS28  3 0.0018 0.0016 0.0112 0.0358 0.0021 0.0039 0.0321 0.0029 0.0016 0.8984 0.0058 0.0029 
       BWS29  3 0.0007 0.0011 0.0018 0.0093 0.0023 0.0029 0.0030 0.0195 0.0021 0.9493 0.0036 0.0044 
       BWS30  3 0.0707 0.0018 0.0015 0.0010 0.0011 0.0017 0.0011 0.0039 0.0011 0.9114 0.0024 0.0024 
       BWS31  3 0.0015 0.0009 0.0012 0.0012 0.0039 0.0082 0.0018 0.0078 0.0013 0.9651 0.0050 0.0021 
       BWS32  3 0.0018 0.0008 0.0015 0.0088 0.0011 0.0048 0.0027 0.0107 0.0026 0.9517 0.0098 0.0038 
       BWS33  3 0.0029 0.0014 0.0018 0.0023 0.0024 0.0015 0.0071 0.0021 0.0021 0.9678 0.0053 0.0031 
       BWS34  3 0.0007 0.0038 0.0022 0.0469 0.0024 0.0023 0.0037 0.0314 0.0014 0.8954 0.0055 0.0044 
       BWS35  3 0.0012 0.0014 0.0019 0.0056 0.0014 0.0034 0.0026 0.0022 0.0051 0.9642 0.0067 0.0043 
       BWS36  3 0.0032 0.0006 0.0010 0.0030 0.0011 0.0013 0.0011 0.0022 0.0011 0.9774 0.0025 0.0054 
       BWS37  3 0.0010 0.0011 0.0019 0.0041 0.0046 0.0024 0.0023 0.0298 0.0015 0.9445 0.0046 0.0022 
       BWS38  3 0.0077 0.0015 0.0020 0.0033 0.0014 0.0036 0.0021 0.0085 0.0021 0.9583 0.0043 0.0052 
       BWS39  3 0.0193 0.0008 0.0010 0.0011 0.0009 0.0025 0.0015 0.1248 0.0011 0.8411 0.0031 0.0028 
       BWS40  3 0.0031 0.0008 0.0012 0.0030 0.0015 0.0014 0.0013 0.0021 0.0025 0.9752 0.0026 0.0053 
       BWN01  3 0.0019 0.0008 0.0011 0.0059 0.0015 0.0033 0.0014 0.0077 0.0017 0.9687 0.0031 0.0030 
       BWN02  3 0.0281 0.0008 0.0011 0.0013 0.0011 0.0532 0.0014 0.0057 0.0010 0.9016 0.0029 0.0020 
       BWN03  3 0.0018 0.0026 0.0027 0.0009 0.0042 0.0019 0.0084 0.0033 0.0021 0.9570 0.0075 0.0074 
       BWN04  3 0.0025 0.0014 0.0018 0.0036 0.0019 0.0032 0.0020 0.0557 0.0009 0.9038 0.0033 0.0199 
        NC01  4 0.0144 0.0008 0.0583 0.0060 0.0009 0.7617 0.0074 0.0278 0.0010 0.1086 0.0092 0.0037 
        NC02  4 0.0030 0.0013 0.0038 0.0035 0.0031 0.8368 0.0019 0.1161 0.0014 0.0191 0.0052 0.0048 
        NC03  4 0.0014 0.0047 0.0031 0.0010 0.0009 0.9479 0.0013 0.0248 0.0009 0.0072 0.0045 0.0023 
        NC04  4 0.0009 0.0011 0.0028 0.0016 0.0012 0.9265 0.0015 0.0389 0.0019 0.0167 0.0043 0.0027 
        NC05  4 0.0012 0.0039 0.0040 0.0014 0.0020 0.8150 0.0080 0.0157 0.0053 0.0795 0.0589 0.0052 
        NC06  4 0.0040 0.0010 0.0056 0.0030 0.0183 0.8877 0.0017 0.0251 0.0017 0.0461 0.0037 0.0021 
        NC07  4 0.0042 0.0007 0.0018 0.0060 0.0010 0.9537 0.0014 0.0047 0.0022 0.0183 0.0036 0.0024 
        NC08  4 0.0011 0.0019 0.0019 0.0013 0.0014 0.6708 0.0020 0.2973 0.0017 0.0086 0.0063 0.0058 
        NC09  4 0.0008 0.0019 0.0015 0.0011 0.0011 0.7746 0.0035 0.1847 0.0022 0.0146 0.0078 0.0063 
        NC10  4 0.0014 0.0008 0.0018 0.0017 0.0009 0.5885 0.0013 0.3342 0.0008 0.0604 0.0029 0.0054 
        NC11  4 0.0025 0.0018 0.0022 0.0061 0.0023 0.8827 0.0046 0.0051 0.0029 0.0656 0.0182 0.0061 
        NC12  4 0.0006 0.0009 0.0028 0.0063 0.0038 0.9460 0.0031 0.0144 0.0011 0.0142 0.0045 0.0022 
        NC13  4 0.0011 0.0156 0.0027 0.0012 0.0009 0.9254 0.0030 0.0214 0.0016 0.0189 0.0064 0.0019 
        NC14  4 0.0021 0.0010 0.0104 0.0035 0.0013 0.8419 0.0031 0.0907 0.0014 0.0195 0.0214 0.0040 
        NC15  4 0.0012 0.0026 0.0015 0.0022 0.0021 0.9056 0.0041 0.0357 0.0018 0.0281 0.0109 0.0043 
        NC16  4 0.0063 0.0009 0.0467 0.0015 0.0010 0.8268 0.0071 0.0208 0.0010 0.0775 0.0066 0.0038 
        NC18  4 0.0019 0.0014 0.0027 0.0027 0.0012 0.8394 0.0021 0.1085 0.0011 0.0156 0.0064 0.0169 
        NC19  4 0.0007 0.0008 0.0016 0.0023 0.0010 0.9564 0.0021 0.0242 0.0009 0.0052 0.0028 0.0020 
        NC20  4 0.0028 0.0029 0.0017 0.0026 0.0021 0.6535 0.0027 0.2792 0.0023 0.0277 0.0043 0.0180 
        NC21  4 0.0137 0.0037 0.0047 0.0066 0.0013 0.7915 0.0076 0.1516 0.0013 0.0090 0.0068 0.0022 
        NC22  4 0.0011 0.0010 0.0009 0.0874 0.0027 0.8312 0.0011 0.0578 0.0018 0.0083 0.0027 0.0039 
        NC23  4 0.0037 0.0014 0.0033 0.0018 0.0010 0.8938 0.0027 0.0581 0.0013 0.0197 0.0076 0.0057 
        NC24  4 0.0010 0.0007 0.0012 0.0049 0.0015 0.9691 0.0014 0.0029 0.0020 0.0070 0.0040 0.0042 
      SAND01  4 0.0007 0.0006 0.0007 0.0006 0.0007 0.0010 0.0010 0.9865 0.0010 0.0031 0.0021 0.0020 
      SAND02  4 0.0010 0.0006 0.0012 0.0029 0.0024 0.0011 0.0013 0.9808 0.0012 0.0037 0.0020 0.0020 
      SAND03  4 0.0010 0.0006 0.0008 0.0011 0.0007 0.0010 0.0009 0.9860 0.0009 0.0032 0.0018 0.0020 
      SAND04  4 0.0009 0.0006 0.0009 0.0013 0.0008 0.0010 0.0010 0.9861 0.0009 0.0027 0.0020 0.0019 
      SAND05  4 0.0008 0.0006 0.0009 0.0009 0.0008 0.0010 0.0010 0.9865 0.0009 0.0028 0.0019 0.0020 
      SAND06  4 0.0015 0.0006 0.0010 0.0013 0.0008 0.0012 0.0011 0.9842 0.0009 0.0033 0.0021 0.0020 
      SAND07  4 0.0012 0.0006 0.0008 0.0009 0.0008 0.0010 0.0010 0.9845 0.0011 0.0037 0.0020 0.0025 
      SAND08  4 0.0009 0.0006 0.0009 0.0020 0.0010 0.0016 0.0011 0.9831 0.0008 0.0036 0.0021 0.0022 
      SAND09  4 0.0031 0.0009 0.0011 0.0017 0.0010 0.0037 0.0017 0.9559 0.0017 0.0216 0.0052 0.0025 
      SAND10  4 0.0012 0.0006 0.0011 0.0020 0.0016 0.0022 0.0017 0.9792 0.0017 0.0035 0.0025 0.0026 
      SAND11  4 0.0007 0.0007 0.0008 0.0008 0.0009 0.0009 0.0010 0.9857 0.0009 0.0032 0.0022 0.0022 
      SAND12  4 0.0011 0.0006 0.0009 0.0010 0.0008 0.0011 0.0010 0.9855 0.0009 0.0030 0.0020 0.0022 
