        TC01  1 0.0019 0.0028 0.0025 0.0029 0.0024 0.0009 0.0020 0.0016 0.0219 0.9386 0.0034 0.0073 0.0021 0.0051 0.0047 
        TC02  1 0.0022 0.0024 0.0015 0.0037 0.0028 0.0014 0.0028 0.0017 0.0057 0.9474 0.0043 0.0109 0.0018 0.0070 0.0045 
        TC03  1 0.0013 0.0017 0.0022 0.0037 0.0012 0.0010 0.0026 0.0016 0.0050 0.9553 0.0046 0.0030 0.0044 0.0087 0.0039 
        TC04  1 0.0102 0.0060 0.0101 0.0299 0.0013 0.0051 0.0134 0.0011 0.0052 0.8573 0.0059 0.0236 0.0051 0.0069 0.0191 
        TC05  1 0.0012 0.0020 0.0010 0.0036 0.0018 0.0012 0.0135 0.0008 0.0028 0.9502 0.0044 0.0041 0.0017 0.0070 0.0047 
        TC06  1 0.0047 0.0020 0.0038 0.0539 0.0020 0.0033 0.0032 0.0022 0.0035 0.9001 0.0059 0.0050 0.0017 0.0057 0.0030 
        TC07  1 0.0027 0.0031 0.0011 0.0044 0.0015 0.0011 0.0017 0.0010 0.0066 0.9409 0.0109 0.0034 0.0019 0.0098 0.0100 
        TC08  1 0.0014 0.0022 0.0008 0.0047 0.0027 0.0012 0.0026 0.0007 0.0037 0.9590 0.0035 0.0032 0.0012 0.0097 0.0035 
        TC09  1 0.0030 0.0025 0.0011 0.0547 0.0019 0.0009 0.0020 0.0089 0.0027 0.8970 0.0056 0.0096 0.0032 0.0046 0.0023 
        TC10  1 0.0010 0.0012 0.0010 0.0040 0.0020 0.0019 0.0021 0.0303 0.0205 0.8785 0.0034 0.0023 0.0339 0.0045 0.0133 
        TC11  1 0.0023 0.0011 0.0013 0.0023 0.0084 0.0011 0.0017 0.0011 0.0071 0.9533 0.0026 0.0021 0.0017 0.0116 0.0021 
        TC12  1 0.0031 0.0042 0.0037 0.0077 0.0010 0.0030 0.0037 0.0011 0.0164 0.9240 0.0027 0.0078 0.0043 0.0086 0.0085 
        TC13  1 0.0010 0.0015 0.0010 0.0051 0.0051 0.0013 0.0019 0.0025 0.0037 0.9613 0.0042 0.0024 0.0012 0.0051 0.0026 
        TC14  1 0.0016 0.0032 0.0031 0.0325 0.0039 0.0019 0.0044 0.0074 0.0103 0.8757 0.0185 0.0165 0.0022 0.0159 0.0029 
        TC15  1 0.0019 0.0037 0.0016 0.0241 0.0025 0.0018 0.0021 0.0050 0.0059 0.8909 0.0404 0.0060 0.0021 0.0079 0.0042 
        TC16  1 0.0049 0.0028 0.0020 0.0711 0.0016 0.0020 0.0037 0.0178 0.0036 0.8376 0.0034 0.0215 0.0018 0.0141 0.0122 
        TC17  1 0.0098 0.0092 0.0031 0.0112 0.0024 0.0020 0.0109 0.0279 0.0186 0.7897 0.0083 0.0673 0.0028 0.0289 0.0081 
        TC18  1 0.0019 0.0030 0.0137 0.0061 0.0125 0.0027 0.0184 0.0019 0.0178 0.8894 0.0025 0.0021 0.0065 0.0193 0.0024 
        TC19  1 0.0010 0.0015 0.0010 0.0070 0.0045 0.0023 0.0020 0.0050 0.0046 0.9549 0.0023 0.0044 0.0015 0.0060 0.0020 
        TC20  1 0.0010 0.0015 0.0023 0.0042 0.0021 0.0012 0.0035 0.0026 0.0054 0.9582 0.0035 0.0037 0.0013 0.0063 0.0030 
        TC21  1 0.0206 0.0962 0.0282 0.0108 0.0017 0.0077 0.0026 0.0009 0.0108 0.7759 0.0028 0.0026 0.0021 0.0322 0.0049 
        TC22  1 0.0014 0.0033 0.0012 0.0072 0.0040 0.0127 0.0054 0.0008 0.0166 0.9168 0.0082 0.0032 0.0026 0.0061 0.0106 
        TC23  1 0.0010 0.0014 0.0014 0.0046 0.0119 0.0009 0.0015 0.0016 0.0110 0.9262 0.0085 0.0038 0.0132 0.0075 0.0056 
        TC24  1 0.0010 0.0010 0.0008 0.0026 0.0024 0.0008 0.0024 0.0020 0.0026 0.9660 0.0021 0.0022 0.0022 0.0101 0.0018 
        TC25  1 0.0026 0.0026 0.0111 0.0265 0.0012 0.0042 0.0031 0.0050 0.0144 0.9008 0.0054 0.0019 0.0052 0.0112 0.0049 
        TC26  1 0.0033 0.0019 0.0010 0.0067 0.0017 0.0010 0.0018 0.0184 0.0030 0.9372 0.0058 0.0030 0.0017 0.0073 0.0063 
        TC27  1 0.0033 0.0049 0.0019 0.0088 0.0205 0.0012 0.0034 0.0019 0.0119 0.9100 0.0048 0.0032 0.0033 0.0150 0.0058 
        TC28  1 0.0043 0.0023 0.0022 0.0110 0.0016 0.0043 0.0055 0.0021 0.0045 0.9363 0.0034 0.0046 0.0031 0.0075 0.0070 
        TC29  1 0.0012 0.0050 0.0029 0.0131 0.0036 0.0011 0.0171 0.0024 0.0048 0.9078 0.0045 0.0128 0.0037 0.0164 0.0035 
        TC30  1 0.0024 0.0022 0.0010 0.0095 0.0045 0.0023 0.0024 0.0023 0.0052 0.9471 0.0027 0.0079 0.0021 0.0065 0.0020 
        TC31  1 0.0011 0.0022 0.0050 0.0047 0.0062 0.0088 0.0043 0.0013 0.0330 0.9070 0.0028 0.0033 0.0028 0.0127 0.0047 
        TC32  1 0.0049 0.0028 0.0015 0.0268 0.0070 0.0381 0.0029 0.0029 0.0039 0.8878 0.0048 0.0028 0.0015 0.0070 0.0055 
        TC33  1 0.0015 0.0019 0.0016 0.0049 0.0033 0.0012 0.0051 0.0017 0.0169 0.9289 0.0050 0.0029 0.0023 0.0191 0.0036 
        TC34  1 0.0017 0.0019 0.0013 0.0268 0.0062 0.0012 0.0035 0.0039 0.0071 0.9087 0.0043 0.0026 0.0017 0.0236 0.0057 
        TC35  1 0.0054 0.0023 0.0031 0.0068 0.0069 0.0055 0.0061 0.0028 0.0284 0.8956 0.0026 0.0229 0.0015 0.0058 0.0044 
        TC36  1 0.0131 0.0032 0.0016 0.0043 0.0067 0.0017 0.0029 0.0031 0.0045 0.9280 0.0039 0.0054 0.0058 0.0084 0.0075 
        TC37  1 0.0016 0.0022 0.0015 0.0021 0.0188 0.0034 0.0019 0.0012 0.0048 0.9186 0.0045 0.0093 0.0018 0.0223 0.0060 
        TC38  1 0.0028 0.0030 0.0195 0.0411 0.0033 0.0010 0.0034 0.0062 0.0052 0.8736 0.0027 0.0245 0.0026 0.0070 0.0041 
        TC39  1 0.0021 0.0024 0.0019 0.0878 0.0145 0.0012 0.0023 0.0310 0.0040 0.8074 0.0039 0.0272 0.0022 0.0074 0.0047 
        TC40  1 0.0019 0.0018 0.0015 0.0099 0.0016 0.0030 0.0037 0.0037 0.0052 0.9183 0.0046 0.0035 0.0040 0.0346 0.0029 
        TC41  1 0.0022 0.0017 0.0017 0.0029 0.0043 0.0076 0.0205 0.0020 0.0033 0.9213 0.0042 0.0034 0.0039 0.0073 0.0137 
        TC42  1 0.0013 0.0018 0.0008 0.0092 0.0049 0.0008 0.0031 0.0014 0.0034 0.9541 0.0040 0.0057 0.0021 0.0051 0.0023 
        TC43  1 0.0012 0.0021 0.0014 0.0098 0.0055 0.0022 0.0034 0.0010 0.0045 0.9403 0.0045 0.0118 0.0019 0.0068 0.0036 
        TC44  1 0.0011 0.0018 0.0012 0.0149 0.0013 0.0010 0.0029 0.0050 0.0090 0.9271 0.0035 0.0186 0.0025 0.0051 0.0050 
        TC45  1 0.0015 0.0042 0.0035 0.0021 0.0042 0.0013 0.0016 0.0069 0.0032 0.9443 0.0047 0.0051 0.0017 0.0044 0.0114 
        TC46  1 0.0023 0.0027 0.0028 0.0032 0.0031 0.0021 0.0042 0.0021 0.0088 0.9371 0.0032 0.0027 0.0053 0.0078 0.0127 
        TC47  1 0.0018 0.0014 0.0013 0.0092 0.0015 0.0015 0.0023 0.0037 0.0133 0.9442 0.0027 0.0047 0.0015 0.0064 0.0045 
        TC48  1 0.0040 0.0033 0.0035 0.0053 0.0026 0.0026 0.0037 0.0036 0.0052 0.8995 0.0099 0.0042 0.0018 0.0460 0.0049 
        TC49  1 0.0021 0.0037 0.0013 0.0036 0.0049 0.0029 0.0049 0.0021 0.0055 0.9502 0.0042 0.0025 0.0011 0.0076 0.0036 
        TC50  1 0.0018 0.0015 0.0023 0.0037 0.0024 0.0028 0.0032 0.0012 0.0097 0.9315 0.0158 0.0034 0.0031 0.0156 0.0021 
        TC51  1 0.0013 0.0036 0.0015 0.0159 0.0011 0.0015 0.0029 0.0015 0.0070 0.9460 0.0037 0.0026 0.0019 0.0062 0.0034 
        TC52  1 0.0014 0.0019 0.0025 0.0036 0.0016 0.0008 0.0020 0.0016 0.0026 0.9435 0.0031 0.0019 0.0135 0.0067 0.0135 
        TC53  1 0.0015 0.0062 0.0008 0.0057 0.0022 0.0011 0.0025 0.0016 0.0065 0.9401 0.0082 0.0116 0.0033 0.0069 0.0020 
        TC54  1 0.0088 0.0024 0.0019 0.0119 0.0023 0.0011 0.0036 0.0021 0.0062 0.8553 0.0099 0.0033 0.0023 0.0791 0.0099 
        TC55  1 0.0071 0.0034 0.0022 0.0073 0.0031 0.0064 0.0023 0.0147 0.0060 0.9009 0.0169 0.0037 0.0041 0.0153 0.0066 
        TC56  1 0.0018 0.0035 0.0066 0.0051 0.0045 0.0026 0.0084 0.0012 0.0074 0.8905 0.0166 0.0119 0.0029 0.0345 0.0027 
        TC57  1 0.0058 0.0033 0.0013 0.0032 0.0041 0.0030 0.0041 0.0058 0.0088 0.9217 0.0063 0.0154 0.0024 0.0121 0.0027 
        TC58  1 0.0020 0.0014 0.0012 0.0036 0.0015 0.0011 0.0020 0.0042 0.0215 0.9347 0.0042 0.0028 0.0015 0.0056 0.0127 
        TC59  1 0.0040 0.0019 0.0008 0.0082 0.0020 0.0010 0.0020 0.0011 0.0054 0.9573 0.0027 0.0038 0.0012 0.0063 0.0025 
        TA01  2 0.0024 0.0013 0.0012 0.0073 0.0024 0.0010 0.0027 0.0046 0.0048 0.9387 0.0099 0.0106 0.0012 0.0098 0.0023 
        TA02  2 0.0019 0.0016 0.0017 0.0038 0.0076 0.0017 0.0162 0.0013 0.0028 0.9147 0.0029 0.0180 0.0035 0.0183 0.0039 
        TA03  2 0.0014 0.0017 0.0012 0.0061 0.0018 0.0019 0.0026 0.0023 0.0079 0.8991 0.0056 0.0507 0.0022 0.0115 0.0040 
        TA04  2 0.0015 0.0015 0.0010 0.1906 0.0017 0.0038 0.0019 0.0016 0.0045 0.5140 0.0041 0.2576 0.0028 0.0061 0.0072 
        TA05  2 0.0013 0.0020 0.0014 0.0034 0.0014 0.0011 0.0018 0.0012 0.0040 0.9605 0.0037 0.0057 0.0013 0.0080 0.0031 
        TA06  2 0.0015 0.0010 0.0011 0.0062 0.0055 0.0012 0.0013 0.0041 0.0076 0.9440 0.0098 0.0054 0.0023 0.0058 0.0034 
        TA07  2 0.0061 0.0042 0.0013 0.0030 0.0011 0.0013 0.0030 0.0016 0.0059 0.6201 0.0038 0.3287 0.0026 0.0133 0.0040 
        TA08  2 0.0008 0.0014 0.0015 0.0125 0.0016 0.0009 0.0018 0.0037 0.0073 0.9250 0.0041 0.0310 0.0014 0.0054 0.0016 
        TA09  2 0.0010 0.0014 0.0008 0.0078 0.0060 0.0009 0.0019 0.0022 0.0035 0.9217 0.0031 0.0368 0.0021 0.0064 0.0043 
        TA10  2 0.0026 0.0029 0.0012 0.0058 0.0021 0.0013 0.0060 0.0038 0.0522 0.8832 0.0079 0.0206 0.0014 0.0062 0.0028 
        TA11  2 0.0013 0.0024 0.0022 0.0076 0.0031 0.0024 0.0090 0.0274 0.0318 0.8837 0.0048 0.0076 0.0017 0.0073 0.0075 
        TA12  2 0.0015 0.0029 0.0010 0.0037 0.0021 0.0014 0.0678 0.0029 0.0149 0.8420 0.0129 0.0354 0.0012 0.0081 0.0024 
        TA13  2 0.0035 0.0362 0.0013 0.0675 0.0020 0.0017 0.0190 0.0011 0.0152 0.7873 0.0388 0.0100 0.0027 0.0108 0.0027 
        TA14  2 0.0010 0.0014 0.0008 0.0059 0.0039 0.0012 0.0024 0.0031 0.0026 0.9221 0.0041 0.0345 0.0044 0.0105 0.0021 
        TA15  2 0.0011 0.0018 0.0008 0.0062 0.0024 0.0014 0.0024 0.0011 0.0033 0.9515 0.0061 0.0124 0.0014 0.0060 0.0022 
        TA16  2 0.0036 0.0024 0.0011 0.0415 0.0063 0.0010 0.0223 0.0034 0.0318 0.8326 0.0059 0.0370 0.0020 0.0058 0.0032 
        TA17  2 0.0013 0.0020 0.0009 0.0065 0.0015 0.0015 0.0045 0.0023 0.0057 0.9460 0.0077 0.0051 0.0015 0.0099 0.0034 
        TA18  2 0.0015 0.0017 0.0009 0.0047 0.0032 0.0548 0.0026 0.0008 0.0072 0.8836 0.0226 0.0034 0.0011 0.0058 0.0060 
        TA19  2 0.0016 0.0024 0.0010 0.0274 0.0027 0.0047 0.0022 0.0022 0.0789 0.8496 0.0038 0.0084 0.0017 0.0078 0.0055 
        TA20  2 0.0030 0.0031 0.0020 0.0059 0.0165 0.0013 0.0695 0.0125 0.0036 0.8356 0.0031 0.0104 0.0014 0.0303 0.0020 
        TA21  2 0.0041 0.0033 0.0015 0.0202 0.0073 0.0013 0.0037 0.0332 0.0049 0.8652 0.0135 0.0124 0.0024 0.0239 0.0031 
        TA22  2 0.0021 0.0010 0.0010 0.0117 0.0073 0.0020 0.0029 0.0012 0.0027 0.9172 0.0143 0.0055 0.0013 0.0274 0.0024 
        TA23  2 0.0014 0.0011 0.0009 0.0438 0.0929 0.0013 0.0022 0.0015 0.0034 0.8166 0.0049 0.0183 0.0014 0.0077 0.0025 
        TA24  2 0.0242 0.0021 0.0010 0.0041 0.0020 0.0013 0.0028 0.0011 0.0053 0.9314 0.0031 0.0036 0.0068 0.0071 0.0039 
        TA25  2 0.0024 0.0033 0.0011 0.0095 0.0031 0.0015 0.0096 0.0020 0.1492 0.7960 0.0102 0.0039 0.0014 0.0044 0.0023 
        TA26  2 0.0010 0.0017 0.0047 0.0277 0.0032 0.0015 0.0044 0.0353 0.0120 0.8492 0.0083 0.0351 0.0012 0.0125 0.0022 
        TA27  2 0.0015 0.0022 0.0009 0.0053 0.0520 0.0013 0.0152 0.0016 0.0052 0.8879 0.0065 0.0054 0.0022 0.0097 0.0029 
        TA28  2 0.0026 0.0028 0.0051 0.0051 0.0069 0.0026 0.0212 0.0027 0.0033 0.8857 0.0026 0.0219 0.0056 0.0238 0.0080 
        TA29  2 0.0017 0.0015 0.0010 0.0131 0.0022 0.0015 0.0028 0.0015 0.0063 0.9495 0.0062 0.0030 0.0014 0.0055 0.0027 
        TA30  2 0.0016 0.0054 0.0015 0.0795 0.0128 0.0016 0.0047 0.1336 0.0122 0.6799 0.0119 0.0334 0.0019 0.0150 0.0050 
      BERM01  3 0.0008 0.0012 0.0008 0.9698 0.0010 0.0012 0.0017 0.0019 0.0028 0.0024 0.0036 0.0028 0.0010 0.0071 0.0019 
      BERM02  3 0.0010 0.0013 0.0011 0.9608 0.0022 0.0018 0.0017 0.0026 0.0024 0.0054 0.0035 0.0060 0.0012 0.0064 0.0025 
      BERM03  3 0.0013 0.0017 0.0010 0.9670 0.0011 0.0010 0.0024 0.0026 0.0040 0.0023 0.0033 0.0027 0.0010 0.0061 0.0025 
      BERM04  3 0.0010 0.0013 0.0011 0.9674 0.0007 0.0009 0.0013 0.0039 0.0052 0.0020 0.0038 0.0026 0.0012 0.0054 0.0022 
      BERM05  3 0.0019 0.0012 0.0017 0.9594 0.0008 0.0009 0.0024 0.0018 0.0052 0.0018 0.0074 0.0022 0.0024 0.0081 0.0030 
      BERM06  3 0.0026 0.0012 0.0014 0.9362 0.0011 0.0011 0.0015 0.0191 0.0032 0.0037 0.0035 0.0100 0.0014 0.0049 0.0091 
      BERM07  3 0.0010 0.0014 0.0011 0.9613 0.0015 0.0011 0.0016 0.0032 0.0052 0.0048 0.0029 0.0047 0.0012 0.0063 0.0027 
      BERM08  3 0.0008 0.0009 0.0012 0.9732 0.0008 0.0008 0.0013 0.0010 0.0029 0.0033 0.0038 0.0035 0.0010 0.0039 0.0016 
      BERM09  3 0.0011 0.0012 0.0007 0.7420 0.0029 0.0010 0.0013 0.0017 0.0031 0.0047 0.0020 0.2256 0.0012 0.0053 0.0062 
      BERM10  3 0.0068 0.0040 0.0020 0.9299 0.0073 0.0009 0.0025 0.0166 0.0067 0.0054 0.0034 0.0035 0.0012 0.0059 0.0039 
      BERM11  3 0.0009 0.0013 0.0013 0.8723 0.0013 0.0012 0.0015 0.0023 0.0037 0.0040 0.0033 0.0970 0.0012 0.0065 0.0022 
      BERM12  3 0.0008 0.0011 0.0282 0.8984 0.0036 0.0011 0.0023 0.0055 0.0197 0.0048 0.0070 0.0108 0.0072 0.0066 0.0030 
      BERM13  3 0.0017 0.0013 0.0008 0.9456 0.0013 0.0014 0.0014 0.0009 0.0036 0.0031 0.0026 0.0061 0.0010 0.0056 0.0236 
      BERM14  3 0.0008 0.0013 0.0009 0.9383 0.0012 0.0007 0.0021 0.0227 0.0046 0.0082 0.0029 0.0066 0.0025 0.0051 0.0023 
      CROC01  3 0.0021 0.0030 0.0015 0.8861 0.0015 0.0032 0.0031 0.0014 0.0074 0.0033 0.0047 0.0051 0.0125 0.0575 0.0075 
      CROC02  3 0.0041 0.0018 0.0021 0.7963 0.0017 0.0009 0.0016 0.0085 0.0044 0.0026 0.0066 0.0130 0.0020 0.0080 0.1463 
      CROC03  3 0.0018 0.0015 0.0051 0.8207 0.0021 0.0016 0.0027 0.0091 0.0067 0.0034 0.0044 0.1229 0.0035 0.0109 0.0036 
      CROC04  3 0.0619 0.0014 0.0008 0.8388 0.0538 0.0007 0.0022 0.0010 0.0038 0.0139 0.0030 0.0023 0.0034 0.0057 0.0073 
      CROC05  3 0.0041 0.0015 0.0011 0.9600 0.0012 0.0010 0.0020 0.0072 0.0037 0.0017 0.0037 0.0038 0.0012 0.0058 0.0022 
      CROC06  3 0.0493 0.0017 0.0019 0.8311 0.0025 0.0010 0.0022 0.0052 0.0150 0.0205 0.0183 0.0054 0.0084 0.0147 0.0227 
      CROC07  3 0.0020 0.0015 0.0011 0.9489 0.0046 0.0010 0.0020 0.0023 0.0035 0.0042 0.0055 0.0112 0.0014 0.0060 0.0049 
      CROC08  3 0.0012 0.0023 0.0029 0.9210 0.0025 0.0012 0.0100 0.0021 0.0083 0.0025 0.0058 0.0030 0.0021 0.0332 0.0018 
      CROC09  3 0.0020 0.0029 0.0019 0.9101 0.0008 0.0016 0.0015 0.0150 0.0026 0.0020 0.0034 0.0095 0.0035 0.0414 0.0016 
      CROC10  3 0.0010 0.0015 0.0013 0.9666 0.0010 0.0015 0.0014 0.0017 0.0040 0.0022 0.0068 0.0036 0.0012 0.0044 0.0019 
      CROC11  3 0.0019 0.0028 0.0020 0.9099 0.0008 0.0017 0.0016 0.0150 0.0027 0.0020 0.0035 0.0095 0.0033 0.0417 0.0016 
     CROC110  3 0.0054 0.0396 0.0009 0.8877 0.0018 0.0016 0.0026 0.0054 0.0039 0.0089 0.0026 0.0184 0.0034 0.0147 0.0032 
     CROC116  3 0.0028 0.0023 0.0028 0.8268 0.0032 0.0017 0.0056 0.0151 0.0044 0.0104 0.0913 0.0053 0.0136 0.0109 0.0039 
      CROC12  3 0.0025 0.0020 0.0010 0.9658 0.0022 0.0018 0.0021 0.0028 0.0028 0.0028 0.0027 0.0018 0.0010 0.0059 0.0028 
     CROC123  3 0.0008 0.0011 0.0011 0.9697 0.0010 0.0011 0.0014 0.0053 0.0022 0.0032 0.0027 0.0031 0.0015 0.0042 0.0015 
      CROC13  3 0.0011 0.0013 0.0050 0.9486 0.0012 0.0007 0.0021 0.0143 0.0048 0.0023 0.0065 0.0032 0.0013 0.0054 0.0021 
      CROC14  3 0.0293 0.0196 0.0029 0.8504 0.0020 0.0007 0.0027 0.0141 0.0351 0.0118 0.0042 0.0074 0.0016 0.0145 0.0037 
      CROC15  3 0.0018 0.0077 0.0036 0.8251 0.0014 0.0012 0.0030 0.0019 0.0094 0.0049 0.0032 0.0021 0.0759 0.0437 0.0152 
      CROC16  3 0.0030 0.0032 0.0142 0.8898 0.0008 0.0014 0.0033 0.0195 0.0037 0.0021 0.0215 0.0040 0.0082 0.0209 0.0048 
      CROC17  3 0.0010 0.0014 0.0011 0.8446 0.1292 0.0013 0.0029 0.0017 0.0026 0.0033 0.0022 0.0019 0.0010 0.0042 0.0017 
      CROC18  3 0.0010 0.0017 0.0054 0.9070 0.0013 0.0055 0.0038 0.0027 0.0033 0.0054 0.0037 0.0029 0.0022 0.0066 0.0476 
      CROC19  3 0.0184 0.0034 0.0015 0.9166 0.0096 0.0014 0.0028 0.0010 0.0088 0.0055 0.0030 0.0064 0.0035 0.0088 0.0094 
     CROC198  3 0.0013 0.0017 0.0011 0.9316 0.0012 0.0008 0.0019 0.0320 0.0069 0.0021 0.0041 0.0052 0.0012 0.0065 0.0025 
      CROC20  3 0.0025 0.0033 0.0028 0.9258 0.0011 0.0026 0.0057 0.0046 0.0053 0.0023 0.0096 0.0067 0.0030 0.0122 0.0123 
     CROC202  3 0.0012 0.0014 0.0082 0.9450 0.0013 0.0009 0.0025 0.0076 0.0072 0.0034 0.0059 0.0025 0.0024 0.0058 0.0046 
      CROC21  3 0.0013 0.0043 0.0015 0.9549 0.0013 0.0012 0.0020 0.0015 0.0039 0.0056 0.0041 0.0051 0.0012 0.0089 0.0030 
     CROC216  3 0.0025 0.0026 0.0020 0.9013 0.0023 0.0018 0.0033 0.0012 0.0041 0.0122 0.0033 0.0116 0.0070 0.0130 0.0318 
      CROC22  3 0.0011 0.0042 0.0017 0.8425 0.0035 0.0018 0.0601 0.0231 0.0213 0.0058 0.0036 0.0219 0.0014 0.0053 0.0026 
      CROC23  3 0.0012 0.0018 0.0013 0.9417 0.0039 0.0023 0.0021 0.0010 0.0032 0.0123 0.0120 0.0066 0.0013 0.0076 0.0019 
      CROC24  3 0.0018 0.0017 0.0039 0.9329 0.0019 0.0009 0.0025 0.0209 0.0033 0.0031 0.0032 0.0101 0.0018 0.0097 0.0024 
      CROC25  3 0.0013 0.0012 0.0009 0.9622 0.0012 0.0014 0.0016 0.0039 0.0040 0.0032 0.0023 0.0051 0.0017 0.0066 0.0033 
     CROC259  3 0.0033 0.0012 0.0016 0.9178 0.0118 0.0010 0.0040 0.0018 0.0213 0.0158 0.0054 0.0054 0.0014 0.0064 0.0019 
      CROC26  3 0.0011 0.0011 0.0015 0.8696 0.0587 0.0010 0.0021 0.0025 0.0073 0.0321 0.0044 0.0037 0.0020 0.0102 0.0028 
      CROC27  3 0.0020 0.0021 0.0014 0.8270 0.0052 0.0011 0.0057 0.0079 0.0053 0.0121 0.0038 0.0926 0.0033 0.0264 0.0041 
      CROC28  3 0.0014 0.0013 0.0010 0.8171 0.0038 0.0007 0.0023 0.0626 0.0035 0.0764 0.0029 0.0161 0.0021 0.0070 0.0018 
      CROC29  3 0.0020 0.0034 0.0013 0.9377 0.0016 0.0015 0.0019 0.0032 0.0036 0.0042 0.0045 0.0080 0.0051 0.0199 0.0021 
      CROC30  3 0.0089 0.0023 0.0017 0.7972 0.0016 0.0013 0.0041 0.0030 0.0036 0.0045 0.0035 0.0025 0.0025 0.0097 0.1535 
      CROC31  3 0.0018 0.0026 0.0012 0.8446 0.0039 0.0011 0.0030 0.0031 0.0033 0.0129 0.0850 0.0240 0.0019 0.0092 0.0024 
      CROC32  3 0.0017 0.0019 0.0010 0.9389 0.0015 0.0007 0.0015 0.0283 0.0042 0.0030 0.0031 0.0034 0.0011 0.0048 0.0048 
      CROC33  3 0.0125 0.0024 0.0020 0.8768 0.0013 0.0011 0.0045 0.0012 0.0030 0.0100 0.0028 0.0271 0.0036 0.0487 0.0032 
      CROC34  3 0.0018 0.0011 0.0013 0.9551 0.0014 0.0013 0.0022 0.0013 0.0064 0.0042 0.0036 0.0029 0.0015 0.0110 0.0050 
      CROC35  3 0.0059 0.0108 0.0013 0.8915 0.0025 0.0009 0.0021 0.0015 0.0025 0.0451 0.0025 0.0271 0.0009 0.0040 0.0015 
      CROC36  3 0.0010 0.0011 0.0011 0.9715 0.0008 0.0011 0.0013 0.0032 0.0030 0.0019 0.0039 0.0021 0.0015 0.0050 0.0016 
      CROC57  3 0.0014 0.0015 0.0011 0.9621 0.0009 0.0010 0.0021 0.0016 0.0061 0.0019 0.0036 0.0042 0.0019 0.0082 0.0023 
      CROC81  3 0.0023 0.0023 0.0217 0.8908 0.0013 0.0017 0.0031 0.0097 0.0039 0.0024 0.0058 0.0043 0.0029 0.0333 0.0147 
      CROC84  3 0.0006 0.0010 0.0043 0.9574 0.0020 0.0007 0.0019 0.0022 0.0062 0.0034 0.0067 0.0051 0.0031 0.0041 0.0013 
        FW01  3 0.0007 0.0011 0.0010 0.0020 0.0007 0.0008 0.0013 0.9763 0.0028 0.0014 0.0022 0.0020 0.0010 0.0049 0.0019 
        FW02  3 0.0008 0.0011 0.0007 0.9758 0.0008 0.0009 0.0012 0.0012 0.0028 0.0015 0.0020 0.0044 0.0009 0.0042 0.0018 
        FW03  3 0.0007 0.0008 0.0008 0.0017 0.0006 0.0007 0.0010 0.9800 0.0023 0.0013 0.0019 0.0017 0.0010 0.0040 0.0015 
        FW04  3 0.0008 0.0010 0.0007 0.9757 0.0008 0.0009 0.0012 0.0013 0.0027 0.0015 0.0020 0.0044 0.0010 0.0041 0.0018 
        FW05  3 0.0007 0.0011 0.0007 0.9758 0.0008 0.0009 0.0012 0.0012 0.0027 0.0015 0.0020 0.0044 0.0010 0.0041 0.0018 
        FW06  3 0.0008 0.0011 0.0007 0.9757 0.0008 0.0009 0.0012 0.0012 0.0027 0.0016 0.0020 0.0044 0.0010 0.0042 0.0018 
        FW07  3 0.0006 0.0008 0.0008 0.0017 0.0006 0.0007 0.0010 0.9800 0.0023 0.0013 0.0019 0.0017 0.0010 0.0040 0.0015 
        FW08  3 0.0008 0.0010 0.0007 0.9759 0.0008 0.0009 0.0012 0.0013 0.0027 0.0015 0.0020 0.0042 0.0010 0.0042 0.0018 
        FW09  3 0.0008 0.0011 0.0007 0.9758 0.0008 0.0009 0.0012 0.0013 0.0027 0.0015 0.0020 0.0044 0.0009 0.0042 0.0018 
        FW10  3 0.0006 0.0009 0.0008 0.0017 0.0006 0.0007 0.0010 0.9798 0.0023 0.0013 0.0020 0.0017 0.0010 0.0041 0.0015 
       FW100  3 0.0006 0.0009 0.0008 0.0019 0.0006 0.0007 0.0010 0.9796 0.0023 0.0014 0.0019 0.0017 0.0010 0.0041 0.0015 
       FW101  3 0.0006 0.0009 0.0008 0.0017 0.0006 0.0007 0.0010 0.9798 0.0023 0.0013 0.0019 0.0017 0.0010 0.0041 0.0015 
       FW102  3 0.0008 0.0010 0.0007 0.9758 0.0008 0.0009 0.0012 0.0013 0.0028 0.0015 0.0020 0.0044 0.0010 0.0041 0.0018 
       FW103  3 0.0008 0.0010 0.0007 0.9756 0.0008 0.0009 0.0012 0.0013 0.0028 0.0015 0.0021 0.0045 0.0010 0.0042 0.0018 
       FW104  3 0.0007 0.0011 0.0010 0.0020 0.0007 0.0008 0.0013 0.9764 0.0028 0.0014 0.0022 0.0020 0.0010 0.0048 0.0019 
       FW105  3 0.0006 0.0009 0.0008 0.0017 0.0006 0.0007 0.0010 0.9798 0.0023 0.0013 0.0019 0.0017 0.0010 0.0041 0.0015 
       FW106  3 0.0018 0.0031 0.0032 0.8233 0.0018 0.0456 0.0280 0.0042 0.0058 0.0076 0.0077 0.0393 0.0071 0.0108 0.0107 
       FW107  3 0.0007 0.0011 0.0010 0.0020 0.0007 0.0007 0.0013 0.9764 0.0028 0.0014 0.0021 0.0020 0.0010 0.0049 0.0019 
       FW108  3 0.0007 0.0010 0.0007 0.9759 0.0008 0.0009 0.0012 0.0013 0.0027 0.0016 0.0020 0.0043 0.0010 0.0042 0.0018 
       FW109  3 0.0006 0.0009 0.0008 0.0017 0.0006 0.0007 0.0010 0.9798 0.0023 0.0013 0.0019 0.0017 0.0010 0.0041 0.0015 
        FW11  3 0.0006 0.0008 0.0008 0.0019 0.0006 0.0007 0.0010 0.9796 0.0023 0.0014 0.0019 0.0017 0.0010 0.0042 0.0015 
       FW110  3 0.0007 0.0008 0.0008 0.0017 0.0006 0.0007 0.0010 0.9800 0.0023 0.0013 0.0019 0.0017 0.0010 0.0040 0.0015 
       FW111  3 0.0008 0.0011 0.0007 0.9756 0.0008 0.0009 0.0012 0.0012 0.0027 0.0015 0.0020 0.0045 0.0010 0.0042 0.0018 
       FW112  3 0.0006 0.0009 0.0008 0.0019 0.0006 0.0007 0.0010 0.9797 0.0023 0.0014 0.0019 0.0017 0.0010 0.0041 0.0015 
       FW113  3 0.0008 0.0010 0.0007 0.9761 0.0008 0.0009 0.0012 0.0012 0.0027 0.0015 0.0020 0.0042 0.0010 0.0041 0.0018 
       FW114  3 0.0010 0.0011 0.0008 0.0021 0.0015 0.0007 0.0014 0.9743 0.0024 0.0032 0.0025 0.0019 0.0011 0.0042 0.0017 
       FW115  3 0.0006 0.0009 0.0008 0.0017 0.0006 0.0007 0.0010 0.9799 0.0023 0.0013 0.0019 0.0017 0.0010 0.0041 0.0015 
       FW116  3 0.0008 0.0011 0.0007 0.9757 0.0008 0.0009 0.0012 0.0012 0.0028 0.0015 0.0020 0.0044 0.0010 0.0042 0.0018 
        FW12  3 0.0007 0.0010 0.0007 0.9759 0.0008 0.0009 0.0012 0.0013 0.0027 0.0015 0.0020 0.0043 0.0010 0.0042 0.0018 
        FW13  3 0.0007 0.0011 0.0007 0.9759 0.0008 0.0009 0.0011 0.0012 0.0027 0.0015 0.0021 0.0043 0.0010 0.0042 0.0018 
        FW14  3 0.0007 0.0011 0.0010 0.0020 0.0007 0.0007 0.0013 0.9763 0.0028 0.0014 0.0022 0.0020 0.0010 0.0049 0.0019 
        FW15  3 0.0007 0.0011 0.0010 0.0019 0.0007 0.0007 0.0013 0.9764 0.0028 0.0014 0.0022 0.0020 0.0010 0.0048 0.0019 
        FW16  3 0.0006 0.0009 0.0008 0.0017 0.0006 0.0007 0.0010 0.9797 0.0023 0.0014 0.0019 0.0017 0.0010 0.0041 0.0015 
        FW17  3 0.0007 0.0009 0.0008 0.0017 0.0006 0.0007 0.0010 0.9798 0.0023 0.0013 0.0019 0.0017 0.0010 0.0041 0.0015 
        FW18  3 0.0006 0.0008 0.0008 0.0019 0.0006 0.0007 0.0010 0.9796 0.0023 0.0013 0.0019 0.0017 0.0010 0.0041 0.0015 
        FW19  3 0.0008 0.0010 0.0007 0.9758 0.0008 0.0009 0.0012 0.0013 0.0027 0.0015 0.0020 0.0044 0.0010 0.0042 0.0018 
        FW20  3 0.0008 0.0010 0.0007 0.9757 0.0008 0.0009 0.0012 0.0012 0.0027 0.0015 0.0021 0.0044 0.0010 0.0042 0.0018 
        FW21  3 0.0008 0.0011 0.0007 0.9755 0.0008 0.0009 0.0012 0.0014 0.0027 0.0015 0.0020 0.0045 0.0010 0.0042 0.0018 
        FW22  3 0.0006 0.0009 0.0008 0.0019 0.0006 0.0007 0.0010 0.9796 0.0023 0.0014 0.0020 0.0017 0.0009 0.0041 0.0015 
        FW23  3 0.0008 0.0010 0.0007 0.9758 0.0008 0.0009 0.0012 0.0012 0.0027 0.0015 0.0020 0.0044 0.0009 0.0042 0.0018 
        FW24  3 0.0008 0.0010 0.0007 0.9759 0.0008 0.0009 0.0012 0.0013 0.0027 0.0015 0.0021 0.0044 0.0009 0.0041 0.0018 
        FW25  3 0.0008 0.0011 0.0007 0.9759 0.0008 0.0009 0.0012 0.0013 0.0027 0.0015 0.0020 0.0043 0.0010 0.0041 0.0018 
        FW26  3 0.0008 0.0010 0.0007 0.9758 0.0008 0.0009 0.0012 0.0013 0.0027 0.0015 0.0020 0.0043 0.0010 0.0042 0.0018 
        FW27  3 0.0006 0.0009 0.0008 0.0017 0.0006 0.0007 0.0010 0.9798 0.0023 0.0013 0.0020 0.0017 0.0010 0.0041 0.0015 
        FW28  3 0.0008 0.0011 0.0007 0.9758 0.0008 0.0009 0.0012 0.0013 0.0027 0.0016 0.0021 0.0044 0.0009 0.0042 0.0017 
        FW29  3 0.0008 0.0010 0.0007 0.9758 0.0008 0.0009 0.0012 0.0013 0.0028 0.0015 0.0020 0.0044 0.0010 0.0041 0.0017 
        FW30  3 0.0017 0.0032 0.0031 0.8244 0.0019 0.0443 0.0287 0.0045 0.0057 0.0076 0.0078 0.0383 0.0072 0.0108 0.0110 
        FW32  3 0.0007 0.0011 0.0010 0.0020 0.0006 0.0007 0.0013 0.9764 0.0028 0.0014 0.0022 0.0020 0.0010 0.0048 0.0019 
        FW33  3 0.0008 0.0011 0.0007 0.9753 0.0008 0.0010 0.0012 0.0013 0.0027 0.0016 0.0021 0.0046 0.0010 0.0042 0.0018 
        FW34  3 0.0008 0.0010 0.0007 0.9760 0.0008 0.0009 0.0012 0.0012 0.0027 0.0015 0.0020 0.0043 0.0010 0.0041 0.0018 
        FW35  3 0.0008 0.0011 0.0007 0.9757 0.0008 0.0009 0.0012 0.0012 0.0027 0.0015 0.0020 0.0045 0.0009 0.0041 0.0018 
        FW36  3 0.0008 0.0010 0.0007 0.9758 0.0008 0.0009 0.0012 0.0013 0.0027 0.0015 0.0020 0.0045 0.0010 0.0042 0.0018 
        FW37  3 0.0006 0.0008 0.0008 0.0017 0.0006 0.0007 0.0010 0.9798 0.0023 0.0013 0.0019 0.0017 0.0010 0.0041 0.0015 
        FW51  3 0.0008 0.0011 0.0007 0.9758 0.0008 0.0009 0.0012 0.0012 0.0027 0.0015 0.0021 0.0044 0.0010 0.0041 0.0018 
        FW52  3 0.0006 0.0008 0.0008 0.0017 0.0006 0.0007 0.0010 0.9799 0.0023 0.0013 0.0019 0.0017 0.0010 0.0042 0.0015 
        FW53  3 0.0008 0.0010 0.0007 0.9756 0.0008 0.0009 0.0012 0.0012 0.0027 0.0015 0.0020 0.0045 0.0010 0.0041 0.0018 
        FW54  3 0.0007 0.0009 0.0008 0.0017 0.0006 0.0007 0.0010 0.9800 0.0023 0.0013 0.0019 0.0017 0.0010 0.0040 0.0015 
        FW55  3 0.0008 0.0010 0.0007 0.9759 0.0009 0.0009 0.0012 0.0012 0.0027 0.0015 0.0020 0.0043 0.0010 0.0041 0.0018 
        FW56  3 0.0008 0.0010 0.0007 0.9758 0.0008 0.0009 0.0012 0.0013 0.0027 0.0015 0.0020 0.0043 0.0009 0.0042 0.0018 
        FW57  3 0.0008 0.0011 0.0007 0.9761 0.0008 0.0009 0.0012 0.0012 0.0027 0.0015 0.0020 0.0042 0.0009 0.0042 0.0018 
        FW78  3 0.0008 0.0011 0.0007 0.9758 0.0009 0.0009 0.0012 0.0012 0.0027 0.0015 0.0020 0.0044 0.0010 0.0041 0.0017 
        FW79  3 0.0008 0.0010 0.0007 0.9755 0.0008 0.0009 0.0012 0.0013 0.0027 0.0016 0.0021 0.0046 0.0010 0.0042 0.0018 
        FW80  3 0.0008 0.0010 0.0007 0.9759 0.0008 0.0009 0.0012 0.0013 0.0027 0.0015 0.0021 0.0044 0.0010 0.0041 0.0018 
        FW81  3 0.0006 0.0009 0.0008 0.0017 0.0006 0.0007 0.0010 0.9801 0.0023 0.0013 0.0019 0.0017 0.0010 0.0040 0.0015 
        FW82  3 0.0006 0.0009 0.0008 0.0018 0.0006 0.0007 0.0010 0.9799 0.0023 0.0013 0.0019 0.0017 0.0010 0.0041 0.0015 
        FW83  3 0.0008 0.0011 0.0010 0.0020 0.0007 0.0007 0.0013 0.9765 0.0028 0.0014 0.0022 0.0020 0.0010 0.0048 0.0019 
        FW84  3 0.0008 0.0010 0.0007 0.9760 0.0009 0.0009 0.0012 0.0013 0.0027 0.0015 0.0020 0.0043 0.0009 0.0041 0.0018 
        FW85  3 0.0036 0.0025 0.0047 0.0018 0.0007 0.0007 0.0010 0.9435 0.0023 0.0055 0.0025 0.0056 0.0202 0.0040 0.0015 
        FW86  3 0.0006 0.0009 0.0008 0.0019 0.0006 0.0007 0.0010 0.9796 0.0023 0.0013 0.0019 0.0017 0.0010 0.0042 0.0015 
        FW87  3 0.0006 0.0009 0.0008 0.0019 0.0006 0.0007 0.0010 0.9797 0.0023 0.0013 0.0019 0.0017 0.0010 0.0041 0.0015 
        FW88  3 0.0008 0.0011 0.0007 0.9757 0.0008 0.0009 0.0012 0.0013 0.0027 0.0015 0.0021 0.0045 0.0010 0.0042 0.0018 
        FW89  3 0.0008 0.0010 0.0007 0.9757 0.0008 0.0009 0.0012 0.0012 0.0027 0.0015 0.0020 0.0046 0.0010 0.0041 0.0018 
        FW90  3 0.0008 0.0010 0.0007 0.9758 0.0008 0.0009 0.0012 0.0012 0.0027 0.0015 0.0021 0.0044 0.0010 0.0042 0.0017 
        FW91  3 0.0006 0.0009 0.0008 0.0017 0.0006 0.0007 0.0010 0.9799 0.0022 0.0013 0.0019 0.0017 0.0010 0.0041 0.0015 
        FW92  3 0.0008 0.0011 0.0007 0.9756 0.0008 0.0009 0.0012 0.0012 0.0027 0.0015 0.0020 0.0046 0.0010 0.0042 0.0018 
        FW93  3 0.0008 0.0011 0.0007 0.9756 0.0008 0.0009 0.0012 0.0013 0.0027 0.0015 0.0021 0.0045 0.0010 0.0042 0.0018 
        FW94  3 0.0006 0.0009 0.0008 0.0017 0.0006 0.0007 0.0010 0.9799 0.0023 0.0013 0.0019 0.0017 0.0010 0.0041 0.0015 
        FW95  3 0.0008 0.0010 0.0007 0.9758 0.0008 0.0009 0.0012 0.0012 0.0027 0.0016 0.0020 0.0045 0.0010 0.0041 0.0018 
        FW96  3 0.0008 0.0011 0.0007 0.9760 0.0008 0.0009 0.0012 0.0013 0.0027 0.0015 0.0020 0.0043 0.0009 0.0041 0.0018 
        FW97  3 0.0031 0.0021 0.0021 0.8458 0.0012 0.0016 0.0033 0.0162 0.0258 0.0038 0.0044 0.0270 0.0020 0.0140 0.0474 
        FW98  3 0.0007 0.0008 0.0008 0.0017 0.0006 0.0007 0.0010 0.9800 0.0023 0.0013 0.0019 0.0017 0.0010 0.0040 0.0015 
        FW99  3 0.0008 0.0011 0.0007 0.9757 0.0008 0.0009 0.0012 0.0012 0.0027 0.0015 0.0021 0.0045 0.0010 0.0042 0.0018 
       Cal01  3 0.0011 0.0014 0.0011 0.9500 0.0009 0.0008 0.0062 0.0012 0.0034 0.0034 0.0029 0.0070 0.0016 0.0174 0.0016 
       Cal02  3 0.0014 0.0028 0.0017 0.9551 0.0012 0.0031 0.0028 0.0037 0.0046 0.0044 0.0050 0.0027 0.0016 0.0057 0.0041 
       Cal03  3 0.0021 0.0015 0.0015 0.8324 0.0012 0.0010 0.0022 0.1268 0.0024 0.0021 0.0055 0.0051 0.0036 0.0094 0.0032 
       Cal04  3 0.0142 0.0034 0.0025 0.9219 0.0026 0.0015 0.0027 0.0035 0.0143 0.0082 0.0048 0.0019 0.0031 0.0084 0.0071 
       Cal05  3 0.0009 0.0009 0.0010 0.9483 0.0145 0.0008 0.0012 0.0053 0.0026 0.0034 0.0022 0.0120 0.0012 0.0038 0.0019 
       Cal06  3 0.0094 0.0019 0.0012 0.9126 0.0017 0.0020 0.0031 0.0012 0.0043 0.0336 0.0100 0.0061 0.0023 0.0083 0.0024 
       Cal07  3 0.0011 0.0011 0.0008 0.9312 0.0364 0.0008 0.0013 0.0015 0.0024 0.0036 0.0018 0.0102 0.0012 0.0041 0.0025 
       Cal08  3 0.0071 0.0013 0.0017 0.9352 0.0018 0.0009 0.0064 0.0171 0.0074 0.0028 0.0033 0.0027 0.0031 0.0070 0.0022 
       Cal09  3 0.0009 0.0045 0.0019 0.9275 0.0310 0.0010 0.0014 0.0038 0.0034 0.0094 0.0030 0.0036 0.0010 0.0049 0.0025 
       Cal10  3 0.0035 0.0025 0.0017 0.9406 0.0017 0.0009 0.0063 0.0050 0.0042 0.0050 0.0045 0.0043 0.0035 0.0128 0.0035 
       Cal11  3 0.0014 0.0018 0.0011 0.9361 0.0015 0.0015 0.0020 0.0066 0.0213 0.0069 0.0035 0.0055 0.0013 0.0061 0.0035 
      Cal197  3 0.0032 0.0015 0.0007 0.9663 0.0015 0.0010 0.0016 0.0012 0.0022 0.0033 0.0037 0.0031 0.0009 0.0076 0.0022 
      Cal198  3 0.0034 0.0016 0.0009 0.8245 0.0336 0.0009 0.0026 0.0509 0.0037 0.0069 0.0058 0.0036 0.0013 0.0556 0.0046 
      Cal199  3 0.0011 0.0013 0.0015 0.9084 0.0007 0.0008 0.0023 0.0028 0.0324 0.0018 0.0166 0.0157 0.0022 0.0105 0.0018 
      Cal200  3 0.0019 0.0031 0.0013 0.8963 0.0010 0.0008 0.0020 0.0068 0.0034 0.0057 0.0028 0.0547 0.0117 0.0061 0.0023 
      Cal201  3 0.0009 0.0025 0.0007 0.9245 0.0034 0.0011 0.0025 0.0080 0.0029 0.0051 0.0024 0.0379 0.0014 0.0044 0.0022 
      Cal202  3 0.0008 0.0056 0.0072 0.9185 0.0052 0.0012 0.0037 0.0024 0.0056 0.0022 0.0033 0.0070 0.0043 0.0315 0.0016 
      Cal203  3 0.0013 0.0015 0.0012 0.9458 0.0009 0.0011 0.0022 0.0119 0.0079 0.0024 0.0040 0.0076 0.0019 0.0077 0.0025 
      Cal204  3 0.0011 0.0012 0.0015 0.9564 0.0019 0.0018 0.0020 0.0008 0.0038 0.0024 0.0067 0.0059 0.0030 0.0088 0.0026 
      Cal205  3 0.0010 0.0020 0.0012 0.9534 0.0013 0.0026 0.0036 0.0025 0.0029 0.0035 0.0081 0.0056 0.0023 0.0085 0.0015 
      Cal206  3 0.0021 0.0041 0.0031 0.9406 0.0012 0.0018 0.0036 0.0065 0.0035 0.0020 0.0083 0.0086 0.0019 0.0078 0.0050 
      Cal207  3 0.0010 0.0015 0.0009 0.9251 0.0021 0.0008 0.0033 0.0011 0.0024 0.0037 0.0254 0.0090 0.0010 0.0189 0.0038 
      Cal208  3 0.0013 0.0015 0.0012 0.9598 0.0011 0.0008 0.0026 0.0066 0.0036 0.0021 0.0025 0.0017 0.0013 0.0109 0.0031 
      Cal209  3 0.0007 0.0014 0.0011 0.9718 0.0011 0.0008 0.0019 0.0024 0.0036 0.0017 0.0029 0.0037 0.0010 0.0040 0.0018 
      Cal210  3 0.0011 0.0014 0.0015 0.9085 0.0008 0.0008 0.0022 0.0027 0.0331 0.0019 0.0166 0.0149 0.0022 0.0106 0.0018 
      Cal211  3 0.0019 0.0014 0.0008 0.9522 0.0013 0.0009 0.0015 0.0012 0.0031 0.0041 0.0044 0.0157 0.0044 0.0046 0.0026 
      Cal212  3 0.0017 0.0014 0.0013 0.8785 0.0011 0.0011 0.0018 0.0089 0.0036 0.0032 0.0122 0.0668 0.0103 0.0058 0.0024 
      Cal213  3 0.0025 0.0030 0.0013 0.7764 0.0197 0.0008 0.0134 0.0416 0.0030 0.0384 0.0090 0.0158 0.0121 0.0554 0.0076 
      Cal214  3 0.0016 0.0044 0.0015 0.8790 0.0009 0.0011 0.0021 0.0028 0.0169 0.0023 0.0629 0.0018 0.0013 0.0198 0.0017 
      Cal215  3 0.0017 0.0021 0.0037 0.9434 0.0015 0.0010 0.0039 0.0040 0.0120 0.0026 0.0048 0.0038 0.0026 0.0083 0.0047 
      Cal216  3 0.0016 0.0038 0.0023 0.9106 0.0095 0.0016 0.0026 0.0097 0.0028 0.0030 0.0099 0.0130 0.0025 0.0210 0.0063 
      Cal217  3 0.0010 0.0013 0.0007 0.9693 0.0026 0.0011 0.0016 0.0020 0.0027 0.0024 0.0030 0.0044 0.0010 0.0054 0.0016 
      Cal218  3 0.0013 0.0013 0.0011 0.8110 0.0011 0.0010 0.0016 0.0085 0.0034 0.0029 0.0074 0.1498 0.0030 0.0046 0.0020 
      Cal219  3 0.0012 0.0022 0.0012 0.9520 0.0008 0.0015 0.0042 0.0099 0.0035 0.0031 0.0030 0.0049 0.0013 0.0043 0.0067 
      Cal220  3 0.0010 0.0014 0.0008 0.9147 0.0012 0.0479 0.0025 0.0019 0.0057 0.0025 0.0046 0.0029 0.0010 0.0089 0.0029 
      Cal221  3 0.0023 0.0012 0.0014 0.9303 0.0009 0.0009 0.0014 0.0141 0.0057 0.0029 0.0038 0.0177 0.0012 0.0116 0.0045 
      Cal222  3 0.0014 0.0012 0.0013 0.9424 0.0012 0.0010 0.0020 0.0039 0.0142 0.0037 0.0060 0.0083 0.0017 0.0094 0.0025 
      Cal223  3 0.0035 0.0021 0.0011 0.7474 0.0517 0.0015 0.0033 0.0058 0.0060 0.0716 0.0079 0.0316 0.0016 0.0595 0.0054 
      Cal224  3 0.0015 0.0016 0.0098 0.8627 0.0041 0.0007 0.0033 0.0012 0.0062 0.0024 0.0061 0.0037 0.0032 0.0768 0.0168 
       Cal33  3 0.0017 0.0022 0.0010 0.9636 0.0019 0.0010 0.0045 0.0037 0.0032 0.0022 0.0037 0.0028 0.0015 0.0044 0.0025 
       Cal34  3 0.0010 0.0013 0.0018 0.9267 0.0041 0.0062 0.0020 0.0047 0.0036 0.0082 0.0140 0.0030 0.0011 0.0202 0.0021 
       Cal35  3 0.0012 0.0014 0.0011 0.9658 0.0015 0.0011 0.0030 0.0016 0.0025 0.0038 0.0027 0.0042 0.0036 0.0045 0.0019 
       Cal37  3 0.0193 0.0058 0.0012 0.8737 0.0080 0.0016 0.0037 0.0019 0.0028 0.0144 0.0406 0.0052 0.0115 0.0043 0.0060 
       Cal38  3 0.0010 0.0010 0.0006 0.9707 0.0014 0.0009 0.0014 0.0010 0.0028 0.0030 0.0024 0.0068 0.0011 0.0042 0.0016 
       Cal39  3 0.0009 0.0013 0.0023 0.9025 0.0028 0.0008 0.0021 0.0561 0.0042 0.0026 0.0023 0.0128 0.0010 0.0046 0.0037 
       Cal40  3 0.0007 0.0014 0.0011 0.9720 0.0011 0.0008 0.0019 0.0024 0.0035 0.0017 0.0028 0.0036 0.0010 0.0041 0.0018 
       Cal41  3 0.0008 0.0012 0.0011 0.9713 0.0013 0.0008 0.0016 0.0027 0.0037 0.0025 0.0025 0.0026 0.0012 0.0042 0.0025 
       Cal42  3 0.0009 0.0019 0.0013 0.9668 0.0009 0.0007 0.0023 0.0016 0.0054 0.0017 0.0038 0.0038 0.0015 0.0053 0.0022 
       Cal43  3 0.0019 0.0018 0.0008 0.9558 0.0017 0.0011 0.0026 0.0037 0.0039 0.0033 0.0032 0.0069 0.0012 0.0067 0.0054 
       Cal44  3 0.0022 0.0014 0.0015 0.8012 0.0009 0.0477 0.0021 0.0116 0.0057 0.0034 0.0069 0.0906 0.0034 0.0172 0.0043 
        BW41  3 0.0011 0.0075 0.0308 0.8735 0.0021 0.0023 0.0021 0.0018 0.0045 0.0029 0.0035 0.0346 0.0033 0.0243 0.0057 
        BW42  3 0.0034 0.0027 0.0012 0.8836 0.0020 0.0015 0.0123 0.0336 0.0039 0.0048 0.0031 0.0062 0.0013 0.0092 0.0310 
        BW44  3 0.0012 0.0020 0.0008 0.8780 0.0054 0.0014 0.0018 0.0028 0.0040 0.0064 0.0025 0.0812 0.0012 0.0082 0.0030 
        BW45  3 0.0007 0.0010 0.0007 0.9066 0.0011 0.0009 0.0013 0.0015 0.0025 0.0038 0.0021 0.0712 0.0011 0.0038 0.0017 
        BW46  3 0.0013 0.0034 0.0017 0.9042 0.0010 0.0012 0.0023 0.0353 0.0031 0.0025 0.0065 0.0138 0.0020 0.0192 0.0025 
        BW47  3 0.0010 0.0010 0.0050 0.8976 0.0025 0.0200 0.0024 0.0017 0.0026 0.0060 0.0029 0.0033 0.0089 0.0045 0.0407 
        BW48  3 0.0034 0.0031 0.0039 0.8607 0.0030 0.0024 0.0072 0.0202 0.0069 0.0053 0.0074 0.0567 0.0033 0.0098 0.0066 
        BW49  3 0.0012 0.0020 0.0008 0.9348 0.0287 0.0009 0.0028 0.0010 0.0040 0.0058 0.0037 0.0046 0.0009 0.0055 0.0033 
        BW50  3 0.0014 0.0016 0.0021 0.9534 0.0009 0.0011 0.0017 0.0137 0.0035 0.0025 0.0024 0.0045 0.0012 0.0066 0.0034 
        BW51  3 0.0009 0.0019 0.0010 0.8540 0.0011 0.0010 0.0019 0.0144 0.0033 0.0345 0.0028 0.0720 0.0009 0.0083 0.0020 
        BW52  3 0.0012 0.0015 0.0009 0.9595 0.0010 0.0013 0.0016 0.0043 0.0111 0.0033 0.0026 0.0025 0.0009 0.0059 0.0022 
        BW53  3 0.0021 0.0020 0.0013 0.9262 0.0014 0.0240 0.0028 0.0021 0.0027 0.0046 0.0068 0.0043 0.0062 0.0072 0.0063 
        BW54  3 0.0034 0.0021 0.0049 0.7660 0.0019 0.0225 0.0022 0.0100 0.0046 0.0145 0.0041 0.0089 0.0224 0.0067 0.1260 
        BW55  3 0.0024 0.0018 0.0017 0.9045 0.0010 0.0010 0.0020 0.0202 0.0060 0.0033 0.0035 0.0277 0.0047 0.0163 0.0039 
        BW56  3 0.0018 0.0011 0.0023 0.9645 0.0015 0.0011 0.0017 0.0011 0.0032 0.0033 0.0054 0.0036 0.0016 0.0059 0.0019 
        BW57  3 0.0012 0.0024 0.0010 0.9385 0.0037 0.0030 0.0038 0.0024 0.0028 0.0066 0.0073 0.0031 0.0013 0.0207 0.0022 
        BW58  3 0.0010 0.0022 0.0012 0.9304 0.0020 0.0016 0.0066 0.0132 0.0029 0.0116 0.0056 0.0047 0.0011 0.0101 0.0059 
        BW59  3 0.0060 0.0012 0.0010 0.9570 0.0014 0.0009 0.0014 0.0045 0.0027 0.0030 0.0100 0.0034 0.0014 0.0041 0.0020 
        BW60  3 0.0009 0.0013 0.0011 0.9535 0.0014 0.0011 0.0024 0.0147 0.0033 0.0040 0.0032 0.0034 0.0017 0.0059 0.0020 
        BW61  3 0.0061 0.0016 0.0812 0.7864 0.0023 0.0010 0.0244 0.0132 0.0047 0.0045 0.0059 0.0556 0.0016 0.0072 0.0043 
        BW62  3 0.0023 0.0019 0.0028 0.7467 0.0018 0.0017 0.0020 0.0134 0.0031 0.0036 0.0023 0.1464 0.0338 0.0077 0.0305 
        BW63  3 0.0022 0.0060 0.0015 0.7357 0.0108 0.0034 0.0105 0.0491 0.0035 0.0446 0.0045 0.0448 0.0463 0.0133 0.0236 
        BW64  3 0.0018 0.0014 0.0008 0.9598 0.0012 0.0010 0.0019 0.0048 0.0028 0.0028 0.0021 0.0052 0.0015 0.0055 0.0073 
        BW65  3 0.0013 0.0060 0.0064 0.6844 0.0010 0.0113 0.0070 0.0023 0.0071 0.0079 0.0160 0.1935 0.0045 0.0477 0.0036 
        BW66  3 0.0014 0.0011 0.0032 0.9102 0.0052 0.0012 0.0044 0.0124 0.0136 0.0113 0.0031 0.0208 0.0035 0.0062 0.0023 
        BW67  3 0.0007 0.0011 0.0009 0.8111 0.0012 0.0010 0.0015 0.0018 0.0027 0.0023 0.0020 0.1662 0.0013 0.0044 0.0018 
        BW68  3 0.0021 0.0028 0.0037 0.9146 0.0025 0.0032 0.0073 0.0026 0.0028 0.0078 0.0072 0.0180 0.0033 0.0073 0.0149 
        BW69  3 0.0011 0.0026 0.0462 0.9008 0.0010 0.0011 0.0015 0.0134 0.0052 0.0028 0.0032 0.0089 0.0013 0.0066 0.0044 
        BW70  3 0.0019 0.0015 0.0009 0.9020 0.0019 0.0014 0.0023 0.0039 0.0052 0.0033 0.0027 0.0602 0.0016 0.0091 0.0021 
        BW71  3 0.0007 0.0012 0.0007 0.9737 0.0013 0.0007 0.0012 0.0009 0.0026 0.0024 0.0020 0.0060 0.0008 0.0038 0.0018 
        BW72  3 0.0020 0.0033 0.0077 0.9117 0.0028 0.0016 0.0181 0.0019 0.0044 0.0040 0.0068 0.0039 0.0123 0.0088 0.0106 
        BW73  3 0.0057 0.0293 0.0163 0.8824 0.0028 0.0023 0.0110 0.0011 0.0174 0.0103 0.0061 0.0057 0.0019 0.0056 0.0022 
        BW74  3 0.0018 0.0046 0.0023 0.8987 0.0035 0.0013 0.0023 0.0304 0.0049 0.0059 0.0085 0.0225 0.0013 0.0085 0.0034 
        BW75  3 0.0100 0.0036 0.0010 0.9207 0.0028 0.0009 0.0040 0.0012 0.0123 0.0109 0.0108 0.0038 0.0012 0.0096 0.0070 
        BW76  3 0.0015 0.0017 0.0048 0.9029 0.0009 0.0012 0.0045 0.0012 0.0061 0.0032 0.0053 0.0472 0.0086 0.0085 0.0024 
        BW77  3 0.0028 0.0031 0.0028 0.7952 0.0071 0.0034 0.0024 0.0031 0.0032 0.0067 0.0136 0.0940 0.0014 0.0345 0.0266 
        BW78  3 0.0009 0.0013 0.0013 0.9457 0.0136 0.0010 0.0018 0.0068 0.0067 0.0026 0.0034 0.0058 0.0019 0.0053 0.0019 
        BW79  3 0.0008 0.0011 0.0011 0.9251 0.0013 0.0009 0.0433 0.0030 0.0035 0.0048 0.0055 0.0026 0.0015 0.0040 0.0015 
        BW80  3 0.0272 0.0013 0.0010 0.9083 0.0013 0.0010 0.0013 0.0123 0.0034 0.0034 0.0084 0.0110 0.0017 0.0072 0.0112 
        BW81  3 0.0018 0.0024 0.0012 0.9080 0.0055 0.0009 0.0022 0.0321 0.0027 0.0070 0.0047 0.0031 0.0010 0.0246 0.0029 
       BWS05  3 0.0065 0.0046 0.0256 0.7419 0.0027 0.0087 0.0076 0.0124 0.0130 0.0086 0.0138 0.1119 0.0037 0.0111 0.0278 
       BWS06  3 0.0014 0.0015 0.0013 0.6903 0.0010 0.0027 0.0019 0.2059 0.0096 0.0036 0.0044 0.0618 0.0017 0.0102 0.0028 
       BWS07  3 0.0170 0.0397 0.0008 0.8968 0.0014 0.0008 0.0014 0.0017 0.0027 0.0179 0.0021 0.0081 0.0032 0.0043 0.0022 
       BWS08  3 0.0041 0.0015 0.0090 0.8048 0.0060 0.0017 0.0160 0.0010 0.0113 0.0152 0.0050 0.0933 0.0135 0.0131 0.0043 
       BWS09  3 0.0007 0.0010 0.0010 0.9600 0.0008 0.0008 0.0014 0.0016 0.0029 0.0029 0.0055 0.0059 0.0016 0.0122 0.0017 
       BWS10  3 0.0016 0.0020 0.0012 0.8796 0.0016 0.0013 0.0025 0.0045 0.0051 0.0057 0.0031 0.0517 0.0285 0.0067 0.0048 
