        TC01  1 0.0010 0.0009 0.0058 0.0024 0.0070 0.0017 0.0052 0.0395 0.0032 0.0024 0.0031 0.0070 0.7832 0.0082 0.0112 0.0017 0.0167 0.0174 0.0066 0.0153 0.0202 0.0055 0.0023 0.0267 0.0056 
        TC02  1 0.0013 0.0014 0.0022 0.0015 0.0016 0.0023 0.0043 0.0021 0.0049 0.0035 0.0046 0.0082 0.8194 0.0088 0.0157 0.0029 0.0165 0.0197 0.0029 0.0138 0.0304 0.0089 0.0026 0.0168 0.0036 
        TC03  1 0.0014 0.0012 0.0012 0.0011 0.0020 0.0022 0.0042 0.0014 0.0033 0.0029 0.0033 0.0058 0.8104 0.0072 0.0056 0.0020 0.0236 0.0426 0.0043 0.0150 0.0171 0.0076 0.0026 0.0246 0.0069 
        TC04  1 0.0037 0.0056 0.0016 0.0015 0.0013 0.0019 0.0148 0.0017 0.0097 0.0019 0.0370 0.0093 0.6628 0.0094 0.0191 0.0057 0.0157 0.0685 0.0036 0.0084 0.0657 0.0073 0.0029 0.0360 0.0047 
        TC05  1 0.0013 0.0094 0.0009 0.0016 0.0018 0.0021 0.0053 0.0011 0.0041 0.0026 0.0154 0.0051 0.8406 0.0091 0.0102 0.0022 0.0097 0.0291 0.0043 0.0062 0.0143 0.0056 0.0048 0.0100 0.0031 
        TC06  1 0.0018 0.0017 0.0010 0.0029 0.0019 0.0016 0.0022 0.0017 0.0079 0.0044 0.0030 0.0046 0.7142 0.0163 0.0158 0.0012 0.0116 0.1241 0.0051 0.0149 0.0297 0.0044 0.0029 0.0224 0.0025 
        TC07  1 0.0008 0.0012 0.0035 0.0010 0.0016 0.0029 0.0068 0.0011 0.0039 0.0015 0.0356 0.0039 0.8359 0.0068 0.0116 0.0048 0.0089 0.0239 0.0042 0.0086 0.0101 0.0040 0.0018 0.0115 0.0039 
        TC08  1 0.0009 0.0015 0.0012 0.0029 0.0016 0.0033 0.0029 0.0021 0.0044 0.0023 0.0087 0.0041 0.8114 0.0089 0.0087 0.0032 0.0129 0.0290 0.0061 0.0060 0.0520 0.0052 0.0097 0.0090 0.0020 
        TC09  1 0.0050 0.0017 0.0011 0.0019 0.0045 0.0015 0.0021 0.0012 0.0027 0.0021 0.0116 0.0037 0.6611 0.0214 0.0087 0.0018 0.0074 0.0440 0.0100 0.0791 0.1020 0.0043 0.0021 0.0127 0.0063 
        TC10  1 0.0011 0.0010 0.0032 0.0024 0.0009 0.0014 0.0088 0.0017 0.0083 0.0020 0.0029 0.0064 0.7577 0.0045 0.0048 0.0010 0.0593 0.0255 0.0033 0.0652 0.0101 0.0043 0.0022 0.0105 0.0115 
        TC11  1 0.0007 0.0010 0.0035 0.0276 0.0061 0.0035 0.0025 0.0013 0.0038 0.0019 0.0033 0.0033 0.8229 0.0035 0.0212 0.0015 0.0241 0.0140 0.0032 0.0096 0.0125 0.0035 0.0066 0.0155 0.0032 
        TC12  1 0.0012 0.0015 0.0023 0.0012 0.0036 0.0027 0.0061 0.0034 0.0058 0.0041 0.0044 0.0061 0.7465 0.0221 0.0214 0.0024 0.0175 0.0492 0.0038 0.0095 0.0259 0.0118 0.0027 0.0367 0.0082 
        TC13  1 0.0008 0.0011 0.0011 0.0034 0.0015 0.0016 0.0029 0.0013 0.0047 0.0015 0.0030 0.0042 0.8239 0.0046 0.0048 0.0019 0.0197 0.0313 0.0052 0.0291 0.0291 0.0079 0.0031 0.0102 0.0022 
        TC14  1 0.0010 0.0011 0.0019 0.0019 0.0049 0.0041 0.0031 0.0029 0.0055 0.0025 0.0122 0.0048 0.6360 0.0167 0.0072 0.0020 0.0187 0.1408 0.0074 0.0552 0.0344 0.0067 0.0038 0.0216 0.0036 
        TC15  1 0.0018 0.0013 0.0009 0.0011 0.0026 0.0018 0.0038 0.0011 0.0058 0.0018 0.0074 0.0059 0.6904 0.0119 0.0069 0.0029 0.0240 0.1041 0.0080 0.0426 0.0448 0.0073 0.0019 0.0156 0.0044 
        TC16  1 0.0047 0.0026 0.0012 0.0017 0.0068 0.0038 0.0106 0.0026 0.0060 0.0044 0.0031 0.0055 0.6086 0.0086 0.0073 0.0044 0.0119 0.0598 0.0047 0.0762 0.1219 0.0068 0.0108 0.0230 0.0031 
        TC17  1 0.0018 0.0082 0.0033 0.0035 0.0021 0.0043 0.0042 0.0031 0.0057 0.0050 0.0040 0.0108 0.5170 0.0148 0.1132 0.0016 0.0184 0.0735 0.0094 0.0975 0.0456 0.0171 0.0072 0.0236 0.0049 
        TC18  1 0.0009 0.0321 0.0020 0.0312 0.0015 0.0035 0.0028 0.0018 0.0052 0.0045 0.0032 0.0150 0.7052 0.0042 0.0066 0.0015 0.0426 0.0365 0.0028 0.0196 0.0177 0.0049 0.0020 0.0471 0.0057 
        TC19  1 0.0009 0.0010 0.0015 0.0087 0.0011 0.0020 0.0024 0.0018 0.0085 0.0040 0.0022 0.0060 0.7374 0.0047 0.0050 0.0035 0.0178 0.0164 0.0023 0.0613 0.0904 0.0042 0.0028 0.0112 0.0029 
        TC20  1 0.0009 0.0066 0.0012 0.0017 0.0013 0.0019 0.0034 0.0116 0.0046 0.0016 0.0034 0.0036 0.7911 0.0055 0.0048 0.0015 0.0094 0.0268 0.0039 0.0262 0.0445 0.0053 0.0028 0.0340 0.0025 
        TC21  1 0.0049 0.0027 0.0045 0.0015 0.0045 0.0087 0.0070 0.0017 0.0135 0.0035 0.0073 0.0055 0.6554 0.0055 0.0489 0.0076 0.0171 0.0360 0.0027 0.0073 0.0347 0.0561 0.0021 0.0577 0.0037 
        TC22  1 0.0012 0.0013 0.0013 0.0045 0.0013 0.0017 0.0056 0.0017 0.0462 0.0048 0.0024 0.0066 0.7422 0.0098 0.0048 0.0032 0.0504 0.0554 0.0042 0.0061 0.0224 0.0074 0.0029 0.0097 0.0027 
        TC23  1 0.0008 0.0008 0.0047 0.0051 0.0012 0.0023 0.0077 0.0019 0.0031 0.0049 0.0073 0.0047 0.8195 0.0059 0.0051 0.0035 0.0232 0.0358 0.0039 0.0122 0.0147 0.0038 0.0033 0.0195 0.0052 
        TC24  1 0.0008 0.0012 0.0008 0.0013 0.0015 0.0033 0.0021 0.0015 0.0029 0.0018 0.0030 0.0062 0.8782 0.0033 0.0050 0.0011 0.0079 0.0195 0.0024 0.0220 0.0150 0.0036 0.0039 0.0076 0.0041 
        TC25  1 0.0020 0.0012 0.0104 0.0017 0.0011 0.0025 0.0049 0.0016 0.0081 0.0033 0.0023 0.0054 0.6391 0.0108 0.0116 0.0022 0.0098 0.1578 0.0029 0.0370 0.0154 0.0073 0.0034 0.0513 0.0072 
        TC26  1 0.0011 0.0009 0.0009 0.0013 0.0013 0.0020 0.0049 0.0014 0.0033 0.0028 0.0041 0.0038 0.7575 0.0119 0.0138 0.0017 0.0095 0.0623 0.0047 0.0777 0.0144 0.0045 0.0024 0.0087 0.0032 
        TC27  1 0.0018 0.0133 0.0011 0.0063 0.0021 0.0024 0.0030 0.0014 0.0030 0.0018 0.0034 0.0047 0.6181 0.0044 0.0374 0.0016 0.1094 0.1068 0.0045 0.0103 0.0131 0.0173 0.0181 0.0117 0.0030 
        TC28  1 0.0013 0.0021 0.0015 0.0012 0.0020 0.0021 0.0058 0.0014 0.0090 0.0017 0.0030 0.0071 0.7948 0.0052 0.0113 0.0016 0.0123 0.0684 0.0034 0.0227 0.0124 0.0064 0.0050 0.0139 0.0043 
        TC29  1 0.0010 0.0622 0.0018 0.0042 0.0022 0.0059 0.0034 0.0011 0.0032 0.0042 0.0029 0.0047 0.6592 0.0048 0.0077 0.0032 0.0089 0.1159 0.0083 0.0209 0.0262 0.0061 0.0119 0.0231 0.0073 
        TC30  1 0.0017 0.0013 0.0013 0.0079 0.0039 0.0023 0.0019 0.0025 0.0103 0.0032 0.0042 0.0044 0.7789 0.0078 0.0113 0.0019 0.0138 0.0421 0.0041 0.0201 0.0513 0.0055 0.0027 0.0115 0.0043 
        TC31  1 0.0008 0.0015 0.0099 0.0086 0.0028 0.0034 0.0047 0.0027 0.0311 0.0116 0.0045 0.0095 0.7357 0.0044 0.0050 0.0020 0.0361 0.0209 0.0027 0.0109 0.0306 0.0068 0.0031 0.0444 0.0061 
        TC32  1 0.0027 0.0017 0.0016 0.0075 0.0014 0.0019 0.0043 0.0017 0.0430 0.0017 0.0049 0.0056 0.6252 0.0183 0.0223 0.0028 0.0095 0.1771 0.0045 0.0227 0.0150 0.0043 0.0035 0.0141 0.0027 
        TC33  1 0.0013 0.0020 0.0060 0.0028 0.0021 0.0052 0.0041 0.0019 0.0041 0.0030 0.0056 0.0140 0.8213 0.0061 0.0058 0.0014 0.0173 0.0365 0.0069 0.0123 0.0124 0.0059 0.0031 0.0149 0.0038 
        TC34  1 0.0013 0.0019 0.0013 0.0041 0.0021 0.0060 0.0033 0.0026 0.0043 0.0048 0.0070 0.0044 0.6732 0.0065 0.0083 0.0013 0.0207 0.1445 0.0127 0.0189 0.0447 0.0058 0.0018 0.0145 0.0039 
        TC35  1 0.0014 0.0044 0.0054 0.0018 0.0022 0.0018 0.0036 0.0027 0.0100 0.0032 0.0057 0.0059 0.7314 0.0044 0.0150 0.0015 0.0278 0.0333 0.0035 0.0208 0.0642 0.0068 0.0048 0.0357 0.0028 
        TC36  1 0.0023 0.0033 0.0013 0.0021 0.0017 0.0019 0.0050 0.0019 0.0046 0.0020 0.0040 0.0044 0.7909 0.0063 0.0271 0.0019 0.0212 0.0282 0.0035 0.0189 0.0269 0.0192 0.0031 0.0127 0.0057 
        TC37  1 0.0016 0.0012 0.0016 0.0666 0.0027 0.0058 0.0052 0.0023 0.0107 0.0022 0.0111 0.0046 0.7748 0.0092 0.0064 0.0015 0.0131 0.0113 0.0052 0.0089 0.0213 0.0059 0.0066 0.0167 0.0031 
        TC38  1 0.0011 0.0016 0.0018 0.0034 0.0018 0.0020 0.0042 0.0012 0.0029 0.0031 0.0036 0.0048 0.6294 0.0081 0.0102 0.0018 0.0094 0.0413 0.0029 0.0367 0.1414 0.0051 0.0021 0.0757 0.0045 
        TC39  1 0.0038 0.0024 0.0014 0.0082 0.0021 0.0025 0.0032 0.0014 0.0048 0.0029 0.0042 0.0036 0.6246 0.0108 0.0066 0.0012 0.0100 0.1439 0.0052 0.0966 0.0295 0.0069 0.0020 0.0177 0.0043 
        TC40  1 0.0016 0.0020 0.0015 0.0024 0.0017 0.0092 0.0029 0.0018 0.0099 0.0038 0.0026 0.0076 0.6944 0.0072 0.0083 0.0014 0.0178 0.1253 0.0056 0.0307 0.0169 0.0066 0.0164 0.0140 0.0085 
        TC41  1 0.0011 0.0012 0.0011 0.0019 0.0013 0.0018 0.0061 0.0013 0.0374 0.0146 0.0082 0.0090 0.8040 0.0047 0.0124 0.0015 0.0104 0.0238 0.0064 0.0118 0.0116 0.0039 0.0093 0.0121 0.0028 
        TC42  1 0.0010 0.0017 0.0008 0.0026 0.0012 0.0016 0.0022 0.0029 0.0026 0.0020 0.0029 0.0102 0.7993 0.0100 0.0058 0.0013 0.0167 0.0729 0.0031 0.0121 0.0234 0.0053 0.0054 0.0087 0.0044 
        TC43  1 0.0009 0.0016 0.0011 0.0021 0.0019 0.0021 0.0038 0.0013 0.0074 0.0021 0.0044 0.0040 0.7756 0.0058 0.0053 0.0031 0.0206 0.0881 0.0038 0.0085 0.0219 0.0050 0.0092 0.0165 0.0038 
        TC44  1 0.0008 0.0014 0.0020 0.0014 0.0014 0.0017 0.0036 0.0021 0.0037 0.0023 0.0035 0.0035 0.6977 0.0088 0.0193 0.0011 0.0317 0.0538 0.0050 0.0384 0.0808 0.0070 0.0084 0.0141 0.0065 
        TC45  1 0.0059 0.0011 0.0011 0.0229 0.0019 0.0013 0.0050 0.0021 0.0051 0.0021 0.0141 0.0030 0.7812 0.0085 0.0051 0.0031 0.0075 0.0120 0.0033 0.0397 0.0137 0.0097 0.0020 0.0453 0.0029 
        TC46  1 0.0020 0.0025 0.0011 0.0022 0.0014 0.0020 0.0132 0.0015 0.0055 0.0047 0.0051 0.0050 0.8045 0.0065 0.0084 0.0020 0.0310 0.0223 0.0028 0.0268 0.0127 0.0063 0.0032 0.0232 0.0042 
        TC47  1 0.0009 0.0011 0.0018 0.0014 0.0013 0.0017 0.0047 0.0027 0.0043 0.0024 0.0026 0.0037 0.7503 0.0045 0.0076 0.0012 0.0492 0.0310 0.0032 0.0430 0.0598 0.0041 0.0034 0.0117 0.0026 
        TC48  1 0.0017 0.0016 0.0012 0.0014 0.0059 0.0138 0.0038 0.0077 0.0067 0.0024 0.0064 0.0092 0.7168 0.0522 0.0132 0.0020 0.0190 0.0455 0.0060 0.0285 0.0158 0.0057 0.0041 0.0262 0.0032 
        TC49  1 0.0011 0.0031 0.0018 0.0042 0.0049 0.0023 0.0038 0.0057 0.0099 0.0018 0.0040 0.0079 0.8138 0.0144 0.0074 0.0020 0.0115 0.0257 0.0041 0.0179 0.0108 0.0145 0.0102 0.0153 0.0020 
        TC50  1 0.0019 0.0014 0.0015 0.0016 0.0023 0.0039 0.0025 0.0018 0.0109 0.0044 0.0035 0.0065 0.7808 0.0082 0.0135 0.0054 0.0481 0.0188 0.0061 0.0125 0.0311 0.0048 0.0028 0.0208 0.0050 
        TC51  1 0.0016 0.0014 0.0029 0.0007 0.0018 0.0019 0.0035 0.0021 0.0054 0.0029 0.0040 0.0052 0.7420 0.0130 0.0055 0.0020 0.0160 0.0948 0.0043 0.0100 0.0406 0.0099 0.0057 0.0187 0.0040 
        TC52  1 0.0015 0.0009 0.0008 0.0028 0.0023 0.0023 0.0184 0.0013 0.0029 0.0021 0.0044 0.0046 0.7799 0.0067 0.0063 0.0028 0.0087 0.0509 0.0028 0.0179 0.0188 0.0072 0.0026 0.0303 0.0210 
        TC53  1 0.0007 0.0009 0.0007 0.0025 0.0012 0.0019 0.0024 0.0021 0.0041 0.0120 0.0036 0.0035 0.7305 0.0172 0.0130 0.0052 0.0381 0.0735 0.0059 0.0157 0.0293 0.0223 0.0020 0.0088 0.0030 
        TC54  1 0.0066 0.0024 0.0016 0.0026 0.0032 0.0398 0.0049 0.0020 0.0039 0.0023 0.0066 0.0107 0.6706 0.0089 0.0232 0.0040 0.0245 0.0815 0.0068 0.0217 0.0193 0.0123 0.0167 0.0193 0.0044 
        TC55  1 0.0029 0.0010 0.0015 0.0017 0.0015 0.0038 0.0043 0.0017 0.0175 0.0016 0.0033 0.0079 0.7404 0.0190 0.0152 0.0034 0.0167 0.0450 0.0031 0.0642 0.0116 0.0067 0.0025 0.0165 0.0073 
        TC56  1 0.0012 0.0020 0.0019 0.0028 0.0020 0.0049 0.0023 0.0019 0.0062 0.0033 0.0072 0.0052 0.7084 0.0099 0.0057 0.0042 0.0184 0.0547 0.0044 0.0075 0.0194 0.0053 0.0866 0.0313 0.0032 
        TC57  1 0.0013 0.0015 0.0014 0.0023 0.0032 0.0027 0.0027 0.0026 0.0068 0.0034 0.0089 0.0040 0.7518 0.0080 0.0283 0.0022 0.0416 0.0185 0.0059 0.0482 0.0286 0.0067 0.0058 0.0102 0.0032 
        TC58  1 0.0033 0.0012 0.0114 0.0021 0.0015 0.0018 0.0079 0.0035 0.0042 0.0033 0.0053 0.0053 0.8041 0.0079 0.0083 0.0012 0.0226 0.0229 0.0048 0.0343 0.0209 0.0056 0.0019 0.0115 0.0029 
        TC59  1 0.0025 0.0011 0.0015 0.0009 0.0012 0.0023 0.0028 0.0017 0.0031 0.0020 0.0022 0.0039 0.8613 0.0041 0.0084 0.0010 0.0157 0.0341 0.0051 0.0108 0.0150 0.0068 0.0020 0.0081 0.0024 
        TA01  2 0.0022 0.0017 0.0014 0.0023 0.0010 0.0029 0.0019 0.0020 0.0040 0.0035 0.0029 0.0047 0.7364 0.0074 0.0203 0.0060 0.0164 0.0300 0.0330 0.0344 0.0659 0.0038 0.0021 0.0114 0.0023 
        TA02  2 0.0009 0.0034 0.0008 0.0027 0.0014 0.0045 0.0038 0.0013 0.0055 0.0026 0.0077 0.0127 0.8153 0.0038 0.0126 0.0015 0.0100 0.0199 0.0048 0.0122 0.0252 0.0059 0.0148 0.0204 0.0064 
        TA03  2 0.0010 0.0015 0.0014 0.0015 0.0019 0.0045 0.0034 0.0020 0.0073 0.0031 0.0076 0.0145 0.6687 0.0068 0.0073 0.0016 0.0716 0.0231 0.0075 0.0168 0.1221 0.0059 0.0027 0.0126 0.0039 
        TA04  2 0.0011 0.0008 0.0011 0.0011 0.0014 0.0019 0.0046 0.0017 0.0070 0.0024 0.0090 0.0041 0.4987 0.0065 0.0055 0.0013 0.0272 0.0617 0.0045 0.0126 0.3233 0.0054 0.0025 0.0111 0.0036 
        TA05  2 0.0016 0.0018 0.0014 0.0013 0.0021 0.0030 0.0038 0.0018 0.0042 0.0019 0.0038 0.0084 0.8293 0.0086 0.0060 0.0025 0.0167 0.0161 0.0036 0.0096 0.0424 0.0051 0.0031 0.0193 0.0025 
        TA06  2 0.0010 0.0008 0.0015 0.0019 0.0008 0.0016 0.0038 0.0029 0.0048 0.0019 0.0016 0.0035 0.8233 0.0054 0.0059 0.0027 0.0102 0.0421 0.0048 0.0291 0.0323 0.0030 0.0018 0.0098 0.0035 
        TA07  2 0.0008 0.0018 0.0020 0.0007 0.0015 0.0038 0.0031 0.0020 0.0037 0.0030 0.0045 0.0050 0.6094 0.0113 0.0879 0.0023 0.0125 0.0181 0.0031 0.0161 0.1779 0.0098 0.0029 0.0118 0.0050 
        TA08  2 0.0006 0.0007 0.0010 0.0007 0.0009 0.0018 0.0017 0.0011 0.0031 0.0019 0.0085 0.0033 0.6937 0.0050 0.0046 0.0019 0.1030 0.0620 0.0030 0.0221 0.0455 0.0046 0.0056 0.0213 0.0026 
        TA09  2 0.0007 0.0010 0.0010 0.0043 0.0012 0.0020 0.0055 0.0016 0.0029 0.0020 0.0042 0.0043 0.7869 0.0090 0.0050 0.0015 0.0140 0.0311 0.0044 0.0155 0.0798 0.0032 0.0059 0.0084 0.0045 
        TA10  2 0.0061 0.0102 0.0325 0.0011 0.0021 0.0020 0.0029 0.0072 0.0043 0.0036 0.0041 0.0081 0.7638 0.0081 0.0105 0.0022 0.0120 0.0277 0.0093 0.0225 0.0308 0.0116 0.0025 0.0121 0.0026 
        TA11  2 0.0009 0.0012 0.0124 0.0017 0.0017 0.0023 0.0068 0.0041 0.0106 0.0170 0.0042 0.0383 0.6214 0.0097 0.0058 0.0013 0.0285 0.0226 0.0029 0.1181 0.0472 0.0113 0.0057 0.0214 0.0027 
        TA12  2 0.0008 0.0179 0.0017 0.0015 0.0015 0.0028 0.0028 0.0563 0.0047 0.0025 0.0030 0.0706 0.7133 0.0119 0.0085 0.0020 0.0097 0.0157 0.0033 0.0163 0.0341 0.0048 0.0020 0.0102 0.0021 
        TA13  2 0.0011 0.0284 0.0031 0.0011 0.0095 0.0032 0.0030 0.0054 0.0053 0.0040 0.0042 0.0077 0.6033 0.0880 0.0081 0.0025 0.0129 0.0666 0.0048 0.0083 0.0797 0.0266 0.0048 0.0126 0.0059 
        TA14  2 0.0006 0.0017 0.0008 0.0016 0.0012 0.0024 0.0023 0.0011 0.0039 0.0013 0.0024 0.0035 0.7911 0.0146 0.0049 0.0013 0.0094 0.0522 0.0031 0.0227 0.0436 0.0043 0.0155 0.0077 0.0068 
        TA15  2 0.0013 0.0076 0.0012 0.0010 0.0019 0.0021 0.0022 0.0017 0.0050 0.0019 0.0083 0.0032 0.8028 0.0177 0.0045 0.0013 0.0098 0.0698 0.0041 0.0076 0.0213 0.0086 0.0046 0.0078 0.0029 
        TA16  2 0.0029 0.0019 0.0166 0.0013 0.0021 0.0018 0.0033 0.0031 0.0035 0.0014 0.0198 0.0118 0.6709 0.0192 0.0168 0.0014 0.0152 0.0639 0.0054 0.0248 0.0887 0.0057 0.0045 0.0102 0.0037 
        TA17  2 0.0007 0.0019 0.0010 0.0008 0.0012 0.0033 0.0039 0.0061 0.0056 0.0021 0.0100 0.0173 0.8039 0.0111 0.0087 0.0014 0.0267 0.0324 0.0161 0.0096 0.0128 0.0047 0.0064 0.0094 0.0029 
        TA18  2 0.0011 0.0014 0.0044 0.0022 0.0015 0.0019 0.0063 0.0028 0.0454 0.0035 0.0106 0.0036 0.7441 0.0049 0.0057 0.0014 0.0141 0.0238 0.0678 0.0064 0.0260 0.0044 0.0051 0.0092 0.0022 
        TA19  2 0.0012 0.0022 0.0030 0.0022 0.0016 0.0025 0.0047 0.0034 0.0140 0.0032 0.0034 0.0059 0.6844 0.0047 0.0067 0.0015 0.0998 0.0296 0.0041 0.0123 0.0873 0.0049 0.0035 0.0108 0.0029 
        TA20  2 0.0010 0.0524 0.0010 0.0009 0.0014 0.0102 0.0020 0.0018 0.0042 0.0042 0.0197 0.0263 0.7322 0.0047 0.0171 0.0014 0.0129 0.0243 0.0046 0.0287 0.0129 0.0044 0.0128 0.0163 0.0027 
        TA21  2 0.0008 0.0018 0.0014 0.0021 0.0046 0.0076 0.0032 0.0016 0.0045 0.0018 0.0071 0.0098 0.7365 0.0114 0.0097 0.0033 0.0143 0.0309 0.0110 0.0648 0.0318 0.0065 0.0173 0.0133 0.0030 
        TA22  2 0.0007 0.0017 0.0008 0.0069 0.0011 0.0071 0.0029 0.0012 0.0084 0.0038 0.0040 0.0039 0.7677 0.0130 0.0148 0.0017 0.0099 0.1052 0.0051 0.0085 0.0130 0.0033 0.0021 0.0106 0.0026 
        TA23  2 0.0006 0.0013 0.0011 0.0026 0.0012 0.0026 0.0026 0.0015 0.0046 0.0016 0.0030 0.0084 0.7577 0.0053 0.0060 0.0015 0.0124 0.1150 0.0049 0.0116 0.0347 0.0042 0.0038 0.0093 0.0026 
        TA24  2 0.0009 0.0013 0.0010 0.0010 0.0410 0.0017 0.0032 0.0013 0.0045 0.0038 0.0029 0.0060 0.7625 0.0041 0.0303 0.0019 0.0475 0.0236 0.0047 0.0078 0.0228 0.0063 0.0043 0.0106 0.0049 
        TA25  2 0.0025 0.0040 0.1076 0.0012 0.0022 0.0014 0.0023 0.0321 0.0048 0.0035 0.0052 0.0133 0.6851 0.0061 0.0101 0.0027 0.0106 0.0376 0.0105 0.0111 0.0172 0.0123 0.0037 0.0104 0.0026 
        TA26  2 0.0008 0.0015 0.0028 0.0019 0.0015 0.0031 0.0020 0.0055 0.0048 0.0044 0.0039 0.0108 0.6899 0.0199 0.0058 0.0015 0.0291 0.0361 0.0033 0.0565 0.0701 0.0077 0.0023 0.0323 0.0026 
        TA27  2 0.0016 0.0089 0.0012 0.0052 0.0012 0.0036 0.0024 0.0039 0.0047 0.0041 0.0035 0.0337 0.7929 0.0083 0.0058 0.0012 0.0167 0.0235 0.0167 0.0125 0.0255 0.0070 0.0026 0.0090 0.0044 
        TA28  2 0.0011 0.0020 0.0010 0.0026 0.0025 0.0042 0.0050 0.0014 0.0066 0.0045 0.0049 0.0098 0.7639 0.0057 0.0121 0.0011 0.0119 0.0205 0.0064 0.0230 0.0452 0.0076 0.0137 0.0369 0.0064 
        TA29  2 0.0018 0.0016 0.0013 0.0015 0.0014 0.0018 0.0030 0.0040 0.0063 0.0026 0.0069 0.0042 0.7483 0.0148 0.0067 0.0016 0.0374 0.1010 0.0048 0.0108 0.0155 0.0056 0.0040 0.0105 0.0027 
        TA30  2 0.0010 0.0026 0.0012 0.0021 0.0027 0.0041 0.0031 0.0018 0.0039 0.0021 0.0032 0.0048 0.4980 0.0183 0.0044 0.0014 0.0439 0.0250 0.0032 0.1331 0.2016 0.0123 0.0086 0.0149 0.0029 
      BERM01  3 0.0007 0.0011 0.0010 0.0008 0.0010 0.0018 0.0019 0.0013 0.0035 0.0015 0.0023 0.0057 0.0086 0.0054 0.0040 0.0012 0.0093 0.8076 0.0031 0.0141 0.1083 0.0041 0.0019 0.0078 0.0020 
      BERM02  3 0.0010 0.0011 0.0008 0.0012 0.0013 0.0019 0.0023 0.0010 0.0067 0.0016 0.0028 0.0037 0.0168 0.0058 0.0042 0.0013 0.0075 0.8604 0.0025 0.0159 0.0411 0.0051 0.0018 0.0101 0.0020 
      BERM03  3 0.0009 0.0010 0.0010 0.0007 0.0008 0.0016 0.0024 0.0013 0.0031 0.0022 0.0019 0.0047 0.0075 0.0097 0.0055 0.0010 0.0116 0.8962 0.0027 0.0155 0.0117 0.0042 0.0019 0.0087 0.0022 
      BERM04  3 0.0009 0.0008 0.0012 0.0006 0.0008 0.0015 0.0019 0.0012 0.0028 0.0015 0.0021 0.0031 0.0068 0.0070 0.0042 0.0009 0.0156 0.8809 0.0029 0.0249 0.0201 0.0042 0.0016 0.0100 0.0024 
      BERM05  3 0.0020 0.0009 0.0012 0.0007 0.0014 0.0019 0.0026 0.0017 0.0027 0.0030 0.0025 0.0044 0.0061 0.0115 0.0056 0.0011 0.0124 0.8649 0.0048 0.0116 0.0356 0.0031 0.0023 0.0125 0.0033 
      BERM06  3 0.0037 0.0008 0.0008 0.0009 0.0010 0.0014 0.0057 0.0013 0.0035 0.0014 0.0024 0.0046 0.0107 0.0058 0.0052 0.0011 0.0124 0.7339 0.0053 0.0879 0.0925 0.0034 0.0014 0.0107 0.0022 
      BERM07  3 0.0007 0.0009 0.0016 0.0011 0.0011 0.0016 0.0029 0.0028 0.0033 0.0021 0.0025 0.0039 0.0129 0.0062 0.0043 0.0012 0.0195 0.8360 0.0025 0.0205 0.0524 0.0051 0.0031 0.0097 0.0022 
      BERM08  3 0.0006 0.0009 0.0008 0.0006 0.0008 0.0012 0.0016 0.0011 0.0026 0.0013 0.0020 0.0030 0.0105 0.0033 0.0039 0.0021 0.0094 0.8931 0.0024 0.0075 0.0342 0.0028 0.0015 0.0110 0.0019 
      BERM09  3 0.0010 0.0007 0.0010 0.0015 0.0008 0.0015 0.0055 0.0016 0.0033 0.0028 0.0025 0.0032 0.0245 0.0051 0.0052 0.0009 0.0096 0.5094 0.0035 0.0133 0.3880 0.0044 0.0017 0.0068 0.0018 
      BERM10  3 0.0009 0.0009 0.0010 0.0016 0.0063 0.0015 0.0039 0.0022 0.0033 0.0027 0.0023 0.0064 0.0200 0.0066 0.0140 0.0040 0.0307 0.7351 0.0030 0.0699 0.0563 0.0062 0.0022 0.0167 0.0024 
      BERM11  3 0.0012 0.0011 0.0012 0.0010 0.0011 0.0016 0.0020 0.0010 0.0036 0.0014 0.0030 0.0026 0.0128 0.0038 0.0034 0.0015 0.0096 0.7939 0.0029 0.0157 0.1152 0.0040 0.0024 0.0119 0.0022 
      BERM12  3 0.0006 0.0007 0.0013 0.0008 0.0008 0.0017 0.0027 0.0130 0.0032 0.0016 0.0024 0.0049 0.0111 0.0036 0.0033 0.0011 0.0101 0.8156 0.0069 0.0328 0.0208 0.0034 0.0018 0.0506 0.0053 
      BERM13  3 0.0013 0.0012 0.0013 0.0010 0.0030 0.0015 0.0210 0.0017 0.0038 0.0019 0.0023 0.0034 0.0091 0.0065 0.0041 0.0010 0.0139 0.8506 0.0035 0.0064 0.0454 0.0039 0.0021 0.0081 0.0019 
      BERM14  3 0.0007 0.0008 0.0012 0.0007 0.0010 0.0014 0.0023 0.0015 0.0025 0.0026 0.0037 0.0031 0.0217 0.0053 0.0041 0.0010 0.0103 0.7885 0.0035 0.0795 0.0462 0.0039 0.0017 0.0083 0.0043 
      CROC01  3 0.0024 0.0009 0.0015 0.0008 0.0036 0.0098 0.0052 0.0028 0.0071 0.0102 0.0057 0.0076 0.0106 0.0069 0.0064 0.0013 0.0308 0.7646 0.0050 0.0103 0.0553 0.0240 0.0035 0.0124 0.0111 
      CROC02  3 0.0077 0.0010 0.0014 0.0008 0.0036 0.0020 0.0731 0.0017 0.0031 0.0020 0.0045 0.0035 0.0109 0.0078 0.0073 0.0014 0.0095 0.7536 0.0061 0.0463 0.0252 0.0060 0.0029 0.0158 0.0028 
      CROC03  3 0.0013 0.0013 0.0012 0.0012 0.0014 0.0023 0.0032 0.0021 0.0046 0.0018 0.0030 0.0054 0.0119 0.0062 0.0055 0.0024 0.0182 0.7278 0.0026 0.0554 0.0989 0.0037 0.0040 0.0303 0.0045 
      CROC04  3 0.0087 0.0009 0.0010 0.0046 0.0027 0.0016 0.0050 0.0016 0.0024 0.0024 0.0020 0.0053 0.0477 0.0050 0.0477 0.0014 0.0109 0.7985 0.0046 0.0075 0.0189 0.0045 0.0021 0.0078 0.0052 
      CROC05  3 0.0051 0.0011 0.0017 0.0012 0.0013 0.0018 0.0026 0.0013 0.0034 0.0018 0.0029 0.0037 0.0075 0.0064 0.0061 0.0016 0.0096 0.8470 0.0031 0.0279 0.0432 0.0057 0.0020 0.0096 0.0024 
      CROC06  3 0.0020 0.0008 0.0038 0.0008 0.0011 0.0030 0.0077 0.0017 0.0033 0.0026 0.0027 0.0062 0.0346 0.0036 0.0789 0.0037 0.0121 0.7310 0.0076 0.0245 0.0400 0.0042 0.0027 0.0146 0.0069 
      CROC07  3 0.0043 0.0011 0.0010 0.0068 0.0014 0.0020 0.0051 0.0016 0.0040 0.0045 0.0025 0.0053 0.0132 0.0072 0.0058 0.0014 0.0149 0.8105 0.0171 0.0168 0.0513 0.0072 0.0020 0.0103 0.0027 
      CROC08  3 0.0007 0.0077 0.0022 0.0016 0.0010 0.0113 0.0020 0.0021 0.0044 0.0080 0.0025 0.0034 0.0102 0.0050 0.0073 0.0037 0.0169 0.8055 0.0039 0.0124 0.0222 0.0211 0.0149 0.0255 0.0047 
      CROC09  3 0.0010 0.0011 0.0009 0.0008 0.0010 0.0057 0.0018 0.0011 0.0053 0.0020 0.0023 0.0028 0.0070 0.0051 0.0068 0.0422 0.0086 0.6516 0.0026 0.0599 0.1639 0.0038 0.0027 0.0143 0.0057 
      CROC10  3 0.0011 0.0008 0.0016 0.0010 0.0010 0.0014 0.0021 0.0012 0.0046 0.0019 0.0023 0.0032 0.0078 0.0119 0.0043 0.0012 0.0100 0.7684 0.0037 0.0118 0.1372 0.0054 0.0016 0.0118 0.0026 
      CROC11  3 0.0010 0.0011 0.0009 0.0008 0.0010 0.0060 0.0018 0.0011 0.0054 0.0019 0.0023 0.0028 0.0071 0.0051 0.0067 0.0420 0.0086 0.6513 0.0026 0.0603 0.1637 0.0039 0.0026 0.0143 0.0057 
     CROC110  3 0.0022 0.0018 0.0010 0.0011 0.0014 0.0035 0.0032 0.0022 0.0049 0.0019 0.0036 0.0042 0.0151 0.0122 0.0127 0.0030 0.0152 0.7103 0.0038 0.0333 0.1157 0.0284 0.0044 0.0087 0.0063 
     CROC116  3 0.0026 0.0014 0.0011 0.0031 0.0014 0.0026 0.0028 0.0020 0.0054 0.0041 0.0041 0.0234 0.0250 0.0108 0.0104 0.0026 0.0141 0.7401 0.0240 0.0454 0.0230 0.0071 0.0028 0.0201 0.0202 
      CROC12  3 0.0006 0.0012 0.0008 0.0010 0.0021 0.0015 0.0022 0.0011 0.0043 0.0016 0.0020 0.0050 0.0098 0.0061 0.0076 0.0015 0.0085 0.8874 0.0029 0.0148 0.0204 0.0040 0.0025 0.0091 0.0019 
     CROC123  3 0.0007 0.0022 0.0007 0.0009 0.0008 0.0012 0.0017 0.0010 0.0043 0.0012 0.0018 0.0024 0.0114 0.0053 0.0038 0.0009 0.0075 0.8579 0.0022 0.0374 0.0324 0.0065 0.0019 0.0097 0.0039 
      CROC13  3 0.0011 0.0008 0.0015 0.0009 0.0010 0.0015 0.0021 0.0019 0.0024 0.0026 0.0022 0.0038 0.0078 0.0133 0.0045 0.0013 0.0144 0.8230 0.0026 0.0572 0.0196 0.0042 0.0028 0.0253 0.0022 
      CROC14  3 0.0015 0.0022 0.0258 0.0010 0.0017 0.0031 0.0038 0.0009 0.0023 0.0012 0.0063 0.0032 0.0162 0.0051 0.0367 0.0060 0.0070 0.7615 0.0037 0.0503 0.0374 0.0045 0.0026 0.0138 0.0022 
      CROC15  3 0.0008 0.0012 0.0021 0.0011 0.0016 0.0055 0.0100 0.0017 0.0037 0.0016 0.0270 0.0038 0.0093 0.0056 0.0070 0.0030 0.0130 0.7810 0.0026 0.0137 0.0149 0.0062 0.0054 0.0193 0.0586 
      CROC16  3 0.0146 0.0015 0.0013 0.0006 0.0024 0.0029 0.0024 0.0016 0.0032 0.0026 0.0026 0.0071 0.0067 0.0207 0.0049 0.0016 0.0129 0.6847 0.0070 0.0460 0.1223 0.0067 0.0031 0.0353 0.0053 
      CROC17  3 0.0006 0.0009 0.0008 0.0243 0.0008 0.0012 0.0017 0.0010 0.0034 0.0013 0.0229 0.0030 0.0250 0.0033 0.0064 0.0010 0.0085 0.8510 0.0021 0.0113 0.0122 0.0041 0.0020 0.0093 0.0020 
      CROC18  3 0.0009 0.0014 0.0009 0.0010 0.0012 0.0017 0.0151 0.0013 0.0080 0.0050 0.0031 0.0051 0.0122 0.0063 0.0040 0.0013 0.0115 0.8547 0.0033 0.0144 0.0158 0.0045 0.0016 0.0235 0.0024 
      CROC19  3 0.0029 0.0010 0.0013 0.0010 0.0086 0.0019 0.0055 0.0016 0.0038 0.0034 0.0034 0.0047 0.0238 0.0044 0.0199 0.0033 0.0246 0.8150 0.0034 0.0073 0.0359 0.0061 0.0032 0.0107 0.0033 
     CROC198  3 0.0013 0.0009 0.0014 0.0009 0.0022 0.0019 0.0023 0.0047 0.0031 0.0025 0.0025 0.0049 0.0083 0.0066 0.0042 0.0011 0.0206 0.7616 0.0030 0.0746 0.0704 0.0068 0.0024 0.0097 0.0021 
      CROC20  3 0.0015 0.0022 0.0012 0.0007 0.0012 0.0022 0.0075 0.0016 0.0063 0.0019 0.0046 0.0046 0.0083 0.0071 0.0074 0.0015 0.0144 0.8188 0.0057 0.0220 0.0414 0.0110 0.0064 0.0168 0.0037 
     CROC202  3 0.0009 0.0009 0.0017 0.0010 0.0012 0.0015 0.0034 0.0025 0.0028 0.0057 0.0023 0.0046 0.0087 0.0052 0.0050 0.0018 0.0180 0.7914 0.0032 0.0643 0.0269 0.0050 0.0024 0.0365 0.0030 
      CROC21  3 0.0011 0.0010 0.0012 0.0009 0.0011 0.0033 0.0031 0.0017 0.0038 0.0018 0.0027 0.0045 0.0167 0.0106 0.0042 0.0139 0.0116 0.8230 0.0024 0.0096 0.0586 0.0069 0.0018 0.0125 0.0023 
     CROC216  3 0.0011 0.0023 0.0011 0.0019 0.0027 0.0031 0.0049 0.0014 0.0040 0.0025 0.0022 0.0077 0.0200 0.0061 0.0075 0.0012 0.0115 0.7646 0.0091 0.0118 0.0959 0.0051 0.0021 0.0193 0.0107 
      CROC22  3 0.0012 0.0234 0.0012 0.0011 0.0011 0.0015 0.0026 0.0347 0.0059 0.0026 0.0042 0.0047 0.0129 0.0148 0.0049 0.0014 0.0088 0.6879 0.0022 0.0993 0.0562 0.0096 0.0016 0.0136 0.0026 
      CROC23  3 0.0008 0.0012 0.0010 0.0018 0.0016 0.0021 0.0021 0.0016 0.0066 0.0017 0.0034 0.0045 0.0266 0.0122 0.0057 0.0040 0.0113 0.7483 0.0031 0.0073 0.1310 0.0051 0.0024 0.0121 0.0025 
      CROC24  3 0.0018 0.0014 0.0010 0.0009 0.0018 0.0024 0.0020 0.0013 0.0030 0.0027 0.0034 0.0040 0.0123 0.0050 0.0061 0.0015 0.0091 0.7067 0.0032 0.0763 0.1215 0.0042 0.0028 0.0226 0.0029 
      CROC25  3 0.0010 0.0008 0.0011 0.0008 0.0010 0.0017 0.0026 0.0012 0.0039 0.0016 0.0024 0.0034 0.0091 0.0047 0.0045 0.0009 0.0103 0.8838 0.0028 0.0246 0.0212 0.0034 0.0018 0.0085 0.0030 
     CROC259  3 0.0062 0.0012 0.0072 0.0029 0.0015 0.0016 0.0018 0.0013 0.0029 0.0018 0.0042 0.0058 0.0653 0.0088 0.0077 0.0012 0.0131 0.7696 0.0038 0.0145 0.0559 0.0029 0.0026 0.0136 0.0024 
      CROC26  3 0.0007 0.0009 0.0014 0.0021 0.0012 0.0022 0.0023 0.0028 0.0031 0.0022 0.0031 0.0053 0.0947 0.0043 0.0048 0.0013 0.0176 0.7844 0.0032 0.0149 0.0264 0.0033 0.0027 0.0118 0.0034 
      CROC27  3 0.0090 0.0034 0.0011 0.0071 0.0026 0.0042 0.0033 0.0044 0.0035 0.0018 0.0041 0.0092 0.0356 0.0056 0.0047 0.0012 0.0141 0.6879 0.0047 0.0470 0.1163 0.0053 0.0068 0.0116 0.0054 
      CROC28  3 0.0007 0.0012 0.0011 0.0012 0.0014 0.0021 0.0017 0.0013 0.0025 0.0017 0.0022 0.0056 0.0368 0.0048 0.0100 0.0013 0.0094 0.5882 0.0035 0.1123 0.1922 0.0038 0.0020 0.0095 0.0036 
      CROC29  3 0.0016 0.0014 0.0009 0.0010 0.0023 0.0036 0.0023 0.0020 0.0037 0.0018 0.0037 0.0036 0.0103 0.0057 0.0069 0.0013 0.0103 0.8574 0.0027 0.0253 0.0224 0.0092 0.0026 0.0114 0.0066 
      CROC30  3 0.0039 0.0024 0.0011 0.0010 0.0041 0.0031 0.0137 0.0013 0.0056 0.0020 0.0047 0.0115 0.0146 0.0061 0.0273 0.0013 0.0105 0.7493 0.0124 0.0429 0.0477 0.0084 0.0067 0.0146 0.0039 
      CROC31  3 0.0010 0.0011 0.0013 0.0032 0.0021 0.0026 0.0024 0.0014 0.0040 0.0026 0.0058 0.0127 0.0268 0.0170 0.0085 0.0018 0.0108 0.6398 0.0212 0.0218 0.1811 0.0134 0.0020 0.0119 0.0038 
      CROC32  3 0.0018 0.0008 0.0011 0.0008 0.0010 0.0014 0.0038 0.0018 0.0024 0.0020 0.0027 0.0037 0.0094 0.0063 0.0061 0.0010 0.0100 0.8155 0.0032 0.0793 0.0273 0.0066 0.0015 0.0087 0.0019 
      CROC33  3 0.0040 0.0023 0.0006 0.0009 0.0014 0.0072 0.0027 0.0012 0.0031 0.0025 0.0019 0.0038 0.0182 0.0041 0.0141 0.0014 0.0130 0.8409 0.0043 0.0075 0.0221 0.0041 0.0212 0.0134 0.0043 
      CROC34  3 0.0009 0.0009 0.0014 0.0012 0.0016 0.0022 0.0033 0.0018 0.0036 0.0016 0.0025 0.0056 0.0098 0.0042 0.0056 0.0010 0.0151 0.8782 0.0047 0.0079 0.0279 0.0033 0.0024 0.0106 0.0024 
      CROC35  3 0.0006 0.0071 0.0009 0.0010 0.0009 0.0012 0.0016 0.0009 0.0028 0.0012 0.0030 0.0040 0.0213 0.0033 0.0425 0.0010 0.0068 0.7632 0.0031 0.0131 0.0944 0.0106 0.0063 0.0076 0.0016 
      CROC36  3 0.0018 0.0008 0.0012 0.0008 0.0010 0.0016 0.0021 0.0011 0.0044 0.0023 0.0026 0.0030 0.0072 0.0086 0.0048 0.0014 0.0094 0.8486 0.0025 0.0224 0.0525 0.0043 0.0017 0.0104 0.0034 
      CROC57  3 0.0010 0.0010 0.0021 0.0007 0.0011 0.0019 0.0021 0.0012 0.0029 0.0025 0.0025 0.0035 0.0065 0.0055 0.0056 0.0011 0.0107 0.8984 0.0032 0.0101 0.0170 0.0043 0.0022 0.0101 0.0028 
      CROC81  3 0.0020 0.0012 0.0012 0.0010 0.0015 0.0060 0.0066 0.0013 0.0048 0.0050 0.0024 0.0041 0.0083 0.0065 0.0066 0.0011 0.0099 0.7716 0.0042 0.0578 0.0334 0.0128 0.0028 0.0447 0.0032 
      CROC84  3 0.0006 0.0008 0.0008 0.0006 0.0008 0.0012 0.0014 0.0039 0.0022 0.0015 0.0016 0.0039 0.0095 0.0039 0.0034 0.0010 0.0069 0.8225 0.0040 0.0269 0.0755 0.0034 0.0017 0.0185 0.0035 
        FW01  3 0.0006 0.0008 0.0009 0.0006 0.0009 0.0015 0.0021 0.0013 0.0025 0.0016 0.0019 0.0031 0.0056 0.0042 0.0034 0.0011 0.0094 0.0116 0.0024 0.9168 0.0098 0.0038 0.0021 0.0101 0.0019 
        FW02  3 0.0006 0.0007 0.0008 0.0006 0.0007 0.0012 0.0016 0.0010 0.0025 0.0012 0.0016 0.0024 0.0049 0.0035 0.0030 0.0009 0.0074 0.0115 0.0020 0.0066 0.9327 0.0030 0.0014 0.0067 0.0017 
        FW03  3 0.0006 0.0006 0.0007 0.0006 0.0007 0.0012 0.0017 0.0011 0.0023 0.0012 0.0016 0.0026 0.0053 0.0034 0.0032 0.0009 0.0077 0.0095 0.0020 0.9290 0.0095 0.0031 0.0015 0.0081 0.0020 
        FW04  3 0.0006 0.0007 0.0008 0.0006 0.0007 0.0012 0.0016 0.0010 0.0025 0.0012 0.0016 0.0024 0.0049 0.0035 0.0030 0.0009 0.0074 0.0115 0.0020 0.0065 0.9327 0.0029 0.0014 0.0068 0.0017 
        FW05  3 0.0005 0.0007 0.0008 0.0006 0.0008 0.0011 0.0016 0.0010 0.0025 0.0012 0.0015 0.0025 0.0049 0.0035 0.0031 0.0009 0.0073 0.0114 0.0020 0.0065 0.9327 0.0029 0.0014 0.0068 0.0017 
        FW06  3 0.0006 0.0007 0.0008 0.0005 0.0008 0.0011 0.0016 0.0010 0.0025 0.0012 0.0015 0.0025 0.0051 0.0035 0.0030 0.0009 0.0074 0.0117 0.0019 0.0066 0.9323 0.0029 0.0014 0.0068 0.0017 
        FW07  3 0.0006 0.0006 0.0007 0.0006 0.0007 0.0012 0.0017 0.0010 0.0022 0.0012 0.0016 0.0025 0.0053 0.0034 0.0032 0.0009 0.0077 0.0097 0.0020 0.9290 0.0095 0.0030 0.0015 0.0081 0.0020 
        FW08  3 0.0006 0.0007 0.0007 0.0006 0.0008 0.0011 0.0016 0.0010 0.0025 0.0012 0.0016 0.0024 0.0049 0.0035 0.0030 0.0009 0.0074 0.0114 0.0020 0.0066 0.9327 0.0030 0.0014 0.0068 0.0017 
        FW09  3 0.0006 0.0007 0.0008 0.0005 0.0008 0.0011 0.0016 0.0010 0.0025 0.0012 0.0016 0.0025 0.0049 0.0035 0.0030 0.0009 0.0073 0.0114 0.0020 0.0065 0.9327 0.0030 0.0014 0.0068 0.0017 
        FW10  3 0.0005 0.0006 0.0007 0.0005 0.0008 0.0013 0.0017 0.0011 0.0023 0.0012 0.0017 0.0027 0.0054 0.0035 0.0032 0.0009 0.0076 0.0096 0.0020 0.9286 0.0094 0.0031 0.0014 0.0081 0.0020 
       FW100  3 0.0005 0.0006 0.0007 0.0005 0.0007 0.0013 0.0017 0.0011 0.0023 0.0012 0.0017 0.0027 0.0054 0.0035 0.0032 0.0009 0.0076 0.0099 0.0020 0.9272 0.0108 0.0031 0.0015 0.0081 0.0019 
       FW101  3 0.0005 0.0006 0.0007 0.0005 0.0007 0.0013 0.0017 0.0010 0.0022 0.0012 0.0017 0.0027 0.0054 0.0035 0.0032 0.0009 0.0076 0.0097 0.0020 0.9285 0.0095 0.0031 0.0015 0.0081 0.0020 
       FW102  3 0.0006 0.0007 0.0008 0.0006 0.0007 0.0011 0.0016 0.0010 0.0025 0.0012 0.0016 0.0024 0.0050 0.0035 0.0031 0.0009 0.0073 0.0114 0.0020 0.0066 0.9326 0.0030 0.0014 0.0068 0.0017 
       FW103  3 0.0006 0.0007 0.0007 0.0006 0.0007 0.0012 0.0016 0.0010 0.0024 0.0012 0.0015 0.0024 0.0049 0.0035 0.0030 0.0009 0.0074 0.0113 0.0019 0.0066 0.9329 0.0030 0.0014 0.0068 0.0017 
       FW104  3 0.0006 0.0008 0.0009 0.0006 0.0009 0.0015 0.0021 0.0013 0.0025 0.0016 0.0019 0.0031 0.0056 0.0042 0.0035 0.0011 0.0093 0.0116 0.0024 0.9170 0.0097 0.0038 0.0021 0.0100 0.0019 
       FW105  3 0.0005 0.0006 0.0007 0.0006 0.0007 0.0013 0.0017 0.0011 0.0023 0.0012 0.0017 0.0027 0.0054 0.0036 0.0032 0.0009 0.0076 0.0096 0.0020 0.9285 0.0095 0.0031 0.0015 0.0082 0.0020 
       FW106  3 0.0009 0.0025 0.0010 0.0011 0.0016 0.0021 0.0058 0.0022 0.0318 0.0017 0.0071 0.0068 0.0167 0.0090 0.0063 0.0024 0.0176 0.6177 0.0040 0.0240 0.1415 0.0077 0.0610 0.0186 0.0090 
       FW107  3 0.0006 0.0008 0.0009 0.0006 0.0009 0.0015 0.0021 0.0013 0.0025 0.0017 0.0018 0.0031 0.0055 0.0042 0.0035 0.0011 0.0093 0.0117 0.0024 0.9167 0.0098 0.0039 0.0021 0.0101 0.0019 
       FW108  3 0.0005 0.0007 0.0008 0.0006 0.0008 0.0011 0.0016 0.0010 0.0025 0.0012 0.0015 0.0025 0.0050 0.0035 0.0030 0.0009 0.0073 0.0117 0.0020 0.0066 0.9323 0.0030 0.0014 0.0068 0.0017 
       FW109  3 0.0005 0.0006 0.0007 0.0006 0.0007 0.0012 0.0017 0.0011 0.0022 0.0012 0.0017 0.0027 0.0054 0.0035 0.0032 0.0009 0.0076 0.0097 0.0020 0.9285 0.0095 0.0031 0.0015 0.0081 0.0020 
        FW11  3 0.0005 0.0006 0.0007 0.0005 0.0008 0.0013 0.0017 0.0011 0.0023 0.0012 0.0017 0.0026 0.0054 0.0035 0.0032 0.0009 0.0076 0.0100 0.0020 0.9270 0.0108 0.0031 0.0014 0.0081 0.0019 
       FW110  3 0.0006 0.0006 0.0007 0.0006 0.0007 0.0012 0.0017 0.0011 0.0022 0.0012 0.0016 0.0025 0.0053 0.0034 0.0032 0.0009 0.0077 0.0097 0.0020 0.9290 0.0095 0.0031 0.0015 0.0081 0.0020 
       FW111  3 0.0006 0.0007 0.0007 0.0006 0.0008 0.0012 0.0016 0.0010 0.0025 0.0012 0.0015 0.0025 0.0049 0.0035 0.0030 0.0009 0.0074 0.0114 0.0020 0.0066 0.9327 0.0030 0.0014 0.0068 0.0017 
       FW112  3 0.0006 0.0007 0.0007 0.0006 0.0007 0.0013 0.0017 0.0011 0.0022 0.0012 0.0017 0.0027 0.0054 0.0035 0.0032 0.0009 0.0077 0.0100 0.0020 0.9271 0.0107 0.0031 0.0014 0.0081 0.0019 
       FW113  3 0.0006 0.0007 0.0007 0.0006 0.0008 0.0011 0.0016 0.0010 0.0025 0.0012 0.0015 0.0025 0.0049 0.0035 0.0030 0.0009 0.0074 0.0115 0.0019 0.0064 0.9327 0.0030 0.0014 0.0068 0.0018 
       FW114  3 0.0009 0.0009 0.0007 0.0010 0.0013 0.0013 0.0018 0.0010 0.0025 0.0014 0.0023 0.0032 0.0092 0.0037 0.0043 0.0011 0.0077 0.0108 0.0024 0.9170 0.0098 0.0037 0.0017 0.0082 0.0022 
       FW115  3 0.0005 0.0006 0.0007 0.0005 0.0007 0.0013 0.0017 0.0011 0.0023 0.0012 0.0017 0.0027 0.0054 0.0035 0.0033 0.0009 0.0076 0.0096 0.0020 0.9285 0.0095 0.0031 0.0014 0.0081 0.0020 
       FW116  3 0.0006 0.0007 0.0008 0.0006 0.0008 0.0011 0.0016 0.0010 0.0024 0.0012 0.0016 0.0024 0.0049 0.0035 0.0030 0.0009 0.0073 0.0114 0.0020 0.0066 0.9327 0.0030 0.0014 0.0068 0.0017 
        FW12  3 0.0006 0.0007 0.0008 0.0006 0.0007 0.0011 0.0016 0.0010 0.0024 0.0012 0.0015 0.0024 0.0049 0.0035 0.0030 0.0009 0.0073 0.0114 0.0020 0.0065 0.9329 0.0030 0.0014 0.0068 0.0017 
        FW13  3 0.0005 0.0007 0.0008 0.0005 0.0008 0.0012 0.0016 0.0010 0.0025 0.0013 0.0015 0.0024 0.0051 0.0035 0.0031 0.0009 0.0074 0.0116 0.0020 0.0066 0.9322 0.0030 0.0014 0.0068 0.0017 
        FW14  3 0.0006 0.0008 0.0008 0.0006 0.0009 0.0015 0.0020 0.0013 0.0025 0.0017 0.0019 0.0031 0.0056 0.0042 0.0034 0.0011 0.0093 0.0116 0.0024 0.9169 0.0099 0.0038 0.0021 0.0100 0.0019 
        FW15  3 0.0006 0.0008 0.0009 0.0006 0.0009 0.0015 0.0022 0.0013 0.0024 0.0016 0.0019 0.0031 0.0056 0.0042 0.0035 0.0011 0.0093 0.0116 0.0024 0.9167 0.0098 0.0039 0.0021 0.0100 0.0019 
        FW16  3 0.0005 0.0007 0.0007 0.0006 0.0007 0.0013 0.0017 0.0011 0.0023 0.0012 0.0017 0.0027 0.0054 0.0035 0.0032 0.0009 0.0076 0.0097 0.0020 0.9285 0.0094 0.0031 0.0014 0.0081 0.0020 
        FW17  3 0.0006 0.0006 0.0007 0.0006 0.0008 0.0013 0.0017 0.0010 0.0023 0.0012 0.0017 0.0027 0.0054 0.0035 0.0032 0.0009 0.0076 0.0097 0.0020 0.9285 0.0094 0.0031 0.0015 0.0081 0.0020 
        FW18  3 0.0006 0.0006 0.0007 0.0005 0.0007 0.0013 0.0017 0.0011 0.0022 0.0012 0.0017 0.0026 0.0054 0.0035 0.0032 0.0009 0.0075 0.0100 0.0020 0.9271 0.0108 0.0032 0.0015 0.0081 0.0019 
        FW19  3 0.0005 0.0007 0.0008 0.0006 0.0008 0.0011 0.0016 0.0010 0.0024 0.0012 0.0015 0.0024 0.0049 0.0035 0.0031 0.0009 0.0074 0.0114 0.0020 0.0066 0.9326 0.0030 0.0014 0.0068 0.0017 
        FW20  3 0.0006 0.0007 0.0007 0.0006 0.0007 0.0011 0.0016 0.0010 0.0024 0.0012 0.0016 0.0025 0.0049 0.0035 0.0030 0.0009 0.0074 0.0113 0.0019 0.0065 0.9330 0.0029 0.0014 0.0068 0.0017 
        FW21  3 0.0006 0.0007 0.0007 0.0006 0.0007 0.0011 0.0016 0.0010 0.0024 0.0012 0.0015 0.0024 0.0049 0.0035 0.0030 0.0009 0.0073 0.0113 0.0019 0.0066 0.9330 0.0030 0.0014 0.0068 0.0017 
        FW22  3 0.0005 0.0006 0.0007 0.0005 0.0008 0.0013 0.0017 0.0010 0.0023 0.0012 0.0017 0.0026 0.0054 0.0035 0.0032 0.0009 0.0077 0.0100 0.0020 0.9270 0.0108 0.0031 0.0015 0.0081 0.0019 
        FW23  3 0.0005 0.0007 0.0008 0.0006 0.0008 0.0011 0.0016 0.0010 0.0024 0.0012 0.0016 0.0024 0.0049 0.0035 0.0031 0.0009 0.0073 0.0114 0.0019 0.0065 0.9327 0.0030 0.0014 0.0068 0.0017 
        FW24  3 0.0006 0.0007 0.0008 0.0006 0.0008 0.0011 0.0016 0.0010 0.0025 0.0012 0.0015 0.0025 0.0049 0.0035 0.0030 0.0009 0.0073 0.0114 0.0020 0.0065 0.9328 0.0030 0.0014 0.0068 0.0018 
        FW25  3 0.0006 0.0007 0.0007 0.0006 0.0008 0.0011 0.0016 0.0010 0.0025 0.0012 0.0015 0.0024 0.0049 0.0035 0.0030 0.0009 0.0074 0.0113 0.0020 0.0065 0.9328 0.0030 0.0014 0.0068 0.0017 
        FW26  3 0.0005 0.0007 0.0008 0.0006 0.0008 0.0012 0.0016 0.0010 0.0024 0.0012 0.0015 0.0024 0.0050 0.0036 0.0030 0.0009 0.0074 0.0114 0.0020 0.0065 0.9326 0.0030 0.0014 0.0068 0.0017 
        FW27  3 0.0005 0.0006 0.0007 0.0005 0.0007 0.0013 0.0017 0.0010 0.0022 0.0012 0.0017 0.0027 0.0054 0.0036 0.0032 0.0009 0.0076 0.0096 0.0020 0.9285 0.0095 0.0031 0.0014 0.0081 0.0020 
        FW28  3 0.0006 0.0007 0.0007 0.0006 0.0008 0.0011 0.0016 0.0010 0.0024 0.0012 0.0016 0.0025 0.0051 0.0035 0.0030 0.0009 0.0074 0.0116 0.0020 0.0066 0.9323 0.0030 0.0014 0.0068 0.0018 
        FW29  3 0.0006 0.0007 0.0007 0.0006 0.0008 0.0011 0.0016 0.0010 0.0025 0.0012 0.0015 0.0024 0.0050 0.0035 0.0031 0.0009 0.0074 0.0114 0.0020 0.0066 0.9327 0.0030 0.0014 0.0068 0.0017 
        FW30  3 0.0009 0.0025 0.0011 0.0011 0.0016 0.0021 0.0054 0.0021 0.0316 0.0017 0.0069 0.0065 0.0161 0.0090 0.0061 0.0025 0.0172 0.6190 0.0039 0.0238 0.1412 0.0076 0.0622 0.0187 0.0090 
        FW32  3 0.0006 0.0008 0.0009 0.0006 0.0009 0.0015 0.0022 0.0013 0.0025 0.0016 0.0019 0.0031 0.0057 0.0041 0.0034 0.0011 0.0093 0.0116 0.0023 0.9170 0.0097 0.0038 0.0021 0.0101 0.0019 
        FW33  3 0.0006 0.0007 0.0008 0.0010 0.0008 0.0011 0.0016 0.0010 0.0068 0.0012 0.0024 0.0025 0.0055 0.0096 0.0031 0.0009 0.0074 0.0196 0.0020 0.0066 0.9118 0.0030 0.0014 0.0068 0.0017 
        FW34  3 0.0006 0.0007 0.0008 0.0006 0.0008 0.0012 0.0016 0.0010 0.0025 0.0012 0.0015 0.0024 0.0049 0.0035 0.0031 0.0009 0.0074 0.0113 0.0019 0.0065 0.9329 0.0030 0.0014 0.0068 0.0017 
        FW35  3 0.0006 0.0007 0.0007 0.0005 0.0007 0.0011 0.0016 0.0010 0.0024 0.0012 0.0016 0.0025 0.0049 0.0035 0.0031 0.0009 0.0074 0.0114 0.0020 0.0065 0.9327 0.0030 0.0014 0.0068 0.0017 
        FW36  3 0.0005 0.0007 0.0008 0.0005 0.0007 0.0011 0.0016 0.0010 0.0024 0.0012 0.0016 0.0024 0.0049 0.0035 0.0031 0.0009 0.0073 0.0114 0.0020 0.0064 0.9330 0.0030 0.0014 0.0068 0.0017 
        FW37  3 0.0005 0.0006 0.0007 0.0006 0.0007 0.0013 0.0017 0.0011 0.0023 0.0012 0.0017 0.0027 0.0053 0.0035 0.0032 0.0009 0.0076 0.0096 0.0020 0.9287 0.0095 0.0031 0.0015 0.0081 0.0020 
        FW51  3 0.0005 0.0007 0.0007 0.0005 0.0008 0.0011 0.0016 0.0010 0.0025 0.0012 0.0016 0.0024 0.0049 0.0035 0.0031 0.0009 0.0074 0.0113 0.0020 0.0065 0.9329 0.0030 0.0014 0.0068 0.0018 
        FW52  3 0.0005 0.0006 0.0007 0.0006 0.0007 0.0013 0.0017 0.0011 0.0023 0.0012 0.0017 0.0026 0.0054 0.0035 0.0032 0.0009 0.0076 0.0097 0.0020 0.9286 0.0094 0.0031 0.0015 0.0081 0.0020 
        FW53  3 0.0006 0.0007 0.0008 0.0006 0.0008 0.0012 0.0016 0.0010 0.0025 0.0012 0.0015 0.0025 0.0049 0.0035 0.0030 0.0009 0.0073 0.0114 0.0020 0.0064 0.9329 0.0029 0.0014 0.0068 0.0017 
        FW54  3 0.0006 0.0006 0.0007 0.0006 0.0007 0.0012 0.0017 0.0010 0.0023 0.0012 0.0016 0.0026 0.0054 0.0035 0.0032 0.0009 0.0076 0.0097 0.0020 0.9289 0.0094 0.0031 0.0015 0.0081 0.0020 
        FW55  3 0.0006 0.0007 0.0008 0.0006 0.0007 0.0011 0.0016 0.0010 0.0024 0.0012 0.0016 0.0024 0.0050 0.0035 0.0031 0.0009 0.0074 0.0114 0.0019 0.0065 0.9327 0.0030 0.0015 0.0068 0.0018 
        FW56  3 0.0006 0.0007 0.0007 0.0006 0.0008 0.0011 0.0016 0.0010 0.0024 0.0012 0.0015 0.0025 0.0049 0.0035 0.0030 0.0009 0.0074 0.0114 0.0019 0.0066 0.9327 0.0030 0.0014 0.0068 0.0017 
