        TC01  1 0.0034 0.0009 0.0035 0.0095 0.0008 0.0043 0.0059 0.0014 0.0198 0.9325 0.0022 0.0135 0.0023 
        TC02  1 0.0024 0.0015 0.0071 0.0024 0.0012 0.0044 0.0034 0.0025 0.0072 0.9399 0.0047 0.0215 0.0019 
        TC03  1 0.0028 0.0012 0.0029 0.0049 0.0008 0.0107 0.0090 0.0034 0.0031 0.9419 0.0056 0.0119 0.0016 
        TC04  1 0.0023 0.0030 0.0202 0.0135 0.0025 0.0168 0.0234 0.0027 0.0027 0.8705 0.0020 0.0375 0.0030 
        TC05  1 0.0009 0.0018 0.0282 0.0011 0.0007 0.0054 0.0051 0.0030 0.0015 0.9371 0.0025 0.0105 0.0022 
        TC06  1 0.0009 0.0030 0.0039 0.0028 0.0012 0.0812 0.0020 0.0017 0.0016 0.8793 0.0037 0.0100 0.0085 
        TC07  1 0.0008 0.0096 0.0140 0.0014 0.0005 0.0093 0.0069 0.0031 0.0135 0.9241 0.0012 0.0144 0.0013 
        TC08  1 0.0014 0.0028 0.0033 0.0009 0.0048 0.0054 0.0020 0.0060 0.0022 0.9491 0.0022 0.0159 0.0040 
        TC09  1 0.0007 0.0016 0.0062 0.0015 0.0102 0.0391 0.0075 0.0014 0.0019 0.9101 0.0020 0.0141 0.0035 
        TC10  1 0.0044 0.0019 0.0019 0.0011 0.0007 0.0197 0.1122 0.0013 0.0133 0.8340 0.0017 0.0041 0.0037 
        TC11  1 0.0017 0.0011 0.0062 0.0021 0.0008 0.0030 0.0023 0.0053 0.0060 0.9107 0.0016 0.0031 0.0561 
        TC12  1 0.0016 0.0012 0.0151 0.0120 0.0011 0.0093 0.0188 0.0038 0.0056 0.8811 0.0036 0.0451 0.0019 
        TC13  1 0.0014 0.0019 0.0020 0.0011 0.0014 0.0077 0.0018 0.0017 0.0017 0.9674 0.0012 0.0058 0.0048 
        TC14  1 0.0020 0.0016 0.0046 0.0043 0.0012 0.1238 0.0040 0.0085 0.0035 0.8165 0.0029 0.0194 0.0077 
        TC15  1 0.0020 0.0016 0.0044 0.0024 0.0028 0.0365 0.0054 0.0025 0.0013 0.9174 0.0021 0.0180 0.0036 
        TC16  1 0.0013 0.0019 0.0062 0.0020 0.0269 0.0686 0.0159 0.0051 0.0021 0.8491 0.0036 0.0111 0.0061 
        TC17  1 0.0057 0.0048 0.0795 0.0047 0.0011 0.0389 0.0069 0.0140 0.0052 0.7939 0.0121 0.0261 0.0071 
        TC18  1 0.0090 0.0016 0.0408 0.0287 0.0009 0.0141 0.0064 0.0070 0.0053 0.7980 0.0160 0.0073 0.0649 
        TC19  1 0.0018 0.0009 0.0017 0.0012 0.0088 0.0046 0.0022 0.0021 0.0025 0.9553 0.0032 0.0046 0.0112 
        TC20  1 0.0040 0.0014 0.0061 0.0051 0.0027 0.0072 0.0022 0.0021 0.0020 0.9584 0.0013 0.0043 0.0032 
        TC21  1 0.0016 0.0010 0.0431 0.0240 0.0023 0.0114 0.0256 0.0135 0.0092 0.7024 0.0036 0.1383 0.0240 
        TC22  1 0.0147 0.0033 0.0022 0.0011 0.0042 0.0113 0.0051 0.0018 0.0040 0.7619 0.0079 0.0242 0.1584 
        TC23  1 0.0029 0.0009 0.0019 0.0023 0.0008 0.0121 0.0074 0.0039 0.0168 0.9233 0.0105 0.0073 0.0100 
        TC24  1 0.0008 0.0008 0.0032 0.0007 0.0009 0.0039 0.0026 0.0058 0.0012 0.9737 0.0015 0.0031 0.0017 
        TC25  1 0.0010 0.0010 0.0029 0.0130 0.0015 0.2718 0.0087 0.0044 0.0388 0.6264 0.0035 0.0092 0.0179 
        TC26  1 0.0008 0.0022 0.0042 0.0010 0.0009 0.0580 0.0047 0.0021 0.0014 0.9107 0.0025 0.0099 0.0015 
        TC27  1 0.0761 0.0010 0.0132 0.0017 0.0008 0.0394 0.0028 0.0050 0.0021 0.8420 0.0018 0.0097 0.0043 
        TC28  1 0.0016 0.0041 0.0066 0.0018 0.0007 0.0393 0.0074 0.0049 0.0034 0.9156 0.0019 0.0097 0.0029 
        TC29  1 0.0008 0.0019 0.0343 0.0054 0.0007 0.1019 0.0056 0.0106 0.0051 0.7973 0.0069 0.0228 0.0065 
        TC30  1 0.0010 0.0012 0.0028 0.0012 0.0023 0.0120 0.0025 0.0019 0.0019 0.9151 0.0026 0.0086 0.0468 
        TC31  1 0.0038 0.0018 0.0030 0.0115 0.0020 0.0048 0.0064 0.0048 0.0392 0.8088 0.0287 0.0071 0.0780 
        TC32  1 0.0010 0.0158 0.0180 0.0020 0.0012 0.1191 0.0039 0.0026 0.0029 0.7396 0.0015 0.0181 0.0743 
        TC33  1 0.0025 0.0018 0.0083 0.0023 0.0009 0.0092 0.0075 0.0168 0.0167 0.9176 0.0030 0.0081 0.0053 
        TC34  1 0.0018 0.0040 0.0046 0.0016 0.0021 0.1389 0.0043 0.0069 0.0026 0.8160 0.0074 0.0070 0.0028 
        TC35  1 0.0012 0.0014 0.0086 0.0091 0.0023 0.0054 0.0025 0.0025 0.0191 0.9355 0.0029 0.0066 0.0027 
        TC36  1 0.0019 0.0010 0.0082 0.0013 0.0010 0.0094 0.0089 0.0022 0.0024 0.9444 0.0019 0.0108 0.0065 
        TC37  1 0.0011 0.0030 0.0028 0.0021 0.0007 0.0023 0.0028 0.0094 0.0028 0.8600 0.0020 0.0063 0.1048 
        TC38  1 0.0008 0.0007 0.0029 0.0338 0.0060 0.0135 0.0036 0.0022 0.0059 0.9123 0.0052 0.0108 0.0023 
        TC39  1 0.0009 0.0028 0.0024 0.0032 0.0010 0.1525 0.0043 0.0026 0.0022 0.8089 0.0029 0.0095 0.0067 
        TC40  1 0.0022 0.0040 0.0048 0.0020 0.0010 0.0640 0.0057 0.0567 0.0026 0.8397 0.0044 0.0070 0.0059 
        TC41  1 0.0009 0.0025 0.0093 0.0016 0.0007 0.0060 0.0049 0.0039 0.0018 0.8665 0.0167 0.0039 0.0814 
        TC42  1 0.0019 0.0007 0.0029 0.0008 0.0009 0.0178 0.0025 0.0015 0.0012 0.9599 0.0015 0.0060 0.0023 
        TC43  1 0.0017 0.0022 0.0025 0.0024 0.0008 0.0105 0.0037 0.0033 0.0016 0.9612 0.0015 0.0055 0.0033 
        TC44  1 0.0081 0.0027 0.0031 0.0014 0.0057 0.0133 0.0062 0.0018 0.0094 0.9299 0.0042 0.0128 0.0014 
        TC45  1 0.0007 0.0023 0.0019 0.0138 0.0006 0.0032 0.0030 0.0013 0.0024 0.9315 0.0024 0.0298 0.0071 
        TC46  1 0.0099 0.0025 0.0054 0.0049 0.0007 0.0051 0.0531 0.0029 0.0018 0.8903 0.0100 0.0090 0.0045 
        TC47  1 0.0172 0.0017 0.0029 0.0018 0.0027 0.0157 0.0043 0.0026 0.0053 0.9334 0.0040 0.0050 0.0032 
        TC48  1 0.0028 0.0014 0.0138 0.0067 0.0008 0.0154 0.0053 0.0279 0.0023 0.8693 0.0031 0.0431 0.0081 
        TC49  1 0.0019 0.0037 0.0080 0.0020 0.0007 0.0112 0.0024 0.0041 0.0029 0.9210 0.0017 0.0333 0.0073 
        TC50  1 0.0051 0.0040 0.0085 0.0054 0.0014 0.0051 0.0048 0.0095 0.0049 0.9057 0.0092 0.0213 0.0151 
        TC51  1 0.0023 0.0023 0.0031 0.0027 0.0102 0.0486 0.0037 0.0024 0.0113 0.8855 0.0036 0.0228 0.0015 
        TC52  1 0.0008 0.0008 0.0037 0.0040 0.0014 0.0129 0.0741 0.0024 0.0013 0.8865 0.0019 0.0076 0.0025 
        TC53  1 0.0017 0.0009 0.0027 0.0009 0.0009 0.0143 0.0018 0.0016 0.0011 0.9223 0.0117 0.0364 0.0036 
        TC54  1 0.0016 0.0011 0.0181 0.0024 0.0011 0.0292 0.0108 0.1152 0.0030 0.7853 0.0020 0.0265 0.0038 
        TC55  1 0.0020 0.0016 0.0060 0.0037 0.0008 0.0546 0.0209 0.0069 0.0030 0.8548 0.0014 0.0210 0.0234 
        TC56  1 0.0034 0.0045 0.0061 0.0132 0.0007 0.0153 0.0033 0.0433 0.0073 0.8772 0.0054 0.0125 0.0078 
        TC57  1 0.0072 0.0045 0.0071 0.0017 0.0008 0.0045 0.0042 0.0083 0.0022 0.9368 0.0054 0.0129 0.0043 
        TC58  1 0.0025 0.0039 0.0074 0.0018 0.0014 0.0174 0.0063 0.0018 0.0488 0.8924 0.0034 0.0104 0.0025 
        TC59  1 0.0010 0.0010 0.0038 0.0008 0.0007 0.0072 0.0027 0.0021 0.0018 0.9722 0.0015 0.0042 0.0010 
        TA01  2 0.0017 0.0028 0.0033 0.0013 0.0030 0.0101 0.0015 0.0040 0.0019 0.9518 0.0041 0.0097 0.0047 
        TA02  2 0.0009 0.0020 0.0130 0.0021 0.0007 0.0041 0.0047 0.0119 0.0013 0.9497 0.0023 0.0042 0.0032 
        TA03  2 0.0112 0.0100 0.0038 0.0017 0.0021 0.0048 0.0034 0.0048 0.0029 0.9385 0.0050 0.0096 0.0021 
        TA04  2 0.0019 0.0020 0.0019 0.0011 0.1177 0.0209 0.0039 0.0018 0.0018 0.8382 0.0020 0.0049 0.0019 
        TA05  2 0.0019 0.0013 0.0032 0.0023 0.0011 0.0034 0.0034 0.0045 0.0028 0.9594 0.0018 0.0130 0.0017 
        TA06  2 0.0012 0.0016 0.0011 0.0010 0.0018 0.0179 0.0042 0.0016 0.0030 0.9555 0.0019 0.0047 0.0045 
        TA07  2 0.0015 0.0011 0.0079 0.0014 0.0012 0.0032 0.0027 0.0038 0.0043 0.9454 0.0038 0.0226 0.0010 
        TA08  2 0.0231 0.0010 0.0012 0.0026 0.0013 0.0108 0.0015 0.0034 0.0016 0.9458 0.0017 0.0050 0.0009 
        TA09  2 0.0012 0.0011 0.0021 0.0008 0.0022 0.0069 0.0045 0.0023 0.0014 0.9682 0.0016 0.0056 0.0021 
        TA10  2 0.0016 0.0036 0.0129 0.0011 0.0013 0.0062 0.0021 0.0016 0.0626 0.8931 0.0045 0.0083 0.0012 
        TA11  2 0.0048 0.0047 0.0035 0.0032 0.0028 0.0091 0.0035 0.0034 0.0450 0.8277 0.0800 0.0107 0.0017 
        TA12  2 0.0033 0.0018 0.1738 0.0012 0.0007 0.0027 0.0016 0.0028 0.0033 0.7947 0.0028 0.0089 0.0023 
        TA13  2 0.0015 0.0019 0.0179 0.0013 0.0083 0.0100 0.0030 0.0037 0.0058 0.7613 0.0058 0.1779 0.0015 
        TA14  2 0.0008 0.0011 0.0013 0.0007 0.0010 0.0185 0.0018 0.0027 0.0011 0.9640 0.0010 0.0047 0.0013 
        TA15  2 0.0010 0.0019 0.0018 0.0007 0.0010 0.0109 0.0020 0.0021 0.0020 0.9474 0.0015 0.0264 0.0013 
        TA16  2 0.0016 0.0015 0.0357 0.0010 0.0021 0.0202 0.0024 0.0017 0.0285 0.8937 0.0010 0.0093 0.0014 
        TA17  2 0.0094 0.0228 0.0145 0.0010 0.0008 0.0078 0.0034 0.0077 0.0019 0.9169 0.0022 0.0102 0.0014 
        TA18  2 0.0013 0.1169 0.0021 0.0009 0.0018 0.0059 0.0027 0.0023 0.0113 0.7978 0.0033 0.0056 0.0480 
        TA19  2 0.0748 0.0036 0.0036 0.0012 0.0218 0.0146 0.0044 0.0030 0.0102 0.8127 0.0139 0.0089 0.0273 
        TA20  2 0.0014 0.0021 0.0825 0.0044 0.0006 0.0072 0.0017 0.0347 0.0016 0.8390 0.0052 0.0175 0.0021 
        TA21  2 0.0017 0.0051 0.0128 0.0018 0.0010 0.0344 0.0031 0.0242 0.0027 0.8936 0.0019 0.0149 0.0028 
        TA22  2 0.0008 0.0034 0.0034 0.0012 0.0007 0.0602 0.0017 0.0146 0.0012 0.8898 0.0093 0.0050 0.0087 
        TA23  2 0.0010 0.0019 0.0029 0.0009 0.0009 0.0252 0.0016 0.0027 0.0015 0.9528 0.0012 0.0045 0.0029 
        TA24  2 0.0058 0.0041 0.0339 0.0013 0.0011 0.0046 0.0045 0.0019 0.0020 0.9244 0.0075 0.0080 0.0012 
        TA25  2 0.0022 0.0090 0.0163 0.0011 0.0016 0.0126 0.0020 0.0013 0.1468 0.7899 0.0041 0.0117 0.0014 
        TA26  2 0.0059 0.0011 0.0033 0.0036 0.0016 0.0432 0.0014 0.0035 0.0097 0.9035 0.0071 0.0129 0.0032 
        TA27  2 0.0030 0.0053 0.0111 0.0009 0.0027 0.0083 0.0030 0.0052 0.0024 0.9152 0.0067 0.0258 0.0104 
        TA28  2 0.0011 0.0054 0.0091 0.0120 0.0010 0.0046 0.0100 0.0187 0.0015 0.9193 0.0052 0.0072 0.0050 
        TA29  2 0.0073 0.0026 0.0040 0.0013 0.0012 0.0715 0.0024 0.0023 0.0026 0.8863 0.0034 0.0118 0.0034 
        TA30  2 0.0072 0.0010 0.0024 0.0021 0.0863 0.0681 0.0033 0.0076 0.0026 0.7878 0.0031 0.0254 0.0032 
      BERM01  3 0.0008 0.0008 0.0013 0.0007 0.0863 0.8967 0.0012 0.0017 0.0014 0.0035 0.0011 0.0033 0.0013 
      BERM02  3 0.0006 0.0008 0.0014 0.0008 0.0037 0.9739 0.0014 0.0018 0.0012 0.0073 0.0012 0.0036 0.0025 
      BERM03  3 0.0009 0.0006 0.0013 0.0008 0.0008 0.9816 0.0014 0.0014 0.0016 0.0031 0.0016 0.0040 0.0010 
      BERM04  3 0.0012 0.0007 0.0010 0.0009 0.0023 0.9815 0.0013 0.0013 0.0019 0.0029 0.0010 0.0032 0.0008 
      BERM05  3 0.0012 0.0008 0.0014 0.0011 0.0046 0.9739 0.0023 0.0019 0.0021 0.0029 0.0031 0.0037 0.0009 
      BERM06  3 0.0008 0.0011 0.0011 0.0009 0.0055 0.9755 0.0022 0.0012 0.0011 0.0056 0.0009 0.0029 0.0012 
      BERM07  3 0.0016 0.0008 0.0011 0.0008 0.0064 0.9726 0.0013 0.0015 0.0024 0.0045 0.0015 0.0042 0.0011 
      BERM08  3 0.0008 0.0006 0.0010 0.0010 0.0050 0.9785 0.0011 0.0010 0.0012 0.0051 0.0010 0.0029 0.0008 
      BERM09  3 0.0008 0.0006 0.0012 0.0006 0.1339 0.5580 0.0015 0.0014 0.0015 0.2931 0.0017 0.0033 0.0024 
      BERM10  3 0.0018 0.0007 0.0022 0.0014 0.0084 0.9658 0.0016 0.0013 0.0015 0.0055 0.0018 0.0066 0.0015 
      BERM11  3 0.0008 0.0009 0.0010 0.0011 0.0026 0.9665 0.0014 0.0015 0.0017 0.0169 0.0010 0.0035 0.0010 
      BERM12  3 0.0081 0.0044 0.0012 0.0127 0.0009 0.9466 0.0055 0.0013 0.0027 0.0114 0.0012 0.0027 0.0013 
      BERM13  3 0.0013 0.0012 0.0015 0.0008 0.0049 0.9721 0.0031 0.0014 0.0021 0.0048 0.0014 0.0039 0.0014 
      BERM14  3 0.0008 0.0006 0.0011 0.0007 0.0028 0.9747 0.0017 0.0012 0.0019 0.0089 0.0017 0.0032 0.0008 
      CROC01  3 0.0035 0.0014 0.0025 0.0012 0.0036 0.9353 0.0106 0.0095 0.0031 0.0060 0.0114 0.0096 0.0024 
      CROC02  3 0.0009 0.0012 0.0021 0.0014 0.0012 0.9644 0.0097 0.0020 0.0026 0.0075 0.0021 0.0039 0.0010 
      CROC03  3 0.0013 0.0011 0.0016 0.0016 0.0019 0.9718 0.0024 0.0021 0.0018 0.0076 0.0013 0.0042 0.0013 
      CROC04  3 0.0009 0.0007 0.0116 0.0007 0.0022 0.8927 0.0203 0.0013 0.0016 0.0548 0.0021 0.0041 0.0069 
      CROC05  3 0.0009 0.0010 0.0016 0.0009 0.0044 0.9705 0.0020 0.0020 0.0036 0.0047 0.0016 0.0051 0.0018 
      CROC06  3 0.0009 0.0016 0.0045 0.0013 0.0050 0.9005 0.0258 0.0071 0.0267 0.0164 0.0021 0.0070 0.0011 
      CROC07  3 0.0016 0.0043 0.0023 0.0009 0.0031 0.9480 0.0039 0.0024 0.0022 0.0137 0.0041 0.0065 0.0070 
      CROC08  3 0.0015 0.0009 0.0026 0.0025 0.0028 0.9264 0.0019 0.0307 0.0053 0.0044 0.0127 0.0059 0.0024 
      CROC09  3 0.0007 0.0008 0.0015 0.0009 0.0901 0.8849 0.0019 0.0057 0.0013 0.0036 0.0013 0.0057 0.0015 
      CROC10  3 0.0008 0.0010 0.0012 0.0010 0.1079 0.8713 0.0013 0.0012 0.0025 0.0038 0.0012 0.0048 0.0021 
      CROC11  3 0.0007 0.0008 0.0017 0.0010 0.0909 0.8842 0.0019 0.0057 0.0013 0.0035 0.0013 0.0057 0.0015 
     CROC110  3 0.0014 0.0011 0.0060 0.0008 0.0089 0.9032 0.0033 0.0038 0.0018 0.0178 0.0017 0.0479 0.0024 
     CROC116  3 0.0014 0.0053 0.0044 0.0019 0.0018 0.9438 0.0060 0.0035 0.0021 0.0119 0.0037 0.0088 0.0053 
      CROC12  3 0.0007 0.0011 0.0022 0.0009 0.0045 0.9760 0.0013 0.0015 0.0013 0.0036 0.0012 0.0044 0.0013 
     CROC123  3 0.0006 0.0007 0.0011 0.0008 0.0036 0.9802 0.0012 0.0011 0.0010 0.0045 0.0008 0.0031 0.0012 
      CROC13  3 0.0011 0.0006 0.0011 0.0016 0.0012 0.9791 0.0013 0.0014 0.0026 0.0031 0.0020 0.0041 0.0009 
      CROC14  3 0.0005 0.0007 0.0028 0.0012 0.0024 0.8901 0.0020 0.0025 0.0799 0.0073 0.0009 0.0087 0.0010 
      CROC15  3 0.0010 0.0007 0.0025 0.0026 0.0013 0.8602 0.1055 0.0053 0.0061 0.0035 0.0012 0.0087 0.0014 
      CROC16  3 0.0012 0.0010 0.0017 0.0026 0.0442 0.9301 0.0024 0.0028 0.0024 0.0031 0.0022 0.0054 0.0009 
      CROC17  3 0.0007 0.0009 0.0083 0.0009 0.0011 0.9012 0.0011 0.0012 0.0012 0.0185 0.0010 0.0025 0.0614 
      CROC18  3 0.0009 0.0036 0.0026 0.0072 0.0014 0.9452 0.0083 0.0016 0.0013 0.0059 0.0125 0.0065 0.0030 
      CROC19  3 0.0018 0.0011 0.0035 0.0011 0.0027 0.9598 0.0040 0.0019 0.0021 0.0113 0.0038 0.0056 0.0012 
     CROC198  3 0.0018 0.0006 0.0013 0.0009 0.0109 0.9681 0.0013 0.0017 0.0024 0.0034 0.0018 0.0044 0.0013 
      CROC20  3 0.0010 0.0018 0.0017 0.0012 0.0028 0.9743 0.0024 0.0020 0.0020 0.0037 0.0013 0.0049 0.0008 
     CROC202  3 0.0013 0.0007 0.0012 0.0032 0.0016 0.9725 0.0018 0.0015 0.0030 0.0034 0.0045 0.0042 0.0010 
      CROC21  3 0.0009 0.0007 0.0015 0.0010 0.0059 0.9696 0.0013 0.0016 0.0019 0.0053 0.0012 0.0079 0.0013 
     CROC216  3 0.0009 0.0018 0.0035 0.0014 0.0036 0.9111 0.0199 0.0034 0.0018 0.0386 0.0018 0.0081 0.0040 
      CROC22  3 0.0200 0.0008 0.0200 0.0012 0.0021 0.9283 0.0016 0.0013 0.0018 0.0094 0.0017 0.0066 0.0053 
      CROC23  3 0.0011 0.0011 0.0021 0.0012 0.1007 0.8500 0.0016 0.0025 0.0017 0.0252 0.0014 0.0074 0.0041 
      CROC24  3 0.0007 0.0007 0.0015 0.0014 0.0117 0.9663 0.0015 0.0021 0.0014 0.0063 0.0017 0.0038 0.0010 
      CROC25  3 0.0008 0.0007 0.0011 0.0008 0.0014 0.9804 0.0019 0.0014 0.0017 0.0042 0.0012 0.0028 0.0015 
     CROC259  3 0.0011 0.0009 0.0019 0.0012 0.0039 0.9061 0.0015 0.0017 0.0167 0.0568 0.0014 0.0036 0.0030 
      CROC26  3 0.0015 0.0007 0.0014 0.0011 0.0032 0.8943 0.0016 0.0022 0.0023 0.0853 0.0017 0.0030 0.0019 
      CROC27  3 0.0012 0.0009 0.0024 0.0011 0.0053 0.9260 0.0031 0.0052 0.0017 0.0381 0.0013 0.0043 0.0093 
      CROC28  3 0.0007 0.0006 0.0019 0.0008 0.0261 0.9374 0.0014 0.0016 0.0018 0.0223 0.0011 0.0031 0.0011 
      CROC29  3 0.0008 0.0007 0.0015 0.0009 0.0009 0.9769 0.0019 0.0027 0.0015 0.0043 0.0013 0.0053 0.0013 
      CROC30  3 0.0009 0.0019 0.0054 0.0013 0.0030 0.9642 0.0047 0.0030 0.0019 0.0053 0.0018 0.0049 0.0017 
      CROC31  3 0.0011 0.0096 0.0039 0.0010 0.0288 0.8841 0.0021 0.0017 0.0025 0.0439 0.0022 0.0132 0.0059 
      CROC32  3 0.0008 0.0006 0.0012 0.0008 0.0023 0.9801 0.0015 0.0011 0.0019 0.0038 0.0014 0.0036 0.0009 
      CROC33  3 0.0010 0.0008 0.0048 0.0015 0.0012 0.9259 0.0054 0.0263 0.0010 0.0243 0.0016 0.0047 0.0013 
      CROC34  3 0.0014 0.0014 0.0019 0.0010 0.0018 0.9761 0.0019 0.0022 0.0020 0.0047 0.0013 0.0030 0.0014 
      CROC35  3 0.0005 0.0007 0.0161 0.0011 0.0020 0.9224 0.0010 0.0012 0.0015 0.0448 0.0009 0.0062 0.0015 
      CROC36  3 0.0008 0.0007 0.0012 0.0008 0.0449 0.9351 0.0017 0.0015 0.0022 0.0032 0.0018 0.0043 0.0018 
      CROC57  3 0.0009 0.0009 0.0015 0.0010 0.0015 0.9761 0.0018 0.0020 0.0041 0.0033 0.0024 0.0039 0.0009 
      CROC81  3 0.0009 0.0009 0.0015 0.0031 0.0018 0.9679 0.0034 0.0049 0.0020 0.0036 0.0037 0.0049 0.0016 
      CROC84  3 0.0020 0.0014 0.0010 0.0035 0.0047 0.9690 0.0022 0.0011 0.0015 0.0091 0.0011 0.0026 0.0009 
        FW01  3 0.0010 0.0007 0.0014 0.0015 0.0010 0.9773 0.0021 0.0017 0.0013 0.0054 0.0013 0.0043 0.0009 
        FW02  3 0.0006 0.0005 0.0007 0.0006 0.9873 0.0018 0.0009 0.0010 0.0010 0.0019 0.0008 0.0022 0.0007 
        FW03  3 0.0009 0.0007 0.0012 0.0013 0.0012 0.9797 0.0021 0.0015 0.0011 0.0048 0.0011 0.0036 0.0008 
        FW04  3 0.0006 0.0005 0.0008 0.0006 0.9873 0.0019 0.0009 0.0010 0.0011 0.0019 0.0008 0.0022 0.0007 
        FW05  3 0.0006 0.0005 0.0007 0.0006 0.9872 0.0018 0.0009 0.0010 0.0010 0.0019 0.0008 0.0022 0.0007 
        FW06  3 0.0005 0.0005 0.0007 0.0006 0.9873 0.0018 0.0009 0.0010 0.0010 0.0019 0.0008 0.0022 0.0007 
        FW07  3 0.0009 0.0007 0.0012 0.0013 0.0012 0.9793 0.0022 0.0015 0.0011 0.0050 0.0011 0.0037 0.0008 
        FW08  3 0.0006 0.0005 0.0007 0.0006 0.9873 0.0018 0.0009 0.0010 0.0011 0.0019 0.0008 0.0022 0.0007 
        FW09  3 0.0006 0.0005 0.0007 0.0006 0.9872 0.0019 0.0009 0.0010 0.0010 0.0019 0.0008 0.0022 0.0007 
        FW10  3 0.0009 0.0007 0.0012 0.0013 0.0012 0.9781 0.0022 0.0018 0.0011 0.0054 0.0011 0.0042 0.0009 
       FW100  3 0.0009 0.0007 0.0013 0.0013 0.0018 0.9778 0.0019 0.0017 0.0011 0.0055 0.0011 0.0041 0.0009 
       FW101  3 0.0009 0.0007 0.0012 0.0013 0.0012 0.9781 0.0022 0.0018 0.0012 0.0053 0.0010 0.0043 0.0009 
       FW102  3 0.0006 0.0005 0.0008 0.0006 0.9872 0.0018 0.0009 0.0010 0.0010 0.0019 0.0008 0.0022 0.0007 
       FW103  3 0.0006 0.0005 0.0007 0.0006 0.9873 0.0018 0.0009 0.0010 0.0010 0.0019 0.0008 0.0022 0.0007 
       FW104  3 0.0010 0.0008 0.0014 0.0016 0.0009 0.9773 0.0020 0.0017 0.0012 0.0056 0.0013 0.0043 0.0008 
       FW105  3 0.0009 0.0007 0.0013 0.0014 0.0013 0.9780 0.0022 0.0017 0.0012 0.0052 0.0010 0.0043 0.0009 
       FW106  3 0.0016 0.0154 0.0050 0.0031 0.0344 0.8819 0.0080 0.0048 0.0016 0.0272 0.0015 0.0111 0.0044 
       FW107  3 0.0010 0.0007 0.0013 0.0015 0.0010 0.9772 0.0021 0.0017 0.0013 0.0055 0.0014 0.0044 0.0008 
       FW108  3 0.0005 0.0005 0.0007 0.0006 0.9872 0.0019 0.0010 0.0010 0.0010 0.0019 0.0008 0.0022 0.0007 
       FW109  3 0.0009 0.0007 0.0013 0.0013 0.0012 0.9780 0.0021 0.0018 0.0011 0.0055 0.0011 0.0042 0.0009 
        FW11  3 0.0009 0.0007 0.0013 0.0013 0.0017 0.9776 0.0020 0.0017 0.0012 0.0057 0.0011 0.0041 0.0009 
       FW110  3 0.0009 0.0007 0.0013 0.0013 0.0012 0.9793 0.0021 0.0015 0.0012 0.0049 0.0010 0.0037 0.0009 
       FW111  3 0.0006 0.0005 0.0007 0.0006 0.9873 0.0018 0.0009 0.0010 0.0010 0.0019 0.0008 0.0022 0.0007 
       FW112  3 0.0009 0.0007 0.0013 0.0013 0.0018 0.9776 0.0019 0.0018 0.0011 0.0054 0.0010 0.0042 0.0009 
       FW113  3 0.0006 0.0005 0.0008 0.0006 0.9873 0.0018 0.0009 0.0010 0.0010 0.0019 0.0008 0.0022 0.0007 
       FW114  3 0.0009 0.0007 0.0014 0.0013 0.0012 0.9782 0.0023 0.0014 0.0012 0.0057 0.0011 0.0037 0.0010 
       FW115  3 0.0009 0.0007 0.0012 0.0013 0.0012 0.9782 0.0022 0.0017 0.0011 0.0052 0.0011 0.0042 0.0008 
       FW116  3 0.0006 0.0005 0.0007 0.0006 0.9872 0.0018 0.0010 0.0010 0.0010 0.0019 0.0008 0.0022 0.0007 
        FW12  3 0.0006 0.0005 0.0007 0.0006 0.9873 0.0018 0.0009 0.0009 0.0011 0.0019 0.0008 0.0022 0.0007 
        FW13  3 0.0006 0.0005 0.0008 0.0006 0.9873 0.0018 0.0009 0.0010 0.0010 0.0019 0.0008 0.0022 0.0007 
        FW14  3 0.0011 0.0007 0.0013 0.0015 0.0010 0.9776 0.0021 0.0017 0.0012 0.0053 0.0014 0.0043 0.0009 
        FW15  3 0.0010 0.0007 0.0014 0.0015 0.0010 0.9775 0.0020 0.0017 0.0012 0.0055 0.0014 0.0043 0.0009 
        FW16  3 0.0009 0.0007 0.0013 0.0013 0.0012 0.9777 0.0022 0.0018 0.0012 0.0054 0.0011 0.0044 0.0009 
        FW17  3 0.0009 0.0007 0.0012 0.0013 0.0012 0.9782 0.0021 0.0018 0.0011 0.0052 0.0010 0.0043 0.0009 
        FW18  3 0.0009 0.0007 0.0013 0.0013 0.0018 0.9778 0.0019 0.0018 0.0011 0.0053 0.0010 0.0042 0.0009 
        FW19  3 0.0006 0.0005 0.0008 0.0006 0.9872 0.0018 0.0010 0.0010 0.0010 0.0019 0.0008 0.0022 0.0007 
        FW20  3 0.0006 0.0005 0.0008 0.0006 0.9873 0.0018 0.0009 0.0010 0.0010 0.0019 0.0008 0.0022 0.0007 
        FW21  3 0.0006 0.0005 0.0008 0.0006 0.9872 0.0019 0.0009 0.0010 0.0010 0.0019 0.0008 0.0022 0.0007 
        FW22  3 0.0009 0.0007 0.0013 0.0013 0.0017 0.9779 0.0019 0.0018 0.0011 0.0052 0.0011 0.0042 0.0009 
        FW23  3 0.0006 0.0005 0.0007 0.0006 0.9873 0.0019 0.0009 0.0009 0.0010 0.0019 0.0008 0.0022 0.0007 
        FW24  3 0.0006 0.0005 0.0007 0.0006 0.9873 0.0018 0.0009 0.0010 0.0010 0.0019 0.0008 0.0021 0.0007 
        FW25  3 0.0006 0.0005 0.0007 0.0006 0.9874 0.0018 0.0009 0.0010 0.0010 0.0019 0.0008 0.0022 0.0007 
        FW26  3 0.0006 0.0005 0.0008 0.0006 0.9873 0.0018 0.0010 0.0010 0.0010 0.0019 0.0008 0.0022 0.0007 
        FW27  3 0.0009 0.0007 0.0013 0.0013 0.0012 0.9780 0.0021 0.0018 0.0011 0.0054 0.0010 0.0043 0.0009 
        FW28  3 0.0005 0.0005 0.0008 0.0006 0.9873 0.0019 0.0009 0.0010 0.0010 0.0019 0.0008 0.0022 0.0007 
        FW29  3 0.0006 0.0005 0.0008 0.0006 0.9873 0.0019 0.0009 0.0010 0.0011 0.0019 0.0008 0.0021 0.0007 
        FW30  3 0.0016 0.0158 0.0049 0.0029 0.0354 0.8816 0.0076 0.0048 0.0016 0.0267 0.0015 0.0110 0.0045 
        FW32  3 0.0010 0.0008 0.0013 0.0016 0.0010 0.9775 0.0020 0.0017 0.0012 0.0055 0.0014 0.0042 0.0009 
        FW33  3 0.0006 0.0005 0.0008 0.0006 0.9670 0.0073 0.0009 0.0010 0.0010 0.0026 0.0008 0.0085 0.0084 
        FW34  3 0.0006 0.0005 0.0008 0.0006 0.9873 0.0018 0.0009 0.0010 0.0010 0.0019 0.0008 0.0022 0.0007 
        FW35  3 0.0006 0.0005 0.0007 0.0006 0.9873 0.0018 0.0009 0.0010 0.0010 0.0019 0.0008 0.0022 0.0007 
        FW36  3 0.0006 0.0005 0.0008 0.0006 0.9873 0.0019 0.0009 0.0010 0.0010 0.0019 0.0008 0.0021 0.0007 
        FW37  3 0.0009 0.0007 0.0013 0.0013 0.0012 0.9782 0.0022 0.0018 0.0011 0.0052 0.0010 0.0042 0.0009 
        FW51  3 0.0006 0.0005 0.0007 0.0006 0.9873 0.0018 0.0010 0.0010 0.0011 0.0019 0.0008 0.0022 0.0007 
        FW52  3 0.0009 0.0007 0.0012 0.0013 0.0012 0.9780 0.0021 0.0018 0.0012 0.0053 0.0010 0.0043 0.0009 
        FW53  3 0.0006 0.0005 0.0008 0.0006 0.9873 0.0018 0.0010 0.0010 0.0010 0.0019 0.0008 0.0022 0.0007 
        FW54  3 0.0009 0.0007 0.0013 0.0013 0.0012 0.9792 0.0022 0.0015 0.0011 0.0050 0.0010 0.0037 0.0008 
        FW55  3 0.0006 0.0005 0.0007 0.0006 0.9874 0.0018 0.0009 0.0010 0.0010 0.0019 0.0008 0.0022 0.0007 
        FW56  3 0.0006 0.0005 0.0008 0.0006 0.9872 0.0018 0.0009 0.0010 0.0010 0.0019 0.0008 0.0022 0.0007 
        FW57  3 0.0006 0.0005 0.0008 0.0006 0.9872 0.0018 0.0009 0.0010 0.0010 0.0019 0.0008 0.0022 0.0007 
        FW78  3 0.0006 0.0005 0.0008 0.0006 0.9872 0.0018 0.0009 0.0010 0.0011 0.0019 0.0008 0.0022 0.0007 
        FW79  3 0.0006 0.0005 0.0007 0.0006 0.9873 0.0018 0.0009 0.0010 0.0010 0.0019 0.0008 0.0021 0.0007 
        FW80  3 0.0005 0.0005 0.0008 0.0006 0.9873 0.0018 0.0009 0.0010 0.0010 0.0019 0.0008 0.0022 0.0007 
        FW81  3 0.0009 0.0007 0.0013 0.0013 0.0012 0.9796 0.0022 0.0015 0.0011 0.0048 0.0010 0.0037 0.0008 
        FW82  3 0.0009 0.0007 0.0013 0.0014 0.0012 0.9781 0.0022 0.0018 0.0012 0.0051 0.0010 0.0043 0.0009 
        FW83  3 0.0010 0.0007 0.0013 0.0016 0.0010 0.9775 0.0021 0.0016 0.0012 0.0054 0.0013 0.0043 0.0009 
        FW84  3 0.0006 0.0005 0.0007 0.0006 0.9873 0.0018 0.0009 0.0010 0.0010 0.0019 0.0008 0.0022 0.0007 
        FW85  3 0.0009 0.0007 0.0020 0.0049 0.0012 0.9377 0.0216 0.0017 0.0012 0.0181 0.0011 0.0082 0.0009 
        FW86  3 0.0009 0.0007 0.0013 0.0013 0.0019 0.9777 0.0020 0.0018 0.0011 0.0053 0.0011 0.0042 0.0009 
        FW87  3 0.0009 0.0007 0.0013 0.0013 0.0018 0.9775 0.0019 0.0018 0.0011 0.0055 0.0011 0.0042 0.0009 
        FW88  3 0.0006 0.0005 0.0008 0.0006 0.9872 0.0019 0.0010 0.0010 0.0010 0.0019 0.0008 0.0022 0.0007 
        FW89  3 0.0006 0.0005 0.0007 0.0006 0.9872 0.0018 0.0009 0.0010 0.0010 0.0019 0.0008 0.0022 0.0007 
        FW90  3 0.0005 0.0005 0.0007 0.0006 0.9874 0.0018 0.0009 0.0010 0.0010 0.0019 0.0008 0.0022 0.0007 
        FW91  3 0.0009 0.0007 0.0013 0.0014 0.0012 0.9778 0.0021 0.0018 0.0011 0.0054 0.0011 0.0044 0.0009 
        FW92  3 0.0005 0.0005 0.0007 0.0006 0.9873 0.0018 0.0009 0.0009 0.0011 0.0019 0.0008 0.0022 0.0007 
        FW93  3 0.0006 0.0005 0.0007 0.0006 0.9873 0.0018 0.0009 0.0010 0.0010 0.0019 0.0008 0.0022 0.0007 
        FW94  3 0.0009 0.0007 0.0013 0.0013 0.0012 0.9781 0.0022 0.0018 0.0011 0.0052 0.0010 0.0043 0.0009 
        FW95  3 0.0006 0.0005 0.0008 0.0006 0.9873 0.0018 0.0010 0.0010 0.0011 0.0019 0.0008 0.0022 0.0007 
        FW96  3 0.0005 0.0005 0.0007 0.0006 0.9873 0.0018 0.0009 0.0010 0.0010 0.0019 0.0008 0.0022 0.0007 
        FW97  3 0.0043 0.0013 0.0039 0.0019 0.0085 0.9518 0.0041 0.0039 0.0054 0.0065 0.0025 0.0044 0.0016 
        FW98  3 0.0009 0.0007 0.0013 0.0013 0.0013 0.9795 0.0021 0.0014 0.0011 0.0048 0.0011 0.0036 0.0008 
        FW99  3 0.0006 0.0005 0.0008 0.0006 0.9873 0.0019 0.0010 0.0010 0.0010 0.0019 0.0008 0.0022 0.0007 
       Cal01  3 0.0009 0.0009 0.0025 0.0011 0.2339 0.7296 0.0014 0.0064 0.0019 0.0099 0.0062 0.0044 0.0010 
       Cal02  3 0.0008 0.0014 0.0015 0.0011 0.0086 0.9702 0.0015 0.0013 0.0016 0.0036 0.0013 0.0055 0.0015 
       Cal03  3 0.0007 0.0008 0.0013 0.0009 0.0634 0.9196 0.0018 0.0017 0.0009 0.0035 0.0014 0.0031 0.0008 
       Cal04  3 0.0032 0.0009 0.0029 0.0014 0.0008 0.9728 0.0026 0.0019 0.0016 0.0037 0.0014 0.0059 0.0009 
       Cal05  3 0.0007 0.0007 0.0009 0.0007 0.0028 0.9758 0.0011 0.0010 0.0010 0.0059 0.0009 0.0022 0.0063 
       Cal06  3 0.0007 0.0021 0.0032 0.0009 0.0039 0.9534 0.0018 0.0020 0.0046 0.0178 0.0015 0.0063 0.0016 
       Cal07  3 0.0006 0.0006 0.0012 0.0007 0.0228 0.9485 0.0013 0.0012 0.0012 0.0143 0.0010 0.0027 0.0040 
       Cal08  3 0.0025 0.0009 0.0025 0.0015 0.0767 0.8889 0.0033 0.0030 0.0045 0.0049 0.0043 0.0050 0.0021 
       Cal09  3 0.0011 0.0007 0.0011 0.0015 0.0853 0.8605 0.0012 0.0015 0.0015 0.0179 0.0013 0.0128 0.0136 
       Cal10  3 0.0010 0.0008 0.0029 0.0010 0.0009 0.9748 0.0023 0.0027 0.0012 0.0055 0.0012 0.0048 0.0009 
       Cal11  3 0.0025 0.0017 0.0018 0.0010 0.0059 0.9147 0.0022 0.0021 0.0462 0.0100 0.0032 0.0067 0.0021 
      Cal197  3 0.0005 0.0008 0.0044 0.0007 0.3504 0.6238 0.0014 0.0026 0.0011 0.0065 0.0008 0.0058 0.0011 
      Cal198  3 0.0015 0.0031 0.0036 0.0007 0.0055 0.8763 0.0018 0.0662 0.0012 0.0295 0.0014 0.0042 0.0049 
      Cal199  3 0.0192 0.0036 0.0013 0.0010 0.0013 0.9568 0.0013 0.0027 0.0014 0.0050 0.0026 0.0030 0.0007 
      Cal200  3 0.0006 0.0007 0.0018 0.0011 0.0030 0.9317 0.0128 0.0019 0.0026 0.0330 0.0037 0.0063 0.0008 
      Cal201  3 0.0006 0.0006 0.0016 0.0006 0.0254 0.9452 0.0014 0.0012 0.0015 0.0132 0.0012 0.0048 0.0028 
      Cal202  3 0.0052 0.0006 0.0032 0.0074 0.0066 0.9257 0.0032 0.0160 0.0016 0.0052 0.0012 0.0207 0.0033 
      Cal203  3 0.0011 0.0007 0.0014 0.0010 0.0009 0.9774 0.0022 0.0016 0.0037 0.0039 0.0013 0.0038 0.0011 
      Cal204  3 0.0009 0.0008 0.0013 0.0013 0.0012 0.9735 0.0021 0.0021 0.0020 0.0051 0.0036 0.0040 0.0021 
      Cal205  3 0.0008 0.0014 0.0018 0.0009 0.0029 0.9761 0.0014 0.0018 0.0010 0.0048 0.0012 0.0047 0.0011 
      Cal206  3 0.0009 0.0012 0.0014 0.0014 0.0032 0.9763 0.0015 0.0014 0.0015 0.0042 0.0013 0.0049 0.0009 
      Cal207  3 0.0006 0.0081 0.0015 0.0007 0.0032 0.9670 0.0013 0.0040 0.0011 0.0059 0.0018 0.0034 0.0013 
      Cal208  3 0.0013 0.0006 0.0015 0.0009 0.0078 0.9714 0.0020 0.0027 0.0019 0.0025 0.0018 0.0045 0.0011 
      Cal209  3 0.0008 0.0007 0.0010 0.0009 0.0171 0.9668 0.0011 0.0012 0.0014 0.0036 0.0012 0.0034 0.0008 
      Cal210  3 0.0192 0.0037 0.0013 0.0010 0.0014 0.9566 0.0014 0.0027 0.0014 0.0050 0.0026 0.0031 0.0007 
      Cal211  3 0.0007 0.0011 0.0012 0.0007 0.0310 0.9463 0.0024 0.0012 0.0013 0.0078 0.0011 0.0034 0.0019 
      Cal212  3 0.0009 0.0044 0.0011 0.0008 0.0021 0.9711 0.0036 0.0013 0.0012 0.0069 0.0017 0.0039 0.0010 
      Cal213  3 0.0009 0.0017 0.0101 0.0009 0.0053 0.8540 0.0063 0.0207 0.0010 0.0919 0.0009 0.0047 0.0015 
      Cal214  3 0.0225 0.0008 0.0019 0.0011 0.0006 0.9298 0.0014 0.0073 0.0014 0.0031 0.0009 0.0285 0.0008 
      Cal215  3 0.0027 0.0008 0.0018 0.0019 0.0263 0.9467 0.0022 0.0020 0.0022 0.0042 0.0035 0.0048 0.0010 
      Cal216  3 0.0006 0.0015 0.0011 0.0009 0.0396 0.9364 0.0013 0.0020 0.0017 0.0060 0.0018 0.0038 0.0032 
      Cal217  3 0.0006 0.0006 0.0014 0.0006 0.0184 0.9613 0.0011 0.0016 0.0015 0.0054 0.0013 0.0038 0.0024 
      Cal218  3 0.0009 0.0046 0.0012 0.0008 0.0049 0.9659 0.0025 0.0011 0.0012 0.0110 0.0011 0.0038 0.0010 
      Cal219  3 0.0012 0.0012 0.0018 0.0008 0.0298 0.9475 0.0016 0.0014 0.0018 0.0046 0.0017 0.0055 0.0010 
      Cal220  3 0.0031 0.0422 0.0027 0.0008 0.0106 0.9080 0.0017 0.0040 0.0046 0.0050 0.0038 0.0085 0.0049 
      Cal221  3 0.0019 0.0017 0.0017 0.0008 0.0043 0.9741 0.0019 0.0020 0.0011 0.0057 0.0010 0.0030 0.0008 
      Cal222  3 0.0039 0.0016 0.0014 0.0009 0.0016 0.9747 0.0014 0.0021 0.0014 0.0057 0.0014 0.0029 0.0009 
      Cal223  3 0.0023 0.0016 0.0056 0.0010 0.0012 0.8443 0.0031 0.0073 0.0034 0.1154 0.0022 0.0059 0.0066 
      Cal224  3 0.0010 0.0011 0.0022 0.0065 0.0010 0.8950 0.0046 0.0666 0.0033 0.0038 0.0082 0.0035 0.0032 
       Cal33  3 0.0008 0.0009 0.0027 0.0009 0.0024 0.9773 0.0016 0.0011 0.0012 0.0038 0.0010 0.0051 0.0012 
       Cal34  3 0.0008 0.0007 0.0012 0.0014 0.0013 0.9633 0.0011 0.0036 0.0013 0.0062 0.0010 0.0068 0.0112 
       Cal35  3 0.0006 0.0008 0.0016 0.0008 0.0022 0.9786 0.0016 0.0012 0.0011 0.0057 0.0014 0.0033 0.0011 
       Cal37  3 0.0007 0.0090 0.0047 0.0009 0.0020 0.9462 0.0042 0.0011 0.0012 0.0092 0.0011 0.0168 0.0031 
       Cal38  3 0.0009 0.0010 0.0015 0.0006 0.2836 0.6955 0.0012 0.0012 0.0013 0.0078 0.0013 0.0032 0.0011 
       Cal39  3 0.0013 0.0007 0.0011 0.0017 0.0199 0.9585 0.0013 0.0012 0.0018 0.0047 0.0031 0.0035 0.0012 
       Cal40  3 0.0008 0.0007 0.0010 0.0009 0.0169 0.9670 0.0011 0.0011 0.0013 0.0036 0.0012 0.0033 0.0008 
       Cal41  3 0.0008 0.0006 0.0010 0.0008 0.0073 0.9771 0.0012 0.0011 0.0014 0.0037 0.0010 0.0028 0.0009 
       Cal42  3 0.0009 0.0006 0.0014 0.0011 0.0033 0.9775 0.0015 0.0014 0.0024 0.0033 0.0013 0.0045 0.0008 
       Cal43  3 0.0008 0.0014 0.0014 0.0007 0.0016 0.9774 0.0018 0.0016 0.0014 0.0049 0.0013 0.0041 0.0014 
       Cal44  3 0.0011 0.0784 0.0013 0.0009 0.0081 0.8878 0.0025 0.0028 0.0020 0.0072 0.0030 0.0037 0.0011 
        BW41  3 0.0016 0.0010 0.0018 0.0308 0.0016 0.9246 0.0050 0.0046 0.0020 0.0083 0.0024 0.0129 0.0034 
        BW42  3 0.0009 0.0010 0.0086 0.0008 0.0011 0.9720 0.0021 0.0015 0.0016 0.0050 0.0011 0.0033 0.0011 
        BW44  3 0.0008 0.0013 0.0014 0.0007 0.0008 0.9703 0.0016 0.0018 0.0018 0.0131 0.0012 0.0040 0.0014 
        BW45  3 0.0006 0.0006 0.0010 0.0006 0.0022 0.9744 0.0013 0.0010 0.0013 0.0127 0.0008 0.0027 0.0008 
        BW46  3 0.0007 0.0011 0.0015 0.0009 0.0031 0.9776 0.0018 0.0016 0.0013 0.0034 0.0017 0.0044 0.0009 
        BW47  3 0.0007 0.0073 0.0022 0.0074 0.0776 0.8392 0.0211 0.0013 0.0012 0.0115 0.0125 0.0039 0.0143 
        BW48  3 0.0025 0.0008 0.0041 0.0024 0.0020 0.9488 0.0036 0.0023 0.0034 0.0126 0.0068 0.0084 0.0023 
        BW49  3 0.0007 0.0013 0.0017 0.0008 0.0206 0.9382 0.0013 0.0013 0.0023 0.0171 0.0023 0.0044 0.0081 
        BW50  3 0.0007 0.0008 0.0015 0.0009 0.0119 0.9706 0.0013 0.0015 0.0015 0.0034 0.0010 0.0035 0.0014 
        BW51  3 0.0009 0.0008 0.0013 0.0007 0.0125 0.9261 0.0011 0.0013 0.0014 0.0483 0.0011 0.0036 0.0009 
        BW52  3 0.0009 0.0008 0.0011 0.0008 0.0034 0.9671 0.0012 0.0014 0.0128 0.0041 0.0013 0.0037 0.0014 
        BW53  3 0.0007 0.0211 0.0033 0.0010 0.0026 0.9462 0.0038 0.0027 0.0012 0.0078 0.0009 0.0076 0.0011 
        BW54  3 0.0016 0.0092 0.0022 0.0017 0.0050 0.8192 0.1399 0.0018 0.0019 0.0070 0.0017 0.0042 0.0045 
        BW55  3 0.0010 0.0007 0.0016 0.0009 0.0017 0.9764 0.0032 0.0018 0.0027 0.0045 0.0017 0.0029 0.0009 
        BW56  3 0.0007 0.0006 0.0014 0.0019 0.0028 0.9771 0.0016 0.0015 0.0014 0.0051 0.0009 0.0036 0.0013 
        BW57  3 0.0007 0.0007 0.0018 0.0009 0.0070 0.9674 0.0014 0.0021 0.0012 0.0068 0.0014 0.0037 0.0050 
        BW58  3 0.0009 0.0012 0.0014 0.0009 0.0025 0.9779 0.0015 0.0015 0.0013 0.0054 0.0010 0.0036 0.0010 
        BW59  3 0.0007 0.0007 0.0025 0.0008 0.1100 0.8692 0.0014 0.0011 0.0012 0.0044 0.0017 0.0050 0.0014 
        BW60  3 0.0007 0.0008 0.0012 0.0009 0.0012 0.9813 0.0016 0.0014 0.0015 0.0039 0.0012 0.0030 0.0013 
        BW61  3 0.0009 0.0011 0.0189 0.0639 0.0158 0.8707 0.0018 0.0017 0.0022 0.0157 0.0012 0.0036 0.0024 
        BW62  3 0.0008 0.0008 0.0020 0.0014 0.0013 0.9622 0.0139 0.0017 0.0014 0.0085 0.0014 0.0034 0.0012 
        BW63  3 0.0008 0.0023 0.0028 0.0011 0.0011 0.8850 0.0695 0.0019 0.0014 0.0229 0.0028 0.0056 0.0027 
        BW64  3 0.0007 0.0007 0.0018 0.0007 0.0123 0.9693 0.0023 0.0014 0.0014 0.0046 0.0011 0.0028 0.0010 
        BW65  3 0.0020 0.0065 0.0031 0.0042 0.0009 0.8984 0.0034 0.0084 0.0032 0.0410 0.0023 0.0243 0.0025 
        BW66  3 0.0010 0.0009 0.0019 0.0019 0.0020 0.9514 0.0023 0.0019 0.0090 0.0199 0.0012 0.0029 0.0037 
        BW67  3 0.0006 0.0006 0.0010 0.0007 0.0027 0.8951 0.0020 0.0018 0.0013 0.0886 0.0012 0.0029 0.0015 
        BW68  3 0.0007 0.0010 0.0038 0.0026 0.0015 0.9532 0.0054 0.0019 0.0013 0.0143 0.0045 0.0071 0.0028 
        BW69  3 0.0012 0.0008 0.0012 0.0427 0.0013 0.9373 0.0017 0.0015 0.0017 0.0040 0.0015 0.0043 0.0009 
        BW70  3 0.0016 0.0014 0.0022 0.0008 0.0099 0.9495 0.0022 0.0028 0.0024 0.0189 0.0015 0.0046 0.0024 
        BW71  3 0.0008 0.0005 0.0010 0.0007 0.0651 0.9161 0.0012 0.0010 0.0017 0.0059 0.0013 0.0036 0.0012 
        BW72  3 0.0013 0.0013 0.0050 0.0040 0.0072 0.9034 0.0218 0.0068 0.0039 0.0089 0.0168 0.0131 0.0066 
        BW73  3 0.0015 0.0011 0.0095 0.0095 0.0064 0.8905 0.0019 0.0014 0.0216 0.0082 0.0014 0.0422 0.0049 
        BW74  3 0.0016 0.0015 0.0024 0.0010 0.0029 0.9606 0.0018 0.0016 0.0020 0.0122 0.0015 0.0086 0.0023 
        BW75  3 0.0009 0.0009 0.0079 0.0008 0.0224 0.9054 0.0032 0.0027 0.0152 0.0232 0.0024 0.0138 0.0012 
        BW76  3 0.0017 0.0009 0.0016 0.0025 0.0014 0.9669 0.0030 0.0022 0.0020 0.0081 0.0043 0.0046 0.0009 
        BW77  3 0.0006 0.0008 0.0041 0.0015 0.0113 0.8640 0.0037 0.0038 0.0018 0.0749 0.0009 0.0224 0.0103 
        BW78  3 0.0013 0.0007 0.0010 0.0009 0.0009 0.9759 0.0014 0.0012 0.0017 0.0071 0.0018 0.0031 0.0030 
        BW79  3 0.0011 0.0007 0.0190 0.0009 0.0328 0.9302 0.0011 0.0011 0.0017 0.0043 0.0014 0.0046 0.0010 
        BW80  3 0.0007 0.0010 0.0027 0.0008 0.0020 0.9738 0.0041 0.0018 0.0014 0.0049 0.0009 0.0048 0.0010 
        BW81  3 0.0006 0.0007 0.0015 0.0009 0.0021 0.9797 0.0013 0.0017 0.0013 0.0051 0.0010 0.0032 0.0009 
       BWS05  3 0.0022 0.0040 0.0040 0.0076 0.0028 0.9303 0.0044 0.0026 0.0034 0.0241 0.0019 0.0106 0.0020 
       BWS06  3 0.0024 0.0011 0.0013 0.0010 0.0021 0.9720 0.0018 0.0018 0.0018 0.0089 0.0012 0.0037 0.0010 
       BWS07  3 0.0008 0.0006 0.0050 0.0006 0.0527 0.8732 0.0021 0.0012 0.0010 0.0155 0.0010 0.0455 0.0009 
       BWS08  3 0.0015 0.0015 0.0068 0.0086 0.0009 0.8911 0.0082 0.0057 0.0059 0.0606 0.0016 0.0038 0.0039 
       BWS09  3 0.0007 0.0006 0.0009 0.0008 0.0495 0.9312 0.0014 0.0023 0.0012 0.0054 0.0013 0.0039 0.0008 
       BWS10  3 0.0014 0.0019 0.0026 0.0010 0.0026 0.9322 0.0335 0.0019 0.0018 0.0138 0.0014 0.0045 0.0015 
       BWS11  3 0.0009 0.0014 0.0015 0.0008 0.0062 0.9746 0.0015 0.0014 0.0014 0.0038 0.0017 0.0039 0.0009 
       BWS12  3 0.0011 0.0014 0.0015 0.0008 0.0016 0.9724 0.0016 0.0019 0.0036 0.0053 0.0020 0.0056 0.0012 
       BWS13  3 0.0010 0.0009 0.0011 0.0007 0.0009 0.9756 0.0024 0.0052 0.0018 0.0034 0.0011 0.0048 0.0011 
       BWS14  3 0.0008 0.0015 0.0019 0.0011 0.0017 0.9777 0.0015 0.0013 0.0011 0.0048 0.0011 0.0043 0.0012 
       BWS15  3 0.0042 0.0033 0.0051 0.0014 0.0096 0.9308 0.0039 0.0041 0.0065 0.0078 0.0129 0.0085 0.0018 
       BWS16  3 0.0008 0.0019 0.0013 0.0010 0.0011 0.9626 0.0023 0.0014 0.0013 0.0078 0.0010 0.0033 0.0144 
       BWS17  3 0.0012 0.0014 0.0022 0.0019 0.0012 0.9757 0.0022 0.0022 0.0018 0.0049 0.0014 0.0029 0.0011 
       BWS18  3 0.0042 0.0009 0.0023 0.0010 0.0081 0.9218 0.0025 0.0338 0.0012 0.0095 0.0014 0.0117 0.0016 
       BWS19  3 0.0058 0.0008 0.0087 0.0071 0.0135 0.9186 0.0014 0.0107 0.0015 0.0085 0.0013 0.0208 0.0013 
       BWS20  3 0.0006 0.0006 0.0014 0.0007 0.0020 0.9731 0.0012 0.0017 0.0015 0.0111 0.0009 0.0030 0.0021 
       BWS21  3 0.0044 0.0634 0.0034 0.0016 0.0007 0.8777 0.0029 0.0149 0.0026 0.0157 0.0022 0.0096 0.0008 
       BWS22  3 0.0007 0.0008 0.0015 0.0011 0.0048 0.9693 0.0020 0.0034 0.0014 0.0064 0.0014 0.0051 0.0021 
       BWS23  3 0.0020 0.0007 0.0021 0.0012 0.0019 0.9298 0.0014 0.0398 0.0011 0.0091 0.0011 0.0085 0.0013 
       BWS24  3 0.0031 0.0048 0.0221 0.0010 0.0012 0.9332 0.0032 0.0021 0.0022 0.0122 0.0015 0.0115 0.0020 
       BWS25  3 0.0008 0.0006 0.0045 0.0023 0.0013 0.9691 0.0011 0.0012 0.0013 0.0029 0.0018 0.0121 0.0010 
       BWS26  3 0.0007 0.0011 0.0026 0.0011 0.0014 0.9741 0.0017 0.0015 0.0025 0.0057 0.0014 0.0048 0.0013 
       BWS27  3 0.0008 0.0007 0.0035 0.0007 0.0014 0.9736 0.0015 0.0013 0.0012 0.0084 0.0009 0.0035 0.0026 
       BWS28  3 0.0014 0.0012 0.0029 0.0018 0.0025 0.9379 0.0206 0.0019 0.0018 0.0064 0.0016 0.0154 0.0047 
       BWS29  3 0.0013 0.0011 0.0018 0.0021 0.0008 0.9634 0.0038 0.0022 0.0027 0.0110 0.0041 0.0046 0.0012 
       BWS30  3 0.0008 0.0009 0.0010 0.0012 0.1636 0.8100 0.0012 0.0049 0.0013 0.0062 0.0018 0.0062 0.0009 
       BWS31  3 0.0009 0.0009 0.0035 0.0041 0.0016 0.9456 0.0027 0.0021 0.0011 0.0300 0.0011 0.0036 0.0029 
       BWS32  3 0.0014 0.0009 0.0110 0.0008 0.0024 0.9530 0.0022 0.0013 0.0024 0.0145 0.0013 0.0043 0.0044 
       BWS33  3 0.0010 0.0011 0.0024 0.0020 0.0030 0.9207 0.0123 0.0026 0.0019 0.0039 0.0430 0.0049 0.0015 
       BWS34  3 0.0010 0.0012 0.0017 0.0013 0.0008 0.9656 0.0040 0.0038 0.0028 0.0100 0.0023 0.0046 0.0009 
       BWS35  3 0.0025 0.0046 0.0024 0.0012 0.0017 0.9623 0.0035 0.0028 0.0026 0.0064 0.0027 0.0062 0.0012 
       BWS36  3 0.0009 0.0008 0.0011 0.0008 0.0040 0.9779 0.0012 0.0011 0.0038 0.0036 0.0013 0.0027 0.0009 
       BWS37  3 0.0010 0.0010 0.0014 0.0024 0.0011 0.9724 0.0017 0.0013 0.0013 0.0091 0.0021 0.0039 0.0014 
       BWS38  3 0.0016 0.0017 0.0022 0.0010 0.0152 0.9427 0.0031 0.0027 0.0039 0.0126 0.0049 0.0065 0.0020 
       BWS39  3 0.0009 0.0017 0.0014 0.0007 0.0466 0.9085 0.0016 0.0016 0.0019 0.0282 0.0011 0.0035 0.0022 
       BWS40  3 0.0020 0.0010 0.0012 0.0010 0.0046 0.9731 0.0014 0.0014 0.0039 0.0032 0.0020 0.0041 0.0011 
       BWN01  3 0.0010 0.0011 0.0012 0.0013 0.0019 0.9731 0.0015 0.0016 0.0016 0.0069 0.0014 0.0032 0.0043 
       BWN02  3 0.0008 0.0012 0.0013 0.0009 0.0535 0.8269 0.0016 0.0014 0.0011 0.1016 0.0011 0.0033 0.0053 
       BWN03  3 0.0014 0.0015 0.0061 0.0058 0.0023 0.9328 0.0124 0.0065 0.0049 0.0059 0.0067 0.0094 0.0042 
       BWN04  3 0.0006 0.0007 0.0012 0.0009 0.0039 0.9420 0.0013 0.0016 0.0147 0.0266 0.0010 0.0037 0.0017 
        NC01  4 0.0006 0.0010 0.0027 0.0007 0.0076 0.0373 0.0065 0.0014 0.0020 0.8250 0.0014 0.0993 0.0143 
        NC02  4 0.0010 0.0012 0.0025 0.0044 0.0020 0.0084 0.0022 0.0023 0.0032 0.9514 0.0052 0.0119 0.0043 
        NC03  4 0.0007 0.0009 0.0051 0.0009 0.0012 0.0034 0.0016 0.0174 0.0013 0.9464 0.0015 0.0159 0.0037 
        NC04  4 0.0016 0.0008 0.0023 0.0010 0.0008 0.0062 0.0017 0.0020 0.0017 0.9685 0.0033 0.0092 0.0011 
        NC05  4 0.0037 0.0010 0.0653 0.0018 0.0011 0.0222 0.0091 0.0067 0.0032 0.8558 0.0133 0.0142 0.0025 
        NC06  4 0.0016 0.0009 0.0018 0.0232 0.0037 0.0386 0.0017 0.0017 0.0012 0.7559 0.0010 0.0294 0.1395 
        NC07  4 0.0031 0.0012 0.0019 0.0009 0.0013 0.0086 0.0020 0.0014 0.0014 0.9689 0.0009 0.0069 0.0015 
        NC08  4 0.0012 0.0007 0.0041 0.0014 0.0011 0.0053 0.0024 0.0039 0.0038 0.9638 0.0044 0.0059 0.0018 
        NC09  4 0.0032 0.0018 0.0037 0.0011 0.0008 0.0099 0.0047 0.0043 0.0084 0.9434 0.0091 0.0042 0.0055 
