        TC01  1 0.0018 0.0090 0.0010 0.0008 0.9566 0.0041 0.0023 0.0068 0.0042 0.0025 0.0079 0.0031 
        TC02  1 0.0014 0.0021 0.0020 0.0012 0.9637 0.0055 0.0023 0.0026 0.0066 0.0028 0.0075 0.0023 
        TC03  1 0.0014 0.0012 0.0018 0.0008 0.9675 0.0054 0.0038 0.0042 0.0036 0.0034 0.0050 0.0019 
        TC04  1 0.0009 0.0014 0.0008 0.0033 0.7848 0.0899 0.0049 0.0154 0.0044 0.0023 0.0785 0.0133 
        TC05  1 0.0006 0.0007 0.0014 0.0007 0.9597 0.0054 0.0021 0.0015 0.0032 0.0019 0.0203 0.0026 
        TC06  1 0.0021 0.0010 0.0038 0.0019 0.8545 0.1103 0.0020 0.0036 0.0043 0.0018 0.0094 0.0052 
        TC07  1 0.0008 0.0031 0.0014 0.0005 0.9588 0.0063 0.0031 0.0018 0.0028 0.0023 0.0165 0.0028 
        TC08  1 0.0006 0.0011 0.0011 0.0029 0.9682 0.0061 0.0014 0.0013 0.0030 0.0029 0.0089 0.0025 
        TC09  1 0.0194 0.0008 0.0009 0.0724 0.8594 0.0286 0.0039 0.0021 0.0039 0.0014 0.0053 0.0020 
        TC10  1 0.0382 0.0022 0.0007 0.0006 0.9068 0.0072 0.0285 0.0015 0.0020 0.0034 0.0043 0.0044 
        TC11  1 0.0010 0.0022 0.0006 0.0008 0.9794 0.0026 0.0015 0.0020 0.0014 0.0025 0.0041 0.0018 
        TC12  1 0.0010 0.0033 0.0052 0.0009 0.9115 0.0188 0.0038 0.0081 0.0098 0.0068 0.0129 0.0181 
        TC13  1 0.0028 0.0009 0.0007 0.0016 0.9759 0.0047 0.0012 0.0014 0.0023 0.0020 0.0043 0.0022 
        TC14  1 0.0121 0.0014 0.0023 0.0012 0.8365 0.1103 0.0021 0.0059 0.0122 0.0056 0.0070 0.0034 
        TC15  1 0.0079 0.0007 0.0019 0.0059 0.9063 0.0474 0.0042 0.0031 0.0083 0.0037 0.0066 0.0039 
        TC16  1 0.0242 0.0011 0.0030 0.0682 0.8118 0.0547 0.0035 0.0037 0.0047 0.0037 0.0121 0.0094 
        TC17  1 0.0453 0.0026 0.0032 0.0013 0.7837 0.0610 0.0068 0.0056 0.0098 0.0073 0.0701 0.0034 
        TC18  1 0.0018 0.0018 0.0015 0.0012 0.9075 0.0068 0.0054 0.0324 0.0033 0.0117 0.0224 0.0042 
        TC19  1 0.0087 0.0010 0.0009 0.0050 0.9665 0.0041 0.0014 0.0014 0.0018 0.0020 0.0040 0.0031 
        TC20  1 0.0029 0.0015 0.0007 0.0020 0.9687 0.0055 0.0015 0.0055 0.0026 0.0018 0.0048 0.0024 
        TC21  1 0.0008 0.0041 0.0025 0.0026 0.8069 0.0097 0.0084 0.0375 0.0160 0.0151 0.0791 0.0173 
        TC22  1 0.0006 0.0015 0.0062 0.0026 0.9305 0.0072 0.0030 0.0019 0.0185 0.0055 0.0060 0.0165 
        TC23  1 0.0013 0.0020 0.0012 0.0007 0.9723 0.0060 0.0025 0.0023 0.0026 0.0024 0.0041 0.0026 
        TC24  1 0.0020 0.0006 0.0005 0.0009 0.9816 0.0031 0.0016 0.0010 0.0014 0.0020 0.0038 0.0014 
        TC25  1 0.0083 0.0061 0.0016 0.0021 0.8569 0.0583 0.0057 0.0353 0.0074 0.0030 0.0062 0.0092 
        TC26  1 0.0243 0.0007 0.0032 0.0009 0.9410 0.0120 0.0020 0.0015 0.0045 0.0020 0.0058 0.0022 
        TC27  1 0.0011 0.0009 0.0009 0.0007 0.9372 0.0128 0.0025 0.0022 0.0031 0.0237 0.0133 0.0016 
        TC28  1 0.0021 0.0011 0.0014 0.0007 0.9187 0.0323 0.0036 0.0042 0.0031 0.0026 0.0133 0.0170 
        TC29  1 0.0023 0.0019 0.0016 0.0007 0.8661 0.0808 0.0028 0.0061 0.0030 0.0024 0.0304 0.0020 
        TC30  1 0.0022 0.0010 0.0013 0.0028 0.9686 0.0082 0.0019 0.0016 0.0025 0.0023 0.0050 0.0026 
        TC31  1 0.0010 0.0087 0.0015 0.0019 0.9396 0.0033 0.0039 0.0159 0.0032 0.0061 0.0076 0.0073 
        TC32  1 0.0035 0.0013 0.0008 0.0015 0.8250 0.0817 0.0018 0.0023 0.0060 0.0019 0.0118 0.0625 
        TC33  1 0.0013 0.0037 0.0011 0.0008 0.9672 0.0046 0.0024 0.0024 0.0032 0.0041 0.0068 0.0023 
        TC34  1 0.0050 0.0010 0.0122 0.0013 0.8991 0.0556 0.0029 0.0019 0.0032 0.0089 0.0067 0.0022 
        TC35  1 0.0023 0.0056 0.0032 0.0021 0.9275 0.0209 0.0020 0.0066 0.0027 0.0082 0.0109 0.0082 
        TC36  1 0.0016 0.0012 0.0009 0.0013 0.9656 0.0063 0.0038 0.0020 0.0042 0.0027 0.0072 0.0032 
        TC37  1 0.0008 0.0014 0.0010 0.0007 0.9733 0.0026 0.0024 0.0023 0.0034 0.0029 0.0054 0.0038 
        TC38  1 0.0091 0.0018 0.0011 0.0229 0.8733 0.0414 0.0029 0.0305 0.0032 0.0019 0.0094 0.0024 
        TC39  1 0.0379 0.0011 0.0066 0.0012 0.8272 0.1058 0.0034 0.0034 0.0048 0.0020 0.0046 0.0019 
        TC40  1 0.0048 0.0011 0.0024 0.0012 0.9164 0.0431 0.0046 0.0026 0.0034 0.0065 0.0087 0.0053 
        TC41  1 0.0012 0.0010 0.0063 0.0007 0.9597 0.0033 0.0054 0.0018 0.0019 0.0018 0.0077 0.0092 
        TC42  1 0.0013 0.0008 0.0008 0.0009 0.9674 0.0143 0.0019 0.0013 0.0029 0.0018 0.0052 0.0013 
        TC43  1 0.0009 0.0008 0.0011 0.0008 0.9660 0.0130 0.0016 0.0025 0.0028 0.0026 0.0045 0.0035 
        TC44  1 0.0055 0.0024 0.0041 0.0109 0.9359 0.0198 0.0033 0.0019 0.0056 0.0035 0.0052 0.0019 
        TC45  1 0.0053 0.0011 0.0009 0.0006 0.9631 0.0027 0.0030 0.0098 0.0060 0.0013 0.0045 0.0017 
        TC46  1 0.0025 0.0010 0.0027 0.0008 0.9539 0.0039 0.0063 0.0059 0.0044 0.0044 0.0087 0.0056 
        TC47  1 0.0055 0.0012 0.0014 0.0053 0.9559 0.0091 0.0020 0.0024 0.0023 0.0048 0.0056 0.0046 
        TC48  1 0.0033 0.0015 0.0024 0.0007 0.9185 0.0088 0.0031 0.0082 0.0222 0.0137 0.0115 0.0061 
        TC49  1 0.0016 0.0020 0.0011 0.0006 0.9634 0.0042 0.0013 0.0020 0.0069 0.0023 0.0093 0.0053 
        TC50  1 0.0010 0.0014 0.0019 0.0016 0.9555 0.0038 0.0029 0.0041 0.0073 0.0086 0.0083 0.0036 
        TC51  1 0.0011 0.0031 0.0022 0.0057 0.9382 0.0231 0.0025 0.0029 0.0095 0.0025 0.0064 0.0028 
        TC52  1 0.0017 0.0007 0.0008 0.0011 0.9497 0.0053 0.0135 0.0070 0.0031 0.0019 0.0060 0.0091 
        TC53  1 0.0014 0.0006 0.0027 0.0012 0.9543 0.0136 0.0024 0.0012 0.0084 0.0040 0.0083 0.0020 
        TC54  1 0.0025 0.0014 0.0013 0.0012 0.9221 0.0195 0.0085 0.0033 0.0121 0.0131 0.0131 0.0018 
        TC55  1 0.0170 0.0011 0.0011 0.0007 0.9120 0.0213 0.0086 0.0038 0.0130 0.0038 0.0096 0.0080 
        TC56  1 0.0008 0.0027 0.0035 0.0006 0.9163 0.0297 0.0029 0.0135 0.0072 0.0086 0.0106 0.0035 
        TC57  1 0.0045 0.0014 0.0020 0.0012 0.9485 0.0044 0.0030 0.0021 0.0059 0.0082 0.0138 0.0049 
        TC58  1 0.0048 0.0061 0.0036 0.0012 0.9608 0.0044 0.0028 0.0020 0.0042 0.0024 0.0055 0.0022 
        TC59  1 0.0011 0.0010 0.0010 0.0007 0.9770 0.0050 0.0012 0.0012 0.0020 0.0025 0.0055 0.0020 
        TA01  2 0.0055 0.0011 0.0028 0.0043 0.9588 0.0102 0.0012 0.0015 0.0031 0.0025 0.0072 0.0016 
        TA02  2 0.0011 0.0007 0.0014 0.0009 0.9668 0.0055 0.0026 0.0019 0.0020 0.0030 0.0114 0.0028 
        TA03  2 0.0023 0.0012 0.0019 0.0033 0.9525 0.0097 0.0027 0.0020 0.0039 0.0112 0.0065 0.0029 
        TA04  2 0.0016 0.0009 0.0010 0.0631 0.5509 0.3630 0.0028 0.0015 0.0036 0.0030 0.0040 0.0046 
        TA05  2 0.0011 0.0011 0.0008 0.0020 0.9706 0.0038 0.0017 0.0026 0.0029 0.0033 0.0075 0.0027 
        TA06  2 0.0037 0.0014 0.0008 0.0023 0.9699 0.0097 0.0022 0.0014 0.0019 0.0018 0.0031 0.0020 
        TA07  2 0.0030 0.0023 0.0014 0.0035 0.9310 0.0254 0.0033 0.0019 0.0047 0.0038 0.0175 0.0021 
        TA08  2 0.0023 0.0008 0.0008 0.0023 0.9416 0.0278 0.0013 0.0029 0.0039 0.0118 0.0030 0.0016 
        TA09  2 0.0020 0.0008 0.0008 0.0019 0.9711 0.0098 0.0016 0.0012 0.0021 0.0022 0.0043 0.0023 
        TA10  2 0.0027 0.0591 0.0023 0.0014 0.8979 0.0088 0.0016 0.0018 0.0060 0.0022 0.0137 0.0027 
        TA11  2 0.0506 0.0247 0.0103 0.0073 0.8628 0.0077 0.0039 0.0050 0.0120 0.0056 0.0067 0.0034 
        TA12  2 0.0016 0.0147 0.0006 0.0010 0.8947 0.0045 0.0012 0.0016 0.0114 0.0023 0.0640 0.0023 
        TA13  2 0.0009 0.0054 0.0015 0.0250 0.7517 0.0467 0.0026 0.0020 0.1337 0.0030 0.0244 0.0031 
        TA14  2 0.0022 0.0006 0.0008 0.0011 0.9632 0.0172 0.0027 0.0011 0.0030 0.0022 0.0041 0.0018 
        TA15  2 0.0009 0.0010 0.0012 0.0008 0.9593 0.0149 0.0016 0.0011 0.0116 0.0018 0.0039 0.0020 
        TA16  2 0.0034 0.0201 0.0007 0.0099 0.8817 0.0483 0.0019 0.0015 0.0041 0.0022 0.0239 0.0023 
        TA17  2 0.0010 0.0012 0.0023 0.0008 0.9576 0.0073 0.0015 0.0015 0.0035 0.0057 0.0137 0.0038 
        TA18  2 0.0006 0.0033 0.0033 0.0017 0.8525 0.0040 0.0012 0.0012 0.0019 0.0021 0.0090 0.1192 
        TA19  2 0.0014 0.0031 0.0008 0.0200 0.8903 0.0141 0.0056 0.0017 0.0027 0.0375 0.0109 0.0120 
        TA20  2 0.0043 0.0010 0.0038 0.0007 0.9258 0.0058 0.0014 0.0023 0.0021 0.0118 0.0393 0.0019 
        TA21  2 0.0322 0.0013 0.0011 0.0016 0.9136 0.0193 0.0016 0.0024 0.0069 0.0045 0.0121 0.0034 
        TA22  2 0.0009 0.0007 0.0032 0.0007 0.9467 0.0305 0.0013 0.0016 0.0034 0.0035 0.0046 0.0028 
        TA23  2 0.0013 0.0009 0.0007 0.0011 0.9404 0.0418 0.0011 0.0014 0.0024 0.0023 0.0042 0.0024 
        TA24  2 0.0008 0.0009 0.0020 0.0015 0.9566 0.0046 0.0042 0.0016 0.0029 0.0049 0.0178 0.0021 
        TA25  2 0.0013 0.1765 0.0013 0.0014 0.7862 0.0076 0.0013 0.0015 0.0045 0.0016 0.0139 0.0030 
        TA26  2 0.0403 0.0032 0.0018 0.0061 0.8788 0.0436 0.0013 0.0055 0.0075 0.0045 0.0054 0.0020 
        TA27  2 0.0012 0.0012 0.0041 0.0017 0.9593 0.0056 0.0021 0.0012 0.0038 0.0035 0.0143 0.0020 
        TA28  2 0.0028 0.0008 0.0050 0.0021 0.9372 0.0069 0.0075 0.0068 0.0031 0.0053 0.0154 0.0072 
        TA29  2 0.0013 0.0013 0.0019 0.0010 0.9490 0.0253 0.0015 0.0016 0.0045 0.0037 0.0057 0.0032 
        TA30  2 0.1371 0.0012 0.0011 0.0919 0.7051 0.0229 0.0025 0.0026 0.0165 0.0111 0.0053 0.0027 
      BERM01  3 0.0014 0.0009 0.0009 0.0653 0.0016 0.9183 0.0010 0.0011 0.0023 0.0019 0.0036 0.0017 
      BERM02  3 0.0017 0.0007 0.0007 0.0031 0.0024 0.9791 0.0012 0.0014 0.0023 0.0016 0.0034 0.0025 
      BERM03  3 0.0021 0.0009 0.0018 0.0008 0.0014 0.9795 0.0012 0.0014 0.0032 0.0020 0.0040 0.0018 
      BERM04  3 0.0037 0.0011 0.0010 0.0025 0.0011 0.9789 0.0012 0.0016 0.0026 0.0021 0.0028 0.0015 
      BERM05  3 0.0013 0.0012 0.0019 0.0018 0.0010 0.9775 0.0022 0.0021 0.0030 0.0023 0.0040 0.0017 
      BERM06  3 0.0137 0.0006 0.0009 0.0031 0.0014 0.9675 0.0019 0.0018 0.0020 0.0018 0.0035 0.0019 
      BERM07  3 0.0020 0.0015 0.0012 0.0066 0.0021 0.9733 0.0013 0.0014 0.0030 0.0026 0.0034 0.0018 
      BERM08  3 0.0008 0.0007 0.0007 0.0036 0.0016 0.9828 0.0009 0.0016 0.0018 0.0014 0.0027 0.0013 
      BERM09  3 0.0013 0.0008 0.0008 0.0621 0.0035 0.9202 0.0016 0.0010 0.0020 0.0017 0.0030 0.0020 
      BERM10  3 0.0111 0.0009 0.0017 0.0070 0.0028 0.9544 0.0017 0.0026 0.0027 0.0032 0.0099 0.0020 
      BERM11  3 0.0017 0.0009 0.0008 0.0015 0.0016 0.9825 0.0012 0.0017 0.0022 0.0016 0.0028 0.0015 
      BERM12  3 0.0016 0.0166 0.0007 0.0007 0.0035 0.9402 0.0049 0.0207 0.0016 0.0017 0.0056 0.0022 
      BERM13  3 0.0006 0.0012 0.0014 0.0036 0.0014 0.9758 0.0014 0.0012 0.0028 0.0021 0.0036 0.0050 
      BERM14  3 0.0145 0.0009 0.0013 0.0023 0.0025 0.9666 0.0024 0.0012 0.0022 0.0018 0.0030 0.0013 
      CROC01  3 0.0010 0.0018 0.0034 0.0029 0.0019 0.9295 0.0182 0.0020 0.0110 0.0189 0.0061 0.0033 
      CROC02  3 0.0037 0.0016 0.0010 0.0010 0.0018 0.9677 0.0046 0.0029 0.0037 0.0021 0.0061 0.0038 
      CROC03  3 0.0029 0.0011 0.0007 0.0013 0.0018 0.9747 0.0025 0.0034 0.0023 0.0029 0.0043 0.0022 
      CROC04  3 0.0008 0.0010 0.0029 0.0018 0.0699 0.8803 0.0219 0.0011 0.0024 0.0018 0.0150 0.0013 
      CROC05  3 0.0042 0.0011 0.0008 0.0018 0.0012 0.9770 0.0020 0.0014 0.0028 0.0016 0.0043 0.0018 
      CROC06  3 0.0029 0.0164 0.0016 0.0037 0.0063 0.9068 0.0197 0.0025 0.0032 0.0090 0.0259 0.0019 
      CROC07  3 0.0017 0.0008 0.0019 0.0013 0.0023 0.9778 0.0021 0.0015 0.0028 0.0020 0.0036 0.0023 
      CROC08  3 0.0014 0.0014 0.0047 0.0016 0.0017 0.9375 0.0017 0.0042 0.0035 0.0355 0.0050 0.0017 
      CROC09  3 0.0039 0.0007 0.0008 0.0652 0.0012 0.9109 0.0019 0.0019 0.0021 0.0028 0.0063 0.0022 
      CROC10  3 0.0012 0.0010 0.0008 0.0608 0.0014 0.9215 0.0013 0.0017 0.0036 0.0015 0.0029 0.0022 
      CROC11  3 0.0038 0.0007 0.0008 0.0654 0.0012 0.9110 0.0019 0.0018 0.0020 0.0028 0.0064 0.0022 
     CROC110  3 0.0036 0.0008 0.0008 0.0039 0.0027 0.9406 0.0019 0.0012 0.0176 0.0034 0.0207 0.0027 
     CROC116  3 0.0091 0.0009 0.0039 0.0012 0.0035 0.9511 0.0061 0.0040 0.0052 0.0034 0.0087 0.0030 
      CROC12  3 0.0019 0.0007 0.0013 0.0037 0.0021 0.9750 0.0010 0.0014 0.0028 0.0016 0.0055 0.0030 
     CROC123  3 0.0049 0.0005 0.0005 0.0029 0.0018 0.9786 0.0012 0.0015 0.0023 0.0013 0.0028 0.0017 
      CROC13  3 0.0049 0.0015 0.0018 0.0011 0.0014 0.9728 0.0013 0.0040 0.0043 0.0021 0.0033 0.0013 
      CROC14  3 0.0069 0.0720 0.0006 0.0019 0.0024 0.8861 0.0021 0.0022 0.0032 0.0021 0.0193 0.0013 
      CROC15  3 0.0014 0.0046 0.0007 0.0012 0.0034 0.8705 0.0419 0.0061 0.0051 0.0117 0.0394 0.0141 
      CROC16  3 0.0064 0.0014 0.0083 0.0361 0.0012 0.9156 0.0033 0.0088 0.0092 0.0032 0.0050 0.0017 
      CROC17  3 0.0012 0.0007 0.0005 0.0012 0.0667 0.9082 0.0011 0.0014 0.0016 0.0014 0.0143 0.0016 
      CROC18  3 0.0018 0.0007 0.0063 0.0012 0.0025 0.9349 0.0080 0.0109 0.0054 0.0022 0.0050 0.0210 
      CROC19  3 0.0007 0.0012 0.0010 0.0016 0.0030 0.9672 0.0037 0.0018 0.0020 0.0033 0.0121 0.0022 
     CROC198  3 0.0059 0.0015 0.0012 0.0090 0.0015 0.9658 0.0013 0.0015 0.0036 0.0032 0.0040 0.0015 
      CROC20  3 0.0019 0.0010 0.0011 0.0020 0.0012 0.9725 0.0028 0.0023 0.0038 0.0028 0.0059 0.0026 
     CROC202  3 0.0063 0.0017 0.0018 0.0017 0.0017 0.9648 0.0025 0.0084 0.0035 0.0025 0.0036 0.0016 
      CROC21  3 0.0010 0.0011 0.0008 0.0053 0.0018 0.9736 0.0012 0.0018 0.0043 0.0022 0.0045 0.0024 
     CROC216  3 0.0010 0.0009 0.0089 0.0018 0.0053 0.9529 0.0116 0.0026 0.0023 0.0061 0.0044 0.0021 
      CROC22  3 0.0164 0.0311 0.0013 0.0019 0.0039 0.9157 0.0014 0.0020 0.0049 0.0016 0.0174 0.0024 
      CROC23  3 0.0007 0.0008 0.0007 0.0538 0.0055 0.9218 0.0011 0.0018 0.0047 0.0021 0.0041 0.0029 
      CROC24  3 0.0076 0.0008 0.0021 0.0076 0.0019 0.9643 0.0016 0.0036 0.0021 0.0021 0.0048 0.0015 
      CROC25  3 0.0029 0.0009 0.0009 0.0014 0.0014 0.9815 0.0016 0.0012 0.0018 0.0017 0.0028 0.0019 
     CROC259  3 0.0012 0.0055 0.0013 0.0018 0.0146 0.9611 0.0014 0.0022 0.0023 0.0021 0.0051 0.0014 
      CROC26  3 0.0019 0.0013 0.0011 0.0029 0.0722 0.9067 0.0016 0.0018 0.0019 0.0032 0.0038 0.0016 
      CROC27  3 0.0029 0.0010 0.0008 0.0049 0.0031 0.9665 0.0030 0.0018 0.0024 0.0047 0.0070 0.0017 
      CROC28  3 0.1162 0.0008 0.0008 0.0132 0.0115 0.8459 0.0013 0.0013 0.0018 0.0019 0.0040 0.0012 
      CROC29  3 0.0014 0.0008 0.0009 0.0009 0.0016 0.9783 0.0021 0.0017 0.0036 0.0028 0.0043 0.0017 
      CROC30  3 0.0019 0.0010 0.0046 0.0037 0.0033 0.9550 0.0029 0.0023 0.0030 0.0026 0.0148 0.0049 
      CROC31  3 0.0027 0.0013 0.0018 0.0114 0.0039 0.9515 0.0019 0.0017 0.0126 0.0028 0.0063 0.0020 
      CROC32  3 0.0107 0.0012 0.0011 0.0019 0.0016 0.9712 0.0016 0.0014 0.0027 0.0017 0.0037 0.0014 
      CROC33  3 0.0008 0.0005 0.0013 0.0009 0.0036 0.9489 0.0020 0.0015 0.0017 0.0213 0.0157 0.0015 
      CROC34  3 0.0008 0.0012 0.0010 0.0010 0.0018 0.9802 0.0013 0.0016 0.0019 0.0028 0.0042 0.0023 
      CROC35  3 0.0012 0.0007 0.0006 0.0017 0.0048 0.9522 0.0009 0.0017 0.0014 0.0012 0.0324 0.0015 
      CROC36  3 0.0031 0.0009 0.0011 0.0319 0.0013 0.9500 0.0014 0.0015 0.0027 0.0014 0.0028 0.0018 
      CROC57  3 0.0011 0.0016 0.0012 0.0013 0.0011 0.9803 0.0016 0.0016 0.0026 0.0022 0.0038 0.0017 
      CROC81  3 0.0032 0.0010 0.0044 0.0017 0.0017 0.9606 0.0029 0.0081 0.0053 0.0034 0.0039 0.0037 
      CROC84  3 0.0021 0.0032 0.0006 0.0043 0.0027 0.9697 0.0022 0.0070 0.0017 0.0012 0.0044 0.0011 
        FW01  3 0.9855 0.0007 0.0007 0.0006 0.0009 0.0021 0.0010 0.0014 0.0016 0.0015 0.0027 0.0013 
        FW02  3 0.0006 0.0006 0.0005 0.9887 0.0007 0.0017 0.0008 0.0009 0.0013 0.0011 0.0020 0.0011 
        FW03  3 0.9880 0.0006 0.0005 0.0006 0.0008 0.0017 0.0010 0.0011 0.0013 0.0012 0.0021 0.0011 
        FW04  3 0.0006 0.0006 0.0005 0.9886 0.0008 0.0017 0.0008 0.0009 0.0013 0.0011 0.0020 0.0011 
        FW05  3 0.0006 0.0006 0.0005 0.9886 0.0008 0.0017 0.0008 0.0010 0.0013 0.0011 0.0020 0.0011 
        FW06  3 0.0006 0.0006 0.0005 0.9887 0.0008 0.0017 0.0008 0.0009 0.0012 0.0011 0.0020 0.0011 
        FW07  3 0.9879 0.0006 0.0005 0.0006 0.0008 0.0018 0.0009 0.0011 0.0013 0.0012 0.0022 0.0011 
        FW08  3 0.0006 0.0006 0.0005 0.9887 0.0007 0.0017 0.0008 0.0009 0.0013 0.0011 0.0020 0.0011 
        FW09  3 0.0006 0.0006 0.0005 0.9887 0.0007 0.0017 0.0008 0.0009 0.0013 0.0011 0.0020 0.0011 
        FW10  3 0.9879 0.0006 0.0005 0.0006 0.0008 0.0017 0.0009 0.0011 0.0014 0.0013 0.0022 0.0011 
       FW100  3 0.9876 0.0006 0.0005 0.0008 0.0008 0.0018 0.0009 0.0011 0.0014 0.0013 0.0022 0.0011 
       FW101  3 0.9878 0.0006 0.0005 0.0006 0.0008 0.0017 0.0009 0.0011 0.0014 0.0013 0.0022 0.0011 
       FW102  3 0.0006 0.0006 0.0005 0.9887 0.0008 0.0017 0.0008 0.0009 0.0013 0.0011 0.0020 0.0011 
       FW103  3 0.0006 0.0006 0.0005 0.9887 0.0007 0.0017 0.0008 0.0009 0.0013 0.0011 0.0020 0.0011 
       FW104  3 0.9856 0.0007 0.0007 0.0006 0.0009 0.0021 0.0010 0.0014 0.0016 0.0015 0.0026 0.0013 
       FW105  3 0.9878 0.0006 0.0005 0.0006 0.0008 0.0017 0.0009 0.0011 0.0014 0.0012 0.0022 0.0011 
       FW106  3 0.0022 0.0009 0.0009 0.0067 0.0029 0.9358 0.0107 0.0037 0.0050 0.0033 0.0118 0.0162 
       FW107  3 0.9856 0.0007 0.0007 0.0006 0.0009 0.0021 0.0010 0.0014 0.0016 0.0015 0.0027 0.0013 
       FW108  3 0.0006 0.0006 0.0005 0.9887 0.0008 0.0017 0.0008 0.0009 0.0013 0.0011 0.0020 0.0011 
       FW109  3 0.9879 0.0006 0.0005 0.0006 0.0008 0.0017 0.0009 0.0011 0.0014 0.0012 0.0022 0.0011 
        FW11  3 0.9876 0.0006 0.0005 0.0008 0.0009 0.0018 0.0009 0.0012 0.0014 0.0012 0.0021 0.0011 
       FW110  3 0.9879 0.0006 0.0005 0.0007 0.0008 0.0017 0.0010 0.0011 0.0013 0.0012 0.0021 0.0011 
       FW111  3 0.0006 0.0006 0.0005 0.9887 0.0008 0.0017 0.0008 0.0009 0.0013 0.0011 0.0020 0.0011 
       FW112  3 0.9876 0.0006 0.0005 0.0008 0.0008 0.0017 0.0009 0.0011 0.0014 0.0013 0.0022 0.0011 
       FW113  3 0.0006 0.0006 0.0005 0.9887 0.0008 0.0017 0.0008 0.0009 0.0012 0.0011 0.0020 0.0011 
       FW114  3 0.9837 0.0006 0.0007 0.0006 0.0022 0.0021 0.0013 0.0012 0.0017 0.0012 0.0033 0.0013 
       FW115  3 0.9878 0.0006 0.0005 0.0006 0.0009 0.0017 0.0009 0.0011 0.0014 0.0013 0.0022 0.0011 
       FW116  3 0.0006 0.0006 0.0005 0.9888 0.0007 0.0017 0.0008 0.0009 0.0013 0.0011 0.0020 0.0011 
        FW12  3 0.0006 0.0006 0.0005 0.9887 0.0007 0.0017 0.0008 0.0009 0.0013 0.0011 0.0020 0.0011 
        FW13  3 0.0006 0.0006 0.0005 0.9887 0.0007 0.0017 0.0008 0.0009 0.0013 0.0011 0.0020 0.0011 
        FW14  3 0.9856 0.0007 0.0007 0.0006 0.0009 0.0021 0.0010 0.0014 0.0016 0.0015 0.0027 0.0012 
        FW15  3 0.9857 0.0007 0.0007 0.0006 0.0009 0.0020 0.0010 0.0014 0.0016 0.0015 0.0027 0.0012 
        FW16  3 0.9879 0.0006 0.0005 0.0006 0.0008 0.0017 0.0010 0.0011 0.0014 0.0012 0.0022 0.0011 
        FW17  3 0.9879 0.0006 0.0005 0.0006 0.0008 0.0017 0.0009 0.0011 0.0014 0.0013 0.0021 0.0011 
        FW18  3 0.9877 0.0006 0.0005 0.0008 0.0008 0.0018 0.0009 0.0011 0.0014 0.0013 0.0022 0.0011 
        FW19  3 0.0006 0.0006 0.0005 0.9888 0.0007 0.0017 0.0008 0.0009 0.0013 0.0011 0.0021 0.0011 
        FW20  3 0.0006 0.0006 0.0005 0.9887 0.0007 0.0017 0.0008 0.0009 0.0013 0.0011 0.0020 0.0011 
        FW21  3 0.0006 0.0006 0.0005 0.9887 0.0007 0.0017 0.0008 0.0009 0.0013 0.0011 0.0020 0.0011 
        FW22  3 0.9876 0.0006 0.0005 0.0008 0.0008 0.0018 0.0009 0.0011 0.0014 0.0012 0.0022 0.0011 
        FW23  3 0.0006 0.0006 0.0005 0.9887 0.0007 0.0017 0.0008 0.0009 0.0013 0.0011 0.0020 0.0011 
        FW24  3 0.0006 0.0006 0.0005 0.9887 0.0008 0.0017 0.0008 0.0009 0.0013 0.0011 0.0020 0.0011 
        FW25  3 0.0006 0.0006 0.0005 0.9888 0.0007 0.0017 0.0008 0.0009 0.0013 0.0011 0.0020 0.0011 
        FW26  3 0.0006 0.0006 0.0005 0.9887 0.0007 0.0017 0.0008 0.0009 0.0013 0.0012 0.0020 0.0011 
        FW27  3 0.9879 0.0006 0.0005 0.0006 0.0008 0.0017 0.0009 0.0011 0.0014 0.0013 0.0022 0.0011 
        FW28  3 0.0006 0.0006 0.0005 0.9886 0.0007 0.0017 0.0008 0.0009 0.0013 0.0011 0.0020 0.0011 
        FW29  3 0.0006 0.0006 0.0005 0.9887 0.0007 0.0017 0.0008 0.0009 0.0013 0.0011 0.0021 0.0011 
        FW30  3 0.0024 0.0009 0.0008 0.0067 0.0027 0.9362 0.0107 0.0040 0.0049 0.0033 0.0120 0.0155 
        FW32  3 0.9855 0.0007 0.0007 0.0006 0.0009 0.0021 0.0010 0.0014 0.0016 0.0015 0.0027 0.0013 
        FW33  3 0.0006 0.0006 0.0005 0.9686 0.0017 0.0069 0.0008 0.0009 0.0084 0.0011 0.0022 0.0077 
        FW34  3 0.0006 0.0006 0.0005 0.9887 0.0007 0.0017 0.0008 0.0010 0.0013 0.0011 0.0020 0.0011 
        FW35  3 0.0006 0.0006 0.0005 0.9886 0.0008 0.0017 0.0008 0.0009 0.0013 0.0011 0.0020 0.0011 
        FW36  3 0.0006 0.0006 0.0005 0.9886 0.0008 0.0017 0.0008 0.0009 0.0013 0.0011 0.0020 0.0011 
        FW37  3 0.9879 0.0006 0.0005 0.0006 0.0008 0.0017 0.0009 0.0011 0.0014 0.0012 0.0022 0.0011 
        FW51  3 0.0006 0.0006 0.0005 0.9887 0.0007 0.0017 0.0008 0.0009 0.0013 0.0011 0.0020 0.0011 
        FW52  3 0.9878 0.0006 0.0005 0.0006 0.0008 0.0017 0.0009 0.0011 0.0014 0.0012 0.0022 0.0011 
        FW53  3 0.0006 0.0006 0.0005 0.9887 0.0008 0.0017 0.0008 0.0009 0.0013 0.0011 0.0020 0.0011 
        FW54  3 0.9880 0.0006 0.0005 0.0006 0.0008 0.0017 0.0009 0.0011 0.0013 0.0012 0.0021 0.0011 
        FW55  3 0.0006 0.0006 0.0005 0.9887 0.0007 0.0017 0.0008 0.0009 0.0013 0.0011 0.0020 0.0011 
        FW56  3 0.0006 0.0006 0.0005 0.9887 0.0007 0.0017 0.0008 0.0009 0.0013 0.0012 0.0020 0.0011 
        FW57  3 0.0006 0.0006 0.0005 0.9887 0.0007 0.0016 0.0008 0.0009 0.0013 0.0011 0.0020 0.0011 
        FW78  3 0.0006 0.0006 0.0005 0.9888 0.0007 0.0017 0.0008 0.0009 0.0012 0.0011 0.0020 0.0011 
        FW79  3 0.0006 0.0006 0.0005 0.9887 0.0008 0.0017 0.0008 0.0009 0.0013 0.0011 0.0020 0.0011 
        FW80  3 0.0006 0.0006 0.0005 0.9887 0.0007 0.0017 0.0008 0.0009 0.0013 0.0011 0.0020 0.0011 
        FW81  3 0.9880 0.0006 0.0005 0.0006 0.0009 0.0017 0.0009 0.0011 0.0013 0.0012 0.0021 0.0011 
        FW82  3 0.9878 0.0006 0.0005 0.0006 0.0008 0.0017 0.0010 0.0011 0.0014 0.0013 0.0022 0.0011 
        FW83  3 0.9855 0.0007 0.0007 0.0006 0.0008 0.0021 0.0010 0.0014 0.0016 0.0015 0.0027 0.0013 
        FW84  3 0.0006 0.0006 0.0005 0.9887 0.0007 0.0017 0.0008 0.0009 0.0013 0.0011 0.0020 0.0011 
        FW85  3 0.9551 0.0006 0.0005 0.0006 0.0027 0.0025 0.0155 0.0096 0.0022 0.0013 0.0084 0.0011 
        FW86  3 0.9876 0.0006 0.0005 0.0008 0.0008 0.0018 0.0009 0.0011 0.0014 0.0013 0.0022 0.0011 
        FW87  3 0.9876 0.0006 0.0005 0.0008 0.0008 0.0017 0.0009 0.0011 0.0014 0.0013 0.0022 0.0011 
        FW88  3 0.0006 0.0006 0.0005 0.9887 0.0008 0.0017 0.0008 0.0009 0.0013 0.0011 0.0020 0.0011 
        FW89  3 0.0006 0.0006 0.0005 0.9886 0.0007 0.0017 0.0008 0.0009 0.0013 0.0011 0.0021 0.0011 
        FW90  3 0.0006 0.0006 0.0005 0.9886 0.0007 0.0017 0.0008 0.0009 0.0013 0.0011 0.0021 0.0011 
        FW91  3 0.9878 0.0006 0.0005 0.0006 0.0008 0.0017 0.0010 0.0011 0.0014 0.0013 0.0021 0.0011 
        FW92  3 0.0006 0.0006 0.0005 0.9887 0.0007 0.0017 0.0008 0.0009 0.0013 0.0011 0.0020 0.0011 
        FW93  3 0.0006 0.0006 0.0005 0.9887 0.0008 0.0017 0.0008 0.0009 0.0013 0.0011 0.0020 0.0011 
        FW94  3 0.9878 0.0006 0.0005 0.0006 0.0008 0.0017 0.0009 0.0011 0.0014 0.0013 0.0021 0.0011 
        FW95  3 0.0006 0.0006 0.0005 0.9886 0.0007 0.0017 0.0008 0.0009 0.0013 0.0011 0.0020 0.0011 
        FW96  3 0.0006 0.0006 0.0005 0.9887 0.0007 0.0017 0.0008 0.0009 0.0013 0.0011 0.0020 0.0011 
        FW97  3 0.0034 0.0038 0.0014 0.0054 0.0018 0.9540 0.0018 0.0029 0.0025 0.0057 0.0080 0.0093 
        FW98  3 0.9879 0.0006 0.0005 0.0006 0.0008 0.0017 0.0010 0.0011 0.0013 0.0013 0.0021 0.0011 
        FW99  3 0.0006 0.0006 0.0005 0.9887 0.0007 0.0017 0.0008 0.0009 0.0013 0.0011 0.0020 0.0011 
       Cal01  3 0.0009 0.0010 0.0152 0.2163 0.0020 0.7472 0.0015 0.0018 0.0024 0.0040 0.0064 0.0012 
       Cal02  3 0.0025 0.0009 0.0011 0.0081 0.0018 0.9686 0.0017 0.0019 0.0034 0.0020 0.0046 0.0035 
       Cal03  3 0.0508 0.0005 0.0011 0.0454 0.0015 0.8866 0.0024 0.0018 0.0021 0.0019 0.0044 0.0014 
       Cal04  3 0.0020 0.0009 0.0008 0.0007 0.0025 0.9638 0.0026 0.0026 0.0023 0.0056 0.0132 0.0030 
       Cal05  3 0.0040 0.0006 0.0005 0.0027 0.0039 0.9792 0.0011 0.0013 0.0013 0.0014 0.0025 0.0017 
       Cal06  3 0.0009 0.0013 0.0026 0.0026 0.0032 0.9725 0.0013 0.0015 0.0038 0.0019 0.0063 0.0021 
       Cal07  3 0.0011 0.0007 0.0009 0.0261 0.0095 0.9520 0.0010 0.0011 0.0016 0.0013 0.0029 0.0018 
       Cal08  3 0.0121 0.0018 0.0011 0.0381 0.0020 0.9233 0.0054 0.0023 0.0025 0.0031 0.0066 0.0017 
       Cal09  3 0.0017 0.0009 0.0008 0.0638 0.0243 0.8774 0.0011 0.0028 0.0201 0.0020 0.0032 0.0019 
       Cal10  3 0.0031 0.0007 0.0011 0.0007 0.0020 0.9698 0.0029 0.0021 0.0029 0.0037 0.0094 0.0016 
       Cal11  3 0.0042 0.0096 0.0011 0.0031 0.0026 0.9638 0.0014 0.0015 0.0035 0.0023 0.0036 0.0032 
      Cal197  3 0.0010 0.0006 0.0005 0.3336 0.0030 0.6418 0.0009 0.0010 0.0035 0.0017 0.0098 0.0025 
      Cal198  3 0.0334 0.0006 0.0020 0.0031 0.0351 0.8470 0.0014 0.0013 0.0022 0.0577 0.0146 0.0018 
      Cal199  3 0.0020 0.0008 0.0018 0.0010 0.0010 0.9798 0.0018 0.0020 0.0022 0.0032 0.0032 0.0013 
      Cal200  3 0.0044 0.0010 0.0012 0.0024 0.0015 0.9782 0.0017 0.0013 0.0019 0.0013 0.0036 0.0013 
      Cal201  3 0.0025 0.0009 0.0007 0.0190 0.0024 0.9614 0.0013 0.0010 0.0037 0.0013 0.0039 0.0019 
      Cal202  3 0.0020 0.0010 0.0008 0.0060 0.0019 0.9276 0.0047 0.0109 0.0102 0.0210 0.0123 0.0015 
      Cal203  3 0.0092 0.0015 0.0008 0.0009 0.0012 0.9719 0.0025 0.0017 0.0027 0.0024 0.0036 0.0016 
      Cal204  3 0.0006 0.0010 0.0009 0.0009 0.0014 0.9803 0.0024 0.0020 0.0033 0.0020 0.0035 0.0018 
      Cal205  3 0.0021 0.0006 0.0009 0.0031 0.0016 0.9786 0.0014 0.0013 0.0022 0.0021 0.0043 0.0018 
      Cal206  3 0.0019 0.0008 0.0010 0.0014 0.0012 0.9778 0.0012 0.0024 0.0037 0.0017 0.0046 0.0022 
      Cal207  3 0.0006 0.0007 0.0181 0.0025 0.0018 0.9615 0.0034 0.0012 0.0020 0.0023 0.0046 0.0013 
      Cal208  3 0.0065 0.0011 0.0011 0.0099 0.0014 0.9633 0.0022 0.0018 0.0038 0.0033 0.0042 0.0014 
      Cal209  3 0.0017 0.0008 0.0008 0.0106 0.0013 0.9738 0.0010 0.0015 0.0023 0.0015 0.0032 0.0014 
      Cal210  3 0.0018 0.0008 0.0019 0.0010 0.0010 0.9798 0.0019 0.0019 0.0022 0.0033 0.0033 0.0013 
      Cal211  3 0.0008 0.0008 0.0008 0.0042 0.0014 0.9814 0.0015 0.0011 0.0019 0.0014 0.0031 0.0016 
      Cal212  3 0.0024 0.0007 0.0014 0.0010 0.0012 0.9808 0.0023 0.0013 0.0022 0.0018 0.0033 0.0015 
      Cal213  3 0.0597 0.0005 0.0005 0.0096 0.0212 0.7709 0.0039 0.0015 0.0023 0.0091 0.1173 0.0034 
      Cal214  3 0.0019 0.0008 0.0008 0.0006 0.0014 0.9113 0.0013 0.0021 0.0209 0.0498 0.0078 0.0014 
      Cal215  3 0.0025 0.0013 0.0024 0.0194 0.0018 0.9487 0.0023 0.0046 0.0037 0.0052 0.0061 0.0021 
      Cal216  3 0.0029 0.0010 0.0045 0.0275 0.0025 0.9481 0.0013 0.0017 0.0030 0.0018 0.0034 0.0024 
      Cal217  3 0.0015 0.0008 0.0012 0.0140 0.0022 0.9694 0.0009 0.0010 0.0023 0.0015 0.0036 0.0017 
      Cal218  3 0.0033 0.0006 0.0009 0.0019 0.0013 0.9808 0.0015 0.0013 0.0021 0.0016 0.0031 0.0016 
      Cal219  3 0.0025 0.0011 0.0027 0.0118 0.0017 0.9624 0.0018 0.0015 0.0055 0.0019 0.0050 0.0022 
      Cal220  3 0.0014 0.0016 0.0035 0.0041 0.0017 0.9042 0.0012 0.0011 0.0044 0.0036 0.0049 0.0683 
      Cal221  3 0.0025 0.0006 0.0007 0.0030 0.0014 0.9803 0.0016 0.0013 0.0019 0.0015 0.0032 0.0018 
      Cal222  3 0.0028 0.0008 0.0011 0.0015 0.0015 0.9798 0.0016 0.0017 0.0018 0.0024 0.0034 0.0017 
      Cal223  3 0.0064 0.0013 0.0017 0.0008 0.0203 0.9307 0.0025 0.0014 0.0064 0.0133 0.0123 0.0027 
      Cal224  3 0.0009 0.0020 0.0045 0.0009 0.0031 0.8923 0.0025 0.0147 0.0021 0.0600 0.0135 0.0036 
       Cal33  3 0.0022 0.0007 0.0007 0.0018 0.0017 0.9767 0.0013 0.0014 0.0032 0.0016 0.0067 0.0021 
       Cal34  3 0.0038 0.0007 0.0007 0.0013 0.0059 0.9593 0.0012 0.0023 0.0054 0.0042 0.0036 0.0118 
       Cal35  3 0.0011 0.0006 0.0017 0.0018 0.0016 0.9804 0.0022 0.0015 0.0021 0.0014 0.0039 0.0016 
       Cal37  3 0.0017 0.0006 0.0035 0.0017 0.0044 0.9561 0.0030 0.0017 0.0138 0.0014 0.0097 0.0025 
       Cal38  3 0.0007 0.0007 0.0009 0.2754 0.0017 0.7102 0.0011 0.0009 0.0019 0.0017 0.0033 0.0014 
       Cal39  3 0.0120 0.0011 0.0040 0.0119 0.0020 0.9562 0.0012 0.0030 0.0024 0.0019 0.0029 0.0015 
       Cal40  3 0.0018 0.0008 0.0008 0.0107 0.0015 0.9737 0.0009 0.0016 0.0021 0.0016 0.0032 0.0014 
       Cal41  3 0.0021 0.0008 0.0008 0.0054 0.0018 0.9785 0.0011 0.0015 0.0018 0.0016 0.0031 0.0015 
       Cal42  3 0.0012 0.0011 0.0007 0.0022 0.0011 0.9800 0.0012 0.0017 0.0033 0.0020 0.0040 0.0016 
       Cal43  3 0.0021 0.0008 0.0013 0.0014 0.0016 0.9790 0.0015 0.0012 0.0024 0.0023 0.0046 0.0019 
       Cal44  3 0.0038 0.0011 0.0034 0.0039 0.0014 0.8965 0.0022 0.0014 0.0022 0.0033 0.0038 0.0770 
        BW41  3 0.0010 0.0010 0.0012 0.0009 0.0016 0.9371 0.0024 0.0344 0.0079 0.0043 0.0042 0.0040 
        BW42  3 0.0118 0.0010 0.0011 0.0011 0.0021 0.9558 0.0011 0.0014 0.0019 0.0020 0.0156 0.0051 
        BW44  3 0.0016 0.0011 0.0008 0.0007 0.0024 0.9811 0.0011 0.0011 0.0020 0.0018 0.0040 0.0022 
        BW45  3 0.0011 0.0007 0.0006 0.0016 0.0014 0.9862 0.0011 0.0010 0.0016 0.0012 0.0024 0.0013 
        BW46  3 0.0022 0.0007 0.0015 0.0022 0.0012 0.9782 0.0018 0.0015 0.0031 0.0018 0.0041 0.0017 
        BW47  3 0.0015 0.0007 0.0012 0.0624 0.0028 0.8099 0.0065 0.0043 0.0020 0.0014 0.0033 0.1041 
        BW48  3 0.0074 0.0016 0.0035 0.0016 0.0021 0.9517 0.0034 0.0049 0.0101 0.0036 0.0064 0.0037 
        BW49  3 0.0007 0.0012 0.0026 0.0045 0.0075 0.9707 0.0011 0.0012 0.0032 0.0016 0.0039 0.0018 
        BW50  3 0.0034 0.0008 0.0012 0.0149 0.0016 0.9647 0.0012 0.0016 0.0021 0.0019 0.0041 0.0024 
        BW51  3 0.0046 0.0008 0.0010 0.0115 0.0119 0.9588 0.0010 0.0011 0.0026 0.0018 0.0034 0.0014 
        BW52  3 0.0030 0.0041 0.0013 0.0030 0.0017 0.9741 0.0011 0.0013 0.0031 0.0019 0.0033 0.0020 
        BW53  3 0.0017 0.0007 0.0011 0.0022 0.0020 0.9133 0.0018 0.0017 0.0041 0.0016 0.0053 0.0644 
        BW54  3 0.0071 0.0012 0.0013 0.0044 0.0033 0.8182 0.0096 0.0034 0.0028 0.0032 0.0045 0.1410 
        BW55  3 0.0020 0.0015 0.0007 0.0016 0.0014 0.9799 0.0023 0.0015 0.0018 0.0021 0.0036 0.0017 
        BW56  3 0.0007 0.0008 0.0006 0.0021 0.0017 0.9797 0.0013 0.0034 0.0025 0.0016 0.0036 0.0019 
        BW57  3 0.0017 0.0007 0.0013 0.0080 0.0052 0.9609 0.0012 0.0014 0.0038 0.0028 0.0059 0.0070 
        BW58  3 0.0048 0.0007 0.0008 0.0026 0.0035 0.9703 0.0017 0.0016 0.0046 0.0022 0.0050 0.0021 
        BW59  3 0.0038 0.0007 0.0009 0.0561 0.0021 0.9202 0.0014 0.0014 0.0060 0.0015 0.0046 0.0014 
        BW60  3 0.0081 0.0009 0.0008 0.0011 0.0018 0.9751 0.0015 0.0016 0.0020 0.0017 0.0033 0.0021 
        BW61  3 0.0047 0.0013 0.0009 0.0044 0.0026 0.8817 0.0014 0.0735 0.0024 0.0018 0.0235 0.0018 
        BW62  3 0.0041 0.0008 0.0006 0.0013 0.0019 0.9596 0.0137 0.0027 0.0023 0.0017 0.0045 0.0068 
        BW63  3 0.0184 0.0008 0.0046 0.0009 0.0142 0.8833 0.0300 0.0021 0.0069 0.0027 0.0185 0.0176 
        BW64  3 0.0063 0.0008 0.0007 0.0143 0.0018 0.9634 0.0012 0.0012 0.0015 0.0015 0.0044 0.0031 
        BW65  3 0.0012 0.0012 0.0021 0.0006 0.0020 0.9554 0.0028 0.0052 0.0102 0.0068 0.0069 0.0055 
        BW66  3 0.0048 0.0027 0.0013 0.0014 0.0027 0.9751 0.0015 0.0016 0.0017 0.0020 0.0036 0.0017 
        BW67  3 0.0013 0.0008 0.0009 0.0021 0.0014 0.9844 0.0012 0.0012 0.0015 0.0013 0.0025 0.0015 
        BW68  3 0.0019 0.0007 0.0037 0.0013 0.0027 0.9596 0.0044 0.0047 0.0057 0.0019 0.0063 0.0070 
        BW69  3 0.0032 0.0010 0.0008 0.0009 0.0014 0.9336 0.0013 0.0475 0.0029 0.0022 0.0035 0.0017 
        BW70  3 0.0025 0.0009 0.0008 0.0028 0.0017 0.9780 0.0015 0.0012 0.0019 0.0027 0.0041 0.0020 
        BW71  3 0.0007 0.0010 0.0009 0.0324 0.0015 0.9538 0.0009 0.0011 0.0025 0.0013 0.0026 0.0014 
        BW72  3 0.0014 0.0011 0.0126 0.0025 0.0016 0.9430 0.0085 0.0047 0.0109 0.0027 0.0059 0.0052 
        BW73  3 0.0008 0.0174 0.0010 0.0047 0.0038 0.9041 0.0016 0.0166 0.0217 0.0022 0.0235 0.0026 
        BW74  3 0.0037 0.0007 0.0011 0.0012 0.0027 0.9743 0.0014 0.0018 0.0042 0.0023 0.0048 0.0018 
        BW75  3 0.0010 0.0087 0.0015 0.0098 0.0077 0.9343 0.0032 0.0013 0.0110 0.0035 0.0165 0.0015 
        BW76  3 0.0009 0.0011 0.0012 0.0010 0.0013 0.9751 0.0031 0.0045 0.0033 0.0027 0.0041 0.0017 
        BW77  3 0.0016 0.0010 0.0008 0.0073 0.0030 0.9603 0.0013 0.0031 0.0105 0.0031 0.0047 0.0033 
        BW78  3 0.0059 0.0010 0.0013 0.0008 0.0036 0.9749 0.0017 0.0016 0.0021 0.0026 0.0029 0.0015 
        BW79  3 0.0026 0.0010 0.0012 0.0254 0.0036 0.9368 0.0012 0.0015 0.0035 0.0017 0.0200 0.0013 
        BW80  3 0.0054 0.0008 0.0006 0.0015 0.0014 0.9734 0.0025 0.0014 0.0041 0.0017 0.0051 0.0020 
        BW81  3 0.0145 0.0008 0.0007 0.0018 0.0046 0.9602 0.0014 0.0016 0.0042 0.0028 0.0061 0.0014 
       BWS05  3 0.0078 0.0017 0.0011 0.0023 0.0030 0.9368 0.0043 0.0144 0.0059 0.0038 0.0097 0.0091 
       BWS06  3 0.1281 0.0011 0.0007 0.0011 0.0017 0.8498 0.0018 0.0016 0.0030 0.0049 0.0039 0.0024 
       BWS07  3 0.0013 0.0005 0.0006 0.0384 0.0043 0.9018 0.0018 0.0012 0.0215 0.0016 0.0256 0.0014 
       BWS08  3 0.0006 0.0024 0.0010 0.0007 0.0030 0.9666 0.0047 0.0056 0.0020 0.0030 0.0081 0.0023 
       BWS09  3 0.0011 0.0007 0.0008 0.0172 0.0013 0.9681 0.0013 0.0012 0.0024 0.0021 0.0025 0.0013 
       BWS10  3 0.0021 0.0009 0.0010 0.0014 0.0025 0.9608 0.0170 0.0016 0.0023 0.0024 0.0060 0.0021 
       BWS11  3 0.0006 0.0008 0.0076 0.0038 0.0014 0.9740 0.0013 0.0012 0.0023 0.0017 0.0039 0.0015 
       BWS12  3 0.0028 0.0024 0.0031 0.0014 0.0022 0.9704 0.0014 0.0014 0.0053 0.0024 0.0046 0.0027 
       BWS13  3 0.1175 0.0011 0.0023 0.0010 0.0013 0.8575 0.0027 0.0012 0.0040 0.0063 0.0032 0.0020 
       BWS14  3 0.1698 0.0006 0.0017 0.0014 0.0018 0.8081 0.0014 0.0018 0.0025 0.0018 0.0061 0.0028 
       BWS15  3 0.0006 0.0020 0.0113 0.0028 0.0019 0.9625 0.0022 0.0021 0.0027 0.0035 0.0065 0.0019 
       BWS16  3 0.0036 0.0007 0.0006 0.0011 0.0285 0.9484 0.0031 0.0018 0.0022 0.0017 0.0043 0.0040 
       BWS17  3 0.0011 0.0011 0.0019 0.0010 0.0016 0.9762 0.0018 0.0037 0.0019 0.0025 0.0054 0.0019 
       BWS18  3 0.0020 0.0007 0.0010 0.0072 0.0026 0.9131 0.0026 0.0015 0.0036 0.0589 0.0048 0.0020 
       BWS19  3 0.0022 0.0009 0.0013 0.0090 0.0023 0.9185 0.0012 0.0079 0.0076 0.0273 0.0203 0.0015 
       BWS20  3 0.0019 0.0009 0.0006 0.0022 0.0074 0.9763 0.0012 0.0012 0.0018 0.0017 0.0036 0.0012 
       BWS21  3 0.0062 0.0015 0.0494 0.0007 0.0032 0.8751 0.0036 0.0025 0.0139 0.0196 0.0125 0.0116 
       BWS22  3 0.0015 0.0007 0.0011 0.0038 0.0012 0.9762 0.0019 0.0016 0.0032 0.0029 0.0037 0.0023 
       BWS23  3 0.0017 0.0007 0.0009 0.0014 0.0020 0.9369 0.0011 0.0020 0.0039 0.0432 0.0046 0.0016 
       BWS24  3 0.0008 0.0012 0.0014 0.0011 0.0026 0.9590 0.0022 0.0019 0.0116 0.0022 0.0146 0.0015 
       BWS25  3 0.0018 0.0007 0.0013 0.0010 0.0012 0.9675 0.0009 0.0041 0.0069 0.0017 0.0116 0.0012 
       BWS26  3 0.0039 0.0014 0.0016 0.0011 0.0021 0.9742 0.0015 0.0019 0.0027 0.0016 0.0055 0.0025 
       BWS27  3 0.0020 0.0007 0.0007 0.0011 0.0043 0.9762 0.0011 0.0012 0.0020 0.0016 0.0076 0.0016 
       BWS28  3 0.0713 0.0008 0.0011 0.0019 0.0025 0.8282 0.0084 0.0028 0.0338 0.0026 0.0055 0.0411 
       BWS29  3 0.0062 0.0016 0.0017 0.0007 0.0025 0.9668 0.0035 0.0040 0.0039 0.0025 0.0046 0.0019 
       BWS30  3 0.0010 0.0008 0.0019 0.0811 0.0018 0.8986 0.0010 0.0017 0.0044 0.0032 0.0027 0.0017 
       BWS31  3 0.0012 0.0007 0.0009 0.0013 0.0031 0.9778 0.0013 0.0026 0.0021 0.0017 0.0051 0.0020 
       BWS32  3 0.0080 0.0011 0.0007 0.0014 0.0047 0.9600 0.0034 0.0016 0.0028 0.0025 0.0119 0.0019 
       BWS33  3 0.0021 0.0010 0.0204 0.0024 0.0015 0.9210 0.0308 0.0040 0.0050 0.0031 0.0055 0.0032 
       BWS34  3 0.0170 0.0015 0.0022 0.0007 0.0018 0.9563 0.0044 0.0023 0.0029 0.0034 0.0052 0.0023 
       BWS35  3 0.0104 0.0011 0.0015 0.0012 0.0034 0.9565 0.0041 0.0021 0.0032 0.0039 0.0082 0.0043 
       BWS36  3 0.0033 0.0013 0.0009 0.0035 0.0013 0.9790 0.0012 0.0017 0.0019 0.0016 0.0029 0.0015 
       BWS37  3 0.0026 0.0007 0.0025 0.0010 0.0023 0.9741 0.0018 0.0054 0.0022 0.0018 0.0039 0.0017 
       BWS38  3 0.0026 0.0012 0.0026 0.0042 0.0024 0.9738 0.0016 0.0015 0.0022 0.0022 0.0040 0.0017 
       BWS39  3 0.0010 0.0007 0.0008 0.0150 0.0020 0.9699 0.0012 0.0012 0.0016 0.0015 0.0029 0.0021 
       BWS40  3 0.0027 0.0024 0.0026 0.0050 0.0015 0.9716 0.0015 0.0017 0.0034 0.0029 0.0031 0.0017 
       BWN01  3 0.0039 0.0010 0.0013 0.0013 0.0038 0.9749 0.0015 0.0026 0.0022 0.0021 0.0034 0.0020 
       BWN02  3 0.0013 0.0006 0.0009 0.0208 0.0542 0.9093 0.0014 0.0016 0.0025 0.0015 0.0035 0.0024 
       BWN03  3 0.0009 0.0018 0.0026 0.0022 0.0018 0.9184 0.0043 0.0069 0.0067 0.0040 0.0063 0.0440 
       BWN04  3 0.0015 0.0042 0.0007 0.0030 0.0027 0.9748 0.0013 0.0018 0.0024 0.0016 0.0035 0.0025 
        NC01  4 0.0065 0.0012 0.0010 0.0151 0.7886 0.0895 0.0064 0.0012 0.0705 0.0016 0.0154 0.0030 
        NC02  4 0.0039 0.0014 0.0020 0.0031 0.9400 0.0259 0.0023 0.0039 0.0055 0.0023 0.0070 0.0026 
        NC03  4 0.0010 0.0007 0.0006 0.0013 0.9683 0.0056 0.0012 0.0012 0.0024 0.0035 0.0125 0.0017 
        NC04  4 0.0017 0.0008 0.0009 0.0008 0.9621 0.0159 0.0023 0.0016 0.0036 0.0027 0.0064 0.0012 
        NC05  4 0.0013 0.0015 0.0017 0.0012 0.8354 0.0447 0.0160 0.0024 0.0033 0.0059 0.0845 0.0021 
        NC06  4 0.0027 0.0007 0.0007 0.0041 0.9047 0.0448 0.0011 0.0207 0.0105 0.0026 0.0044 0.0029 
        NC07  4 0.0056 0.0008 0.0006 0.0031 0.9663 0.0091 0.0012 0.0013 0.0026 0.0023 0.0055 0.0016 
        NC08  4 0.0073 0.0012 0.0007 0.0020 0.8549 0.1152 0.0023 0.0034 0.0021 0.0030 0.0065 0.0013 
        NC09  4 0.0012 0.0016 0.0010 0.0010 0.9340 0.0375 0.0063 0.0015 0.0021 0.0032 0.0086 0.0019 
        NC10  4 0.0022 0.0012 0.0008 0.0027 0.6713 0.3077 0.0013 0.0014 0.0037 0.0015 0.0039 0.0024 
        NC11  4 0.0049 0.0019 0.0015 0.0023 0.9126 0.0385 0.0050 0.0029 0.0032 0.0035 0.0188 0.0050 
        NC12  4 0.0054 0.0007 0.0013 0.0006 0.9593 0.0113 0.0037 0.0050 0.0035 0.0016 0.0058 0.0019 
        NC13  4 0.0012 0.0006 0.0009 0.0010 0.9470 0.0122 0.0024 0.0011 0.0022 0.0083 0.0200 0.0032 
        NC14  4 0.0037 0.0013 0.0008 0.0025 0.9104 0.0256 0.0024 0.0017 0.0068 0.0020 0.0403 0.0026 
        NC15  4 0.0020 0.0011 0.0010 0.0012 0.9277 0.0229 0.0041 0.0025 0.0021 0.0023 0.0313 0.0019 
        NC16  4 0.0013 0.0011 0.0010 0.0068 0.8396 0.0471 0.0058 0.0013 0.0857 0.0016 0.0066 0.0022 
        NC18  4 0.0030 0.0036 0.0013 0.0023 0.9471 0.0213 0.0030 0.0016 0.0041 0.0021 0.0083 0.0021 
        NC19  4 0.0020 0.0006 0.0007 0.0007 0.9784 0.0045 0.0029 0.0014 0.0025 0.0014 0.0035 0.0015 
        NC20  4 0.0179 0.0049 0.0010 0.0030 0.8208 0.1176 0.0045 0.0095 0.0030 0.0096 0.0063 0.0020 
        NC21  4 0.0095 0.0007 0.0008 0.0236 0.9148 0.0154 0.0056 0.0018 0.0075 0.0046 0.0111 0.0047 
        NC22  4 0.1222 0.0015 0.0009 0.0011 0.8514 0.0095 0.0011 0.0041 0.0016 0.0020 0.0029 0.0016 
        NC23  4 0.0017 0.0020 0.0007 0.0062 0.9293 0.0336 0.0019 0.0013 0.0041 0.0019 0.0135 0.0038 
        NC24  4 0.0044 0.0016 0.0007 0.0009 0.9739 0.0041 0.0014 0.0021 0.0017 0.0019 0.0056 0.0017 
      SAND01  4 0.0007 0.0010 0.0016 0.0016 0.0022 0.9796 0.0021 0.0010 0.0014 0.0032 0.0038 0.0019 
      SAND02  4 0.0095 0.0011 0.0012 0.0049 0.0018 0.9677 0.0013 0.0019 0.0024 0.0030 0.0031 0.0021 
      SAND03  4 0.0037 0.0008 0.0009 0.0034 0.0015 0.9804 0.0010 0.0011 0.0015 0.0017 0.0027 0.0014 
      SAND04  4 0.0500 0.0007 0.0007 0.0031 0.0022 0.9242 0.0011 0.0018 0.0041 0.0024 0.0050 0.0047 
      SAND05  4 0.0086 0.0009 0.0012 0.0020 0.0020 0.9696 0.0020 0.0017 0.0032 0.0027 0.0039 0.0023 
      SAND06  4 0.0113 0.0008 0.0012 0.0076 0.0053 0.9527 0.0019 0.0019 0.0040 0.0021 0.0056 0.0055 
      SAND07  4 0.0014 0.0016 0.0018 0.0047 0.0021 0.9757 0.0016 0.0011 0.0015 0.0034 0.0032 0.0020 
      SAND08  4 0.0092 0.0012 0.0006 0.0014 0.0406 0.9331 0.0013 0.0023 0.0023 0.0015 0.0037 0.0029 
      SAND09  4 0.0026 0.0008 0.0070 0.0020 0.0090 0.9459 0.0039 0.0015 0.0040 0.0027 0.0110 0.0096 
      SAND10  4 0.0038 0.0021 0.0008 0.0072 0.0191 0.9495 0.0030 0.0023 0.0021 0.0022 0.0049 0.0030 
      SAND11  4 0.0021 0.0009 0.0008 0.0013 0.0015 0.9786 0.0018 0.0015 0.0022 0.0028 0.0046 0.0019 
      SAND12  4 0.0039 0.0014 0.0022 0.0046 0.0029 0.9687 0.0027 0.0014 0.0021 0.0024 0.0049 0.0028 
