        TC01  1 0.0030 0.0016 0.0007 0.0032 0.0014 0.0023 0.0091 0.0026 0.0102 0.0018 0.9203 0.0064 0.0034 0.0071 0.0050 0.0070 0.0050 0.0100 
        TC02  1 0.0040 0.0005 0.0012 0.0043 0.0013 0.0025 0.0021 0.0026 0.0042 0.0027 0.9307 0.0037 0.0050 0.0098 0.0053 0.0029 0.0059 0.0114 
        TC03  1 0.0041 0.0009 0.0008 0.0013 0.0025 0.0021 0.0021 0.0031 0.0026 0.0028 0.9449 0.0055 0.0044 0.0076 0.0047 0.0032 0.0030 0.0045 
        TC04  1 0.0262 0.0009 0.0027 0.0086 0.0018 0.0021 0.0014 0.0024 0.0030 0.0026 0.8260 0.0159 0.0482 0.0187 0.0032 0.0133 0.0182 0.0048 
        TC05  1 0.0041 0.0009 0.0012 0.0017 0.0011 0.0017 0.0013 0.0016 0.0017 0.0029 0.9324 0.0024 0.0225 0.0081 0.0025 0.0035 0.0031 0.0073 
        TC06  1 0.0590 0.0009 0.0015 0.0021 0.0010 0.0032 0.0022 0.0019 0.0020 0.0022 0.8714 0.0095 0.0043 0.0082 0.0074 0.0063 0.0081 0.0089 
        TC07  1 0.0049 0.0029 0.0014 0.0014 0.0013 0.0015 0.0010 0.0014 0.0100 0.0033 0.9223 0.0026 0.0070 0.0215 0.0033 0.0029 0.0057 0.0056 
        TC08  1 0.0053 0.0018 0.0011 0.0013 0.0008 0.0019 0.0018 0.0019 0.0022 0.0049 0.9423 0.0020 0.0055 0.0075 0.0022 0.0022 0.0043 0.0109 
        TC09  1 0.0557 0.0021 0.0008 0.0041 0.0010 0.0051 0.0012 0.0012 0.0021 0.0020 0.8612 0.0029 0.0080 0.0060 0.0269 0.0021 0.0077 0.0100 
        TC10  1 0.0039 0.0008 0.0038 0.0010 0.0053 0.0012 0.0016 0.0145 0.0061 0.0018 0.8674 0.0024 0.0040 0.0055 0.0638 0.0066 0.0027 0.0078 
        TC11  1 0.0025 0.0007 0.0008 0.0009 0.0012 0.0009 0.0013 0.0027 0.0068 0.0046 0.9325 0.0033 0.0036 0.0067 0.0037 0.0018 0.0035 0.0226 
        TC12  1 0.0087 0.0006 0.0018 0.0033 0.0031 0.0049 0.0052 0.0058 0.0046 0.0027 0.8996 0.0091 0.0050 0.0092 0.0035 0.0188 0.0100 0.0039 
        TC13  1 0.0056 0.0012 0.0011 0.0011 0.0007 0.0014 0.0011 0.0020 0.0021 0.0023 0.9371 0.0023 0.0038 0.0069 0.0081 0.0020 0.0025 0.0188 
        TC14  1 0.0345 0.0016 0.0013 0.0073 0.0016 0.0084 0.0035 0.0035 0.0064 0.0068 0.8514 0.0079 0.0103 0.0093 0.0232 0.0037 0.0034 0.0159 
        TC15  1 0.0246 0.0014 0.0016 0.0024 0.0009 0.0024 0.0012 0.0119 0.0015 0.0039 0.8780 0.0039 0.0068 0.0269 0.0152 0.0032 0.0045 0.0098 
        TC16  1 0.0835 0.0009 0.0020 0.0072 0.0010 0.0026 0.0024 0.0018 0.0021 0.0095 0.7906 0.0050 0.0056 0.0109 0.0474 0.0133 0.0079 0.0063 
        TC17  1 0.0128 0.0037 0.0021 0.0296 0.0023 0.0054 0.0095 0.0044 0.0086 0.0097 0.7551 0.0068 0.0159 0.0175 0.0645 0.0022 0.0387 0.0113 
        TC18  1 0.0070 0.0006 0.0015 0.0009 0.0037 0.0015 0.0035 0.0121 0.0046 0.0055 0.8488 0.0275 0.0289 0.0102 0.0060 0.0020 0.0044 0.0313 
        TC19  1 0.0077 0.0005 0.0013 0.0018 0.0009 0.0012 0.0019 0.0026 0.0025 0.0025 0.9278 0.0026 0.0030 0.0078 0.0156 0.0019 0.0024 0.0162 
        TC20  1 0.0049 0.0010 0.0010 0.0016 0.0008 0.0015 0.0056 0.0015 0.0022 0.0027 0.9370 0.0058 0.0078 0.0057 0.0087 0.0021 0.0024 0.0077 
        TC21  1 0.0117 0.0005 0.0064 0.0011 0.0009 0.0031 0.0020 0.0031 0.0106 0.0431 0.7654 0.0569 0.0142 0.0248 0.0029 0.0046 0.0432 0.0056 
        TC22  1 0.0081 0.0009 0.0200 0.0013 0.0012 0.0040 0.0030 0.0191 0.0027 0.0024 0.8952 0.0029 0.0055 0.0098 0.0024 0.0045 0.0033 0.0138 
        TC23  1 0.0048 0.0008 0.0008 0.0017 0.0014 0.0019 0.0106 0.0034 0.0084 0.0031 0.8978 0.0036 0.0034 0.0080 0.0047 0.0080 0.0025 0.0352 
        TC24  1 0.0030 0.0006 0.0007 0.0010 0.0010 0.0009 0.0015 0.0013 0.0014 0.0045 0.9535 0.0019 0.0039 0.0045 0.0061 0.0014 0.0023 0.0104 
        TC25  1 0.0260 0.0009 0.0029 0.0008 0.0024 0.0035 0.0026 0.0020 0.0125 0.0048 0.8709 0.0256 0.0040 0.0092 0.0150 0.0043 0.0075 0.0049 
        TC26  1 0.0075 0.0008 0.0009 0.0013 0.0011 0.0026 0.0018 0.0016 0.0018 0.0027 0.8960 0.0024 0.0031 0.0071 0.0446 0.0095 0.0086 0.0069 
        TC27  1 0.0107 0.0012 0.0011 0.0012 0.0013 0.0019 0.0015 0.0307 0.0023 0.0079 0.8026 0.0037 0.0063 0.0249 0.0051 0.0028 0.0183 0.0764 
        TC28  1 0.0104 0.0008 0.0026 0.0020 0.0014 0.0017 0.0014 0.0021 0.0028 0.0037 0.9162 0.0053 0.0074 0.0103 0.0068 0.0091 0.0095 0.0065 
        TC29  1 0.0160 0.0014 0.0009 0.0059 0.0038 0.0018 0.0020 0.0014 0.0042 0.0060 0.8802 0.0069 0.0251 0.0177 0.0074 0.0033 0.0033 0.0127 
        TC30  1 0.0104 0.0006 0.0013 0.0032 0.0012 0.0022 0.0022 0.0019 0.0032 0.0023 0.9245 0.0026 0.0041 0.0084 0.0072 0.0018 0.0040 0.0188 
        TC31  1 0.0054 0.0006 0.0063 0.0015 0.0034 0.0016 0.0069 0.0063 0.0279 0.0031 0.8771 0.0117 0.0069 0.0083 0.0039 0.0020 0.0028 0.0243 
        TC32  1 0.0285 0.0016 0.0305 0.0012 0.0010 0.0030 0.0015 0.0017 0.0027 0.0027 0.8636 0.0036 0.0067 0.0087 0.0096 0.0051 0.0131 0.0153 
        TC33  1 0.0052 0.0012 0.0010 0.0011 0.0016 0.0020 0.0023 0.0028 0.0226 0.0074 0.9107 0.0040 0.0076 0.0079 0.0052 0.0029 0.0034 0.0111 
        TC34  1 0.0281 0.0013 0.0013 0.0011 0.0029 0.0018 0.0050 0.0045 0.0024 0.0044 0.8901 0.0032 0.0054 0.0067 0.0116 0.0051 0.0043 0.0205 
        TC35  1 0.0089 0.0008 0.0066 0.0136 0.0013 0.0015 0.0047 0.0089 0.0099 0.0023 0.8646 0.0080 0.0084 0.0086 0.0086 0.0021 0.0177 0.0235 
        TC36  1 0.0048 0.0009 0.0015 0.0021 0.0017 0.0028 0.0016 0.0025 0.0024 0.0035 0.8802 0.0036 0.0072 0.0081 0.0084 0.0048 0.0405 0.0233 
        TC37  1 0.0024 0.0012 0.0037 0.0042 0.0016 0.0024 0.0021 0.0021 0.0030 0.0080 0.8883 0.0037 0.0055 0.0083 0.0039 0.0023 0.0045 0.0530 
        TC38  1 0.0420 0.0006 0.0008 0.0108 0.0015 0.0017 0.0017 0.0016 0.0039 0.0023 0.8372 0.0363 0.0050 0.0102 0.0187 0.0061 0.0058 0.0141 
        TC39  1 0.0719 0.0006 0.0012 0.0141 0.0014 0.0035 0.0020 0.0015 0.0030 0.0027 0.7628 0.0043 0.0043 0.0060 0.0716 0.0031 0.0057 0.0403 
        TC40  1 0.0110 0.0013 0.0018 0.0014 0.0032 0.0020 0.0023 0.0033 0.0027 0.0165 0.9130 0.0040 0.0057 0.0075 0.0109 0.0028 0.0047 0.0060 
        TC41  1 0.0032 0.0012 0.0129 0.0015 0.0011 0.0015 0.0050 0.0016 0.0021 0.0059 0.9036 0.0039 0.0171 0.0080 0.0061 0.0040 0.0064 0.0149 
        TC42  1 0.0117 0.0008 0.0007 0.0023 0.0009 0.0023 0.0024 0.0017 0.0015 0.0024 0.9299 0.0021 0.0061 0.0058 0.0042 0.0019 0.0038 0.0197 
        TC43  1 0.0110 0.0008 0.0015 0.0047 0.0012 0.0020 0.0015 0.0023 0.0027 0.0027 0.9159 0.0037 0.0055 0.0103 0.0032 0.0037 0.0030 0.0245 
        TC44  1 0.0166 0.0009 0.0011 0.0075 0.0011 0.0028 0.0023 0.0051 0.0043 0.0027 0.9174 0.0030 0.0038 0.0045 0.0150 0.0032 0.0031 0.0055 
        TC45  1 0.0023 0.0006 0.0025 0.0022 0.0008 0.0032 0.0024 0.0012 0.0020 0.0018 0.9105 0.0089 0.0050 0.0133 0.0206 0.0018 0.0057 0.0152 
        TC46  1 0.0036 0.0005 0.0037 0.0011 0.0014 0.0020 0.0021 0.0096 0.0019 0.0040 0.9147 0.0065 0.0065 0.0098 0.0069 0.0096 0.0053 0.0108 
        TC47  1 0.0093 0.0008 0.0013 0.0019 0.0010 0.0013 0.0030 0.0097 0.0046 0.0027 0.9260 0.0032 0.0035 0.0053 0.0115 0.0040 0.0045 0.0065 
        TC48  1 0.0055 0.0011 0.0021 0.0019 0.0013 0.0096 0.0045 0.0031 0.0023 0.0172 0.8916 0.0091 0.0071 0.0086 0.0118 0.0042 0.0090 0.0099 
        TC49  1 0.0039 0.0009 0.0020 0.0011 0.0008 0.0040 0.0024 0.0020 0.0035 0.0041 0.9183 0.0033 0.0075 0.0097 0.0065 0.0030 0.0046 0.0225 
        TC50  1 0.0039 0.0018 0.0018 0.0014 0.0037 0.0021 0.0031 0.0079 0.0039 0.0036 0.9186 0.0060 0.0052 0.0123 0.0038 0.0016 0.0046 0.0146 
        TC51  1 0.0169 0.0007 0.0013 0.0011 0.0009 0.0041 0.0020 0.0025 0.0058 0.0031 0.9303 0.0040 0.0051 0.0071 0.0045 0.0025 0.0037 0.0044 
        TC52  1 0.0039 0.0007 0.0007 0.0009 0.0035 0.0017 0.0013 0.0014 0.0015 0.0031 0.9194 0.0062 0.0035 0.0081 0.0052 0.0286 0.0043 0.0063 
        TC53  1 0.0066 0.0012 0.0009 0.0050 0.0010 0.0034 0.0048 0.0094 0.0014 0.0023 0.9148 0.0020 0.0033 0.0261 0.0050 0.0015 0.0034 0.0077 
        TC54  1 0.0114 0.0012 0.0033 0.0014 0.0038 0.0044 0.0021 0.0045 0.0035 0.0407 0.8534 0.0051 0.0098 0.0146 0.0066 0.0019 0.0221 0.0101 
        TC55  1 0.0079 0.0008 0.0060 0.0014 0.0033 0.0054 0.0015 0.0026 0.0034 0.0047 0.8603 0.0054 0.0057 0.0160 0.0356 0.0039 0.0241 0.0120 
        TC56  1 0.0056 0.0017 0.0015 0.0042 0.0025 0.0036 0.0026 0.0033 0.0045 0.0266 0.8669 0.0149 0.0100 0.0260 0.0037 0.0025 0.0036 0.0164 
        TC57  1 0.0036 0.0012 0.0021 0.0069 0.0015 0.0028 0.0035 0.0070 0.0028 0.0046 0.8928 0.0030 0.0095 0.0115 0.0173 0.0021 0.0127 0.0151 
        TC58  1 0.0039 0.0006 0.0011 0.0013 0.0008 0.0019 0.0028 0.0035 0.0193 0.0022 0.9140 0.0029 0.0041 0.0048 0.0138 0.0100 0.0073 0.0056 
        TC59  1 0.0078 0.0010 0.0008 0.0016 0.0009 0.0018 0.0016 0.0020 0.0038 0.0022 0.9432 0.0020 0.0035 0.0046 0.0034 0.0027 0.0100 0.0071 
        TA01  2 0.0076 0.0022 0.0008 0.0040 0.0026 0.0014 0.0027 0.0025 0.0027 0.0019 0.9221 0.0028 0.0035 0.0085 0.0136 0.0029 0.0073 0.0109 
        TA02  2 0.0042 0.0010 0.0012 0.0065 0.0025 0.0012 0.0014 0.0017 0.0016 0.0076 0.8858 0.0046 0.0153 0.0069 0.0044 0.0042 0.0059 0.0439 
        TA03  2 0.0073 0.0012 0.0015 0.0260 0.0016 0.0019 0.0021 0.0093 0.0027 0.0038 0.9048 0.0029 0.0060 0.0076 0.0073 0.0028 0.0036 0.0077 
        TA04  2 0.2104 0.0012 0.0032 0.2131 0.0017 0.0021 0.0017 0.0034 0.0020 0.0021 0.5242 0.0026 0.0043 0.0051 0.0059 0.0054 0.0038 0.0079 
        TA05  2 0.0038 0.0009 0.0008 0.0023 0.0011 0.0016 0.0013 0.0023 0.0023 0.0026 0.9481 0.0037 0.0035 0.0101 0.0038 0.0032 0.0031 0.0056 
        TA06  2 0.0072 0.0016 0.0014 0.0022 0.0009 0.0010 0.0027 0.0017 0.0052 0.0028 0.9177 0.0025 0.0022 0.0090 0.0125 0.0018 0.0039 0.0239 
        TA07  2 0.0037 0.0008 0.0010 0.3145 0.0018 0.0033 0.0026 0.0021 0.0040 0.0043 0.6049 0.0032 0.0060 0.0178 0.0054 0.0033 0.0165 0.0049 
        TA08  2 0.0188 0.0007 0.0007 0.0134 0.0010 0.0015 0.0011 0.0181 0.0019 0.0022 0.9012 0.0036 0.0034 0.0055 0.0139 0.0015 0.0020 0.0094 
        TA09  2 0.0087 0.0011 0.0006 0.0153 0.0014 0.0013 0.0015 0.0022 0.0018 0.0024 0.9054 0.0020 0.0032 0.0057 0.0071 0.0078 0.0025 0.0299 
        TA10  2 0.0069 0.0021 0.0010 0.0082 0.0008 0.0025 0.0051 0.0018 0.0524 0.0026 0.8633 0.0030 0.0096 0.0100 0.0124 0.0033 0.0054 0.0094 
        TA11  2 0.0071 0.0008 0.0037 0.0030 0.0010 0.0040 0.0108 0.0065 0.0309 0.0035 0.8162 0.0052 0.0089 0.0064 0.0679 0.0020 0.0032 0.0188 
        TA12  2 0.0046 0.0009 0.0011 0.0164 0.0008 0.0026 0.0194 0.0015 0.0040 0.0030 0.8039 0.0024 0.1046 0.0108 0.0100 0.0019 0.0030 0.0092 
        TA13  2 0.0696 0.0010 0.0012 0.0046 0.0015 0.0892 0.0052 0.0020 0.0083 0.0048 0.7300 0.0030 0.0442 0.0172 0.0035 0.0029 0.0039 0.0079 
        TA14  2 0.0065 0.0007 0.0010 0.0155 0.0034 0.0019 0.0010 0.0016 0.0014 0.0041 0.9072 0.0019 0.0040 0.0062 0.0090 0.0017 0.0028 0.0300 
        TA15  2 0.0068 0.0009 0.0010 0.0046 0.0009 0.0026 0.0014 0.0016 0.0021 0.0029 0.9368 0.0019 0.0043 0.0099 0.0033 0.0017 0.0026 0.0148 
        TA16  2 0.0445 0.0015 0.0007 0.0154 0.0012 0.0030 0.0018 0.0023 0.0264 0.0024 0.7903 0.0027 0.0433 0.0064 0.0117 0.0036 0.0108 0.0320 
        TA17  2 0.0075 0.0041 0.0010 0.0022 0.0014 0.0022 0.0033 0.0039 0.0018 0.0035 0.9256 0.0022 0.0125 0.0066 0.0079 0.0046 0.0031 0.0067 
        TA18  2 0.0054 0.0529 0.0131 0.0015 0.0008 0.0014 0.0027 0.0022 0.0077 0.0030 0.8646 0.0022 0.0047 0.0068 0.0025 0.0112 0.0038 0.0135 
        TA19  2 0.0297 0.0010 0.0039 0.0033 0.0012 0.0017 0.0056 0.0637 0.0073 0.0030 0.8329 0.0026 0.0055 0.0096 0.0072 0.0043 0.0041 0.0135 
        TA20  2 0.0061 0.0010 0.0010 0.0031 0.0010 0.0012 0.0026 0.0022 0.0019 0.0237 0.8009 0.0045 0.0302 0.0315 0.0292 0.0016 0.0074 0.0509 
        TA21  2 0.0126 0.0029 0.0009 0.0047 0.0029 0.0043 0.0016 0.0026 0.0029 0.0077 0.8246 0.0037 0.0084 0.0178 0.0577 0.0041 0.0075 0.0333 
        TA22  2 0.0129 0.0012 0.0015 0.0021 0.0011 0.0017 0.0019 0.0015 0.0016 0.0070 0.9101 0.0023 0.0045 0.0056 0.0036 0.0022 0.0060 0.0331 
        TA23  2 0.0277 0.0012 0.0010 0.0074 0.0009 0.0015 0.0013 0.0020 0.0020 0.0028 0.7406 0.0023 0.0043 0.0051 0.0051 0.0023 0.0030 0.1897 
        TA24  2 0.0048 0.0012 0.0013 0.0014 0.0024 0.0017 0.0018 0.0058 0.0020 0.0022 0.8895 0.0026 0.0046 0.0094 0.0033 0.0020 0.0551 0.0091 
        TA25  2 0.0102 0.0073 0.0010 0.0015 0.0008 0.0021 0.0171 0.0017 0.1281 0.0019 0.7733 0.0028 0.0115 0.0128 0.0066 0.0022 0.0048 0.0142 
        TA26  2 0.0234 0.0006 0.0010 0.0127 0.0011 0.0041 0.0074 0.0036 0.0058 0.0035 0.8384 0.0096 0.0067 0.0063 0.0574 0.0020 0.0027 0.0139 
        TA27  2 0.0051 0.0017 0.0010 0.0021 0.0022 0.0021 0.0043 0.0030 0.0022 0.0030 0.8460 0.0022 0.0097 0.0125 0.0048 0.0031 0.0036 0.0914 
        TA28  2 0.0061 0.0012 0.0022 0.0084 0.0084 0.0022 0.0020 0.0019 0.0018 0.0067 0.8491 0.0129 0.0191 0.0059 0.0086 0.0073 0.0088 0.0472 
        TA29  2 0.0150 0.0011 0.0011 0.0012 0.0008 0.0023 0.0027 0.0054 0.0024 0.0026 0.9306 0.0024 0.0047 0.0065 0.0048 0.0028 0.0043 0.0093 
        TA30  2 0.0666 0.0011 0.0016 0.0128 0.0012 0.0112 0.0019 0.0138 0.0026 0.0103 0.6240 0.0034 0.0080 0.0094 0.1650 0.0028 0.0035 0.0608 
      BERM01  3 0.9596 0.0007 0.0008 0.0012 0.0011 0.0014 0.0010 0.0015 0.0017 0.0019 0.0039 0.0020 0.0037 0.0049 0.0061 0.0020 0.0021 0.0044 
      BERM02  3 0.9458 0.0006 0.0014 0.0024 0.0009 0.0017 0.0011 0.0013 0.0016 0.0020 0.0078 0.0027 0.0037 0.0051 0.0087 0.0018 0.0026 0.0088 
      BERM03  3 0.9509 0.0006 0.0008 0.0011 0.0007 0.0026 0.0016 0.0022 0.0022 0.0027 0.0034 0.0024 0.0035 0.0047 0.0088 0.0027 0.0044 0.0045 
      BERM04  3 0.9478 0.0006 0.0007 0.0011 0.0008 0.0021 0.0012 0.0036 0.0026 0.0021 0.0030 0.0029 0.0026 0.0041 0.0152 0.0037 0.0031 0.0027 
      BERM05  3 0.9478 0.0014 0.0008 0.0010 0.0014 0.0024 0.0030 0.0025 0.0030 0.0030 0.0027 0.0042 0.0032 0.0049 0.0063 0.0041 0.0054 0.0029 
      BERM06  3 0.8882 0.0015 0.0015 0.0041 0.0009 0.0013 0.0012 0.0026 0.0014 0.0018 0.0056 0.0033 0.0030 0.0053 0.0616 0.0048 0.0074 0.0046 
      BERM07  3 0.9414 0.0006 0.0009 0.0019 0.0008 0.0015 0.0017 0.0030 0.0026 0.0028 0.0082 0.0027 0.0032 0.0058 0.0109 0.0025 0.0025 0.0070 
      BERM08  3 0.9639 0.0005 0.0006 0.0014 0.0006 0.0008 0.0010 0.0016 0.0016 0.0016 0.0051 0.0029 0.0025 0.0059 0.0031 0.0017 0.0021 0.0030 
      BERM09  3 0.7414 0.0009 0.0012 0.2068 0.0007 0.0014 0.0018 0.0016 0.0019 0.0021 0.0081 0.0017 0.0027 0.0038 0.0055 0.0023 0.0042 0.0120 
      BERM10  3 0.8430 0.0007 0.0010 0.0015 0.0009 0.0016 0.0023 0.0069 0.0019 0.0023 0.0071 0.0043 0.0036 0.0277 0.0542 0.0026 0.0094 0.0290 
      BERM11  3 0.9031 0.0006 0.0010 0.0482 0.0008 0.0012 0.0010 0.0018 0.0027 0.0027 0.0067 0.0032 0.0031 0.0058 0.0080 0.0017 0.0024 0.0060 
      BERM12  3 0.8676 0.0039 0.0009 0.0052 0.0034 0.0010 0.0161 0.0018 0.0031 0.0026 0.0062 0.0455 0.0028 0.0046 0.0195 0.0042 0.0022 0.0093 
      BERM13  3 0.9167 0.0009 0.0015 0.0026 0.0007 0.0013 0.0012 0.0019 0.0021 0.0025 0.0052 0.0020 0.0028 0.0069 0.0027 0.0392 0.0038 0.0058 
      BERM14  3 0.8801 0.0010 0.0007 0.0031 0.0015 0.0016 0.0024 0.0019 0.0029 0.0018 0.0134 0.0021 0.0036 0.0043 0.0706 0.0015 0.0024 0.0050 
      CROC01  3 0.8830 0.0018 0.0052 0.0021 0.0060 0.0049 0.0068 0.0066 0.0030 0.0347 0.0053 0.0038 0.0063 0.0093 0.0044 0.0023 0.0083 0.0060 
      CROC02  3 0.7956 0.0040 0.0023 0.0098 0.0013 0.0029 0.0021 0.0017 0.0037 0.0038 0.0054 0.0055 0.0041 0.0135 0.0344 0.0698 0.0254 0.0145 
      CROC03  3 0.8201 0.0005 0.0015 0.0709 0.0021 0.0015 0.0021 0.0046 0.0027 0.0036 0.0054 0.0132 0.0052 0.0115 0.0394 0.0027 0.0038 0.0093 
      CROC04  3 0.8130 0.0013 0.0011 0.0010 0.0017 0.0017 0.0025 0.0019 0.0022 0.0022 0.0130 0.0020 0.0032 0.0060 0.0035 0.0016 0.0705 0.0715 
      CROC05  3 0.9350 0.0007 0.0008 0.0018 0.0009 0.0019 0.0012 0.0014 0.0033 0.0020 0.0026 0.0026 0.0032 0.0050 0.0185 0.0024 0.0120 0.0045 
      CROC06  3 0.7949 0.0034 0.0014 0.0018 0.0025 0.0010 0.0020 0.0024 0.0087 0.0065 0.0244 0.0046 0.0036 0.0195 0.0192 0.0040 0.0915 0.0086 
      CROC07  3 0.8876 0.0277 0.0012 0.0042 0.0009 0.0019 0.0020 0.0023 0.0017 0.0024 0.0068 0.0028 0.0032 0.0050 0.0084 0.0020 0.0049 0.0348 
      CROC08  3 0.8826 0.0011 0.0011 0.0014 0.0089 0.0053 0.0049 0.0031 0.0054 0.0241 0.0043 0.0076 0.0173 0.0077 0.0071 0.0016 0.0032 0.0133 
      CROC09  3 0.8567 0.0006 0.0010 0.0045 0.0028 0.0012 0.0012 0.0014 0.0017 0.0077 0.0030 0.0050 0.0033 0.0433 0.0580 0.0016 0.0037 0.0034 
      CROC10  3 0.9564 0.0011 0.0011 0.0016 0.0008 0.0030 0.0012 0.0015 0.0033 0.0018 0.0034 0.0033 0.0030 0.0047 0.0054 0.0016 0.0027 0.0041 
      CROC11  3 0.8567 0.0006 0.0010 0.0043 0.0028 0.0013 0.0012 0.0014 0.0017 0.0078 0.0031 0.0049 0.0032 0.0429 0.0584 0.0017 0.0037 0.0034 
     CROC110  3 0.8792 0.0010 0.0011 0.0068 0.0019 0.0090 0.0018 0.0026 0.0017 0.0074 0.0096 0.0022 0.0051 0.0313 0.0182 0.0038 0.0091 0.0081 
     CROC116  3 0.7819 0.0228 0.0016 0.0022 0.0153 0.0034 0.0031 0.0028 0.0022 0.0030 0.0261 0.0086 0.0103 0.0166 0.0561 0.0045 0.0090 0.0304 
      CROC12  3 0.9390 0.0006 0.0011 0.0008 0.0007 0.0019 0.0011 0.0015 0.0017 0.0026 0.0044 0.0025 0.0045 0.0086 0.0093 0.0051 0.0050 0.0097 
     CROC123  3 0.9420 0.0007 0.0010 0.0013 0.0011 0.0028 0.0009 0.0012 0.0013 0.0019 0.0063 0.0026 0.0047 0.0036 0.0195 0.0014 0.0021 0.0057 
      CROC13  3 0.8981 0.0005 0.0006 0.0014 0.0008 0.0023 0.0020 0.0024 0.0032 0.0027 0.0034 0.0112 0.0028 0.0053 0.0530 0.0023 0.0030 0.0050 
      CROC14  3 0.8191 0.0011 0.0008 0.0031 0.0007 0.0014 0.0008 0.0011 0.0541 0.0066 0.0097 0.0035 0.0054 0.0294 0.0427 0.0015 0.0129 0.0060 
      CROC15  3 0.8156 0.0007 0.0010 0.0009 0.0480 0.0022 0.0015 0.0027 0.0076 0.0349 0.0072 0.0092 0.0145 0.0247 0.0066 0.0143 0.0044 0.0043 
      CROC16  3 0.8612 0.0014 0.0010 0.0015 0.0052 0.0080 0.0016 0.0019 0.0024 0.0047 0.0031 0.0263 0.0054 0.0086 0.0491 0.0077 0.0080 0.0028 
      CROC17  3 0.8196 0.0005 0.0009 0.0008 0.0006 0.0010 0.0009 0.0015 0.0015 0.0019 0.0040 0.0026 0.0055 0.0040 0.0056 0.0013 0.0022 0.1455 
      CROC18  3 0.8928 0.0007 0.0080 0.0013 0.0009 0.0020 0.0045 0.0023 0.0017 0.0030 0.0091 0.0133 0.0080 0.0068 0.0093 0.0282 0.0029 0.0053 
      CROC19  3 0.8602 0.0011 0.0016 0.0027 0.0014 0.0015 0.0026 0.0058 0.0032 0.0032 0.0072 0.0031 0.0047 0.0191 0.0033 0.0022 0.0440 0.0329 
     CROC198  3 0.8729 0.0008 0.0008 0.0019 0.0008 0.0020 0.0033 0.0040 0.0028 0.0025 0.0032 0.0027 0.0037 0.0059 0.0833 0.0013 0.0032 0.0046 
      CROC20  3 0.9066 0.0038 0.0029 0.0027 0.0019 0.0037 0.0019 0.0031 0.0028 0.0088 0.0035 0.0068 0.0095 0.0110 0.0153 0.0040 0.0072 0.0046 
     CROC202  3 0.9030 0.0009 0.0010 0.0011 0.0010 0.0014 0.0054 0.0037 0.0035 0.0028 0.0052 0.0197 0.0033 0.0087 0.0286 0.0022 0.0033 0.0052 
      CROC21  3 0.9274 0.0005 0.0010 0.0019 0.0008 0.0028 0.0014 0.0019 0.0024 0.0039 0.0088 0.0037 0.0037 0.0228 0.0050 0.0035 0.0025 0.0058 
     CROC216  3 0.8914 0.0010 0.0014 0.0042 0.0026 0.0020 0.0018 0.0022 0.0024 0.0050 0.0173 0.0052 0.0065 0.0084 0.0041 0.0316 0.0052 0.0077 
      CROC22  3 0.7957 0.0005 0.0014 0.0110 0.0009 0.0070 0.0519 0.0015 0.0025 0.0020 0.0069 0.0041 0.0351 0.0069 0.0572 0.0024 0.0035 0.0096 
      CROC23  3 0.9289 0.0007 0.0013 0.0027 0.0011 0.0028 0.0013 0.0018 0.0019 0.0022 0.0170 0.0033 0.0044 0.0093 0.0032 0.0018 0.0030 0.0132 
      CROC24  3 0.8761 0.0005 0.0007 0.0040 0.0014 0.0014 0.0017 0.0016 0.0020 0.0031 0.0047 0.0093 0.0044 0.0081 0.0654 0.0028 0.0041 0.0086 
      CROC25  3 0.9484 0.0007 0.0012 0.0021 0.0011 0.0014 0.0013 0.0020 0.0025 0.0027 0.0044 0.0023 0.0029 0.0040 0.0121 0.0022 0.0037 0.0050 
     CROC259  3 0.8341 0.0009 0.0007 0.0024 0.0010 0.0018 0.0014 0.0027 0.0285 0.0025 0.0288 0.0042 0.0057 0.0059 0.0068 0.0026 0.0118 0.0581 
      CROC26  3 0.8430 0.0008 0.0008 0.0014 0.0017 0.0012 0.0029 0.0046 0.0036 0.0032 0.0181 0.0036 0.0041 0.0059 0.0076 0.0025 0.0027 0.0922 
      CROC27  3 0.8131 0.0012 0.0013 0.0438 0.0029 0.0019 0.0031 0.0029 0.0023 0.0086 0.0228 0.0034 0.0165 0.0087 0.0322 0.0020 0.0055 0.0279 
      CROC28  3 0.8076 0.0008 0.0006 0.0069 0.0017 0.0014 0.0012 0.0016 0.0025 0.0020 0.0563 0.0024 0.0047 0.0052 0.0866 0.0016 0.0042 0.0128 
      CROC29  3 0.9243 0.0007 0.0010 0.0036 0.0020 0.0034 0.0019 0.0018 0.0019 0.0079 0.0063 0.0032 0.0045 0.0127 0.0121 0.0016 0.0050 0.0058 
      CROC30  3 0.7787 0.0020 0.0017 0.0011 0.0019 0.0019 0.0014 0.0018 0.0024 0.0041 0.0072 0.0038 0.0061 0.0069 0.0089 0.1244 0.0378 0.0079 
      CROC31  3 0.8293 0.0180 0.0012 0.0096 0.0028 0.0067 0.0015 0.0017 0.0026 0.0031 0.0347 0.0033 0.0076 0.0136 0.0127 0.0022 0.0053 0.0442 
      CROC32  3 0.8726 0.0007 0.0007 0.0014 0.0007 0.0021 0.0020 0.0018 0.0027 0.0020 0.0047 0.0023 0.0033 0.0052 0.0818 0.0026 0.0071 0.0063 
      CROC33  3 0.8786 0.0011 0.0011 0.0069 0.0026 0.0013 0.0016 0.0027 0.0012 0.0275 0.0128 0.0041 0.0040 0.0092 0.0037 0.0016 0.0344 0.0054 
      CROC34  3 0.9431 0.0013 0.0011 0.0012 0.0015 0.0012 0.0018 0.0034 0.0035 0.0030 0.0066 0.0031 0.0043 0.0046 0.0040 0.0067 0.0043 0.0052 
      CROC35  3 0.8852 0.0009 0.0006 0.0124 0.0005 0.0010 0.0009 0.0011 0.0019 0.0020 0.0251 0.0023 0.0085 0.0199 0.0051 0.0013 0.0188 0.0126 
      CROC36  3 0.9569 0.0005 0.0008 0.0009 0.0009 0.0018 0.0011 0.0014 0.0022 0.0018 0.0029 0.0028 0.0024 0.0045 0.0111 0.0016 0.0031 0.0032 
      CROC57  3 0.9507 0.0010 0.0008 0.0017 0.0011 0.0020 0.0018 0.0020 0.0062 0.0034 0.0029 0.0028 0.0036 0.0053 0.0054 0.0020 0.0036 0.0037 
      CROC81  3 0.8621 0.0008 0.0019 0.0018 0.0042 0.0045 0.0024 0.0018 0.0027 0.0054 0.0037 0.0470 0.0037 0.0061 0.0301 0.0110 0.0055 0.0052 
      CROC84  3 0.9455 0.0018 0.0005 0.0021 0.0014 0.0011 0.0059 0.0011 0.0016 0.0019 0.0049 0.0090 0.0022 0.0038 0.0073 0.0012 0.0016 0.0070 
        FW01  3 0.0022 0.0005 0.0006 0.0008 0.0007 0.0011 0.0012 0.0015 0.0016 0.0020 0.0021 0.0024 0.0023 0.0044 0.9707 0.0016 0.0018 0.0026 
        FW02  3 0.9689 0.0005 0.0007 0.0019 0.0006 0.0011 0.0011 0.0014 0.0017 0.0018 0.0022 0.0017 0.0022 0.0038 0.0039 0.0014 0.0020 0.0031 
        FW03  3 0.0019 0.0004 0.0006 0.0007 0.0006 0.0009 0.0009 0.0012 0.0014 0.0016 0.0019 0.0020 0.0019 0.0034 0.9752 0.0012 0.0017 0.0024 
        FW04  3 0.9689 0.0005 0.0007 0.0020 0.0006 0.0011 0.0010 0.0014 0.0017 0.0017 0.0022 0.0017 0.0022 0.0037 0.0039 0.0015 0.0020 0.0032 
        FW05  3 0.9689 0.0005 0.0007 0.0018 0.0006 0.0011 0.0010 0.0014 0.0017 0.0018 0.0023 0.0017 0.0022 0.0038 0.0039 0.0015 0.0020 0.0031 
        FW06  3 0.9688 0.0005 0.0007 0.0019 0.0006 0.0011 0.0011 0.0014 0.0017 0.0018 0.0023 0.0017 0.0022 0.0038 0.0039 0.0014 0.0020 0.0032 
        FW07  3 0.0020 0.0004 0.0006 0.0007 0.0006 0.0009 0.0009 0.0012 0.0014 0.0016 0.0020 0.0019 0.0019 0.0034 0.9752 0.0012 0.0017 0.0024 
        FW08  3 0.9687 0.0005 0.0007 0.0019 0.0006 0.0011 0.0010 0.0014 0.0017 0.0018 0.0023 0.0016 0.0022 0.0038 0.0040 0.0015 0.0020 0.0032 
        FW09  3 0.9690 0.0005 0.0007 0.0020 0.0006 0.0011 0.0010 0.0014 0.0017 0.0017 0.0023 0.0017 0.0022 0.0037 0.0038 0.0015 0.0021 0.0032 
        FW10  3 0.0020 0.0005 0.0006 0.0007 0.0006 0.0009 0.0009 0.0012 0.0014 0.0016 0.0020 0.0020 0.0019 0.0035 0.9750 0.0013 0.0016 0.0025 
       FW100  3 0.0021 0.0005 0.0006 0.0007 0.0006 0.0009 0.0009 0.0012 0.0014 0.0016 0.0020 0.0019 0.0020 0.0034 0.9749 0.0012 0.0016 0.0024 
       FW101  3 0.0020 0.0004 0.0006 0.0007 0.0007 0.0009 0.0009 0.0012 0.0013 0.0016 0.0020 0.0019 0.0020 0.0034 0.9751 0.0012 0.0016 0.0024 
       FW102  3 0.9689 0.0005 0.0007 0.0019 0.0006 0.0011 0.0010 0.0014 0.0017 0.0018 0.0023 0.0016 0.0022 0.0038 0.0039 0.0015 0.0020 0.0032 
       FW103  3 0.9690 0.0005 0.0007 0.0019 0.0006 0.0012 0.0010 0.0014 0.0016 0.0017 0.0023 0.0017 0.0022 0.0037 0.0038 0.0015 0.0020 0.0032 
       FW104  3 0.0022 0.0005 0.0006 0.0009 0.0007 0.0011 0.0012 0.0015 0.0016 0.0021 0.0021 0.0024 0.0023 0.0043 0.9707 0.0015 0.0018 0.0026 
       FW105  3 0.0019 0.0004 0.0006 0.0007 0.0007 0.0009 0.0009 0.0012 0.0014 0.0016 0.0020 0.0019 0.0020 0.0034 0.9750 0.0013 0.0016 0.0024 
       FW106  3 0.8218 0.0023 0.0403 0.0147 0.0077 0.0038 0.0023 0.0046 0.0022 0.0074 0.0128 0.0080 0.0268 0.0144 0.0150 0.0030 0.0039 0.0091 
       FW107  3 0.0022 0.0005 0.0006 0.0009 0.0007 0.0011 0.0012 0.0015 0.0016 0.0020 0.0022 0.0025 0.0023 0.0043 0.9706 0.0016 0.0018 0.0025 
       FW108  3 0.9689 0.0005 0.0007 0.0019 0.0006 0.0012 0.0010 0.0014 0.0017 0.0018 0.0023 0.0017 0.0022 0.0037 0.0039 0.0014 0.0021 0.0032 
       FW109  3 0.0020 0.0005 0.0006 0.0007 0.0007 0.0009 0.0009 0.0012 0.0013 0.0016 0.0020 0.0019 0.0019 0.0034 0.9750 0.0012 0.0017 0.0024 
        FW11  3 0.0021 0.0005 0.0006 0.0008 0.0006 0.0009 0.0009 0.0012 0.0013 0.0016 0.0021 0.0019 0.0020 0.0034 0.9748 0.0012 0.0017 0.0024 
       FW110  3 0.0019 0.0004 0.0006 0.0008 0.0006 0.0009 0.0009 0.0012 0.0013 0.0016 0.0019 0.0019 0.0019 0.0034 0.9751 0.0013 0.0017 0.0024 
       FW111  3 0.9691 0.0005 0.0007 0.0018 0.0006 0.0011 0.0010 0.0014 0.0017 0.0017 0.0023 0.0016 0.0022 0.0037 0.0039 0.0015 0.0020 0.0031 
       FW112  3 0.0022 0.0005 0.0006 0.0007 0.0006 0.0009 0.0009 0.0012 0.0014 0.0016 0.0020 0.0020 0.0020 0.0034 0.9747 0.0013 0.0016 0.0025 
       FW113  3 0.9688 0.0005 0.0007 0.0018 0.0006 0.0011 0.0010 0.0014 0.0017 0.0017 0.0023 0.0017 0.0023 0.0038 0.0039 0.0015 0.0020 0.0032 
       FW114  3 0.0022 0.0006 0.0006 0.0009 0.0007 0.0010 0.0010 0.0012 0.0013 0.0017 0.0043 0.0020 0.0027 0.0040 0.9680 0.0014 0.0024 0.0040 
       FW115  3 0.0020 0.0004 0.0006 0.0007 0.0006 0.0009 0.0009 0.0012 0.0014 0.0016 0.0020 0.0019 0.0020 0.0034 0.9751 0.0012 0.0017 0.0024 
       FW116  3 0.9687 0.0005 0.0007 0.0019 0.0006 0.0011 0.0010 0.0014 0.0016 0.0017 0.0023 0.0017 0.0022 0.0038 0.0039 0.0015 0.0020 0.0032 
        FW12  3 0.9689 0.0005 0.0007 0.0019 0.0006 0.0011 0.0010 0.0014 0.0017 0.0017 0.0022 0.0017 0.0022 0.0038 0.0039 0.0015 0.0020 0.0031 
        FW13  3 0.9689 0.0005 0.0007 0.0019 0.0006 0.0011 0.0011 0.0014 0.0017 0.0017 0.0023 0.0017 0.0022 0.0038 0.0038 0.0014 0.0021 0.0031 
        FW14  3 0.0022 0.0005 0.0006 0.0008 0.0007 0.0011 0.0012 0.0015 0.0017 0.0021 0.0022 0.0024 0.0023 0.0043 0.9707 0.0016 0.0018 0.0025 
        FW15  3 0.0022 0.0005 0.0006 0.0009 0.0007 0.0011 0.0012 0.0015 0.0016 0.0020 0.0021 0.0024 0.0023 0.0043 0.9707 0.0015 0.0018 0.0025 
        FW16  3 0.0020 0.0004 0.0006 0.0007 0.0007 0.0009 0.0009 0.0012 0.0014 0.0016 0.0020 0.0019 0.0019 0.0035 0.9749 0.0012 0.0017 0.0024 
        FW17  3 0.0020 0.0005 0.0006 0.0007 0.0006 0.0009 0.0009 0.0012 0.0014 0.0016 0.0020 0.0019 0.0019 0.0034 0.9751 0.0013 0.0016 0.0024 
        FW18  3 0.0021 0.0005 0.0006 0.0007 0.0006 0.0009 0.0009 0.0012 0.0014 0.0016 0.0020 0.0019 0.0020 0.0034 0.9749 0.0013 0.0016 0.0024 
        FW19  3 0.9689 0.0005 0.0007 0.0018 0.0006 0.0011 0.0010 0.0014 0.0017 0.0017 0.0023 0.0017 0.0022 0.0038 0.0039 0.0015 0.0020 0.0032 
        FW20  3 0.9688 0.0005 0.0007 0.0019 0.0006 0.0011 0.0010 0.0014 0.0016 0.0018 0.0023 0.0017 0.0022 0.0038 0.0039 0.0015 0.0020 0.0032 
        FW21  3 0.9689 0.0005 0.0007 0.0019 0.0006 0.0011 0.0010 0.0014 0.0017 0.0018 0.0022 0.0017 0.0022 0.0038 0.0039 0.0014 0.0020 0.0032 
        FW22  3 0.0021 0.0004 0.0006 0.0008 0.0006 0.0009 0.0009 0.0012 0.0014 0.0016 0.0020 0.0020 0.0019 0.0034 0.9749 0.0012 0.0016 0.0024 
        FW23  3 0.9691 0.0005 0.0007 0.0018 0.0006 0.0011 0.0010 0.0014 0.0016 0.0017 0.0023 0.0017 0.0022 0.0038 0.0038 0.0015 0.0020 0.0031 
        FW24  3 0.9689 0.0005 0.0007 0.0020 0.0006 0.0011 0.0010 0.0014 0.0017 0.0017 0.0023 0.0016 0.0022 0.0037 0.0038 0.0014 0.0020 0.0032 
        FW25  3 0.9690 0.0005 0.0007 0.0018 0.0006 0.0011 0.0010 0.0014 0.0017 0.0017 0.0023 0.0017 0.0022 0.0038 0.0039 0.0015 0.0020 0.0032 
        FW26  3 0.9688 0.0005 0.0007 0.0019 0.0006 0.0011 0.0010 0.0014 0.0017 0.0018 0.0023 0.0017 0.0022 0.0038 0.0038 0.0015 0.0020 0.0032 
        FW27  3 0.0019 0.0004 0.0006 0.0007 0.0006 0.0009 0.0009 0.0012 0.0013 0.0016 0.0020 0.0019 0.0019 0.0034 0.9751 0.0013 0.0016 0.0024 
        FW28  3 0.9687 0.0005 0.0007 0.0019 0.0006 0.0011 0.0010 0.0014 0.0017 0.0017 0.0023 0.0016 0.0022 0.0038 0.0038 0.0015 0.0021 0.0032 
        FW29  3 0.9689 0.0005 0.0007 0.0018 0.0006 0.0011 0.0010 0.0014 0.0017 0.0017 0.0023 0.0017 0.0022 0.0038 0.0039 0.0015 0.0020 0.0032 
        FW30  3 0.8221 0.0021 0.0399 0.0139 0.0077 0.0037 0.0021 0.0047 0.0022 0.0074 0.0124 0.0082 0.0281 0.0143 0.0150 0.0031 0.0041 0.0092 
        FW32  3 0.0022 0.0005 0.0006 0.0008 0.0007 0.0011 0.0012 0.0015 0.0016 0.0020 0.0021 0.0024 0.0023 0.0043 0.9706 0.0016 0.0019 0.0026 
        FW33  3 0.9688 0.0005 0.0008 0.0019 0.0006 0.0011 0.0010 0.0014 0.0017 0.0017 0.0022 0.0017 0.0022 0.0037 0.0038 0.0015 0.0021 0.0032 
        FW34  3 0.9686 0.0005 0.0007 0.0020 0.0006 0.0011 0.0010 0.0014 0.0017 0.0017 0.0023 0.0017 0.0022 0.0038 0.0039 0.0015 0.0020 0.0032 
        FW35  3 0.9689 0.0005 0.0007 0.0019 0.0006 0.0011 0.0010 0.0014 0.0017 0.0017 0.0023 0.0016 0.0022 0.0038 0.0038 0.0015 0.0020 0.0032 
        FW36  3 0.9688 0.0005 0.0007 0.0019 0.0006 0.0011 0.0011 0.0014 0.0017 0.0018 0.0022 0.0017 0.0022 0.0038 0.0039 0.0015 0.0020 0.0032 
        FW37  3 0.0019 0.0004 0.0005 0.0008 0.0006 0.0009 0.0009 0.0012 0.0013 0.0016 0.0020 0.0019 0.0020 0.0035 0.9750 0.0013 0.0016 0.0024 
        FW51  3 0.9688 0.0005 0.0007 0.0019 0.0006 0.0011 0.0011 0.0014 0.0017 0.0017 0.0023 0.0017 0.0022 0.0038 0.0039 0.0015 0.0020 0.0032 
        FW52  3 0.0020 0.0004 0.0005 0.0007 0.0006 0.0009 0.0009 0.0012 0.0013 0.0017 0.0020 0.0020 0.0019 0.0034 0.9751 0.0013 0.0016 0.0024 
        FW53  3 0.9689 0.0005 0.0007 0.0020 0.0006 0.0011 0.0010 0.0014 0.0017 0.0018 0.0022 0.0016 0.0022 0.0038 0.0038 0.0015 0.0020 0.0032 
        FW54  3 0.0019 0.0005 0.0006 0.0007 0.0006 0.0009 0.0009 0.0012 0.0013 0.0016 0.0019 0.0019 0.0019 0.0034 0.9753 0.0013 0.0016 0.0024 
        FW55  3 0.9688 0.0005 0.0007 0.0019 0.0006 0.0011 0.0011 0.0014 0.0016 0.0018 0.0023 0.0017 0.0022 0.0037 0.0039 0.0015 0.0021 0.0032 
        FW56  3 0.9688 0.0005 0.0007 0.0020 0.0006 0.0011 0.0010 0.0014 0.0017 0.0017 0.0023 0.0017 0.0022 0.0037 0.0039 0.0015 0.0020 0.0032 
        FW57  3 0.9691 0.0005 0.0007 0.0018 0.0006 0.0011 0.0010 0.0014 0.0017 0.0018 0.0023 0.0017 0.0022 0.0038 0.0039 0.0014 0.0020 0.0032 
        FW78  3 0.9688 0.0005 0.0007 0.0019 0.0006 0.0011 0.0010 0.0014 0.0017 0.0018 0.0023 0.0017 0.0023 0.0038 0.0038 0.0015 0.0020 0.0032 
        FW79  3 0.9689 0.0005 0.0007 0.0018 0.0006 0.0011 0.0010 0.0014 0.0017 0.0017 0.0023 0.0017 0.0022 0.0038 0.0039 0.0015 0.0021 0.0031 
        FW80  3 0.9690 0.0005 0.0007 0.0020 0.0006 0.0011 0.0010 0.0014 0.0017 0.0017 0.0023 0.0017 0.0022 0.0037 0.0038 0.0015 0.0020 0.0032 
        FW81  3 0.0020 0.0004 0.0006 0.0007 0.0006 0.0009 0.0009 0.0012 0.0013 0.0016 0.0020 0.0019 0.0019 0.0034 0.9752 0.0013 0.0017 0.0024 
        FW82  3 0.0020 0.0005 0.0006 0.0007 0.0007 0.0009 0.0009 0.0012 0.0014 0.0016 0.0020 0.0019 0.0019 0.0035 0.9749 0.0013 0.0016 0.0025 
        FW83  3 0.0022 0.0005 0.0006 0.0008 0.0007 0.0011 0.0011 0.0015 0.0016 0.0020 0.0021 0.0023 0.0023 0.0043 0.9708 0.0015 0.0018 0.0026 
        FW84  3 0.9687 0.0005 0.0007 0.0019 0.0006 0.0011 0.0011 0.0014 0.0017 0.0017 0.0023 0.0016 0.0022 0.0038 0.0039 0.0014 0.0020 0.0032 
        FW85  3 0.0020 0.0005 0.0006 0.0020 0.0061 0.0010 0.0009 0.0012 0.0014 0.0016 0.0072 0.0096 0.0020 0.0107 0.9388 0.0013 0.0107 0.0025 
        FW86  3 0.0022 0.0005 0.0006 0.0007 0.0006 0.0009 0.0009 0.0012 0.0013 0.0016 0.0021 0.0019 0.0020 0.0034 0.9748 0.0012 0.0017 0.0024 
        FW87  3 0.0021 0.0005 0.0006 0.0007 0.0006 0.0009 0.0009 0.0012 0.0013 0.0016 0.0021 0.0019 0.0020 0.0034 0.9749 0.0012 0.0016 0.0024 
        FW88  3 0.9686 0.0005 0.0007 0.0020 0.0006 0.0011 0.0011 0.0014 0.0017 0.0018 0.0023 0.0017 0.0022 0.0038 0.0039 0.0015 0.0020 0.0032 
        FW89  3 0.9687 0.0005 0.0007 0.0020 0.0006 0.0011 0.0010 0.0014 0.0016 0.0017 0.0023 0.0017 0.0022 0.0038 0.0039 0.0015 0.0020 0.0031 
        FW90  3 0.9689 0.0005 0.0007 0.0019 0.0006 0.0011 0.0011 0.0014 0.0016 0.0018 0.0023 0.0017 0.0022 0.0038 0.0038 0.0015 0.0020 0.0032 
        FW91  3 0.0019 0.0004 0.0006 0.0007 0.0006 0.0009 0.0009 0.0012 0.0014 0.0016 0.0020 0.0020 0.0019 0.0034 0.9752 0.0013 0.0016 0.0024 
        FW92  3 0.9690 0.0005 0.0007 0.0020 0.0006 0.0011 0.0010 0.0014 0.0017 0.0017 0.0022 0.0017 0.0022 0.0038 0.0038 0.0014 0.0020 0.0031 
        FW93  3 0.9688 0.0005 0.0007 0.0020 0.0006 0.0011 0.0010 0.0014 0.0017 0.0017 0.0023 0.0017 0.0022 0.0038 0.0038 0.0015 0.0020 0.0032 
        FW94  3 0.0020 0.0005 0.0006 0.0007 0.0006 0.0009 0.0009 0.0012 0.0014 0.0016 0.0019 0.0019 0.0019 0.0034 0.9750 0.0013 0.0016 0.0025 
        FW95  3 0.9687 0.0005 0.0007 0.0020 0.0006 0.0011 0.0010 0.0014 0.0017 0.0017 0.0023 0.0017 0.0022 0.0038 0.0038 0.0015 0.0020 0.0032 
        FW96  3 0.9689 0.0005 0.0007 0.0019 0.0006 0.0011 0.0010 0.0014 0.0017 0.0018 0.0022 0.0017 0.0023 0.0038 0.0039 0.0015 0.0020 0.0032 
        FW97  3 0.7793 0.0012 0.0017 0.0135 0.0017 0.0017 0.0088 0.0093 0.0094 0.0045 0.0058 0.0050 0.0076 0.0148 0.0647 0.0611 0.0049 0.0049 
        FW98  3 0.0020 0.0004 0.0006 0.0007 0.0006 0.0009 0.0009 0.0012 0.0014 0.0016 0.0020 0.0020 0.0019 0.0034 0.9751 0.0012 0.0017 0.0024 
        FW99  3 0.9689 0.0005 0.0007 0.0018 0.0006 0.0011 0.0010 0.0014 0.0017 0.0017 0.0023 0.0017 0.0022 0.0038 0.0038 0.0015 0.0020 0.0032 
       Cal01  3 0.9498 0.0006 0.0006 0.0026 0.0024 0.0014 0.0024 0.0017 0.0023 0.0041 0.0055 0.0029 0.0062 0.0056 0.0035 0.0016 0.0028 0.0041 
       Cal02  3 0.9264 0.0009 0.0031 0.0012 0.0011 0.0029 0.0021 0.0023 0.0025 0.0023 0.0072 0.0044 0.0064 0.0103 0.0145 0.0031 0.0042 0.0049 
       Cal03  3 0.7991 0.0011 0.0008 0.0018 0.0023 0.0013 0.0012 0.0015 0.0012 0.0022 0.0032 0.0031 0.0033 0.0061 0.1604 0.0022 0.0046 0.0047 
       Cal04  3 0.8606 0.0008 0.0014 0.0009 0.0017 0.0013 0.0022 0.0205 0.0024 0.0032 0.0096 0.0046 0.0042 0.0465 0.0126 0.0054 0.0125 0.0096 
       Cal05  3 0.8573 0.0008 0.0006 0.0056 0.0007 0.0008 0.0010 0.0018 0.0013 0.0016 0.0050 0.0024 0.0024 0.0039 0.0195 0.0018 0.0022 0.0913 
       Cal06  3 0.8623 0.0010 0.0011 0.0022 0.0014 0.0019 0.0012 0.0013 0.0038 0.0026 0.0472 0.0029 0.0046 0.0092 0.0040 0.0027 0.0444 0.0061 
       Cal07  3 0.8569 0.0004 0.0006 0.0036 0.0007 0.0010 0.0010 0.0012 0.0016 0.0018 0.0051 0.0019 0.0025 0.0038 0.0043 0.0031 0.0027 0.1076 
       Cal08  3 0.8930 0.0007 0.0008 0.0012 0.0019 0.0015 0.0030 0.0041 0.0045 0.0029 0.0043 0.0041 0.0052 0.0057 0.0357 0.0018 0.0212 0.0085 
       Cal09  3 0.8802 0.0005 0.0010 0.0016 0.0006 0.0027 0.0016 0.0020 0.0017 0.0023 0.0057 0.0036 0.0029 0.0054 0.0146 0.0017 0.0024 0.0693 
       Cal10  3 0.9026 0.0009 0.0009 0.0018 0.0020 0.0017 0.0021 0.0032 0.0017 0.0061 0.0079 0.0041 0.0134 0.0126 0.0198 0.0031 0.0096 0.0068 
       Cal11  3 0.8896 0.0010 0.0011 0.0022 0.0008 0.0021 0.0022 0.0026 0.0373 0.0024 0.0114 0.0027 0.0031 0.0052 0.0227 0.0032 0.0042 0.0061 
      Cal197  3 0.9391 0.0005 0.0008 0.0013 0.0006 0.0012 0.0008 0.0010 0.0015 0.0034 0.0056 0.0017 0.0035 0.0117 0.0039 0.0022 0.0144 0.0067 
      Cal198  3 0.7135 0.0016 0.0007 0.0015 0.0013 0.0014 0.0013 0.0038 0.0014 0.0304 0.0117 0.0021 0.0048 0.0088 0.1070 0.0107 0.0082 0.0898 
      Cal199  3 0.8732 0.0183 0.0007 0.0035 0.0033 0.0014 0.0254 0.0416 0.0019 0.0019 0.0026 0.0037 0.0028 0.0053 0.0076 0.0014 0.0025 0.0029 
      Cal200  3 0.8799 0.0008 0.0007 0.0302 0.0057 0.0015 0.0014 0.0012 0.0035 0.0027 0.0103 0.0035 0.0036 0.0153 0.0229 0.0015 0.0111 0.0041 
      Cal201  3 0.8776 0.0005 0.0012 0.0166 0.0010 0.0053 0.0013 0.0011 0.0021 0.0019 0.0085 0.0018 0.0133 0.0048 0.0322 0.0015 0.0024 0.0269 
      Cal202  3 0.8744 0.0005 0.0009 0.0030 0.0133 0.0034 0.0035 0.0050 0.0017 0.0039 0.0032 0.0132 0.0077 0.0164 0.0084 0.0013 0.0025 0.0376 
      Cal203  3 0.9140 0.0012 0.0013 0.0033 0.0013 0.0020 0.0019 0.0027 0.0058 0.0031 0.0037 0.0029 0.0044 0.0056 0.0380 0.0013 0.0039 0.0037 
      Cal204  3 0.9483 0.0012 0.0016 0.0024 0.0024 0.0019 0.0019 0.0019 0.0026 0.0020 0.0034 0.0036 0.0041 0.0067 0.0026 0.0012 0.0034 0.0086 
      Cal205  3 0.9411 0.0011 0.0014 0.0023 0.0026 0.0024 0.0011 0.0026 0.0013 0.0022 0.0055 0.0028 0.0071 0.0086 0.0082 0.0016 0.0026 0.0055 
      Cal206  3 0.9201 0.0017 0.0012 0.0033 0.0011 0.0040 0.0014 0.0021 0.0020 0.0035 0.0029 0.0065 0.0048 0.0124 0.0182 0.0055 0.0046 0.0047 
      Cal207  3 0.9187 0.0297 0.0007 0.0041 0.0013 0.0016 0.0019 0.0011 0.0016 0.0041 0.0053 0.0022 0.0048 0.0055 0.0039 0.0015 0.0027 0.0092 
      Cal208  3 0.9327 0.0005 0.0010 0.0007 0.0008 0.0019 0.0016 0.0020 0.0020 0.0070 0.0031 0.0030 0.0040 0.0046 0.0241 0.0017 0.0042 0.0050 
      Cal209  3 0.9573 0.0007 0.0006 0.0015 0.0007 0.0015 0.0014 0.0024 0.0018 0.0019 0.0026 0.0026 0.0029 0.0054 0.0088 0.0018 0.0019 0.0044 
      Cal210  3 0.8725 0.0187 0.0007 0.0035 0.0031 0.0015 0.0254 0.0420 0.0019 0.0019 0.0026 0.0038 0.0028 0.0053 0.0075 0.0014 0.0026 0.0029 
      Cal211  3 0.9447 0.0027 0.0007 0.0067 0.0022 0.0013 0.0012 0.0016 0.0018 0.0018 0.0064 0.0019 0.0026 0.0052 0.0036 0.0034 0.0059 0.0063 
      Cal212  3 0.8569 0.0233 0.0009 0.0369 0.0043 0.0017 0.0015 0.0027 0.0016 0.0024 0.0051 0.0036 0.0028 0.0059 0.0375 0.0028 0.0053 0.0048 
      Cal213  3 0.7061 0.0021 0.0007 0.0063 0.0054 0.0014 0.0011 0.0024 0.0012 0.0359 0.0292 0.0031 0.0129 0.0092 0.1017 0.0210 0.0147 0.0455 
      Cal214  3 0.8807 0.0008 0.0008 0.0008 0.0009 0.0031 0.0010 0.0385 0.0020 0.0091 0.0032 0.0038 0.0048 0.0299 0.0113 0.0021 0.0038 0.0033 
      Cal215  3 0.9055 0.0007 0.0009 0.0016 0.0015 0.0021 0.0078 0.0146 0.0031 0.0033 0.0041 0.0091 0.0056 0.0103 0.0136 0.0052 0.0044 0.0065 
      Cal216  3 0.8512 0.0076 0.0011 0.0045 0.0030 0.0033 0.0012 0.0012 0.0023 0.0034 0.0054 0.0042 0.0035 0.0096 0.0229 0.0069 0.0033 0.0654 
      Cal217  3 0.9525 0.0006 0.0007 0.0019 0.0008 0.0013 0.0010 0.0012 0.0020 0.0017 0.0037 0.0018 0.0032 0.0053 0.0069 0.0015 0.0029 0.0112 
      Cal218  3 0.8092 0.0110 0.0008 0.1062 0.0016 0.0016 0.0011 0.0027 0.0016 0.0020 0.0052 0.0028 0.0027 0.0051 0.0350 0.0028 0.0040 0.0046 
      Cal219  3 0.9145 0.0007 0.0021 0.0023 0.0007 0.0031 0.0022 0.0019 0.0019 0.0025 0.0047 0.0029 0.0082 0.0055 0.0379 0.0020 0.0035 0.0034 
      Cal220  3 0.9306 0.0008 0.0201 0.0013 0.0012 0.0017 0.0022 0.0032 0.0028 0.0025 0.0038 0.0020 0.0054 0.0061 0.0058 0.0026 0.0028 0.0049 
      Cal221  3 0.8858 0.0025 0.0011 0.0099 0.0023 0.0012 0.0035 0.0054 0.0015 0.0023 0.0050 0.0034 0.0030 0.0042 0.0539 0.0027 0.0085 0.0037 
      Cal222  3 0.9159 0.0033 0.0009 0.0036 0.0026 0.0012 0.0073 0.0200 0.0019 0.0021 0.0057 0.0032 0.0033 0.0055 0.0128 0.0020 0.0040 0.0048 
      Cal223  3 0.6750 0.0012 0.0013 0.0071 0.0047 0.0024 0.0023 0.0051 0.0032 0.0062 0.0636 0.0028 0.0108 0.0104 0.0191 0.0054 0.0060 0.1733 
      Cal224  3 0.7967 0.0020 0.0007 0.0017 0.0059 0.0012 0.0056 0.0023 0.0050 0.0414 0.0035 0.0207 0.0033 0.0411 0.0040 0.0387 0.0027 0.0234 
       Cal33  3 0.9367 0.0015 0.0008 0.0012 0.0009 0.0024 0.0013 0.0020 0.0016 0.0020 0.0035 0.0025 0.0081 0.0065 0.0144 0.0029 0.0039 0.0080 
       Cal34  3 0.8900 0.0007 0.0040 0.0014 0.0008 0.0047 0.0015 0.0025 0.0017 0.0107 0.0148 0.0048 0.0048 0.0064 0.0169 0.0019 0.0024 0.0299 
       Cal35  3 0.9520 0.0007 0.0009 0.0017 0.0017 0.0016 0.0012 0.0014 0.0015 0.0018 0.0058 0.0028 0.0051 0.0052 0.0054 0.0016 0.0029 0.0067 
       Cal37  3 0.8242 0.0039 0.0013 0.0021 0.0030 0.0158 0.0012 0.0015 0.0015 0.0017 0.0196 0.0030 0.0132 0.0075 0.0064 0.0127 0.0373 0.0440 
       Cal38  3 0.9623 0.0006 0.0007 0.0027 0.0007 0.0012 0.0011 0.0017 0.0016 0.0017 0.0043 0.0016 0.0028 0.0038 0.0031 0.0012 0.0030 0.0059 
       Cal39  3 0.8278 0.0006 0.0008 0.0039 0.0006 0.0014 0.0038 0.0022 0.0018 0.0020 0.0036 0.0060 0.0028 0.0041 0.1229 0.0024 0.0021 0.0110 
       Cal40  3 0.9573 0.0007 0.0006 0.0016 0.0007 0.0014 0.0014 0.0024 0.0018 0.0019 0.0026 0.0026 0.0029 0.0054 0.0086 0.0018 0.0019 0.0044 
       Cal41  3 0.9539 0.0005 0.0007 0.0011 0.0007 0.0011 0.0014 0.0023 0.0019 0.0019 0.0040 0.0028 0.0029 0.0053 0.0094 0.0027 0.0021 0.0053 
       Cal42  3 0.9539 0.0011 0.0006 0.0017 0.0010 0.0028 0.0018 0.0026 0.0033 0.0023 0.0026 0.0031 0.0042 0.0056 0.0052 0.0027 0.0023 0.0034 
