        TC01  1 0.0010 0.0014 0.0033 0.0020 0.0024 0.0092 0.0055 0.8316 0.0027 0.0097 0.0706 0.0019 0.0064 0.0044 0.0013 0.0182 0.0041 0.0125 0.0118 
        TC02  1 0.0014 0.0018 0.0021 0.0033 0.0019 0.0032 0.0039 0.8965 0.0052 0.0027 0.0044 0.0052 0.0034 0.0025 0.0020 0.0221 0.0060 0.0165 0.0157 
        TC03  1 0.0010 0.0017 0.0029 0.0013 0.0016 0.0016 0.0040 0.8957 0.0031 0.0039 0.0030 0.0047 0.0088 0.0036 0.0018 0.0119 0.0063 0.0244 0.0187 
        TC04  1 0.0031 0.0390 0.0066 0.0079 0.0021 0.0023 0.0026 0.7098 0.0093 0.0255 0.0034 0.0045 0.0055 0.0028 0.0010 0.0247 0.0053 0.0140 0.1306 
        TC05  1 0.0008 0.0121 0.0012 0.0014 0.0014 0.0012 0.0017 0.9052 0.0048 0.0031 0.0021 0.0038 0.0031 0.0037 0.0013 0.0200 0.0069 0.0085 0.0176 
        TC06  1 0.0023 0.0015 0.0023 0.0070 0.0016 0.0015 0.0060 0.7826 0.0065 0.0026 0.0036 0.0049 0.0026 0.0059 0.0018 0.0136 0.0046 0.0108 0.1383 
        TC07  1 0.0005 0.0053 0.0015 0.0025 0.0012 0.0067 0.0021 0.8909 0.0056 0.0040 0.0021 0.0028 0.0042 0.0099 0.0008 0.0263 0.0073 0.0077 0.0188 
        TC08  1 0.0039 0.0043 0.0011 0.0022 0.0012 0.0017 0.0017 0.9038 0.0047 0.0023 0.0040 0.0027 0.0018 0.0055 0.0013 0.0146 0.0112 0.0115 0.0204 
        TC09  1 0.0542 0.0029 0.0017 0.0028 0.0010 0.0013 0.0493 0.7778 0.0027 0.0021 0.0023 0.0032 0.0078 0.0056 0.0012 0.0133 0.0039 0.0062 0.0608 
        TC10  1 0.0007 0.0012 0.0012 0.0011 0.0015 0.0049 0.0472 0.8158 0.0080 0.0048 0.0034 0.0024 0.0233 0.0024 0.0010 0.0073 0.0037 0.0553 0.0148 
        TC11  1 0.0010 0.0012 0.0016 0.0016 0.0009 0.0040 0.0029 0.9308 0.0032 0.0020 0.0026 0.0014 0.0028 0.0020 0.0009 0.0075 0.0051 0.0211 0.0074 
        TC12  1 0.0011 0.0015 0.0056 0.0044 0.0023 0.0029 0.0027 0.7943 0.0052 0.0170 0.0072 0.0020 0.0106 0.0036 0.0026 0.0710 0.0074 0.0202 0.0384 
        TC13  1 0.0022 0.0012 0.0012 0.0010 0.0013 0.0014 0.0089 0.9150 0.0041 0.0022 0.0022 0.0030 0.0020 0.0037 0.0007 0.0112 0.0043 0.0183 0.0160 
        TC14  1 0.0014 0.0021 0.0033 0.0014 0.0019 0.0023 0.0289 0.7242 0.0041 0.0043 0.0065 0.0135 0.0038 0.0056 0.0013 0.0116 0.0135 0.0168 0.1536 
        TC15  1 0.0057 0.0021 0.0020 0.0020 0.0018 0.0011 0.0205 0.7651 0.0065 0.0032 0.0020 0.0154 0.0049 0.0067 0.0010 0.0146 0.0051 0.0237 0.1164 
        TC16  1 0.0383 0.0018 0.0030 0.0034 0.0022 0.0015 0.0516 0.7019 0.0073 0.0290 0.0065 0.0032 0.0031 0.0041 0.0021 0.0238 0.0162 0.0102 0.0909 
        TC17  1 0.0015 0.0028 0.0035 0.0185 0.0024 0.0034 0.0526 0.6799 0.0076 0.0021 0.0101 0.0029 0.0051 0.0081 0.0025 0.0798 0.0140 0.0165 0.0866 
        TC18  1 0.0014 0.0182 0.0127 0.0017 0.0053 0.0033 0.0056 0.8319 0.0051 0.0024 0.0032 0.0017 0.0065 0.0022 0.0045 0.0186 0.0100 0.0453 0.0204 
        TC19  1 0.0063 0.0009 0.0011 0.0010 0.0012 0.0016 0.0315 0.8975 0.0046 0.0025 0.0035 0.0016 0.0025 0.0017 0.0018 0.0121 0.0045 0.0128 0.0113 
        TC20  1 0.0028 0.0041 0.0052 0.0011 0.0009 0.0015 0.0104 0.8946 0.0046 0.0025 0.0207 0.0027 0.0024 0.0028 0.0008 0.0109 0.0061 0.0082 0.0178 
        TC21  1 0.0025 0.0049 0.0098 0.0188 0.0014 0.0043 0.0023 0.6898 0.0152 0.0066 0.0031 0.0019 0.0034 0.0023 0.0018 0.1754 0.0178 0.0129 0.0256 
        TC22  1 0.0024 0.0011 0.0013 0.0012 0.0019 0.0018 0.0017 0.8211 0.0543 0.0025 0.0036 0.0074 0.0026 0.0034 0.0025 0.0159 0.0045 0.0423 0.0285 
        TC23  1 0.0009 0.0013 0.0021 0.0011 0.0011 0.0041 0.0035 0.9062 0.0030 0.0114 0.0030 0.0042 0.0050 0.0034 0.0022 0.0084 0.0060 0.0132 0.0198 
        TC24  1 0.0012 0.0014 0.0009 0.0010 0.0020 0.0009 0.0063 0.9383 0.0024 0.0019 0.0029 0.0013 0.0041 0.0018 0.0009 0.0067 0.0101 0.0064 0.0097 
        TC25  1 0.0023 0.0012 0.0186 0.0033 0.0014 0.0151 0.0220 0.7523 0.0075 0.0115 0.0035 0.0055 0.0116 0.0024 0.0023 0.0167 0.0087 0.0092 0.1048 
        TC26  1 0.0011 0.0013 0.0012 0.0035 0.0011 0.0011 0.0526 0.8521 0.0033 0.0066 0.0027 0.0052 0.0029 0.0048 0.0014 0.0120 0.0061 0.0079 0.0333 
        TC27  1 0.0009 0.0016 0.0016 0.0057 0.0011 0.0013 0.0032 0.7522 0.0032 0.0021 0.0027 0.0022 0.0029 0.0040 0.0009 0.0437 0.0078 0.1136 0.0494 
        TC28  1 0.0008 0.0020 0.0021 0.0035 0.0025 0.0021 0.0068 0.8458 0.0083 0.0207 0.0028 0.0026 0.0053 0.0028 0.0009 0.0132 0.0067 0.0112 0.0600 
        TC29  1 0.0008 0.0365 0.0045 0.0014 0.0015 0.0033 0.0070 0.7443 0.0030 0.0047 0.0021 0.0023 0.0084 0.0042 0.0031 0.0230 0.0099 0.0076 0.1326 
        TC30  1 0.0033 0.0013 0.0014 0.0030 0.0013 0.0015 0.0065 0.9017 0.0052 0.0017 0.0056 0.0019 0.0044 0.0032 0.0015 0.0117 0.0060 0.0136 0.0251 
        TC31  1 0.0025 0.0025 0.0094 0.0011 0.0024 0.0151 0.0029 0.8465 0.0271 0.0024 0.0048 0.0020 0.0056 0.0020 0.0083 0.0186 0.0104 0.0266 0.0098 
        TC32  1 0.0014 0.0028 0.0017 0.0060 0.0014 0.0020 0.0084 0.7206 0.0475 0.0051 0.0034 0.0037 0.0026 0.0040 0.0009 0.0215 0.0057 0.0081 0.1532 
        TC33  1 0.0009 0.0023 0.0018 0.0014 0.0026 0.0059 0.0037 0.9024 0.0037 0.0045 0.0042 0.0030 0.0039 0.0061 0.0014 0.0112 0.0128 0.0137 0.0145 
        TC34  1 0.0016 0.0019 0.0016 0.0018 0.0012 0.0016 0.0075 0.8105 0.0041 0.0032 0.0055 0.0022 0.0035 0.0092 0.0021 0.0116 0.0118 0.0210 0.0981 
        TC35  1 0.0024 0.0033 0.0056 0.0027 0.0017 0.0096 0.0064 0.8484 0.0147 0.0016 0.0052 0.0016 0.0027 0.0031 0.0023 0.0174 0.0067 0.0368 0.0276 
        TC36  1 0.0016 0.0038 0.0016 0.0058 0.0011 0.0017 0.0049 0.8822 0.0049 0.0054 0.0036 0.0027 0.0067 0.0029 0.0010 0.0252 0.0057 0.0200 0.0191 
        TC37  1 0.0009 0.0022 0.0019 0.0016 0.0011 0.0019 0.0024 0.9163 0.0123 0.0026 0.0043 0.0026 0.0029 0.0036 0.0012 0.0134 0.0100 0.0110 0.0078 
        TC38  1 0.0237 0.0024 0.0187 0.0026 0.0018 0.0037 0.0216 0.7877 0.0029 0.0084 0.0022 0.0022 0.0052 0.0021 0.0021 0.0236 0.0059 0.0078 0.0754 
        TC39  1 0.0014 0.0016 0.0026 0.0023 0.0010 0.0017 0.0662 0.7358 0.0051 0.0017 0.0026 0.0039 0.0044 0.0046 0.0015 0.0136 0.0061 0.0084 0.1354 
        TC40  1 0.0014 0.0014 0.0016 0.0019 0.0019 0.0017 0.0135 0.7978 0.0065 0.0032 0.0037 0.0027 0.0088 0.0048 0.0019 0.0134 0.0282 0.0136 0.0921 
        TC41  1 0.0009 0.0015 0.0014 0.0018 0.0042 0.0015 0.0034 0.8838 0.0439 0.0025 0.0027 0.0019 0.0026 0.0042 0.0087 0.0084 0.0068 0.0091 0.0107 
        TC42  1 0.0012 0.0014 0.0010 0.0013 0.0024 0.0010 0.0037 0.8888 0.0024 0.0019 0.0054 0.0035 0.0043 0.0023 0.0009 0.0111 0.0045 0.0163 0.0467 
        TC43  1 0.0010 0.0015 0.0022 0.0011 0.0013 0.0013 0.0023 0.8842 0.0052 0.0036 0.0023 0.0031 0.0032 0.0032 0.0009 0.0110 0.0057 0.0215 0.0454 
        TC44  1 0.0083 0.0016 0.0017 0.0018 0.0010 0.0030 0.0155 0.8216 0.0042 0.0025 0.0050 0.0025 0.0068 0.0055 0.0014 0.0151 0.0050 0.0410 0.0565 
        TC45  1 0.0007 0.0021 0.0073 0.0015 0.0007 0.0016 0.0151 0.9127 0.0069 0.0017 0.0038 0.0074 0.0030 0.0021 0.0011 0.0149 0.0034 0.0062 0.0077 
        TC46  1 0.0009 0.0031 0.0035 0.0023 0.0016 0.0014 0.0105 0.8811 0.0087 0.0105 0.0030 0.0024 0.0046 0.0024 0.0035 0.0158 0.0066 0.0249 0.0129 
        TC47  1 0.0074 0.0013 0.0015 0.0019 0.0010 0.0018 0.0172 0.8673 0.0045 0.0052 0.0047 0.0017 0.0025 0.0027 0.0010 0.0083 0.0051 0.0431 0.0219 
        TC48  1 0.0009 0.0023 0.0054 0.0037 0.0031 0.0015 0.0094 0.7926 0.0078 0.0039 0.0274 0.0076 0.0031 0.0046 0.0013 0.0301 0.0466 0.0161 0.0325 
        TC49  1 0.0007 0.0031 0.0021 0.0016 0.0017 0.0024 0.0045 0.8840 0.0082 0.0040 0.0117 0.0031 0.0018 0.0039 0.0009 0.0365 0.0076 0.0104 0.0118 
        TC50  1 0.0022 0.0015 0.0025 0.0026 0.0018 0.0019 0.0031 0.8612 0.0084 0.0018 0.0040 0.0191 0.0050 0.0053 0.0024 0.0106 0.0095 0.0461 0.0110 
        TC51  1 0.0061 0.0019 0.0023 0.0016 0.0012 0.0050 0.0034 0.8291 0.0056 0.0024 0.0045 0.0030 0.0041 0.0039 0.0016 0.0410 0.0054 0.0154 0.0622 
        TC52  1 0.0015 0.0010 0.0043 0.0014 0.0016 0.0010 0.0064 0.8529 0.0027 0.0562 0.0030 0.0040 0.0150 0.0022 0.0011 0.0136 0.0070 0.0072 0.0178 
        TC53  1 0.0015 0.0012 0.0010 0.0021 0.0009 0.0009 0.0043 0.8174 0.0034 0.0019 0.0043 0.0027 0.0028 0.0042 0.0062 0.0501 0.0048 0.0412 0.0491 
        TC54  1 0.0015 0.0027 0.0024 0.0097 0.0026 0.0020 0.0080 0.7917 0.0097 0.0019 0.0045 0.0110 0.0045 0.0043 0.0013 0.0131 0.0495 0.0223 0.0575 
        TC55  1 0.0008 0.0013 0.0021 0.0072 0.0022 0.0017 0.0380 0.8148 0.0134 0.0035 0.0032 0.0182 0.0095 0.0031 0.0008 0.0167 0.0082 0.0134 0.0421 
        TC56  1 0.0008 0.0037 0.0089 0.0016 0.0020 0.0035 0.0023 0.8025 0.0059 0.0026 0.0051 0.0097 0.0041 0.0036 0.0023 0.0183 0.0277 0.0235 0.0718 
        TC57  1 0.0014 0.0035 0.0013 0.0054 0.0014 0.0019 0.0136 0.8599 0.0063 0.0022 0.0055 0.0038 0.0030 0.0040 0.0018 0.0147 0.0085 0.0490 0.0128 
        TC58  1 0.0015 0.0016 0.0017 0.0034 0.0016 0.0130 0.0142 0.8893 0.0047 0.0044 0.0053 0.0058 0.0028 0.0059 0.0015 0.0104 0.0047 0.0155 0.0126 
        TC59  1 0.0009 0.0012 0.0010 0.0039 0.0010 0.0017 0.0031 0.9150 0.0028 0.0036 0.0038 0.0015 0.0023 0.0044 0.0010 0.0096 0.0062 0.0155 0.0214 
        TA01  2 0.0055 0.0015 0.0012 0.0054 0.0011 0.0019 0.0162 0.8667 0.0031 0.0015 0.0039 0.0061 0.0022 0.0217 0.0011 0.0099 0.0055 0.0164 0.0293 
        TA02  2 0.0012 0.0073 0.0015 0.0022 0.0037 0.0011 0.0031 0.9017 0.0044 0.0046 0.0025 0.0016 0.0067 0.0047 0.0009 0.0101 0.0180 0.0091 0.0157 
        TA03  2 0.0045 0.0022 0.0015 0.0017 0.0021 0.0018 0.0073 0.8257 0.0063 0.0020 0.0037 0.0033 0.0038 0.0064 0.0016 0.0114 0.0095 0.0760 0.0293 
        TA04  2 0.0491 0.0017 0.0012 0.0013 0.0012 0.0013 0.0039 0.4616 0.0098 0.0031 0.0030 0.0031 0.0039 0.0040 0.0013 0.0097 0.0051 0.0244 0.4112 
        TA05  2 0.0025 0.0017 0.0023 0.0017 0.0024 0.0020 0.0029 0.9105 0.0042 0.0041 0.0037 0.0033 0.0024 0.0029 0.0010 0.0170 0.0083 0.0165 0.0106 
        TA06  2 0.0028 0.0007 0.0011 0.0015 0.0009 0.0022 0.0121 0.8998 0.0048 0.0021 0.0060 0.0041 0.0035 0.0040 0.0009 0.0065 0.0043 0.0088 0.0339 
        TA07  2 0.0046 0.0023 0.0016 0.0144 0.0015 0.0035 0.0090 0.7840 0.0035 0.0031 0.0045 0.0026 0.0065 0.0028 0.0018 0.0510 0.0121 0.0123 0.0789 
        TA08  2 0.0030 0.0012 0.0023 0.0009 0.0010 0.0013 0.0070 0.7283 0.0027 0.0015 0.0020 0.0040 0.0026 0.0026 0.0010 0.0077 0.0054 0.1126 0.1129 
        TA09  2 0.0023 0.0012 0.0010 0.0010 0.0012 0.0012 0.0057 0.9029 0.0026 0.0082 0.0031 0.0016 0.0046 0.0033 0.0010 0.0113 0.0052 0.0124 0.0302 
        TA10  2 0.0016 0.0083 0.0015 0.0038 0.0015 0.0433 0.0086 0.8249 0.0040 0.0034 0.0192 0.0039 0.0024 0.0088 0.0019 0.0198 0.0060 0.0106 0.0265 
        TA11  2 0.0046 0.0015 0.0028 0.0013 0.0183 0.0314 0.1124 0.6988 0.0180 0.0019 0.0110 0.0035 0.0027 0.0027 0.0174 0.0146 0.0068 0.0319 0.0185 
        TA12  2 0.0014 0.0041 0.0012 0.0016 0.0380 0.0021 0.0053 0.8103 0.0046 0.0024 0.0776 0.0059 0.0019 0.0028 0.0013 0.0098 0.0070 0.0086 0.0140 
        TA13  2 0.0196 0.0240 0.0017 0.0017 0.0020 0.0059 0.0024 0.6699 0.0049 0.0034 0.0145 0.0273 0.0058 0.0040 0.0033 0.0878 0.0121 0.0114 0.0983 
        TA14  2 0.0015 0.0016 0.0009 0.0009 0.0009 0.0009 0.0070 0.8762 0.0036 0.0019 0.0022 0.0055 0.0083 0.0029 0.0007 0.0088 0.0083 0.0085 0.0594 
        TA15  2 0.0010 0.0023 0.0009 0.0011 0.0010 0.0016 0.0024 0.8786 0.0042 0.0017 0.0031 0.0097 0.0029 0.0039 0.0010 0.0130 0.0058 0.0085 0.0572 
        TA16  2 0.0085 0.0192 0.0012 0.0054 0.0032 0.0223 0.0096 0.7634 0.0031 0.0042 0.0063 0.0040 0.0036 0.0045 0.0007 0.0127 0.0049 0.0136 0.1095 
        TA17  2 0.0010 0.0040 0.0012 0.0018 0.0037 0.0014 0.0033 0.8498 0.0050 0.0043 0.0146 0.0039 0.0028 0.0209 0.0012 0.0119 0.0102 0.0331 0.0260 
        TA18  2 0.0020 0.0019 0.0011 0.0014 0.0011 0.0081 0.0019 0.8167 0.0208 0.0095 0.0057 0.0017 0.0020 0.0824 0.0023 0.0102 0.0055 0.0134 0.0125 
        TA19  2 0.0193 0.0019 0.0013 0.0017 0.0013 0.0039 0.0041 0.7905 0.0181 0.0057 0.0057 0.0020 0.0029 0.0036 0.0016 0.0107 0.0067 0.0896 0.0295 
        TA20  2 0.0008 0.0603 0.0017 0.0030 0.0070 0.0014 0.0141 0.8084 0.0038 0.0016 0.0040 0.0019 0.0027 0.0037 0.0024 0.0107 0.0429 0.0125 0.0172 
        TA21  2 0.0017 0.0046 0.0018 0.0017 0.0036 0.0021 0.0507 0.8241 0.0040 0.0043 0.0037 0.0061 0.0033 0.0068 0.0011 0.0188 0.0132 0.0154 0.0329 
        TA22  2 0.0008 0.0017 0.0013 0.0023 0.0009 0.0011 0.0026 0.8382 0.0055 0.0025 0.0022 0.0139 0.0022 0.0040 0.0027 0.0061 0.0173 0.0086 0.0861 
        TA23  2 0.0013 0.0016 0.0011 0.0011 0.0015 0.0014 0.0037 0.8478 0.0036 0.0026 0.0029 0.0036 0.0022 0.0042 0.0008 0.0070 0.0061 0.0110 0.0966 
        TA24  2 0.0020 0.0016 0.0013 0.0403 0.0016 0.0014 0.0024 0.8328 0.0053 0.0018 0.0027 0.0024 0.0057 0.0048 0.0021 0.0126 0.0053 0.0585 0.0157 
        TA25  2 0.0017 0.0077 0.0012 0.0027 0.0019 0.1158 0.0035 0.7308 0.0046 0.0022 0.0564 0.0037 0.0024 0.0097 0.0017 0.0193 0.0037 0.0090 0.0220 
        TA26  2 0.0077 0.0023 0.0035 0.0012 0.0024 0.0036 0.0477 0.7714 0.0037 0.0017 0.0079 0.0204 0.0023 0.0028 0.0015 0.0125 0.0085 0.0210 0.0778 
        TA27  2 0.0019 0.0049 0.0010 0.0017 0.0071 0.0016 0.0035 0.8863 0.0039 0.0020 0.0096 0.0037 0.0046 0.0123 0.0018 0.0136 0.0075 0.0175 0.0154 
        TA28  2 0.0027 0.0042 0.0038 0.0027 0.0047 0.0013 0.0082 0.8700 0.0096 0.0059 0.0029 0.0015 0.0091 0.0060 0.0015 0.0151 0.0196 0.0117 0.0194 
        TA29  2 0.0012 0.0024 0.0013 0.0017 0.0015 0.0018 0.0035 0.8133 0.0046 0.0036 0.0087 0.0074 0.0025 0.0038 0.0015 0.0102 0.0052 0.0439 0.0820 
        TA30  2 0.0733 0.0021 0.0018 0.0012 0.0013 0.0016 0.1564 0.6042 0.0051 0.0029 0.0038 0.0079 0.0028 0.0026 0.0013 0.0182 0.0124 0.0493 0.0516 
      BERM01  3 0.0775 0.0012 0.0010 0.0009 0.0015 0.0013 0.0039 0.0037 0.0031 0.0018 0.0026 0.0027 0.0018 0.0033 0.0008 0.0079 0.0052 0.0082 0.8716 
      BERM02  3 0.0037 0.0012 0.0011 0.0011 0.0011 0.0011 0.0048 0.0057 0.0054 0.0019 0.0018 0.0022 0.0019 0.0021 0.0008 0.0085 0.0053 0.0064 0.9438 
      BERM03  3 0.0010 0.0010 0.0011 0.0014 0.0014 0.0015 0.0062 0.0033 0.0030 0.0027 0.0029 0.0027 0.0021 0.0023 0.0013 0.0114 0.0048 0.0103 0.9395 
      BERM04  3 0.0033 0.0008 0.0013 0.0011 0.0008 0.0018 0.0112 0.0027 0.0024 0.0023 0.0025 0.0027 0.0020 0.0028 0.0008 0.0079 0.0040 0.0156 0.9340 
      BERM05  3 0.0021 0.0011 0.0017 0.0018 0.0014 0.0019 0.0038 0.0025 0.0028 0.0035 0.0040 0.0054 0.0036 0.0049 0.0023 0.0071 0.0058 0.0121 0.9324 
      BERM06  3 0.0038 0.0010 0.0014 0.0020 0.0012 0.0010 0.0386 0.0037 0.0040 0.0038 0.0026 0.0021 0.0021 0.0041 0.0007 0.0074 0.0037 0.0110 0.9058 
      BERM07  3 0.0081 0.0009 0.0012 0.0010 0.0012 0.0023 0.0056 0.0049 0.0038 0.0025 0.0063 0.0026 0.0021 0.0023 0.0011 0.0101 0.0051 0.0214 0.9174 
      BERM08  3 0.0042 0.0010 0.0014 0.0008 0.0008 0.0011 0.0022 0.0041 0.0022 0.0016 0.0022 0.0030 0.0019 0.0019 0.0006 0.0058 0.0032 0.0079 0.9543 
      BERM09  3 0.0605 0.0010 0.0008 0.0014 0.0009 0.0013 0.0037 0.0088 0.0048 0.0024 0.0031 0.0014 0.0017 0.0027 0.0013 0.0086 0.0046 0.0082 0.8827 
      BERM10  3 0.0092 0.0010 0.0020 0.0027 0.0070 0.0013 0.0292 0.0080 0.0039 0.0029 0.0053 0.0026 0.0024 0.0028 0.0015 0.0289 0.0044 0.0363 0.8486 
      BERM11  3 0.0017 0.0011 0.0015 0.0009 0.0007 0.0015 0.0046 0.0039 0.0032 0.0015 0.0019 0.0024 0.0020 0.0021 0.0007 0.0076 0.0046 0.0076 0.9507 
      BERM12  3 0.0010 0.0009 0.0054 0.0009 0.0016 0.0019 0.0046 0.0042 0.0029 0.0067 0.0384 0.0014 0.0113 0.0052 0.0008 0.0069 0.0042 0.0083 0.8934 
      BERM13  3 0.0050 0.0013 0.0010 0.0013 0.0017 0.0019 0.0018 0.0038 0.0055 0.0485 0.0041 0.0021 0.0017 0.0030 0.0011 0.0088 0.0043 0.0146 0.8884 
      BERM14  3 0.0028 0.0012 0.0010 0.0009 0.0008 0.0016 0.0388 0.0063 0.0027 0.0017 0.0035 0.0018 0.0054 0.0029 0.0018 0.0080 0.0038 0.0098 0.9051 
      CROC01  3 0.0040 0.0030 0.0016 0.0024 0.0022 0.0024 0.0028 0.0044 0.0144 0.0020 0.0071 0.0039 0.0125 0.0052 0.0092 0.0212 0.0327 0.0358 0.8331 
      CROC02  3 0.0012 0.0019 0.0022 0.0043 0.0018 0.0022 0.0109 0.0042 0.0050 0.0573 0.0032 0.0049 0.0026 0.0059 0.0013 0.0087 0.0059 0.0085 0.8681 
      CROC03  3 0.0017 0.0013 0.0029 0.0012 0.0019 0.0017 0.0083 0.0043 0.0048 0.0031 0.0049 0.0029 0.0043 0.0021 0.0010 0.0079 0.0061 0.0173 0.9223 
      CROC04  3 0.0023 0.0010 0.0010 0.0586 0.0026 0.0014 0.0023 0.0618 0.0046 0.0015 0.0040 0.0021 0.0053 0.0037 0.0017 0.0100 0.0045 0.0105 0.8212 
      CROC05  3 0.0021 0.0014 0.0012 0.0048 0.0009 0.0019 0.0138 0.0029 0.0028 0.0026 0.0024 0.0025 0.0021 0.0025 0.0009 0.0094 0.0045 0.0074 0.9340 
      CROC06  3 0.0047 0.0011 0.0021 0.0280 0.0027 0.0135 0.0089 0.0106 0.0085 0.0031 0.0040 0.0071 0.0053 0.0051 0.0017 0.0139 0.0149 0.0124 0.8524 
      CROC07  3 0.0016 0.0010 0.0012 0.0016 0.0012 0.0012 0.0048 0.0061 0.0042 0.0022 0.0027 0.0024 0.0023 0.0095 0.0020 0.0099 0.0048 0.0110 0.9305 
      CROC08  3 0.0020 0.0041 0.0034 0.0011 0.0009 0.0025 0.0042 0.0045 0.0034 0.0017 0.0046 0.0052 0.0042 0.0027 0.0062 0.0154 0.0297 0.0151 0.8890 
      CROC09  3 0.0812 0.0011 0.0016 0.0013 0.0010 0.0011 0.0114 0.0029 0.0039 0.0018 0.0021 0.0029 0.0058 0.0020 0.0010 0.0263 0.0198 0.0072 0.8255 
      CROC10  3 0.0702 0.0009 0.0013 0.0010 0.0008 0.0018 0.0036 0.0033 0.0041 0.0018 0.0023 0.0042 0.0024 0.0029 0.0010 0.0091 0.0035 0.0092 0.8765 
      CROC11  3 0.0810 0.0011 0.0015 0.0013 0.0010 0.0012 0.0116 0.0029 0.0038 0.0019 0.0021 0.0029 0.0058 0.0020 0.0010 0.0260 0.0200 0.0072 0.8259 
     CROC110  3 0.0049 0.0014 0.0010 0.0021 0.0010 0.0012 0.0117 0.0046 0.0037 0.0041 0.0045 0.0017 0.0056 0.0031 0.0009 0.0611 0.0090 0.0129 0.8655 
     CROC116  3 0.0016 0.0021 0.0031 0.0021 0.0054 0.0015 0.0242 0.0092 0.0047 0.0025 0.0045 0.0111 0.0186 0.0176 0.0026 0.0123 0.0080 0.0139 0.8550 
      CROC12  3 0.0045 0.0012 0.0012 0.0021 0.0030 0.0011 0.0052 0.0050 0.0041 0.0035 0.0024 0.0020 0.0018 0.0028 0.0008 0.0134 0.0048 0.0077 0.9336 
     CROC123  3 0.0031 0.0012 0.0012 0.0009 0.0006 0.0009 0.0122 0.0044 0.0030 0.0016 0.0019 0.0022 0.0032 0.0017 0.0006 0.0081 0.0034 0.0064 0.9437 
      CROC13  3 0.0014 0.0009 0.0032 0.0013 0.0012 0.0025 0.0152 0.0034 0.0023 0.0020 0.0042 0.0120 0.0021 0.0023 0.0017 0.0084 0.0044 0.0146 0.9170 
      CROC14  3 0.0022 0.0028 0.0018 0.0084 0.0008 0.0556 0.0177 0.0050 0.0027 0.0016 0.0017 0.0023 0.0021 0.0028 0.0006 0.0337 0.0083 0.0058 0.8440 
      CROC15  3 0.0016 0.0057 0.0030 0.0016 0.0010 0.0045 0.0042 0.0046 0.0032 0.0218 0.0034 0.0025 0.0761 0.0021 0.0009 0.0237 0.0198 0.0123 0.8080 
      CROC16  3 0.0498 0.0015 0.0072 0.0020 0.0023 0.0021 0.0183 0.0026 0.0032 0.0023 0.0038 0.0134 0.0059 0.0106 0.0018 0.0132 0.0088 0.0131 0.8382 
      CROC17  3 0.0014 0.0103 0.0012 0.0012 0.0034 0.0010 0.0035 0.0780 0.0033 0.0015 0.0019 0.0016 0.0018 0.0017 0.0007 0.0061 0.0035 0.0075 0.8703 
      CROC18  3 0.0014 0.0013 0.0057 0.0011 0.0023 0.0012 0.0052 0.0060 0.0252 0.0105 0.0029 0.0027 0.0023 0.0041 0.0062 0.0112 0.0048 0.0114 0.8945 
      CROC19  3 0.0022 0.0014 0.0014 0.0111 0.0046 0.0018 0.0021 0.0090 0.0059 0.0028 0.0034 0.0020 0.0031 0.0030 0.0023 0.0256 0.0057 0.0288 0.8838 
     CROC198  3 0.0120 0.0010 0.0012 0.0012 0.0019 0.0021 0.0162 0.0036 0.0033 0.0014 0.0079 0.0030 0.0019 0.0026 0.0015 0.0099 0.0057 0.0242 0.8992 
      CROC20  3 0.0026 0.0024 0.0021 0.0016 0.0013 0.0016 0.0056 0.0032 0.0094 0.0033 0.0037 0.0031 0.0032 0.0055 0.0012 0.0116 0.0088 0.0151 0.9147 
     CROC202  3 0.0021 0.0010 0.0067 0.0012 0.0015 0.0026 0.0188 0.0043 0.0036 0.0024 0.0062 0.0055 0.0034 0.0030 0.0047 0.0090 0.0046 0.0198 0.8997 
      CROC21  3 0.0066 0.0012 0.0014 0.0010 0.0014 0.0018 0.0029 0.0047 0.0037 0.0040 0.0034 0.0036 0.0020 0.0020 0.0010 0.0291 0.0064 0.0107 0.9133 
     CROC216  3 0.0022 0.0013 0.0023 0.0016 0.0015 0.0014 0.0029 0.0070 0.0036 0.0037 0.0029 0.0021 0.0120 0.0082 0.0014 0.0134 0.0095 0.0104 0.9128 
      CROC22  3 0.0024 0.0047 0.0016 0.0011 0.0011 0.0016 0.0373 0.0044 0.0041 0.0026 0.0539 0.0024 0.0024 0.0018 0.0015 0.0207 0.0039 0.0077 0.8446 
      CROC23  3 0.0661 0.0015 0.0015 0.0012 0.0010 0.0013 0.0022 0.0149 0.0040 0.0022 0.0032 0.0132 0.0022 0.0023 0.0009 0.0105 0.0056 0.0094 0.8568 
      CROC24  3 0.0100 0.0014 0.0031 0.0017 0.0014 0.0013 0.0212 0.0048 0.0027 0.0020 0.0027 0.0025 0.0030 0.0027 0.0016 0.0099 0.0070 0.0080 0.9128 
      CROC25  3 0.0017 0.0009 0.0010 0.0011 0.0009 0.0015 0.0084 0.0035 0.0037 0.0021 0.0024 0.0015 0.0029 0.0021 0.0009 0.0070 0.0045 0.0084 0.9453 
     CROC259  3 0.0023 0.0019 0.0019 0.0039 0.0016 0.0124 0.0037 0.0409 0.0026 0.0017 0.0029 0.0041 0.0023 0.0034 0.0010 0.0069 0.0050 0.0121 0.8894 
      CROC26  3 0.0038 0.0012 0.0015 0.0010 0.0016 0.0021 0.0051 0.0875 0.0028 0.0023 0.0066 0.0028 0.0036 0.0028 0.0013 0.0064 0.0065 0.0183 0.8428 
      CROC27  3 0.0065 0.0029 0.0015 0.0015 0.0023 0.0015 0.0090 0.0115 0.0042 0.0020 0.0068 0.0023 0.0062 0.0041 0.0010 0.0102 0.0162 0.0134 0.8970 
      CROC28  3 0.0159 0.0012 0.0011 0.0013 0.0016 0.0014 0.1183 0.0159 0.0022 0.0015 0.0023 0.0017 0.0031 0.0027 0.0008 0.0078 0.0051 0.0078 0.8082 
      CROC29  3 0.0010 0.0015 0.0015 0.0014 0.0010 0.0011 0.0044 0.0039 0.0034 0.0017 0.0028 0.0038 0.0086 0.0020 0.0010 0.0129 0.0121 0.0089 0.9269 
      CROC30  3 0.0051 0.0020 0.0018 0.0152 0.0046 0.0016 0.0059 0.0066 0.0071 0.0169 0.0028 0.0019 0.0038 0.0152 0.0011 0.0162 0.0100 0.0098 0.8723 
      CROC31  3 0.0157 0.0021 0.0013 0.0014 0.0040 0.0021 0.0087 0.0110 0.0040 0.0017 0.0033 0.0132 0.0034 0.0146 0.0017 0.0216 0.0084 0.0107 0.8713 
      CROC32  3 0.0021 0.0010 0.0011 0.0021 0.0012 0.0018 0.0290 0.0035 0.0027 0.0027 0.0032 0.0022 0.0018 0.0030 0.0012 0.0115 0.0037 0.0095 0.9168 
      CROC33  3 0.0010 0.0015 0.0014 0.0044 0.0009 0.0009 0.0022 0.0053 0.0035 0.0016 0.0024 0.0016 0.0030 0.0029 0.0012 0.0104 0.0497 0.0121 0.8941 
      CROC34  3 0.0012 0.0012 0.0013 0.0016 0.0016 0.0019 0.0023 0.0045 0.0036 0.0044 0.0039 0.0020 0.0023 0.0057 0.0008 0.0067 0.0067 0.0145 0.9338 
      CROC35  3 0.0021 0.0010 0.0011 0.0056 0.0011 0.0010 0.0031 0.0070 0.0024 0.0014 0.0017 0.0013 0.0015 0.0022 0.0006 0.0355 0.0035 0.0055 0.9223 
      CROC36  3 0.0328 0.0010 0.0013 0.0012 0.0007 0.0016 0.0088 0.0029 0.0032 0.0018 0.0018 0.0043 0.0029 0.0019 0.0011 0.0075 0.0038 0.0071 0.9141 
      CROC57  3 0.0016 0.0011 0.0013 0.0012 0.0011 0.0027 0.0030 0.0026 0.0028 0.0024 0.0026 0.0023 0.0029 0.0024 0.0017 0.0084 0.0065 0.0094 0.9438 
      CROC81  3 0.0021 0.0011 0.0069 0.0020 0.0013 0.0016 0.0093 0.0039 0.0082 0.0075 0.0025 0.0033 0.0035 0.0035 0.0037 0.0119 0.0193 0.0090 0.8995 
      CROC84  3 0.0047 0.0007 0.0030 0.0007 0.0010 0.0011 0.0057 0.0043 0.0019 0.0013 0.0113 0.0017 0.0042 0.0038 0.0008 0.0062 0.0032 0.0057 0.9386 
        FW01  3 0.0007 0.0008 0.0012 0.0007 0.0008 0.0011 0.9549 0.0022 0.0024 0.0018 0.0025 0.0015 0.0017 0.0018 0.0008 0.0072 0.0040 0.0078 0.0061 
        FW02  3 0.9640 0.0006 0.0008 0.0007 0.0006 0.0009 0.0017 0.0018 0.0020 0.0013 0.0017 0.0013 0.0015 0.0015 0.0006 0.0053 0.0029 0.0058 0.0051 
        FW03  3 0.0008 0.0007 0.0009 0.0007 0.0006 0.0009 0.9625 0.0021 0.0021 0.0014 0.0020 0.0014 0.0017 0.0015 0.0006 0.0055 0.0032 0.0063 0.0051 
        FW04  3 0.9641 0.0006 0.0008 0.0006 0.0006 0.0009 0.0017 0.0018 0.0020 0.0013 0.0017 0.0012 0.0015 0.0014 0.0006 0.0053 0.0029 0.0058 0.0051 
        FW05  3 0.9642 0.0006 0.0008 0.0006 0.0006 0.0009 0.0016 0.0018 0.0020 0.0013 0.0017 0.0013 0.0015 0.0014 0.0006 0.0053 0.0029 0.0058 0.0051 
        FW06  3 0.9640 0.0006 0.0008 0.0006 0.0006 0.0009 0.0016 0.0019 0.0020 0.0013 0.0017 0.0013 0.0015 0.0015 0.0006 0.0052 0.0029 0.0058 0.0052 
        FW07  3 0.0008 0.0007 0.0009 0.0007 0.0007 0.0009 0.9627 0.0021 0.0020 0.0014 0.0020 0.0013 0.0017 0.0015 0.0006 0.0055 0.0032 0.0063 0.0051 
        FW08  3 0.9642 0.0006 0.0008 0.0006 0.0006 0.0009 0.0017 0.0019 0.0020 0.0013 0.0017 0.0013 0.0014 0.0014 0.0006 0.0052 0.0029 0.0058 0.0051 
        FW09  3 0.9641 0.0006 0.0008 0.0006 0.0006 0.0009 0.0017 0.0019 0.0020 0.0013 0.0017 0.0013 0.0014 0.0015 0.0006 0.0052 0.0029 0.0058 0.0051 
        FW10  3 0.0007 0.0007 0.0009 0.0007 0.0006 0.0009 0.9626 0.0020 0.0020 0.0014 0.0020 0.0014 0.0018 0.0015 0.0006 0.0055 0.0032 0.0063 0.0050 
       FW100  3 0.0010 0.0007 0.0009 0.0007 0.0007 0.0009 0.9623 0.0021 0.0021 0.0014 0.0019 0.0014 0.0017 0.0016 0.0006 0.0056 0.0032 0.0062 0.0052 
       FW101  3 0.0008 0.0006 0.0009 0.0007 0.0007 0.0009 0.9625 0.0020 0.0021 0.0014 0.0019 0.0014 0.0018 0.0015 0.0006 0.0056 0.0033 0.0063 0.0050 
       FW102  3 0.9641 0.0006 0.0008 0.0006 0.0006 0.0009 0.0017 0.0018 0.0020 0.0013 0.0017 0.0013 0.0014 0.0014 0.0006 0.0052 0.0029 0.0058 0.0051 
       FW103  3 0.9641 0.0006 0.0008 0.0006 0.0006 0.0009 0.0017 0.0018 0.0020 0.0013 0.0017 0.0013 0.0015 0.0014 0.0006 0.0052 0.0029 0.0058 0.0051 
       FW104  3 0.0007 0.0008 0.0012 0.0008 0.0008 0.0011 0.9548 0.0022 0.0024 0.0017 0.0025 0.0015 0.0017 0.0018 0.0008 0.0072 0.0040 0.0079 0.0060 
       FW105  3 0.0007 0.0007 0.0009 0.0007 0.0006 0.0009 0.9625 0.0021 0.0020 0.0014 0.0020 0.0014 0.0018 0.0015 0.0006 0.0056 0.0033 0.0063 0.0051 
       FW106  3 0.0114 0.0049 0.0024 0.0013 0.0020 0.0014 0.0073 0.0060 0.0633 0.0034 0.0048 0.0032 0.0108 0.0038 0.0009 0.0119 0.0104 0.0170 0.8339 
       FW107  3 0.0007 0.0008 0.0011 0.0008 0.0008 0.0011 0.9548 0.0022 0.0024 0.0018 0.0025 0.0016 0.0017 0.0018 0.0008 0.0073 0.0040 0.0078 0.0061 
       FW108  3 0.9640 0.0006 0.0008 0.0006 0.0006 0.0009 0.0016 0.0019 0.0020 0.0013 0.0017 0.0013 0.0015 0.0015 0.0006 0.0053 0.0029 0.0058 0.0052 
       FW109  3 0.0008 0.0007 0.0009 0.0007 0.0007 0.0009 0.9626 0.0021 0.0020 0.0014 0.0020 0.0014 0.0017 0.0015 0.0006 0.0056 0.0033 0.0063 0.0050 
        FW11  3 0.0010 0.0006 0.0009 0.0007 0.0006 0.0009 0.9622 0.0021 0.0021 0.0014 0.0020 0.0014 0.0017 0.0015 0.0006 0.0055 0.0033 0.0063 0.0052 
       FW110  3 0.0008 0.0006 0.0009 0.0007 0.0006 0.0009 0.9628 0.0020 0.0021 0.0014 0.0020 0.0014 0.0017 0.0015 0.0006 0.0055 0.0031 0.0063 0.0050 
       FW111  3 0.9641 0.0006 0.0008 0.0006 0.0006 0.0009 0.0017 0.0018 0.0020 0.0013 0.0017 0.0012 0.0014 0.0014 0.0006 0.0053 0.0029 0.0058 0.0051 
       FW112  3 0.0010 0.0007 0.0009 0.0007 0.0007 0.0009 0.9622 0.0021 0.0020 0.0014 0.0020 0.0014 0.0017 0.0015 0.0006 0.0055 0.0032 0.0063 0.0052 
       FW113  3 0.9643 0.0006 0.0008 0.0006 0.0006 0.0009 0.0017 0.0018 0.0020 0.0013 0.0017 0.0012 0.0014 0.0015 0.0006 0.0053 0.0029 0.0058 0.0050 
       FW114  3 0.0008 0.0011 0.0010 0.0012 0.0010 0.0009 0.9546 0.0042 0.0023 0.0015 0.0020 0.0017 0.0019 0.0022 0.0007 0.0070 0.0035 0.0063 0.0060 
       FW115  3 0.0008 0.0007 0.0009 0.0007 0.0007 0.0009 0.9625 0.0020 0.0020 0.0014 0.0019 0.0014 0.0017 0.0015 0.0006 0.0055 0.0032 0.0063 0.0051 
       FW116  3 0.9641 0.0006 0.0008 0.0006 0.0006 0.0009 0.0016 0.0018 0.0020 0.0013 0.0017 0.0013 0.0015 0.0015 0.0006 0.0053 0.0029 0.0058 0.0051 
        FW12  3 0.9641 0.0006 0.0008 0.0006 0.0006 0.0009 0.0017 0.0018 0.0020 0.0013 0.0017 0.0012 0.0015 0.0014 0.0006 0.0052 0.0029 0.0058 0.0052 
        FW13  3 0.9641 0.0006 0.0008 0.0006 0.0006 0.0009 0.0016 0.0019 0.0020 0.0013 0.0017 0.0012 0.0015 0.0015 0.0006 0.0053 0.0029 0.0058 0.0051 
        FW14  3 0.0007 0.0008 0.0011 0.0007 0.0008 0.0011 0.9547 0.0022 0.0024 0.0018 0.0025 0.0015 0.0017 0.0019 0.0008 0.0073 0.0040 0.0078 0.0061 
        FW15  3 0.0007 0.0008 0.0012 0.0008 0.0008 0.0011 0.9549 0.0022 0.0024 0.0018 0.0025 0.0015 0.0017 0.0019 0.0008 0.0072 0.0040 0.0078 0.0061 
        FW16  3 0.0007 0.0006 0.0010 0.0007 0.0007 0.0009 0.9624 0.0021 0.0020 0.0014 0.0020 0.0014 0.0017 0.0015 0.0006 0.0056 0.0033 0.0063 0.0051 
        FW17  3 0.0008 0.0006 0.0009 0.0007 0.0007 0.0009 0.9625 0.0021 0.0021 0.0014 0.0020 0.0014 0.0018 0.0015 0.0006 0.0056 0.0033 0.0063 0.0050 
        FW18  3 0.0010 0.0007 0.0009 0.0007 0.0006 0.0009 0.9623 0.0021 0.0020 0.0014 0.0019 0.0014 0.0017 0.0015 0.0006 0.0056 0.0032 0.0063 0.0052 
        FW19  3 0.9640 0.0007 0.0008 0.0006 0.0006 0.0009 0.0017 0.0019 0.0020 0.0013 0.0017 0.0013 0.0014 0.0014 0.0006 0.0053 0.0029 0.0058 0.0051 
        FW20  3 0.9641 0.0007 0.0008 0.0006 0.0006 0.0009 0.0017 0.0019 0.0020 0.0013 0.0017 0.0013 0.0015 0.0014 0.0006 0.0052 0.0029 0.0059 0.0051 
        FW21  3 0.9643 0.0006 0.0008 0.0006 0.0006 0.0009 0.0016 0.0018 0.0020 0.0013 0.0018 0.0013 0.0014 0.0014 0.0006 0.0052 0.0029 0.0058 0.0050 
        FW22  3 0.0010 0.0007 0.0009 0.0007 0.0007 0.0009 0.9621 0.0021 0.0021 0.0014 0.0020 0.0014 0.0017 0.0015 0.0006 0.0056 0.0033 0.0063 0.0052 
        FW23  3 0.9643 0.0006 0.0008 0.0006 0.0006 0.0009 0.0016 0.0018 0.0020 0.0013 0.0017 0.0012 0.0014 0.0015 0.0006 0.0052 0.0029 0.0058 0.0050 
        FW24  3 0.9641 0.0006 0.0008 0.0006 0.0006 0.0009 0.0017 0.0018 0.0020 0.0013 0.0017 0.0012 0.0014 0.0015 0.0006 0.0052 0.0029 0.0058 0.0051 
        FW25  3 0.9641 0.0007 0.0008 0.0006 0.0006 0.0009 0.0017 0.0019 0.0020 0.0013 0.0017 0.0012 0.0015 0.0014 0.0006 0.0052 0.0029 0.0058 0.0051 
        FW26  3 0.9640 0.0006 0.0008 0.0006 0.0006 0.0009 0.0017 0.0018 0.0020 0.0013 0.0017 0.0013 0.0015 0.0014 0.0006 0.0052 0.0029 0.0058 0.0051 
        FW27  3 0.0007 0.0006 0.0009 0.0007 0.0006 0.0009 0.9624 0.0021 0.0021 0.0014 0.0020 0.0014 0.0017 0.0015 0.0006 0.0055 0.0033 0.0062 0.0051 
        FW28  3 0.9640 0.0006 0.0008 0.0006 0.0006 0.0009 0.0017 0.0019 0.0020 0.0013 0.0017 0.0012 0.0015 0.0014 0.0006 0.0052 0.0029 0.0058 0.0052 
        FW29  3 0.9643 0.0007 0.0008 0.0006 0.0006 0.0009 0.0017 0.0018 0.0020 0.0013 0.0017 0.0013 0.0015 0.0015 0.0006 0.0053 0.0029 0.0058 0.0051 
        FW30  3 0.0107 0.0055 0.0024 0.0013 0.0019 0.0014 0.0071 0.0058 0.0632 0.0033 0.0049 0.0032 0.0110 0.0037 0.0009 0.0117 0.0104 0.0172 0.8344 
        FW32  3 0.0007 0.0008 0.0012 0.0007 0.0008 0.0011 0.9550 0.0022 0.0023 0.0018 0.0025 0.0015 0.0017 0.0018 0.0009 0.0072 0.0040 0.0078 0.0061 
        FW33  3 0.9439 0.0011 0.0008 0.0008 0.0006 0.0009 0.0017 0.0028 0.0070 0.0013 0.0018 0.0013 0.0015 0.0015 0.0006 0.0128 0.0029 0.0059 0.0110 
        FW34  3 0.9640 0.0007 0.0008 0.0006 0.0006 0.0009 0.0017 0.0018 0.0020 0.0013 0.0017 0.0013 0.0015 0.0014 0.0006 0.0053 0.0029 0.0059 0.0051 
        FW35  3 0.9642 0.0007 0.0008 0.0006 0.0006 0.0009 0.0017 0.0018 0.0020 0.0013 0.0017 0.0012 0.0015 0.0014 0.0006 0.0053 0.0029 0.0058 0.0051 
        FW36  3 0.9641 0.0006 0.0008 0.0006 0.0006 0.0009 0.0016 0.0018 0.0020 0.0013 0.0017 0.0012 0.0014 0.0015 0.0006 0.0053 0.0029 0.0058 0.0050 
        FW37  3 0.0008 0.0007 0.0009 0.0007 0.0007 0.0009 0.9625 0.0020 0.0020 0.0015 0.0020 0.0014 0.0018 0.0015 0.0006 0.0055 0.0033 0.0063 0.0050 
        FW51  3 0.9641 0.0006 0.0008 0.0006 0.0006 0.0009 0.0017 0.0018 0.0020 0.0013 0.0017 0.0013 0.0014 0.0014 0.0006 0.0052 0.0030 0.0058 0.0051 
        FW52  3 0.0008 0.0007 0.0009 0.0007 0.0007 0.0009 0.9625 0.0021 0.0021 0.0014 0.0019 0.0014 0.0018 0.0015 0.0006 0.0055 0.0032 0.0063 0.0050 
        FW53  3 0.9641 0.0006 0.0008 0.0006 0.0006 0.0009 0.0016 0.0019 0.0020 0.0013 0.0017 0.0012 0.0015 0.0014 0.0006 0.0053 0.0029 0.0058 0.0051 
        FW54  3 0.0008 0.0007 0.0009 0.0007 0.0006 0.0009 0.9627 0.0021 0.0021 0.0014 0.0020 0.0014 0.0017 0.0015 0.0006 0.0055 0.0032 0.0063 0.0050 
        FW55  3 0.9642 0.0006 0.0008 0.0006 0.0006 0.0009 0.0017 0.0019 0.0020 0.0013 0.0017 0.0013 0.0015 0.0014 0.0006 0.0052 0.0029 0.0058 0.0051 
        FW56  3 0.9641 0.0006 0.0008 0.0006 0.0006 0.0009 0.0017 0.0018 0.0020 0.0013 0.0017 0.0012 0.0014 0.0015 0.0006 0.0053 0.0029 0.0058 0.0051 
        FW57  3 0.9642 0.0006 0.0008 0.0006 0.0006 0.0009 0.0017 0.0018 0.0020 0.0013 0.0017 0.0012 0.0014 0.0015 0.0006 0.0053 0.0029 0.0058 0.0050 
        FW78  3 0.9642 0.0006 0.0008 0.0006 0.0006 0.0009 0.0017 0.0018 0.0020 0.0013 0.0017 0.0013 0.0014 0.0014 0.0006 0.0052 0.0029 0.0059 0.0050 
        FW79  3 0.9640 0.0006 0.0008 0.0006 0.0006 0.0009 0.0016 0.0019 0.0020 0.0013 0.0017 0.0012 0.0015 0.0014 0.0006 0.0053 0.0029 0.0058 0.0052 
        FW80  3 0.9641 0.0006 0.0008 0.0006 0.0006 0.0009 0.0017 0.0018 0.0020 0.0013 0.0017 0.0013 0.0015 0.0015 0.0006 0.0053 0.0029 0.0058 0.0051 
        FW81  3 0.0008 0.0007 0.0009 0.0007 0.0006 0.0009 0.9628 0.0020 0.0021 0.0014 0.0020 0.0014 0.0017 0.0015 0.0006 0.0055 0.0031 0.0063 0.0051 
        FW82  3 0.0008 0.0006 0.0010 0.0007 0.0007 0.0009 0.9627 0.0020 0.0020 0.0014 0.0020 0.0014 0.0017 0.0015 0.0006 0.0055 0.0032 0.0062 0.0050 
        FW83  3 0.0007 0.0008 0.0012 0.0008 0.0008 0.0011 0.9546 0.0022 0.0024 0.0018 0.0025 0.0015 0.0017 0.0018 0.0009 0.0073 0.0040 0.0079 0.0061 
        FW84  3 0.9642 0.0006 0.0008 0.0006 0.0006 0.0009 0.0017 0.0018 0.0020 0.0013 0.0017 0.0012 0.0014 0.0015 0.0006 0.0052 0.0029 0.0058 0.0051 
        FW85  3 0.0008 0.0007 0.0031 0.0022 0.0010 0.0009 0.9230 0.0043 0.0021 0.0014 0.0020 0.0014 0.0259 0.0015 0.0006 0.0136 0.0033 0.0063 0.0060 
        FW86  3 0.0009 0.0007 0.0009 0.0007 0.0007 0.0009 0.9621 0.0021 0.0020 0.0014 0.0020 0.0014 0.0017 0.0016 0.0006 0.0055 0.0033 0.0064 0.0052 
        FW87  3 0.0010 0.0007 0.0009 0.0007 0.0006 0.0009 0.9620 0.0021 0.0020 0.0014 0.0020 0.0014 0.0017 0.0016 0.0006 0.0056 0.0033 0.0063 0.0052 
        FW88  3 0.9642 0.0006 0.0008 0.0006 0.0006 0.0009 0.0017 0.0018 0.0020 0.0013 0.0017 0.0013 0.0015 0.0014 0.0006 0.0052 0.0029 0.0058 0.0051 
        FW89  3 0.9642 0.0006 0.0008 0.0006 0.0006 0.0009 0.0017 0.0018 0.0020 0.0013 0.0017 0.0012 0.0014 0.0014 0.0006 0.0053 0.0029 0.0058 0.0051 
        FW90  3 0.9641 0.0006 0.0008 0.0006 0.0006 0.0009 0.0017 0.0018 0.0020 0.0013 0.0017 0.0013 0.0014 0.0014 0.0006 0.0053 0.0029 0.0059 0.0050 
        FW91  3 0.0008 0.0007 0.0009 0.0007 0.0006 0.0009 0.9624 0.0021 0.0021 0.0014 0.0019 0.0014 0.0018 0.0015 0.0006 0.0056 0.0033 0.0063 0.0050 
        FW92  3 0.9641 0.0006 0.0008 0.0006 0.0006 0.0009 0.0017 0.0018 0.0020 0.0013 0.0017 0.0013 0.0014 0.0014 0.0006 0.0052 0.0029 0.0058 0.0051 
        FW93  3 0.9642 0.0006 0.0008 0.0006 0.0006 0.0009 0.0016 0.0018 0.0020 0.0013 0.0017 0.0013 0.0014 0.0014 0.0006 0.0053 0.0029 0.0059 0.0051 
        FW94  3 0.0008 0.0006 0.0009 0.0007 0.0007 0.0009 0.9625 0.0021 0.0020 0.0014 0.0020 0.0014 0.0018 0.0015 0.0006 0.0056 0.0032 0.0062 0.0050 
        FW95  3 0.9641 0.0006 0.0008 0.0006 0.0006 0.0009 0.0017 0.0019 0.0020 0.0013 0.0017 0.0012 0.0014 0.0014 0.0006 0.0053 0.0029 0.0058 0.0051 
        FW96  3 0.9641 0.0006 0.0008 0.0006 0.0006 0.0009 0.0017 0.0018 0.0020 0.0013 0.0017 0.0013 0.0014 0.0015 0.0006 0.0052 0.0029 0.0058 0.0051 
        FW97  3 0.0102 0.0022 0.0019 0.0016 0.0088 0.0043 0.0117 0.0044 0.0062 0.0558 0.0138 0.0023 0.0028 0.0035 0.0015 0.0086 0.0096 0.0267 0.8243 
        FW98  3 0.0008 0.0006 0.0010 0.0007 0.0006 0.0009 0.9628 0.0020 0.0021 0.0014 0.0019 0.0014 0.0017 0.0015 0.0006 0.0055 0.0032 0.0063 0.0050 
        FW99  3 0.9641 0.0006 0.0008 0.0006 0.0006 0.0009 0.0017 0.0018 0.0020 0.0013 0.0017 0.0012 0.0014 0.0014 0.0006 0.0052 0.0029 0.0058 0.0051 
       Cal01  3 0.2153 0.0024 0.0015 0.0011 0.0042 0.0017 0.0028 0.0050 0.0023 0.0012 0.0029 0.0021 0.0037 0.0046 0.0049 0.0100 0.0208 0.0094 0.7042 
       Cal02  3 0.0101 0.0015 0.0017 0.0013 0.0017 0.0014 0.0077 0.0045 0.0084 0.0024 0.0044 0.0029 0.0032 0.0035 0.0012 0.0138 0.0045 0.0106 0.9152 
       Cal03  3 0.0557 0.0011 0.0014 0.0017 0.0013 0.0008 0.0982 0.0036 0.0027 0.0019 0.0020 0.0029 0.0050 0.0035 0.0010 0.0074 0.0056 0.0072 0.7969 
       Cal04  3 0.0009 0.0011 0.0017 0.0033 0.0089 0.0014 0.0057 0.0055 0.0045 0.0074 0.0051 0.0033 0.0043 0.0026 0.0009 0.0185 0.0054 0.0617 0.8578 
       Cal05  3 0.0031 0.0008 0.0012 0.0009 0.0009 0.0009 0.0114 0.0112 0.0022 0.0021 0.0023 0.0014 0.0021 0.0024 0.0006 0.0056 0.0030 0.0082 0.9399 
       Cal06  3 0.0034 0.0015 0.0013 0.0093 0.0012 0.0031 0.0025 0.0099 0.0041 0.0017 0.0023 0.0052 0.0021 0.0043 0.0012 0.0119 0.0065 0.0075 0.9210 
       Cal07  3 0.0297 0.0008 0.0009 0.0011 0.0008 0.0011 0.0031 0.0253 0.0028 0.0027 0.0021 0.0013 0.0020 0.0019 0.0007 0.0074 0.0037 0.0060 0.9065 
       Cal08  3 0.0491 0.0019 0.0019 0.0079 0.0029 0.0029 0.0312 0.0048 0.0030 0.0021 0.0051 0.0026 0.0044 0.0024 0.0022 0.0083 0.0063 0.0206 0.8405 
       Cal09  3 0.0670 0.0009 0.0016 0.0009 0.0014 0.0014 0.0051 0.0328 0.0039 0.0019 0.0040 0.0035 0.0017 0.0019 0.0010 0.0249 0.0045 0.0128 0.8287 
       Cal10  3 0.0010 0.0030 0.0018 0.0029 0.0026 0.0011 0.0092 0.0052 0.0030 0.0029 0.0049 0.0033 0.0054 0.0030 0.0011 0.0143 0.0099 0.0148 0.9108 
       Cal11  3 0.0038 0.0011 0.0012 0.0016 0.0011 0.0203 0.0126 0.0061 0.0042 0.0036 0.0054 0.0022 0.0020 0.0035 0.0015 0.0121 0.0045 0.0164 0.8965 
      Cal197  3 0.3242 0.0019 0.0009 0.0072 0.0009 0.0010 0.0027 0.0076 0.0035 0.0035 0.0019 0.0051 0.0015 0.0018 0.0005 0.0130 0.0080 0.0052 0.6097 
      Cal198  3 0.0040 0.0015 0.0011 0.0028 0.0031 0.0009 0.0812 0.0473 0.0027 0.0031 0.0028 0.0038 0.0023 0.0166 0.0008 0.0104 0.0488 0.0158 0.7510 
      Cal199  3 0.0012 0.0010 0.0016 0.0008 0.0008 0.0012 0.0049 0.0023 0.0026 0.0013 0.0070 0.0023 0.0036 0.0068 0.0027 0.0082 0.0043 0.0317 0.9158 
      Cal200  3 0.0029 0.0011 0.0012 0.0013 0.0009 0.0017 0.0117 0.0038 0.0024 0.0014 0.0019 0.0016 0.0044 0.0020 0.0017 0.0102 0.0039 0.0061 0.9397 
      Cal201  3 0.0222 0.0026 0.0008 0.0009 0.0008 0.0014 0.0065 0.0062 0.0039 0.0016 0.0022 0.0018 0.0028 0.0018 0.0007 0.0161 0.0038 0.0060 0.9178 
      Cal202  3 0.0073 0.0018 0.0077 0.0008 0.0045 0.0014 0.0056 0.0050 0.0032 0.0014 0.0087 0.0030 0.0059 0.0017 0.0010 0.0240 0.0123 0.0189 0.8858 
      Cal203  3 0.0011 0.0010 0.0014 0.0011 0.0014 0.0026 0.0275 0.0030 0.0055 0.0015 0.0044 0.0023 0.0036 0.0027 0.0011 0.0082 0.0059 0.0133 0.9124 
      Cal204  3 0.0010 0.0018 0.0017 0.0011 0.0009 0.0018 0.0017 0.0036 0.0048 0.0013 0.0022 0.0056 0.0032 0.0028 0.0025 0.0074 0.0055 0.0087 0.9423 
      Cal205  3 0.0039 0.0015 0.0011 0.0010 0.0014 0.0009 0.0059 0.0041 0.0032 0.0015 0.0022 0.0028 0.0045 0.0030 0.0008 0.0086 0.0053 0.0102 0.9382 
      Cal206  3 0.0017 0.0012 0.0019 0.0012 0.0009 0.0013 0.0058 0.0029 0.0032 0.0042 0.0027 0.0030 0.0022 0.0035 0.0008 0.0156 0.0042 0.0097 0.9339 
      Cal207  3 0.0032 0.0013 0.0010 0.0010 0.0010 0.0010 0.0017 0.0039 0.0023 0.0015 0.0020 0.0019 0.0016 0.0463 0.0012 0.0088 0.0127 0.0058 0.9018 
      Cal208  3 0.0142 0.0011 0.0015 0.0016 0.0017 0.0017 0.0193 0.0033 0.0045 0.0023 0.0043 0.0024 0.0023 0.0020 0.0017 0.0125 0.0089 0.0147 0.9000 
      Cal209  3 0.0143 0.0011 0.0013 0.0007 0.0008 0.0012 0.0051 0.0033 0.0023 0.0022 0.0029 0.0020 0.0019 0.0022 0.0008 0.0096 0.0034 0.0106 0.9344 
      Cal210  3 0.0013 0.0010 0.0016 0.0008 0.0008 0.0012 0.0049 0.0022 0.0026 0.0013 0.0071 0.0023 0.0035 0.0070 0.0027 0.0082 0.0044 0.0318 0.9153 
      Cal211  3 0.0051 0.0009 0.0009 0.0011 0.0008 0.0012 0.0023 0.0034 0.0028 0.0021 0.0028 0.0015 0.0029 0.0035 0.0007 0.0085 0.0036 0.0081 0.9478 
      Cal212  3 0.0013 0.0010 0.0011 0.0010 0.0008 0.0011 0.0071 0.0028 0.0031 0.0017 0.0023 0.0022 0.0051 0.0093 0.0011 0.0080 0.0039 0.0113 0.9360 
      Cal213  3 0.0114 0.0047 0.0012 0.0046 0.0019 0.0008 0.1060 0.0320 0.0025 0.0427 0.0027 0.0017 0.0187 0.0072 0.0006 0.0185 0.0518 0.0099 0.6810 
      Cal214  3 0.0007 0.0014 0.0017 0.0014 0.0010 0.0013 0.0058 0.0026 0.0027 0.0015 0.0020 0.0214 0.0024 0.0028 0.0007 0.0136 0.0091 0.0562 0.8717 
      Cal215  3 0.0301 0.0014 0.0034 0.0016 0.0032 0.0020 0.0068 0.0046 0.0031 0.0061 0.0099 0.0036 0.0037 0.0026 0.0034 0.0134 0.0064 0.0420 0.8527 
      Cal216  3 0.0337 0.0012 0.0014 0.0012 0.0008 0.0016 0.0085 0.0059 0.0033 0.0023 0.0019 0.0023 0.0025 0.0204 0.0013 0.0114 0.0080 0.0060 0.8864 
      Cal217  3 0.0148 0.0012 0.0008 0.0012 0.0009 0.0013 0.0040 0.0054 0.0031 0.0014 0.0018 0.0021 0.0017 0.0021 0.0008 0.0091 0.0045 0.0064 0.9374 
      Cal218  3 0.0022 0.0010 0.0011 0.0010 0.0007 0.0010 0.0093 0.0032 0.0027 0.0018 0.0023 0.0018 0.0029 0.0080 0.0007 0.0081 0.0033 0.0111 0.9377 
      Cal219  3 0.0146 0.0021 0.0014 0.0011 0.0030 0.0016 0.0070 0.0040 0.0092 0.0017 0.0035 0.0028 0.0024 0.0030 0.0015 0.0157 0.0048 0.0132 0.9074 
      Cal220  3 0.0045 0.0014 0.0009 0.0011 0.0024 0.0024 0.0036 0.0041 0.0793 0.0017 0.0061 0.0037 0.0018 0.0037 0.0017 0.0121 0.0068 0.0191 0.8436 
