        TC01  1 0.0015 0.0008 0.0022 0.0036 0.0014 0.0023 0.0041 0.9504 0.0068 0.0033 0.0027 0.0119 0.0024 0.0040 0.0026 
        TC02  1 0.0014 0.0010 0.0029 0.0016 0.0015 0.0037 0.0044 0.9608 0.0040 0.0038 0.0024 0.0025 0.0052 0.0022 0.0026 
        TC03  1 0.0013 0.0008 0.0031 0.0010 0.0016 0.0021 0.0022 0.9626 0.0057 0.0048 0.0060 0.0025 0.0035 0.0016 0.0011 
        TC04  1 0.0035 0.0029 0.0252 0.0013 0.0008 0.0370 0.0056 0.8668 0.0250 0.0037 0.0076 0.0029 0.0118 0.0048 0.0012 
        TC05  1 0.0016 0.0008 0.0034 0.0007 0.0011 0.0099 0.0019 0.9623 0.0025 0.0031 0.0026 0.0022 0.0045 0.0016 0.0019 
        TC06  1 0.0015 0.0019 0.0524 0.0008 0.0013 0.0033 0.0040 0.8993 0.0097 0.0028 0.0029 0.0021 0.0137 0.0024 0.0020 
        TC07  1 0.0045 0.0004 0.0043 0.0039 0.0006 0.0046 0.0020 0.9588 0.0028 0.0038 0.0025 0.0053 0.0031 0.0019 0.0014 
        TC08  1 0.0017 0.0023 0.0030 0.0008 0.0011 0.0039 0.0016 0.9673 0.0022 0.0039 0.0015 0.0034 0.0034 0.0014 0.0025 
        TC09  1 0.0013 0.0587 0.0143 0.0008 0.0017 0.0026 0.0130 0.8872 0.0031 0.0022 0.0057 0.0027 0.0031 0.0017 0.0019 
        TC10  1 0.0011 0.0006 0.0042 0.0019 0.0008 0.0016 0.0113 0.9095 0.0026 0.0062 0.0467 0.0041 0.0059 0.0015 0.0019 
        TC11  1 0.0010 0.0008 0.0017 0.0026 0.0007 0.0028 0.0016 0.9657 0.0035 0.0056 0.0021 0.0019 0.0022 0.0010 0.0068 
        TC12  1 0.0016 0.0011 0.0071 0.0018 0.0041 0.0035 0.0042 0.9296 0.0097 0.0081 0.0058 0.0026 0.0059 0.0139 0.0010 
        TC13  1 0.0011 0.0018 0.0033 0.0008 0.0007 0.0019 0.0024 0.9693 0.0025 0.0030 0.0016 0.0025 0.0033 0.0014 0.0045 
        TC14  1 0.0014 0.0013 0.0451 0.0025 0.0029 0.0043 0.0198 0.8804 0.0084 0.0071 0.0031 0.0041 0.0140 0.0021 0.0035 
        TC15  1 0.0023 0.0054 0.0174 0.0006 0.0012 0.0025 0.0062 0.9244 0.0046 0.0137 0.0036 0.0032 0.0085 0.0036 0.0027 
        TC16  1 0.0035 0.0788 0.0126 0.0008 0.0028 0.0033 0.0229 0.8488 0.0058 0.0046 0.0031 0.0041 0.0044 0.0028 0.0015 
        TC17  1 0.0030 0.0012 0.0119 0.0031 0.0053 0.0320 0.1244 0.7614 0.0086 0.0105 0.0042 0.0236 0.0048 0.0036 0.0025 
        TC18  1 0.0024 0.0011 0.0054 0.0018 0.0044 0.0085 0.0018 0.8969 0.0365 0.0151 0.0069 0.0020 0.0040 0.0016 0.0116 
        TC19  1 0.0015 0.0159 0.0024 0.0010 0.0011 0.0016 0.0057 0.9529 0.0028 0.0035 0.0020 0.0017 0.0036 0.0012 0.0032 
        TC20  1 0.0009 0.0022 0.0026 0.0009 0.0008 0.0026 0.0031 0.9606 0.0058 0.0028 0.0019 0.0094 0.0032 0.0013 0.0020 
        TC21  1 0.0117 0.0025 0.0059 0.0053 0.0018 0.0150 0.0015 0.8165 0.0554 0.0244 0.0072 0.0029 0.0115 0.0370 0.0015 
        TC22  1 0.0015 0.0026 0.0048 0.0011 0.0030 0.0030 0.0015 0.9232 0.0032 0.0114 0.0039 0.0058 0.0250 0.0057 0.0043 
        TC23  1 0.0012 0.0008 0.0039 0.0032 0.0150 0.0017 0.0027 0.9393 0.0037 0.0046 0.0031 0.0024 0.0034 0.0029 0.0122 
        TC24  1 0.0009 0.0008 0.0021 0.0006 0.0008 0.0018 0.0021 0.9758 0.0020 0.0029 0.0029 0.0020 0.0020 0.0008 0.0026 
        TC25  1 0.0014 0.0016 0.0318 0.0047 0.0015 0.0028 0.0026 0.8969 0.0274 0.0045 0.0078 0.0031 0.0092 0.0037 0.0012 
        TC26  1 0.0014 0.0010 0.0083 0.0007 0.0015 0.0032 0.0081 0.9563 0.0028 0.0032 0.0025 0.0025 0.0049 0.0022 0.0016 
        TC27  1 0.0038 0.0009 0.0137 0.0009 0.0013 0.0089 0.0024 0.9007 0.0048 0.0322 0.0041 0.0035 0.0031 0.0020 0.0178 
        TC28  1 0.0018 0.0007 0.0161 0.0011 0.0009 0.0063 0.0038 0.9399 0.0060 0.0036 0.0051 0.0024 0.0075 0.0034 0.0016 
        TC29  1 0.0059 0.0007 0.0211 0.0019 0.0045 0.0067 0.0085 0.9240 0.0079 0.0045 0.0042 0.0026 0.0026 0.0020 0.0031 
        TC30  1 0.0019 0.0022 0.0064 0.0013 0.0017 0.0022 0.0052 0.9577 0.0027 0.0033 0.0029 0.0021 0.0043 0.0015 0.0045 
        TC31  1 0.0016 0.0018 0.0029 0.0112 0.0164 0.0026 0.0022 0.9157 0.0133 0.0095 0.0036 0.0040 0.0077 0.0014 0.0063 
        TC32  1 0.0013 0.0016 0.0514 0.0011 0.0007 0.0060 0.0030 0.8651 0.0039 0.0030 0.0025 0.0041 0.0477 0.0038 0.0047 
        TC33  1 0.0016 0.0008 0.0048 0.0101 0.0016 0.0030 0.0023 0.9481 0.0044 0.0075 0.0034 0.0040 0.0035 0.0016 0.0031 
        TC34  1 0.0017 0.0019 0.0277 0.0009 0.0041 0.0029 0.0040 0.9221 0.0034 0.0123 0.0024 0.0056 0.0032 0.0024 0.0055 
        TC35  1 0.0021 0.0022 0.0055 0.0037 0.0030 0.0083 0.0166 0.9202 0.0091 0.0078 0.0022 0.0040 0.0087 0.0015 0.0052 
        TC36  1 0.0018 0.0014 0.0036 0.0010 0.0010 0.0100 0.0049 0.9390 0.0043 0.0047 0.0085 0.0036 0.0039 0.0050 0.0073 
        TC37  1 0.0012 0.0008 0.0016 0.0012 0.0016 0.0029 0.0034 0.9432 0.0040 0.0068 0.0025 0.0047 0.0063 0.0018 0.0182 
        TC38  1 0.0027 0.0311 0.0119 0.0015 0.0016 0.0032 0.0262 0.8619 0.0431 0.0029 0.0037 0.0016 0.0032 0.0023 0.0031 
        TC39  1 0.0013 0.0012 0.0925 0.0012 0.0017 0.0024 0.0714 0.7942 0.0048 0.0032 0.0037 0.0025 0.0049 0.0021 0.0128 
        TC40  1 0.0014 0.0009 0.0123 0.0010 0.0016 0.0035 0.0036 0.9413 0.0045 0.0095 0.0072 0.0033 0.0064 0.0019 0.0015 
        TC41  1 0.0014 0.0008 0.0025 0.0008 0.0036 0.0140 0.0029 0.9389 0.0051 0.0034 0.0026 0.0093 0.0085 0.0018 0.0043 
        TC42  1 0.0010 0.0011 0.0088 0.0006 0.0010 0.0036 0.0032 0.9604 0.0022 0.0027 0.0026 0.0032 0.0028 0.0015 0.0053 
        TC43  1 0.0015 0.0009 0.0127 0.0011 0.0012 0.0024 0.0034 0.9503 0.0040 0.0036 0.0026 0.0019 0.0060 0.0019 0.0066 
        TC44  1 0.0008 0.0093 0.0070 0.0017 0.0014 0.0023 0.0223 0.9335 0.0032 0.0042 0.0032 0.0037 0.0035 0.0024 0.0014 
        TC45  1 0.0027 0.0006 0.0017 0.0008 0.0021 0.0024 0.0066 0.9531 0.0098 0.0021 0.0022 0.0049 0.0059 0.0014 0.0036 
        TC46  1 0.0018 0.0008 0.0026 0.0007 0.0019 0.0040 0.0025 0.9459 0.0074 0.0103 0.0069 0.0036 0.0050 0.0039 0.0026 
        TC47  1 0.0010 0.0025 0.0053 0.0017 0.0011 0.0024 0.0048 0.9581 0.0035 0.0068 0.0022 0.0039 0.0036 0.0015 0.0015 
        TC48  1 0.0011 0.0007 0.0047 0.0009 0.0026 0.0048 0.0042 0.9280 0.0107 0.0116 0.0028 0.0107 0.0102 0.0046 0.0024 
        TC49  1 0.0014 0.0007 0.0036 0.0014 0.0011 0.0051 0.0023 0.9559 0.0035 0.0036 0.0016 0.0049 0.0059 0.0044 0.0044 
        TC50  1 0.0014 0.0016 0.0024 0.0014 0.0020 0.0029 0.0023 0.9421 0.0061 0.0109 0.0039 0.0039 0.0153 0.0011 0.0027 
        TC51  1 0.0011 0.0034 0.0096 0.0024 0.0015 0.0026 0.0020 0.9550 0.0041 0.0035 0.0029 0.0028 0.0041 0.0038 0.0011 
        TC52  1 0.0016 0.0009 0.0030 0.0006 0.0009 0.0024 0.0016 0.9496 0.0068 0.0028 0.0201 0.0018 0.0028 0.0036 0.0015 
        TC53  1 0.0031 0.0012 0.0050 0.0006 0.0026 0.0021 0.0056 0.9557 0.0021 0.0080 0.0018 0.0027 0.0035 0.0040 0.0020 
        TC54  1 0.0017 0.0010 0.0124 0.0014 0.0012 0.0077 0.0026 0.9047 0.0057 0.0261 0.0090 0.0138 0.0063 0.0029 0.0034 
        TC55  1 0.0019 0.0007 0.0103 0.0012 0.0008 0.0054 0.0082 0.9146 0.0063 0.0062 0.0075 0.0039 0.0273 0.0030 0.0028 
        TC56  1 0.0040 0.0007 0.0059 0.0020 0.0031 0.0054 0.0055 0.9109 0.0209 0.0138 0.0048 0.0044 0.0120 0.0022 0.0046 
        TC57  1 0.0021 0.0011 0.0024 0.0011 0.0027 0.0068 0.0119 0.9370 0.0036 0.0097 0.0037 0.0038 0.0085 0.0019 0.0036 
        TC58  1 0.0008 0.0010 0.0029 0.0069 0.0014 0.0028 0.0043 0.9586 0.0032 0.0040 0.0025 0.0037 0.0045 0.0021 0.0013 
        TC59  1 0.0009 0.0007 0.0074 0.0014 0.0011 0.0043 0.0022 0.9648 0.0021 0.0033 0.0027 0.0021 0.0024 0.0018 0.0028 
        TA01  2 0.0010 0.0028 0.0049 0.0011 0.0015 0.0026 0.0080 0.9585 0.0029 0.0044 0.0016 0.0027 0.0045 0.0012 0.0023 
        TA02  2 0.0011 0.0011 0.0032 0.0006 0.0010 0.0104 0.0049 0.9449 0.0051 0.0045 0.0048 0.0022 0.0035 0.0018 0.0109 
        TA03  2 0.0011 0.0044 0.0033 0.0010 0.0014 0.0025 0.0155 0.9430 0.0032 0.0097 0.0028 0.0035 0.0051 0.0015 0.0019 
        TA04  2 0.0008 0.1495 0.0416 0.0007 0.0009 0.0019 0.0788 0.7047 0.0027 0.0038 0.0024 0.0038 0.0043 0.0018 0.0023 
        TA05  2 0.0020 0.0024 0.0021 0.0009 0.0008 0.0018 0.0028 0.9688 0.0039 0.0038 0.0021 0.0023 0.0032 0.0015 0.0015 
        TA06  2 0.0009 0.0018 0.0044 0.0015 0.0007 0.0014 0.0049 0.9565 0.0027 0.0031 0.0024 0.0102 0.0036 0.0009 0.0051 
        TA07  2 0.0044 0.0019 0.0031 0.0017 0.0013 0.0065 0.2331 0.7245 0.0032 0.0049 0.0041 0.0027 0.0040 0.0031 0.0016 
        TA08  2 0.0007 0.0032 0.0110 0.0008 0.0007 0.0016 0.0111 0.9495 0.0038 0.0080 0.0018 0.0015 0.0032 0.0013 0.0019 
        TA09  2 0.0010 0.0025 0.0053 0.0007 0.0007 0.0020 0.0109 0.9525 0.0022 0.0033 0.0026 0.0022 0.0024 0.0022 0.0096 
        TA10  2 0.0018 0.0016 0.0044 0.0315 0.0018 0.0051 0.0079 0.9193 0.0030 0.0030 0.0026 0.0081 0.0044 0.0032 0.0022 
        TA11  2 0.0011 0.0045 0.0044 0.0117 0.0062 0.0034 0.0185 0.9108 0.0060 0.0061 0.0022 0.0106 0.0086 0.0026 0.0033 
        TA12  2 0.0023 0.0014 0.0030 0.0023 0.0016 0.0197 0.0106 0.8933 0.0026 0.0032 0.0015 0.0432 0.0116 0.0017 0.0022 
        TA13  2 0.0046 0.0207 0.0353 0.0070 0.0086 0.0291 0.0032 0.8099 0.0033 0.0041 0.0031 0.0081 0.0280 0.0330 0.0019 
        TA14  2 0.0011 0.0012 0.0047 0.0006 0.0006 0.0027 0.0178 0.9487 0.0020 0.0035 0.0052 0.0018 0.0045 0.0010 0.0045 
        TA15  2 0.0023 0.0008 0.0069 0.0008 0.0008 0.0022 0.0035 0.9630 0.0019 0.0028 0.0020 0.0024 0.0063 0.0010 0.0032 
        TA16  2 0.0011 0.0104 0.0196 0.0127 0.0007 0.0348 0.0181 0.8765 0.0029 0.0033 0.0039 0.0038 0.0035 0.0027 0.0060 
        TA17  2 0.0013 0.0011 0.0052 0.0007 0.0007 0.0052 0.0032 0.9564 0.0023 0.0054 0.0020 0.0076 0.0048 0.0023 0.0016 
        TA18  2 0.0012 0.0018 0.0030 0.0029 0.0013 0.0026 0.0016 0.8971 0.0022 0.0032 0.0017 0.0480 0.0275 0.0029 0.0032 
        TA19  2 0.0025 0.0186 0.0108 0.0039 0.0071 0.0026 0.0043 0.8779 0.0028 0.0493 0.0024 0.0073 0.0054 0.0020 0.0029 
        TA20  2 0.0117 0.0010 0.0063 0.0008 0.0017 0.0366 0.0097 0.8916 0.0051 0.0101 0.0019 0.0026 0.0031 0.0011 0.0167 
        TA21  2 0.0021 0.0014 0.0185 0.0012 0.0011 0.0085 0.0590 0.8702 0.0042 0.0086 0.0032 0.0036 0.0053 0.0049 0.0082 
        TA22  2 0.0007 0.0008 0.0186 0.0006 0.0016 0.0032 0.0024 0.9373 0.0025 0.0058 0.0017 0.0025 0.0143 0.0010 0.0070 
        TA23  2 0.0007 0.0012 0.0638 0.0008 0.0008 0.0028 0.0055 0.8149 0.0024 0.0035 0.0017 0.0025 0.0041 0.0013 0.0939 
        TA24  2 0.0052 0.0014 0.0031 0.0008 0.0037 0.0062 0.0021 0.9546 0.0027 0.0060 0.0051 0.0031 0.0028 0.0013 0.0020 
        TA25  2 0.0017 0.0019 0.0070 0.1187 0.0012 0.0063 0.0026 0.8156 0.0030 0.0024 0.0021 0.0280 0.0038 0.0025 0.0031 
        TA26  2 0.0009 0.0036 0.0129 0.0022 0.0021 0.0032 0.0938 0.8435 0.0116 0.0065 0.0017 0.0043 0.0093 0.0017 0.0028 
        TA27  2 0.0028 0.0014 0.0043 0.0009 0.0013 0.0029 0.0030 0.9037 0.0024 0.0050 0.0030 0.0049 0.0045 0.0018 0.0582 
        TA28  2 0.0011 0.0020 0.0039 0.0007 0.0021 0.0127 0.0095 0.9138 0.0166 0.0068 0.0084 0.0034 0.0047 0.0048 0.0097 
        TA29  2 0.0011 0.0010 0.0145 0.0009 0.0009 0.0027 0.0021 0.9553 0.0025 0.0044 0.0019 0.0034 0.0055 0.0016 0.0021 
        TA30  2 0.0019 0.0904 0.0074 0.0010 0.0017 0.0030 0.2104 0.6288 0.0042 0.0221 0.0029 0.0040 0.0080 0.0043 0.0100 
      BERM01  3 0.0007 0.0581 0.9212 0.0007 0.0006 0.0018 0.0022 0.0017 0.0020 0.0027 0.0014 0.0017 0.0030 0.0011 0.0010 
      BERM02  3 0.0008 0.0026 0.9732 0.0006 0.0007 0.0017 0.0030 0.0027 0.0025 0.0025 0.0015 0.0015 0.0042 0.0012 0.0015 
      BERM03  3 0.0008 0.0007 0.9779 0.0008 0.0008 0.0019 0.0022 0.0014 0.0023 0.0029 0.0015 0.0017 0.0028 0.0014 0.0009 
      BERM04  3 0.0006 0.0019 0.9774 0.0009 0.0006 0.0013 0.0024 0.0013 0.0026 0.0030 0.0017 0.0015 0.0027 0.0013 0.0007 
      BERM05  3 0.0007 0.0027 0.9729 0.0009 0.0014 0.0016 0.0022 0.0012 0.0031 0.0032 0.0025 0.0025 0.0032 0.0011 0.0007 
      BERM06  3 0.0008 0.0051 0.9475 0.0006 0.0006 0.0016 0.0261 0.0021 0.0029 0.0027 0.0021 0.0029 0.0027 0.0014 0.0010 
      BERM07  3 0.0008 0.0044 0.9704 0.0011 0.0008 0.0015 0.0032 0.0023 0.0024 0.0034 0.0015 0.0024 0.0030 0.0014 0.0012 
      BERM08  3 0.0007 0.0034 0.9781 0.0006 0.0005 0.0013 0.0018 0.0018 0.0027 0.0021 0.0014 0.0014 0.0026 0.0008 0.0007 
      BERM09  3 0.0008 0.0899 0.6846 0.0008 0.0010 0.0017 0.1970 0.0077 0.0018 0.0027 0.0015 0.0029 0.0026 0.0015 0.0037 
      BERM10  3 0.0025 0.0064 0.9593 0.0008 0.0010 0.0023 0.0054 0.0025 0.0040 0.0039 0.0017 0.0029 0.0029 0.0019 0.0024 
      BERM11  3 0.0007 0.0022 0.9577 0.0008 0.0006 0.0013 0.0201 0.0023 0.0029 0.0026 0.0018 0.0015 0.0032 0.0010 0.0012 
      BERM12  3 0.0007 0.0008 0.9301 0.0010 0.0006 0.0012 0.0043 0.0022 0.0219 0.0026 0.0060 0.0229 0.0023 0.0011 0.0022 
      BERM13  3 0.0009 0.0029 0.9735 0.0009 0.0008 0.0014 0.0019 0.0017 0.0022 0.0029 0.0016 0.0029 0.0031 0.0021 0.0011 
      BERM14  3 0.0007 0.0024 0.9629 0.0009 0.0010 0.0014 0.0134 0.0031 0.0022 0.0025 0.0027 0.0023 0.0022 0.0011 0.0010 
      CROC01  3 0.0011 0.0028 0.9353 0.0013 0.0099 0.0027 0.0025 0.0020 0.0034 0.0174 0.0068 0.0058 0.0052 0.0024 0.0013 
      CROC02  3 0.0022 0.0010 0.9386 0.0011 0.0012 0.0030 0.0146 0.0019 0.0064 0.0037 0.0043 0.0104 0.0049 0.0047 0.0020 
      CROC03  3 0.0012 0.0016 0.9357 0.0008 0.0007 0.0020 0.0333 0.0019 0.0069 0.0044 0.0031 0.0023 0.0036 0.0011 0.0015 
      CROC04  3 0.0011 0.0015 0.8919 0.0007 0.0012 0.0069 0.0015 0.0093 0.0020 0.0027 0.0109 0.0048 0.0022 0.0011 0.0621 
      CROC05  3 0.0009 0.0029 0.9589 0.0014 0.0009 0.0019 0.0112 0.0014 0.0026 0.0030 0.0066 0.0020 0.0034 0.0018 0.0013 
      CROC06  3 0.0052 0.0030 0.9007 0.0147 0.0010 0.0055 0.0035 0.0081 0.0040 0.0102 0.0065 0.0308 0.0026 0.0015 0.0027 
      CROC07  3 0.0013 0.0027 0.9488 0.0010 0.0021 0.0024 0.0088 0.0030 0.0029 0.0047 0.0031 0.0083 0.0046 0.0022 0.0041 
      CROC08  3 0.0009 0.0019 0.9290 0.0020 0.0025 0.0034 0.0024 0.0017 0.0063 0.0374 0.0025 0.0025 0.0035 0.0022 0.0019 
      CROC09  3 0.0036 0.0660 0.8958 0.0006 0.0007 0.0018 0.0106 0.0014 0.0039 0.0042 0.0038 0.0014 0.0042 0.0010 0.0008 
      CROC10  3 0.0008 0.0690 0.9070 0.0012 0.0007 0.0014 0.0023 0.0016 0.0029 0.0023 0.0017 0.0020 0.0047 0.0013 0.0011 
      CROC11  3 0.0035 0.0658 0.8964 0.0006 0.0007 0.0017 0.0105 0.0014 0.0038 0.0042 0.0039 0.0014 0.0044 0.0010 0.0008 
     CROC110  3 0.0084 0.0064 0.9027 0.0009 0.0012 0.0091 0.0191 0.0046 0.0024 0.0066 0.0039 0.0028 0.0037 0.0263 0.0020 
     CROC116  3 0.0018 0.0013 0.9293 0.0010 0.0019 0.0041 0.0068 0.0048 0.0063 0.0053 0.0171 0.0062 0.0085 0.0025 0.0031 
      CROC12  3 0.0012 0.0027 0.9754 0.0006 0.0006 0.0021 0.0018 0.0018 0.0024 0.0024 0.0013 0.0016 0.0031 0.0016 0.0014 
     CROC123  3 0.0006 0.0032 0.9744 0.0005 0.0005 0.0015 0.0047 0.0020 0.0025 0.0020 0.0018 0.0013 0.0031 0.0010 0.0010 
      CROC13  3 0.0008 0.0011 0.9710 0.0012 0.0010 0.0016 0.0036 0.0015 0.0064 0.0029 0.0017 0.0018 0.0032 0.0012 0.0010 
      CROC14  3 0.0148 0.0019 0.8841 0.0654 0.0006 0.0044 0.0097 0.0031 0.0038 0.0032 0.0021 0.0025 0.0021 0.0011 0.0011 
      CROC15  3 0.0066 0.0011 0.8681 0.0022 0.0009 0.0085 0.0018 0.0035 0.0067 0.0127 0.0653 0.0020 0.0030 0.0159 0.0016 
      CROC16  3 0.0013 0.0317 0.9101 0.0011 0.0020 0.0030 0.0066 0.0014 0.0166 0.0049 0.0081 0.0030 0.0065 0.0029 0.0007 
      CROC17  3 0.0006 0.0011 0.8804 0.0006 0.0005 0.0068 0.0015 0.0024 0.0025 0.0021 0.0013 0.0014 0.0025 0.0008 0.0954 
      CROC18  3 0.0008 0.0011 0.9410 0.0006 0.0050 0.0018 0.0023 0.0029 0.0148 0.0033 0.0018 0.0084 0.0122 0.0027 0.0011 
      CROC19  3 0.0020 0.0018 0.9645 0.0010 0.0013 0.0032 0.0022 0.0024 0.0031 0.0043 0.0028 0.0035 0.0029 0.0015 0.0034 
     CROC198  3 0.0010 0.0058 0.9651 0.0010 0.0013 0.0018 0.0055 0.0015 0.0025 0.0039 0.0015 0.0038 0.0031 0.0011 0.0011 
      CROC20  3 0.0013 0.0022 0.9611 0.0009 0.0009 0.0030 0.0047 0.0015 0.0043 0.0040 0.0029 0.0051 0.0050 0.0022 0.0010 
     CROC202  3 0.0008 0.0020 0.9624 0.0012 0.0019 0.0017 0.0044 0.0018 0.0097 0.0032 0.0023 0.0033 0.0030 0.0012 0.0010 
      CROC21  3 0.0016 0.0032 0.9716 0.0009 0.0007 0.0016 0.0021 0.0023 0.0031 0.0031 0.0015 0.0018 0.0035 0.0018 0.0010 
     CROC216  3 0.0036 0.0037 0.9213 0.0008 0.0011 0.0039 0.0100 0.0138 0.0041 0.0058 0.0111 0.0021 0.0047 0.0109 0.0029 
      CROC22  3 0.0011 0.0024 0.8904 0.0009 0.0011 0.0088 0.0353 0.0032 0.0036 0.0024 0.0019 0.0391 0.0042 0.0031 0.0026 
      CROC23  3 0.0011 0.0633 0.8915 0.0009 0.0008 0.0026 0.0028 0.0086 0.0033 0.0040 0.0019 0.0023 0.0116 0.0019 0.0035 
      CROC24  3 0.0013 0.0110 0.9451 0.0007 0.0010 0.0020 0.0189 0.0020 0.0056 0.0030 0.0023 0.0016 0.0029 0.0012 0.0015 
      CROC25  3 0.0006 0.0013 0.9764 0.0008 0.0007 0.0014 0.0036 0.0016 0.0021 0.0027 0.0022 0.0019 0.0026 0.0012 0.0009 
     CROC259  3 0.0009 0.0027 0.9606 0.0045 0.0007 0.0023 0.0033 0.0051 0.0033 0.0030 0.0022 0.0017 0.0033 0.0009 0.0054 
      CROC26  3 0.0008 0.0023 0.9113 0.0011 0.0010 0.0016 0.0024 0.0150 0.0031 0.0042 0.0021 0.0026 0.0028 0.0009 0.0488 
      CROC27  3 0.0014 0.0031 0.9122 0.0008 0.0011 0.0034 0.0392 0.0097 0.0030 0.0053 0.0048 0.0049 0.0028 0.0011 0.0072 
      CROC28  3 0.0008 0.0192 0.7398 0.0008 0.0008 0.0023 0.2070 0.0149 0.0024 0.0029 0.0022 0.0017 0.0020 0.0010 0.0022 
      CROC29  3 0.0011 0.0009 0.9718 0.0007 0.0011 0.0019 0.0038 0.0020 0.0029 0.0038 0.0029 0.0020 0.0031 0.0011 0.0010 
      CROC30  3 0.0024 0.0049 0.9365 0.0009 0.0011 0.0140 0.0052 0.0032 0.0052 0.0048 0.0045 0.0043 0.0046 0.0065 0.0018 
      CROC31  3 0.0012 0.0170 0.8921 0.0010 0.0013 0.0040 0.0300 0.0109 0.0030 0.0037 0.0029 0.0137 0.0066 0.0063 0.0064 
      CROC32  3 0.0009 0.0019 0.9727 0.0009 0.0009 0.0018 0.0056 0.0015 0.0023 0.0025 0.0015 0.0026 0.0022 0.0016 0.0012 
      CROC33  3 0.0043 0.0010 0.9300 0.0005 0.0010 0.0112 0.0048 0.0092 0.0048 0.0176 0.0081 0.0023 0.0024 0.0009 0.0018 
      CROC34  3 0.0007 0.0014 0.9744 0.0010 0.0008 0.0020 0.0020 0.0021 0.0027 0.0037 0.0018 0.0025 0.0027 0.0012 0.0011 
      CROC35  3 0.0053 0.0023 0.9331 0.0007 0.0005 0.0254 0.0081 0.0122 0.0030 0.0019 0.0012 0.0015 0.0021 0.0008 0.0018 
      CROC36  3 0.0008 0.0234 0.9515 0.0010 0.0010 0.0015 0.0026 0.0015 0.0028 0.0028 0.0025 0.0016 0.0049 0.0013 0.0009 
      CROC57  3 0.0008 0.0011 0.9761 0.0016 0.0011 0.0017 0.0022 0.0012 0.0026 0.0031 0.0019 0.0019 0.0027 0.0012 0.0008 
      CROC81  3 0.0010 0.0020 0.9498 0.0009 0.0018 0.0021 0.0053 0.0017 0.0150 0.0051 0.0031 0.0027 0.0048 0.0035 0.0011 
      CROC84  3 0.0006 0.0064 0.9571 0.0006 0.0006 0.0011 0.0055 0.0023 0.0087 0.0019 0.0040 0.0066 0.0020 0.0008 0.0017 
        FW01  3 0.0012 0.0007 0.0026 0.0010 0.0012 0.0018 0.9711 0.0014 0.0047 0.0041 0.0021 0.0030 0.0028 0.0017 0.0008 
        FW02  3 0.0005 0.9852 0.0013 0.0005 0.0005 0.0010 0.0011 0.0008 0.0017 0.0018 0.0012 0.0013 0.0018 0.0007 0.0006 
        FW03  3 0.0007 0.0007 0.0017 0.0006 0.0006 0.0012 0.9809 0.0012 0.0026 0.0024 0.0020 0.0017 0.0020 0.0009 0.0007 
        FW04  3 0.0005 0.9852 0.0013 0.0005 0.0005 0.0010 0.0012 0.0008 0.0017 0.0018 0.0012 0.0012 0.0018 0.0007 0.0005 
        FW05  3 0.0006 0.9852 0.0013 0.0005 0.0005 0.0010 0.0012 0.0008 0.0017 0.0018 0.0011 0.0012 0.0018 0.0007 0.0006 
        FW06  3 0.0005 0.9852 0.0013 0.0005 0.0005 0.0010 0.0012 0.0008 0.0017 0.0018 0.0011 0.0012 0.0018 0.0007 0.0006 
        FW07  3 0.0007 0.0008 0.0017 0.0006 0.0006 0.0012 0.9811 0.0011 0.0026 0.0023 0.0019 0.0017 0.0021 0.0009 0.0007 
        FW08  3 0.0005 0.9851 0.0013 0.0005 0.0005 0.0010 0.0012 0.0008 0.0017 0.0018 0.0012 0.0012 0.0018 0.0007 0.0006 
        FW09  3 0.0005 0.9851 0.0013 0.0005 0.0005 0.0010 0.0011 0.0008 0.0017 0.0018 0.0012 0.0012 0.0018 0.0007 0.0005 
        FW10  3 0.0007 0.0008 0.0017 0.0006 0.0006 0.0013 0.9806 0.0013 0.0026 0.0025 0.0018 0.0017 0.0022 0.0010 0.0007 
       FW100  3 0.0007 0.0015 0.0019 0.0006 0.0006 0.0013 0.9798 0.0014 0.0025 0.0025 0.0016 0.0017 0.0022 0.0010 0.0007 
       FW101  3 0.0007 0.0008 0.0017 0.0006 0.0006 0.0013 0.9806 0.0013 0.0026 0.0025 0.0018 0.0017 0.0022 0.0010 0.0007 
       FW102  3 0.0006 0.9850 0.0013 0.0005 0.0005 0.0010 0.0012 0.0009 0.0017 0.0019 0.0012 0.0012 0.0018 0.0007 0.0005 
       FW103  3 0.0005 0.9851 0.0013 0.0005 0.0005 0.0010 0.0012 0.0008 0.0017 0.0018 0.0012 0.0013 0.0018 0.0007 0.0006 
       FW104  3 0.0012 0.0007 0.0028 0.0010 0.0012 0.0018 0.9708 0.0015 0.0047 0.0042 0.0020 0.0030 0.0028 0.0017 0.0008 
       FW105  3 0.0007 0.0008 0.0017 0.0006 0.0006 0.0013 0.9807 0.0013 0.0026 0.0025 0.0018 0.0017 0.0022 0.0010 0.0007 
       FW106  3 0.0016 0.0198 0.8927 0.0008 0.0007 0.0063 0.0150 0.0041 0.0062 0.0049 0.0062 0.0066 0.0294 0.0025 0.0033 
       FW107  3 0.0012 0.0007 0.0027 0.0009 0.0011 0.0018 0.9711 0.0014 0.0047 0.0041 0.0020 0.0029 0.0028 0.0017 0.0008 
       FW108  3 0.0005 0.9851 0.0013 0.0005 0.0005 0.0010 0.0012 0.0008 0.0017 0.0019 0.0011 0.0012 0.0018 0.0007 0.0005 
       FW109  3 0.0007 0.0008 0.0017 0.0005 0.0006 0.0013 0.9808 0.0012 0.0026 0.0024 0.0018 0.0017 0.0022 0.0009 0.0008 
        FW11  3 0.0007 0.0015 0.0020 0.0006 0.0006 0.0013 0.9797 0.0013 0.0026 0.0025 0.0017 0.0018 0.0022 0.0010 0.0007 
       FW110  3 0.0007 0.0008 0.0017 0.0006 0.0006 0.0012 0.9809 0.0012 0.0026 0.0024 0.0019 0.0017 0.0021 0.0010 0.0007 
       FW111  3 0.0006 0.9852 0.0013 0.0005 0.0005 0.0010 0.0011 0.0009 0.0017 0.0019 0.0011 0.0012 0.0018 0.0007 0.0006 
       FW112  3 0.0007 0.0014 0.0020 0.0006 0.0006 0.0013 0.9798 0.0013 0.0026 0.0025 0.0016 0.0017 0.0022 0.0010 0.0007 
       FW113  3 0.0006 0.9851 0.0013 0.0005 0.0005 0.0010 0.0012 0.0009 0.0017 0.0018 0.0012 0.0012 0.0018 0.0007 0.0006 
       FW114  3 0.0007 0.0008 0.0018 0.0006 0.0006 0.0014 0.9796 0.0017 0.0025 0.0024 0.0021 0.0018 0.0022 0.0010 0.0009 
       FW115  3 0.0007 0.0007 0.0018 0.0006 0.0006 0.0013 0.9807 0.0012 0.0025 0.0025 0.0018 0.0017 0.0022 0.0009 0.0007 
       FW116  3 0.0006 0.9852 0.0013 0.0005 0.0005 0.0010 0.0012 0.0008 0.0017 0.0018 0.0011 0.0012 0.0018 0.0007 0.0006 
        FW12  3 0.0005 0.9852 0.0013 0.0005 0.0005 0.0010 0.0012 0.0008 0.0017 0.0019 0.0011 0.0013 0.0018 0.0007 0.0005 
        FW13  3 0.0006 0.9851 0.0013 0.0005 0.0005 0.0010 0.0012 0.0008 0.0017 0.0018 0.0012 0.0012 0.0018 0.0007 0.0006 
        FW14  3 0.0012 0.0007 0.0027 0.0009 0.0012 0.0018 0.9709 0.0014 0.0048 0.0041 0.0020 0.0030 0.0027 0.0017 0.0008 
        FW15  3 0.0012 0.0007 0.0026 0.0010 0.0011 0.0018 0.9711 0.0014 0.0048 0.0042 0.0020 0.0029 0.0028 0.0017 0.0008 
        FW16  3 0.0007 0.0008 0.0017 0.0006 0.0006 0.0012 0.9807 0.0012 0.0025 0.0025 0.0019 0.0017 0.0022 0.0010 0.0007 
        FW17  3 0.0007 0.0008 0.0017 0.0006 0.0006 0.0012 0.9808 0.0013 0.0025 0.0025 0.0018 0.0017 0.0022 0.0010 0.0007 
        FW18  3 0.0006 0.0015 0.0020 0.0006 0.0006 0.0013 0.9798 0.0013 0.0026 0.0024 0.0017 0.0017 0.0022 0.0010 0.0008 
        FW19  3 0.0006 0.9851 0.0013 0.0005 0.0005 0.0010 0.0012 0.0008 0.0017 0.0019 0.0011 0.0013 0.0018 0.0007 0.0006 
        FW20  3 0.0005 0.9851 0.0013 0.0005 0.0005 0.0010 0.0012 0.0008 0.0017 0.0018 0.0011 0.0013 0.0018 0.0007 0.0006 
        FW21  3 0.0006 0.9850 0.0013 0.0005 0.0005 0.0010 0.0012 0.0008 0.0017 0.0019 0.0011 0.0013 0.0018 0.0007 0.0006 
        FW22  3 0.0007 0.0014 0.0019 0.0006 0.0006 0.0013 0.9799 0.0013 0.0026 0.0025 0.0016 0.0018 0.0021 0.0010 0.0008 
        FW23  3 0.0005 0.9852 0.0013 0.0005 0.0005 0.0010 0.0012 0.0008 0.0017 0.0018 0.0011 0.0013 0.0018 0.0007 0.0006 
        FW24  3 0.0005 0.9852 0.0013 0.0005 0.0005 0.0010 0.0011 0.0008 0.0017 0.0018 0.0011 0.0013 0.0018 0.0007 0.0006 
        FW25  3 0.0006 0.9852 0.0013 0.0005 0.0005 0.0010 0.0011 0.0008 0.0017 0.0018 0.0012 0.0013 0.0018 0.0007 0.0005 
        FW26  3 0.0006 0.9851 0.0013 0.0005 0.0005 0.0010 0.0012 0.0008 0.0017 0.0018 0.0012 0.0012 0.0018 0.0007 0.0006 
        FW27  3 0.0007 0.0007 0.0017 0.0006 0.0006 0.0013 0.9809 0.0012 0.0025 0.0025 0.0018 0.0017 0.0022 0.0009 0.0007 
        FW28  3 0.0006 0.9852 0.0013 0.0005 0.0005 0.0010 0.0012 0.0008 0.0017 0.0018 0.0012 0.0013 0.0018 0.0007 0.0006 
        FW29  3 0.0005 0.9851 0.0013 0.0005 0.0005 0.0010 0.0012 0.0009 0.0017 0.0018 0.0011 0.0012 0.0018 0.0007 0.0006 
        FW30  3 0.0017 0.0186 0.8947 0.0008 0.0007 0.0066 0.0146 0.0041 0.0061 0.0048 0.0061 0.0068 0.0285 0.0024 0.0034 
        FW32  3 0.0012 0.0007 0.0028 0.0010 0.0011 0.0019 0.9707 0.0014 0.0049 0.0041 0.0020 0.0030 0.0028 0.0017 0.0008 
        FW33  3 0.0006 0.9653 0.0057 0.0005 0.0005 0.0011 0.0012 0.0016 0.0017 0.0018 0.0012 0.0013 0.0112 0.0043 0.0019 
        FW34  3 0.0006 0.9850 0.0013 0.0005 0.0005 0.0010 0.0012 0.0008 0.0017 0.0019 0.0012 0.0013 0.0019 0.0007 0.0006 
        FW35  3 0.0006 0.9852 0.0013 0.0005 0.0005 0.0010 0.0012 0.0008 0.0017 0.0018 0.0011 0.0012 0.0018 0.0007 0.0006 
        FW36  3 0.0005 0.9852 0.0013 0.0005 0.0005 0.0010 0.0012 0.0008 0.0017 0.0018 0.0011 0.0012 0.0018 0.0007 0.0006 
        FW37  3 0.0007 0.0008 0.0017 0.0006 0.0006 0.0012 0.9806 0.0013 0.0025 0.0025 0.0019 0.0018 0.0022 0.0010 0.0007 
        FW51  3 0.0006 0.9851 0.0013 0.0005 0.0005 0.0010 0.0012 0.0008 0.0017 0.0019 0.0011 0.0012 0.0018 0.0007 0.0006 
        FW52  3 0.0007 0.0008 0.0017 0.0006 0.0006 0.0012 0.9806 0.0012 0.0025 0.0025 0.0019 0.0017 0.0022 0.0010 0.0008 
        FW53  3 0.0005 0.9851 0.0013 0.0005 0.0005 0.0010 0.0012 0.0009 0.0017 0.0019 0.0011 0.0013 0.0018 0.0007 0.0006 
        FW54  3 0.0007 0.0008 0.0017 0.0006 0.0006 0.0012 0.9810 0.0012 0.0025 0.0024 0.0020 0.0017 0.0020 0.0010 0.0007 
        FW55  3 0.0005 0.9851 0.0013 0.0005 0.0005 0.0010 0.0012 0.0008 0.0017 0.0018 0.0012 0.0013 0.0018 0.0007 0.0006 
        FW56  3 0.0006 0.9852 0.0013 0.0005 0.0005 0.0010 0.0011 0.0008 0.0017 0.0018 0.0012 0.0012 0.0018 0.0007 0.0006 
        FW57  3 0.0005 0.9852 0.0013 0.0005 0.0005 0.0010 0.0012 0.0008 0.0017 0.0018 0.0011 0.0013 0.0018 0.0007 0.0006 
        FW78  3 0.0005 0.9852 0.0013 0.0005 0.0005 0.0010 0.0011 0.0008 0.0017 0.0019 0.0011 0.0012 0.0018 0.0007 0.0005 
        FW79  3 0.0005 0.9852 0.0013 0.0005 0.0005 0.0010 0.0011 0.0008 0.0017 0.0018 0.0011 0.0012 0.0018 0.0007 0.0006 
        FW80  3 0.0006 0.9852 0.0013 0.0005 0.0005 0.0010 0.0012 0.0008 0.0017 0.0018 0.0012 0.0012 0.0018 0.0007 0.0006 
        FW81  3 0.0007 0.0008 0.0018 0.0006 0.0006 0.0012 0.9808 0.0012 0.0026 0.0024 0.0020 0.0017 0.0021 0.0009 0.0007 
        FW82  3 0.0007 0.0008 0.0017 0.0006 0.0006 0.0012 0.9807 0.0013 0.0026 0.0025 0.0018 0.0017 0.0022 0.0009 0.0007 
        FW83  3 0.0013 0.0007 0.0028 0.0009 0.0012 0.0019 0.9708 0.0015 0.0048 0.0041 0.0020 0.0029 0.0028 0.0017 0.0007 
        FW84  3 0.0005 0.9852 0.0013 0.0005 0.0005 0.0010 0.0012 0.0008 0.0017 0.0018 0.0012 0.0013 0.0018 0.0007 0.0006 
        FW85  3 0.0008 0.0008 0.0018 0.0006 0.0006 0.0013 0.9790 0.0014 0.0029 0.0025 0.0028 0.0017 0.0022 0.0010 0.0007 
        FW86  3 0.0007 0.0014 0.0019 0.0006 0.0006 0.0013 0.9799 0.0014 0.0025 0.0025 0.0017 0.0017 0.0022 0.0010 0.0008 
        FW87  3 0.0007 0.0016 0.0020 0.0006 0.0006 0.0013 0.9798 0.0013 0.0025 0.0025 0.0016 0.0017 0.0022 0.0010 0.0008 
        FW88  3 0.0005 0.9851 0.0013 0.0005 0.0005 0.0010 0.0012 0.0008 0.0017 0.0018 0.0012 0.0013 0.0018 0.0007 0.0005 
        FW89  3 0.0006 0.9851 0.0013 0.0005 0.0005 0.0010 0.0011 0.0008 0.0017 0.0018 0.0012 0.0012 0.0018 0.0007 0.0006 
        FW90  3 0.0006 0.9852 0.0013 0.0005 0.0005 0.0010 0.0011 0.0008 0.0017 0.0018 0.0012 0.0012 0.0018 0.0007 0.0005 
        FW91  3 0.0007 0.0007 0.0017 0.0006 0.0006 0.0013 0.9806 0.0012 0.0026 0.0025 0.0018 0.0017 0.0022 0.0009 0.0007 
        FW92  3 0.0006 0.9851 0.0013 0.0005 0.0005 0.0010 0.0012 0.0008 0.0017 0.0018 0.0012 0.0013 0.0018 0.0007 0.0005 
        FW93  3 0.0005 0.9851 0.0013 0.0005 0.0005 0.0010 0.0012 0.0008 0.0017 0.0018 0.0011 0.0012 0.0018 0.0007 0.0006 
        FW94  3 0.0007 0.0007 0.0017 0.0006 0.0006 0.0012 0.9807 0.0012 0.0025 0.0025 0.0018 0.0017 0.0022 0.0010 0.0007 
        FW95  3 0.0006 0.9850 0.0013 0.0005 0.0005 0.0010 0.0012 0.0008 0.0017 0.0019 0.0011 0.0012 0.0018 0.0007 0.0006 
        FW96  3 0.0006 0.9851 0.0013 0.0005 0.0005 0.0010 0.0011 0.0008 0.0017 0.0018 0.0012 0.0013 0.0018 0.0007 0.0006 
        FW97  3 0.0019 0.0055 0.9412 0.0023 0.0014 0.0028 0.0142 0.0023 0.0045 0.0069 0.0022 0.0070 0.0045 0.0023 0.0011 
        FW98  3 0.0006 0.0008 0.0017 0.0006 0.0006 0.0012 0.9810 0.0012 0.0026 0.0024 0.0019 0.0017 0.0021 0.0009 0.0007 
        FW99  3 0.0006 0.9851 0.0013 0.0005 0.0005 0.0010 0.0012 0.0008 0.0017 0.0018 0.0012 0.0013 0.0018 0.0007 0.0006 
       Cal01  3 0.0011 0.2090 0.7604 0.0009 0.0038 0.0026 0.0030 0.0026 0.0029 0.0049 0.0024 0.0017 0.0026 0.0010 0.0010 
       Cal02  3 0.0011 0.0046 0.9679 0.0008 0.0007 0.0020 0.0024 0.0021 0.0034 0.0028 0.0019 0.0026 0.0047 0.0021 0.0009 
       Cal03  3 0.0014 0.0392 0.9055 0.0005 0.0008 0.0027 0.0257 0.0016 0.0047 0.0035 0.0056 0.0023 0.0038 0.0015 0.0013 
       Cal04  3 0.0028 0.0007 0.9657 0.0008 0.0007 0.0028 0.0017 0.0025 0.0042 0.0059 0.0030 0.0031 0.0033 0.0016 0.0012 
       Cal05  3 0.0006 0.0029 0.9664 0.0005 0.0005 0.0012 0.0095 0.0019 0.0023 0.0021 0.0016 0.0016 0.0019 0.0008 0.0060 
       Cal06  3 0.0009 0.0024 0.9663 0.0011 0.0009 0.0033 0.0022 0.0050 0.0027 0.0027 0.0025 0.0018 0.0053 0.0017 0.0011 
       Cal07  3 0.0007 0.0139 0.9457 0.0006 0.0007 0.0016 0.0029 0.0024 0.0019 0.0020 0.0016 0.0014 0.0021 0.0012 0.0213 
       Cal08  3 0.0010 0.0410 0.8870 0.0018 0.0016 0.0028 0.0086 0.0020 0.0038 0.0052 0.0353 0.0030 0.0034 0.0013 0.0020 
       Cal09  3 0.0008 0.0378 0.9050 0.0007 0.0075 0.0016 0.0032 0.0064 0.0040 0.0029 0.0014 0.0022 0.0033 0.0013 0.0218 
       Cal10  3 0.0015 0.0008 0.9671 0.0006 0.0009 0.0037 0.0036 0.0023 0.0031 0.0045 0.0042 0.0025 0.0027 0.0014 0.0012 
       Cal11  3 0.0011 0.0103 0.9257 0.0133 0.0016 0.0028 0.0150 0.0044 0.0029 0.0050 0.0022 0.0048 0.0049 0.0041 0.0019 
      Cal197  3 0.0010 0.3310 0.6425 0.0006 0.0005 0.0050 0.0020 0.0027 0.0019 0.0026 0.0013 0.0014 0.0041 0.0013 0.0018 
      Cal198  3 0.0015 0.0044 0.8506 0.0006 0.0010 0.0045 0.0172 0.0050 0.0024 0.0639 0.0024 0.0040 0.0027 0.0020 0.0378 
      Cal199  3 0.0008 0.0011 0.9409 0.0007 0.0014 0.0015 0.0073 0.0012 0.0032 0.0163 0.0021 0.0195 0.0024 0.0010 0.0007 
      Cal200  3 0.0024 0.0024 0.8961 0.0011 0.0012 0.0024 0.0629 0.0040 0.0030 0.0024 0.0164 0.0016 0.0022 0.0010 0.0009 
      Cal201  3 0.0009 0.0125 0.9502 0.0008 0.0007 0.0025 0.0146 0.0030 0.0018 0.0021 0.0017 0.0019 0.0029 0.0017 0.0028 
      Cal202  3 0.0055 0.0046 0.9247 0.0007 0.0008 0.0024 0.0039 0.0014 0.0156 0.0195 0.0080 0.0040 0.0038 0.0023 0.0028 
      Cal203  3 0.0008 0.0009 0.9680 0.0016 0.0008 0.0017 0.0085 0.0015 0.0027 0.0032 0.0024 0.0032 0.0028 0.0012 0.0008 
      Cal204  3 0.0007 0.0010 0.9735 0.0008 0.0013 0.0015 0.0020 0.0013 0.0031 0.0030 0.0022 0.0021 0.0053 0.0009 0.0013 
      Cal205  3 0.0011 0.0024 0.9717 0.0005 0.0006 0.0021 0.0028 0.0019 0.0025 0.0034 0.0025 0.0016 0.0049 0.0011 0.0010 
      Cal206  3 0.0013 0.0028 0.9639 0.0007 0.0008 0.0023 0.0081 0.0014 0.0044 0.0029 0.0019 0.0022 0.0038 0.0024 0.0011 
      Cal207  3 0.0009 0.0020 0.9667 0.0006 0.0013 0.0018 0.0022 0.0019 0.0021 0.0031 0.0015 0.0113 0.0023 0.0009 0.0015 
      Cal208  3 0.0008 0.0124 0.9609 0.0009 0.0014 0.0024 0.0041 0.0013 0.0028 0.0039 0.0019 0.0025 0.0024 0.0013 0.0009 
      Cal209  3 0.0008 0.0082 0.9719 0.0007 0.0006 0.0014 0.0025 0.0012 0.0026 0.0024 0.0013 0.0016 0.0023 0.0011 0.0014 
      Cal210  3 0.0008 0.0011 0.9406 0.0007 0.0014 0.0016 0.0075 0.0012 0.0032 0.0166 0.0021 0.0192 0.0024 0.0009 0.0007 
      Cal211  3 0.0008 0.0136 0.9632 0.0007 0.0007 0.0015 0.0037 0.0019 0.0019 0.0023 0.0028 0.0021 0.0023 0.0012 0.0014 
      Cal212  3 0.0009 0.0016 0.9547 0.0006 0.0009 0.0014 0.0186 0.0016 0.0028 0.0029 0.0061 0.0029 0.0028 0.0012 0.0010 
      Cal213  3 0.0033 0.0124 0.7310 0.0005 0.0006 0.0523 0.1070 0.0309 0.0026 0.0161 0.0093 0.0049 0.0026 0.0023 0.0242 
      Cal214  3 0.0049 0.0006 0.9209 0.0007 0.0006 0.0017 0.0017 0.0013 0.0032 0.0527 0.0020 0.0015 0.0055 0.0018 0.0009 
      Cal215  3 0.0013 0.0107 0.9557 0.0010 0.0016 0.0022 0.0029 0.0016 0.0059 0.0057 0.0025 0.0028 0.0030 0.0017 0.0015 
      Cal216  3 0.0016 0.0647 0.8832 0.0008 0.0014 0.0021 0.0209 0.0021 0.0039 0.0033 0.0026 0.0026 0.0039 0.0028 0.0041 
      Cal217  3 0.0008 0.0099 0.9681 0.0007 0.0006 0.0017 0.0028 0.0019 0.0019 0.0024 0.0013 0.0014 0.0031 0.0012 0.0021 
      Cal218  3 0.0009 0.0034 0.8906 0.0006 0.0007 0.0014 0.0844 0.0020 0.0025 0.0026 0.0033 0.0025 0.0027 0.0015 0.0011 
      Cal219  3 0.0010 0.0163 0.9510 0.0008 0.0014 0.0027 0.0066 0.0021 0.0026 0.0026 0.0018 0.0040 0.0042 0.0020 0.0009 
      Cal220  3 0.0011 0.0046 0.8854 0.0017 0.0016 0.0026 0.0024 0.0019 0.0021 0.0062 0.0016 0.0037 0.0817 0.0021 0.0013 
      Cal221  3 0.0007 0.0026 0.9627 0.0006 0.0006 0.0018 0.0096 0.0018 0.0028 0.0054 0.0015 0.0058 0.0021 0.0012 0.0009 
      Cal222  3 0.0008 0.0013 0.9634 0.0007 0.0008 0.0017 0.0058 0.0020 0.0028 0.0080 0.0020 0.0062 0.0024 0.0010 0.0010 
      Cal223  3 0.0020 0.0009 0.8471 0.0016 0.0015 0.0057 0.0247 0.0221 0.0027 0.0197 0.0033 0.0040 0.0115 0.0028 0.0503 
      Cal224  3 0.0031 0.0009 0.9035 0.0014 0.0025 0.0019 0.0020 0.0015 0.0145 0.0501 0.0028 0.0051 0.0023 0.0018 0.0066 
       Cal33  3 0.0011 0.0018 0.9740 0.0006 0.0006 0.0026 0.0030 0.0014 0.0024 0.0024 0.0018 0.0021 0.0027 0.0021 0.0014 
       Cal34  3 0.0008 0.0014 0.9309 0.0006 0.0006 0.0015 0.0034 0.0028 0.0034 0.0046 0.0015 0.0020 0.0434 0.0010 0.0019 
       Cal35  3 0.0009 0.0015 0.9761 0.0006 0.0010 0.0017 0.0022 0.0019 0.0024 0.0022 0.0032 0.0015 0.0025 0.0011 0.0012 
       Cal37  3 0.0010 0.0016 0.9474 0.0006 0.0016 0.0037 0.0030 0.0044 0.0028 0.0022 0.0082 0.0028 0.0043 0.0131 0.0033 
       Cal38  3 0.0007 0.2814 0.6977 0.0006 0.0007 0.0018 0.0026 0.0022 0.0016 0.0025 0.0015 0.0018 0.0025 0.0010 0.0016 
       Cal39  3 0.0007 0.0146 0.9257 0.0009 0.0015 0.0016 0.0349 0.0018 0.0045 0.0027 0.0013 0.0040 0.0023 0.0016 0.0020 
       Cal40  3 0.0008 0.0081 0.9722 0.0007 0.0006 0.0014 0.0025 0.0012 0.0026 0.0024 0.0013 0.0016 0.0023 0.0011 0.0013 
       Cal41  3 0.0008 0.0038 0.9762 0.0007 0.0006 0.0014 0.0023 0.0016 0.0025 0.0024 0.0015 0.0017 0.0022 0.0010 0.0012 
       Cal42  3 0.0009 0.0022 0.9757 0.0011 0.0008 0.0017 0.0025 0.0011 0.0028 0.0028 0.0017 0.0020 0.0023 0.0015 0.0008 
       Cal43  3 0.0012 0.0012 0.9732 0.0007 0.0009 0.0018 0.0038 0.0017 0.0020 0.0032 0.0018 0.0028 0.0028 0.0014 0.0013 
       Cal44  3 0.0010 0.0051 0.8857 0.0010 0.0012 0.0017 0.0357 0.0021 0.0032 0.0053 0.0032 0.0036 0.0487 0.0015 0.0009 
        BW41  3 0.0011 0.0013 0.9226 0.0009 0.0018 0.0023 0.0064 0.0019 0.0339 0.0075 0.0032 0.0038 0.0049 0.0066 0.0018 
        BW42  3 0.0025 0.0015 0.9512 0.0008 0.0007 0.0079 0.0151 0.0023 0.0028 0.0033 0.0023 0.0020 0.0030 0.0030 0.0015 
        BW44  3 0.0012 0.0007 0.9679 0.0008 0.0007 0.0018 0.0093 0.0027 0.0020 0.0029 0.0016 0.0017 0.0026 0.0015 0.0026 
        BW45  3 0.0007 0.0017 0.9742 0.0006 0.0005 0.0012 0.0080 0.0023 0.0018 0.0019 0.0016 0.0013 0.0021 0.0010 0.0011 
        BW46  3 0.0010 0.0019 0.9262 0.0007 0.0027 0.0023 0.0397 0.0018 0.0053 0.0056 0.0024 0.0026 0.0046 0.0024 0.0009 
        BW47  3 0.0008 0.0393 0.8760 0.0006 0.0019 0.0016 0.0023 0.0053 0.0128 0.0023 0.0042 0.0047 0.0445 0.0015 0.0023 
        BW48  3 0.0009 0.0015 0.9200 0.0014 0.0042 0.0033 0.0355 0.0024 0.0062 0.0049 0.0029 0.0064 0.0054 0.0030 0.0020 
        BW49  3 0.0007 0.0109 0.9564 0.0010 0.0020 0.0019 0.0028 0.0031 0.0021 0.0024 0.0012 0.0024 0.0024 0.0014 0.0093 
        BW50  3 0.0009 0.0069 0.9691 0.0008 0.0007 0.0018 0.0037 0.0017 0.0034 0.0029 0.0015 0.0018 0.0025 0.0016 0.0009 
        BW51  3 0.0007 0.0163 0.8189 0.0007 0.0009 0.0019 0.1224 0.0239 0.0023 0.0032 0.0012 0.0019 0.0027 0.0019 0.0010 
        BW52  3 0.0007 0.0025 0.9738 0.0028 0.0007 0.0016 0.0027 0.0018 0.0023 0.0028 0.0013 0.0018 0.0028 0.0015 0.0009 
        BW53  3 0.0008 0.0020 0.9346 0.0006 0.0005 0.0036 0.0028 0.0027 0.0028 0.0028 0.0043 0.0022 0.0354 0.0037 0.0012 
        BW54  3 0.0015 0.0031 0.8205 0.0010 0.0014 0.0037 0.0122 0.0106 0.0093 0.0092 0.0534 0.0069 0.0400 0.0238 0.0032 
        BW55  3 0.0008 0.0014 0.9431 0.0011 0.0020 0.0026 0.0239 0.0022 0.0047 0.0055 0.0031 0.0041 0.0033 0.0014 0.0008 
        BW56  3 0.0008 0.0018 0.9742 0.0007 0.0005 0.0018 0.0018 0.0019 0.0046 0.0025 0.0019 0.0016 0.0041 0.0009 0.0011 
        BW57  3 0.0011 0.0051 0.9550 0.0006 0.0008 0.0023 0.0023 0.0037 0.0023 0.0036 0.0019 0.0016 0.0155 0.0014 0.0027 
        BW58  3 0.0009 0.0034 0.9603 0.0006 0.0006 0.0031 0.0090 0.0038 0.0026 0.0032 0.0015 0.0030 0.0049 0.0017 0.0013 
        BW59  3 0.0006 0.0732 0.8995 0.0006 0.0009 0.0031 0.0041 0.0020 0.0025 0.0022 0.0017 0.0019 0.0051 0.0010 0.0015 
        BW60  3 0.0007 0.0010 0.9756 0.0008 0.0007 0.0015 0.0039 0.0019 0.0027 0.0025 0.0021 0.0019 0.0025 0.0011 0.0010 
        BW61  3 0.0014 0.0105 0.8148 0.0011 0.0008 0.0258 0.0565 0.0027 0.0719 0.0030 0.0020 0.0028 0.0029 0.0014 0.0026 
        BW62  3 0.0009 0.0014 0.9183 0.0007 0.0008 0.0027 0.0401 0.0020 0.0059 0.0031 0.0139 0.0023 0.0032 0.0032 0.0015 
        BW63  3 0.0022 0.0010 0.8384 0.0007 0.0031 0.0069 0.0440 0.0154 0.0033 0.0038 0.0464 0.0041 0.0088 0.0105 0.0114 
        BW64  3 0.0014 0.0454 0.9172 0.0007 0.0006 0.0021 0.0180 0.0019 0.0021 0.0023 0.0020 0.0015 0.0023 0.0015 0.0010 
        BW65  3 0.0017 0.0008 0.9102 0.0012 0.0015 0.0031 0.0157 0.0038 0.0125 0.0118 0.0044 0.0030 0.0257 0.0033 0.0012 
        BW66  3 0.0007 0.0018 0.9514 0.0021 0.0007 0.0028 0.0157 0.0043 0.0051 0.0029 0.0034 0.0019 0.0026 0.0011 0.0034 
        BW67  3 0.0008 0.0022 0.8387 0.0007 0.0008 0.0013 0.1422 0.0015 0.0021 0.0021 0.0020 0.0013 0.0023 0.0009 0.0011 
        BW68  3 0.0009 0.0020 0.9510 0.0006 0.0022 0.0039 0.0089 0.0035 0.0065 0.0030 0.0031 0.0024 0.0063 0.0038 0.0019 
        BW69  3 0.0010 0.0012 0.9272 0.0008 0.0009 0.0016 0.0075 0.0017 0.0455 0.0032 0.0016 0.0025 0.0029 0.0014 0.0009 
        BW70  3 0.0010 0.0067 0.9187 0.0010 0.0008 0.0027 0.0478 0.0024 0.0022 0.0049 0.0025 0.0025 0.0034 0.0015 0.0020 
        BW71  3 0.0006 0.0237 0.9581 0.0008 0.0007 0.0012 0.0021 0.0015 0.0019 0.0021 0.0011 0.0016 0.0021 0.0012 0.0012 
        BW72  3 0.0011 0.0041 0.9161 0.0016 0.0066 0.0073 0.0034 0.0027 0.0113 0.0050 0.0149 0.0045 0.0067 0.0117 0.0029 
        BW73  3 0.0073 0.0044 0.9103 0.0103 0.0008 0.0104 0.0023 0.0041 0.0281 0.0032 0.0031 0.0020 0.0059 0.0059 0.0019 
        BW74  3 0.0015 0.0017 0.9080 0.0008 0.0017 0.0031 0.0496 0.0033 0.0054 0.0064 0.0019 0.0037 0.0052 0.0048 0.0030 
        BW75  3 0.0021 0.0101 0.9379 0.0076 0.0021 0.0075 0.0024 0.0060 0.0024 0.0054 0.0015 0.0077 0.0032 0.0016 0.0024 
        BW76  3 0.0009 0.0011 0.9656 0.0009 0.0015 0.0019 0.0044 0.0017 0.0060 0.0038 0.0047 0.0021 0.0035 0.0011 0.0009 
        BW77  3 0.0033 0.0076 0.8552 0.0009 0.0007 0.0028 0.0281 0.0048 0.0046 0.0040 0.0018 0.0016 0.0667 0.0112 0.0068 
        BW78  3 0.0007 0.0008 0.9698 0.0008 0.0010 0.0014 0.0043 0.0015 0.0027 0.0033 0.0022 0.0021 0.0028 0.0010 0.0055 
        BW79  3 0.0009 0.0176 0.9461 0.0008 0.0009 0.0120 0.0027 0.0044 0.0026 0.0026 0.0018 0.0021 0.0035 0.0009 0.0011 
        BW80  3 0.0008 0.0018 0.9635 0.0007 0.0005 0.0028 0.0104 0.0018 0.0024 0.0027 0.0026 0.0034 0.0044 0.0013 0.0010 
        BW81  3 0.0015 0.0016 0.9618 0.0007 0.0006 0.0022 0.0078 0.0034 0.0026 0.0042 0.0017 0.0019 0.0047 0.0015 0.0038 
       BWS05  3 0.0017 0.0039 0.7786 0.0016 0.0010 0.0060 0.1441 0.0041 0.0218 0.0054 0.0041 0.0075 0.0140 0.0040 0.0022 
       BWS06  3 0.0008 0.0012 0.6447 0.0010 0.0008 0.0017 0.3260 0.0019 0.0029 0.0061 0.0024 0.0031 0.0050 0.0013 0.0009 
       BWS07  3 0.0146 0.0252 0.9035 0.0005 0.0006 0.0067 0.0033 0.0071 0.0021 0.0025 0.0032 0.0015 0.0020 0.0261 0.0012 
       BWS08  3 0.0009 0.0008 0.9238 0.0027 0.0008 0.0100 0.0042 0.0078 0.0170 0.0043 0.0128 0.0036 0.0033 0.0012 0.0066 
       BWS09  3 0.0007 0.0188 0.9545 0.0006 0.0007 0.0012 0.0032 0.0020 0.0026 0.0043 0.0020 0.0015 0.0063 0.0008 0.0008 
       BWS10  3 0.0011 0.0020 0.9240 0.0009 0.0009 0.0029 0.0161 0.0033 0.0027 0.0041 0.0306 0.0038 0.0032 0.0023 0.0019 
