        TC01  1 0.0036 0.0049 0.0014 0.9563 0.0337 
        TC02  1 0.0033 0.0086 0.0022 0.9822 0.0037 
        TC03  1 0.0086 0.0051 0.0035 0.9814 0.0014 
        TC04  1 0.0333 0.0350 0.0127 0.9175 0.0016 
        TC05  1 0.0012 0.0219 0.0030 0.9733 0.0006 
        TC06  1 0.0014 0.0039 0.0272 0.9667 0.0008 
        TC07  1 0.0015 0.0396 0.0032 0.9497 0.0060 
        TC08  1 0.0010 0.0075 0.0052 0.9851 0.0012 
        TC09  1 0.0011 0.0054 0.0193 0.9735 0.0007 
        TC10  1 0.0024 0.0021 0.0015 0.9897 0.0042 
        TC11  1 0.0024 0.0023 0.0012 0.9920 0.0021 
        TC12  1 0.0185 0.0372 0.0041 0.9337 0.0065 
        TC13  1 0.0012 0.0025 0.0025 0.9931 0.0007 
        TC14  1 0.0067 0.0172 0.0282 0.9454 0.0024 
        TC15  1 0.0084 0.0181 0.0222 0.9507 0.0006 
        TC16  1 0.0020 0.0229 0.1094 0.8643 0.0013 
        TC17  1 0.0072 0.0561 0.0041 0.9281 0.0045 
        TC18  1 0.1335 0.0115 0.0042 0.8495 0.0013 
        TC19  1 0.0010 0.0021 0.0019 0.9939 0.0011 
        TC20  1 0.0026 0.0032 0.0038 0.9880 0.0025 
        TC21  1 0.0092 0.3147 0.0049 0.6683 0.0028 
        TC22  1 0.0122 0.0423 0.0145 0.9285 0.0025 
        TC23  1 0.0032 0.0036 0.0028 0.9871 0.0033 
        TC24  1 0.0007 0.0022 0.0013 0.9953 0.0006 
        TC25  1 0.0226 0.0091 0.1258 0.8213 0.0212 
        TC26  1 0.0008 0.0032 0.0041 0.9913 0.0006 
        TC27  1 0.0159 0.0089 0.0127 0.9616 0.0009 
        TC28  1 0.0027 0.0116 0.0141 0.9698 0.0017 
        TC29  1 0.0055 0.0229 0.0207 0.9482 0.0027 
        TC30  1 0.0009 0.0025 0.0051 0.9905 0.0009 
        TC31  1 0.0801 0.0094 0.0024 0.8887 0.0194 
        TC32  1 0.0013 0.1267 0.0370 0.8337 0.0013 
        TC33  1 0.0022 0.0096 0.0034 0.9782 0.0065 
        TC34  1 0.0012 0.0035 0.0295 0.9647 0.0010 
        TC35  1 0.0082 0.0045 0.0027 0.9759 0.0087 
        TC36  1 0.0019 0.0049 0.0025 0.9896 0.0011 
        TC37  1 0.0018 0.0069 0.0010 0.9891 0.0013 
        TC38  1 0.0100 0.0044 0.0046 0.9783 0.0029 
        TC39  1 0.0016 0.0030 0.0062 0.9884 0.0008 
        TC40  1 0.0027 0.0168 0.0147 0.9644 0.0014 
        TC41  1 0.0011 0.0055 0.0017 0.9890 0.0027 
        TC42  1 0.0009 0.0025 0.0063 0.9894 0.0008 
        TC43  1 0.0039 0.0037 0.0051 0.9867 0.0007 
        TC44  1 0.0040 0.0059 0.0079 0.9767 0.0055 
        TC45  1 0.0030 0.0024 0.0009 0.9928 0.0010 
        TC46  1 0.0127 0.0192 0.0014 0.9659 0.0009 
        TC47  1 0.0047 0.0042 0.0031 0.9862 0.0018 
        TC48  1 0.0089 0.0815 0.0043 0.9035 0.0018 
        TC49  1 0.0016 0.0191 0.0022 0.9748 0.0024 
        TC50  1 0.0103 0.0346 0.0027 0.9503 0.0021 
        TC51  1 0.0030 0.0065 0.1117 0.8720 0.0067 
        TC52  1 0.0133 0.0077 0.0068 0.9717 0.0006 
        TC53  1 0.0012 0.0068 0.0041 0.9866 0.0013 
        TC54  1 0.0028 0.0808 0.0061 0.9085 0.0018 
        TC55  1 0.0039 0.0138 0.0083 0.9725 0.0015 
        TC56  1 0.0235 0.0167 0.0095 0.9432 0.0070 
        TC57  1 0.0063 0.0200 0.0013 0.9713 0.0011 
        TC58  1 0.0015 0.0036 0.0021 0.9726 0.0202 
        TC59  1 0.0008 0.0027 0.0019 0.9937 0.0008 
        TA01  2 0.0011 0.0048 0.0027 0.9904 0.0009 
        TA02  2 0.0014 0.0107 0.0016 0.9858 0.0006 
        TA03  2 0.0055 0.0067 0.0024 0.9840 0.0015 
        TA04  2 0.0016 0.0027 0.2810 0.7140 0.0007 
        TA05  2 0.0025 0.0068 0.0017 0.9877 0.0014 
        TA06  2 0.0009 0.0022 0.0057 0.9889 0.0023 
        TA07  2 0.0018 0.0136 0.0016 0.9792 0.0038 
        TA08  2 0.0293 0.0023 0.0082 0.9594 0.0007 
        TA09  2 0.0010 0.0027 0.0039 0.9918 0.0007 
        TA10  2 0.0009 0.0050 0.0038 0.8845 0.1057 
        TA11  2 0.0040 0.0064 0.0032 0.8733 0.1132 
        TA12  2 0.0009 0.0749 0.0011 0.8801 0.0429 
        TA13  2 0.0014 0.2092 0.0152 0.7629 0.0113 
        TA14  2 0.0007 0.0024 0.0054 0.9911 0.0005 
        TA15  2 0.0007 0.0044 0.0071 0.9866 0.0011 
        TA16  2 0.0011 0.0099 0.0100 0.9512 0.0278 
        TA17  2 0.0019 0.0234 0.0051 0.9673 0.0022 
        TA18  2 0.0009 0.1075 0.0042 0.8749 0.0124 
        TA19  2 0.0329 0.0287 0.0349 0.8974 0.0061 
        TA20  2 0.0020 0.0405 0.0019 0.9539 0.0017 
        TA21  2 0.0023 0.0187 0.0027 0.9746 0.0016 
        TA22  2 0.0009 0.0073 0.0228 0.9683 0.0007 
        TA23  2 0.0009 0.0031 0.0128 0.9826 0.0007 
        TA24  2 0.0038 0.0160 0.0029 0.9762 0.0011 
        TA25  2 0.0008 0.0056 0.0089 0.7391 0.2456 
        TA26  2 0.0023 0.0055 0.0030 0.9828 0.0064 
        TA27  2 0.0014 0.0216 0.0051 0.9702 0.0018 
        TA28  2 0.0162 0.0404 0.0018 0.9409 0.0007 
        TA29  2 0.0020 0.0059 0.0191 0.9709 0.0021 
        TA30  2 0.0064 0.0151 0.0465 0.9302 0.0019 
      BERM01  3 0.0006 0.0015 0.9961 0.0013 0.0005 
      BERM02  3 0.0007 0.0015 0.9947 0.0025 0.0005 
      BERM03  3 0.0008 0.0017 0.9955 0.0012 0.0008 
      BERM04  3 0.0010 0.0013 0.9958 0.0011 0.0008 
      BERM05  3 0.0013 0.0018 0.9950 0.0009 0.0010 
      BERM06  3 0.0010 0.0017 0.9940 0.0028 0.0005 
      BERM07  3 0.0009 0.0016 0.9945 0.0021 0.0009 
      BERM08  3 0.0008 0.0011 0.9964 0.0012 0.0005 
      BERM09  3 0.0006 0.0014 0.8267 0.1707 0.0007 
      BERM10  3 0.0017 0.0022 0.9925 0.0030 0.0007 
      BERM11  3 0.0009 0.0014 0.9935 0.0035 0.0007 
      BERM12  3 0.0123 0.0018 0.9655 0.0051 0.0153 
      BERM13  3 0.0007 0.0018 0.9954 0.0014 0.0006 
      BERM14  3 0.0009 0.0014 0.9917 0.0051 0.0010 
      CROC01  3 0.0028 0.0066 0.9878 0.0015 0.0013 
      CROC02  3 0.0018 0.0079 0.9816 0.0074 0.0012 
      CROC03  3 0.0027 0.0022 0.9893 0.0048 0.0009 
      CROC04  3 0.0028 0.0063 0.9359 0.0543 0.0008 
      CROC05  3 0.0007 0.0017 0.9952 0.0015 0.0009 
      CROC06  3 0.0020 0.0169 0.9313 0.0083 0.0416 
      CROC07  3 0.0009 0.0019 0.9936 0.0030 0.0006 
      CROC08  3 0.0027 0.0180 0.9762 0.0015 0.0016 
      CROC09  3 0.0011 0.0026 0.9941 0.0017 0.0005 
      CROC10  3 0.0009 0.0014 0.9957 0.0012 0.0008 
      CROC11  3 0.0011 0.0024 0.9942 0.0018 0.0005 
     CROC110  3 0.0009 0.0071 0.9869 0.0045 0.0006 
     CROC116  3 0.0036 0.0057 0.9819 0.0078 0.0009 
      CROC12  3 0.0007 0.0021 0.9953 0.0014 0.0006 
     CROC123  3 0.0007 0.0012 0.9960 0.0017 0.0004 
      CROC13  3 0.0017 0.0015 0.9941 0.0017 0.0010 
      CROC14  3 0.0010 0.0098 0.9041 0.0076 0.0775 
      CROC15  3 0.0493 0.0579 0.8879 0.0024 0.0025 
      CROC16  3 0.0041 0.0046 0.9888 0.0017 0.0008 
      CROC17  3 0.0007 0.0040 0.9553 0.0395 0.0005 
      CROC18  3 0.0079 0.0084 0.9790 0.0041 0.0006 
      CROC19  3 0.0016 0.0030 0.9919 0.0023 0.0012 
     CROC198  3 0.0010 0.0017 0.9943 0.0018 0.0012 
      CROC20  3 0.0016 0.0035 0.9924 0.0016 0.0009 
     CROC202  3 0.0035 0.0018 0.9917 0.0018 0.0012 
      CROC21  3 0.0009 0.0020 0.9946 0.0018 0.0007 
     CROC216  3 0.0045 0.0233 0.9455 0.0260 0.0007 
      CROC22  3 0.0010 0.0056 0.9448 0.0103 0.0383 
      CROC23  3 0.0009 0.0021 0.9914 0.0050 0.0006 
      CROC24  3 0.0015 0.0020 0.9925 0.0034 0.0007 
      CROC25  3 0.0007 0.0015 0.9953 0.0018 0.0007 
     CROC259  3 0.0011 0.0018 0.9818 0.0106 0.0047 
      CROC26  3 0.0012 0.0016 0.9360 0.0599 0.0012 
      CROC27  3 0.0012 0.0034 0.9312 0.0633 0.0009 
      CROC28  3 0.0007 0.0015 0.8154 0.1817 0.0007 
      CROC29  3 0.0010 0.0021 0.9941 0.0021 0.0007 
      CROC30  3 0.0019 0.0080 0.9864 0.0029 0.0008 
      CROC31  3 0.0010 0.0143 0.9459 0.0381 0.0008 
      CROC32  3 0.0007 0.0016 0.9945 0.0022 0.0009 
      CROC33  3 0.0025 0.0333 0.9472 0.0166 0.0004 
      CROC34  3 0.0010 0.0020 0.9945 0.0016 0.0009 
      CROC35  3 0.0008 0.0050 0.9754 0.0182 0.0006 
      CROC36  3 0.0008 0.0013 0.9962 0.0010 0.0006 
      CROC57  3 0.0009 0.0018 0.9947 0.0012 0.0013 
      CROC81  3 0.0035 0.0039 0.9900 0.0018 0.0009 
      CROC84  3 0.0027 0.0015 0.9900 0.0031 0.0027 
        FW01  3 0.0015 0.0020 0.0025 0.9933 0.0008 
        FW02  3 0.0005 0.0011 0.9969 0.0009 0.0005 
        FW03  3 0.0011 0.0014 0.0020 0.9950 0.0005 
        FW04  3 0.0005 0.0011 0.9969 0.0009 0.0006 
        FW05  3 0.0005 0.0011 0.9969 0.0009 0.0005 
        FW06  3 0.0006 0.0011 0.9969 0.0009 0.0005 
        FW07  3 0.0011 0.0014 0.0020 0.9950 0.0005 
        FW08  3 0.0006 0.0011 0.9969 0.0010 0.0005 
        FW09  3 0.0006 0.0011 0.9968 0.0010 0.0005 
        FW10  3 0.0010 0.0014 0.0020 0.9950 0.0005 
       FW100  3 0.0010 0.0015 0.0032 0.9939 0.0005 
       FW101  3 0.0011 0.0015 0.0021 0.9948 0.0006 
       FW102  3 0.0005 0.0011 0.9969 0.0009 0.0005 
       FW103  3 0.0005 0.0011 0.9968 0.0009 0.0006 
       FW104  3 0.0016 0.0019 0.0025 0.9932 0.0008 
       FW105  3 0.0010 0.0015 0.0020 0.9950 0.0005 
       FW106  3 0.0041 0.0111 0.9782 0.0058 0.0009 
       FW107  3 0.0016 0.0019 0.0025 0.9932 0.0008 
       FW108  3 0.0005 0.0011 0.9968 0.0010 0.0005 
       FW109  3 0.0011 0.0015 0.0021 0.9948 0.0005 
        FW11  3 0.0010 0.0015 0.0033 0.9937 0.0005 
       FW110  3 0.0010 0.0014 0.0021 0.9949 0.0006 
       FW111  3 0.0005 0.0011 0.9969 0.0010 0.0005 
       FW112  3 0.0010 0.0015 0.0035 0.9935 0.0006 
       FW113  3 0.0006 0.0011 0.9968 0.0010 0.0006 
       FW114  3 0.0010 0.0014 0.0020 0.9950 0.0005 
       FW115  3 0.0011 0.0015 0.0020 0.9949 0.0006 
       FW116  3 0.0005 0.0011 0.9968 0.0010 0.0006 
        FW12  3 0.0006 0.0011 0.9968 0.0009 0.0005 
        FW13  3 0.0006 0.0011 0.9968 0.0010 0.0005 
        FW14  3 0.0015 0.0019 0.0025 0.9934 0.0008 
        FW15  3 0.0015 0.0019 0.0025 0.9934 0.0007 
        FW16  3 0.0010 0.0015 0.0020 0.9949 0.0005 
        FW17  3 0.0010 0.0014 0.0020 0.9951 0.0005 
        FW18  3 0.0010 0.0015 0.0038 0.9932 0.0005 
        FW19  3 0.0005 0.0011 0.9969 0.0009 0.0005 
        FW20  3 0.0005 0.0011 0.9968 0.0010 0.0006 
        FW21  3 0.0005 0.0011 0.9969 0.0009 0.0005 
        FW22  3 0.0010 0.0015 0.0036 0.9934 0.0005 
        FW23  3 0.0006 0.0011 0.9969 0.0010 0.0005 
        FW24  3 0.0005 0.0011 0.9969 0.0009 0.0005 
        FW25  3 0.0005 0.0011 0.9969 0.0009 0.0006 
        FW26  3 0.0005 0.0011 0.9969 0.0009 0.0005 
        FW27  3 0.0010 0.0015 0.0020 0.9949 0.0006 
        FW28  3 0.0005 0.0011 0.9968 0.0010 0.0005 
        FW29  3 0.0006 0.0011 0.9968 0.0010 0.0005 
        FW30  3 0.0039 0.0108 0.9787 0.0058 0.0009 
        FW32  3 0.0015 0.0020 0.0024 0.9932 0.0008 
        FW33  3 0.0005 0.0011 0.9968 0.0010 0.0005 
        FW34  3 0.0005 0.0011 0.9968 0.0010 0.0005 
        FW35  3 0.0006 0.0011 0.9968 0.0010 0.0005 
        FW36  3 0.0005 0.0011 0.9969 0.0010 0.0005 
        FW37  3 0.0010 0.0015 0.0020 0.9949 0.0006 
        FW51  3 0.0005 0.0011 0.9969 0.0010 0.0005 
        FW52  3 0.0011 0.0015 0.0020 0.9949 0.0005 
        FW53  3 0.0005 0.0011 0.9968 0.0010 0.0006 
        FW54  3 0.0010 0.0014 0.0019 0.9951 0.0006 
        FW55  3 0.0006 0.0011 0.9969 0.0010 0.0005 
        FW56  3 0.0006 0.0011 0.9968 0.0010 0.0005 
        FW57  3 0.0005 0.0011 0.9969 0.0010 0.0005 
        FW78  3 0.0005 0.0011 0.9969 0.0010 0.0005 
        FW79  3 0.0005 0.0011 0.9969 0.0010 0.0005 
        FW80  3 0.0005 0.0011 0.9969 0.0010 0.0005 
        FW81  3 0.0010 0.0014 0.0021 0.9950 0.0006 
        FW82  3 0.0010 0.0015 0.0021 0.9949 0.0005 
        FW83  3 0.0015 0.0019 0.0025 0.9932 0.0008 
        FW84  3 0.0005 0.0011 0.9969 0.0010 0.0005 
        FW85  3 0.0011 0.0015 0.0021 0.9947 0.0006 
        FW86  3 0.0009 0.0015 0.0038 0.9933 0.0005 
        FW87  3 0.0009 0.0015 0.0036 0.9934 0.0006 
        FW88  3 0.0005 0.0011 0.9969 0.0009 0.0006 
        FW89  3 0.0005 0.0011 0.9969 0.0009 0.0005 
        FW90  3 0.0005 0.0011 0.9969 0.0009 0.0005 
        FW91  3 0.0010 0.0015 0.0020 0.9950 0.0005 
        FW92  3 0.0005 0.0011 0.9969 0.0010 0.0005 
        FW93  3 0.0005 0.0011 0.9969 0.0009 0.0005 
        FW94  3 0.0010 0.0015 0.0020 0.9950 0.0006 
        FW95  3 0.0005 0.0011 0.9968 0.0010 0.0005 
        FW96  3 0.0005 0.0011 0.9968 0.0010 0.0005 
        FW97  3 0.0020 0.0041 0.9853 0.0035 0.0051 
        FW98  3 0.0010 0.0014 0.0020 0.9950 0.0005 
        FW99  3 0.0005 0.0011 0.9969 0.0009 0.0005 
       Cal01  3 0.0009 0.0020 0.9949 0.0015 0.0007 
       Cal02  3 0.0010 0.0023 0.9942 0.0016 0.0008 
       Cal03  3 0.0015 0.0028 0.9918 0.0035 0.0004 
       Cal04  3 0.0029 0.0033 0.9909 0.0020 0.0009 
       Cal05  3 0.0007 0.0011 0.9925 0.0053 0.0004 
       Cal06  3 0.0008 0.0028 0.9928 0.0027 0.0009 
       Cal07  3 0.0006 0.0011 0.9893 0.0085 0.0005 
       Cal08  3 0.0016 0.0021 0.9920 0.0030 0.0013 
       Cal09  3 0.0014 0.0036 0.9742 0.0203 0.0006 
       Cal10  3 0.0013 0.0030 0.9925 0.0025 0.0006 
       Cal11  3 0.0009 0.0017 0.9891 0.0028 0.0054 
      Cal197  3 0.0005 0.0020 0.9958 0.0013 0.0005 
      Cal198  3 0.0009 0.0293 0.8440 0.1253 0.0005 
      Cal199  3 0.0079 0.0022 0.9866 0.0018 0.0016 
      Cal200  3 0.0052 0.0060 0.9373 0.0506 0.0010 
      Cal201  3 0.0006 0.0015 0.9911 0.0061 0.0007 
      Cal202  3 0.0416 0.0127 0.9425 0.0021 0.0010 
      Cal203  3 0.0010 0.0019 0.9937 0.0020 0.0015 
      Cal204  3 0.0011 0.0020 0.9948 0.0013 0.0008 
      Cal205  3 0.0010 0.0020 0.9946 0.0019 0.0004 
      Cal206  3 0.0013 0.0024 0.9942 0.0015 0.0007 
      Cal207  3 0.0006 0.0025 0.9946 0.0018 0.0005 
      Cal208  3 0.0009 0.0019 0.9953 0.0012 0.0006 
      Cal209  3 0.0008 0.0013 0.9961 0.0012 0.0006 
      Cal210  3 0.0079 0.0021 0.9867 0.0017 0.0015 
      Cal211  3 0.0007 0.0014 0.9957 0.0016 0.0006 
      Cal212  3 0.0015 0.0018 0.9934 0.0027 0.0005 
      Cal213  3 0.0013 0.0275 0.7870 0.1837 0.0004 
      Cal214  3 0.0200 0.0099 0.9681 0.0015 0.0006 
      Cal215  3 0.0033 0.0025 0.9913 0.0016 0.0013 
      Cal216  3 0.0009 0.0026 0.9924 0.0034 0.0006 
      Cal217  3 0.0005 0.0014 0.9958 0.0017 0.0006 
      Cal218  3 0.0012 0.0016 0.9928 0.0039 0.0005 
      Cal219  3 0.0009 0.0019 0.9947 0.0018 0.0007 
      Cal220  3 0.0008 0.0028 0.9942 0.0013 0.0010 
      Cal221  3 0.0012 0.0018 0.9941 0.0024 0.0006 
      Cal222  3 0.0021 0.0017 0.9933 0.0020 0.0009 
      Cal223  3 0.0011 0.0058 0.8555 0.1364 0.0012 
      Cal224  3 0.0064 0.0553 0.9333 0.0035 0.0016 
       Cal33  3 0.0008 0.0019 0.9952 0.0015 0.0005 
       Cal34  3 0.0011 0.0031 0.9920 0.0032 0.0006 
       Cal35  3 0.0009 0.0015 0.9952 0.0020 0.0005 
       Cal37  3 0.0012 0.0045 0.9897 0.0042 0.0005 
       Cal38  3 0.0006 0.0012 0.9962 0.0015 0.0005 
       Cal39  3 0.0014 0.0014 0.9921 0.0044 0.0007 
       Cal40  3 0.0009 0.0013 0.9961 0.0012 0.0006 
       Cal41  3 0.0008 0.0013 0.9959 0.0013 0.0007 
       Cal42  3 0.0010 0.0017 0.9952 0.0011 0.0010 
       Cal43  3 0.0008 0.0019 0.9947 0.0019 0.0007 
       Cal44  3 0.0017 0.0035 0.9909 0.0029 0.0010 
        BW41  3 0.0254 0.0033 0.9685 0.0021 0.0007 
        BW42  3 0.0009 0.0044 0.9876 0.0064 0.0007 
        BW44  3 0.0007 0.0019 0.9888 0.0079 0.0008 
        BW45  3 0.0006 0.0011 0.9951 0.0027 0.0005 
        BW46  3 0.0018 0.0055 0.9799 0.0122 0.0007 
        BW47  3 0.0143 0.0096 0.9693 0.0063 0.0005 
        BW48  3 0.0022 0.0031 0.9833 0.0104 0.0010 
        BW49  3 0.0006 0.0017 0.9934 0.0034 0.0009 
        BW50  3 0.0010 0.0016 0.9951 0.0017 0.0007 
        BW51  3 0.0008 0.0017 0.9358 0.0612 0.0006 
        BW52  3 0.0007 0.0015 0.9942 0.0016 0.0020 
        BW53  3 0.0012 0.0133 0.9794 0.0056 0.0005 
        BW54  3 0.0489 0.0487 0.8599 0.0417 0.0008 
        BW55  3 0.0015 0.0029 0.9874 0.0067 0.0016 
        BW56  3 0.0011 0.0016 0.9952 0.0015 0.0006 
        BW57  3 0.0007 0.0026 0.9942 0.0020 0.0005 
        BW58  3 0.0008 0.0022 0.9929 0.0036 0.0005 
        BW59  3 0.0007 0.0018 0.9952 0.0018 0.0005 
        BW60  3 0.0009 0.0016 0.9944 0.0024 0.0007 
        BW61  3 0.0539 0.0130 0.9239 0.0081 0.0011 
        BW62  3 0.0026 0.0029 0.9866 0.0073 0.0007 
        BW63  3 0.0060 0.0144 0.8015 0.1771 0.0010 
        BW64  3 0.0007 0.0015 0.9955 0.0018 0.0006 
        BW65  3 0.0069 0.0086 0.9740 0.0093 0.0011 
        BW66  3 0.0016 0.0017 0.9876 0.0069 0.0021 
        BW67  3 0.0009 0.0019 0.9144 0.0822 0.0006 
        BW68  3 0.0016 0.0032 0.9911 0.0036 0.0005 
        BW69  3 0.0405 0.0018 0.9547 0.0021 0.0008 
        BW70  3 0.0009 0.0018 0.9926 0.0040 0.0007 
        BW71  3 0.0005 0.0011 0.9965 0.0013 0.0006 
        BW72  3 0.0039 0.0043 0.9888 0.0020 0.0010 
        BW73  3 0.0221 0.0173 0.9363 0.0045 0.0198 
        BW74  3 0.0018 0.0038 0.9746 0.0190 0.0008 
        BW75  3 0.0007 0.0100 0.9713 0.0056 0.0124 
        BW76  3 0.0034 0.0021 0.9917 0.0019 0.0009 
        BW77  3 0.0011 0.0316 0.9040 0.0625 0.0007 
        BW78  3 0.0013 0.0014 0.9916 0.0048 0.0009 
        BW79  3 0.0009 0.0026 0.9937 0.0022 0.0006 
        BW80  3 0.0008 0.0030 0.9930 0.0027 0.0006 
        BW81  3 0.0007 0.0029 0.9898 0.0060 0.0006 
       BWS05  3 0.0108 0.0108 0.9569 0.0193 0.0022 
       BWS06  3 0.0016 0.0036 0.9447 0.0491 0.0009 
       BWS07  3 0.0008 0.0079 0.9870 0.0039 0.0004 
       BWS08  3 0.0080 0.0047 0.9721 0.0125 0.0027 
       BWS09  3 0.0007 0.0014 0.9960 0.0013 0.0005 
       BWS10  3 0.0057 0.0024 0.9865 0.0047 0.0007 
       BWS11  3 0.0008 0.0016 0.9960 0.0010 0.0006 
       BWS12  3 0.0010 0.0035 0.9901 0.0043 0.0011 
       BWS13  3 0.0011 0.0023 0.9926 0.0033 0.0007 
       BWS14  3 0.0021 0.0043 0.9772 0.0158 0.0006 
       BWS15  3 0.0017 0.0023 0.9934 0.0012 0.0014 
       BWS16  3 0.0010 0.0019 0.9824 0.0141 0.0006 
       BWS17  3 0.0019 0.0022 0.9932 0.0019 0.0008 
       BWS18  3 0.0038 0.0308 0.9619 0.0030 0.0005 
       BWS19  3 0.0337 0.0130 0.9495 0.0032 0.0006 
       BWS20  3 0.0007 0.0014 0.9915 0.0058 0.0006 
       BWS21  3 0.0043 0.0565 0.8758 0.0615 0.0019 
       BWS22  3 0.0010 0.0024 0.9938 0.0022 0.0006 
       BWS23  3 0.0021 0.0263 0.9677 0.0034 0.0005 
       BWS24  3 0.0026 0.0065 0.9859 0.0035 0.0015 
       BWS25  3 0.0016 0.0091 0.9875 0.0013 0.0005 
       BWS26  3 0.0010 0.0022 0.9933 0.0025 0.0010 
       BWS27  3 0.0007 0.0019 0.9923 0.0046 0.0005 
       BWS28  3 0.0023 0.0104 0.9770 0.0097 0.0006 
       BWS29  3 0.0021 0.0032 0.9677 0.0252 0.0019 
       BWS30  3 0.0008 0.0018 0.9953 0.0015 0.0006 
       BWS31  3 0.0028 0.0022 0.9870 0.0074 0.0005 
       BWS32  3 0.0016 0.0029 0.9743 0.0200 0.0012 
       BWS33  3 0.0023 0.0048 0.9904 0.0014 0.0011 
       BWS34  3 0.0031 0.0057 0.9618 0.0284 0.0011 
       BWS35  3 0.0019 0.0031 0.9903 0.0036 0.0011 
       BWS36  3 0.0009 0.0013 0.9951 0.0014 0.0013 
       BWS37  3 0.0044 0.0027 0.9858 0.0066 0.0005 
       BWS38  3 0.0010 0.0017 0.9932 0.0031 0.0009 
       BWS39  3 0.0007 0.0014 0.9946 0.0027 0.0006 
       BWS40  3 0.0013 0.0014 0.9944 0.0015 0.0013 
       BWN01  3 0.0013 0.0017 0.9892 0.0069 0.0009 
       BWN02  3 0.0008 0.0015 0.9629 0.0343 0.0005 
       BWN03  3 0.0033 0.0091 0.9839 0.0017 0.0019 
       BWN04  3 0.0011 0.0023 0.9806 0.0134 0.0026 
        NC01  4 0.0006 0.0206 0.0266 0.9514 0.0008 
        NC02  4 0.0016 0.0026 0.0041 0.9906 0.0012 
        NC03  4 0.0006 0.0179 0.0014 0.9795 0.0006 
        NC04  4 0.0012 0.0025 0.0023 0.9932 0.0008 
        NC05  4 0.0066 0.0598 0.0251 0.9059 0.0026 
        NC06  4 0.0293 0.0046 0.0217 0.9439 0.0005 
        NC07  4 0.0015 0.0027 0.0028 0.9923 0.0007 
        NC08  4 0.0011 0.0038 0.0029 0.9900 0.0022 
        NC09  4 0.0013 0.0037 0.0026 0.9903 0.0021 
        NC10  4 0.0006 0.0014 0.0331 0.9639 0.0010 
        NC11  4 0.0017 0.0067 0.0285 0.9598 0.0032 
        NC12  4 0.0015 0.0024 0.0021 0.9935 0.0005 
        NC13  4 0.0013 0.0618 0.0027 0.9337 0.0005 
        NC14  4 0.0010 0.0132 0.0019 0.9824 0.0015 
        NC15  4 0.0018 0.0153 0.0041 0.9774 0.0014 
        NC16  4 0.0006 0.0235 0.0388 0.9363 0.0008 
        NC18  4 0.0007 0.0037 0.0022 0.9851 0.0083 
        NC19  4 0.0007 0.0013 0.0011 0.9964 0.0005 
        NC20  4 0.0020 0.0027 0.0194 0.9711 0.0047 
        NC21  4 0.0020 0.0091 0.0042 0.9842 0.0006 
        NC22  4 0.0011 0.0014 0.0020 0.9939 0.0017 
        NC23  4 0.0007 0.0058 0.0020 0.9873 0.0043 
        NC24  4 0.0012 0.0020 0.0014 0.9940 0.0015 
      SAND01  4 0.0011 0.0015 0.0177 0.9791 0.0006 
      SAND02  4 0.0014 0.0013 0.0212 0.9756 0.0006 
      SAND03  4 0.0006 0.0012 0.0149 0.9828 0.0005 
      SAND04  4 0.0007 0.0013 0.0019 0.9957 0.0005 
      SAND05  4 0.0007 0.0013 0.0050 0.9924 0.0006 
      SAND06  4 0.0007 0.0014 0.0124 0.9850 0.0005 
      SAND07  4 0.0012 0.0015 0.0878 0.9087 0.0008 
      SAND08  4 0.0007 0.0012 0.0075 0.9900 0.0006 
      SAND09  4 0.0012 0.0017 0.0643 0.9321 0.0007 
      SAND10  4 0.0007 0.0014 0.0113 0.9859 0.0008 
      SAND11  4 0.0013 0.0017 0.0096 0.9867 0.0007 
      SAND12  4 0.0007 0.0013 0.0067 0.9907 0.0006 
      SAND13  4 0.0007 0.0013 0.0110 0.9863 0.0008 
      SAND14  4 0.0009 0.0015 0.0830 0.9139 0.0007 
      SAND15  4 0.0008 0.0013 0.0109 0.9865 0.0005 
      SAND16  4 0.0008 0.0019 0.2500 0.7468 0.0005 
      SAND17  4 0.0012 0.0016 0.0905 0.9061 0.0006 
      SAND18  4 0.0007 0.0014 0.0634 0.9340 0.0005 
      SAND19  4 0.0006 0.0012 0.0841 0.9136 0.0004 
      SAND20  4 0.0006 0.0011 0.0046 0.9929 0.0008 
      SAND21  4 0.0008 0.0013 0.3372 0.6600 0.0007 
      SAND22  4 0.0006 0.0011 0.0054 0.9925 0.0005 
      SAND23  4 0.0009 0.0016 0.3124 0.6847 0.0005 
      SAND24  4 0.0036 0.0041 0.9883 0.0033 0.0007 
      SAND25  4 0.0009 0.0016 0.0061 0.9906 0.0007 
      SAND26  4 0.0007 0.0012 0.0066 0.9910 0.0005 
      SAND27  4 0.0008 0.0017 0.0024 0.9942 0.0008 
      SAND28  4 0.0007 0.0013 0.0086 0.9888 0.0006 
      SAND29  4 0.0006 0.0014 0.2698 0.7276 0.0005 
      SAND30  4 0.0006 0.0014 0.0897 0.9077 0.0006 
      SAND31  4 0.0006 0.0014 0.0064 0.9908 0.0007 
      SAND32  4 0.0007 0.0013 0.0014 0.9961 0.0005 
      SAND33  4 0.0009 0.0012 0.0194 0.9778 0.0007 
      SAND34  4 0.0007 0.0015 0.0104 0.9870 0.0004 
      SAND35  4 0.0006 0.0011 0.0041 0.9937 0.0006 
      SAND36  4 0.0009 0.0015 0.0465 0.9507 0.0005 
      SAND37  4 0.0008 0.0015 0.2287 0.7684 0.0005 
      SAND38  4 0.0009 0.0014 0.0061 0.9909 0.0008 
      SAND39  4 0.0006 0.0015 0.0109 0.9866 0.0005 
      SAND40  4 0.0008 0.0016 0.0147 0.9823 0.0006 
      SAND41  4 0.0007 0.0012 0.0037 0.9939 0.0006 
      SAND42  4 0.0010 0.0016 0.0481 0.9486 0.0007 
      SAND43  4 0.0013 0.0019 0.2197 0.7764 0.0008 
      SAND44  4 0.0006 0.0011 0.0027 0.9949 0.0007 
       Hon01  5 0.0040 0.0045 0.0008 0.9892 0.0015 
       Hon02  5 0.0012 0.0048 0.0532 0.9402 0.0006 
       Hon03  5 0.0485 0.0803 0.0061 0.8147 0.0504 
       Hon04  5 0.0014 0.0104 0.0025 0.9844 0.0013 
       Hon05  5 0.0018 0.0035 0.0017 0.9918 0.0012 
       Hon06  5 0.0011 0.0022 0.0009 0.9952 0.0007 
       Hon07  5 0.0016 0.0026 0.0015 0.9920 0.0023 
       Hon08  5 0.0007 0.0035 0.0012 0.9940 0.0006 
       Hon09  5 0.0021 0.0036 0.1569 0.8348 0.0026 
       Hon10  5 0.0152 0.0050 0.0015 0.9110 0.0673 
       Hon11  5 0.0053 0.0878 0.0066 0.8977 0.0025 
       Hon12  5 0.0044 0.0035 0.0427 0.9457 0.0037 
       Hon13  5 0.0019 0.0045 0.0022 0.9901 0.0013 
       Hon14  5 0.0213 0.0218 0.0012 0.9540 0.0016 
       Hon15  5 0.0030 0.0104 0.0009 0.9847 0.0009 
       Hon16  5 0.0007 0.0037 0.0012 0.9938 0.0006 
       Hon17  5 0.0007 0.0032 0.0010 0.9944 0.0008 
       Hon18  5 0.0009 0.0063 0.0034 0.9884 0.0010 
       Hon19  5 0.0070 0.0041 0.0018 0.9798 0.0072 
       Hon20  5 0.0029 0.0418 0.0013 0.9506 0.0034 
      ERIN01  6 0.0008 0.0013 0.0006 0.0006 0.9967 
      ERIN02  6 0.0008 0.0012 0.0006 0.0006 0.9968 
      ERIN03  6 0.0008 0.0012 0.0006 0.0006 0.9968 
      ERIN04  6 0.0008 0.0013 0.0006 0.0006 0.9968 
      ERIN05  6 0.0008 0.0012 0.0006 0.0006 0.9968 
      ERIN06  6 0.0008 0.0012 0.0006 0.0006 0.9968 
      ERIN07  6 0.0008 0.0012 0.0006 0.0006 0.9968 
      ERIN08  6 0.0007 0.0012 0.0006 0.0006 0.9968 
      ERIN09  6 0.0008 0.0012 0.0006 0.0006 0.9968 
      ERIN10  6 0.0008 0.0012 0.0006 0.0006 0.9968 
      ERIN11  6 0.0008 0.0022 0.0006 0.0007 0.9956 
      ERIN12  6 0.0008 0.0012 0.0006 0.0006 0.9969 
      ERIN13  6 0.0008 0.0012 0.0006 0.0006 0.9968 
      ERIN14  6 0.0008 0.0012 0.0006 0.0006 0.9968 
      ERIN15  6 0.0008 0.0012 0.0006 0.0006 0.9968 
      ERIN16  6 0.0008 0.0014 0.0006 0.0006 0.9966 
      ERIN17  6 0.0008 0.0012 0.0006 0.0006 0.9968 
      ERIN18  6 0.0008 0.0012 0.0006 0.0006 0.9968 
      ERIN19  6 0.0008 0.0012 0.0006 0.0006 0.9968 
      ERIN20  6 0.0008 0.0012 0.0006 0.0006 0.9968 
      ERIN21  6 0.0008 0.0013 0.0006 0.0006 0.9967 
      ERIN22  6 0.0008 0.0012 0.0006 0.0006 0.9968 
      ERIN23  6 0.0008 0.0012 0.0006 0.0006 0.9969 
      ERIN24  6 0.0008 0.0012 0.0006 0.0006 0.9968 
      ERIN25  6 0.0008 0.0013 0.0006 0.0006 0.9968 
      ERIN26  6 0.0008 0.0012 0.0006 0.0006 0.9968 
      ERIN27  6 0.0008 0.0012 0.0006 0.0005 0.9968 
      ERIN28  6 0.0008 0.0013 0.0006 0.0006 0.9968 
      ERIN29  6 0.0008 0.0012 0.0006 0.0006 0.9968 
      ERIN30  6 0.0008 0.0013 0.0006 0.0006 0.9968 
      ERIN31  6 0.0008 0.0012 0.0006 0.0006 0.9968 
      ERIN32  6 0.0008 0.0012 0.0006 0.0005 0.9969 
      ERIN33  6 0.0008 0.0012 0.0006 0.0006 0.9968 
      ERIN34  6 0.0008 0.0012 0.0006 0.0006 0.9968 
      ERIN35  6 0.0008 0.0012 0.0006 0.0006 0.9968 
      ERIN38  6 0.0008 0.0013 0.0006 0.0006 0.9968 
      ERIN39  6 0.0008 0.0013 0.0006 0.0006 0.9968 
      ERIN40  6 0.0008 0.0012 0.0006 0.0006 0.9968 
      ERIN41  6 0.0008 0.0012 0.0006 0.0006 0.9968 
      ERIN42  6 0.0008 0.0013 0.0006 0.0006 0.9967 
      ERIN43  6 0.0008 0.0012 0.0006 0.0006 0.9968 
      ERIN44  6 0.0008 0.0012 0.0006 0.0006 0.9968 
      ERIN45  6 0.0008 0.0012 0.0006 0.0006 0.9968 
      ERIN46  6 0.0008 0.0013 0.0006 0.0006 0.9968 
      ERIN47  6 0.0008 0.0012 0.0006 0.0005 0.9968 
       FDS01  6 0.0008 0.0012 0.0006 0.0006 0.9968 
       FDS02  6 0.0008 0.0012 0.0006 0.0006 0.9968 
       FDS03  6 0.0008 0.0014 0.0006 0.0006 0.9966 
       FDS04  6 0.0008 0.0012 0.0006 0.0006 0.9968 
       FDS05  6 0.0007 0.0012 0.0006 0.0006 0.9969 
       FDS06  6 0.0008 0.0013 0.0006 0.0006 0.9968 
       FDS07  6 0.0008 0.0012 0.0006 0.0006 0.9968 
       FDS08  6 0.0008 0.0012 0.0006 0.0006 0.9968 
       FDS09  6 0.0008 0.0012 0.0006 0.0006 0.9969 
       FDS10  6 0.0008 0.0012 0.0006 0.0005 0.9968 
       FDS11  6 0.0008 0.0013 0.0006 0.0006 0.9968 
       FDS12  6 0.0008 0.0013 0.0006 0.0006 0.9967 
       FDS13  6 0.0008 0.0012 0.0006 0.0006 0.9968 
       FDS14  6 0.0008 0.0012 0.0006 0.0005 0.9968 
       FDS15  6 0.0008 0.0012 0.0006 0.0006 0.9968 
       FDS16  6 0.0008 0.0013 0.0006 0.0006 0.9968 
       FDS17  6 0.0008 0.0013 0.0006 0.0006 0.9967 
       FDS18  6 0.0008 0.0013 0.0006 0.0006 0.9967 
       EPP01  6 0.9943 0.0021 0.0007 0.0007 0.0022 
       EPP02  6 0.9943 0.0023 0.0007 0.0007 0.0021 
       EPP03  6 0.9943 0.0023 0.0007 0.0007 0.0021 
       EPP04  6 0.9940 0.0023 0.0007 0.0007 0.0024 
       EPP05  6 0.9940 0.0024 0.0007 0.0007 0.0023 
       EPP06  6 0.9941 0.0022 0.0007 0.0007 0.0024 
       EPP07  6 0.9941 0.0022 0.0007 0.0007 0.0023 
       EPP08  6 0.9941 0.0022 0.0007 0.0007 0.0023 
       EPP09  6 0.9943 0.0021 0.0007 0.0007 0.0022 
       EPP10  6 0.9943 0.0023 0.0007 0.0007 0.0021 
       EPP11  6 0.9825 0.0137 0.0007 0.0007 0.0024 
       EPP12  6 0.9944 0.0021 0.0007 0.0007 0.0021 
       EPP13  6 0.9942 0.0022 0.0007 0.0007 0.0022 
       EPP14  6 0.9940 0.0023 0.0007 0.0007 0.0023 
       EPP15  6 0.9939 0.0021 0.0008 0.0018 0.0014 
       EPP16  6 0.9942 0.0021 0.0007 0.0007 0.0023 
       EPP17  6 0.9942 0.0023 0.0007 0.0007 0.0022 
       EPP18  6 0.9942 0.0022 0.0007 0.0007 0.0022 
       EPP19  6 0.9939 0.0025 0.0007 0.0007 0.0022 
       EPP20  6 0.9944 0.0022 0.0007 0.0007 0.0020 
       EPP21  6 0.8503 0.0051 0.0007 0.0007 0.1433 
       EPP22  6 0.9940 0.0023 0.0007 0.0007 0.0023 
       EPP23  6 0.8713 0.1247 0.0007 0.0009 0.0024 
       EPP24  6 0.9941 0.0022 0.0007 0.0007 0.0023 
       EPP25  6 0.9939 0.0024 0.0007 0.0007 0.0023 
       EPP26  6 0.9941 0.0024 0.0007 0.0007 0.0021 
       EPP27  6 0.9944 0.0022 0.0007 0.0007 0.0021 
       EPP28  6 0.9943 0.0022 0.0007 0.0007 0.0022 
       EPP29  6 0.9944 0.0022 0.0007 0.0006 0.0021 
       EPP30  6 0.9941 0.0023 0.0007 0.0007 0.0023 
       EPP31  6 0.9944 0.0022 0.0007 0.0007 0.0020 
       EPP32  6 0.9941 0.0023 0.0007 0.0006 0.0023 
       EPP33  6 0.9941 0.0023 0.0007 0.0007 0.0022 
       EPP34  6 0.9938 0.0024 0.0007 0.0007 0.0023 
       EPP35  6 0.9648 0.0259 0.0008 0.0070 0.0014 
       EPP36  6 0.9942 0.0021 0.0007 0.0007 0.0023 
       EPP37  6 0.9941 0.0025 0.0007 0.0007 0.0020 
       EPP38  6 0.9944 0.0021 0.0007 0.0007 0.0021 
       EPP39  6 0.9941 0.0022 0.0007 0.0006 0.0024 
       EPP40  6 0.9941 0.0023 0.0007 0.0007 0.0022 
       EPP41  6 0.9941 0.0023 0.0007 0.0007 0.0022 
       EPP42  6 0.9943 0.0022 0.0007 0.0007 0.0022 
       EPP43  6 0.9943 0.0022 0.0007 0.0007 0.0021 
        ES68  6 0.3538 0.0314 0.0054 0.0298 0.5796 
       ENW44  6 0.9943 0.0023 0.0007 0.0007 0.0021 
       ENW45  6 0.9942 0.0022 0.0007 0.0006 0.0022 
       ENW46  6 0.9941 0.0022 0.0007 0.0007 0.0024 
       ENW48  6 0.9941 0.0022 0.0007 0.0007 0.0023 
       ENW49  6 0.9941 0.0023 0.0007 0.0006 0.0023 
       ENW50  6 0.9942 0.0022 0.0007 0.0007 0.0023 
       ENW51  6 0.0029 0.0024 0.0008 0.0008 0.9932 
       ENW52  6 0.9941 0.0022 0.0007 0.0007 0.0024 
       ENW53  6 0.0031 0.0023 0.0008 0.0008 0.9930 
       ENW54  6 0.0034 0.0025 0.0008 0.0008 0.9926 
       ENW55  6 0.0030 0.0023 0.0008 0.0008 0.9930 
       ENW56  6 0.0030 0.0023 0.0008 0.0008 0.9932 
       ENW57  6 0.0031 0.0024 0.0008 0.0008 0.9930 
       ENE58  6 0.0049 0.0033 0.0008 0.0015 0.9895 
       ENE59  6 0.0030 0.0023 0.0008 0.0008 0.9931 
       ENE60  6 0.0030 0.0022 0.0008 0.0008 0.9932 
       ENE61  6 0.0055 0.0033 0.0008 0.0015 0.9889 
       ENE62  6 0.0031 0.0024 0.0007 0.0008 0.9929 
       ENE63  6 0.0030 0.0024 0.0008 0.0008 0.9930 
       ENE64  6 0.0053 0.0033 0.0008 0.0014 0.9892 
       ENE65  6 0.0032 0.0023 0.0007 0.0008 0.9929 
       ENE66  6 0.0029 0.0024 0.0008 0.0008 0.9932 
       ENE67  6 0.0031 0.0023 0.0008 0.0008 0.9930 
         CC1  7 0.4040 0.0101 0.0018 0.0012 0.5829 
        CC10  7 0.3374 0.0180 0.0017 0.0011 0.6418 
        CC11  7 0.4316 0.0028 0.0007 0.0010 0.5640 
        CC12  7 0.3286 0.0648 0.0008 0.0013 0.6044 
        CC13  7 0.4038 0.0101 0.0017 0.0012 0.5832 
        CC14  7 0.4040 0.0103 0.0018 0.0011 0.5827 
        CC15  7 0.3785 0.0365 0.0063 0.0033 0.5754 
        CC16  7 0.5198 0.0027 0.0007 0.0008 0.4760 
        CC17  7 0.3489 0.0204 0.0018 0.0013 0.6276 
         CC2  7 0.4033 0.0105 0.0018 0.0012 0.5832 
         CC3  7 0.3636 0.0119 0.0016 0.0013 0.6216 
         CC4  7 0.1323 0.6643 0.0067 0.1123 0.0844 
         CC5  7 0.3828 0.0024 0.0007 0.0007 0.6134 
         CC6  7 0.3977 0.0026 0.0007 0.0008 0.5983 
         CC7  7 0.3837 0.0025 0.0006 0.0007 0.6124 
         CC8  7 0.3821 0.0024 0.0006 0.0007 0.6140 
         CC9  7 0.3979 0.0027 0.0007 0.0008 0.5979 
       BUN01  8 0.0096 0.9873 0.0009 0.0013 0.0009 
       BUN02  8 0.0192 0.9677 0.0011 0.0028 0.0092 
       BUN03  8 0.0009 0.9941 0.0010 0.0010 0.0029 
       BUN04  8 0.0018 0.9541 0.0014 0.0014 0.0413 
       BUN05  8 0.0036 0.9590 0.0309 0.0011 0.0053 
       BUN06  8 0.0012 0.9932 0.0009 0.0014 0.0033 
       BUN07  8 0.0011 0.9963 0.0009 0.0009 0.0007 
       SOB01  8 0.0020 0.9935 0.0019 0.0010 0.0017 
       SOB02  8 0.0012 0.9115 0.0017 0.0807 0.0049 
       SOB03  8 0.0021 0.9803 0.0022 0.0014 0.0140 
       SOB04  8 0.0019 0.8931 0.0173 0.0852 0.0025 
       SOB05  8 0.0020 0.8905 0.0013 0.0010 0.1052 
       SOB06  8 0.0059 0.9782 0.0033 0.0014 0.0112 
       SOB07  8 0.0564 0.9027 0.0010 0.0024 0.0374 
       SOB08  8 0.0087 0.9860 0.0023 0.0013 0.0018 
       SOB09  8 0.0018 0.8669 0.0763 0.0124 0.0426 
       SOB10  8 0.0079 0.9844 0.0010 0.0009 0.0058 
       SOB11  8 0.0015 0.8811 0.0010 0.1146 0.0018 
       OSR01  8 0.0055 0.8199 0.0022 0.1582 0.0142 
       OSR02  8 0.1150 0.8812 0.0008 0.0012 0.0018 
       OSR03  8 0.1182 0.8779 0.0009 0.0013 0.0018 
       OSR04  8 0.1294 0.8661 0.0009 0.0013 0.0022 
       OSR05  8 0.1139 0.8822 0.0009 0.0012 0.0017 
       OSR06  8 0.0009 0.9767 0.0010 0.0198 0.0016 
       OSR07  8 0.0128 0.9819 0.0029 0.0012 0.0012 
       OSR08  8 0.0129 0.9815 0.0031 0.0013 0.0013 
       OSR09  8 0.0054 0.8814 0.0017 0.0202 0.0913 
      Lion01  8 0.0043 0.9857 0.0018 0.0031 0.0051 
      Lion02  8 0.0134 0.9824 0.0010 0.0019 0.0013 
      Lion03  8 0.0289 0.9681 0.0010 0.0010 0.0009 
      Lion04  8 0.0025 0.9928 0.0016 0.0015 0.0017 
      Lion05  8 0.0023 0.9779 0.0043 0.0077 0.0077 
      Lion06  8 0.0025 0.9770 0.0051 0.0087 0.0068 
        TW01  8 0.0017 0.9943 0.0010 0.0011 0.0019 
        TW02  8 0.0056 0.9731 0.0144 0.0019 0.0050 
        TW03  8 0.0016 0.9945 0.0010 0.0010 0.0019 
        TW04  8 0.0016 0.9944 0.0010 0.0011 0.0019 
        CF01  8 0.0064 0.9897 0.0009 0.0011 0.0019 
        CF02  8 0.4588 0.5380 0.0011 0.0015 0.0007 
        CF03  8 0.0064 0.9897 0.0009 0.0011 0.0019 
        CF04  8 0.0027 0.9893 0.0040 0.0026 0.0015 
        CF05  8 0.0055 0.9904 0.0014 0.0014 0.0012 
        CF06  8 0.0057 0.9901 0.0014 0.0014 0.0014 
        CF07  8 0.0010 0.9255 0.0314 0.0412 0.0008 
        CF08  8 0.0051 0.9909 0.0014 0.0014 0.0012 
        CF09  8 0.0059 0.9902 0.0009 0.0011 0.0019 
        CF10  8 0.0054 0.9909 0.0017 0.0012 0.0009 
        CF11  8 0.3631 0.6210 0.0015 0.0106 0.0037 
        CF12  8 0.0059 0.9902 0.0009 0.0011 0.0019 
        CF13  8 0.0055 0.9906 0.0014 0.0013 0.0012 
        CF14  8 0.0025 0.9890 0.0042 0.0027 0.0016 
        CF15  8 0.0026 0.9893 0.0039 0.0026 0.0016 
        CF16  8 0.0062 0.9900 0.0009 0.0011 0.0018 
        CF17  8 0.0057 0.9909 0.0009 0.0012 0.0013 
        CF18  8 0.0024 0.9893 0.0041 0.0026 0.0015 
        CF19  8 0.0044 0.9218 0.0191 0.0508 0.0039 
        CF20  8 0.0055 0.9904 0.0014 0.0014 0.0013 
        CF21  8 0.0051 0.9907 0.0015 0.0014 0.0013 
        CF22  8 0.0053 0.9905 0.0014 0.0015 0.0013 
        CF23  8 0.0051 0.9908 0.0014 0.0014 0.0013 
        CF24  8 0.0063 0.9898 0.0009 0.0011 0.0019 
        CF25  8 0.0061 0.9899 0.0009 0.0011 0.0020 
        CF26  8 0.4604 0.5361 0.0012 0.0017 0.0007 
        CF27  8 0.0054 0.9904 0.0015 0.0014 0.0013 
        CF28  8 0.0025 0.9884 0.0040 0.0035 0.0017 
        CF29  8 0.0058 0.9904 0.0009 0.0011 0.0018 
        CF30  8 0.0024 0.9930 0.0015 0.0015 0.0015 
        CF31  8 0.0059 0.9902 0.0009 0.0011 0.0019 
        CF32  8 0.0136 0.9831 0.0008 0.0014 0.0010 
        CF33  8 0.0035 0.9406 0.0013 0.0533 0.0012 
        CF34  8 0.0052 0.9907 0.0015 0.0014 0.0013 
        CF35  8 0.0028 0.9890 0.0040 0.0027 0.0015 
        CF36  8 0.0016 0.9939 0.0011 0.0010 0.0025 
        BP01  8 0.0063 0.9607 0.0019 0.0012 0.0299 
        BP02  8 0.0011 0.9954 0.0011 0.0011 0.0013 
        BP03  8 0.0020 0.9944 0.0012 0.0012 0.0012 
        BP04  8 0.0032 0.9924 0.0012 0.0010 0.0022 
        BP06  8 0.0050 0.9903 0.0012 0.0014 0.0021 
        BP07  8 0.0029 0.8854 0.0116 0.0704 0.0297 
        BP08  8 0.0069 0.9856 0.0011 0.0014 0.0050 
        BP09  8 0.0024 0.9876 0.0019 0.0065 0.0016 
        BP10  8 0.0011 0.9922 0.0015 0.0011 0.0041 
        BP11  8 0.0012 0.9958 0.0013 0.0007 0.0010 
        BP12  8 0.0561 0.9407 0.0012 0.0011 0.0009 
        BP14  8 0.0025 0.9892 0.0031 0.0022 0.0030 
        BP16  8 0.0012 0.9947 0.0010 0.0009 0.0023 
        BP17  8 0.0016 0.9864 0.0022 0.0011 0.0087 
        BP18  8 0.0011 0.9924 0.0014 0.0012 0.0040 
        BP19  8 0.0018 0.9931 0.0024 0.0014 0.0014 
        BP20  8 0.0011 0.9926 0.0014 0.0011 0.0038 
   BP2007-01  8 0.0012 0.9959 0.0013 0.0007 0.0009 
   BP2007-02  8 0.0018 0.9952 0.0011 0.0007 0.0012 
   BP2007-03  8 0.0035 0.9924 0.0008 0.0021 0.0012 
   BP2007-04  8 0.0013 0.9944 0.0019 0.0012 0.0011 
   BP2007-05  8 0.0039 0.9364 0.0010 0.0517 0.0070 
   BP2007-06  8 0.0185 0.9537 0.0010 0.0011 0.0257 
   BP2007-07  8 0.0020 0.9942 0.0013 0.0012 0.0013 
   BP2007-08  8 0.0032 0.9753 0.0060 0.0048 0.0107 
   BP2007-09  8 0.0034 0.9749 0.0060 0.0047 0.0111 
   BP2007-10  8 0.0020 0.9944 0.0012 0.0012 0.0012 
   BP2007-11  8 0.0012 0.9958 0.0013 0.0009 0.0009 
   BP2007-12  8 0.0044 0.9905 0.0012 0.0008 0.0030 
   BP2007-13  8 0.0030 0.9746 0.0060 0.0053 0.0110 
   BP2007-14  8 0.0035 0.9310 0.0202 0.0439 0.0013 
   BP2007-15  8 0.0020 0.9931 0.0010 0.0010 0.0029 
   BP2007-16  8 0.0048 0.9911 0.0023 0.0011 0.0007 
   BP2007-17  8 0.0070 0.9856 0.0012 0.0013 0.0049 
   BP2007-18  8 0.0018 0.9293 0.0483 0.0199 0.0007 
   BP2007-19  8 0.0034 0.9923 0.0013 0.0010 0.0020 
   BP2007-20  8 0.0031 0.9925 0.0013 0.0010 0.0021 
   BP2007-21  8 0.0011 0.9959 0.0013 0.0008 0.0009 
   BP2007-22  8 0.0013 0.9957 0.0013 0.0008 0.0009 
   BP2007-23  8 0.0012 0.9958 0.0013 0.0008 0.0010 
   BP2007-24  8 0.0107 0.9817 0.0017 0.0015 0.0043 
   BP2007-25  8 0.0017 0.9953 0.0011 0.0007 0.0012 
   BP2007-26  8 0.0565 0.9403 0.0012 0.0011 0.0009 
   BP2007-27  8 0.0010 0.9928 0.0014 0.0011 0.0037 
   BP2007-28  8 0.0012 0.9958 0.0013 0.0009 0.0009 
   BP2007-29  8 0.0009 0.9960 0.0013 0.0008 0.0009 
   BP2007-30  8 0.0468 0.9486 0.0014 0.0009 0.0023 
   BP2007-31  8 0.0029 0.9928 0.0010 0.0012 0.0021 
   BP2007-32  8 0.0039 0.9694 0.0018 0.0186 0.0062 
   BP2007-33  8 0.0012 0.9960 0.0012 0.0008 0.0008 
   BP2007-34  8 0.0164 0.8870 0.0013 0.0008 0.0945 
   BP2007-35  8 0.0033 0.9924 0.0013 0.0009 0.0020 
   BP2007-36  8 0.0017 0.9953 0.0011 0.0007 0.0012 
   BP2007-37  8 0.0014 0.8643 0.0333 0.0995 0.0014 
   BP2007-38  8 0.0020 0.9943 0.0013 0.0012 0.0013 
   BP2007-39  8 0.0019 0.9930 0.0010 0.0010 0.0030 
   BP2007-40  8 0.0086 0.9849 0.0012 0.0020 0.0033 
        BP21  8 0.0016 0.9954 0.0011 0.0007 0.0012 
        BP22  8 0.0132 0.9824 0.0009 0.0014 0.0020 
        BP23  8 0.0486 0.9477 0.0008 0.0009 0.0020 
        BP24  8 0.0182 0.9779 0.0009 0.0010 0.0020 
        BP25  8 0.0016 0.9953 0.0012 0.0007 0.0012 
        BP26  8 0.0017 0.9953 0.0011 0.0007 0.0012 
        BP27  8 0.0063 0.9719 0.0059 0.0045 0.0114 
        BP28  8 0.0119 0.9835 0.0010 0.0013 0.0023 
        BP29  8 0.0012 0.9946 0.0015 0.0007 0.0020 
        BP30  8 0.0016 0.9956 0.0011 0.0007 0.0009 
      NNKB01  8 0.0018 0.9853 0.0030 0.0022 0.0077 
      NNKB02  8 0.0034 0.9919 0.0023 0.0014 0.0009 
      NNKN01  8 0.0101 0.7969 0.0012 0.1909 0.0010 
         SR1  9 0.1121 0.8829 0.0009 0.0010 0.0031 
        SR10  9 0.0164 0.8317 0.0032 0.0025 0.1461 
        SR11  9 0.0118 0.9853 0.0009 0.0008 0.0012 
        SR12  9 0.1130 0.8821 0.0010 0.0010 0.0030 
        SR13  9 0.2224 0.7558 0.0051 0.0088 0.0080 
        SR15  9 0.0012 0.8136 0.0021 0.0040 0.1791 
        SR16  9 0.0063 0.9894 0.0014 0.0010 0.0019 
        SR17  9 0.1656 0.7425 0.0013 0.0021 0.0885 
        SR18  9 0.0056 0.9820 0.0030 0.0012 0.0082 
        SR19  9 0.0584 0.9154 0.0009 0.0245 0.0009 
         SR2  9 0.0125 0.9845 0.0009 0.0009 0.0012 
        SR20  9 0.0181 0.7746 0.0010 0.0015 0.2049 
        SR21  9 0.0639 0.9291 0.0010 0.0011 0.0048 
        SR22  9 0.4009 0.5961 0.0007 0.0008 0.0014 
        SR23  9 0.0716 0.9195 0.0025 0.0018 0.0045 
        SR24  9 0.0083 0.9841 0.0028 0.0016 0.0033 
        SR25  9 0.0134 0.9822 0.0013 0.0017 0.0014 
        SR26  9 0.1120 0.7529 0.0017 0.0070 0.1264 
        SR27  9 0.0241 0.9694 0.0013 0.0013 0.0038 
        SR28  9 0.0020 0.9950 0.0013 0.0011 0.0006 
        SR29  9 0.0327 0.9603 0.0023 0.0018 0.0028 
         SR3  9 0.0105 0.9867 0.0010 0.0009 0.0010 
        SR30  9 0.0074 0.9755 0.0008 0.0009 0.0154 
         SR5  9 0.0202 0.9650 0.0009 0.0011 0.0127 
         SR6  9 0.0040 0.9909 0.0009 0.0009 0.0033 
         SR7  9 0.4714 0.5134 0.0013 0.0015 0.0125 
         SR8  9 0.0115 0.9857 0.0009 0.0009 0.0010 
         SR9  9 0.4839 0.5075 0.0011 0.0014 0.0061 
       HAM01 10 0.0150 0.9823 0.0009 0.0007 0.0011 
       HAM02 10 0.0167 0.9756 0.0047 0.0017 0.0012 
       HAM03 10 0.0144 0.9829 0.0009 0.0007 0.0012 
