        TC01  1 0.0021 0.0009 0.0094 0.0032 0.0027 0.0013 0.0037 0.0035 0.0095 0.0126 0.0033 0.0028 0.0042 0.0018 0.0110 0.8599 0.0164 0.0106 0.0055 0.0153 0.0037 0.0040 0.0100 0.0028 
        TC02  1 0.0015 0.0013 0.0011 0.0012 0.0029 0.0020 0.0071 0.0033 0.0102 0.0041 0.0027 0.0023 0.0072 0.0023 0.0102 0.8721 0.0093 0.0137 0.0061 0.0081 0.0059 0.0052 0.0172 0.0030 
        TC03  1 0.0013 0.0009 0.0009 0.0016 0.0011 0.0018 0.0023 0.0036 0.0053 0.0022 0.0032 0.0025 0.0048 0.0017 0.0205 0.8774 0.0151 0.0176 0.0046 0.0076 0.0052 0.0055 0.0114 0.0019 
        TC04  1 0.0019 0.0558 0.0007 0.0092 0.0011 0.0042 0.0059 0.0041 0.0089 0.0030 0.0027 0.0035 0.0111 0.0047 0.0152 0.7343 0.0215 0.0636 0.0054 0.0066 0.0030 0.0045 0.0234 0.0055 
        TC05  1 0.0010 0.0023 0.0010 0.0014 0.0018 0.0019 0.0025 0.0060 0.0042 0.0017 0.0229 0.0021 0.0065 0.0015 0.0099 0.8766 0.0061 0.0171 0.0057 0.0045 0.0043 0.0050 0.0090 0.0050 
        TC06  1 0.0011 0.0011 0.0006 0.0010 0.0021 0.0031 0.0053 0.0032 0.0078 0.0020 0.0051 0.0019 0.0083 0.0039 0.0075 0.7888 0.0163 0.1003 0.0116 0.0058 0.0068 0.0040 0.0101 0.0023 
        TC07  1 0.0008 0.0042 0.0007 0.0013 0.0013 0.0014 0.0052 0.0024 0.0050 0.0083 0.0032 0.0064 0.0078 0.0010 0.0102 0.8579 0.0065 0.0187 0.0042 0.0044 0.0025 0.0069 0.0092 0.0305 
        TC08  1 0.0009 0.0030 0.0013 0.0009 0.0025 0.0015 0.0044 0.0124 0.0041 0.0022 0.0022 0.0021 0.0067 0.0047 0.0058 0.8862 0.0052 0.0151 0.0047 0.0063 0.0040 0.0066 0.0113 0.0060 
        TC09  1 0.0009 0.0022 0.0077 0.0008 0.0016 0.0048 0.0033 0.0026 0.0297 0.0020 0.0076 0.0036 0.0041 0.0670 0.0142 0.7620 0.0076 0.0411 0.0163 0.0037 0.0033 0.0034 0.0075 0.0029 
        TC10  1 0.0015 0.0012 0.0005 0.0033 0.0018 0.0015 0.0020 0.0028 0.0119 0.0076 0.0017 0.0017 0.0156 0.0013 0.0531 0.8278 0.0061 0.0164 0.0032 0.0219 0.0034 0.0034 0.0089 0.0015 
        TC11  1 0.0011 0.0011 0.0006 0.0008 0.0083 0.0009 0.0032 0.0060 0.0039 0.0065 0.0102 0.0023 0.0049 0.0017 0.0083 0.8924 0.0084 0.0087 0.0023 0.0077 0.0032 0.0087 0.0071 0.0018 
        TC12  1 0.0011 0.0014 0.0029 0.0040 0.0011 0.0021 0.0099 0.0034 0.0071 0.0043 0.0022 0.0015 0.0079 0.0022 0.0208 0.8191 0.0207 0.0254 0.0109 0.0131 0.0084 0.0062 0.0176 0.0065 
        TC13  1 0.0011 0.0009 0.0007 0.0010 0.0044 0.0011 0.0020 0.0045 0.0059 0.0021 0.0025 0.0039 0.0063 0.0039 0.0062 0.8997 0.0060 0.0178 0.0032 0.0062 0.0025 0.0038 0.0122 0.0021 
        TC14  1 0.0012 0.0012 0.0070 0.0014 0.0034 0.0013 0.0034 0.0051 0.0369 0.0042 0.0030 0.0049 0.0066 0.0025 0.0098 0.7189 0.0136 0.1128 0.0133 0.0085 0.0045 0.0092 0.0255 0.0018 
        TC15  1 0.0012 0.0022 0.0014 0.0010 0.0020 0.0031 0.0027 0.0024 0.0148 0.0016 0.0106 0.0207 0.0078 0.0098 0.0107 0.7730 0.0084 0.0774 0.0063 0.0151 0.0028 0.0049 0.0183 0.0017 
        TC16  1 0.0012 0.0012 0.0038 0.0065 0.0013 0.0060 0.0032 0.0114 0.0495 0.0021 0.0040 0.0018 0.0090 0.0665 0.0085 0.7140 0.0147 0.0456 0.0058 0.0059 0.0055 0.0094 0.0133 0.0098 
        TC17  1 0.0023 0.0022 0.0016 0.0009 0.0022 0.0040 0.0102 0.0378 0.1326 0.0063 0.0048 0.0040 0.0099 0.0023 0.0125 0.6185 0.0139 0.0404 0.0089 0.0111 0.0088 0.0106 0.0508 0.0033 
        TC18  1 0.0038 0.0186 0.0015 0.0009 0.0164 0.0014 0.0032 0.0028 0.0046 0.0045 0.0026 0.0017 0.0069 0.0025 0.0180 0.7944 0.0367 0.0254 0.0028 0.0182 0.0090 0.0097 0.0103 0.0043 
        TC19  1 0.0011 0.0007 0.0005 0.0011 0.0038 0.0012 0.0017 0.0036 0.0158 0.0026 0.0021 0.0015 0.0076 0.0291 0.0075 0.8652 0.0066 0.0113 0.0031 0.0079 0.0059 0.0044 0.0087 0.0070 
        TC20  1 0.0008 0.0055 0.0012 0.0011 0.0019 0.0013 0.0018 0.0035 0.0083 0.0021 0.0022 0.0025 0.0060 0.0048 0.0070 0.8853 0.0161 0.0138 0.0035 0.0103 0.0028 0.0047 0.0113 0.0021 
        TC21  1 0.0013 0.0015 0.0012 0.0018 0.0013 0.0108 0.0123 0.0027 0.0040 0.0105 0.0082 0.0021 0.0223 0.0054 0.0099 0.7096 0.0417 0.0213 0.0035 0.0079 0.0054 0.0162 0.0747 0.0244 
        TC22  1 0.0016 0.0009 0.0010 0.0015 0.0038 0.0015 0.0023 0.0037 0.0038 0.0026 0.0026 0.0043 0.0755 0.0047 0.0078 0.7881 0.0061 0.0292 0.0067 0.0220 0.0088 0.0039 0.0148 0.0030 
        TC23  1 0.0010 0.0012 0.0010 0.0035 0.0073 0.0011 0.0027 0.0038 0.0065 0.0074 0.0019 0.0023 0.0044 0.0015 0.0131 0.8465 0.0096 0.0208 0.0039 0.0092 0.0334 0.0051 0.0092 0.0034 
        TC24  1 0.0020 0.0021 0.0007 0.0008 0.0023 0.0011 0.0017 0.0036 0.0051 0.0015 0.0020 0.0015 0.0040 0.0017 0.0112 0.9167 0.0049 0.0105 0.0022 0.0045 0.0029 0.0083 0.0070 0.0017 
        TC25  1 0.0012 0.0009 0.0007 0.0028 0.0014 0.0024 0.0031 0.0046 0.0059 0.0155 0.0021 0.0029 0.0111 0.0032 0.0193 0.7503 0.0359 0.0941 0.0088 0.0051 0.0057 0.0061 0.0149 0.0021 
        TC26  1 0.0010 0.0011 0.0014 0.0021 0.0016 0.0032 0.0114 0.0030 0.0185 0.0018 0.0023 0.0020 0.0054 0.0021 0.0091 0.8465 0.0063 0.0397 0.0123 0.0049 0.0051 0.0056 0.0104 0.0031 
        TC27  1 0.0013 0.0012 0.0014 0.0008 0.0179 0.0036 0.0030 0.1004 0.0049 0.0022 0.0028 0.0031 0.0055 0.0017 0.0093 0.6834 0.0070 0.0619 0.0029 0.0359 0.0036 0.0063 0.0379 0.0020 
        TC28  1 0.0014 0.0016 0.0007 0.0047 0.0016 0.0022 0.0041 0.0056 0.0082 0.0028 0.0042 0.0023 0.0112 0.0014 0.0125 0.8453 0.0092 0.0459 0.0035 0.0058 0.0031 0.0049 0.0158 0.0021 
        TC29  1 0.0010 0.0533 0.0016 0.0020 0.0036 0.0013 0.0028 0.0122 0.0231 0.0036 0.0033 0.0055 0.0045 0.0015 0.0170 0.7103 0.0144 0.0918 0.0034 0.0042 0.0080 0.0137 0.0139 0.0039 
        TC30  1 0.0010 0.0012 0.0019 0.0007 0.0050 0.0020 0.0028 0.0028 0.0115 0.0032 0.0072 0.0017 0.0089 0.0046 0.0111 0.8569 0.0065 0.0339 0.0054 0.0063 0.0056 0.0050 0.0116 0.0031 
        TC31  1 0.0016 0.0013 0.0020 0.0011 0.0061 0.0011 0.0021 0.0042 0.0055 0.0217 0.0031 0.0019 0.0301 0.0042 0.0147 0.7948 0.0241 0.0146 0.0028 0.0160 0.0224 0.0080 0.0125 0.0040 
        TC32  1 0.0013 0.0015 0.0006 0.0023 0.0055 0.0034 0.0063 0.0051 0.0065 0.0028 0.0038 0.0040 0.0458 0.0022 0.0073 0.7314 0.0085 0.1241 0.0131 0.0051 0.0029 0.0046 0.0090 0.0026 
        TC33  1 0.0022 0.0016 0.0013 0.0017 0.0027 0.0017 0.0024 0.0042 0.0052 0.0200 0.0043 0.0037 0.0060 0.0016 0.0113 0.8530 0.0088 0.0239 0.0040 0.0076 0.0051 0.0120 0.0133 0.0022 
        TC34  1 0.0011 0.0018 0.0010 0.0011 0.0078 0.0015 0.0051 0.0024 0.0066 0.0024 0.0044 0.0024 0.0067 0.0047 0.0091 0.8055 0.0083 0.0757 0.0039 0.0102 0.0095 0.0139 0.0128 0.0020 
        TC35  1 0.0015 0.0020 0.0015 0.0007 0.0068 0.0025 0.0135 0.0054 0.0208 0.0100 0.0040 0.0018 0.0240 0.0046 0.0078 0.8067 0.0192 0.0181 0.0030 0.0165 0.0070 0.0046 0.0142 0.0038 
        TC36  1 0.0010 0.0022 0.0008 0.0020 0.0056 0.0038 0.0224 0.0051 0.0090 0.0024 0.0044 0.0026 0.0075 0.0028 0.0184 0.8343 0.0082 0.0190 0.0047 0.0077 0.0033 0.0050 0.0254 0.0023 
        TC37  1 0.0010 0.0012 0.0016 0.0010 0.0203 0.0028 0.0026 0.0096 0.0079 0.0028 0.0049 0.0031 0.0242 0.0016 0.0088 0.8416 0.0091 0.0081 0.0071 0.0074 0.0039 0.0153 0.0123 0.0018 
        TC38  1 0.0010 0.0014 0.0010 0.0028 0.0031 0.0019 0.0042 0.0028 0.0349 0.0034 0.0035 0.0015 0.0042 0.0524 0.0116 0.7407 0.0563 0.0352 0.0048 0.0047 0.0060 0.0047 0.0106 0.0071 
        TC39  1 0.0009 0.0013 0.0018 0.0008 0.0076 0.0057 0.0053 0.0026 0.0598 0.0026 0.0031 0.0016 0.0078 0.0025 0.0116 0.6812 0.0109 0.1506 0.0081 0.0050 0.0052 0.0058 0.0161 0.0022 
        TC40  1 0.0017 0.0011 0.0009 0.0012 0.0015 0.0019 0.0031 0.0177 0.0084 0.0027 0.0027 0.0024 0.0090 0.0020 0.0207 0.8066 0.0085 0.0575 0.0048 0.0079 0.0057 0.0171 0.0129 0.0020 
        TC41  1 0.0034 0.0012 0.0006 0.0012 0.0032 0.0021 0.0044 0.0104 0.0057 0.0021 0.0033 0.0026 0.0537 0.0016 0.0079 0.8311 0.0072 0.0149 0.0036 0.0050 0.0190 0.0046 0.0088 0.0024 
        TC42  1 0.0030 0.0011 0.0012 0.0009 0.0048 0.0017 0.0023 0.0052 0.0077 0.0015 0.0023 0.0018 0.0039 0.0024 0.0100 0.8615 0.0053 0.0440 0.0067 0.0082 0.0033 0.0038 0.0150 0.0024 
        TC43  1 0.0011 0.0010 0.0012 0.0016 0.0045 0.0013 0.0027 0.0076 0.0076 0.0026 0.0071 0.0034 0.0088 0.0018 0.0103 0.8306 0.0095 0.0624 0.0042 0.0066 0.0041 0.0048 0.0121 0.0029 
        TC44  1 0.0010 0.0012 0.0020 0.0010 0.0012 0.0012 0.0059 0.0095 0.0470 0.0044 0.0020 0.0017 0.0066 0.0153 0.0141 0.8006 0.0075 0.0317 0.0063 0.0144 0.0046 0.0039 0.0149 0.0019 
        TC45  1 0.0006 0.0021 0.0064 0.0008 0.0043 0.0101 0.0021 0.0027 0.0133 0.0020 0.0025 0.0019 0.0146 0.0013 0.0073 0.8453 0.0269 0.0082 0.0050 0.0046 0.0041 0.0033 0.0262 0.0046 
        TC46  1 0.0013 0.0015 0.0009 0.0052 0.0026 0.0025 0.0034 0.0045 0.0066 0.0019 0.0038 0.0018 0.0146 0.0018 0.0133 0.8602 0.0128 0.0138 0.0043 0.0167 0.0071 0.0048 0.0117 0.0031 
        TC47  1 0.0010 0.0009 0.0006 0.0019 0.0017 0.0012 0.0038 0.0043 0.0109 0.0043 0.0032 0.0018 0.0064 0.0054 0.0076 0.8699 0.0072 0.0234 0.0032 0.0223 0.0049 0.0042 0.0082 0.0019 
        TC48  1 0.0020 0.0025 0.0065 0.0014 0.0026 0.0025 0.0046 0.0041 0.0101 0.0022 0.0030 0.0038 0.0098 0.0016 0.0086 0.8094 0.0164 0.0241 0.0264 0.0106 0.0039 0.0297 0.0120 0.0022 
        TC49  1 0.0013 0.0022 0.0033 0.0014 0.0046 0.0018 0.0034 0.0160 0.0054 0.0034 0.0032 0.0027 0.0111 0.0013 0.0058 0.8502 0.0086 0.0170 0.0076 0.0083 0.0032 0.0053 0.0306 0.0025 
        TC50  1 0.0020 0.0011 0.0009 0.0007 0.0025 0.0026 0.0040 0.0036 0.0060 0.0033 0.0035 0.0126 0.0113 0.0039 0.0140 0.8532 0.0127 0.0122 0.0055 0.0161 0.0079 0.0096 0.0085 0.0025 
        TC51  1 0.0011 0.0021 0.0026 0.0010 0.0011 0.0019 0.0026 0.0072 0.0045 0.0056 0.0022 0.0026 0.0075 0.0076 0.0105 0.8293 0.0103 0.0521 0.0085 0.0079 0.0047 0.0045 0.0201 0.0025 
        TC52  1 0.0009 0.0011 0.0015 0.0173 0.0018 0.0022 0.0020 0.0033 0.0043 0.0015 0.0022 0.0019 0.0042 0.0020 0.0367 0.8538 0.0142 0.0153 0.0041 0.0044 0.0032 0.0050 0.0132 0.0040 
        TC53  1 0.0007 0.0011 0.0007 0.0008 0.0020 0.0010 0.0037 0.0024 0.0138 0.0014 0.0031 0.0042 0.0050 0.0027 0.0073 0.8228 0.0052 0.0324 0.0087 0.0192 0.0152 0.0048 0.0352 0.0065 
        TC54  1 0.0020 0.0016 0.0010 0.0007 0.0018 0.0058 0.0070 0.0182 0.0071 0.0030 0.0057 0.0060 0.0111 0.0022 0.0118 0.7677 0.0113 0.0395 0.0057 0.0101 0.0038 0.0501 0.0246 0.0022 
        TC55  1 0.0018 0.0008 0.0008 0.0013 0.0026 0.0089 0.0070 0.0031 0.0166 0.0033 0.0051 0.0049 0.0256 0.0015 0.0192 0.7793 0.0108 0.0466 0.0184 0.0075 0.0026 0.0087 0.0209 0.0026 
        TC56  1 0.0011 0.0013 0.0010 0.0009 0.0032 0.0018 0.0023 0.0796 0.0113 0.0038 0.0055 0.0041 0.0076 0.0015 0.0102 0.7649 0.0195 0.0258 0.0074 0.0084 0.0056 0.0143 0.0151 0.0037 
        TC57  1 0.0012 0.0013 0.0025 0.0009 0.0034 0.0023 0.0065 0.0053 0.0237 0.0027 0.0132 0.0032 0.0096 0.0023 0.0096 0.8422 0.0064 0.0115 0.0050 0.0171 0.0057 0.0066 0.0151 0.0026 
        TC58  1 0.0014 0.0016 0.0009 0.0015 0.0015 0.0060 0.0070 0.0024 0.0105 0.0235 0.0023 0.0018 0.0069 0.0019 0.0081 0.8608 0.0073 0.0144 0.0068 0.0111 0.0058 0.0041 0.0107 0.0016 
        TC59  1 0.0008 0.0009 0.0010 0.0014 0.0017 0.0040 0.0049 0.0026 0.0049 0.0038 0.0022 0.0019 0.0043 0.0015 0.0067 0.8900 0.0048 0.0262 0.0027 0.0062 0.0044 0.0049 0.0166 0.0017 
        TA01  2 0.0011 0.0014 0.0008 0.0007 0.0024 0.0021 0.0200 0.0032 0.0179 0.0025 0.0020 0.0097 0.0046 0.0058 0.0068 0.8553 0.0070 0.0211 0.0042 0.0080 0.0062 0.0075 0.0077 0.0022 
        TA02  2 0.0030 0.0075 0.0007 0.0019 0.0073 0.0014 0.0053 0.0214 0.0133 0.0016 0.0036 0.0025 0.0071 0.0024 0.0207 0.8303 0.0127 0.0152 0.0027 0.0050 0.0045 0.0132 0.0145 0.0024 
        TA03  2 0.0018 0.0018 0.0020 0.0009 0.0019 0.0013 0.0042 0.0037 0.0354 0.0026 0.0036 0.0032 0.0089 0.0107 0.0108 0.8333 0.0075 0.0152 0.0042 0.0206 0.0047 0.0083 0.0114 0.0021 
        TA04  2 0.0008 0.0011 0.0009 0.0014 0.0020 0.0017 0.0022 0.0031 0.0957 0.0019 0.0036 0.0025 0.0111 0.1326 0.0092 0.5987 0.0062 0.0936 0.0040 0.0092 0.0035 0.0042 0.0095 0.0013 
        TA05  2 0.0014 0.0013 0.0013 0.0014 0.0014 0.0017 0.0022 0.0038 0.0068 0.0024 0.0028 0.0019 0.0052 0.0054 0.0070 0.8975 0.0112 0.0100 0.0046 0.0068 0.0029 0.0060 0.0094 0.0055 
        TA06  2 0.0008 0.0006 0.0005 0.0008 0.0044 0.0014 0.0035 0.0024 0.0116 0.0044 0.0015 0.0152 0.0085 0.0037 0.0107 0.8706 0.0063 0.0262 0.0032 0.0071 0.0029 0.0043 0.0067 0.0024 
        TA07  2 0.0013 0.0014 0.0008 0.0015 0.0013 0.0013 0.0264 0.0055 0.2596 0.0040 0.0036 0.0017 0.0054 0.0034 0.0158 0.5793 0.0073 0.0129 0.0077 0.0065 0.0060 0.0098 0.0267 0.0111 
        TA08  2 0.0008 0.0008 0.0005 0.0007 0.0021 0.0009 0.0021 0.0068 0.0257 0.0019 0.0023 0.0036 0.0039 0.0065 0.0071 0.8082 0.0097 0.0606 0.0032 0.0283 0.0030 0.0040 0.0159 0.0015 
        TA09  2 0.0009 0.0010 0.0006 0.0036 0.0081 0.0009 0.0023 0.0073 0.0266 0.0017 0.0024 0.0022 0.0038 0.0061 0.0120 0.8629 0.0051 0.0244 0.0052 0.0065 0.0032 0.0044 0.0065 0.0021 
        TA10  2 0.0016 0.0106 0.0013 0.0013 0.0022 0.0041 0.0036 0.0034 0.0227 0.0397 0.0041 0.0046 0.0056 0.0037 0.0075 0.8067 0.0074 0.0236 0.0047 0.0080 0.0054 0.0046 0.0211 0.0026 
        TA11  2 0.0140 0.0012 0.0015 0.0008 0.0039 0.0013 0.0028 0.0070 0.0553 0.0193 0.0024 0.0018 0.0166 0.0072 0.0085 0.7451 0.0124 0.0187 0.0071 0.0177 0.0266 0.0050 0.0214 0.0024 
        TA12  2 0.0330 0.0414 0.0014 0.0009 0.0020 0.0014 0.0023 0.0026 0.0279 0.0043 0.0049 0.0033 0.0066 0.0030 0.0058 0.7847 0.0062 0.0140 0.0105 0.0169 0.0049 0.0059 0.0118 0.0044 
        TA13  2 0.0016 0.0084 0.0079 0.0012 0.0018 0.0013 0.0033 0.0070 0.0068 0.0060 0.0164 0.0032 0.0064 0.0263 0.0160 0.6497 0.0074 0.0895 0.0710 0.0075 0.0062 0.0074 0.0448 0.0030 
        TA14  2 0.0008 0.0010 0.0008 0.0008 0.0028 0.0009 0.0023 0.0355 0.0319 0.0014 0.0017 0.0016 0.0053 0.0027 0.0245 0.8233 0.0047 0.0268 0.0088 0.0046 0.0022 0.0055 0.0081 0.0021 
        TA15  2 0.0007 0.0016 0.0022 0.0007 0.0024 0.0015 0.0023 0.0071 0.0085 0.0021 0.0110 0.0021 0.0064 0.0018 0.0081 0.8625 0.0047 0.0385 0.0095 0.0052 0.0029 0.0045 0.0118 0.0018 
        TA16  2 0.0051 0.0146 0.0015 0.0021 0.0051 0.0030 0.0075 0.0083 0.0376 0.0221 0.0064 0.0031 0.0045 0.0155 0.0124 0.7230 0.0068 0.0759 0.0127 0.0089 0.0023 0.0044 0.0148 0.0022 
        TA17  2 0.0035 0.0046 0.0006 0.0015 0.0016 0.0010 0.0043 0.0082 0.0094 0.0019 0.0029 0.0034 0.0062 0.0027 0.0084 0.8470 0.0056 0.0338 0.0078 0.0204 0.0031 0.0068 0.0113 0.0040 
        TA18  2 0.0008 0.0019 0.0009 0.0043 0.0036 0.0015 0.0038 0.0081 0.0039 0.0064 0.0031 0.0249 0.0644 0.0041 0.0060 0.8086 0.0054 0.0156 0.0032 0.0072 0.0054 0.0043 0.0100 0.0028 
        TA19  2 0.0009 0.0021 0.0019 0.0018 0.0025 0.0017 0.0028 0.0049 0.0107 0.0064 0.0028 0.0026 0.0172 0.0297 0.0085 0.7577 0.0062 0.0337 0.0031 0.0761 0.0075 0.0055 0.0104 0.0032 
        TA20  2 0.0018 0.1745 0.0007 0.0006 0.0047 0.0011 0.0050 0.0049 0.0228 0.0019 0.0030 0.0021 0.0046 0.0019 0.0080 0.7028 0.0066 0.0195 0.0031 0.0059 0.0038 0.0085 0.0083 0.0040 
        TA21  2 0.0018 0.0017 0.0012 0.0017 0.0054 0.0012 0.0092 0.0199 0.0759 0.0025 0.0107 0.0081 0.0053 0.0030 0.0105 0.7376 0.0081 0.0488 0.0080 0.0068 0.0029 0.0137 0.0140 0.0022 
        TA22  2 0.0008 0.0015 0.0005 0.0009 0.0064 0.0009 0.0084 0.0026 0.0057 0.0016 0.0031 0.0046 0.0086 0.0016 0.0070 0.8183 0.0061 0.0764 0.0078 0.0046 0.0071 0.0174 0.0069 0.0015 
        TA23  2 0.0014 0.0012 0.0008 0.0010 0.0478 0.0010 0.0040 0.0052 0.0118 0.0020 0.0024 0.0036 0.0056 0.0024 0.0072 0.7183 0.0057 0.1511 0.0034 0.0060 0.0029 0.0057 0.0082 0.0014 
        TA24  2 0.0013 0.0011 0.0056 0.0007 0.0019 0.0014 0.0160 0.0119 0.0054 0.0020 0.0288 0.0031 0.0079 0.0036 0.0250 0.8220 0.0062 0.0161 0.0025 0.0125 0.0068 0.0047 0.0109 0.0027 
        TA25  2 0.0030 0.0055 0.0007 0.0010 0.0033 0.0022 0.0032 0.0057 0.0067 0.1157 0.0071 0.0121 0.0057 0.0041 0.0081 0.7233 0.0072 0.0365 0.0039 0.0105 0.0053 0.0032 0.0232 0.0028 
        TA26  2 0.0025 0.0011 0.0008 0.0008 0.0024 0.0010 0.0026 0.0033 0.0884 0.0052 0.0039 0.0023 0.0057 0.0080 0.0069 0.7359 0.0214 0.0437 0.0119 0.0174 0.0086 0.0076 0.0169 0.0015 
        TA27  2 0.0084 0.0029 0.0008 0.0008 0.0518 0.0037 0.0046 0.0037 0.0082 0.0023 0.0024 0.0032 0.0057 0.0028 0.0132 0.8019 0.0056 0.0201 0.0054 0.0113 0.0061 0.0077 0.0254 0.0017 
        TA28  2 0.0022 0.0018 0.0020 0.0017 0.0075 0.0014 0.0082 0.0260 0.0223 0.0018 0.0038 0.0018 0.0086 0.0043 0.0206 0.7997 0.0220 0.0171 0.0046 0.0055 0.0077 0.0106 0.0163 0.0023 
        TA29  2 0.0008 0.0021 0.0008 0.0012 0.0021 0.0020 0.0036 0.0060 0.0051 0.0024 0.0027 0.0025 0.0068 0.0022 0.0077 0.8283 0.0062 0.0688 0.0083 0.0178 0.0041 0.0042 0.0117 0.0024 
        TA30  2 0.0011 0.0015 0.0040 0.0011 0.0083 0.0017 0.0019 0.0133 0.2016 0.0022 0.0053 0.0030 0.0065 0.0943 0.0088 0.5288 0.0090 0.0245 0.0111 0.0241 0.0037 0.0099 0.0324 0.0019 
      BERM01  3 0.0012 0.0010 0.0007 0.0007 0.0010 0.0009 0.0022 0.0025 0.0052 0.0018 0.0021 0.0020 0.0045 0.0896 0.0055 0.0090 0.0049 0.8410 0.0036 0.0045 0.0024 0.0045 0.0079 0.0016 
      BERM02  3 0.0008 0.0010 0.0007 0.0008 0.0016 0.0013 0.0018 0.0023 0.0079 0.0016 0.0025 0.0019 0.0081 0.0053 0.0056 0.0155 0.0061 0.9091 0.0038 0.0037 0.0027 0.0046 0.0100 0.0016 
      BERM03  3 0.0010 0.0008 0.0006 0.0010 0.0010 0.0013 0.0027 0.0025 0.0050 0.0019 0.0018 0.0015 0.0043 0.0015 0.0059 0.0074 0.0055 0.9232 0.0072 0.0056 0.0038 0.0042 0.0087 0.0015 
      BERM04  3 0.0007 0.0008 0.0006 0.0009 0.0006 0.0012 0.0023 0.0021 0.0058 0.0022 0.0016 0.0015 0.0037 0.0040 0.0067 0.0071 0.0063 0.9245 0.0049 0.0068 0.0025 0.0037 0.0083 0.0012 
      BERM05  3 0.0010 0.0008 0.0012 0.0012 0.0008 0.0028 0.0025 0.0032 0.0053 0.0024 0.0021 0.0023 0.0041 0.0058 0.0095 0.0063 0.0078 0.9089 0.0077 0.0062 0.0057 0.0047 0.0064 0.0014 
      BERM06  3 0.0010 0.0009 0.0005 0.0014 0.0011 0.0057 0.0029 0.0020 0.0580 0.0015 0.0019 0.0022 0.0066 0.0106 0.0065 0.0117 0.0069 0.8537 0.0044 0.0060 0.0023 0.0034 0.0074 0.0016 
      BERM07  3 0.0009 0.0008 0.0008 0.0010 0.0012 0.0010 0.0021 0.0046 0.0083 0.0030 0.0020 0.0016 0.0052 0.0102 0.0061 0.0136 0.0059 0.8987 0.0041 0.0097 0.0034 0.0041 0.0099 0.0017 
      BERM08  3 0.0007 0.0008 0.0005 0.0007 0.0008 0.0008 0.0019 0.0020 0.0044 0.0016 0.0016 0.0028 0.0034 0.0069 0.0054 0.0114 0.0066 0.9285 0.0023 0.0045 0.0022 0.0029 0.0058 0.0016 
      BERM09  3 0.0007 0.0009 0.0007 0.0010 0.0029 0.0024 0.0025 0.0024 0.1737 0.0020 0.0017 0.0018 0.0075 0.1066 0.0053 0.0344 0.0043 0.6218 0.0038 0.0049 0.0041 0.0041 0.0093 0.0015 
      BERM10  3 0.0011 0.0009 0.0010 0.0012 0.0036 0.0035 0.0051 0.0031 0.0155 0.0020 0.0047 0.0017 0.0058 0.0131 0.0067 0.0162 0.0096 0.8474 0.0044 0.0154 0.0045 0.0039 0.0189 0.0106 
      BERM11  3 0.0006 0.0011 0.0011 0.0006 0.0012 0.0016 0.0016 0.0030 0.0530 0.0022 0.0020 0.0023 0.0052 0.0043 0.0062 0.0127 0.0070 0.8715 0.0026 0.0045 0.0023 0.0041 0.0076 0.0015 
      BERM12  3 0.0016 0.0008 0.0005 0.0015 0.0017 0.0009 0.0016 0.0024 0.0119 0.0025 0.0017 0.0040 0.0044 0.0017 0.0235 0.0105 0.0341 0.8631 0.0024 0.0141 0.0027 0.0042 0.0069 0.0014 
      BERM13  3 0.0009 0.0008 0.0011 0.0052 0.0011 0.0020 0.0023 0.0030 0.0047 0.0024 0.0034 0.0017 0.0076 0.0064 0.0053 0.0091 0.0050 0.9103 0.0047 0.0069 0.0031 0.0037 0.0078 0.0014 
      BERM14  3 0.0007 0.0009 0.0006 0.0007 0.0009 0.0010 0.0019 0.0024 0.0329 0.0024 0.0025 0.0018 0.0040 0.0051 0.0121 0.0189 0.0053 0.8793 0.0037 0.0054 0.0046 0.0036 0.0078 0.0014 
      CROC01  3 0.0019 0.0012 0.0047 0.0009 0.0013 0.0035 0.0033 0.0031 0.0065 0.0033 0.0034 0.0028 0.0125 0.0067 0.0239 0.0104 0.0076 0.8184 0.0049 0.0154 0.0166 0.0216 0.0248 0.0015 
      CROC02  3 0.0010 0.0010 0.0016 0.0117 0.0018 0.0238 0.0040 0.0049 0.0263 0.0028 0.0089 0.0045 0.0107 0.0023 0.0094 0.0097 0.0121 0.8253 0.0065 0.0053 0.0038 0.0062 0.0148 0.0019 
      CROC03  3 0.0013 0.0009 0.0007 0.0011 0.0015 0.0017 0.0024 0.0065 0.0833 0.0022 0.0025 0.0020 0.0072 0.0035 0.0125 0.0104 0.0160 0.8125 0.0043 0.0086 0.0031 0.0055 0.0076 0.0026 
      CROC04  3 0.0011 0.0008 0.0014 0.0006 0.0296 0.0122 0.0364 0.0030 0.0036 0.0019 0.0027 0.0017 0.0064 0.0032 0.0141 0.0270 0.0048 0.8190 0.0034 0.0058 0.0041 0.0038 0.0105 0.0027 
      CROC05  3 0.0008 0.0010 0.0009 0.0012 0.0012 0.0076 0.0027 0.0028 0.0194 0.0033 0.0048 0.0024 0.0048 0.0055 0.0071 0.0072 0.0060 0.8904 0.0047 0.0049 0.0032 0.0046 0.0116 0.0019 
      CROC06  3 0.0012 0.0009 0.0006 0.0011 0.0016 0.0063 0.0378 0.0034 0.0085 0.0094 0.0022 0.0218 0.0084 0.0076 0.0220 0.0314 0.0092 0.7894 0.0024 0.0063 0.0044 0.0087 0.0107 0.0048 
      CROC07  3 0.0011 0.0013 0.0012 0.0012 0.0048 0.0056 0.0035 0.0028 0.0172 0.0023 0.0028 0.0059 0.0098 0.0045 0.0081 0.0143 0.0063 0.8630 0.0056 0.0080 0.0081 0.0056 0.0149 0.0020 
      CROC08  3 0.0007 0.0040 0.0007 0.0008 0.0020 0.0009 0.0032 0.0110 0.0055 0.0042 0.0031 0.0050 0.0053 0.0039 0.0129 0.0090 0.0145 0.8291 0.0036 0.0083 0.0134 0.0206 0.0365 0.0017 
      CROC09  3 0.0007 0.0008 0.0007 0.0008 0.0008 0.0012 0.0027 0.0038 0.0275 0.0016 0.0022 0.0019 0.0058 0.1019 0.0166 0.0076 0.0101 0.7422 0.0035 0.0041 0.0032 0.0150 0.0075 0.0380 
      CROC10  3 0.0007 0.0007 0.0008 0.0008 0.0011 0.0015 0.0020 0.0021 0.0059 0.0030 0.0020 0.0025 0.0061 0.1100 0.0066 0.0084 0.0074 0.8068 0.0080 0.0047 0.0029 0.0033 0.0113 0.0016 
      CROC11  3 0.0007 0.0008 0.0007 0.0008 0.0008 0.0013 0.0028 0.0038 0.0283 0.0017 0.0022 0.0019 0.0058 0.1025 0.0164 0.0075 0.0101 0.7413 0.0035 0.0041 0.0033 0.0144 0.0074 0.0380 
     CROC110  3 0.0009 0.0014 0.0019 0.0018 0.0016 0.0032 0.0063 0.0053 0.0381 0.0019 0.0029 0.0020 0.0060 0.0112 0.0170 0.0155 0.0054 0.7981 0.0083 0.0081 0.0035 0.0091 0.0442 0.0065 
     CROC116  3 0.0040 0.0015 0.0009 0.0011 0.0028 0.0031 0.0056 0.0036 0.0131 0.0021 0.0042 0.0169 0.0076 0.0029 0.0509 0.0239 0.0126 0.7958 0.0078 0.0073 0.0073 0.0069 0.0155 0.0025 
      CROC12  3 0.0015 0.0008 0.0007 0.0011 0.0015 0.0009 0.0044 0.0038 0.0042 0.0016 0.0030 0.0015 0.0052 0.0059 0.0054 0.0092 0.0057 0.9178 0.0044 0.0043 0.0026 0.0039 0.0083 0.0023 
     CROC123  3 0.0006 0.0014 0.0006 0.0007 0.0012 0.0010 0.0015 0.0027 0.0117 0.0013 0.0021 0.0014 0.0048 0.0062 0.0100 0.0120 0.0060 0.9095 0.0037 0.0037 0.0020 0.0030 0.0115 0.0014 
      CROC13  3 0.0010 0.0008 0.0009 0.0008 0.0011 0.0017 0.0024 0.0035 0.0101 0.0029 0.0017 0.0016 0.0036 0.0023 0.0063 0.0078 0.0151 0.9015 0.0101 0.0070 0.0044 0.0037 0.0082 0.0016 
      CROC14  3 0.0007 0.0022 0.0009 0.0006 0.0011 0.0031 0.0056 0.0035 0.0224 0.0436 0.0068 0.0036 0.0047 0.0039 0.0063 0.0153 0.0082 0.8221 0.0034 0.0034 0.0021 0.0071 0.0094 0.0200 
      CROC15  3 0.0009 0.0045 0.0012 0.0106 0.0012 0.0013 0.0028 0.0076 0.0044 0.0049 0.0036 0.0018 0.0048 0.0026 0.0776 0.0125 0.0128 0.7974 0.0040 0.0064 0.0027 0.0154 0.0119 0.0071 
      CROC16  3 0.0019 0.0013 0.0084 0.0010 0.0007 0.0167 0.0048 0.0046 0.0130 0.0024 0.0022 0.0031 0.0051 0.0702 0.0179 0.0076 0.0265 0.7615 0.0173 0.0060 0.0043 0.0080 0.0136 0.0020 
      CROC17  3 0.0008 0.0012 0.0006 0.0006 0.0533 0.0009 0.0023 0.0031 0.0038 0.0015 0.0015 0.0016 0.0045 0.0022 0.0053 0.0108 0.0058 0.8627 0.0023 0.0041 0.0022 0.0031 0.0245 0.0012 
      CROC18  3 0.0014 0.0010 0.0013 0.0028 0.0010 0.0012 0.0021 0.0022 0.0055 0.0016 0.0020 0.0021 0.0198 0.0023 0.0068 0.0133 0.0160 0.8834 0.0042 0.0055 0.0097 0.0043 0.0091 0.0014 
      CROC19  3 0.0009 0.0012 0.0012 0.0011 0.0039 0.0247 0.0048 0.0045 0.0054 0.0025 0.0061 0.0020 0.0078 0.0043 0.0095 0.0140 0.0067 0.8495 0.0030 0.0112 0.0060 0.0050 0.0166 0.0082 
     CROC198  3 0.0011 0.0007 0.0020 0.0006 0.0011 0.0018 0.0019 0.0030 0.0144 0.0027 0.0028 0.0018 0.0052 0.0113 0.0057 0.0079 0.0060 0.8872 0.0043 0.0129 0.0042 0.0047 0.0150 0.0015 
      CROC20  3 0.0010 0.0019 0.0010 0.0014 0.0009 0.0022 0.0033 0.0096 0.0108 0.0023 0.0024 0.0033 0.0131 0.0049 0.0104 0.0080 0.0105 0.8666 0.0051 0.0069 0.0032 0.0057 0.0233 0.0023 
     CROC202  3 0.0011 0.0009 0.0008 0.0010 0.0010 0.0013 0.0026 0.0030 0.0130 0.0032 0.0021 0.0034 0.0051 0.0050 0.0090 0.0101 0.0236 0.8752 0.0035 0.0092 0.0102 0.0038 0.0103 0.0017 
      CROC21  3 0.0011 0.0010 0.0007 0.0014 0.0011 0.0012 0.0019 0.0023 0.0054 0.0024 0.0020 0.0016 0.0056 0.0073 0.0060 0.0148 0.0075 0.8860 0.0075 0.0058 0.0029 0.0071 0.0130 0.0145 
     CROC216  3 0.0022 0.0011 0.0008 0.0035 0.0019 0.0015 0.0064 0.0029 0.0187 0.0021 0.0022 0.0019 0.0070 0.0092 0.0222 0.0253 0.0105 0.8446 0.0042 0.0054 0.0040 0.0067 0.0137 0.0020 
      CROC22  3 0.0010 0.0380 0.0008 0.0011 0.0017 0.0016 0.0022 0.0022 0.0780 0.0023 0.0028 0.0016 0.0072 0.0052 0.0070 0.0139 0.0083 0.7601 0.0095 0.0231 0.0046 0.0038 0.0217 0.0022 
      CROC23  3 0.0010 0.0009 0.0007 0.0009 0.0024 0.0012 0.0024 0.0033 0.0060 0.0020 0.0068 0.0056 0.0074 0.0878 0.0071 0.0275 0.0075 0.7917 0.0100 0.0060 0.0030 0.0054 0.0112 0.0021 
      CROC24  3 0.0009 0.0013 0.0010 0.0008 0.0016 0.0024 0.0035 0.0038 0.0464 0.0018 0.0030 0.0015 0.0042 0.0245 0.0083 0.0112 0.0132 0.8416 0.0035 0.0046 0.0042 0.0057 0.0086 0.0024 
      CROC25  3 0.0007 0.0008 0.0006 0.0009 0.0010 0.0014 0.0023 0.0025 0.0090 0.0021 0.0018 0.0016 0.0059 0.0027 0.0084 0.0090 0.0053 0.9208 0.0032 0.0050 0.0028 0.0043 0.0068 0.0012 
     CROC259  3 0.0012 0.0011 0.0006 0.0007 0.0046 0.0062 0.0030 0.0035 0.0090 0.0166 0.0043 0.0018 0.0039 0.0064 0.0068 0.0375 0.0080 0.8577 0.0059 0.0062 0.0030 0.0040 0.0063 0.0016 
      CROC26  3 0.0012 0.0009 0.0008 0.0009 0.0262 0.0010 0.0023 0.0037 0.0061 0.0028 0.0025 0.0023 0.0044 0.0052 0.0095 0.0597 0.0074 0.8333 0.0029 0.0094 0.0038 0.0053 0.0069 0.0015 
      CROC27  3 0.0017 0.0032 0.0037 0.0008 0.0020 0.0100 0.0019 0.0077 0.0390 0.0020 0.0026 0.0023 0.0064 0.0079 0.0143 0.0464 0.0068 0.8051 0.0038 0.0079 0.0030 0.0093 0.0106 0.0018 
      CROC28  3 0.0013 0.0013 0.0014 0.0007 0.0018 0.0010 0.0048 0.0030 0.1717 0.0021 0.0016 0.0017 0.0034 0.0448 0.0094 0.0507 0.0058 0.6684 0.0031 0.0046 0.0029 0.0049 0.0075 0.0021 
      CROC29  3 0.0008 0.0011 0.0032 0.0007 0.0011 0.0025 0.0026 0.0029 0.0102 0.0018 0.0029 0.0018 0.0047 0.0019 0.0164 0.0105 0.0068 0.8924 0.0038 0.0053 0.0031 0.0086 0.0133 0.0016 
      CROC30  3 0.0022 0.0013 0.0014 0.0057 0.0015 0.0066 0.0574 0.0083 0.0095 0.0022 0.0119 0.0029 0.0107 0.0118 0.0121 0.0171 0.0092 0.7854 0.0041 0.0052 0.0034 0.0077 0.0200 0.0023 
      CROC31  3 0.0026 0.0011 0.0016 0.0007 0.0033 0.0013 0.0044 0.0026 0.0349 0.0027 0.0049 0.0161 0.0057 0.0407 0.0128 0.0369 0.0071 0.7596 0.0116 0.0055 0.0045 0.0059 0.0319 0.0017 
      CROC32  3 0.0009 0.0008 0.0008 0.0010 0.0012 0.0029 0.0030 0.0020 0.0147 0.0021 0.0023 0.0015 0.0044 0.0035 0.0055 0.0084 0.0056 0.9076 0.0047 0.0054 0.0035 0.0034 0.0133 0.0016 
      CROC33  3 0.0007 0.0009 0.0011 0.0006 0.0011 0.0061 0.0041 0.0269 0.0079 0.0013 0.0020 0.0017 0.0055 0.0021 0.0121 0.0168 0.0083 0.8596 0.0028 0.0060 0.0040 0.0165 0.0081 0.0037 
      CROC34  3 0.0013 0.0011 0.0015 0.0016 0.0012 0.0015 0.0033 0.0035 0.0047 0.0027 0.0022 0.0023 0.0054 0.0030 0.0071 0.0113 0.0068 0.9120 0.0028 0.0079 0.0029 0.0058 0.0069 0.0013 
      CROC35  3 0.0008 0.0012 0.0006 0.0006 0.0015 0.0011 0.0027 0.0398 0.0212 0.0019 0.0016 0.0017 0.0038 0.0045 0.0045 0.0150 0.0046 0.8561 0.0022 0.0033 0.0020 0.0030 0.0247 0.0017 
      CROC36  3 0.0007 0.0008 0.0010 0.0009 0.0009 0.0020 0.0023 0.0023 0.0056 0.0025 0.0021 0.0018 0.0054 0.0376 0.0091 0.0078 0.0065 0.8816 0.0061 0.0046 0.0040 0.0041 0.0087 0.0017 
      CROC57  3 0.0008 0.0009 0.0008 0.0009 0.0008 0.0013 0.0025 0.0031 0.0051 0.0040 0.0018 0.0019 0.0043 0.0023 0.0080 0.0064 0.0063 0.9198 0.0039 0.0051 0.0047 0.0052 0.0088 0.0015 
      CROC81  3 0.0009 0.0008 0.0008 0.0024 0.0011 0.0024 0.0042 0.0036 0.0141 0.0023 0.0033 0.0020 0.0091 0.0049 0.0100 0.0090 0.0313 0.8382 0.0049 0.0049 0.0075 0.0149 0.0259 0.0016 
      CROC84  3 0.0011 0.0006 0.0007 0.0006 0.0012 0.0008 0.0016 0.0022 0.0146 0.0016 0.0015 0.0027 0.0030 0.0133 0.0103 0.0098 0.0124 0.8995 0.0026 0.0067 0.0025 0.0030 0.0064 0.0013 
        FW01  3 0.0012 0.0009 0.0012 0.0014 0.0008 0.0013 0.0023 0.0046 0.8922 0.0025 0.0022 0.0017 0.0053 0.0014 0.0075 0.0077 0.0114 0.0135 0.0047 0.0088 0.0045 0.0058 0.0145 0.0026 
        FW02  3 0.0005 0.0006 0.0005 0.0006 0.0006 0.0008 0.0013 0.0018 0.0029 0.0014 0.0013 0.0012 0.0032 0.9463 0.0045 0.0046 0.0042 0.0065 0.0023 0.0035 0.0019 0.0028 0.0055 0.0012 
        FW03  3 0.0007 0.0007 0.0006 0.0007 0.0008 0.0011 0.0017 0.0022 0.9310 0.0015 0.0015 0.0014 0.0037 0.0016 0.0075 0.0066 0.0061 0.0084 0.0027 0.0047 0.0024 0.0034 0.0075 0.0014 
        FW04  3 0.0005 0.0006 0.0005 0.0006 0.0006 0.0007 0.0013 0.0018 0.0029 0.0014 0.0013 0.0012 0.0032 0.9463 0.0045 0.0046 0.0042 0.0065 0.0022 0.0035 0.0019 0.0028 0.0055 0.0012 
        FW05  3 0.0005 0.0006 0.0005 0.0006 0.0006 0.0007 0.0013 0.0018 0.0029 0.0013 0.0013 0.0012 0.0032 0.9465 0.0046 0.0046 0.0041 0.0065 0.0022 0.0035 0.0019 0.0027 0.0055 0.0012 
        FW06  3 0.0005 0.0006 0.0005 0.0006 0.0006 0.0007 0.0013 0.0018 0.0029 0.0014 0.0013 0.0012 0.0032 0.9462 0.0046 0.0047 0.0041 0.0065 0.0022 0.0035 0.0019 0.0028 0.0055 0.0012 
        FW07  3 0.0007 0.0007 0.0007 0.0007 0.0008 0.0011 0.0018 0.0023 0.9310 0.0015 0.0015 0.0014 0.0038 0.0016 0.0074 0.0066 0.0061 0.0084 0.0027 0.0048 0.0024 0.0034 0.0075 0.0014 
        FW08  3 0.0005 0.0006 0.0005 0.0006 0.0006 0.0008 0.0013 0.0018 0.0028 0.0014 0.0013 0.0012 0.0032 0.9465 0.0045 0.0046 0.0041 0.0065 0.0022 0.0035 0.0019 0.0028 0.0055 0.0012 
        FW09  3 0.0005 0.0006 0.0005 0.0006 0.0006 0.0008 0.0013 0.0018 0.0029 0.0013 0.0013 0.0012 0.0033 0.9465 0.0046 0.0046 0.0041 0.0065 0.0023 0.0035 0.0019 0.0028 0.0055 0.0012 
        FW10  3 0.0007 0.0007 0.0007 0.0007 0.0008 0.0010 0.0017 0.0023 0.9295 0.0015 0.0015 0.0014 0.0037 0.0016 0.0077 0.0069 0.0061 0.0084 0.0031 0.0047 0.0024 0.0037 0.0079 0.0014 
       FW100  3 0.0008 0.0006 0.0007 0.0007 0.0008 0.0009 0.0017 0.0023 0.9275 0.0015 0.0015 0.0014 0.0037 0.0031 0.0068 0.0072 0.0061 0.0096 0.0030 0.0048 0.0024 0.0038 0.0078 0.0014 
       FW101  3 0.0008 0.0007 0.0007 0.0007 0.0008 0.0009 0.0017 0.0023 0.9293 0.0015 0.0015 0.0014 0.0038 0.0016 0.0078 0.0068 0.0061 0.0084 0.0030 0.0047 0.0024 0.0038 0.0080 0.0014 
       FW102  3 0.0005 0.0006 0.0006 0.0006 0.0006 0.0007 0.0013 0.0018 0.0029 0.0014 0.0013 0.0012 0.0032 0.9464 0.0045 0.0046 0.0041 0.0066 0.0022 0.0035 0.0019 0.0028 0.0055 0.0012 
       FW103  3 0.0005 0.0006 0.0005 0.0006 0.0006 0.0008 0.0013 0.0018 0.0028 0.0014 0.0013 0.0012 0.0033 0.9463 0.0046 0.0046 0.0041 0.0065 0.0022 0.0035 0.0020 0.0028 0.0055 0.0012 
       FW104  3 0.0012 0.0009 0.0012 0.0013 0.0008 0.0014 0.0023 0.0045 0.8924 0.0025 0.0022 0.0017 0.0053 0.0014 0.0075 0.0075 0.0115 0.0133 0.0049 0.0088 0.0047 0.0058 0.0144 0.0026 
       FW105  3 0.0008 0.0007 0.0007 0.0007 0.0008 0.0009 0.0017 0.0023 0.9293 0.0015 0.0015 0.0014 0.0038 0.0016 0.0077 0.0070 0.0060 0.0084 0.0031 0.0048 0.0024 0.0037 0.0079 0.0014 
       FW106  3 0.0014 0.0014 0.0006 0.0012 0.0026 0.0012 0.0024 0.0810 0.0321 0.0018 0.0041 0.0030 0.0417 0.0605 0.0237 0.0191 0.0108 0.6715 0.0065 0.0082 0.0029 0.0052 0.0142 0.0030 
       FW107  3 0.0012 0.0009 0.0012 0.0014 0.0008 0.0013 0.0023 0.0045 0.8924 0.0025 0.0022 0.0017 0.0053 0.0014 0.0075 0.0076 0.0117 0.0133 0.0048 0.0086 0.0046 0.0057 0.0145 0.0026 
       FW108  3 0.0006 0.0005 0.0005 0.0006 0.0006 0.0007 0.0013 0.0018 0.0029 0.0014 0.0013 0.0012 0.0033 0.9463 0.0045 0.0047 0.0041 0.0066 0.0022 0.0035 0.0020 0.0027 0.0055 0.0012 
       FW109  3 0.0007 0.0006 0.0007 0.0007 0.0008 0.0010 0.0017 0.0022 0.9294 0.0015 0.0015 0.0014 0.0038 0.0016 0.0077 0.0069 0.0061 0.0083 0.0031 0.0048 0.0023 0.0038 0.0080 0.0014 
        FW11  3 0.0008 0.0007 0.0007 0.0007 0.0008 0.0009 0.0018 0.0023 0.9272 0.0015 0.0015 0.0014 0.0038 0.0029 0.0069 0.0072 0.0061 0.0096 0.0030 0.0048 0.0024 0.0038 0.0079 0.0014 
       FW110  3 0.0007 0.0006 0.0007 0.0007 0.0008 0.0011 0.0017 0.0022 0.9309 0.0015 0.0015 0.0014 0.0038 0.0016 0.0075 0.0066 0.0062 0.0085 0.0027 0.0047 0.0023 0.0034 0.0075 0.0014 
       FW111  3 0.0006 0.0005 0.0005 0.0006 0.0006 0.0008 0.0013 0.0018 0.0028 0.0013 0.0013 0.0012 0.0032 0.9467 0.0046 0.0045 0.0041 0.0064 0.0023 0.0035 0.0019 0.0028 0.0055 0.0012 
       FW112  3 0.0008 0.0007 0.0006 0.0007 0.0008 0.0009 0.0017 0.0023 0.9275 0.0015 0.0015 0.0014 0.0038 0.0029 0.0068 0.0073 0.0062 0.0095 0.0030 0.0047 0.0024 0.0037 0.0079 0.0014 
       FW113  3 0.0006 0.0006 0.0005 0.0006 0.0006 0.0007 0.0013 0.0019 0.0029 0.0014 0.0013 0.0012 0.0032 0.9464 0.0045 0.0046 0.0041 0.0065 0.0022 0.0035 0.0019 0.0028 0.0055 0.0012 
       FW114  3 0.0007 0.0007 0.0007 0.0007 0.0010 0.0013 0.0019 0.0024 0.9263 0.0015 0.0019 0.0015 0.0038 0.0016 0.0075 0.0087 0.0062 0.0088 0.0028 0.0048 0.0025 0.0034 0.0080 0.0014 
       FW115  3 0.0008 0.0006 0.0006 0.0007 0.0008 0.0010 0.0017 0.0022 0.9296 0.0015 0.0015 0.0014 0.0037 0.0016 0.0076 0.0069 0.0061 0.0084 0.0031 0.0047 0.0023 0.0038 0.0079 0.0014 
       FW116  3 0.0006 0.0006 0.0005 0.0006 0.0006 0.0007 0.0013 0.0018 0.0029 0.0013 0.0013 0.0012 0.0032 0.9463 0.0046 0.0046 0.0041 0.0064 0.0023 0.0035 0.0019 0.0028 0.0055 0.0012 
        FW12  3 0.0005 0.0006 0.0005 0.0006 0.0006 0.0007 0.0013 0.0018 0.0029 0.0014 0.0013 0.0012 0.0032 0.9466 0.0045 0.0046 0.0041 0.0065 0.0022 0.0035 0.0020 0.0027 0.0055 0.0012 
        FW13  3 0.0005 0.0005 0.0005 0.0006 0.0006 0.0007 0.0013 0.0018 0.0029 0.0014 0.0013 0.0012 0.0032 0.9465 0.0045 0.0046 0.0041 0.0065 0.0022 0.0035 0.0020 0.0028 0.0055 0.0012 
        FW14  3 0.0012 0.0009 0.0012 0.0014 0.0008 0.0013 0.0023 0.0046 0.8922 0.0025 0.0022 0.0017 0.0053 0.0014 0.0075 0.0078 0.0115 0.0134 0.0048 0.0087 0.0046 0.0058 0.0142 0.0026 
        FW15  3 0.0012 0.0009 0.0012 0.0014 0.0008 0.0013 0.0023 0.0046 0.8922 0.0025 0.0023 0.0017 0.0052 0.0014 0.0075 0.0077 0.0116 0.0133 0.0048 0.0089 0.0045 0.0058 0.0143 0.0027 
        FW16  3 0.0008 0.0006 0.0007 0.0007 0.0008 0.0009 0.0017 0.0022 0.9293 0.0015 0.0014 0.0014 0.0037 0.0016 0.0076 0.0070 0.0061 0.0084 0.0031 0.0048 0.0024 0.0038 0.0080 0.0014 
        FW17  3 0.0008 0.0006 0.0007 0.0007 0.0007 0.0009 0.0018 0.0023 0.9292 0.0015 0.0015 0.0014 0.0038 0.0016 0.0077 0.0069 0.0062 0.0084 0.0030 0.0048 0.0024 0.0037 0.0080 0.0014 
        FW18  3 0.0008 0.0007 0.0007 0.0007 0.0008 0.0010 0.0017 0.0023 0.9274 0.0015 0.0015 0.0014 0.0037 0.0031 0.0068 0.0072 0.0061 0.0096 0.0029 0.0047 0.0024 0.0038 0.0079 0.0014 
        FW19  3 0.0006 0.0006 0.0006 0.0006 0.0006 0.0007 0.0013 0.0018 0.0029 0.0014 0.0013 0.0012 0.0032 0.9463 0.0046 0.0047 0.0041 0.0065 0.0022 0.0035 0.0019 0.0028 0.0055 0.0012 
        FW20  3 0.0005 0.0006 0.0006 0.0006 0.0006 0.0007 0.0013 0.0018 0.0029 0.0014 0.0013 0.0012 0.0032 0.9463 0.0046 0.0046 0.0041 0.0065 0.0022 0.0035 0.0019 0.0028 0.0055 0.0012 
        FW21  3 0.0005 0.0006 0.0005 0.0006 0.0006 0.0007 0.0013 0.0018 0.0029 0.0014 0.0013 0.0012 0.0032 0.9465 0.0046 0.0046 0.0041 0.0064 0.0023 0.0035 0.0020 0.0028 0.0055 0.0012 
        FW22  3 0.0008 0.0007 0.0006 0.0008 0.0007 0.0009 0.0018 0.0023 0.9276 0.0015 0.0014 0.0014 0.0037 0.0030 0.0069 0.0072 0.0062 0.0094 0.0030 0.0047 0.0024 0.0038 0.0078 0.0014 
        FW23  3 0.0005 0.0006 0.0006 0.0006 0.0006 0.0007 0.0013 0.0018 0.0029 0.0014 0.0013 0.0012 0.0032 0.9463 0.0046 0.0046 0.0041 0.0065 0.0022 0.0035 0.0020 0.0028 0.0055 0.0012 
        FW24  3 0.0005 0.0006 0.0005 0.0006 0.0006 0.0007 0.0013 0.0018 0.0029 0.0014 0.0013 0.0012 0.0032 0.9464 0.0046 0.0046 0.0042 0.0065 0.0022 0.0035 0.0019 0.0028 0.0056 0.0012 
        FW25  3 0.0005 0.0006 0.0006 0.0006 0.0006 0.0007 0.0013 0.0018 0.0028 0.0014 0.0013 0.0012 0.0032 0.9465 0.0046 0.0046 0.0041 0.0065 0.0022 0.0035 0.0019 0.0028 0.0055 0.0012 
        FW26  3 0.0005 0.0006 0.0005 0.0006 0.0006 0.0007 0.0013 0.0019 0.0029 0.0013 0.0013 0.0012 0.0032 0.9464 0.0046 0.0046 0.0041 0.0065 0.0023 0.0035 0.0019 0.0028 0.0055 0.0012 
        FW27  3 0.0008 0.0007 0.0007 0.0007 0.0008 0.0009 0.0017 0.0022 0.9296 0.0015 0.0015 0.0014 0.0037 0.0016 0.0077 0.0069 0.0062 0.0084 0.0030 0.0048 0.0024 0.0037 0.0079 0.0014 
        FW28  3 0.0005 0.0006 0.0005 0.0006 0.0006 0.0007 0.0013 0.0019 0.0029 0.0013 0.0013 0.0012 0.0032 0.9464 0.0045 0.0047 0.0041 0.0065 0.0022 0.0035 0.0019 0.0028 0.0055 0.0012 
        FW29  3 0.0006 0.0006 0.0005 0.0006 0.0006 0.0007 0.0013 0.0018 0.0029 0.0013 0.0013 0.0012 0.0032 0.9465 0.0045 0.0046 0.0041 0.0065 0.0022 0.0035 0.0019 0.0028 0.0055 0.0012 
        FW30  3 0.0015 0.0014 0.0006 0.0012 0.0025 0.0012 0.0025 0.0806 0.0315 0.0019 0.0039 0.0029 0.0417 0.0606 0.0238 0.0195 0.0109 0.6716 0.0066 0.0082 0.0028 0.0052 0.0143 0.0031 
        FW32  3 0.0012 0.0009 0.0011 0.0014 0.0008 0.0013 0.0023 0.0045 0.8925 0.0025 0.0022 0.0017 0.0052 0.0014 0.0075 0.0077 0.0116 0.0133 0.0048 0.0087 0.0045 0.0057 0.0144 0.0026 
        FW33  3 0.0006 0.0006 0.0005 0.0006 0.0010 0.0009 0.0014 0.0018 0.0029 0.0013 0.0014 0.0012 0.0085 0.9268 0.0046 0.0054 0.0041 0.0124 0.0090 0.0035 0.0019 0.0028 0.0056 0.0012 
        FW34  3 0.0005 0.0006 0.0005 0.0006 0.0006 0.0007 0.0013 0.0018 0.0029 0.0014 0.0013 0.0012 0.0032 0.9464 0.0045 0.0046 0.0041 0.0065 0.0022 0.0035 0.0019 0.0028 0.0056 0.0012 
        FW35  3 0.0005 0.0006 0.0006 0.0006 0.0006 0.0007 0.0013 0.0018 0.0029 0.0014 0.0013 0.0012 0.0032 0.9464 0.0046 0.0047 0.0041 0.0065 0.0022 0.0035 0.0020 0.0028 0.0055 0.0012 
        FW36  3 0.0006 0.0005 0.0006 0.0006 0.0006 0.0007 0.0013 0.0018 0.0030 0.0014 0.0013 0.0012 0.0032 0.9464 0.0046 0.0046 0.0041 0.0065 0.0022 0.0035 0.0019 0.0028 0.0055 0.0012 
        FW37  3 0.0007 0.0007 0.0006 0.0007 0.0008 0.0009 0.0017 0.0023 0.9293 0.0015 0.0015 0.0014 0.0037 0.0016 0.0077 0.0069 0.0062 0.0084 0.0030 0.0048 0.0024 0.0038 0.0080 0.0014 
        FW51  3 0.0005 0.0006 0.0005 0.0006 0.0006 0.0007 0.0013 0.0018 0.0029 0.0013 0.0013 0.0012 0.0032 0.9466 0.0046 0.0046 0.0041 0.0065 0.0022 0.0035 0.0019 0.0028 0.0055 0.0012 
        FW52  3 0.0007 0.0007 0.0007 0.0007 0.0008 0.0009 0.0017 0.0022 0.9295 0.0015 0.0015 0.0014 0.0037 0.0016 0.0077 0.0069 0.0062 0.0085 0.0030 0.0047 0.0024 0.0037 0.0079 0.0014 
        FW53  3 0.0005 0.0006 0.0006 0.0006 0.0006 0.0007 0.0013 0.0018 0.0029 0.0014 0.0013 0.0012 0.0032 0.9464 0.0046 0.0046 0.0041 0.0065 0.0022 0.0035 0.0019 0.0028 0.0055 0.0012 
        FW54  3 0.0007 0.0006 0.0007 0.0007 0.0008 0.0011 0.0017 0.0022 0.9309 0.0015 0.0015 0.0014 0.0038 0.0016 0.0074 0.0067 0.0061 0.0084 0.0027 0.0048 0.0024 0.0034 0.0076 0.0014 
        FW55  3 0.0005 0.0006 0.0006 0.0006 0.0006 0.0007 0.0013 0.0018 0.0029 0.0014 0.0013 0.0012 0.0032 0.9464 0.0046 0.0046 0.0041 0.0065 0.0023 0.0035 0.0019 0.0028 0.0055 0.0012 
        FW56  3 0.0005 0.0006 0.0005 0.0006 0.0006 0.0007 0.0013 0.0018 0.0028 0.0014 0.0013 0.0012 0.0032 0.9465 0.0046 0.0046 0.0041 0.0064 0.0023 0.0035 0.0019 0.0028 0.0055 0.0012 
        FW57  3 0.0005 0.0006 0.0005 0.0006 0.0006 0.0007 0.0013 0.0018 0.0029 0.0014 0.0013 0.0012 0.0032 0.9464 0.0045 0.0046 0.0041 0.0065 0.0022 0.0035 0.0020 0.0028 0.0055 0.0012 
        FW78  3 0.0006 0.0006 0.0006 0.0006 0.0006 0.0007 0.0013 0.0018 0.0029 0.0014 0.0013 0.0012 0.0032 0.9464 0.0045 0.0046 0.0041 0.0065 0.0022 0.0035 0.0019 0.0028 0.0055 0.0012 
        FW79  3 0.0005 0.0006 0.0005 0.0006 0.0006 0.0007 0.0013 0.0018 0.0029 0.0014 0.0013 0.0012 0.0032 0.9461 0.0045 0.0047 0.0041 0.0066 0.0022 0.0035 0.0020 0.0028 0.0055 0.0012 
        FW80  3 0.0005 0.0006 0.0005 0.0006 0.0006 0.0007 0.0013 0.0018 0.0028 0.0014 0.0013 0.0012 0.0032 0.9465 0.0046 0.0046 0.0041 0.0065 0.0022 0.0035 0.0019 0.0028 0.0055 0.0012 
        FW81  3 0.0007 0.0006 0.0007 0.0007 0.0007 0.0011 0.0017 0.0022 0.9308 0.0015 0.0015 0.0014 0.0037 0.0016 0.0074 0.0067 0.0062 0.0084 0.0027 0.0047 0.0024 0.0034 0.0075 0.0014 
        FW82  3 0.0008 0.0006 0.0006 0.0007 0.0008 0.0009 0.0017 0.0022 0.9292 0.0015 0.0015 0.0014 0.0038 0.0016 0.0077 0.0069 0.0061 0.0085 0.0031 0.0048 0.0024 0.0038 0.0080 0.0014 
        FW83  3 0.0012 0.0009 0.0012 0.0014 0.0008 0.0013 0.0023 0.0045 0.8926 0.0025 0.0022 0.0017 0.0054 0.0014 0.0075 0.0078 0.0117 0.0133 0.0048 0.0087 0.0045 0.0057 0.0141 0.0027 
        FW84  3 0.0005 0.0006 0.0006 0.0006 0.0006 0.0007 0.0013 0.0018 0.0029 0.0014 0.0013 0.0012 0.0032 0.9466 0.0046 0.0046 0.0041 0.0064 0.0022 0.0035 0.0019 0.0028 0.0055 0.0012 
