        TC01  1 0.0023 0.0018 0.0007 0.0176 0.0011 0.0023 0.0105 0.0069 0.0065 0.0045 0.0040 0.0106 0.8901 0.0143 0.0086 0.0142 0.0041 
        TC02  1 0.0031 0.0022 0.0008 0.0019 0.0011 0.0034 0.0038 0.0023 0.0089 0.0039 0.0054 0.0064 0.9070 0.0049 0.0226 0.0180 0.0042 
        TC03  1 0.0014 0.0020 0.0009 0.0013 0.0014 0.0024 0.0061 0.0052 0.0047 0.0030 0.0060 0.0036 0.9047 0.0023 0.0125 0.0378 0.0047 
        TC04  1 0.0069 0.0361 0.0010 0.0010 0.0014 0.0111 0.0135 0.0039 0.0160 0.0116 0.0044 0.0040 0.7406 0.0031 0.0227 0.1196 0.0032 
        TC05  1 0.0015 0.0195 0.0008 0.0009 0.0018 0.0023 0.0021 0.0026 0.0034 0.0030 0.0045 0.0030 0.8979 0.0016 0.0251 0.0278 0.0021 
        TC06  1 0.0043 0.0013 0.0008 0.0013 0.0014 0.0016 0.0031 0.0021 0.0087 0.0015 0.0039 0.0029 0.7526 0.0019 0.0656 0.1446 0.0024 
        TC07  1 0.0022 0.0031 0.0009 0.0007 0.0011 0.0071 0.0027 0.0048 0.0029 0.0074 0.0065 0.0035 0.9061 0.0086 0.0158 0.0249 0.0018 
        TC08  1 0.0018 0.0028 0.0014 0.0012 0.0053 0.0019 0.0020 0.0017 0.0084 0.0021 0.0060 0.0037 0.9093 0.0023 0.0208 0.0265 0.0028 
        TC09  1 0.0023 0.0025 0.0008 0.0009 0.0010 0.0021 0.0028 0.0070 0.1507 0.0015 0.0031 0.0036 0.7534 0.0018 0.0108 0.0541 0.0015 
        TC10  1 0.0011 0.0012 0.0007 0.0011 0.0010 0.0013 0.0021 0.0222 0.0089 0.0050 0.0033 0.0020 0.8629 0.0086 0.0346 0.0319 0.0121 
        TC11  1 0.0016 0.0013 0.0008 0.0008 0.0016 0.0015 0.0030 0.0021 0.0036 0.0016 0.0041 0.0020 0.9490 0.0053 0.0071 0.0110 0.0037 
        TC12  1 0.0071 0.0025 0.0007 0.0037 0.0014 0.0033 0.0118 0.0062 0.0061 0.0051 0.0100 0.0319 0.8158 0.0049 0.0213 0.0633 0.0048 
        TC13  1 0.0010 0.0014 0.0008 0.0007 0.0013 0.0022 0.0021 0.0022 0.0084 0.0020 0.0033 0.0030 0.9226 0.0019 0.0102 0.0336 0.0033 
        TC14  1 0.0014 0.0022 0.0024 0.0018 0.0022 0.0023 0.0064 0.0036 0.0260 0.0023 0.0100 0.0054 0.7304 0.0032 0.0245 0.1721 0.0041 
        TC15  1 0.0023 0.0029 0.0020 0.0009 0.0009 0.0052 0.0045 0.0052 0.0237 0.0041 0.0040 0.0079 0.7405 0.0016 0.0194 0.1680 0.0068 
        TC16  1 0.0030 0.0030 0.0044 0.0021 0.0048 0.0037 0.0051 0.0027 0.1601 0.0110 0.0066 0.0047 0.7047 0.0022 0.0161 0.0633 0.0026 
        TC17  1 0.0430 0.0084 0.0029 0.0054 0.0062 0.0030 0.0082 0.0062 0.0618 0.0045 0.0095 0.0229 0.7107 0.0047 0.0164 0.0811 0.0050 
        TC18  1 0.0019 0.0274 0.0016 0.0026 0.0010 0.0034 0.0277 0.0041 0.0053 0.0021 0.0109 0.0049 0.8470 0.0041 0.0130 0.0297 0.0133 
        TC19  1 0.0010 0.0011 0.0009 0.0012 0.0011 0.0028 0.0021 0.0018 0.0489 0.0016 0.0035 0.0024 0.8991 0.0022 0.0107 0.0165 0.0031 
        TC20  1 0.0010 0.0034 0.0011 0.0031 0.0014 0.0019 0.0102 0.0020 0.0154 0.0024 0.0036 0.0032 0.9064 0.0021 0.0122 0.0284 0.0019 
        TC21  1 0.0454 0.0059 0.0042 0.0015 0.0011 0.0118 0.0345 0.0023 0.0067 0.0075 0.0287 0.0583 0.7329 0.0087 0.0100 0.0364 0.0040 
        TC22  1 0.0014 0.0019 0.0022 0.0025 0.0012 0.0034 0.0025 0.0025 0.0049 0.0035 0.0043 0.0099 0.8518 0.0033 0.0331 0.0536 0.0180 
        TC23  1 0.0011 0.0013 0.0007 0.0015 0.0016 0.0024 0.0041 0.0034 0.0046 0.0055 0.0057 0.0024 0.9172 0.0051 0.0115 0.0289 0.0030 
        TC24  1 0.0010 0.0024 0.0024 0.0008 0.0021 0.0013 0.0015 0.0022 0.0057 0.0014 0.0037 0.0018 0.9477 0.0013 0.0064 0.0167 0.0015 
        TC25  1 0.0029 0.0014 0.0015 0.0015 0.0018 0.0027 0.0194 0.0046 0.0066 0.0043 0.0071 0.0057 0.6769 0.0262 0.0116 0.2236 0.0021 
        TC26  1 0.0035 0.0014 0.0010 0.0011 0.0010 0.0018 0.0022 0.0022 0.0135 0.0036 0.0044 0.0035 0.8510 0.0016 0.0302 0.0760 0.0019 
        TC27  1 0.0052 0.0040 0.0010 0.0009 0.0164 0.0057 0.0028 0.0027 0.0037 0.0022 0.0057 0.0038 0.7819 0.0019 0.0094 0.0899 0.0626 
        TC28  1 0.0038 0.0026 0.0009 0.0009 0.0024 0.0022 0.0036 0.0031 0.0055 0.0060 0.0054 0.0036 0.8542 0.0030 0.0191 0.0811 0.0027 
        TC29  1 0.0015 0.0281 0.0009 0.0014 0.0049 0.0153 0.0076 0.0054 0.0150 0.0027 0.0084 0.0046 0.7756 0.0046 0.0078 0.1145 0.0018 
        TC30  1 0.0029 0.0014 0.0014 0.0016 0.0011 0.0016 0.0024 0.0031 0.0162 0.0013 0.0045 0.0033 0.9114 0.0021 0.0134 0.0294 0.0028 
        TC31  1 0.0012 0.0027 0.0017 0.0045 0.0017 0.0032 0.0172 0.0033 0.0070 0.0038 0.0122 0.0050 0.8767 0.0210 0.0179 0.0143 0.0066 
        TC32  1 0.0052 0.0028 0.0032 0.0010 0.0018 0.0032 0.0033 0.0024 0.0054 0.0035 0.0045 0.0051 0.6734 0.0030 0.0509 0.2294 0.0020 
        TC33  1 0.0014 0.0026 0.0016 0.0013 0.0016 0.0020 0.0031 0.0050 0.0036 0.0030 0.0109 0.0033 0.9044 0.0077 0.0118 0.0335 0.0032 
        TC34  1 0.0018 0.0018 0.0008 0.0021 0.0009 0.0015 0.0027 0.0033 0.0073 0.0029 0.0189 0.0033 0.7750 0.0022 0.0146 0.1559 0.0049 
        TC35  1 0.0030 0.0033 0.0007 0.0026 0.0020 0.0025 0.0096 0.0022 0.0238 0.0022 0.0055 0.0041 0.8540 0.0134 0.0258 0.0356 0.0096 
        TC36  1 0.0060 0.0031 0.0012 0.0010 0.0015 0.0023 0.0028 0.0040 0.0071 0.0036 0.0047 0.0077 0.9155 0.0024 0.0094 0.0239 0.0039 
        TC37  1 0.0015 0.0019 0.0015 0.0012 0.0020 0.0015 0.0033 0.0024 0.0045 0.0038 0.0088 0.0044 0.9288 0.0026 0.0207 0.0084 0.0025 
        TC38  1 0.0024 0.0025 0.0006 0.0011 0.0009 0.0031 0.0289 0.0027 0.0977 0.0030 0.0067 0.0044 0.7617 0.0053 0.0122 0.0648 0.0019 
        TC39  1 0.0023 0.0017 0.0006 0.0012 0.0009 0.0014 0.0047 0.0028 0.0356 0.0021 0.0070 0.0044 0.7331 0.0022 0.0461 0.1522 0.0019 
        TC40  1 0.0018 0.0018 0.0022 0.0014 0.0071 0.0016 0.0027 0.0065 0.0071 0.0024 0.0170 0.0040 0.7692 0.0023 0.0215 0.1480 0.0032 
        TC41  1 0.0021 0.0049 0.0022 0.0048 0.0066 0.0023 0.0029 0.0024 0.0037 0.0055 0.0038 0.0022 0.9212 0.0021 0.0137 0.0175 0.0022 
        TC42  1 0.0013 0.0027 0.0009 0.0018 0.0019 0.0015 0.0018 0.0028 0.0060 0.0015 0.0028 0.0034 0.8892 0.0014 0.0147 0.0635 0.0027 
        TC43  1 0.0010 0.0017 0.0010 0.0008 0.0029 0.0027 0.0041 0.0026 0.0047 0.0027 0.0039 0.0028 0.8838 0.0018 0.0142 0.0657 0.0037 
        TC44  1 0.0026 0.0014 0.0007 0.0016 0.0045 0.0013 0.0029 0.0045 0.0804 0.0033 0.0034 0.0066 0.7938 0.0046 0.0181 0.0620 0.0081 
        TC45  1 0.0013 0.0015 0.0006 0.0013 0.0009 0.0019 0.0149 0.0020 0.0060 0.0029 0.0027 0.0048 0.9133 0.0022 0.0329 0.0093 0.0015 
        TC46  1 0.0027 0.0025 0.0010 0.0019 0.0018 0.0028 0.0072 0.0031 0.0066 0.0071 0.0051 0.0050 0.9001 0.0019 0.0239 0.0217 0.0057 
        TC47  1 0.0021 0.0017 0.0009 0.0014 0.0018 0.0016 0.0029 0.0023 0.0308 0.0041 0.0048 0.0026 0.8824 0.0026 0.0113 0.0367 0.0101 
        TC48  1 0.0043 0.0033 0.0387 0.0052 0.0026 0.0027 0.0097 0.0032 0.0062 0.0035 0.0081 0.0188 0.8175 0.0022 0.0257 0.0439 0.0044 
        TC49  1 0.0017 0.0032 0.0009 0.0017 0.0058 0.0024 0.0034 0.0016 0.0035 0.0028 0.0056 0.0216 0.9001 0.0033 0.0215 0.0184 0.0024 
        TC50  1 0.0032 0.0020 0.0015 0.0023 0.0015 0.0076 0.0053 0.0058 0.0080 0.0018 0.0124 0.0032 0.8866 0.0028 0.0284 0.0164 0.0112 
        TC51  1 0.0019 0.0018 0.0011 0.0016 0.0028 0.0027 0.0041 0.0030 0.0097 0.0026 0.0036 0.0140 0.7974 0.0075 0.0123 0.1304 0.0037 
        TC52  1 0.0021 0.0018 0.0011 0.0010 0.0014 0.0024 0.0103 0.0188 0.0056 0.0165 0.0041 0.0038 0.8701 0.0015 0.0108 0.0470 0.0018 
        TC53  1 0.0025 0.0013 0.0007 0.0052 0.0009 0.0097 0.0019 0.0031 0.0091 0.0015 0.0053 0.0158 0.8571 0.0013 0.0111 0.0635 0.0099 
        TC54  1 0.0063 0.0030 0.0027 0.0014 0.0054 0.0044 0.0043 0.0038 0.0066 0.0036 0.0395 0.0084 0.7831 0.0028 0.0175 0.1019 0.0051 
        TC55  1 0.0081 0.0020 0.0020 0.0009 0.0013 0.0032 0.0041 0.0042 0.0098 0.0039 0.0089 0.0049 0.8387 0.0024 0.0374 0.0651 0.0031 
        TC56  1 0.0015 0.0026 0.0013 0.0016 0.0746 0.0050 0.0103 0.0029 0.0056 0.0017 0.0093 0.0037 0.7838 0.0041 0.0288 0.0584 0.0049 
        TC57  1 0.0065 0.0032 0.0012 0.0023 0.0026 0.0023 0.0026 0.0035 0.0119 0.0020 0.0075 0.0056 0.8933 0.0027 0.0272 0.0139 0.0118 
        TC58  1 0.0026 0.0019 0.0007 0.0015 0.0009 0.0015 0.0027 0.0020 0.0122 0.0073 0.0039 0.0030 0.8898 0.0191 0.0299 0.0179 0.0034 
        TC59  1 0.0032 0.0013 0.0007 0.0011 0.0009 0.0013 0.0017 0.0022 0.0043 0.0020 0.0060 0.0029 0.9266 0.0024 0.0091 0.0312 0.0031 
        TA01  2 0.0045 0.0016 0.0008 0.0012 0.0010 0.0057 0.0022 0.0023 0.0344 0.0013 0.0061 0.0023 0.8836 0.0026 0.0128 0.0336 0.0040 
        TA02  2 0.0024 0.0079 0.0023 0.0008 0.0136 0.0016 0.0026 0.0042 0.0072 0.0032 0.0057 0.0031 0.9136 0.0015 0.0106 0.0173 0.0022 
        TA03  2 0.0016 0.0022 0.0020 0.0014 0.0015 0.0021 0.0027 0.0032 0.0385 0.0021 0.0065 0.0041 0.8432 0.0026 0.0406 0.0227 0.0229 
        TA04  2 0.0015 0.0014 0.0008 0.0011 0.0013 0.0015 0.0022 0.0033 0.2836 0.0034 0.0048 0.0040 0.5506 0.0019 0.0194 0.1134 0.0057 
        TA05  2 0.0017 0.0020 0.0011 0.0011 0.0016 0.0037 0.0040 0.0020 0.0076 0.0029 0.0072 0.0032 0.9203 0.0026 0.0212 0.0139 0.0038 
        TA06  2 0.0014 0.0009 0.0007 0.0015 0.0009 0.0023 0.0020 0.0029 0.0134 0.0031 0.0043 0.0017 0.9006 0.0030 0.0100 0.0493 0.0021 
        TA07  2 0.0163 0.0024 0.0007 0.0017 0.0016 0.0059 0.0028 0.0039 0.1251 0.0028 0.0279 0.0084 0.7522 0.0053 0.0204 0.0199 0.0029 
        TA08  2 0.0009 0.0011 0.0007 0.0008 0.0035 0.0019 0.0047 0.0021 0.0154 0.0012 0.0042 0.0029 0.7856 0.0017 0.0127 0.0985 0.0620 
        TA09  2 0.0010 0.0014 0.0007 0.0010 0.0021 0.0015 0.0017 0.0034 0.0143 0.0029 0.0041 0.0033 0.9170 0.0017 0.0090 0.0320 0.0029 
        TA10  2 0.0034 0.0079 0.0009 0.0037 0.0013 0.0027 0.0026 0.0027 0.0123 0.0022 0.0038 0.0075 0.8455 0.0532 0.0201 0.0278 0.0025 
        TA11  2 0.0013 0.0027 0.0010 0.0083 0.0026 0.0015 0.0055 0.0023 0.0883 0.0044 0.0047 0.0062 0.7244 0.0301 0.0808 0.0280 0.0079 
        TA12  2 0.0017 0.0572 0.0007 0.0146 0.0009 0.0029 0.0022 0.0018 0.0094 0.0019 0.0092 0.0039 0.8235 0.0042 0.0494 0.0145 0.0020 
        TA13  2 0.0020 0.0134 0.0008 0.0050 0.0021 0.0045 0.0028 0.0043 0.0235 0.0022 0.0154 0.0437 0.6600 0.0092 0.0899 0.1186 0.0025 
        TA14  2 0.0009 0.0013 0.0008 0.0006 0.0076 0.0014 0.0016 0.0041 0.0134 0.0019 0.0056 0.0023 0.8753 0.0013 0.0260 0.0540 0.0020 
        TA15  2 0.0010 0.0018 0.0011 0.0010 0.0022 0.0016 0.0016 0.0021 0.0051 0.0015 0.0036 0.0063 0.8566 0.0023 0.0466 0.0636 0.0020 
        TA16  2 0.0042 0.0269 0.0006 0.0010 0.0019 0.0016 0.0022 0.0030 0.0416 0.0025 0.0047 0.0040 0.7657 0.0270 0.0169 0.0931 0.0032 
        TA17  2 0.0016 0.0056 0.0009 0.0026 0.0032 0.0017 0.0021 0.0037 0.0042 0.0024 0.0098 0.0034 0.8549 0.0019 0.0488 0.0453 0.0078 
        TA18  2 0.0014 0.0017 0.0149 0.0019 0.0022 0.0015 0.0020 0.0353 0.0045 0.0040 0.0050 0.0033 0.8735 0.0103 0.0169 0.0185 0.0031 
        TA19  2 0.0018 0.0018 0.0024 0.0032 0.0017 0.0038 0.0024 0.0025 0.0410 0.0055 0.0054 0.0035 0.7995 0.0056 0.0154 0.0404 0.0642 
        TA20  2 0.0022 0.0319 0.0535 0.0019 0.0063 0.0030 0.0031 0.0022 0.0057 0.0014 0.0042 0.0024 0.8397 0.0020 0.0161 0.0215 0.0030 
        TA21  2 0.0018 0.0048 0.0016 0.0010 0.0053 0.0035 0.0033 0.0034 0.0496 0.0023 0.0076 0.0060 0.8308 0.0028 0.0254 0.0472 0.0036 
        TA22  2 0.0022 0.0015 0.0034 0.0012 0.0010 0.0014 0.0022 0.0020 0.0039 0.0020 0.0083 0.0019 0.8077 0.0015 0.0496 0.1082 0.0020 
        TA23  2 0.0011 0.0017 0.0008 0.0008 0.0017 0.0015 0.0020 0.0021 0.0074 0.0018 0.0058 0.0023 0.8307 0.0019 0.0125 0.1232 0.0026 
        TA24  2 0.0385 0.0016 0.0006 0.0013 0.0021 0.0027 0.0023 0.0044 0.0056 0.0022 0.0048 0.0042 0.8754 0.0020 0.0148 0.0235 0.0140 
        TA25  2 0.0029 0.0079 0.0006 0.0093 0.0017 0.0039 0.0022 0.0034 0.0051 0.0016 0.0030 0.0068 0.7632 0.1323 0.0164 0.0375 0.0023 
        TA26  2 0.0012 0.0025 0.0011 0.0024 0.0011 0.0016 0.0058 0.0018 0.1133 0.0014 0.0083 0.0041 0.7534 0.0051 0.0560 0.0366 0.0044 
        TA27  2 0.0022 0.0076 0.0009 0.0031 0.0013 0.0033 0.0018 0.0041 0.0088 0.0019 0.0085 0.0041 0.8958 0.0025 0.0268 0.0225 0.0046 
        TA28  2 0.0030 0.0046 0.0010 0.0011 0.0112 0.0015 0.0062 0.0054 0.0175 0.0056 0.0175 0.0057 0.8766 0.0018 0.0180 0.0207 0.0027 
        TA29  2 0.0019 0.0021 0.0009 0.0021 0.0022 0.0018 0.0024 0.0022 0.0050 0.0023 0.0044 0.0032 0.8155 0.0026 0.0344 0.1061 0.0110 
        TA30  2 0.0011 0.0021 0.0013 0.0013 0.0049 0.0019 0.0039 0.0023 0.3304 0.0023 0.0151 0.0090 0.5561 0.0023 0.0287 0.0226 0.0147 
      BERM01  3 0.0009 0.0012 0.0007 0.0007 0.0009 0.0013 0.0016 0.0015 0.0743 0.0013 0.0047 0.0023 0.0087 0.0017 0.0092 0.8870 0.0019 
      BERM02  3 0.0009 0.0012 0.0011 0.0007 0.0008 0.0014 0.0020 0.0015 0.0092 0.0015 0.0042 0.0027 0.0149 0.0014 0.0106 0.9444 0.0015 
      BERM03  3 0.0011 0.0012 0.0009 0.0009 0.0009 0.0012 0.0019 0.0014 0.0038 0.0017 0.0032 0.0029 0.0077 0.0018 0.0092 0.9578 0.0023 
      BERM04  3 0.0009 0.0009 0.0006 0.0007 0.0008 0.0011 0.0021 0.0015 0.0063 0.0014 0.0033 0.0023 0.0066 0.0021 0.0096 0.9566 0.0032 
      BERM05  3 0.0014 0.0012 0.0008 0.0013 0.0010 0.0012 0.0025 0.0023 0.0069 0.0017 0.0038 0.0020 0.0064 0.0021 0.0118 0.9512 0.0024 
      BERM06  3 0.0022 0.0011 0.0006 0.0007 0.0007 0.0013 0.0023 0.0018 0.0572 0.0042 0.0033 0.0021 0.0108 0.0013 0.0096 0.8981 0.0026 
      BERM07  3 0.0009 0.0010 0.0008 0.0012 0.0014 0.0014 0.0020 0.0014 0.0121 0.0021 0.0031 0.0030 0.0126 0.0027 0.0110 0.9397 0.0037 
      BERM08  3 0.0008 0.0009 0.0005 0.0006 0.0007 0.0018 0.0022 0.0013 0.0061 0.0011 0.0026 0.0016 0.0095 0.0015 0.0065 0.9606 0.0019 
      BERM09  3 0.0014 0.0010 0.0008 0.0010 0.0008 0.0010 0.0014 0.0015 0.3542 0.0031 0.0036 0.0030 0.0277 0.0018 0.0061 0.5896 0.0018 
      BERM10  3 0.0026 0.0012 0.0007 0.0013 0.0018 0.0054 0.0031 0.0016 0.0224 0.0031 0.0038 0.0051 0.0201 0.0018 0.0087 0.9111 0.0062 
      BERM11  3 0.0008 0.0010 0.0007 0.0006 0.0010 0.0015 0.0023 0.0015 0.0260 0.0013 0.0035 0.0022 0.0129 0.0020 0.0087 0.9317 0.0020 
      BERM12  3 0.0007 0.0012 0.0009 0.0136 0.0008 0.0012 0.0194 0.0110 0.0060 0.0016 0.0032 0.0019 0.0163 0.0023 0.0066 0.9114 0.0020 
      BERM13  3 0.0011 0.0011 0.0008 0.0009 0.0009 0.0012 0.0017 0.0015 0.0061 0.0108 0.0029 0.0025 0.0095 0.0021 0.0122 0.9419 0.0027 
      BERM14  3 0.0008 0.0011 0.0005 0.0011 0.0008 0.0011 0.0018 0.0029 0.0250 0.0016 0.0035 0.0024 0.0159 0.0022 0.0070 0.9301 0.0021 
      CROC01  3 0.0019 0.0023 0.0046 0.0031 0.0020 0.0015 0.0026 0.0070 0.0078 0.0036 0.0194 0.0088 0.0106 0.0030 0.0122 0.9030 0.0066 
      CROC02  3 0.0045 0.0017 0.0009 0.0010 0.0016 0.0019 0.0040 0.0030 0.0115 0.0685 0.0047 0.0035 0.0107 0.0026 0.0164 0.8616 0.0019 
      CROC03  3 0.0011 0.0014 0.0012 0.0010 0.0015 0.0024 0.0059 0.0022 0.0297 0.0021 0.0039 0.0023 0.0123 0.0020 0.0141 0.9132 0.0035 
      CROC04  3 0.0349 0.0011 0.0006 0.0011 0.0011 0.0015 0.0016 0.0037 0.0041 0.0032 0.0035 0.0028 0.0875 0.0018 0.0077 0.8415 0.0021 
      CROC05  3 0.0066 0.0016 0.0009 0.0009 0.0010 0.0017 0.0020 0.0019 0.0330 0.0020 0.0043 0.0034 0.0089 0.0032 0.0100 0.9166 0.0020 
      CROC06  3 0.0288 0.0012 0.0009 0.0011 0.0013 0.0079 0.0032 0.0066 0.0112 0.0112 0.0110 0.0021 0.0301 0.0149 0.0095 0.8566 0.0025 
      CROC07  3 0.0027 0.0016 0.0010 0.0016 0.0012 0.0017 0.0022 0.0041 0.0158 0.0054 0.0053 0.0047 0.0244 0.0024 0.0164 0.9054 0.0040 
      CROC08  3 0.0012 0.0040 0.0059 0.0025 0.0062 0.0025 0.0049 0.0032 0.0065 0.0015 0.0236 0.0065 0.0124 0.0044 0.0097 0.9012 0.0038 
      CROC09  3 0.0012 0.0010 0.0018 0.0007 0.0011 0.0195 0.0026 0.0027 0.1546 0.0013 0.0116 0.0020 0.0075 0.0015 0.0115 0.7777 0.0017 
      CROC10  3 0.0010 0.0010 0.0009 0.0007 0.0007 0.0013 0.0023 0.0018 0.0883 0.0014 0.0029 0.0032 0.0101 0.0027 0.0118 0.8678 0.0020 
      CROC11  3 0.0012 0.0011 0.0019 0.0007 0.0012 0.0193 0.0026 0.0026 0.1534 0.0013 0.0118 0.0020 0.0076 0.0016 0.0116 0.7786 0.0017 
     CROC110  3 0.0041 0.0023 0.0019 0.0013 0.0027 0.0065 0.0019 0.0039 0.0556 0.0027 0.0069 0.0373 0.0200 0.0020 0.0099 0.8377 0.0035 
     CROC116  3 0.0025 0.0028 0.0011 0.0018 0.0015 0.0030 0.0047 0.0232 0.0094 0.0022 0.0085 0.0040 0.0284 0.0021 0.0342 0.8673 0.0035 
      CROC12  3 0.0014 0.0012 0.0008 0.0007 0.0011 0.0018 0.0019 0.0014 0.0055 0.0016 0.0031 0.0028 0.0102 0.0015 0.0135 0.9496 0.0017 
     CROC123  3 0.0008 0.0012 0.0009 0.0006 0.0009 0.0010 0.0020 0.0019 0.0125 0.0012 0.0024 0.0026 0.0106 0.0012 0.0095 0.9493 0.0015 
      CROC13  3 0.0011 0.0011 0.0007 0.0011 0.0013 0.0014 0.0049 0.0015 0.0069 0.0014 0.0028 0.0024 0.0084 0.0027 0.0137 0.9459 0.0028 
      CROC14  3 0.0060 0.0018 0.0008 0.0006 0.0012 0.0102 0.0030 0.0018 0.0163 0.0020 0.0057 0.0032 0.0145 0.0640 0.0069 0.8604 0.0013 
      CROC15  3 0.0017 0.0063 0.0029 0.0009 0.0042 0.0062 0.0062 0.0552 0.0042 0.0111 0.0135 0.0089 0.0134 0.0064 0.0086 0.8477 0.0027 
      CROC16  3 0.0021 0.0018 0.0010 0.0012 0.0017 0.0021 0.0103 0.0044 0.0627 0.0021 0.0082 0.0055 0.0070 0.0025 0.0283 0.8564 0.0027 
      CROC17  3 0.0009 0.0062 0.0007 0.0006 0.0011 0.0011 0.0019 0.0013 0.0037 0.0012 0.0025 0.0019 0.0891 0.0014 0.0078 0.8768 0.0017 
      CROC18  3 0.0010 0.0014 0.0013 0.0020 0.0008 0.0018 0.0079 0.0018 0.0049 0.0210 0.0032 0.0040 0.0124 0.0015 0.0193 0.9133 0.0026 
      CROC19  3 0.0057 0.0014 0.0009 0.0013 0.0030 0.0047 0.0023 0.0024 0.0057 0.0036 0.0042 0.0042 0.0205 0.0023 0.0087 0.9237 0.0054 
     CROC198  3 0.0011 0.0013 0.0008 0.0020 0.0012 0.0014 0.0020 0.0015 0.0242 0.0016 0.0044 0.0036 0.0084 0.0025 0.0083 0.9320 0.0039 
      CROC20  3 0.0018 0.0019 0.0009 0.0009 0.0036 0.0019 0.0036 0.0032 0.0111 0.0060 0.0047 0.0056 0.0083 0.0022 0.0243 0.9170 0.0028 
     CROC202  3 0.0011 0.0012 0.0007 0.0022 0.0011 0.0019 0.0081 0.0021 0.0105 0.0025 0.0033 0.0026 0.0098 0.0030 0.0084 0.9378 0.0037 
      CROC21  3 0.0008 0.0013 0.0009 0.0009 0.0008 0.0069 0.0025 0.0014 0.0078 0.0021 0.0057 0.0038 0.0135 0.0021 0.0107 0.9364 0.0022 
     CROC216  3 0.0015 0.0027 0.0014 0.0009 0.0009 0.0020 0.0033 0.0058 0.0231 0.0063 0.0090 0.0038 0.0342 0.0020 0.0127 0.8880 0.0022 
      CROC22  3 0.0011 0.0171 0.0011 0.0440 0.0008 0.0016 0.0029 0.0016 0.0350 0.0019 0.0030 0.0083 0.0177 0.0020 0.0134 0.8467 0.0018 
      CROC23  3 0.0014 0.0017 0.0014 0.0011 0.0013 0.0034 0.0026 0.0020 0.0839 0.0017 0.0057 0.0040 0.0341 0.0021 0.0175 0.8334 0.0027 
      CROC24  3 0.0015 0.0015 0.0008 0.0009 0.0013 0.0018 0.0043 0.0017 0.0804 0.0015 0.0048 0.0023 0.0120 0.0017 0.0111 0.8706 0.0018 
      CROC25  3 0.0011 0.0010 0.0010 0.0007 0.0009 0.0010 0.0017 0.0019 0.0067 0.0018 0.0034 0.0022 0.0090 0.0019 0.0072 0.9563 0.0020 
     CROC259  3 0.0023 0.0018 0.0007 0.0008 0.0013 0.0013 0.0027 0.0017 0.0109 0.0012 0.0036 0.0018 0.0691 0.0137 0.0141 0.8703 0.0026 
      CROC26  3 0.0009 0.0013 0.0010 0.0012 0.0013 0.0014 0.0024 0.0022 0.0070 0.0016 0.0047 0.0019 0.0909 0.0024 0.0073 0.8691 0.0034 
      CROC27  3 0.0014 0.0032 0.0015 0.0014 0.0028 0.0015 0.0024 0.0034 0.0336 0.0022 0.0075 0.0031 0.0516 0.0019 0.0094 0.8706 0.0026 
      CROC28  3 0.0014 0.0018 0.0007 0.0008 0.0009 0.0014 0.0020 0.0023 0.2713 0.0012 0.0047 0.0024 0.0321 0.0020 0.0069 0.6662 0.0019 
      CROC29  3 0.0012 0.0015 0.0019 0.0009 0.0013 0.0017 0.0023 0.0032 0.0058 0.0014 0.0050 0.0036 0.0098 0.0017 0.0097 0.9469 0.0020 
      CROC30  3 0.0218 0.0032 0.0012 0.0009 0.0038 0.0022 0.0036 0.0039 0.0179 0.0145 0.0096 0.0059 0.0157 0.0020 0.0185 0.8732 0.0022 
      CROC31  3 0.0023 0.0019 0.0013 0.0010 0.0009 0.0017 0.0024 0.0071 0.0852 0.0016 0.0048 0.0120 0.0438 0.0024 0.0250 0.8045 0.0023 
      CROC32  3 0.0015 0.0013 0.0006 0.0011 0.0007 0.0012 0.0019 0.0015 0.0124 0.0026 0.0030 0.0033 0.0091 0.0021 0.0086 0.9471 0.0020 
      CROC33  3 0.0096 0.0012 0.0051 0.0009 0.0184 0.0025 0.0033 0.0041 0.0063 0.0018 0.0066 0.0024 0.0247 0.0012 0.0077 0.9015 0.0026 
      CROC34  3 0.0012 0.0014 0.0007 0.0009 0.0011 0.0012 0.0022 0.0019 0.0049 0.0023 0.0056 0.0020 0.0108 0.0024 0.0091 0.9493 0.0031 
      CROC35  3 0.0072 0.0079 0.0008 0.0005 0.0054 0.0049 0.0022 0.0013 0.0156 0.0012 0.0024 0.0019 0.0355 0.0017 0.0060 0.9043 0.0013 
      CROC36  3 0.0012 0.0011 0.0013 0.0009 0.0009 0.0016 0.0022 0.0021 0.0171 0.0016 0.0038 0.0027 0.0084 0.0026 0.0128 0.9376 0.0021 
      CROC57  3 0.0011 0.0011 0.0012 0.0009 0.0010 0.0013 0.0021 0.0020 0.0045 0.0015 0.0032 0.0025 0.0068 0.0037 0.0092 0.9558 0.0021 
      CROC81  3 0.0020 0.0013 0.0015 0.0012 0.0015 0.0015 0.0118 0.0025 0.0124 0.0057 0.0168 0.0059 0.0088 0.0021 0.0129 0.9101 0.0020 
      CROC84  3 0.0007 0.0011 0.0006 0.0039 0.0008 0.0010 0.0065 0.0046 0.0184 0.0010 0.0025 0.0018 0.0138 0.0015 0.0062 0.9343 0.0014 
        FW01  3 0.0015 0.0019 0.0009 0.0030 0.0028 0.0024 0.0072 0.0030 0.8890 0.0055 0.0073 0.0064 0.0116 0.0031 0.0184 0.0305 0.0057 
        FW02  3 0.0007 0.0008 0.0006 0.0006 0.0007 0.0010 0.0014 0.0012 0.9632 0.0012 0.0025 0.0018 0.0055 0.0014 0.0059 0.0101 0.0015 
        FW03  3 0.0011 0.0010 0.0007 0.0010 0.0009 0.0012 0.0027 0.0021 0.9479 0.0018 0.0035 0.0025 0.0089 0.0015 0.0080 0.0127 0.0024 
        FW04  3 0.0007 0.0008 0.0006 0.0006 0.0007 0.0010 0.0014 0.0012 0.9633 0.0012 0.0026 0.0018 0.0054 0.0014 0.0058 0.0101 0.0015 
        FW05  3 0.0007 0.0008 0.0005 0.0006 0.0007 0.0010 0.0014 0.0012 0.9632 0.0012 0.0026 0.0018 0.0055 0.0014 0.0059 0.0101 0.0015 
        FW06  3 0.0007 0.0008 0.0006 0.0006 0.0007 0.0010 0.0014 0.0012 0.9623 0.0012 0.0026 0.0018 0.0057 0.0014 0.0059 0.0107 0.0015 
        FW07  3 0.0011 0.0010 0.0006 0.0010 0.0009 0.0012 0.0026 0.0021 0.9474 0.0019 0.0035 0.0025 0.0089 0.0016 0.0082 0.0130 0.0023 
        FW08  3 0.0007 0.0008 0.0006 0.0006 0.0007 0.0010 0.0014 0.0012 0.9632 0.0012 0.0025 0.0018 0.0055 0.0014 0.0059 0.0101 0.0015 
        FW09  3 0.0007 0.0008 0.0006 0.0006 0.0007 0.0010 0.0014 0.0012 0.9630 0.0012 0.0025 0.0018 0.0055 0.0014 0.0059 0.0102 0.0015 
        FW10  3 0.0010 0.0011 0.0008 0.0010 0.0009 0.0012 0.0026 0.0022 0.9448 0.0019 0.0040 0.0026 0.0093 0.0015 0.0098 0.0129 0.0024 
       FW100  3 0.0009 0.0011 0.0008 0.0010 0.0009 0.0012 0.0027 0.0019 0.9454 0.0019 0.0040 0.0027 0.0096 0.0015 0.0093 0.0127 0.0023 
       FW101  3 0.0010 0.0011 0.0007 0.0009 0.0009 0.0013 0.0027 0.0022 0.9446 0.0019 0.0040 0.0026 0.0096 0.0015 0.0098 0.0129 0.0024 
       FW102  3 0.0007 0.0008 0.0006 0.0006 0.0007 0.0010 0.0014 0.0012 0.9631 0.0011 0.0025 0.0018 0.0054 0.0014 0.0059 0.0102 0.0015 
       FW103  3 0.0007 0.0008 0.0006 0.0006 0.0007 0.0010 0.0014 0.0012 0.9634 0.0012 0.0026 0.0018 0.0055 0.0014 0.0058 0.0099 0.0015 
       FW104  3 0.0014 0.0019 0.0009 0.0029 0.0028 0.0023 0.0072 0.0029 0.8893 0.0052 0.0072 0.0062 0.0114 0.0030 0.0185 0.0308 0.0059 
       FW105  3 0.0009 0.0011 0.0007 0.0010 0.0009 0.0013 0.0027 0.0021 0.9446 0.0019 0.0040 0.0027 0.0095 0.0015 0.0098 0.0128 0.0024 
       FW106  3 0.0013 0.0025 0.0009 0.0010 0.0277 0.0026 0.0039 0.0050 0.1096 0.0041 0.0059 0.0041 0.0200 0.0019 0.0786 0.7272 0.0037 
       FW107  3 0.0015 0.0020 0.0009 0.0031 0.0029 0.0023 0.0073 0.0030 0.8891 0.0052 0.0073 0.0062 0.0114 0.0030 0.0186 0.0304 0.0059 
       FW108  3 0.0007 0.0008 0.0006 0.0006 0.0007 0.0010 0.0014 0.0012 0.9625 0.0012 0.0026 0.0018 0.0057 0.0014 0.0058 0.0105 0.0016 
       FW109  3 0.0010 0.0011 0.0008 0.0010 0.0009 0.0013 0.0027 0.0022 0.9447 0.0019 0.0040 0.0027 0.0096 0.0015 0.0098 0.0127 0.0024 
        FW11  3 0.0010 0.0011 0.0008 0.0010 0.0009 0.0012 0.0027 0.0019 0.9454 0.0019 0.0040 0.0027 0.0096 0.0015 0.0093 0.0126 0.0025 
       FW110  3 0.0011 0.0010 0.0007 0.0010 0.0009 0.0012 0.0027 0.0021 0.9476 0.0019 0.0035 0.0024 0.0090 0.0015 0.0081 0.0128 0.0024 
       FW111  3 0.0007 0.0008 0.0006 0.0006 0.0007 0.0010 0.0014 0.0012 0.9632 0.0012 0.0026 0.0018 0.0054 0.0014 0.0058 0.0102 0.0015 
       FW112  3 0.0009 0.0010 0.0007 0.0010 0.0009 0.0013 0.0026 0.0019 0.9456 0.0019 0.0040 0.0027 0.0096 0.0015 0.0093 0.0126 0.0024 
       FW113  3 0.0007 0.0008 0.0006 0.0006 0.0007 0.0010 0.0014 0.0012 0.9631 0.0012 0.0026 0.0018 0.0055 0.0014 0.0058 0.0101 0.0015 
       FW114  3 0.0013 0.0013 0.0006 0.0011 0.0011 0.0014 0.0026 0.0025 0.9401 0.0020 0.0037 0.0027 0.0136 0.0015 0.0083 0.0139 0.0023 
       FW115  3 0.0010 0.0011 0.0007 0.0010 0.0010 0.0013 0.0027 0.0021 0.9448 0.0018 0.0040 0.0026 0.0095 0.0015 0.0099 0.0127 0.0024 
       FW116  3 0.0007 0.0008 0.0006 0.0006 0.0007 0.0010 0.0014 0.0012 0.9633 0.0012 0.0026 0.0018 0.0054 0.0014 0.0059 0.0101 0.0015 
        FW12  3 0.0007 0.0008 0.0006 0.0006 0.0007 0.0010 0.0014 0.0012 0.9632 0.0011 0.0025 0.0018 0.0055 0.0014 0.0058 0.0102 0.0015 
        FW13  3 0.0007 0.0008 0.0006 0.0006 0.0007 0.0010 0.0014 0.0012 0.9623 0.0012 0.0026 0.0018 0.0056 0.0014 0.0058 0.0108 0.0015 
        FW14  3 0.0014 0.0020 0.0009 0.0030 0.0028 0.0022 0.0073 0.0029 0.8890 0.0051 0.0072 0.0062 0.0114 0.0030 0.0186 0.0311 0.0058 
        FW15  3 0.0014 0.0019 0.0009 0.0030 0.0028 0.0023 0.0074 0.0028 0.8886 0.0053 0.0072 0.0064 0.0116 0.0031 0.0183 0.0310 0.0059 
        FW16  3 0.0009 0.0011 0.0007 0.0010 0.0010 0.0013 0.0027 0.0022 0.9444 0.0019 0.0040 0.0027 0.0096 0.0015 0.0099 0.0128 0.0024 
        FW17  3 0.0010 0.0011 0.0008 0.0010 0.0009 0.0012 0.0027 0.0021 0.9448 0.0019 0.0040 0.0027 0.0096 0.0015 0.0099 0.0126 0.0023 
        FW18  3 0.0010 0.0011 0.0007 0.0009 0.0009 0.0012 0.0027 0.0019 0.9456 0.0019 0.0040 0.0026 0.0095 0.0016 0.0093 0.0128 0.0024 
        FW19  3 0.0007 0.0008 0.0006 0.0006 0.0007 0.0010 0.0014 0.0012 0.9633 0.0012 0.0026 0.0018 0.0054 0.0014 0.0059 0.0100 0.0015 
        FW20  3 0.0007 0.0008 0.0006 0.0006 0.0007 0.0010 0.0014 0.0012 0.9631 0.0012 0.0025 0.0018 0.0055 0.0014 0.0059 0.0102 0.0015 
        FW21  3 0.0007 0.0008 0.0006 0.0006 0.0007 0.0010 0.0014 0.0012 0.9632 0.0012 0.0026 0.0018 0.0055 0.0014 0.0059 0.0101 0.0016 
        FW22  3 0.0009 0.0011 0.0008 0.0010 0.0010 0.0012 0.0027 0.0019 0.9454 0.0019 0.0040 0.0026 0.0097 0.0015 0.0092 0.0127 0.0024 
        FW23  3 0.0007 0.0008 0.0006 0.0006 0.0007 0.0010 0.0014 0.0012 0.9632 0.0012 0.0026 0.0018 0.0055 0.0014 0.0058 0.0100 0.0015 
        FW24  3 0.0007 0.0008 0.0006 0.0006 0.0007 0.0010 0.0014 0.0012 0.9633 0.0012 0.0026 0.0018 0.0055 0.0014 0.0058 0.0101 0.0015 
        FW25  3 0.0007 0.0008 0.0006 0.0006 0.0007 0.0010 0.0014 0.0012 0.9632 0.0012 0.0025 0.0018 0.0055 0.0014 0.0059 0.0101 0.0015 
        FW26  3 0.0007 0.0008 0.0006 0.0006 0.0007 0.0010 0.0014 0.0012 0.9630 0.0012 0.0026 0.0018 0.0055 0.0014 0.0058 0.0102 0.0015 
        FW27  3 0.0009 0.0010 0.0008 0.0010 0.0010 0.0012 0.0027 0.0021 0.9447 0.0019 0.0040 0.0026 0.0095 0.0015 0.0097 0.0128 0.0024 
        FW28  3 0.0007 0.0008 0.0005 0.0006 0.0007 0.0010 0.0014 0.0012 0.9625 0.0012 0.0026 0.0018 0.0056 0.0014 0.0058 0.0107 0.0015 
        FW29  3 0.0007 0.0008 0.0006 0.0006 0.0007 0.0010 0.0014 0.0012 0.9630 0.0012 0.0026 0.0018 0.0055 0.0014 0.0058 0.0102 0.0015 
        FW30  3 0.0013 0.0022 0.0009 0.0010 0.0272 0.0025 0.0039 0.0049 0.1103 0.0043 0.0058 0.0041 0.0204 0.0018 0.0786 0.7270 0.0037 
        FW32  3 0.0015 0.0020 0.0009 0.0032 0.0030 0.0024 0.0072 0.0030 0.8890 0.0051 0.0073 0.0061 0.0115 0.0031 0.0186 0.0303 0.0058 
        FW33  3 0.0010 0.0008 0.0024 0.0006 0.0007 0.0010 0.0014 0.0012 0.9371 0.0012 0.0026 0.0059 0.0079 0.0014 0.0072 0.0260 0.0015 
        FW34  3 0.0007 0.0008 0.0006 0.0006 0.0007 0.0010 0.0014 0.0012 0.9631 0.0011 0.0026 0.0018 0.0055 0.0014 0.0059 0.0101 0.0015 
        FW35  3 0.0007 0.0008 0.0006 0.0006 0.0007 0.0010 0.0014 0.0012 0.9631 0.0012 0.0026 0.0018 0.0055 0.0014 0.0059 0.0102 0.0015 
        FW36  3 0.0007 0.0008 0.0006 0.0006 0.0007 0.0010 0.0014 0.0012 0.9630 0.0012 0.0026 0.0018 0.0055 0.0014 0.0058 0.0102 0.0015 
        FW37  3 0.0010 0.0011 0.0008 0.0009 0.0009 0.0013 0.0026 0.0022 0.9446 0.0019 0.0040 0.0027 0.0095 0.0015 0.0099 0.0126 0.0024 
        FW51  3 0.0007 0.0008 0.0006 0.0006 0.0007 0.0010 0.0014 0.0012 0.9632 0.0012 0.0026 0.0018 0.0054 0.0014 0.0059 0.0101 0.0015 
        FW52  3 0.0010 0.0010 0.0008 0.0009 0.0009 0.0013 0.0027 0.0021 0.9446 0.0019 0.0040 0.0027 0.0093 0.0016 0.0099 0.0130 0.0023 
        FW53  3 0.0007 0.0008 0.0006 0.0006 0.0007 0.0010 0.0014 0.0012 0.9632 0.0012 0.0026 0.0018 0.0054 0.0014 0.0058 0.0101 0.0015 
        FW54  3 0.0011 0.0010 0.0006 0.0010 0.0009 0.0012 0.0027 0.0021 0.9475 0.0019 0.0035 0.0025 0.0090 0.0016 0.0082 0.0127 0.0024 
        FW55  3 0.0007 0.0008 0.0006 0.0006 0.0007 0.0010 0.0014 0.0012 0.9631 0.0012 0.0026 0.0018 0.0055 0.0014 0.0059 0.0102 0.0016 
        FW56  3 0.0007 0.0008 0.0006 0.0006 0.0007 0.0010 0.0014 0.0012 0.9632 0.0012 0.0025 0.0018 0.0054 0.0014 0.0059 0.0101 0.0015 
        FW57  3 0.0007 0.0008 0.0006 0.0006 0.0007 0.0010 0.0014 0.0012 0.9632 0.0012 0.0026 0.0018 0.0054 0.0014 0.0059 0.0101 0.0015 
        FW78  3 0.0007 0.0008 0.0006 0.0006 0.0007 0.0010 0.0014 0.0012 0.9632 0.0012 0.0026 0.0018 0.0055 0.0014 0.0059 0.0100 0.0015 
        FW79  3 0.0007 0.0008 0.0006 0.0006 0.0007 0.0010 0.0014 0.0012 0.9625 0.0012 0.0026 0.0018 0.0057 0.0014 0.0058 0.0106 0.0015 
        FW80  3 0.0007 0.0008 0.0006 0.0006 0.0007 0.0010 0.0014 0.0012 0.9633 0.0012 0.0026 0.0018 0.0054 0.0014 0.0058 0.0100 0.0015 
        FW81  3 0.0011 0.0010 0.0006 0.0010 0.0009 0.0012 0.0027 0.0022 0.9477 0.0019 0.0035 0.0025 0.0091 0.0015 0.0081 0.0126 0.0024 
        FW82  3 0.0010 0.0011 0.0008 0.0010 0.0010 0.0012 0.0026 0.0021 0.9446 0.0019 0.0039 0.0027 0.0096 0.0015 0.0099 0.0128 0.0024 
        FW83  3 0.0015 0.0019 0.0009 0.0029 0.0028 0.0023 0.0073 0.0030 0.8887 0.0051 0.0073 0.0062 0.0113 0.0029 0.0187 0.0313 0.0059 
        FW84  3 0.0007 0.0008 0.0006 0.0006 0.0007 0.0010 0.0014 0.0012 0.9631 0.0012 0.0025 0.0018 0.0054 0.0014 0.0058 0.0103 0.0015 
        FW85  3 0.0014 0.0010 0.0007 0.0010 0.0010 0.0017 0.0036 0.0043 0.9379 0.0019 0.0040 0.0027 0.0121 0.0015 0.0099 0.0130 0.0024 
        FW86  3 0.0009 0.0011 0.0007 0.0010 0.0009 0.0012 0.0027 0.0019 0.9456 0.0019 0.0040 0.0027 0.0097 0.0015 0.0093 0.0125 0.0024 
        FW87  3 0.0010 0.0010 0.0007 0.0010 0.0009 0.0013 0.0027 0.0019 0.9459 0.0018 0.0039 0.0027 0.0096 0.0015 0.0093 0.0124 0.0024 
        FW88  3 0.0007 0.0008 0.0006 0.0006 0.0007 0.0010 0.0014 0.0012 0.9632 0.0012 0.0025 0.0018 0.0054 0.0014 0.0059 0.0101 0.0015 
        FW89  3 0.0007 0.0008 0.0006 0.0006 0.0007 0.0010 0.0014 0.0012 0.9633 0.0012 0.0026 0.0018 0.0055 0.0014 0.0058 0.0100 0.0015 
        FW90  3 0.0007 0.0008 0.0006 0.0006 0.0007 0.0010 0.0014 0.0012 0.9631 0.0012 0.0025 0.0018 0.0055 0.0014 0.0058 0.0101 0.0015 
        FW91  3 0.0010 0.0010 0.0007 0.0009 0.0010 0.0012 0.0027 0.0022 0.9445 0.0019 0.0039 0.0027 0.0096 0.0015 0.0100 0.0128 0.0024 
        FW92  3 0.0007 0.0008 0.0005 0.0006 0.0007 0.0010 0.0014 0.0012 0.9631 0.0012 0.0026 0.0018 0.0055 0.0014 0.0059 0.0102 0.0015 
        FW93  3 0.0007 0.0008 0.0006 0.0006 0.0007 0.0010 0.0014 0.0012 0.9633 0.0012 0.0025 0.0018 0.0054 0.0014 0.0058 0.0101 0.0015 
        FW94  3 0.0010 0.0011 0.0008 0.0010 0.0009 0.0013 0.0027 0.0022 0.9445 0.0019 0.0039 0.0027 0.0095 0.0015 0.0098 0.0129 0.0024 
        FW95  3 0.0007 0.0008 0.0006 0.0006 0.0007 0.0010 0.0014 0.0012 0.9623 0.0012 0.0026 0.0018 0.0057 0.0014 0.0058 0.0108 0.0015 
        FW96  3 0.0007 0.0008 0.0006 0.0006 0.0007 0.0010 0.0014 0.0012 0.9633 0.0012 0.0025 0.0018 0.0054 0.0014 0.0059 0.0101 0.0015 
        FW97  3 0.0016 0.0031 0.0015 0.0026 0.0018 0.0016 0.0033 0.0024 0.0458 0.0124 0.0082 0.0032 0.0113 0.0056 0.0111 0.8783 0.0062 
        FW98  3 0.0011 0.0010 0.0006 0.0010 0.0009 0.0012 0.0027 0.0021 0.9478 0.0018 0.0035 0.0025 0.0090 0.0015 0.0081 0.0126 0.0024 
        FW99  3 0.0007 0.0008 0.0006 0.0006 0.0007 0.0010 0.0014 0.0012 0.9633 0.0012 0.0026 0.0018 0.0055 0.0014 0.0058 0.0100 0.0015 
       Cal01  3 0.0010 0.0023 0.0010 0.0017 0.0019 0.0014 0.0022 0.0020 0.2106 0.0010 0.0127 0.0031 0.0114 0.0023 0.0101 0.7331 0.0023 
       Cal02  3 0.0011 0.0016 0.0009 0.0010 0.0009 0.0018 0.0026 0.0020 0.0094 0.0020 0.0034 0.0040 0.0108 0.0020 0.0149 0.9393 0.0023 
       Cal03  3 0.0018 0.0014 0.0008 0.0008 0.0009 0.0020 0.0029 0.0036 0.1523 0.0019 0.0055 0.0022 0.0089 0.0011 0.0127 0.7995 0.0018 
       Cal04  3 0.0027 0.0013 0.0008 0.0011 0.0034 0.0074 0.0031 0.0026 0.0033 0.0039 0.0043 0.0033 0.0139 0.0019 0.0099 0.9254 0.0116 
       Cal05  3 0.0008 0.0009 0.0006 0.0006 0.0006 0.0011 0.0019 0.0016 0.0200 0.0013 0.0024 0.0016 0.0209 0.0012 0.0057 0.9367 0.0019 
       Cal06  3 0.0058 0.0015 0.0010 0.0008 0.0010 0.0021 0.0022 0.0022 0.0064 0.0013 0.0041 0.0035 0.0265 0.0041 0.0189 0.9168 0.0017 
       Cal07  3 0.0010 0.0010 0.0006 0.0007 0.0009 0.0011 0.0015 0.0014 0.0168 0.0016 0.0030 0.0021 0.0497 0.0015 0.0064 0.9092 0.0014 
       Cal08  3 0.0061 0.0026 0.0009 0.0022 0.0038 0.0019 0.0030 0.0033 0.1033 0.0019 0.0055 0.0030 0.0126 0.0043 0.0102 0.8301 0.0052 
       Cal09  3 0.0009 0.0010 0.0008 0.0010 0.0011 0.0013 0.0025 0.0012 0.0279 0.0019 0.0031 0.0107 0.0553 0.0019 0.0107 0.8759 0.0027 
       Cal10  3 0.0021 0.0031 0.0008 0.0010 0.0020 0.0020 0.0026 0.0031 0.0054 0.0020 0.0058 0.0032 0.0126 0.0014 0.0097 0.9404 0.0028 
       Cal11  3 0.0024 0.0014 0.0011 0.0019 0.0018 0.0017 0.0022 0.0022 0.0374 0.0033 0.0045 0.0063 0.0214 0.0329 0.0127 0.8625 0.0044 
      Cal197  3 0.0028 0.0016 0.0012 0.0005 0.0019 0.0025 0.0015 0.0012 0.2278 0.0017 0.0036 0.0027 0.0124 0.0013 0.0090 0.7269 0.0013 
      Cal198  3 0.0031 0.0020 0.0033 0.0010 0.0144 0.0031 0.0019 0.0027 0.0444 0.0022 0.0390 0.0032 0.0829 0.0015 0.0108 0.7802 0.0045 
      Cal199  3 0.0010 0.0011 0.0005 0.0082 0.0009 0.0013 0.0026 0.0070 0.0079 0.0011 0.0076 0.0021 0.0063 0.0016 0.0081 0.9064 0.0363 
      Cal200  3 0.0017 0.0011 0.0006 0.0008 0.0008 0.0025 0.0025 0.0116 0.0627 0.0019 0.0042 0.0029 0.0162 0.0026 0.0070 0.8794 0.0014 
      Cal201  3 0.0010 0.0033 0.0011 0.0007 0.0007 0.0011 0.0015 0.0018 0.0875 0.0015 0.0029 0.0070 0.0223 0.0018 0.0072 0.8572 0.0014 
      Cal202  3 0.0008 0.0021 0.0007 0.0020 0.0008 0.0044 0.0096 0.0030 0.0129 0.0012 0.0239 0.0057 0.0147 0.0019 0.0114 0.8993 0.0054 
      Cal203  3 0.0011 0.0013 0.0011 0.0009 0.0012 0.0013 0.0022 0.0023 0.0085 0.0017 0.0039 0.0032 0.0078 0.0036 0.0074 0.9502 0.0026 
      Cal204  3 0.0010 0.0012 0.0009 0.0009 0.0009 0.0017 0.0025 0.0023 0.0042 0.0014 0.0050 0.0022 0.0090 0.0020 0.0097 0.9531 0.0020 
      Cal205  3 0.0009 0.0017 0.0008 0.0007 0.0011 0.0020 0.0020 0.0027 0.0077 0.0011 0.0048 0.0025 0.0103 0.0012 0.0172 0.9411 0.0024 
      Cal206  3 0.0014 0.0016 0.0007 0.0008 0.0019 0.0023 0.0036 0.0022 0.0194 0.0027 0.0037 0.0050 0.0082 0.0017 0.0144 0.9283 0.0022 
      Cal207  3 0.0009 0.0015 0.0009 0.0009 0.0015 0.0013 0.0017 0.0085 0.0063 0.0015 0.0091 0.0024 0.0111 0.0014 0.0069 0.9428 0.0014 
      Cal208  3 0.0015 0.0015 0.0010 0.0011 0.0027 0.0012 0.0022 0.0015 0.0247 0.0025 0.0045 0.0045 0.0076 0.0021 0.0082 0.9306 0.0027 
      Cal209  3 0.0007 0.0011 0.0005 0.0008 0.0011 0.0014 0.0020 0.0014 0.0263 0.0013 0.0026 0.0023 0.0081 0.0016 0.0073 0.9391 0.0024 
      Cal210  3 0.0010 0.0011 0.0005 0.0085 0.0009 0.0013 0.0026 0.0066 0.0083 0.0012 0.0075 0.0021 0.0062 0.0016 0.0081 0.9059 0.0367 
      Cal211  3 0.0012 0.0010 0.0006 0.0007 0.0010 0.0012 0.0015 0.0031 0.0417 0.0015 0.0029 0.0023 0.0150 0.0016 0.0083 0.9145 0.0018 
      Cal212  3 0.0014 0.0010 0.0007 0.0008 0.0010 0.0013 0.0022 0.0106 0.0208 0.0013 0.0031 0.0023 0.0100 0.0014 0.0154 0.9240 0.0028 
      Cal213  3 0.0039 0.0038 0.0138 0.0007 0.0300 0.0024 0.0024 0.0183 0.2089 0.0048 0.0045 0.0029 0.0592 0.0012 0.0099 0.6309 0.0024 
      Cal214  3 0.0012 0.0016 0.0011 0.0006 0.0015 0.0051 0.0025 0.0018 0.0030 0.0011 0.0085 0.0058 0.0069 0.0017 0.0142 0.9025 0.0408 
      Cal215  3 0.0013 0.0019 0.0008 0.0023 0.0013 0.0020 0.0046 0.0022 0.0264 0.0028 0.0045 0.0033 0.0111 0.0024 0.0094 0.9165 0.0074 
      Cal216  3 0.0014 0.0012 0.0009 0.0008 0.0011 0.0018 0.0026 0.0027 0.1565 0.0020 0.0078 0.0038 0.0171 0.0021 0.0135 0.7834 0.0014 
      Cal217  3 0.0011 0.0011 0.0007 0.0006 0.0008 0.0015 0.0015 0.0013 0.0137 0.0012 0.0040 0.0027 0.0126 0.0016 0.0072 0.9469 0.0015 
      Cal218  3 0.0014 0.0010 0.0006 0.0007 0.0009 0.0013 0.0021 0.0054 0.0879 0.0013 0.0028 0.0024 0.0116 0.0015 0.0153 0.8611 0.0027 
      Cal219  3 0.0012 0.0018 0.0006 0.0012 0.0017 0.0012 0.0021 0.0017 0.0415 0.0033 0.0031 0.0104 0.0101 0.0020 0.0211 0.8945 0.0026 
      Cal220  3 0.0012 0.0020 0.0013 0.0018 0.0013 0.0018 0.0017 0.0017 0.0082 0.0021 0.0107 0.0047 0.0114 0.0036 0.0910 0.8502 0.0051 
      Cal221  3 0.0015 0.0010 0.0006 0.0014 0.0008 0.0011 0.0022 0.0025 0.0303 0.0024 0.0061 0.0024 0.0092 0.0013 0.0075 0.9256 0.0042 
      Cal222  3 0.0012 0.0011 0.0006 0.0025 0.0009 0.0013 0.0022 0.0037 0.0103 0.0016 0.0057 0.0020 0.0100 0.0016 0.0080 0.9349 0.0123 
      Cal223  3 0.0023 0.0032 0.0040 0.0013 0.0014 0.0027 0.0021 0.0023 0.0109 0.0033 0.0246 0.0036 0.1492 0.0031 0.0233 0.7581 0.0045 
      Cal224  3 0.0010 0.0016 0.0023 0.0019 0.0113 0.0067 0.0101 0.0041 0.0041 0.0055 0.0440 0.0020 0.0107 0.0033 0.0070 0.8819 0.0025 
       Cal33  3 0.0012 0.0025 0.0006 0.0008 0.0010 0.0016 0.0019 0.0020 0.0070 0.0018 0.0028 0.0038 0.0097 0.0014 0.0090 0.9507 0.0021 
       Cal34  3 0.0009 0.0013 0.0026 0.0008 0.0008 0.0014 0.0028 0.0015 0.0067 0.0014 0.0143 0.0020 0.0187 0.0015 0.0284 0.9123 0.0024 
       Cal35  3 0.0009 0.0015 0.0006 0.0007 0.0008 0.0013 0.0020 0.0027 0.0056 0.0011 0.0029 0.0024 0.0113 0.0014 0.0096 0.9536 0.0016 
       Cal37  3 0.0029 0.0030 0.0006 0.0007 0.0008 0.0017 0.0022 0.0071 0.0069 0.0017 0.0028 0.0116 0.0332 0.0014 0.0549 0.8665 0.0018 
       Cal38  3 0.0012 0.0011 0.0006 0.0008 0.0008 0.0011 0.0013 0.0015 0.2461 0.0011 0.0027 0.0023 0.0103 0.0017 0.0111 0.7139 0.0025 
       Cal39  3 0.0008 0.0011 0.0005 0.0023 0.0009 0.0011 0.0040 0.0014 0.1158 0.0027 0.0032 0.0033 0.0119 0.0019 0.0077 0.8384 0.0030 
       Cal40  3 0.0007 0.0011 0.0005 0.0008 0.0011 0.0015 0.0021 0.0014 0.0257 0.0013 0.0026 0.0023 0.0082 0.0016 0.0074 0.9393 0.0023 
       Cal41  3 0.0008 0.0011 0.0006 0.0008 0.0009 0.0014 0.0020 0.0014 0.0120 0.0016 0.0026 0.0020 0.0099 0.0016 0.0067 0.9522 0.0023 
       Cal42  3 0.0008 0.0015 0.0007 0.0009 0.0012 0.0014 0.0022 0.0019 0.0070 0.0017 0.0029 0.0031 0.0067 0.0024 0.0074 0.9558 0.0025 
       Cal43  3 0.0013 0.0015 0.0007 0.0008 0.0013 0.0014 0.0017 0.0017 0.0069 0.0026 0.0043 0.0029 0.0104 0.0016 0.0100 0.9486 0.0025 
       Cal44  3 0.0017 0.0011 0.0020 0.0011 0.0009 0.0013 0.0025 0.0041 0.0797 0.0023 0.0063 0.0027 0.0101 0.0023 0.0825 0.7962 0.0032 
        BW41  3 0.0012 0.0019 0.0035 0.0015 0.0013 0.0019 0.0307 0.0034 0.0091 0.0054 0.0066 0.0193 0.0130 0.0022 0.0103 0.8849 0.0038 
        BW42  3 0.0022 0.0123 0.0010 0.0008 0.0016 0.0020 0.0023 0.0017 0.0186 0.0087 0.0039 0.0031 0.0118 0.0020 0.0122 0.9138 0.0022 
        BW44  3 0.0010 0.0011 0.0008 0.0007 0.0015 0.0016 0.0016 0.0016 0.0071 0.0021 0.0037 0.0028 0.0189 0.0021 0.0107 0.9407 0.0020 
        BW45  3 0.0008 0.0010 0.0005 0.0005 0.0006 0.0010 0.0014 0.0014 0.0134 0.0013 0.0026 0.0021 0.0128 0.0015 0.0073 0.9503 0.0016 
        BW46  3 0.0011 0.0014 0.0036 0.0010 0.0008 0.0013 0.0035 0.0024 0.0474 0.0014 0.0039 0.0100 0.0085 0.0015 0.0216 0.8886 0.0019 
        BW47  3 0.0011 0.0010 0.0018 0.0013 0.0008 0.0014 0.0067 0.0031 0.0201 0.0187 0.0031 0.0020 0.0206 0.0014 0.0300 0.8852 0.0017 
        BW48  3 0.0016 0.0027 0.0020 0.0033 0.0013 0.0024 0.0051 0.0027 0.0327 0.0046 0.0029 0.0085 0.0166 0.0032 0.0102 0.8954 0.0050 
        BW49  3 0.0009 0.0015 0.0006 0.0009 0.0008 0.0012 0.0017 0.0015 0.0140 0.0017 0.0035 0.0042 0.0405 0.0025 0.0101 0.9126 0.0018 
        BW50  3 0.0012 0.0014 0.0012 0.0007 0.0007 0.0012 0.0027 0.0016 0.0168 0.0017 0.0036 0.0030 0.0089 0.0018 0.0076 0.9439 0.0019 
        BW51  3 0.0010 0.0012 0.0008 0.0008 0.0008 0.0011 0.0017 0.0013 0.2045 0.0015 0.0035 0.0040 0.0374 0.0016 0.0081 0.7285 0.0023 
        BW52  3 0.0013 0.0010 0.0009 0.0008 0.0009 0.0011 0.0018 0.0013 0.0084 0.0016 0.0031 0.0030 0.0107 0.0110 0.0099 0.9407 0.0023 
        BW53  3 0.0014 0.0012 0.0006 0.0006 0.0013 0.0012 0.0022 0.0035 0.0071 0.0021 0.0033 0.0027 0.0101 0.0014 0.0536 0.9058 0.0017 
        BW54  3 0.0019 0.0016 0.0015 0.0010 0.0010 0.0030 0.0061 0.0112 0.0247 0.1125 0.0038 0.0033 0.0274 0.0022 0.0322 0.7630 0.0036 
