9.9877E-05 0.102614 9.9877E-05 9.9877E-05 9.9877E-05 9.9877E-05 9.9877E-05 9.9877E-05 9.9877E-05 9.9877E-05 9.9877E-05 0.214038 0.07818 9.9877E-05 0.106313 9.9877E-05 0.23149 0.165492 9.9877E-05 9.9877E-05 0.100476
9.98509E-05 0.0844065 9.98509E-05 9.98509E-05 9.98509E-05 9.98509E-05 9.98509E-05 9.98509E-05 9.98509E-05 9.98509E-05 9.98509E-05 0.842526 9.98509E-05 9.98509E-05 0.0552575 9.98509E-05 9.98509E-05 9.98509E-05 0.0161121 9.98509E-05 9.98509E-05
9.98421E-05 9.98421E-05 9.98421E-05 9.98421E-05 9.98421E-05 0.0347617 9.98421E-05 9.98421E-05 9.98421E-05 9.98421E-05 9.98421E-05 9.98421E-05 9.98421E-05 0.0285094 9.98421E-05 9.98421E-05 9.98421E-05 0.934932 9.98421E-05 9.98421E-05 9.98421E-05
9.9886E-05 9.9886E-05 0.119073 9.9886E-05 9.9886E-05 0.0117712 0.331954 9.9886E-05 9.9886E-05 9.9886E-05 9.9886E-05 0.361081 0.0462884 0.0694788 9.9886E-05 9.9886E-05 0.0245635 9.9886E-05 0.0344922 9.9886E-05 9.9886E-05
9.98596E-05 0.0551924 0.015043 9.98596E-05 9.98596E-05 9.98596E-05 9.98596E-05 9.98596E-05 9.98596E-05 9.98596E-05 9.98596E-05 0.693945 9.98596E-05 9.98596E-05 9.98596E-05 9.98596E-05 9.98596E-05 0.162358 0.0718636 9.98596E-05 9.98596E-05
9.98684E-05 0.044889 9.98684E-05 0.0966254 9.98684E-05 9.98684E-05 9.98684E-05 9.98684E-05 9.98684E-05 9.98684E-05 9.98684E-05 9.98684E-05 9.98684E-05 0.22425 0.196758 9.98684E-05 9.98684E-05 0.234801 0.201178 9.98684E-05 9.98684E-05
9.98948E-05 0.145438 9.98948E-05 9.98948E-05 0.110384 9.98948E-05 0.0863715 0.0830988 9.98948E-05 9.98948E-05 9.98948E-05 0.383758 0.00703565 9.98948E-05 9.98948E-05 0.05044 0.091681 9.98948E-05 0.0405952 9.98948E-05 9.98948E-05
0.154455 9.9886E-05 0.0769105 0.158885 9.9886E-05 9.9886E-05 9.9886E-05 9.9886E-05 9.9886E-05 9.9886E-05 0.0678984 0.277062 9.9886E-05 9.9886E-05 9.9886E-05 9.9886E-05 0.171155 9.9886E-05 0.0446349 9.9886E-05 0.0477006
0.00659493 9.98859E-05 9.98859E-05 0.244088 9.98859E-05 9.98859E-05 9.98859E-05 9.98859E-05 9.98859E-05 9.98859E-05 9.98859E-05 0.00671655 0.23529 0.00241019 9.98859E-05 0.173282 0.0211597 0.30916 9.98859E-05 9.98859E-05 9.98859E-05
9.9842E-05 9.9842E-05 9.9842E-05 9.9842E-05 9.9842E-05 9.9842E-05 9.9842E-05 9.9842E-05 9.9842E-05 9.9842E-05 9.9842E-05 0.0873584 0.065563 9.9842E-05 9.9842E-05 9.9842E-05 9.9842E-05 0.845281 9.9842E-05 9.9842E-05 9.9842E-05
9.98597E-05 9.98597E-05 9.98597E-05 0.0476162 0.185613 9.98597E-05 9.98597E-05 9.98597E-05 9.98597E-05 9.98597E-05 9.98597E-05 0.502222 0.145636 9.98597E-05 9.98597E-05 9.98597E-05 9.98597E-05 0.117314 9.98597E-05 9.98597E-05 9.98597E-05
9.98422E-05 9.98422E-05 9.98422E-05 9.98422E-05 9.98422E-05 9.98422E-05 9.98422E-05 0.0340796 9.98422E-05 9.98422E-05 9.98422E-05 9.98422E-05 9.98422E-05 9.98422E-05 9.98422E-05 9.98422E-05 9.98422E-05 0.959731 9.98422E-05 0.0043924 9.98422E-05
9.98419E-05 9.98419E-05 9.98419E-05 9.98419E-05 9.98419E-05 9.98419E-05 9.98419E-05 9.98419E-05 9.98419E-05 9.98419E-05 9.98419E-05 0.876555 0.0346746 9.98419E-05 9.98419E-05 9.98419E-05 0.0869734 9.98419E-05 9.98419E-05 9.98419E-05 9.98419E-05
0.00556188 9.98684E-05 9.98684E-05 9.98684E-05 0.0117282 9.98684E-05 9.98684E-05 9.98684E-05 0.040619 0.0658023 9.98684E-05 0.841665 0.0331259 9.98684E-05 9.98684E-05 9.98684E-05 9.98684E-05 9.98684E-05 9.98684E-05 9.98684E-05 9.98684E-05
0.0179982 9.98859E-05 9.98859E-05 0.119504 9.98859E-05 9.98859E-05 9.98859E-05 9.98859E-05 9.98859E-05 0.120698 9.98859E-05 9.98859E-05 0.105384 0.0383574 0.18099 9.98859E-05 0.0624738 0.353297 9.98859E-05 9.98859E-05 9.98859E-05
9.98946E-05 9.98946E-05 9.98946E-05 0.192663 9.98946E-05 9.98946E-05 0.0698941 9.98946E-05 9.98946E-05 9.98946E-05 0.132786 0.303397 0.0920595 9.98946E-05 0.0921691 9.98946E-05 0.0714506 9.98946E-05 0.0170999 9.98946E-05 0.0272818
9.98772E-05 0.0546547 9.98772E-05 9.98772E-05 0.0292875 9.98772E-05 0.0531291 9.98772E-05 0.161419 9.98772E-05 9.98772E-05 9.98772E-05 0.0283021 9.98772E-05 9.98772E-05 9.98772E-05 9.98772E-05 0.633942 9.98772E-05 9.98772E-05 0.0378671
9.98859E-05 9.98859E-05 9.98859E-05 0.044371 9.98859E-05 0.0952148 9.98859E-05 9.98859E-05 9.98859E-05 9.98859E-05 9.98859E-05 0.231457 0.141464 9.98859E-05 0.142166 0.00906474 0.168553 9.98859E-05 9.98859E-05 0.166411 9.98859E-05
9.98602E-05 9.98602E-05 9.98602E-05 0.140845 0.00680234 9.98602E-05 9.98602E-05 9.98602E-05 9.98602E-05 9.98602E-05 9.98602E-05 9.98602E-05 0.216806 9.98602E-05 9.98602E-05 9.98602E-05 0.0995048 0.343549 0.183069 9.98602E-05 0.00802566
9.98246E-05 9.98246E-05 9.98246E-05 9.98246E-05 9.98246E-05 9.98246E-05 9.98246E-05 9.98246E-05 9.98246E-05 9.98246E-05 9.98246E-05 9.98246E-05 9.98246E-05 9.98246E-05 9.98246E-05 9.98246E-05 9.98246E-05 0.998004 9.98246E-05 9.98246E-05 9.98246E-05
9.99122E-05 9.99122E-05 0.029734 0.0883572 0.0397014 0.0843216 0.0306336 9.99122E-05 9.99122E-05 0.0170792 0.12393 0.270395 0.043065 9.99122E-05 9.99122E-05 0.00292772 9.99122E-05 0.268856 9.99122E-05 9.99122E-05 9.99122E-05
0.000422643 9.98772E-05 0.0623987 0.104305 9.98772E-05 9.98772E-05 9.98772E-05 9.98772E-05 9.98772E-05 9.98772E-05 9.98772E-05 9.98772E-05 9.98772E-05 0.0827143 9.98772E-05 9.98772E-05 0.351492 0.289524 0.107745 9.98772E-05 9.98772E-05
9.98685E-05 9.98685E-05 9.98685E-05 0.0445424 0.0613499 9.98685E-05 9.98685E-05 9.98685E-05 9.98685E-05 9.98685E-05 9.98685E-05 0.358625 0.0613773 9.98685E-05 0.202538 9.98685E-05 9.98685E-05 0.270069 9.98685E-05 9.98685E-05 9.98685E-05
9.98595E-05 9.98595E-05 9.98595E-05 9.98595E-05 9.98595E-05 9.98595E-05 9.98595E-05 9.98595E-05 9.98595E-05 9.98595E-05 0.00206705 0.399454 0.217096 9.98595E-05 9.98595E-05 0.0778291 0.301956 9.98595E-05 9.98595E-05 9.98595E-05 9.98595E-05
9.98859E-05 9.98859E-05 9.98859E-05 0.00855518 9.98859E-05 9.98859E-05 0.0103835 9.98859E-05 9.98859E-05 0.184811 9.98859E-05 0.223126 0.233357 0.250068 9.98859E-05 9.98859E-05 0.0416495 0.0467522 9.98859E-05 9.98859E-05 9.98859E-05
9.98684E-05 9.98684E-05 9.98684E-05 9.98684E-05 9.98684E-05 9.98684E-05 0.107721 9.98684E-05 9.98684E-05 9.98684E-05 9.98684E-05 0.0246293 0.0901045 0.0772201 9.98684E-05 9.98684E-05 0.0552753 0.643551 9.98684E-05 9.98684E-05 9.98684E-05
9.98683E-05 9.98683E-05 9.98683E-05 9.98683E-05 9.98683E-05 9.98683E-05 9.98683E-05 9.98683E-05 9.98683E-05 9.98683E-05 0.02951 9.98683E-05 0.0931873 0.316725 9.98683E-05 9.98683E-05 0.374196 0.059027 9.98683E-05 0.125857 9.98683E-05
9.98685E-05 9.98685E-05 9.98685E-05 9.98685E-05 9.98685E-05 9.98685E-05 0.0996214 9.98685E-05 9.98685E-05 9.98685E-05 9.98685E-05 0.186952 0.0263885 9.98685E-05 9.98685E-05 9.98685E-05 0.122241 0.545268 0.0180305 9.98685E-05 9.98685E-05
9.98685E-05 9.98685E-05 9.98685E-05 9.98685E-05 9.98685E-05 9.98685E-05 9.98685E-05 9.98685E-05 9.98685E-05 9.98685E-05 9.98685E-05 0.529698 0.182147 0.0280355 9.98685E-05 0.000266364 0.152648 0.105706 9.98685E-05 9.98685E-05 9.98685E-05
9.98772E-05 9.98772E-05 9.98772E-05 0.0451537 9.98772E-05 9.98772E-05 9.98772E-05 9.98772E-05 0.0898993 9.98772E-05 9.98772E-05 9.98772E-05 0.0461651 0.0271092 9.98772E-05 0.0274979 9.98772E-05 0.747246 0.0155303 9.98772E-05 9.98772E-05
9.98772E-05 9.98772E-05 9.98772E-05 9.98772E-05 0.139152 0.0250972 9.98772E-05 9.98772E-05 9.98772E-05 9.98772E-05 9.98772E-05 9.98772E-05 0.0410223 9.98772E-05 0.0262818 9.98772E-05 0.00623271 0.739429 9.98772E-05 0.0213865 9.98772E-05
9.98773E-05 9.98773E-05 9.98773E-05 9.98773E-05 0.0401971 9.98773E-05 0.03221 9.98773E-05 9.98773E-05 9.98773E-05 9.98773E-05 0.642318 0.0705172 0.16432 9.98773E-05 9.98773E-05 0.00474886 9.98773E-05 0.044291 9.98773E-05 9.98773E-05
9.98683E-05 9.98683E-05 9.98683E-05 9.98683E-05 0.0838855 9.98683E-05 9.98683E-05 9.98683E-05 9.98683E-05 9.98683E-05 0.0296142 0.668444 0.114695 9.98683E-05 0.031083 9.98683E-05 0.0707803 9.98683E-05 9.98683E-05 9.98683E-05 9.98683E-05
9.98947E-05 9.98947E-05 9.98947E-05 9.98947E-05 0.000283864 9.98947E-05 9.98947E-05 0.0317008 9.98947E-05 9.98947E-05 9.98947E-05 0.0908194 0.1224 0.101609 9.98947E-05 9.98947E-05 0.16275 0.456472 0.0022095 0.0305568 9.98947E-05
9.98511E-05 0.0356256 9.98511E-05 9.98511E-05 0.043909 0.116997 9.98511E-05 9.98511E-05 9.98511E-05 9.98511E-05 9.98511E-05 9.98511E-05 9.98511E-05 9.98511E-05 9.98511E-05 9.98511E-05 9.98511E-05 0.801771 9.98511E-05 9.98511E-05 9.98511E-05
9.98772E-05 0.0316723 9.98772E-05 0.0105389 9.98772E-05 9.98772E-05 0.179655 9.98772E-05 9.98772E-05 9.98772E-05 9.98772E-05 9.98772E-05 9.98772E-05 9.98772E-05 0.0170525 0.0442798 0.0402138 0.67519 9.98772E-05 9.98772E-05 9.98772E-05
9.9851E-05 9.9851E-05 9.9851E-05 9.9851E-05 0.0189808 9.9851E-05 9.9851E-05 0.00155465 9.9851E-05 9.9851E-05 9.9851E-05 9.9851E-05 9.9851E-05 9.9851E-05 9.9851E-05 9.9851E-05 9.9851E-05 0.872062 0.105705 9.9851E-05 9.9851E-05
9.98773E-05 0.010192 9.98773E-05 0.149368 9.98773E-05 0.048448 9.98773E-05 9.98773E-05 0.00690882 9.98773E-05 9.98773E-05 0.532503 0.0448134 9.98773E-05 9.98773E-05 9.98773E-05 9.98773E-05 0.206369 9.98773E-05 9.98773E-05 9.98773E-05
9.98773E-05 0.0906545 0.0962559 0.0215328 0.040448 9.98773E-05 9.98773E-05 9.98773E-05 0.056501 9.98773E-05 9.98773E-05 9.98773E-05 0.112199 9.98773E-05 9.98773E-05 9.98773E-05 9.98773E-05 0.581011 9.98773E-05 9.98773E-05 9.98773E-05
9.98771E-05 9.98771E-05 9.98771E-05 9.98771E-05 9.98771E-05 9.98771E-05 9.98771E-05 0.0013623 9.98771E-05 9.98771E-05 0.0536016 0.542963 0.143388 0.0888931 9.98771E-05 9.98771E-05 9.98771E-05 0.107557 0.0608373 9.98771E-05 9.98771E-05
9.98508E-05 9.98508E-05 9.98508E-05 9.98508E-05 0.0156614 9.98508E-05 9.98508E-05 9.98508E-05 9.98508E-05 9.98508E-05 9.98508E-05 9.98508E-05 0.00837268 9.98508E-05 9.98508E-05 9.98508E-05 0.0971051 0.877163 9.98508E-05 9.98508E-05 9.98508E-05
9.98684E-05 9.98684E-05 9.98684E-05 9.98684E-05 9.98684E-05 9.98684E-05 0.0135345 9.98684E-05 9.98684E-05 9.98684E-05 9.98684E-05 0.373204 0.0421424 9.98684E-05 9.98684E-05 0.0555762 0.2992 0.214845 9.98684E-05 9.98684E-05 9.98684E-05
9.98422E-05 9.98422E-05 9.98422E-05 9.98422E-05 9.98422E-05 9.98422E-05 9.98422E-05 9.98422E-05 0.0667649 9.98422E-05 9.98422E-05 0.928536 9.98422E-05 9.98422E-05 9.98422E-05 9.98422E-05 0.0029018 9.98422E-05 9.98422E-05 9.98422E-05 9.98422E-05
9.98771E-05 9.98771E-05 9.98771E-05 0.07369 0.0949796 9.98771E-05 9.98771E-05 9.98771E-05 9.98771E-05 9.98771E-05 9.98771E-05 9.98771E-05 0.184132 9.98771E-05 0.131492 0.0282711 0.0745213 0.411516 9.98771E-05 9.98771E-05 9.98771E-05
9.98685E-05 9.98685E-05 9.98685E-05 9.98685E-05 9.98685E-05 9.98685E-05 0.0548895 9.98685E-05 9.98685E-05 9.98685E-05 9.98685E-05 0.197583 0.193658 9.98685E-05 9.98685E-05 9.98685E-05 0.415751 0.0290982 0.107522 9.98685E-05 9.98685E-05
9.98595E-05 9.98595E-05 9.98595E-05 9.98595E-05 9.98595E-05 0.0327792 0.0050202 9.98595E-05 9.98595E-05 9.98595E-05 9.98595E-05 9.98595E-05 0.0354049 9.98595E-05 9.98595E-05 9.98595E-05 9.98595E-05 0.915799 0.00939936 9.98595E-05 9.98595E-05
9.98244E-05 9.98244E-05 9.98244E-05 9.98244E-05 9.98244E-05 9.98244E-05 9.98244E-05 9.98244E-05 9.98244E-05 9.98244E-05 9.98244E-05 0.998004 9.98244E-05 9.98244E-05 9.98244E-05 9.98244E-05 9.98244E-05 9.98244E-05 9.98244E-05 9.98244E-05 9.98244E-05
9.98247E-05 9.98247E-05 9.98247E-05 9.98247E-05 9.98247E-05 9.98247E-05 9.98247E-05 9.98247E-05 9.98247E-05 9.98247E-05 9.98247E-05 9.98247E-05 9.98247E-05 9.98247E-05 9.98247E-05 9.98247E-05 9.98247E-05 0.998004 9.98247E-05 9.98247E-05 9.98247E-05
9.98683E-05 9.98683E-05 9.98683E-05 9.98683E-05 0.0323793 9.98683E-05 9.98683E-05 9.98683E-05 9.98683E-05 9.98683E-05 9.98683E-05 0.588828 0.120068 9.98683E-05 9.98683E-05 9.98683E-05 0.121028 0.0853316 0.0508677 9.98683E-05 9.98683E-05
9.98599E-05 9.98599E-05 9.98599E-05 0.00109032 0.00146854 9.98599E-05 9.98599E-05 0.144977 9.98599E-05 9.98599E-05 9.98599E-05 0.755614 9.98599E-05 9.98599E-05 9.98599E-05 9.98599E-05 9.98599E-05 9.98599E-05 0.095252 9.98599E-05 9.98599E-05
9.99034E-05 9.99034E-05 9.99034E-05 0.100337 0.0944904 9.99034E-05 0.0337597 9.99034E-05 9.99034E-05 0.00132436 0.0212513 0.385799 0.192179 0.124729 9.99034E-05 0.0229031 0.0221279 9.99034E-05 9.99034E-05 9.99034E-05 9.99034E-05
9.98508E-05 9.98508E-05 9.98508E-05 9.98508E-05 9.98508E-05 9.98508E-05 0.0977087 9.98508E-05 9.98508E-05 9.98508E-05 9.98508E-05 0.72485 9.98508E-05 9.98508E-05 9.98508E-05 0.0516567 0.124087 9.98508E-05 9.98508E-05 9.98508E-05 9.98508E-05
9.98422E-05 9.98422E-05 9.98422E-05 9.98422E-05 9.98422E-05 9.98422E-05 9.98422E-05 9.98422E-05 9.98422E-05 9.98422E-05 9.98422E-05 9.98422E-05 9.98422E-05 9.98422E-05 9.98422E-05 9.98422E-05 0.0233821 0.918182 9.98422E-05 0.0566389 9.98422E-05
9.98859E-05 9.98859E-05 0.0213154 0.0304813 9.98859E-05 0.000742674 9.98859E-05 0.019482 9.98859E-05 0.046416 0.124126 0.685737 0.0704012 9.98859E-05 9.98859E-05 9.98859E-05 9.98859E-05 9.98859E-05 9.98859E-05 9.98859E-05 9.98859E-05
9.98422E-05 9.98422E-05 9.98422E-05 9.98422E-05 9.98422E-05 9.98422E-05 9.98422E-05 9.98422E-05 9.98422E-05 0.120898 9.98422E-05 9.98422E-05 0.09359 9.98422E-05 9.98422E-05 9.98422E-05 9.98422E-05 0.783715 9.98422E-05 9.98422E-05 9.98422E-05
9.98685E-05 9.98685E-05 0.0200984 9.98685E-05 9.98685E-05 0.00136404 9.98685E-05 9.98685E-05 9.98685E-05 9.98685E-05 9.98685E-05 9.98685E-05 9.98685E-05 0.137122 0.0475861 9.98685E-05 9.98685E-05 0.731313 0.0610191 9.98685E-05 9.98685E-05
9.98596E-05 0.09031 9.98596E-05 9.98596E-05 9.98596E-05 9.98596E-05 9.98596E-05 9.98596E-05 9.98596E-05 9.98596E-05 0.0501114 9.98596E-05 9.98596E-05 9.98596E-05 9.98596E-05 9.98596E-05 9.98596E-05 0.810097 0.0115645 0.0363194 9.98596E-05
9.98685E-05 9.98685E-05 9.98685E-05 9.98685E-05 0.0471359 9.98685E-05 0.0591604 9.98685E-05 9.98685E-05 9.98685E-05 9.98685E-05 0.207935 0.0307554 9.98685E-05 9.98685E-05 9.98685E-05 9.98685E-05 0.616731 9.98685E-05 0.0367849 9.98685E-05
0.0311437 9.98508E-05 9.98508E-05 9.98508E-05 0.0232643 9.98508E-05 9.98508E-05 9.98508E-05 9.98508E-05 9.98508E-05 9.98508E-05 0.933313 0.0105815 9.98508E-05 9.98508E-05 9.98508E-05 9.98508E-05 9.98508E-05 9.98508E-05 9.98508E-05 9.98508E-05
0.110737 0.0256489 9.9877E-05 0.0497358 0.0117711 0.000801464 9.9877E-05 9.9877E-05 9.9877E-05 9.9877E-05 9.9877E-05 9.9877E-05 0.149794 9.9877E-05 0.650113 9.9877E-05 9.9877E-05 9.9877E-05 9.9877E-05 9.9877E-05 9.9877E-05
9.98597E-05 9.98597E-05 9.98597E-05 9.98597E-05 9.98597E-05 9.98597E-05 0.0707024 9.98597E-05 9.98597E-05 9.98597E-05 9.98597E-05 9.98597E-05 9.98597E-05 9.98597E-05 0.874014 0.024335 0.0261803 9.98597E-05 0.00317041 9.98597E-05 9.98597E-05
9.98421E-05 9.98421E-05 9.98421E-05 9.98421E-05 9.98421E-05 9.98421E-05 9.98421E-05 0.000811991 9.98421E-05 9.98421E-05 9.98421E-05 9.98421E-05 9.98421E-05 9.98421E-05 0.927275 9.98421E-05 9.98421E-05 9.98421E-05 9.98421E-05 0.0701163 9.98421E-05
9.98771E-05 0.247253 9.98771E-05 0.0658792 9.98771E-05 9.98771E-05 9.98771E-05 0.0666496 9.98771E-05 9.98771E-05 9.98771E-05 9.98771E-05 0.0449866 0.272016 0.301709 9.98771E-05 9.98771E-05 9.98771E-05 9.98771E-05 0.000108459 9.98771E-05
9.98857E-05 9.98857E-05 0.0723163 0.105415 0.0822895 0.0146212 9.98857E-05 9.98857E-05 9.98857E-05 9.98857E-05 9.98857E-05 9.98857E-05 9.98857E-05 9.98857E-05 0.451775 9.98857E-05 0.108374 9.98857E-05 0.0849879 0.0789225 9.98857E-05
9.98856E-05 0.00790019 9.98856E-05 0.0485773 0.012103 9.98856E-05 9.98856E-05 9.98856E-05 9.98856E-05 0.0795432 9.98856E-05 9.98856E-05 0.15162 9.98856E-05 0.560687 9.98856E-05 0.125191 9.98856E-05 9.98856E-05 9.98856E-05 0.0130806
9.98594E-05 0.246831 9.98594E-05 9.98594E-05 0.00624661 9.98594E-05 0.151049 9.98594E-05 9.98594E-05 9.98594E-05 9.98594E-05 9.98594E-05 0.0842409 9.98594E-05 0.510035 9.98594E-05 9.98594E-05 9.98594E-05 9.98594E-05 9.98594E-05 9.98594E-05
0.000866934 0.154263 9.99033E-05 0.0532606 0.0198251 9.99033E-05 9.99033E-05 0.0314931 9.99033E-05 9.99033E-05 9.99033E-05 9.99033E-05 0.0616556 0.0263885 0.480115 9.99033E-05 9.99033E-05 9.99033E-05 0.000593618 0.170439 9.99033E-05
9.98332E-05 9.98332E-05 9.98332E-05 9.98332E-05 9.98332E-05 9.98332E-05 9.98332E-05 9.98332E-05 9.98332E-05 9.98332E-05 9.98332E-05 9.98332E-05 9.98332E-05 9.98332E-05 0.983783 0.0143203 9.98332E-05 9.98332E-05 9.98332E-05 9.98332E-05 9.98332E-05
9.9877E-05 9.9877E-05 9.9877E-05 0.000535132 0.0797492 0.0284134 0.0416943 9.9877E-05 9.9877E-05 9.9877E-05 9.9877E-05 9.9877E-05 9.9877E-05 9.9877E-05 0.78321 9.9877E-05 9.9877E-05 9.9877E-05 0.00638182 9.9877E-05 0.0586177
9.98594E-05 9.98594E-05 9.98594E-05 0.0620791 0.170495 9.98594E-05 9.98594E-05 9.98594E-05 9.98594E-05 9.98594E-05 9.98594E-05 9.98594E-05 0.392872 9.98594E-05 0.319451 9.98594E-05 9.98594E-05 9.98594E-05 0.0535047 9.98594E-05 9.98594E-05
9.99122E-05 0.0854732 9.99122E-05 0.0698346 0.0744224 9.99122E-05 0.00215561 0.0182111 9.99122E-05 0.0723778 9.99122E-05 9.99122E-05 0.141712 9.99122E-05 0.208573 9.99122E-05 0.156712 9.99122E-05 0.0447771 9.99122E-05 0.124752
9.98946E-05 0.0783166 0.0423716 0.107257 0.118576 9.98946E-05 9.98946E-05 9.98946E-05 9.98946E-05 9.98946E-05 0.0491492 9.98946E-05 9.98946E-05 0.0672104 0.405173 9.98946E-05 9.98946E-05 9.98946E-05 0.0440271 9.98946E-05 0.0867201
9.98682E-05 0.0982701 9.98682E-05 9.98682E-05 9.98682E-05 9.98682E-05 9.98682E-05 0.0398264 9.98682E-05 9.98682E-05 9.98682E-05 9.98682E-05 0.211931 9.98682E-05 0.439854 9.98682E-05 0.175851 9.98682E-05 0.0327692 9.98682E-05 9.98682E-05
9.98423E-05 9.98423E-05 9.98423E-05 9.98423E-05 9.98423E-05 9.98423E-05 9.98423E-05 9.98423E-05 9.98423E-05 9.98423E-05 0.0620843 9.98423E-05 9.98423E-05 9.98423E-05 0.926041 0.0100776 9.98423E-05 9.98423E-05 9.98423E-05 9.98423E-05 9.98423E-05
9.98508E-05 9.98508E-05 9.98508E-05 0.0461257 0.021811 9.98508E-05 0.0534895 9.98508E-05 9.98508E-05 9.98508E-05 9.98508E-05 9.98508E-05 9.98508E-05 9.98508E-05 0.876876 9.98508E-05 9.98508E-05 9.98508E-05 9.98508E-05 9.98508E-05 9.98508E-05
0.214852 9.98681E-05 9.98681E-05 0.0405987 9.98681E-05 9.98681E-05 9.98681E-05 9.98681E-05 9.98681E-05 9.98681E-05 9.98681E-05 9.98681E-05 0.0102367 0.0349234 0.621511 9.98681E-05 9.98681E-05 9.98681E-05 0.0763799 9.98681E-05 9.98681E-05
9.9877E-05 9.9877E-05 9.9877E-05 0.064364 0.0413408 9.9877E-05 0.0904002 9.9877E-05 9.9877E-05 9.9877E-05 9.9877E-05 9.9877E-05 9.9877E-05 9.9877E-05 0.581557 9.9877E-05 0.160281 9.9877E-05 0.0115634 9.9877E-05 0.0490954
9.98683E-05 9.98683E-05 9.98683E-05 0.0228234 0.0260802 9.98683E-05 9.98683E-05 9.98683E-05 9.98683E-05 9.98683E-05 9.98683E-05 9.98683E-05 0.0665559 9.98683E-05 0.771012 9.98683E-05 9.98683E-05 9.98683E-05 0.00774693 0.104284 9.98683E-05
0.0114311 9.98681E-05 9.98681E-05 9.98681E-05 0.022312 9.98681E-05 9.98681E-05 9.98681E-05 9.98681E-05 9.98681E-05 0.099983 9.98681E-05 0.276207 9.98681E-05 0.580384 9.98681E-05 9.98681E-05 9.98681E-05 9.98681E-05 9.98681E-05 0.00818495
9.98248E-05 9.98248E-05 9.98248E-05 9.98248E-05 9.98248E-05 9.98248E-05 9.98248E-05 9.98248E-05 9.98248E-05 9.98248E-05 9.98248E-05 9.98248E-05 9.98248E-05 9.98248E-05 0.998004 9.98248E-05 9.98248E-05 9.98248E-05 9.98248E-05 9.98248E-05 9.98248E-05
9.98769E-05 0.0671957 9.98769E-05 9.98769E-05 9.98769E-05 9.98769E-05 0.0472934 9.98769E-05 9.98769E-05 9.98769E-05 9.98769E-05 9.98769E-05 0.0155881 0.0659583 0.432874 9.98769E-05 0.272647 9.98769E-05 0.0970458 9.98769E-05 9.98769E-05
9.98596E-05 9.98596E-05 9.98596E-05 9.98596E-05 9.98596E-05 9.98596E-05 9.98596E-05 9.98596E-05 9.98596E-05 0.0603833 9.98596E-05 9.98596E-05 0.0618686 0.194202 0.634269 9.98596E-05 0.0476789 9.98596E-05 9.98596E-05 9.98596E-05 9.98596E-05
9.98683E-05 9.98683E-05 0.024792 0.0610533 9.98683E-05 9.98683E-05 9.98683E-05 9.98683E-05 9.98683E-05 9.98683E-05 9.98683E-05 9.98683E-05 9.98683E-05 9.98683E-05 0.531354 0.0710403 9.98683E-05 9.98683E-05 0.215286 0.0949766 9.98683E-05
9.98418E-05 9.98418E-05 9.98418E-05 9.98418E-05 0.127479 9.98418E-05 9.98418E-05 9.98418E-05 9.98418E-05 9.98418E-05 9.98418E-05 9.98418E-05 9.98418E-05 9.98418E-05 0.701884 9.98418E-05 9.98418E-05 9.98418E-05 9.98418E-05 9.98418E-05 0.16884
9.9851E-05 9.9851E-05 9.9851E-05 0.0201284 9.9851E-05 0.0312537 9.9851E-05 9.9851E-05 9.9851E-05 9.9851E-05 9.9851E-05 9.9851E-05 0.00600511 9.9851E-05 0.940915 9.9851E-05 9.9851E-05 9.9851E-05 9.9851E-05 9.9851E-05 9.9851E-05
0.0866029 9.98422E-05 9.98422E-05 9.98422E-05 9.98422E-05 9.98422E-05 9.98422E-05 9.98422E-05 9.98422E-05 9.98422E-05 9.98422E-05 9.98422E-05 9.98422E-05 9.98422E-05 0.875391 9.98422E-05 9.98422E-05 9.98422E-05 9.98422E-05 9.98422E-05 0.0362085
9.98246E-05 9.98246E-05 9.98246E-05 9.98246E-05 9.98246E-05 9.98246E-05 9.98246E-05 9.98246E-05 9.98246E-05 9.98246E-05 9.98246E-05 9.98246E-05 9.98246E-05 9.98246E-05 0.998004 9.98246E-05 9.98246E-05 9.98246E-05 9.98246E-05 9.98246E-05 9.98246E-05
9.98684E-05 9.98684E-05 9.98684E-05 0.0198293 9.98684E-05 9.98684E-05 9.98684E-05 9.98684E-05 9.98684E-05 9.98684E-05 9.98684E-05 9.98684E-05 0.0371995 9.98684E-05 0.768084 9.98684E-05 9.98684E-05 0.015506 9.98684E-05 0.0964526 0.0614303
9.98511E-05 9.98511E-05 9.98511E-05 0.0782777 9.98511E-05 9.98511E-05 9.98511E-05 9.98511E-05 0.0710813 9.98511E-05 9.98511E-05 9.98511E-05 0.15236 9.98511E-05 0.696583 9.98511E-05 9.98511E-05 9.98511E-05 9.98511E-05 9.98511E-05 9.98511E-05
9.98421E-05 9.98421E-05 9.98421E-05 0.0971448 9.98421E-05 9.98421E-05 9.98421E-05 9.98421E-05 9.98421E-05 9.98421E-05 9.98421E-05 9.98421E-05 0.0979456 0.803113 9.98421E-05 9.98421E-05 9.98421E-05 9.98421E-05 9.98421E-05 9.98421E-05 9.98421E-05
9.98422E-05 9.98422E-05 9.98422E-05 9.98422E-05 9.98422E-05 9.98422E-05 9.98422E-05 9.98422E-05 0.418942 9.98422E-05 9.98422E-05 9.98422E-05 0.0345466 0.544714 9.98422E-05 9.98422E-05 9.98422E-05 9.98422E-05 9.98422E-05 9.98422E-05 9.98422E-05
9.98333E-05 9.98333E-05 9.98333E-05 9.98333E-05 9.98333E-05 9.98333E-05 9.98333E-05 9.98333E-05 9.98333E-05 9.98333E-05 9.98333E-05 9.98333E-05 0.0821896 0.915914 9.98333E-05 9.98333E-05 9.98333E-05 9.98333E-05 9.98333E-05 9.98333E-05 9.98333E-05
9.98507E-05 9.98507E-05 9.98507E-05 9.98507E-05 9.98507E-05 9.98507E-05 9.98507E-05 9.98507E-05 9.98507E-05 9.98507E-05 9.98507E-05 9.98507E-05 0.158167 0.810598 9.98507E-05 0.0125226 9.98507E-05 9.98507E-05 9.98507E-05 0.0170143 9.98507E-05
9.98418E-05 9.98418E-05 9.98418E-05 0.0853274 9.98418E-05 9.98418E-05 9.98418E-05 9.98418E-05 9.98418E-05 9.98418E-05 9.98418E-05 9.98418E-05 9.98418E-05 0.887439 9.98418E-05 9.98418E-05 9.98418E-05 9.98418E-05 9.98418E-05 9.98418E-05 0.0254365
9.98596E-05 0.0753823 9.98596E-05 0.09499 9.98596E-05 9.98596E-05 0.0309742 9.98596E-05 9.98596E-05 9.98596E-05 9.98596E-05 9.98596E-05 0.147773 0.649283 9.98596E-05 9.98596E-05 9.98596E-05 9.98596E-05 9.98596E-05 9.98596E-05 9.98596E-05
9.98684E-05 9.98684E-05 0.0906751 0.070238 0.0149209 9.98684E-05 9.98684E-05 9.98684E-05 9.98684E-05 9.98684E-05 9.98684E-05 9.98684E-05 0.0603897 0.661216 9.98684E-05 9.98684E-05 9.98684E-05 9.98684E-05 9.98684E-05 0.101062 9.98684E-05
9.98421E-05 9.98421E-05 9.98421E-05 0.163196 9.98421E-05 9.98421E-05 9.98421E-05 9.98421E-05 9.98421E-05 9.98421E-05 9.98421E-05 9.98421E-05 0.0156993 0.819307 9.98421E-05 9.98421E-05 9.98421E-05 9.98421E-05 9.98421E-05 9.98421E-05 9.98421E-05
9.98682E-05 0.29208 9.98682E-05 0.290678 9.98682E-05 9.98682E-05 0.0080538 9.98682E-05 9.98682E-05 9.98682E-05 9.98682E-05 9.98682E-05 9.98682E-05 0.317565 9.98682E-05 9.98682E-05 0.0886128 9.98682E-05 9.98682E-05 9.98682E-05 0.00151211
9.98683E-05 9.98683E-05 9.98683E-05 0.200528 9.98683E-05 9.98683E-05 0.0385149 9.98683E-05 9.98683E-05 0.0168863 9.98683E-05 9.98683E-05 0.249824 0.470072 9.98683E-05 9.98683E-05 9.98683E-05 9.98683E-05 9.98683E-05 9.98683E-05 0.0226763
9.98598E-05 0.290922 9.98598E-05 0.0680121 9.98598E-05 9.98598E-05 9.98598E-05 9.98598E-05 0.206025 9.98598E-05 9.98598E-05 9.98598E-05 0.0533203 0.380123 9.98598E-05 9.98598E-05 9.98598E-05 9.98598E-05 9.98598E-05 9.98598E-05 9.98598E-05
9.98509E-05 0.129223 9.98509E-05 9.98509E-05 9.98509E-05 9.98509E-05 9.98509E-05 9.98509E-05 0.0522514 9.98509E-05 9.98509E-05 9.98509E-05 0.0404736 0.776355 9.98509E-05 9.98509E-05 9.98509E-05 9.98509E-05 9.98509E-05 9.98509E-05 9.98509E-05
9.98597E-05 9.98597E-05 9.98597E-05 0.120076 9.98597E-05 9.98597E-05 0.0259941 9.98597E-05 9.98597E-05 9.98597E-05 9.98597E-05 9.98597E-05 9.98597E-05 0.79217 9.98597E-05 9.98597E-05 9.98597E-05 9.98597E-05 9.98597E-05 0.0239073 0.0362553
9.9851E-05 9.9851E-05 9.9851E-05 0.179238 9.9851E-05 9.9851E-05 9.9851E-05 9.9851E-05 0.0166039 9.9851E-05 9.9851E-05 9.9851E-05 0.193613 0.608847 9.9851E-05 9.9851E-05 9.9851E-05 9.9851E-05 9.9851E-05 9.9851E-05 9.9851E-05
9.98684E-05 9.98684E-05 9.98684E-05 0.0713714 9.98684E-05 9.98684E-05 9.98684E-05 9.98684E-05 0.0111593 9.98684E-05 0.015808 9.98684E-05 9.98684E-05 0.747889 9.98684E-05 9.98684E-05 9.98684E-05 9.98684E-05 9.98684E-05 0.105426 0.0468478
0.0629509 0.111739 9.98509E-05 9.98509E-05 9.98509E-05 9.98509E-05 9.98509E-05 9.98509E-05 9.98509E-05 9.98509E-05 9.98509E-05 9.98509E-05 0.130032 0.69358 9.98509E-05 9.98509E-05 9.98509E-05 9.98509E-05 9.98509E-05 9.98509E-05 9.98509E-05
9.98683E-05 0.192564 9.98683E-05 0.00446807 9.98683E-05 0.034939 9.98683E-05 9.98683E-05 0.0598567 9.98683E-05 9.98683E-05 9.98683E-05 0.0890985 0.617576 9.98683E-05 9.98683E-05 9.98683E-05 9.98683E-05 9.98683E-05 9.98683E-05 9.98683E-05
9.98598E-05 9.98598E-05 0.0130863 0.12345 9.98598E-05 9.98598E-05 9.98598E-05 0.00799614 9.98598E-05 9.98598E-05 9.98598E-05 9.98598E-05 9.98598E-05 0.766987 9.98598E-05 9.98598E-05 0.0868825 9.98598E-05 9.98598E-05 9.98598E-05 9.98598E-05
9.98421E-05 0.0421871 9.98421E-05 9.98421E-05 0.0269822 9.98421E-05 9.98421E-05 9.98421E-05 9.98421E-05 9.98421E-05 9.98421E-05 9.98421E-05 9.98421E-05 0.929034 9.98421E-05 9.98421E-05 9.98421E-05 9.98421E-05 9.98421E-05 9.98421E-05 9.98421E-05
9.98859E-05 9.98859E-05 9.98859E-05 0.116175 0.00867736 0.00860063 9.98859E-05 9.98859E-05 0.174951 9.98859E-05 0.0490248 9.98859E-05 0.0804405 0.446766 0.114066 9.98859E-05 9.98859E-05 9.98859E-05 9.98859E-05 9.98859E-05 9.98859E-05
9.98596E-05 0.157391 0.0129378 0.0251327 9.98596E-05 9.98596E-05 9.98596E-05 9.98596E-05 9.98596E-05 9.98596E-05 9.98596E-05 9.98596E-05 0.0830916 0.71985 9.98596E-05 9.98596E-05 9.98596E-05 9.98596E-05 9.98596E-05 9.98596E-05 9.98596E-05
9.9842E-05 9.9842E-05 9.9842E-05 9.9842E-05 9.9842E-05 9.9842E-05 9.9842E-05 9.9842E-05 9.9842E-05 9.9842E-05 9.9842E-05 9.9842E-05 0.0693993 0.849664 9.9842E-05 9.9842E-05 9.9842E-05 9.9842E-05 9.9842E-05 9.9842E-05 0.07914
9.98596E-05 9.98596E-05 9.98596E-05 0.233114 9.98596E-05 0.0824696 9.98596E-05 9.98596E-05 9.98596E-05 9.98596E-05 9.98596E-05 9.98596E-05 0.205459 0.456697 9.98596E-05 9.98596E-05 9.98596E-05 9.98596E-05 0.0206623 9.98596E-05 9.98596E-05
9.98597E-05 9.98597E-05 9.98597E-05 0.0701164 9.98597E-05 9.98597E-05 9.98597E-05 9.98597E-05 0.0396593 0.0321497 9.98597E-05 9.98597E-05 0.062684 0.793793 9.98597E-05 9.98597E-05 9.98597E-05 9.98597E-05 9.98597E-05 9.98597E-05 9.98597E-05
9.98596E-05 0.0525229 9.98596E-05 0.2236 9.98596E-05 0.0439925 9.98596E-05 9.98596E-05 9.98596E-05 9.98596E-05 9.98596E-05 9.98596E-05 0.201828 0.476458 9.98596E-05 9.98596E-05 9.98596E-05 9.98596E-05 9.98596E-05 9.98596E-05 9.98596E-05
9.98772E-05 0.0817994 9.98772E-05 0.139121 9.98772E-05 9.98772E-05 9.98772E-05 9.98772E-05 0.2484 9.98772E-05 0.00010679 9.98772E-05 0.155032 0.366459 9.98772E-05 9.98772E-05 9.98772E-05 9.98772E-05 9.98772E-05 9.98772E-05 0.00768236
0.0141292 9.98684E-05 0.0220631 9.98684E-05 9.98684E-05 9.98684E-05 9.98684E-05 9.98684E-05 0.559969 9.98684E-05 9.98684E-05 9.98684E-05 0.115164 0.170578 9.98684E-05 0.116598 9.98684E-05 9.98684E-05 9.98684E-05 9.98684E-05 9.98684E-05
9.98682E-05 9.98682E-05 9.98682E-05 0.0438013 0.0116396 9.98682E-05 9.98682E-05 9.98682E-05 9.98682E-05 9.98682E-05 9.98682E-05 9.98682E-05 0.0495029 0.774633 9.98682E-05 9.98682E-05 9.98682E-05 9.98682E-05 0.0779802 9.98682E-05 0.0409448
9.98509E-05 0.0262761 9.98509E-05 0.266772 9.98509E-05 9.98509E-05 9.98509E-05 9.98509E-05 9.98509E-05 9.98509E-05 9.98509E-05 9.98509E-05 0.185622 0.519633 9.98509E-05 9.98509E-05 9.98509E-05 9.98509E-05 9.98509E-05 9.98509E-05 9.98509E-05
9.9851E-05 9.9851E-05 9.9851E-05 9.9851E-05 0.0567708 0.075593 9.9851E-05 9.9851E-05 9.9851E-05 9.9851E-05 9.9851E-05 9.9851E-05 0.123315 0.742623 9.9851E-05 9.9851E-05 9.9851E-05 9.9851E-05 9.9851E-05 9.9851E-05 9.9851E-05
9.98598E-05 9.98598E-05 9.98598E-05 0.0268598 0.021329 9.98598E-05 9.98598E-05 9.98598E-05 9.98598E-05 9.98598E-05 0.00785241 9.98598E-05 0.198199 0.744162 9.98598E-05 9.98598E-05 9.98598E-05 9.98598E-05 9.98598E-05 9.98598E-05 9.98598E-05
9.98421E-05 9.98421E-05 9.98421E-05 9.98421E-05 9.98421E-05 9.98421E-05 9.98421E-05 9.98421E-05 9.98421E-05 9.98421E-05 0.0322282 9.98421E-05 0.000169727 0.965805 9.98421E-05 9.98421E-05 9.98421E-05 9.98421E-05 9.98421E-05 9.98421E-05 9.98421E-05
9.98683E-05 9.98683E-05 0.00297489 0.292 9.98683E-05 0.168503 9.98683E-05 9.98683E-05 9.98683E-05 9.98683E-05 9.98683E-05 9.98683E-05 0.0647236 0.462994 9.98683E-05 0.00730686 9.98683E-05 9.98683E-05 9.98683E-05 9.98683E-05 9.98683E-05
9.98507E-05 9.98507E-05 9.98507E-05 9.98507E-05 9.98507E-05 9.98507E-05 9.98507E-05 9.98507E-05 9.98507E-05 0.0205226 9.98507E-05 9.98507E-05 0.0916639 0.776133 9.98507E-05 9.98507E-05 0.109983 9.98507E-05 9.98507E-05 9.98507E-05 9.98507E-05
9.98334E-05 9.98334E-05 9.98334E-05 9.98334E-05 9.98334E-05 9.98334E-05 9.98334E-05 9.98334E-05 9.98334E-05 9.98334E-05 9.98334E-05 9.98334E-05 0.0845851 0.913518 9.98334E-05 9.98334E-05 9.98334E-05 9.98334E-05 9.98334E-05 9.98334E-05 9.98334E-05
9.98859E-05 0.0722773 9.98859E-05 0.0639931 0.0382302 9.98859E-05 0.026356 9.98859E-05 0.043289 9.98859E-05 9.98859E-05 9.98859E-05 9.98859E-05 0.725993 9.98859E-05 9.98859E-05 0.00544844 9.98859E-05 9.98859E-05 9.98859E-05 0.0231142
9.98506E-05 9.98506E-05 9.98506E-05 0.0347912 9.98506E-05 9.98506E-05 9.98506E-05 9.98506E-05 9.98506E-05 9.98506E-05 9.98506E-05 9.98506E-05 0.187989 0.723485 9.98506E-05 9.98506E-05 9.98506E-05 9.98506E-05 9.98506E-05 9.98506E-05 0.052037
9.98683E-05 9.98683E-05 0.0379041 0.0466151 9.98683E-05 9.98683E-05 9.98683E-05 9.98683E-05 0.474775 9.98683E-05 0.001684 9.98683E-05 9.98683E-05 0.434112 9.98683E-05 9.98683E-05 9.98683E-05 9.98683E-05 9.98683E-05 0.00341201 9.98683E-05
9.98685E-05 9.98685E-05 9.98685E-05 0.00373851 0.00343884 9.98685E-05 9.98685E-05 9.98685E-05 0.127231 9.98685E-05 9.98685E-05 9.98685E-05 0.0927708 0.767829 9.98685E-05 9.98685E-05 9.98685E-05 9.98685E-05 9.98685E-05 0.0034941 9.98685E-05
9.98424E-05 9.98424E-05 9.98424E-05 0.00266183 9.98424E-05 9.98424E-05 9.98424E-05 9.98424E-05 0.213578 9.98424E-05 9.98424E-05 9.98424E-05 9.98424E-05 0.781963 9.98424E-05 9.98424E-05 9.98424E-05 9.98424E-05 9.98424E-05 9.98424E-05 9.98424E-05
9.98685E-05 0.00956404 9.98685E-05 0.0213848 9.98685E-05 9.98685E-05 9.98685E-05 0.0235821 0.419134 9.98685E-05 9.98685E-05 9.98685E-05 9.98685E-05 0.486592 9.98685E-05 9.98685E-05 9.98685E-05 9.98685E-05 9.98685E-05 0.0382445 9.98685E-05
9.98508E-05 0.117857 9.98508E-05 0.0920583 9.98508E-05 9.98508E-05 9.98508E-05 9.98508E-05 9.98508E-05 9.98508E-05 9.98508E-05 9.98508E-05 0.279936 0.508451 9.98508E-05 9.98508E-05 9.98508E-05 9.98508E-05 9.98508E-05 9.98508E-05 9.98508E-05
9.98508E-05 9.98508E-05 9.98508E-05 0.0944476 9.98508E-05 9.98508E-05 9.98508E-05 9.98508E-05 9.98508E-05 0.109158 9.98508E-05 9.98508E-05 9.98508E-05 0.744707 9.98508E-05 9.98508E-05 0.0499901 9.98508E-05 9.98508E-05 9.98508E-05 9.98508E-05
9.98685E-05 9.98685E-05 9.98685E-05 0.146445 9.98685E-05 0.026591 9.98685E-05 9.98685E-05 0.597252 9.98685E-05 9.98685E-05 9.98685E-05 0.0842867 0.140811 9.98685E-05 0.00311641 9.98685E-05 9.98685E-05 9.98685E-05 9.98685E-05 9.98685E-05
9.98596E-05 9.98596E-05 9.98596E-05 9.98596E-05 0.0300988 9.98596E-05 9.98596E-05 9.98596E-05 0.490384 9.98596E-05 9.98596E-05 9.98596E-05 0.0898935 0.382979 9.98596E-05 9.98596E-05 9.98596E-05 0.00504744 9.98596E-05 9.98596E-05 9.98596E-05
0.0083945 0.151653 9.98946E-05 0.200144 9.98946E-05 0.0550534 9.98946E-05 0.00592365 9.98946E-05 9.98946E-05 9.98946E-05 9.98946E-05 0.0085835 0.482856 9.98946E-05 9.98946E-05 0.0478658 9.98946E-05 9.98946E-05 0.038327 9.98946E-05
9.98684E-05 9.98684E-05 9.98684E-05 0.0796305 9.98684E-05 9.98684E-05 9.98684E-05 0.00209358 9.98684E-05 9.98684E-05 9.98684E-05 9.98684E-05 0.0759962 0.546746 0.242366 9.98684E-05 9.98684E-05 9.98684E-05 9.98684E-05 9.98684E-05 0.0516697
9.98773E-05 0.136786 9.98773E-05 0.121718 9.98773E-05 9.98773E-05 9.98773E-05 9.98773E-05 9.98773E-05 9.98773E-05 9.98773E-05 9.98773E-05 0.03445 0.485618 9.98773E-05 0.103556 0.0484085 9.98773E-05 9.98773E-05 9.98773E-05 0.068065
9.98684E-05 9.98684E-05 9.98684E-05 0.254016 0.00783629 0.02614 9.98684E-05 9.98684E-05 9.98684E-05 9.98684E-05 9.98684E-05 9.98684E-05 0.184077 0.409449 9.98684E-05 9.98684E-05 0.116984 9.98684E-05 9.98684E-05 9.98684E-05 9.98684E-05
9.98421E-05 9.98421E-05 9.98421E-05 9.98421E-05 9.98421E-05 9.98421E-05 9.98421E-05 9.98421E-05 0.447122 9.98421E-05 9.98421E-05 9.98421E-05 0.00546946 0.545611 9.98421E-05 9.98421E-05 9.98421E-05 9.98421E-05 9.98421E-05 9.98421E-05 9.98421E-05
9.98507E-05 9.98507E-05 9.98507E-05 9.98507E-05 9.98507E-05 9.98507E-05 0.159605 0.0699201 9.98507E-05 9.98507E-05 9.98507E-05 9.98507E-05 0.120435 0.648342 9.98507E-05 9.98507E-05 9.98507E-05 9.98507E-05 9.98507E-05 9.98507E-05 9.98507E-05
0.00227446 9.98684E-05 9.98684E-05 0.124627 0.0226579 9.98684E-05 9.98684E-05 9.98684E-05 0.524847 0.0133813 9.98684E-05 9.98684E-05 9.98684E-05 0.310714 9.98684E-05 9.98684E-05 9.98684E-05 9.98684E-05 9.98684E-05 9.98684E-05 9.98684E-05
9.9886E-05 9.9886E-05 0.0630408 0.0530974 0.0321661 9.9886E-05 9.9886E-05 9.9886E-05 0.168016 9.9886E-05 9.9886E-05 9.9886E-05 0.0665463 0.569852 9.9886E-05 9.9886E-05 9.9886E-05 9.9886E-05 9.9886E-05 0.00734691 0.0386354
9.98508E-05 0.0173074 9.98508E-05 0.0373963 9.98508E-05 9.98508E-05 9.98508E-05 9.98508E-05 9.98508E-05 9.98508E-05 0.0504957 9.98508E-05 9.98508E-05 0.893103 9.98508E-05 9.98508E-05 9.98508E-05 9.98508E-05 9.98508E-05 9.98508E-05 9.98508E-05
9.98419E-05 9.98419E-05 9.98419E-05 9.98419E-05 0.00607763 9.98419E-05 0.0768305 9.98419E-05 9.98419E-05 9.98419E-05 9.98419E-05 9.98419E-05 9.98419E-05 0.915295 9.98419E-05 9.98419E-05 9.98419E-05 9.98419E-05 9.98419E-05 9.98419E-05 9.98419E-05
9.98508E-05 0.149279 9.98508E-05 0.170291 9.98508E-05 9.98508E-05 9.98508E-05 9.98508E-05 9.98508E-05 9.98508E-05 9.98508E-05 9.98508E-05 0.115935 0.562798 9.98508E-05 9.98508E-05 9.98508E-05 9.98508E-05 9.98508E-05 9.98508E-05 9.98508E-05
9.98419E-05 9.98419E-05 9.98419E-05 0.108612 9.98419E-05 9.98419E-05 9.98419E-05 9.98419E-05 9.98419E-05 9.98419E-05 9.98419E-05 9.98419E-05 0.0571161 0.832475 9.98419E-05 9.98419E-05 9.98419E-05 9.98419E-05 9.98419E-05 9.98419E-05 9.98419E-05
9.98507E-05 9.98507E-05 9.98507E-05 0.0250473 0.00808546 9.98507E-05 9.98507E-05 9.98507E-05 9.98507E-05 9.98507E-05 0.0134118 9.98507E-05 9.98507E-05 0.951758 9.98507E-05 9.98507E-05 9.98507E-05 9.98507E-05 9.98507E-05 9.98507E-05 9.98507E-05
9.98597E-05 9.98597E-05 9.98597E-05 9.98597E-05 9.98597E-05 0.142635 0.0179019 9.98597E-05 0.0469267 9.98597E-05 9.98597E-05 9.98597E-05 0.0584779 0.732461 9.98597E-05 9.98597E-05 9.98597E-05 9.98597E-05 9.98597E-05 9.98597E-05 9.98597E-05
9.98597E-05 0.112021 9.98597E-05 0.124083 9.98597E-05 9.98597E-05 9.98597E-05 9.98597E-05 0.0436074 9.98597E-05 9.98597E-05 9.98597E-05 0.0139562 0.704734 9.98597E-05 9.98597E-05 9.98597E-05 9.98597E-05 9.98597E-05 9.98597E-05 9.98597E-05
9.98242E-05 9.98242E-05 9.98242E-05 9.98242E-05 9.98242E-05 9.98242E-05 9.98242E-05 9.98242E-05 9.98242E-05 9.98242E-05 9.98242E-05 9.98242E-05 0.998004 9.98242E-05 9.98242E-05 9.98242E-05 9.98242E-05 9.98242E-05 9.98242E-05 9.98242E-05 9.98242E-05
9.98242E-05 9.98242E-05 9.98242E-05 0.998004 9.98242E-05 9.98242E-05 9.98242E-05 9.98242E-05 9.98242E-05 9.98242E-05 9.98242E-05 9.98242E-05 9.98242E-05 9.98242E-05 9.98242E-05 9.98242E-05 9.98242E-05 9.98242E-05 9.98242E-05 9.98242E-05 9.98242E-05
9.98241E-05 9.98241E-05 9.98241E-05 9.98241E-05 9.98241E-05 9.98241E-05 9.98241E-05 9.98241E-05 9.98241E-05 9.98241E-05 9.98241E-05 9.98241E-05 0.998004 9.98241E-05 9.98241E-05 9.98241E-05 9.98241E-05 9.98241E-05 9.98241E-05 9.98241E-05 9.98241E-05
9.98242E-05 9.98242E-05 9.98242E-05 0.998004 9.98242E-05 9.98242E-05 9.98242E-05 9.98242E-05 9.98242E-05 9.98242E-05 9.98242E-05 9.98242E-05 9.98242E-05 9.98242E-05 9.98242E-05 9.98242E-05 9.98242E-05 9.98242E-05 9.98242E-05 9.98242E-05 9.98242E-05
9.98243E-05 9.98243E-05 9.98243E-05 0.998004 9.98243E-05 9.98243E-05 9.98243E-05 9.98243E-05 9.98243E-05 9.98243E-05 9.98243E-05 9.98243E-05 9.98243E-05 9.98243E-05 9.98243E-05 9.98243E-05 9.98243E-05 9.98243E-05 9.98243E-05 9.98243E-05 9.98243E-05
9.98242E-05 9.98242E-05 9.98242E-05 0.998004 9.98242E-05 9.98242E-05 9.98242E-05 9.98242E-05 9.98242E-05 9.98242E-05 9.98242E-05 9.98242E-05 9.98242E-05 9.98242E-05 9.98242E-05 9.98242E-05 9.98242E-05 9.98242E-05 9.98242E-05 9.98242E-05 9.98242E-05
9.98242E-05 9.98242E-05 9.98242E-05 9.98242E-05 9.98242E-05 9.98242E-05 9.98242E-05 9.98242E-05 9.98242E-05 9.98242E-05 9.98242E-05 9.98242E-05 0.998004 9.98242E-05 9.98242E-05 9.98242E-05 9.98242E-05 9.98242E-05 9.98242E-05 9.98242E-05 9.98242E-05
9.98242E-05 9.98242E-05 9.98242E-05 0.998004 9.98242E-05 9.98242E-05 9.98242E-05 9.98242E-05 9.98242E-05 9.98242E-05 9.98242E-05 9.98242E-05 9.98242E-05 9.98242E-05 9.98242E-05 9.98242E-05 9.98242E-05 9.98242E-05 9.98242E-05 9.98242E-05 9.98242E-05
9.98242E-05 9.98242E-05 9.98242E-05 0.998004 9.98242E-05 9.98242E-05 9.98242E-05 9.98242E-05 9.98242E-05 9.98242E-05 9.98242E-05 9.98242E-05 9.98242E-05 9.98242E-05 9.98242E-05 9.98242E-05 9.98242E-05 9.98242E-05 9.98242E-05 9.98242E-05 9.98242E-05
9.98242E-05 9.98242E-05 9.98242E-05 9.98242E-05 9.98242E-05 9.98242E-05 9.98242E-05 9.98242E-05 9.98242E-05 9.98242E-05 9.98242E-05 9.98242E-05 0.998004 9.98242E-05 9.98242E-05 9.98242E-05 9.98242E-05 9.98242E-05 9.98242E-05 9.98242E-05 9.98242E-05
9.98242E-05 9.98242E-05 9.98242E-05 9.98242E-05 9.98242E-05 9.98242E-05 9.98242E-05 9.98242E-05 9.98242E-05 9.98242E-05 9.98242E-05 9.98242E-05 0.998004 9.98242E-05 9.98242E-05 9.98242E-05 9.98242E-05 9.98242E-05 9.98242E-05 9.98242E-05 9.98242E-05
9.98243E-05 9.98243E-05 9.98243E-05 9.98243E-05 9.98243E-05 9.98243E-05 9.98243E-05 9.98243E-05 9.98243E-05 9.98243E-05 9.98243E-05 9.98243E-05 0.998004 9.98243E-05 9.98243E-05 9.98243E-05 9.98243E-05 9.98243E-05 9.98243E-05 9.98243E-05 9.98243E-05
9.98242E-05 9.98242E-05 9.98242E-05 0.998004 9.98242E-05 9.98242E-05 9.98242E-05 9.98242E-05 9.98242E-05 9.98242E-05 9.98242E-05 9.98242E-05 9.98242E-05 9.98242E-05 9.98242E-05 9.98242E-05 9.98242E-05 9.98242E-05 9.98242E-05 9.98242E-05 9.98242E-05
9.98242E-05 9.98242E-05 9.98242E-05 0.998004 9.98242E-05 9.98242E-05 9.98242E-05 9.98242E-05 9.98242E-05 9.98242E-05 9.98242E-05 9.98242E-05 9.98242E-05 9.98242E-05 9.98242E-05 9.98242E-05 9.98242E-05 9.98242E-05 9.98242E-05 9.98242E-05 9.98242E-05
9.98243E-05 9.98243E-05 9.98243E-05 9.98243E-05 9.98243E-05 9.98243E-05 9.98243E-05 9.98243E-05 9.98243E-05 9.98243E-05 9.98243E-05 9.98243E-05 0.998004 9.98243E-05 9.98243E-05 9.98243E-05 9.98243E-05 9.98243E-05 9.98243E-05 9.98243E-05 9.98243E-05
9.98242E-05 9.98242E-05 9.98242E-05 9.98242E-05 9.98242E-05 9.98242E-05 9.98242E-05 9.98242E-05 9.98242E-05 9.98242E-05 9.98242E-05 9.98242E-05 0.998004 9.98242E-05 9.98242E-05 9.98242E-05 9.98242E-05 9.98242E-05 9.98242E-05 9.98242E-05 9.98242E-05
9.98682E-05 9.98682E-05 9.98682E-05 0.0540162 9.98682E-05 9.98682E-05 9.98682E-05 0.0672066 9.98682E-05 9.98682E-05 9.98682E-05 9.98682E-05 0.103906 0.579456 9.98682E-05 0.0307269 9.98682E-05 9.98682E-05 0.16319 9.98682E-05 9.98682E-05
9.98243E-05 9.98243E-05 9.98243E-05 9.98243E-05 9.98243E-05 9.98243E-05 9.98243E-05 9.98243E-05 9.98243E-05 9.98243E-05 9.98243E-05 9.98243E-05 0.998004 9.98243E-05 9.98243E-05 9.98243E-05 9.98243E-05 9.98243E-05 9.98243E-05 9.98243E-05 9.98243E-05
