0.186899 0.566301 9.99736E-05 0.0481006 0.170534 9.99736E-05 0.0278659 9.99736E-05
0.146527 0.793726 9.99649E-05 9.99649E-05 0.0059334 9.99649E-05 9.99649E-05 0.0534147
9.99473E-05 0.993317 0.00608345 9.99473E-05 9.99473E-05 9.99473E-05 9.99473E-05 9.99473E-05
9.99824E-05 0.294292 0.236601 0.0414533 0.0780286 0.272062 9.99824E-05 0.0773637
9.99561E-05 0.833539 9.99561E-05 0.012218 9.99561E-05 0.153743 9.99561E-05 9.99561E-05
0.103625 0.338596 0.0632139 0.169426 9.99824E-05 0.314622 9.99824E-05 0.0103173
0.195242 0.376066 9.99649E-05 9.99649E-05 0.10038 0.327912 9.99649E-05 9.99649E-05
0.0103272 0.331212 9.99824E-05 0.192086 0.0334561 0.401439 0.0312794 9.99824E-05
0.039969 0.381069 0.19284 0.246534 9.99824E-05 0.0401092 9.99824E-05 0.0992788
9.994E-05 0.9993 9.994E-05 9.994E-05 9.994E-05 9.994E-05 9.994E-05 9.994E-05
9.99824E-05 0.700505 0.0606002 0.0400101 0.106833 9.99824E-05 0.0270243 0.0648277
9.99649E-05 0.920699 9.99649E-05 9.99649E-05 0.021936 0.0541085 9.99649E-05 0.0028562
9.99561E-05 0.917436 0.0808906 0.00117407 9.99561E-05 9.99561E-05 9.99561E-05 9.99561E-05
9.99737E-05 0.708264 0.210069 9.99737E-05 0.0611766 0.00620408 9.99737E-05 0.0139869
0.0265458 0.421965 0.340653 0.173679 9.99824E-05 0.012405 9.99824E-05 0.0245524
0.00295722 0.318788 0.118844 0.227461 9.99824E-05 0.326111 0.00563879 9.99824E-05
0.0720113 0.661832 0.0798877 9.99737E-05 0.0745144 0.111455 9.99737E-05 9.99737E-05
9.99824E-05 0.428888 0.125578 0.0974818 0.0314988 9.99824E-05 0.195799 0.120554
9.99736E-05 0.511842 9.99736E-05 0.245292 9.99736E-05 0.00926861 0.0873581 0.145939
9.994E-05 0.9993 9.994E-05 9.994E-05 9.994E-05 9.994E-05 9.994E-05 9.994E-05
9.99736E-05 0.566913 0.0331216 0.118417 0.110573 0.170677 9.99736E-05 9.99736E-05
0.0252789 0.425155 9.99737E-05 0.204319 9.99737E-05 0.286703 0.0582441 9.99737E-05
0.0523891 0.788522 0.120096 9.99649E-05 0.0385931 9.99649E-05 9.99649E-05 9.99649E-05
9.99736E-05 0.548449 0.111086 0.0513601 9.99736E-05 0.275319 0.0134855 9.99736E-05
9.99648E-05 0.314951 0.400276 0.127364 9.99648E-05 9.99648E-05 9.99648E-05 0.157009
9.99649E-05 0.707648 0.15047 0.0422057 9.99649E-05 0.0992763 9.99649E-05 9.99649E-05
0.0174831 0.158049 0.490853 0.00472621 9.99912E-05 0.190502 0.102275 0.0360119
9.99561E-05 0.866755 0.0838058 9.99561E-05 9.99561E-05 0.0489395 9.99561E-05 9.99561E-05
9.99649E-05 0.769822 0.165842 0.0142362 9.99649E-05 9.99649E-05 9.99649E-05 0.0496995
9.99561E-05 0.821316 0.174711 0.00347247 9.99561E-05 9.99561E-05 9.99561E-05 9.99561E-05
9.99736E-05 0.775422 9.99736E-05 0.0450995 0.129084 9.99736E-05 0.0357812 0.0143135
9.99824E-05 0.631362 0.285032 0.000589799 0.0485167 0.0326261 9.99824E-05 0.00167349
9.99736E-05 0.65895 0.176454 9.99736E-05 0.115033 0.0186179 9.99736E-05 0.0306446
9.99736E-05 0.591081 0.311538 9.99736E-05 0.0115475 0.0378083 0.0477251 9.99736E-05
0.037282 0.887226 9.99649E-05 9.99649E-05 0.0259145 9.99649E-05 9.99649E-05 0.0491772
0.0618826 0.864422 9.99737E-05 0.0168582 0.013119 9.99737E-05 9.99737E-05 0.0434182
9.99561E-05 0.807453 9.99561E-05 9.99561E-05 0.0406513 0.151396 9.99561E-05 9.99561E-05
0.0143937 0.724556 9.99649E-05 0.18135 9.99649E-05 9.99649E-05 9.99649E-05 0.0793007
0.108494 0.510921 0.305151 0.0306763 0.021901 0.0226572 9.99825E-05 9.99825E-05
9.99649E-05 0.594033 0.278466 9.99649E-05 0.0288489 0.0982519 9.99649E-05 9.99649E-05
9.99562E-05 0.865096 9.99562E-05 9.99562E-05 0.0113788 0.123026 9.99562E-05 9.99562E-05
0.0698151 0.753428 0.086799 0.0698884 9.99737E-05 9.99737E-05 0.0197692 9.99737E-05
0.0838521 0.915548 9.99473E-05 9.99473E-05 9.99473E-05 9.99473E-05 9.99473E-05 9.99473E-05
0.118919 0.529789 0.067537 0.150945 0.0689993 9.99912E-05 0.0188296 0.0448812
9.99736E-05 0.463096 0.131832 9.99736E-05 0.0909732 0.282398 9.99736E-05 0.0314012
9.99736E-05 0.903866 0.0021929 9.99736E-05 0.0409448 9.99736E-05 0.00752485 0.0451717
9.99649E-05 0.920423 9.99649E-05 0.040909 0.00705995 9.99649E-05 0.0312084 9.99649E-05
9.99474E-05 0.998876 9.99474E-05 9.99474E-05 9.99474E-05 9.99474E-05 9.99474E-05 0.000524484
9.99648E-05 0.772327 0.110779 9.99648E-05 0.0548364 0.0616583 9.99648E-05 9.99648E-05
9.99825E-05 0.814528 9.99825E-05 0.0204866 0.0427924 0.0373359 0.029851 0.0548057
9.99824E-05 0.367073 0.374735 0.0520006 0.119958 0.0833657 9.99824E-05 0.00266814
9.99561E-05 0.695456 9.99561E-05 0.0219914 9.99561E-05 0.282052 9.99561E-05 9.99561E-05
9.99649E-05 0.856521 0.10862 0.00416883 9.99649E-05 9.99649E-05 0.03029 9.99649E-05
9.99825E-05 0.628018 0.00567058 9.99825E-05 0.0351801 0.210782 0.0728973 0.0472513
0.0507342 0.806349 0.0202717 9.99825E-05 9.99825E-05 0.0815496 0.000924383 0.0399706
9.99649E-05 0.810459 0.0829213 9.99649E-05 0.0287005 9.99649E-05 9.99649E-05 0.0775192
0.015147 0.862372 9.99649E-05 9.99649E-05 9.99649E-05 0.0544383 0.0676431 9.99649E-05
9.99561E-05 0.888662 0.010946 9.99561E-05 0.0998921 9.99561E-05 9.99561E-05 9.99561E-05
9.99561E-05 0.969553 9.99561E-05 0.00618861 0.0237584 9.99561E-05 9.99561E-05 9.99561E-05
0.35517 0.109899 0.34257 0.0276984 0.0480685 9.99824E-05 0.116394 9.99824E-05
0.370336 0.386082 9.99649E-05 9.99649E-05 9.99649E-05 0.238806 0.00437618 9.99649E-05
0.322266 0.357073 0.00545061 0.0245837 9.99737E-05 9.99737E-05 0.290326 9.99737E-05
0.519178 9.99649E-05 0.293549 0.110433 9.99649E-05 9.99649E-05 0.0764408 9.99649E-05
0.262857 0.182566 9.99912E-05 0.144832 0.0127852 0.212805 0.11941 0.0646458
0.358042 0.00248625 0.407036 0.0528483 0.0998454 9.99824E-05 0.0795424 9.99824E-05
0.513366 0.071143 0.100734 0.113606 0.114483 9.99824E-05 0.0864675 9.99824E-05
0.350396 9.99824E-05 0.307041 0.10651 0.0305252 0.0138168 0.191511 9.99824E-05
0.458016 0.191991 0.19359 9.99649E-05 9.99649E-05 9.99649E-05 0.156003 9.99649E-05
0.251074 0.363331 0.0910311 0.0802906 0.0943845 0.0665644 0.0532242 9.99912E-05
0.277495 9.99736E-05 0.319619 0.0956588 0.21682 9.99736E-05 0.0901073 9.99736E-05
0.361766 0.0525249 0.0775519 0.0434482 0.101352 0.323788 0.0394688 9.99912E-05
0.275248 0.0140169 0.0337601 0.170504 0.147749 0.358522 9.99824E-05 9.99824E-05
0.374996 0.0598016 0.278291 0.0207694 9.99736E-05 0.265843 9.99736E-05 9.99736E-05
0.349046 0.32745 0.18235 9.99825E-05 0.0566379 0.052734 0.0315826 9.99825E-05
0.456356 0.286536 0.104317 0.0660118 0.059777 9.99825E-05 0.0268015 9.99825E-05
0.28124 9.99649E-05 0.28377 9.99649E-05 9.99649E-05 0.213234 0.221356 9.99649E-05
0.245282 0.167953 9.99824E-05 0.108673 0.18408 0.264836 0.028976 9.99824E-05
0.263243 0.269763 0.14111 0.0113954 0.182012 9.99824E-05 0.132276 9.99824E-05
0.30978 9.99824E-05 0.344056 9.99824E-05 0.0447599 0.159456 0.0900288 0.0517194
0.341535 0.368489 0.175005 9.99737E-05 9.99737E-05 0.0688737 0.0457976 9.99737E-05
0.403959 0.116513 0.198976 0.0215918 0.0120961 0.242477 0.00428749 9.99912E-05
0.322672 0.138584 0.427787 9.99737E-05 0.0814901 9.99737E-05 0.0291667 9.99737E-05
0.0972863 0.181219 0.203745 0.0885562 9.99825E-05 0.343341 0.0856526 9.99825E-05
0.0044097 0.302263 0.288259 0.0673018 0.28194 0.055627 9.99824E-05 9.99824E-05
0.351568 0.409757 0.146134 0.0266943 9.99737E-05 9.99737E-05 9.99737E-05 0.0655466
0.292584 0.37085 0.145868 9.99737E-05 9.99737E-05 0.0235022 0.166896 9.99737E-05
0.48974 0.302241 0.0683595 9.99825E-05 9.99825E-05 0.0812654 0.0458092 0.0123848
0.14573 0.363944 0.125492 0.0774317 9.99737E-05 9.99737E-05 0.287102 9.99737E-05
0.207161 0.212778 0.503571 0.0760901 9.9965E-05 9.9965E-05 9.9965E-05 9.9965E-05
9.99473E-05 9.99473E-05 0.824184 0.175217 9.99473E-05 9.99473E-05 9.99473E-05 9.99473E-05
9.99475E-05 9.99475E-05 0.919518 0.0798818 9.99475E-05 9.99475E-05 9.99475E-05 9.99475E-05
9.99649E-05 9.99649E-05 0.929904 9.99649E-05 0.0161054 0.035879 0.0177113 9.99649E-05
9.9956E-05 9.9956E-05 0.797867 0.0889697 0.112663 9.9956E-05 9.9956E-05 9.9956E-05
9.99736E-05 9.99736E-05 0.73948 0.206988 0.00580532 9.99736E-05 0.0230755 0.0243511
0.0262124 9.99561E-05 0.768856 0.204432 9.99561E-05 9.99561E-05 9.99561E-05 9.99561E-05
9.99649E-05 9.99649E-05 0.859058 0.0846955 0.0550634 9.99649E-05 0.000782752 9.99649E-05
9.99473E-05 9.99473E-05 0.734489 0.264911 9.99473E-05 9.99473E-05 9.99473E-05 9.99473E-05
0.266501 9.99648E-05 0.345558 0.359429 0.0281116 9.99648E-05 9.99648E-05 9.99648E-05
9.99473E-05 9.99473E-05 0.769571 0.22983 9.99473E-05 9.99473E-05 9.99473E-05 9.99473E-05
0.240358 9.99562E-05 0.716419 0.0427236 9.99562E-05 9.99562E-05 9.99562E-05 9.99562E-05
0.0440635 9.99649E-05 0.906508 0.0110145 0.0380139 9.99649E-05 9.99649E-05 9.99649E-05
9.99562E-05 9.99562E-05 0.879719 0.109019 0.0107626 9.99562E-05 9.99562E-05 9.99562E-05
9.99473E-05 9.99473E-05 0.86248 0.13692 9.99473E-05 9.99473E-05 9.99473E-05 9.99473E-05
9.99649E-05 9.99649E-05 0.719081 0.117975 0.0238708 9.99649E-05 0.138674 9.99649E-05
0.0117634 9.99649E-05 0.839775 0.0824717 0.06559 9.99649E-05 9.99649E-05 9.99649E-05
0.130191 9.99649E-05 0.765022 0.0493136 9.99649E-05 9.99649E-05 9.99649E-05 0.0550733
9.99649E-05 9.99649E-05 0.689834 0.171597 0.0518524 0.0863171 9.99649E-05 9.99649E-05
0.0344113 9.99649E-05 0.856228 0.0109458 0.0980151 9.99649E-05 9.99649E-05 9.99649E-05
9.99649E-05 9.99649E-05 0.817534 0.056208 0.02224 9.99649E-05 9.99649E-05 0.103618
0.0325896 9.99649E-05 0.789877 0.0698946 9.99649E-05 0.107239 9.99649E-05 9.99649E-05
9.99648E-05 9.99648E-05 0.838873 0.104035 0.0560686 9.99648E-05 0.000623153 9.99648E-05
0.0254692 9.99648E-05 0.601042 0.289857 9.99648E-05 9.99648E-05 9.99648E-05 0.0832313
9.99473E-05 9.99473E-05 0.758188 0.241212 9.99473E-05 9.99473E-05 9.99473E-05 9.99473E-05
0.0290469 9.99648E-05 0.596956 0.289468 9.99648E-05 9.99648E-05 9.99648E-05 0.0841284
0.0508527 9.99562E-05 0.7506 0.198048 9.99562E-05 9.99562E-05 9.99562E-05 9.99562E-05
9.99475E-05 0.0796528 0.919747 9.99475E-05 9.99475E-05 9.99475E-05 9.99475E-05 9.99475E-05
9.9956E-05 9.9956E-05 0.856817 0.136663 9.9956E-05 0.00602042 9.9956E-05 9.9956E-05
9.99474E-05 9.99474E-05 0.598254 0.401146 9.99474E-05 9.99474E-05 9.99474E-05 9.99474E-05
9.99649E-05 9.99649E-05 0.904787 0.0176562 0.0518811 9.99649E-05 9.99649E-05 0.0252756
9.99561E-05 9.99561E-05 0.826526 0.117022 0.0559517 9.99561E-05 9.99561E-05 9.99561E-05
9.994E-05 9.994E-05 0.9993 9.994E-05 9.994E-05 9.994E-05 9.994E-05 9.994E-05
9.9956E-05 9.9956E-05 0.4473 0.344305 9.9956E-05 9.9956E-05 9.9956E-05 0.207895
9.99561E-05 9.99561E-05 0.818201 0.140213 9.99561E-05 9.99561E-05 9.99561E-05 0.041086
9.99473E-05 9.99473E-05 0.986951 0.0124489 9.99473E-05 9.99473E-05 9.99473E-05 9.99473E-05
0.0188075 9.99737E-05 0.797785 0.103968 0.0699444 0.00919571 9.99737E-05 9.99737E-05
9.99648E-05 9.99648E-05 0.816366 0.145273 0.0240718 9.99648E-05 0.0138894 9.99648E-05
9.99475E-05 9.99475E-05 0.885636 0.113764 9.99475E-05 9.99475E-05 9.99475E-05 9.99475E-05
9.99474E-05 9.99474E-05 0.982261 0.0171398 9.99474E-05 9.99474E-05 9.99474E-05 9.99474E-05
9.99475E-05 9.99475E-05 0.969655 0.0297457 9.99475E-05 9.99475E-05 9.99475E-05 9.99475E-05
0.0407386 9.99562E-05 0.924858 0.0339041 9.99562E-05 9.99562E-05 9.99562E-05 9.99562E-05
0.0552355 9.99648E-05 0.819374 0.0801156 0.044875 9.99648E-05 9.99648E-05 9.99648E-05
9.99561E-05 9.99561E-05 0.72973 0.269221 9.99561E-05 0.000549294 9.99561E-05 9.99561E-05
9.99562E-05 0.00931814 0.841804 0.148378 9.99562E-05 9.99562E-05 9.99562E-05 9.99562E-05
9.99475E-05 0.0148646 0.984536 9.99475E-05 9.99475E-05 9.99475E-05 9.99475E-05 9.99475E-05
0.173237 9.99824E-05 0.3705 0.279268 0.019744 9.99824E-05 0.00800571 0.149045
9.99649E-05 9.99649E-05 0.780647 0.183059 0.0244227 9.99649E-05 0.0114717 9.99649E-05
0.150633 9.99737E-05 0.63598 0.114364 9.99737E-05 0.0404929 0.0582297 9.99737E-05
9.99649E-05 9.99649E-05 0.613043 0.297687 0.0366653 9.99649E-05 9.99649E-05 0.0522042
9.994E-05 9.994E-05 0.9993 9.994E-05 9.994E-05 9.994E-05 9.994E-05 9.994E-05
9.99736E-05 9.99736E-05 0.788145 0.0106115 0.0169473 0.180262 9.99736E-05 0.00373431
0.0165228 9.99562E-05 0.868721 0.114256 9.99562E-05 9.99562E-05 9.99562E-05 9.99562E-05
9.99474E-05 9.99474E-05 0.853976 0.145424 9.99474E-05 9.99474E-05 9.99474E-05 9.99474E-05
9.99649E-05 9.99649E-05 0.723244 0.139365 9.99649E-05 0.133479 0.00351223 9.99649E-05
9.99561E-05 9.99561E-05 0.880568 0.00147978 0.117453 9.99561E-05 9.99561E-05 9.99561E-05
0.205165 9.9956E-05 0.534245 0.26009 9.9956E-05 9.9956E-05 9.9956E-05 9.9956E-05
9.99473E-05 9.99473E-05 0.825619 0.173781 9.99473E-05 9.99473E-05 9.99473E-05 9.99473E-05
9.99736E-05 9.99736E-05 0.829195 0.125559 0.0158854 0.0049336 9.99736E-05 0.0241267
9.99561E-05 9.99561E-05 0.8391 0.0426016 9.99561E-05 9.99561E-05 9.99561E-05 0.117798
9.99474E-05 9.99474E-05 0.781908 0.217492 9.99474E-05 9.99474E-05 9.99474E-05 9.99474E-05
9.99472E-05 9.99472E-05 0.952191 9.99472E-05 9.99472E-05 9.99472E-05 9.99472E-05 0.0472092
9.994E-05 9.994E-05 9.994E-05 0.9993 9.994E-05 9.994E-05 9.994E-05 9.994E-05
9.99472E-05 9.99472E-05 0.966907 9.99472E-05 9.99472E-05 9.99472E-05 9.99472E-05 0.0324938
9.994E-05 9.994E-05 9.994E-05 0.9993 9.994E-05 9.994E-05 9.994E-05 9.994E-05
9.994E-05 9.994E-05 9.994E-05 0.9993 9.994E-05 9.994E-05 9.994E-05 9.994E-05
9.994E-05 9.994E-05 9.994E-05 0.9993 9.994E-05 9.994E-05 9.994E-05 9.994E-05
9.99472E-05 9.99472E-05 0.963089 9.99472E-05 9.99472E-05 9.99472E-05 9.99472E-05 0.0363115
9.994E-05 9.994E-05 9.994E-05 0.9993 9.994E-05 9.994E-05 9.994E-05 9.994E-05
9.994E-05 9.994E-05 9.994E-05 0.9993 9.994E-05 9.994E-05 9.994E-05 9.994E-05
9.994E-05 9.994E-05 0.9993 9.994E-05 9.994E-05 9.994E-05 9.994E-05 9.994E-05
9.9956E-05 9.9956E-05 0.861052 0.00968822 9.9956E-05 9.9956E-05 9.9956E-05 0.12876
9.99472E-05 9.99472E-05 0.982648 9.99472E-05 9.99472E-05 9.99472E-05 9.99472E-05 0.0167528
9.994E-05 9.994E-05 9.994E-05 0.9993 9.994E-05 9.994E-05 9.994E-05 9.994E-05
9.994E-05 9.994E-05 9.994E-05 0.9993 9.994E-05 9.994E-05 9.994E-05 9.994E-05
9.99472E-05 9.99472E-05 0.977418 9.99472E-05 9.99472E-05 9.99472E-05 9.99472E-05 0.0219819
9.99472E-05 9.99472E-05 0.950879 0.048521 9.99472E-05 9.99472E-05 9.99472E-05 9.99472E-05
9.99736E-05 9.99736E-05 0.625284 0.107339 9.99736E-05 0.163899 0.0219372 0.0812416
9.99472E-05 9.99472E-05 0.923748 9.99472E-05 9.99472E-05 9.99472E-05 9.99472E-05 0.0756523
9.994E-05 9.994E-05 9.994E-05 0.9993 9.994E-05 9.994E-05 9.994E-05 9.994E-05
9.994E-05 9.994E-05 0.9993 9.994E-05 9.994E-05 9.994E-05 9.994E-05 9.994E-05
9.994E-05 9.994E-05 0.9993 9.994E-05 9.994E-05 9.994E-05 9.994E-05 9.994E-05
0.0462679 9.9956E-05 0.94551 0.00772236 9.9956E-05 9.9956E-05 9.9956E-05 9.9956E-05
9.994E-05 9.994E-05 9.994E-05 0.9993 9.994E-05 9.994E-05 9.994E-05 9.994E-05
9.99472E-05 9.99472E-05 0.975622 9.99472E-05 9.99472E-05 9.99472E-05 9.99472E-05 0.0237786
9.994E-05 9.994E-05 9.994E-05 0.9993 9.994E-05 9.994E-05 9.994E-05 9.994E-05
9.994E-05 9.994E-05 0.9993 9.994E-05 9.994E-05 9.994E-05 9.994E-05 9.994E-05
9.994E-05 9.994E-05 0.9993 9.994E-05 9.994E-05 9.994E-05 9.994E-05 9.994E-05
9.994E-05 9.994E-05 9.994E-05 0.9993 9.994E-05 9.994E-05 9.994E-05 9.994E-05
9.994E-05 9.994E-05 9.994E-05 0.9993 9.994E-05 9.994E-05 9.994E-05 9.994E-05
9.994E-05 9.994E-05 9.994E-05 0.9993 9.994E-05 9.994E-05 9.994E-05 9.994E-05
9.99472E-05 9.99472E-05 0.966658 9.99472E-05 9.99472E-05 9.99472E-05 9.99472E-05 0.032742
9.994E-05 9.994E-05 0.9993 9.994E-05 9.994E-05 9.994E-05 9.994E-05 9.994E-05
9.99472E-05 9.99472E-05 0.97943 9.99472E-05 9.99472E-05 9.99472E-05 9.99472E-05 0.0199706
0.00647682 9.99648E-05 0.889177 0.0917899 9.99648E-05 9.99648E-05 9.99648E-05 0.0121565
9.99472E-05 9.99472E-05 0.998803 0.000597174 9.99472E-05 9.99472E-05 9.99472E-05 9.99472E-05
9.994E-05 9.994E-05 9.994E-05 0.9993 9.994E-05 9.994E-05 9.994E-05 9.994E-05
9.994E-05 9.994E-05 9.994E-05 0.9993 9.994E-05 9.994E-05 9.994E-05 9.994E-05
9.994E-05 9.994E-05 9.994E-05 0.9993 9.994E-05 9.994E-05 9.994E-05 9.994E-05
9.9956E-05 9.9956E-05 0.953892 0.0386828 9.9956E-05 9.9956E-05 9.9956E-05 0.00692505
9.994E-05 9.994E-05 9.994E-05 0.9993 9.994E-05 9.994E-05 9.994E-05 9.994E-05
9.994E-05 9.994E-05 9.994E-05 0.9993 9.994E-05 9.994E-05 9.994E-05 9.994E-05
9.994E-05 9.994E-05 9.994E-05 0.9993 9.994E-05 9.994E-05 9.994E-05 9.994E-05
9.994E-05 9.994E-05 9.994E-05 0.9993 9.994E-05 9.994E-05 9.994E-05 9.994E-05
9.99472E-05 9.99472E-05 0.972418 9.99472E-05 9.99472E-05 9.99472E-05 9.99472E-05 0.0269826
9.994E-05 9.994E-05 9.994E-05 0.9993 9.994E-05 9.994E-05 9.994E-05 9.994E-05
9.994E-05 9.994E-05 9.994E-05 0.9993 9.994E-05 9.994E-05 9.994E-05 9.994E-05
9.99648E-05 9.99648E-05 0.49099 0.166041 9.99648E-05 0.219252 9.99648E-05 0.123317
9.99472E-05 9.99472E-05 0.985792 9.99472E-05 9.99472E-05 9.99472E-05 9.99472E-05 0.0136086
9.994E-05 9.994E-05 9.994E-05 0.9993 9.994E-05 9.994E-05 9.994E-05 9.994E-05
9.994E-05 9.994E-05 9.994E-05 0.9993 9.994E-05 9.994E-05 9.994E-05 9.994E-05
9.994E-05 9.994E-05 9.994E-05 0.9993 9.994E-05 9.994E-05 9.994E-05 9.994E-05
9.99472E-05 9.99472E-05 9.99472E-05 0.998652 0.000748026 9.99472E-05 9.99472E-05 9.99472E-05
9.99472E-05 9.99472E-05 0.99391 9.99472E-05 9.99472E-05 9.99472E-05 0.00549025 9.99472E-05
9.994E-05 9.994E-05 9.994E-05 0.9993 9.994E-05 9.994E-05 9.994E-05 9.994E-05
9.994E-05 9.994E-05 0.9993 9.994E-05 9.994E-05 9.994E-05 9.994E-05 9.994E-05
9.994E-05 9.994E-05 9.994E-05 0.9993 9.994E-05 9.994E-05 9.994E-05 9.994E-05
9.994E-05 9.994E-05 0.9993 9.994E-05 9.994E-05 9.994E-05 9.994E-05 9.994E-05
9.994E-05 9.994E-05 9.994E-05 0.9993 9.994E-05 9.994E-05 9.994E-05 9.994E-05
9.994E-05 9.994E-05 9.994E-05 0.9993 9.994E-05 9.994E-05 9.994E-05 9.994E-05
9.994E-05 9.994E-05 9.994E-05 0.9993 9.994E-05 9.994E-05 9.994E-05 9.994E-05
9.994E-05 9.994E-05 9.994E-05 0.9993 9.994E-05 9.994E-05 9.994E-05 9.994E-05
9.994E-05 9.994E-05 9.994E-05 0.9993 9.994E-05 9.994E-05 9.994E-05 9.994E-05
9.994E-05 9.994E-05 9.994E-05 0.9993 9.994E-05 9.994E-05 9.994E-05 9.994E-05
9.99472E-05 9.99472E-05 0.970751 9.99472E-05 9.99472E-05 9.99472E-05 9.99472E-05 0.0286492
9.99472E-05 9.99472E-05 0.992388 9.99472E-05 9.99472E-05 9.99472E-05 9.99472E-05 0.00701261
9.99472E-05 9.99472E-05 0.985792 9.99472E-05 9.99472E-05 9.99472E-05 9.99472E-05 0.0136086
9.994E-05 9.994E-05 9.994E-05 0.9993 9.994E-05 9.994E-05 9.994E-05 9.994E-05
9.99472E-05 9.99472E-05 0.990274 9.99472E-05 9.99472E-05 9.99472E-05 9.99472E-05 0.00912644
9.99472E-05 9.99472E-05 0.977142 9.99472E-05 9.99472E-05 9.99472E-05 9.99472E-05 0.0222588
9.994E-05 9.994E-05 0.9993 9.994E-05 9.994E-05 9.994E-05 9.994E-05 9.994E-05
9.994E-05 9.994E-05 9.994E-05 0.9993 9.994E-05 9.994E-05 9.994E-05 9.994E-05
9.994E-05 9.994E-05 9.994E-05 0.9993 9.994E-05 9.994E-05 9.994E-05 9.994E-05
9.994E-05 9.994E-05 9.994E-05 0.9993 9.994E-05 9.994E-05 9.994E-05 9.994E-05
9.994E-05 9.994E-05 0.9993 9.994E-05 9.994E-05 9.994E-05 9.994E-05 9.994E-05
9.994E-05 9.994E-05 9.994E-05 0.9993 9.994E-05 9.994E-05 9.994E-05 9.994E-05
9.994E-05 9.994E-05 9.994E-05 0.9993 9.994E-05 9.994E-05 9.994E-05 9.994E-05
9.994E-05 9.994E-05 0.9993 9.994E-05 9.994E-05 9.994E-05 9.994E-05 9.994E-05
9.994E-05 9.994E-05 9.994E-05 0.9993 9.994E-05 9.994E-05 9.994E-05 9.994E-05
9.994E-05 9.994E-05 9.994E-05 0.9993 9.994E-05 9.994E-05 9.994E-05 9.994E-05
9.99736E-05 9.99736E-05 0.639969 0.1377 0.128527 9.99736E-05 0.07659 0.0169153
9.994E-05 9.994E-05 0.9993 9.994E-05 9.994E-05 9.994E-05 9.994E-05 9.994E-05
9.994E-05 9.994E-05 9.994E-05 0.9993 9.994E-05 9.994E-05 9.994E-05 9.994E-05
9.99649E-05 9.99649E-05 0.470421 0.417244 0.107436 9.99649E-05 0.00449934 9.99649E-05
9.99561E-05 9.99561E-05 0.60615 0.264976 9.99561E-05 0.128374 9.99561E-05 9.99561E-05
9.99472E-05 9.99472E-05 0.859336 0.140064 9.99472E-05 9.99472E-05 9.99472E-05 9.99472E-05
9.99472E-05 9.99472E-05 0.924596 9.99472E-05 9.99472E-05 9.99472E-05 0.074804 9.99472E-05
9.99472E-05 9.99472E-05 0.711885 0.287515 9.99472E-05 9.99472E-05 9.99472E-05 9.99472E-05
0.0276946 9.99563E-05 0.839584 0.132222 9.99563E-05 9.99563E-05 9.99563E-05 9.99563E-05
9.99649E-05 9.99649E-05 0.643339 0.292864 0.0345064 9.99649E-05 9.99649E-05 0.0288904
9.99648E-05 9.99648E-05 0.780401 0.132366 0.0579852 9.99648E-05 9.99648E-05 0.0288479
9.99474E-05 9.99474E-05 0.815073 0.184327 9.99474E-05 9.99474E-05 9.99474E-05 9.99474E-05
9.99473E-05 9.99473E-05 0.921453 9.99473E-05 9.99473E-05 0.0779472 9.99473E-05 9.99473E-05
9.99561E-05 9.99561E-05 0.893654 0.0709615 0.0348846 9.99561E-05 9.99561E-05 9.99561E-05
9.99561E-05 9.99561E-05 0.413517 0.581329 9.99561E-05 0.00465427 9.99561E-05 9.99561E-05
0.0351968 9.99736E-05 0.672789 0.220931 9.99736E-05 0.00954414 0.0612386 9.99736E-05
9.99649E-05 9.99649E-05 0.765485 0.100123 9.99649E-05 9.99649E-05 0.0812204 0.0527714
9.9956E-05 9.9956E-05 0.797285 0.158793 0.0434219 9.9956E-05 9.9956E-05 9.9956E-05
0.10917 9.99649E-05 0.505393 0.333166 0.0518716 9.99649E-05 9.99649E-05 9.99649E-05
9.99474E-05 9.99474E-05 0.785549 0.213851 9.99474E-05 9.99474E-05 9.99474E-05 9.99474E-05
9.99648E-05 9.99648E-05 0.839421 0.0496996 0.0725952 9.99648E-05 0.0378842 9.99648E-05
0.213457 9.99824E-05 0.476927 0.139403 0.0985388 0.0163331 9.99824E-05 0.0551414
9.99561E-05 9.99561E-05 0.824402 0.159137 9.99561E-05 0.0159605 9.99561E-05 9.99561E-05
0.00357781 9.99648E-05 0.79864 0.161693 9.99648E-05 9.99648E-05 9.99648E-05 0.0356896
9.99561E-05 9.99561E-05 0.671892 0.323062 9.99561E-05 0.00454648 9.99561E-05 9.99561E-05
9.99736E-05 9.99736E-05 0.715526 0.207295 0.0155447 0.0354425 9.99736E-05 0.0258909
9.9956E-05 9.9956E-05 0.793841 0.174835 9.9956E-05 9.9956E-05 9.9956E-05 0.0308235
9.99561E-05 9.99561E-05 0.806833 0.115563 9.99561E-05 9.99561E-05 0.077104 9.99561E-05
0.144339 9.99562E-05 0.788885 0.0662758 9.99562E-05 9.99562E-05 9.99562E-05 9.99562E-05
0.0337238 9.99736E-05 0.801064 0.123649 9.99736E-05 0.0409735 0.000289038 9.99736E-05
9.99648E-05 9.99648E-05 0.677265 0.233709 9.99648E-05 9.99648E-05 0.0690255 0.0196002
9.99648E-05 9.99648E-05 0.89843 9.99648E-05 9.99648E-05 0.00848937 0.0608048 0.0318758
9.99649E-05 9.99649E-05 0.621221 0.186862 9.99649E-05 9.99649E-05 0.126095 0.0654221
0.0129638 9.99736E-05 0.556234 0.381189 0.0189055 0.0304075 9.99736E-05 9.99736E-05
9.99561E-05 9.99561E-05 0.676663 0.293192 0.0296459 9.99561E-05 9.99561E-05 9.99561E-05
0.207746 9.99736E-05 0.561451 0.173509 0.00292721 9.99736E-05 9.99736E-05 0.054067
9.99648E-05 9.99648E-05 0.64617 0.233173 0.0589365 9.99648E-05 0.0613209 9.99648E-05
9.99648E-05 9.99648E-05 0.749362 0.106187 0.0922186 9.99648E-05 0.0518319 9.99648E-05
9.99473E-05 9.99473E-05 0.927901 0.071499 9.99473E-05 9.99473E-05 9.99473E-05 9.99473E-05
9.994E-05 9.994E-05 0.9993 9.994E-05 9.994E-05 9.994E-05 9.994E-05 9.994E-05
9.99648E-05 9.99648E-05 0.805654 9.99648E-05 0.0981032 0.0682463 0.0275967 9.99648E-05
9.99824E-05 9.99824E-05 0.764474 0.00107323 0.0871902 0.021171 0.00288154 0.12301
9.99648E-05 9.99648E-05 0.523955 0.240015 9.99648E-05 0.213006 9.99648E-05 0.0226235
9.99472E-05 9.99472E-05 0.918876 0.0805241 9.99472E-05 9.99472E-05 9.99472E-05 9.99472E-05
0.029855 9.99649E-05 0.831626 0.0668703 9.99649E-05 9.99649E-05 9.99649E-05 0.0712492
9.99648E-05 9.99648E-05 0.637553 0.27354 9.99648E-05 0.0515738 9.99648E-05 0.0369334
0.0269142 9.99561E-05 0.485519 0.487067 9.99561E-05 9.99561E-05 9.99561E-05 9.99561E-05
9.9956E-05 9.9956E-05 0.605276 0.346855 0.0473685 9.9956E-05 9.9956E-05 9.9956E-05
9.9956E-05 9.9956E-05 0.776489 0.145842 0.0771691 9.9956E-05 9.9956E-05 9.9956E-05
9.994E-05 9.994E-05 0.9993 9.994E-05 9.994E-05 9.994E-05 9.994E-05 9.994E-05
9.9956E-05 9.9956E-05 0.691641 0.263294 9.9956E-05 9.9956E-05 9.9956E-05 0.0445652
9.99562E-05 9.99562E-05 0.925787 0.0697812 9.99562E-05 0.00393185 9.99562E-05 9.99562E-05
0.151428 9.99736E-05 0.463393 0.209717 9.99736E-05 0.142215 9.99736E-05 0.0329465
0.160946 9.99475E-05 0.838454 9.99475E-05 9.99475E-05 9.99475E-05 9.99475E-05 9.99475E-05
9.99473E-05 9.99473E-05 0.940057 9.99473E-05 0.0593432 9.99473E-05 9.99473E-05 9.99473E-05
0.183469 9.99648E-05 0.650258 9.99648E-05 0.0370759 0.128797 9.99648E-05 9.99648E-05
0.227317 9.99561E-05 0.553181 0.219002 9.99561E-05 9.99561E-05 9.99561E-05 9.99561E-05
9.99649E-05 9.99649E-05 0.592056 0.164442 9.99649E-05 0.240246 9.99649E-05 0.00285614
9.99473E-05 9.99473E-05 0.651695 0.347705 9.99473E-05 9.99473E-05 9.99473E-05 9.99473E-05
0.0342556 9.99475E-05 0.965145 9.99475E-05 9.99475E-05 9.99475E-05 9.99475E-05 9.99475E-05
9.99561E-05 9.99561E-05 0.758843 0.238519 0.00213817 9.99561E-05 9.99561E-05 9.99561E-05
9.99473E-05 9.99473E-05 0.870624 0.128776 9.99473E-05 9.99473E-05 9.99473E-05 9.99473E-05
0.0964789 9.99561E-05 0.65522 0.247801 9.99561E-05 9.99561E-05 9.99561E-05 9.99561E-05
9.99474E-05 9.99474E-05 0.971069 0.0283309 9.99474E-05 9.99474E-05 9.99474E-05 9.99474E-05
0.0208722 9.99562E-05 0.834319 0.144309 9.99562E-05 9.99562E-05 9.99562E-05 9.99562E-05
9.99562E-05 0.0504286 0.941359 0.00771301 9.99562E-05 9.99562E-05 9.99562E-05 9.99562E-05
9.99561E-05 9.99561E-05 0.805921 0.101992 0.0915872 9.99561E-05 9.99561E-05 9.99561E-05
9.99561E-05 9.99561E-05 0.750873 0.184549 9.99561E-05 9.99561E-05 9.99561E-05 0.0640785
9.99474E-05 9.99474E-05 0.763479 0.235921 9.99474E-05 9.99474E-05 9.99474E-05 9.99474E-05
9.99474E-05 9.99474E-05 0.920787 0.078613 9.99474E-05 9.99474E-05 9.99474E-05 9.99474E-05
0.0365693 9.99824E-05 0.650306 0.265843 0.011712 0.00975145 9.99824E-05 0.0256185
9.99472E-05 9.99472E-05 0.886008 9.99472E-05 0.113392 9.99472E-05 9.99472E-05 9.99472E-05
0.182059 9.99562E-05 0.803428 9.99562E-05 9.99562E-05 9.99562E-05 9.99562E-05 0.0140129
0.244627 9.99561E-05 0.739075 0.0157981 9.99561E-05 9.99561E-05 9.99561E-05 9.99561E-05
0.131272 0.12336 0.744868 9.99563E-05 9.99563E-05 9.99563E-05 9.99563E-05 9.99563E-05
9.99473E-05 9.99473E-05 0.712602 0.286799 9.99473E-05 9.99473E-05 9.99473E-05 9.99473E-05
0.162005 9.99737E-05 0.534337 9.99737E-05 9.99737E-05 0.0944033 0.150078 0.0588774
0.0761575 9.99562E-05 0.89181 0.0315327 9.99562E-05 9.99562E-05 9.99562E-05 9.99562E-05
0.264806 9.99561E-05 0.621386 0.113308 9.99561E-05 9.99561E-05 9.99561E-05 9.99561E-05
0.161717 0.0374501 0.800333 9.99562E-05 9.99562E-05 9.99562E-05 9.99562E-05 9.99562E-05
9.99473E-05 9.99473E-05 0.99012 9.99473E-05 0.00928032 9.99473E-05 9.99473E-05 9.99473E-05
0.220888 9.99475E-05 0.778513 9.99475E-05 9.99475E-05 9.99475E-05 9.99475E-05 9.99475E-05
9.99561E-05 9.99561E-05 0.580469 0.394667 0.0243643 9.99561E-05 9.99561E-05 9.99561E-05
9.99649E-05 9.99649E-05 0.655185 0.240039 0.0610574 0.0433182 9.99649E-05 9.99649E-05
9.99824E-05 9.99824E-05 0.584329 0.189862 0.0612696 0.0928239 0.0449188 0.0265971
0.172008 9.99475E-05 0.827392 9.99475E-05 9.99475E-05 9.99475E-05 9.99475E-05 9.99475E-05
9.99562E-05 9.99562E-05 0.747205 0.24775 0.00454465 9.99562E-05 9.99562E-05 9.99562E-05
0.140077 9.99648E-05 0.524045 0.160101 9.99648E-05 9.99648E-05 9.99648E-05 0.175377
0.0381446 9.99562E-05 0.916817 0.0445389 9.99562E-05 9.99562E-05 9.99562E-05 9.99562E-05
9.9956E-05 9.9956E-05 0.878199 0.0190779 9.9956E-05 9.9956E-05 0.102223 9.9956E-05
9.99473E-05 9.99473E-05 0.628487 0.370914 9.99473E-05 9.99473E-05 9.99473E-05 9.99473E-05
9.99649E-05 9.99649E-05 0.894791 0.0361355 0.0506529 9.99649E-05 9.99649E-05 0.0180206
9.99648E-05 9.99648E-05 0.735545 0.177176 0.0315135 9.99648E-05 9.99648E-05 0.055365
0.134101 9.99737E-05 0.655061 0.0282221 0.0622824 9.99737E-05 9.99737E-05 0.120034
0.260134 9.99648E-05 0.636365 0.0291664 9.99648E-05 9.99648E-05 0.0739344 9.99648E-05
9.99649E-05 0.102759 0.523075 0.372388 9.99649E-05 9.99649E-05 0.00137779 9.99649E-05
0.244692 9.99824E-05 0.46534 0.0251265 0.110355 0.00605839 9.99824E-05 0.148228
0.0885899 9.99562E-05 0.654745 0.256165 9.99562E-05 9.99562E-05 9.99562E-05 9.99562E-05
0.299667 9.99562E-05 0.660434 9.99562E-05 9.99562E-05 9.99562E-05 0.0393993 9.99562E-05
9.99561E-05 9.99561E-05 0.474192 0.36482 9.99561E-05 0.160489 9.99561E-05 9.99561E-05
0.0169864 9.99648E-05 0.827648 0.0566466 0.0983187 9.99648E-05 9.99648E-05 9.99648E-05
9.994E-05 9.994E-05 0.9993 9.994E-05 9.994E-05 9.994E-05 9.994E-05 9.994E-05
0.0339403 9.99649E-05 0.789372 0.150467 9.99649E-05 9.99649E-05 9.99649E-05 0.025821
9.99824E-05 9.99824E-05 0.364031 0.255836 0.0791641 0.20787 0.0465754 0.0463234
9.99473E-05 9.99473E-05 0.926793 0.072607 9.99473E-05 9.99473E-05 9.99473E-05 9.99473E-05
0.164069 9.99736E-05 0.532293 0.0652301 9.99736E-05 9.99736E-05 0.124597 0.113511
0.0743337 0.00723236 0.802817 0.115217 9.9965E-05 9.9965E-05 9.9965E-05 9.9965E-05
0.107089 0.020965 0.719159 0.152387 9.9965E-05 9.9965E-05 9.9965E-05 9.9965E-05
0.0877302 9.99561E-05 0.782332 0.129438 9.99561E-05 9.99561E-05 9.99561E-05 9.99561E-05
0.247884 9.9956E-05 0.577185 9.9956E-05 9.9956E-05 9.9956E-05 0.174432 9.9956E-05
0.130442 9.99563E-05 0.826838 0.0422202 9.99563E-05 9.99563E-05 9.99563E-05 9.99563E-05
0.0467834 9.99475E-05 0.952617 9.99475E-05 9.99475E-05 9.99475E-05 9.99475E-05 9.99475E-05
9.99561E-05 9.99561E-05 0.846904 0.119579 9.99561E-05 9.99561E-05 9.99561E-05 0.0330177
9.99474E-05 9.99474E-05 0.852443 0.146957 9.99474E-05 9.99474E-05 9.99474E-05 9.99474E-05
9.99474E-05 9.99474E-05 0.957518 9.99474E-05 0.0418825 9.99474E-05 9.99474E-05 9.99474E-05
9.99473E-05 9.99473E-05 0.870858 0.128543 9.99473E-05 9.99473E-05 9.99473E-05 9.99473E-05
9.99649E-05 9.99649E-05 0.859348 0.01209 9.99649E-05 0.125298 9.99649E-05 0.00286334
0.0136961 9.99649E-05 0.798312 9.99649E-05 0.0681176 9.99649E-05 9.99649E-05 0.119475
0.138625 9.99561E-05 0.476026 0.38485 9.99561E-05 9.99561E-05 9.99561E-05 9.99561E-05
0.0450814 9.99648E-05 0.582034 0.230139 9.99648E-05 0.142345 9.99648E-05 9.99648E-05
9.99561E-05 9.99561E-05 0.850691 0.0128597 9.99561E-05 9.99561E-05 0.13595 9.99561E-05
9.99562E-05 9.99562E-05 0.956035 0.0419187 0.00154666 9.99562E-05 9.99562E-05 9.99562E-05
0.168648 9.99736E-05 0.621612 9.99736E-05 0.0471632 0.000238957 9.99736E-05 0.162038
9.99472E-05 9.99472E-05 0.892642 9.99472E-05 9.99472E-05 9.99472E-05 0.106758 9.99472E-05
9.99648E-05 9.99648E-05 0.599837 0.230712 0.115791 9.99648E-05 9.99648E-05 0.0532598
0.281544 9.99648E-05 0.562953 0.109184 9.99648E-05 9.99648E-05 9.99648E-05 0.0459193
9.99737E-05 9.99737E-05 0.613833 0.216808 0.0235348 0.107579 9.99737E-05 0.0379449
0.486294 9.99562E-05 0.392314 0.120892 9.99562E-05 9.99562E-05 9.99562E-05 9.99562E-05
9.99649E-05 9.99649E-05 0.664119 0.17442 0.0797741 9.99649E-05 0.0812872 9.99649E-05
9.994E-05 9.994E-05 0.9993 9.994E-05 9.994E-05 9.994E-05 9.994E-05 9.994E-05
0.271481 9.99563E-05 0.652474 0.0755453 9.99563E-05 9.99563E-05 9.99563E-05 9.99563E-05
0.0605032 9.99824E-05 0.58867 0.214708 0.100541 0.028034 0.00734364 9.99824E-05
0.132087 9.99824E-05 0.566798 0.178745 0.0570395 0.0601113 9.99824E-05 0.00501952
0.460644 9.99737E-05 0.224952 0.082507 0.0420353 0.189562 9.99737E-05 9.99737E-05
0.521091 0.0140053 0.262583 0.00460177 0.0902523 0.107266 9.99824E-05 9.99824E-05
0.452402 9.99736E-05 0.0698497 0.117495 0.0531415 0.306812 9.99736E-05 9.99736E-05
0.558253 9.9965E-05 0.315177 9.9965E-05 0.0570231 0.069147 9.9965E-05 9.9965E-05
0.427931 9.99912E-05 0.258507 0.0467108 0.0283335 0.0732387 0.129179 0.0360008
0.538475 0.202667 0.154954 9.99737E-05 9.99737E-05 0.0856477 9.99737E-05 0.0179554
0.179313 9.99649E-05 0.536926 0.25457 0.0287914 9.99649E-05 9.99649E-05 9.99649E-05
0.580762 9.99737E-05 0.120461 0.0501944 9.99737E-05 0.156077 9.99737E-05 0.0922064
0.564364 0.18365 0.0592932 9.99825E-05 0.13352 0.0478998 0.0110723 9.99825E-05
0.472363 9.99736E-05 0.1516 0.127991 0.0320802 0.215666 9.99736E-05 9.99736E-05
0.177532 9.99737E-05 0.458494 0.0477207 0.0969559 0.218998 9.99737E-05 9.99737E-05
0.380328 0.0840036 0.383259 9.99649E-05 9.99649E-05 9.99649E-05 9.99649E-05 0.152009
0.382353 9.99737E-05 0.249973 0.124405 0.00286874 0.2401 9.99737E-05 9.99737E-05
0.605978 0.320745 0.0727773 9.99562E-05 9.99562E-05 9.99562E-05 9.99562E-05 9.99562E-05
0.321771 0.016757 0.467113 0.0165724 0.107926 0.0649632 0.00479738 9.99912E-05
0.465957 9.99736E-05 0.140467 0.123907 0.0587823 0.210587 9.99736E-05 9.99736E-05
0.468226 9.99649E-05 0.347837 9.99649E-05 0.0897415 0.0937956 9.99649E-05 9.99649E-05
0.554667 0.0219887 0.284264 9.99737E-05 9.99737E-05 0.104019 9.99737E-05 0.0347611
0.508185 9.99824E-05 0.113953 0.0404792 0.187618 0.111229 9.99824E-05 0.0383355
0.540897 9.99649E-05 0.244644 0.0719259 9.99649E-05 0.142133 9.99649E-05 9.99649E-05
0.4179 0.0411704 0.339403 0.0840567 0.0764925 0.0280597 9.99912E-05 0.0128178
0.33534 0.140075 0.303394 0.0659571 0.0475435 0.10749 9.99824E-05 9.99824E-05
0.226934 0.0684195 0.382812 0.0270087 0.0867584 9.99912E-05 0.0773005 0.130667
0.891772 9.9956E-05 9.9956E-05 0.0327381 9.9956E-05 9.9956E-05 0.0749901 9.9956E-05
0.948758 9.99472E-05 9.99472E-05 0.0506419 9.99472E-05 9.99472E-05 9.99472E-05 9.99472E-05
0.918952 9.99472E-05 9.99472E-05 0.0804481 9.99472E-05 9.99472E-05 9.99472E-05 9.99472E-05
0.912954 9.9956E-05 9.9956E-05 0.0841268 9.9956E-05 0.00241895 9.9956E-05 9.9956E-05
0.9993 9.994E-05 9.994E-05 9.994E-05 9.994E-05 9.994E-05 9.994E-05 9.994E-05
0.946598 9.99472E-05 9.99472E-05 0.0528024 9.99472E-05 9.99472E-05 9.99472E-05 9.99472E-05
0.945277 9.99472E-05 9.99472E-05 0.0541233 9.99472E-05 9.99472E-05 9.99472E-05 9.99472E-05
0.957969 9.99561E-05 0.0322923 9.99561E-05 9.99561E-05 9.99561E-05 9.99561E-05 0.00923883
0.826953 9.99736E-05 0.0828643 0.0533712 9.99736E-05 9.99736E-05 0.018661 0.0178503
0.771151 9.9956E-05 9.9956E-05 0.227908 9.9956E-05 9.9956E-05 9.9956E-05 0.000442031
0.947523 9.9956E-05 9.9956E-05 9.9956E-05 9.9956E-05 9.9956E-05 0.0399762 0.012001
0.9993 9.994E-05 9.994E-05 9.994E-05 9.994E-05 9.994E-05 9.994E-05 9.994E-05
0.786232 9.9956E-05 9.9956E-05 0.177307 0.0359613 9.9956E-05 9.9956E-05 9.9956E-05
0.97765 9.99473E-05 9.99473E-05 0.0217502 9.99473E-05 9.99473E-05 9.99473E-05 9.99473E-05
0.9993 9.994E-05 9.994E-05 9.994E-05 9.994E-05 9.994E-05 9.994E-05 9.994E-05
0.927416 9.99561E-05 9.99561E-05 0.0440879 9.99561E-05 0.0279959 9.99561E-05 9.99561E-05
0.974908 9.9956E-05 9.9956E-05 0.010897 9.9956E-05 9.9956E-05 9.9956E-05 0.0136948
0.976436 9.99473E-05 9.99473E-05 0.022964 9.99473E-05 9.99473E-05 9.99473E-05 9.99473E-05
0.887114 9.99473E-05 9.99473E-05 0.112286 9.99473E-05 9.99473E-05 9.99473E-05 9.99473E-05
0.9993 9.994E-05 9.994E-05 9.994E-05 9.994E-05 9.994E-05 9.994E-05 9.994E-05
0.726792 9.99472E-05 9.99472E-05 0.272609 9.99472E-05 9.99472E-05 9.99472E-05 9.99472E-05
0.9993 9.994E-05 9.994E-05 9.994E-05 9.994E-05 9.994E-05 9.994E-05 9.994E-05
0.76409 9.9956E-05 9.9956E-05 0.225786 9.9956E-05 9.9956E-05 9.9956E-05 0.00962466
9.99474E-05 9.99474E-05 0.900746 9.99474E-05 9.99474E-05 9.99474E-05 9.99474E-05 0.0986542
0.9993 9.994E-05 9.994E-05 9.994E-05 9.994E-05 9.994E-05 9.994E-05 9.994E-05
0.9993 9.994E-05 9.994E-05 9.994E-05 9.994E-05 9.994E-05 9.994E-05 9.994E-05
0.761636 9.9956E-05 0.166096 9.9956E-05 0.0717685 9.9956E-05 9.9956E-05 9.9956E-05
0.9993 9.994E-05 9.994E-05 9.994E-05 9.994E-05 9.994E-05 9.994E-05 9.994E-05
0.79822 9.9956E-05 9.9956E-05 0.186577 9.9956E-05 9.9956E-05 9.9956E-05 0.0147034
0.9993 9.994E-05 9.994E-05 9.994E-05 9.994E-05 9.994E-05 9.994E-05 9.994E-05
0.959922 9.99473E-05 9.99473E-05 9.99473E-05 0.0394779 9.99473E-05 9.99473E-05 9.99473E-05
0.997451 9.99472E-05 9.99472E-05 9.99472E-05 9.99472E-05 9.99472E-05 9.99472E-05 0.00194903
0.9993 9.99469E-05 9.99469E-05 9.99469E-05 9.99469E-05 9.99469E-05 9.99469E-05 9.99469E-05
0.962047 9.99472E-05 9.99472E-05 0.0373536 9.99472E-05 9.99472E-05 9.99472E-05 9.99472E-05
0.9993 9.994E-05 9.994E-05 9.994E-05 9.994E-05 9.994E-05 9.994E-05 9.994E-05
0.9993 9.994E-05 9.994E-05 9.994E-05 9.994E-05 9.994E-05 9.994E-05 9.994E-05
0.734471 9.9956E-05 0.0467037 0.218325 9.9956E-05 9.9956E-05 9.9956E-05 9.9956E-05
0.9993 9.994E-05 9.994E-05 9.994E-05 9.994E-05 9.994E-05 9.994E-05 9.994E-05
0.875636 9.9956E-05 9.9956E-05 0.0623331 9.9956E-05 0.0615306 9.9956E-05 9.9956E-05
0.9993 9.994E-05 9.994E-05 9.994E-05 9.994E-05 9.994E-05 9.994E-05 9.994E-05
0.9993 9.994E-05 9.994E-05 9.994E-05 9.994E-05 9.994E-05 9.994E-05 9.994E-05
0.9993 9.994E-05 9.994E-05 9.994E-05 9.994E-05 9.994E-05 9.994E-05 9.994E-05
0.539152 9.99736E-05 0.209079 0.096727 9.99736E-05 0.123544 9.99736E-05 0.0311984
0.941358 9.9956E-05 9.9956E-05 0.0317105 0.0264317 9.9956E-05 9.9956E-05 9.9956E-05
0.161037 0.150233 9.99824E-05 0.0315146 0.134097 0.480898 9.99824E-05 0.0420198
0.00709095 0.131246 0.0609551 0.234188 9.99737E-05 0.56622 9.99737E-05 9.99737E-05
0.0191001 0.0137439 9.99912E-05 0.300071 0.21453 0.360624 0.0613528 0.0304788
0.0517961 0.146392 0.0688561 0.133058 0.133793 0.465905 9.99824E-05 9.99824E-05
0.122186 0.121286 0.0965296 0.141311 0.119348 0.399139 9.99824E-05 9.99824E-05
0.164107 0.162897 9.99824E-05 0.149694 0.123292 0.275579 0.12423 9.99824E-05
0.0952986 0.173509 0.0195489 0.158231 0.117024 0.43619 9.99824E-05 9.99824E-05
0.110784 0.0887455 0.210282 0.073677 0.0586248 0.457687 9.99824E-05 9.99824E-05
0.0528887 0.043432 9.99824E-05 0.446007 0.122009 0.308319 0.0271441 9.99824E-05
0.108994 0.203212 0.0311574 0.111397 0.256677 9.99912E-05 0.216055 0.0724076
0.212858 0.0428079 0.0588311 0.125095 0.109083 0.451126 9.99824E-05 9.99824E-05
0.153651 0.114791 9.99737E-05 0.141549 0.163698 0.426012 9.99737E-05 9.99737E-05
0.0272357 0.149322 0.213817 0.103167 0.161668 0.338021 9.99912E-05 0.00666945
0.0756133 0.174652 0.148258 0.0893064 0.183032 0.328938 9.99824E-05 9.99824E-05
0.174673 0.141999 9.99824E-05 0.0274616 0.0667681 0.565954 0.0229454 9.99824E-05
0.146261 0.0614977 0.166392 0.0646605 0.0863518 0.385284 0.0894531 9.99912E-05
0.162787 0.130343 0.0709655 0.126931 0.109147 0.399627 9.99824E-05 9.99824E-05
0.0685659 0.0910209 0.0775287 0.182706 0.0607183 0.51926 9.99824E-05 9.99824E-05
0.108677 0.0453459 0.0669911 0.181481 0.276333 0.320971 9.99824E-05 9.99824E-05
0.114949 0.188541 0.120969 0.0286986 0.172293 0.343368 0.031081 9.99912E-05
9.994E-05 9.994E-05 9.994E-05 9.994E-05 0.9993 9.994E-05 9.994E-05 9.994E-05
9.994E-05 9.994E-05 9.994E-05 9.994E-05 0.9993 9.994E-05 9.994E-05 9.994E-05
9.994E-05 9.994E-05 9.994E-05 9.994E-05 0.9993 9.994E-05 9.994E-05 9.994E-05
9.994E-05 9.994E-05 9.994E-05 9.994E-05 0.9993 9.994E-05 9.994E-05 9.994E-05
9.994E-05 9.994E-05 9.994E-05 9.994E-05 0.9993 9.994E-05 9.994E-05 9.994E-05
9.994E-05 9.994E-05 9.994E-05 9.994E-05 0.9993 9.994E-05 9.994E-05 9.994E-05
9.994E-05 9.994E-05 9.994E-05 9.994E-05 0.9993 9.994E-05 9.994E-05 9.994E-05
9.994E-05 9.994E-05 9.994E-05 9.994E-05 0.9993 9.994E-05 9.994E-05 9.994E-05
9.994E-05 9.994E-05 9.994E-05 9.994E-05 0.9993 9.994E-05 9.994E-05 9.994E-05
9.994E-05 9.994E-05 9.994E-05 9.994E-05 0.9993 9.994E-05 9.994E-05 9.994E-05
9.994E-05 9.994E-05 9.994E-05 9.994E-05 0.9993 9.994E-05 9.994E-05 9.994E-05
9.994E-05 9.994E-05 9.994E-05 9.994E-05 0.9993 9.994E-05 9.994E-05 9.994E-05
9.994E-05 9.994E-05 9.994E-05 9.994E-05 0.9993 9.994E-05 9.994E-05 9.994E-05
9.994E-05 9.994E-05 9.994E-05 9.994E-05 0.9993 9.994E-05 9.994E-05 9.994E-05
9.994E-05 9.994E-05 9.994E-05 9.994E-05 0.9993 9.994E-05 9.994E-05 9.994E-05
9.994E-05 9.994E-05 9.994E-05 9.994E-05 0.9993 9.994E-05 9.994E-05 9.994E-05
9.994E-05 9.994E-05 9.994E-05 9.994E-05 0.9993 9.994E-05 9.994E-05 9.994E-05
9.994E-05 9.994E-05 9.994E-05 9.994E-05 0.9993 9.994E-05 9.994E-05 9.994E-05
9.994E-05 9.994E-05 9.994E-05 9.994E-05 0.9993 9.994E-05 9.994E-05 9.994E-05
9.994E-05 9.994E-05 9.994E-05 9.994E-05 0.9993 9.994E-05 9.994E-05 9.994E-05
9.994E-05 9.994E-05 9.994E-05 9.994E-05 0.9993 9.994E-05 9.994E-05 9.994E-05
9.994E-05 9.994E-05 9.994E-05 9.994E-05 0.9993 9.994E-05 9.994E-05 9.994E-05
9.994E-05 9.994E-05 9.994E-05 9.994E-05 0.9993 9.994E-05 9.994E-05 9.994E-05
9.994E-05 9.994E-05 9.994E-05 9.994E-05 0.9993 9.994E-05 9.994E-05 9.994E-05
9.994E-05 9.994E-05 9.994E-05 9.994E-05 0.9993 9.994E-05 9.994E-05 9.994E-05
9.994E-05 9.994E-05 9.994E-05 9.994E-05 0.9993 9.994E-05 9.994E-05 9.994E-05
9.994E-05 9.994E-05 9.994E-05 9.994E-05 0.9993 9.994E-05 9.994E-05 9.994E-05
9.994E-05 9.994E-05 9.994E-05 9.994E-05 0.9993 9.994E-05 9.994E-05 9.994E-05
9.994E-05 9.994E-05 9.994E-05 9.994E-05 0.9993 9.994E-05 9.994E-05 9.994E-05
9.994E-05 9.994E-05 9.994E-05 9.994E-05 0.9993 9.994E-05 9.994E-05 9.994E-05
