0.0173203 9.9921E-05 0.164325 0.135308 0.0301945 9.9921E-05 9.9921E-05 9.9921E-05 0.0442936 9.9921E-05 0.415397 9.9921E-05 0.143886 9.9921E-05 9.9921E-05 9.9921E-05 0.0483762
9.98859E-05 9.98859E-05 9.98859E-05 9.98859E-05 9.98859E-05 9.98859E-05 9.98859E-05 9.98859E-05 9.98859E-05 0.00587954 0.743807 9.98859E-05 0.118083 9.98859E-05 9.98859E-05 0.130932 9.98859E-05
9.98771E-05 9.98771E-05 9.98771E-05 9.98771E-05 9.98771E-05 0.044111 9.98771E-05 9.98771E-05 9.98771E-05 9.98771E-05 0.876895 0.0775957 9.98771E-05 9.98771E-05 9.98771E-05 9.98771E-05 9.98771E-05
9.99297E-05 9.99297E-05 0.114104 0.0195445 0.0269855 0.118455 9.99297E-05 9.99297E-05 9.99297E-05 0.0329815 0.271821 9.99297E-05 9.99297E-05 0.152427 0.0150437 9.99297E-05 0.247838
9.98859E-05 9.98859E-05 9.98859E-05 9.98859E-05 9.98859E-05 9.98859E-05 0.0104742 9.98859E-05 9.98859E-05 9.98859E-05 0.842548 0.0684733 9.98859E-05 0.0772055 9.98859E-05 9.98859E-05 9.98859E-05
9.99123E-05 9.99123E-05 9.99123E-05 9.99123E-05 9.99123E-05 0.144565 0.0828446 9.99123E-05 0.00654583 9.99123E-05 0.261474 0.158931 0.105827 9.99123E-05 0.238813 9.99123E-05 9.99123E-05
0.0614403 0.0146553 0.150155 9.99298E-05 0.118624 9.99298E-05 0.00665797 9.99298E-05 9.99298E-05 9.99298E-05 0.266145 9.99298E-05 0.13906 9.99298E-05 9.99298E-05 0.114527 0.127936
9.99386E-05 0.0885104 0.202689 9.99386E-05 9.99386E-05 0.0668738 9.99386E-05 9.99386E-05 0.0353127 9.99386E-05 0.16847 0.0587876 0.0815882 0.0980125 0.161085 9.99386E-05 0.0379713
0.24397 9.99123E-05 9.99123E-05 0.174492 9.99123E-05 0.00206374 9.99123E-05 9.99123E-05 9.99123E-05 0.0174071 0.228502 9.99123E-05 0.0691069 9.99123E-05 0.263459 9.99123E-05 9.99123E-05
9.98683E-05 9.98683E-05 9.98683E-05 0.0541142 9.98683E-05 9.98683E-05 9.98683E-05 9.98683E-05 9.98683E-05 9.98683E-05 0.944388 9.98683E-05 9.98683E-05 9.98683E-05 9.98683E-05 9.98683E-05 9.98683E-05
9.99034E-05 9.99034E-05 0.168112 0.20164 0.087713 9.99034E-05 9.99034E-05 9.99034E-05 9.99034E-05 0.02066 0.486617 9.99034E-05 0.0341591 9.99034E-05 9.99034E-05 9.99034E-05 9.99034E-05
9.9921E-05 0.00849692 9.9921E-05 0.00771148 0.022995 9.9921E-05 0.0455123 9.9921E-05 9.9921E-05 0.00469079 0.849918 9.9921E-05 0.0534312 0.00634468 9.9921E-05 9.9921E-05 9.9921E-05
9.98771E-05 9.98771E-05 0.153874 0.0437993 9.98771E-05 9.98771E-05 9.98771E-05 9.98771E-05 9.98771E-05 9.98771E-05 0.800929 9.98771E-05 9.98771E-05 9.98771E-05 9.98771E-05 9.98771E-05 9.98771E-05
9.99211E-05 0.0257484 0.00427831 0.0614065 0.0448066 0.10528 9.99211E-05 0.0496441 9.99211E-05 9.99211E-05 0.657689 0.0502475 9.99211E-05 9.99211E-05 9.99211E-05 9.99211E-05 9.99211E-05
0.0588588 9.9921E-05 0.040655 0.176365 9.9921E-05 0.0970207 9.9921E-05 9.9921E-05 9.9921E-05 9.9921E-05 0.231997 0.0471491 0.221917 9.9921E-05 0.125138 9.9921E-05 9.9921E-05
9.99298E-05 0.0934529 0.0348821 0.141089 9.99298E-05 9.99298E-05 9.99298E-05 9.99298E-05 0.00864737 9.99298E-05 0.15557 9.99298E-05 0.227911 0.00757899 0.17282 9.99298E-05 0.157249
9.99123E-05 9.99123E-05 9.99123E-05 0.0545252 0.02638 9.99123E-05 9.99123E-05 0.14888 9.99123E-05 9.99123E-05 0.594168 9.99123E-05 9.99123E-05 9.99123E-05 0.0100071 0.0812767 0.0837633
9.99122E-05 9.99122E-05 0.303802 0.134929 9.99122E-05 9.99122E-05 9.99122E-05 9.99122E-05 0.154634 0.0970148 0.151404 9.99122E-05 0.136356 9.99122E-05 0.0208602 9.99122E-05 9.99122E-05
9.98947E-05 9.98947E-05 0.117727 0.1536 9.98947E-05 9.98947E-05 0.226615 9.98947E-05 9.98947E-05 9.98947E-05 0.35027 9.98947E-05 9.98947E-05 9.98947E-05 0.150589 9.98947E-05 9.98947E-05
9.98771E-05 9.98771E-05 9.98771E-05 9.98771E-05 9.98771E-05 9.98771E-05 9.98771E-05 9.98771E-05 9.98771E-05 0.0230221 0.95243 9.98771E-05 9.98771E-05 9.98771E-05 0.0231497 9.98771E-05 9.98771E-05
9.9921E-05 0.0104731 0.0305832 0.043709 0.0550395 9.9921E-05 9.9921E-05 9.9921E-05 9.9921E-05 0.0104158 0.432686 9.9921E-05 9.9921E-05 0.340928 0.0752665 9.9921E-05 9.9921E-05
9.99035E-05 9.99035E-05 0.38601 9.99035E-05 9.99035E-05 0.0559357 0.079088 9.99035E-05 9.99035E-05 9.99035E-05 0.256552 0.0828853 9.99035E-05 9.99035E-05 0.13843 9.99035E-05 9.99035E-05
9.98947E-05 9.98947E-05 9.98947E-05 0.0898186 0.0293702 0.0154749 9.98947E-05 9.98947E-05 9.98947E-05 9.98947E-05 0.573201 9.98947E-05 0.290937 9.98947E-05 9.98947E-05 9.98947E-05 9.98947E-05
0.0968271 0.0172875 0.296001 0.201805 9.98947E-05 9.98947E-05 9.98947E-05 9.98947E-05 9.98947E-05 9.98947E-05 0.386881 9.98947E-05 9.98947E-05 9.98947E-05 9.98947E-05 9.98947E-05 9.98947E-05
9.9921E-05 9.9921E-05 9.9921E-05 0.225815 0.0891571 0.078915 0.0171822 9.9921E-05 9.9921E-05 0.148047 0.275988 9.9921E-05 9.9921E-05 9.9921E-05 0.111155 9.9921E-05 0.0528414
9.99034E-05 9.99034E-05 0.136103 0.102896 9.99034E-05 0.0064739 9.99034E-05 9.99034E-05 9.99034E-05 9.99034E-05 0.715289 0.0143867 9.99034E-05 9.99034E-05 9.99034E-05 9.99034E-05 0.0237528
0.0296115 0.0473343 0.333158 0.121942 9.9921E-05 0.283606 9.9921E-05 9.9921E-05 0.120849 9.9921E-05 0.044262 9.9921E-05 9.9921E-05 9.9921E-05 9.9921E-05 9.9921E-05 0.0183371
9.98947E-05 9.98947E-05 0.109586 0.0479105 9.98947E-05 9.98947E-05 0.0287346 9.98947E-05 9.98947E-05 9.98947E-05 0.747403 9.98947E-05 9.98947E-05 9.98947E-05 9.98947E-05 9.98947E-05 0.065167
9.99035E-05 9.99035E-05 0.0611787 0.184634 9.99035E-05 0.0318085 9.99035E-05 9.99035E-05 9.99035E-05 0.00179509 0.610374 9.99035E-05 0.109111 9.99035E-05 9.99035E-05 9.99035E-05 9.99035E-05
9.99035E-05 9.99035E-05 9.99035E-05 0.0368722 0.0413789 9.99035E-05 0.0340074 0.0283633 9.99035E-05 9.99035E-05 0.838813 9.99035E-05 9.99035E-05 9.99035E-05 0.0194661 9.99035E-05 9.99035E-05
9.99122E-05 9.99122E-05 0.0434753 0.0161051 0.0956931 9.99122E-05 0.0311745 9.99122E-05 9.99122E-05 9.99122E-05 0.598611 9.99122E-05 0.191926 9.99122E-05 0.0220158 9.99122E-05 9.99122E-05
9.99123E-05 9.99123E-05 0.0315602 0.122424 0.0555444 0.235028 9.99123E-05 9.99123E-05 9.99123E-05 9.99123E-05 0.510799 9.99123E-05 9.99123E-05 0.0188564 0.0247878 9.99123E-05 9.99123E-05
9.99035E-05 0.0313967 0.099385 0.142587 0.0803786 9.99035E-05 9.99035E-05 9.99035E-05 9.99035E-05 9.99035E-05 0.536237 9.99035E-05 0.108917 9.99035E-05 9.99035E-05 9.99035E-05 9.99035E-05
9.99298E-05 0.0125392 0.0564704 0.101802 0.0285619 0.227698 9.99298E-05 9.99298E-05 0.0668006 0.0225565 0.474414 0.00835754 9.99298E-05 9.99298E-05 9.99298E-05 9.99298E-05 9.99298E-05
9.98948E-05 9.98948E-05 9.98948E-05 9.98948E-05 0.0412463 9.98948E-05 0.020618 9.98948E-05 9.98948E-05 0.0141231 0.791216 9.98948E-05 9.98948E-05 9.98948E-05 9.98948E-05 0.131598 9.98948E-05
0.0484363 9.99035E-05 0.0297598 9.99035E-05 9.99035E-05 9.99035E-05 9.99035E-05 9.99035E-05 9.99035E-05 9.99035E-05 0.667105 9.99035E-05 9.99035E-05 9.99035E-05 0.030133 0.0206707 0.202796
9.98948E-05 0.00119024 9.98948E-05 9.98948E-05 9.98948E-05 9.98948E-05 0.0897074 9.98948E-05 9.98948E-05 0.00401505 0.864992 9.98948E-05 9.98948E-05 9.98948E-05 9.98948E-05 0.0388963 9.98948E-05
9.99036E-05 9.99036E-05 9.99036E-05 0.0853792 0.0550203 9.99036E-05 9.99036E-05 0.00681477 9.99036E-05 0.10791 0.602399 9.99036E-05 9.99036E-05 9.99036E-05 0.141378 9.99036E-05 9.99036E-05
9.99299E-05 9.99299E-05 0.0659818 0.152695 0.0149679 9.99299E-05 0.0236874 0.0649307 9.99299E-05 9.99299E-05 0.504675 0.072358 9.99299E-05 9.99299E-05 0.0187023 0.0812021 9.99299E-05
9.98947E-05 0.0968073 9.98947E-05 0.115311 9.98947E-05 0.180211 0.0286471 9.98947E-05 9.98947E-05 9.98947E-05 0.577825 9.98947E-05 9.98947E-05 9.98947E-05 9.98947E-05 9.98947E-05 9.98947E-05
9.98947E-05 9.98947E-05 0.130557 0.0898827 0.0162821 9.98947E-05 0.0360948 9.98947E-05 9.98947E-05 9.98947E-05 0.725985 9.98947E-05 9.98947E-05 9.98947E-05 9.98947E-05 9.98947E-05 9.98947E-05
9.9886E-05 9.9886E-05 0.264078 0.0700817 9.9886E-05 9.9886E-05 9.9886E-05 9.9886E-05 9.9886E-05 9.9886E-05 0.64825 9.9886E-05 9.9886E-05 9.9886E-05 0.0162912 9.9886E-05 9.9886E-05
9.98859E-05 0.028385 0.0586334 9.98859E-05 9.98859E-05 9.98859E-05 9.98859E-05 0.0362336 9.98859E-05 9.98859E-05 0.87545 9.98859E-05 9.98859E-05 9.98859E-05 9.98859E-05 9.98859E-05 9.98859E-05
0.0896217 9.99123E-05 0.0769603 0.168135 9.99123E-05 9.99123E-05 9.99123E-05 9.99123E-05 9.99123E-05 0.0364147 0.370389 9.99123E-05 0.154825 9.99123E-05 0.102656 9.99123E-05 9.99123E-05
9.98947E-05 9.98947E-05 0.418683 0.181879 9.98947E-05 9.98947E-05 9.98947E-05 9.98947E-05 9.98947E-05 9.98947E-05 0.219762 0.108728 9.98947E-05 9.98947E-05 9.98947E-05 9.98947E-05 0.0697496
9.98946E-05 9.98946E-05 0.0147515 0.0207587 9.98946E-05 9.98946E-05 9.98946E-05 9.98946E-05 9.98946E-05 0.0659309 0.836657 9.98946E-05 9.98946E-05 0.0607034 9.98946E-05 9.98946E-05 9.98946E-05
9.98947E-05 9.98947E-05 9.98947E-05 0.0613508 0.058173 9.98947E-05 9.98947E-05 9.98947E-05 9.98947E-05 9.98947E-05 0.777853 9.98947E-05 9.98947E-05 9.98947E-05 0.0665008 9.98947E-05 0.0349241
9.98684E-05 9.98684E-05 9.98684E-05 9.98684E-05 0.0275694 9.98684E-05 9.98684E-05 9.98684E-05 9.98684E-05 9.98684E-05 0.970933 9.98684E-05 9.98684E-05 9.98684E-05 9.98684E-05 9.98684E-05 9.98684E-05
9.99209E-05 0.0130429 0.148905 0.186412 9.99209E-05 9.99209E-05 9.99209E-05 9.99209E-05 0.00481555 9.99209E-05 0.622139 9.99209E-05 0.00107956 0.0128916 9.99209E-05 9.99209E-05 0.00981484
9.9895E-05 9.9895E-05 9.9895E-05 9.9895E-05 9.9895E-05 9.9895E-05 0.185361 9.9895E-05 9.9895E-05 0.0204547 0.706627 0.0152647 9.9895E-05 9.9895E-05 0.0710933 9.9895E-05 9.9895E-05
9.9921E-05 9.9921E-05 0.0285296 0.209511 0.135222 0.0975824 9.9921E-05 9.9921E-05 9.9921E-05 9.9921E-05 0.264825 9.9921E-05 0.053495 0.172534 0.0374021 9.9921E-05 9.9921E-05
9.98947E-05 9.98947E-05 0.233336 9.98947E-05 9.98947E-05 9.98947E-05 9.98947E-05 9.98947E-05 9.98947E-05 0.00372245 0.576797 0.0366898 9.98947E-05 9.98947E-05 9.98947E-05 9.98947E-05 0.148255
9.98919E-05 9.98919E-05 9.98919E-05 0.00793281 9.98919E-05 9.98919E-05 9.98919E-05 9.98919E-05 0.0740764 9.98919E-05 0.887943 9.98919E-05 9.98919E-05 9.98919E-05 9.98919E-05 0.0287487 9.98919E-05
9.99036E-05 0.206561 9.99036E-05 0.0351325 0.0394731 0.0595703 9.99036E-05 9.99036E-05 9.99036E-05 9.99036E-05 0.613079 0.0450845 9.99036E-05 9.99036E-05 9.99036E-05 9.99036E-05 9.99036E-05
0.076489 0.0256124 9.99036E-05 0.10804 9.99036E-05 9.99036E-05 9.99036E-05 9.99036E-05 9.99036E-05 0.0297262 0.735914 9.99036E-05 0.0231195 9.99036E-05 9.99036E-05 9.99036E-05 9.99036E-05
9.99035E-05 9.99035E-05 9.99035E-05 9.99035E-05 0.0338951 0.140919 9.99035E-05 9.99035E-05 9.99035E-05 0.0567339 0.760854 0.00357417 0.00292526 9.99035E-05 9.99035E-05 9.99035E-05 9.99035E-05
9.99122E-05 0.0648936 0.0500111 9.99122E-05 9.99122E-05 9.99122E-05 0.017491 9.99122E-05 0.0581194 9.99122E-05 0.755637 9.99122E-05 9.99122E-05 9.99122E-05 0.0500466 0.00280236 9.99122E-05
9.98772E-05 9.98772E-05 9.98772E-05 0.0302578 9.98772E-05 9.98772E-05 9.98772E-05 9.98772E-05 9.98772E-05 9.98772E-05 0.853616 9.98772E-05 9.98772E-05 9.98772E-05 9.98772E-05 9.98772E-05 0.114728
9.98859E-05 9.98859E-05 9.98859E-05 0.0277173 0.00391476 9.98859E-05 9.98859E-05 9.98859E-05 9.98859E-05 9.98859E-05 0.817159 9.98859E-05 9.98859E-05 9.98859E-05 9.98859E-05 0.149911 9.98859E-05
9.98947E-05 9.98947E-05 0.018359 0.0710587 9.98947E-05 9.98947E-05 9.98947E-05 9.98947E-05 0.0851502 9.98947E-05 9.98947E-05 9.98947E-05 0.724987 9.98947E-05 0.0992461 9.98947E-05 9.98947E-05
9.98597E-05 9.98597E-05 9.98597E-05 9.98597E-05 9.98597E-05 9.98597E-05 9.98597E-05 9.98597E-05 9.98597E-05 9.98597E-05 9.98597E-05 9.98597E-05 0.998402 9.98597E-05 9.98597E-05 9.98597E-05 9.98597E-05
9.98684E-05 9.98684E-05 9.98684E-05 9.98684E-05 9.98684E-05 9.98684E-05 9.98684E-05 9.98684E-05 0.0849448 9.98684E-05 9.98684E-05 9.98684E-05 0.913557 9.98684E-05 9.98684E-05 9.98684E-05 9.98684E-05
9.99035E-05 9.99035E-05 9.99035E-05 0.0512866 9.99035E-05 0.185851 9.99035E-05 9.99035E-05 0.00451401 9.99035E-05 9.99035E-05 9.99035E-05 0.394297 9.99035E-05 0.10191 0.261042 9.99035E-05
9.9912E-05 9.9912E-05 0.0623038 0.0270904 9.9912E-05 9.9912E-05 9.9912E-05 9.9912E-05 0.0282337 0.0681318 9.9912E-05 0.0318502 0.716853 9.9912E-05 0.0645376 9.9912E-05 9.9912E-05
9.98945E-05 9.98945E-05 0.0254179 0.170388 9.98945E-05 9.98945E-05 9.98945E-05 9.98945E-05 0.00908363 9.98945E-05 9.98945E-05 9.98945E-05 0.710969 9.98945E-05 0.082942 9.98945E-05 9.98945E-05
9.98858E-05 9.98858E-05 9.98858E-05 0.139017 0.0843075 9.98858E-05 9.98858E-05 9.98858E-05 9.98858E-05 9.98858E-05 9.98858E-05 9.98858E-05 0.521282 9.98858E-05 9.98858E-05 0.254095 9.98858E-05
9.99033E-05 9.99033E-05 9.99033E-05 0.0639894 9.99033E-05 0.0371883 9.99033E-05 9.99033E-05 0.1237 9.99033E-05 9.99033E-05 9.99033E-05 0.617637 9.99033E-05 0.0767626 0.0796242 9.99033E-05
9.98684E-05 9.98684E-05 9.98684E-05 9.98684E-05 9.98684E-05 9.98684E-05 9.98684E-05 9.98684E-05 9.98684E-05 9.98684E-05 9.98684E-05 9.98684E-05 0.997901 9.98684E-05 9.98684E-05 0.000600644 9.98684E-05
9.98684E-05 9.98684E-05 9.98684E-05 9.98684E-05 0.0926422 9.98684E-05 9.98684E-05 9.98684E-05 9.98684E-05 9.98684E-05 9.98684E-05 9.98684E-05 0.90586 9.98684E-05 9.98684E-05 9.98684E-05 9.98684E-05
9.98857E-05 9.98857E-05 9.98857E-05 0.224021 0.16198 9.98857E-05 9.98857E-05 9.98857E-05 9.98857E-05 9.98857E-05 9.98857E-05 9.98857E-05 0.541811 9.98857E-05 0.0708898 9.98857E-05 9.98857E-05
9.99209E-05 0.0510529 0.216908 9.99209E-05 0.056052 9.99209E-05 0.00855007 9.99209E-05 9.99209E-05 0.0109897 9.99209E-05 0.12688 0.485657 9.99209E-05 9.99209E-05 9.99209E-05 0.0430106
9.99121E-05 9.99121E-05 9.99121E-05 9.99121E-05 0.111049 0.00723486 9.99121E-05 9.99121E-05 0.0509529 9.99121E-05 9.99121E-05 0.103594 0.546486 0.0159313 0.163753 9.99121E-05 9.99121E-05
9.99033E-05 9.99033E-05 0.162794 0.0979715 9.99033E-05 9.99033E-05 0.0780573 9.99033E-05 9.99033E-05 9.99033E-05 9.99033E-05 9.99033E-05 0.551401 9.99033E-05 0.0483265 0.0603512 9.99033E-05
9.98861E-05 0.0321831 9.98861E-05 9.98861E-05 0.00562064 0.0757028 9.98861E-05 9.98861E-05 9.98861E-05 9.98861E-05 9.98861E-05 9.98861E-05 0.885195 9.98861E-05 9.98861E-05 9.98861E-05 9.98861E-05
9.9886E-05 9.9886E-05 9.9886E-05 0.0232509 0.0191802 9.9886E-05 9.9886E-05 9.9886E-05 9.9886E-05 9.9886E-05 9.9886E-05 9.9886E-05 0.912839 9.9886E-05 9.9886E-05 9.9886E-05 0.0434311
9.98944E-05 0.0121229 9.98944E-05 9.98944E-05 9.98944E-05 0.0240606 0.0979205 9.98944E-05 0.054677 9.98944E-05 9.98944E-05 9.98944E-05 0.81002 9.98944E-05 9.98944E-05 9.98944E-05 9.98944E-05
9.99033E-05 9.99033E-05 0.112732 9.99033E-05 0.117636 9.99033E-05 0.038286 9.99033E-05 9.99033E-05 9.99033E-05 9.99033E-05 9.99033E-05 0.647119 9.99033E-05 0.0385139 9.99033E-05 0.0446152
9.99034E-05 9.99034E-05 9.99034E-05 0.0273134 0.0237094 9.99034E-05 0.0606024 9.99034E-05 0.0651127 9.99034E-05 9.99034E-05 9.99034E-05 0.790408 9.99034E-05 0.0317548 9.99034E-05 9.99034E-05
9.98856E-05 0.0658956 9.98856E-05 0.217136 0.00107981 9.98856E-05 9.98856E-05 9.98856E-05 9.98856E-05 9.98856E-05 9.98856E-05 9.98856E-05 0.71459 9.98856E-05 9.98856E-05 9.98856E-05 9.98856E-05
9.98862E-05 9.98862E-05 9.98862E-05 9.98862E-05 0.0249692 9.98862E-05 9.98862E-05 0.0245816 9.98862E-05 9.98862E-05 9.98862E-05 9.98862E-05 0.915743 0.0334076 9.98862E-05 9.98862E-05 9.98862E-05
9.98945E-05 9.98945E-05 0.19694 0.0527099 9.98945E-05 9.98945E-05 9.98945E-05 9.98945E-05 0.0312451 9.98945E-05 9.98945E-05 9.98945E-05 0.707984 9.98945E-05 0.00992211 9.98945E-05 9.98945E-05
9.98948E-05 9.98948E-05 9.98948E-05 9.98948E-05 9.98948E-05 0.241394 9.98948E-05 9.98948E-05 0.00189708 0.0250848 9.98948E-05 9.98948E-05 0.722507 9.98948E-05 9.98948E-05 0.00791816 9.98948E-05
0.049253 9.99033E-05 9.99033E-05 9.99033E-05 9.99033E-05 9.99033E-05 0.0247794 9.99033E-05 0.0717981 9.99033E-05 9.99033E-05 9.99033E-05 0.733498 0.0902578 0.0293149 9.99033E-05 9.99033E-05
9.98681E-05 9.98681E-05 9.98681E-05 9.98681E-05 0.109007 9.98681E-05 9.98681E-05 9.98681E-05 9.98681E-05 9.98681E-05 9.98681E-05 9.98681E-05 0.889495 9.98681E-05 9.98681E-05 9.98681E-05 9.98681E-05
9.98773E-05 9.98773E-05 9.98773E-05 0.00988206 9.98773E-05 9.98773E-05 9.98773E-05 9.98773E-05 9.98773E-05 9.98773E-05 9.98773E-05 9.98773E-05 0.96073 9.98773E-05 9.98773E-05 0.0279901 9.98773E-05
9.98597E-05 9.98597E-05 9.98597E-05 9.98597E-05 9.98597E-05 9.98597E-05 9.98597E-05 9.98597E-05 9.98597E-05 9.98597E-05 9.98597E-05 9.98597E-05 0.998402 9.98597E-05 9.98597E-05 9.98597E-05 9.98597E-05
9.98597E-05 9.98597E-05 9.98597E-05 9.98597E-05 9.98597E-05 9.98597E-05 9.98597E-05 9.98597E-05 9.98597E-05 9.98597E-05 9.98597E-05 9.98597E-05 0.998402 9.98597E-05 9.98597E-05 9.98597E-05 9.98597E-05
9.98772E-05 9.98772E-05 9.98772E-05 0.0517683 9.98772E-05 9.98772E-05 9.98772E-05 9.98772E-05 0.0921788 9.98772E-05 9.98772E-05 9.98772E-05 0.854655 9.98772E-05 9.98772E-05 9.98772E-05 9.98772E-05
9.98948E-05 9.98948E-05 9.98948E-05 0.0657886 9.98948E-05 9.98948E-05 9.98948E-05 0.132975 9.98948E-05 9.98948E-05 9.98948E-05 0.0263452 0.605522 9.98948E-05 0.16817 9.98948E-05 9.98948E-05
9.98771E-05 9.98771E-05 9.98771E-05 0.138568 9.98771E-05 0.819964 9.98771E-05 9.98771E-05 9.98771E-05 9.98771E-05 9.98771E-05 9.98771E-05 9.98771E-05 9.98771E-05 0.0400699 9.98771E-05 9.98771E-05
9.9886E-05 9.9886E-05 9.9886E-05 0.031105 9.9886E-05 0.539706 9.9886E-05 0.401247 9.9886E-05 9.9886E-05 9.9886E-05 9.9886E-05 9.9886E-05 9.9886E-05 0.0266429 9.9886E-05 9.9886E-05
9.99034E-05 9.99034E-05 0.0400519 0.0412187 0.00546403 0.883343 9.99034E-05 9.99034E-05 0.00346421 9.99034E-05 9.99034E-05 0.0253594 9.99034E-05 9.99034E-05 9.99034E-05 9.99034E-05 9.99034E-05
9.98945E-05 9.98945E-05 9.98945E-05 0.115846 0.0162027 0.834525 9.98945E-05 9.98945E-05 0.0186654 9.98945E-05 9.98945E-05 9.98945E-05 9.98945E-05 9.98945E-05 0.0135629 9.98945E-05 9.98945E-05
0.00853853 9.98946E-05 9.98946E-05 0.0244474 9.98946E-05 0.839901 9.98946E-05 9.98946E-05 9.98946E-05 9.98946E-05 9.98946E-05 0.114674 9.98946E-05 9.98946E-05 0.0112402 9.98946E-05 9.98946E-05
9.99034E-05 9.99034E-05 9.99034E-05 0.174112 9.99034E-05 0.614788 9.99034E-05 0.00658504 9.99034E-05 9.99034E-05 9.99034E-05 9.99034E-05 9.99034E-05 9.99034E-05 0.162763 0.0344366 0.00621737
9.99034E-05 9.99034E-05 0.0514287 0.0682181 0.0062691 0.78942 9.99034E-05 9.99034E-05 0.015044 9.99034E-05 9.99034E-05 9.99034E-05 9.99034E-05 9.99034E-05 0.0685208 9.99034E-05 9.99034E-05
9.98771E-05 9.98771E-05 9.98771E-05 0.071043 9.98771E-05 0.648112 9.98771E-05 9.98771E-05 9.98771E-05 9.98771E-05 9.98771E-05 9.98771E-05 9.98771E-05 9.98771E-05 0.279447 9.98771E-05 9.98771E-05
9.98858E-05 9.98858E-05 9.98858E-05 0.0235689 9.98858E-05 0.416696 9.98858E-05 9.98858E-05 9.98858E-05 9.98858E-05 9.98858E-05 9.98858E-05 9.98858E-05 9.98858E-05 0.334288 0.224149 9.98858E-05
9.98859E-05 9.98859E-05 9.98859E-05 0.254211 9.98859E-05 0.531046 9.98859E-05 9.98859E-05 9.98859E-05 9.98859E-05 9.98859E-05 9.98859E-05 9.98859E-05 9.98859E-05 0.20993 9.98859E-05 0.00351436
9.9886E-05 9.9886E-05 9.9886E-05 9.9886E-05 0.00712265 0.536624 9.9886E-05 0.20675 9.9886E-05 9.9886E-05 9.9886E-05 9.9886E-05 9.9886E-05 9.9886E-05 9.9886E-05 0.248205 9.9886E-05
9.99123E-05 9.99123E-05 9.99123E-05 0.0910784 9.99123E-05 0.619657 9.99123E-05 0.0820171 9.99123E-05 0.00609211 0.0355548 9.99123E-05 9.99123E-05 0.0056521 9.99123E-05 0.158949 9.99123E-05
9.98686E-05 9.98686E-05 9.98686E-05 9.98686E-05 9.98686E-05 0.911325 9.98686E-05 9.98686E-05 9.98686E-05 9.98686E-05 9.98686E-05 9.98686E-05 9.98686E-05 9.98686E-05 0.0871769 9.98686E-05 9.98686E-05
0.0765403 9.98948E-05 9.98948E-05 0.117804 9.98948E-05 0.544039 9.98948E-05 0.0280018 9.98948E-05 9.98948E-05 9.98948E-05 9.98948E-05 9.98948E-05 9.98948E-05 0.232416 9.98948E-05 9.98948E-05
9.99035E-05 9.99035E-05 9.99035E-05 9.99035E-05 9.99035E-05 0.648464 9.99035E-05 0.0733455 0.103993 9.99035E-05 9.99035E-05 9.99035E-05 9.99035E-05 9.99035E-05 0.104152 0.0173288 0.0516183
9.99035E-05 9.99035E-05 9.99035E-05 0.123059 9.99035E-05 0.69349 9.99035E-05 0.00427933 9.99035E-05 9.99035E-05 9.99035E-05 0.0262289 9.99035E-05 9.99035E-05 9.99035E-05 0.119202 0.0326418
9.98859E-05 9.98859E-05 9.98859E-05 0.0985895 9.98859E-05 0.559964 9.98859E-05 9.98859E-05 9.98859E-05 0.0755508 9.98859E-05 9.98859E-05 9.98859E-05 9.98859E-05 9.98859E-05 0.264598 9.98859E-05
9.98948E-05 9.98948E-05 0.124852 9.98948E-05 9.98948E-05 0.672951 9.98948E-05 9.98948E-05 9.98948E-05 9.98948E-05 0.00909982 0.0770058 9.98948E-05 9.98948E-05 0.114893 9.98948E-05 9.98948E-05
9.98859E-05 9.98859E-05 9.98859E-05 9.98859E-05 0.0174742 0.96569 9.98859E-05 0.00514734 9.98859E-05 9.98859E-05 9.98859E-05 9.98859E-05 9.98859E-05 9.98859E-05 0.0103903 9.98859E-05 9.98859E-05
9.9921E-05 0.00368911 9.9921E-05 0.172992 0.0160599 0.454382 9.9921E-05 0.193443 9.9921E-05 0.0209409 9.9921E-05 9.9921E-05 0.00151622 9.9921E-05 0.136077 9.9921E-05 9.9921E-05
9.99122E-05 9.99122E-05 9.99122E-05 0.0520722 9.99122E-05 0.675673 9.99122E-05 9.99122E-05 0.0100149 9.99122E-05 9.99122E-05 0.0878345 9.99122E-05 0.0323868 0.0136093 0.12741 9.99122E-05
9.98859E-05 9.98859E-05 9.98859E-05 9.98859E-05 0.0674493 0.757689 9.98859E-05 9.98859E-05 0.0909504 9.98859E-05 9.98859E-05 9.98859E-05 9.98859E-05 9.98859E-05 0.0826128 9.98859E-05 9.98859E-05
9.99034E-05 9.99034E-05 9.99034E-05 0.212285 9.99034E-05 0.471202 9.99034E-05 9.99034E-05 9.99034E-05 0.0377716 9.99034E-05 9.99034E-05 9.99034E-05 0.0225803 0.161481 0.093582 9.99034E-05
9.9886E-05 9.9886E-05 9.9886E-05 0.00418499 9.9886E-05 0.786175 9.9886E-05 0.0554495 9.9886E-05 9.9886E-05 9.9886E-05 9.9886E-05 9.9886E-05 9.9886E-05 0.152892 9.9886E-05 9.9886E-05
9.99035E-05 9.99035E-05 9.99035E-05 0.200348 0.0105586 0.517146 9.99035E-05 9.99035E-05 9.99035E-05 0.0447713 9.99035E-05 9.99035E-05 9.99035E-05 0.0673378 0.158739 9.99035E-05 9.99035E-05
9.99298E-05 0.00488504 0.043059 0.115137 9.99298E-05 0.386587 9.99298E-05 0.194927 0.0194392 9.99298E-05 9.99298E-05 9.99298E-05 0.0891211 9.99298E-05 0.12439 0.0216551 9.99298E-05
0.11681 9.98947E-05 9.98947E-05 0.0107444 9.98947E-05 0.280021 9.98947E-05 0.516568 9.98947E-05 9.98947E-05 9.98947E-05 0.074658 9.98947E-05 9.98947E-05 9.98947E-05 9.98947E-05 9.98947E-05
9.98769E-05 9.98769E-05 9.98769E-05 0.0923586 9.98769E-05 0.824714 9.98769E-05 9.98769E-05 9.98769E-05 9.98769E-05 9.98769E-05 9.98769E-05 9.98769E-05 9.98769E-05 0.0815289 9.98769E-05 9.98769E-05
9.99035E-05 9.99035E-05 0.0390799 0.16981 9.99035E-05 0.572274 9.99035E-05 9.99035E-05 9.99035E-05 0.0630321 9.99035E-05 9.99035E-05 9.99035E-05 9.99035E-05 0.137313 0.017392 9.99035E-05
9.9886E-05 9.9886E-05 9.9886E-05 0.1548 9.9886E-05 0.731288 9.9886E-05 0.0233803 9.9886E-05 9.9886E-05 9.9886E-05 0.0892328 9.9886E-05 9.9886E-05 9.9886E-05 9.9886E-05 9.9886E-05
9.98947E-05 0.0273094 9.98947E-05 0.202642 9.98947E-05 0.671093 9.98947E-05 9.98947E-05 9.98947E-05 9.98947E-05 9.98947E-05 9.98947E-05 9.98947E-05 0.0280365 0.0697202 9.98947E-05 9.98947E-05
9.98859E-05 0.000455357 9.98859E-05 0.0244686 9.98859E-05 0.951308 9.98859E-05 9.98859E-05 9.98859E-05 0.0224693 9.98859E-05 9.98859E-05 9.98859E-05 9.98859E-05 9.98859E-05 9.98859E-05 9.98859E-05
9.98946E-05 9.98946E-05 9.98946E-05 0.0888592 9.98946E-05 0.437281 9.98946E-05 9.98946E-05 9.98946E-05 0.0982277 9.98946E-05 0.0879394 9.98946E-05 9.98946E-05 0.286494 9.98946E-05 9.98946E-05
9.9877E-05 9.9877E-05 0.156238 0.0419749 9.9877E-05 0.800389 9.9877E-05 9.9877E-05 9.9877E-05 9.9877E-05 9.9877E-05 9.9877E-05 9.9877E-05 9.9877E-05 9.9877E-05 9.9877E-05 9.9877E-05
9.98684E-05 9.98684E-05 9.98684E-05 0.0309363 9.98684E-05 0.967566 9.98684E-05 9.98684E-05 9.98684E-05 9.98684E-05 9.98684E-05 9.98684E-05 9.98684E-05 9.98684E-05 9.98684E-05 9.98684E-05 9.98684E-05
9.98947E-05 9.98947E-05 0.000244926 9.98947E-05 9.98947E-05 0.7386 9.98947E-05 0.113337 9.98947E-05 9.98947E-05 9.98947E-05 9.98947E-05 9.98947E-05 9.98947E-05 0.0585224 9.98947E-05 0.0880975
9.98859E-05 9.98859E-05 9.98859E-05 0.245479 9.98859E-05 0.661096 9.98859E-05 9.98859E-05 0.0377443 9.98859E-05 9.98859E-05 9.98859E-05 9.98859E-05 9.98859E-05 0.054382 9.98859E-05 9.98859E-05
9.98858E-05 9.98858E-05 9.98858E-05 9.98858E-05 9.98858E-05 0.263656 9.98858E-05 0.555028 9.98858E-05 9.98858E-05 9.98858E-05 9.98858E-05 9.98858E-05 0.0840049 0.0960126 9.98858E-05 9.98858E-05
9.98861E-05 9.98861E-05 9.98861E-05 0.126892 9.98861E-05 0.666976 9.98861E-05 0.180015 9.98861E-05 0.0248183 9.98861E-05 9.98861E-05 9.98861E-05 9.98861E-05 9.98861E-05 9.98861E-05 9.98861E-05
9.98774E-05 9.98774E-05 9.98774E-05 9.98774E-05 9.98774E-05 0.755749 9.98774E-05 0.207419 9.98774E-05 9.98774E-05 9.98774E-05 0.0354338 9.98774E-05 9.98774E-05 9.98774E-05 9.98774E-05 9.98774E-05
9.99035E-05 9.99035E-05 9.99035E-05 9.99035E-05 9.99035E-05 0.478084 9.99035E-05 0.409153 0.0126067 0.045971 9.99035E-05 9.99035E-05 9.99035E-05 9.99035E-05 0.0232644 0.0298214 9.99035E-05
9.98946E-05 9.98946E-05 9.98946E-05 0.293208 0.0185817 0.489813 9.98946E-05 9.98946E-05 9.98946E-05 9.98946E-05 9.98946E-05 9.98946E-05 9.98946E-05 9.98946E-05 0.0934682 0.10373 9.98946E-05
9.98772E-05 9.98772E-05 0.0216267 9.98772E-05 9.98772E-05 0.811755 9.98772E-05 9.98772E-05 9.98772E-05 9.98772E-05 9.98772E-05 9.98772E-05 9.98772E-05 9.98772E-05 0.16522 9.98772E-05 9.98772E-05
9.98946E-05 9.98946E-05 9.98946E-05 0.0715204 9.98946E-05 0.136899 9.98946E-05 0.598199 9.98946E-05 0.0587069 9.98946E-05 9.98946E-05 9.98946E-05 9.98946E-05 0.133476 9.98946E-05 9.98946E-05
9.98771E-05 9.98771E-05 9.98771E-05 0.0769965 9.98771E-05 0.523338 9.98771E-05 0.398267 9.98771E-05 9.98771E-05 9.98771E-05 9.98771E-05 9.98771E-05 9.98771E-05 9.98771E-05 9.98771E-05 9.98771E-05
9.99034E-05 9.99034E-05 0.0206191 9.99034E-05 9.99034E-05 0.515979 9.99034E-05 9.99034E-05 9.99034E-05 0.109748 9.99034E-05 0.0138286 9.99034E-05 9.99034E-05 0.193071 0.145656 9.99034E-05
9.99123E-05 0.00413573 9.99123E-05 0.0446075 0.0666465 0.586447 9.99123E-05 9.99123E-05 0.00813227 9.99123E-05 9.99123E-05 9.99123E-05 0.192469 9.99123E-05 0.0965631 9.99123E-05 9.99123E-05
0.0952958 0.0949434 0.0605863 0.00108038 9.99211E-05 0.495482 9.99211E-05 9.99211E-05 0.017469 9.99211E-05 9.99211E-05 9.99211E-05 9.99211E-05 9.99211E-05 0.11478 0.119463 9.99211E-05
9.98947E-05 9.98947E-05 0.0693734 0.189455 9.98947E-05 0.448506 9.98947E-05 9.98947E-05 9.98947E-05 9.98947E-05 9.98947E-05 9.98947E-05 0.0169757 9.98947E-05 0.274491 9.98947E-05 9.98947E-05
9.98771E-05 9.98771E-05 9.98771E-05 0.00639477 9.98771E-05 0.522686 9.98771E-05 0.469521 9.98771E-05 9.98771E-05 9.98771E-05 9.98771E-05 9.98771E-05 9.98771E-05 9.98771E-05 9.98771E-05 9.98771E-05
9.98858E-05 9.98858E-05 0.0132462 0.0861103 9.98858E-05 0.733032 9.98858E-05 9.98858E-05 9.98858E-05 9.98858E-05 9.98858E-05 9.98858E-05 9.98858E-05 9.98858E-05 9.98858E-05 9.98858E-05 0.166313
9.98947E-05 9.98947E-05 9.98947E-05 0.0160152 9.98947E-05 0.326323 9.98947E-05 0.513811 9.98947E-05 9.98947E-05 9.98947E-05 0.0357513 9.98947E-05 9.98947E-05 0.1069 9.98947E-05 9.98947E-05
9.99035E-05 9.99035E-05 9.99035E-05 0.138601 0.00157464 0.578102 9.99035E-05 0.188667 0.0282291 9.99035E-05 9.99035E-05 9.99035E-05 9.99035E-05 9.99035E-05 0.0637273 9.99035E-05 9.99035E-05
9.98771E-05 0.0243111 9.98771E-05 9.98771E-05 9.98771E-05 0.933066 9.98771E-05 9.98771E-05 9.98771E-05 9.98771E-05 9.98771E-05 9.98771E-05 9.98771E-05 9.98771E-05 0.0412248 9.98771E-05 9.98771E-05
9.98682E-05 9.98682E-05 9.98682E-05 9.98682E-05 9.98682E-05 0.916064 9.98682E-05 9.98682E-05 9.98682E-05 9.98682E-05 9.98682E-05 9.98682E-05 9.98682E-05 9.98682E-05 9.98682E-05 9.98682E-05 0.0824382
9.98859E-05 9.98859E-05 9.98859E-05 0.125281 9.98859E-05 0.463695 9.98859E-05 9.98859E-05 9.98859E-05 9.98859E-05 9.98859E-05 9.98859E-05 9.98859E-05 9.98859E-05 0.187207 0.222518 9.98859E-05
9.9877E-05 9.9877E-05 9.9877E-05 0.185623 9.9877E-05 0.685521 9.9877E-05 9.9877E-05 9.9877E-05 9.9877E-05 9.9877E-05 9.9877E-05 9.9877E-05 9.9877E-05 0.127458 9.9877E-05 9.9877E-05
9.9877E-05 9.9877E-05 9.9877E-05 9.9877E-05 0.000629215 0.916278 9.9877E-05 9.9877E-05 9.9877E-05 9.9877E-05 9.9877E-05 9.9877E-05 9.9877E-05 9.9877E-05 0.0816944 9.9877E-05 9.9877E-05
9.98772E-05 9.98772E-05 9.98772E-05 0.0646811 9.98772E-05 0.839858 9.98772E-05 9.98772E-05 9.98772E-05 0.094063 9.98772E-05 9.98772E-05 9.98772E-05 9.98772E-05 9.98772E-05 9.98772E-05 9.98772E-05
9.9886E-05 9.9886E-05 9.9886E-05 9.9886E-05 9.9886E-05 0.73529 9.9886E-05 0.103924 9.9886E-05 9.9886E-05 9.9886E-05 9.9886E-05 9.9886E-05 9.9886E-05 0.132278 0.0272107 9.9886E-05
9.98594E-05 9.98594E-05 9.98594E-05 0.998402 9.98594E-05 9.98594E-05 9.98594E-05 9.98594E-05 9.98594E-05 9.98594E-05 9.98594E-05 9.98594E-05 9.98594E-05 9.98594E-05 9.98594E-05 9.98594E-05 9.98594E-05
9.98594E-05 9.98594E-05 9.98594E-05 9.98594E-05 9.98594E-05 9.98594E-05 9.98594E-05 9.98594E-05 9.98594E-05 9.98594E-05 9.98594E-05 9.98594E-05 9.98594E-05 9.98594E-05 0.998402 9.98594E-05 9.98594E-05
9.98593E-05 9.98593E-05 9.98593E-05 0.998402 9.98593E-05 9.98593E-05 9.98593E-05 9.98593E-05 9.98593E-05 9.98593E-05 9.98593E-05 9.98593E-05 9.98593E-05 9.98593E-05 9.98593E-05 9.98593E-05 9.98593E-05
9.98593E-05 9.98593E-05 9.98593E-05 9.98593E-05 9.98593E-05 9.98593E-05 9.98593E-05 9.98593E-05 9.98593E-05 9.98593E-05 9.98593E-05 9.98593E-05 9.98593E-05 9.98593E-05 0.998402 9.98593E-05 9.98593E-05
9.98593E-05 9.98593E-05 9.98593E-05 9.98593E-05 9.98593E-05 9.98593E-05 9.98593E-05 9.98593E-05 9.98593E-05 9.98593E-05 9.98593E-05 9.98593E-05 9.98593E-05 9.98593E-05 0.998402 9.98593E-05 9.98593E-05
9.98593E-05 9.98593E-05 9.98593E-05 9.98593E-05 9.98593E-05 9.98593E-05 9.98593E-05 9.98593E-05 9.98593E-05 9.98593E-05 9.98593E-05 9.98593E-05 9.98593E-05 9.98593E-05 0.998402 9.98593E-05 9.98593E-05
9.98593E-05 9.98593E-05 9.98593E-05 0.998402 9.98593E-05 9.98593E-05 9.98593E-05 9.98593E-05 9.98593E-05 9.98593E-05 9.98593E-05 9.98593E-05 9.98593E-05 9.98593E-05 9.98593E-05 9.98593E-05 9.98593E-05
9.98593E-05 9.98593E-05 9.98593E-05 9.98593E-05 9.98593E-05 9.98593E-05 9.98593E-05 9.98593E-05 9.98593E-05 9.98593E-05 9.98593E-05 9.98593E-05 9.98593E-05 9.98593E-05 0.998402 9.98593E-05 9.98593E-05
9.98593E-05 9.98593E-05 9.98593E-05 9.98593E-05 9.98593E-05 9.98593E-05 9.98593E-05 9.98593E-05 9.98593E-05 9.98593E-05 9.98593E-05 9.98593E-05 9.98593E-05 9.98593E-05 0.998402 9.98593E-05 9.98593E-05
9.98593E-05 9.98593E-05 9.98593E-05 0.998402 9.98593E-05 9.98593E-05 9.98593E-05 9.98593E-05 9.98593E-05 9.98593E-05 9.98593E-05 9.98593E-05 9.98593E-05 9.98593E-05 9.98593E-05 9.98593E-05 9.98593E-05
9.98595E-05 9.98595E-05 9.98595E-05 0.998402 9.98595E-05 9.98595E-05 9.98595E-05 9.98595E-05 9.98595E-05 9.98595E-05 9.98595E-05 9.98595E-05 9.98595E-05 9.98595E-05 9.98595E-05 9.98595E-05 9.98595E-05
9.98593E-05 9.98593E-05 9.98593E-05 0.998402 9.98593E-05 9.98593E-05 9.98593E-05 9.98593E-05 9.98593E-05 9.98593E-05 9.98593E-05 9.98593E-05 9.98593E-05 9.98593E-05 9.98593E-05 9.98593E-05 9.98593E-05
9.98594E-05 9.98594E-05 9.98594E-05 9.98594E-05 9.98594E-05 9.98594E-05 9.98594E-05 9.98594E-05 9.98594E-05 9.98594E-05 9.98594E-05 9.98594E-05 9.98594E-05 9.98594E-05 0.998402 9.98594E-05 9.98594E-05
9.98593E-05 9.98593E-05 9.98593E-05 9.98593E-05 9.98593E-05 9.98593E-05 9.98593E-05 9.98593E-05 9.98593E-05 9.98593E-05 9.98593E-05 9.98593E-05 9.98593E-05 9.98593E-05 0.998402 9.98593E-05 9.98593E-05
9.98593E-05 9.98593E-05 9.98593E-05 0.998402 9.98593E-05 9.98593E-05 9.98593E-05 9.98593E-05 9.98593E-05 9.98593E-05 9.98593E-05 9.98593E-05 9.98593E-05 9.98593E-05 9.98593E-05 9.98593E-05 9.98593E-05
9.98593E-05 9.98593E-05 9.98593E-05 0.998402 9.98593E-05 9.98593E-05 9.98593E-05 9.98593E-05 9.98593E-05 9.98593E-05 9.98593E-05 9.98593E-05 9.98593E-05 9.98593E-05 9.98593E-05 9.98593E-05 9.98593E-05
0.0207871 0.0156573 9.99121E-05 0.16173 9.99121E-05 0.525612 0.157671 9.99121E-05 9.99121E-05 9.99121E-05 9.99121E-05 9.99121E-05 9.99121E-05 9.99121E-05 0.0945497 0.0229936 9.99121E-05
9.98594E-05 9.98594E-05 9.98594E-05 0.998402 9.98594E-05 9.98594E-05 9.98594E-05 9.98594E-05 9.98594E-05 9.98594E-05 9.98594E-05 9.98594E-05 9.98594E-05 9.98594E-05 9.98594E-05 9.98594E-05 9.98594E-05
9.98593E-05 9.98593E-05 9.98593E-05 9.98593E-05 9.98593E-05 9.98593E-05 9.98593E-05 9.98593E-05 9.98593E-05 9.98593E-05 9.98593E-05 9.98593E-05 9.98593E-05 9.98593E-05 0.998402 9.98593E-05 9.98593E-05
9.98592E-05 9.98592E-05 9.98592E-05 0.998402 9.98592E-05 9.98592E-05 9.98592E-05 9.98592E-05 9.98592E-05 9.98592E-05 9.98592E-05 9.98592E-05 9.98592E-05 9.98592E-05 9.98592E-05 9.98592E-05 9.98592E-05
9.98594E-05 9.98594E-05 9.98594E-05 0.998402 9.98594E-05 9.98594E-05 9.98594E-05 9.98594E-05 9.98594E-05 9.98594E-05 9.98594E-05 9.98594E-05 9.98594E-05 9.98594E-05 9.98594E-05 9.98594E-05 9.98594E-05
9.98593E-05 9.98593E-05 9.98593E-05 0.998402 9.98593E-05 9.98593E-05 9.98593E-05 9.98593E-05 9.98593E-05 9.98593E-05 9.98593E-05 9.98593E-05 9.98593E-05 9.98593E-05 9.98593E-05 9.98593E-05 9.98593E-05
9.98593E-05 9.98593E-05 9.98593E-05 9.98593E-05 9.98593E-05 9.98593E-05 9.98593E-05 9.98593E-05 9.98593E-05 9.98593E-05 9.98593E-05 9.98593E-05 9.98593E-05 9.98593E-05 0.998402 9.98593E-05 9.98593E-05
9.98593E-05 9.98593E-05 9.98593E-05 0.998402 9.98593E-05 9.98593E-05 9.98593E-05 9.98593E-05 9.98593E-05 9.98593E-05 9.98593E-05 9.98593E-05 9.98593E-05 9.98593E-05 9.98593E-05 9.98593E-05 9.98593E-05
9.98593E-05 9.98593E-05 9.98593E-05 9.98593E-05 9.98593E-05 9.98593E-05 9.98593E-05 9.98593E-05 9.98593E-05 9.98593E-05 9.98593E-05 9.98593E-05 9.98593E-05 9.98593E-05 0.998402 9.98593E-05 9.98593E-05
9.98595E-05 9.98595E-05 9.98595E-05 0.998402 9.98595E-05 9.98595E-05 9.98595E-05 9.98595E-05 9.98595E-05 9.98595E-05 9.98595E-05 9.98595E-05 9.98595E-05 9.98595E-05 9.98595E-05 9.98595E-05 9.98595E-05
9.98593E-05 9.98593E-05 9.98593E-05 0.998402 9.98593E-05 9.98593E-05 9.98593E-05 9.98593E-05 9.98593E-05 9.98593E-05 9.98593E-05 9.98593E-05 9.98593E-05 9.98593E-05 9.98593E-05 9.98593E-05 9.98593E-05
9.98595E-05 9.98595E-05 9.98595E-05 9.98595E-05 9.98595E-05 9.98595E-05 9.98595E-05 9.98595E-05 9.98595E-05 9.98595E-05 9.98595E-05 9.98595E-05 9.98595E-05 9.98595E-05 0.998402 9.98595E-05 9.98595E-05
9.98594E-05 9.98594E-05 9.98594E-05 9.98594E-05 9.98594E-05 9.98594E-05 9.98594E-05 9.98594E-05 9.98594E-05 9.98594E-05 9.98594E-05 9.98594E-05 9.98594E-05 9.98594E-05 0.998402 9.98594E-05 9.98594E-05
9.98593E-05 9.98593E-05 9.98593E-05 9.98593E-05 9.98593E-05 9.98593E-05 9.98593E-05 9.98593E-05 9.98593E-05 9.98593E-05 9.98593E-05 9.98593E-05 9.98593E-05 9.98593E-05 0.998402 9.98593E-05 9.98593E-05
9.98594E-05 9.98594E-05 9.98594E-05 0.998402 9.98594E-05 9.98594E-05 9.98594E-05 9.98594E-05 9.98594E-05 9.98594E-05 9.98594E-05 9.98594E-05 9.98594E-05 9.98594E-05 9.98594E-05 9.98594E-05 9.98594E-05
9.98594E-05 9.98594E-05 9.98594E-05 0.998402 9.98594E-05 9.98594E-05 9.98594E-05 9.98594E-05 9.98594E-05 9.98594E-05 9.98594E-05 9.98594E-05 9.98594E-05 9.98594E-05 9.98594E-05 9.98594E-05 9.98594E-05
9.98593E-05 9.98593E-05 9.98593E-05 0.998402 9.98593E-05 9.98593E-05 9.98593E-05 9.98593E-05 9.98593E-05 9.98593E-05 9.98593E-05 9.98593E-05 9.98593E-05 9.98593E-05 9.98593E-05 9.98593E-05 9.98593E-05
9.98592E-05 9.98592E-05 9.98592E-05 0.998402 9.98592E-05 9.98592E-05 9.98592E-05 9.98592E-05 9.98592E-05 9.98592E-05 9.98592E-05 9.98592E-05 9.98592E-05 9.98592E-05 9.98592E-05 9.98592E-05 9.98592E-05
9.98593E-05 9.98593E-05 9.98593E-05 0.998402 9.98593E-05 9.98593E-05 9.98593E-05 9.98593E-05 9.98593E-05 9.98593E-05 9.98593E-05 9.98593E-05 9.98593E-05 9.98593E-05 9.98593E-05 9.98593E-05 9.98593E-05
9.98593E-05 9.98593E-05 9.98593E-05 9.98593E-05 9.98593E-05 9.98593E-05 9.98593E-05 9.98593E-05 9.98593E-05 9.98593E-05 9.98593E-05 9.98593E-05 9.98593E-05 9.98593E-05 0.998402 9.98593E-05 9.98593E-05
9.98593E-05 9.98593E-05 9.98593E-05 9.98593E-05 9.98593E-05 9.98593E-05 9.98593E-05 9.98593E-05 9.98593E-05 9.98593E-05 9.98593E-05 9.98593E-05 9.98593E-05 9.98593E-05 0.998402 9.98593E-05 9.98593E-05
9.98593E-05 9.98593E-05 9.98593E-05 9.98593E-05 9.98593E-05 9.98593E-05 9.98593E-05 9.98593E-05 9.98593E-05 9.98593E-05 9.98593E-05 9.98593E-05 9.98593E-05 9.98593E-05 0.998402 9.98593E-05 9.98593E-05
9.98592E-05 9.98592E-05 9.98592E-05 0.998402 9.98592E-05 9.98592E-05 9.98592E-05 9.98592E-05 9.98592E-05 9.98592E-05 9.98592E-05 9.98592E-05 9.98592E-05 9.98592E-05 9.98592E-05 9.98592E-05 9.98592E-05
9.98593E-05 9.98593E-05 9.98593E-05 9.98593E-05 9.98593E-05 9.98593E-05 9.98593E-05 9.98593E-05 9.98593E-05 9.98593E-05 9.98593E-05 9.98593E-05 9.98593E-05 9.98593E-05 0.998402 9.98593E-05 9.98593E-05
9.98594E-05 9.98594E-05 9.98594E-05 9.98594E-05 9.98594E-05 9.98594E-05 9.98594E-05 9.98594E-05 9.98594E-05 9.98594E-05 9.98594E-05 9.98594E-05 9.98594E-05 9.98594E-05 0.998402 9.98594E-05 9.98594E-05
9.98593E-05 9.98593E-05 9.98593E-05 9.98593E-05 9.98593E-05 9.98593E-05 9.98593E-05 9.98593E-05 9.98593E-05 9.98593E-05 9.98593E-05 9.98593E-05 9.98593E-05 9.98593E-05 0.998402 9.98593E-05 9.98593E-05
9.98594E-05 9.98594E-05 9.98594E-05 9.98594E-05 9.98594E-05 9.98594E-05 9.98594E-05 9.98594E-05 9.98594E-05 9.98594E-05 9.98594E-05 9.98594E-05 9.98594E-05 9.98594E-05 0.998402 9.98594E-05 9.98594E-05
9.98592E-05 9.98592E-05 9.98592E-05 0.998402 9.98592E-05 9.98592E-05 9.98592E-05 9.98592E-05 9.98592E-05 9.98592E-05 9.98592E-05 9.98592E-05 9.98592E-05 9.98592E-05 9.98592E-05 9.98592E-05 9.98592E-05
9.98593E-05 9.98593E-05 9.98593E-05 9.98593E-05 9.98593E-05 9.98593E-05 9.98593E-05 9.98593E-05 9.98593E-05 9.98593E-05 9.98593E-05 9.98593E-05 9.98593E-05 9.98593E-05 0.998402 9.98593E-05 9.98593E-05
9.98593E-05 9.98593E-05 9.98593E-05 9.98593E-05 9.98593E-05 9.98593E-05 9.98593E-05 9.98593E-05 9.98593E-05 9.98593E-05 9.98593E-05 9.98593E-05 9.98593E-05 9.98593E-05 0.998402 9.98593E-05 9.98593E-05
0.0434965 9.98945E-05 9.98945E-05 0.104939 9.98945E-05 0.613456 0.193451 9.98945E-05 9.98945E-05 9.98945E-05 9.98945E-05 9.98945E-05 9.98945E-05 9.98945E-05 0.0434589 9.98945E-05 9.98945E-05
9.98593E-05 9.98593E-05 9.98593E-05 0.998402 9.98593E-05 9.98593E-05 9.98593E-05 9.98593E-05 9.98593E-05 9.98593E-05 9.98593E-05 9.98593E-05 9.98593E-05 9.98593E-05 9.98593E-05 9.98593E-05 9.98593E-05
9.98593E-05 9.98593E-05 9.98593E-05 9.98593E-05 9.98593E-05 9.98593E-05 9.98593E-05 9.98593E-05 9.98593E-05 9.98593E-05 9.98593E-05 9.98593E-05 9.98593E-05 9.98593E-05 0.998402 9.98593E-05 9.98593E-05
9.98593E-05 9.98593E-05 9.98593E-05 9.98593E-05 9.98593E-05 9.98593E-05 9.98593E-05 9.98593E-05 9.98593E-05 9.98593E-05 9.98593E-05 9.98593E-05 9.98593E-05 9.98593E-05 0.998402 9.98593E-05 9.98593E-05
9.98594E-05 9.98594E-05 9.98594E-05 9.98594E-05 9.98594E-05 9.98594E-05 9.98594E-05 9.98594E-05 9.98594E-05 9.98594E-05 9.98594E-05 9.98594E-05 9.98594E-05 9.98594E-05 0.998402 9.98594E-05 9.98594E-05
9.98594E-05 9.98594E-05 9.98594E-05 9.98594E-05 9.98594E-05 9.98594E-05 9.98594E-05 9.98594E-05 9.98594E-05 9.98594E-05 9.98594E-05 9.98594E-05 9.98594E-05 9.98594E-05 0.998402 9.98594E-05 9.98594E-05
9.98593E-05 9.98593E-05 9.98593E-05 0.998402 9.98593E-05 9.98593E-05 9.98593E-05 9.98593E-05 9.98593E-05 9.98593E-05 9.98593E-05 9.98593E-05 9.98593E-05 9.98593E-05 9.98593E-05 9.98593E-05 9.98593E-05
9.98594E-05 9.98594E-05 9.98594E-05 9.98594E-05 9.98594E-05 9.98594E-05 9.98594E-05 9.98594E-05 9.98594E-05 9.98594E-05 9.98594E-05 9.98594E-05 9.98594E-05 9.98594E-05 0.998402 9.98594E-05 9.98594E-05
9.98592E-05 9.98592E-05 9.98592E-05 0.998402 9.98592E-05 9.98592E-05 9.98592E-05 9.98592E-05 9.98592E-05 9.98592E-05 9.98592E-05 9.98592E-05 9.98592E-05 9.98592E-05 9.98592E-05 9.98592E-05 9.98592E-05
9.98593E-05 9.98593E-05 9.98593E-05 9.98593E-05 9.98593E-05 9.98593E-05 9.98593E-05 9.98593E-05 9.98593E-05 9.98593E-05 9.98593E-05 9.98593E-05 9.98593E-05 9.98593E-05 0.998402 9.98593E-05 9.98593E-05
9.98593E-05 9.98593E-05 9.98593E-05 0.998402 9.98593E-05 9.98593E-05 9.98593E-05 9.98593E-05 9.98593E-05 9.98593E-05 9.98593E-05 9.98593E-05 9.98593E-05 9.98593E-05 9.98593E-05 9.98593E-05 9.98593E-05
9.98594E-05 9.98594E-05 9.98594E-05 9.98594E-05 9.98594E-05 9.98594E-05 9.98594E-05 9.98594E-05 9.98594E-05 9.98594E-05 9.98594E-05 9.98594E-05 9.98594E-05 9.98594E-05 0.998402 9.98594E-05 9.98594E-05
