9.98332E-05 9.98332E-05 9.98332E-05 9.98332E-05 9.98332E-05 0.196769 0.00397386 9.98332E-05 0.0483063 9.98332E-05 0.0333128 9.98332E-05 9.98332E-05 9.98332E-05 0.0533486 0.41713 0.0408109 9.98332E-05 9.98332E-05 0.14811 9.98332E-05 0.0563408 9.98332E-05 9.98332E-05 9.98332E-05 9.98332E-05 9.98332E-05 9.98332E-05
9.97894E-05 0.80448 9.97894E-05 9.97894E-05 9.97894E-05 9.97894E-05 9.97894E-05 9.97894E-05 9.97894E-05 9.97894E-05 9.97894E-05 9.97894E-05 9.97894E-05 9.97894E-05 0.0667251 0.0461191 9.97894E-05 9.97894E-05 9.97894E-05 9.97894E-05 9.97894E-05 0.0802809 9.97894E-05 9.97894E-05 9.97894E-05 9.97894E-05 9.97894E-05 9.97894E-05
9.9772E-05 9.9772E-05 0.98274 9.9772E-05 9.9772E-05 9.9772E-05 9.9772E-05 9.9772E-05 9.9772E-05 9.9772E-05 0.0146662 9.9772E-05 9.9772E-05 9.9772E-05 9.9772E-05 9.9772E-05 9.9772E-05 9.9772E-05 9.9772E-05 9.9772E-05 9.9772E-05 9.9772E-05 9.9772E-05 9.9772E-05 9.9772E-05 9.9772E-05 9.9772E-05 9.9772E-05
0.0349637 9.98596E-05 9.98596E-05 9.98596E-05 9.98596E-05 0.134375 0.000708831 9.98596E-05 0.0533784 0.0217874 0.311975 0.0229527 9.98596E-05 9.98596E-05 9.98596E-05 0.216461 9.98596E-05 0.0255074 0.0651271 0.0910969 0.0200687 9.98596E-05 9.98596E-05 9.98596E-05 9.98596E-05 9.98596E-05 9.98596E-05 9.98596E-05
9.97809E-05 9.97809E-05 9.97809E-05 9.97809E-05 0.0542157 9.97809E-05 9.97809E-05 9.97809E-05 9.97809E-05 9.97809E-05 9.97809E-05 9.97809E-05 9.97809E-05 9.97809E-05 9.97809E-05 0.920274 9.97809E-05 9.97809E-05 0.023016 9.97809E-05 9.97809E-05 9.97809E-05 9.97809E-05 9.97809E-05 9.97809E-05 9.97809E-05 9.97809E-05 9.97809E-05
9.98246E-05 9.98246E-05 0.11688 9.98246E-05 0.0684629 9.98246E-05 9.98246E-05 9.98246E-05 9.98246E-05 9.98246E-05 9.98246E-05 0.13093 9.98246E-05 9.98246E-05 9.98246E-05 9.98246E-05 9.98246E-05 0.147757 9.98246E-05 0.166214 0.137295 0.218654 0.0118114 9.98246E-05 9.98246E-05 9.98246E-05 9.98246E-05 9.98246E-05
9.98509E-05 0.36517 9.98509E-05 0.0630809 9.98509E-05 0.0615577 9.98509E-05 0.0563248 0.146558 9.98509E-05 9.98509E-05 9.98509E-05 9.98509E-05 9.98509E-05 0.0261809 9.98509E-05 9.98509E-05 0.0309947 9.98509E-05 9.98509E-05 9.98509E-05 0.126427 0.0157849 9.98509E-05 9.98509E-05 9.98509E-05 0.0752822 0.030941
9.98509E-05 9.98509E-05 9.98509E-05 9.98509E-05 0.00486968 0.14876 9.98509E-05 9.98509E-05 9.98509E-05 9.98509E-05 9.98509E-05 9.98509E-05 0.0506456 9.98509E-05 9.98509E-05 9.98509E-05 0.0674318 0.0201363 0.0290746 0.29718 0.112212 0.033983 0.211766 9.98509E-05 0.0222438 9.98509E-05 9.98509E-05 9.98509E-05
9.9807E-05 9.9807E-05 9.9807E-05 9.9807E-05 0.0462783 9.9807E-05 0.196466 9.9807E-05 9.9807E-05 9.9807E-05 9.9807E-05 9.9807E-05 9.9807E-05 9.9807E-05 9.9807E-05 0.0426683 9.9807E-05 9.9807E-05 9.9807E-05 0.314254 0.217838 9.9807E-05 9.9807E-05 9.9807E-05 9.9807E-05 9.9807E-05 0.180299 9.9807E-05
9.9772E-05 9.9772E-05 9.9772E-05 9.9772E-05 9.9772E-05 9.9772E-05 0.00467977 9.9772E-05 9.9772E-05 9.9772E-05 9.9772E-05 9.9772E-05 9.9772E-05 9.9772E-05 9.9772E-05 0.992726 9.9772E-05 9.9772E-05 9.9772E-05 9.9772E-05 9.9772E-05 9.9772E-05 9.9772E-05 9.9772E-05 9.9772E-05 9.9772E-05 9.9772E-05 9.9772E-05
0.0175493 9.98246E-05 9.98246E-05 9.98246E-05 9.98246E-05 0.0145589 0.133893 9.98246E-05 0.0876178 9.98246E-05 0.0118485 9.98246E-05 9.98246E-05 9.98246E-05 9.98246E-05 0.139525 9.98246E-05 9.98246E-05 9.98246E-05 0.585357 9.98246E-05 0.00765447 9.98246E-05 9.98246E-05 9.98246E-05 9.98246E-05 9.98246E-05 9.98246E-05
9.9763E-05 9.9763E-05 0.997306 9.9763E-05 9.9763E-05 9.9763E-05 9.9763E-05 9.9763E-05 9.9763E-05 9.9763E-05 9.9763E-05 9.9763E-05 9.9763E-05 9.9763E-05 9.9763E-05 9.9763E-05 9.9763E-05 9.9763E-05 9.9763E-05 9.9763E-05 9.9763E-05 9.9763E-05 9.9763E-05 9.9763E-05 9.9763E-05 9.9763E-05 9.9763E-05 9.9763E-05
9.97897E-05 9.97897E-05 9.97897E-05 9.97897E-05 9.97897E-05 0.0340827 0.109387 9.97897E-05 9.97897E-05 9.97897E-05 9.97897E-05 9.97897E-05 9.97897E-05 9.97897E-05 9.97897E-05 0.849868 9.97897E-05 9.97897E-05 9.97897E-05 0.00426786 9.97897E-05 9.97897E-05 9.97897E-05 9.97897E-05 9.97897E-05 9.97897E-05 9.97897E-05 9.97897E-05
9.98158E-05 0.271464 9.98158E-05 9.98158E-05 0.0598381 0.0145963 0.0327204 9.98158E-05 9.98158E-05 9.98158E-05 9.98158E-05 0.0346755 9.98158E-05 9.98158E-05 9.98158E-05 9.98158E-05 9.98158E-05 9.98158E-05 9.98158E-05 0.515993 9.98158E-05 9.98158E-05 9.98158E-05 0.0686167 9.98158E-05 9.98158E-05 9.98158E-05 9.98158E-05
9.98247E-05 9.98247E-05 9.98247E-05 9.98247E-05 9.98247E-05 9.98247E-05 0.143601 9.98247E-05 9.98247E-05 9.98247E-05 9.98247E-05 0.0310767 9.98247E-05 0.0204065 9.98247E-05 0.263974 9.98247E-05 9.98247E-05 9.98247E-05 0.134988 0.170901 0.189336 9.98247E-05 9.98247E-05 9.98247E-05 9.98247E-05 0.0437207 9.98247E-05
9.98595E-05 9.98595E-05 9.98595E-05 9.98595E-05 9.98595E-05 0.0321677 0.132858 9.98595E-05 9.98595E-05 0.025422 0.0109731 0.0425418 0.137352 9.98595E-05 9.98595E-05 0.0210258 9.98595E-05 0.021479 9.98595E-05 0.233288 0.139071 0.0868938 9.98595E-05 9.98595E-05 0.11533 9.98595E-05 9.98595E-05 9.98595E-05
9.98159E-05 9.98159E-05 9.98159E-05 9.98159E-05 9.98159E-05 0.0550311 0.0495524 9.98159E-05 0.030705 0.185253 9.98159E-05 9.98159E-05 9.98159E-05 9.98159E-05 9.98159E-05 0.500507 9.98159E-05 9.98159E-05 9.98159E-05 9.98159E-05 9.98159E-05 9.98159E-05 9.98159E-05 0.164491 9.98159E-05 9.98159E-05 9.98159E-05 0.0123641
0.0796652 0.157482 9.98334E-05 9.98334E-05 9.98334E-05 0.176569 0.115722 9.98334E-05 9.98334E-05 9.98334E-05 9.98334E-05 9.98334E-05 9.98334E-05 9.98334E-05 9.98334E-05 0.0183467 9.98334E-05 9.98334E-05 9.98334E-05 0.0245921 0.0116858 0.278485 9.98334E-05 9.98334E-05 9.98334E-05 0.135556 9.98334E-05 9.98334E-05
9.98245E-05 9.98245E-05 9.98245E-05 9.98245E-05 9.98245E-05 0.0911547 0.137375 9.98245E-05 9.98245E-05 9.98245E-05 9.98245E-05 9.98245E-05 9.98245E-05 0.0111232 9.98245E-05 0.176861 9.98245E-05 0.175951 9.98245E-05 0.267684 0.0983265 9.98245E-05 9.98245E-05 9.98245E-05 0.0395278 9.98245E-05 9.98245E-05 9.98245E-05
0.021394 9.97808E-05 9.97808E-05 9.97808E-05 9.97808E-05 9.97808E-05 0.0234737 9.97808E-05 9.97808E-05 9.97808E-05 9.97808E-05 9.97808E-05 9.97808E-05 9.97808E-05 9.97808E-05 0.952638 9.97808E-05 9.97808E-05 9.97808E-05 9.97808E-05 9.97808E-05 9.97808E-05 9.97808E-05 9.97808E-05 9.97808E-05 9.97808E-05 9.97808E-05 9.97808E-05
9.97982E-05 9.97982E-05 9.97982E-05 9.97982E-05 9.97982E-05 9.97982E-05 9.97982E-05 9.97982E-05 9.97982E-05 0.057657 0.0537354 9.97982E-05 9.97982E-05 9.97982E-05 9.97982E-05 9.97982E-05 9.97982E-05 9.97982E-05 0.153334 0.723417 0.00956106 9.97982E-05 9.97982E-05 9.97982E-05 9.97982E-05 9.97982E-05 9.97982E-05 9.97982E-05
9.98333E-05 9.98333E-05 0.0126011 0.0691856 0.0604524 0.263229 9.98333E-05 9.98333E-05 9.98333E-05 9.98333E-05 9.98333E-05 9.98333E-05 9.98333E-05 9.98333E-05 9.98333E-05 0.314013 9.98333E-05 0.120961 9.98333E-05 9.98333E-05 0.135262 9.98333E-05 0.00845081 9.98333E-05 0.0139479 9.98333E-05 9.98333E-05 9.98333E-05
9.9772E-05 9.9772E-05 9.9772E-05 9.9772E-05 9.9772E-05 9.9772E-05 0.022432 9.9772E-05 9.9772E-05 9.9772E-05 9.9772E-05 9.9772E-05 9.9772E-05 9.9772E-05 9.9772E-05 9.9772E-05 9.9772E-05 9.9772E-05 9.9772E-05 0.974974 9.9772E-05 9.9772E-05 9.9772E-05 9.9772E-05 9.9772E-05 9.9772E-05 9.9772E-05 9.9772E-05
9.9807E-05 0.0154096 9.9807E-05 9.9807E-05 9.9807E-05 0.260631 0.246079 9.9807E-05 9.9807E-05 9.9807E-05 9.9807E-05 9.9807E-05 9.9807E-05 9.9807E-05 9.9807E-05 0.252682 9.9807E-05 9.9807E-05 9.9807E-05 0.180176 9.9807E-05 9.9807E-05 9.9807E-05 9.9807E-05 9.9807E-05 9.9807E-05 0.0428267 9.9807E-05
0.0557915 9.9842E-05 9.9842E-05 9.9842E-05 9.9842E-05 0.0739667 0.203925 9.9842E-05 0.00438662 9.9842E-05 0.0147615 0.111985 9.9842E-05 0.137372 9.9842E-05 0.0694461 9.9842E-05 9.9842E-05 9.9842E-05 0.275281 0.0512875 9.9842E-05 9.9842E-05 9.9842E-05 9.9842E-05 9.9842E-05 9.9842E-05 9.9842E-05
9.97896E-05 9.97896E-05 9.97896E-05 9.97896E-05 9.97896E-05 9.97896E-05 0.0874074 9.97896E-05 9.97896E-05 9.97896E-05 0.0570503 9.97896E-05 9.97896E-05 9.97896E-05 9.97896E-05 0.736166 9.97896E-05 9.97896E-05 9.97896E-05 0.116981 9.97896E-05 9.97896E-05 9.97896E-05 9.97896E-05 9.97896E-05 9.97896E-05 9.97896E-05 9.97896E-05
9.98244E-05 9.98244E-05 9.98244E-05 0.221267 9.98244E-05 0.198794 0.0643414 9.98244E-05 9.98244E-05 9.98244E-05 9.98244E-05 0.22077 0.0496957 9.98244E-05 9.98244E-05 0.107353 9.98244E-05 9.98244E-05 9.98244E-05 0.0125709 9.98244E-05 9.98244E-05 9.98244E-05 9.98244E-05 9.98244E-05 0.123211 9.98244E-05 9.98244E-05
9.9781E-05 9.9781E-05 9.9781E-05 9.9781E-05 9.9781E-05 9.9781E-05 0.0291635 9.9781E-05 9.9781E-05 9.9781E-05 9.9781E-05 9.9781E-05 9.9781E-05 9.9781E-05 9.9781E-05 9.9781E-05 9.9781E-05 9.9781E-05 9.9781E-05 0.961143 9.9781E-05 9.9781E-05 9.9781E-05 0.00719928 9.9781E-05 9.9781E-05 9.9781E-05 9.9781E-05
9.98246E-05 0.456699 9.98246E-05 0.0118732 9.98246E-05 0.0168051 0.206091 9.98246E-05 9.98246E-05 9.98246E-05 0.0360114 9.98246E-05 9.98246E-05 9.98246E-05 9.98246E-05 0.227144 9.98246E-05 9.98246E-05 9.98246E-05 9.98246E-05 9.98246E-05 0.0363597 9.98246E-05 9.98246E-05 9.98246E-05 9.98246E-05 0.00701977 9.98246E-05
9.97983E-05 0.127767 0.459226 9.97983E-05 9.97983E-05 9.97983E-05 0.0325103 9.97983E-05 9.97983E-05 9.97983E-05 9.97983E-05 9.97983E-05 9.97983E-05 9.97983E-05 9.97983E-05 9.97983E-05 9.97983E-05 9.97983E-05 9.97983E-05 0.35771 0.0204923 9.97983E-05 9.97983E-05 9.97983E-05 9.97983E-05 9.97983E-05 9.97983E-05 9.97983E-05
9.98333E-05 9.98333E-05 9.98333E-05 0.0205745 9.98333E-05 0.0408056 9.98333E-05 0.02066 0.0521173 9.98333E-05 9.98333E-05 9.98333E-05 9.98333E-05 9.98333E-05 9.98333E-05 0.697987 9.98333E-05 0.0197732 9.98333E-05 9.98333E-05 9.98333E-05 0.117468 9.98333E-05 9.98333E-05 0.0104211 9.98333E-05 9.98333E-05 0.0182964
9.98334E-05 9.98334E-05 9.98334E-05 0.0223825 9.98334E-05 0.0227446 9.98334E-05 9.98334E-05 0.025142 0.0245693 0.00816508 0.17871 9.98334E-05 9.98334E-05 9.98334E-05 0.194065 9.98334E-05 0.019383 9.98334E-05 0.502941 9.98334E-05 9.98334E-05 9.98334E-05 9.98334E-05 9.98334E-05 9.98334E-05 9.98334E-05 9.98334E-05
9.98246E-05 0.0698448 0.382569 9.98246E-05 9.98246E-05 0.00196433 0.100298 9.98246E-05 0.159079 9.98246E-05 0.0961911 9.98246E-05 9.98246E-05 9.98246E-05 9.98246E-05 0.0570196 9.98246E-05 9.98246E-05 9.98246E-05 9.98246E-05 9.98246E-05 0.131038 9.98246E-05 9.98246E-05 9.98246E-05 9.98246E-05 9.98246E-05 9.98246E-05
9.98069E-05 0.460951 0.245904 9.98069E-05 9.98069E-05 0.0869103 0.0563735 9.98069E-05 9.98069E-05 9.98069E-05 9.98069E-05 0.0486252 9.98069E-05 9.98069E-05 9.98069E-05 9.98069E-05 9.98069E-05 9.98069E-05 9.98069E-05 9.98069E-05 9.98069E-05 9.98069E-05 9.98069E-05 9.98069E-05 9.98069E-05 9.98069E-05 9.98069E-05 0.0990399
9.97986E-05 9.97986E-05 0.859075 9.97986E-05 9.97986E-05 9.97986E-05 0.00814594 9.97986E-05 9.97986E-05 9.97986E-05 9.97986E-05 9.97986E-05 9.97986E-05 9.97986E-05 9.97986E-05 0.028194 0.0415793 9.97986E-05 9.97986E-05 9.97986E-05 0.0607108 9.97986E-05 9.97986E-05 9.97986E-05 9.97986E-05 9.97986E-05 9.97986E-05 9.97986E-05
9.98246E-05 9.98246E-05 0.243615 9.98246E-05 9.98246E-05 0.0258146 0.00806025 9.98246E-05 9.98246E-05 0.108165 0.0680035 9.98246E-05 9.98246E-05 9.98246E-05 9.98246E-05 0.528883 9.98246E-05 9.98246E-05 9.98246E-05 9.98246E-05 0.0124989 9.98246E-05 9.98246E-05 9.98246E-05 9.98246E-05 9.98246E-05 9.98246E-05 0.00296376
9.97896E-05 9.97896E-05 9.97896E-05 9.97896E-05 9.97896E-05 9.97896E-05 9.97896E-05 0.00276197 9.97896E-05 9.97896E-05 9.97896E-05 9.97896E-05 9.97896E-05 9.97896E-05 9.97896E-05 9.97896E-05 9.97896E-05 0.00171447 9.97896E-05 0.990829 9.97896E-05 9.97896E-05 9.97896E-05 9.97896E-05 9.97896E-05 9.97896E-05 9.97896E-05 0.0022993
9.97985E-05 0.578714 9.97985E-05 9.97985E-05 9.97985E-05 9.97985E-05 0.111046 9.97985E-05 9.97985E-05 9.97985E-05 9.97985E-05 9.97985E-05 9.97985E-05 9.97985E-05 9.97985E-05 9.97985E-05 9.97985E-05 9.97985E-05 9.97985E-05 0.114999 0.167833 9.97985E-05 9.97985E-05 9.97985E-05 9.97985E-05 9.97985E-05 0.0251134 9.97985E-05
9.97984E-05 9.97984E-05 0.763759 9.97984E-05 9.97984E-05 0.0338744 0.121118 9.97984E-05 0.0133327 9.97984E-05 9.97984E-05 9.97984E-05 9.97984E-05 9.97984E-05 0.0656204 9.97984E-05 9.97984E-05 9.97984E-05 9.97984E-05 9.97984E-05 9.97984E-05 9.97984E-05 9.97984E-05 9.97984E-05 9.97984E-05 9.97984E-05 9.97984E-05 9.97984E-05
9.98071E-05 0.557835 0.0677844 9.98071E-05 9.98071E-05 9.98071E-05 0.120108 9.98071E-05 9.98071E-05 9.98071E-05 9.98071E-05 0.223793 0.0262816 9.98071E-05 9.98071E-05 9.98071E-05 9.98071E-05 0.00200182 9.98071E-05 9.98071E-05 9.98071E-05 9.98071E-05 9.98071E-05 9.98071E-05 9.98071E-05 9.98071E-05 9.98071E-05 9.98071E-05
9.97632E-05 9.97632E-05 9.97632E-05 9.97632E-05 9.97632E-05 9.97632E-05 9.97632E-05 9.97632E-05 9.97632E-05 9.97632E-05 9.97632E-05 9.97632E-05 9.97632E-05 9.97632E-05 9.97632E-05 0.997306 9.97632E-05 9.97632E-05 9.97632E-05 9.97632E-05 9.97632E-05 9.97632E-05 9.97632E-05 9.97632E-05 9.97632E-05 9.97632E-05 9.97632E-05 9.97632E-05
9.98248E-05 9.98248E-05 9.98248E-05 0.0311404 9.98248E-05 0.0970008 0.0207537 9.98248E-05 0.00199639 9.98248E-05 9.98248E-05 9.98248E-05 9.98248E-05 9.98248E-05 9.98248E-05 0.812972 9.98248E-05 9.98248E-05 9.98248E-05 9.98248E-05 0.00926305 0.016728 9.98248E-05 9.98248E-05 9.98248E-05 9.98248E-05 0.00814914 9.98248E-05
9.98071E-05 0.213466 9.98071E-05 0.0681505 9.98071E-05 0.00601447 9.98071E-05 9.98071E-05 9.98071E-05 9.98071E-05 9.98071E-05 9.98071E-05 9.98071E-05 9.98071E-05 9.98071E-05 0.692004 9.98071E-05 0.0166801 9.98071E-05 9.98071E-05 9.98071E-05 9.98071E-05 9.98071E-05 0.0014892 9.98071E-05 9.98071E-05 9.98071E-05 9.98071E-05
9.97984E-05 9.97984E-05 0.515326 9.97984E-05 9.97984E-05 0.111326 0.220384 9.97984E-05 9.97984E-05 9.97984E-05 9.97984E-05 9.97984E-05 9.97984E-05 9.97984E-05 9.97984E-05 9.97984E-05 9.97984E-05 9.97984E-05 9.97984E-05 9.97984E-05 0.0703239 9.97984E-05 9.97984E-05 9.97984E-05 9.97984E-05 9.97984E-05 0.0803446 9.97984E-05
9.98159E-05 0.19551 0.00976297 9.98159E-05 9.98159E-05 0.219567 0.152381 9.98159E-05 9.98159E-05 9.98159E-05 9.98159E-05 9.98159E-05 9.98159E-05 9.98159E-05 9.98159E-05 9.98159E-05 9.98159E-05 0.0999129 9.98159E-05 0.188655 9.98159E-05 9.98159E-05 9.98159E-05 9.98159E-05 9.98159E-05 9.98159E-05 9.98159E-05 0.132115
0.0343893 0.0371536 0.0933651 9.97982E-05 9.97982E-05 9.97982E-05 9.97982E-05 9.97982E-05 9.97982E-05 9.97982E-05 0.015717 9.97982E-05 9.97982E-05 9.97982E-05 9.97982E-05 0.81708 9.97982E-05 9.97982E-05 9.97982E-05 9.97982E-05 9.97982E-05 9.97982E-05 9.97982E-05 9.97982E-05 9.97982E-05 9.97982E-05 9.97982E-05 9.97982E-05
9.97896E-05 0.332961 9.97896E-05 9.97896E-05 9.97896E-05 9.97896E-05 0.00379885 9.97896E-05 9.97896E-05 9.97896E-05 0.0450647 9.97896E-05 9.97896E-05 9.97896E-05 9.97896E-05 0.615781 9.97896E-05 9.97896E-05 9.97896E-05 9.97896E-05 9.97896E-05 9.97896E-05 9.97896E-05 9.97896E-05 9.97896E-05 9.97896E-05 9.97896E-05 9.97896E-05
9.97632E-05 9.97632E-05 0.997306 9.97632E-05 9.97632E-05 9.97632E-05 9.97632E-05 9.97632E-05 9.97632E-05 9.97632E-05 9.97632E-05 9.97632E-05 9.97632E-05 9.97632E-05 9.97632E-05 9.97632E-05 9.97632E-05 9.97632E-05 9.97632E-05 9.97632E-05 9.97632E-05 9.97632E-05 9.97632E-05 9.97632E-05 9.97632E-05 9.97632E-05 9.97632E-05 9.97632E-05
9.9842E-05 0.309345 0.00291608 0.021518 9.9842E-05 0.0645066 0.130256 9.9842E-05 0.00168628 9.9842E-05 0.024559 9.9842E-05 9.9842E-05 9.9842E-05 9.9842E-05 0.12912 9.9842E-05 0.0147196 9.9842E-05 0.299577 9.9842E-05 9.9842E-05 9.9842E-05 9.9842E-05 9.9842E-05 9.9842E-05 9.9842E-05 9.9842E-05
9.97722E-05 0.9391 9.97722E-05 9.97722E-05 9.97722E-05 9.97722E-05 9.97722E-05 9.97722E-05 9.97722E-05 9.97722E-05 9.97722E-05 9.97722E-05 9.97722E-05 9.97722E-05 9.97722E-05 9.97722E-05 9.97722E-05 0.0583058 9.97722E-05 9.97722E-05 9.97722E-05 9.97722E-05 9.97722E-05 9.97722E-05 9.97722E-05 9.97722E-05 9.97722E-05 9.97722E-05
9.98243E-05 9.98243E-05 9.98243E-05 0.0705456 9.98243E-05 9.98243E-05 0.168543 9.98243E-05 0.0755072 9.98243E-05 9.98243E-05 0.101218 9.98243E-05 9.98243E-05 9.98243E-05 9.98243E-05 9.98243E-05 9.98243E-05 0.0433837 0.458072 0.0278699 9.98243E-05 9.98243E-05 9.98243E-05 9.98243E-05 9.98243E-05 9.98243E-05 0.0528647
9.9807E-05 0.613895 9.9807E-05 9.9807E-05 0.00564317 0.131482 9.9807E-05 9.9807E-05 9.9807E-05 9.9807E-05 0.130873 9.9807E-05 9.9807E-05 9.9807E-05 9.9807E-05 0.11359 9.9807E-05 9.9807E-05 9.9807E-05 9.9807E-05 9.9807E-05 9.9807E-05 9.9807E-05 9.9807E-05 9.9807E-05 9.9807E-05 9.9807E-05 0.00232081
9.97635E-05 9.97635E-05 9.97635E-05 9.97635E-05 9.97635E-05 9.97635E-05 9.97635E-05 9.97635E-05 9.97635E-05 9.97635E-05 9.97635E-05 9.97635E-05 9.97635E-05 9.97635E-05 9.97635E-05 0.997306 9.97635E-05 9.97635E-05 9.97635E-05 9.97635E-05 9.97635E-05 9.97635E-05 9.97635E-05 9.97635E-05 9.97635E-05 9.97635E-05 9.97635E-05 9.97635E-05
9.97718E-05 0.918799 9.97718E-05 9.97718E-05 9.97718E-05 9.97718E-05 9.97718E-05 9.97718E-05 9.97718E-05 9.97718E-05 9.97718E-05 9.97718E-05 0.078607 9.97718E-05 9.97718E-05 9.97718E-05 9.97718E-05 9.97718E-05 9.97718E-05 9.97718E-05 9.97718E-05 9.97718E-05 9.97718E-05 9.97718E-05 9.97718E-05 9.97718E-05 9.97718E-05 9.97718E-05
9.97986E-05 9.97986E-05 0.78677 9.97986E-05 9.97986E-05 9.97986E-05 0.0460893 9.97986E-05 9.97986E-05 9.97986E-05 9.97986E-05 9.97986E-05 9.97986E-05 0.0564105 9.97986E-05 0.0618928 9.97986E-05 9.97986E-05 9.97986E-05 0.0465423 9.97986E-05 9.97986E-05 9.97986E-05 9.97986E-05 9.97986E-05 9.97986E-05 9.97986E-05 9.97986E-05
0.0301259 9.98159E-05 0.780625 9.98159E-05 9.98159E-05 9.98159E-05 9.98159E-05 9.98159E-05 0.000318348 9.98159E-05 9.98159E-05 0.0642102 9.98159E-05 9.98159E-05 9.98159E-05 0.0611273 9.98159E-05 0.045983 9.98159E-05 9.98159E-05 9.98159E-05 9.98159E-05 9.98159E-05 9.98159E-05 0.0155143 9.98159E-05 9.98159E-05 9.98159E-05
9.97894E-05 9.97894E-05 9.97894E-05 9.97894E-05 9.97894E-05 9.97894E-05 9.97894E-05 9.97894E-05 9.97894E-05 0.073568 9.97894E-05 9.97894E-05 9.97894E-05 9.97894E-05 9.97894E-05 0.874579 9.97894E-05 0.016476 9.97894E-05 9.97894E-05 9.97894E-05 9.97894E-05 9.97894E-05 9.97894E-05 9.97894E-05 0.0329817 9.97894E-05 9.97894E-05
9.9763E-05 9.9763E-05 9.9763E-05 9.9763E-05 9.9763E-05 9.9763E-05 9.9763E-05 9.9763E-05 9.9763E-05 9.9763E-05 9.9763E-05 9.9763E-05 9.9763E-05 9.9763E-05 9.9763E-05 9.9763E-05 9.9763E-05 9.9763E-05 9.9763E-05 0.997306 9.9763E-05 9.9763E-05 9.9763E-05 9.9763E-05 9.9763E-05 9.9763E-05 9.9763E-05 9.9763E-05
9.9807E-05 0.640934 0.283976 9.9807E-05 9.9807E-05 9.9807E-05 0.0336116 9.9807E-05 0.00313122 9.9807E-05 0.0189463 9.9807E-05 9.9807E-05 9.9807E-05 9.9807E-05 9.9807E-05 9.9807E-05 9.9807E-05 9.9807E-05 9.9807E-05 9.9807E-05 9.9807E-05 0.0172057 9.9807E-05 9.9807E-05 9.9807E-05 9.9807E-05 9.9807E-05
9.98157E-05 9.98157E-05 9.98157E-05 9.98157E-05 9.98157E-05 0.0134511 0.139783 9.98157E-05 0.00151887 9.98157E-05 9.98157E-05 9.98157E-05 9.98157E-05 9.98157E-05 0.00369024 9.98157E-05 9.98157E-05 9.98157E-05 9.98157E-05 9.98157E-05 0.0267639 0.768279 0.0444177 9.98157E-05 9.98157E-05 9.98157E-05 9.98157E-05 9.98157E-05
9.97898E-05 9.97898E-05 9.97898E-05 0.0289385 9.97898E-05 9.97898E-05 9.97898E-05 9.97898E-05 9.97898E-05 9.97898E-05 0.010155 9.97898E-05 9.97898E-05 9.97898E-05 9.97898E-05 9.97898E-05 9.97898E-05 9.97898E-05 9.97898E-05 9.97898E-05 9.97898E-05 0.958261 9.97898E-05 9.97898E-05 9.97898E-05 9.97898E-05 9.97898E-05 0.000250832
9.97721E-05 9.97721E-05 9.97721E-05 9.97721E-05 9.97721E-05 9.97721E-05 9.97721E-05 9.97721E-05 9.97721E-05 9.97721E-05 9.97721E-05 9.97721E-05 9.97721E-05 9.97721E-05 9.97721E-05 9.97721E-05 9.97721E-05 9.97721E-05 9.97721E-05 9.97721E-05 9.97721E-05 0.993627 9.97721E-05 9.97721E-05 9.97721E-05 0.00377866 9.97721E-05 9.97721E-05
9.98158E-05 9.98158E-05 9.98158E-05 9.98158E-05 9.98158E-05 9.98158E-05 0.00989982 0.022177 9.98158E-05 9.98158E-05 9.98158E-05 0.142372 9.98158E-05 9.98158E-05 0.343108 9.98158E-05 9.98158E-05 9.98158E-05 9.98158E-05 9.98158E-05 0.0885598 0.346783 9.98158E-05 9.98158E-05 9.98158E-05 0.0450043 9.98158E-05 9.98158E-05
0.110695 9.98154E-05 9.98154E-05 9.98154E-05 9.98154E-05 0.0951466 0.0471113 0.0580142 0.0111694 9.98154E-05 9.98154E-05 9.98154E-05 9.98154E-05 9.98154E-05 9.98154E-05 9.98154E-05 9.98154E-05 9.98154E-05 9.98154E-05 9.98154E-05 0.0123295 0.663438 9.98154E-05 9.98154E-05 9.98154E-05 9.98154E-05 9.98154E-05 9.98154E-05
9.98062E-05 9.98062E-05 9.98062E-05 9.98062E-05 9.98062E-05 0.0663157 0.178029 9.98062E-05 9.98062E-05 9.98062E-05 9.98062E-05 9.98062E-05 9.98062E-05 9.98062E-05 9.98062E-05 9.98062E-05 9.98062E-05 9.98062E-05 9.98062E-05 9.98062E-05 0.00511152 0.715891 9.98062E-05 9.98062E-05 9.98062E-05 9.98062E-05 0.0323575 9.98062E-05
9.97981E-05 9.97981E-05 9.97981E-05 9.97981E-05 9.97981E-05 9.97981E-05 0.117982 9.97981E-05 9.97981E-05 0.0726876 0.0147515 9.97981E-05 9.97981E-05 9.97981E-05 0.27578 9.97981E-05 9.97981E-05 9.97981E-05 9.97981E-05 9.97981E-05 9.97981E-05 0.516503 9.97981E-05 9.97981E-05 9.97981E-05 9.97981E-05 9.97981E-05 9.97981E-05
9.98156E-05 9.98156E-05 9.98156E-05 9.98156E-05 9.98156E-05 9.98156E-05 0.0522204 0.0175999 9.98156E-05 9.98156E-05 9.98156E-05 0.0178406 9.98156E-05 9.98156E-05 0.0732262 9.98156E-05 9.98156E-05 9.98156E-05 9.98156E-05 9.98156E-05 0.0556139 0.611493 9.98156E-05 9.98156E-05 9.98156E-05 0.16991 9.98156E-05 9.98156E-05
9.97634E-05 9.97634E-05 9.97634E-05 9.97634E-05 9.97634E-05 9.97634E-05 9.97634E-05 9.97634E-05 9.97634E-05 9.97634E-05 9.97634E-05 9.97634E-05 9.97634E-05 9.97634E-05 9.97634E-05 9.97634E-05 9.97634E-05 9.97634E-05 9.97634E-05 9.97634E-05 9.97634E-05 0.997306 9.97634E-05 9.97634E-05 9.97634E-05 9.97634E-05 9.97634E-05 9.97634E-05
9.97894E-05 9.97894E-05 9.97894E-05 9.97894E-05 9.97894E-05 9.97894E-05 9.97894E-05 9.97894E-05 0.0116918 9.97894E-05 0.00324133 9.97894E-05 9.97894E-05 9.97894E-05 9.97894E-05 9.97894E-05 9.97894E-05 9.97894E-05 9.97894E-05 9.97894E-05 9.97894E-05 0.941312 9.97894E-05 9.97894E-05 0.0413599 9.97894E-05 9.97894E-05 9.97894E-05
9.98154E-05 9.98154E-05 9.98154E-05 9.98154E-05 9.98154E-05 9.98154E-05 0.267505 9.98154E-05 0.132665 9.98154E-05 9.98154E-05 9.98154E-05 9.98154E-05 9.98154E-05 9.98154E-05 9.98154E-05 9.98154E-05 0.0111949 9.98154E-05 9.98154E-05 0.0371772 0.526236 9.98154E-05 9.98154E-05 0.00105642 9.98154E-05 9.98154E-05 0.0220691
9.98683E-05 9.98683E-05 9.98683E-05 9.98683E-05 0.0250981 0.0183339 0.131026 0.0501378 0.0139081 9.98683E-05 0.0504913 9.98683E-05 9.98683E-05 0.123625 0.0141762 9.98683E-05 0.0219694 9.98683E-05 0.046642 9.98683E-05 9.98683E-05 0.438576 0.00605185 9.98683E-05 9.98683E-05 9.98683E-05 9.98683E-05 0.0584662
9.9798E-05 9.9798E-05 9.9798E-05 9.9798E-05 9.9798E-05 9.9798E-05 9.9798E-05 9.9798E-05 0.0218591 9.9798E-05 9.9798E-05 9.9798E-05 9.9798E-05 9.9798E-05 9.9798E-05 9.9798E-05 0.105201 9.9798E-05 0.202563 9.9798E-05 0.094366 0.573716 9.9798E-05 9.9798E-05 9.9798E-05 9.9798E-05 9.9798E-05 9.9798E-05
9.98068E-05 9.98068E-05 9.98068E-05 9.98068E-05 9.98068E-05 0.196293 0.197928 9.98068E-05 9.98068E-05 9.98068E-05 9.98068E-05 9.98068E-05 9.98068E-05 9.98068E-05 0.0676948 9.98068E-05 9.98068E-05 0.0178567 0.00433746 9.98068E-05 9.98068E-05 0.513694 9.98068E-05 9.98068E-05 9.98068E-05 9.98068E-05 9.98068E-05 9.98068E-05
9.97812E-05 9.97812E-05 9.97812E-05 0.0883627 0.0303341 9.97812E-05 9.97812E-05 9.97812E-05 9.97812E-05 9.97812E-05 9.97812E-05 9.97812E-05 9.97812E-05 9.97812E-05 9.97812E-05 9.97812E-05 9.97812E-05 9.97812E-05 9.97812E-05 9.97812E-05 9.97812E-05 0.878809 9.97812E-05 9.97812E-05 9.97812E-05 9.97812E-05 9.97812E-05 9.97812E-05
9.97811E-05 9.97811E-05 9.97811E-05 9.97811E-05 9.97811E-05 9.97811E-05 9.97811E-05 9.97811E-05 0.00608422 9.97811E-05 9.97811E-05 9.97811E-05 9.97811E-05 9.97811E-05 9.97811E-05 9.97811E-05 9.97811E-05 9.97811E-05 9.97811E-05 9.97811E-05 0.0343904 0.957031 9.97811E-05 9.97811E-05 9.97811E-05 9.97811E-05 9.97811E-05 9.97811E-05
9.97979E-05 9.97979E-05 9.97979E-05 9.97979E-05 9.97979E-05 9.97979E-05 9.97979E-05 9.97979E-05 9.97979E-05 9.97979E-05 9.97979E-05 0.0326068 9.97979E-05 9.97979E-05 9.97979E-05 9.97979E-05 9.97979E-05 0.164692 9.97979E-05 9.97979E-05 9.97979E-05 0.685185 0.103419 9.97979E-05 9.97979E-05 0.0118013 9.97979E-05 9.97979E-05
9.98245E-05 9.98245E-05 9.98245E-05 9.98245E-05 9.98245E-05 0.0231928 9.98245E-05 9.98245E-05 0.0807968 9.98245E-05 0.119218 9.98245E-05 9.98245E-05 9.98245E-05 9.98245E-05 9.98245E-05 0.0557574 0.0446912 9.98245E-05 9.98245E-05 0.00475546 0.641565 9.98245E-05 9.98245E-05 0.0280264 9.98245E-05 9.98245E-05 9.98245E-05
9.97982E-05 9.97982E-05 9.97982E-05 9.97982E-05 9.97982E-05 9.97982E-05 0.0309998 9.97982E-05 0.00657829 9.97982E-05 9.97982E-05 9.97982E-05 9.97982E-05 9.97982E-05 9.97982E-05 9.97982E-05 9.97982E-05 0.0171146 9.97982E-05 9.97982E-05 9.97982E-05 0.874639 9.97982E-05 9.97982E-05 9.97982E-05 0.068373 9.97982E-05 9.97982E-05
0.00719862 9.98067E-05 9.98067E-05 0.0741191 9.98067E-05 9.98067E-05 0.175153 9.98067E-05 9.98067E-05 9.98067E-05 9.98067E-05 9.98067E-05 0.0856576 9.98067E-05 9.98067E-05 9.98067E-05 0.0240889 9.98067E-05 9.98067E-05 9.98067E-05 9.98067E-05 0.631587 9.98067E-05 9.98067E-05 9.98067E-05 9.98067E-05 9.98067E-05 9.98067E-05
9.97725E-05 9.97725E-05 0.062433 9.97725E-05 9.97725E-05 9.97725E-05 9.97725E-05 9.97725E-05 9.97725E-05 9.97725E-05 9.97725E-05 9.97725E-05 9.97725E-05 9.97725E-05 9.97725E-05 9.97725E-05 9.97725E-05 9.97725E-05 9.97725E-05 9.97725E-05 9.97725E-05 0.934973 9.97725E-05 9.97725E-05 9.97725E-05 9.97725E-05 9.97725E-05 9.97725E-05
9.98155E-05 9.98155E-05 9.98155E-05 9.98155E-05 9.98155E-05 0.212149 0.0149907 9.98155E-05 9.98155E-05 9.98155E-05 9.98155E-05 9.98155E-05 9.98155E-05 0.0228732 0.0211195 9.98155E-05 9.98155E-05 0.0160086 9.98155E-05 9.98155E-05 9.98155E-05 0.691688 9.98155E-05 9.98155E-05 9.98155E-05 0.0190747 9.98155E-05 9.98155E-05
9.97898E-05 9.97898E-05 9.97898E-05 9.97898E-05 9.97898E-05 9.97898E-05 0.0321243 9.97898E-05 9.97898E-05 9.97898E-05 9.97898E-05 0.17579 9.97898E-05 9.97898E-05 9.97898E-05 9.97898E-05 9.97898E-05 9.97898E-05 9.97898E-05 9.97898E-05 0.00918608 0.780505 9.97898E-05 9.97898E-05 9.97898E-05 9.97898E-05 9.97898E-05 9.97898E-05
9.98158E-05 9.98158E-05 9.98158E-05 9.98158E-05 9.98158E-05 9.98158E-05 0.000914716 9.98158E-05 9.98158E-05 9.98158E-05 9.98158E-05 9.98158E-05 9.98158E-05 9.98158E-05 9.98158E-05 9.98158E-05 9.98158E-05 0.114927 9.98158E-05 9.98158E-05 0.0180194 0.718915 0.037428 9.98158E-05 0.0921403 0.0155601 9.98158E-05 9.98158E-05
9.98068E-05 9.98068E-05 9.98068E-05 9.98068E-05 9.98068E-05 9.98068E-05 0.0566816 9.98068E-05 0.0141892 9.98068E-05 0.000976752 9.98068E-05 9.98068E-05 9.98068E-05 9.98068E-05 9.98068E-05 0.220457 9.98068E-05 9.98068E-05 9.98068E-05 0.016053 0.689447 9.98068E-05 9.98068E-05 9.98068E-05 9.98068E-05 9.98068E-05 9.98068E-05
9.97898E-05 9.97898E-05 9.97898E-05 9.97898E-05 0.021347 9.97898E-05 9.97898E-05 9.97898E-05 9.97898E-05 9.97898E-05 9.97898E-05 9.97898E-05 9.97898E-05 9.97898E-05 0.013328 9.97898E-05 9.97898E-05 9.97898E-05 9.97898E-05 9.97898E-05 0.0146424 0.948288 9.97898E-05 9.97898E-05 9.97898E-05 9.97898E-05 9.97898E-05 9.97898E-05
9.97725E-05 9.97725E-05 9.97725E-05 9.97725E-05 9.97725E-05 0.0546232 9.97725E-05 9.97725E-05 9.97725E-05 9.97725E-05 9.97725E-05 9.97725E-05 9.97725E-05 9.97725E-05 9.97725E-05 9.97725E-05 9.97725E-05 9.97725E-05 9.97725E-05 9.97725E-05 9.97725E-05 0.942783 9.97725E-05 9.97725E-05 9.97725E-05 9.97725E-05 9.97725E-05 9.97725E-05
9.97634E-05 9.97634E-05 9.97634E-05 9.97634E-05 9.97634E-05 9.97634E-05 9.97634E-05 9.97634E-05 9.97634E-05 9.97634E-05 9.97634E-05 9.97634E-05 9.97634E-05 9.97634E-05 9.97634E-05 9.97634E-05 9.97634E-05 9.97634E-05 9.97634E-05 9.97634E-05 9.97634E-05 0.997306 9.97634E-05 9.97634E-05 9.97634E-05 9.97634E-05 9.97634E-05 9.97634E-05
9.97809E-05 9.97809E-05 9.97809E-05 9.97809E-05 9.97809E-05 9.97809E-05 9.97809E-05 9.97809E-05 9.97809E-05 9.97809E-05 9.97809E-05 9.97809E-05 9.97809E-05 9.97809E-05 9.97809E-05 9.97809E-05 0.0249592 9.97809E-05 9.97809E-05 9.97809E-05 9.97809E-05 0.92131 9.97809E-05 9.97809E-05 9.97809E-05 0.0512363 9.97809E-05 9.97809E-05
9.98072E-05 9.98072E-05 0.255728 0.085168 9.98072E-05 9.98072E-05 0.113705 9.98072E-05 9.98072E-05 9.98072E-05 9.98072E-05 9.98072E-05 9.98072E-05 9.98072E-05 9.98072E-05 9.98072E-05 9.98072E-05 9.98072E-05 9.98072E-05 9.98072E-05 0.0593396 0.461375 9.98072E-05 0.0224884 9.98072E-05 9.98072E-05 9.98072E-05 9.98072E-05
9.97808E-05 9.97808E-05 9.97808E-05 9.97808E-05 9.97808E-05 9.97808E-05 0.147114 9.97808E-05 9.97808E-05 9.97808E-05 9.97808E-05 0.74825 9.97808E-05 9.97808E-05 9.97808E-05 9.97808E-05 9.97808E-05 9.97808E-05 9.97808E-05 9.97808E-05 0.102141 9.97808E-05 9.97808E-05 9.97808E-05 9.97808E-05 9.97808E-05 9.97808E-05 9.97808E-05
9.97897E-05 0.0875344 9.97897E-05 9.97897E-05 9.97897E-05 9.97897E-05 9.97897E-05 9.97897E-05 9.97897E-05 9.97897E-05 9.97897E-05 0.486321 9.97897E-05 9.97897E-05 9.97897E-05 9.97897E-05 9.97897E-05 9.97897E-05 9.97897E-05 9.97897E-05 0.0651633 9.97897E-05 9.97897E-05 0.358586 9.97897E-05 9.97897E-05 9.97897E-05 9.97897E-05
9.97806E-05 9.97806E-05 9.97806E-05 9.97806E-05 0.0178104 9.97806E-05 0.095825 9.97806E-05 9.97806E-05 9.97806E-05 9.97806E-05 0.88387 9.97806E-05 9.97806E-05 9.97806E-05 9.97806E-05 9.97806E-05 9.97806E-05 9.97806E-05 9.97806E-05 9.97806E-05 9.97806E-05 9.97806E-05 9.97806E-05 9.97806E-05 9.97806E-05 9.97806E-05 9.97806E-05
9.98067E-05 9.98067E-05 9.98067E-05 9.98067E-05 9.98067E-05 9.98067E-05 0.121174 9.98067E-05 0.0462156 9.98067E-05 0.00403887 0.675848 9.98067E-05 9.98067E-05 9.98067E-05 9.98067E-05 9.98067E-05 9.98067E-05 9.98067E-05 9.98067E-05 0.0765645 9.98067E-05 9.98067E-05 9.98067E-05 9.98067E-05 0.0739631 9.98067E-05 9.98067E-05
9.97893E-05 9.97893E-05 9.97893E-05 9.97893E-05 0.00787137 9.97893E-05 9.97893E-05 9.97893E-05 9.97893E-05 9.97893E-05 9.97893E-05 0.918702 9.97893E-05 9.97893E-05 9.97893E-05 9.97893E-05 9.97893E-05 9.97893E-05 9.97893E-05 9.97893E-05 0.0653598 9.97893E-05 9.97893E-05 9.97893E-05 9.97893E-05 9.97893E-05 0.00567243 9.97893E-05
9.98071E-05 9.98071E-05 9.98071E-05 9.98071E-05 9.98071E-05 9.98071E-05 0.186906 9.98071E-05 9.98071E-05 9.98071E-05 0.0133951 0.634941 9.98071E-05 9.98071E-05 0.00258115 9.98071E-05 9.98071E-05 9.98071E-05 9.98071E-05 9.98071E-05 0.112958 9.98071E-05 9.98071E-05 9.98071E-05 9.98071E-05 9.98071E-05 9.98071E-05 0.0470231
9.98071E-05 9.98071E-05 9.98071E-05 9.98071E-05 9.98071E-05 0.00591891 0.0729418 9.98071E-05 0.00192629 9.98071E-05 9.98071E-05 0.786095 9.98071E-05 9.98071E-05 9.98071E-05 9.98071E-05 0.0578025 9.98071E-05 9.98071E-05 9.98071E-05 0.0731196 9.98071E-05 9.98071E-05 9.98071E-05 9.98071E-05 9.98071E-05 9.98071E-05 9.98071E-05
9.9772E-05 9.9772E-05 9.9772E-05 9.9772E-05 9.9772E-05 9.9772E-05 9.9772E-05 9.9772E-05 9.9772E-05 9.9772E-05 9.9772E-05 0.83818 9.9772E-05 9.9772E-05 9.9772E-05 9.9772E-05 9.9772E-05 9.9772E-05 9.9772E-05 9.9772E-05 0.159226 9.9772E-05 9.9772E-05 9.9772E-05 9.9772E-05 9.9772E-05 9.9772E-05 9.9772E-05
9.97892E-05 9.97892E-05 9.97892E-05 0.041868 9.97892E-05 9.97892E-05 9.97892E-05 9.97892E-05 9.97892E-05 9.97892E-05 9.97892E-05 0.463506 9.97892E-05 9.97892E-05 0.189067 9.97892E-05 9.97892E-05 9.97892E-05 9.97892E-05 9.97892E-05 0.303165 9.97892E-05 9.97892E-05 9.97892E-05 9.97892E-05 9.97892E-05 9.97892E-05 9.97892E-05
9.97894E-05 9.97894E-05 9.97894E-05 9.97894E-05 9.97894E-05 9.97894E-05 0.22635 9.97894E-05 9.97894E-05 9.97894E-05 9.97894E-05 0.496258 9.97894E-05 0.0741181 9.97894E-05 9.97894E-05 9.97894E-05 9.97894E-05 9.97894E-05 9.97894E-05 0.200879 9.97894E-05 9.97894E-05 9.97894E-05 9.97894E-05 9.97894E-05 9.97894E-05 9.97894E-05
9.97897E-05 9.97897E-05 9.97897E-05 9.97897E-05 9.97897E-05 9.97897E-05 9.97897E-05 9.97897E-05 0.00697817 9.97897E-05 9.97897E-05 0.52984 9.97897E-05 9.97897E-05 0.267636 9.97897E-05 9.97897E-05 9.97897E-05 9.97897E-05 9.97897E-05 9.97897E-05 9.97897E-05 9.97897E-05 0.193152 9.97897E-05 9.97897E-05 9.97897E-05 9.97897E-05
9.97984E-05 9.97984E-05 9.97984E-05 9.97984E-05 9.97984E-05 9.97984E-05 0.0344994 9.97984E-05 9.97984E-05 9.97984E-05 9.97984E-05 0.748372 9.97984E-05 9.97984E-05 0.12471 9.97984E-05 9.97984E-05 9.97984E-05 9.97984E-05 0.054476 9.97984E-05 9.97984E-05 9.97984E-05 0.0356474 9.97984E-05 9.97984E-05 9.97984E-05 9.97984E-05
9.9781E-05 9.9781E-05 9.9781E-05 9.9781E-05 9.9781E-05 9.9781E-05 9.9781E-05 9.9781E-05 9.9781E-05 9.9781E-05 9.9781E-05 0.935449 9.9781E-05 9.9781E-05 9.9781E-05 9.9781E-05 9.9781E-05 9.9781E-05 9.9781E-05 9.9781E-05 0.0525644 9.9781E-05 9.9781E-05 9.9781E-05 9.9781E-05 9.9781E-05 9.9781E-05 0.00949213
9.98073E-05 9.98073E-05 9.98073E-05 9.98073E-05 9.98073E-05 9.98073E-05 0.154688 9.98073E-05 9.98073E-05 9.98073E-05 9.98073E-05 0.64803 9.98073E-05 9.98073E-05 9.98073E-05 9.98073E-05 9.98073E-05 9.98073E-05 9.98073E-05 0.0204788 0.0888193 9.98073E-05 9.98073E-05 0.0285192 0.0572684 9.98073E-05 9.98073E-05 9.98073E-05
9.9816E-05 9.9816E-05 9.9816E-05 9.9816E-05 9.9816E-05 9.9816E-05 9.9816E-05 9.9816E-05 0.00300302 9.9816E-05 9.9816E-05 0.657327 9.9816E-05 9.9816E-05 9.9816E-05 9.9816E-05 9.9816E-05 9.9816E-05 9.9816E-05 9.9816E-05 0.0647973 9.9816E-05 9.9816E-05 0.00722999 0.0544768 0.204322 9.9816E-05 0.00674767
0.0821704 9.9816E-05 9.9816E-05 0.11744 0.0281038 9.9816E-05 0.106476 9.9816E-05 9.9816E-05 9.9816E-05 9.9816E-05 0.560133 9.9816E-05 9.9816E-05 0.0440006 9.9816E-05 9.9816E-05 9.9816E-05 9.9816E-05 9.9816E-05 9.9816E-05 9.9816E-05 9.9816E-05 9.9816E-05 9.9816E-05 9.9816E-05 9.9816E-05 0.05958
0.0175335 9.97983E-05 9.97983E-05 9.97983E-05 9.97983E-05 9.97983E-05 0.104242 9.97983E-05 9.97983E-05 9.97983E-05 9.97983E-05 0.626367 9.97983E-05 9.97983E-05 0.24543 9.97983E-05 9.97983E-05 9.97983E-05 9.97983E-05 9.97983E-05 0.00413156 9.97983E-05 9.97983E-05 9.97983E-05 9.97983E-05 9.97983E-05 9.97983E-05 9.97983E-05
9.97811E-05 9.97811E-05 9.97811E-05 9.97811E-05 9.97811E-05 9.97811E-05 9.97811E-05 9.97811E-05 9.97811E-05 9.97811E-05 9.97811E-05 0.730152 9.97811E-05 9.97811E-05 9.97811E-05 9.97811E-05 9.97811E-05 9.97811E-05 9.97811E-05 9.97811E-05 0.088514 9.97811E-05 9.97811E-05 9.97811E-05 9.97811E-05 9.97811E-05 9.97811E-05 0.178839
9.97721E-05 9.97721E-05 9.97721E-05 9.97721E-05 9.97721E-05 9.97721E-05 9.97721E-05 9.97721E-05 0.012274 9.97721E-05 9.97721E-05 0.985132 9.97721E-05 9.97721E-05 9.97721E-05 9.97721E-05 9.97721E-05 9.97721E-05 9.97721E-05 9.97721E-05 9.97721E-05 9.97721E-05 9.97721E-05 9.97721E-05 9.97721E-05 9.97721E-05 9.97721E-05 9.97721E-05
0.0849846 9.98072E-05 9.98072E-05 0.0405935 9.98072E-05 9.98072E-05 0.108508 9.98072E-05 9.98072E-05 9.98072E-05 9.98072E-05 0.509876 9.98072E-05 9.98072E-05 9.98072E-05 9.98072E-05 9.98072E-05 9.98072E-05 9.98072E-05 9.98072E-05 0.112822 9.98072E-05 9.98072E-05 0.14102 9.98072E-05 9.98072E-05 9.98072E-05 9.98072E-05
9.97983E-05 9.97983E-05 9.97983E-05 9.97983E-05 9.97983E-05 9.97983E-05 0.0778774 9.97983E-05 9.97983E-05 9.97983E-05 9.97983E-05 0.705531 9.97983E-05 9.97983E-05 0.128236 9.97983E-05 9.97983E-05 9.97983E-05 9.97983E-05 9.97983E-05 0.0101095 9.97983E-05 9.97983E-05 9.97983E-05 9.97983E-05 9.97983E-05 9.97983E-05 0.0759506
9.97896E-05 9.97896E-05 9.97896E-05 9.97896E-05 9.97896E-05 9.97896E-05 0.0499242 9.97896E-05 9.97896E-05 9.97896E-05 9.97896E-05 0.939133 9.97896E-05 9.97896E-05 9.97896E-05 9.97896E-05 0.00593767 9.97896E-05 9.97896E-05 9.97896E-05 0.00260994 9.97896E-05 9.97896E-05 9.97896E-05 9.97896E-05 9.97896E-05 9.97896E-05 9.97896E-05
0.00280422 9.98334E-05 9.98334E-05 9.98334E-05 9.98334E-05 9.98334E-05 0.16249 9.98334E-05 0.0446718 9.98334E-05 9.98334E-05 0.350477 9.98334E-05 9.98334E-05 0.150688 9.98334E-05 9.98334E-05 0.0357697 9.98334E-05 9.98334E-05 0.199897 9.98334E-05 9.98334E-05 9.98334E-05 0.0358455 9.98334E-05 0.0154613 9.98334E-05
9.97984E-05 9.97984E-05 9.97984E-05 9.97984E-05 0.0317847 9.97984E-05 0.0520101 9.97984E-05 9.97984E-05 9.97984E-05 9.97984E-05 0.632672 9.97984E-05 9.97984E-05 9.97984E-05 9.97984E-05 9.97984E-05 9.97984E-05 9.97984E-05 9.97984E-05 0.162525 9.97984E-05 9.97984E-05 0.118712 9.97984E-05 9.97984E-05 9.97984E-05 9.97984E-05
0.0189458 9.98244E-05 9.98244E-05 9.98244E-05 9.98244E-05 9.98244E-05 0.185946 9.98244E-05 9.98244E-05 9.98244E-05 0.0200549 0.4293 9.98244E-05 9.98244E-05 0.0706143 9.98244E-05 9.98244E-05 0.0249461 9.98244E-05 9.98244E-05 0.24623 9.98244E-05 9.98244E-05 9.98244E-05 9.98244E-05 9.98244E-05 0.00196656 9.98244E-05
9.98246E-05 9.98246E-05 9.98246E-05 9.98246E-05 9.98246E-05 9.98246E-05 0.115007 9.98246E-05 9.98246E-05 9.98246E-05 9.98246E-05 0.339087 0.0194819 9.98246E-05 0.0701979 9.98246E-05 0.0273377 9.98246E-05 9.98246E-05 9.98246E-05 0.121815 0.108509 9.98246E-05 0.196569 9.98246E-05 9.98246E-05 9.98246E-05 9.98246E-05
9.98158E-05 9.98158E-05 9.98158E-05 9.98158E-05 0.00203401 9.98158E-05 0.0642908 9.98158E-05 9.98158E-05 9.98158E-05 9.98158E-05 0.205984 9.98158E-05 9.98158E-05 9.98158E-05 9.98158E-05 9.98158E-05 9.98158E-05 9.98158E-05 9.98158E-05 9.98158E-05 9.98158E-05 0.0815787 0.527003 0.0146062 9.98158E-05 0.102407 9.98158E-05
9.97979E-05 9.97979E-05 9.97979E-05 9.97979E-05 9.97979E-05 9.97979E-05 0.0739138 9.97979E-05 9.97979E-05 9.97979E-05 0.0270595 0.828247 9.97979E-05 9.97979E-05 9.97979E-05 9.97979E-05 9.97979E-05 0.0135338 9.97979E-05 9.97979E-05 0.0549506 9.97979E-05 9.97979E-05 9.97979E-05 9.97979E-05 9.97979E-05 9.97979E-05 9.97979E-05
9.97897E-05 9.97897E-05 9.97897E-05 9.97897E-05 9.97897E-05 9.97897E-05 0.166933 9.97897E-05 9.97897E-05 9.97897E-05 9.97897E-05 0.526301 9.97897E-05 9.97897E-05 0.105047 9.97897E-05 9.97897E-05 9.97897E-05 9.97897E-05 9.97897E-05 0.199323 9.97897E-05 9.97897E-05 9.97897E-05 9.97897E-05 9.97897E-05 9.97897E-05 9.97897E-05
9.97897E-05 9.97897E-05 9.97897E-05 9.97897E-05 0.135998 9.97897E-05 0.140635 9.97897E-05 9.97897E-05 9.97897E-05 9.97897E-05 0.658857 9.97897E-05 9.97897E-05 9.97897E-05 9.97897E-05 9.97897E-05 9.97897E-05 9.97897E-05 9.97897E-05 9.97897E-05 9.97897E-05 9.97897E-05 0.0621156 9.97897E-05 9.97897E-05 9.97897E-05 9.97897E-05
9.98073E-05 9.98073E-05 9.98073E-05 9.98073E-05 9.98073E-05 9.98073E-05 0.152711 9.98073E-05 0.0414634 9.98073E-05 9.98073E-05 0.653066 0.0421327 9.98073E-05 0.0691867 9.98073E-05 9.98073E-05 9.98073E-05 9.98073E-05 9.98073E-05 0.0392444 9.98073E-05 9.98073E-05 9.98073E-05 9.98073E-05 9.98073E-05 9.98073E-05 9.98073E-05
0.0171334 9.97807E-05 9.97807E-05 9.97807E-05 9.97807E-05 9.97807E-05 9.97807E-05 9.97807E-05 9.97807E-05 9.97807E-05 9.97807E-05 0.956561 0.0238106 9.97807E-05 9.97807E-05 9.97807E-05 9.97807E-05 9.97807E-05 9.97807E-05 9.97807E-05 9.97807E-05 9.97807E-05 9.97807E-05 9.97807E-05 9.97807E-05 9.97807E-05 9.97807E-05 9.97807E-05
0.147919 9.97981E-05 9.97981E-05 9.97981E-05 0.0527848 9.97981E-05 0.135272 9.97981E-05 9.97981E-05 9.97981E-05 9.97981E-05 0.374086 9.97981E-05 9.97981E-05 9.97981E-05 9.97981E-05 9.97981E-05 9.97981E-05 9.97981E-05 9.97981E-05 0.287643 9.97981E-05 9.97981E-05 9.97981E-05 9.97981E-05 9.97981E-05 9.97981E-05 9.97981E-05
9.97893E-05 9.97893E-05 9.97893E-05 9.97893E-05 9.97893E-05 0.0983524 0.054184 9.97893E-05 9.97893E-05 9.97893E-05 9.97893E-05 0.799154 9.97893E-05 0.0459149 9.97893E-05 9.97893E-05 9.97893E-05 9.97893E-05 9.97893E-05 9.97893E-05 9.97893E-05 9.97893E-05 9.97893E-05 9.97893E-05 9.97893E-05 9.97893E-05 9.97893E-05 9.97893E-05
9.97809E-05 9.97809E-05 9.97809E-05 9.97809E-05 9.97809E-05 9.97809E-05 0.0359585 9.97809E-05 9.97809E-05 9.97809E-05 0.00390182 0.957645 9.97809E-05 9.97809E-05 9.97809E-05 9.97809E-05 9.97809E-05 9.97809E-05 9.97809E-05 9.97809E-05 9.97809E-05 9.97809E-05 9.97809E-05 9.97809E-05 9.97809E-05 9.97809E-05 9.97809E-05 9.97809E-05
9.97981E-05 9.97981E-05 9.97981E-05 0.128404 9.97981E-05 9.97981E-05 9.97981E-05 9.97981E-05 9.97981E-05 9.97981E-05 9.97981E-05 0.63167 9.97981E-05 9.97981E-05 9.97981E-05 9.97981E-05 9.97981E-05 9.97981E-05 9.97981E-05 9.97981E-05 0.0635535 9.97981E-05 9.97981E-05 0.072991 9.97981E-05 9.97981E-05 9.97981E-05 0.101087
