9.99034E-05 9.99034E-05 9.99034E-05 0.114563 9.99034E-05 9.99034E-05 0.160942 9.99034E-05 0.0627054 0.0431077 9.99034E-05 9.99034E-05 0.0230694 9.99034E-05 0.229247 0.0497433 0.315523 9.99034E-05 9.99034E-05
9.98771E-05 9.98771E-05 9.98771E-05 0.135448 9.98771E-05 9.98771E-05 9.98771E-05 9.98771E-05 9.98771E-05 9.98771E-05 0.000392693 9.98771E-05 9.98771E-05 9.98771E-05 0.11195 9.98771E-05 0.713383 9.98771E-05 0.0374278
0.001382 9.98771E-05 9.98771E-05 9.98771E-05 9.98771E-05 9.98771E-05 0.00423082 9.98771E-05 9.98771E-05 0.0327193 9.98771E-05 9.98771E-05 9.98771E-05 9.98771E-05 9.98771E-05 9.98771E-05 0.917916 0.0423536 9.98771E-05
9.99035E-05 0.360846 9.99035E-05 9.99035E-05 9.99035E-05 9.99035E-05 0.122344 9.99035E-05 0.0278775 0.0764649 9.99035E-05 0.0501137 9.99035E-05 9.99035E-05 9.99035E-05 0.0153624 0.21609 0.129803 9.99035E-05
0.131253 9.98684E-05 9.98684E-05 9.98684E-05 0.0261989 9.98684E-05 9.98684E-05 9.98684E-05 9.98684E-05 9.98684E-05 9.98684E-05 9.98684E-05 9.98684E-05 9.98684E-05 9.98684E-05 9.98684E-05 0.752872 9.98684E-05 0.0881785
0.242135 9.98948E-05 9.98948E-05 0.0142541 9.98948E-05 9.98948E-05 9.98948E-05 9.98948E-05 9.98948E-05 9.98948E-05 0.0256161 0.115071 9.98948E-05 9.98948E-05 0.294154 9.98948E-05 0.170018 0.137552 9.98948E-05
9.99123E-05 0.217238 9.99123E-05 0.0843862 9.99123E-05 9.99123E-05 0.101243 9.99123E-05 0.033178 9.99123E-05 9.99123E-05 9.99123E-05 0.106949 9.99123E-05 0.0727576 0.0714205 0.2786 9.99123E-05 0.033228
0.113239 0.0458016 9.99123E-05 9.99123E-05 0.105707 9.99123E-05 0.180295 9.99123E-05 9.99123E-05 9.99123E-05 9.99123E-05 0.13396 9.99123E-05 0.066486 0.119886 9.99123E-05 0.193337 0.0402892 9.99123E-05
0.0331049 9.98859E-05 9.98859E-05 9.98859E-05 9.98859E-05 9.98859E-05 0.00140653 9.98859E-05 0.221007 0.218779 9.98859E-05 0.25528 9.98859E-05 9.98859E-05 9.98859E-05 9.98859E-05 0.269123 9.98859E-05 9.98859E-05
9.98508E-05 9.98508E-05 9.98508E-05 9.98508E-05 9.98508E-05 9.98508E-05 9.98508E-05 9.98508E-05 9.98508E-05 0.0772652 9.98508E-05 9.98508E-05 9.98508E-05 9.98508E-05 9.98508E-05 9.98508E-05 0.921037 9.98508E-05 9.98508E-05
9.98771E-05 9.98771E-05 9.98771E-05 9.98771E-05 9.98771E-05 9.98771E-05 0.0546813 9.98771E-05 9.98771E-05 0.169196 9.98771E-05 9.98771E-05 9.98771E-05 9.98771E-05 0.162349 0.108844 0.503532 9.98771E-05 9.98771E-05
9.98859E-05 0.0342883 9.98859E-05 9.98859E-05 0.00391447 9.98859E-05 9.98859E-05 9.98859E-05 9.98859E-05 0.00412961 9.98859E-05 9.98859E-05 9.98859E-05 9.98859E-05 0.0603107 0.0739722 0.822086 9.98859E-05 9.98859E-05
9.98772E-05 9.98772E-05 9.98772E-05 9.98772E-05 9.98772E-05 9.98772E-05 0.0595836 9.98772E-05 9.98772E-05 0.0569919 9.98772E-05 0.0285671 9.98772E-05 9.98772E-05 9.98772E-05 9.98772E-05 0.775899 9.98772E-05 0.0775599
9.99211E-05 9.99211E-05 9.99211E-05 9.99211E-05 0.0132364 0.0179321 0.0471147 0.0409315 9.99211E-05 0.0887847 9.99211E-05 9.99211E-05 0.000288314 9.99211E-05 9.99211E-05 0.0530484 0.628074 0.0894699 0.0202205
9.98947E-05 9.98947E-05 9.98947E-05 9.98947E-05 9.98947E-05 9.98947E-05 9.98947E-05 0.0659171 0.0132263 0.165703 9.98947E-05 0.108621 9.98947E-05 9.98947E-05 0.27888 9.98947E-05 0.246484 0.119969 9.98947E-05
9.98947E-05 9.98947E-05 9.98947E-05 9.98947E-05 0.234422 9.98947E-05 0.0814922 9.98947E-05 9.98947E-05 0.0635198 9.98947E-05 0.160348 9.98947E-05 0.0213144 0.306058 9.98947E-05 0.131647 9.98947E-05 9.98947E-05
9.99123E-05 0.00275839 9.99123E-05 0.0298541 0.0500677 0.14524 0.0595395 9.99123E-05 9.99123E-05 0.110742 9.99123E-05 9.99123E-05 9.99123E-05 0.00957022 9.99123E-05 0.0928096 0.49842 9.99123E-05 9.99123E-05
9.98947E-05 9.98947E-05 0.141125 9.98947E-05 9.98947E-05 9.98947E-05 0.211884 9.98947E-05 9.98947E-05 0.118499 0.0823412 0.0157712 9.98947E-05 9.98947E-05 0.283829 9.98947E-05 0.145351 9.98947E-05 9.98947E-05
9.99209E-05 9.99209E-05 0.0106637 9.99209E-05 9.99209E-05 9.99209E-05 0.183989 0.105539 9.99209E-05 0.169355 0.00555516 0.124738 9.99209E-05 0.00696749 0.0687466 0.00159643 0.32195 9.99209E-05 9.99209E-05
9.98508E-05 9.98508E-05 9.98508E-05 9.98508E-05 9.98508E-05 9.98508E-05 9.98508E-05 9.98508E-05 9.98508E-05 9.98508E-05 0.0272532 9.98508E-05 9.98508E-05 9.98508E-05 9.98508E-05 9.98508E-05 0.971049 9.98508E-05 9.98508E-05
9.99034E-05 0.0890107 9.99034E-05 9.99034E-05 0.0762175 9.99034E-05 0.0417643 9.99034E-05 9.99034E-05 0.0603866 9.99034E-05 0.121359 9.99034E-05 9.99034E-05 9.99034E-05 0.104294 0.497447 0.00842164 9.99034E-05
0.201672 0.0786614 9.9886E-05 9.9886E-05 9.9886E-05 9.9886E-05 0.373115 9.9886E-05 9.9886E-05 9.9886E-05 9.9886E-05 0.133372 9.9886E-05 9.9886E-05 9.9886E-05 9.9886E-05 0.204126 9.9886E-05 0.00775525
9.98771E-05 9.98771E-05 9.98771E-05 9.98771E-05 9.98771E-05 9.98771E-05 9.98771E-05 9.98771E-05 9.98771E-05 0.0889575 9.98771E-05 9.98771E-05 9.98771E-05 9.98771E-05 0.266081 0.0349157 0.586582 0.0220656 9.98771E-05
9.98858E-05 9.98858E-05 9.98858E-05 9.98858E-05 0.0228549 9.98858E-05 0.302743 9.98858E-05 0.0796309 0.207698 9.98858E-05 9.98858E-05 9.98858E-05 9.98858E-05 0.00849022 9.98858E-05 0.377284 9.98858E-05 9.98858E-05
9.98946E-05 9.98946E-05 9.98946E-05 9.98946E-05 9.98946E-05 9.98946E-05 0.0550993 0.141315 9.98946E-05 0.247172 0.0478001 0.0826245 9.98946E-05 9.98946E-05 9.98946E-05 9.98946E-05 0.260034 0.164756 9.98946E-05
9.98772E-05 0.0342407 9.98772E-05 9.98772E-05 9.98772E-05 9.98772E-05 0.0698472 9.98772E-05 9.98772E-05 0.165118 9.98772E-05 9.98772E-05 9.98772E-05 9.98772E-05 9.98772E-05 9.98772E-05 0.620633 0.108762 9.98772E-05
9.98859E-05 9.98859E-05 0.10915 9.98859E-05 0.0830658 9.98859E-05 0.222558 9.98859E-05 9.98859E-05 0.0892008 9.98859E-05 9.98859E-05 9.98859E-05 9.98859E-05 9.98859E-05 9.98859E-05 9.98859E-05 0.220317 0.27441
9.98772E-05 0.122275 9.98772E-05 9.98772E-05 9.98772E-05 9.98772E-05 0.0318884 9.98772E-05 9.98772E-05 0.0384865 9.98772E-05 9.98772E-05 9.98772E-05 9.98772E-05 9.98772E-05 9.98772E-05 0.793915 0.0120368 9.98772E-05
9.98947E-05 9.98947E-05 9.98947E-05 9.98947E-05 9.98947E-05 9.98947E-05 0.0592194 9.98947E-05 9.98947E-05 0.185849 0.00313261 9.98947E-05 9.98947E-05 9.98947E-05 0.0407943 9.98947E-05 0.589355 0.0209381 0.0995129
9.98773E-05 9.98773E-05 9.98773E-05 9.98773E-05 9.98773E-05 0.0878093 9.98773E-05 9.98773E-05 9.98773E-05 0.0104189 9.98773E-05 0.0335722 9.98773E-05 9.98773E-05 9.98773E-05 9.98773E-05 0.764448 9.98773E-05 0.102353
9.98947E-05 9.98947E-05 9.98947E-05 9.98947E-05 9.98947E-05 9.98947E-05 9.98947E-05 9.98947E-05 9.98947E-05 0.033338 0.0271406 0.0228054 9.98947E-05 9.98947E-05 0.153498 0.0740881 0.60913 9.98947E-05 0.0788015
9.98948E-05 0.0518822 9.98948E-05 9.98948E-05 9.98948E-05 9.98948E-05 0.0710533 0.00826034 9.98948E-05 0.113711 9.98948E-05 9.98948E-05 9.98948E-05 9.98948E-05 9.98948E-05 0.100538 0.524356 0.129 9.98948E-05
9.98947E-05 9.98947E-05 9.98947E-05 9.98947E-05 0.0594227 9.98947E-05 0.179784 9.98947E-05 9.98947E-05 0.106508 9.98947E-05 9.98947E-05 9.98947E-05 9.98947E-05 0.0840183 0.0864422 0.451187 0.0314392 9.98947E-05
9.98947E-05 9.98947E-05 0.0313513 9.98947E-05 9.98947E-05 9.98947E-05 0.136861 0.00226735 9.98947E-05 0.122545 9.98947E-05 9.98947E-05 0.0257989 9.98947E-05 9.98947E-05 9.98947E-05 0.534137 0.145841 9.98947E-05
9.98947E-05 9.98947E-05 9.98947E-05 0.0626071 9.98947E-05 9.98947E-05 9.98947E-05 9.98947E-05 9.98947E-05 0.000830712 0.0341034 9.98947E-05 9.98947E-05 9.98947E-05 0.0157166 0.02259 0.807316 9.98947E-05 0.0556376
9.99122E-05 0.0646864 9.99122E-05 0.00955079 9.99122E-05 9.99122E-05 0.0841026 9.99122E-05 0.0553069 0.00407581 9.99122E-05 0.0287868 9.99122E-05 9.99122E-05 0.0513904 9.99122E-05 0.66907 9.99122E-05 0.0320308
9.98861E-05 0.0977699 9.98861E-05 0.0203394 0.0294052 9.98861E-05 9.98861E-05 9.98861E-05 9.98861E-05 9.98861E-05 9.98861E-05 9.98861E-05 0.0550771 9.98861E-05 9.98861E-05 0.0317412 0.764369 9.98861E-05 9.98861E-05
9.98773E-05 9.98773E-05 9.98773E-05 0.0466693 9.98773E-05 9.98773E-05 9.98773E-05 9.98773E-05 9.98773E-05 0.0338423 0.112443 0.149875 9.98773E-05 9.98773E-05 9.98773E-05 9.98773E-05 0.655772 9.98773E-05 9.98773E-05
0.0883113 9.98948E-05 9.98948E-05 0.0876086 9.98948E-05 0.0649421 0.0688853 9.98948E-05 9.98948E-05 0.185077 9.98948E-05 9.98948E-05 9.98948E-05 9.98948E-05 9.98948E-05 0.0171776 0.486799 9.98948E-05 9.98948E-05
9.98859E-05 9.98859E-05 9.98859E-05 9.98859E-05 0.170593 9.98859E-05 0.0456145 9.98859E-05 9.98859E-05 0.112138 9.98859E-05 9.98859E-05 0.0390554 9.98859E-05 9.98859E-05 9.98859E-05 0.500205 0.131095 9.98859E-05
0.0185192 0.116224 9.98948E-05 9.98948E-05 0.0325575 9.98948E-05 0.0358575 9.98948E-05 9.98948E-05 9.98948E-05 9.98948E-05 0.00341827 9.98948E-05 9.98948E-05 9.98948E-05 0.0304084 0.761816 9.98948E-05 9.98948E-05
9.9886E-05 9.9886E-05 9.9886E-05 9.9886E-05 9.9886E-05 9.9886E-05 0.171682 9.9886E-05 0.015258 0.0660423 9.9886E-05 0.0108768 9.9886E-05 9.9886E-05 9.9886E-05 9.9886E-05 0.510906 9.9886E-05 0.223936
9.98597E-05 9.98597E-05 9.98597E-05 9.98597E-05 9.98597E-05 0.054809 9.98597E-05 9.98597E-05 9.98597E-05 9.98597E-05 9.98597E-05 9.98597E-05 9.98597E-05 9.98597E-05 9.98597E-05 9.98597E-05 0.787505 9.98597E-05 0.156088
9.99035E-05 9.99035E-05 9.99035E-05 0.00107812 9.99035E-05 9.99035E-05 0.216345 9.99035E-05 0.0378289 0.143024 9.99035E-05 0.0991328 9.99035E-05 9.99035E-05 0.231158 0.00576194 0.264573 9.99035E-05 9.99035E-05
9.98684E-05 0.283366 9.98684E-05 9.98684E-05 9.98684E-05 9.98684E-05 0.311349 9.98684E-05 9.98684E-05 0.167637 9.98684E-05 9.98684E-05 9.98684E-05 9.98684E-05 9.98684E-05 9.98684E-05 0.23615 9.98684E-05 9.98684E-05
0.111142 9.98858E-05 9.98858E-05 9.98858E-05 9.98858E-05 9.98858E-05 0.0314383 9.98858E-05 9.98858E-05 9.98858E-05 0.0319068 0.045722 9.98858E-05 0.00163071 9.98858E-05 9.98858E-05 0.776862 9.98858E-05 9.98858E-05
9.98771E-05 9.98771E-05 0.0505159 9.98771E-05 9.98771E-05 9.98771E-05 9.98771E-05 9.98771E-05 9.98771E-05 0.080181 9.98771E-05 0.0332776 9.98771E-05 9.98771E-05 9.98771E-05 0.0124677 0.82216 9.98771E-05 9.98771E-05
9.98597E-05 9.98597E-05 9.98597E-05 9.98597E-05 9.98597E-05 9.98597E-05 9.98597E-05 9.98597E-05 9.98597E-05 0.0222945 0.031407 9.98597E-05 9.98597E-05 9.98597E-05 9.98597E-05 9.98597E-05 0.944701 9.98597E-05 9.98597E-05
9.99034E-05 0.0281643 9.99034E-05 9.99034E-05 0.00385132 9.99034E-05 0.136616 9.99034E-05 9.99034E-05 0.132134 9.99034E-05 9.99034E-05 9.99034E-05 9.99034E-05 0.0436455 0.0361321 0.602519 9.99034E-05 0.0158381
0.00742809 9.98949E-05 0.0299694 9.98949E-05 9.98949E-05 9.98949E-05 0.00683001 0.0220931 9.98949E-05 9.98949E-05 9.98949E-05 0.0496529 0.133344 9.98949E-05 9.98949E-05 9.98949E-05 0.749484 9.98949E-05 9.98949E-05
9.9921E-05 9.9921E-05 0.00711551 9.9921E-05 9.9921E-05 9.9921E-05 9.9921E-05 9.9921E-05 0.0863966 0.147663 9.9921E-05 0.0345665 9.9921E-05 0.0239544 0.0643279 0.0821003 0.266245 0.119101 0.16763
0.125271 0.0179052 9.98771E-05 9.98771E-05 9.98771E-05 9.98771E-05 0.20567 9.98771E-05 0.0525394 9.98771E-05 9.98771E-05 9.98771E-05 9.98771E-05 9.98771E-05 9.98771E-05 9.98771E-05 0.597217 9.98771E-05 9.98771E-05
9.9886E-05 9.9886E-05 0.0580287 9.9886E-05 9.9886E-05 9.9886E-05 0.0786251 0.0212442 9.9886E-05 0.0497092 9.9886E-05 9.9886E-05 9.9886E-05 9.9886E-05 9.9886E-05 9.9886E-05 0.789708 0.00138585 9.9886E-05
9.98948E-05 9.98948E-05 0.0792495 9.98948E-05 0.244213 9.98948E-05 9.98948E-05 0.0409541 9.98948E-05 0.0445009 9.98948E-05 9.98948E-05 0.0268808 9.98948E-05 9.98948E-05 0.00361882 0.559384 9.98948E-05 9.98948E-05
9.98685E-05 9.98685E-05 9.98685E-05 9.98685E-05 9.98685E-05 9.98685E-05 9.98685E-05 0.183436 9.98685E-05 0.068529 9.98685E-05 0.0290859 9.98685E-05 9.98685E-05 9.98685E-05 9.98685E-05 0.717451 9.98685E-05 9.98685E-05
0.0425183 9.9886E-05 9.9886E-05 9.9886E-05 0.0107551 9.9886E-05 9.9886E-05 9.9886E-05 9.9886E-05 9.9886E-05 0.0421469 9.9886E-05 9.9886E-05 9.9886E-05 0.0866239 9.9886E-05 0.681152 0.135505 9.9886E-05
9.98771E-05 9.98771E-05 0.0869902 9.98771E-05 9.98771E-05 9.98771E-05 0.103755 9.98771E-05 9.98771E-05 0.0341089 9.98771E-05 9.98771E-05 0.0207703 9.98771E-05 9.98771E-05 9.98771E-05 0.752978 9.98771E-05 9.98771E-05
9.98685E-05 0.0319516 9.98685E-05 9.98685E-05 9.98685E-05 9.98685E-05 9.98685E-05 9.98685E-05 9.98685E-05 0.0947505 9.98685E-05 9.98685E-05 9.98685E-05 9.98685E-05 9.98685E-05 0.0806003 0.7912 9.98685E-05 9.98685E-05
9.99035E-05 0.0518131 9.99035E-05 0.00169178 0.0261132 9.99035E-05 9.99035E-05 9.99035E-05 9.99035E-05 0.0296405 9.99035E-05 0.0126022 0.0117492 9.99035E-05 9.99035E-05 0.0235684 0.841723 9.99035E-05 9.99035E-05
9.98858E-05 9.98858E-05 0.00479732 0.0792493 9.98858E-05 9.98858E-05 9.98858E-05 9.98858E-05 9.98858E-05 0.102968 9.98858E-05 0.0739883 9.98858E-05 9.98858E-05 0.727403 0.0102955 9.98858E-05 9.98858E-05 9.98858E-05
9.98509E-05 0.0127238 9.98509E-05 9.98509E-05 9.98509E-05 9.98509E-05 9.98509E-05 9.98509E-05 9.98509E-05 9.98509E-05 9.98509E-05 9.98509E-05 9.98509E-05 9.98509E-05 0.985579 9.98509E-05 9.98509E-05 9.98509E-05 9.98509E-05
9.98595E-05 9.98595E-05 0.0692317 9.98595E-05 9.98595E-05 9.98595E-05 9.98595E-05 9.98595E-05 9.98595E-05 9.98595E-05 9.98595E-05 9.98595E-05 0.00883224 9.98595E-05 0.920338 9.98595E-05 9.98595E-05 9.98595E-05 9.98595E-05
9.98859E-05 9.98859E-05 9.98859E-05 0.261993 9.98859E-05 9.98859E-05 9.98859E-05 9.98859E-05 9.98859E-05 0.0121153 9.98859E-05 0.115772 0.0352606 9.98859E-05 0.402983 9.98859E-05 9.98859E-05 0.170577 9.98859E-05
0.0186558 9.98945E-05 0.0334793 9.98945E-05 0.0566128 9.98945E-05 0.121821 9.98945E-05 9.98945E-05 9.98945E-05 0.052741 0.0766321 9.98945E-05 9.98945E-05 0.63886 9.98945E-05 9.98945E-05 9.98945E-05 9.98945E-05
9.98769E-05 9.98769E-05 9.98769E-05 9.98769E-05 9.98769E-05 9.98769E-05 0.0516459 9.98769E-05 9.98769E-05 0.186091 9.98769E-05 0.0338307 9.98769E-05 9.98769E-05 0.696538 0.0304954 9.98769E-05 9.98769E-05 9.98769E-05
9.9877E-05 0.0907648 9.9877E-05 0.149264 9.9877E-05 9.9877E-05 9.9877E-05 9.9877E-05 9.9877E-05 0.114226 9.9877E-05 9.9877E-05 9.9877E-05 9.9877E-05 0.61059 0.0337576 9.9877E-05 9.9877E-05 9.9877E-05
9.98945E-05 9.98945E-05 0.128893 0.0611939 9.98945E-05 9.98945E-05 9.98945E-05 9.98945E-05 9.98945E-05 0.105763 9.98945E-05 0.102494 9.98945E-05 9.98945E-05 0.505812 9.98945E-05 9.98945E-05 0.0608679 0.0337783
9.98508E-05 9.98508E-05 9.98508E-05 9.98508E-05 9.98508E-05 9.98508E-05 9.98508E-05 9.98508E-05 9.98508E-05 9.98508E-05 9.98508E-05 9.98508E-05 9.98508E-05 9.98508E-05 0.952691 9.98508E-05 9.98508E-05 9.98508E-05 0.0456117
0.00702617 0.00785231 9.98771E-05 9.98771E-05 9.98771E-05 9.98771E-05 9.98771E-05 9.98771E-05 9.98771E-05 9.98771E-05 9.98771E-05 0.0538708 9.98771E-05 9.98771E-05 0.92061 0.00924274 9.98771E-05 9.98771E-05 9.98771E-05
9.98769E-05 9.98769E-05 0.0280292 9.98769E-05 9.98769E-05 9.98769E-05 9.98769E-05 9.98769E-05 9.98769E-05 0.262268 9.98769E-05 0.0517708 9.98769E-05 9.98769E-05 0.522538 0.133996 9.98769E-05 9.98769E-05 9.98769E-05
9.99121E-05 9.99121E-05 9.99121E-05 0.0610956 0.0215173 9.99121E-05 0.114656 0.114591 9.99121E-05 0.1214 9.99121E-05 9.99121E-05 0.00856027 0.0380828 0.478318 0.0407802 9.99121E-05 9.99121E-05 9.99121E-05
0.0611638 9.98857E-05 9.98857E-05 9.98857E-05 0.0612218 9.98857E-05 9.98857E-05 9.98857E-05 9.98857E-05 9.98857E-05 9.98857E-05 0.145306 9.98857E-05 0.189642 0.517425 0.0239435 9.98857E-05 9.98857E-05 9.98857E-05
0.0407323 9.98857E-05 9.98857E-05 0.0695769 9.98857E-05 9.98857E-05 0.174909 9.98857E-05 9.98857E-05 0.227783 9.98857E-05 9.98857E-05 9.98857E-05 9.98857E-05 0.456606 9.98857E-05 9.98857E-05 0.0290945 9.98857E-05
9.98687E-05 9.98687E-05 9.98687E-05 9.98687E-05 0.0105627 9.98687E-05 9.98687E-05 9.98687E-05 0.00797363 9.98687E-05 9.98687E-05 9.98687E-05 9.98687E-05 9.98687E-05 0.954964 9.98687E-05 9.98687E-05 9.98687E-05 0.0250014
9.98685E-05 9.98685E-05 9.98685E-05 9.98685E-05 9.98685E-05 9.98685E-05 0.0230083 9.98685E-05 9.98685E-05 0.000396786 9.98685E-05 0.0170971 9.98685E-05 9.98685E-05 0.958 9.98685E-05 9.98685E-05 9.98685E-05 9.98685E-05
9.98682E-05 9.98682E-05 0.0763255 9.98682E-05 9.98682E-05 9.98682E-05 9.98682E-05 9.98682E-05 9.98682E-05 9.98682E-05 9.98682E-05 9.98682E-05 0.139206 9.98682E-05 0.708141 9.98682E-05 9.98682E-05 0.0748304 9.98682E-05
9.98858E-05 0.109162 9.98858E-05 9.98858E-05 9.98858E-05 9.98858E-05 0.0447778 9.98858E-05 9.98858E-05 9.98858E-05 9.98858E-05 0.00586664 9.98858E-05 0.0727292 0.694897 0.0712688 9.98858E-05 9.98858E-05 9.98858E-05
9.98683E-05 9.98683E-05 0.0786648 9.98683E-05 9.98683E-05 9.98683E-05 9.98683E-05 9.98683E-05 9.98683E-05 0.0356959 9.98683E-05 9.98683E-05 9.98683E-05 9.98683E-05 0.868758 0.0153833 9.98683E-05 9.98683E-05 9.98683E-05
9.98856E-05 9.98856E-05 9.98856E-05 9.98856E-05 0.109782 9.98856E-05 9.98856E-05 9.98856E-05 9.98856E-05 0.192682 0.0102577 9.98856E-05 9.98856E-05 0.011495 0.572329 9.98856E-05 9.98856E-05 9.98856E-05 0.102156
9.98511E-05 9.98511E-05 9.98511E-05 9.98511E-05 9.98511E-05 0.0443413 9.98511E-05 9.98511E-05 9.98511E-05 9.98511E-05 9.98511E-05 9.98511E-05 9.98511E-05 9.98511E-05 0.953961 9.98511E-05 9.98511E-05 9.98511E-05 9.98511E-05
9.9877E-05 9.9877E-05 9.9877E-05 0.00644284 9.9877E-05 9.9877E-05 0.282437 0.00479423 9.9877E-05 0.0499269 9.9877E-05 9.9877E-05 9.9877E-05 9.9877E-05 0.655001 9.9877E-05 9.9877E-05 9.9877E-05 9.9877E-05
9.98772E-05 9.98772E-05 9.98772E-05 0.0659263 9.98772E-05 9.98772E-05 9.98772E-05 0.0119994 9.98772E-05 0.0243473 9.98772E-05 9.98772E-05 9.98772E-05 9.98772E-05 0.689571 9.98772E-05 9.98772E-05 0.206757 9.98772E-05
9.99122E-05 0.118351 0.00610083 9.99122E-05 9.99122E-05 9.99122E-05 9.99122E-05 9.99122E-05 0.0372415 0.0178894 0.00799848 0.0675588 0.015187 9.99122E-05 0.659853 9.99122E-05 9.99122E-05 9.99122E-05 0.0688207
9.98682E-05 9.98682E-05 9.98682E-05 9.98682E-05 9.98682E-05 9.98682E-05 9.98682E-05 9.98682E-05 9.98682E-05 0.0192438 9.98682E-05 9.98682E-05 9.98682E-05 0.0815054 0.783232 0.114521 9.98682E-05 9.98682E-05 9.98682E-05
9.98511E-05 9.98511E-05 9.98511E-05 9.98511E-05 9.98511E-05 9.98511E-05 9.98511E-05 9.98511E-05 9.98511E-05 9.98511E-05 0.0415514 9.98511E-05 9.98511E-05 9.98511E-05 0.956751 9.98511E-05 9.98511E-05 9.98511E-05 9.98511E-05
9.98509E-05 9.98509E-05 9.98509E-05 9.98509E-05 9.98509E-05 9.98509E-05 0.0848178 9.98509E-05 9.98509E-05 9.98509E-05 9.98509E-05 9.98509E-05 9.98509E-05 9.98509E-05 0.913485 9.98509E-05 9.98509E-05 9.98509E-05 9.98509E-05
9.98422E-05 9.98422E-05 9.98422E-05 9.98422E-05 9.98422E-05 9.98422E-05 9.98422E-05 9.98422E-05 9.98422E-05 9.98422E-05 9.98422E-05 9.98422E-05 9.98422E-05 9.98422E-05 0.998203 9.98422E-05 9.98422E-05 9.98422E-05 9.98422E-05
9.98771E-05 9.98771E-05 0.0887779 9.98771E-05 9.98771E-05 9.98771E-05 9.98771E-05 9.98771E-05 9.98771E-05 0.006759 9.98771E-05 0.0272539 9.98771E-05 0.0427944 0.833016 9.98771E-05 9.98771E-05 9.98771E-05 9.98771E-05
9.98861E-05 9.98861E-05 9.98861E-05 9.98861E-05 0.0200792 0.169766 9.98861E-05 9.98861E-05 9.98861E-05 0.104747 9.98861E-05 0.062027 9.98861E-05 9.98861E-05 0.53141 9.98861E-05 9.98861E-05 9.98861E-05 0.110672
9.98597E-05 9.98597E-05 9.98597E-05 9.98597E-05 9.98597E-05 9.98597E-05 9.98597E-05 9.98597E-05 9.98597E-05 0.115306 9.98597E-05 0.0776955 9.98597E-05 9.98597E-05 9.98597E-05 9.98597E-05 9.98597E-05 0.805401 9.98597E-05
9.98685E-05 9.98685E-05 9.98685E-05 9.98685E-05 9.98685E-05 0.409673 9.98685E-05 9.98685E-05 9.98685E-05 9.98685E-05 0.00334832 0.0400524 9.98685E-05 9.98685E-05 9.98685E-05 9.98685E-05 9.98685E-05 0.545428 9.98685E-05
9.98858E-05 9.98858E-05 0.0102762 9.98858E-05 9.98858E-05 9.98858E-05 9.98858E-05 0.0046516 9.98858E-05 0.051909 9.98858E-05 9.98858E-05 9.98858E-05 0.0146837 9.98858E-05 0.00694554 9.98858E-05 0.910235 9.98858E-05
9.98682E-05 9.98682E-05 9.98682E-05 9.98682E-05 9.98682E-05 9.98682E-05 9.98682E-05 9.98682E-05 9.98682E-05 0.130159 9.98682E-05 0.0243813 9.98682E-05 9.98682E-05 9.98682E-05 0.0353789 9.98682E-05 0.808582 9.98682E-05
9.98681E-05 9.98681E-05 9.98681E-05 9.98681E-05 9.98681E-05 9.98681E-05 9.98681E-05 9.98681E-05 0.00375929 9.98681E-05 9.98681E-05 0.0226175 9.98681E-05 0.0565143 9.98681E-05 9.98681E-05 9.98681E-05 0.915611 9.98681E-05
9.98684E-05 9.98684E-05 9.98684E-05 0.107588 9.98684E-05 9.98684E-05 9.98684E-05 9.98684E-05 9.98684E-05 0.104183 9.98684E-05 0.149438 9.98684E-05 9.98684E-05 9.98684E-05 9.98684E-05 9.98684E-05 0.637294 9.98684E-05
9.98947E-05 9.98947E-05 0.0111083 9.98947E-05 9.98947E-05 9.98947E-05 0.0551071 9.98947E-05 9.98947E-05 0.0841259 9.98947E-05 0.0513466 9.98947E-05 0.0122596 9.98947E-05 0.000873504 9.98947E-05 0.78398 9.98947E-05
9.98595E-05 9.98595E-05 9.98595E-05 9.98595E-05 9.98595E-05 9.98595E-05 9.98595E-05 9.98595E-05 9.98595E-05 0.0212954 9.98595E-05 0.186895 9.98595E-05 9.98595E-05 9.98595E-05 9.98595E-05 9.98595E-05 0.790212 9.98595E-05
9.98857E-05 9.98857E-05 9.98857E-05 0.163437 9.98857E-05 9.98857E-05 9.98857E-05 9.98857E-05 9.98857E-05 0.0234845 9.98857E-05 0.29157 9.98857E-05 0.0200649 9.98857E-05 9.98857E-05 9.98857E-05 0.369488 0.130657
9.98684E-05 9.98684E-05 9.98684E-05 9.98684E-05 9.98684E-05 9.98684E-05 9.98684E-05 9.98684E-05 9.98684E-05 0.215363 9.98684E-05 0.232568 9.98684E-05 0.020308 9.98684E-05 9.98684E-05 9.98684E-05 0.530263 9.98684E-05
9.98771E-05 9.98771E-05 9.98771E-05 0.22096 9.98771E-05 0.236948 9.98771E-05 9.98771E-05 9.98771E-05 0.0483999 9.98771E-05 0.00667056 9.98771E-05 9.98771E-05 9.98771E-05 9.98771E-05 9.98771E-05 0.485624 9.98771E-05
9.98859E-05 9.98859E-05 9.98859E-05 0.110342 9.98859E-05 9.98859E-05 9.98859E-05 9.98859E-05 9.98859E-05 0.0260387 0.0157312 9.98859E-05 9.98859E-05 9.98859E-05 9.98859E-05 0.0011999 0.0440722 0.801317 9.98859E-05
9.98598E-05 9.98598E-05 9.98598E-05 9.98598E-05 9.98598E-05 0.00498333 9.98598E-05 9.98598E-05 9.98598E-05 9.98598E-05 9.98598E-05 0.0447152 9.98598E-05 9.98598E-05 9.98598E-05 9.98598E-05 9.98598E-05 0.948704 9.98598E-05
9.98773E-05 9.98773E-05 9.98773E-05 0.000308785 9.98773E-05 0.0488089 9.98773E-05 9.98773E-05 9.98773E-05 0.271452 9.98773E-05 0.158448 9.98773E-05 9.98773E-05 9.98773E-05 9.98773E-05 9.98773E-05 0.519584 9.98773E-05
9.98948E-05 9.98948E-05 0.0990445 9.98948E-05 9.98948E-05 0.0343899 9.98948E-05 9.98948E-05 9.98948E-05 9.98948E-05 0.0277565 0.0743827 9.98948E-05 0.000361504 9.98948E-05 0.047066 9.98948E-05 0.7158 9.98948E-05
9.98771E-05 9.98771E-05 9.98771E-05 9.98771E-05 9.98771E-05 9.98771E-05 9.98771E-05 9.98771E-05 9.98771E-05 0.173153 9.98771E-05 0.0642726 9.98771E-05 9.98771E-05 9.98771E-05 0.0104672 9.98771E-05 0.588701 0.162008
9.98771E-05 9.98771E-05 9.98771E-05 0.188731 9.98771E-05 9.98771E-05 9.98771E-05 9.98771E-05 0.0462381 0.00723352 9.98771E-05 0.00775627 9.98771E-05 9.98771E-05 9.98771E-05 9.98771E-05 9.98771E-05 0.748643 9.98771E-05
0.0248401 9.98861E-05 9.98861E-05 9.98861E-05 9.98861E-05 9.98861E-05 0.0492482 9.98861E-05 9.98861E-05 9.98861E-05 9.98861E-05 0.109082 0.0508841 9.98861E-05 9.98861E-05 9.98861E-05 0.0581821 0.706465 9.98861E-05
9.98598E-05 9.98598E-05 9.98598E-05 0.0399501 9.98598E-05 9.98598E-05 9.98598E-05 9.98598E-05 9.98598E-05 9.98598E-05 9.98598E-05 9.98598E-05 9.98598E-05 9.98598E-05 9.98598E-05 0.0103002 9.98598E-05 0.948152 9.98598E-05
9.99035E-05 0.0286509 9.99035E-05 9.99035E-05 9.99035E-05 0.145903 9.99035E-05 9.99035E-05 9.99035E-05 0.0893702 0.079884 0.0272301 9.99035E-05 9.99035E-05 9.99035E-05 0.0745462 9.99035E-05 0.527145 0.0261718
9.98771E-05 0.0621533 9.98771E-05 0.0628619 9.98771E-05 9.98771E-05 9.98771E-05 9.98771E-05 9.98771E-05 0.10795 9.98771E-05 0.048891 9.98771E-05 9.98771E-05 9.98771E-05 9.98771E-05 9.98771E-05 0.716745 9.98771E-05
9.98683E-05 9.98683E-05 9.98683E-05 9.98683E-05 9.98683E-05 9.98683E-05 9.98683E-05 9.98683E-05 9.98683E-05 0.0105724 9.98683E-05 0.0492079 9.98683E-05 9.98683E-05 9.98683E-05 0.0226485 9.98683E-05 0.916073 9.98683E-05
9.98771E-05 9.98771E-05 9.98771E-05 0.0808822 9.98771E-05 9.98771E-05 9.98771E-05 9.98771E-05 9.98771E-05 0.207833 0.0411741 0.220641 9.98771E-05 9.98771E-05 9.98771E-05 9.98771E-05 9.98771E-05 0.448071 9.98771E-05
9.98597E-05 9.98597E-05 9.98597E-05 9.98597E-05 9.98597E-05 0.0719128 9.98597E-05 9.98597E-05 9.98597E-05 9.98597E-05 9.98597E-05 0.173685 9.98597E-05 9.98597E-05 9.98597E-05 9.98597E-05 9.98597E-05 0.752805 9.98597E-05
9.98771E-05 9.98771E-05 9.98771E-05 0.101961 9.98771E-05 9.98771E-05 9.98771E-05 9.98771E-05 9.98771E-05 0.217279 0.0313809 0.232067 9.98771E-05 9.98771E-05 9.98771E-05 9.98771E-05 9.98771E-05 0.415913 9.98771E-05
9.99035E-05 9.99035E-05 9.99035E-05 0.107441 0.00890702 0.165575 0.0177329 9.99035E-05 9.99035E-05 0.129646 9.99035E-05 0.109895 9.99035E-05 9.99035E-05 0.087123 9.99035E-05 9.99035E-05 0.372582 9.99035E-05
9.98947E-05 9.98947E-05 9.98947E-05 9.98947E-05 9.98947E-05 0.58266 9.98947E-05 0.00881191 0.113122 0.0990075 9.98947E-05 9.98947E-05 0.0572166 0.0035154 9.98947E-05 9.98947E-05 9.98947E-05 0.134467 9.98947E-05
9.98593E-05 9.98593E-05 9.98593E-05 9.98593E-05 9.98593E-05 9.98593E-05 9.98593E-05 9.98593E-05 9.98593E-05 0.0752461 9.98593E-05 0.0624754 9.98593E-05 9.98593E-05 9.98593E-05 9.98593E-05 9.98593E-05 0.860681 9.98593E-05
9.98596E-05 9.98596E-05 9.98596E-05 9.98596E-05 9.98596E-05 9.98596E-05 9.98596E-05 9.98596E-05 9.98596E-05 0.212601 9.98596E-05 0.221008 9.98596E-05 9.98596E-05 9.98596E-05 9.98596E-05 9.98596E-05 0.564793 9.98596E-05
9.98773E-05 9.98773E-05 9.98773E-05 9.98773E-05 9.98773E-05 0.0253805 9.98773E-05 9.98773E-05 9.98773E-05 0.095461 0.077236 9.98773E-05 9.98773E-05 9.98773E-05 9.98773E-05 0.0432294 9.98773E-05 0.757295 9.98773E-05
9.98772E-05 9.98772E-05 9.98772E-05 9.98772E-05 0.0276675 9.98772E-05 9.98772E-05 9.98772E-05 9.98772E-05 0.202352 9.98772E-05 0.0833549 9.98772E-05 9.98772E-05 9.98772E-05 0.0358614 9.98772E-05 0.649366 9.98772E-05
9.98684E-05 9.98684E-05 0.0230866 9.98684E-05 9.98684E-05 9.98684E-05 9.98684E-05 9.98684E-05 9.98684E-05 0.0180558 0.00672263 9.98684E-05 9.98684E-05 9.98684E-05 9.98684E-05 9.98684E-05 9.98684E-05 0.950637 9.98684E-05
0.0696427 9.9877E-05 9.9877E-05 9.9877E-05 9.9877E-05 9.9877E-05 9.9877E-05 9.9877E-05 9.9877E-05 0.120487 0.184105 0.287043 9.9877E-05 9.9877E-05 9.9877E-05 9.9877E-05 9.9877E-05 0.337324 9.9877E-05
9.98682E-05 9.98682E-05 9.98682E-05 9.98682E-05 9.98682E-05 9.98682E-05 0.148847 9.98682E-05 9.98682E-05 0.0733887 9.98682E-05 0.0391944 9.98682E-05 9.98682E-05 9.98682E-05 9.98682E-05 9.98682E-05 0.737072 9.98682E-05
9.9851E-05 9.9851E-05 9.9851E-05 9.9851E-05 9.9851E-05 9.9851E-05 9.9851E-05 9.9851E-05 9.9851E-05 0.0698301 9.9851E-05 9.9851E-05 9.9851E-05 9.9851E-05 9.9851E-05 9.9851E-05 9.9851E-05 0.928472 9.9851E-05
9.98946E-05 9.98946E-05 9.98946E-05 9.98946E-05 0.0158377 0.0671518 9.98946E-05 9.98946E-05 9.98946E-05 9.98946E-05 9.98946E-05 0.0297855 9.98946E-05 0.0226097 9.98946E-05 0.00706519 9.98946E-05 0.714925 0.141426
9.98682E-05 9.98682E-05 9.98682E-05 9.98682E-05 9.98682E-05 9.98682E-05 9.98682E-05 9.98682E-05 9.98682E-05 0.200566 9.98682E-05 0.0742365 9.98682E-05 0.0227242 9.98682E-05 9.98682E-05 9.98682E-05 0.700975 9.98682E-05
9.9877E-05 9.9877E-05 9.9877E-05 9.9877E-05 9.9877E-05 0.467901 9.9877E-05 9.9877E-05 9.9877E-05 9.9877E-05 0.0403915 0.115468 9.9877E-05 9.9877E-05 9.9877E-05 0.00467084 9.9877E-05 0.37017 9.9877E-05
9.98685E-05 9.98685E-05 9.98685E-05 9.98685E-05 9.98685E-05 0.198491 9.98685E-05 9.98685E-05 9.98685E-05 0.0631891 9.98685E-05 9.98685E-05 9.98685E-05 0.0285077 9.98685E-05 9.98685E-05 9.98685E-05 0.708315 9.98685E-05
9.98511E-05 9.98511E-05 9.98511E-05 9.98511E-05 9.98511E-05 0.23021 9.98511E-05 9.98511E-05 9.98511E-05 9.98511E-05 9.98511E-05 9.98511E-05 9.98511E-05 9.98511E-05 9.98511E-05 9.98511E-05 9.98511E-05 0.768093 9.98511E-05
9.98684E-05 9.98684E-05 9.98684E-05 9.98684E-05 9.98684E-05 0.318093 9.98684E-05 9.98684E-05 9.98684E-05 9.98684E-05 0.00709247 0.0119469 9.98684E-05 9.98684E-05 9.98684E-05 9.98684E-05 9.98684E-05 0.66137 9.98684E-05
0.0509108 9.98859E-05 9.98859E-05 0.0313104 9.98859E-05 9.98859E-05 9.98859E-05 9.98859E-05 9.98859E-05 0.325831 9.98859E-05 0.0501153 9.98859E-05 9.98859E-05 9.98859E-05 0.0153864 9.98859E-05 0.525148 9.98859E-05
9.98684E-05 9.98684E-05 9.98684E-05 9.98684E-05 9.98684E-05 9.98684E-05 9.98684E-05 0.0620896 9.98684E-05 9.98684E-05 9.98684E-05 0.1155 9.98684E-05 9.98684E-05 9.98684E-05 9.98684E-05 9.98684E-05 0.818856 0.00205627
9.98858E-05 9.98858E-05 9.98858E-05 9.98858E-05 9.98858E-05 0.50341 9.98858E-05 9.98858E-05 9.98858E-05 0.0156039 0.0520582 0.165785 9.98858E-05 9.98858E-05 9.98858E-05 9.98858E-05 9.98858E-05 0.233632 0.0282123
9.98684E-05 9.98684E-05 9.98684E-05 9.98684E-05 9.98684E-05 0.36922 9.98684E-05 9.98684E-05 9.98684E-05 0.0524799 9.98684E-05 9.98684E-05 9.98684E-05 9.98684E-05 9.98684E-05 9.98684E-05 0.0506996 0.526102 9.98684E-05
9.98857E-05 9.98857E-05 0.0145926 0.126603 9.98857E-05 9.98857E-05 0.0620302 9.98857E-05 9.98857E-05 9.98857E-05 0.12066 0.157793 9.98857E-05 9.98857E-05 9.98857E-05 9.98857E-05 9.98857E-05 0.517023 9.98857E-05
9.98859E-05 9.98859E-05 9.98859E-05 9.98859E-05 9.98859E-05 9.98859E-05 9.98859E-05 9.98859E-05 9.98859E-05 0.106217 9.98859E-05 0.11187 9.98859E-05 0.0127502 0.248854 9.98859E-05 9.98859E-05 0.490577 0.0284325
9.99036E-05 9.99036E-05 9.99036E-05 0.125716 9.99036E-05 0.0126066 9.99036E-05 9.99036E-05 0.0599009 0.00758195 9.99036E-05 0.112923 9.99036E-05 0.109393 9.99036E-05 9.99036E-05 9.99036E-05 0.506831 0.0639489
9.98859E-05 9.98859E-05 0.040654 9.98859E-05 9.98859E-05 9.98859E-05 0.0628214 9.98859E-05 9.98859E-05 0.170047 0.00227266 0.238359 9.98859E-05 9.98859E-05 9.98859E-05 9.98859E-05 9.98859E-05 0.484547 9.98859E-05
9.98596E-05 9.98596E-05 9.98596E-05 9.98596E-05 9.98596E-05 0.433784 9.98596E-05 9.98596E-05 9.98596E-05 0.0313518 9.98596E-05 9.98596E-05 9.98596E-05 9.98596E-05 9.98596E-05 9.98596E-05 9.98596E-05 0.533267 9.98596E-05
9.98771E-05 0.148379 9.98771E-05 9.98771E-05 9.98771E-05 9.98771E-05 9.98771E-05 9.98771E-05 9.98771E-05 0.108288 9.98771E-05 9.98771E-05 0.0181775 9.98771E-05 9.98771E-05 9.98771E-05 9.98771E-05 0.722686 0.00107082
0.0170831 9.9886E-05 9.9886E-05 9.9886E-05 9.9886E-05 0.533243 9.9886E-05 9.9886E-05 9.9886E-05 0.0818047 9.9886E-05 0.111353 9.9886E-05 9.9886E-05 9.9886E-05 0.0426222 9.9886E-05 0.212595 9.9886E-05
9.98772E-05 9.98772E-05 9.98772E-05 9.98772E-05 9.98772E-05 0.158195 9.98772E-05 9.98772E-05 9.98772E-05 0.0894479 9.98772E-05 0.1488 9.98772E-05 9.98772E-05 9.98772E-05 9.98772E-05 9.98772E-05 0.569444 0.0327148
9.98596E-05 9.98596E-05 9.98596E-05 0.00718297 0.054765 9.98596E-05 9.98596E-05 9.98596E-05 9.98596E-05 9.98596E-05 9.98596E-05 9.98596E-05 9.98596E-05 9.98596E-05 9.98596E-05 9.98596E-05 9.98596E-05 0.936454 9.98596E-05
9.98595E-05 9.98595E-05 9.98595E-05 9.98595E-05 9.98595E-05 9.98595E-05 0.0467673 9.98595E-05 9.98595E-05 9.98595E-05 9.98595E-05 9.98595E-05 9.98595E-05 9.98595E-05 9.98595E-05 0.0360809 9.98595E-05 0.915554 9.98595E-05
9.98683E-05 9.98683E-05 9.98683E-05 0.185623 9.98683E-05 9.98683E-05 9.98683E-05 9.98683E-05 9.98683E-05 0.17872 9.98683E-05 0.189138 9.98683E-05 9.98683E-05 9.98683E-05 9.98683E-05 9.98683E-05 0.44502 9.98683E-05
9.98595E-05 9.98595E-05 9.98595E-05 9.98595E-05 9.98595E-05 9.98595E-05 9.98595E-05 9.98595E-05 9.98595E-05 0.0797751 9.98595E-05 0.14805 9.98595E-05 9.98595E-05 9.98595E-05 9.98595E-05 9.98595E-05 0.770577 9.98595E-05
9.98507E-05 9.98507E-05 9.98507E-05 9.98507E-05 9.98507E-05 9.98507E-05 9.98507E-05 9.98507E-05 9.98507E-05 9.98507E-05 9.98507E-05 0.0463839 9.98507E-05 9.98507E-05 9.98507E-05 9.98507E-05 9.98507E-05 0.951919 9.98507E-05
9.98684E-05 9.98684E-05 9.98684E-05 9.98684E-05 9.98684E-05 9.98684E-05 9.98684E-05 9.98684E-05 9.98684E-05 0.101856 0.163311 9.98684E-05 9.98684E-05 9.98684E-05 9.98684E-05 0.00464265 9.98684E-05 0.728693 9.98684E-05
9.98771E-05 9.98771E-05 9.98771E-05 0.0511795 9.98771E-05 0.113894 9.98771E-05 9.98771E-05 9.98771E-05 0.0173119 9.98771E-05 0.16693 9.98771E-05 9.98771E-05 9.98771E-05 9.98771E-05 9.98771E-05 0.649287 9.98771E-05
9.98418E-05 9.98418E-05 9.98418E-05 9.98418E-05 9.98418E-05 9.98418E-05 9.98418E-05 9.98418E-05 9.98418E-05 0.998203 9.98418E-05 9.98418E-05 9.98418E-05 9.98418E-05 9.98418E-05 9.98418E-05 9.98418E-05 9.98418E-05 9.98418E-05
9.98417E-05 9.98417E-05 9.98417E-05 9.98417E-05 9.98417E-05 9.98417E-05 9.98417E-05 9.98417E-05 9.98417E-05 9.98417E-05 9.98417E-05 0.998203 9.98417E-05 9.98417E-05 9.98417E-05 9.98417E-05 9.98417E-05 9.98417E-05 9.98417E-05
9.98418E-05 9.98418E-05 9.98418E-05 9.98418E-05 9.98418E-05 9.98418E-05 9.98418E-05 9.98418E-05 9.98418E-05 0.998203 9.98418E-05 9.98418E-05 9.98418E-05 9.98418E-05 9.98418E-05 9.98418E-05 9.98418E-05 9.98418E-05 9.98418E-05
9.98418E-05 9.98418E-05 9.98418E-05 9.98418E-05 9.98418E-05 9.98418E-05 9.98418E-05 9.98418E-05 9.98418E-05 9.98418E-05 9.98418E-05 0.998203 9.98418E-05 9.98418E-05 9.98418E-05 9.98418E-05 9.98418E-05 9.98418E-05 9.98418E-05
9.98417E-05 9.98417E-05 9.98417E-05 9.98417E-05 9.98417E-05 9.98417E-05 9.98417E-05 9.98417E-05 9.98417E-05 9.98417E-05 9.98417E-05 0.998203 9.98417E-05 9.98417E-05 9.98417E-05 9.98417E-05 9.98417E-05 9.98417E-05 9.98417E-05
9.98417E-05 9.98417E-05 9.98417E-05 9.98417E-05 9.98417E-05 9.98417E-05 9.98417E-05 9.98417E-05 9.98417E-05 9.98417E-05 9.98417E-05 0.998203 9.98417E-05 9.98417E-05 9.98417E-05 9.98417E-05 9.98417E-05 9.98417E-05 9.98417E-05
9.98417E-05 9.98417E-05 9.98417E-05 9.98417E-05 9.98417E-05 9.98417E-05 9.98417E-05 9.98417E-05 9.98417E-05 0.998203 9.98417E-05 9.98417E-05 9.98417E-05 9.98417E-05 9.98417E-05 9.98417E-05 9.98417E-05 9.98417E-05 9.98417E-05
9.98419E-05 9.98419E-05 9.98419E-05 9.98419E-05 9.98419E-05 9.98419E-05 9.98419E-05 9.98419E-05 9.98419E-05 9.98419E-05 9.98419E-05 0.998203 9.98419E-05 9.98419E-05 9.98419E-05 9.98419E-05 9.98419E-05 9.98419E-05 9.98419E-05
9.98417E-05 9.98417E-05 9.98417E-05 9.98417E-05 9.98417E-05 9.98417E-05 9.98417E-05 9.98417E-05 9.98417E-05 9.98417E-05 9.98417E-05 0.998203 9.98417E-05 9.98417E-05 9.98417E-05 9.98417E-05 9.98417E-05 9.98417E-05 9.98417E-05
9.98417E-05 9.98417E-05 9.98417E-05 9.98417E-05 9.98417E-05 9.98417E-05 9.98417E-05 9.98417E-05 9.98417E-05 0.998203 9.98417E-05 9.98417E-05 9.98417E-05 9.98417E-05 9.98417E-05 9.98417E-05 9.98417E-05 9.98417E-05 9.98417E-05
9.98507E-05 9.98507E-05 9.98507E-05 9.98507E-05 9.98507E-05 9.98507E-05 9.98507E-05 9.98507E-05 9.98507E-05 0.994064 0.00423847 9.98507E-05 9.98507E-05 9.98507E-05 9.98507E-05 9.98507E-05 9.98507E-05 9.98507E-05 9.98507E-05
9.98418E-05 9.98418E-05 9.98418E-05 9.98418E-05 9.98418E-05 9.98418E-05 9.98418E-05 9.98418E-05 9.98418E-05 0.998203 9.98418E-05 9.98418E-05 9.98418E-05 9.98418E-05 9.98418E-05 9.98418E-05 9.98418E-05 9.98418E-05 9.98418E-05
9.98418E-05 9.98418E-05 9.98418E-05 9.98418E-05 9.98418E-05 9.98418E-05 9.98418E-05 9.98418E-05 9.98418E-05 9.98418E-05 9.98418E-05 0.998203 9.98418E-05 9.98418E-05 9.98418E-05 9.98418E-05 9.98418E-05 9.98418E-05 9.98418E-05
9.98418E-05 9.98418E-05 9.98418E-05 9.98418E-05 9.98418E-05 9.98418E-05 9.98418E-05 9.98418E-05 9.98418E-05 9.98418E-05 9.98418E-05 0.998203 9.98418E-05 9.98418E-05 9.98418E-05 9.98418E-05 9.98418E-05 9.98418E-05 9.98418E-05
9.98418E-05 9.98418E-05 9.98418E-05 9.98418E-05 9.98418E-05 9.98418E-05 9.98418E-05 9.98418E-05 9.98418E-05 0.998203 9.98418E-05 9.98418E-05 9.98418E-05 9.98418E-05 9.98418E-05 9.98418E-05 9.98418E-05 9.98418E-05 9.98418E-05
9.98417E-05 9.98417E-05 9.98417E-05 9.98417E-05 9.98417E-05 9.98417E-05 9.98417E-05 9.98417E-05 9.98417E-05 0.998203 9.98417E-05 9.98417E-05 9.98417E-05 9.98417E-05 9.98417E-05 9.98417E-05 9.98417E-05 9.98417E-05 9.98417E-05
9.98946E-05 0.138146 9.98946E-05 9.98946E-05 9.98946E-05 9.98946E-05 9.98946E-05 9.98946E-05 0.0362682 0.0771296 9.98946E-05 0.0457891 0.0737924 9.98946E-05 9.98946E-05 9.98946E-05 9.98946E-05 0.622705 0.00497072
9.98417E-05 9.98417E-05 9.98417E-05 9.98417E-05 9.98417E-05 9.98417E-05 9.98417E-05 9.98417E-05 9.98417E-05 0.998203 9.98417E-05 9.98417E-05 9.98417E-05 9.98417E-05 9.98417E-05 9.98417E-05 9.98417E-05 9.98417E-05 9.98417E-05
9.98418E-05 9.98418E-05 9.98418E-05 9.98418E-05 9.98418E-05 9.98418E-05 9.98418E-05 9.98418E-05 9.98418E-05 9.98418E-05 9.98418E-05 0.998203 9.98418E-05 9.98418E-05 9.98418E-05 9.98418E-05 9.98418E-05 9.98418E-05 9.98418E-05
9.98418E-05 9.98418E-05 9.98418E-05 9.98418E-05 9.98418E-05 9.98418E-05 9.98418E-05 9.98418E-05 9.98418E-05 0.998203 9.98418E-05 9.98418E-05 9.98418E-05 9.98418E-05 9.98418E-05 9.98418E-05 9.98418E-05 9.98418E-05 9.98418E-05
9.98418E-05 9.98418E-05 9.98418E-05 9.98418E-05 9.98418E-05 9.98418E-05 9.98418E-05 9.98418E-05 9.98418E-05 0.998203 9.98418E-05 9.98418E-05 9.98418E-05 9.98418E-05 9.98418E-05 9.98418E-05 9.98418E-05 9.98418E-05 9.98418E-05
9.98417E-05 9.98417E-05 9.98417E-05 9.98417E-05 9.98417E-05 9.98417E-05 9.98417E-05 9.98417E-05 9.98417E-05 0.998203 9.98417E-05 9.98417E-05 9.98417E-05 9.98417E-05 9.98417E-05 9.98417E-05 9.98417E-05 9.98417E-05 9.98417E-05
9.98417E-05 9.98417E-05 9.98417E-05 9.98417E-05 9.98417E-05 9.98417E-05 9.98417E-05 9.98417E-05 9.98417E-05 9.98417E-05 9.98417E-05 0.998203 9.98417E-05 9.98417E-05 9.98417E-05 9.98417E-05 9.98417E-05 9.98417E-05 9.98417E-05
9.98417E-05 9.98417E-05 9.98417E-05 9.98417E-05 9.98417E-05 9.98417E-05 9.98417E-05 9.98417E-05 9.98417E-05 0.998203 9.98417E-05 9.98417E-05 9.98417E-05 9.98417E-05 9.98417E-05 9.98417E-05 9.98417E-05 9.98417E-05 9.98417E-05
9.98418E-05 9.98418E-05 9.98418E-05 9.98418E-05 9.98418E-05 9.98418E-05 9.98418E-05 9.98418E-05 9.98418E-05 9.98418E-05 9.98418E-05 0.998203 9.98418E-05 9.98418E-05 9.98418E-05 9.98418E-05 9.98418E-05 9.98418E-05 9.98418E-05
9.98418E-05 9.98418E-05 9.98418E-05 9.98418E-05 9.98418E-05 9.98418E-05 9.98418E-05 9.98418E-05 9.98418E-05 0.998203 9.98418E-05 9.98418E-05 9.98418E-05 9.98418E-05 9.98418E-05 9.98418E-05 9.98418E-05 9.98418E-05 9.98418E-05
9.98417E-05 9.98417E-05 9.98417E-05 9.98417E-05 9.98417E-05 9.98417E-05 9.98417E-05 9.98417E-05 9.98417E-05 0.998203 9.98417E-05 9.98417E-05 9.98417E-05 9.98417E-05 9.98417E-05 9.98417E-05 9.98417E-05 9.98417E-05 9.98417E-05
9.98417E-05 9.98417E-05 9.98417E-05 9.98417E-05 9.98417E-05 9.98417E-05 9.98417E-05 9.98417E-05 9.98417E-05 9.98417E-05 9.98417E-05 0.998203 9.98417E-05 9.98417E-05 9.98417E-05 9.98417E-05 9.98417E-05 9.98417E-05 9.98417E-05
9.98418E-05 9.98418E-05 9.98418E-05 9.98418E-05 9.98418E-05 9.98418E-05 9.98418E-05 9.98418E-05 9.98418E-05 9.98418E-05 9.98418E-05 0.998203 9.98418E-05 9.98418E-05 9.98418E-05 9.98418E-05 9.98418E-05 9.98418E-05 9.98418E-05
9.98419E-05 9.98419E-05 9.98419E-05 9.98419E-05 9.98419E-05 9.98419E-05 9.98419E-05 9.98419E-05 9.98419E-05 9.98419E-05 9.98419E-05 0.998203 9.98419E-05 9.98419E-05 9.98419E-05 9.98419E-05 9.98419E-05 9.98419E-05 9.98419E-05
9.98418E-05 9.98418E-05 9.98418E-05 9.98418E-05 9.98418E-05 9.98418E-05 9.98418E-05 9.98418E-05 9.98418E-05 0.998203 9.98418E-05 9.98418E-05 9.98418E-05 9.98418E-05 9.98418E-05 9.98418E-05 9.98418E-05 9.98418E-05 9.98418E-05
9.98419E-05 9.98419E-05 9.98419E-05 9.98419E-05 9.98419E-05 9.98419E-05 9.98419E-05 9.98419E-05 9.98419E-05 0.998203 9.98419E-05 9.98419E-05 9.98419E-05 9.98419E-05 9.98419E-05 9.98419E-05 9.98419E-05 9.98419E-05 9.98419E-05
9.98418E-05 9.98418E-05 9.98418E-05 9.98418E-05 9.98418E-05 9.98418E-05 9.98418E-05 9.98418E-05 9.98418E-05 0.998203 9.98418E-05 9.98418E-05 9.98418E-05 9.98418E-05 9.98418E-05 9.98418E-05 9.98418E-05 9.98418E-05 9.98418E-05
9.98418E-05 9.98418E-05 9.98418E-05 9.98418E-05 9.98418E-05 9.98418E-05 9.98418E-05 9.98418E-05 9.98418E-05 0.998203 9.98418E-05 9.98418E-05 9.98418E-05 9.98418E-05 9.98418E-05 9.98418E-05 9.98418E-05 9.98418E-05 9.98418E-05
9.98417E-05 9.98417E-05 9.98417E-05 9.98417E-05 9.98417E-05 9.98417E-05 9.98417E-05 9.98417E-05 9.98417E-05 0.998203 9.98417E-05 9.98417E-05 9.98417E-05 9.98417E-05 9.98417E-05 9.98417E-05 9.98417E-05 9.98417E-05 9.98417E-05
9.98417E-05 9.98417E-05 9.98417E-05 9.98417E-05 9.98417E-05 9.98417E-05 9.98417E-05 9.98417E-05 9.98417E-05 9.98417E-05 9.98417E-05 0.998203 9.98417E-05 9.98417E-05 9.98417E-05 9.98417E-05 9.98417E-05 9.98417E-05 9.98417E-05
