9.99034E-05 9.99034E-05 0.0113386 9.99034E-05 9.99034E-05 0.252442 0.019236 0.0948427 9.99034E-05 0.0707031 9.99034E-05 9.99034E-05 9.99034E-05 0.181735 9.99034E-05 0.0946097 9.99034E-05 9.99034E-05 0.273994
9.98596E-05 9.98596E-05 9.98596E-05 9.98596E-05 9.98596E-05 0.120143 9.98596E-05 9.98596E-05 9.98596E-05 0.128958 9.98596E-05 9.98596E-05 9.98596E-05 9.98596E-05 9.98596E-05 9.98596E-05 9.98596E-05 9.98596E-05 0.749301
9.98771E-05 9.98771E-05 0.0356906 9.98771E-05 9.98771E-05 9.98771E-05 9.98771E-05 9.98771E-05 9.98771E-05 9.98771E-05 9.98771E-05 9.98771E-05 9.98771E-05 0.0202733 9.98771E-05 0.04364 0.0546105 9.98771E-05 0.844387
9.99123E-05 0.00863319 9.99123E-05 9.99123E-05 0.00170132 9.99123E-05 0.129977 9.99123E-05 9.99123E-05 9.99123E-05 0.275949 9.99123E-05 9.99123E-05 0.151663 0.00174183 0.0502746 0.158742 9.99123E-05 0.220319
9.98772E-05 0.0245675 9.98772E-05 9.98772E-05 0.110277 9.98772E-05 9.98772E-05 9.98772E-05 9.98772E-05 0.0354335 0.0324704 9.98772E-05 9.98772E-05 9.98772E-05 9.98772E-05 9.98772E-05 9.98772E-05 9.98772E-05 0.795854
9.99035E-05 0.167353 9.99035E-05 9.99035E-05 0.143614 0.258974 9.99035E-05 9.99035E-05 9.99035E-05 0.0484558 0.0309086 9.99035E-05 9.99035E-05 9.99035E-05 0.00945273 9.99035E-05 0.191656 9.99035E-05 0.148487
9.99123E-05 9.99123E-05 0.0133658 9.99123E-05 9.99123E-05 0.161967 0.064969 9.99123E-05 9.99123E-05 0.118502 0.152952 9.99123E-05 9.99123E-05 0.170313 0.0995662 0.0240378 9.99123E-05 9.99123E-05 0.193328
0.0257171 0.143423 9.99123E-05 9.99123E-05 0.0288207 0.0885923 9.99123E-05 0.164001 9.99123E-05 9.99123E-05 0.0892802 9.99123E-05 0.0243579 0.254485 9.99123E-05 9.99123E-05 9.99123E-05 9.99123E-05 0.180323
9.98947E-05 0.233637 0.180202 9.98947E-05 0.0128811 9.98947E-05 9.98947E-05 9.98947E-05 9.98947E-05 9.98947E-05 9.98947E-05 9.98947E-05 9.98947E-05 0.0443465 9.98947E-05 0.252274 0.024441 9.98947E-05 0.25102
9.98595E-05 9.98595E-05 9.98595E-05 9.98595E-05 9.98595E-05 9.98595E-05 9.98595E-05 9.98595E-05 9.98595E-05 9.98595E-05 9.98595E-05 9.98595E-05 0.0258404 9.98595E-05 9.98595E-05 0.136738 9.98595E-05 9.98595E-05 0.835824
9.98859E-05 0.0195967 9.98859E-05 9.98859E-05 9.98859E-05 0.121309 0.144406 9.98859E-05 9.98859E-05 9.98859E-05 9.98859E-05 9.98859E-05 9.98859E-05 0.114303 9.98859E-05 0.127861 9.98859E-05 9.98859E-05 0.471227
0.0193692 9.98947E-05 9.98947E-05 9.98947E-05 9.98947E-05 0.0617588 0.00637042 9.98947E-05 0.0298128 9.98947E-05 0.0474415 9.98947E-05 9.98947E-05 9.98947E-05 9.98947E-05 0.0665217 9.98947E-05 9.98947E-05 0.767527
9.98596E-05 9.98596E-05 9.98596E-05 9.98596E-05 9.98596E-05 9.98596E-05 9.98596E-05 9.98596E-05 9.98596E-05 9.98596E-05 9.98596E-05 9.98596E-05 9.98596E-05 0.104712 9.98596E-05 0.107323 9.98596E-05 9.98596E-05 0.786367
0.00966691 9.9921E-05 9.9921E-05 0.18271 9.9921E-05 9.9921E-05 0.0476745 0.00233604 9.9921E-05 0.0323593 9.9921E-05 9.9921E-05 9.9921E-05 0.0434424 0.0284582 0.0375584 0.0160408 9.9921E-05 0.598854
9.99122E-05 0.179032 0.0150935 9.99122E-05 9.99122E-05 0.158946 9.99122E-05 9.99122E-05 9.99122E-05 9.99122E-05 0.0232569 0.0474441 9.99122E-05 0.00216289 9.99122E-05 0.131418 0.117713 9.99122E-05 0.323936
0.11645 0.225895 9.9921E-05 9.9921E-05 9.9921E-05 0.187553 9.9921E-05 0.00209582 0.0369225 9.9921E-05 0.0991785 9.9921E-05 9.9921E-05 0.0464243 9.9921E-05 0.066623 0.027416 9.9921E-05 0.190542
0.0201179 0.0152911 9.9921E-05 9.9921E-05 9.9921E-05 9.9921E-05 0.0638107 0.0344621 0.016762 9.9921E-05 0.0562051 0.148384 9.9921E-05 0.0117831 9.9921E-05 0.0694164 9.9921E-05 9.9921E-05 0.562868
9.98947E-05 0.0285074 9.98947E-05 9.98947E-05 9.98947E-05 0.297352 9.98947E-05 9.98947E-05 9.98947E-05 9.98947E-05 9.98947E-05 9.98947E-05 0.147731 0.175155 9.98947E-05 0.124745 9.98947E-05 0.110046 0.115266
9.99034E-05 0.0849059 9.99034E-05 9.99034E-05 9.99034E-05 9.99034E-05 9.99034E-05 9.99034E-05 0.0507478 0.0288392 0.123862 9.99034E-05 0.0619221 0.191752 9.99034E-05 0.145695 9.99034E-05 9.99034E-05 0.311178
9.98596E-05 9.98596E-05 9.98596E-05 9.98596E-05 9.98596E-05 9.98596E-05 9.98596E-05 9.98596E-05 9.98596E-05 9.98596E-05 9.98596E-05 9.98596E-05 9.98596E-05 9.98596E-05 9.98596E-05 0.040645 9.98596E-05 0.0361231 0.921634
0.13802 0.0459667 0.0518498 9.99123E-05 9.99123E-05 9.99123E-05 0.0656474 9.99123E-05 0.109129 9.99123E-05 9.99123E-05 9.99123E-05 9.99123E-05 9.99123E-05 9.99123E-05 0.0984832 0.0497422 0.0365147 0.403648
9.99123E-05 0.100878 9.99123E-05 0.00192559 0.0298518 9.99123E-05 9.99123E-05 9.99123E-05 0.052496 9.99123E-05 9.99123E-05 9.99123E-05 0.0212077 0.414194 0.0356747 9.99123E-05 0.146126 9.99123E-05 0.196646
9.98772E-05 9.98772E-05 9.98772E-05 9.98772E-05 9.98772E-05 0.33414 0.0496374 9.98772E-05 9.98772E-05 9.98772E-05 9.98772E-05 9.98772E-05 9.98772E-05 9.98772E-05 9.98772E-05 0.0807416 0.0379114 9.98772E-05 0.496171
9.98772E-05 9.98772E-05 0.0264327 9.98772E-05 9.98772E-05 0.000480136 9.98772E-05 9.98772E-05 9.98772E-05 9.98772E-05 9.98772E-05 9.98772E-05 9.98772E-05 0.297279 9.98772E-05 0.302919 9.98772E-05 9.98772E-05 0.371491
9.99034E-05 0.0384642 0.0173829 9.99034E-05 9.99034E-05 9.99034E-05 0.0216092 9.99034E-05 9.99034E-05 9.99034E-05 9.99034E-05 9.99034E-05 9.99034E-05 0.122468 9.99034E-05 0.251776 0.190581 0.0847677 0.271853
9.99035E-05 0.0364546 9.99035E-05 9.99035E-05 9.99035E-05 0.0131266 9.99035E-05 9.99035E-05 0.00168003 9.99035E-05 0.0229527 9.99035E-05 9.99035E-05 0.0900024 9.99035E-05 0.090296 0.0851132 9.99035E-05 0.659276
0.0622108 9.98858E-05 9.98858E-05 9.98858E-05 9.98858E-05 9.98858E-05 9.98858E-05 0.00658077 9.98858E-05 9.98858E-05 9.98858E-05 9.98858E-05 0.0659648 0.410996 9.98858E-05 0.0460253 0.406924 9.98858E-05 9.98858E-05
9.98685E-05 9.98685E-05 9.98685E-05 9.98685E-05 9.98685E-05 9.98685E-05 9.98685E-05 9.98685E-05 9.98685E-05 9.98685E-05 0.0636578 9.98685E-05 9.98685E-05 0.111691 9.98685E-05 0.10934 9.98685E-05 9.98685E-05 0.713813
9.99123E-05 9.99123E-05 0.0751585 0.00439369 9.99123E-05 0.0202172 0.00282313 9.99123E-05 9.99123E-05 9.99123E-05 9.99123E-05 9.99123E-05 9.99123E-05 0.130657 9.99123E-05 0.0660837 0.117734 0.0211461 0.560788
9.99035E-05 0.0288455 9.99035E-05 0.0573294 9.99035E-05 0.0585281 9.99035E-05 9.99035E-05 0.00573858 9.99035E-05 9.99035E-05 9.99035E-05 0.000547529 9.99035E-05 9.99035E-05 0.0723289 0.0692094 9.99035E-05 0.706374
9.98947E-05 0.0229639 9.98947E-05 9.98947E-05 9.98947E-05 0.192484 0.127508 9.98947E-05 9.98947E-05 9.98947E-05 9.98947E-05 9.98947E-05 9.98947E-05 0.021629 9.98947E-05 0.0213512 9.98947E-05 0.00343031 0.609435
9.9886E-05 9.9886E-05 9.9886E-05 9.9886E-05 9.9886E-05 0.0879895 0.0102475 9.9886E-05 9.9886E-05 9.9886E-05 9.9886E-05 9.9886E-05 9.9886E-05 0.108709 9.9886E-05 0.0973036 0.288042 9.9886E-05 0.40641
0.0163977 9.99034E-05 9.99034E-05 9.99034E-05 9.99034E-05 0.0328643 0.0997223 0.0105645 9.99034E-05 9.99034E-05 9.99034E-05 9.99034E-05 9.99034E-05 0.135374 9.99034E-05 0.217784 0.0380891 9.99034E-05 0.448105
9.99123E-05 9.99123E-05 9.99123E-05 9.99123E-05 9.99123E-05 9.99123E-05 0.0073886 9.99123E-05 0.0303152 9.99123E-05 0.00980575 0.0145746 0.0282545 0.0762999 9.99123E-05 0.173139 0.265462 9.99123E-05 0.393762
9.98773E-05 9.98773E-05 9.98773E-05 9.98773E-05 9.98773E-05 9.98773E-05 0.101356 9.98773E-05 9.98773E-05 0.0670281 9.98773E-05 9.98773E-05 9.98773E-05 9.98773E-05 9.98773E-05 0.0673273 9.98773E-05 0.002929 0.759961
9.98861E-05 9.98861E-05 9.98861E-05 9.98861E-05 9.98861E-05 0.0587138 9.98861E-05 0.0993297 9.98861E-05 9.98861E-05 0.0924141 9.98861E-05 9.98861E-05 0.0429197 9.98861E-05 0.144444 9.98861E-05 9.98861E-05 0.560881
9.9886E-05 9.9886E-05 9.9886E-05 9.9886E-05 9.9886E-05 9.9886E-05 9.9886E-05 9.9886E-05 0.0136434 0.0175734 0.0180056 9.9886E-05 9.9886E-05 9.9886E-05 0.0114803 9.9886E-05 9.9886E-05 0.0500715 0.887927
9.98773E-05 0.120705 9.98773E-05 9.98773E-05 9.98773E-05 9.98773E-05 9.98773E-05 9.98773E-05 9.98773E-05 0.0717869 9.98773E-05 9.98773E-05 9.98773E-05 9.98773E-05 9.98773E-05 0.102381 9.98773E-05 0.0658762 0.637853
9.99035E-05 0.0488597 9.99035E-05 9.99035E-05 0.0686799 9.99035E-05 0.0277539 9.99035E-05 0.0083955 9.99035E-05 9.99035E-05 0.132252 9.99035E-05 0.0504017 9.99035E-05 0.135302 9.99035E-05 9.99035E-05 0.527256
0.0822584 9.98859E-05 9.98859E-05 0.0467312 9.98859E-05 9.98859E-05 9.98859E-05 9.98859E-05 9.98859E-05 9.98859E-05 9.98859E-05 9.98859E-05 9.98859E-05 0.0441431 9.98859E-05 0.105353 0.204977 9.98859E-05 0.515239
9.9886E-05 9.9886E-05 9.9886E-05 9.9886E-05 9.9886E-05 9.9886E-05 0.0923575 9.9886E-05 0.00492163 9.9886E-05 0.00161181 9.9886E-05 9.9886E-05 0.203906 9.9886E-05 0.0555996 9.9886E-05 9.9886E-05 0.640305
9.98772E-05 9.98772E-05 0.00972443 9.98772E-05 9.98772E-05 9.98772E-05 9.98772E-05 9.98772E-05 9.98772E-05 0.0315304 9.98772E-05 9.98772E-05 9.98772E-05 0.267929 9.98772E-05 0.0871516 9.98772E-05 9.98772E-05 0.602266
9.98684E-05 9.98684E-05 9.98684E-05 0.162059 0.0144416 9.98684E-05 9.98684E-05 9.98684E-05 9.98684E-05 9.98684E-05 9.98684E-05 9.98684E-05 9.98684E-05 0.0487067 9.98684E-05 9.98684E-05 9.98684E-05 9.98684E-05 0.773295
9.99035E-05 0.142452 0.072965 9.99035E-05 9.99035E-05 0.177706 0.0476704 9.99035E-05 9.99035E-05 0.00265125 9.99035E-05 9.99035E-05 9.99035E-05 0.156649 9.99035E-05 0.115909 9.99035E-05 9.99035E-05 0.282898
9.98859E-05 9.98859E-05 0.00264076 9.98859E-05 9.98859E-05 9.98859E-05 9.98859E-05 9.98859E-05 0.0384179 9.98859E-05 0.181017 9.98859E-05 9.98859E-05 0.360071 9.98859E-05 0.187903 9.98859E-05 9.98859E-05 0.228652
9.98858E-05 9.98858E-05 9.98858E-05 9.98858E-05 0.0113822 9.98858E-05 9.98858E-05 9.98858E-05 0.0307508 9.98858E-05 9.98858E-05 9.98858E-05 9.98858E-05 0.0785846 9.98858E-05 0.0671443 9.98858E-05 0.0559788 0.754861
9.98771E-05 0.0255859 9.98771E-05 9.98771E-05 9.98771E-05 9.98771E-05 0.0122206 9.98771E-05 9.98771E-05 9.98771E-05 9.98771E-05 9.98771E-05 0.0403011 9.98771E-05 9.98771E-05 0.0756365 9.98771E-05 9.98771E-05 0.844858
0.0205288 9.98859E-05 9.98859E-05 9.98859E-05 0.00681602 0.0727024 9.98859E-05 0.020325 9.98859E-05 9.98859E-05 9.98859E-05 9.98859E-05 9.98859E-05 9.98859E-05 9.98859E-05 0.024308 9.98859E-05 9.98859E-05 0.854021
9.9877E-05 9.9877E-05 9.9877E-05 9.9877E-05 9.9877E-05 0.0445499 0.0339275 9.9877E-05 9.9877E-05 9.9877E-05 9.9877E-05 9.9877E-05 9.9877E-05 0.171973 9.9877E-05 0.134495 9.9877E-05 9.9877E-05 0.613656
9.9895E-05 0.0152983 9.9895E-05 9.9895E-05 0.020145 9.9895E-05 9.9895E-05 9.9895E-05 9.9895E-05 0.0113938 9.9895E-05 9.9895E-05 0.0409662 9.9895E-05 0.0838119 9.9895E-05 9.9895E-05 0.132989 0.694198
0.0117574 0.0164332 0.0483296 9.99385E-05 0.0159188 0.0660345 0.1232 9.99385E-05 0.00572094 9.99385E-05 0.0266326 9.99385E-05 9.99385E-05 0.107059 9.99385E-05 0.178203 0.113507 9.99385E-05 0.286504
9.98859E-05 9.98859E-05 0.0767175 9.98859E-05 0.0514113 9.98859E-05 9.98859E-05 9.98859E-05 0.0271631 9.98859E-05 9.98859E-05 9.98859E-05 9.98859E-05 0.210044 9.98859E-05 9.98859E-05 9.98859E-05 0.02241 0.610955
9.98685E-05 9.98685E-05 9.98685E-05 9.98685E-05 9.98685E-05 9.98685E-05 9.98685E-05 9.98685E-05 9.98685E-05 0.0129898 9.98685E-05 9.98685E-05 0.0571673 9.98685E-05 9.98685E-05 9.98685E-05 0.0485644 9.98685E-05 0.87978
0.164952 0.00982171 9.98948E-05 9.98948E-05 0.0438513 9.98948E-05 9.98948E-05 9.98948E-05 9.98948E-05 9.98948E-05 9.98948E-05 9.98948E-05 0.0157701 9.98948E-05 0.0441706 0.0663034 9.98948E-05 9.98948E-05 0.653932
0.0611999 9.98861E-05 0.0106158 9.98861E-05 0.0475658 9.98861E-05 9.98861E-05 9.98861E-05 9.98861E-05 9.98861E-05 9.98861E-05 9.98861E-05 9.98861E-05 9.98861E-05 9.98861E-05 0.11894 9.98861E-05 0.0155252 0.744855
9.9886E-05 9.9886E-05 9.9886E-05 9.9886E-05 0.0351497 0.0573729 0.0044867 9.9886E-05 9.9886E-05 9.9886E-05 9.9886E-05 9.9886E-05 9.9886E-05 9.9886E-05 9.9886E-05 9.9886E-05 0.180611 0.0505524 0.670529
9.98946E-05 9.98946E-05 9.98946E-05 9.98946E-05 9.98946E-05 9.98946E-05 9.98946E-05 9.98946E-05 0.0254491 0.10831 0.013312 9.98946E-05 0.113678 0.0516787 9.98946E-05 0.00585827 9.98946E-05 9.98946E-05 0.680515
9.98773E-05 9.98773E-05 9.98773E-05 9.98773E-05 9.98773E-05 9.98773E-05 0.0281487 0.0571712 9.98773E-05 9.98773E-05 0.0166313 9.98773E-05 9.98773E-05 9.98773E-05 9.98773E-05 0.114208 9.98773E-05 9.98773E-05 0.782443
9.98947E-05 0.0134581 9.98947E-05 9.98947E-05 9.98947E-05 9.98947E-05 0.00128864 9.98947E-05 9.98947E-05 0.00170795 9.98947E-05 9.98947E-05 9.98947E-05 9.98947E-05 0.118716 0.00415507 0.060093 9.98947E-05 0.799383
9.98858E-05 0.0564886 9.98858E-05 9.98858E-05 9.98858E-05 0.712139 9.98858E-05 0.0661595 9.98858E-05 9.98858E-05 9.98858E-05 9.98858E-05 0.0293721 9.98858E-05 9.98858E-05 0.120224 0.0143186 9.98858E-05 9.98858E-05
9.98422E-05 9.98422E-05 9.98422E-05 9.98422E-05 9.98422E-05 0.998203 9.98422E-05 9.98422E-05 9.98422E-05 9.98422E-05 9.98422E-05 9.98422E-05 9.98422E-05 9.98422E-05 9.98422E-05 9.98422E-05 9.98422E-05 9.98422E-05 9.98422E-05
9.98508E-05 9.98508E-05 9.98508E-05 9.98508E-05 9.98508E-05 0.958245 9.98508E-05 9.98508E-05 9.98508E-05 9.98508E-05 9.98508E-05 9.98508E-05 0.040057 9.98508E-05 9.98508E-05 9.98508E-05 9.98508E-05 9.98508E-05 9.98508E-05
9.98947E-05 0.102825 9.98947E-05 9.98947E-05 9.98947E-05 0.281899 9.98947E-05 9.98947E-05 9.98947E-05 0.229867 9.98947E-05 9.98947E-05 0.0201664 9.98947E-05 0.0812565 0.0571735 0.225613 9.98947E-05 9.98947E-05
9.99033E-05 0.0546967 9.99033E-05 9.99033E-05 0.0193008 0.651824 9.99033E-05 9.99033E-05 9.99033E-05 9.99033E-05 9.99033E-05 9.99033E-05 0.0222124 0.044727 0.00779248 0.0832825 9.99033E-05 0.115065 9.99033E-05
9.98769E-05 0.0110319 9.98769E-05 9.98769E-05 9.98769E-05 0.675563 9.98769E-05 0.0996709 9.98769E-05 9.98769E-05 9.98769E-05 9.98769E-05 9.98769E-05 0.0859382 9.98769E-05 0.126398 9.98769E-05 9.98769E-05 9.98769E-05
9.98682E-05 9.98682E-05 9.98682E-05 9.98682E-05 9.98682E-05 0.536072 0.0113736 9.98682E-05 9.98682E-05 0.299565 9.98682E-05 9.98682E-05 9.98682E-05 9.98682E-05 9.98682E-05 0.151491 9.98682E-05 9.98682E-05 9.98682E-05
9.98945E-05 0.0724497 9.98945E-05 9.98945E-05 9.98945E-05 0.584097 9.98945E-05 9.98945E-05 9.98945E-05 0.083306 9.98945E-05 9.98945E-05 0.119623 9.98945E-05 0.0480052 0.0582724 0.0330485 9.98945E-05 9.98945E-05
9.98508E-05 9.98508E-05 9.98508E-05 9.98508E-05 9.98508E-05 0.909858 9.98508E-05 9.98508E-05 9.98508E-05 0.0884446 9.98508E-05 9.98508E-05 9.98508E-05 9.98508E-05 9.98508E-05 9.98508E-05 9.98508E-05 9.98508E-05 9.98508E-05
9.98508E-05 9.98508E-05 9.98508E-05 9.98508E-05 9.98508E-05 0.976376 0.0219267 9.98508E-05 9.98508E-05 9.98508E-05 9.98508E-05 9.98508E-05 9.98508E-05 9.98508E-05 9.98508E-05 9.98508E-05 9.98508E-05 9.98508E-05 9.98508E-05
9.98769E-05 0.0542371 9.98769E-05 9.98769E-05 9.98769E-05 0.53053 0.140313 9.98769E-05 0.0124315 9.98769E-05 9.98769E-05 9.98769E-05 9.98769E-05 9.98769E-05 9.98769E-05 0.26109 9.98769E-05 9.98769E-05 9.98769E-05
0.0820279 9.99121E-05 9.99121E-05 9.99121E-05 9.99121E-05 0.408401 0.0457625 0.0924121 9.99121E-05 0.080808 0.00864374 9.99121E-05 9.99121E-05 0.174739 0.0263406 0.0798655 9.99121E-05 9.99121E-05 9.99121E-05
9.98857E-05 0.170696 9.98857E-05 9.98857E-05 0.100802 0.530083 0.0434413 0.133728 9.98857E-05 9.98857E-05 9.98857E-05 9.98857E-05 9.98857E-05 9.98857E-05 9.98857E-05 9.98857E-05 0.0199515 9.98857E-05 9.98857E-05
9.98858E-05 9.98858E-05 9.98858E-05 9.98858E-05 0.0143367 0.488433 9.98858E-05 9.98858E-05 9.98858E-05 0.0722919 9.98858E-05 9.98858E-05 9.98858E-05 0.244148 0.0265924 0.152899 9.98858E-05 9.98858E-05 9.98858E-05
0.0282746 9.98686E-05 0.0143307 9.98686E-05 9.98686E-05 0.830388 9.98686E-05 9.98686E-05 9.98686E-05 9.98686E-05 9.98686E-05 9.98686E-05 9.98686E-05 9.98686E-05 9.98686E-05 9.98686E-05 0.125508 9.98686E-05 9.98686E-05
9.9851E-05 0.0329653 9.9851E-05 9.9851E-05 9.9851E-05 0.965337 9.9851E-05 9.9851E-05 9.9851E-05 9.9851E-05 9.9851E-05 9.9851E-05 9.9851E-05 9.9851E-05 9.9851E-05 9.9851E-05 9.9851E-05 9.9851E-05 9.9851E-05
9.98857E-05 9.98857E-05 9.98857E-05 9.98857E-05 9.98857E-05 0.712895 9.98857E-05 9.98857E-05 9.98857E-05 9.98857E-05 0.10448 9.98857E-05 0.0219002 9.98857E-05 0.0606474 0.0140777 0.0847006 9.98857E-05 9.98857E-05
9.98857E-05 0.0491515 9.98857E-05 9.98857E-05 9.98857E-05 0.643313 0.0290413 0.0782594 0.0639183 9.98857E-05 9.98857E-05 9.98857E-05 9.98857E-05 0.135018 9.98857E-05 9.98857E-05 9.98857E-05 9.98857E-05 9.98857E-05
9.98682E-05 9.98682E-05 9.98682E-05 9.98682E-05 9.98682E-05 0.869703 0.0179457 9.98682E-05 9.98682E-05 9.98682E-05 9.98682E-05 9.98682E-05 0.0847635 9.98682E-05 9.98682E-05 0.0260895 9.98682E-05 9.98682E-05 9.98682E-05
0.0983382 9.98857E-05 9.98857E-05 9.98857E-05 9.98857E-05 0.637991 0.0176075 0.0335162 9.98857E-05 9.98857E-05 9.98857E-05 9.98857E-05 9.98857E-05 9.98857E-05 9.98857E-05 0.205065 9.98857E-05 0.0061834 9.98857E-05
9.98512E-05 9.98512E-05 9.98512E-05 9.98512E-05 9.98512E-05 0.975591 9.98512E-05 9.98512E-05 9.98512E-05 9.98512E-05 9.98512E-05 0.0227119 9.98512E-05 9.98512E-05 9.98512E-05 9.98512E-05 9.98512E-05 9.98512E-05 9.98512E-05
9.98857E-05 9.98857E-05 9.98857E-05 9.98857E-05 9.98857E-05 0.609804 9.98857E-05 9.98857E-05 9.98857E-05 0.0313881 0.004658 9.98857E-05 0.0555301 0.210882 9.98857E-05 0.0864394 9.98857E-05 9.98857E-05 9.98857E-05
9.9886E-05 9.9886E-05 9.9886E-05 0.0394532 9.9886E-05 0.708025 9.9886E-05 9.9886E-05 9.9886E-05 9.9886E-05 9.9886E-05 9.9886E-05 9.9886E-05 0.0190882 9.9886E-05 0.02207 0.165405 0.0446598 9.9886E-05
9.98859E-05 0.0134245 9.98859E-05 9.98859E-05 9.98859E-05 0.618908 9.98859E-05 9.98859E-05 0.0768866 9.98859E-05 0.175016 9.98859E-05 0.0168333 9.98859E-05 9.98859E-05 9.98859E-05 0.0976328 9.98859E-05 9.98859E-05
9.98594E-05 9.98594E-05 9.98594E-05 9.98594E-05 9.98594E-05 0.842434 0.0793223 0.0766455 9.98594E-05 9.98594E-05 9.98594E-05 9.98594E-05 9.98594E-05 9.98594E-05 9.98594E-05 9.98594E-05 9.98594E-05 9.98594E-05 9.98594E-05
9.98597E-05 0.0173828 9.98597E-05 9.98597E-05 9.98597E-05 0.968398 9.98597E-05 9.98597E-05 9.98597E-05 9.98597E-05 9.98597E-05 0.0126214 9.98597E-05 9.98597E-05 9.98597E-05 9.98597E-05 9.98597E-05 9.98597E-05 9.98597E-05
9.98423E-05 9.98423E-05 9.98423E-05 9.98423E-05 9.98423E-05 0.998203 9.98423E-05 9.98423E-05 9.98423E-05 9.98423E-05 9.98423E-05 9.98423E-05 9.98423E-05 9.98423E-05 9.98423E-05 9.98423E-05 9.98423E-05 9.98423E-05 9.98423E-05
9.98508E-05 9.98508E-05 9.98508E-05 9.98508E-05 9.98508E-05 0.984599 9.98508E-05 9.98508E-05 9.98508E-05 9.98508E-05 9.98508E-05 9.98508E-05 9.98508E-05 9.98508E-05 9.98508E-05 0.0137031 9.98508E-05 9.98508E-05 9.98508E-05
9.98772E-05 0.0126111 9.98772E-05 9.98772E-05 9.98772E-05 0.857267 9.98772E-05 0.028682 9.98772E-05 9.98772E-05 9.98772E-05 9.98772E-05 0.0928156 9.98772E-05 9.98772E-05 0.00722588 9.98772E-05 9.98772E-05 9.98772E-05
9.98685E-05 0.0748073 9.98685E-05 0.302954 9.98685E-05 0.54244 9.98685E-05 9.98685E-05 9.98685E-05 9.98685E-05 9.98685E-05 9.98685E-05 9.98685E-05 9.98685E-05 9.98685E-05 0.0783013 9.98685E-05 9.98685E-05 9.98685E-05
9.98597E-05 0.0655638 9.98597E-05 9.98597E-05 9.98597E-05 9.98597E-05 9.98597E-05 9.98597E-05 9.98597E-05 9.98597E-05 9.98597E-05 9.98597E-05 9.98597E-05 9.98597E-05 9.98597E-05 0.0623389 0.8705 9.98597E-05 9.98597E-05
9.98596E-05 0.0221482 9.98596E-05 0.647561 9.98596E-05 9.98596E-05 9.98596E-05 9.98596E-05 9.98596E-05 9.98596E-05 9.98596E-05 9.98596E-05 9.98596E-05 9.98596E-05 9.98596E-05 9.98596E-05 0.328693 9.98596E-05 9.98596E-05
9.98771E-05 9.98771E-05 9.98771E-05 9.98771E-05 0.00936881 9.98771E-05 0.00688193 9.98771E-05 0.0264955 9.98771E-05 9.98771E-05 9.98771E-05 9.98771E-05 9.98771E-05 9.98771E-05 0.0325163 0.923339 9.98771E-05 9.98771E-05
9.9877E-05 0.0201976 9.9877E-05 9.9877E-05 9.9877E-05 9.9877E-05 0.0116716 9.9877E-05 9.9877E-05 9.9877E-05 9.9877E-05 9.9877E-05 0.0349981 9.9877E-05 9.9877E-05 0.118455 0.813279 9.9877E-05 9.9877E-05
9.98858E-05 0.0957289 0.0461492 9.98858E-05 9.98858E-05 9.98858E-05 9.98858E-05 0.0686283 0.0136684 9.98858E-05 9.98858E-05 9.98858E-05 9.98858E-05 9.98858E-05 9.98858E-05 9.98858E-05 0.751047 0.0234794 9.98858E-05
9.98771E-05 0.169212 9.98771E-05 0.116841 9.98771E-05 9.98771E-05 9.98771E-05 9.98771E-05 9.98771E-05 0.0354661 9.98771E-05 9.98771E-05 9.98771E-05 9.98771E-05 9.98771E-05 0.185166 0.491916 9.98771E-05 9.98771E-05
9.98859E-05 0.0762454 9.98859E-05 0.0860827 9.98859E-05 9.98859E-05 9.98859E-05 0.0417022 9.98859E-05 9.98859E-05 9.98859E-05 9.98859E-05 9.98859E-05 0.0437711 9.98859E-05 0.0624135 0.688487 9.98859E-05 9.98859E-05
9.98596E-05 0.213081 9.98596E-05 9.98596E-05 9.98596E-05 9.98596E-05 0.0112955 9.98596E-05 9.98596E-05 9.98596E-05 9.98596E-05 9.98596E-05 9.98596E-05 9.98596E-05 9.98596E-05 9.98596E-05 0.774026 9.98596E-05 9.98596E-05
9.98946E-05 0.34618 9.98946E-05 9.98946E-05 9.98946E-05 9.98946E-05 0.00600166 0.0408087 9.98946E-05 0.183878 9.98946E-05 9.98946E-05 9.98946E-05 0.0720356 9.98946E-05 0.0190708 0.330826 9.98946E-05 9.98946E-05
9.98596E-05 0.143025 9.98596E-05 9.98596E-05 9.98596E-05 9.98596E-05 9.98596E-05 9.98596E-05 9.98596E-05 9.98596E-05 9.98596E-05 9.98596E-05 9.98596E-05 9.98596E-05 9.98596E-05 0.257735 0.597642 9.98596E-05 9.98596E-05
9.98859E-05 0.0438029 9.98859E-05 9.98859E-05 9.98859E-05 9.98859E-05 0.00777191 9.98859E-05 9.98859E-05 0.189175 9.98859E-05 0.504827 9.98859E-05 9.98859E-05 9.98859E-05 0.019203 0.233922 9.98859E-05 9.98859E-05
9.98684E-05 9.98684E-05 9.98684E-05 9.98684E-05 9.98684E-05 9.98684E-05 0.103872 9.98684E-05 9.98684E-05 9.98684E-05 9.98684E-05 0.235902 9.98684E-05 9.98684E-05 9.98684E-05 0.0711001 0.587628 9.98684E-05 9.98684E-05
9.98773E-05 0.0795927 9.98773E-05 0.186802 9.98773E-05 9.98773E-05 0.000153291 9.98773E-05 9.98773E-05 9.98773E-05 9.98773E-05 9.98773E-05 0.0725893 9.98773E-05 9.98773E-05 9.98773E-05 0.659465 9.98773E-05 9.98773E-05
9.98772E-05 0.0694162 0.00987784 9.98772E-05 9.98772E-05 9.98772E-05 9.98772E-05 9.98772E-05 9.98772E-05 9.98772E-05 9.98772E-05 0.129087 9.98772E-05 9.98772E-05 9.98772E-05 0.206632 0.583588 9.98772E-05 9.98772E-05
9.98859E-05 0.0531086 9.98859E-05 0.164 9.98859E-05 9.98859E-05 9.98859E-05 0.0165631 0.129731 9.98859E-05 9.98859E-05 9.98859E-05 0.0839402 9.98859E-05 9.98859E-05 9.98859E-05 0.551358 9.98859E-05 9.98859E-05
9.9886E-05 0.00981431 9.9886E-05 0.0171388 9.9886E-05 9.9886E-05 0.0274206 9.9886E-05 9.9886E-05 0.11464 9.9886E-05 9.9886E-05 9.9886E-05 9.9886E-05 9.9886E-05 0.14872 0.680967 9.9886E-05 9.9886E-05
9.98771E-05 0.0923412 9.98771E-05 9.98771E-05 9.98771E-05 9.98771E-05 9.98771E-05 9.98771E-05 9.98771E-05 0.141746 9.98771E-05 0.095609 9.98771E-05 9.98771E-05 9.98771E-05 0.0635405 0.605365 9.98771E-05 9.98771E-05
9.98861E-05 0.0681585 9.98861E-05 9.98861E-05 9.98861E-05 9.98861E-05 9.98861E-05 9.98861E-05 0.0363049 9.98861E-05 9.98861E-05 0.0735772 9.98861E-05 0.00238002 0.0395645 9.98861E-05 0.778716 9.98861E-05 9.98861E-05
9.98509E-05 9.98509E-05 9.98509E-05 9.98509E-05 9.98509E-05 9.98509E-05 9.98509E-05 9.98509E-05 9.98509E-05 9.98509E-05 9.98509E-05 0.121391 9.98509E-05 9.98509E-05 9.98509E-05 9.98509E-05 0.876912 9.98509E-05 9.98509E-05
9.98859E-05 0.0477775 9.98859E-05 9.98859E-05 9.98859E-05 9.98859E-05 0.0108321 9.98859E-05 9.98859E-05 9.98859E-05 9.98859E-05 0.325454 9.98859E-05 9.98859E-05 9.98859E-05 0.116259 0.40505 0.0933286 9.98859E-05
9.98772E-05 9.98772E-05 9.98772E-05 0.0603118 9.98772E-05 9.98772E-05 9.98772E-05 9.98772E-05 0.0671717 0.188535 9.98772E-05 9.98772E-05 9.98772E-05 9.98772E-05 9.98772E-05 0.036445 0.646138 9.98772E-05 9.98772E-05
9.98684E-05 0.0215242 9.98684E-05 9.98684E-05 9.98684E-05 9.98684E-05 9.98684E-05 0.00341473 9.98684E-05 9.98684E-05 9.98684E-05 9.98684E-05 0.0604627 9.98684E-05 9.98684E-05 9.98684E-05 0.9131 9.98684E-05 9.98684E-05
9.98771E-05 0.222077 9.98771E-05 9.98771E-05 9.98771E-05 9.98771E-05 9.98771E-05 9.98771E-05 9.98771E-05 0.0699659 9.98771E-05 9.98771E-05 9.98771E-05 9.98771E-05 9.98771E-05 0.214044 0.450362 0.0421533 9.98771E-05
9.98685E-05 0.164117 9.98685E-05 0.0725728 9.98685E-05 9.98685E-05 9.98685E-05 9.98685E-05 9.98685E-05 9.98685E-05 9.98685E-05 0.112484 9.98685E-05 9.98685E-05 9.98685E-05 9.98685E-05 0.649329 9.98685E-05 9.98685E-05
9.98772E-05 0.217401 9.98772E-05 9.98772E-05 9.98772E-05 9.98772E-05 9.98772E-05 9.98772E-05 9.98772E-05 0.0829443 9.98772E-05 9.98772E-05 9.98772E-05 9.98772E-05 9.98772E-05 0.271639 0.390296 0.0363212 9.98772E-05
9.98948E-05 0.124856 9.98948E-05 0.114136 9.98948E-05 0.0622529 9.98948E-05 9.98948E-05 9.98948E-05 0.0550507 9.98948E-05 0.163346 9.98948E-05 9.98948E-05 9.98948E-05 0.125245 0.353914 9.98948E-05 9.98948E-05
9.98947E-05 9.98947E-05 0.0223181 0.456918 0.048438 9.98947E-05 9.98947E-05 9.98947E-05 0.00715414 9.98947E-05 9.98947E-05 0.2195 9.98947E-05 9.98947E-05 0.0913515 9.98947E-05 0.153122 9.98947E-05 9.98947E-05
9.98682E-05 0.088817 9.98682E-05 9.98682E-05 9.98682E-05 9.98682E-05 9.98682E-05 9.98682E-05 9.98682E-05 9.98682E-05 9.98682E-05 9.98682E-05 9.98682E-05 9.98682E-05 9.98682E-05 0.0717868 0.753257 0.0846414 9.98682E-05
9.98685E-05 0.261339 9.98685E-05 9.98685E-05 9.98685E-05 9.98685E-05 9.98685E-05 9.98685E-05 9.98685E-05 0.0256034 9.98685E-05 9.98685E-05 9.98685E-05 9.98685E-05 9.98685E-05 0.16851 0.543049 9.98685E-05 9.98685E-05
9.9886E-05 9.9886E-05 9.9886E-05 0.173564 0.034097 9.9886E-05 0.0718754 9.9886E-05 9.9886E-05 9.9886E-05 9.9886E-05 9.9886E-05 9.9886E-05 9.9886E-05 9.9886E-05 0.106903 0.607749 0.00451276 9.9886E-05
0.00935211 0.0794115 9.98948E-05 9.98948E-05 9.98948E-05 9.98948E-05 0.0482744 9.98948E-05 9.98948E-05 0.0286292 9.98948E-05 0.0163175 9.98948E-05 9.98948E-05 9.98948E-05 0.147873 0.668943 9.98948E-05 9.98948E-05
0.0187746 9.98684E-05 9.98684E-05 0.0209299 9.98684E-05 9.98684E-05 9.98684E-05 9.98684E-05 9.98684E-05 9.98684E-05 9.98684E-05 9.98684E-05 9.98684E-05 9.98684E-05 9.98684E-05 0.00992736 0.94887 9.98684E-05 9.98684E-05
9.98683E-05 0.246961 9.98683E-05 9.98683E-05 9.98683E-05 9.98683E-05 9.98683E-05 9.98683E-05 9.98683E-05 9.98683E-05 9.98683E-05 9.98683E-05 9.98683E-05 9.98683E-05 9.98683E-05 0.143358 0.385447 0.222737 9.98683E-05
9.98683E-05 0.0272068 9.98683E-05 9.98683E-05 9.98683E-05 9.98683E-05 9.98683E-05 9.98683E-05 9.98683E-05 9.98683E-05 9.98683E-05 9.98683E-05 9.98683E-05 0.114015 9.98683E-05 0.0280896 0.82919 9.98683E-05 9.98683E-05
9.98684E-05 0.00915964 9.98684E-05 9.98684E-05 9.98684E-05 9.98684E-05 9.98684E-05 9.98684E-05 9.98684E-05 9.98684E-05 9.98684E-05 0.0598638 9.98684E-05 9.98684E-05 9.98684E-05 0.0186963 0.910782 9.98684E-05 9.98684E-05
9.98859E-05 0.0451646 9.98859E-05 9.98859E-05 9.98859E-05 9.98859E-05 9.98859E-05 9.98859E-05 0.019312 0.0095145 9.98859E-05 0.242808 9.98859E-05 9.98859E-05 9.98859E-05 9.98859E-05 0.64416 0.0377419 9.98859E-05
9.98682E-05 0.0705499 9.98682E-05 9.98682E-05 9.98682E-05 9.98682E-05 9.98682E-05 0.0871849 9.98682E-05 9.98682E-05 9.98682E-05 9.98682E-05 9.98682E-05 9.98682E-05 9.98682E-05 0.178613 0.662154 9.98682E-05 9.98682E-05
9.99034E-05 0.0289433 0.016027 0.203915 0.0879977 9.99034E-05 9.99034E-05 0.001427 0.0329435 9.99034E-05 9.99034E-05 0.475802 9.99034E-05 9.99034E-05 9.99034E-05 9.99034E-05 0.151846 9.99034E-05 9.99034E-05
9.98772E-05 0.000634042 9.98772E-05 0.356047 9.98772E-05 9.98772E-05 9.98772E-05 9.98772E-05 9.98772E-05 9.98772E-05 9.98772E-05 9.98772E-05 9.98772E-05 9.98772E-05 9.98772E-05 0.0834526 0.547185 0.0112823 9.98772E-05
9.98508E-05 9.98508E-05 9.98508E-05 0.464292 9.98508E-05 9.98508E-05 9.98508E-05 9.98508E-05 9.98508E-05 9.98508E-05 9.98508E-05 9.98508E-05 9.98508E-05 9.98508E-05 9.98508E-05 9.98508E-05 0.534011 9.98508E-05 9.98508E-05
9.98859E-05 0.0528147 9.98859E-05 9.98859E-05 9.98859E-05 9.98859E-05 9.98859E-05 0.00538235 9.98859E-05 9.98859E-05 9.98859E-05 0.60811 0.00961017 9.98859E-05 9.98859E-05 9.98859E-05 0.27362 0.0491642 9.98859E-05
9.98683E-05 0.0655462 9.98683E-05 9.98683E-05 9.98683E-05 9.98683E-05 9.98683E-05 9.98683E-05 9.98683E-05 0.0671496 9.98683E-05 9.98683E-05 9.98683E-05 9.98683E-05 9.98683E-05 0.371181 0.494625 9.98683E-05 9.98683E-05
9.98596E-05 0.108022 9.98596E-05 9.98596E-05 0.0577305 9.98596E-05 9.98596E-05 9.98596E-05 9.98596E-05 9.98596E-05 9.98596E-05 9.98596E-05 9.98596E-05 9.98596E-05 9.98596E-05 9.98596E-05 0.83265 9.98596E-05 9.98596E-05
9.98684E-05 0.116145 9.98684E-05 9.98684E-05 9.98684E-05 9.98684E-05 9.98684E-05 9.98684E-05 9.98684E-05 9.98684E-05 9.98684E-05 0.781871 9.98684E-05 9.98684E-05 9.98684E-05 0.0497021 9.98684E-05 0.0507833 9.98684E-05
9.98596E-05 9.98596E-05 9.98596E-05 9.98596E-05 9.98596E-05 9.98596E-05 9.98596E-05 9.98596E-05 9.98596E-05 9.98596E-05 9.98596E-05 0.635565 9.98596E-05 9.98596E-05 9.98596E-05 0.0320008 0.330836 9.98596E-05 9.98596E-05
9.98859E-05 0.178577 9.98859E-05 9.98859E-05 9.98859E-05 9.98859E-05 9.98859E-05 9.98859E-05 9.98859E-05 0.20861 9.98859E-05 9.98859E-05 0.000663254 0.0318786 9.98859E-05 9.98859E-05 0.502762 0.0762115 9.98859E-05
9.98859E-05 0.0639571 9.98859E-05 9.98859E-05 9.98859E-05 0.221654 9.98859E-05 0.0178821 9.98859E-05 9.98859E-05 9.98859E-05 0.0593495 9.98859E-05 9.98859E-05 9.98859E-05 0.105086 0.530773 9.98859E-05 9.98859E-05
0.0942652 0.0781262 0.132583 9.99036E-05 9.99036E-05 9.99036E-05 9.99036E-05 0.0212378 9.99036E-05 0.0527897 9.99036E-05 0.0636734 9.99036E-05 9.99036E-05 9.99036E-05 0.0511704 0.505055 9.99036E-05 9.99036E-05
9.9886E-05 0.222145 9.9886E-05 9.9886E-05 9.9886E-05 0.0526707 0.00906383 9.9886E-05 9.9886E-05 9.9886E-05 9.9886E-05 9.9886E-05 9.9886E-05 9.9886E-05 9.9886E-05 0.207667 0.424358 0.0827967 9.9886E-05
9.98683E-05 9.98683E-05 9.98683E-05 0.505085 9.98683E-05 9.98683E-05 9.98683E-05 9.98683E-05 9.98683E-05 0.0335792 9.98683E-05 9.98683E-05 9.98683E-05 9.98683E-05 9.98683E-05 0.0398873 0.419951 9.98683E-05 9.98683E-05
9.98682E-05 9.98682E-05 9.98682E-05 9.98682E-05 9.98682E-05 9.98682E-05 9.98682E-05 9.98682E-05 9.98682E-05 9.98682E-05 0.140748 9.98682E-05 9.98682E-05 9.98682E-05 0.0537648 0.0819276 0.722062 9.98682E-05 9.98682E-05
9.98683E-05 0.0706606 9.98683E-05 0.819355 9.98683E-05 9.98683E-05 9.98683E-05 9.98683E-05 9.98683E-05 0.0155231 9.98683E-05 9.98683E-05 9.98683E-05 9.98683E-05 9.98683E-05 9.98683E-05 0.0929634 9.98683E-05 9.98683E-05
9.9886E-05 0.0832224 9.9886E-05 0.193302 9.9886E-05 9.9886E-05 0.0287287 0.0115231 9.9886E-05 9.9886E-05 9.9886E-05 9.9886E-05 9.9886E-05 9.9886E-05 9.9886E-05 0.135768 0.546157 9.9886E-05 9.9886E-05
9.98508E-05 0.0281845 9.98508E-05 9.98508E-05 9.98508E-05 9.98508E-05 9.98508E-05 9.98508E-05 9.98508E-05 9.98508E-05 9.98508E-05 9.98508E-05 9.98508E-05 9.98508E-05 9.98508E-05 9.98508E-05 0.970118 9.98508E-05 9.98508E-05
9.98595E-05 9.98595E-05 9.98595E-05 9.98595E-05 9.98595E-05 9.98595E-05 9.98595E-05 0.0473207 9.98595E-05 9.98595E-05 0.00242388 9.98595E-05 9.98595E-05 9.98595E-05 9.98595E-05 9.98595E-05 0.948658 9.98595E-05 9.98595E-05
9.98683E-05 0.18243 9.98683E-05 9.98683E-05 9.98683E-05 9.98683E-05 9.98683E-05 9.98683E-05 9.98683E-05 0.187444 9.98683E-05 9.98683E-05 9.98683E-05 9.98683E-05 9.98683E-05 0.156968 0.47166 9.98683E-05 9.98683E-05
9.98595E-05 0.18966 9.98595E-05 9.98595E-05 9.98595E-05 9.98595E-05 9.98595E-05 9.98595E-05 9.98595E-05 9.98595E-05 9.98595E-05 9.98595E-05 9.98595E-05 9.98595E-05 9.98595E-05 0.0457115 0.763031 9.98595E-05 9.98595E-05
9.98595E-05 0.0230163 9.98595E-05 9.98595E-05 9.98595E-05 9.98595E-05 9.98595E-05 9.98595E-05 0.0170174 9.98595E-05 9.98595E-05 9.98595E-05 9.98595E-05 9.98595E-05 9.98595E-05 9.98595E-05 0.958368 9.98595E-05 9.98595E-05
9.98685E-05 9.98685E-05 9.98685E-05 0.0313749 9.98685E-05 9.98685E-05 9.98685E-05 9.98685E-05 9.98685E-05 9.98685E-05 9.98685E-05 9.98685E-05 9.98685E-05 9.98685E-05 9.98685E-05 0.0302413 0.841206 0.0956798 9.98685E-05
9.98771E-05 0.214864 9.98771E-05 0.284836 9.98771E-05 9.98771E-05 9.98771E-05 9.98771E-05 9.98771E-05 0.0225406 9.98771E-05 9.98771E-05 9.98771E-05 9.98771E-05 9.98771E-05 9.98771E-05 0.452516 0.0238454 9.98771E-05
9.98418E-05 9.98418E-05 9.98418E-05 9.98418E-05 9.98418E-05 9.98418E-05 9.98418E-05 9.98418E-05 9.98418E-05 9.98418E-05 9.98418E-05 9.98418E-05 9.98418E-05 9.98418E-05 9.98418E-05 0.998203 9.98418E-05 9.98418E-05 9.98418E-05
9.98417E-05 0.998203 9.98417E-05 9.98417E-05 9.98417E-05 9.98417E-05 9.98417E-05 9.98417E-05 9.98417E-05 9.98417E-05 9.98417E-05 9.98417E-05 9.98417E-05 9.98417E-05 9.98417E-05 9.98417E-05 9.98417E-05 9.98417E-05 9.98417E-05
9.98417E-05 9.98417E-05 9.98417E-05 9.98417E-05 9.98417E-05 9.98417E-05 9.98417E-05 9.98417E-05 9.98417E-05 9.98417E-05 9.98417E-05 9.98417E-05 9.98417E-05 9.98417E-05 9.98417E-05 0.998203 9.98417E-05 9.98417E-05 9.98417E-05
9.9842E-05 0.998203 9.9842E-05 9.9842E-05 9.9842E-05 9.9842E-05 9.9842E-05 9.9842E-05 9.9842E-05 9.9842E-05 9.9842E-05 9.9842E-05 9.9842E-05 9.9842E-05 9.9842E-05 9.9842E-05 9.9842E-05 9.9842E-05 9.9842E-05
9.98417E-05 0.998203 9.98417E-05 9.98417E-05 9.98417E-05 9.98417E-05 9.98417E-05 9.98417E-05 9.98417E-05 9.98417E-05 9.98417E-05 9.98417E-05 9.98417E-05 9.98417E-05 9.98417E-05 9.98417E-05 9.98417E-05 9.98417E-05 9.98417E-05
9.98418E-05 0.998203 9.98418E-05 9.98418E-05 9.98418E-05 9.98418E-05 9.98418E-05 9.98418E-05 9.98418E-05 9.98418E-05 9.98418E-05 9.98418E-05 9.98418E-05 9.98418E-05 9.98418E-05 9.98418E-05 9.98418E-05 9.98418E-05 9.98418E-05
9.98418E-05 9.98418E-05 9.98418E-05 9.98418E-05 9.98418E-05 9.98418E-05 9.98418E-05 9.98418E-05 9.98418E-05 9.98418E-05 9.98418E-05 9.98418E-05 9.98418E-05 9.98418E-05 9.98418E-05 0.998203 9.98418E-05 9.98418E-05 9.98418E-05
9.98417E-05 0.998203 9.98417E-05 9.98417E-05 9.98417E-05 9.98417E-05 9.98417E-05 9.98417E-05 9.98417E-05 9.98417E-05 9.98417E-05 9.98417E-05 9.98417E-05 9.98417E-05 9.98417E-05 9.98417E-05 9.98417E-05 9.98417E-05 9.98417E-05
9.98417E-05 0.998203 9.98417E-05 9.98417E-05 9.98417E-05 9.98417E-05 9.98417E-05 9.98417E-05 9.98417E-05 9.98417E-05 9.98417E-05 9.98417E-05 9.98417E-05 9.98417E-05 9.98417E-05 9.98417E-05 9.98417E-05 9.98417E-05 9.98417E-05
9.98418E-05 9.98418E-05 9.98418E-05 9.98418E-05 9.98418E-05 9.98418E-05 9.98418E-05 9.98418E-05 9.98418E-05 9.98418E-05 9.98418E-05 9.98418E-05 9.98418E-05 9.98418E-05 9.98418E-05 0.998203 9.98418E-05 9.98418E-05 9.98418E-05
9.98418E-05 9.98418E-05 9.98418E-05 9.98418E-05 9.98418E-05 9.98418E-05 9.98418E-05 9.98418E-05 9.98418E-05 9.98418E-05 9.98418E-05 9.98418E-05 9.98418E-05 9.98418E-05 9.98418E-05 0.998203 9.98418E-05 9.98418E-05 9.98418E-05
9.98418E-05 9.98418E-05 9.98418E-05 9.98418E-05 9.98418E-05 9.98418E-05 9.98418E-05 9.98418E-05 9.98418E-05 9.98418E-05 9.98418E-05 9.98418E-05 9.98418E-05 9.98418E-05 9.98418E-05 0.998203 9.98418E-05 9.98418E-05 9.98418E-05
9.98419E-05 0.998203 9.98419E-05 9.98419E-05 9.98419E-05 9.98419E-05 9.98419E-05 9.98419E-05 9.98419E-05 9.98419E-05 9.98419E-05 9.98419E-05 9.98419E-05 9.98419E-05 9.98419E-05 9.98419E-05 9.98419E-05 9.98419E-05 9.98419E-05
9.98417E-05 0.998203 9.98417E-05 9.98417E-05 9.98417E-05 9.98417E-05 9.98417E-05 9.98417E-05 9.98417E-05 9.98417E-05 9.98417E-05 9.98417E-05 9.98417E-05 9.98417E-05 9.98417E-05 9.98417E-05 9.98417E-05 9.98417E-05 9.98417E-05
9.98418E-05 9.98418E-05 9.98418E-05 9.98418E-05 9.98418E-05 9.98418E-05 9.98418E-05 9.98418E-05 9.98418E-05 9.98418E-05 9.98418E-05 9.98418E-05 9.98418E-05 9.98418E-05 9.98418E-05 0.998203 9.98418E-05 9.98418E-05 9.98418E-05
9.98418E-05 9.98418E-05 9.98418E-05 9.98418E-05 9.98418E-05 9.98418E-05 9.98418E-05 9.98418E-05 9.98418E-05 9.98418E-05 9.98418E-05 9.98418E-05 9.98418E-05 9.98418E-05 9.98418E-05 0.998203 9.98418E-05 9.98418E-05 9.98418E-05
9.98946E-05 0.0320447 0.0500904 9.98946E-05 9.98946E-05 9.98946E-05 9.98946E-05 9.98946E-05 9.98946E-05 9.98946E-05 0.0905962 9.98946E-05 0.035387 9.98946E-05 0.0716114 0.0689196 0.650152 9.98946E-05 9.98946E-05
9.98419E-05 9.98419E-05 9.98419E-05 9.98419E-05 9.98419E-05 9.98419E-05 9.98419E-05 9.98419E-05 9.98419E-05 9.98419E-05 9.98419E-05 9.98419E-05 9.98419E-05 9.98419E-05 9.98419E-05 0.998203 9.98419E-05 9.98419E-05 9.98419E-05
9.98418E-05 0.998203 9.98418E-05 9.98418E-05 9.98418E-05 9.98418E-05 9.98418E-05 9.98418E-05 9.98418E-05 9.98418E-05 9.98418E-05 9.98418E-05 9.98418E-05 9.98418E-05 9.98418E-05 9.98418E-05 9.98418E-05 9.98418E-05 9.98418E-05
9.98417E-05 9.98417E-05 9.98417E-05 9.98417E-05 9.98417E-05 9.98417E-05 9.98417E-05 9.98417E-05 9.98417E-05 9.98417E-05 9.98417E-05 9.98417E-05 9.98417E-05 9.98417E-05 9.98417E-05 0.998203 9.98417E-05 9.98417E-05 9.98417E-05
9.98418E-05 9.98418E-05 9.98418E-05 9.98418E-05 9.98418E-05 9.98418E-05 9.98418E-05 9.98418E-05 9.98418E-05 9.98418E-05 9.98418E-05 9.98418E-05 9.98418E-05 9.98418E-05 9.98418E-05 0.998203 9.98418E-05 9.98418E-05 9.98418E-05
9.98418E-05 9.98418E-05 9.98418E-05 9.98418E-05 9.98418E-05 9.98418E-05 9.98418E-05 9.98418E-05 9.98418E-05 9.98418E-05 9.98418E-05 9.98418E-05 9.98418E-05 9.98418E-05 9.98418E-05 0.998203 9.98418E-05 9.98418E-05 9.98418E-05
9.98417E-05 0.998203 9.98417E-05 9.98417E-05 9.98417E-05 9.98417E-05 9.98417E-05 9.98417E-05 9.98417E-05 9.98417E-05 9.98417E-05 9.98417E-05 9.98417E-05 9.98417E-05 9.98417E-05 9.98417E-05 9.98417E-05 9.98417E-05 9.98417E-05
9.98418E-05 9.98418E-05 9.98418E-05 9.98418E-05 9.98418E-05 9.98418E-05 9.98418E-05 9.98418E-05 9.98418E-05 9.98418E-05 9.98418E-05 9.98418E-05 9.98418E-05 9.98418E-05 9.98418E-05 0.998203 9.98418E-05 9.98418E-05 9.98418E-05
9.98417E-05 0.998203 9.98417E-05 9.98417E-05 9.98417E-05 9.98417E-05 9.98417E-05 9.98417E-05 9.98417E-05 9.98417E-05 9.98417E-05 9.98417E-05 9.98417E-05 9.98417E-05 9.98417E-05 9.98417E-05 9.98417E-05 9.98417E-05 9.98417E-05
9.98417E-05 9.98417E-05 9.98417E-05 9.98417E-05 9.98417E-05 9.98417E-05 9.98417E-05 9.98417E-05 9.98417E-05 9.98417E-05 9.98417E-05 9.98417E-05 9.98417E-05 9.98417E-05 9.98417E-05 0.998203 9.98417E-05 9.98417E-05 9.98417E-05
9.98417E-05 9.98417E-05 9.98417E-05 9.98417E-05 9.98417E-05 9.98417E-05 9.98417E-05 9.98417E-05 9.98417E-05 9.98417E-05 9.98417E-05 9.98417E-05 9.98417E-05 9.98417E-05 9.98417E-05 0.998203 9.98417E-05 9.98417E-05 9.98417E-05
9.98418E-05 0.998203 9.98418E-05 9.98418E-05 9.98418E-05 9.98418E-05 9.98418E-05 9.98418E-05 9.98418E-05 9.98418E-05 9.98418E-05 9.98418E-05 9.98418E-05 9.98418E-05 9.98418E-05 9.98418E-05 9.98418E-05 9.98418E-05 9.98418E-05
9.98418E-05 0.998203 9.98418E-05 9.98418E-05 9.98418E-05 9.98418E-05 9.98418E-05 9.98418E-05 9.98418E-05 9.98418E-05 9.98418E-05 9.98418E-05 9.98418E-05 9.98418E-05 9.98418E-05 9.98418E-05 9.98418E-05 9.98418E-05 9.98418E-05
9.98418E-05 0.998203 9.98418E-05 9.98418E-05 9.98418E-05 9.98418E-05 9.98418E-05 9.98418E-05 9.98418E-05 9.98418E-05 9.98418E-05 9.98418E-05 9.98418E-05 9.98418E-05 9.98418E-05 9.98418E-05 9.98418E-05 9.98418E-05 9.98418E-05
9.98418E-05 9.98418E-05 9.98418E-05 9.98418E-05 9.98418E-05 9.98418E-05 9.98418E-05 9.98418E-05 9.98418E-05 9.98418E-05 9.98418E-05 9.98418E-05 9.98418E-05 9.98418E-05 9.98418E-05 0.998203 9.98418E-05 9.98418E-05 9.98418E-05
9.98419E-05 9.98419E-05 9.98419E-05 9.98419E-05 9.98419E-05 9.98419E-05 9.98419E-05 9.98419E-05 9.98419E-05 9.98419E-05 9.98419E-05 9.98419E-05 9.98419E-05 9.98419E-05 9.98419E-05 0.998203 9.98419E-05 9.98419E-05 9.98419E-05
9.98417E-05 9.98417E-05 9.98417E-05 9.98417E-05 9.98417E-05 9.98417E-05 9.98417E-05 9.98417E-05 9.98417E-05 9.98417E-05 9.98417E-05 9.98417E-05 9.98417E-05 9.98417E-05 9.98417E-05 0.998203 9.98417E-05 9.98417E-05 9.98417E-05
9.98418E-05 9.98418E-05 9.98418E-05 9.98418E-05 9.98418E-05 9.98418E-05 9.98418E-05 9.98418E-05 9.98418E-05 9.98418E-05 9.98418E-05 9.98418E-05 9.98418E-05 9.98418E-05 9.98418E-05 0.998203 9.98418E-05 9.98418E-05 9.98418E-05
9.98417E-05 9.98417E-05 9.98417E-05 9.98417E-05 9.98417E-05 9.98417E-05 9.98417E-05 9.98417E-05 9.98417E-05 9.98417E-05 9.98417E-05 9.98417E-05 9.98417E-05 9.98417E-05 9.98417E-05 0.998203 9.98417E-05 9.98417E-05 9.98417E-05
9.98418E-05 0.998203 9.98418E-05 9.98418E-05 9.98418E-05 9.98418E-05 9.98418E-05 9.98418E-05 9.98418E-05 9.98418E-05 9.98418E-05 9.98418E-05 9.98418E-05 9.98418E-05 9.98418E-05 9.98418E-05 9.98418E-05 9.98418E-05 9.98418E-05
