0.0462479 0.106675 0.0623366 0.643604 0.0277945 0.113242 9.99912E-05
0.00116483 0.0758402 9.99737E-05 0.910429 9.99737E-05 0.0122661 9.99737E-05
0.0347117 9.99649E-05 0.0207992 0.944089 9.99649E-05 9.99649E-05 9.99649E-05
0.087143 0.142235 9.99912E-05 0.363414 0.0422244 0.0787214 0.286162
9.99649E-05 9.99649E-05 9.99649E-05 0.864561 0.0167755 9.99649E-05 0.118263
9.999E-05 0.170073 0.0222114 0.391293 0.161389 0.00204077 0.252893
9.99737E-05 0.125985 9.99737E-05 0.4031 9.99737E-05 0.130265 0.34035
9.99824E-05 9.99824E-05 0.0312901 0.298326 0.213379 0.0470678 0.409737
0.103517 0.275626 0.0214777 0.337418 0.260213 9.99912E-05 0.00164916
0.0250847 9.99649E-05 0.0475369 0.926979 9.99649E-05 9.99649E-05 9.99649E-05
0.0125639 0.0678912 9.99824E-05 0.650444 0.0555736 0.213328 9.99824E-05
0.0774852 9.99737E-05 0.00861128 0.892236 9.99737E-05 0.0213672 9.99737E-05
9.99649E-05 0.0868663 9.99649E-05 0.867522 9.99649E-05 0.0452116 9.99649E-05
9.99649E-05 0.270272 9.99649E-05 0.644618 9.99649E-05 0.0847099 9.99649E-05
0.0311348 0.326059 9.99737E-05 0.471313 0.171193 9.99737E-05 9.99737E-05
9.999E-05 0.195274 0.010085 0.366623 0.0961875 0.0119569 0.319773
9.99737E-05 0.229146 9.99737E-05 0.639367 9.99737E-05 0.0667452 0.0644419
0.127031 0.197269 0.186281 0.38055 0.108667 9.99824E-05 9.99824E-05
0.135786 0.0480916 0.0476835 0.549665 0.198545 0.00628799 0.0139413
0.0412473 9.99561E-05 9.99561E-05 0.958253 9.99561E-05 9.99561E-05 9.99561E-05
0.109506 9.99912E-05 0.0107515 0.522157 0.128628 0.0474292 0.181429
9.99824E-05 0.0870117 9.99824E-05 0.418147 0.19472 0.00416716 0.295755
9.99649E-05 0.223199 9.99649E-05 0.713289 9.99649E-05 0.0631118 9.99649E-05
9.99736E-05 0.243629 0.101585 0.58298 9.99736E-05 9.99736E-05 0.071506
0.207156 0.380842 9.99824E-05 0.278268 0.0301508 9.99824E-05 0.103383
9.99824E-05 0.12007 9.99824E-05 0.788706 0.0225417 0.0122663 0.0562158
9.99737E-05 0.407056 0.185942 0.168976 9.99737E-05 9.99737E-05 0.237726
9.99649E-05 0.0666891 9.99649E-05 0.879558 9.99649E-05 9.99649E-05 0.0533534
0.0232033 0.200709 9.99649E-05 0.775688 9.99649E-05 9.99649E-05 9.99649E-05
0.0106015 0.232059 0.00058156 0.756458 9.99737E-05 9.99737E-05 9.99737E-05
9.99736E-05 9.99736E-05 0.0741345 0.683193 0.0822034 0.160169 9.99736E-05
9.99737E-05 0.264064 9.99737E-05 0.601443 9.99737E-05 0.112856 0.0213372
9.99736E-05 0.224848 9.99736E-05 0.627444 9.99736E-05 0.119057 0.0283507
9.99824E-05 0.313636 0.0451109 0.583536 9.99824E-05 0.0191522 0.0383647
0.0566921 9.99737E-05 9.99737E-05 0.896182 0.0151838 0.0316423 9.99737E-05
0.0257223 9.99912E-05 0.0480192 0.808065 0.0684177 0.00435828 0.0453179
0.0608388 9.99649E-05 9.99649E-05 0.924758 9.99649E-05 9.99649E-05 0.014003
0.106248 0.0520644 9.99737E-05 0.672159 0.169229 9.99737E-05 9.99737E-05
0.0618774 0.277234 9.99737E-05 0.588996 9.99737E-05 9.99737E-05 0.071593
9.99736E-05 0.310947 9.99736E-05 0.546293 9.99736E-05 0.0136504 0.12881
9.99737E-05 9.99737E-05 9.99737E-05 0.878649 0.0247441 0.0412263 0.0550802
9.99649E-05 0.0110383 9.99649E-05 0.839293 0.149269 9.99649E-05 9.99649E-05
9.99737E-05 0.0416823 9.99737E-05 0.912975 0.000691093 9.99737E-05 0.044352
9.99824E-05 0.252235 0.000953828 0.544006 0.133043 0.0695619 9.99824E-05
0.0890283 0.137484 9.99824E-05 0.465553 0.048635 9.99824E-05 0.259099
0.115051 9.99561E-05 9.99561E-05 0.88445 9.99561E-05 9.99561E-05 9.99561E-05
9.99737E-05 9.99737E-05 0.0406783 0.840244 0.063362 0.055416 9.99737E-05
9.995E-05 9.995E-05 9.995E-05 0.9994 9.995E-05 9.995E-05 9.995E-05
9.99736E-05 0.116619 9.99736E-05 0.757315 9.99736E-05 0.0472929 0.0784733
0.0500694 9.99825E-05 0.079042 0.784478 0.0448112 0.0413991 9.99825E-05
0.0185103 0.377941 9.99912E-05 0.353977 0.0487986 0.124404 0.0762698
0.0140373 9.99737E-05 9.99737E-05 0.689239 0.0405234 9.99737E-05 0.2559
9.995E-05 9.995E-05 9.995E-05 0.9994 9.995E-05 9.995E-05 9.995E-05
0.0613829 0.01754 0.136313 0.603808 9.99912E-05 0.0777626 0.103094
0.0349953 0.0338331 9.99737E-05 0.869555 9.99737E-05 9.99737E-05 0.0613164
0.0985467 0.0315867 9.99824E-05 0.793696 9.99824E-05 0.0413402 0.0346299
9.99649E-05 9.99649E-05 0.0546647 0.740932 9.99649E-05 9.99649E-05 0.204003
9.99737E-05 9.99737E-05 0.00253093 0.885286 9.99737E-05 0.0848505 0.0270321
9.99649E-05 9.99649E-05 9.99649E-05 0.90059 0.0530183 0.0459918 9.99649E-05
0.0130447 0.522494 0.217254 0.131128 0.0884472 9.99912E-05 0.0275312
0.0342183 0.170784 0.075082 0.499366 0.00958637 0.0255989 0.185365
9.99912E-05 0.262739 0.234526 0.380903 0.0350056 0.0461344 0.0405916
0.0105609 0.612616 0.146766 9.99737E-05 0.229757 9.99737E-05 9.99737E-05
0.055916 0.195445 0.101276 0.220865 0.185084 0.00256457 0.238849
9.99824E-05 0.605302 0.127609 0.0865849 0.130848 0.0494554 9.99824E-05
9.99824E-05 0.601149 0.121658 0.10189 0.106883 0.0682202 9.99824E-05
9.99736E-05 0.513021 0.315884 9.99736E-05 0.132892 0.0379024 9.99736E-05
9.997E-05 0.558168 0.11099 0.311792 0.01875 9.997E-05 9.997E-05
9.99736E-05 0.315622 9.99736E-05 0.45438 0.104474 0.125224 9.99736E-05
0.0303192 0.522126 0.0775286 9.99824E-05 0.174114 0.195712 9.99824E-05
9.99912E-05 0.266557 0.00477424 0.131064 0.0575484 0.0735639 0.466392
9.99912E-05 0.281439 0.0171315 0.0592323 0.245234 0.157382 0.239481
9.99736E-05 0.526591 9.99736E-05 0.164383 0.0783868 9.99736E-05 0.230339
9.99912E-05 0.33043 0.00790136 0.376984 0.0728531 0.0821964 0.129536
9.99912E-05 0.419389 0.0580256 0.292205 0.113452 0.0846378 0.032191
9.99824E-05 0.466735 0.173665 0.0264197 0.034011 9.99824E-05 0.298969
9.99912E-05 0.106541 0.0987397 0.258551 0.197877 0.200992 0.137199
9.99824E-05 0.34835 0.21453 0.312998 0.101392 0.0225301 9.99824E-05
9.99824E-05 0.697464 0.0692438 0.000812116 9.99824E-05 0.0456356 0.186645
9.99737E-05 0.440301 0.0264436 0.457617 9.99737E-05 9.99737E-05 0.0753383
9.99824E-05 0.456019 0.0564373 0.255953 0.0582068 9.99824E-05 0.173184
9.99825E-05 0.526298 9.99825E-05 0.271885 0.0841288 0.0571802 0.0603076
0.00914826 0.35769 0.126862 0.204235 0.0456947 0.0601951 0.196175
9.99824E-05 0.269532 9.99824E-05 0.336063 0.0827246 0.282746 0.0287345
0.0384797 0.310337 9.99825E-05 0.466165 0.137651 0.0471671 9.99825E-05
9.99825E-05 0.270021 0.150712 0.521117 0.0175923 9.99825E-05 0.0403569
9.99825E-05 0.450934 0.0556478 0.378666 0.0687231 9.99825E-05 0.0458296
9.99824E-05 0.24489 0.246536 0.385405 0.106873 9.99824E-05 0.0160967
9.99912E-05 0.495741 0.0327007 0.262435 0.181827 0.0197452 0.0074514
9.99649E-05 0.746802 9.99649E-05 9.99649E-05 0.161622 9.99649E-05 0.0911755
9.99562E-05 0.997839 9.99562E-05 9.99562E-05 0.00166078 9.99562E-05 9.99562E-05
9.99561E-05 0.887464 9.99561E-05 9.99561E-05 9.99561E-05 9.99561E-05 0.112037
0.0294585 0.873951 9.99736E-05 9.99736E-05 0.0746088 0.0216816 9.99736E-05
0.046259 0.762063 0.0153408 9.99736E-05 0.176037 9.99736E-05 9.99736E-05
9.99561E-05 0.824422 9.99561E-05 9.99561E-05 0.175079 9.99561E-05 9.99561E-05
9.99824E-05 0.769636 0.0255656 9.99824E-05 0.184625 0.0178075 0.00216539
9.99649E-05 0.667447 0.0602814 9.99649E-05 0.271872 9.99649E-05 9.99649E-05
9.99648E-05 0.553587 9.99648E-05 9.99648E-05 0.40665 0.0393625 9.99648E-05
9.99648E-05 0.738141 0.00270914 9.99648E-05 0.25875 9.99648E-05 9.99648E-05
9.99649E-05 0.880138 9.99649E-05 9.99649E-05 0.0692837 0.0501782 9.99649E-05
9.99561E-05 0.985985 9.99561E-05 9.99561E-05 9.99561E-05 0.013515 9.99561E-05
9.99561E-05 0.874083 9.99561E-05 9.99561E-05 0.125417 9.99561E-05 9.99561E-05
9.99649E-05 0.851669 9.99649E-05 9.99649E-05 0.142015 0.00591623 9.99649E-05
9.99736E-05 0.695839 0.16611 9.99736E-05 0.113026 0.0247256 9.99736E-05
0.019806 0.872121 0.0171359 9.99824E-05 0.0832319 0.00750493 9.99824E-05
0.0328969 0.880139 9.99649E-05 9.99649E-05 0.0865643 9.99649E-05 9.99649E-05
9.99737E-05 0.656559 9.99737E-05 9.99737E-05 0.186639 0.034948 0.121554
9.996E-05 0.848011 9.996E-05 9.996E-05 0.083249 0.0683398 9.996E-05
0.115218 0.741145 9.99737E-05 9.99737E-05 0.129851 0.0134848 9.99737E-05
9.99649E-05 0.860576 0.0361143 9.99649E-05 0.10291 9.99649E-05 9.99649E-05
9.99737E-05 0.756081 0.0598658 9.99737E-05 0.0775474 0.106206 9.99737E-05
0.0852896 0.6363 9.99648E-05 9.99648E-05 0.27801 9.99648E-05 9.99648E-05
9.996E-05 0.70216 9.996E-05 9.996E-05 0.281502 0.0159378 9.996E-05
0.0851637 0.644113 9.99649E-05 9.99649E-05 0.270323 9.99649E-05 9.99649E-05
9.99649E-05 0.765546 0.0187672 9.99649E-05 0.215286 9.99649E-05 9.99649E-05
0.092079 0.890567 9.9965E-05 0.0169542 9.9965E-05 9.9965E-05 9.9965E-05
0.00773885 0.790404 9.99736E-05 9.99736E-05 0.128925 9.99736E-05 0.0726316
9.99561E-05 0.642793 9.99561E-05 9.99561E-05 0.356708 9.99561E-05 9.99561E-05
0.0403081 0.883869 9.99737E-05 9.99737E-05 0.0129355 0.0625872 9.99737E-05
9.99649E-05 0.876394 9.99649E-05 9.99649E-05 0.0707903 0.0524154 9.99649E-05
0.0510319 0.904177 9.99649E-05 9.99649E-05 9.99649E-05 0.0443908 9.99649E-05
0.226005 0.424727 9.99736E-05 9.99736E-05 0.340988 0.00798024 9.99736E-05
0.0202428 0.771647 9.99824E-05 9.99824E-05 0.151383 0.0390166 0.0175103
9.99561E-05 0.917964 9.99561E-05 9.99561E-05 0.0815365 9.99561E-05 9.99561E-05
0.0341121 0.65158 0.0851182 9.99824E-05 0.138818 0.0901718 9.99824E-05
9.99736E-05 0.833113 0.0198274 9.99736E-05 0.113399 0.0333602 9.99736E-05
9.99562E-05 0.924946 9.99562E-05 9.99562E-05 0.0745543 9.99562E-05 9.99562E-05
0.0080225 0.845899 0.112675 9.99737E-05 9.99737E-05 0.0331027 9.99737E-05
9.99562E-05 0.988046 9.99562E-05 9.99562E-05 0.0114542 9.99562E-05 9.99562E-05
9.99562E-05 0.98015 9.99562E-05 9.99562E-05 0.01935 9.99562E-05 9.99562E-05
9.99648E-05 0.835404 9.99648E-05 9.99648E-05 0.133943 0.0302536 9.99648E-05
9.99649E-05 0.68361 9.99649E-05 9.99649E-05 0.225185 9.99649E-05 0.0908049
0.0875575 0.801501 9.9965E-05 9.9965E-05 0.110542 9.9965E-05 9.9965E-05
9.995E-05 0.9994 9.995E-05 9.995E-05 9.995E-05 9.995E-05 9.995E-05
0.137546 0.541982 0.0125526 9.99824E-05 0.29735 0.0103706 9.99824E-05
9.99737E-05 0.738545 0.0395584 9.99737E-05 0.174508 0.0470893 9.99737E-05
0.0228053 0.634716 0.0709942 9.99825E-05 0.182655 9.99825E-05 0.0886292
0.0479812 0.57715 9.99737E-05 9.99737E-05 0.349831 0.0247373 9.99737E-05
9.995E-05 0.9994 9.995E-05 9.995E-05 9.995E-05 9.995E-05 9.995E-05
0.0221632 0.761254 9.99736E-05 9.99736E-05 9.99736E-05 0.021424 0.194858
9.99562E-05 0.861248 9.99562E-05 9.99562E-05 0.138252 9.99562E-05 9.99562E-05
9.99649E-05 0.855004 0.0150165 9.99649E-05 0.12958 9.99649E-05 9.99649E-05
9.99649E-05 0.740172 9.99649E-05 9.99649E-05 0.153717 9.99649E-05 0.105712
9.99736E-05 0.793169 0.12044 9.99736E-05 0.0298399 0.0562516 9.99736E-05
9.9956E-05 0.705849 9.9956E-05 9.9956E-05 0.293651 9.9956E-05 9.9956E-05
9.99648E-05 0.724424 9.99648E-05 9.99648E-05 0.234112 0.0410641 9.99648E-05
0.0344845 0.788275 9.99824E-05 9.99824E-05 0.148728 0.0107096 0.0176028
0.148042 0.806656 9.99649E-05 9.99649E-05 0.0449025 9.99649E-05 9.99649E-05
9.99562E-05 0.882401 9.99562E-05 9.99562E-05 0.117099 9.99562E-05 9.99562E-05
9.995E-05 0.9994 9.995E-05 9.995E-05 9.995E-05 9.995E-05 9.995E-05
9.995E-05 9.995E-05 9.995E-05 9.995E-05 0.9994 9.995E-05 9.995E-05
9.99648E-05 0.877133 0.0754787 9.99648E-05 0.0469886 9.99648E-05 9.99648E-05
9.995E-05 9.995E-05 9.995E-05 9.995E-05 0.9994 9.995E-05 9.995E-05
9.995E-05 9.995E-05 9.995E-05 9.995E-05 0.9994 9.995E-05 9.995E-05
9.995E-05 9.995E-05 9.995E-05 9.995E-05 0.9994 9.995E-05 9.995E-05
0.0779921 0.921508 9.9956E-05 9.9956E-05 9.9956E-05 9.9956E-05 9.9956E-05
9.995E-05 9.995E-05 9.995E-05 9.995E-05 0.9994 9.995E-05 9.995E-05
9.995E-05 9.995E-05 9.995E-05 9.995E-05 0.9994 9.995E-05 9.995E-05
0.0099778 0.989522 9.9956E-05 9.9956E-05 9.9956E-05 9.9956E-05 9.9956E-05
0.0405445 0.92938 9.99648E-05 9.99648E-05 0.0296752 9.99648E-05 9.99648E-05
0.0399242 0.959576 9.9956E-05 9.9956E-05 9.9956E-05 9.9956E-05 9.9956E-05
9.995E-05 9.995E-05 9.995E-05 9.995E-05 0.9994 9.995E-05 9.995E-05
9.995E-05 9.995E-05 9.995E-05 9.995E-05 0.9994 9.995E-05 9.995E-05
0.0324009 0.967099 9.9956E-05 9.9956E-05 9.9956E-05 9.9956E-05 9.9956E-05
9.995E-05 0.9994 9.995E-05 9.995E-05 9.995E-05 9.995E-05 9.995E-05
0.111466 0.585253 0.0631 9.99824E-05 0.189183 9.99824E-05 0.0507988
0.0250756 0.974425 9.99559E-05 9.99559E-05 9.99559E-05 9.99559E-05 9.99559E-05
9.995E-05 9.995E-05 9.995E-05 9.995E-05 0.9994 9.995E-05 9.995E-05
0.00927547 0.990225 9.9956E-05 9.9956E-05 9.9956E-05 9.9956E-05 9.9956E-05
0.0274811 0.956824 9.99648E-05 9.99648E-05 0.0152954 9.99648E-05 9.99648E-05
0.0419191 0.957581 9.9956E-05 9.9956E-05 9.9956E-05 9.9956E-05 9.9956E-05
9.995E-05 9.995E-05 9.995E-05 9.995E-05 0.9994 9.995E-05 9.995E-05
0.0706905 0.92881 9.9956E-05 9.9956E-05 9.9956E-05 9.9956E-05 9.9956E-05
9.995E-05 9.995E-05 9.995E-05 9.995E-05 0.9994 9.995E-05 9.995E-05
0.0323919 0.967108 9.9956E-05 9.9956E-05 9.9956E-05 9.9956E-05 9.9956E-05
0.0475554 0.951945 9.9956E-05 9.9956E-05 9.9956E-05 9.9956E-05 9.9956E-05
9.995E-05 9.995E-05 9.995E-05 9.995E-05 0.9994 9.995E-05 9.995E-05
9.995E-05 9.995E-05 9.995E-05 9.995E-05 0.9994 9.995E-05 9.995E-05
9.995E-05 9.995E-05 9.995E-05 9.995E-05 0.9994 9.995E-05 9.995E-05
0.0208947 0.978606 9.9956E-05 9.9956E-05 9.9956E-05 9.9956E-05 9.9956E-05
0.0101668 0.989333 9.9956E-05 9.9956E-05 9.9956E-05 9.9956E-05 9.9956E-05
0.00202184 0.997478 9.9956E-05 9.9956E-05 9.9956E-05 9.9956E-05 9.9956E-05
9.995E-05 0.9994 9.995E-05 9.995E-05 9.995E-05 9.995E-05 9.995E-05
0.00662976 0.99287 9.9956E-05 9.9956E-05 9.9956E-05 9.9956E-05 9.9956E-05
9.995E-05 9.995E-05 9.995E-05 9.995E-05 0.9994 9.995E-05 9.995E-05
9.995E-05 9.995E-05 9.995E-05 9.995E-05 0.9994 9.995E-05 9.995E-05
9.995E-05 9.995E-05 9.995E-05 9.995E-05 0.9994 9.995E-05 9.995E-05
9.9956E-05 0.96688 9.9956E-05 9.9956E-05 0.0326204 9.9956E-05 9.9956E-05
9.995E-05 9.995E-05 9.995E-05 9.995E-05 0.9994 9.995E-05 9.995E-05
9.995E-05 9.995E-05 9.995E-05 9.995E-05 0.9994 9.995E-05 9.995E-05
9.995E-05 9.995E-05 9.995E-05 9.995E-05 0.9994 9.995E-05 9.995E-05
9.995E-05 9.995E-05 9.995E-05 9.995E-05 0.9994 9.995E-05 9.995E-05
0.0240886 0.975412 9.9956E-05 9.9956E-05 9.9956E-05 9.9956E-05 9.9956E-05
9.995E-05 9.995E-05 9.995E-05 9.995E-05 0.9994 9.995E-05 9.995E-05
9.995E-05 9.995E-05 9.995E-05 9.995E-05 0.9994 9.995E-05 9.995E-05
0.0673314 0.571745 0.00832984 9.99824E-05 0.142195 9.99824E-05 0.210199
0.0465675 0.952933 9.9956E-05 9.9956E-05 9.9956E-05 9.9956E-05 9.9956E-05
9.995E-05 9.995E-05 9.995E-05 9.995E-05 0.9994 9.995E-05 9.995E-05
9.995E-05 9.995E-05 9.995E-05 9.995E-05 0.9994 9.995E-05 9.995E-05
9.995E-05 9.995E-05 9.995E-05 9.995E-05 0.9994 9.995E-05 9.995E-05
9.995E-05 9.995E-05 9.995E-05 9.995E-05 0.9994 9.995E-05 9.995E-05
0.0575542 0.941946 9.9956E-05 9.9956E-05 9.9956E-05 9.9956E-05 9.9956E-05
9.995E-05 9.995E-05 9.995E-05 9.995E-05 0.9994 9.995E-05 9.995E-05
0.00657252 0.992928 9.9956E-05 9.9956E-05 9.9956E-05 9.9956E-05 9.9956E-05
9.995E-05 9.995E-05 9.995E-05 9.995E-05 0.9994 9.995E-05 9.995E-05
0.0115236 0.987977 9.9956E-05 9.9956E-05 9.9956E-05 9.9956E-05 9.9956E-05
9.995E-05 9.995E-05 9.995E-05 9.995E-05 0.9994 9.995E-05 9.995E-05
9.995E-05 9.995E-05 9.995E-05 9.995E-05 0.9994 9.995E-05 9.995E-05
9.995E-05 9.995E-05 9.995E-05 9.995E-05 0.9994 9.995E-05 9.995E-05
9.995E-05 9.995E-05 9.995E-05 9.995E-05 0.9994 9.995E-05 9.995E-05
9.995E-05 9.995E-05 9.995E-05 9.995E-05 0.9994 9.995E-05 9.995E-05
9.995E-05 9.995E-05 9.995E-05 9.995E-05 0.9994 9.995E-05 9.995E-05
0.00618209 0.993318 9.9956E-05 9.9956E-05 9.9956E-05 9.9956E-05 9.9956E-05
0.0480036 0.904968 9.99648E-05 9.99648E-05 0.046629 9.99648E-05 9.99648E-05
0.0358117 0.963689 9.9956E-05 9.9956E-05 9.9956E-05 9.9956E-05 9.9956E-05
9.995E-05 9.995E-05 9.995E-05 9.995E-05 0.9994 9.995E-05 9.995E-05
0.0170591 0.982441 9.9956E-05 9.9956E-05 9.9956E-05 9.9956E-05 9.9956E-05
0.0196417 0.954057 9.99648E-05 9.99648E-05 0.0259017 9.99648E-05 9.99648E-05
0.0185116 0.980989 9.9956E-05 9.9956E-05 9.9956E-05 9.9956E-05 9.9956E-05
9.995E-05 9.995E-05 9.995E-05 9.995E-05 0.9994 9.995E-05 9.995E-05
9.995E-05 9.995E-05 9.995E-05 9.995E-05 0.9994 9.995E-05 9.995E-05
9.995E-05 9.995E-05 9.995E-05 9.995E-05 0.9994 9.995E-05 9.995E-05
0.0311041 0.968396 9.9956E-05 9.9956E-05 9.9956E-05 9.9956E-05 9.9956E-05
9.995E-05 9.995E-05 9.995E-05 9.995E-05 0.9994 9.995E-05 9.995E-05
9.995E-05 9.995E-05 9.995E-05 9.995E-05 0.9994 9.995E-05 9.995E-05
0.00672026 0.99278 9.9956E-05 9.9956E-05 9.9956E-05 9.9956E-05 9.9956E-05
9.995E-05 9.995E-05 9.995E-05 9.995E-05 0.9994 9.995E-05 9.995E-05
9.995E-05 9.995E-05 9.995E-05 9.995E-05 0.9994 9.995E-05 9.995E-05
9.99736E-05 0.683843 0.0939858 9.99736E-05 0.0761307 0.145741 9.99736E-05
0.0221183 0.966331 0.0111503 9.99648E-05 9.99648E-05 9.99648E-05 9.99648E-05
9.995E-05 9.995E-05 9.995E-05 9.995E-05 0.9994 9.995E-05 9.995E-05
9.99737E-05 0.458813 0.0706107 9.99737E-05 0.448064 0.022213 9.99737E-05
0.0364062 0.601572 9.99737E-05 9.99737E-05 0.300659 9.99737E-05 0.0610624
0.0384898 0.861734 9.99648E-05 9.99648E-05 0.0993763 9.99648E-05 9.99648E-05
0.0341703 0.87221 0.0857339 9.99736E-05 9.99736E-05 9.99736E-05 0.00758552
9.9956E-05 0.766362 9.9956E-05 9.9956E-05 0.233138 9.9956E-05 9.9956E-05
9.9965E-05 0.826187 9.9965E-05 0.0174228 0.15599 9.9965E-05 9.9965E-05
0.0121397 0.544846 9.99824E-05 9.99824E-05 0.322232 0.0528181 0.0677641
0.0423034 0.635297 0.0600986 9.99824E-05 0.154297 0.107804 9.99824E-05
9.99562E-05 0.805363 9.99562E-05 9.99562E-05 0.194137 9.99562E-05 9.99562E-05
9.99649E-05 0.888529 0.00275281 9.99649E-05 9.99649E-05 9.99649E-05 0.108318
9.99649E-05 0.839066 9.99649E-05 9.99649E-05 0.107648 0.0528866 9.99649E-05
9.99561E-05 0.428657 9.99561E-05 9.99561E-05 0.570843 9.99561E-05 9.99561E-05
9.99736E-05 0.654632 0.101457 9.99736E-05 0.22395 9.99736E-05 0.0196609
9.99648E-05 0.814444 0.114726 9.99648E-05 0.0704302 9.99648E-05 9.99648E-05
9.99648E-05 0.858614 9.99648E-05 9.99648E-05 0.114564 0.0264229 9.99648E-05
9.99561E-05 0.683011 9.99561E-05 9.99561E-05 0.316489 9.99561E-05 9.99561E-05
0.0312284 0.731294 9.99649E-05 9.99649E-05 0.237078 9.99649E-05 9.99649E-05
0.0330959 0.761221 0.0653083 9.99912E-05 0.0451372 0.0360875 0.05905
0.0214323 0.707092 9.99824E-05 9.99824E-05 0.178223 0.0863041 0.00674842
9.99648E-05 0.780526 9.99648E-05 9.99648E-05 0.199323 9.99648E-05 0.0197504
0.0379467 0.783998 9.99648E-05 9.99648E-05 0.177655 9.99648E-05 9.99648E-05
9.99649E-05 0.637602 9.99649E-05 9.99649E-05 0.300858 9.99649E-05 0.0611407
0.0942534 0.544014 0.0285731 9.99912E-05 0.182817 0.0531619 0.0970809
0.00111146 0.698171 0.0401754 9.99824E-05 0.199492 0.0608504 9.99824E-05
0.0433347 0.807983 0.0417364 9.99824E-05 0.0813889 0.0253574 9.99824E-05
9.99562E-05 0.910753 9.99562E-05 9.99562E-05 0.0887468 9.99562E-05 9.99562E-05
9.99736E-05 0.826678 0.0389702 9.99736E-05 0.0819597 9.99736E-05 0.0520926
0.00292527 0.691604 0.0263045 9.99736E-05 0.278867 9.99736E-05 9.99736E-05
0.0567803 0.800094 0.063762 9.99736E-05 9.99736E-05 9.99736E-05 0.0790634
0.171475 0.582403 0.0718103 9.99737E-05 0.174013 9.99737E-05 9.99737E-05
0.0205259 0.569128 9.99824E-05 9.99824E-05 0.309006 0.023313 0.0778275
9.99649E-05 0.661773 9.99649E-05 9.99649E-05 0.240996 0.0968308 9.99649E-05
9.99648E-05 0.762873 0.0391693 9.99648E-05 0.197558 9.99648E-05 9.99648E-05
9.99648E-05 0.69724 9.99648E-05 9.99648E-05 0.233801 0.0685595 9.99648E-05
9.99736E-05 0.753365 0.0132908 9.99736E-05 0.0826035 0.150441 9.99736E-05
0.0285772 0.945183 9.99736E-05 9.99736E-05 0.0245186 9.99736E-05 0.00142157
9.995E-05 0.9994 9.995E-05 9.995E-05 9.995E-05 9.995E-05 9.995E-05
9.99736E-05 0.790452 0.0336829 9.99736E-05 9.99736E-05 0.102861 0.0727041
9.99737E-05 0.769249 9.99737E-05 9.99737E-05 0.00533574 0.138249 0.0868671
9.99648E-05 0.47753 9.99648E-05 9.99648E-05 0.244391 9.99648E-05 0.277679
0.0885803 0.827942 0.0135291 9.99736E-05 0.0696483 9.99736E-05 9.99736E-05
9.99649E-05 0.763586 9.99649E-05 9.99649E-05 0.0501758 9.99649E-05 0.185839
0.0230458 0.708025 9.99736E-05 9.99736E-05 0.215391 9.99736E-05 0.0532379
9.99649E-05 0.278609 0.150293 9.99649E-05 0.570698 9.99649E-05 9.99649E-05
9.99736E-05 0.61336 0.0373606 9.99736E-05 0.322569 0.0264105 9.99736E-05
9.99736E-05 0.786454 0.0185997 9.99736E-05 0.190777 9.99736E-05 0.00386971
9.995E-05 0.9994 9.995E-05 9.995E-05 9.995E-05 9.995E-05 9.995E-05
0.0153491 0.729836 9.99736E-05 9.99736E-05 0.18886 0.065655 9.99736E-05
9.99562E-05 0.954162 9.99562E-05 9.99562E-05 0.0453381 9.99562E-05 9.99562E-05
9.99824E-05 0.577659 0.0865579 9.99824E-05 0.129063 0.0355133 0.171007
9.99562E-05 0.996675 9.99562E-05 9.99562E-05 0.00282479 9.99562E-05 9.99562E-05
9.99561E-05 0.957878 9.99561E-05 9.99561E-05 9.99561E-05 0.0416227 9.99561E-05
9.99824E-05 0.725996 0.010967 9.99824E-05 0.0293256 0.128432 0.10508
9.99561E-05 0.754292 9.99561E-05 9.99561E-05 0.245208 9.99561E-05 9.99561E-05
0.00549726 0.650358 9.99736E-05 9.99736E-05 0.105972 9.99736E-05 0.237874
9.99561E-05 0.765864 9.99561E-05 9.99561E-05 0.233636 9.99561E-05 9.99561E-05
9.99562E-05 0.976687 9.99562E-05 9.99562E-05 0.022813 9.99562E-05 9.99562E-05
9.99561E-05 0.776708 9.99561E-05 9.99561E-05 0.222792 9.99561E-05 9.99561E-05
0.0277466 0.79107 9.99649E-05 9.99649E-05 0.180783 9.99649E-05 9.99649E-05
9.99561E-05 0.823684 9.99561E-05 9.99561E-05 0.175816 9.99561E-05 9.99561E-05
9.99562E-05 0.962641 9.99562E-05 9.99562E-05 0.0368588 9.99562E-05 9.99562E-05
9.99562E-05 0.889331 9.99562E-05 9.99562E-05 0.110169 9.99562E-05 9.99562E-05
9.99563E-05 0.953872 9.99563E-05 9.99563E-05 9.99563E-05 0.0456285 9.99563E-05
9.99649E-05 0.879162 9.99649E-05 9.99649E-05 0.0768931 0.0435451 9.99649E-05
0.0259812 0.760507 9.99736E-05 9.99736E-05 0.181797 0.0314154 9.99736E-05
0.00906463 0.631507 9.99824E-05 9.99824E-05 0.277718 0.0148254 0.0666851
9.99562E-05 0.908653 9.99562E-05 9.99562E-05 0.0908476 9.99562E-05 9.99562E-05
0.0134875 0.740482 9.99737E-05 9.99737E-05 0.234072 9.99737E-05 0.0116585
0.0356938 0.963806 9.9956E-05 9.9956E-05 9.9956E-05 9.9956E-05 9.9956E-05
9.9965E-05 0.99367 9.9965E-05 9.9965E-05 0.00191315 0.00401683 9.9965E-05
0.0022276 0.951286 9.99649E-05 9.99649E-05 0.0460863 9.99649E-05 9.99649E-05
0.00680163 0.899529 9.9965E-05 0.0932696 9.9965E-05 9.9965E-05 9.9965E-05
9.9956E-05 0.710009 9.9956E-05 9.9956E-05 0.289491 9.9956E-05 9.9956E-05
9.99649E-05 0.805916 0.176035 9.99649E-05 9.99649E-05 0.0176497 9.99649E-05
9.99562E-05 0.976913 9.99562E-05 9.99562E-05 0.0225872 9.99562E-05 9.99562E-05
9.99561E-05 0.84422 9.99561E-05 9.99561E-05 0.155281 9.99561E-05 9.99561E-05
9.99563E-05 0.998636 9.99563E-05 0.000864424 9.99563E-05 9.99563E-05 9.99563E-05
9.99648E-05 0.964182 9.99648E-05 9.99648E-05 9.99648E-05 0.0244578 0.01096
9.99563E-05 0.94886 9.99563E-05 9.99563E-05 0.0506403 9.99563E-05 9.99563E-05
9.996E-05 0.645332 9.996E-05 9.996E-05 0.342419 0.0118492 9.996E-05
0.0361053 0.621597 9.99824E-05 9.99824E-05 0.221301 0.0773387 0.0434577
0.0395401 0.62941 0.0278515 9.99912E-05 0.221085 0.0524721 0.0295413
9.995E-05 0.9994 9.995E-05 9.995E-05 9.995E-05 9.995E-05 9.995E-05
9.99649E-05 0.747329 9.99649E-05 9.99649E-05 0.185456 0.0668151 9.99649E-05
0.160284 0.66445 0.0062409 9.99737E-05 0.168726 9.99737E-05 9.99737E-05
9.99649E-05 0.988644 9.99649E-05 9.99649E-05 0.00628302 0.00467284 9.99649E-05
9.99561E-05 0.866721 0.132779 9.99561E-05 9.99561E-05 9.99561E-05 9.99561E-05
9.99648E-05 0.615229 9.99648E-05 9.99648E-05 0.360942 0.0234291 9.99648E-05
9.99649E-05 0.886017 9.99649E-05 9.99649E-05 0.0749557 0.0386278 9.99649E-05
0.065092 0.735928 9.99736E-05 9.99736E-05 0.181485 0.0171956 9.99736E-05
0.180701 0.653081 0.028916 0.0272339 0.0715221 0.0384468 9.99912E-05
9.9956E-05 0.889485 0.110015 9.9956E-05 9.9956E-05 9.9956E-05 9.9956E-05
9.99561E-05 0.651073 9.99561E-05 9.99561E-05 0.348427 9.99561E-05 9.99561E-05
0.128012 0.700167 0.0937421 9.99736E-05 9.99736E-05 0.0777792 9.99736E-05
9.99561E-05 0.718868 9.99561E-05 9.99561E-05 0.280632 9.99561E-05 9.99561E-05
9.99562E-05 0.997979 9.99562E-05 9.99562E-05 0.00152084 9.99562E-05 9.99562E-05
9.99736E-05 0.461599 0.0126435 9.99736E-05 0.343175 9.99736E-05 0.182282
9.99736E-05 0.843837 9.99736E-05 9.99736E-05 0.0507474 0.104072 0.00104297
9.99561E-05 0.920224 0.0792762 9.99561E-05 9.99561E-05 9.99561E-05 9.99561E-05
0.0385683 0.78626 9.99736E-05 9.99736E-05 0.116129 9.99736E-05 0.0587425
0.0755976 0.31808 0.0870155 9.99912E-05 0.267805 0.0797001 0.171701
9.99561E-05 0.918242 9.99561E-05 9.99561E-05 0.0812579 9.99561E-05 9.99561E-05
0.130815 0.610615 0.0622909 9.99824E-05 0.159928 0.0361511 9.99824E-05
9.99562E-05 0.905134 9.99562E-05 9.99562E-05 0.0943663 9.99562E-05 9.99562E-05
9.99562E-05 0.877637 9.99562E-05 9.99562E-05 0.121863 9.99562E-05 9.99562E-05
9.99649E-05 0.825365 9.99649E-05 9.99649E-05 0.160163 0.0140717 9.99649E-05
9.9956E-05 0.809396 0.190104 9.9956E-05 9.9956E-05 9.9956E-05 9.9956E-05
9.99563E-05 0.98485 9.99563E-05 9.99563E-05 0.0146504 9.99563E-05 9.99563E-05
9.995E-05 0.9994 9.995E-05 9.995E-05 9.995E-05 9.995E-05 9.995E-05
0.0819544 0.786543 0.0233162 9.99737E-05 0.107886 9.99737E-05 9.99737E-05
0.0359247 0.83786 0.0407216 9.99737E-05 0.0851937 9.99737E-05 9.99737E-05
9.99561E-05 0.995628 9.99561E-05 9.99561E-05 9.99561E-05 0.00387178 9.99561E-05
0.015236 0.889595 9.99649E-05 9.99649E-05 0.0947692 9.99649E-05 9.99649E-05
0.0340882 0.781611 9.99736E-05 9.99736E-05 0.0632685 9.99736E-05 0.120733
0.171564 0.727682 9.99648E-05 9.99648E-05 9.99648E-05 0.100355 9.99648E-05
9.99561E-05 0.72745 9.99561E-05 9.99561E-05 0.27205 9.99561E-05 9.99561E-05
9.99561E-05 0.86282 9.99561E-05 9.99561E-05 0.13668 9.99561E-05 9.99561E-05
0.00925349 0.805937 0.130867 9.99824E-05 0.0308646 0.0228784 9.99824E-05
0.0335348 0.929364 9.99737E-05 9.99737E-05 9.99737E-05 0.0354382 0.0013633
0.0504988 0.709751 9.99736E-05 9.99736E-05 9.99736E-05 0.0189649 0.220485
9.9956E-05 0.90159 0.0979103 9.9956E-05 9.9956E-05 9.9956E-05 9.9956E-05
0.000179855 0.633171 0.0136124 9.99824E-05 0.238435 0.114402 9.99824E-05
0.0878944 0.832913 9.99649E-05 9.99649E-05 0.0787924 9.99649E-05 9.99649E-05
9.99737E-05 0.639666 9.99737E-05 9.99737E-05 0.19997 0.0358085 0.124255
9.99562E-05 0.819094 9.99562E-05 9.99562E-05 0.180407 9.99562E-05 9.99562E-05
9.99736E-05 0.643632 0.0203191 9.99736E-05 0.166204 0.169545 9.99736E-05
9.995E-05 0.9994 9.995E-05 9.995E-05 9.995E-05 9.995E-05 9.995E-05
0.0130938 0.838034 0.0149306 0.00824619 0.125496 9.99825E-05 9.99825E-05
0.10605 0.590248 9.99824E-05 9.99824E-05 0.275076 0.0193134 0.00911284
0.105684 0.688444 9.99648E-05 9.99648E-05 0.205472 9.99648E-05 9.99648E-05
9.99824E-05 0.454681 9.99824E-05 0.0953622 0.202057 0.0570849 0.190615
9.99824E-05 0.63145 9.99824E-05 0.00377943 0.130491 0.0491147 0.184965
9.99737E-05 0.439416 9.99737E-05 9.99737E-05 0.216025 0.0843194 0.25994
9.99825E-05 0.728269 0.00701213 9.99825E-05 0.0623979 0.0811668 0.120955
9.99825E-05 0.536914 0.102451 9.99825E-05 0.124886 0.0341355 0.201413
9.99737E-05 0.595512 9.99737E-05 0.261227 0.10204 9.99737E-05 0.0409211
9.99736E-05 0.729939 9.99736E-05 9.99736E-05 0.104067 0.0793594 0.0863346
9.99737E-05 0.590133 9.99737E-05 9.99737E-05 0.17066 0.0738748 0.165032
9.99825E-05 0.510692 9.99825E-05 0.280783 0.0484063 0.0540107 0.105908
9.99736E-05 0.568245 9.99736E-05 9.99736E-05 0.211416 0.00556597 0.214472
9.99824E-05 0.52371 0.15849 9.99824E-05 0.0704057 0.0826591 0.164535
0.182726 0.694665 0.0202234 0.102085 9.99737E-05 9.99737E-05 9.99737E-05
9.99649E-05 0.628144 9.99649E-05 9.99649E-05 0.139185 9.99649E-05 0.232272
9.99649E-05 0.486177 9.99649E-05 0.437054 0.0763694 9.99649E-05 9.99649E-05
9.99824E-05 0.74222 9.99824E-05 0.044814 0.0223786 0.177768 0.0126188
9.99824E-05 0.320945 9.99824E-05 0.105088 0.230619 0.0753972 0.267751
9.99824E-05 0.703328 9.99824E-05 0.019352 0.100858 0.137275 0.038988
0.0916459 0.675648 9.99825E-05 0.0907562 0.0315296 9.99825E-05 0.11022
0.0197508 0.491287 9.99912E-05 0.0005807 0.160934 0.176682 0.150667
9.99736E-05 0.507706 9.99736E-05 0.0545626 0.21154 9.99736E-05 0.225892
9.99737E-05 0.572857 9.99737E-05 0.123526 0.179634 0.123682 9.99737E-05
9.99824E-05 0.545311 9.99824E-05 0.197669 0.0820617 0.0605258 0.114233
0.0764916 0.64523 0.0297212 0.0606384 0.0894465 0.0983725 9.99912E-05
9.99649E-05 0.555169 0.108684 9.99649E-05 0.335747 9.99649E-05 9.99649E-05
0.0719751 0.445805 0.17853 9.99737E-05 0.30339 9.99737E-05 9.99737E-05
9.99561E-05 0.597796 9.99561E-05 9.99561E-05 0.401705 9.99561E-05 9.99561E-05
9.99736E-05 0.535639 0.00449198 9.99736E-05 0.331751 9.99736E-05 0.127818
9.99649E-05 0.759778 9.99649E-05 9.99649E-05 0.211992 9.99649E-05 0.0278307
9.99649E-05 0.630235 9.99649E-05 9.99649E-05 0.365975 9.99649E-05 0.00339012
9.99649E-05 0.531536 0.102955 9.99649E-05 0.365109 9.99649E-05 9.99649E-05
9.99649E-05 0.786809 9.99649E-05 0.00945468 0.203336 9.99649E-05 9.99649E-05
9.99737E-05 0.719411 0.0105838 9.99737E-05 0.258556 9.99737E-05 0.0111492
9.99736E-05 0.439113 0.0654546 9.99736E-05 0.399688 0.0954446 9.99736E-05
0.0203234 0.650836 0.0265609 9.99912E-05 0.264871 0.0189482 0.0183607
9.99561E-05 0.681902 9.99561E-05 9.99561E-05 0.317598 9.99561E-05 9.99561E-05
9.99648E-05 0.514693 9.99648E-05 9.99648E-05 0.373932 0.110975 9.99648E-05
9.99562E-05 0.718356 9.99562E-05 9.99562E-05 0.281145 9.99562E-05 9.99562E-05
9.99562E-05 0.780762 9.99562E-05 9.99562E-05 0.218738 9.99562E-05 9.99562E-05
9.99649E-05 0.721078 9.99649E-05 9.99649E-05 0.253296 9.99649E-05 0.0252258
9.99649E-05 0.619445 0.105981 9.99649E-05 0.274173 9.99649E-05 9.99649E-05
9.99562E-05 0.688917 9.99562E-05 9.99562E-05 0.310584 9.99562E-05 9.99562E-05
9.99824E-05 0.535375 0.0368581 0.00997952 0.388594 9.99824E-05 0.0289929
9.99737E-05 0.64494 0.0408222 9.99737E-05 0.308037 0.00590115 9.99737E-05
9.99736E-05 0.481205 0.0187936 9.99736E-05 0.491915 0.00778718 9.99736E-05
9.99562E-05 0.70769 9.99562E-05 9.99562E-05 0.29181 9.99562E-05 9.99562E-05
0.00147182 0.607334 9.99736E-05 9.99736E-05 0.374852 9.99736E-05 0.0160417
0.0560488 0.943451 9.99562E-05 9.99562E-05 9.99562E-05 9.99562E-05 9.99562E-05
0.0652165 0.434901 0.0395299 0.0460161 0.393797 0.0204395 9.99912E-05
9.99561E-05 0.632613 9.99561E-05 9.99561E-05 0.366887 9.99561E-05 9.99561E-05
9.99736E-05 0.735959 9.99736E-05 9.99736E-05 0.142489 0.0258746 0.0953775
9.99561E-05 0.781491 9.99561E-05 9.99561E-05 0.218009 9.99561E-05 9.99561E-05
9.9956E-05 0.514577 9.9956E-05 9.9956E-05 0.484923 9.9956E-05 9.9956E-05
9.99649E-05 0.684507 9.99649E-05 0.00326921 0.311824 9.99649E-05 9.99649E-05
9.99737E-05 0.602336 9.99737E-05 0.0180253 0.310635 0.0687029 9.99737E-05
9.99737E-05 0.743673 0.0146278 9.99737E-05 0.135893 9.99737E-05 0.105506
9.99649E-05 0.639508 0.0373433 9.99649E-05 0.322749 9.99649E-05 9.99649E-05
9.99649E-05 0.648191 9.99649E-05 9.99649E-05 0.346356 9.99649E-05 0.0050528
9.99649E-05 0.518502 0.0440088 9.99649E-05 0.437089 9.99649E-05 9.99649E-05
9.99561E-05 0.798937 9.99561E-05 9.99561E-05 0.200564 9.99561E-05 9.99561E-05
9.99649E-05 0.650518 9.99649E-05 9.99649E-05 0.343382 9.99649E-05 0.00569954
9.99737E-05 0.760031 0.0297404 9.99737E-05 0.191028 0.0189004 9.99737E-05
9.99649E-05 0.609977 9.99649E-05 9.99649E-05 0.334286 9.99649E-05 0.0553367
9.99562E-05 0.708801 9.99562E-05 9.99562E-05 0.290699 9.99562E-05 9.99562E-05
9.99737E-05 0.722457 0.0301223 9.99737E-05 0.223453 9.99737E-05 0.0236681
9.99562E-05 0.731026 9.99562E-05 9.99562E-05 0.268474 9.99562E-05 9.99562E-05
9.99648E-05 0.634995 0.0568631 9.99648E-05 0.307742 9.99648E-05 9.99648E-05
9.99649E-05 0.569004 9.99649E-05 9.99649E-05 0.363926 0.0666704 9.99649E-05
0.00682244 0.00577226 0.0250147 0.289878 0.152169 0.0946234 0.42572
9.99737E-05 9.99737E-05 9.99737E-05 0.0850527 0.168043 0.163392 0.583212
0.0448719 9.99912E-05 0.0800877 0.0657068 0.302876 0.204491 0.301867
9.99824E-05 0.0858144 9.99824E-05 0.180103 0.141567 0.137031 0.455285
9.99824E-05 0.141523 9.99824E-05 0.135096 0.18457 0.186798 0.351813
9.99912E-05 0.0466513 0.09612 0.18535 0.251051 0.10602 0.314709
9.99824E-05 0.039511 9.99824E-05 0.151076 0.221947 0.0741084 0.513157
9.99824E-05 0.248269 9.99824E-05 0.176389 0.0984123 0.0766019 0.400128
9.99737E-05 9.99737E-05 9.99737E-05 0.0661482 0.457725 0.11442 0.361406
0.0830603 0.0734128 0.206018 0.219167 0.148742 0.265897 0.00370251
9.99912E-05 0.32369 0.00647467 0.0650133 0.181131 0.145056 0.278535
9.99737E-05 9.99737E-05 9.99737E-05 0.0934832 0.337257 0.199521 0.369439
9.99824E-05 0.146283 9.99824E-05 0.143457 0.138826 0.131631 0.439603
9.99824E-05 0.0732926 9.99824E-05 0.209474 0.139313 0.181563 0.396157
9.99824E-05 9.99824E-05 0.01966 0.174981 0.185933 0.0725456 0.54668
9.99737E-05 0.22851 9.99737E-05 0.122797 0.0410258 9.99737E-05 0.607368
9.99824E-05 0.186619 9.99824E-05 0.135497 0.142645 0.150373 0.384665
9.99824E-05 0.0915395 9.99824E-05 0.102235 0.270274 0.0766148 0.459137
9.99824E-05 0.12698 9.99824E-05 0.0946143 0.233233 0.222378 0.322594
9.99912E-05 0.14644 0.0393298 0.217556 0.103592 0.160319 0.332663
9.995E-05 9.995E-05 9.995E-05 9.995E-05 9.995E-05 0.9994 9.995E-05
9.995E-05 9.995E-05 9.995E-05 9.995E-05 9.995E-05 0.9994 9.995E-05
9.995E-05 9.995E-05 9.995E-05 9.995E-05 9.995E-05 0.9994 9.995E-05
9.995E-05 9.995E-05 9.995E-05 9.995E-05 9.995E-05 0.9994 9.995E-05
9.995E-05 9.995E-05 9.995E-05 9.995E-05 9.995E-05 0.9994 9.995E-05
9.995E-05 9.995E-05 9.995E-05 9.995E-05 9.995E-05 0.9994 9.995E-05
9.995E-05 9.995E-05 9.995E-05 9.995E-05 9.995E-05 0.9994 9.995E-05
9.995E-05 9.995E-05 9.995E-05 9.995E-05 9.995E-05 0.9994 9.995E-05
9.995E-05 9.995E-05 9.995E-05 9.995E-05 9.995E-05 0.9994 9.995E-05
9.995E-05 9.995E-05 9.995E-05 9.995E-05 9.995E-05 0.9994 9.995E-05
9.995E-05 9.995E-05 9.995E-05 9.995E-05 9.995E-05 0.9994 9.995E-05
9.995E-05 9.995E-05 9.995E-05 9.995E-05 9.995E-05 0.9994 9.995E-05
9.995E-05 9.995E-05 9.995E-05 9.995E-05 9.995E-05 0.9994 9.995E-05
9.995E-05 9.995E-05 9.995E-05 9.995E-05 9.995E-05 0.9994 9.995E-05
9.995E-05 9.995E-05 9.995E-05 9.995E-05 9.995E-05 0.9994 9.995E-05
9.995E-05 9.995E-05 9.995E-05 9.995E-05 9.995E-05 0.9994 9.995E-05
9.995E-05 9.995E-05 9.995E-05 9.995E-05 9.995E-05 0.9994 9.995E-05
9.995E-05 9.995E-05 9.995E-05 9.995E-05 9.995E-05 0.9994 9.995E-05
9.995E-05 9.995E-05 9.995E-05 9.995E-05 9.995E-05 0.9994 9.995E-05
9.995E-05 9.995E-05 9.995E-05 9.995E-05 9.995E-05 0.9994 9.995E-05
9.9956E-05 9.9956E-05 0.0521885 9.9956E-05 9.9956E-05 0.947312 9.9956E-05
9.995E-05 9.995E-05 9.995E-05 9.995E-05 9.995E-05 0.9994 9.995E-05
9.995E-05 9.995E-05 9.995E-05 9.995E-05 9.995E-05 0.9994 9.995E-05
9.995E-05 9.995E-05 9.995E-05 9.995E-05 9.995E-05 0.9994 9.995E-05
9.995E-05 9.995E-05 9.995E-05 9.995E-05 9.995E-05 0.9994 9.995E-05
9.995E-05 9.995E-05 9.995E-05 9.995E-05 9.995E-05 0.9994 9.995E-05
9.995E-05 9.995E-05 9.995E-05 9.995E-05 9.995E-05 0.9994 9.995E-05
9.995E-05 9.995E-05 9.995E-05 9.995E-05 9.995E-05 0.9994 9.995E-05
9.995E-05 9.995E-05 9.995E-05 9.995E-05 9.995E-05 0.9994 9.995E-05
9.995E-05 9.995E-05 9.995E-05 9.995E-05 9.995E-05 0.9994 9.995E-05
9.995E-05 9.995E-05 9.995E-05 9.995E-05 9.995E-05 0.9994 9.995E-05
9.995E-05 9.995E-05 9.995E-05 9.995E-05 9.995E-05 0.9994 9.995E-05
9.995E-05 9.995E-05 9.995E-05 9.995E-05 9.995E-05 0.9994 9.995E-05
9.995E-05 9.995E-05 9.995E-05 9.995E-05 9.995E-05 0.9994 9.995E-05
9.995E-05 9.995E-05 9.995E-05 9.995E-05 9.995E-05 0.9994 9.995E-05
9.995E-05 9.995E-05 9.995E-05 9.995E-05 9.995E-05 0.9994 9.995E-05
9.995E-05 9.995E-05 9.995E-05 9.995E-05 9.995E-05 0.9994 9.995E-05
9.995E-05 9.995E-05 9.995E-05 9.995E-05 9.995E-05 0.9994 9.995E-05
9.995E-05 9.995E-05 9.995E-05 9.995E-05 9.995E-05 0.9994 9.995E-05
9.995E-05 9.995E-05 9.995E-05 9.995E-05 9.995E-05 0.9994 9.995E-05
9.995E-05 9.995E-05 9.995E-05 9.995E-05 9.995E-05 0.9994 9.995E-05
9.995E-05 9.995E-05 9.995E-05 9.995E-05 9.995E-05 0.9994 9.995E-05
9.995E-05 9.995E-05 9.995E-05 9.995E-05 9.995E-05 0.9994 9.995E-05
9.995E-05 9.995E-05 9.995E-05 9.995E-05 9.995E-05 0.9994 9.995E-05
9.995E-05 9.995E-05 9.995E-05 9.995E-05 9.995E-05 0.9994 9.995E-05
9.995E-05 9.995E-05 9.995E-05 9.995E-05 9.995E-05 0.9994 9.995E-05
9.995E-05 9.995E-05 9.995E-05 9.995E-05 9.995E-05 0.9994 9.995E-05
0.000862616 9.9956E-05 9.9956E-05 9.9956E-05 9.9956E-05 0.998638 9.9956E-05
9.995E-05 9.995E-05 9.995E-05 9.995E-05 9.995E-05 0.9994 9.995E-05
9.995E-05 9.995E-05 9.995E-05 9.995E-05 9.995E-05 0.9994 9.995E-05
9.995E-05 9.995E-05 9.995E-05 9.995E-05 9.995E-05 0.9994 9.995E-05
9.995E-05 9.995E-05 9.995E-05 9.995E-05 9.995E-05 0.9994 9.995E-05
9.995E-05 9.995E-05 9.995E-05 9.995E-05 9.995E-05 0.9994 9.995E-05
9.995E-05 9.995E-05 9.995E-05 9.995E-05 9.995E-05 0.9994 9.995E-05
9.995E-05 9.995E-05 9.995E-05 9.995E-05 9.995E-05 0.9994 9.995E-05
9.995E-05 9.995E-05 9.995E-05 9.995E-05 9.995E-05 0.9994 9.995E-05
9.995E-05 9.995E-05 9.995E-05 9.995E-05 9.995E-05 0.9994 9.995E-05
9.995E-05 9.995E-05 9.995E-05 9.995E-05 9.995E-05 0.9994 9.995E-05
9.995E-05 9.995E-05 9.995E-05 9.995E-05 9.995E-05 0.9994 9.995E-05
9.995E-05 9.995E-05 9.995E-05 9.995E-05 9.995E-05 0.9994 9.995E-05
9.995E-05 9.995E-05 9.995E-05 9.995E-05 9.995E-05 0.9994 9.995E-05
9.995E-05 9.995E-05 9.995E-05 9.995E-05 9.995E-05 0.9994 9.995E-05
9.995E-05 9.995E-05 9.995E-05 9.995E-05 9.995E-05 0.9994 9.995E-05
9.995E-05 9.995E-05 0.9994 9.995E-05 9.995E-05 9.995E-05 9.995E-05
9.995E-05 9.995E-05 0.9994 9.995E-05 9.995E-05 9.995E-05 9.995E-05
9.995E-05 9.995E-05 0.9994 9.995E-05 9.995E-05 9.995E-05 9.995E-05
9.995E-05 9.995E-05 0.9994 9.995E-05 9.995E-05 9.995E-05 9.995E-05
9.995E-05 9.995E-05 0.9994 9.995E-05 9.995E-05 9.995E-05 9.995E-05
9.995E-05 9.995E-05 0.9994 9.995E-05 9.995E-05 9.995E-05 9.995E-05
9.995E-05 9.995E-05 0.9994 9.995E-05 9.995E-05 9.995E-05 9.995E-05
9.995E-05 9.995E-05 0.9994 9.995E-05 9.995E-05 9.995E-05 9.995E-05
9.995E-05 9.995E-05 0.9994 9.995E-05 9.995E-05 9.995E-05 9.995E-05
9.995E-05 9.995E-05 0.9994 9.995E-05 9.995E-05 9.995E-05 9.995E-05
9.995E-05 9.995E-05 0.9994 9.995E-05 9.995E-05 9.995E-05 9.995E-05
9.995E-05 9.995E-05 0.9994 9.995E-05 9.995E-05 9.995E-05 9.995E-05
9.995E-05 9.995E-05 0.9994 9.995E-05 9.995E-05 9.995E-05 9.995E-05
9.995E-05 9.995E-05 0.9994 9.995E-05 9.995E-05 9.995E-05 9.995E-05
9.995E-05 9.995E-05 0.9994 9.995E-05 9.995E-05 9.995E-05 9.995E-05
9.995E-05 9.995E-05 0.9994 9.995E-05 9.995E-05 9.995E-05 9.995E-05
9.995E-05 9.995E-05 0.9994 9.995E-05 9.995E-05 9.995E-05 9.995E-05
9.995E-05 9.995E-05 0.9994 9.995E-05 9.995E-05 9.995E-05 9.995E-05
9.995E-05 9.995E-05 0.9994 9.995E-05 9.995E-05 9.995E-05 9.995E-05
9.995E-05 9.995E-05 0.9994 9.995E-05 9.995E-05 9.995E-05 9.995E-05
9.995E-05 9.995E-05 0.9994 9.995E-05 9.995E-05 9.995E-05 9.995E-05
9.995E-05 9.995E-05 0.9994 9.995E-05 9.995E-05 9.995E-05 9.995E-05
9.995E-05 9.995E-05 0.9994 9.995E-05 9.995E-05 9.995E-05 9.995E-05
9.995E-05 9.995E-05 0.9994 9.995E-05 9.995E-05 9.995E-05 9.995E-05
9.995E-05 9.995E-05 0.9994 9.995E-05 9.995E-05 9.995E-05 9.995E-05
9.995E-05 9.995E-05 0.9994 9.995E-05 9.995E-05 9.995E-05 9.995E-05
9.995E-05 9.995E-05 0.9994 9.995E-05 9.995E-05 9.995E-05 9.995E-05
9.995E-05 9.995E-05 0.9994 9.995E-05 9.995E-05 9.995E-05 9.995E-05
9.995E-05 9.995E-05 0.9994 9.995E-05 9.995E-05 9.995E-05 9.995E-05
9.995E-05 9.995E-05 0.9994 9.995E-05 9.995E-05 9.995E-05 9.995E-05
9.995E-05 9.995E-05 0.9994 9.995E-05 9.995E-05 9.995E-05 9.995E-05
9.995E-05 9.995E-05 0.9994 9.995E-05 9.995E-05 9.995E-05 9.995E-05
9.995E-05 9.995E-05 0.9994 9.995E-05 9.995E-05 9.995E-05 9.995E-05
9.995E-05 9.995E-05 0.9994 9.995E-05 9.995E-05 9.995E-05 9.995E-05
0.015898 9.9956E-05 0.983602 9.9956E-05 9.9956E-05 9.9956E-05 9.9956E-05
9.995E-05 9.995E-05 0.9994 9.995E-05 9.995E-05 9.995E-05 9.995E-05
9.995E-05 9.995E-05 0.9994 9.995E-05 9.995E-05 9.995E-05 9.995E-05
9.995E-05 9.995E-05 0.9994 9.995E-05 9.995E-05 9.995E-05 9.995E-05
9.995E-05 9.995E-05 0.9994 9.995E-05 9.995E-05 9.995E-05 9.995E-05
9.995E-05 9.995E-05 0.9994 9.995E-05 9.995E-05 9.995E-05 9.995E-05
9.995E-05 9.995E-05 0.9994 9.995E-05 9.995E-05 9.995E-05 9.995E-05
9.995E-05 9.995E-05 0.9994 9.995E-05 9.995E-05 9.995E-05 9.995E-05
9.995E-05 9.995E-05 0.9994 9.995E-05 9.995E-05 9.995E-05 9.995E-05
0.019334 9.99648E-05 0.62682 9.99648E-05 9.99648E-05 0.353446 9.99648E-05
9.995E-05 9.995E-05 0.9994 9.995E-05 9.995E-05 9.995E-05 9.995E-05
