9.98772E-05 9.98772E-05 9.98772E-05 0.264195 0.0725227 9.98772E-05 0.136084 0.00360341 9.98772E-05 0.0324461 9.98772E-05 9.98772E-05 9.98772E-05 9.98772E-05 9.98772E-05 9.98772E-05 0.0592054 9.98772E-05 9.98772E-05 0.0138829 9.98772E-05 0.0187203 0.397942
9.9851E-05 9.9851E-05 9.9851E-05 9.9851E-05 9.9851E-05 9.9851E-05 0.114017 0.00377502 9.9851E-05 9.9851E-05 9.9851E-05 9.9851E-05 9.9851E-05 9.9851E-05 9.9851E-05 0.352977 0.11044 0.016818 9.9851E-05 9.9851E-05 9.9851E-05 9.9851E-05 0.400276
9.98334E-05 9.98334E-05 9.98334E-05 9.98334E-05 9.98334E-05 9.98334E-05 9.98334E-05 9.98334E-05 9.98334E-05 9.98334E-05 9.98334E-05 9.98334E-05 0.0586243 9.98334E-05 9.98334E-05 0.271156 9.98334E-05 9.98334E-05 9.98334E-05 0.0449446 9.98334E-05 9.98334E-05 0.623379
0.0294897 9.98859E-05 0.0316837 0.191742 0.0448342 9.98859E-05 9.98859E-05 0.0349988 0.315815 0.0365279 9.98859E-05 9.98859E-05 9.98859E-05 9.98859E-05 9.98859E-05 0.0711044 9.98859E-05 9.98859E-05 9.98859E-05 0.00546799 9.98859E-05 9.98859E-05 0.237038
0.0577512 9.98422E-05 0.0433861 9.98422E-05 9.98422E-05 9.98422E-05 9.98422E-05 9.98422E-05 0.00522765 9.98422E-05 9.98422E-05 9.98422E-05 0.0278635 9.98422E-05 9.98422E-05 9.98422E-05 9.98422E-05 9.98422E-05 9.98422E-05 9.98422E-05 9.98422E-05 9.98422E-05 0.863974
9.98597E-05 9.98597E-05 0.135526 9.98597E-05 9.98597E-05 9.98597E-05 0.237021 9.98597E-05 0.0315133 0.197203 9.98597E-05 9.98597E-05 0.0821464 9.98597E-05 9.98597E-05 9.98597E-05 9.98597E-05 9.98597E-05 0.00926495 9.98597E-05 9.98597E-05 9.98597E-05 0.305728
9.98772E-05 0.0250227 9.98772E-05 0.0844262 0.133968 9.98772E-05 0.188164 9.98772E-05 0.0678584 9.98772E-05 9.98772E-05 9.98772E-05 9.98772E-05 9.98772E-05 9.98772E-05 0.233907 0.0829706 9.98772E-05 0.0521999 9.98772E-05 9.98772E-05 0.130085 9.98772E-05
9.9886E-05 9.9886E-05 9.9886E-05 0.140486 0.00298988 0.0822993 0.095918 9.9886E-05 0.0247434 0.151782 9.9886E-05 9.9886E-05 0.0922337 0.0325166 9.9886E-05 0.275532 9.9886E-05 0.1002 9.9886E-05 9.9886E-05 9.9886E-05 9.9886E-05 9.9886E-05
0.0520228 9.98684E-05 9.98684E-05 9.98684E-05 9.98684E-05 9.98684E-05 9.98684E-05 9.98684E-05 9.98684E-05 0.180855 9.98684E-05 9.98684E-05 0.0508736 9.98684E-05 9.98684E-05 0.0771817 0.0142329 9.98684E-05 9.98684E-05 0.245619 9.98684E-05 0.210433 0.167284
9.98158E-05 9.98158E-05 9.98158E-05 9.98158E-05 9.98158E-05 9.98158E-05 9.98158E-05 9.98158E-05 9.98158E-05 9.98158E-05 9.98158E-05 9.98158E-05 9.98158E-05 9.98158E-05 9.98158E-05 9.98158E-05 9.98158E-05 9.98158E-05 9.98158E-05 0.0378665 9.98158E-05 9.98158E-05 0.960037
9.9851E-05 9.9851E-05 9.9851E-05 0.0182479 0.1448 9.9851E-05 0.0296699 9.9851E-05 9.9851E-05 9.9851E-05 9.9851E-05 9.9851E-05 9.9851E-05 9.9851E-05 9.9851E-05 0.315964 9.9851E-05 9.9851E-05 9.9851E-05 0.207382 9.9851E-05 9.9851E-05 0.282239
9.98422E-05 9.98422E-05 9.98422E-05 9.98422E-05 0.0033327 9.98422E-05 9.98422E-05 9.98422E-05 9.98422E-05 0.00451876 9.98422E-05 9.98422E-05 9.98422E-05 0.0339182 9.98422E-05 9.98422E-05 9.98422E-05 9.98422E-05 9.98422E-05 9.98422E-05 0.00345309 9.98422E-05 0.95298
9.98245E-05 9.98245E-05 9.98245E-05 0.145778 9.98245E-05 9.98245E-05 9.98245E-05 9.98245E-05 9.98245E-05 9.98245E-05 9.98245E-05 9.98245E-05 9.98245E-05 9.98245E-05 9.98245E-05 9.98245E-05 9.98245E-05 9.98245E-05 9.98245E-05 0.0746533 9.98245E-05 9.98245E-05 0.777573
9.98508E-05 9.98508E-05 9.98508E-05 9.98508E-05 0.00708437 9.98508E-05 9.98508E-05 9.98508E-05 9.98508E-05 9.98508E-05 0.0108017 0.117595 0.0748486 9.98508E-05 9.98508E-05 0.775462 9.98508E-05 9.98508E-05 9.98508E-05 0.0125106 9.98508E-05 9.98508E-05 9.98508E-05
9.98771E-05 9.98771E-05 0.0394642 0.0167104 9.98771E-05 9.98771E-05 0.22895 9.98771E-05 9.98771E-05 0.115577 0.0624897 9.98771E-05 9.98771E-05 9.98771E-05 0.181395 9.98771E-05 0.0102203 9.98771E-05 9.98771E-05 0.0950452 9.98771E-05 9.98771E-05 0.248749
0.110584 9.98771E-05 9.98771E-05 0.0828126 9.98771E-05 9.98771E-05 0.153612 9.98771E-05 0.0610082 0.157371 9.98771E-05 9.98771E-05 9.98771E-05 0.167314 9.98771E-05 0.0984719 9.98771E-05 9.98771E-05 9.98771E-05 0.0956733 9.98771E-05 9.98771E-05 0.0717548
9.98597E-05 9.98597E-05 9.98597E-05 0.0619921 0.0366738 0.0184893 9.98597E-05 9.98597E-05 9.98597E-05 9.98597E-05 9.98597E-05 9.98597E-05 9.98597E-05 0.0285819 0.370975 9.98597E-05 9.98597E-05 9.98597E-05 9.98597E-05 0.0569724 9.98597E-05 9.98597E-05 0.424718
0.0279947 9.98772E-05 0.0307997 0.168954 9.98772E-05 0.0999828 0.272588 0.141159 9.98772E-05 0.00686641 9.98772E-05 9.98772E-05 9.98772E-05 9.98772E-05 9.98772E-05 9.98772E-05 9.98772E-05 9.98772E-05 9.98772E-05 0.102969 9.98772E-05 9.98772E-05 0.147288
9.98596E-05 9.98596E-05 9.98596E-05 0.182996 9.98596E-05 0.00580775 9.98596E-05 9.98596E-05 0.05743 0.11734 0.0508048 9.98596E-05 9.98596E-05 9.98596E-05 9.98596E-05 9.98596E-05 9.98596E-05 9.98596E-05 9.98596E-05 0.16925 9.98596E-05 9.98596E-05 0.414773
9.98246E-05 9.98246E-05 9.98246E-05 9.98246E-05 9.98246E-05 9.98246E-05 9.98246E-05 0.0900332 9.98246E-05 9.98246E-05 9.98246E-05 9.98246E-05 9.98246E-05 9.98246E-05 9.98246E-05 0.0883757 9.98246E-05 9.98246E-05 9.98246E-05 9.98246E-05 9.98246E-05 9.98246E-05 0.819595
0.201693 9.98683E-05 9.98683E-05 9.98683E-05 0.0110338 0.0136046 9.98683E-05 9.98683E-05 9.98683E-05 0.0713178 9.98683E-05 9.98683E-05 9.98683E-05 0.0470868 9.98683E-05 0.622014 9.98683E-05 9.98683E-05 9.98683E-05 0.00418669 9.98683E-05 0.0275656 9.98683E-05
9.98596E-05 0.0680956 9.98596E-05 0.273746 9.98596E-05 9.98596E-05 9.98596E-05 9.98596E-05 0.0424265 0.131511 9.98596E-05 9.98596E-05 0.0450384 9.98596E-05 9.98596E-05 9.98596E-05 9.98596E-05 0.109068 9.98596E-05 9.98596E-05 9.98596E-05 9.98596E-05 0.328516
9.98245E-05 9.98245E-05 9.98245E-05 9.98245E-05 9.98245E-05 9.98245E-05 0.0351084 9.98245E-05 9.98245E-05 9.98245E-05 9.98245E-05 9.98245E-05 9.98245E-05 9.98245E-05 9.98245E-05 0.895315 9.98245E-05 9.98245E-05 9.98245E-05 0.0675797 9.98245E-05 9.98245E-05 9.98245E-05
9.98509E-05 0.0149805 9.98509E-05 0.318357 9.98509E-05 9.98509E-05 9.98509E-05 9.98509E-05 9.98509E-05 9.98509E-05 9.98509E-05 9.98509E-05 9.98509E-05 9.98509E-05 9.98509E-05 0.130417 9.98509E-05 9.98509E-05 9.98509E-05 0.215798 9.98509E-05 0.0638582 0.254892
9.98771E-05 9.98771E-05 0.126775 0.0961664 0.00815555 9.98771E-05 9.98771E-05 0.0621229 9.98771E-05 0.058567 0.130965 9.98771E-05 9.98771E-05 9.98771E-05 9.98771E-05 0.20199 9.98771E-05 9.98771E-05 9.98771E-05 0.211035 9.98771E-05 9.98771E-05 0.102825
9.98596E-05 9.98596E-05 0.002076 0.0551064 9.98596E-05 9.98596E-05 9.98596E-05 9.98596E-05 0.0428184 9.98596E-05 9.98596E-05 9.98596E-05 9.98596E-05 9.98596E-05 0.0966244 0.252225 9.98596E-05 9.98596E-05 9.98596E-05 0.0599085 9.98596E-05 9.98596E-05 0.489644
9.98507E-05 0.261168 0.306807 0.236483 9.98507E-05 0.118853 9.98507E-05 9.98507E-05 9.98507E-05 9.98507E-05 9.98507E-05 9.98507E-05 9.98507E-05 0.0639551 9.98507E-05 9.98507E-05 9.98507E-05 9.98507E-05 9.98507E-05 0.011036 9.98507E-05 9.98507E-05 9.98507E-05
9.98596E-05 9.98596E-05 0.00726994 0.0368882 9.98596E-05 9.98596E-05 9.98596E-05 9.98596E-05 9.98596E-05 9.98596E-05 0.0361733 9.98596E-05 9.98596E-05 9.98596E-05 9.98596E-05 0.823319 9.98596E-05 9.98596E-05 9.98596E-05 0.00862552 0.0344883 9.98596E-05 0.0516379
9.98684E-05 0.0552862 9.98684E-05 0.0157481 9.98684E-05 9.98684E-05 0.0311399 0.0227306 9.98684E-05 9.98684E-05 9.98684E-05 9.98684E-05 9.98684E-05 9.98684E-05 9.98684E-05 0.137976 9.98684E-05 9.98684E-05 9.98684E-05 0.193986 9.98684E-05 0.0789685 0.462666
9.98244E-05 9.98244E-05 9.98244E-05 9.98244E-05 9.98244E-05 9.98244E-05 9.98244E-05 9.98244E-05 9.98244E-05 9.98244E-05 9.98244E-05 9.98244E-05 9.98244E-05 9.98244E-05 0.261178 0.574842 9.98244E-05 9.98244E-05 9.98244E-05 9.98244E-05 9.98244E-05 9.98244E-05 0.161984
9.98683E-05 0.0936921 9.98683E-05 0.0281193 0.0865894 9.98683E-05 0.17828 0.0110592 0.0136279 9.98683E-05 0.00674855 9.98683E-05 9.98683E-05 9.98683E-05 9.98683E-05 9.98683E-05 9.98683E-05 9.98683E-05 9.98683E-05 9.98683E-05 9.98683E-05 9.98683E-05 0.580386
9.98773E-05 9.98773E-05 0.199025 0.0459161 0.0388243 9.98773E-05 0.0299359 9.98773E-05 0.027937 9.98773E-05 9.98773E-05 9.98773E-05 9.98773E-05 9.98773E-05 9.98773E-05 0.184901 9.98773E-05 0.00385723 9.98773E-05 0.0125856 9.98773E-05 9.98773E-05 0.455619
9.98684E-05 9.98684E-05 0.0388128 0.0688074 0.0731731 9.98684E-05 0.0763541 9.98684E-05 9.98684E-05 9.98684E-05 9.98684E-05 9.98684E-05 9.98684E-05 0.00444073 9.98684E-05 0.0243736 9.98684E-05 9.98684E-05 9.98684E-05 0.205259 9.98684E-05 9.98684E-05 0.507281
9.98771E-05 9.98771E-05 0.111537 0.11762 9.98771E-05 0.00912352 9.98771E-05 9.98771E-05 9.98771E-05 9.98771E-05 9.98771E-05 9.98771E-05 0.0107773 9.98771E-05 0.0780252 0.506969 9.98771E-05 9.98771E-05 0.00505276 0.0972456 9.98771E-05 9.98771E-05 0.0622513
9.9851E-05 0.0157831 9.9851E-05 9.9851E-05 0.0701532 9.9851E-05 9.9851E-05 0.0282156 9.9851E-05 9.9851E-05 9.9851E-05 9.9851E-05 9.9851E-05 9.9851E-05 9.9851E-05 9.9851E-05 0.0123299 9.9851E-05 9.9851E-05 0.00227605 9.9851E-05 9.9851E-05 0.869545
9.98509E-05 9.98509E-05 9.98509E-05 0.100842 9.98509E-05 9.98509E-05 9.98509E-05 9.98509E-05 0.0970142 0.0338433 9.98509E-05 9.98509E-05 9.98509E-05 9.98509E-05 9.98509E-05 9.98509E-05 9.98509E-05 9.98509E-05 9.98509E-05 0.0466596 9.98509E-05 0.00866619 0.711277
9.98423E-05 9.98423E-05 9.98423E-05 9.98423E-05 9.98423E-05 9.98423E-05 9.98423E-05 9.98423E-05 0.00976388 9.98423E-05 9.98423E-05 9.98423E-05 9.98423E-05 9.98423E-05 9.98423E-05 0.738899 0.019069 9.98423E-05 0.0471252 9.98423E-05 9.98423E-05 9.98423E-05 0.183346
9.98333E-05 9.98333E-05 9.98333E-05 9.98333E-05 9.98333E-05 9.98333E-05 9.98333E-05 0.0493099 9.98333E-05 0.164665 9.98333E-05 9.98333E-05 9.98333E-05 9.98333E-05 9.98333E-05 0.754968 9.98333E-05 9.98333E-05 9.98333E-05 0.0291606 9.98333E-05 9.98333E-05 9.98333E-05
9.9851E-05 9.9851E-05 9.9851E-05 0.0731185 9.9851E-05 9.9851E-05 9.9851E-05 9.9851E-05 9.9851E-05 9.9851E-05 9.9851E-05 9.9851E-05 0.0400088 9.9851E-05 0.192662 9.9851E-05 0.0984053 9.9851E-05 9.9851E-05 0.0841414 9.9851E-05 9.9851E-05 0.509967
9.98596E-05 9.98596E-05 0.113255 0.00523506 9.98596E-05 9.98596E-05 9.98596E-05 9.98596E-05 9.98596E-05 9.98596E-05 9.98596E-05 0.0344274 9.98596E-05 0.100072 9.98596E-05 0.524836 9.98596E-05 9.98596E-05 9.98596E-05 0.113424 9.98596E-05 9.98596E-05 0.107154
9.98333E-05 0.00502644 9.98333E-05 9.98333E-05 0.0369137 9.98333E-05 9.98333E-05 9.98333E-05 9.98333E-05 9.98333E-05 9.98333E-05 9.98333E-05 9.98333E-05 9.98333E-05 9.98333E-05 9.98333E-05 9.98333E-05 9.98333E-05 9.98333E-05 0.00655843 9.98333E-05 9.98333E-05 0.949605
9.98511E-05 0.100248 9.98511E-05 0.1379 9.98511E-05 9.98511E-05 9.98511E-05 9.98511E-05 9.98511E-05 0.0321901 9.98511E-05 9.98511E-05 9.98511E-05 9.98511E-05 9.98511E-05 9.98511E-05 9.98511E-05 9.98511E-05 9.98511E-05 0.0156256 9.98511E-05 0.0173692 0.69497
9.98421E-05 0.0716833 9.98421E-05 0.039734 9.98421E-05 9.98421E-05 9.98421E-05 9.98421E-05 9.98421E-05 9.98421E-05 9.98421E-05 0.0560633 9.98421E-05 9.98421E-05 9.98421E-05 0.309482 9.98421E-05 9.98421E-05 9.98421E-05 9.98421E-05 9.98421E-05 9.98421E-05 0.521241
9.98597E-05 9.98597E-05 9.98597E-05 0.172561 0.0225862 9.98597E-05 0.0887985 9.98597E-05 9.98597E-05 0.0465137 9.98597E-05 9.98597E-05 9.98597E-05 9.98597E-05 9.98597E-05 9.98597E-05 9.98597E-05 9.98597E-05 9.98597E-05 0.199548 9.98597E-05 0.0594021 0.408992
9.98421E-05 9.98421E-05 9.98421E-05 0.273523 9.98421E-05 9.98421E-05 9.98421E-05 9.98421E-05 0.189348 9.98421E-05 9.98421E-05 9.98421E-05 0.000134393 9.98421E-05 9.98421E-05 0.371868 9.98421E-05 9.98421E-05 9.98421E-05 0.163329 9.98421E-05 9.98421E-05 9.98421E-05
9.98333E-05 9.98333E-05 9.98333E-05 9.98333E-05 9.98333E-05 9.98333E-05 9.98333E-05 0.0524178 0.00457819 9.98333E-05 9.98333E-05 9.98333E-05 9.98333E-05 9.98333E-05 9.98333E-05 9.98333E-05 9.98333E-05 9.98333E-05 9.98333E-05 0.0157145 9.98333E-05 9.98333E-05 0.925393
9.98335E-05 9.98335E-05 9.98335E-05 9.98335E-05 9.98335E-05 9.98335E-05 9.98335E-05 9.98335E-05 9.98335E-05 0.0342599 9.98335E-05 9.98335E-05 9.98335E-05 9.98335E-05 9.98335E-05 0.521491 9.98335E-05 9.98335E-05 9.98335E-05 0.0937936 9.98335E-05 9.98335E-05 0.348559
9.98073E-05 9.98073E-05 9.98073E-05 9.98073E-05 9.98073E-05 9.98073E-05 9.98073E-05 9.98073E-05 9.98073E-05 9.98073E-05 9.98073E-05 9.98073E-05 9.98073E-05 9.98073E-05 9.98073E-05 9.98073E-05 9.98073E-05 9.98073E-05 9.98073E-05 9.98073E-05 9.98073E-05 9.98073E-05 0.997804
9.98595E-05 9.98595E-05 9.98595E-05 0.157517 9.98595E-05 9.98595E-05 9.98595E-05 9.98595E-05 0.00968415 9.98595E-05 9.98595E-05 9.98595E-05 9.98595E-05 0.00664171 9.98595E-05 0.318486 9.98595E-05 0.0523537 9.98595E-05 0.115577 9.98595E-05 9.98595E-05 0.338143
9.98248E-05 9.98248E-05 9.98248E-05 9.98248E-05 9.98248E-05 9.98248E-05 9.98248E-05 9.98248E-05 9.98248E-05 9.98248E-05 9.98248E-05 9.98248E-05 0.00327493 9.98248E-05 9.98248E-05 0.935315 9.98248E-05 9.98248E-05 0.0594132 9.98248E-05 9.98248E-05 9.98248E-05 9.98248E-05
9.9877E-05 0.0709949 0.131063 9.9877E-05 0.0778491 9.9877E-05 0.0386366 9.9877E-05 0.0018145 0.0339993 9.9877E-05 9.9877E-05 9.9877E-05 9.9877E-05 9.9877E-05 0.38501 9.9877E-05 0.0844256 9.9877E-05 0.174809 9.9877E-05 9.9877E-05 9.9877E-05
9.98684E-05 9.98684E-05 9.98684E-05 0.19688 9.98684E-05 9.98684E-05 9.98684E-05 0.0160569 0.0417755 9.98684E-05 9.98684E-05 9.98684E-05 0.0330989 0.004007 9.98684E-05 0.359677 9.98684E-05 9.98684E-05 9.98684E-05 9.98684E-05 9.98684E-05 0.0531486 0.293858
9.98071E-05 9.98071E-05 9.98071E-05 9.98071E-05 9.98071E-05 9.98071E-05 9.98071E-05 9.98071E-05 9.98071E-05 9.98071E-05 9.98071E-05 9.98071E-05 9.98071E-05 9.98071E-05 9.98071E-05 9.98071E-05 9.98071E-05 9.98071E-05 9.98071E-05 9.98071E-05 9.98071E-05 9.98071E-05 0.997804
9.98597E-05 9.98597E-05 0.0120781 9.98597E-05 9.98597E-05 9.98597E-05 9.98597E-05 9.98597E-05 9.98597E-05 0.000293983 9.98597E-05 0.00222828 0.0400395 0.135904 9.98597E-05 0.772084 9.98597E-05 9.98597E-05 9.98597E-05 0.0357746 9.98597E-05 9.98597E-05 9.98597E-05
9.98248E-05 9.98248E-05 9.98248E-05 9.98248E-05 9.98248E-05 9.98248E-05 9.98248E-05 9.98248E-05 9.98248E-05 9.98248E-05 0.0794798 9.98248E-05 9.98248E-05 9.98248E-05 9.98248E-05 9.98248E-05 9.98248E-05 9.98248E-05 9.98248E-05 0.0629884 9.98248E-05 9.98248E-05 0.855535
9.98596E-05 9.98596E-05 0.0576584 9.98596E-05 0.0169126 9.98596E-05 0.00905595 0.0243905 9.98596E-05 9.98596E-05 9.98596E-05 9.98596E-05 0.0235238 9.98596E-05 9.98596E-05 9.98596E-05 9.98596E-05 0.0278835 9.98596E-05 9.98596E-05 9.98596E-05 9.98596E-05 0.838977
9.98596E-05 9.98596E-05 9.98596E-05 0.0306571 9.98596E-05 0.085257 9.98596E-05 9.98596E-05 9.98596E-05 9.98596E-05 9.98596E-05 9.98596E-05 9.98596E-05 0.0110223 9.98596E-05 9.98596E-05 0.00952875 0.0140169 9.98596E-05 0.0244587 9.98596E-05 9.98596E-05 0.823462
9.98245E-05 9.98245E-05 9.98245E-05 9.98245E-05 9.98245E-05 9.98245E-05 9.98245E-05 9.98245E-05 0.0151713 9.98245E-05 9.98245E-05 9.98245E-05 9.98245E-05 9.98245E-05 9.98245E-05 0.948597 9.98245E-05 9.98245E-05 9.98245E-05 0.0342352 9.98245E-05 9.98245E-05 9.98245E-05
9.98509E-05 0.0124273 9.98509E-05 9.98509E-05 0.0319859 9.98509E-05 9.98509E-05 9.98509E-05 9.98509E-05 9.98509E-05 9.98509E-05 9.98509E-05 9.98509E-05 9.98509E-05 9.98509E-05 0.303706 0.0141716 9.98509E-05 0.0536318 9.98509E-05 9.98509E-05 9.98509E-05 0.58238
9.98596E-05 9.98596E-05 0.0632934 0.00169098 0.000964042 0.0821391 0.717485 9.98596E-05 9.98596E-05 0.0136826 9.98596E-05 9.98596E-05 9.98596E-05 9.98596E-05 9.98596E-05 9.98596E-05 9.98596E-05 9.98596E-05 9.98596E-05 0.119147 9.98596E-05 9.98596E-05 9.98596E-05
9.98247E-05 0.0677044 9.98247E-05 9.98247E-05 9.98247E-05 9.98247E-05 0.919314 9.98247E-05 0.0109847 9.98247E-05 9.98247E-05 9.98247E-05 9.98247E-05 9.98247E-05 9.98247E-05 9.98247E-05 9.98247E-05 9.98247E-05 9.98247E-05 9.98247E-05 9.98247E-05 9.98247E-05 9.98247E-05
9.98158E-05 9.98158E-05 9.98158E-05 9.98158E-05 9.98158E-05 9.98158E-05 0.979649 9.98158E-05 9.98158E-05 9.98158E-05 9.98158E-05 9.98158E-05 9.98158E-05 9.98158E-05 9.98158E-05 9.98158E-05 9.98158E-05 9.98158E-05 0.0182554 9.98158E-05 9.98158E-05 9.98158E-05 9.98158E-05
9.98509E-05 9.98509E-05 0.186571 9.98509E-05 9.98509E-05 9.98509E-05 0.365297 9.98509E-05 9.98509E-05 0.111876 9.98509E-05 9.98509E-05 9.98509E-05 9.98509E-05 9.98509E-05 9.98509E-05 0.27784 9.98509E-05 0.0310507 0.0256677 9.98509E-05 9.98509E-05 9.98509E-05
9.98505E-05 9.98505E-05 9.98505E-05 0.111588 9.98505E-05 9.98505E-05 0.713577 0.0515006 9.98505E-05 9.98505E-05 9.98505E-05 9.98505E-05 0.0766078 9.98505E-05 9.98505E-05 9.98505E-05 9.98505E-05 9.98505E-05 0.0280507 0.0169783 9.98505E-05 9.98505E-05 9.98505E-05
9.98418E-05 9.98418E-05 9.98418E-05 0.0701545 0.00193698 9.98418E-05 0.739943 9.98418E-05 9.98418E-05 0.00938824 9.98418E-05 9.98418E-05 9.98418E-05 9.98418E-05 9.98418E-05 9.98418E-05 9.98418E-05 9.98418E-05 9.98418E-05 0.17678 9.98418E-05 9.98418E-05 9.98418E-05
9.98419E-05 9.98419E-05 9.98419E-05 9.98419E-05 0.00912457 9.98419E-05 0.609743 9.98419E-05 9.98419E-05 0.0199921 9.98419E-05 9.98419E-05 9.98419E-05 9.98419E-05 9.98419E-05 9.98419E-05 0.237789 9.98419E-05 9.98419E-05 0.121555 9.98419E-05 9.98419E-05 9.98419E-05
9.98594E-05 9.98594E-05 0.0550914 9.98594E-05 9.98594E-05 0.125163 0.6191 9.98594E-05 9.98594E-05 0.0583009 9.98594E-05 9.98594E-05 9.98594E-05 9.98594E-05 9.98594E-05 9.98594E-05 0.0771197 9.98594E-05 0.0166441 0.0469834 9.98594E-05 9.98594E-05 9.98594E-05
9.98159E-05 9.98159E-05 9.98159E-05 9.98159E-05 9.98159E-05 9.98159E-05 0.994008 9.98159E-05 9.98159E-05 9.98159E-05 9.98159E-05 0.00389619 9.98159E-05 9.98159E-05 9.98159E-05 9.98159E-05 9.98159E-05 9.98159E-05 9.98159E-05 9.98159E-05 9.98159E-05 9.98159E-05 9.98159E-05
9.98245E-05 9.98245E-05 9.98245E-05 9.98245E-05 0.0295603 9.98245E-05 0.967687 9.98245E-05 0.000755798 9.98245E-05 9.98245E-05 9.98245E-05 9.98245E-05 9.98245E-05 9.98245E-05 9.98245E-05 9.98245E-05 9.98245E-05 9.98245E-05 9.98245E-05 9.98245E-05 9.98245E-05 9.98245E-05
9.9833E-05 9.9833E-05 9.9833E-05 9.9833E-05 0.115399 9.9833E-05 0.614736 9.9833E-05 9.9833E-05 0.023393 9.9833E-05 9.9833E-05 9.9833E-05 9.9833E-05 9.9833E-05 9.9833E-05 9.9833E-05 9.9833E-05 9.9833E-05 0.244575 9.9833E-05 9.9833E-05 9.9833E-05
9.98857E-05 9.98857E-05 9.98857E-05 0.15379 0.0495248 9.98857E-05 0.536811 9.98857E-05 0.0167515 9.98857E-05 0.0885 9.98857E-05 0.0302973 0.0203999 9.98857E-05 9.98857E-05 0.0426037 9.98857E-05 0.00370912 0.0563134 9.98857E-05 9.98857E-05 9.98857E-05
9.98507E-05 9.98507E-05 0.0357886 9.98507E-05 0.0635511 9.98507E-05 0.590479 9.98507E-05 9.98507E-05 0.145385 9.98507E-05 9.98507E-05 9.98507E-05 0.0216278 9.98507E-05 9.98507E-05 9.98507E-05 0.141471 9.98507E-05 9.98507E-05 9.98507E-05 9.98507E-05 9.98507E-05
9.98418E-05 9.98418E-05 9.98418E-05 0.176063 9.98418E-05 9.98418E-05 0.524667 9.98418E-05 9.98418E-05 9.98418E-05 9.98418E-05 9.98418E-05 9.98418E-05 9.98418E-05 9.98418E-05 9.98418E-05 0.0842353 0.0281944 9.98418E-05 0.185044 9.98418E-05 9.98418E-05 9.98418E-05
9.9825E-05 0.021028 9.9825E-05 9.9825E-05 9.9825E-05 9.9825E-05 0.884669 9.9825E-05 9.9825E-05 9.9825E-05 9.9825E-05 9.9825E-05 0.0923068 9.9825E-05 9.9825E-05 9.9825E-05 9.9825E-05 9.9825E-05 9.9825E-05 9.9825E-05 9.9825E-05 9.9825E-05 9.9825E-05
9.98422E-05 9.98422E-05 9.98422E-05 9.98422E-05 0.0216857 9.98422E-05 0.948064 9.98422E-05 9.98422E-05 0.00351198 9.98422E-05 9.98422E-05 9.98422E-05 9.98422E-05 9.98422E-05 9.98422E-05 9.98422E-05 9.98422E-05 9.98422E-05 0.00541801 0.0195231 9.98422E-05 9.98422E-05
9.98419E-05 9.98419E-05 0.0821383 9.98419E-05 9.98419E-05 0.0307554 0.792394 9.98419E-05 0.0347538 9.98419E-05 9.98419E-05 9.98419E-05 9.98419E-05 9.98419E-05 9.98419E-05 9.98419E-05 9.98419E-05 9.98419E-05 0.0581616 9.98419E-05 9.98419E-05 9.98419E-05 9.98419E-05
9.9842E-05 9.9842E-05 9.9842E-05 0.0749279 0.0721564 9.9842E-05 0.666028 9.9842E-05 0.165448 0.0196423 9.9842E-05 9.9842E-05 9.9842E-05 9.9842E-05 9.9842E-05 9.9842E-05 9.9842E-05 9.9842E-05 9.9842E-05 9.9842E-05 9.9842E-05 9.9842E-05 9.9842E-05
9.98332E-05 9.98332E-05 9.98332E-05 9.98332E-05 0.0010433 0.0559548 0.921239 9.98332E-05 9.98332E-05 9.98332E-05 9.98332E-05 9.98332E-05 9.98332E-05 9.98332E-05 9.98332E-05 9.98332E-05 9.98332E-05 9.98332E-05 9.98332E-05 0.0198656 9.98332E-05 9.98332E-05 9.98332E-05
9.98506E-05 0.0666064 9.98506E-05 9.98506E-05 0.00550984 9.98506E-05 0.624135 0.0766611 9.98506E-05 9.98506E-05 9.98506E-05 9.98506E-05 9.98506E-05 0.0787554 9.98506E-05 9.98506E-05 9.98506E-05 9.98506E-05 9.98506E-05 0.146635 9.98506E-05 9.98506E-05 9.98506E-05
9.98162E-05 9.98162E-05 9.98162E-05 9.98162E-05 9.98162E-05 9.98162E-05 0.993661 9.98162E-05 9.98162E-05 9.98162E-05 9.98162E-05 9.98162E-05 9.98162E-05 9.98162E-05 9.98162E-05 9.98162E-05 9.98162E-05 9.98162E-05 9.98162E-05 9.98162E-05 0.00424304 9.98162E-05 9.98162E-05
9.98593E-05 0.0113432 9.98593E-05 0.26326 9.98593E-05 9.98593E-05 0.634389 0.0137573 9.98593E-05 9.98593E-05 0.00886059 9.98593E-05 9.98593E-05 9.98593E-05 9.98593E-05 9.98593E-05 0.0511936 9.98593E-05 9.98593E-05 0.0155985 9.98593E-05 9.98593E-05 9.98593E-05
9.98422E-05 9.98422E-05 0.139776 9.98422E-05 9.98422E-05 9.98422E-05 0.742024 9.98422E-05 9.98422E-05 9.98422E-05 0.0143538 0.0658967 9.98422E-05 9.98422E-05 9.98422E-05 9.98422E-05 9.98422E-05 9.98422E-05 9.98422E-05 0.036152 9.98422E-05 9.98422E-05 9.98422E-05
9.98508E-05 9.98508E-05 9.98508E-05 9.98508E-05 9.98508E-05 0.0345239 0.733663 9.98508E-05 0.145588 0.0215047 9.98508E-05 9.98508E-05 9.98508E-05 9.98508E-05 9.98508E-05 9.98508E-05 9.98508E-05 0.0589206 0.00410294 9.98508E-05 9.98508E-05 9.98508E-05 9.98508E-05
0.0398558 9.98419E-05 9.98419E-05 0.0294509 0.125099 9.98419E-05 0.76027 9.98419E-05 9.98419E-05 9.98419E-05 9.98419E-05 9.98419E-05 9.98419E-05 9.98419E-05 9.98419E-05 9.98419E-05 9.98419E-05 9.98419E-05 9.98419E-05 0.043527 9.98419E-05 9.98419E-05 9.98419E-05
9.98248E-05 9.98248E-05 9.98248E-05 9.98248E-05 9.98248E-05 9.98248E-05 0.916863 9.98248E-05 9.98248E-05 9.98248E-05 9.98248E-05 9.98248E-05 9.98248E-05 9.98248E-05 9.98248E-05 9.98248E-05 0.02257 9.98248E-05 9.98248E-05 9.98248E-05 0.0585705 9.98248E-05 9.98248E-05
9.98161E-05 9.98161E-05 9.98161E-05 9.98161E-05 9.98161E-05 9.98161E-05 0.973725 9.98161E-05 9.98161E-05 9.98161E-05 9.98161E-05 9.98161E-05 9.98161E-05 9.98161E-05 0.0241791 9.98161E-05 9.98161E-05 9.98161E-05 9.98161E-05 9.98161E-05 9.98161E-05 9.98161E-05 9.98161E-05
9.98072E-05 9.98072E-05 9.98072E-05 9.98072E-05 9.98072E-05 9.98072E-05 0.997804 9.98072E-05 9.98072E-05 9.98072E-05 9.98072E-05 9.98072E-05 9.98072E-05 9.98072E-05 9.98072E-05 9.98072E-05 9.98072E-05 9.98072E-05 9.98072E-05 9.98072E-05 9.98072E-05 9.98072E-05 9.98072E-05
9.9816E-05 9.9816E-05 9.9816E-05 9.9816E-05 9.9816E-05 0.144097 0.853806 9.9816E-05 9.9816E-05 9.9816E-05 9.9816E-05 9.9816E-05 9.9816E-05 9.9816E-05 9.9816E-05 9.9816E-05 9.9816E-05 9.9816E-05 9.9816E-05 9.9816E-05 9.9816E-05 9.9816E-05 9.9816E-05
9.98421E-05 0.0614372 9.98421E-05 9.98421E-05 9.98421E-05 9.98421E-05 0.488772 9.98421E-05 9.98421E-05 0.00243987 9.98421E-05 0.338039 9.98421E-05 9.98421E-05 9.98421E-05 9.98421E-05 9.98421E-05 9.98421E-05 9.98421E-05 0.107516 9.98421E-05 9.98421E-05 9.98421E-05
9.98246E-05 9.98246E-05 0.827081 9.98246E-05 9.98246E-05 9.98246E-05 9.98246E-05 9.98246E-05 9.98246E-05 0.0676476 9.98246E-05 9.98246E-05 9.98246E-05 9.98246E-05 9.98246E-05 9.98246E-05 9.98246E-05 9.98246E-05 9.98246E-05 0.103275 9.98246E-05 9.98246E-05 9.98246E-05
9.98245E-05 9.98245E-05 0.115326 9.98245E-05 9.98245E-05 9.98245E-05 9.98245E-05 9.98245E-05 9.98245E-05 0.0105501 9.98245E-05 0.872127 9.98245E-05 9.98245E-05 9.98245E-05 9.98245E-05 9.98245E-05 9.98245E-05 9.98245E-05 9.98245E-05 9.98245E-05 9.98245E-05 9.98245E-05
9.98158E-05 9.98158E-05 0.914226 9.98158E-05 9.98158E-05 9.98158E-05 9.98158E-05 9.98158E-05 9.98158E-05 9.98158E-05 9.98158E-05 9.98158E-05 9.98158E-05 9.98158E-05 9.98158E-05 9.98158E-05 9.98158E-05 9.98158E-05 9.98158E-05 0.0836778 9.98158E-05 9.98158E-05 9.98158E-05
9.98418E-05 9.98418E-05 0.737242 9.98418E-05 9.98418E-05 0.0923477 9.98418E-05 9.98418E-05 9.98418E-05 0.058393 9.98418E-05 9.98418E-05 0.0215537 9.98418E-05 9.98418E-05 9.98418E-05 9.98418E-05 9.98418E-05 9.98418E-05 0.0886668 9.98418E-05 9.98418E-05 9.98418E-05
9.98156E-05 9.98156E-05 0.940071 9.98156E-05 9.98156E-05 9.98156E-05 9.98156E-05 9.98156E-05 9.98156E-05 0.0578326 9.98156E-05 9.98156E-05 9.98156E-05 9.98156E-05 9.98156E-05 9.98156E-05 9.98156E-05 9.98156E-05 9.98156E-05 9.98156E-05 9.98156E-05 9.98156E-05 9.98156E-05
9.98509E-05 9.98509E-05 0.613386 9.98509E-05 9.98509E-05 9.98509E-05 9.98509E-05 9.98509E-05 0.00309432 0.118853 9.98509E-05 9.98509E-05 9.98509E-05 9.98509E-05 0.0393942 9.98509E-05 0.0942263 9.98509E-05 9.98509E-05 0.129349 9.98509E-05 9.98509E-05 9.98509E-05
9.98508E-05 9.98508E-05 0.586533 0.0567264 9.98508E-05 0.00508509 9.98508E-05 9.98508E-05 9.98508E-05 0.0640318 9.98508E-05 0.16194 9.98508E-05 9.98508E-05 9.98508E-05 9.98508E-05 9.98508E-05 9.98508E-05 9.98508E-05 0.123986 9.98508E-05 9.98508E-05 9.98508E-05
9.98245E-05 9.98245E-05 0.835625 9.98245E-05 9.98245E-05 9.98245E-05 9.98245E-05 9.98245E-05 9.98245E-05 0.137802 9.98245E-05 9.98245E-05 9.98245E-05 9.98245E-05 9.98245E-05 9.98245E-05 9.98245E-05 9.98245E-05 9.98245E-05 0.024577 9.98245E-05 9.98245E-05 9.98245E-05
9.98419E-05 0.00609671 0.472629 9.98419E-05 9.98419E-05 9.98419E-05 9.98419E-05 9.98419E-05 9.98419E-05 0.294736 9.98419E-05 9.98419E-05 9.98419E-05 9.98419E-05 9.98419E-05 9.98419E-05 0.176875 9.98419E-05 9.98419E-05 0.0478657 9.98419E-05 9.98419E-05 9.98419E-05
9.98332E-05 9.98332E-05 0.537211 9.98332E-05 9.98332E-05 9.98332E-05 9.98332E-05 9.98332E-05 9.98332E-05 0.212364 0.0199159 9.98332E-05 9.98332E-05 9.98332E-05 9.98332E-05 9.98332E-05 9.98332E-05 9.98332E-05 9.98332E-05 0.228612 9.98332E-05 9.98332E-05 9.98332E-05
9.98421E-05 9.98421E-05 0.292765 9.98421E-05 9.98421E-05 9.98421E-05 9.98421E-05 9.98421E-05 9.98421E-05 0.022414 9.98421E-05 9.98421E-05 9.98421E-05 9.98421E-05 9.98421E-05 9.98421E-05 0.158331 9.98421E-05 9.98421E-05 0.0205496 0.504143 9.98421E-05 9.98421E-05
9.98332E-05 9.98332E-05 0.642999 9.98332E-05 9.98332E-05 9.98332E-05 9.98332E-05 9.98332E-05 9.98332E-05 9.98332E-05 9.98332E-05 9.98332E-05 9.98332E-05 9.98332E-05 0.256134 9.98332E-05 0.0928129 9.98332E-05 9.98332E-05 0.00615764 9.98332E-05 9.98332E-05 9.98332E-05
9.98246E-05 9.98246E-05 0.771383 9.98246E-05 9.98246E-05 9.98246E-05 9.98246E-05 9.98246E-05 9.98246E-05 0.0472404 9.98246E-05 0.17938 9.98246E-05 9.98246E-05 9.98246E-05 9.98246E-05 9.98246E-05 9.98246E-05 9.98246E-05 9.98246E-05 9.98246E-05 9.98246E-05 9.98246E-05
9.98422E-05 9.98422E-05 0.54952 9.98422E-05 9.98422E-05 9.98422E-05 9.98422E-05 9.98422E-05 9.98422E-05 0.083386 9.98422E-05 9.98422E-05 9.98422E-05 9.98422E-05 9.98422E-05 9.98422E-05 9.98422E-05 9.98422E-05 9.98422E-05 0.160843 0.200109 0.00434449 9.98422E-05
9.98772E-05 0.00235011 0.509533 9.98772E-05 0.00141215 0.135924 9.98772E-05 0.00610029 9.98772E-05 0.117251 9.98772E-05 0.153094 9.98772E-05 0.0519182 9.98772E-05 9.98772E-05 0.0210191 9.98772E-05 9.98772E-05 9.98772E-05 9.98772E-05 9.98772E-05 9.98772E-05
9.98596E-05 0.206905 0.591305 9.98596E-05 0.00211428 9.98596E-05 9.98596E-05 9.98596E-05 9.98596E-05 9.98596E-05 9.98596E-05 9.98596E-05 0.0223709 9.98596E-05 9.98596E-05 9.98596E-05 0.074498 9.98596E-05 9.98596E-05 0.0852457 0.0159632 9.98596E-05 9.98596E-05
9.98508E-05 9.98508E-05 0.499197 9.98508E-05 9.98508E-05 9.98508E-05 9.98508E-05 0.0119597 9.98508E-05 0.00809906 9.98508E-05 9.98508E-05 9.98508E-05 9.98508E-05 9.98508E-05 9.98508E-05 0.225521 9.98508E-05 9.98508E-05 0.0836504 0.169875 9.98508E-05 9.98508E-05
9.9851E-05 9.9851E-05 0.609309 0.0291035 9.9851E-05 9.9851E-05 9.9851E-05 9.9851E-05 9.9851E-05 0.108904 9.9851E-05 9.9851E-05 0.0947076 9.9851E-05 9.9851E-05 9.9851E-05 9.9851E-05 9.9851E-05 0.0548077 9.9851E-05 0.101471 9.9851E-05 9.9851E-05
9.98158E-05 9.98158E-05 0.803151 9.98158E-05 9.98158E-05 9.98158E-05 9.98158E-05 9.98158E-05 9.98158E-05 9.98158E-05 9.98158E-05 9.98158E-05 9.98158E-05 9.98158E-05 9.98158E-05 9.98158E-05 9.98158E-05 9.98158E-05 9.98158E-05 9.98158E-05 0.194753 9.98158E-05 9.98158E-05
9.98509E-05 9.98509E-05 0.346115 9.98509E-05 0.0098265 9.98509E-05 9.98509E-05 0.091993 9.98509E-05 0.082336 9.98509E-05 9.98509E-05 9.98509E-05 9.98509E-05 0.460306 9.98509E-05 9.98509E-05 9.98509E-05 9.98509E-05 0.00772613 9.98509E-05 9.98509E-05 9.98509E-05
9.98508E-05 9.98508E-05 0.656716 9.98508E-05 9.98508E-05 9.98508E-05 9.98508E-05 9.98508E-05 0.0135637 0.0716387 9.98508E-05 9.98508E-05 9.98508E-05 9.98508E-05 9.98508E-05 9.98508E-05 0.0896893 9.98508E-05 9.98508E-05 0.0736873 0.0930074 9.98508E-05 9.98508E-05
9.9842E-05 9.9842E-05 0.860164 9.9842E-05 9.9842E-05 0.00274601 9.9842E-05 9.9842E-05 9.9842E-05 0.0226869 9.9842E-05 9.9842E-05 9.9842E-05 9.9842E-05 9.9842E-05 9.9842E-05 9.9842E-05 9.9842E-05 9.9842E-05 0.00106206 0.111543 9.9842E-05 9.9842E-05
0.110153 9.98508E-05 0.350949 9.98508E-05 9.98508E-05 9.98508E-05 9.98508E-05 0.031334 9.98508E-05 0.199331 9.98508E-05 9.98508E-05 9.98508E-05 9.98508E-05 9.98508E-05 9.98508E-05 0.0515172 9.98508E-05 9.98508E-05 0.255018 9.98508E-05 9.98508E-05 9.98508E-05
9.98421E-05 9.98421E-05 0.522548 9.98421E-05 9.98421E-05 9.98421E-05 9.98421E-05 9.98421E-05 9.98421E-05 0.172577 9.98421E-05 0.19002 0.0277473 9.98421E-05 9.98421E-05 9.98421E-05 9.98421E-05 9.98421E-05 9.98421E-05 9.98421E-05 0.0853106 9.98421E-05 9.98421E-05
0.0521988 9.98507E-05 0.473737 9.98507E-05 0.00689842 9.98507E-05 9.98507E-05 9.98507E-05 9.98507E-05 0.220315 9.98507E-05 9.98507E-05 9.98507E-05 9.98507E-05 9.98507E-05 9.98507E-05 0.0866988 9.98507E-05 9.98507E-05 0.158454 9.98507E-05 9.98507E-05 9.98507E-05
9.98771E-05 9.98771E-05 0.159241 0.0476843 9.98771E-05 9.98771E-05 0.011044 9.98771E-05 9.98771E-05 0.140375 9.98771E-05 0.2345 9.98771E-05 0.0216758 9.98771E-05 9.98771E-05 0.100908 9.98771E-05 9.98771E-05 0.103089 0.180085 9.98771E-05 9.98771E-05
9.98158E-05 9.98158E-05 9.98158E-05 9.98158E-05 9.98158E-05 9.98158E-05 9.98158E-05 9.98158E-05 9.98158E-05 9.98158E-05 9.98158E-05 9.98158E-05 0.109686 9.98158E-05 0.888218 9.98158E-05 9.98158E-05 9.98158E-05 9.98158E-05 9.98158E-05 9.98158E-05 9.98158E-05 9.98158E-05
9.9833E-05 9.9833E-05 0.868493 9.9833E-05 9.9833E-05 9.9833E-05 9.9833E-05 9.9833E-05 9.9833E-05 0.0152498 9.9833E-05 9.9833E-05 9.9833E-05 9.9833E-05 9.9833E-05 9.9833E-05 9.9833E-05 0.0159009 9.9833E-05 0.0984598 9.9833E-05 9.9833E-05 9.9833E-05
9.98334E-05 9.98334E-05 0.523921 9.98334E-05 9.98334E-05 9.98334E-05 9.98334E-05 9.98334E-05 9.98334E-05 0.199467 9.98334E-05 9.98334E-05 9.98334E-05 9.98334E-05 9.98334E-05 9.98334E-05 0.110417 9.98334E-05 9.98334E-05 0.164298 9.98334E-05 9.98334E-05 9.98334E-05
9.98334E-05 9.98334E-05 0.625616 9.98334E-05 9.98334E-05 9.98334E-05 9.98334E-05 9.98334E-05 9.98334E-05 9.98334E-05 9.98334E-05 0.163411 0.11804 9.98334E-05 9.98334E-05 9.98334E-05 9.98334E-05 9.98334E-05 9.98334E-05 0.0910354 9.98334E-05 9.98334E-05 9.98334E-05
9.98597E-05 9.98597E-05 0.585047 9.98597E-05 0.0272611 9.98597E-05 9.98597E-05 9.98597E-05 9.98597E-05 0.0449171 9.98597E-05 9.98597E-05 9.98597E-05 0.0497367 9.98597E-05 9.98597E-05 0.041727 9.98597E-05 9.98597E-05 0.15708 0.0926333 9.98597E-05 9.98597E-05
9.98333E-05 9.98333E-05 0.778281 9.98333E-05 9.98333E-05 9.98333E-05 9.98333E-05 9.98333E-05 9.98333E-05 9.98333E-05 9.98333E-05 0.101883 9.98333E-05 0.0891327 9.98333E-05 9.98333E-05 9.98333E-05 9.98333E-05 9.98333E-05 0.0288065 9.98333E-05 9.98333E-05 9.98333E-05
9.9842E-05 9.9842E-05 0.431342 9.9842E-05 9.9842E-05 9.9842E-05 9.9842E-05 0.15978 9.9842E-05 0.209256 9.9842E-05 9.9842E-05 0.0876074 9.9842E-05 9.9842E-05 9.9842E-05 9.9842E-05 9.9842E-05 9.9842E-05 0.110217 9.9842E-05 9.9842E-05 9.9842E-05
9.98332E-05 9.98332E-05 0.840438 0.0921557 9.98332E-05 9.98332E-05 9.98332E-05 9.98332E-05 9.98332E-05 9.98332E-05 0.0352369 9.98332E-05 9.98332E-05 9.98332E-05 9.98332E-05 9.98332E-05 9.98332E-05 9.98332E-05 9.98332E-05 0.0302728 9.98332E-05 9.98332E-05 9.98332E-05
9.98246E-05 9.98246E-05 0.837726 9.98246E-05 9.98246E-05 9.98246E-05 9.98246E-05 9.98246E-05 9.98246E-05 9.98246E-05 9.98246E-05 0.128649 9.98246E-05 9.98246E-05 9.98246E-05 9.98246E-05 9.98246E-05 9.98246E-05 9.98246E-05 0.0316277 9.98246E-05 9.98246E-05 9.98246E-05
9.98594E-05 0.16769 0.423012 9.98594E-05 0.0357294 9.98594E-05 9.98594E-05 9.98594E-05 0.0646459 9.98594E-05 9.98594E-05 9.98594E-05 9.98594E-05 0.0164379 0.00883759 9.98594E-05 9.98594E-05 9.98594E-05 9.98594E-05 9.98594E-05 0.28205 9.98594E-05 9.98594E-05
9.98332E-05 9.98332E-05 0.709967 9.98332E-05 9.98332E-05 0.0133123 9.98332E-05 9.98332E-05 9.98332E-05 0.0775872 9.98332E-05 9.98332E-05 9.98332E-05 9.98332E-05 9.98332E-05 9.98332E-05 9.98332E-05 9.98332E-05 9.98332E-05 0.197237 9.98332E-05 9.98332E-05 9.98332E-05
9.98595E-05 9.98595E-05 0.0525436 9.98595E-05 9.98595E-05 9.98595E-05 9.98595E-05 0.00294906 0.014028 0.0585863 9.98595E-05 0.262459 9.98595E-05 9.98595E-05 9.98595E-05 9.98595E-05 9.98595E-05 0.0162174 9.98595E-05 9.98595E-05 0.591619 9.98595E-05 9.98595E-05
9.98334E-05 9.98334E-05 0.518121 9.98334E-05 9.98334E-05 9.98334E-05 9.98334E-05 9.98334E-05 9.98334E-05 9.98334E-05 9.98334E-05 0.249723 9.98334E-05 9.98334E-05 9.98334E-05 9.98334E-05 9.98334E-05 9.98334E-05 9.98334E-05 0.0728548 0.157404 9.98334E-05 9.98334E-05
9.98158E-05 9.98158E-05 0.336886 9.98158E-05 9.98158E-05 9.98158E-05 9.98158E-05 9.98158E-05 9.98158E-05 9.98158E-05 9.98158E-05 0.661018 9.98158E-05 9.98158E-05 9.98158E-05 9.98158E-05 9.98158E-05 9.98158E-05 9.98158E-05 9.98158E-05 9.98158E-05 9.98158E-05 9.98158E-05
9.98247E-05 9.98247E-05 0.309939 9.98247E-05 9.98247E-05 9.98247E-05 9.98247E-05 9.98247E-05 9.98247E-05 9.98247E-05 9.98247E-05 9.98247E-05 9.98247E-05 0.00336346 9.98247E-05 9.98247E-05 9.98247E-05 9.98247E-05 9.98247E-05 9.98247E-05 0.684701 9.98247E-05 9.98247E-05
9.98508E-05 9.98508E-05 0.467025 9.98508E-05 0.032122 9.98508E-05 9.98508E-05 9.98508E-05 9.98508E-05 0.0494236 9.98508E-05 9.98508E-05 9.98508E-05 9.98508E-05 9.98508E-05 9.98508E-05 0.0886156 0.115194 9.98508E-05 0.245922 9.98508E-05 9.98508E-05 9.98508E-05
9.98334E-05 9.98334E-05 0.815297 9.98334E-05 9.98334E-05 9.98334E-05 9.98334E-05 9.98334E-05 9.98334E-05 0.0974902 0.0643504 9.98334E-05 9.98334E-05 9.98334E-05 9.98334E-05 9.98334E-05 9.98334E-05 9.98334E-05 9.98334E-05 9.98334E-05 0.020966 9.98334E-05 9.98334E-05
9.9842E-05 9.9842E-05 0.0688164 9.9842E-05 9.9842E-05 9.9842E-05 9.9842E-05 9.9842E-05 9.9842E-05 0.098671 9.9842E-05 9.9842E-05 9.9842E-05 9.9842E-05 0.538276 9.9842E-05 9.9842E-05 9.9842E-05 9.9842E-05 0.0518089 0.24063 9.9842E-05 9.9842E-05
9.98334E-05 9.98334E-05 0.222972 9.98334E-05 9.98334E-05 9.98334E-05 9.98334E-05 9.98334E-05 9.98334E-05 9.98334E-05 9.98334E-05 9.98334E-05 9.98334E-05 9.98334E-05 0.654912 9.98334E-05 9.98334E-05 9.98334E-05 9.98334E-05 0.0477928 0.0724267 9.98334E-05 9.98334E-05
9.98595E-05 9.98595E-05 0.448141 0.0348964 9.98595E-05 0.0113724 9.98595E-05 0.0630104 9.98595E-05 0.190338 9.98595E-05 9.98595E-05 0.0573035 9.98595E-05 9.98595E-05 9.98595E-05 0.19334 9.98595E-05 9.98595E-05 9.98595E-05 9.98595E-05 9.98595E-05 9.98595E-05
9.98684E-05 9.98684E-05 0.457197 9.98684E-05 9.98684E-05 0.0613946 0.139689 9.98684E-05 9.98684E-05 0.142568 9.98684E-05 0.0757213 9.98684E-05 9.98684E-05 0.0980373 9.98684E-05 9.98684E-05 9.98684E-05 0.00175236 0.0221431 9.98684E-05 9.98684E-05 9.98684E-05
9.98861E-05 0.0143244 0.341822 0.0433356 9.98861E-05 0.0240468 9.98861E-05 9.98861E-05 9.98861E-05 0.0976322 9.98861E-05 9.98861E-05 9.98861E-05 0.108238 0.193296 9.98861E-05 0.102174 9.98861E-05 9.98861E-05 0.0366804 9.98861E-05 0.0371526 9.98861E-05
9.98422E-05 9.98422E-05 0.52281 0.0259701 9.98422E-05 9.98422E-05 0.0286559 9.98422E-05 9.98422E-05 0.237198 9.98422E-05 9.98422E-05 9.98422E-05 9.98422E-05 9.98422E-05 9.98422E-05 9.98422E-05 9.98422E-05 9.98422E-05 0.183569 9.98422E-05 9.98422E-05 9.98422E-05
9.98332E-05 9.98332E-05 0.184896 9.98332E-05 9.98332E-05 9.98332E-05 9.98332E-05 9.98332E-05 9.98332E-05 9.98332E-05 9.98332E-05 0.484186 9.98332E-05 9.98332E-05 9.98332E-05 9.98332E-05 9.98332E-05 9.98332E-05 9.98332E-05 0.0266117 0.302409 9.98332E-05 9.98332E-05
9.98332E-05 9.98332E-05 0.732348 9.98332E-05 9.98332E-05 9.98332E-05 9.98332E-05 9.98332E-05 0.160465 9.98332E-05 9.98332E-05 9.98332E-05 9.98332E-05 9.98332E-05 9.98332E-05 9.98332E-05 9.98332E-05 9.98332E-05 0.0331057 0.0721845 9.98332E-05 9.98332E-05 9.98332E-05
9.9842E-05 9.9842E-05 0.0213868 9.9842E-05 9.9842E-05 9.9842E-05 9.9842E-05 9.9842E-05 9.9842E-05 0.0442044 9.9842E-05 0.767682 9.9842E-05 9.9842E-05 0.0821043 9.9842E-05 0.0828254 9.9842E-05 9.9842E-05 9.9842E-05 9.9842E-05 9.9842E-05 9.9842E-05
9.98422E-05 0.0106093 0.444024 9.98422E-05 9.98422E-05 9.98422E-05 9.98422E-05 9.98422E-05 9.98422E-05 0.0814897 9.98422E-05 9.98422E-05 9.98422E-05 9.98422E-05 9.98422E-05 9.98422E-05 9.98422E-05 9.98422E-05 9.98422E-05 0.127027 0.335053 9.98422E-05 9.98422E-05
9.98334E-05 9.98334E-05 0.868819 9.98334E-05 9.98334E-05 0.0628871 9.98334E-05 9.98334E-05 9.98334E-05 0.0115545 9.98334E-05 9.98334E-05 9.98334E-05 0.0548422 9.98334E-05 9.98334E-05 9.98334E-05 9.98334E-05 9.98334E-05 9.98334E-05 9.98334E-05 9.98334E-05 9.98334E-05
9.98331E-05 9.98331E-05 0.874452 9.98331E-05 0.0112923 9.98331E-05 9.98331E-05 9.98331E-05 0.1005 0.0118584 9.98331E-05 9.98331E-05 9.98331E-05 9.98331E-05 9.98331E-05 9.98331E-05 9.98331E-05 9.98331E-05 9.98331E-05 9.98331E-05 9.98331E-05 9.98331E-05 9.98331E-05
9.98333E-05 9.98333E-05 0.498861 9.98333E-05 9.98333E-05 9.98333E-05 9.98333E-05 9.98333E-05 9.98333E-05 0.180249 9.98333E-05 9.98333E-05 9.98333E-05 9.98333E-05 9.98333E-05 9.98333E-05 0.203769 9.98333E-05 9.98333E-05 0.115224 9.98333E-05 9.98333E-05 9.98333E-05
9.98332E-05 9.98332E-05 0.679164 9.98332E-05 9.98332E-05 9.98332E-05 9.98332E-05 9.98332E-05 9.98332E-05 0.18717 9.98332E-05 9.98332E-05 0.00904798 9.98332E-05 9.98332E-05 9.98332E-05 9.98332E-05 9.98332E-05 9.98332E-05 0.122722 9.98332E-05 9.98332E-05 9.98332E-05
9.98245E-05 9.98245E-05 0.980403 9.98245E-05 0.00148671 9.98245E-05 9.98245E-05 9.98245E-05 9.98245E-05 0.0161135 9.98245E-05 9.98245E-05 9.98245E-05 9.98245E-05 9.98245E-05 9.98245E-05 9.98245E-05 9.98245E-05 9.98245E-05 9.98245E-05 9.98245E-05 9.98245E-05 9.98245E-05
9.98334E-05 9.98334E-05 0.759532 9.98334E-05 9.98334E-05 9.98334E-05 9.98334E-05 0.102368 9.98334E-05 9.98334E-05 9.98334E-05 9.98334E-05 9.98334E-05 9.98334E-05 9.98334E-05 9.98334E-05 9.98334E-05 9.98334E-05 9.98334E-05 0.0619026 0.0743008 9.98334E-05 9.98334E-05
9.98421E-05 9.98421E-05 0.553965 9.98421E-05 9.98421E-05 9.98421E-05 9.98421E-05 9.98421E-05 9.98421E-05 0.121121 9.98421E-05 0.089498 9.98421E-05 9.98421E-05 9.98421E-05 9.98421E-05 0.111818 9.98421E-05 9.98421E-05 9.98421E-05 0.121801 9.98421E-05 9.98421E-05
9.98067E-05 9.98067E-05 9.98067E-05 9.98067E-05 9.98067E-05 9.98067E-05 9.98067E-05 9.98067E-05 9.98067E-05 9.98067E-05 9.98067E-05 9.98067E-05 9.98067E-05 9.98067E-05 9.98067E-05 9.98067E-05 9.98067E-05 9.98067E-05 9.98067E-05 0.997804 9.98067E-05 9.98067E-05 9.98067E-05
9.98067E-05 9.98067E-05 9.98067E-05 9.98067E-05 9.98067E-05 9.98067E-05 9.98067E-05 9.98067E-05 9.98067E-05 0.997804 9.98067E-05 9.98067E-05 9.98067E-05 9.98067E-05 9.98067E-05 9.98067E-05 9.98067E-05 9.98067E-05 9.98067E-05 9.98067E-05 9.98067E-05 9.98067E-05 9.98067E-05
9.98067E-05 9.98067E-05 9.98067E-05 9.98067E-05 9.98067E-05 9.98067E-05 9.98067E-05 9.98067E-05 9.98067E-05 9.98067E-05 9.98067E-05 9.98067E-05 9.98067E-05 9.98067E-05 9.98067E-05 9.98067E-05 9.98067E-05 9.98067E-05 9.98067E-05 0.997804 9.98067E-05 9.98067E-05 9.98067E-05
