9.98859E-05 9.98859E-05 9.98859E-05 0.145835 9.98859E-05 0.131804 9.98859E-05 9.98859E-05 0.0621826 9.98859E-05 9.98859E-05 0.0358988 0.278698 9.98859E-05 0.0412935 0.0470156 9.98859E-05 9.98859E-05 9.98859E-05 0.212663 0.0433102 9.98859E-05
9.98421E-05 9.98421E-05 9.98421E-05 0.844715 9.98421E-05 9.98421E-05 9.98421E-05 9.98421E-05 9.98421E-05 9.98421E-05 9.98421E-05 0.0911262 0.0513952 9.98421E-05 9.98421E-05 0.0109666 9.98421E-05 9.98421E-05 9.98421E-05 9.98421E-05 9.98421E-05 9.98421E-05
9.98509E-05 9.98509E-05 0.0558795 0.122731 9.98509E-05 9.98509E-05 9.98509E-05 9.98509E-05 0.0208284 9.98509E-05 9.98509E-05 9.98509E-05 9.98509E-05 9.98509E-05 9.98509E-05 0.426622 9.98509E-05 9.98509E-05 9.98509E-05 0.372242 9.98509E-05 9.98509E-05
0.203027 9.99035E-05 0.0792506 0.286975 9.99035E-05 0.0641636 9.99035E-05 0.0249682 0.0644333 9.99035E-05 9.99035E-05 9.99035E-05 9.99035E-05 9.99035E-05 0.0236003 9.99035E-05 0.094219 9.99035E-05 0.0367957 0.110767 0.0107019 9.99035E-05
9.98421E-05 9.98421E-05 9.98421E-05 0.848968 9.98421E-05 9.98421E-05 9.98421E-05 0.0168878 9.98421E-05 9.98421E-05 9.98421E-05 9.98421E-05 9.98421E-05 9.98421E-05 9.98421E-05 0.120996 9.98421E-05 9.98421E-05 0.0113517 9.98421E-05 9.98421E-05 9.98421E-05
9.98597E-05 9.98597E-05 0.196795 0.184661 9.98597E-05 9.98597E-05 9.98597E-05 9.98597E-05 9.98597E-05 0.196305 9.98597E-05 9.98597E-05 0.179652 9.98597E-05 9.98597E-05 9.98597E-05 9.98597E-05 9.98597E-05 0.171812 0.0691765 9.98597E-05 9.98597E-05
0.0668602 9.99035E-05 9.99035E-05 0.209581 9.99035E-05 0.0712509 9.99035E-05 9.99035E-05 0.0638368 9.99035E-05 9.99035E-05 0.0503197 0.0181524 9.99035E-05 0.123508 9.99035E-05 9.99035E-05 0.0338626 0.107368 0.235801 0.0183594 9.99035E-05
9.9886E-05 9.9886E-05 9.9886E-05 0.297827 0.0531432 0.171059 9.9886E-05 0.0610927 9.9886E-05 0.124152 9.9886E-05 9.9886E-05 0.0146471 0.197767 0.0290576 9.9886E-05 9.9886E-05 9.9886E-05 0.0499551 9.9886E-05 9.9886E-05 9.9886E-05
9.98683E-05 0.0508567 0.0314854 9.98683E-05 9.98683E-05 9.98683E-05 9.98683E-05 0.00907274 0.186685 0.244171 9.98683E-05 9.98683E-05 9.98683E-05 9.98683E-05 9.98683E-05 9.98683E-05 9.98683E-05 9.98683E-05 9.98683E-05 0.331514 0.144716 9.98683E-05
9.98332E-05 9.98332E-05 9.98332E-05 9.98332E-05 9.98332E-05 9.98332E-05 9.98332E-05 9.98332E-05 0.0648487 9.98332E-05 9.98332E-05 9.98332E-05 9.98332E-05 9.98332E-05 9.98332E-05 0.739407 9.98332E-05 9.98332E-05 9.98332E-05 0.193848 9.98332E-05 9.98332E-05
9.98683E-05 9.98683E-05 9.98683E-05 9.98683E-05 9.98683E-05 0.0138173 9.98683E-05 9.98683E-05 0.163282 0.0203469 9.98683E-05 9.98683E-05 0.0632098 9.98683E-05 0.0837347 9.98683E-05 0.00177351 9.98683E-05 9.98683E-05 0.652338 9.98683E-05 9.98683E-05
9.98157E-05 9.98157E-05 9.98157E-05 9.98157E-05 9.98157E-05 9.98157E-05 9.98157E-05 9.98157E-05 9.98157E-05 9.98157E-05 9.98157E-05 9.98157E-05 9.98157E-05 9.98157E-05 9.98157E-05 0.997904 9.98157E-05 9.98157E-05 9.98157E-05 9.98157E-05 9.98157E-05 9.98157E-05
9.98332E-05 9.98332E-05 9.98332E-05 0.314755 9.98332E-05 9.98332E-05 9.98332E-05 9.98332E-05 0.0578034 9.98332E-05 9.98332E-05 9.98332E-05 9.98332E-05 9.98332E-05 9.98332E-05 9.98332E-05 9.98332E-05 9.98332E-05 9.98332E-05 0.625544 9.98332E-05 9.98332E-05
9.98596E-05 0.0308558 9.98596E-05 0.885875 9.98596E-05 9.98596E-05 0.0143709 9.98596E-05 0.0382557 9.98596E-05 0.0143184 9.98596E-05 9.98596E-05 9.98596E-05 9.98596E-05 9.98596E-05 9.98596E-05 9.98596E-05 9.98596E-05 9.98596E-05 9.98596E-05 0.0147263
9.98859E-05 0.021795 0.104232 9.98859E-05 9.98859E-05 9.98859E-05 9.98859E-05 9.98859E-05 0.0946557 0.163955 9.98859E-05 9.98859E-05 0.17738 9.98859E-05 9.98859E-05 0.17996 9.98859E-05 9.98859E-05 9.98859E-05 0.151762 0.0559116 0.0490505
0.100652 9.98772E-05 9.98772E-05 0.312346 9.98772E-05 9.98772E-05 9.98772E-05 9.98772E-05 0.0841412 0.233412 9.98772E-05 9.98772E-05 0.0868534 0.142326 9.98772E-05 9.98772E-05 9.98772E-05 9.98772E-05 0.0322398 9.98772E-05 9.98772E-05 0.00663073
0.00206849 9.9886E-05 9.9886E-05 0.00966717 9.9886E-05 9.9886E-05 9.9886E-05 9.9886E-05 9.9886E-05 9.9886E-05 0.091398 0.182335 9.9886E-05 0.0179566 0.0236288 0.0304824 9.9886E-05 9.9886E-05 9.9886E-05 0.617643 9.9886E-05 0.0235222
9.98771E-05 9.98771E-05 9.98771E-05 0.187491 0.15837 0.0549322 9.98771E-05 9.98771E-05 0.140158 9.98771E-05 9.98771E-05 9.98771E-05 0.234347 9.98771E-05 9.98771E-05 9.98771E-05 0.102871 9.98771E-05 9.98771E-05 0.11955 0.000883237 9.98771E-05
9.98771E-05 9.98771E-05 9.98771E-05 9.98771E-05 0.0325059 0.0859554 9.98771E-05 9.98771E-05 0.18079 0.108252 9.98771E-05 9.98771E-05 9.98771E-05 9.98771E-05 9.98771E-05 0.354296 9.98771E-05 9.98771E-05 0.113236 0.108279 9.98771E-05 0.0152881
9.98158E-05 9.98158E-05 9.98158E-05 9.98158E-05 9.98158E-05 9.98158E-05 9.98158E-05 9.98158E-05 9.98158E-05 9.98158E-05 9.98158E-05 9.98158E-05 9.98158E-05 9.98158E-05 9.98158E-05 9.98158E-05 9.98158E-05 9.98158E-05 9.98158E-05 0.997904 9.98158E-05 9.98158E-05
9.98859E-05 0.0367166 0.0934921 9.98859E-05 0.0226133 9.98859E-05 9.98859E-05 0.010792 9.98859E-05 0.0569217 9.98859E-05 9.98859E-05 9.98859E-05 0.0998718 0.0303611 9.98859E-05 9.98859E-05 9.98859E-05 9.98859E-05 0.641469 0.00646383 9.98859E-05
9.9851E-05 9.9851E-05 9.9851E-05 9.9851E-05 9.9851E-05 0.343834 9.9851E-05 9.9851E-05 9.9851E-05 0.129787 9.9851E-05 9.9851E-05 9.9851E-05 9.9851E-05 9.9851E-05 0.0846428 9.9851E-05 9.9851E-05 0.161562 0.278477 9.9851E-05 9.9851E-05
9.98509E-05 9.98509E-05 9.98509E-05 0.200631 9.98509E-05 9.98509E-05 9.98509E-05 9.98509E-05 0.0672998 9.98509E-05 9.98509E-05 9.98509E-05 0.20914 9.98509E-05 0.00277058 9.98509E-05 9.98509E-05 9.98509E-05 9.98509E-05 0.518461 9.98509E-05 9.98509E-05
9.98771E-05 9.98771E-05 0.00023935 0.198327 9.98771E-05 0.213182 9.98771E-05 9.98771E-05 0.195314 9.98771E-05 9.98771E-05 9.98771E-05 0.0228611 0.0156213 9.98771E-05 9.98771E-05 9.98771E-05 9.98771E-05 9.98771E-05 0.269313 0.0837443 9.98771E-05
9.98946E-05 0.0115801 0.0655117 0.293522 9.98946E-05 9.98946E-05 9.98946E-05 9.98946E-05 0.22247 0.088786 9.98946E-05 9.98946E-05 9.98946E-05 9.98946E-05 0.0829853 9.98946E-05 0.0234598 9.98946E-05 9.98946E-05 0.0382115 0.0514677 0.120807
0.00040105 9.98508E-05 0.0825958 9.98508E-05 9.98508E-05 9.98508E-05 9.98508E-05 9.98508E-05 0.0756349 9.98508E-05 9.98508E-05 9.98508E-05 9.98508E-05 9.98508E-05 9.98508E-05 9.98508E-05 9.98508E-05 0.0209487 9.98508E-05 0.818722 9.98508E-05 9.98508E-05
9.98595E-05 9.98595E-05 0.233873 9.98595E-05 0.125606 0.309119 9.98595E-05 9.98595E-05 0.116521 9.98595E-05 9.98595E-05 9.98595E-05 9.98595E-05 0.0659005 9.98595E-05 9.98595E-05 9.98595E-05 9.98595E-05 9.98595E-05 0.147384 9.98595E-05 9.98595E-05
0.0104065 9.98422E-05 9.98422E-05 9.98422E-05 9.98422E-05 0.0668694 9.98422E-05 9.98422E-05 0.0382474 9.98422E-05 9.98422E-05 9.98422E-05 9.98422E-05 9.98422E-05 9.98422E-05 9.98422E-05 9.98422E-05 9.98422E-05 9.98422E-05 0.882679 9.98422E-05 9.98422E-05
9.98597E-05 9.98597E-05 0.0143093 0.0569035 9.98597E-05 0.0286463 9.98597E-05 9.98597E-05 0.153376 9.98597E-05 9.98597E-05 9.98597E-05 0.0867955 9.98597E-05 9.98597E-05 0.658372 9.98597E-05 9.98597E-05 9.98597E-05 9.98597E-05 9.98597E-05 9.98597E-05
9.98421E-05 9.98421E-05 9.98421E-05 9.98421E-05 9.98421E-05 9.98421E-05 0.170104 9.98421E-05 0.082031 9.98421E-05 9.98421E-05 9.98421E-05 9.98421E-05 9.98421E-05 9.98421E-05 0.698043 9.98421E-05 9.98421E-05 9.98421E-05 0.0480248 9.98421E-05 9.98421E-05
9.98596E-05 9.98596E-05 9.98596E-05 9.98596E-05 9.98596E-05 9.98596E-05 9.98596E-05 9.98596E-05 9.98596E-05 0.0151112 9.98596E-05 9.98596E-05 0.0571012 9.98596E-05 0.0866434 0.276156 9.98596E-05 9.98596E-05 9.98596E-05 0.506394 9.98596E-05 0.0569961
9.98422E-05 9.98422E-05 0.230052 9.98422E-05 9.98422E-05 9.98422E-05 9.98422E-05 9.98422E-05 9.98422E-05 9.98422E-05 0.00416457 9.98422E-05 9.98422E-05 9.98422E-05 9.98422E-05 9.98422E-05 9.98422E-05 9.98422E-05 0.069077 0.694909 9.98422E-05 9.98422E-05
9.98508E-05 9.98508E-05 9.98508E-05 0.695811 9.98508E-05 0.0198837 9.98508E-05 9.98508E-05 0.100076 9.98508E-05 9.98508E-05 9.98508E-05 0.0459235 9.98508E-05 0.136608 9.98508E-05 9.98508E-05 9.98508E-05 9.98508E-05 9.98508E-05 9.98508E-05 9.98508E-05
0.0243803 9.98683E-05 0.230348 0.0280527 9.98683E-05 0.116481 9.98683E-05 9.98683E-05 0.0941531 9.98683E-05 9.98683E-05 9.98683E-05 9.98683E-05 9.98683E-05 9.98683E-05 0.482566 9.98683E-05 0.0225212 9.98683E-05 9.98683E-05 9.98683E-05 9.98683E-05
9.98334E-05 9.98334E-05 9.98334E-05 9.98334E-05 9.98334E-05 9.98334E-05 9.98334E-05 9.98334E-05 9.98334E-05 9.98334E-05 9.98334E-05 9.98334E-05 9.98334E-05 9.98334E-05 0.0414169 0.918913 0.0377733 9.98334E-05 9.98334E-05 9.98334E-05 9.98334E-05 9.98334E-05
0.0510668 9.98597E-05 9.98597E-05 9.98597E-05 9.98597E-05 0.0185782 9.98597E-05 9.98597E-05 9.98597E-05 0.00339239 9.98597E-05 0.0186907 9.98597E-05 9.98597E-05 9.98597E-05 9.98597E-05 9.98597E-05 9.98597E-05 9.98597E-05 0.848339 0.0583347 9.98597E-05
9.98246E-05 9.98246E-05 9.98246E-05 9.98246E-05 9.98246E-05 9.98246E-05 9.98246E-05 9.98246E-05 9.98246E-05 9.98246E-05 9.98246E-05 9.98246E-05 9.98246E-05 9.98246E-05 9.98246E-05 9.98246E-05 9.98246E-05 9.98246E-05 0.00498235 0.993021 9.98246E-05 9.98246E-05
9.98509E-05 9.98509E-05 9.98509E-05 0.737533 9.98509E-05 9.98509E-05 9.98509E-05 9.98509E-05 0.072802 0.139213 9.98509E-05 0.0234436 9.98509E-05 9.98509E-05 9.98509E-05 9.98509E-05 0.0253111 9.98509E-05 9.98509E-05 9.98509E-05 9.98509E-05 9.98509E-05
9.98511E-05 9.98511E-05 9.98511E-05 9.98511E-05 9.98511E-05 0.00665568 9.98511E-05 9.98511E-05 0.265579 9.98511E-05 0.0837426 0.0288445 9.98511E-05 9.98511E-05 9.98511E-05 0.613481 9.98511E-05 9.98511E-05 9.98511E-05 9.98511E-05 9.98511E-05 9.98511E-05
9.98858E-05 9.98858E-05 0.0594698 0.442341 9.98858E-05 0.0152593 9.98858E-05 9.98858E-05 0.160999 9.98858E-05 9.98858E-05 9.98858E-05 9.98858E-05 0.0103541 0.00926159 0.225375 9.98858E-05 0.0132618 0.0623801 9.98858E-05 9.98858E-05 9.98858E-05
9.98509E-05 0.00816203 9.98509E-05 9.98509E-05 9.98509E-05 0.0138394 9.98509E-05 9.98509E-05 0.0179703 9.98509E-05 9.98509E-05 9.98509E-05 9.98509E-05 9.98509E-05 9.98509E-05 0.196683 9.98509E-05 9.98509E-05 9.98509E-05 0.761648 9.98509E-05 9.98509E-05
9.98509E-05 9.98509E-05 9.98509E-05 9.98509E-05 9.98509E-05 0.195805 9.98509E-05 9.98509E-05 0.0915558 0.0102498 9.98509E-05 9.98509E-05 9.98509E-05 9.98509E-05 9.98509E-05 0.697961 9.98509E-05 9.98509E-05 9.98509E-05 9.98509E-05 0.00273084 9.98509E-05
9.98596E-05 0.00211462 9.98596E-05 0.218623 0.0221049 9.98596E-05 0.262546 9.98596E-05 9.98596E-05 9.98596E-05 9.98596E-05 9.98596E-05 9.98596E-05 9.98596E-05 9.98596E-05 9.98596E-05 9.98596E-05 9.98596E-05 0.0432341 0.44978 9.98596E-05 9.98596E-05
9.98772E-05 9.98772E-05 9.98772E-05 9.98772E-05 9.98772E-05 0.033986 9.98772E-05 9.98772E-05 0.160151 0.134158 9.98772E-05 0.00149342 0.0596366 9.98772E-05 0.040641 0.473855 9.98772E-05 9.98772E-05 9.98772E-05 9.98772E-05 0.0946811 9.98772E-05
0.101405 9.98509E-05 9.98509E-05 0.273594 9.98509E-05 0.330593 9.98509E-05 9.98509E-05 0.236916 9.98509E-05 9.98509E-05 9.98509E-05 9.98509E-05 9.98509E-05 9.98509E-05 9.98509E-05 9.98509E-05 9.98509E-05 0.0557949 9.98509E-05 9.98509E-05 9.98509E-05
9.98508E-05 9.98508E-05 9.98508E-05 0.00631759 0.0163364 9.98508E-05 9.98508E-05 9.98508E-05 9.98508E-05 9.98508E-05 9.98508E-05 9.98508E-05 9.98508E-05 9.98508E-05 9.98508E-05 0.773769 0.0621118 9.98508E-05 9.98508E-05 0.139768 9.98508E-05 9.98508E-05
9.98244E-05 9.98244E-05 9.98244E-05 0.991169 9.98244E-05 9.98244E-05 9.98244E-05 9.98244E-05 0.00683432 9.98244E-05 9.98244E-05 9.98244E-05 9.98244E-05 9.98244E-05 9.98244E-05 9.98244E-05 9.98244E-05 9.98244E-05 9.98244E-05 9.98244E-05 9.98244E-05 9.98244E-05
9.98158E-05 9.98158E-05 9.98158E-05 9.98158E-05 9.98158E-05 9.98158E-05 9.98158E-05 9.98158E-05 9.98158E-05 9.98158E-05 9.98158E-05 9.98158E-05 9.98158E-05 9.98158E-05 9.98158E-05 0.997904 9.98158E-05 9.98158E-05 9.98158E-05 9.98158E-05 9.98158E-05 9.98158E-05
9.9877E-05 9.9877E-05 9.9877E-05 0.193413 9.9877E-05 0.0990074 9.9877E-05 9.9877E-05 0.0962317 9.9877E-05 9.9877E-05 9.9877E-05 0.00393045 0.0361886 0.00563868 0.52552 9.9877E-05 9.9877E-05 0.038672 9.9877E-05 9.9877E-05 9.9877E-05
9.98248E-05 9.98248E-05 9.98248E-05 0.958958 9.98248E-05 9.98248E-05 9.98248E-05 9.98248E-05 9.98248E-05 9.98248E-05 9.98248E-05 9.98248E-05 9.98248E-05 9.98248E-05 9.98248E-05 9.98248E-05 9.98248E-05 9.98248E-05 0.039046 9.98248E-05 9.98248E-05 9.98248E-05
9.9921E-05 0.012179 0.206235 0.130131 0.0577249 9.9921E-05 9.9921E-05 0.0526136 0.191184 0.00210667 9.9921E-05 9.9921E-05 9.9921E-05 0.0619228 9.9921E-05 0.0370255 0.0138506 9.9921E-05 0.0464626 0.144308 0.0433584 9.9921E-05
0.105437 9.9851E-05 9.9851E-05 0.540049 9.9851E-05 0.0820716 9.9851E-05 9.9851E-05 9.9851E-05 9.9851E-05 9.9851E-05 9.9851E-05 9.9851E-05 9.9851E-05 9.9851E-05 0.153653 0.117092 9.9851E-05 9.9851E-05 9.9851E-05 9.9851E-05 9.9851E-05
9.98248E-05 9.98248E-05 9.98248E-05 9.98248E-05 0.0028265 9.98248E-05 9.98248E-05 9.98248E-05 9.98248E-05 9.98248E-05 9.98248E-05 9.98248E-05 9.98248E-05 9.98248E-05 9.98248E-05 0.995177 9.98248E-05 9.98248E-05 9.98248E-05 9.98248E-05 9.98248E-05 9.98248E-05
9.98245E-05 9.98245E-05 9.98245E-05 0.908727 9.98245E-05 9.98245E-05 9.98245E-05 9.98245E-05 9.98245E-05 9.98245E-05 9.98245E-05 9.98245E-05 9.98245E-05 0.0892767 9.98245E-05 9.98245E-05 9.98245E-05 9.98245E-05 9.98245E-05 9.98245E-05 9.98245E-05 9.98245E-05
9.9851E-05 0.013347 9.9851E-05 9.9851E-05 9.9851E-05 9.9851E-05 9.9851E-05 9.9851E-05 0.0496816 9.9851E-05 9.9851E-05 9.9851E-05 9.9851E-05 9.9851E-05 9.9851E-05 0.75376 9.9851E-05 9.9851E-05 9.9851E-05 0.114354 9.9851E-05 0.0671607
9.98598E-05 0.0874242 9.98598E-05 9.98598E-05 9.98598E-05 9.98598E-05 9.98598E-05 0.0152208 9.98598E-05 9.98598E-05 9.98598E-05 9.98598E-05 9.98598E-05 0.0282202 9.98598E-05 0.801348 0.0333263 9.98598E-05 0.0328627 9.98598E-05 9.98598E-05 9.98598E-05
9.9842E-05 9.9842E-05 9.9842E-05 9.9842E-05 0.0463165 9.9842E-05 9.9842E-05 9.9842E-05 0.0196921 9.9842E-05 9.9842E-05 9.9842E-05 9.9842E-05 9.9842E-05 9.9842E-05 9.9842E-05 9.9842E-05 9.9842E-05 0.0215167 0.910678 9.9842E-05 9.9842E-05
0.0265658 9.98333E-05 9.98333E-05 9.98333E-05 9.98333E-05 9.98333E-05 9.98333E-05 9.98333E-05 0.014039 9.98333E-05 9.98333E-05 9.98333E-05 9.98333E-05 9.98333E-05 9.98333E-05 9.98333E-05 9.98333E-05 9.98333E-05 9.98333E-05 0.957498 9.98333E-05 9.98333E-05
0.0181893 9.98421E-05 9.98421E-05 0.777935 9.98421E-05 9.98421E-05 9.98421E-05 9.98421E-05 9.98421E-05 0.00441404 9.98421E-05 9.98421E-05 9.98421E-05 9.98421E-05 9.98421E-05 0.197665 9.98421E-05 9.98421E-05 9.98421E-05 9.98421E-05 9.98421E-05 9.98421E-05
9.98682E-05 0.0443886 9.98682E-05 9.98682E-05 0.0307558 9.98682E-05 9.98682E-05 9.98682E-05 0.0550632 0.0582556 9.98682E-05 0.00186164 0.777614 9.98682E-05 0.0305635 9.98682E-05 9.98682E-05 9.98682E-05 9.98682E-05 9.98682E-05 9.98682E-05 9.98682E-05
9.98247E-05 9.98247E-05 9.98247E-05 9.98247E-05 9.98247E-05 9.98247E-05 9.98247E-05 9.98247E-05 9.98247E-05 9.98247E-05 9.98247E-05 9.98247E-05 0.993665 9.98247E-05 9.98247E-05 9.98247E-05 9.98247E-05 9.98247E-05 9.98247E-05 9.98247E-05 0.00433811 9.98247E-05
9.98246E-05 9.98246E-05 9.98246E-05 9.98246E-05 0.0300284 9.98246E-05 9.98246E-05 9.98246E-05 9.98246E-05 9.98246E-05 9.98246E-05 9.98246E-05 0.967975 9.98246E-05 9.98246E-05 9.98246E-05 9.98246E-05 9.98246E-05 9.98246E-05 9.98246E-05 9.98246E-05 9.98246E-05
9.98596E-05 9.98596E-05 0.162919 9.98596E-05 9.98596E-05 9.98596E-05 9.98596E-05 9.98596E-05 0.0431364 0.148916 9.98596E-05 0.219715 0.373107 9.98596E-05 9.98596E-05 9.98596E-05 9.98596E-05 0.0506085 9.98596E-05 9.98596E-05 9.98596E-05 9.98596E-05
9.98857E-05 9.98857E-05 9.98857E-05 9.98857E-05 0.0159379 0.0576114 9.98857E-05 0.0182459 0.0284689 0.0807049 9.98857E-05 9.98857E-05 0.692485 9.98857E-05 9.98857E-05 9.98857E-05 0.0696975 0.0243349 0.0112157 9.98857E-05 9.98857E-05 9.98857E-05
9.98417E-05 9.98417E-05 9.98417E-05 9.98417E-05 9.98417E-05 0.0579851 9.98417E-05 9.98417E-05 0.177393 0.0421702 9.98417E-05 9.98417E-05 0.720654 9.98417E-05 9.98417E-05 9.98417E-05 9.98417E-05 9.98417E-05 9.98417E-05 9.98417E-05 9.98417E-05 9.98417E-05
0.0323444 9.98506E-05 9.98506E-05 9.98506E-05 9.98506E-05 9.98506E-05 9.98506E-05 9.98506E-05 0.10249 9.98506E-05 9.98506E-05 0.260597 0.59944 9.98506E-05 0.00343121 9.98506E-05 9.98506E-05 9.98506E-05 9.98506E-05 9.98506E-05 9.98506E-05 9.98506E-05
9.98769E-05 9.98769E-05 0.0338453 9.98769E-05 0.0765781 9.98769E-05 9.98769E-05 9.98769E-05 0.0645682 0.0904269 9.98769E-05 0.11471 0.570705 9.98769E-05 9.98769E-05 9.98769E-05 9.98769E-05 0.0287305 0.0190384 9.98769E-05 9.98769E-05 9.98769E-05
9.98158E-05 9.98158E-05 9.98158E-05 9.98158E-05 9.98158E-05 9.98158E-05 9.98158E-05 9.98158E-05 9.98158E-05 9.98158E-05 9.98158E-05 9.98158E-05 0.997904 9.98158E-05 9.98158E-05 9.98158E-05 9.98158E-05 9.98158E-05 9.98158E-05 9.98158E-05 9.98158E-05 9.98158E-05
0.0341851 9.98595E-05 9.98595E-05 9.98595E-05 9.98595E-05 9.98595E-05 9.98595E-05 9.98595E-05 9.98595E-05 0.0439908 9.98595E-05 9.98595E-05 0.813274 9.98595E-05 0.081663 9.98595E-05 9.98595E-05 9.98595E-05 0.0125898 0.0126991 9.98595E-05 9.98595E-05
9.98417E-05 9.98417E-05 9.98417E-05 9.98417E-05 9.98417E-05 9.98417E-05 9.98417E-05 9.98417E-05 0.261849 0.0555944 9.98417E-05 9.98417E-05 0.530845 9.98417E-05 0.149914 9.98417E-05 9.98417E-05 9.98417E-05 9.98417E-05 9.98417E-05 9.98417E-05 9.98417E-05
9.98946E-05 0.156749 9.98946E-05 9.98946E-05 0.0260888 0.0552025 9.98946E-05 9.98946E-05 0.0641588 9.98946E-05 9.98946E-05 0.0482519 0.464244 0.0598196 0.0717993 9.98946E-05 9.98946E-05 0.0176102 0.0348773 9.98946E-05 9.98946E-05 9.98946E-05
9.98594E-05 9.98594E-05 0.0300029 9.98594E-05 9.98594E-05 9.98594E-05 9.98594E-05 0.0977598 9.98594E-05 0.122462 9.98594E-05 9.98594E-05 0.592042 0.0668444 0.089291 9.98594E-05 9.98594E-05 9.98594E-05 9.98594E-05 9.98594E-05 9.98594E-05 9.98594E-05
9.98507E-05 9.98507E-05 9.98507E-05 9.98507E-05 9.98507E-05 0.105147 9.98507E-05 0.0263719 0.292338 9.98507E-05 9.98507E-05 9.98507E-05 0.529852 9.98507E-05 9.98507E-05 9.98507E-05 9.98507E-05 9.98507E-05 9.98507E-05 9.98507E-05 0.0445931 9.98507E-05
9.98424E-05 9.98424E-05 0.0233007 9.98424E-05 9.98424E-05 9.98424E-05 9.98424E-05 9.98424E-05 9.98424E-05 9.98424E-05 9.98424E-05 9.98424E-05 0.899146 0.0540698 9.98424E-05 9.98424E-05 9.98424E-05 9.98424E-05 0.0216859 9.98424E-05 9.98424E-05 9.98424E-05
9.98247E-05 9.98247E-05 9.98247E-05 9.98247E-05 9.98247E-05 9.98247E-05 9.98247E-05 9.98247E-05 9.98247E-05 0.0371377 9.98247E-05 9.98247E-05 0.960866 9.98247E-05 9.98247E-05 9.98247E-05 9.98247E-05 9.98247E-05 9.98247E-05 9.98247E-05 9.98247E-05 9.98247E-05
9.98682E-05 9.98682E-05 0.122759 9.98682E-05 0.0219342 9.98682E-05 9.98682E-05 0.0714646 0.010659 9.98682E-05 9.98682E-05 9.98682E-05 0.569447 9.98682E-05 9.98682E-05 9.98682E-05 9.98682E-05 0.0756906 0.126548 9.98682E-05 9.98682E-05 9.98682E-05
0.0276008 9.98594E-05 9.98594E-05 9.98594E-05 9.98594E-05 0.199206 9.98594E-05 9.98594E-05 9.98594E-05 0.0122368 9.98594E-05 9.98594E-05 0.500658 9.98594E-05 0.14458 9.98594E-05 9.98594E-05 9.98594E-05 0.11412 9.98594E-05 9.98594E-05 9.98594E-05
9.9842E-05 9.9842E-05 9.9842E-05 9.9842E-05 0.0842086 9.9842E-05 9.9842E-05 9.9842E-05 0.0421157 9.9842E-05 9.9842E-05 9.9842E-05 0.851576 9.9842E-05 0.0203024 9.9842E-05 9.9842E-05 9.9842E-05 9.9842E-05 9.9842E-05 9.9842E-05 9.9842E-05
9.98593E-05 9.98593E-05 9.98593E-05 9.98593E-05 0.022598 9.98593E-05 9.98593E-05 9.98593E-05 0.21528 9.98593E-05 9.98593E-05 9.98593E-05 0.665332 0.0364016 0.0403217 9.98593E-05 9.98593E-05 9.98593E-05 0.0184693 9.98593E-05 9.98593E-05 9.98593E-05
9.98249E-05 9.98249E-05 9.98249E-05 9.98249E-05 9.98249E-05 9.98249E-05 0.0805295 9.98249E-05 9.98249E-05 9.98249E-05 9.98249E-05 9.98249E-05 0.917474 9.98249E-05 9.98249E-05 9.98249E-05 9.98249E-05 9.98249E-05 9.98249E-05 9.98249E-05 9.98249E-05 9.98249E-05
9.9877E-05 0.0187997 9.9877E-05 9.9877E-05 9.9877E-05 0.258954 9.9877E-05 9.9877E-05 0.0219742 9.9877E-05 9.9877E-05 0.0215134 0.562211 9.9877E-05 9.9877E-05 9.9877E-05 0.0505743 9.9877E-05 0.047059 9.9877E-05 9.9877E-05 0.0175162
9.98859E-05 0.025784 0.227797 9.98859E-05 0.000195658 0.0257129 9.98859E-05 9.98859E-05 0.0375958 9.98859E-05 9.98859E-05 0.0561779 0.588441 9.98859E-05 9.98859E-05 0.0268427 0.0101542 9.98859E-05 9.98859E-05 9.98859E-05 9.98859E-05 9.98859E-05
9.98771E-05 9.98771E-05 0.00760259 9.98771E-05 0.0346535 9.98771E-05 9.98771E-05 9.98771E-05 9.98771E-05 0.0515341 9.98771E-05 9.98771E-05 0.667021 0.0153453 9.98771E-05 9.98771E-05 9.98771E-05 0.00123637 0.144809 9.98771E-05 0.0763993 9.98771E-05
9.98243E-05 9.98243E-05 9.98243E-05 9.98243E-05 9.98243E-05 9.98243E-05 9.98243E-05 9.98243E-05 9.98243E-05 9.98243E-05 9.98243E-05 9.98243E-05 0.822896 9.98243E-05 0.175108 9.98243E-05 9.98243E-05 9.98243E-05 9.98243E-05 9.98243E-05 9.98243E-05 9.98243E-05
9.98336E-05 9.98336E-05 9.98336E-05 9.98336E-05 9.98336E-05 9.98336E-05 9.98336E-05 9.98336E-05 9.98336E-05 0.0546354 9.98336E-05 9.98336E-05 0.895806 9.98336E-05 9.98336E-05 9.98336E-05 0.0476613 9.98336E-05 9.98336E-05 9.98336E-05 9.98336E-05 9.98336E-05
9.98247E-05 9.98247E-05 9.98247E-05 9.98247E-05 9.98247E-05 9.98247E-05 9.98247E-05 9.98247E-05 9.98247E-05 9.98247E-05 9.98247E-05 9.98247E-05 0.98389 9.98247E-05 9.98247E-05 9.98247E-05 9.98247E-05 9.98247E-05 9.98247E-05 0.0141138 9.98247E-05 9.98247E-05
9.98159E-05 9.98159E-05 9.98159E-05 9.98159E-05 9.98159E-05 9.98159E-05 9.98159E-05 9.98159E-05 9.98159E-05 9.98159E-05 9.98159E-05 9.98159E-05 0.997904 9.98159E-05 9.98159E-05 9.98159E-05 9.98159E-05 9.98159E-05 9.98159E-05 9.98159E-05 9.98159E-05 9.98159E-05
9.98246E-05 9.98246E-05 9.98246E-05 9.98246E-05 0.0921535 9.98246E-05 9.98246E-05 9.98246E-05 9.98246E-05 9.98246E-05 9.98246E-05 9.98246E-05 0.90585 9.98246E-05 9.98246E-05 9.98246E-05 9.98246E-05 9.98246E-05 9.98246E-05 9.98246E-05 9.98246E-05 9.98246E-05
9.98423E-05 9.98423E-05 9.98423E-05 9.98423E-05 9.98423E-05 9.98423E-05 0.281526 9.98423E-05 0.124312 0.0350643 9.98423E-05 9.98423E-05 0.5573 9.98423E-05 9.98423E-05 9.98423E-05 9.98423E-05 9.98423E-05 9.98423E-05 9.98423E-05 9.98423E-05 9.98423E-05
9.98333E-05 9.98333E-05 0.81595 9.98333E-05 9.98333E-05 9.98333E-05 9.98333E-05 9.98333E-05 0.137837 0.0443158 9.98333E-05 9.98333E-05 9.98333E-05 9.98333E-05 9.98333E-05 9.98333E-05 9.98333E-05 9.98333E-05 9.98333E-05 9.98333E-05 9.98333E-05 9.98333E-05
9.98332E-05 9.98332E-05 0.225378 9.98332E-05 9.98332E-05 9.98332E-05 0.764066 9.98332E-05 9.98332E-05 0.00865968 9.98332E-05 9.98332E-05 9.98332E-05 9.98332E-05 9.98332E-05 9.98332E-05 9.98332E-05 9.98332E-05 9.98332E-05 9.98332E-05 9.98332E-05 9.98332E-05
9.98595E-05 9.98595E-05 0.740306 9.98595E-05 0.0173577 0.0733265 9.98595E-05 0.0214366 0.0454576 9.98595E-05 9.98595E-05 9.98595E-05 9.98595E-05 9.98595E-05 9.98595E-05 9.98595E-05 9.98595E-05 9.98595E-05 9.98595E-05 9.98595E-05 9.98595E-05 0.100518
9.98419E-05 9.98419E-05 0.82043 9.98419E-05 0.0356044 9.98419E-05 9.98419E-05 9.98419E-05 0.111722 0.0304465 9.98419E-05 9.98419E-05 9.98419E-05 9.98419E-05 9.98419E-05 9.98419E-05 9.98419E-05 9.98419E-05 9.98419E-05 9.98419E-05 9.98419E-05 9.98419E-05
9.98243E-05 9.98243E-05 0.904616 9.98243E-05 9.98243E-05 9.98243E-05 9.98243E-05 9.98243E-05 9.98243E-05 0.0933877 9.98243E-05 9.98243E-05 9.98243E-05 9.98243E-05 9.98243E-05 9.98243E-05 9.98243E-05 9.98243E-05 9.98243E-05 9.98243E-05 9.98243E-05 9.98243E-05
0.0915578 9.98422E-05 0.561133 9.98422E-05 9.98422E-05 9.98422E-05 9.98422E-05 9.98422E-05 0.126512 0.219 9.98422E-05 9.98422E-05 9.98422E-05 9.98422E-05 9.98422E-05 9.98422E-05 9.98422E-05 9.98422E-05 9.98422E-05 9.98422E-05 9.98422E-05 9.98422E-05
9.98508E-05 9.98508E-05 0.712046 9.98508E-05 0.0460126 0.0551815 9.98508E-05 9.98508E-05 0.0520005 0.133062 9.98508E-05 9.98508E-05 9.98508E-05 9.98508E-05 9.98508E-05 9.98508E-05 9.98508E-05 9.98508E-05 9.98508E-05 9.98508E-05 9.98508E-05 9.98508E-05
9.98245E-05 9.98245E-05 0.796706 9.98245E-05 9.98245E-05 9.98245E-05 9.98245E-05 9.98245E-05 9.98245E-05 0.201298 9.98245E-05 9.98245E-05 9.98245E-05 9.98245E-05 9.98245E-05 9.98245E-05 9.98245E-05 9.98245E-05 9.98245E-05 9.98245E-05 9.98245E-05 9.98245E-05
9.98507E-05 9.98507E-05 0.414149 9.98507E-05 9.98507E-05 9.98507E-05 9.98507E-05 9.98507E-05 0.00876632 0.329699 9.98507E-05 0.234818 9.98507E-05 9.98507E-05 9.98507E-05 9.98507E-05 9.98507E-05 9.98507E-05 9.98507E-05 9.98507E-05 9.98507E-05 0.0108707
0.0546877 9.98771E-05 0.496803 9.98771E-05 0.00373884 0.0182768 9.98771E-05 0.00427216 0.241256 0.141723 9.98771E-05 9.98771E-05 9.98771E-05 9.98771E-05 9.98771E-05 9.98771E-05 9.98771E-05 9.98771E-05 9.98771E-05 9.98771E-05 9.98771E-05 0.0378448
9.98509E-05 9.98509E-05 0.341103 9.98509E-05 9.98509E-05 9.98509E-05 9.98509E-05 9.98509E-05 0.0461036 0.0060996 0.425724 0.179273 9.98509E-05 9.98509E-05 9.98509E-05 9.98509E-05 9.98509E-05 9.98509E-05 9.98509E-05 9.98509E-05 9.98509E-05 9.98509E-05
9.98597E-05 9.98597E-05 0.665697 9.98597E-05 9.98597E-05 9.98597E-05 9.98597E-05 9.98597E-05 0.0719695 9.98597E-05 0.084536 0.124513 9.98597E-05 9.98597E-05 0.00965139 9.98597E-05 9.98597E-05 9.98597E-05 9.98597E-05 0.0420347 9.98597E-05 9.98597E-05
9.98423E-05 9.98423E-05 0.784213 9.98423E-05 0.00700085 9.98423E-05 9.98423E-05 9.98423E-05 9.98423E-05 0.112869 0.0941198 9.98423E-05 9.98423E-05 9.98423E-05 9.98423E-05 9.98423E-05 9.98423E-05 9.98423E-05 9.98423E-05 9.98423E-05 9.98423E-05 9.98423E-05
9.9851E-05 9.9851E-05 0.433869 9.9851E-05 9.9851E-05 9.9851E-05 9.9851E-05 9.9851E-05 0.262567 0.123251 0.169464 9.9851E-05 9.9851E-05 9.9851E-05 9.9851E-05 9.9851E-05 9.9851E-05 9.9851E-05 9.9851E-05 9.9851E-05 0.0091519 9.9851E-05
9.98597E-05 9.98597E-05 0.632521 9.98597E-05 0.130321 9.98597E-05 9.98597E-05 9.98597E-05 9.98597E-05 0.0677015 0.144511 9.98597E-05 9.98597E-05 0.0214642 0.00188365 9.98597E-05 9.98597E-05 9.98597E-05 9.98597E-05 9.98597E-05 9.98597E-05 9.98597E-05
0.0277947 9.98684E-05 0.666596 9.98684E-05 9.98684E-05 9.98684E-05 0.0607707 9.98684E-05 0.125204 0.00370423 9.98684E-05 0.102342 9.98684E-05 9.98684E-05 0.0120903 9.98684E-05 9.98684E-05 9.98684E-05 9.98684E-05 9.98684E-05 9.98684E-05 9.98684E-05
9.98683E-05 0.0219455 0.436655 9.98683E-05 9.98683E-05 9.98683E-05 9.98683E-05 9.98683E-05 0.0814553 0.0904519 0.112126 0.187362 9.98683E-05 9.98683E-05 9.98683E-05 9.98683E-05 0.0685064 9.98683E-05 9.98683E-05 9.98683E-05 9.98683E-05 9.98683E-05
0.00541549 9.98774E-05 0.690312 0.014539 9.98774E-05 0.0770968 0.0276146 9.98774E-05 9.98774E-05 0.158097 0.00196676 9.98774E-05 9.98774E-05 9.98774E-05 9.98774E-05 9.98774E-05 9.98774E-05 0.0235597 9.98774E-05 9.98774E-05 9.98774E-05 9.98774E-05
0.0262527 9.98509E-05 0.80025 9.98509E-05 9.98509E-05 9.98509E-05 9.98509E-05 9.98509E-05 9.98509E-05 9.98509E-05 0.141204 9.98509E-05 9.98509E-05 0.000464513 0.0301317 9.98509E-05 9.98509E-05 9.98509E-05 9.98509E-05 9.98509E-05 9.98509E-05 9.98509E-05
9.98772E-05 0.0178123 0.316349 9.98772E-05 9.98772E-05 9.98772E-05 0.322984 9.98772E-05 0.118149 0.109319 9.98772E-05 9.98772E-05 0.00517427 0.0217793 0.0870346 9.98772E-05 9.98772E-05 9.98772E-05 9.98772E-05 9.98772E-05 9.98772E-05 9.98772E-05
0.0538541 9.98596E-05 0.647939 9.98596E-05 9.98596E-05 9.98596E-05 9.98596E-05 9.98596E-05 0.0985217 0.0530435 0.0552561 0.0897878 9.98596E-05 9.98596E-05 9.98596E-05 9.98596E-05 9.98596E-05 9.98596E-05 9.98596E-05 9.98596E-05 9.98596E-05 9.98596E-05
9.98421E-05 9.98421E-05 0.815589 9.98421E-05 0.06355 9.98421E-05 9.98421E-05 9.98421E-05 0.0999756 9.98421E-05 0.0190883 9.98421E-05 9.98421E-05 9.98421E-05 9.98421E-05 9.98421E-05 9.98421E-05 9.98421E-05 9.98421E-05 9.98421E-05 9.98421E-05 9.98421E-05
9.98595E-05 9.98595E-05 0.437901 9.98595E-05 9.98595E-05 9.98595E-05 9.98595E-05 9.98595E-05 0.202396 0.244606 9.98595E-05 0.00908284 9.98595E-05 9.98595E-05 9.98595E-05 9.98595E-05 0.0800546 9.98595E-05 0.0243617 9.98595E-05 9.98595E-05 9.98595E-05
9.98421E-05 9.98421E-05 0.592846 9.98421E-05 9.98421E-05 9.98421E-05 9.98421E-05 9.98421E-05 9.98421E-05 0.211937 0.168539 9.98421E-05 9.98421E-05 9.98421E-05 9.98421E-05 9.98421E-05 9.98421E-05 9.98421E-05 9.98421E-05 9.98421E-05 9.98421E-05 0.0248811
9.98596E-05 9.98596E-05 0.351021 9.98596E-05 9.98596E-05 9.98596E-05 9.98596E-05 9.98596E-05 0.288805 0.239286 9.98596E-05 0.039508 9.98596E-05 9.98596E-05 0.0702784 9.98596E-05 0.00950385 9.98596E-05 9.98596E-05 9.98596E-05 9.98596E-05 9.98596E-05
9.98597E-05 9.98597E-05 0.33571 9.98597E-05 9.98597E-05 9.98597E-05 9.98597E-05 9.98597E-05 0.113526 0.108614 0.313054 0.0714593 0.056039 9.98597E-05 9.98597E-05 9.98597E-05 9.98597E-05 9.98597E-05 9.98597E-05 9.98597E-05 9.98597E-05 9.98597E-05
9.98508E-05 0.0138567 0.0936449 9.98508E-05 9.98508E-05 9.98508E-05 0.764685 9.98508E-05 9.98508E-05 9.98508E-05 9.98508E-05 9.98508E-05 9.98508E-05 9.98508E-05 9.98508E-05 9.98508E-05 9.98508E-05 0.00712849 9.98508E-05 9.98508E-05 0.118988 9.98508E-05
9.98418E-05 9.98418E-05 0.85456 9.98418E-05 9.98418E-05 9.98418E-05 9.98418E-05 9.98418E-05 0.0194977 0.10046 9.98418E-05 9.98418E-05 9.98418E-05 9.98418E-05 9.98418E-05 9.98418E-05 9.98418E-05 9.98418E-05 0.0236853 9.98418E-05 9.98418E-05 9.98418E-05
9.98421E-05 9.98421E-05 0.587199 9.98421E-05 9.98421E-05 9.98421E-05 9.98421E-05 9.98421E-05 0.124328 0.251736 9.98421E-05 0.0349399 9.98421E-05 9.98421E-05 9.98421E-05 9.98421E-05 9.98421E-05 9.98421E-05 9.98421E-05 9.98421E-05 9.98421E-05 9.98421E-05
9.98509E-05 9.98509E-05 0.810998 9.98509E-05 9.98509E-05 9.98509E-05 0.00218289 9.98509E-05 0.0537489 9.98509E-05 9.98509E-05 9.98509E-05 9.98509E-05 9.98509E-05 0.0652598 9.98509E-05 0.0661127 9.98509E-05 9.98509E-05 9.98509E-05 9.98509E-05 9.98509E-05
9.98597E-05 9.98597E-05 0.647487 9.98597E-05 9.98597E-05 9.98597E-05 9.98597E-05 9.98597E-05 0.145785 0.00141816 0.081073 9.98597E-05 9.98597E-05 0.111049 0.0115901 9.98597E-05 9.98597E-05 9.98597E-05 9.98597E-05 9.98597E-05 9.98597E-05 9.98597E-05
9.98334E-05 9.98334E-05 0.987109 9.98334E-05 9.98334E-05 9.98334E-05 9.98334E-05 9.98334E-05 9.98334E-05 9.98334E-05 9.98334E-05 9.98334E-05 9.98334E-05 0.0092971 9.98334E-05 9.98334E-05 0.00169728 9.98334E-05 9.98334E-05 9.98334E-05 9.98334E-05 9.98334E-05
9.98419E-05 9.98419E-05 0.34754 9.98419E-05 9.98419E-05 9.98419E-05 9.98419E-05 9.98419E-05 0.214671 0.260558 9.98419E-05 9.98419E-05 9.98419E-05 9.98419E-05 9.98419E-05 9.98419E-05 0.175434 9.98419E-05 9.98419E-05 9.98419E-05 9.98419E-05 9.98419E-05
9.98331E-05 9.98331E-05 0.850165 9.98331E-05 9.98331E-05 0.113097 9.98331E-05 9.98331E-05 0.0348415 9.98331E-05 9.98331E-05 9.98331E-05 9.98331E-05 9.98331E-05 9.98331E-05 9.98331E-05 9.98331E-05 9.98331E-05 9.98331E-05 9.98331E-05 9.98331E-05 9.98331E-05
9.98421E-05 9.98421E-05 0.831498 9.98421E-05 9.98421E-05 9.98421E-05 9.98421E-05 9.98421E-05 0.0716284 0.0413517 0.0537249 9.98421E-05 9.98421E-05 9.98421E-05 9.98421E-05 9.98421E-05 9.98421E-05 9.98421E-05 9.98421E-05 9.98421E-05 9.98421E-05 9.98421E-05
9.98596E-05 9.98596E-05 0.694798 9.98596E-05 9.98596E-05 0.0280776 9.98596E-05 9.98596E-05 9.98596E-05 0.0276862 0.157811 0.079475 9.98596E-05 9.98596E-05 0.0105547 9.98596E-05 9.98596E-05 9.98596E-05 9.98596E-05 9.98596E-05 9.98596E-05 9.98596E-05
9.98507E-05 9.98507E-05 0.6791 9.98507E-05 0.0574121 9.98507E-05 9.98507E-05 9.98507E-05 0.215998 0.0192803 9.98507E-05 9.98507E-05 9.98507E-05 9.98507E-05 0.0265115 9.98507E-05 9.98507E-05 9.98507E-05 9.98507E-05 9.98507E-05 9.98507E-05 9.98507E-05
0.00998376 9.9842E-05 0.205273 9.9842E-05 9.9842E-05 9.9842E-05 9.9842E-05 9.9842E-05 9.9842E-05 0.0757696 0.707176 9.9842E-05 9.9842E-05 9.9842E-05 9.9842E-05 9.9842E-05 9.9842E-05 9.9842E-05 9.9842E-05 9.9842E-05 9.9842E-05 9.9842E-05
9.98685E-05 9.98685E-05 0.700588 9.98685E-05 9.98685E-05 9.98685E-05 0.0912529 9.98685E-05 0.0684721 0.0316154 0.0932087 9.98685E-05 9.98685E-05 9.98685E-05 0.00125047 9.98685E-05 0.012114 9.98685E-05 9.98685E-05 9.98685E-05 9.98685E-05 9.98685E-05
9.98423E-05 9.98423E-05 0.619864 9.98423E-05 9.98423E-05 9.98423E-05 0.117028 0.039127 9.98423E-05 9.98423E-05 0.222183 9.98423E-05 9.98423E-05 9.98423E-05 9.98423E-05 9.98423E-05 9.98423E-05 9.98423E-05 9.98423E-05 9.98423E-05 9.98423E-05 9.98423E-05
9.98422E-05 9.98422E-05 0.289512 9.98422E-05 9.98422E-05 9.98422E-05 9.98422E-05 9.98422E-05 9.98422E-05 0.0300895 0.624003 9.98422E-05 9.98422E-05 9.98422E-05 9.98422E-05 9.98422E-05 0.0545985 9.98422E-05 9.98422E-05 9.98422E-05 9.98422E-05 9.98422E-05
9.98595E-05 9.98595E-05 0.346763 9.98595E-05 9.98595E-05 9.98595E-05 0.0433628 0.0171323 0.284717 0.153095 9.98595E-05 0.153332 9.98595E-05 9.98595E-05 9.98595E-05 9.98595E-05 9.98595E-05 9.98595E-05 9.98595E-05 9.98595E-05 9.98595E-05 9.98595E-05
9.98421E-05 0.082477 0.747179 9.98421E-05 9.98421E-05 9.98421E-05 9.98421E-05 9.98421E-05 9.98421E-05 0.15984 0.00870663 9.98421E-05 9.98421E-05 9.98421E-05 9.98421E-05 9.98421E-05 9.98421E-05 9.98421E-05 9.98421E-05 9.98421E-05 9.98421E-05 9.98421E-05
9.98596E-05 9.98596E-05 0.0220513 9.98596E-05 9.98596E-05 9.98596E-05 0.562335 9.98596E-05 0.0744238 0.105031 0.208178 9.98596E-05 9.98596E-05 9.98596E-05 9.98596E-05 9.98596E-05 0.0263834 9.98596E-05 9.98596E-05 9.98596E-05 9.98596E-05 9.98596E-05
9.98421E-05 9.98421E-05 0.294448 9.98421E-05 9.98421E-05 9.98421E-05 9.98421E-05 9.98421E-05 0.044579 9.98421E-05 0.611437 9.98421E-05 9.98421E-05 9.98421E-05 9.98421E-05 0.0477383 9.98421E-05 9.98421E-05 9.98421E-05 9.98421E-05 9.98421E-05 9.98421E-05
9.98683E-05 9.98683E-05 0.550375 9.98683E-05 0.0360219 0.0164882 9.98683E-05 9.98683E-05 9.98683E-05 0.15964 9.98683E-05 0.157359 9.98683E-05 9.98683E-05 0.0132213 9.98683E-05 0.0653966 9.98683E-05 9.98683E-05 9.98683E-05 9.98683E-05 9.98683E-05
9.98685E-05 9.98685E-05 0.586012 9.98685E-05 9.98685E-05 9.98685E-05 9.98685E-05 9.98685E-05 0.0802021 0.0946005 0.0307264 9.98685E-05 0.198178 9.98685E-05 0.00772857 9.98685E-05 9.98685E-05 9.98685E-05 9.98685E-05 9.98685E-05 9.98685E-05 0.00105457
9.98773E-05 9.98773E-05 0.521842 9.98773E-05 9.98773E-05 0.0470467 9.98773E-05 9.98773E-05 0.0212757 0.149156 0.0654745 0.090951 9.98773E-05 9.98773E-05 9.98773E-05 9.98773E-05 9.98773E-05 9.98773E-05 9.98773E-05 9.98773E-05 0.102124 0.000731593
9.98684E-05 9.98684E-05 0.365508 9.98684E-05 9.98684E-05 0.0565481 9.98684E-05 9.98684E-05 0.209607 0.292376 9.98684E-05 9.98684E-05 0.00209823 9.98684E-05 0.0263691 9.98684E-05 0.0459947 9.98684E-05 9.98684E-05 9.98684E-05 9.98684E-05 9.98684E-05
9.98509E-05 9.98509E-05 0.340971 9.98509E-05 9.98509E-05 9.98509E-05 0.0322476 9.98509E-05 0.0500802 9.98509E-05 0.574547 9.98509E-05 9.98509E-05 9.98509E-05 9.98509E-05 9.98509E-05 0.000456648 9.98509E-05 9.98509E-05 9.98509E-05 9.98509E-05 9.98509E-05
0.166104 9.98419E-05 0.741829 9.98419E-05 9.98419E-05 9.98419E-05 9.98419E-05 9.98419E-05 0.0781545 9.98419E-05 9.98419E-05 9.98419E-05 9.98419E-05 9.98419E-05 9.98419E-05 9.98419E-05 9.98419E-05 0.0121157 9.98419E-05 9.98419E-05 9.98419E-05 9.98419E-05
9.98333E-05 9.98333E-05 0.0716994 9.98333E-05 9.98333E-05 9.98333E-05 0.839452 9.98333E-05 9.98333E-05 0.0869523 9.98333E-05 9.98333E-05 9.98333E-05 9.98333E-05 9.98333E-05 9.98333E-05 9.98333E-05 9.98333E-05 9.98333E-05 9.98333E-05 9.98333E-05 9.98333E-05
9.98598E-05 9.98598E-05 0.562209 9.98598E-05 0.0378301 9.98598E-05 0.127349 9.98598E-05 0.0740251 0.0852381 0.111751 9.98598E-05 9.98598E-05 9.98598E-05 9.98598E-05 9.98598E-05 9.98598E-05 9.98598E-05 9.98598E-05 9.98598E-05 9.98598E-05 9.98598E-05
9.98421E-05 9.98421E-05 0.913249 9.98421E-05 9.98421E-05 9.98421E-05 9.98421E-05 9.98421E-05 9.98421E-05 0.012486 9.98421E-05 0.0420752 9.98421E-05 0.0303924 9.98421E-05 9.98421E-05 9.98421E-05 9.98421E-05 9.98421E-05 9.98421E-05 9.98421E-05 9.98421E-05
0.053486 9.98332E-05 0.940448 9.98332E-05 9.98332E-05 9.98332E-05 9.98332E-05 9.98332E-05 9.98332E-05 9.98332E-05 9.98332E-05 9.98332E-05 9.98332E-05 9.98332E-05 0.00416956 9.98332E-05 9.98332E-05 9.98332E-05 9.98332E-05 9.98332E-05 9.98332E-05 9.98332E-05
9.98419E-05 9.98419E-05 0.565001 9.98419E-05 9.98419E-05 9.98419E-05 9.98419E-05 9.98419E-05 0.0931467 0.162519 9.98419E-05 0.177536 9.98419E-05 9.98419E-05 9.98419E-05 9.98419E-05 9.98419E-05 9.98419E-05 9.98419E-05 9.98419E-05 9.98419E-05 9.98419E-05
9.98332E-05 9.98332E-05 0.745339 9.98332E-05 9.98332E-05 9.98332E-05 9.98332E-05 9.98332E-05 0.114647 0.138117 9.98332E-05 9.98332E-05 9.98332E-05 9.98332E-05 9.98332E-05 9.98332E-05 9.98332E-05 9.98332E-05 9.98332E-05 9.98332E-05 9.98332E-05 9.98332E-05
9.98421E-05 9.98421E-05 0.840968 9.98421E-05 9.98421E-05 9.98421E-05 9.98421E-05 9.98421E-05 0.0542649 9.98421E-05 9.98421E-05 9.98421E-05 9.98421E-05 0.0634769 0.0394925 9.98421E-05 9.98421E-05 9.98421E-05 9.98421E-05 9.98421E-05 9.98421E-05 9.98421E-05
9.98333E-05 9.98333E-05 0.812012 9.98333E-05 9.98333E-05 9.98333E-05 9.98333E-05 9.98333E-05 0.0527117 9.98333E-05 9.98333E-05 9.98333E-05 9.98333E-05 9.98333E-05 9.98333E-05 9.98333E-05 0.133379 9.98333E-05 9.98333E-05 9.98333E-05 9.98333E-05 9.98333E-05
9.98598E-05 9.98598E-05 0.689773 9.98598E-05 9.98598E-05 9.98598E-05 0.0813014 9.98598E-05 0.0102164 0.106312 0.0696121 0.041188 9.98598E-05 9.98598E-05 9.98598E-05 9.98598E-05 9.98598E-05 9.98598E-05 9.98598E-05 9.98598E-05 9.98598E-05 9.98598E-05
9.98155E-05 9.98155E-05 9.98155E-05 9.98155E-05 9.98155E-05 9.98155E-05 9.98155E-05 9.98155E-05 0.997904 9.98155E-05 9.98155E-05 9.98155E-05 9.98155E-05 9.98155E-05 9.98155E-05 9.98155E-05 9.98155E-05 9.98155E-05 9.98155E-05 9.98155E-05 9.98155E-05 9.98155E-05
9.98154E-05 9.98154E-05 9.98154E-05 9.98154E-05 9.98154E-05 9.98154E-05 9.98154E-05 9.98154E-05 9.98154E-05 0.997904 9.98154E-05 9.98154E-05 9.98154E-05 9.98154E-05 9.98154E-05 9.98154E-05 9.98154E-05 9.98154E-05 9.98154E-05 9.98154E-05 9.98154E-05 9.98154E-05
9.98154E-05 9.98154E-05 9.98154E-05 9.98154E-05 9.98154E-05 9.98154E-05 9.98154E-05 9.98154E-05 0.997904 9.98154E-05 9.98154E-05 9.98154E-05 9.98154E-05 9.98154E-05 9.98154E-05 9.98154E-05 9.98154E-05 9.98154E-05 9.98154E-05 9.98154E-05 9.98154E-05 9.98154E-05
9.98154E-05 9.98154E-05 9.98154E-05 9.98154E-05 9.98154E-05 9.98154E-05 9.98154E-05 9.98154E-05 9.98154E-05 0.997904 9.98154E-05 9.98154E-05 9.98154E-05 9.98154E-05 9.98154E-05 9.98154E-05 9.98154E-05 9.98154E-05 9.98154E-05 9.98154E-05 9.98154E-05 9.98154E-05
9.98154E-05 9.98154E-05 9.98154E-05 9.98154E-05 9.98154E-05 9.98154E-05 9.98154E-05 9.98154E-05 9.98154E-05 0.997904 9.98154E-05 9.98154E-05 9.98154E-05 9.98154E-05 9.98154E-05 9.98154E-05 9.98154E-05 9.98154E-05 9.98154E-05 9.98154E-05 9.98154E-05 9.98154E-05
9.98156E-05 9.98156E-05 9.98156E-05 9.98156E-05 9.98156E-05 9.98156E-05 9.98156E-05 9.98156E-05 9.98156E-05 0.997904 9.98156E-05 9.98156E-05 9.98156E-05 9.98156E-05 9.98156E-05 9.98156E-05 9.98156E-05 9.98156E-05 9.98156E-05 9.98156E-05 9.98156E-05 9.98156E-05
9.98153E-05 9.98153E-05 9.98153E-05 9.98153E-05 9.98153E-05 9.98153E-05 9.98153E-05 9.98153E-05 0.997904 9.98153E-05 9.98153E-05 9.98153E-05 9.98153E-05 9.98153E-05 9.98153E-05 9.98153E-05 9.98153E-05 9.98153E-05 9.98153E-05 9.98153E-05 9.98153E-05 9.98153E-05
9.98154E-05 9.98154E-05 9.98154E-05 9.98154E-05 9.98154E-05 9.98154E-05 9.98154E-05 9.98154E-05 9.98154E-05 0.997904 9.98154E-05 9.98154E-05 9.98154E-05 9.98154E-05 9.98154E-05 9.98154E-05 9.98154E-05 9.98154E-05 9.98154E-05 9.98154E-05 9.98154E-05 9.98154E-05
9.98154E-05 9.98154E-05 9.98154E-05 9.98154E-05 9.98154E-05 9.98154E-05 9.98154E-05 9.98154E-05 9.98154E-05 0.997904 9.98154E-05 9.98154E-05 9.98154E-05 9.98154E-05 9.98154E-05 9.98154E-05 9.98154E-05 9.98154E-05 9.98154E-05 9.98154E-05 9.98154E-05 9.98154E-05
9.98154E-05 9.98154E-05 9.98154E-05 9.98154E-05 9.98154E-05 9.98154E-05 9.98154E-05 9.98154E-05 0.997904 9.98154E-05 9.98154E-05 9.98154E-05 9.98154E-05 9.98154E-05 9.98154E-05 9.98154E-05 9.98154E-05 9.98154E-05 9.98154E-05 9.98154E-05 9.98154E-05 9.98154E-05
