0.032097 9.98858E-05 0.0565321 9.98858E-05 0.160836 0.0316538 9.98858E-05 9.98858E-05 9.98858E-05 9.98858E-05 9.98858E-05 0.363329 9.98858E-05 0.288885 9.98858E-05 9.98858E-05 0.0452685 9.98858E-05 9.98858E-05 9.98858E-05 0.0201004
0.0521051 9.98596E-05 9.98596E-05 0.482375 9.98596E-05 9.98596E-05 9.98596E-05 9.98596E-05 9.98596E-05 9.98596E-05 9.98596E-05 0.308208 9.98596E-05 0.097223 9.98596E-05 9.98596E-05 9.98596E-05 9.98596E-05 0.0584914 9.98596E-05 9.98596E-05
9.98508E-05 9.98508E-05 9.98508E-05 0.69187 0.0397431 9.98508E-05 9.98508E-05 9.98508E-05 9.98508E-05 9.98508E-05 9.98508E-05 0.244021 9.98508E-05 9.98508E-05 9.98508E-05 9.98508E-05 9.98508E-05 9.98508E-05 9.98508E-05 9.98508E-05 0.0226677
9.98947E-05 9.98947E-05 9.98947E-05 0.0216503 0.136861 0.0497259 0.0216699 9.98947E-05 9.98947E-05 9.98947E-05 9.98947E-05 0.257664 0.143681 9.98947E-05 9.98947E-05 9.98947E-05 0.0316294 0.0274628 9.98947E-05 0.308457 9.98947E-05
9.98333E-05 9.98333E-05 9.98333E-05 9.98333E-05 9.98333E-05 9.98333E-05 9.98333E-05 9.98333E-05 9.98333E-05 9.98333E-05 9.98333E-05 0.892444 9.98333E-05 9.98333E-05 0.105659 9.98333E-05 9.98333E-05 9.98333E-05 9.98333E-05 9.98333E-05 9.98333E-05
0.0645489 9.9886E-05 9.9886E-05 0.118477 9.9886E-05 9.9886E-05 9.9886E-05 9.9886E-05 0.0960472 9.9886E-05 9.9886E-05 0.0348843 0.185178 0.295474 0.136158 9.9886E-05 9.9886E-05 9.9886E-05 9.9886E-05 0.0679329 9.9886E-05
0.0623099 9.98948E-05 9.98948E-05 9.98948E-05 0.0690193 0.136782 9.98948E-05 9.98948E-05 9.98948E-05 9.98948E-05 9.98948E-05 0.30097 9.98948E-05 0.115984 9.98948E-05 0.0948835 9.98948E-05 9.98948E-05 0.00774341 0.177943 0.0331657
9.99123E-05 0.0440303 0.0641089 0.164434 0.221564 9.99123E-05 9.99123E-05 9.99123E-05 0.0719876 0.0235852 9.99123E-05 9.99123E-05 0.0924051 0.0586907 0.0454237 9.99123E-05 9.99123E-05 0.0376349 9.99123E-05 0.175137 9.99123E-05
9.98602E-05 9.98602E-05 9.98602E-05 9.98602E-05 0.0406251 9.98602E-05 9.98602E-05 9.98602E-05 0.248506 9.98602E-05 9.98602E-05 0.222372 0.0799129 9.98602E-05 9.98602E-05 9.98602E-05 0.152249 0.133261 9.98602E-05 9.98602E-05 0.121675
9.98245E-05 9.98245E-05 9.98245E-05 9.98245E-05 9.98245E-05 9.98245E-05 9.98245E-05 9.98245E-05 9.98245E-05 9.98245E-05 9.98245E-05 0.998004 9.98245E-05 9.98245E-05 9.98245E-05 9.98245E-05 9.98245E-05 9.98245E-05 9.98245E-05 9.98245E-05 9.98245E-05
9.98509E-05 9.98509E-05 9.98509E-05 9.98509E-05 9.98509E-05 0.126929 9.98509E-05 9.98509E-05 9.98509E-05 9.98509E-05 9.98509E-05 0.553586 9.98509E-05 0.101719 9.98509E-05 9.98509E-05 0.216068 9.98509E-05 9.98509E-05 9.98509E-05 9.98509E-05
9.98421E-05 9.98421E-05 9.98421E-05 0.961673 9.98421E-05 9.98421E-05 9.98421E-05 9.98421E-05 9.98421E-05 0.00952349 9.98421E-05 9.98421E-05 9.98421E-05 9.98421E-05 9.98421E-05 9.98421E-05 9.98421E-05 9.98421E-05 9.98421E-05 0.0270062 9.98421E-05
9.98334E-05 9.98334E-05 9.98334E-05 9.98334E-05 9.98334E-05 9.98334E-05 9.98334E-05 9.98334E-05 9.98334E-05 9.98334E-05 9.98334E-05 0.869111 9.98334E-05 9.98334E-05 9.98334E-05 9.98334E-05 0.128992 9.98334E-05 9.98334E-05 9.98334E-05 9.98334E-05
9.98772E-05 9.98772E-05 9.98772E-05 0.621447 0.111289 0.0491983 9.98772E-05 9.98772E-05 9.98772E-05 0.0201378 0.0982612 9.98772E-05 0.0697234 9.98772E-05 9.98772E-05 9.98772E-05 0.0285455 9.98772E-05 9.98772E-05 9.98772E-05 9.98772E-05
9.98859E-05 9.98859E-05 9.98859E-05 9.98859E-05 0.0495164 9.98859E-05 9.98859E-05 9.98859E-05 0.0905225 9.98859E-05 9.98859E-05 0.372054 0.0698645 0.219455 9.98859E-05 9.98859E-05 0.0924274 9.98859E-05 0.0450217 9.98859E-05 0.0598401
9.99034E-05 9.99034E-05 0.0797044 0.0836496 0.069089 9.99034E-05 9.99034E-05 9.99034E-05 0.167645 0.155701 9.99034E-05 0.127278 9.99034E-05 0.175859 9.99034E-05 9.99034E-05 0.0401615 0.0453988 9.99034E-05 0.0544144 9.99034E-05
0.101359 9.98948E-05 0.0598312 0.0573135 0.0375778 0.0260023 9.98948E-05 9.98948E-05 9.98948E-05 9.98948E-05 0.0890665 0.5751 9.98948E-05 9.98948E-05 9.98948E-05 9.98948E-05 9.98948E-05 0.0196429 9.98948E-05 0.0329087 9.98948E-05
9.98859E-05 0.0826558 9.98859E-05 9.98859E-05 0.193287 9.98859E-05 0.116095 9.98859E-05 0.0140855 9.98859E-05 9.98859E-05 0.136567 9.98859E-05 0.251825 9.98859E-05 9.98859E-05 0.147715 0.0564705 9.98859E-05 9.98859E-05 9.98859E-05
9.98946E-05 9.98946E-05 0.0331492 0.0416517 0.291732 0.00786337 0.00430921 9.98946E-05 0.101736 9.98946E-05 9.98946E-05 0.299581 9.98946E-05 9.98946E-05 9.98946E-05 9.98946E-05 0.157196 9.98946E-05 9.98946E-05 0.0615831 9.98946E-05
9.98334E-05 9.98334E-05 9.98334E-05 9.98334E-05 9.98334E-05 9.98334E-05 0.0154047 9.98334E-05 9.98334E-05 9.98334E-05 9.98334E-05 0.982698 9.98334E-05 9.98334E-05 9.98334E-05 9.98334E-05 9.98334E-05 9.98334E-05 9.98334E-05 9.98334E-05 9.98334E-05
9.98859E-05 9.98859E-05 9.98859E-05 0.148788 9.98859E-05 0.0167224 9.98859E-05 9.98859E-05 0.086345 0.120451 9.98859E-05 0.387919 9.98859E-05 9.98859E-05 9.98859E-05 9.98859E-05 0.045397 0.184907 9.98859E-05 9.98859E-05 0.00817225
9.98685E-05 9.98685E-05 9.98685E-05 9.98685E-05 0.29268 9.98685E-05 9.98685E-05 9.98685E-05 0.145823 9.98685E-05 9.98685E-05 0.317975 0.0446553 9.98685E-05 0.195288 9.98685E-05 9.98685E-05 9.98685E-05 0.00207997 9.98685E-05 9.98685E-05
9.98509E-05 9.98509E-05 9.98509E-05 0.74176 9.98509E-05 0.015913 9.98509E-05 9.98509E-05 9.98509E-05 9.98509E-05 9.98509E-05 9.98509E-05 9.98509E-05 0.150542 9.98509E-05 9.98509E-05 0.0900876 9.98509E-05 9.98509E-05 9.98509E-05 9.98509E-05
9.98508E-05 9.98508E-05 9.98508E-05 9.98508E-05 0.238279 9.98508E-05 9.98508E-05 9.98508E-05 9.98508E-05 9.98508E-05 9.98508E-05 0.416124 9.98508E-05 9.98508E-05 9.98508E-05 9.98508E-05 0.249609 9.98508E-05 9.98508E-05 9.98508E-05 0.0942904
9.98947E-05 9.98947E-05 9.98947E-05 0.0989117 0.110133 0.0182779 0.0861761 9.98947E-05 0.0302175 9.98947E-05 9.98947E-05 0.203885 0.196033 9.98947E-05 9.98947E-05 9.98947E-05 0.238386 9.98947E-05 9.98947E-05 9.98947E-05 0.0167826
9.98596E-05 9.98596E-05 9.98596E-05 9.98596E-05 0.0223435 9.98596E-05 9.98596E-05 9.98596E-05 9.98596E-05 9.98596E-05 9.98596E-05 0.77269 0.0927201 9.98596E-05 0.00155084 9.98596E-05 0.109098 9.98596E-05 9.98596E-05 9.98596E-05 9.98596E-05
9.98771E-05 0.155803 9.98771E-05 9.98771E-05 0.211244 9.98771E-05 0.0144019 9.98771E-05 9.98771E-05 9.98771E-05 9.98771E-05 0.0318174 0.234335 9.98771E-05 9.98771E-05 9.98771E-05 0.0671901 9.98771E-05 0.28381 9.98771E-05 9.98771E-05
9.98598E-05 9.98598E-05 9.98598E-05 9.98598E-05 0.026395 9.98598E-05 9.98598E-05 9.98598E-05 9.98598E-05 9.98598E-05 9.98598E-05 0.806111 0.00729352 9.98598E-05 9.98598E-05 9.98598E-05 0.0305727 9.98598E-05 9.98598E-05 0.12803 9.98598E-05
9.98597E-05 9.98597E-05 9.98597E-05 0.718468 0.0414321 9.98597E-05 9.98597E-05 9.98597E-05 9.98597E-05 9.98597E-05 9.98597E-05 9.98597E-05 9.98597E-05 0.0116916 9.98597E-05 9.98597E-05 0.161269 9.98597E-05 0.0655421 9.98597E-05 9.98597E-05
9.98596E-05 9.98596E-05 9.98596E-05 0.823658 9.98596E-05 0.0533925 9.98596E-05 9.98596E-05 0.0895514 9.98596E-05 9.98596E-05 9.98596E-05 9.98596E-05 9.98596E-05 9.98596E-05 9.98596E-05 0.00816032 9.98596E-05 0.0236401 9.98596E-05 9.98596E-05
9.98771E-05 0.0353918 9.98771E-05 9.98771E-05 9.98771E-05 0.0894813 0.00405492 9.98771E-05 9.98771E-05 9.98771E-05 9.98771E-05 0.60507 9.98771E-05 0.143138 9.98771E-05 9.98771E-05 0.0147977 9.98771E-05 0.106668 9.98771E-05 9.98771E-05
9.9886E-05 9.9886E-05 9.9886E-05 9.9886E-05 9.9886E-05 9.9886E-05 9.9886E-05 9.9886E-05 0.00104962 9.9886E-05 0.00989896 0.552111 0.205877 0.016526 9.9886E-05 9.9886E-05 0.0383644 9.9886E-05 0.0477706 0.127104 9.9886E-05
9.98947E-05 9.98947E-05 9.98947E-05 0.262933 0.189964 0.0670864 0.0169088 0.0262656 9.98947E-05 9.98947E-05 9.98947E-05 0.204478 0.034398 0.0749052 9.98947E-05 9.98947E-05 0.121862 9.98947E-05 9.98947E-05 9.98947E-05 9.98947E-05
9.98684E-05 0.028053 9.98684E-05 0.564931 0.135539 9.98684E-05 9.98684E-05 9.98684E-05 9.98684E-05 9.98684E-05 9.98684E-05 9.98684E-05 0.169865 9.98684E-05 9.98684E-05 0.006711 0.0934029 9.98684E-05 9.98684E-05 9.98684E-05 9.98684E-05
0.0732375 9.98422E-05 9.98422E-05 0.866231 9.98422E-05 0.0587345 9.98422E-05 9.98422E-05 9.98422E-05 9.98422E-05 9.98422E-05 9.98422E-05 9.98422E-05 9.98422E-05 9.98422E-05 9.98422E-05 9.98422E-05 9.98422E-05 9.98422E-05 9.98422E-05 9.98422E-05
9.98947E-05 9.98947E-05 9.98947E-05 9.98947E-05 0.0355476 0.0112846 9.98947E-05 0.0151155 0.014284 9.98947E-05 9.98947E-05 0.796275 9.98947E-05 9.98947E-05 9.98947E-05 9.98947E-05 0.00988323 9.98947E-05 0.031082 0.00928714 0.0760426
0.0418174 9.98511E-05 9.98511E-05 9.98511E-05 9.98511E-05 9.98511E-05 9.98511E-05 9.98511E-05 9.98511E-05 0.0266245 9.98511E-05 0.8577 9.98511E-05 9.98511E-05 9.98511E-05 9.98511E-05 9.98511E-05 9.98511E-05 9.98511E-05 0.0721606 9.98511E-05
9.98508E-05 9.98508E-05 9.98508E-05 0.785511 9.98508E-05 9.98508E-05 0.0843276 9.98508E-05 0.09839 9.98508E-05 9.98508E-05 9.98508E-05 9.98508E-05 9.98508E-05 9.98508E-05 9.98508E-05 0.0300737 9.98508E-05 9.98508E-05 9.98508E-05 9.98508E-05
0.0693114 9.9886E-05 9.9886E-05 0.612826 0.0288304 0.0194546 9.9886E-05 9.9886E-05 9.9886E-05 9.9886E-05 0.0514052 9.9886E-05 9.9886E-05 9.9886E-05 0.046588 9.9886E-05 0.166619 9.9886E-05 9.9886E-05 0.00366702 9.9886E-05
9.98596E-05 9.98596E-05 9.98596E-05 0.552863 0.112431 9.98596E-05 9.98596E-05 9.98596E-05 9.98596E-05 0.111203 9.98596E-05 9.98596E-05 0.075793 9.98596E-05 9.98596E-05 9.98596E-05 0.146112 9.98596E-05 9.98596E-05 9.98596E-05 9.98596E-05
9.98509E-05 9.98509E-05 9.98509E-05 9.98509E-05 9.98509E-05 9.98509E-05 9.98509E-05 9.98509E-05 9.98509E-05 9.98509E-05 9.98509E-05 0.909922 9.98509E-05 9.98509E-05 9.98509E-05 9.98509E-05 0.0256827 9.98509E-05 0.0306571 0.0320407 9.98509E-05
9.98685E-05 9.98685E-05 9.98685E-05 0.125357 0.136077 9.98685E-05 9.98685E-05 9.98685E-05 9.98685E-05 9.98685E-05 9.98685E-05 0.521299 9.98685E-05 9.98685E-05 9.98685E-05 9.98685E-05 0.0418612 9.98685E-05 0.173364 9.98685E-05 0.000542749
9.98333E-05 9.98333E-05 9.98333E-05 9.98333E-05 9.98333E-05 9.98333E-05 9.98333E-05 0.243215 9.98333E-05 9.98333E-05 9.98333E-05 0.754889 9.98333E-05 9.98333E-05 9.98333E-05 9.98333E-05 9.98333E-05 9.98333E-05 9.98333E-05 9.98333E-05 9.98333E-05
9.98684E-05 9.98684E-05 9.98684E-05 0.459354 0.127868 0.0218397 9.98684E-05 9.98684E-05 0.0874793 9.98684E-05 9.98684E-05 9.98684E-05 9.98684E-05 0.156497 9.98684E-05 9.98684E-05 0.145464 9.98684E-05 9.98684E-05 9.98684E-05 9.98684E-05
9.98509E-05 9.98509E-05 9.98509E-05 0.305098 0.419175 9.98509E-05 9.98509E-05 9.98509E-05 9.98509E-05 9.98509E-05 9.98509E-05 9.98509E-05 9.98509E-05 9.98509E-05 9.98509E-05 9.98509E-05 0.172919 9.98509E-05 9.98509E-05 0.101111 9.98509E-05
9.98508E-05 9.98508E-05 9.98508E-05 0.0451869 9.98508E-05 9.98508E-05 0.0628067 9.98508E-05 9.98508E-05 9.98508E-05 9.98508E-05 0.86782 9.98508E-05 9.98508E-05 9.98508E-05 9.98508E-05 0.0224886 9.98508E-05 9.98508E-05 9.98508E-05 9.98508E-05
9.98508E-05 0.0602099 9.98508E-05 9.98508E-05 9.98508E-05 9.98508E-05 9.98508E-05 9.98508E-05 0.0443369 9.98508E-05 9.98508E-05 0.852144 9.98508E-05 9.98508E-05 9.98508E-05 9.98508E-05 0.0416115 9.98508E-05 9.98508E-05 9.98508E-05 9.98508E-05
9.98246E-05 9.98246E-05 9.98246E-05 0.998004 9.98246E-05 9.98246E-05 9.98246E-05 9.98246E-05 9.98246E-05 9.98246E-05 9.98246E-05 9.98246E-05 9.98246E-05 9.98246E-05 9.98246E-05 9.98246E-05 9.98246E-05 9.98246E-05 9.98246E-05 9.98246E-05 9.98246E-05
9.98771E-05 9.98771E-05 9.98771E-05 0.274595 0.119875 0.0249693 9.98771E-05 9.98771E-05 9.98771E-05 9.98771E-05 9.98771E-05 0.432428 9.98771E-05 9.98771E-05 9.98771E-05 9.98771E-05 0.11301 9.98771E-05 0.0106609 0.0230636 9.98771E-05
9.98599E-05 9.98599E-05 9.98599E-05 0.700722 0.00646576 9.98599E-05 9.98599E-05 9.98599E-05 9.98599E-05 9.98599E-05 9.98599E-05 0.0598712 9.98599E-05 9.98599E-05 0.0877994 0.143544 9.98599E-05 9.98599E-05 9.98599E-05 9.98599E-05 9.98599E-05
9.99122E-05 0.00209203 0.00165288 0.311828 0.0049641 0.127163 9.99122E-05 9.99122E-05 0.0211896 9.99122E-05 9.99122E-05 9.99122E-05 0.144098 9.99122E-05 9.99122E-05 9.99122E-05 0.165656 9.99122E-05 0.182373 0.0128593 0.0251239
9.98685E-05 9.98685E-05 9.98685E-05 9.98685E-05 0.207331 9.98685E-05 0.0523439 9.98685E-05 9.98685E-05 9.98685E-05 9.98685E-05 0.638241 9.98685E-05 9.98685E-05 0.0418794 9.98685E-05 9.98685E-05 9.98685E-05 9.98685E-05 0.00148471 0.0572213
0.0101163 0.0436904 9.9851E-05 9.9851E-05 9.9851E-05 9.9851E-05 9.9851E-05 9.9851E-05 9.9851E-05 9.9851E-05 9.9851E-05 0.851864 9.9851E-05 9.9851E-05 9.9851E-05 9.9851E-05 0.0926316 9.9851E-05 9.9851E-05 9.9851E-05 9.9851E-05
9.98597E-05 0.0330383 9.98597E-05 0.791291 9.98597E-05 9.98597E-05 0.00176067 9.98597E-05 9.98597E-05 0.159528 9.98597E-05 9.98597E-05 9.98597E-05 9.98597E-05 9.98597E-05 0.0127841 9.98597E-05 9.98597E-05 9.98597E-05 9.98597E-05 9.98597E-05
9.9851E-05 9.9851E-05 9.9851E-05 0.850513 9.9851E-05 9.9851E-05 9.9851E-05 9.9851E-05 9.9851E-05 9.9851E-05 9.9851E-05 9.9851E-05 9.9851E-05 9.9851E-05 0.0242927 9.9851E-05 0.0843845 9.9851E-05 9.9851E-05 0.0391119 9.9851E-05
9.98502E-05 9.98502E-05 9.98502E-05 0.377183 9.98502E-05 9.98502E-05 0.15059 9.98502E-05 9.98502E-05 0.0323111 9.98502E-05 0.318722 0.0712725 9.98502E-05 0.0484231 9.98502E-05 9.98502E-05 9.98502E-05 9.98502E-05 9.98502E-05 9.98502E-05
0.00486308 0.0299215 9.98595E-05 9.98595E-05 9.98595E-05 9.98595E-05 9.98595E-05 9.98595E-05 9.98595E-05 0.072189 9.98595E-05 0.857682 9.98595E-05 9.98595E-05 9.98595E-05 9.98595E-05 0.0337462 9.98595E-05 9.98595E-05 9.98595E-05 9.98595E-05
9.98423E-05 9.98423E-05 9.98423E-05 9.98423E-05 9.98423E-05 0.120987 9.98423E-05 9.98423E-05 9.98423E-05 9.98423E-05 9.98423E-05 0.861658 9.98423E-05 9.98423E-05 9.98423E-05 9.98423E-05 0.0155577 9.98423E-05 9.98423E-05 9.98423E-05 9.98423E-05
0.0465076 9.98421E-05 9.98421E-05 0.930964 9.98421E-05 9.98421E-05 9.98421E-05 9.98421E-05 9.98421E-05 9.98421E-05 9.98421E-05 9.98421E-05 9.98421E-05 9.98421E-05 9.98421E-05 9.98421E-05 9.98421E-05 9.98421E-05 0.0207311 9.98421E-05 9.98421E-05
0.0477596 0.0277406 9.98595E-05 9.98595E-05 9.98595E-05 9.98595E-05 9.98595E-05 9.98595E-05 0.00321341 9.98595E-05 9.98595E-05 9.98595E-05 9.98595E-05 0.70313 9.98595E-05 9.98595E-05 0.216559 9.98595E-05 9.98595E-05 9.98595E-05 9.98595E-05
9.98248E-05 9.98248E-05 9.98248E-05 9.98248E-05 9.98248E-05 9.98248E-05 9.98248E-05 9.98248E-05 9.98248E-05 9.98248E-05 9.98248E-05 9.98248E-05 9.98248E-05 0.998004 9.98248E-05 9.98248E-05 9.98248E-05 9.98248E-05 9.98248E-05 9.98248E-05 9.98248E-05
9.9842E-05 0.00343504 9.9842E-05 9.9842E-05 9.9842E-05 9.9842E-05 9.9842E-05 0.022848 9.9842E-05 9.9842E-05 9.9842E-05 9.9842E-05 9.9842E-05 0.97192 9.9842E-05 9.9842E-05 9.9842E-05 9.9842E-05 9.9842E-05 9.9842E-05 9.9842E-05
0.235307 0.0391236 9.98859E-05 9.98859E-05 9.98859E-05 9.98859E-05 0.00958 9.98859E-05 0.0795108 9.98859E-05 9.98859E-05 9.98859E-05 0.172367 0.295499 9.98859E-05 0.0715651 0.0957501 9.98859E-05 9.98859E-05 9.98859E-05 9.98859E-05
9.98681E-05 9.98681E-05 9.98681E-05 9.98681E-05 0.0760432 9.98681E-05 0.0173369 9.98681E-05 0.0828803 9.98681E-05 9.98681E-05 9.98681E-05 9.98681E-05 0.7225 0.0340426 0.0656992 9.98681E-05 9.98681E-05 9.98681E-05 9.98681E-05 9.98681E-05
9.98681E-05 9.98681E-05 0.0321838 9.98681E-05 0.106617 9.98681E-05 9.98681E-05 9.98681E-05 0.0488161 9.98681E-05 9.98681E-05 9.98681E-05 0.0180059 0.640148 9.98681E-05 9.98681E-05 0.152732 9.98681E-05 9.98681E-05 9.98681E-05 9.98681E-05
0.254604 9.98683E-05 9.98683E-05 9.98683E-05 9.98683E-05 0.0120557 9.98683E-05 9.98683E-05 0.0170216 9.98683E-05 9.98683E-05 9.98683E-05 9.98683E-05 0.531059 9.98683E-05 9.98683E-05 0.0870804 0.0966816 9.98683E-05 9.98683E-05 9.98683E-05
0.0690433 0.127602 9.98769E-05 9.98769E-05 9.98769E-05 9.98769E-05 9.98769E-05 9.98769E-05 0.0610225 9.98769E-05 9.98769E-05 9.98769E-05 0.0259903 0.636574 9.98769E-05 9.98769E-05 0.0678616 9.98769E-05 0.0105079 9.98769E-05 9.98769E-05
9.98332E-05 9.98332E-05 9.98332E-05 9.98332E-05 9.98332E-05 9.98332E-05 9.98332E-05 0.126914 9.98332E-05 9.98332E-05 9.98332E-05 9.98332E-05 9.98332E-05 0.871189 9.98332E-05 9.98332E-05 9.98332E-05 9.98332E-05 9.98332E-05 9.98332E-05 9.98332E-05
9.9842E-05 9.9842E-05 9.9842E-05 9.9842E-05 9.9842E-05 0.00620964 9.9842E-05 9.9842E-05 9.9842E-05 9.9842E-05 9.9842E-05 9.9842E-05 9.9842E-05 0.937306 9.9842E-05 9.9842E-05 9.9842E-05 9.9842E-05 9.9842E-05 0.0546873 9.9842E-05
9.98506E-05 9.98506E-05 9.98506E-05 9.98506E-05 9.98506E-05 0.146149 9.98506E-05 9.98506E-05 0.0627637 9.98506E-05 9.98506E-05 9.98506E-05 9.98506E-05 0.517783 9.98506E-05 9.98506E-05 0.271607 9.98506E-05 9.98506E-05 9.98506E-05 9.98506E-05
0.0452408 9.98858E-05 0.0215289 9.98858E-05 0.249498 9.98858E-05 9.98858E-05 9.98858E-05 9.98858E-05 0.055685 9.98858E-05 9.98858E-05 9.98858E-05 0.507644 9.98858E-05 0.00859312 0.0517423 9.98858E-05 9.98858E-05 0.0587698 9.98858E-05
9.98769E-05 9.98769E-05 0.129709 9.98769E-05 9.98769E-05 0.0624989 9.98769E-05 9.98769E-05 0.127491 0.0317461 9.98769E-05 9.98769E-05 0.06068 0.505564 0.0809133 9.98769E-05 9.98769E-05 9.98769E-05 9.98769E-05 9.98769E-05 9.98769E-05
0.0212918 9.98594E-05 9.98594E-05 9.98594E-05 0.145243 9.98594E-05 9.98594E-05 9.98594E-05 9.98594E-05 9.98594E-05 9.98594E-05 9.98594E-05 9.98594E-05 0.625527 0.0179904 9.98594E-05 0.18835 9.98594E-05 9.98594E-05 9.98594E-05 9.98594E-05
9.98511E-05 9.98511E-05 9.98511E-05 9.98511E-05 9.98511E-05 0.00099023 9.98511E-05 9.98511E-05 9.98511E-05 9.98511E-05 9.98511E-05 9.98511E-05 0.0733498 0.895391 9.98511E-05 9.98511E-05 9.98511E-05 9.98511E-05 0.0285718 9.98511E-05 9.98511E-05
9.98424E-05 9.98424E-05 9.98424E-05 9.98424E-05 9.98424E-05 0.0225917 9.98424E-05 9.98424E-05 9.98424E-05 9.98424E-05 9.98424E-05 9.98424E-05 9.98424E-05 0.874049 9.98424E-05 9.98424E-05 0.101562 9.98424E-05 9.98424E-05 9.98424E-05 9.98424E-05
9.98682E-05 0.0560039 9.98682E-05 9.98682E-05 9.98682E-05 9.98682E-05 9.98682E-05 9.98682E-05 9.98682E-05 9.98682E-05 9.98682E-05 9.98682E-05 0.0285831 0.793854 9.98682E-05 0.0642496 0.0522254 0.0035862 9.98682E-05 9.98682E-05 9.98682E-05
9.98683E-05 9.98683E-05 0.0751919 9.98683E-05 0.138425 0.0768682 9.98683E-05 9.98683E-05 0.0247009 9.98683E-05 9.98683E-05 9.98683E-05 9.98683E-05 0.643168 9.98683E-05 9.98683E-05 9.98683E-05 9.98683E-05 9.98683E-05 0.0401475 9.98683E-05
9.98595E-05 0.0611019 9.98595E-05 9.98595E-05 0.00436772 9.98595E-05 9.98595E-05 9.98595E-05 0.00724566 9.98595E-05 9.98595E-05 9.98595E-05 9.98595E-05 0.857452 9.98595E-05 9.98595E-05 0.0682347 9.98595E-05 9.98595E-05 9.98595E-05 9.98595E-05
9.98593E-05 9.98593E-05 0.0091892 9.98593E-05 9.98593E-05 9.98593E-05 9.98593E-05 9.98593E-05 9.98593E-05 0.0430083 9.98593E-05 9.98593E-05 9.98593E-05 0.580452 9.98593E-05 9.98593E-05 0.191215 9.98593E-05 0.174537 9.98593E-05 9.98593E-05
9.98336E-05 9.98336E-05 9.98336E-05 0.0499621 9.98336E-05 9.98336E-05 9.98336E-05 9.98336E-05 9.98336E-05 9.98336E-05 9.98336E-05 9.98336E-05 9.98336E-05 0.948141 9.98336E-05 9.98336E-05 9.98336E-05 9.98336E-05 9.98336E-05 9.98336E-05 9.98336E-05
9.98419E-05 9.98419E-05 9.98419E-05 9.98419E-05 0.276279 9.98419E-05 9.98419E-05 9.98419E-05 9.98419E-05 9.98419E-05 9.98419E-05 9.98419E-05 9.98419E-05 0.643483 9.98419E-05 9.98419E-05 0.0784404 9.98419E-05 9.98419E-05 9.98419E-05 9.98419E-05
0.0374578 9.98685E-05 9.98685E-05 9.98685E-05 0.0511999 9.98685E-05 9.98685E-05 0.125366 9.98685E-05 9.98685E-05 9.98685E-05 9.98685E-05 0.104052 0.661746 9.98685E-05 9.98685E-05 0.0186803 9.98685E-05 9.98685E-05 9.98685E-05 9.98685E-05
9.98597E-05 0.0640701 9.98597E-05 9.98597E-05 9.98597E-05 9.98597E-05 9.98597E-05 9.98597E-05 0.0940868 9.98597E-05 9.98597E-05 9.98597E-05 9.98597E-05 0.738569 9.98597E-05 9.98597E-05 9.98597E-05 9.98597E-05 9.98597E-05 0.0769705 0.0247054
9.98506E-05 9.98506E-05 0.110574 9.98506E-05 9.98506E-05 0.109697 9.98506E-05 9.98506E-05 9.98506E-05 9.98506E-05 9.98506E-05 9.98506E-05 9.98506E-05 0.776757 9.98506E-05 9.98506E-05 0.00127466 9.98506E-05 9.98506E-05 9.98506E-05 9.98506E-05
9.98249E-05 9.98249E-05 9.98249E-05 9.98249E-05 9.98249E-05 9.98249E-05 9.98249E-05 9.98249E-05 9.98249E-05 9.98249E-05 9.98249E-05 9.98249E-05 9.98249E-05 0.998004 9.98249E-05 9.98249E-05 9.98249E-05 9.98249E-05 9.98249E-05 9.98249E-05 9.98249E-05
9.98248E-05 9.98248E-05 9.98248E-05 9.98248E-05 9.98248E-05 9.98248E-05 9.98248E-05 9.98248E-05 9.98248E-05 9.98248E-05 9.98248E-05 9.98248E-05 9.98248E-05 0.998004 9.98248E-05 9.98248E-05 9.98248E-05 9.98248E-05 9.98248E-05 9.98248E-05 9.98248E-05
9.98247E-05 9.98247E-05 9.98247E-05 9.98247E-05 9.98247E-05 9.98247E-05 9.98247E-05 9.98247E-05 9.98247E-05 9.98247E-05 9.98247E-05 9.98247E-05 9.98247E-05 0.998004 9.98247E-05 9.98247E-05 9.98247E-05 9.98247E-05 9.98247E-05 9.98247E-05 9.98247E-05
9.98508E-05 0.0671465 0.0380194 9.98508E-05 9.98508E-05 9.98508E-05 9.98508E-05 9.98508E-05 9.98508E-05 9.98508E-05 9.98508E-05 9.98508E-05 9.98508E-05 0.885484 9.98508E-05 9.98508E-05 0.00765231 9.98508E-05 9.98508E-05 9.98508E-05 9.98508E-05
9.98419E-05 9.98419E-05 9.98419E-05 9.98419E-05 9.98419E-05 9.98419E-05 9.98419E-05 0.922295 9.98419E-05 9.98419E-05 9.98419E-05 9.98419E-05 9.98419E-05 0.0396065 9.98419E-05 9.98419E-05 0.0363013 9.98419E-05 9.98419E-05 9.98419E-05 9.98419E-05
9.98421E-05 9.98421E-05 9.98421E-05 9.98421E-05 9.98421E-05 9.98421E-05 9.98421E-05 9.98421E-05 0.0938958 9.98421E-05 9.98421E-05 9.98421E-05 0.805844 9.98421E-05 9.98421E-05 9.98421E-05 0.098463 9.98421E-05 9.98421E-05 9.98421E-05 9.98421E-05
9.9851E-05 9.9851E-05 9.9851E-05 9.9851E-05 9.9851E-05 9.9851E-05 9.9851E-05 0.0954562 9.9851E-05 9.9851E-05 0.35845 9.9851E-05 0.517931 9.9851E-05 9.9851E-05 9.9851E-05 0.0264652 9.9851E-05 9.9851E-05 9.9851E-05 9.9851E-05
9.98508E-05 9.98508E-05 9.98508E-05 9.98508E-05 0.00797457 9.98508E-05 9.98508E-05 9.98508E-05 9.98508E-05 9.98508E-05 9.98508E-05 9.98508E-05 0.939356 9.98508E-05 0.00391736 9.98508E-05 0.0470546 9.98508E-05 9.98508E-05 9.98508E-05 9.98508E-05
9.98595E-05 0.0480513 9.98595E-05 9.98595E-05 9.98595E-05 0.017151 9.98595E-05 9.98595E-05 0.0235515 9.98595E-05 9.98595E-05 9.98595E-05 0.786688 9.98595E-05 9.98595E-05 9.98595E-05 0.122961 9.98595E-05 9.98595E-05 9.98595E-05 9.98595E-05
9.98331E-05 9.98331E-05 9.98331E-05 9.98331E-05 9.98331E-05 9.98331E-05 9.98331E-05 9.98331E-05 0.0526678 9.98331E-05 9.98331E-05 9.98331E-05 0.945435 9.98331E-05 9.98331E-05 9.98331E-05 9.98331E-05 9.98331E-05 9.98331E-05 9.98331E-05 9.98331E-05
0.0703801 9.98508E-05 9.98508E-05 9.98508E-05 9.98508E-05 9.98508E-05 9.98508E-05 9.98508E-05 0.134753 9.98508E-05 9.98508E-05 9.98508E-05 0.656949 9.98508E-05 9.98508E-05 9.98508E-05 0.136221 9.98508E-05 9.98508E-05 9.98508E-05 9.98508E-05
9.98683E-05 9.98683E-05 0.0271423 9.98683E-05 0.053456 0.00445651 9.98683E-05 9.98683E-05 0.0511705 9.98683E-05 9.98683E-05 9.98683E-05 0.76997 9.98683E-05 9.98683E-05 9.98683E-05 0.0923064 9.98683E-05 9.98683E-05 9.98683E-05 9.98683E-05
9.9842E-05 0.0334065 9.9842E-05 9.9842E-05 9.9842E-05 9.9842E-05 9.9842E-05 9.9842E-05 0.194803 9.9842E-05 9.9842E-05 9.9842E-05 0.769993 9.9842E-05 9.9842E-05 9.9842E-05 9.9842E-05 9.9842E-05 9.9842E-05 9.9842E-05 9.9842E-05
0.176609 9.98594E-05 9.98594E-05 9.98594E-05 9.98594E-05 9.98594E-05 9.98594E-05 9.98594E-05 0.318073 9.98594E-05 9.98594E-05 9.98594E-05 0.386249 9.98594E-05 9.98594E-05 9.98594E-05 0.00949651 9.98594E-05 0.107974 9.98594E-05 9.98594E-05
9.98596E-05 9.98596E-05 0.00199075 9.98596E-05 0.0319305 9.98596E-05 9.98596E-05 9.98596E-05 0.193752 9.98596E-05 9.98596E-05 9.98596E-05 0.566669 9.98596E-05 9.98596E-05 9.98596E-05 0.20406 9.98596E-05 9.98596E-05 9.98596E-05 9.98596E-05
0.169297 9.98509E-05 9.98509E-05 9.98509E-05 9.98509E-05 9.98509E-05 9.98509E-05 9.98509E-05 9.98509E-05 9.98509E-05 0.272475 9.98509E-05 0.538925 9.98509E-05 9.98509E-05 9.98509E-05 0.0176051 9.98509E-05 9.98509E-05 9.98509E-05 9.98509E-05
0.145859 9.98423E-05 9.98423E-05 9.98423E-05 9.98423E-05 9.98423E-05 9.98423E-05 9.98423E-05 9.98423E-05 9.98423E-05 0.0306483 9.98423E-05 0.821696 9.98423E-05 9.98423E-05 9.98423E-05 9.98423E-05 9.98423E-05 9.98423E-05 9.98423E-05 9.98423E-05
9.98335E-05 9.98335E-05 9.98335E-05 9.98335E-05 9.98335E-05 9.98335E-05 9.98335E-05 9.98335E-05 0.0579642 9.98335E-05 9.98335E-05 9.98335E-05 0.940139 9.98335E-05 9.98335E-05 9.98335E-05 9.98335E-05 9.98335E-05 9.98335E-05 9.98335E-05 9.98335E-05
9.9851E-05 9.9851E-05 9.9851E-05 9.9851E-05 9.9851E-05 9.9851E-05 9.9851E-05 9.9851E-05 0.140236 9.9851E-05 0.0214979 9.9851E-05 0.664725 9.9851E-05 9.9851E-05 9.9851E-05 0.171844 9.9851E-05 9.9851E-05 9.9851E-05 9.9851E-05
9.98685E-05 0.163919 9.98685E-05 9.98685E-05 9.98685E-05 0.0433731 9.98685E-05 9.98685E-05 0.054045 0.0322419 0.0560191 9.98685E-05 0.648904 9.98685E-05 9.98685E-05 9.98685E-05 9.98685E-05 9.98685E-05 9.98685E-05 9.98685E-05 9.98685E-05
0.0598072 9.98684E-05 9.98684E-05 9.98684E-05 9.98684E-05 0.0883801 9.98684E-05 9.98684E-05 0.017129 9.98684E-05 9.98684E-05 9.98684E-05 0.600254 9.98684E-05 9.98684E-05 9.98684E-05 0.0616366 9.98684E-05 0.171295 9.98684E-05 9.98684E-05
0.259512 0.0157164 9.98684E-05 9.98684E-05 9.98684E-05 9.98684E-05 0.00866847 9.98684E-05 9.98684E-05 9.98684E-05 0.0072753 9.98684E-05 0.614107 9.98684E-05 9.98684E-05 9.98684E-05 0.0932222 9.98684E-05 9.98684E-05 9.98684E-05 9.98684E-05
9.98599E-05 9.98599E-05 9.98599E-05 9.98599E-05 0.0867198 9.98599E-05 9.98599E-05 9.98599E-05 0.0962004 9.98599E-05 9.98599E-05 9.98599E-05 0.761636 9.98599E-05 0.0192244 0.0346212 9.98599E-05 9.98599E-05 9.98599E-05 9.98599E-05 9.98599E-05
0.00198256 9.9851E-05 9.9851E-05 9.9851E-05 9.9851E-05 0.0517212 9.9851E-05 9.9851E-05 9.9851E-05 9.9851E-05 0.0119317 9.9851E-05 0.932667 9.9851E-05 9.9851E-05 9.9851E-05 9.9851E-05 9.9851E-05 9.9851E-05 9.9851E-05 9.9851E-05
9.98771E-05 9.98771E-05 9.98771E-05 9.98771E-05 9.98771E-05 0.0567175 0.0985786 9.98771E-05 0.105216 9.98771E-05 0.227478 9.98771E-05 0.358723 9.98771E-05 9.98771E-05 9.98771E-05 0.0781057 9.98771E-05 0.0737827 9.98771E-05 9.98771E-05
0.190566 9.98597E-05 9.98597E-05 9.98597E-05 9.98597E-05 9.98597E-05 9.98597E-05 9.98597E-05 0.0067646 9.98597E-05 0.0149801 9.98597E-05 0.642169 9.98597E-05 9.98597E-05 9.98597E-05 0.143922 9.98597E-05 9.98597E-05 9.98597E-05 9.98597E-05
9.98596E-05 0.0106986 0.0778345 9.98596E-05 9.98596E-05 9.98596E-05 9.98596E-05 9.98596E-05 0.0188403 9.98596E-05 9.98596E-05 9.98596E-05 0.884242 9.98596E-05 9.98596E-05 9.98596E-05 0.00678655 9.98596E-05 9.98596E-05 9.98596E-05 9.98596E-05
0.0246266 9.98595E-05 9.98595E-05 9.98595E-05 9.98595E-05 9.98595E-05 9.98595E-05 9.98595E-05 0.195009 9.98595E-05 9.98595E-05 9.98595E-05 0.449893 9.98595E-05 9.98595E-05 9.98595E-05 0.204721 0.124154 9.98595E-05 9.98595E-05 9.98595E-05
9.98422E-05 9.98422E-05 9.98422E-05 9.98422E-05 9.98422E-05 9.98422E-05 9.98422E-05 9.98422E-05 0.161306 9.98422E-05 0.112035 9.98422E-05 0.724861 9.98422E-05 9.98422E-05 9.98422E-05 9.98422E-05 9.98422E-05 9.98422E-05 9.98422E-05 9.98422E-05
0.0766395 9.98683E-05 9.98683E-05 9.98683E-05 9.98683E-05 9.98683E-05 0.0862342 9.98683E-05 0.18081 9.98683E-05 9.98683E-05 9.98683E-05 0.305642 9.98683E-05 9.98683E-05 9.98683E-05 0.166439 0.182737 9.98683E-05 9.98683E-05 9.98683E-05
0.111718 9.98597E-05 9.98597E-05 9.98597E-05 9.98597E-05 9.98597E-05 9.98597E-05 9.98597E-05 0.115532 9.98597E-05 0.126821 9.98597E-05 0.547223 9.98597E-05 9.98597E-05 9.98597E-05 0.0971071 9.98597E-05 9.98597E-05 9.98597E-05 9.98597E-05
9.98597E-05 9.98597E-05 9.98597E-05 9.98597E-05 9.98597E-05 9.98597E-05 9.98597E-05 9.98597E-05 9.98597E-05 9.98597E-05 0.581434 9.98597E-05 0.164793 9.98597E-05 9.98597E-05 0.0966412 0.0785957 9.98597E-05 9.98597E-05 9.98597E-05 0.0769382
9.98506E-05 9.98506E-05 9.98506E-05 9.98506E-05 9.98506E-05 9.98506E-05 0.0836413 9.98506E-05 0.0814123 9.98506E-05 9.98506E-05 9.98506E-05 0.674012 9.98506E-05 9.98506E-05 9.98506E-05 0.159237 9.98506E-05 9.98506E-05 9.98506E-05 9.98506E-05
0.0388367 9.98509E-05 9.98509E-05 9.98509E-05 9.98509E-05 9.98509E-05 9.98509E-05 9.98509E-05 0.208998 9.98509E-05 9.98509E-05 9.98509E-05 0.549435 9.98509E-05 9.98509E-05 9.98509E-05 0.201033 9.98509E-05 9.98509E-05 9.98509E-05 9.98509E-05
9.98597E-05 9.98597E-05 9.98597E-05 9.98597E-05 9.98597E-05 0.0557895 9.98597E-05 9.98597E-05 9.98597E-05 9.98597E-05 0.0535058 9.98597E-05 0.707617 9.98597E-05 0.115705 9.98597E-05 0.0657855 9.98597E-05 9.98597E-05 9.98597E-05 9.98597E-05
9.9851E-05 9.9851E-05 9.9851E-05 9.9851E-05 9.9851E-05 0.0480021 9.9851E-05 9.9851E-05 9.9851E-05 0.0190464 9.9851E-05 9.9851E-05 0.772188 9.9851E-05 9.9851E-05 9.9851E-05 0.159066 9.9851E-05 9.9851E-05 9.9851E-05 9.9851E-05
9.98508E-05 9.98508E-05 9.98508E-05 9.98508E-05 9.98508E-05 9.98508E-05 0.000126731 9.98508E-05 9.98508E-05 0.0304391 9.98508E-05 9.98508E-05 0.947091 9.98508E-05 9.98508E-05 9.98508E-05 0.020646 9.98508E-05 9.98508E-05 9.98508E-05 9.98508E-05
9.98403E-05 9.98403E-05 9.98403E-05 9.98403E-05 9.98403E-05 9.98403E-05 0.19469 9.98403E-05 0.184529 9.98403E-05 9.98403E-05 9.98403E-05 0.431165 9.98403E-05 0.0956372 9.98403E-05 0.0923822 9.98403E-05 9.98403E-05 9.98403E-05 9.98403E-05
9.98595E-05 9.98595E-05 9.98595E-05 9.98595E-05 0.0379725 9.98595E-05 0.0856668 9.98595E-05 0.0375185 9.98595E-05 9.98595E-05 9.98595E-05 0.705215 9.98595E-05 9.98595E-05 9.98595E-05 0.13203 9.98595E-05 9.98595E-05 9.98595E-05 9.98595E-05
9.98334E-05 9.98334E-05 9.98334E-05 9.98334E-05 9.98334E-05 9.98334E-05 9.98334E-05 9.98334E-05 9.98334E-05 9.98334E-05 9.98334E-05 9.98334E-05 0.961679 9.98334E-05 9.98334E-05 9.98334E-05 0.0364238 9.98334E-05 9.98334E-05 9.98334E-05 9.98334E-05
9.98683E-05 9.98683E-05 0.0185524 9.98683E-05 9.98683E-05 0.00831652 9.98683E-05 9.98683E-05 0.0435451 9.98683E-05 0.13973 9.98683E-05 0.599125 9.98683E-05 9.98683E-05 9.98683E-05 9.98683E-05 9.98683E-05 0.189233 9.98683E-05 9.98683E-05
9.98507E-05 9.98507E-05 0.0414281 9.98507E-05 9.98507E-05 9.98507E-05 9.98507E-05 9.98507E-05 0.0734476 9.98507E-05 9.98507E-05 9.98507E-05 0.674674 9.98507E-05 9.98507E-05 9.98507E-05 0.208753 9.98507E-05 9.98507E-05 9.98507E-05 9.98507E-05
9.98596E-05 9.98596E-05 9.98596E-05 9.98596E-05 9.98596E-05 9.98596E-05 9.98596E-05 9.98596E-05 0.0893551 9.98596E-05 0.546685 9.98596E-05 0.357634 9.98596E-05 0.00360962 0.00111882 9.98596E-05 9.98596E-05 9.98596E-05 9.98596E-05 9.98596E-05
9.98509E-05 9.98509E-05 9.98509E-05 9.98509E-05 9.98509E-05 9.98509E-05 9.98509E-05 9.98509E-05 0.021782 9.98509E-05 0.214045 9.98509E-05 0.675573 9.98509E-05 9.98509E-05 9.98509E-05 0.0869023 9.98509E-05 9.98509E-05 9.98509E-05 9.98509E-05
9.98424E-05 9.98424E-05 9.98424E-05 9.98424E-05 9.98424E-05 9.98424E-05 9.98424E-05 0.00279734 9.98424E-05 9.98424E-05 0.230602 9.98424E-05 0.764804 9.98424E-05 9.98424E-05 9.98424E-05 9.98424E-05 9.98424E-05 9.98424E-05 9.98424E-05 9.98424E-05
9.98597E-05 9.98597E-05 9.98597E-05 9.98597E-05 9.98597E-05 0.0130718 0.0642885 9.98597E-05 0.020016 9.98597E-05 0.368719 9.98597E-05 0.532307 9.98597E-05 9.98597E-05 9.98597E-05 9.98597E-05 9.98597E-05 9.98597E-05 9.98597E-05 9.98597E-05
0.0374804 9.98595E-05 9.98595E-05 9.98595E-05 9.98595E-05 9.98595E-05 9.98595E-05 9.98595E-05 0.0523815 9.98595E-05 9.98595E-05 9.98595E-05 0.578277 9.98595E-05 0.0444083 9.98595E-05 0.285855 9.98595E-05 9.98595E-05 9.98595E-05 9.98595E-05
9.98508E-05 9.98508E-05 9.98508E-05 9.98508E-05 9.98508E-05 9.98508E-05 9.98508E-05 9.98508E-05 0.128066 9.98508E-05 9.98508E-05 9.98508E-05 0.796499 9.98508E-05 0.0382825 9.98508E-05 9.98508E-05 9.98508E-05 0.0354555 9.98508E-05 9.98508E-05
9.98684E-05 9.98684E-05 9.98684E-05 9.98684E-05 9.98684E-05 9.98684E-05 0.0329717 9.98684E-05 0.190939 9.98684E-05 0.595961 9.98684E-05 0.0642222 9.98684E-05 9.98684E-05 9.98684E-05 0.0858821 9.98684E-05 0.028526 9.98684E-05 9.98684E-05
9.98509E-05 9.98509E-05 9.98509E-05 9.98509E-05 9.98509E-05 9.98509E-05 9.98509E-05 9.98509E-05 0.0346579 9.98509E-05 0.350255 0.0359676 0.577422 9.98509E-05 9.98509E-05 9.98509E-05 9.98509E-05 9.98509E-05 9.98509E-05 9.98509E-05 9.98509E-05
0.126507 0.028061 9.9877E-05 9.9877E-05 0.068219 9.9877E-05 0.13322 9.9877E-05 0.116528 9.9877E-05 9.9877E-05 9.9877E-05 0.478818 9.9877E-05 9.9877E-05 9.9877E-05 0.0472472 9.9877E-05 9.9877E-05 9.9877E-05 9.9877E-05
9.9886E-05 0.0445751 0.146623 9.9886E-05 9.9886E-05 0.00398215 9.9886E-05 9.9886E-05 0.0581484 9.9886E-05 0.0131699 9.9886E-05 0.393314 0.300208 9.9886E-05 9.9886E-05 0.0386809 9.9886E-05 9.9886E-05 9.9886E-05 9.9886E-05
0.0383522 9.98948E-05 0.0777433 9.98948E-05 0.116248 9.98948E-05 9.98948E-05 9.98948E-05 0.0851959 0.0315178 0.0530972 9.98948E-05 0.415631 9.98948E-05 9.98948E-05 9.98948E-05 0.0605013 9.98948E-05 9.98948E-05 9.98948E-05 0.120514
9.98771E-05 9.98771E-05 9.98771E-05 9.98771E-05 0.127081 0.044452 9.98771E-05 9.98771E-05 0.190456 9.98771E-05 9.98771E-05 9.98771E-05 0.380219 0.0102457 9.98771E-05 9.98771E-05 0.157791 0.0883571 9.98771E-05 9.98771E-05 9.98771E-05
9.98422E-05 9.98422E-05 9.98422E-05 9.98422E-05 9.98422E-05 9.98422E-05 9.98422E-05 0.0361131 9.98422E-05 9.98422E-05 0.458476 9.98422E-05 0.503614 9.98422E-05 9.98422E-05 9.98422E-05 9.98422E-05 9.98422E-05 9.98422E-05 9.98422E-05 9.98422E-05
9.98771E-05 9.98771E-05 9.98771E-05 9.98771E-05 9.98771E-05 0.0222489 0.00442692 9.98771E-05 9.98771E-05 9.98771E-05 9.98771E-05 9.98771E-05 0.705251 9.98771E-05 9.98771E-05 0.0108501 0.158206 9.98771E-05 0.000623575 0.0969958 9.98771E-05
9.98595E-05 9.98595E-05 9.98595E-05 9.98595E-05 9.98595E-05 9.98595E-05 9.98595E-05 0.364651 0.0673134 9.98595E-05 0.348839 9.98595E-05 0.20627 9.98595E-05 9.98595E-05 9.98595E-05 0.0113287 9.98595E-05 9.98595E-05 9.98595E-05 9.98595E-05
9.98502E-05 9.98502E-05 9.98502E-05 9.98502E-05 9.98502E-05 0.0639756 9.98502E-05 9.98502E-05 0.124509 9.98502E-05 0.188127 9.98502E-05 0.43639 9.98502E-05 9.98502E-05 9.98502E-05 0.142377 9.98502E-05 0.0431231 9.98502E-05 9.98502E-05
0.00362347 9.98508E-05 9.98508E-05 9.98508E-05 9.98508E-05 9.98508E-05 9.98508E-05 9.98508E-05 0.0213806 0.0261125 9.98508E-05 9.98508E-05 0.947186 9.98508E-05 9.98508E-05 9.98508E-05 9.98508E-05 9.98508E-05 9.98508E-05 9.98508E-05 9.98508E-05
9.98595E-05 0.0558473 9.98595E-05 9.98595E-05 9.98595E-05 0.0552666 0.0137691 9.98595E-05 9.98595E-05 9.98595E-05 9.98595E-05 9.98595E-05 0.854788 9.98595E-05 9.98595E-05 9.98595E-05 9.98595E-05 9.98595E-05 9.98595E-05 0.0187312 9.98595E-05
0.217357 9.98506E-05 9.98506E-05 9.98506E-05 9.98506E-05 9.98506E-05 9.98506E-05 9.98506E-05 0.176965 9.98506E-05 9.98506E-05 9.98506E-05 0.476567 9.98506E-05 9.98506E-05 9.98506E-05 0.127413 9.98506E-05 9.98506E-05 9.98506E-05 9.98506E-05
9.9842E-05 9.9842E-05 9.9842E-05 9.9842E-05 9.9842E-05 9.9842E-05 9.9842E-05 9.9842E-05 0.154576 9.9842E-05 9.9842E-05 9.9842E-05 0.753768 9.9842E-05 9.9842E-05 9.9842E-05 0.0898589 9.9842E-05 9.9842E-05 9.9842E-05 9.9842E-05
9.98508E-05 9.98508E-05 9.98508E-05 9.98508E-05 9.98508E-05 9.98508E-05 9.98508E-05 9.98508E-05 0.0800442 9.98508E-05 9.98508E-05 9.98508E-05 0.789453 9.98508E-05 9.98508E-05 9.98508E-05 0.0421627 9.98508E-05 9.98508E-05 0.0866427 9.98508E-05
9.98508E-05 9.98508E-05 9.98508E-05 9.98508E-05 9.98508E-05 9.98508E-05 0.117225 9.98508E-05 9.98508E-05 9.98508E-05 0.0502386 9.98508E-05 0.774626 9.98508E-05 9.98508E-05 9.98508E-05 0.0562124 9.98508E-05 9.98508E-05 9.98508E-05 9.98508E-05
0.213212 9.98509E-05 9.98509E-05 9.98509E-05 9.98509E-05 9.98509E-05 9.98509E-05 0.0780049 0.0601416 9.98509E-05 9.98509E-05 9.98509E-05 0.646944 9.98509E-05 9.98509E-05 9.98509E-05 9.98509E-05 9.98509E-05 9.98509E-05 9.98509E-05 9.98509E-05
9.98243E-05 9.98243E-05 9.98243E-05 9.98243E-05 9.98243E-05 9.98243E-05 9.98243E-05 9.98243E-05 9.98243E-05 9.98243E-05 9.98243E-05 9.98243E-05 9.98243E-05 9.98243E-05 9.98243E-05 9.98243E-05 0.998004 9.98243E-05 9.98243E-05 9.98243E-05 9.98243E-05
9.98243E-05 9.98243E-05 9.98243E-05 9.98243E-05 9.98243E-05 9.98243E-05 9.98243E-05 9.98243E-05 0.998004 9.98243E-05 9.98243E-05 9.98243E-05 9.98243E-05 9.98243E-05 9.98243E-05 9.98243E-05 9.98243E-05 9.98243E-05 9.98243E-05 9.98243E-05 9.98243E-05
9.98242E-05 9.98242E-05 9.98242E-05 9.98242E-05 9.98242E-05 9.98242E-05 9.98242E-05 9.98242E-05 9.98242E-05 9.98242E-05 9.98242E-05 9.98242E-05 9.98242E-05 9.98242E-05 9.98242E-05 9.98242E-05 0.998004 9.98242E-05 9.98242E-05 9.98242E-05 9.98242E-05
9.98242E-05 9.98242E-05 9.98242E-05 9.98242E-05 9.98242E-05 9.98242E-05 9.98242E-05 9.98242E-05 0.998004 9.98242E-05 9.98242E-05 9.98242E-05 9.98242E-05 9.98242E-05 9.98242E-05 9.98242E-05 9.98242E-05 9.98242E-05 9.98242E-05 9.98242E-05 9.98242E-05
9.98242E-05 9.98242E-05 9.98242E-05 9.98242E-05 9.98242E-05 9.98242E-05 9.98242E-05 9.98242E-05 0.998004 9.98242E-05 9.98242E-05 9.98242E-05 9.98242E-05 9.98242E-05 9.98242E-05 9.98242E-05 9.98242E-05 9.98242E-05 9.98242E-05 9.98242E-05 9.98242E-05
9.98331E-05 9.98331E-05 9.98331E-05 9.98331E-05 9.98331E-05 9.98331E-05 9.98331E-05 9.98331E-05 0.994031 9.98331E-05 9.98331E-05 9.98331E-05 9.98331E-05 9.98331E-05 9.98331E-05 9.98331E-05 0.0040722 9.98331E-05 9.98331E-05 9.98331E-05 9.98331E-05
9.98243E-05 9.98243E-05 9.98243E-05 9.98243E-05 9.98243E-05 9.98243E-05 9.98243E-05 9.98243E-05 9.98243E-05 9.98243E-05 9.98243E-05 9.98243E-05 9.98243E-05 9.98243E-05 9.98243E-05 9.98243E-05 0.998004 9.98243E-05 9.98243E-05 9.98243E-05 9.98243E-05
9.98242E-05 9.98242E-05 9.98242E-05 9.98242E-05 9.98242E-05 9.98242E-05 9.98242E-05 9.98242E-05 0.998004 9.98242E-05 9.98242E-05 9.98242E-05 9.98242E-05 9.98242E-05 9.98242E-05 9.98242E-05 9.98242E-05 9.98242E-05 9.98242E-05 9.98242E-05 9.98242E-05
9.98242E-05 9.98242E-05 9.98242E-05 9.98242E-05 9.98242E-05 9.98242E-05 9.98242E-05 9.98242E-05 0.998004 9.98242E-05 9.98242E-05 9.98242E-05 9.98242E-05 9.98242E-05 9.98242E-05 9.98242E-05 9.98242E-05 9.98242E-05 9.98242E-05 9.98242E-05 9.98242E-05
9.98242E-05 9.98242E-05 9.98242E-05 9.98242E-05 9.98242E-05 9.98242E-05 9.98242E-05 9.98242E-05 9.98242E-05 9.98242E-05 9.98242E-05 9.98242E-05 9.98242E-05 9.98242E-05 9.98242E-05 9.98242E-05 0.998004 9.98242E-05 9.98242E-05 9.98242E-05 9.98242E-05
9.98331E-05 9.98331E-05 9.98331E-05 9.98331E-05 9.98331E-05 9.98331E-05 9.98331E-05 9.98331E-05 0.0212568 9.98331E-05 9.98331E-05 9.98331E-05 9.98331E-05 9.98331E-05 9.98331E-05 9.98331E-05 0.976846 9.98331E-05 9.98331E-05 9.98331E-05 9.98331E-05
9.98242E-05 9.98242E-05 9.98242E-05 9.98242E-05 9.98242E-05 9.98242E-05 9.98242E-05 9.98242E-05 9.98242E-05 9.98242E-05 9.98242E-05 9.98242E-05 9.98242E-05 9.98242E-05 9.98242E-05 9.98242E-05 0.998004 9.98242E-05 9.98242E-05 9.98242E-05 9.98242E-05
9.98241E-05 9.98241E-05 9.98241E-05 9.98241E-05 9.98241E-05 9.98241E-05 9.98241E-05 9.98241E-05 0.998004 9.98241E-05 9.98241E-05 9.98241E-05 9.98241E-05 9.98241E-05 9.98241E-05 9.98241E-05 9.98241E-05 9.98241E-05 9.98241E-05 9.98241E-05 9.98241E-05
9.98242E-05 9.98242E-05 9.98242E-05 9.98242E-05 9.98242E-05 9.98242E-05 9.98242E-05 9.98242E-05 0.998004 9.98242E-05 9.98242E-05 9.98242E-05 9.98242E-05 9.98242E-05 9.98242E-05 9.98242E-05 9.98242E-05 9.98242E-05 9.98242E-05 9.98242E-05 9.98242E-05
9.98242E-05 9.98242E-05 9.98242E-05 9.98242E-05 9.98242E-05 9.98242E-05 9.98242E-05 9.98242E-05 9.98242E-05 9.98242E-05 9.98242E-05 9.98242E-05 9.98242E-05 9.98242E-05 9.98242E-05 9.98242E-05 0.998004 9.98242E-05 9.98242E-05 9.98242E-05 9.98242E-05
9.98241E-05 9.98241E-05 9.98241E-05 9.98241E-05 9.98241E-05 9.98241E-05 9.98241E-05 9.98241E-05 9.98241E-05 9.98241E-05 9.98241E-05 9.98241E-05 9.98241E-05 9.98241E-05 9.98241E-05 9.98241E-05 0.998004 9.98241E-05 9.98241E-05 9.98241E-05 9.98241E-05
9.98858E-05 9.98858E-05 9.98858E-05 9.98858E-05 9.98858E-05 0.00370207 0.0422643 9.98858E-05 0.0481154 9.98858E-05 9.98858E-05 9.98858E-05 0.554047 9.98858E-05 9.98858E-05 0.0650175 0.0701542 9.98858E-05 9.98858E-05 0.125014 0.090387
9.98243E-05 9.98243E-05 9.98243E-05 9.98243E-05 9.98243E-05 9.98243E-05 9.98243E-05 9.98243E-05 9.98243E-05 9.98243E-05 9.98243E-05 9.98243E-05 9.98243E-05 9.98243E-05 9.98243E-05 9.98243E-05 0.998004 9.98243E-05 9.98243E-05 9.98243E-05 9.98243E-05
