9.9842E-05 9.9842E-05 9.9842E-05 9.9842E-05 0.0874284 9.9842E-05 9.9842E-05 0.0418206 9.9842E-05 0.121559 0.273441 9.9842E-05 9.9842E-05 9.9842E-05 9.9842E-05 9.9842E-05 0.419815 9.9842E-05 9.9842E-05 0.0116371 9.9842E-05 9.9842E-05 9.9842E-05 9.9842E-05 0.0425023
9.98158E-05 9.98158E-05 9.98158E-05 9.98158E-05 9.98158E-05 9.98158E-05 9.98158E-05 0.122062 9.98158E-05 9.98158E-05 0.0219005 9.98158E-05 9.98158E-05 9.98158E-05 9.98158E-05 9.98158E-05 0.111891 9.98158E-05 9.98158E-05 9.98158E-05 9.98158E-05 9.98158E-05 0.742051 9.98158E-05 9.98158E-05
9.97895E-05 9.97895E-05 9.97895E-05 9.97895E-05 9.97895E-05 9.97895E-05 9.97895E-05 9.97895E-05 9.97895E-05 9.97895E-05 9.97895E-05 9.97895E-05 9.97895E-05 9.97895E-05 9.97895E-05 9.97895E-05 9.97895E-05 9.97895E-05 9.97895E-05 9.97895E-05 9.97895E-05 9.97895E-05 0.997605 9.97895E-05 9.97895E-05
0.24731 9.98772E-05 9.98772E-05 9.98772E-05 0.0269379 0.0728038 0.0639467 9.98772E-05 9.98772E-05 0.14343 9.98772E-05 9.98772E-05 0.0597398 9.98772E-05 9.98772E-05 9.98772E-05 0.150797 9.98772E-05 9.98772E-05 9.98772E-05 0.0179575 0.092071 0.119841 0.00376766 9.98772E-05
9.98246E-05 9.98246E-05 9.98246E-05 9.98246E-05 9.98246E-05 9.98246E-05 0.0615486 9.98246E-05 9.98246E-05 9.98246E-05 9.98246E-05 9.98246E-05 9.98246E-05 9.98246E-05 9.98246E-05 0.0334887 0.810478 9.98246E-05 9.98246E-05 9.98246E-05 9.98246E-05 0.0743048 9.98246E-05 0.0181834 9.98246E-05
9.98422E-05 9.98422E-05 9.98422E-05 9.98422E-05 9.98422E-05 9.98422E-05 9.98422E-05 9.98422E-05 9.98422E-05 9.98422E-05 0.188931 0.146484 0.00136248 9.98422E-05 9.98422E-05 0.0420888 9.98422E-05 9.98422E-05 9.98422E-05 9.98422E-05 9.98422E-05 0.252059 0.159582 0.207697 9.98422E-05
0.0433781 9.9886E-05 9.9886E-05 9.9886E-05 0.0873578 9.9886E-05 0.0560329 0.0527408 9.9886E-05 0.18553 0.0978436 9.9886E-05 9.9886E-05 0.078964 9.9886E-05 9.9886E-05 0.247185 0.026374 9.9886E-05 9.9886E-05 9.9886E-05 9.9886E-05 0.0334462 0.0673367 0.0225131
0.0397831 9.98772E-05 9.98772E-05 9.98772E-05 9.98772E-05 9.98772E-05 0.0623674 9.98772E-05 0.0706781 0.221142 0.115385 0.0963797 9.98772E-05 0.00613839 9.98772E-05 0.0665225 0.138455 9.98772E-05 9.98772E-05 9.98772E-05 9.98772E-05 0.169923 9.98772E-05 0.0118272 9.98772E-05
9.98595E-05 9.98595E-05 9.98595E-05 9.98595E-05 9.98595E-05 9.98595E-05 9.98595E-05 9.98595E-05 9.98595E-05 0.111311 0.00590138 0.183868 0.225614 9.98595E-05 9.98595E-05 9.98595E-05 0.160427 0.0711447 9.98595E-05 9.98595E-05 9.98595E-05 0.0587745 0.0380886 9.98595E-05 0.143272
9.97982E-05 9.97982E-05 9.97982E-05 9.97982E-05 9.97982E-05 9.97982E-05 9.97982E-05 9.97982E-05 9.97982E-05 9.97982E-05 9.97982E-05 9.97982E-05 9.97982E-05 9.97982E-05 9.97982E-05 9.97982E-05 0.936306 9.97982E-05 9.97982E-05 9.97982E-05 9.97982E-05 9.97982E-05 9.97982E-05 9.97982E-05 0.0613984
9.98596E-05 9.98596E-05 9.98596E-05 9.98596E-05 0.0818692 9.98596E-05 0.0113718 9.98596E-05 9.98596E-05 0.132054 0.23759 0.0502971 0.0197036 9.98596E-05 9.98596E-05 9.98596E-05 0.368608 9.98596E-05 9.98596E-05 9.98596E-05 9.98596E-05 0.00698139 9.98596E-05 9.98596E-05 0.0899272
0.0379223 9.98334E-05 9.98334E-05 9.98334E-05 0.00110019 9.98334E-05 9.98334E-05 9.98334E-05 0.030568 9.98334E-05 9.98334E-05 9.98334E-05 9.98334E-05 9.98334E-05 9.98334E-05 9.98334E-05 9.98334E-05 9.98334E-05 9.98334E-05 9.98334E-05 9.98334E-05 0.00208845 0.925525 0.000899042 9.98334E-05
9.98157E-05 9.98157E-05 9.98157E-05 9.98157E-05 9.98157E-05 9.98157E-05 0.0035324 9.98157E-05 9.98157E-05 0.0540162 9.98157E-05 9.98157E-05 9.98157E-05 9.98157E-05 9.98157E-05 9.98157E-05 0.886873 9.98157E-05 9.98157E-05 9.98157E-05 9.98157E-05 9.98157E-05 9.98157E-05 9.98157E-05 0.0534826
9.98597E-05 0.105343 0.0249847 9.98597E-05 0.0346876 0.0572802 9.98597E-05 9.98597E-05 0.0252463 9.98597E-05 9.98597E-05 9.98597E-05 9.98597E-05 9.98597E-05 9.98597E-05 0.0639815 0.499032 9.98597E-05 9.98597E-05 9.98597E-05 9.98597E-05 9.98597E-05 0.147659 9.98597E-05 0.0401876
9.98509E-05 9.98509E-05 9.98509E-05 0.116836 9.98509E-05 9.98509E-05 9.98509E-05 9.98509E-05 9.98509E-05 9.98509E-05 0.26591 0.135803 0.0594571 9.98509E-05 9.98509E-05 9.98509E-05 0.236716 9.98509E-05 0.00552652 9.98509E-05 9.98509E-05 0.0370255 9.98509E-05 9.98509E-05 0.141028
0.00952895 9.98596E-05 9.98596E-05 9.98596E-05 9.98596E-05 9.98596E-05 9.98596E-05 9.98596E-05 0.0687674 0.0784742 0.228837 0.112673 9.98596E-05 9.98596E-05 0.131137 9.98596E-05 0.163413 9.98596E-05 9.98596E-05 9.98596E-05 9.98596E-05 0.155781 9.98596E-05 9.98596E-05 0.0497906
9.98508E-05 9.98508E-05 0.187048 9.98508E-05 0.0128641 9.98508E-05 9.98508E-05 0.0382607 9.98508E-05 0.0506907 9.98508E-05 9.98508E-05 0.165223 9.98508E-05 9.98508E-05 9.98508E-05 0.358059 9.98508E-05 9.98508E-05 9.98508E-05 9.98508E-05 9.98508E-05 0.170296 9.98508E-05 0.0158603
9.98421E-05 9.98421E-05 9.98421E-05 9.98421E-05 9.98421E-05 9.98421E-05 0.0744078 9.98421E-05 9.98421E-05 0.075691 0.362301 9.98421E-05 9.98421E-05 9.98421E-05 9.98421E-05 9.98421E-05 0.0956155 9.98421E-05 9.98421E-05 0.150437 0.122181 9.98421E-05 9.98421E-05 9.98421E-05 0.117569
9.98332E-05 9.98332E-05 9.98332E-05 9.98332E-05 0.0314435 9.98332E-05 9.98332E-05 9.98332E-05 9.98332E-05 0.214714 9.98332E-05 0.0304875 9.98332E-05 9.98332E-05 9.98332E-05 9.98332E-05 9.98332E-05 9.98332E-05 9.98332E-05 9.98332E-05 9.98332E-05 9.98332E-05 0.347333 0.156128 0.217997
9.98071E-05 9.98071E-05 9.98071E-05 9.98071E-05 9.98071E-05 9.98071E-05 9.98071E-05 9.98071E-05 9.98071E-05 9.98071E-05 9.98071E-05 9.98071E-05 9.98071E-05 9.98071E-05 9.98071E-05 9.98071E-05 0.954427 9.98071E-05 9.98071E-05 9.98071E-05 0.0396422 9.98071E-05 9.98071E-05 9.98071E-05 0.00373512
9.98508E-05 9.98508E-05 9.98508E-05 9.98508E-05 9.98508E-05 0.062548 0.158869 9.98508E-05 0.120494 0.021122 9.98508E-05 0.0343274 0.120101 9.98508E-05 9.98508E-05 9.98508E-05 0.472587 9.98508E-05 9.98508E-05 9.98508E-05 9.98508E-05 9.98508E-05 9.98508E-05 9.98508E-05 0.0082549
9.98334E-05 9.98334E-05 9.98334E-05 9.98334E-05 9.98334E-05 9.98334E-05 9.98334E-05 9.98334E-05 9.98334E-05 0.262391 9.98334E-05 0.153805 9.98334E-05 9.98334E-05 9.98334E-05 0.0735452 0.264855 9.98334E-05 0.0867693 9.98334E-05 9.98334E-05 9.98334E-05 9.98334E-05 0.156738 9.98334E-05
0.00369673 9.98422E-05 9.98422E-05 9.98422E-05 0.0299075 9.98422E-05 9.98422E-05 9.98422E-05 9.98422E-05 9.98422E-05 0.227506 9.98422E-05 9.98422E-05 9.98422E-05 9.98422E-05 9.98422E-05 0.604896 9.98422E-05 9.98422E-05 9.98422E-05 0.00703637 0.026017 9.98422E-05 9.98422E-05 0.0991432
9.98421E-05 9.98421E-05 9.98421E-05 9.98421E-05 9.98421E-05 9.98421E-05 9.98421E-05 9.98421E-05 0.0119841 0.331244 0.0427188 9.98421E-05 9.98421E-05 9.98421E-05 9.98421E-05 9.98421E-05 0.323173 0.0385126 0.0180767 9.98421E-05 9.98421E-05 9.98421E-05 9.98421E-05 9.98421E-05 0.232493
0.012386 0.0247608 9.98858E-05 9.98858E-05 0.0419457 0.141599 9.98858E-05 9.98858E-05 0.0598852 0.115206 9.98858E-05 0.0415946 9.98858E-05 9.98858E-05 9.98858E-05 9.98858E-05 0.105533 0.0108499 9.98858E-05 9.98858E-05 0.00715213 9.98858E-05 0.183024 9.98858E-05 0.254765
0.0736208 9.98158E-05 9.98158E-05 0.108299 9.98158E-05 9.98158E-05 9.98158E-05 9.98158E-05 9.98158E-05 9.98158E-05 9.98158E-05 9.98158E-05 9.98158E-05 9.98158E-05 9.98158E-05 9.98158E-05 0.724423 9.98158E-05 9.98158E-05 9.98158E-05 9.98158E-05 9.98158E-05 9.98158E-05 9.98158E-05 0.0915609
9.98509E-05 9.98509E-05 9.98509E-05 0.135592 9.98509E-05 0.0964843 9.98509E-05 9.98509E-05 0.0502455 0.203143 9.98509E-05 9.98509E-05 9.98509E-05 9.98509E-05 9.98509E-05 9.98509E-05 0.0136478 9.98509E-05 0.186741 0.13903 9.98509E-05 9.98509E-05 9.98509E-05 9.98509E-05 0.173419
0.0259368 9.98334E-05 9.98334E-05 9.98334E-05 9.98334E-05 9.98334E-05 9.98334E-05 9.98334E-05 0.0135652 0.0461028 9.98334E-05 9.98334E-05 9.98334E-05 9.98334E-05 9.98334E-05 9.98334E-05 0.851025 9.98334E-05 9.98334E-05 9.98334E-05 9.98334E-05 9.98334E-05 9.98334E-05 0.0246986 0.0367751
9.98247E-05 9.98247E-05 9.98247E-05 9.98247E-05 9.98247E-05 0.0924484 9.98247E-05 9.98247E-05 9.98247E-05 9.98247E-05 9.98247E-05 9.98247E-05 9.98247E-05 9.98247E-05 9.98247E-05 9.98247E-05 9.98247E-05 0.00330922 0.104702 9.98247E-05 9.98247E-05 9.98247E-05 0.648446 9.98247E-05 0.149097
9.98421E-05 9.98421E-05 0.0410435 9.98421E-05 9.98421E-05 9.98421E-05 9.98421E-05 9.98421E-05 9.98421E-05 9.98421E-05 9.98421E-05 0.0230523 9.98421E-05 9.98421E-05 9.98421E-05 9.98421E-05 0.0983332 0.0484716 9.98421E-05 9.98421E-05 9.98421E-05 9.98421E-05 0.71627 0.0547558 0.0162761
9.98509E-05 9.98509E-05 9.98509E-05 9.98509E-05 0.109365 9.98509E-05 9.98509E-05 9.98509E-05 9.98509E-05 9.98509E-05 0.0982497 0.0148664 9.98509E-05 9.98509E-05 9.98509E-05 9.98509E-05 0.668358 0.00901044 0.0623254 0.00678072 0.0293463 9.98509E-05 9.98509E-05 9.98509E-05 9.98509E-05
9.9851E-05 9.9851E-05 9.9851E-05 9.9851E-05 0.0492974 9.9851E-05 9.9851E-05 9.9851E-05 9.9851E-05 0.0516374 0.0456278 9.9851E-05 0.0400531 9.9851E-05 9.9851E-05 9.9851E-05 0.506336 9.9851E-05 9.9851E-05 9.9851E-05 9.9851E-05 0.265726 9.9851E-05 0.0295777 0.0100476
0.012688 9.98508E-05 9.98508E-05 9.98508E-05 0.0595691 0.0221518 9.98508E-05 9.98508E-05 9.98508E-05 0.1075 0.171931 9.98508E-05 9.98508E-05 9.98508E-05 9.98508E-05 9.98508E-05 0.181111 9.98508E-05 9.98508E-05 9.98508E-05 9.98508E-05 9.98508E-05 0.311464 9.98508E-05 0.131888
9.9842E-05 9.9842E-05 9.9842E-05 0.085808 9.9842E-05 0.0447562 9.9842E-05 9.9842E-05 0.0669138 9.9842E-05 9.9842E-05 9.9842E-05 9.9842E-05 9.9842E-05 9.9842E-05 9.9842E-05 9.9842E-05 9.9842E-05 9.9842E-05 0.00701404 9.9842E-05 9.9842E-05 0.701329 0.00754565 0.0848361
9.98247E-05 9.98247E-05 9.98247E-05 9.98247E-05 0.00945565 9.98247E-05 9.98247E-05 0.00180291 9.98247E-05 9.98247E-05 9.98247E-05 9.98247E-05 9.98247E-05 9.98247E-05 9.98247E-05 9.98247E-05 0.0637007 9.98247E-05 0.0608287 9.98247E-05 9.98247E-05 9.98247E-05 0.862215 9.98247E-05 9.98247E-05
9.98422E-05 9.98422E-05 9.98422E-05 9.98422E-05 9.98422E-05 9.98422E-05 9.98422E-05 9.98422E-05 9.98422E-05 0.0355652 0.05491 9.98422E-05 0.106316 9.98422E-05 9.98422E-05 9.98422E-05 0.665999 0.0346829 0.0890502 9.98422E-05 0.0116801 9.98422E-05 9.98422E-05 9.98422E-05 9.98422E-05
9.98161E-05 9.98161E-05 9.98161E-05 9.98161E-05 9.98161E-05 9.98161E-05 9.98161E-05 0.00979329 9.98161E-05 9.98161E-05 9.98161E-05 9.98161E-05 9.98161E-05 0.0177909 9.98161E-05 9.98161E-05 0.832701 9.98161E-05 9.98161E-05 9.98161E-05 9.98161E-05 9.98161E-05 9.98161E-05 0.137618 9.98161E-05
9.98247E-05 9.98247E-05 9.98247E-05 9.98247E-05 9.98247E-05 9.98247E-05 9.98247E-05 0.0181842 9.98247E-05 9.98247E-05 9.98247E-05 0.181646 9.98247E-05 9.98247E-05 9.98247E-05 9.98247E-05 9.98247E-05 9.98247E-05 9.98247E-05 9.98247E-05 0.000569254 9.98247E-05 0.768665 9.98247E-05 0.0289388
9.98335E-05 9.98335E-05 0.0501746 9.98335E-05 9.98335E-05 9.98335E-05 9.98335E-05 0.0327138 9.98335E-05 0.017219 9.98335E-05 9.98335E-05 9.98335E-05 9.98335E-05 9.98335E-05 0.0210056 9.98335E-05 9.98335E-05 9.98335E-05 9.98335E-05 9.98335E-05 9.98335E-05 0.703057 9.98335E-05 0.173933
9.98509E-05 9.98509E-05 9.98509E-05 9.98509E-05 0.0396169 0.00144313 9.98509E-05 9.98509E-05 0.0538097 0.0185564 9.98509E-05 9.98509E-05 9.98509E-05 9.98509E-05 0.013495 9.98509E-05 9.98509E-05 9.98509E-05 9.98509E-05 9.98509E-05 9.98509E-05 9.98509E-05 0.717029 0.0562243 0.0981278
0.00380521 9.98596E-05 9.98596E-05 9.98596E-05 0.0172171 9.98596E-05 9.98596E-05 9.98596E-05 9.98596E-05 0.00732986 9.98596E-05 9.98596E-05 9.98596E-05 0.0193554 9.98596E-05 9.98596E-05 0.71624 0.0175495 0.151265 9.98596E-05 9.98596E-05 9.98596E-05 9.98596E-05 0.0155091 0.0501319
9.98424E-05 9.98424E-05 9.98424E-05 9.98424E-05 9.98424E-05 9.98424E-05 9.98424E-05 0.034466 9.98424E-05 0.0852803 9.98424E-05 9.98424E-05 9.98424E-05 9.98424E-05 9.98424E-05 9.98424E-05 0.426142 0.0238669 0.201432 9.98424E-05 9.98424E-05 9.98424E-05 0.224488 9.98424E-05 0.00252795
9.98333E-05 9.98333E-05 9.98333E-05 9.98333E-05 9.98333E-05 9.98333E-05 0.0296061 9.98333E-05 9.98333E-05 9.98333E-05 9.98333E-05 9.98333E-05 9.98333E-05 0.0124548 0.00413144 0.0114062 0.897606 9.98333E-05 9.98333E-05 9.98333E-05 9.98333E-05 9.98333E-05 9.98333E-05 0.0428982 9.98333E-05
0.0617821 9.98508E-05 9.98508E-05 9.98508E-05 9.98508E-05 9.98508E-05 9.98508E-05 9.98508E-05 9.98508E-05 0.173483 0.0702002 0.0891396 9.98508E-05 9.98508E-05 9.98508E-05 9.98508E-05 9.98508E-05 0.0529081 9.98508E-05 9.98508E-05 9.98508E-05 0.0549573 0.399433 9.98508E-05 0.0963989
0.113606 9.98247E-05 9.98247E-05 9.98247E-05 9.98247E-05 9.98247E-05 9.98247E-05 9.98247E-05 9.98247E-05 0.387298 9.98247E-05 9.98247E-05 9.98247E-05 9.98247E-05 9.98247E-05 9.98247E-05 9.98247E-05 9.98247E-05 9.98247E-05 9.98247E-05 9.98247E-05 9.98247E-05 0.281926 0.0741972 0.140976
0.0533381 9.98333E-05 9.98333E-05 9.98333E-05 9.98333E-05 9.98333E-05 9.98333E-05 9.98333E-05 9.98333E-05 0.0238423 9.98333E-05 9.98333E-05 9.98333E-05 9.98333E-05 9.98333E-05 9.98333E-05 0.0516467 9.98333E-05 9.98333E-05 9.98333E-05 0.00904831 9.98333E-05 0.830024 9.98333E-05 0.0302034
9.98159E-05 9.98159E-05 9.98159E-05 9.98159E-05 9.98159E-05 9.98159E-05 9.98159E-05 9.98159E-05 9.98159E-05 9.98159E-05 9.98159E-05 9.98159E-05 9.98159E-05 9.98159E-05 9.98159E-05 9.98159E-05 0.895161 9.98159E-05 9.98159E-05 0.0129542 9.98159E-05 0.048411 9.98159E-05 9.98159E-05 0.0413774
9.97897E-05 9.97897E-05 9.97897E-05 9.97897E-05 9.97897E-05 9.97897E-05 9.97897E-05 9.97897E-05 9.97897E-05 9.97897E-05 9.97897E-05 9.97897E-05 9.97897E-05 9.97897E-05 9.97897E-05 9.97897E-05 9.97897E-05 9.97897E-05 9.97897E-05 9.97897E-05 9.97897E-05 9.97897E-05 0.997605 9.97897E-05 9.97897E-05
0.013517 9.9842E-05 9.9842E-05 9.9842E-05 0.0167506 9.9842E-05 9.9842E-05 9.9842E-05 9.9842E-05 0.207521 9.9842E-05 9.9842E-05 9.9842E-05 9.9842E-05 9.9842E-05 9.9842E-05 0.0447089 9.9842E-05 0.0315701 9.9842E-05 9.9842E-05 9.9842E-05 0.630818 9.9842E-05 0.053317
9.98163E-05 9.98163E-05 9.98163E-05 9.98163E-05 9.98163E-05 9.98163E-05 9.98163E-05 9.98163E-05 9.98163E-05 9.98163E-05 9.98163E-05 9.98163E-05 9.98163E-05 0.133163 9.98163E-05 9.98163E-05 9.98163E-05 9.98163E-05 9.98163E-05 0.000810219 9.98163E-05 9.98163E-05 0.849911 0.0140201 9.98163E-05
0.0633218 9.98859E-05 9.98859E-05 9.98859E-05 0.124224 9.98859E-05 0.0153578 9.98859E-05 9.98859E-05 0.0925508 0.026159 0.0187037 9.98859E-05 9.98859E-05 0.0237684 9.98859E-05 0.278451 0.0311601 9.98859E-05 9.98859E-05 9.98859E-05 0.15584 0.0227015 9.98859E-05 0.146465
0.10981 9.98422E-05 9.98422E-05 9.98422E-05 9.98422E-05 9.98422E-05 9.98422E-05 9.98422E-05 0.0511857 0.261422 9.98422E-05 9.98422E-05 9.98422E-05 9.98422E-05 9.98422E-05 0.00413039 0.270833 0.0404299 9.98422E-05 9.98422E-05 9.98422E-05 9.98422E-05 0.260392 9.98422E-05 9.98422E-05
9.98247E-05 9.98247E-05 9.98247E-05 9.98247E-05 9.98247E-05 0.0204246 9.98247E-05 0.00918305 9.98247E-05 9.98247E-05 9.98247E-05 9.98247E-05 9.98247E-05 9.98247E-05 9.98247E-05 9.98247E-05 0.3091 9.98247E-05 9.98247E-05 0.0829515 9.98247E-05 9.98247E-05 0.576344 9.98247E-05 9.98247E-05
9.98334E-05 9.98334E-05 9.98334E-05 9.98334E-05 9.98334E-05 9.98334E-05 9.98334E-05 9.98334E-05 0.0354704 9.98334E-05 9.98334E-05 9.98334E-05 9.98334E-05 0.0172622 0.105026 0.0363207 9.98334E-05 9.98334E-05 9.98334E-05 0.0122456 9.98334E-05 9.98334E-05 0.791778 9.98334E-05 9.98334E-05
9.98336E-05 9.98336E-05 9.98336E-05 9.98336E-05 9.98336E-05 9.98336E-05 9.98336E-05 9.98336E-05 9.98336E-05 9.98336E-05 9.98336E-05 9.98336E-05 9.98336E-05 9.98336E-05 9.98336E-05 0.00940408 0.0066558 0.00675385 9.98336E-05 9.98336E-05 9.98336E-05 9.98336E-05 0.887255 0.0100724 0.0779626
9.98161E-05 9.98161E-05 9.98161E-05 0.0645641 9.98161E-05 9.98161E-05 9.98161E-05 9.98161E-05 9.98161E-05 9.98161E-05 9.98161E-05 9.98161E-05 9.98161E-05 9.98161E-05 9.98161E-05 9.98161E-05 9.98161E-05 9.98161E-05 9.98161E-05 9.98161E-05 9.98161E-05 0.0588642 0.78685 0.087626 9.98161E-05
9.98334E-05 9.98334E-05 9.98334E-05 9.98334E-05 9.98334E-05 9.98334E-05 9.98334E-05 0.00221964 9.98334E-05 9.98334E-05 9.98334E-05 9.98334E-05 9.98334E-05 9.98334E-05 9.98334E-05 0.0217465 0.676789 9.98334E-05 9.98334E-05 0.128606 9.98334E-05 9.98334E-05 9.98334E-05 0.0302608 0.138481
0.0146781 9.98159E-05 9.98159E-05 9.98159E-05 0.0443829 9.98159E-05 9.98159E-05 9.98159E-05 9.98159E-05 9.98159E-05 9.98159E-05 9.98159E-05 9.98159E-05 9.98159E-05 9.98159E-05 9.98159E-05 0.884881 9.98159E-05 9.98159E-05 9.98159E-05 9.98159E-05 9.98159E-05 9.98159E-05 9.98159E-05 0.0539622
0.0570792 9.98246E-05 9.98246E-05 9.98246E-05 0.0151154 9.98246E-05 9.98246E-05 9.98246E-05 9.98246E-05 9.98246E-05 9.98246E-05 9.98246E-05 9.98246E-05 9.98246E-05 9.98246E-05 9.98246E-05 0.1507 9.98246E-05 0.00316443 9.98246E-05 9.98246E-05 9.98246E-05 0.771945 9.98246E-05 9.98246E-05
9.98508E-05 9.98508E-05 9.98508E-05 9.98508E-05 0.0254299 9.98508E-05 9.98508E-05 9.98508E-05 9.98508E-05 0.0168542 0.781054 0.00384938 0.000468616 9.98508E-05 9.98508E-05 0.0187081 9.98508E-05 9.98508E-05 9.98508E-05 0.0017134 9.98508E-05 9.98508E-05 9.98508E-05 9.98508E-05 0.150225
9.97985E-05 9.97985E-05 9.97985E-05 9.97985E-05 9.97985E-05 9.97985E-05 9.97985E-05 9.97985E-05 9.97985E-05 9.97985E-05 0.972242 9.97985E-05 9.97985E-05 9.97985E-05 0.0254625 9.97985E-05 9.97985E-05 9.97985E-05 9.97985E-05 9.97985E-05 9.97985E-05 9.97985E-05 9.97985E-05 9.97985E-05 9.97985E-05
9.98158E-05 9.98158E-05 9.98158E-05 9.98158E-05 9.98158E-05 9.98158E-05 9.98158E-05 9.98158E-05 9.98158E-05 9.98158E-05 0.977152 9.98158E-05 9.98158E-05 9.98158E-05 0.00707986 0.00482417 9.98158E-05 9.98158E-05 9.98158E-05 0.00884807 9.98158E-05 9.98158E-05 9.98158E-05 9.98158E-05 9.98158E-05
9.98334E-05 9.98334E-05 9.98334E-05 9.98334E-05 9.98334E-05 9.98334E-05 9.98334E-05 0.23621 9.98334E-05 9.98334E-05 0.354388 0.0976299 9.98334E-05 0.0381494 9.98334E-05 9.98334E-05 9.98334E-05 9.98334E-05 9.98334E-05 9.98334E-05 9.98334E-05 0.250509 9.98334E-05 9.98334E-05 0.0212173
0.0495019 9.98418E-05 9.98418E-05 9.98418E-05 9.98418E-05 9.98418E-05 0.0126621 9.98418E-05 9.98418E-05 0.0700532 0.745613 0.0518799 9.98418E-05 9.98418E-05 0.0452898 9.98418E-05 9.98418E-05 9.98418E-05 9.98418E-05 9.98418E-05 0.0232034 9.98418E-05 9.98418E-05 9.98418E-05 9.98418E-05
9.98154E-05 9.98154E-05 9.98154E-05 9.98154E-05 9.98154E-05 9.98154E-05 9.98154E-05 9.98154E-05 9.98154E-05 0.0946215 0.72973 0.0484045 9.98154E-05 9.98154E-05 9.98154E-05 9.98154E-05 9.98154E-05 9.98154E-05 9.98154E-05 9.98154E-05 9.98154E-05 9.98154E-05 9.98154E-05 9.98154E-05 0.125148
9.98331E-05 9.98331E-05 9.98331E-05 9.98331E-05 0.00021677 9.98331E-05 9.98331E-05 0.203308 0.0124491 9.98331E-05 0.618798 9.98331E-05 0.0961434 9.98331E-05 9.98331E-05 9.98331E-05 9.98331E-05 9.98331E-05 9.98331E-05 9.98331E-05 9.98331E-05 9.98331E-05 9.98331E-05 9.98331E-05 0.0671877
9.9833E-05 9.9833E-05 9.9833E-05 9.9833E-05 9.9833E-05 9.9833E-05 9.9833E-05 0.00457916 9.9833E-05 9.9833E-05 0.647125 0.017314 9.9833E-05 9.9833E-05 9.9833E-05 9.9833E-05 9.9833E-05 9.9833E-05 9.9833E-05 0.115545 9.9833E-05 0.135543 9.9833E-05 9.9833E-05 0.0779965
9.98072E-05 9.98072E-05 9.98072E-05 9.98072E-05 9.98072E-05 9.98072E-05 9.98072E-05 0.0764923 9.98072E-05 9.98072E-05 0.846056 9.98072E-05 9.98072E-05 9.98072E-05 9.98072E-05 9.98072E-05 9.98072E-05 0.075256 9.98072E-05 9.98072E-05 9.98072E-05 9.98072E-05 9.98072E-05 9.98072E-05 9.98072E-05
9.97981E-05 9.97981E-05 9.97981E-05 9.97981E-05 0.0487119 9.97981E-05 9.97981E-05 9.97981E-05 9.97981E-05 9.97981E-05 0.948993 9.97981E-05 9.97981E-05 9.97981E-05 9.97981E-05 9.97981E-05 9.97981E-05 9.97981E-05 9.97981E-05 9.97981E-05 9.97981E-05 9.97981E-05 9.97981E-05 9.97981E-05 9.97981E-05
9.98243E-05 9.98243E-05 9.98243E-05 9.98243E-05 0.135281 9.98243E-05 9.98243E-05 9.98243E-05 9.98243E-05 9.98243E-05 0.556052 0.107646 9.98243E-05 9.98243E-05 9.98243E-05 9.98243E-05 9.98243E-05 9.98243E-05 9.98243E-05 9.98243E-05 9.98243E-05 9.98243E-05 9.98243E-05 0.00868012 0.190344
9.98419E-05 9.98419E-05 9.98419E-05 9.98419E-05 0.0643862 9.98419E-05 9.98419E-05 9.98419E-05 0.114709 0.183588 0.482673 9.98419E-05 9.98419E-05 9.98419E-05 9.98419E-05 0.0299401 9.98419E-05 9.98419E-05 9.98419E-05 9.98419E-05 9.98419E-05 9.98419E-05 9.98419E-05 0.0314088 0.0914972
9.98506E-05 9.98506E-05 9.98506E-05 9.98506E-05 0.0338448 9.98506E-05 0.0779988 9.98506E-05 0.135866 9.98506E-05 0.33751 0.0978891 9.98506E-05 9.98506E-05 9.98506E-05 9.98506E-05 9.98506E-05 9.98506E-05 9.98506E-05 0.0145418 9.98506E-05 0.268794 9.98506E-05 0.0318575 9.98506E-05
9.98419E-05 9.98419E-05 9.98419E-05 0.0413752 9.98419E-05 9.98419E-05 9.98419E-05 0.020507 9.98419E-05 0.16033 0.590156 9.98419E-05 9.98419E-05 0.00574002 9.98419E-05 0.0130223 9.98419E-05 9.98419E-05 9.98419E-05 9.98419E-05 9.98419E-05 9.98419E-05 9.98419E-05 9.98419E-05 0.167073
9.98162E-05 9.98162E-05 9.98162E-05 9.98162E-05 9.98162E-05 0.000488044 9.98162E-05 9.98162E-05 9.98162E-05 9.98162E-05 0.888245 9.98162E-05 9.98162E-05 9.98162E-05 0.0379516 9.98162E-05 9.98162E-05 9.98162E-05 0.0712196 9.98162E-05 9.98162E-05 9.98162E-05 9.98162E-05 9.98162E-05 9.98162E-05
9.98072E-05 9.98072E-05 9.98072E-05 9.98072E-05 9.98072E-05 9.98072E-05 9.98072E-05 9.98072E-05 9.98072E-05 9.98072E-05 0.986456 0.00604259 9.98072E-05 9.98072E-05 9.98072E-05 9.98072E-05 9.98072E-05 9.98072E-05 9.98072E-05 9.98072E-05 9.98072E-05 9.98072E-05 9.98072E-05 9.98072E-05 0.00530591
9.98156E-05 9.98156E-05 9.98156E-05 9.98156E-05 9.98156E-05 9.98156E-05 9.98156E-05 9.98156E-05 9.98156E-05 9.98156E-05 0.690075 9.98156E-05 9.98156E-05 0.125837 9.98156E-05 9.98156E-05 9.98156E-05 9.98156E-05 9.98156E-05 9.98156E-05 9.98156E-05 0.121203 9.98156E-05 0.0607892 9.98156E-05
0.0462549 9.98331E-05 9.98331E-05 9.98331E-05 0.102065 9.98331E-05 9.98331E-05 9.98331E-05 9.98331E-05 0.109527 0.650465 0.0269083 9.98331E-05 9.98331E-05 9.98331E-05 9.98331E-05 9.98331E-05 9.98331E-05 9.98331E-05 9.98331E-05 9.98331E-05 9.98331E-05 9.98331E-05 0.0628834 9.98331E-05
9.98157E-05 9.98157E-05 9.98157E-05 9.98157E-05 0.0296967 9.98157E-05 9.98157E-05 9.98157E-05 9.98157E-05 9.98157E-05 0.95603 9.98157E-05 9.98157E-05 9.98157E-05 9.98157E-05 9.98157E-05 9.98157E-05 9.98157E-05 9.98157E-05 0.00101658 9.98157E-05 9.98157E-05 9.98157E-05 9.98157E-05 0.0111605
9.98154E-05 9.98154E-05 9.98154E-05 9.98154E-05 9.98154E-05 9.98154E-05 9.98154E-05 9.98154E-05 9.98154E-05 9.98154E-05 0.604315 9.98154E-05 9.98154E-05 9.98154E-05 0.108792 9.98154E-05 9.98154E-05 9.98154E-05 0.12656 9.98154E-05 9.98154E-05 9.98154E-05 9.98154E-05 9.98154E-05 0.158237
9.98076E-05 0.0467436 0.00220403 9.98076E-05 9.98076E-05 9.98076E-05 9.98076E-05 9.98076E-05 9.98076E-05 9.98076E-05 0.948857 9.98076E-05 9.98076E-05 9.98076E-05 9.98076E-05 9.98076E-05 9.98076E-05 9.98076E-05 9.98076E-05 9.98076E-05 9.98076E-05 9.98076E-05 9.98076E-05 9.98076E-05 9.98076E-05
9.98243E-05 9.98243E-05 9.98243E-05 0.0426073 9.98243E-05 9.98243E-05 9.98243E-05 9.98243E-05 9.98243E-05 0.18904 0.70928 9.98243E-05 9.98243E-05 9.98243E-05 9.98243E-05 9.98243E-05 9.98243E-05 9.98243E-05 0.0445051 9.98243E-05 9.98243E-05 9.98243E-05 9.98243E-05 9.98243E-05 0.0125716
9.9816E-05 9.9816E-05 9.9816E-05 9.9816E-05 9.9816E-05 0.0118635 9.9816E-05 0.0108856 9.9816E-05 9.9816E-05 0.682232 9.9816E-05 9.9816E-05 9.9816E-05 9.9816E-05 9.9816E-05 9.9816E-05 9.9816E-05 9.9816E-05 9.9816E-05 9.9816E-05 0.292923 9.9816E-05 9.9816E-05 9.9816E-05
9.98244E-05 9.98244E-05 9.98244E-05 9.98244E-05 9.98244E-05 9.98244E-05 9.98244E-05 9.98244E-05 9.98244E-05 9.98244E-05 0.657451 9.98244E-05 9.98244E-05 0.01741 9.98244E-05 9.98244E-05 9.98244E-05 0.0458205 9.98244E-05 9.98244E-05 9.98244E-05 0.148934 9.98244E-05 0.128388 9.98244E-05
9.97981E-05 9.97981E-05 9.97981E-05 9.97981E-05 0.159897 9.97981E-05 9.97981E-05 9.97981E-05 9.97981E-05 9.97981E-05 0.837808 9.97981E-05 9.97981E-05 9.97981E-05 9.97981E-05 9.97981E-05 9.97981E-05 9.97981E-05 9.97981E-05 9.97981E-05 9.97981E-05 9.97981E-05 9.97981E-05 9.97981E-05 9.97981E-05
9.98161E-05 9.98161E-05 0.0327443 9.98161E-05 9.98161E-05 9.98161E-05 9.98161E-05 9.98161E-05 9.98161E-05 9.98161E-05 0.94933 9.98161E-05 9.98161E-05 9.98161E-05 9.98161E-05 9.98161E-05 9.98161E-05 9.98161E-05 9.98161E-05 9.98161E-05 0.0142142 9.98161E-05 9.98161E-05 9.98161E-05 0.00161555
9.98072E-05 0.0824923 9.98072E-05 9.98072E-05 9.98072E-05 9.98072E-05 9.98072E-05 9.98072E-05 9.98072E-05 9.98072E-05 0.902946 9.98072E-05 9.98072E-05 9.98072E-05 9.98072E-05 0.0123659 9.98072E-05 9.98072E-05 9.98072E-05 9.98072E-05 9.98072E-05 9.98072E-05 9.98072E-05 9.98072E-05 9.98072E-05
9.97897E-05 9.97897E-05 9.97897E-05 9.97897E-05 9.97897E-05 9.97897E-05 9.97897E-05 9.97897E-05 9.97897E-05 9.97897E-05 0.997605 9.97897E-05 9.97897E-05 9.97897E-05 9.97897E-05 9.97897E-05 9.97897E-05 9.97897E-05 9.97897E-05 9.97897E-05 9.97897E-05 9.97897E-05 9.97897E-05 9.97897E-05 9.97897E-05
9.97983E-05 9.97983E-05 9.97983E-05 9.97983E-05 9.97983E-05 9.97983E-05 9.97983E-05 9.97983E-05 9.97983E-05 9.97983E-05 0.934988 9.97983E-05 9.97983E-05 9.97983E-05 9.97983E-05 9.97983E-05 9.97983E-05 9.97983E-05 9.97983E-05 0.0627162 9.97983E-05 9.97983E-05 9.97983E-05 9.97983E-05 9.97983E-05
9.98334E-05 0.377958 9.98334E-05 9.98334E-05 9.98334E-05 9.98334E-05 9.98334E-05 9.98334E-05 0.00340319 9.98334E-05 0.467787 0.00514161 9.98334E-05 9.98334E-05 9.98334E-05 9.98334E-05 9.98334E-05 9.98334E-05 0.0562218 9.98334E-05 9.98334E-05 9.98334E-05 9.98334E-05 9.98334E-05 0.0875908
9.98159E-05 9.98159E-05 9.98159E-05 0.578066 9.98159E-05 9.98159E-05 9.98159E-05 9.98159E-05 9.98159E-05 9.98159E-05 9.98159E-05 0.102112 9.98159E-05 9.98159E-05 9.98159E-05 9.98159E-05 9.98159E-05 9.98159E-05 9.98159E-05 9.98159E-05 9.98159E-05 0.190593 9.98159E-05 9.98159E-05 0.127133
9.97981E-05 0.797802 9.97981E-05 0.199903 9.97981E-05 9.97981E-05 9.97981E-05 9.97981E-05 9.97981E-05 9.97981E-05 9.97981E-05 9.97981E-05 9.97981E-05 9.97981E-05 9.97981E-05 9.97981E-05 9.97981E-05 9.97981E-05 9.97981E-05 9.97981E-05 9.97981E-05 9.97981E-05 9.97981E-05 9.97981E-05 9.97981E-05
9.98243E-05 9.98243E-05 9.98243E-05 0.344189 9.98243E-05 0.379813 9.98243E-05 9.98243E-05 9.98243E-05 9.98243E-05 9.98243E-05 9.98243E-05 9.98243E-05 9.98243E-05 9.98243E-05 0.0397404 9.98243E-05 9.98243E-05 9.98243E-05 9.98243E-05 9.98243E-05 0.175691 9.98243E-05 9.98243E-05 0.0585706
9.98331E-05 9.98331E-05 9.98331E-05 0.725882 0.013585 0.128037 9.98331E-05 9.98331E-05 9.98331E-05 9.98331E-05 9.98331E-05 0.0375925 9.98331E-05 9.98331E-05 9.98331E-05 9.98331E-05 9.98331E-05 9.98331E-05 9.98331E-05 0.00307936 9.98331E-05 9.98331E-05 9.98331E-05 9.98331E-05 0.089927
0.0704488 9.98069E-05 9.98069E-05 0.906799 9.98069E-05 9.98069E-05 9.98069E-05 9.98069E-05 9.98069E-05 9.98069E-05 9.98069E-05 9.98069E-05 9.98069E-05 9.98069E-05 0.0205564 9.98069E-05 9.98069E-05 9.98069E-05 9.98069E-05 9.98069E-05 9.98069E-05 9.98069E-05 9.98069E-05 9.98069E-05 9.98069E-05
0.00208269 0.0556593 9.98332E-05 0.0810581 9.98332E-05 9.98332E-05 9.98332E-05 9.98332E-05 9.98332E-05 9.98332E-05 9.98332E-05 0.0790826 9.98332E-05 9.98332E-05 9.98332E-05 9.98332E-05 9.98332E-05 9.98332E-05 9.98332E-05 9.98332E-05 9.98332E-05 0.732633 9.98332E-05 9.98332E-05 0.0475879
9.98243E-05 9.98243E-05 9.98243E-05 9.98243E-05 0.0421654 0.848881 9.98243E-05 9.98243E-05 9.98243E-05 9.98243E-05 9.98243E-05 9.98243E-05 9.98243E-05 9.98243E-05 9.98243E-05 0.00844881 9.98243E-05 9.98243E-05 9.98243E-05 0.0594263 9.98243E-05 9.98243E-05 9.98243E-05 9.98243E-05 0.039082
9.98243E-05 9.98243E-05 9.98243E-05 0.140457 9.98243E-05 0.579526 9.98243E-05 9.98243E-05 9.98243E-05 9.98243E-05 9.98243E-05 0.211228 9.98243E-05 9.98243E-05 9.98243E-05 9.98243E-05 9.98243E-05 9.98243E-05 9.98243E-05 9.98243E-05 9.98243E-05 0.0597315 9.98243E-05 9.98243E-05 0.00706031
0.00712634 9.98418E-05 9.98418E-05 9.98418E-05 9.98418E-05 0.062677 9.98418E-05 0.154913 9.98418E-05 9.98418E-05 9.98418E-05 0.257536 9.98418E-05 9.98418E-05 9.98418E-05 9.98418E-05 9.98418E-05 9.98418E-05 0.11166 9.98418E-05 9.98418E-05 0.348368 9.98418E-05 9.98418E-05 0.0559226
0.0325321 9.98332E-05 9.98332E-05 9.98332E-05 9.98332E-05 0.289431 9.98332E-05 9.98332E-05 9.98332E-05 9.98332E-05 9.98332E-05 0.154482 9.98332E-05 0.00865393 9.98332E-05 9.98332E-05 9.98332E-05 9.98332E-05 9.98332E-05 9.98332E-05 9.98332E-05 0.202106 9.98332E-05 9.98332E-05 0.310899
9.98159E-05 9.98159E-05 0.31523 0.39567 9.98159E-05 9.98159E-05 9.98159E-05 0.135997 9.98159E-05 9.98159E-05 9.98159E-05 9.98159E-05 9.98159E-05 9.98159E-05 9.98159E-05 9.98159E-05 9.98159E-05 9.98159E-05 9.98159E-05 9.98159E-05 9.98159E-05 0.151007 9.98159E-05 9.98159E-05 9.98159E-05
9.98245E-05 9.98245E-05 0.112463 0.139914 9.98245E-05 9.98245E-05 9.98245E-05 0.00867256 9.98245E-05 9.98245E-05 9.98245E-05 9.98245E-05 9.98245E-05 9.98245E-05 9.98245E-05 9.98245E-05 9.98245E-05 9.98245E-05 9.98245E-05 0.00562474 9.98245E-05 0.731329 9.98245E-05 9.98245E-05 9.98245E-05
9.98158E-05 9.98158E-05 9.98158E-05 0.0970902 9.98158E-05 0.850764 9.98158E-05 9.98158E-05 9.98158E-05 9.98158E-05 9.98158E-05 0.0470818 9.98158E-05 9.98158E-05 9.98158E-05 9.98158E-05 9.98158E-05 9.98158E-05 9.98158E-05 9.98158E-05 9.98158E-05 0.00296779 9.98158E-05 9.98158E-05 9.98158E-05
9.98159E-05 9.98159E-05 9.98159E-05 9.98159E-05 9.98159E-05 0.152508 9.98159E-05 9.98159E-05 9.98159E-05 9.98159E-05 9.98159E-05 0.0826993 9.98159E-05 9.98159E-05 9.98159E-05 9.98159E-05 9.98159E-05 9.98159E-05 9.98159E-05 9.98159E-05 9.98159E-05 0.610509 9.98159E-05 9.98159E-05 0.152187
9.98597E-05 0.0153462 0.0962221 0.356836 9.98597E-05 0.127064 9.98597E-05 9.98597E-05 0.0627466 9.98597E-05 9.98597E-05 0.019017 9.98597E-05 9.98597E-05 9.98597E-05 0.000285275 9.98597E-05 9.98597E-05 9.98597E-05 0.130388 9.98597E-05 0.190497 9.98597E-05 9.98597E-05 9.98597E-05
0.0273234 9.98684E-05 9.98684E-05 0.640197 0.00923289 9.98684E-05 9.98684E-05 0.0465403 9.98684E-05 9.98684E-05 9.98684E-05 0.0150521 9.98684E-05 9.98684E-05 0.00396765 0.00314883 9.98684E-05 9.98684E-05 0.150473 9.98684E-05 0.000432142 9.98684E-05 9.98684E-05 9.98684E-05 0.102135
9.98508E-05 9.98508E-05 0.0186639 0.233918 9.98508E-05 0.268037 9.98508E-05 0.193867 9.98508E-05 9.98508E-05 9.98508E-05 0.00383868 9.98508E-05 9.98508E-05 9.98508E-05 9.98508E-05 9.98508E-05 9.98508E-05 9.98508E-05 9.98508E-05 0.00933312 0.230671 9.98508E-05 9.98508E-05 0.0399737
0.0197595 9.98511E-05 0.0507051 0.334778 9.98511E-05 9.98511E-05 9.98511E-05 9.98511E-05 9.98511E-05 0.0757373 9.98511E-05 0.0732285 9.98511E-05 0.00999496 9.98511E-05 0.0403581 9.98511E-05 9.98511E-05 9.98511E-05 9.98511E-05 9.98511E-05 0.393741 9.98511E-05 9.98511E-05 9.98511E-05
9.9816E-05 9.9816E-05 0.0860341 0.902131 0.00015504 0.00958325 9.9816E-05 9.9816E-05 9.9816E-05 9.9816E-05 9.9816E-05 9.9816E-05 9.9816E-05 9.9816E-05 9.9816E-05 9.9816E-05 9.9816E-05 9.9816E-05 9.9816E-05 9.9816E-05 9.9816E-05 9.9816E-05 9.9816E-05 9.9816E-05 9.9816E-05
0.0311105 9.98595E-05 0.165767 0.334252 0.0264678 9.98595E-05 9.98595E-05 9.98595E-05 0.0156469 9.98595E-05 9.98595E-05 9.98595E-05 0.037107 9.98595E-05 9.98595E-05 9.98595E-05 9.98595E-05 9.98595E-05 0.197944 9.98595E-05 0.0643775 9.98595E-05 9.98595E-05 9.98595E-05 0.125729
0.0662893 0.00242948 0.0685474 0.60938 9.98596E-05 9.98596E-05 9.98596E-05 0.0567774 9.98596E-05 9.98596E-05 9.98596E-05 0.0624773 9.98596E-05 9.98596E-05 9.98596E-05 0.045223 9.98596E-05 9.98596E-05 9.98596E-05 9.98596E-05 9.98596E-05 0.016997 9.98596E-05 9.98596E-05 0.0702819
9.98071E-05 9.98071E-05 0.000934625 0.9955 9.98071E-05 9.98071E-05 9.98071E-05 9.98071E-05 9.98071E-05 9.98071E-05 9.98071E-05 0.00137007 9.98071E-05 9.98071E-05 9.98071E-05 9.98071E-05 9.98071E-05 9.98071E-05 9.98071E-05 9.98071E-05 9.98071E-05 9.98071E-05 9.98071E-05 9.98071E-05 9.98071E-05
9.98069E-05 9.98069E-05 9.98069E-05 9.98069E-05 9.98069E-05 9.98069E-05 9.98069E-05 9.98069E-05 9.98069E-05 9.98069E-05 9.98069E-05 0.150566 9.98069E-05 9.98069E-05 9.98069E-05 9.98069E-05 9.98069E-05 9.98069E-05 9.98069E-05 9.98069E-05 9.98069E-05 0.746716 9.98069E-05 9.98069E-05 0.100522
9.98245E-05 0.207771 9.98245E-05 0.448318 9.98245E-05 0.165274 9.98245E-05 9.98245E-05 9.98245E-05 9.98245E-05 9.98245E-05 0.116073 9.98245E-05 9.98245E-05 9.98245E-05 0.0605681 9.98245E-05 9.98245E-05 9.98245E-05 9.98245E-05 9.98245E-05 9.98245E-05 9.98245E-05 9.98245E-05 9.98245E-05
9.98156E-05 9.98156E-05 9.98156E-05 9.98156E-05 9.98156E-05 9.98156E-05 9.98156E-05 9.98156E-05 9.98156E-05 9.98156E-05 9.98156E-05 0.136893 9.98156E-05 9.98156E-05 9.98156E-05 9.98156E-05 9.98156E-05 9.98156E-05 9.98156E-05 9.98156E-05 0.107947 0.635139 9.98156E-05 9.98156E-05 0.117924
9.98246E-05 9.98246E-05 0.0828871 9.98246E-05 9.98246E-05 0.708942 9.98246E-05 0.0481451 9.98246E-05 9.98246E-05 9.98246E-05 0.0806746 9.98246E-05 9.98246E-05 9.98246E-05 9.98246E-05 9.98246E-05 9.98246E-05 9.98246E-05 9.98246E-05 9.98246E-05 9.98246E-05 9.98246E-05 9.98246E-05 0.0773543
9.98334E-05 0.109328 0.548295 0.148131 9.98334E-05 9.98334E-05 9.98334E-05 9.98334E-05 9.98334E-05 9.98334E-05 9.98334E-05 9.98334E-05 9.98334E-05 9.98334E-05 9.98334E-05 0.0316944 9.98334E-05 0.126215 9.98334E-05 9.98334E-05 9.98334E-05 9.98334E-05 9.98334E-05 9.98334E-05 0.0344404
9.98417E-05 9.98417E-05 9.98417E-05 0.447299 9.98417E-05 0.103539 0.00319346 9.98417E-05 9.98417E-05 9.98417E-05 9.98417E-05 0.138769 9.98417E-05 9.98417E-05 9.98417E-05 9.98417E-05 9.98417E-05 9.98417E-05 9.98417E-05 9.98417E-05 9.98417E-05 0.17904 9.98417E-05 0.0846974 0.0416653
9.98247E-05 9.98247E-05 9.98247E-05 0.449626 9.98247E-05 0.12515 9.98247E-05 0.115631 9.98247E-05 9.98247E-05 9.98247E-05 0.15507 9.98247E-05 9.98247E-05 9.98247E-05 9.98247E-05 9.98247E-05 9.98247E-05 9.98247E-05 9.98247E-05 9.98247E-05 9.98247E-05 9.98247E-05 9.98247E-05 0.152526
9.98245E-05 0.217261 9.98245E-05 0.130705 9.98245E-05 9.98245E-05 9.98245E-05 9.98245E-05 9.98245E-05 9.98245E-05 9.98245E-05 9.98245E-05 9.98245E-05 9.98245E-05 9.98245E-05 0.105223 9.98245E-05 9.98245E-05 9.98245E-05 9.98245E-05 9.98245E-05 0.489134 9.98245E-05 9.98245E-05 0.0556814
9.98245E-05 9.98245E-05 9.98245E-05 0.0393883 0.00626424 0.774871 9.98245E-05 9.98245E-05 0.0456168 9.98245E-05 9.98245E-05 9.98245E-05 9.98245E-05 9.98245E-05 9.98245E-05 9.98245E-05 9.98245E-05 9.98245E-05 9.98245E-05 9.98245E-05 9.98245E-05 9.98245E-05 9.98245E-05 9.98245E-05 0.131864
9.98156E-05 9.98156E-05 9.98156E-05 0.290908 0.00877023 0.647356 9.98156E-05 9.98156E-05 9.98156E-05 9.98156E-05 9.98156E-05 9.98156E-05 9.98156E-05 9.98156E-05 0.0508694 9.98156E-05 9.98156E-05 9.98156E-05 9.98156E-05 9.98156E-05 9.98156E-05 9.98156E-05 9.98156E-05 9.98156E-05 9.98156E-05
9.9842E-05 9.9842E-05 9.9842E-05 0.106985 9.9842E-05 0.0411642 9.9842E-05 9.9842E-05 9.9842E-05 9.9842E-05 9.9842E-05 0.245453 9.9842E-05 9.9842E-05 9.9842E-05 0.149453 9.9842E-05 9.9842E-05 9.9842E-05 9.9842E-05 0.166862 0.156825 9.9842E-05 9.9842E-05 0.131461
9.98243E-05 9.98243E-05 9.98243E-05 0.360519 9.98243E-05 0.436652 9.98243E-05 9.98243E-05 9.98243E-05 0.0968709 9.98243E-05 9.98243E-05 9.98243E-05 9.98243E-05 9.98243E-05 9.98243E-05 9.98243E-05 9.98243E-05 9.98243E-05 9.98243E-05 9.98243E-05 0.00974018 9.98243E-05 9.98243E-05 0.0942219
0.0707783 9.9807E-05 9.9807E-05 0.411539 9.9807E-05 0.515487 9.9807E-05 9.9807E-05 9.9807E-05 9.9807E-05 9.9807E-05 9.9807E-05 9.9807E-05 9.9807E-05 9.9807E-05 9.9807E-05 9.9807E-05 9.9807E-05 9.9807E-05 9.9807E-05 9.9807E-05 9.9807E-05 9.9807E-05 9.9807E-05 9.9807E-05
0.0176606 9.9842E-05 0.111774 0.400544 0.0369128 0.256404 9.9842E-05 9.9842E-05 9.9842E-05 9.9842E-05 9.9842E-05 0.0637993 9.9842E-05 9.9842E-05 9.9842E-05 9.9842E-05 9.9842E-05 9.9842E-05 0.111108 9.9842E-05 9.9842E-05 9.9842E-05 9.9842E-05 9.9842E-05 9.9842E-05
9.98332E-05 9.98332E-05 9.98332E-05 0.472137 0.0184117 0.158221 9.98332E-05 9.98332E-05 9.98332E-05 9.98332E-05 9.98332E-05 0.0921557 9.98332E-05 9.98332E-05 9.98332E-05 9.98332E-05 9.98332E-05 9.98332E-05 9.98332E-05 0.024234 9.98332E-05 9.98332E-05 9.98332E-05 9.98332E-05 0.232944
0.0764522 0.0258327 0.602312 0.0411407 9.98507E-05 0.0687109 9.98507E-05 9.98507E-05 9.98507E-05 9.98507E-05 9.98507E-05 0.013911 9.98507E-05 9.98507E-05 9.98507E-05 9.98507E-05 9.98507E-05 9.98507E-05 9.98507E-05 9.98507E-05 0.0243355 0.145608 9.98507E-05 9.98507E-05 9.98507E-05
9.98422E-05 9.98422E-05 0.243799 0.144976 0.00929008 0.0138853 9.98422E-05 9.98422E-05 9.98422E-05 9.98422E-05 9.98422E-05 9.98422E-05 9.98422E-05 9.98422E-05 9.98422E-05 9.98422E-05 9.98422E-05 9.98422E-05 9.98422E-05 0.00200991 9.98422E-05 0.54896 9.98422E-05 9.98422E-05 0.0352822
0.0201292 0.777451 9.98068E-05 0.200224 9.98068E-05 9.98068E-05 9.98068E-05 9.98068E-05 9.98068E-05 9.98068E-05 9.98068E-05 9.98068E-05 9.98068E-05 9.98068E-05 9.98068E-05 9.98068E-05 9.98068E-05 9.98068E-05 9.98068E-05 9.98068E-05 9.98068E-05 9.98068E-05 9.98068E-05 9.98068E-05 9.98068E-05
9.98246E-05 9.98246E-05 0.456461 0.20292 9.98246E-05 0.270306 9.98246E-05 0.030324 9.98246E-05 9.98246E-05 9.98246E-05 9.98246E-05 9.98246E-05 9.98246E-05 9.98246E-05 9.98246E-05 9.98246E-05 9.98246E-05 9.98246E-05 9.98246E-05 0.0379933 9.98246E-05 9.98246E-05 9.98246E-05 9.98246E-05
9.98332E-05 9.98332E-05 9.98332E-05 0.250557 0.0259902 9.98332E-05 9.98332E-05 0.16315 9.98332E-05 9.98332E-05 9.98332E-05 0.0648215 9.98332E-05 9.98332E-05 9.98332E-05 9.98332E-05 9.98332E-05 9.98332E-05 9.98332E-05 9.98332E-05 9.98332E-05 0.211819 9.98332E-05 9.98332E-05 0.281765
9.98246E-05 9.98246E-05 9.98246E-05 0.813834 9.98246E-05 9.98246E-05 9.98246E-05 9.98246E-05 9.98246E-05 9.98246E-05 9.98246E-05 0.0839611 9.98246E-05 9.98246E-05 9.98246E-05 0.0367464 9.98246E-05 9.98246E-05 0.0577994 9.98246E-05 9.98246E-05 9.98246E-05 9.98246E-05 9.98246E-05 0.00566313
9.98246E-05 9.98246E-05 0.54356 9.98246E-05 9.98246E-05 9.98246E-05 9.98246E-05 9.98246E-05 9.98246E-05 9.98246E-05 9.98246E-05 0.0839589 9.98246E-05 9.98246E-05 9.98246E-05 9.98246E-05 9.98246E-05 9.98246E-05 9.98246E-05 9.98246E-05 0.0454067 0.32024 9.98246E-05 9.98246E-05 0.00483833
9.9807E-05 9.9807E-05 0.33483 9.9807E-05 9.9807E-05 0.654926 9.9807E-05 9.9807E-05 9.9807E-05 9.9807E-05 9.9807E-05 9.9807E-05 9.9807E-05 9.9807E-05 9.9807E-05 9.9807E-05 9.9807E-05 9.9807E-05 9.9807E-05 9.9807E-05 9.9807E-05 9.9807E-05 9.9807E-05 9.9807E-05 0.0080487
9.98419E-05 9.98419E-05 9.98419E-05 0.224 9.98419E-05 0.220331 9.98419E-05 0.157263 9.98419E-05 9.98419E-05 9.98419E-05 0.109722 9.98419E-05 9.98419E-05 9.98419E-05 0.0289375 9.98419E-05 9.98419E-05 9.98419E-05 9.98419E-05 0.0900024 0.167947 9.98419E-05 9.98419E-05 9.98419E-05
9.98509E-05 9.98509E-05 9.98509E-05 0.10868 0.103301 0.606693 9.98509E-05 9.98509E-05 9.98509E-05 9.98509E-05 0.068839 0.0220874 9.98509E-05 9.98509E-05 9.98509E-05 9.98509E-05 9.98509E-05 9.98509E-05 0.0114021 9.98509E-05 0.0151078 9.98509E-05 9.98509E-05 9.98509E-05 0.0621918
9.9851E-05 9.9851E-05 9.9851E-05 0.208372 9.9851E-05 0.314814 9.9851E-05 0.102626 9.9851E-05 9.9851E-05 9.9851E-05 0.170195 9.9851E-05 9.9851E-05 0.0312632 9.9851E-05 9.9851E-05 0.102288 9.9851E-05 9.9851E-05 9.9851E-05 0.0499032 9.9851E-05 9.9851E-05 0.0188412
9.98509E-05 9.98509E-05 9.98509E-05 0.348773 0.0397711 0.0029928 9.98509E-05 9.98509E-05 9.98509E-05 0.0296533 0.103491 0.280361 9.98509E-05 9.98509E-05 9.98509E-05 0.02824 9.98509E-05 9.98509E-05 9.98509E-05 9.98509E-05 9.98509E-05 9.98509E-05 9.98509E-05 9.98509E-05 0.16502
9.98157E-05 0.188678 0.31396 9.98157E-05 9.98157E-05 0.455143 9.98157E-05 9.98157E-05 9.98157E-05 9.98157E-05 9.98157E-05 9.98157E-05 9.98157E-05 9.98157E-05 9.98157E-05 9.98157E-05 9.98157E-05 9.98157E-05 9.98157E-05 9.98157E-05 9.98157E-05 0.040124 9.98157E-05 9.98157E-05 9.98157E-05
0.0602043 9.9842E-05 9.9842E-05 0.54295 9.9842E-05 0.151632 9.9842E-05 9.9842E-05 0.000855616 9.9842E-05 9.9842E-05 9.9842E-05 9.9842E-05 0.0177956 9.9842E-05 9.9842E-05 9.9842E-05 9.9842E-05 9.9842E-05 9.9842E-05 0.105391 9.9842E-05 9.9842E-05 9.9842E-05 0.119374
