0.0807102 9.99561E-05 9.99561E-05 0.0806988 9.99561E-05 9.99561E-05 0.161386 9.99561E-05 0.492407 0.0466258 0.137673
9.99474E-05 0.0445069 0.00693722 0.109175 9.99474E-05 9.99474E-05 0.0483306 9.99474E-05 0.79045 9.99474E-05 9.99474E-05
9.99385E-05 9.99385E-05 9.99385E-05 9.99385E-05 9.99385E-05 0.0220803 0.0310652 9.99385E-05 0.916661 9.99385E-05 0.0294938
0.0532268 0.0629601 0.355991 9.99649E-05 0.106782 9.99649E-05 0.064015 0.0361476 0.320478 9.99649E-05 9.99649E-05
9.9921E-05 9.9921E-05 0.210733 9.9921E-05 9.9921E-05 9.9921E-05 9.9921E-05 9.9921E-05 0.788368 9.9921E-05 9.9921E-05
9.99737E-05 0.0152761 0.219595 0.0459431 0.171716 9.99737E-05 0.0754459 0.0286246 0.347362 0.0957384 9.99737E-05
0.159466 9.99649E-05 0.1509 0.201493 9.99649E-05 0.0644762 0.0713794 9.99649E-05 0.284591 9.99649E-05 0.0672932
0.0256468 9.99561E-05 0.313616 9.99561E-05 0.225353 0.132099 9.99561E-05 9.99561E-05 0.272199 0.0305863 9.99561E-05
9.99473E-05 0.0174994 9.99473E-05 9.99473E-05 0.228924 9.99473E-05 0.25393 9.99473E-05 0.257968 9.99473E-05 0.241079
9.99209E-05 9.99209E-05 9.99209E-05 9.99209E-05 9.99209E-05 9.99209E-05 0.0838927 9.99209E-05 0.915208 9.99209E-05 9.99209E-05
0.183093 9.99385E-05 9.99385E-05 9.99385E-05 0.0361376 9.99385E-05 0.264136 9.99385E-05 0.515934 9.99385E-05 9.99385E-05
0.0316086 9.99473E-05 0.0760868 9.99473E-05 9.99473E-05 0.00822549 0.0164782 9.99473E-05 0.867001 9.99473E-05 9.99473E-05
9.99297E-05 9.99297E-05 9.99297E-05 9.99297E-05 0.0192614 9.99297E-05 0.142723 9.99297E-05 0.837216 9.99297E-05 9.99297E-05
0.062542 9.99561E-05 9.99561E-05 9.99561E-05 9.99561E-05 0.0267612 0.0628507 0.145563 0.671128 9.99561E-05 0.0306549
9.99649E-05 9.99649E-05 0.01849 0.0761477 0.192 9.99649E-05 0.224856 0.0525814 0.338274 9.99649E-05 0.0972518
9.99561E-05 0.0634743 0.134862 9.99561E-05 0.220151 0.129739 0.147495 9.99561E-05 0.303779 9.99561E-05 9.99561E-05
0.0338099 0.00815872 0.0365084 0.140633 9.99737E-05 0.0101407 0.0652144 0.0651513 0.640084 9.99737E-05 9.99737E-05
9.99561E-05 0.0910959 0.0961731 9.99561E-05 0.0776393 9.99561E-05 0.258947 9.99561E-05 0.282513 0.193132 9.99561E-05
9.99649E-05 0.0722713 0.0553817 9.99649E-05 0.201415 9.99649E-05 0.268755 9.99649E-05 0.363975 0.0262011 0.0115999
9.9921E-05 0.0496475 9.9921E-05 9.9921E-05 9.9921E-05 9.9921E-05 9.9921E-05 9.9921E-05 0.949453 9.9921E-05 9.9921E-05
0.0844442 0.0326506 0.270033 9.99561E-05 0.0791273 9.99561E-05 0.0639022 9.99561E-05 0.469343 9.99561E-05 9.99561E-05
0.00233711 9.99649E-05 0.368506 0.0439988 0.20912 9.99649E-05 0.00467527 9.99649E-05 0.339124 0.0318389 9.99649E-05
0.0719442 9.99386E-05 9.99386E-05 0.0573089 9.99386E-05 9.99386E-05 0.170205 9.99386E-05 0.699843 9.99386E-05 9.99386E-05
9.99473E-05 9.99473E-05 0.0842742 9.99473E-05 9.99473E-05 0.0342364 0.336522 9.99473E-05 0.478173 9.99473E-05 0.0661949
0.116787 0.179717 0.0633016 9.99737E-05 0.0334736 9.99737E-05 0.310895 0.0399793 0.247431 9.99737E-05 0.0081163
9.99561E-05 9.99561E-05 0.0476842 9.99561E-05 0.0209468 0.0504694 0.149796 0.0267259 0.703878 9.99561E-05 9.99561E-05
0.0427516 0.00858992 9.99824E-05 0.0759364 0.0283097 0.202305 0.236215 0.156601 0.102828 0.146263 9.99824E-05
9.99561E-05 9.99561E-05 0.0933959 0.0092313 9.99561E-05 9.99561E-05 0.0561328 0.0458888 0.763309 9.99561E-05 0.0315424
0.0166256 0.0118343 9.99473E-05 9.99473E-05 9.99473E-05 9.99473E-05 0.278489 9.99473E-05 0.675775 9.99473E-05 0.016677
0.0679385 9.99473E-05 9.99473E-05 9.99473E-05 0.0252376 9.99473E-05 0.0348045 0.0246662 0.846754 9.99473E-05 9.99473E-05
0.11223 0.0373037 9.99473E-05 9.99473E-05 0.0591295 9.99473E-05 0.0484998 9.99473E-05 0.742237 9.99473E-05 9.99473E-05
0.098107 9.99561E-05 0.0414062 9.99561E-05 0.0165745 9.99561E-05 0.133655 0.171036 0.538722 9.99561E-05 9.99561E-05
0.119265 9.99385E-05 9.99385E-05 9.99385E-05 9.99385E-05 0.0682383 0.224742 9.99385E-05 0.587056 9.99385E-05 9.99385E-05
0.0224807 9.99649E-05 0.0674429 9.99649E-05 9.99649E-05 0.0537298 0.190182 0.164189 0.476745 0.0248312 9.99649E-05
0.0379662 0.0559663 9.99561E-05 0.0795377 0.000426189 9.99561E-05 0.0205551 9.99561E-05 0.805049 9.99561E-05 9.99561E-05
0.0215964 0.0585296 9.99649E-05 0.11306 0.0178631 9.99649E-05 0.0110394 9.99649E-05 0.69707 9.99649E-05 0.0804423
9.99298E-05 9.99298E-05 9.99298E-05 0.0287911 9.99298E-05 0.135256 9.99298E-05 9.99298E-05 0.835154 9.99298E-05 9.99298E-05
9.99386E-05 0.0914014 9.99386E-05 9.99386E-05 0.157744 9.99386E-05 0.115088 9.99386E-05 0.635067 9.99386E-05 9.99386E-05
0.0228572 9.99649E-05 0.0640844 0.0999244 0.00728098 9.99649E-05 0.176102 0.0793939 0.549958 9.99649E-05 9.99649E-05
9.99385E-05 9.99385E-05 9.99385E-05 9.99385E-05 9.99385E-05 0.14734 0.165234 0.107566 0.57916 9.99385E-05 9.99385E-05
0.0518236 9.99473E-05 0.0463759 9.99473E-05 0.0260548 9.99473E-05 0.119209 9.99473E-05 0.755937 9.99473E-05 9.99473E-05
9.99474E-05 9.99474E-05 9.99474E-05 0.0914393 0.0466412 9.99474E-05 0.120093 9.99474E-05 0.704595 9.99474E-05 0.0366318
9.99298E-05 9.99298E-05 0.0608355 0.0310818 9.99298E-05 9.99298E-05 9.99298E-05 9.99298E-05 0.907283 9.99298E-05 9.99298E-05
0.0625717 9.99561E-05 9.99561E-05 0.0251747 0.126047 9.99561E-05 0.264743 9.99561E-05 0.451756 9.99561E-05 0.0692078
0.0345824 9.99473E-05 0.309095 9.99473E-05 9.99473E-05 9.99473E-05 0.336238 9.99473E-05 0.314131 9.99473E-05 0.00535458
9.99385E-05 0.0620259 0.0947139 9.99385E-05 9.99385E-05 9.99385E-05 0.0349532 9.99385E-05 0.807607 9.99385E-05 9.99385E-05
0.0840708 9.99473E-05 9.99473E-05 9.99473E-05 0.0755755 9.99473E-05 0.0764442 9.99473E-05 0.753665 0.00964443 9.99473E-05
9.99122E-05 9.99122E-05 9.99122E-05 9.99122E-05 9.99122E-05 9.99122E-05 9.99122E-05 9.99122E-05 0.999001 9.99122E-05 9.99122E-05
0.0252281 9.99384E-05 0.0653358 9.99384E-05 9.99384E-05 9.99384E-05 0.200689 9.99384E-05 0.708047 9.99384E-05 9.99384E-05
0.0139035 0.091987 0.100515 0.00839279 0.0113205 0.0289377 9.99737E-05 9.99737E-05 0.726082 0.0185613 9.99737E-05
0.19444 0.0231361 0.0721873 9.99736E-05 0.0629798 0.0335115 0.25894 9.99736E-05 0.320897 9.99736E-05 0.033608
9.99561E-05 0.0292695 0.18756 9.99561E-05 0.0344016 0.0466517 9.99561E-05 9.99561E-05 0.661346 9.99561E-05 0.0402716
9.99385E-05 9.99385E-05 9.99385E-05 9.99385E-05 0.0323894 9.99385E-05 0.0397839 9.99385E-05 0.876898 0.0502287 9.99385E-05
9.99562E-05 0.0188089 9.99562E-05 9.99562E-05 0.0593141 0.226096 0.0577914 9.99562E-05 0.622274 0.0152161 9.99562E-05
9.99561E-05 0.0124054 0.0275681 9.99561E-05 9.99561E-05 0.0146509 0.121214 9.99561E-05 0.736062 9.99561E-05 0.0876
0.0546412 0.0703158 0.0128498 9.99561E-05 9.99561E-05 0.012307 9.99561E-05 0.0699953 0.779391 9.99561E-05 9.99561E-05
9.99561E-05 9.99561E-05 0.100658 0.0488252 0.00238096 9.99561E-05 0.00880215 9.99561E-05 0.742914 0.0959199 9.99561E-05
0.0461811 9.99386E-05 9.99386E-05 9.99386E-05 9.99386E-05 0.0190691 0.0755724 9.99386E-05 0.858478 9.99386E-05 9.99386E-05
0.0351376 9.99473E-05 9.99473E-05 0.0981185 0.00102841 9.99473E-05 0.0459718 9.99473E-05 0.819144 9.99473E-05 9.99473E-05
0.0784816 9.99737E-05 9.99737E-05 0.273726 0.143997 0.00837497 0.269699 9.99737E-05 0.0972594 0.0942917 0.0338702
0.00507345 9.99649E-05 0.00467901 0.356767 9.99649E-05 0.0658992 0.082964 9.99649E-05 0.335939 9.99649E-05 0.148279
0.0118227 9.99561E-05 9.99561E-05 0.335294 9.99561E-05 0.155485 0.0905289 9.99561E-05 0.275717 0.130652 9.99561E-05
0.0320659 9.99649E-05 9.99649E-05 0.443995 0.156864 0.00617287 0.173163 0.104966 9.99649E-05 0.0823729 9.99649E-05
0.0275651 0.0510059 0.100175 0.154033 0.111657 0.07067 0.259619 9.99824E-05 0.128847 0.096227 9.99824E-05
0.0389931 9.99561E-05 9.99561E-05 0.216834 0.12983 9.99561E-05 0.404473 9.99561E-05 0.0118839 9.99561E-05 0.197486
0.125545 0.00485866 9.99561E-05 0.489748 9.99561E-05 0.00616158 0.336904 9.99561E-05 9.99561E-05 0.0362828 9.99561E-05
0.0126697 9.99561E-05 9.99561E-05 0.358165 0.103371 0.0438375 0.268218 9.99561E-05 9.99561E-05 0.213238 9.99561E-05
9.99474E-05 9.99474E-05 9.99474E-05 0.478521 9.99474E-05 9.99474E-05 0.167622 9.99474E-05 0.1992 0.072515 0.0815431
0.226685 9.99561E-05 0.0369009 0.163326 9.99561E-05 9.99561E-05 0.170238 9.99561E-05 0.324729 0.0776222 9.99561E-05
0.245067 0.0136653 9.99561E-05 0.097645 0.0832514 9.99561E-05 0.488408 9.99561E-05 9.99561E-05 0.071463 9.99561E-05
0.156808 9.99649E-05 0.179445 0.262143 9.99649E-05 0.163246 0.141496 9.99649E-05 0.0796723 0.0167898 9.99649E-05
0.104697 9.99737E-05 0.258439 0.22157 0.208433 0.0142234 0.142397 9.99737E-05 0.0173166 0.0326242 9.99737E-05
0.0114514 9.99561E-05 0.194621 0.333037 0.0806599 0.0904466 0.289285 9.99561E-05 9.99561E-05 9.99561E-05 9.99561E-05
0.0865463 9.99562E-05 9.99562E-05 0.218542 9.99562E-05 0.146932 0.145752 0.12095 0.280778 9.99562E-05 9.99562E-05
0.0979026 9.99649E-05 0.139888 0.29018 9.99649E-05 9.99649E-05 0.221878 0.0223011 0.212373 0.0150774 9.99649E-05
9.99649E-05 9.99649E-05 0.134464 0.274739 9.99649E-05 0.186913 0.246454 9.99649E-05 0.00918765 0.0989037 0.0489389
0.223779 9.99737E-05 0.118346 0.124829 0.140893 9.99737E-05 0.14633 9.99737E-05 0.156078 0.0870059 0.00243922
0.100531 9.99737E-05 0.0145436 0.0543565 0.114555 0.0874131 0.211104 9.99737E-05 0.268529 0.148667 9.99737E-05
0.0336813 9.99474E-05 9.99474E-05 0.253651 9.99474E-05 0.185916 0.482345 9.99474E-05 9.99474E-05 0.0438077 9.99474E-05
0.03189 9.99737E-05 0.0653387 0.368719 9.99737E-05 0.0762178 0.186927 0.00183217 0.24734 0.0214356 9.99737E-05
9.99561E-05 9.99561E-05 9.99561E-05 0.345642 0.0067565 0.116094 0.294529 9.99561E-05 0.114495 0.121983 9.99561E-05
9.99737E-05 0.0671304 9.99737E-05 0.279115 0.00100017 0.00969224 0.174712 0.165088 0.191921 0.111041 9.99737E-05
0.0366269 9.99824E-05 0.154907 0.106057 0.0869649 0.0312023 0.179193 9.99824E-05 0.202441 0.13491 0.067499
0.1874 9.99649E-05 0.145974 0.00860079 0.0521031 9.99649E-05 0.309339 9.99649E-05 0.272694 0.0234891 9.99649E-05
0.0656557 0.0329451 9.99562E-05 0.316572 0.0629941 9.99562E-05 0.151296 9.99562E-05 0.370037 9.99562E-05 9.99562E-05
9.99825E-05 9.99825E-05 0.0870262 0.207141 0.0486074 0.0263701 0.10103 0.0196291 0.43333 0.0614653 0.0152005
9.99562E-05 9.99562E-05 9.99562E-05 0.381406 9.99562E-05 0.0369681 0.244644 9.99562E-05 0.216091 0.0228955 0.0974959
9.99562E-05 9.99562E-05 0.0149503 0.133558 0.0730013 9.99562E-05 0.259757 9.99562E-05 0.266936 0.251298 9.99562E-05
9.99649E-05 0.058242 9.99649E-05 0.158365 0.175257 0.0377169 0.172455 0.0757747 0.321788 9.99649E-05 9.99649E-05
0.00387289 9.99472E-05 0.0133459 9.99472E-05 0.116912 9.99472E-05 0.252686 0.612584 9.99472E-05 9.99472E-05 9.99472E-05
9.99299E-05 9.99299E-05 9.99299E-05 9.99299E-05 0.00830032 9.99299E-05 0.0123051 0.978595 9.99299E-05 9.99299E-05 9.99299E-05
0.0722464 9.99472E-05 9.99472E-05 9.99472E-05 0.052502 9.99472E-05 0.181741 0.640907 9.99472E-05 0.052004 9.99472E-05
0.0763742 9.99472E-05 9.99472E-05 9.99472E-05 0.105308 9.99472E-05 0.238759 0.52627 9.99472E-05 0.0526893 9.99472E-05
0.00431499 0.0213509 9.99648E-05 9.99648E-05 0.139043 9.99648E-05 0.108116 0.631677 9.99648E-05 0.0255896 0.0695086
9.99385E-05 0.0319331 9.99385E-05 9.99385E-05 0.20857 9.99385E-05 0.230711 0.528086 9.99385E-05 9.99385E-05 9.99385E-05
0.0583923 9.99473E-05 9.99473E-05 9.99473E-05 0.123587 9.99473E-05 0.171293 0.605336 9.99473E-05 0.0407922 9.99473E-05
0.00446381 9.99473E-05 9.99473E-05 9.99473E-05 0.324416 9.99473E-05 0.0993471 0.547333 9.99473E-05 0.0238409 9.99473E-05
0.0198158 9.9956E-05 9.9956E-05 0.252825 0.398939 0.0283992 0.106213 0.193308 9.9956E-05 9.9956E-05 9.9956E-05
0.00584809 9.99473E-05 9.99473E-05 9.99473E-05 0.272029 9.99473E-05 0.354635 0.322977 9.99473E-05 0.0439105 9.99473E-05
0.0271034 9.99385E-05 9.99385E-05 0.264578 0.0190552 9.99385E-05 9.99385E-05 0.688564 9.99385E-05 9.99385E-05 9.99385E-05
0.0149432 0.04094 9.99498E-05 0.147273 9.99498E-05 9.99498E-05 0.156887 0.639358 9.99498E-05 9.99498E-05 9.99498E-05
0.0465053 9.99298E-05 9.99298E-05 9.99298E-05 0.128156 9.99298E-05 9.99298E-05 0.824539 9.99298E-05 9.99298E-05 9.99298E-05
0.0181456 9.99561E-05 9.99561E-05 0.0185567 0.251842 9.99561E-05 0.209014 0.425657 9.99561E-05 9.99561E-05 0.0762854
0.0555738 0.0473159 9.99649E-05 9.99649E-05 0.149494 0.00194084 0.0175688 0.613329 9.99649E-05 0.114378 9.99649E-05
0.10337 0.0526843 9.99561E-05 0.110522 0.0229247 9.99561E-05 0.234304 0.475695 9.99561E-05 9.99561E-05 9.99561E-05
9.99473E-05 0.151108 9.99473E-05 0.177637 0.0470786 9.99473E-05 0.155064 0.468512 9.99473E-05 9.99473E-05 9.99473E-05
0.0299542 9.99473E-05 0.133382 9.99473E-05 0.201788 9.99473E-05 9.99473E-05 0.58849 9.99473E-05 9.99473E-05 0.0457862
0.0724464 9.99385E-05 0.0411872 9.99385E-05 0.0763343 9.99385E-05 9.99385E-05 0.809333 9.99385E-05 9.99385E-05 9.99385E-05
0.00849301 0.107554 9.99474E-05 9.99474E-05 0.110564 9.99474E-05 0.157148 0.615642 9.99474E-05 9.99474E-05 9.99474E-05
9.99561E-05 9.99561E-05 0.255728 0.0426692 0.0451149 0.000305037 0.137131 0.518551 9.99561E-05 9.99561E-05 9.99561E-05
0.0924284 9.99473E-05 9.99473E-05 9.99473E-05 0.104804 9.99473E-05 0.0664503 0.631172 9.99473E-05 0.104546 9.99473E-05
9.9956E-05 0.0906295 0.0237591 0.0512974 0.242778 9.9956E-05 0.299742 0.291294 9.9956E-05 9.9956E-05 9.9956E-05
9.99298E-05 9.99298E-05 9.99298E-05 9.99298E-05 0.245863 9.99298E-05 0.0272309 0.726107 9.99298E-05 9.99298E-05 9.99298E-05
9.99473E-05 0.107163 0.0479089 9.99473E-05 0.279595 9.99473E-05 0.263848 0.300886 9.99473E-05 9.99473E-05 9.99473E-05
0.0354004 9.99649E-05 9.99649E-05 0.0668194 0.142558 0.0188801 0.178117 0.543784 9.99649E-05 0.0140408 9.99649E-05
9.99386E-05 0.0193785 9.99386E-05 9.99386E-05 9.99386E-05 9.99386E-05 9.99386E-05 0.846888 0.0353844 9.99386E-05 0.09765
9.99384E-05 9.99384E-05 0.064951 9.99384E-05 0.226757 9.99384E-05 0.188609 0.518983 9.99384E-05 9.99384E-05 9.99384E-05
9.99561E-05 0.0774326 0.00157425 0.0238556 0.159484 9.99561E-05 0.29918 0.437974 9.99561E-05 9.99561E-05 9.99561E-05
0.058769 0.0656226 9.99473E-05 9.99473E-05 0.0135266 9.99473E-05 0.182638 0.678845 9.99473E-05 9.99473E-05 9.99473E-05
0.0521021 0.00522647 9.99561E-05 9.99561E-05 0.0833123 0.0828962 0.238308 0.537655 9.99561E-05 9.99561E-05 9.99561E-05
0.0367913 0.0433579 9.9956E-05 9.9956E-05 0.00793414 0.061652 0.123299 0.726466 9.9956E-05 9.9956E-05 9.9956E-05
9.99473E-05 0.19648 0.00880611 9.99473E-05 0.377385 9.99473E-05 0.214141 0.202589 9.99473E-05 9.99473E-05 9.99473E-05
0.0121517 0.0558935 9.9956E-05 9.9956E-05 0.141797 0.00842811 0.245107 0.536123 9.9956E-05 9.9956E-05 9.9956E-05
9.99385E-05 0.0316252 9.99385E-05 9.99385E-05 0.0520044 9.99385E-05 0.128496 0.787174 9.99385E-05 9.99385E-05 9.99385E-05
0.0569323 9.99473E-05 9.99473E-05 0.0318941 0.123577 0.0572895 9.99473E-05 0.729707 9.99473E-05 9.99473E-05 9.99473E-05
0.0380892 9.99472E-05 9.99472E-05 9.99472E-05 0.162034 9.99472E-05 0.325372 0.419779 9.99472E-05 0.0541257 9.99472E-05
0.000646045 9.99386E-05 0.00965545 9.99386E-05 0.043818 9.99386E-05 9.99386E-05 0.945181 9.99386E-05 9.99386E-05 9.99386E-05
9.99386E-05 0.00069497 9.99386E-05 9.99386E-05 0.0340614 9.99386E-05 0.102196 0.862348 9.99386E-05 9.99386E-05 9.99386E-05
9.99386E-05 0.0274076 0.053871 9.99386E-05 9.99386E-05 9.99386E-05 9.99386E-05 0.911585 9.99386E-05 0.00643723 9.99386E-05
9.99298E-05 9.99298E-05 9.99298E-05 0.0536955 9.99298E-05 9.99298E-05 9.99298E-05 0.905757 9.99298E-05 0.0397479 9.99298E-05
0.026205 9.99472E-05 9.99472E-05 0.0814182 0.170515 9.99472E-05 0.401128 0.320134 9.99472E-05 9.99472E-05 9.99472E-05
0.017086 0.0295952 0.0837789 9.99561E-05 0.226525 9.99561E-05 0.00470081 0.637815 9.99561E-05 9.99561E-05 9.99561E-05
9.99386E-05 0.0106466 9.99386E-05 9.99386E-05 0.0973448 9.99386E-05 0.04266 0.848649 9.99386E-05 9.99386E-05 9.99386E-05
9.9921E-05 9.9921E-05 9.9921E-05 9.9921E-05 9.9921E-05 9.9921E-05 0.0720938 0.927007 9.9921E-05 9.9921E-05 9.9921E-05
0.00164379 0.184608 9.99649E-05 0.174812 0.254721 9.99649E-05 0.0865362 0.295721 9.99649E-05 0.0015569 9.99649E-05
0.113985 9.99473E-05 9.99473E-05 9.99473E-05 0.195211 9.99473E-05 0.154108 0.483263 9.99473E-05 0.052834 9.99473E-05
9.99561E-05 9.99561E-05 9.99561E-05 0.0950984 0.235425 0.0551643 0.0805376 0.403584 9.99561E-05 9.99561E-05 0.129691
0.0266927 0.0794065 9.99561E-05 9.99561E-05 0.314815 9.99561E-05 0.251428 0.28819 9.99561E-05 0.0389679 9.99561E-05
9.9921E-05 9.9921E-05 9.9921E-05 9.9921E-05 9.9921E-05 9.9921E-05 0.00286995 0.996231 9.9921E-05 9.9921E-05 9.9921E-05
0.013278 0.0607009 0.0287545 9.99736E-05 0.0444819 0.130239 0.258458 0.430068 9.99736E-05 9.99736E-05 0.0337192
9.99386E-05 9.99386E-05 9.99386E-05 0.039405 0.106924 9.99386E-05 0.0129291 0.840042 9.99386E-05 9.99386E-05 9.99386E-05
9.99386E-05 9.99386E-05 9.99386E-05 9.99386E-05 0.14136 9.99386E-05 0.149633 0.656654 9.99386E-05 0.0516539 9.99386E-05
9.99473E-05 9.99473E-05 9.99473E-05 0.00293984 0.171639 0.15846 0.0141751 0.652186 9.99473E-05 9.99473E-05 9.99473E-05
0.0751828 0.0235056 9.99648E-05 9.99648E-05 0.0429655 0.012167 0.113915 0.662758 9.99648E-05 0.0691069 9.99648E-05
0.00352117 9.99473E-05 9.99473E-05 0.152471 0.332045 9.99473E-05 0.324177 0.187187 9.99473E-05 9.99473E-05 9.99473E-05
9.99296E-05 9.99296E-05 9.99296E-05 9.99296E-05 0.246118 9.99296E-05 0.183823 0.569259 9.99296E-05 9.99296E-05 9.99296E-05
0.0637949 0.0156882 9.9956E-05 9.9956E-05 0.132602 0.0537764 0.0938776 0.639761 9.9956E-05 9.9956E-05 9.9956E-05
9.99385E-05 0.161576 9.99385E-05 9.99385E-05 0.00131884 9.99385E-05 0.141212 0.695193 9.99385E-05 9.99385E-05 9.99385E-05
9.99297E-05 9.99297E-05 9.99297E-05 0.0545458 0.182812 9.99297E-05 9.99297E-05 0.761842 9.99297E-05 9.99297E-05 9.99297E-05
9.9912E-05 9.9912E-05 9.9912E-05 9.9912E-05 9.9912E-05 9.9912E-05 0.999001 9.9912E-05 9.9912E-05 9.9912E-05 9.9912E-05
9.9912E-05 9.9912E-05 9.9912E-05 9.9912E-05 0.999001 9.9912E-05 9.9912E-05 9.9912E-05 9.9912E-05 9.9912E-05 9.9912E-05
9.99119E-05 9.99119E-05 9.99119E-05 9.99119E-05 9.99119E-05 9.99119E-05 0.999001 9.99119E-05 9.99119E-05 9.99119E-05 9.99119E-05
9.9912E-05 9.9912E-05 9.9912E-05 9.9912E-05 0.999001 9.9912E-05 9.9912E-05 9.9912E-05 9.9912E-05 9.9912E-05 9.9912E-05
9.9912E-05 9.9912E-05 9.9912E-05 9.9912E-05 0.999001 9.9912E-05 9.9912E-05 9.9912E-05 9.9912E-05 9.9912E-05 9.9912E-05
9.9912E-05 9.9912E-05 9.9912E-05 9.9912E-05 0.999001 9.9912E-05 9.9912E-05 9.9912E-05 9.9912E-05 9.9912E-05 9.9912E-05
9.99119E-05 9.99119E-05 9.99119E-05 9.99119E-05 9.99119E-05 9.99119E-05 0.999001 9.99119E-05 9.99119E-05 9.99119E-05 9.99119E-05
9.99119E-05 9.99119E-05 9.99119E-05 9.99119E-05 0.999001 9.99119E-05 9.99119E-05 9.99119E-05 9.99119E-05 9.99119E-05 9.99119E-05
9.9912E-05 9.9912E-05 9.9912E-05 9.9912E-05 0.999001 9.9912E-05 9.9912E-05 9.9912E-05 9.9912E-05 9.9912E-05 9.9912E-05
9.99119E-05 9.99119E-05 9.99119E-05 9.99119E-05 9.99119E-05 9.99119E-05 0.999001 9.99119E-05 9.99119E-05 9.99119E-05 9.99119E-05
9.99119E-05 9.99119E-05 9.99119E-05 9.99119E-05 9.99119E-05 9.99119E-05 0.999001 9.99119E-05 9.99119E-05 9.99119E-05 9.99119E-05
9.99119E-05 9.99119E-05 9.99119E-05 9.99119E-05 9.99119E-05 9.99119E-05 0.999001 9.99119E-05 9.99119E-05 9.99119E-05 9.99119E-05
9.9912E-05 9.9912E-05 9.9912E-05 9.9912E-05 0.999001 9.9912E-05 9.9912E-05 9.9912E-05 9.9912E-05 9.9912E-05 9.9912E-05
9.9912E-05 9.9912E-05 9.9912E-05 9.9912E-05 0.999001 9.9912E-05 9.9912E-05 9.9912E-05 9.9912E-05 9.9912E-05 9.9912E-05
9.99119E-05 9.99119E-05 9.99119E-05 9.99119E-05 9.99119E-05 9.99119E-05 0.999001 9.99119E-05 9.99119E-05 9.99119E-05 9.99119E-05
9.9912E-05 9.9912E-05 9.9912E-05 9.9912E-05 9.9912E-05 9.9912E-05 0.999001 9.9912E-05 9.9912E-05 9.9912E-05 9.9912E-05
9.99736E-05 0.12717 0.0225522 9.99736E-05 0.131989 0.00724099 0.233326 0.309514 9.99736E-05 0.0611893 0.106719
9.9912E-05 9.9912E-05 9.9912E-05 9.9912E-05 9.9912E-05 9.9912E-05 0.999001 9.9912E-05 9.9912E-05 9.9912E-05 9.9912E-05
9.9912E-05 9.9912E-05 9.9912E-05 9.9912E-05 0.999001 9.9912E-05 9.9912E-05 9.9912E-05 9.9912E-05 9.9912E-05 9.9912E-05
9.99119E-05 9.99119E-05 9.99119E-05 9.99119E-05 9.99119E-05 9.99119E-05 0.999001 9.99119E-05 9.99119E-05 9.99119E-05 9.99119E-05
9.9912E-05 9.9912E-05 9.9912E-05 9.9912E-05 9.9912E-05 9.9912E-05 0.999001 9.9912E-05 9.9912E-05 9.9912E-05 9.9912E-05
9.9912E-05 9.9912E-05 9.9912E-05 9.9912E-05 9.9912E-05 9.9912E-05 0.999001 9.9912E-05 9.9912E-05 9.9912E-05 9.9912E-05
9.9912E-05 9.9912E-05 9.9912E-05 9.9912E-05 0.999001 9.9912E-05 9.9912E-05 9.9912E-05 9.9912E-05 9.9912E-05 9.9912E-05
9.99119E-05 9.99119E-05 9.99119E-05 9.99119E-05 9.99119E-05 9.99119E-05 0.999001 9.99119E-05 9.99119E-05 9.99119E-05 9.99119E-05
9.9912E-05 9.9912E-05 9.9912E-05 9.9912E-05 0.999001 9.9912E-05 9.9912E-05 9.9912E-05 9.9912E-05 9.9912E-05 9.9912E-05
9.99121E-05 9.99121E-05 9.99121E-05 9.99121E-05 9.99121E-05 9.99121E-05 0.999001 9.99121E-05 9.99121E-05 9.99121E-05 9.99121E-05
9.99119E-05 9.99119E-05 9.99119E-05 9.99119E-05 9.99119E-05 9.99119E-05 0.999001 9.99119E-05 9.99119E-05 9.99119E-05 9.99119E-05
9.99121E-05 9.99121E-05 9.99121E-05 9.99121E-05 0.999001 9.99121E-05 9.99121E-05 9.99121E-05 9.99121E-05 9.99121E-05 9.99121E-05
9.9912E-05 9.9912E-05 9.9912E-05 9.9912E-05 0.999001 9.9912E-05 9.9912E-05 9.9912E-05 9.9912E-05 9.9912E-05 9.9912E-05
9.9912E-05 9.9912E-05 9.9912E-05 9.9912E-05 0.999001 9.9912E-05 9.9912E-05 9.9912E-05 9.9912E-05 9.9912E-05 9.9912E-05
9.9912E-05 9.9912E-05 9.9912E-05 9.9912E-05 9.9912E-05 9.9912E-05 0.999001 9.9912E-05 9.9912E-05 9.9912E-05 9.9912E-05
9.9912E-05 9.9912E-05 9.9912E-05 9.9912E-05 9.9912E-05 9.9912E-05 0.999001 9.9912E-05 9.9912E-05 9.9912E-05 9.9912E-05
9.9912E-05 9.9912E-05 9.9912E-05 9.9912E-05 9.9912E-05 9.9912E-05 0.999001 9.9912E-05 9.9912E-05 9.9912E-05 9.9912E-05
9.99119E-05 9.99119E-05 9.99119E-05 9.99119E-05 9.99119E-05 9.99119E-05 0.999001 9.99119E-05 9.99119E-05 9.99119E-05 9.99119E-05
9.99119E-05 9.99119E-05 9.99119E-05 9.99119E-05 9.99119E-05 9.99119E-05 0.999001 9.99119E-05 9.99119E-05 9.99119E-05 9.99119E-05
9.9912E-05 9.9912E-05 9.9912E-05 9.9912E-05 0.999001 9.9912E-05 9.9912E-05 9.9912E-05 9.9912E-05 9.9912E-05 9.9912E-05
9.9912E-05 9.9912E-05 9.9912E-05 9.9912E-05 0.999001 9.9912E-05 9.9912E-05 9.9912E-05 9.9912E-05 9.9912E-05 9.9912E-05
9.9912E-05 9.9912E-05 9.9912E-05 9.9912E-05 0.999001 9.9912E-05 9.9912E-05 9.9912E-05 9.9912E-05 9.9912E-05 9.9912E-05
9.99119E-05 9.99119E-05 9.99119E-05 9.99119E-05 9.99119E-05 9.99119E-05 0.999001 9.99119E-05 9.99119E-05 9.99119E-05 9.99119E-05
9.9912E-05 9.9912E-05 9.9912E-05 9.9912E-05 0.999001 9.9912E-05 9.9912E-05 9.9912E-05 9.9912E-05 9.9912E-05 9.9912E-05
9.9912E-05 9.9912E-05 9.9912E-05 9.9912E-05 0.999001 9.9912E-05 9.9912E-05 9.9912E-05 9.9912E-05 9.9912E-05 9.9912E-05
9.9912E-05 9.9912E-05 9.9912E-05 9.9912E-05 0.999001 9.9912E-05 9.9912E-05 9.9912E-05 9.9912E-05 9.9912E-05 9.9912E-05
9.9912E-05 9.9912E-05 9.9912E-05 9.9912E-05 0.999001 9.9912E-05 9.9912E-05 9.9912E-05 9.9912E-05 9.9912E-05 9.9912E-05
9.99119E-05 9.99119E-05 9.99119E-05 9.99119E-05 9.99119E-05 9.99119E-05 0.999001 9.99119E-05 9.99119E-05 9.99119E-05 9.99119E-05
9.9912E-05 9.9912E-05 9.9912E-05 9.9912E-05 0.999001 9.9912E-05 9.9912E-05 9.9912E-05 9.9912E-05 9.9912E-05 9.9912E-05
9.9912E-05 9.9912E-05 9.9912E-05 9.9912E-05 0.999001 9.9912E-05 9.9912E-05 9.9912E-05 9.9912E-05 9.9912E-05 9.9912E-05
9.99736E-05 0.0754109 0.0691988 9.99736E-05 0.146524 0.0819069 0.186401 0.353258 9.99736E-05 0.00864328 0.078357
9.9912E-05 9.9912E-05 9.9912E-05 9.9912E-05 9.9912E-05 9.9912E-05 0.999001 9.9912E-05 9.9912E-05 9.9912E-05 9.9912E-05
9.9912E-05 9.9912E-05 9.9912E-05 9.9912E-05 0.999001 9.9912E-05 9.9912E-05 9.9912E-05 9.9912E-05 9.9912E-05 9.9912E-05
9.9912E-05 9.9912E-05 9.9912E-05 9.9912E-05 0.999001 9.9912E-05 9.9912E-05 9.9912E-05 9.9912E-05 9.9912E-05 9.9912E-05
9.9912E-05 9.9912E-05 9.9912E-05 9.9912E-05 0.999001 9.9912E-05 9.9912E-05 9.9912E-05 9.9912E-05 9.9912E-05 9.9912E-05
9.9912E-05 9.9912E-05 9.9912E-05 9.9912E-05 0.999001 9.9912E-05 9.9912E-05 9.9912E-05 9.9912E-05 9.9912E-05 9.9912E-05
9.9912E-05 9.9912E-05 9.9912E-05 9.9912E-05 9.9912E-05 9.9912E-05 0.999001 9.9912E-05 9.9912E-05 9.9912E-05 9.9912E-05
9.9912E-05 9.9912E-05 9.9912E-05 9.9912E-05 0.999001 9.9912E-05 9.9912E-05 9.9912E-05 9.9912E-05 9.9912E-05 9.9912E-05
9.9912E-05 9.9912E-05 9.9912E-05 9.9912E-05 9.9912E-05 9.9912E-05 0.999001 9.9912E-05 9.9912E-05 9.9912E-05 9.9912E-05
9.9912E-05 9.9912E-05 9.9912E-05 9.9912E-05 0.999001 9.9912E-05 9.9912E-05 9.9912E-05 9.9912E-05 9.9912E-05 9.9912E-05
9.9912E-05 9.9912E-05 9.9912E-05 9.9912E-05 9.9912E-05 9.9912E-05 0.999001 9.9912E-05 9.9912E-05 9.9912E-05 9.9912E-05
9.9912E-05 9.9912E-05 9.9912E-05 9.9912E-05 0.999001 9.9912E-05 9.9912E-05 9.9912E-05 9.9912E-05 9.9912E-05 9.9912E-05
9.9912E-05 9.9912E-05 9.9912E-05 9.9912E-05 0.999001 9.9912E-05 9.9912E-05 9.9912E-05 9.9912E-05 9.9912E-05 9.9912E-05
9.9912E-05 9.9912E-05 9.9912E-05 9.9912E-05 0.999001 9.9912E-05 9.9912E-05 9.9912E-05 9.9912E-05 9.9912E-05 9.9912E-05
9.9912E-05 9.9912E-05 9.9912E-05 9.9912E-05 0.999001 9.9912E-05 9.9912E-05 9.9912E-05 9.9912E-05 9.9912E-05 9.9912E-05
9.9912E-05 9.9912E-05 9.9912E-05 9.9912E-05 0.999001 9.9912E-05 9.9912E-05 9.9912E-05 9.9912E-05 9.9912E-05 9.9912E-05
9.9912E-05 9.9912E-05 9.9912E-05 9.9912E-05 0.999001 9.9912E-05 9.9912E-05 9.9912E-05 9.9912E-05 9.9912E-05 9.9912E-05
9.9912E-05 9.9912E-05 9.9912E-05 9.9912E-05 9.9912E-05 9.9912E-05 0.999001 9.9912E-05 9.9912E-05 9.9912E-05 9.9912E-05
9.9912E-05 9.9912E-05 9.9912E-05 9.9912E-05 9.9912E-05 9.9912E-05 0.999001 9.9912E-05 9.9912E-05 9.9912E-05 9.9912E-05
9.9912E-05 9.9912E-05 9.9912E-05 9.9912E-05 9.9912E-05 9.9912E-05 0.999001 9.9912E-05 9.9912E-05 9.9912E-05 9.9912E-05
9.99119E-05 9.99119E-05 9.99119E-05 9.99119E-05 0.999001 9.99119E-05 9.99119E-05 9.99119E-05 9.99119E-05 9.99119E-05 9.99119E-05
9.9912E-05 9.9912E-05 9.9912E-05 9.9912E-05 9.9912E-05 9.9912E-05 0.999001 9.9912E-05 9.9912E-05 9.9912E-05 9.9912E-05
9.9912E-05 9.9912E-05 9.9912E-05 9.9912E-05 9.9912E-05 9.9912E-05 0.999001 9.9912E-05 9.9912E-05 9.9912E-05 9.9912E-05
9.99119E-05 9.99119E-05 9.99119E-05 9.99119E-05 9.99119E-05 9.99119E-05 0.999001 9.99119E-05 9.99119E-05 9.99119E-05 9.99119E-05
9.9912E-05 9.9912E-05 9.9912E-05 9.9912E-05 0.999001 9.9912E-05 9.9912E-05 9.9912E-05 9.9912E-05 9.9912E-05 9.9912E-05
9.99121E-05 9.99121E-05 9.99121E-05 9.99121E-05 0.999001 9.99121E-05 9.99121E-05 9.99121E-05 9.99121E-05 9.99121E-05 9.99121E-05
9.9912E-05 9.9912E-05 9.9912E-05 9.9912E-05 0.999001 9.9912E-05 9.9912E-05 9.9912E-05 9.9912E-05 9.9912E-05 9.9912E-05
9.99119E-05 9.99119E-05 9.99119E-05 9.99119E-05 9.99119E-05 9.99119E-05 0.999001 9.99119E-05 9.99119E-05 9.99119E-05 9.99119E-05
9.9912E-05 9.9912E-05 9.9912E-05 9.9912E-05 0.999001 9.9912E-05 9.9912E-05 9.9912E-05 9.9912E-05 9.9912E-05 9.9912E-05
9.99119E-05 9.99119E-05 9.99119E-05 9.99119E-05 0.999001 9.99119E-05 9.99119E-05 9.99119E-05 9.99119E-05 9.99119E-05 9.99119E-05
9.99119E-05 9.99119E-05 9.99119E-05 9.99119E-05 9.99119E-05 9.99119E-05 0.999001 9.99119E-05 9.99119E-05 9.99119E-05 9.99119E-05
9.9912E-05 9.9912E-05 9.9912E-05 9.9912E-05 0.999001 9.9912E-05 9.9912E-05 9.9912E-05 9.9912E-05 9.9912E-05 9.9912E-05
9.9912E-05 9.9912E-05 9.9912E-05 9.9912E-05 0.999001 9.9912E-05 9.9912E-05 9.9912E-05 9.9912E-05 9.9912E-05 9.9912E-05
0.212968 9.99561E-05 9.99561E-05 0.0191699 0.0974877 9.99561E-05 0.38794 0.210355 9.99561E-05 0.0715791 9.99561E-05
9.9912E-05 9.9912E-05 9.9912E-05 9.9912E-05 9.9912E-05 9.9912E-05 0.999001 9.9912E-05 9.9912E-05 9.9912E-05 9.9912E-05
9.9912E-05 9.9912E-05 9.9912E-05 9.9912E-05 0.999001 9.9912E-05 9.9912E-05 9.9912E-05 9.9912E-05 9.9912E-05 9.9912E-05
0.00279435 9.99649E-05 9.99649E-05 9.99649E-05 0.41105 0.0711237 0.0730826 0.357552 9.99649E-05 0.0192427 0.0647555
9.99561E-05 0.0360842 0.0740912 9.99561E-05 0.250036 9.99561E-05 0.208007 0.383802 9.99561E-05 9.99561E-05 0.0474797
9.99385E-05 9.99385E-05 9.99385E-05 9.99385E-05 0.198996 9.99385E-05 0.330586 0.374564 9.99385E-05 9.99385E-05 0.0951544
9.99472E-05 0.033898 9.99472E-05 9.99472E-05 9.99472E-05 0.0674585 0.263726 0.559262 9.99472E-05 0.0750561 9.99472E-05
9.99385E-05 9.99385E-05 9.99385E-05 0.013419 0.378559 9.99385E-05 0.334051 0.273271 9.99385E-05 9.99385E-05 9.99385E-05
9.99387E-05 9.99387E-05 9.99387E-05 9.99387E-05 0.170533 9.99387E-05 0.0174099 0.79513 0.0162281 9.99387E-05 9.99387E-05
9.99561E-05 0.0252477 0.058272 9.99561E-05 0.353352 9.99561E-05 0.276187 0.268019 9.99561E-05 9.99561E-05 0.0184219
0.104225 0.0533815 9.99561E-05 9.99561E-05 0.179618 9.99561E-05 0.0677504 0.514767 9.99561E-05 0.0797585 9.99561E-05
0.00307357 9.99386E-05 9.99386E-05 9.99386E-05 0.20403 9.99386E-05 0.074591 0.717606 9.99386E-05 9.99386E-05 9.99386E-05
9.9956E-05 0.0264603 0.0478663 9.9956E-05 9.9956E-05 9.9956E-05 0.261722 0.608351 9.9956E-05 0.0207595 0.0343408
0.0788152 9.99385E-05 9.99385E-05 9.99385E-05 0.112835 9.99385E-05 0.226735 0.580915 9.99385E-05 9.99385E-05 9.99385E-05
9.99297E-05 9.99297E-05 9.99297E-05 9.99297E-05 0.598016 9.99297E-05 0.0705904 0.330594 9.99297E-05 9.99297E-05 9.99297E-05
9.99473E-05 9.99473E-05 9.99473E-05 9.99473E-05 0.288715 0.110301 0.36076 0.196661 9.99473E-05 0.0429633 9.99473E-05
9.99472E-05 0.00892009 9.99472E-05 9.99472E-05 0.0643757 9.99472E-05 0.0689833 0.722021 9.99472E-05 0.1351 9.99472E-05
0.0908302 9.99384E-05 9.99384E-05 9.99384E-05 0.208913 9.99384E-05 0.255252 0.444305 9.99384E-05 9.99384E-05 9.99384E-05
0.0557603 9.99561E-05 0.00284869 0.139638 0.301287 9.99561E-05 0.254804 0.245162 9.99561E-05 9.99561E-05 9.99561E-05
0.0107382 9.99561E-05 9.99561E-05 9.99561E-05 0.178423 9.99561E-05 0.0508671 0.652221 9.99561E-05 0.00052192 0.106729
0.0047453 0.0320234 9.99736E-05 9.99736E-05 0.0867431 0.0204271 0.430494 0.297804 9.99736E-05 0.102685 0.0247796
0.0305284 0.101928 9.9956E-05 0.204769 0.190551 0.0277695 9.9956E-05 0.443954 9.9956E-05 9.9956E-05 9.9956E-05
9.99472E-05 9.99472E-05 0.0230525 9.99472E-05 0.163514 9.99472E-05 0.299408 0.448486 9.99472E-05 9.99472E-05 0.0649398
9.9956E-05 0.0286004 0.126306 0.00191306 0.153442 9.9956E-05 0.129475 0.559764 9.9956E-05 9.9956E-05 9.9956E-05
9.99297E-05 9.99297E-05 9.99297E-05 9.99297E-05 0.285866 0.078127 9.99297E-05 0.635207 9.99297E-05 9.99297E-05 9.99297E-05
0.0245979 9.99561E-05 9.99561E-05 9.99561E-05 0.254076 0.0648314 0.180886 0.338115 9.99561E-05 0.136994 9.99561E-05
0.0209574 0.0376282 9.9956E-05 9.9956E-05 0.168793 9.9956E-05 0.11914 0.601874 9.9956E-05 0.0511074 9.9956E-05
9.99384E-05 9.99384E-05 9.99384E-05 9.99384E-05 0.0543604 9.99384E-05 0.0627193 0.711061 9.99384E-05 0.171159 9.99384E-05
9.99211E-05 9.99211E-05 9.99211E-05 0.0447948 9.99211E-05 9.99211E-05 9.99211E-05 0.954306 9.99211E-05 9.99211E-05 9.99211E-05
9.9956E-05 9.9956E-05 0.136448 0.0118561 0.107912 9.9956E-05 0.185023 0.535344 9.9956E-05 0.022918 9.9956E-05
9.99385E-05 9.99385E-05 9.99385E-05 9.99385E-05 0.290348 9.99385E-05 0.323552 0.278326 9.99385E-05 9.99385E-05 0.107075
0.00259953 0.0266345 0.0691659 9.99648E-05 9.99648E-05 0.0286282 0.125964 0.657762 9.99648E-05 0.0888466 9.99648E-05
0.0133062 0.114686 9.99648E-05 9.99648E-05 0.144469 9.99648E-05 0.0703524 0.507162 9.99648E-05 0.12258 0.0270453
0.0133965 9.99561E-05 0.0785386 0.0327416 0.394222 9.99561E-05 0.247038 0.233564 9.99561E-05 9.99561E-05 9.99561E-05
0.0283649 9.99473E-05 9.99473E-05 0.0602597 0.304095 9.99473E-05 0.161313 0.445368 9.99473E-05 9.99473E-05 9.99473E-05
9.99472E-05 9.99472E-05 0.074658 0.168328 0.19217 9.99472E-05 0.156171 0.408073 9.99472E-05 9.99472E-05 9.99472E-05
0.020873 9.99561E-05 0.0421517 9.99561E-05 0.245585 9.99561E-05 0.2221 0.418775 9.99561E-05 0.0500166 9.99561E-05
0.0887325 9.9956E-05 9.9956E-05 9.9956E-05 0.169833 0.0392058 0.219693 0.427584 9.9956E-05 0.0544522 9.9956E-05
9.99473E-05 0.00753897 0.0475902 9.99473E-05 0.116873 9.99473E-05 0.243932 0.583466 9.99473E-05 9.99473E-05 9.99473E-05
9.99122E-05 9.99122E-05 9.99122E-05 9.99122E-05 9.99122E-05 9.99122E-05 9.99122E-05 0.999001 9.99122E-05 9.99122E-05 9.99122E-05
0.0851638 9.99648E-05 9.99648E-05 0.0368723 0.0277332 0.175126 0.304987 0.322318 9.99648E-05 0.0473997 9.99648E-05
0.0844198 9.9956E-05 9.9956E-05 9.9956E-05 0.00971383 0.139258 0.141015 0.622738 9.9956E-05 0.00235456 9.9956E-05
9.99385E-05 9.99385E-05 0.339183 9.99385E-05 0.195517 9.99385E-05 0.133731 0.33087 9.99385E-05 9.99385E-05 9.99385E-05
9.99384E-05 9.99384E-05 0.0720795 9.99384E-05 0.126995 9.99384E-05 0.340082 0.460144 9.99384E-05 9.99384E-05 9.99384E-05
0.106333 9.99649E-05 0.193355 0.0508243 0.0905889 9.99649E-05 0.0425684 0.463057 9.99649E-05 9.99649E-05 0.0528741
9.99473E-05 9.99473E-05 0.0819677 9.99473E-05 0.228005 9.99473E-05 0.12532 0.380999 9.99473E-05 9.99473E-05 0.183109
9.99561E-05 9.99561E-05 0.0471806 0.0406893 0.573498 9.99561E-05 0.077871 0.218789 9.99561E-05 0.041472 9.99561E-05
9.99473E-05 9.99473E-05 9.99473E-05 0.0287026 0.351174 9.99473E-05 0.38952 0.158578 9.99473E-05 0.0714254 9.99473E-05
9.9956E-05 0.112064 0.0592194 9.9956E-05 0.208289 0.0350686 9.9956E-05 0.558278 9.9956E-05 0.0265812 9.9956E-05
9.99122E-05 9.99122E-05 9.99122E-05 9.99122E-05 9.99122E-05 9.99122E-05 9.99122E-05 0.999001 9.99122E-05 9.99122E-05 9.99122E-05
0.0298188 0.0117968 0.0557181 9.9956E-05 0.243483 9.9956E-05 0.09615 0.562533 9.9956E-05 9.9956E-05 9.9956E-05
9.9921E-05 9.9921E-05 0.144557 9.9921E-05 9.9921E-05 9.9921E-05 9.9921E-05 0.854544 9.9921E-05 9.9921E-05 9.9921E-05
9.99648E-05 9.99648E-05 0.0454112 0.216238 0.149529 0.0801318 0.215976 0.274239 9.99648E-05 0.0180754 9.99648E-05
9.9921E-05 9.9921E-05 9.9921E-05 0.054897 9.9921E-05 9.9921E-05 9.9921E-05 0.944204 9.9921E-05 9.9921E-05 9.9921E-05
0.0742054 9.99561E-05 9.99561E-05 0.00134125 0.0480239 9.99561E-05 0.302334 0.571629 9.99561E-05 0.00196671 9.99561E-05
0.0390055 9.99472E-05 0.157769 0.215306 9.99472E-05 9.99472E-05 0.258466 0.328854 9.99472E-05 9.99472E-05 9.99472E-05
9.99561E-05 9.99561E-05 0.00757446 0.184733 0.128674 9.99561E-05 0.196392 0.476194 9.99561E-05 0.00593292 9.99561E-05
9.99384E-05 9.99384E-05 0.334922 9.99384E-05 0.0538017 9.99384E-05 0.0895549 0.521022 9.99384E-05 9.99384E-05 9.99384E-05
9.99298E-05 9.99298E-05 9.99298E-05 9.99298E-05 0.357204 9.99298E-05 0.0615889 0.580408 9.99298E-05 9.99298E-05 9.99298E-05
0.0306402 9.99387E-05 9.99387E-05 0.0833051 9.99387E-05 9.99387E-05 0.168035 0.71732 9.99387E-05 9.99387E-05 9.99387E-05
9.9921E-05 9.9921E-05 9.9921E-05 9.9921E-05 0.247929 9.9921E-05 9.9921E-05 0.751172 9.9921E-05 9.9921E-05 9.9921E-05
9.99473E-05 9.99473E-05 9.99473E-05 9.99473E-05 0.253189 0.000385142 0.286034 0.411426 9.99473E-05 0.0483662 9.99473E-05
9.99386E-05 9.99386E-05 9.99386E-05 0.0995685 0.216204 9.99386E-05 0.264296 0.419232 9.99386E-05 9.99386E-05 9.99386E-05
9.99122E-05 9.99122E-05 9.99122E-05 9.99122E-05 9.99122E-05 9.99122E-05 9.99122E-05 0.999001 9.99122E-05 9.99122E-05 9.99122E-05
9.99387E-05 0.00949142 9.99387E-05 9.99387E-05 0.0458387 9.99387E-05 0.0152743 0.928696 9.99387E-05 9.99387E-05 9.99387E-05
9.99474E-05 9.99474E-05 9.99474E-05 9.99474E-05 0.0177794 9.99474E-05 0.171384 0.776017 0.0229096 9.99474E-05 0.0113106
0.097822 9.99473E-05 9.99473E-05 9.99473E-05 0.142624 9.99473E-05 0.223755 0.535019 9.99473E-05 9.99473E-05 0.000180541
0.00554337 0.107515 9.99472E-05 9.99472E-05 0.206346 9.99472E-05 0.0931344 0.586862 9.99472E-05 9.99472E-05 9.99472E-05
9.99561E-05 0.011099 0.00850454 9.99561E-05 0.336699 0.0515123 9.99561E-05 0.587095 9.99561E-05 9.99561E-05 0.00459087
9.99299E-05 9.99299E-05 9.99299E-05 9.99299E-05 0.0979867 9.99299E-05 0.0872332 0.813981 9.99299E-05 9.99299E-05 9.99299E-05
0.00361349 0.0161206 9.99561E-05 0.0433783 0.286398 9.99561E-05 0.265716 0.384274 9.99561E-05 9.99561E-05 9.99561E-05
0.045891 0.0007178 9.99472E-05 9.99472E-05 0.0935977 9.99472E-05 0.366387 0.492806 9.99472E-05 9.99472E-05 9.99472E-05
9.99387E-05 0.0965856 9.99387E-05 0.161461 9.99387E-05 9.99387E-05 0.0396139 0.70164 9.99387E-05 9.99387E-05 9.99387E-05
9.99561E-05 0.0151182 9.99561E-05 0.179333 0.00974056 9.99561E-05 0.193915 0.561932 9.99561E-05 9.99561E-05 0.0394626
9.99387E-05 9.99387E-05 9.99387E-05 0.0887786 9.99387E-05 9.99387E-05 0.0701714 0.75433 0.0860204 9.99387E-05 9.99387E-05
9.99297E-05 9.99297E-05 9.99297E-05 9.99297E-05 0.284727 9.99297E-05 0.307079 0.407394 9.99297E-05 9.99297E-05 9.99297E-05
0.00088385 0.0461695 9.99561E-05 0.244631 9.99561E-05 0.159544 9.99561E-05 0.452073 9.99561E-05 0.0961984 9.99561E-05
9.99298E-05 9.99298E-05 9.99298E-05 0.0241639 9.99298E-05 9.99298E-05 0.154939 0.820098 9.99298E-05 9.99298E-05 9.99298E-05
0.0238074 9.99473E-05 9.99473E-05 0.170863 0.180208 9.99473E-05 0.118694 0.505827 9.99473E-05 9.99473E-05 9.99473E-05
9.99298E-05 9.99298E-05 9.99298E-05 0.18304 9.99298E-05 9.99298E-05 9.99298E-05 0.777721 0.03844 9.99298E-05 9.99298E-05
0.0334344 9.99384E-05 9.99384E-05 9.99384E-05 9.99384E-05 9.99384E-05 0.202548 0.730128 9.99384E-05 0.0331907 9.99384E-05
9.99211E-05 9.99211E-05 9.99211E-05 0.234643 9.99211E-05 9.99211E-05 9.99211E-05 0.764458 9.99211E-05 9.99211E-05 9.99211E-05
0.063295 9.99473E-05 9.99473E-05 0.0199918 0.423963 9.99473E-05 0.0752233 0.416927 9.99473E-05 9.99473E-05 9.99473E-05
0.0589469 9.9956E-05 0.0750703 9.9956E-05 0.243046 9.9956E-05 0.00183172 0.55069 9.9956E-05 9.9956E-05 0.0699155
0.0257099 9.99736E-05 0.100859 0.0178686 0.261878 0.00947697 0.0979369 0.36157 9.99736E-05 0.124401 9.99736E-05
9.99211E-05 9.99211E-05 9.99211E-05 0.167773 9.99211E-05 9.99211E-05 9.99211E-05 0.831328 9.99211E-05 9.99211E-05 9.99211E-05
0.00202835 0.00362253 9.99561E-05 0.0360553 0.242017 9.99561E-05 0.0636433 0.652134 9.99561E-05 9.99561E-05 9.99561E-05
9.99561E-05 0.200076 9.99561E-05 0.176139 0.128159 9.99561E-05 9.99561E-05 0.43841 9.99561E-05 0.0128428 0.0438738
0.0299229 9.99473E-05 9.99473E-05 0.154506 0.00468055 9.99473E-05 0.139476 0.670815 9.99473E-05 9.99473E-05 9.99473E-05
0.0236608 9.9956E-05 9.9956E-05 9.9956E-05 0.0388776 9.9956E-05 0.287975 0.475992 9.9956E-05 0.134301 0.0386944
0.0238251 9.99473E-05 9.99473E-05 9.99473E-05 0.443066 9.99473E-05 0.207205 0.290336 9.99473E-05 0.0349683 9.99473E-05
0.0349596 9.99561E-05 9.99561E-05 9.99561E-05 0.129128 0.0821674 0.310277 0.410543 9.99561E-05 9.99561E-05 0.0324257
0.00686264 0.0560374 9.9956E-05 9.9956E-05 0.227847 0.0827989 0.221374 0.40458 9.9956E-05 9.9956E-05 9.9956E-05
0.0070344 0.229555 0.0367385 0.123996 0.0393066 9.99737E-05 0.143122 0.41399 9.99737E-05 0.00595715 9.99737E-05
0.0216912 9.9956E-05 9.9956E-05 0.216664 0.0922021 9.9956E-05 0.334801 0.195685 9.9956E-05 0.138457 9.9956E-05
9.99474E-05 9.99474E-05 9.99474E-05 0.0932435 0.331006 9.99474E-05 0.129773 0.433724 9.99474E-05 9.99474E-05 0.0116542
0.196185 0.114259 9.99648E-05 0.265334 0.031601 0.000478111 0.0448336 0.346909 9.99648E-05 9.99648E-05 9.99648E-05
9.99297E-05 9.99297E-05 9.99297E-05 0.174397 0.17516 9.99297E-05 9.99297E-05 0.649643 9.99297E-05 9.99297E-05 9.99297E-05
9.99211E-05 9.99211E-05 9.99211E-05 0.253736 9.99211E-05 9.99211E-05 9.99211E-05 0.745364 9.99211E-05 9.99211E-05 9.99211E-05
9.99297E-05 9.99297E-05 0.271792 9.99297E-05 0.32558 9.99297E-05 9.99297E-05 0.401829 9.99297E-05 9.99297E-05 9.99297E-05
0.155974 9.99472E-05 0.00232722 9.99472E-05 0.113062 9.99472E-05 0.31906 0.408977 9.99472E-05 9.99472E-05 9.99472E-05
0.00703876 9.99386E-05 9.99386E-05 9.99386E-05 9.99386E-05 9.99386E-05 0.490766 0.483506 9.99386E-05 0.0179902 9.99386E-05
9.99561E-05 0.064368 9.99561E-05 0.0998845 0.137742 9.99561E-05 0.488286 0.207876 9.99561E-05 0.00134289 9.99561E-05
0.0532817 0.026574 0.103552 9.99736E-05 0.277159 0.067496 9.99736E-05 0.360059 9.99736E-05 0.0649001 0.0466776
9.99561E-05 0.0102196 0.0245977 9.99561E-05 0.120751 9.99561E-05 0.367221 0.404494 9.99561E-05 9.99561E-05 0.0722174
9.99649E-05 0.29335 9.99649E-05 0.155712 0.14428 0.0376132 0.0602049 0.288904 9.99649E-05 0.019536 9.99649E-05
9.99474E-05 9.99474E-05 0.0127129 0.128642 0.122385 9.99474E-05 9.99474E-05 0.684424 9.99474E-05 9.99474E-05 0.0512367
0.0341357 9.99562E-05 9.99562E-05 0.0390701 0.127868 9.99562E-05 0.0198968 0.755448 0.0230815 9.99562E-05 9.99562E-05
