0.0576609 0.0358673 9.98947E-05 0.276939 9.98947E-05 9.98947E-05 0.0492667 9.98947E-05 9.98947E-05 0.121192 9.98947E-05 0.0258704 9.98947E-05 0.341806 9.98947E-05 9.98947E-05 0.0593526 9.98947E-05 9.98947E-05 9.98947E-05 0.0308462
9.98509E-05 9.98509E-05 9.98509E-05 0.0986094 9.98509E-05 9.98509E-05 0.0779996 9.98509E-05 9.98509E-05 9.98509E-05 9.98509E-05 9.98509E-05 9.98509E-05 0.0441904 9.98509E-05 9.98509E-05 9.98509E-05 0.777503 9.98509E-05 9.98509E-05 9.98509E-05
9.98596E-05 0.0290854 9.98596E-05 9.98596E-05 9.98596E-05 9.98596E-05 9.98596E-05 9.98596E-05 9.98596E-05 9.98596E-05 9.98596E-05 0.0172753 9.98596E-05 0.245313 9.98596E-05 9.98596E-05 0.0165428 0.690186 9.98596E-05 9.98596E-05 9.98596E-05
9.99034E-05 0.0445236 0.162109 0.00887574 9.99034E-05 0.0294192 9.99034E-05 9.99034E-05 9.99034E-05 0.0132841 9.99034E-05 9.99034E-05 9.99034E-05 0.284904 0.293551 0.0477927 0.00620731 9.99034E-05 9.99034E-05 9.99034E-05 0.108234
9.98684E-05 9.98684E-05 9.98684E-05 9.98684E-05 9.98684E-05 0.0170535 0.0662061 9.98684E-05 9.98684E-05 9.98684E-05 9.98684E-05 9.98684E-05 9.98684E-05 0.0043142 9.98684E-05 0.0157576 9.98684E-05 0.854561 0.0406092 9.98684E-05 9.98684E-05
9.9886E-05 9.9886E-05 0.145296 0.212614 9.9886E-05 0.115642 0.0333152 9.9886E-05 9.9886E-05 9.9886E-05 9.9886E-05 9.9886E-05 9.9886E-05 0.0689741 9.9886E-05 0.126263 9.9886E-05 0.179888 0.116709 9.9886E-05 9.9886E-05
9.98948E-05 9.98948E-05 9.98948E-05 0.140834 9.98948E-05 0.0222611 0.0834721 9.98948E-05 0.0939839 9.98948E-05 9.98948E-05 0.0231812 9.98948E-05 0.267685 0.0946523 9.98948E-05 0.179871 9.98948E-05 9.98948E-05 9.98948E-05 0.0928611
9.99036E-05 9.99036E-05 9.99036E-05 0.0989121 9.99036E-05 0.193064 9.99036E-05 9.99036E-05 0.0272915 0.103639 9.99036E-05 9.99036E-05 9.99036E-05 9.99036E-05 0.0184118 0.157835 0.164955 0.191664 0.00296245 0.0401649 9.99036E-05
9.98684E-05 0.225903 0.00636409 9.98684E-05 9.98684E-05 0.0483775 9.98684E-05 9.98684E-05 9.98684E-05 9.98684E-05 9.98684E-05 0.146668 9.98684E-05 0.338833 9.98684E-05 0.232356 9.98684E-05 9.98684E-05 9.98684E-05 9.98684E-05 9.98684E-05
9.98244E-05 9.98244E-05 9.98244E-05 9.98244E-05 9.98244E-05 9.98244E-05 9.98244E-05 9.98244E-05 9.98244E-05 9.98244E-05 9.98244E-05 9.98244E-05 9.98244E-05 0.998004 9.98244E-05 9.98244E-05 9.98244E-05 9.98244E-05 9.98244E-05 9.98244E-05 9.98244E-05
9.98596E-05 0.122257 9.98596E-05 0.0224757 9.98596E-05 9.98596E-05 9.98596E-05 9.98596E-05 9.98596E-05 9.98596E-05 9.98596E-05 9.98596E-05 9.98596E-05 0.724731 9.98596E-05 0.00233127 9.98596E-05 9.98596E-05 9.98596E-05 9.98596E-05 0.126607
9.98685E-05 0.0551771 9.98685E-05 9.98685E-05 9.98685E-05 0.100501 9.98685E-05 9.98685E-05 0.00710342 9.98685E-05 9.98685E-05 9.98685E-05 0.00755368 0.577167 9.98685E-05 9.98685E-05 9.98685E-05 0.251 9.98685E-05 9.98685E-05 9.98685E-05
9.9842E-05 0.0210052 9.9842E-05 9.9842E-05 9.9842E-05 9.9842E-05 9.9842E-05 9.9842E-05 9.9842E-05 9.9842E-05 9.9842E-05 9.9842E-05 9.9842E-05 0.948244 9.9842E-05 9.9842E-05 0.0289532 9.9842E-05 9.9842E-05 9.9842E-05 9.9842E-05
9.98772E-05 0.0572438 0.115606 9.98772E-05 9.98772E-05 9.98772E-05 0.00541204 9.98772E-05 9.98772E-05 0.0430774 9.98772E-05 9.98772E-05 9.98772E-05 9.98772E-05 9.98772E-05 9.98772E-05 0.0240369 0.732166 9.98772E-05 0.0210601 9.98772E-05
9.98772E-05 0.0705028 0.278857 0.0623456 9.98772E-05 9.98772E-05 0.0304012 9.98772E-05 9.98772E-05 9.98772E-05 9.98772E-05 9.98772E-05 9.98772E-05 0.377805 9.98772E-05 0.130108 9.98772E-05 9.98772E-05 0.0485819 9.98772E-05 9.98772E-05
9.99034E-05 0.0741963 9.99034E-05 0.205971 9.99034E-05 9.99034E-05 9.99034E-05 0.0311823 9.99034E-05 9.99034E-05 9.99034E-05 9.99034E-05 9.99034E-05 0.00827788 0.118249 0.198251 0.00110684 0.232858 0.00603245 0.122777 9.99034E-05
9.99123E-05 0.0124742 9.99123E-05 9.99123E-05 9.99123E-05 9.99123E-05 0.0592914 0.00187845 9.99123E-05 0.0539889 0.0812541 9.99123E-05 9.99123E-05 0.273802 0.0491195 9.99123E-05 9.99123E-05 0.341018 0.0220162 0.0406797 0.063479
9.98947E-05 0.0905844 9.98947E-05 0.299111 0.126313 0.0670622 9.98947E-05 9.98947E-05 9.98947E-05 0.0190053 9.98947E-05 9.98947E-05 0.0952552 0.214026 9.98947E-05 0.0319265 0.0555169 9.98947E-05 9.98947E-05 9.98947E-05 9.98947E-05
9.98683E-05 0.181849 9.98683E-05 9.98683E-05 9.98683E-05 9.98683E-05 9.98683E-05 9.98683E-05 9.98683E-05 9.98683E-05 9.98683E-05 9.98683E-05 9.98683E-05 0.392082 9.98683E-05 0.115084 0.101066 9.98683E-05 0.174168 9.98683E-05 0.0342535
0.0429089 9.98421E-05 9.98421E-05 9.98421E-05 9.98421E-05 9.98421E-05 9.98421E-05 9.98421E-05 9.98421E-05 9.98421E-05 9.98421E-05 9.98421E-05 9.98421E-05 0.865566 9.98421E-05 9.98421E-05 9.98421E-05 0.089728 9.98421E-05 9.98421E-05 9.98421E-05
9.99035E-05 0.0730857 9.99035E-05 9.99035E-05 0.0413778 0.0447369 9.99035E-05 9.99035E-05 9.99035E-05 9.99035E-05 9.99035E-05 0.00100175 0.00876717 0.418487 9.99035E-05 0.0824968 9.99035E-05 0.0917088 9.99035E-05 0.161575 0.075664
9.98597E-05 9.98597E-05 9.98597E-05 9.98597E-05 9.98597E-05 0.000712149 9.98597E-05 9.98597E-05 9.98597E-05 9.98597E-05 9.98597E-05 9.98597E-05 9.98597E-05 0.356701 9.98597E-05 0.065189 0.429418 9.98597E-05 0.146383 9.98597E-05 9.98597E-05
9.98597E-05 0.0789128 0.00794879 0.224357 9.98597E-05 9.98597E-05 9.98597E-05 9.98597E-05 9.98597E-05 9.98597E-05 9.98597E-05 9.98597E-05 9.98597E-05 9.98597E-05 9.98597E-05 9.98597E-05 9.98597E-05 0.656562 9.98597E-05 9.98597E-05 0.0306207
9.98684E-05 0.178107 9.98684E-05 9.98684E-05 9.98684E-05 9.98684E-05 9.98684E-05 0.00039073 9.98684E-05 9.98684E-05 9.98684E-05 0.12252 9.98684E-05 0.446406 9.98684E-05 9.98684E-05 0.146856 9.98684E-05 9.98684E-05 0.104222 9.98684E-05
0.178221 0.276052 0.163277 9.98597E-05 9.98597E-05 9.98597E-05 9.98597E-05 9.98597E-05 9.98597E-05 9.98597E-05 9.98597E-05 9.98597E-05 9.98597E-05 0.348818 9.98597E-05 0.032034 9.98597E-05 9.98597E-05 9.98597E-05 9.98597E-05 9.98597E-05
9.98685E-05 0.0770143 0.00777563 9.98685E-05 9.98685E-05 9.98685E-05 9.98685E-05 0.013353 9.98685E-05 9.98685E-05 9.98685E-05 9.98685E-05 9.98685E-05 0.829467 0.0029622 0.0679294 9.98685E-05 9.98685E-05 9.98685E-05 9.98685E-05 9.98685E-05
9.98682E-05 0.0315513 0.331724 9.98682E-05 0.0779251 9.98682E-05 9.98682E-05 9.98682E-05 9.98682E-05 9.98682E-05 9.98682E-05 9.98682E-05 9.98682E-05 0.0559018 9.98682E-05 9.98682E-05 0.429337 9.98682E-05 9.98682E-05 0.0720619 9.98682E-05
9.98685E-05 0.0116272 0.010378 9.98685E-05 9.98685E-05 9.98685E-05 9.98685E-05 9.98685E-05 9.98685E-05 9.98685E-05 9.98685E-05 9.98685E-05 9.98685E-05 0.841405 0.0709492 9.98685E-05 0.0180069 9.98685E-05 0.0461356 9.98685E-05 9.98685E-05
0.0045028 0.044173 0.0936336 0.0710845 9.99035E-05 9.99035E-05 9.99035E-05 0.00268199 9.99035E-05 9.99035E-05 9.99035E-05 0.0402386 9.99035E-05 0.434379 9.99035E-05 9.99035E-05 0.0334746 0.231615 9.99035E-05 9.99035E-05 0.0431176
9.98773E-05 0.0938214 9.98773E-05 9.98773E-05 9.98773E-05 9.98773E-05 9.98773E-05 0.0289686 9.98773E-05 0.0115787 0.0142438 0.00381377 9.98773E-05 9.98773E-05 9.98773E-05 0.0294114 9.98773E-05 0.816764 9.98773E-05 9.98773E-05 9.98773E-05
0.00707575 9.98683E-05 9.98683E-05 0.0655602 9.98683E-05 9.98683E-05 9.98683E-05 9.98683E-05 9.98683E-05 9.98683E-05 9.98683E-05 9.98683E-05 9.98683E-05 0.798239 9.98683E-05 0.00527722 9.98683E-05 9.98683E-05 0.0677024 9.98683E-05 0.0546479
0.0290195 0.0626679 0.283346 0.0444847 9.98948E-05 9.98948E-05 9.98948E-05 9.98948E-05 9.98948E-05 9.98948E-05 9.98948E-05 9.98948E-05 9.98948E-05 0.34986 9.98948E-05 0.0155439 9.98948E-05 0.156048 0.013926 9.98948E-05 0.0439047
9.98771E-05 0.172148 9.98771E-05 0.0876396 9.98771E-05 9.98771E-05 9.98771E-05 9.98771E-05 9.98771E-05 9.98771E-05 9.98771E-05 9.98771E-05 9.98771E-05 0.0865123 0.0440507 9.98771E-05 0.0730122 0.469158 9.98771E-05 9.98771E-05 0.0660805
9.98947E-05 0.105666 0.239537 9.98947E-05 0.0278801 9.98947E-05 9.98947E-05 0.031946 9.98947E-05 9.98947E-05 9.98947E-05 9.98947E-05 9.98947E-05 0.222469 0.0589101 9.98947E-05 0.0706262 0.237991 9.98947E-05 9.98947E-05 0.00377592
0.0981312 9.98658E-05 9.98658E-05 9.98658E-05 9.98658E-05 9.98658E-05 0.0685506 9.98658E-05 9.98658E-05 9.98658E-05 9.98658E-05 9.98658E-05 9.98658E-05 0.226502 9.98658E-05 9.98658E-05 9.98658E-05 0.590993 9.98658E-05 9.98658E-05 0.0142254
0.0081549 9.98509E-05 9.98509E-05 9.98509E-05 9.98509E-05 9.98509E-05 0.0194276 9.98509E-05 9.98509E-05 9.98509E-05 9.98509E-05 9.98509E-05 9.98509E-05 0.773305 0.197415 9.98509E-05 9.98509E-05 9.98509E-05 9.98509E-05 9.98509E-05 9.98509E-05
9.98423E-05 9.98423E-05 9.98423E-05 9.98423E-05 9.98423E-05 9.98423E-05 9.98423E-05 9.98423E-05 9.98423E-05 9.98423E-05 9.98423E-05 9.98423E-05 9.98423E-05 0.203561 9.98423E-05 9.98423E-05 9.98423E-05 0.707485 0.0871566 9.98423E-05 9.98423E-05
0.0158356 0.0198192 9.98596E-05 9.98596E-05 9.98596E-05 9.98596E-05 0.0533736 9.98596E-05 9.98596E-05 9.98596E-05 9.98596E-05 9.98596E-05 9.98596E-05 9.98596E-05 9.98596E-05 0.117031 9.98596E-05 0.792343 9.98596E-05 9.98596E-05 9.98596E-05
9.9886E-05 0.12647 9.9886E-05 9.9886E-05 9.9886E-05 0.0135335 9.9886E-05 0.043501 9.9886E-05 9.9886E-05 0.0249085 9.9886E-05 9.9886E-05 9.9886E-05 9.9886E-05 0.0613552 0.0640199 0.655045 0.00986845 9.9886E-05 9.9886E-05
9.98683E-05 0.118283 0.0841026 9.98683E-05 9.98683E-05 9.98683E-05 9.98683E-05 9.98683E-05 9.98683E-05 9.98683E-05 9.98683E-05 9.98683E-05 9.98683E-05 9.98683E-05 9.98683E-05 9.98683E-05 9.98683E-05 0.685841 0.0221846 0.0451255 0.0429647
9.9842E-05 9.9842E-05 9.9842E-05 9.9842E-05 9.9842E-05 9.9842E-05 9.9842E-05 9.9842E-05 9.9842E-05 9.9842E-05 9.9842E-05 9.9842E-05 9.9842E-05 0.898235 9.9842E-05 9.9842E-05 0.0382494 9.9842E-05 9.9842E-05 9.9842E-05 0.0617187
9.98421E-05 0.0358001 9.98421E-05 9.98421E-05 9.98421E-05 9.98421E-05 9.98421E-05 9.98421E-05 9.98421E-05 9.98421E-05 9.98421E-05 9.98421E-05 9.98421E-05 0.741093 9.98421E-05 9.98421E-05 0.22131 9.98421E-05 9.98421E-05 9.98421E-05 9.98421E-05
9.98422E-05 9.98422E-05 9.98422E-05 9.98422E-05 9.98422E-05 9.98422E-05 9.98422E-05 9.98422E-05 9.98422E-05 9.98422E-05 0.070064 9.98422E-05 9.98422E-05 0.667661 9.98422E-05 9.98422E-05 9.98422E-05 0.260478 9.98422E-05 9.98422E-05 9.98422E-05
0.00427635 0.124027 9.98859E-05 0.141432 9.98859E-05 9.98859E-05 9.98859E-05 9.98859E-05 9.98859E-05 9.98859E-05 9.98859E-05 0.0873951 9.98859E-05 0.429226 9.98859E-05 0.122919 0.0579857 9.98859E-05 9.98859E-05 9.98859E-05 0.0314406
9.98772E-05 0.241131 9.98772E-05 9.98772E-05 9.98772E-05 0.0530292 9.98772E-05 0.0928818 9.98772E-05 9.98772E-05 9.98772E-05 9.98772E-05 9.98772E-05 0.244289 0.0455852 9.98772E-05 0.273352 0.0483335 9.98772E-05 9.98772E-05 9.98772E-05
9.98771E-05 0.00702214 9.98771E-05 9.98771E-05 9.98771E-05 0.0215278 9.98771E-05 0.0139729 9.98771E-05 9.98771E-05 9.98771E-05 9.98771E-05 0.0552582 0.740075 9.98771E-05 9.98771E-05 0.0227451 0.138001 9.98771E-05 9.98771E-05 9.98771E-05
9.98684E-05 0.0218146 9.98684E-05 9.98684E-05 0.0208643 9.98684E-05 9.98684E-05 9.98684E-05 9.98684E-05 9.98684E-05 9.98684E-05 9.98684E-05 9.98684E-05 0.530126 0.0182797 0.0142956 9.98684E-05 0.393122 9.98684E-05 9.98684E-05 9.98684E-05
9.98508E-05 0.0157576 9.98508E-05 9.98508E-05 9.98508E-05 9.98508E-05 9.98508E-05 9.98508E-05 9.98508E-05 9.98508E-05 9.98508E-05 9.98508E-05 0.0158247 9.98508E-05 9.98508E-05 9.98508E-05 9.98508E-05 0.928705 9.98508E-05 0.0380149 9.98508E-05
9.98595E-05 0.109578 9.98595E-05 9.98595E-05 9.98595E-05 9.98595E-05 9.98595E-05 9.98595E-05 9.98595E-05 9.98595E-05 9.98595E-05 9.98595E-05 9.98595E-05 0.278398 9.98595E-05 9.98595E-05 0.152097 0.429346 9.98595E-05 9.98595E-05 0.028984
9.98599E-05 9.98599E-05 9.98599E-05 9.98599E-05 0.0134915 9.98599E-05 9.98599E-05 0.0620041 0.0301311 9.98599E-05 9.98599E-05 9.98599E-05 9.98599E-05 9.98599E-05 9.98599E-05 9.98599E-05 9.98599E-05 0.744452 0.148323 9.98599E-05 9.98599E-05
0.0799343 0.194536 0.127348 0.0190932 9.99034E-05 9.99034E-05 9.99034E-05 9.99034E-05 9.99034E-05 9.99034E-05 9.99034E-05 9.99034E-05 9.99034E-05 0.227038 9.99034E-05 0.0546438 0.0610277 0.13086 9.99034E-05 0.0022781 0.102142
9.98684E-05 9.98684E-05 9.98684E-05 9.98684E-05 9.98684E-05 0.123981 9.98684E-05 0.0338126 9.98684E-05 9.98684E-05 9.98684E-05 0.0115786 9.98684E-05 0.700553 9.98684E-05 9.98684E-05 0.0856889 9.98684E-05 9.98684E-05 0.0428878 9.98684E-05
9.98335E-05 9.98335E-05 9.98335E-05 9.98335E-05 0.0385543 9.98335E-05 9.98335E-05 9.98335E-05 9.98335E-05 9.98335E-05 9.98335E-05 9.98335E-05 9.98335E-05 0.959549 9.98335E-05 9.98335E-05 9.98335E-05 9.98335E-05 9.98335E-05 9.98335E-05 9.98335E-05
9.9842E-05 9.9842E-05 9.9842E-05 9.9842E-05 0.0127147 9.9842E-05 9.9842E-05 9.9842E-05 9.9842E-05 9.9842E-05 9.9842E-05 9.9842E-05 9.9842E-05 9.9842E-05 9.9842E-05 9.9842E-05 9.9842E-05 0.868982 9.9842E-05 0.116506 9.9842E-05
9.98511E-05 0.0680922 9.98511E-05 9.98511E-05 9.98511E-05 9.98511E-05 9.98511E-05 9.98511E-05 9.98511E-05 9.98511E-05 9.98511E-05 9.98511E-05 9.98511E-05 0.246555 9.98511E-05 9.98511E-05 9.98511E-05 0.549724 0.133932 9.98511E-05 9.98511E-05
0.0995415 9.98686E-05 0.0959815 0.0300631 9.98686E-05 0.0378481 9.98686E-05 9.98686E-05 9.98686E-05 9.98686E-05 9.98686E-05 9.98686E-05 9.98686E-05 0.423772 9.98686E-05 9.98686E-05 9.98686E-05 0.311296 9.98686E-05 9.98686E-05 9.98686E-05
9.98509E-05 9.98509E-05 9.98509E-05 9.98509E-05 0.0934533 9.98509E-05 0.0554689 9.98509E-05 9.98509E-05 9.98509E-05 9.98509E-05 9.98509E-05 9.98509E-05 0.83821 9.98509E-05 9.98509E-05 9.98509E-05 9.98509E-05 0.0111705 9.98509E-05 9.98509E-05
9.98423E-05 0.0124267 9.98423E-05 9.98423E-05 9.98423E-05 9.98423E-05 9.98423E-05 9.98423E-05 9.98423E-05 9.98423E-05 9.98423E-05 9.98423E-05 9.98423E-05 0.870965 0.114811 9.98423E-05 9.98423E-05 9.98423E-05 9.98423E-05 9.98423E-05 9.98423E-05
9.98595E-05 0.0303678 9.98595E-05 9.98595E-05 9.98595E-05 9.98595E-05 9.98595E-05 9.98595E-05 9.98595E-05 9.98595E-05 9.98595E-05 9.98595E-05 9.98595E-05 9.98595E-05 0.00550157 0.00798944 0.0460062 0.908537 9.98595E-05 9.98595E-05 9.98595E-05
9.98682E-05 0.134748 9.98682E-05 0.765492 0.0127575 9.98682E-05 9.98682E-05 9.98682E-05 9.98682E-05 0.014596 9.98682E-05 9.98682E-05 9.98682E-05 9.98682E-05 9.98682E-05 0.0550356 9.98682E-05 9.98682E-05 9.98682E-05 9.98682E-05 0.015873
0.0331511 9.98423E-05 9.98423E-05 0.944221 9.98423E-05 9.98423E-05 9.98423E-05 9.98423E-05 9.98423E-05 9.98423E-05 9.98423E-05 9.98423E-05 9.98423E-05 9.98423E-05 0.0208303 9.98423E-05 9.98423E-05 9.98423E-05 9.98423E-05 9.98423E-05 9.98423E-05
9.98334E-05 9.98334E-05 9.98334E-05 0.980408 0.0176955 9.98334E-05 9.98334E-05 9.98334E-05 9.98334E-05 9.98334E-05 9.98334E-05 9.98334E-05 9.98334E-05 9.98334E-05 9.98334E-05 9.98334E-05 9.98334E-05 9.98334E-05 9.98334E-05 9.98334E-05 9.98334E-05
9.98948E-05 0.048388 0.0758238 0.304928 0.0560861 9.98948E-05 0.236039 9.98948E-05 9.98948E-05 0.01658 9.98948E-05 9.98948E-05 9.98948E-05 9.98948E-05 0.00141707 0.169851 9.98948E-05 9.98948E-05 9.98948E-05 9.98948E-05 0.0896876
9.98857E-05 0.0752728 9.98857E-05 0.711978 0.00675635 0.0337214 9.98857E-05 9.98857E-05 0.0115637 9.98857E-05 9.98857E-05 9.98857E-05 0.109634 9.98857E-05 9.98857E-05 0.0479463 0.00182867 9.98857E-05 9.98857E-05 9.98857E-05 9.98857E-05
9.98593E-05 0.140875 9.98593E-05 0.705154 9.98593E-05 9.98593E-05 9.98593E-05 9.98593E-05 9.98593E-05 0.0604222 9.98593E-05 9.98593E-05 9.98593E-05 9.98593E-05 9.98593E-05 0.0150568 0.0768944 9.98593E-05 9.98593E-05 9.98593E-05 9.98593E-05
9.98595E-05 0.113128 9.98595E-05 0.595142 9.98595E-05 9.98595E-05 0.258046 9.98595E-05 9.98595E-05 9.98595E-05 9.98595E-05 9.98595E-05 9.98595E-05 9.98595E-05 0.0257814 9.98595E-05 9.98595E-05 9.98595E-05 9.98595E-05 9.98595E-05 0.00630483
9.98682E-05 0.0575543 9.98682E-05 0.618757 0.114884 9.98682E-05 0.093794 9.98682E-05 0.0441112 9.98682E-05 9.98682E-05 9.98682E-05 9.98682E-05 9.98682E-05 9.98682E-05 0.0694021 9.98682E-05 9.98682E-05 9.98682E-05 9.98682E-05 9.98682E-05
9.98333E-05 9.98333E-05 9.98333E-05 0.972146 9.98333E-05 9.98333E-05 0.0259576 9.98333E-05 9.98333E-05 9.98333E-05 9.98333E-05 9.98333E-05 9.98333E-05 9.98333E-05 9.98333E-05 9.98333E-05 9.98333E-05 9.98333E-05 9.98333E-05 9.98333E-05 9.98333E-05
9.9842E-05 9.9842E-05 9.9842E-05 0.930703 9.9842E-05 9.9842E-05 9.9842E-05 0.0399877 9.9842E-05 9.9842E-05 9.9842E-05 9.9842E-05 9.9842E-05 9.9842E-05 9.9842E-05 9.9842E-05 9.9842E-05 9.9842E-05 9.9842E-05 9.9842E-05 0.027512
9.98594E-05 0.294111 9.98594E-05 0.489578 9.98594E-05 9.98594E-05 9.98594E-05 0.0606641 9.98594E-05 9.98594E-05 9.98594E-05 9.98594E-05 9.98594E-05 9.98594E-05 9.98594E-05 0.0685756 9.98594E-05 9.98594E-05 9.98594E-05 9.98594E-05 0.085474
0.00740415 0.0560257 9.99121E-05 0.447737 9.99121E-05 9.99121E-05 0.0886956 9.99121E-05 0.0185084 0.0978996 9.99121E-05 9.99121E-05 9.99121E-05 9.99121E-05 9.99121E-05 0.028143 0.112689 9.99121E-05 0.0418744 0.0669367 0.0330873
0.00139086 9.98769E-05 0.0121077 0.567713 9.98769E-05 0.117107 9.98769E-05 9.98769E-05 9.98769E-05 0.129401 9.98769E-05 9.98769E-05 9.98769E-05 9.98769E-05 9.98769E-05 0.129472 9.98769E-05 9.98769E-05 9.98769E-05 9.98769E-05 0.0414102
9.98683E-05 0.170222 9.98683E-05 0.543153 9.98683E-05 9.98683E-05 0.0220613 9.98683E-05 0.0430319 9.98683E-05 9.98683E-05 9.98683E-05 9.98683E-05 9.98683E-05 9.98683E-05 9.98683E-05 0.175125 9.98683E-05 0.0449092 9.98683E-05 9.98683E-05
9.98599E-05 9.98599E-05 0.0512287 0.883309 9.98599E-05 9.98599E-05 9.98599E-05 9.98599E-05 9.98599E-05 0.00546277 9.98599E-05 0.0164519 9.98599E-05 9.98599E-05 9.98599E-05 9.98599E-05 9.98599E-05 9.98599E-05 9.98599E-05 0.0419502 9.98599E-05
9.98335E-05 9.98335E-05 9.98335E-05 0.991242 9.98335E-05 9.98335E-05 9.98335E-05 9.98335E-05 9.98335E-05 9.98335E-05 9.98335E-05 9.98335E-05 9.98335E-05 9.98335E-05 9.98335E-05 0.00686098 9.98335E-05 9.98335E-05 9.98335E-05 9.98335E-05 9.98335E-05
9.98857E-05 0.0708738 0.0445382 0.716035 0.00622564 9.98857E-05 9.98857E-05 9.98857E-05 0.0478936 9.98857E-05 9.98857E-05 0.0386394 9.98857E-05 9.98857E-05 9.98857E-05 0.00123968 9.98857E-05 9.98857E-05 0.0732562 9.98857E-05 9.98857E-05
9.98681E-05 9.98681E-05 9.98681E-05 0.657713 9.98681E-05 9.98681E-05 9.98681E-05 0.162911 9.98681E-05 0.0295331 9.98681E-05 9.98681E-05 9.98681E-05 9.98681E-05 9.98681E-05 0.0894077 0.0510747 9.98681E-05 0.00786319 9.98681E-05 9.98681E-05
9.98595E-05 0.0187872 9.98595E-05 0.892914 0.067439 9.98595E-05 9.98595E-05 9.98595E-05 9.98595E-05 9.98595E-05 9.98595E-05 9.98595E-05 9.98595E-05 9.98595E-05 9.98595E-05 9.98595E-05 9.98595E-05 9.98595E-05 0.00602616 9.98595E-05 0.0132357
0.0530198 0.202821 9.98682E-05 0.641393 9.98682E-05 9.98682E-05 9.98682E-05 9.98682E-05 9.98682E-05 0.0226177 9.98682E-05 9.98682E-05 9.98682E-05 9.98682E-05 9.98682E-05 9.98682E-05 9.98682E-05 9.98682E-05 9.98682E-05 0.0782231 0.000426844
9.98424E-05 9.98424E-05 9.98424E-05 0.974711 9.98424E-05 9.98424E-05 9.98424E-05 9.98424E-05 9.98424E-05 9.98424E-05 0.0224042 9.98424E-05 9.98424E-05 9.98424E-05 9.98424E-05 9.98424E-05 9.98424E-05 0.00108719 9.98424E-05 9.98424E-05 9.98424E-05
9.98593E-05 0.0801296 9.98593E-05 0.658912 9.98593E-05 9.98593E-05 0.0219527 9.98593E-05 9.98593E-05 9.98593E-05 9.98593E-05 9.98593E-05 9.98593E-05 9.98593E-05 9.98593E-05 9.98593E-05 0.173449 9.98593E-05 0.0639585 9.98593E-05 9.98593E-05
0.0573894 0.0147613 0.18147 0.737798 9.98597E-05 9.98597E-05 9.98597E-05 9.98597E-05 9.98597E-05 9.98597E-05 9.98597E-05 9.98597E-05 9.98597E-05 9.98597E-05 9.98597E-05 9.98597E-05 0.00698434 9.98597E-05 9.98597E-05 9.98597E-05 9.98597E-05
9.98771E-05 9.98771E-05 0.0821261 0.651738 0.0158795 9.98771E-05 9.98771E-05 0.0781839 9.98771E-05 9.98771E-05 9.98771E-05 0.0281131 9.98771E-05 9.98771E-05 9.98771E-05 0.0167383 9.98771E-05 9.98771E-05 0.125823 9.98771E-05 9.98771E-05
9.98418E-05 9.98418E-05 9.98418E-05 0.850046 9.98418E-05 9.98418E-05 9.98418E-05 9.98418E-05 9.98418E-05 0.0659437 9.98418E-05 9.98418E-05 9.98418E-05 9.98418E-05 9.98418E-05 9.98418E-05 9.98418E-05 9.98418E-05 9.98418E-05 9.98418E-05 0.0822129
9.98423E-05 9.98423E-05 9.98423E-05 0.977102 9.98423E-05 9.98423E-05 9.98423E-05 9.98423E-05 9.98423E-05 9.98423E-05 9.98423E-05 9.98423E-05 9.98423E-05 9.98423E-05 9.98423E-05 0.00352717 9.98423E-05 0.0175735 9.98423E-05 9.98423E-05 9.98423E-05
9.98247E-05 9.98247E-05 9.98247E-05 0.998004 9.98247E-05 9.98247E-05 9.98247E-05 9.98247E-05 9.98247E-05 9.98247E-05 9.98247E-05 9.98247E-05 9.98247E-05 9.98247E-05 9.98247E-05 9.98247E-05 9.98247E-05 9.98247E-05 9.98247E-05 9.98247E-05 9.98247E-05
9.98247E-05 9.98247E-05 9.98247E-05 0.998004 9.98247E-05 9.98247E-05 9.98247E-05 9.98247E-05 9.98247E-05 9.98247E-05 9.98247E-05 9.98247E-05 9.98247E-05 9.98247E-05 9.98247E-05 9.98247E-05 9.98247E-05 9.98247E-05 9.98247E-05 9.98247E-05 9.98247E-05
9.98422E-05 9.98422E-05 9.98422E-05 0.900672 0.0644559 9.98422E-05 9.98422E-05 9.98422E-05 9.98422E-05 0.0330754 9.98422E-05 9.98422E-05 9.98422E-05 9.98422E-05 9.98422E-05 9.98422E-05 9.98422E-05 9.98422E-05 9.98422E-05 9.98422E-05 9.98422E-05
9.98598E-05 0.10054 9.98598E-05 0.556413 9.98598E-05 9.98598E-05 9.98598E-05 9.98598E-05 9.98598E-05 9.98598E-05 0.127908 9.98598E-05 9.98598E-05 9.98598E-05 9.98598E-05 0.114997 9.98598E-05 0.0985446 9.98598E-05 9.98598E-05 9.98598E-05
9.98422E-05 0.0819196 0.825397 9.98422E-05 9.98422E-05 9.98422E-05 9.98422E-05 9.98422E-05 9.98422E-05 9.98422E-05 9.98422E-05 9.98422E-05 9.98422E-05 9.98422E-05 9.98422E-05 0.0908859 9.98422E-05 9.98422E-05 9.98422E-05 9.98422E-05 9.98422E-05
9.98685E-05 0.00726108 0.48595 9.98685E-05 9.98685E-05 9.98685E-05 9.98685E-05 9.98685E-05 9.98685E-05 9.98685E-05 0.419518 9.98685E-05 9.98685E-05 9.98685E-05 9.98685E-05 0.0574336 9.98685E-05 0.00941407 0.0189252 9.98685E-05 9.98685E-05
9.98596E-05 0.0791099 0.874025 9.98596E-05 0.00212408 9.98596E-05 9.98596E-05 0.0379309 9.98596E-05 9.98596E-05 9.98596E-05 9.98596E-05 9.98596E-05 9.98596E-05 9.98596E-05 9.98596E-05 9.98596E-05 9.98596E-05 9.98596E-05 9.98596E-05 0.00521224
9.98506E-05 0.115933 0.843199 9.98506E-05 0.0255688 9.98506E-05 9.98506E-05 9.98506E-05 9.98506E-05 9.98506E-05 9.98506E-05 9.98506E-05 9.98506E-05 9.98506E-05 9.98506E-05 0.0136016 9.98506E-05 9.98506E-05 9.98506E-05 9.98506E-05 9.98506E-05
9.98594E-05 9.98594E-05 0.88636 9.98594E-05 9.98594E-05 9.98594E-05 9.98594E-05 0.0437597 9.98594E-05 0.00814923 9.98594E-05 0.00227326 9.98594E-05 9.98594E-05 9.98594E-05 0.0578603 9.98594E-05 9.98594E-05 9.98594E-05 9.98594E-05 9.98594E-05
9.98597E-05 0.179999 0.569335 9.98597E-05 9.98597E-05 9.98597E-05 0.0545753 9.98597E-05 9.98597E-05 9.98597E-05 9.98597E-05 9.98597E-05 9.98597E-05 9.98597E-05 0.0209122 0.17358 9.98597E-05 9.98597E-05 9.98597E-05 9.98597E-05 9.98597E-05
9.98509E-05 0.0598282 0.794115 9.98509E-05 9.98509E-05 9.98509E-05 9.98509E-05 9.98509E-05 9.98509E-05 0.0614695 9.98509E-05 9.98509E-05 9.98509E-05 9.98509E-05 9.98509E-05 0.0828896 9.98509E-05 9.98509E-05 9.98509E-05 9.98509E-05 9.98509E-05
9.98333E-05 9.98333E-05 0.832774 9.98333E-05 9.98333E-05 9.98333E-05 9.98333E-05 9.98333E-05 9.98333E-05 9.98333E-05 9.98333E-05 9.98333E-05 9.98333E-05 9.98333E-05 9.98333E-05 0.165329 9.98333E-05 9.98333E-05 9.98333E-05 9.98333E-05 9.98333E-05
9.9877E-05 0.0198049 0.336986 9.9877E-05 9.9877E-05 9.9877E-05 0.214116 9.9877E-05 9.9877E-05 0.0419999 9.9877E-05 9.9877E-05 9.9877E-05 9.9877E-05 9.9877E-05 0.285255 0.0910681 9.9877E-05 9.9877E-05 9.9877E-05 0.00937185
9.98508E-05 0.277836 0.534809 9.98508E-05 9.98508E-05 9.98508E-05 9.98508E-05 9.98508E-05 9.98508E-05 9.98508E-05 9.98508E-05 9.98508E-05 9.98508E-05 9.98508E-05 9.98508E-05 0.169902 0.0157557 9.98508E-05 9.98508E-05 9.98508E-05 9.98508E-05
9.98685E-05 9.98685E-05 0.440487 9.98685E-05 9.98685E-05 9.98685E-05 0.302156 9.98685E-05 9.98685E-05 9.98685E-05 0.206407 0.00463698 9.98685E-05 9.98685E-05 9.98685E-05 0.0267403 9.98685E-05 9.98685E-05 0.0180737 9.98685E-05 9.98685E-05
9.98597E-05 0.0350331 0.719887 9.98597E-05 9.98597E-05 9.98597E-05 0.0966937 9.98597E-05 9.98597E-05 9.98597E-05 0.0712374 9.98597E-05 9.98597E-05 9.98597E-05 9.98597E-05 9.98597E-05 9.98597E-05 9.98597E-05 9.98597E-05 9.98597E-05 0.0755507
9.9851E-05 9.9851E-05 0.872185 9.9851E-05 9.9851E-05 9.9851E-05 9.9851E-05 9.9851E-05 9.9851E-05 0.0236615 9.9851E-05 9.9851E-05 9.9851E-05 9.9851E-05 0.0149577 0.087498 9.9851E-05 9.9851E-05 9.9851E-05 9.9851E-05 9.9851E-05
9.98597E-05 0.202176 0.694556 9.98597E-05 9.98597E-05 9.98597E-05 9.98597E-05 9.98597E-05 9.98597E-05 9.98597E-05 0.0208513 0.00850041 9.98597E-05 9.98597E-05 9.98597E-05 0.0723185 9.98597E-05 9.98597E-05 9.98597E-05 9.98597E-05 9.98597E-05
9.98773E-05 9.98773E-05 0.606526 9.98773E-05 0.0917684 9.98773E-05 9.98773E-05 0.0889336 9.98773E-05 0.00432671 0.0964835 9.98773E-05 9.98773E-05 9.98773E-05 9.98773E-05 0.069682 9.98773E-05 9.98773E-05 9.98773E-05 9.98773E-05 0.0408811
9.98597E-05 0.14992 0.660519 9.98597E-05 9.98597E-05 9.98597E-05 0.114 9.98597E-05 9.98597E-05 9.98597E-05 9.98597E-05 9.98597E-05 9.98597E-05 9.98597E-05 0.0573339 0.0166296 9.98597E-05 9.98597E-05 9.98597E-05 9.98597E-05 9.98597E-05
9.98684E-05 0.0476247 0.703888 9.98684E-05 9.98684E-05 9.98684E-05 0.189242 9.98684E-05 9.98684E-05 9.98684E-05 0.00374497 9.98684E-05 9.98684E-05 9.98684E-05 9.98684E-05 0.0276468 0.0263556 9.98684E-05 9.98684E-05 9.98684E-05 9.98684E-05
9.98599E-05 9.98599E-05 0.784414 9.98599E-05 9.98599E-05 9.98599E-05 9.98599E-05 0.0819126 0.00582076 9.98599E-05 9.98599E-05 0.0230725 9.98599E-05 9.98599E-05 9.98599E-05 0.103182 9.98599E-05 9.98599E-05 9.98599E-05 9.98599E-05 9.98599E-05
9.98335E-05 9.98335E-05 0.967226 9.98335E-05 9.98335E-05 0.0308768 9.98335E-05 9.98335E-05 9.98335E-05 9.98335E-05 9.98335E-05 9.98335E-05 9.98335E-05 9.98335E-05 9.98335E-05 9.98335E-05 9.98335E-05 9.98335E-05 9.98335E-05 9.98335E-05 9.98335E-05
9.98772E-05 0.0796575 0.557356 9.98772E-05 9.98772E-05 9.98772E-05 9.98772E-05 9.98772E-05 9.98772E-05 0.0194506 0.140225 9.98772E-05 0.0659934 9.98772E-05 0.00063905 0.13528 9.98772E-05 9.98772E-05 9.98772E-05 9.98772E-05 9.98772E-05
9.98596E-05 0.0650771 0.729796 9.98596E-05 9.98596E-05 9.98596E-05 0.149952 0.0419735 9.98596E-05 9.98596E-05 9.98596E-05 9.98596E-05 9.98596E-05 9.98596E-05 9.98596E-05 0.011604 9.98596E-05 9.98596E-05 9.98596E-05 9.98596E-05 9.98596E-05
9.98508E-05 9.98508E-05 0.901073 9.98508E-05 0.0669439 9.98508E-05 9.98508E-05 9.98508E-05 9.98508E-05 0.0139077 9.98508E-05 9.98508E-05 9.98508E-05 9.98508E-05 9.98508E-05 0.0163777 9.98508E-05 9.98508E-05 9.98508E-05 9.98508E-05 9.98508E-05
9.98596E-05 0.189614 0.434052 9.98596E-05 9.98596E-05 9.98596E-05 0.0849358 9.98596E-05 9.98596E-05 9.98596E-05 9.98596E-05 9.98596E-05 0.0690885 9.98596E-05 9.98596E-05 0.220712 9.98596E-05 9.98596E-05 9.98596E-05 9.98596E-05 9.98596E-05
9.98422E-05 9.98422E-05 0.748362 9.98422E-05 9.98422E-05 9.98422E-05 9.98422E-05 9.98422E-05 9.98422E-05 9.98422E-05 0.0904566 9.98422E-05 9.98422E-05 9.98422E-05 9.98422E-05 0.159385 9.98422E-05 9.98422E-05 9.98422E-05 9.98422E-05 9.98422E-05
9.98595E-05 0.201576 0.379773 9.98595E-05 9.98595E-05 9.98595E-05 0.100128 9.98595E-05 9.98595E-05 9.98595E-05 9.98595E-05 9.98595E-05 0.082699 9.98595E-05 9.98595E-05 0.234226 9.98595E-05 9.98595E-05 9.98595E-05 9.98595E-05 9.98595E-05
9.98773E-05 0.104886 0.375431 0.0567306 9.98773E-05 9.98773E-05 0.108374 9.98773E-05 9.98773E-05 0.0327902 0.198251 9.98773E-05 9.98773E-05 9.98773E-05 9.98773E-05 0.12214 9.98773E-05 9.98773E-05 9.98773E-05 9.98773E-05 9.98773E-05
0.0469724 0.0130355 0.280361 9.98859E-05 9.98859E-05 0.0225438 9.98859E-05 0.0372057 0.0743771 9.98859E-05 0.51059 0.013616 9.98859E-05 9.98859E-05 9.98859E-05 9.98859E-05 9.98859E-05 9.98859E-05 9.98859E-05 9.98859E-05 9.98859E-05
9.98506E-05 0.0946786 0.737264 9.98506E-05 9.98506E-05 9.98506E-05 9.98506E-05 9.98506E-05 9.98506E-05 9.98506E-05 9.98506E-05 9.98506E-05 0.0124108 9.98506E-05 9.98506E-05 0.153949 9.98506E-05 9.98506E-05 9.98506E-05 9.98506E-05 9.98506E-05
9.98509E-05 0.197115 0.45111 9.98509E-05 9.98509E-05 9.98509E-05 0.0630636 9.98509E-05 9.98509E-05 9.98509E-05 9.98509E-05 9.98509E-05 9.98509E-05 9.98509E-05 9.98509E-05 0.287013 9.98509E-05 9.98509E-05 9.98509E-05 9.98509E-05 9.98509E-05
9.98773E-05 0.157867 0.720927 9.98773E-05 9.98773E-05 0.0255659 9.98773E-05 9.98773E-05 9.98773E-05 0.000452773 0.0147221 9.98773E-05 0.0203561 9.98773E-05 9.98773E-05 9.98773E-05 9.98773E-05 9.98773E-05 9.98773E-05 9.98773E-05 0.0587113
9.98597E-05 0.192227 0.764588 9.98597E-05 9.98597E-05 9.98597E-05 9.98597E-05 9.98597E-05 9.98597E-05 9.98597E-05 9.98597E-05 9.98597E-05 9.98597E-05 9.98597E-05 9.98597E-05 0.00472622 9.98597E-05 9.98597E-05 9.98597E-05 0.00125961 0.0356013
9.98421E-05 9.98421E-05 0.972367 9.98421E-05 9.98421E-05 9.98421E-05 9.98421E-05 9.98421E-05 9.98421E-05 9.98421E-05 9.98421E-05 9.98421E-05 0.00645796 9.98421E-05 9.98421E-05 9.98421E-05 9.98421E-05 9.98421E-05 9.98421E-05 0.0193775 9.98421E-05
9.98507E-05 0.128533 0.3881 9.98507E-05 9.98507E-05 9.98507E-05 9.98507E-05 9.98507E-05 9.98507E-05 9.98507E-05 9.98507E-05 9.98507E-05 0.23202 9.98507E-05 9.98507E-05 0.24965 9.98507E-05 9.98507E-05 9.98507E-05 9.98507E-05 9.98507E-05
9.98507E-05 0.0300657 0.788918 9.98507E-05 9.98507E-05 9.98507E-05 9.98507E-05 9.98507E-05 9.98507E-05 9.98507E-05 9.98507E-05 9.98507E-05 9.98507E-05 9.98507E-05 9.98507E-05 9.98507E-05 0.118918 9.98507E-05 0.0604012 9.98507E-05 9.98507E-05
9.98509E-05 0.012248 0.976572 9.98509E-05 9.98509E-05 9.98509E-05 9.98509E-05 9.98509E-05 9.98509E-05 9.98509E-05 9.98509E-05 9.98509E-05 9.98509E-05 9.98509E-05 0.00696413 0.00251857 9.98509E-05 9.98509E-05 9.98509E-05 9.98509E-05 9.98509E-05
9.98684E-05 9.98684E-05 0.751976 9.98684E-05 9.98684E-05 9.98684E-05 9.98684E-05 0.0225225 9.98684E-05 9.98684E-05 0.0890134 9.98684E-05 0.0182902 9.98684E-05 9.98684E-05 0.0555489 0.0611514 9.98684E-05 9.98684E-05 9.98684E-05 9.98684E-05
9.98506E-05 0.194368 0.673078 9.98506E-05 9.98506E-05 9.98506E-05 9.98506E-05 9.98506E-05 9.98506E-05 0.0495921 9.98506E-05 9.98506E-05 9.98506E-05 9.98506E-05 9.98506E-05 0.0812648 9.98506E-05 9.98506E-05 9.98506E-05 9.98506E-05 9.98506E-05
9.98595E-05 9.98595E-05 0.327704 9.98595E-05 9.98595E-05 0.020762 9.98595E-05 9.98595E-05 9.98595E-05 9.98595E-05 0.485479 9.98595E-05 9.98595E-05 9.98595E-05 0.057742 0.106716 9.98595E-05 9.98595E-05 9.98595E-05 9.98595E-05 9.98595E-05
9.98597E-05 0.0810681 0.683351 9.98597E-05 9.98597E-05 9.98597E-05 9.98597E-05 9.98597E-05 9.98597E-05 9.98597E-05 0.211066 9.98597E-05 0.00942582 9.98597E-05 9.98597E-05 0.0134918 9.98597E-05 9.98597E-05 9.98597E-05 9.98597E-05 9.98597E-05
9.98336E-05 9.98336E-05 0.826052 9.98336E-05 9.98336E-05 9.98336E-05 9.98336E-05 9.98336E-05 9.98336E-05 9.98336E-05 0.172051 9.98336E-05 9.98336E-05 9.98336E-05 9.98336E-05 9.98336E-05 9.98336E-05 9.98336E-05 9.98336E-05 9.98336E-05 9.98336E-05
9.98597E-05 9.98597E-05 0.54309 9.98597E-05 0.0362093 9.98597E-05 0.0775654 9.98597E-05 9.98597E-05 0.00472861 0.336809 9.98597E-05 9.98597E-05 9.98597E-05 9.98597E-05 9.98597E-05 9.98597E-05 9.98597E-05 9.98597E-05 9.98597E-05 9.98597E-05
9.98595E-05 0.285021 0.436832 9.98595E-05 9.98595E-05 9.98595E-05 0.149244 0.0919585 9.98595E-05 9.98595E-05 9.98595E-05 9.98595E-05 9.98595E-05 9.98595E-05 9.98595E-05 0.0353464 9.98595E-05 9.98595E-05 9.98595E-05 9.98595E-05 9.98595E-05
9.98508E-05 9.98508E-05 0.817534 9.98508E-05 9.98508E-05 0.00159144 9.98508E-05 9.98508E-05 9.98508E-05 9.98508E-05 9.98508E-05 9.98508E-05 9.98508E-05 9.98508E-05 9.98508E-05 0.143144 0.0360327 9.98508E-05 9.98508E-05 9.98508E-05 9.98508E-05
9.98596E-05 0.0382876 0.132313 9.98596E-05 9.98596E-05 9.98596E-05 9.98596E-05 9.98596E-05 9.98596E-05 9.98596E-05 0.573134 9.98596E-05 0.113992 9.98596E-05 9.98596E-05 0.140675 9.98596E-05 9.98596E-05 9.98596E-05 9.98596E-05 9.98596E-05
9.98421E-05 0.0354994 0.573155 9.98421E-05 9.98421E-05 9.98421E-05 9.98421E-05 9.98421E-05 9.98421E-05 9.98421E-05 0.389548 9.98421E-05 9.98421E-05 9.98421E-05 9.98421E-05 9.98421E-05 9.98421E-05 9.98421E-05 9.98421E-05 9.98421E-05 9.98421E-05
9.98595E-05 9.98595E-05 0.542271 9.98595E-05 9.98595E-05 9.98595E-05 0.161617 9.98595E-05 9.98595E-05 9.98595E-05 9.98595E-05 9.98595E-05 0.08052 9.98595E-05 9.98595E-05 0.186942 0.0270522 9.98595E-05 9.98595E-05 9.98595E-05 9.98595E-05
9.98683E-05 0.119856 0.542997 0.248139 9.98683E-05 9.98683E-05 9.98683E-05 9.98683E-05 9.98683E-05 0.00140124 0.00534258 9.98683E-05 9.98683E-05 9.98683E-05 9.98683E-05 0.080766 9.98683E-05 9.98683E-05 9.98683E-05 9.98683E-05 9.98683E-05
9.98774E-05 0.0217272 0.571984 9.98774E-05 9.98774E-05 9.98774E-05 0.148271 9.98774E-05 9.98774E-05 0.0458994 9.98774E-05 0.146414 9.98774E-05 9.98774E-05 9.98774E-05 0.059635 9.98774E-05 9.98774E-05 9.98774E-05 0.00467134 9.98774E-05
9.98772E-05 0.188457 0.410214 0.115496 9.98772E-05 9.98772E-05 9.98772E-05 9.98772E-05 9.98772E-05 9.98772E-05 9.98772E-05 0.0434053 0.0178114 9.98772E-05 9.98772E-05 0.209279 9.98772E-05 9.98772E-05 9.98772E-05 9.98772E-05 0.0139398
9.9851E-05 0.00803239 0.635469 9.9851E-05 9.9851E-05 9.9851E-05 0.0526608 9.9851E-05 9.9851E-05 9.9851E-05 0.30214 9.9851E-05 9.9851E-05 9.9851E-05 9.9851E-05 9.9851E-05 9.9851E-05 9.9851E-05 9.9851E-05 9.9851E-05 9.9851E-05
9.98506E-05 0.0740343 0.689245 9.98506E-05 9.98506E-05 9.98506E-05 9.98506E-05 9.98506E-05 0.0326838 9.98506E-05 9.98506E-05 9.98506E-05 9.98506E-05 9.98506E-05 0.20234 9.98506E-05 9.98506E-05 9.98506E-05 9.98506E-05 9.98506E-05 9.98506E-05
9.98509E-05 0.0154906 0.323536 9.98509E-05 9.98509E-05 9.98509E-05 9.98509E-05 9.98509E-05 9.98509E-05 9.98509E-05 0.483071 9.98509E-05 9.98509E-05 9.98509E-05 9.98509E-05 0.176205 9.98509E-05 9.98509E-05 9.98509E-05 9.98509E-05 9.98509E-05
9.98773E-05 0.127326 0.56832 9.98773E-05 9.98773E-05 9.98773E-05 9.98773E-05 9.98773E-05 9.98773E-05 0.0300013 0.104062 9.98773E-05 9.98773E-05 9.98773E-05 0.0237199 0.0903161 9.98773E-05 9.98773E-05 9.98773E-05 9.98773E-05 0.0548569
9.98508E-05 9.98508E-05 0.937384 9.98508E-05 9.98508E-05 9.98508E-05 0.00105699 9.98508E-05 9.98508E-05 9.98508E-05 9.98508E-05 9.98508E-05 9.98508E-05 9.98508E-05 9.98508E-05 0.0357186 9.98508E-05 9.98508E-05 9.98508E-05 0.0241434 9.98508E-05
9.9842E-05 9.9842E-05 0.921299 9.9842E-05 9.9842E-05 9.9842E-05 9.9842E-05 9.9842E-05 9.9842E-05 0.0315019 9.9842E-05 9.9842E-05 9.9842E-05 9.9842E-05 0.0454018 9.9842E-05 9.9842E-05 9.9842E-05 9.9842E-05 9.9842E-05 9.9842E-05
9.98507E-05 0.100639 0.547174 9.98507E-05 9.98507E-05 9.98507E-05 0.181878 9.98507E-05 9.98507E-05 9.98507E-05 9.98507E-05 9.98507E-05 9.98507E-05 9.98507E-05 9.98507E-05 0.168612 9.98507E-05 9.98507E-05 9.98507E-05 9.98507E-05 9.98507E-05
9.9842E-05 0.0778 0.770891 9.9842E-05 9.9842E-05 9.9842E-05 9.9842E-05 9.9842E-05 9.9842E-05 9.9842E-05 9.9842E-05 9.9842E-05 9.9842E-05 9.9842E-05 9.9842E-05 0.149512 9.9842E-05 9.9842E-05 9.9842E-05 9.9842E-05 9.9842E-05
9.98507E-05 9.98507E-05 0.942662 9.98507E-05 9.98507E-05 9.98507E-05 9.98507E-05 0.0323259 9.98507E-05 9.98507E-05 9.98507E-05 9.98507E-05 9.98507E-05 9.98507E-05 9.98507E-05 0.0218851 9.98507E-05 9.98507E-05 9.98507E-05 9.98507E-05 0.00142912
9.9851E-05 0.00859978 0.877018 9.9851E-05 9.9851E-05 9.9851E-05 9.9851E-05 9.9851E-05 9.9851E-05 9.9851E-05 9.9851E-05 0.0257851 0.0868998 9.9851E-05 9.9851E-05 9.9851E-05 9.9851E-05 9.9851E-05 9.9851E-05 9.9851E-05 9.9851E-05
9.98509E-05 9.98509E-05 0.653122 9.98509E-05 9.98509E-05 9.98509E-05 0.0285365 9.98509E-05 9.98509E-05 9.98509E-05 0.0994436 9.98509E-05 9.98509E-05 9.98509E-05 9.98509E-05 0.2172 9.98509E-05 9.98509E-05 9.98509E-05 9.98509E-05 9.98509E-05
9.98242E-05 0.998004 9.98242E-05 9.98242E-05 9.98242E-05 9.98242E-05 9.98242E-05 9.98242E-05 9.98242E-05 9.98242E-05 9.98242E-05 9.98242E-05 9.98242E-05 9.98242E-05 9.98242E-05 9.98242E-05 9.98242E-05 9.98242E-05 9.98242E-05 9.98242E-05 9.98242E-05
9.98241E-05 9.98241E-05 9.98241E-05 9.98241E-05 9.98241E-05 9.98241E-05 9.98241E-05 9.98241E-05 9.98241E-05 9.98241E-05 9.98241E-05 9.98241E-05 9.98241E-05 9.98241E-05 9.98241E-05 0.998004 9.98241E-05 9.98241E-05 9.98241E-05 9.98241E-05 9.98241E-05
9.98242E-05 0.998004 9.98242E-05 9.98242E-05 9.98242E-05 9.98242E-05 9.98242E-05 9.98242E-05 9.98242E-05 9.98242E-05 9.98242E-05 9.98242E-05 9.98242E-05 9.98242E-05 9.98242E-05 9.98242E-05 9.98242E-05 9.98242E-05 9.98242E-05 9.98242E-05 9.98242E-05
9.98243E-05 9.98243E-05 9.98243E-05 9.98243E-05 9.98243E-05 9.98243E-05 9.98243E-05 9.98243E-05 9.98243E-05 9.98243E-05 9.98243E-05 9.98243E-05 9.98243E-05 9.98243E-05 9.98243E-05 0.998004 9.98243E-05 9.98243E-05 9.98243E-05 9.98243E-05 9.98243E-05
9.98241E-05 9.98241E-05 9.98241E-05 9.98241E-05 9.98241E-05 9.98241E-05 9.98241E-05 9.98241E-05 9.98241E-05 9.98241E-05 9.98241E-05 9.98241E-05 9.98241E-05 9.98241E-05 9.98241E-05 0.998004 9.98241E-05 9.98241E-05 9.98241E-05 9.98241E-05 9.98241E-05
9.98243E-05 9.98243E-05 9.98243E-05 9.98243E-05 9.98243E-05 9.98243E-05 9.98243E-05 9.98243E-05 9.98243E-05 9.98243E-05 9.98243E-05 9.98243E-05 9.98243E-05 9.98243E-05 9.98243E-05 0.998004 9.98243E-05 9.98243E-05 9.98243E-05 9.98243E-05 9.98243E-05
9.98242E-05 0.998004 9.98242E-05 9.98242E-05 9.98242E-05 9.98242E-05 9.98242E-05 9.98242E-05 9.98242E-05 9.98242E-05 9.98242E-05 9.98242E-05 9.98242E-05 9.98242E-05 9.98242E-05 9.98242E-05 9.98242E-05 9.98242E-05 9.98242E-05 9.98242E-05 9.98242E-05
9.98242E-05 9.98242E-05 9.98242E-05 9.98242E-05 9.98242E-05 9.98242E-05 9.98242E-05 9.98242E-05 9.98242E-05 9.98242E-05 9.98242E-05 9.98242E-05 9.98242E-05 9.98242E-05 9.98242E-05 0.998004 9.98242E-05 9.98242E-05 9.98242E-05 9.98242E-05 9.98242E-05
9.98242E-05 9.98242E-05 9.98242E-05 9.98242E-05 9.98242E-05 9.98242E-05 9.98242E-05 9.98242E-05 9.98242E-05 9.98242E-05 9.98242E-05 9.98242E-05 9.98242E-05 9.98242E-05 9.98242E-05 0.998004 9.98242E-05 9.98242E-05 9.98242E-05 9.98242E-05 9.98242E-05
9.98243E-05 0.998004 9.98243E-05 9.98243E-05 9.98243E-05 9.98243E-05 9.98243E-05 9.98243E-05 9.98243E-05 9.98243E-05 9.98243E-05 9.98243E-05 9.98243E-05 9.98243E-05 9.98243E-05 9.98243E-05 9.98243E-05 9.98243E-05 9.98243E-05 9.98243E-05 9.98243E-05
9.98243E-05 0.998004 9.98243E-05 9.98243E-05 9.98243E-05 9.98243E-05 9.98243E-05 9.98243E-05 9.98243E-05 9.98243E-05 9.98243E-05 9.98243E-05 9.98243E-05 9.98243E-05 9.98243E-05 9.98243E-05 9.98243E-05 9.98243E-05 9.98243E-05 9.98243E-05 9.98243E-05
9.98242E-05 0.998004 9.98242E-05 9.98242E-05 9.98242E-05 9.98242E-05 9.98242E-05 9.98242E-05 9.98242E-05 9.98242E-05 9.98242E-05 9.98242E-05 9.98242E-05 9.98242E-05 9.98242E-05 9.98242E-05 9.98242E-05 9.98242E-05 9.98242E-05 9.98242E-05 9.98242E-05
9.98243E-05 9.98243E-05 9.98243E-05 9.98243E-05 9.98243E-05 9.98243E-05 9.98243E-05 9.98243E-05 9.98243E-05 9.98243E-05 9.98243E-05 9.98243E-05 9.98243E-05 9.98243E-05 9.98243E-05 0.998004 9.98243E-05 9.98243E-05 9.98243E-05 9.98243E-05 9.98243E-05
9.98242E-05 9.98242E-05 9.98242E-05 9.98242E-05 9.98242E-05 9.98242E-05 9.98242E-05 9.98242E-05 9.98242E-05 9.98242E-05 9.98242E-05 9.98242E-05 9.98242E-05 9.98242E-05 9.98242E-05 0.998004 9.98242E-05 9.98242E-05 9.98242E-05 9.98242E-05 9.98242E-05
9.98242E-05 0.998004 9.98242E-05 9.98242E-05 9.98242E-05 9.98242E-05 9.98242E-05 9.98242E-05 9.98242E-05 9.98242E-05 9.98242E-05 9.98242E-05 9.98242E-05 9.98242E-05 9.98242E-05 9.98242E-05 9.98242E-05 9.98242E-05 9.98242E-05 9.98242E-05 9.98242E-05
9.98242E-05 0.998004 9.98242E-05 9.98242E-05 9.98242E-05 9.98242E-05 9.98242E-05 9.98242E-05 9.98242E-05 9.98242E-05 9.98242E-05 9.98242E-05 9.98242E-05 9.98242E-05 9.98242E-05 9.98242E-05 9.98242E-05 9.98242E-05 9.98242E-05 9.98242E-05 9.98242E-05
0.0479956 0.0861209 0.540237 9.98769E-05 9.98769E-05 9.98769E-05 9.98769E-05 9.98769E-05 0.0666968 9.98769E-05 9.98769E-05 0.035703 9.98769E-05 9.98769E-05 9.98769E-05 0.0421949 9.98769E-05 9.98769E-05 0.179653 9.98769E-05 9.98769E-05
9.98243E-05 0.998004 9.98243E-05 9.98243E-05 9.98243E-05 9.98243E-05 9.98243E-05 9.98243E-05 9.98243E-05 9.98243E-05 9.98243E-05 9.98243E-05 9.98243E-05 9.98243E-05 9.98243E-05 9.98243E-05 9.98243E-05 9.98243E-05 9.98243E-05 9.98243E-05 9.98243E-05
