0.160272 9.99737E-05 0.839428 9.99737E-05 9.99737E-05
0.11953 9.99738E-05 0.88017 9.99738E-05 9.99738E-05
9.99737E-05 9.99737E-05 0.92748 0.0722198 9.99737E-05
0.0773941 0.0667186 0.441859 0.334207 0.0798211
9.99825E-05 0.0151574 0.781135 0.203508 9.99825E-05
0.00056735 0.37661 0.384551 0.21605 0.0222221
0.223001 9.99912E-05 0.528208 0.219515 0.0291756
0.0831727 0.315738 0.133941 0.467049 9.99912E-05
9.999E-05 0.285515 0.502199 0.116654 0.0955318
9.997E-05 9.997E-05 0.9996 9.997E-05 9.997E-05
0.146254 9.99737E-05 0.853446 9.99737E-05 9.99737E-05
0.0198907 9.99825E-05 0.896995 0.0829142 9.99825E-05
9.99737E-05 9.99737E-05 0.9933 0.00639999 9.99737E-05
0.141953 0.0183881 0.797928 0.0416317 9.99913E-05
9.99825E-05 0.304131 0.597629 0.0980405 9.99825E-05
9.99824E-05 0.196098 0.448067 0.355635 9.99824E-05
0.124922 0.175575 0.69846 0.000942891 9.99912E-05
0.218785 0.0270624 0.514308 0.104429 0.135416
0.0262906 9.99824E-05 0.726442 0.247068 9.99824E-05
0.00807066 9.99825E-05 0.89892 9.99825E-05 0.0928097
0.107831 9.99912E-05 0.576286 0.302574 0.0132094
0.0660149 0.338572 0.274913 0.320399 9.99912E-05
0.102673 9.99737E-05 0.897027 9.99737E-05 9.99737E-05
0.102071 9.99825E-05 0.745983 0.151747 9.99825E-05
9.99912E-05 0.173346 0.644583 0.040383 0.141588
9.99737E-05 9.99737E-05 0.848566 0.151134 9.99737E-05
0.142891 0.21966 0.424957 0.212393 9.99912E-05
9.99738E-05 9.99738E-05 0.91916 0.0805398 9.99738E-05
9.99737E-05 9.99737E-05 0.980885 9.99737E-05 0.0188151
9.99825E-05 0.144109 0.817837 0.0378535 9.99825E-05
0.18813 9.99737E-05 0.81157 9.99737E-05 9.99737E-05
0.0244186 0.191722 0.583322 0.199464 0.00107225
0.103072 9.99825E-05 0.795209 0.101519 9.99825E-05
0.114075 9.99825E-05 0.694555 0.19117 9.99825E-05
0.0602155 9.99825E-05 0.933006 9.99825E-05 0.00657863
0.0429809 9.99825E-05 0.841367 0.115453 9.99825E-05
0.00115752 9.99825E-05 0.712105 0.286538 9.99825E-05
9.99825E-05 0.239279 0.698448 9.99825E-05 0.0620724
9.99825E-05 0.2347 0.694068 0.0710316 9.99825E-05
9.99825E-05 0.0697791 0.733108 0.196913 9.99825E-05
0.0184896 9.99825E-05 0.929253 0.0520575 9.99825E-05
9.99825E-05 0.00118676 0.933194 0.0654197 9.99825E-05
9.99825E-05 0.0293985 0.813021 0.15738 9.99825E-05
0.0276993 0.0609266 0.802482 0.108792 9.99912E-05
9.99825E-05 9.99825E-05 0.529886 0.3503 0.119614
9.99825E-05 9.99825E-05 0.870807 0.098958 0.0300352
0.191244 9.99825E-05 0.777504 9.99825E-05 0.0310514
9.99738E-05 9.99738E-05 0.974928 0.0247723 9.99738E-05
0.154974 9.99825E-05 0.816047 0.028779 9.99825E-05
0.0915553 9.99825E-05 0.727359 0.180886 9.99825E-05
0.194652 0.120287 0.640722 0.0442385 9.99912E-05
0.00401633 0.03923 0.582175 0.356622 0.0179562
0.0467014 9.99825E-05 0.934112 0.0189867 9.99825E-05
9.99738E-05 9.99738E-05 0.588038 0.411662 9.99738E-05
9.99825E-05 9.99825E-05 0.849735 0.131698 0.0183672
0.0160976 0.118964 0.709634 0.106582 0.0487217
0.0791047 9.99825E-05 0.824163 0.0965322 9.99825E-05
0.110956 9.99825E-05 0.79784 0.0910039 9.99825E-05
0.0889359 9.99825E-05 0.888267 0.0225973 9.99825E-05
0.222653 0.26195 0.515196 9.99824E-05 9.99824E-05
0.0191944 0.00300942 0.706457 0.271239 9.99912E-05
0.245685 0.166997 0.587118 9.99825E-05 9.99825E-05
0.102221 0.745998 0.151581 9.99825E-05 9.99825E-05
0.132546 0.117779 0.495672 0.253903 9.99912E-05
0.155682 0.286619 0.557498 9.99824E-05 9.99824E-05
0.168201 0.33771 0.476127 0.0178609 9.99912E-05
0.275998 0.302621 0.421181 9.99824E-05 9.99824E-05
0.126899 0.257196 0.615705 9.99825E-05 9.99825E-05
0.172637 0.221869 0.605294 9.99825E-05 9.99825E-05
0.302007 0.162399 0.500371 9.99912E-05 0.0351235
0.198235 0.062243 0.457952 0.28147 9.99912E-05
0.197691 0.421455 0.147959 0.232795 9.99912E-05
9.99824E-05 0.1515 0.598767 0.249533 9.99824E-05
0.0978541 0.231461 0.562728 0.107857 9.99913E-05
0.137865 0.251394 0.610541 9.99825E-05 9.99825E-05
0.060062 0.304412 0.26033 0.375096 9.99912E-05
0.325181 0.164311 0.402993 0.107414 9.99912E-05
0.364237 0.0691785 0.566385 9.99825E-05 9.99825E-05
0.204483 0.192526 0.507991 0.0948994 9.99912E-05
0.0486864 0.138749 0.731305 0.0811597 9.99913E-05
0.0804667 0.326441 0.490396 0.102596 9.99912E-05
0.157294 0.35999 0.482516 9.99825E-05 9.99825E-05
0.127835 0.160562 0.408518 0.302985 9.99912E-05
0.2763 0.14869 0.57481 9.99824E-05 9.99824E-05
0.0269973 0.28 0.647906 0.00134259 0.0437536
0.0713105 0.188496 0.66866 0.0714337 9.99912E-05
0.0435468 0.187941 0.635409 0.133003 9.99912E-05
0.209432 0.119391 0.670978 9.99825E-05 9.99825E-05
0.00763342 0.390698 0.592252 0.00931655 9.99912E-05
9.99736E-05 0.983701 9.99736E-05 0.0159988 9.99736E-05
9.99737E-05 0.963421 0.0362793 9.99737E-05 9.99737E-05
0.200172 0.799528 9.99736E-05 9.99736E-05 9.99736E-05
0.121838 0.827865 9.99824E-05 9.99824E-05 0.0500971
9.99736E-05 0.918207 9.99736E-05 9.99736E-05 0.0814931
9.99824E-05 0.935917 0.0481336 9.99824E-05 0.0157497
0.122193 0.829359 0.0482482 9.99824E-05 9.99824E-05
9.99736E-05 0.983771 9.99736E-05 9.99736E-05 0.0159289
0.00623661 0.993463 9.99736E-05 9.99736E-05 9.99736E-05
0.0506443 0.709695 0.239461 9.99824E-05 9.99824E-05
9.997E-05 0.9996 9.997E-05 9.997E-05 9.997E-05
0.00824479 0.928498 9.99824E-05 9.99824E-05 0.0630574
0.0284237 0.971276 9.99737E-05 9.99737E-05 9.99737E-05
9.99737E-05 0.868929 0.130771 9.99737E-05 9.99737E-05
0.121025 0.833028 9.99824E-05 9.99824E-05 0.0457471
0.0277392 0.879317 0.0269752 9.99912E-05 0.0658683
9.99824E-05 0.867899 0.00786382 9.99824E-05 0.124037
9.99737E-05 0.853782 9.99737E-05 0.145918 9.99737E-05
0.0736634 0.876882 9.99825E-05 9.99825E-05 0.0492549
0.045793 0.807756 9.99825E-05 9.99825E-05 0.146251
0.0232759 0.906261 9.99912E-05 0.0495712 0.0207921
0.0428256 0.867147 9.99824E-05 9.99824E-05 0.0898275
9.99824E-05 0.829898 9.99824E-05 0.00663565 0.163267
9.99737E-05 0.995829 9.99737E-05 9.99737E-05 0.00387136
9.99824E-05 0.813091 9.99824E-05 0.111138 0.0755708
9.99737E-05 0.892019 0.107681 9.99737E-05 9.99737E-05
9.99825E-05 0.694794 0.214045 9.99825E-05 0.0909618
9.99824E-05 0.831786 9.99824E-05 0.0754034 0.0926107
9.99824E-05 0.894717 0.0394718 9.99824E-05 0.0656108
0.0400768 0.871436 9.99825E-05 9.99825E-05 0.0882874
9.99825E-05 0.793204 0.136771 9.99825E-05 0.0698251
0.105778 0.794963 9.99824E-05 9.99824E-05 0.0990597
0.0114157 0.806553 9.99824E-05 9.99824E-05 0.181831
9.99736E-05 0.841148 9.99736E-05 9.99736E-05 0.158552
0.0161825 0.916575 9.99824E-05 9.99824E-05 0.0670423
0.0493082 0.917434 9.99824E-05 9.99824E-05 0.0330578
0.186357 0.813343 9.99736E-05 9.99736E-05 9.99736E-05
9.997E-05 0.9996 9.997E-05 9.997E-05 9.997E-05
0.00986446 0.917397 9.99825E-05 9.99825E-05 0.0725388
0.0109935 0.927065 9.99825E-05 9.99825E-05 0.0617412
9.99737E-05 0.966918 9.99737E-05 9.99737E-05 0.0327818
9.99824E-05 0.776117 0.219686 9.99824E-05 0.00399772
9.99736E-05 0.951236 9.99736E-05 0.0484642 9.99736E-05
9.99737E-05 0.893783 9.99737E-05 9.99737E-05 0.105917
9.99737E-05 0.948292 0.0514085 9.99737E-05 9.99737E-05
0.0104114 0.766324 9.99824E-05 9.99824E-05 0.223065
0.114999 0.828353 0.0564482 9.99825E-05 9.99825E-05
0.0154518 0.79568 0.00495204 9.99912E-05 0.183816
9.99824E-05 0.837421 0.100408 9.99824E-05 0.0619709
9.997E-05 0.9996 9.997E-05 9.997E-05 9.997E-05
9.99912E-05 0.654738 0.116957 0.172841 0.0553641
9.99738E-05 0.936773 9.99738E-05 9.99738E-05 0.0629272
0.0555364 0.944164 9.99737E-05 9.99737E-05 9.99737E-05
9.99824E-05 0.839977 9.99824E-05 0.0940093 0.0658134
0.119145 0.803705 9.99824E-05 9.99824E-05 0.0769502
9.99736E-05 0.987271 9.99736E-05 9.99736E-05 0.0124288
9.99736E-05 0.996788 9.99736E-05 9.99736E-05 0.00291199
9.99824E-05 0.823686 9.99824E-05 0.0525146 0.123599
9.99737E-05 0.797383 9.99737E-05 9.99737E-05 0.202317
9.99737E-05 0.967672 9.99737E-05 9.99737E-05 0.0320281
9.99736E-05 9.99736E-05 0.911731 9.99736E-05 0.0879688
9.997E-05 0.9996 9.997E-05 9.997E-05 9.997E-05
9.997E-05 9.997E-05 0.9996 9.997E-05 9.997E-05
9.997E-05 0.9996 9.997E-05 9.997E-05 9.997E-05
9.997E-05 0.9996 9.997E-05 9.997E-05 9.997E-05
9.997E-05 0.9996 9.997E-05 9.997E-05 9.997E-05
9.997E-05 9.997E-05 0.9996 9.997E-05 9.997E-05
9.997E-05 0.9996 9.997E-05 9.997E-05 9.997E-05
9.997E-05 0.9996 9.997E-05 9.997E-05 9.997E-05
9.99735E-05 9.99735E-05 0.979395 9.99735E-05 0.0203051
9.997E-05 9.997E-05 0.9996 9.997E-05 9.997E-05
9.997E-05 9.997E-05 0.9996 9.997E-05 9.997E-05
9.997E-05 0.9996 9.997E-05 9.997E-05 9.997E-05
9.997E-05 0.9996 9.997E-05 9.997E-05 9.997E-05
9.99735E-05 9.99735E-05 0.930916 9.99735E-05 0.0687844
9.997E-05 9.997E-05 0.9996 9.997E-05 9.997E-05
9.99824E-05 0.587549 9.99824E-05 0.294316 0.117935
9.99735E-05 9.99735E-05 0.984198 9.99735E-05 0.015502
9.997E-05 0.9996 9.997E-05 9.997E-05 9.997E-05
9.997E-05 9.997E-05 0.9996 9.997E-05 9.997E-05
9.997E-05 9.997E-05 0.9996 9.997E-05 9.997E-05
9.997E-05 9.997E-05 0.9996 9.997E-05 9.997E-05
9.997E-05 0.9996 9.997E-05 9.997E-05 9.997E-05
9.99736E-05 9.99736E-05 0.977092 9.99736E-05 0.0226079
9.997E-05 0.9996 9.997E-05 9.997E-05 9.997E-05
9.997E-05 9.997E-05 0.9996 9.997E-05 9.997E-05
9.997E-05 9.997E-05 0.9996 9.997E-05 9.997E-05
9.997E-05 0.9996 9.997E-05 9.997E-05 9.997E-05
9.997E-05 0.9996 9.997E-05 9.997E-05 9.997E-05
9.997E-05 0.9996 9.997E-05 9.997E-05 9.997E-05
9.99735E-05 9.99735E-05 0.997022 9.99735E-05 0.00267794
9.99736E-05 9.99736E-05 0.955944 9.99736E-05 0.0437562
9.997E-05 9.997E-05 0.9996 9.997E-05 9.997E-05
9.997E-05 9.997E-05 0.9996 9.997E-05 9.997E-05
9.997E-05 9.997E-05 0.9996 9.997E-05 9.997E-05
9.997E-05 0.9996 9.997E-05 9.997E-05 9.997E-05
9.997E-05 0.9996 9.997E-05 9.997E-05 9.997E-05
9.997E-05 0.9996 9.997E-05 9.997E-05 9.997E-05
9.997E-05 9.997E-05 0.9996 9.997E-05 9.997E-05
9.997E-05 0.9996 9.997E-05 9.997E-05 9.997E-05
9.997E-05 0.9996 9.997E-05 9.997E-05 9.997E-05
9.997E-05 0.9996 9.997E-05 9.997E-05 9.997E-05
9.997E-05 0.9996 9.997E-05 9.997E-05 9.997E-05
9.997E-05 9.997E-05 0.9996 9.997E-05 9.997E-05
9.997E-05 0.9996 9.997E-05 9.997E-05 9.997E-05
9.997E-05 0.9996 9.997E-05 9.997E-05 9.997E-05
0.028331 0.666459 9.99912E-05 0.234241 0.0708693
9.99735E-05 9.99735E-05 0.977359 9.99735E-05 0.022341
9.997E-05 0.9996 9.997E-05 9.997E-05 9.997E-05
9.997E-05 0.9996 9.997E-05 9.997E-05 9.997E-05
9.997E-05 0.9996 9.997E-05 9.997E-05 9.997E-05
9.997E-05 0.9996 9.997E-05 9.997E-05 9.997E-05
9.997E-05 9.997E-05 0.9996 9.997E-05 9.997E-05
9.997E-05 0.9996 9.997E-05 9.997E-05 9.997E-05
9.99736E-05 9.99736E-05 0.971793 9.99736E-05 0.027907
9.997E-05 0.9996 9.997E-05 9.997E-05 9.997E-05
9.997E-05 9.997E-05 0.9996 9.997E-05 9.997E-05
9.997E-05 0.9996 9.997E-05 9.997E-05 9.997E-05
9.997E-05 0.9996 9.997E-05 9.997E-05 9.997E-05
9.997E-05 0.9996 9.997E-05 9.997E-05 9.997E-05
9.997E-05 0.9996 9.997E-05 9.997E-05 9.997E-05
9.997E-05 0.9996 9.997E-05 9.997E-05 9.997E-05
9.997E-05 0.9996 9.997E-05 9.997E-05 9.997E-05
9.997E-05 9.997E-05 0.9996 9.997E-05 9.997E-05
9.99735E-05 9.99735E-05 0.991146 9.99735E-05 0.0085539
9.99735E-05 9.99735E-05 0.954697 9.99735E-05 0.0450034
9.997E-05 0.9996 9.997E-05 9.997E-05 9.997E-05
9.997E-05 9.997E-05 0.9996 9.997E-05 9.997E-05
9.997E-05 9.997E-05 0.9996 9.997E-05 9.997E-05
9.99735E-05 9.99735E-05 0.997524 9.99735E-05 0.00217606
9.997E-05 0.9996 9.997E-05 9.997E-05 9.997E-05
9.997E-05 0.9996 9.997E-05 9.997E-05 9.997E-05
9.997E-05 0.9996 9.997E-05 9.997E-05 9.997E-05
9.997E-05 9.997E-05 0.9996 9.997E-05 9.997E-05
9.997E-05 0.9996 9.997E-05 9.997E-05 9.997E-05
9.997E-05 0.9996 9.997E-05 9.997E-05 9.997E-05
9.997E-05 9.997E-05 0.9996 9.997E-05 9.997E-05
9.997E-05 0.9996 9.997E-05 9.997E-05 9.997E-05
9.997E-05 0.9996 9.997E-05 9.997E-05 9.997E-05
0.30688 0.608251 0.0824772 9.99912E-05 0.00229187
9.99735E-05 9.99735E-05 0.984996 9.99735E-05 0.0147036
9.997E-05 0.9996 9.997E-05 9.997E-05 9.997E-05
0.0461511 0.953549 9.99737E-05 9.99737E-05 9.99737E-05
9.99824E-05 0.818493 9.99824E-05 0.0861304 0.0951764
9.99824E-05 0.871 0.0523706 9.99824E-05 0.076429
0.0439736 0.747689 0.018983 0.0620635 0.127291
9.99736E-05 0.989347 9.99736E-05 9.99736E-05 0.0103527
9.997E-05 0.9996 9.997E-05 9.997E-05 9.997E-05
0.00422583 0.793716 0.0303828 0.0238549 0.147821
0.129886 0.829121 9.99824E-05 9.99824E-05 0.0407929
9.997E-05 0.9996 9.997E-05 9.997E-05 9.997E-05
9.99912E-05 0.71592 0.0938707 0.12568 0.0644293
0.0774621 0.796482 0.125856 9.99824E-05 9.99824E-05
9.997E-05 0.9996 9.997E-05 9.997E-05 9.997E-05
9.99824E-05 0.719442 0.179388 0.10097 9.99824E-05
0.0351428 0.839497 9.99824E-05 9.99824E-05 0.12516
9.99824E-05 0.963942 9.99824E-05 0.009691 0.0261667
9.99737E-05 0.916377 9.99737E-05 0.0833229 9.99737E-05
9.99737E-05 0.937373 9.99737E-05 9.99737E-05 0.0623273
0.110094 0.739793 0.116705 9.99912E-05 0.0333076
9.99736E-05 0.85189 9.99736E-05 9.99736E-05 0.14781
9.99736E-05 0.855287 9.99736E-05 0.144414 9.99736E-05
9.99736E-05 0.875615 9.99736E-05 9.99736E-05 0.124086
9.99824E-05 0.962076 9.99824E-05 0.0148952 0.022829
0.0716927 0.76005 9.99912E-05 0.0491271 0.11903
0.0491638 0.931563 9.99824E-05 9.99824E-05 0.0190731
9.99736E-05 0.87807 9.99736E-05 9.99736E-05 0.12163
9.997E-05 0.9996 9.997E-05 9.997E-05 9.997E-05
9.99824E-05 0.875497 9.99824E-05 0.0506665 0.0736368
9.99912E-05 0.884056 0.0264875 0.00553163 0.0838253
0.0974788 0.647587 9.99912E-05 0.115652 0.139182
0.0939472 0.806691 9.99824E-05 9.99824E-05 0.0991619
9.99736E-05 0.876424 9.99736E-05 0.123276 9.99736E-05
9.997E-05 0.9996 9.997E-05 9.997E-05 9.997E-05
9.99736E-05 0.951987 9.99736E-05 9.99736E-05 0.0477134
0.10157 0.89706 9.99824E-05 9.99824E-05 0.00117044
0.162686 0.837014 9.99736E-05 9.99736E-05 9.99736E-05
9.99737E-05 0.936298 9.99737E-05 9.99737E-05 0.0634026
9.997E-05 0.9996 9.997E-05 9.997E-05 9.997E-05
0.192171 0.587889 0.0265396 0.1933 9.99912E-05
0.120049 0.734176 9.99824E-05 9.99824E-05 0.145574
9.99824E-05 0.763756 9.99824E-05 0.191979 0.0440645
0.00599647 0.935905 9.99824E-05 9.99824E-05 0.0578983
9.99912E-05 0.715795 0.048252 0.0880687 0.147784
9.99912E-05 0.79673 0.0609981 0.138903 0.0032693
0.057147 0.942553 9.99737E-05 9.99737E-05 9.99737E-05
0.0488862 0.950814 9.99736E-05 9.99736E-05 9.99736E-05
0.0619593 0.870815 9.99824E-05 9.99824E-05 0.0670258
9.997E-05 0.9996 9.997E-05 9.997E-05 9.997E-05
0.0526186 0.914375 9.99824E-05 9.99824E-05 0.0328066
9.99737E-05 0.945828 9.99737E-05 0.0538725 9.99737E-05
0.0186682 0.838972 9.99824E-05 0.14216 9.99824E-05
0.0324054 0.967295 9.99737E-05 9.99737E-05 9.99737E-05
0.055217 0.814843 0.12974 9.99824E-05 9.99824E-05
9.99824E-05 0.742533 0.0702168 0.187051 9.99824E-05
9.997E-05 0.9996 9.997E-05 9.997E-05 9.997E-05
9.99824E-05 0.712392 9.99824E-05 0.237969 0.0494386
9.997E-05 0.9996 9.997E-05 9.997E-05 9.997E-05
0.0431051 0.861261 0.0954344 9.99825E-05 9.99825E-05
0.00966247 0.990038 9.99737E-05 9.99737E-05 9.99737E-05
9.99824E-05 0.886917 0.021337 9.99824E-05 0.091546
0.017402 0.982298 9.99737E-05 9.99737E-05 9.99737E-05
9.997E-05 0.9996 9.997E-05 9.997E-05 9.997E-05
9.99737E-05 0.98453 9.99737E-05 9.99737E-05 0.0151697
9.99825E-05 0.708922 0.177611 9.99825E-05 0.113267
0.077316 0.914586 9.99824E-05 9.99824E-05 0.00789772
9.99736E-05 0.871205 9.99736E-05 9.99736E-05 0.128495
9.99737E-05 0.967385 9.99737E-05 0.032315 9.99737E-05
9.997E-05 0.9996 9.997E-05 9.997E-05 9.997E-05
9.99824E-05 0.85608 0.0427448 9.99824E-05 0.100975
9.99824E-05 0.794297 0.100927 9.99824E-05 0.104576
0.000574938 0.925237 0.0336543 9.99912E-05 0.0404335
9.99824E-05 0.814775 0.115153 9.99824E-05 0.069872
9.99825E-05 0.610329 0.349252 9.99825E-05 0.0402191
9.99824E-05 0.976891 0.00974941 9.99824E-05 0.0131595
0.131739 0.753407 9.99825E-05 9.99825E-05 0.114653
0.0141456 0.984296 0.00135821 9.99825E-05 9.99825E-05
9.99737E-05 0.994197 9.99737E-05 9.99737E-05 0.00550258
9.99737E-05 0.966918 0.0327817 9.99737E-05 9.99737E-05
0.0263883 0.858447 0.00943013 0.0511462 0.054588
9.997E-05 0.9996 9.997E-05 9.997E-05 9.997E-05
9.997E-05 0.9996 9.997E-05 9.997E-05 9.997E-05
0.0139056 0.857228 9.99824E-05 9.99824E-05 0.128666
0.149389 0.753684 9.99824E-05 9.99824E-05 0.0967269
9.997E-05 0.9996 9.997E-05 9.997E-05 9.997E-05
9.99737E-05 0.969506 9.99737E-05 9.99737E-05 0.0301944
0.0353622 0.814882 9.99824E-05 9.99824E-05 0.149555
9.997E-05 0.9996 9.997E-05 9.997E-05 9.997E-05
0.184563 0.729013 9.99824E-05 9.99824E-05 0.0862236
0.0472548 0.952445 9.99736E-05 9.99736E-05 9.99736E-05
9.99912E-05 0.79062 0.089875 0.0281804 0.0912243
9.99736E-05 0.884088 9.99736E-05 9.99736E-05 0.115613
9.99825E-05 0.6424 0.146488 9.99825E-05 0.210912
0.115276 0.720171 0.164352 9.99824E-05 9.99824E-05
9.99737E-05 0.990678 0.00902186 9.99737E-05 9.99737E-05
0.148351 0.695691 9.99824E-05 9.99824E-05 0.155758
9.997E-05 0.9996 9.997E-05 9.997E-05 9.997E-05
9.99825E-05 0.871023 0.0943006 9.99825E-05 0.0344763
9.99824E-05 0.77811 9.99824E-05 0.185101 0.0365898
0.0827669 0.83849 0.0572207 0.0214225 9.99912E-05
0.19663 0.693943 0.109227 9.99825E-05 9.99825E-05
9.99824E-05 0.619523 0.355061 9.99824E-05 0.0252156
0.15587 0.565699 9.99912E-05 0.203083 0.0752477
0.0493043 0.628041 0.296219 0.0252156 0.00121957
0.156567 0.707177 9.99824E-05 9.99824E-05 0.136056
9.997E-05 0.9996 9.997E-05 9.997E-05 9.997E-05
9.99825E-05 0.937206 0.0338434 9.99825E-05 0.0287511
9.99825E-05 0.877823 0.0822475 9.99825E-05 0.0397299
0.195725 0.577149 0.15344 9.99912E-05 0.0735864
9.997E-05 0.9996 9.997E-05 9.997E-05 9.997E-05
9.99738E-05 0.9257 0.0740006 9.99738E-05 9.99738E-05
0.0269633 0.822385 9.99824E-05 9.99824E-05 0.150452
0.0243315 0.887891 9.99824E-05 9.99824E-05 0.0875779
9.99825E-05 0.842214 0.122304 9.99825E-05 0.0352819
9.99824E-05 0.922222 0.0735356 9.99824E-05 0.00404256
9.99912E-05 0.719536 0.101189 0.101315 0.0778594
0.0452426 0.56238 0.249201 9.99912E-05 0.143077
9.997E-05 0.9996 9.997E-05 9.997E-05 9.997E-05
9.99736E-05 0.938458 9.99736E-05 9.99736E-05 0.0612425
0.0516983 0.641288 0.16989 9.99912E-05 0.137024
0.0256243 0.892557 9.99825E-05 9.99825E-05 0.0816188
0.0231979 0.489615 0.181242 0.218536 0.0874089
0.18693 0.742849 0.0527608 9.99912E-05 0.0173596
0.0363912 0.812519 9.99824E-05 9.99824E-05 0.150889
9.99824E-05 0.92499 0.0542031 9.99824E-05 0.0206073
0.0546027 0.779831 9.99912E-05 0.15683 0.00863621
9.997E-05 0.9996 9.997E-05 9.997E-05 9.997E-05
0.146785 0.852915 9.99736E-05 9.99736E-05 9.99736E-05
0.000496363 0.940059 9.99825E-05 9.99825E-05 0.0592443
9.99738E-05 0.966189 9.99738E-05 9.99738E-05 0.0335115
0.0837518 0.840506 9.99912E-05 0.0370085 0.0386341
9.99824E-05 0.897821 9.99824E-05 0.00554039 0.0964383
9.99824E-05 0.467422 0.355879 0.176499 9.99824E-05
9.99824E-05 0.430999 0.412442 0.156359 9.99824E-05
9.99824E-05 0.42516 0.355179 0.219461 9.99824E-05
0.19925 0.526395 0.232714 0.0415406 9.99912E-05
0.17797 0.45681 0.254131 0.0922575 0.0188318
9.99737E-05 0.357083 0.642617 9.99737E-05 9.99737E-05
0.0407848 0.414994 0.544021 9.99824E-05 9.99824E-05
0.0160103 0.500821 0.299651 0.183418 9.99912E-05
0.0720018 0.430173 0.367436 0.130289 9.99913E-05
9.99824E-05 0.643294 0.247243 0.109263 9.99824E-05
0.277139 0.208925 0.389712 0.124072 0.000152362
9.99824E-05 0.226029 0.519365 9.99824E-05 0.254407
9.99824E-05 0.423023 0.3261 0.250677 9.99824E-05
9.99825E-05 0.404426 0.578742 0.0166318 9.99825E-05
0.173391 0.371148 0.453801 0.00156011 9.99912E-05
9.99824E-05 0.512106 0.272543 0.215152 9.99824E-05
0.00840628 0.430777 0.454473 0.0966692 0.00967378
9.99912E-05 0.233899 0.520859 0.0678349 0.177307
0.162743 0.31537 0.365798 0.13611 0.0199788
9.99824E-05 0.393926 0.468834 0.13704 9.99824E-05
0.0790577 0.445151 0.475592 9.99824E-05 9.99824E-05
9.99824E-05 0.331258 0.541421 0.127121 9.99824E-05
0.190355 0.181719 0.627726 9.99824E-05 9.99824E-05
0.0672562 0.904181 9.99824E-05 0.0283632 9.99824E-05
0.0199305 0.920752 0.0553012 9.99912E-05 0.0039162
9.99736E-05 0.933444 0.066256 9.99736E-05 9.99736E-05
9.99824E-05 0.655208 0.245285 0.0993071 9.99824E-05
9.99737E-05 0.861133 0.138567 9.99737E-05 9.99737E-05
9.99737E-05 0.771612 0.228088 9.99737E-05 9.99737E-05
0.133269 0.866431 9.99737E-05 9.99737E-05 9.99737E-05
9.99737E-05 0.708841 0.290859 9.99737E-05 9.99737E-05
9.99824E-05 0.793981 0.174 9.99824E-05 0.0318189
0.0195616 0.75149 0.21114 9.99912E-05 0.0177084
0.109025 0.78156 0.109215 9.99824E-05 9.99824E-05
9.99824E-05 0.835487 0.160559 0.00375406 9.99824E-05
0.0806781 0.740463 0.178659 9.99824E-05 9.99824E-05
9.99737E-05 0.942977 0.0567232 9.99737E-05 9.99737E-05
9.99737E-05 0.886391 0.113309 9.99737E-05 9.99737E-05
9.99737E-05 0.977188 9.99737E-05 0.0225122 9.99737E-05
0.0434951 0.956205 9.99736E-05 9.99736E-05 9.99736E-05
9.99737E-05 0.884206 0.115494 9.99737E-05 9.99737E-05
9.99824E-05 0.8245 0.167927 0.00737343 9.99824E-05
0.0180543 0.849591 0.132154 9.99824E-05 9.99824E-05
9.997E-05 0.9996 9.997E-05 9.997E-05 9.997E-05
0.00292872 0.768641 0.228231 9.99825E-05 9.99825E-05
9.99824E-05 0.928237 0.0562136 9.99824E-05 0.0153491
9.99825E-05 0.845459 0.03477 9.99825E-05 0.119571
9.99737E-05 0.800307 0.199394 9.99737E-05 9.99737E-05
0.0133418 0.986358 9.99737E-05 9.99737E-05 9.99737E-05
9.99824E-05 0.62454 0.283236 0.0920236 9.99824E-05
9.99737E-05 0.836043 0.163657 9.99737E-05 9.99737E-05
9.99736E-05 0.943343 0.056357 9.99736E-05 9.99736E-05
9.99737E-05 0.870504 0.129196 9.99737E-05 9.99737E-05
9.99737E-05 0.867299 0.132401 9.99737E-05 9.99737E-05
9.99824E-05 0.522551 0.427219 0.0500294 9.99824E-05
9.99737E-05 0.828446 0.171254 9.99737E-05 9.99737E-05
9.99736E-05 0.774546 0.225155 9.99736E-05 9.99736E-05
0.0173441 0.876336 0.10612 9.99824E-05 9.99824E-05
9.99736E-05 0.88977 0.10993 9.99736E-05 9.99736E-05
9.99824E-05 0.884243 0.054484 0.0610726 9.99824E-05
0.0223768 0.700685 0.276738 9.99824E-05 9.99824E-05
9.99824E-05 0.701351 0.232779 0.0656699 9.99824E-05
9.99737E-05 0.835683 0.164017 9.99737E-05 9.99737E-05
9.99737E-05 0.807855 0.191845 9.99737E-05 9.99737E-05
9.99737E-05 0.743236 0.256464 9.99737E-05 9.99737E-05
0.0283282 0.835789 0.0802931 0.0554901 9.99912E-05
0.0404674 0.833903 0.12543 9.99824E-05 9.99824E-05
0.0832028 0.0487395 0.485923 0.382034 9.99912E-05
9.99824E-05 0.253808 0.199218 0.546774 9.99824E-05
0.289264 0.319129 0.0264023 0.365105 9.99912E-05
0.0979791 0.0608592 0.405156 0.435906 9.99912E-05
0.123035 0.204677 0.299493 0.372695 9.99912E-05
0.19196 0.113676 0.444803 0.249461 9.99912E-05
0.0709858 0.128584 0.392517 0.407814 9.99912E-05
0.0421288 0.090784 0.441057 0.425931 9.99912E-05
0.0536414 0.536713 0.0420087 0.367537 9.99912E-05
0.447017 0.181283 0.210475 9.99912E-05 0.161125
0.0992578 0.260637 0.239026 0.40098 9.99912E-05
0.196244 0.231957 0.118686 0.453012 9.99912E-05
0.0601953 0.0961366 0.418064 0.425505 9.99912E-05
0.184896 0.133242 0.290459 0.391303 9.99912E-05
0.0575488 0.0033119 0.343213 0.595826 9.99912E-05
0.0671614 0.169405 0.297788 0.465546 9.99912E-05
0.0762726 0.102446 0.429214 0.391967 9.99912E-05
0.0458583 0.298185 0.0423549 0.613501 9.99912E-05
0.228154 0.253425 0.24598 0.272341 9.99912E-05
0.213249 9.99824E-05 0.532788 0.253763 9.99824E-05
0.9996 9.997E-05 9.997E-05 9.997E-05 9.997E-05
0.9996 9.997E-05 9.997E-05 9.997E-05 9.997E-05
0.9996 9.997E-05 9.997E-05 9.997E-05 9.997E-05
0.9996 9.997E-05 9.997E-05 9.997E-05 9.997E-05
0.9996 9.997E-05 9.997E-05 9.997E-05 9.997E-05
0.9996 9.997E-05 9.997E-05 9.997E-05 9.997E-05
0.9996 9.997E-05 9.997E-05 9.997E-05 9.997E-05
0.9996 9.997E-05 9.997E-05 9.997E-05 9.997E-05
0.9996 9.997E-05 9.997E-05 9.997E-05 9.997E-05
0.9996 9.997E-05 9.997E-05 9.997E-05 9.997E-05
0.9996 9.997E-05 9.997E-05 9.997E-05 9.997E-05
0.9996 9.997E-05 9.997E-05 9.997E-05 9.997E-05
0.9996 9.997E-05 9.997E-05 9.997E-05 9.997E-05
0.9996 9.997E-05 9.997E-05 9.997E-05 9.997E-05
0.9996 9.997E-05 9.997E-05 9.997E-05 9.997E-05
0.9996 9.997E-05 9.997E-05 9.997E-05 9.997E-05
0.9996 9.997E-05 9.997E-05 9.997E-05 9.997E-05
0.9996 9.997E-05 9.997E-05 9.997E-05 9.997E-05
0.9996 9.997E-05 9.997E-05 9.997E-05 9.997E-05
0.9996 9.997E-05 9.997E-05 9.997E-05 9.997E-05
0.9996 9.997E-05 9.997E-05 9.997E-05 9.997E-05
0.9996 9.997E-05 9.997E-05 9.997E-05 9.997E-05
0.9996 9.997E-05 9.997E-05 9.997E-05 9.997E-05
0.9996 9.997E-05 9.997E-05 9.997E-05 9.997E-05
0.9996 9.997E-05 9.997E-05 9.997E-05 9.997E-05
0.9996 9.997E-05 9.997E-05 9.997E-05 9.997E-05
0.9996 9.997E-05 9.997E-05 9.997E-05 9.997E-05
0.9996 9.997E-05 9.997E-05 9.997E-05 9.997E-05
0.9996 9.997E-05 9.997E-05 9.997E-05 9.997E-05
0.9996 9.997E-05 9.997E-05 9.997E-05 9.997E-05
0.9996 9.997E-05 9.997E-05 9.997E-05 9.997E-05
0.9996 9.997E-05 9.997E-05 9.997E-05 9.997E-05
0.9996 9.997E-05 9.997E-05 9.997E-05 9.997E-05
0.9996 9.997E-05 9.997E-05 9.997E-05 9.997E-05
0.9996 9.997E-05 9.997E-05 9.997E-05 9.997E-05
0.9996 9.997E-05 9.997E-05 9.997E-05 9.997E-05
0.9996 9.997E-05 9.997E-05 9.997E-05 9.997E-05
0.9996 9.997E-05 9.997E-05 9.997E-05 9.997E-05
0.9996 9.997E-05 9.997E-05 9.997E-05 9.997E-05
0.9996 9.997E-05 9.997E-05 9.997E-05 9.997E-05
0.9996 9.997E-05 9.997E-05 9.997E-05 9.997E-05
0.9996 9.997E-05 9.997E-05 9.997E-05 9.997E-05
0.9996 9.997E-05 9.997E-05 9.997E-05 9.997E-05
0.9996 9.997E-05 9.997E-05 9.997E-05 9.997E-05
0.9996 9.997E-05 9.997E-05 9.997E-05 9.997E-05
0.9996 9.997E-05 9.997E-05 9.997E-05 9.997E-05
0.9996 9.997E-05 9.997E-05 9.997E-05 9.997E-05
0.9996 9.997E-05 9.997E-05 9.997E-05 9.997E-05
0.9996 9.997E-05 9.997E-05 9.997E-05 9.997E-05
0.9996 9.997E-05 9.997E-05 9.997E-05 9.997E-05
0.9996 9.997E-05 9.997E-05 9.997E-05 9.997E-05
0.9996 9.997E-05 9.997E-05 9.997E-05 9.997E-05
0.9996 9.997E-05 9.997E-05 9.997E-05 9.997E-05
0.9996 9.997E-05 9.997E-05 9.997E-05 9.997E-05
0.9996 9.997E-05 9.997E-05 9.997E-05 9.997E-05
0.9996 9.997E-05 9.997E-05 9.997E-05 9.997E-05
0.9996 9.997E-05 9.997E-05 9.997E-05 9.997E-05
0.9996 9.997E-05 9.997E-05 9.997E-05 9.997E-05
0.9996 9.997E-05 9.997E-05 9.997E-05 9.997E-05
0.9996 9.997E-05 9.997E-05 9.997E-05 9.997E-05
0.9996 9.997E-05 9.997E-05 9.997E-05 9.997E-05
0.9996 9.997E-05 9.997E-05 9.997E-05 9.997E-05
0.9996 9.997E-05 9.997E-05 9.997E-05 9.997E-05
0.9996 9.997E-05 9.997E-05 9.997E-05 9.997E-05
0.930584 9.99736E-05 9.99736E-05 0.0691165 9.99736E-05
0.9996 9.997E-05 9.997E-05 9.997E-05 9.997E-05
0.9996 9.997E-05 9.997E-05 9.997E-05 9.997E-05
0.885977 9.99824E-05 9.99824E-05 0.0972884 0.0165345
0.9996 9.997E-05 9.997E-05 9.997E-05 9.997E-05
0.988798 9.99736E-05 9.99736E-05 0.0109023 9.99736E-05
0.9996 9.997E-05 9.997E-05 9.997E-05 9.997E-05
0.9996 9.997E-05 9.997E-05 9.997E-05 9.997E-05
0.9996 9.997E-05 9.997E-05 9.997E-05 9.997E-05
0.9996 9.997E-05 9.997E-05 9.997E-05 9.997E-05
0.9996 9.997E-05 9.997E-05 9.997E-05 9.997E-05
0.9996 9.997E-05 9.997E-05 9.997E-05 9.997E-05
0.9996 9.997E-05 9.997E-05 9.997E-05 9.997E-05
0.942726 9.99736E-05 9.99736E-05 0.0569745 9.99736E-05
0.9996 9.997E-05 9.997E-05 9.997E-05 9.997E-05
0.9996 9.997E-05 9.997E-05 9.997E-05 9.997E-05
0.9996 9.997E-05 9.997E-05 9.997E-05 9.997E-05
0.990782 9.99736E-05 9.99736E-05 9.99736E-05 0.00891784
0.9996 9.997E-05 9.997E-05 9.997E-05 9.997E-05
0.9996 9.997E-05 9.997E-05 9.997E-05 9.997E-05
0.9996 9.997E-05 9.997E-05 9.997E-05 9.997E-05
0.9996 9.997E-05 9.997E-05 9.997E-05 9.997E-05
0.9996 9.997E-05 9.997E-05 9.997E-05 9.997E-05
0.9996 9.997E-05 9.997E-05 9.997E-05 9.997E-05
0.9996 9.997E-05 9.997E-05 9.997E-05 9.997E-05
0.9996 9.997E-05 9.997E-05 9.997E-05 9.997E-05
0.9996 9.997E-05 9.997E-05 9.997E-05 9.997E-05
0.9996 9.997E-05 9.997E-05 9.997E-05 9.997E-05
0.941019 9.99736E-05 9.99736E-05 0.0586807 9.99736E-05
0.9996 9.997E-05 9.997E-05 9.997E-05 9.997E-05
0.961037 9.99736E-05 9.99736E-05 0.0386633 9.99736E-05
0.966743 9.99736E-05 9.99736E-05 0.0329574 9.99736E-05
0.9996 9.997E-05 9.997E-05 9.997E-05 9.997E-05
0.895601 9.99824E-05 9.99824E-05 0.0782961 0.0259033
0.9996 9.997E-05 9.997E-05 9.997E-05 9.997E-05
0.937419 9.99736E-05 9.99736E-05 0.0622815 9.99736E-05
0.9996 9.997E-05 9.997E-05 9.997E-05 9.997E-05
0.9996 9.997E-05 9.997E-05 9.997E-05 9.997E-05
0.9996 9.997E-05 9.997E-05 9.997E-05 9.997E-05
0.934741 9.99736E-05 9.99736E-05 0.0649592 9.99736E-05
0.9996 9.997E-05 9.997E-05 9.997E-05 9.997E-05
0.9996 9.997E-05 9.997E-05 9.997E-05 9.997E-05
0.9996 9.997E-05 9.997E-05 9.997E-05 9.997E-05
0.9996 9.997E-05 9.997E-05 9.997E-05 9.997E-05
0.9996 9.997E-05 9.997E-05 9.997E-05 9.997E-05
0.9996 9.997E-05 9.997E-05 9.997E-05 9.997E-05
0.9996 9.997E-05 9.997E-05 9.997E-05 9.997E-05
0.9996 9.997E-05 9.997E-05 9.997E-05 9.997E-05
0.9996 9.997E-05 9.997E-05 9.997E-05 9.997E-05
0.9996 9.997E-05 9.997E-05 9.997E-05 9.997E-05
0.9996 9.997E-05 9.997E-05 9.997E-05 9.997E-05
0.9996 9.997E-05 9.997E-05 9.997E-05 9.997E-05
0.9996 9.997E-05 9.997E-05 9.997E-05 9.997E-05
0.9996 9.997E-05 9.997E-05 9.997E-05 9.997E-05
0.9996 9.997E-05 9.997E-05 9.997E-05 9.997E-05
0.9996 9.997E-05 9.997E-05 9.997E-05 9.997E-05
0.9996 9.997E-05 9.997E-05 9.997E-05 9.997E-05
0.993087 9.99736E-05 9.99736E-05 0.00661309 9.99736E-05
0.9996 9.997E-05 9.997E-05 9.997E-05 9.997E-05
0.9996 9.997E-05 9.997E-05 9.997E-05 9.997E-05
0.9996 9.997E-05 9.997E-05 9.997E-05 9.997E-05
0.9996 9.997E-05 9.997E-05 9.997E-05 9.997E-05
0.981663 9.99736E-05 9.99736E-05 9.99736E-05 0.0180375
0.9996 9.997E-05 9.997E-05 9.997E-05 9.997E-05
0.9996 9.997E-05 9.997E-05 9.997E-05 9.997E-05
0.988246 9.99736E-05 0.0114541 9.99736E-05 9.99736E-05
0.528073 9.99824E-05 9.99824E-05 0.210782 0.260944
0.603668 9.99824E-05 9.99824E-05 0.299962 0.0961701
0.840088 9.99824E-05 9.99824E-05 0.0243082 0.135404
0.755758 9.99824E-05 9.99824E-05 0.11051 0.133531
0.567834 9.99824E-05 9.99824E-05 0.228856 0.20311
0.546592 9.99824E-05 9.99824E-05 0.268868 0.18434
0.514441 9.99824E-05 9.99824E-05 0.302656 0.182704
0.727144 9.99737E-05 9.99737E-05 9.99737E-05 0.272556
0.430865 9.99824E-05 9.99824E-05 0.305462 0.263473
0.502898 9.99824E-05 9.99824E-05 0.347438 0.149464
0.553792 9.99824E-05 9.99824E-05 0.26606 0.179948
0.422308 9.99825E-05 9.99825E-05 0.528296 0.0491967
0.866462 9.99736E-05 9.99736E-05 9.99736E-05 0.133238
0.747 9.99737E-05 9.99737E-05 9.99737E-05 0.2527
0.847514 9.99736E-05 9.99736E-05 9.99736E-05 0.152186
0.849692 9.99736E-05 9.99736E-05 9.99736E-05 0.150008
0.870431 9.99736E-05 9.99736E-05 9.99736E-05 0.129269
0.187633 9.99824E-05 9.99824E-05 0.695628 0.116539
0.354429 9.99824E-05 9.99824E-05 0.472849 0.172523
0.143294 9.99737E-05 9.99737E-05 0.856406 9.99737E-05
0.0629194 9.99824E-05 9.99824E-05 0.934639 0.0022421
0.182397 9.99824E-05 9.99824E-05 0.620551 0.196851
0.0791192 9.99736E-05 9.99736E-05 0.920581 9.99736E-05
0.0225366 9.99824E-05 9.99824E-05 0.917369 0.0598942
0.00142851 9.99736E-05 9.99736E-05 0.998272 9.99736E-05
0.0511041 0.011147 9.99912E-05 0.870864 0.0667846
0.258386 9.99824E-05 9.99824E-05 0.690654 0.0507606
9.99824E-05 0.0348685 9.99824E-05 0.744755 0.220177
0.0841238 9.99912E-05 0.00850834 0.888885 0.0183829
0.243164 0.0463767 9.99912E-05 0.401347 0.309012
0.0547699 9.99824E-05 9.99824E-05 0.559968 0.385062
0.0965852 0.0536219 9.99912E-05 0.61119 0.238502
0.102145 0.226807 9.99912E-05 0.475398 0.19555
0.151271 9.99824E-05 9.99824E-05 0.562341 0.286188
0.0189914 9.99824E-05 9.99824E-05 0.91962 0.0611886
0.394353 0.0207372 9.99912E-05 0.548983 0.0358271
0.106335 9.99824E-05 9.99824E-05 0.416936 0.476529
0.106004 9.99824E-05 9.99824E-05 0.41644 0.477356
9.99736E-05 9.99736E-05 9.99736E-05 0.786427 0.213273
0.139967 9.99824E-05 9.99824E-05 0.403114 0.456718
0.0108706 9.99737E-05 9.99737E-05 0.98883 9.99737E-05
0.235605 9.99824E-05 9.99824E-05 0.629944 0.134251
0.23975 9.99824E-05 9.99824E-05 0.610417 0.149633
0.387341 9.99737E-05 9.99737E-05 0.612359 9.99737E-05
0.317247 9.99824E-05 9.99824E-05 0.665085 0.0174675
0.13586 9.99824E-05 9.99824E-05 0.777826 0.0861147
0.0951291 9.99824E-05 9.99824E-05 0.678921 0.22575
0.0989557 9.99824E-05 9.99824E-05 0.842428 0.0584161
0.271915 9.99912E-05 0.000322447 0.584307 0.143356
0.24014 9.99824E-05 9.99824E-05 0.589144 0.170516
9.99736E-05 9.99736E-05 9.99736E-05 0.774651 0.225049
0.0484599 9.99824E-05 9.99824E-05 0.646637 0.304703
0.0254659 9.99824E-05 9.99824E-05 0.814388 0.159946
0.0550431 9.99824E-05 9.99824E-05 0.769121 0.175636
0.161067 9.99824E-05 9.99824E-05 0.826475 0.0122578
0.0116363 9.99824E-05 9.99824E-05 0.560081 0.428082
0.116636 9.99824E-05 9.99824E-05 0.84027 0.0428936
0.0776518 0.140688 9.99824E-05 0.78146 9.99824E-05
0.0829442 9.99912E-05 0.00787559 0.841644 0.0674367
0.0163209 9.99824E-05 9.99824E-05 0.822735 0.160744
9.997E-05 9.997E-05 9.997E-05 0.9996 9.997E-05
0.0326065 9.99824E-05 9.99824E-05 0.836348 0.130846
0.338974 9.99824E-05 9.99824E-05 0.627518 0.0333072
9.99736E-05 9.99736E-05 9.99736E-05 0.870387 0.129313
0.30333 9.99825E-05 9.99825E-05 0.360049 0.33642
0.175846 9.99824E-05 9.99824E-05 0.760645 0.0633085
9.99736E-05 9.99736E-05 9.99736E-05 0.845067 0.154633
0.154338 0.0403594 9.99824E-05 0.805102 9.99824E-05
0.11893 0.0741844 9.99824E-05 0.806685 9.99824E-05
0.12451 9.99824E-05 9.99824E-05 0.811173 0.0641175
0.102507 9.99824E-05 9.99824E-05 0.801623 0.0956698
0.12603 0.131326 0.045861 0.696683 9.99912E-05
0.206311 9.99824E-05 9.99824E-05 0.499535 0.293954
0.135707 9.99824E-05 9.99824E-05 0.742033 0.12206
0.0452808 9.99824E-05 9.99824E-05 0.876887 0.0776327
0.0221599 9.99824E-05 9.99824E-05 0.845766 0.131874
9.99736E-05 9.99736E-05 9.99736E-05 0.914638 0.0850622
0.120068 9.99824E-05 9.99824E-05 0.868759 0.010973
0.0891408 9.99824E-05 9.99824E-05 0.763646 0.147014
9.99736E-05 9.99736E-05 9.99736E-05 0.554955 0.444745
9.99824E-05 9.99824E-05 0.016259 0.78628 0.197261
0.064123 0.0895463 9.99824E-05 0.846131 9.99824E-05
0.136741 9.99824E-05 9.99824E-05 0.789489 0.0735702
0.0622826 9.99824E-05 9.99824E-05 0.867715 0.0698023
0.0885365 9.99824E-05 9.99824E-05 0.821913 0.0893509
9.99737E-05 9.99737E-05 9.99737E-05 0.874702 0.124998
0.0334644 9.99824E-05 9.99824E-05 0.874659 0.0916769
9.99736E-05 9.99736E-05 9.99736E-05 0.863602 0.136098
0.0994304 0.0371816 9.99824E-05 0.863188 9.99824E-05
0.0584217 9.99824E-05 9.99824E-05 0.719064 0.222314
0.0185458 0.0957767 9.99912E-05 0.703323 0.182255
9.99825E-05 0.0313079 9.99825E-05 0.954566 0.0139263
0.0851605 9.99824E-05 9.99824E-05 0.739723 0.174916
0.143951 9.99824E-05 9.99824E-05 0.741556 0.114292
0.1537 9.99824E-05 9.99824E-05 0.596819 0.249281
0.233442 9.99824E-05 9.99824E-05 0.623873 0.142485
0.171149 9.99824E-05 9.99824E-05 0.642002 0.18665
0.100678 9.99912E-05 0.217489 0.557129 0.124604
0.111476 9.99736E-05 9.99736E-05 0.888224 9.99736E-05
0.0930881 9.99824E-05 9.99824E-05 0.84915 0.0575616
9.99736E-05 9.99736E-05 9.99736E-05 0.819192 0.180508
0.0849466 9.99824E-05 9.99824E-05 0.695255 0.219598
0.0615694 9.99736E-05 9.99736E-05 0.938131 9.99736E-05
0.269506 0.112286 9.99912E-05 0.534504 0.0836037
0.0984236 9.99737E-05 9.99737E-05 0.901276 9.99737E-05
0.00129081 0.02709 9.99912E-05 0.936358 0.0351616
0.114843 9.99736E-05 9.99736E-05 0.884857 9.99736E-05
0.112659 9.99824E-05 9.99824E-05 0.805209 0.0819318
9.99736E-05 9.99736E-05 9.99736E-05 0.825047 0.174653
0.0340509 9.99824E-05 9.99824E-05 0.792859 0.17289
0.0623313 9.99736E-05 9.99736E-05 0.937369 9.99736E-05
0.111029 9.99824E-05 9.99824E-05 0.519624 0.369147
0.317416 9.99824E-05 9.99824E-05 0.375589 0.306794
0.149528 9.99824E-05 9.99824E-05 0.729548 0.120723
0.326824 9.99824E-05 9.99824E-05 0.546488 0.126488
0.247501 9.99824E-05 9.99824E-05 0.547365 0.204934
0.150053 9.99824E-05 9.99824E-05 0.719708 0.130038
0.0495573 9.99824E-05 9.99824E-05 0.892358 0.057885
0.0560458 9.99824E-05 9.99824E-05 0.583975 0.359779
0.286118 9.99824E-05 9.99824E-05 0.545703 0.167978
0.0359228 0.0568273 9.99912E-05 0.763139 0.144011
0.245308 9.99824E-05 9.99824E-05 0.67936 0.0751318
9.99736E-05 9.99736E-05 9.99736E-05 0.87275 0.12695
0.251487 9.99824E-05 9.99824E-05 0.604839 0.143474
9.99825E-05 0.0421166 9.99825E-05 0.91824 0.0394435
0.0689301 9.99824E-05 9.99824E-05 0.831539 0.0993314
0.150113 9.99824E-05 9.99824E-05 0.769112 0.0805746
0.13197 9.99824E-05 9.99824E-05 0.794339 0.0734904
0.0665165 9.99824E-05 9.99824E-05 0.804034 0.129249
0.0734888 9.99824E-05 9.99824E-05 0.898074 0.0282375
0.236184 9.99736E-05 9.99736E-05 0.763516 9.99736E-05
0.0062816 9.99824E-05 9.99824E-05 0.866376 0.127142
9.99736E-05 9.99736E-05 9.99736E-05 0.911718 0.0879823
0.107876 9.99736E-05 9.99736E-05 0.891824 9.99736E-05
0.0433911 9.99824E-05 9.99824E-05 0.913177 0.0432317
0.145093 9.99736E-05 9.99736E-05 0.854607 9.99736E-05
0.144864 9.99824E-05 9.99824E-05 0.650725 0.204212
0.0583923 9.99824E-05 9.99824E-05 0.814731 0.126676
0.373078 9.99737E-05 9.99737E-05 0.626622 9.99737E-05
0.0905554 9.99824E-05 9.99824E-05 0.78937 0.119874
0.199577 9.99824E-05 9.99824E-05 0.495596 0.304627
0.0933486 9.99824E-05 9.99824E-05 0.822631 0.0838204
0.0390934 9.99824E-05 9.99824E-05 0.803777 0.15693
9.99737E-05 9.99737E-05 9.99737E-05 0.832154 0.167546
0.132693 9.99824E-05 9.99824E-05 0.749406 0.117702
0.239305 9.99824E-05 9.99824E-05 0.691156 0.0693389
0.188591 9.99824E-05 9.99824E-05 0.611602 0.199606
9.99736E-05 9.99736E-05 9.99736E-05 0.87763 0.12207
0.154447 9.99824E-05 9.99824E-05 0.674287 0.171066
0.208184 9.99824E-05 9.99824E-05 0.474584 0.317031
0.200546 9.99824E-05 9.99824E-05 0.626114 0.17314
9.99824E-05 0.00305108 9.99824E-05 0.867061 0.129688
9.99736E-05 9.99736E-05 9.99736E-05 0.880377 0.119323
0.258023 9.99824E-05 9.99824E-05 0.566607 0.17517
0.0550626 9.99824E-05 9.99824E-05 0.793577 0.15116
0.0562098 9.99736E-05 9.99736E-05 0.94349 9.99736E-05
9.99736E-05 9.99736E-05 9.99736E-05 0.853559 0.146141
0.237963 9.99824E-05 9.99824E-05 0.685871 0.0759664
0.0204922 9.99824E-05 9.99824E-05 0.800086 0.179222
9.99824E-05 9.99824E-05 0.00603905 0.571012 0.422749
0.0676473 9.99824E-05 9.99824E-05 0.284113 0.648039
0.390821 9.99824E-05 9.99824E-05 0.411536 0.197443
0.188011 9.99824E-05 9.99824E-05 0.471379 0.340409
0.0857147 9.99824E-05 9.99824E-05 0.20197 0.712116
0.31507 9.99824E-05 9.99824E-05 0.352295 0.332435
0.38652 9.99736E-05 9.99736E-05 0.61318 9.99736E-05
0.226376 9.99824E-05 9.99824E-05 0.578912 0.194512
0.454546 9.99824E-05 9.99824E-05 0.398769 0.146485
0.0643446 9.99824E-05 9.99824E-05 0.555054 0.380401
0.0860349 9.99824E-05 9.99824E-05 0.477903 0.435863
0.249673 9.99824E-05 9.99824E-05 0.459354 0.290773
0.406295 9.99824E-05 9.99824E-05 0.475896 0.117608
0.187062 9.99824E-05 9.99824E-05 0.444176 0.368562
0.024274 9.99824E-05 9.99824E-05 0.497255 0.478271
0.238797 9.99824E-05 9.99824E-05 0.49722 0.263783
0.29216 9.99824E-05 9.99824E-05 0.452949 0.254691
0.214807 9.99824E-05 9.99824E-05 0.585498 0.199495
0.554036 9.99824E-05 9.99824E-05 0.199668 0.246096
0.0892509 9.99824E-05 9.99824E-05 0.45285 0.457699
0.0110884 9.99824E-05 9.99824E-05 0.675055 0.313657
0.283872 9.99824E-05 9.99824E-05 0.481835 0.234093
0.259182 9.99824E-05 9.99824E-05 0.527881 0.212737
0.377361 9.99824E-05 9.99824E-05 0.387781 0.234658
0.478231 9.99824E-05 9.99824E-05 0.162479 0.35909
0.288473 9.99824E-05 9.99824E-05 0.540892 0.170436
0.779093 9.99737E-05 9.99737E-05 9.99737E-05 0.220607
0.117323 9.99824E-05 9.99824E-05 0.469474 0.413003
0.75094 9.99824E-05 9.99824E-05 0.0279743 0.220886
0.0424254 9.99824E-05 9.99824E-05 0.710075 0.2473
9.99738E-05 9.99738E-05 9.99738E-05 0.910096 0.0896038
0.0117869 9.99824E-05 9.99824E-05 0.724205 0.263808
0.142246 9.99824E-05 9.99824E-05 0.756662 0.100893
9.99736E-05 9.99736E-05 9.99736E-05 0.860211 0.139489
0.103061 9.99824E-05 9.99824E-05 0.782505 0.114235
0.0926274 0.134263 9.99912E-05 0.723501 0.0495084
0.156666 9.99824E-05 9.99824E-05 0.667867 0.175267
0.18247 9.99824E-05 9.99824E-05 0.607626 0.209704
0.275251 9.99824E-05 9.99824E-05 0.610552 0.113996
0.136282 9.99824E-05 9.99824E-05 0.740655 0.122863
0.0636331 9.99824E-05 9.99824E-05 0.87354 0.0626275
0.0145214 9.99824E-05 9.99824E-05 0.83642 0.148858
9.99736E-05 9.99736E-05 9.99736E-05 0.95565 0.0440496
0.0133989 9.99824E-05 9.99824E-05 0.954991 0.03141
0.0294002 9.99824E-05 9.99824E-05 0.829368 0.141032
9.99737E-05 9.99737E-05 9.99737E-05 0.781262 0.218438
0.0678897 9.99824E-05 9.99824E-05 0.792523 0.139388
0.346853 9.99824E-05 9.99824E-05 0.500959 0.151988
0.000393063 9.99824E-05 9.99824E-05 0.844268 0.155139
0.0513184 9.99824E-05 9.99824E-05 0.801548 0.146934
0.29219 9.99736E-05 9.99736E-05 0.70751 9.99736E-05
0.00986884 0.0286996 9.99912E-05 0.871889 0.0894423
9.99736E-05 9.99736E-05 9.99736E-05 0.802542 0.197158
