0.0212638 9.98508E-05 0.096053 0.0763217 9.98508E-05 0.0427597 9.98508E-05 9.98508E-05 9.98508E-05 9.98508E-05 0.356593 0.273801 9.98508E-05 9.98508E-05 9.98508E-05 9.98508E-05 9.98508E-05 9.98508E-05 9.98508E-05 0.13151 9.98508E-05 9.98508E-05 9.98508E-05 9.98508E-05
0.0680616 9.98333E-05 9.98333E-05 0.0184212 9.98333E-05 9.98333E-05 9.98333E-05 9.98333E-05 9.98333E-05 9.98333E-05 0.79157 0.117266 9.98333E-05 9.98333E-05 9.98333E-05 9.98333E-05 9.98333E-05 9.98333E-05 9.98333E-05 9.98333E-05 9.98333E-05 0.00278453 9.98333E-05 9.98333E-05
9.98245E-05 0.0264555 9.98245E-05 9.98245E-05 9.98245E-05 9.98245E-05 9.98245E-05 0.00275734 9.98245E-05 9.98245E-05 9.98245E-05 9.98245E-05 9.98245E-05 0.000412014 9.98245E-05 9.98245E-05 9.98245E-05 9.98245E-05 9.98245E-05 9.98245E-05 9.98245E-05 9.98245E-05 9.98245E-05 0.968379
9.98948E-05 0.0820822 0.0941042 0.0057694 9.98948E-05 0.021215 9.98948E-05 9.98948E-05 0.254484 9.98948E-05 0.270364 9.98948E-05 9.98948E-05 0.0149979 0.0126698 0.0783561 0.127397 9.98948E-05 9.98948E-05 9.98948E-05 0.0350561 9.98948E-05 9.98948E-05 0.00230462
9.98334E-05 9.98334E-05 9.98334E-05 9.98334E-05 9.98334E-05 9.98334E-05 0.0798526 9.98334E-05 9.98334E-05 9.98334E-05 0.71527 9.98334E-05 9.98334E-05 0.0195403 9.98334E-05 9.98334E-05 9.98334E-05 9.98334E-05 9.98334E-05 9.98334E-05 0.108746 9.98334E-05 9.98334E-05 0.0746943
0.0188622 9.98597E-05 9.98597E-05 9.98597E-05 9.98597E-05 9.98597E-05 0.225404 0.0236365 9.98597E-05 9.98597E-05 9.98597E-05 0.16264 9.98597E-05 0.0225912 0.144615 9.98597E-05 9.98597E-05 9.98597E-05 9.98597E-05 9.98597E-05 0.202648 9.98597E-05 9.98597E-05 0.198006
0.0779285 0.123649 0.0570899 9.9886E-05 9.9886E-05 0.0374358 9.9886E-05 9.9886E-05 0.0305119 9.9886E-05 0.317259 0.0933987 9.9886E-05 0.0290527 9.9886E-05 9.9886E-05 9.9886E-05 9.9886E-05 0.0829858 9.9886E-05 0.087034 9.9886E-05 0.0623561 9.9886E-05
9.98773E-05 9.98773E-05 0.229012 9.98773E-05 9.98773E-05 9.98773E-05 0.0994587 9.98773E-05 9.98773E-05 9.98773E-05 0.176212 0.0160706 9.98773E-05 0.0616027 0.0934106 9.98773E-05 9.98773E-05 0.117615 9.98773E-05 0.0899823 0.0995391 0.0156984 9.98773E-05 9.98773E-05
9.98684E-05 9.98684E-05 0.0393351 0.124053 9.98684E-05 0.146842 0.173825 9.98684E-05 9.98684E-05 9.98684E-05 0.0109243 9.98684E-05 9.98684E-05 0.0166372 0.231562 9.98684E-05 9.98684E-05 9.98684E-05 9.98684E-05 9.98684E-05 9.98684E-05 0.0436592 9.98684E-05 0.211665
9.98157E-05 9.98157E-05 9.98157E-05 0.0254628 9.98157E-05 9.98157E-05 9.98157E-05 9.98157E-05 9.98157E-05 9.98157E-05 0.719599 9.98157E-05 9.98157E-05 9.98157E-05 9.98157E-05 9.98157E-05 9.98157E-05 9.98157E-05 9.98157E-05 9.98157E-05 9.98157E-05 9.98157E-05 9.98157E-05 0.252842
9.98508E-05 0.120416 9.98508E-05 0.137138 9.98508E-05 9.98508E-05 9.98508E-05 9.98508E-05 0.0151362 9.98508E-05 0.314389 0.0671595 9.98508E-05 9.98508E-05 9.98508E-05 9.98508E-05 0.0953281 9.98508E-05 9.98508E-05 9.98508E-05 9.98508E-05 9.98508E-05 9.98508E-05 0.248736
9.97982E-05 9.97982E-05 9.97982E-05 9.97982E-05 9.97982E-05 9.97982E-05 9.97982E-05 9.97982E-05 9.97982E-05 9.97982E-05 9.97982E-05 9.97982E-05 9.97982E-05 9.97982E-05 9.97982E-05 9.97982E-05 9.97982E-05 9.97982E-05 9.97982E-05 9.97982E-05 9.97982E-05 9.97982E-05 9.97982E-05 0.997705
9.98246E-05 9.98246E-05 0.0391296 0.0717753 9.98246E-05 9.98246E-05 9.98246E-05 9.98246E-05 9.98246E-05 9.98246E-05 0.885461 9.98246E-05 9.98246E-05 9.98246E-05 0.00163807 9.98246E-05 9.98246E-05 9.98246E-05 9.98246E-05 9.98246E-05 9.98246E-05 9.98246E-05 9.98246E-05 9.98246E-05
9.98509E-05 0.0147211 9.98509E-05 0.093857 0.075272 9.98509E-05 9.98509E-05 9.98509E-05 9.98509E-05 9.98509E-05 0.634584 9.98509E-05 0.0660655 0.0596386 9.98509E-05 9.98509E-05 0.0541641 9.98509E-05 9.98509E-05 9.98509E-05 9.98509E-05 9.98509E-05 9.98509E-05 9.98509E-05
9.98685E-05 9.98685E-05 0.0776031 0.112949 9.98685E-05 9.98685E-05 0.0143121 9.98685E-05 9.98685E-05 9.98685E-05 9.98685E-05 0.130662 0.104454 9.98685E-05 0.0957233 9.98685E-05 0.0778386 9.98685E-05 9.98685E-05 9.98685E-05 9.98685E-05 9.98685E-05 0.0202432 0.364717
9.98858E-05 9.98858E-05 0.0200809 0.113254 9.98858E-05 9.98858E-05 0.0280196 0.046978 0.0947844 9.98858E-05 0.240876 0.14638 9.98858E-05 9.98858E-05 0.142762 9.98858E-05 9.98858E-05 0.139285 9.98858E-05 0.0218469 0.0044344 9.98858E-05 9.98858E-05 9.98858E-05
0.113504 0.00446009 9.98598E-05 9.98598E-05 0.0483168 9.98598E-05 9.98598E-05 9.98598E-05 0.0483272 9.98598E-05 9.98598E-05 9.98598E-05 9.98598E-05 9.98598E-05 9.98598E-05 9.98598E-05 9.98598E-05 9.98598E-05 9.98598E-05 0.0369143 0.0226285 9.98598E-05 0.0702509 0.654
9.9886E-05 9.9886E-05 0.172022 0.0729783 9.9886E-05 9.9886E-05 9.9886E-05 9.9886E-05 0.00595504 0.148194 0.123772 0.26669 9.9886E-05 9.9886E-05 0.0357279 0.121417 0.0227973 9.9886E-05 9.9886E-05 9.9886E-05 0.00429757 0.0248507 9.9886E-05 9.9886E-05
9.98419E-05 9.98419E-05 0.210779 0.155989 9.98419E-05 9.98419E-05 9.98419E-05 0.0702988 9.98419E-05 9.98419E-05 9.98419E-05 9.98419E-05 9.98419E-05 9.98419E-05 0.110383 9.98419E-05 9.98419E-05 9.98419E-05 9.98419E-05 9.98419E-05 0.0595807 9.98419E-05 9.98419E-05 0.391172
9.98246E-05 9.98246E-05 9.98246E-05 0.0442187 9.98246E-05 9.98246E-05 9.98246E-05 9.98246E-05 9.98246E-05 9.98246E-05 0.865854 9.98246E-05 9.98246E-05 9.98246E-05 9.98246E-05 0.0227082 9.98246E-05 9.98246E-05 9.98246E-05 9.98246E-05 9.98246E-05 9.98246E-05 9.98246E-05 0.0652226
9.98772E-05 0.0424 9.98772E-05 0.0265324 9.98772E-05 0.0321895 9.98772E-05 0.000339471 9.98772E-05 9.98772E-05 0.486578 9.98772E-05 9.98772E-05 9.98772E-05 0.0840666 9.98772E-05 0.0202413 0.0491516 9.98772E-05 9.98772E-05 9.98772E-05 0.224813 9.98772E-05 0.03229
9.9851E-05 9.9851E-05 0.352508 9.9851E-05 9.9851E-05 9.9851E-05 0.028438 9.9851E-05 9.9851E-05 9.9851E-05 9.9851E-05 9.9851E-05 9.9851E-05 0.0500926 0.126158 9.9851E-05 9.9851E-05 9.9851E-05 9.9851E-05 9.9851E-05 0.105283 0.0210345 9.9851E-05 0.314789
9.98247E-05 0.0844859 9.98247E-05 0.0909965 9.98247E-05 9.98247E-05 9.98247E-05 9.98247E-05 9.98247E-05 9.98247E-05 0.65273 0.169791 9.98247E-05 9.98247E-05 9.98247E-05 9.98247E-05 9.98247E-05 9.98247E-05 9.98247E-05 9.98247E-05 9.98247E-05 9.98247E-05 9.98247E-05 9.98247E-05
9.98332E-05 9.98332E-05 0.269921 0.252575 9.98332E-05 0.0850465 9.98332E-05 9.98332E-05 9.98332E-05 9.98332E-05 0.313667 9.98332E-05 9.98332E-05 9.98332E-05 9.98332E-05 9.98332E-05 9.98332E-05 9.98332E-05 9.98332E-05 9.98332E-05 9.98332E-05 9.98332E-05 9.98332E-05 0.0768932
9.98771E-05 0.00375881 0.00721693 0.227533 9.98771E-05 9.98771E-05 9.98771E-05 9.98771E-05 0.064239 9.98771E-05 0.0819616 9.98771E-05 0.12295 9.98771E-05 0.0141649 0.0228059 0.240629 9.98771E-05 9.98771E-05 9.98771E-05 9.98771E-05 9.98771E-05 9.98771E-05 0.213343
9.98421E-05 9.98421E-05 0.0257248 0.0799664 9.98421E-05 9.98421E-05 0.0565228 9.98421E-05 0.119984 9.98421E-05 0.0702721 9.98421E-05 9.98421E-05 9.98421E-05 9.98421E-05 9.98421E-05 9.98421E-05 9.98421E-05 9.98421E-05 9.98421E-05 9.98421E-05 9.98421E-05 9.98421E-05 0.645733
9.98596E-05 9.98596E-05 0.300972 0.1194 9.98596E-05 9.98596E-05 0.241141 9.98596E-05 9.98596E-05 0.0440162 9.98596E-05 9.98596E-05 9.98596E-05 9.98596E-05 0.00687311 9.98596E-05 0.178041 0.0515611 9.98596E-05 9.98596E-05 9.98596E-05 0.0563974 9.98596E-05 9.98596E-05
9.9851E-05 0.022641 0.0684194 0.0441316 9.9851E-05 9.9851E-05 9.9851E-05 9.9851E-05 0.0650233 9.9851E-05 0.47193 9.9851E-05 9.9851E-05 9.9851E-05 9.9851E-05 9.9851E-05 0.00590844 9.9851E-05 9.9851E-05 9.9851E-05 9.9851E-05 9.9851E-05 9.9851E-05 0.320248
9.98422E-05 9.98422E-05 0.0149911 0.149735 9.98422E-05 9.98422E-05 9.98422E-05 9.98422E-05 9.98422E-05 9.98422E-05 0.310665 0.0762121 9.98422E-05 9.98422E-05 9.98422E-05 9.98422E-05 0.12619 9.98422E-05 9.98422E-05 9.98422E-05 9.98422E-05 9.98422E-05 9.98422E-05 0.32041
0.00683367 0.0177553 9.98684E-05 0.0437162 0.0216254 9.98684E-05 9.98684E-05 9.98684E-05 9.98684E-05 9.98684E-05 0.318639 9.98684E-05 9.98684E-05 9.98684E-05 0.101397 9.98684E-05 9.98684E-05 9.98684E-05 0.0252004 9.98684E-05 0.0535961 9.98684E-05 9.98684E-05 0.409739
9.98684E-05 0.0738404 0.0155594 0.0400389 9.98684E-05 9.98684E-05 9.98684E-05 9.98684E-05 9.98684E-05 0.0591678 0.141405 0.10537 9.98684E-05 9.98684E-05 0.0369097 9.98684E-05 9.98684E-05 9.98684E-05 9.98684E-05 9.98684E-05 0.0186155 9.98684E-05 9.98684E-05 0.507595
9.98685E-05 9.98685E-05 0.0923519 0.0505863 9.98685E-05 9.98685E-05 0.0547456 9.98685E-05 0.00324544 9.98685E-05 0.566167 9.98685E-05 9.98685E-05 9.98685E-05 9.98685E-05 9.98685E-05 0.16061 9.98685E-05 0.0113394 9.98685E-05 0.0206175 9.98685E-05 0.0388392 9.98685E-05
9.98595E-05 0.0612021 0.121405 0.123602 9.98595E-05 9.98595E-05 9.98595E-05 9.98595E-05 9.98595E-05 9.98595E-05 0.463336 0.0616937 9.98595E-05 9.98595E-05 9.98595E-05 0.0167475 0.121453 0.0289628 9.98595E-05 9.98595E-05 9.98595E-05 9.98595E-05 9.98595E-05 9.98595E-05
9.98772E-05 9.98772E-05 0.0974254 0.0853374 9.98772E-05 0.0202981 0.0148385 0.0220813 9.98772E-05 9.98772E-05 0.0364365 9.98772E-05 9.98772E-05 9.98772E-05 9.98772E-05 9.98772E-05 0.225153 9.98772E-05 0.00332457 9.98772E-05 0.057308 9.98772E-05 9.98772E-05 0.436399
0.0869118 0.0606097 9.9816E-05 9.9816E-05 9.9816E-05 9.9816E-05 9.9816E-05 9.9816E-05 9.9816E-05 9.9816E-05 9.9816E-05 9.9816E-05 9.9816E-05 9.9816E-05 9.9816E-05 9.9816E-05 9.9816E-05 9.9816E-05 9.9816E-05 9.9816E-05 9.9816E-05 9.9816E-05 9.9816E-05 0.850382
0.00612826 9.98509E-05 0.0414382 9.98509E-05 9.98509E-05 0.00137683 9.98509E-05 9.98509E-05 0.164005 9.98509E-05 0.194161 9.98509E-05 9.98509E-05 9.98509E-05 0.0116578 9.98509E-05 9.98509E-05 9.98509E-05 9.98509E-05 9.98509E-05 9.98509E-05 9.98509E-05 9.98509E-05 0.579536
9.98247E-05 9.98247E-05 9.98247E-05 9.98247E-05 9.98247E-05 9.98247E-05 9.98247E-05 9.98247E-05 9.98247E-05 9.98247E-05 0.489281 9.98247E-05 9.98247E-05 9.98247E-05 9.98247E-05 9.98247E-05 9.98247E-05 9.98247E-05 0.029854 9.98247E-05 0.080399 9.98247E-05 9.98247E-05 0.398469
9.98421E-05 9.98421E-05 9.98421E-05 0.101914 9.98421E-05 9.98421E-05 9.98421E-05 9.98421E-05 0.0116213 9.98421E-05 0.617851 9.98421E-05 9.98421E-05 9.98421E-05 0.140395 0.0208759 9.98421E-05 9.98421E-05 9.98421E-05 9.98421E-05 9.98421E-05 9.98421E-05 9.98421E-05 0.105545
0.129027 0.00243068 9.98597E-05 0.120547 0.0136074 9.98597E-05 0.0238425 9.98597E-05 9.98597E-05 9.98597E-05 9.98597E-05 9.98597E-05 9.98597E-05 0.0600994 0.0108488 9.98597E-05 9.98597E-05 9.98597E-05 9.98597E-05 9.98597E-05 9.98597E-05 9.98597E-05 9.98597E-05 0.638
9.98684E-05 0.0283255 0.0387548 0.133473 9.98684E-05 9.98684E-05 0.0171569 9.98684E-05 9.98684E-05 9.98684E-05 0.0474795 9.98684E-05 9.98684E-05 9.98684E-05 9.98684E-05 9.98684E-05 0.114548 0.128225 9.98684E-05 9.98684E-05 0.0277645 9.98684E-05 9.98684E-05 0.462774
9.98158E-05 9.98158E-05 9.98158E-05 9.98158E-05 9.98158E-05 9.98158E-05 9.98158E-05 9.98158E-05 0.0259758 9.98158E-05 9.98158E-05 9.98158E-05 9.98158E-05 9.98158E-05 9.98158E-05 9.98158E-05 9.98158E-05 9.98158E-05 9.98158E-05 9.98158E-05 0.0388308 9.98158E-05 9.98158E-05 0.933097
9.98159E-05 9.98159E-05 0.240233 0.0473983 9.98159E-05 9.98159E-05 9.98159E-05 9.98159E-05 9.98159E-05 9.98159E-05 9.98159E-05 9.98159E-05 9.98159E-05 9.98159E-05 9.98159E-05 9.98159E-05 9.98159E-05 9.98159E-05 9.98159E-05 9.98159E-05 9.98159E-05 9.98159E-05 9.98159E-05 0.710272
0.0104979 9.98333E-05 9.98333E-05 9.98333E-05 0.0654625 9.98333E-05 9.98333E-05 9.98333E-05 9.98333E-05 9.98333E-05 0.857731 0.0162521 9.98333E-05 9.98333E-05 9.98333E-05 9.98333E-05 9.98333E-05 9.98333E-05 9.98333E-05 9.98333E-05 0.0481597 9.98333E-05 9.98333E-05 9.98333E-05
0.0109634 0.0406564 0.0569997 0.0885201 9.98596E-05 0.00215978 9.98596E-05 9.98596E-05 9.98596E-05 9.98596E-05 9.98596E-05 0.0848454 9.98596E-05 9.98596E-05 0.160332 9.98596E-05 9.98596E-05 9.98596E-05 9.98596E-05 9.98596E-05 9.98596E-05 9.98596E-05 9.98596E-05 0.553926
9.9851E-05 9.9851E-05 0.400908 0.19417 9.9851E-05 9.9851E-05 9.9851E-05 9.9851E-05 9.9851E-05 9.9851E-05 0.175293 9.9851E-05 9.9851E-05 0.0104856 9.9851E-05 0.00280401 9.9851E-05 9.9851E-05 9.9851E-05 9.9851E-05 9.9851E-05 9.9851E-05 0.129873 0.0847687
9.98158E-05 9.98158E-05 9.98158E-05 9.98158E-05 9.98158E-05 9.98158E-05 9.98158E-05 0.02825 9.98158E-05 9.98158E-05 9.98158E-05 9.98158E-05 9.98158E-05 9.98158E-05 9.98158E-05 0.061366 9.98158E-05 9.98158E-05 9.98158E-05 9.98158E-05 9.98158E-05 9.98158E-05 9.98158E-05 0.908288
9.98244E-05 9.98244E-05 9.98244E-05 0.0356048 9.98244E-05 9.98244E-05 9.98244E-05 9.98244E-05 9.98244E-05 0.0334981 0.905111 9.98244E-05 9.98244E-05 9.98244E-05 0.0237897 9.98244E-05 9.98244E-05 9.98244E-05 9.98244E-05 9.98244E-05 9.98244E-05 9.98244E-05 9.98244E-05 9.98244E-05
9.98071E-05 9.98071E-05 9.98071E-05 0.0105806 9.98071E-05 9.98071E-05 9.98071E-05 9.98071E-05 9.98071E-05 9.98071E-05 9.98071E-05 9.98071E-05 9.98071E-05 9.98071E-05 9.98071E-05 9.98071E-05 9.98071E-05 9.98071E-05 9.98071E-05 9.98071E-05 9.98071E-05 9.98071E-05 9.98071E-05 0.987224
9.98595E-05 0.0133106 0.139387 0.126944 9.98595E-05 9.98595E-05 9.98595E-05 9.98595E-05 9.98595E-05 9.98595E-05 0.597771 9.98595E-05 9.98595E-05 9.98595E-05 9.98595E-05 9.98595E-05 9.98595E-05 9.98595E-05 9.98595E-05 0.0118773 0.00404963 0.0122766 9.98595E-05 0.0927863
9.98248E-05 9.98248E-05 9.98248E-05 9.98248E-05 9.98248E-05 9.98248E-05 9.98248E-05 9.98248E-05 9.98248E-05 9.98248E-05 0.740511 9.98248E-05 9.98248E-05 0.0572048 9.98248E-05 9.98248E-05 9.98248E-05 9.98248E-05 0.110489 9.98248E-05 0.0897993 9.98248E-05 9.98248E-05 9.98248E-05
9.9877E-05 0.107185 0.012875 0.198123 9.9877E-05 0.0479296 0.0167443 9.9877E-05 9.9877E-05 9.9877E-05 0.366277 0.0109356 9.9877E-05 9.9877E-05 0.0520702 9.9877E-05 0.126883 9.9877E-05 9.9877E-05 9.9877E-05 9.9877E-05 0.0595789 9.9877E-05 9.9877E-05
9.98509E-05 9.98509E-05 0.161162 9.98509E-05 9.98509E-05 0.0413676 9.98509E-05 9.98509E-05 0.072749 9.98509E-05 0.654443 9.98509E-05 9.98509E-05 0.0613809 9.98509E-05 0.0052914 9.98509E-05 0.00190821 9.98509E-05 9.98509E-05 9.98509E-05 9.98509E-05 9.98509E-05 9.98509E-05
9.98246E-05 9.98246E-05 9.98246E-05 0.00354377 9.98246E-05 9.98246E-05 9.98246E-05 9.98246E-05 9.98246E-05 0.0459132 9.98246E-05 9.98246E-05 9.98246E-05 9.98246E-05 9.98246E-05 9.98246E-05 0.0317556 9.98246E-05 9.98246E-05 9.98246E-05 9.98246E-05 9.98246E-05 9.98246E-05 0.916791
9.98598E-05 9.98598E-05 9.98598E-05 9.98598E-05 9.98598E-05 9.98598E-05 9.98598E-05 9.98598E-05 9.98598E-05 0.0351465 0.654592 9.98598E-05 0.00430511 0.0957906 0.0191342 0.00374034 9.98598E-05 0.144315 0.0413785 9.98598E-05 9.98598E-05 9.98598E-05 9.98598E-05 9.98598E-05
9.98249E-05 9.98249E-05 9.98249E-05 0.0747458 9.98249E-05 9.98249E-05 9.98249E-05 9.98249E-05 9.98249E-05 9.98249E-05 9.98249E-05 9.98249E-05 0.099102 0.0303593 9.98249E-05 9.98249E-05 9.98249E-05 9.98249E-05 9.98249E-05 9.98249E-05 9.98249E-05 9.98249E-05 9.98249E-05 0.793796
9.98423E-05 9.98423E-05 9.98423E-05 9.98423E-05 9.98423E-05 9.98423E-05 0.0599921 9.98423E-05 9.98423E-05 9.98423E-05 9.98423E-05 9.98423E-05 9.98423E-05 0.0223921 9.98423E-05 0.0629237 9.98423E-05 0.0485476 9.98423E-05 9.98423E-05 0.0583891 9.98423E-05 9.98423E-05 0.745958
9.98246E-05 9.98246E-05 9.98246E-05 0.0110739 9.98246E-05 9.98246E-05 9.98246E-05 9.98246E-05 9.98246E-05 9.98246E-05 9.98246E-05 9.98246E-05 9.98246E-05 9.98246E-05 0.0164837 9.98246E-05 9.98246E-05 9.98246E-05 9.98246E-05 9.98246E-05 0.107704 9.98246E-05 9.98246E-05 0.862742
9.98334E-05 0.0540735 9.98334E-05 0.0340493 9.98334E-05 9.98334E-05 9.98334E-05 9.98334E-05 0.0101851 9.98334E-05 0.860168 9.98334E-05 9.98334E-05 9.98334E-05 9.98334E-05 9.98334E-05 9.98334E-05 9.98334E-05 9.98334E-05 9.98334E-05 9.98334E-05 9.98334E-05 0.0396267 9.98334E-05
9.9842E-05 0.00193892 9.9842E-05 0.0274457 9.9842E-05 9.9842E-05 9.9842E-05 9.9842E-05 9.9842E-05 9.9842E-05 0.930943 9.9842E-05 9.9842E-05 9.9842E-05 0.0112174 9.9842E-05 9.9842E-05 9.9842E-05 0.0249846 9.9842E-05 9.9842E-05 0.00167293 9.9842E-05 9.9842E-05
9.98507E-05 9.98507E-05 0.0115973 0.112628 9.98507E-05 9.98507E-05 9.98507E-05 9.98507E-05 9.98507E-05 0.0141733 9.98507E-05 0.634614 9.98507E-05 9.98507E-05 0.0549645 9.98507E-05 0.142772 9.98507E-05 9.98507E-05 0.027554 9.98507E-05 9.98507E-05 9.98507E-05 9.98507E-05
9.98071E-05 9.98071E-05 9.98071E-05 9.98071E-05 9.98071E-05 9.98071E-05 9.98071E-05 9.98071E-05 0.0338362 9.98071E-05 9.98071E-05 0.963968 9.98071E-05 9.98071E-05 9.98071E-05 9.98071E-05 9.98071E-05 9.98071E-05 9.98071E-05 9.98071E-05 9.98071E-05 9.98071E-05 9.98071E-05 9.98071E-05
9.9807E-05 9.9807E-05 9.9807E-05 9.9807E-05 9.9807E-05 9.9807E-05 9.9807E-05 9.9807E-05 9.9807E-05 0.0285778 9.9807E-05 0.969226 9.9807E-05 9.9807E-05 9.9807E-05 9.9807E-05 9.9807E-05 9.9807E-05 9.9807E-05 9.9807E-05 9.9807E-05 9.9807E-05 9.9807E-05 9.9807E-05
0.235487 0.000860856 9.98596E-05 0.0207342 9.98596E-05 9.98596E-05 9.98596E-05 9.98596E-05 9.98596E-05 0.0385922 9.98596E-05 0.221875 9.98596E-05 9.98596E-05 0.088109 9.98596E-05 0.308256 9.98596E-05 0.0844889 9.98596E-05 9.98596E-05 9.98596E-05 9.98596E-05 9.98596E-05
9.98506E-05 9.98506E-05 0.0638458 0.0453593 9.98506E-05 9.98506E-05 9.98506E-05 9.98506E-05 9.98506E-05 9.98506E-05 9.98506E-05 0.644698 9.98506E-05 0.0255445 0.124235 9.98506E-05 9.98506E-05 9.98506E-05 0.0462104 9.98506E-05 0.0484093 9.98506E-05 9.98506E-05 9.98506E-05
9.98417E-05 9.98417E-05 0.0467763 0.164953 9.98417E-05 9.98417E-05 9.98417E-05 9.98417E-05 9.98417E-05 9.98417E-05 9.98417E-05 0.593261 9.98417E-05 9.98417E-05 0.0454191 9.98417E-05 0.116341 9.98417E-05 9.98417E-05 0.0314519 9.98417E-05 9.98417E-05 9.98417E-05 9.98417E-05
0.268525 0.015707 9.9842E-05 0.0813636 9.9842E-05 9.9842E-05 9.9842E-05 9.9842E-05 0.165835 0.00116887 9.9842E-05 0.465604 9.9842E-05 9.9842E-05 9.9842E-05 9.9842E-05 9.9842E-05 9.9842E-05 9.9842E-05 9.9842E-05 9.9842E-05 9.9842E-05 9.9842E-05 9.9842E-05
0.0338191 9.98507E-05 9.98507E-05 0.100335 9.98507E-05 9.98507E-05 9.98507E-05 9.98507E-05 9.98507E-05 0.20176 9.98507E-05 0.557311 9.98507E-05 9.98507E-05 0.0484075 9.98507E-05 0.0278495 9.98507E-05 0.0288202 9.98507E-05 9.98507E-05 9.98507E-05 9.98507E-05 9.98507E-05
9.98071E-05 9.98071E-05 9.98071E-05 9.98071E-05 9.98071E-05 9.98071E-05 9.98071E-05 9.98071E-05 9.98071E-05 9.98071E-05 9.98071E-05 0.956139 9.98071E-05 9.98071E-05 9.98071E-05 9.98071E-05 0.0416651 9.98071E-05 9.98071E-05 9.98071E-05 9.98071E-05 9.98071E-05 9.98071E-05 9.98071E-05
9.98157E-05 0.0472238 9.98157E-05 9.98157E-05 9.98157E-05 9.98157E-05 9.98157E-05 9.98157E-05 0.058906 9.98157E-05 9.98157E-05 0.891774 9.98157E-05 9.98157E-05 9.98157E-05 9.98157E-05 9.98157E-05 9.98157E-05 9.98157E-05 9.98157E-05 9.98157E-05 9.98157E-05 9.98157E-05 9.98157E-05
9.98331E-05 0.186141 9.98331E-05 0.334866 9.98331E-05 9.98331E-05 9.98331E-05 9.98331E-05 9.98331E-05 9.98331E-05 9.98331E-05 0.422145 9.98331E-05 9.98331E-05 0.0313529 9.98331E-05 9.98331E-05 9.98331E-05 9.98331E-05 9.98331E-05 0.0235982 9.98331E-05 9.98331E-05 9.98331E-05
0.0724103 0.0370269 0.146156 0.0667858 9.98858E-05 9.98858E-05 9.98858E-05 9.98858E-05 0.0135215 9.98858E-05 9.98858E-05 0.438023 0.135208 9.98858E-05 9.98858E-05 9.98858E-05 9.98858E-05 0.00259323 0.00894796 0.0681993 0.00982954 9.98858E-05 9.98858E-05 9.98858E-05
9.98505E-05 0.066229 9.98505E-05 9.98505E-05 9.98505E-05 9.98505E-05 0.04821 9.98505E-05 9.98505E-05 9.98505E-05 9.98505E-05 0.455306 9.98505E-05 9.98505E-05 0.144043 9.98505E-05 9.98505E-05 0.0430884 9.98505E-05 0.118763 9.98505E-05 0.122663 9.98505E-05 9.98505E-05
0.0239391 9.98419E-05 0.142862 0.1948 9.98419E-05 9.98419E-05 9.98419E-05 9.98419E-05 9.98419E-05 9.98419E-05 9.98419E-05 0.58801 9.98419E-05 9.98419E-05 9.98419E-05 9.98419E-05 9.98419E-05 9.98419E-05 9.98419E-05 9.98419E-05 0.0459367 0.00265465 9.98419E-05 9.98419E-05
9.9816E-05 9.9816E-05 9.9816E-05 9.9816E-05 9.9816E-05 9.9816E-05 9.9816E-05 9.9816E-05 9.9816E-05 9.9816E-05 9.9816E-05 0.895258 9.9816E-05 9.9816E-05 9.9816E-05 9.9816E-05 0.0954358 0.00720963 9.9816E-05 9.9816E-05 9.9816E-05 9.9816E-05 9.9816E-05 9.9816E-05
9.9816E-05 9.9816E-05 9.9816E-05 0.0461741 9.9816E-05 9.9816E-05 9.9816E-05 9.9816E-05 0.0801116 9.9816E-05 9.9816E-05 0.871618 9.9816E-05 9.9816E-05 9.9816E-05 9.9816E-05 9.9816E-05 9.9816E-05 9.9816E-05 9.9816E-05 9.9816E-05 9.9816E-05 9.9816E-05 9.9816E-05
9.9842E-05 9.9842E-05 9.9842E-05 0.0330375 9.9842E-05 9.9842E-05 0.0444453 9.9842E-05 9.9842E-05 0.0155914 9.9842E-05 0.708887 9.9842E-05 9.9842E-05 9.9842E-05 9.9842E-05 9.9842E-05 9.9842E-05 0.0960348 9.9842E-05 0.100206 9.9842E-05 9.9842E-05 9.9842E-05
9.98594E-05 0.135104 0.0806115 9.98594E-05 9.98594E-05 9.98594E-05 9.98594E-05 0.0118741 0.037553 9.98594E-05 9.98594E-05 0.577642 9.98594E-05 9.98594E-05 0.0470365 9.98594E-05 9.98594E-05 9.98594E-05 9.98594E-05 0.071168 0.0374124 9.98594E-05 9.98594E-05 9.98594E-05
9.98245E-05 9.98245E-05 9.98245E-05 0.112776 9.98245E-05 9.98245E-05 9.98245E-05 9.98245E-05 9.98245E-05 0.0744155 9.98245E-05 0.754176 9.98245E-05 9.98245E-05 0.0566366 9.98245E-05 9.98245E-05 9.98245E-05 9.98245E-05 9.98245E-05 9.98245E-05 9.98245E-05 9.98245E-05 9.98245E-05
9.98241E-05 0.0174163 9.98241E-05 0.248384 9.98241E-05 9.98241E-05 9.98241E-05 9.98241E-05 9.98241E-05 9.98241E-05 9.98241E-05 0.645392 9.98241E-05 9.98241E-05 9.98241E-05 9.98241E-05 9.98241E-05 0.0868112 9.98241E-05 9.98241E-05 9.98241E-05 9.98241E-05 9.98241E-05 9.98241E-05
9.98073E-05 9.98073E-05 9.98073E-05 9.98073E-05 0.0110045 9.98073E-05 9.98073E-05 9.98073E-05 9.98073E-05 9.98073E-05 9.98073E-05 0.9868 9.98073E-05 9.98073E-05 9.98073E-05 9.98073E-05 9.98073E-05 9.98073E-05 9.98073E-05 9.98073E-05 9.98073E-05 9.98073E-05 9.98073E-05 9.98073E-05
0.0147519 9.98418E-05 0.283054 0.0119918 9.98418E-05 9.98418E-05 0.0382722 9.98418E-05 9.98418E-05 9.98418E-05 9.98418E-05 0.623967 9.98418E-05 9.98418E-05 9.98418E-05 9.98418E-05 9.98418E-05 9.98418E-05 9.98418E-05 9.98418E-05 0.0261663 9.98418E-05 9.98418E-05 9.98418E-05
0.0932692 9.98334E-05 0.100517 0.0616429 9.98334E-05 9.98334E-05 9.98334E-05 9.98334E-05 9.98334E-05 9.98334E-05 9.98334E-05 0.591928 9.98334E-05 9.98334E-05 9.98334E-05 9.98334E-05 0.150747 9.98334E-05 9.98334E-05 9.98334E-05 9.98334E-05 9.98334E-05 9.98334E-05 9.98334E-05
9.98508E-05 9.98508E-05 9.98508E-05 9.98508E-05 9.98508E-05 0.0580701 0.0187616 0.049164 9.98508E-05 0.00387726 9.98508E-05 0.72675 9.98508E-05 9.98508E-05 0.0391017 9.98508E-05 9.98508E-05 9.98508E-05 9.98508E-05 9.98508E-05 0.102578 9.98508E-05 9.98508E-05 9.98508E-05
9.98155E-05 0.076335 9.98155E-05 9.98155E-05 9.98155E-05 9.98155E-05 9.98155E-05 9.98155E-05 9.98155E-05 9.98155E-05 9.98155E-05 0.707671 9.98155E-05 9.98155E-05 9.98155E-05 9.98155E-05 9.98155E-05 9.98155E-05 9.98155E-05 0.213898 9.98155E-05 9.98155E-05 9.98155E-05 9.98155E-05
9.98249E-05 0.00733949 9.98249E-05 0.013796 9.98249E-05 9.98249E-05 9.98249E-05 9.98249E-05 9.98249E-05 9.98249E-05 9.98249E-05 0.946256 9.98249E-05 9.98249E-05 0.0306118 9.98249E-05 9.98249E-05 9.98249E-05 9.98249E-05 9.98249E-05 9.98249E-05 9.98249E-05 9.98249E-05 9.98249E-05
9.98072E-05 9.98072E-05 9.98072E-05 9.98072E-05 9.98072E-05 9.98072E-05 9.98072E-05 9.98072E-05 9.98072E-05 9.98072E-05 9.98072E-05 0.982319 9.98072E-05 9.98072E-05 9.98072E-05 9.98072E-05 9.98072E-05 9.98072E-05 9.98072E-05 0.0154849 9.98072E-05 9.98072E-05 9.98072E-05 9.98072E-05
9.97984E-05 9.97984E-05 9.97984E-05 9.97984E-05 9.97984E-05 9.97984E-05 9.97984E-05 9.97984E-05 9.97984E-05 9.97984E-05 9.97984E-05 0.997705 9.97984E-05 9.97984E-05 9.97984E-05 9.97984E-05 9.97984E-05 9.97984E-05 9.97984E-05 9.97984E-05 9.97984E-05 9.97984E-05 9.97984E-05 9.97984E-05
9.98333E-05 9.98333E-05 9.98333E-05 0.0207926 9.98333E-05 9.98333E-05 9.98333E-05 9.98333E-05 9.98333E-05 0.09657 9.98333E-05 0.828797 9.98333E-05 9.98333E-05 0.0169158 9.98333E-05 9.98333E-05 9.98333E-05 9.98333E-05 0.0350273 9.98333E-05 9.98333E-05 9.98333E-05 9.98333E-05
9.98248E-05 9.98248E-05 9.98248E-05 0.116493 0.15452 9.98248E-05 9.98248E-05 9.98248E-05 9.98248E-05 9.98248E-05 9.98248E-05 0.629287 9.98248E-05 9.98248E-05 0.0977034 9.98248E-05 9.98248E-05 9.98248E-05 9.98248E-05 9.98248E-05 9.98248E-05 9.98248E-05 9.98248E-05 9.98248E-05
9.98245E-05 9.98245E-05 9.98245E-05 0.0910597 9.98245E-05 9.98245E-05 0.597065 9.98245E-05 9.98245E-05 9.98245E-05 9.98245E-05 9.98245E-05 9.98245E-05 9.98245E-05 0.0650697 9.98245E-05 0.244809 9.98245E-05 9.98245E-05 9.98245E-05 9.98245E-05 9.98245E-05 9.98245E-05 9.98245E-05
9.98422E-05 9.98422E-05 9.98422E-05 0.0201846 0.366615 9.98422E-05 0.0257676 9.98422E-05 9.98422E-05 9.98422E-05 0.000388077 9.98422E-05 9.98422E-05 9.98422E-05 0.00663487 9.98422E-05 0.578613 9.98422E-05 9.98422E-05 9.98422E-05 9.98422E-05 9.98422E-05 9.98422E-05 9.98422E-05
9.98156E-05 9.98156E-05 9.98156E-05 9.98156E-05 9.98156E-05 9.98156E-05 0.100103 9.98156E-05 9.98156E-05 9.98156E-05 9.98156E-05 9.98156E-05 9.98156E-05 0.0531798 9.98156E-05 9.98156E-05 0.844621 9.98156E-05 9.98156E-05 9.98156E-05 9.98156E-05 9.98156E-05 9.98156E-05 9.98156E-05
9.98331E-05 9.98331E-05 9.98331E-05 0.10543 9.98331E-05 9.98331E-05 0.265399 9.98331E-05 9.98331E-05 0.0253833 9.98331E-05 9.98331E-05 9.98331E-05 9.98331E-05 0.00633436 9.98331E-05 0.595556 9.98331E-05 9.98331E-05 9.98331E-05 9.98331E-05 9.98331E-05 9.98331E-05 9.98331E-05
9.98331E-05 9.98331E-05 9.98331E-05 9.98331E-05 9.98331E-05 9.98331E-05 0.512888 0.0806619 9.98331E-05 0.0484023 9.98331E-05 9.98331E-05 9.98331E-05 9.98331E-05 0.0256443 9.98331E-05 0.330507 9.98331E-05 9.98331E-05 9.98331E-05 9.98331E-05 9.98331E-05 9.98331E-05 9.98331E-05
0.0202369 9.98333E-05 9.98333E-05 0.156361 9.98333E-05 9.98333E-05 0.652588 9.98333E-05 0.032085 9.98333E-05 9.98333E-05 9.98333E-05 9.98333E-05 9.98333E-05 0.136832 9.98333E-05 9.98333E-05 9.98333E-05 9.98333E-05 9.98333E-05 9.98333E-05 9.98333E-05 9.98333E-05 9.98333E-05
9.9807E-05 9.9807E-05 9.9807E-05 9.9807E-05 9.9807E-05 9.9807E-05 9.9807E-05 9.9807E-05 9.9807E-05 9.9807E-05 9.9807E-05 9.9807E-05 9.9807E-05 9.9807E-05 9.9807E-05 9.9807E-05 0.945153 9.9807E-05 9.9807E-05 0.0526509 9.9807E-05 9.9807E-05 9.9807E-05 9.9807E-05
9.98244E-05 9.98244E-05 9.98244E-05 9.98244E-05 9.98244E-05 9.98244E-05 0.00693694 9.98244E-05 9.98244E-05 0.0297805 9.98244E-05 9.98244E-05 9.98244E-05 9.98244E-05 0.160581 9.98244E-05 0.800706 9.98244E-05 9.98244E-05 9.98244E-05 9.98244E-05 9.98244E-05 9.98244E-05 9.98244E-05
0.252914 9.98244E-05 9.98244E-05 9.98244E-05 9.98244E-05 9.98244E-05 9.98244E-05 9.98244E-05 9.98244E-05 9.98244E-05 9.98244E-05 9.98244E-05 9.98244E-05 9.98244E-05 0.285354 9.98244E-05 0.445741 9.98244E-05 9.98244E-05 0.0139952 9.98244E-05 9.98244E-05 9.98244E-05 9.98244E-05
9.98244E-05 9.98244E-05 9.98244E-05 0.146285 9.98244E-05 9.98244E-05 9.98244E-05 9.98244E-05 9.98244E-05 9.98244E-05 9.98244E-05 9.98244E-05 9.98244E-05 9.98244E-05 0.186575 9.98244E-05 0.610376 9.98244E-05 9.98244E-05 9.98244E-05 9.98244E-05 9.98244E-05 0.0547669 9.98244E-05
0.172016 9.98334E-05 9.98334E-05 0.00994512 0.185272 9.98334E-05 0.404647 9.98334E-05 9.98334E-05 9.98334E-05 9.98334E-05 9.98334E-05 9.98334E-05 9.98334E-05 9.98334E-05 9.98334E-05 0.226223 9.98334E-05 9.98334E-05 9.98334E-05 9.98334E-05 9.98334E-05 9.98334E-05 9.98334E-05
0.100659 0.00114789 9.98422E-05 0.0316714 0.0260027 9.98422E-05 0.719046 9.98422E-05 9.98422E-05 9.98422E-05 9.98422E-05 9.98422E-05 9.98422E-05 9.98422E-05 9.98422E-05 9.98422E-05 0.119676 9.98422E-05 9.98422E-05 9.98422E-05 9.98422E-05 9.98422E-05 9.98422E-05 9.98422E-05
9.98072E-05 9.98072E-05 9.98072E-05 9.98072E-05 9.98072E-05 9.98072E-05 9.98072E-05 9.98072E-05 9.98072E-05 9.98072E-05 9.98072E-05 9.98072E-05 9.98072E-05 9.98072E-05 0.0302169 9.98072E-05 0.967587 9.98072E-05 9.98072E-05 9.98072E-05 9.98072E-05 9.98072E-05 9.98072E-05 9.98072E-05
9.98423E-05 9.98423E-05 9.98423E-05 0.14245 0.0350443 9.98423E-05 0.637688 0.0729443 9.98423E-05 9.98423E-05 9.98423E-05 9.98423E-05 9.98423E-05 9.98423E-05 0.101848 9.98423E-05 9.98423E-05 9.98423E-05 9.98423E-05 9.98423E-05 9.98423E-05 9.98423E-05 0.00822827 9.98423E-05
9.98511E-05 9.98511E-05 9.98511E-05 9.98511E-05 9.98511E-05 9.98511E-05 0.22219 0.0676124 9.98511E-05 0.0547149 9.98511E-05 9.98511E-05 9.98511E-05 9.98511E-05 0.0343441 9.98511E-05 0.582076 9.98511E-05 9.98511E-05 0.0305181 9.98511E-05 9.98511E-05 0.00684728 9.98511E-05
0.0815173 9.98422E-05 9.98422E-05 0.0847062 9.98422E-05 9.98422E-05 0.551759 9.98422E-05 9.98422E-05 9.98422E-05 9.98422E-05 9.98422E-05 9.98422E-05 9.98422E-05 0.045049 9.98422E-05 0.108064 9.98422E-05 9.98422E-05 9.98422E-05 9.98422E-05 9.98422E-05 0.127107 9.98422E-05
0.239756 9.98421E-05 9.98421E-05 0.0729321 9.98421E-05 9.98421E-05 0.264315 9.98421E-05 9.98421E-05 0.0233747 9.98421E-05 9.98421E-05 9.98421E-05 9.98421E-05 9.98421E-05 0.0116005 0.386224 9.98421E-05 9.98421E-05 9.98421E-05 9.98421E-05 9.98421E-05 9.98421E-05 9.98421E-05
9.98335E-05 9.98335E-05 9.98335E-05 9.98335E-05 9.98335E-05 9.98335E-05 0.54552 9.98335E-05 9.98335E-05 9.98335E-05 0.0315722 9.98335E-05 9.98335E-05 9.98335E-05 0.045358 9.98335E-05 0.219952 9.98335E-05 9.98335E-05 9.98335E-05 9.98335E-05 9.98335E-05 0.155701 9.98335E-05
9.98159E-05 0.0444061 9.98159E-05 9.98159E-05 9.98159E-05 9.98159E-05 0.601374 9.98159E-05 9.98159E-05 9.98159E-05 9.98159E-05 9.98159E-05 9.98159E-05 9.98159E-05 9.98159E-05 9.98159E-05 0.352124 9.98159E-05 9.98159E-05 9.98159E-05 9.98159E-05 9.98159E-05 9.98159E-05 9.98159E-05
9.98684E-05 0.00119513 9.98684E-05 0.123473 0.136927 9.98684E-05 0.32066 9.98684E-05 0.00170954 9.98684E-05 9.98684E-05 9.98684E-05 9.98684E-05 9.98684E-05 0.0690387 0.0709754 0.243924 0.0305989 9.98684E-05 9.98684E-05 9.98684E-05 9.98684E-05 9.98684E-05 9.98684E-05
0.0864746 9.98421E-05 9.98421E-05 0.0703253 9.98421E-05 9.98421E-05 0.700537 9.98421E-05 9.98421E-05 9.98421E-05 9.98421E-05 9.98421E-05 9.98421E-05 0.0302775 9.98421E-05 9.98421E-05 0.0555241 9.98421E-05 9.98421E-05 9.98421E-05 9.98421E-05 9.98421E-05 0.0550642 9.98421E-05
9.98332E-05 0.0132356 9.98332E-05 9.98332E-05 9.98332E-05 9.98332E-05 0.572053 9.98332E-05 9.98332E-05 9.98332E-05 9.98332E-05 9.98332E-05 9.98332E-05 9.98332E-05 0.0363804 9.98332E-05 0.349303 9.98332E-05 9.98332E-05 0.0271318 9.98332E-05 9.98332E-05 9.98332E-05 9.98332E-05
9.98245E-05 9.98245E-05 9.98245E-05 0.192273 9.98245E-05 9.98245E-05 0.537674 9.98245E-05 9.98245E-05 9.98245E-05 9.98245E-05 9.98245E-05 9.98245E-05 9.98245E-05 0.233246 0.0348095 9.98245E-05 9.98245E-05 9.98245E-05 9.98245E-05 9.98245E-05 9.98245E-05 9.98245E-05 9.98245E-05
9.98333E-05 9.98333E-05 9.98333E-05 9.98333E-05 0.117571 9.98333E-05 0.349077 9.98333E-05 9.98333E-05 9.98333E-05 9.98333E-05 9.98333E-05 9.98333E-05 0.0245542 0.142698 9.98333E-05 0.364203 9.98333E-05 9.98333E-05 9.98333E-05 9.98333E-05 9.98333E-05 9.98333E-05 9.98333E-05
0.0310425 9.98508E-05 9.98508E-05 0.121309 9.98508E-05 9.98508E-05 0.635992 9.98508E-05 0.00742159 9.98508E-05 9.98508E-05 9.98508E-05 9.98508E-05 9.98508E-05 0.11491 0.0690459 9.98508E-05 9.98508E-05 9.98508E-05 9.98508E-05 9.98508E-05 0.0185818 9.98508E-05 9.98508E-05
0.0571503 9.98335E-05 9.98335E-05 0.0505031 0.0553014 9.98335E-05 9.98335E-05 9.98335E-05 9.98335E-05 9.98335E-05 9.98335E-05 9.98335E-05 9.98335E-05 9.98335E-05 0.0354087 9.98335E-05 0.79974 9.98335E-05 9.98335E-05 9.98335E-05 9.98335E-05 9.98335E-05 9.98335E-05 9.98335E-05
9.98596E-05 9.98596E-05 9.98596E-05 0.0621478 0.492233 0.077367 0.273254 0.00525386 0.0195412 9.98596E-05 9.98596E-05 9.98596E-05 9.98596E-05 0.0402001 9.98596E-05 9.98596E-05 9.98596E-05 9.98596E-05 0.0284048 9.98596E-05 9.98596E-05 9.98596E-05 9.98596E-05 9.98596E-05
9.9833E-05 9.9833E-05 9.9833E-05 0.0587956 9.9833E-05 9.9833E-05 0.143827 9.9833E-05 9.9833E-05 9.9833E-05 9.9833E-05 9.9833E-05 9.9833E-05 9.9833E-05 0.06704 0.0477377 0.680703 9.9833E-05 9.9833E-05 9.9833E-05 9.9833E-05 9.9833E-05 9.9833E-05 9.9833E-05
9.98246E-05 9.98246E-05 9.98246E-05 0.193968 9.98246E-05 9.98246E-05 0.512056 9.98246E-05 9.98246E-05 9.98246E-05 9.98246E-05 9.98246E-05 9.98246E-05 9.98246E-05 0.189639 9.98246E-05 0.10234 9.98246E-05 9.98246E-05 9.98246E-05 9.98246E-05 9.98246E-05 9.98246E-05 9.98246E-05
9.98335E-05 9.98335E-05 9.98335E-05 0.0858251 0.0371718 9.98335E-05 0.532036 9.98335E-05 9.98335E-05 9.98335E-05 9.98335E-05 9.98335E-05 9.98335E-05 0.120244 9.98335E-05 9.98335E-05 0.222826 9.98335E-05 9.98335E-05 9.98335E-05 9.98335E-05 9.98335E-05 9.98335E-05 9.98335E-05
9.98159E-05 0.00455016 9.98159E-05 0.112221 9.98159E-05 9.98159E-05 9.98159E-05 9.98159E-05 9.98159E-05 9.98159E-05 9.98159E-05 9.98159E-05 9.98159E-05 9.98159E-05 9.98159E-05 9.98159E-05 0.881133 9.98159E-05 9.98159E-05 9.98159E-05 9.98159E-05 9.98159E-05 9.98159E-05 9.98159E-05
9.98156E-05 9.98156E-05 9.98156E-05 9.98156E-05 9.98156E-05 9.98156E-05 9.98156E-05 9.98156E-05 9.98156E-05 9.98156E-05 9.98156E-05 9.98156E-05 9.98156E-05 9.98156E-05 9.98156E-05 0.00691939 0.975482 0.0155023 9.98156E-05 9.98156E-05 9.98156E-05 9.98156E-05 9.98156E-05 9.98156E-05
9.98419E-05 9.98419E-05 9.98419E-05 0.0563775 9.98419E-05 9.98419E-05 0.314512 9.98419E-05 9.98419E-05 9.98419E-05 9.98419E-05 9.98419E-05 9.98419E-05 0.0973797 0.157781 0.194457 0.177696 9.98419E-05 9.98419E-05 9.98419E-05 9.98419E-05 9.98419E-05 9.98419E-05 9.98419E-05
9.98506E-05 9.98506E-05 0.0308738 0.0714209 9.98506E-05 9.98506E-05 0.000611453 9.98506E-05 9.98506E-05 9.98506E-05 9.98506E-05 9.98506E-05 0.0181929 9.98506E-05 0.0544618 0.0206674 0.802074 9.98506E-05 9.98506E-05 9.98506E-05 9.98506E-05 9.98506E-05 9.98506E-05 9.98506E-05
9.97983E-05 9.97983E-05 9.97983E-05 9.97983E-05 9.97983E-05 9.97983E-05 9.97983E-05 9.97983E-05 9.97983E-05 9.97983E-05 9.97983E-05 9.97983E-05 9.97983E-05 9.97983E-05 9.97983E-05 9.97983E-05 0.997705 9.97983E-05 9.97983E-05 9.97983E-05 9.97983E-05 9.97983E-05 9.97983E-05 9.97983E-05
0.0474281 9.98508E-05 9.98508E-05 9.98508E-05 0.0633202 9.98508E-05 0.281681 0.00207339 9.98508E-05 9.98508E-05 9.98508E-05 9.98508E-05 9.98508E-05 9.98508E-05 0.0684631 9.98508E-05 0.463398 9.98508E-05 9.98508E-05 9.98508E-05 9.98508E-05 9.98508E-05 0.0719385 9.98508E-05
9.9842E-05 0.0287669 9.9842E-05 0.180145 9.9842E-05 9.9842E-05 0.16753 9.9842E-05 9.9842E-05 9.9842E-05 9.9842E-05 9.9842E-05 9.9842E-05 9.9842E-05 0.0569251 9.9842E-05 0.535472 9.9842E-05 9.9842E-05 0.029364 9.9842E-05 9.9842E-05 9.9842E-05 9.9842E-05
9.98507E-05 9.98507E-05 9.98507E-05 0.0102218 0.405149 9.98507E-05 0.361913 9.98507E-05 0.00569859 9.98507E-05 9.98507E-05 9.98507E-05 9.98507E-05 9.98507E-05 0.0427458 9.98507E-05 0.139675 9.98507E-05 9.98507E-05 9.98507E-05 9.98507E-05 9.98507E-05 0.0329 9.98507E-05
9.98334E-05 9.98334E-05 9.98334E-05 0.101826 0.172738 9.98334E-05 0.655113 9.98334E-05 9.98334E-05 9.98334E-05 9.98334E-05 9.98334E-05 9.98334E-05 9.98334E-05 0.00251175 9.98334E-05 0.0659143 9.98334E-05 9.98334E-05 9.98334E-05 9.98334E-05 9.98334E-05 9.98334E-05 9.98334E-05
9.98248E-05 9.98248E-05 9.98248E-05 9.98248E-05 0.18487 9.98248E-05 0.00747366 9.98248E-05 9.98248E-05 9.98248E-05 9.98248E-05 9.98248E-05 9.98248E-05 0.0186528 9.98248E-05 9.98248E-05 0.787007 9.98248E-05 9.98248E-05 9.98248E-05 9.98248E-05 9.98248E-05 9.98248E-05 9.98248E-05
9.98422E-05 9.98422E-05 9.98422E-05 9.98422E-05 0.284898 9.98422E-05 0.137346 9.98422E-05 9.98422E-05 9.98422E-05 9.98422E-05 9.98422E-05 9.98422E-05 9.98422E-05 0.0309395 0.0381408 0.498289 9.98422E-05 9.98422E-05 0.00858937 9.98422E-05 9.98422E-05 9.98422E-05 9.98422E-05
9.9842E-05 0.0482715 9.9842E-05 0.264879 9.9842E-05 9.9842E-05 0.522198 0.0534152 9.9842E-05 9.9842E-05 9.9842E-05 9.9842E-05 9.9842E-05 9.9842E-05 0.0280483 9.9842E-05 0.0813916 9.9842E-05 9.9842E-05 9.9842E-05 9.9842E-05 9.9842E-05 9.9842E-05 9.9842E-05
9.98245E-05 9.98245E-05 9.98245E-05 9.98245E-05 9.98245E-05 9.98245E-05 0.691743 9.98245E-05 9.98245E-05 9.98245E-05 9.98245E-05 9.98245E-05 0.089882 9.98245E-05 0.0848036 9.98245E-05 0.131575 9.98245E-05 9.98245E-05 9.98245E-05 9.98245E-05 9.98245E-05 9.98245E-05 9.98245E-05
9.98509E-05 9.98509E-05 9.98509E-05 0.103718 0.500764 9.98509E-05 0.199127 9.98509E-05 9.98509E-05 9.98509E-05 0.00114022 9.98509E-05 9.98509E-05 9.98509E-05 0.128634 0.0348558 0.0300629 9.98509E-05 9.98509E-05 9.98509E-05 9.98509E-05 9.98509E-05 9.98509E-05 9.98509E-05
9.98071E-05 9.98071E-05 9.98071E-05 9.98071E-05 0.254625 9.98071E-05 9.98071E-05 9.98071E-05 9.98071E-05 9.98071E-05 9.98071E-05 9.98071E-05 9.98071E-05 9.98071E-05 9.98071E-05 9.98071E-05 0.74318 9.98071E-05 9.98071E-05 9.98071E-05 9.98071E-05 9.98071E-05 9.98071E-05 9.98071E-05
0.141083 9.98682E-05 0.0150392 9.98682E-05 9.98682E-05 9.98682E-05 0.223991 0.0121972 9.98682E-05 0.0084237 9.98682E-05 9.98682E-05 9.98682E-05 0.0320559 0.114146 0.0954738 0.356092 9.98682E-05 9.98682E-05 9.98682E-05 9.98682E-05 9.98682E-05 9.98682E-05 9.98682E-05
9.98421E-05 0.0078964 9.98421E-05 0.0639036 9.98421E-05 9.98421E-05 9.98421E-05 9.98421E-05 9.98421E-05 9.98421E-05 9.98421E-05 0.185905 9.98421E-05 9.98421E-05 0.0806405 9.98421E-05 0.581774 9.98421E-05 9.98421E-05 0.0780828 9.98421E-05 9.98421E-05 9.98421E-05 9.98421E-05
0.108966 9.98511E-05 0.0311866 9.98511E-05 9.98511E-05 0.0867364 0.154339 9.98511E-05 9.98511E-05 9.98511E-05 9.98511E-05 9.98511E-05 9.98511E-05 9.98511E-05 0.119734 9.98511E-05 0.432006 9.98511E-05 9.98511E-05 0.0653345 9.98511E-05 9.98511E-05 9.98511E-05 9.98511E-05
9.98597E-05 0.0165901 0.183941 0.152331 9.98597E-05 9.98597E-05 0.264766 9.98597E-05 9.98597E-05 9.98597E-05 9.98597E-05 9.98597E-05 9.98597E-05 9.98597E-05 0.18222 9.98597E-05 0.184229 9.98597E-05 0.00296441 9.98597E-05 9.98597E-05 0.0113608 9.98597E-05 9.98597E-05
9.98246E-05 9.98246E-05 9.98246E-05 9.98246E-05 0.327814 9.98246E-05 0.0800076 9.98246E-05 9.98246E-05 9.98246E-05 9.98246E-05 9.98246E-05 9.98246E-05 0.0540652 9.98246E-05 9.98246E-05 0.536117 9.98246E-05 9.98246E-05 9.98246E-05 9.98246E-05 9.98246E-05 9.98246E-05 9.98246E-05
9.98507E-05 9.98507E-05 9.98507E-05 0.135539 9.98507E-05 9.98507E-05 0.135811 0.0234526 0.11983 9.98507E-05 9.98507E-05 9.98507E-05 9.98507E-05 9.98507E-05 9.98507E-05 0.0118038 0.547576 9.98507E-05 0.0242893 9.98507E-05 9.98507E-05 9.98507E-05 9.98507E-05 9.98507E-05
0.00551025 9.98508E-05 9.98508E-05 0.00343608 0.507802 9.98508E-05 0.131322 9.98508E-05 9.98508E-05 9.98508E-05 9.98508E-05 9.98508E-05 9.98508E-05 0.0606234 0.122979 9.98508E-05 0.166629 9.98508E-05 9.98508E-05 9.98508E-05 9.98508E-05 9.98508E-05 9.98508E-05 9.98508E-05
9.98422E-05 0.00843721 9.98422E-05 0.130484 0.0721732 9.98422E-05 0.701387 9.98422E-05 9.98422E-05 9.98422E-05 9.98422E-05 9.98422E-05 9.98422E-05 9.98422E-05 0.083266 9.98422E-05 9.98422E-05 9.98422E-05 9.98422E-05 0.00245534 9.98422E-05 9.98422E-05 9.98422E-05 9.98422E-05
9.98332E-05 9.98332E-05 9.98332E-05 9.98332E-05 9.98332E-05 9.98332E-05 0.654353 9.98332E-05 9.98332E-05 9.98332E-05 9.98332E-05 9.98332E-05 9.98332E-05 9.98332E-05 0.0148442 9.98332E-05 0.294857 0.0216183 9.98332E-05 9.98332E-05 9.98332E-05 9.98332E-05 0.0124306 9.98332E-05
9.98155E-05 9.98155E-05 9.98155E-05 9.98155E-05 9.98155E-05 9.98155E-05 0.227299 9.98155E-05 0.0533539 9.98155E-05 9.98155E-05 9.98155E-05 9.98155E-05 9.98155E-05 9.98155E-05 9.98155E-05 0.717251 9.98155E-05 9.98155E-05 9.98155E-05 9.98155E-05 9.98155E-05 9.98155E-05 9.98155E-05
0.254255 9.98331E-05 9.98331E-05 0.0851548 9.98331E-05 9.98331E-05 0.159511 9.98331E-05 9.98331E-05 9.98331E-05 9.98331E-05 9.98331E-05 9.98331E-05 9.98331E-05 0.149276 9.98331E-05 0.349906 9.98331E-05 9.98331E-05 9.98331E-05 9.98331E-05 9.98331E-05 9.98331E-05 9.98331E-05
9.98245E-05 9.98245E-05 9.98245E-05 0.0668351 9.98245E-05 9.98245E-05 0.288762 9.98245E-05 9.98245E-05 9.98245E-05 9.98245E-05 9.98245E-05 9.98245E-05 9.98245E-05 0.136719 9.98245E-05 0.505687 9.98245E-05 9.98245E-05 9.98245E-05 9.98245E-05 9.98245E-05 9.98245E-05 9.98245E-05
9.98244E-05 9.98244E-05 9.98244E-05 9.98244E-05 9.98244E-05 9.98244E-05 0.233905 0.0142036 9.98244E-05 9.98244E-05 9.98244E-05 9.98244E-05 9.98244E-05 9.98244E-05 0.0741433 9.98244E-05 0.675751 9.98244E-05 9.98244E-05 9.98244E-05 9.98244E-05 9.98244E-05 9.98244E-05 9.98244E-05
