0.198007 0.571323 9.99824E-05 9.99824E-05 0.230471
0.0088087 0.89962 0.0235837 9.99912E-05 0.0678876
9.99736E-05 0.949715 9.99736E-05 0.0499847 9.99736E-05
0.108449 0.348431 0.134213 0.252647 0.15626
9.99737E-05 0.876448 9.99737E-05 0.123252 9.99737E-05
0.00519278 0.275337 9.99912E-05 0.265974 0.453396
0.0896335 0.468988 9.99912E-05 0.350171 0.0911076
0.0665243 0.223245 9.99912E-05 0.440836 0.269295
9.999E-05 0.231897 0.0622059 0.0919192 0.613878
9.997E-05 0.9996 9.997E-05 9.997E-05 9.997E-05
0.142252 0.669349 0.021282 9.99912E-05 0.167017
9.99824E-05 0.905845 0.0585021 0.0354527 9.99824E-05
9.99736E-05 0.975821 9.99736E-05 9.99736E-05 0.023879
0.0852014 0.680848 9.99912E-05 0.000337922 0.233513
9.999E-05 0.465575 0.0153942 0.0834434 0.435488
0.0140982 0.282269 9.99912E-05 0.413182 0.290351
0.0793294 0.728144 9.99912E-05 0.112747 0.07968
0.132258 0.310393 0.179775 0.108142 0.269431
0.0992709 0.481275 0.0271235 0.147183 0.245147
9.99737E-05 0.9108 0.0888997 9.99737E-05 9.99737E-05
0.0339531 0.511883 9.99912E-05 0.271629 0.182436
0.0409705 0.318382 9.99912E-05 0.325987 0.314561
0.0628336 0.794352 0.00523951 9.99912E-05 0.137474
9.99824E-05 0.471306 9.99824E-05 0.230707 0.297787
0.00885316 0.396064 0.216454 0.0229749 0.355655
9.99824E-05 0.753574 9.99824E-05 0.0687923 0.177434
0.1465 0.0783105 9.99912E-05 0.20582 0.569269
0.0145222 0.86923 9.99912E-05 0.054751 0.061397
9.99824E-05 0.783533 0.0557649 9.99824E-05 0.160503
0.0119638 0.721284 9.99912E-05 0.0497866 0.216866
0.137369 0.771301 0.086167 9.99912E-05 0.00506315
9.99825E-05 0.608402 9.99825E-05 0.102096 0.289302
0.0684358 0.589257 9.99912E-05 0.0745133 0.267694
0.0619071 0.530347 0.070427 0.0394855 0.297834
0.0230481 0.911377 0.0573503 9.99912E-05 0.00812492
0.0725525 0.836956 0.00726514 0.0444078 0.038819
9.99737E-05 0.941609 9.99737E-05 0.0580907 9.99737E-05
9.99824E-05 0.677565 0.165459 9.99824E-05 0.156776
9.99912E-05 0.586491 0.00974695 0.0718361 0.331826
9.99824E-05 0.569483 9.99824E-05 0.25131 0.179007
9.99737E-05 0.897553 9.99737E-05 0.102147 9.99737E-05
9.99824E-05 0.777915 0.0394709 9.99824E-05 0.182415
0.00852494 0.972602 9.99824E-05 0.0186732 9.99824E-05
0.0455531 0.560038 0.00649747 0.0151597 0.372752
9.99912E-05 0.45381 0.067338 0.293063 0.185689
9.99736E-05 0.886666 0.113034 9.99736E-05 9.99736E-05
0.0779336 0.878634 9.99824E-05 9.99824E-05 0.0432327
9.99737E-05 0.992065 0.0076349 9.99737E-05 9.99737E-05
0.115412 0.843524 9.99912E-05 0.0324356 0.00852839
9.99825E-05 0.749275 0.0124825 0.238043 9.99825E-05
0.123972 0.394339 0.0418752 0.042411 0.397402
9.99825E-05 0.67926 0.0773733 0.243167 9.99825E-05
0.0263779 0.927433 9.99824E-05 9.99824E-05 0.0459887
0.0701509 0.700867 0.0571997 0.15974 0.0120426
9.99912E-05 0.793224 0.0148892 0.104752 0.0870341
0.0229509 0.762021 0.149979 0.0649493 9.99912E-05
0.037097 0.821364 9.99912E-05 0.137403 0.00403655
0.0872493 0.912451 9.99737E-05 9.99737E-05 9.99737E-05
0.0545496 0.94515 9.99737E-05 9.99737E-05 9.99737E-05
0.162381 0.239173 9.99824E-05 9.99824E-05 0.598246
9.99825E-05 0.514866 9.99825E-05 0.268542 0.216393
0.211383 0.477947 9.99912E-05 0.0177199 0.29285
0.131889 9.99825E-05 0.0498296 9.99825E-05 0.818081
0.105687 0.221792 0.0421259 0.228908 0.401487
0.168278 0.0404058 9.99824E-05 9.99824E-05 0.791116
0.19713 0.137119 0.0198358 0.00112294 0.644792
0.297018 9.99824E-05 9.99824E-05 0.0300213 0.67276
0.0943866 0.371201 9.99825E-05 9.99825E-05 0.534213
0.0911129 0.387233 9.99912E-05 0.171138 0.350416
0.290949 9.99824E-05 0.0597328 9.99824E-05 0.649119
0.130887 0.160213 9.99912E-05 0.335755 0.373044
0.181505 0.0161236 9.99912E-05 0.291129 0.511143
9.99824E-05 0.153082 9.99824E-05 0.244085 0.602632
0.0600712 0.376524 9.99912E-05 0.0984809 0.464824
0.125852 0.305484 9.99912E-05 0.0662417 0.502323
0.0498992 0.0558025 9.99912E-05 0.370717 0.523482
0.313187 0.223145 9.99912E-05 0.123608 0.33996
0.249899 0.322039 9.99912E-05 0.000583883 0.427378
0.212207 9.99912E-05 0.0816252 0.112822 0.593246
9.99825E-05 0.503278 9.99825E-05 0.136745 0.359777
0.0228387 0.230443 9.99912E-05 0.215584 0.531034
0.0586002 0.333927 9.99825E-05 9.99825E-05 0.607272
0.129863 0.235422 9.99912E-05 0.278299 0.356316
0.349145 0.304378 0.00949384 9.99912E-05 0.336883
0.0276692 0.45028 0.0154394 9.99912E-05 0.506512
0.0766927 0.554374 9.99912E-05 0.0453627 0.323471
9.99825E-05 0.412876 9.99825E-05 0.144467 0.442457
0.229384 0.416039 9.99824E-05 9.99824E-05 0.354377
9.99737E-05 0.359172 9.99737E-05 9.99737E-05 0.640528
9.997E-05 9.997E-05 9.997E-05 9.997E-05 0.9996
9.99737E-05 0.0433673 9.99737E-05 9.99737E-05 0.956333
0.0661048 9.99824E-05 9.99824E-05 0.00365782 0.930037
0.101749 9.99736E-05 9.99736E-05 9.99736E-05 0.897951
0.0486621 9.99824E-05 0.0830519 9.99824E-05 0.868086
9.997E-05 9.997E-05 9.997E-05 9.997E-05 0.9996
0.117992 9.99737E-05 9.99737E-05 9.99737E-05 0.881708
9.997E-05 9.997E-05 9.997E-05 9.997E-05 0.9996
9.997E-05 9.997E-05 9.997E-05 9.997E-05 0.9996
9.99736E-05 9.99736E-05 0.0438125 9.99736E-05 0.955888
9.997E-05 9.997E-05 9.997E-05 9.997E-05 0.9996
0.0415131 9.99825E-05 0.0169878 9.99825E-05 0.941299
0.0177663 9.99737E-05 9.99737E-05 9.99737E-05 0.981934
0.00664616 9.99737E-05 9.99737E-05 9.99737E-05 0.993054
0.179867 9.99825E-05 0.0588528 9.99825E-05 0.76108
0.0597407 9.99824E-05 0.0629704 9.99824E-05 0.877089
9.99737E-05 9.99737E-05 0.0526186 9.99737E-05 0.947081
0.00540904 9.99825E-05 9.99825E-05 0.124584 0.869807
0.0470013 9.99825E-05 0.0450381 9.99825E-05 0.907761
0.0473545 9.99825E-05 0.0685734 9.99825E-05 0.883872
9.99737E-05 9.99737E-05 9.99737E-05 0.00522462 0.994475
0.0907564 9.99736E-05 9.99736E-05 9.99736E-05 0.908944
9.99736E-05 9.99736E-05 0.124325 9.99736E-05 0.875376
9.99737E-05 9.99737E-05 0.0028102 9.99737E-05 0.99689
9.99824E-05 9.99824E-05 0.137786 0.00885416 0.85316
9.997E-05 9.997E-05 9.997E-05 9.997E-05 0.9996
9.99825E-05 0.116225 0.114989 9.99825E-05 0.768585
9.99736E-05 9.99736E-05 0.110485 9.99736E-05 0.889215
9.997E-05 9.997E-05 9.997E-05 9.997E-05 0.9996
0.0330076 9.99825E-05 0.119723 9.99825E-05 0.84707
9.99737E-05 9.99737E-05 0.0570038 9.99737E-05 0.942696
0.0956753 9.99824E-05 0.0742204 9.99824E-05 0.829904
0.0204732 9.99824E-05 0.239603 9.99824E-05 0.739724
9.99736E-05 9.99736E-05 0.204011 9.99736E-05 0.79569
9.99737E-05 9.99737E-05 0.0310051 9.99737E-05 0.968695
0.0721045 9.99737E-05 9.99737E-05 9.99737E-05 0.927596
0.0781896 9.99824E-05 0.0185681 9.99824E-05 0.903042
9.99737E-05 9.99737E-05 0.00939307 9.99737E-05 0.990307
9.99737E-05 9.99737E-05 0.0532511 9.99737E-05 0.946449
9.99738E-05 9.99738E-05 0.0286911 9.99738E-05 0.971009
9.99737E-05 9.99737E-05 0.0564225 9.99737E-05 0.943278
9.99736E-05 9.99736E-05 0.0206247 9.99736E-05 0.979075
9.99737E-05 9.99737E-05 9.99737E-05 0.0439873 0.955713
9.99738E-05 0.103606 9.99738E-05 9.99738E-05 0.896094
9.99737E-05 0.0175725 9.99737E-05 9.99737E-05 0.982128
0.0128877 9.99824E-05 0.162811 9.99824E-05 0.824101
0.206742 9.99737E-05 9.99737E-05 9.99737E-05 0.792958
0.0198934 9.99912E-05 0.00376894 0.147353 0.828885
0.098898 9.99824E-05 9.99824E-05 0.0277092 0.873193
9.99825E-05 0.00315434 0.0154646 9.99825E-05 0.981181
9.99824E-05 9.99824E-05 0.0640828 0.155213 0.780504
9.997E-05 9.997E-05 9.997E-05 9.997E-05 0.9996
0.0324567 9.99737E-05 9.99737E-05 9.99737E-05 0.967243
9.99737E-05 9.99737E-05 9.99737E-05 0.0685083 0.931192
0.157427 9.99824E-05 0.069874 9.99824E-05 0.772499
9.99736E-05 9.99736E-05 0.021609 9.99736E-05 0.978091
9.997E-05 9.997E-05 9.997E-05 9.997E-05 0.9996
9.99824E-05 9.99824E-05 0.0173 0.081412 0.901088
9.99737E-05 9.99737E-05 0.198753 9.99737E-05 0.800947
9.99737E-05 9.99737E-05 0.010635 9.99737E-05 0.989065
9.99736E-05 9.99736E-05 0.131162 9.99736E-05 0.868538
9.997E-05 9.997E-05 9.997E-05 9.997E-05 0.9996
9.99736E-05 9.99736E-05 0.0846104 9.99736E-05 0.91509
9.997E-05 9.997E-05 9.997E-05 9.997E-05 0.9996
9.997E-05 9.997E-05 9.997E-05 9.997E-05 0.9996
9.997E-05 9.997E-05 9.997E-05 9.997E-05 0.9996
9.997E-05 9.997E-05 9.997E-05 9.997E-05 0.9996
9.997E-05 9.997E-05 9.997E-05 9.997E-05 0.9996
9.997E-05 9.997E-05 9.997E-05 9.997E-05 0.9996
9.99736E-05 9.99736E-05 0.166587 9.99736E-05 0.833113
9.99736E-05 9.99736E-05 0.132346 9.99736E-05 0.867354
9.99736E-05 9.99736E-05 0.0968912 9.99736E-05 0.902809
9.997E-05 9.997E-05 9.997E-05 9.997E-05 0.9996
9.997E-05 9.997E-05 9.997E-05 9.997E-05 0.9996
9.99736E-05 9.99736E-05 0.125475 9.99736E-05 0.874225
9.99736E-05 9.99736E-05 0.0641304 9.99736E-05 0.93557
0.0188887 9.99912E-05 0.113333 0.213701 0.653977
9.99736E-05 9.99736E-05 0.127783 9.99736E-05 0.871917
9.997E-05 9.997E-05 9.997E-05 9.997E-05 0.9996
9.99736E-05 9.99736E-05 0.062021 9.99736E-05 0.937679
9.99736E-05 9.99736E-05 0.0404037 9.99736E-05 0.959296
9.99736E-05 9.99736E-05 0.127356 9.99736E-05 0.872344
9.997E-05 9.997E-05 9.997E-05 9.997E-05 0.9996
9.99736E-05 9.99736E-05 0.0741675 9.99736E-05 0.925533
9.997E-05 9.997E-05 9.997E-05 9.997E-05 0.9996
9.99736E-05 9.99736E-05 0.0819431 9.99736E-05 0.917757
9.99736E-05 9.99736E-05 0.0847018 9.99736E-05 0.914998
9.997E-05 9.997E-05 9.997E-05 9.997E-05 0.9996
9.997E-05 9.997E-05 9.997E-05 9.997E-05 0.9996
9.997E-05 9.997E-05 9.997E-05 9.997E-05 0.9996
9.99736E-05 9.99736E-05 0.197611 9.99736E-05 0.802089
9.99736E-05 9.99736E-05 0.165278 9.99736E-05 0.834422
9.99736E-05 9.99736E-05 0.0856566 9.99736E-05 0.914043
9.99736E-05 9.99736E-05 0.0833618 9.99736E-05 0.916338
9.99736E-05 9.99736E-05 0.0722482 9.99736E-05 0.927452
9.997E-05 9.997E-05 9.997E-05 9.997E-05 0.9996
9.997E-05 9.997E-05 9.997E-05 9.997E-05 0.9996
9.997E-05 9.997E-05 9.997E-05 9.997E-05 0.9996
9.99736E-05 9.99736E-05 0.0694123 9.99736E-05 0.930288
9.997E-05 9.997E-05 9.997E-05 9.997E-05 0.9996
9.997E-05 9.997E-05 9.997E-05 9.997E-05 0.9996
9.997E-05 9.997E-05 9.997E-05 9.997E-05 0.9996
9.997E-05 9.997E-05 9.997E-05 9.997E-05 0.9996
9.99736E-05 9.99736E-05 0.0856566 9.99736E-05 0.914043
9.997E-05 9.997E-05 9.997E-05 9.997E-05 0.9996
9.997E-05 9.997E-05 9.997E-05 9.997E-05 0.9996
9.99824E-05 9.99824E-05 0.185011 0.21248 0.602309
9.99736E-05 9.99736E-05 0.194755 9.99736E-05 0.804945
9.997E-05 9.997E-05 9.997E-05 9.997E-05 0.9996
9.997E-05 9.997E-05 9.997E-05 9.997E-05 0.9996
9.997E-05 9.997E-05 9.997E-05 9.997E-05 0.9996
9.997E-05 9.997E-05 9.997E-05 9.997E-05 0.9996
9.99736E-05 9.99736E-05 0.0959954 9.99736E-05 0.903705
9.997E-05 9.997E-05 9.997E-05 9.997E-05 0.9996
9.99736E-05 9.99736E-05 0.0913911 9.99736E-05 0.908309
9.997E-05 9.997E-05 9.997E-05 9.997E-05 0.9996
9.99736E-05 9.99736E-05 0.0825032 9.99736E-05 0.917197
9.997E-05 9.997E-05 9.997E-05 9.997E-05 0.9996
9.997E-05 9.997E-05 9.997E-05 9.997E-05 0.9996
9.997E-05 9.997E-05 9.997E-05 9.997E-05 0.9996
9.997E-05 9.997E-05 9.997E-05 9.997E-05 0.9996
9.997E-05 9.997E-05 9.997E-05 9.997E-05 0.9996
9.997E-05 9.997E-05 9.997E-05 9.997E-05 0.9996
9.99736E-05 9.99736E-05 0.0741549 9.99736E-05 0.925545
9.99736E-05 9.99736E-05 0.0177301 9.99736E-05 0.98197
9.99736E-05 9.99736E-05 0.124805 9.99736E-05 0.874895
9.997E-05 9.997E-05 9.997E-05 9.997E-05 0.9996
9.99736E-05 9.99736E-05 0.117372 9.99736E-05 0.882328
9.99736E-05 9.99736E-05 0.157884 9.99736E-05 0.841816
9.99736E-05 9.99736E-05 0.104276 9.99736E-05 0.895424
9.997E-05 9.997E-05 9.997E-05 9.997E-05 0.9996
9.997E-05 9.997E-05 9.997E-05 9.997E-05 0.9996
9.997E-05 9.997E-05 9.997E-05 9.997E-05 0.9996
9.99736E-05 9.99736E-05 0.175963 9.99736E-05 0.823737
9.997E-05 9.997E-05 9.997E-05 9.997E-05 0.9996
9.997E-05 9.997E-05 9.997E-05 9.997E-05 0.9996
9.99736E-05 9.99736E-05 0.193951 9.99736E-05 0.805749
9.997E-05 9.997E-05 9.997E-05 9.997E-05 0.9996
9.997E-05 9.997E-05 9.997E-05 9.997E-05 0.9996
0.194411 9.99824E-05 0.0331007 9.99824E-05 0.772288
9.99736E-05 9.99736E-05 0.118771 9.99736E-05 0.880929
9.997E-05 9.997E-05 9.997E-05 9.997E-05 0.9996
0.0523947 9.99737E-05 9.99737E-05 9.99737E-05 0.947305
9.99824E-05 9.99824E-05 0.0209471 0.0816183 0.897235
9.99736E-05 9.99736E-05 0.0447381 9.99736E-05 0.954962
0.0116156 9.99912E-05 0.112457 0.154713 0.721114
9.997E-05 9.997E-05 9.997E-05 9.997E-05 0.9996
9.99738E-05 0.0641673 9.99738E-05 9.99738E-05 0.935533
9.99824E-05 9.99824E-05 0.0319541 0.0253675 0.942478
0.0385546 9.99824E-05 0.176582 9.99824E-05 0.784663
9.997E-05 9.997E-05 9.997E-05 9.997E-05 0.9996
9.99737E-05 9.99737E-05 9.99737E-05 0.226227 0.773473
0.0506013 9.99737E-05 9.99737E-05 9.99737E-05 0.949099
9.997E-05 9.997E-05 9.997E-05 9.997E-05 0.9996
9.99737E-05 9.99737E-05 9.99737E-05 0.109474 0.890226
0.1024 9.99736E-05 9.99736E-05 9.99736E-05 0.8973
9.99736E-05 9.99736E-05 0.0526387 9.99736E-05 0.947061
0.0350668 9.99824E-05 9.99824E-05 0.0466064 0.918127
9.997E-05 9.997E-05 9.997E-05 9.997E-05 0.9996
0.0846176 9.99824E-05 0.0935134 9.99824E-05 0.821669
0.00676629 9.99824E-05 0.118369 9.99824E-05 0.874664
9.99736E-05 9.99736E-05 9.99736E-05 0.0432537 0.956446
0.0150231 9.99824E-05 0.0934387 9.99824E-05 0.891338
9.99737E-05 9.99737E-05 9.99737E-05 0.135842 0.863858
0.0785097 9.99912E-05 0.0929814 0.058104 0.770305
0.0432726 9.99824E-05 0.0612983 9.99824E-05 0.895229
0.154855 9.99737E-05 9.99737E-05 9.99737E-05 0.844845
9.997E-05 9.997E-05 9.997E-05 9.997E-05 0.9996
9.99824E-05 9.99824E-05 0.0600685 0.16258 0.777151
9.99736E-05 9.99736E-05 0.0129299 9.99736E-05 0.98677
0.0149198 9.99912E-05 0.122428 0.0751631 0.787389
0.0931853 9.99824E-05 0.11449 9.99824E-05 0.792125
9.99736E-05 9.99736E-05 9.99736E-05 0.0875683 0.912132
9.997E-05 9.997E-05 9.997E-05 9.997E-05 0.9996
9.99736E-05 9.99736E-05 0.0461966 9.99736E-05 0.953503
0.084355 9.99736E-05 9.99736E-05 9.99736E-05 0.915345
0.161304 9.99736E-05 9.99736E-05 9.99736E-05 0.838396
9.997E-05 9.997E-05 9.997E-05 9.997E-05 0.9996
9.997E-05 9.997E-05 9.997E-05 9.997E-05 0.9996
0.078663 9.99824E-05 9.99824E-05 0.191704 0.729433
0.181548 9.99824E-05 0.0680956 9.99824E-05 0.750156
9.99736E-05 9.99736E-05 9.99736E-05 0.230116 0.769584
0.103611 9.99824E-05 0.00166346 9.99824E-05 0.894526
9.99824E-05 9.99824E-05 0.083176 0.0949981 0.821626
9.99736E-05 9.99736E-05 9.99736E-05 0.0873595 0.912341
9.99736E-05 9.99736E-05 9.99736E-05 0.0172634 0.982437
9.997E-05 9.997E-05 9.997E-05 9.997E-05 0.9996
9.997E-05 9.997E-05 9.997E-05 9.997E-05 0.9996
9.997E-05 9.997E-05 9.997E-05 9.997E-05 0.9996
0.010294 9.99824E-05 0.0342141 9.99824E-05 0.955292
9.997E-05 9.997E-05 9.997E-05 9.997E-05 0.9996
0.0230878 9.99824E-05 9.99824E-05 0.182509 0.794204
9.997E-05 9.997E-05 9.997E-05 9.997E-05 0.9996
0.0928109 9.99737E-05 9.99737E-05 9.99737E-05 0.906889
0.046328 9.99824E-05 9.99824E-05 0.0391409 0.914331
9.997E-05 9.997E-05 9.997E-05 9.997E-05 0.9996
9.99737E-05 9.99737E-05 9.99737E-05 0.394079 0.605621
9.997E-05 9.997E-05 9.997E-05 9.997E-05 0.9996
0.0362764 9.99738E-05 9.99738E-05 9.99738E-05 0.963424
9.997E-05 9.997E-05 9.997E-05 9.997E-05 0.9996
9.99737E-05 9.99737E-05 0.019551 9.99737E-05 0.980149
9.997E-05 9.997E-05 9.997E-05 9.997E-05 0.9996
0.0061107 9.99737E-05 9.99737E-05 9.99737E-05 0.993589
9.99825E-05 0.0574679 9.99825E-05 0.0168271 0.925505
9.99825E-05 0.128913 0.0695395 9.99825E-05 0.801347
0.105898 9.99736E-05 9.99736E-05 9.99736E-05 0.893802
9.99736E-05 9.99736E-05 0.0838287 9.99736E-05 0.915871
9.99737E-05 9.99737E-05 0.0235107 9.99737E-05 0.976189
9.997E-05 9.997E-05 9.997E-05 9.997E-05 0.9996
9.99824E-05 9.99824E-05 0.0593008 0.00865546 0.931844
0.0592362 9.99824E-05 0.0402651 9.99824E-05 0.900299
9.99737E-05 9.99737E-05 0.0377424 9.99737E-05 0.961958
9.99737E-05 9.99737E-05 0.0643498 9.99737E-05 0.93535
9.99738E-05 0.166542 9.99738E-05 9.99738E-05 0.833158
9.997E-05 9.997E-05 9.997E-05 9.997E-05 0.9996
0.102565 9.99912E-05 0.119693 0.0419454 0.735697
9.997E-05 9.997E-05 9.997E-05 9.997E-05 0.9996
9.997E-05 9.997E-05 9.997E-05 9.997E-05 0.9996
9.99737E-05 0.0923257 9.99737E-05 9.99737E-05 0.907374
0.0205215 9.99824E-05 0.0349428 9.99824E-05 0.944336
9.997E-05 9.997E-05 9.997E-05 9.997E-05 0.9996
0.0779753 9.99736E-05 9.99736E-05 9.99736E-05 0.921725
0.00172436 9.99912E-05 0.0183883 0.137711 0.842076
0.035044 9.99912E-05 0.122996 0.0410597 0.800801
9.99738E-05 0.182613 9.99738E-05 9.99738E-05 0.817087
0.0380765 9.99737E-05 9.99737E-05 9.99737E-05 0.961624
9.99737E-05 9.99737E-05 0.253539 9.99737E-05 0.746161
0.000208285 9.99825E-05 0.061488 9.99825E-05 0.938104
0.143726 9.99824E-05 0.0821041 9.99824E-05 0.77397
0.0123346 9.99736E-05 9.99736E-05 9.99736E-05 0.987365
9.99737E-05 9.99737E-05 0.064627 9.99737E-05 0.935073
9.99736E-05 9.99736E-05 0.084788 9.99736E-05 0.914912
0.0180054 9.99825E-05 0.240578 9.99825E-05 0.741217
0.07286 9.99736E-05 9.99736E-05 9.99736E-05 0.92684
9.997E-05 9.997E-05 9.997E-05 9.997E-05 0.9996
0.112282 9.99824E-05 0.122182 9.99824E-05 0.765336
9.997E-05 9.997E-05 9.997E-05 9.997E-05 0.9996
9.997E-05 9.997E-05 9.997E-05 9.997E-05 0.9996
9.99824E-05 9.99824E-05 0.0537554 0.0804683 0.865576
0.0879038 9.99736E-05 9.99736E-05 9.99736E-05 0.911796
0.13631 9.99737E-05 9.99737E-05 9.99737E-05 0.863391
9.99824E-05 9.99824E-05 0.087149 0.0779752 0.834676
0.187394 9.99912E-05 0.0693624 0.18132 0.561824
9.99736E-05 9.99736E-05 0.0332407 9.99736E-05 0.966459
0.0622076 9.99824E-05 0.235489 9.99824E-05 0.702104
9.99737E-05 0.0310324 9.99737E-05 9.99737E-05 0.968668
9.99737E-05 0.0751795 9.99737E-05 9.99737E-05 0.924521
9.997E-05 9.997E-05 9.997E-05 9.997E-05 0.9996
0.18459 9.99824E-05 0.0765153 9.99824E-05 0.738695
9.997E-05 9.997E-05 9.997E-05 9.997E-05 0.9996
9.99738E-05 0.0413592 9.99738E-05 9.99738E-05 0.958341
0.0432132 9.99825E-05 0.0984559 9.99825E-05 0.858131
0.0307558 9.99824E-05 0.0748024 9.99824E-05 0.894242
9.99825E-05 0.00666095 0.0701749 9.99825E-05 0.922964
9.997E-05 9.997E-05 9.997E-05 9.997E-05 0.9996
9.99737E-05 9.99737E-05 9.99737E-05 0.123486 0.876214
9.99824E-05 9.99824E-05 0.278893 0.0102022 0.710705
9.997E-05 9.997E-05 9.997E-05 9.997E-05 0.9996
9.99736E-05 9.99736E-05 0.00634316 9.99736E-05 0.993357
0.12947 9.99824E-05 0.060187 9.99824E-05 0.810143
0.0467345 9.99825E-05 0.0611513 9.99825E-05 0.891914
0.00107825 9.99912E-05 0.0585308 0.183088 0.757203
0.145149 9.99736E-05 9.99736E-05 9.99736E-05 0.854551
0.117433 9.99736E-05 9.99736E-05 9.99736E-05 0.882267
9.99736E-05 9.99736E-05 0.0382944 9.99736E-05 0.961406
0.0177022 9.99824E-05 9.99824E-05 0.152069 0.830029
9.99737E-05 0.0219777 9.99737E-05 9.99737E-05 0.977722
0.133749 9.99824E-05 0.00660308 9.99824E-05 0.859448
9.99737E-05 9.99737E-05 0.099056 9.99737E-05 0.900644
9.99738E-05 0.0299299 9.99738E-05 9.99738E-05 0.96977
0.116934 9.99824E-05 0.00968949 9.99824E-05 0.873177
9.99736E-05 9.99736E-05 0.0664617 9.99736E-05 0.933238
9.99824E-05 0.00657523 9.99824E-05 0.207646 0.785579
0.00669072 9.99824E-05 9.99824E-05 0.184986 0.808123
9.99736E-05 9.99736E-05 9.99736E-05 0.27184 0.72786
0.0537088 0.0254686 9.99912E-05 0.163098 0.757625
0.0923182 9.99912E-05 0.04559 0.221823 0.640169
9.99825E-05 0.336636 9.99825E-05 0.0181601 0.645003
9.99737E-05 9.99737E-05 9.99737E-05 0.198925 0.800775
0.0474379 0.0240661 9.99912E-05 0.319664 0.608732
9.99825E-05 0.324521 9.99825E-05 0.15512 0.520159
9.99736E-05 9.99736E-05 9.99736E-05 0.173617 0.826083
0.140731 9.99912E-05 0.0140017 0.10985 0.735318
0.0450053 0.20897 0.137476 9.99912E-05 0.608449
9.99737E-05 9.99737E-05 9.99737E-05 0.240257 0.759443
9.99825E-05 0.408032 9.99825E-05 0.044001 0.547767
0.161235 0.103422 9.99912E-05 0.0319272 0.703315
9.99736E-05 9.99736E-05 9.99736E-05 0.201765 0.797935
0.157262 0.0100177 9.99912E-05 0.158509 0.674111
9.99912E-05 0.0836708 0.0242814 0.189204 0.702744
0.0558382 0.0094324 0.0380252 0.245686 0.651018
9.99824E-05 0.0574935 9.99824E-05 0.223247 0.719059
0.110973 0.0576879 9.99824E-05 9.99824E-05 0.831139
9.99824E-05 0.191967 9.99824E-05 0.157646 0.650187
0.102788 0.181475 0.105351 9.99912E-05 0.610286
0.173581 9.99737E-05 9.99737E-05 9.99737E-05 0.826119
9.997E-05 9.997E-05 9.997E-05 9.997E-05 0.9996
9.997E-05 9.997E-05 9.997E-05 9.997E-05 0.9996
9.99736E-05 9.99736E-05 9.99736E-05 0.0387042 0.960996
9.997E-05 9.997E-05 9.997E-05 9.997E-05 0.9996
9.997E-05 9.997E-05 9.997E-05 9.997E-05 0.9996
0.0752134 9.99736E-05 9.99736E-05 9.99736E-05 0.924487
9.99737E-05 0.0102691 9.99737E-05 9.99737E-05 0.989431
0.05635 9.99737E-05 9.99737E-05 9.99737E-05 0.94335
0.0368101 9.99736E-05 9.99736E-05 9.99736E-05 0.96289
0.0469837 9.99736E-05 9.99736E-05 9.99736E-05 0.952716
9.99737E-05 9.99737E-05 9.99737E-05 0.0360417 0.963658
0.0204152 9.99736E-05 9.99736E-05 9.99736E-05 0.979285
9.997E-05 9.997E-05 9.997E-05 9.997E-05 0.9996
9.997E-05 9.997E-05 9.997E-05 9.997E-05 0.9996
9.997E-05 9.997E-05 9.997E-05 9.997E-05 0.9996
0.0116617 9.99736E-05 9.99736E-05 9.99736E-05 0.988038
9.997E-05 9.997E-05 9.997E-05 9.997E-05 0.9996
9.997E-05 9.997E-05 9.997E-05 9.997E-05 0.9996
0.0459276 9.99737E-05 9.99737E-05 9.99737E-05 0.953773
9.997E-05 9.997E-05 9.997E-05 9.997E-05 0.9996
0.0443789 9.99737E-05 9.99737E-05 9.99737E-05 0.955321
9.997E-05 9.997E-05 9.997E-05 9.997E-05 0.9996
9.99737E-05 9.99737E-05 0.0496663 9.99737E-05 0.950034
0.0945037 9.99737E-05 9.99737E-05 9.99737E-05 0.905196
9.997E-05 9.997E-05 9.997E-05 9.997E-05 0.9996
0.0462492 9.99824E-05 9.99824E-05 0.206844 0.746707
9.997E-05 9.997E-05 9.997E-05 9.997E-05 0.9996
9.997E-05 9.997E-05 9.997E-05 9.997E-05 0.9996
9.997E-05 9.997E-05 9.997E-05 9.997E-05 0.9996
0.0244225 0.0167729 9.99825E-05 9.99825E-05 0.958605
9.99824E-05 9.99824E-05 0.00894029 0.119645 0.871215
9.997E-05 9.997E-05 9.997E-05 9.997E-05 0.9996
9.99736E-05 9.99736E-05 9.99736E-05 0.0402996 0.9594
9.997E-05 9.997E-05 9.997E-05 9.997E-05 0.9996
9.997E-05 9.997E-05 9.997E-05 9.997E-05 0.9996
9.997E-05 9.997E-05 9.997E-05 9.997E-05 0.9996
0.0434216 9.99737E-05 9.99737E-05 9.99737E-05 0.956278
9.99736E-05 9.99736E-05 9.99736E-05 0.0486217 0.951078
9.997E-05 9.997E-05 9.997E-05 9.997E-05 0.9996
9.997E-05 9.997E-05 9.997E-05 9.997E-05 0.9996
9.99737E-05 0.0241647 9.99737E-05 9.99737E-05 0.975535
0.00772998 9.99736E-05 9.99736E-05 9.99736E-05 0.99197
0.0182173 9.99736E-05 9.99736E-05 9.99736E-05 0.981483
0.116843 0.190066 9.99912E-05 0.467568 0.225423
0.0331747 0.07874 0.0465141 0.575861 0.265711
0.334745 9.99825E-05 9.99825E-05 0.312792 0.352263
0.0578913 0.106354 9.99912E-05 0.527313 0.308341
0.226101 0.0176476 9.99912E-05 0.294666 0.461486
0.112048 0.0406228 9.99912E-05 0.429036 0.418194
0.0947312 0.0736523 9.99912E-05 0.459114 0.372402
0.0516649 0.046643 9.99912E-05 0.538366 0.363226
0.0964476 9.99824E-05 9.99824E-05 0.352215 0.551138
0.415744 0.128399 0.108154 9.99912E-05 0.347603
0.0935614 0.00121013 9.99912E-05 0.446793 0.458336
0.133372 0.0114205 9.99912E-05 0.486569 0.368538
0.25188 0.0495167 0.059691 0.383918 0.254995
0.127945 0.107933 9.99912E-05 0.501226 0.262796
0.150989 0.0963359 9.99912E-05 0.541265 0.21131
0.0444614 0.0623997 9.99912E-05 0.474444 0.418595
0.0156225 0.135844 9.99912E-05 0.411851 0.436583
0.0758317 9.99824E-05 9.99824E-05 0.436325 0.487644
0.267212 9.99824E-05 9.99824E-05 0.270478 0.46211
0.159569 0.161473 9.99912E-05 0.324211 0.354648
0.9996 9.997E-05 9.997E-05 9.997E-05 9.997E-05
0.9996 9.997E-05 9.997E-05 9.997E-05 9.997E-05
0.9996 9.997E-05 9.997E-05 9.997E-05 9.997E-05
0.9996 9.997E-05 9.997E-05 9.997E-05 9.997E-05
0.9996 9.997E-05 9.997E-05 9.997E-05 9.997E-05
0.9996 9.997E-05 9.997E-05 9.997E-05 9.997E-05
0.9996 9.997E-05 9.997E-05 9.997E-05 9.997E-05
0.9996 9.997E-05 9.997E-05 9.997E-05 9.997E-05
0.9996 9.997E-05 9.997E-05 9.997E-05 9.997E-05
0.9996 9.997E-05 9.997E-05 9.997E-05 9.997E-05
0.9996 9.997E-05 9.997E-05 9.997E-05 9.997E-05
0.9996 9.997E-05 9.997E-05 9.997E-05 9.997E-05
0.9996 9.997E-05 9.997E-05 9.997E-05 9.997E-05
0.9996 9.997E-05 9.997E-05 9.997E-05 9.997E-05
0.9996 9.997E-05 9.997E-05 9.997E-05 9.997E-05
0.9996 9.997E-05 9.997E-05 9.997E-05 9.997E-05
0.9996 9.997E-05 9.997E-05 9.997E-05 9.997E-05
0.9996 9.997E-05 9.997E-05 9.997E-05 9.997E-05
0.9996 9.997E-05 9.997E-05 9.997E-05 9.997E-05
0.9996 9.997E-05 9.997E-05 9.997E-05 9.997E-05
0.9996 9.997E-05 9.997E-05 9.997E-05 9.997E-05
0.9996 9.997E-05 9.997E-05 9.997E-05 9.997E-05
0.9996 9.997E-05 9.997E-05 9.997E-05 9.997E-05
0.9996 9.997E-05 9.997E-05 9.997E-05 9.997E-05
0.9996 9.997E-05 9.997E-05 9.997E-05 9.997E-05
0.9996 9.997E-05 9.997E-05 9.997E-05 9.997E-05
0.9996 9.997E-05 9.997E-05 9.997E-05 9.997E-05
0.9996 9.997E-05 9.997E-05 9.997E-05 9.997E-05
0.9996 9.997E-05 9.997E-05 9.997E-05 9.997E-05
0.9996 9.997E-05 9.997E-05 9.997E-05 9.997E-05
0.9996 9.997E-05 9.997E-05 9.997E-05 9.997E-05
0.9996 9.997E-05 9.997E-05 9.997E-05 9.997E-05
0.9996 9.997E-05 9.997E-05 9.997E-05 9.997E-05
0.9996 9.997E-05 9.997E-05 9.997E-05 9.997E-05
0.9996 9.997E-05 9.997E-05 9.997E-05 9.997E-05
0.9996 9.997E-05 9.997E-05 9.997E-05 9.997E-05
0.9996 9.997E-05 9.997E-05 9.997E-05 9.997E-05
0.9996 9.997E-05 9.997E-05 9.997E-05 9.997E-05
0.9996 9.997E-05 9.997E-05 9.997E-05 9.997E-05
0.9996 9.997E-05 9.997E-05 9.997E-05 9.997E-05
0.9996 9.997E-05 9.997E-05 9.997E-05 9.997E-05
0.9996 9.997E-05 9.997E-05 9.997E-05 9.997E-05
0.9996 9.997E-05 9.997E-05 9.997E-05 9.997E-05
0.9996 9.997E-05 9.997E-05 9.997E-05 9.997E-05
0.9996 9.997E-05 9.997E-05 9.997E-05 9.997E-05
0.9996 9.997E-05 9.997E-05 9.997E-05 9.997E-05
0.9996 9.997E-05 9.997E-05 9.997E-05 9.997E-05
0.9996 9.997E-05 9.997E-05 9.997E-05 9.997E-05
0.9996 9.997E-05 9.997E-05 9.997E-05 9.997E-05
0.9996 9.997E-05 9.997E-05 9.997E-05 9.997E-05
0.9996 9.997E-05 9.997E-05 9.997E-05 9.997E-05
0.9996 9.997E-05 9.997E-05 9.997E-05 9.997E-05
0.9996 9.997E-05 9.997E-05 9.997E-05 9.997E-05
0.9996 9.997E-05 9.997E-05 9.997E-05 9.997E-05
0.9996 9.997E-05 9.997E-05 9.997E-05 9.997E-05
0.9996 9.997E-05 9.997E-05 9.997E-05 9.997E-05
0.9996 9.997E-05 9.997E-05 9.997E-05 9.997E-05
0.9996 9.997E-05 9.997E-05 9.997E-05 9.997E-05
0.9996 9.997E-05 9.997E-05 9.997E-05 9.997E-05
0.9996 9.997E-05 9.997E-05 9.997E-05 9.997E-05
0.9996 9.997E-05 9.997E-05 9.997E-05 9.997E-05
0.9996 9.997E-05 9.997E-05 9.997E-05 9.997E-05
0.9996 9.997E-05 9.997E-05 9.997E-05 9.997E-05
0.9996 9.997E-05 9.997E-05 9.997E-05 9.997E-05
0.9996 9.997E-05 9.997E-05 9.997E-05 9.997E-05
0.9996 9.997E-05 9.997E-05 9.997E-05 9.997E-05
0.9996 9.997E-05 9.997E-05 9.997E-05 9.997E-05
0.9996 9.997E-05 9.997E-05 9.997E-05 9.997E-05
0.9996 9.997E-05 9.997E-05 9.997E-05 9.997E-05
0.9996 9.997E-05 9.997E-05 9.997E-05 9.997E-05
0.9996 9.997E-05 9.997E-05 9.997E-05 9.997E-05
0.9996 9.997E-05 9.997E-05 9.997E-05 9.997E-05
0.9996 9.997E-05 9.997E-05 9.997E-05 9.997E-05
0.9996 9.997E-05 9.997E-05 9.997E-05 9.997E-05
0.9996 9.997E-05 9.997E-05 9.997E-05 9.997E-05
0.9996 9.997E-05 9.997E-05 9.997E-05 9.997E-05
0.986907 9.99736E-05 9.99736E-05 0.0127929 9.99736E-05
0.923988 9.99736E-05 9.99736E-05 0.0757116 9.99736E-05
0.9996 9.997E-05 9.997E-05 9.997E-05 9.997E-05
0.9996 9.997E-05 9.997E-05 9.997E-05 9.997E-05
0.9996 9.997E-05 9.997E-05 9.997E-05 9.997E-05
0.9996 9.997E-05 9.997E-05 9.997E-05 9.997E-05
0.9996 9.997E-05 9.997E-05 9.997E-05 9.997E-05
0.9996 9.997E-05 9.997E-05 9.997E-05 9.997E-05
0.9996 9.997E-05 9.997E-05 9.997E-05 9.997E-05
0.993296 9.99736E-05 0.00640398 9.99736E-05 9.99736E-05
0.9996 9.997E-05 9.997E-05 9.997E-05 9.997E-05
0.958737 9.99769E-05 0.0409626 9.99769E-05 9.99769E-05
0.996493 9.99736E-05 9.99736E-05 0.0032075 9.99736E-05
0.9996 9.997E-05 9.997E-05 9.997E-05 9.997E-05
0.9996 9.997E-05 9.997E-05 9.997E-05 9.997E-05
0.9996 9.997E-05 9.997E-05 9.997E-05 9.997E-05
0.932353 9.99736E-05 9.99736E-05 0.0673467 9.99736E-05
0.9996 9.997E-05 9.997E-05 9.997E-05 9.997E-05
0.9996 9.997E-05 9.997E-05 9.997E-05 9.997E-05
0.9996 9.997E-05 9.997E-05 9.997E-05 9.997E-05
0.9996 9.997E-05 9.997E-05 9.997E-05 9.997E-05
0.912801 9.99824E-05 0.0511266 0.0358722 9.99824E-05
0.9996 9.997E-05 9.997E-05 9.997E-05 9.997E-05
0.9996 9.997E-05 9.997E-05 9.997E-05 9.997E-05
0.9996 9.997E-05 9.997E-05 9.997E-05 9.997E-05
0.9996 9.997E-05 9.997E-05 9.997E-05 9.997E-05
0.9996 9.997E-05 9.997E-05 9.997E-05 9.997E-05
0.9996 9.997E-05 9.997E-05 9.997E-05 9.997E-05
0.9996 9.997E-05 9.997E-05 9.997E-05 9.997E-05
0.9996 9.997E-05 9.997E-05 9.997E-05 9.997E-05
0.993873 9.99737E-05 0.00582658 9.99737E-05 9.99737E-05
0.9996 9.997E-05 9.997E-05 9.997E-05 9.997E-05
0.9996 9.997E-05 9.997E-05 9.997E-05 9.997E-05
0.9996 9.997E-05 9.997E-05 9.997E-05 9.997E-05
0.9996 9.997E-05 9.997E-05 9.997E-05 9.997E-05
0.9996 9.997E-05 9.997E-05 9.997E-05 9.997E-05
0.9996 9.997E-05 9.997E-05 9.997E-05 9.997E-05
0.9996 9.997E-05 9.997E-05 9.997E-05 9.997E-05
0.9996 9.997E-05 9.997E-05 9.997E-05 9.997E-05
0.9996 9.997E-05 9.997E-05 9.997E-05 9.997E-05
0.9996 9.997E-05 9.997E-05 9.997E-05 9.997E-05
0.9996 9.997E-05 9.997E-05 9.997E-05 9.997E-05
0.978343 9.99736E-05 0.0213573 9.99736E-05 9.99736E-05
0.9996 9.997E-05 9.997E-05 9.997E-05 9.997E-05
0.9996 9.997E-05 9.997E-05 9.997E-05 9.997E-05
0.9996 9.997E-05 9.997E-05 9.997E-05 9.997E-05
0.9996 9.997E-05 9.997E-05 9.997E-05 9.997E-05
0.9996 9.997E-05 9.997E-05 9.997E-05 9.997E-05
0.9996 9.997E-05 9.997E-05 9.997E-05 9.997E-05
0.9996 9.997E-05 9.997E-05 9.997E-05 9.997E-05
0.9996 9.997E-05 9.997E-05 9.997E-05 9.997E-05
0.9996 9.997E-05 9.997E-05 9.997E-05 9.997E-05
0.9996 9.997E-05 9.997E-05 9.997E-05 9.997E-05
0.9996 9.997E-05 9.997E-05 9.997E-05 9.997E-05
0.579103 9.99824E-05 0.191824 0.228874 9.99824E-05
0.615717 9.99824E-05 0.0918253 0.292258 9.99824E-05
0.89179 9.99737E-05 0.10791 9.99737E-05 9.99737E-05
0.693795 9.99824E-05 0.143459 0.162546 9.99824E-05
0.575371 9.99824E-05 0.236639 0.18779 9.99824E-05
0.550927 9.99824E-05 0.173784 0.275089 9.99824E-05
0.576554 9.99824E-05 0.214117 0.209129 9.99824E-05
0.651009 9.99737E-05 0.348691 9.99737E-05 9.99737E-05
0.582286 9.99824E-05 0.168665 0.248849 9.99824E-05
0.603041 9.99824E-05 0.0995052 0.297254 9.99824E-05
0.575364 9.99824E-05 0.231572 0.192864 9.99824E-05
0.418015 9.99825E-05 0.0380078 0.543777 9.99825E-05
0.812283 9.99736E-05 0.187417 9.99736E-05 9.99736E-05
0.70404 9.99736E-05 0.29566 9.99736E-05 9.99736E-05
0.863486 9.99736E-05 0.136214 9.99736E-05 9.99736E-05
0.898261 9.99736E-05 0.101439 9.99736E-05 9.99736E-05
0.756301 9.99736E-05 0.243399 9.99736E-05 9.99736E-05
0.19284 9.99824E-05 0.0484055 0.758555 9.99824E-05
0.411562 9.99824E-05 0.168352 0.419886 9.99824E-05
0.258012 9.99736E-05 9.99736E-05 0.741689 9.99736E-05
0.0577908 9.99736E-05 9.99736E-05 0.941909 9.99736E-05
0.240964 9.99824E-05 0.221892 0.536944 9.99824E-05
0.111013 9.99736E-05 9.99736E-05 0.888687 9.99736E-05
0.133616 9.99824E-05 0.0260117 0.840173 9.99824E-05
9.997E-05 9.997E-05 9.997E-05 0.9996 9.997E-05
0.0674558 9.99912E-05 0.0790338 0.814623 0.0387871
0.240567 9.99824E-05 0.0360619 0.723171 9.99824E-05
0.0121137 9.99824E-05 0.379395 0.608292 9.99824E-05
0.103166 9.99736E-05 9.99736E-05 0.896534 9.99736E-05
0.211164 9.99824E-05 0.280012 0.508625 9.99824E-05
0.095735 9.99825E-05 0.415429 0.488636 9.99825E-05
0.0775511 9.99824E-05 0.330375 0.591874 9.99824E-05
0.0920355 9.99912E-05 0.205442 0.623049 0.0793738
0.124846 9.99824E-05 0.17322 0.701734 9.99824E-05
0.0165656 9.99824E-05 0.0557527 0.927482 9.99824E-05
0.298355 9.99912E-05 0.0741914 0.623414 0.00393953
0.108212 9.99824E-05 0.45734 0.434249 9.99824E-05
0.0984667 9.99824E-05 0.453448 0.447886 9.99824E-05
9.99736E-05 9.99736E-05 0.274365 0.725335 9.99736E-05
0.156006 9.99824E-05 0.449545 0.394249 9.99824E-05
0.0915343 9.99824E-05 0.0164596 0.891806 9.99824E-05
0.235627 9.99824E-05 0.158548 0.605625 9.99824E-05
0.257979 9.99824E-05 0.141545 0.600276 9.99824E-05
0.284287 9.99736E-05 9.99736E-05 0.715413 9.99736E-05
0.380931 9.99824E-05 0.0405237 0.578345 9.99824E-05
0.0821718 9.99824E-05 0.127242 0.790386 9.99824E-05
9.99736E-05 9.99736E-05 0.238359 0.761341 9.99736E-05
0.07057 9.99824E-05 0.0768739 0.852356 9.99824E-05
0.350923 9.99824E-05 0.201816 0.447061 9.99824E-05
0.315946 9.99824E-05 0.121365 0.562489 9.99824E-05
0.0843685 9.99824E-05 0.138408 0.777023 9.99824E-05
0.0960421 9.99824E-05 0.290772 0.612986 9.99824E-05
0.145425 9.99824E-05 0.129168 0.725206 9.99824E-05
0.122885 9.99824E-05 0.166967 0.709948 9.99824E-05
0.242829 9.99824E-05 0.0493525 0.707618 9.99824E-05
0.0513181 9.99824E-05 0.495146 0.453336 9.99824E-05
0.109358 9.99824E-05 0.0955018 0.79494 9.99824E-05
0.0832153 9.99824E-05 9.99824E-05 0.80348 0.113105
0.00408631 9.99824E-05 0.141722 0.853991 9.99824E-05
0.0309992 9.99824E-05 0.117244 0.851557 9.99824E-05
9.99736E-05 9.99736E-05 9.99736E-05 0.971343 0.0283569
9.99736E-05 9.99736E-05 0.11741 0.882291 9.99736E-05
0.156888 9.99824E-05 0.0636985 0.779214 9.99824E-05
9.99736E-05 9.99736E-05 0.141762 0.857939 9.99736E-05
0.293097 9.99825E-05 0.321815 0.384888 9.99825E-05
0.138165 9.99824E-05 0.132818 0.728818 9.99824E-05
0.0439945 9.99824E-05 0.0681378 0.887668 9.99824E-05
0.121421 9.99824E-05 9.99824E-05 0.823708 0.0546711
0.0927498 9.99824E-05 9.99824E-05 0.806392 0.100659
0.150155 9.99824E-05 0.000764486 0.848881 9.99824E-05
0.183457 9.99824E-05 0.0388168 0.777527 9.99824E-05
0.108837 9.99824E-05 9.99824E-05 0.824962 0.0660013
0.183464 9.99824E-05 0.321157 0.495179 9.99824E-05
0.0282616 9.99824E-05 0.121581 0.849957 9.99824E-05
0.0642928 9.99824E-05 0.0929746 0.842533 9.99824E-05
9.99736E-05 9.99736E-05 0.12895 0.87075 9.99736E-05
9.99736E-05 9.99736E-05 0.136344 0.863356 9.99736E-05
0.158345 9.99824E-05 0.0290271 0.812428 9.99824E-05
0.0537478 9.99824E-05 0.0925609 0.853491 9.99824E-05
0.0269269 9.99824E-05 0.334134 0.638739 9.99824E-05
0.156543 9.99824E-05 0.0626929 0.780564 9.99824E-05
0.103849 9.99824E-05 9.99824E-05 0.825567 0.0703841
0.2204 9.99824E-05 0.0322959 0.747104 9.99824E-05
0.0599889 9.99824E-05 0.0688288 0.870982 9.99824E-05
0.13364 9.99824E-05 0.0497288 0.816431 9.99824E-05
9.99736E-05 9.99736E-05 0.195421 0.804279 9.99736E-05
9.99736E-05 9.99736E-05 0.124286 0.875414 9.99736E-05
0.0502687 9.99824E-05 0.153257 0.796274 9.99824E-05
0.148049 9.99824E-05 9.99824E-05 0.787469 0.0642811
0.0771494 9.99824E-05 0.190512 0.732138 9.99824E-05
0.0482885 9.99912E-05 0.167938 0.752898 0.0307762
9.99825E-05 9.99825E-05 0.0404181 0.907204 0.0521776
0.118884 9.99824E-05 0.0851942 0.795722 9.99824E-05
0.150429 9.99824E-05 0.0421096 0.807262 9.99824E-05
0.214788 9.99824E-05 0.181191 0.603822 9.99824E-05
0.236624 9.99824E-05 0.146481 0.616695 9.99824E-05
0.233075 9.99824E-05 0.15246 0.614265 9.99824E-05
0.0029951 9.99912E-05 0.256136 0.591075 0.149694
0.125117 9.99736E-05 9.99736E-05 0.874583 9.99736E-05
0.135851 9.99737E-05 9.99737E-05 0.863849 9.99737E-05
0.000125263 9.99824E-05 0.183342 0.816332 9.99824E-05
0.131697 9.99824E-05 0.0876975 0.780406 9.99824E-05
0.0884278 9.99736E-05 9.99736E-05 0.911272 9.99736E-05
0.316442 9.99824E-05 0.134891 0.548467 9.99824E-05
0.0702707 9.99736E-05 9.99736E-05 0.929429 9.99736E-05
0.111262 9.99912E-05 0.0199817 0.865907 0.00274967
0.114368 9.99824E-05 9.99824E-05 0.86036 0.0250727
9.99736E-05 9.99736E-05 0.109558 0.890142 9.99736E-05
0.0126179 9.99824E-05 0.131685 0.855497 9.99824E-05
0.0504735 9.99824E-05 0.164786 0.784541 9.99824E-05
0.0673368 9.99737E-05 9.99737E-05 0.932363 9.99737E-05
0.0557759 9.99824E-05 0.334513 0.609511 9.99824E-05
0.412648 9.99824E-05 0.309606 0.277546 9.99824E-05
0.210896 9.99824E-05 0.0965369 0.692368 9.99824E-05
0.268189 9.99824E-05 0.189176 0.542435 9.99824E-05
0.365615 9.99824E-05 0.16815 0.466035 9.99824E-05
0.252027 9.99824E-05 0.136245 0.611529 9.99824E-05
0.117519 9.99824E-05 0.0901433 0.792137 9.99824E-05
0.0708454 9.99824E-05 0.24622 0.682734 9.99824E-05
0.263464 9.99824E-05 0.184312 0.552023 9.99824E-05
0.0672004 9.99912E-05 0.132001 0.76708 0.0336182
0.303307 9.99824E-05 0.0169037 0.679589 9.99824E-05
9.99736E-05 9.99736E-05 0.108132 0.891568 9.99736E-05
0.279358 9.99824E-05 0.102092 0.618351 9.99824E-05
9.99825E-05 9.99825E-05 0.00628091 0.891841 0.101678
0.130021 9.99824E-05 0.0555794 0.814199 9.99824E-05
0.0326099 9.99824E-05 0.104416 0.862774 9.99824E-05
0.164308 9.99736E-05 9.99736E-05 0.835392 9.99736E-05
0.0900106 9.99824E-05 0.0665857 0.843204 9.99824E-05
0.120597 9.99824E-05 0.117512 0.761691 9.99824E-05
0.195937 9.99824E-05 0.0229343 0.780929 9.99824E-05
9.99736E-05 9.99736E-05 0.0850211 0.914679 9.99736E-05
9.99736E-05 9.99736E-05 0.235126 0.764574 9.99736E-05
0.0972452 9.99736E-05 9.99736E-05 0.902455 9.99736E-05
0.0816095 9.99824E-05 0.0780349 0.840156 9.99824E-05
0.119773 9.99736E-05 9.99736E-05 0.879927 9.99736E-05
0.141924 9.99824E-05 0.317392 0.540484 9.99824E-05
0.0714083 9.99824E-05 0.155595 0.772797 9.99824E-05
0.433918 9.99737E-05 9.99737E-05 0.565782 9.99737E-05
0.125348 9.99824E-05 0.0336107 0.840841 9.99824E-05
0.297579 9.99824E-05 0.391356 0.310865 9.99824E-05
0.104362 9.99824E-05 0.0767391 0.818699 9.99824E-05
9.99736E-05 9.99736E-05 0.149584 0.850116 9.99736E-05
9.99737E-05 9.99737E-05 0.139707 0.859994 9.99737E-05
0.128166 9.99824E-05 0.180367 0.691267 9.99824E-05
0.251043 9.99912E-05 0.174947 0.569129 0.00478076
0.225025 9.99824E-05 0.235699 0.539076 9.99824E-05
9.99736E-05 9.99736E-05 0.158779 0.840921 9.99736E-05
0.0750138 9.99824E-05 0.158935 0.765851 9.99824E-05
0.35099 9.99824E-05 0.242728 0.406082 9.99824E-05
0.0792892 9.99824E-05 0.119376 0.801134 9.99824E-05
0.0148328 9.99824E-05 0.112909 0.872058 9.99824E-05
9.99736E-05 9.99736E-05 0.111153 0.888547 9.99736E-05
0.270628 9.99824E-05 0.109506 0.619666 9.99824E-05
0.0735014 9.99824E-05 0.159017 0.767282 9.99824E-05
0.0475477 9.99736E-05 9.99736E-05 0.952152 9.99736E-05
9.99737E-05 9.99737E-05 0.158116 0.841584 9.99737E-05
0.284545 9.99824E-05 0.035199 0.680056 9.99824E-05
0.095376 9.99824E-05 0.0974397 0.806984 9.99824E-05
0.0930917 9.99824E-05 0.330493 0.576216 9.99824E-05
0.059108 9.99824E-05 0.624841 0.315851 9.99824E-05
0.588508 9.99824E-05 0.0287005 0.382592 9.99824E-05
0.234386 9.99824E-05 0.227892 0.537522 9.99824E-05
0.104904 9.99824E-05 0.650301 0.244596 9.99824E-05
0.270029 9.99824E-05 0.269124 0.460647 9.99824E-05
0.388934 9.99824E-05 0.00283592 0.60803 9.99824E-05
0.22675 9.99824E-05 0.174017 0.599034 9.99824E-05
0.464041 9.99824E-05 0.216341 0.319418 9.99824E-05
0.178545 9.99824E-05 0.278399 0.542857 9.99824E-05
0.141926 9.99824E-05 0.347827 0.510048 9.99824E-05
0.168182 9.99824E-05 0.236356 0.595262 9.99824E-05
0.438797 9.99824E-05 0.0620879 0.498915 9.99824E-05
0.307783 9.99824E-05 0.377283 0.314734 9.99824E-05
0.0799641 9.99824E-05 0.50854 0.411296 9.99824E-05
0.224322 9.99824E-05 0.279201 0.496277 9.99824E-05
0.223352 9.99824E-05 0.2072 0.569248 9.99824E-05
0.254393 9.99824E-05 0.208641 0.536766 9.99824E-05
0.568454 9.99824E-05 0.238057 0.193289 9.99824E-05
0.00728957 9.99824E-05 0.486068 0.506443 9.99824E-05
0.0980783 9.99824E-05 0.294692 0.60703 9.99824E-05
0.378668 9.99824E-05 0.220057 0.401076 9.99824E-05
0.266666 9.99824E-05 0.258212 0.474922 9.99824E-05
0.346706 9.99824E-05 0.247376 0.405717 9.99824E-05
0.489576 9.99824E-05 0.230314 0.27991 9.99824E-05
0.380551 9.99824E-05 0.227818 0.39143 9.99824E-05
0.780406 9.99737E-05 0.219294 9.99737E-05 9.99737E-05
0.165414 9.99824E-05 0.30952 0.524866 9.99824E-05
0.679142 9.99737E-05 0.320558 9.99737E-05 9.99737E-05
0.128928 9.99824E-05 0.315354 0.555518 9.99824E-05
0.00416291 9.99825E-05 0.0191118 0.976525 9.99825E-05
0.127818 9.99824E-05 0.286975 0.585008 9.99824E-05
0.26168 9.99912E-05 0.064614 0.649866 0.0237404
9.99736E-05 9.99736E-05 0.102164 0.897536 9.99736E-05
0.183215 9.99824E-05 0.111967 0.704618 9.99824E-05
0.087546 9.99912E-05 0.033908 0.774845 0.103601
0.190326 9.99824E-05 0.229848 0.579626 9.99824E-05
0.142841 9.99824E-05 0.25125 0.605708 9.99824E-05
0.269494 9.99824E-05 0.199846 0.530459 9.99824E-05
0.164531 9.99824E-05 0.19193 0.643339 9.99824E-05
0.103265 9.99824E-05 0.0336809 0.862855 9.99824E-05
9.99736E-05 9.99736E-05 0.244745 0.754955 9.99736E-05
9.99736E-05 9.99736E-05 0.0381792 0.961521 9.99736E-05
0.0338447 9.99824E-05 0.0285759 0.937379 9.99824E-05
0.102701 9.99824E-05 0.2349 0.662199 9.99824E-05
9.99737E-05 9.99737E-05 0.212952 0.786748 9.99737E-05
9.99736E-05 9.99736E-05 0.22101 0.77869 9.99736E-05
0.437222 9.99824E-05 0.146383 0.416195 9.99824E-05
9.99736E-05 9.99736E-05 0.155012 0.844688 9.99736E-05
9.99824E-05 9.99824E-05 0.231546 0.639759 0.128495
0.254214 9.99824E-05 0.0289178 0.716668 9.99824E-05
