0.0374791 0.0217814 9.98332E-05 9.98332E-05 9.98332E-05 9.98332E-05 9.98332E-05 9.98332E-05 9.98332E-05 0.0102439 9.98332E-05 0.0142336 9.98332E-05 9.98332E-05 9.98332E-05 0.414335 9.98332E-05 9.98332E-05 0.00337135 0.150938 9.98332E-05 0.0480144 0.297707 9.98332E-05 9.98332E-05 9.98332E-05 9.98332E-05 9.98332E-05
9.98157E-05 0.0345917 9.98157E-05 9.98157E-05 9.98157E-05 9.98157E-05 9.98157E-05 9.98157E-05 9.98157E-05 9.98157E-05 9.98157E-05 0.100784 9.98157E-05 9.98157E-05 0.00786093 9.98157E-05 0.0033832 9.98157E-05 9.98157E-05 9.98157E-05 9.98157E-05 0.000596067 0.590199 9.98157E-05 9.98157E-05 9.98157E-05 0.260489 9.98157E-05
9.9807E-05 9.9807E-05 9.9807E-05 9.9807E-05 9.9807E-05 9.9807E-05 0.046675 9.9807E-05 9.9807E-05 9.9807E-05 9.9807E-05 9.9807E-05 9.9807E-05 0.0543936 9.9807E-05 9.9807E-05 9.9807E-05 9.9807E-05 9.9807E-05 0.0207059 9.9807E-05 0.0527113 0.75076 9.9807E-05 9.9807E-05 9.9807E-05 0.072558 9.9807E-05
9.98509E-05 0.0301987 9.98509E-05 9.98509E-05 9.98509E-05 9.98509E-05 9.98509E-05 9.98509E-05 0.0141745 9.98509E-05 9.98509E-05 9.98509E-05 0.000572954 0.160607 0.0730637 0.0805967 0.293542 0.0207748 9.98509E-05 0.156866 9.98509E-05 0.00475911 0.163148 9.98509E-05 9.98509E-05 9.98509E-05 9.98509E-05 9.98509E-05
9.97983E-05 9.97983E-05 9.97983E-05 0.138442 9.97983E-05 9.97983E-05 0.0538485 9.97983E-05 9.97983E-05 9.97983E-05 9.97983E-05 9.97983E-05 9.97983E-05 9.97983E-05 0.0898504 9.97983E-05 0.0247973 9.97983E-05 9.97983E-05 9.97983E-05 9.97983E-05 9.97983E-05 0.690766 9.97983E-05 9.97983E-05 9.97983E-05 9.97983E-05 9.97983E-05
9.98072E-05 9.98072E-05 9.98072E-05 0.114644 9.98072E-05 9.98072E-05 0.0625877 0.150731 0.093716 9.98072E-05 9.98072E-05 9.98072E-05 9.98072E-05 9.98072E-05 9.98072E-05 0.464318 9.98072E-05 9.98072E-05 9.98072E-05 9.98072E-05 9.98072E-05 9.98072E-05 0.111807 9.98072E-05 9.98072E-05 9.98072E-05 9.98072E-05 9.98072E-05
9.9851E-05 0.149614 9.9851E-05 9.9851E-05 9.9851E-05 0.0970849 9.9851E-05 9.9851E-05 0.0482987 0.00412374 9.9851E-05 0.0546707 0.0170094 9.9851E-05 9.9851E-05 0.191211 0.0413102 9.9851E-05 9.9851E-05 0.135875 9.9851E-05 0.0712756 0.187829 9.9851E-05 9.9851E-05 9.9851E-05 9.9851E-05 9.9851E-05
0.00295811 9.98421E-05 9.98421E-05 9.98421E-05 9.98421E-05 9.98421E-05 0.042964 0.117821 0.0440236 9.98421E-05 9.98421E-05 9.98421E-05 9.98421E-05 9.98421E-05 0.0858393 0.269096 9.98421E-05 9.98421E-05 0.122076 0.160698 9.98421E-05 9.98421E-05 0.109968 9.98421E-05 9.98421E-05 0.042759 9.98421E-05 9.98421E-05
9.9851E-05 0.00988943 9.9851E-05 0.0370031 9.9851E-05 9.9851E-05 9.9851E-05 0.238141 9.9851E-05 0.238396 9.9851E-05 9.9851E-05 0.049709 9.9851E-05 9.9851E-05 9.9851E-05 9.9851E-05 9.9851E-05 0.014617 0.0703059 0.0163591 0.165126 0.149167 9.9851E-05 9.9851E-05 9.9851E-05 0.0095884 9.9851E-05
9.98138E-05 9.98138E-05 9.98138E-05 9.98138E-05 9.98138E-05 9.98138E-05 9.98138E-05 9.98138E-05 9.98138E-05 0.0299356 9.98138E-05 9.98138E-05 9.98138E-05 0.0397763 9.98138E-05 9.98138E-05 0.00964383 9.98138E-05 9.98138E-05 9.98138E-05 9.98138E-05 0.0786571 0.82549 9.98138E-05 0.0143013 9.98138E-05 9.98138E-05 9.98138E-05
9.98159E-05 0.0807925 9.98159E-05 9.98159E-05 9.98159E-05 9.98159E-05 9.98159E-05 0.0308335 9.98159E-05 9.98159E-05 9.98159E-05 9.98159E-05 9.98159E-05 0.0389921 9.98159E-05 0.272406 9.98159E-05 9.98159E-05 9.98159E-05 0.124194 9.98159E-05 0.0943015 0.356384 9.98159E-05 9.98159E-05 9.98159E-05 9.98159E-05 9.98159E-05
9.97808E-05 9.97808E-05 9.97808E-05 9.97808E-05 9.97808E-05 9.97808E-05 9.97808E-05 9.97808E-05 9.97808E-05 9.97808E-05 9.97808E-05 9.97808E-05 9.97808E-05 9.97808E-05 0.131452 0.126448 9.97808E-05 9.97808E-05 9.97808E-05 9.97808E-05 9.97808E-05 9.97808E-05 0.739606 9.97808E-05 9.97808E-05 9.97808E-05 9.97808E-05 9.97808E-05
9.98161E-05 9.98161E-05 9.98161E-05 9.98161E-05 0.0595402 9.98161E-05 9.98161E-05 0.0127718 9.98161E-05 9.98161E-05 9.98161E-05 9.98161E-05 9.98161E-05 9.98161E-05 9.98161E-05 9.98161E-05 0.0897491 9.98161E-05 9.98161E-05 0.0678826 9.98161E-05 0.0395268 0.684762 0.0436717 9.98161E-05 9.98161E-05 9.98161E-05 9.98161E-05
9.98246E-05 0.0415059 0.00543837 9.98246E-05 9.98246E-05 9.98246E-05 0.0518386 9.98246E-05 9.98246E-05 9.98246E-05 0.247254 9.98246E-05 9.98246E-05 9.98246E-05 9.98246E-05 9.98246E-05 9.98246E-05 9.98246E-05 9.98246E-05 0.0514701 0.061901 0.0499435 0.488652 9.98246E-05 9.98246E-05 9.98246E-05 9.98246E-05 9.98246E-05
9.98071E-05 9.98071E-05 9.98071E-05 9.98071E-05 9.98071E-05 9.98071E-05 9.98071E-05 0.123697 9.98071E-05 9.98071E-05 9.98071E-05 9.98071E-05 9.98071E-05 9.98071E-05 9.98071E-05 0.237152 9.98071E-05 9.98071E-05 9.98071E-05 9.98071E-05 0.0490619 0.182492 0.101912 9.98071E-05 9.98071E-05 9.98071E-05 9.98071E-05 0.303489
0.0907044 9.98334E-05 0.0539987 0.0309597 9.98334E-05 9.98334E-05 9.98334E-05 0.111284 9.98334E-05 9.98334E-05 9.98334E-05 9.98334E-05 9.98334E-05 9.98334E-05 9.98334E-05 0.222521 9.98334E-05 9.98334E-05 9.98334E-05 0.053204 9.98334E-05 0.111052 0.122102 9.98334E-05 9.98334E-05 0.202278 9.98334E-05 9.98334E-05
9.98159E-05 9.98159E-05 9.98159E-05 9.98159E-05 9.98159E-05 9.98159E-05 9.98159E-05 9.98159E-05 9.98159E-05 9.98159E-05 9.98159E-05 0.0634392 0.234425 9.98159E-05 9.98159E-05 9.98159E-05 9.98159E-05 9.98159E-05 9.98159E-05 0.0123496 9.98159E-05 0.0227843 0.424347 9.98159E-05 9.98159E-05 0.000619118 9.98159E-05 0.239939
9.9816E-05 9.9816E-05 9.9816E-05 9.9816E-05 9.9816E-05 9.9816E-05 9.9816E-05 9.9816E-05 9.9816E-05 0.00687554 9.9816E-05 9.9816E-05 9.9816E-05 9.9816E-05 9.9816E-05 0.404395 9.9816E-05 0.126729 9.9816E-05 0.16089 9.9816E-05 0.0830883 0.0596842 9.9816E-05 0.156242 9.9816E-05 9.9816E-05 9.9816E-05
9.9807E-05 9.9807E-05 9.9807E-05 9.9807E-05 9.9807E-05 9.9807E-05 9.9807E-05 0.0840195 0.195818 9.9807E-05 9.9807E-05 9.9807E-05 9.9807E-05 9.9807E-05 9.9807E-05 0.113845 9.9807E-05 9.9807E-05 9.9807E-05 0.157468 9.9807E-05 0.195542 0.251112 9.9807E-05 9.9807E-05 9.9807E-05 9.9807E-05 9.9807E-05
9.97982E-05 9.97982E-05 9.97982E-05 9.97982E-05 9.97982E-05 9.97982E-05 9.97982E-05 0.037135 0.00406721 9.97982E-05 9.97982E-05 9.97982E-05 9.97982E-05 9.97982E-05 9.97982E-05 9.97982E-05 9.97982E-05 0.0623683 9.97982E-05 9.97982E-05 9.97982E-05 0.0606672 0.833467 9.97982E-05 9.97982E-05 9.97982E-05 9.97982E-05 9.97982E-05
9.98158E-05 0.0178822 9.98158E-05 9.98158E-05 9.98158E-05 9.98158E-05 9.98158E-05 0.0531262 9.98158E-05 9.98158E-05 9.98158E-05 9.98158E-05 0.281044 0.101445 0.0785777 9.98158E-05 9.98158E-05 9.98158E-05 9.98158E-05 9.98158E-05 9.98158E-05 9.98158E-05 0.428675 9.98158E-05 9.98158E-05 0.0371539 9.98158E-05 9.98158E-05
9.98334E-05 9.98334E-05 0.0256688 9.98334E-05 9.98334E-05 9.98334E-05 0.0724889 0.0914892 0.0729011 9.98334E-05 9.98334E-05 9.98334E-05 9.98334E-05 0.167176 9.98334E-05 9.98334E-05 9.98334E-05 9.98334E-05 0.00269728 0.216684 9.98334E-05 9.98334E-05 0.150264 0.198735 9.98334E-05 9.98334E-05 9.98334E-05 9.98334E-05
9.97984E-05 0.0169918 9.97984E-05 9.97984E-05 9.97984E-05 9.97984E-05 9.97984E-05 9.97984E-05 9.97984E-05 9.97984E-05 9.97984E-05 9.97984E-05 9.97984E-05 9.97984E-05 9.97984E-05 0.320972 9.97984E-05 9.97984E-05 9.97984E-05 9.97984E-05 9.97984E-05 0.149183 0.482931 9.97984E-05 0.0276264 9.97984E-05 9.97984E-05 9.97984E-05
9.97982E-05 9.97982E-05 9.97982E-05 9.97982E-05 9.97982E-05 9.97982E-05 9.97982E-05 9.97982E-05 9.97982E-05 0.0555649 9.97982E-05 9.97982E-05 9.97982E-05 9.97982E-05 9.97982E-05 0.113922 9.97982E-05 9.97982E-05 9.97982E-05 0.288796 9.97982E-05 0.24408 0.295341 9.97982E-05 9.97982E-05 9.97982E-05 9.97982E-05 9.97982E-05
9.98421E-05 0.0798997 0.0238118 9.98421E-05 9.98421E-05 9.98421E-05 9.98421E-05 0.0229549 9.98421E-05 0.00180165 9.98421E-05 9.98421E-05 9.98421E-05 0.235554 9.98421E-05 9.98421E-05 9.98421E-05 0.147003 9.98421E-05 0.0327168 0.0415822 0.213351 0.199528 9.98421E-05 9.98421E-05 9.98421E-05 9.98421E-05 9.98421E-05
9.98071E-05 9.98071E-05 9.98071E-05 0.184357 9.98071E-05 9.98071E-05 0.0115325 9.98071E-05 9.98071E-05 9.98071E-05 9.98071E-05 9.98071E-05 0.101424 0.015106 9.98071E-05 9.98071E-05 9.98071E-05 9.98071E-05 9.98071E-05 9.98071E-05 9.98071E-05 0.0857125 0.599672 9.98071E-05 9.98071E-05 9.98071E-05 9.98071E-05 9.98071E-05
9.98158E-05 9.98158E-05 9.98158E-05 9.98158E-05 9.98158E-05 9.98158E-05 9.98158E-05 9.98158E-05 9.98158E-05 0.0184739 9.98158E-05 9.98158E-05 9.98158E-05 0.322144 9.98158E-05 9.98158E-05 9.98158E-05 9.98158E-05 9.98158E-05 0.196826 9.98158E-05 0.0334775 9.98158E-05 0.275399 0.120518 0.0310655 9.98158E-05 9.98158E-05
9.98159E-05 9.98159E-05 9.98159E-05 9.98159E-05 9.98159E-05 9.98159E-05 9.98159E-05 9.98159E-05 9.98159E-05 0.0148136 9.98159E-05 9.98159E-05 0.053431 9.98159E-05 9.98159E-05 9.98159E-05 0.134157 9.98159E-05 9.98159E-05 0.0393742 9.98159E-05 0.108243 0.578875 0.06901 9.98159E-05 9.98159E-05 9.98159E-05 9.98159E-05
9.98159E-05 9.98159E-05 9.98159E-05 9.98159E-05 9.98159E-05 9.98159E-05 9.98159E-05 9.98159E-05 9.98159E-05 0.040389 9.98159E-05 9.98159E-05 9.98159E-05 0.165308 9.98159E-05 0.058338 9.98159E-05 9.98159E-05 9.98159E-05 0.0421279 9.98159E-05 0.157669 0.47196 0.0621125 9.98159E-05 9.98159E-05 9.98159E-05 9.98159E-05
0.0355043 9.97982E-05 9.97982E-05 9.97982E-05 9.97982E-05 0.0145936 9.97982E-05 9.97982E-05 9.97982E-05 9.97982E-05 9.97982E-05 9.97982E-05 9.97982E-05 9.97982E-05 9.97982E-05 9.97982E-05 9.97982E-05 9.97982E-05 9.97982E-05 9.97982E-05 9.97982E-05 9.97982E-05 0.457591 9.97982E-05 9.97982E-05 9.97982E-05 0.0703945 0.419621
9.98595E-05 0.0238614 0.0549493 9.98595E-05 9.98595E-05 9.98595E-05 9.98595E-05 0.0616022 0.0564046 0.0147907 9.98595E-05 9.98595E-05 9.98595E-05 9.98595E-05 9.98595E-05 0.170807 9.98595E-05 0.0276497 9.98595E-05 9.98595E-05 0.0339107 9.98595E-05 0.489725 0.0206176 0.0124659 9.98595E-05 0.031618 9.98595E-05
9.98422E-05 0.0458621 9.98422E-05 0.0196779 0.109762 9.98422E-05 9.98422E-05 9.98422E-05 0.0150255 9.98422E-05 9.98422E-05 9.98422E-05 0.104918 0.0425629 9.98422E-05 0.146495 9.98422E-05 9.98422E-05 9.98422E-05 0.0385872 9.98422E-05 0.0720898 0.403223 9.98422E-05 9.98422E-05 9.98422E-05 9.98422E-05 9.98422E-05
9.98419E-05 0.0720135 0.016476 9.98419E-05 9.98419E-05 9.98419E-05 0.00891588 9.98419E-05 9.98419E-05 9.98419E-05 9.98419E-05 9.98419E-05 9.98419E-05 0.0287721 9.98419E-05 0.0527373 9.98419E-05 9.98419E-05 9.98419E-05 0.167305 9.98419E-05 0.111998 0.365943 0.0619544 9.98419E-05 0.112087 9.98419E-05 9.98419E-05
9.98422E-05 0.00971242 9.98422E-05 9.98422E-05 9.98422E-05 9.98422E-05 0.0534332 9.98422E-05 9.98422E-05 0.0209842 0.00329663 9.98422E-05 9.98422E-05 0.224425 9.98422E-05 9.98422E-05 0.0453561 9.98422E-05 9.98422E-05 0.0898964 9.98422E-05 0.0987125 0.411541 9.98422E-05 0.0408456 9.98422E-05 9.98422E-05 9.98422E-05
9.98159E-05 0.0620663 0.0319111 9.98159E-05 9.98159E-05 9.98159E-05 9.98159E-05 9.98159E-05 0.0420567 9.98159E-05 9.98159E-05 9.98159E-05 9.98159E-05 9.98159E-05 9.98159E-05 9.98159E-05 9.98159E-05 0.0520956 9.98159E-05 9.98159E-05 9.98159E-05 9.98159E-05 0.665038 0.139338 0.00539846 9.98159E-05 9.98159E-05 9.98159E-05
9.98333E-05 9.98333E-05 9.98333E-05 9.98333E-05 9.98333E-05 9.98333E-05 9.98333E-05 0.00477562 9.98333E-05 9.98333E-05 9.98333E-05 9.98333E-05 0.20476 9.98333E-05 9.98333E-05 0.0774874 0.0278299 9.98333E-05 9.98333E-05 0.073989 9.98333E-05 0.0129939 0.52928 0.0637168 9.98333E-05 9.98333E-05 0.00327052 9.98333E-05
9.97984E-05 9.97984E-05 9.97984E-05 9.97984E-05 9.97984E-05 0.00851303 9.97984E-05 9.97984E-05 0.11079 9.97984E-05 9.97984E-05 0.00967689 9.97984E-05 9.97984E-05 9.97984E-05 9.97984E-05 9.97984E-05 9.97984E-05 9.97984E-05 9.97984E-05 9.97984E-05 9.97984E-05 0.767583 9.97984E-05 9.97984E-05 9.97984E-05 0.101141 9.97984E-05
9.98334E-05 9.98334E-05 9.98334E-05 0.00558864 9.98334E-05 9.98334E-05 9.98334E-05 0.151168 9.98334E-05 9.98334E-05 9.98334E-05 0.0385394 9.98334E-05 9.98334E-05 9.98334E-05 9.98334E-05 9.98334E-05 0.0554933 9.98334E-05 0.0198019 9.98334E-05 0.0684082 0.566486 9.98334E-05 9.98334E-05 9.98334E-05 0.0816935 0.0109241
9.98421E-05 0.0132276 9.98421E-05 9.98421E-05 9.98421E-05 9.98421E-05 0.0179292 0.0197757 0.0211983 9.98421E-05 9.98421E-05 0.0750238 9.98421E-05 9.98421E-05 0.0293342 9.98421E-05 9.98421E-05 9.98421E-05 9.98421E-05 0.112583 9.98421E-05 0.0856884 0.352267 9.98421E-05 9.98421E-05 9.98421E-05 9.98421E-05 0.271175
9.98246E-05 9.98246E-05 9.98246E-05 9.98246E-05 9.98246E-05 0.0152857 9.98246E-05 9.98246E-05 0.134519 9.98246E-05 0.0588728 9.98246E-05 9.98246E-05 0.180692 9.98246E-05 9.98246E-05 9.98246E-05 9.98246E-05 9.98246E-05 0.0203449 9.98246E-05 0.171166 0.380234 9.98246E-05 9.98246E-05 0.0368891 9.98246E-05 9.98246E-05
9.98334E-05 0.00144207 0.0193882 9.98334E-05 9.98334E-05 9.98334E-05 9.98334E-05 9.98334E-05 0.00527698 9.98334E-05 9.98334E-05 9.98334E-05 0.128058 9.98334E-05 0.0149732 9.98334E-05 9.98334E-05 9.98334E-05 9.98334E-05 0.0461082 9.98334E-05 0.0282191 0.677312 0.0773249 9.98334E-05 9.98334E-05 9.98334E-05 9.98334E-05
9.98247E-05 9.98247E-05 9.98247E-05 9.98247E-05 9.98247E-05 9.98247E-05 9.98247E-05 0.0121752 9.98247E-05 0.0696414 9.98247E-05 9.98247E-05 9.98247E-05 9.98247E-05 9.98247E-05 9.98247E-05 9.98247E-05 9.98247E-05 9.98247E-05 0.122228 9.98247E-05 0.0261331 0.476825 0.286798 0.000533114 9.98247E-05 0.00366964 9.98247E-05
9.97807E-05 9.97807E-05 9.97807E-05 9.97807E-05 9.97807E-05 9.97807E-05 9.97807E-05 9.97807E-05 9.97807E-05 9.97807E-05 0.176345 9.97807E-05 9.97807E-05 9.97807E-05 9.97807E-05 9.97807E-05 9.97807E-05 9.97807E-05 9.97807E-05 9.97807E-05 9.97807E-05 9.97807E-05 0.647031 0.17413 9.97807E-05 9.97807E-05 9.97807E-05 9.97807E-05
9.9851E-05 0.0605755 9.9851E-05 9.9851E-05 9.9851E-05 9.9851E-05 9.9851E-05 0.0781455 9.9851E-05 0.00831795 9.9851E-05 9.9851E-05 9.9851E-05 0.0162973 9.9851E-05 0.21751 0.0205066 9.9851E-05 0.0167885 0.0881924 9.9851E-05 0.178699 0.296758 9.9851E-05 9.9851E-05 9.9851E-05 0.0165115 9.9851E-05
9.98071E-05 9.98071E-05 9.98071E-05 9.98071E-05 9.98071E-05 9.98071E-05 0.013581 9.98071E-05 0.0754502 9.98071E-05 9.98071E-05 9.98071E-05 9.98071E-05 9.98071E-05 9.98071E-05 9.98071E-05 0.111357 9.98071E-05 9.98071E-05 0.424802 9.98071E-05 0.129261 0.243354 9.98071E-05 9.98071E-05 9.98071E-05 9.98071E-05 9.98071E-05
9.98244E-05 9.98244E-05 9.98244E-05 0.0396517 9.98244E-05 9.98244E-05 9.98244E-05 9.98244E-05 0.0673799 9.98244E-05 9.98244E-05 0.0020927 9.98244E-05 9.98244E-05 0.0798122 9.98244E-05 9.98244E-05 9.98244E-05 9.98244E-05 0.0426164 9.98244E-05 0.0324984 0.672693 9.98244E-05 9.98244E-05 9.98244E-05 0.0612589 9.98244E-05
9.97983E-05 0.0546675 9.97983E-05 9.97983E-05 9.97983E-05 9.97983E-05 9.97983E-05 0.0100905 9.97983E-05 9.97983E-05 9.97983E-05 9.97983E-05 9.97983E-05 9.97983E-05 9.97983E-05 9.97983E-05 0.0741687 9.97983E-05 9.97983E-05 9.97983E-05 9.97983E-05 0.0767216 0.782056 9.97983E-05 9.97983E-05 9.97983E-05 9.97983E-05 9.97983E-05
9.98071E-05 9.98071E-05 9.98071E-05 9.98071E-05 9.98071E-05 0.00151173 0.0575152 9.98071E-05 9.98071E-05 9.98071E-05 9.98071E-05 9.98071E-05 9.98071E-05 9.98071E-05 9.98071E-05 9.98071E-05 9.98071E-05 9.98071E-05 9.98071E-05 9.98071E-05 9.98071E-05 0.0288868 0.650911 9.98071E-05 9.98071E-05 0.0076294 0.25135 9.98071E-05
9.98158E-05 9.98158E-05 9.98158E-05 9.98158E-05 9.98158E-05 9.98158E-05 9.98158E-05 9.98158E-05 9.98158E-05 9.98158E-05 9.98158E-05 9.98158E-05 9.98158E-05 0.0745121 0.147739 0.088389 9.98158E-05 9.98158E-05 9.98158E-05 0.0815975 9.98158E-05 0.129715 0.432519 0.0434327 9.98158E-05 9.98158E-05 9.98158E-05 9.98158E-05
9.98249E-05 9.98249E-05 9.98249E-05 0.028413 9.98249E-05 0.0346116 0.125655 0.00963511 0.0815887 9.98249E-05 9.98249E-05 9.98249E-05 9.98249E-05 9.98249E-05 9.98249E-05 9.98249E-05 9.98249E-05 9.98249E-05 9.98249E-05 0.0125305 9.98249E-05 9.98249E-05 0.62832 9.98249E-05 9.98249E-05 9.98249E-05 0.0772492 9.98249E-05
9.9842E-05 0.0252796 9.9842E-05 9.9842E-05 9.9842E-05 9.9842E-05 9.9842E-05 0.0409807 9.9842E-05 0.0872634 9.9842E-05 9.9842E-05 9.9842E-05 0.162769 0.057027 0.068749 0.101461 9.9842E-05 9.9842E-05 9.9842E-05 9.9842E-05 0.162265 0.206294 0.0861152 9.9842E-05 9.9842E-05 9.9842E-05 9.9842E-05
9.98246E-05 9.98246E-05 9.98246E-05 0.0960575 9.98246E-05 9.98246E-05 0.00960689 9.98246E-05 9.98246E-05 0.0292832 9.98246E-05 9.98246E-05 9.98246E-05 9.98246E-05 0.044704 9.98246E-05 0.124676 9.98246E-05 9.98246E-05 0.203779 9.98246E-05 9.98246E-05 0.470881 9.98246E-05 9.98246E-05 0.0190157 9.98246E-05 9.98246E-05
9.97985E-05 9.97985E-05 0.0333907 9.97985E-05 9.97985E-05 9.97985E-05 9.97985E-05 9.97985E-05 9.97985E-05 9.97985E-05 9.97985E-05 0.0352695 9.97985E-05 0.044671 9.97985E-05 9.97985E-05 9.97985E-05 9.97985E-05 9.97985E-05 9.97985E-05 9.97985E-05 9.97985E-05 0.806205 9.97985E-05 0.0781681 9.97985E-05 9.97985E-05 9.97985E-05
9.98334E-05 9.98334E-05 9.98334E-05 0.0075988 9.98334E-05 0.0111558 0.0171738 9.98334E-05 9.98334E-05 9.98334E-05 9.98334E-05 9.98334E-05 9.98334E-05 9.98334E-05 9.98334E-05 9.98334E-05 9.98334E-05 9.98334E-05 9.98334E-05 0.0544703 9.98334E-05 0.00218607 0.441327 9.98334E-05 0.0347407 0.193063 0.236387 9.98334E-05
9.98074E-05 9.98074E-05 0.080008 9.98074E-05 9.98074E-05 9.98074E-05 9.98074E-05 9.98074E-05 9.98074E-05 9.98074E-05 9.98074E-05 9.98074E-05 9.98074E-05 9.98074E-05 9.98074E-05 9.98074E-05 9.98074E-05 9.98074E-05 9.98074E-05 9.98074E-05 0.0191267 0.140442 0.522843 9.98074E-05 9.98074E-05 9.98074E-05 0.140149 0.0952353
9.98248E-05 0.0579106 9.98248E-05 0.133567 9.98248E-05 9.98248E-05 9.98248E-05 9.98248E-05 0.0537552 9.98248E-05 9.98248E-05 9.98248E-05 9.98248E-05 9.98248E-05 9.98248E-05 0.0586951 9.98248E-05 0.068627 9.98248E-05 0.0143992 9.98248E-05 9.98248E-05 0.552764 9.98248E-05 9.98248E-05 9.98248E-05 0.0582852 9.98248E-05
9.98069E-05 9.98069E-05 9.98069E-05 9.98069E-05 9.98069E-05 9.98069E-05 9.98069E-05 9.98069E-05 0.0593712 9.98069E-05 9.98069E-05 9.98069E-05 0.121876 9.98069E-05 9.98069E-05 9.98069E-05 9.98069E-05 9.98069E-05 9.98069E-05 0.0863198 9.98069E-05 0.0520982 0.656431 9.98069E-05 0.0217086 9.98069E-05 9.98069E-05 9.98069E-05
9.97983E-05 0.00933749 9.97983E-05 9.97983E-05 9.97983E-05 9.97983E-05 9.97983E-05 9.97983E-05 9.97983E-05 9.97983E-05 9.97983E-05 9.97983E-05 9.97983E-05 9.97983E-05 9.97983E-05 9.97983E-05 0.14312 9.97983E-05 9.97983E-05 0.0402934 9.97983E-05 0.0685403 0.736413 9.97983E-05 9.97983E-05 9.97983E-05 9.97983E-05 9.97983E-05
9.97983E-05 0.0683338 9.97983E-05 9.97983E-05 9.97983E-05 9.97983E-05 9.97983E-05 0.00989746 9.97983E-05 9.97983E-05 9.97983E-05 9.97983E-05 9.97983E-05 9.97983E-05 9.97983E-05 0.110684 9.97983E-05 9.97983E-05 9.97983E-05 9.97983E-05 9.97983E-05 0.0579648 0.750824 9.97983E-05 9.97983E-05 9.97983E-05 9.97983E-05 9.97983E-05
9.98157E-05 0.00271133 9.98157E-05 9.98157E-05 9.98157E-05 9.98157E-05 9.98157E-05 0.00245732 9.98157E-05 9.98157E-05 9.98157E-05 9.98157E-05 9.98157E-05 0.0364125 9.98157E-05 0.808109 9.98157E-05 9.98157E-05 0.0631809 0.0110923 9.98157E-05 0.0739405 9.98157E-05 9.98157E-05 9.98157E-05 9.98157E-05 9.98157E-05 9.98157E-05
9.9772E-05 9.9772E-05 9.9772E-05 9.9772E-05 9.9772E-05 9.9772E-05 9.9772E-05 9.9772E-05 9.9772E-05 9.9772E-05 9.9772E-05 9.9772E-05 9.9772E-05 9.9772E-05 9.9772E-05 9.9772E-05 0.0140429 9.9772E-05 9.9772E-05 9.9772E-05 9.9772E-05 9.9772E-05 9.9772E-05 9.9772E-05 9.9772E-05 9.9772E-05 0.983363 9.9772E-05
9.97895E-05 0.0187818 9.97895E-05 9.97895E-05 9.97895E-05 9.97895E-05 9.97895E-05 9.97895E-05 9.97895E-05 9.97895E-05 9.97895E-05 9.97895E-05 9.97895E-05 9.97895E-05 9.97895E-05 0.459336 9.97895E-05 9.97895E-05 9.97895E-05 9.97895E-05 9.97895E-05 9.97895E-05 9.97895E-05 9.97895E-05 0.0271827 9.97895E-05 0.492305 9.97895E-05
9.98158E-05 9.98158E-05 0.00230752 9.98158E-05 9.98158E-05 0.0460392 9.98158E-05 0.0573804 9.98158E-05 9.98158E-05 9.98158E-05 0.271841 9.98158E-05 0.174405 9.98158E-05 0.433564 9.98158E-05 9.98158E-05 9.98158E-05 9.98158E-05 9.98158E-05 0.0123676 9.98158E-05 9.98158E-05 9.98158E-05 9.98158E-05 9.98158E-05 9.98158E-05
9.98242E-05 9.98242E-05 9.98242E-05 9.98242E-05 9.98242E-05 0.0200169 0.0294255 0.0470572 9.98242E-05 9.98242E-05 9.98242E-05 9.98242E-05 9.98242E-05 9.98242E-05 9.98242E-05 0.797586 9.98242E-05 0.0479059 9.98242E-05 0.050634 9.98242E-05 0.00059736 9.98242E-05 9.98242E-05 0.00478078 9.98242E-05 9.98242E-05 9.98242E-05
9.97979E-05 9.97979E-05 9.97979E-05 9.97979E-05 9.97979E-05 9.97979E-05 9.97979E-05 0.011587 9.97979E-05 9.97979E-05 9.97979E-05 9.97979E-05 9.97979E-05 0.0145637 9.97979E-05 0.788022 9.97979E-05 9.97979E-05 9.97979E-05 0.0313904 9.97979E-05 0.152141 9.97979E-05 9.97979E-05 9.97979E-05 9.97979E-05 9.97979E-05 9.97979E-05
9.97893E-05 9.97893E-05 9.97893E-05 9.97893E-05 9.97893E-05 9.97893E-05 9.97893E-05 9.97893E-05 9.97893E-05 9.97893E-05 9.97893E-05 0.27239 0.101813 9.97893E-05 9.97893E-05 0.578241 9.97893E-05 9.97893E-05 9.97893E-05 9.97893E-05 9.97893E-05 0.0451601 9.97893E-05 9.97893E-05 9.97893E-05 9.97893E-05 9.97893E-05 9.97893E-05
9.98069E-05 9.98069E-05 9.98069E-05 9.98069E-05 9.98069E-05 0.0226669 9.98069E-05 0.00338198 9.98069E-05 9.98069E-05 9.98069E-05 0.0995179 9.98069E-05 9.98069E-05 9.98069E-05 0.646378 9.98069E-05 9.98069E-05 9.98069E-05 9.98069E-05 9.98069E-05 0.090576 9.98069E-05 9.98069E-05 0.135284 9.98069E-05 9.98069E-05 9.98069E-05
9.97983E-05 9.97983E-05 9.97983E-05 9.97983E-05 9.97983E-05 9.97983E-05 9.97983E-05 9.97983E-05 9.97983E-05 0.0784085 9.97983E-05 0.0327544 9.97983E-05 0.00223772 9.97983E-05 0.680808 9.97983E-05 9.97983E-05 9.97983E-05 9.97983E-05 9.97983E-05 9.97983E-05 9.97983E-05 9.97983E-05 9.97983E-05 9.97983E-05 0.203496 9.97983E-05
9.97632E-05 9.97632E-05 9.97632E-05 9.97632E-05 9.97632E-05 9.97632E-05 9.97632E-05 9.97632E-05 9.97632E-05 9.97632E-05 9.97632E-05 9.97632E-05 9.97632E-05 9.97632E-05 9.97632E-05 0.997306 9.97632E-05 9.97632E-05 9.97632E-05 9.97632E-05 9.97632E-05 9.97632E-05 9.97632E-05 9.97632E-05 9.97632E-05 9.97632E-05 9.97632E-05 9.97632E-05
9.97978E-05 0.120419 9.97978E-05 9.97978E-05 9.97978E-05 9.97978E-05 9.97978E-05 0.0371624 0.00856673 9.97978E-05 9.97978E-05 9.97978E-05 9.97978E-05 9.97978E-05 9.97978E-05 0.634472 9.97978E-05 9.97978E-05 9.97978E-05 9.97978E-05 9.97978E-05 0.197085 9.97978E-05 9.97978E-05 9.97978E-05 9.97978E-05 9.97978E-05 9.97978E-05
0.0160719 0.0342483 0.0399882 9.98595E-05 9.98595E-05 0.0311135 9.98595E-05 0.0164487 0.0139038 9.98595E-05 9.98595E-05 0.0137758 9.98595E-05 9.98595E-05 9.98595E-05 0.509366 0.0281762 9.98595E-05 9.98595E-05 0.100315 0.0732549 0.121739 9.98595E-05 9.98595E-05 9.98595E-05 9.98595E-05 9.98595E-05 9.98595E-05
0.0814143 0.0213587 9.98245E-05 0.00807209 9.98245E-05 9.98245E-05 0.0374274 0.20449 9.98245E-05 9.98245E-05 9.98245E-05 9.98245E-05 9.98245E-05 9.98245E-05 0.0252745 0.535698 9.98245E-05 9.98245E-05 9.98245E-05 9.98245E-05 9.98245E-05 9.98245E-05 9.98245E-05 9.98245E-05 9.98245E-05 0.0842683 9.98245E-05 9.98245E-05
9.97893E-05 9.97893E-05 9.97893E-05 9.97893E-05 9.97893E-05 9.97893E-05 9.97893E-05 9.97893E-05 9.97893E-05 9.97893E-05 9.97893E-05 0.0675665 9.97893E-05 9.97893E-05 9.97893E-05 0.675967 9.97893E-05 9.97893E-05 9.97893E-05 0.107361 9.97893E-05 0.146711 9.97893E-05 9.97893E-05 9.97893E-05 9.97893E-05 9.97893E-05 9.97893E-05
9.97813E-05 9.97813E-05 9.97813E-05 9.97813E-05 9.97813E-05 9.97813E-05 0.00509126 9.97813E-05 9.97813E-05 9.97813E-05 9.97813E-05 9.97813E-05 9.97813E-05 9.97813E-05 9.97813E-05 0.973724 9.97813E-05 9.97813E-05 9.97813E-05 9.97813E-05 9.97813E-05 9.97813E-05 9.97813E-05 0.0186899 9.97813E-05 9.97813E-05 9.97813E-05 9.97813E-05
9.97635E-05 9.97635E-05 9.97635E-05 9.97635E-05 9.97635E-05 9.97635E-05 9.97635E-05 9.97635E-05 9.97635E-05 9.97635E-05 9.97635E-05 9.97635E-05 9.97635E-05 9.97635E-05 9.97635E-05 0.997306 9.97635E-05 9.97635E-05 9.97635E-05 9.97635E-05 9.97635E-05 9.97635E-05 9.97635E-05 9.97635E-05 9.97635E-05 9.97635E-05 9.97635E-05 9.97635E-05
9.97804E-05 9.97804E-05 9.97804E-05 9.97804E-05 9.97804E-05 9.97804E-05 9.97804E-05 9.97804E-05 0.0347847 9.97804E-05 9.97804E-05 9.97804E-05 9.97804E-05 9.97804E-05 9.97804E-05 0.796414 9.97804E-05 9.97804E-05 0.166307 9.97804E-05 9.97804E-05 9.97804E-05 9.97804E-05 9.97804E-05 9.97804E-05 9.97804E-05 9.97804E-05 9.97804E-05
0.0101172 0.0834274 9.97982E-05 9.97982E-05 9.97982E-05 9.97982E-05 9.97982E-05 0.0412869 0.205883 9.97982E-05 9.97982E-05 9.97982E-05 9.97982E-05 9.97982E-05 9.97982E-05 0.65699 9.97982E-05 9.97982E-05 9.97982E-05 9.97982E-05 9.97982E-05 9.97982E-05 9.97982E-05 9.97982E-05 9.97982E-05 9.97982E-05 9.97982E-05 9.97982E-05
9.9772E-05 9.9772E-05 9.9772E-05 9.9772E-05 9.9772E-05 9.9772E-05 9.9772E-05 9.9772E-05 9.9772E-05 9.9772E-05 9.9772E-05 9.9772E-05 9.9772E-05 9.9772E-05 9.9772E-05 0.955687 9.9772E-05 9.9772E-05 9.9772E-05 9.9772E-05 9.9772E-05 9.9772E-05 9.9772E-05 9.9772E-05 0.0417193 9.9772E-05 9.9772E-05 9.9772E-05
9.97892E-05 9.97892E-05 9.97892E-05 9.97892E-05 9.97892E-05 9.97892E-05 9.97892E-05 9.97892E-05 9.97892E-05 9.97892E-05 9.97892E-05 9.97892E-05 9.97892E-05 9.97892E-05 9.97892E-05 0.70793 9.97892E-05 9.97892E-05 9.97892E-05 9.97892E-05 9.97892E-05 0.115861 9.97892E-05 0.118586 9.97892E-05 0.0552279 9.97892E-05 9.97892E-05
9.97633E-05 9.97633E-05 9.97633E-05 9.97633E-05 9.97633E-05 9.97633E-05 9.97633E-05 9.97633E-05 9.97633E-05 9.97633E-05 9.97633E-05 9.97633E-05 9.97633E-05 9.97633E-05 9.97633E-05 9.97633E-05 9.97633E-05 9.97633E-05 9.97633E-05 9.97633E-05 9.97633E-05 9.97633E-05 9.97633E-05 9.97633E-05 9.97633E-05 9.97633E-05 0.997306 9.97633E-05
9.9798E-05 9.9798E-05 9.9798E-05 0.00837307 9.9798E-05 9.9798E-05 9.9798E-05 9.9798E-05 0.0131198 9.9798E-05 9.9798E-05 9.9798E-05 9.9798E-05 9.9798E-05 9.9798E-05 0.737556 9.9798E-05 9.9798E-05 9.9798E-05 0.198741 9.9798E-05 0.0399147 9.9798E-05 9.9798E-05 9.9798E-05 9.9798E-05 9.9798E-05 9.9798E-05
9.97809E-05 9.97809E-05 9.97809E-05 9.97809E-05 9.97809E-05 9.97809E-05 9.97809E-05 9.97809E-05 9.97809E-05 9.97809E-05 9.97809E-05 9.97809E-05 9.97809E-05 0.122278 9.97809E-05 0.868604 9.97809E-05 9.97809E-05 9.97809E-05 9.97809E-05 0.00662299 9.97809E-05 9.97809E-05 9.97809E-05 9.97809E-05 9.97809E-05 9.97809E-05 9.97809E-05
9.98245E-05 0.0357428 9.98245E-05 9.98245E-05 9.98245E-05 0.0220566 9.98245E-05 0.0101616 0.121151 9.98245E-05 9.98245E-05 9.98245E-05 9.98245E-05 9.98245E-05 9.98245E-05 0.722811 0.0564938 9.98245E-05 0.00712683 9.98245E-05 9.98245E-05 0.0224599 9.98245E-05 9.98245E-05 9.98245E-05 9.98245E-05 9.98245E-05 9.98245E-05
0.0144688 0.126135 9.97981E-05 9.97981E-05 9.97981E-05 9.97981E-05 9.97981E-05 9.97981E-05 9.97981E-05 9.97981E-05 9.97981E-05 9.97981E-05 9.97981E-05 9.97981E-05 9.97981E-05 0.722082 9.97981E-05 9.97981E-05 9.97981E-05 9.97981E-05 0.0357767 9.97981E-05 9.97981E-05 9.97981E-05 9.97981E-05 9.97981E-05 0.0992422 9.97981E-05
9.97807E-05 9.97807E-05 9.97807E-05 9.97807E-05 9.97807E-05 9.97807E-05 9.97807E-05 0.0468956 9.97807E-05 9.97807E-05 9.97807E-05 9.97807E-05 9.97807E-05 9.97807E-05 9.97807E-05 9.97807E-05 9.97807E-05 0.0123268 9.97807E-05 9.97807E-05 9.97807E-05 9.97807E-05 9.97807E-05 9.97807E-05 9.97807E-05 9.97807E-05 0.938283 9.97807E-05
9.97636E-05 9.97636E-05 9.97636E-05 9.97636E-05 9.97636E-05 9.97636E-05 9.97636E-05 9.97636E-05 9.97636E-05 9.97636E-05 9.97636E-05 9.97636E-05 9.97636E-05 9.97636E-05 9.97636E-05 0.997306 9.97636E-05 9.97636E-05 9.97636E-05 9.97636E-05 9.97636E-05 9.97636E-05 9.97636E-05 9.97636E-05 9.97636E-05 9.97636E-05 9.97636E-05 9.97636E-05
9.97629E-05 9.97629E-05 9.97629E-05 9.97629E-05 9.97629E-05 9.97629E-05 9.97629E-05 9.97629E-05 9.97629E-05 9.97629E-05 9.97629E-05 9.97629E-05 9.97629E-05 9.97629E-05 9.97629E-05 9.97629E-05 9.97629E-05 9.97629E-05 9.97629E-05 9.97629E-05 9.97629E-05 9.97629E-05 9.97629E-05 9.97629E-05 9.97629E-05 9.97629E-05 0.997306 9.97629E-05
9.97722E-05 9.97722E-05 9.97722E-05 9.97722E-05 9.97722E-05 9.97722E-05 9.97722E-05 9.97722E-05 9.97722E-05 9.97722E-05 9.97722E-05 9.97722E-05 9.97722E-05 9.97722E-05 9.97722E-05 0.926875 9.97722E-05 9.97722E-05 9.97722E-05 9.97722E-05 9.97722E-05 9.97722E-05 9.97722E-05 9.97722E-05 0.0705313 9.97722E-05 9.97722E-05 9.97722E-05
9.97894E-05 9.97894E-05 9.97894E-05 9.97894E-05 9.97894E-05 9.97894E-05 9.97894E-05 0.0316743 9.97894E-05 9.97894E-05 0.231881 9.97894E-05 9.97894E-05 9.97894E-05 9.97894E-05 9.97894E-05 9.97894E-05 9.97894E-05 9.97894E-05 9.97894E-05 9.97894E-05 0.103687 9.97894E-05 9.97894E-05 9.97894E-05 9.97894E-05 0.630363 9.97894E-05
9.97895E-05 9.97895E-05 9.97895E-05 0.58888 9.97895E-05 9.97895E-05 9.97895E-05 0.0511175 9.97895E-05 9.97895E-05 9.97895E-05 9.97895E-05 9.97895E-05 0.269978 9.97895E-05 9.97895E-05 9.97895E-05 9.97895E-05 9.97895E-05 9.97895E-05 9.97895E-05 0.0876297 9.97895E-05 9.97895E-05 9.97895E-05 9.97895E-05 9.97895E-05 9.97895E-05
9.97809E-05 9.97809E-05 9.97809E-05 9.97809E-05 9.97809E-05 9.97809E-05 9.97809E-05 9.97809E-05 9.97809E-05 9.97809E-05 0.541391 9.97809E-05 9.97809E-05 0.365652 9.97809E-05 9.97809E-05 9.97809E-05 9.97809E-05 9.97809E-05 9.97809E-05 9.97809E-05 9.97809E-05 9.97809E-05 9.97809E-05 9.97809E-05 9.97809E-05 9.97809E-05 0.0904623
0.0274262 0.00822591 9.98157E-05 0.102834 9.98157E-05 9.98157E-05 0.0297445 0.00661662 9.98157E-05 9.98157E-05 9.98157E-05 9.98157E-05 9.98157E-05 0.726674 9.98157E-05 9.98157E-05 9.98157E-05 9.98157E-05 9.98157E-05 9.98157E-05 9.98157E-05 0.0963828 9.98157E-05 9.98157E-05 9.98157E-05 9.98157E-05 9.98157E-05 9.98157E-05
9.9798E-05 9.9798E-05 9.9798E-05 0.185877 9.9798E-05 9.9798E-05 0.0219495 9.9798E-05 9.9798E-05 9.9798E-05 9.9798E-05 9.9798E-05 9.9798E-05 0.671334 9.9798E-05 9.9798E-05 9.9798E-05 9.9798E-05 9.9798E-05 9.9798E-05 9.9798E-05 0.0547501 9.9798E-05 9.9798E-05 0.0637949 9.9798E-05 9.9798E-05 9.9798E-05
0.030202 9.98067E-05 9.98067E-05 0.526466 9.98067E-05 0.00421636 9.98067E-05 0.0902973 9.98067E-05 0.00501305 9.98067E-05 9.98067E-05 9.98067E-05 0.341609 9.98067E-05 9.98067E-05 9.98067E-05 9.98067E-05 9.98067E-05 9.98067E-05 9.98067E-05 9.98067E-05 9.98067E-05 9.98067E-05 9.98067E-05 9.98067E-05 9.98067E-05 9.98067E-05
9.9807E-05 9.9807E-05 9.9807E-05 0.426116 9.9807E-05 9.9807E-05 9.9807E-05 0.130844 9.9807E-05 9.9807E-05 0.150286 0.0576903 9.9807E-05 9.9807E-05 9.9807E-05 9.9807E-05 0.0899489 9.9807E-05 9.9807E-05 9.9807E-05 9.9807E-05 0.142919 9.9807E-05 9.9807E-05 9.9807E-05 9.9807E-05 9.9807E-05 9.9807E-05
9.97895E-05 9.97895E-05 9.97895E-05 9.97895E-05 9.97895E-05 9.97895E-05 9.97895E-05 0.0492789 9.97895E-05 9.97895E-05 9.97895E-05 9.97895E-05 9.97895E-05 0.89372 9.97895E-05 9.97895E-05 9.97895E-05 9.97895E-05 9.97895E-05 9.97895E-05 9.97895E-05 0.00694689 9.97895E-05 9.97895E-05 0.0476596 9.97895E-05 9.97895E-05 9.97895E-05
9.97719E-05 9.97719E-05 9.97719E-05 9.97719E-05 9.97719E-05 9.97719E-05 9.97719E-05 0.136644 9.97719E-05 9.97719E-05 9.97719E-05 9.97719E-05 9.97719E-05 0.860762 9.97719E-05 9.97719E-05 9.97719E-05 9.97719E-05 9.97719E-05 9.97719E-05 9.97719E-05 9.97719E-05 9.97719E-05 9.97719E-05 9.97719E-05 9.97719E-05 9.97719E-05 9.97719E-05
0.0107334 0.00707843 9.98069E-05 9.98069E-05 9.98069E-05 9.98069E-05 9.98069E-05 0.32681 9.98069E-05 9.98069E-05 9.98069E-05 0.241667 9.98069E-05 0.365481 9.98069E-05 9.98069E-05 9.98069E-05 9.98069E-05 9.98069E-05 9.98069E-05 9.98069E-05 9.98069E-05 9.98069E-05 0.0460346 9.98069E-05 9.98069E-05 9.98069E-05 9.98069E-05
9.97806E-05 9.97806E-05 9.97806E-05 9.97806E-05 9.97806E-05 9.97806E-05 9.97806E-05 0.185815 9.97806E-05 9.97806E-05 9.97806E-05 9.97806E-05 9.97806E-05 0.602624 9.97806E-05 9.97806E-05 9.97806E-05 9.97806E-05 9.97806E-05 9.97806E-05 9.97806E-05 0.209067 9.97806E-05 9.97806E-05 9.97806E-05 9.97806E-05 9.97806E-05 9.97806E-05
9.98071E-05 0.0270318 9.98071E-05 0.269997 0.38457 9.98071E-05 9.98071E-05 9.98071E-05 9.98071E-05 9.98071E-05 9.98071E-05 0.19536 9.98071E-05 0.0503502 9.98071E-05 9.98071E-05 9.98071E-05 9.98071E-05 9.98071E-05 9.98071E-05 9.98071E-05 0.0704949 9.98071E-05 9.98071E-05 9.98071E-05 9.98071E-05 9.98071E-05 9.98071E-05
9.98157E-05 0.0055423 9.98157E-05 0.5873 0.0222996 9.98157E-05 9.98157E-05 9.98157E-05 9.98157E-05 9.98157E-05 9.98157E-05 0.0454377 9.98157E-05 0.0735341 9.98157E-05 9.98157E-05 9.98157E-05 9.98157E-05 9.98157E-05 9.98157E-05 9.98157E-05 0.0154686 9.98157E-05 9.98157E-05 9.98157E-05 9.98157E-05 9.98157E-05 0.248322
9.97722E-05 9.97722E-05 9.97722E-05 9.97722E-05 9.97722E-05 9.97722E-05 9.97722E-05 9.97722E-05 9.97722E-05 9.97722E-05 0.0517982 9.97722E-05 9.97722E-05 0.945608 9.97722E-05 9.97722E-05 9.97722E-05 9.97722E-05 9.97722E-05 9.97722E-05 9.97722E-05 9.97722E-05 9.97722E-05 9.97722E-05 9.97722E-05 9.97722E-05 9.97722E-05 9.97722E-05
9.97898E-05 9.97898E-05 9.97898E-05 0.526329 0.175675 9.97898E-05 9.97898E-05 0.136739 9.97898E-05 9.97898E-05 9.97898E-05 9.97898E-05 9.97898E-05 9.97898E-05 9.97898E-05 9.97898E-05 9.97898E-05 9.97898E-05 9.97898E-05 9.97898E-05 9.97898E-05 0.158863 9.97898E-05 9.97898E-05 9.97898E-05 9.97898E-05 9.97898E-05 9.97898E-05
0.0257627 9.98159E-05 9.98159E-05 0.266068 9.98159E-05 9.98159E-05 9.98159E-05 0.00971125 9.98159E-05 9.98159E-05 0.110377 9.98159E-05 9.98159E-05 0.42144 9.98159E-05 9.98159E-05 9.98159E-05 9.98159E-05 9.98159E-05 9.98159E-05 9.98159E-05 9.98159E-05 9.98159E-05 9.98159E-05 0.144983 0.0195621 9.98159E-05 9.98159E-05
9.98508E-05 0.0384273 9.98508E-05 0.382155 9.98508E-05 0.00564393 0.0405211 0.0725166 9.98508E-05 9.98508E-05 0.082086 9.98508E-05 9.98508E-05 0.142988 9.98508E-05 9.98508E-05 0.0219966 9.98508E-05 0.00600933 9.98508E-05 9.98508E-05 0.106791 9.98508E-05 0.0991678 9.98508E-05 9.98508E-05 9.98508E-05 9.98508E-05
9.98157E-05 9.98157E-05 9.98157E-05 0.0099725 0.0386901 9.98157E-05 9.98157E-05 9.98157E-05 9.98157E-05 9.98157E-05 9.98157E-05 0.238236 9.98157E-05 0.578597 9.98157E-05 9.98157E-05 9.98157E-05 0.0399142 9.98157E-05 9.98157E-05 0.0248206 0.0676738 9.98157E-05 9.98157E-05 9.98157E-05 9.98157E-05 9.98157E-05 9.98157E-05
9.98423E-05 9.98423E-05 9.98423E-05 0.545885 0.0612476 0.0399691 0.0922692 0.0581378 9.98423E-05 9.98423E-05 9.98423E-05 9.98423E-05 9.98423E-05 0.0675024 9.98423E-05 9.98423E-05 0.0654967 9.98423E-05 9.98423E-05 0.0492504 9.98423E-05 9.98423E-05 9.98423E-05 0.00390277 9.98423E-05 9.98423E-05 9.98423E-05 0.0145422
9.97982E-05 0.039908 9.97982E-05 0.454115 0.126399 9.97982E-05 9.97982E-05 0.00415066 9.97982E-05 9.97982E-05 9.97982E-05 9.97982E-05 9.97982E-05 0.373132 9.97982E-05 9.97982E-05 9.97982E-05 9.97982E-05 9.97982E-05 9.97982E-05 9.97982E-05 9.97982E-05 9.97982E-05 9.97982E-05 9.97982E-05 9.97982E-05 9.97982E-05 9.97982E-05
9.98157E-05 9.98157E-05 9.98157E-05 0.177311 9.98157E-05 9.98157E-05 9.98157E-05 0.0602906 9.98157E-05 9.98157E-05 9.98157E-05 9.98157E-05 9.98157E-05 0.158114 9.98157E-05 9.98157E-05 9.98157E-05 0.0675353 9.98157E-05 9.98157E-05 0.03834 0.0270746 9.98157E-05 9.98157E-05 9.98157E-05 9.98157E-05 9.98157E-05 0.469238
9.9807E-05 9.9807E-05 9.9807E-05 0.734721 9.9807E-05 9.9807E-05 9.9807E-05 0.000660593 9.9807E-05 9.9807E-05 0.106081 0.043888 9.9807E-05 9.9807E-05 9.9807E-05 9.9807E-05 0.00772387 9.9807E-05 9.9807E-05 9.9807E-05 9.9807E-05 0.104729 9.9807E-05 9.9807E-05 9.9807E-05 9.9807E-05 9.9807E-05 9.9807E-05
0.0200363 9.97895E-05 9.97895E-05 0.632307 9.97895E-05 9.97895E-05 9.97895E-05 0.0251278 9.97895E-05 9.97895E-05 9.97895E-05 9.97895E-05 9.97895E-05 0.320134 9.97895E-05 9.97895E-05 9.97895E-05 9.97895E-05 9.97895E-05 9.97895E-05 9.97895E-05 9.97895E-05 9.97895E-05 9.97895E-05 9.97895E-05 9.97895E-05 9.97895E-05 9.97895E-05
9.9807E-05 9.9807E-05 9.9807E-05 0.467853 9.9807E-05 9.9807E-05 9.9807E-05 0.180734 0.0052531 9.9807E-05 9.9807E-05 0.111987 9.9807E-05 9.9807E-05 9.9807E-05 9.9807E-05 9.9807E-05 0.0772819 9.9807E-05 9.9807E-05 9.9807E-05 0.154695 9.9807E-05 9.9807E-05 9.9807E-05 9.9807E-05 9.9807E-05 9.9807E-05
9.98072E-05 9.98072E-05 0.0605859 0.181681 0.137117 9.98072E-05 9.98072E-05 0.261436 9.98072E-05 9.98072E-05 0.0877702 9.98072E-05 9.98072E-05 0.269214 9.98072E-05 9.98072E-05 9.98072E-05 9.98072E-05 9.98072E-05 9.98072E-05 9.98072E-05 9.98072E-05 9.98072E-05 9.98072E-05 9.98072E-05 9.98072E-05 9.98072E-05 9.98072E-05
9.9807E-05 0.0248624 9.9807E-05 0.55068 9.9807E-05 9.9807E-05 9.9807E-05 0.216599 9.9807E-05 9.9807E-05 9.9807E-05 0.0281005 0.030752 9.9807E-05 9.9807E-05 9.9807E-05 9.9807E-05 9.9807E-05 9.9807E-05 9.9807E-05 9.9807E-05 0.14681 9.9807E-05 9.9807E-05 9.9807E-05 9.9807E-05 9.9807E-05 9.9807E-05
9.98072E-05 9.98072E-05 9.98072E-05 9.98072E-05 0.248625 9.98072E-05 9.98072E-05 0.122704 9.98072E-05 9.98072E-05 9.98072E-05 0.0281538 9.98072E-05 0.517622 9.98072E-05 0.00313199 9.98072E-05 9.98072E-05 9.98072E-05 9.98072E-05 9.98072E-05 0.0775676 9.98072E-05 9.98072E-05 9.98072E-05 9.98072E-05 9.98072E-05 9.98072E-05
9.98071E-05 9.98071E-05 9.98071E-05 0.249112 9.98071E-05 9.98071E-05 0.0513923 9.98071E-05 9.98071E-05 0.072896 0.274083 9.98071E-05 9.98071E-05 9.98071E-05 9.98071E-05 9.98071E-05 9.98071E-05 9.98071E-05 9.98071E-05 9.98071E-05 9.98071E-05 0.0179475 9.98071E-05 9.98071E-05 9.98071E-05 9.98071E-05 9.98071E-05 0.332373
9.97979E-05 9.97979E-05 9.97979E-05 0.180162 9.97979E-05 9.97979E-05 9.97979E-05 0.0663271 0.0541754 9.97979E-05 9.97979E-05 9.97979E-05 9.97979E-05 0.643686 9.97979E-05 9.97979E-05 9.97979E-05 9.97979E-05 9.97979E-05 9.97979E-05 9.97979E-05 0.0533541 9.97979E-05 9.97979E-05 9.97979E-05 9.97979E-05 9.97979E-05 9.97979E-05
9.97984E-05 9.97984E-05 9.97984E-05 0.429448 9.97984E-05 9.97984E-05 9.97984E-05 0.233045 9.97984E-05 9.97984E-05 9.97984E-05 0.00715364 9.97984E-05 0.185485 9.97984E-05 9.97984E-05 9.97984E-05 9.97984E-05 9.97984E-05 9.97984E-05 9.97984E-05 0.142573 9.97984E-05 9.97984E-05 9.97984E-05 9.97984E-05 9.97984E-05 9.97984E-05
9.97982E-05 9.97982E-05 9.97982E-05 0.526875 9.97982E-05 9.97982E-05 0.1336 9.97982E-05 9.97982E-05 9.97982E-05 0.22115 9.97982E-05 9.97982E-05 0.0493944 9.97982E-05 9.97982E-05 9.97982E-05 9.97982E-05 9.97982E-05 9.97982E-05 9.97982E-05 0.0666847 9.97982E-05 9.97982E-05 9.97982E-05 9.97982E-05 9.97982E-05 9.97982E-05
9.9781E-05 9.9781E-05 9.9781E-05 9.9781E-05 9.9781E-05 9.9781E-05 9.9781E-05 9.9781E-05 9.9781E-05 9.9781E-05 9.9781E-05 9.9781E-05 9.9781E-05 0.833675 9.9781E-05 9.9781E-05 9.9781E-05 9.9781E-05 9.9781E-05 9.9781E-05 9.9781E-05 0.16241 9.9781E-05 9.9781E-05 9.9781E-05 0.0014208 9.9781E-05 9.9781E-05
9.97894E-05 0.00806979 9.97894E-05 9.97894E-05 9.97894E-05 9.97894E-05 9.97894E-05 9.97894E-05 9.97894E-05 9.97894E-05 0.108714 9.97894E-05 9.97894E-05 0.791955 9.97894E-05 9.97894E-05 9.97894E-05 9.97894E-05 9.97894E-05 9.97894E-05 9.97894E-05 9.97894E-05 9.97894E-05 9.97894E-05 9.97894E-05 0.0888665 9.97894E-05 9.97894E-05
9.9807E-05 9.9807E-05 9.9807E-05 0.0860784 9.9807E-05 9.9807E-05 0.193963 0.258495 9.9807E-05 9.9807E-05 9.9807E-05 9.9807E-05 9.9807E-05 0.282379 9.9807E-05 9.9807E-05 9.9807E-05 0.0778534 9.9807E-05 9.9807E-05 9.9807E-05 0.099036 9.9807E-05 9.9807E-05 9.9807E-05 9.9807E-05 9.9807E-05 9.9807E-05
9.97805E-05 9.97805E-05 9.97805E-05 0.063887 9.97805E-05 9.97805E-05 9.97805E-05 9.97805E-05 9.97805E-05 9.97805E-05 9.97805E-05 9.97805E-05 9.97805E-05 0.824165 9.97805E-05 9.97805E-05 9.97805E-05 9.97805E-05 9.97805E-05 0.109454 9.97805E-05 9.97805E-05 9.97805E-05 9.97805E-05 9.97805E-05 9.97805E-05 9.97805E-05 9.97805E-05
9.97721E-05 9.97721E-05 9.97721E-05 9.97721E-05 9.97721E-05 9.97721E-05 9.97721E-05 9.97721E-05 9.97721E-05 9.97721E-05 9.97721E-05 9.97721E-05 9.97721E-05 0.987119 9.97721E-05 9.97721E-05 0.0102866 9.97721E-05 9.97721E-05 9.97721E-05 9.97721E-05 9.97721E-05 9.97721E-05 9.97721E-05 9.97721E-05 9.97721E-05 9.97721E-05 9.97721E-05
0.0198312 0.00867496 9.98157E-05 0.278688 0.138707 9.98157E-05 9.98157E-05 9.98157E-05 9.98157E-05 9.98157E-05 9.98157E-05 9.98157E-05 9.98157E-05 0.309144 9.98157E-05 9.98157E-05 0.0845745 9.98157E-05 9.98157E-05 9.98157E-05 9.98157E-05 9.98157E-05 9.98157E-05 0.158285 9.98157E-05 9.98157E-05 9.98157E-05 9.98157E-05
