9.98683E-05 0.0563342 9.98683E-05 9.98683E-05 9.98683E-05 0.103045 9.98683E-05 0.0173753 0.264153 9.98683E-05 0.0281479 0.0176065 9.98683E-05 9.98683E-05 9.98683E-05 9.98683E-05 9.98683E-05 9.98683E-05 9.98683E-05 0.174615 9.98683E-05 0.337224 9.98683E-05
9.98684E-05 0.0128085 0.0672044 9.98684E-05 9.98684E-05 0.00366163 9.98684E-05 9.98684E-05 0.105111 9.98684E-05 0.0723856 0.0174901 9.98684E-05 9.98684E-05 9.98684E-05 9.98684E-05 0.00984618 9.98684E-05 9.98684E-05 9.98684E-05 9.98684E-05 0.709995 9.98684E-05
9.98508E-05 0.0301739 9.98508E-05 9.98508E-05 9.98508E-05 9.98508E-05 9.98508E-05 0.011373 9.98508E-05 9.98508E-05 9.98508E-05 9.98508E-05 9.98508E-05 9.98508E-05 0.0130308 0.0633697 9.98508E-05 9.98508E-05 9.98508E-05 0.0552104 9.98508E-05 0.825145 9.98508E-05
0.0204019 0.0201043 9.98947E-05 9.98947E-05 9.98947E-05 0.0360815 0.000458487 9.98947E-05 9.98947E-05 9.98947E-05 9.98947E-05 0.306696 9.98947E-05 9.98947E-05 0.145593 9.98947E-05 0.0141596 0.020157 9.98947E-05 0.167367 9.98947E-05 0.235052 0.0327311
9.98421E-05 9.98421E-05 0.0616093 9.98421E-05 9.98421E-05 9.98421E-05 9.98421E-05 9.98421E-05 9.98421E-05 9.98421E-05 9.98421E-05 9.98421E-05 9.98421E-05 9.98421E-05 9.98421E-05 0.0617161 0.0433808 9.98421E-05 9.98421E-05 9.98421E-05 9.98421E-05 0.787585 0.0439118
9.98511E-05 9.98511E-05 9.98511E-05 9.98511E-05 9.98511E-05 9.98511E-05 0.157186 9.98511E-05 0.244749 9.98511E-05 9.98511E-05 9.98511E-05 9.98511E-05 9.98511E-05 0.18833 0.167102 9.98511E-05 9.98511E-05 9.98511E-05 9.98511E-05 9.98511E-05 0.12597 0.114965
9.9886E-05 9.9886E-05 0.00707954 9.9886E-05 9.9886E-05 0.133216 9.9886E-05 0.0610463 0.147258 9.9886E-05 0.0645082 0.0174783 0.128551 9.9886E-05 9.9886E-05 9.9886E-05 9.9886E-05 9.9886E-05 9.9886E-05 0.0975902 9.9886E-05 0.252943 0.0890307
9.99036E-05 9.99036E-05 9.99036E-05 0.0906911 9.99036E-05 9.99036E-05 0.0557791 9.99036E-05 0.133586 0.0168869 9.99036E-05 9.99036E-05 0.019385 9.99036E-05 0.207707 0.0468977 0.0516517 0.0024588 9.99036E-05 0.195026 9.99036E-05 0.103654 0.0751773
9.98684E-05 0.166836 9.98684E-05 9.98684E-05 9.98684E-05 9.98684E-05 0.210169 0.157506 9.98684E-05 9.98684E-05 0.0637389 9.98684E-05 9.98684E-05 9.98684E-05 0.0389571 9.98684E-05 9.98684E-05 0.0935513 9.98684E-05 0.0420033 9.98684E-05 0.22574 9.98684E-05
9.98245E-05 0.0324262 9.98245E-05 9.98245E-05 9.98245E-05 9.98245E-05 9.98245E-05 9.98245E-05 9.98245E-05 9.98245E-05 9.98245E-05 9.98245E-05 9.98245E-05 9.98245E-05 9.98245E-05 9.98245E-05 9.98245E-05 9.98245E-05 9.98245E-05 9.98245E-05 9.98245E-05 0.942439 0.0231379
9.98509E-05 0.225532 9.98509E-05 9.98509E-05 9.98509E-05 0.12211 9.98509E-05 9.98509E-05 0.0876774 0.00343068 9.98509E-05 9.98509E-05 9.98509E-05 9.98509E-05 9.98509E-05 9.98509E-05 9.98509E-05 9.98509E-05 9.98509E-05 0.0671805 9.98509E-05 0.492372 9.98509E-05
9.98247E-05 9.98247E-05 9.98247E-05 9.98247E-05 9.98247E-05 9.98247E-05 9.98247E-05 9.98247E-05 9.98247E-05 9.98247E-05 9.98247E-05 9.98247E-05 9.98247E-05 9.98247E-05 9.98247E-05 9.98247E-05 0.0615842 9.98247E-05 9.98247E-05 9.98247E-05 9.98247E-05 0.802411 0.134008
9.98333E-05 0.0575372 0.0520689 9.98333E-05 9.98333E-05 9.98333E-05 9.98333E-05 9.98333E-05 9.98333E-05 9.98333E-05 9.98333E-05 9.98333E-05 9.98333E-05 9.98333E-05 9.98333E-05 9.98333E-05 9.98333E-05 9.98333E-05 9.98333E-05 0.0874455 9.98333E-05 0.801052 9.98333E-05
9.98772E-05 0.0321614 9.98772E-05 9.98772E-05 0.0490758 0.0370266 9.98772E-05 9.98772E-05 9.98772E-05 9.98772E-05 9.98772E-05 0.0194696 9.98772E-05 0.19391 9.98772E-05 0.0243617 9.98772E-05 9.98772E-05 0.0623642 0.111612 9.98772E-05 0.468621 9.98772E-05
9.98946E-05 0.0608962 9.98946E-05 9.98946E-05 9.98946E-05 9.98946E-05 0.0681924 9.98946E-05 0.226916 9.98946E-05 0.00541864 9.98946E-05 0.101858 0.0539193 0.147012 0.0262431 9.98946E-05 9.98946E-05 0.0200285 0.0233639 9.98946E-05 0.264953 9.98946E-05
9.98858E-05 0.0933108 9.98858E-05 0.0905355 9.98858E-05 9.98858E-05 0.152928 9.98858E-05 0.243923 9.98858E-05 9.98858E-05 0.118741 9.98858E-05 9.98858E-05 0.0257617 9.98858E-05 9.98858E-05 0.0129299 9.98858E-05 0.0801998 9.98858E-05 0.164157 0.016215
9.98772E-05 0.00905604 9.98772E-05 9.98772E-05 9.98772E-05 0.0193064 9.98772E-05 9.98772E-05 9.98772E-05 9.98772E-05 0.02027 0.030972 0.102611 9.98772E-05 9.98772E-05 9.98772E-05 9.98772E-05 0.021933 9.98772E-05 0.0672698 0.165863 0.56132 9.98772E-05
0.137801 0.0843901 9.9886E-05 9.9886E-05 9.9886E-05 9.9886E-05 0.0336347 9.9886E-05 0.281447 0.0580693 9.9886E-05 0.0283182 9.9886E-05 9.9886E-05 9.9886E-05 9.9886E-05 9.9886E-05 0.0671989 9.9886E-05 0.246635 9.9886E-05 0.0566342 0.00457284
9.98507E-05 0.162431 9.98507E-05 9.98507E-05 9.98507E-05 9.98507E-05 0.0973325 9.98507E-05 9.98507E-05 9.98507E-05 9.98507E-05 9.98507E-05 9.98507E-05 9.98507E-05 9.98507E-05 9.98507E-05 9.98507E-05 9.98507E-05 0.0270564 0.306924 9.98507E-05 0.295467 0.109092
0.0244588 0.0209415 9.98334E-05 9.98334E-05 9.98334E-05 9.98334E-05 0.0139369 9.98334E-05 9.98334E-05 9.98334E-05 9.98334E-05 9.98334E-05 9.98334E-05 9.98334E-05 9.98334E-05 9.98334E-05 9.98334E-05 9.98334E-05 9.98334E-05 9.98334E-05 9.98334E-05 0.938766 9.98334E-05
9.98771E-05 0.0479835 9.98771E-05 9.98771E-05 9.98771E-05 0.034836 0.0795199 9.98771E-05 9.98771E-05 9.98771E-05 9.98771E-05 0.0219739 9.98771E-05 9.98771E-05 9.98771E-05 9.98771E-05 0.0215075 0.220355 0.0487693 0.0318013 9.98771E-05 0.491855 9.98771E-05
9.98774E-05 9.98774E-05 0.0593653 9.98774E-05 9.98774E-05 9.98774E-05 0.0713393 9.98774E-05 9.98774E-05 0.0200463 9.98774E-05 9.98774E-05 9.98774E-05 9.98774E-05 0.0811164 0.0579735 9.98774E-05 9.98774E-05 0.0391729 0.382908 9.98774E-05 0.205174 0.0815054
9.98509E-05 0.0946872 9.98509E-05 9.98509E-05 9.98509E-05 0.0292915 9.98509E-05 9.98509E-05 0.248054 9.98509E-05 9.98509E-05 0.00530008 9.98509E-05 9.98509E-05 0.0457869 9.98509E-05 9.98509E-05 9.98509E-05 9.98509E-05 9.98509E-05 9.98509E-05 0.575183 9.98509E-05
9.98333E-05 0.262201 9.98333E-05 9.98333E-05 9.98333E-05 9.98333E-05 9.98333E-05 0.0797079 9.98333E-05 9.98333E-05 9.98333E-05 9.98333E-05 9.98333E-05 9.98333E-05 9.98333E-05 9.98333E-05 9.98333E-05 9.98333E-05 9.98333E-05 0.295761 9.98333E-05 0.360433 9.98333E-05
0.0149747 0.303577 9.98684E-05 9.98684E-05 9.98684E-05 9.98684E-05 0.0597653 9.98684E-05 9.98684E-05 9.98684E-05 9.98684E-05 0.065 9.98684E-05 9.98684E-05 0.134674 9.98684E-05 9.98684E-05 9.98684E-05 0.115035 0.0539446 9.98684E-05 0.251531 9.98684E-05
9.98509E-05 0.113565 9.98509E-05 9.98509E-05 9.98509E-05 9.98509E-05 9.98509E-05 9.98509E-05 9.98509E-05 9.98509E-05 9.98509E-05 0.123211 9.98509E-05 9.98509E-05 0.0576991 9.98509E-05 9.98509E-05 9.98509E-05 9.98509E-05 0.0395769 0.0278302 0.636421 9.98509E-05
9.98596E-05 0.0655304 0.206854 9.98596E-05 9.98596E-05 9.98596E-05 9.98596E-05 9.98596E-05 9.98596E-05 0.0783605 9.98596E-05 9.98596E-05 0.00987156 9.98596E-05 0.354592 9.98596E-05 0.0309114 9.98596E-05 9.98596E-05 0.252282 9.98596E-05 9.98596E-05 9.98596E-05
9.98423E-05 0.0755407 9.98423E-05 9.98423E-05 9.98423E-05 9.98423E-05 9.98423E-05 9.98423E-05 9.98423E-05 9.98423E-05 9.98423E-05 0.138408 9.98423E-05 9.98423E-05 9.98423E-05 9.98423E-05 9.98423E-05 9.98423E-05 9.98423E-05 0.0529028 9.98423E-05 0.708794 0.0225571
9.98598E-05 0.164898 0.028089 9.98598E-05 9.98598E-05 0.0134073 9.98598E-05 9.98598E-05 0.0826079 9.98598E-05 9.98598E-05 9.98598E-05 9.98598E-05 9.98598E-05 0.0700851 9.98598E-05 9.98598E-05 9.98598E-05 9.98598E-05 0.059595 9.98598E-05 0.57972 9.98598E-05
9.98683E-05 0.0588771 9.98683E-05 9.98683E-05 9.98683E-05 0.0220208 0.0383233 0.0289546 9.98683E-05 9.98683E-05 9.98683E-05 9.98683E-05 9.98683E-05 0.307288 9.98683E-05 9.98683E-05 9.98683E-05 9.98683E-05 9.98683E-05 0.0193865 9.98683E-05 0.503013 0.0206381
0.010215 0.0159969 0.120035 9.98771E-05 9.98771E-05 0.0980539 0.00638826 9.98771E-05 0.054456 9.98771E-05 9.98771E-05 9.98771E-05 9.98771E-05 9.98771E-05 9.98771E-05 9.98771E-05 9.98771E-05 9.98771E-05 9.98771E-05 0.0314179 9.98771E-05 0.602482 0.0595574
9.98684E-05 0.0967193 9.98684E-05 9.98684E-05 9.98684E-05 9.98684E-05 9.98684E-05 9.98684E-05 0.0661341 9.98684E-05 9.98684E-05 0.0156084 9.98684E-05 9.98684E-05 0.0799462 9.98684E-05 9.98684E-05 9.98684E-05 9.98684E-05 0.0603063 0.1296 0.486256 0.0639317
0.000230882 0.104136 9.98684E-05 9.98684E-05 9.98684E-05 0.0422501 9.98684E-05 9.98684E-05 0.068724 9.98684E-05 9.98684E-05 0.0434228 9.98684E-05 9.98684E-05 0.145015 9.98684E-05 9.98684E-05 9.98684E-05 9.98684E-05 0.195073 9.98684E-05 0.39965 9.98684E-05
9.98859E-05 0.117691 9.98859E-05 9.98859E-05 9.98859E-05 9.98859E-05 9.98859E-05 0.00335138 9.98859E-05 0.0194466 9.98859E-05 9.98859E-05 0.0213071 0.0572144 0.176716 0.0168993 9.98859E-05 9.98859E-05 9.98859E-05 0.169008 9.98859E-05 0.406368 0.0106996
0.0413915 0.0243277 0.0318803 9.9851E-05 9.9851E-05 0.0342978 9.9851E-05 9.9851E-05 9.9851E-05 9.9851E-05 0.0709435 9.9851E-05 9.9851E-05 9.9851E-05 9.9851E-05 9.9851E-05 9.9851E-05 9.9851E-05 9.9851E-05 9.9851E-05 9.9851E-05 0.795462 9.9851E-05
9.98684E-05 0.00956019 0.0626855 9.98684E-05 9.98684E-05 9.98684E-05 0.014891 0.0201832 0.0189392 9.98684E-05 9.98684E-05 0.145676 9.98684E-05 9.98684E-05 9.98684E-05 9.98684E-05 9.98684E-05 9.98684E-05 9.98684E-05 0.0548119 9.98684E-05 0.671755 9.98684E-05
9.98248E-05 9.98248E-05 9.98248E-05 0.0375768 9.98248E-05 9.98248E-05 9.98248E-05 9.98248E-05 9.98248E-05 9.98248E-05 9.98248E-05 9.98248E-05 9.98248E-05 9.98248E-05 9.98248E-05 9.98248E-05 9.98248E-05 9.98248E-05 9.98248E-05 9.98248E-05 9.98248E-05 0.83147 0.128956
0.0530233 0.0750735 9.98509E-05 9.98509E-05 9.98509E-05 9.98509E-05 0.121392 9.98509E-05 9.98509E-05 9.98509E-05 0.0272782 0.0650958 9.98509E-05 9.98509E-05 9.98509E-05 9.98509E-05 9.98509E-05 9.98509E-05 9.98509E-05 9.98509E-05 9.98509E-05 0.65644 9.98509E-05
9.9886E-05 0.149344 9.9886E-05 9.9886E-05 9.9886E-05 0.0145352 0.0124813 9.9886E-05 9.9886E-05 9.9886E-05 0.142718 9.9886E-05 9.9886E-05 0.109101 9.9886E-05 0.0723697 9.9886E-05 9.9886E-05 9.9886E-05 0.00881924 0.0127088 0.475209 0.00141447
9.98596E-05 0.125007 9.98596E-05 0.124908 9.98596E-05 9.98596E-05 9.98596E-05 9.98596E-05 9.98596E-05 9.98596E-05 9.98596E-05 9.98596E-05 9.98596E-05 0.0478861 0.101026 9.98596E-05 9.98596E-05 9.98596E-05 9.98596E-05 0.13764 9.98596E-05 0.400611 0.0613242
9.9851E-05 0.0411697 0.048402 9.9851E-05 9.9851E-05 0.0293275 9.9851E-05 9.9851E-05 9.9851E-05 9.9851E-05 9.9851E-05 9.9851E-05 9.9851E-05 9.9851E-05 9.9851E-05 9.9851E-05 9.9851E-05 9.9851E-05 9.9851E-05 0.0725679 9.9851E-05 0.76878 0.0380557
9.98335E-05 0.0462591 0.179951 9.98335E-05 9.98335E-05 9.98335E-05 9.98335E-05 9.98335E-05 9.98335E-05 9.98335E-05 9.98335E-05 9.98335E-05 9.98335E-05 9.98335E-05 9.98335E-05 9.98335E-05 9.98335E-05 9.98335E-05 9.98335E-05 0.180596 9.98335E-05 0.591297 9.98335E-05
9.98333E-05 9.98333E-05 0.103538 9.98333E-05 9.98333E-05 9.98333E-05 9.98333E-05 9.98333E-05 9.98333E-05 9.98333E-05 9.98333E-05 9.98333E-05 9.98333E-05 0.0860328 9.98333E-05 9.98333E-05 9.98333E-05 9.98333E-05 9.98333E-05 9.98333E-05 9.98333E-05 0.797668 0.0108642
9.98597E-05 0.210487 9.98597E-05 9.98597E-05 9.98597E-05 0.0095871 0.0717878 0.0231155 0.266128 9.98597E-05 9.98597E-05 9.98597E-05 9.98597E-05 9.98597E-05 9.98597E-05 9.98597E-05 9.98597E-05 9.98597E-05 9.98597E-05 0.121778 9.98597E-05 0.295518 9.98597E-05
9.9851E-05 0.214966 9.9851E-05 9.9851E-05 9.9851E-05 0.0111593 9.9851E-05 9.9851E-05 9.9851E-05 9.9851E-05 9.9851E-05 9.9851E-05 0.100108 9.9851E-05 9.9851E-05 0.0167362 9.9851E-05 9.9851E-05 9.9851E-05 0.440261 9.9851E-05 0.215072 9.9851E-05
0.0458029 0.0507362 9.9842E-05 9.9842E-05 9.9842E-05 9.9842E-05 9.9842E-05 9.9842E-05 9.9842E-05 9.9842E-05 9.9842E-05 9.9842E-05 9.9842E-05 9.9842E-05 9.9842E-05 9.9842E-05 9.9842E-05 0.015603 9.9842E-05 9.9842E-05 9.9842E-05 0.835548 0.0505128
9.98421E-05 0.0445886 9.98421E-05 9.98421E-05 9.98421E-05 9.98421E-05 0.0554432 9.98421E-05 9.98421E-05 0.0794818 9.98421E-05 0.00975892 9.98421E-05 9.98421E-05 9.98421E-05 9.98421E-05 9.98421E-05 9.98421E-05 9.98421E-05 9.98421E-05 9.98421E-05 0.80893 9.98421E-05
9.98421E-05 0.0386285 9.98421E-05 0.0250969 9.98421E-05 9.98421E-05 9.98421E-05 9.98421E-05 0.0293767 9.98421E-05 9.98421E-05 9.98421E-05 9.98421E-05 9.98421E-05 9.98421E-05 0.0533998 9.98421E-05 9.98421E-05 9.98421E-05 9.98421E-05 9.98421E-05 0.851701 9.98421E-05
9.98595E-05 0.16967 9.98595E-05 9.98595E-05 9.98595E-05 0.00445348 9.98595E-05 9.98595E-05 0.0637293 9.98595E-05 9.98595E-05 0.00375411 9.98595E-05 9.98595E-05 9.98595E-05 9.98595E-05 0.0513924 9.98595E-05 9.98595E-05 0.107885 9.98595E-05 0.597517 9.98595E-05
9.98687E-05 0.00371458 9.98687E-05 0.0425563 9.98687E-05 9.98687E-05 0.0388444 9.98687E-05 9.98687E-05 9.98687E-05 0.0226664 9.98687E-05 9.98687E-05 9.98687E-05 9.98687E-05 0.0755207 9.98687E-05 9.98687E-05 9.98687E-05 0.0398625 9.98687E-05 0.678843 0.0964937
9.98859E-05 0.156597 0.126139 9.98859E-05 9.98859E-05 0.0718259 0.0671972 0.0170791 0.0212941 9.98859E-05 9.98859E-05 0.0427129 9.98859E-05 9.98859E-05 0.153734 9.98859E-05 0.0945996 9.98859E-05 9.98859E-05 9.98859E-05 9.98859E-05 0.247522 9.98859E-05
0.0116266 9.98509E-05 9.98509E-05 9.98509E-05 9.98509E-05 9.98509E-05 9.98509E-05 0.0405318 9.98509E-05 9.98509E-05 9.98509E-05 0.108582 9.98509E-05 9.98509E-05 9.98509E-05 0.0474606 9.98509E-05 9.98509E-05 9.98509E-05 0.214314 9.98509E-05 0.575788 9.98509E-05
9.98596E-05 0.0413371 9.98596E-05 9.98596E-05 9.98596E-05 9.98596E-05 0.0116237 9.98596E-05 9.98596E-05 0.0416607 0.0399499 9.98596E-05 9.98596E-05 9.98596E-05 9.98596E-05 9.98596E-05 9.98596E-05 9.98596E-05 0.0235387 0.0345558 9.98596E-05 0.805736 9.98596E-05
9.98685E-05 0.0318566 9.98685E-05 0.178148 9.98685E-05 9.98685E-05 0.0495657 9.98685E-05 9.98685E-05 9.98685E-05 9.98685E-05 9.98685E-05 9.98685E-05 0.0490215 9.98685E-05 0.0132934 9.98685E-05 9.98685E-05 0.058324 0.00355765 9.98685E-05 0.614735 9.98685E-05
9.98422E-05 0.076525 9.98422E-05 9.98422E-05 9.98422E-05 9.98422E-05 9.98422E-05 9.98422E-05 9.98422E-05 9.98422E-05 9.98422E-05 9.98422E-05 9.98422E-05 0.101205 9.98422E-05 0.00621833 9.98422E-05 9.98422E-05 0.16014 9.98422E-05 9.98422E-05 0.654114 9.98422E-05
0.0265125 9.98597E-05 0.00830445 9.98597E-05 9.98597E-05 0.00462729 9.98597E-05 9.98597E-05 9.98597E-05 9.98597E-05 9.98597E-05 9.98597E-05 9.98597E-05 9.98597E-05 0.17891 0.0423125 9.98597E-05 9.98597E-05 9.98597E-05 9.98597E-05 9.98597E-05 0.665388 0.0723479
9.98421E-05 0.0258897 9.98421E-05 9.98421E-05 9.98421E-05 9.98421E-05 9.98421E-05 9.98421E-05 9.98421E-05 0.0353465 0.151858 9.98421E-05 9.98421E-05 9.98421E-05 9.98421E-05 9.98421E-05 9.98421E-05 9.98421E-05 9.98421E-05 9.98421E-05 9.98421E-05 0.675961 0.109148
9.98422E-05 0.0606832 9.98422E-05 9.98422E-05 9.98422E-05 0.0669898 9.98422E-05 9.98422E-05 9.98422E-05 9.98422E-05 9.98422E-05 0.051943 0.0124003 9.98422E-05 9.98422E-05 9.98422E-05 9.98422E-05 9.98422E-05 9.98422E-05 9.98422E-05 9.98422E-05 0.806187 9.98422E-05
9.98516E-05 0.00832619 0.0942761 9.98516E-05 9.98516E-05 0.00551388 9.98516E-05 9.98516E-05 9.98516E-05 9.98516E-05 9.98516E-05 0.0404239 9.98516E-05 9.98516E-05 9.98516E-05 9.98516E-05 0.0376174 9.98516E-05 9.98516E-05 9.98516E-05 9.98516E-05 0.812145 9.98516E-05
9.98508E-05 0.278347 9.98508E-05 9.98508E-05 9.98508E-05 9.98508E-05 0.000930494 9.98508E-05 0.699813 0.00483278 0.0107581 9.98508E-05 9.98508E-05 9.98508E-05 9.98508E-05 9.98508E-05 9.98508E-05 9.98508E-05 9.98508E-05 0.00362055 9.98508E-05 9.98508E-05 9.98508E-05
9.98161E-05 9.98161E-05 9.98161E-05 9.98161E-05 9.98161E-05 9.98161E-05 9.98161E-05 9.98161E-05 0.959565 9.98161E-05 9.98161E-05 0.0383384 9.98161E-05 9.98161E-05 9.98161E-05 9.98161E-05 9.98161E-05 9.98161E-05 9.98161E-05 9.98161E-05 9.98161E-05 9.98161E-05 9.98161E-05
9.98246E-05 9.98246E-05 9.98246E-05 9.98246E-05 9.98246E-05 9.98246E-05 9.98246E-05 9.98246E-05 0.969966 0.0277079 9.98246E-05 9.98246E-05 9.98246E-05 0.000329775 9.98246E-05 9.98246E-05 9.98246E-05 9.98246E-05 9.98246E-05 9.98246E-05 9.98246E-05 9.98246E-05 9.98246E-05
9.98684E-05 0.0565059 9.98684E-05 9.98684E-05 9.98684E-05 0.00645465 0.0780558 9.98684E-05 0.358761 0.0446339 0.217041 9.98684E-05 9.98684E-05 9.98684E-05 0.22522 9.98684E-05 9.98684E-05 9.98684E-05 9.98684E-05 0.0118304 9.98684E-05 9.98684E-05 9.98684E-05
0.0651132 0.0312279 9.98593E-05 9.98593E-05 9.98593E-05 9.98593E-05 0.051088 9.98593E-05 0.679055 0.00598891 9.98593E-05 9.98593E-05 9.98593E-05 9.98593E-05 9.98593E-05 0.0431161 9.98593E-05 9.98593E-05 9.98593E-05 0.122813 9.98593E-05 9.98593E-05 9.98593E-05
9.98505E-05 0.118125 9.98505E-05 9.98505E-05 9.98505E-05 0.0119941 0.0819726 9.98505E-05 0.637525 9.98505E-05 9.98505E-05 9.98505E-05 9.98505E-05 9.98505E-05 0.0602461 9.98505E-05 9.98505E-05 9.98505E-05 9.98505E-05 0.0884397 9.98505E-05 9.98505E-05 9.98505E-05
9.9842E-05 0.112453 9.9842E-05 9.9842E-05 9.9842E-05 0.0478099 9.9842E-05 9.9842E-05 0.553139 9.9842E-05 0.261818 0.0229832 9.9842E-05 9.9842E-05 9.9842E-05 9.9842E-05 9.9842E-05 9.9842E-05 9.9842E-05 9.9842E-05 9.9842E-05 9.9842E-05 9.9842E-05
9.98594E-05 0.084108 9.98594E-05 9.98594E-05 9.98594E-05 9.98594E-05 0.10054 9.98594E-05 0.612464 0.124491 0.0234335 9.98594E-05 9.98594E-05 9.98594E-05 0.0284462 9.98594E-05 9.98594E-05 9.98594E-05 9.98594E-05 9.98594E-05 9.98594E-05 9.98594E-05 0.0249197
9.98333E-05 9.98333E-05 0.0361434 9.98333E-05 0.000379515 9.98333E-05 9.98333E-05 9.98333E-05 0.95997 9.98333E-05 0.00161017 9.98333E-05 9.98333E-05 9.98333E-05 9.98333E-05 9.98333E-05 9.98333E-05 9.98333E-05 9.98333E-05 9.98333E-05 9.98333E-05 9.98333E-05 9.98333E-05
9.98245E-05 9.98245E-05 9.98245E-05 9.98245E-05 9.98245E-05 0.0363926 9.98245E-05 9.98245E-05 0.935318 9.98245E-05 9.98245E-05 0.0262925 9.98245E-05 9.98245E-05 9.98245E-05 9.98245E-05 9.98245E-05 9.98245E-05 9.98245E-05 9.98245E-05 9.98245E-05 9.98245E-05 9.98245E-05
0.0165129 0.330245 9.98506E-05 9.98506E-05 9.98506E-05 0.132266 0.0304804 9.98506E-05 0.486003 9.98506E-05 9.98506E-05 9.98506E-05 9.98506E-05 9.98506E-05 9.98506E-05 9.98506E-05 0.00279499 9.98506E-05 9.98506E-05 9.98506E-05 9.98506E-05 9.98506E-05 9.98506E-05
9.98683E-05 0.0545927 9.98683E-05 0.0596723 9.98683E-05 9.98683E-05 9.98683E-05 9.98683E-05 0.494237 9.98683E-05 0.0530476 0.0380468 9.98683E-05 9.98683E-05 9.98683E-05 9.98683E-05 9.98683E-05 9.98683E-05 0.0564954 0.221369 9.98683E-05 9.98683E-05 0.0210413
9.98506E-05 9.98506E-05 9.98506E-05 0.0144005 9.98506E-05 0.0901927 0.117358 9.98506E-05 0.520042 9.98506E-05 9.98506E-05 9.98506E-05 9.98506E-05 9.98506E-05 0.0880026 9.98506E-05 0.168307 9.98506E-05 9.98506E-05 9.98506E-05 9.98506E-05 9.98506E-05 9.98506E-05
9.98419E-05 0.197693 9.98419E-05 9.98419E-05 9.98419E-05 9.98419E-05 9.98419E-05 9.98419E-05 0.582625 9.98419E-05 0.0339091 9.98419E-05 9.98419E-05 9.98419E-05 9.98419E-05 9.98419E-05 9.98419E-05 9.98419E-05 9.98419E-05 0.162008 9.98419E-05 9.98419E-05 0.0219682
9.98248E-05 9.98248E-05 0.0498784 9.98248E-05 9.98248E-05 9.98248E-05 9.98248E-05 9.98248E-05 0.913564 9.98248E-05 9.98248E-05 9.98248E-05 9.98248E-05 9.98248E-05 0.0345608 9.98248E-05 9.98248E-05 9.98248E-05 9.98248E-05 9.98248E-05 9.98248E-05 9.98248E-05 9.98248E-05
9.98248E-05 0.0709759 9.98248E-05 9.98248E-05 9.98248E-05 9.98248E-05 9.98248E-05 9.98248E-05 0.871002 9.98248E-05 9.98248E-05 0.0560259 9.98248E-05 9.98248E-05 9.98248E-05 9.98248E-05 9.98248E-05 9.98248E-05 9.98248E-05 9.98248E-05 9.98248E-05 9.98248E-05 9.98248E-05
9.9833E-05 9.9833E-05 9.9833E-05 9.9833E-05 9.9833E-05 9.9833E-05 9.9833E-05 9.9833E-05 0.747421 0.0441456 9.9833E-05 9.9833E-05 9.9833E-05 9.9833E-05 0.085022 9.9833E-05 9.9833E-05 9.9833E-05 9.9833E-05 9.9833E-05 9.9833E-05 9.9833E-05 0.121515
9.98506E-05 9.98506E-05 9.98506E-05 9.98506E-05 9.98506E-05 0.105896 0.0390264 9.98506E-05 0.626245 9.98506E-05 9.98506E-05 0.0616982 9.98506E-05 9.98506E-05 9.98506E-05 9.98506E-05 9.98506E-05 9.98506E-05 9.98506E-05 0.116736 9.98506E-05 9.98506E-05 0.048701
9.98245E-05 0.0475205 9.98245E-05 9.98245E-05 9.98245E-05 9.98245E-05 9.98245E-05 9.98245E-05 0.889073 0.0614103 9.98245E-05 9.98245E-05 9.98245E-05 9.98245E-05 9.98245E-05 9.98245E-05 9.98245E-05 9.98245E-05 9.98245E-05 9.98245E-05 9.98245E-05 9.98245E-05 9.98245E-05
9.98505E-05 0.165341 0.189479 0.0335775 9.98505E-05 0.0985819 9.98505E-05 9.98505E-05 0.509367 9.98505E-05 9.98505E-05 9.98505E-05 9.98505E-05 9.98505E-05 0.00195628 9.98505E-05 9.98505E-05 9.98505E-05 9.98505E-05 9.98505E-05 9.98505E-05 9.98505E-05 9.98505E-05
9.98162E-05 9.98162E-05 9.98162E-05 9.98162E-05 9.98162E-05 9.98162E-05 9.98162E-05 9.98162E-05 0.930363 9.98162E-05 9.98162E-05 9.98162E-05 9.98162E-05 0.0675411 9.98162E-05 9.98162E-05 9.98162E-05 9.98162E-05 9.98162E-05 9.98162E-05 9.98162E-05 9.98162E-05 9.98162E-05
9.98418E-05 0.0132209 9.98418E-05 9.98418E-05 9.98418E-05 9.98418E-05 9.98418E-05 9.98418E-05 0.635388 9.98418E-05 9.98418E-05 9.98418E-05 9.98418E-05 9.98418E-05 0.0544896 9.98418E-05 9.98418E-05 9.98418E-05 9.98418E-05 0.280761 9.98418E-05 9.98418E-05 0.0143435
9.98509E-05 0.0173254 9.98509E-05 9.98509E-05 0.190329 9.98509E-05 9.98509E-05 9.98509E-05 0.705132 9.98509E-05 0.026125 0.0235645 9.98509E-05 9.98509E-05 9.98509E-05 9.98509E-05 9.98509E-05 9.98509E-05 9.98509E-05 0.0358269 9.98509E-05 9.98509E-05 9.98509E-05
9.98596E-05 9.98596E-05 9.98596E-05 9.98596E-05 9.98596E-05 9.98596E-05 0.028894 0.0113467 0.663743 0.0266739 9.98596E-05 9.98596E-05 0.0206496 9.98596E-05 0.128601 9.98596E-05 9.98596E-05 9.98596E-05 9.98596E-05 9.98596E-05 9.98596E-05 9.98596E-05 0.118494
9.98331E-05 0.00472057 9.98331E-05 9.98331E-05 9.98331E-05 0.139344 9.98331E-05 9.98331E-05 0.782139 9.98331E-05 9.98331E-05 0.0718992 9.98331E-05 9.98331E-05 9.98331E-05 9.98331E-05 9.98331E-05 9.98331E-05 9.98331E-05 9.98331E-05 9.98331E-05 9.98331E-05 9.98331E-05
9.98249E-05 0.00241135 9.98249E-05 9.98249E-05 9.98249E-05 9.98249E-05 0.0619825 9.98249E-05 0.93361 9.98249E-05 9.98249E-05 9.98249E-05 9.98249E-05 9.98249E-05 9.98249E-05 9.98249E-05 9.98249E-05 9.98249E-05 9.98249E-05 9.98249E-05 9.98249E-05 9.98249E-05 9.98249E-05
9.98073E-05 9.98073E-05 9.98073E-05 9.98073E-05 9.98073E-05 9.98073E-05 9.98073E-05 9.98073E-05 0.997804 9.98073E-05 9.98073E-05 9.98073E-05 9.98073E-05 9.98073E-05 9.98073E-05 9.98073E-05 9.98073E-05 9.98073E-05 9.98073E-05 9.98073E-05 9.98073E-05 9.98073E-05 9.98073E-05
9.98072E-05 9.98072E-05 9.98072E-05 9.98072E-05 9.98072E-05 9.98072E-05 9.98072E-05 9.98072E-05 0.997804 9.98072E-05 9.98072E-05 9.98072E-05 9.98072E-05 9.98072E-05 9.98072E-05 9.98072E-05 9.98072E-05 9.98072E-05 9.98072E-05 9.98072E-05 9.98072E-05 9.98072E-05 9.98072E-05
9.98333E-05 0.0107537 9.98333E-05 9.98333E-05 9.98333E-05 9.98333E-05 0.00658438 9.98333E-05 0.872502 0.108263 9.98333E-05 9.98333E-05 9.98333E-05 9.98333E-05 9.98333E-05 9.98333E-05 9.98333E-05 9.98333E-05 9.98333E-05 9.98333E-05 9.98333E-05 9.98333E-05 9.98333E-05
9.98422E-05 0.0803399 0.0553311 9.98422E-05 0.323295 9.98422E-05 0.00568611 9.98422E-05 0.533551 9.98422E-05 9.98422E-05 9.98422E-05 9.98422E-05 9.98422E-05 9.98422E-05 9.98422E-05 9.98422E-05 9.98422E-05 9.98422E-05 9.98422E-05 9.98422E-05 9.98422E-05 9.98422E-05
9.98246E-05 0.0940408 9.98246E-05 9.98246E-05 9.98246E-05 9.98246E-05 0.086457 9.98246E-05 9.98246E-05 9.98246E-05 9.98246E-05 9.98246E-05 9.98246E-05 9.98246E-05 0.817506 9.98246E-05 9.98246E-05 9.98246E-05 9.98246E-05 9.98246E-05 9.98246E-05 9.98246E-05 9.98246E-05
9.98333E-05 9.98333E-05 9.98333E-05 9.98333E-05 0.221372 9.98333E-05 0.00419353 9.98333E-05 9.98333E-05 9.98333E-05 9.98333E-05 9.98333E-05 9.98333E-05 0.509313 0.263225 9.98333E-05 9.98333E-05 9.98333E-05 9.98333E-05 9.98333E-05 9.98333E-05 9.98333E-05 9.98333E-05
9.98333E-05 0.0295246 9.98333E-05 9.98333E-05 9.98333E-05 9.98333E-05 9.98333E-05 9.98333E-05 9.98333E-05 9.98333E-05 9.98333E-05 9.98333E-05 9.98333E-05 9.98333E-05 0.906886 0.0588929 9.98333E-05 9.98333E-05 9.98333E-05 0.00279999 9.98333E-05 9.98333E-05 9.98333E-05
9.98419E-05 0.118616 9.98419E-05 9.98419E-05 9.98419E-05 0.015484 0.00646279 9.98419E-05 9.98419E-05 0.0217527 9.98419E-05 9.98419E-05 9.98419E-05 9.98419E-05 0.835887 9.98419E-05 9.98419E-05 9.98419E-05 9.98419E-05 9.98419E-05 9.98419E-05 9.98419E-05 9.98419E-05
9.98155E-05 9.98155E-05 9.98155E-05 9.98155E-05 9.98155E-05 9.98155E-05 0.0442838 9.98155E-05 9.98155E-05 9.98155E-05 9.98155E-05 9.98155E-05 9.98155E-05 9.98155E-05 0.95362 9.98155E-05 9.98155E-05 9.98155E-05 9.98155E-05 9.98155E-05 9.98155E-05 9.98155E-05 9.98155E-05
9.98596E-05 0.0941542 9.98596E-05 9.98596E-05 0.128894 9.98596E-05 0.102431 9.98596E-05 9.98596E-05 9.98596E-05 0.128718 0.0291362 0.0145221 9.98596E-05 0.500547 9.98596E-05 9.98596E-05 9.98596E-05 9.98596E-05 9.98596E-05 9.98596E-05 9.98596E-05 9.98596E-05
9.98595E-05 0.093786 9.98595E-05 9.98595E-05 0.219168 0.014126 0.0428036 9.98595E-05 9.98595E-05 0.0130388 9.98595E-05 9.98595E-05 9.98595E-05 9.98595E-05 0.538428 9.98595E-05 9.98595E-05 9.98595E-05 9.98595E-05 0.0770509 9.98595E-05 9.98595E-05 9.98595E-05
9.98157E-05 9.98157E-05 9.98157E-05 9.98157E-05 9.98157E-05 9.98157E-05 0.180801 9.98157E-05 9.98157E-05 9.98157E-05 9.98157E-05 9.98157E-05 9.98157E-05 9.98157E-05 0.817103 9.98157E-05 9.98157E-05 9.98157E-05 9.98157E-05 9.98157E-05 9.98157E-05 9.98157E-05 9.98157E-05
9.98419E-05 0.00455387 0.0693272 9.98419E-05 9.98419E-05 9.98419E-05 0.32416 9.98419E-05 9.98419E-05 9.98419E-05 0.184373 9.98419E-05 9.98419E-05 9.98419E-05 0.415789 9.98419E-05 9.98419E-05 9.98419E-05 9.98419E-05 9.98419E-05 9.98419E-05 9.98419E-05 9.98419E-05
9.98333E-05 0.201683 9.98333E-05 9.98333E-05 9.98333E-05 9.98333E-05 0.203675 9.98333E-05 9.98333E-05 9.98333E-05 9.98333E-05 9.98333E-05 9.98333E-05 9.98333E-05 0.582783 9.98333E-05 9.98333E-05 9.98333E-05 9.98333E-05 0.00996169 9.98333E-05 9.98333E-05 9.98333E-05
9.98333E-05 0.0329722 9.98333E-05 9.98333E-05 9.98333E-05 9.98333E-05 9.98333E-05 9.98333E-05 9.98333E-05 9.98333E-05 0.0977584 9.98333E-05 9.98333E-05 9.98333E-05 0.346033 9.98333E-05 9.98333E-05 9.98333E-05 9.98333E-05 9.98333E-05 0.521339 9.98333E-05 9.98333E-05
0.0167517 0.0413584 9.98508E-05 9.98508E-05 9.98508E-05 0.0353685 9.98508E-05 9.98508E-05 9.98508E-05 9.98508E-05 0.0546292 9.98508E-05 9.98508E-05 9.98508E-05 0.54896 9.98508E-05 9.98508E-05 9.98508E-05 9.98508E-05 9.98508E-05 0.301235 9.98508E-05 9.98508E-05
9.98334E-05 9.98334E-05 9.98334E-05 9.98334E-05 0.290404 9.98334E-05 0.0545021 9.98334E-05 9.98334E-05 9.98334E-05 9.98334E-05 9.98334E-05 0.00675243 9.98334E-05 0.646445 9.98334E-05 9.98334E-05 9.98334E-05 9.98334E-05 9.98334E-05 9.98334E-05 9.98334E-05 9.98334E-05
9.9851E-05 0.232987 9.9851E-05 9.9851E-05 0.0360534 9.9851E-05 0.0956743 9.9851E-05 9.9851E-05 9.9851E-05 9.9851E-05 9.9851E-05 0.00903089 9.9851E-05 0.398341 9.9851E-05 9.9851E-05 9.9851E-05 9.9851E-05 9.9851E-05 0.226216 9.9851E-05 9.9851E-05
9.98596E-05 9.98596E-05 9.98596E-05 0.0115771 0.412052 0.0103686 0.108255 9.98596E-05 9.98596E-05 0.123564 9.98596E-05 9.98596E-05 0.0304836 9.98596E-05 0.302102 9.98596E-05 9.98596E-05 9.98596E-05 9.98596E-05 9.98596E-05 9.98596E-05 9.98596E-05 9.98596E-05
9.98596E-05 0.0651328 0.0888298 9.98596E-05 9.98596E-05 9.98596E-05 0.0358719 9.98596E-05 9.98596E-05 9.98596E-05 0.0794987 9.98596E-05 0.117388 0.0134355 0.598246 9.98596E-05 9.98596E-05 9.98596E-05 9.98596E-05 9.98596E-05 9.98596E-05 9.98596E-05 9.98596E-05
9.98421E-05 0.120048 9.98421E-05 9.98421E-05 9.98421E-05 9.98421E-05 9.98421E-05 9.98421E-05 9.98421E-05 0.0424783 0.185007 9.98421E-05 9.98421E-05 9.98421E-05 0.466313 9.98421E-05 9.98421E-05 9.98421E-05 9.98421E-05 9.98421E-05 0.184356 9.98421E-05 9.98421E-05
9.98335E-05 9.98335E-05 9.98335E-05 9.98335E-05 9.98335E-05 9.98335E-05 0.0896042 9.98335E-05 9.98335E-05 9.98335E-05 9.98335E-05 9.98335E-05 0.166212 0.0457206 0.696567 9.98335E-05 9.98335E-05 9.98335E-05 9.98335E-05 9.98335E-05 9.98335E-05 9.98335E-05 9.98335E-05
9.98246E-05 9.98246E-05 9.98246E-05 9.98246E-05 9.98246E-05 0.0384326 9.98246E-05 9.98246E-05 9.98246E-05 9.98246E-05 9.98246E-05 9.98246E-05 9.98246E-05 9.98246E-05 0.801496 9.98246E-05 9.98246E-05 9.98246E-05 9.98246E-05 9.98246E-05 0.158075 9.98246E-05 9.98246E-05
0.0855651 0.0571207 9.98509E-05 9.98509E-05 9.98509E-05 0.108173 0.166745 9.98509E-05 9.98509E-05 9.98509E-05 9.98509E-05 9.98509E-05 9.98509E-05 0.35333 0.227369 9.98509E-05 9.98509E-05 9.98509E-05 9.98509E-05 9.98509E-05 9.98509E-05 9.98509E-05 9.98509E-05
9.9842E-05 0.0703601 9.9842E-05 9.9842E-05 0.204153 9.9842E-05 9.9842E-05 9.9842E-05 9.9842E-05 9.9842E-05 0.103883 9.9842E-05 0.0405199 9.9842E-05 0.579287 9.9842E-05 9.9842E-05 9.9842E-05 9.9842E-05 9.9842E-05 9.9842E-05 9.9842E-05 9.9842E-05
9.98158E-05 9.98158E-05 9.98158E-05 9.98158E-05 9.98158E-05 9.98158E-05 0.0259725 9.98158E-05 9.98158E-05 9.98158E-05 9.98158E-05 9.98158E-05 9.98158E-05 9.98158E-05 0.971931 9.98158E-05 9.98158E-05 9.98158E-05 9.98158E-05 9.98158E-05 9.98158E-05 9.98158E-05 9.98158E-05
0.0186092 0.198241 9.98508E-05 9.98508E-05 9.98508E-05 9.98508E-05 0.262384 9.98508E-05 9.98508E-05 9.98508E-05 0.0130309 9.98508E-05 9.98508E-05 9.98508E-05 0.448653 9.98508E-05 9.98508E-05 0.057384 9.98508E-05 9.98508E-05 9.98508E-05 9.98508E-05 9.98508E-05
9.98509E-05 0.0225729 9.98509E-05 9.98509E-05 0.191207 9.98509E-05 0.137665 9.98509E-05 9.98509E-05 9.98509E-05 9.98509E-05 9.98509E-05 9.98509E-05 9.98509E-05 0.464368 0.0588375 9.98509E-05 9.98509E-05 9.98509E-05 9.98509E-05 0.123652 9.98509E-05 9.98509E-05
0.0488971 0.221548 9.98508E-05 9.98508E-05 9.98508E-05 9.98508E-05 0.106549 9.98508E-05 9.98508E-05 9.98508E-05 0.0949239 9.98508E-05 9.98508E-05 9.98508E-05 0.37732 9.98508E-05 9.98508E-05 0.149065 9.98508E-05 9.98508E-05 9.98508E-05 9.98508E-05 9.98508E-05
9.98598E-05 0.0690094 9.98598E-05 9.98598E-05 9.98598E-05 9.98598E-05 0.13493 9.98598E-05 0.0021789 9.98598E-05 0.0692415 0.00510492 9.98598E-05 9.98598E-05 0.339772 9.98598E-05 9.98598E-05 9.98598E-05 9.98598E-05 9.98598E-05 0.378165 9.98598E-05 9.98598E-05
9.98333E-05 9.98333E-05 9.98333E-05 9.98333E-05 9.98333E-05 9.98333E-05 9.98333E-05 0.0564014 9.98333E-05 9.98333E-05 9.98333E-05 9.98333E-05 9.98333E-05 0.769466 0.0944469 0.0777884 9.98333E-05 9.98333E-05 9.98333E-05 9.98333E-05 9.98333E-05 9.98333E-05 9.98333E-05
9.98418E-05 0.14085 9.98418E-05 9.98418E-05 9.98418E-05 9.98418E-05 0.0585534 9.98418E-05 9.98418E-05 9.98418E-05 9.98418E-05 0.0206551 9.98418E-05 9.98418E-05 0.694488 9.98418E-05 9.98418E-05 9.98418E-05 9.98418E-05 9.98418E-05 9.98418E-05 9.98418E-05 0.0836564
9.98335E-05 0.186989 9.98335E-05 9.98335E-05 9.98335E-05 9.98335E-05 0.199501 9.98335E-05 9.98335E-05 9.98335E-05 0.0669673 9.98335E-05 9.98335E-05 9.98335E-05 0.544646 9.98335E-05 9.98335E-05 9.98335E-05 9.98335E-05 9.98335E-05 9.98335E-05 9.98335E-05 9.98335E-05
0.0230438 0.049396 9.9842E-05 9.9842E-05 0.444109 9.9842E-05 9.9842E-05 9.9842E-05 9.9842E-05 9.9842E-05 9.9842E-05 9.9842E-05 9.9842E-05 9.9842E-05 0.340563 0.14109 9.9842E-05 9.9842E-05 9.9842E-05 9.9842E-05 9.9842E-05 9.9842E-05 9.9842E-05
9.98423E-05 0.188717 9.98423E-05 9.98423E-05 9.98423E-05 0.0219688 0.0202545 9.98423E-05 9.98423E-05 9.98423E-05 9.98423E-05 9.98423E-05 9.98423E-05 9.98423E-05 0.63443 9.98423E-05 9.98423E-05 9.98423E-05 9.98423E-05 9.98423E-05 0.132832 9.98423E-05 9.98423E-05
9.98331E-05 0.00336979 9.98331E-05 0.0798428 0.355018 9.98331E-05 9.98331E-05 9.98331E-05 9.98331E-05 9.98331E-05 9.98331E-05 9.98331E-05 9.98331E-05 9.98331E-05 0.559873 9.98331E-05 9.98331E-05 9.98331E-05 9.98331E-05 9.98331E-05 9.98331E-05 9.98331E-05 9.98331E-05
0.129597 0.0901567 9.98419E-05 9.98419E-05 9.98419E-05 9.98419E-05 0.184878 9.98419E-05 9.98419E-05 9.98419E-05 9.98419E-05 9.98419E-05 9.98419E-05 9.98419E-05 0.464586 0.128985 9.98419E-05 9.98419E-05 9.98419E-05 9.98419E-05 9.98419E-05 9.98419E-05 9.98419E-05
0.000479598 0.106098 9.98507E-05 9.98507E-05 9.98507E-05 9.98507E-05 0.0618626 9.98507E-05 9.98507E-05 9.98507E-05 9.98507E-05 9.98507E-05 9.98507E-05 9.98507E-05 0.734714 9.98507E-05 9.98507E-05 9.98507E-05 0.0232427 0.0719061 9.98507E-05 9.98507E-05 9.98507E-05
9.98246E-05 0.0218937 9.98246E-05 9.98246E-05 0.163158 9.98246E-05 9.98246E-05 9.98246E-05 9.98246E-05 9.98246E-05 9.98246E-05 9.98246E-05 9.98246E-05 9.98246E-05 0.812952 9.98246E-05 9.98246E-05 9.98246E-05 9.98246E-05 9.98246E-05 9.98246E-05 9.98246E-05 9.98246E-05
9.98419E-05 9.98419E-05 0.103244 9.98419E-05 9.98419E-05 9.98419E-05 0.031245 9.98419E-05 9.98419E-05 9.98419E-05 9.98419E-05 9.98419E-05 0.0642441 9.98419E-05 0.48829 9.98419E-05 9.98419E-05 9.98419E-05 9.98419E-05 9.98419E-05 0.31118 9.98419E-05 9.98419E-05
9.98332E-05 0.197235 9.98332E-05 9.98332E-05 9.98332E-05 0.041476 0.0686526 9.98332E-05 9.98332E-05 9.98332E-05 9.98332E-05 9.98332E-05 9.98332E-05 9.98332E-05 0.69074 9.98332E-05 9.98332E-05 9.98332E-05 9.98332E-05 9.98332E-05 9.98332E-05 9.98332E-05 9.98332E-05
9.98332E-05 9.98332E-05 9.98332E-05 9.98332E-05 0.704902 9.98332E-05 9.98332E-05 9.98332E-05 9.98332E-05 9.98332E-05 9.98332E-05 0.0490173 9.98332E-05 9.98332E-05 9.98332E-05 9.98332E-05 0.0272663 9.98332E-05 9.98332E-05 9.98332E-05 0.216918 9.98332E-05 9.98332E-05
0.00351582 0.0641033 9.98421E-05 9.98421E-05 0.424325 9.98421E-05 9.98421E-05 9.98421E-05 9.98421E-05 9.98421E-05 9.98421E-05 9.98421E-05 9.98421E-05 9.98421E-05 0.438027 9.98421E-05 9.98421E-05 9.98421E-05 9.98421E-05 9.98421E-05 0.0682322 9.98421E-05 9.98421E-05
9.98158E-05 9.98158E-05 9.98158E-05 9.98158E-05 0.836086 9.98158E-05 9.98158E-05 9.98158E-05 9.98158E-05 9.98158E-05 9.98158E-05 9.98158E-05 9.98158E-05 9.98158E-05 0.161818 9.98158E-05 9.98158E-05 9.98158E-05 9.98158E-05 9.98158E-05 9.98158E-05 9.98158E-05 9.98158E-05
0.0259353 9.98334E-05 9.98334E-05 9.98334E-05 9.98334E-05 9.98334E-05 0.0141887 9.98334E-05 9.98334E-05 9.98334E-05 9.98334E-05 9.98334E-05 9.98334E-05 9.98334E-05 0.163442 9.98334E-05 9.98334E-05 9.98334E-05 9.98334E-05 9.98334E-05 0.794538 9.98334E-05 9.98334E-05
9.98332E-05 0.2718 9.98332E-05 9.98332E-05 9.98332E-05 9.98332E-05 0.0452429 9.98332E-05 9.98332E-05 9.98332E-05 9.98332E-05 9.98332E-05 9.98332E-05 9.98332E-05 0.635667 9.98332E-05 0.0453937 9.98332E-05 9.98332E-05 9.98332E-05 9.98332E-05 9.98332E-05 9.98332E-05
9.98247E-05 9.98247E-05 9.98247E-05 9.98247E-05 9.98247E-05 9.98247E-05 0.109207 9.98247E-05 9.98247E-05 9.98247E-05 9.98247E-05 9.98247E-05 9.98247E-05 9.98247E-05 0.833657 9.98247E-05 9.98247E-05 9.98247E-05 0.0551396 9.98247E-05 9.98247E-05 9.98247E-05 9.98247E-05
0.0306273 0.019771 9.98421E-05 9.98421E-05 9.98421E-05 9.98421E-05 0.108969 9.98421E-05 9.98421E-05 9.98421E-05 9.98421E-05 9.98421E-05 9.98421E-05 0.340732 9.98421E-05 9.98421E-05 9.98421E-05 9.98421E-05 9.98421E-05 9.98421E-05 0.498104 9.98421E-05 9.98421E-05
9.98422E-05 9.98422E-05 9.98422E-05 9.98422E-05 9.98422E-05 0.0327497 0.0486306 9.98422E-05 9.98422E-05 9.98422E-05 9.98422E-05 9.98422E-05 9.98422E-05 0.0109313 0.178888 9.98422E-05 9.98422E-05 9.98422E-05 9.98422E-05 9.98422E-05 0.727003 9.98422E-05 9.98422E-05
0.0991689 9.98507E-05 9.98507E-05 9.98507E-05 9.98507E-05 9.98507E-05 0.116263 9.98507E-05 9.98507E-05 9.98507E-05 0.174996 9.98507E-05 9.98507E-05 9.98507E-05 0.54081 0.0254238 9.98507E-05 9.98507E-05 9.98507E-05 0.0416404 9.98507E-05 9.98507E-05 9.98507E-05
9.98684E-05 0.0712247 9.98684E-05 9.98684E-05 9.98684E-05 0.0235204 0.0807376 9.98684E-05 0.210648 0.114339 9.98684E-05 9.98684E-05 9.98684E-05 0.092112 0.348963 9.98684E-05 9.98684E-05 9.98684E-05 9.98684E-05 0.0569571 9.98684E-05 9.98684E-05 9.98684E-05
9.98861E-05 0.0547179 9.98861E-05 0.0240044 9.98861E-05 9.98861E-05 0.0882902 0.151664 9.98861E-05 9.98861E-05 0.00458206 9.98861E-05 9.98861E-05 0.0398861 0.47509 9.98861E-05 9.98861E-05 9.98861E-05 0.00648304 0.124231 0.0297521 9.98861E-05 9.98861E-05
9.98509E-05 0.155293 9.98509E-05 9.98509E-05 9.98509E-05 0.00514081 0.185927 9.98509E-05 9.98509E-05 9.98509E-05 9.98509E-05 9.98509E-05 9.98509E-05 9.98509E-05 0.464278 9.98509E-05 9.98509E-05 0.0134672 9.98509E-05 0.174196 9.98509E-05 9.98509E-05 9.98509E-05
9.98333E-05 0.0450069 9.98333E-05 9.98333E-05 0.619829 9.98333E-05 9.98333E-05 9.98333E-05 9.98333E-05 9.98333E-05 9.98333E-05 9.98333E-05 9.98333E-05 9.98333E-05 0.124215 9.98333E-05 9.98333E-05 9.98333E-05 9.98333E-05 9.98333E-05 0.209052 9.98333E-05 9.98333E-05
9.98332E-05 0.0888722 9.98332E-05 9.98332E-05 9.98332E-05 9.98332E-05 9.98332E-05 9.98332E-05 9.98332E-05 9.98332E-05 9.98332E-05 0.145602 0.0141964 9.98332E-05 0.749433 9.98332E-05 9.98332E-05 9.98332E-05 9.98332E-05 9.98332E-05 9.98332E-05 9.98332E-05 9.98332E-05
9.98244E-05 9.98244E-05 9.98244E-05 9.98244E-05 0.412022 9.98244E-05 0.0790491 9.98244E-05 9.98244E-05 9.98244E-05 9.98244E-05 9.98244E-05 9.98244E-05 0.506933 9.98244E-05 9.98244E-05 9.98244E-05 9.98244E-05 9.98244E-05 9.98244E-05 9.98244E-05 9.98244E-05 9.98244E-05
9.9851E-05 0.0900434 0.133722 9.9851E-05 0.246159 9.9851E-05 0.0939542 9.9851E-05 9.9851E-05 9.9851E-05 9.9851E-05 9.9851E-05 9.9851E-05 0.110843 0.323581 9.9851E-05 9.9851E-05 9.9851E-05 9.9851E-05 9.9851E-05 9.9851E-05 9.9851E-05 9.9851E-05
9.98245E-05 9.98245E-05 9.98245E-05 0.0354523 9.98245E-05 9.98245E-05 9.98245E-05 9.98245E-05 9.98245E-05 9.98245E-05 9.98245E-05 9.98245E-05 0.0159397 9.98245E-05 0.946612 9.98245E-05 9.98245E-05 9.98245E-05 9.98245E-05 9.98245E-05 9.98245E-05 9.98245E-05 9.98245E-05
0.0133187 9.9842E-05 9.9842E-05 9.9842E-05 0.0298208 0.00360001 9.9842E-05 9.9842E-05 9.9842E-05 9.9842E-05 9.9842E-05 0.107512 9.9842E-05 9.9842E-05 0.843951 9.9842E-05 9.9842E-05 9.9842E-05 9.9842E-05 9.9842E-05 9.9842E-05 9.9842E-05 9.9842E-05
9.98332E-05 0.182556 9.98332E-05 9.98332E-05 9.98332E-05 9.98332E-05 0.18263 9.98332E-05 9.98332E-05 9.98332E-05 0.13651 9.98332E-05 9.98332E-05 9.98332E-05 0.496407 9.98332E-05 9.98332E-05 9.98332E-05 9.98332E-05 9.98332E-05 9.98332E-05 9.98332E-05 9.98332E-05
9.98245E-05 0.0857206 9.98245E-05 9.98245E-05 9.98245E-05 9.98245E-05 0.1545 9.98245E-05 9.98245E-05 9.98245E-05 9.98245E-05 9.98245E-05 9.98245E-05 9.98245E-05 0.757783 9.98245E-05 9.98245E-05 9.98245E-05 9.98245E-05 9.98245E-05 9.98245E-05 9.98245E-05 9.98245E-05
9.98333E-05 9.98333E-05 9.98333E-05 9.98333E-05 9.98333E-05 0.0164303 0.0378895 9.98333E-05 9.98333E-05 9.98333E-05 9.98333E-05 9.98333E-05 9.98333E-05 9.98333E-05 0.926372 9.98333E-05 9.98333E-05 9.98333E-05 9.98333E-05 9.98333E-05 9.98333E-05 9.98333E-05 0.0174109
0.118422 0.0435554 9.98333E-05 9.98333E-05 0.184519 9.98333E-05 9.98333E-05 9.98333E-05 9.98333E-05 9.98333E-05 9.98333E-05 9.98333E-05 9.98333E-05 9.98333E-05 0.651606 9.98333E-05 9.98333E-05 9.98333E-05 9.98333E-05 9.98333E-05 9.98333E-05 9.98333E-05 9.98333E-05
9.9842E-05 0.0178355 9.9842E-05 9.9842E-05 0.45741 9.9842E-05 0.0782617 9.9842E-05 9.9842E-05 9.9842E-05 0.141919 9.9842E-05 9.9842E-05 9.9842E-05 0.302776 9.9842E-05 9.9842E-05 9.9842E-05 9.9842E-05 9.9842E-05 9.9842E-05 9.9842E-05 9.9842E-05
9.98067E-05 0.997804 9.98067E-05 9.98067E-05 9.98067E-05 9.98067E-05 9.98067E-05 9.98067E-05 9.98067E-05 9.98067E-05 9.98067E-05 9.98067E-05 9.98067E-05 9.98067E-05 9.98067E-05 9.98067E-05 9.98067E-05 9.98067E-05 9.98067E-05 9.98067E-05 9.98067E-05 9.98067E-05 9.98067E-05
9.98067E-05 9.98067E-05 9.98067E-05 9.98067E-05 9.98067E-05 9.98067E-05 0.997804 9.98067E-05 9.98067E-05 9.98067E-05 9.98067E-05 9.98067E-05 9.98067E-05 9.98067E-05 9.98067E-05 9.98067E-05 9.98067E-05 9.98067E-05 9.98067E-05 9.98067E-05 9.98067E-05 9.98067E-05 9.98067E-05
9.98067E-05 0.997804 9.98067E-05 9.98067E-05 9.98067E-05 9.98067E-05 9.98067E-05 9.98067E-05 9.98067E-05 9.98067E-05 9.98067E-05 9.98067E-05 9.98067E-05 9.98067E-05 9.98067E-05 9.98067E-05 9.98067E-05 9.98067E-05 9.98067E-05 9.98067E-05 9.98067E-05 9.98067E-05 9.98067E-05
9.98066E-05 9.98066E-05 9.98066E-05 9.98066E-05 9.98066E-05 9.98066E-05 0.997804 9.98066E-05 9.98066E-05 9.98066E-05 9.98066E-05 9.98066E-05 9.98066E-05 9.98066E-05 9.98066E-05 9.98066E-05 9.98066E-05 9.98066E-05 9.98066E-05 9.98066E-05 9.98066E-05 9.98066E-05 9.98066E-05
