0.090634 9.99121E-05 0.130118 9.99121E-05 9.99121E-05 9.99121E-05 0.0651366 0.224672 9.99121E-05 9.99121E-05 9.99121E-05 0.452118 9.99121E-05 0.0363232 9.99121E-05 9.99121E-05
9.99034E-05 9.99034E-05 0.198024 9.99034E-05 9.99034E-05 9.99034E-05 9.99034E-05 0.0839246 0.0291381 9.99034E-05 0.00447567 0.683339 9.99034E-05 9.99034E-05 9.99034E-05 9.99034E-05
9.99297E-05 0.00996059 9.99297E-05 9.99297E-05 9.99297E-05 9.99297E-05 0.0222443 0.0112382 9.99297E-05 0.0618944 0.0109114 0.86298 9.99297E-05 0.0184341 9.99297E-05 0.0015375
9.9921E-05 9.9921E-05 9.9921E-05 9.9921E-05 0.399277 9.9921E-05 0.0415669 0.116717 0.0617919 9.9921E-05 0.0139399 0.256274 9.9921E-05 9.9921E-05 0.109534 9.9921E-05
9.98772E-05 9.98772E-05 9.98772E-05 9.98772E-05 9.98772E-05 9.98772E-05 9.98772E-05 9.98772E-05 9.98772E-05 0.172039 9.98772E-05 0.826563 9.98772E-05 9.98772E-05 9.98772E-05 9.98772E-05
9.99386E-05 0.0145044 0.093102 9.99386E-05 0.140811 9.99386E-05 9.99386E-05 0.0528965 0.0028726 0.170956 9.99386E-05 0.21581 0.126424 9.99386E-05 0.181923 9.99386E-05
9.99211E-05 9.99211E-05 0.130121 9.99211E-05 0.181597 9.99211E-05 0.00685966 0.211605 0.125251 9.99211E-05 9.99211E-05 0.275958 9.99211E-05 0.0677093 9.99211E-05 9.99211E-05
0.068224 9.99298E-05 9.99298E-05 0.0981684 0.14204 9.99298E-05 9.99298E-05 0.207012 9.99298E-05 0.127007 9.99298E-05 0.184637 0.168115 9.99298E-05 0.0039967 9.99298E-05
9.99122E-05 9.99122E-05 0.00183901 9.99122E-05 9.99122E-05 9.99122E-05 0.242602 9.99122E-05 9.99122E-05 9.99122E-05 9.99122E-05 0.287516 0.244104 0.214628 0.00831224 9.99122E-05
9.98789E-05 9.98789E-05 9.98789E-05 9.98789E-05 9.98789E-05 9.98789E-05 0.083513 9.98789E-05 9.98789E-05 9.98789E-05 9.98789E-05 0.915089 9.98789E-05 9.98789E-05 9.98789E-05 9.98789E-05
9.9921E-05 0.0135776 9.9921E-05 9.9921E-05 9.9921E-05 9.9921E-05 0.191235 0.11131 0.136252 9.9921E-05 9.9921E-05 0.535415 0.00858556 0.00272568 9.9921E-05 9.9921E-05
9.98947E-05 9.98947E-05 9.98947E-05 9.98947E-05 0.0696946 9.98947E-05 9.98947E-05 9.98947E-05 0.00195195 0.00517944 9.98947E-05 0.921975 9.98947E-05 9.98947E-05 9.98947E-05 9.98947E-05
9.98859E-05 9.98859E-05 9.98859E-05 9.98859E-05 9.98859E-05 9.98859E-05 0.0735008 0.0978017 9.98859E-05 9.98859E-05 9.98859E-05 0.827399 9.98859E-05 9.98859E-05 9.98859E-05 9.98859E-05
0.0195639 9.99299E-05 9.99299E-05 0.0103385 9.99299E-05 0.064754 0.0754477 9.99299E-05 0.0516474 9.99299E-05 9.99299E-05 0.595884 9.99299E-05 9.99299E-05 0.102641 0.0789241
9.99299E-05 9.99299E-05 9.99299E-05 9.99299E-05 0.067816 9.99299E-05 0.161048 0.0217163 9.99299E-05 9.99299E-05 9.99299E-05 0.365861 0.1122 0.0172095 0.238344 0.0150051
0.0975348 9.99297E-05 0.0655687 9.99297E-05 0.301973 9.99297E-05 0.049374 0.0617123 9.99297E-05 9.99297E-05 9.99297E-05 0.229131 0.121705 9.99297E-05 0.0722019 9.99297E-05
0.0453094 9.99298E-05 0.121003 0.00652721 0.0478294 0.111784 0.0691097 9.99298E-05 0.0399769 9.99298E-05 9.99298E-05 0.557662 9.99298E-05 9.99298E-05 9.99298E-05 9.99298E-05
9.99386E-05 0.140908 9.99386E-05 9.99386E-05 0.00927838 9.99386E-05 0.221108 0.24134 9.99386E-05 0.013037 0.118663 0.164328 0.0280716 0.0625664 9.99386E-05 9.99386E-05
9.99122E-05 9.99122E-05 9.99122E-05 9.99122E-05 0.114554 9.99122E-05 0.165502 0.157316 9.99122E-05 9.99122E-05 9.99122E-05 0.302133 0.147344 9.99122E-05 9.99122E-05 0.112152
9.98858E-05 9.98858E-05 9.98858E-05 9.98858E-05 9.98858E-05 9.98858E-05 0.0335906 9.98858E-05 9.98858E-05 9.98858E-05 0.0982601 0.866851 9.98858E-05 9.98858E-05 9.98858E-05 9.98858E-05
9.99298E-05 9.99298E-05 9.99298E-05 0.0150578 0.19058 9.99298E-05 0.106193 9.99298E-05 0.0384354 0.146416 9.99298E-05 0.479426 9.99298E-05 0.0186327 9.99298E-05 0.00446023
9.9921E-05 0.011351 9.9921E-05 9.9921E-05 0.075477 9.9921E-05 9.9921E-05 0.329962 9.9921E-05 0.164585 9.9921E-05 0.205283 0.179166 9.9921E-05 9.9921E-05 0.0332777
9.99123E-05 9.99123E-05 9.99123E-05 9.99123E-05 9.99123E-05 9.99123E-05 0.145275 0.00585459 0.0756343 9.99123E-05 0.0369232 0.621011 9.99123E-05 9.99123E-05 0.114303 9.99123E-05
9.98946E-05 9.98946E-05 9.98946E-05 9.98946E-05 9.98946E-05 9.98946E-05 0.221728 0.387958 9.98946E-05 9.98946E-05 9.98946E-05 0.306448 9.98946E-05 0.0826679 9.98946E-05 9.98946E-05
9.9921E-05 9.9921E-05 9.9921E-05 9.9921E-05 9.9921E-05 9.9921E-05 0.252399 0.0505132 9.9921E-05 9.9921E-05 0.108639 0.247845 0.04018 9.9921E-05 0.174186 0.125338
9.99035E-05 9.99035E-05 9.99035E-05 9.99035E-05 0.073455 9.99035E-05 0.132991 9.99035E-05 9.99035E-05 9.99035E-05 9.99035E-05 0.674319 0.0173388 9.99035E-05 0.100798 9.99035E-05
9.99122E-05 0.144891 9.99122E-05 0.0392529 9.99122E-05 9.99122E-05 0.0856357 0.356409 9.99122E-05 9.99122E-05 0.00631065 9.99122E-05 9.99122E-05 9.99122E-05 0.366502 9.99122E-05
9.99035E-05 9.99035E-05 9.99035E-05 9.99035E-05 0.107125 9.99035E-05 0.0835669 9.99035E-05 0.000872762 9.99035E-05 9.99035E-05 0.786607 9.99035E-05 9.99035E-05 9.99035E-05 0.0207291
9.99035E-05 9.99035E-05 9.99035E-05 9.99035E-05 9.99035E-05 9.99035E-05 0.20068 0.156806 9.99035E-05 9.99035E-05 9.99035E-05 0.584579 9.99035E-05 0.0169169 0.0399189 9.99035E-05
9.99035E-05 9.99035E-05 9.99035E-05 9.99035E-05 9.99035E-05 0.0129797 0.0757181 9.99035E-05 9.99035E-05 9.99035E-05 9.99035E-05 0.811532 0.0481415 9.99035E-05 0.0505297 9.99035E-05
9.9921E-05 0.034861 9.9921E-05 9.9921E-05 9.9921E-05 9.9921E-05 0.0575908 0.0477038 0.136566 9.9921E-05 0.030955 0.66769 0.0237345 9.9921E-05 9.9921E-05 9.9921E-05
9.99123E-05 9.99123E-05 9.99123E-05 9.99123E-05 0.133455 9.99123E-05 0.0601047 0.0132042 0.0765722 9.99123E-05 9.99123E-05 0.523513 9.99123E-05 9.99123E-05 0.192152 9.99123E-05
9.99121E-05 9.99121E-05 9.99121E-05 0.0650348 9.99121E-05 9.99121E-05 0.111196 0.22775 0.0965311 9.99121E-05 9.99121E-05 0.494899 9.99121E-05 9.99121E-05 0.00359012 9.99121E-05
9.99298E-05 0.0440216 9.99298E-05 0.0408777 0.0260862 9.99298E-05 0.0928631 0.159178 0.00904777 9.99298E-05 9.99298E-05 0.468524 9.99298E-05 9.99298E-05 0.158602 9.99298E-05
9.9921E-05 9.9921E-05 0.0409399 9.9921E-05 9.9921E-05 9.9921E-05 0.0379832 9.9921E-05 0.0435976 9.9921E-05 0.0474862 0.811245 0.0154073 9.9921E-05 9.9921E-05 0.00244178
0.0129607 9.99386E-05 0.0248184 9.99386E-05 0.0976516 9.99386E-05 0.0339179 0.0996998 0.00468202 9.99386E-05 9.99386E-05 0.66182 0.0249801 0.0387704 9.99386E-05 9.99386E-05
9.98947E-05 9.98947E-05 0.0308503 0.0685766 0.0429585 9.98947E-05 9.98947E-05 9.98947E-05 9.98947E-05 9.98947E-05 9.98947E-05 0.856416 9.98947E-05 9.98947E-05 9.98947E-05 9.98947E-05
9.99035E-05 9.99035E-05 0.0359255 9.99035E-05 9.99035E-05 9.99035E-05 0.0769925 9.99035E-05 9.99035E-05 9.99035E-05 0.0895591 0.631754 0.16467 9.99035E-05 9.99035E-05 9.99035E-05
9.99299E-05 9.99299E-05 0.0722537 9.99299E-05 0.07817 0.0409334 0.137895 9.99299E-05 9.99299E-05 0.0653898 0.0120318 0.508366 9.99299E-05 9.99299E-05 0.0841614 9.99299E-05
9.98947E-05 9.98947E-05 9.98947E-05 0.210428 9.98947E-05 9.98947E-05 0.0834576 9.98947E-05 9.98947E-05 9.98947E-05 9.98947E-05 0.531798 9.98947E-05 9.98947E-05 0.173117 9.98947E-05
9.99123E-05 9.99123E-05 9.99123E-05 0.0322208 9.99123E-05 9.99123E-05 0.10869 0.0966312 0.000472031 9.99123E-05 9.99123E-05 0.736594 9.99123E-05 0.0243921 9.99123E-05 9.99123E-05
9.99123E-05 9.99123E-05 0.00857276 9.99123E-05 9.99123E-05 9.99123E-05 0.095756 0.324181 9.99123E-05 9.99123E-05 9.99123E-05 0.519491 0.0360387 0.0149613 9.99123E-05 9.99123E-05
9.99035E-05 9.99035E-05 0.0511349 9.99035E-05 9.99035E-05 0.0361296 9.99035E-05 0.0514894 9.99035E-05 9.99035E-05 9.99035E-05 0.856851 9.99035E-05 9.99035E-05 0.0032958 9.99035E-05
9.99123E-05 9.99123E-05 9.99123E-05 9.99123E-05 9.99123E-05 9.99123E-05 0.21315 0.180417 0.0584251 9.99123E-05 9.99123E-05 0.367859 0.0875426 0.0916067 9.99123E-05 9.99123E-05
9.99123E-05 9.99123E-05 9.99123E-05 9.99123E-05 0.130701 9.99123E-05 0.180883 0.342318 0.0486554 9.99123E-05 9.99123E-05 0.250283 9.99123E-05 0.0461609 9.99123E-05 9.99123E-05
0.0553451 9.9921E-05 9.9921E-05 9.9921E-05 0.0619757 9.9921E-05 0.0139441 0.0137626 0.00197742 9.9921E-05 0.0838261 0.76827 9.9921E-05 9.9921E-05 9.9921E-05 9.9921E-05
9.99035E-05 0.0714418 9.99035E-05 9.99035E-05 9.99035E-05 9.99035E-05 0.0657008 9.99035E-05 0.0375635 9.99035E-05 9.99035E-05 0.78143 0.0427648 9.99035E-05 9.99035E-05 9.99035E-05
9.98772E-05 9.98772E-05 9.98772E-05 9.98772E-05 9.98772E-05 9.98772E-05 0.138028 9.98772E-05 9.98772E-05 9.98772E-05 9.98772E-05 0.860574 9.98772E-05 9.98772E-05 9.98772E-05 9.98772E-05
9.99034E-05 9.99034E-05 9.99034E-05 9.99034E-05 0.0765909 9.99034E-05 0.123096 0.173951 0.0201724 9.99034E-05 9.99034E-05 0.605091 9.99034E-05 9.99034E-05 9.99034E-05 9.99034E-05
9.99299E-05 0.0365331 0.037629 0.116844 9.99299E-05 9.99299E-05 0.00147549 9.99299E-05 0.0161563 0.0024725 9.99299E-05 0.746795 0.041295 9.99299E-05 9.99299E-05 9.99299E-05
9.99298E-05 9.99298E-05 9.99298E-05 9.99298E-05 0.043765 9.99298E-05 0.206716 0.0949563 0.114807 9.99298E-05 9.99298E-05 0.298457 0.0376022 0.0209326 0.181965 9.99298E-05
9.9921E-05 9.9921E-05 9.9921E-05 9.9921E-05 0.00415686 9.9921E-05 9.9921E-05 0.0693825 9.9921E-05 0.0545627 0.00186874 0.645442 0.0532042 0.170484 9.9921E-05 9.9921E-05
9.99035E-05 0.0515007 9.99035E-05 9.99035E-05 9.99035E-05 9.99035E-05 0.0203828 9.99035E-05 9.99035E-05 9.99035E-05 9.99035E-05 0.907315 9.99035E-05 9.99035E-05 0.000345736 0.0193568
9.99474E-05 0.0621419 9.99474E-05 0.135816 9.99474E-05 9.99474E-05 0.0383571 0.00532386 0.0106849 0.0149624 0.0943439 0.55966 0.0536476 9.99474E-05 0.0244624 9.99474E-05
9.9886E-05 9.9886E-05 9.9886E-05 9.9886E-05 9.9886E-05 9.9886E-05 0.104258 9.9886E-05 9.9886E-05 9.9886E-05 9.9886E-05 0.673785 9.9886E-05 9.9886E-05 9.9886E-05 0.220659
9.98947E-05 9.98947E-05 9.98947E-05 9.98947E-05 9.98947E-05 9.98947E-05 9.98947E-05 9.98947E-05 9.98947E-05 0.0231582 0.0779706 0.68079 9.98947E-05 9.98947E-05 0.216882 9.98947E-05
9.99034E-05 0.100929 9.99034E-05 9.99034E-05 0.0698142 9.99034E-05 0.0687005 9.99034E-05 9.99034E-05 9.99034E-05 9.99034E-05 0.740116 0.0193413 9.99034E-05 9.99034E-05 9.99034E-05
9.9886E-05 9.9886E-05 9.9886E-05 9.9886E-05 0.138303 9.9886E-05 0.106801 9.9886E-05 9.9886E-05 9.9886E-05 9.9886E-05 0.753597 9.9886E-05 9.9886E-05 9.9886E-05 9.9886E-05
0.0611413 9.98947E-05 9.98947E-05 9.98947E-05 9.98947E-05 9.98947E-05 0.0479491 9.98947E-05 0.0233524 9.98947E-05 9.98947E-05 0.866358 9.98947E-05 9.98947E-05 9.98947E-05 9.98947E-05
9.9921E-05 0.00532282 0.20916 9.9921E-05 9.9921E-05 9.9921E-05 0.145183 0.429566 0.0479936 9.9921E-05 9.9921E-05 9.9921E-05 0.0188027 9.9921E-05 0.143073 9.9921E-05
9.99037E-05 9.99037E-05 0.135769 9.99037E-05 0.0358495 9.99037E-05 9.99037E-05 0.64937 9.99037E-05 9.99037E-05 9.99037E-05 0.133722 9.99037E-05 0.0441911 9.99037E-05 9.99037E-05
9.99122E-05 0.164208 0.116709 0.0123835 9.99122E-05 0.179703 9.99122E-05 0.39728 9.99122E-05 9.99122E-05 9.99122E-05 0.128717 9.99122E-05 9.99122E-05 9.99122E-05 9.99122E-05
9.99123E-05 0.0602762 0.385208 9.99123E-05 9.99123E-05 9.99123E-05 0.0699039 0.112244 9.99123E-05 9.99123E-05 9.99123E-05 9.99123E-05 0.102209 9.99123E-05 0.269159 9.99123E-05
9.99297E-05 0.153839 0.0865915 0.0257928 9.99297E-05 9.99297E-05 0.139677 0.486168 9.99297E-05 9.99297E-05 0.0523097 9.99297E-05 0.0346998 0.020122 9.99297E-05 9.99297E-05
0.0554834 9.99297E-05 0.104485 9.99297E-05 9.99297E-05 9.99297E-05 0.197582 0.475114 0.017116 9.99297E-05 9.99297E-05 9.99297E-05 0.0288901 0.015823 0.104706 9.99297E-05
9.99035E-05 9.99035E-05 0.434775 9.99035E-05 0.172389 9.99035E-05 0.2026 0.16089 0.0282465 9.99035E-05 9.99035E-05 9.99035E-05 9.99035E-05 9.99035E-05 9.99035E-05 9.99035E-05
9.9921E-05 0.257621 0.325599 9.9921E-05 0.0266953 9.9921E-05 0.136224 0.109545 9.9921E-05 9.9921E-05 9.9921E-05 9.9921E-05 0.064034 9.9921E-05 0.0793823 9.9921E-05
9.99211E-05 0.00613806 0.202474 9.99211E-05 9.99211E-05 0.129671 0.0270451 0.548349 9.99211E-05 9.99211E-05 9.99211E-05 9.99211E-05 9.99211E-05 0.0520576 0.0333668 9.99211E-05
0.0664469 9.99298E-05 0.146086 9.99298E-05 0.0189347 9.99298E-05 0.0772027 0.459184 0.0526088 9.99298E-05 9.99298E-05 0.173455 0.00528203 9.99298E-05 9.99298E-05 9.99298E-05
9.99122E-05 0.0262803 0.00857957 9.99122E-05 9.99122E-05 9.99122E-05 0.383897 0.319811 0.178225 9.99122E-05 9.99122E-05 9.99122E-05 0.082208 9.99122E-05 9.99122E-05 9.99122E-05
0.113982 9.9921E-05 0.154649 0.0365551 9.9921E-05 9.9921E-05 0.0960324 0.470607 0.0221062 9.9921E-05 9.9921E-05 9.9921E-05 9.9921E-05 9.9921E-05 9.9921E-05 0.105169
0.103075 9.9956E-05 0.105467 0.0389896 0.0349737 9.9956E-05 0.0874358 0.260177 0.032963 0.0248838 0.0583166 9.9956E-05 0.0736745 9.9956E-05 0.179544 9.9956E-05
9.99034E-05 9.99034E-05 0.124663 9.99034E-05 9.99034E-05 9.99034E-05 0.262016 0.57381 9.99034E-05 0.0207097 9.99034E-05 9.99034E-05 9.99034E-05 9.99034E-05 0.0177026 9.99034E-05
0.00443632 9.99212E-05 0.0855705 0.053136 9.99212E-05 9.99212E-05 9.99212E-05 0.445485 9.99212E-05 9.99212E-05 9.99212E-05 0.113126 9.99212E-05 0.0861282 0.211219 9.99212E-05
9.99474E-05 9.99474E-05 0.102538 9.99474E-05 0.10025 0.111943 0.104116 0.381887 0.0757984 9.99474E-05 0.040391 0.0679284 0.0108958 9.99474E-05 0.00365184 9.99474E-05
9.9921E-05 0.0683319 0.0581178 0.0404256 0.130788 9.9921E-05 0.107606 0.381845 9.9921E-05 9.9921E-05 9.9921E-05 9.9921E-05 9.9921E-05 9.9921E-05 0.211986 9.9921E-05
0.0075368 0.0108464 0.0364074 9.99298E-05 0.07299 9.99298E-05 0.10269 0.580762 0.135808 9.99298E-05 9.99298E-05 9.99298E-05 0.0521596 9.99298E-05 9.99298E-05 9.99298E-05
9.99298E-05 0.199773 0.0617501 9.99298E-05 0.017244 9.99298E-05 0.158692 0.377868 0.028485 9.99298E-05 9.99298E-05 0.109024 0.0463649 9.99298E-05 9.99298E-05 9.99298E-05
0.0720863 0.0102443 0.0806911 0.118082 9.99385E-05 9.99385E-05 0.301946 0.297164 9.99385E-05 9.99385E-05 0.013715 9.99385E-05 9.99385E-05 9.99385E-05 0.0989267 0.00644615
9.99212E-05 0.00512656 0.09219 0.0301527 9.99212E-05 0.204859 0.0964223 0.470569 9.99212E-05 9.99212E-05 9.99212E-05 0.0997805 9.99212E-05 9.99212E-05 9.99212E-05 9.99212E-05
9.98945E-05 0.0231029 0.123125 9.98945E-05 9.98945E-05 9.98945E-05 0.11151 0.741063 9.98945E-05 9.98945E-05 9.98945E-05 9.98945E-05 9.98945E-05 9.98945E-05 9.98945E-05 9.98945E-05
0.0777697 9.99211E-05 0.208377 9.99211E-05 9.99211E-05 9.99211E-05 0.0748454 0.305434 9.99211E-05 9.99211E-05 9.99211E-05 0.0367054 9.99211E-05 9.99211E-05 0.280813 0.0151562
9.99474E-05 0.0774508 0.0072677 9.99474E-05 0.129513 9.99474E-05 0.0889927 0.46008 0.0302519 9.99474E-05 9.99474E-05 0.00325114 0.0158784 0.0765245 0.11019 9.99474E-05
0.0552271 9.99122E-05 9.99122E-05 9.99122E-05 9.99122E-05 9.99122E-05 0.176645 0.415126 0.20716 9.99122E-05 9.99122E-05 0.0902273 0.0546153 9.99122E-05 9.99122E-05 9.99122E-05
9.99299E-05 9.99299E-05 0.170142 9.99299E-05 9.99299E-05 0.0916491 0.130126 0.3446 0.00239573 9.99299E-05 9.99299E-05 0.189654 0.0335945 9.99299E-05 0.0370402 9.99299E-05
0.0597017 9.99123E-05 0.0183745 9.99123E-05 9.99123E-05 0.161839 0.00228854 0.653167 9.99123E-05 9.99123E-05 9.99123E-05 0.10363 9.99123E-05 9.99123E-05 9.99123E-05 9.99123E-05
9.99212E-05 0.0078492 0.147593 9.99212E-05 0.0390557 0.0961124 0.162783 0.522574 9.99212E-05 9.99212E-05 9.99212E-05 0.0231332 9.99212E-05 9.99212E-05 9.99212E-05 9.99212E-05
0.0745763 0.143895 0.0347621 9.99211E-05 9.99211E-05 9.99211E-05 0.0858415 0.423506 9.99211E-05 9.99211E-05 9.99211E-05 0.117043 9.99211E-05 9.99211E-05 0.119477 9.99211E-05
0.0229106 0.0292009 9.99386E-05 0.063894 9.99386E-05 0.265887 0.216777 0.259927 9.99386E-05 0.0153654 9.99386E-05 0.091707 0.0336322 9.99386E-05 9.99386E-05 9.99386E-05
9.98859E-05 9.98859E-05 9.98859E-05 9.98859E-05 9.98859E-05 9.98859E-05 0.108824 9.98859E-05 9.98859E-05 9.98859E-05 9.98859E-05 9.98859E-05 0.102684 9.98859E-05 0.787193 9.98859E-05
9.98947E-05 9.98947E-05 9.98947E-05 9.98947E-05 9.98947E-05 0.379946 0.0325573 9.98947E-05 9.98947E-05 9.98947E-05 9.98947E-05 9.98947E-05 0.105065 9.98947E-05 0.481234 9.98947E-05
9.9877E-05 9.9877E-05 9.9877E-05 9.9877E-05 9.9877E-05 9.9877E-05 0.0813156 9.9877E-05 9.9877E-05 9.9877E-05 9.9877E-05 9.9877E-05 9.9877E-05 9.9877E-05 0.917286 9.9877E-05
9.98944E-05 0.0516262 9.98944E-05 9.98944E-05 9.98944E-05 9.98944E-05 0.138724 9.98944E-05 0.02401 9.98944E-05 9.98944E-05 9.98944E-05 9.98944E-05 9.98944E-05 0.784441 9.98944E-05
0.0399209 9.98945E-05 9.98945E-05 9.98945E-05 9.98945E-05 9.98945E-05 9.98945E-05 9.98945E-05 9.98945E-05 9.98945E-05 9.98945E-05 9.98945E-05 0.0974039 0.0576592 0.803817 9.98945E-05
9.98947E-05 9.98947E-05 0.013525 9.98947E-05 9.98947E-05 9.98947E-05 0.162732 9.98947E-05 9.98947E-05 9.98947E-05 9.98947E-05 9.98947E-05 0.154749 9.98947E-05 0.667795 9.98947E-05
0.0727337 0.00381481 9.9921E-05 9.9921E-05 9.9921E-05 9.9921E-05 0.0291078 0.0498405 0.0103665 9.9921E-05 9.9921E-05 9.9921E-05 0.0621924 9.9921E-05 0.771045 9.9921E-05
9.98771E-05 9.98771E-05 9.98771E-05 9.98771E-05 9.98771E-05 9.98771E-05 9.98771E-05 9.98771E-05 9.98771E-05 9.98771E-05 9.98771E-05 9.98771E-05 0.172372 9.98771E-05 0.82623 9.98771E-05
9.98857E-05 9.98857E-05 0.204348 9.98857E-05 9.98857E-05 9.98857E-05 9.98857E-05 9.98857E-05 9.98857E-05 9.98857E-05 9.98857E-05 9.98857E-05 0.316054 9.98857E-05 0.4783 9.98857E-05
9.98858E-05 9.98858E-05 9.98858E-05 9.98858E-05 9.98858E-05 9.98858E-05 0.248413 9.98858E-05 9.98858E-05 9.98858E-05 9.98858E-05 9.98858E-05 0.205906 9.98858E-05 0.544382 9.98858E-05
9.98947E-05 9.98947E-05 0.195176 9.98947E-05 9.98947E-05 0.149971 9.98947E-05 9.98947E-05 9.98947E-05 9.98947E-05 9.98947E-05 9.98947E-05 0.0376219 9.98947E-05 0.616032 9.98947E-05
9.98947E-05 9.98947E-05 0.173681 9.98947E-05 9.98947E-05 9.98947E-05 0.0535546 9.98947E-05 0.0457626 9.98947E-05 9.98947E-05 9.98947E-05 9.98947E-05 9.98947E-05 0.725803 9.98947E-05
9.98773E-05 9.98773E-05 9.98773E-05 9.98773E-05 9.98773E-05 9.98773E-05 9.98773E-05 9.98773E-05 9.98773E-05 9.98773E-05 9.98773E-05 9.98773E-05 0.106435 9.98773E-05 0.892167 9.98773E-05
9.99036E-05 9.99036E-05 9.99036E-05 9.99036E-05 9.99036E-05 0.0225277 0.246226 9.99036E-05 9.99036E-05 9.99036E-05 9.99036E-05 9.99036E-05 0.116665 0.0175373 0.595945 9.99036E-05
0.0547362 0.105919 9.99211E-05 9.99211E-05 9.99211E-05 0.00573579 9.99211E-05 9.99211E-05 9.99211E-05 9.99211E-05 0.0638113 9.99211E-05 0.0691442 9.99211E-05 0.685795 0.0139591
9.9921E-05 9.9921E-05 0.113731 0.0128226 9.9921E-05 9.9921E-05 0.0685087 9.9921E-05 0.0415771 0.0402992 9.9921E-05 9.9921E-05 0.0180723 9.9921E-05 0.70409 9.9921E-05
9.99035E-05 9.99035E-05 0.206964 9.99035E-05 9.99035E-05 9.99035E-05 0.0831033 9.99035E-05 9.99035E-05 9.99035E-05 0.0145069 9.99035E-05 0.0656076 9.99035E-05 0.628719 9.99035E-05
9.99124E-05 9.99124E-05 9.99124E-05 9.99124E-05 9.99124E-05 9.99124E-05 9.99124E-05 0.0434192 0.0248186 0.0638182 9.99124E-05 0.00721728 0.142857 9.99124E-05 0.716871 9.99124E-05
9.98947E-05 9.98947E-05 0.00419262 9.98947E-05 9.98947E-05 9.98947E-05 9.98947E-05 9.98947E-05 0.00240499 9.98947E-05 9.98947E-05 9.98947E-05 0.00156832 9.98947E-05 0.990635 9.98947E-05
9.99035E-05 9.99035E-05 9.99035E-05 9.99035E-05 9.99035E-05 0.103142 0.108891 9.99035E-05 9.99035E-05 9.99035E-05 0.13069 9.99035E-05 0.111429 9.99035E-05 0.544749 9.99035E-05
9.99122E-05 9.99122E-05 0.090445 9.99122E-05 0.00762022 9.99122E-05 0.061858 9.99122E-05 9.99122E-05 0.0123929 9.99122E-05 9.99122E-05 0.0168576 9.99122E-05 0.809827 9.99122E-05
0.0329713 0.0372353 9.99034E-05 9.99034E-05 9.99034E-05 9.99034E-05 9.99034E-05 9.99034E-05 0.0347352 9.99034E-05 9.99034E-05 9.99034E-05 0.0307233 9.99034E-05 0.863236 9.99034E-05
9.99209E-05 9.99209E-05 0.0560838 9.99209E-05 9.99209E-05 9.99209E-05 0.169707 9.99209E-05 9.99209E-05 0.0290054 0.0156794 9.99209E-05 0.18728 0.00431992 0.537024 9.99209E-05
9.98948E-05 9.98948E-05 9.98948E-05 9.98948E-05 9.98948E-05 0.0561498 9.98948E-05 9.98948E-05 9.98948E-05 9.98948E-05 9.98948E-05 9.98948E-05 0.148745 9.98948E-05 0.772587 0.0213191
9.99034E-05 9.99034E-05 0.149082 9.99034E-05 9.99034E-05 9.99034E-05 0.196647 9.99034E-05 9.99034E-05 9.99034E-05 0.0470352 9.99034E-05 0.178913 9.99034E-05 0.427224 9.99034E-05
0.0266037 9.99122E-05 0.128089 9.99122E-05 9.99122E-05 0.182591 0.140083 9.99122E-05 9.99122E-05 9.99122E-05 9.99122E-05 9.99122E-05 0.16679 9.99122E-05 0.354844 9.99122E-05
9.99034E-05 9.99034E-05 9.99034E-05 9.99034E-05 9.99034E-05 0.440528 0.0696551 9.99034E-05 9.99034E-05 0.0133036 9.99034E-05 9.99034E-05 9.99034E-05 0.120817 0.354597 9.99034E-05
9.99033E-05 9.99033E-05 9.99033E-05 9.99033E-05 0.0911983 9.99033E-05 0.0235067 9.99033E-05 9.99033E-05 0.0238984 9.99033E-05 9.99033E-05 0.105847 9.99033E-05 0.75445 9.99033E-05
9.98947E-05 9.98947E-05 0.0148349 9.98947E-05 9.98947E-05 9.98947E-05 0.175756 9.98947E-05 9.98947E-05 9.98947E-05 9.98947E-05 9.98947E-05 0.266639 9.98947E-05 0.541571 9.98947E-05
9.98948E-05 9.98948E-05 9.98948E-05 9.98948E-05 9.98948E-05 9.98948E-05 0.0954067 9.98948E-05 0.0426383 9.98948E-05 0.0622744 9.98948E-05 9.98948E-05 9.98948E-05 0.798482 9.98948E-05
9.99035E-05 9.99035E-05 0.00176006 9.99035E-05 9.99035E-05 9.99035E-05 0.190699 9.99035E-05 0.0278226 9.99035E-05 9.99035E-05 9.99035E-05 0.0363191 9.99035E-05 0.7423 9.99035E-05
9.98858E-05 9.98858E-05 9.98858E-05 9.98858E-05 9.98858E-05 9.98858E-05 0.0555561 9.98858E-05 9.98858E-05 9.98858E-05 0.0454882 9.98858E-05 9.98858E-05 9.98858E-05 0.897657 9.98858E-05
9.99122E-05 9.99122E-05 9.99122E-05 9.99122E-05 9.99122E-05 9.99122E-05 0.132904 9.99122E-05 0.0367582 0.0153429 0.13912 9.99122E-05 0.286415 9.99122E-05 0.388461 9.99122E-05
9.98946E-05 9.98946E-05 9.98946E-05 9.98946E-05 9.98946E-05 9.98946E-05 0.0483114 0.0353259 9.98946E-05 9.98946E-05 9.98946E-05 9.98946E-05 0.0269493 9.98946E-05 0.888215 9.98946E-05
9.98772E-05 9.98772E-05 9.98772E-05 9.98772E-05 9.98772E-05 9.98772E-05 0.0233808 9.98772E-05 9.98772E-05 9.98772E-05 9.98772E-05 9.98772E-05 9.98772E-05 9.98772E-05 0.975221 9.98772E-05
0.0114839 9.9921E-05 0.108697 0.00631254 9.9921E-05 0.0279673 9.9921E-05 9.9921E-05 0.0170937 9.9921E-05 9.9921E-05 9.9921E-05 0.088517 9.9921E-05 0.739029 9.9921E-05
9.98945E-05 0.0282256 9.98945E-05 9.98945E-05 9.98945E-05 9.98945E-05 0.147965 9.98945E-05 9.98945E-05 9.98945E-05 9.98945E-05 9.98945E-05 0.10101 9.98945E-05 0.721601 9.98945E-05
9.98858E-05 9.98858E-05 9.98858E-05 9.98858E-05 9.98858E-05 0.450072 9.98858E-05 9.98858E-05 9.98858E-05 9.98858E-05 9.98858E-05 9.98858E-05 0.0827982 9.98858E-05 0.465831 9.98858E-05
9.9886E-05 9.9886E-05 9.9886E-05 9.9886E-05 9.9886E-05 0.161287 0.0661417 9.9886E-05 9.9886E-05 9.9886E-05 9.9886E-05 9.9886E-05 9.9886E-05 9.9886E-05 0.771273 9.9886E-05
9.98861E-05 9.98861E-05 9.98861E-05 9.98861E-05 9.98861E-05 0.209562 9.98861E-05 9.98861E-05 9.98861E-05 9.98861E-05 9.98861E-05 9.98861E-05 9.98861E-05 9.98861E-05 0.747627 0.0415125
9.99035E-05 0.0132812 0.00383528 9.99035E-05 9.99035E-05 0.27855 9.99035E-05 9.99035E-05 9.99035E-05 9.99035E-05 0.0489391 9.99035E-05 9.99035E-05 9.99035E-05 0.654296 9.99035E-05
9.99034E-05 9.99034E-05 0.152615 9.99034E-05 9.99034E-05 9.99034E-05 0.211321 9.99034E-05 9.99034E-05 0.0416739 9.99034E-05 9.99034E-05 0.0956477 9.99034E-05 0.497644 9.99034E-05
9.98859E-05 9.98859E-05 9.98859E-05 9.98859E-05 9.98859E-05 9.98859E-05 9.98859E-05 9.98859E-05 9.98859E-05 9.98859E-05 9.98859E-05 9.98859E-05 0.1219 9.98859E-05 0.813514 0.0632874
9.99035E-05 9.99035E-05 9.99035E-05 9.99035E-05 9.99035E-05 0.419612 0.0533232 9.99035E-05 9.99035E-05 9.99035E-05 0.0750864 9.99035E-05 0.132987 9.99035E-05 0.317892 9.99035E-05
9.98948E-05 9.98948E-05 9.98948E-05 9.98948E-05 9.98948E-05 0.312344 0.0027556 9.98948E-05 9.98948E-05 9.98948E-05 9.98948E-05 0.0249743 9.98948E-05 9.98948E-05 0.658727 9.98948E-05
9.99122E-05 0.000861271 0.143085 9.99122E-05 9.99122E-05 9.99122E-05 9.99122E-05 9.99122E-05 0.0362029 9.99122E-05 0.0942711 9.99122E-05 0.183224 9.99122E-05 0.541356 9.99122E-05
0.0451218 9.99123E-05 9.99123E-05 9.99123E-05 9.99123E-05 0.0477235 0.173674 9.99123E-05 9.99123E-05 9.99123E-05 9.99123E-05 9.99123E-05 0.0747289 9.99123E-05 0.655734 0.00201851
0.00349958 9.99299E-05 0.0905824 0.0418258 9.99299E-05 0.0212268 0.0719311 9.99299E-05 9.99299E-05 9.99299E-05 9.99299E-05 9.99299E-05 0.137027 0.127563 0.505545 9.99299E-05
9.99122E-05 9.99122E-05 9.99122E-05 9.99122E-05 9.99122E-05 9.99122E-05 0.179895 0.038707 9.99122E-05 9.99122E-05 0.014877 9.99122E-05 0.267506 0.0560861 0.44193 9.99122E-05
9.9886E-05 9.9886E-05 9.9886E-05 9.9886E-05 9.9886E-05 0.370796 0.00477549 9.9886E-05 9.9886E-05 9.9886E-05 9.9886E-05 9.9886E-05 9.9886E-05 9.9886E-05 0.62313 9.9886E-05
9.98857E-05 9.98857E-05 9.98857E-05 9.98857E-05 0.202229 9.98857E-05 0.164238 9.98857E-05 9.98857E-05 9.98857E-05 9.98857E-05 9.98857E-05 9.98857E-05 9.98857E-05 0.632234 9.98857E-05
9.99123E-05 9.99123E-05 0.0380671 9.99123E-05 9.99123E-05 0.422273 0.0950921 9.99123E-05 9.99123E-05 0.0105189 9.99123E-05 9.99123E-05 0.0867203 9.99123E-05 0.34633 9.99123E-05
9.99035E-05 9.99035E-05 9.99035E-05 9.99035E-05 9.99035E-05 0.153809 0.159966 9.99035E-05 0.00389965 9.99035E-05 9.99035E-05 9.99035E-05 0.057373 9.99035E-05 0.623853 9.99035E-05
9.98947E-05 9.98947E-05 0.0450525 0.138735 9.98947E-05 9.98947E-05 9.98947E-05 9.98947E-05 9.98947E-05 9.98947E-05 9.98947E-05 9.98947E-05 0.0774246 9.98947E-05 0.737589 9.98947E-05
0.0395034 0.0118012 9.99121E-05 9.99121E-05 0.0977422 9.99121E-05 9.99121E-05 9.99121E-05 0.0254625 9.99121E-05 9.99121E-05 9.99121E-05 0.00702781 9.99121E-05 0.817464 9.99121E-05
9.98945E-05 9.98945E-05 0.203459 9.98945E-05 9.98945E-05 9.98945E-05 0.124035 9.98945E-05 9.98945E-05 9.98945E-05 9.98945E-05 9.98945E-05 0.198701 9.98945E-05 0.472607 9.98945E-05
9.98945E-05 9.98945E-05 9.98945E-05 9.98945E-05 9.98945E-05 9.98945E-05 0.132068 9.98945E-05 9.98945E-05 9.98945E-05 9.98945E-05 9.98945E-05 0.0916915 9.98945E-05 0.731536 0.0435059
9.99034E-05 9.99034E-05 9.99034E-05 0.00217038 9.99034E-05 9.99034E-05 9.99034E-05 9.99034E-05 0.0205332 9.99034E-05 0.0526466 9.99034E-05 0.017023 9.99034E-05 0.906528 9.99034E-05
9.98947E-05 9.98947E-05 9.98947E-05 9.98947E-05 9.98947E-05 0.00446931 0.105676 9.98947E-05 9.98947E-05 9.98947E-05 0.102486 9.98947E-05 9.98947E-05 9.98947E-05 0.78617 9.98947E-05
9.9886E-05 9.9886E-05 9.9886E-05 9.9886E-05 9.9886E-05 0.0651358 9.9886E-05 9.9886E-05 9.9886E-05 9.9886E-05 9.9886E-05 9.9886E-05 0.15479 9.9886E-05 0.778775 9.9886E-05
9.98681E-05 9.98681E-05 9.98681E-05 9.98681E-05 9.98681E-05 9.98681E-05 0.998502 9.98681E-05 9.98681E-05 9.98681E-05 9.98681E-05 9.98681E-05 9.98681E-05 9.98681E-05 9.98681E-05 9.98681E-05
9.98681E-05 9.98681E-05 9.98681E-05 9.98681E-05 9.98681E-05 9.98681E-05 9.98681E-05 9.98681E-05 9.98681E-05 9.98681E-05 9.98681E-05 9.98681E-05 0.998502 9.98681E-05 9.98681E-05 9.98681E-05
9.98681E-05 9.98681E-05 9.98681E-05 9.98681E-05 9.98681E-05 9.98681E-05 0.998502 9.98681E-05 9.98681E-05 9.98681E-05 9.98681E-05 9.98681E-05 9.98681E-05 9.98681E-05 9.98681E-05 9.98681E-05
9.9868E-05 9.9868E-05 9.9868E-05 9.9868E-05 9.9868E-05 9.9868E-05 9.9868E-05 9.9868E-05 9.9868E-05 9.9868E-05 9.9868E-05 9.9868E-05 0.998502 9.9868E-05 9.9868E-05 9.9868E-05
9.98681E-05 9.98681E-05 9.98681E-05 9.98681E-05 9.98681E-05 9.98681E-05 9.98681E-05 9.98681E-05 9.98681E-05 9.98681E-05 9.98681E-05 9.98681E-05 0.998502 9.98681E-05 9.98681E-05 9.98681E-05
9.98682E-05 9.98682E-05 9.98682E-05 9.98682E-05 9.98682E-05 9.98682E-05 9.98682E-05 9.98682E-05 9.98682E-05 9.98682E-05 9.98682E-05 9.98682E-05 0.998502 9.98682E-05 9.98682E-05 9.98682E-05
9.98682E-05 9.98682E-05 9.98682E-05 9.98682E-05 9.98682E-05 9.98682E-05 0.998502 9.98682E-05 9.98682E-05 9.98682E-05 9.98682E-05 9.98682E-05 9.98682E-05 9.98682E-05 9.98682E-05 9.98682E-05
9.98682E-05 9.98682E-05 9.98682E-05 9.98682E-05 9.98682E-05 9.98682E-05 9.98682E-05 9.98682E-05 9.98682E-05 9.98682E-05 9.98682E-05 9.98682E-05 0.998502 9.98682E-05 9.98682E-05 9.98682E-05
9.98682E-05 9.98682E-05 9.98682E-05 9.98682E-05 9.98682E-05 9.98682E-05 9.98682E-05 9.98682E-05 9.98682E-05 9.98682E-05 9.98682E-05 9.98682E-05 0.998502 9.98682E-05 9.98682E-05 9.98682E-05
9.9868E-05 9.9868E-05 9.9868E-05 9.9868E-05 9.9868E-05 9.9868E-05 0.998502 9.9868E-05 9.9868E-05 9.9868E-05 9.9868E-05 9.9868E-05 9.9868E-05 9.9868E-05 9.9868E-05 9.9868E-05
9.98682E-05 9.98682E-05 9.98682E-05 9.98682E-05 9.98682E-05 9.98682E-05 0.998502 9.98682E-05 9.98682E-05 9.98682E-05 9.98682E-05 9.98682E-05 9.98682E-05 9.98682E-05 9.98682E-05 9.98682E-05
9.9868E-05 9.9868E-05 9.9868E-05 9.9868E-05 9.9868E-05 9.9868E-05 0.998502 9.9868E-05 9.9868E-05 9.9868E-05 9.9868E-05 9.9868E-05 9.9868E-05 9.9868E-05 9.9868E-05 9.9868E-05
9.9868E-05 9.9868E-05 9.9868E-05 9.9868E-05 9.9868E-05 9.9868E-05 9.9868E-05 9.9868E-05 9.9868E-05 9.9868E-05 9.9868E-05 9.9868E-05 0.998502 9.9868E-05 9.9868E-05 9.9868E-05
9.98681E-05 9.98681E-05 9.98681E-05 9.98681E-05 9.98681E-05 9.98681E-05 9.98681E-05 9.98681E-05 9.98681E-05 9.98681E-05 9.98681E-05 9.98681E-05 0.998502 9.98681E-05 9.98681E-05 9.98681E-05
9.98682E-05 9.98682E-05 9.98682E-05 9.98682E-05 9.98682E-05 9.98682E-05 0.998502 9.98682E-05 9.98682E-05 9.98682E-05 9.98682E-05 9.98682E-05 9.98682E-05 9.98682E-05 9.98682E-05 9.98682E-05
9.9868E-05 9.9868E-05 9.9868E-05 9.9868E-05 9.9868E-05 9.9868E-05 0.998502 9.9868E-05 9.9868E-05 9.9868E-05 9.9868E-05 9.9868E-05 9.9868E-05 9.9868E-05 9.9868E-05 9.9868E-05
0.0230845 9.99209E-05 9.99209E-05 0.0264407 0.12789 9.99209E-05 0.128588 9.99209E-05 9.99209E-05 9.99209E-05 9.99209E-05 9.99209E-05 0.0323005 0.0406696 0.620127 9.99209E-05
9.98681E-05 9.98681E-05 9.98681E-05 9.98681E-05 9.98681E-05 9.98681E-05 0.998502 9.98681E-05 9.98681E-05 9.98681E-05 9.98681E-05 9.98681E-05 9.98681E-05 9.98681E-05 9.98681E-05 9.98681E-05
9.98681E-05 9.98681E-05 9.98681E-05 9.98681E-05 9.98681E-05 9.98681E-05 9.98681E-05 9.98681E-05 9.98681E-05 9.98681E-05 9.98681E-05 9.98681E-05 0.998502 9.98681E-05 9.98681E-05 9.98681E-05
9.98681E-05 9.98681E-05 9.98681E-05 9.98681E-05 9.98681E-05 9.98681E-05 0.998502 9.98681E-05 9.98681E-05 9.98681E-05 9.98681E-05 9.98681E-05 9.98681E-05 9.98681E-05 9.98681E-05 9.98681E-05
9.98681E-05 9.98681E-05 9.98681E-05 9.98681E-05 9.98681E-05 9.98681E-05 0.998502 9.98681E-05 9.98681E-05 9.98681E-05 9.98681E-05 9.98681E-05 9.98681E-05 9.98681E-05 9.98681E-05 9.98681E-05
9.9868E-05 9.9868E-05 9.9868E-05 9.9868E-05 9.9868E-05 9.9868E-05 0.998502 9.9868E-05 9.9868E-05 9.9868E-05 9.9868E-05 9.9868E-05 9.9868E-05 9.9868E-05 9.9868E-05 9.9868E-05
9.98681E-05 9.98681E-05 9.98681E-05 9.98681E-05 9.98681E-05 9.98681E-05 9.98681E-05 9.98681E-05 9.98681E-05 9.98681E-05 9.98681E-05 9.98681E-05 0.998502 9.98681E-05 9.98681E-05 9.98681E-05
9.98681E-05 9.98681E-05 9.98681E-05 9.98681E-05 9.98681E-05 9.98681E-05 0.998502 9.98681E-05 9.98681E-05 9.98681E-05 9.98681E-05 9.98681E-05 9.98681E-05 9.98681E-05 9.98681E-05 9.98681E-05
9.9868E-05 9.9868E-05 9.9868E-05 9.9868E-05 9.9868E-05 9.9868E-05 9.9868E-05 9.9868E-05 9.9868E-05 9.9868E-05 9.9868E-05 9.9868E-05 0.998502 9.9868E-05 9.9868E-05 9.9868E-05
9.98682E-05 9.98682E-05 9.98682E-05 9.98682E-05 9.98682E-05 9.98682E-05 0.998502 9.98682E-05 9.98682E-05 9.98682E-05 9.98682E-05 9.98682E-05 9.98682E-05 9.98682E-05 9.98682E-05 9.98682E-05
9.9868E-05 9.9868E-05 9.9868E-05 9.9868E-05 9.9868E-05 9.9868E-05 0.998502 9.9868E-05 9.9868E-05 9.9868E-05 9.9868E-05 9.9868E-05 9.9868E-05 9.9868E-05 9.9868E-05 9.9868E-05
9.98681E-05 9.98681E-05 9.98681E-05 9.98681E-05 9.98681E-05 9.98681E-05 9.98681E-05 9.98681E-05 9.98681E-05 9.98681E-05 9.98681E-05 9.98681E-05 0.998502 9.98681E-05 9.98681E-05 9.98681E-05
9.98681E-05 9.98681E-05 9.98681E-05 9.98681E-05 9.98681E-05 9.98681E-05 9.98681E-05 9.98681E-05 9.98681E-05 9.98681E-05 9.98681E-05 9.98681E-05 0.998502 9.98681E-05 9.98681E-05 9.98681E-05
9.98682E-05 9.98682E-05 9.98682E-05 9.98682E-05 9.98682E-05 9.98682E-05 9.98682E-05 9.98682E-05 9.98682E-05 9.98682E-05 9.98682E-05 9.98682E-05 0.998502 9.98682E-05 9.98682E-05 9.98682E-05
9.98681E-05 9.98681E-05 9.98681E-05 9.98681E-05 9.98681E-05 9.98681E-05 0.998502 9.98681E-05 9.98681E-05 9.98681E-05 9.98681E-05 9.98681E-05 9.98681E-05 9.98681E-05 9.98681E-05 9.98681E-05
9.98681E-05 9.98681E-05 9.98681E-05 9.98681E-05 9.98681E-05 9.98681E-05 0.998502 9.98681E-05 9.98681E-05 9.98681E-05 9.98681E-05 9.98681E-05 9.98681E-05 9.98681E-05 9.98681E-05 9.98681E-05
9.98682E-05 9.98682E-05 9.98682E-05 9.98682E-05 9.98682E-05 9.98682E-05 0.998502 9.98682E-05 9.98682E-05 9.98682E-05 9.98682E-05 9.98682E-05 9.98682E-05 9.98682E-05 9.98682E-05 9.98682E-05
9.98681E-05 9.98681E-05 9.98681E-05 9.98681E-05 9.98681E-05 9.98681E-05 0.998502 9.98681E-05 9.98681E-05 9.98681E-05 9.98681E-05 9.98681E-05 9.98681E-05 9.98681E-05 9.98681E-05 9.98681E-05
9.98681E-05 9.98681E-05 9.98681E-05 9.98681E-05 9.98681E-05 9.98681E-05 0.998502 9.98681E-05 9.98681E-05 9.98681E-05 9.98681E-05 9.98681E-05 9.98681E-05 9.98681E-05 9.98681E-05 9.98681E-05
9.98681E-05 9.98681E-05 9.98681E-05 9.98681E-05 9.98681E-05 9.98681E-05 9.98681E-05 9.98681E-05 9.98681E-05 9.98681E-05 9.98681E-05 9.98681E-05 0.998502 9.98681E-05 9.98681E-05 9.98681E-05
9.98681E-05 9.98681E-05 9.98681E-05 9.98681E-05 9.98681E-05 9.98681E-05 9.98681E-05 9.98681E-05 9.98681E-05 9.98681E-05 9.98681E-05 9.98681E-05 0.998502 9.98681E-05 9.98681E-05 9.98681E-05
9.9868E-05 9.9868E-05 9.9868E-05 9.9868E-05 9.9868E-05 9.9868E-05 9.9868E-05 9.9868E-05 9.9868E-05 9.9868E-05 9.9868E-05 9.9868E-05 0.998502 9.9868E-05 9.9868E-05 9.9868E-05
9.9868E-05 9.9868E-05 9.9868E-05 9.9868E-05 9.9868E-05 9.9868E-05 0.998502 9.9868E-05 9.9868E-05 9.9868E-05 9.9868E-05 9.9868E-05 9.9868E-05 9.9868E-05 9.9868E-05 9.9868E-05
9.9868E-05 9.9868E-05 9.9868E-05 9.9868E-05 9.9868E-05 9.9868E-05 9.9868E-05 9.9868E-05 9.9868E-05 9.9868E-05 9.9868E-05 9.9868E-05 0.998502 9.9868E-05 9.9868E-05 9.9868E-05
9.9868E-05 9.9868E-05 9.9868E-05 9.9868E-05 9.9868E-05 9.9868E-05 9.9868E-05 9.9868E-05 9.9868E-05 9.9868E-05 9.9868E-05 9.9868E-05 0.998502 9.9868E-05 9.9868E-05 9.9868E-05
9.98681E-05 9.98681E-05 9.98681E-05 9.98681E-05 9.98681E-05 9.98681E-05 9.98681E-05 9.98681E-05 9.98681E-05 9.98681E-05 9.98681E-05 9.98681E-05 0.998502 9.98681E-05 9.98681E-05 9.98681E-05
9.9868E-05 9.9868E-05 9.9868E-05 9.9868E-05 9.9868E-05 9.9868E-05 9.9868E-05 9.9868E-05 9.9868E-05 9.9868E-05 9.9868E-05 9.9868E-05 0.998502 9.9868E-05 9.9868E-05 9.9868E-05
9.9868E-05 9.9868E-05 9.9868E-05 9.9868E-05 9.9868E-05 9.9868E-05 0.998502 9.9868E-05 9.9868E-05 9.9868E-05 9.9868E-05 9.9868E-05 9.9868E-05 9.9868E-05 9.9868E-05 9.9868E-05
9.98682E-05 9.98682E-05 9.98682E-05 9.98682E-05 9.98682E-05 9.98682E-05 9.98682E-05 9.98682E-05 9.98682E-05 9.98682E-05 9.98682E-05 9.98682E-05 0.998502 9.98682E-05 9.98682E-05 9.98682E-05
9.9868E-05 9.9868E-05 9.9868E-05 9.9868E-05 9.9868E-05 9.9868E-05 9.9868E-05 9.9868E-05 9.9868E-05 9.9868E-05 9.9868E-05 9.9868E-05 0.998502 9.9868E-05 9.9868E-05 9.9868E-05
0.0194926 0.0376834 9.99297E-05 9.99297E-05 0.117402 9.99297E-05 0.134168 9.99297E-05 9.99297E-05 9.99297E-05 0.0182291 9.99297E-05 0.0307776 9.99297E-05 0.627428 0.0140204
9.98681E-05 9.98681E-05 9.98681E-05 9.98681E-05 9.98681E-05 9.98681E-05 0.998502 9.98681E-05 9.98681E-05 9.98681E-05 9.98681E-05 9.98681E-05 9.98681E-05 9.98681E-05 9.98681E-05 9.98681E-05
9.98681E-05 9.98681E-05 9.98681E-05 9.98681E-05 9.98681E-05 9.98681E-05 9.98681E-05 9.98681E-05 9.98681E-05 9.98681E-05 9.98681E-05 9.98681E-05 0.998502 9.98681E-05 9.98681E-05 9.98681E-05
9.98681E-05 9.98681E-05 9.98681E-05 9.98681E-05 9.98681E-05 9.98681E-05 9.98681E-05 9.98681E-05 9.98681E-05 9.98681E-05 9.98681E-05 9.98681E-05 0.998502 9.98681E-05 9.98681E-05 9.98681E-05
9.98681E-05 9.98681E-05 9.98681E-05 9.98681E-05 9.98681E-05 9.98681E-05 9.98681E-05 9.98681E-05 9.98681E-05 9.98681E-05 9.98681E-05 9.98681E-05 0.998502 9.98681E-05 9.98681E-05 9.98681E-05
9.98681E-05 9.98681E-05 9.98681E-05 9.98681E-05 9.98681E-05 9.98681E-05 9.98681E-05 9.98681E-05 9.98681E-05 9.98681E-05 9.98681E-05 9.98681E-05 0.998502 9.98681E-05 9.98681E-05 9.98681E-05
9.9868E-05 9.9868E-05 9.9868E-05 9.9868E-05 9.9868E-05 9.9868E-05 0.998502 9.9868E-05 9.9868E-05 9.9868E-05 9.9868E-05 9.9868E-05 9.9868E-05 9.9868E-05 9.9868E-05 9.9868E-05
9.98682E-05 9.98682E-05 9.98682E-05 9.98682E-05 9.98682E-05 9.98682E-05 9.98682E-05 9.98682E-05 9.98682E-05 9.98682E-05 9.98682E-05 9.98682E-05 0.998502 9.98682E-05 9.98682E-05 9.98682E-05
9.98681E-05 9.98681E-05 9.98681E-05 9.98681E-05 9.98681E-05 9.98681E-05 0.998502 9.98681E-05 9.98681E-05 9.98681E-05 9.98681E-05 9.98681E-05 9.98681E-05 9.98681E-05 9.98681E-05 9.98681E-05
9.98682E-05 9.98682E-05 9.98682E-05 9.98682E-05 9.98682E-05 9.98682E-05 9.98682E-05 9.98682E-05 9.98682E-05 9.98682E-05 9.98682E-05 9.98682E-05 0.998502 9.98682E-05 9.98682E-05 9.98682E-05
9.98681E-05 9.98681E-05 9.98681E-05 9.98681E-05 9.98681E-05 9.98681E-05 0.998502 9.98681E-05 9.98681E-05 9.98681E-05 9.98681E-05 9.98681E-05 9.98681E-05 9.98681E-05 9.98681E-05 9.98681E-05
9.9868E-05 9.9868E-05 9.9868E-05 9.9868E-05 9.9868E-05 9.9868E-05 9.9868E-05 9.9868E-05 9.9868E-05 9.9868E-05 9.9868E-05 9.9868E-05 0.998502 9.9868E-05 9.9868E-05 9.9868E-05
9.9868E-05 9.9868E-05 9.9868E-05 9.9868E-05 9.9868E-05 9.9868E-05 9.9868E-05 9.9868E-05 9.9868E-05 9.9868E-05 9.9868E-05 9.9868E-05 0.998502 9.9868E-05 9.9868E-05 9.9868E-05
9.98681E-05 9.98681E-05 9.98681E-05 9.98681E-05 9.98681E-05 9.98681E-05 9.98681E-05 9.98681E-05 9.98681E-05 9.98681E-05 9.98681E-05 9.98681E-05 0.998502 9.98681E-05 9.98681E-05 9.98681E-05
9.98681E-05 9.98681E-05 9.98681E-05 9.98681E-05 9.98681E-05 9.98681E-05 9.98681E-05 9.98681E-05 9.98681E-05 9.98681E-05 9.98681E-05 9.98681E-05 0.998502 9.98681E-05 9.98681E-05 9.98681E-05
9.98681E-05 9.98681E-05 9.98681E-05 9.98681E-05 9.98681E-05 9.98681E-05 9.98681E-05 9.98681E-05 9.98681E-05 9.98681E-05 9.98681E-05 9.98681E-05 0.998502 9.98681E-05 9.98681E-05 9.98681E-05
9.98681E-05 9.98681E-05 9.98681E-05 9.98681E-05 9.98681E-05 9.98681E-05 9.98681E-05 9.98681E-05 9.98681E-05 9.98681E-05 9.98681E-05 9.98681E-05 0.998502 9.98681E-05 9.98681E-05 9.98681E-05
9.9868E-05 9.9868E-05 9.9868E-05 9.9868E-05 9.9868E-05 9.9868E-05 0.998502 9.9868E-05 9.9868E-05 9.9868E-05 9.9868E-05 9.9868E-05 9.9868E-05 9.9868E-05 9.9868E-05 9.9868E-05
9.98681E-05 9.98681E-05 9.98681E-05 9.98681E-05 9.98681E-05 9.98681E-05 0.998502 9.98681E-05 9.98681E-05 9.98681E-05 9.98681E-05 9.98681E-05 9.98681E-05 9.98681E-05 9.98681E-05 9.98681E-05
9.98681E-05 9.98681E-05 9.98681E-05 9.98681E-05 9.98681E-05 9.98681E-05 0.998502 9.98681E-05 9.98681E-05 9.98681E-05 9.98681E-05 9.98681E-05 9.98681E-05 9.98681E-05 9.98681E-05 9.98681E-05
9.98681E-05 9.98681E-05 9.98681E-05 9.98681E-05 9.98681E-05 9.98681E-05 9.98681E-05 9.98681E-05 9.98681E-05 9.98681E-05 9.98681E-05 9.98681E-05 0.998502 9.98681E-05 9.98681E-05 9.98681E-05
9.9868E-05 9.9868E-05 9.9868E-05 9.9868E-05 9.9868E-05 9.9868E-05 0.998502 9.9868E-05 9.9868E-05 9.9868E-05 9.9868E-05 9.9868E-05 9.9868E-05 9.9868E-05 9.9868E-05 9.9868E-05
9.98681E-05 9.98681E-05 9.98681E-05 9.98681E-05 9.98681E-05 9.98681E-05 0.998502 9.98681E-05 9.98681E-05 9.98681E-05 9.98681E-05 9.98681E-05 9.98681E-05 9.98681E-05 9.98681E-05 9.98681E-05
9.98681E-05 9.98681E-05 9.98681E-05 9.98681E-05 9.98681E-05 9.98681E-05 0.998502 9.98681E-05 9.98681E-05 9.98681E-05 9.98681E-05 9.98681E-05 9.98681E-05 9.98681E-05 9.98681E-05 9.98681E-05
9.9868E-05 9.9868E-05 9.9868E-05 9.9868E-05 9.9868E-05 9.9868E-05 9.9868E-05 9.9868E-05 9.9868E-05 9.9868E-05 9.9868E-05 9.9868E-05 0.998502 9.9868E-05 9.9868E-05 9.9868E-05
9.98682E-05 9.98682E-05 9.98682E-05 9.98682E-05 9.98682E-05 9.98682E-05 9.98682E-05 9.98682E-05 9.98682E-05 9.98682E-05 9.98682E-05 9.98682E-05 0.998502 9.98682E-05 9.98682E-05 9.98682E-05
9.98681E-05 9.98681E-05 9.98681E-05 9.98681E-05 9.98681E-05 9.98681E-05 9.98681E-05 9.98681E-05 9.98681E-05 9.98681E-05 9.98681E-05 9.98681E-05 0.998502 9.98681E-05 9.98681E-05 9.98681E-05
9.9868E-05 9.9868E-05 9.9868E-05 9.9868E-05 9.9868E-05 9.9868E-05 0.998502 9.9868E-05 9.9868E-05 9.9868E-05 9.9868E-05 9.9868E-05 9.9868E-05 9.9868E-05 9.9868E-05 9.9868E-05
