9.98421E-05 0.375188 9.98421E-05 9.98421E-05 0.0119409 9.98421E-05 0.0217414 9.98421E-05 9.98421E-05 9.98421E-05 0.0125855 0.100642 9.98421E-05 9.98421E-05 9.98421E-05 0.0207686 9.98421E-05 9.98421E-05 9.98421E-05 9.98421E-05 9.98421E-05 9.98421E-05 9.98421E-05 0.400421 9.98421E-05 0.0549149
9.98158E-05 9.98158E-05 9.98158E-05 9.98158E-05 9.98158E-05 9.98158E-05 0.0733629 9.98158E-05 0.0368086 0.857576 9.98158E-05 9.98158E-05 9.98158E-05 9.98158E-05 9.98158E-05 9.98158E-05 0.00780893 9.98158E-05 9.98158E-05 9.98158E-05 9.98158E-05 9.98158E-05 9.98158E-05 9.98158E-05 9.98158E-05 0.0223472
9.98333E-05 0.891387 0.0610814 0.0071576 9.98333E-05 9.98333E-05 9.98333E-05 9.98333E-05 9.98333E-05 9.98333E-05 9.98333E-05 0.00850021 0.00724551 9.98333E-05 9.98333E-05 9.98333E-05 9.98333E-05 0.00561493 9.98333E-05 9.98333E-05 9.98333E-05 9.98333E-05 0.0171167 9.98333E-05 9.98333E-05 9.98333E-05
0.0557208 0.0580867 9.98773E-05 9.98773E-05 0.0358139 0.0199641 0.00809977 9.98773E-05 9.98773E-05 0.207081 0.123846 0.140007 9.98773E-05 0.229378 9.98773E-05 9.98773E-05 9.98773E-05 0.00641804 9.98773E-05 9.98773E-05 9.98773E-05 9.98773E-05 0.0360295 0.0781569 9.98773E-05 9.98773E-05
0.0247178 9.98158E-05 9.98158E-05 9.98158E-05 9.98158E-05 0.020305 9.98158E-05 9.98158E-05 9.98158E-05 0.909083 9.98158E-05 9.98158E-05 9.98158E-05 9.98158E-05 9.98158E-05 9.98158E-05 0.00654048 9.98158E-05 9.98158E-05 9.98158E-05 0.0372574 9.98158E-05 9.98158E-05 9.98158E-05 9.98158E-05 9.98158E-05
9.98422E-05 0.0939162 9.98422E-05 9.98422E-05 9.98422E-05 0.183845 0.0347106 0.0342683 9.98422E-05 0.0331534 9.98422E-05 9.98422E-05 9.98422E-05 9.98422E-05 9.98422E-05 9.98422E-05 9.98422E-05 9.98422E-05 9.98422E-05 9.98422E-05 0.148662 9.98422E-05 0.166047 0.3036 9.98422E-05 9.98422E-05
9.98509E-05 9.98509E-05 9.98509E-05 0.040761 0.0141395 9.98509E-05 0.0308727 9.98509E-05 9.98509E-05 0.27523 9.98509E-05 0.129551 0.0862966 0.0998477 9.98509E-05 9.98509E-05 9.98509E-05 9.98509E-05 9.98509E-05 9.98509E-05 9.98509E-05 9.98509E-05 9.98509E-05 0.219678 9.98509E-05 0.101927
9.98422E-05 9.98422E-05 9.98422E-05 9.98422E-05 9.98422E-05 0.0434965 9.98422E-05 9.98422E-05 9.98422E-05 0.119464 9.98422E-05 0.103718 9.98422E-05 9.98422E-05 9.98422E-05 0.0323592 9.98422E-05 0.130678 9.98422E-05 0.122131 0.0949534 9.98422E-05 9.98422E-05 0.351403 9.98422E-05 9.98422E-05
9.9842E-05 0.0986038 9.9842E-05 0.0748423 0.141008 9.9842E-05 9.9842E-05 9.9842E-05 9.9842E-05 0.0735458 9.9842E-05 0.111412 9.9842E-05 9.9842E-05 9.9842E-05 9.9842E-05 9.9842E-05 9.9842E-05 0.245427 9.9842E-05 0.198741 9.9842E-05 9.9842E-05 0.0546217 9.9842E-05 9.9842E-05
9.97984E-05 0.902034 9.97984E-05 9.97984E-05 0.0716778 9.97984E-05 9.97984E-05 9.97984E-05 9.97984E-05 9.97984E-05 9.97984E-05 9.97984E-05 9.97984E-05 9.97984E-05 9.97984E-05 9.97984E-05 9.97984E-05 9.97984E-05 9.97984E-05 9.97984E-05 9.97984E-05 9.97984E-05 9.97984E-05 9.97984E-05 0.0239928 9.97984E-05
9.98334E-05 0.24199 9.98334E-05 9.98334E-05 0.0545912 9.98334E-05 9.98334E-05 9.98334E-05 9.98334E-05 9.98334E-05 9.98334E-05 0.0903586 9.98334E-05 9.98334E-05 9.98334E-05 9.98334E-05 9.98334E-05 9.98334E-05 0.0728254 9.98334E-05 0.0280107 9.98334E-05 9.98334E-05 0.450543 9.98334E-05 0.0597842
9.98334E-05 0.849134 9.98334E-05 9.98334E-05 9.98334E-05 0.00330148 9.98334E-05 9.98334E-05 9.98334E-05 9.98334E-05 9.98334E-05 9.98334E-05 9.98334E-05 0.054347 9.98334E-05 9.98334E-05 9.98334E-05 0.0121847 9.98334E-05 0.0371152 9.98334E-05 9.98334E-05 0.0269358 9.98334E-05 9.98334E-05 0.0150849
9.98158E-05 0.601268 9.98158E-05 9.98158E-05 0.0475993 0.0187552 9.98158E-05 9.98158E-05 9.98158E-05 0.227532 9.98158E-05 0.102749 9.98158E-05 9.98158E-05 9.98158E-05 9.98158E-05 9.98158E-05 9.98158E-05 9.98158E-05 9.98158E-05 9.98158E-05 9.98158E-05 9.98158E-05 9.98158E-05 9.98158E-05 9.98158E-05
0.00940227 9.98158E-05 9.98158E-05 9.98158E-05 0.014983 9.98158E-05 9.98158E-05 9.98158E-05 9.98158E-05 0.760835 9.98158E-05 9.98158E-05 9.98158E-05 9.98158E-05 0.196831 9.98158E-05 9.98158E-05 9.98158E-05 9.98158E-05 9.98158E-05 9.98158E-05 9.98158E-05 9.98158E-05 9.98158E-05 9.98158E-05 0.0158526
0.0612908 0.189115 0.155771 9.98333E-05 0.114775 9.98333E-05 9.98333E-05 9.98333E-05 9.98333E-05 9.98333E-05 9.98333E-05 9.98333E-05 9.98333E-05 9.98333E-05 9.98333E-05 9.98333E-05 9.98333E-05 9.98333E-05 9.98333E-05 9.98333E-05 0.171391 9.98333E-05 0.00421341 0.301546 9.98333E-05 9.98333E-05
9.98508E-05 9.98508E-05 9.98508E-05 9.98508E-05 0.0533639 9.98508E-05 9.98508E-05 0.0947325 9.98508E-05 0.201822 9.98508E-05 0.0575065 9.98508E-05 0.00152877 9.98508E-05 9.98508E-05 9.98508E-05 9.98508E-05 9.98508E-05 0.162041 0.132487 9.98508E-05 0.0136671 0.281153 9.98508E-05 9.98508E-05
9.98596E-05 0.374215 0.00211297 9.98596E-05 9.98596E-05 9.98596E-05 0.0139395 9.98596E-05 9.98596E-05 0.170375 9.98596E-05 0.0416963 9.98596E-05 9.98596E-05 9.98596E-05 0.0736737 9.98596E-05 9.98596E-05 0.044957 0.0597212 9.98596E-05 0.169991 9.98596E-05 9.98596E-05 9.98596E-05 0.0477202
9.98334E-05 9.98334E-05 9.98334E-05 9.98334E-05 0.0756542 9.98334E-05 9.98334E-05 9.98334E-05 9.98334E-05 0.0806528 0.160008 0.010508 9.98334E-05 9.98334E-05 9.98334E-05 9.98334E-05 9.98334E-05 9.98334E-05 0.0301831 9.98334E-05 9.98334E-05 9.98334E-05 9.98334E-05 0.465089 0.176008 9.98334E-05
0.0423823 0.332268 9.98332E-05 9.98332E-05 0.19667 0.120856 9.98332E-05 0.0276081 9.98332E-05 9.98332E-05 9.98332E-05 0.237997 9.98332E-05 9.98332E-05 9.98332E-05 9.98332E-05 9.98332E-05 9.98332E-05 9.98332E-05 9.98332E-05 0.0403215 9.98332E-05 9.98332E-05 9.98332E-05 9.98332E-05 9.98332E-05
9.97896E-05 0.949428 9.97896E-05 9.97896E-05 9.97896E-05 9.97896E-05 9.97896E-05 9.97896E-05 9.97896E-05 9.97896E-05 0.0481774 9.97896E-05 9.97896E-05 9.97896E-05 9.97896E-05 9.97896E-05 9.97896E-05 9.97896E-05 9.97896E-05 9.97896E-05 9.97896E-05 9.97896E-05 9.97896E-05 9.97896E-05 9.97896E-05 9.97896E-05
9.98509E-05 0.428758 9.98509E-05 0.00664491 9.98509E-05 9.98509E-05 9.98509E-05 9.98509E-05 9.98509E-05 9.98509E-05 0.0694195 9.98509E-05 9.98509E-05 0.0375387 9.98509E-05 9.98509E-05 9.98509E-05 9.98509E-05 0.352578 0.055406 0.0126373 9.98509E-05 9.98509E-05 0.001732 9.98509E-05 0.0335881
9.98335E-05 0.269249 9.98335E-05 9.98335E-05 9.98335E-05 0.116769 9.98335E-05 0.0321724 9.98335E-05 9.98335E-05 9.98335E-05 0.342127 9.98335E-05 9.98335E-05 9.98335E-05 9.98335E-05 0.0413367 0.0689205 9.98335E-05 9.98335E-05 0.127528 9.98335E-05 9.98335E-05 9.98335E-05 9.98335E-05 9.98335E-05
9.9816E-05 0.454978 9.9816E-05 9.9816E-05 0.0620105 9.9816E-05 9.9816E-05 9.9816E-05 9.9816E-05 0.0789121 9.9816E-05 9.9816E-05 9.9816E-05 9.9816E-05 9.9816E-05 9.9816E-05 9.9816E-05 9.9816E-05 9.9816E-05 9.9816E-05 9.9816E-05 9.9816E-05 9.9816E-05 0.388324 9.9816E-05 0.013679
9.98334E-05 9.98334E-05 9.98334E-05 0.0567245 0.246715 9.98334E-05 9.98334E-05 9.98334E-05 9.98334E-05 0.289786 9.98334E-05 0.25416 9.98334E-05 9.98334E-05 9.98334E-05 9.98334E-05 0.0609995 9.98334E-05 9.98334E-05 0.0277589 9.98334E-05 9.98334E-05 9.98334E-05 0.0619593 9.98334E-05 9.98334E-05
0.157307 0.0973516 9.98507E-05 9.98507E-05 0.267757 9.98507E-05 9.98507E-05 9.98507E-05 9.98507E-05 0.198565 9.98507E-05 0.072186 9.98507E-05 9.98507E-05 9.98507E-05 9.98507E-05 9.98507E-05 9.98507E-05 9.98507E-05 9.98507E-05 0.0356487 9.98507E-05 0.0976063 0.0472921 9.98507E-05 0.0245887
9.98246E-05 0.621 0.170397 9.98246E-05 0.0623487 9.98246E-05 9.98246E-05 9.98246E-05 9.98246E-05 9.98246E-05 9.98246E-05 0.0529948 9.98246E-05 9.98246E-05 9.98246E-05 9.98246E-05 9.98246E-05 9.98246E-05 0.0741859 9.98246E-05 9.98246E-05 9.98246E-05 9.98246E-05 9.98246E-05 9.98246E-05 0.017077
9.98333E-05 0.00907001 9.98333E-05 9.98333E-05 0.117325 9.98333E-05 9.98333E-05 9.98333E-05 9.98333E-05 9.98333E-05 9.98333E-05 0.21347 9.98333E-05 9.98333E-05 9.98333E-05 9.98333E-05 0.231969 9.98333E-05 9.98333E-05 0.0386541 9.98333E-05 9.98333E-05 0.225289 9.98333E-05 0.162326 9.98333E-05
9.98072E-05 0.836081 9.98072E-05 9.98072E-05 0.0196878 9.98072E-05 9.98072E-05 9.98072E-05 9.98072E-05 9.98072E-05 9.98072E-05 0.0764069 9.98072E-05 0.065629 9.98072E-05 9.98072E-05 9.98072E-05 9.98072E-05 9.98072E-05 9.98072E-05 9.98072E-05 9.98072E-05 9.98072E-05 9.98072E-05 9.98072E-05 9.98072E-05
9.9816E-05 9.9816E-05 9.9816E-05 9.9816E-05 0.171965 9.9816E-05 9.9816E-05 9.9816E-05 9.9816E-05 0.575488 9.9816E-05 0.0401539 9.9816E-05 9.9816E-05 9.9816E-05 9.9816E-05 0.0920166 9.9816E-05 9.9816E-05 9.9816E-05 9.9816E-05 9.9816E-05 9.9816E-05 0.11828 9.9816E-05 9.9816E-05
9.98158E-05 0.247488 0.526649 9.98158E-05 9.98158E-05 0.00107674 9.98158E-05 9.98158E-05 0.00788892 0.214801 9.98158E-05 9.98158E-05 9.98158E-05 9.98158E-05 9.98158E-05 9.98158E-05 9.98158E-05 9.98158E-05 9.98158E-05 9.98158E-05 9.98158E-05 9.98158E-05 9.98158E-05 9.98158E-05 9.98158E-05 9.98158E-05
0.00148992 0.751724 9.98332E-05 9.98332E-05 9.98332E-05 0.00699846 9.98332E-05 9.98332E-05 9.98332E-05 9.98332E-05 9.98332E-05 9.98332E-05 9.98332E-05 9.98332E-05 9.98332E-05 9.98332E-05 0.0130407 9.98332E-05 9.98332E-05 9.98332E-05 0.0111725 9.98332E-05 9.98332E-05 0.131838 9.98332E-05 0.081839
9.98598E-05 0.251258 9.98598E-05 9.98598E-05 0.030301 0.0267941 9.98598E-05 9.98598E-05 9.98598E-05 0.177071 9.98598E-05 0.0839418 9.98598E-05 9.98598E-05 9.98598E-05 9.98598E-05 9.98598E-05 9.98598E-05 9.98598E-05 9.98598E-05 0.0068012 0.0403104 0.0702521 0.242909 9.98598E-05 0.0687632
9.98333E-05 0.172809 9.98333E-05 9.98333E-05 0.124748 9.98333E-05 9.98333E-05 9.98333E-05 9.98333E-05 0.302012 9.98333E-05 0.0654065 9.98333E-05 9.98333E-05 9.98333E-05 9.98333E-05 9.98333E-05 9.98333E-05 9.98333E-05 0.000153106 9.98333E-05 9.98333E-05 9.98333E-05 0.255664 9.98333E-05 0.07731
9.98508E-05 0.0346297 9.98508E-05 9.98508E-05 0.12386 0.0273919 9.98508E-05 0.0212493 9.98508E-05 0.512292 9.98508E-05 0.00449196 9.98508E-05 9.98508E-05 9.98508E-05 9.98508E-05 0.0209091 9.98508E-05 9.98508E-05 9.98508E-05 9.98508E-05 9.98508E-05 0.210026 9.98508E-05 0.0434529 9.98508E-05
9.98159E-05 0.859557 9.98159E-05 9.98159E-05 9.98159E-05 9.98159E-05 0.0120043 9.98159E-05 9.98159E-05 9.98159E-05 0.00305449 9.98159E-05 9.98159E-05 9.98159E-05 9.98159E-05 9.98159E-05 0.0502837 9.98159E-05 9.98159E-05 9.98159E-05 9.98159E-05 9.98159E-05 9.98159E-05 9.98159E-05 9.98159E-05 0.0730044
9.98247E-05 0.700097 9.98247E-05 9.98247E-05 9.98247E-05 9.98247E-05 9.98247E-05 9.98247E-05 0.0133179 9.98247E-05 9.98247E-05 0.0466961 9.98247E-05 0.117605 9.98247E-05 9.98247E-05 0.0789988 9.98247E-05 0.0412889 9.98247E-05 9.98247E-05 9.98247E-05 9.98247E-05 9.98247E-05 9.98247E-05 9.98247E-05
9.97985E-05 0.886768 9.97985E-05 9.97985E-05 9.97985E-05 0.080222 9.97985E-05 9.97985E-05 9.97985E-05 9.97985E-05 9.97985E-05 9.97985E-05 0.0307146 9.97985E-05 9.97985E-05 9.97985E-05 9.97985E-05 9.97985E-05 9.97985E-05 9.97985E-05 9.97985E-05 9.97985E-05 9.97985E-05 9.97985E-05 9.97985E-05 9.97985E-05
9.98072E-05 9.98072E-05 9.98072E-05 9.98072E-05 0.0307959 9.98072E-05 0.0539023 9.98072E-05 9.98072E-05 0.76065 9.98072E-05 9.98072E-05 9.98072E-05 9.98072E-05 9.98072E-05 9.98072E-05 9.98072E-05 9.98072E-05 9.98072E-05 9.98072E-05 0.152456 9.98072E-05 9.98072E-05 9.98072E-05 9.98072E-05 9.98072E-05
9.9816E-05 0.47312 0.318759 9.9816E-05 0.152483 9.9816E-05 9.9816E-05 9.9816E-05 9.9816E-05 9.9816E-05 9.9816E-05 0.0394531 9.9816E-05 9.9816E-05 9.9816E-05 9.9816E-05 9.9816E-05 0.0140889 9.9816E-05 9.9816E-05 9.9816E-05 9.9816E-05 9.9816E-05 9.9816E-05 9.9816E-05 9.9816E-05
9.98333E-05 9.98333E-05 9.98333E-05 9.98333E-05 0.11112 0.0376185 9.98333E-05 9.98333E-05 9.98333E-05 0.687829 9.98333E-05 9.98333E-05 9.98333E-05 9.98333E-05 9.98333E-05 0.00369673 9.98333E-05 9.98333E-05 9.98333E-05 0.0905123 9.98333E-05 9.98333E-05 0.0283383 9.98333E-05 9.98333E-05 0.0389885
9.98332E-05 0.770739 9.98332E-05 9.98332E-05 0.0329867 0.0134659 9.98332E-05 9.98332E-05 9.98332E-05 9.98332E-05 9.98332E-05 0.0526475 9.98332E-05 0.0112899 9.98332E-05 9.98332E-05 0.0968503 9.98332E-05 9.98332E-05 9.98332E-05 9.98332E-05 9.98332E-05 9.98332E-05 9.98332E-05 9.98332E-05 0.020124
9.98161E-05 0.146988 9.98161E-05 9.98161E-05 0.0245491 9.98161E-05 9.98161E-05 9.98161E-05 9.98161E-05 0.488264 9.98161E-05 0.0951316 9.98161E-05 9.98161E-05 9.98161E-05 9.98161E-05 0.242971 9.98161E-05 9.98161E-05 9.98161E-05 9.98161E-05 9.98161E-05 9.98161E-05 9.98161E-05 9.98161E-05 9.98161E-05
9.98158E-05 0.341586 0.0583818 9.98158E-05 9.98158E-05 0.0708722 9.98158E-05 9.98158E-05 9.98158E-05 0.505249 9.98158E-05 0.0218144 9.98158E-05 9.98158E-05 9.98158E-05 9.98158E-05 9.98158E-05 9.98158E-05 9.98158E-05 9.98158E-05 9.98158E-05 9.98158E-05 9.98158E-05 9.98158E-05 9.98158E-05 9.98158E-05
9.98509E-05 0.367596 9.98509E-05 0.0455559 0.0782901 9.98509E-05 0.0177202 9.98509E-05 9.98509E-05 9.98509E-05 0.0399426 0.139265 9.98509E-05 9.98509E-05 9.98509E-05 9.98509E-05 9.98509E-05 9.98509E-05 9.98509E-05 9.98509E-05 0.132075 9.98509E-05 9.98509E-05 0.104146 9.98509E-05 0.073712
9.98247E-05 0.0599118 9.98247E-05 9.98247E-05 0.198019 0.0561331 9.98247E-05 9.98247E-05 9.98247E-05 0.220561 9.98247E-05 0.40619 9.98247E-05 0.0571881 9.98247E-05 9.98247E-05 9.98247E-05 9.98247E-05 9.98247E-05 9.98247E-05 9.98247E-05 9.98247E-05 9.98247E-05 9.98247E-05 9.98247E-05 9.98247E-05
9.98333E-05 0.493988 9.98333E-05 9.98333E-05 0.027242 0.00472892 9.98333E-05 0.0225434 9.98333E-05 0.310618 0.0552834 9.98333E-05 9.98333E-05 0.0837001 9.98333E-05 9.98333E-05 9.98333E-05 9.98333E-05 9.98333E-05 9.98333E-05 9.98333E-05 9.98333E-05 9.98333E-05 9.98333E-05 9.98333E-05 9.98333E-05
9.97982E-05 9.97982E-05 9.97982E-05 9.97982E-05 0.035399 9.97982E-05 9.97982E-05 9.97982E-05 9.97982E-05 0.951732 9.97982E-05 9.97982E-05 9.97982E-05 0.0105735 9.97982E-05 9.97982E-05 9.97982E-05 9.97982E-05 9.97982E-05 9.97982E-05 9.97982E-05 9.97982E-05 9.97982E-05 9.97982E-05 9.97982E-05 9.97982E-05
9.97985E-05 0.939673 9.97985E-05 9.97985E-05 9.97985E-05 9.97985E-05 9.97985E-05 9.97985E-05 0.0368378 9.97985E-05 9.97985E-05 9.97985E-05 9.97985E-05 9.97985E-05 9.97985E-05 0.0211936 9.97985E-05 9.97985E-05 9.97985E-05 9.97985E-05 9.97985E-05 9.97985E-05 9.97985E-05 9.97985E-05 9.97985E-05 9.97985E-05
9.9842E-05 0.336056 9.9842E-05 9.9842E-05 0.053662 0.00576555 9.9842E-05 9.9842E-05 9.9842E-05 0.313043 9.9842E-05 0.169479 9.9842E-05 9.9842E-05 9.9842E-05 0.0293635 0.0768911 9.9842E-05 9.9842E-05 9.9842E-05 9.9842E-05 9.9842E-05 9.9842E-05 9.9842E-05 9.9842E-05 0.0139417
9.98074E-05 9.98074E-05 9.98074E-05 9.98074E-05 9.98074E-05 0.0162379 9.98074E-05 9.98074E-05 9.98074E-05 0.832788 9.98074E-05 9.98074E-05 0.132625 9.98074E-05 9.98074E-05 9.98074E-05 9.98074E-05 9.98074E-05 9.98074E-05 9.98074E-05 9.98074E-05 9.98074E-05 9.98074E-05 9.98074E-05 9.98074E-05 0.0161531
9.98508E-05 0.271796 9.98508E-05 0.0619513 0.139405 9.98508E-05 9.98508E-05 9.98508E-05 9.98508E-05 9.98508E-05 9.98508E-05 9.98508E-05 9.98508E-05 0.106201 9.98508E-05 9.98508E-05 0.0464754 9.98508E-05 9.98508E-05 9.98508E-05 0.0437575 9.98508E-05 0.0985281 0.145844 9.98508E-05 0.0843447
9.9807E-05 9.9807E-05 9.9807E-05 0.0419122 9.9807E-05 9.9807E-05 9.9807E-05 9.9807E-05 9.9807E-05 0.637629 9.9807E-05 0.191013 9.9807E-05 0.12725 9.9807E-05 9.9807E-05 9.9807E-05 9.9807E-05 9.9807E-05 9.9807E-05 9.9807E-05 9.9807E-05 9.9807E-05 9.9807E-05 9.9807E-05 9.9807E-05
0.00913503 0.79953 9.98334E-05 9.98334E-05 0.0229139 9.98334E-05 0.0232809 9.98334E-05 9.98334E-05 0.033228 9.98334E-05 9.98334E-05 9.98334E-05 9.98334E-05 0.0398631 9.98334E-05 9.98334E-05 9.98334E-05 9.98334E-05 9.98334E-05 9.98334E-05 9.98334E-05 9.98334E-05 9.98334E-05 0.0701524 9.98334E-05
9.97981E-05 9.97981E-05 9.97981E-05 9.97981E-05 0.0193929 9.97981E-05 9.97981E-05 9.97981E-05 9.97981E-05 0.845169 9.97981E-05 9.97981E-05 9.97981E-05 9.97981E-05 9.97981E-05 9.97981E-05 9.97981E-05 9.97981E-05 9.97981E-05 0.133143 9.97981E-05 9.97981E-05 9.97981E-05 9.97981E-05 9.97981E-05 9.97981E-05
0.0924968 0.707533 9.98072E-05 9.98072E-05 0.0902716 9.98072E-05 9.98072E-05 9.98072E-05 0.107503 9.98072E-05 9.98072E-05 9.98072E-05 9.98072E-05 9.98072E-05 9.98072E-05 9.98072E-05 9.98072E-05 9.98072E-05 9.98072E-05 9.98072E-05 9.98072E-05 9.98072E-05 9.98072E-05 9.98072E-05 9.98072E-05 9.98072E-05
9.9825E-05 0.699983 9.9825E-05 9.9825E-05 9.9825E-05 0.0537392 9.9825E-05 9.9825E-05 0.00469387 9.9825E-05 0.0134948 9.9825E-05 9.9825E-05 9.9825E-05 9.9825E-05 9.9825E-05 9.9825E-05 9.9825E-05 9.9825E-05 9.9825E-05 9.9825E-05 9.9825E-05 0.161405 9.9825E-05 9.9825E-05 0.0646874
9.98509E-05 0.663822 9.98509E-05 9.98509E-05 0.0317377 0.0359642 0.0739333 9.98509E-05 9.98509E-05 9.98509E-05 9.98509E-05 0.00670436 0.00358343 9.98509E-05 9.98509E-05 9.98509E-05 9.98509E-05 9.98509E-05 0.0711784 0.0641942 9.98509E-05 9.98509E-05 9.98509E-05 9.98509E-05 0.0471853 9.98509E-05
9.98072E-05 0.836395 9.98072E-05 9.98072E-05 0.0716158 9.98072E-05 9.98072E-05 9.98072E-05 9.98072E-05 9.98072E-05 9.98072E-05 9.98072E-05 9.98072E-05 0.0688681 9.98072E-05 9.98072E-05 9.98072E-05 9.98072E-05 9.98072E-05 9.98072E-05 9.98072E-05 9.98072E-05 9.98072E-05 9.98072E-05 9.98072E-05 0.0209251
9.98159E-05 0.28032 9.98159E-05 9.98159E-05 9.98159E-05 9.98159E-05 9.98159E-05 9.98159E-05 9.98159E-05 0.580849 9.98159E-05 9.98159E-05 0.0107396 0.0382808 9.98159E-05 9.98159E-05 9.98159E-05 9.98159E-05 9.98159E-05 9.98159E-05 9.98159E-05 9.98159E-05 9.98159E-05 9.98159E-05 9.98159E-05 0.0877154
9.9807E-05 9.9807E-05 9.9807E-05 9.9807E-05 0.0915328 9.9807E-05 0.0167865 9.9807E-05 9.9807E-05 9.9807E-05 9.9807E-05 9.9807E-05 9.9807E-05 9.9807E-05 9.9807E-05 9.9807E-05 9.9807E-05 9.9807E-05 9.9807E-05 9.9807E-05 0.015474 9.9807E-05 9.9807E-05 0.874011 9.9807E-05 9.9807E-05
9.97982E-05 9.97982E-05 9.97982E-05 0.0144241 9.97982E-05 9.97982E-05 9.97982E-05 9.97982E-05 0.930463 9.97982E-05 9.97982E-05 9.97982E-05 9.97982E-05 9.97982E-05 9.97982E-05 9.97982E-05 9.97982E-05 9.97982E-05 0.0528173 9.97982E-05 9.97982E-05 9.97982E-05 9.97982E-05 9.97982E-05 9.97982E-05 9.97982E-05
9.98156E-05 9.98156E-05 0.00150386 9.98156E-05 9.98156E-05 9.98156E-05 9.98156E-05 9.98156E-05 0.662786 9.98156E-05 9.98156E-05 9.98156E-05 9.98156E-05 9.98156E-05 9.98156E-05 9.98156E-05 9.98156E-05 9.98156E-05 9.98156E-05 9.98156E-05 9.98156E-05 9.98156E-05 9.98156E-05 0.252019 0.0725393 0.0090561
9.98159E-05 9.98159E-05 9.98159E-05 9.98159E-05 9.98159E-05 9.98159E-05 0.322514 9.98159E-05 9.98159E-05 9.98159E-05 9.98159E-05 9.98159E-05 0.0145428 9.98159E-05 9.98159E-05 9.98159E-05 9.98159E-05 9.98159E-05 9.98159E-05 9.98159E-05 0.13325 9.98159E-05 0.0856273 0.44197 9.98159E-05 9.98159E-05
9.98068E-05 9.98068E-05 9.98068E-05 9.98068E-05 9.98068E-05 9.98068E-05 9.98068E-05 9.98068E-05 9.98068E-05 9.98068E-05 0.030098 9.98068E-05 9.98068E-05 9.98068E-05 9.98068E-05 9.98068E-05 9.98068E-05 0.0755342 9.98068E-05 9.98068E-05 0.0552106 9.98068E-05 9.98068E-05 0.836961 9.98068E-05 9.98068E-05
9.97979E-05 9.97979E-05 9.97979E-05 9.97979E-05 0.0785775 9.97979E-05 9.97979E-05 9.97979E-05 9.97979E-05 9.97979E-05 9.97979E-05 9.97979E-05 9.97979E-05 9.97979E-05 9.97979E-05 9.97979E-05 9.97979E-05 9.97979E-05 9.97979E-05 9.97979E-05 0.0131145 9.97979E-05 9.97979E-05 0.906013 9.97979E-05 9.97979E-05
9.98156E-05 9.98156E-05 9.98156E-05 9.98156E-05 0.0814061 9.98156E-05 0.141417 9.98156E-05 9.98156E-05 9.98156E-05 9.98156E-05 9.98156E-05 9.98156E-05 9.98156E-05 9.98156E-05 9.98156E-05 9.98156E-05 9.98156E-05 0.0731686 9.98156E-05 9.98156E-05 9.98156E-05 9.98156E-05 0.696148 9.98156E-05 0.00576427
9.98156E-05 9.98156E-05 9.98156E-05 9.98156E-05 0.00443981 9.98156E-05 0.0405538 9.98156E-05 9.98156E-05 9.98156E-05 9.98156E-05 9.98156E-05 9.98156E-05 9.98156E-05 9.98156E-05 9.98156E-05 9.98156E-05 9.98156E-05 9.98156E-05 9.98156E-05 0.0378187 9.98156E-05 9.98156E-05 0.830264 0.0848278 9.98156E-05
9.97896E-05 9.97896E-05 9.97896E-05 9.97896E-05 9.97896E-05 9.97896E-05 9.97896E-05 9.97896E-05 0.42916 9.97896E-05 9.97896E-05 9.97896E-05 9.97896E-05 9.97896E-05 9.97896E-05 9.97896E-05 9.97896E-05 9.97896E-05 9.97896E-05 9.97896E-05 9.97896E-05 9.97896E-05 9.97896E-05 0.568445 9.97896E-05 9.97896E-05
9.97895E-05 9.97895E-05 9.97895E-05 9.97895E-05 9.97895E-05 9.97895E-05 9.97895E-05 9.97895E-05 9.97895E-05 9.97895E-05 9.97895E-05 9.97895E-05 9.97895E-05 9.97895E-05 9.97895E-05 9.97895E-05 9.97895E-05 9.97895E-05 9.97895E-05 9.97895E-05 9.97895E-05 9.97895E-05 9.97895E-05 0.967534 9.97895E-05 0.0300715
9.98154E-05 9.98154E-05 9.98154E-05 9.98154E-05 0.138277 9.98154E-05 9.98154E-05 0.0125862 9.98154E-05 9.98154E-05 9.98154E-05 9.98154E-05 9.98154E-05 9.98154E-05 9.98154E-05 9.98154E-05 9.98154E-05 9.98154E-05 9.98154E-05 9.98154E-05 0.0150989 9.98154E-05 9.98154E-05 0.704966 9.98154E-05 0.126976
0.122049 9.98508E-05 9.98508E-05 9.98508E-05 0.0631762 0.00621979 9.98508E-05 9.98508E-05 9.98508E-05 9.98508E-05 9.98508E-05 0.130508 0.00342408 9.98508E-05 9.98508E-05 0.0568019 9.98508E-05 9.98508E-05 9.98508E-05 0.0198057 9.98508E-05 9.98508E-05 9.98508E-05 0.569614 9.98508E-05 0.0267037
9.98333E-05 9.98333E-05 9.98333E-05 9.98333E-05 9.98333E-05 9.98333E-05 9.98333E-05 9.98333E-05 9.98333E-05 9.98333E-05 9.98333E-05 9.98333E-05 9.98333E-05 9.98333E-05 9.98333E-05 0.0438795 9.98333E-05 0.107716 9.98333E-05 0.0214403 0.0982466 9.98333E-05 0.039211 0.616594 9.98333E-05 0.0710156
9.98157E-05 9.98157E-05 9.98157E-05 9.98157E-05 0.165207 9.98157E-05 0.0238669 9.98157E-05 9.98157E-05 9.98157E-05 9.98157E-05 0.121664 9.98157E-05 9.98157E-05 9.98157E-05 9.98157E-05 9.98157E-05 0.018415 9.98157E-05 9.98157E-05 9.98157E-05 9.98157E-05 9.98157E-05 0.668751 9.98157E-05 9.98157E-05
9.98073E-05 9.98073E-05 9.98073E-05 9.98073E-05 9.98073E-05 9.98073E-05 9.98073E-05 9.98073E-05 0.600935 9.98073E-05 9.98073E-05 9.98073E-05 9.98073E-05 9.98073E-05 9.98073E-05 9.98073E-05 0.003972 9.98073E-05 9.98073E-05 9.98073E-05 9.98073E-05 9.98073E-05 0.0460718 0.346825 9.98073E-05 9.98073E-05
9.98073E-05 9.98073E-05 9.98073E-05 9.98073E-05 0.0100853 9.98073E-05 9.98073E-05 9.98073E-05 0.0120244 9.98073E-05 9.98073E-05 9.98073E-05 9.98073E-05 9.98073E-05 9.98073E-05 9.98073E-05 9.98073E-05 9.98073E-05 9.98073E-05 9.98073E-05 9.98073E-05 0.043659 9.98073E-05 0.932036 9.98073E-05 9.98073E-05
9.97981E-05 9.97981E-05 9.97981E-05 9.97981E-05 9.97981E-05 0.0754772 9.97981E-05 9.97981E-05 9.97981E-05 9.97981E-05 9.97981E-05 9.97981E-05 0.0588818 9.97981E-05 9.97981E-05 9.97981E-05 9.97981E-05 9.97981E-05 9.97981E-05 9.97981E-05 9.97981E-05 9.97981E-05 9.97981E-05 0.863346 9.97981E-05 9.97981E-05
9.98244E-05 9.98244E-05 9.98244E-05 9.98244E-05 9.98244E-05 0.0381857 9.98244E-05 0.0252052 9.98244E-05 9.98244E-05 9.98244E-05 0.0345513 9.98244E-05 9.98244E-05 9.98244E-05 9.98244E-05 9.98244E-05 9.98244E-05 9.98244E-05 9.98244E-05 0.0411432 9.98244E-05 9.98244E-05 0.795107 9.98244E-05 0.0638116
9.97896E-05 9.97896E-05 9.97896E-05 9.97896E-05 9.97896E-05 9.97896E-05 9.97896E-05 9.97896E-05 9.97896E-05 9.97896E-05 9.97896E-05 9.97896E-05 9.97896E-05 9.97896E-05 9.97896E-05 9.97896E-05 9.97896E-05 9.97896E-05 9.97896E-05 9.97896E-05 9.97896E-05 9.97896E-05 9.97896E-05 0.94608 9.97896E-05 0.0515253
9.98067E-05 9.98067E-05 9.98067E-05 9.98067E-05 0.120158 9.98067E-05 9.98067E-05 9.98067E-05 9.98067E-05 9.98067E-05 9.98067E-05 9.98067E-05 9.98067E-05 9.98067E-05 9.98067E-05 9.98067E-05 0.0585168 9.98067E-05 9.98067E-05 0.00450615 9.98067E-05 9.98067E-05 9.98067E-05 0.814623 9.98067E-05 9.98067E-05
9.97808E-05 9.97808E-05 9.97808E-05 9.97808E-05 9.97808E-05 9.97808E-05 9.97808E-05 9.97808E-05 0.997505 9.97808E-05 9.97808E-05 9.97808E-05 9.97808E-05 9.97808E-05 9.97808E-05 9.97808E-05 9.97808E-05 9.97808E-05 9.97808E-05 9.97808E-05 9.97808E-05 9.97808E-05 9.97808E-05 9.97808E-05 9.97808E-05 9.97808E-05
9.9798E-05 9.9798E-05 9.9798E-05 9.9798E-05 0.0286243 9.9798E-05 9.9798E-05 9.9798E-05 9.9798E-05 9.9798E-05 9.9798E-05 0.06863 9.9798E-05 9.9798E-05 9.9798E-05 9.9798E-05 9.9798E-05 9.9798E-05 9.9798E-05 9.9798E-05 9.9798E-05 9.9798E-05 9.9798E-05 0.90045 9.9798E-05 9.9798E-05
9.97986E-05 9.97986E-05 9.97986E-05 9.97986E-05 9.97986E-05 9.97986E-05 0.0365665 9.97986E-05 9.97986E-05 9.97986E-05 9.97986E-05 9.97986E-05 9.97986E-05 9.97986E-05 9.97986E-05 9.97986E-05 9.97986E-05 9.97986E-05 9.97986E-05 9.97986E-05 9.97986E-05 9.97986E-05 0.112662 0.848476 9.97986E-05 9.97986E-05
9.9807E-05 9.9807E-05 9.9807E-05 0.0153748 9.9807E-05 0.113693 9.9807E-05 0.0856025 9.9807E-05 9.9807E-05 9.9807E-05 9.9807E-05 9.9807E-05 9.9807E-05 9.9807E-05 9.9807E-05 9.9807E-05 9.9807E-05 9.9807E-05 9.9807E-05 9.9807E-05 9.9807E-05 9.9807E-05 0.783133 9.9807E-05 9.9807E-05
9.9807E-05 9.9807E-05 9.9807E-05 9.9807E-05 9.9807E-05 9.9807E-05 9.9807E-05 9.9807E-05 0.00680169 9.9807E-05 9.9807E-05 9.9807E-05 9.9807E-05 9.9807E-05 9.9807E-05 0.0782081 9.9807E-05 9.9807E-05 9.9807E-05 9.9807E-05 9.9807E-05 9.9807E-05 9.9807E-05 0.847041 9.9807E-05 0.0657534
9.98072E-05 9.98072E-05 9.98072E-05 9.98072E-05 0.0334493 9.98072E-05 9.98072E-05 9.98072E-05 0.853321 9.98072E-05 9.98072E-05 9.98072E-05 9.98072E-05 9.98072E-05 9.98072E-05 9.98072E-05 9.98072E-05 9.98072E-05 9.98072E-05 9.98072E-05 9.98072E-05 9.98072E-05 9.98072E-05 0.0754239 9.98072E-05 0.0356103
9.97983E-05 9.97983E-05 9.97983E-05 9.97983E-05 9.97983E-05 9.97983E-05 9.97983E-05 9.97983E-05 0.447628 9.97983E-05 9.97983E-05 9.97983E-05 9.97983E-05 9.97983E-05 9.97983E-05 0.0082181 9.97983E-05 9.97983E-05 9.97983E-05 9.97983E-05 9.97983E-05 9.97983E-05 9.97983E-05 0.541858 9.97983E-05 9.97983E-05
9.97893E-05 9.97893E-05 9.97893E-05 9.97893E-05 0.0325732 9.97893E-05 9.97893E-05 9.97893E-05 0.965032 9.97893E-05 9.97893E-05 9.97893E-05 9.97893E-05 9.97893E-05 9.97893E-05 9.97893E-05 9.97893E-05 9.97893E-05 9.97893E-05 9.97893E-05 9.97893E-05 9.97893E-05 9.97893E-05 9.97893E-05 9.97893E-05 9.97893E-05
9.97896E-05 9.97896E-05 9.97896E-05 9.97896E-05 9.97896E-05 9.97896E-05 9.97896E-05 9.97896E-05 9.97896E-05 9.97896E-05 9.97896E-05 9.97896E-05 9.97896E-05 9.97896E-05 9.97896E-05 9.97896E-05 9.97896E-05 9.97896E-05 9.97896E-05 9.97896E-05 9.97896E-05 9.97896E-05 9.97896E-05 0.976951 0.0206538 9.97896E-05
9.9807E-05 9.9807E-05 9.9807E-05 9.9807E-05 0.0916705 9.9807E-05 9.9807E-05 9.9807E-05 0.787499 9.9807E-05 9.9807E-05 9.9807E-05 9.9807E-05 9.9807E-05 0.0826927 9.9807E-05 9.9807E-05 9.9807E-05 9.9807E-05 9.9807E-05 0.035942 9.9807E-05 9.9807E-05 9.9807E-05 9.9807E-05 9.9807E-05
9.97984E-05 9.97984E-05 9.97984E-05 9.97984E-05 0.0934821 9.97984E-05 9.97984E-05 9.97984E-05 9.97984E-05 9.97984E-05 9.97984E-05 9.97984E-05 9.97984E-05 9.97984E-05 9.97984E-05 9.97984E-05 9.97984E-05 9.97984E-05 9.97984E-05 9.97984E-05 0.106905 9.97984E-05 0.797317 9.97984E-05 9.97984E-05 9.97984E-05
9.97981E-05 9.97981E-05 0.0979431 9.97981E-05 9.97981E-05 9.97981E-05 9.97981E-05 9.97981E-05 9.97981E-05 9.97981E-05 9.97981E-05 9.97981E-05 9.97981E-05 9.97981E-05 0.834192 9.97981E-05 9.97981E-05 9.97981E-05 9.97981E-05 9.97981E-05 9.97981E-05 9.97981E-05 0.0655692 9.97981E-05 9.97981E-05 9.97981E-05
9.97983E-05 9.97983E-05 9.97983E-05 9.97983E-05 0.095379 9.97983E-05 9.97983E-05 0.0252781 9.97983E-05 9.97983E-05 9.97983E-05 9.97983E-05 9.97983E-05 9.97983E-05 9.97983E-05 9.97983E-05 9.97983E-05 9.97983E-05 9.97983E-05 9.97983E-05 9.97983E-05 9.97983E-05 0.877048 9.97983E-05 9.97983E-05 9.97983E-05
9.98068E-05 9.98068E-05 9.98068E-05 9.98068E-05 0.0864927 9.98068E-05 9.98068E-05 9.98068E-05 9.98068E-05 9.98068E-05 9.98068E-05 9.98068E-05 9.98068E-05 9.98068E-05 9.98068E-05 9.98068E-05 9.98068E-05 9.98068E-05 9.98068E-05 9.98068E-05 0.0565238 9.98068E-05 0.821794 9.98068E-05 0.0329937 9.98068E-05
9.98069E-05 9.98069E-05 9.98069E-05 0.0947958 9.98069E-05 9.98069E-05 9.98069E-05 0.00903264 9.98069E-05 9.98069E-05 9.98069E-05 9.98069E-05 9.98069E-05 9.98069E-05 9.98069E-05 9.98069E-05 9.98069E-05 0.0107765 9.98069E-05 9.98069E-05 9.98069E-05 9.98069E-05 0.883199 9.98069E-05 9.98069E-05 9.98069E-05
9.98245E-05 9.98245E-05 0.115098 9.98245E-05 0.103204 9.98245E-05 0.0108648 9.98245E-05 9.98245E-05 9.98245E-05 9.98245E-05 9.98245E-05 9.98245E-05 0.0553918 9.98245E-05 9.98245E-05 9.98245E-05 9.98245E-05 9.98245E-05 9.98245E-05 0.116418 9.98245E-05 0.597027 9.98245E-05 9.98245E-05 9.98245E-05
9.98332E-05 9.98332E-05 9.98332E-05 9.98332E-05 0.104626 9.98332E-05 9.98332E-05 9.98332E-05 9.98332E-05 9.98332E-05 9.98332E-05 0.0731879 9.98332E-05 9.98332E-05 0.25689 0.064564 9.98332E-05 9.98332E-05 9.98332E-05 9.98332E-05 0.0398845 9.98332E-05 0.456061 9.98332E-05 9.98332E-05 0.00288927
9.97895E-05 9.97895E-05 9.97895E-05 9.97895E-05 9.97895E-05 9.97895E-05 9.97895E-05 9.97895E-05 9.97895E-05 9.97895E-05 9.97895E-05 9.97895E-05 9.97895E-05 9.97895E-05 9.97895E-05 9.97895E-05 9.97895E-05 9.97895E-05 9.97895E-05 9.97895E-05 0.183438 9.97895E-05 0.814167 9.97895E-05 9.97895E-05 9.97895E-05
9.98243E-05 9.98243E-05 9.98243E-05 9.98243E-05 0.0683033 9.98243E-05 0.257269 9.98243E-05 9.98243E-05 9.98243E-05 9.98243E-05 9.98243E-05 9.98243E-05 9.98243E-05 9.98243E-05 9.98243E-05 0.0151515 9.98243E-05 9.98243E-05 9.98243E-05 0.264963 9.98243E-05 0.354064 9.98243E-05 9.98243E-05 0.0382533
9.98333E-05 9.98333E-05 9.98333E-05 9.98333E-05 0.338568 9.98333E-05 9.98333E-05 9.98333E-05 9.98333E-05 9.98333E-05 9.98333E-05 0.0194196 9.98333E-05 0.0197824 0.0190931 0.0250599 9.98333E-05 9.98333E-05 9.98333E-05 9.98333E-05 0.183582 9.98333E-05 0.392599 9.98333E-05 9.98333E-05 9.98333E-05
9.97984E-05 9.97984E-05 9.97984E-05 9.97984E-05 9.97984E-05 9.97984E-05 0.166686 9.97984E-05 9.97984E-05 9.97984E-05 9.97984E-05 9.97984E-05 9.97984E-05 9.97984E-05 9.97984E-05 9.97984E-05 9.97984E-05 9.97984E-05 9.97984E-05 9.97984E-05 9.97984E-05 0.384513 0.446505 9.97984E-05 9.97984E-05 9.97984E-05
9.97982E-05 9.97982E-05 0.17722 9.97982E-05 9.97982E-05 9.97982E-05 0.196108 9.97982E-05 9.97982E-05 9.97982E-05 9.97982E-05 9.97982E-05 9.97982E-05 9.97982E-05 9.97982E-05 9.97982E-05 9.97982E-05 9.97982E-05 9.97982E-05 9.97982E-05 9.97982E-05 9.97982E-05 0.624377 9.97982E-05 9.97982E-05 9.97982E-05
9.98156E-05 9.98156E-05 9.98156E-05 9.98156E-05 9.98156E-05 9.98156E-05 9.98156E-05 9.98156E-05 9.98156E-05 9.98156E-05 9.98156E-05 9.98156E-05 9.98156E-05 0.0631848 0.489978 0.0314813 9.98156E-05 9.98156E-05 9.98156E-05 9.98156E-05 0.0416177 9.98156E-05 0.371642 9.98156E-05 9.98156E-05 9.98156E-05
9.9816E-05 9.9816E-05 9.9816E-05 9.9816E-05 0.246326 9.9816E-05 9.9816E-05 9.9816E-05 9.9816E-05 9.9816E-05 9.9816E-05 9.9816E-05 9.9816E-05 9.9816E-05 0.0944577 9.9816E-05 9.9816E-05 9.9816E-05 9.9816E-05 9.9816E-05 0.180474 0.064462 0.412185 9.9816E-05 9.9816E-05 9.9816E-05
0.0149069 9.98509E-05 0.0139868 9.98509E-05 9.98509E-05 9.98509E-05 9.98509E-05 0.0586288 9.98509E-05 9.98509E-05 9.98509E-05 9.98509E-05 9.98509E-05 9.98509E-05 9.98509E-05 0.0510738 9.98509E-05 9.98509E-05 9.98509E-05 0.0386255 0.0609585 0.191467 0.479869 9.98509E-05 0.088786 9.98509E-05
9.98334E-05 9.98334E-05 9.98334E-05 9.98334E-05 0.095459 9.98334E-05 0.0396291 9.98334E-05 9.98334E-05 9.98334E-05 9.98334E-05 9.98334E-05 9.98334E-05 0.0532136 9.98334E-05 9.98334E-05 0.182633 9.98334E-05 9.98334E-05 9.98334E-05 0.0403426 9.98334E-05 0.576296 9.98334E-05 9.98334E-05 0.0105296
9.98421E-05 9.98421E-05 0.0748186 9.98421E-05 0.0202722 9.98421E-05 0.153934 9.98421E-05 9.98421E-05 9.98421E-05 0.0485154 9.98421E-05 9.98421E-05 9.98421E-05 0.036696 9.98421E-05 9.98421E-05 9.98421E-05 9.98421E-05 9.98421E-05 0.0124392 9.98421E-05 0.615013 9.98421E-05 0.0365145 9.98421E-05
9.9825E-05 9.9825E-05 0.0223791 9.9825E-05 9.9825E-05 9.9825E-05 9.9825E-05 0.0339323 9.9825E-05 9.9825E-05 9.9825E-05 0.0914113 0.0373831 9.9825E-05 9.9825E-05 9.9825E-05 9.9825E-05 9.9825E-05 9.9825E-05 9.9825E-05 0.0549476 9.9825E-05 0.75795 9.9825E-05 9.9825E-05 9.9825E-05
9.97897E-05 9.97897E-05 9.97897E-05 9.97897E-05 9.97897E-05 9.97897E-05 9.97897E-05 9.97897E-05 9.97897E-05 9.97897E-05 9.97897E-05 9.97897E-05 9.97897E-05 9.97897E-05 9.97897E-05 9.97897E-05 9.97897E-05 9.97897E-05 9.97897E-05 9.97897E-05 9.97897E-05 0.114123 0.883483 9.97897E-05 9.97897E-05 9.97897E-05
9.98507E-05 9.98507E-05 0.465778 9.98507E-05 0.067685 9.98507E-05 9.98507E-05 9.98507E-05 9.98507E-05 9.98507E-05 0.100156 9.98507E-05 9.98507E-05 9.98507E-05 9.98507E-05 9.98507E-05 0.065362 9.98507E-05 0.0251654 0.0414978 0.0238827 9.98507E-05 0.201024 9.98507E-05 9.98507E-05 0.00775179
9.98422E-05 9.98422E-05 9.98422E-05 9.98422E-05 0.113489 9.98422E-05 0.0527066 0.0412671 9.98422E-05 9.98422E-05 9.98422E-05 9.98422E-05 9.98422E-05 0.0127332 9.98422E-05 9.98422E-05 9.98422E-05 0.0477131 9.98422E-05 9.98422E-05 0.0553584 0.114989 0.559946 9.98422E-05 9.98422E-05 9.98422E-05
9.98158E-05 9.98158E-05 9.98158E-05 9.98158E-05 0.0400763 9.98158E-05 9.98158E-05 9.98158E-05 9.98158E-05 9.98158E-05 9.98158E-05 9.98158E-05 9.98158E-05 9.98158E-05 9.98158E-05 0.00836716 9.98158E-05 9.98158E-05 9.98158E-05 9.98158E-05 0.0201561 0.019102 0.910202 9.98158E-05 9.98158E-05 9.98158E-05
9.98245E-05 9.98245E-05 9.98245E-05 9.98245E-05 0.0923946 9.98245E-05 0.0499376 9.98245E-05 9.98245E-05 9.98245E-05 9.98245E-05 9.98245E-05 9.98245E-05 9.98245E-05 9.98245E-05 9.98245E-05 9.98245E-05 9.98245E-05 0.0440799 0.0116736 0.244604 9.98245E-05 0.555314 9.98245E-05 9.98245E-05 9.98245E-05
0.0443935 9.98245E-05 9.98245E-05 9.98245E-05 0.0192803 9.98245E-05 9.98245E-05 9.98245E-05 9.98245E-05 9.98245E-05 9.98245E-05 9.98245E-05 9.98245E-05 9.98245E-05 0.564274 9.98245E-05 9.98245E-05 0.00147119 9.98245E-05 9.98245E-05 0.113335 9.98245E-05 0.255249 9.98245E-05 9.98245E-05 9.98245E-05
9.98245E-05 9.98245E-05 9.98245E-05 0.00353513 0.137643 9.98245E-05 0.0274605 9.98245E-05 9.98245E-05 9.98245E-05 0.107621 9.98245E-05 9.98245E-05 9.98245E-05 9.98245E-05 9.98245E-05 9.98245E-05 9.98245E-05 9.98245E-05 9.98245E-05 0.188921 9.98245E-05 0.532823 9.98245E-05 9.98245E-05 9.98245E-05
9.98245E-05 9.98245E-05 9.98245E-05 9.98245E-05 0.0985088 9.98245E-05 0.0776917 9.98245E-05 9.98245E-05 9.98245E-05 9.98245E-05 9.98245E-05 9.98245E-05 9.98245E-05 0.619162 9.98245E-05 9.98245E-05 9.98245E-05 9.98245E-05 9.98245E-05 0.0739152 9.98245E-05 0.0203691 0.108357 9.98245E-05 9.98245E-05
9.98071E-05 9.98071E-05 0.939507 0.0376697 0.0138449 9.98071E-05 9.98071E-05 9.98071E-05 9.98071E-05 9.98071E-05 9.98071E-05 9.98071E-05 9.98071E-05 9.98071E-05 9.98071E-05 0.00678275 9.98071E-05 9.98071E-05 9.98071E-05 9.98071E-05 9.98071E-05 9.98071E-05 9.98071E-05 9.98071E-05 9.98071E-05 9.98071E-05
9.98156E-05 9.98156E-05 9.98156E-05 9.98156E-05 0.0788762 0.105619 9.98156E-05 9.98156E-05 9.98156E-05 9.98156E-05 9.98156E-05 9.98156E-05 9.98156E-05 9.98156E-05 9.98156E-05 9.98156E-05 9.98156E-05 0.016399 9.98156E-05 9.98156E-05 0.134152 9.98156E-05 0.662858 9.98156E-05 9.98156E-05 9.98156E-05
9.98247E-05 9.98247E-05 0.00415147 9.98247E-05 0.189215 9.98247E-05 0.0367484 9.98247E-05 9.98247E-05 9.98247E-05 9.98247E-05 9.98247E-05 9.98247E-05 9.98247E-05 0.00970833 9.98247E-05 9.98247E-05 9.98247E-05 9.98247E-05 9.98247E-05 0.219755 9.98247E-05 0.538425 9.98247E-05 9.98247E-05 9.98247E-05
9.98248E-05 9.98248E-05 9.98248E-05 9.98248E-05 0.121197 9.98248E-05 9.98248E-05 9.98248E-05 9.98248E-05 9.98248E-05 0.0194592 9.98248E-05 9.98248E-05 9.98248E-05 9.98248E-05 9.98248E-05 9.98248E-05 0.0138627 9.98248E-05 9.98248E-05 9.98248E-05 0.162326 0.637888 9.98248E-05 9.98248E-05 0.0432717
9.98246E-05 9.98246E-05 9.98246E-05 9.98246E-05 0.210288 9.98246E-05 9.98246E-05 9.98246E-05 9.98246E-05 9.98246E-05 9.98246E-05 9.98246E-05 9.98246E-05 9.98246E-05 0.276667 9.98246E-05 9.98246E-05 9.98246E-05 9.98246E-05 0.0279272 0.0174464 9.98246E-05 0.456048 9.98246E-05 9.98246E-05 0.0096261
9.97983E-05 9.97983E-05 9.97983E-05 9.97983E-05 9.97983E-05 9.97983E-05 9.97983E-05 9.97983E-05 9.97983E-05 9.97983E-05 9.97983E-05 9.97983E-05 9.97983E-05 9.97983E-05 0.160283 9.97983E-05 9.97983E-05 9.97983E-05 9.97983E-05 0.0708992 9.97983E-05 9.97983E-05 0.766522 9.97983E-05 9.97983E-05 9.97983E-05
9.98157E-05 9.98157E-05 9.98157E-05 9.98157E-05 0.128438 9.98157E-05 9.98157E-05 9.98157E-05 9.98157E-05 9.98157E-05 0.141553 9.98157E-05 9.98157E-05 9.98157E-05 9.98157E-05 9.98157E-05 9.98157E-05 0.0500571 9.98157E-05 9.98157E-05 0.277544 9.98157E-05 0.400312 9.98157E-05 9.98157E-05 9.98157E-05
0.0230844 9.98156E-05 9.98156E-05 9.98156E-05 0.066114 9.98156E-05 9.98156E-05 9.98156E-05 9.98156E-05 9.98156E-05 9.98156E-05 0.104894 9.98156E-05 9.98156E-05 9.98156E-05 9.98156E-05 9.98156E-05 9.98156E-05 9.98156E-05 9.98156E-05 0.0213415 9.98156E-05 0.78247 9.98156E-05 9.98156E-05 9.98156E-05
9.9807E-05 9.9807E-05 9.9807E-05 9.9807E-05 0.0227314 9.9807E-05 9.9807E-05 9.9807E-05 9.9807E-05 9.9807E-05 9.9807E-05 9.9807E-05 9.9807E-05 0.0416027 0.196036 9.9807E-05 9.9807E-05 9.9807E-05 9.9807E-05 9.9807E-05 9.9807E-05 9.9807E-05 0.737434 9.9807E-05 9.9807E-05 9.9807E-05
9.98333E-05 9.98333E-05 9.98333E-05 9.98333E-05 9.98333E-05 9.98333E-05 9.98333E-05 9.98333E-05 9.98333E-05 9.98333E-05 9.98333E-05 9.98333E-05 9.98333E-05 0.0202409 9.98333E-05 0.0295972 0.0631896 9.98333E-05 9.98333E-05 9.98333E-05 0.134729 0.165768 0.552785 9.98333E-05 9.98333E-05 0.0317932
9.98069E-05 9.98069E-05 9.98069E-05 9.98069E-05 0.214391 9.98069E-05 9.98069E-05 9.98069E-05 9.98069E-05 9.98069E-05 9.98069E-05 9.98069E-05 9.98069E-05 9.98069E-05 9.98069E-05 0.0639997 9.98069E-05 9.98069E-05 9.98069E-05 9.98069E-05 0.0958556 9.98069E-05 0.623557 9.98069E-05 9.98069E-05 9.98069E-05
9.97981E-05 9.97981E-05 9.97981E-05 9.97981E-05 9.97981E-05 9.97981E-05 9.97981E-05 9.97981E-05 9.97981E-05 9.97981E-05 9.97981E-05 9.97981E-05 9.97981E-05 0.0591719 9.97981E-05 9.97981E-05 9.97981E-05 9.97981E-05 9.97981E-05 9.97981E-05 9.97981E-05 0.796668 0.141865 9.97981E-05 9.97981E-05 9.97981E-05
9.98422E-05 9.98422E-05 9.98422E-05 9.98422E-05 0.0395781 9.98422E-05 9.98422E-05 9.98422E-05 9.98422E-05 9.98422E-05 9.98422E-05 9.98422E-05 9.98422E-05 9.98422E-05 0.121709 0.0332188 9.98422E-05 9.98422E-05 9.98422E-05 9.98422E-05 0.0094599 0.289967 0.460958 9.98422E-05 0.012501 0.0308112
9.97896E-05 9.97896E-05 9.97896E-05 9.97896E-05 9.97896E-05 9.97896E-05 9.97896E-05 9.97896E-05 9.97896E-05 9.97896E-05 9.97896E-05 9.97896E-05 9.97896E-05 9.97896E-05 0.761548 9.97896E-05 9.97896E-05 9.97896E-05 9.97896E-05 9.97896E-05 9.97896E-05 9.97896E-05 0.236057 9.97896E-05 9.97896E-05 9.97896E-05
9.98335E-05 9.98335E-05 9.98335E-05 9.98335E-05 9.98335E-05 9.98335E-05 0.0134178 9.98335E-05 9.98335E-05 9.98335E-05 0.0277317 9.98335E-05 9.98335E-05 0.00107562 0.0887861 9.98335E-05 9.98335E-05 9.98335E-05 9.98335E-05 9.98335E-05 0.0572043 0.588127 0.22176 9.98335E-05 9.98335E-05 9.98335E-05
9.98244E-05 9.98244E-05 9.98244E-05 9.98244E-05 0.268245 9.98244E-05 0.1592 0.0112515 9.98244E-05 9.98244E-05 9.98244E-05 9.98244E-05 9.98244E-05 9.98244E-05 9.98244E-05 9.98244E-05 9.98244E-05 0.0100436 9.98244E-05 9.98244E-05 0.131265 9.98244E-05 0.417999 9.98244E-05 9.98244E-05 9.98244E-05
0.0893134 9.98244E-05 9.98244E-05 9.98244E-05 9.98244E-05 9.98244E-05 9.98244E-05 9.98244E-05 9.98244E-05 9.98244E-05 9.98244E-05 9.98244E-05 9.98244E-05 9.98244E-05 0.0175834 0.0379732 0.193255 9.98244E-05 9.98244E-05 9.98244E-05 0.132788 9.98244E-05 0.52709 9.98244E-05 9.98244E-05 9.98244E-05
9.98071E-05 9.98071E-05 0.884568 9.98071E-05 9.98071E-05 9.98071E-05 9.98071E-05 9.98071E-05 9.98071E-05 9.98071E-05 0.0115647 9.98071E-05 9.98071E-05 9.98071E-05 9.98071E-05 9.98071E-05 9.98071E-05 9.98071E-05 9.98071E-05 9.98071E-05 0.057016 9.98071E-05 0.0446557 9.98071E-05 9.98071E-05 9.98071E-05
9.97983E-05 9.97983E-05 0.601757 9.97983E-05 9.97983E-05 9.97983E-05 9.97983E-05 9.97983E-05 9.97983E-05 9.97983E-05 9.97983E-05 9.97983E-05 9.97983E-05 9.97983E-05 0.110651 9.97983E-05 9.97983E-05 9.97983E-05 9.97983E-05 9.97983E-05 9.97983E-05 9.97983E-05 0.285297 9.97983E-05 9.97983E-05 9.97983E-05
