0.12279 0.0356006 9.98858E-05 9.98858E-05 0.385815 9.98858E-05 9.98858E-05 9.98858E-05 0.240652 9.98858E-05 9.98858E-05 0.0311274 0.109884 0.0346501 9.98858E-05 9.98858E-05 9.98858E-05 9.98858E-05 9.98858E-05 0.0381832 9.98858E-05
9.98596E-05 9.98596E-05 9.98596E-05 9.98596E-05 0.722207 9.98596E-05 9.98596E-05 9.98596E-05 0.127559 9.98596E-05 9.98596E-05 0.128855 0.0181593 9.98596E-05 9.98596E-05 9.98596E-05 9.98596E-05 9.98596E-05 0.00162171 9.98596E-05 9.98596E-05
0.0201133 0.0335282 0.050397 9.98684E-05 0.880143 9.98684E-05 9.98684E-05 9.98684E-05 9.98684E-05 9.98684E-05 9.98684E-05 9.98684E-05 9.98684E-05 9.98684E-05 9.98684E-05 9.98684E-05 9.98684E-05 0.00885657 9.98684E-05 0.00546397 9.98684E-05
0.151852 9.98771E-05 0.122506 0.246244 0.264598 9.98771E-05 0.0555641 9.98771E-05 9.98771E-05 9.98771E-05 9.98771E-05 9.98771E-05 0.13984 9.98771E-05 9.98771E-05 9.98771E-05 9.98771E-05 9.98771E-05 0.0179976 9.98771E-05 9.98771E-05
9.98596E-05 9.98596E-05 0.00404338 9.98596E-05 0.830794 9.98596E-05 9.98596E-05 0.0477999 9.98596E-05 9.98596E-05 9.98596E-05 0.0160903 9.98596E-05 9.98596E-05 0.0996745 9.98596E-05 9.98596E-05 9.98596E-05 9.98596E-05 9.98596E-05 9.98596E-05
9.98773E-05 9.98773E-05 0.196413 9.98773E-05 0.233266 9.98773E-05 0.118021 0.250043 0.0763385 9.98773E-05 9.98773E-05 0.102636 9.98773E-05 0.021885 9.98773E-05 9.98773E-05 9.98773E-05 9.98773E-05 9.98773E-05 9.98773E-05 9.98773E-05
0.0934511 0.0681687 9.99035E-05 0.0796179 0.271109 9.99035E-05 9.99035E-05 0.0749258 0.0708141 9.99035E-05 9.99035E-05 0.0969845 9.99035E-05 9.99035E-05 9.99035E-05 9.99035E-05 9.99035E-05 0.101772 0.138844 0.00321317 9.99035E-05
0.177991 9.98948E-05 0.0767602 9.98948E-05 0.174997 9.98948E-05 0.154051 0.055134 0.0675474 9.98948E-05 0.145937 9.98948E-05 9.98948E-05 0.0571857 0.0891982 9.98948E-05 9.98948E-05 9.98948E-05 9.98948E-05 9.98948E-05 9.98948E-05
9.98597E-05 0.213813 9.98597E-05 9.98597E-05 0.274293 9.98597E-05 0.281881 9.98597E-05 9.98597E-05 9.98597E-05 9.98597E-05 9.98597E-05 9.98597E-05 9.98597E-05 9.98597E-05 9.98597E-05 9.98597E-05 9.98597E-05 0.0240594 0.204356 9.98597E-05
9.98508E-05 0.0133579 9.98508E-05 9.98508E-05 0.939025 0.0117613 9.98508E-05 9.98508E-05 9.98508E-05 9.98508E-05 9.98508E-05 9.98508E-05 9.98508E-05 9.98508E-05 9.98508E-05 9.98508E-05 9.98508E-05 9.98508E-05 9.98508E-05 0.0341579 9.98508E-05
0.132314 9.98772E-05 9.98772E-05 9.98772E-05 0.486 9.98772E-05 0.019787 9.98772E-05 0.0212139 9.98772E-05 9.98772E-05 9.98772E-05 9.98772E-05 9.98772E-05 9.98772E-05 0.00263855 9.98772E-05 9.98772E-05 0.145932 0.190716 9.98772E-05
9.98859E-05 0.0075418 9.98859E-05 9.98859E-05 0.843293 9.98859E-05 0.0256062 0.0381747 9.98859E-05 9.98859E-05 9.98859E-05 9.98859E-05 9.98859E-05 9.98859E-05 9.98859E-05 9.98859E-05 9.98859E-05 0.0266034 0.0176795 0.012298 0.0275046
0.165966 9.98421E-05 9.98421E-05 9.98421E-05 0.786252 9.98421E-05 9.98421E-05 9.98421E-05 9.98421E-05 9.98421E-05 9.98421E-05 9.98421E-05 9.98421E-05 9.98421E-05 9.98421E-05 9.98421E-05 9.98421E-05 9.98421E-05 9.98421E-05 0.0459846 9.98421E-05
0.00635645 9.98948E-05 0.0400291 9.98948E-05 0.664056 9.98948E-05 9.98948E-05 9.98948E-05 0.00308988 9.98948E-05 0.033409 9.98948E-05 9.98948E-05 9.98948E-05 9.98948E-05 9.98948E-05 9.98948E-05 0.00623324 0.0654508 0.0606352 0.119542
9.99035E-05 9.99035E-05 0.0751872 9.99035E-05 0.237232 9.99035E-05 0.136452 0.0346181 0.201542 0.0307883 9.99035E-05 0.0276944 0.0635554 9.99035E-05 9.99035E-05 9.99035E-05 0.0645151 9.99035E-05 9.99035E-05 0.127317 9.99035E-05
0.0569423 9.98947E-05 9.98947E-05 0.108266 0.166012 9.98947E-05 0.208192 9.98947E-05 0.186273 9.98947E-05 0.0953052 9.98947E-05 9.98947E-05 0.0483577 9.98947E-05 9.98947E-05 9.98947E-05 9.98947E-05 0.00739208 0.122061 9.98947E-05
9.9886E-05 9.9886E-05 9.9886E-05 9.9886E-05 0.562123 9.9886E-05 9.9886E-05 9.9886E-05 9.9886E-05 0.0323601 9.9886E-05 0.0703329 0.0623519 0.0579853 9.9886E-05 9.9886E-05 0.188361 9.9886E-05 0.00596266 0.0192242 9.9886E-05
0.296411 9.98772E-05 9.98772E-05 9.98772E-05 0.173321 0.15351 0.0269643 9.98772E-05 0.108948 9.98772E-05 9.98772E-05 9.98772E-05 9.98772E-05 9.98772E-05 9.98772E-05 0.104505 9.98772E-05 9.98772E-05 9.98772E-05 0.134943 9.98772E-05
0.205019 9.98683E-05 9.98683E-05 9.98683E-05 0.354652 9.98683E-05 0.105121 0.137343 9.98683E-05 0.0384303 9.98683E-05 9.98683E-05 9.98683E-05 9.98683E-05 9.98683E-05 9.98683E-05 9.98683E-05 9.98683E-05 9.98683E-05 0.157937 9.98683E-05
9.98333E-05 9.98333E-05 9.98333E-05 9.98333E-05 0.933863 9.98333E-05 9.98333E-05 9.98333E-05 9.98333E-05 9.98333E-05 9.98333E-05 9.98333E-05 0.06424 9.98333E-05 9.98333E-05 9.98333E-05 9.98333E-05 9.98333E-05 9.98333E-05 9.98333E-05 9.98333E-05
0.035857 9.99035E-05 9.99035E-05 0.0356488 0.448019 9.99035E-05 0.095339 0.00250781 9.99035E-05 9.99035E-05 0.166424 9.99035E-05 9.99035E-05 9.99035E-05 0.0742958 0.0199684 9.99035E-05 9.99035E-05 0.077137 0.0437043 9.99035E-05
0.327466 9.98947E-05 0.0115358 9.98947E-05 0.240347 0.0132826 0.101771 0.0303861 9.98947E-05 0.0707792 9.98947E-05 9.98947E-05 9.98947E-05 9.98947E-05 0.192681 9.98947E-05 9.98947E-05 9.98947E-05 0.0105525 9.98947E-05 9.98947E-05
9.98597E-05 9.98597E-05 0.00372625 9.98597E-05 0.596762 9.98597E-05 9.98597E-05 9.98597E-05 0.285113 9.98597E-05 9.98597E-05 9.98597E-05 9.98597E-05 9.98597E-05 9.98597E-05 9.98597E-05 9.98597E-05 9.98597E-05 0.0323069 0.0804939 9.98597E-05
0.280036 0.0883207 9.98772E-05 9.98772E-05 0.378542 9.98772E-05 9.98772E-05 9.98772E-05 0.00788812 9.98772E-05 0.0466543 9.98772E-05 9.98772E-05 0.00139289 9.98772E-05 9.98772E-05 9.98772E-05 9.98772E-05 9.98772E-05 0.195768 9.98772E-05
9.98859E-05 0.00323782 0.200354 9.98859E-05 0.280996 9.98859E-05 0.0111498 9.98859E-05 9.98859E-05 0.0477612 9.98859E-05 9.98859E-05 0.128404 9.98859E-05 9.98859E-05 9.98859E-05 9.98859E-05 9.98859E-05 0.0473975 0.2794 9.98859E-05
0.0548341 9.98684E-05 0.0608471 0.0654783 0.706148 9.98684E-05 0.00197932 9.98684E-05 9.98684E-05 9.98684E-05 9.98684E-05 9.98684E-05 9.98684E-05 9.98684E-05 9.98684E-05 9.98684E-05 9.98684E-05 9.98684E-05 9.98684E-05 0.109215 9.98684E-05
0.292756 9.98684E-05 0.385481 9.98684E-05 0.0545972 0.155638 9.98684E-05 9.98684E-05 0.00644285 9.98684E-05 9.98684E-05 9.98684E-05 9.98684E-05 9.98684E-05 9.98684E-05 9.98684E-05 9.98684E-05 9.98684E-05 9.98684E-05 0.103587 9.98684E-05
0.109147 9.98684E-05 9.98684E-05 0.098906 0.6854 9.98684E-05 9.98684E-05 9.98684E-05 9.98684E-05 9.98684E-05 9.98684E-05 9.98684E-05 9.98684E-05 9.98684E-05 9.98684E-05 9.98684E-05 9.98684E-05 9.98684E-05 0.017592 0.0440475 0.0434091
0.0509626 9.98684E-05 0.0407673 9.98684E-05 0.583718 9.98684E-05 9.98684E-05 9.98684E-05 0.129643 9.98684E-05 9.98684E-05 9.98684E-05 0.0239405 9.98684E-05 9.98684E-05 9.98684E-05 9.98684E-05 9.98684E-05 9.98684E-05 0.16947 9.98684E-05
9.98509E-05 9.98509E-05 9.98509E-05 9.98509E-05 0.673738 9.98509E-05 0.0793338 9.98509E-05 9.98509E-05 9.98509E-05 9.98509E-05 9.98509E-05 9.98509E-05 0.0146105 9.98509E-05 9.98509E-05 0.23062 9.98509E-05 9.98509E-05 9.98509E-05 9.98509E-05
0.0332319 9.98859E-05 9.98859E-05 9.98859E-05 0.619964 9.98859E-05 0.0372859 0.00623739 0.135633 0.096016 9.98859E-05 9.98859E-05 0.0139342 9.98859E-05 9.98859E-05 9.98859E-05 9.98859E-05 9.98859E-05 0.0563988 9.98859E-05 9.98859E-05
0.094934 9.98859E-05 0.137825 0.0392988 0.500259 9.98859E-05 9.98859E-05 9.98859E-05 9.98859E-05 0.00485356 9.98859E-05 9.98859E-05 9.98859E-05 9.98859E-05 9.98859E-05 9.98859E-05 9.98859E-05 9.98859E-05 0.0637417 0.0757363 0.082053
0.10056 9.98771E-05 0.0357319 9.98771E-05 0.514549 9.98771E-05 9.98771E-05 9.98771E-05 0.0739174 9.98771E-05 0.0397062 9.98771E-05 9.98771E-05 9.98771E-05 9.98771E-05 9.98771E-05 9.98771E-05 9.98771E-05 0.0923516 0.141785 9.98771E-05
0.0672022 0.0557367 0.246874 9.99035E-05 0.471127 0.021121 9.99035E-05 0.00773116 9.99035E-05 9.99035E-05 9.99035E-05 9.99035E-05 9.99035E-05 9.99035E-05 9.99035E-05 9.99035E-05 9.99035E-05 0.0156581 0.000100444 0.0984542 0.0148964
9.9851E-05 9.9851E-05 9.9851E-05 9.9851E-05 0.783351 9.9851E-05 9.9851E-05 9.9851E-05 9.9851E-05 9.9851E-05 9.9851E-05 0.0936296 0.0712206 9.9851E-05 9.9851E-05 9.9851E-05 9.9851E-05 9.9851E-05 0.0501011 9.9851E-05 9.9851E-05
0.0498576 0.0266691 9.98685E-05 0.180546 0.652288 9.98685E-05 0.00859522 9.98685E-05 9.98685E-05 9.98685E-05 9.98685E-05 0.0805457 9.98685E-05 9.98685E-05 9.98685E-05 9.98685E-05 9.98685E-05 9.98685E-05 9.98685E-05 9.98685E-05 9.98685E-05
9.98509E-05 9.98509E-05 9.98509E-05 9.98509E-05 0.835031 9.98509E-05 9.98509E-05 0.103901 9.98509E-05 9.98509E-05 9.98509E-05 0.0383124 9.98509E-05 9.98509E-05 9.98509E-05 9.98509E-05 9.98509E-05 0.0210582 9.98509E-05 9.98509E-05 9.98509E-05
9.98597E-05 9.98597E-05 9.98597E-05 9.98597E-05 0.609629 9.98597E-05 0.16418 9.98597E-05 9.98597E-05 9.98597E-05 9.98597E-05 9.98597E-05 0.0952174 9.98597E-05 9.98597E-05 9.98597E-05 0.0169568 9.98597E-05 9.98597E-05 0.112419 9.98597E-05
0.0378669 9.9886E-05 9.9886E-05 9.9886E-05 0.453271 9.9886E-05 9.9886E-05 0.0787903 9.9886E-05 9.9886E-05 9.9886E-05 0.140113 9.9886E-05 9.9886E-05 0.00435547 9.9886E-05 0.120101 9.9886E-05 0.0228216 0.141382 9.9886E-05
9.98597E-05 9.98597E-05 0.173305 9.98597E-05 0.575793 9.98597E-05 9.98597E-05 0.0354724 9.98597E-05 9.98597E-05 0.09296 9.98597E-05 9.98597E-05 9.98597E-05 9.98597E-05 9.98597E-05 9.98597E-05 9.98597E-05 9.98597E-05 0.120871 9.98597E-05
0.150361 9.98685E-05 9.98685E-05 9.98685E-05 0.703154 9.98685E-05 0.00923124 0.0371938 9.98685E-05 9.98685E-05 9.98685E-05 9.98685E-05 9.98685E-05 9.98685E-05 9.98685E-05 9.98685E-05 9.98685E-05 9.98685E-05 0.0138063 0.0847558 9.98685E-05
0.155365 0.0188001 9.98773E-05 9.98773E-05 0.632019 9.98773E-05 0.0172757 9.98773E-05 0.0195525 9.98773E-05 9.98773E-05 0.0470204 9.98773E-05 9.98773E-05 9.98773E-05 9.98773E-05 9.98773E-05 9.98773E-05 9.98773E-05 0.108569 9.98773E-05
0.0487099 9.98509E-05 9.98509E-05 9.98509E-05 0.7898 9.98509E-05 9.98509E-05 0.00766591 9.98509E-05 9.98509E-05 9.98509E-05 9.98509E-05 9.98509E-05 9.98509E-05 9.98509E-05 9.98509E-05 0.152126 9.98509E-05 9.98509E-05 9.98509E-05 9.98509E-05
0.125683 0.0215061 9.99035E-05 9.99035E-05 0.363105 9.99035E-05 0.091196 9.99035E-05 0.135922 9.99035E-05 9.99035E-05 0.0194443 0.0595638 9.99035E-05 9.99035E-05 0.00327361 9.99035E-05 9.99035E-05 0.00109522 0.178112 9.99035E-05
0.428582 0.0499689 9.98772E-05 0.00976579 0.222058 9.98772E-05 9.98772E-05 0.104912 9.98772E-05 9.98772E-05 9.98772E-05 9.98772E-05 9.98772E-05 9.98772E-05 0.00348905 9.98772E-05 9.98772E-05 9.98772E-05 9.98772E-05 0.179826 9.98772E-05
0.0225925 9.9877E-05 9.9877E-05 0.000564831 0.831537 9.9877E-05 0.00582647 0.0497455 9.9877E-05 9.9877E-05 9.9877E-05 9.9877E-05 9.9877E-05 9.9877E-05 9.9877E-05 0.0710954 9.9877E-05 9.9877E-05 9.9877E-05 0.0172396 9.9877E-05
9.98684E-05 9.98684E-05 9.98684E-05 0.0211074 0.7679 0.00228975 0.0654104 9.98684E-05 9.98684E-05 9.98684E-05 9.98684E-05 9.98684E-05 9.98684E-05 9.98684E-05 9.98684E-05 9.98684E-05 9.98684E-05 9.98684E-05 0.074296 0.0674985 9.98684E-05
9.98334E-05 9.98334E-05 9.98334E-05 9.98334E-05 0.995063 9.98334E-05 9.98334E-05 9.98334E-05 9.98334E-05 9.98334E-05 9.98334E-05 9.98334E-05 9.98334E-05 9.98334E-05 9.98334E-05 9.98334E-05 9.98334E-05 9.98334E-05 9.98334E-05 0.00304012 9.98334E-05
0.156885 9.9877E-05 9.9877E-05 9.9877E-05 0.626658 9.9877E-05 9.9877E-05 0.00293302 0.0514063 9.9877E-05 0.0126299 9.9877E-05 9.9877E-05 9.9877E-05 9.9877E-05 9.9877E-05 9.9877E-05 9.9877E-05 0.0285189 0.119571 9.9877E-05
9.98775E-05 9.98775E-05 9.98775E-05 9.98775E-05 0.700164 9.98775E-05 0.0532707 0.0903108 9.98775E-05 0.0098918 9.98775E-05 9.98775E-05 9.98775E-05 9.98775E-05 9.98775E-05 9.98775E-05 0.0171051 0.119905 0.00795483 9.98775E-05 9.98775E-05
9.98771E-05 9.98771E-05 0.114495 9.98771E-05 0.251725 9.98771E-05 0.0844378 9.98771E-05 0.193654 9.98771E-05 9.98771E-05 9.98771E-05 0.138594 9.98771E-05 9.98771E-05 9.98771E-05 9.98771E-05 9.98771E-05 0.0632688 0.152426 9.98771E-05
0.207414 0.00718317 9.98685E-05 0.138959 0.608064 9.98685E-05 9.98685E-05 9.98685E-05 9.98685E-05 9.98685E-05 0.000379563 9.98685E-05 9.98685E-05 9.98685E-05 0.036502 9.98685E-05 9.98685E-05 9.98685E-05 9.98685E-05 9.98685E-05 9.98685E-05
9.98597E-05 9.98597E-05 9.98597E-05 9.98597E-05 0.894321 0.0391429 0.0079138 9.98597E-05 9.98597E-05 9.98597E-05 9.98597E-05 0.0121673 9.98597E-05 9.98597E-05 9.98597E-05 9.98597E-05 9.98597E-05 9.98597E-05 9.98597E-05 0.0448572 9.98597E-05
9.98949E-05 0.00109953 0.0490474 9.98949E-05 0.630168 9.98949E-05 9.98949E-05 9.98949E-05 9.98949E-05 9.98949E-05 0.14347 9.98949E-05 0.0120017 0.0120664 9.98949E-05 9.98949E-05 9.98949E-05 0.0232988 0.10698 0.0206696 9.98949E-05
9.98597E-05 9.98597E-05 9.98597E-05 9.98597E-05 0.70237 9.98597E-05 9.98597E-05 9.98597E-05 0.0166377 0.119252 9.98597E-05 9.98597E-05 9.98597E-05 9.98597E-05 9.98597E-05 9.98597E-05 0.0442813 9.98597E-05 9.98597E-05 0.115862 9.98597E-05
9.98509E-05 9.98509E-05 0.160832 9.98509E-05 0.692763 9.98509E-05 9.98509E-05 0.0542373 9.98509E-05 9.98509E-05 9.98509E-05 9.98509E-05 0.0904698 9.98509E-05 9.98509E-05 9.98509E-05 9.98509E-05 9.98509E-05 9.98509E-05 9.98509E-05 9.98509E-05
0.119398 9.98684E-05 9.98684E-05 9.98684E-05 0.699068 0.0563214 0.0378678 0.0783025 9.98684E-05 9.98684E-05 9.98684E-05 0.00754378 9.98684E-05 9.98684E-05 9.98684E-05 9.98684E-05 9.98684E-05 9.98684E-05 9.98684E-05 9.98684E-05 9.98684E-05
9.98422E-05 9.98422E-05 9.98422E-05 0.156795 0.821909 9.98422E-05 9.98422E-05 9.98422E-05 9.98422E-05 9.98422E-05 9.98422E-05 9.98422E-05 9.98422E-05 9.98422E-05 9.98422E-05 9.98422E-05 9.98422E-05 9.98422E-05 9.98422E-05 0.0194991 9.98422E-05
9.98684E-05 9.98684E-05 9.98684E-05 9.98684E-05 0.777287 9.98684E-05 0.00354059 9.98684E-05 9.98684E-05 9.98684E-05 9.98684E-05 0.0689503 9.98684E-05 9.98684E-05 9.98684E-05 9.98684E-05 9.98684E-05 0.115557 0.00711559 0.0260512 9.98684E-05
9.98683E-05 9.98683E-05 9.98683E-05 9.98683E-05 9.98683E-05 0.0535233 0.00667431 9.98683E-05 0.726613 0.0210003 9.98683E-05 9.98683E-05 9.98683E-05 9.98683E-05 9.98683E-05 9.98683E-05 9.98683E-05 9.98683E-05 0.0754698 0.115221 9.98683E-05
9.98334E-05 9.98334E-05 9.98334E-05 9.98334E-05 9.98334E-05 9.98334E-05 9.98334E-05 9.98334E-05 0.992071 9.98334E-05 9.98334E-05 9.98334E-05 0.00603213 9.98334E-05 9.98334E-05 9.98334E-05 9.98334E-05 9.98334E-05 9.98334E-05 9.98334E-05 9.98334E-05
9.98509E-05 9.98509E-05 9.98509E-05 9.98509E-05 9.98509E-05 0.0783955 9.98509E-05 0.0150681 0.878716 9.98509E-05 9.98509E-05 9.98509E-05 9.98509E-05 9.98509E-05 9.98509E-05 9.98509E-05 9.98509E-05 0.0261228 9.98509E-05 9.98509E-05 9.98509E-05
9.98772E-05 0.00674393 0.257079 9.98772E-05 9.98772E-05 0.0107862 0.133209 9.98772E-05 0.269194 9.98772E-05 9.98772E-05 0.265873 9.98772E-05 9.98772E-05 9.98772E-05 9.98772E-05 9.98772E-05 0.0557167 9.98772E-05 9.98772E-05 9.98772E-05
0.0729881 9.98945E-05 9.98945E-05 9.98945E-05 9.98945E-05 0.0380055 0.0741385 0.00199764 0.690291 9.98945E-05 9.98945E-05 9.98945E-05 9.98945E-05 9.98945E-05 0.000384362 0.0724874 9.98945E-05 0.0173273 9.98945E-05 0.0311815 9.98945E-05
0.0718073 9.98594E-05 9.98594E-05 9.98594E-05 9.98594E-05 9.98594E-05 0.0170994 9.98594E-05 0.744986 9.98594E-05 9.98594E-05 9.98594E-05 9.98594E-05 0.0109904 9.98594E-05 9.98594E-05 9.98594E-05 9.98594E-05 9.98594E-05 0.15352 9.98594E-05
9.98506E-05 9.98506E-05 9.98506E-05 9.98506E-05 9.98506E-05 9.98506E-05 9.98506E-05 9.98506E-05 0.466369 9.98506E-05 9.98506E-05 0.324272 9.98506E-05 9.98506E-05 9.98506E-05 9.98506E-05 9.98506E-05 9.98506E-05 0.0593487 0.148313 9.98506E-05
9.98682E-05 9.98682E-05 0.0186354 9.98682E-05 9.98682E-05 0.144615 0.135628 9.98682E-05 0.589472 9.98682E-05 9.98682E-05 0.0507897 9.98682E-05 9.98682E-05 9.98682E-05 9.98682E-05 9.98682E-05 9.98682E-05 9.98682E-05 0.0593625 9.98682E-05
9.98333E-05 9.98333E-05 9.98333E-05 9.98333E-05 9.98333E-05 9.98333E-05 9.98333E-05 9.98333E-05 0.975784 9.98333E-05 9.98333E-05 0.0223193 9.98333E-05 9.98333E-05 9.98333E-05 9.98333E-05 9.98333E-05 9.98333E-05 9.98333E-05 9.98333E-05 9.98333E-05
9.98508E-05 9.98508E-05 9.98508E-05 9.98508E-05 9.98508E-05 9.98508E-05 9.98508E-05 0.0106362 0.885108 9.98508E-05 9.98508E-05 9.98508E-05 9.98508E-05 0.0200286 9.98508E-05 9.98508E-05 9.98508E-05 9.98508E-05 0.0825302 9.98508E-05 9.98508E-05
9.98594E-05 9.98594E-05 9.98594E-05 9.98594E-05 9.98594E-05 9.98594E-05 0.0622478 9.98594E-05 0.521113 9.98594E-05 9.98594E-05 9.98594E-05 0.00777896 9.98594E-05 9.98594E-05 9.98594E-05 9.98594E-05 9.98594E-05 0.198553 0.208709 9.98594E-05
0.137963 9.98945E-05 9.98945E-05 0.0557105 9.98945E-05 9.98945E-05 9.98945E-05 9.98945E-05 0.481901 0.0938318 9.98945E-05 0.0093625 0.0286882 0.0937024 0.0329233 9.98945E-05 9.98945E-05 9.98945E-05 0.0647185 9.98945E-05 9.98945E-05
9.98682E-05 9.98682E-05 0.101595 9.98682E-05 9.98682E-05 9.98682E-05 0.11629 9.98682E-05 0.538914 9.98682E-05 9.98682E-05 9.98682E-05 9.98682E-05 0.0617119 0.170638 9.98682E-05 9.98682E-05 9.98682E-05 0.00935259 9.98682E-05 9.98682E-05
0.134621 9.98769E-05 9.98769E-05 9.98769E-05 9.98769E-05 9.98769E-05 0.0165573 0.0567548 0.563555 9.98769E-05 9.98769E-05 0.0798599 9.98769E-05 9.98769E-05 0.031577 9.98769E-05 9.98769E-05 9.98769E-05 9.98769E-05 0.115677 9.98769E-05
9.98511E-05 9.98511E-05 0.0549846 9.98511E-05 9.98511E-05 9.98511E-05 9.98511E-05 9.98511E-05 0.929016 9.98511E-05 0.00672724 9.98511E-05 9.98511E-05 0.00757492 9.98511E-05 9.98511E-05 9.98511E-05 9.98511E-05 9.98511E-05 9.98511E-05 9.98511E-05
9.98509E-05 9.98509E-05 9.98509E-05 0.0119253 9.98509E-05 9.98509E-05 9.98509E-05 9.98509E-05 0.96518 9.98509E-05 9.98509E-05 9.98509E-05 0.0016877 9.98509E-05 9.98509E-05 9.98509E-05 9.98509E-05 9.98509E-05 0.01951 9.98509E-05 9.98509E-05
9.98593E-05 9.98593E-05 0.018716 9.98593E-05 9.98593E-05 0.0668865 9.98593E-05 0.167001 0.738201 9.98593E-05 9.98593E-05 9.98593E-05 9.98593E-05 9.98593E-05 9.98593E-05 9.98593E-05 9.98593E-05 0.00759728 9.98593E-05 9.98593E-05 9.98593E-05
0.0990466 9.98682E-05 9.98682E-05 9.98682E-05 9.98682E-05 9.98682E-05 0.0460712 0.0681242 0.628801 9.98682E-05 9.98682E-05 9.98682E-05 9.98682E-05 0.0746513 9.98682E-05 9.98682E-05 9.98682E-05 9.98682E-05 0.0818074 9.98682E-05 9.98682E-05
9.98596E-05 9.98596E-05 9.98596E-05 0.0330257 9.98596E-05 0.0739539 0.0313202 9.98596E-05 0.796632 9.98596E-05 9.98596E-05 9.98596E-05 9.98596E-05 9.98596E-05 9.98596E-05 9.98596E-05 9.98596E-05 9.98596E-05 0.0634701 9.98596E-05 9.98596E-05
9.98593E-05 9.98593E-05 9.98593E-05 9.98593E-05 9.98593E-05 9.98593E-05 9.98593E-05 9.98593E-05 0.707445 9.98593E-05 0.00174101 9.98593E-05 0.0922724 0.00648176 9.98593E-05 9.98593E-05 9.98593E-05 9.98593E-05 9.98593E-05 0.190462 9.98593E-05
9.986E-05 9.986E-05 9.986E-05 9.986E-05 9.986E-05 9.986E-05 9.986E-05 9.986E-05 0.857547 9.986E-05 9.986E-05 9.986E-05 9.986E-05 9.986E-05 0.0313976 9.986E-05 0.065674 0.0181983 9.986E-05 0.0255853 9.986E-05
0.24034 9.98419E-05 9.98419E-05 9.98419E-05 9.98419E-05 9.98419E-05 9.98419E-05 9.98419E-05 0.711851 9.98419E-05 9.98419E-05 9.98419E-05 9.98419E-05 9.98419E-05 9.98419E-05 9.98419E-05 9.98419E-05 9.98419E-05 9.98419E-05 0.0460127 9.98419E-05
0.0280766 9.98685E-05 0.144082 9.98685E-05 9.98685E-05 9.98685E-05 9.98685E-05 9.98685E-05 0.755682 0.00886167 9.98685E-05 9.98685E-05 0.0384035 9.98685E-05 9.98685E-05 9.98685E-05 9.98685E-05 9.98685E-05 9.98685E-05 0.0233967 9.98685E-05
9.98682E-05 0.0557757 9.98682E-05 9.98682E-05 9.98682E-05 0.0793364 0.049005 0.0987445 0.713946 9.98682E-05 9.98682E-05 9.98682E-05 9.98682E-05 9.98682E-05 9.98682E-05 9.98682E-05 9.98682E-05 9.98682E-05 0.00169445 9.98682E-05 9.98682E-05
9.98419E-05 9.98419E-05 9.98419E-05 9.98419E-05 9.98419E-05 9.98419E-05 9.98419E-05 9.98419E-05 0.771686 9.98419E-05 9.98419E-05 9.98419E-05 9.98419E-05 0.130545 9.98419E-05 9.98419E-05 9.98419E-05 9.98419E-05 0.0959725 9.98419E-05 9.98419E-05
9.98598E-05 9.98598E-05 9.98598E-05 9.98598E-05 9.98598E-05 9.98598E-05 0.00444156 9.98598E-05 0.946742 9.98598E-05 9.98598E-05 0.0213435 9.98598E-05 9.98598E-05 9.98598E-05 9.98598E-05 0.0178417 9.98598E-05 9.98598E-05 0.00803318 9.98598E-05
9.98247E-05 9.98247E-05 9.98247E-05 9.98247E-05 9.98247E-05 9.98247E-05 9.98247E-05 9.98247E-05 0.998004 9.98247E-05 9.98247E-05 9.98247E-05 9.98247E-05 9.98247E-05 9.98247E-05 9.98247E-05 9.98247E-05 9.98247E-05 9.98247E-05 9.98247E-05 9.98247E-05
9.98247E-05 9.98247E-05 9.98247E-05 9.98247E-05 9.98247E-05 9.98247E-05 9.98247E-05 9.98247E-05 0.998004 9.98247E-05 9.98247E-05 9.98247E-05 9.98247E-05 9.98247E-05 9.98247E-05 9.98247E-05 9.98247E-05 9.98247E-05 9.98247E-05 9.98247E-05 9.98247E-05
9.98596E-05 9.98596E-05 9.98596E-05 9.98596E-05 9.98596E-05 0.0906408 0.014821 9.98596E-05 0.868733 9.98596E-05 9.98596E-05 9.98596E-05 9.98596E-05 0.0209591 9.98596E-05 9.98596E-05 9.98596E-05 9.98596E-05 9.98596E-05 0.00324866 9.98596E-05
9.98685E-05 9.98685E-05 9.98685E-05 9.98685E-05 9.98685E-05 9.98685E-05 0.110397 9.98685E-05 0.548111 9.98685E-05 0.00919994 9.98685E-05 0.0191854 9.98685E-05 9.98685E-05 9.98685E-05 0.251677 9.98685E-05 9.98685E-05 0.0599315 9.98685E-05
9.9842E-05 9.9842E-05 0.841792 9.9842E-05 9.9842E-05 9.9842E-05 0.0149802 9.9842E-05 9.9842E-05 9.9842E-05 9.9842E-05 9.9842E-05 9.9842E-05 9.9842E-05 9.9842E-05 9.9842E-05 9.9842E-05 9.9842E-05 9.9842E-05 0.141431 9.9842E-05
9.98335E-05 9.98335E-05 0.46037 9.98335E-05 9.98335E-05 9.98335E-05 9.98335E-05 9.98335E-05 9.98335E-05 9.98335E-05 9.98335E-05 9.98335E-05 9.98335E-05 9.98335E-05 9.98335E-05 9.98335E-05 0.537733 9.98335E-05 9.98335E-05 9.98335E-05 9.98335E-05
9.9842E-05 9.9842E-05 0.932294 9.9842E-05 9.9842E-05 9.9842E-05 9.9842E-05 9.9842E-05 9.9842E-05 0.00369137 9.9842E-05 9.9842E-05 9.9842E-05 9.9842E-05 9.9842E-05 9.9842E-05 9.9842E-05 9.9842E-05 9.9842E-05 0.0622174 9.9842E-05
9.98507E-05 9.98507E-05 0.834818 9.98507E-05 9.98507E-05 0.0125583 0.0255637 9.98507E-05 9.98507E-05 9.98507E-05 9.98507E-05 9.98507E-05 9.98507E-05 9.98507E-05 9.98507E-05 9.98507E-05 9.98507E-05 9.98507E-05 9.98507E-05 0.125363 9.98507E-05
9.98418E-05 0.00261763 0.928362 9.98418E-05 9.98418E-05 9.98418E-05 0.0672228 9.98418E-05 9.98418E-05 9.98418E-05 9.98418E-05 9.98418E-05 9.98418E-05 9.98418E-05 9.98418E-05 9.98418E-05 9.98418E-05 9.98418E-05 9.98418E-05 9.98418E-05 9.98418E-05
9.98684E-05 9.98684E-05 0.548823 0.0613528 9.98684E-05 9.98684E-05 0.151887 9.98684E-05 9.98684E-05 9.98684E-05 9.98684E-05 9.98684E-05 9.98684E-05 9.98684E-05 9.98684E-05 0.0126508 9.98684E-05 9.98684E-05 9.98684E-05 0.154429 0.0693585
0.0542982 9.98596E-05 0.786068 9.98596E-05 9.98596E-05 9.98596E-05 0.0718231 9.98596E-05 9.98596E-05 9.98596E-05 9.98596E-05 9.98596E-05 9.98596E-05 0.0318007 9.98596E-05 9.98596E-05 9.98596E-05 9.98596E-05 9.98596E-05 0.054412 9.98596E-05
9.9842E-05 9.9842E-05 0.731256 9.9842E-05 9.9842E-05 9.9842E-05 0.257027 9.9842E-05 9.9842E-05 9.9842E-05 9.9842E-05 9.9842E-05 9.9842E-05 9.9842E-05 9.9842E-05 9.9842E-05 9.9842E-05 9.9842E-05 0.00991915 9.9842E-05 9.9842E-05
0.0227314 9.98683E-05 0.39036 9.98683E-05 9.98683E-05 9.98683E-05 0.308808 9.98683E-05 9.98683E-05 0.0221675 9.98683E-05 0.20012 9.98683E-05 0.0543153 9.98683E-05 9.98683E-05 9.98683E-05 9.98683E-05 9.98683E-05 9.98683E-05 9.98683E-05
9.9842E-05 9.9842E-05 0.578924 9.9842E-05 9.9842E-05 9.9842E-05 0.187459 9.9842E-05 9.9842E-05 9.9842E-05 9.9842E-05 9.9842E-05 9.9842E-05 9.9842E-05 9.9842E-05 9.9842E-05 9.9842E-05 9.9842E-05 9.9842E-05 0.23182 9.9842E-05
9.98596E-05 9.98596E-05 0.359011 9.98596E-05 9.98596E-05 9.98596E-05 0.0118881 9.98596E-05 9.98596E-05 9.98596E-05 9.98596E-05 0.18056 9.98596E-05 9.98596E-05 9.98596E-05 9.98596E-05 9.98596E-05 9.98596E-05 0.0293324 9.98596E-05 0.41761
9.98684E-05 9.98684E-05 0.553074 9.98684E-05 0.0153505 9.98684E-05 9.98684E-05 9.98684E-05 9.98684E-05 9.98684E-05 9.98684E-05 0.161074 9.98684E-05 9.98684E-05 9.98684E-05 0.0205227 9.98684E-05 9.98684E-05 9.98684E-05 0.073197 0.175284
9.98423E-05 9.98423E-05 0.870414 9.98423E-05 9.98423E-05 9.98423E-05 0.104051 9.98423E-05 9.98423E-05 9.98423E-05 9.98423E-05 9.98423E-05 9.98423E-05 9.98423E-05 9.98423E-05 9.98423E-05 9.98423E-05 9.98423E-05 9.98423E-05 9.98423E-05 0.0237379
9.98772E-05 0.0210498 0.437309 9.98772E-05 9.98772E-05 9.98772E-05 0.169533 9.98772E-05 9.98772E-05 9.98772E-05 9.98772E-05 0.0058249 9.98772E-05 9.98772E-05 9.98772E-05 9.98772E-05 9.98772E-05 9.98772E-05 0.000596049 0.205572 0.158717
9.98685E-05 9.98685E-05 0.669684 9.98685E-05 9.98685E-05 0.108703 0.0545726 9.98685E-05 9.98685E-05 9.98685E-05 0.0028841 9.98685E-05 9.98685E-05 0.0410659 9.98685E-05 9.98685E-05 0.121593 9.98685E-05 9.98685E-05 9.98685E-05 9.98685E-05
9.98597E-05 9.98597E-05 0.62648 9.98597E-05 9.98597E-05 9.98597E-05 9.98597E-05 9.98597E-05 9.98597E-05 9.98597E-05 9.98597E-05 0.0605189 9.98597E-05 9.98597E-05 9.98597E-05 9.98597E-05 0.0825 9.98597E-05 0.0574405 0.171462 9.98597E-05
9.98684E-05 9.98684E-05 0.464799 9.98684E-05 9.98684E-05 0.0187728 9.98684E-05 9.98684E-05 9.98684E-05 9.98684E-05 9.98684E-05 0.222223 9.98684E-05 9.98684E-05 9.98684E-05 0.104735 9.98684E-05 9.98684E-05 9.98684E-05 0.0938036 0.0941688
0.0548224 9.98685E-05 0.662734 9.98685E-05 9.98685E-05 9.98685E-05 0.101401 9.98685E-05 9.98685E-05 9.98685E-05 9.98685E-05 9.98685E-05 9.98685E-05 9.98685E-05 0.122175 9.98685E-05 0.0414553 0.0159149 9.98685E-05 9.98685E-05 9.98685E-05
9.98421E-05 9.98421E-05 0.921572 9.98421E-05 9.98421E-05 9.98421E-05 0.0218512 9.98421E-05 9.98421E-05 9.98421E-05 9.98421E-05 9.98421E-05 9.98421E-05 9.98421E-05 9.98421E-05 9.98421E-05 9.98421E-05 9.98421E-05 9.98421E-05 9.98421E-05 0.0547799
9.98683E-05 9.98683E-05 0.288025 9.98683E-05 9.98683E-05 9.98683E-05 0.130784 9.98683E-05 9.98683E-05 9.98683E-05 0.0179448 9.98683E-05 9.98683E-05 9.98683E-05 9.98683E-05 9.98683E-05 0.404824 9.98683E-05 0.00707805 0.149848 9.98683E-05
9.98772E-05 9.98772E-05 0.673075 0.0453476 9.98772E-05 9.98772E-05 0.0431632 9.98772E-05 9.98772E-05 9.98772E-05 9.98772E-05 0.11565 9.98772E-05 9.98772E-05 0.0336353 9.98772E-05 9.98772E-05 9.98772E-05 9.98772E-05 0.0584833 0.0292472
9.98596E-05 9.98596E-05 0.806274 9.98596E-05 9.98596E-05 0.0110588 0.0804417 9.98596E-05 9.98596E-05 9.98596E-05 9.98596E-05 9.98596E-05 9.98596E-05 0.0741125 9.98596E-05 9.98596E-05 9.98596E-05 9.98596E-05 0.0265149 9.98596E-05 9.98596E-05
9.98595E-05 9.98595E-05 0.478567 9.98595E-05 9.98595E-05 9.98595E-05 0.210041 9.98595E-05 9.98595E-05 9.98595E-05 9.98595E-05 0.0691346 9.98595E-05 9.98595E-05 9.98595E-05 0.0503587 9.98595E-05 9.98595E-05 9.98595E-05 0.190301 9.98595E-05
9.98597E-05 9.98597E-05 0.681868 9.98597E-05 9.98597E-05 9.98597E-05 0.165864 9.98597E-05 9.98597E-05 0.040496 9.98597E-05 9.98597E-05 9.98597E-05 9.98597E-05 9.98597E-05 9.98597E-05 0.103521 9.98597E-05 9.98597E-05 9.98597E-05 0.00665223
9.98596E-05 9.98596E-05 0.462922 9.98596E-05 9.98596E-05 9.98596E-05 0.214264 9.98596E-05 9.98596E-05 9.98596E-05 9.98596E-05 0.0644891 9.98596E-05 9.98596E-05 9.98596E-05 0.0575169 9.98596E-05 9.98596E-05 9.98596E-05 0.19921 9.98596E-05
0.033678 9.98947E-05 0.224104 9.98947E-05 9.98947E-05 9.98947E-05 0.127078 9.98947E-05 0.0522833 9.98947E-05 0.0352532 0.00521392 9.98947E-05 0.0361255 9.98947E-05 9.98947E-05 9.98947E-05 9.98947E-05 9.98947E-05 0.122125 0.36294
9.98509E-05 0.0809914 0.187781 9.98509E-05 9.98509E-05 9.98509E-05 9.98509E-05 9.98509E-05 9.98509E-05 9.98509E-05 9.98509E-05 9.98509E-05 0.0383516 9.98509E-05 9.98509E-05 9.98509E-05 0.691178 9.98509E-05 9.98509E-05 9.98509E-05 9.98509E-05
9.98506E-05 9.98506E-05 0.796551 9.98506E-05 9.98506E-05 9.98506E-05 0.0692581 0.0597331 9.98506E-05 9.98506E-05 9.98506E-05 9.98506E-05 9.98506E-05 9.98506E-05 9.98506E-05 9.98506E-05 9.98506E-05 9.98506E-05 9.98506E-05 0.0727608 9.98506E-05
0.00863445 9.98684E-05 0.605279 9.98684E-05 9.98684E-05 9.98684E-05 0.135007 0.00374636 9.98684E-05 9.98684E-05 9.98684E-05 9.98684E-05 9.98684E-05 9.98684E-05 9.98684E-05 0.010745 9.98684E-05 9.98684E-05 9.98684E-05 0.23509 9.98684E-05
9.9851E-05 9.9851E-05 0.781759 9.9851E-05 9.9851E-05 9.9851E-05 9.9851E-05 9.9851E-05 9.9851E-05 9.9851E-05 9.9851E-05 9.9851E-05 9.9851E-05 9.9851E-05 9.9851E-05 0.106469 0.0217235 9.9851E-05 9.9851E-05 0.0883505 9.9851E-05
9.98684E-05 9.98684E-05 0.608103 9.98684E-05 9.98684E-05 9.98684E-05 0.0706853 9.98684E-05 9.98684E-05 9.98684E-05 0.0909813 9.98684E-05 9.98684E-05 9.98684E-05 9.98684E-05 9.98684E-05 9.98684E-05 9.98684E-05 0.000852715 0.192628 0.0352513
9.98509E-05 9.98509E-05 0.934141 9.98509E-05 9.98509E-05 9.98509E-05 9.98509E-05 9.98509E-05 9.98509E-05 9.98509E-05 0.0404676 9.98509E-05 9.98509E-05 9.98509E-05 9.98509E-05 0.00583368 9.98509E-05 9.98509E-05 9.98509E-05 0.0178605 9.98509E-05
9.98595E-05 9.98595E-05 0.510655 9.98595E-05 9.98595E-05 9.98595E-05 0.273941 9.98595E-05 9.98595E-05 9.98595E-05 9.98595E-05 9.98595E-05 9.98595E-05 9.98595E-05 0.0129041 0.135697 9.98595E-05 9.98595E-05 9.98595E-05 0.0652057 9.98595E-05
0.148339 9.98507E-05 0.804768 9.98507E-05 9.98507E-05 9.98507E-05 0.00216505 9.98507E-05 9.98507E-05 9.98507E-05 9.98507E-05 9.98507E-05 9.98507E-05 9.98507E-05 9.98507E-05 9.98507E-05 9.98507E-05 9.98507E-05 9.98507E-05 0.0430301 9.98507E-05
9.98421E-05 9.98421E-05 0.971682 9.98421E-05 9.98421E-05 9.98421E-05 9.98421E-05 9.98421E-05 9.98421E-05 9.98421E-05 9.98421E-05 9.98421E-05 9.98421E-05 9.98421E-05 9.98421E-05 9.98421E-05 9.98421E-05 9.98421E-05 9.98421E-05 0.00747133 0.0190498
0.0151741 9.98684E-05 0.738253 0.0377844 9.98684E-05 9.98684E-05 0.0271034 9.98684E-05 9.98684E-05 9.98684E-05 9.98684E-05 9.98684E-05 9.98684E-05 9.98684E-05 9.98684E-05 9.98684E-05 0.0493201 9.98684E-05 9.98684E-05 9.98684E-05 0.130867
9.98507E-05 9.98507E-05 0.699914 9.98507E-05 9.98507E-05 0.0491017 0.0636388 9.98507E-05 9.98507E-05 9.98507E-05 9.98507E-05 9.98507E-05 9.98507E-05 9.98507E-05 9.98507E-05 9.98507E-05 9.98507E-05 9.98507E-05 9.98507E-05 0.185649 9.98507E-05
9.98595E-05 9.98595E-05 0.261249 9.98595E-05 9.98595E-05 9.98595E-05 0.0400903 9.98595E-05 9.98595E-05 9.98595E-05 9.98595E-05 9.98595E-05 9.98595E-05 9.98595E-05 0.000932455 9.98595E-05 0.452491 9.98595E-05 9.98595E-05 9.98595E-05 0.24364
9.98597E-05 9.98597E-05 0.625744 9.98597E-05 9.98597E-05 9.98597E-05 9.98597E-05 9.98597E-05 9.98597E-05 9.98597E-05 9.98597E-05 9.98597E-05 9.98597E-05 9.98597E-05 9.98597E-05 0.0017207 0.0456587 9.98597E-05 9.98597E-05 0.0838284 0.24145
9.98424E-05 9.98424E-05 0.549555 9.98424E-05 9.98424E-05 9.98424E-05 9.98424E-05 9.98424E-05 9.98424E-05 9.98424E-05 9.98424E-05 9.98424E-05 9.98424E-05 9.98424E-05 0.0658972 9.98424E-05 9.98424E-05 9.98424E-05 9.98424E-05 9.98424E-05 0.38275
9.98685E-05 9.98685E-05 0.393982 9.98685E-05 9.98685E-05 0.00648407 0.0235551 9.98685E-05 9.98685E-05 9.98685E-05 9.98685E-05 9.98685E-05 9.98685E-05 9.98685E-05 9.98685E-05 0.0571258 0.0815738 9.98685E-05 9.98685E-05 9.98685E-05 0.435781
9.98596E-05 9.98596E-05 0.436565 9.98596E-05 9.98596E-05 9.98596E-05 0.0614284 9.98596E-05 9.98596E-05 9.98596E-05 9.98596E-05 0.112884 9.98596E-05 9.98596E-05 9.98596E-05 9.98596E-05 9.98596E-05 9.98596E-05 0.0493789 0.338147 9.98596E-05
0.0376566 9.98509E-05 0.815208 9.98509E-05 9.98509E-05 9.98509E-05 0.122326 9.98509E-05 9.98509E-05 9.98509E-05 9.98509E-05 9.98509E-05 0.0231118 9.98509E-05 9.98509E-05 9.98509E-05 9.98509E-05 9.98509E-05 9.98509E-05 9.98509E-05 9.98509E-05
9.98684E-05 9.98684E-05 0.0501773 9.98684E-05 9.98684E-05 9.98684E-05 0.105871 9.98684E-05 9.98684E-05 9.98684E-05 9.98684E-05 9.98684E-05 9.98684E-05 9.98684E-05 9.98684E-05 0.0364449 0.61598 9.98684E-05 9.98684E-05 0.0295299 0.160499
9.98508E-05 9.98508E-05 0.371084 9.98508E-05 9.98508E-05 9.98508E-05 9.98508E-05 9.98508E-05 9.98508E-05 9.98508E-05 9.98508E-05 9.98508E-05 9.98508E-05 9.98508E-05 9.98508E-05 9.98508E-05 0.405423 9.98508E-05 9.98508E-05 0.0165129 0.205283
9.98507E-05 9.98507E-05 0.524659 9.98507E-05 9.98507E-05 9.98507E-05 0.191752 9.98507E-05 9.98507E-05 9.98507E-05 9.98507E-05 0.173992 9.98507E-05 9.98507E-05 9.98507E-05 0.1079 9.98507E-05 9.98507E-05 9.98507E-05 9.98507E-05 9.98507E-05
9.98685E-05 9.98685E-05 0.542452 9.98685E-05 9.98685E-05 9.98685E-05 0.0807695 9.98685E-05 0.182119 9.98685E-05 9.98685E-05 9.98685E-05 9.98685E-05 0.0773473 9.98685E-05 9.98685E-05 0.0236153 9.98685E-05 9.98685E-05 0.0921986 9.98685E-05
0.0216624 0.0916922 0.553878 9.98773E-05 9.98773E-05 9.98773E-05 0.110262 9.98773E-05 9.98773E-05 9.98773E-05 9.98773E-05 0.161316 9.98773E-05 0.0463562 9.98773E-05 9.98773E-05 9.98773E-05 9.98773E-05 9.98773E-05 0.0134348 9.98773E-05
0.0262905 9.98684E-05 0.528185 9.98684E-05 9.98684E-05 9.98684E-05 0.249872 9.98684E-05 9.98684E-05 9.98684E-05 9.98684E-05 9.98684E-05 9.98684E-05 9.98684E-05 9.98684E-05 0.00334907 9.98684E-05 9.98684E-05 0.0275398 0.163265 9.98684E-05
9.98421E-05 9.98421E-05 0.398386 9.98421E-05 9.98421E-05 9.98421E-05 9.98421E-05 9.98421E-05 9.98421E-05 9.98421E-05 9.98421E-05 9.98421E-05 9.98421E-05 9.98421E-05 9.98421E-05 9.98421E-05 0.200777 9.98421E-05 9.98421E-05 9.98421E-05 0.39904
9.98303E-05 9.98303E-05 0.711178 0.127756 9.98303E-05 9.98303E-05 9.98303E-05 9.98303E-05 9.98303E-05 9.98303E-05 9.98303E-05 9.98303E-05 9.98303E-05 9.98303E-05 9.98303E-05 9.98303E-05 9.98303E-05 0.0650304 9.98303E-05 0.094339 9.98303E-05
9.9842E-05 9.9842E-05 0.190283 9.9842E-05 9.9842E-05 9.9842E-05 0.0934167 9.9842E-05 9.9842E-05 9.9842E-05 9.9842E-05 9.9842E-05 9.9842E-05 9.9842E-05 9.9842E-05 9.9842E-05 0.714504 9.9842E-05 9.9842E-05 9.9842E-05 9.9842E-05
9.98685E-05 9.98685E-05 0.531777 9.98685E-05 9.98685E-05 9.98685E-05 0.0768868 9.98685E-05 9.98685E-05 9.98685E-05 9.98685E-05 9.98685E-05 9.98685E-05 9.98685E-05 9.98685E-05 9.98685E-05 0.213421 9.98685E-05 0.00205105 0.119552 0.0548135
9.98508E-05 9.98508E-05 0.915518 9.98508E-05 9.98508E-05 9.98508E-05 0.0670107 9.98508E-05 9.98508E-05 9.98508E-05 0.00667321 0.00910013 9.98508E-05 9.98508E-05 9.98508E-05 9.98508E-05 9.98508E-05 9.98508E-05 9.98508E-05 9.98508E-05 9.98508E-05
9.98419E-05 9.98419E-05 0.848642 0.127375 9.98419E-05 0.0221862 9.98419E-05 9.98419E-05 9.98419E-05 9.98419E-05 9.98419E-05 9.98419E-05 9.98419E-05 9.98419E-05 9.98419E-05 9.98419E-05 9.98419E-05 9.98419E-05 9.98419E-05 9.98419E-05 9.98419E-05
9.98507E-05 9.98507E-05 0.483399 9.98507E-05 9.98507E-05 9.98507E-05 0.215687 9.98507E-05 9.98507E-05 9.98507E-05 9.98507E-05 0.140405 9.98507E-05 9.98507E-05 9.98507E-05 9.98507E-05 9.98507E-05 9.98507E-05 9.98507E-05 0.158811 9.98507E-05
9.9842E-05 9.9842E-05 0.785289 9.9842E-05 9.9842E-05 9.9842E-05 0.14618 9.9842E-05 9.9842E-05 9.9842E-05 9.9842E-05 9.9842E-05 9.9842E-05 9.9842E-05 9.9842E-05 9.9842E-05 9.9842E-05 9.9842E-05 9.9842E-05 0.0667334 9.9842E-05
9.9842E-05 9.9842E-05 0.941539 9.9842E-05 9.9842E-05 9.9842E-05 0.0527459 9.9842E-05 9.9842E-05 9.9842E-05 0.00391768 9.9842E-05 9.9842E-05 9.9842E-05 9.9842E-05 9.9842E-05 9.9842E-05 9.9842E-05 9.9842E-05 9.9842E-05 9.9842E-05
9.98421E-05 9.98421E-05 0.779745 9.98421E-05 9.98421E-05 9.98421E-05 9.98421E-05 9.98421E-05 9.98421E-05 9.98421E-05 9.98421E-05 9.98421E-05 9.98421E-05 9.98421E-05 9.98421E-05 0.154807 9.98421E-05 9.98421E-05 9.98421E-05 0.0636509 9.98421E-05
9.98597E-05 9.98597E-05 0.635029 9.98597E-05 9.98597E-05 9.98597E-05 0.146673 9.98597E-05 9.98597E-05 9.98597E-05 9.98597E-05 0.0262744 9.98597E-05 9.98597E-05 9.98597E-05 9.98597E-05 0.0354124 9.98597E-05 9.98597E-05 9.98597E-05 0.155014
9.98242E-05 9.98242E-05 9.98242E-05 9.98242E-05 9.98242E-05 9.98242E-05 9.98242E-05 9.98242E-05 9.98242E-05 9.98242E-05 9.98242E-05 9.98242E-05 9.98242E-05 9.98242E-05 9.98242E-05 9.98242E-05 9.98242E-05 9.98242E-05 9.98242E-05 0.998004 9.98242E-05
9.98242E-05 9.98242E-05 9.98242E-05 9.98242E-05 9.98242E-05 9.98242E-05 0.998004 9.98242E-05 9.98242E-05 9.98242E-05 9.98242E-05 9.98242E-05 9.98242E-05 9.98242E-05 9.98242E-05 9.98242E-05 9.98242E-05 9.98242E-05 9.98242E-05 9.98242E-05 9.98242E-05
9.98241E-05 9.98241E-05 9.98241E-05 9.98241E-05 9.98241E-05 9.98241E-05 9.98241E-05 9.98241E-05 9.98241E-05 9.98241E-05 9.98241E-05 9.98241E-05 9.98241E-05 9.98241E-05 9.98241E-05 9.98241E-05 9.98241E-05 9.98241E-05 9.98241E-05 0.998004 9.98241E-05
9.98241E-05 9.98241E-05 9.98241E-05 9.98241E-05 9.98241E-05 9.98241E-05 0.998004 9.98241E-05 9.98241E-05 9.98241E-05 9.98241E-05 9.98241E-05 9.98241E-05 9.98241E-05 9.98241E-05 9.98241E-05 9.98241E-05 9.98241E-05 9.98241E-05 9.98241E-05 9.98241E-05
9.98241E-05 9.98241E-05 9.98241E-05 9.98241E-05 9.98241E-05 9.98241E-05 0.998004 9.98241E-05 9.98241E-05 9.98241E-05 9.98241E-05 9.98241E-05 9.98241E-05 9.98241E-05 9.98241E-05 9.98241E-05 9.98241E-05 9.98241E-05 9.98241E-05 9.98241E-05 9.98241E-05
9.98242E-05 9.98242E-05 9.98242E-05 9.98242E-05 9.98242E-05 9.98242E-05 0.998004 9.98242E-05 9.98242E-05 9.98242E-05 9.98242E-05 9.98242E-05 9.98242E-05 9.98242E-05 9.98242E-05 9.98242E-05 9.98242E-05 9.98242E-05 9.98242E-05 9.98242E-05 9.98242E-05
9.98243E-05 9.98243E-05 9.98243E-05 9.98243E-05 9.98243E-05 9.98243E-05 9.98243E-05 9.98243E-05 9.98243E-05 9.98243E-05 9.98243E-05 9.98243E-05 9.98243E-05 9.98243E-05 9.98243E-05 9.98243E-05 9.98243E-05 9.98243E-05 9.98243E-05 0.998004 9.98243E-05
9.98241E-05 9.98241E-05 9.98241E-05 9.98241E-05 9.98241E-05 9.98241E-05 0.998004 9.98241E-05 9.98241E-05 9.98241E-05 9.98241E-05 9.98241E-05 9.98241E-05 9.98241E-05 9.98241E-05 9.98241E-05 9.98241E-05 9.98241E-05 9.98241E-05 9.98241E-05 9.98241E-05
9.98242E-05 9.98242E-05 9.98242E-05 9.98242E-05 9.98242E-05 9.98242E-05 0.998004 9.98242E-05 9.98242E-05 9.98242E-05 9.98242E-05 9.98242E-05 9.98242E-05 9.98242E-05 9.98242E-05 9.98242E-05 9.98242E-05 9.98242E-05 9.98242E-05 9.98242E-05 9.98242E-05
9.98243E-05 9.98243E-05 9.98243E-05 9.98243E-05 9.98243E-05 9.98243E-05 9.98243E-05 9.98243E-05 9.98243E-05 9.98243E-05 9.98243E-05 9.98243E-05 9.98243E-05 9.98243E-05 9.98243E-05 9.98243E-05 9.98243E-05 9.98243E-05 9.98243E-05 0.998004 9.98243E-05
9.98242E-05 9.98242E-05 9.98242E-05 9.98242E-05 9.98242E-05 9.98242E-05 9.98242E-05 9.98242E-05 9.98242E-05 9.98242E-05 9.98242E-05 9.98242E-05 9.98242E-05 9.98242E-05 9.98242E-05 9.98242E-05 9.98242E-05 9.98242E-05 9.98242E-05 0.998004 9.98242E-05
9.98242E-05 9.98242E-05 9.98242E-05 9.98242E-05 9.98242E-05 9.98242E-05 9.98242E-05 9.98242E-05 9.98242E-05 9.98242E-05 9.98242E-05 9.98242E-05 9.98242E-05 9.98242E-05 9.98242E-05 9.98242E-05 9.98242E-05 9.98242E-05 9.98242E-05 0.998004 9.98242E-05
9.98243E-05 9.98243E-05 9.98243E-05 9.98243E-05 9.98243E-05 9.98243E-05 0.998004 9.98243E-05 9.98243E-05 9.98243E-05 9.98243E-05 9.98243E-05 9.98243E-05 9.98243E-05 9.98243E-05 9.98243E-05 9.98243E-05 9.98243E-05 9.98243E-05 9.98243E-05 9.98243E-05
9.98243E-05 9.98243E-05 9.98243E-05 9.98243E-05 9.98243E-05 9.98243E-05 0.998004 9.98243E-05 9.98243E-05 9.98243E-05 9.98243E-05 9.98243E-05 9.98243E-05 9.98243E-05 9.98243E-05 9.98243E-05 9.98243E-05 9.98243E-05 9.98243E-05 9.98243E-05 9.98243E-05
9.98242E-05 9.98242E-05 9.98242E-05 9.98242E-05 9.98242E-05 9.98242E-05 9.98242E-05 9.98242E-05 9.98242E-05 9.98242E-05 9.98242E-05 9.98242E-05 9.98242E-05 9.98242E-05 9.98242E-05 9.98242E-05 9.98242E-05 9.98242E-05 9.98242E-05 0.998004 9.98242E-05
9.98241E-05 9.98241E-05 9.98241E-05 9.98241E-05 9.98241E-05 9.98241E-05 9.98241E-05 9.98241E-05 9.98241E-05 9.98241E-05 9.98241E-05 9.98241E-05 9.98241E-05 9.98241E-05 9.98241E-05 9.98241E-05 9.98241E-05 9.98241E-05 9.98241E-05 0.998004 9.98241E-05
9.98682E-05 9.98682E-05 0.52372 9.98682E-05 9.98682E-05 9.98682E-05 0.0919894 0.130444 9.98682E-05 0.025594 9.98682E-05 9.98682E-05 9.98682E-05 9.98682E-05 9.98682E-05 9.98682E-05 9.98682E-05 0.0994073 9.98682E-05 0.127347 9.98682E-05
9.98243E-05 9.98243E-05 9.98243E-05 9.98243E-05 9.98243E-05 9.98243E-05 9.98243E-05 9.98243E-05 9.98243E-05 9.98243E-05 9.98243E-05 9.98243E-05 9.98243E-05 9.98243E-05 9.98243E-05 9.98243E-05 9.98243E-05 9.98243E-05 9.98243E-05 0.998004 9.98243E-05
