0.0997718 9.98245E-05 9.98245E-05 0.00276869 9.98245E-05 9.98245E-05 9.98245E-05 9.98245E-05 9.98245E-05 9.98245E-05 9.98245E-05 9.98245E-05 9.98245E-05 9.98245E-05 9.98245E-05 0.0439459 0.0304237 0.526782 9.98245E-05 0.17019 9.98245E-05 9.98245E-05 9.98245E-05 0.124122 9.98245E-05 9.98245E-05 9.98245E-05
9.97984E-05 9.97984E-05 9.97984E-05 9.97984E-05 0.00389348 9.97984E-05 9.97984E-05 9.97984E-05 9.97984E-05 9.97984E-05 9.97984E-05 9.97984E-05 9.97984E-05 9.97984E-05 9.97984E-05 9.97984E-05 0.05005 0.890426 9.97984E-05 9.97984E-05 9.97984E-05 0.0533348 9.97984E-05 9.97984E-05 9.97984E-05 9.97984E-05 9.97984E-05
9.97807E-05 9.97807E-05 9.97807E-05 9.97807E-05 9.97807E-05 0.556158 9.97807E-05 9.97807E-05 9.97807E-05 9.97807E-05 9.97807E-05 9.97807E-05 9.97807E-05 9.97807E-05 9.97807E-05 9.97807E-05 9.97807E-05 9.97807E-05 9.97807E-05 9.97807E-05 9.97807E-05 9.97807E-05 9.97807E-05 9.97807E-05 9.97807E-05 9.97807E-05 0.441348
9.98596E-05 9.98596E-05 9.98596E-05 0.0437513 9.98596E-05 0.281949 9.98596E-05 9.98596E-05 0.00397888 0.0851772 9.98596E-05 9.98596E-05 9.98596E-05 9.98596E-05 9.98596E-05 0.0216222 9.98596E-05 9.98596E-05 0.278669 9.98596E-05 0.0334634 0.0622654 9.98596E-05 0.127405 9.98596E-05 0.0179096 0.0422109
9.98071E-05 0.0733172 9.98071E-05 9.98071E-05 9.98071E-05 9.98071E-05 9.98071E-05 9.98071E-05 9.98071E-05 0.00666554 9.98071E-05 9.98071E-05 9.98071E-05 9.98071E-05 9.98071E-05 9.98071E-05 9.98071E-05 0.843123 9.98071E-05 9.98071E-05 0.0292855 9.98071E-05 9.98071E-05 9.98071E-05 9.98071E-05 9.98071E-05 0.0454133
9.98333E-05 0.0654008 9.98333E-05 9.98333E-05 0.00193097 0.381468 9.98333E-05 9.98333E-05 0.0860087 0.199246 9.98333E-05 9.98333E-05 9.98333E-05 9.98333E-05 9.98333E-05 9.98333E-05 0.0219384 9.98333E-05 9.98333E-05 0.12951 0.1126 9.98333E-05 9.98333E-05 9.98333E-05 9.98333E-05 9.98333E-05 9.98333E-05
9.9851E-05 9.9851E-05 9.9851E-05 0.150115 9.9851E-05 9.9851E-05 9.9851E-05 9.9851E-05 9.9851E-05 9.9851E-05 0.0707861 9.9851E-05 0.112808 9.9851E-05 0.00380753 9.9851E-05 0.0533999 0.396087 0.0136368 0.0496495 0.0782937 9.9851E-05 9.9851E-05 0.0697192 9.9851E-05 9.9851E-05 9.9851E-05
0.123279 9.98685E-05 9.98685E-05 9.98685E-05 9.98685E-05 0.0392476 9.98685E-05 9.98685E-05 0.154721 0.0360956 9.98685E-05 9.98685E-05 0.0576689 9.98685E-05 0.00283435 9.98685E-05 9.98685E-05 9.98685E-05 0.0541006 0.0633047 0.048573 0.0704071 9.98685E-05 0.16044 9.98685E-05 9.98685E-05 0.187831
9.98246E-05 9.98246E-05 9.98246E-05 9.98246E-05 9.98246E-05 0.366718 9.98246E-05 9.98246E-05 0.197036 0.0303346 0.179134 9.98246E-05 9.98246E-05 0.0315726 9.98246E-05 0.184297 9.98246E-05 9.98246E-05 9.98246E-05 0.00891034 9.98246E-05 9.98246E-05 9.98246E-05 9.98246E-05 9.98246E-05 9.98246E-05 9.98246E-05
9.97895E-05 9.97895E-05 9.97895E-05 9.97895E-05 9.97895E-05 0.112677 9.97895E-05 9.97895E-05 9.97895E-05 9.97895E-05 9.97895E-05 9.97895E-05 9.97895E-05 9.97895E-05 9.97895E-05 0.024593 9.97895E-05 0.860335 9.97895E-05 9.97895E-05 9.97895E-05 9.97895E-05 9.97895E-05 9.97895E-05 9.97895E-05 9.97895E-05 9.97895E-05
9.98246E-05 9.98246E-05 9.98246E-05 0.0719495 9.98246E-05 0.545618 9.98246E-05 0.0321388 9.98246E-05 9.98246E-05 9.98246E-05 9.98246E-05 9.98246E-05 9.98246E-05 9.98246E-05 0.212482 9.98246E-05 0.0430897 9.98246E-05 9.98246E-05 9.98246E-05 9.98246E-05 9.98246E-05 0.0914258 9.98246E-05 0.00129941 9.98246E-05
9.97807E-05 9.97807E-05 9.97807E-05 9.97807E-05 9.97807E-05 9.97807E-05 9.97807E-05 9.97807E-05 9.97807E-05 9.97807E-05 9.97807E-05 9.97807E-05 9.97807E-05 9.97807E-05 9.97807E-05 9.97807E-05 9.97807E-05 9.97807E-05 0.0606496 9.97807E-05 9.97807E-05 9.97807E-05 9.97807E-05 9.97807E-05 9.97807E-05 9.97807E-05 0.936856
9.97982E-05 9.97982E-05 9.97982E-05 9.97982E-05 9.97982E-05 0.00587498 9.97982E-05 9.97982E-05 9.97982E-05 9.97982E-05 9.97982E-05 9.97982E-05 9.97982E-05 9.97982E-05 9.97982E-05 0.0111209 9.97982E-05 0.923939 9.97982E-05 9.97982E-05 9.97982E-05 9.97982E-05 9.97982E-05 0.05677 9.97982E-05 9.97982E-05 9.97982E-05
9.98159E-05 0.0636477 9.98159E-05 0.062673 9.98159E-05 9.98159E-05 9.98159E-05 9.98159E-05 9.98159E-05 9.98159E-05 9.98159E-05 0.177084 9.98159E-05 9.98159E-05 9.98159E-05 0.0115689 9.98159E-05 0.303654 9.98159E-05 9.98159E-05 9.98159E-05 9.98159E-05 9.98159E-05 9.98159E-05 9.98159E-05 9.98159E-05 0.379276
9.98246E-05 9.98246E-05 9.98246E-05 9.98246E-05 9.98246E-05 0.295665 9.98246E-05 9.98246E-05 0.113736 0.123252 9.98246E-05 9.98246E-05 9.98246E-05 0.0590523 9.98246E-05 0.109163 9.98246E-05 9.98246E-05 9.98246E-05 0.273888 9.98246E-05 9.98246E-05 9.98246E-05 9.98246E-05 0.0232472 9.98246E-05 9.98246E-05
0.0112002 9.98508E-05 9.98508E-05 9.98508E-05 9.98508E-05 9.98508E-05 0.0350933 9.98508E-05 0.231132 9.98508E-05 9.98508E-05 9.98508E-05 9.98508E-05 9.98508E-05 0.00910036 0.148305 9.98508E-05 0.0815571 0.158175 0.205152 9.98508E-05 9.98508E-05 9.98508E-05 0.0360811 9.98508E-05 9.98508E-05 0.0825068
0.000949121 9.9851E-05 9.9851E-05 9.9851E-05 9.9851E-05 0.432188 9.9851E-05 9.9851E-05 9.9851E-05 9.9851E-05 9.9851E-05 0.111132 0.0691874 9.9851E-05 9.9851E-05 0.00251341 0.0699273 9.9851E-05 9.9851E-05 9.9851E-05 9.9851E-05 9.9851E-05 0.0599029 0.0192216 0.00932587 9.9851E-05 0.223955
9.98334E-05 9.98334E-05 9.98334E-05 9.98334E-05 0.160112 9.98334E-05 9.98334E-05 9.98334E-05 0.0286257 9.98334E-05 9.98334E-05 9.98334E-05 9.98334E-05 9.98334E-05 9.98334E-05 0.133778 9.98334E-05 0.220576 9.98334E-05 0.147248 9.98334E-05 0.00298882 9.98334E-05 0.210253 9.98334E-05 0.0945225 9.98334E-05
9.98333E-05 9.98333E-05 9.98333E-05 9.98333E-05 9.98333E-05 0.390025 0.0973486 9.98333E-05 0.108485 9.98333E-05 9.98333E-05 9.98333E-05 9.98333E-05 9.98333E-05 9.98333E-05 0.16261 9.98333E-05 9.98333E-05 9.98333E-05 9.98333E-05 0.0937807 9.98333E-05 9.98333E-05 0.0665107 0.0424381 9.98333E-05 0.0369055
9.97721E-05 9.97721E-05 9.97721E-05 9.97721E-05 9.97721E-05 0.997406 9.97721E-05 9.97721E-05 9.97721E-05 9.97721E-05 9.97721E-05 9.97721E-05 9.97721E-05 9.97721E-05 9.97721E-05 9.97721E-05 9.97721E-05 9.97721E-05 9.97721E-05 9.97721E-05 9.97721E-05 9.97721E-05 9.97721E-05 9.97721E-05 9.97721E-05 9.97721E-05 9.97721E-05
9.98334E-05 9.98334E-05 9.98334E-05 0.0191226 9.98334E-05 0.342186 0.0127758 0.00670445 0.0589876 9.98334E-05 9.98334E-05 9.98334E-05 9.98334E-05 9.98334E-05 9.98334E-05 9.98334E-05 9.98334E-05 9.98334E-05 0.0658089 9.98334E-05 9.98334E-05 0.27201 9.98334E-05 9.98334E-05 9.98334E-05 9.98334E-05 0.220507
9.98246E-05 0.0810589 0.0020576 9.98246E-05 9.98246E-05 0.427211 9.98246E-05 9.98246E-05 0.0780613 0.145829 9.98246E-05 9.98246E-05 9.98246E-05 9.98246E-05 9.98246E-05 9.98246E-05 9.98246E-05 9.98246E-05 9.98246E-05 9.98246E-05 9.98246E-05 9.98246E-05 9.98246E-05 0.233408 0.0303779 9.98246E-05 9.98246E-05
9.98247E-05 9.98247E-05 0.080713 0.00177867 9.98247E-05 0.292924 9.98247E-05 9.98247E-05 9.98247E-05 0.022177 9.98247E-05 9.98247E-05 9.98247E-05 9.98247E-05 9.98247E-05 0.0342582 9.98247E-05 0.383689 9.98247E-05 0.182463 9.98247E-05 9.98247E-05 9.98247E-05 9.98247E-05 9.98247E-05 9.98247E-05 9.98247E-05
9.98071E-05 9.98071E-05 9.98071E-05 9.98071E-05 9.98071E-05 9.98071E-05 9.98071E-05 9.98071E-05 9.98071E-05 9.98071E-05 0.0697774 9.98071E-05 9.98071E-05 9.98071E-05 0.0233343 0.16873 9.98071E-05 0.493447 9.98071E-05 9.98071E-05 9.98071E-05 9.98071E-05 9.98071E-05 0.242516 9.98071E-05 9.98071E-05 9.98071E-05
9.98596E-05 9.98596E-05 9.98596E-05 0.077091 9.98596E-05 0.0213535 0.0139257 0.149923 0.00260107 9.98596E-05 9.98596E-05 9.98596E-05 9.98596E-05 9.98596E-05 9.98596E-05 0.194965 9.98596E-05 0.0566434 0.106922 9.98596E-05 9.98596E-05 9.98596E-05 9.98596E-05 9.98596E-05 0.0577936 0.114667 0.202516
9.98246E-05 0.023686 9.98246E-05 9.98246E-05 9.98246E-05 0.807043 9.98246E-05 9.98246E-05 9.98246E-05 0.0259828 9.98246E-05 9.98246E-05 9.98246E-05 9.98246E-05 9.98246E-05 0.0642973 9.98246E-05 9.98246E-05 0.0210521 9.98246E-05 9.98246E-05 9.98246E-05 0.0150953 0.0408472 9.98246E-05 9.98246E-05 9.98246E-05
9.98332E-05 9.98332E-05 0.285677 9.98332E-05 0.135858 0.110486 9.98332E-05 0.289134 9.98332E-05 9.98332E-05 9.98332E-05 9.98332E-05 9.98332E-05 9.98332E-05 0.0281145 0.0391283 9.98332E-05 9.98332E-05 9.98332E-05 9.98332E-05 9.98332E-05 9.98332E-05 9.98332E-05 0.0769102 9.98332E-05 0.0327955 9.98332E-05
9.98246E-05 9.98246E-05 9.98246E-05 9.98246E-05 9.98246E-05 0.028081 9.98246E-05 0.0211541 9.98246E-05 9.98246E-05 9.98246E-05 9.98246E-05 9.98246E-05 9.98246E-05 9.98246E-05 0.0360834 9.98246E-05 0.785661 0.100195 9.98246E-05 0.00607832 9.98246E-05 9.98246E-05 0.020751 9.98246E-05 9.98246E-05 9.98246E-05
9.98071E-05 9.98071E-05 9.98071E-05 0.0129546 9.98071E-05 9.98071E-05 9.98071E-05 0.0823874 9.98071E-05 9.98071E-05 9.98071E-05 9.98071E-05 9.98071E-05 9.98071E-05 9.98071E-05 0.132891 9.98071E-05 0.762598 9.98071E-05 9.98071E-05 9.98071E-05 9.98071E-05 9.98071E-05 9.98071E-05 9.98071E-05 0.00697311 9.98071E-05
9.98073E-05 9.98073E-05 9.98073E-05 9.98073E-05 9.98073E-05 9.98073E-05 9.98073E-05 9.98073E-05 9.98073E-05 9.98073E-05 9.98073E-05 9.98073E-05 9.98073E-05 9.98073E-05 9.98073E-05 0.0141475 0.0877115 0.52047 9.98073E-05 9.98073E-05 9.98073E-05 9.98073E-05 0.0143533 9.98073E-05 9.98073E-05 9.98073E-05 0.361122
9.98158E-05 9.98158E-05 9.98158E-05 0.0850042 9.98158E-05 0.363558 9.98158E-05 9.98158E-05 0.0188044 9.98158E-05 9.98158E-05 9.98158E-05 9.98158E-05 9.98158E-05 9.98158E-05 9.98158E-05 9.98158E-05 0.36284 9.98158E-05 0.149117 9.98158E-05 9.98158E-05 9.98158E-05 9.98158E-05 0.0185803 9.98158E-05 9.98158E-05
9.98509E-05 9.98509E-05 0.0118934 0.0445442 9.98509E-05 0.684488 9.98509E-05 0.0381805 0.00389626 0.156492 9.98509E-05 9.98509E-05 9.98509E-05 9.98509E-05 9.98509E-05 0.0327832 9.98509E-05 9.98509E-05 0.0087574 9.98509E-05 9.98509E-05 9.98509E-05 0.0135029 9.98509E-05 0.00376464 9.98509E-05 9.98509E-05
9.98332E-05 9.98332E-05 9.98332E-05 0.0655031 9.98332E-05 0.0289779 9.98332E-05 0.031176 9.98332E-05 9.98332E-05 9.98332E-05 9.98332E-05 9.98332E-05 9.98332E-05 9.98332E-05 0.127303 9.98332E-05 0.00292956 9.98332E-05 0.0417447 9.98332E-05 9.98332E-05 9.98332E-05 0.130613 9.98332E-05 9.98332E-05 0.569856
9.98244E-05 9.98244E-05 0.0183914 9.98244E-05 0.0167919 9.98244E-05 9.98244E-05 0.115732 9.98244E-05 9.98244E-05 9.98244E-05 9.98244E-05 9.98244E-05 9.98244E-05 9.98244E-05 0.0898842 9.98244E-05 9.98244E-05 0.0255878 9.98244E-05 9.98244E-05 9.98244E-05 9.98244E-05 0.0547609 9.98244E-05 9.98244E-05 0.676855
9.98072E-05 9.98072E-05 9.98072E-05 0.0258239 9.98072E-05 9.98072E-05 9.98072E-05 9.98072E-05 9.98072E-05 9.98072E-05 9.98072E-05 9.98072E-05 9.98072E-05 9.98072E-05 9.98072E-05 9.98072E-05 0.0160335 0.82261 9.98072E-05 9.98072E-05 9.98072E-05 9.98072E-05 9.98072E-05 9.98072E-05 9.98072E-05 0.0296973 0.103639
0.00710987 9.97984E-05 0.0590612 9.97984E-05 9.97984E-05 0.81812 9.97984E-05 9.97984E-05 9.97984E-05 9.97984E-05 9.97984E-05 9.97984E-05 9.97984E-05 9.97984E-05 9.97984E-05 9.97984E-05 9.97984E-05 9.97984E-05 0.113413 9.97984E-05 9.97984E-05 9.97984E-05 9.97984E-05 9.97984E-05 9.97984E-05 9.97984E-05 9.97984E-05
9.97809E-05 9.97809E-05 9.97809E-05 9.97809E-05 9.97809E-05 0.942432 9.97809E-05 9.97809E-05 9.97809E-05 9.97809E-05 9.97809E-05 9.97809E-05 9.97809E-05 9.97809E-05 9.97809E-05 9.97809E-05 9.97809E-05 9.97809E-05 9.97809E-05 9.97809E-05 0.0550732 9.97809E-05 9.97809E-05 9.97809E-05 9.97809E-05 9.97809E-05 9.97809E-05
9.98423E-05 9.98423E-05 9.98423E-05 9.98423E-05 9.98423E-05 0.175124 9.98423E-05 9.98423E-05 0.110198 9.98423E-05 9.98423E-05 9.98423E-05 9.98423E-05 9.98423E-05 9.98423E-05 0.065652 0.0541708 0.332603 0.0252247 9.98423E-05 9.98423E-05 9.98423E-05 0.0137879 9.98423E-05 9.98423E-05 0.0917526 0.129689
9.98422E-05 0.042319 9.98422E-05 0.00893352 9.98422E-05 0.197447 9.98422E-05 9.98422E-05 0.0114753 9.98422E-05 9.98422E-05 9.98422E-05 9.98422E-05 9.98422E-05 9.98422E-05 0.133643 0.0753557 9.98422E-05 9.98422E-05 9.98422E-05 9.98422E-05 9.98422E-05 0.0775836 0.0514451 9.98422E-05 9.98422E-05 0.4
9.98333E-05 9.98333E-05 9.98333E-05 9.98333E-05 9.98333E-05 9.98333E-05 9.98333E-05 0.0333113 9.98333E-05 0.00136541 9.98333E-05 0.00872822 9.98333E-05 9.98333E-05 0.0344308 0.132917 9.98333E-05 9.98333E-05 9.98333E-05 9.98333E-05 0.0261072 9.98333E-05 9.98333E-05 0.0128011 9.98333E-05 9.98333E-05 0.748443
9.97895E-05 9.97895E-05 9.97895E-05 0.0451191 9.97895E-05 0.918794 9.97895E-05 9.97895E-05 9.97895E-05 9.97895E-05 9.97895E-05 9.97895E-05 9.97895E-05 9.97895E-05 9.97895E-05 0.0336916 9.97895E-05 9.97895E-05 9.97895E-05 9.97895E-05 9.97895E-05 9.97895E-05 9.97895E-05 9.97895E-05 9.97895E-05 9.97895E-05 9.97895E-05
9.98072E-05 9.98072E-05 0.0583733 9.98072E-05 9.98072E-05 9.98072E-05 9.98072E-05 9.98072E-05 0.00746273 9.98072E-05 9.98072E-05 9.98072E-05 9.98072E-05 9.98072E-05 9.98072E-05 0.0255061 9.98072E-05 0.819834 9.98072E-05 9.98072E-05 9.98072E-05 9.98072E-05 9.98072E-05 0.0866284 9.98072E-05 9.98072E-05 9.98072E-05
9.97808E-05 9.97808E-05 9.97808E-05 9.97808E-05 9.97808E-05 9.97808E-05 9.97808E-05 9.97808E-05 9.97808E-05 9.97808E-05 9.97808E-05 0.0546649 9.97808E-05 9.97808E-05 9.97808E-05 9.97808E-05 9.97808E-05 0.942841 9.97808E-05 9.97808E-05 9.97808E-05 9.97808E-05 9.97808E-05 9.97808E-05 9.97808E-05 9.97808E-05 9.97808E-05
9.98422E-05 9.98422E-05 9.98422E-05 0.00755249 9.98422E-05 9.98422E-05 9.98422E-05 9.98422E-05 0.0721402 9.98422E-05 0.021177 9.98422E-05 9.98422E-05 9.98422E-05 9.98422E-05 0.156983 0.0152255 0.391107 9.98422E-05 0.117912 9.98422E-05 9.98422E-05 9.98422E-05 0.127139 9.98422E-05 9.98422E-05 0.0889663
9.98246E-05 0.0146552 9.98246E-05 9.98246E-05 9.98246E-05 0.161008 9.98246E-05 9.98246E-05 9.98246E-05 9.98246E-05 9.98246E-05 9.98246E-05 0.15108 9.98246E-05 9.98246E-05 0.162154 9.98246E-05 0.0890995 9.98246E-05 9.98246E-05 9.98246E-05 9.98246E-05 9.98246E-05 0.41135 9.98246E-05 9.98246E-05 0.00865667
9.97981E-05 9.97981E-05 9.97981E-05 9.97981E-05 9.97981E-05 0.626244 9.97981E-05 9.97981E-05 9.97981E-05 9.97981E-05 9.97981E-05 9.97981E-05 9.97981E-05 9.97981E-05 9.97981E-05 0.0212332 9.97981E-05 9.97981E-05 9.97981E-05 9.97981E-05 9.97981E-05 9.97981E-05 9.97981E-05 9.97981E-05 9.97981E-05 0.0166275 0.3336
9.98248E-05 9.98248E-05 9.98248E-05 0.0488639 9.98248E-05 0.102172 9.98248E-05 9.98248E-05 0.058099 9.98248E-05 9.98248E-05 9.98248E-05 9.98248E-05 9.98248E-05 9.98248E-05 0.0285315 9.98248E-05 0.704179 0.0398725 9.98248E-05 0.0162855 9.98248E-05 9.98248E-05 9.98248E-05 9.98248E-05 9.98248E-05 9.98248E-05
9.97719E-05 9.97719E-05 9.97719E-05 9.97719E-05 9.97719E-05 9.97719E-05 9.97719E-05 9.97719E-05 9.97719E-05 9.97719E-05 9.97719E-05 9.97719E-05 9.97719E-05 9.97719E-05 9.97719E-05 9.97719E-05 9.97719E-05 9.97719E-05 9.97719E-05 9.97719E-05 9.97719E-05 9.97719E-05 9.97719E-05 9.97719E-05 9.97719E-05 9.97719E-05 0.997406
9.98419E-05 9.98419E-05 9.98419E-05 0.00903181 9.98419E-05 0.0805214 9.98419E-05 9.98419E-05 9.98419E-05 9.98419E-05 9.98419E-05 9.98419E-05 9.98419E-05 9.98419E-05 9.98419E-05 0.117636 9.98419E-05 0.501906 0.0219314 0.00772752 0.00425718 9.98419E-05 9.98419E-05 0.116558 9.98419E-05 9.98419E-05 0.138633
9.9825E-05 9.9825E-05 9.9825E-05 0.0202338 0.00652875 9.9825E-05 9.9825E-05 9.9825E-05 0.00698441 9.9825E-05 9.9825E-05 9.9825E-05 9.9825E-05 9.9825E-05 9.9825E-05 9.9825E-05 9.9825E-05 0.0207068 9.9825E-05 9.9825E-05 0.100881 9.9825E-05 9.9825E-05 9.9825E-05 9.9825E-05 0.029642 0.813027
9.98683E-05 9.98683E-05 0.0680935 0.1026 9.98683E-05 9.98683E-05 9.98683E-05 0.0927947 0.000988099 0.013689 0.0180129 9.98683E-05 9.98683E-05 9.98683E-05 9.98683E-05 0.19505 9.98683E-05 0.360006 0.0110404 9.98683E-05 9.98683E-05 0.0920906 9.98683E-05 9.98683E-05 9.98683E-05 0.0323421 0.0117956
9.98247E-05 0.0483894 9.98247E-05 9.98247E-05 9.98247E-05 9.98247E-05 9.98247E-05 9.98247E-05 9.98247E-05 9.98247E-05 9.98247E-05 9.98247E-05 0.00261403 9.98247E-05 0.00520645 9.98247E-05 9.98247E-05 0.586465 0.148806 9.98247E-05 9.98247E-05 9.98247E-05 9.98247E-05 0.148884 9.98247E-05 9.98247E-05 0.0576387
9.9816E-05 9.9816E-05 9.9816E-05 9.9816E-05 0.0445756 9.9816E-05 9.9816E-05 9.9816E-05 0.0113907 9.9816E-05 9.9816E-05 9.9816E-05 9.9816E-05 9.9816E-05 9.9816E-05 0.0173298 0.00222812 0.920311 9.9816E-05 9.9816E-05 9.9816E-05 9.9816E-05 9.9816E-05 9.9816E-05 0.00206829 9.9816E-05 9.9816E-05
9.97894E-05 9.97894E-05 9.97894E-05 9.97894E-05 9.97894E-05 9.97894E-05 9.97894E-05 9.97894E-05 9.97894E-05 9.97894E-05 9.97894E-05 9.97894E-05 9.97894E-05 0.019132 0.074709 9.97894E-05 9.97894E-05 9.97894E-05 9.97894E-05 9.97894E-05 9.97894E-05 9.97894E-05 9.97894E-05 9.97894E-05 9.97894E-05 9.97894E-05 0.903764
9.98159E-05 9.98159E-05 9.98159E-05 9.98159E-05 9.98159E-05 0.281733 9.98159E-05 9.98159E-05 9.98159E-05 9.98159E-05 0.097178 9.98159E-05 9.98159E-05 0.0373553 9.98159E-05 0.0583708 9.98159E-05 9.98159E-05 9.98159E-05 9.98159E-05 9.98159E-05 9.98159E-05 9.98159E-05 9.98159E-05 0.00511462 9.98159E-05 0.518152
9.98071E-05 9.98071E-05 9.98071E-05 9.98071E-05 9.98071E-05 0.0598264 9.98071E-05 9.98071E-05 9.98071E-05 0.0862618 9.98071E-05 9.98071E-05 9.98071E-05 9.98071E-05 9.98071E-05 9.98071E-05 9.98071E-05 9.98071E-05 9.98071E-05 9.98071E-05 0.0427031 9.98071E-05 9.98071E-05 9.98071E-05 9.98071E-05 0.0278263 0.781187
9.97894E-05 9.97894E-05 9.97894E-05 9.97894E-05 0.0481303 0.943662 9.97894E-05 9.97894E-05 9.97894E-05 9.97894E-05 9.97894E-05 9.97894E-05 9.97894E-05 9.97894E-05 9.97894E-05 9.97894E-05 9.97894E-05 9.97894E-05 9.97894E-05 9.97894E-05 0.00581255 9.97894E-05 9.97894E-05 9.97894E-05 9.97894E-05 9.97894E-05 9.97894E-05
9.97896E-05 9.97896E-05 9.97896E-05 9.97896E-05 9.97896E-05 0.975396 9.97896E-05 9.97896E-05 9.97896E-05 9.97896E-05 9.97896E-05 9.97896E-05 0.00903588 9.97896E-05 9.97896E-05 9.97896E-05 9.97896E-05 9.97896E-05 0.0131728 9.97896E-05 9.97896E-05 9.97896E-05 9.97896E-05 9.97896E-05 9.97896E-05 9.97896E-05 9.97896E-05
9.98071E-05 9.98071E-05 0.00624891 0.00309868 9.98071E-05 9.98071E-05 9.98071E-05 9.98071E-05 0.00314845 0.0295191 9.98071E-05 9.98071E-05 9.98071E-05 9.98071E-05 9.98071E-05 9.98071E-05 9.98071E-05 0.955789 9.98071E-05 9.98071E-05 9.98071E-05 9.98071E-05 9.98071E-05 9.98071E-05 9.98071E-05 9.98071E-05 9.98071E-05
0.0391293 9.98508E-05 9.98508E-05 0.0531312 0.0296217 9.98508E-05 9.98508E-05 0.0527955 0.0195301 9.98508E-05 9.98508E-05 9.98508E-05 9.98508E-05 0.0160671 9.98508E-05 0.0628817 9.98508E-05 9.98508E-05 0.0278347 0.65546 9.98508E-05 9.98508E-05 9.98508E-05 9.98508E-05 9.98508E-05 0.0418512 9.98508E-05
9.97723E-05 9.97723E-05 9.97723E-05 9.97723E-05 9.97723E-05 9.97723E-05 9.97723E-05 9.97723E-05 9.97723E-05 9.97723E-05 9.97723E-05 9.97723E-05 9.97723E-05 9.97723E-05 9.97723E-05 9.97723E-05 9.97723E-05 9.97723E-05 9.97723E-05 0.997406 9.97723E-05 9.97723E-05 9.97723E-05 9.97723E-05 9.97723E-05 9.97723E-05 9.97723E-05
9.97808E-05 9.97808E-05 9.97808E-05 9.97808E-05 0.0804134 9.97808E-05 9.97808E-05 9.97808E-05 9.97808E-05 9.97808E-05 9.97808E-05 9.97808E-05 9.97808E-05 9.97808E-05 9.97808E-05 9.97808E-05 9.97808E-05 9.97808E-05 9.97808E-05 0.917092 9.97808E-05 9.97808E-05 9.97808E-05 9.97808E-05 9.97808E-05 9.97808E-05 9.97808E-05
9.98159E-05 9.98159E-05 9.98159E-05 9.98159E-05 0.034161 9.98159E-05 9.98159E-05 0.301598 0.0983375 9.98159E-05 9.98159E-05 9.98159E-05 9.98159E-05 9.98159E-05 9.98159E-05 9.98159E-05 0.315299 9.98159E-05 9.98159E-05 0.222584 9.98159E-05 9.98159E-05 9.98159E-05 9.98159E-05 0.0259246 9.98159E-05 9.98159E-05
9.98242E-05 0.0461194 9.98242E-05 9.98242E-05 0.0253401 9.98242E-05 9.98242E-05 9.98242E-05 0.0482306 9.98242E-05 9.98242E-05 9.98242E-05 9.98242E-05 9.98242E-05 9.98242E-05 0.0145214 9.98242E-05 9.98242E-05 9.98242E-05 0.739037 9.98242E-05 9.98242E-05 9.98242E-05 0.0829216 9.98242E-05 0.0418336 9.98242E-05
9.98067E-05 9.98067E-05 9.98067E-05 9.98067E-05 9.98067E-05 9.98067E-05 9.98067E-05 0.0598499 9.98067E-05 9.98067E-05 0.0588485 9.98067E-05 9.98067E-05 9.98067E-05 9.98067E-05 0.131024 9.98067E-05 9.98067E-05 9.98067E-05 0.682383 9.98067E-05 9.98067E-05 9.98067E-05 0.0656996 9.98067E-05 9.98067E-05 9.98067E-05
9.97982E-05 9.97982E-05 9.97982E-05 0.12806 9.97982E-05 9.97982E-05 9.97982E-05 9.97982E-05 9.97982E-05 9.97982E-05 9.97982E-05 9.97982E-05 9.97982E-05 9.97982E-05 9.97982E-05 0.122919 0.313609 9.97982E-05 9.97982E-05 0.433116 9.97982E-05 9.97982E-05 9.97982E-05 9.97982E-05 9.97982E-05 9.97982E-05 9.97982E-05
9.98155E-05 9.98155E-05 9.98155E-05 9.98155E-05 0.130634 9.98155E-05 9.98155E-05 0.0524024 0.0497315 9.98155E-05 9.98155E-05 9.98155E-05 9.98155E-05 9.98155E-05 9.98155E-05 0.0547039 0.116148 9.98155E-05 9.98155E-05 0.594284 9.98155E-05 9.98155E-05 9.98155E-05 9.98155E-05 9.98155E-05 9.98155E-05 9.98155E-05
9.97895E-05 9.97895E-05 0.0221859 9.97895E-05 9.97895E-05 9.97895E-05 9.97895E-05 9.97895E-05 9.97895E-05 9.97895E-05 9.97895E-05 9.97895E-05 9.97895E-05 9.97895E-05 9.97895E-05 9.97895E-05 0.0275241 9.97895E-05 9.97895E-05 0.947895 9.97895E-05 9.97895E-05 9.97895E-05 9.97895E-05 9.97895E-05 9.97895E-05 9.97895E-05
9.97983E-05 9.97983E-05 9.97983E-05 0.0216133 9.97983E-05 9.97983E-05 0.0219254 9.97983E-05 9.97983E-05 9.97983E-05 9.97983E-05 9.97983E-05 9.97983E-05 9.97983E-05 9.97983E-05 9.97983E-05 9.97983E-05 9.97983E-05 0.0289691 0.925197 9.97983E-05 9.97983E-05 9.97983E-05 9.97983E-05 9.97983E-05 9.97983E-05 9.97983E-05
9.98066E-05 9.98066E-05 9.98066E-05 0.158776 9.98066E-05 9.98066E-05 9.98066E-05 9.98066E-05 0.0168656 9.98066E-05 9.98066E-05 9.98066E-05 9.98066E-05 9.98066E-05 9.98066E-05 0.225226 9.98066E-05 9.98066E-05 9.98066E-05 0.591358 0.00557916 9.98066E-05 9.98066E-05 9.98066E-05 9.98066E-05 9.98066E-05 9.98066E-05
0.0560424 9.98332E-05 9.98332E-05 0.0786963 9.98332E-05 9.98332E-05 9.98332E-05 9.98332E-05 9.98332E-05 9.98332E-05 9.98332E-05 9.98332E-05 9.98332E-05 0.140989 9.98332E-05 9.98332E-05 0.0112915 9.98332E-05 0.0416954 0.500766 9.98332E-05 9.98332E-05 9.98332E-05 0.161193 0.0074303 9.98332E-05 9.98332E-05
0.0747039 9.98157E-05 9.98157E-05 0.015563 9.98157E-05 9.98157E-05 9.98157E-05 9.98157E-05 0.172067 0.0611555 9.98157E-05 9.98157E-05 9.98157E-05 9.98157E-05 9.98157E-05 9.98157E-05 9.98157E-05 9.98157E-05 9.98157E-05 0.513748 9.98157E-05 0.160667 9.98157E-05 9.98157E-05 9.98157E-05 9.98157E-05 9.98157E-05
9.98295E-05 0.00032677 9.98295E-05 9.98295E-05 9.98295E-05 9.98295E-05 9.98295E-05 9.98295E-05 9.98295E-05 9.98295E-05 9.98295E-05 9.98295E-05 9.98295E-05 9.98295E-05 9.98295E-05 0.0990834 0.076512 9.98295E-05 9.98295E-05 0.581789 0.0343276 0.0216927 9.98295E-05 0.184272 9.98295E-05 9.98295E-05 9.98295E-05
9.98075E-05 9.98075E-05 0.0748969 0.0229625 9.98075E-05 9.98075E-05 9.98075E-05 0.0172796 9.98075E-05 9.98075E-05 9.98075E-05 9.98075E-05 9.98075E-05 9.98075E-05 0.0337098 9.98075E-05 9.98075E-05 9.98075E-05 9.98075E-05 0.848955 9.98075E-05 9.98075E-05 9.98075E-05 9.98075E-05 9.98075E-05 9.98075E-05 9.98075E-05
0.00834199 9.97986E-05 9.97986E-05 0.0405939 9.97986E-05 9.97986E-05 9.97986E-05 9.97986E-05 9.97986E-05 9.97986E-05 9.97986E-05 9.97986E-05 9.97986E-05 9.97986E-05 9.97986E-05 9.97986E-05 9.97986E-05 9.97986E-05 0.0403609 0.908408 9.97986E-05 9.97986E-05 9.97986E-05 9.97986E-05 9.97986E-05 9.97986E-05 9.97986E-05
9.97979E-05 9.97979E-05 9.97979E-05 9.97979E-05 0.0488759 9.97979E-05 9.97979E-05 0.0356775 9.97979E-05 9.97979E-05 9.97979E-05 9.97979E-05 9.97979E-05 9.97979E-05 9.97979E-05 9.97979E-05 9.97979E-05 9.97979E-05 9.97979E-05 0.804687 0.108464 9.97979E-05 9.97979E-05 9.97979E-05 9.97979E-05 9.97979E-05 9.97979E-05
0.0170615 9.98245E-05 9.98245E-05 0.0986101 9.98245E-05 9.98245E-05 9.98245E-05 9.98245E-05 0.0292012 9.98245E-05 9.98245E-05 9.98245E-05 9.98245E-05 9.98245E-05 9.98245E-05 9.98245E-05 9.98245E-05 9.98245E-05 0.0380874 0.666744 0.0318478 9.98245E-05 9.98245E-05 0.116451 9.98245E-05 9.98245E-05 9.98245E-05
9.98158E-05 9.98158E-05 9.98158E-05 0.0425623 0.0962839 9.98158E-05 9.98158E-05 9.98158E-05 0.0362057 9.98158E-05 9.98158E-05 9.98158E-05 9.98158E-05 9.98158E-05 9.98158E-05 9.98158E-05 9.98158E-05 9.98158E-05 0.036157 0.766746 9.98158E-05 9.98158E-05 9.98158E-05 9.98158E-05 0.0199488 9.98158E-05 9.98158E-05
0.015051 9.98155E-05 0.135519 9.98155E-05 9.98155E-05 9.98155E-05 9.98155E-05 9.98155E-05 9.98155E-05 9.98155E-05 9.98155E-05 9.98155E-05 9.98155E-05 9.98155E-05 0.0389119 0.150667 9.98155E-05 9.98155E-05 9.98155E-05 0.626452 9.98155E-05 9.98155E-05 9.98155E-05 9.98155E-05 9.98155E-05 0.0313023 9.98155E-05
9.979E-05 0.0197367 9.979E-05 9.979E-05 9.979E-05 9.979E-05 9.979E-05 9.979E-05 9.979E-05 9.979E-05 9.979E-05 0.0381018 9.979E-05 9.979E-05 9.979E-05 9.979E-05 9.979E-05 9.979E-05 9.979E-05 0.939766 9.979E-05 9.979E-05 9.979E-05 9.979E-05 9.979E-05 9.979E-05 9.979E-05
9.98068E-05 9.98068E-05 0.00618614 9.98068E-05 9.98068E-05 9.98068E-05 9.98068E-05 9.98068E-05 9.98068E-05 0.0303617 9.98068E-05 9.98068E-05 9.98068E-05 9.98068E-05 9.98068E-05 0.0347103 9.98068E-05 9.98068E-05 9.98068E-05 0.720323 9.98068E-05 9.98068E-05 9.98068E-05 0.206223 9.98068E-05 9.98068E-05 9.98068E-05
9.98335E-05 9.98335E-05 0.00798974 9.98335E-05 9.98335E-05 9.98335E-05 9.98335E-05 0.128818 9.98335E-05 0.0536047 9.98335E-05 0.0376749 9.98335E-05 0.0150996 9.98335E-05 9.98335E-05 0.0161363 9.98335E-05 0.0160016 0.722779 9.98335E-05 9.98335E-05 9.98335E-05 9.98335E-05 9.98335E-05 9.98335E-05 9.98335E-05
9.98333E-05 9.98333E-05 9.98333E-05 0.00245674 0.0959064 9.98333E-05 0.0167944 9.98333E-05 0.0415914 9.98333E-05 9.98333E-05 9.98333E-05 9.98333E-05 9.98333E-05 9.98333E-05 0.00971651 9.98333E-05 9.98333E-05 9.98333E-05 0.74887 0.0644894 9.98333E-05 9.98333E-05 9.98333E-05 9.98333E-05 0.0182781 9.98333E-05
0.141218 9.97892E-05 9.97892E-05 0.0390954 9.97892E-05 9.97892E-05 9.97892E-05 9.97892E-05 9.97892E-05 9.97892E-05 9.97892E-05 9.97892E-05 9.97892E-05 9.97892E-05 9.97892E-05 9.97892E-05 9.97892E-05 9.97892E-05 9.97892E-05 0.817292 9.97892E-05 9.97892E-05 9.97892E-05 9.97892E-05 9.97892E-05 9.97892E-05 9.97892E-05
9.97899E-05 9.97899E-05 9.97899E-05 9.97899E-05 9.97899E-05 0.00562332 9.97899E-05 9.97899E-05 9.97899E-05 9.97899E-05 9.97899E-05 9.97899E-05 9.97899E-05 9.97899E-05 9.97899E-05 0.00104636 9.97899E-05 9.97899E-05 9.97899E-05 0.990935 9.97899E-05 9.97899E-05 9.97899E-05 9.97899E-05 9.97899E-05 9.97899E-05 9.97899E-05
9.97723E-05 9.97723E-05 9.97723E-05 9.97723E-05 9.97723E-05 9.97723E-05 9.97723E-05 9.97723E-05 9.97723E-05 9.97723E-05 9.97723E-05 9.97723E-05 9.97723E-05 9.97723E-05 9.97723E-05 9.97723E-05 9.97723E-05 9.97723E-05 9.97723E-05 0.997406 9.97723E-05 9.97723E-05 9.97723E-05 9.97723E-05 9.97723E-05 9.97723E-05 9.97723E-05
9.97722E-05 9.97722E-05 9.97722E-05 9.97722E-05 9.97722E-05 9.97722E-05 9.97722E-05 9.97722E-05 9.97722E-05 9.97722E-05 9.97722E-05 9.97722E-05 9.97722E-05 9.97722E-05 9.97722E-05 9.97722E-05 9.97722E-05 9.97722E-05 9.97722E-05 0.997406 9.97722E-05 9.97722E-05 9.97722E-05 9.97722E-05 9.97722E-05 9.97722E-05 9.97722E-05
9.97808E-05 9.97808E-05 9.97808E-05 9.97808E-05 0.0876613 9.97808E-05 9.97808E-05 9.97808E-05 9.97808E-05 9.97808E-05 9.97808E-05 9.97808E-05 9.97808E-05 9.97808E-05 9.97808E-05 9.97808E-05 9.97808E-05 9.97808E-05 9.97808E-05 0.909844 9.97808E-05 9.97808E-05 9.97808E-05 9.97808E-05 9.97808E-05 9.97808E-05 9.97808E-05
9.98159E-05 9.98159E-05 0.0800197 9.98159E-05 9.98159E-05 9.98159E-05 9.98159E-05 9.98159E-05 0.0498173 9.98159E-05 9.98159E-05 0.278069 9.98159E-05 9.98159E-05 9.98159E-05 0.0912869 9.98159E-05 9.98159E-05 9.98159E-05 0.440427 9.98159E-05 9.98159E-05 9.98159E-05 9.98159E-05 9.98159E-05 9.98159E-05 0.0582839
9.97896E-05 9.97896E-05 9.97896E-05 9.97896E-05 9.97896E-05 9.97896E-05 9.97896E-05 0.038373 9.97896E-05 0.776486 9.97896E-05 9.97896E-05 9.97896E-05 9.97896E-05 9.97896E-05 0.182746 9.97896E-05 9.97896E-05 9.97896E-05 9.97896E-05 9.97896E-05 9.97896E-05 9.97896E-05 9.97896E-05 9.97896E-05 9.97896E-05 9.97896E-05
9.97983E-05 9.97983E-05 9.97983E-05 9.97983E-05 9.97983E-05 9.97983E-05 9.97983E-05 0.214544 9.97983E-05 0.112189 9.97983E-05 0.642182 9.97983E-05 9.97983E-05 9.97983E-05 9.97983E-05 9.97983E-05 9.97983E-05 9.97983E-05 9.97983E-05 9.97983E-05 9.97983E-05 9.97983E-05 9.97983E-05 0.0287899 9.97983E-05 9.97983E-05
9.97981E-05 0.0811741 9.97981E-05 9.97981E-05 9.97981E-05 9.97981E-05 0.0318447 0.871214 9.97981E-05 0.0134717 9.97981E-05 9.97981E-05 9.97981E-05 9.97981E-05 9.97981E-05 9.97981E-05 9.97981E-05 9.97981E-05 9.97981E-05 9.97981E-05 9.97981E-05 9.97981E-05 9.97981E-05 9.97981E-05 9.97981E-05 9.97981E-05 9.97981E-05
9.9798E-05 9.9798E-05 9.9798E-05 9.9798E-05 0.0467833 9.9798E-05 9.9798E-05 0.688074 9.9798E-05 0.185468 9.9798E-05 9.9798E-05 9.9798E-05 9.9798E-05 9.9798E-05 0.0773796 9.9798E-05 9.9798E-05 9.9798E-05 9.9798E-05 9.9798E-05 9.9798E-05 9.9798E-05 9.9798E-05 9.9798E-05 9.9798E-05 9.9798E-05
9.98156E-05 0.0310897 9.98156E-05 9.98156E-05 9.98156E-05 9.98156E-05 9.98156E-05 0.121303 0.00516773 0.819461 0.0182662 9.98156E-05 9.98156E-05 9.98156E-05 9.98156E-05 0.00261565 9.98156E-05 9.98156E-05 9.98156E-05 9.98156E-05 9.98156E-05 9.98156E-05 9.98156E-05 9.98156E-05 9.98156E-05 9.98156E-05 9.98156E-05
9.98156E-05 9.98156E-05 9.98156E-05 9.98156E-05 9.98156E-05 9.98156E-05 9.98156E-05 9.98156E-05 0.127178 0.496752 9.98156E-05 0.121155 9.98156E-05 9.98156E-05 9.98156E-05 0.153705 0.0178676 9.98156E-05 0.0812462 9.98156E-05 9.98156E-05 9.98156E-05 9.98156E-05 9.98156E-05 9.98156E-05 9.98156E-05 9.98156E-05
0.0215089 9.97895E-05 9.97895E-05 9.97895E-05 9.97895E-05 9.97895E-05 9.97895E-05 0.961601 0.0144956 9.97895E-05 9.97895E-05 9.97895E-05 9.97895E-05 9.97895E-05 9.97895E-05 9.97895E-05 9.97895E-05 9.97895E-05 9.97895E-05 9.97895E-05 9.97895E-05 9.97895E-05 9.97895E-05 9.97895E-05 9.97895E-05 9.97895E-05 9.97895E-05
9.97805E-05 9.97805E-05 9.97805E-05 9.97805E-05 9.97805E-05 9.97805E-05 9.97805E-05 0.782921 0.214585 9.97805E-05 9.97805E-05 9.97805E-05 9.97805E-05 9.97805E-05 9.97805E-05 9.97805E-05 9.97805E-05 9.97805E-05 9.97805E-05 9.97805E-05 9.97805E-05 9.97805E-05 9.97805E-05 9.97805E-05 9.97805E-05 9.97805E-05 9.97805E-05
9.98068E-05 9.98068E-05 0.0462253 9.98068E-05 9.98068E-05 9.98068E-05 9.98068E-05 0.48888 0.286589 9.98068E-05 9.98068E-05 9.98068E-05 9.98068E-05 9.98068E-05 9.98068E-05 9.98068E-05 0.171487 9.98068E-05 9.98068E-05 9.98068E-05 9.98068E-05 9.98068E-05 9.98068E-05 9.98068E-05 0.00462311 9.98068E-05 9.98068E-05
9.97893E-05 9.97893E-05 9.97893E-05 9.97893E-05 9.97893E-05 9.97893E-05 9.97893E-05 0.640319 0.158444 9.97893E-05 9.97893E-05 9.97893E-05 9.97893E-05 9.97893E-05 9.97893E-05 0.198841 9.97893E-05 9.97893E-05 9.97893E-05 9.97893E-05 9.97893E-05 9.97893E-05 9.97893E-05 9.97893E-05 9.97893E-05 9.97893E-05 9.97893E-05
9.98071E-05 9.98071E-05 9.98071E-05 0.0340472 9.98071E-05 9.98071E-05 9.98071E-05 0.185628 9.98071E-05 0.256622 9.98071E-05 9.98071E-05 9.98071E-05 9.98071E-05 9.98071E-05 9.98071E-05 0.149553 9.98071E-05 9.98071E-05 9.98071E-05 9.98071E-05 9.98071E-05 0.371954 9.98071E-05 9.98071E-05 9.98071E-05 9.98071E-05
9.98247E-05 9.98247E-05 9.98247E-05 0.0300265 9.98247E-05 0.032679 9.98247E-05 0.206693 9.98247E-05 0.36373 9.98247E-05 9.98247E-05 9.98247E-05 9.98247E-05 9.98247E-05 0.118516 0.0661714 9.98247E-05 9.98247E-05 9.98247E-05 9.98247E-05 9.98247E-05 0.180188 9.98247E-05 9.98247E-05 9.98247E-05 9.98247E-05
9.98072E-05 0.0136328 9.98072E-05 9.98072E-05 9.98072E-05 9.98072E-05 9.98072E-05 0.844967 0.0314352 0.0288076 9.98072E-05 0.0789616 9.98072E-05 9.98072E-05 9.98072E-05 9.98072E-05 9.98072E-05 9.98072E-05 9.98072E-05 9.98072E-05 9.98072E-05 9.98072E-05 9.98072E-05 9.98072E-05 9.98072E-05 9.98072E-05 9.98072E-05
9.98334E-05 9.98334E-05 9.98334E-05 9.98334E-05 9.98334E-05 9.98334E-05 0.0558915 0.137281 0.186996 0.377944 0.0200896 9.98334E-05 9.98334E-05 9.98334E-05 9.98334E-05 0.170613 0.000143107 9.98334E-05 9.98334E-05 9.98334E-05 9.98334E-05 9.98334E-05 0.0491437 9.98334E-05 9.98334E-05 9.98334E-05 9.98334E-05
9.98335E-05 9.98335E-05 9.98335E-05 9.98335E-05 0.10735 9.98335E-05 0.060875 0.429131 0.0149131 0.178066 9.98335E-05 0.147883 0.0464169 9.98335E-05 9.98335E-05 9.98335E-05 9.98335E-05 9.98335E-05 9.98335E-05 9.98335E-05 9.98335E-05 9.98335E-05 9.98335E-05 9.98335E-05 9.98335E-05 0.0134689 9.98335E-05
9.98159E-05 9.98159E-05 0.140964 0.0435774 9.98159E-05 9.98159E-05 9.98159E-05 9.98159E-05 9.98159E-05 0.59318 9.98159E-05 0.0290905 0.0654411 9.98159E-05 9.98159E-05 0.125651 9.98159E-05 9.98159E-05 9.98159E-05 9.98159E-05 9.98159E-05 9.98159E-05 9.98159E-05 9.98159E-05 9.98159E-05 9.98159E-05 9.98159E-05
9.98157E-05 9.98157E-05 9.98157E-05 9.98157E-05 9.98157E-05 9.98157E-05 9.98157E-05 0.232045 9.98157E-05 0.337941 9.98157E-05 9.98157E-05 9.98157E-05 9.98157E-05 9.98157E-05 0.0963171 0.252795 9.98157E-05 9.98157E-05 9.98157E-05 9.98157E-05 9.98157E-05 0.0452913 9.98157E-05 9.98157E-05 0.0335149 9.98157E-05
9.98247E-05 0.025274 9.98247E-05 9.98247E-05 9.98247E-05 9.98247E-05 9.98247E-05 0.333112 0.0826964 0.350955 9.98247E-05 9.98247E-05 0.135406 9.98247E-05 9.98247E-05 9.98247E-05 9.98247E-05 9.98247E-05 9.98247E-05 9.98247E-05 9.98247E-05 9.98247E-05 9.98247E-05 0.0153925 9.98247E-05 9.98247E-05 0.0551679
9.97983E-05 9.97983E-05 9.97983E-05 0.0294916 9.97983E-05 9.97983E-05 9.97983E-05 0.005831 9.97983E-05 0.864068 9.97983E-05 9.97983E-05 9.97983E-05 9.97983E-05 9.97983E-05 9.97983E-05 9.97983E-05 9.97983E-05 9.97983E-05 9.97983E-05 9.97983E-05 9.97983E-05 0.0983137 9.97983E-05 9.97983E-05 9.97983E-05 9.97983E-05
9.98333E-05 9.98333E-05 0.157572 9.98333E-05 9.98333E-05 9.98333E-05 9.98333E-05 0.188579 0.122687 0.0774838 9.98333E-05 9.98333E-05 9.98333E-05 0.0948688 9.98333E-05 0.120957 9.98333E-05 9.98333E-05 9.98333E-05 0.00784102 9.98333E-05 9.98333E-05 0.228114 9.98333E-05 9.98333E-05 9.98333E-05 9.98333E-05
9.98246E-05 0.0348902 9.98246E-05 9.98246E-05 9.98246E-05 9.98246E-05 0.0640812 9.98246E-05 9.98246E-05 0.63669 9.98246E-05 0.0628907 0.0604284 9.98246E-05 9.98246E-05 0.0399831 0.0990396 9.98246E-05 9.98246E-05 9.98246E-05 9.98246E-05 9.98246E-05 9.98246E-05 9.98246E-05 9.98246E-05 9.98246E-05 9.98246E-05
0.0826608 9.98158E-05 9.98158E-05 0.0431281 0.00895298 9.98158E-05 9.98158E-05 0.0466372 0.00649834 0.810026 9.98158E-05 9.98158E-05 9.98158E-05 9.98158E-05 9.98158E-05 9.98158E-05 9.98158E-05 9.98158E-05 9.98158E-05 9.98158E-05 9.98158E-05 9.98158E-05 9.98158E-05 9.98158E-05 9.98158E-05 9.98158E-05 9.98158E-05
9.98069E-05 9.98069E-05 9.98069E-05 9.98069E-05 9.98069E-05 9.98069E-05 9.98069E-05 9.98069E-05 0.122974 0.56291 9.98069E-05 9.98069E-05 9.98069E-05 9.98069E-05 9.98069E-05 0.203947 0.0780708 9.98069E-05 9.98069E-05 9.98069E-05 9.98069E-05 9.98069E-05 9.98069E-05 9.98069E-05 9.98069E-05 0.0299023 9.98069E-05
9.98071E-05 9.98071E-05 9.98071E-05 9.98071E-05 9.98071E-05 9.98071E-05 9.98071E-05 0.127536 0.137295 0.480422 9.98071E-05 0.18958 9.98071E-05 9.98071E-05 9.98071E-05 9.98071E-05 9.98071E-05 9.98071E-05 9.98071E-05 9.98071E-05 9.98071E-05 9.98071E-05 9.98071E-05 9.98071E-05 0.0629704 9.98071E-05 9.98071E-05
9.98159E-05 9.98159E-05 9.98159E-05 0.0382412 9.98159E-05 9.98159E-05 9.98159E-05 9.98159E-05 0.139921 0.533913 9.98159E-05 9.98159E-05 9.98159E-05 9.98159E-05 9.98159E-05 0.210955 9.98159E-05 9.98159E-05 9.98159E-05 9.98159E-05 9.98159E-05 0.0212642 9.98159E-05 9.98159E-05 9.98159E-05 0.05361 9.98159E-05
0.0271569 9.98247E-05 9.98247E-05 9.98247E-05 9.98247E-05 9.98247E-05 9.98247E-05 0.593199 0.0675023 9.98247E-05 9.98247E-05 0.0152223 9.98247E-05 9.98247E-05 9.98247E-05 0.0621192 0.132253 9.98247E-05 9.98247E-05 9.98247E-05 9.98247E-05 9.98247E-05 0.10055 9.98247E-05 9.98247E-05 9.98247E-05 9.98247E-05
9.98159E-05 9.98159E-05 9.98159E-05 9.98159E-05 9.98159E-05 9.98159E-05 0.00392807 9.98159E-05 9.98159E-05 0.255686 0.113788 0.546627 9.98159E-05 0.00551034 9.98159E-05 9.98159E-05 9.98159E-05 9.98159E-05 9.98159E-05 9.98159E-05 9.98159E-05 9.98159E-05 0.072364 9.98159E-05 9.98159E-05 9.98159E-05 9.98159E-05
9.98243E-05 9.98243E-05 9.98243E-05 9.98243E-05 9.98243E-05 9.98243E-05 9.98243E-05 0.481448 0.114124 0.303939 9.98243E-05 9.98243E-05 9.98243E-05 0.0261871 9.98243E-05 0.0178948 9.98243E-05 9.98243E-05 0.0237742 9.98243E-05 0.0306374 9.98243E-05 9.98243E-05 9.98243E-05 9.98243E-05 9.98243E-05 9.98243E-05
9.98245E-05 9.98245E-05 9.98245E-05 9.98245E-05 9.98245E-05 9.98245E-05 9.98245E-05 0.266691 0.0622018 0.410199 9.98245E-05 9.98245E-05 9.98245E-05 9.98245E-05 9.98245E-05 0.189107 0.00538832 9.98245E-05 9.98245E-05 9.98245E-05 9.98245E-05 9.98245E-05 9.98245E-05 0.0441817 9.98245E-05 0.0202345 9.98245E-05
9.98072E-05 0.120473 9.98072E-05 9.98072E-05 9.98072E-05 9.98072E-05 9.98072E-05 0.169017 9.98072E-05 0.468317 9.98072E-05 0.153356 9.98072E-05 9.98072E-05 9.98072E-05 0.0866406 9.98072E-05 9.98072E-05 9.98072E-05 9.98072E-05 9.98072E-05 9.98072E-05 9.98072E-05 9.98072E-05 9.98072E-05 9.98072E-05 9.98072E-05
9.97983E-05 9.97983E-05 9.97983E-05 9.97983E-05 9.97983E-05 9.97983E-05 9.97983E-05 0.801117 9.97983E-05 9.97983E-05 9.97983E-05 9.97983E-05 9.97983E-05 9.97983E-05 0.0317579 0.0907893 9.97983E-05 9.97983E-05 9.97983E-05 9.97983E-05 9.97983E-05 0.07404 9.97983E-05 9.97983E-05 9.97983E-05 9.97983E-05 9.97983E-05
9.97894E-05 9.97894E-05 9.97894E-05 9.97894E-05 9.97894E-05 9.97894E-05 9.97894E-05 0.887762 9.97894E-05 0.0723945 9.97894E-05 9.97894E-05 9.97894E-05 9.97894E-05 9.97894E-05 9.97894E-05 9.97894E-05 9.97894E-05 9.97894E-05 9.97894E-05 9.97894E-05 9.97894E-05 9.97894E-05 9.97894E-05 9.97894E-05 0.037448 9.97894E-05
9.98157E-05 0.13654 9.98157E-05 9.98157E-05 9.98157E-05 9.98157E-05 9.98157E-05 0.0554791 0.30163 0.275231 9.98157E-05 9.98157E-05 9.98157E-05 9.98157E-05 9.98157E-05 0.120417 9.98157E-05 9.98157E-05 9.98157E-05 9.98157E-05 9.98157E-05 9.98157E-05 9.98157E-05 9.98157E-05 9.98157E-05 0.108607 9.98157E-05
9.98067E-05 9.98067E-05 9.98067E-05 9.98067E-05 9.98067E-05 9.98067E-05 9.98067E-05 0.811594 9.98067E-05 0.0806164 9.98067E-05 9.98067E-05 9.98067E-05 0.00454834 9.98067E-05 0.0190477 9.98067E-05 9.98067E-05 9.98067E-05 9.98067E-05 9.98067E-05 9.98067E-05 9.98067E-05 0.081998 9.98067E-05 9.98067E-05 9.98067E-05
9.97808E-05 9.97808E-05 9.97808E-05 9.97808E-05 9.97808E-05 9.97808E-05 9.97808E-05 0.807445 9.97808E-05 0.190061 9.97808E-05 9.97808E-05 9.97808E-05 9.97808E-05 9.97808E-05 9.97808E-05 9.97808E-05 9.97808E-05 9.97808E-05 9.97808E-05 9.97808E-05 9.97808E-05 9.97808E-05 9.97808E-05 9.97808E-05 9.97808E-05 9.97808E-05
9.98156E-05 9.98156E-05 0.122398 9.98156E-05 9.98156E-05 9.98156E-05 9.98156E-05 0.310111 0.016166 0.275265 9.98156E-05 9.98156E-05 0.0686092 9.98156E-05 9.98156E-05 9.98156E-05 9.98156E-05 9.98156E-05 9.98156E-05 9.98156E-05 9.98156E-05 9.98156E-05 0.205355 9.98156E-05 9.98156E-05 9.98156E-05 9.98156E-05
9.98069E-05 9.98069E-05 9.98069E-05 9.98069E-05 0.0685033 9.98069E-05 9.98069E-05 0.419694 0.0504045 0.252573 9.98069E-05 9.98069E-05 9.98069E-05 9.98069E-05 9.98069E-05 0.206629 9.98069E-05 9.98069E-05 9.98069E-05 9.98069E-05 9.98069E-05 9.98069E-05 9.98069E-05 9.98069E-05 9.98069E-05 9.98069E-05 9.98069E-05
9.98069E-05 9.98069E-05 9.98069E-05 9.98069E-05 9.98069E-05 9.98069E-05 9.98069E-05 9.98069E-05 0.029038 0.211656 9.98069E-05 0.395757 9.98069E-05 9.98069E-05 9.98069E-05 9.98069E-05 9.98069E-05 9.98069E-05 9.98069E-05 9.98069E-05 9.98069E-05 0.0620747 0.299278 9.98069E-05 9.98069E-05 9.98069E-05 9.98069E-05
0.0066573 9.98159E-05 9.98159E-05 9.98159E-05 0.0172157 9.98159E-05 9.98159E-05 0.0270475 9.98159E-05 0.469821 9.98159E-05 0.359992 9.98159E-05 9.98159E-05 9.98159E-05 0.11717 9.98159E-05 9.98159E-05 9.98159E-05 9.98159E-05 9.98159E-05 9.98159E-05 9.98159E-05 9.98159E-05 9.98159E-05 9.98159E-05 9.98159E-05
9.97984E-05 9.97984E-05 9.97984E-05 9.97984E-05 9.97984E-05 9.97984E-05 9.97984E-05 0.412842 9.97984E-05 0.107714 9.97984E-05 0.472457 9.97984E-05 9.97984E-05 9.97984E-05 9.97984E-05 9.97984E-05 9.97984E-05 9.97984E-05 9.97984E-05 9.97984E-05 0.00469241 9.97984E-05 9.97984E-05 9.97984E-05 9.97984E-05 9.97984E-05
