0.0854082 9.9842E-05 9.9842E-05 0.295084 9.9842E-05 9.9842E-05 9.9842E-05 0.0610709 9.9842E-05 9.9842E-05 9.9842E-05 9.9842E-05 0.12225 9.9842E-05 0.34518 0.0378561 9.9842E-05 9.9842E-05 9.9842E-05 9.9842E-05 9.9842E-05 0.0513539 9.9842E-05 9.9842E-05 9.9842E-05
9.98333E-05 9.98333E-05 9.98333E-05 0.113294 9.98333E-05 9.98333E-05 9.98333E-05 0.0619664 9.98333E-05 0.0369305 9.98333E-05 9.98333E-05 0.000180865 9.98333E-05 0.783276 9.98333E-05 9.98333E-05 9.98333E-05 9.98333E-05 9.98333E-05 9.98333E-05 0.0024556 9.98333E-05 9.98333E-05 9.98333E-05
9.98158E-05 9.98158E-05 9.98158E-05 9.98158E-05 0.00363122 9.98158E-05 9.98158E-05 9.98158E-05 0.96514 9.98158E-05 9.98158E-05 9.98158E-05 9.98158E-05 9.98158E-05 9.98158E-05 9.98158E-05 9.98158E-05 0.00100127 9.98158E-05 9.98158E-05 9.98158E-05 0.0281317 9.98158E-05 9.98158E-05 9.98158E-05
0.150536 9.98597E-05 9.98597E-05 9.98597E-05 0.137427 9.98597E-05 0.202641 9.98597E-05 9.98597E-05 9.98597E-05 9.98597E-05 9.98597E-05 0.126664 9.98597E-05 0.28465 0.0220086 0.0124761 9.98597E-05 9.98597E-05 9.98597E-05 0.0459578 0.0160423 9.98597E-05 9.98597E-05 9.98597E-05
9.98333E-05 9.98333E-05 0.0500606 9.98333E-05 0.0275569 9.98333E-05 9.98333E-05 0.011441 0.0409181 9.98333E-05 9.98333E-05 9.98333E-05 9.98333E-05 9.98333E-05 0.789681 9.98333E-05 9.98333E-05 9.98333E-05 9.98333E-05 9.98333E-05 0.0784454 9.98333E-05 9.98333E-05 9.98333E-05 9.98333E-05
9.98247E-05 9.98247E-05 9.98247E-05 0.220359 0.239428 9.98247E-05 9.98247E-05 9.98247E-05 0.177212 9.98247E-05 9.98247E-05 9.98247E-05 9.98247E-05 9.98247E-05 9.98247E-05 9.98247E-05 0.149836 9.98247E-05 9.98247E-05 9.98247E-05 0.211169 9.98247E-05 9.98247E-05 9.98247E-05 9.98247E-05
0.0719354 9.98685E-05 9.98685E-05 0.0878756 9.98685E-05 9.98685E-05 0.0519247 0.132632 9.98685E-05 0.0520299 9.98685E-05 9.98685E-05 9.98685E-05 9.98685E-05 0.33283 0.0981339 9.98685E-05 0.0853572 0.00640049 9.98685E-05 0.0793834 9.98685E-05 9.98685E-05 9.98685E-05 9.98685E-05
0.227057 9.98597E-05 0.0476497 0.0427201 0.111294 0.0971939 9.98597E-05 9.98597E-05 9.98597E-05 9.98597E-05 9.98597E-05 0.0936438 9.98597E-05 9.98597E-05 0.163159 9.98597E-05 0.0856618 9.98597E-05 9.98597E-05 9.98597E-05 0.130022 9.98597E-05 9.98597E-05 9.98597E-05 9.98597E-05
0.0314835 9.98596E-05 0.0438326 9.98596E-05 0.127317 9.98596E-05 9.98596E-05 0.0302554 0.173808 9.98596E-05 9.98596E-05 9.98596E-05 9.98596E-05 9.98596E-05 0.0568904 9.98596E-05 0.24295 9.98596E-05 0.153033 9.98596E-05 9.98596E-05 0.138832 9.98596E-05 9.98596E-05 9.98596E-05
9.98069E-05 9.98069E-05 9.98069E-05 9.98069E-05 9.98069E-05 9.98069E-05 9.98069E-05 9.98069E-05 0.148011 9.98069E-05 9.98069E-05 9.98069E-05 9.98069E-05 9.98069E-05 0.832998 9.98069E-05 9.98069E-05 9.98069E-05 9.98069E-05 9.98069E-05 9.98069E-05 0.0167952 9.98069E-05 9.98069E-05 9.98069E-05
0.0524609 9.98421E-05 9.98421E-05 0.107178 9.98421E-05 9.98421E-05 9.98421E-05 9.98421E-05 0.164791 9.98421E-05 9.98421E-05 9.98421E-05 9.98421E-05 0.0236612 0.372489 0.123539 9.98421E-05 9.98421E-05 9.98421E-05 9.98421E-05 9.98421E-05 0.154084 9.98421E-05 9.98421E-05 9.98421E-05
9.97894E-05 9.97894E-05 9.97894E-05 9.97894E-05 9.97894E-05 9.97894E-05 9.97894E-05 9.97894E-05 0.997605 9.97894E-05 9.97894E-05 9.97894E-05 9.97894E-05 9.97894E-05 9.97894E-05 9.97894E-05 9.97894E-05 9.97894E-05 9.97894E-05 9.97894E-05 9.97894E-05 9.97894E-05 9.97894E-05 9.97894E-05 9.97894E-05
0.0553131 9.98071E-05 9.98071E-05 9.98071E-05 9.98071E-05 9.98071E-05 9.98071E-05 9.98071E-05 9.98071E-05 9.98071E-05 9.98071E-05 9.98071E-05 9.98071E-05 9.98071E-05 0.897934 9.98071E-05 9.98071E-05 9.98071E-05 9.98071E-05 9.98071E-05 9.98071E-05 0.0445577 9.98071E-05 9.98071E-05 9.98071E-05
9.98333E-05 0.0817726 9.98333E-05 9.98333E-05 9.98333E-05 9.98333E-05 9.98333E-05 9.98333E-05 9.98333E-05 9.98333E-05 9.98333E-05 9.98333E-05 9.98333E-05 0.155196 0.621625 0.0295879 9.98333E-05 9.98333E-05 9.98333E-05 9.98333E-05 9.98333E-05 0.0176339 9.98333E-05 0.0922882 9.98333E-05
0.0973591 0.112342 9.98683E-05 0.163449 0.0329237 9.98683E-05 9.98683E-05 9.98683E-05 0.317234 0.0233865 9.98683E-05 9.98683E-05 9.98683E-05 9.98683E-05 9.98683E-05 9.98683E-05 0.0470336 9.98683E-05 9.98683E-05 9.98683E-05 0.00385585 0.101177 9.98683E-05 0.0997413 9.98683E-05
0.0863007 9.98682E-05 9.98682E-05 0.170963 9.98682E-05 0.140199 0.0968296 9.98682E-05 9.98682E-05 9.98682E-05 9.98682E-05 0.0284698 0.0198088 9.98682E-05 0.208403 9.98682E-05 0.15976 9.98682E-05 9.98682E-05 9.98682E-05 0.0238628 0.0639052 9.98682E-05 9.98682E-05 9.98682E-05
0.0477742 9.98685E-05 9.98685E-05 9.98685E-05 9.98685E-05 0.0065159 0.0357152 9.98685E-05 0.599011 9.98685E-05 9.98685E-05 0.0563538 0.0127717 9.98685E-05 0.0605416 0.0120011 9.98685E-05 9.98685E-05 9.98685E-05 9.98685E-05 9.98685E-05 0.0503353 9.98685E-05 9.98685E-05 0.117482
0.211812 9.98422E-05 9.98422E-05 0.274445 9.98422E-05 9.98422E-05 9.98422E-05 9.98422E-05 9.98422E-05 9.98422E-05 0.130245 9.98422E-05 9.98422E-05 9.98422E-05 0.115332 9.98422E-05 0.0684157 9.98422E-05 9.98422E-05 9.98422E-05 9.98422E-05 0.117572 0.0803812 9.98422E-05 9.98422E-05
0.276854 9.98332E-05 9.98332E-05 9.98332E-05 9.98332E-05 9.98332E-05 9.98332E-05 9.98332E-05 0.359161 9.98332E-05 9.98332E-05 0.0258041 9.98332E-05 9.98332E-05 9.98332E-05 9.98332E-05 0.0878268 9.98332E-05 9.98332E-05 9.98332E-05 0.1092 0.139257 9.98332E-05 9.98332E-05 9.98332E-05
9.9807E-05 9.9807E-05 9.9807E-05 9.9807E-05 9.9807E-05 9.9807E-05 9.9807E-05 9.9807E-05 0.00996308 9.9807E-05 9.9807E-05 9.9807E-05 0.039226 9.9807E-05 0.948615 9.9807E-05 9.9807E-05 9.9807E-05 9.9807E-05 9.9807E-05 9.9807E-05 9.9807E-05 9.9807E-05 9.9807E-05 9.9807E-05
0.0250052 0.022552 9.98772E-05 9.98772E-05 9.98772E-05 0.100696 9.98772E-05 9.98772E-05 9.98772E-05 9.98772E-05 9.98772E-05 9.98772E-05 9.98772E-05 0.00668541 0.541984 0.00988912 0.105559 9.98772E-05 0.0117193 9.98772E-05 0.0781726 0.0436371 0.0527019 9.98772E-05 9.98772E-05
0.375802 9.98422E-05 0.013397 9.98422E-05 9.98422E-05 9.98422E-05 9.98422E-05 9.98422E-05 0.338402 0.0152394 9.98422E-05 9.98422E-05 9.98422E-05 9.98422E-05 9.98422E-05 9.98422E-05 0.108506 9.98422E-05 9.98422E-05 9.98422E-05 0.128919 9.98422E-05 0.0179382 9.98422E-05 9.98422E-05
9.98334E-05 9.98334E-05 9.98334E-05 0.196496 0.00755066 9.98334E-05 9.98334E-05 9.98334E-05 0.164798 9.98334E-05 9.98334E-05 9.98334E-05 9.98334E-05 9.98334E-05 0.490815 0.0587746 9.98334E-05 9.98334E-05 9.98334E-05 9.98334E-05 9.98334E-05 0.079669 9.98334E-05 9.98334E-05 9.98334E-05
0.28557 9.98421E-05 9.98421E-05 9.98421E-05 9.98421E-05 9.98421E-05 0.0347978 9.98421E-05 0.100257 9.98421E-05 9.98421E-05 9.98421E-05 9.98421E-05 9.98421E-05 0.295563 9.98421E-05 0.0190362 9.98421E-05 0.0772825 9.98421E-05 9.98421E-05 0.185697 9.98421E-05 9.98421E-05 9.98421E-05
0.0656501 0.0829818 9.98508E-05 9.98508E-05 9.98508E-05 9.98508E-05 9.98508E-05 9.98508E-05 0.196471 9.98508E-05 9.98508E-05 9.98508E-05 0.112137 0.218172 0.0913795 9.98508E-05 0.00843295 9.98508E-05 9.98508E-05 9.98508E-05 9.98508E-05 0.223078 9.98508E-05 9.98508E-05 9.98508E-05
0.0512567 9.98597E-05 9.98597E-05 9.98597E-05 0.00857921 9.98597E-05 0.027224 9.98597E-05 0.465409 9.98597E-05 9.98597E-05 9.98597E-05 9.98597E-05 0.0776192 0.26108 0.0119469 9.98597E-05 0.00208177 9.98597E-05 9.98597E-05 9.98597E-05 0.0932062 9.98597E-05 9.98597E-05 9.98597E-05
0.255461 9.98595E-05 9.98595E-05 9.98595E-05 0.22694 9.98595E-05 0.0149851 9.98595E-05 9.98595E-05 0.310384 9.98595E-05 9.98595E-05 0.00471845 0.0254308 0.0024271 9.98595E-05 9.98595E-05 9.98595E-05 9.98595E-05 9.98595E-05 9.98595E-05 0.0589963 0.0990595 9.98595E-05 9.98595E-05
0.0157932 0.00387085 9.98509E-05 9.98509E-05 9.98509E-05 9.98509E-05 0.157984 9.98509E-05 0.32701 9.98509E-05 9.98509E-05 9.98509E-05 9.98509E-05 0.00949777 0.457939 9.98509E-05 9.98509E-05 9.98509E-05 9.98509E-05 9.98509E-05 0.0137097 0.0124977 9.98509E-05 9.98509E-05 9.98509E-05
0.0208611 9.98423E-05 9.98423E-05 0.0434323 0.00366172 9.98423E-05 9.98423E-05 9.98423E-05 0.428814 9.98423E-05 9.98423E-05 9.98423E-05 9.98423E-05 0.157709 0.212268 9.98423E-05 9.98423E-05 9.98423E-05 9.98423E-05 9.98423E-05 9.98423E-05 0.131456 9.98423E-05 9.98423E-05 9.98423E-05
9.98508E-05 9.98508E-05 9.98508E-05 9.98508E-05 9.98508E-05 9.98508E-05 9.98508E-05 9.98508E-05 0.368035 9.98508E-05 9.98508E-05 9.98508E-05 9.98508E-05 9.98508E-05 0.2471 0.00321397 0.0348725 0.00164803 0.00278752 9.98508E-05 9.98508E-05 0.0293474 9.98508E-05 0.311298 9.98508E-05
0.0303025 9.9842E-05 9.9842E-05 0.028985 9.9842E-05 9.9842E-05 9.9842E-05 9.9842E-05 0.593556 0.097969 9.9842E-05 9.9842E-05 0.083706 9.9842E-05 0.0864453 0.0772394 9.9842E-05 9.9842E-05 9.9842E-05 9.9842E-05 9.9842E-05 9.9842E-05 9.9842E-05 9.9842E-05 9.9842E-05
0.0186856 9.98597E-05 9.98597E-05 0.0305462 0.0602679 9.98597E-05 9.98597E-05 9.98597E-05 9.98597E-05 9.98597E-05 9.98597E-05 9.98597E-05 9.98597E-05 0.0947435 0.532374 0.0559394 9.98597E-05 9.98597E-05 9.98597E-05 9.98597E-05 0.0659422 0.0784998 9.98597E-05 9.98597E-05 0.0614037
0.127352 9.98508E-05 9.98508E-05 0.117629 9.98508E-05 0.0281506 9.98508E-05 9.98508E-05 0.0647892 9.98508E-05 9.98508E-05 9.98508E-05 9.98508E-05 0.0457892 0.41564 0.0706134 9.98508E-05 9.98508E-05 9.98508E-05 9.98508E-05 9.98508E-05 0.128339 9.98508E-05 9.98508E-05 9.98508E-05
0.144479 9.98509E-05 9.98509E-05 9.98509E-05 0.152244 9.98509E-05 9.98509E-05 9.98509E-05 0.393222 9.98509E-05 9.98509E-05 9.98509E-05 9.98509E-05 9.98509E-05 0.0737333 9.98509E-05 9.98509E-05 0.022451 9.98509E-05 9.98509E-05 9.98509E-05 0.107316 0.0280697 0.076788 9.98509E-05
9.98159E-05 9.98159E-05 9.98159E-05 9.98159E-05 9.98159E-05 9.98159E-05 9.98159E-05 0.0429166 0.908448 9.98159E-05 9.98159E-05 9.98159E-05 0.0349788 9.98159E-05 9.98159E-05 0.0115609 9.98159E-05 9.98159E-05 9.98159E-05 9.98159E-05 9.98159E-05 9.98159E-05 9.98159E-05 9.98159E-05 9.98159E-05
0.0265898 9.98509E-05 9.98509E-05 0.0150547 9.98509E-05 9.98509E-05 0.140418 9.98509E-05 0.514242 0.0724647 9.98509E-05 9.98509E-05 9.98509E-05 9.98509E-05 0.225325 9.98509E-05 0.00335151 9.98509E-05 0.000857554 9.98509E-05 9.98509E-05 9.98509E-05 9.98509E-05 9.98509E-05 9.98509E-05
9.98247E-05 9.98247E-05 9.98247E-05 9.98247E-05 9.98247E-05 9.98247E-05 9.98247E-05 0.0165649 0.399231 9.98247E-05 9.98247E-05 9.98247E-05 9.98247E-05 9.98247E-05 0.497142 9.98247E-05 9.98247E-05 0.0186123 9.98247E-05 9.98247E-05 0.066454 9.98247E-05 9.98247E-05 9.98247E-05 9.98247E-05
9.98423E-05 9.98423E-05 9.98423E-05 9.98423E-05 9.98423E-05 9.98423E-05 9.98423E-05 0.0755428 0.0257995 9.98423E-05 9.98423E-05 9.98423E-05 0.0922802 9.98423E-05 0.590044 9.98423E-05 0.122105 9.98423E-05 9.98423E-05 9.98423E-05 9.98423E-05 0.0315965 9.98423E-05 0.0608347 9.98423E-05
9.98247E-05 9.98247E-05 9.98247E-05 9.98247E-05 9.98247E-05 9.98247E-05 9.98247E-05 0.00804648 0.518689 9.98247E-05 9.98247E-05 9.98247E-05 9.98247E-05 9.98247E-05 9.98247E-05 0.0598287 9.98247E-05 9.98247E-05 9.98247E-05 9.98247E-05 9.98247E-05 0.119558 9.98247E-05 0.291882 9.98247E-05
0.033985 9.9842E-05 9.9842E-05 9.9842E-05 0.155825 0.11358 9.9842E-05 9.9842E-05 0.484774 9.9842E-05 9.9842E-05 9.9842E-05 9.9842E-05 9.9842E-05 0.0813464 9.9842E-05 9.9842E-05 9.9842E-05 9.9842E-05 9.9842E-05 0.012153 0.11654 9.9842E-05 9.9842E-05 9.9842E-05
0.00364427 9.97982E-05 9.97982E-05 9.97982E-05 9.97982E-05 9.97982E-05 9.97982E-05 9.97982E-05 0.99406 9.97982E-05 9.97982E-05 9.97982E-05 9.97982E-05 9.97982E-05 9.97982E-05 9.97982E-05 9.97982E-05 9.97982E-05 9.97982E-05 9.97982E-05 9.97982E-05 9.97982E-05 9.97982E-05 9.97982E-05 9.97982E-05
0.112923 9.98162E-05 9.98162E-05 9.98162E-05 9.98162E-05 9.98162E-05 9.98162E-05 9.98162E-05 0.703451 0.112305 9.98162E-05 9.98162E-05 9.98162E-05 9.98162E-05 9.98162E-05 9.98162E-05 9.98162E-05 9.98162E-05 9.98162E-05 9.98162E-05 9.98162E-05 0.0692245 9.98162E-05 9.98162E-05 9.98162E-05
9.9807E-05 9.9807E-05 9.9807E-05 9.9807E-05 9.9807E-05 9.9807E-05 9.9807E-05 9.9807E-05 9.9807E-05 0.116598 9.9807E-05 9.9807E-05 9.9807E-05 9.9807E-05 0.866191 9.9807E-05 9.9807E-05 9.9807E-05 9.9807E-05 0.0150151 9.9807E-05 9.9807E-05 9.9807E-05 9.9807E-05 9.9807E-05
0.104435 9.98508E-05 9.98508E-05 0.109953 9.98508E-05 9.98508E-05 9.98508E-05 0.00706517 0.525493 9.98508E-05 9.98508E-05 9.98508E-05 9.98508E-05 0.00155451 9.98508E-05 0.034403 0.104695 9.98508E-05 9.98508E-05 9.98508E-05 9.98508E-05 0.110703 9.98508E-05 9.98508E-05 9.98508E-05
0.451048 9.98334E-05 0.0142739 9.98334E-05 9.98334E-05 9.98334E-05 0.0834678 9.98334E-05 0.0736204 9.98334E-05 9.98334E-05 9.98334E-05 9.98334E-05 9.98334E-05 0.19745 9.98334E-05 9.98334E-05 9.98334E-05 9.98334E-05 9.98334E-05 9.98334E-05 0.178243 9.98334E-05 9.98334E-05 9.98334E-05
9.98158E-05 9.98158E-05 9.98158E-05 9.98158E-05 9.98158E-05 9.98158E-05 9.98158E-05 9.98158E-05 0.820558 9.98158E-05 0.0712199 0.0291674 9.98158E-05 9.98158E-05 0.0769587 9.98158E-05 9.98158E-05 9.98158E-05 9.98158E-05 9.98158E-05 9.98158E-05 9.98158E-05 9.98158E-05 9.98158E-05 9.98158E-05
9.98069E-05 9.98069E-05 9.98069E-05 9.98069E-05 9.98069E-05 9.98069E-05 9.98069E-05 9.98069E-05 9.98069E-05 9.98069E-05 9.98069E-05 9.98069E-05 9.98069E-05 9.98069E-05 0.904143 9.98069E-05 9.98069E-05 9.98069E-05 9.98069E-05 9.98069E-05 9.98069E-05 0.0931634 0.000497985 9.98069E-05 9.98069E-05
9.97895E-05 9.97895E-05 9.97895E-05 9.97895E-05 9.97895E-05 9.97895E-05 9.97895E-05 9.97895E-05 0.997605 9.97895E-05 9.97895E-05 9.97895E-05 9.97895E-05 9.97895E-05 9.97895E-05 9.97895E-05 9.97895E-05 9.97895E-05 9.97895E-05 9.97895E-05 9.97895E-05 9.97895E-05 9.97895E-05 9.97895E-05 9.97895E-05
0.115169 9.98333E-05 9.98333E-05 0.00858469 9.98333E-05 9.98333E-05 9.98333E-05 9.98333E-05 0.0847708 9.98333E-05 9.98333E-05 9.98333E-05 9.98333E-05 9.98333E-05 0.598436 0.0686143 9.98333E-05 9.98333E-05 9.98333E-05 9.98333E-05 9.98333E-05 0.122529 9.98333E-05 9.98333E-05 9.98333E-05
9.98161E-05 9.98161E-05 9.98161E-05 9.98161E-05 9.98161E-05 9.98161E-05 9.98161E-05 9.98161E-05 9.98161E-05 9.98161E-05 9.98161E-05 9.98161E-05 9.98161E-05 9.98161E-05 0.723562 9.98161E-05 9.98161E-05 0.131436 9.98161E-05 9.98161E-05 0.120779 0.022127 9.98161E-05 9.98161E-05 9.98161E-05
9.98508E-05 9.98508E-05 9.98508E-05 0.0015446 0.205531 9.98508E-05 9.98508E-05 9.98508E-05 9.98508E-05 0.141938 9.98508E-05 9.98508E-05 0.0599684 9.98508E-05 0.340171 0.0796817 0.0155646 9.98508E-05 9.98508E-05 9.98508E-05 9.98508E-05 0.153902 9.98508E-05 9.98508E-05 9.98508E-05
0.182993 9.98334E-05 0.00446011 9.98334E-05 9.98334E-05 9.98334E-05 0.0528425 9.98334E-05 9.98334E-05 9.98334E-05 0.0842425 9.98334E-05 9.98334E-05 9.98334E-05 0.653928 9.98334E-05 9.98334E-05 9.98334E-05 0.0196369 9.98334E-05 9.98334E-05 9.98334E-05 9.98334E-05 9.98334E-05 9.98334E-05
9.9807E-05 9.9807E-05 9.9807E-05 9.9807E-05 9.9807E-05 9.9807E-05 9.9807E-05 9.9807E-05 0.877281 9.9807E-05 9.9807E-05 9.9807E-05 9.9807E-05 0.0911964 9.9807E-05 9.9807E-05 9.9807E-05 9.9807E-05 9.9807E-05 9.9807E-05 9.9807E-05 9.9807E-05 0.0293264 9.9807E-05 9.9807E-05
9.9851E-05 0.0146089 0.0338123 0.0682259 9.9851E-05 0.167087 9.9851E-05 9.9851E-05 9.9851E-05 9.9851E-05 9.9851E-05 9.9851E-05 0.00163736 9.9851E-05 0.634275 9.9851E-05 0.0688145 0.00984106 9.9851E-05 9.9851E-05 9.9851E-05 9.9851E-05 9.9851E-05 9.9851E-05 9.9851E-05
9.98161E-05 0.0703955 9.98161E-05 9.98161E-05 9.98161E-05 9.98161E-05 9.98161E-05 9.98161E-05 0.812028 9.98161E-05 9.98161E-05 9.98161E-05 0.00932385 9.98161E-05 9.98161E-05 9.98161E-05 9.98161E-05 9.98161E-05 9.98161E-05 9.98161E-05 9.98161E-05 0.106156 9.98161E-05 9.98161E-05 9.98161E-05
9.98161E-05 9.98161E-05 9.98161E-05 9.98161E-05 0.0848701 0.0169931 9.98161E-05 9.98161E-05 0.764844 9.98161E-05 9.98161E-05 9.98161E-05 0.131197 9.98161E-05 9.98161E-05 9.98161E-05 9.98161E-05 9.98161E-05 9.98161E-05 9.98161E-05 9.98161E-05 9.98161E-05 9.98161E-05 9.98161E-05 9.98161E-05
0.0382164 9.98334E-05 9.98334E-05 9.98334E-05 9.98334E-05 9.98334E-05 9.98334E-05 9.98334E-05 0.815316 9.98334E-05 9.98334E-05 0.0219978 9.98334E-05 9.98334E-05 9.98334E-05 9.98334E-05 9.98334E-05 9.98334E-05 9.98334E-05 9.98334E-05 0.086901 0.0335959 0.00207612 9.98334E-05 9.98334E-05
9.98159E-05 9.98159E-05 9.98159E-05 9.98159E-05 9.98159E-05 9.98159E-05 0.0570667 9.98159E-05 9.98159E-05 9.98159E-05 9.98159E-05 9.98159E-05 9.98159E-05 9.98159E-05 0.869531 0.0470485 9.98159E-05 9.98159E-05 9.98159E-05 9.98159E-05 9.98159E-05 0.0242573 9.98159E-05 9.98159E-05 9.98159E-05
9.98245E-05 9.98245E-05 9.98245E-05 9.98245E-05 9.98245E-05 9.98245E-05 9.98245E-05 0.00693541 9.98245E-05 0.0617007 9.98245E-05 9.98245E-05 9.98245E-05 9.98245E-05 0.905082 9.98245E-05 0.00874204 9.98245E-05 9.98245E-05 9.98245E-05 9.98245E-05 0.0155435 9.98245E-05 9.98245E-05 9.98245E-05
9.98244E-05 9.98244E-05 9.98244E-05 0.719731 9.98244E-05 9.98244E-05 9.98244E-05 9.98244E-05 9.98244E-05 9.98244E-05 9.98244E-05 9.98244E-05 9.98244E-05 0.0829722 9.98244E-05 9.98244E-05 0.0203163 9.98244E-05 9.98244E-05 9.98244E-05 9.98244E-05 0.137986 0.0369987 9.98244E-05 9.98244E-05
9.97898E-05 9.97898E-05 9.97898E-05 0.997605 9.97898E-05 9.97898E-05 9.97898E-05 9.97898E-05 9.97898E-05 9.97898E-05 9.97898E-05 9.97898E-05 9.97898E-05 9.97898E-05 9.97898E-05 9.97898E-05 9.97898E-05 9.97898E-05 9.97898E-05 9.97898E-05 9.97898E-05 9.97898E-05 9.97898E-05 9.97898E-05 9.97898E-05
9.97983E-05 9.97983E-05 9.97983E-05 0.944027 9.97983E-05 9.97983E-05 9.97983E-05 9.97983E-05 9.97983E-05 9.97983E-05 9.97983E-05 9.97983E-05 9.97983E-05 9.97983E-05 9.97983E-05 9.97983E-05 9.97983E-05 9.97983E-05 9.97983E-05 9.97983E-05 9.97983E-05 9.97983E-05 0.053678 9.97983E-05 9.97983E-05
9.98771E-05 9.98771E-05 9.98771E-05 0.294951 0.143117 9.98771E-05 9.98771E-05 0.220553 9.98771E-05 9.98771E-05 0.0100093 9.98771E-05 9.98771E-05 0.0562324 9.98771E-05 0.00467986 0.0897374 0.0748029 9.98771E-05 0.0178596 9.98771E-05 0.0615523 0.0251075 9.98771E-05 9.98771E-05
0.115605 9.98418E-05 9.98418E-05 0.681721 9.98418E-05 9.98418E-05 9.98418E-05 9.98418E-05 9.98418E-05 9.98418E-05 0.06003 9.98418E-05 9.98418E-05 9.98418E-05 9.98418E-05 9.98418E-05 0.0566776 0.0214452 9.98418E-05 9.98418E-05 9.98418E-05 0.0316665 0.0310577 9.98418E-05 9.98418E-05
0.0889688 9.98417E-05 9.98417E-05 0.655734 9.98417E-05 9.98417E-05 9.98417E-05 9.98417E-05 9.98417E-05 9.98417E-05 9.98417E-05 0.00898049 9.98417E-05 0.0297982 9.98417E-05 9.98417E-05 0.051393 9.98417E-05 0.03599 9.98417E-05 9.98417E-05 0.127338 9.98417E-05 9.98417E-05 9.98417E-05
9.98244E-05 9.98244E-05 9.98244E-05 0.572715 9.98244E-05 9.98244E-05 0.0237901 0.256865 9.98244E-05 9.98244E-05 9.98244E-05 9.98244E-05 9.98244E-05 9.98244E-05 9.98244E-05 0.0504919 9.98244E-05 9.98244E-05 9.98244E-05 9.98244E-05 9.98244E-05 0.0941411 9.98244E-05 9.98244E-05 9.98244E-05
9.98331E-05 9.98331E-05 9.98331E-05 0.588082 0.0513929 9.98331E-05 9.98331E-05 0.0665626 9.98331E-05 9.98331E-05 9.98331E-05 9.98331E-05 9.98331E-05 9.98331E-05 9.98331E-05 9.98331E-05 0.0836512 9.98331E-05 9.98331E-05 9.98331E-05 9.98331E-05 0.0773443 0.13107 9.98331E-05 9.98331E-05
9.98247E-05 9.98247E-05 9.98247E-05 0.972048 9.98247E-05 9.98247E-05 9.98247E-05 9.98247E-05 9.98247E-05 0.0102427 9.98247E-05 9.98247E-05 9.98247E-05 0.00940179 9.98247E-05 9.98247E-05 9.98247E-05 9.98247E-05 0.000771455 9.98247E-05 9.98247E-05 0.00553972 9.98247E-05 9.98247E-05 9.98247E-05
9.9807E-05 9.9807E-05 9.9807E-05 0.968701 9.9807E-05 9.9807E-05 0.00846924 9.9807E-05 9.9807E-05 9.9807E-05 9.9807E-05 0.0206337 9.9807E-05 9.9807E-05 9.9807E-05 9.9807E-05 9.9807E-05 9.9807E-05 9.9807E-05 9.9807E-05 9.9807E-05 9.9807E-05 9.9807E-05 9.9807E-05 9.9807E-05
9.98155E-05 9.98155E-05 9.98155E-05 0.519535 9.98155E-05 9.98155E-05 9.98155E-05 9.98155E-05 9.98155E-05 9.98155E-05 9.98155E-05 9.98155E-05 9.98155E-05 9.98155E-05 9.98155E-05 0.130649 0.110089 9.98155E-05 9.98155E-05 9.98155E-05 9.98155E-05 0.23763 9.98155E-05 9.98155E-05 9.98155E-05
0.172588 0.0800842 9.98595E-05 0.524979 9.98595E-05 0.0314018 0.0235461 0.0588053 9.98595E-05 9.98595E-05 9.98595E-05 9.98595E-05 0.0190582 9.98595E-05 9.98595E-05 9.98595E-05 9.98595E-05 0.03755 9.98595E-05 9.98595E-05 9.98595E-05 0.0503902 9.98595E-05 9.98595E-05 9.98595E-05
9.98418E-05 9.98418E-05 0.0239514 0.522244 0.0709132 0.11932 9.98418E-05 9.98418E-05 9.98418E-05 9.98418E-05 9.98418E-05 0.0915974 9.98418E-05 9.98418E-05 9.98418E-05 0.0487727 0.121404 9.98418E-05 9.98418E-05 9.98418E-05 9.98418E-05 9.98418E-05 9.98418E-05 9.98418E-05 9.98418E-05
0.128534 9.98243E-05 9.98243E-05 0.633261 9.98243E-05 9.98243E-05 9.98243E-05 0.0174386 9.98243E-05 9.98243E-05 9.98243E-05 9.98243E-05 9.98243E-05 9.98243E-05 9.98243E-05 9.98243E-05 9.98243E-05 9.98243E-05 9.98243E-05 9.98243E-05 0.0432964 0.175473 9.98243E-05 9.98243E-05 9.98243E-05
9.98073E-05 9.98073E-05 9.98073E-05 0.86587 0.056281 9.98073E-05 9.98073E-05 9.98073E-05 9.98073E-05 0.0756536 9.98073E-05 9.98073E-05 9.98073E-05 9.98073E-05 9.98073E-05 9.98073E-05 9.98073E-05 9.98073E-05 9.98073E-05 9.98073E-05 9.98073E-05 9.98073E-05 9.98073E-05 9.98073E-05 9.98073E-05
9.98159E-05 9.98159E-05 9.98159E-05 0.922243 9.98159E-05 9.98159E-05 0.00966347 9.98159E-05 9.98159E-05 9.98159E-05 9.98159E-05 9.98159E-05 9.98159E-05 9.98159E-05 9.98159E-05 9.98159E-05 0.0483339 9.98159E-05 9.98159E-05 9.98159E-05 9.98159E-05 9.98159E-05 9.98159E-05 9.98159E-05 0.017664
9.98331E-05 9.98331E-05 9.98331E-05 0.649618 0.121745 9.98331E-05 9.98331E-05 9.98331E-05 9.98331E-05 9.98331E-05 9.98331E-05 9.98331E-05 9.98331E-05 9.98331E-05 9.98331E-05 9.98331E-05 9.98331E-05 0.0227473 9.98331E-05 9.98331E-05 0.142996 0.0575075 0.00349001 9.98331E-05 9.98331E-05
0.115765 9.9842E-05 9.9842E-05 0.650243 9.9842E-05 9.9842E-05 0.0367297 9.9842E-05 9.9842E-05 9.9842E-05 9.9842E-05 0.0751261 9.9842E-05 9.9842E-05 9.9842E-05 0.0794032 0.0336424 9.9842E-05 9.9842E-05 9.9842E-05 0.0072934 9.9842E-05 9.9842E-05 9.9842E-05 9.9842E-05
0.0112438 9.98245E-05 9.98245E-05 0.849985 9.98245E-05 9.98245E-05 9.98245E-05 9.98245E-05 9.98245E-05 9.98245E-05 9.98245E-05 9.98245E-05 9.98245E-05 9.98245E-05 9.98245E-05 9.98245E-05 0.0127346 9.98245E-05 9.98245E-05 9.98245E-05 9.98245E-05 0.0549895 0.0690509 9.98245E-05 9.98245E-05
9.98418E-05 9.98418E-05 9.98418E-05 0.534028 0.0471845 0.050239 9.98418E-05 9.98418E-05 9.98418E-05 0.156335 9.98418E-05 9.98418E-05 0.0168345 9.98418E-05 9.98418E-05 0.0374764 9.98418E-05 9.98418E-05 9.98418E-05 9.98418E-05 9.98418E-05 0.156105 9.98418E-05 9.98418E-05 9.98418E-05
9.98075E-05 9.98075E-05 9.98075E-05 0.985327 9.98075E-05 9.98075E-05 9.98075E-05 9.98075E-05 9.98075E-05 9.98075E-05 9.98075E-05 9.98075E-05 9.98075E-05 9.98075E-05 9.98075E-05 9.98075E-05 9.98075E-05 0.0106101 9.98075E-05 9.98075E-05 9.98075E-05 9.98075E-05 9.98075E-05 0.00186705 9.98075E-05
0.281015 9.98155E-05 9.98155E-05 0.662017 0.0481987 9.98155E-05 9.98155E-05 0.00667334 9.98155E-05 9.98155E-05 9.98155E-05 9.98155E-05 9.98155E-05 9.98155E-05 9.98155E-05 9.98155E-05 9.98155E-05 9.98155E-05 9.98155E-05 9.98155E-05 9.98155E-05 9.98155E-05 9.98155E-05 9.98155E-05 9.98155E-05
0.0910405 9.98422E-05 9.98422E-05 0.598356 0.0114006 9.98422E-05 9.98422E-05 0.0259326 9.98422E-05 9.98422E-05 9.98422E-05 9.98422E-05 0.0322597 9.98422E-05 9.98422E-05 9.98422E-05 9.98422E-05 9.98422E-05 9.98422E-05 0.207552 9.98422E-05 0.0316608 9.98422E-05 9.98422E-05 9.98422E-05
9.98334E-05 9.98334E-05 9.98334E-05 0.711766 0.036302 9.98334E-05 9.98334E-05 9.98334E-05 9.98334E-05 9.98334E-05 9.98334E-05 9.98334E-05 9.98334E-05 9.98334E-05 9.98334E-05 9.98334E-05 0.0124266 9.98334E-05 0.0669057 9.98334E-05 0.124481 9.98334E-05 0.0462217 9.98334E-05 9.98334E-05
9.98067E-05 9.98067E-05 9.98067E-05 0.781974 9.98067E-05 9.98067E-05 9.98067E-05 9.98067E-05 9.98067E-05 9.98067E-05 9.98067E-05 0.160183 9.98067E-05 9.98067E-05 9.98067E-05 0.0556472 9.98067E-05 9.98067E-05 9.98067E-05 9.98067E-05 9.98067E-05 9.98067E-05 9.98067E-05 9.98067E-05 9.98067E-05
9.97987E-05 9.97987E-05 9.97987E-05 0.982379 9.97987E-05 9.97987E-05 9.97987E-05 9.97987E-05 9.97987E-05 9.97987E-05 9.97987E-05 9.97987E-05 9.97987E-05 9.97987E-05 9.97987E-05 9.97987E-05 0.0153257 9.97987E-05 9.97987E-05 9.97987E-05 9.97987E-05 9.97987E-05 9.97987E-05 9.97987E-05 9.97987E-05
9.97897E-05 9.97897E-05 9.97897E-05 0.997605 9.97897E-05 9.97897E-05 9.97897E-05 9.97897E-05 9.97897E-05 9.97897E-05 9.97897E-05 9.97897E-05 9.97897E-05 9.97897E-05 9.97897E-05 9.97897E-05 9.97897E-05 9.97897E-05 9.97897E-05 9.97897E-05 9.97897E-05 9.97897E-05 9.97897E-05 9.97897E-05 9.97897E-05
9.97897E-05 9.97897E-05 9.97897E-05 0.997605 9.97897E-05 9.97897E-05 9.97897E-05 9.97897E-05 9.97897E-05 9.97897E-05 9.97897E-05 9.97897E-05 9.97897E-05 9.97897E-05 9.97897E-05 9.97897E-05 9.97897E-05 9.97897E-05 9.97897E-05 9.97897E-05 9.97897E-05 9.97897E-05 9.97897E-05 9.97897E-05 9.97897E-05
9.98246E-05 9.98246E-05 9.98246E-05 0.879515 9.98246E-05 9.98246E-05 9.98246E-05 9.98246E-05 9.98246E-05 9.98246E-05 9.98246E-05 0.0247885 9.98246E-05 9.98246E-05 9.98246E-05 9.98246E-05 0.00356233 9.98246E-05 9.98246E-05 9.98246E-05 9.98246E-05 0.00414742 0.0859902 9.98246E-05 9.98246E-05
9.98246E-05 9.98246E-05 9.98246E-05 0.515062 9.98246E-05 9.98246E-05 9.98246E-05 9.98246E-05 9.98246E-05 0.0192226 9.98246E-05 9.98246E-05 9.98246E-05 9.98246E-05 9.98246E-05 9.98246E-05 0.000295579 9.98246E-05 9.98246E-05 0.374995 9.98246E-05 0.0884287 9.98246E-05 9.98246E-05 9.98246E-05
9.98071E-05 9.98071E-05 9.98071E-05 9.98071E-05 0.794285 9.98071E-05 9.98071E-05 9.98071E-05 9.98071E-05 9.98071E-05 9.98071E-05 9.98071E-05 9.98071E-05 9.98071E-05 9.98071E-05 9.98071E-05 0.132723 9.98071E-05 9.98071E-05 9.98071E-05 9.98071E-05 0.0707958 9.98071E-05 9.98071E-05 9.98071E-05
9.98158E-05 9.98158E-05 9.98158E-05 9.98158E-05 0.138316 9.98158E-05 9.98158E-05 9.98158E-05 9.98158E-05 9.98158E-05 9.98158E-05 9.98158E-05 9.98158E-05 0.159378 9.98158E-05 9.98158E-05 9.98158E-05 9.98158E-05 9.98158E-05 0.41766 9.98158E-05 9.98158E-05 9.98158E-05 0.28255 9.98158E-05
0.00227426 9.98244E-05 0.0349507 9.98244E-05 0.481962 9.98244E-05 9.98244E-05 9.98244E-05 9.98244E-05 9.98244E-05 9.98244E-05 9.98244E-05 9.98244E-05 0.47819 9.98244E-05 9.98244E-05 9.98244E-05 9.98244E-05 9.98244E-05 9.98244E-05 9.98244E-05 0.000626308 9.98244E-05 9.98244E-05 9.98244E-05
9.9833E-05 9.9833E-05 9.9833E-05 9.9833E-05 0.584423 9.9833E-05 9.9833E-05 9.9833E-05 9.9833E-05 9.9833E-05 9.9833E-05 9.9833E-05 9.9833E-05 0.260045 9.9833E-05 0.0127025 0.000216463 9.9833E-05 9.9833E-05 9.9833E-05 9.9833E-05 0.0964309 0.0442857 9.9833E-05 9.9833E-05
9.98069E-05 9.98069E-05 9.98069E-05 9.98069E-05 0.941588 9.98069E-05 9.98069E-05 9.98069E-05 9.98069E-05 9.98069E-05 9.98069E-05 0.0250413 9.98069E-05 9.98069E-05 9.98069E-05 9.98069E-05 0.0311745 9.98069E-05 9.98069E-05 9.98069E-05 9.98069E-05 9.98069E-05 9.98069E-05 9.98069E-05 9.98069E-05
9.98245E-05 9.98245E-05 9.98245E-05 9.98245E-05 0.619705 9.98245E-05 9.98245E-05 0.0525008 9.98245E-05 9.98245E-05 9.98245E-05 9.98245E-05 9.98245E-05 9.98245E-05 9.98245E-05 9.98245E-05 0.129689 9.98245E-05 9.98245E-05 0.0658538 9.98245E-05 0.130255 9.98245E-05 9.98245E-05 9.98245E-05
9.98331E-05 9.98331E-05 9.98331E-05 9.98331E-05 9.98331E-05 9.98331E-05 9.98331E-05 9.98331E-05 9.98331E-05 9.98331E-05 9.98331E-05 0.0215514 9.98331E-05 0.897988 9.98331E-05 0.00856052 0.0143238 9.98331E-05 9.98331E-05 9.98331E-05 9.98331E-05 0.0282444 0.0274347 9.98331E-05 9.98331E-05
9.98067E-05 9.98067E-05 9.98067E-05 9.98067E-05 0.33111 9.98067E-05 9.98067E-05 9.98067E-05 9.98067E-05 9.98067E-05 9.98067E-05 9.98067E-05 9.98067E-05 0.521523 9.98067E-05 9.98067E-05 0.145171 9.98067E-05 9.98067E-05 9.98067E-05 9.98067E-05 9.98067E-05 9.98067E-05 9.98067E-05 9.98067E-05
9.98419E-05 9.98419E-05 9.98419E-05 9.98419E-05 0.163035 9.98419E-05 9.98419E-05 0.149243 9.98419E-05 0.11516 9.98419E-05 0.00270241 9.98419E-05 0.225374 9.98419E-05 9.98419E-05 0.307127 9.98419E-05 9.98419E-05 9.98419E-05 9.98419E-05 0.0355614 9.98419E-05 9.98419E-05 9.98419E-05
9.98244E-05 9.98244E-05 9.98244E-05 9.98244E-05 0.224411 9.98244E-05 0.0831387 9.98244E-05 9.98244E-05 9.98244E-05 9.98244E-05 9.98244E-05 9.98244E-05 0.409555 9.98244E-05 9.98244E-05 0.146828 9.98244E-05 9.98244E-05 9.98244E-05 9.98244E-05 0.13407 9.98244E-05 9.98244E-05 9.98244E-05
9.98245E-05 9.98245E-05 9.98245E-05 9.98245E-05 0.160724 9.98245E-05 9.98245E-05 0.122576 9.98245E-05 9.98245E-05 9.98245E-05 9.98245E-05 9.98245E-05 0.272602 9.98245E-05 9.98245E-05 9.98245E-05 9.98245E-05 9.98245E-05 9.98245E-05 9.98245E-05 0.0511692 9.98245E-05 9.98245E-05 0.390932
9.98334E-05 9.98334E-05 9.98334E-05 9.98334E-05 0.465547 0.0261863 9.98334E-05 0.0852917 9.98334E-05 9.98334E-05 9.98334E-05 9.98334E-05 9.98334E-05 0.207618 9.98334E-05 0.0160375 9.98334E-05 9.98334E-05 9.98334E-05 9.98334E-05 9.98334E-05 9.98334E-05 9.98334E-05 0.197423 9.98334E-05
9.9807E-05 9.9807E-05 9.9807E-05 9.9807E-05 0.27575 9.9807E-05 9.9807E-05 9.9807E-05 9.9807E-05 9.9807E-05 9.9807E-05 9.9807E-05 9.9807E-05 0.702599 9.9807E-05 9.9807E-05 0.0194552 9.9807E-05 9.9807E-05 9.9807E-05 9.9807E-05 9.9807E-05 9.9807E-05 9.9807E-05 9.9807E-05
9.98334E-05 9.98334E-05 9.98334E-05 9.98334E-05 0.396612 9.98334E-05 9.98334E-05 9.98334E-05 9.98334E-05 9.98334E-05 9.98334E-05 9.98334E-05 9.98334E-05 0.103618 9.98334E-05 9.98334E-05 0.16425 9.98334E-05 0.0104413 9.98334E-05 9.98334E-05 0.0942727 9.98334E-05 9.98334E-05 0.22891
9.98597E-05 9.98597E-05 9.98597E-05 9.98597E-05 0.459943 0.00756628 9.98597E-05 0.0628028 9.98597E-05 9.98597E-05 9.98597E-05 0.00901083 9.98597E-05 0.176554 9.98597E-05 0.0114357 0.0172444 9.98597E-05 9.98597E-05 0.122244 9.98597E-05 9.98597E-05 0.131602 9.98597E-05 9.98597E-05
9.98684E-05 9.98684E-05 9.98684E-05 9.98684E-05 0.629688 9.98684E-05 0.0474261 0.0576676 9.98684E-05 0.130625 9.98684E-05 9.98684E-05 9.98684E-05 9.98684E-05 9.98684E-05 0.0254351 0.02422 0.00866822 9.98684E-05 0.000727482 9.98684E-05 0.0698556 9.98684E-05 0.00418901 9.98684E-05
9.98333E-05 9.98333E-05 9.98333E-05 9.98333E-05 0.525037 9.98333E-05 9.98333E-05 0.235728 9.98333E-05 9.98333E-05 0.0266638 9.98333E-05 9.98333E-05 0.0421954 9.98333E-05 9.98333E-05 9.98333E-05 9.98333E-05 9.98333E-05 9.98333E-05 9.98333E-05 0.084526 9.98333E-05 9.98333E-05 0.0839539
0.032493 9.98335E-05 9.98335E-05 9.98335E-05 0.80219 9.98335E-05 9.98335E-05 9.98335E-05 9.98335E-05 9.98335E-05 9.98335E-05 9.98335E-05 9.98335E-05 9.98335E-05 0.00250496 9.98335E-05 0.0661107 0.0169437 9.98335E-05 9.98335E-05 9.98335E-05 9.98335E-05 9.98335E-05 9.98335E-05 0.0778604
9.98072E-05 9.98072E-05 9.98072E-05 9.98072E-05 0.809457 9.98072E-05 9.98072E-05 9.98072E-05 9.98072E-05 9.98072E-05 9.98072E-05 9.98072E-05 9.98072E-05 9.98072E-05 9.98072E-05 0.0403989 9.98072E-05 9.98072E-05 9.98072E-05 9.98072E-05 9.98072E-05 9.98072E-05 9.98072E-05 9.98072E-05 0.147949
9.98508E-05 0.0378636 9.98508E-05 9.98508E-05 0.319089 9.98508E-05 9.98508E-05 9.98508E-05 9.98508E-05 0.0115845 0.0425661 9.98508E-05 0.0277189 9.98508E-05 9.98508E-05 9.98508E-05 0.0922177 9.98508E-05 9.98508E-05 9.98508E-05 9.98508E-05 0.0325112 9.98508E-05 0.434752 9.98508E-05
9.98334E-05 9.98334E-05 9.98334E-05 9.98334E-05 0.659578 9.98334E-05 9.98334E-05 0.154081 9.98334E-05 9.98334E-05 9.98334E-05 9.98334E-05 9.98334E-05 9.98334E-05 9.98334E-05 9.98334E-05 0.0111571 9.98334E-05 9.98334E-05 0.0971165 9.98334E-05 0.0688101 9.98334E-05 9.98334E-05 0.0073607
9.98071E-05 9.98071E-05 9.98071E-05 9.98071E-05 0.9259 9.98071E-05 9.98071E-05 9.98071E-05 9.98071E-05 9.98071E-05 9.98071E-05 9.98071E-05 9.98071E-05 0.0461641 9.98071E-05 9.98071E-05 0.0257399 9.98071E-05 9.98071E-05 9.98071E-05 9.98071E-05 9.98071E-05 9.98071E-05 9.98071E-05 9.98071E-05
9.98245E-05 9.98245E-05 9.98245E-05 9.98245E-05 0.53735 9.98245E-05 9.98245E-05 0.0263089 9.98245E-05 9.98245E-05 0.043153 9.98245E-05 9.98245E-05 9.98245E-05 9.98245E-05 9.98245E-05 0.199058 9.98245E-05 9.98245E-05 9.98245E-05 9.98245E-05 0.192134 9.98245E-05 9.98245E-05 9.98245E-05
9.98246E-05 9.98246E-05 9.98246E-05 9.98246E-05 0.458702 9.98246E-05 9.98246E-05 9.98246E-05 9.98246E-05 9.98246E-05 9.98246E-05 9.98246E-05 9.98246E-05 0.243445 9.98246E-05 9.98246E-05 0.129056 9.98246E-05 9.98246E-05 0.11833 9.98246E-05 9.98246E-05 9.98246E-05 9.98246E-05 0.0484691
9.98333E-05 9.98333E-05 0.0137376 9.98333E-05 0.441676 9.98333E-05 9.98333E-05 0.135596 9.98333E-05 9.98333E-05 0.0938165 9.98333E-05 9.98333E-05 9.98333E-05 9.98333E-05 9.98333E-05 0.138182 9.98333E-05 9.98333E-05 9.98333E-05 9.98333E-05 0.175095 9.98333E-05 9.98333E-05 9.98333E-05
9.98246E-05 9.98246E-05 9.98246E-05 9.98246E-05 9.98246E-05 9.98246E-05 9.98246E-05 0.0877335 9.98246E-05 9.98246E-05 9.98246E-05 9.98246E-05 9.98246E-05 0.807469 9.98246E-05 9.98246E-05 0.0507193 9.98246E-05 9.98246E-05 9.98246E-05 9.98246E-05 0.0118153 9.98246E-05 9.98246E-05 0.0402665
9.98159E-05 9.98159E-05 9.98159E-05 9.98159E-05 0.0801046 9.98159E-05 9.98159E-05 9.98159E-05 9.98159E-05 9.98159E-05 9.98159E-05 9.98159E-05 0.00682714 9.98159E-05 9.98159E-05 9.98159E-05 9.98159E-05 9.98159E-05 0.0669299 9.98159E-05 9.98159E-05 9.98159E-05 9.98159E-05 0.844042 9.98159E-05
9.9833E-05 9.9833E-05 9.9833E-05 9.9833E-05 0.557928 9.9833E-05 0.0145532 9.9833E-05 9.9833E-05 9.9833E-05 9.9833E-05 9.9833E-05 9.9833E-05 0.193809 9.9833E-05 0.0181319 0.0379689 9.9833E-05 9.9833E-05 9.9833E-05 9.9833E-05 0.175711 9.9833E-05 9.9833E-05 9.9833E-05
9.98248E-05 9.98248E-05 9.98248E-05 9.98248E-05 0.47046 9.98248E-05 9.98248E-05 0.0292456 9.98248E-05 9.98248E-05 9.98248E-05 9.98248E-05 9.98248E-05 0.113545 9.98248E-05 9.98248E-05 0.200831 9.98248E-05 9.98248E-05 9.98248E-05 9.98248E-05 0.183922 9.98248E-05 9.98248E-05 9.98248E-05
9.98245E-05 9.98245E-05 9.98245E-05 9.98245E-05 0.551409 9.98245E-05 9.98245E-05 9.98245E-05 9.98245E-05 9.98245E-05 0.0442793 9.98245E-05 9.98245E-05 9.98245E-05 9.98245E-05 0.0203068 9.98245E-05 9.98245E-05 9.98245E-05 0.297121 9.98245E-05 0.0848875 9.98245E-05 9.98245E-05 9.98245E-05
9.98245E-05 9.98245E-05 9.98245E-05 9.98245E-05 0.125594 0.0264684 9.98245E-05 9.98245E-05 9.98245E-05 9.98245E-05 9.98245E-05 9.98245E-05 9.98245E-05 0.726939 9.98245E-05 0.0373005 9.98245E-05 9.98245E-05 9.98245E-05 9.98245E-05 9.98245E-05 0.0817021 9.98245E-05 9.98245E-05 9.98245E-05
9.98243E-05 9.98243E-05 9.98243E-05 9.98243E-05 0.41858 0.0265476 9.98243E-05 9.98243E-05 9.98243E-05 9.98243E-05 0.00956095 9.98243E-05 9.98243E-05 0.513398 9.98243E-05 9.98243E-05 9.98243E-05 9.98243E-05 9.98243E-05 0.0299172 9.98243E-05 9.98243E-05 9.98243E-05 9.98243E-05 9.98243E-05
9.98244E-05 9.98244E-05 0.0160608 9.98244E-05 0.514722 9.98244E-05 9.98244E-05 9.98244E-05 9.98244E-05 9.98244E-05 0.153934 9.98244E-05 9.98244E-05 9.98244E-05 9.98244E-05 9.98244E-05 0.167658 9.98244E-05 9.98244E-05 9.98244E-05 9.98244E-05 0.145629 9.98244E-05 9.98244E-05 9.98244E-05
9.98419E-05 0.122938 9.98419E-05 9.98419E-05 0.377529 9.98419E-05 9.98419E-05 9.98419E-05 9.98419E-05 0.0363971 0.0262409 9.98419E-05 9.98419E-05 0.320593 9.98419E-05 9.98419E-05 0.00673501 9.98419E-05 9.98419E-05 9.98419E-05 9.98419E-05 0.107771 9.98419E-05 9.98419E-05 9.98419E-05
9.97982E-05 9.97982E-05 9.97982E-05 9.97982E-05 0.374042 9.97982E-05 9.97982E-05 9.97982E-05 9.97982E-05 9.97982E-05 9.97982E-05 9.97982E-05 9.97982E-05 0.623662 9.97982E-05 9.97982E-05 9.97982E-05 9.97982E-05 9.97982E-05 9.97982E-05 9.97982E-05 9.97982E-05 9.97982E-05 9.97982E-05 9.97982E-05
9.98508E-05 9.98508E-05 9.98508E-05 9.98508E-05 0.443391 9.98508E-05 0.0261672 9.98508E-05 9.98508E-05 0.131132 9.98508E-05 9.98508E-05 9.98508E-05 0.0914869 9.98508E-05 9.98508E-05 0.0272137 0.0106887 9.98508E-05 9.98508E-05 9.98508E-05 9.98508E-05 9.98508E-05 0.0192292 0.248993
9.98157E-05 9.98157E-05 9.98157E-05 9.98157E-05 0.670461 9.98157E-05 9.98157E-05 9.98157E-05 9.98157E-05 9.98157E-05 9.98157E-05 0.0208911 9.98157E-05 9.98157E-05 9.98157E-05 9.98157E-05 0.0531246 9.98157E-05 9.98157E-05 9.98157E-05 9.98157E-05 0.253427 9.98157E-05 9.98157E-05 9.98157E-05
9.98156E-05 9.98156E-05 9.98156E-05 9.98156E-05 0.197428 9.98156E-05 0.0438187 9.98156E-05 9.98156E-05 9.98156E-05 9.98156E-05 9.98156E-05 9.98156E-05 9.98156E-05 9.98156E-05 9.98156E-05 9.98156E-05 9.98156E-05 9.98156E-05 0.367592 9.98156E-05 9.98156E-05 9.98156E-05 9.98156E-05 0.389065
9.98246E-05 9.98246E-05 9.98246E-05 9.98246E-05 0.464137 9.98246E-05 9.98246E-05 9.98246E-05 9.98246E-05 9.98246E-05 9.98246E-05 9.98246E-05 9.98246E-05 0.0758084 9.98246E-05 9.98246E-05 9.98246E-05 9.98246E-05 9.98246E-05 0.161935 9.98246E-05 0.0964302 9.98246E-05 9.98246E-05 0.199692
9.9807E-05 9.9807E-05 9.9807E-05 9.9807E-05 0.170484 9.9807E-05 9.9807E-05 9.9807E-05 9.9807E-05 9.9807E-05 9.9807E-05 9.9807E-05 9.9807E-05 0.340666 9.9807E-05 9.9807E-05 9.9807E-05 9.9807E-05 9.9807E-05 0.486655 9.9807E-05 9.9807E-05 9.9807E-05 9.9807E-05 9.9807E-05
9.98334E-05 9.98334E-05 9.98334E-05 9.98334E-05 0.066011 9.98334E-05 9.98334E-05 9.98334E-05 9.98334E-05 9.98334E-05 0.104321 9.98334E-05 9.98334E-05 0.182759 9.98334E-05 9.98334E-05 0.00469066 9.98334E-05 0.00389029 9.98334E-05 9.98334E-05 9.98334E-05 9.98334E-05 9.98334E-05 0.636431
9.98158E-05 9.98158E-05 9.98158E-05 9.98158E-05 0.655153 9.98158E-05 9.98158E-05 0.0554338 9.98158E-05 9.98158E-05 9.98158E-05 9.98158E-05 9.98158E-05 9.98158E-05 9.98158E-05 9.98158E-05 0.037909 9.98158E-05 9.98158E-05 9.98158E-05 9.98158E-05 0.249408 9.98158E-05 9.98158E-05 9.98158E-05
9.98246E-05 0.0781948 9.98246E-05 9.98246E-05 0.762448 9.98246E-05 9.98246E-05 9.98246E-05 9.98246E-05 0.00371827 9.98246E-05 9.98246E-05 9.98246E-05 9.98246E-05 9.98246E-05 9.98246E-05 0.11685 9.98246E-05 9.98246E-05 9.98246E-05 9.98246E-05 9.98246E-05 9.98246E-05 9.98246E-05 0.0367926
9.98246E-05 9.98246E-05 9.98246E-05 9.98246E-05 0.00186038 9.98246E-05 9.98246E-05 9.98246E-05 9.98246E-05 9.98246E-05 0.00299858 9.98246E-05 9.98246E-05 9.98246E-05 9.98246E-05 9.98246E-05 0.0956523 9.98246E-05 9.98246E-05 9.98246E-05 9.98246E-05 0.00764965 9.98246E-05 0.889843 9.98246E-05
9.97981E-05 9.97981E-05 9.97981E-05 9.97981E-05 9.97981E-05 9.97981E-05 9.97981E-05 9.97981E-05 9.97981E-05 9.97981E-05 9.97981E-05 9.97981E-05 9.97981E-05 0.622645 9.97981E-05 9.97981E-05 9.97981E-05 9.97981E-05 9.97981E-05 9.97981E-05 9.97981E-05 9.97981E-05 9.97981E-05 0.37506 9.97981E-05
0.0832126 9.98595E-05 9.98595E-05 9.98595E-05 0.367473 9.98595E-05 9.98595E-05 0.110515 9.98595E-05 9.98595E-05 0.124618 9.98595E-05 0.0108557 0.129269 9.98595E-05 9.98595E-05 0.151141 9.98595E-05 9.98595E-05 9.98595E-05 9.98595E-05 0.0108599 0.0104578 9.98595E-05 9.98595E-05
9.98509E-05 9.98509E-05 9.98509E-05 0.014327 9.98509E-05 9.98509E-05 9.98509E-05 9.98509E-05 9.98509E-05 0.129596 9.98509E-05 0.0725457 9.98509E-05 0.580546 9.98509E-05 9.98509E-05 0.0505752 0.0342255 9.98509E-05 9.98509E-05 9.98509E-05 0.0915385 0.0249478 9.98509E-05 9.98509E-05
0.0406037 9.98773E-05 9.98773E-05 9.98773E-05 0.249625 0.0146733 9.98773E-05 0.0214911 9.98773E-05 0.0325986 9.98773E-05 0.0692808 9.98773E-05 0.23848 9.98773E-05 9.98773E-05 0.0912545 9.98773E-05 0.0790372 9.98773E-05 9.98773E-05 0.0600023 9.98773E-05 0.101555 9.98773E-05
0.144681 9.98247E-05 9.98247E-05 9.98247E-05 0.376276 9.98247E-05 9.98247E-05 9.98247E-05 9.98247E-05 9.98247E-05 9.98247E-05 9.98247E-05 9.98247E-05 9.98247E-05 9.98247E-05 0.0955405 0.240197 9.98247E-05 9.98247E-05 9.98247E-05 9.98247E-05 0.141309 9.98247E-05 9.98247E-05 9.98247E-05
9.98245E-05 9.98245E-05 9.98245E-05 9.98245E-05 0.16172 9.98245E-05 9.98245E-05 9.98245E-05 9.98245E-05 9.98245E-05 9.98245E-05 9.98245E-05 9.98245E-05 0.199099 9.98245E-05 9.98245E-05 9.98245E-05 9.98245E-05 9.98245E-05 0.255595 9.98245E-05 0.0186805 9.98245E-05 9.98245E-05 0.36291
9.98245E-05 9.98245E-05 9.98245E-05 9.98245E-05 0.717555 0.0267626 0.141394 9.98245E-05 9.98245E-05 9.98245E-05 9.98245E-05 9.98245E-05 9.98245E-05 0.023316 9.98245E-05 9.98245E-05 9.98245E-05 9.98245E-05 9.98245E-05 9.98245E-05 9.98245E-05 0.0889753 9.98245E-05 9.98245E-05 9.98245E-05
