0.170219 9.98771E-05 9.98771E-05 0.0687325 0.028811 9.98771E-05 9.98771E-05 9.98771E-05 9.98771E-05 9.98771E-05 9.98771E-05 0.128003 0.0413702 0.0306153 9.98771E-05 9.98771E-05 0.0650454 9.98771E-05 0.40076 9.98771E-05 9.98771E-05 9.98771E-05 0.0650452
9.98334E-05 9.98334E-05 9.98334E-05 9.98334E-05 9.98334E-05 9.98334E-05 9.98334E-05 9.98334E-05 9.98334E-05 9.98334E-05 9.98334E-05 9.98334E-05 0.112936 9.98334E-05 9.98334E-05 9.98334E-05 0.117542 9.98334E-05 0.723251 0.0443741 9.98334E-05 9.98334E-05 9.98334E-05
9.98333E-05 0.00237897 9.98333E-05 9.98333E-05 0.00737161 9.98333E-05 9.98333E-05 9.98333E-05 9.98333E-05 9.98333E-05 9.98333E-05 9.98333E-05 9.98333E-05 9.98333E-05 9.98333E-05 9.98333E-05 9.98333E-05 9.98333E-05 0.947583 9.98333E-05 9.98333E-05 0.0407692 9.98333E-05
9.98947E-05 9.98947E-05 9.98947E-05 9.98947E-05 9.98947E-05 0.00341514 9.98947E-05 0.0664312 0.112327 9.98947E-05 9.98947E-05 0.135373 0.116743 9.98947E-05 0.0396602 9.98947E-05 9.98947E-05 9.98947E-05 0.177668 0.0385415 0.213653 0.0421509 0.0528381
9.98333E-05 9.98333E-05 9.98333E-05 9.98333E-05 9.98333E-05 0.067057 9.98333E-05 9.98333E-05 9.98333E-05 9.98333E-05 9.98333E-05 9.98333E-05 0.337722 9.98333E-05 0.0498689 9.98333E-05 9.98333E-05 9.98333E-05 0.543455 9.98333E-05 9.98333E-05 9.98333E-05 9.98333E-05
0.16827 9.98683E-05 0.0934388 9.98683E-05 9.98683E-05 9.98683E-05 9.98683E-05 9.98683E-05 0.0470522 9.98683E-05 9.98683E-05 9.98683E-05 9.98683E-05 0.0388717 0.117565 9.98683E-05 9.98683E-05 0.0576428 0.285169 9.98683E-05 9.98683E-05 0.190492 9.98683E-05
0.109029 0.0366614 9.98771E-05 9.98771E-05 0.0736422 9.98771E-05 9.98771E-05 0.0789161 0.0919286 9.98771E-05 9.98771E-05 0.137329 0.391712 9.98771E-05 9.98771E-05 9.98771E-05 9.98771E-05 9.98771E-05 9.98771E-05 9.98771E-05 0.0138529 9.98771E-05 0.0655313
0.0502075 9.98772E-05 9.98772E-05 0.0457857 9.98772E-05 0.0873135 9.98772E-05 9.98772E-05 9.98772E-05 0.0566887 9.98772E-05 0.181152 0.196186 0.16727 0.0903178 9.98772E-05 9.98772E-05 0.12368 9.98772E-05 9.98772E-05 9.98772E-05 9.98772E-05 9.98772E-05
9.98596E-05 9.98596E-05 9.98596E-05 9.98596E-05 0.139667 0.0215653 9.98596E-05 9.98596E-05 9.98596E-05 9.98596E-05 9.98596E-05 0.00651044 9.98596E-05 9.98596E-05 9.98596E-05 9.98596E-05 9.98596E-05 0.249981 0.291859 9.98596E-05 0.0847343 9.98596E-05 0.204085
9.98246E-05 9.98246E-05 9.98246E-05 9.98246E-05 9.98246E-05 9.98246E-05 9.98246E-05 9.98246E-05 0.0199083 9.98246E-05 9.98246E-05 9.98246E-05 9.98246E-05 9.98246E-05 9.98246E-05 9.98246E-05 9.98246E-05 9.98246E-05 0.894373 9.98246E-05 9.98246E-05 9.98246E-05 0.0837218
0.0618827 9.98597E-05 9.98597E-05 9.98597E-05 9.98597E-05 9.98597E-05 9.98597E-05 0.13763 9.98597E-05 9.98597E-05 9.98597E-05 0.0929984 0.0487105 9.98597E-05 9.98597E-05 9.98597E-05 9.98597E-05 0.0102713 0.476386 9.98597E-05 9.98597E-05 9.98597E-05 0.170524
9.98158E-05 9.98158E-05 9.98158E-05 9.98158E-05 9.98158E-05 9.98158E-05 9.98158E-05 9.98158E-05 9.98158E-05 9.98158E-05 0.0325238 9.98158E-05 9.98158E-05 9.98158E-05 9.98158E-05 9.98158E-05 9.98158E-05 9.98158E-05 0.96538 9.98158E-05 9.98158E-05 9.98158E-05 9.98158E-05
9.98332E-05 9.98332E-05 9.98332E-05 9.98332E-05 9.98332E-05 9.98332E-05 9.98332E-05 9.98332E-05 9.98332E-05 9.98332E-05 9.98332E-05 0.0940991 0.0673332 9.98332E-05 9.98332E-05 9.98332E-05 9.98332E-05 9.98332E-05 0.755768 9.98332E-05 9.98332E-05 9.98332E-05 0.080903
9.98508E-05 9.98508E-05 0.0109417 9.98508E-05 9.98508E-05 9.98508E-05 9.98508E-05 0.0490803 9.98508E-05 9.98508E-05 9.98508E-05 9.98508E-05 0.917006 0.0144277 9.98508E-05 9.98508E-05 9.98508E-05 9.98508E-05 9.98508E-05 9.98508E-05 9.98508E-05 0.00637347 0.000473648
0.0853351 9.98859E-05 9.98859E-05 9.98859E-05 0.0147853 9.98859E-05 9.98859E-05 9.98859E-05 0.0157613 9.98859E-05 9.98859E-05 0.0458092 9.98859E-05 0.0424939 9.98859E-05 9.98859E-05 0.0611063 0.129364 0.372721 9.98859E-05 9.98859E-05 0.114084 0.117241
0.1379 9.99034E-05 9.99034E-05 0.0352788 9.99034E-05 0.0219592 9.99034E-05 9.99034E-05 9.99034E-05 0.121819 0.0140289 0.0624487 0.0334719 9.99034E-05 0.0283543 9.99034E-05 9.99034E-05 0.17799 0.211424 9.99034E-05 0.0710535 9.99034E-05 0.0831728
9.98685E-05 9.98685E-05 9.98685E-05 0.0622958 9.98685E-05 9.98685E-05 0.131251 0.056922 9.98685E-05 9.98685E-05 0.0414731 9.98685E-05 0.111123 9.98685E-05 9.98685E-05 9.98685E-05 0.101394 9.98685E-05 0.39411 9.98685E-05 9.98685E-05 9.98685E-05 0.0999334
0.119251 9.9886E-05 9.9886E-05 9.9886E-05 0.00384341 0.100861 9.9886E-05 9.9886E-05 9.9886E-05 9.9886E-05 9.9886E-05 0.227346 0.0557224 9.9886E-05 9.9886E-05 0.141436 9.9886E-05 0.0483591 0.0581478 0.150501 9.9886E-05 9.9886E-05 0.0932334
9.98508E-05 9.98508E-05 9.98508E-05 9.98508E-05 0.0105709 9.98508E-05 9.98508E-05 9.98508E-05 0.200915 9.98508E-05 9.98508E-05 0.0762555 9.98508E-05 9.98508E-05 9.98508E-05 9.98508E-05 9.98508E-05 0.159264 0.396962 9.98508E-05 9.98508E-05 9.98508E-05 0.154335
9.98247E-05 9.98247E-05 9.98247E-05 9.98247E-05 9.98247E-05 9.98247E-05 9.98247E-05 9.98247E-05 0.0191563 9.98247E-05 9.98247E-05 9.98247E-05 9.98247E-05 9.98247E-05 9.98247E-05 9.98247E-05 9.98247E-05 9.98247E-05 0.954449 0.024398 9.98247E-05 9.98247E-05 9.98247E-05
9.98684E-05 9.98684E-05 9.98684E-05 9.98684E-05 9.98684E-05 0.042466 9.98684E-05 0.0132304 9.98684E-05 9.98684E-05 0.0695915 9.98684E-05 0.307977 9.98684E-05 9.98684E-05 9.98684E-05 9.98684E-05 0.0682481 0.230449 9.98684E-05 0.258794 9.98684E-05 0.00774607
9.98685E-05 9.98685E-05 0.0917163 9.98685E-05 9.98685E-05 9.98685E-05 9.98685E-05 9.98685E-05 0.0734663 9.98685E-05 9.98685E-05 0.378054 9.98685E-05 0.0194458 9.98685E-05 0.00647659 9.98685E-05 0.0899775 0.256853 9.98685E-05 9.98685E-05 0.0825125 9.98685E-05
0.193188 9.9851E-05 9.9851E-05 9.9851E-05 9.9851E-05 9.9851E-05 9.9851E-05 0.056553 9.9851E-05 9.9851E-05 9.9851E-05 9.9851E-05 0.172889 9.9851E-05 9.9851E-05 9.9851E-05 9.9851E-05 9.9851E-05 0.406287 9.9851E-05 9.9851E-05 0.0200799 0.149305
9.98596E-05 9.98596E-05 9.98596E-05 0.0306886 0.0107165 9.98596E-05 9.98596E-05 9.98596E-05 9.98596E-05 0.0348612 9.98596E-05 0.28366 0.204337 9.98596E-05 9.98596E-05 9.98596E-05 9.98596E-05 9.98596E-05 0.215794 9.98596E-05 9.98596E-05 9.98596E-05 0.218345
9.98858E-05 9.98858E-05 9.98858E-05 9.98858E-05 0.0241181 9.98858E-05 9.98858E-05 0.0262551 9.98858E-05 9.98858E-05 0.0447784 0.0715133 0.13438 9.98858E-05 9.98858E-05 9.98858E-05 9.98858E-05 0.0565168 0.192429 0.0682532 9.98858E-05 0.132259 0.248199
9.98509E-05 9.98509E-05 9.98509E-05 9.98509E-05 9.98509E-05 9.98509E-05 9.98509E-05 9.98509E-05 9.98509E-05 9.98509E-05 9.98509E-05 0.0146407 0.331421 9.98509E-05 9.98509E-05 9.98509E-05 9.98509E-05 9.98509E-05 0.385025 9.98509E-05 0.0808817 0.0678435 0.118491
9.98507E-05 9.98507E-05 9.98507E-05 9.98507E-05 9.98507E-05 9.98507E-05 9.98507E-05 9.98507E-05 9.98507E-05 0.0387412 9.98507E-05 0.396877 9.98507E-05 9.98507E-05 9.98507E-05 0.14316 9.98507E-05 9.98507E-05 0.0786903 9.98507E-05 9.98507E-05 0.242591 0.0982431
9.9851E-05 9.9851E-05 9.9851E-05 9.9851E-05 9.9851E-05 9.9851E-05 9.9851E-05 9.9851E-05 9.9851E-05 9.9851E-05 9.9851E-05 0.0595334 0.0887618 9.9851E-05 0.0426531 9.9851E-05 9.9851E-05 9.9851E-05 0.709191 9.9851E-05 0.0360563 9.9851E-05 0.0621069
0.0230867 9.9851E-05 9.9851E-05 9.9851E-05 0.030966 9.9851E-05 9.9851E-05 9.9851E-05 9.9851E-05 9.9851E-05 9.9851E-05 0.0499153 9.9851E-05 9.9851E-05 9.9851E-05 9.9851E-05 9.9851E-05 9.9851E-05 0.66744 9.9851E-05 9.9851E-05 0.0467199 0.180174
9.98509E-05 9.98509E-05 9.98509E-05 9.98509E-05 0.0153568 9.98509E-05 0.0747569 9.98509E-05 9.98509E-05 9.98509E-05 9.98509E-05 9.98509E-05 9.98509E-05 9.98509E-05 0.0153431 9.98509E-05 9.98509E-05 0.0449646 0.835671 9.98509E-05 9.98509E-05 9.98509E-05 0.0122099
0.0358438 9.98508E-05 9.98508E-05 9.98508E-05 9.98508E-05 9.98508E-05 9.98508E-05 0.0938563 0.0506033 9.98508E-05 9.98508E-05 0.0437567 9.98508E-05 9.98508E-05 9.98508E-05 9.98508E-05 9.98508E-05 0.0283052 0.745937 9.98508E-05 9.98508E-05 9.98508E-05 9.98508E-05
0.0117687 9.98772E-05 9.98772E-05 9.98772E-05 9.98772E-05 9.98772E-05 9.98772E-05 0.0272498 0.016582 9.98772E-05 9.98772E-05 0.121354 0.12664 9.98772E-05 9.98772E-05 9.98772E-05 9.98772E-05 9.98772E-05 0.433343 9.98772E-05 0.121825 0.10975 0.0300893
0.0540758 9.98595E-05 9.98595E-05 9.98595E-05 9.98595E-05 9.98595E-05 9.98595E-05 0.100249 9.98595E-05 0.0330955 9.98595E-05 0.0310442 0.649769 9.98595E-05 9.98595E-05 9.98595E-05 9.98595E-05 9.98595E-05 9.98595E-05 9.98595E-05 9.98595E-05 0.0265503 0.103619
9.98509E-05 9.98509E-05 9.98509E-05 9.98509E-05 9.98509E-05 9.98509E-05 9.98509E-05 9.98509E-05 9.98509E-05 9.98509E-05 0.0613169 0.121682 0.231943 9.98509E-05 9.98509E-05 9.98509E-05 9.98509E-05 9.98509E-05 0.285432 9.98509E-05 9.98509E-05 0.171583 0.126345
9.98421E-05 9.98421E-05 9.98421E-05 9.98421E-05 9.98421E-05 9.98421E-05 9.98421E-05 0.0403566 9.98421E-05 9.98421E-05 9.98421E-05 9.98421E-05 9.98421E-05 9.98421E-05 9.98421E-05 9.98421E-05 9.98421E-05 0.0204145 0.890712 0.0308771 9.98421E-05 9.98421E-05 0.0158425
9.98423E-05 9.98423E-05 9.98423E-05 0.00784527 0.00996026 9.98423E-05 9.98423E-05 9.98423E-05 9.98423E-05 9.98423E-05 9.98423E-05 0.085763 9.98423E-05 9.98423E-05 9.98423E-05 9.98423E-05 9.98423E-05 9.98423E-05 0.731198 9.98423E-05 0.163437 9.98423E-05 9.98423E-05
9.98422E-05 0.00133896 9.98422E-05 9.98422E-05 9.98422E-05 9.98422E-05 9.98422E-05 9.98422E-05 0.130309 9.98422E-05 9.98422E-05 0.06145 0.0227038 9.98422E-05 9.98422E-05 9.98422E-05 9.98422E-05 9.98422E-05 0.782401 9.98422E-05 9.98422E-05 9.98422E-05 9.98422E-05
9.98596E-05 9.98596E-05 9.98596E-05 9.98596E-05 9.98596E-05 9.98596E-05 9.98596E-05 9.98596E-05 9.98596E-05 9.98596E-05 9.98596E-05 9.98596E-05 0.682432 9.98596E-05 9.98596E-05 9.98596E-05 0.037267 0.100226 9.98596E-05 0.0648823 0.0244419 0.0320848 0.0570682
9.9851E-05 9.9851E-05 0.102843 9.9851E-05 9.9851E-05 9.9851E-05 0.0484768 0.0149095 9.9851E-05 9.9851E-05 9.9851E-05 9.9851E-05 9.9851E-05 9.9851E-05 9.9851E-05 9.9851E-05 0.10334 9.9851E-05 0.639726 9.9851E-05 9.9851E-05 9.9851E-05 0.0890071
9.98596E-05 0.018007 9.98596E-05 9.98596E-05 9.98596E-05 9.98596E-05 9.98596E-05 9.98596E-05 9.98596E-05 0.0623988 0.0108016 9.98596E-05 0.118605 9.98596E-05 9.98596E-05 9.98596E-05 9.98596E-05 9.98596E-05 0.466055 9.98596E-05 9.98596E-05 0.212983 0.109551
9.98246E-05 9.98246E-05 9.98246E-05 9.98246E-05 9.98246E-05 9.98246E-05 9.98246E-05 9.98246E-05 9.98246E-05 9.98246E-05 9.98246E-05 0.0604997 9.98246E-05 9.98246E-05 9.98246E-05 9.98246E-05 9.98246E-05 9.98246E-05 0.920663 9.98246E-05 9.98246E-05 9.98246E-05 0.0168409
9.98423E-05 9.98423E-05 9.98423E-05 9.98423E-05 9.98423E-05 9.98423E-05 9.98423E-05 9.98423E-05 9.98423E-05 9.98423E-05 9.98423E-05 0.262835 9.98423E-05 9.98423E-05 9.98423E-05 9.98423E-05 0.0184613 0.010131 0.652403 9.98423E-05 9.98423E-05 9.98423E-05 0.054373
9.98334E-05 9.98334E-05 9.98334E-05 9.98334E-05 9.98334E-05 9.98334E-05 0.021048 9.98334E-05 0.0205777 9.98334E-05 9.98334E-05 9.98334E-05 0.841625 9.98334E-05 9.98334E-05 9.98334E-05 9.98334E-05 9.98334E-05 0.114853 9.98334E-05 9.98334E-05 9.98334E-05 9.98334E-05
0.0964375 9.98859E-05 9.98859E-05 9.98859E-05 0.0270798 9.98859E-05 9.98859E-05 0.0343015 9.98859E-05 9.98859E-05 9.98859E-05 0.0827488 9.98859E-05 0.0715391 0.00990662 0.00445015 9.98859E-05 0.114794 0.363168 9.98859E-05 9.98859E-05 9.98859E-05 0.194276
9.98511E-05 9.98511E-05 9.98511E-05 9.98511E-05 0.00284702 9.98511E-05 9.98511E-05 9.98511E-05 0.129292 9.98511E-05 9.98511E-05 0.421687 0.188863 9.98511E-05 9.98511E-05 9.98511E-05 9.98511E-05 9.98511E-05 0.0252548 9.98511E-05 9.98511E-05 9.98511E-05 0.230358
9.9842E-05 9.9842E-05 9.9842E-05 9.9842E-05 9.9842E-05 0.142759 9.9842E-05 9.9842E-05 9.9842E-05 9.9842E-05 9.9842E-05 9.9842E-05 9.9842E-05 9.9842E-05 9.9842E-05 0.011169 9.9842E-05 9.9842E-05 0.827865 0.00629519 9.9842E-05 9.9842E-05 0.010114
9.98331E-05 9.98331E-05 9.98331E-05 9.98331E-05 9.98331E-05 9.98331E-05 9.98331E-05 9.98331E-05 9.98331E-05 9.98331E-05 9.98331E-05 9.98331E-05 0.875199 9.98331E-05 9.98331E-05 0.00463905 9.98331E-05 0.010274 9.98331E-05 9.98331E-05 9.98331E-05 9.98331E-05 0.107991
9.98072E-05 9.98072E-05 9.98072E-05 9.98072E-05 9.98072E-05 9.98072E-05 9.98072E-05 9.98072E-05 9.98072E-05 9.98072E-05 9.98072E-05 9.98072E-05 9.98072E-05 9.98072E-05 9.98072E-05 9.98072E-05 9.98072E-05 9.98072E-05 0.997804 9.98072E-05 9.98072E-05 9.98072E-05 9.98072E-05
9.98596E-05 9.98596E-05 9.98596E-05 9.98596E-05 9.98596E-05 9.98596E-05 9.98596E-05 0.000323166 9.98596E-05 9.98596E-05 0.111609 0.0922586 9.98596E-05 9.98596E-05 9.98596E-05 9.98596E-05 9.98596E-05 9.98596E-05 0.67296 0.0195239 9.98596E-05 0.0671392 0.034589
9.98336E-05 0.0982347 9.98336E-05 9.98336E-05 9.98336E-05 9.98336E-05 9.98336E-05 9.98336E-05 9.98336E-05 9.98336E-05 9.98336E-05 9.98336E-05 0.862252 9.98336E-05 9.98336E-05 0.00233674 9.98336E-05 0.0352799 9.98336E-05 9.98336E-05 9.98336E-05 9.98336E-05 9.98336E-05
9.98858E-05 9.98858E-05 9.98858E-05 9.98858E-05 9.98858E-05 9.98858E-05 9.98858E-05 0.13499 0.0384685 0.0530511 9.98858E-05 0.102606 0.0319186 9.98858E-05 0.107569 9.98858E-05 9.98858E-05 0.0378459 0.313595 9.98858E-05 9.98858E-05 0.000770875 0.177886
9.98596E-05 9.98596E-05 9.98596E-05 0.0168149 0.00501688 0.0177067 9.98596E-05 9.98596E-05 9.98596E-05 9.98596E-05 0.0568132 0.129119 0.760721 9.98596E-05 9.98596E-05 9.98596E-05 9.98596E-05 9.98596E-05 9.98596E-05 9.98596E-05 9.98596E-05 9.98596E-05 0.0122112
9.98422E-05 9.98422E-05 9.98422E-05 9.98422E-05 9.98422E-05 9.98422E-05 9.98422E-05 9.98422E-05 9.98422E-05 9.98422E-05 9.98422E-05 9.98422E-05 9.98422E-05 9.98422E-05 9.98422E-05 0.0865524 0.0158773 9.98422E-05 0.827397 9.98422E-05 9.98422E-05 0.0671856 0.00119105
9.98421E-05 9.98421E-05 9.98421E-05 9.98421E-05 9.98421E-05 9.98421E-05 9.98421E-05 0.0184163 9.98421E-05 0.021991 0.0888951 9.98421E-05 0.862243 9.98421E-05 9.98421E-05 9.98421E-05 9.98421E-05 9.98421E-05 9.98421E-05 9.98421E-05 9.98421E-05 9.98421E-05 0.00665733
9.98511E-05 9.98511E-05 0.0201818 9.98511E-05 0.00161162 9.98511E-05 9.98511E-05 9.98511E-05 9.98511E-05 9.98511E-05 0.0267378 9.98511E-05 9.98511E-05 9.98511E-05 9.98511E-05 9.98511E-05 9.98511E-05 9.98511E-05 0.816012 0.0277703 9.98511E-05 9.98511E-05 0.105989
9.9851E-05 9.9851E-05 0.00159267 9.9851E-05 9.9851E-05 9.9851E-05 9.9851E-05 9.9851E-05 0.000507121 0.0609999 9.9851E-05 9.9851E-05 9.9851E-05 9.9851E-05 9.9851E-05 9.9851E-05 9.9851E-05 9.9851E-05 0.730702 0.0308716 9.9851E-05 0.173629 9.9851E-05
9.98507E-05 9.98507E-05 9.98507E-05 9.98507E-05 9.98507E-05 9.98507E-05 9.98507E-05 9.98507E-05 9.98507E-05 9.98507E-05 9.98507E-05 0.0645247 9.98507E-05 9.98507E-05 9.98507E-05 0.0891498 0.0326242 9.98507E-05 0.775681 9.98507E-05 0.0285727 9.98507E-05 0.00775003
9.98422E-05 9.98422E-05 9.98422E-05 9.98422E-05 9.98422E-05 9.98422E-05 9.98422E-05 0.0478113 0.0601062 9.98422E-05 9.98422E-05 9.98422E-05 0.472416 9.98422E-05 9.98422E-05 9.98422E-05 9.98422E-05 9.98422E-05 0.384992 9.98422E-05 9.98422E-05 9.98422E-05 0.032877
9.98333E-05 9.98333E-05 9.98333E-05 9.98333E-05 9.98333E-05 9.98333E-05 9.98333E-05 9.98333E-05 9.98333E-05 9.98333E-05 9.98333E-05 9.98333E-05 0.450725 0.0280595 9.98333E-05 9.98333E-05 9.98333E-05 0.0177546 0.501564 9.98333E-05 9.98333E-05 9.98333E-05 9.98333E-05
0.639537 9.98595E-05 9.98595E-05 9.98595E-05 9.98595E-05 9.98595E-05 9.98595E-05 0.00713528 9.98595E-05 9.98595E-05 9.98595E-05 9.98595E-05 9.98595E-05 0.0725178 9.98595E-05 0.0463322 9.98595E-05 0.0641265 9.98595E-05 9.98595E-05 9.98595E-05 0.0116469 0.157106
0.983061 9.98159E-05 9.98159E-05 9.98159E-05 9.98159E-05 9.98159E-05 9.98159E-05 9.98159E-05 9.98159E-05 0.0148427 9.98159E-05 9.98159E-05 9.98159E-05 9.98159E-05 9.98159E-05 9.98159E-05 9.98159E-05 9.98159E-05 9.98159E-05 9.98159E-05 9.98159E-05 9.98159E-05 9.98159E-05
0.92105 9.98246E-05 9.98246E-05 9.98246E-05 9.98246E-05 9.98246E-05 9.98246E-05 0.0173703 9.98246E-05 9.98246E-05 9.98246E-05 9.98246E-05 9.98246E-05 9.98246E-05 9.98246E-05 0.0595832 9.98246E-05 9.98246E-05 9.98246E-05 9.98246E-05 9.98246E-05 9.98246E-05 9.98246E-05
0.31687 0.0757129 9.98597E-05 9.98597E-05 9.98597E-05 9.98597E-05 9.98597E-05 9.98597E-05 9.98597E-05 9.98597E-05 9.98597E-05 9.98597E-05 9.98597E-05 9.98597E-05 0.0565442 9.98597E-05 0.228301 0.112949 9.98597E-05 9.98597E-05 9.98597E-05 0.0817509 0.126274
0.586231 0.0110802 0.0739544 9.98769E-05 9.98769E-05 9.98769E-05 9.98769E-05 9.98769E-05 0.00407404 9.98769E-05 9.98769E-05 0.123559 9.98769E-05 9.98769E-05 9.98769E-05 0.0288658 9.98769E-05 0.0431206 9.98769E-05 0.0762634 9.98769E-05 9.98769E-05 0.0514535
0.606098 9.98418E-05 9.98418E-05 9.98418E-05 0.00295419 9.98418E-05 9.98418E-05 9.98418E-05 9.98418E-05 9.98418E-05 9.98418E-05 0.132932 9.98418E-05 9.98418E-05 9.98418E-05 9.98418E-05 9.98418E-05 0.0516438 9.98418E-05 9.98418E-05 9.98418E-05 9.98418E-05 0.204575
0.472273 9.98331E-05 9.98331E-05 9.98331E-05 9.98331E-05 9.98331E-05 9.98331E-05 9.98331E-05 9.98331E-05 9.98331E-05 9.98331E-05 9.98331E-05 9.98331E-05 9.98331E-05 9.98331E-05 9.98331E-05 0.238568 9.98331E-05 9.98331E-05 9.98331E-05 0.172538 9.98331E-05 0.114723
0.433568 9.98506E-05 9.98506E-05 9.98506E-05 9.98506E-05 9.98506E-05 9.98506E-05 9.98506E-05 9.98506E-05 9.98506E-05 9.98506E-05 9.98506E-05 9.98506E-05 9.98506E-05 0.0292938 0.251099 9.98506E-05 0.0686755 9.98506E-05 9.98506E-05 9.98506E-05 0.0715065 0.144159
0.882521 9.98245E-05 9.98245E-05 9.98245E-05 0.0924717 9.98245E-05 9.98245E-05 9.98245E-05 9.98245E-05 9.98245E-05 9.98245E-05 9.98245E-05 9.98245E-05 9.98245E-05 9.98245E-05 0.0230106 9.98245E-05 9.98245E-05 9.98245E-05 9.98245E-05 9.98245E-05 9.98245E-05 9.98245E-05
0.927777 9.98243E-05 9.98243E-05 9.98243E-05 9.98243E-05 9.98243E-05 9.98243E-05 0.0470852 9.98243E-05 9.98243E-05 9.98243E-05 9.98243E-05 9.98243E-05 9.98243E-05 9.98243E-05 9.98243E-05 9.98243E-05 9.98243E-05 9.98243E-05 9.98243E-05 0.0231417 9.98243E-05 9.98243E-05
0.441846 9.98418E-05 9.98418E-05 9.98418E-05 9.98418E-05 9.98418E-05 9.98418E-05 0.170042 0.085018 9.98418E-05 9.98418E-05 9.98418E-05 9.98418E-05 9.98418E-05 9.98418E-05 9.98418E-05 9.98418E-05 0.109215 9.98418E-05 9.98418E-05 9.98418E-05 9.98418E-05 0.192082
0.449725 9.9877E-05 9.9877E-05 0.020915 9.9877E-05 9.9877E-05 9.9877E-05 0.0246353 0.0860242 9.9877E-05 0.145655 0.102238 9.9877E-05 9.9877E-05 9.9877E-05 9.9877E-05 0.0465639 9.9877E-05 9.9877E-05 9.9877E-05 0.0628075 9.9877E-05 0.0600385
0.472584 9.98507E-05 9.98507E-05 0.121611 9.98507E-05 9.98507E-05 9.98507E-05 0.0658974 9.98507E-05 9.98507E-05 0.127832 9.98507E-05 9.98507E-05 9.98507E-05 9.98507E-05 9.98507E-05 9.98507E-05 0.117096 9.98507E-05 9.98507E-05 9.98507E-05 0.0932832 9.98507E-05
0.416379 0.0249289 0.0148135 9.98594E-05 9.98594E-05 9.98594E-05 9.98594E-05 9.98594E-05 0.0735844 9.98594E-05 9.98594E-05 0.188697 9.98594E-05 9.98594E-05 9.98594E-05 9.98594E-05 0.127373 9.98594E-05 9.98594E-05 9.98594E-05 9.98594E-05 9.98594E-05 0.152626
0.857935 9.98249E-05 9.98249E-05 9.98249E-05 9.98249E-05 9.98249E-05 9.98249E-05 9.98249E-05 9.98249E-05 0.021309 9.98249E-05 9.98249E-05 9.98249E-05 9.98249E-05 9.98249E-05 9.98249E-05 9.98249E-05 9.98249E-05 9.98249E-05 9.98249E-05 9.98249E-05 0.11876 9.98249E-05
0.787907 9.98333E-05 9.98333E-05 9.98333E-05 9.98333E-05 9.98333E-05 9.98333E-05 9.98333E-05 9.98333E-05 9.98333E-05 9.98333E-05 9.98333E-05 9.98333E-05 9.98333E-05 9.98333E-05 9.98333E-05 9.98333E-05 0.0463065 9.98333E-05 9.98333E-05 0.0553333 9.98333E-05 0.108557
0.588927 9.98593E-05 9.98593E-05 9.98593E-05 9.98593E-05 0.0214244 9.98593E-05 9.98593E-05 9.98593E-05 9.98593E-05 9.98593E-05 9.98593E-05 9.98593E-05 0.248769 0.0634522 0.0113658 9.98593E-05 0.0513372 9.98593E-05 9.98593E-05 9.98593E-05 9.98593E-05 0.0131267
0.572333 9.98507E-05 9.98507E-05 0.0527807 9.98507E-05 9.98507E-05 9.98507E-05 0.0812961 0.138539 9.98507E-05 9.98507E-05 0.111235 9.98507E-05 9.98507E-05 9.98507E-05 9.98507E-05 9.98507E-05 0.042119 9.98507E-05 9.98507E-05 9.98507E-05 9.98507E-05 9.98507E-05
0.65928 9.98508E-05 9.98508E-05 9.98508E-05 9.98508E-05 9.98508E-05 9.98508E-05 0.0655219 0.00107995 9.98508E-05 9.98508E-05 9.98508E-05 9.98508E-05 9.98508E-05 9.98508E-05 0.139199 9.98508E-05 0.0237994 9.98508E-05 9.98508E-05 9.98508E-05 9.98508E-05 0.109422
0.576403 9.98505E-05 9.98505E-05 9.98505E-05 9.98505E-05 9.98505E-05 9.98505E-05 0.0162645 9.98505E-05 0.134312 9.98505E-05 9.98505E-05 9.98505E-05 0.00394587 9.98505E-05 9.98505E-05 9.98505E-05 0.00661168 9.98505E-05 9.98505E-05 9.98505E-05 9.98505E-05 0.260766
0.996536 9.98162E-05 9.98162E-05 9.98162E-05 9.98162E-05 9.98162E-05 0.00136744 9.98162E-05 9.98162E-05 9.98162E-05 9.98162E-05 9.98162E-05 9.98162E-05 9.98162E-05 9.98162E-05 9.98162E-05 9.98162E-05 9.98162E-05 9.98162E-05 9.98162E-05 9.98162E-05 9.98162E-05 9.98162E-05
0.616721 9.98506E-05 9.98506E-05 9.98506E-05 9.98506E-05 9.98506E-05 9.98506E-05 9.98506E-05 9.98506E-05 9.98506E-05 9.98506E-05 0.240285 9.98506E-05 9.98506E-05 9.98506E-05 0.0272307 0.0503191 0.0466202 9.98506E-05 9.98506E-05 9.98506E-05 9.98506E-05 0.0171269
0.683832 9.98422E-05 9.98422E-05 9.98422E-05 9.98422E-05 9.98422E-05 9.98422E-05 0.0122764 9.98422E-05 9.98422E-05 9.98422E-05 9.98422E-05 9.98422E-05 9.98422E-05 0.0983966 0.0351265 9.98422E-05 9.98422E-05 9.98422E-05 9.98422E-05 9.98422E-05 0.168571 9.98422E-05
0.616138 9.98596E-05 9.98596E-05 9.98596E-05 9.98596E-05 0.0810421 9.98596E-05 0.0182442 9.98596E-05 9.98596E-05 9.98596E-05 9.98596E-05 9.98596E-05 0.0100298 0.143047 0.100382 9.98596E-05 9.98596E-05 9.98596E-05 9.98596E-05 9.98596E-05 9.98596E-05 0.0295198
0.755502 9.9833E-05 9.9833E-05 0.115262 9.9833E-05 9.9833E-05 9.9833E-05 0.0920471 9.9833E-05 9.9833E-05 9.9833E-05 9.9833E-05 9.9833E-05 9.9833E-05 9.9833E-05 9.9833E-05 9.9833E-05 9.9833E-05 9.9833E-05 9.9833E-05 0.0352925 9.9833E-05 9.9833E-05
0.897819 9.98248E-05 9.98248E-05 9.98248E-05 9.98248E-05 9.98248E-05 9.98248E-05 9.98248E-05 9.98248E-05 9.98248E-05 9.98248E-05 9.98248E-05 9.98248E-05 9.98248E-05 9.98248E-05 9.98248E-05 9.98248E-05 0.0239924 9.98248E-05 0.0761916 9.98248E-05 9.98248E-05 9.98248E-05
0.997804 9.98073E-05 9.98073E-05 9.98073E-05 9.98073E-05 9.98073E-05 9.98073E-05 9.98073E-05 9.98073E-05 9.98073E-05 9.98073E-05 9.98073E-05 9.98073E-05 9.98073E-05 9.98073E-05 9.98073E-05 9.98073E-05 9.98073E-05 9.98073E-05 9.98073E-05 9.98073E-05 9.98073E-05 9.98073E-05
0.997804 9.98071E-05 9.98071E-05 9.98071E-05 9.98071E-05 9.98071E-05 9.98071E-05 9.98071E-05 9.98071E-05 9.98071E-05 9.98071E-05 9.98071E-05 9.98071E-05 9.98071E-05 9.98071E-05 9.98071E-05 9.98071E-05 9.98071E-05 9.98071E-05 9.98071E-05 9.98071E-05 9.98071E-05 9.98071E-05
0.881832 9.98422E-05 9.98422E-05 0.00629152 9.98422E-05 9.98422E-05 9.98422E-05 9.98422E-05 9.98422E-05 9.98422E-05 9.98422E-05 9.98422E-05 9.98422E-05 9.98422E-05 9.98422E-05 0.0985039 9.98422E-05 0.00130742 9.98422E-05 9.98422E-05 9.98422E-05 9.98422E-05 0.0102678
0.694331 9.98335E-05 9.98335E-05 9.98335E-05 9.98335E-05 9.98335E-05 0.0759737 9.98335E-05 9.98335E-05 9.98335E-05 9.98335E-05 9.98335E-05 9.98335E-05 9.98335E-05 9.98335E-05 9.98335E-05 9.98335E-05 0.122248 9.98335E-05 9.98335E-05 9.98335E-05 9.98335E-05 0.10555
9.98245E-05 9.98245E-05 9.98245E-05 9.98245E-05 9.98245E-05 9.98245E-05 9.98245E-05 9.98245E-05 9.98245E-05 9.98245E-05 9.98245E-05 9.98245E-05 9.98245E-05 9.98245E-05 9.98245E-05 9.98245E-05 9.98245E-05 0.0833662 9.98245E-05 9.98245E-05 9.98245E-05 0.835374 0.0792631
9.98247E-05 9.98247E-05 9.98247E-05 9.98247E-05 9.98247E-05 9.98247E-05 0.443373 9.98247E-05 9.98247E-05 9.98247E-05 9.98247E-05 9.98247E-05 9.98247E-05 9.98247E-05 9.98247E-05 9.98247E-05 9.98247E-05 0.00358088 9.98247E-05 9.98247E-05 9.98247E-05 0.55105 9.98247E-05
9.98419E-05 9.98419E-05 0.0199296 9.98419E-05 9.98419E-05 9.98419E-05 9.98419E-05 9.98419E-05 9.98419E-05 9.98419E-05 9.98419E-05 0.00338124 9.98419E-05 9.98419E-05 0.1373 9.98419E-05 9.98419E-05 9.98419E-05 9.98419E-05 9.98419E-05 9.98419E-05 0.768901 0.0686907
9.98507E-05 9.98507E-05 9.98507E-05 9.98507E-05 9.98507E-05 9.98507E-05 9.98507E-05 0.0122826 9.98507E-05 9.98507E-05 9.98507E-05 9.98507E-05 9.98507E-05 9.98507E-05 0.0593838 0.046145 9.98507E-05 0.00413624 9.98507E-05 9.98507E-05 9.98507E-05 0.707352 0.169003
9.98331E-05 9.98331E-05 9.98331E-05 0.00649783 0.000769488 9.98331E-05 9.98331E-05 9.98331E-05 9.98331E-05 9.98331E-05 9.98331E-05 9.98331E-05 9.98331E-05 9.98331E-05 9.98331E-05 9.98331E-05 9.98331E-05 0.0342211 9.98331E-05 9.98331E-05 9.98331E-05 0.956615 9.98331E-05
9.98509E-05 9.98509E-05 9.98509E-05 9.98509E-05 9.98509E-05 9.98509E-05 9.98509E-05 9.98509E-05 9.98509E-05 9.98509E-05 9.98509E-05 9.98509E-05 9.98509E-05 0.023181 0.123828 9.98509E-05 0.0588355 0.164199 9.98509E-05 9.98509E-05 9.98509E-05 0.458166 0.170093
9.98334E-05 9.98334E-05 9.98334E-05 9.98334E-05 9.98334E-05 9.98334E-05 9.98334E-05 0.0328334 9.98334E-05 9.98334E-05 9.98334E-05 9.98334E-05 9.98334E-05 9.98334E-05 9.98334E-05 9.98334E-05 9.98334E-05 0.0660978 9.98334E-05 9.98334E-05 9.98334E-05 0.855109 0.0440628
9.98245E-05 9.98245E-05 9.98245E-05 9.98245E-05 9.98245E-05 9.98245E-05 9.98245E-05 9.98245E-05 9.98245E-05 9.98245E-05 9.98245E-05 9.98245E-05 9.98245E-05 9.98245E-05 0.0477099 9.98245E-05 9.98245E-05 0.157115 9.98245E-05 9.98245E-05 9.98245E-05 0.793178 9.98245E-05
9.9842E-05 9.9842E-05 9.9842E-05 0.00448338 9.9842E-05 9.9842E-05 9.9842E-05 0.0249316 9.9842E-05 9.9842E-05 9.9842E-05 9.9842E-05 9.9842E-05 9.9842E-05 9.9842E-05 9.9842E-05 0.250094 0.318271 9.9842E-05 9.9842E-05 9.9842E-05 0.400422 9.9842E-05
9.98333E-05 9.98333E-05 9.98333E-05 9.98333E-05 9.98333E-05 9.98333E-05 9.98333E-05 9.98333E-05 9.98333E-05 9.98333E-05 9.98333E-05 9.98333E-05 9.98333E-05 9.98333E-05 9.98333E-05 0.00430899 9.98333E-05 0.13555 9.98333E-05 9.98333E-05 9.98333E-05 0.555765 0.30248
9.98422E-05 9.98422E-05 9.98422E-05 9.98422E-05 9.98422E-05 9.98422E-05 0.206105 9.98422E-05 9.98422E-05 9.98422E-05 9.98422E-05 9.98422E-05 9.98422E-05 9.98422E-05 0.047931 9.98422E-05 0.245973 0.00755078 9.98422E-05 9.98422E-05 9.98422E-05 0.490643 9.98422E-05
9.98421E-05 9.98421E-05 9.98421E-05 9.98421E-05 9.98421E-05 9.98421E-05 9.98421E-05 0.00401163 9.98421E-05 9.98421E-05 9.98421E-05 9.98421E-05 9.98421E-05 9.98421E-05 0.428424 9.98421E-05 0.147096 9.98421E-05 9.98421E-05 9.98421E-05 9.98421E-05 0.402422 0.0162481
9.9816E-05 9.9816E-05 9.9816E-05 9.9816E-05 9.9816E-05 9.9816E-05 9.9816E-05 9.9816E-05 9.9816E-05 9.9816E-05 9.9816E-05 9.9816E-05 9.9816E-05 9.9816E-05 9.9816E-05 9.9816E-05 9.9816E-05 0.0540249 9.9816E-05 9.9816E-05 9.9816E-05 0.943879 9.9816E-05
9.9851E-05 9.9851E-05 9.9851E-05 9.9851E-05 0.0134639 9.9851E-05 0.0266435 9.9851E-05 9.9851E-05 9.9851E-05 9.9851E-05 9.9851E-05 9.9851E-05 9.9851E-05 0.32785 9.9851E-05 9.9851E-05 0.117708 9.9851E-05 9.9851E-05 9.9851E-05 0.324862 0.187775
9.98511E-05 9.98511E-05 9.98511E-05 9.98511E-05 9.98511E-05 9.98511E-05 9.98511E-05 0.02991 9.98511E-05 9.98511E-05 0.00698618 9.98511E-05 9.98511E-05 9.98511E-05 9.98511E-05 0.0908444 9.98511E-05 0.0668677 9.98511E-05 0.00246989 9.98511E-05 0.801224 9.98511E-05
9.98334E-05 9.98334E-05 9.98334E-05 9.98334E-05 9.98334E-05 9.98334E-05 9.98334E-05 9.98334E-05 9.98334E-05 9.98334E-05 9.98334E-05 9.98334E-05 9.98334E-05 0.0312076 9.98334E-05 9.98334E-05 0.131945 9.98334E-05 9.98334E-05 9.98334E-05 9.98334E-05 0.744391 0.0905597
9.98508E-05 9.98508E-05 9.98508E-05 9.98508E-05 9.98508E-05 9.98508E-05 9.98508E-05 9.98508E-05 9.98508E-05 9.98508E-05 9.98508E-05 9.98508E-05 9.98508E-05 9.98508E-05 0.0957753 0.00856792 0.232374 9.98508E-05 9.98508E-05 0.0671446 9.98508E-05 0.471503 0.122937
9.98598E-05 0.0310513 0.00944707 9.98598E-05 9.98598E-05 9.98598E-05 9.98598E-05 9.98598E-05 9.98598E-05 9.98598E-05 9.98598E-05 0.0589569 0.0392358 9.98598E-05 0.309328 9.98598E-05 9.98598E-05 0.0784282 9.98598E-05 9.98598E-05 9.98598E-05 0.471955 9.98598E-05
9.98247E-05 9.98247E-05 9.98247E-05 0.0320768 9.98247E-05 9.98247E-05 9.98247E-05 9.98247E-05 9.98247E-05 9.98247E-05 9.98247E-05 9.98247E-05 9.98247E-05 9.98247E-05 9.98247E-05 9.98247E-05 9.98247E-05 9.98247E-05 9.98247E-05 0.0290004 9.98247E-05 0.936926 9.98247E-05
0.00795512 9.98772E-05 9.98772E-05 9.98772E-05 9.98772E-05 9.98772E-05 0.218939 0.0266454 9.98772E-05 9.98772E-05 0.00323129 9.98772E-05 9.98772E-05 9.98772E-05 9.98772E-05 9.98772E-05 9.98772E-05 0.102458 9.98772E-05 0.0820487 0.000163688 0.474048 0.0831127
9.98421E-05 9.98421E-05 0.0298739 9.98421E-05 9.98421E-05 9.98421E-05 9.98421E-05 9.98421E-05 9.98421E-05 9.98421E-05 9.98421E-05 9.98421E-05 9.98421E-05 9.98421E-05 9.98421E-05 9.98421E-05 0.0908026 0.0096614 9.98421E-05 9.98421E-05 9.98421E-05 0.815034 0.0528313
9.98333E-05 9.98333E-05 9.98333E-05 0.0286171 9.98333E-05 9.98333E-05 9.98333E-05 9.98333E-05 9.98333E-05 9.98333E-05 9.98333E-05 9.98333E-05 9.98333E-05 9.98333E-05 9.98333E-05 9.98333E-05 9.98333E-05 0.0414432 9.98333E-05 9.98333E-05 9.98333E-05 0.81734 0.110703
9.98595E-05 9.98595E-05 9.98595E-05 9.98595E-05 9.98595E-05 0.0853402 9.98595E-05 9.98595E-05 9.98595E-05 0.0464295 9.98595E-05 9.98595E-05 9.98595E-05 9.98595E-05 0.250088 9.98595E-05 9.98595E-05 0.214057 9.98595E-05 0.0243655 9.98595E-05 0.192417 0.185704
9.98246E-05 9.98246E-05 9.98246E-05 9.98246E-05 9.98246E-05 9.98246E-05 0.0662684 9.98246E-05 9.98246E-05 9.98246E-05 9.98246E-05 9.98246E-05 9.98246E-05 9.98246E-05 9.98246E-05 9.98246E-05 9.98246E-05 0.139978 9.98246E-05 9.98246E-05 9.98246E-05 0.791758 9.98246E-05
9.98683E-05 9.98683E-05 9.98683E-05 9.98683E-05 9.98683E-05 0.147128 9.98683E-05 9.98683E-05 9.98683E-05 0.0162956 9.98683E-05 9.98683E-05 9.98683E-05 9.98683E-05 0.270399 9.98683E-05 0.0278002 0.253072 9.98683E-05 0.0176281 9.98683E-05 0.0836542 0.182525
0.105382 9.98773E-05 9.98773E-05 0.0239839 9.98773E-05 9.98773E-05 0.19719 9.98773E-05 9.98773E-05 0.00354784 9.98773E-05 9.98773E-05 9.98773E-05 9.98773E-05 9.98773E-05 0.00609785 0.0505132 0.118134 9.98773E-05 9.98773E-05 9.98773E-05 0.355867 0.137885
9.98771E-05 0.0242043 0.033801 9.98771E-05 0.0871637 9.98771E-05 0.557939 9.98771E-05 9.98771E-05 9.98771E-05 9.98771E-05 9.98771E-05 9.98771E-05 0.00653774 0.075192 9.98771E-05 9.98771E-05 9.98771E-05 9.98771E-05 0.0167661 9.98771E-05 0.156698 0.0403001
9.98418E-05 9.98418E-05 0.0144338 9.98418E-05 9.98418E-05 9.98418E-05 9.98418E-05 9.98418E-05 9.98418E-05 9.98418E-05 9.98418E-05 9.98418E-05 9.98418E-05 9.98418E-05 0.0343679 9.98418E-05 9.98418E-05 0.0540029 9.98418E-05 9.98418E-05 9.98418E-05 0.782327 0.113072
9.98335E-05 9.98335E-05 9.98335E-05 9.98335E-05 9.98335E-05 9.98335E-05 9.98335E-05 9.98335E-05 9.98335E-05 9.98335E-05 9.98335E-05 9.98335E-05 9.98335E-05 9.98335E-05 9.98335E-05 9.98335E-05 0.0148954 0.228259 9.98335E-05 9.98335E-05 9.98335E-05 0.623372 0.131576
9.98598E-05 9.98598E-05 0.000940193 9.98598E-05 9.98598E-05 9.98598E-05 0.0106222 0.0510645 9.98598E-05 9.98598E-05 9.98598E-05 9.98598E-05 9.98598E-05 9.98598E-05 0.199406 9.98598E-05 9.98598E-05 9.98598E-05 9.98598E-05 0.0266007 9.98598E-05 0.604587 0.105182
9.98598E-05 9.98598E-05 9.98598E-05 9.98598E-05 9.98598E-05 0.0261554 9.98598E-05 0.0481271 9.98598E-05 9.98598E-05 0.0444747 9.98598E-05 9.98598E-05 9.98598E-05 0.0932294 9.98598E-05 9.98598E-05 0.0414104 9.98598E-05 9.98598E-05 9.98598E-05 0.644902 0.100104
9.98246E-05 9.98246E-05 9.98246E-05 9.98246E-05 9.98246E-05 9.98246E-05 9.98246E-05 9.98246E-05 9.98246E-05 0.0655718 9.98246E-05 9.98246E-05 9.98246E-05 9.98246E-05 9.98246E-05 9.98246E-05 9.98246E-05 9.98246E-05 9.98246E-05 0.0215323 9.98246E-05 0.910899 9.98246E-05
9.98682E-05 0.0206456 0.132367 9.98682E-05 0.0158395 9.98682E-05 9.98682E-05 9.98682E-05 9.98682E-05 9.98682E-05 9.98682E-05 9.98682E-05 9.98682E-05 9.98682E-05 0.078814 9.98682E-05 9.98682E-05 0.265234 9.98682E-05 0.0299247 9.98682E-05 0.28906 0.166616
9.98156E-05 9.98156E-05 9.98156E-05 9.98156E-05 9.98156E-05 9.98156E-05 9.98156E-05 9.98156E-05 9.98156E-05 9.98156E-05 9.98156E-05 0.147751 9.98156E-05 9.98156E-05 9.98156E-05 9.98156E-05 9.98156E-05 9.98156E-05 9.98156E-05 9.98156E-05 9.98156E-05 0.850153 9.98156E-05
9.98334E-05 9.98334E-05 9.98334E-05 9.98334E-05 9.98334E-05 9.98334E-05 9.98334E-05 9.98334E-05 9.98334E-05 9.98334E-05 0.016123 9.98334E-05 9.98334E-05 9.98334E-05 9.98334E-05 9.98334E-05 9.98334E-05 0.0148713 9.98334E-05 0.0301436 9.98334E-05 0.936965 9.98334E-05
9.98684E-05 9.98684E-05 9.98684E-05 0.0374966 9.98684E-05 9.98684E-05 0.0996464 0.00504535 0.00813271 9.98684E-05 9.98684E-05 0.0178953 9.98684E-05 9.98684E-05 9.98684E-05 9.98684E-05 0.0261504 0.0405874 9.98684E-05 9.98684E-05 9.98684E-05 0.763548 9.98684E-05
9.9833E-05 9.9833E-05 9.9833E-05 0.0798891 9.9833E-05 9.9833E-05 9.9833E-05 9.9833E-05 9.9833E-05 9.9833E-05 9.9833E-05 9.9833E-05 9.9833E-05 9.9833E-05 9.9833E-05 9.9833E-05 9.9833E-05 0.0822513 9.9833E-05 9.9833E-05 9.9833E-05 0.674406 0.161557
9.98245E-05 9.98245E-05 9.98245E-05 9.98245E-05 9.98245E-05 9.98245E-05 0.522103 9.98245E-05 9.98245E-05 9.98245E-05 9.98245E-05 9.98245E-05 9.98245E-05 9.98245E-05 9.98245E-05 9.98245E-05 9.98245E-05 0.0541936 9.98245E-05 9.98245E-05 9.98245E-05 0.421706 9.98245E-05
9.98422E-05 9.98422E-05 9.98422E-05 9.98422E-05 9.98422E-05 9.98422E-05 0.161868 0.0295877 9.98422E-05 9.98422E-05 9.98422E-05 9.98422E-05 9.98422E-05 9.98422E-05 0.100993 9.98422E-05 9.98422E-05 9.98422E-05 9.98422E-05 9.98422E-05 9.98422E-05 0.639017 0.0667373
9.98248E-05 9.98248E-05 0.0428428 9.98248E-05 9.98248E-05 9.98248E-05 0.225048 9.98248E-05 9.98248E-05 9.98248E-05 9.98248E-05 9.98248E-05 9.98248E-05 9.98248E-05 9.98248E-05 9.98248E-05 9.98248E-05 9.98248E-05 9.98248E-05 9.98248E-05 9.98248E-05 0.730113 9.98248E-05
9.9816E-05 9.9816E-05 9.9816E-05 9.9816E-05 9.9816E-05 9.9816E-05 0.35717 9.9816E-05 9.9816E-05 9.9816E-05 9.9816E-05 9.9816E-05 9.9816E-05 9.9816E-05 9.9816E-05 9.9816E-05 9.9816E-05 9.9816E-05 9.9816E-05 9.9816E-05 9.9816E-05 0.640734 9.9816E-05
9.98419E-05 9.98419E-05 9.98419E-05 9.98419E-05 9.98419E-05 9.98419E-05 9.98419E-05 9.98419E-05 9.98419E-05 9.98419E-05 9.98419E-05 9.98419E-05 9.98419E-05 9.98419E-05 0.239954 9.98419E-05 0.0937317 0.101293 9.98419E-05 9.98419E-05 9.98419E-05 0.258064 0.305161
9.98245E-05 9.98245E-05 0.0263954 9.98245E-05 9.98245E-05 9.98245E-05 9.98245E-05 9.98245E-05 9.98245E-05 9.98245E-05 9.98245E-05 9.98245E-05 9.98245E-05 9.98245E-05 9.98245E-05 9.98245E-05 9.98245E-05 0.0974591 9.98245E-05 9.98245E-05 9.98245E-05 0.874149 9.98245E-05
9.98508E-05 9.98508E-05 9.98508E-05 9.98508E-05 9.98508E-05 0.0730147 0.585546 9.98508E-05 9.98508E-05 9.98508E-05 9.98508E-05 9.98508E-05 9.98508E-05 9.98508E-05 0.0726921 9.98508E-05 9.98508E-05 0.0780336 9.98508E-05 0.109728 9.98508E-05 9.98508E-05 0.0792882
9.98422E-05 9.98422E-05 9.98422E-05 9.98422E-05 9.98422E-05 9.98422E-05 0.427268 9.98422E-05 9.98422E-05 9.98422E-05 9.98422E-05 9.98422E-05 9.98422E-05 9.98422E-05 0.00496139 9.98422E-05 9.98422E-05 9.98422E-05 0.0194649 9.98422E-05 9.98422E-05 0.519105 0.0274035
9.98507E-05 9.98507E-05 9.98507E-05 9.98507E-05 9.98507E-05 9.98507E-05 9.98507E-05 9.98507E-05 9.98507E-05 9.98507E-05 9.98507E-05 9.98507E-05 9.98507E-05 9.98507E-05 0.0718348 0.058617 0.202628 0.112289 9.98507E-05 0.0704499 9.98507E-05 0.482483 9.98507E-05
0.256969 9.98422E-05 9.98422E-05 0.0266085 9.98422E-05 9.98422E-05 9.98422E-05 9.98422E-05 9.98422E-05 9.98422E-05 9.98422E-05 9.98422E-05 9.98422E-05 9.98422E-05 9.98422E-05 9.98422E-05 9.98422E-05 0.114964 9.98422E-05 9.98422E-05 9.98422E-05 0.581797 0.0178649
9.98773E-05 9.98773E-05 9.98773E-05 0.0400715 0.0537561 9.98773E-05 0.0133564 9.98773E-05 9.98773E-05 0.0612309 9.98773E-05 9.98773E-05 9.98773E-05 9.98773E-05 0.407155 9.98773E-05 0.0680242 0.105556 9.98773E-05 9.98773E-05 9.98773E-05 0.195937 0.0535143
9.98424E-05 9.98424E-05 9.98424E-05 0.00365277 0.0453169 9.98424E-05 9.98424E-05 9.98424E-05 9.98424E-05 9.98424E-05 9.98424E-05 9.98424E-05 9.98424E-05 9.98424E-05 9.98424E-05 9.98424E-05 9.98424E-05 0.215723 9.98424E-05 9.98424E-05 9.98424E-05 0.453657 0.279853
9.98246E-05 9.98246E-05 9.98246E-05 9.98246E-05 9.98246E-05 9.98246E-05 0.408871 9.98246E-05 9.98246E-05 9.98246E-05 9.98246E-05 9.98246E-05 9.98246E-05 9.98246E-05 9.98246E-05 9.98246E-05 9.98246E-05 9.98246E-05 9.98246E-05 9.98246E-05 9.98246E-05 0.572651 0.0164814
9.98332E-05 0.0326699 9.98332E-05 9.98332E-05 9.98332E-05 9.98332E-05 9.98332E-05 9.98332E-05 9.98332E-05 9.98332E-05 9.98332E-05 9.98332E-05 9.98332E-05 9.98332E-05 9.98332E-05 9.98332E-05 9.98332E-05 9.98332E-05 9.98332E-05 9.98332E-05 0.0897062 0.758117 0.11761
9.98421E-05 9.98421E-05 0.0052865 9.98421E-05 9.98421E-05 9.98421E-05 0.490435 9.98421E-05 9.98421E-05 9.98421E-05 9.98421E-05 9.98421E-05 9.98421E-05 9.98421E-05 9.98421E-05 9.98421E-05 0.00552848 0.164774 9.98421E-05 9.98421E-05 9.98421E-05 0.332179 9.98421E-05
9.98423E-05 9.98423E-05 9.98423E-05 9.98423E-05 9.98423E-05 9.98423E-05 0.113009 0.00679021 9.98423E-05 9.98423E-05 9.98423E-05 9.98423E-05 9.98423E-05 9.98423E-05 9.98423E-05 9.98423E-05 9.98423E-05 0.0621401 9.98423E-05 9.98423E-05 9.98423E-05 0.698928 0.117335
9.98422E-05 9.98422E-05 9.98422E-05 9.98422E-05 9.98422E-05 9.98422E-05 9.98422E-05 9.98422E-05 9.98422E-05 0.00112987 0.0216431 9.98422E-05 9.98422E-05 9.98422E-05 9.98422E-05 0.0304354 0.0324381 9.98422E-05 9.98422E-05 9.98422E-05 9.98422E-05 0.912556 9.98422E-05
9.98332E-05 9.98332E-05 9.98332E-05 9.98332E-05 9.98332E-05 9.98332E-05 9.98332E-05 0.0183567 0.00337515 9.98332E-05 9.98332E-05 9.98332E-05 9.98332E-05 9.98332E-05 9.98332E-05 9.98332E-05 9.98332E-05 9.98332E-05 9.98332E-05 0.0556771 9.98332E-05 0.920694 9.98332E-05
9.9842E-05 9.9842E-05 9.9842E-05 9.9842E-05 9.9842E-05 9.9842E-05 9.9842E-05 9.9842E-05 9.9842E-05 9.9842E-05 9.9842E-05 9.9842E-05 9.9842E-05 9.9842E-05 9.9842E-05 9.9842E-05 0.151102 0.17521 9.9842E-05 9.9842E-05 0.0272292 0.550768 0.0938938
9.98245E-05 9.98245E-05 9.98245E-05 9.98245E-05 9.98245E-05 9.98245E-05 9.98245E-05 9.98245E-05 9.98245E-05 9.98245E-05 9.98245E-05 9.98245E-05 9.98245E-05 9.98245E-05 9.98245E-05 9.98245E-05 9.98245E-05 0.144471 9.98245E-05 9.98245E-05 9.98245E-05 0.772091 0.0814421
9.98244E-05 9.98244E-05 9.98244E-05 9.98244E-05 9.98244E-05 9.98244E-05 9.98244E-05 9.98244E-05 9.98244E-05 0.118012 9.98244E-05 9.98244E-05 9.98244E-05 9.98244E-05 9.98244E-05 9.98244E-05 9.98244E-05 0.0288437 9.98244E-05 9.98244E-05 9.98244E-05 0.851147 9.98244E-05
9.98334E-05 9.98334E-05 9.98334E-05 9.98334E-05 9.98334E-05 9.98334E-05 0.0152505 9.98334E-05 9.98334E-05 9.98334E-05 9.98334E-05 9.98334E-05 9.98334E-05 9.98334E-05 9.98334E-05 9.98334E-05 9.98334E-05 9.98334E-05 9.98334E-05 0.0840373 9.98334E-05 0.890043 0.00877223
9.98335E-05 9.98335E-05 9.98335E-05 9.98335E-05 9.98335E-05 9.98335E-05 0.0921265 9.98335E-05 9.98335E-05 9.98335E-05 9.98335E-05 9.98335E-05 9.98335E-05 9.98335E-05 9.98335E-05 9.98335E-05 0.00436 0.13352 9.98335E-05 9.98335E-05 9.98335E-05 0.768097 9.98335E-05
9.98156E-05 9.98156E-05 9.98156E-05 9.98156E-05 9.98156E-05 9.98156E-05 9.98156E-05 9.98156E-05 9.98156E-05 9.98156E-05 9.98156E-05 9.98156E-05 9.98156E-05 9.98156E-05 9.98156E-05 9.98156E-05 9.98156E-05 9.98156E-05 9.98156E-05 0.0474604 9.98156E-05 9.98156E-05 0.950443
9.98066E-05 9.98066E-05 9.98066E-05 9.98066E-05 9.98066E-05 9.98066E-05 9.98066E-05 9.98066E-05 9.98066E-05 9.98066E-05 9.98066E-05 9.98066E-05 9.98066E-05 9.98066E-05 9.98066E-05 9.98066E-05 9.98066E-05 0.997804 9.98066E-05 9.98066E-05 9.98066E-05 9.98066E-05 9.98066E-05
9.98065E-05 9.98065E-05 9.98065E-05 9.98065E-05 9.98065E-05 9.98065E-05 9.98065E-05 9.98065E-05 9.98065E-05 9.98065E-05 9.98065E-05 9.98065E-05 9.98065E-05 9.98065E-05 9.98065E-05 9.98065E-05 9.98065E-05 9.98065E-05 9.98065E-05 9.98065E-05 9.98065E-05 9.98065E-05 0.997804
9.98066E-05 9.98066E-05 9.98066E-05 9.98066E-05 9.98066E-05 9.98066E-05 9.98066E-05 9.98066E-05 9.98066E-05 9.98066E-05 9.98066E-05 9.98066E-05 9.98066E-05 9.98066E-05 9.98066E-05 9.98066E-05 9.98066E-05 0.997804 9.98066E-05 9.98066E-05 9.98066E-05 9.98066E-05 9.98066E-05
