9.98858E-05 9.98858E-05 0.0127945 0.0139672 9.98858E-05 9.98858E-05 0.474137 0.213864 9.98858E-05 0.130626 9.98858E-05 9.98858E-05 0.0588538 0.00819209 9.98858E-05 9.98858E-05 0.0136165 9.98858E-05 9.98858E-05 0.0726501 9.98858E-05 9.98858E-05
9.98509E-05 9.98509E-05 9.98509E-05 9.98509E-05 9.98509E-05 9.98509E-05 0.215497 0.179057 9.98509E-05 0.11083 0.451241 9.98509E-05 9.98509E-05 9.98509E-05 9.98509E-05 9.98509E-05 9.98509E-05 0.041677 9.98509E-05 9.98509E-05 9.98509E-05 9.98509E-05
9.9842E-05 9.9842E-05 9.9842E-05 0.0286861 9.9842E-05 9.9842E-05 0.0458139 9.9842E-05 9.9842E-05 9.9842E-05 0.90739 9.9842E-05 9.9842E-05 9.9842E-05 9.9842E-05 9.9842E-05 9.9842E-05 9.9842E-05 9.9842E-05 0.0163133 9.9842E-05 9.9842E-05
0.118676 0.147207 9.98684E-05 0.107144 9.98684E-05 9.98684E-05 9.98684E-05 9.98684E-05 9.98684E-05 9.98684E-05 0.301505 9.98684E-05 9.98684E-05 0.281173 9.98684E-05 9.98684E-05 0.00887286 0.0339234 9.98684E-05 9.98684E-05 9.98684E-05 9.98684E-05
0.00280218 9.98509E-05 9.98509E-05 9.98509E-05 9.98509E-05 9.98509E-05 0.635269 9.98509E-05 9.98509E-05 9.98509E-05 0.211655 9.98509E-05 9.98509E-05 9.98509E-05 9.98509E-05 9.98509E-05 9.98509E-05 9.98509E-05 9.98509E-05 9.98509E-05 0.011625 0.136951
0.151353 9.98859E-05 0.0744927 9.98859E-05 9.98859E-05 9.98859E-05 9.98859E-05 0.196029 0.140675 0.0147817 0.219862 9.98859E-05 9.98859E-05 9.98859E-05 9.98859E-05 0.0150177 9.98859E-05 9.98859E-05 9.98859E-05 9.98859E-05 0.0359027 0.150588
0.0165767 9.99035E-05 9.99035E-05 0.121284 9.99035E-05 9.99035E-05 0.268542 0.095967 9.99035E-05 0.124597 0.0316406 9.99035E-05 9.99035E-05 0.0356035 0.0658164 0.100185 9.99035E-05 0.10978 9.99035E-05 0.028908 9.99035E-05 9.99035E-05
0.0720317 9.99035E-05 0.0938774 0.14188 9.99035E-05 9.99035E-05 9.99035E-05 0.0695264 0.117816 0.0163073 0.260081 0.0676199 9.99035E-05 0.0226272 9.99035E-05 9.99035E-05 9.99035E-05 9.99035E-05 9.99035E-05 9.99035E-05 0.0532988 0.0838357
9.98772E-05 9.98772E-05 9.98772E-05 0.0538279 0.00207533 9.98772E-05 0.174068 9.98772E-05 0.210808 9.98772E-05 0.108393 9.98772E-05 9.98772E-05 9.98772E-05 9.98772E-05 9.98772E-05 0.222756 9.98772E-05 9.98772E-05 0.149232 9.98772E-05 0.0774396
9.98245E-05 9.98245E-05 9.98245E-05 9.98245E-05 9.98245E-05 9.98245E-05 0.971132 9.98245E-05 9.98245E-05 9.98245E-05 9.98245E-05 9.98245E-05 9.98245E-05 9.98245E-05 9.98245E-05 9.98245E-05 0.0268713 9.98245E-05 9.98245E-05 9.98245E-05 9.98245E-05 9.98245E-05
9.98683E-05 0.0303411 9.98683E-05 0.0112998 9.98683E-05 9.98683E-05 0.610512 0.0450979 0.00203986 9.98683E-05 9.98683E-05 9.98683E-05 9.98683E-05 9.98683E-05 9.98683E-05 9.98683E-05 0.15874 0.140471 9.98683E-05 9.98683E-05 9.98683E-05 9.98683E-05
9.98158E-05 9.98158E-05 9.98158E-05 9.98158E-05 9.98158E-05 9.98158E-05 9.98158E-05 9.98158E-05 9.98158E-05 9.98158E-05 0.997904 9.98158E-05 9.98158E-05 9.98158E-05 9.98158E-05 9.98158E-05 9.98158E-05 9.98158E-05 9.98158E-05 9.98158E-05 9.98158E-05 9.98158E-05
9.98421E-05 9.98421E-05 9.98421E-05 0.0259282 9.98421E-05 9.98421E-05 0.895527 9.98421E-05 9.98421E-05 9.98421E-05 9.98421E-05 9.98421E-05 9.98421E-05 9.98421E-05 9.98421E-05 9.98421E-05 0.0661128 9.98421E-05 9.98421E-05 9.98421E-05 0.0106347 9.98421E-05
9.98685E-05 9.98685E-05 9.98685E-05 9.98685E-05 9.98685E-05 0.182966 0.160661 9.98685E-05 9.98685E-05 9.98685E-05 0.500956 0.0605367 9.98685E-05 9.98685E-05 9.98685E-05 0.00656658 0.0198666 0.0669494 9.98685E-05 9.98685E-05 9.98685E-05 9.98685E-05
0.0493182 9.9886E-05 9.9886E-05 9.9886E-05 0.0404989 9.9886E-05 0.353052 0.11471 0.0905756 9.9886E-05 9.9886E-05 9.9886E-05 9.9886E-05 9.9886E-05 0.00702937 9.9886E-05 0.105212 9.9886E-05 0.0632826 9.9886E-05 9.9886E-05 0.175023
9.98946E-05 9.98946E-05 0.124255 0.0156526 9.98946E-05 9.98946E-05 0.0492548 0.149752 0.222612 9.98946E-05 0.160923 0.0775632 9.98946E-05 0.0906441 9.98946E-05 9.98946E-05 0.0756613 9.98946E-05 9.98946E-05 9.98946E-05 9.98946E-05 0.0324825
9.98859E-05 9.98859E-05 0.0343306 9.98859E-05 9.98859E-05 9.98859E-05 0.217513 9.98859E-05 9.98859E-05 0.0796797 0.353 0.0093927 9.98859E-05 9.98859E-05 0.0715432 9.98859E-05 0.0449983 0.0149932 0.173251 9.98859E-05 9.98859E-05 9.98859E-05
9.98948E-05 9.98948E-05 9.98948E-05 0.147129 0.11573 9.98948E-05 0.125963 0.120669 0.0240412 9.98948E-05 0.0312957 9.98948E-05 0.127011 0.0486374 9.98948E-05 9.98948E-05 0.207425 9.98948E-05 9.98948E-05 0.0509004 9.98948E-05 9.98948E-05
0.118258 9.98594E-05 9.98594E-05 0.211954 9.98594E-05 9.98594E-05 0.279163 9.98594E-05 0.119165 9.98594E-05 0.0875381 9.98594E-05 9.98594E-05 9.98594E-05 9.98594E-05 9.98594E-05 0.182323 9.98594E-05 9.98594E-05 9.98594E-05 9.98594E-05 9.98594E-05
9.98332E-05 9.98332E-05 9.98332E-05 9.98332E-05 0.053444 9.98332E-05 0.925762 9.98332E-05 9.98332E-05 9.98332E-05 9.98332E-05 9.98332E-05 9.98332E-05 9.98332E-05 9.98332E-05 9.98332E-05 9.98332E-05 9.98332E-05 9.98332E-05 9.98332E-05 9.98332E-05 0.0188967
9.98684E-05 0.0410098 9.98684E-05 9.98684E-05 9.98684E-05 9.98684E-05 0.120771 9.98684E-05 9.98684E-05 9.98684E-05 0.40463 0.109212 9.98684E-05 0.214482 9.98684E-05 9.98684E-05 0.0468041 0.0615928 9.98684E-05 9.98684E-05 9.98684E-05 9.98684E-05
0.0367611 9.98597E-05 9.98597E-05 0.314991 9.98597E-05 9.98597E-05 0.298797 9.98597E-05 0.143527 9.98597E-05 9.98597E-05 9.98597E-05 9.98597E-05 9.98597E-05 9.98597E-05 9.98597E-05 9.98597E-05 9.98597E-05 9.98597E-05 9.98597E-05 0.183511 0.0208161
9.98509E-05 0.0231057 9.98509E-05 9.98509E-05 9.98509E-05 9.98509E-05 9.98509E-05 0.173501 9.98509E-05 9.98509E-05 0.638639 9.98509E-05 9.98509E-05 9.98509E-05 9.98509E-05 9.98509E-05 0.107953 0.0551029 9.98509E-05 9.98509E-05 9.98509E-05 9.98509E-05
9.98507E-05 9.98507E-05 9.98507E-05 0.299339 9.98507E-05 9.98507E-05 0.390995 9.98507E-05 9.98507E-05 9.98507E-05 9.98507E-05 0.0115633 9.98507E-05 9.98507E-05 9.98507E-05 9.98507E-05 0.215654 9.98507E-05 9.98507E-05 0.0807513 9.98507E-05 9.98507E-05
9.98684E-05 0.224082 9.98684E-05 0.0701612 0.135945 9.98684E-05 0.209946 9.98684E-05 0.0210924 9.98684E-05 0.0517744 9.98684E-05 9.98684E-05 9.98684E-05 9.98684E-05 9.98684E-05 0.285501 9.98684E-05 9.98684E-05 9.98684E-05 9.98684E-05 9.98684E-05
9.98421E-05 9.98421E-05 9.98421E-05 9.98421E-05 9.98421E-05 9.98421E-05 0.717369 9.98421E-05 9.98421E-05 9.98421E-05 9.98421E-05 9.98421E-05 9.98421E-05 0.113648 9.98421E-05 9.98421E-05 0.100432 9.98421E-05 9.98421E-05 9.98421E-05 9.98421E-05 0.0667543
9.98771E-05 0.276275 9.98771E-05 0.365658 9.98771E-05 9.98771E-05 0.10003 9.98771E-05 9.98771E-05 9.98771E-05 9.98771E-05 0.00123858 0.0850979 9.98771E-05 9.98771E-05 9.98771E-05 0.132345 9.98771E-05 9.98771E-05 9.98771E-05 0.0287618 0.00919495
9.98597E-05 0.0112981 9.98597E-05 0.104798 9.98597E-05 9.98597E-05 0.753198 9.98597E-05 9.98597E-05 9.98597E-05 0.06052 9.98597E-05 9.98597E-05 0.0330321 9.98597E-05 9.98597E-05 0.0355565 9.98597E-05 9.98597E-05 9.98597E-05 9.98597E-05 9.98597E-05
9.98685E-05 0.124196 9.98685E-05 0.0513911 9.98685E-05 9.98685E-05 0.0978147 0.0293739 9.98685E-05 9.98685E-05 0.551905 9.98685E-05 9.98685E-05 0.00379753 9.98685E-05 9.98685E-05 0.140023 9.98685E-05 9.98685E-05 9.98685E-05 9.98685E-05 9.98685E-05
9.98597E-05 0.0116842 9.98597E-05 9.98597E-05 9.98597E-05 9.98597E-05 0.242336 9.98597E-05 0.041334 9.98597E-05 0.648572 9.98597E-05 9.98597E-05 9.98597E-05 9.98597E-05 9.98597E-05 0.0428296 9.98597E-05 0.011647 9.98597E-05 9.98597E-05 9.98597E-05
0.0225791 9.98684E-05 0.0386992 9.98684E-05 9.98684E-05 9.98684E-05 0.735959 9.98684E-05 9.98684E-05 9.98684E-05 9.98684E-05 9.98684E-05 0.0400796 9.98684E-05 9.98684E-05 0.00687513 0.0698807 0.0844288 9.98684E-05 9.98684E-05 9.98684E-05 9.98684E-05
0.0184665 0.111925 9.99035E-05 0.0313015 9.99035E-05 9.99035E-05 0.416224 0.031833 9.99035E-05 9.99035E-05 0.0844358 9.99035E-05 9.99035E-05 0.0607037 9.99035E-05 9.99035E-05 0.0622545 0.0555904 0.0815682 9.99035E-05 9.99035E-05 0.0445976
9.98771E-05 0.000388249 9.98771E-05 0.184807 9.98771E-05 9.98771E-05 0.240076 9.98771E-05 9.98771E-05 9.98771E-05 0.329295 0.0305878 9.98771E-05 0.0207805 9.98771E-05 9.98771E-05 0.106819 0.0858489 9.98771E-05 9.98771E-05 9.98771E-05 9.98771E-05
9.98595E-05 0.0931097 9.98595E-05 0.144038 9.98595E-05 9.98595E-05 9.98595E-05 9.98595E-05 9.98595E-05 9.98595E-05 0.660147 9.98595E-05 0.0233597 9.98595E-05 0.0308498 9.98595E-05 0.0468987 9.98595E-05 9.98595E-05 9.98595E-05 9.98595E-05 9.98595E-05
9.98685E-05 9.98685E-05 9.98685E-05 9.98685E-05 0.0163205 9.98685E-05 0.316461 9.98685E-05 0.00927454 0.0138807 0.578312 9.98685E-05 9.98685E-05 9.98685E-05 9.98685E-05 9.98685E-05 0.0302538 0.0339993 9.98685E-05 9.98685E-05 9.98685E-05 9.98685E-05
9.98596E-05 9.98596E-05 9.98596E-05 0.0316843 9.98596E-05 9.98596E-05 0.783807 9.98596E-05 0.0480075 0.0144639 9.98596E-05 9.98596E-05 9.98596E-05 0.119652 9.98596E-05 9.98596E-05 9.98596E-05 9.98596E-05 9.98596E-05 0.000787424 9.98596E-05 9.98596E-05
0.058611 9.98422E-05 9.98422E-05 9.98422E-05 9.98422E-05 9.98422E-05 0.828117 9.98422E-05 9.98422E-05 9.98422E-05 0.0691844 9.98422E-05 9.98422E-05 9.98422E-05 9.98422E-05 0.0422907 9.98422E-05 9.98422E-05 9.98422E-05 9.98422E-05 9.98422E-05 9.98422E-05
9.98596E-05 9.98596E-05 9.98596E-05 9.98596E-05 0.00934491 9.98596E-05 9.98596E-05 9.98596E-05 0.14325 0.000390113 0.781775 9.98596E-05 9.98596E-05 0.0063909 9.98596E-05 9.98596E-05 0.057252 9.98596E-05 9.98596E-05 9.98596E-05 9.98596E-05 9.98596E-05
9.9886E-05 9.9886E-05 9.9886E-05 0.060141 9.9886E-05 9.9886E-05 9.9886E-05 9.9886E-05 0.000796227 0.017744 0.639945 0.0197159 9.9886E-05 9.9886E-05 9.9886E-05 9.9886E-05 0.13926 0.00261967 0.096084 9.9886E-05 0.0223952 9.9886E-05
0.044101 0.107674 9.98508E-05 9.98508E-05 9.98508E-05 9.98508E-05 9.98508E-05 9.98508E-05 9.98508E-05 9.98508E-05 0.670572 0.128223 9.98508E-05 9.98508E-05 9.98508E-05 9.98508E-05 0.0477331 9.98508E-05 9.98508E-05 9.98508E-05 9.98508E-05 9.98508E-05
0.0740527 9.98421E-05 9.98421E-05 9.98421E-05 9.98421E-05 9.98421E-05 0.875923 9.98421E-05 9.98421E-05 9.98421E-05 9.98421E-05 9.98421E-05 9.98421E-05 9.98421E-05 9.98421E-05 9.98421E-05 0.0299094 0.0183179 9.98421E-05 9.98421E-05 9.98421E-05 9.98421E-05
9.98785E-05 9.98785E-05 9.98785E-05 0.252872 9.98785E-05 9.98785E-05 0.44131 0.0204537 0.0109494 0.0034716 0.136448 9.98785E-05 9.98785E-05 9.98785E-05 9.98785E-05 9.98785E-05 0.08758 9.98785E-05 9.98785E-05 9.98785E-05 9.98785E-05 0.0455166
9.98245E-05 9.98245E-05 9.98245E-05 9.98245E-05 9.98245E-05 0.202605 0.795399 9.98245E-05 9.98245E-05 9.98245E-05 9.98245E-05 9.98245E-05 9.98245E-05 9.98245E-05 9.98245E-05 9.98245E-05 9.98245E-05 9.98245E-05 9.98245E-05 9.98245E-05 9.98245E-05 9.98245E-05
9.98684E-05 9.98684E-05 9.98684E-05 0.0116797 9.98684E-05 9.98684E-05 9.98684E-05 0.271256 0.0832627 9.98684E-05 0.330778 9.98684E-05 9.98684E-05 9.98684E-05 9.98684E-05 9.98684E-05 0.106439 0.0914305 9.98684E-05 0.103657 9.98684E-05 9.98684E-05
9.9842E-05 9.9842E-05 9.9842E-05 0.347393 9.9842E-05 9.9842E-05 9.9842E-05 9.9842E-05 9.9842E-05 9.9842E-05 0.329776 9.9842E-05 9.9842E-05 9.9842E-05 0.171919 9.9842E-05 0.149116 9.9842E-05 9.9842E-05 9.9842E-05 9.9842E-05 9.9842E-05
0.0495961 9.98597E-05 0.140435 9.98597E-05 0.0539533 9.98597E-05 0.527321 9.98597E-05 9.98597E-05 9.98597E-05 0.219515 9.98597E-05 9.98597E-05 9.98597E-05 9.98597E-05 9.98597E-05 9.98597E-05 9.98597E-05 9.98597E-05 9.98597E-05 0.00758144 9.98597E-05
9.98509E-05 9.98509E-05 9.98509E-05 9.98509E-05 9.98509E-05 9.98509E-05 0.432215 9.98509E-05 0.0267877 9.98509E-05 0.399138 9.98509E-05 9.98509E-05 0.0564975 9.98509E-05 9.98509E-05 0.0836648 9.98509E-05 9.98509E-05 9.98509E-05 9.98509E-05 9.98509E-05
9.98157E-05 9.98157E-05 9.98157E-05 9.98157E-05 9.98157E-05 9.98157E-05 9.98157E-05 9.98157E-05 9.98157E-05 9.98157E-05 0.997904 9.98157E-05 9.98157E-05 9.98157E-05 9.98157E-05 9.98157E-05 9.98157E-05 9.98157E-05 9.98157E-05 9.98157E-05 9.98157E-05 9.98157E-05
0.0144833 9.98683E-05 9.98683E-05 0.139078 9.98683E-05 9.98683E-05 0.0549845 0.0185338 9.98683E-05 9.98683E-05 0.652031 9.98683E-05 9.98683E-05 9.98683E-05 9.98683E-05 9.98683E-05 0.108453 0.0109381 9.98683E-05 9.98683E-05 9.98683E-05 9.98683E-05
0.0311898 9.98424E-05 9.98424E-05 9.98424E-05 9.98424E-05 9.98424E-05 9.98424E-05 9.98424E-05 0.0214496 9.98424E-05 0.844198 9.98424E-05 9.98424E-05 9.98424E-05 9.98424E-05 0.101366 9.98424E-05 9.98424E-05 9.98424E-05 9.98424E-05 9.98424E-05 9.98424E-05
9.98859E-05 0.0181255 9.98859E-05 0.0903248 9.98859E-05 9.98859E-05 9.98859E-05 9.98859E-05 0.0751997 9.98859E-05 0.398962 9.98859E-05 9.98859E-05 0.0228825 9.98859E-05 9.98859E-05 0.17244 0.0981362 9.98859E-05 0.00828958 9.98859E-05 0.114342
9.9886E-05 9.9886E-05 9.9886E-05 0.164339 0.0187098 9.9886E-05 0.432868 9.9886E-05 9.9886E-05 9.9886E-05 0.227209 9.9886E-05 9.9886E-05 0.0327273 0.0328113 9.9886E-05 9.9886E-05 9.9886E-05 9.9886E-05 0.0720367 0.013087 0.00491428
9.98247E-05 9.98247E-05 9.98247E-05 9.98247E-05 9.98247E-05 9.98247E-05 0.925632 9.98247E-05 9.98247E-05 9.98247E-05 9.98247E-05 9.98247E-05 0.0723711 9.98247E-05 9.98247E-05 9.98247E-05 9.98247E-05 9.98247E-05 9.98247E-05 9.98247E-05 9.98247E-05 9.98247E-05
9.98772E-05 9.98772E-05 9.98772E-05 9.98772E-05 0.0520843 0.00935927 9.98772E-05 9.98772E-05 0.00130611 9.98772E-05 0.774625 0.0605408 0.01663 0.0574985 9.98772E-05 9.98772E-05 0.0265576 9.98772E-05 9.98772E-05 9.98772E-05 9.98772E-05 9.98772E-05
0.0441465 9.98511E-05 9.98511E-05 9.98511E-05 9.98511E-05 9.98511E-05 0.0449396 9.98511E-05 9.98511E-05 9.98511E-05 0.785608 9.98511E-05 9.98511E-05 9.98511E-05 9.98511E-05 9.98511E-05 0.109524 9.98511E-05 9.98511E-05 0.0140839 9.98511E-05 9.98511E-05
9.98685E-05 9.98685E-05 0.0358544 9.98685E-05 9.98685E-05 9.98685E-05 0.0798877 0.00961833 9.98685E-05 9.98685E-05 0.655288 9.98685E-05 9.98685E-05 9.98685E-05 9.98685E-05 9.98685E-05 9.98685E-05 0.0171923 9.98685E-05 9.98685E-05 0.166947 0.033714
0.0824905 9.98508E-05 9.98508E-05 9.98508E-05 9.98508E-05 9.98508E-05 0.812343 9.98508E-05 0.00409452 9.98508E-05 9.98508E-05 9.98508E-05 0.0883667 9.98508E-05 9.98508E-05 9.98508E-05 0.0110077 9.98508E-05 9.98508E-05 9.98508E-05 9.98508E-05 9.98508E-05
9.98509E-05 9.98509E-05 9.98509E-05 9.98509E-05 9.98509E-05 9.98509E-05 0.845983 9.98509E-05 9.98509E-05 9.98509E-05 9.98509E-05 9.98509E-05 9.98509E-05 0.0223861 0.0537031 9.98509E-05 0.0504261 0.025804 9.98509E-05 9.98509E-05 9.98509E-05 9.98509E-05
9.98421E-05 9.98421E-05 9.98421E-05 9.98421E-05 9.98421E-05 9.98421E-05 0.00925845 9.98421E-05 9.98421E-05 9.98421E-05 0.951683 9.98421E-05 9.98421E-05 9.98421E-05 9.98421E-05 0.0293557 9.98421E-05 0.00790547 9.98421E-05 9.98421E-05 9.98421E-05 9.98421E-05
9.98683E-05 0.120078 9.98683E-05 9.98683E-05 9.98683E-05 9.98683E-05 9.98683E-05 0.632756 0.0446874 0.0600172 9.98683E-05 9.98683E-05 0.0290971 9.98683E-05 9.98683E-05 9.98683E-05 0.0789237 0.0329427 9.98683E-05 9.98683E-05 9.98683E-05 9.98683E-05
9.9816E-05 9.9816E-05 9.9816E-05 9.9816E-05 9.9816E-05 9.9816E-05 9.9816E-05 0.997904 9.9816E-05 9.9816E-05 9.9816E-05 9.9816E-05 9.9816E-05 9.9816E-05 9.9816E-05 9.9816E-05 9.9816E-05 9.9816E-05 9.9816E-05 9.9816E-05 9.9816E-05 9.9816E-05
9.98334E-05 9.98334E-05 9.98334E-05 9.98334E-05 9.98334E-05 9.98334E-05 9.98334E-05 0.944149 9.98334E-05 9.98334E-05 9.98334E-05 9.98334E-05 0.0456524 9.98334E-05 9.98334E-05 9.98334E-05 9.98334E-05 0.00830178 9.98334E-05 9.98334E-05 9.98334E-05 9.98334E-05
9.98596E-05 0.232933 9.98596E-05 9.98596E-05 9.98596E-05 9.98596E-05 9.98596E-05 0.285861 0.12299 0.294229 9.98596E-05 9.98596E-05 0.0263151 9.98596E-05 9.98596E-05 9.98596E-05 0.0360748 9.98596E-05 9.98596E-05 9.98596E-05 9.98596E-05 9.98596E-05
9.98857E-05 9.98857E-05 9.98857E-05 0.100241 0.0212328 9.98857E-05 9.98857E-05 0.53793 0.019709 9.98857E-05 9.98857E-05 9.98857E-05 0.0906661 0.0320119 9.98857E-05 0.128745 0.044217 0.0239485 9.98857E-05 9.98857E-05 9.98857E-05 9.98857E-05
9.9868E-05 0.0556273 0.0325873 0.0209636 9.9868E-05 9.9868E-05 9.9868E-05 0.65312 0.0674383 9.9868E-05 9.9868E-05 9.9868E-05 9.9868E-05 9.9868E-05 9.9868E-05 9.9868E-05 0.146554 9.9868E-05 9.9868E-05 0.0222118 9.9868E-05 9.9868E-05
9.98595E-05 9.98595E-05 9.98595E-05 9.98595E-05 9.98595E-05 9.98595E-05 9.98595E-05 0.465819 0.0263841 0.255132 9.98595E-05 9.98595E-05 9.98595E-05 0.135675 9.98595E-05 0.00904214 0.106351 9.98595E-05 9.98595E-05 9.98595E-05 9.98595E-05 9.98595E-05
0.00847411 9.9877E-05 9.9877E-05 9.9877E-05 9.9877E-05 9.9877E-05 9.9877E-05 0.369192 0.0799316 0.22397 9.9877E-05 9.9877E-05 0.186009 9.9877E-05 9.9877E-05 0.0106169 0.0966793 9.9877E-05 9.9877E-05 9.9877E-05 9.9877E-05 0.0237296
9.98246E-05 9.98246E-05 9.98246E-05 9.98246E-05 9.98246E-05 9.98246E-05 9.98246E-05 0.954698 9.98246E-05 0.0433053 9.98246E-05 9.98246E-05 9.98246E-05 9.98246E-05 9.98246E-05 9.98246E-05 9.98246E-05 9.98246E-05 9.98246E-05 9.98246E-05 9.98246E-05 9.98246E-05
9.98245E-05 9.98245E-05 9.98245E-05 9.98245E-05 9.98245E-05 9.98245E-05 9.98245E-05 0.883941 9.98245E-05 9.98245E-05 9.98245E-05 9.98245E-05 9.98245E-05 9.98245E-05 9.98245E-05 9.98245E-05 9.98245E-05 0.114062 9.98245E-05 9.98245E-05 9.98245E-05 9.98245E-05
9.98594E-05 9.98594E-05 0.0275157 9.98594E-05 9.98594E-05 9.98594E-05 9.98594E-05 0.499286 0.0517775 9.98594E-05 9.98594E-05 9.98594E-05 0.0101719 9.98594E-05 9.98594E-05 9.98594E-05 0.274466 0.135185 9.98594E-05 9.98594E-05 9.98594E-05 9.98594E-05
0.00199938 9.98859E-05 0.0656807 0.120037 9.98859E-05 9.98859E-05 9.98859E-05 0.473063 9.98859E-05 0.0505188 9.98859E-05 0.105752 9.98859E-05 0.117282 9.98859E-05 9.98859E-05 0.0203525 0.0440158 9.98859E-05 9.98859E-05 9.98859E-05 9.98859E-05
0.0462274 9.98769E-05 0.0597165 9.98769E-05 9.98769E-05 9.98769E-05 9.98769E-05 0.427697 0.0820302 9.98769E-05 9.98769E-05 0.120397 9.98769E-05 9.98769E-05 9.98769E-05 9.98769E-05 9.98769E-05 0.0629581 9.98769E-05 9.98769E-05 0.0729707 0.126605
0.0433195 0.0162625 9.98594E-05 0.191549 9.98594E-05 9.98594E-05 9.98594E-05 0.523307 9.98594E-05 0.0126852 9.98594E-05 9.98594E-05 9.98594E-05 9.98594E-05 9.98594E-05 9.98594E-05 0.211279 9.98594E-05 9.98594E-05 9.98594E-05 9.98594E-05 9.98594E-05
9.98512E-05 0.0267543 9.98512E-05 9.98512E-05 9.98512E-05 9.98512E-05 9.98512E-05 0.864313 9.98512E-05 9.98512E-05 9.98512E-05 9.98512E-05 9.98512E-05 9.98512E-05 0.00531573 0.0266256 9.98512E-05 0.0752939 9.98512E-05 9.98512E-05 9.98512E-05 9.98512E-05
9.9851E-05 9.9851E-05 9.9851E-05 9.9851E-05 9.9851E-05 9.9851E-05 9.9851E-05 0.794892 0.0191451 9.9851E-05 9.9851E-05 9.9851E-05 9.9851E-05 0.113007 9.9851E-05 9.9851E-05 9.9851E-05 0.0568648 9.9851E-05 9.9851E-05 9.9851E-05 0.0143933
0.157919 0.105068 9.98594E-05 9.98594E-05 9.98594E-05 9.98594E-05 9.98594E-05 0.665096 9.98594E-05 9.98594E-05 9.98594E-05 9.98594E-05 0.00938068 9.98594E-05 9.98594E-05 0.0386286 0.0223095 9.98594E-05 9.98594E-05 9.98594E-05 9.98594E-05 9.98594E-05
0.0673729 9.98682E-05 0.00198934 0.0398807 9.98682E-05 9.98682E-05 9.98682E-05 0.675616 0.0532359 9.98682E-05 9.98682E-05 9.98682E-05 9.98682E-05 0.0329503 9.98682E-05 9.98682E-05 9.98682E-05 0.127457 9.98682E-05 9.98682E-05 9.98682E-05 9.98682E-05
9.98507E-05 9.98507E-05 9.98507E-05 9.98507E-05 9.98507E-05 9.98507E-05 9.98507E-05 0.744302 0.00399655 9.98507E-05 9.98507E-05 9.98507E-05 0.207737 9.98507E-05 9.98507E-05 9.98507E-05 0.0158105 0.026456 9.98507E-05 9.98507E-05 9.98507E-05 9.98507E-05
9.98592E-05 0.0347684 0.043922 9.98592E-05 0.0289095 9.98592E-05 9.98592E-05 0.55211 9.98592E-05 9.98592E-05 9.98592E-05 0.103851 9.98592E-05 9.98592E-05 9.98592E-05 9.98592E-05 0.234842 9.98592E-05 9.98592E-05 9.98592E-05 9.98592E-05 9.98592E-05
9.98337E-05 9.98337E-05 9.98337E-05 9.98337E-05 9.98337E-05 0.0100708 9.98337E-05 0.97587 9.98337E-05 9.98337E-05 9.98337E-05 9.98337E-05 9.98337E-05 9.98337E-05 9.98337E-05 9.98337E-05 0.0121622 9.98337E-05 9.98337E-05 9.98337E-05 9.98337E-05 9.98337E-05
0.0167682 9.98505E-05 9.98505E-05 0.279198 9.98505E-05 9.98505E-05 9.98505E-05 0.633402 9.98505E-05 0.00707343 9.98505E-05 9.98505E-05 9.98505E-05 9.98505E-05 9.98505E-05 9.98505E-05 0.0618604 9.98505E-05 9.98505E-05 9.98505E-05 9.98505E-05 9.98505E-05
9.98684E-05 0.261412 9.98684E-05 0.0977454 0.00399753 0.0329355 9.98684E-05 0.470576 9.98684E-05 0.110621 9.98684E-05 9.98684E-05 0.0212145 9.98684E-05 9.98684E-05 9.98684E-05 9.98684E-05 9.98684E-05 9.98684E-05 9.98684E-05 9.98684E-05 9.98684E-05
9.98596E-05 9.98596E-05 9.98596E-05 9.98596E-05 9.98596E-05 9.98596E-05 9.98596E-05 0.696966 9.98596E-05 9.98596E-05 9.98596E-05 9.98596E-05 0.11033 9.98596E-05 0.119171 0.0124013 0.0436306 0.0159025 9.98596E-05 9.98596E-05 9.98596E-05 9.98596E-05
9.98593E-05 9.98593E-05 0.0526251 0.00844648 9.98593E-05 9.98593E-05 9.98593E-05 0.718807 0.00985814 9.98593E-05 9.98593E-05 9.98593E-05 9.98593E-05 9.98593E-05 9.98593E-05 9.98593E-05 0.0462238 0.162442 9.98593E-05 9.98593E-05 9.98593E-05 9.98593E-05
9.98335E-05 9.98335E-05 9.98335E-05 9.98335E-05 9.98335E-05 9.98335E-05 9.98335E-05 0.954205 0.0307822 9.98335E-05 9.98335E-05 9.98335E-05 9.98335E-05 9.98335E-05 9.98335E-05 9.98335E-05 0.0131165 9.98335E-05 9.98335E-05 9.98335E-05 9.98335E-05 9.98335E-05
9.98247E-05 9.98247E-05 0.0132985 9.98247E-05 9.98247E-05 9.98247E-05 9.98247E-05 0.984705 9.98247E-05 9.98247E-05 9.98247E-05 9.98247E-05 9.98247E-05 9.98247E-05 9.98247E-05 9.98247E-05 9.98247E-05 9.98247E-05 9.98247E-05 9.98247E-05 9.98247E-05 9.98247E-05
9.98158E-05 9.98158E-05 9.98158E-05 9.98158E-05 9.98158E-05 9.98158E-05 9.98158E-05 0.997904 9.98158E-05 9.98158E-05 9.98158E-05 9.98158E-05 9.98158E-05 9.98158E-05 9.98158E-05 9.98158E-05 9.98158E-05 9.98158E-05 9.98158E-05 9.98158E-05 9.98158E-05 9.98158E-05
9.98423E-05 0.0327045 0.0392298 9.98423E-05 9.98423E-05 9.98423E-05 9.98423E-05 0.825702 9.98423E-05 9.98423E-05 9.98423E-05 9.98423E-05 0.100567 9.98423E-05 9.98423E-05 9.98423E-05 9.98423E-05 9.98423E-05 9.98423E-05 9.98423E-05 9.98423E-05 9.98423E-05
9.98508E-05 9.98508E-05 9.98508E-05 9.98508E-05 9.98508E-05 0.310787 9.98508E-05 0.522377 0.00789457 9.98508E-05 9.98508E-05 9.98508E-05 9.98508E-05 9.98508E-05 0.0201288 9.98508E-05 0.137115 9.98508E-05 9.98508E-05 9.98508E-05 9.98508E-05 9.98508E-05
9.98421E-05 0.559804 9.98421E-05 9.98421E-05 9.98421E-05 9.98421E-05 9.98421E-05 9.98421E-05 0.0859444 9.98421E-05 9.98421E-05 9.98421E-05 9.98421E-05 9.98421E-05 9.98421E-05 9.98421E-05 0.0669066 9.98421E-05 9.98421E-05 9.98421E-05 9.98421E-05 0.285548
9.98421E-05 0.390923 9.98421E-05 9.98421E-05 9.98421E-05 0.517491 9.98421E-05 9.98421E-05 0.0676978 9.98421E-05 9.98421E-05 9.98421E-05 9.98421E-05 9.98421E-05 9.98421E-05 9.98421E-05 9.98421E-05 9.98421E-05 0.0220912 9.98421E-05 9.98421E-05 9.98421E-05
9.98508E-05 0.84039 0.0110359 9.98508E-05 9.98508E-05 9.98508E-05 9.98508E-05 9.98508E-05 9.98508E-05 9.98508E-05 9.98508E-05 9.98508E-05 9.98508E-05 9.98508E-05 9.98508E-05 9.98508E-05 0.0305183 9.98508E-05 9.98508E-05 9.98508E-05 0.0335819 0.0827765
9.9833E-05 0.862714 9.9833E-05 9.9833E-05 9.9833E-05 9.9833E-05 9.9833E-05 9.9833E-05 9.9833E-05 9.9833E-05 9.9833E-05 9.9833E-05 0.0287672 9.9833E-05 9.9833E-05 9.9833E-05 0.106622 9.9833E-05 9.9833E-05 9.9833E-05 9.9833E-05 9.9833E-05
9.98507E-05 0.415727 9.98507E-05 9.98507E-05 0.0320507 9.98507E-05 9.98507E-05 9.98507E-05 0.0822599 9.98507E-05 9.98507E-05 9.98507E-05 9.98507E-05 9.98507E-05 9.98507E-05 0.0303498 9.98507E-05 9.98507E-05 9.98507E-05 9.98507E-05 9.98507E-05 0.437915
9.98772E-05 0.375115 9.98772E-05 9.98772E-05 9.98772E-05 0.0753913 9.98772E-05 9.98772E-05 0.147519 0.0662239 9.98772E-05 9.98772E-05 9.98772E-05 0.00604572 0.0040791 9.98772E-05 0.100669 9.98772E-05 9.98772E-05 9.98772E-05 9.98772E-05 0.223558
9.98684E-05 0.90061 0.000453182 0.0157892 9.98684E-05 9.98684E-05 9.98684E-05 9.98684E-05 0.0517624 9.98684E-05 9.98684E-05 9.98684E-05 0.0169407 9.98684E-05 9.98684E-05 9.98684E-05 0.00969143 0.00325524 9.98684E-05 9.98684E-05 9.98684E-05 9.98684E-05
9.98245E-05 0.883017 9.98245E-05 9.98245E-05 9.98245E-05 9.98245E-05 9.98245E-05 9.98245E-05 0.114986 9.98245E-05 9.98245E-05 9.98245E-05 9.98245E-05 9.98245E-05 9.98245E-05 9.98245E-05 9.98245E-05 9.98245E-05 9.98245E-05 9.98245E-05 9.98245E-05 9.98245E-05
9.98419E-05 0.444478 9.98419E-05 9.98419E-05 9.98419E-05 9.98419E-05 9.98419E-05 9.98419E-05 0.330922 0.198002 9.98419E-05 9.98419E-05 9.98419E-05 9.98419E-05 9.98419E-05 9.98419E-05 9.98419E-05 0.0248008 9.98419E-05 9.98419E-05 9.98419E-05 9.98419E-05
9.98684E-05 0.453009 0.0352982 0.0368409 9.98684E-05 9.98684E-05 9.98684E-05 9.98684E-05 0.229677 9.98684E-05 9.98684E-05 9.98684E-05 9.98684E-05 9.98684E-05 0.0424228 9.98684E-05 0.19493 0.00632449 9.98684E-05 9.98684E-05 9.98684E-05 9.98684E-05
9.98683E-05 0.0324802 9.98683E-05 9.98683E-05 9.98683E-05 9.98683E-05 9.98683E-05 9.98683E-05 0.0384493 0.0646576 9.98683E-05 9.98683E-05 9.98683E-05 9.98683E-05 9.98683E-05 9.98683E-05 0.0222196 0.0128956 0.488201 9.98683E-05 9.98683E-05 0.339599
9.98596E-05 0.316647 9.98596E-05 9.98596E-05 9.98596E-05 9.98596E-05 9.98596E-05 9.98596E-05 9.98596E-05 0.0533022 9.98596E-05 9.98596E-05 9.98596E-05 9.98596E-05 9.98596E-05 9.98596E-05 0.0441041 0.0176866 0.191114 9.98596E-05 9.98596E-05 0.375549
9.98335E-05 0.828337 9.98335E-05 9.98335E-05 9.98335E-05 0.0847324 9.98335E-05 9.98335E-05 0.0850337 9.98335E-05 9.98335E-05 9.98335E-05 9.98335E-05 9.98335E-05 9.98335E-05 9.98335E-05 9.98335E-05 9.98335E-05 9.98335E-05 9.98335E-05 9.98335E-05 9.98335E-05
9.98685E-05 0.26481 9.98685E-05 9.98685E-05 9.98685E-05 0.0906692 9.98685E-05 9.98685E-05 0.103241 9.98685E-05 9.98685E-05 9.98685E-05 9.98685E-05 9.98685E-05 9.98685E-05 9.98685E-05 0.23853 9.98685E-05 0.00480776 0.0222715 9.98685E-05 0.274173
0.00618343 0.312849 0.0384507 9.98947E-05 0.0130405 0.166576 9.98947E-05 9.98947E-05 0.042459 9.98947E-05 9.98947E-05 0.0926657 0.138315 9.98947E-05 0.0112178 9.98947E-05 9.98947E-05 9.98947E-05 9.98947E-05 9.98947E-05 9.98947E-05 0.177044
9.98684E-05 0.247045 9.98684E-05 9.98684E-05 9.98684E-05 9.98684E-05 9.98684E-05 9.98684E-05 9.98684E-05 0.0894921 9.98684E-05 9.98684E-05 9.98684E-05 9.98684E-05 0.117577 9.98684E-05 0.0909642 0.0303412 0.00152305 9.98684E-05 9.98684E-05 0.421559
9.98596E-05 0.624603 9.98596E-05 9.98596E-05 0.017353 9.98596E-05 9.98596E-05 9.98596E-05 0.0570269 0.197431 9.98596E-05 9.98596E-05 9.98596E-05 9.98596E-05 9.98596E-05 9.98596E-05 0.0606788 9.98596E-05 0.0413091 9.98596E-05 9.98596E-05 9.98596E-05
9.98511E-05 0.258879 9.98511E-05 0.0459556 9.98511E-05 9.98511E-05 9.98511E-05 9.98511E-05 0.0462153 9.98511E-05 9.98511E-05 9.98511E-05 9.98511E-05 9.98511E-05 0.155148 9.98511E-05 9.98511E-05 9.98511E-05 9.98511E-05 9.98511E-05 9.98511E-05 0.492104
9.98334E-05 0.583374 9.98334E-05 9.98334E-05 9.98334E-05 9.98334E-05 9.98334E-05 9.98334E-05 9.98334E-05 9.98334E-05 9.98334E-05 9.98334E-05 9.98334E-05 9.98334E-05 9.98334E-05 9.98334E-05 9.98334E-05 9.98334E-05 0.0532691 9.98334E-05 9.98334E-05 0.36146
9.98771E-05 0.383974 9.98771E-05 9.98771E-05 0.10275 9.98771E-05 9.98771E-05 0.0512018 0.101427 9.98771E-05 9.98771E-05 0.00283619 9.98771E-05 9.98771E-05 9.98771E-05 9.98771E-05 0.0385967 9.98771E-05 0.152774 9.98771E-05 9.98771E-05 0.165041
9.98595E-05 0.145516 9.98595E-05 9.98595E-05 9.98595E-05 0.105184 9.98595E-05 9.98595E-05 9.98595E-05 0.0627069 9.98595E-05 9.98595E-05 9.98595E-05 9.98595E-05 0.107455 9.98595E-05 0.0677521 9.98595E-05 9.98595E-05 9.98595E-05 9.98595E-05 0.509788
9.98596E-05 0.664904 0.0709373 9.98596E-05 9.98596E-05 9.98596E-05 9.98596E-05 9.98596E-05 0.00187791 9.98596E-05 9.98596E-05 9.98596E-05 0.0147143 9.98596E-05 9.98596E-05 9.98596E-05 9.98596E-05 0.0265763 9.98596E-05 9.98596E-05 9.98596E-05 0.219393
9.98683E-05 0.322255 9.98683E-05 9.98683E-05 0.0204033 9.98683E-05 9.98683E-05 9.98683E-05 0.165773 0.0312686 9.98683E-05 9.98683E-05 9.98683E-05 0.0283857 9.98683E-05 9.98683E-05 0.156441 9.98683E-05 9.98683E-05 9.98683E-05 9.98683E-05 0.273975
9.98772E-05 0.457167 9.98772E-05 9.98772E-05 9.98772E-05 0.179359 9.98772E-05 9.98772E-05 0.0937307 9.98772E-05 9.98772E-05 9.98772E-05 9.98772E-05 9.98772E-05 9.98772E-05 9.98772E-05 0.00732232 0.0118559 9.98772E-05 0.0196228 0.00387251 0.225671
9.98596E-05 0.230595 9.98596E-05 9.98596E-05 0.0566347 9.98596E-05 9.98596E-05 9.98596E-05 0.206383 0.0514387 9.98596E-05 9.98596E-05 9.98596E-05 9.98596E-05 9.98596E-05 9.98596E-05 0.196953 9.98596E-05 9.98596E-05 9.98596E-05 9.98596E-05 0.256398
9.98509E-05 0.515775 9.98509E-05 9.98509E-05 9.98509E-05 9.98509E-05 9.98509E-05 9.98509E-05 0.115645 0.0555412 9.98509E-05 9.98509E-05 9.98509E-05 9.98509E-05 9.98509E-05 9.98509E-05 0.0701306 9.98509E-05 0.241211 9.98509E-05 9.98509E-05 9.98509E-05
9.98508E-05 9.98508E-05 9.98508E-05 9.98508E-05 9.98508E-05 0.611916 9.98508E-05 9.98508E-05 9.98508E-05 9.98508E-05 9.98508E-05 9.98508E-05 9.98508E-05 9.98508E-05 9.98508E-05 0.00506036 0.0372019 9.98508E-05 9.98508E-05 0.125947 9.98508E-05 0.218177
0.00828419 0.883489 9.98418E-05 9.98418E-05 9.98418E-05 9.98418E-05 9.98418E-05 9.98418E-05 0.0454501 9.98418E-05 9.98418E-05 9.98418E-05 9.98418E-05 9.98418E-05 9.98418E-05 9.98418E-05 0.0609792 9.98418E-05 9.98418E-05 9.98418E-05 9.98418E-05 9.98418E-05
9.98421E-05 0.227511 9.98421E-05 9.98421E-05 9.98421E-05 9.98421E-05 9.98421E-05 9.98421E-05 0.233864 9.98421E-05 9.98421E-05 9.98421E-05 9.98421E-05 9.98421E-05 9.98421E-05 9.98421E-05 0.162872 9.98421E-05 9.98421E-05 9.98421E-05 9.98421E-05 0.373956
9.98596E-05 0.395947 9.98596E-05 9.98596E-05 0.0428192 0.229854 9.98596E-05 9.98596E-05 9.98596E-05 9.98596E-05 9.98596E-05 9.98596E-05 9.98596E-05 9.98596E-05 9.98596E-05 9.98596E-05 0.105543 0.0167368 9.98596E-05 9.98596E-05 9.98596E-05 0.207502
9.98597E-05 0.816394 9.98597E-05 9.98597E-05 9.98597E-05 9.98597E-05 9.98597E-05 9.98597E-05 0.0133502 0.00350285 9.98597E-05 9.98597E-05 9.98597E-05 9.98597E-05 9.98597E-05 9.98597E-05 0.134634 0.0162896 0.0142311 9.98597E-05 9.98597E-05 9.98597E-05
9.98508E-05 0.90506 9.98508E-05 9.98508E-05 9.98508E-05 0.000669533 9.98508E-05 9.98508E-05 9.98508E-05 9.98508E-05 9.98508E-05 9.98508E-05 0.0186706 0.0674561 9.98508E-05 9.98508E-05 0.00644653 9.98508E-05 9.98508E-05 9.98508E-05 9.98508E-05 9.98508E-05
9.98683E-05 0.39578 9.98683E-05 9.98683E-05 0.136089 9.98683E-05 9.98683E-05 9.98683E-05 0.276449 9.98683E-05 9.98683E-05 9.98683E-05 9.98683E-05 9.98683E-05 9.98683E-05 0.0147105 0.114231 9.98683E-05 9.98683E-05 9.98683E-05 0.0596852 0.00155676
9.98332E-05 0.733725 9.98332E-05 0.181058 9.98332E-05 9.98332E-05 9.98332E-05 9.98332E-05 0.0833205 9.98332E-05 9.98332E-05 9.98332E-05 9.98332E-05 9.98332E-05 9.98332E-05 9.98332E-05 9.98332E-05 9.98332E-05 9.98332E-05 9.98332E-05 9.98332E-05 9.98332E-05
9.98246E-05 0.9868 9.98246E-05 9.98246E-05 9.98246E-05 9.98246E-05 9.98246E-05 9.98246E-05 9.98246E-05 9.98246E-05 9.98246E-05 9.98246E-05 9.98246E-05 9.98246E-05 9.98246E-05 9.98246E-05 0.0112037 9.98246E-05 9.98246E-05 9.98246E-05 9.98246E-05 9.98246E-05
9.98596E-05 0.366617 9.98596E-05 9.98596E-05 9.98596E-05 9.98596E-05 9.98596E-05 9.98596E-05 0.054293 0.0212333 9.98596E-05 9.98596E-05 9.98596E-05 9.98596E-05 0.0602445 9.98596E-05 9.98596E-05 9.98596E-05 0.173981 9.98596E-05 9.98596E-05 0.322033
9.98506E-05 0.480659 9.98506E-05 9.98506E-05 9.98506E-05 9.98506E-05 9.98506E-05 9.98506E-05 0.10291 9.98506E-05 9.98506E-05 9.98506E-05 0.0225373 9.98506E-05 9.98506E-05 9.98506E-05 0.168284 9.98506E-05 9.98506E-05 9.98506E-05 9.98506E-05 0.223913
9.98507E-05 9.98507E-05 9.98507E-05 9.98507E-05 9.98507E-05 0.622282 9.98507E-05 9.98507E-05 0.0161648 9.98507E-05 9.98507E-05 9.98507E-05 9.98507E-05 9.98507E-05 9.98507E-05 9.98507E-05 9.98507E-05 9.98507E-05 0.0527375 9.98507E-05 0.0170024 0.290115
9.98684E-05 0.123203 9.98684E-05 9.98684E-05 0.0171 0.341832 9.98684E-05 9.98684E-05 9.98684E-05 9.98684E-05 9.98684E-05 9.98684E-05 0.000787873 9.98684E-05 9.98684E-05 9.98684E-05 0.0530887 0.0235867 9.98684E-05 9.98684E-05 9.98684E-05 0.438904
9.98245E-05 0.536596 9.98245E-05 9.98245E-05 9.98245E-05 0.461407 9.98245E-05 9.98245E-05 9.98245E-05 9.98245E-05 9.98245E-05 9.98245E-05 9.98245E-05 9.98245E-05 9.98245E-05 9.98245E-05 9.98245E-05 9.98245E-05 9.98245E-05 9.98245E-05 9.98245E-05 9.98245E-05
9.98597E-05 0.0845967 9.98597E-05 9.98597E-05 0.0606574 9.98597E-05 9.98597E-05 9.98597E-05 9.98597E-05 9.98597E-05 9.98597E-05 9.98597E-05 0.00110492 0.0398739 9.98597E-05 9.98597E-05 9.98597E-05 9.98597E-05 0.526513 9.98597E-05 9.98597E-05 0.285656
9.98507E-05 0.500976 9.98507E-05 9.98507E-05 9.98507E-05 9.98507E-05 9.98507E-05 9.98507E-05 0.0809009 0.176546 9.98507E-05 9.98507E-05 9.98507E-05 9.98507E-05 9.98507E-05 9.98507E-05 0.19851 9.98507E-05 9.98507E-05 9.98507E-05 9.98507E-05 0.04137
9.98421E-05 0.398466 9.98421E-05 0.0117745 9.98421E-05 9.98421E-05 9.98421E-05 9.98421E-05 0.100664 9.98421E-05 9.98421E-05 9.98421E-05 9.98421E-05 9.98421E-05 9.98421E-05 9.98421E-05 9.98421E-05 9.98421E-05 9.98421E-05 9.98421E-05 9.98421E-05 0.487298
9.98772E-05 0.0442851 9.98772E-05 9.98772E-05 0.081147 0.0289095 9.98772E-05 9.98772E-05 0.119096 9.98772E-05 0.00185043 9.98772E-05 9.98772E-05 9.98772E-05 9.98772E-05 9.98772E-05 0.0537555 9.98772E-05 0.580931 9.98772E-05 9.98772E-05 0.0886271
9.98333E-05 0.408389 9.98333E-05 9.98333E-05 9.98333E-05 9.98333E-05 0.0415909 9.98333E-05 9.98333E-05 9.98333E-05 9.98333E-05 9.98333E-05 9.98333E-05 9.98333E-05 9.98333E-05 9.98333E-05 9.98333E-05 9.98333E-05 0.548123 9.98333E-05 9.98333E-05 9.98333E-05
0.0406962 0.355291 9.98771E-05 9.98771E-05 0.0555386 9.98771E-05 9.98771E-05 9.98771E-05 0.182815 0.142258 9.98771E-05 9.98771E-05 9.98771E-05 0.00192733 9.98771E-05 0.00779916 9.98771E-05 9.98771E-05 9.98771E-05 9.98771E-05 9.98771E-05 0.212278
9.98421E-05 0.67305 0.0259579 9.98421E-05 9.98421E-05 9.98421E-05 9.98421E-05 0.169252 0.129943 9.98421E-05 9.98421E-05 9.98421E-05 9.98421E-05 9.98421E-05 9.98421E-05 9.98421E-05 9.98421E-05 9.98421E-05 9.98421E-05 9.98421E-05 9.98421E-05 9.98421E-05
9.98948E-05 0.339075 9.98948E-05 0.0314033 9.98948E-05 9.98948E-05 9.98948E-05 9.98948E-05 0.143736 0.110585 9.98948E-05 0.0426541 9.98948E-05 9.98948E-05 0.0157507 9.98948E-05 0.00238848 9.98948E-05 0.0604843 0.142505 9.98948E-05 0.110219
9.98597E-05 0.385802 9.98597E-05 0.051026 0.0503953 9.98597E-05 9.98597E-05 9.98597E-05 0.261158 9.98597E-05 9.98597E-05 9.98597E-05 9.98597E-05 9.98597E-05 9.98597E-05 9.98597E-05 0.185126 9.98597E-05 9.98597E-05 9.98597E-05 9.98597E-05 0.0648944
9.98332E-05 0.36182 9.98332E-05 9.98332E-05 9.98332E-05 0.623234 9.98332E-05 9.98332E-05 9.98332E-05 9.98332E-05 9.98332E-05 9.98332E-05 9.98332E-05 9.98332E-05 9.98332E-05 9.98332E-05 0.0130495 9.98332E-05 9.98332E-05 9.98332E-05 9.98332E-05 9.98332E-05
9.98506E-05 0.63347 9.98506E-05 9.98506E-05 9.98506E-05 9.98506E-05 9.98506E-05 9.98506E-05 9.98506E-05 9.98506E-05 9.98506E-05 9.98506E-05 9.98506E-05 0.179114 9.98506E-05 0.0314598 0.14115 9.98506E-05 9.98506E-05 9.98506E-05 9.98506E-05 0.0131095
9.98683E-05 0.0903056 9.98683E-05 9.98683E-05 9.98683E-05 0.694592 9.98683E-05 9.98683E-05 0.0673956 0.0712712 9.98683E-05 9.98683E-05 9.98683E-05 9.98683E-05 9.98683E-05 9.98683E-05 0.0178319 9.98683E-05 9.98683E-05 9.98683E-05 0.0196665 0.0374394
9.98422E-05 9.98422E-05 9.98422E-05 9.98422E-05 9.98422E-05 0.160598 9.98422E-05 9.98422E-05 0.0202676 9.98422E-05 9.98422E-05 9.98422E-05 9.98422E-05 9.98422E-05 9.98422E-05 9.98422E-05 0.0831777 9.98422E-05 9.98422E-05 9.98422E-05 9.98422E-05 0.73416
9.98596E-05 0.087226 9.98596E-05 0.0350417 9.98596E-05 9.98596E-05 9.98596E-05 9.98596E-05 0.0305452 9.98596E-05 9.98596E-05 0.08741 9.98596E-05 9.98596E-05 0.0634962 9.98596E-05 9.98596E-05 9.98596E-05 9.98596E-05 9.98596E-05 9.98596E-05 0.694683
0.0213575 0.769833 9.98595E-05 9.98595E-05 9.98595E-05 9.98595E-05 9.98595E-05 9.98595E-05 0.0380272 9.98595E-05 9.98595E-05 9.98595E-05 9.98595E-05 0.106757 9.98595E-05 0.0479419 9.98595E-05 0.0144853 9.98595E-05 9.98595E-05 9.98595E-05 9.98595E-05
9.98507E-05 0.466965 9.98507E-05 9.98507E-05 9.98507E-05 9.98507E-05 9.98507E-05 9.98507E-05 0.192833 0.206278 9.98507E-05 9.98507E-05 9.98507E-05 9.98507E-05 9.98507E-05 9.98507E-05 0.11041 9.98507E-05 9.98507E-05 9.98507E-05 9.98507E-05 0.0218164
9.98507E-05 0.786529 9.98507E-05 9.98507E-05 0.0133158 9.98507E-05 9.98507E-05 9.98507E-05 0.0855858 9.98507E-05 9.98507E-05 9.98507E-05 9.98507E-05 9.98507E-05 9.98507E-05 9.98507E-05 0.108501 9.98507E-05 9.98507E-05 0.004371 9.98507E-05 9.98507E-05
9.98245E-05 0.926095 9.98245E-05 9.98245E-05 9.98245E-05 9.98245E-05 9.98245E-05 9.98245E-05 9.98245E-05 9.98245E-05 9.98245E-05 9.98245E-05 9.98245E-05 9.98245E-05 9.98245E-05 9.98245E-05 9.98245E-05 0.0719084 9.98245E-05 9.98245E-05 9.98245E-05 9.98245E-05
9.98596E-05 0.282825 9.98596E-05 9.98596E-05 0.15876 0.0365488 9.98596E-05 9.98596E-05 9.98596E-05 9.98596E-05 9.98596E-05 9.98596E-05 9.98596E-05 0.00608779 9.98596E-05 9.98596E-05 0.0559194 9.98596E-05 9.98596E-05 9.98596E-05 9.98596E-05 0.458262
9.9842E-05 0.353467 9.9842E-05 9.9842E-05 9.9842E-05 0.281668 9.9842E-05 9.9842E-05 0.124988 9.9842E-05 9.9842E-05 9.9842E-05 9.9842E-05 9.9842E-05 9.9842E-05 9.9842E-05 9.9842E-05 9.9842E-05 9.9842E-05 9.9842E-05 9.9842E-05 0.23808
9.98154E-05 9.98154E-05 9.98154E-05 9.98154E-05 9.98154E-05 9.98154E-05 9.98154E-05 9.98154E-05 9.98154E-05 9.98154E-05 9.98154E-05 9.98154E-05 9.98154E-05 9.98154E-05 9.98154E-05 9.98154E-05 0.997904 9.98154E-05 9.98154E-05 9.98154E-05 9.98154E-05 9.98154E-05
9.98155E-05 9.98155E-05 9.98155E-05 9.98155E-05 9.98155E-05 9.98155E-05 9.98155E-05 9.98155E-05 0.997904 9.98155E-05 9.98155E-05 9.98155E-05 9.98155E-05 9.98155E-05 9.98155E-05 9.98155E-05 9.98155E-05 9.98155E-05 9.98155E-05 9.98155E-05 9.98155E-05 9.98155E-05
9.98154E-05 9.98154E-05 9.98154E-05 9.98154E-05 9.98154E-05 9.98154E-05 9.98154E-05 9.98154E-05 9.98154E-05 9.98154E-05 9.98154E-05 9.98154E-05 9.98154E-05 9.98154E-05 9.98154E-05 9.98154E-05 0.997904 9.98154E-05 9.98154E-05 9.98154E-05 9.98154E-05 9.98154E-05
9.98154E-05 9.98154E-05 9.98154E-05 9.98154E-05 9.98154E-05 9.98154E-05 9.98154E-05 9.98154E-05 0.997904 9.98154E-05 9.98154E-05 9.98154E-05 9.98154E-05 9.98154E-05 9.98154E-05 9.98154E-05 9.98154E-05 9.98154E-05 9.98154E-05 9.98154E-05 9.98154E-05 9.98154E-05
9.98155E-05 9.98155E-05 9.98155E-05 9.98155E-05 9.98155E-05 9.98155E-05 9.98155E-05 9.98155E-05 0.997904 9.98155E-05 9.98155E-05 9.98155E-05 9.98155E-05 9.98155E-05 9.98155E-05 9.98155E-05 9.98155E-05 9.98155E-05 9.98155E-05 9.98155E-05 9.98155E-05 9.98155E-05
9.98155E-05 9.98155E-05 9.98155E-05 9.98155E-05 9.98155E-05 9.98155E-05 9.98155E-05 9.98155E-05 0.997904 9.98155E-05 9.98155E-05 9.98155E-05 9.98155E-05 9.98155E-05 9.98155E-05 9.98155E-05 9.98155E-05 9.98155E-05 9.98155E-05 9.98155E-05 9.98155E-05 9.98155E-05
9.98155E-05 9.98155E-05 9.98155E-05 9.98155E-05 9.98155E-05 9.98155E-05 9.98155E-05 9.98155E-05 9.98155E-05 9.98155E-05 9.98155E-05 9.98155E-05 9.98155E-05 9.98155E-05 9.98155E-05 9.98155E-05 0.997904 9.98155E-05 9.98155E-05 9.98155E-05 9.98155E-05 9.98155E-05
9.98155E-05 9.98155E-05 9.98155E-05 9.98155E-05 9.98155E-05 9.98155E-05 9.98155E-05 9.98155E-05 0.997904 9.98155E-05 9.98155E-05 9.98155E-05 9.98155E-05 9.98155E-05 9.98155E-05 9.98155E-05 9.98155E-05 9.98155E-05 9.98155E-05 9.98155E-05 9.98155E-05 9.98155E-05
9.98155E-05 9.98155E-05 9.98155E-05 9.98155E-05 9.98155E-05 9.98155E-05 9.98155E-05 9.98155E-05 0.997904 9.98155E-05 9.98155E-05 9.98155E-05 9.98155E-05 9.98155E-05 9.98155E-05 9.98155E-05 9.98155E-05 9.98155E-05 9.98155E-05 9.98155E-05 9.98155E-05 9.98155E-05
9.98154E-05 9.98154E-05 9.98154E-05 9.98154E-05 9.98154E-05 9.98154E-05 9.98154E-05 9.98154E-05 9.98154E-05 9.98154E-05 9.98154E-05 9.98154E-05 9.98154E-05 9.98154E-05 9.98154E-05 9.98154E-05 0.997904 9.98154E-05 9.98154E-05 9.98154E-05 9.98154E-05 9.98154E-05
9.98156E-05 9.98156E-05 9.98156E-05 9.98156E-05 9.98156E-05 9.98156E-05 9.98156E-05 9.98156E-05 9.98156E-05 9.98156E-05 9.98156E-05 9.98156E-05 9.98156E-05 9.98156E-05 9.98156E-05 9.98156E-05 0.997904 9.98156E-05 9.98156E-05 9.98156E-05 9.98156E-05 9.98156E-05
