0.0799524 0.0141319 0.21111 9.98859E-05 0.0599635 0.0151819 9.98859E-05 9.98859E-05 0.0534474 0.0157613 0.0360565 0.156287 9.98859E-05 9.98859E-05 9.98859E-05 9.98859E-05 9.98859E-05 9.98859E-05 9.98859E-05 9.98859E-05 0.35681 9.98859E-05 9.98859E-05
9.98334E-05 9.98334E-05 0.105814 9.98334E-05 0.0948735 9.98334E-05 9.98334E-05 0.0370482 9.98334E-05 9.98334E-05 0.760368 9.98334E-05 9.98334E-05 9.98334E-05 9.98334E-05 9.98334E-05 9.98334E-05 9.98334E-05 9.98334E-05 9.98334E-05 9.98334E-05 9.98334E-05 9.98334E-05
9.98247E-05 9.98247E-05 9.98247E-05 9.98247E-05 9.98247E-05 9.98247E-05 9.98247E-05 9.98247E-05 0.0427574 0.0477885 9.98247E-05 9.98247E-05 9.98247E-05 9.98247E-05 9.98247E-05 9.98247E-05 9.98247E-05 9.98247E-05 9.98247E-05 9.98247E-05 0.907458 9.98247E-05 9.98247E-05
9.98685E-05 0.0245689 9.98685E-05 9.98685E-05 9.98685E-05 0.411528 9.98685E-05 0.065525 0.0722729 9.98685E-05 0.24039 0.0515947 9.98685E-05 9.98685E-05 9.98685E-05 9.98685E-05 9.98685E-05 0.0689693 9.98685E-05 9.98685E-05 0.0636526 9.98685E-05 9.98685E-05
9.98508E-05 9.98508E-05 9.98508E-05 9.98508E-05 0.00222506 9.98508E-05 9.98508E-05 0.035981 9.98508E-05 9.98508E-05 0.686392 0.0297731 9.98508E-05 9.98508E-05 9.98508E-05 9.98508E-05 9.98508E-05 9.98508E-05 9.98508E-05 0.0119118 0.23202 9.98508E-05 9.98508E-05
9.98685E-05 9.98685E-05 0.117448 0.0175506 0.0415718 9.98685E-05 0.183137 0.183891 9.98685E-05 9.98685E-05 0.0453294 9.98685E-05 9.98685E-05 9.98685E-05 9.98685E-05 9.98685E-05 9.98685E-05 0.226277 9.98685E-05 9.98685E-05 0.183297 9.98685E-05 9.98685E-05
9.98772E-05 0.0983268 0.0800274 9.98772E-05 9.98772E-05 0.0828727 9.98772E-05 0.0189261 0.0401123 9.98772E-05 0.382712 0.0674032 9.98772E-05 0.130397 9.98772E-05 9.98772E-05 9.98772E-05 9.98772E-05 9.98772E-05 0.0978242 9.98772E-05 9.98772E-05 9.98772E-05
0.0775724 9.9886E-05 9.9886E-05 0.0114411 0.00833096 0.0353792 0.195476 0.0772476 9.9886E-05 9.9886E-05 0.321018 0.184137 0.0821203 9.9886E-05 9.9886E-05 9.9886E-05 9.9886E-05 0.00597933 9.9886E-05 9.9886E-05 9.9886E-05 9.9886E-05 9.9886E-05
9.98508E-05 9.98508E-05 9.98508E-05 9.98508E-05 9.98508E-05 9.98508E-05 0.235197 9.98508E-05 0.178383 0.163532 9.98508E-05 9.98508E-05 9.98508E-05 9.98508E-05 9.98508E-05 9.98508E-05 9.98508E-05 0.0358547 9.98508E-05 0.076146 0.309191 9.98508E-05 9.98508E-05
9.98245E-05 9.98245E-05 9.98245E-05 9.98245E-05 9.98245E-05 9.98245E-05 9.98245E-05 9.98245E-05 0.0662202 9.98245E-05 0.0808553 9.98245E-05 9.98245E-05 9.98245E-05 9.98245E-05 9.98245E-05 9.98245E-05 9.98245E-05 9.98245E-05 9.98245E-05 0.850928 9.98245E-05 9.98245E-05
9.98596E-05 0.100015 0.0288726 9.98596E-05 9.98596E-05 9.98596E-05 0.0212294 9.98596E-05 0.174071 9.98596E-05 9.98596E-05 0.0739694 9.98596E-05 9.98596E-05 9.98596E-05 9.98596E-05 9.98596E-05 9.98596E-05 9.98596E-05 9.98596E-05 0.596958 9.98596E-05 0.00328738
9.98158E-05 9.98158E-05 9.98158E-05 9.98158E-05 9.98158E-05 0.0254485 9.98158E-05 9.98158E-05 9.98158E-05 9.98158E-05 9.98158E-05 9.98158E-05 9.98158E-05 9.98158E-05 9.98158E-05 9.98158E-05 9.98158E-05 9.98158E-05 9.98158E-05 9.98158E-05 0.972455 9.98158E-05 9.98158E-05
9.98333E-05 9.98333E-05 9.98333E-05 9.98333E-05 9.98333E-05 9.98333E-05 0.0124178 9.98333E-05 0.0944536 9.98333E-05 0.320434 9.98333E-05 9.98333E-05 9.98333E-05 9.98333E-05 9.98333E-05 9.98333E-05 9.98333E-05 9.98333E-05 9.98333E-05 0.570797 9.98333E-05 9.98333E-05
9.98333E-05 9.98333E-05 9.98333E-05 9.98333E-05 9.98333E-05 9.98333E-05 9.98333E-05 9.98333E-05 0.0439355 9.98333E-05 0.820502 9.98333E-05 9.98333E-05 9.98333E-05 0.068458 9.98333E-05 0.0652078 9.98333E-05 9.98333E-05 9.98333E-05 9.98333E-05 9.98333E-05 9.98333E-05
9.98596E-05 9.98596E-05 0.147025 9.98596E-05 9.98596E-05 9.98596E-05 0.166835 9.98596E-05 0.117646 9.98596E-05 9.98596E-05 9.98596E-05 9.98596E-05 0.069739 9.98596E-05 9.98596E-05 0.0812983 0.0737394 9.98596E-05 9.98596E-05 0.342121 9.98596E-05 9.98596E-05
0.0205011 9.98859E-05 0.0868881 9.98859E-05 9.98859E-05 0.0709112 0.226969 0.00344451 0.0877233 9.98859E-05 0.184632 0.0588889 0.154657 9.98859E-05 9.98859E-05 9.98859E-05 9.98859E-05 9.98859E-05 9.98859E-05 9.98859E-05 0.104086 9.98859E-05 9.98859E-05
0.0426061 0.0104051 9.98597E-05 9.98597E-05 0.129462 9.98597E-05 9.98597E-05 9.98597E-05 9.98597E-05 9.98597E-05 9.98597E-05 9.98597E-05 9.98597E-05 0.0770537 0.0441799 0.0600824 9.98597E-05 9.98597E-05 9.98597E-05 9.98597E-05 0.634613 9.98597E-05 9.98597E-05
9.98597E-05 9.98597E-05 0.191062 9.98597E-05 9.98597E-05 9.98597E-05 9.98597E-05 9.98597E-05 0.154338 9.98597E-05 0.2163 0.112328 9.98597E-05 9.98597E-05 9.98597E-05 9.98597E-05 9.98597E-05 9.98597E-05 9.98597E-05 9.98597E-05 0.013027 0.213781 0.0975669
0.130224 9.98684E-05 9.98684E-05 9.98684E-05 9.98684E-05 9.98684E-05 0.133753 0.0874656 0.14143 0.0528499 9.98684E-05 0.0468164 9.98684E-05 9.98684E-05 9.98684E-05 9.98684E-05 0.00296284 9.98684E-05 9.98684E-05 9.98684E-05 0.402999 9.98684E-05 9.98684E-05
9.98158E-05 9.98158E-05 9.98158E-05 9.98158E-05 9.98158E-05 9.98158E-05 9.98158E-05 9.98158E-05 9.98158E-05 9.98158E-05 9.98158E-05 9.98158E-05 9.98158E-05 9.98158E-05 9.98158E-05 9.98158E-05 9.98158E-05 9.98158E-05 9.98158E-05 9.98158E-05 0.974083 9.98158E-05 0.0238206
9.98684E-05 0.0374962 9.98684E-05 9.98684E-05 9.98684E-05 0.0937927 0.0826518 9.98684E-05 0.00436723 9.98684E-05 9.98684E-05 9.98684E-05 0.0647426 9.98684E-05 9.98684E-05 9.98684E-05 9.98684E-05 9.98684E-05 9.98684E-05 0.174944 0.524961 0.0155463 9.98684E-05
9.98422E-05 9.98422E-05 9.98422E-05 0.0524292 9.98422E-05 9.98422E-05 0.130354 0.115383 9.98422E-05 9.98422E-05 9.98422E-05 0.38055 9.98422E-05 9.98422E-05 9.98422E-05 9.98422E-05 9.98422E-05 9.98422E-05 9.98422E-05 9.98422E-05 0.319486 9.98422E-05 9.98422E-05
9.98509E-05 0.0358791 0.201683 9.98509E-05 9.98509E-05 0.00994352 9.98509E-05 9.98509E-05 0.0771911 9.98509E-05 9.98509E-05 9.98509E-05 9.98509E-05 9.98509E-05 9.98509E-05 9.98509E-05 9.98509E-05 0.0161926 9.98509E-05 9.98509E-05 0.657413 9.98509E-05 9.98509E-05
9.98508E-05 9.98508E-05 0.0153975 9.98508E-05 9.98508E-05 9.98508E-05 9.98508E-05 9.98508E-05 0.216887 0.0600489 0.303459 0.264112 9.98508E-05 9.98508E-05 9.98508E-05 9.98508E-05 9.98508E-05 9.98508E-05 9.98508E-05 9.98508E-05 0.138398 9.98508E-05 9.98508E-05
9.98771E-05 9.98771E-05 9.98771E-05 9.98771E-05 9.98771E-05 0.0682596 0.0519985 9.98771E-05 0.240736 9.98771E-05 0.0614372 0.117 9.98771E-05 9.98771E-05 9.98771E-05 9.98771E-05 0.0969886 0.138482 9.98771E-05 9.98771E-05 0.19033 9.98771E-05 0.0333693
0.0257166 0.0258074 9.98598E-05 9.98598E-05 9.98598E-05 0.0732625 9.98598E-05 9.98598E-05 0.0509014 9.98598E-05 9.98598E-05 0.0531255 9.98598E-05 9.98598E-05 9.98598E-05 9.98598E-05 9.98598E-05 0.0609849 9.98598E-05 9.98598E-05 0.708604 9.98598E-05 9.98598E-05
9.98508E-05 9.98508E-05 9.98508E-05 9.98508E-05 9.98508E-05 9.98508E-05 9.98508E-05 9.98508E-05 0.17986 9.98508E-05 9.98508E-05 0.339964 0.0514552 9.98508E-05 9.98508E-05 9.98508E-05 9.98508E-05 0.221879 9.98508E-05 9.98508E-05 0.0765492 0.128595 9.98508E-05
9.98334E-05 9.98334E-05 9.98334E-05 9.98334E-05 9.98334E-05 0.142948 9.98334E-05 9.98334E-05 0.0022441 9.98334E-05 9.98334E-05 0.0603754 9.98334E-05 9.98334E-05 9.98334E-05 9.98334E-05 9.98334E-05 9.98334E-05 9.98334E-05 9.98334E-05 0.792536 9.98334E-05 9.98334E-05
9.98598E-05 9.98598E-05 0.0335007 9.98598E-05 9.98598E-05 9.98598E-05 9.98598E-05 9.98598E-05 0.118382 0.10036 9.98598E-05 0.000263197 9.98598E-05 9.98598E-05 9.98598E-05 9.98598E-05 9.98598E-05 0.0920873 9.98598E-05 9.98598E-05 0.628505 9.98598E-05 0.0253045
9.98597E-05 0.0125054 9.98597E-05 9.98597E-05 9.98597E-05 9.98597E-05 0.0127641 9.98597E-05 0.0663025 0.0314184 9.98597E-05 9.98597E-05 9.98597E-05 9.98597E-05 9.98597E-05 0.111187 9.98597E-05 9.98597E-05 0.0270737 9.98597E-05 0.737151 9.98597E-05 9.98597E-05
9.98509E-05 0.0375001 0.0568732 9.98509E-05 9.98509E-05 9.98509E-05 0.0586428 9.98509E-05 9.98509E-05 9.98509E-05 9.98509E-05 9.98509E-05 9.98509E-05 9.98509E-05 9.98509E-05 9.98509E-05 0.0472576 9.98509E-05 9.98509E-05 9.98509E-05 0.782288 9.98509E-05 0.0157405
9.98773E-05 0.00142617 9.98773E-05 0.000799676 9.98773E-05 0.0761574 9.98773E-05 0.0238589 9.98773E-05 9.98773E-05 0.0653229 9.98773E-05 9.98773E-05 9.98773E-05 0.0481316 9.98773E-05 0.0562459 0.214401 9.98773E-05 9.98773E-05 0.512258 9.98773E-05 9.98773E-05
9.98683E-05 0.0753396 0.0634364 9.98683E-05 9.98683E-05 0.014881 9.98683E-05 9.98683E-05 0.131401 9.98683E-05 0.629698 0.0744339 0.00169451 9.98683E-05 9.98683E-05 9.98683E-05 9.98683E-05 0.00761757 9.98683E-05 9.98683E-05 9.98683E-05 9.98683E-05 9.98683E-05
9.98596E-05 9.98596E-05 9.98596E-05 9.98596E-05 9.98596E-05 9.98596E-05 9.98596E-05 9.98596E-05 0.152777 0.0180182 0.314033 0.25737 9.98596E-05 9.98596E-05 0.00585815 9.98596E-05 9.98596E-05 0.106952 9.98596E-05 9.98596E-05 0.143394 9.98596E-05 9.98596E-05
9.98421E-05 0.0210956 9.98421E-05 9.98421E-05 0.0238976 9.98421E-05 9.98421E-05 9.98421E-05 9.98421E-05 9.98421E-05 9.98421E-05 9.98421E-05 9.98421E-05 9.98421E-05 9.98421E-05 9.98421E-05 9.98421E-05 9.98421E-05 9.98421E-05 9.98421E-05 0.908684 0.0202974 0.024228
9.9851E-05 9.9851E-05 9.9851E-05 9.9851E-05 9.9851E-05 0.151449 9.99472E-05 9.9851E-05 9.9851E-05 0.0028136 9.9851E-05 0.0583916 9.9851E-05 9.9851E-05 9.9851E-05 9.9851E-05 9.9851E-05 9.9851E-05 0.006055 9.9851E-05 0.779494 9.9851E-05 9.9851E-05
9.98248E-05 9.98248E-05 9.98248E-05 9.98248E-05 0.0240408 9.98248E-05 9.98248E-05 0.0584093 9.98248E-05 9.98248E-05 9.98248E-05 9.98248E-05 9.98248E-05 9.98248E-05 9.98248E-05 9.98248E-05 9.98248E-05 9.98248E-05 9.98248E-05 9.98248E-05 0.915553 9.98248E-05 9.98248E-05
9.98335E-05 9.98335E-05 9.98335E-05 9.98335E-05 9.98335E-05 9.98335E-05 0.1765 9.98335E-05 0.116109 9.98335E-05 0.695379 9.98335E-05 9.98335E-05 9.98335E-05 9.98335E-05 9.98335E-05 9.98335E-05 9.98335E-05 9.98335E-05 9.98335E-05 9.98335E-05 9.98335E-05 0.0101147
9.98597E-05 0.0227976 9.98597E-05 0.00629856 9.98597E-05 9.98597E-05 9.98597E-05 9.98597E-05 0.155829 9.98597E-05 9.98597E-05 9.98597E-05 9.98597E-05 9.98597E-05 9.98597E-05 0.0678999 9.98597E-05 0.184157 9.98597E-05 9.98597E-05 0.545605 9.98597E-05 0.0158148
9.98595E-05 9.98595E-05 9.98595E-05 9.98595E-05 9.98595E-05 9.98595E-05 9.98595E-05 0.0728448 0.125678 9.98595E-05 0.314848 9.98595E-05 0.0416905 9.98595E-05 9.98595E-05 9.98595E-05 9.98595E-05 0.116988 0.0304271 9.98595E-05 0.295926 9.98595E-05 9.98595E-05
9.98245E-05 9.98245E-05 9.98245E-05 9.98245E-05 9.98245E-05 9.98245E-05 9.98245E-05 9.98245E-05 0.0139257 9.98245E-05 9.98245E-05 0.074638 9.98245E-05 9.98245E-05 9.98245E-05 9.98245E-05 9.98245E-05 9.98245E-05 9.98245E-05 9.98245E-05 0.90944 9.98245E-05 9.98245E-05
9.98337E-05 9.98337E-05 9.98337E-05 9.98337E-05 9.98337E-05 9.98337E-05 0.0108401 9.98337E-05 0.0735384 9.98337E-05 9.98337E-05 0.267528 9.98337E-05 9.98337E-05 9.98337E-05 9.98337E-05 9.98337E-05 9.98337E-05 9.98337E-05 9.98337E-05 0.646196 9.98337E-05 9.98337E-05
9.98421E-05 9.98421E-05 9.98421E-05 9.98421E-05 9.98421E-05 9.98421E-05 9.98421E-05 0.0384525 9.98421E-05 9.98421E-05 0.541634 0.0282906 9.98421E-05 9.98421E-05 9.98421E-05 0.232349 9.98421E-05 9.98421E-05 9.98421E-05 9.98421E-05 0.157476 9.98421E-05 9.98421E-05
9.98772E-05 0.0426929 0.154655 9.98772E-05 9.98772E-05 9.98772E-05 0.0839443 9.98772E-05 0.180305 0.112059 9.98772E-05 0.0520131 9.98772E-05 9.98772E-05 9.98772E-05 9.98772E-05 9.98772E-05 0.0189298 9.98772E-05 9.98772E-05 0.336535 0.0174675 9.98772E-05
9.98421E-05 9.98421E-05 9.98421E-05 9.98421E-05 9.98421E-05 9.98421E-05 9.98421E-05 0.0359698 0.186575 9.98421E-05 0.255808 0.365909 9.98421E-05 0.153941 9.98421E-05 9.98421E-05 9.98421E-05 9.98421E-05 9.98421E-05 9.98421E-05 9.98421E-05 9.98421E-05 9.98421E-05
9.9842E-05 9.9842E-05 9.9842E-05 9.9842E-05 9.9842E-05 9.9842E-05 9.9842E-05 9.9842E-05 0.0636174 9.9842E-05 0.0244321 9.9842E-05 9.9842E-05 9.9842E-05 9.9842E-05 9.9842E-05 9.9842E-05 9.9842E-05 9.9842E-05 9.9842E-05 0.859811 0.0039349 0.0464078
9.98244E-05 9.98244E-05 9.98244E-05 9.98244E-05 9.98244E-05 9.98244E-05 0.0111277 9.98244E-05 0.0177949 9.98244E-05 0.969081 9.98244E-05 9.98244E-05 9.98244E-05 9.98244E-05 9.98244E-05 9.98244E-05 9.98244E-05 9.98244E-05 9.98244E-05 9.98244E-05 9.98244E-05 9.98244E-05
9.98159E-05 9.98159E-05 9.98159E-05 9.98159E-05 9.98159E-05 9.98159E-05 9.98159E-05 9.98159E-05 9.98159E-05 9.98159E-05 0.0079751 9.98159E-05 9.98159E-05 9.98159E-05 9.98159E-05 9.98159E-05 9.98159E-05 9.98159E-05 9.98159E-05 9.98159E-05 0.989929 9.98159E-05 9.98159E-05
9.9877E-05 0.00631422 0.0162325 9.9877E-05 9.9877E-05 9.9877E-05 9.9877E-05 0.0542676 0.104822 9.9877E-05 0.0303909 0.1136 0.037053 9.9877E-05 9.9877E-05 9.9877E-05 9.9877E-05 0.0150684 9.9877E-05 9.9877E-05 0.620854 9.9877E-05 9.9877E-05
9.98336E-05 9.98336E-05 9.98336E-05 9.98336E-05 9.98336E-05 9.98336E-05 0.0513246 0.0230356 9.98336E-05 9.98336E-05 0.903865 9.98336E-05 9.98336E-05 9.98336E-05 9.98336E-05 9.98336E-05 9.98336E-05 9.98336E-05 0.0198779 9.98336E-05 9.98336E-05 9.98336E-05 9.98336E-05
9.98859E-05 0.0373763 9.98859E-05 9.98859E-05 9.98859E-05 9.98859E-05 0.0656155 9.98859E-05 0.17186 0.121968 9.98859E-05 0.00737502 0.0329575 9.98859E-05 9.98859E-05 9.98859E-05 9.98859E-05 0.200077 9.98859E-05 0.0392466 0.313739 0.00848689 9.98859E-05
9.98508E-05 9.98508E-05 9.98508E-05 9.98508E-05 9.98508E-05 0.00543872 9.98508E-05 9.98508E-05 9.98508E-05 9.98508E-05 0.705334 0.137021 9.98508E-05 0.0317024 9.98508E-05 9.98508E-05 9.98508E-05 9.98508E-05 9.98508E-05 0.00814341 9.98508E-05 9.98508E-05 0.110663
9.98335E-05 9.98335E-05 9.98335E-05 9.98335E-05 9.98335E-05 9.98335E-05 9.98335E-05 9.98335E-05 9.98335E-05 9.98335E-05 9.98335E-05 9.98335E-05 9.98335E-05 9.98335E-05 0.024424 9.98335E-05 9.98335E-05 9.98335E-05 0.0107678 9.98335E-05 0.924856 0.0380558 9.98335E-05
9.98246E-05 9.98246E-05 9.98246E-05 9.98246E-05 9.98246E-05 9.98246E-05 0.00885225 9.98246E-05 9.98246E-05 9.98246E-05 0.914902 9.98246E-05 0.0742494 9.98246E-05 9.98246E-05 9.98246E-05 9.98246E-05 9.98246E-05 9.98246E-05 9.98246E-05 9.98246E-05 9.98246E-05 9.98246E-05
9.98248E-05 9.98248E-05 9.98248E-05 9.98248E-05 9.98248E-05 9.98248E-05 9.98248E-05 9.98248E-05 0.0121139 9.98248E-05 9.98248E-05 9.98248E-05 9.98248E-05 9.98248E-05 9.98248E-05 9.98248E-05 0.140878 9.98248E-05 9.98248E-05 9.98248E-05 0.845012 9.98248E-05 9.98248E-05
9.98423E-05 9.98423E-05 9.98423E-05 0.0352027 9.98423E-05 9.98423E-05 9.98423E-05 0.114222 9.98423E-05 9.98423E-05 9.98423E-05 9.98423E-05 9.98423E-05 9.98423E-05 9.98423E-05 9.98423E-05 9.98423E-05 0.12952 9.98423E-05 9.98423E-05 0.718619 9.98423E-05 0.000639137
0.0087624 0.00523048 9.9877E-05 9.9877E-05 9.9877E-05 9.9877E-05 0.0061854 0.0342602 0.0197256 9.9877E-05 9.9877E-05 0.0215033 0.0258889 9.9877E-05 9.9877E-05 9.9877E-05 9.9877E-05 9.9877E-05 9.9877E-05 9.9877E-05 0.84213 0.0349158 9.9877E-05
0.0287128 0.0249862 9.98598E-05 9.98598E-05 9.98598E-05 0.00161162 9.98598E-05 9.98598E-05 0.0269718 9.98598E-05 0.0165288 9.98598E-05 9.98598E-05 0.0746872 9.98598E-05 9.98598E-05 9.98598E-05 9.98598E-05 9.98598E-05 9.98598E-05 0.824904 9.98598E-05 9.98598E-05
9.98508E-05 0.0446517 9.98508E-05 9.98508E-05 0.00013732 0.0437255 9.98508E-05 9.98508E-05 9.98508E-05 9.98508E-05 0.554742 9.98508E-05 9.98508E-05 9.98508E-05 9.98508E-05 9.98508E-05 9.98508E-05 9.98508E-05 0.00697247 9.98508E-05 0.348074 9.98508E-05 9.98508E-05
9.98595E-05 0.0340354 0.654477 9.98595E-05 0.0613644 9.98595E-05 0.0846013 9.98595E-05 0.105633 9.98595E-05 9.98595E-05 9.98595E-05 9.98595E-05 9.98595E-05 9.98595E-05 9.98595E-05 0.0111541 9.98595E-05 9.98595E-05 9.98595E-05 9.98595E-05 0.0471375 9.98595E-05
9.98158E-05 9.98158E-05 0.953624 9.98158E-05 9.98158E-05 0.0442796 9.98158E-05 9.98158E-05 9.98158E-05 9.98158E-05 9.98158E-05 9.98158E-05 9.98158E-05 9.98158E-05 9.98158E-05 9.98158E-05 9.98158E-05 9.98158E-05 9.98158E-05 9.98158E-05 9.98158E-05 9.98158E-05 9.98158E-05
9.98333E-05 9.98333E-05 0.83471 9.98333E-05 9.98333E-05 9.98333E-05 9.98333E-05 9.98333E-05 9.98333E-05 9.98333E-05 9.98333E-05 9.98333E-05 9.98333E-05 9.98333E-05 9.98333E-05 0.0186026 9.98333E-05 9.98333E-05 0.0838485 9.98333E-05 9.98333E-05 0.0609423 9.98333E-05
9.98596E-05 9.98596E-05 0.32966 9.98596E-05 0.227836 9.98596E-05 0.155868 9.98596E-05 0.0509035 9.98596E-05 9.98596E-05 9.98596E-05 9.98596E-05 9.98596E-05 9.98596E-05 9.98596E-05 9.98596E-05 0.168456 0.0634834 9.98596E-05 9.98596E-05 0.00219518 9.98596E-05
9.98681E-05 9.98681E-05 0.620472 9.98681E-05 9.98681E-05 9.98681E-05 0.089463 0.0100301 0.03992 9.98681E-05 9.98681E-05 0.0906762 9.98681E-05 9.98681E-05 9.98681E-05 9.98681E-05 9.98681E-05 9.98681E-05 0.0408249 9.98681E-05 9.98681E-05 0.0443064 0.0628096
0.0136493 9.98417E-05 0.671029 9.98417E-05 9.98417E-05 9.98417E-05 0.0448665 9.98417E-05 0.186888 9.98417E-05 9.98417E-05 0.0817705 9.98417E-05 9.98417E-05 9.98417E-05 9.98417E-05 9.98417E-05 9.98417E-05 9.98417E-05 9.98417E-05 9.98417E-05 9.98417E-05 9.98417E-05
9.98419E-05 9.98419E-05 0.527792 9.98419E-05 0.303647 0.0637798 0.0152564 9.98419E-05 0.087727 9.98419E-05 9.98419E-05 9.98419E-05 9.98419E-05 9.98419E-05 9.98419E-05 9.98419E-05 9.98419E-05 9.98419E-05 9.98419E-05 9.98419E-05 9.98419E-05 9.98419E-05 9.98419E-05
9.98681E-05 9.98681E-05 0.493863 9.98681E-05 0.13361 9.98681E-05 0.0920581 0.0174884 0.0763027 9.98681E-05 9.98681E-05 9.98681E-05 9.98681E-05 9.98681E-05 9.98681E-05 9.98681E-05 9.98681E-05 0.0464353 0.0282846 9.98681E-05 9.98681E-05 0.110459 9.98681E-05
9.9807E-05 9.9807E-05 0.997804 9.9807E-05 9.9807E-05 9.9807E-05 9.9807E-05 9.9807E-05 9.9807E-05 9.9807E-05 9.9807E-05 9.9807E-05 9.9807E-05 9.9807E-05 9.9807E-05 9.9807E-05 9.9807E-05 9.9807E-05 9.9807E-05 9.9807E-05 9.9807E-05 9.9807E-05 9.9807E-05
0.00500721 0.0531932 0.774051 9.9842E-05 9.9842E-05 0.132224 0.0337276 9.9842E-05 9.9842E-05 9.9842E-05 9.9842E-05 9.9842E-05 9.9842E-05 9.9842E-05 9.9842E-05 9.9842E-05 9.9842E-05 9.9842E-05 9.9842E-05 9.9842E-05 9.9842E-05 9.9842E-05 9.9842E-05
9.98418E-05 0.142863 0.497518 9.98418E-05 9.98418E-05 9.98418E-05 0.0601819 0.0315559 0.266084 9.98418E-05 9.98418E-05 9.98418E-05 9.98418E-05 9.98418E-05 9.98418E-05 9.98418E-05 9.98418E-05 9.98418E-05 9.98418E-05 9.98418E-05 9.98418E-05 9.98418E-05 9.98418E-05
0.109865 0.0647462 0.427772 9.9877E-05 0.0580787 9.9877E-05 9.9877E-05 9.9877E-05 0.0696793 9.9877E-05 9.9877E-05 0.10594 0.0195942 9.9877E-05 9.9877E-05 9.9877E-05 0.0988976 9.9877E-05 0.0440283 9.9877E-05 9.9877E-05 9.9877E-05 9.9877E-05
0.0843059 0.0435948 0.517598 0.0256476 9.9877E-05 0.0345758 0.128902 0.0384155 9.9877E-05 9.9877E-05 9.9877E-05 9.9877E-05 0.0997616 9.9877E-05 9.9877E-05 9.9877E-05 9.9877E-05 0.0258008 9.9877E-05 9.9877E-05 9.9877E-05 9.9877E-05 9.9877E-05
9.98507E-05 9.98507E-05 0.510856 0.0669345 0.000335208 9.98507E-05 9.98507E-05 0.0462601 0.291341 9.98507E-05 9.98507E-05 0.0825757 9.98507E-05 9.98507E-05 9.98507E-05 9.98507E-05 9.98507E-05 9.98507E-05 9.98507E-05 9.98507E-05 9.98507E-05 9.98507E-05 9.98507E-05
9.98336E-05 0.00406416 0.920775 9.98336E-05 9.98336E-05 9.98336E-05 9.98336E-05 9.98336E-05 9.98336E-05 9.98336E-05 9.98336E-05 9.98336E-05 0.0281673 9.98336E-05 9.98336E-05 9.98336E-05 9.98336E-05 0.0450964 9.98336E-05 9.98336E-05 9.98336E-05 9.98336E-05 9.98336E-05
9.98246E-05 9.98246E-05 0.91323 9.98246E-05 9.98246E-05 0.0439946 0.0407788 9.98246E-05 9.98246E-05 9.98246E-05 9.98246E-05 9.98246E-05 9.98246E-05 9.98246E-05 9.98246E-05 9.98246E-05 9.98246E-05 9.98246E-05 9.98246E-05 9.98246E-05 9.98246E-05 9.98246E-05 9.98246E-05
9.98418E-05 9.98418E-05 0.530962 9.98418E-05 9.98418E-05 9.98418E-05 9.98418E-05 0.157693 9.98418E-05 9.98418E-05 9.98418E-05 9.98418E-05 9.98418E-05 9.98418E-05 9.98418E-05 9.98418E-05 9.98418E-05 0.155264 0.0792404 9.98418E-05 9.98418E-05 0.0750432 9.98418E-05
0.0552385 0.154444 0.450998 9.98595E-05 9.98595E-05 0.0704101 0.00343253 0.0809991 9.98595E-05 9.98595E-05 9.98595E-05 0.18288 9.98595E-05 9.98595E-05 9.98595E-05 9.98595E-05 9.98595E-05 9.98595E-05 9.98595E-05 9.98595E-05 9.98595E-05 9.98595E-05 9.98595E-05
9.98332E-05 0.032707 0.809458 9.98332E-05 9.98332E-05 9.98332E-05 9.98332E-05 9.98332E-05 0.0546219 9.98332E-05 9.98332E-05 9.98332E-05 9.98332E-05 9.98332E-05 9.98332E-05 9.98332E-05 9.98332E-05 9.98332E-05 9.98332E-05 9.98332E-05 9.98332E-05 0.101316 9.98332E-05
9.98506E-05 9.98506E-05 0.591323 0.0331845 9.98506E-05 9.98506E-05 9.98506E-05 9.98506E-05 0.244816 9.98506E-05 9.98506E-05 9.98506E-05 0.0212747 9.98506E-05 9.98506E-05 9.98506E-05 9.98506E-05 0.0786428 9.98506E-05 9.98506E-05 9.98506E-05 9.98506E-05 0.0290611
9.98249E-05 9.98249E-05 0.936012 0.0214739 9.98249E-05 9.98249E-05 9.98249E-05 9.98249E-05 9.98249E-05 9.98249E-05 9.98249E-05 9.98249E-05 9.98249E-05 9.98249E-05 9.98249E-05 0.0405179 9.98249E-05 9.98249E-05 9.98249E-05 9.98249E-05 9.98249E-05 9.98249E-05 9.98249E-05
9.98595E-05 9.98595E-05 0.528091 9.98595E-05 9.98595E-05 9.98595E-05 9.98595E-05 0.158144 0.0708086 9.98595E-05 9.98595E-05 0.168738 9.98595E-05 9.98595E-05 9.98595E-05 9.98595E-05 0.0479612 0.0225947 9.98595E-05 9.98595E-05 9.98595E-05 0.00206519 9.98595E-05
9.98596E-05 0.0103341 0.626853 9.98596E-05 0.0278879 0.00489928 9.98596E-05 9.98596E-05 0.0697169 9.98596E-05 9.98596E-05 0.0827448 9.98596E-05 9.98596E-05 9.98596E-05 9.98596E-05 9.98596E-05 0.175966 9.98596E-05 9.98596E-05 9.98596E-05 9.98596E-05 9.98596E-05
9.98771E-05 9.98771E-05 0.626243 9.98771E-05 9.98771E-05 9.98771E-05 0.0516098 0.158688 0.0167689 0.025493 9.98771E-05 9.98771E-05 9.98771E-05 0.00204614 9.98771E-05 9.98771E-05 9.98771E-05 0.0322823 0.0135306 9.98771E-05 9.98771E-05 0.0719395 9.98771E-05
0.124475 0.113535 0.758456 9.9833E-05 9.9833E-05 0.001637 9.9833E-05 9.9833E-05 9.9833E-05 9.9833E-05 9.9833E-05 9.9833E-05 9.9833E-05 9.9833E-05 9.9833E-05 9.9833E-05 9.9833E-05 9.9833E-05 9.9833E-05 9.9833E-05 9.9833E-05 9.9833E-05 9.9833E-05
9.9851E-05 0.0139733 0.883761 9.9851E-05 9.9851E-05 9.9851E-05 0.05183 0.00631651 0.00578955 9.9851E-05 9.9851E-05 9.9851E-05 9.9851E-05 9.9851E-05 9.9851E-05 9.9851E-05 9.9851E-05 9.9851E-05 9.9851E-05 9.9851E-05 9.9851E-05 9.9851E-05 0.0366317
0.00406176 9.98159E-05 0.993842 9.98159E-05 9.98159E-05 9.98159E-05 9.98159E-05 9.98159E-05 9.98159E-05 9.98159E-05 9.98159E-05 9.98159E-05 9.98159E-05 9.98159E-05 9.98159E-05 9.98159E-05 9.98159E-05 9.98159E-05 9.98159E-05 9.98159E-05 9.98159E-05 9.98159E-05 9.98159E-05
9.98071E-05 9.98071E-05 0.997804 9.98071E-05 9.98071E-05 9.98071E-05 9.98071E-05 9.98071E-05 9.98071E-05 9.98071E-05 9.98071E-05 9.98071E-05 9.98071E-05 9.98071E-05 9.98071E-05 9.98071E-05 9.98071E-05 9.98071E-05 9.98071E-05 9.98071E-05 9.98071E-05 9.98071E-05 9.98071E-05
0.012394 9.98421E-05 0.886676 9.98421E-05 9.98421E-05 9.98421E-05 0.000594344 9.98421E-05 0.00157767 9.98421E-05 9.98421E-05 9.98421E-05 9.98421E-05 9.98421E-05 9.98421E-05 9.98421E-05 9.98421E-05 9.98421E-05 9.98421E-05 9.98421E-05 9.98421E-05 0.0969604 9.98421E-05
9.98336E-05 9.98336E-05 0.648209 9.98336E-05 9.98336E-05 9.98336E-05 0.031889 9.98336E-05 0.105782 9.98336E-05 9.98336E-05 9.98336E-05 9.98336E-05 9.98336E-05 0.212223 9.98336E-05 9.98336E-05 9.98336E-05 9.98336E-05 9.98336E-05 9.98336E-05 9.98336E-05 9.98336E-05
9.98246E-05 9.98246E-05 9.98246E-05 9.98246E-05 9.98246E-05 9.98246E-05 0.0251557 9.98246E-05 0.19272 9.98246E-05 9.98246E-05 9.98246E-05 9.98246E-05 9.98246E-05 9.98246E-05 9.98246E-05 9.98246E-05 0.780128 9.98246E-05 9.98246E-05 9.98246E-05 9.98246E-05 9.98246E-05
9.98334E-05 9.98334E-05 9.98334E-05 9.98334E-05 9.98334E-05 9.98334E-05 0.0378984 9.98334E-05 0.0345878 9.98334E-05 9.98334E-05 9.98334E-05 9.98334E-05 9.98334E-05 9.98334E-05 0.582542 9.98334E-05 0.343075 9.98334E-05 9.98334E-05 9.98334E-05 9.98334E-05 9.98334E-05
0.0176934 9.98595E-05 9.98595E-05 0.0217657 9.98595E-05 9.98595E-05 9.98595E-05 9.98595E-05 0.0745228 9.98595E-05 9.98595E-05 0.0580845 0.0025434 9.98595E-05 9.98595E-05 9.98595E-05 9.98595E-05 0.805234 9.98595E-05 9.98595E-05 9.98595E-05 0.0185584 9.98595E-05
9.98331E-05 9.98331E-05 9.98331E-05 9.98331E-05 9.98331E-05 9.98331E-05 0.0544835 9.98331E-05 0.143639 9.98331E-05 9.98331E-05 9.98331E-05 9.98331E-05 9.98331E-05 9.98331E-05 9.98331E-05 9.98331E-05 0.77891 9.98331E-05 9.98331E-05 9.98331E-05 0.0210709 9.98331E-05
9.98156E-05 9.98156E-05 9.98156E-05 9.98156E-05 9.98156E-05 9.98156E-05 0.0841846 9.98156E-05 9.98156E-05 9.98156E-05 9.98156E-05 9.98156E-05 9.98156E-05 9.98156E-05 9.98156E-05 9.98156E-05 9.98156E-05 0.913719 9.98156E-05 9.98156E-05 9.98156E-05 9.98156E-05 9.98156E-05
9.98421E-05 9.98421E-05 9.98421E-05 9.98421E-05 9.98421E-05 0.0203032 0.170963 9.98421E-05 0.16236 9.98421E-05 9.98421E-05 9.98421E-05 9.98421E-05 0.00748546 9.98421E-05 9.98421E-05 9.98421E-05 0.637091 9.98421E-05 9.98421E-05 9.98421E-05 9.98421E-05 9.98421E-05
0.0529072 9.98595E-05 9.98595E-05 9.98595E-05 9.98595E-05 9.98595E-05 0.135409 9.98595E-05 0.0582965 9.98595E-05 9.98595E-05 0.0834392 9.98595E-05 9.98595E-05 0.07456 9.98595E-05 9.98595E-05 0.570793 9.98595E-05 9.98595E-05 9.98595E-05 0.0229971 9.98595E-05
9.98333E-05 9.98333E-05 9.98333E-05 9.98333E-05 9.98333E-05 9.98333E-05 0.179884 9.98333E-05 0.0259309 9.98333E-05 9.98333E-05 9.98333E-05 9.98333E-05 9.98333E-05 9.98333E-05 9.98333E-05 9.98333E-05 0.791262 9.98333E-05 9.98333E-05 9.98333E-05 9.98333E-05 0.00102658
9.98331E-05 9.98331E-05 9.98331E-05 9.98331E-05 0.223169 9.98331E-05 0.337723 9.98331E-05 0.0187135 9.98331E-05 9.98331E-05 9.98331E-05 9.98331E-05 9.98331E-05 9.98331E-05 9.98331E-05 9.98331E-05 0.418498 9.98331E-05 9.98331E-05 9.98331E-05 9.98331E-05 9.98331E-05
0.0278138 9.98597E-05 9.98597E-05 9.98597E-05 9.98597E-05 9.98597E-05 0.129871 9.98597E-05 0.223084 9.98597E-05 9.98597E-05 0.0114923 9.98597E-05 0.106868 9.98597E-05 9.98597E-05 9.98597E-05 0.495545 9.98597E-05 9.98597E-05 9.98597E-05 0.00372756 9.98597E-05
9.98247E-05 9.98247E-05 9.98247E-05 9.98247E-05 0.264321 9.98247E-05 9.98247E-05 9.98247E-05 9.98247E-05 9.98247E-05 9.98247E-05 9.98247E-05 9.98247E-05 9.98247E-05 0.344636 9.98247E-05 9.98247E-05 0.389046 9.98247E-05 9.98247E-05 9.98247E-05 9.98247E-05 9.98247E-05
9.98422E-05 0.00277756 9.98422E-05 9.98422E-05 0.140763 9.98422E-05 9.98422E-05 9.98422E-05 0.0403995 9.98422E-05 9.98422E-05 9.98422E-05 9.98422E-05 9.98422E-05 0.108585 9.98422E-05 9.98422E-05 0.705678 9.98422E-05 9.98422E-05 9.98422E-05 9.98422E-05 9.98422E-05
9.98423E-05 0.000345069 9.98423E-05 9.98423E-05 9.98423E-05 9.98423E-05 0.0961661 9.98423E-05 9.98423E-05 9.98423E-05 9.98423E-05 9.98423E-05 9.98423E-05 9.98423E-05 0.142818 9.98423E-05 9.98423E-05 0.748382 9.98423E-05 9.98423E-05 9.98423E-05 0.0104917 9.98423E-05
9.98335E-05 9.98335E-05 9.98335E-05 9.98335E-05 9.98335E-05 9.98335E-05 0.184708 9.98335E-05 0.184889 9.98335E-05 9.98335E-05 9.98335E-05 9.98335E-05 9.98335E-05 0.205475 9.98335E-05 9.98335E-05 0.423032 9.98335E-05 9.98335E-05 9.98335E-05 9.98335E-05 9.98335E-05
9.98597E-05 9.98597E-05 9.98597E-05 9.98597E-05 0.00146066 9.98597E-05 0.103085 9.98597E-05 9.98597E-05 9.98597E-05 9.98597E-05 9.98597E-05 9.98597E-05 0.0337719 0.0338364 0.120532 9.98597E-05 0.591983 9.98597E-05 9.98597E-05 9.98597E-05 0.113733 9.98597E-05
9.98422E-05 9.98422E-05 9.98422E-05 9.98422E-05 0.0926563 9.98422E-05 9.98422E-05 9.98422E-05 0.122572 9.98422E-05 9.98422E-05 9.98422E-05 9.98422E-05 0.0796881 9.98422E-05 0.0143267 9.98422E-05 0.688959 9.98422E-05 9.98422E-05 9.98422E-05 9.98422E-05 9.98422E-05
9.98596E-05 9.98596E-05 9.98596E-05 9.98596E-05 0.168411 9.98596E-05 0.0719201 9.98596E-05 0.0651407 9.98596E-05 9.98596E-05 9.98596E-05 9.98596E-05 9.98596E-05 0.0580051 0.0124226 9.98596E-05 0.51903 9.98596E-05 9.98596E-05 9.98596E-05 9.98596E-05 0.103473
9.98511E-05 9.98511E-05 9.98511E-05 9.98511E-05 9.98511E-05 9.98511E-05 0.112509 9.98511E-05 9.98511E-05 9.98511E-05 0.0056277 0.0153003 9.98511E-05 0.153009 9.98511E-05 0.0707248 9.98511E-05 0.641132 9.98511E-05 9.98511E-05 9.98511E-05 9.98511E-05 9.98511E-05
9.98335E-05 0.00755532 9.98335E-05 9.98335E-05 0.00628813 9.98335E-05 0.000179777 9.98335E-05 9.98335E-05 9.98335E-05 9.98335E-05 9.98335E-05 9.98335E-05 9.98335E-05 9.98335E-05 9.98335E-05 9.98335E-05 0.98408 9.98335E-05 9.98335E-05 9.98335E-05 9.98335E-05 9.98335E-05
0.0173833 0.0166968 0.018604 9.98947E-05 9.98947E-05 9.98947E-05 0.137767 9.98947E-05 0.115719 9.98947E-05 9.98947E-05 9.98947E-05 0.0280466 0.00871017 9.98947E-05 0.307539 9.98947E-05 0.304534 9.98947E-05 9.98947E-05 9.98947E-05 0.027659 0.0161427
9.98509E-05 9.98509E-05 9.98509E-05 9.98509E-05 0.0586194 9.98509E-05 0.0389751 9.98509E-05 0.13805 9.98509E-05 9.98509E-05 9.98509E-05 9.98509E-05 0.0613569 9.98509E-05 0.0170734 9.98509E-05 0.684228 9.98509E-05 9.98509E-05 9.98509E-05 9.98509E-05 9.98509E-05
9.98333E-05 0.027332 9.98333E-05 9.98333E-05 9.98333E-05 9.98333E-05 9.98333E-05 9.98333E-05 0.0674221 9.98333E-05 9.98333E-05 9.98333E-05 9.98333E-05 9.98333E-05 9.98333E-05 9.98333E-05 9.98333E-05 0.876442 9.98333E-05 9.98333E-05 9.98333E-05 0.0269069 9.98333E-05
9.9842E-05 9.9842E-05 9.9842E-05 9.9842E-05 0.00433341 9.9842E-05 0.24158 9.9842E-05 0.210622 9.9842E-05 9.9842E-05 9.9842E-05 9.9842E-05 9.9842E-05 9.9842E-05 9.9842E-05 9.9842E-05 0.50033 9.9842E-05 9.9842E-05 9.9842E-05 9.9842E-05 0.041338
9.98422E-05 9.98422E-05 9.98422E-05 0.0236725 9.98422E-05 9.98422E-05 0.208282 9.98422E-05 9.98422E-05 9.98422E-05 9.98422E-05 9.98422E-05 9.98422E-05 9.98422E-05 0.124095 0.0273563 9.98422E-05 0.614798 9.98422E-05 9.98422E-05 9.98422E-05 9.98422E-05 9.98422E-05
9.98508E-05 9.98508E-05 9.98508E-05 9.98508E-05 0.0521464 9.98508E-05 0.242182 9.98508E-05 0.212146 9.98508E-05 9.98508E-05 9.98508E-05 9.98508E-05 9.98508E-05 9.98508E-05 9.98508E-05 9.98508E-05 0.413459 9.98508E-05 0.0412662 9.98508E-05 9.98508E-05 0.037103
0.0104038 9.98596E-05 0.0296916 9.98596E-05 0.0394302 9.98596E-05 0.12451 9.98596E-05 0.124887 9.98596E-05 9.98596E-05 9.98596E-05 9.98596E-05 9.98596E-05 0.527404 9.98596E-05 9.98596E-05 0.142075 9.98596E-05 9.98596E-05 9.98596E-05 9.98596E-05 9.98596E-05
9.98596E-05 9.98596E-05 9.98596E-05 9.98596E-05 9.98596E-05 9.98596E-05 9.98596E-05 9.98596E-05 0.0562926 0.148365 9.98596E-05 9.98596E-05 9.98596E-05 9.98596E-05 9.98596E-05 0.607477 0.000854435 0.145945 0.0220734 9.98596E-05 9.98596E-05 9.98596E-05 0.0173952
9.98418E-05 9.98418E-05 9.98418E-05 9.98418E-05 9.98418E-05 0.0192258 0.0498121 0.0382777 0.0431202 9.98418E-05 9.98418E-05 9.98418E-05 9.98418E-05 9.98418E-05 9.98418E-05 9.98418E-05 9.98418E-05 0.847767 9.98418E-05 9.98418E-05 9.98418E-05 9.98418E-05 9.98418E-05
9.98334E-05 9.98334E-05 9.98334E-05 9.98334E-05 0.0319821 9.98334E-05 0.178605 9.98334E-05 0.187174 9.98334E-05 9.98334E-05 9.98334E-05 9.98334E-05 9.98334E-05 9.98334E-05 9.98334E-05 9.98334E-05 0.600342 9.98334E-05 9.98334E-05 9.98334E-05 9.98334E-05 9.98334E-05
9.98509E-05 0.0398022 9.98509E-05 0.00711283 9.98509E-05 9.98509E-05 9.98509E-05 9.98509E-05 0.066053 9.98509E-05 9.98509E-05 9.98509E-05 9.98509E-05 9.98509E-05 9.98509E-05 0.026824 9.98509E-05 0.831102 9.98509E-05 9.98509E-05 9.98509E-05 9.98509E-05 0.0274081
9.98334E-05 9.98334E-05 9.98334E-05 9.98334E-05 9.98334E-05 9.98334E-05 9.98334E-05 9.98334E-05 0.143171 9.98334E-05 9.98334E-05 9.98334E-05 0.045364 9.98334E-05 0.21503 9.98334E-05 9.98334E-05 0.594539 9.98334E-05 9.98334E-05 9.98334E-05 9.98334E-05 9.98334E-05
9.98238E-05 9.98238E-05 9.98238E-05 9.98238E-05 9.98238E-05 9.98238E-05 9.98238E-05 9.98238E-05 9.98238E-05 9.98238E-05 9.98238E-05 9.98238E-05 0.0594325 9.98238E-05 9.98238E-05 9.98238E-05 9.98238E-05 0.938471 9.98238E-05 9.98238E-05 9.98238E-05 9.98238E-05 9.98238E-05
9.98419E-05 9.98419E-05 9.98419E-05 0.0449272 9.98419E-05 9.98419E-05 0.270442 9.98419E-05 0.162156 9.98419E-05 9.98419E-05 9.98419E-05 9.98419E-05 9.98419E-05 9.98419E-05 9.98419E-05 9.98419E-05 0.349641 9.98419E-05 9.98419E-05 9.98419E-05 9.98419E-05 0.171037
9.98244E-05 9.98244E-05 9.98244E-05 9.98244E-05 9.98244E-05 9.98244E-05 9.98244E-05 9.98244E-05 0.0312165 9.98244E-05 9.98244E-05 0.123264 9.98244E-05 9.98244E-05 9.98244E-05 9.98244E-05 9.98244E-05 0.843523 9.98244E-05 9.98244E-05 9.98244E-05 9.98244E-05 9.98244E-05
9.98246E-05 9.98246E-05 9.98246E-05 9.98246E-05 9.98246E-05 9.98246E-05 9.98246E-05 9.98246E-05 0.0384408 9.98246E-05 9.98246E-05 9.98246E-05 9.98246E-05 9.98246E-05 0.137208 9.98246E-05 9.98246E-05 0.822355 9.98246E-05 9.98246E-05 9.98246E-05 9.98246E-05 9.98246E-05
9.98509E-05 9.98509E-05 9.98509E-05 9.98509E-05 0.0668717 9.98509E-05 0.0400416 9.98509E-05 9.98509E-05 9.98509E-05 9.98509E-05 9.98509E-05 9.98509E-05 0.096373 0.0902719 0.0182733 9.98509E-05 0.686471 9.98509E-05 9.98509E-05 9.98509E-05 9.98509E-05 9.98509E-05
0.0370882 9.98419E-05 9.98419E-05 9.98419E-05 9.98419E-05 9.98419E-05 0.0224321 9.98419E-05 0.227529 9.98419E-05 9.98419E-05 9.98419E-05 9.98419E-05 9.98419E-05 9.98419E-05 9.98419E-05 9.98419E-05 0.706345 9.98419E-05 9.98419E-05 9.98419E-05 0.00480805 9.98419E-05
9.98332E-05 9.98332E-05 9.98332E-05 9.98332E-05 9.98332E-05 9.98332E-05 0.073513 9.98332E-05 9.98332E-05 9.98332E-05 9.98332E-05 9.98332E-05 0.037298 9.98332E-05 9.98332E-05 0.671123 9.98332E-05 0.216169 9.98332E-05 9.98332E-05 9.98332E-05 9.98332E-05 9.98332E-05
9.98509E-05 0.0229466 9.98509E-05 9.98509E-05 9.98509E-05 9.98509E-05 0.0121888 9.98509E-05 0.0454568 9.98509E-05 9.98509E-05 9.98509E-05 9.98509E-05 9.98509E-05 0.311975 9.98509E-05 9.98509E-05 0.569921 9.98509E-05 9.98509E-05 9.98509E-05 9.98509E-05 0.0358146
9.98248E-05 9.98248E-05 9.98248E-05 0.071581 9.98248E-05 9.98248E-05 9.98248E-05 9.98248E-05 9.98248E-05 9.98248E-05 9.98248E-05 9.98248E-05 9.98248E-05 9.98248E-05 0.428829 9.98248E-05 9.98248E-05 0.497593 9.98248E-05 9.98248E-05 9.98248E-05 9.98248E-05 9.98248E-05
9.9851E-05 9.9851E-05 9.9851E-05 9.9851E-05 0.024261 9.9851E-05 0.00399748 9.9851E-05 9.9851E-05 9.9851E-05 9.9851E-05 9.9851E-05 9.9851E-05 9.9851E-05 0.367968 0.144149 9.9851E-05 0.415216 9.9851E-05 9.9851E-05 9.9851E-05 9.9851E-05 0.0427109
9.98419E-05 9.98419E-05 9.98419E-05 0.00991736 0.134591 9.98419E-05 0.122039 9.98419E-05 0.318111 9.98419E-05 9.98419E-05 9.98419E-05 9.98419E-05 9.98419E-05 9.98419E-05 9.98419E-05 9.98419E-05 0.413545 9.98419E-05 9.98419E-05 9.98419E-05 9.98419E-05 9.98419E-05
9.98246E-05 9.98246E-05 9.98246E-05 9.98246E-05 9.98246E-05 9.98246E-05 0.0732108 9.98246E-05 9.98246E-05 9.98246E-05 9.98246E-05 9.98246E-05 9.98246E-05 9.98246E-05 9.98246E-05 9.98246E-05 0.0156484 0.909144 9.98246E-05 9.98246E-05 9.98246E-05 9.98246E-05 9.98246E-05
9.98509E-05 9.98509E-05 9.98509E-05 9.98509E-05 9.98509E-05 9.98509E-05 0.142196 9.98509E-05 0.0184099 9.98509E-05 9.98509E-05 9.98509E-05 9.98509E-05 9.98509E-05 0.114922 0.57456 9.98509E-05 0.041798 9.98509E-05 9.98509E-05 9.98509E-05 9.98509E-05 0.106416
9.98246E-05 9.98246E-05 9.98246E-05 9.98246E-05 9.98246E-05 9.98246E-05 0.0621156 9.98246E-05 9.98246E-05 9.98246E-05 9.98246E-05 9.98246E-05 9.98246E-05 9.98246E-05 0.78227 9.98246E-05 9.98246E-05 0.153618 9.98246E-05 9.98246E-05 9.98246E-05 9.98246E-05 9.98246E-05
9.98508E-05 9.98508E-05 9.98508E-05 9.98508E-05 0.162635 9.98508E-05 0.166906 9.98508E-05 9.98508E-05 9.98508E-05 9.98508E-05 0.0140727 9.98508E-05 9.98508E-05 9.98508E-05 9.98508E-05 9.98508E-05 0.554373 9.98508E-05 9.98508E-05 9.98508E-05 0.00621101 0.094105
0.057138 9.98508E-05 0.170674 9.98508E-05 9.98508E-05 9.98508E-05 0.0933502 9.98508E-05 0.0835999 9.98508E-05 9.98508E-05 9.98508E-05 9.98508E-05 9.98508E-05 0.143736 9.98508E-05 9.98508E-05 0.449804 9.98508E-05 9.98508E-05 9.98508E-05 9.98508E-05 9.98508E-05
0.0323595 9.98949E-05 9.98949E-05 9.98949E-05 0.13307 9.98949E-05 0.133782 9.98949E-05 0.0114988 0.0499779 9.98949E-05 0.00705535 0.0538546 0.0353897 9.98949E-05 0.048066 0.00806204 0.485686 9.98949E-05 9.98949E-05 9.98949E-05 9.98949E-05 9.98949E-05
9.9851E-05 0.00779189 9.9851E-05 9.9851E-05 9.9851E-05 9.9851E-05 0.234445 9.9851E-05 0.244917 9.9851E-05 9.9851E-05 0.0568801 9.9851E-05 9.9851E-05 9.9851E-05 9.9851E-05 9.9851E-05 0.444879 9.9851E-05 9.9851E-05 9.9851E-05 9.9851E-05 0.00938906
9.98422E-05 9.98422E-05 9.98422E-05 9.98422E-05 9.98422E-05 9.98422E-05 9.98422E-05 9.98422E-05 0.0747861 9.98422E-05 9.98422E-05 9.98422E-05 0.00752348 9.98422E-05 0.0981817 0.517008 9.98422E-05 0.300704 9.98422E-05 9.98422E-05 9.98422E-05 9.98422E-05 9.98422E-05
9.98332E-05 9.98332E-05 9.98332E-05 9.98332E-05 9.98332E-05 0.150502 9.98332E-05 9.98332E-05 0.0621673 9.98332E-05 9.98332E-05 9.98332E-05 9.98332E-05 0.052003 9.98332E-05 9.98332E-05 9.98332E-05 0.73343 9.98332E-05 9.98332E-05 9.98332E-05 9.98332E-05 9.98332E-05
9.98246E-05 9.98246E-05 9.98246E-05 9.98246E-05 9.98246E-05 9.98246E-05 0.132713 9.98246E-05 9.98246E-05 9.98246E-05 9.98246E-05 9.98246E-05 9.98246E-05 9.98246E-05 9.98246E-05 0.727057 9.98246E-05 0.138233 9.98246E-05 9.98246E-05 9.98246E-05 9.98246E-05 9.98246E-05
9.98422E-05 0.00470408 9.98422E-05 9.98422E-05 9.98422E-05 9.98422E-05 0.105507 9.98422E-05 0.0987956 9.98422E-05 9.98422E-05 9.98422E-05 9.98422E-05 9.98422E-05 9.98422E-05 0.239337 9.98422E-05 0.549859 9.98422E-05 9.98422E-05 9.98422E-05 9.98422E-05 9.98422E-05
9.98245E-05 9.98245E-05 9.98245E-05 9.98245E-05 9.98245E-05 9.98245E-05 9.98245E-05 9.98245E-05 9.98245E-05 9.98245E-05 9.98245E-05 9.98245E-05 0.0370684 0.0480704 9.98245E-05 9.98245E-05 9.98245E-05 0.912865 9.98245E-05 9.98245E-05 9.98245E-05 9.98245E-05 9.98245E-05
9.9842E-05 9.9842E-05 9.9842E-05 9.9842E-05 9.9842E-05 0.0653788 9.9842E-05 0.0814621 9.9842E-05 9.9842E-05 9.9842E-05 9.9842E-05 9.9842E-05 9.9842E-05 9.9842E-05 9.9842E-05 9.9842E-05 0.819172 9.9842E-05 9.9842E-05 9.9842E-05 0.0234814 0.00870876
9.98332E-05 9.98332E-05 9.98332E-05 9.98332E-05 0.154827 9.98332E-05 0.157978 9.98332E-05 0.0945917 9.98332E-05 9.98332E-05 9.98332E-05 9.98332E-05 9.98332E-05 9.98332E-05 9.98332E-05 9.98332E-05 0.590707 9.98332E-05 9.98332E-05 9.98332E-05 9.98332E-05 9.98332E-05
9.98245E-05 9.98245E-05 9.98245E-05 9.98245E-05 9.98245E-05 9.98245E-05 0.130508 9.98245E-05 0.0432676 9.98245E-05 9.98245E-05 9.98245E-05 9.98245E-05 9.98245E-05 9.98245E-05 9.98245E-05 9.98245E-05 0.824228 9.98245E-05 9.98245E-05 9.98245E-05 9.98245E-05 9.98245E-05
9.98332E-05 0.0152642 9.98332E-05 9.98332E-05 9.98332E-05 9.98332E-05 9.98332E-05 9.98332E-05 0.0106613 9.98332E-05 9.98332E-05 9.98332E-05 0.0196545 9.98332E-05 9.98332E-05 9.98332E-05 9.98332E-05 0.952523 9.98332E-05 9.98332E-05 9.98332E-05 9.98332E-05 9.98332E-05
9.98333E-05 9.98333E-05 9.98333E-05 9.98333E-05 9.98333E-05 0.0612673 9.98333E-05 9.98333E-05 0.0667827 9.98333E-05 9.98333E-05 9.98333E-05 9.98333E-05 9.98333E-05 9.98333E-05 9.98333E-05 9.98333E-05 0.754456 9.98333E-05 9.98333E-05 9.98333E-05 9.98333E-05 0.115597
9.98422E-05 9.98422E-05 9.98422E-05 9.98422E-05 0.081454 9.98422E-05 0.138088 9.98422E-05 0.0351709 9.98422E-05 9.98422E-05 9.98422E-05 9.98422E-05 9.98422E-05 9.98422E-05 0.185871 9.98422E-05 0.557619 9.98422E-05 9.98422E-05 9.98422E-05 9.98422E-05 9.98422E-05
9.98068E-05 9.98068E-05 9.98068E-05 9.98068E-05 9.98068E-05 9.98068E-05 9.98068E-05 9.98068E-05 0.997804 9.98068E-05 9.98068E-05 9.98068E-05 9.98068E-05 9.98068E-05 9.98068E-05 9.98068E-05 9.98068E-05 9.98068E-05 9.98068E-05 9.98068E-05 9.98068E-05 9.98068E-05 9.98068E-05
9.98065E-05 9.98065E-05 9.98065E-05 9.98065E-05 9.98065E-05 9.98065E-05 0.997804 9.98065E-05 9.98065E-05 9.98065E-05 9.98065E-05 9.98065E-05 9.98065E-05 9.98065E-05 9.98065E-05 9.98065E-05 9.98065E-05 9.98065E-05 9.98065E-05 9.98065E-05 9.98065E-05 9.98065E-05 9.98065E-05
9.98066E-05 9.98066E-05 9.98066E-05 9.98066E-05 9.98066E-05 9.98066E-05 9.98066E-05 9.98066E-05 0.997804 9.98066E-05 9.98066E-05 9.98066E-05 9.98066E-05 9.98066E-05 9.98066E-05 9.98066E-05 9.98066E-05 9.98066E-05 9.98066E-05 9.98066E-05 9.98066E-05 9.98066E-05 9.98066E-05
9.98067E-05 9.98067E-05 9.98067E-05 9.98067E-05 9.98067E-05 9.98067E-05 0.997804 9.98067E-05 9.98067E-05 9.98067E-05 9.98067E-05 9.98067E-05 9.98067E-05 9.98067E-05 9.98067E-05 9.98067E-05 9.98067E-05 9.98067E-05 9.98067E-05 9.98067E-05 9.98067E-05 9.98067E-05 9.98067E-05
