9.99473E-05 9.99473E-05 0.0571336 0.148993 9.99473E-05 0.0912957 9.99473E-05 0.45803 9.99473E-05 9.99473E-05 0.177064 0.0668837
9.99385E-05 9.99385E-05 9.99385E-05 0.203373 9.99385E-05 0.00151227 9.99385E-05 0.727175 9.99385E-05 0.0306919 0.036548 9.99385E-05
0.0145984 9.99473E-05 9.99473E-05 9.99473E-05 9.99473E-05 0.00542339 0.0349407 0.874945 9.99473E-05 9.99473E-05 0.0644682 0.0050247
0.282926 0.0306352 9.99649E-05 9.99649E-05 0.0502667 0.042487 9.99649E-05 0.278315 9.99649E-05 0.100891 0.196828 0.017251
0.122485 9.99298E-05 0.000210032 9.99298E-05 0.0567899 9.99298E-05 9.99298E-05 0.819715 9.99298E-05 9.99298E-05 9.99298E-05 9.99298E-05
0.269014 0.0400899 9.99561E-05 0.0963227 0.180922 0.0366115 0.0753394 0.3012 9.99561E-05 9.99561E-05 9.99561E-05 9.99561E-05
0.262544 9.99473E-05 9.99473E-05 0.0942015 9.99473E-05 0.156742 0.0906538 0.326423 9.99473E-05 9.99473E-05 0.0688364 9.99473E-05
0.209887 9.99649E-05 0.0472356 0.0155094 0.209883 0.0611314 0.084753 0.280128 0.0910739 9.99649E-05 9.99649E-05 9.99649E-05
0.00929694 9.99649E-05 9.99649E-05 0.00809544 0.261695 0.0102645 9.99649E-05 0.221763 9.99649E-05 0.041457 0.234605 0.212424
9.99209E-05 9.99209E-05 9.99209E-05 9.99209E-05 9.99209E-05 9.99209E-05 9.99209E-05 0.89617 9.99209E-05 9.99209E-05 0.0965631 0.00636806
9.99297E-05 9.99297E-05 9.99297E-05 9.99297E-05 0.0337921 0.166034 9.99297E-05 0.541785 9.99297E-05 9.99297E-05 0.257589 9.99297E-05
0.0356768 9.99209E-05 9.99209E-05 9.99209E-05 9.99209E-05 0.0381323 9.99209E-05 0.925292 9.99209E-05 9.99209E-05 9.99209E-05 9.99209E-05
9.99209E-05 9.99209E-05 9.99209E-05 9.99209E-05 9.99209E-05 0.0150519 9.99209E-05 0.867494 9.99209E-05 9.99209E-05 0.116555 9.99209E-05
9.99386E-05 0.154264 9.99386E-05 9.99386E-05 9.99386E-05 0.0364748 9.99386E-05 0.656068 0.0726486 9.99386E-05 0.079846 9.99386E-05
0.0277876 0.00381013 9.99649E-05 0.0592926 0.21689 9.99649E-05 9.99649E-05 0.390002 0.00956141 9.99649E-05 0.198636 0.0936198
0.0384234 9.99386E-05 9.99386E-05 9.99386E-05 0.249353 9.99386E-05 9.99386E-05 0.287087 0.257546 9.99386E-05 0.16689 9.99386E-05
0.0577611 0.020481 9.99737E-05 0.133101 9.99737E-05 0.0491767 9.99737E-05 0.616391 0.00620395 0.000382334 0.0986094 0.0175937
0.00106247 9.99561E-05 0.195372 9.99561E-05 0.0417062 9.99561E-05 9.99561E-05 0.34246 9.99561E-05 0.130376 0.266037 0.0224869
0.131898 9.99736E-05 0.05348 9.99736E-05 0.142429 0.0479433 0.0185636 0.382479 0.00306648 0.00910636 0.210735 9.99736E-05
9.99298E-05 9.99298E-05 9.99298E-05 9.99298E-05 0.00623364 9.99298E-05 9.99298E-05 0.912987 9.99298E-05 0.0655433 0.0144361 9.99298E-05
0.149243 9.99561E-05 9.99561E-05 9.99561E-05 0.102158 0.0646006 9.99561E-05 0.47247 0.136343 9.99561E-05 0.0645148 0.0101707
0.430125 9.99386E-05 0.0147064 9.99386E-05 0.175602 9.99386E-05 0.0266489 0.352219 9.99386E-05 9.99386E-05 9.99386E-05 9.99386E-05
9.99298E-05 9.99298E-05 9.99298E-05 0.0522056 9.99298E-05 0.0746562 9.99298E-05 0.691237 9.99298E-05 9.99298E-05 0.181102 9.99298E-05
9.99298E-05 9.99298E-05 9.99298E-05 9.99298E-05 9.99298E-05 9.99298E-05 9.99298E-05 0.442857 0.10467 9.99298E-05 0.346621 0.105053
9.99473E-05 9.99473E-05 9.99473E-05 9.99473E-05 0.153647 0.0938083 9.99473E-05 0.265366 9.99473E-05 0.114805 0.331862 0.039912
0.114172 0.0231934 9.99473E-05 9.99473E-05 0.0225439 0.00261848 9.99473E-05 0.692704 9.99473E-05 9.99473E-05 0.144168 9.99473E-05
0.0330473 0.0793007 0.134489 0.118496 0.0513496 0.0365329 9.99736E-05 0.101836 0.173132 9.99736E-05 0.271517 9.99736E-05
0.0641325 9.99385E-05 9.99385E-05 9.99385E-05 9.99385E-05 0.0229897 9.99385E-05 0.774269 0.016098 9.99385E-05 0.121811 9.99385E-05
9.99298E-05 9.99298E-05 9.99298E-05 9.99298E-05 9.99298E-05 9.99298E-05 9.99298E-05 0.626351 9.99298E-05 0.0183829 0.268514 0.0859531
9.99386E-05 0.0409591 9.99386E-05 9.99386E-05 0.035592 9.99386E-05 9.99386E-05 0.703519 9.99386E-05 9.99386E-05 0.19036 0.0288698
9.99385E-05 9.99385E-05 9.99385E-05 9.99385E-05 0.0672823 0.185024 9.99385E-05 0.709535 9.99385E-05 0.0277317 0.00972764 9.99385E-05
0.153828 0.190643 9.99473E-05 9.99473E-05 0.0303493 0.0280911 9.99473E-05 0.546172 9.99473E-05 9.99473E-05 0.0503162 9.99473E-05
9.99297E-05 9.99297E-05 9.99297E-05 9.99297E-05 9.99297E-05 0.114156 9.99297E-05 0.579359 0.0619798 9.99297E-05 0.243706 9.99297E-05
0.112674 0.135021 9.99561E-05 9.99561E-05 9.99561E-05 0.0387318 0.0672137 0.422417 9.99561E-05 0.00166887 0.221774 9.99561E-05
9.99385E-05 9.99385E-05 9.99385E-05 0.0565529 9.99385E-05 0.0430312 9.99385E-05 0.799069 9.99385E-05 0.0523169 0.0483307 9.99385E-05
9.99561E-05 9.99561E-05 9.99561E-05 0.0412057 0.0342362 0.0305141 9.99561E-05 0.728333 9.99561E-05 0.0315372 0.0388077 0.094866
9.99386E-05 9.99386E-05 9.99386E-05 0.0332249 9.99386E-05 0.0121336 0.0505164 0.884984 0.0184416 9.99386E-05 9.99386E-05 9.99386E-05
9.99473E-05 0.021652 9.99473E-05 0.111406 0.130032 9.99473E-05 9.99473E-05 0.543264 9.99473E-05 0.051473 0.141573 9.99473E-05
0.030186 0.153032 9.99649E-05 0.029017 0.00430602 0.0637833 9.99649E-05 0.536619 9.99649E-05 0.00511767 0.177539 9.99649E-05
9.99473E-05 0.0588427 9.99473E-05 9.99473E-05 9.99473E-05 0.0105721 0.053514 0.526271 0.130198 9.99473E-05 0.220002 9.99473E-05
9.99298E-05 9.99298E-05 9.99298E-05 9.99298E-05 0.0270511 9.99298E-05 9.99298E-05 0.81179 0.0758295 9.99298E-05 0.0845303 9.99298E-05
9.99299E-05 9.99299E-05 9.99299E-05 0.121728 0.100526 9.99299E-05 9.99299E-05 0.571566 9.99299E-05 9.99299E-05 0.205381 9.99299E-05
9.99386E-05 0.097449 9.99386E-05 0.0983122 9.99386E-05 9.99386E-05 0.0180275 0.730412 0.0551001 9.99386E-05 9.99386E-05 9.99386E-05
9.99473E-05 9.99473E-05 9.99473E-05 0.0706029 0.182351 0.0669237 9.99473E-05 0.352656 9.99473E-05 9.99473E-05 0.230604 0.0962632
0.36343 9.99386E-05 9.99386E-05 9.99386E-05 9.99386E-05 0.0163973 9.99386E-05 0.267985 9.99386E-05 9.99386E-05 0.346509 0.00497994
9.99209E-05 9.99209E-05 9.99209E-05 9.99209E-05 9.99209E-05 9.99209E-05 9.99209E-05 0.823407 9.99209E-05 0.149965 0.0257287 9.99209E-05
9.99385E-05 9.99385E-05 0.0204447 9.99385E-05 0.0587411 0.00772776 9.99385E-05 0.825826 9.99385E-05 9.99385E-05 0.0865608 9.99385E-05
9.9921E-05 9.9921E-05 9.9921E-05 9.9921E-05 9.9921E-05 9.9921E-05 9.9921E-05 0.938943 0.0242943 9.9921E-05 0.0358636 9.9921E-05
0.0624366 9.99385E-05 9.99385E-05 9.99385E-05 9.99385E-05 0.0183555 9.99385E-05 0.641227 0.0913675 9.99385E-05 0.185914 9.99385E-05
9.99562E-05 9.99562E-05 0.0139353 0.0728004 0.0772427 0.0167206 0.119497 0.690554 9.99562E-05 0.00874974 9.99562E-05 9.99562E-05
0.122649 0.0813176 0.0753008 9.998E-05 0.0706449 0.0291565 9.998E-05 0.24171 0.0770505 0.0194092 0.218136 0.0644257
0.157891 0.0128856 9.99561E-05 9.99561E-05 0.0179287 9.99561E-05 9.99561E-05 0.590293 9.99561E-05 0.0252882 0.182648 0.0125653
9.9921E-05 9.9921E-05 0.0989327 9.9921E-05 9.9921E-05 9.9921E-05 9.9921E-05 0.870806 9.9921E-05 9.9921E-05 0.0293622 9.9921E-05
9.99562E-05 9.99562E-05 0.00846052 9.99562E-05 0.047312 9.99562E-05 0.0300723 0.609157 0.207213 0.000473471 0.0968117 9.99562E-05
0.0244085 9.99474E-05 9.99474E-05 9.99474E-05 9.99474E-05 9.99474E-05 9.99474E-05 0.800778 0.017294 0.0288299 0.114107 0.0139835
0.0468307 0.100096 9.99386E-05 9.99386E-05 9.99386E-05 0.0447567 9.99386E-05 0.716257 9.99386E-05 0.0913601 9.99386E-05 9.99386E-05
0.0788672 9.99561E-05 0.0382957 9.99561E-05 0.0681412 0.00721643 9.99561E-05 0.750925 0.0261159 9.99561E-05 0.0299387 9.99561E-05
0.118816 9.9921E-05 9.9921E-05 9.9921E-05 9.9921E-05 9.9921E-05 9.9921E-05 0.788697 9.9921E-05 9.9921E-05 0.0915874 9.9921E-05
0.00234828 9.99473E-05 9.99473E-05 9.99473E-05 0.0167864 0.0180604 0.0664221 0.825272 9.99473E-05 9.99473E-05 0.0705109 9.99473E-05
9.99561E-05 9.99561E-05 0.112643 0.334371 0.0614844 0.101348 0.0574347 0.0607211 9.99561E-05 9.99561E-05 0.271498 9.99561E-05
0.044248 9.99649E-05 9.99649E-05 0.336724 9.99649E-05 0.0320751 0.0104092 0.316271 0.113422 9.99649E-05 0.0763999 0.0700502
9.99473E-05 9.99473E-05 0.120708 0.393339 9.99473E-05 0.0183503 0.1646 0.284194 0.0182083 9.99473E-05 9.99473E-05 9.99473E-05
9.99592E-05 0.0868627 0.0374453 0.433908 0.160574 0.0179303 0.0963203 9.99592E-05 9.99592E-05 9.99592E-05 0.16646 9.99592E-05
0.106542 9.99736E-05 0.0675747 0.160885 0.123722 0.023751 0.116331 0.10833 9.99736E-05 0.0370676 0.255497 9.99736E-05
9.99473E-05 9.99473E-05 0.00385924 0.259347 0.071164 0.128669 9.99473E-05 9.99473E-05 9.99473E-05 9.99473E-05 0.452576 0.0837854
9.99386E-05 9.99386E-05 0.014663 0.552364 9.99386E-05 0.0994283 0.0233863 9.99386E-05 9.99386E-05 9.99386E-05 0.309459 9.99386E-05
9.99473E-05 9.99473E-05 0.145955 0.385661 0.107602 0.0247868 0.0898425 9.99473E-05 9.99473E-05 9.99473E-05 0.245554 9.99473E-05
9.99649E-05 0.0752212 0.0257295 0.456962 9.99649E-05 0.0484092 0.019026 0.159492 9.99649E-05 9.99649E-05 0.146184 0.0685766
0.0557328 9.99561E-05 0.0201781 0.272531 0.0549008 0.169773 9.99561E-05 0.279186 9.99561E-05 9.99561E-05 0.147198 9.99561E-05
9.99473E-05 9.99473E-05 0.000895786 0.095516 0.0887484 0.279611 9.99473E-05 9.99473E-05 9.99473E-05 0.0398991 0.49473 9.99473E-05
0.0300705 9.99649E-05 0.0367178 0.277424 9.99649E-05 0.167649 0.122865 0.0177653 0.109491 9.99649E-05 0.237617 9.99649E-05
0.168064 9.99561E-05 0.060925 0.274084 0.137579 0.150636 9.99561E-05 9.99561E-05 0.0665791 9.99561E-05 0.141632 9.99561E-05
0.182115 9.99649E-05 9.99649E-05 0.20396 0.0480567 0.00934733 0.0306555 0.0273398 0.0275728 9.99649E-05 0.470553 9.99649E-05
9.99737E-05 0.0679512 0.0223475 0.297074 9.99737E-05 0.100939 0.0635363 0.226789 0.0785551 9.99737E-05 0.0721854 0.0703225
9.99474E-05 9.99474E-05 0.0975426 0.322976 0.053742 0.0662135 9.99474E-05 0.250736 9.99474E-05 9.99474E-05 0.20819 9.99474E-05
0.185578 0.00577967 0.109835 0.288939 9.99473E-05 9.99473E-05 0.163426 9.99473E-05 9.99473E-05 9.99473E-05 0.245843 9.99473E-05
0.125537 9.99649E-05 0.0556809 0.132251 0.065757 0.233526 0.0476853 0.144626 9.99649E-05 9.99649E-05 0.194538 9.99649E-05
9.99474E-05 9.99474E-05 0.174786 0.221807 0.0355546 0.097872 9.99474E-05 0.202743 9.99474E-05 9.99474E-05 0.266638 9.99474E-05
9.99473E-05 9.99473E-05 0.0325357 0.276031 9.99473E-05 0.0597803 0.00751617 9.99473E-05 0.123363 9.99473E-05 0.500174 9.99473E-05
0.0615056 0.0132548 9.99562E-05 0.279637 9.99562E-05 0.0277765 0.108551 0.316129 9.99562E-05 9.99562E-05 0.192646 9.99562E-05
0.173306 9.99649E-05 0.0921466 0.319405 9.99649E-05 9.99649E-05 9.99649E-05 0.0568776 0.0771865 0.00280244 0.213272 0.0646053
9.99649E-05 0.161936 0.0677786 0.281212 9.99649E-05 0.0343053 9.99649E-05 0.165623 0.045937 0.0161539 0.226654 9.99649E-05
0.184252 9.99737E-05 0.114855 0.108762 0.0944572 0.0230536 0.0852379 0.17876 9.99737E-05 9.99737E-05 0.177737 0.0325849
0.0465669 9.99473E-05 9.99473E-05 0.0931971 0.0727794 0.267364 9.99473E-05 0.245311 9.99473E-05 9.99473E-05 0.274181 9.99473E-05
9.99474E-05 9.99474E-05 9.99474E-05 0.27748 0.107951 0.0506193 9.99474E-05 0.373205 9.99474E-05 0.00576869 0.184375 9.99474E-05
9.99474E-05 9.99474E-05 0.0780518 0.317559 9.99474E-05 9.99474E-05 0.0349985 0.415778 9.99474E-05 9.99474E-05 0.103881 0.0491321
9.99475E-05 9.99475E-05 0.00118481 0.389434 9.99475E-05 9.99475E-05 0.113925 0.19661 9.99475E-05 9.99475E-05 0.20225 0.0959965
9.99386E-05 9.99386E-05 0.251127 0.134697 0.0706671 9.99386E-05 9.99386E-05 0.289055 9.99386E-05 9.99386E-05 0.253755 9.99386E-05
9.99475E-05 0.0781838 9.99475E-05 0.268703 0.120428 9.99475E-05 9.99475E-05 0.260085 0.0173333 9.99475E-05 0.254667 9.99475E-05
9.99297E-05 0.580153 9.99297E-05 9.99297E-05 0.123601 0.0157564 9.99297E-05 9.99297E-05 9.99297E-05 9.99297E-05 0.27969 9.99297E-05
9.99211E-05 0.865092 9.99211E-05 9.99211E-05 0.0203402 9.99211E-05 9.99211E-05 9.99211E-05 9.99211E-05 9.99211E-05 0.113669 9.99211E-05
0.0776739 0.510934 0.0509764 9.9956E-05 0.0534853 0.0813711 9.9956E-05 9.9956E-05 0.0544607 9.9956E-05 0.170599 9.9956E-05
9.99384E-05 0.474179 0.0394669 9.99384E-05 0.15232 0.0612502 9.99384E-05 9.99384E-05 9.99384E-05 9.99384E-05 0.272084 9.99384E-05
9.99648E-05 0.568655 0.0171343 9.99648E-05 0.230391 0.064517 9.99648E-05 9.99648E-05 0.00073105 0.0642079 0.0451187 0.0088456
9.99297E-05 0.48939 9.99297E-05 9.99297E-05 0.222121 9.99297E-05 9.99297E-05 9.99297E-05 9.99297E-05 0.0276521 0.260037 9.99297E-05
9.99385E-05 0.471139 0.0836219 9.99385E-05 0.204872 0.0531228 9.99385E-05 9.99385E-05 9.99385E-05 9.99385E-05 0.186544 9.99385E-05
9.99297E-05 0.470887 9.99297E-05 9.99297E-05 0.27236 9.99297E-05 9.99297E-05 9.99297E-05 9.99297E-05 0.0455404 0.210413 9.99297E-05
9.99385E-05 0.143064 9.99385E-05 0.276954 0.415244 0.0396175 9.99385E-05 9.99385E-05 9.99385E-05 9.99385E-05 0.124421 9.99385E-05
0.0853276 0.267668 0.0852114 9.99385E-05 0.210798 9.99385E-05 9.99385E-05 9.99385E-05 9.99385E-05 9.99385E-05 0.350296 9.99385E-05
9.9921E-05 0.687973 9.9921E-05 0.274343 0.0367843 9.9921E-05 9.9921E-05 9.9921E-05 9.9921E-05 9.9921E-05 9.9921E-05 9.9921E-05
9.99385E-05 0.598211 9.99385E-05 0.168367 9.99385E-05 0.0203476 9.99385E-05 9.99385E-05 9.99385E-05 0.0346952 0.17768 9.99385E-05
9.99298E-05 0.833415 0.00263205 9.99298E-05 0.156303 0.00684979 9.99298E-05 9.99298E-05 9.99298E-05 9.99298E-05 9.99298E-05 9.99298E-05
9.99298E-05 0.471759 9.99298E-05 9.99298E-05 0.213404 9.99298E-05 9.99298E-05 9.99298E-05 9.99298E-05 9.99298E-05 0.284475 0.0295623
9.99385E-05 0.658967 0.15536 9.99385E-05 0.112451 0.0181727 9.99385E-05 9.99385E-05 0.0543497 9.99385E-05 9.99385E-05 9.99385E-05
9.99473E-05 0.517097 9.99473E-05 0.112472 0.0662176 0.053829 0.0397014 9.99473E-05 9.99473E-05 9.99473E-05 0.210083 9.99473E-05
9.99385E-05 0.493155 9.99385E-05 0.141645 0.080348 9.99385E-05 9.99385E-05 9.99385E-05 9.99385E-05 0.146551 0.137602 9.99385E-05
0.0186686 0.633271 9.99386E-05 9.99386E-05 0.20403 0.0275658 0.115765 9.99386E-05 9.99386E-05 9.99386E-05 9.99386E-05 9.99386E-05
0.100501 0.752783 9.99297E-05 9.99297E-05 0.0931244 0.0527927 9.99297E-05 9.99297E-05 9.99297E-05 9.99297E-05 9.99297E-05 9.99297E-05
9.99473E-05 0.578213 9.99473E-05 9.99473E-05 0.129702 0.0147875 9.99473E-05 9.99473E-05 0.00715687 0.108476 0.161065 9.99473E-05
0.092969 0.561878 9.99385E-05 0.0474197 0.119256 9.99385E-05 9.99385E-05 9.99385E-05 9.99385E-05 9.99385E-05 0.177778 9.99385E-05
9.99385E-05 0.652389 0.03997 9.99385E-05 0.0331037 0.0688484 9.99385E-05 9.99385E-05 9.99385E-05 9.99385E-05 0.204989 9.99385E-05
0.0496477 0.240135 9.99385E-05 9.99385E-05 0.336815 9.99385E-05 9.99385E-05 9.99385E-05 9.99385E-05 0.114281 0.258422 9.99385E-05
9.99122E-05 0.722181 9.99122E-05 9.99122E-05 0.276819 9.99122E-05 9.99122E-05 9.99122E-05 9.99122E-05 9.99122E-05 9.99122E-05 9.99122E-05
0.0199128 0.199605 9.99473E-05 0.00943626 0.346539 9.99473E-05 9.99473E-05 9.99473E-05 9.99473E-05 0.112587 0.31132 9.99473E-05
9.99299E-05 0.531921 9.99299E-05 0.12216 0.154026 9.99299E-05 9.99299E-05 9.99299E-05 9.99299E-05 9.99299E-05 0.191093 9.99299E-05
9.99298E-05 0.712186 9.99298E-05 9.99298E-05 9.99298E-05 9.99298E-05 9.99298E-05 0.0872578 9.99298E-05 9.99298E-05 0.0831164 0.116641
0.113185 0.501391 9.99296E-05 9.99296E-05 0.168938 9.99296E-05 9.99296E-05 9.99296E-05 9.99296E-05 9.99296E-05 0.215687 9.99296E-05
9.99385E-05 0.396738 9.99385E-05 0.0860258 0.247661 9.99385E-05 9.99385E-05 9.99385E-05 9.99385E-05 0.0665478 0.202328 9.99385E-05
9.99385E-05 0.642616 9.99385E-05 9.99385E-05 0.0227699 0.09969 9.99385E-05 9.99385E-05 9.99385E-05 0.0853602 0.148864 9.99385E-05
9.99473E-05 0.553486 9.99473E-05 9.99473E-05 0.0449331 0.00525238 9.99473E-05 9.99473E-05 0.0842153 0.0203371 0.291177 9.99473E-05
9.9956E-05 0.701111 9.9956E-05 9.9956E-05 0.0137093 0.0352009 9.9956E-05 9.9956E-05 0.102648 0.0297272 0.112775 0.00432933
9.99473E-05 0.149071 9.99473E-05 9.99473E-05 0.317548 0.0227367 9.99473E-05 9.99473E-05 0.0251789 0.196372 0.288494 9.99473E-05
9.99385E-05 0.543431 9.99385E-05 9.99385E-05 0.137425 0.0150461 9.99385E-05 9.99385E-05 9.99385E-05 0.0568248 0.246574 9.99385E-05
9.99209E-05 0.747833 9.99209E-05 9.99209E-05 0.0665029 9.99209E-05 9.99209E-05 9.99209E-05 9.99209E-05 9.99209E-05 0.184765 9.99209E-05
9.99473E-05 0.652059 9.99473E-05 0.0641123 0.13237 0.0622692 9.99473E-05 9.99473E-05 0.0149657 9.99473E-05 9.99473E-05 0.0736241
9.99384E-05 0.421887 0.0659887 9.99384E-05 0.115564 0.0441331 9.99384E-05 9.99384E-05 9.99384E-05 9.99384E-05 0.351727 9.99384E-05
9.99123E-05 0.928507 9.99123E-05 9.99123E-05 0.0704936 9.99123E-05 9.99123E-05 9.99123E-05 9.99123E-05 9.99123E-05 9.99123E-05 9.99123E-05
9.99473E-05 0.815991 0.000845846 9.99473E-05 0.0490173 0.0141854 9.99473E-05 9.99473E-05 9.99473E-05 0.0219468 0.0974144 9.99473E-05
9.99211E-05 0.917141 9.99211E-05 9.99211E-05 0.0493601 0.0325993 9.99211E-05 9.99211E-05 9.99211E-05 9.99211E-05 9.99211E-05 9.99211E-05
9.99386E-05 0.883174 0.0368889 0.0261489 0.0259409 9.99386E-05 9.99386E-05 9.99386E-05 9.99386E-05 0.027148 9.99386E-05 9.99386E-05
0.0251218 0.225816 9.99473E-05 0.15421 0.170148 9.99473E-05 9.99473E-05 9.99473E-05 9.99473E-05 0.0276607 0.396444 9.99473E-05
0.129794 0.635079 9.99297E-05 9.99297E-05 0.226535 9.99297E-05 9.99297E-05 9.99297E-05 9.99297E-05 9.99297E-05 0.00779212 9.99297E-05
9.99299E-05 0.82478 9.99299E-05 9.99299E-05 0.133747 9.99299E-05 9.99299E-05 9.99299E-05 9.99299E-05 0.0297259 0.0109476 9.99299E-05
9.99211E-05 0.931449 9.99211E-05 9.99211E-05 9.99211E-05 9.99211E-05 9.99211E-05 0.0138639 9.99211E-05 9.99211E-05 0.053788 9.99211E-05
9.99561E-05 0.253947 9.99561E-05 0.210558 0.269328 0.00464292 0.0615104 9.99561E-05 9.99561E-05 0.144191 0.0553236 9.99561E-05
9.99561E-05 0.50883 0.0132355 0.0157408 0.161045 0.0329781 9.99561E-05 9.99561E-05 0.0245326 9.99561E-05 0.243138 9.99561E-05
9.99561E-05 0.443344 9.99561E-05 0.0697287 0.212279 9.99561E-05 0.043983 9.99561E-05 0.024161 9.99561E-05 0.0891279 0.116876
9.99386E-05 0.171316 9.99386E-05 9.99386E-05 0.360441 0.0663895 9.99386E-05 9.99386E-05 9.99386E-05 0.0731388 0.328015 9.99386E-05
9.99123E-05 0.996098 9.99123E-05 9.99123E-05 9.99123E-05 9.99123E-05 9.99123E-05 9.99123E-05 9.99123E-05 9.99123E-05 0.00290254 9.99123E-05
0.113743 0.434586 9.99472E-05 9.99472E-05 0.0404734 0.00796115 0.143992 9.99472E-05 9.99472E-05 9.99472E-05 0.258645 9.99472E-05
9.99211E-05 0.870987 9.99211E-05 0.0207558 0.107358 9.99211E-05 9.99211E-05 9.99211E-05 9.99211E-05 9.99211E-05 9.99211E-05 9.99211E-05
9.99386E-05 0.666043 0.0107849 9.99386E-05 0.137886 0.0676442 9.99386E-05 9.99386E-05 9.99386E-05 9.99386E-05 0.116942 9.99386E-05
9.99473E-05 0.639309 0.033105 0.0153874 0.148278 9.99473E-05 0.0197066 9.99473E-05 0.143615 9.99473E-05 9.99473E-05 9.99473E-05
0.0483241 0.649893 0.0402754 9.9956E-05 0.0596272 0.080256 9.9956E-05 9.9956E-05 9.9956E-05 0.0658306 0.0552943 9.9956E-05
9.9956E-05 0.272421 9.9956E-05 0.185931 0.253489 0.0206771 9.9956E-05 9.9956E-05 0.00775217 0.0339956 0.225234 9.9956E-05
9.99209E-05 0.591941 9.99209E-05 9.99209E-05 0.236757 9.99209E-05 9.99209E-05 9.99209E-05 9.99209E-05 9.99209E-05 0.170403 9.99209E-05
9.99472E-05 0.593453 9.99472E-05 9.99472E-05 0.0396859 0.110671 9.99472E-05 9.99472E-05 0.104454 0.00908452 0.142051 9.99472E-05
9.99297E-05 0.597925 9.99297E-05 9.99297E-05 0.0331795 9.99297E-05 9.99297E-05 9.99297E-05 9.99297E-05 0.180812 0.187284 9.99297E-05
9.99386E-05 0.745327 9.99386E-05 0.0214467 0.154694 0.015368 9.99386E-05 9.99386E-05 9.99386E-05 9.99386E-05 0.0624648 9.99386E-05
9.99032E-05 9.99032E-05 9.99032E-05 9.99032E-05 9.99032E-05 9.99032E-05 9.99032E-05 9.99032E-05 9.99032E-05 9.99032E-05 0.998901 9.99032E-05
9.99032E-05 9.99032E-05 9.99032E-05 9.99032E-05 0.998901 9.99032E-05 9.99032E-05 9.99032E-05 9.99032E-05 9.99032E-05 9.99032E-05 9.99032E-05
9.99032E-05 9.99032E-05 9.99032E-05 9.99032E-05 9.99032E-05 9.99032E-05 9.99032E-05 9.99032E-05 9.99032E-05 9.99032E-05 0.998901 9.99032E-05
9.99032E-05 9.99032E-05 9.99032E-05 9.99032E-05 0.998901 9.99032E-05 9.99032E-05 9.99032E-05 9.99032E-05 9.99032E-05 9.99032E-05 9.99032E-05
9.99031E-05 9.99031E-05 9.99031E-05 9.99031E-05 0.998901 9.99031E-05 9.99031E-05 9.99031E-05 9.99031E-05 9.99031E-05 9.99031E-05 9.99031E-05
9.99033E-05 9.99033E-05 9.99033E-05 9.99033E-05 0.998901 9.99033E-05 9.99033E-05 9.99033E-05 9.99033E-05 9.99033E-05 9.99033E-05 9.99033E-05
9.99032E-05 9.99032E-05 9.99032E-05 9.99032E-05 9.99032E-05 9.99032E-05 9.99032E-05 9.99032E-05 9.99032E-05 9.99032E-05 0.998901 9.99032E-05
9.99032E-05 9.99032E-05 9.99032E-05 9.99032E-05 0.998901 9.99032E-05 9.99032E-05 9.99032E-05 9.99032E-05 9.99032E-05 9.99032E-05 9.99032E-05
9.99032E-05 9.99032E-05 9.99032E-05 9.99032E-05 0.998901 9.99032E-05 9.99032E-05 9.99032E-05 9.99032E-05 9.99032E-05 9.99032E-05 9.99032E-05
9.99032E-05 9.99032E-05 9.99032E-05 9.99032E-05 9.99032E-05 9.99032E-05 9.99032E-05 9.99032E-05 9.99032E-05 9.99032E-05 0.998901 9.99032E-05
9.99032E-05 9.99032E-05 9.99032E-05 9.99032E-05 9.99032E-05 9.99032E-05 9.99032E-05 9.99032E-05 9.99032E-05 9.99032E-05 0.998901 9.99032E-05
9.99032E-05 9.99032E-05 9.99032E-05 9.99032E-05 9.99032E-05 9.99032E-05 9.99032E-05 9.99032E-05 9.99032E-05 9.99032E-05 0.998901 9.99032E-05
9.99032E-05 9.99032E-05 9.99032E-05 9.99032E-05 0.998901 9.99032E-05 9.99032E-05 9.99032E-05 9.99032E-05 9.99032E-05 9.99032E-05 9.99032E-05
9.99032E-05 9.99032E-05 9.99032E-05 9.99032E-05 0.998901 9.99032E-05 9.99032E-05 9.99032E-05 9.99032E-05 9.99032E-05 9.99032E-05 9.99032E-05
9.99032E-05 9.99032E-05 9.99032E-05 9.99032E-05 9.99032E-05 9.99032E-05 9.99032E-05 9.99032E-05 9.99032E-05 9.99032E-05 0.998901 9.99032E-05
9.99031E-05 9.99031E-05 9.99031E-05 9.99031E-05 9.99031E-05 9.99031E-05 9.99031E-05 9.99031E-05 9.99031E-05 9.99031E-05 0.998901 9.99031E-05
0.0947466 0.37004 9.9956E-05 9.9956E-05 0.132397 9.9956E-05 0.105708 9.9956E-05 9.9956E-05 0.0795272 0.150336 0.0667466
9.99032E-05 9.99032E-05 9.99032E-05 9.99032E-05 9.99032E-05 9.99032E-05 9.99032E-05 9.99032E-05 9.99032E-05 9.99032E-05 0.998901 9.99032E-05
9.99033E-05 9.99033E-05 9.99033E-05 9.99033E-05 0.998901 9.99033E-05 9.99033E-05 9.99033E-05 9.99033E-05 9.99033E-05 9.99033E-05 9.99033E-05
9.99031E-05 9.99031E-05 9.99031E-05 9.99031E-05 9.99031E-05 9.99031E-05 9.99031E-05 9.99031E-05 9.99031E-05 9.99031E-05 0.998901 9.99031E-05
9.99031E-05 9.99031E-05 9.99031E-05 9.99031E-05 9.99031E-05 9.99031E-05 9.99031E-05 9.99031E-05 9.99031E-05 9.99031E-05 0.998901 9.99031E-05
9.99032E-05 9.99032E-05 9.99032E-05 9.99032E-05 9.99032E-05 9.99032E-05 9.99032E-05 9.99032E-05 9.99032E-05 9.99032E-05 0.998901 9.99032E-05
9.99032E-05 9.99032E-05 9.99032E-05 9.99032E-05 0.998901 9.99032E-05 9.99032E-05 9.99032E-05 9.99032E-05 9.99032E-05 9.99032E-05 9.99032E-05
9.99031E-05 9.99031E-05 9.99031E-05 9.99031E-05 9.99031E-05 9.99031E-05 9.99031E-05 9.99031E-05 9.99031E-05 9.99031E-05 0.998901 9.99031E-05
9.99032E-05 9.99032E-05 9.99032E-05 9.99032E-05 0.998901 9.99032E-05 9.99032E-05 9.99032E-05 9.99032E-05 9.99032E-05 9.99032E-05 9.99032E-05
9.99032E-05 9.99032E-05 9.99032E-05 9.99032E-05 9.99032E-05 9.99032E-05 9.99032E-05 9.99032E-05 9.99032E-05 9.99032E-05 0.998901 9.99032E-05
9.99032E-05 9.99032E-05 9.99032E-05 9.99032E-05 9.99032E-05 9.99032E-05 9.99032E-05 9.99032E-05 9.99032E-05 9.99032E-05 0.998901 9.99032E-05
9.99032E-05 9.99032E-05 9.99032E-05 9.99032E-05 0.998901 9.99032E-05 9.99032E-05 9.99032E-05 9.99032E-05 9.99032E-05 9.99032E-05 9.99032E-05
9.99032E-05 9.99032E-05 9.99032E-05 9.99032E-05 0.998901 9.99032E-05 9.99032E-05 9.99032E-05 9.99032E-05 9.99032E-05 9.99032E-05 9.99032E-05
9.99032E-05 9.99032E-05 9.99032E-05 9.99032E-05 0.998901 9.99032E-05 9.99032E-05 9.99032E-05 9.99032E-05 9.99032E-05 9.99032E-05 9.99032E-05
9.99032E-05 9.99032E-05 9.99032E-05 9.99032E-05 9.99032E-05 9.99032E-05 9.99032E-05 9.99032E-05 9.99032E-05 9.99032E-05 0.998901 9.99032E-05
9.99031E-05 9.99031E-05 9.99031E-05 9.99031E-05 9.99031E-05 9.99031E-05 9.99031E-05 9.99031E-05 9.99031E-05 9.99031E-05 0.998901 9.99031E-05
9.99032E-05 9.99032E-05 9.99032E-05 9.99032E-05 9.99032E-05 9.99032E-05 9.99032E-05 9.99032E-05 9.99032E-05 9.99032E-05 0.998901 9.99032E-05
9.99032E-05 9.99032E-05 9.99032E-05 9.99032E-05 9.99032E-05 9.99032E-05 9.99032E-05 9.99032E-05 9.99032E-05 9.99032E-05 0.998901 9.99032E-05
9.99032E-05 9.99032E-05 9.99032E-05 9.99032E-05 9.99032E-05 9.99032E-05 9.99032E-05 9.99032E-05 9.99032E-05 9.99032E-05 0.998901 9.99032E-05
9.99032E-05 9.99032E-05 9.99032E-05 9.99032E-05 0.998901 9.99032E-05 9.99032E-05 9.99032E-05 9.99032E-05 9.99032E-05 9.99032E-05 9.99032E-05
9.99032E-05 9.99032E-05 9.99032E-05 9.99032E-05 0.998901 9.99032E-05 9.99032E-05 9.99032E-05 9.99032E-05 9.99032E-05 9.99032E-05 9.99032E-05
9.99033E-05 9.99033E-05 9.99033E-05 9.99033E-05 0.998901 9.99033E-05 9.99033E-05 9.99033E-05 9.99033E-05 9.99033E-05 9.99033E-05 9.99033E-05
9.99031E-05 9.99031E-05 9.99031E-05 9.99031E-05 9.99031E-05 9.99031E-05 9.99031E-05 9.99031E-05 9.99031E-05 9.99031E-05 0.998901 9.99031E-05
9.99032E-05 9.99032E-05 9.99032E-05 9.99032E-05 0.998901 9.99032E-05 9.99032E-05 9.99032E-05 9.99032E-05 9.99032E-05 9.99032E-05 9.99032E-05
9.99032E-05 9.99032E-05 9.99032E-05 9.99032E-05 0.998901 9.99032E-05 9.99032E-05 9.99032E-05 9.99032E-05 9.99032E-05 9.99032E-05 9.99032E-05
9.99032E-05 9.99032E-05 9.99032E-05 9.99032E-05 0.998901 9.99032E-05 9.99032E-05 9.99032E-05 9.99032E-05 9.99032E-05 9.99032E-05 9.99032E-05
9.99032E-05 9.99032E-05 9.99032E-05 9.99032E-05 0.998901 9.99032E-05 9.99032E-05 9.99032E-05 9.99032E-05 9.99032E-05 9.99032E-05 9.99032E-05
9.99031E-05 9.99031E-05 9.99031E-05 9.99031E-05 9.99031E-05 9.99031E-05 9.99031E-05 9.99031E-05 9.99031E-05 9.99031E-05 0.998901 9.99031E-05
9.99033E-05 9.99033E-05 9.99033E-05 9.99033E-05 0.998901 9.99033E-05 9.99033E-05 9.99033E-05 9.99033E-05 9.99033E-05 9.99033E-05 9.99033E-05
9.99032E-05 9.99032E-05 9.99032E-05 9.99032E-05 0.998901 9.99032E-05 9.99032E-05 9.99032E-05 9.99032E-05 9.99032E-05 9.99032E-05 9.99032E-05
0.0538396 0.310239 9.99648E-05 0.0448975 0.193496 9.99648E-05 0.11169 9.99648E-05 9.99648E-05 0.0842946 0.146362 0.0547823
9.99032E-05 9.99032E-05 9.99032E-05 9.99032E-05 9.99032E-05 9.99032E-05 9.99032E-05 9.99032E-05 9.99032E-05 9.99032E-05 0.998901 9.99032E-05
9.99033E-05 9.99033E-05 9.99033E-05 9.99033E-05 0.998901 9.99033E-05 9.99033E-05 9.99033E-05 9.99033E-05 9.99033E-05 9.99033E-05 9.99033E-05
9.99032E-05 9.99032E-05 9.99032E-05 9.99032E-05 0.998901 9.99032E-05 9.99032E-05 9.99032E-05 9.99032E-05 9.99032E-05 9.99032E-05 9.99032E-05
9.99032E-05 9.99032E-05 9.99032E-05 9.99032E-05 0.998901 9.99032E-05 9.99032E-05 9.99032E-05 9.99032E-05 9.99032E-05 9.99032E-05 9.99032E-05
9.99032E-05 9.99032E-05 9.99032E-05 9.99032E-05 0.998901 9.99032E-05 9.99032E-05 9.99032E-05 9.99032E-05 9.99032E-05 9.99032E-05 9.99032E-05
9.99032E-05 9.99032E-05 9.99032E-05 9.99032E-05 9.99032E-05 9.99032E-05 9.99032E-05 9.99032E-05 9.99032E-05 9.99032E-05 0.998901 9.99032E-05
9.99121E-05 9.99121E-05 9.99121E-05 9.99121E-05 0.980836 9.99121E-05 9.99121E-05 9.99121E-05 9.99121E-05 9.99121E-05 0.0181649 9.99121E-05
9.99032E-05 9.99032E-05 9.99032E-05 9.99032E-05 9.99032E-05 9.99032E-05 9.99032E-05 9.99032E-05 9.99032E-05 9.99032E-05 0.998901 9.99032E-05
9.99032E-05 9.99032E-05 9.99032E-05 9.99032E-05 0.998901 9.99032E-05 9.99032E-05 9.99032E-05 9.99032E-05 9.99032E-05 9.99032E-05 9.99032E-05
9.99032E-05 9.99032E-05 9.99032E-05 9.99032E-05 9.99032E-05 9.99032E-05 9.99032E-05 9.99032E-05 9.99032E-05 9.99032E-05 0.998901 9.99032E-05
9.99032E-05 9.99032E-05 9.99032E-05 9.99032E-05 0.998901 9.99032E-05 9.99032E-05 9.99032E-05 9.99032E-05 9.99032E-05 9.99032E-05 9.99032E-05
9.99032E-05 9.99032E-05 9.99032E-05 9.99032E-05 0.998901 9.99032E-05 9.99032E-05 9.99032E-05 9.99032E-05 9.99032E-05 9.99032E-05 9.99032E-05
9.99033E-05 9.99033E-05 9.99033E-05 9.99033E-05 0.998901 9.99033E-05 9.99033E-05 9.99033E-05 9.99033E-05 9.99033E-05 9.99033E-05 9.99033E-05
9.99032E-05 9.99032E-05 9.99032E-05 9.99032E-05 0.998901 9.99032E-05 9.99032E-05 9.99032E-05 9.99032E-05 9.99032E-05 9.99032E-05 9.99032E-05
9.99033E-05 9.99033E-05 9.99033E-05 9.99033E-05 0.998901 9.99033E-05 9.99033E-05 9.99033E-05 9.99033E-05 9.99033E-05 9.99033E-05 9.99033E-05
9.99032E-05 9.99032E-05 9.99032E-05 9.99032E-05 0.998901 9.99032E-05 9.99032E-05 9.99032E-05 9.99032E-05 9.99032E-05 9.99032E-05 9.99032E-05
9.99032E-05 9.99032E-05 9.99032E-05 9.99032E-05 9.99032E-05 9.99032E-05 9.99032E-05 9.99032E-05 9.99032E-05 9.99032E-05 0.998901 9.99032E-05
9.99031E-05 9.99031E-05 9.99031E-05 9.99031E-05 9.99031E-05 9.99031E-05 9.99031E-05 9.99031E-05 9.99031E-05 9.99031E-05 0.998901 9.99031E-05
9.99032E-05 9.99032E-05 9.99032E-05 9.99032E-05 9.99032E-05 9.99032E-05 9.99032E-05 9.99032E-05 9.99032E-05 9.99032E-05 0.998901 9.99032E-05
9.99032E-05 9.99032E-05 9.99032E-05 9.99032E-05 0.998901 9.99032E-05 9.99032E-05 9.99032E-05 9.99032E-05 9.99032E-05 9.99032E-05 9.99032E-05
9.99032E-05 9.99032E-05 9.99032E-05 9.99032E-05 9.99032E-05 9.99032E-05 9.99032E-05 9.99032E-05 9.99032E-05 9.99032E-05 0.998901 9.99032E-05
9.99032E-05 9.99032E-05 9.99032E-05 9.99032E-05 9.99032E-05 9.99032E-05 9.99032E-05 9.99032E-05 9.99032E-05 9.99032E-05 0.998901 9.99032E-05
9.99032E-05 9.99032E-05 9.99032E-05 9.99032E-05 9.99032E-05 9.99032E-05 9.99032E-05 9.99032E-05 9.99032E-05 9.99032E-05 0.998901 9.99032E-05
9.99032E-05 9.99032E-05 9.99032E-05 9.99032E-05 0.998901 9.99032E-05 9.99032E-05 9.99032E-05 9.99032E-05 9.99032E-05 9.99032E-05 9.99032E-05
9.99032E-05 9.99032E-05 9.99032E-05 9.99032E-05 0.998901 9.99032E-05 9.99032E-05 9.99032E-05 9.99032E-05 9.99032E-05 9.99032E-05 9.99032E-05
9.99032E-05 9.99032E-05 9.99032E-05 9.99032E-05 0.998901 9.99032E-05 9.99032E-05 9.99032E-05 9.99032E-05 9.99032E-05 9.99032E-05 9.99032E-05
9.99031E-05 9.99031E-05 9.99031E-05 9.99031E-05 9.99031E-05 9.99031E-05 9.99031E-05 9.99031E-05 9.99031E-05 9.99031E-05 0.998901 9.99031E-05
9.99032E-05 9.99032E-05 9.99032E-05 9.99032E-05 0.998901 9.99032E-05 9.99032E-05 9.99032E-05 9.99032E-05 9.99032E-05 9.99032E-05 9.99032E-05
9.99031E-05 9.99031E-05 9.99031E-05 9.99031E-05 0.998901 9.99031E-05 9.99031E-05 9.99031E-05 9.99031E-05 9.99031E-05 9.99031E-05 9.99031E-05
9.99031E-05 9.99031E-05 9.99031E-05 9.99031E-05 9.99031E-05 9.99031E-05 9.99031E-05 9.99031E-05 9.99031E-05 9.99031E-05 0.998901 9.99031E-05
9.99032E-05 9.99032E-05 9.99032E-05 9.99032E-05 0.998901 9.99032E-05 9.99032E-05 9.99032E-05 9.99032E-05 9.99032E-05 9.99032E-05 9.99032E-05
9.99032E-05 9.99032E-05 9.99032E-05 9.99032E-05 0.998901 9.99032E-05 9.99032E-05 9.99032E-05 9.99032E-05 9.99032E-05 9.99032E-05 9.99032E-05
9.9956E-05 0.175943 0.124153 9.9956E-05 0.20565 0.109619 9.9956E-05 9.9956E-05 0.0254226 0.104337 0.254377 9.9956E-05
9.99032E-05 9.99032E-05 9.99032E-05 9.99032E-05 9.99032E-05 9.99032E-05 9.99032E-05 9.99032E-05 9.99032E-05 9.99032E-05 0.998901 9.99032E-05
9.99032E-05 9.99032E-05 9.99032E-05 9.99032E-05 0.998901 9.99032E-05 9.99032E-05 9.99032E-05 9.99032E-05 9.99032E-05 9.99032E-05 9.99032E-05
9.99561E-05 0.251371 9.99561E-05 9.99561E-05 0.518838 0.0658388 0.0181713 9.99561E-05 0.0209718 9.99561E-05 0.0196312 0.104678
0.0565502 0.292637 9.99561E-05 9.99561E-05 0.286172 9.99561E-05 0.00620717 9.99561E-05 9.99561E-05 0.149129 0.192558 0.016247
9.99297E-05 0.385897 9.99297E-05 9.99297E-05 0.189616 9.99297E-05 9.99297E-05 9.99297E-05 9.99297E-05 9.99297E-05 0.385826 0.0378613
9.99384E-05 0.599089 0.0626671 9.99384E-05 9.99384E-05 9.99384E-05 9.99384E-05 9.99384E-05 0.0764547 0.0275816 0.233508 9.99384E-05
9.99385E-05 0.304133 9.99385E-05 0.0121003 0.316145 9.99385E-05 9.99385E-05 9.99385E-05 9.99385E-05 0.053041 0.313882 9.99385E-05
9.99387E-05 0.858054 9.99387E-05 0.0185525 0.0959164 9.99387E-05 9.99387E-05 0.0264635 9.99387E-05 9.99387E-05 0.000313916 9.99387E-05
0.0455927 0.238288 9.99561E-05 9.99561E-05 0.353475 0.0482121 9.99561E-05 9.99561E-05 9.99561E-05 0.00209115 0.297975 0.0138671
9.9956E-05 0.453637 0.119842 9.9956E-05 0.203048 0.0631017 0.025081 9.9956E-05 9.9956E-05 9.9956E-05 0.108696 0.0260943
9.9921E-05 0.754903 9.9921E-05 9.9921E-05 0.207792 9.9921E-05 9.9921E-05 9.9921E-05 9.9921E-05 9.9921E-05 0.0364055 9.9921E-05
0.124147 0.616517 9.99297E-05 9.99297E-05 9.99297E-05 9.99297E-05 9.99297E-05 9.99297E-05 9.99297E-05 9.99297E-05 0.16388 0.094656
9.99298E-05 0.629917 9.99298E-05 9.99298E-05 0.0586639 0.090852 9.99298E-05 9.99298E-05 9.99298E-05 9.99298E-05 0.219767 9.99298E-05
9.99209E-05 0.32659 9.99209E-05 9.99209E-05 0.61478 9.99209E-05 9.99209E-05 9.99209E-05 9.99209E-05 9.99209E-05 0.0577306 9.99209E-05
9.99473E-05 0.185142 0.102941 0.0228148 0.265694 9.99473E-05 9.99473E-05 9.99473E-05 0.073809 9.99473E-05 0.348999 9.99473E-05
9.99384E-05 0.60902 0.154918 9.99384E-05 0.13458 9.99384E-05 0.054845 9.99384E-05 9.99384E-05 9.99384E-05 0.0459372 9.99384E-05
9.99296E-05 0.475547 9.99296E-05 9.99296E-05 0.190234 0.0245546 9.99296E-05 9.99296E-05 9.99296E-05 9.99296E-05 0.308865 9.99296E-05
0.0481855 0.270784 9.99473E-05 0.117321 0.294513 0.0588591 9.99473E-05 9.99473E-05 9.99473E-05 9.99473E-05 0.209738 9.99473E-05
9.99561E-05 0.671259 0.0115536 0.0999577 0.134713 9.99561E-05 0.0194747 9.99561E-05 9.99561E-05 9.99561E-05 0.034619 0.0279232
9.9956E-05 0.263346 0.00907994 0.0135349 0.0407575 0.097913 9.9956E-05 9.9956E-05 0.0956206 9.9956E-05 0.479248 9.9956E-05
9.99472E-05 0.442918 9.99472E-05 0.222547 0.147056 0.0293477 0.0644462 9.99472E-05 9.99472E-05 0.0930858 9.99472E-05 9.99472E-05
0.0515284 0.429479 9.99385E-05 9.99385E-05 0.179592 9.99385E-05 9.99385E-05 9.99385E-05 9.99385E-05 9.99385E-05 0.292285 0.0464163
0.13092 0.500285 9.99472E-05 0.0270965 0.132787 9.99472E-05 9.99472E-05 9.99472E-05 9.99472E-05 0.100332 0.10798 9.99472E-05
0.0675861 0.626441 9.99297E-05 9.99297E-05 0.273451 9.99297E-05 9.99297E-05 9.99297E-05 0.0317225 9.99297E-05 9.99297E-05 9.99297E-05
9.9956E-05 0.369525 0.00665554 9.9956E-05 0.175761 0.0325516 9.9956E-05 9.9956E-05 0.176283 0.0295239 0.2092 9.9956E-05
0.0248324 0.530877 0.0298933 9.9956E-05 0.231668 0.0190814 9.9956E-05 9.9956E-05 9.9956E-05 0.0167669 0.146381 9.9956E-05
9.99472E-05 0.669406 0.150796 9.99472E-05 0.0669849 9.99472E-05 0.034416 9.99472E-05 9.99472E-05 0.0346172 0.0431799 9.99472E-05
9.99211E-05 0.949342 9.99211E-05 0.0461829 0.00357606 9.99211E-05 9.99211E-05 9.99211E-05 9.99211E-05 9.99211E-05 9.99211E-05 9.99211E-05
0.141756 0.567654 9.99472E-05 0.0190426 0.0985651 9.99472E-05 9.99472E-05 9.99472E-05 9.99472E-05 9.99472E-05 0.144728 0.0276544
9.99297E-05 0.262593 9.99297E-05 9.99297E-05 0.278149 9.99297E-05 9.99297E-05 9.99297E-05 9.99297E-05 9.99297E-05 0.315764 0.142694
9.99384E-05 0.698436 0.0821585 9.99384E-05 9.99384E-05 9.99384E-05 9.99384E-05 9.99384E-05 0.0951165 0.0444135 0.0791757 9.99384E-05
9.99385E-05 0.466286 0.0978922 9.99385E-05 0.269189 9.99385E-05 9.99385E-05 9.99385E-05 9.99385E-05 0.0579794 0.107954 9.99385E-05
0.10199 0.292817 9.99385E-05 0.029815 0.389173 9.99385E-05 9.99385E-05 9.99385E-05 9.99385E-05 9.99385E-05 0.185506 9.99385E-05
9.99385E-05 0.560217 9.99385E-05 0.0159655 0.268158 0.0143184 9.99385E-05 9.99385E-05 9.99385E-05 9.99385E-05 0.140642 9.99385E-05
0.0670356 0.382736 9.99385E-05 0.162184 0.21079 9.99385E-05 9.99385E-05 9.99385E-05 9.99385E-05 9.99385E-05 0.176554 9.99385E-05
0.0756083 0.415175 0.0451577 9.99473E-05 0.245765 0.0264093 9.99473E-05 9.99473E-05 9.99473E-05 9.99473E-05 0.191286 9.99473E-05
0.0214859 0.388904 0.0927595 9.9956E-05 0.16917 0.120469 0.000202223 9.9956E-05 9.9956E-05 9.9956E-05 0.20651 9.9956E-05
0.0212512 0.571751 9.99385E-05 9.99385E-05 0.115 9.99385E-05 0.0080064 9.99385E-05 9.99385E-05 9.99385E-05 0.283292 9.99385E-05
9.99122E-05 0.96321 9.99122E-05 9.99122E-05 9.99122E-05 9.99122E-05 9.99122E-05 9.99122E-05 9.99122E-05 9.99122E-05 0.0357913 9.99122E-05
9.9956E-05 0.377965 9.9956E-05 0.0652623 0.0100735 0.117001 0.120783 9.9956E-05 0.0153545 9.9956E-05 0.29306 9.9956E-05
9.99473E-05 0.6449 9.99473E-05 9.99473E-05 0.0598823 0.134727 9.99473E-05 9.99473E-05 0.0764656 0.0207719 0.0626528 9.99473E-05
0.267349 0.386873 9.99297E-05 9.99297E-05 0.198337 9.99297E-05 9.99297E-05 9.99297E-05 9.99297E-05 9.99297E-05 0.146642 9.99297E-05
0.0428488 0.47751 0.045379 9.99472E-05 0.109204 9.99472E-05 9.99472E-05 9.99472E-05 9.99472E-05 0.0372803 0.287178 9.99472E-05
0.0914692 0.552413 9.99473E-05 9.99473E-05 0.128128 9.99473E-05 9.99473E-05 9.99473E-05 9.99473E-05 0.0131607 0.0937148 0.120514
0.128577 0.336684 9.99385E-05 9.99385E-05 0.289372 9.99385E-05 9.99385E-05 9.99385E-05 9.99385E-05 9.99385E-05 0.133821 0.110847
9.99385E-05 0.27183 0.0272221 0.0893051 0.503993 9.99385E-05 9.99385E-05 9.99385E-05 9.99385E-05 9.99385E-05 0.10695 9.99385E-05
9.99385E-05 0.179246 0.0172963 0.0388821 0.394512 9.99385E-05 9.99385E-05 9.99385E-05 9.99385E-05 9.99385E-05 0.369364 9.99385E-05
0.0156287 0.527094 0.0278564 9.9956E-05 0.195628 0.0148133 9.9956E-05 9.9956E-05 9.9956E-05 0.108371 0.110109 9.9956E-05
9.99033E-05 0.998901 9.99033E-05 9.99033E-05 9.99033E-05 9.99033E-05 9.99033E-05 9.99033E-05 9.99033E-05 9.99033E-05 9.99033E-05 9.99033E-05
0.0899436 0.613781 9.99472E-05 9.99472E-05 0.220033 0.0597373 9.99472E-05 9.99472E-05 0.00289587 9.99472E-05 0.0130095 9.99472E-05
0.029984 0.965845 9.9921E-05 9.9921E-05 9.9921E-05 9.9921E-05 9.9921E-05 9.9921E-05 9.9921E-05 9.9921E-05 0.00327151 9.9921E-05
9.99561E-05 0.260493 0.000360044 0.221463 0.212788 9.99561E-05 0.055769 9.99561E-05 0.0695308 9.99561E-05 0.179096 9.99561E-05
9.99298E-05 0.880666 9.99298E-05 9.99298E-05 0.00376515 9.99298E-05 9.99298E-05 9.99298E-05 9.99298E-05 0.0739409 0.0408285 9.99298E-05
9.99209E-05 0.616082 9.99209E-05 9.99209E-05 9.99209E-05 0.0904923 9.99209E-05 9.99209E-05 9.99209E-05 9.99209E-05 0.292526 9.99209E-05
0.16332 0.27203 9.99384E-05 0.24202 9.99384E-05 0.0526805 9.99384E-05 9.99384E-05 9.99384E-05 9.99384E-05 0.269251 9.99384E-05
9.99297E-05 0.395439 9.99297E-05 0.279765 0.172517 9.99297E-05 9.99297E-05 9.99297E-05 9.99297E-05 9.99297E-05 0.151481 9.99297E-05
0.196517 0.609354 9.9956E-05 9.9956E-05 0.122321 9.9956E-05 0.0243473 9.9956E-05 9.9956E-05 0.00836953 0.0203263 0.0182651
9.99297E-05 0.531257 9.99297E-05 9.99297E-05 0.376695 9.99297E-05 9.99297E-05 9.99297E-05 9.99297E-05 9.99297E-05 0.0829544 0.00829437
9.99387E-05 0.656521 0.00885058 0.120689 9.99387E-05 0.0151607 9.99387E-05 9.99387E-05 9.99387E-05 9.99387E-05 0.198079 9.99387E-05
9.99297E-05 0.755462 9.99297E-05 0.00282756 0.228124 0.0127868 9.99297E-05 9.99297E-05 9.99297E-05 9.99297E-05 9.99297E-05 9.99297E-05
9.9921E-05 0.541517 9.9921E-05 9.9921E-05 0.206936 9.9921E-05 9.9921E-05 9.9921E-05 9.9921E-05 9.9921E-05 0.250648 9.9921E-05
9.99298E-05 0.417063 9.99298E-05 0.15434 0.259322 9.99298E-05 9.99298E-05 9.99298E-05 9.99298E-05 9.99298E-05 0.168475 9.99298E-05
9.99035E-05 0.998901 9.99035E-05 9.99035E-05 9.99035E-05 9.99035E-05 9.99035E-05 9.99035E-05 9.99035E-05 9.99035E-05 9.99035E-05 9.99035E-05
9.99123E-05 0.892715 9.99123E-05 9.99123E-05 0.106286 9.99123E-05 9.99123E-05 9.99123E-05 9.99123E-05 9.99123E-05 9.99123E-05 9.99123E-05
9.99212E-05 0.848605 9.99212E-05 9.99212E-05 9.99212E-05 9.99212E-05 9.99212E-05 0.035922 9.99212E-05 9.99212E-05 0.114574 9.99212E-05
9.99297E-05 0.587232 9.99297E-05 9.99297E-05 0.131233 0.0837418 9.99297E-05 9.99297E-05 9.99297E-05 9.99297E-05 0.196994 9.99297E-05
9.99384E-05 0.534373 9.99384E-05 9.99384E-05 0.222008 0.0232951 9.99384E-05 9.99384E-05 9.99384E-05 0.111439 0.108185 9.99384E-05
9.99298E-05 0.664606 9.99298E-05 9.99298E-05 0.302403 9.99298E-05 9.99298E-05 9.99298E-05 0.029787 9.99298E-05 0.00240504 9.99298E-05
9.99211E-05 0.893556 9.99211E-05 9.99211E-05 0.060551 9.99211E-05 9.99211E-05 9.99211E-05 9.99211E-05 9.99211E-05 0.0449941 9.99211E-05
9.99298E-05 0.34478 9.99298E-05 9.99298E-05 0.320477 9.99298E-05 9.99298E-05 9.99298E-05 9.99298E-05 0.0697476 0.264196 9.99298E-05
9.99384E-05 0.453585 9.99384E-05 9.99384E-05 0.0449984 0.084802 9.99384E-05 9.99384E-05 9.99384E-05 0.0396603 0.376254 9.99384E-05
9.99211E-05 0.761201 9.99211E-05 0.223775 9.99211E-05 9.99211E-05 9.99211E-05 9.99211E-05 9.99211E-05 9.99211E-05 0.0141248 9.99211E-05
