9.98858E-05 0.434793 0.0781515 9.98858E-05 9.98858E-05 9.98858E-05 0.132529 9.98858E-05 9.98858E-05 9.98858E-05 9.98858E-05 0.0410999 0.0322151 9.98858E-05 9.98858E-05 0.279913 9.98858E-05 9.98858E-05 9.98858E-05
9.98859E-05 0.847879 0.00754253 9.98859E-05 9.98859E-05 9.98859E-05 0.0109317 0.00237645 9.98859E-05 9.98859E-05 9.98859E-05 0.125491 0.00448163 9.98859E-05 9.98859E-05 9.98859E-05 9.98859E-05 9.98859E-05 9.98859E-05
9.98595E-05 9.98595E-05 9.98595E-05 9.98595E-05 9.98595E-05 9.98595E-05 9.98595E-05 9.98595E-05 9.98595E-05 9.98595E-05 9.98595E-05 9.98595E-05 0.0241442 0.962027 9.98595E-05 9.98595E-05 0.0122313 9.98595E-05 9.98595E-05
9.99298E-05 0.197101 0.0698699 0.287775 9.99298E-05 0.0669893 0.169211 9.99298E-05 0.0114483 9.99298E-05 9.99298E-05 0.00367612 0.0468749 0.0952277 9.99298E-05 0.036645 9.99298E-05 0.0143819 9.99298E-05
9.98509E-05 0.826773 9.98509E-05 9.98509E-05 9.98509E-05 9.98509E-05 9.98509E-05 0.17153 9.98509E-05 9.98509E-05 9.98509E-05 9.98509E-05 9.98509E-05 9.98509E-05 9.98509E-05 9.98509E-05 9.98509E-05 9.98509E-05 9.98509E-05
9.99035E-05 9.99035E-05 0.0484172 9.99035E-05 9.99035E-05 0.173383 0.0356647 0.149692 9.99035E-05 9.99035E-05 9.99035E-05 0.0498003 9.99035E-05 0.332869 9.99035E-05 0.106142 9.99035E-05 0.102933 9.99035E-05
9.98948E-05 0.345144 0.189573 0.108917 0.177105 9.98948E-05 9.98948E-05 9.98948E-05 9.98948E-05 9.98948E-05 9.98948E-05 0.0719996 0.0417958 9.98948E-05 9.98948E-05 9.98948E-05 9.98948E-05 0.064267 9.98948E-05
9.9921E-05 0.0724634 9.9921E-05 0.00741285 0.0306608 0.157954 9.9921E-05 0.121543 9.9921E-05 9.9921E-05 9.9921E-05 9.9921E-05 9.9921E-05 0.13537 0.167755 0.244008 0.00780782 0.0541252 9.9921E-05
9.98771E-05 9.98771E-05 0.155376 9.98771E-05 9.98771E-05 0.245329 9.98771E-05 0.0331858 9.98771E-05 0.261005 9.98771E-05 9.98771E-05 9.98771E-05 0.303706 9.98771E-05 9.98771E-05 9.98771E-05 9.98771E-05 9.98771E-05
9.98507E-05 0.934959 0.063344 9.98507E-05 9.98507E-05 9.98507E-05 9.98507E-05 9.98507E-05 9.98507E-05 9.98507E-05 9.98507E-05 9.98507E-05 9.98507E-05 9.98507E-05 9.98507E-05 9.98507E-05 9.98507E-05 9.98507E-05 9.98507E-05
9.98771E-05 0.554202 0.209774 9.98771E-05 9.98771E-05 0.00889761 9.98771E-05 9.98771E-05 9.98771E-05 9.98771E-05 9.98771E-05 9.98771E-05 0.143505 9.98771E-05 9.98771E-05 0.0822234 9.98771E-05 9.98771E-05 9.98771E-05
9.9842E-05 9.9842E-05 9.9842E-05 9.9842E-05 9.9842E-05 9.9842E-05 9.9842E-05 9.9842E-05 9.9842E-05 9.9842E-05 9.9842E-05 9.9842E-05 9.9842E-05 0.998203 9.9842E-05 9.9842E-05 9.9842E-05 9.9842E-05 9.9842E-05
9.98772E-05 0.883493 0.0226066 9.98772E-05 9.98772E-05 9.98772E-05 0.0295613 9.98772E-05 9.98772E-05 9.98772E-05 9.98772E-05 9.98772E-05 9.98772E-05 9.98772E-05 9.98772E-05 9.98772E-05 0.0606987 0.00224198 9.98772E-05
9.9886E-05 0.690757 0.0199419 9.9886E-05 9.9886E-05 9.9886E-05 9.9886E-05 9.9886E-05 0.109022 9.9886E-05 9.9886E-05 9.9886E-05 0.0612168 9.9886E-05 0.0472159 9.9886E-05 9.9886E-05 9.9886E-05 0.0705473
9.98948E-05 0.215938 0.195168 9.98948E-05 9.98948E-05 0.185761 9.98948E-05 9.98948E-05 9.98948E-05 9.98948E-05 9.98948E-05 0.00718817 9.98948E-05 0.162094 9.98948E-05 0.160961 9.98948E-05 0.0716918 9.98948E-05
9.99035E-05 0.203593 0.079685 9.99035E-05 9.99035E-05 0.176686 0.161103 9.99035E-05 9.99035E-05 9.99035E-05 9.99035E-05 9.99035E-05 9.99035E-05 0.011001 0.211515 0.147534 9.99035E-05 9.99035E-05 0.00778474
0.0598105 9.98773E-05 0.00371553 0.128287 9.98773E-05 9.98773E-05 9.98773E-05 9.98773E-05 9.98773E-05 9.98773E-05 9.98773E-05 0.141998 9.98773E-05 0.664791 9.98773E-05 9.98773E-05 9.98773E-05 9.98773E-05 9.98773E-05
9.98859E-05 0.195731 0.166842 9.98859E-05 9.98859E-05 0.0450911 9.98859E-05 9.98859E-05 9.98859E-05 9.98859E-05 0.122931 9.98859E-05 9.98859E-05 9.98859E-05 9.98859E-05 0.301658 0.166448 9.98859E-05 9.98859E-05
9.98946E-05 0.217489 0.203529 9.98946E-05 9.98946E-05 0.141687 9.98946E-05 9.98946E-05 9.98946E-05 9.98946E-05 9.98946E-05 9.98946E-05 9.98946E-05 0.171253 9.98946E-05 0.0547324 9.98946E-05 0.201304 0.0088072
9.98596E-05 0.884828 9.98596E-05 9.98596E-05 9.98596E-05 9.98596E-05 0.0663059 9.98596E-05 9.98596E-05 9.98596E-05 9.98596E-05 9.98596E-05 9.98596E-05 0.0472681 9.98596E-05 9.98596E-05 9.98596E-05 9.98596E-05 9.98596E-05
9.9921E-05 0.120373 0.0358653 0.0875594 9.9921E-05 0.101065 9.9921E-05 0.00934024 9.9921E-05 0.0205836 0.00285495 9.9921E-05 0.0633009 0.421333 0.136825 9.9921E-05 9.9921E-05 9.9921E-05 9.9921E-05
9.99035E-05 9.99035E-05 9.99035E-05 9.99035E-05 0.00345429 0.18863 9.99035E-05 0.121321 9.99035E-05 9.99035E-05 9.99035E-05 0.0607209 9.99035E-05 0.327042 9.99035E-05 0.163516 9.99035E-05 0.115674 0.0185419
9.98772E-05 0.625596 0.200167 9.98772E-05 9.98772E-05 9.98772E-05 9.98772E-05 9.98772E-05 9.98772E-05 9.98772E-05 9.98772E-05 9.98772E-05 0.0893358 0.0475563 9.98772E-05 0.0359472 9.98772E-05 9.98772E-05 9.98772E-05
9.9877E-05 0.426038 0.272247 9.9877E-05 9.9877E-05 9.9877E-05 9.9877E-05 9.9877E-05 9.9877E-05 0.0723949 9.9877E-05 9.9877E-05 9.9877E-05 9.9877E-05 0.0358683 0.192053 9.9877E-05 9.9877E-05 9.9877E-05
9.99034E-05 0.239782 0.317778 9.99034E-05 9.99034E-05 0.0782567 0.174372 9.99034E-05 9.99034E-05 0.0168225 9.99034E-05 9.99034E-05 0.0499803 0.0409732 9.99034E-05 9.99034E-05 9.99034E-05 9.99034E-05 0.0809372
9.98771E-05 0.0309935 0.121254 0.0363153 9.98771E-05 0.0232866 9.98771E-05 9.98771E-05 9.98771E-05 9.98771E-05 9.98771E-05 9.98771E-05 9.98771E-05 0.786752 9.98771E-05 9.98771E-05 9.98771E-05 9.98771E-05 9.98771E-05
9.99034E-05 0.0667762 0.191244 9.99034E-05 9.99034E-05 0.115729 9.99034E-05 9.99034E-05 0.0617555 0.0181974 9.99034E-05 9.99034E-05 9.99034E-05 9.99034E-05 0.110198 0.332995 0.102005 9.99034E-05 9.99034E-05
9.98685E-05 0.731351 0.0442162 0.201841 9.98685E-05 9.98685E-05 9.98685E-05 9.98685E-05 9.98685E-05 9.98685E-05 9.98685E-05 9.98685E-05 9.98685E-05 9.98685E-05 9.98685E-05 9.98685E-05 9.98685E-05 0.0210935 9.98685E-05
9.98684E-05 0.680155 0.290751 9.98684E-05 9.98684E-05 9.98684E-05 9.98684E-05 9.98684E-05 9.98684E-05 0.022212 9.98684E-05 9.98684E-05 0.00538432 9.98684E-05 9.98684E-05 9.98684E-05 9.98684E-05 9.98684E-05 9.98684E-05
9.98948E-05 0.403901 0.0269609 9.98948E-05 0.00686186 0.0251916 9.98948E-05 9.98948E-05 0.0161895 0.0674131 9.98948E-05 9.98948E-05 9.98948E-05 0.452284 9.98948E-05 9.98948E-05 9.98948E-05 9.98948E-05 9.98948E-05
9.99297E-05 0.612512 0.0206797 9.99297E-05 9.99297E-05 0.0951367 0.0497338 9.99297E-05 9.99297E-05 0.00531239 9.99297E-05 9.99297E-05 0.00929387 0.0277097 9.99297E-05 0.0714387 0.00928305 0.0470262 0.0510741
9.99123E-05 0.0848241 0.0941129 0.0296641 9.99123E-05 0.00278369 9.99123E-05 9.99123E-05 0.111719 9.99123E-05 9.99123E-05 9.99123E-05 0.06772 0.530921 9.99123E-05 0.0353882 9.99123E-05 0.0418676 9.99123E-05
9.98858E-05 0.346639 0.172489 9.98858E-05 9.98858E-05 9.98858E-05 9.98858E-05 9.98858E-05 9.98858E-05 9.98858E-05 9.98858E-05 9.98858E-05 0.128409 0.175272 0.0951131 0.0807798 9.98858E-05 9.98858E-05 9.98858E-05
9.99122E-05 9.99122E-05 0.142409 0.0498104 9.99122E-05 9.99122E-05 0.0085911 0.0268494 0.10353 0.0275343 9.99122E-05 9.99122E-05 0.0365996 0.556596 9.99122E-05 9.99122E-05 0.0470817 9.99122E-05 9.99122E-05
9.98685E-05 0.815871 9.98685E-05 9.98685E-05 9.98685E-05 9.98685E-05 0.106116 9.98685E-05 9.98685E-05 9.98685E-05 9.98685E-05 0.0591328 0.0173827 9.98685E-05 9.98685E-05 9.98685E-05 9.98685E-05 9.98685E-05 9.98685E-05
9.9886E-05 9.9886E-05 9.9886E-05 0.0699898 9.9886E-05 9.9886E-05 9.9886E-05 9.9886E-05 9.9886E-05 0.0608846 9.9886E-05 0.0835888 0.0136063 0.710522 9.9886E-05 0.0601103 9.9886E-05 9.9886E-05 9.9886E-05
9.98686E-05 0.506482 9.98686E-05 9.98686E-05 9.98686E-05 9.98686E-05 9.98686E-05 9.98686E-05 9.98686E-05 9.98686E-05 9.98686E-05 0.0557517 9.98686E-05 0.393346 9.98686E-05 9.98686E-05 9.98686E-05 0.0429223 9.98686E-05
9.9886E-05 0.555951 0.037451 9.9886E-05 9.9886E-05 0.112684 0.0467572 9.9886E-05 9.9886E-05 9.9886E-05 9.9886E-05 0.125183 9.9886E-05 0.120677 9.9886E-05 9.9886E-05 9.9886E-05 9.9886E-05 9.9886E-05
9.9886E-05 9.9886E-05 0.0544625 9.9886E-05 9.9886E-05 0.0245811 9.9886E-05 9.9886E-05 0.0593483 9.9886E-05 9.9886E-05 0.121969 9.9886E-05 0.645512 9.9886E-05 9.9886E-05 9.9886E-05 0.0928287 9.9886E-05
9.98859E-05 9.98859E-05 0.221326 9.98859E-05 0.00920753 9.98859E-05 9.98859E-05 9.98859E-05 0.0756189 9.98859E-05 9.98859E-05 9.98859E-05 9.98859E-05 0.528894 0.08618 9.98859E-05 9.98859E-05 0.0774753 9.98859E-05
9.98684E-05 9.98684E-05 0.0314673 9.98684E-05 9.98684E-05 9.98684E-05 9.98684E-05 9.98684E-05 9.98684E-05 9.98684E-05 9.98684E-05 9.98684E-05 0.0160954 0.948141 9.98684E-05 9.98684E-05 9.98684E-05 0.00279848 9.98684E-05
9.98685E-05 0.650833 0.0908765 9.98685E-05 9.98685E-05 0.0306577 9.98685E-05 9.98685E-05 9.98685E-05 9.98685E-05 9.98685E-05 9.98685E-05 9.98685E-05 9.98685E-05 9.98685E-05 0.226135 9.98685E-05 9.98685E-05 9.98685E-05
9.98595E-05 0.903501 9.98595E-05 9.98595E-05 9.98595E-05 9.98595E-05 9.98595E-05 9.98595E-05 0.0632405 9.98595E-05 9.98595E-05 9.98595E-05 9.98595E-05 9.98595E-05 9.98595E-05 9.98595E-05 9.98595E-05 0.0316609 9.98595E-05
9.98947E-05 9.98947E-05 0.226993 9.98947E-05 9.98947E-05 0.0813843 0.0144075 9.98947E-05 9.98947E-05 0.011268 9.98947E-05 9.98947E-05 0.0699326 0.503721 9.98947E-05 0.0910952 9.98947E-05 9.98947E-05 9.98947E-05
9.9886E-05 0.372264 0.218414 0.0957845 9.9886E-05 9.9886E-05 9.9886E-05 9.9886E-05 9.9886E-05 9.9886E-05 9.9886E-05 0.0303513 9.9886E-05 9.9886E-05 9.9886E-05 0.0907028 9.9886E-05 0.191185 9.9886E-05
9.98858E-05 9.98858E-05 9.98858E-05 9.98858E-05 9.98858E-05 0.00609443 9.98858E-05 0.0156374 9.98858E-05 9.98858E-05 0.0184288 0.0274008 9.98858E-05 0.873163 9.98858E-05 9.98858E-05 9.98858E-05 0.0579765 9.98858E-05
9.98596E-05 0.941863 0.0249618 0.0315774 9.98596E-05 9.98596E-05 9.98596E-05 9.98596E-05 9.98596E-05 9.98596E-05 9.98596E-05 9.98596E-05 9.98596E-05 9.98596E-05 9.98596E-05 9.98596E-05 9.98596E-05 9.98596E-05 9.98596E-05
9.98508E-05 9.98508E-05 9.98508E-05 9.98508E-05 0.00968411 9.98508E-05 9.98508E-05 9.98508E-05 9.98508E-05 9.98508E-05 9.98508E-05 9.98508E-05 9.98508E-05 0.988618 9.98508E-05 9.98508E-05 9.98508E-05 9.98508E-05 9.98508E-05
9.98947E-05 0.546568 0.282865 9.98947E-05 9.98947E-05 9.98947E-05 9.98947E-05 9.98947E-05 9.98947E-05 9.98947E-05 9.98947E-05 9.98947E-05 0.0404819 0.00616724 0.0012946 0.0680662 9.98947E-05 0.0533582 9.98947E-05
9.98949E-05 0.737467 0.0145545 9.98949E-05 0.158426 0.00313212 9.98949E-05 9.98949E-05 9.98949E-05 9.98949E-05 9.98949E-05 9.98949E-05 9.98949E-05 0.0143587 0.0113579 9.98949E-05 9.98949E-05 0.0595047 9.98949E-05
9.9921E-05 0.300341 0.304221 0.038034 9.9921E-05 0.0610732 0.134999 0.0165147 0.00848502 9.9921E-05 9.9921E-05 9.9921E-05 0.026818 9.9921E-05 0.0109809 0.0976336 9.9921E-05 9.9921E-05 9.9921E-05
9.9886E-05 0.631036 9.9886E-05 0.0235796 9.9886E-05 0.0269043 9.9886E-05 0.177571 9.9886E-05 0.0652672 9.9886E-05 9.9886E-05 9.9886E-05 9.9886E-05 0.0743436 9.9886E-05 9.9886E-05 9.9886E-05 9.9886E-05
9.98598E-05 0.955836 9.98598E-05 9.98598E-05 9.98598E-05 9.98598E-05 9.98598E-05 9.98598E-05 9.98598E-05 9.98598E-05 9.98598E-05 0.0316907 9.98598E-05 9.98598E-05 9.98598E-05 9.98598E-05 0.0108757 9.98598E-05 9.98598E-05
9.99036E-05 0.139746 0.0219121 9.99036E-05 0.027752 0.00802332 9.99036E-05 9.99036E-05 9.99036E-05 9.99036E-05 9.99036E-05 9.99036E-05 0.0306138 0.553333 0.190771 9.99036E-05 0.0267489 9.99036E-05 9.99036E-05
9.98598E-05 9.98598E-05 0.0505973 9.98598E-05 9.98598E-05 9.98598E-05 9.98598E-05 9.98598E-05 9.98598E-05 9.98598E-05 9.98598E-05 9.98598E-05 9.98598E-05 0.857925 9.98598E-05 9.98598E-05 9.98598E-05 9.98598E-05 0.0898796
9.98773E-05 9.98773E-05 9.98773E-05 9.98773E-05 9.98773E-05 9.98773E-05 0.124464 9.98773E-05 0.0276358 9.98773E-05 9.98773E-05 9.98773E-05 9.98773E-05 0.818281 9.98773E-05 0.0164612 9.98773E-05 0.0117594 9.98773E-05
9.98683E-05 9.98683E-05 0.0595861 9.98683E-05 9.98683E-05 9.98683E-05 9.98683E-05 9.98683E-05 9.98683E-05 9.98683E-05 9.98683E-05 9.98683E-05 9.98683E-05 0.830085 9.98683E-05 9.98683E-05 0.053235 0.0555959 9.98683E-05
9.98685E-05 0.839323 0.0483408 0.108023 9.98685E-05 9.98685E-05 9.98685E-05 9.98685E-05 9.98685E-05 9.98685E-05 9.98685E-05 9.98685E-05 0.00281521 9.98685E-05 9.98685E-05 9.98685E-05 9.98685E-05 9.98685E-05 9.98685E-05
9.98683E-05 0.950049 0.00223386 9.98683E-05 0.019813 9.98683E-05 9.98683E-05 0.0264066 9.98683E-05 9.98683E-05 9.98683E-05 9.98683E-05 9.98683E-05 9.98683E-05 9.98683E-05 9.98683E-05 9.98683E-05 9.98683E-05 9.98683E-05
9.98858E-05 9.98858E-05 0.201684 9.98858E-05 9.98858E-05 0.0259341 9.98858E-05 9.98858E-05 9.98858E-05 9.98858E-05 9.98858E-05 0.11721 0.0177156 9.98858E-05 9.98858E-05 0.595623 0.0405337 9.98858E-05 9.98858E-05
9.98949E-05 0.0238392 9.98949E-05 0.0451128 9.98949E-05 9.98949E-05 0.0252519 9.98949E-05 9.98949E-05 0.0466439 9.98949E-05 0.0517329 9.98949E-05 0.0205341 9.98949E-05 0.785686 9.98949E-05 9.98949E-05 9.98949E-05
9.99024E-05 9.99024E-05 9.99024E-05 9.99024E-05 0.0162657 9.99024E-05 9.99024E-05 9.99024E-05 0.0437677 9.99024E-05 9.99024E-05 0.0776444 0.0278823 0.120069 9.99024E-05 0.650179 0.0629924 9.99024E-05 9.99024E-05
9.99036E-05 9.99036E-05 0.161032 9.99036E-05 0.0979786 0.0660856 0.0446269 9.99036E-05 0.0769039 9.99036E-05 9.99036E-05 0.4189 9.99036E-05 9.99036E-05 9.99036E-05 0.118489 9.99036E-05 0.0148849 9.99036E-05
9.98946E-05 9.98946E-05 0.110082 9.98946E-05 0.0176272 0.0768141 9.98946E-05 9.98946E-05 9.98946E-05 9.98946E-05 0.0530927 9.98946E-05 9.98946E-05 9.98946E-05 9.98946E-05 0.627246 0.0485664 0.0653724 9.98946E-05
9.98769E-05 9.98769E-05 0.269154 9.98769E-05 9.98769E-05 0.035052 9.98769E-05 9.98769E-05 9.98769E-05 9.98769E-05 9.98769E-05 9.98769E-05 0.00255508 9.98769E-05 9.98769E-05 0.663634 0.028206 9.98769E-05 9.98769E-05
9.98771E-05 9.98771E-05 0.180873 0.0954376 9.98771E-05 9.98771E-05 9.98771E-05 9.98771E-05 9.98771E-05 9.98771E-05 9.98771E-05 0.40099 0.0310019 9.98771E-05 9.98771E-05 0.2903 9.98771E-05 9.98771E-05 9.98771E-05
9.98946E-05 9.98946E-05 0.177775 9.98946E-05 0.0237651 0.0490048 9.98946E-05 9.98946E-05 9.98946E-05 9.98946E-05 9.98946E-05 0.155647 9.98946E-05 9.98946E-05 9.98946E-05 0.355802 0.202431 0.0343762 9.98946E-05
9.98772E-05 9.98772E-05 9.98772E-05 9.98772E-05 9.98772E-05 9.98772E-05 9.98772E-05 9.98772E-05 0.0107648 0.0932237 9.98772E-05 0.174341 9.98772E-05 9.98772E-05 9.98772E-05 0.680982 0.0392908 9.98772E-05 9.98772E-05
9.98859E-05 9.98859E-05 0.0690586 9.98859E-05 9.98859E-05 0.0318381 9.98859E-05 9.98859E-05 9.98859E-05 9.98859E-05 9.98859E-05 0.0566253 0.0678862 0.0235142 9.98859E-05 0.749779 9.98859E-05 9.98859E-05 9.98859E-05
9.98945E-05 9.98945E-05 0.314954 9.98945E-05 9.98945E-05 0.0592144 9.98945E-05 9.98945E-05 9.98945E-05 9.98945E-05 0.00585934 9.98945E-05 0.19631 9.98945E-05 9.98945E-05 0.353756 0.0274173 0.0412895 9.98945E-05
9.99209E-05 9.99209E-05 0.114399 9.99209E-05 0.0274557 9.99209E-05 0.00376288 9.99209E-05 9.99209E-05 9.99209E-05 9.99209E-05 0.113674 0.0828902 9.99209E-05 0.0455635 0.495229 0.000838735 0.0786134 0.0366744
9.99033E-05 9.99033E-05 9.99033E-05 9.99033E-05 9.99033E-05 0.176376 0.0464881 0.0526115 9.99033E-05 9.99033E-05 9.99033E-05 0.067759 0.127754 9.99033E-05 0.0789823 0.412724 9.99033E-05 0.0362071 9.99033E-05
9.98682E-05 9.98682E-05 0.271229 9.98682E-05 9.98682E-05 9.98682E-05 9.98682E-05 9.98682E-05 9.98682E-05 9.98682E-05 9.98682E-05 0.0848933 9.98682E-05 9.98682E-05 9.98682E-05 0.560514 9.98682E-05 0.0818655 9.98682E-05
9.98949E-05 9.98949E-05 9.98949E-05 9.98949E-05 9.98949E-05 9.98949E-05 9.98949E-05 9.98949E-05 0.0799634 0.0302239 9.98949E-05 0.0630989 0.00589181 0.0441786 0.00610316 0.769342 9.98949E-05 9.98949E-05 9.98949E-05
9.98686E-05 9.98686E-05 0.0729868 9.98686E-05 9.98686E-05 0.0110688 9.98686E-05 9.98686E-05 9.98686E-05 9.98686E-05 9.98686E-05 0.0528445 9.98686E-05 9.98686E-05 9.98686E-05 0.861602 9.98686E-05 9.98686E-05 9.98686E-05
9.98858E-05 9.98858E-05 0.118303 9.98858E-05 0.062055 9.98858E-05 9.98858E-05 9.98858E-05 9.98858E-05 9.98858E-05 9.98858E-05 0.044391 9.98858E-05 9.98858E-05 9.98858E-05 0.509345 0.058008 0.206599 9.98858E-05
9.98683E-05 9.98683E-05 9.98683E-05 9.98683E-05 9.98683E-05 0.0571267 9.98683E-05 9.98683E-05 9.98683E-05 9.98683E-05 9.98683E-05 9.98683E-05 0.111657 9.98683E-05 9.98683E-05 0.644745 9.98683E-05 0.184973 9.98683E-05
9.98772E-05 9.98772E-05 0.119721 9.98772E-05 9.98772E-05 9.98772E-05 9.98772E-05 9.98772E-05 9.98772E-05 9.98772E-05 9.98772E-05 9.98772E-05 0.00460468 9.98772E-05 9.98772E-05 0.70978 0.102436 0.0620611 9.98772E-05
9.98945E-05 9.98945E-05 0.292092 9.98945E-05 0.0158383 9.98945E-05 0.00972299 9.98945E-05 9.98945E-05 9.98945E-05 9.98945E-05 0.0457288 9.98945E-05 9.98945E-05 9.98945E-05 0.546729 0.0434835 0.0452065 9.98945E-05
9.98775E-05 9.98775E-05 0.0296972 9.98775E-05 0.0771423 9.98775E-05 9.98775E-05 9.98775E-05 9.98775E-05 9.98775E-05 9.98775E-05 0.0569683 9.98775E-05 0.116846 9.98775E-05 0.717948 9.98775E-05 9.98775E-05 9.98775E-05
9.98594E-05 9.98594E-05 0.128758 9.98594E-05 9.98594E-05 9.98594E-05 9.98594E-05 9.98594E-05 9.98594E-05 9.98594E-05 9.98594E-05 9.98594E-05 9.98594E-05 9.98594E-05 9.98594E-05 0.785688 9.98594E-05 0.0839558 9.98594E-05
9.98772E-05 9.98772E-05 0.0201618 9.98772E-05 9.98772E-05 9.98772E-05 0.0125812 9.98772E-05 0.172543 9.98772E-05 9.98772E-05 0.100837 9.98772E-05 9.98772E-05 9.98772E-05 0.692478 9.98772E-05 9.98772E-05 9.98772E-05
9.98947E-05 9.98947E-05 0.101896 9.98947E-05 0.00587581 0.0555344 9.98947E-05 9.98947E-05 9.98947E-05 9.98947E-05 9.98947E-05 9.98947E-05 0.0561329 9.98947E-05 9.98947E-05 0.558512 0.015354 0.205495 9.98947E-05
9.9877E-05 9.9877E-05 0.0833572 0.000308896 9.9877E-05 9.9877E-05 9.9877E-05 9.9877E-05 9.9877E-05 9.9877E-05 9.9877E-05 9.9877E-05 0.181283 0.00607299 9.9877E-05 0.72758 9.9877E-05 9.9877E-05 9.9877E-05
9.98948E-05 9.98948E-05 0.0199717 9.98948E-05 9.98948E-05 0.0392818 0.0149301 9.98948E-05 9.98948E-05 9.98948E-05 0.0107076 0.183894 9.98948E-05 0.246764 9.98948E-05 0.483251 9.98948E-05 9.98948E-05 9.98948E-05
9.9851E-05 9.9851E-05 9.9851E-05 9.9851E-05 9.9851E-05 9.9851E-05 9.9851E-05 9.9851E-05 9.9851E-05 9.9851E-05 9.9851E-05 9.9851E-05 9.9851E-05 0.110587 9.9851E-05 0.887715 9.9851E-05 9.9851E-05 9.9851E-05
9.98774E-05 9.98774E-05 0.0908908 9.98774E-05 9.98774E-05 9.98774E-05 0.00736357 9.98774E-05 9.98774E-05 9.98774E-05 9.98774E-05 0.0848277 9.98774E-05 9.98774E-05 9.98774E-05 0.800802 9.98774E-05 0.014718 9.98774E-05
9.98772E-05 9.98772E-05 0.0755595 9.98772E-05 9.98772E-05 0.00393699 9.98772E-05 9.98772E-05 9.98772E-05 9.98772E-05 9.98772E-05 9.98772E-05 9.98772E-05 0.00928279 9.98772E-05 0.76198 0.147842 9.98772E-05 9.98772E-05
9.98949E-05 9.98949E-05 0.173403 9.98949E-05 9.98949E-05 0.0701766 0.00975508 9.98949E-05 0.0891829 9.98949E-05 9.98949E-05 0.0957447 9.98949E-05 0.165696 9.98949E-05 0.394843 9.98949E-05 9.98949E-05 9.98949E-05
9.98682E-05 9.98682E-05 0.240597 9.98682E-05 9.98682E-05 0.176139 9.98682E-05 9.98682E-05 0.576373 9.98682E-05 9.98682E-05 9.98682E-05 9.98682E-05 9.98682E-05 9.98682E-05 9.98682E-05 9.98682E-05 0.00539253 9.98682E-05
9.98598E-05 9.98598E-05 0.108179 9.98598E-05 9.98598E-05 0.0184247 9.98598E-05 9.98598E-05 0.871799 9.98598E-05 9.98598E-05 9.98598E-05 9.98598E-05 9.98598E-05 9.98598E-05 9.98598E-05 9.98598E-05 9.98598E-05 9.98598E-05
9.98945E-05 9.98945E-05 0.174071 9.98945E-05 9.98945E-05 0.0894354 9.98945E-05 0.0595683 0.544077 9.98945E-05 9.98945E-05 9.98945E-05 0.0618663 9.98945E-05 9.98945E-05 9.98945E-05 0.0289538 9.98945E-05 0.0408295
9.99033E-05 9.99033E-05 0.240329 9.99033E-05 9.99033E-05 0.136316 9.99033E-05 0.00753835 0.433217 9.99033E-05 0.0420057 9.99033E-05 0.0302734 9.99033E-05 9.99033E-05 9.99033E-05 0.104577 9.99033E-05 0.00464538
9.99032E-05 9.99032E-05 0.00952359 9.99032E-05 0.104224 0.278097 0.0103739 9.99032E-05 0.522123 0.0535068 9.99032E-05 9.99032E-05 0.00402337 9.99032E-05 9.99032E-05 9.99032E-05 0.0170296 9.99032E-05 9.99032E-05
9.9877E-05 9.9877E-05 0.208615 0.119902 9.9877E-05 0.206255 9.9877E-05 9.9877E-05 0.407689 9.9877E-05 9.9877E-05 0.0561402 9.9877E-05 9.9877E-05 9.9877E-05 9.9877E-05 9.9877E-05 9.9877E-05 9.9877E-05
9.98858E-05 9.98858E-05 0.202217 9.98858E-05 9.98858E-05 0.180988 9.98858E-05 9.98858E-05 0.48549 9.98858E-05 9.98858E-05 9.98858E-05 0.0687411 9.98858E-05 9.98858E-05 0.010884 0.0503823 9.98858E-05 9.98858E-05
9.98771E-05 9.98771E-05 0.151591 9.98771E-05 9.98771E-05 0.292622 9.98771E-05 9.98771E-05 0.468583 9.98771E-05 9.98771E-05 9.98771E-05 0.0549099 9.98771E-05 9.98771E-05 9.98771E-05 9.98771E-05 0.0308957 9.98771E-05
9.98946E-05 9.98946E-05 0.109248 9.98946E-05 9.98946E-05 0.403421 9.98946E-05 9.98946E-05 0.091926 9.98946E-05 9.98946E-05 0.268802 0.0603104 9.98946E-05 9.98946E-05 0.0115089 9.98946E-05 9.98946E-05 0.0535846
9.9877E-05 9.9877E-05 0.320048 0.0867366 9.9877E-05 0.324544 9.9877E-05 9.9877E-05 0.253894 9.9877E-05 9.9877E-05 9.9877E-05 9.9877E-05 9.9877E-05 9.9877E-05 9.9877E-05 9.9877E-05 9.9877E-05 0.0133794
9.98772E-05 0.0304762 0.0524974 9.98772E-05 9.98772E-05 9.98772E-05 9.98772E-05 9.98772E-05 0.538885 9.98772E-05 9.98772E-05 0.363319 0.0134236 9.98772E-05 9.98772E-05 9.98772E-05 9.98772E-05 9.98772E-05 9.98772E-05
9.98859E-05 0.0213835 0.177576 9.98859E-05 9.98859E-05 9.98859E-05 9.98859E-05 9.98859E-05 0.566611 9.98859E-05 0.040874 0.12791 0.0643467 9.98859E-05 9.98859E-05 9.98859E-05 9.98859E-05 9.98859E-05 9.98859E-05
9.98771E-05 9.98771E-05 9.98771E-05 0.0475009 9.98771E-05 0.145372 9.98771E-05 9.98771E-05 0.755531 9.98771E-05 9.98771E-05 9.98771E-05 0.0291249 9.98771E-05 9.98771E-05 9.98771E-05 0.0210727 9.98771E-05 9.98771E-05
9.98772E-05 9.98772E-05 0.231887 9.98772E-05 0.0450369 0.228821 9.98772E-05 9.98772E-05 0.463142 0.029715 9.98772E-05 9.98772E-05 9.98772E-05 9.98772E-05 9.98772E-05 9.98772E-05 9.98772E-05 9.98772E-05 9.98772E-05
9.98863E-05 9.98863E-05 0.0134093 9.98863E-05 9.98863E-05 0.0988838 9.98863E-05 9.98863E-05 0.583879 9.98863E-05 9.98863E-05 9.98863E-05 9.98863E-05 9.98863E-05 0.121147 9.98863E-05 0.164643 9.98863E-05 0.0167395
9.99034E-05 9.99034E-05 0.197291 0.0412923 0.0418794 0.14453 9.99034E-05 9.99034E-05 0.447716 9.99034E-05 0.0229766 0.0382369 0.0649784 9.99034E-05 9.99034E-05 9.99034E-05 9.99034E-05 9.99034E-05 9.99034E-05
9.9877E-05 9.9877E-05 0.163687 9.9877E-05 9.9877E-05 0.039303 9.9877E-05 9.9877E-05 0.434838 9.9877E-05 0.0816914 0.279083 9.9877E-05 9.9877E-05 9.9877E-05 9.9877E-05 9.9877E-05 9.9877E-05 9.9877E-05
9.9886E-05 9.9886E-05 0.0393383 0.00405256 0.0911461 0.201783 9.9886E-05 0.174531 0.487851 9.9886E-05 9.9886E-05 9.9886E-05 9.9886E-05 9.9886E-05 9.9886E-05 9.9886E-05 9.9886E-05 9.9886E-05 9.9886E-05
9.98858E-05 9.98858E-05 0.0177619 9.98858E-05 9.98858E-05 0.140056 9.98858E-05 0.0268509 0.660158 9.98858E-05 9.98858E-05 0.0854198 0.0684544 9.98858E-05 9.98858E-05 9.98858E-05 9.98858E-05 9.98858E-05 9.98858E-05
9.98772E-05 9.98772E-05 0.132051 0.0788748 9.98772E-05 0.119985 9.98772E-05 9.98772E-05 0.600961 9.98772E-05 0.0667304 9.98772E-05 9.98772E-05 9.98772E-05 9.98772E-05 9.98772E-05 9.98772E-05 9.98772E-05 9.98772E-05
9.98859E-05 9.98859E-05 0.13605 0.0095743 9.98859E-05 0.0798986 9.98859E-05 0.0916043 0.482747 9.98859E-05 9.98859E-05 0.198827 9.98859E-05 9.98859E-05 9.98859E-05 9.98859E-05 9.98859E-05 9.98859E-05 9.98859E-05
9.9877E-05 9.9877E-05 0.116405 9.9877E-05 9.9877E-05 0.123911 9.9877E-05 9.9877E-05 0.626567 9.9877E-05 9.9877E-05 9.9877E-05 0.0693816 9.9877E-05 9.9877E-05 9.9877E-05 0.0623379 9.9877E-05 9.9877E-05
9.98859E-05 9.98859E-05 0.233444 9.98859E-05 9.98859E-05 0.32902 9.98859E-05 9.98859E-05 0.172939 9.98859E-05 0.107692 0.0987783 9.98859E-05 9.98859E-05 9.98859E-05 9.98859E-05 9.98859E-05 0.0568283 9.98859E-05
9.98684E-05 9.98684E-05 0.0225225 9.98684E-05 9.98684E-05 0.268872 9.98684E-05 9.98684E-05 0.56752 9.98684E-05 9.98684E-05 9.98684E-05 9.98684E-05 9.98684E-05 9.98684E-05 9.98684E-05 9.98684E-05 9.98684E-05 0.139588
9.98858E-05 9.98858E-05 0.233992 9.98858E-05 9.98858E-05 0.300862 9.98858E-05 9.98858E-05 0.200725 9.98858E-05 0.0159358 0.115434 9.98858E-05 9.98858E-05 9.98858E-05 9.98858E-05 9.98858E-05 0.131752 9.98858E-05
9.98774E-05 9.98774E-05 0.138647 9.98774E-05 9.98774E-05 0.20552 9.98774E-05 9.98774E-05 0.499819 9.98774E-05 9.98774E-05 0.0892425 9.98774E-05 9.98774E-05 9.98774E-05 0.0653729 9.98774E-05 9.98774E-05 9.98774E-05
9.98598E-05 9.98598E-05 0.0526941 9.98598E-05 9.98598E-05 9.98598E-05 9.98598E-05 9.98598E-05 0.832672 0.113036 9.98598E-05 9.98598E-05 9.98598E-05 9.98598E-05 9.98598E-05 9.98598E-05 9.98598E-05 9.98598E-05 9.98598E-05
9.98769E-05 9.98769E-05 0.275364 9.98769E-05 9.98769E-05 0.171366 9.98769E-05 0.0162861 0.435892 9.98769E-05 9.98769E-05 9.98769E-05 9.98769E-05 9.98769E-05 9.98769E-05 9.98769E-05 9.98769E-05 0.0996938 9.98769E-05
9.98684E-05 9.98684E-05 0.258824 9.98684E-05 9.98684E-05 0.346824 9.98684E-05 9.98684E-05 0.361024 9.98684E-05 9.98684E-05 0.0318301 9.98684E-05 9.98684E-05 9.98684E-05 9.98684E-05 9.98684E-05 9.98684E-05 9.98684E-05
9.98771E-05 9.98771E-05 0.216032 9.98771E-05 9.98771E-05 0.0392724 9.98771E-05 0.041236 0.585121 9.98771E-05 0.11694 9.98771E-05 9.98771E-05 9.98771E-05 9.98771E-05 9.98771E-05 9.98771E-05 9.98771E-05 9.98771E-05
9.9886E-05 9.9886E-05 0.266044 9.9886E-05 9.9886E-05 0.0915108 9.9886E-05 9.9886E-05 0.461379 9.9886E-05 9.9886E-05 0.0339621 0.128312 9.9886E-05 0.0174928 9.9886E-05 9.9886E-05 9.9886E-05 9.9886E-05
9.98858E-05 9.98858E-05 0.135122 9.98858E-05 9.98858E-05 0.0222676 0.0266376 9.98858E-05 0.617235 9.98858E-05 9.98858E-05 9.98858E-05 0.0680813 9.98858E-05 0.129358 9.98858E-05 9.98858E-05 9.98858E-05 9.98858E-05
9.98771E-05 9.98771E-05 0.172741 9.98771E-05 9.98771E-05 0.33823 9.98771E-05 0.198894 0.155038 9.98771E-05 0.133698 9.98771E-05 9.98771E-05 9.98771E-05 9.98771E-05 9.98771E-05 9.98771E-05 9.98771E-05 9.98771E-05
9.98945E-05 9.98945E-05 0.145323 9.98945E-05 9.98945E-05 0.143461 9.98945E-05 9.98945E-05 0.509603 9.98945E-05 0.026443 9.98945E-05 9.98945E-05 9.98945E-05 9.98945E-05 0.0689436 9.98945E-05 0.0450241 0.0600034
9.98682E-05 9.98682E-05 0.0794392 0.113401 9.98682E-05 0.0856846 9.98682E-05 9.98682E-05 0.719977 9.98682E-05 9.98682E-05 9.98682E-05 9.98682E-05 9.98682E-05 9.98682E-05 9.98682E-05 9.98682E-05 9.98682E-05 9.98682E-05
9.99034E-05 9.99034E-05 9.99034E-05 0.185315 0.0194788 0.112194 9.99034E-05 9.99034E-05 0.607379 9.99034E-05 0.0220442 0.0290873 0.0190557 9.99034E-05 9.99034E-05 9.99034E-05 0.00434725 9.99034E-05 9.99034E-05
9.9877E-05 9.9877E-05 0.311706 9.9877E-05 9.9877E-05 0.235745 9.9877E-05 9.9877E-05 0.273104 9.9877E-05 9.9877E-05 9.9877E-05 0.121179 9.9877E-05 9.9877E-05 9.9877E-05 0.0568674 9.9877E-05 9.9877E-05
9.98684E-05 9.98684E-05 9.98684E-05 0.0657185 9.98684E-05 0.0554904 9.98684E-05 0.0326485 0.844645 9.98684E-05 9.98684E-05 9.98684E-05 9.98684E-05 9.98684E-05 9.98684E-05 9.98684E-05 9.98684E-05 9.98684E-05 9.98684E-05
9.98684E-05 9.98684E-05 0.172539 9.98684E-05 9.98684E-05 0.0326207 9.98684E-05 9.98684E-05 0.734319 9.98684E-05 0.0590232 9.98684E-05 9.98684E-05 9.98684E-05 9.98684E-05 9.98684E-05 9.98684E-05 9.98684E-05 9.98684E-05
9.98686E-05 9.98686E-05 0.00904545 9.98686E-05 9.98686E-05 0.0213971 9.98686E-05 0.0497479 0.918312 9.98686E-05 9.98686E-05 9.98686E-05 9.98686E-05 9.98686E-05 9.98686E-05 9.98686E-05 9.98686E-05 9.98686E-05 9.98686E-05
9.98773E-05 9.98773E-05 9.98773E-05 0.0109637 9.98773E-05 0.0800803 9.98773E-05 9.98773E-05 0.834634 9.98773E-05 9.98773E-05 0.037863 0.0350603 9.98773E-05 9.98773E-05 9.98773E-05 9.98773E-05 9.98773E-05 9.98773E-05
9.98946E-05 9.98946E-05 0.462844 9.98946E-05 9.98946E-05 0.156858 0.0100013 0.0248858 0.248783 9.98946E-05 9.98946E-05 0.0896728 0.0057567 9.98946E-05 9.98946E-05 9.98946E-05 9.98946E-05 9.98946E-05 9.98946E-05
9.99033E-05 9.99033E-05 0.0166915 9.99033E-05 9.99033E-05 0.244719 0.00828661 0.142117 0.493485 9.99033E-05 9.99033E-05 9.99033E-05 9.99033E-05 9.99033E-05 0.00561047 0.0355007 9.99033E-05 9.99033E-05 0.0524914
9.98772E-05 9.98772E-05 0.0353797 9.98772E-05 9.98772E-05 0.123345 9.98772E-05 9.98772E-05 0.777854 9.98772E-05 0.0470202 9.98772E-05 9.98772E-05 0.0150031 9.98772E-05 9.98772E-05 9.98772E-05 9.98772E-05 9.98772E-05
9.98597E-05 0.00358566 0.084626 9.98597E-05 9.98597E-05 9.98597E-05 9.98597E-05 9.98597E-05 0.910191 9.98597E-05 9.98597E-05 9.98597E-05 9.98597E-05 9.98597E-05 9.98597E-05 9.98597E-05 9.98597E-05 9.98597E-05 9.98597E-05
9.99121E-05 9.99121E-05 0.0995853 9.99121E-05 9.99121E-05 0.257881 9.99121E-05 9.99121E-05 0.219633 9.99121E-05 0.167953 0.184306 0.0146365 9.99121E-05 9.99121E-05 0.0131353 0.0336604 0.00820966 9.99121E-05
9.98859E-05 9.98859E-05 0.173352 9.98859E-05 9.98859E-05 0.146154 9.98859E-05 9.98859E-05 0.409229 9.98859E-05 9.98859E-05 9.98859E-05 0.11618 9.98859E-05 9.98859E-05 0.1439 0.00988722 9.98859E-05 9.98859E-05
9.98947E-05 9.98947E-05 0.0105472 9.98947E-05 9.98947E-05 0.0548429 9.98947E-05 9.98947E-05 0.492379 0.123411 0.00412689 0.250441 9.98947E-05 9.98947E-05 0.0630534 9.98947E-05 9.98947E-05 9.98947E-05 9.98947E-05
9.98946E-05 9.98946E-05 0.23418 9.98946E-05 9.98946E-05 0.307941 9.98946E-05 0.00361283 0.241597 9.98946E-05 0.0515247 9.98946E-05 0.0175156 9.98946E-05 9.98946E-05 0.142429 9.98946E-05 9.98946E-05 9.98946E-05
9.98509E-05 9.98509E-05 0.0322097 9.98509E-05 9.98509E-05 9.98509E-05 9.98509E-05 9.98509E-05 0.966093 9.98509E-05 9.98509E-05 9.98509E-05 9.98509E-05 9.98509E-05 9.98509E-05 9.98509E-05 9.98509E-05 9.98509E-05 9.98509E-05
9.98946E-05 9.98946E-05 0.225158 0.240196 0.0535672 0.0544546 0.00228742 9.98946E-05 0.4206 9.98946E-05 9.98946E-05 9.98946E-05 0.00253876 9.98946E-05 9.98946E-05 9.98946E-05 9.98946E-05 9.98946E-05 9.98946E-05
9.98773E-05 9.98773E-05 0.0152061 9.98773E-05 9.98773E-05 0.0691016 9.98773E-05 9.98773E-05 0.751609 9.98773E-05 9.98773E-05 0.135655 0.0270296 9.98773E-05 9.98773E-05 9.98773E-05 9.98773E-05 9.98773E-05 9.98773E-05
9.98773E-05 9.98773E-05 0.127057 9.98773E-05 9.98773E-05 0.180927 9.98773E-05 9.98773E-05 0.52919 9.98773E-05 9.98773E-05 9.98773E-05 0.110133 9.98773E-05 9.98773E-05 9.98773E-05 0.0512939 9.98773E-05 9.98773E-05
9.98946E-05 9.98946E-05 9.98946E-05 9.98946E-05 0.0170058 0.225967 9.98946E-05 0.0227539 0.503946 9.98946E-05 0.0108555 9.98946E-05 9.98946E-05 9.98946E-05 0.178571 9.98946E-05 0.0397019 9.98946E-05 9.98946E-05
9.98944E-05 9.98944E-05 0.0894494 0.0105013 0.0441889 9.98944E-05 9.98944E-05 9.98944E-05 0.629208 9.98944E-05 9.98944E-05 9.98944E-05 0.0552205 9.98944E-05 9.98944E-05 0.0395711 9.98944E-05 0.130662 9.98944E-05
9.9877E-05 9.9877E-05 0.263986 9.9877E-05 9.9877E-05 0.295016 9.9877E-05 9.9877E-05 0.136053 9.9877E-05 9.9877E-05 0.293949 9.9877E-05 9.9877E-05 9.9877E-05 9.9877E-05 9.9877E-05 9.9877E-05 0.00959786
9.9877E-05 9.9877E-05 0.194635 9.9877E-05 9.9877E-05 0.249654 9.9877E-05 9.9877E-05 0.502885 9.9877E-05 9.9877E-05 9.9877E-05 0.028615 9.9877E-05 9.9877E-05 9.9877E-05 9.9877E-05 9.9877E-05 0.0228128
9.99033E-05 9.99033E-05 0.0992203 9.99033E-05 9.99033E-05 0.201088 0.000464902 9.99033E-05 0.558497 9.99033E-05 0.00844271 9.99033E-05 0.062759 9.99033E-05 0.0412468 9.99033E-05 9.99033E-05 0.0271832 9.99033E-05
9.98946E-05 9.98946E-05 0.189897 9.98946E-05 9.98946E-05 0.0156116 9.98946E-05 9.98946E-05 0.618569 9.98946E-05 0.112629 9.98946E-05 0.0190159 9.98946E-05 0.0406819 9.98946E-05 9.98946E-05 9.98946E-05 0.00239719
9.98683E-05 9.98683E-05 0.0846361 9.98683E-05 9.98683E-05 0.230834 9.98683E-05 9.98683E-05 0.577649 9.98683E-05 9.98683E-05 0.105383 9.98683E-05 9.98683E-05 9.98683E-05 9.98683E-05 9.98683E-05 9.98683E-05 9.98683E-05
9.98418E-05 9.98418E-05 0.998203 9.98418E-05 9.98418E-05 9.98418E-05 9.98418E-05 9.98418E-05 9.98418E-05 9.98418E-05 9.98418E-05 9.98418E-05 9.98418E-05 9.98418E-05 9.98418E-05 9.98418E-05 9.98418E-05 9.98418E-05 9.98418E-05
9.98416E-05 9.98416E-05 9.98416E-05 9.98416E-05 9.98416E-05 0.998203 9.98416E-05 9.98416E-05 9.98416E-05 9.98416E-05 9.98416E-05 9.98416E-05 9.98416E-05 9.98416E-05 9.98416E-05 9.98416E-05 9.98416E-05 9.98416E-05 9.98416E-05
9.98416E-05 9.98416E-05 0.998203 9.98416E-05 9.98416E-05 9.98416E-05 9.98416E-05 9.98416E-05 9.98416E-05 9.98416E-05 9.98416E-05 9.98416E-05 9.98416E-05 9.98416E-05 9.98416E-05 9.98416E-05 9.98416E-05 9.98416E-05 9.98416E-05
9.98416E-05 9.98416E-05 9.98416E-05 9.98416E-05 9.98416E-05 0.998203 9.98416E-05 9.98416E-05 9.98416E-05 9.98416E-05 9.98416E-05 9.98416E-05 9.98416E-05 9.98416E-05 9.98416E-05 9.98416E-05 9.98416E-05 9.98416E-05 9.98416E-05
9.98417E-05 9.98417E-05 9.98417E-05 9.98417E-05 9.98417E-05 0.998203 9.98417E-05 9.98417E-05 9.98417E-05 9.98417E-05 9.98417E-05 9.98417E-05 9.98417E-05 9.98417E-05 9.98417E-05 9.98417E-05 9.98417E-05 9.98417E-05 9.98417E-05
9.98416E-05 9.98416E-05 9.98416E-05 9.98416E-05 9.98416E-05 0.998203 9.98416E-05 9.98416E-05 9.98416E-05 9.98416E-05 9.98416E-05 9.98416E-05 9.98416E-05 9.98416E-05 9.98416E-05 9.98416E-05 9.98416E-05 9.98416E-05 9.98416E-05
9.98417E-05 9.98417E-05 0.998203 9.98417E-05 9.98417E-05 9.98417E-05 9.98417E-05 9.98417E-05 9.98417E-05 9.98417E-05 9.98417E-05 9.98417E-05 9.98417E-05 9.98417E-05 9.98417E-05 9.98417E-05 9.98417E-05 9.98417E-05 9.98417E-05
9.98418E-05 9.98418E-05 9.98418E-05 9.98418E-05 9.98418E-05 0.998203 9.98418E-05 9.98418E-05 9.98418E-05 9.98418E-05 9.98418E-05 9.98418E-05 9.98418E-05 9.98418E-05 9.98418E-05 9.98418E-05 9.98418E-05 9.98418E-05 9.98418E-05
9.98417E-05 9.98417E-05 9.98417E-05 9.98417E-05 9.98417E-05 0.998203 9.98417E-05 9.98417E-05 9.98417E-05 9.98417E-05 9.98417E-05 9.98417E-05 9.98417E-05 9.98417E-05 9.98417E-05 9.98417E-05 9.98417E-05 9.98417E-05 9.98417E-05
9.98417E-05 9.98417E-05 0.998203 9.98417E-05 9.98417E-05 9.98417E-05 9.98417E-05 9.98417E-05 9.98417E-05 9.98417E-05 9.98417E-05 9.98417E-05 9.98417E-05 9.98417E-05 9.98417E-05 9.98417E-05 9.98417E-05 9.98417E-05 9.98417E-05
9.98417E-05 9.98417E-05 0.998203 9.98417E-05 9.98417E-05 9.98417E-05 9.98417E-05 9.98417E-05 9.98417E-05 9.98417E-05 9.98417E-05 9.98417E-05 9.98417E-05 9.98417E-05 9.98417E-05 9.98417E-05 9.98417E-05 9.98417E-05 9.98417E-05
9.98416E-05 9.98416E-05 0.998203 9.98416E-05 9.98416E-05 9.98416E-05 9.98416E-05 9.98416E-05 9.98416E-05 9.98416E-05 9.98416E-05 9.98416E-05 9.98416E-05 9.98416E-05 9.98416E-05 9.98416E-05 9.98416E-05 9.98416E-05 9.98416E-05
9.98417E-05 9.98417E-05 9.98417E-05 9.98417E-05 9.98417E-05 0.998203 9.98417E-05 9.98417E-05 9.98417E-05 9.98417E-05 9.98417E-05 9.98417E-05 9.98417E-05 9.98417E-05 9.98417E-05 9.98417E-05 9.98417E-05 9.98417E-05 9.98417E-05
9.98417E-05 9.98417E-05 9.98417E-05 9.98417E-05 9.98417E-05 0.998203 9.98417E-05 9.98417E-05 9.98417E-05 9.98417E-05 9.98417E-05 9.98417E-05 9.98417E-05 9.98417E-05 9.98417E-05 9.98417E-05 9.98417E-05 9.98417E-05 9.98417E-05
9.98417E-05 9.98417E-05 0.998203 9.98417E-05 9.98417E-05 9.98417E-05 9.98417E-05 9.98417E-05 9.98417E-05 9.98417E-05 9.98417E-05 9.98417E-05 9.98417E-05 9.98417E-05 9.98417E-05 9.98417E-05 9.98417E-05 9.98417E-05 9.98417E-05
9.98417E-05 9.98417E-05 0.998203 9.98417E-05 9.98417E-05 9.98417E-05 9.98417E-05 9.98417E-05 9.98417E-05 9.98417E-05 9.98417E-05 9.98417E-05 9.98417E-05 9.98417E-05 9.98417E-05 9.98417E-05 9.98417E-05 9.98417E-05 9.98417E-05
9.98945E-05 9.98945E-05 0.207488 9.98945E-05 0.0827639 0.164207 0.0491849 9.98945E-05 0.253266 0.0316757 9.98945E-05 9.98945E-05 9.98945E-05 9.98945E-05 9.98945E-05 9.98945E-05 9.98945E-05 0.210216 9.98945E-05
9.98417E-05 9.98417E-05 0.998203 9.98417E-05 9.98417E-05 9.98417E-05 9.98417E-05 9.98417E-05 9.98417E-05 9.98417E-05 9.98417E-05 9.98417E-05 9.98417E-05 9.98417E-05 9.98417E-05 9.98417E-05 9.98417E-05 9.98417E-05 9.98417E-05
9.98417E-05 9.98417E-05 9.98417E-05 9.98417E-05 9.98417E-05 0.998203 9.98417E-05 9.98417E-05 9.98417E-05 9.98417E-05 9.98417E-05 9.98417E-05 9.98417E-05 9.98417E-05 9.98417E-05 9.98417E-05 9.98417E-05 9.98417E-05 9.98417E-05
9.98416E-05 9.98416E-05 0.998203 9.98416E-05 9.98416E-05 9.98416E-05 9.98416E-05 9.98416E-05 9.98416E-05 9.98416E-05 9.98416E-05 9.98416E-05 9.98416E-05 9.98416E-05 9.98416E-05 9.98416E-05 9.98416E-05 9.98416E-05 9.98416E-05
9.98416E-05 9.98416E-05 0.998203 9.98416E-05 9.98416E-05 9.98416E-05 9.98416E-05 9.98416E-05 9.98416E-05 9.98416E-05 9.98416E-05 9.98416E-05 9.98416E-05 9.98416E-05 9.98416E-05 9.98416E-05 9.98416E-05 9.98416E-05 9.98416E-05
9.98416E-05 9.98416E-05 0.998203 9.98416E-05 9.98416E-05 9.98416E-05 9.98416E-05 9.98416E-05 9.98416E-05 9.98416E-05 9.98416E-05 9.98416E-05 9.98416E-05 9.98416E-05 9.98416E-05 9.98416E-05 9.98416E-05 9.98416E-05 9.98416E-05
9.98417E-05 9.98417E-05 9.98417E-05 9.98417E-05 9.98417E-05 0.998203 9.98417E-05 9.98417E-05 9.98417E-05 9.98417E-05 9.98417E-05 9.98417E-05 9.98417E-05 9.98417E-05 9.98417E-05 9.98417E-05 9.98417E-05 9.98417E-05 9.98417E-05
9.98418E-05 9.98418E-05 0.998203 9.98418E-05 9.98418E-05 9.98418E-05 9.98418E-05 9.98418E-05 9.98418E-05 9.98418E-05 9.98418E-05 9.98418E-05 9.98418E-05 9.98418E-05 9.98418E-05 9.98418E-05 9.98418E-05 9.98418E-05 9.98418E-05
9.98417E-05 9.98417E-05 9.98417E-05 9.98417E-05 9.98417E-05 0.998203 9.98417E-05 9.98417E-05 9.98417E-05 9.98417E-05 9.98417E-05 9.98417E-05 9.98417E-05 9.98417E-05 9.98417E-05 9.98417E-05 9.98417E-05 9.98417E-05 9.98417E-05
9.98418E-05 9.98418E-05 0.998203 9.98418E-05 9.98418E-05 9.98418E-05 9.98418E-05 9.98418E-05 9.98418E-05 9.98418E-05 9.98418E-05 9.98418E-05 9.98418E-05 9.98418E-05 9.98418E-05 9.98418E-05 9.98418E-05 9.98418E-05 9.98418E-05
9.98416E-05 9.98416E-05 0.998203 9.98416E-05 9.98416E-05 9.98416E-05 9.98416E-05 9.98416E-05 9.98416E-05 9.98416E-05 9.98416E-05 9.98416E-05 9.98416E-05 9.98416E-05 9.98416E-05 9.98416E-05 9.98416E-05 9.98416E-05 9.98416E-05
9.98417E-05 9.98417E-05 9.98417E-05 9.98417E-05 9.98417E-05 0.998203 9.98417E-05 9.98417E-05 9.98417E-05 9.98417E-05 9.98417E-05 9.98417E-05 9.98417E-05 9.98417E-05 9.98417E-05 9.98417E-05 9.98417E-05 9.98417E-05 9.98417E-05
9.98417E-05 9.98417E-05 9.98417E-05 9.98417E-05 9.98417E-05 0.998203 9.98417E-05 9.98417E-05 9.98417E-05 9.98417E-05 9.98417E-05 9.98417E-05 9.98417E-05 9.98417E-05 9.98417E-05 9.98417E-05 9.98417E-05 9.98417E-05 9.98417E-05
9.98417E-05 9.98417E-05 9.98417E-05 9.98417E-05 9.98417E-05 0.998203 9.98417E-05 9.98417E-05 9.98417E-05 9.98417E-05 9.98417E-05 9.98417E-05 9.98417E-05 9.98417E-05 9.98417E-05 9.98417E-05 9.98417E-05 9.98417E-05 9.98417E-05
9.98418E-05 9.98418E-05 0.998203 9.98418E-05 9.98418E-05 9.98418E-05 9.98418E-05 9.98418E-05 9.98418E-05 9.98418E-05 9.98418E-05 9.98418E-05 9.98418E-05 9.98418E-05 9.98418E-05 9.98418E-05 9.98418E-05 9.98418E-05 9.98418E-05
9.98418E-05 9.98418E-05 0.998203 9.98418E-05 9.98418E-05 9.98418E-05 9.98418E-05 9.98418E-05 9.98418E-05 9.98418E-05 9.98418E-05 9.98418E-05 9.98418E-05 9.98418E-05 9.98418E-05 9.98418E-05 9.98418E-05 9.98418E-05 9.98418E-05
9.98417E-05 9.98417E-05 0.998203 9.98417E-05 9.98417E-05 9.98417E-05 9.98417E-05 9.98417E-05 9.98417E-05 9.98417E-05 9.98417E-05 9.98417E-05 9.98417E-05 9.98417E-05 9.98417E-05 9.98417E-05 9.98417E-05 9.98417E-05 9.98417E-05
9.98417E-05 9.98417E-05 0.998203 9.98417E-05 9.98417E-05 9.98417E-05 9.98417E-05 9.98417E-05 9.98417E-05 9.98417E-05 9.98417E-05 9.98417E-05 9.98417E-05 9.98417E-05 9.98417E-05 9.98417E-05 9.98417E-05 9.98417E-05 9.98417E-05
9.98418E-05 9.98418E-05 0.998203 9.98418E-05 9.98418E-05 9.98418E-05 9.98418E-05 9.98418E-05 9.98418E-05 9.98418E-05 9.98418E-05 9.98418E-05 9.98418E-05 9.98418E-05 9.98418E-05 9.98418E-05 9.98418E-05 9.98418E-05 9.98418E-05
9.98417E-05 9.98417E-05 9.98417E-05 9.98417E-05 9.98417E-05 0.998203 9.98417E-05 9.98417E-05 9.98417E-05 9.98417E-05 9.98417E-05 9.98417E-05 9.98417E-05 9.98417E-05 9.98417E-05 9.98417E-05 9.98417E-05 9.98417E-05 9.98417E-05
9.98418E-05 9.98418E-05 9.98418E-05 9.98418E-05 9.98418E-05 0.998203 9.98418E-05 9.98418E-05 9.98418E-05 9.98418E-05 9.98418E-05 9.98418E-05 9.98418E-05 9.98418E-05 9.98418E-05 9.98418E-05 9.98418E-05 9.98418E-05 9.98418E-05
