9.99474E-05 0.0204788 0.057233 0.0623139 9.99474E-05 9.99474E-05 9.99474E-05 9.99474E-05 0.232194 9.99474E-05 0.53289 0.0942907
9.993E-05 9.993E-05 0.0165202 9.993E-05 9.993E-05 9.993E-05 9.993E-05 0.106139 0.265251 9.993E-05 0.61129 9.993E-05
9.993E-05 0.0246882 9.993E-05 9.993E-05 9.993E-05 9.993E-05 0.0347599 0.0432762 9.993E-05 9.993E-05 0.896476 9.993E-05
9.99562E-05 9.99562E-05 0.339057 9.99562E-05 9.99562E-05 0.00605966 0.0723963 0.116601 0.00968696 0.0160528 0.439647 9.99562E-05
9.99301E-05 9.99301E-05 0.147578 9.99301E-05 9.99301E-05 9.99301E-05 0.153608 9.99301E-05 0.0957889 9.99301E-05 0.602226 9.99301E-05
9.99561E-05 0.0169424 0.136966 9.99561E-05 9.99561E-05 0.111611 0.188092 9.99561E-05 0.156686 0.146235 0.242968 9.99561E-05
9.99474E-05 0.116669 0.22627 0.0146982 9.99474E-05 9.99474E-05 9.99474E-05 0.124268 0.210176 9.99474E-05 0.307319 9.99474E-05
9.9965E-05 0.0045695 0.23625 9.9965E-05 9.9965E-05 9.9965E-05 0.225568 0.0569806 0.121839 0.134109 0.166448 0.0538377
9.99386E-05 9.99386E-05 9.99386E-05 0.13049 9.99386E-05 9.99386E-05 0.0370365 0.00830046 9.99386E-05 0.286712 0.536762 9.99386E-05
9.99126E-05 9.99126E-05 0.0525088 9.99126E-05 9.99126E-05 9.99126E-05 9.99126E-05 9.99126E-05 9.99126E-05 9.99126E-05 0.946492 9.99126E-05
9.99124E-05 9.99124E-05 9.99124E-05 9.99124E-05 9.99124E-05 9.99124E-05 9.99124E-05 0.187303 9.99124E-05 9.99124E-05 0.811698 9.99124E-05
9.99301E-05 9.99301E-05 0.118642 9.99301E-05 0.0101545 9.99301E-05 9.99301E-05 0.0591231 9.99301E-05 9.99301E-05 0.811281 9.99301E-05
9.99126E-05 9.99126E-05 9.99126E-05 9.99126E-05 9.99126E-05 9.99126E-05 0.147691 9.99126E-05 9.99126E-05 9.99126E-05 0.85131 9.99126E-05
9.99388E-05 0.00445036 9.99388E-05 9.99388E-05 0.0742404 0.208518 9.99388E-05 0.0870184 9.99388E-05 9.99388E-05 0.625074 9.99388E-05
9.99387E-05 9.99387E-05 0.10604 0.0397686 9.99387E-05 0.171477 9.99387E-05 9.99387E-05 9.99387E-05 0.119041 0.562975 9.99387E-05
9.99474E-05 9.99474E-05 0.324411 9.99474E-05 0.0992495 0.00117632 9.99474E-05 9.99474E-05 0.0232323 0.202226 0.349106 9.99474E-05
9.99388E-05 9.99388E-05 0.106585 9.99388E-05 9.99388E-05 0.127288 9.99388E-05 0.0667989 0.13537 9.99388E-05 0.563259 9.99388E-05
0.120674 9.99474E-05 0.00765612 0.0180311 9.99474E-05 9.99474E-05 9.99474E-05 9.99474E-05 9.99474E-05 0.137925 0.505078 0.210036
9.99298E-05 9.99298E-05 0.198108 9.99298E-05 9.99298E-05 9.99298E-05 9.99298E-05 0.0449275 9.99298E-05 0.132683 0.623482 9.99298E-05
0.111456 9.99301E-05 0.0361135 9.99301E-05 9.99301E-05 9.99301E-05 9.99301E-05 0.00149372 9.99301E-05 9.99301E-05 0.850137 9.99301E-05
9.99387E-05 9.99387E-05 0.175103 9.99387E-05 0.155349 9.99387E-05 0.146707 0.0176223 9.99387E-05 9.99387E-05 0.504519 9.99387E-05
9.99562E-05 0.0592595 0.249305 9.99562E-05 9.99562E-05 9.99562E-05 0.143839 0.0165962 0.0407487 0.278005 0.211747 9.99562E-05
9.993E-05 9.993E-05 9.993E-05 9.993E-05 9.993E-05 9.993E-05 9.993E-05 0.123908 0.177068 9.993E-05 0.675898 0.0223262
9.99298E-05 9.99298E-05 0.0638093 0.0829466 0.0780845 9.99298E-05 9.99298E-05 9.99298E-05 9.99298E-05 9.99298E-05 0.77436 9.99298E-05
0.0900205 9.99561E-05 0.0334377 0.0139208 9.99561E-05 0.0806578 9.99561E-05 0.049983 9.99561E-05 0.063812 0.667668 9.99561E-05
9.99212E-05 9.99212E-05 0.138619 9.99212E-05 9.99212E-05 0.102684 9.99212E-05 9.99212E-05 9.99212E-05 9.99212E-05 0.757798 9.99212E-05
9.99649E-05 9.99649E-05 0.128749 9.99649E-05 0.0585566 0.230929 0.0116639 9.99649E-05 0.0691736 0.0185102 0.395846 0.0861713
9.99213E-05 9.99213E-05 0.188669 9.99213E-05 9.99213E-05 9.99213E-05 9.99213E-05 0.0114541 9.99213E-05 9.99213E-05 0.798978 9.99213E-05
9.993E-05 9.993E-05 9.993E-05 0.0391384 9.993E-05 0.0151442 9.993E-05 0.0383126 9.993E-05 9.993E-05 0.906605 9.993E-05
9.99301E-05 9.99301E-05 9.99301E-05 9.99301E-05 9.99301E-05 0.095358 9.99301E-05 0.0721634 0.0374991 9.99301E-05 0.79418 9.99301E-05
9.99301E-05 9.99301E-05 0.097831 9.99301E-05 9.99301E-05 9.99301E-05 9.99301E-05 0.208404 0.0335577 9.99301E-05 0.659408 9.99301E-05
9.99387E-05 9.99387E-05 0.155301 9.99387E-05 9.99387E-05 0.216538 9.99387E-05 0.0872187 9.99387E-05 0.0365339 0.503709 9.99387E-05
9.99299E-05 9.99299E-05 0.0295999 9.99299E-05 0.0922664 9.99299E-05 9.99299E-05 0.151257 9.99299E-05 9.99299E-05 0.726077 9.99299E-05
9.99474E-05 0.0697409 0.157853 9.99474E-05 9.99474E-05 0.16271 9.99474E-05 0.0543644 9.99474E-05 9.99474E-05 0.537533 0.0171991
0.0102144 9.99388E-05 0.0315711 9.99388E-05 9.99388E-05 9.99388E-05 9.99388E-05 0.0899845 0.0725299 9.99388E-05 0.795001 9.99388E-05
9.99301E-05 9.99301E-05 0.216525 9.99301E-05 9.99301E-05 9.99301E-05 9.99301E-05 0.0257839 0.112565 9.99301E-05 0.644326 9.99301E-05
9.99476E-05 0.0458063 0.167039 9.99476E-05 0.00171356 9.99476E-05 9.99476E-05 0.0721381 0.0980388 9.99476E-05 0.614664 9.99476E-05
0.0565784 9.993E-05 9.993E-05 9.993E-05 9.993E-05 9.993E-05 9.993E-05 9.993E-05 0.102993 0.160338 0.679291 9.993E-05
9.993E-05 9.993E-05 0.0888581 9.993E-05 9.993E-05 0.218666 9.993E-05 9.993E-05 0.09326 9.993E-05 0.598416 9.993E-05
9.99387E-05 0.0107133 9.99387E-05 9.99387E-05 0.145629 0.16012 9.99387E-05 0.00428512 9.99387E-05 9.99387E-05 0.678554 9.99387E-05
9.99213E-05 9.99213E-05 0.152348 9.99213E-05 9.99213E-05 9.99213E-05 9.99213E-05 0.0766297 9.99213E-05 9.99213E-05 0.770123 9.99213E-05
9.99388E-05 9.99388E-05 9.99388E-05 0.134322 9.99388E-05 9.99388E-05 0.0128681 0.0120138 0.107336 9.99388E-05 0.73276 9.99388E-05
9.99301E-05 9.99301E-05 0.130571 9.99301E-05 9.99301E-05 0.135368 9.99301E-05 9.99301E-05 0.201863 9.99301E-05 0.531398 9.99301E-05
9.99387E-05 9.99387E-05 9.99387E-05 0.135892 9.99387E-05 9.99387E-05 9.99387E-05 0.139479 0.074528 0.0682066 0.581195 9.99387E-05
9.99211E-05 9.99211E-05 0.317039 9.99211E-05 9.99211E-05 9.99211E-05 9.99211E-05 0.0653154 9.99211E-05 9.99211E-05 0.616747 9.99211E-05
0.031613 9.993E-05 0.221044 9.993E-05 9.993E-05 9.993E-05 9.993E-05 9.993E-05 9.993E-05 9.993E-05 0.673345 0.0731979
9.99301E-05 9.99301E-05 0.107907 9.99301E-05 9.99301E-05 9.99301E-05 9.99301E-05 0.0619219 9.99301E-05 9.99301E-05 0.816536 0.0128357
9.99388E-05 0.0104129 9.99388E-05 9.99388E-05 0.020997 9.99388E-05 0.0786328 9.99388E-05 0.0155527 9.99388E-05 0.873705 9.99388E-05
9.99299E-05 9.99299E-05 0.0779927 9.99299E-05 0.0289846 9.99299E-05 9.99299E-05 0.0996404 9.99299E-05 9.99299E-05 0.792583 9.99299E-05
9.99564E-05 0.175507 0.0148962 9.99564E-05 9.99564E-05 0.102731 9.99564E-05 0.0290524 0.0144075 0.0323101 0.630596 9.99564E-05
9.99561E-05 9.99561E-05 0.0999679 0.000605045 0.00697447 0.108722 9.99561E-05 0.141535 9.99561E-05 0.0428541 0.598842 9.99561E-05
9.99301E-05 9.99301E-05 0.230016 0.0487034 9.99301E-05 9.99301E-05 0.129456 9.99301E-05 9.99301E-05 9.99301E-05 0.591026 9.99301E-05
9.99301E-05 0.00865356 9.99301E-05 9.99301E-05 9.99301E-05 9.99301E-05 9.99301E-05 9.99301E-05 0.0226476 9.99301E-05 0.889389 0.0785104
9.99563E-05 0.000108687 9.99563E-05 9.99563E-05 0.249167 0.00555554 0.110036 0.015881 9.99563E-05 9.99563E-05 0.580634 0.0381181
9.99476E-05 9.99476E-05 0.128155 9.99476E-05 0.0191264 9.99476E-05 0.00593059 9.99476E-05 0.00378903 0.016789 0.82561 9.99476E-05
9.99301E-05 9.99301E-05 9.99301E-05 9.99301E-05 9.99301E-05 0.163516 0.100049 0.1348 9.99301E-05 9.99301E-05 0.600836 9.99301E-05
9.99387E-05 9.99387E-05 0.124122 9.99387E-05 9.99387E-05 9.99387E-05 9.99387E-05 0.0273265 0.053883 9.99387E-05 0.721054 0.0729148
9.99213E-05 9.99213E-05 0.149983 9.99213E-05 9.99213E-05 9.99213E-05 9.99213E-05 0.0481565 9.99213E-05 9.99213E-05 0.800961 9.99213E-05
9.99301E-05 0.0629737 9.99301E-05 9.99301E-05 9.99301E-05 9.99301E-05 9.99301E-05 0.0634422 0.0640059 9.99301E-05 0.808779 9.99301E-05
0.00606016 0.0276471 9.99561E-05 9.99561E-05 9.99561E-05 9.99561E-05 9.99561E-05 0.0653672 0.297099 0.05088 0.486766 0.0656805
9.99475E-05 0.0377099 0.156526 0.086818 9.99475E-05 9.99475E-05 9.99475E-05 0.0199617 0.33565 9.99475E-05 0.362736 9.99475E-05
9.99474E-05 0.102121 9.99474E-05 9.99474E-05 9.99474E-05 0.0316303 9.99474E-05 0.0388771 0.350106 9.99474E-05 0.337422 0.139244
9.99474E-05 0.00755436 9.99474E-05 9.99474E-05 9.99474E-05 0.267948 9.99474E-05 9.99474E-05 0.480839 0.14413 0.0211646 0.0777647
0.0551733 0.0858374 0.161917 9.99648E-05 9.99648E-05 9.99648E-05 9.99648E-05 0.0375073 0.141522 0.103462 0.341646 0.0725359
9.99473E-05 9.99473E-05 9.99473E-05 0.104028 9.99473E-05 9.99473E-05 9.99473E-05 0.0556431 0.257634 0.106214 0.338402 0.137479
9.99473E-05 0.0416621 0.0600406 9.99473E-05 9.99473E-05 9.99473E-05 9.99473E-05 0.0362005 0.560448 9.99473E-05 0.249528 0.0515208
9.99473E-05 0.0807772 9.99473E-05 9.99473E-05 9.99473E-05 0.0204514 9.99473E-05 9.99473E-05 0.414511 0.13996 0.119225 0.224476
9.99474E-05 0.0555979 9.99474E-05 0.0587212 9.99474E-05 0.0967468 9.99474E-05 9.99474E-05 0.462326 9.99474E-05 0.291302 0.0347068
9.99298E-05 9.99298E-05 0.146622 9.99298E-05 9.99298E-05 9.99298E-05 9.99298E-05 0.131115 0.281632 9.99298E-05 0.439831 9.99298E-05
0.0382192 9.9956E-05 0.0217947 9.9956E-05 9.9956E-05 9.9956E-05 9.9956E-05 0.194432 0.131811 0.111364 0.469307 0.0325714
9.99561E-05 0.0890776 0.185631 9.99561E-05 0.0616151 9.99561E-05 9.99561E-05 0.108642 0.294866 0.00531008 0.254359 9.99561E-05
9.99824E-05 0.0264881 0.173964 9.99824E-05 0.0482495 0.100572 0.024683 0.103797 0.247042 0.0835382 0.103661 0.087805
9.99473E-05 0.0628668 0.104622 9.99473E-05 9.99473E-05 9.99473E-05 0.0569608 9.99473E-05 0.285727 0.014645 0.474579 9.99473E-05
9.99563E-05 0.0581009 9.99563E-05 0.0433729 0.0448237 0.182942 9.99563E-05 0.0639197 0.307325 9.99563E-05 0.299015 9.99563E-05
9.99474E-05 9.99474E-05 0.158118 9.99474E-05 9.99474E-05 0.0981477 9.99474E-05 0.104052 0.313144 0.0232231 0.302716 9.99474E-05
9.99561E-05 0.123393 0.227979 9.99561E-05 9.99561E-05 0.0905706 9.99561E-05 9.99561E-05 0.200759 0.0725311 0.233554 0.0507138
9.99386E-05 9.99386E-05 0.270784 9.99386E-05 9.99386E-05 9.99386E-05 9.99386E-05 0.183074 0.196058 0.141934 0.20745 9.99386E-05
9.99474E-05 9.99474E-05 0.243385 9.99474E-05 9.99474E-05 9.99474E-05 9.99474E-05 0.0800764 0.190362 0.0418429 0.362598 0.0811357
0.0322688 0.0350831 9.9956E-05 9.9956E-05 0.087147 9.9956E-05 9.9956E-05 0.0532194 0.31272 9.9956E-05 0.440464 0.0385969
9.99388E-05 0.130991 9.99388E-05 9.99388E-05 9.99388E-05 9.99388E-05 0.00815947 0.0162821 0.365033 9.99388E-05 0.478835 9.99388E-05
9.99473E-05 0.0792122 0.145148 9.99473E-05 9.99473E-05 9.99473E-05 9.99473E-05 9.99473E-05 0.283985 0.0464181 0.442298 0.00233902
9.99649E-05 0.0023557 0.00967843 9.99649E-05 0.0236796 0.269264 9.99649E-05 0.0399386 0.243152 9.99649E-05 0.355469 0.0560627
9.99649E-05 0.125819 0.253706 9.99649E-05 9.99649E-05 0.0424347 9.99649E-05 0.0218741 0.0633254 0.0284789 0.38528 0.078682
9.99385E-05 9.99385E-05 0.121076 9.99385E-05 9.99385E-05 9.99385E-05 9.99385E-05 0.27037 0.00726099 0.075912 0.524682 9.99385E-05
0.00859016 9.99562E-05 9.99562E-05 9.99562E-05 9.99562E-05 0.0531783 0.0590726 0.0109678 0.359941 0.0650443 0.442706 9.99562E-05
9.9965E-05 0.0237963 0.0597224 0.0828562 9.9965E-05 0.0154744 9.9965E-05 0.00956646 0.30082 9.9965E-05 0.432407 0.0749573
9.993E-05 0.0536781 0.122103 9.993E-05 9.993E-05 9.993E-05 9.993E-05 9.993E-05 0.357625 9.993E-05 0.465794 9.993E-05
9.99387E-05 9.99387E-05 0.0455013 9.99387E-05 9.99387E-05 9.99387E-05 9.99387E-05 9.99387E-05 0.178824 0.0406973 0.520975 0.213303
9.99474E-05 9.99474E-05 9.99474E-05 9.99474E-05 0.065379 0.118845 9.99474E-05 9.99474E-05 0.188715 0.067312 0.527261 0.0318885
9.99209E-05 9.99209E-05 9.99209E-05 9.99209E-05 9.99209E-05 0.793657 0.0136972 9.99209E-05 9.99209E-05 0.191747 9.99209E-05 9.99209E-05
9.99124E-05 9.99124E-05 9.99124E-05 9.99124E-05 9.99124E-05 0.913779 9.99124E-05 9.99124E-05 9.99124E-05 0.0852221 9.99124E-05 9.99124E-05
9.99385E-05 9.99385E-05 9.99385E-05 9.99385E-05 9.99385E-05 0.814491 0.117455 0.0187911 9.99385E-05 0.0290808 9.99385E-05 0.0194824
0.00787157 9.99384E-05 9.99384E-05 9.99384E-05 9.99384E-05 0.773438 9.99384E-05 0.0475508 9.99384E-05 0.105708 9.99384E-05 0.0647322
0.0289748 0.0311827 9.99472E-05 0.05348 9.99472E-05 0.683429 9.99472E-05 9.99472E-05 9.99472E-05 0.196076 9.99472E-05 0.00625765
9.99385E-05 9.99385E-05 0.0691444 9.99385E-05 9.99385E-05 0.66713 9.99385E-05 9.99385E-05 0.0153238 0.224975 0.0227279 9.99385E-05
9.99473E-05 9.99473E-05 0.00488818 9.99473E-05 0.0468855 0.700482 9.99473E-05 0.0244711 9.99473E-05 0.118749 9.99473E-05 0.103924
9.99121E-05 9.99121E-05 9.99121E-05 9.99121E-05 9.99121E-05 0.708896 9.99121E-05 9.99121E-05 9.99121E-05 0.290105 9.99121E-05 9.99121E-05
9.99297E-05 9.99297E-05 9.99297E-05 9.99297E-05 9.99297E-05 0.351017 9.99297E-05 0.00963223 0.254343 0.384208 9.99297E-05 9.99297E-05
9.99297E-05 9.99297E-05 9.99297E-05 9.99297E-05 9.99297E-05 0.514783 9.99297E-05 9.99297E-05 9.99297E-05 0.289416 0.187166 0.00783608
9.99211E-05 9.99211E-05 9.99211E-05 9.99211E-05 9.99211E-05 0.798552 9.99211E-05 9.99211E-05 0.1411 0.0594483 9.99211E-05 9.99211E-05
0.0171928 9.99297E-05 9.99297E-05 9.99297E-05 9.99297E-05 0.746284 9.99297E-05 0.0363324 0.199391 9.99297E-05 9.99297E-05 9.99297E-05
9.99298E-05 9.99298E-05 9.99298E-05 9.99298E-05 9.99298E-05 0.872412 9.99298E-05 0.00281693 9.99298E-05 0.123462 9.99298E-05 0.000510318
9.99298E-05 9.99298E-05 9.99298E-05 0.0663394 9.99298E-05 0.655013 9.99298E-05 9.99298E-05 9.99298E-05 0.165817 0.112032 9.99298E-05
0.0110336 9.99386E-05 9.99386E-05 9.99386E-05 0.0585787 0.624555 9.99386E-05 9.99386E-05 9.99386E-05 0.141496 9.99386E-05 0.163637
0.056785 0.056016 9.99561E-05 9.99561E-05 0.00034857 0.597012 9.99561E-05 0.0734468 0.172315 0.0435764 9.99561E-05 9.99561E-05
0.0466776 9.99385E-05 9.99385E-05 9.99385E-05 9.99385E-05 0.600494 9.99385E-05 9.99385E-05 0.219024 0.109944 9.99385E-05 0.0231617
9.99386E-05 0.0422578 0.00887588 9.99386E-05 9.99386E-05 0.654599 0.0993986 9.99386E-05 9.99386E-05 0.19417 9.99386E-05 9.99386E-05
9.99297E-05 9.99297E-05 9.99297E-05 9.99297E-05 9.99297E-05 0.902615 0.00368549 0.0440749 9.99297E-05 0.0488248 9.99297E-05 9.99297E-05
0.128398 9.99385E-05 0.00474721 9.99385E-05 0.00557176 0.70924 9.99385E-05 9.99385E-05 9.99385E-05 0.151344 9.99385E-05 9.99385E-05
9.99385E-05 9.99385E-05 0.037052 9.99385E-05 9.99385E-05 0.77756 0.112641 9.99385E-05 0.0242836 0.0477641 9.99385E-05 9.99385E-05
0.012099 9.99385E-05 9.99385E-05 9.99385E-05 9.99385E-05 0.760635 9.99385E-05 0.0660955 9.99385E-05 0.0792812 9.99385E-05 0.0811901
0.0507308 9.99472E-05 9.99472E-05 0.0237828 9.99472E-05 0.521584 0.0798577 9.99472E-05 0.0687668 0.254679 9.99472E-05 9.99472E-05
9.99386E-05 9.99386E-05 9.99386E-05 0.0224456 9.99386E-05 0.808511 0.00255953 0.0199827 9.99386E-05 0.145801 9.99386E-05 9.99386E-05
0.095313 9.99473E-05 9.99473E-05 0.00762378 9.99473E-05 0.378054 0.08754 9.99473E-05 0.18252 0.24835 9.99473E-05 9.99473E-05
9.99386E-05 9.99386E-05 9.99386E-05 9.99386E-05 9.99386E-05 0.598807 9.99386E-05 9.99386E-05 0.184963 0.185374 0.0215019 0.00865485
9.99212E-05 9.99212E-05 9.99212E-05 0.088381 9.99212E-05 0.89903 9.99212E-05 9.99212E-05 9.99212E-05 9.99212E-05 0.0116894 9.99212E-05
9.99296E-05 9.99296E-05 0.141012 9.99296E-05 9.99296E-05 0.579256 0.103721 9.99296E-05 9.99296E-05 0.175212 9.99296E-05 9.99296E-05
9.99297E-05 9.99297E-05 9.99297E-05 9.99297E-05 9.99297E-05 0.533176 9.99297E-05 9.99297E-05 0.00335988 0.351526 0.111139 9.99297E-05
0.1017 9.99386E-05 9.99386E-05 9.99386E-05 9.99386E-05 0.809272 9.99386E-05 0.0404421 9.99386E-05 0.00867373 9.99386E-05 0.039212
9.99473E-05 9.99473E-05 9.99473E-05 9.99473E-05 0.0570017 0.709597 9.99473E-05 0.0331053 0.0153634 0.0944119 0.0899206 9.99473E-05
0.0435026 9.99384E-05 9.99384E-05 9.99384E-05 0.0512851 0.866427 9.99384E-05 0.0116934 9.99384E-05 0.0263927 9.99384E-05 9.99384E-05
0.200924 9.99297E-05 9.99297E-05 9.99297E-05 9.99297E-05 0.34961 0.0840117 9.99297E-05 9.99297E-05 0.364655 9.99297E-05 9.99297E-05
0.102394 9.99297E-05 0.0107668 9.99297E-05 9.99297E-05 0.713086 9.99297E-05 9.99297E-05 9.99297E-05 0.172954 9.99297E-05 9.99297E-05
9.99122E-05 9.99122E-05 9.99122E-05 9.99122E-05 9.99122E-05 0.988213 9.99122E-05 9.99122E-05 9.99122E-05 0.0107878 9.99122E-05 9.99122E-05
9.99385E-05 9.99385E-05 0.0840873 9.99385E-05 9.99385E-05 0.756919 9.99385E-05 0.0166799 0.00684047 0.134773 9.99385E-05 9.99385E-05
9.99472E-05 9.99472E-05 9.99472E-05 9.99472E-05 9.99472E-05 0.615493 0.0362524 0.00594761 9.99472E-05 0.235447 0.0535989 0.0526612
9.99123E-05 9.99123E-05 9.99123E-05 9.99123E-05 9.99123E-05 0.962223 9.99123E-05 9.99123E-05 9.99123E-05 0.0367782 9.99123E-05 9.99123E-05
0.000574804 9.99211E-05 9.99211E-05 9.99211E-05 9.99211E-05 0.974423 9.99211E-05 9.99211E-05 9.99211E-05 0.0241027 9.99211E-05 9.99211E-05
9.99123E-05 9.99123E-05 9.99123E-05 9.99123E-05 9.99123E-05 0.986306 9.99123E-05 9.99123E-05 9.99123E-05 0.0126951 9.99123E-05 9.99123E-05
9.99036E-05 9.99036E-05 9.99036E-05 9.99036E-05 9.99036E-05 0.998901 9.99036E-05 9.99036E-05 9.99036E-05 9.99036E-05 9.99036E-05 9.99036E-05
9.99384E-05 9.99384E-05 9.99384E-05 9.99384E-05 9.99384E-05 0.456932 0.0575011 9.99384E-05 0.177716 0.143528 0.163624 9.99384E-05
9.99209E-05 9.99209E-05 9.99209E-05 9.99209E-05 9.99209E-05 0.715647 0.080459 9.99209E-05 9.99209E-05 0.202994 9.99209E-05 9.99209E-05
0.0137916 9.993E-05 9.993E-05 9.993E-05 9.993E-05 0.830643 9.993E-05 9.993E-05 9.993E-05 0.149689 0.00507712 9.993E-05
9.99037E-05 9.99037E-05 9.99037E-05 9.99037E-05 9.99037E-05 0.998901 9.99037E-05 9.99037E-05 9.99037E-05 9.99037E-05 9.99037E-05 9.99037E-05
0.139265 9.99385E-05 9.99385E-05 9.99385E-05 9.99385E-05 0.327458 9.99385E-05 9.99385E-05 0.252189 0.276097 9.99385E-05 0.00429189
9.99386E-05 9.99386E-05 9.99386E-05 9.99386E-05 0.0183579 0.689596 9.99386E-05 0.0300145 9.99386E-05 0.211791 9.99386E-05 0.0495404
9.99562E-05 9.99562E-05 9.99562E-05 0.173763 0.0514982 0.438518 0.0556794 0.0156723 0.0466215 0.217748 9.99562E-05 9.99562E-05
0.146573 9.99385E-05 9.99385E-05 9.99385E-05 9.99385E-05 0.323443 9.99385E-05 0.0190675 9.99385E-05 0.35282 0.157398 9.99385E-05
9.99036E-05 9.99036E-05 9.99036E-05 9.99036E-05 9.99036E-05 0.998901 9.99036E-05 9.99036E-05 9.99036E-05 9.99036E-05 9.99036E-05 9.99036E-05
9.99472E-05 9.99472E-05 0.209952 9.99472E-05 9.99472E-05 0.506726 0.0622723 0.0533687 9.99472E-05 0.0480544 0.119027 9.99472E-05
9.99212E-05 9.99212E-05 9.99212E-05 9.99212E-05 9.99212E-05 0.853298 9.99212E-05 9.99212E-05 0.0802211 0.0655814 9.99212E-05 9.99212E-05
9.99298E-05 9.99298E-05 9.99298E-05 9.99298E-05 9.99298E-05 0.85582 9.99298E-05 0.0218883 9.99298E-05 0.113374 9.99298E-05 0.00811812
9.99473E-05 0.0224314 9.99473E-05 9.99473E-05 0.142048 0.557251 0.0227086 9.99473E-05 0.046283 0.208678 9.99473E-05 9.99473E-05
0.024544 0.0266843 0.175443 9.99472E-05 9.99472E-05 0.687128 9.99472E-05 0.0114992 9.99472E-05 0.074102 9.99472E-05 9.99472E-05
0.00995697 9.99297E-05 9.99297E-05 9.99297E-05 9.99297E-05 0.421598 9.99297E-05 9.99297E-05 0.279441 0.288205 9.99297E-05 9.99297E-05
9.99296E-05 9.99296E-05 9.99296E-05 9.99296E-05 9.99296E-05 0.704426 9.99296E-05 0.0479694 9.99296E-05 0.168042 0.0787629 9.99296E-05
0.0348157 0.00724266 9.99385E-05 9.99385E-05 9.99385E-05 0.787138 9.99385E-05 0.080891 9.99385E-05 0.089213 9.99385E-05 9.99385E-05
0.184158 9.99209E-05 9.99209E-05 9.99209E-05 9.99209E-05 0.778925 9.99209E-05 9.99209E-05 9.99209E-05 0.0360174 9.99209E-05 9.99209E-05
9.99122E-05 9.99122E-05 9.99122E-05 9.99122E-05 9.99122E-05 0.823069 9.99122E-05 9.99122E-05 9.99122E-05 0.175932 9.99122E-05 9.99122E-05
9.9903E-05 9.9903E-05 9.9903E-05 9.9903E-05 9.9903E-05 9.9903E-05 9.9903E-05 9.9903E-05 9.9903E-05 9.9903E-05 0.998901 9.9903E-05
9.99033E-05 9.99033E-05 9.99033E-05 9.99033E-05 9.99033E-05 9.99033E-05 9.99033E-05 9.99033E-05 9.99033E-05 0.998901 9.99033E-05 9.99033E-05
9.99031E-05 9.99031E-05 9.99031E-05 9.99031E-05 9.99031E-05 9.99031E-05 9.99031E-05 9.99031E-05 9.99031E-05 9.99031E-05 0.998901 9.99031E-05
9.99032E-05 9.99032E-05 9.99032E-05 9.99032E-05 9.99032E-05 9.99032E-05 9.99032E-05 9.99032E-05 9.99032E-05 0.998901 9.99032E-05 9.99032E-05
9.99032E-05 9.99032E-05 9.99032E-05 9.99032E-05 9.99032E-05 9.99032E-05 9.99032E-05 9.99032E-05 9.99032E-05 0.998901 9.99032E-05 9.99032E-05
9.99032E-05 9.99032E-05 9.99032E-05 9.99032E-05 9.99032E-05 9.99032E-05 9.99032E-05 9.99032E-05 9.99032E-05 0.998901 9.99032E-05 9.99032E-05
0.00783834 9.99119E-05 9.99119E-05 9.99119E-05 9.99119E-05 9.99119E-05 9.99119E-05 9.99119E-05 9.99119E-05 9.99119E-05 0.991163 9.99119E-05
9.99032E-05 9.99032E-05 9.99032E-05 9.99032E-05 9.99032E-05 9.99032E-05 9.99032E-05 9.99032E-05 9.99032E-05 0.998901 9.99032E-05 9.99032E-05
9.99033E-05 9.99033E-05 9.99033E-05 9.99033E-05 9.99033E-05 9.99033E-05 9.99033E-05 9.99033E-05 9.99033E-05 0.998901 9.99033E-05 9.99033E-05
9.9903E-05 9.9903E-05 9.9903E-05 9.9903E-05 9.9903E-05 9.9903E-05 9.9903E-05 9.9903E-05 9.9903E-05 9.9903E-05 0.998901 9.9903E-05
9.99119E-05 9.99119E-05 9.99119E-05 9.99119E-05 9.99119E-05 9.99119E-05 9.99119E-05 9.99119E-05 9.99119E-05 0.0847992 0.914202 9.99119E-05
9.99118E-05 9.99118E-05 9.99118E-05 9.99118E-05 9.99118E-05 9.99118E-05 9.99118E-05 9.99118E-05 9.99118E-05 0.00733425 0.991667 9.99118E-05
9.99032E-05 9.99032E-05 9.99032E-05 9.99032E-05 9.99032E-05 9.99032E-05 9.99032E-05 9.99032E-05 9.99032E-05 0.998901 9.99032E-05 9.99032E-05
9.99031E-05 9.99031E-05 9.99031E-05 9.99031E-05 9.99031E-05 9.99031E-05 9.99031E-05 9.99031E-05 9.99031E-05 0.998901 9.99031E-05 9.99031E-05
0.0540662 9.99295E-05 9.99295E-05 9.99295E-05 9.99295E-05 9.99295E-05 9.99295E-05 0.019815 9.99295E-05 0.0198551 0.905464 9.99295E-05
9.9903E-05 9.9903E-05 9.9903E-05 9.9903E-05 9.9903E-05 9.9903E-05 9.9903E-05 9.9903E-05 9.9903E-05 9.9903E-05 0.998901 9.9903E-05
0.0619918 0.0211186 0.182208 0.0920503 9.99472E-05 0.501574 9.99472E-05 9.99472E-05 9.99472E-05 0.140458 9.99472E-05 9.99472E-05
0.0125132 9.99119E-05 9.99119E-05 9.99119E-05 9.99119E-05 9.99119E-05 9.99119E-05 9.99119E-05 9.99119E-05 9.99119E-05 0.986488 9.99119E-05
9.99033E-05 9.99033E-05 9.99033E-05 9.99033E-05 9.99033E-05 9.99033E-05 9.99033E-05 9.99033E-05 9.99033E-05 0.998901 9.99033E-05 9.99033E-05
9.9903E-05 9.9903E-05 9.9903E-05 9.9903E-05 9.9903E-05 9.9903E-05 9.9903E-05 9.9903E-05 9.9903E-05 9.9903E-05 0.998901 9.9903E-05
9.99118E-05 9.99118E-05 9.99118E-05 9.99118E-05 9.99118E-05 9.99118E-05 9.99118E-05 9.99118E-05 9.99118E-05 0.050053 0.948948 9.99118E-05
9.9903E-05 9.9903E-05 9.9903E-05 9.9903E-05 9.9903E-05 9.9903E-05 9.9903E-05 9.9903E-05 9.9903E-05 9.9903E-05 0.998901 9.9903E-05
9.99032E-05 9.99032E-05 9.99032E-05 9.99032E-05 9.99032E-05 9.99032E-05 9.99032E-05 9.99032E-05 9.99032E-05 0.998901 9.99032E-05 9.99032E-05
9.99119E-05 9.99119E-05 9.99119E-05 9.99119E-05 9.99119E-05 9.99119E-05 9.99119E-05 9.99119E-05 9.99119E-05 0.0290005 0.97 9.99119E-05
9.99032E-05 9.99032E-05 9.99032E-05 9.99032E-05 9.99032E-05 9.99032E-05 9.99032E-05 9.99032E-05 9.99032E-05 0.998901 9.99032E-05 9.99032E-05
9.99119E-05 9.99119E-05 9.99119E-05 9.99119E-05 9.99119E-05 9.99119E-05 9.99119E-05 9.99119E-05 9.99119E-05 0.0222837 0.976717 9.99119E-05
9.9903E-05 9.9903E-05 9.9903E-05 9.9903E-05 9.9903E-05 9.9903E-05 9.9903E-05 9.9903E-05 9.9903E-05 9.9903E-05 0.998901 9.9903E-05
9.99032E-05 9.99032E-05 9.99032E-05 9.99032E-05 9.99032E-05 9.99032E-05 9.99032E-05 9.99032E-05 9.99032E-05 0.998901 9.99032E-05 9.99032E-05
9.99032E-05 9.99032E-05 9.99032E-05 9.99032E-05 9.99032E-05 9.99032E-05 9.99032E-05 9.99032E-05 9.99032E-05 0.998901 9.99032E-05 9.99032E-05
9.99032E-05 9.99032E-05 9.99032E-05 9.99032E-05 9.99032E-05 9.99032E-05 9.99032E-05 9.99032E-05 9.99032E-05 0.998901 9.99032E-05 9.99032E-05
0.0418923 9.99207E-05 9.99207E-05 9.99207E-05 9.99207E-05 9.99207E-05 9.99207E-05 9.99207E-05 9.99207E-05 0.00163528 0.955573 9.99207E-05
0.0447769 9.99119E-05 9.99119E-05 9.99119E-05 9.99119E-05 9.99119E-05 9.99119E-05 9.99119E-05 9.99119E-05 9.99119E-05 0.954224 9.99119E-05
9.99119E-05 9.99119E-05 9.99119E-05 9.99119E-05 9.99119E-05 9.99119E-05 9.99119E-05 9.99119E-05 9.99119E-05 0.00652132 0.99248 9.99119E-05
9.99118E-05 9.99118E-05 9.99118E-05 9.99118E-05 9.99118E-05 9.99118E-05 9.99118E-05 9.99118E-05 9.99118E-05 0.00968049 0.98932 9.99118E-05
9.99118E-05 9.99118E-05 9.99118E-05 9.99118E-05 9.99118E-05 9.99118E-05 9.99118E-05 9.99118E-05 9.99118E-05 0.0529334 0.946067 9.99118E-05
9.99032E-05 9.99032E-05 9.99032E-05 9.99032E-05 9.99032E-05 9.99032E-05 9.99032E-05 9.99032E-05 9.99032E-05 0.998901 9.99032E-05 9.99032E-05
9.99032E-05 9.99032E-05 9.99032E-05 9.99032E-05 9.99032E-05 9.99032E-05 9.99032E-05 9.99032E-05 9.99032E-05 0.998901 9.99032E-05 9.99032E-05
9.99032E-05 9.99032E-05 9.99032E-05 9.99032E-05 9.99032E-05 9.99032E-05 9.99032E-05 9.99032E-05 9.99032E-05 0.998901 9.99032E-05 9.99032E-05
9.99119E-05 9.99119E-05 9.99119E-05 9.99119E-05 9.99119E-05 9.99119E-05 9.99119E-05 9.99119E-05 9.99119E-05 0.0366348 0.962366 9.99119E-05
9.99032E-05 9.99032E-05 9.99032E-05 9.99032E-05 9.99032E-05 9.99032E-05 9.99032E-05 9.99032E-05 9.99032E-05 0.998901 9.99032E-05 9.99032E-05
9.99032E-05 9.99032E-05 9.99032E-05 9.99032E-05 9.99032E-05 9.99032E-05 9.99032E-05 9.99032E-05 9.99032E-05 0.998901 9.99032E-05 9.99032E-05
9.99031E-05 9.99031E-05 9.99031E-05 9.99031E-05 9.99031E-05 9.99031E-05 9.99031E-05 9.99031E-05 9.99031E-05 0.998901 9.99031E-05 9.99031E-05
9.99031E-05 9.99031E-05 9.99031E-05 9.99031E-05 9.99031E-05 9.99031E-05 9.99031E-05 9.99031E-05 9.99031E-05 0.998901 9.99031E-05 9.99031E-05
9.9903E-05 9.9903E-05 9.9903E-05 9.9903E-05 9.9903E-05 9.9903E-05 9.9903E-05 9.9903E-05 9.9903E-05 9.9903E-05 0.998901 9.9903E-05
9.99032E-05 9.99032E-05 9.99032E-05 9.99032E-05 9.99032E-05 9.99032E-05 9.99032E-05 9.99032E-05 9.99032E-05 0.998901 9.99032E-05 9.99032E-05
9.99032E-05 9.99032E-05 9.99032E-05 9.99032E-05 9.99032E-05 9.99032E-05 9.99032E-05 9.99032E-05 9.99032E-05 0.998901 9.99032E-05 9.99032E-05
0.080533 0.0239895 0.219325 0.0255622 9.9956E-05 0.49402 9.9956E-05 9.9956E-05 0.0289093 0.127162 9.9956E-05 9.9956E-05
9.9903E-05 9.9903E-05 9.9903E-05 9.9903E-05 9.9903E-05 9.9903E-05 9.9903E-05 9.9903E-05 9.9903E-05 9.9903E-05 0.998901 9.9903E-05
9.99032E-05 9.99032E-05 9.99032E-05 9.99032E-05 9.99032E-05 9.99032E-05 9.99032E-05 9.99032E-05 9.99032E-05 0.998901 9.99032E-05 9.99032E-05
9.99032E-05 9.99032E-05 9.99032E-05 9.99032E-05 9.99032E-05 9.99032E-05 9.99032E-05 9.99032E-05 9.99032E-05 0.998901 9.99032E-05 9.99032E-05
9.99032E-05 9.99032E-05 9.99032E-05 9.99032E-05 9.99032E-05 9.99032E-05 9.99032E-05 9.99032E-05 9.99032E-05 0.998901 9.99032E-05 9.99032E-05
9.99032E-05 9.99032E-05 9.99032E-05 9.99032E-05 9.99032E-05 9.99032E-05 9.99032E-05 9.99032E-05 9.99032E-05 0.998901 9.99032E-05 9.99032E-05
9.9903E-05 9.9903E-05 9.9903E-05 9.9903E-05 9.9903E-05 9.9903E-05 9.9903E-05 9.9903E-05 9.9903E-05 9.9903E-05 0.998901 9.9903E-05
9.99033E-05 9.99033E-05 9.99033E-05 9.99033E-05 9.99033E-05 9.99033E-05 9.99033E-05 9.99033E-05 9.99033E-05 0.998901 9.99033E-05 9.99033E-05
9.9903E-05 9.9903E-05 9.9903E-05 9.9903E-05 9.9903E-05 9.9903E-05 9.9903E-05 9.9903E-05 9.9903E-05 9.9903E-05 0.998901 9.9903E-05
9.99032E-05 9.99032E-05 9.99032E-05 9.99032E-05 9.99032E-05 9.99032E-05 9.99032E-05 9.99032E-05 9.99032E-05 0.998901 9.99032E-05 9.99032E-05
9.99118E-05 9.99118E-05 9.99118E-05 9.99118E-05 9.99118E-05 9.99118E-05 9.99118E-05 9.99118E-05 9.99118E-05 0.0109392 0.988062 9.99118E-05
9.99032E-05 9.99032E-05 9.99032E-05 9.99032E-05 9.99032E-05 9.99032E-05 9.99032E-05 9.99032E-05 9.99032E-05 0.998901 9.99032E-05 9.99032E-05
9.99032E-05 9.99032E-05 9.99032E-05 9.99032E-05 9.99032E-05 9.99032E-05 9.99032E-05 9.99032E-05 9.99032E-05 0.998901 9.99032E-05 9.99032E-05
9.99032E-05 9.99032E-05 9.99032E-05 9.99032E-05 9.99032E-05 9.99032E-05 9.99032E-05 9.99032E-05 9.99032E-05 0.998901 9.99032E-05 9.99032E-05
9.99032E-05 9.99032E-05 9.99032E-05 9.99032E-05 9.99032E-05 9.99032E-05 9.99032E-05 9.99032E-05 9.99032E-05 0.998901 9.99032E-05 9.99032E-05
9.99032E-05 9.99032E-05 9.99032E-05 9.99032E-05 9.99032E-05 9.99032E-05 9.99032E-05 9.99032E-05 9.99032E-05 0.998901 9.99032E-05 9.99032E-05
9.99032E-05 9.99032E-05 9.99032E-05 9.99032E-05 9.99032E-05 9.99032E-05 9.99032E-05 9.99032E-05 9.99032E-05 0.998901 9.99032E-05 9.99032E-05
9.9903E-05 9.9903E-05 9.9903E-05 9.9903E-05 9.9903E-05 9.9903E-05 9.9903E-05 9.9903E-05 9.9903E-05 9.9903E-05 0.998901 9.9903E-05
9.99031E-05 9.99031E-05 9.99031E-05 9.99031E-05 9.99031E-05 9.99031E-05 9.99031E-05 9.99031E-05 9.99031E-05 9.99031E-05 0.998901 9.99031E-05
0.0207096 9.99118E-05 9.99118E-05 9.99118E-05 9.99118E-05 9.99118E-05 9.99118E-05 9.99118E-05 9.99118E-05 9.99118E-05 0.978291 9.99118E-05
9.99032E-05 9.99032E-05 9.99032E-05 9.99032E-05 9.99032E-05 9.99032E-05 9.99032E-05 9.99032E-05 9.99032E-05 0.998901 9.99032E-05 9.99032E-05
9.9903E-05 9.9903E-05 9.9903E-05 9.9903E-05 9.9903E-05 9.9903E-05 9.9903E-05 9.9903E-05 9.9903E-05 9.9903E-05 0.998901 9.9903E-05
9.99118E-05 9.99118E-05 9.99118E-05 9.99118E-05 9.99118E-05 9.99118E-05 9.99118E-05 9.99118E-05 9.99118E-05 0.056324 0.942677 9.99118E-05
9.99119E-05 9.99119E-05 9.99119E-05 9.99119E-05 9.99119E-05 9.99119E-05 9.99119E-05 9.99119E-05 9.99119E-05 0.0228041 0.976197 9.99119E-05
9.99032E-05 9.99032E-05 9.99032E-05 9.99032E-05 9.99032E-05 9.99032E-05 9.99032E-05 9.99032E-05 9.99032E-05 0.998901 9.99032E-05 9.99032E-05
9.99033E-05 9.99033E-05 9.99033E-05 9.99033E-05 9.99033E-05 9.99033E-05 9.99033E-05 9.99033E-05 9.99033E-05 0.998901 9.99033E-05 9.99033E-05
9.99033E-05 9.99033E-05 9.99033E-05 9.99033E-05 9.99033E-05 9.99033E-05 9.99033E-05 9.99033E-05 9.99033E-05 0.998901 9.99033E-05 9.99033E-05
9.9903E-05 9.9903E-05 9.9903E-05 9.9903E-05 9.9903E-05 9.9903E-05 9.9903E-05 9.9903E-05 9.9903E-05 9.9903E-05 0.998901 9.9903E-05
9.99032E-05 9.99032E-05 9.99032E-05 9.99032E-05 9.99032E-05 9.99032E-05 9.99032E-05 9.99032E-05 9.99032E-05 0.998901 9.99032E-05 9.99032E-05
9.99032E-05 9.99032E-05 9.99032E-05 9.99032E-05 9.99032E-05 9.99032E-05 9.99032E-05 9.99032E-05 9.99032E-05 0.998901 9.99032E-05 9.99032E-05
9.99031E-05 9.99031E-05 9.99031E-05 9.99031E-05 9.99031E-05 9.99031E-05 9.99031E-05 9.99031E-05 9.99031E-05 9.99031E-05 0.998901 9.99031E-05
9.99033E-05 9.99033E-05 9.99033E-05 9.99033E-05 9.99033E-05 9.99033E-05 9.99033E-05 9.99033E-05 9.99033E-05 0.998901 9.99033E-05 9.99033E-05
9.99032E-05 9.99032E-05 9.99032E-05 9.99032E-05 9.99032E-05 9.99032E-05 9.99032E-05 9.99032E-05 9.99032E-05 0.998901 9.99032E-05 9.99032E-05
0.0258118 0.0273105 9.99648E-05 9.99648E-05 9.99648E-05 0.351009 9.99648E-05 0.155026 0.0422528 0.114759 0.17366 0.109772
9.99119E-05 9.99119E-05 9.99119E-05 9.99119E-05 9.99119E-05 9.99119E-05 9.99119E-05 9.99119E-05 9.99119E-05 0.0471681 0.951833 9.99119E-05
9.99032E-05 9.99032E-05 9.99032E-05 9.99032E-05 9.99032E-05 9.99032E-05 9.99032E-05 9.99032E-05 9.99032E-05 0.998901 9.99032E-05 9.99032E-05
9.99298E-05 9.99298E-05 9.99298E-05 0.0985353 9.99298E-05 0.4419 9.99298E-05 0.0185113 9.99298E-05 0.440254 9.99298E-05 9.99298E-05
0.0117568 0.0488438 0.0748142 0.027014 9.99561E-05 0.49603 0.0638617 9.99561E-05 9.99561E-05 0.27718 9.99561E-05 9.99561E-05
9.99296E-05 9.99296E-05 9.99296E-05 0.0784504 9.99296E-05 0.631925 9.99296E-05 9.99296E-05 9.99296E-05 0.202262 0.0865631 9.99296E-05
0.0124073 0.0194179 0.12727 9.99384E-05 9.99384E-05 0.802418 9.99384E-05 9.99384E-05 9.99384E-05 9.99384E-05 9.99384E-05 0.0377877
0.0253269 9.99384E-05 9.99384E-05 9.99384E-05 9.99384E-05 0.477536 9.99384E-05 9.99384E-05 0.119255 0.303108 0.0740739 9.99384E-05
9.99213E-05 9.99213E-05 9.99213E-05 9.99213E-05 9.99213E-05 0.882311 9.99213E-05 9.99213E-05 0.0348185 0.0819712 9.99213E-05 9.99213E-05
9.99297E-05 9.99297E-05 0.108872 9.99297E-05 9.99297E-05 0.405534 9.99297E-05 9.99297E-05 9.99297E-05 0.384337 0.100458 9.99297E-05
0.0173196 0.0391991 9.99561E-05 0.0337626 9.99561E-05 0.601127 9.99561E-05 0.072197 9.99561E-05 0.198128 9.99561E-05 0.037767
9.99123E-05 9.99123E-05 9.99123E-05 9.99123E-05 9.99123E-05 0.799533 9.99123E-05 9.99123E-05 9.99123E-05 0.199468 9.99123E-05 9.99123E-05
9.99472E-05 9.99472E-05 9.99472E-05 0.0256028 0.0895491 0.66715 0.104521 9.99472E-05 9.99472E-05 0.0530315 0.0595464 9.99472E-05
9.99298E-05 9.99298E-05 9.99298E-05 9.99298E-05 9.99298E-05 0.767297 9.99298E-05 0.104513 9.99298E-05 0.0581478 0.0692434 9.99298E-05
9.99122E-05 9.99122E-05 9.99122E-05 9.99122E-05 9.99122E-05 0.417489 9.99122E-05 9.99122E-05 9.99122E-05 0.581512 9.99122E-05 9.99122E-05
9.99472E-05 9.99472E-05 9.99472E-05 9.99472E-05 0.0731236 0.251363 9.99472E-05 9.99472E-05 0.0569302 0.277948 0.245518 0.094518
0.00092037 0.0198169 9.99384E-05 9.99384E-05 9.99384E-05 0.820743 9.99384E-05 9.99384E-05 9.99384E-05 0.0509484 9.99384E-05 0.106872
0.040679 9.99385E-05 9.99385E-05 9.99385E-05 9.99385E-05 0.71052 0.0161959 0.0388119 9.99385E-05 0.193094 9.99385E-05 9.99385E-05
9.99385E-05 9.99385E-05 9.99385E-05 9.99385E-05 9.99385E-05 0.357304 0.114521 0.0496991 0.179324 0.298453 9.99385E-05 9.99385E-05
9.9921E-05 9.9921E-05 9.9921E-05 0.0882223 9.9921E-05 0.737145 9.9921E-05 9.9921E-05 9.9921E-05 0.173734 9.9921E-05 9.9921E-05
9.995E-05 9.995E-05 9.995E-05 0.057357 0.0754762 0.454937 9.995E-05 0.0835097 9.995E-05 0.138037 0.161027 0.0291571
0.0797448 0.0388832 9.9956E-05 9.9956E-05 9.9956E-05 0.495838 0.0231883 0.015171 0.234063 0.112612 9.9956E-05 9.9956E-05
9.99297E-05 0.0685803 9.99297E-05 0.0609037 9.99297E-05 0.672721 9.99297E-05 9.99297E-05 9.99297E-05 0.196995 9.99297E-05 9.99297E-05
0.0415968 9.99472E-05 9.99472E-05 9.99472E-05 9.99472E-05 0.590346 0.135239 9.99472E-05 0.0319224 0.18675 0.0135459 9.99472E-05
9.99298E-05 9.99298E-05 9.99298E-05 9.99298E-05 0.0274076 0.686955 0.0340426 9.99298E-05 9.99298E-05 0.250795 9.99298E-05 9.99298E-05
0.0463655 9.99472E-05 9.99472E-05 9.99472E-05 0.155496 0.553028 9.99472E-05 0.0060894 9.99472E-05 0.225648 9.99472E-05 0.0127726
0.0537952 9.99296E-05 9.99296E-05 9.99296E-05 9.99296E-05 0.735026 0.0411143 9.99296E-05 9.99296E-05 0.169265 9.99296E-05 9.99296E-05
0.00762391 0.0220448 9.99472E-05 0.00251397 9.99472E-05 0.794312 9.99472E-05 9.99472E-05 9.99472E-05 0.0640456 9.99472E-05 0.10886
9.99124E-05 9.99124E-05 9.99124E-05 9.99124E-05 9.99124E-05 0.922901 9.99124E-05 9.99124E-05 0.0760995 9.99124E-05 9.99124E-05 9.99124E-05
9.99384E-05 9.99384E-05 9.99384E-05 0.0292676 9.99384E-05 0.726007 0.147696 9.99384E-05 0.0291153 0.0672151 9.99384E-05 9.99384E-05
9.99297E-05 9.99297E-05 9.99297E-05 0.166755 9.99297E-05 0.488706 9.99297E-05 9.99297E-05 9.99297E-05 0.277392 0.0663477 9.99297E-05
0.022759 0.0132285 9.99384E-05 0.041268 9.99384E-05 0.833953 0.0880919 9.99384E-05 9.99384E-05 9.99384E-05 9.99384E-05 9.99384E-05
0.107762 9.99297E-05 9.99297E-05 9.99297E-05 9.99297E-05 0.578264 9.99297E-05 9.99297E-05 9.99297E-05 0.180205 9.99297E-05 0.13297
9.99297E-05 9.99297E-05 9.99297E-05 9.99297E-05 9.99297E-05 0.379955 0.1402 9.99297E-05 0.0813652 0.39768 9.99297E-05 9.99297E-05
9.9921E-05 9.9921E-05 9.9921E-05 9.9921E-05 9.9921E-05 0.661888 9.9921E-05 9.9921E-05 0.058147 0.279066 9.9921E-05 9.9921E-05
9.99296E-05 9.99296E-05 9.99296E-05 9.99296E-05 9.99296E-05 0.534315 0.0524044 9.99296E-05 0.230731 0.18175 9.99296E-05 9.99296E-05
9.99297E-05 9.99297E-05 9.99297E-05 9.99297E-05 9.99297E-05 0.582007 0.152571 9.99297E-05 9.99297E-05 0.234485 9.99297E-05 0.0301376
9.99384E-05 9.99384E-05 9.99384E-05 9.99384E-05 9.99384E-05 0.660413 0.0690456 0.0526941 9.99384E-05 0.15719 9.99384E-05 0.0599574
0.0476612 9.99297E-05 0.0100203 9.99297E-05 9.99297E-05 0.837311 9.99297E-05 9.99297E-05 9.99297E-05 0.104209 9.99297E-05 9.99297E-05
9.99035E-05 9.99035E-05 9.99035E-05 9.99035E-05 9.99035E-05 0.998901 9.99035E-05 9.99035E-05 9.99035E-05 9.99035E-05 9.99035E-05 9.99035E-05
9.9956E-05 0.0497023 0.136988 9.9956E-05 9.9956E-05 0.553411 9.9956E-05 0.0997869 0.127633 0.0147963 0.0171827 9.9956E-05
0.0109733 0.0739457 9.99473E-05 9.99473E-05 0.0686182 0.801168 9.99473E-05 0.0403316 9.99473E-05 0.00436323 9.99473E-05 9.99473E-05
9.99297E-05 9.99297E-05 0.0573375 9.99297E-05 9.99297E-05 0.463498 0.224127 9.99297E-05 9.99297E-05 0.254238 9.99297E-05 9.99297E-05
0.0202856 9.99296E-05 9.99296E-05 9.99296E-05 9.99296E-05 0.762508 0.096145 9.99296E-05 9.99296E-05 0.120261 9.99296E-05 9.99296E-05
9.99298E-05 9.99298E-05 9.99298E-05 0.090524 9.99298E-05 0.628163 0.12219 9.99298E-05 9.99298E-05 0.158323 9.99298E-05 9.99298E-05
0.0118318 9.99473E-05 0.0641492 0.069372 9.99473E-05 0.484912 0.14705 9.99473E-05 9.99473E-05 0.222085 9.99473E-05 9.99473E-05
9.99385E-05 9.99385E-05 9.99385E-05 9.99385E-05 9.99385E-05 0.273855 0.0164363 9.99385E-05 0.162404 0.525073 9.99385E-05 0.0215318
9.99296E-05 9.99296E-05 9.99296E-05 9.99296E-05 9.99296E-05 0.358038 9.99296E-05 9.99296E-05 0.115807 0.39271 0.132647 9.99296E-05
9.99296E-05 9.99296E-05 9.99296E-05 9.99296E-05 9.99296E-05 0.690592 0.0670891 9.99296E-05 9.99296E-05 0.151747 9.99296E-05 0.0897729
9.99034E-05 9.99034E-05 9.99034E-05 9.99034E-05 9.99034E-05 0.998901 9.99034E-05 9.99034E-05 9.99034E-05 9.99034E-05 9.99034E-05 9.99034E-05
9.99297E-05 9.99297E-05 9.99297E-05 9.99297E-05 9.99297E-05 0.717043 0.0717529 0.00364225 9.99297E-05 0.206763 9.99297E-05 9.99297E-05
9.99124E-05 9.99124E-05 0.0111104 9.99124E-05 9.99124E-05 0.987891 9.99124E-05 9.99124E-05 9.99124E-05 9.99124E-05 9.99124E-05 9.99124E-05
9.9956E-05 0.0368598 0.0556329 9.9956E-05 0.0875043 0.394637 9.9956E-05 9.9956E-05 0.21887 0.188004 9.9956E-05 0.0179921
9.99211E-05 9.99211E-05 9.99211E-05 9.99211E-05 9.99211E-05 0.95525 9.99211E-05 9.99211E-05 0.036859 9.99211E-05 9.99211E-05 0.00699184
9.99385E-05 9.99385E-05 9.99385E-05 9.99385E-05 9.99385E-05 0.687374 9.99385E-05 0.0645512 0.0883446 0.000179079 0.158851 9.99385E-05
9.99472E-05 0.0180046 9.99472E-05 9.99472E-05 9.99472E-05 0.457374 0.143425 0.0258639 0.275639 9.99472E-05 0.0790931 9.99472E-05
9.99209E-05 9.99209E-05 9.99209E-05 9.99209E-05 9.99209E-05 0.572831 9.99209E-05 9.99209E-05 0.222598 0.203672 9.99209E-05 9.99209E-05
0.0387387 9.99473E-05 0.162686 9.99473E-05 0.017812 0.605345 0.139563 9.99473E-05 9.99473E-05 0.0352557 9.99473E-05 9.99473E-05
9.9921E-05 9.9921E-05 9.9921E-05 0.035071 9.9921E-05 0.61367 9.9921E-05 9.9921E-05 9.9921E-05 0.35036 9.9921E-05 9.9921E-05
9.99212E-05 9.99212E-05 9.99212E-05 9.99212E-05 9.99212E-05 0.824801 9.99212E-05 9.99212E-05 0.166913 9.99212E-05 0.00738708 9.99212E-05
9.99297E-05 9.99297E-05 9.99297E-05 9.99297E-05 9.99297E-05 0.76325 9.99297E-05 0.0697714 0.0290109 0.137169 9.99297E-05 9.99297E-05
0.016158 9.99298E-05 9.99298E-05 9.99298E-05 9.99298E-05 0.677757 9.99298E-05 9.99298E-05 9.99298E-05 0.267535 9.99298E-05 0.0377507
0.0125139 9.99385E-05 9.99385E-05 9.99385E-05 9.99385E-05 0.62866 9.99385E-05 9.99385E-05 0.0986757 0.245903 9.99385E-05 0.0135478
9.99035E-05 9.99035E-05 9.99035E-05 9.99035E-05 9.99035E-05 0.998901 9.99035E-05 9.99035E-05 9.99035E-05 9.99035E-05 9.99035E-05 9.99035E-05
9.99124E-05 9.99124E-05 9.99124E-05 9.99124E-05 9.99124E-05 0.934423 9.99124E-05 9.99124E-05 9.99124E-05 0.0645778 9.99124E-05 9.99124E-05
0.0257284 9.99387E-05 9.99387E-05 9.99387E-05 9.99387E-05 0.849387 9.99387E-05 0.0056251 9.99387E-05 0.0111124 0.107448 9.99387E-05
9.99473E-05 9.99473E-05 0.0477954 0.01522 9.99473E-05 0.732072 9.99473E-05 0.0504402 9.99473E-05 0.106418 9.99473E-05 0.0474549
0.102626 9.99209E-05 9.99209E-05 9.99209E-05 9.99209E-05 0.657098 9.99209E-05 9.99209E-05 9.99209E-05 0.239377 9.99209E-05 9.99209E-05
9.9921E-05 9.9921E-05 9.9921E-05 9.9921E-05 9.9921E-05 0.66077 0.0444301 9.9921E-05 9.9921E-05 0.293901 9.9921E-05 9.9921E-05
9.99124E-05 9.99124E-05 9.99124E-05 9.99124E-05 9.99124E-05 0.872454 9.99124E-05 9.99124E-05 9.99124E-05 0.126547 9.99124E-05 9.99124E-05
0.108521 9.99473E-05 9.99473E-05 9.99473E-05 9.99473E-05 0.514343 0.0129889 9.99473E-05 0.104356 0.244333 9.99473E-05 0.0148593
0.0449744 0.00852791 9.99472E-05 9.99472E-05 9.99472E-05 0.716258 9.99472E-05 0.0296118 9.99472E-05 0.0716738 0.128354 9.99472E-05
9.99212E-05 9.99212E-05 9.99212E-05 9.99212E-05 9.99212E-05 0.674258 9.99212E-05 0.017518 0.307325 9.99212E-05 9.99212E-05 9.99212E-05
