9.98595E-05 9.98595E-05 9.98595E-05 9.98595E-05 0.00719041 9.98595E-05 9.98595E-05 0.0741239 0.159194 9.98595E-05 9.98595E-05 0.0198931 0.0667707 9.98595E-05 0.278481 9.98595E-05 9.98595E-05 9.98595E-05 0.39275 9.98595E-05 9.98595E-05 9.98595E-05 9.98595E-05
9.9842E-05 9.9842E-05 9.9842E-05 9.9842E-05 9.9842E-05 9.9842E-05 9.9842E-05 9.9842E-05 9.9842E-05 9.9842E-05 0.0346754 9.9842E-05 0.064952 9.9842E-05 0.0975841 9.9842E-05 9.9842E-05 9.9842E-05 0.362308 9.9842E-05 9.9842E-05 0.438684 9.9842E-05
9.98247E-05 9.98247E-05 9.98247E-05 9.98247E-05 9.98247E-05 0.0617506 0.00786158 9.98247E-05 9.98247E-05 9.98247E-05 9.98247E-05 9.98247E-05 9.98247E-05 9.98247E-05 9.98247E-05 9.98247E-05 9.98247E-05 9.98247E-05 9.98247E-05 9.98247E-05 9.98247E-05 0.928391 9.98247E-05
9.98859E-05 9.98859E-05 9.98859E-05 9.98859E-05 0.0255999 9.98859E-05 9.98859E-05 9.98859E-05 0.130199 0.277243 9.98859E-05 0.0476704 9.98859E-05 0.133619 9.98859E-05 9.98859E-05 0.00223243 0.0197231 0.213775 9.98859E-05 9.98859E-05 0.0672321 0.081407
9.98509E-05 9.98509E-05 9.98509E-05 9.98509E-05 9.98509E-05 0.00881745 9.98509E-05 9.98509E-05 9.98509E-05 9.98509E-05 9.98509E-05 9.98509E-05 9.98509E-05 9.98509E-05 9.98509E-05 9.98509E-05 9.98509E-05 9.98509E-05 0.667253 0.0335228 0.0542122 0.190369 0.0441279
9.98597E-05 9.98597E-05 9.98597E-05 9.98597E-05 9.98597E-05 9.98597E-05 9.98597E-05 9.98597E-05 9.98597E-05 0.0913432 9.98597E-05 9.98597E-05 0.0431284 0.140414 0.2695 9.98597E-05 0.126171 9.98597E-05 9.98597E-05 9.98597E-05 0.135191 0.192654 9.98597E-05
9.98947E-05 9.98947E-05 0.105081 9.98947E-05 0.000387255 9.98947E-05 0.0184206 9.98947E-05 0.0694249 0.160854 0.0949716 0.0893105 0.106215 9.98947E-05 0.0207669 9.98947E-05 9.98947E-05 9.98947E-05 0.327177 9.98947E-05 9.98947E-05 9.98947E-05 0.00619324
9.98948E-05 9.98948E-05 9.98948E-05 9.98948E-05 9.98948E-05 9.98948E-05 9.98948E-05 0.0515179 0.210163 0.0798846 9.98948E-05 9.98948E-05 9.98948E-05 0.102958 0.0332165 9.98948E-05 0.12138 9.98948E-05 0.138184 0.0673046 0.110757 0.0407447 0.0426917
9.98684E-05 0.0440749 9.98684E-05 9.98684E-05 0.262088 9.98684E-05 0.112558 9.98684E-05 0.0267321 9.98684E-05 9.98684E-05 9.98684E-05 9.98684E-05 0.00984365 9.98684E-05 9.98684E-05 0.243685 9.98684E-05 0.279589 9.98684E-05 9.98684E-05 9.98684E-05 0.0199307
9.9807E-05 9.9807E-05 9.9807E-05 9.9807E-05 9.9807E-05 9.9807E-05 9.9807E-05 9.9807E-05 9.9807E-05 9.9807E-05 9.9807E-05 9.9807E-05 9.9807E-05 9.9807E-05 9.9807E-05 9.9807E-05 9.9807E-05 9.9807E-05 0.997804 9.9807E-05 9.9807E-05 9.9807E-05 9.9807E-05
9.98509E-05 9.98509E-05 9.98509E-05 9.98509E-05 0.162358 9.98509E-05 9.98509E-05 9.98509E-05 0.0638649 9.98509E-05 9.98509E-05 0.131497 9.98509E-05 9.98509E-05 0.0340637 9.98509E-05 0.0213119 9.98509E-05 0.585207 9.98509E-05 9.98509E-05 9.98509E-05 9.98509E-05
9.98333E-05 9.98333E-05 9.98333E-05 0.0520518 9.98333E-05 0.00670547 9.98333E-05 9.98333E-05 9.98333E-05 9.98333E-05 9.98333E-05 0.000923737 9.98333E-05 9.98333E-05 9.98333E-05 9.98333E-05 9.98333E-05 9.98333E-05 9.98333E-05 9.98333E-05 9.98333E-05 0.938422 9.98333E-05
9.98246E-05 9.98246E-05 9.98246E-05 9.98246E-05 0.0678437 9.98246E-05 9.98246E-05 9.98246E-05 0.103062 9.98246E-05 9.98246E-05 9.98246E-05 9.98246E-05 9.98246E-05 9.98246E-05 9.98246E-05 9.98246E-05 9.98246E-05 0.827097 9.98246E-05 9.98246E-05 9.98246E-05 9.98246E-05
0.0400639 0.129685 9.98686E-05 0.0481905 0.0468237 9.98686E-05 9.98686E-05 9.98686E-05 9.98686E-05 9.98686E-05 9.98686E-05 0.0585712 9.98686E-05 9.98686E-05 9.98686E-05 0.0369051 9.98686E-05 9.98686E-05 0.00734847 9.98686E-05 9.98686E-05 0.630915 9.98686E-05
9.98685E-05 0.101655 9.98685E-05 9.98685E-05 0.0966052 9.98685E-05 0.00502708 9.98685E-05 9.98685E-05 9.98685E-05 9.98685E-05 9.98685E-05 9.98685E-05 0.116421 0.217441 0.018827 0.112798 9.98685E-05 0.329727 9.98685E-05 9.98685E-05 9.98685E-05 9.98685E-05
9.98683E-05 9.98683E-05 9.98683E-05 9.98683E-05 0.140096 9.98683E-05 9.98683E-05 0.0213678 0.0499973 0.0446118 9.98683E-05 9.98683E-05 9.98683E-05 9.98683E-05 0.232125 9.98683E-05 0.111373 9.98683E-05 0.253046 0.145885 9.98683E-05 9.98683E-05 9.98683E-05
0.124557 9.98771E-05 9.98771E-05 0.00747975 0.0732552 9.98771E-05 9.98771E-05 0.0368953 9.98771E-05 9.98771E-05 9.98771E-05 0.0440497 0.0554177 9.98771E-05 9.98771E-05 0.0383368 9.98771E-05 9.98771E-05 0.556 9.98771E-05 9.98771E-05 0.0626107 9.98771E-05
9.98597E-05 9.98597E-05 9.98597E-05 9.98597E-05 0.12544 0.151337 9.98597E-05 9.98597E-05 0.165024 9.98597E-05 9.98597E-05 9.98597E-05 9.98597E-05 9.98597E-05 0.274078 9.98597E-05 0.012934 0.0893959 0.180193 9.98597E-05 9.98597E-05 9.98597E-05 9.98597E-05
9.98683E-05 9.98683E-05 9.98683E-05 9.98683E-05 0.141094 0.0522091 9.98683E-05 9.98683E-05 0.178673 0.0316024 9.98683E-05 9.98683E-05 9.98683E-05 9.98683E-05 9.98683E-05 0.0486995 0.099191 9.98683E-05 0.187938 9.98683E-05 9.98683E-05 0.259095 9.98683E-05
9.98072E-05 9.98072E-05 9.98072E-05 9.98072E-05 9.98072E-05 9.98072E-05 9.98072E-05 9.98072E-05 9.98072E-05 9.98072E-05 9.98072E-05 9.98072E-05 9.98072E-05 9.98072E-05 9.98072E-05 9.98072E-05 9.98072E-05 9.98072E-05 0.997804 9.98072E-05 9.98072E-05 9.98072E-05 9.98072E-05
9.98684E-05 9.98684E-05 9.98684E-05 0.0215667 9.98684E-05 9.98684E-05 9.98684E-05 9.98684E-05 0.017667 9.98684E-05 9.98684E-05 9.98684E-05 9.98684E-05 9.98684E-05 9.98684E-05 0.042836 0.0771378 0.0132912 0.472365 9.98684E-05 9.98684E-05 0.0479645 0.305673
9.98772E-05 9.98772E-05 9.98772E-05 9.98772E-05 9.98772E-05 9.98772E-05 9.98772E-05 9.98772E-05 0.272943 0.0392265 0.0844554 9.98772E-05 0.00568833 0.113551 9.98772E-05 0.0262496 0.129923 9.98772E-05 0.284343 9.98772E-05 0.042222 9.98772E-05 9.98772E-05
9.98334E-05 9.98334E-05 9.98334E-05 9.98334E-05 0.0896745 9.98334E-05 9.98334E-05 9.98334E-05 9.98334E-05 9.98334E-05 9.98334E-05 0.0338884 9.98334E-05 9.98334E-05 0.20997 9.98334E-05 9.98334E-05 9.98334E-05 9.98334E-05 9.98334E-05 9.98334E-05 0.66457 9.98334E-05
9.98509E-05 9.98509E-05 9.98509E-05 9.98509E-05 0.236506 9.98509E-05 0.0419805 0.040305 0.246598 9.98509E-05 9.98509E-05 9.98509E-05 9.98509E-05 9.98509E-05 0.0427963 9.98509E-05 9.98509E-05 9.98509E-05 0.390116 9.98509E-05 9.98509E-05 9.98509E-05 9.98509E-05
9.98507E-05 9.98507E-05 9.98507E-05 9.98507E-05 0.258135 9.98507E-05 0.0775913 9.98507E-05 0.148639 9.98507E-05 9.98507E-05 9.98507E-05 9.98507E-05 0.158867 9.98507E-05 0.109779 9.98507E-05 9.98507E-05 9.98507E-05 9.98507E-05 9.98507E-05 0.245292 9.98507E-05
9.98596E-05 9.98596E-05 9.98596E-05 9.98596E-05 0.0742714 9.98596E-05 9.98596E-05 9.98596E-05 0.0567489 0.00138108 9.98596E-05 9.98596E-05 9.98596E-05 0.0359315 9.98596E-05 9.98596E-05 9.98596E-05 9.98596E-05 0.792111 0.00368588 0.034272 9.98596E-05 9.98596E-05
9.98684E-05 0.00898413 9.98684E-05 9.98684E-05 0.0384209 0.127106 9.98684E-05 9.98684E-05 0.229899 9.98684E-05 0.267786 9.98684E-05 9.98684E-05 0.291524 9.98684E-05 9.98684E-05 9.98684E-05 9.98684E-05 0.0285603 0.00622124 9.98684E-05 9.98684E-05 9.98684E-05
9.9851E-05 9.9851E-05 9.9851E-05 0.0139876 0.0367951 9.9851E-05 9.9851E-05 9.9851E-05 0.0349826 0.0520056 9.9851E-05 9.9851E-05 9.9851E-05 0.0100346 9.9851E-05 9.9851E-05 9.9851E-05 9.9851E-05 0.850497 9.9851E-05 9.9851E-05 9.9851E-05 9.9851E-05
9.9851E-05 9.9851E-05 9.9851E-05 9.9851E-05 0.145922 9.9851E-05 9.9851E-05 9.9851E-05 0.146773 9.9851E-05 0.00245828 9.9851E-05 9.9851E-05 9.9851E-05 0.0130461 9.9851E-05 9.9851E-05 9.9851E-05 0.0895039 9.9851E-05 9.9851E-05 0.600599 9.9851E-05
9.98334E-05 9.98334E-05 9.98334E-05 9.98334E-05 0.07022 9.98334E-05 9.98334E-05 0.0310869 9.98334E-05 9.98334E-05 9.98334E-05 9.98334E-05 9.98334E-05 9.98334E-05 9.98334E-05 9.98334E-05 0.0859824 9.98334E-05 9.98334E-05 9.98334E-05 9.98334E-05 0.810814 9.98334E-05
9.98596E-05 9.98596E-05 9.98596E-05 9.98596E-05 0.0333222 0.025155 9.98596E-05 9.98596E-05 9.98596E-05 9.98596E-05 9.98596E-05 0.123132 9.98596E-05 9.98596E-05 0.148727 0.0159858 0.019645 9.98596E-05 0.632436 9.98596E-05 9.98596E-05 9.98596E-05 9.98596E-05
9.98685E-05 9.98685E-05 9.98685E-05 9.98685E-05 0.0602605 9.98685E-05 9.98685E-05 9.98685E-05 9.98685E-05 0.0249248 9.98685E-05 0.0530843 9.98685E-05 0.214067 0.0383647 0.0171034 9.98685E-05 9.98685E-05 0.583712 9.98685E-05 9.98685E-05 9.98685E-05 0.00698486
9.98508E-05 9.98508E-05 9.98508E-05 9.98508E-05 0.109149 9.98508E-05 9.98508E-05 9.98508E-05 0.141522 9.98508E-05 9.98508E-05 0.107049 9.98508E-05 0.0316346 9.98508E-05 9.98508E-05 9.98508E-05 9.98508E-05 0.0916189 9.98508E-05 9.98508E-05 0.517329 9.98508E-05
9.98508E-05 9.98508E-05 9.98508E-05 0.0130231 0.104538 0.0252386 9.98508E-05 9.98508E-05 0.126034 9.98508E-05 9.98508E-05 9.98508E-05 9.98508E-05 0.0614927 9.98508E-05 9.98508E-05 9.98508E-05 9.98508E-05 9.98508E-05 9.98508E-05 9.98508E-05 0.667976 9.98508E-05
9.98509E-05 9.98509E-05 9.98509E-05 9.98509E-05 0.00421868 9.98509E-05 9.98509E-05 9.98509E-05 9.98509E-05 9.98509E-05 9.98509E-05 0.0263798 0.0410596 9.98509E-05 9.98509E-05 9.98509E-05 0.00394681 0.00680994 9.98509E-05 9.98509E-05 9.98509E-05 0.915888 9.98509E-05
9.98771E-05 9.98771E-05 9.98771E-05 9.98771E-05 0.00894458 9.98771E-05 0.0452347 0.0064242 0.0474756 0.0463296 0.128174 9.98771E-05 9.98771E-05 9.98771E-05 0.0693256 9.98771E-05 0.0117277 9.98771E-05 0.634966 9.98771E-05 9.98771E-05 9.98771E-05 9.98771E-05
9.98336E-05 9.98336E-05 0.0868524 9.98336E-05 9.98336E-05 9.98336E-05 9.98336E-05 9.98336E-05 9.98336E-05 9.98336E-05 9.98336E-05 9.98336E-05 9.98336E-05 9.98336E-05 9.98336E-05 9.98336E-05 9.98336E-05 9.98336E-05 0.512876 0.0401481 9.98336E-05 0.358226 9.98336E-05
9.98597E-05 9.98597E-05 9.98597E-05 9.98597E-05 0.0689814 9.98597E-05 9.98597E-05 9.98597E-05 0.0199786 9.98597E-05 9.98597E-05 9.98597E-05 0.0834258 9.98597E-05 9.98597E-05 9.98597E-05 0.114114 0.0432839 0.145167 9.98597E-05 9.98597E-05 0.523452 9.98597E-05
0.020065 9.98597E-05 9.98597E-05 9.98597E-05 0.0939856 9.98597E-05 9.98597E-05 9.98597E-05 0.0516078 9.98597E-05 9.98597E-05 9.98597E-05 0.087031 9.98597E-05 9.98597E-05 9.98597E-05 0.000180146 9.98597E-05 9.98597E-05 9.98597E-05 0.0982671 0.647266 9.98597E-05
9.98684E-05 9.98684E-05 0.0474131 0.0242696 0.120421 9.98684E-05 9.98684E-05 9.98684E-05 0.0336639 9.98684E-05 9.98684E-05 9.98684E-05 9.98684E-05 0.153716 9.98684E-05 0.027275 9.98684E-05 9.98684E-05 9.98684E-05 0.00613183 9.98684E-05 0.585612 9.98684E-05
9.98421E-05 9.98421E-05 9.98421E-05 9.98421E-05 0.0355033 9.98421E-05 9.98421E-05 9.98421E-05 0.0106813 9.98421E-05 0.0271912 0.0295813 9.98421E-05 9.98421E-05 9.98421E-05 9.98421E-05 9.98421E-05 9.98421E-05 0.895246 9.98421E-05 9.98421E-05 9.98421E-05 9.98421E-05
9.9851E-05 9.9851E-05 9.9851E-05 9.9851E-05 0.0919782 9.9851E-05 0.102276 9.9851E-05 0.105229 9.9851E-05 0.0970586 9.9851E-05 9.9851E-05 9.9851E-05 9.9851E-05 9.9851E-05 9.9851E-05 9.9851E-05 0.58533 9.9851E-05 9.9851E-05 0.0164304 9.9851E-05
0.0565363 9.98421E-05 0.00095198 9.98421E-05 9.98421E-05 9.98421E-05 9.98421E-05 9.98421E-05 9.98421E-05 9.98421E-05 0.128641 0.000551578 9.98421E-05 9.98421E-05 9.98421E-05 9.98421E-05 9.98421E-05 9.98421E-05 0.811522 9.98421E-05 9.98421E-05 9.98421E-05 9.98421E-05
9.98596E-05 9.98596E-05 9.98596E-05 9.98596E-05 0.14901 9.98596E-05 0.032407 9.98596E-05 0.117065 9.98596E-05 9.98596E-05 0.00435803 9.98596E-05 9.98596E-05 0.166269 9.98596E-05 0.0886765 9.98596E-05 9.98596E-05 9.98596E-05 9.98596E-05 0.440616 9.98596E-05
9.98509E-05 9.98509E-05 9.98509E-05 9.98509E-05 0.109266 9.98509E-05 9.98509E-05 9.98509E-05 0.410554 0.0890627 9.98509E-05 9.98509E-05 9.98509E-05 9.98509E-05 9.98509E-05 9.98509E-05 9.98509E-05 9.98509E-05 0.149183 9.98509E-05 0.131804 0.108432 9.98509E-05
9.98683E-05 9.98683E-05 9.98683E-05 9.98683E-05 0.0185435 9.98683E-05 9.98683E-05 9.98683E-05 0.03619 0.00514651 9.98683E-05 9.98683E-05 9.98683E-05 9.98683E-05 9.98683E-05 9.98683E-05 0.0158857 0.0415086 0.389304 9.98683E-05 9.98683E-05 0.490759 0.00116382
9.98421E-05 9.98421E-05 9.98421E-05 9.98421E-05 0.0021204 0.0363101 9.98421E-05 9.98421E-05 9.98421E-05 9.98421E-05 9.98421E-05 0.0511917 9.98421E-05 9.98421E-05 9.98421E-05 9.98421E-05 0.00570642 9.98421E-05 0.902874 9.98421E-05 9.98421E-05 9.98421E-05 9.98421E-05
9.98069E-05 9.98069E-05 9.98069E-05 9.98069E-05 9.98069E-05 9.98069E-05 9.98069E-05 9.98069E-05 9.98069E-05 9.98069E-05 9.98069E-05 9.98069E-05 9.98069E-05 9.98069E-05 9.98069E-05 9.98069E-05 9.98069E-05 9.98069E-05 9.98069E-05 9.98069E-05 9.98069E-05 0.997804 9.98069E-05
9.98421E-05 9.98421E-05 9.98421E-05 9.98421E-05 0.120262 9.98421E-05 9.98421E-05 9.98421E-05 0.123014 0.108794 0.0173754 9.98421E-05 9.98421E-05 9.98421E-05 9.98421E-05 9.98421E-05 9.98421E-05 9.98421E-05 9.98421E-05 9.98421E-05 9.98421E-05 0.628757 9.98421E-05
9.98424E-05 9.98424E-05 0.120187 9.98424E-05 9.98424E-05 0.0180064 9.98424E-05 9.98424E-05 9.98424E-05 9.98424E-05 9.98424E-05 9.98424E-05 9.98424E-05 9.98424E-05 9.98424E-05 9.98424E-05 9.98424E-05 9.98424E-05 0.68062 9.98424E-05 0.0963245 0.0830651 9.98424E-05
9.98859E-05 9.98859E-05 9.98859E-05 9.98859E-05 0.189455 9.98859E-05 0.0280136 9.98859E-05 0.0204334 0.0594926 0.0991032 0.105147 9.98859E-05 0.102355 9.98859E-05 9.98859E-05 0.0450413 9.98859E-05 9.98859E-05 0.00320029 9.98859E-05 0.34646 9.98859E-05
9.9851E-05 9.9851E-05 9.9851E-05 0.0777638 9.9851E-05 9.9851E-05 0.0139087 9.9851E-05 0.19179 9.9851E-05 9.9851E-05 9.9851E-05 9.9851E-05 9.9851E-05 9.9851E-05 9.9851E-05 0.0208327 9.9851E-05 0.615036 9.9851E-05 0.0789712 9.9851E-05 9.9851E-05
9.98334E-05 9.98334E-05 9.98334E-05 9.98334E-05 0.00994715 0.00173126 9.98334E-05 9.98334E-05 9.98334E-05 9.98334E-05 9.98334E-05 9.98334E-05 9.98334E-05 9.98334E-05 9.98334E-05 0.00581714 9.98334E-05 9.98334E-05 0.980608 9.98334E-05 9.98334E-05 9.98334E-05 9.98334E-05
9.98597E-05 0.0362057 9.98597E-05 0.0524173 9.98597E-05 9.98597E-05 9.98597E-05 9.98597E-05 9.98597E-05 9.98597E-05 9.98597E-05 9.98597E-05 9.98597E-05 9.98597E-05 9.98597E-05 9.98597E-05 0.00290328 0.0205742 9.98597E-05 0.0371494 0.105576 0.743576 9.98597E-05
9.98248E-05 9.98248E-05 9.98248E-05 9.98248E-05 0.0351591 9.98248E-05 9.98248E-05 9.98248E-05 9.98248E-05 9.98248E-05 9.98248E-05 9.98248E-05 9.98248E-05 9.98248E-05 9.98248E-05 0.0896047 9.98248E-05 9.98248E-05 9.98248E-05 9.98248E-05 9.98248E-05 0.87324 9.98248E-05
9.98684E-05 9.98684E-05 9.98684E-05 9.98684E-05 9.98684E-05 9.98684E-05 9.98684E-05 9.98684E-05 0.0206913 9.98684E-05 9.98684E-05 0.00855476 9.98684E-05 0.0526289 9.98684E-05 9.98684E-05 9.98684E-05 0.0413211 9.98684E-05 0.023931 0.00317881 0.800123 0.0480733
9.98507E-05 9.98507E-05 0.0409357 0.00234161 0.0873821 0.0445898 9.98507E-05 9.98507E-05 9.98507E-05 0.06393 9.98507E-05 9.98507E-05 9.98507E-05 9.98507E-05 9.98507E-05 9.98507E-05 9.98507E-05 9.98507E-05 0.759123 9.98507E-05 9.98507E-05 9.98507E-05 9.98507E-05
9.98334E-05 9.98334E-05 9.98334E-05 9.98334E-05 0.0436069 9.98334E-05 9.98334E-05 9.98334E-05 9.98334E-05 0.0727373 9.98334E-05 0.0372628 9.98334E-05 9.98334E-05 9.98334E-05 9.98334E-05 9.98334E-05 9.98334E-05 0.844496 9.98334E-05 9.98334E-05 9.98334E-05 9.98334E-05
9.98509E-05 9.98509E-05 0.0246518 9.98509E-05 0.00272669 9.98509E-05 9.98509E-05 9.98509E-05 9.98509E-05 9.98509E-05 9.98509E-05 0.0509701 9.98509E-05 9.98509E-05 9.98509E-05 9.98509E-05 0.0313002 9.98509E-05 0.181753 9.98509E-05 9.98509E-05 0.706901 9.98509E-05
9.98596E-05 0.0258099 0.0160236 9.98596E-05 0.113394 0.0905137 9.98596E-05 9.98596E-05 9.98596E-05 9.98596E-05 9.98596E-05 0.0388612 9.98596E-05 0.0617216 0.652078 9.98596E-05 9.98596E-05 9.98596E-05 9.98596E-05 9.98596E-05 9.98596E-05 9.98596E-05 9.98596E-05
9.98248E-05 9.98248E-05 9.98248E-05 9.98248E-05 9.98248E-05 9.98248E-05 0.0022922 9.98248E-05 9.98248E-05 9.98248E-05 9.98248E-05 9.98248E-05 9.98248E-05 9.98248E-05 0.992965 9.98248E-05 9.98248E-05 9.98248E-05 9.98248E-05 0.0027465 9.98248E-05 9.98248E-05 9.98248E-05
9.98332E-05 9.98332E-05 0.00336139 9.98332E-05 9.98332E-05 0.0638742 9.98332E-05 9.98332E-05 9.98332E-05 9.98332E-05 9.98332E-05 9.98332E-05 9.98332E-05 9.98332E-05 0.916811 9.98332E-05 9.98332E-05 9.98332E-05 9.98332E-05 0.0140569 9.98332E-05 9.98332E-05 9.98332E-05
9.98638E-05 9.98638E-05 0.00826674 9.98638E-05 0.00357221 0.0509107 9.98638E-05 9.98638E-05 9.98638E-05 9.98638E-05 9.98638E-05 9.98638E-05 0.298426 0.222938 0.280324 9.98638E-05 0.133965 9.98638E-05 9.98638E-05 9.98638E-05 9.98638E-05 9.98638E-05 9.98638E-05
9.98769E-05 0.0113273 0.0892002 9.98769E-05 0.0377734 0.0216657 9.98769E-05 9.98769E-05 0.0641299 9.98769E-05 9.98769E-05 9.98769E-05 9.98769E-05 9.98769E-05 0.656761 9.98769E-05 0.069265 0.0333953 9.98769E-05 0.0150836 9.98769E-05 9.98769E-05 9.98769E-05
9.98417E-05 9.98417E-05 9.98417E-05 9.98417E-05 0.207644 9.98417E-05 9.98417E-05 0.0196214 0.128969 9.98417E-05 9.98417E-05 9.98417E-05 9.98417E-05 9.98417E-05 0.610164 9.98417E-05 0.0318039 9.98417E-05 9.98417E-05 9.98417E-05 9.98417E-05 9.98417E-05 9.98417E-05
9.9842E-05 9.9842E-05 9.9842E-05 9.9842E-05 0.0668728 0.0533225 9.9842E-05 9.9842E-05 9.9842E-05 9.9842E-05 9.9842E-05 0.0537968 0.32487 9.9842E-05 0.499341 9.9842E-05 9.9842E-05 9.9842E-05 9.9842E-05 9.9842E-05 9.9842E-05 9.9842E-05 9.9842E-05
9.98507E-05 9.98507E-05 0.0350364 9.98507E-05 0.0498298 0.190912 9.98507E-05 9.98507E-05 9.98507E-05 9.98507E-05 9.98507E-05 9.98507E-05 0.0970936 9.98507E-05 0.522946 9.98507E-05 0.102485 9.98507E-05 9.98507E-05 9.98507E-05 9.98507E-05 9.98507E-05 9.98507E-05
0.00372797 9.98334E-05 9.98334E-05 9.98334E-05 9.98334E-05 9.98334E-05 9.98334E-05 9.98334E-05 9.98334E-05 9.98334E-05 0.0498977 9.98334E-05 0.00598467 9.98334E-05 0.938493 9.98334E-05 9.98334E-05 9.98334E-05 9.98334E-05 9.98334E-05 9.98334E-05 9.98334E-05 9.98334E-05
9.98157E-05 9.98157E-05 9.98157E-05 9.98157E-05 9.98157E-05 9.98157E-05 9.98157E-05 9.98157E-05 9.98157E-05 9.98157E-05 9.98157E-05 0.00954176 9.98157E-05 9.98157E-05 0.988362 9.98157E-05 9.98157E-05 9.98157E-05 9.98157E-05 9.98157E-05 9.98157E-05 9.98157E-05 9.98157E-05
9.98418E-05 9.98418E-05 9.98418E-05 9.98418E-05 0.260762 9.98418E-05 9.98418E-05 9.98418E-05 9.98418E-05 9.98418E-05 9.98418E-05 0.132725 9.98418E-05 9.98418E-05 0.552004 9.98418E-05 0.0401422 9.98418E-05 9.98418E-05 0.0125692 9.98418E-05 9.98418E-05 9.98418E-05
9.98946E-05 0.104796 0.010604 0.10079 0.0914703 9.98946E-05 9.98946E-05 0.00043314 0.0856402 0.0170224 9.98946E-05 0.0193314 0.0567717 9.98946E-05 0.489776 9.98946E-05 9.98946E-05 9.98946E-05 9.98946E-05 9.98946E-05 0.0221654 9.98946E-05 9.98946E-05
9.98594E-05 9.98594E-05 9.98594E-05 0.15779 9.98594E-05 9.98594E-05 9.98594E-05 0.085429 9.98594E-05 9.98594E-05 9.98594E-05 0.0479604 9.98594E-05 0.054604 0.477944 9.98594E-05 0.0787171 9.98594E-05 9.98594E-05 9.98594E-05 9.98594E-05 9.98594E-05 0.0959576
9.98418E-05 9.98418E-05 9.98418E-05 9.98418E-05 0.199812 9.98418E-05 9.98418E-05 9.98418E-05 0.189727 9.98418E-05 9.98418E-05 9.98418E-05 0.0385116 9.98418E-05 0.564161 9.98418E-05 9.98418E-05 9.98418E-05 9.98418E-05 9.98418E-05 9.98418E-05 9.98418E-05 0.00599114
9.98336E-05 9.98336E-05 9.98336E-05 9.98336E-05 9.98336E-05 9.98336E-05 9.98336E-05 9.98336E-05 9.98336E-05 9.98336E-05 0.0105978 0.00900608 9.98336E-05 9.98336E-05 0.900076 9.98336E-05 9.98336E-05 9.98336E-05 9.98336E-05 0.0784228 9.98336E-05 9.98336E-05 9.98336E-05
9.98422E-05 9.98422E-05 9.98422E-05 9.98422E-05 0.0356841 9.98422E-05 9.98422E-05 9.98422E-05 9.98422E-05 0.0424192 9.98422E-05 0.0640258 9.98422E-05 9.98422E-05 0.828077 9.98422E-05 0.027997 9.98422E-05 9.98422E-05 9.98422E-05 9.98422E-05 9.98422E-05 9.98422E-05
9.98506E-05 9.98506E-05 0.0736341 9.98506E-05 9.98506E-05 0.0617599 9.98506E-05 9.98506E-05 9.98506E-05 0.00958363 9.98506E-05 9.98506E-05 9.98506E-05 0.0642457 0.777267 9.98506E-05 9.98506E-05 9.98506E-05 9.98506E-05 9.98506E-05 9.98506E-05 9.98506E-05 0.0118118
9.98507E-05 9.98507E-05 9.98507E-05 9.98507E-05 9.98507E-05 9.98507E-05 9.98507E-05 0.0787392 0.109006 0.0628888 9.98507E-05 0.0696075 9.98507E-05 9.98507E-05 0.651327 9.98507E-05 0.0267338 9.98507E-05 9.98507E-05 9.98507E-05 9.98507E-05 9.98507E-05 9.98507E-05
9.98332E-05 9.98332E-05 9.98332E-05 9.98332E-05 0.0335523 0.077584 9.98332E-05 9.98332E-05 9.98332E-05 9.98332E-05 9.98332E-05 0.037018 9.98332E-05 9.98332E-05 0.849949 9.98332E-05 9.98332E-05 9.98332E-05 9.98332E-05 9.98332E-05 9.98332E-05 9.98332E-05 9.98332E-05
9.98329E-05 9.98329E-05 9.98329E-05 9.98329E-05 0.178221 9.98329E-05 9.98329E-05 9.98329E-05 9.98329E-05 9.98329E-05 0.119961 9.98329E-05 9.98329E-05 9.98329E-05 0.595836 9.98329E-05 9.98329E-05 9.98329E-05 9.98329E-05 0.104085 9.98329E-05 9.98329E-05 9.98329E-05
0.0337784 9.98163E-05 9.98163E-05 9.98163E-05 9.98163E-05 9.98163E-05 9.98163E-05 9.98163E-05 9.98163E-05 9.98163E-05 9.98163E-05 9.98163E-05 9.98163E-05 9.98163E-05 0.964125 9.98163E-05 9.98163E-05 9.98163E-05 9.98163E-05 9.98163E-05 9.98163E-05 9.98163E-05 9.98163E-05
9.98244E-05 9.98244E-05 9.98244E-05 9.98244E-05 0.0655423 9.98244E-05 9.98244E-05 9.98244E-05 0.270639 9.98244E-05 9.98244E-05 9.98244E-05 9.98244E-05 9.98244E-05 0.661822 9.98244E-05 9.98244E-05 9.98244E-05 9.98244E-05 9.98244E-05 9.98244E-05 9.98244E-05 9.98244E-05
9.98335E-05 0.0477367 9.98335E-05 9.98335E-05 9.98335E-05 9.98335E-05 9.98335E-05 9.98335E-05 0.0240289 9.98335E-05 9.98335E-05 9.98335E-05 9.98335E-05 0.228821 0.697517 9.98335E-05 9.98335E-05 9.98335E-05 9.98335E-05 9.98335E-05 9.98335E-05 9.98335E-05 9.98335E-05
9.98595E-05 9.98595E-05 0.0287886 9.98595E-05 9.98595E-05 9.98595E-05 9.98595E-05 9.98595E-05 9.98595E-05 0.167554 9.98595E-05 0.0105655 9.98595E-05 0.0190714 0.697915 9.98595E-05 0.0352474 9.98595E-05 9.98595E-05 9.98595E-05 9.98595E-05 9.98595E-05 0.03926
9.98331E-05 9.98331E-05 9.98331E-05 9.98331E-05 9.98331E-05 9.98331E-05 9.98331E-05 0.0913597 0.000965495 9.98331E-05 9.98331E-05 0.122979 9.98331E-05 9.98331E-05 0.782799 9.98331E-05 9.98331E-05 9.98331E-05 9.98331E-05 9.98331E-05 9.98331E-05 9.98331E-05 9.98331E-05
9.98336E-05 9.98336E-05 9.98336E-05 9.98336E-05 9.98336E-05 9.98336E-05 9.98336E-05 9.98336E-05 9.98336E-05 9.98336E-05 9.98336E-05 9.98336E-05 0.0640026 9.98336E-05 0.865345 9.98336E-05 0.0237434 9.98336E-05 9.98336E-05 9.98336E-05 9.98336E-05 0.0450121 9.98336E-05
9.98074E-05 9.98074E-05 9.98074E-05 9.98074E-05 9.98074E-05 9.98074E-05 9.98074E-05 9.98074E-05 9.98074E-05 9.98074E-05 9.98074E-05 9.98074E-05 9.98074E-05 9.98074E-05 0.997804 9.98074E-05 9.98074E-05 9.98074E-05 9.98074E-05 9.98074E-05 9.98074E-05 9.98074E-05 9.98074E-05
9.98071E-05 9.98071E-05 9.98071E-05 9.98071E-05 9.98071E-05 9.98071E-05 9.98071E-05 9.98071E-05 9.98071E-05 9.98071E-05 9.98071E-05 9.98071E-05 9.98071E-05 9.98071E-05 0.997804 9.98071E-05 9.98071E-05 9.98071E-05 9.98071E-05 9.98071E-05 9.98071E-05 9.98071E-05 9.98071E-05
9.98158E-05 9.98158E-05 9.98158E-05 9.98158E-05 9.98158E-05 0.0748821 9.98158E-05 9.98158E-05 9.98158E-05 9.98158E-05 9.98158E-05 9.98158E-05 9.98158E-05 9.98158E-05 0.923022 9.98158E-05 9.98158E-05 9.98158E-05 9.98158E-05 9.98158E-05 9.98158E-05 9.98158E-05 9.98158E-05
0.111705 9.98509E-05 9.98509E-05 0.0337588 0.116122 9.98509E-05 9.98509E-05 9.98509E-05 9.98509E-05 9.98509E-05 0.0809814 9.98509E-05 9.98509E-05 9.98509E-05 0.54277 9.98509E-05 9.98509E-05 9.98509E-05 9.98509E-05 9.98509E-05 9.98509E-05 0.112965 9.98509E-05
9.98334E-05 9.98334E-05 9.98334E-05 9.98334E-05 0.103931 9.98334E-05 9.98334E-05 9.98334E-05 9.98334E-05 9.98334E-05 9.98334E-05 9.98334E-05 9.98334E-05 0.784698 9.98334E-05 9.98334E-05 0.101096 9.98334E-05 9.98334E-05 9.98334E-05 0.00837915 9.98334E-05 9.98334E-05
0.462184 9.98335E-05 9.98335E-05 9.98335E-05 0.028709 9.98335E-05 9.98335E-05 9.98335E-05 9.98335E-05 9.98335E-05 9.98335E-05 9.98335E-05 9.98335E-05 0.488876 9.98335E-05 9.98335E-05 0.0183339 9.98335E-05 9.98335E-05 9.98335E-05 9.98335E-05 9.98335E-05 9.98335E-05
9.98245E-05 9.98245E-05 9.98245E-05 9.98245E-05 0.128117 9.98245E-05 9.98245E-05 9.98245E-05 0.0100522 9.98245E-05 9.98245E-05 9.98245E-05 9.98245E-05 0.859835 9.98245E-05 9.98245E-05 9.98245E-05 9.98245E-05 9.98245E-05 9.98245E-05 9.98245E-05 9.98245E-05 9.98245E-05
9.98331E-05 9.98331E-05 9.98331E-05 9.98331E-05 0.12027 0.0156093 9.98331E-05 9.98331E-05 9.98331E-05 9.98331E-05 9.98331E-05 9.98331E-05 9.98331E-05 0.842006 9.98331E-05 9.98331E-05 0.0202173 9.98331E-05 9.98331E-05 9.98331E-05 9.98331E-05 9.98331E-05 9.98331E-05
9.98243E-05 9.98243E-05 9.98243E-05 9.98243E-05 9.98243E-05 9.98243E-05 9.98243E-05 0.00444944 9.98243E-05 9.98243E-05 9.98243E-05 9.98243E-05 9.98243E-05 0.941565 9.98243E-05 9.98243E-05 0.051989 9.98243E-05 9.98243E-05 9.98243E-05 9.98243E-05 9.98243E-05 9.98243E-05
9.98334E-05 9.98334E-05 9.98334E-05 9.98334E-05 0.155792 9.98334E-05 9.98334E-05 9.98334E-05 9.98334E-05 9.98334E-05 9.98334E-05 9.98334E-05 0.0848648 0.627034 9.98334E-05 9.98334E-05 0.130412 9.98334E-05 9.98334E-05 9.98334E-05 9.98334E-05 9.98334E-05 9.98334E-05
9.98421E-05 9.98421E-05 9.98421E-05 9.98421E-05 0.0289134 9.98421E-05 9.98421E-05 9.98421E-05 0.0478252 9.98421E-05 9.98421E-05 0.00225834 9.98421E-05 0.81812 9.98421E-05 9.98421E-05 0.101086 9.98421E-05 9.98421E-05 9.98421E-05 9.98421E-05 9.98421E-05 9.98421E-05
9.98244E-05 9.98244E-05 9.98244E-05 9.98244E-05 9.98244E-05 0.00399287 9.98244E-05 9.98244E-05 9.98244E-05 9.98244E-05 9.98244E-05 9.98244E-05 9.98244E-05 0.78584 9.98244E-05 9.98244E-05 0.208171 9.98244E-05 9.98244E-05 9.98244E-05 9.98244E-05 9.98244E-05 9.98244E-05
9.98595E-05 9.98595E-05 9.98595E-05 9.98595E-05 0.0303958 9.98595E-05 9.98595E-05 9.98595E-05 0.0381651 9.98595E-05 0.0570549 9.98595E-05 0.126527 0.439369 9.98595E-05 0.0213692 0.285521 9.98595E-05 9.98595E-05 9.98595E-05 9.98595E-05 9.98595E-05 9.98595E-05
9.98245E-05 9.98245E-05 9.98245E-05 9.98245E-05 0.266177 9.98245E-05 9.98245E-05 9.98245E-05 9.98245E-05 9.98245E-05 9.98245E-05 9.98245E-05 9.98245E-05 0.527429 9.98245E-05 9.98245E-05 0.204397 9.98245E-05 9.98245E-05 9.98245E-05 9.98245E-05 9.98245E-05 9.98245E-05
0.227904 9.98333E-05 9.98333E-05 9.98333E-05 9.98333E-05 9.98333E-05 9.98333E-05 9.98333E-05 9.98333E-05 9.98333E-05 9.98333E-05 0.054862 0.258702 0.456635 9.98333E-05 9.98333E-05 9.98333E-05 9.98333E-05 9.98333E-05 9.98333E-05 9.98333E-05 9.98333E-05 9.98333E-05
0.0494629 9.98509E-05 9.98509E-05 9.98509E-05 0.0315246 9.98509E-05 9.98509E-05 9.98509E-05 9.98509E-05 9.98509E-05 9.98509E-05 0.000108965 0.149162 0.760703 9.98509E-05 9.98509E-05 9.98509E-05 9.98509E-05 0.00734184 9.98509E-05 9.98509E-05 9.98509E-05 9.98509E-05
9.9816E-05 9.9816E-05 9.9816E-05 9.9816E-05 9.9816E-05 9.9816E-05 9.9816E-05 9.9816E-05 9.9816E-05 9.9816E-05 9.9816E-05 9.9816E-05 9.9816E-05 0.972789 9.9816E-05 9.9816E-05 0.0251148 9.9816E-05 9.9816E-05 9.9816E-05 9.9816E-05 9.9816E-05 9.9816E-05
0.0248508 9.98511E-05 9.98511E-05 9.98511E-05 0.184894 9.98511E-05 0.01933 9.98511E-05 9.98511E-05 9.98511E-05 9.98511E-05 9.98511E-05 0.0300298 0.569881 9.98511E-05 9.98511E-05 0.169317 9.98511E-05 9.98511E-05 9.98511E-05 9.98511E-05 9.98511E-05 9.98511E-05
0.0378969 9.98596E-05 9.98596E-05 0.0236914 9.98596E-05 0.0778947 9.98596E-05 0.071935 9.98596E-05 9.98596E-05 0.0118644 9.98596E-05 9.98596E-05 0.689647 9.98596E-05 9.98596E-05 0.0854726 9.98596E-05 9.98596E-05 9.98596E-05 9.98596E-05 9.98596E-05 9.98596E-05
0.0278862 9.98859E-05 9.98859E-05 9.98859E-05 0.154723 9.98859E-05 9.98859E-05 0.0199229 9.98859E-05 9.98859E-05 0.0303784 0.00293769 9.98859E-05 0.669039 9.98859E-05 9.98859E-05 0.0390392 0.0278304 9.98859E-05 0.0157669 0.011178 9.98859E-05 9.98859E-05
0.0104062 0.0308498 9.98509E-05 9.98509E-05 0.0936918 9.98509E-05 9.98509E-05 9.98509E-05 9.98509E-05 9.98509E-05 9.98509E-05 9.98509E-05 0.232825 0.627899 9.98509E-05 9.98509E-05 0.00263086 9.98509E-05 9.98509E-05 9.98509E-05 9.98509E-05 9.98509E-05 9.98509E-05
9.98512E-05 9.98512E-05 9.98512E-05 9.98512E-05 9.98512E-05 9.98512E-05 9.98512E-05 9.98512E-05 0.100503 9.98512E-05 0.0166025 9.98512E-05 9.98512E-05 0.706583 9.98512E-05 9.98512E-05 0.101859 9.98512E-05 9.98512E-05 9.98512E-05 0.0725471 0.000208163 9.98512E-05
9.98246E-05 9.98246E-05 9.98246E-05 9.98246E-05 9.98246E-05 9.98246E-05 9.98246E-05 9.98246E-05 9.98246E-05 9.98246E-05 9.98246E-05 0.00697314 0.00132328 0.989707 9.98246E-05 9.98246E-05 9.98246E-05 9.98246E-05 9.98246E-05 9.98246E-05 9.98246E-05 9.98246E-05 9.98246E-05
0.160839 0.0109691 9.98772E-05 0.0129561 0.0976298 9.98772E-05 9.98772E-05 9.98772E-05 9.98772E-05 9.98772E-05 0.116232 0.000734422 9.98772E-05 0.41612 9.98772E-05 9.98772E-05 0.099158 0.0839632 9.98772E-05 9.98772E-05 9.98772E-05 9.98772E-05 9.98772E-05
9.98422E-05 9.98422E-05 9.98422E-05 9.98422E-05 0.0612749 9.98422E-05 9.98422E-05 9.98422E-05 9.98422E-05 0.0317264 9.98422E-05 9.98422E-05 0.148587 0.756231 9.98422E-05 9.98422E-05 9.98422E-05 9.98422E-05 9.98422E-05 9.98422E-05 0.000383807 9.98422E-05 9.98422E-05
9.98334E-05 9.98334E-05 9.98334E-05 9.98334E-05 9.98334E-05 0.0137136 9.98334E-05 0.0569521 9.98334E-05 9.98334E-05 9.98334E-05 9.98334E-05 9.98334E-05 0.913301 9.98334E-05 9.98334E-05 0.0141364 9.98334E-05 9.98334E-05 9.98334E-05 9.98334E-05 9.98334E-05 9.98334E-05
9.98508E-05 9.98508E-05 9.98508E-05 9.98508E-05 0.195086 9.98508E-05 9.98508E-05 9.98508E-05 9.98508E-05 9.98508E-05 9.98508E-05 9.98508E-05 0.127591 0.438456 9.98508E-05 9.98508E-05 0.191259 0.0288175 9.98508E-05 0.0170939 9.98508E-05 9.98508E-05 9.98508E-05
0.0812537 9.98422E-05 9.98422E-05 9.98422E-05 9.98422E-05 9.98422E-05 9.98422E-05 9.98422E-05 9.98422E-05 9.98422E-05 9.98422E-05 9.98422E-05 9.98422E-05 0.586313 9.98422E-05 0.0621764 0.203155 9.98422E-05 9.98422E-05 9.98422E-05 0.0653047 9.98422E-05 9.98422E-05
9.98508E-05 9.98508E-05 9.98508E-05 9.98508E-05 0.222188 9.98508E-05 9.98508E-05 9.98508E-05 9.98508E-05 9.98508E-05 9.98508E-05 9.98508E-05 0.0467108 0.42662 9.98508E-05 9.98508E-05 0.23349 0.0510087 9.98508E-05 0.0182854 9.98508E-05 9.98508E-05 9.98508E-05
0.159773 9.98509E-05 9.98509E-05 9.98509E-05 0.115498 9.98509E-05 9.98509E-05 9.98509E-05 9.98509E-05 9.98509E-05 9.98509E-05 9.98509E-05 0.122967 0.400837 0.0489893 9.98509E-05 0.150238 9.98509E-05 9.98509E-05 9.98509E-05 9.98509E-05 9.98509E-05 9.98509E-05
0.505559 9.98421E-05 9.98421E-05 9.98421E-05 0.076239 9.98421E-05 0.0693996 9.98421E-05 9.98421E-05 9.98421E-05 9.98421E-05 9.98421E-05 9.98421E-05 0.247447 9.98421E-05 9.98421E-05 9.98421E-05 9.98421E-05 9.98421E-05 9.98421E-05 0.0995588 9.98421E-05 9.98421E-05
9.98243E-05 9.98243E-05 9.98243E-05 9.98243E-05 0.0656356 9.98243E-05 9.98243E-05 9.98243E-05 9.98243E-05 9.98243E-05 9.98243E-05 9.98243E-05 9.98243E-05 0.887215 9.98243E-05 9.98243E-05 0.045153 9.98243E-05 9.98243E-05 9.98243E-05 9.98243E-05 9.98243E-05 9.98243E-05
9.98335E-05 9.98335E-05 9.98335E-05 9.98335E-05 0.157022 9.98335E-05 9.98335E-05 9.98335E-05 9.98335E-05 9.98335E-05 9.98335E-05 9.98335E-05 0.00738353 0.527195 9.98335E-05 9.98335E-05 0.306503 9.98335E-05 9.98335E-05 9.98335E-05 9.98335E-05 9.98335E-05 9.98335E-05
0.0130963 9.98335E-05 9.98335E-05 9.98335E-05 0.057801 9.98335E-05 9.98335E-05 9.98335E-05 9.98335E-05 9.98335E-05 9.98335E-05 9.98335E-05 9.98335E-05 0.780951 9.98335E-05 9.98335E-05 9.98335E-05 9.98335E-05 9.98335E-05 9.98335E-05 0.146255 9.98335E-05 9.98335E-05
9.98422E-05 9.98422E-05 9.98422E-05 0.0521026 0.200583 9.98422E-05 9.98422E-05 9.98422E-05 9.98422E-05 9.98422E-05 9.98422E-05 0.0248935 9.98422E-05 0.684645 9.98422E-05 9.98422E-05 0.0359794 9.98422E-05 9.98422E-05 9.98422E-05 9.98422E-05 9.98422E-05 9.98422E-05
9.98158E-05 9.98158E-05 9.98158E-05 9.98158E-05 9.98158E-05 9.98158E-05 9.98158E-05 9.98158E-05 9.98158E-05 9.98158E-05 9.98158E-05 9.98158E-05 9.98158E-05 0.947933 9.98158E-05 9.98158E-05 9.98158E-05 9.98158E-05 9.98158E-05 0.0499709 9.98158E-05 9.98158E-05 9.98158E-05
9.98419E-05 9.98419E-05 9.98419E-05 9.98419E-05 0.107674 9.98419E-05 9.98419E-05 9.98419E-05 9.98419E-05 9.98419E-05 9.98419E-05 9.98419E-05 9.98419E-05 0.33216 9.98419E-05 9.98419E-05 0.2619 0.137274 9.98419E-05 9.98419E-05 0.159195 9.98419E-05 9.98419E-05
9.9842E-05 0.0287348 9.9842E-05 9.9842E-05 9.9842E-05 9.9842E-05 9.9842E-05 9.9842E-05 0.12826 9.9842E-05 9.9842E-05 0.00606306 9.9842E-05 0.828206 9.9842E-05 9.9842E-05 0.00693888 9.9842E-05 9.9842E-05 9.9842E-05 9.9842E-05 9.9842E-05 9.9842E-05
9.98159E-05 9.98159E-05 9.98159E-05 9.98159E-05 0.052865 9.98159E-05 9.98159E-05 9.98159E-05 9.98159E-05 9.98159E-05 9.98159E-05 9.98159E-05 9.98159E-05 0.945039 9.98159E-05 9.98159E-05 9.98159E-05 9.98159E-05 9.98159E-05 9.98159E-05 9.98159E-05 9.98159E-05 9.98159E-05
0.0346266 9.98595E-05 9.98595E-05 9.98595E-05 9.98595E-05 9.98595E-05 9.98595E-05 0.0209652 9.98595E-05 9.98595E-05 0.215925 0.00403774 9.98595E-05 0.653352 9.98595E-05 9.98595E-05 0.0496432 9.98595E-05 9.98595E-05 0.0198523 9.98595E-05 9.98595E-05 9.98595E-05
9.98332E-05 9.98332E-05 9.98332E-05 9.98332E-05 0.207577 9.98332E-05 9.98332E-05 0.0265833 9.98332E-05 9.98332E-05 9.98332E-05 9.98332E-05 9.98332E-05 0.701753 9.98332E-05 9.98332E-05 0.0621901 9.98332E-05 9.98332E-05 9.98332E-05 9.98332E-05 9.98332E-05 9.98332E-05
0.426054 9.98244E-05 9.98244E-05 9.98244E-05 9.98244E-05 9.98244E-05 9.98244E-05 9.98244E-05 9.98244E-05 9.98244E-05 9.98244E-05 9.98244E-05 9.98244E-05 0.450592 9.98244E-05 9.98244E-05 0.121358 9.98244E-05 9.98244E-05 9.98244E-05 9.98244E-05 9.98244E-05 9.98244E-05
0.134816 9.98335E-05 9.98335E-05 9.98335E-05 0.0870002 9.98335E-05 9.98335E-05 9.98335E-05 9.98335E-05 9.98335E-05 9.98335E-05 0.100706 9.98335E-05 0.675582 9.98335E-05 9.98335E-05 9.98335E-05 9.98335E-05 9.98335E-05 9.98335E-05 9.98335E-05 9.98335E-05 9.98335E-05
0.219618 9.98162E-05 9.98162E-05 9.98162E-05 9.98162E-05 9.98162E-05 9.98162E-05 9.98162E-05 9.98162E-05 9.98162E-05 9.98162E-05 9.98162E-05 9.98162E-05 0.778286 9.98162E-05 9.98162E-05 9.98162E-05 9.98162E-05 9.98162E-05 9.98162E-05 9.98162E-05 9.98162E-05 9.98162E-05
0.397146 9.98334E-05 9.98334E-05 9.98334E-05 9.98334E-05 9.98334E-05 9.98334E-05 9.98334E-05 9.98334E-05 9.98334E-05 9.98334E-05 9.98334E-05 0.0388938 0.561627 9.98334E-05 9.98334E-05 0.000436672 9.98334E-05 9.98334E-05 9.98334E-05 9.98334E-05 9.98334E-05 9.98334E-05
9.98595E-05 9.98595E-05 9.98595E-05 9.98595E-05 0.279158 9.98595E-05 9.98595E-05 9.98595E-05 9.98595E-05 9.98595E-05 0.00556636 0.000509216 0.151382 0.466557 9.98595E-05 9.98595E-05 0.0599509 9.98595E-05 9.98595E-05 9.98595E-05 9.98595E-05 9.98595E-05 0.0352796
9.98333E-05 0.0746011 9.98333E-05 9.98333E-05 9.98333E-05 9.98333E-05 9.98333E-05 9.98333E-05 9.98333E-05 9.98333E-05 0.00963215 9.98333E-05 9.98333E-05 0.772002 9.98333E-05 9.98333E-05 0.141868 9.98333E-05 9.98333E-05 9.98333E-05 9.98333E-05 9.98333E-05 9.98333E-05
0.608933 9.98597E-05 9.98597E-05 9.98597E-05 0.026621 9.98597E-05 9.98597E-05 9.98597E-05 9.98597E-05 9.98597E-05 9.98597E-05 9.98597E-05 9.98597E-05 0.015255 9.98597E-05 9.98597E-05 0.181655 0.139801 9.98597E-05 0.00681684 9.98597E-05 9.98597E-05 0.0193211
0.463901 9.98246E-05 9.98246E-05 9.98246E-05 0.0324378 9.98246E-05 9.98246E-05 9.98246E-05 9.98246E-05 9.98246E-05 9.98246E-05 9.98246E-05 9.98246E-05 0.501665 9.98246E-05 9.98246E-05 9.98246E-05 9.98246E-05 9.98246E-05 9.98246E-05 9.98246E-05 9.98246E-05 9.98246E-05
9.98508E-05 9.98508E-05 9.98508E-05 9.98508E-05 9.98508E-05 9.98508E-05 9.98508E-05 9.98508E-05 0.0251304 9.98508E-05 9.98508E-05 9.98508E-05 0.180445 0.518164 9.98508E-05 9.98508E-05 0.163221 0.102382 9.98508E-05 9.98508E-05 0.00896004 9.98508E-05 9.98508E-05
9.98335E-05 9.98335E-05 9.98335E-05 9.98335E-05 0.0399809 9.98335E-05 9.98335E-05 9.98335E-05 9.98335E-05 9.98335E-05 9.98335E-05 9.98335E-05 9.98335E-05 0.683103 0.162198 9.98335E-05 0.112822 9.98335E-05 9.98335E-05 9.98335E-05 9.98335E-05 9.98335E-05 9.98335E-05
0.0225466 9.98774E-05 9.98774E-05 9.98774E-05 0.0380636 9.98774E-05 0.0598779 0.068459 9.98774E-05 9.98774E-05 0.00494811 9.98774E-05 0.0402763 0.581694 9.98774E-05 9.98774E-05 0.129165 9.98774E-05 9.98774E-05 0.0535712 9.98774E-05 9.98774E-05 9.98774E-05
9.9851E-05 9.9851E-05 9.9851E-05 9.9851E-05 0.190004 0.00454443 9.9851E-05 9.9851E-05 0.00955368 9.9851E-05 9.9851E-05 9.9851E-05 9.9851E-05 0.450231 0.0330334 9.9851E-05 0.310936 9.9851E-05 9.9851E-05 9.9851E-05 9.9851E-05 9.9851E-05 9.9851E-05
0.41052 9.98246E-05 9.98246E-05 9.98246E-05 0.0389675 9.98246E-05 9.98246E-05 9.98246E-05 9.98246E-05 9.98246E-05 9.98246E-05 9.98246E-05 9.98246E-05 0.548516 9.98246E-05 9.98246E-05 9.98246E-05 9.98246E-05 9.98246E-05 9.98246E-05 9.98246E-05 9.98246E-05 9.98246E-05
9.98419E-05 9.98419E-05 0.0275087 0.00154762 0.119939 9.98419E-05 9.98419E-05 9.98419E-05 9.98419E-05 0.138554 9.98419E-05 9.98419E-05 9.98419E-05 0.710654 9.98419E-05 9.98419E-05 9.98419E-05 9.98419E-05 9.98419E-05 9.98419E-05 9.98419E-05 9.98419E-05 9.98419E-05
0.475658 0.0011705 9.98596E-05 9.98596E-05 0.0190881 9.98596E-05 9.98596E-05 9.98596E-05 9.98596E-05 9.98596E-05 9.98596E-05 9.98596E-05 0.0567993 0.247235 9.98596E-05 9.98596E-05 0.152357 9.98596E-05 9.98596E-05 9.98596E-05 0.0460942 9.98596E-05 9.98596E-05
0.126711 9.9851E-05 9.9851E-05 9.9851E-05 0.0898707 9.9851E-05 9.9851E-05 9.9851E-05 9.9851E-05 9.9851E-05 0.0270332 0.00159279 9.9851E-05 0.639472 9.9851E-05 9.9851E-05 0.113623 9.9851E-05 9.9851E-05 9.9851E-05 9.9851E-05 9.9851E-05 9.9851E-05
9.98509E-05 9.98509E-05 0.023295 0.0160806 9.98509E-05 9.98509E-05 9.98509E-05 9.98509E-05 9.98509E-05 9.98509E-05 9.98509E-05 9.98509E-05 0.0309234 0.758485 9.98509E-05 9.98509E-05 0.154172 9.98509E-05 9.98509E-05 0.0153474 9.98509E-05 9.98509E-05 9.98509E-05
9.98246E-05 9.98246E-05 9.98246E-05 9.98246E-05 9.98246E-05 0.0324506 9.98246E-05 9.98246E-05 9.98246E-05 0.0683525 9.98246E-05 9.98246E-05 9.98246E-05 0.8972 9.98246E-05 9.98246E-05 9.98246E-05 9.98246E-05 9.98246E-05 9.98246E-05 9.98246E-05 9.98246E-05 9.98246E-05
9.98331E-05 9.98331E-05 9.98331E-05 9.98331E-05 0.132871 9.98331E-05 9.98331E-05 9.98331E-05 9.98331E-05 9.98331E-05 9.98331E-05 9.98331E-05 0.204247 0.482161 9.98331E-05 9.98331E-05 0.178824 9.98331E-05 9.98331E-05 9.98331E-05 9.98331E-05 9.98331E-05 9.98331E-05
9.98332E-05 9.98332E-05 9.98332E-05 9.98332E-05 0.0784944 9.98332E-05 9.98332E-05 9.98332E-05 9.98332E-05 9.98332E-05 9.98332E-05 9.98332E-05 9.98332E-05 0.7694 9.98332E-05 9.98332E-05 0.121649 9.98332E-05 9.98332E-05 9.98332E-05 0.0285599 9.98332E-05 9.98332E-05
9.98246E-05 9.98246E-05 9.98246E-05 9.98246E-05 9.98246E-05 9.98246E-05 9.98246E-05 9.98246E-05 9.98246E-05 9.98246E-05 9.98246E-05 9.98246E-05 9.98246E-05 0.907202 9.98246E-05 9.98246E-05 0.00938647 9.98246E-05 9.98246E-05 0.081415 9.98246E-05 9.98246E-05 9.98246E-05
9.98336E-05 9.98336E-05 9.98336E-05 0.00908109 9.98336E-05 9.98336E-05 9.98336E-05 9.98336E-05 9.98336E-05 9.98336E-05 9.98336E-05 9.98336E-05 9.98336E-05 0.850304 9.98336E-05 9.98336E-05 0.03518 0.103538 9.98336E-05 9.98336E-05 9.98336E-05 9.98336E-05 9.98336E-05
0.100652 9.98421E-05 9.98421E-05 9.98421E-05 0.0406067 9.98421E-05 9.98421E-05 9.98421E-05 9.98421E-05 9.98421E-05 9.98421E-05 9.98421E-05 0.00923989 0.724548 9.98421E-05 9.98421E-05 0.123156 9.98421E-05 9.98421E-05 9.98421E-05 9.98421E-05 9.98421E-05 9.98421E-05
9.98067E-05 9.98067E-05 9.98067E-05 9.98067E-05 0.997804 9.98067E-05 9.98067E-05 9.98067E-05 9.98067E-05 9.98067E-05 9.98067E-05 9.98067E-05 9.98067E-05 9.98067E-05 9.98067E-05 9.98067E-05 9.98067E-05 9.98067E-05 9.98067E-05 9.98067E-05 9.98067E-05 9.98067E-05 9.98067E-05
9.98066E-05 9.98066E-05 9.98066E-05 9.98066E-05 9.98066E-05 9.98066E-05 9.98066E-05 9.98066E-05 9.98066E-05 9.98066E-05 9.98066E-05 9.98066E-05 9.98066E-05 9.98066E-05 9.98066E-05 9.98066E-05 0.997804 9.98066E-05 9.98066E-05 9.98066E-05 9.98066E-05 9.98066E-05 9.98066E-05
9.98068E-05 9.98068E-05 9.98068E-05 9.98068E-05 0.997804 9.98068E-05 9.98068E-05 9.98068E-05 9.98068E-05 9.98068E-05 9.98068E-05 9.98068E-05 9.98068E-05 9.98068E-05 9.98068E-05 9.98068E-05 9.98068E-05 9.98068E-05 9.98068E-05 9.98068E-05 9.98068E-05 9.98068E-05 9.98068E-05
