9.99297E-05 9.99297E-05 0.0350664 9.99297E-05 0.135295 0.145086 9.99297E-05 0.169468 0.424648 9.99297E-05 9.99297E-05 0.0896364 9.99297E-05 9.99297E-05
9.99386E-05 0.023475 9.99386E-05 0.0421003 0.0288398 0.227791 9.99386E-05 0.00308394 0.672024 9.99386E-05 9.99386E-05 0.00198598 9.99386E-05 9.99386E-05
9.99297E-05 9.99297E-05 0.00928868 9.99297E-05 0.0654175 9.99297E-05 9.99297E-05 9.99297E-05 0.848585 9.99297E-05 9.99297E-05 0.00703723 0.0332359 0.0356367
0.0535145 0.0408853 9.99561E-05 0.04136 0.11606 9.99561E-05 9.99561E-05 0.318344 0.238736 9.99561E-05 0.0760846 0.057428 0.0570873 9.99561E-05
0.00625003 0.0554708 9.99209E-05 9.99209E-05 9.99209E-05 0.0192412 9.99209E-05 9.99209E-05 0.796702 9.99209E-05 9.99209E-05 9.99209E-05 0.121437 9.99209E-05
0.252911 0.240136 9.99473E-05 9.99473E-05 0.00905835 0.0550621 9.99473E-05 9.99473E-05 0.295772 9.99473E-05 0.0319707 9.99473E-05 0.0999863 0.0145042
9.99386E-05 0.100557 9.99386E-05 9.99386E-05 0.112967 0.0883871 9.99386E-05 0.194271 0.297165 9.99386E-05 9.99386E-05 0.116666 9.99386E-05 0.089288
0.191144 0.0762243 9.99649E-05 9.99649E-05 9.99649E-05 0.00174871 0.055785 0.0980497 0.247242 0.0350345 9.99649E-05 0.0224385 0.233037 0.0388967
0.306231 9.99385E-05 0.183083 0.0175797 0.20452 0.0161219 9.99385E-05 9.99385E-05 0.237625 9.99385E-05 9.99385E-05 9.99385E-05 0.0341401 9.99385E-05
9.99122E-05 9.99122E-05 0.000157206 9.99122E-05 0.131951 9.99122E-05 9.99122E-05 9.99122E-05 0.817677 0.0492165 9.99122E-05 9.99122E-05 9.99122E-05 9.99122E-05
0.0390349 9.9921E-05 9.9921E-05 9.9921E-05 0.243262 9.9921E-05 9.9921E-05 0.0322241 0.536328 9.9921E-05 9.9921E-05 0.148252 9.9921E-05 9.9921E-05
9.99034E-05 0.0245933 9.99034E-05 9.99034E-05 9.99034E-05 9.99034E-05 9.99034E-05 9.99034E-05 0.900777 9.99034E-05 9.99034E-05 0.0735308 9.99034E-05 9.99034E-05
9.99034E-05 9.99034E-05 9.99034E-05 9.99034E-05 0.164988 9.99034E-05 9.99034E-05 0.0694103 0.764503 9.99034E-05 9.99034E-05 9.99034E-05 9.99034E-05 9.99034E-05
9.99211E-05 9.99211E-05 9.99211E-05 9.99211E-05 0.160262 9.99211E-05 0.0936607 9.99211E-05 0.60197 9.99211E-05 0.125079 0.0181286 9.99211E-05 9.99211E-05
0.148643 0.133407 0.0568266 9.99474E-05 0.193843 0.014472 9.99474E-05 0.0876616 0.314476 9.99474E-05 0.0500715 9.99474E-05 9.99474E-05 9.99474E-05
0.220283 0.0191493 9.99297E-05 9.99297E-05 0.134709 9.99297E-05 0.168879 0.178569 0.277612 9.99297E-05 9.99297E-05 9.99297E-05 9.99297E-05 9.99297E-05
9.99474E-05 9.99474E-05 9.99474E-05 9.99474E-05 0.0667409 0.156169 0.0346656 0.0206055 0.603276 9.99474E-05 0.0442647 0.0663939 0.00728426 9.99474E-05
0.0328718 0.0509867 9.99385E-05 0.138752 0.260662 9.99385E-05 9.99385E-05 9.99385E-05 0.309011 0.175384 9.99385E-05 9.99385E-05 0.0316325 9.99385E-05
0.136029 0.137871 9.99385E-05 9.99385E-05 0.204266 9.99385E-05 9.99385E-05 0.065476 0.339366 0.00252807 9.99385E-05 0.113765 9.99385E-05 9.99385E-05
0.00620146 0.0112953 9.9921E-05 0.0756124 0.00895 9.9921E-05 9.9921E-05 9.9921E-05 0.897042 9.9921E-05 9.9921E-05 9.9921E-05 9.9921E-05 9.9921E-05
0.102448 9.99473E-05 0.0241551 9.99473E-05 0.0415126 9.99473E-05 0.144731 0.116176 0.466611 9.99473E-05 9.99473E-05 0.0667474 0.0370193 9.99473E-05
0.220719 0.168879 9.99386E-05 9.99386E-05 9.99386E-05 0.00613767 9.99386E-05 0.200309 0.349901 9.99386E-05 9.99386E-05 9.99386E-05 0.0421455 0.0112094
9.99211E-05 9.99211E-05 9.99211E-05 9.99211E-05 0.225843 0.000173502 9.99211E-05 9.99211E-05 0.691794 0.0246699 9.99211E-05 0.056621 9.99211E-05 9.99211E-05
9.9921E-05 9.9921E-05 0.055059 9.9921E-05 0.336866 9.9921E-05 0.0336185 0.146332 0.427224 9.9921E-05 9.9921E-05 9.9921E-05 9.9921E-05 9.9921E-05
0.132433 9.99386E-05 9.99386E-05 0.114776 0.36511 9.99386E-05 0.00111369 0.111703 0.22571 9.99386E-05 9.99386E-05 0.0484542 9.99386E-05 9.99386E-05
0.0384351 9.9921E-05 9.9921E-05 9.9921E-05 0.164423 9.9921E-05 9.9921E-05 0.172021 0.623702 9.9921E-05 9.9921E-05 0.000519078 9.9921E-05 9.9921E-05
0.0228898 9.99561E-05 9.99561E-05 9.99561E-05 0.292509 0.107573 0.122329 0.194023 0.0746416 0.110664 0.061037 0.0138332 9.99561E-05 9.99561E-05
9.99122E-05 9.99122E-05 9.99122E-05 9.99122E-05 0.0801678 9.99122E-05 9.99122E-05 0.188746 0.728376 9.99122E-05 9.99122E-05 0.0017115 9.99122E-05 9.99122E-05
9.9921E-05 9.9921E-05 0.0551732 0.0196038 0.237366 9.9921E-05 9.9921E-05 9.9921E-05 0.672022 9.9921E-05 0.0149349 9.9921E-05 9.9921E-05 9.9921E-05
0.0445565 0.0227767 0.0558732 9.99298E-05 0.158284 9.99298E-05 9.99298E-05 9.99298E-05 0.706355 9.99298E-05 0.0113554 9.99298E-05 9.99298E-05 9.99298E-05
0.0726682 0.0150098 9.99298E-05 0.0510835 0.0255844 9.99298E-05 9.99298E-05 9.99298E-05 0.686611 9.99298E-05 9.99298E-05 0.148244 9.99298E-05 9.99298E-05
0.00834007 0.190067 9.99298E-05 9.99298E-05 0.0507976 9.99298E-05 9.99298E-05 9.99298E-05 0.478421 9.99298E-05 0.256599 0.0149757 9.99298E-05 9.99298E-05
9.99209E-05 9.99209E-05 9.99209E-05 9.99209E-05 0.213684 9.99209E-05 0.0286108 0.107011 0.543648 9.99209E-05 9.99209E-05 0.106146 9.99209E-05 9.99209E-05
9.99473E-05 9.99473E-05 0.00572933 9.99473E-05 0.242909 9.99473E-05 9.99473E-05 0.164891 0.374284 0.0442222 0.121139 0.015827 9.99473E-05 0.0303987
0.0115896 0.0126721 9.99298E-05 0.057021 0.065352 9.99298E-05 9.99298E-05 9.99298E-05 0.789222 9.99298E-05 9.99298E-05 0.0633436 9.99298E-05 9.99298E-05
0.0177975 9.99298E-05 0.0335192 9.99298E-05 0.00104088 0.0411057 9.99298E-05 0.235049 0.670689 9.99298E-05 9.99298E-05 9.99298E-05 9.99298E-05 9.99298E-05
9.99122E-05 0.111566 9.99122E-05 9.99122E-05 9.99122E-05 9.99122E-05 9.99122E-05 9.99122E-05 0.855289 9.99122E-05 9.99122E-05 0.00669347 9.99122E-05 0.0254529
0.106253 9.99298E-05 9.99298E-05 0.0385408 0.139396 0.111102 9.99298E-05 9.99298E-05 0.57965 9.99298E-05 0.0242588 9.99298E-05 9.99298E-05 9.99298E-05
0.00439985 9.99386E-05 9.99386E-05 9.99386E-05 0.191396 0.0744924 9.99386E-05 9.99386E-05 0.47939 9.99386E-05 0.0831537 0.0602332 0.106236 9.99386E-05
9.99385E-05 0.0853116 9.99385E-05 9.99385E-05 0.227119 9.99385E-05 0.0716079 9.99385E-05 0.512606 9.99385E-05 0.0372083 0.00829717 9.99385E-05 0.0571498
0.0168522 9.9921E-05 9.9921E-05 9.9921E-05 0.0876084 9.9921E-05 9.9921E-05 0.0341188 0.772821 9.9921E-05 9.9921E-05 0.0877001 9.9921E-05 9.9921E-05
0.109209 9.99211E-05 0.0452326 9.99211E-05 0.245148 9.99211E-05 9.99211E-05 0.0091976 0.590314 9.99211E-05 9.99211E-05 9.99211E-05 9.99211E-05 9.99211E-05
9.9921E-05 0.0700545 9.9921E-05 9.9921E-05 9.9921E-05 0.0290874 9.9921E-05 9.9921E-05 0.743145 9.9921E-05 0.1318 9.9921E-05 0.0250138 9.9921E-05
0.107818 9.99298E-05 0.106845 9.99298E-05 0.28806 0.0444473 9.99298E-05 9.99298E-05 0.351757 9.99298E-05 9.99298E-05 0.100274 9.99298E-05 9.99298E-05
9.9921E-05 0.0505847 9.9921E-05 9.9921E-05 0.278038 9.9921E-05 9.9921E-05 0.352395 0.243337 9.9921E-05 9.9921E-05 9.9921E-05 0.0747455 9.9921E-05
0.0440831 9.9921E-05 9.9921E-05 0.0281353 9.9921E-05 9.9921E-05 9.9921E-05 0.157228 0.755546 0.0141087 9.9921E-05 9.9921E-05 9.9921E-05 9.9921E-05
0.00819569 9.99122E-05 9.99122E-05 9.99122E-05 0.112698 9.99122E-05 9.99122E-05 0.126083 0.752024 9.99122E-05 9.99122E-05 9.99122E-05 9.99122E-05 9.99122E-05
9.99034E-05 9.99034E-05 9.99034E-05 9.99034E-05 0.0187157 9.99034E-05 9.99034E-05 9.99034E-05 0.965629 9.99034E-05 9.99034E-05 0.0145566 9.99034E-05 9.99034E-05
9.99297E-05 0.0426478 9.99297E-05 9.99297E-05 0.183595 9.99297E-05 0.0756653 9.99297E-05 0.632139 9.99297E-05 9.99297E-05 0.0351392 0.0300143 9.99297E-05
0.0198735 0.146074 9.99212E-05 9.99212E-05 9.99212E-05 9.99212E-05 9.99212E-05 9.99212E-05 0.678001 9.99212E-05 9.99212E-05 0.033917 9.99212E-05 0.121236
0.098989 9.99473E-05 0.190638 9.99473E-05 0.252166 9.99473E-05 0.000422258 9.99473E-05 0.259599 9.99473E-05 0.0815592 0.067808 0.0482187 9.99473E-05
9.99299E-05 9.99299E-05 0.00295754 0.0486916 9.99299E-05 9.99299E-05 0.1308 0.214828 0.536234 9.99299E-05 9.99299E-05 9.99299E-05 0.0656894 9.99299E-05
0.00323223 9.99298E-05 9.99298E-05 9.99298E-05 0.0582109 9.99298E-05 0.0144737 9.99298E-05 0.84217 0.0565986 9.99298E-05 9.99298E-05 9.99298E-05 0.0245147
0.0391926 9.99386E-05 9.99386E-05 9.99386E-05 0.0883834 9.99386E-05 0.172425 9.99386E-05 0.606968 0.00164773 9.99386E-05 9.99386E-05 0.0497236 0.0409601
0.00743111 0.00517725 0.0724796 9.99211E-05 0.152748 9.99211E-05 9.99211E-05 9.99211E-05 0.761265 9.99211E-05 9.99211E-05 9.99211E-05 9.99211E-05 9.99211E-05
9.99298E-05 0.00594494 9.99298E-05 0.0805696 9.99298E-05 9.99298E-05 9.99298E-05 9.99298E-05 0.688912 9.99298E-05 0.0778973 0.0393722 0.106504 9.99298E-05
0.0441727 0.077533 9.9921E-05 9.9921E-05 0.0313807 9.9921E-05 9.9921E-05 9.9921E-05 0.744492 0.101523 9.9921E-05 9.9921E-05 9.9921E-05 9.9921E-05
9.99122E-05 9.99122E-05 9.99122E-05 9.99122E-05 0.0725296 9.99122E-05 9.99122E-05 0.190495 0.73245 9.99122E-05 9.99122E-05 0.00352676 9.99122E-05 9.99122E-05
0.00432614 9.99385E-05 9.99385E-05 9.99385E-05 0.0569607 0.0557996 9.99385E-05 0.0103821 0.804334 9.99385E-05 9.99385E-05 0.0461831 9.99385E-05 0.0213151
0.104447 9.99474E-05 9.99474E-05 9.99474E-05 0.297004 0.33371 9.99474E-05 0.0533807 0.0426237 0.0703608 9.99474E-05 0.0733101 9.99474E-05 0.024564
9.99562E-05 0.0164195 0.0319166 9.99562E-05 0.0400207 0.34229 0.0638374 0.189537 0.280807 9.99562E-05 9.99562E-05 0.0165016 9.99562E-05 0.0181694
9.99386E-05 0.00618617 9.99386E-05 9.99386E-05 0.0578691 0.398926 9.99386E-05 9.99386E-05 0.217066 0.182807 9.99386E-05 0.0103662 9.99386E-05 0.126081
0.16935 9.99386E-05 9.99386E-05 9.99386E-05 0.16766 0.418433 9.99386E-05 9.99386E-05 9.99386E-05 0.0365508 0.0818438 0.0240657 9.99386E-05 0.101398
0.122618 0.0907692 9.99649E-05 0.0214012 0.225476 0.164517 9.99649E-05 0.114163 0.0922821 0.0457379 9.99649E-05 0.0247992 9.99649E-05 0.0978368
0.0672211 9.99385E-05 0.051158 9.99385E-05 0.408593 0.264741 9.99385E-05 0.143649 9.99385E-05 0.0105444 9.99385E-05 0.0533941 9.99385E-05 9.99385E-05
9.9921E-05 9.9921E-05 9.9921E-05 9.9921E-05 0.252614 0.529276 9.9921E-05 0.0967451 9.9921E-05 9.9921E-05 9.9921E-05 0.0548616 9.9921E-05 0.0656039
0.104897 0.0869155 9.99385E-05 9.99385E-05 0.241284 0.361929 9.99385E-05 9.99385E-05 9.99385E-05 0.1177 9.99385E-05 0.014413 9.99385E-05 0.0721615
9.99562E-05 9.99562E-05 0.0778234 9.99562E-05 0.127332 0.49256 9.99562E-05 0.0214266 0.154588 0.0227063 0.0280893 0.0575969 9.99562E-05 0.0173779
0.0996863 0.00565547 9.99386E-05 9.99386E-05 0.093048 0.231053 9.99386E-05 0.23195 0.209674 9.99386E-05 9.99386E-05 0.128235 9.99386E-05 9.99386E-05
0.150501 0.0643755 9.99385E-05 9.99385E-05 0.484801 0.0593953 9.99385E-05 0.00360781 9.99385E-05 0.0133765 9.99385E-05 0.223243 9.99385E-05 9.99385E-05
9.99474E-05 0.0186214 9.99474E-05 9.99474E-05 0.147489 0.301433 0.12546 0.206101 9.99474E-05 0.0543519 9.99474E-05 0.100854 9.99474E-05 0.0450892
0.129245 0.111875 9.99473E-05 9.99473E-05 0.104963 0.258055 0.103527 0.0965423 9.99473E-05 0.0785205 9.99473E-05 0.116673 9.99473E-05 9.99473E-05
0.0271089 0.0239587 9.99561E-05 9.99561E-05 0.542609 0.166927 0.00280828 0.043268 0.0171792 9.99561E-05 9.99561E-05 9.99561E-05 0.101749 0.073892
9.99475E-05 9.99475E-05 0.119423 9.99475E-05 0.0325783 0.267187 0.10313 9.99475E-05 0.192563 9.99475E-05 0.133225 0.0644652 9.99475E-05 0.0868291
0.0394075 9.99387E-05 9.99387E-05 9.99387E-05 0.188757 0.282343 9.99387E-05 0.177934 0.209461 9.99387E-05 0.0324737 0.068924 9.99387E-05 9.99387E-05
9.99297E-05 0.31297 9.99297E-05 9.99297E-05 0.203613 0.258716 9.99297E-05 9.99297E-05 9.99297E-05 0.160785 0.018685 9.99297E-05 9.99297E-05 0.0444309
0.0657547 0.0910556 9.99386E-05 9.99386E-05 0.121984 0.100433 9.99386E-05 0.336442 0.0292924 9.99386E-05 9.99386E-05 0.25434 9.99386E-05 9.99386E-05
9.99386E-05 0.0403254 9.99386E-05 9.99386E-05 0.23736 0.225986 9.99386E-05 0.111675 0.172618 0.132149 9.99386E-05 0.0791871 9.99386E-05 9.99386E-05
9.99385E-05 0.040111 9.99385E-05 9.99385E-05 0.453827 0.276478 0.108609 9.99385E-05 9.99385E-05 0.0195649 9.99385E-05 0.0782561 9.99385E-05 0.0224554
9.99387E-05 0.0137044 9.99387E-05 9.99387E-05 0.155627 0.330457 9.99387E-05 9.99387E-05 0.321641 9.99387E-05 9.99387E-05 0.00882963 0.0328518 0.13619
0.0410619 0.118572 9.99561E-05 9.99561E-05 0.166746 0.360163 0.00665933 0.189056 0.0448476 0.0479938 9.99561E-05 9.99561E-05 9.99561E-05 0.0244002
9.99386E-05 9.99386E-05 9.99386E-05 9.99386E-05 0.215548 0.314742 9.99386E-05 0.131099 0.160168 0.00320688 0.107811 0.0667257 9.99386E-05 9.99386E-05
0.107719 0.284443 9.99474E-05 9.99474E-05 0.183834 0.0606747 9.99474E-05 9.99474E-05 0.169719 0.0544912 9.99474E-05 0.0236237 9.99474E-05 0.114895
0.0858778 9.99298E-05 9.99298E-05 9.99298E-05 0.195102 0.00460214 9.99298E-05 0.223145 0.207109 9.99298E-05 9.99298E-05 0.283365 9.99298E-05 9.99298E-05
0.060999 0.0561202 9.99474E-05 0.00659075 0.161001 0.267744 9.99474E-05 9.99474E-05 0.344123 9.99474E-05 0.0287441 0.0740784 9.99474E-05 9.99474E-05
9.99387E-05 9.99387E-05 0.102899 9.99387E-05 0.0679729 0.318978 9.99387E-05 0.0867943 0.377974 0.0423806 9.99387E-05 9.99387E-05 9.99387E-05 0.00230166
9.993E-05 9.993E-05 0.0484591 9.993E-05 0.197276 0.409082 9.993E-05 0.0631123 0.197851 9.993E-05 9.993E-05 9.993E-05 9.993E-05 0.0834199
0.0616809 9.99299E-05 9.99299E-05 9.99299E-05 0.223842 0.135316 9.99299E-05 0.0952624 0.266383 0.216716 9.99299E-05 9.99299E-05 9.99299E-05 9.99299E-05
0.112371 9.99299E-05 9.99299E-05 9.99299E-05 0.246296 0.293923 0.0239043 9.99299E-05 0.240295 9.99299E-05 0.0824112 9.99299E-05 9.99299E-05 9.99299E-05
0.130304 0.00231066 9.99209E-05 9.99209E-05 0.289811 9.99209E-05 9.99209E-05 9.99209E-05 9.99209E-05 9.99209E-05 0.554224 0.0224508 9.99209E-05 9.99209E-05
0.0474204 9.99123E-05 9.99123E-05 9.99123E-05 0.0647956 9.99123E-05 9.99123E-05 9.99123E-05 0.00300337 9.99123E-05 0.883782 9.99123E-05 9.99123E-05 9.99123E-05
0.0432227 9.99296E-05 9.99296E-05 9.99296E-05 0.240697 9.99296E-05 0.0458004 9.99296E-05 9.99296E-05 0.0399225 0.580477 9.99296E-05 0.0490809 9.99296E-05
0.195147 9.99209E-05 9.99209E-05 9.99209E-05 0.240879 9.99209E-05 9.99209E-05 9.99209E-05 9.99209E-05 0.128244 0.388161 0.04667 9.99209E-05 9.99209E-05
0.255698 9.99384E-05 9.99384E-05 0.0472879 0.0869054 9.99384E-05 9.99384E-05 0.0564471 9.99384E-05 9.99384E-05 0.508904 0.00104093 0.0430177 9.99384E-05
0.262074 9.99121E-05 9.99121E-05 9.99121E-05 0.192063 9.99121E-05 9.99121E-05 0.120377 9.99121E-05 9.99121E-05 0.424487 9.99121E-05 9.99121E-05 9.99121E-05
0.141935 9.99209E-05 9.99209E-05 9.99209E-05 0.184461 9.99209E-05 9.99209E-05 9.99209E-05 9.99209E-05 0.0453735 0.51054 0.116791 9.99209E-05 9.99209E-05
0.283125 9.99297E-05 0.00316633 0.0552652 0.141234 9.99297E-05 9.99297E-05 9.99297E-05 9.99297E-05 9.99297E-05 0.469581 0.046829 9.99297E-05 9.99297E-05
0.407062 9.99209E-05 9.99209E-05 9.99209E-05 0.150751 0.278415 9.99209E-05 9.99209E-05 9.99209E-05 9.99209E-05 0.130197 0.0326755 9.99209E-05 9.99209E-05
0.224756 9.9921E-05 9.9921E-05 9.9921E-05 0.446757 9.9921E-05 9.9921E-05 0.067511 9.9921E-05 0.0276025 0.232473 9.9921E-05 9.9921E-05 9.9921E-05
0.0516438 9.9921E-05 9.9921E-05 9.9921E-05 0.0118946 0.271439 9.9921E-05 9.9921E-05 9.9921E-05 9.9921E-05 0.663969 0.000154226 9.9921E-05 9.9921E-05
9.99209E-05 9.99209E-05 9.99209E-05 0.0477244 0.14534 0.194158 9.99209E-05 9.99209E-05 9.99209E-05 9.99209E-05 0.58062 0.0312581 9.99209E-05 9.99209E-05
0.161573 9.9921E-05 9.9921E-05 9.9921E-05 9.9921E-05 9.9921E-05 0.0284224 9.9921E-05 9.9921E-05 0.0720777 0.724925 0.0121027 9.9921E-05 9.9921E-05
0.16952 9.99123E-05 0.0419567 9.99123E-05 0.314362 9.99123E-05 9.99123E-05 9.99123E-05 9.99123E-05 9.99123E-05 0.473162 9.99123E-05 9.99123E-05 9.99123E-05
0.11372 9.99385E-05 9.99385E-05 0.00127072 0.0152908 9.99385E-05 0.043453 9.99385E-05 9.99385E-05 0.153476 0.64347 0.0286201 9.99385E-05 9.99385E-05
0.0744468 9.99385E-05 9.99385E-05 9.99385E-05 0.213348 0.097284 9.99385E-05 0.0274845 9.99385E-05 9.99385E-05 0.502241 0.0529497 9.99385E-05 0.0315464
0.140339 9.99209E-05 9.99209E-05 0.139619 0.115252 0.159563 9.99209E-05 9.99209E-05 9.99209E-05 9.99209E-05 0.444327 9.99209E-05 9.99209E-05 9.99209E-05
0.235897 9.99298E-05 9.99298E-05 9.99298E-05 0.000525231 9.99298E-05 9.99298E-05 0.0032597 9.99298E-05 9.99298E-05 0.565747 9.99298E-05 0.0741246 0.119647
0.0982656 9.99209E-05 9.99209E-05 9.99209E-05 9.99209E-05 0.012855 9.99209E-05 9.99209E-05 9.99209E-05 9.99209E-05 0.743252 0.0648986 0.0798296 9.99209E-05
0.149457 9.99298E-05 9.99298E-05 0.0356196 0.197627 9.99298E-05 0.0634976 9.99298E-05 9.99298E-05 9.99298E-05 0.509085 0.0439151 9.99298E-05 9.99298E-05
0.122738 0.020024 9.99473E-05 9.99473E-05 0.18468 0.036036 9.99473E-05 0.034013 9.99473E-05 0.00260767 0.545493 9.99473E-05 0.0538083 9.99473E-05
0.0385315 9.99209E-05 9.99209E-05 9.99209E-05 0.220041 9.99209E-05 9.99209E-05 9.99209E-05 9.99209E-05 0.0489942 0.618288 0.0732461 9.99209E-05 9.99209E-05
0.329899 0.0338315 9.99209E-05 0.0907518 0.322825 9.99209E-05 9.99209E-05 9.99209E-05 9.99209E-05 9.99209E-05 0.221794 9.99209E-05 9.99209E-05 9.99209E-05
0.311781 9.9921E-05 9.9921E-05 9.9921E-05 0.0140193 9.9921E-05 9.9921E-05 9.9921E-05 9.9921E-05 9.9921E-05 0.647405 0.0174809 0.00841513 9.9921E-05
0.307292 9.99297E-05 9.99297E-05 0.114573 0.406673 0.00987955 9.99297E-05 9.99297E-05 9.99297E-05 9.99297E-05 0.159651 0.00113091 9.99297E-05 9.99297E-05
0.148518 9.99211E-05 9.99211E-05 9.99211E-05 0.177846 0.116946 9.99211E-05 9.99211E-05 9.99211E-05 0.0254233 0.530368 9.99211E-05 9.99211E-05 9.99211E-05
9.99211E-05 9.99211E-05 0.115252 0.0708577 0.0438178 9.99211E-05 9.99211E-05 9.99211E-05 0.0379288 9.99211E-05 0.731244 9.99211E-05 9.99211E-05 9.99211E-05
0.208843 0.0737942 9.9912E-05 9.9912E-05 0.264171 9.9912E-05 9.9912E-05 9.9912E-05 9.9912E-05 9.9912E-05 0.452193 9.9912E-05 9.9912E-05 9.9912E-05
0.287945 9.99209E-05 9.99209E-05 0.0616811 0.174278 0.103867 9.99209E-05 9.99209E-05 9.99209E-05 9.99209E-05 0.371329 9.99209E-05 9.99209E-05 9.99209E-05
0.0155085 9.99297E-05 9.99297E-05 0.0881753 0.138926 9.99297E-05 9.99297E-05 9.99297E-05 9.99297E-05 9.99297E-05 0.616073 0.105801 0.0347169 9.99297E-05
0.0504178 9.9921E-05 9.9921E-05 9.9921E-05 0.211925 9.9921E-05 0.150433 9.9921E-05 9.9921E-05 9.9921E-05 0.54778 0.0385457 9.9921E-05 9.9921E-05
9.99209E-05 9.99209E-05 9.99209E-05 0.0370125 0.103305 9.99209E-05 0.0941831 9.99209E-05 9.99209E-05 9.99209E-05 0.723258 0.0413418 9.99209E-05 9.99209E-05
0.345994 9.99209E-05 9.99209E-05 0.226405 0.243397 9.99209E-05 9.99209E-05 9.99209E-05 9.99209E-05 9.99209E-05 0.138519 9.99209E-05 0.044786 9.99209E-05
0.135272 0.0750568 9.99297E-05 0.0292125 0.237893 9.99297E-05 9.99297E-05 9.99297E-05 9.99297E-05 9.99297E-05 0.512315 0.00945099 9.99297E-05 9.99297E-05
0.0550917 9.99121E-05 9.99121E-05 9.99121E-05 0.165642 9.99121E-05 9.99121E-05 0.0424221 9.99121E-05 9.99121E-05 0.735846 9.99121E-05 9.99121E-05 9.99121E-05
0.127069 9.99209E-05 9.99209E-05 9.99209E-05 9.99209E-05 0.138349 9.99209E-05 0.0243692 9.99209E-05 9.99209E-05 0.619153 0.0901612 9.99209E-05 9.99209E-05
0.119685 9.99208E-05 9.99208E-05 9.99208E-05 0.364347 9.99208E-05 9.99208E-05 9.99208E-05 9.99208E-05 0.067798 0.399314 0.0479578 9.99208E-05 9.99208E-05
0.0707116 9.98947E-05 9.98947E-05 9.98947E-05 9.98947E-05 9.98947E-05 9.98947E-05 9.98947E-05 9.98947E-05 9.98947E-05 0.92809 9.98947E-05 9.98947E-05 9.98947E-05
0.0718805 9.99298E-05 9.99298E-05 0.0404015 0.126938 9.99298E-05 9.99298E-05 9.99298E-05 9.99298E-05 0.0125982 0.727064 0.0203184 9.99298E-05 9.99298E-05
0.0706184 9.99123E-05 9.99123E-05 9.99123E-05 9.99123E-05 9.99123E-05 9.99123E-05 0.0355183 9.99123E-05 9.99123E-05 0.867443 9.99123E-05 0.0254208 9.99123E-05
0.0256034 9.99211E-05 9.99211E-05 9.99211E-05 9.99211E-05 0.0289838 0.0601818 9.99211E-05 9.99211E-05 0.017113 0.867219 9.99211E-05 9.99211E-05 9.99211E-05
0.183568 9.99209E-05 9.99209E-05 9.99209E-05 0.427184 0.147503 9.99209E-05 9.99209E-05 9.99209E-05 9.99209E-05 0.177833 9.99209E-05 0.0630121 9.99209E-05
0.259122 0.0104306 9.99297E-05 9.99297E-05 0.059394 0.00496255 9.99297E-05 9.99297E-05 9.99297E-05 9.99297E-05 0.543439 9.99297E-05 0.121852 9.99297E-05
0.129724 9.99123E-05 9.99123E-05 0.0358748 0.0189626 9.99123E-05 9.99123E-05 9.99123E-05 9.99123E-05 9.99123E-05 0.814439 9.99123E-05 9.99123E-05 9.99123E-05
0.00452209 9.99123E-05 9.99123E-05 9.99123E-05 0.041476 9.99123E-05 9.99123E-05 9.99123E-05 0.00412204 9.99123E-05 0.948881 9.99123E-05 9.99123E-05 9.99123E-05
0.267409 9.99385E-05 9.99385E-05 0.122389 0.0500971 0.180366 9.99385E-05 9.99385E-05 9.99385E-05 0.056607 0.270629 0.0518045 9.99385E-05 9.99385E-05
0.163218 9.99298E-05 9.99298E-05 9.99298E-05 0.230069 9.99298E-05 0.011309 9.99298E-05 9.99298E-05 0.0378964 0.485887 0.0708206 9.99298E-05 9.99298E-05
0.218862 9.99386E-05 0.157174 9.99386E-05 0.0841987 0.097914 9.99386E-05 9.99386E-05 9.99386E-05 0.00993118 0.428582 9.99386E-05 9.99386E-05 0.00263831
0.303935 9.99211E-05 9.99211E-05 0.0364326 0.348724 9.99211E-05 9.99211E-05 9.99211E-05 9.99211E-05 9.99211E-05 0.266053 0.0439558 9.99211E-05 9.99211E-05
9.98948E-05 9.98948E-05 9.98948E-05 9.98948E-05 0.0613392 9.98948E-05 9.98948E-05 9.98948E-05 9.98948E-05 9.98948E-05 0.937462 9.98948E-05 9.98948E-05 9.98948E-05
0.025904 0.096828 9.99385E-05 9.99385E-05 0.23583 9.99385E-05 9.99385E-05 0.154897 9.99385E-05 9.99385E-05 0.435875 0.0101547 9.99385E-05 0.039811
0.104461 9.99036E-05 9.99036E-05 9.99036E-05 9.99036E-05 0.0517717 9.99036E-05 9.99036E-05 9.99036E-05 9.99036E-05 0.842669 9.99036E-05 9.99036E-05 9.99036E-05
0.122053 9.9921E-05 9.9921E-05 9.9921E-05 0.11515 9.9921E-05 9.9921E-05 9.9921E-05 9.9921E-05 0.0791976 0.660228 0.0224719 9.9921E-05 9.9921E-05
0.155406 9.99385E-05 9.99385E-05 0.0509883 9.99385E-05 0.000363215 0.0945467 0.00437265 9.99385E-05 0.0905067 0.603117 9.99385E-05 9.99385E-05 9.99385E-05
9.99209E-05 0.0364384 9.99209E-05 9.99209E-05 0.0881151 9.99209E-05 9.99209E-05 0.121655 9.99209E-05 0.121312 0.631581 9.99209E-05 9.99209E-05 9.99209E-05
0.222141 0.0901156 9.99297E-05 0.0334613 0.198524 0.226336 9.99297E-05 9.99297E-05 9.99297E-05 9.99297E-05 0.228622 9.99297E-05 9.99297E-05 9.99297E-05
0.25063 9.99033E-05 9.99033E-05 9.99033E-05 0.193414 9.99033E-05 9.99033E-05 9.99033E-05 9.99033E-05 9.99033E-05 0.554857 9.99033E-05 9.99033E-05 9.99033E-05
0.0767349 9.99297E-05 9.99297E-05 9.99297E-05 0.165946 9.99297E-05 0.119386 9.99297E-05 9.99297E-05 9.99297E-05 0.544918 0.0767128 0.0155029 9.99297E-05
0.0171205 9.99385E-05 9.99385E-05 0.191363 0.160548 9.99385E-05 0.0157793 0.0349106 9.99385E-05 9.99385E-05 0.572438 0.00714104 9.99385E-05 9.99385E-05
0.156895 9.99122E-05 9.99122E-05 9.99122E-05 0.137338 0.0306181 9.99122E-05 9.99122E-05 9.99122E-05 9.99122E-05 0.67415 9.99122E-05 9.99122E-05 9.99122E-05
9.98856E-05 9.98856E-05 9.98856E-05 9.98856E-05 0.998701 9.98856E-05 9.98856E-05 9.98856E-05 9.98856E-05 9.98856E-05 9.98856E-05 9.98856E-05 9.98856E-05 9.98856E-05
0.998702 9.98801E-05 9.98801E-05 9.98801E-05 9.98801E-05 9.98801E-05 9.98801E-05 9.98801E-05 9.98801E-05 9.98801E-05 9.98801E-05 9.98801E-05 9.98801E-05 9.98801E-05
9.98855E-05 9.98855E-05 9.98855E-05 9.98855E-05 0.998701 9.98855E-05 9.98855E-05 9.98855E-05 9.98855E-05 9.98855E-05 9.98855E-05 9.98855E-05 9.98855E-05 9.98855E-05
0.998701 9.98856E-05 9.98856E-05 9.98856E-05 9.98856E-05 9.98856E-05 9.98856E-05 9.98856E-05 9.98856E-05 9.98856E-05 9.98856E-05 9.98856E-05 9.98856E-05 9.98856E-05
0.998701 9.98856E-05 9.98856E-05 9.98856E-05 9.98856E-05 9.98856E-05 9.98856E-05 9.98856E-05 9.98856E-05 9.98856E-05 9.98856E-05 9.98856E-05 9.98856E-05 9.98856E-05
0.998701 9.98857E-05 9.98857E-05 9.98857E-05 9.98857E-05 9.98857E-05 9.98857E-05 9.98857E-05 9.98857E-05 9.98857E-05 9.98857E-05 9.98857E-05 9.98857E-05 9.98857E-05
9.98856E-05 9.98856E-05 9.98856E-05 9.98856E-05 0.998701 9.98856E-05 9.98856E-05 9.98856E-05 9.98856E-05 9.98856E-05 9.98856E-05 9.98856E-05 9.98856E-05 9.98856E-05
0.998701 9.98856E-05 9.98856E-05 9.98856E-05 9.98856E-05 9.98856E-05 9.98856E-05 9.98856E-05 9.98856E-05 9.98856E-05 9.98856E-05 9.98856E-05 9.98856E-05 9.98856E-05
0.998701 9.98856E-05 9.98856E-05 9.98856E-05 9.98856E-05 9.98856E-05 9.98856E-05 9.98856E-05 9.98856E-05 9.98856E-05 9.98856E-05 9.98856E-05 9.98856E-05 9.98856E-05
9.98856E-05 9.98856E-05 9.98856E-05 9.98856E-05 0.998701 9.98856E-05 9.98856E-05 9.98856E-05 9.98856E-05 9.98856E-05 9.98856E-05 9.98856E-05 9.98856E-05 9.98856E-05
9.98856E-05 9.98856E-05 9.98856E-05 9.98856E-05 0.998701 9.98856E-05 9.98856E-05 9.98856E-05 9.98856E-05 9.98856E-05 9.98856E-05 9.98856E-05 9.98856E-05 9.98856E-05
9.98856E-05 9.98856E-05 9.98856E-05 9.98856E-05 0.998701 9.98856E-05 9.98856E-05 9.98856E-05 9.98856E-05 9.98856E-05 9.98856E-05 9.98856E-05 9.98856E-05 9.98856E-05
0.998701 9.98856E-05 9.98856E-05 9.98856E-05 9.98856E-05 9.98856E-05 9.98856E-05 9.98856E-05 9.98856E-05 9.98856E-05 9.98856E-05 9.98856E-05 9.98856E-05 9.98856E-05
0.998701 9.98855E-05 9.98855E-05 9.98855E-05 9.98855E-05 9.98855E-05 9.98855E-05 9.98855E-05 9.98855E-05 9.98855E-05 9.98855E-05 9.98855E-05 9.98855E-05 9.98855E-05
9.98945E-05 9.98945E-05 9.98945E-05 0.000988004 0.997813 9.98945E-05 9.98945E-05 9.98945E-05 9.98945E-05 9.98945E-05 9.98945E-05 9.98945E-05 9.98945E-05 9.98945E-05
9.98855E-05 9.98855E-05 9.98855E-05 9.98855E-05 0.998701 9.98855E-05 9.98855E-05 9.98855E-05 9.98855E-05 9.98855E-05 9.98855E-05 9.98855E-05 9.98855E-05 9.98855E-05
0.172987 0.256072 0.0424591 0.0191899 0.168831 9.99384E-05 9.99384E-05 9.99384E-05 9.99384E-05 9.99384E-05 0.248994 9.99384E-05 9.99384E-05 0.0907672
9.98856E-05 9.98856E-05 9.98856E-05 9.98856E-05 0.998701 9.98856E-05 9.98856E-05 9.98856E-05 9.98856E-05 9.98856E-05 9.98856E-05 9.98856E-05 9.98856E-05 9.98856E-05
0.998701 9.98857E-05 9.98857E-05 9.98857E-05 9.98857E-05 9.98857E-05 9.98857E-05 9.98857E-05 9.98857E-05 9.98857E-05 9.98857E-05 9.98857E-05 9.98857E-05 9.98857E-05
9.98855E-05 9.98855E-05 9.98855E-05 9.98855E-05 0.998701 9.98855E-05 9.98855E-05 9.98855E-05 9.98855E-05 9.98855E-05 9.98855E-05 9.98855E-05 9.98855E-05 9.98855E-05
9.98855E-05 9.98855E-05 9.98855E-05 9.98855E-05 0.998701 9.98855E-05 9.98855E-05 9.98855E-05 9.98855E-05 9.98855E-05 9.98855E-05 9.98855E-05 9.98855E-05 9.98855E-05
9.98855E-05 9.98855E-05 9.98855E-05 9.98855E-05 0.998701 9.98855E-05 9.98855E-05 9.98855E-05 9.98855E-05 9.98855E-05 9.98855E-05 9.98855E-05 9.98855E-05 9.98855E-05
0.998701 9.98857E-05 9.98857E-05 9.98857E-05 9.98857E-05 9.98857E-05 9.98857E-05 9.98857E-05 9.98857E-05 9.98857E-05 9.98857E-05 9.98857E-05 9.98857E-05 9.98857E-05
9.98856E-05 9.98856E-05 9.98856E-05 9.98856E-05 0.998701 9.98856E-05 9.98856E-05 9.98856E-05 9.98856E-05 9.98856E-05 9.98856E-05 9.98856E-05 9.98856E-05 9.98856E-05
0.998701 9.98856E-05 9.98856E-05 9.98856E-05 9.98856E-05 9.98856E-05 9.98856E-05 9.98856E-05 9.98856E-05 9.98856E-05 9.98856E-05 9.98856E-05 9.98856E-05 9.98856E-05
9.98856E-05 9.98856E-05 9.98856E-05 9.98856E-05 0.998701 9.98856E-05 9.98856E-05 9.98856E-05 9.98856E-05 9.98856E-05 9.98856E-05 9.98856E-05 9.98856E-05 9.98856E-05
9.98856E-05 9.98856E-05 9.98856E-05 9.98856E-05 0.998701 9.98856E-05 9.98856E-05 9.98856E-05 9.98856E-05 9.98856E-05 9.98856E-05 9.98856E-05 9.98856E-05 9.98856E-05
0.998701 9.98856E-05 9.98856E-05 9.98856E-05 9.98856E-05 9.98856E-05 9.98856E-05 9.98856E-05 9.98856E-05 9.98856E-05 9.98856E-05 9.98856E-05 9.98856E-05 9.98856E-05
0.998701 9.98856E-05 9.98856E-05 9.98856E-05 9.98856E-05 9.98856E-05 9.98856E-05 9.98856E-05 9.98856E-05 9.98856E-05 9.98856E-05 9.98856E-05 9.98856E-05 9.98856E-05
0.998701 9.98856E-05 9.98856E-05 9.98856E-05 9.98856E-05 9.98856E-05 9.98856E-05 9.98856E-05 9.98856E-05 9.98856E-05 9.98856E-05 9.98856E-05 9.98856E-05 9.98856E-05
9.98856E-05 9.98856E-05 9.98856E-05 9.98856E-05 0.998701 9.98856E-05 9.98856E-05 9.98856E-05 9.98856E-05 9.98856E-05 9.98856E-05 9.98856E-05 9.98856E-05 9.98856E-05
9.98856E-05 9.98856E-05 9.98856E-05 9.98856E-05 0.998701 9.98856E-05 9.98856E-05 9.98856E-05 9.98856E-05 9.98856E-05 9.98856E-05 9.98856E-05 9.98856E-05 9.98856E-05
9.98855E-05 9.98855E-05 9.98855E-05 9.98855E-05 0.998701 9.98855E-05 9.98855E-05 9.98855E-05 9.98855E-05 9.98855E-05 9.98855E-05 9.98855E-05 9.98855E-05 9.98855E-05
9.98856E-05 9.98856E-05 9.98856E-05 9.98856E-05 0.998701 9.98856E-05 9.98856E-05 9.98856E-05 9.98856E-05 9.98856E-05 9.98856E-05 9.98856E-05 9.98856E-05 9.98856E-05
9.98856E-05 9.98856E-05 9.98856E-05 9.98856E-05 0.998701 9.98856E-05 9.98856E-05 9.98856E-05 9.98856E-05 9.98856E-05 9.98856E-05 9.98856E-05 9.98856E-05 9.98856E-05
0.998701 9.98856E-05 9.98856E-05 9.98856E-05 9.98856E-05 9.98856E-05 9.98856E-05 9.98856E-05 9.98856E-05 9.98856E-05 9.98856E-05 9.98856E-05 9.98856E-05 9.98856E-05
0.998701 9.98856E-05 9.98856E-05 9.98856E-05 9.98856E-05 9.98856E-05 9.98856E-05 9.98856E-05 9.98856E-05 9.98856E-05 9.98856E-05 9.98856E-05 9.98856E-05 9.98856E-05
0.998701 9.98857E-05 9.98857E-05 9.98857E-05 9.98857E-05 9.98857E-05 9.98857E-05 9.98857E-05 9.98857E-05 9.98857E-05 9.98857E-05 9.98857E-05 9.98857E-05 9.98857E-05
9.98856E-05 9.98856E-05 9.98856E-05 9.98856E-05 0.998701 9.98856E-05 9.98856E-05 9.98856E-05 9.98856E-05 9.98856E-05 9.98856E-05 9.98856E-05 9.98856E-05 9.98856E-05
0.998701 9.98857E-05 9.98857E-05 9.98857E-05 9.98857E-05 9.98857E-05 9.98857E-05 9.98857E-05 9.98857E-05 9.98857E-05 9.98857E-05 9.98857E-05 9.98857E-05 9.98857E-05
0.998701 9.98856E-05 9.98856E-05 9.98856E-05 9.98856E-05 9.98856E-05 9.98856E-05 9.98856E-05 9.98856E-05 9.98856E-05 9.98856E-05 9.98856E-05 9.98856E-05 9.98856E-05
0.998701 9.98856E-05 9.98856E-05 9.98856E-05 9.98856E-05 9.98856E-05 9.98856E-05 9.98856E-05 9.98856E-05 9.98856E-05 9.98856E-05 9.98856E-05 9.98856E-05 9.98856E-05
0.998701 9.98856E-05 9.98856E-05 9.98856E-05 9.98856E-05 9.98856E-05 9.98856E-05 9.98856E-05 9.98856E-05 9.98856E-05 9.98856E-05 9.98856E-05 9.98856E-05 9.98856E-05
9.98855E-05 9.98855E-05 9.98855E-05 9.98855E-05 0.998701 9.98855E-05 9.98855E-05 9.98855E-05 9.98855E-05 9.98855E-05 9.98855E-05 9.98855E-05 9.98855E-05 9.98855E-05
0.998701 9.98857E-05 9.98857E-05 9.98857E-05 9.98857E-05 9.98857E-05 9.98857E-05 9.98857E-05 9.98857E-05 9.98857E-05 9.98857E-05 9.98857E-05 9.98857E-05 9.98857E-05
0.998701 9.98856E-05 9.98856E-05 9.98856E-05 9.98856E-05 9.98856E-05 9.98856E-05 9.98856E-05 9.98856E-05 9.98856E-05 9.98856E-05 9.98856E-05 9.98856E-05 9.98856E-05
0.147861 0.301054 0.0022786 9.99297E-05 0.191336 9.99297E-05 9.99297E-05 9.99297E-05 9.99297E-05 9.99297E-05 0.289425 9.99297E-05 9.99297E-05 0.0672462
9.98856E-05 9.98856E-05 9.98856E-05 9.98856E-05 0.998701 9.98856E-05 9.98856E-05 9.98856E-05 9.98856E-05 9.98856E-05 9.98856E-05 9.98856E-05 9.98856E-05 9.98856E-05
0.998701 9.98856E-05 9.98856E-05 9.98856E-05 9.98856E-05 9.98856E-05 9.98856E-05 9.98856E-05 9.98856E-05 9.98856E-05 9.98856E-05 9.98856E-05 9.98856E-05 9.98856E-05
0.998701 9.98857E-05 9.98857E-05 9.98857E-05 9.98857E-05 9.98857E-05 9.98857E-05 9.98857E-05 9.98857E-05 9.98857E-05 9.98857E-05 9.98857E-05 9.98857E-05 9.98857E-05
0.998701 9.98856E-05 9.98856E-05 9.98856E-05 9.98856E-05 9.98856E-05 9.98856E-05 9.98856E-05 9.98856E-05 9.98856E-05 9.98856E-05 9.98856E-05 9.98856E-05 9.98856E-05
0.998701 9.98856E-05 9.98856E-05 9.98856E-05 9.98856E-05 9.98856E-05 9.98856E-05 9.98856E-05 9.98856E-05 9.98856E-05 9.98856E-05 9.98856E-05 9.98856E-05 9.98856E-05
9.98856E-05 9.98856E-05 9.98856E-05 9.98856E-05 0.998701 9.98856E-05 9.98856E-05 9.98856E-05 9.98856E-05 9.98856E-05 9.98856E-05 9.98856E-05 9.98856E-05 9.98856E-05
0.998701 9.98857E-05 9.98857E-05 9.98857E-05 9.98857E-05 9.98857E-05 9.98857E-05 9.98857E-05 9.98857E-05 9.98857E-05 9.98857E-05 9.98857E-05 9.98857E-05 9.98857E-05
9.98856E-05 9.98856E-05 9.98856E-05 9.98856E-05 0.998701 9.98856E-05 9.98856E-05 9.98856E-05 9.98856E-05 9.98856E-05 9.98856E-05 9.98856E-05 9.98856E-05 9.98856E-05
0.998701 9.98856E-05 9.98856E-05 9.98856E-05 9.98856E-05 9.98856E-05 9.98856E-05 9.98856E-05 9.98856E-05 9.98856E-05 9.98856E-05 9.98856E-05 9.98856E-05 9.98856E-05
9.98856E-05 9.98856E-05 9.98856E-05 9.98856E-05 0.998701 9.98856E-05 9.98856E-05 9.98856E-05 9.98856E-05 9.98856E-05 9.98856E-05 9.98856E-05 9.98856E-05 9.98856E-05
0.998701 9.98856E-05 9.98856E-05 9.98856E-05 9.98856E-05 9.98856E-05 9.98856E-05 9.98856E-05 9.98856E-05 9.98856E-05 9.98856E-05 9.98856E-05 9.98856E-05 9.98856E-05
0.998701 9.98855E-05 9.98855E-05 9.98855E-05 9.98855E-05 9.98855E-05 9.98855E-05 9.98855E-05 9.98855E-05 9.98855E-05 9.98855E-05 9.98855E-05 9.98855E-05 9.98855E-05
0.998701 9.98857E-05 9.98857E-05 9.98857E-05 9.98857E-05 9.98857E-05 9.98857E-05 9.98857E-05 9.98857E-05 9.98857E-05 9.98857E-05 9.98857E-05 9.98857E-05 9.98857E-05
0.998701 9.98857E-05 9.98857E-05 9.98857E-05 9.98857E-05 9.98857E-05 9.98857E-05 9.98857E-05 9.98857E-05 9.98857E-05 9.98857E-05 9.98857E-05 9.98857E-05 9.98857E-05
0.998701 9.98856E-05 9.98856E-05 9.98856E-05 9.98856E-05 9.98856E-05 9.98856E-05 9.98856E-05 9.98856E-05 9.98856E-05 9.98856E-05 9.98856E-05 9.98856E-05 9.98856E-05
0.998701 9.98856E-05 9.98856E-05 9.98856E-05 9.98856E-05 9.98856E-05 9.98856E-05 9.98856E-05 9.98856E-05 9.98856E-05 9.98856E-05 9.98856E-05 9.98856E-05 9.98856E-05
9.98857E-05 9.98857E-05 9.98857E-05 9.98857E-05 0.998701 9.98857E-05 9.98857E-05 9.98857E-05 9.98857E-05 9.98857E-05 9.98857E-05 9.98857E-05 9.98857E-05 9.98857E-05
9.98856E-05 9.98856E-05 9.98856E-05 9.98856E-05 0.998701 9.98856E-05 9.98856E-05 9.98856E-05 9.98856E-05 9.98856E-05 9.98856E-05 9.98856E-05 9.98856E-05 9.98856E-05
9.98856E-05 9.98856E-05 9.98856E-05 9.98856E-05 0.998701 9.98856E-05 9.98856E-05 9.98856E-05 9.98856E-05 9.98856E-05 9.98856E-05 9.98856E-05 9.98856E-05 9.98856E-05
0.998701 9.98856E-05 9.98856E-05 9.98856E-05 9.98856E-05 9.98856E-05 9.98856E-05 9.98856E-05 9.98856E-05 9.98856E-05 9.98856E-05 9.98856E-05 9.98856E-05 9.98856E-05
9.98856E-05 9.98856E-05 9.98856E-05 9.98856E-05 0.998701 9.98856E-05 9.98856E-05 9.98856E-05 9.98856E-05 9.98856E-05 9.98856E-05 9.98856E-05 9.98856E-05 9.98856E-05
9.98856E-05 9.98856E-05 9.98856E-05 9.98856E-05 0.998701 9.98856E-05 9.98856E-05 9.98856E-05 9.98856E-05 9.98856E-05 9.98856E-05 9.98856E-05 9.98856E-05 9.98856E-05
9.98856E-05 9.98856E-05 9.98856E-05 9.98856E-05 0.998701 9.98856E-05 9.98856E-05 9.98856E-05 9.98856E-05 9.98856E-05 9.98856E-05 9.98856E-05 9.98856E-05 9.98856E-05
0.998701 9.98857E-05 9.98857E-05 9.98857E-05 9.98857E-05 9.98857E-05 9.98857E-05 9.98857E-05 9.98857E-05 9.98857E-05 9.98857E-05 9.98857E-05 9.98857E-05 9.98857E-05
0.998701 9.98857E-05 9.98857E-05 9.98857E-05 9.98857E-05 9.98857E-05 9.98857E-05 9.98857E-05 9.98857E-05 9.98857E-05 9.98857E-05 9.98857E-05 9.98857E-05 9.98857E-05
0.998701 9.98856E-05 9.98856E-05 9.98856E-05 9.98856E-05 9.98856E-05 9.98856E-05 9.98856E-05 9.98856E-05 9.98856E-05 9.98856E-05 9.98856E-05 9.98856E-05 9.98856E-05
9.98855E-05 9.98855E-05 9.98855E-05 9.98855E-05 0.998701 9.98855E-05 9.98855E-05 9.98855E-05 9.98855E-05 9.98855E-05 9.98855E-05 9.98855E-05 9.98855E-05 9.98855E-05
0.998701 9.98856E-05 9.98856E-05 9.98856E-05 9.98856E-05 9.98856E-05 9.98856E-05 9.98856E-05 9.98856E-05 9.98856E-05 9.98856E-05 9.98856E-05 9.98856E-05 9.98856E-05
0.998701 9.98855E-05 9.98855E-05 9.98855E-05 9.98855E-05 9.98855E-05 9.98855E-05 9.98855E-05 9.98855E-05 9.98855E-05 9.98855E-05 9.98855E-05 9.98855E-05 9.98855E-05
9.98855E-05 9.98855E-05 9.98855E-05 9.98855E-05 0.998701 9.98855E-05 9.98855E-05 9.98855E-05 9.98855E-05 9.98855E-05 9.98855E-05 9.98855E-05 9.98855E-05 9.98855E-05
0.998701 9.98856E-05 9.98856E-05 9.98856E-05 9.98856E-05 9.98856E-05 9.98856E-05 9.98856E-05 9.98856E-05 9.98856E-05 9.98856E-05 9.98856E-05 9.98856E-05 9.98856E-05
0.998701 9.98857E-05 9.98857E-05 9.98857E-05 9.98857E-05 9.98857E-05 9.98857E-05 9.98857E-05 9.98857E-05 9.98857E-05 9.98857E-05 9.98857E-05 9.98857E-05 9.98857E-05
0.160265 0.0331962 9.99472E-05 0.00302713 0.334964 9.99472E-05 9.99472E-05 9.99472E-05 9.99472E-05 0.0927302 0.208532 0.15468 9.99472E-05 0.0120053
9.98856E-05 9.98856E-05 9.98856E-05 9.98856E-05 0.998701 9.98856E-05 9.98856E-05 9.98856E-05 9.98856E-05 9.98856E-05 9.98856E-05 9.98856E-05 9.98856E-05 9.98856E-05
0.998701 9.98856E-05 9.98856E-05 9.98856E-05 9.98856E-05 9.98856E-05 9.98856E-05 9.98856E-05 9.98856E-05 9.98856E-05 9.98856E-05 9.98856E-05 9.98856E-05 9.98856E-05
0.527589 9.99386E-05 0.147003 9.99386E-05 0.0158815 9.99386E-05 0.000102488 9.99386E-05 9.99386E-05 9.99386E-05 0.233187 0.0613788 9.99386E-05 0.0141587
0.289237 0.172399 9.99209E-05 0.0181259 0.233936 9.99209E-05 9.99209E-05 9.99209E-05 9.99209E-05 9.99209E-05 0.285403 9.99209E-05 9.99209E-05 9.99209E-05
0.180363 0.0631722 0.021925 9.99209E-05 0.375035 9.99209E-05 9.99209E-05 9.99209E-05 9.99209E-05 9.99209E-05 0.358605 9.99209E-05 9.99209E-05 9.99209E-05
9.99296E-05 9.99296E-05 9.99296E-05 0.0155065 0.222787 9.99296E-05 0.0416419 0.1111 9.99296E-05 0.0469821 0.561183 9.99296E-05 9.99296E-05 9.99296E-05
0.392427 9.99121E-05 9.99121E-05 0.00450905 0.294332 9.99121E-05 9.99121E-05 9.99121E-05 9.99121E-05 9.99121E-05 0.307733 9.99121E-05 9.99121E-05 9.99121E-05
0.0974683 0.00555791 9.99299E-05 9.99299E-05 0.0189873 0.0252886 9.99299E-05 9.99299E-05 0.0191648 9.99299E-05 0.832734 9.99299E-05 9.99299E-05 9.99299E-05
0.379821 9.99386E-05 9.99386E-05 0.0407796 0.200892 0.0186847 9.99386E-05 0.16287 9.99386E-05 9.99386E-05 0.175095 0.0211586 9.99386E-05 9.99386E-05
0.235754 9.99297E-05 9.99297E-05 9.99297E-05 0.152324 9.99297E-05 9.99297E-05 9.99297E-05 9.99297E-05 0.0334698 0.399788 0.0873067 9.99297E-05 0.0905578
0.18511 9.99035E-05 9.99035E-05 9.99035E-05 0.0996128 9.99035E-05 9.99035E-05 9.99035E-05 9.99035E-05 9.99035E-05 0.714179 9.99035E-05 9.99035E-05 9.99035E-05
9.99297E-05 9.99297E-05 0.0983381 0.0114025 0.162437 9.99297E-05 9.99297E-05 0.020575 9.99297E-05 9.99297E-05 0.599284 9.99297E-05 0.107163 9.99297E-05
0.0485576 9.99122E-05 9.99122E-05 9.99122E-05 0.202149 9.99122E-05 9.99122E-05 9.99122E-05 9.99122E-05 9.99122E-05 0.621717 0.126577 9.99122E-05 9.99122E-05
0.639694 9.99034E-05 9.99034E-05 9.99034E-05 0.102137 9.99034E-05 9.99034E-05 9.99034E-05 9.99034E-05 9.99034E-05 0.257069 9.99034E-05 9.99034E-05 9.99034E-05
0.276971 9.99385E-05 9.99385E-05 9.99385E-05 0.338863 0.0160942 0.0781536 0.0231948 9.99385E-05 0.0924205 0.173603 9.99385E-05 9.99385E-05 9.99385E-05
0.130709 0.063177 9.99208E-05 9.99208E-05 9.99208E-05 9.99208E-05 9.99208E-05 9.99208E-05 9.99208E-05 0.133366 0.633599 9.99208E-05 9.99208E-05 0.0382498
0.177022 0.0118533 9.99209E-05 9.99209E-05 0.301793 9.99209E-05 9.99209E-05 9.99209E-05 9.99209E-05 9.99209E-05 0.442924 0.0655093 9.99209E-05 9.99209E-05
0.281342 9.99298E-05 9.99298E-05 9.99298E-05 0.269822 0.114062 9.99298E-05 9.99298E-05 9.99298E-05 9.99298E-05 0.23854 0.0506185 0.0448164 9.99298E-05
0.150421 9.99298E-05 0.00607605 0.0326522 0.0695186 0.0733644 9.99298E-05 9.99298E-05 9.99298E-05 9.99298E-05 0.667168 9.99298E-05 9.99298E-05 9.99298E-05
0.042023 9.99473E-05 0.0121966 9.99473E-05 0.485825 0.0154559 0.0805633 9.99473E-05 9.99473E-05 0.00553959 0.24943 0.108368 9.99473E-05 9.99473E-05
0.142634 0.00868895 9.99472E-05 0.0954355 9.99472E-05 0.248847 9.99472E-05 9.99472E-05 9.99472E-05 9.99472E-05 0.419749 0.0302202 0.00834306 0.0454825
0.178329 0.082211 0.0400648 9.99209E-05 0.33221 9.99209E-05 9.99209E-05 9.99209E-05 9.99209E-05 9.99209E-05 0.366286 9.99209E-05 9.99209E-05 9.99209E-05
0.113966 0.233372 9.99209E-05 0.0231005 0.16648 9.99209E-05 9.99209E-05 9.99209E-05 9.99209E-05 9.99209E-05 0.462183 9.99209E-05 9.99209E-05 9.99209E-05
0.271211 9.99122E-05 9.99122E-05 9.99122E-05 9.99122E-05 9.99122E-05 0.0314843 9.99122E-05 9.99122E-05 9.99122E-05 0.635803 9.99122E-05 0.0605027 9.99122E-05
0.199661 9.99297E-05 9.99297E-05 0.0197825 0.219494 9.99297E-05 0.154355 9.99297E-05 9.99297E-05 9.99297E-05 0.386745 0.0191627 9.99297E-05 9.99297E-05
0.200191 0.00122726 9.99472E-05 0.0511721 0.155224 9.99472E-05 9.99472E-05 9.99472E-05 9.99472E-05 0.0641001 0.472474 0.0359296 0.0190828 9.99472E-05
0.0622547 0.0371649 9.99296E-05 9.99296E-05 0.0695734 9.99296E-05 9.99296E-05 9.99296E-05 9.99296E-05 0.195273 0.616843 9.99296E-05 9.99296E-05 0.0180913
