0.0690564 0.14854 0.115278 9.99912E-05 0.667026
0.013795 0.0315392 0.0642516 9.99912E-05 0.890314
0.0151926 9.99824E-05 9.99824E-05 0.0208846 0.963723
0.14064 0.0867775 0.108123 0.349636 0.314823
9.99736E-05 9.99736E-05 9.99736E-05 0.112338 0.887363
9.999E-05 0.0548658 0.423642 0.188808 0.332584
0.0377567 0.125285 0.0350913 0.313059 0.488808
9.999E-05 0.155771 0.224082 0.386728 0.233319
0.114436 9.99912E-05 0.524805 0.0534238 0.307235
0.0263568 0.00465219 9.99824E-05 9.99824E-05 0.968791
0.00637198 0.199568 0.145856 9.99912E-05 0.648104
0.00350774 9.99824E-05 9.99824E-05 0.0562015 0.940091
9.99736E-05 9.99736E-05 9.99736E-05 0.0212419 0.978458
9.99825E-05 0.0913666 0.1305 9.99825E-05 0.777933
0.0714061 9.99824E-05 0.514384 9.99824E-05 0.41401
9.99824E-05 9.99824E-05 0.467383 0.209744 0.322673
9.99825E-05 0.0796522 0.227038 9.99825E-05 0.69311
0.219711 0.131145 0.339034 9.99912E-05 0.31001
0.0348105 0.114571 0.229858 0.0818342 0.538926
0.0666132 9.99737E-05 9.99737E-05 9.99737E-05 0.933087
0.0290659 0.0663089 0.104533 0.261141 0.538951
9.999E-05 0.11005 0.270788 0.291743 0.327319
9.99824E-05 0.0892389 0.141061 9.99824E-05 0.7695
9.99824E-05 9.99824E-05 0.244269 0.179616 0.575915
0.193774 0.0101421 0.425987 0.0525974 0.317499
9.99912E-05 0.0934383 0.172688 0.0272433 0.706531
9.99912E-05 0.161934 0.529216 0.202522 0.106228
9.99824E-05 9.99824E-05 0.0258098 0.0711142 0.902876
0.0713401 0.0192522 0.155329 0.0208535 0.733225
9.99824E-05 0.00700986 0.157983 9.99824E-05 0.834807
0.0269256 0.164101 0.0237105 9.99912E-05 0.785163
9.99912E-05 0.0143044 0.247275 0.0814229 0.656897
0.028396 0.139298 0.165282 0.03741 0.629614
0.00150948 0.068794 0.209513 0.112415 0.607769
0.0979525 0.0169105 9.99825E-05 9.99825E-05 0.884937
0.037137 0.065609 0.0206265 0.200069 0.676559
9.99737E-05 9.99737E-05 9.99737E-05 0.0481668 0.951533
0.0586916 9.99824E-05 0.216425 9.99824E-05 0.724683
0.0215123 9.99912E-05 0.315564 0.0500506 0.612774
9.99824E-05 9.99824E-05 0.167167 0.166996 0.665638
9.99912E-05 0.0112939 0.0440119 0.0289119 0.915682
9.99737E-05 9.99737E-05 0.230033 9.99737E-05 0.769667
9.99824E-05 9.99824E-05 0.0405932 0.027644 0.931563
9.99912E-05 0.0732409 0.382975 0.00548536 0.538198
0.0611985 9.99912E-05 0.197065 0.280319 0.461318
0.0613767 9.99736E-05 9.99736E-05 9.99736E-05 0.938323
9.99824E-05 0.0855283 0.0211323 9.99824E-05 0.893139
9.997E-05 9.997E-05 9.997E-05 9.997E-05 0.9996
9.99912E-05 0.0637764 0.0439263 0.0731736 0.819024
0.0775596 0.0718726 9.99912E-05 0.0261384 0.824329
0.000781048 0.164146 0.41651 0.0705007 0.348062
0.0192626 9.99824E-05 9.99824E-05 0.249862 0.730676
0.00639318 0.028138 9.99912E-05 0.0209286 0.94444
0.0240758 0.0774697 0.0344022 0.178589 0.685463
0.0161879 9.99824E-05 9.99824E-05 0.100594 0.883018
0.119184 0.0133432 0.128158 0.0286488 0.710666
9.99824E-05 0.0556101 9.99824E-05 0.134318 0.809872
9.99737E-05 0.108427 9.99737E-05 9.99737E-05 0.891273
9.99912E-05 0.0394479 0.0211187 0.0110912 0.928242
9.99824E-05 0.175952 0.648239 9.99824E-05 0.175609
9.99825E-05 9.99825E-05 0.232996 0.245192 0.521612
9.99825E-05 0.218331 0.335194 9.99825E-05 0.446275
0.0585573 0.13449 0.806753 9.99825E-05 9.99825E-05
0.0356935 0.113598 0.382953 0.291893 0.175862
9.99824E-05 0.140502 0.815903 9.99824E-05 0.0433948
0.0103025 0.19367 0.667721 0.00691642 0.12139
9.99737E-05 0.265115 0.734585 9.99737E-05 9.99737E-05
9.99825E-05 0.0960663 0.592117 9.99825E-05 0.311617
9.99912E-05 0.161587 0.400941 0.0135279 0.423844
0.0237711 0.314518 0.66151 9.99824E-05 9.99824E-05
9.99912E-05 0.183669 0.369097 0.321182 0.125952
0.00565889 0.206649 0.569187 0.19735 0.0211552
9.99912E-05 0.00335393 0.599095 0.258382 0.139069
9.99912E-05 0.101952 0.379874 0.121812 0.396263
9.99825E-05 0.15129 0.546753 9.99825E-05 0.301757
9.99912E-05 0.0587533 0.532532 0.374241 0.0343737
9.99912E-05 0.377734 0.285312 0.167024 0.16983
9.99824E-05 0.275624 0.454523 9.99824E-05 0.269653
0.0163412 0.134061 0.648607 0.172674 0.0283163
9.99912E-05 0.0673013 0.43115 0.0446513 0.456798
9.99912E-05 0.137256 0.545825 0.160317 0.156503
0.0132493 0.168384 0.530873 9.99912E-05 0.287394
9.99912E-05 0.0767688 0.347827 0.336477 0.238827
9.99824E-05 0.281043 0.336431 9.99824E-05 0.382326
0.0344012 0.083867 0.492817 9.99912E-05 0.388814
9.99912E-05 0.102944 0.285991 0.0683221 0.542643
9.99825E-05 9.99825E-05 0.418277 0.174042 0.407481
9.99824E-05 0.224677 0.390879 9.99824E-05 0.384244
9.99825E-05 0.0244221 0.687405 9.99825E-05 0.287973
9.997E-05 9.997E-05 0.9996 9.997E-05 9.997E-05
9.99737E-05 9.99737E-05 0.987094 9.99737E-05 0.012606
9.99737E-05 0.143134 0.856566 9.99737E-05 9.99737E-05
0.00804501 0.091904 0.899851 9.99824E-05 9.99824E-05
0.101917 9.99736E-05 0.897783 9.99736E-05 9.99736E-05
0.0421077 9.99737E-05 0.957592 9.99737E-05 9.99737E-05
9.99737E-05 0.148223 0.851477 9.99737E-05 9.99737E-05
9.997E-05 9.997E-05 0.9996 9.997E-05 9.997E-05
9.997E-05 9.997E-05 0.9996 9.997E-05 9.997E-05
9.99736E-05 0.0748321 0.924868 9.99736E-05 9.99736E-05
0.00667405 9.99825E-05 0.98776 9.99825E-05 0.0053661
0.0835532 0.0720285 0.820159 9.99912E-05 0.0241594
9.99737E-05 0.0849538 0.914746 9.99737E-05 9.99737E-05
9.997E-05 9.997E-05 0.9996 9.997E-05 9.997E-05
0.0201392 0.192804 0.786857 9.99825E-05 9.99825E-05
0.0513042 0.0375286 0.910967 9.99824E-05 9.99824E-05
0.0811874 0.123492 0.795121 9.99824E-05 9.99824E-05
9.99912E-05 0.0479825 0.756163 0.151359 0.0443958
0.024464 0.0155694 0.959767 9.99825E-05 9.99825E-05
0.12481 9.99737E-05 0.87489 9.99737E-05 9.99737E-05
9.99825E-05 0.0257285 0.918284 0.0557873 9.99825E-05
9.99737E-05 0.103702 0.895998 9.99737E-05 9.99737E-05
0.112991 9.99736E-05 0.886709 9.99736E-05 9.99736E-05
9.997E-05 9.997E-05 0.9996 9.997E-05 9.997E-05
0.0836654 9.99736E-05 0.916035 9.99736E-05 9.99736E-05
9.99737E-05 0.000871962 0.998828 9.99737E-05 9.99737E-05
0.153951 9.99825E-05 0.751662 9.99825E-05 0.0941867
0.0626409 9.99824E-05 0.892686 0.0444727 9.99824E-05
9.997E-05 9.997E-05 0.9996 9.997E-05 9.997E-05
0.110773 0.023559 0.865468 9.99824E-05 9.99824E-05
0.0299546 9.99737E-05 0.969745 9.99737E-05 9.99737E-05
0.119872 0.0475841 0.832344 9.99824E-05 9.99824E-05
0.222673 0.000811104 0.776316 9.99824E-05 9.99824E-05
0.111257 0.074264 0.803827 0.0105523 9.99912E-05
9.997E-05 9.997E-05 0.9996 9.997E-05 9.997E-05
0.0900988 0.0343675 0.875334 9.99824E-05 9.99824E-05
9.99736E-05 0.119622 0.880078 9.99736E-05 9.99736E-05
9.997E-05 9.997E-05 0.9996 9.997E-05 9.997E-05
0.0541984 0.0100666 0.935535 9.99825E-05 9.99825E-05
0.00673312 0.0191076 0.973959 9.99825E-05 9.99825E-05
0.0504316 9.99738E-05 0.949268 9.99738E-05 9.99738E-05
0.00238911 9.99736E-05 0.997311 9.99736E-05 9.99736E-05
0.00558457 9.99824E-05 0.907701 0.0865146 9.99824E-05
0.107853 9.99737E-05 0.891847 9.99737E-05 9.99737E-05
9.99737E-05 9.99737E-05 0.869584 9.99737E-05 0.130116
0.0965766 0.136186 0.762226 0.00491139 9.99912E-05
0.0376934 0.128786 0.83332 9.99825E-05 9.99825E-05
0.0394422 0.0537467 0.898063 0.00864825 9.99912E-05
0.019944 0.0459068 0.933949 9.99824E-05 9.99824E-05
9.997E-05 9.997E-05 0.9996 9.997E-05 9.997E-05
0.0670253 9.99824E-05 0.731847 0.200928 9.99824E-05
9.997E-05 9.997E-05 0.9996 9.997E-05 9.997E-05
9.997E-05 9.997E-05 0.9996 9.997E-05 9.997E-05
0.0424719 9.99824E-05 0.869444 0.0878845 9.99824E-05
0.0916929 0.0787332 0.800001 0.0294727 9.99912E-05
9.997E-05 9.997E-05 0.9996 9.997E-05 9.997E-05
9.997E-05 9.997E-05 0.9996 9.997E-05 9.997E-05
0.0345468 0.057674 0.884959 0.0227205 9.99912E-05
0.21693 9.99737E-05 0.78277 9.99737E-05 9.99737E-05
9.997E-05 9.997E-05 0.9996 9.997E-05 9.997E-05
0.186407 9.99736E-05 0.813293 9.99736E-05 9.99736E-05
9.997E-05 9.997E-05 0.9996 9.997E-05 9.997E-05
0.0929899 9.99736E-05 0.90671 9.99736E-05 9.99736E-05
9.997E-05 9.997E-05 0.9996 9.997E-05 9.997E-05
9.997E-05 9.997E-05 0.9996 9.997E-05 9.997E-05
9.997E-05 9.997E-05 0.9996 9.997E-05 9.997E-05
0.104236 9.99736E-05 0.895464 9.99736E-05 9.99736E-05
9.997E-05 9.997E-05 0.9996 9.997E-05 9.997E-05
9.997E-05 9.997E-05 0.9996 9.997E-05 9.997E-05
0.100179 0.000961361 0.898659 9.99824E-05 9.99824E-05
0.0936247 9.99736E-05 0.906075 9.99736E-05 9.99736E-05
0.103046 9.99736E-05 0.896654 9.99736E-05 9.99736E-05
9.997E-05 9.997E-05 0.9996 9.997E-05 9.997E-05
9.997E-05 9.997E-05 0.9996 9.997E-05 9.997E-05
0.143768 9.99736E-05 0.855932 9.99736E-05 9.99736E-05
0.10283 9.99736E-05 0.89687 9.99736E-05 9.99736E-05
0.0300236 0.113262 0.558906 0.297708 9.99912E-05
0.153004 0.0160946 0.830701 9.99824E-05 9.99824E-05
9.997E-05 9.997E-05 0.9996 9.997E-05 9.997E-05
0.135679 9.99736E-05 0.864021 9.99736E-05 9.99736E-05
0.102179 9.99736E-05 0.897522 9.99736E-05 9.99736E-05
0.13635 9.99736E-05 0.86335 9.99736E-05 9.99736E-05
9.997E-05 9.997E-05 0.9996 9.997E-05 9.997E-05
0.150155 9.99736E-05 0.849546 9.99736E-05 9.99736E-05
9.997E-05 9.997E-05 0.9996 9.997E-05 9.997E-05
0.113864 9.99736E-05 0.885836 9.99736E-05 9.99736E-05
0.123647 9.99736E-05 0.876053 9.99736E-05 9.99736E-05
9.997E-05 9.997E-05 0.9996 9.997E-05 9.997E-05
9.997E-05 9.997E-05 0.9996 9.997E-05 9.997E-05
9.997E-05 9.997E-05 0.9996 9.997E-05 9.997E-05
0.142881 9.99736E-05 0.856819 9.99736E-05 9.99736E-05
0.139487 9.99736E-05 0.860213 9.99736E-05 9.99736E-05
0.110948 9.99736E-05 0.888752 9.99736E-05 9.99736E-05
0.093974 9.99736E-05 0.905726 9.99736E-05 9.99736E-05
0.134898 9.99736E-05 0.864802 9.99736E-05 9.99736E-05
9.997E-05 9.997E-05 0.9996 9.997E-05 9.997E-05
9.997E-05 9.997E-05 0.9996 9.997E-05 9.997E-05
9.997E-05 9.997E-05 0.9996 9.997E-05 9.997E-05
0.0921274 9.99736E-05 0.907573 9.99736E-05 9.99736E-05
9.997E-05 9.997E-05 0.9996 9.997E-05 9.997E-05
9.997E-05 9.997E-05 0.9996 9.997E-05 9.997E-05
9.997E-05 9.997E-05 0.9996 9.997E-05 9.997E-05
9.997E-05 9.997E-05 0.9996 9.997E-05 9.997E-05
0.103046 9.99736E-05 0.896654 9.99736E-05 9.99736E-05
9.997E-05 9.997E-05 0.9996 9.997E-05 9.997E-05
9.997E-05 9.997E-05 0.9996 9.997E-05 9.997E-05
0.12343 9.99824E-05 0.74787 0.1285 9.99824E-05
0.149464 9.99736E-05 0.850236 9.99736E-05 9.99736E-05
9.997E-05 9.997E-05 0.9996 9.997E-05 9.997E-05
9.997E-05 9.997E-05 0.9996 9.997E-05 9.997E-05
9.997E-05 9.997E-05 0.9996 9.997E-05 9.997E-05
9.997E-05 9.997E-05 0.9996 9.997E-05 9.997E-05
0.103046 9.99736E-05 0.896654 9.99736E-05 9.99736E-05
9.997E-05 9.997E-05 0.9996 9.997E-05 9.997E-05
0.158449 9.99736E-05 0.841251 9.99736E-05 9.99736E-05
9.997E-05 9.997E-05 0.9996 9.997E-05 9.997E-05
0.104605 9.99736E-05 0.895095 9.99736E-05 9.99736E-05
9.997E-05 9.997E-05 0.9996 9.997E-05 9.997E-05
9.997E-05 9.997E-05 0.9996 9.997E-05 9.997E-05
9.997E-05 9.997E-05 0.9996 9.997E-05 9.997E-05
9.997E-05 9.997E-05 0.9996 9.997E-05 9.997E-05
9.997E-05 9.997E-05 0.9996 9.997E-05 9.997E-05
9.997E-05 9.997E-05 0.9996 9.997E-05 9.997E-05
0.162108 9.99736E-05 0.837592 9.99736E-05 9.99736E-05
0.127768 9.99736E-05 0.871932 9.99736E-05 9.99736E-05
0.142766 9.99736E-05 0.856934 9.99736E-05 9.99736E-05
9.997E-05 9.997E-05 0.9996 9.997E-05 9.997E-05
0.0809545 9.99736E-05 0.918746 9.99736E-05 9.99736E-05
0.147873 9.99736E-05 0.851827 9.99736E-05 9.99736E-05
0.120411 9.99736E-05 0.879289 9.99736E-05 9.99736E-05
9.997E-05 9.997E-05 0.9996 9.997E-05 9.997E-05
9.997E-05 9.997E-05 0.9996 9.997E-05 9.997E-05
9.997E-05 9.997E-05 0.9996 9.997E-05 9.997E-05
0.103149 9.99736E-05 0.896551 9.99736E-05 9.99736E-05
9.997E-05 9.997E-05 0.9996 9.997E-05 9.997E-05
9.997E-05 9.997E-05 0.9996 9.997E-05 9.997E-05
0.175201 9.99736E-05 0.824499 9.99736E-05 9.99736E-05
9.997E-05 9.997E-05 0.9996 9.997E-05 9.997E-05
9.99736E-05 0.0214087 0.978291 9.99736E-05 9.99736E-05
0.0258993 0.233758 0.740143 9.99824E-05 9.99824E-05
0.0960989 9.99736E-05 0.903601 9.99736E-05 9.99736E-05
9.997E-05 9.997E-05 0.9996 9.997E-05 9.997E-05
9.99825E-05 0.118197 0.874062 0.00754045 9.99825E-05
0.0834484 9.99824E-05 0.858256 0.0580955 9.99824E-05
0.077264 9.99736E-05 0.922436 9.99736E-05 9.99736E-05
0.0961605 0.0413057 0.808651 0.053783 9.99912E-05
0.0569652 9.99736E-05 0.942735 9.99736E-05 9.99736E-05
9.99738E-05 9.99738E-05 0.94446 9.99738E-05 0.0552401
0.00457856 0.0698401 0.925381 9.99824E-05 9.99824E-05
0.0354298 0.112821 0.851549 9.99824E-05 9.99824E-05
9.997E-05 9.997E-05 0.9996 9.997E-05 9.997E-05
0.151321 9.99824E-05 0.818706 0.0297736 9.99824E-05
9.99737E-05 0.0821299 0.91757 9.99737E-05 9.99737E-05
9.997E-05 9.997E-05 0.9996 9.997E-05 9.997E-05
9.99736E-05 9.99736E-05 0.864407 0.135293 9.99736E-05
0.0631242 0.0612761 0.8754 9.99824E-05 9.99824E-05
0.0155962 0.0352298 0.948974 9.99824E-05 9.99824E-05
9.99737E-05 9.99737E-05 0.94259 0.05711 9.99737E-05
0.0376512 9.99737E-05 0.962049 9.99737E-05 9.99737E-05
0.0292228 0.231483 0.739094 9.99824E-05 9.99824E-05
0.119316 9.99736E-05 0.880384 9.99736E-05 9.99736E-05
9.99736E-05 9.99736E-05 0.90568 0.0940202 9.99736E-05
0.0502863 9.99736E-05 0.949414 9.99736E-05 9.99736E-05
9.99737E-05 9.99737E-05 0.91622 0.0834805 9.99737E-05
0.0881943 0.0839915 0.762847 0.0648668 9.99912E-05
9.99736E-05 0.074124 0.925576 9.99736E-05 9.99736E-05
0.056589 0.169261 0.77395 9.99824E-05 9.99824E-05
9.997E-05 9.997E-05 0.9996 9.997E-05 9.997E-05
0.0533732 9.99824E-05 0.797118 0.149309 9.99824E-05
0.0622669 9.99824E-05 0.888119 0.0494146 9.99824E-05
0.146364 0.00132407 0.78248 0.0697316 9.99912E-05
0.113951 0.0880973 0.797752 9.99824E-05 9.99824E-05
0.020959 9.99824E-05 0.956481 0.0223596 9.99824E-05
9.997E-05 9.997E-05 0.9996 9.997E-05 9.997E-05
0.00813626 9.99736E-05 0.991564 9.99736E-05 9.99736E-05
9.99736E-05 0.102445 0.897255 9.99736E-05 9.99736E-05
9.99736E-05 0.214375 0.785325 9.99736E-05 9.99736E-05
0.0282406 9.99737E-05 0.971459 9.99737E-05 9.99737E-05
9.997E-05 9.997E-05 0.9996 9.997E-05 9.997E-05
0.0129023 0.19516 0.791738 9.99824E-05 9.99824E-05
0.081624 0.077204 0.840972 9.99824E-05 9.99824E-05
0.0670764 9.99824E-05 0.797009 0.135715 9.99824E-05
0.0568985 0.00150981 0.941392 9.99824E-05 9.99824E-05
0.0915646 9.99825E-05 0.849045 0.0591906 9.99825E-05
9.99736E-05 9.99736E-05 0.784141 0.215559 9.99736E-05
9.997E-05 9.997E-05 0.9996 9.997E-05 9.997E-05
9.99736E-05 0.00377758 0.995923 9.99736E-05 9.99736E-05
9.99736E-05 0.0619616 0.937738 9.99736E-05 9.99736E-05
9.997E-05 9.997E-05 0.9996 9.997E-05 9.997E-05
0.0323753 0.0163152 0.95111 9.99824E-05 9.99824E-05
9.99737E-05 9.99737E-05 0.965144 0.0345566 9.99737E-05
9.99736E-05 9.99736E-05 0.799219 0.200481 9.99736E-05
9.997E-05 9.997E-05 0.9996 9.997E-05 9.997E-05
9.99737E-05 0.0396897 0.96001 9.99737E-05 9.99737E-05
9.99736E-05 9.99736E-05 0.849905 0.149796 9.99736E-05
9.997E-05 9.997E-05 0.9996 9.997E-05 9.997E-05
0.0698494 9.99824E-05 0.667347 0.262604 9.99824E-05
9.997E-05 9.997E-05 0.9996 9.997E-05 9.997E-05
0.0208424 9.99825E-05 0.970609 9.99825E-05 0.0083487
9.997E-05 9.997E-05 0.9996 9.997E-05 9.997E-05
0.0241753 9.99736E-05 0.975525 9.99736E-05 9.99736E-05
9.99737E-05 0.0450474 0.954653 9.99737E-05 9.99737E-05
9.997E-05 9.997E-05 0.9996 9.997E-05 9.997E-05
9.99737E-05 9.99737E-05 0.963645 9.99737E-05 0.0360547
9.99737E-05 9.99737E-05 0.858318 9.99737E-05 0.141382
9.99737E-05 0.0650215 0.934679 9.99737E-05 9.99737E-05
0.111287 9.99736E-05 0.888414 9.99736E-05 9.99736E-05
9.997E-05 9.997E-05 0.9996 9.997E-05 9.997E-05
9.997E-05 9.997E-05 0.9996 9.997E-05 9.997E-05
0.0136304 9.99737E-05 0.98607 9.99737E-05 9.99737E-05
0.0490708 0.0527106 0.898019 9.99824E-05 9.99824E-05
0.053919 9.99737E-05 0.945781 9.99737E-05 9.99737E-05
0.0835193 9.99737E-05 0.916181 9.99737E-05 9.99737E-05
0.0262431 9.99825E-05 0.714043 9.99825E-05 0.259513
9.997E-05 9.997E-05 0.9996 9.997E-05 9.997E-05
0.0682465 0.11613 0.719038 0.0964854 9.99912E-05
9.997E-05 9.997E-05 0.9996 9.997E-05 9.997E-05
9.997E-05 9.997E-05 0.9996 9.997E-05 9.997E-05
9.99737E-05 9.99737E-05 0.837564 9.99737E-05 0.162137
0.0399484 0.0380926 0.921759 9.99824E-05 9.99824E-05
9.997E-05 9.997E-05 0.9996 9.997E-05 9.997E-05
9.997E-05 9.997E-05 0.9996 9.997E-05 9.997E-05
9.99824E-05 0.0428413 0.895086 0.0618727 9.99824E-05
0.0628204 0.104031 0.777575 0.0554737 9.99912E-05
9.99737E-05 9.99737E-05 0.940532 9.99737E-05 0.0591683
9.997E-05 9.997E-05 0.9996 9.997E-05 9.997E-05
0.200908 9.99737E-05 0.798792 9.99737E-05 9.99737E-05
9.997E-05 9.997E-05 0.9996 9.997E-05 9.997E-05
0.0106122 0.186992 0.802196 9.99824E-05 9.99824E-05
9.997E-05 9.997E-05 0.9996 9.997E-05 9.997E-05
0.0646492 9.99824E-05 0.918083 0.017068 9.99824E-05
0.0363921 0.0507443 0.912664 9.99824E-05 9.99824E-05
0.210391 9.99737E-05 0.78931 9.99737E-05 9.99737E-05
9.99736E-05 0.0814503 0.91825 9.99736E-05 9.99736E-05
9.997E-05 9.997E-05 0.9996 9.997E-05 9.997E-05
0.118337 0.144774 0.736689 9.99824E-05 9.99824E-05
9.997E-05 9.997E-05 0.9996 9.997E-05 9.997E-05
9.99825E-05 0.0940309 0.893113 9.99825E-05 0.0126557
0.0283869 9.99824E-05 0.732614 0.238799 9.99824E-05
9.99824E-05 0.0715217 0.904486 0.0237924 9.99824E-05
9.99737E-05 0.0486968 0.951003 9.99737E-05 9.99737E-05
0.0797404 9.99824E-05 0.891483 0.0285764 9.99824E-05
0.0560787 0.172659 0.61959 0.151572 9.99912E-05
0.0695007 9.99736E-05 0.930199 9.99736E-05 9.99736E-05
0.161794 0.0918726 0.746133 9.99824E-05 9.99824E-05
9.99738E-05 9.99738E-05 0.956318 9.99738E-05 0.0433822
9.99737E-05 9.99737E-05 0.927418 9.99737E-05 0.0722817
0.0486172 9.99737E-05 0.951083 9.99737E-05 9.99737E-05
0.0139919 0.247556 0.738252 9.99824E-05 9.99824E-05
9.997E-05 9.997E-05 0.9996 9.997E-05 9.997E-05
9.99737E-05 9.99737E-05 0.907708 9.99737E-05 0.0919922
0.0554985 0.106647 0.837655 9.99825E-05 9.99825E-05
0.0373979 0.0309126 0.93149 9.99825E-05 9.99825E-05
0.0392261 9.99737E-05 0.960474 9.99737E-05 9.99737E-05
9.997E-05 9.997E-05 0.9996 9.997E-05 9.997E-05
0.0310252 9.99824E-05 0.880534 0.0882412 9.99824E-05
0.239748 0.051194 0.708858 9.99824E-05 9.99824E-05
9.997E-05 9.997E-05 0.9996 9.997E-05 9.997E-05
0.0118663 9.99736E-05 0.987834 9.99736E-05 9.99736E-05
0.0460089 0.12745 0.826341 9.99824E-05 9.99824E-05
0.116793 0.0440117 0.838996 9.99825E-05 9.99825E-05
0.0962058 9.99824E-05 0.754793 0.148802 9.99824E-05
0.011335 0.209725 0.711855 0.0669858 9.99912E-05
9.99736E-05 0.196815 0.802886 9.99736E-05 9.99736E-05
0.036071 9.99736E-05 0.963629 9.99736E-05 9.99736E-05
9.99824E-05 0.0180954 0.819793 0.161911 9.99824E-05
9.997E-05 9.997E-05 0.9996 9.997E-05 9.997E-05
9.99736E-05 0.185444 0.814256 9.99736E-05 9.99736E-05
0.0552783 9.99737E-05 0.944422 9.99737E-05 9.99737E-05
9.99738E-05 9.99738E-05 0.912257 9.99738E-05 0.0874429
0.0187321 0.0851028 0.867864 0.0282006 9.99912E-05
0.0942487 9.99736E-05 0.905451 9.99736E-05 9.99736E-05
9.99737E-05 9.99737E-05 0.811331 0.188369 9.99737E-05
9.99737E-05 9.99737E-05 0.795413 0.204287 9.99737E-05
9.99736E-05 9.99736E-05 0.792838 0.206862 9.99736E-05
9.99912E-05 0.0881978 0.777561 0.125088 0.00905329
0.00661034 0.174461 0.602145 0.20015 0.0166327
9.99825E-05 9.99825E-05 0.627212 0.0458306 0.326757
9.99824E-05 0.0814884 0.913178 0.00513316 9.99824E-05
9.99737E-05 9.99737E-05 0.743347 0.256353 9.99737E-05
9.99912E-05 0.0559613 0.539994 0.131476 0.272468
9.99736E-05 9.99736E-05 0.85668 0.14302 9.99736E-05
0.0299682 0.156111 0.720127 0.0872036 0.00659069
0.217144 9.99825E-05 0.545103 9.99825E-05 0.237553
9.99737E-05 9.99737E-05 0.822598 0.177102 9.99737E-05
9.99825E-05 9.99825E-05 0.617765 0.0389607 0.343075
0.00589663 0.185287 0.703302 0.0351784 0.0703354
9.99824E-05 9.99824E-05 0.668845 0.28819 0.042765
9.99912E-05 0.015746 0.784685 0.0933924 0.106077
9.99912E-05 0.0292371 0.419198 0.368322 0.183142
0.0207287 0.174712 0.635887 0.167393 0.00127935
9.99825E-05 9.99825E-05 0.760874 0.222916 0.0160101
9.99824E-05 0.161251 0.757276 9.99824E-05 0.0812721
9.99825E-05 9.99825E-05 0.743222 0.136504 0.120074
0.135825 0.101516 0.611023 9.99912E-05 0.151536
9.99825E-05 0.0381258 0.79557 0.166104 9.99825E-05
0.0709141 9.99736E-05 0.928786 9.99736E-05 9.99736E-05
9.997E-05 9.997E-05 0.9996 9.997E-05 9.997E-05
9.99736E-05 9.99736E-05 0.931561 0.0681387 9.99736E-05
9.997E-05 9.997E-05 0.9996 9.997E-05 9.997E-05
9.99737E-05 9.99737E-05 0.961004 0.0386964 9.99737E-05
9.99736E-05 0.0372242 0.962476 9.99736E-05 9.99736E-05
0.0147377 9.99825E-05 0.95758 9.99825E-05 0.0274826
9.997E-05 9.997E-05 0.9996 9.997E-05 9.997E-05
9.99736E-05 0.0510061 0.948694 9.99736E-05 9.99736E-05
0.0145115 0.0949227 0.890366 9.99824E-05 9.99824E-05
9.997E-05 9.997E-05 0.9996 9.997E-05 9.997E-05
9.99736E-05 0.0422705 0.95743 9.99736E-05 9.99736E-05
9.997E-05 9.997E-05 0.9996 9.997E-05 9.997E-05
9.997E-05 9.997E-05 0.9996 9.997E-05 9.997E-05
9.997E-05 9.997E-05 0.9996 9.997E-05 9.997E-05
9.997E-05 9.997E-05 0.9996 9.997E-05 9.997E-05
9.997E-05 9.997E-05 0.9996 9.997E-05 9.997E-05
9.997E-05 9.997E-05 0.9996 9.997E-05 9.997E-05
9.99737E-05 0.118531 0.88117 9.99737E-05 9.99737E-05
9.997E-05 9.997E-05 0.9996 9.997E-05 9.997E-05
9.997E-05 9.997E-05 0.9996 9.997E-05 9.997E-05
9.997E-05 9.997E-05 0.9996 9.997E-05 9.997E-05
0.0884313 9.99737E-05 0.911269 9.99737E-05 9.99737E-05
0.0350368 9.99825E-05 0.938755 0.0260081 9.99825E-05
9.99737E-05 0.0141188 0.985581 9.99737E-05 9.99737E-05
9.99824E-05 0.0746806 0.864236 0.0608838 9.99824E-05
9.99737E-05 9.99737E-05 0.994673 0.00502755 9.99737E-05
9.99736E-05 9.99736E-05 0.999529 0.000170957 9.99736E-05
9.997E-05 9.997E-05 0.9996 9.997E-05 9.997E-05
9.99737E-05 0.0220886 0.977611 9.99737E-05 9.99737E-05
0.0188737 9.99824E-05 0.925472 0.055454 9.99824E-05
9.99737E-05 0.0168866 0.982813 9.99737E-05 9.99737E-05
9.997E-05 9.997E-05 0.9996 9.997E-05 9.997E-05
9.997E-05 9.997E-05 0.9996 9.997E-05 9.997E-05
9.997E-05 9.997E-05 0.9996 9.997E-05 9.997E-05
9.997E-05 9.997E-05 0.9996 9.997E-05 9.997E-05
9.99737E-05 0.0460181 0.953682 9.99737E-05 9.99737E-05
9.99737E-05 9.99737E-05 0.980714 0.0189863 9.99737E-05
9.997E-05 9.997E-05 0.9996 9.997E-05 9.997E-05
9.997E-05 9.997E-05 0.9996 9.997E-05 9.997E-05
9.99737E-05 9.99737E-05 0.982033 9.99737E-05 0.017667
9.99736E-05 0.0124462 0.987254 9.99736E-05 9.99736E-05
9.99736E-05 0.0717698 0.92793 9.99736E-05 9.99736E-05
9.99912E-05 0.133368 0.209975 0.401959 0.254598
9.99824E-05 9.99824E-05 0.322299 0.612849 0.0646517
0.0497281 0.314815 0.328903 0.305793 0.00076081
9.99912E-05 0.111988 0.289555 0.437844 0.160513
9.99912E-05 0.0701519 0.373801 0.452332 0.103615
9.99912E-05 0.137805 0.300524 0.430644 0.130928
9.99912E-05 0.0674785 0.308846 0.554199 0.0693769
9.99912E-05 0.0930534 0.407923 0.44511 0.053814
9.99912E-05 0.0876824 0.512487 0.396861 0.00286974
0.0882082 0.467331 0.283278 9.99912E-05 0.161083
9.99912E-05 0.159247 0.418936 0.375851 0.0458662
9.99912E-05 0.146436 0.347674 0.472966 0.0328237
9.99912E-05 0.172788 0.315743 0.356757 0.154612
9.99912E-05 0.171187 0.300446 0.376566 0.151701
9.99824E-05 9.99824E-05 0.259564 0.652147 0.0880884
9.99912E-05 0.0702155 0.47104 0.408166 0.0504781
9.99912E-05 0.197887 0.354959 0.333925 0.11313
9.99912E-05 0.0672835 0.366269 0.486245 0.0801027
9.99912E-05 0.362558 0.369816 0.245121 0.0224054
9.99912E-05 0.21571 0.286245 0.331584 0.166361
9.997E-05 0.9996 9.997E-05 9.997E-05 9.997E-05
9.997E-05 0.9996 9.997E-05 9.997E-05 9.997E-05
9.997E-05 0.9996 9.997E-05 9.997E-05 9.997E-05
9.997E-05 0.9996 9.997E-05 9.997E-05 9.997E-05
9.997E-05 0.9996 9.997E-05 9.997E-05 9.997E-05
9.997E-05 0.9996 9.997E-05 9.997E-05 9.997E-05
9.997E-05 0.9996 9.997E-05 9.997E-05 9.997E-05
9.997E-05 0.9996 9.997E-05 9.997E-05 9.997E-05
9.997E-05 0.9996 9.997E-05 9.997E-05 9.997E-05
9.997E-05 0.9996 9.997E-05 9.997E-05 9.997E-05
9.997E-05 0.9996 9.997E-05 9.997E-05 9.997E-05
9.997E-05 0.9996 9.997E-05 9.997E-05 9.997E-05
9.997E-05 0.9996 9.997E-05 9.997E-05 9.997E-05
9.997E-05 0.9996 9.997E-05 9.997E-05 9.997E-05
9.997E-05 0.9996 9.997E-05 9.997E-05 9.997E-05
9.997E-05 0.9996 9.997E-05 9.997E-05 9.997E-05
9.997E-05 0.9996 9.997E-05 9.997E-05 9.997E-05
9.997E-05 0.9996 9.997E-05 9.997E-05 9.997E-05
9.997E-05 0.9996 9.997E-05 9.997E-05 9.997E-05
9.997E-05 0.9996 9.997E-05 9.997E-05 9.997E-05
9.997E-05 0.9996 9.997E-05 9.997E-05 9.997E-05
9.997E-05 0.9996 9.997E-05 9.997E-05 9.997E-05
9.997E-05 0.9996 9.997E-05 9.997E-05 9.997E-05
9.997E-05 0.9996 9.997E-05 9.997E-05 9.997E-05
9.997E-05 0.9996 9.997E-05 9.997E-05 9.997E-05
9.997E-05 0.9996 9.997E-05 9.997E-05 9.997E-05
9.997E-05 0.9996 9.997E-05 9.997E-05 9.997E-05
9.997E-05 0.9996 9.997E-05 9.997E-05 9.997E-05
9.997E-05 0.9996 9.997E-05 9.997E-05 9.997E-05
9.997E-05 0.9996 9.997E-05 9.997E-05 9.997E-05
9.997E-05 0.9996 9.997E-05 9.997E-05 9.997E-05
9.997E-05 0.9996 9.997E-05 9.997E-05 9.997E-05
9.997E-05 0.9996 9.997E-05 9.997E-05 9.997E-05
9.997E-05 0.9996 9.997E-05 9.997E-05 9.997E-05
9.997E-05 0.9996 9.997E-05 9.997E-05 9.997E-05
9.997E-05 0.9996 9.997E-05 9.997E-05 9.997E-05
9.997E-05 0.9996 9.997E-05 9.997E-05 9.997E-05
9.997E-05 0.9996 9.997E-05 9.997E-05 9.997E-05
9.997E-05 0.9996 9.997E-05 9.997E-05 9.997E-05
9.997E-05 0.9996 9.997E-05 9.997E-05 9.997E-05
9.997E-05 0.9996 9.997E-05 9.997E-05 9.997E-05
9.997E-05 0.9996 9.997E-05 9.997E-05 9.997E-05
9.997E-05 0.9996 9.997E-05 9.997E-05 9.997E-05
9.997E-05 0.9996 9.997E-05 9.997E-05 9.997E-05
9.997E-05 0.9996 9.997E-05 9.997E-05 9.997E-05
9.997E-05 0.9996 9.997E-05 9.997E-05 9.997E-05
9.997E-05 0.9996 9.997E-05 9.997E-05 9.997E-05
9.997E-05 0.9996 9.997E-05 9.997E-05 9.997E-05
9.997E-05 0.9996 9.997E-05 9.997E-05 9.997E-05
9.997E-05 0.9996 9.997E-05 9.997E-05 9.997E-05
9.997E-05 0.9996 9.997E-05 9.997E-05 9.997E-05
9.997E-05 0.9996 9.997E-05 9.997E-05 9.997E-05
9.997E-05 0.9996 9.997E-05 9.997E-05 9.997E-05
9.997E-05 0.9996 9.997E-05 9.997E-05 9.997E-05
9.997E-05 0.9996 9.997E-05 9.997E-05 9.997E-05
9.997E-05 0.9996 9.997E-05 9.997E-05 9.997E-05
9.997E-05 0.9996 9.997E-05 9.997E-05 9.997E-05
9.997E-05 0.9996 9.997E-05 9.997E-05 9.997E-05
9.997E-05 0.9996 9.997E-05 9.997E-05 9.997E-05
9.997E-05 0.9996 9.997E-05 9.997E-05 9.997E-05
9.997E-05 0.9996 9.997E-05 9.997E-05 9.997E-05
9.997E-05 0.9996 9.997E-05 9.997E-05 9.997E-05
9.997E-05 0.9996 9.997E-05 9.997E-05 9.997E-05
9.997E-05 0.9996 9.997E-05 9.997E-05 9.997E-05
9.997E-05 0.9996 9.997E-05 9.997E-05 9.997E-05
9.99736E-05 0.918424 9.99736E-05 0.0812761 9.99736E-05
0.0439072 0.955793 9.99736E-05 9.99736E-05 9.99736E-05
9.997E-05 0.9996 9.997E-05 9.997E-05 9.997E-05
9.997E-05 0.9996 9.997E-05 9.997E-05 9.997E-05
9.99736E-05 0.990931 9.99736E-05 0.0087695 9.99736E-05
9.997E-05 0.9996 9.997E-05 9.997E-05 9.997E-05
9.997E-05 0.9996 9.997E-05 9.997E-05 9.997E-05
9.997E-05 0.9996 9.997E-05 9.997E-05 9.997E-05
9.997E-05 0.9996 9.997E-05 9.997E-05 9.997E-05
9.997E-05 0.9996 9.997E-05 9.997E-05 9.997E-05
9.997E-05 0.9996 9.997E-05 9.997E-05 9.997E-05
9.997E-05 0.9996 9.997E-05 9.997E-05 9.997E-05
9.99736E-05 0.990383 9.99736E-05 0.0093167 9.99736E-05
0.0107917 0.978007 9.99824E-05 0.011001 9.99824E-05
9.997E-05 0.9996 9.997E-05 9.997E-05 9.997E-05
9.997E-05 0.9996 9.997E-05 9.997E-05 9.997E-05
9.997E-05 0.9996 9.997E-05 9.997E-05 9.997E-05
9.997E-05 0.9996 9.997E-05 9.997E-05 9.997E-05
9.99736E-05 0.974147 9.99736E-05 0.0255532 9.99736E-05
9.997E-05 0.9996 9.997E-05 9.997E-05 9.997E-05
9.99736E-05 0.901375 9.99736E-05 0.0983255 9.99736E-05
9.997E-05 0.9996 9.997E-05 9.997E-05 9.997E-05
9.99736E-05 0.989041 9.99736E-05 0.0106587 9.99736E-05
9.997E-05 0.9996 9.997E-05 9.997E-05 9.997E-05
9.99736E-05 0.989283 9.99736E-05 0.010417 9.99736E-05
9.997E-05 0.9996 9.997E-05 9.997E-05 9.997E-05
9.997E-05 0.9996 9.997E-05 9.997E-05 9.997E-05
9.997E-05 0.9996 9.997E-05 9.997E-05 9.997E-05
0.00314152 0.948022 9.99824E-05 0.0486361 9.99824E-05
9.997E-05 0.9996 9.997E-05 9.997E-05 9.997E-05
9.99736E-05 0.982323 9.99736E-05 0.017377 9.99736E-05
9.997E-05 0.9996 9.997E-05 9.997E-05 9.997E-05
9.99736E-05 0.934644 9.99736E-05 0.0650559 9.99736E-05
9.997E-05 0.9996 9.997E-05 9.997E-05 9.997E-05
0.00993375 0.965343 9.99824E-05 0.0245233 9.99824E-05
9.99736E-05 0.974004 9.99736E-05 0.0256963 9.99736E-05
9.997E-05 0.9996 9.997E-05 9.997E-05 9.997E-05
9.997E-05 0.9996 9.997E-05 9.997E-05 9.997E-05
9.997E-05 0.9996 9.997E-05 9.997E-05 9.997E-05
9.99736E-05 0.952816 9.99736E-05 0.0468842 9.99736E-05
9.997E-05 0.9996 9.997E-05 9.997E-05 9.997E-05
9.997E-05 0.9996 9.997E-05 9.997E-05 9.997E-05
9.997E-05 0.9996 9.997E-05 9.997E-05 9.997E-05
9.99736E-05 0.981055 9.99736E-05 0.0186453 9.99736E-05
9.997E-05 0.9996 9.997E-05 9.997E-05 9.997E-05
9.99736E-05 0.973154 9.99736E-05 0.0265462 9.99736E-05
9.997E-05 0.9996 9.997E-05 9.997E-05 9.997E-05
9.997E-05 0.9996 9.997E-05 9.997E-05 9.997E-05
9.997E-05 0.9996 9.997E-05 9.997E-05 9.997E-05
9.997E-05 0.9996 9.997E-05 9.997E-05 9.997E-05
9.997E-05 0.9996 9.997E-05 9.997E-05 9.997E-05
9.99736E-05 0.987446 9.99736E-05 0.0122539 9.99736E-05
9.997E-05 0.9996 9.997E-05 9.997E-05 9.997E-05
9.997E-05 0.9996 9.997E-05 9.997E-05 9.997E-05
9.997E-05 0.9996 9.997E-05 9.997E-05 9.997E-05
9.997E-05 0.9996 9.997E-05 9.997E-05 9.997E-05
9.99736E-05 0.838375 9.99736E-05 0.161325 9.99736E-05
9.997E-05 0.9996 9.997E-05 9.997E-05 9.997E-05
9.997E-05 0.9996 9.997E-05 9.997E-05 9.997E-05
9.997E-05 0.9996 9.997E-05 9.997E-05 9.997E-05
0.0100303 0.970934 9.99824E-05 0.0188353 9.99824E-05
0.024259 0.975441 9.99736E-05 9.99736E-05 9.99736E-05
9.99736E-05 0.965853 9.99736E-05 0.033847 9.99736E-05
9.997E-05 0.9996 9.997E-05 9.997E-05 9.997E-05
9.997E-05 0.9996 9.997E-05 9.997E-05 9.997E-05
0.166977 0.542319 9.99824E-05 0.290505 9.99824E-05
9.99736E-05 0.636423 9.99736E-05 0.363277 9.99736E-05
0.277613 0.722087 9.99736E-05 9.99736E-05 9.99736E-05
0.146125 0.693653 9.99824E-05 0.160023 9.99824E-05
0.149673 0.579922 9.99824E-05 0.270205 9.99824E-05
0.15693 0.588058 9.99824E-05 0.254812 9.99824E-05
0.154767 0.563481 9.99824E-05 0.281551 9.99824E-05
0.21238 0.78732 9.99737E-05 9.99737E-05 9.99737E-05
0.18523 0.414949 9.99824E-05 0.399621 9.99824E-05
0.17129 0.531721 9.99824E-05 0.296788 9.99824E-05
0.14735 0.443133 9.99824E-05 0.409318 9.99824E-05
9.99737E-05 0.499152 9.99737E-05 0.500548 9.99737E-05
0.137221 0.862479 9.99736E-05 9.99736E-05 9.99736E-05
0.303906 0.695794 9.99736E-05 9.99736E-05 9.99736E-05
0.139627 0.860073 9.99736E-05 9.99736E-05 9.99736E-05
0.13312 0.86658 9.99736E-05 9.99736E-05 9.99736E-05
0.1331 0.8666 9.99736E-05 9.99736E-05 9.99736E-05
0.060373 0.163577 9.99824E-05 0.775851 9.99824E-05
0.306958 0.273331 9.99824E-05 0.419511 9.99824E-05
9.99736E-05 0.205084 9.99736E-05 0.794617 9.99736E-05
9.99736E-05 0.0994531 9.99736E-05 0.900247 9.99736E-05
0.0949684 0.211177 9.99824E-05 0.693655 9.99824E-05
9.99736E-05 0.0235304 9.99736E-05 0.97617 9.99736E-05
0.017221 9.99736E-05 9.99736E-05 0.982479 9.99736E-05
0.0159782 9.99736E-05 9.99736E-05 0.983722 9.99736E-05
0.0650164 0.0399578 0.000972608 0.893953 9.99912E-05
0.0625603 0.252564 9.99824E-05 0.684675 9.99824E-05
0.209494 9.99824E-05 0.0121881 0.778118 9.99824E-05
9.99736E-05 0.0956305 9.99736E-05 0.90407 9.99736E-05
0.273785 0.198468 9.99824E-05 0.527547 9.99824E-05
0.386011 0.162609 9.99825E-05 0.45118 9.99825E-05
0.324125 0.123008 0.0510642 0.501703 9.99912E-05
0.254066 0.100245 0.0798574 0.565731 9.99912E-05
0.308635 0.0587557 9.99824E-05 0.63241 9.99824E-05
0.0357494 9.99736E-05 9.99736E-05 0.963951 9.99736E-05
0.00194956 0.471698 9.99824E-05 0.526152 9.99824E-05
0.493402 0.0872979 9.99824E-05 0.4191 9.99824E-05
0.477445 0.0797138 9.99824E-05 0.442641 9.99824E-05
0.227631 0.0140157 9.99824E-05 0.758153 9.99824E-05
0.436796 0.132675 9.99824E-05 0.430329 9.99824E-05
9.997E-05 9.997E-05 9.997E-05 0.9996 9.997E-05
0.105413 0.335108 9.99824E-05 0.55928 9.99824E-05
0.130986 0.228535 9.99824E-05 0.640279 9.99824E-05
0.0034661 0.314115 9.99824E-05 0.682218 9.99824E-05
0.0026227 0.319645 9.99824E-05 0.677532 9.99824E-05
0.161651 0.138898 9.99824E-05 0.69925 9.99824E-05
0.147269 0.163336 9.99824E-05 0.689194 9.99824E-05
0.0811169 0.0665344 9.99824E-05 0.852149 9.99824E-05
0.0772758 0.248142 0.0369834 0.637499 9.99912E-05
0.0784077 0.321694 0.0073272 0.592471 9.99912E-05
0.16754 9.99736E-05 9.99736E-05 0.83216 9.99736E-05
0.29017 9.99736E-05 9.99736E-05 0.70953 9.99736E-05
0.167851 0.0564777 9.99824E-05 0.775472 9.99824E-05
0.156631 9.99736E-05 9.99736E-05 0.843069 9.99736E-05
9.99736E-05 0.243282 9.99736E-05 0.756418 9.99736E-05
0.450346 0.0240112 9.99824E-05 0.525443 9.99824E-05
0.0568094 0.126634 9.99824E-05 0.816356 9.99824E-05
9.99824E-05 0.0893297 0.0755015 0.834969 9.99824E-05
0.132133 9.99736E-05 9.99736E-05 0.867567 9.99736E-05
0.145451 0.0047676 9.99824E-05 0.849581 9.99824E-05
9.99736E-05 9.99736E-05 0.0394403 0.96026 9.99736E-05
0.134255 9.99736E-05 9.99736E-05 0.865445 9.99736E-05
0.00666077 0.0746566 9.99824E-05 0.918483 9.99824E-05
0.139187 9.99736E-05 9.99736E-05 0.860513 9.99736E-05
0.29373 0.263826 9.99825E-05 0.442244 9.99825E-05
0.0667587 0.0952863 9.99824E-05 0.837755 9.99824E-05
0.092144 9.99736E-05 9.99736E-05 0.907556 9.99736E-05
9.99824E-05 0.101578 0.0928735 0.805348 9.99824E-05
9.99824E-05 0.130035 0.0549164 0.814848 9.99824E-05
0.0624672 0.130634 9.99824E-05 0.806699 9.99824E-05
0.162305 9.99736E-05 9.99736E-05 0.837395 9.99736E-05
9.99824E-05 0.0906421 0.0693764 0.839782 9.99824E-05
0.220768 0.198047 9.99824E-05 0.580985 9.99824E-05
0.146287 9.99736E-05 9.99736E-05 0.853413 9.99736E-05
0.130373 9.99736E-05 9.99736E-05 0.869327 9.99736E-05
0.12871 9.99736E-05 9.99736E-05 0.87099 9.99736E-05
0.207072 9.99736E-05 9.99736E-05 0.792628 9.99736E-05
0.0158898 0.130708 9.99824E-05 0.853202 9.99824E-05
0.0210352 0.164291 9.99824E-05 0.814474 9.99824E-05
0.460638 9.99736E-05 9.99736E-05 0.539062 9.99736E-05
0.152644 0.0493506 9.99824E-05 0.797805 9.99824E-05
9.99824E-05 0.0507029 0.131821 0.817276 9.99824E-05
0.0886874 0.0497452 9.99824E-05 0.861367 9.99824E-05
0.0640214 0.0930963 9.99824E-05 0.842682 9.99824E-05
0.0569461 0.126834 9.99824E-05 0.81602 9.99824E-05
0.171751 9.99737E-05 9.99737E-05 0.827949 9.99737E-05
0.109217 0.0872873 9.99824E-05 0.803296 9.99824E-05
0.106513 9.99736E-05 9.99736E-05 0.893187 9.99736E-05
9.99824E-05 0.0909668 0.0670897 0.841743 9.99824E-05
0.244817 9.99736E-05 9.99736E-05 0.754883 9.99736E-05
0.189979 0.0606398 0.0112083 0.738073 9.99912E-05
9.997E-05 9.997E-05 9.997E-05 0.9996 9.997E-05
0.143049 0.110687 9.99824E-05 0.746065 9.99824E-05
0.131315 0.110572 9.99824E-05 0.757913 9.99824E-05
0.17234 0.1438 9.99824E-05 0.68366 9.99824E-05
0.052198 0.129463 9.99824E-05 0.818139 9.99824E-05
0.130604 0.230338 9.99824E-05 0.638858 9.99824E-05
0.107557 0.0542921 0.0902292 0.747821 9.99912E-05
9.99736E-05 0.12642 9.99736E-05 0.87328 9.99736E-05
0.0250489 0.131729 9.99824E-05 0.843022 9.99824E-05
0.113525 9.99736E-05 9.99736E-05 0.886175 9.99736E-05
0.298014 0.0627567 0.0984561 0.540673 9.99912E-05
0.0150965 0.0492091 9.99824E-05 0.935495 9.99824E-05
0.0921898 0.327549 9.99824E-05 0.580062 9.99824E-05
9.99736E-05 0.0733563 9.99736E-05 0.926344 9.99736E-05
0.00921386 0.0442727 0.0792623 0.867151 9.99912E-05
9.99736E-05 0.105624 9.99736E-05 0.894076 9.99736E-05
0.0250633 0.101022 9.99824E-05 0.873714 9.99824E-05
0.0836734 9.99736E-05 9.99736E-05 0.916027 9.99736E-05
0.206657 0.0872053 9.99824E-05 0.705938 9.99824E-05
9.99824E-05 0.0411412 0.0838494 0.874809 9.99824E-05
0.37043 0.0897515 9.99824E-05 0.539619 9.99824E-05
0.297337 0.394128 9.99824E-05 0.308336 9.99824E-05
0.114563 0.147886 9.99824E-05 0.737352 9.99824E-05
0.176119 0.231964 9.99824E-05 0.591717 9.99824E-05
0.19779 0.261907 9.99824E-05 0.540103 9.99824E-05
0.159584 0.156107 9.99824E-05 0.68411 9.99824E-05
0.127104 0.0522176 9.99824E-05 0.820479 9.99824E-05
0.159256 0.0909089 9.99824E-05 0.749635 9.99824E-05
0.176253 0.234383 9.99824E-05 0.589164 9.99824E-05
0.0961811 0.121849 0.0331588 0.748711 9.99912E-05
0.031813 0.201837 9.99824E-05 0.76615 9.99824E-05
0.0370996 0.00712813 9.99824E-05 0.955572 9.99824E-05
0.142325 0.18432 9.99824E-05 0.673155 9.99824E-05
0.0683667 9.99825E-05 0.000577336 0.930856 9.99825E-05
0.0711609 0.185837 9.99824E-05 0.742802 9.99824E-05
0.133357 0.0773969 9.99824E-05 0.789046 9.99824E-05
9.99736E-05 0.144366 9.99736E-05 0.855334 9.99736E-05
0.0460721 0.0516241 9.99824E-05 0.902104 9.99824E-05
0.0392221 0.0965301 9.99824E-05 0.864048 9.99824E-05
9.99736E-05 0.201406 9.99736E-05 0.798294 9.99736E-05
0.0151737 9.99736E-05 9.99736E-05 0.984526 9.99736E-05
0.258916 9.99736E-05 9.99736E-05 0.740784 9.99736E-05
9.99736E-05 0.110104 9.99736E-05 0.889596 9.99736E-05
0.111212 0.0810877 9.99824E-05 0.8075 9.99824E-05
9.99736E-05 0.150851 9.99736E-05 0.848849 9.99736E-05
0.101409 0.167458 9.99824E-05 0.730933 9.99824E-05
0.0794588 0.135859 9.99824E-05 0.784482 9.99824E-05
9.99737E-05 0.391889 9.99737E-05 0.607811 9.99737E-05
0.0860698 0.106602 9.99824E-05 0.807128 9.99824E-05
0.359792 0.257861 9.99824E-05 0.382147 9.99824E-05
0.0823075 0.0954783 9.99824E-05 0.822014 9.99824E-05
0.0924776 9.99736E-05 9.99736E-05 0.907222 9.99736E-05
0.103457 9.99824E-05 0.0486189 0.847725 9.99824E-05
0.0848426 0.114589 9.99824E-05 0.800368 9.99824E-05
0.0676093 0.258863 9.99824E-05 0.673327 9.99824E-05
0.188956 0.16528 9.99824E-05 0.645564 9.99824E-05
0.0999166 0.00298253 9.99824E-05 0.896901 9.99824E-05
0.156564 0.0670629 9.99824E-05 0.776173 9.99824E-05
0.235184 0.21654 9.99824E-05 0.548075 9.99824E-05
0.109506 0.109606 9.99824E-05 0.780688 9.99824E-05
0.136504 0.0286272 9.99824E-05 0.834669 9.99824E-05
0.0750296 9.99736E-05 9.99736E-05 0.92467 9.99736E-05
0.219325 0.278501 9.99824E-05 0.501974 9.99824E-05
0.156277 0.0768343 9.99824E-05 0.766688 9.99824E-05
0.0314545 0.0194733 9.99824E-05 0.948872 9.99824E-05
0.0921366 9.99824E-05 0.0295657 0.878098 9.99824E-05
9.99736E-05 0.282953 9.99736E-05 0.716747 9.99736E-05
0.0638091 0.131441 9.99824E-05 0.80455 9.99824E-05
0.375913 9.99736E-05 9.99736E-05 0.623788 9.99736E-05
0.707678 0.0757708 9.99824E-05 0.216351 9.99824E-05
0.0473459 0.468539 9.99824E-05 0.483915 9.99824E-05
0.28759 0.240044 9.99824E-05 0.472166 9.99824E-05
0.635964 0.0896959 9.99824E-05 0.27414 9.99824E-05
0.238012 0.363995 9.99824E-05 0.397793 9.99824E-05
9.99736E-05 0.407898 9.99736E-05 0.591803 9.99736E-05
0.17454 0.228787 9.99824E-05 0.596474 9.99824E-05
0.183409 0.453043 9.99824E-05 0.363348 9.99824E-05
0.242164 0.248844 9.99824E-05 0.508792 9.99824E-05
0.406584 0.133207 9.99824E-05 0.460009 9.99824E-05
0.275111 0.221075 9.99824E-05 0.503614 9.99824E-05
0.127518 0.379874 9.99824E-05 0.492409 9.99824E-05
0.445635 0.0768121 9.99824E-05 0.477353 9.99824E-05
0.461427 9.99736E-05 9.99736E-05 0.538273 9.99736E-05
0.288667 0.159466 9.99824E-05 0.551667 9.99824E-05
0.202496 0.203724 9.99824E-05 0.59358 9.99824E-05
0.20204 0.197474 9.99824E-05 0.600286 9.99824E-05
0.246217 0.548036 9.99824E-05 0.205547 9.99824E-05
0.435663 0.0539541 9.99824E-05 0.510183 9.99824E-05
0.322792 9.99736E-05 9.99736E-05 0.676909 9.99736E-05
0.269014 0.299815 9.99824E-05 0.430971 9.99824E-05
0.281503 0.127105 9.99824E-05 0.591192 9.99824E-05
0.251462 0.34108 9.99824E-05 0.407258 9.99824E-05
0.348052 0.513678 9.99824E-05 0.13807 9.99824E-05
0.188012 0.258745 9.99824E-05 0.553044 9.99824E-05
0.29784 0.70186 9.99737E-05 9.99737E-05 9.99737E-05
0.319646 0.146032 9.99824E-05 0.534123 9.99824E-05
0.302657 0.663698 0.0334449 9.99824E-05 9.99824E-05
0.246317 0.0361575 9.99824E-05 0.717325 9.99824E-05
9.99738E-05 0.0642894 9.99738E-05 0.935411 9.99738E-05
0.247361 0.0415799 9.99824E-05 0.710859 9.99824E-05
0.108598 0.108179 9.99824E-05 0.783023 9.99824E-05
0.0947422 9.99736E-05 9.99736E-05 0.904958 9.99736E-05
0.0782279 0.0756323 9.99824E-05 0.84594 9.99824E-05
0.0205657 0.0544262 0.068185 0.856723 9.99912E-05
0.188931 0.198466 9.99824E-05 0.612404 9.99824E-05
0.340113 0.200555 9.99824E-05 0.459132 9.99824E-05
0.199992 0.264943 9.99824E-05 0.534865 9.99824E-05
0.103226 0.120199 9.99824E-05 0.776376 9.99824E-05
0.0289072 0.0645196 9.99824E-05 0.906373 9.99824E-05
0.10352 9.99736E-05 9.99736E-05 0.89618 9.99736E-05
0.0275186 9.99736E-05 9.99736E-05 0.972181 9.99736E-05
0.0232779 0.0135866 9.99824E-05 0.962936 9.99824E-05
0.211302 0.0694415 9.99824E-05 0.719057 9.99824E-05
0.172023 9.99737E-05 9.99737E-05 0.827677 9.99737E-05
0.244974 0.0085366 9.99824E-05 0.746289 9.99824E-05
0.165825 0.310159 9.99824E-05 0.523816 9.99824E-05
0.124886 9.99736E-05 9.99736E-05 0.874814 9.99736E-05
0.0819683 9.99824E-05 0.0190234 0.898808 9.99824E-05
