0.338209 9.99561E-05 0.0474774 0.0678195 9.99561E-05 0.03956 0.0419675 0.00296929 0.0270142 9.99561E-05 9.99561E-05 9.99561E-05 0.434483
0.0174052 9.99298E-05 9.99298E-05 0.0192629 9.99298E-05 0.16191 9.99298E-05 9.99298E-05 0.00946564 9.99298E-05 9.99298E-05 9.99298E-05 0.791156
9.99122E-05 0.0196482 9.99122E-05 9.99122E-05 9.99122E-05 9.99122E-05 9.99122E-05 9.99122E-05 0.0302185 9.99122E-05 9.99122E-05 9.99122E-05 0.949134
0.0309199 0.164507 0.0481051 9.99561E-05 9.99561E-05 9.99561E-05 9.99561E-05 0.274672 0.0938771 0.086995 0.0147502 9.99561E-05 0.285674
9.99122E-05 9.99122E-05 9.99122E-05 9.99122E-05 9.99122E-05 0.029779 9.99122E-05 9.99122E-05 9.99122E-05 9.99122E-05 0.152545 9.99122E-05 0.816677
0.0114386 0.261341 9.99562E-05 9.99562E-05 9.99562E-05 0.127037 9.99562E-05 0.0178994 0.0219445 0.098304 0.175754 9.99562E-05 0.285782
0.123444 9.99474E-05 9.99474E-05 0.00273956 9.99474E-05 0.109773 9.99474E-05 0.263172 0.161778 9.99474E-05 9.99474E-05 0.0339996 0.304495
0.216752 0.0481742 0.0188101 9.99649E-05 9.99649E-05 9.99649E-05 9.99649E-05 0.0964854 0.0126204 0.166895 0.179698 0.0794728 0.180691
9.99386E-05 0.0241881 9.99386E-05 0.207129 9.99386E-05 9.99386E-05 0.0797098 0.153762 9.99386E-05 0.253335 9.99386E-05 9.99386E-05 0.281177
9.99122E-05 9.99122E-05 0.0390483 0.0181309 9.99122E-05 9.99122E-05 9.99122E-05 9.99122E-05 9.99122E-05 9.99122E-05 9.99122E-05 9.99122E-05 0.941822
0.121804 9.99298E-05 9.99298E-05 0.199757 9.99298E-05 9.99298E-05 0.01926 9.99298E-05 0.148137 9.99298E-05 9.99298E-05 9.99298E-05 0.510243
9.99298E-05 9.99298E-05 9.99298E-05 0.0101292 9.99298E-05 9.99298E-05 9.99298E-05 0.0494004 0.0257526 9.99298E-05 9.99298E-05 0.0231813 0.890737
0.139199 9.99122E-05 9.99122E-05 0.0416358 9.99122E-05 9.99122E-05 9.99122E-05 9.99122E-05 9.99122E-05 9.99122E-05 9.99122E-05 9.99122E-05 0.818166
9.99386E-05 0.107532 9.99386E-05 0.0706733 0.0506859 9.99386E-05 9.99386E-05 9.99386E-05 0.118189 9.99386E-05 9.99386E-05 0.00176268 0.650458
0.161433 0.165562 9.99561E-05 0.182979 9.99561E-05 0.0369986 0.00676359 0.0332249 9.99561E-05 0.109043 9.99561E-05 9.99561E-05 0.303497
0.137755 0.0556364 9.99473E-05 0.167727 9.99473E-05 9.99473E-05 9.99473E-05 0.0876062 9.99473E-05 0.169651 9.99473E-05 0.132637 0.248387
9.99386E-05 9.99386E-05 9.99386E-05 0.0644 0.145837 0.0692971 9.99386E-05 9.99386E-05 0.070192 9.99386E-05 9.99386E-05 0.0461769 0.603397
0.298595 9.99385E-05 0.180915 0.153274 9.99385E-05 9.99385E-05 0.121744 9.99385E-05 9.99385E-05 0.0577801 9.99385E-05 9.99385E-05 0.186993
0.048298 9.99385E-05 0.0526895 0.177712 9.99385E-05 9.99385E-05 9.99385E-05 0.110108 9.99385E-05 0.208981 9.99385E-05 9.99385E-05 0.401513
9.99035E-05 9.99035E-05 9.99035E-05 9.99035E-05 9.99035E-05 9.99035E-05 0.00665134 9.99035E-05 9.99035E-05 9.99035E-05 9.99035E-05 9.99035E-05 0.99225
9.99561E-05 0.0307434 9.99561E-05 0.075355 9.99561E-05 9.99561E-05 9.99561E-05 0.142729 0.0886101 0.106893 0.108193 0.00681536 0.440161
0.19269 0.0495628 9.99473E-05 9.99473E-05 9.99473E-05 9.99473E-05 9.99473E-05 0.0648378 0.0282721 0.155372 0.22454 9.99473E-05 0.284126
0.0951524 0.0588069 9.99386E-05 0.116849 9.99386E-05 0.0171421 9.99386E-05 9.99386E-05 0.0427846 9.99386E-05 9.99386E-05 9.99386E-05 0.668566
0.236175 9.99297E-05 9.99297E-05 0.192943 9.99297E-05 9.99297E-05 9.99297E-05 0.100561 9.99297E-05 9.99297E-05 9.99297E-05 0.0459885 0.423534
9.994E-05 0.166777 9.994E-05 0.30714 9.994E-05 9.994E-05 0.0665304 0.0579188 0.0444671 0.0473189 9.994E-05 9.994E-05 0.309249
0.0431675 0.0499217 9.99385E-05 0.118287 9.99385E-05 9.99385E-05 9.99385E-05 9.99385E-05 9.99385E-05 0.00883379 9.99385E-05 0.0179138 0.761177
0.266682 0.363586 0.0927338 0.140018 9.99385E-05 9.99385E-05 9.99385E-05 9.99385E-05 9.99385E-05 9.99385E-05 9.99385E-05 0.0453762 0.0909047
9.99298E-05 0.0226224 9.99298E-05 0.141024 9.99298E-05 0.047885 9.99298E-05 0.0449547 9.99298E-05 9.99298E-05 9.99298E-05 9.99298E-05 0.742715
0.130508 0.0432113 9.99298E-05 0.173218 9.99298E-05 9.99298E-05 0.0222022 9.99298E-05 9.99298E-05 9.99298E-05 9.99298E-05 9.99298E-05 0.630061
9.99298E-05 0.0144098 9.99298E-05 0.0684078 0.0420204 9.99298E-05 9.99298E-05 9.99298E-05 9.99298E-05 0.0375636 9.99298E-05 9.99298E-05 0.836799
0.142309 9.99473E-05 0.0236242 0.00765758 9.99473E-05 9.99473E-05 9.99473E-05 0.0386749 0.0722507 0.0568871 9.99473E-05 9.99473E-05 0.657997
0.0246571 0.253735 9.99386E-05 0.0873181 9.99386E-05 9.99386E-05 9.99386E-05 0.00215513 0.0833625 9.99386E-05 9.99386E-05 9.99386E-05 0.548072
0.144393 0.0489989 9.99385E-05 0.140762 9.99385E-05 9.99385E-05 9.99385E-05 9.99385E-05 0.0928883 9.99385E-05 9.99385E-05 0.0242796 0.547979
0.0204076 0.294324 0.0409061 0.112062 9.99649E-05 9.99649E-05 9.99649E-05 0.00924021 0.0194523 9.99649E-05 0.00636291 0.00623128 0.490614
9.99298E-05 9.99298E-05 9.99298E-05 0.0177163 9.99298E-05 0.077474 0.0379795 9.99298E-05 0.0334759 9.99298E-05 9.99298E-05 9.99298E-05 0.832555
0.087697 9.99386E-05 9.99386E-05 9.99386E-05 9.99386E-05 0.0219745 9.99386E-05 0.148174 0.0168686 0.0327717 9.99386E-05 9.99386E-05 0.691815
9.99298E-05 9.99298E-05 9.99298E-05 9.99298E-05 9.99298E-05 0.0315398 0.0213302 9.99298E-05 0.00141948 9.99298E-05 9.99298E-05 0.0518718 0.893039
9.99474E-05 9.99474E-05 9.99474E-05 0.0923147 0.0253693 0.0123489 0.107452 9.99474E-05 0.00105543 0.137756 9.99474E-05 9.99474E-05 0.623104
9.99386E-05 9.99386E-05 9.99386E-05 0.148155 0.0623588 0.152217 9.99386E-05 9.99386E-05 0.0243661 9.99386E-05 0.0815552 9.99386E-05 0.530649
9.9921E-05 0.156615 9.9921E-05 0.124072 9.9921E-05 9.9921E-05 9.9921E-05 9.9921E-05 9.9921E-05 9.9921E-05 9.9921E-05 0.120397 0.598017
0.0202079 9.99298E-05 9.99298E-05 0.0800949 9.99298E-05 9.99298E-05 9.99298E-05 0.0182227 0.0728752 9.99298E-05 9.99298E-05 9.99298E-05 0.8078
0.274756 9.99299E-05 9.99299E-05 0.0504773 9.99299E-05 0.0114479 9.99299E-05 9.99299E-05 9.99299E-05 0.0160026 9.99299E-05 9.99299E-05 0.646516
0.00296552 9.99298E-05 0.0113067 9.99298E-05 0.000735584 0.0970844 9.99298E-05 9.99298E-05 9.99298E-05 9.99298E-05 9.99298E-05 9.99298E-05 0.887108
0.211533 9.99298E-05 9.99298E-05 0.208596 9.99298E-05 9.99298E-05 9.99298E-05 9.99298E-05 0.0517641 0.109098 9.99298E-05 9.99298E-05 0.418209
0.158748 9.99298E-05 9.99298E-05 0.193177 9.99298E-05 9.99298E-05 9.99298E-05 0.0736517 9.99298E-05 9.99298E-05 0.27024 9.99298E-05 0.303384
9.99209E-05 9.99209E-05 9.99209E-05 0.0266379 9.99209E-05 9.99209E-05 0.0659357 9.99209E-05 9.99209E-05 9.99209E-05 0.0441363 9.99209E-05 0.862391
9.99298E-05 9.99298E-05 0.0272235 0.0917035 9.99298E-05 9.99298E-05 9.99298E-05 9.99298E-05 0.0313836 0.0230312 9.99298E-05 9.99298E-05 0.825859
9.99123E-05 9.99123E-05 9.99123E-05 0.0573662 9.99123E-05 9.99123E-05 9.99123E-05 9.99123E-05 9.99123E-05 9.99123E-05 9.99123E-05 0.00375334 0.937881
0.145803 9.99209E-05 9.99209E-05 0.14995 9.99209E-05 9.99209E-05 9.99209E-05 9.99209E-05 0.0457426 9.99209E-05 9.99209E-05 9.99209E-05 0.657605
9.99387E-05 9.99387E-05 0.00495853 9.99387E-05 9.99387E-05 9.99387E-05 0.0839704 0.0312408 0.0141621 9.99387E-05 9.99387E-05 0.0841584 0.78081
0.0682138 0.0934088 9.995E-05 0.180823 9.995E-05 9.995E-05 9.995E-05 0.0193909 0.191615 0.0154266 0.114059 9.995E-05 0.316563
9.99298E-05 9.99298E-05 9.99298E-05 9.99298E-05 9.99298E-05 9.99298E-05 9.99298E-05 0.133181 9.99298E-05 0.0140178 0.108389 0.0252391 0.718373
9.9921E-05 9.9921E-05 0.0269744 0.0256573 9.9921E-05 9.9921E-05 9.9921E-05 9.9921E-05 9.9921E-05 0.0189852 9.9921E-05 9.9921E-05 0.927484
9.99299E-05 0.0587879 9.99299E-05 0.0838146 9.99299E-05 9.99299E-05 9.99299E-05 9.99299E-05 9.99299E-05 0.0387975 9.99299E-05 0.23383 0.583971
9.99299E-05 9.99299E-05 0.00730951 0.178657 9.99299E-05 9.99299E-05 0.0407657 9.99299E-05 9.99299E-05 9.99299E-05 9.99299E-05 0.0440759 0.728393
9.9921E-05 0.158697 9.9921E-05 9.9921E-05 9.9921E-05 9.9921E-05 0.0559577 9.9921E-05 9.9921E-05 9.9921E-05 0.060482 9.9921E-05 0.723964
9.99385E-05 9.99385E-05 0.0981696 0.0121575 9.99385E-05 0.0675762 9.99385E-05 9.99385E-05 9.99385E-05 9.99385E-05 0.0187016 0.0166596 0.786036
9.9921E-05 9.9921E-05 9.9921E-05 0.0557421 9.9921E-05 9.9921E-05 9.9921E-05 0.00680658 0.0355681 9.9921E-05 9.9921E-05 9.9921E-05 0.900984
9.99473E-05 9.99473E-05 9.99473E-05 0.0503084 9.99473E-05 0.0871527 9.99473E-05 0.00912263 0.00981993 0.00888187 9.99473E-05 0.0110327 0.823082
0.559162 0.045119 0.123135 0.138428 9.99386E-05 0.117095 9.99386E-05 9.99386E-05 9.99386E-05 0.0163618 9.99386E-05 9.99386E-05 9.99386E-05
0.842439 9.99211E-05 9.99211E-05 9.99211E-05 9.99211E-05 0.0826763 9.99211E-05 0.0460782 9.99211E-05 9.99211E-05 9.99211E-05 9.99211E-05 0.027907
0.594356 9.99386E-05 0.0942709 0.0230368 0.098472 0.10408 9.99386E-05 9.99386E-05 9.99386E-05 9.99386E-05 9.99386E-05 0.0850842 9.99386E-05
0.0905635 0.33572 0.0665737 0.0181521 9.99474E-05 0.356755 9.99474E-05 9.99474E-05 9.99474E-05 0.124474 9.99474E-05 0.00716284 9.99474E-05
0.696125 9.99385E-05 0.0553224 0.0829578 9.99385E-05 9.99385E-05 0.0703915 9.99385E-05 0.0269892 0.0675147 9.99385E-05 9.99385E-05 9.99385E-05
0.679803 0.010356 0.0294059 0.194017 9.99297E-05 0.0856183 9.99297E-05 9.99297E-05 9.99297E-05 9.99297E-05 9.99297E-05 9.99297E-05 9.99297E-05
0.213291 9.99297E-05 0.0085627 0.202845 9.99297E-05 0.423884 9.99297E-05 9.99297E-05 0.150617 9.99297E-05 9.99297E-05 9.99297E-05 9.99297E-05
0.363432 0.0953242 0.157701 0.10666 9.99385E-05 0.23696 9.99385E-05 9.99385E-05 9.99385E-05 0.0392223 9.99385E-05 9.99385E-05 9.99385E-05
0.757082 9.99298E-05 0.0046906 0.0153178 0.0370649 0.185045 9.99298E-05 9.99298E-05 9.99298E-05 9.99298E-05 9.99298E-05 9.99298E-05 9.99298E-05
0.764597 9.99386E-05 0.0118611 0.0148869 9.99386E-05 0.0213733 9.99386E-05 9.99386E-05 0.141314 9.99386E-05 9.99386E-05 9.99386E-05 0.0452673
0.471693 9.99297E-05 0.0204324 0.300649 9.99297E-05 9.99297E-05 9.99297E-05 9.99297E-05 0.175513 0.0309132 9.99297E-05 9.99297E-05 9.99297E-05
0.548231 9.99473E-05 9.99473E-05 0.0021687 9.99473E-05 0.0294261 0.087439 0.0851776 0.16753 9.99473E-05 0.079428 9.99473E-05 9.99473E-05
0.417408 0.126194 9.9956E-05 0.0218849 9.9956E-05 0.0249236 9.9956E-05 9.9956E-05 0.113155 0.127707 0.115868 0.0523599 9.9956E-05
0.574362 9.99384E-05 9.99384E-05 0.146975 9.99384E-05 0.170083 9.99384E-05 9.99384E-05 9.99384E-05 0.000797296 0.0911602 0.0159234 9.99384E-05
0.650371 0.210783 0.0122746 0.0367907 9.99387E-05 9.99387E-05 9.99387E-05 9.99387E-05 9.99387E-05 9.99387E-05 9.99387E-05 0.00253891 0.0865422
0.737724 9.99298E-05 9.99298E-05 0.130659 0.107999 9.99298E-05 9.99298E-05 9.99298E-05 0.0205668 0.00225102 9.99298E-05 9.99298E-05 9.99298E-05
0.574304 0.181859 0.131007 0.0582285 9.99473E-05 0.00876405 9.99473E-05 0.0185734 9.99473E-05 9.99473E-05 9.99473E-05 0.0266644 9.99473E-05
0.710716 9.9921E-05 9.9921E-05 9.9921E-05 9.9921E-05 9.9921E-05 9.9921E-05 0.0414707 0.194007 0.0529067 9.9921E-05 9.9921E-05 9.9921E-05
0.660993 9.99298E-05 0.130117 0.15467 9.99298E-05 9.99298E-05 9.99298E-05 9.99298E-05 0.0213983 0.0320221 9.99298E-05 9.99298E-05 9.99298E-05
0.544865 0.0117259 9.99385E-05 0.271121 9.99385E-05 0.0303492 0.0412276 9.99385E-05 9.99385E-05 9.99385E-05 9.99385E-05 0.100012 9.99385E-05
0.684026 9.99387E-05 9.99387E-05 0.0516506 0.177657 0.0580957 9.99387E-05 9.99387E-05 0.0252106 9.99387E-05 0.00266105 9.99387E-05 9.99387E-05
0.810607 0.00933402 0.00937704 0.0924697 9.99297E-05 0.0774129 9.99297E-05 9.99297E-05 9.99297E-05 9.99297E-05 9.99297E-05 9.99297E-05 9.99297E-05
0.649672 0.217049 0.00458446 0.0419618 9.99299E-05 0.0859331 9.99299E-05 9.99299E-05 9.99299E-05 9.99299E-05 9.99299E-05 9.99299E-05 9.99299E-05
0.535476 0.0943006 0.133401 0.0458622 9.99386E-05 9.99386E-05 9.99386E-05 0.105 9.99386E-05 0.0852599 9.99386E-05 9.99386E-05 9.99386E-05
0.744547 9.99297E-05 9.99297E-05 0.098606 9.99297E-05 9.99297E-05 9.99297E-05 9.99297E-05 0.147042 0.00802369 9.99297E-05 9.99297E-05 0.000981694
0.568759 9.99562E-05 9.99562E-05 0.0712457 0.0839552 0.108527 0.00483856 9.99562E-05 0.00486606 0.0284934 9.99562E-05 9.99562E-05 0.128815
0.828118 9.99211E-05 0.00159669 9.99211E-05 0.106558 9.99211E-05 9.99211E-05 9.99211E-05 9.99211E-05 9.99211E-05 9.99211E-05 9.99211E-05 0.0628285
0.801369 9.99124E-05 9.99124E-05 0.110822 9.99124E-05 0.0868099 9.99124E-05 9.99124E-05 9.99124E-05 9.99124E-05 9.99124E-05 9.99124E-05 9.99124E-05
0.694475 9.99211E-05 0.154101 0.0839739 9.99211E-05 9.99211E-05 9.99211E-05 9.99211E-05 9.99211E-05 0.0665503 9.99211E-05 9.99211E-05 9.99211E-05
0.330743 9.99562E-05 9.99562E-05 0.145585 0.2122 0.0101271 0.0318434 9.99562E-05 9.99562E-05 0.141256 9.99562E-05 0.00716596 0.12058
9.99122E-05 0.842954 9.99122E-05 0.122368 9.99122E-05 9.99122E-05 9.99122E-05 9.99122E-05 9.99122E-05 0.0336782 9.99122E-05 9.99122E-05 9.99122E-05
9.99036E-05 0.628686 9.99036E-05 9.99036E-05 0.370215 9.99036E-05 9.99036E-05 9.99036E-05 9.99036E-05 9.99036E-05 9.99036E-05 9.99036E-05 9.99036E-05
9.99122E-05 0.943834 9.99122E-05 0.0526241 9.99122E-05 9.99122E-05 9.99122E-05 9.99122E-05 0.00254295 9.99122E-05 9.99122E-05 9.99122E-05 9.99122E-05
9.99296E-05 0.823305 0.0156895 0.121742 9.99296E-05 9.99296E-05 9.99296E-05 9.99296E-05 0.0189153 0.019548 9.99296E-05 9.99296E-05 9.99296E-05
9.99033E-05 0.974758 9.99033E-05 9.99033E-05 9.99033E-05 9.99033E-05 9.99033E-05 9.99033E-05 9.99033E-05 0.0241427 9.99033E-05 9.99033E-05 9.99033E-05
9.9921E-05 0.635341 9.9921E-05 0.174531 9.9921E-05 0.0350111 9.9921E-05 9.9921E-05 9.9921E-05 0.154218 9.9921E-05 9.9921E-05 9.9921E-05
9.99298E-05 0.841412 0.00751038 0.066587 9.99298E-05 9.99298E-05 9.99298E-05 9.99298E-05 0.0166385 0.0670524 9.99298E-05 9.99298E-05 9.99298E-05
9.99034E-05 0.754772 9.99034E-05 9.99034E-05 9.99034E-05 9.99034E-05 9.99034E-05 9.99034E-05 9.99034E-05 0.244129 9.99034E-05 9.99034E-05 9.99034E-05
9.9921E-05 0.428992 9.9921E-05 0.0559396 9.9921E-05 0.212363 9.9921E-05 9.9921E-05 9.9921E-05 0.301806 9.9921E-05 9.9921E-05 9.9921E-05
9.99121E-05 0.535411 9.99121E-05 0.255279 9.99121E-05 9.99121E-05 9.99121E-05 9.99121E-05 9.99121E-05 0.208311 9.99121E-05 9.99121E-05 9.99121E-05
9.9921E-05 0.541919 9.9921E-05 9.9921E-05 0.188948 0.262752 9.9921E-05 9.9921E-05 0.00548157 9.9921E-05 9.9921E-05 9.9921E-05 9.9921E-05
9.9921E-05 0.612725 9.9921E-05 0.103423 0.110842 0.172111 9.9921E-05 9.9921E-05 9.9921E-05 9.9921E-05 9.9921E-05 9.9921E-05 9.9921E-05
9.99036E-05 0.913094 9.99036E-05 9.99036E-05 9.99036E-05 9.99036E-05 9.99036E-05 9.99036E-05 9.99036E-05 0.0858074 9.99036E-05 9.99036E-05 9.99036E-05
9.99298E-05 0.547166 0.00982091 0.158253 9.99298E-05 0.100776 9.99298E-05 9.99298E-05 9.99298E-05 0.183184 9.99298E-05 9.99298E-05 9.99298E-05
9.99211E-05 0.739241 0.118477 9.99211E-05 0.0377361 9.99211E-05 9.99211E-05 9.99211E-05 9.99211E-05 0.103647 9.99211E-05 9.99211E-05 9.99211E-05
9.99298E-05 0.641051 9.99298E-05 0.1515 9.99298E-05 0.110297 0.0348269 9.99298E-05 0.0615254 9.99298E-05 9.99298E-05 9.99298E-05 9.99298E-05
9.99298E-05 0.569306 0.0229239 0.0970999 9.99298E-05 0.250112 0.0597586 9.99298E-05 9.99298E-05 9.99298E-05 9.99298E-05 9.99298E-05 9.99298E-05
9.99201E-05 0.695453 9.99201E-05 9.99201E-05 9.99201E-05 9.99201E-05 9.99201E-05 9.99201E-05 0.0394148 0.1224 0.11339 9.99201E-05 0.0285433
9.9921E-05 0.967451 9.9921E-05 9.9921E-05 0.0117078 9.9921E-05 9.9921E-05 9.9921E-05 0.0114828 0.00845889 9.9921E-05 9.9921E-05 9.9921E-05
9.99298E-05 0.570626 9.99298E-05 0.142044 0.15599 9.99298E-05 0.034135 9.99298E-05 9.99298E-05 0.0964054 9.99298E-05 9.99298E-05 9.99298E-05
9.99298E-05 0.642664 9.99298E-05 0.0934594 9.99298E-05 0.113715 9.99298E-05 9.99298E-05 9.99298E-05 0.0071212 0.142241 9.99298E-05 9.99298E-05
9.99297E-05 0.877315 0.0309564 0.00997925 9.99297E-05 9.99297E-05 9.99297E-05 9.99297E-05 0.0287813 0.052169 9.99297E-05 9.99297E-05 9.99297E-05
9.99297E-05 0.473774 9.99297E-05 0.21998 9.99297E-05 0.0983404 0.0457875 9.99297E-05 9.99297E-05 0.161319 9.99297E-05 9.99297E-05 9.99297E-05
9.99122E-05 0.757666 9.99122E-05 9.99122E-05 0.0691918 9.99122E-05 9.99122E-05 9.99122E-05 9.99122E-05 0.172143 9.99122E-05 9.99122E-05 9.99122E-05
9.993E-05 0.427022 9.993E-05 0.202151 9.993E-05 0.066411 0.0855858 9.993E-05 9.993E-05 0.211509 0.0066212 9.993E-05 9.993E-05
9.99386E-05 0.446897 0.030727 0.108644 0.168696 0.141741 9.99386E-05 9.99386E-05 9.99386E-05 0.102595 9.99386E-05 9.99386E-05 9.99386E-05
9.99386E-05 0.287291 9.99386E-05 0.0780148 0.503722 9.99386E-05 0.0355731 0.065187 9.99386E-05 9.99386E-05 0.029513 9.99386E-05 9.99386E-05
9.99209E-05 0.776044 9.99209E-05 0.0619338 9.99209E-05 9.99209E-05 9.99209E-05 9.99209E-05 9.99209E-05 0.111471 0.0496516 9.99209E-05 9.99209E-05
9.99123E-05 0.584141 9.99123E-05 0.233788 9.99123E-05 9.99123E-05 9.99123E-05 9.99123E-05 9.99123E-05 0.181072 9.99123E-05 9.99123E-05 9.99123E-05
9.99211E-05 0.829508 9.99211E-05 0.121002 9.99211E-05 9.99211E-05 0.0290962 9.99211E-05 0.0194942 9.99211E-05 9.99211E-05 9.99211E-05 9.99211E-05
9.99122E-05 0.754073 9.99122E-05 0.156583 9.99122E-05 9.99122E-05 9.99122E-05 9.99122E-05 9.99122E-05 0.0883449 9.99122E-05 9.99122E-05 9.99122E-05
9.99122E-05 0.972638 9.99122E-05 0.0172215 9.99122E-05 9.99122E-05 0.00914157 9.99122E-05 9.99122E-05 9.99122E-05 9.99122E-05 9.99122E-05 9.99122E-05
9.99297E-05 0.414142 9.99297E-05 0.141193 9.99297E-05 9.99297E-05 0.113457 9.99297E-05 0.00585847 0.32455 9.99297E-05 9.99297E-05 9.99297E-05
9.99121E-05 0.885076 9.99121E-05 0.0761441 9.99121E-05 9.99121E-05 9.99121E-05 9.99121E-05 9.99121E-05 0.037781 9.99121E-05 9.99121E-05 9.99121E-05
9.99035E-05 0.920167 9.99035E-05 0.0787338 9.99035E-05 9.99035E-05 9.99035E-05 9.99035E-05 9.99035E-05 9.99035E-05 9.99035E-05 9.99035E-05 9.99035E-05
9.99385E-05 0.792717 9.99385E-05 9.99385E-05 0.0809152 0.0198111 9.99385E-05 0.0143919 0.0246598 0.0668056 9.99385E-05 9.99385E-05 9.99385E-05
9.99121E-05 0.658694 9.99121E-05 0.235211 9.99121E-05 9.99121E-05 9.99121E-05 9.99121E-05 9.99121E-05 0.105096 9.99121E-05 9.99121E-05 9.99121E-05
9.99297E-05 0.391073 9.99297E-05 0.0146248 0.501238 9.99297E-05 9.99297E-05 9.99297E-05 9.99297E-05 0.0638075 0.028457 9.99297E-05 9.99297E-05
9.99123E-05 0.732624 9.99123E-05 0.0945004 0.171877 9.99123E-05 9.99123E-05 9.99123E-05 9.99123E-05 9.99123E-05 9.99123E-05 9.99123E-05 9.99123E-05
9.99124E-05 0.798159 9.99124E-05 9.99124E-05 0.197486 9.99124E-05 9.99124E-05 9.99124E-05 9.99124E-05 9.99124E-05 0.0033565 9.99124E-05 9.99124E-05
9.99298E-05 0.525517 9.99298E-05 9.99298E-05 0.365744 0.0524362 0.0442978 9.99298E-05 9.99298E-05 0.011205 9.99298E-05 9.99298E-05 9.99298E-05
9.99297E-05 0.468771 9.99297E-05 0.275114 9.99297E-05 0.134655 9.99297E-05 9.99297E-05 0.0490811 0.0715795 9.99297E-05 9.99297E-05 9.99297E-05
9.99123E-05 0.817742 9.99123E-05 9.99123E-05 9.99123E-05 9.99123E-05 9.99123E-05 9.99123E-05 9.99123E-05 0.148911 0.032348 9.99123E-05 9.99123E-05
9.99297E-05 0.204984 9.99297E-05 0.0762697 0.536148 9.99297E-05 0.050587 9.99297E-05 9.99297E-05 0.131212 9.99297E-05 9.99297E-05 9.99297E-05
9.99122E-05 0.563264 9.99122E-05 0.0616137 0.374124 9.99122E-05 9.99122E-05 9.99122E-05 9.99122E-05 9.99122E-05 9.99122E-05 9.99122E-05 9.99122E-05
9.99297E-05 0.512003 9.99297E-05 0.0123849 9.99297E-05 0.194501 0.0857272 9.99297E-05 9.99297E-05 0.194584 9.99297E-05 9.99297E-05 9.99297E-05
0.00607362 0.613565 0.0379797 0.133622 0.0313836 9.99474E-05 9.99474E-05 9.99474E-05 0.0292392 0.147537 9.99474E-05 9.99474E-05 9.99474E-05
9.99299E-05 0.600714 9.99299E-05 0.0326062 9.99299E-05 0.156916 9.99299E-05 9.99299E-05 9.99299E-05 0.125211 9.99299E-05 0.0837535 9.99299E-05
0.0296352 0.525376 9.99297E-05 0.166754 9.99297E-05 9.99297E-05 9.99297E-05 9.99297E-05 0.0292938 0.248142 9.99297E-05 9.99297E-05 9.99297E-05
9.99122E-05 0.557027 9.99122E-05 0.0108416 0.431132 9.99122E-05 9.99122E-05 9.99122E-05 9.99122E-05 9.99122E-05 9.99122E-05 9.99122E-05 9.99122E-05
9.99121E-05 0.783461 9.99121E-05 0.139796 9.99121E-05 9.99121E-05 9.99121E-05 0.0757437 9.99121E-05 9.99121E-05 9.99121E-05 9.99121E-05 9.99121E-05
9.9921E-05 0.355072 9.9921E-05 0.0257761 0.503344 9.9921E-05 9.9921E-05 9.9921E-05 9.9921E-05 0.114909 9.9921E-05 9.9921E-05 9.9921E-05
9.99298E-05 0.62235 9.99298E-05 0.146129 0.155394 9.99298E-05 9.99298E-05 9.99298E-05 0.00975565 0.065572 9.99298E-05 9.99298E-05 9.99298E-05
9.9921E-05 0.924565 9.9921E-05 9.9921E-05 9.9921E-05 0.000135751 9.9921E-05 9.9921E-05 9.9921E-05 0.0480501 9.9921E-05 0.0263497 9.9921E-05
9.99209E-05 0.955476 0.0149888 9.99209E-05 9.99209E-05 9.99209E-05 9.99209E-05 0.000409219 0.0282268 9.99209E-05 9.99209E-05 9.99209E-05 9.99209E-05
9.99209E-05 0.418999 9.99209E-05 0.169889 9.99209E-05 0.179796 9.99209E-05 9.99209E-05 9.99209E-05 0.230417 9.99209E-05 9.99209E-05 9.99209E-05
9.99121E-05 0.715936 9.99121E-05 0.141098 9.99121E-05 9.99121E-05 9.99121E-05 9.99121E-05 9.99121E-05 0.141967 9.99121E-05 9.99121E-05 9.99121E-05
9.99121E-05 0.966654 9.99121E-05 9.99121E-05 9.99121E-05 9.99121E-05 9.99121E-05 9.99121E-05 0.00535144 0.0269955 9.99121E-05 9.99121E-05 9.99121E-05
9.99122E-05 0.810449 9.99122E-05 0.0880918 9.99122E-05 9.99122E-05 0.10046 9.99122E-05 9.99122E-05 9.99122E-05 9.99122E-05 9.99122E-05 9.99122E-05
9.9921E-05 0.66745 9.9921E-05 9.9921E-05 0.104359 0.0622717 9.9921E-05 9.9921E-05 9.9921E-05 0.16502 9.9921E-05 9.9921E-05 9.9921E-05
9.98945E-05 9.98945E-05 9.98945E-05 0.998801 9.98945E-05 9.98945E-05 9.98945E-05 9.98945E-05 9.98945E-05 9.98945E-05 9.98945E-05 9.98945E-05 9.98945E-05
9.98945E-05 9.98945E-05 9.98945E-05 9.98945E-05 9.98945E-05 9.98945E-05 9.98945E-05 9.98945E-05 9.98945E-05 0.998801 9.98945E-05 9.98945E-05 9.98945E-05
9.98944E-05 9.98944E-05 9.98944E-05 0.998801 9.98944E-05 9.98944E-05 9.98944E-05 9.98944E-05 9.98944E-05 9.98944E-05 9.98944E-05 9.98944E-05 9.98944E-05
9.98944E-05 9.98944E-05 9.98944E-05 9.98944E-05 9.98944E-05 9.98944E-05 9.98944E-05 9.98944E-05 9.98944E-05 0.998801 9.98944E-05 9.98944E-05 9.98944E-05
9.98944E-05 9.98944E-05 9.98944E-05 9.98944E-05 9.98944E-05 9.98944E-05 9.98944E-05 9.98944E-05 9.98944E-05 0.998801 9.98944E-05 9.98944E-05 9.98944E-05
9.98944E-05 9.98944E-05 9.98944E-05 9.98944E-05 9.98944E-05 9.98944E-05 9.98944E-05 9.98944E-05 9.98944E-05 0.998801 9.98944E-05 9.98944E-05 9.98944E-05
9.98944E-05 9.98944E-05 9.98944E-05 0.998801 9.98944E-05 9.98944E-05 9.98944E-05 9.98944E-05 9.98944E-05 9.98944E-05 9.98944E-05 9.98944E-05 9.98944E-05
9.98944E-05 9.98944E-05 9.98944E-05 9.98944E-05 9.98944E-05 9.98944E-05 9.98944E-05 9.98944E-05 9.98944E-05 0.998801 9.98944E-05 9.98944E-05 9.98944E-05
9.98945E-05 9.98945E-05 9.98945E-05 9.98945E-05 9.98945E-05 9.98945E-05 9.98945E-05 9.98945E-05 9.98945E-05 0.998801 9.98945E-05 9.98945E-05 9.98945E-05
9.98945E-05 9.98945E-05 9.98945E-05 0.998801 9.98945E-05 9.98945E-05 9.98945E-05 9.98945E-05 9.98945E-05 9.98945E-05 9.98945E-05 9.98945E-05 9.98945E-05
9.98945E-05 9.98945E-05 9.98945E-05 0.998801 9.98945E-05 9.98945E-05 9.98945E-05 9.98945E-05 9.98945E-05 9.98945E-05 9.98945E-05 9.98945E-05 9.98945E-05
9.98944E-05 9.98944E-05 9.98944E-05 0.998801 9.98944E-05 9.98944E-05 9.98944E-05 9.98944E-05 9.98944E-05 9.98944E-05 9.98944E-05 9.98944E-05 9.98944E-05
9.98944E-05 9.98944E-05 9.98944E-05 9.98944E-05 9.98944E-05 9.98944E-05 9.98944E-05 9.98944E-05 9.98944E-05 0.998801 9.98944E-05 9.98944E-05 9.98944E-05
9.98944E-05 9.98944E-05 9.98944E-05 9.98944E-05 9.98944E-05 9.98944E-05 9.98944E-05 9.98944E-05 9.98944E-05 0.998801 9.98944E-05 9.98944E-05 9.98944E-05
9.98945E-05 9.98945E-05 9.98945E-05 0.998801 9.98945E-05 9.98945E-05 9.98945E-05 9.98945E-05 9.98945E-05 9.98945E-05 9.98945E-05 9.98945E-05 9.98945E-05
9.98944E-05 9.98944E-05 9.98944E-05 0.998801 9.98944E-05 9.98944E-05 9.98944E-05 9.98944E-05 9.98944E-05 9.98944E-05 9.98944E-05 9.98944E-05 9.98944E-05
9.99297E-05 0.497679 9.99297E-05 0.177694 9.99297E-05 9.99297E-05 0.059915 0.244377 9.99297E-05 0.0195361 9.99297E-05 9.99297E-05 9.99297E-05
9.98945E-05 9.98945E-05 9.98945E-05 0.998801 9.98945E-05 9.98945E-05 9.98945E-05 9.98945E-05 9.98945E-05 9.98945E-05 9.98945E-05 9.98945E-05 9.98945E-05
9.98945E-05 9.98945E-05 9.98945E-05 9.98945E-05 9.98945E-05 9.98945E-05 9.98945E-05 9.98945E-05 9.98945E-05 0.998801 9.98945E-05 9.98945E-05 9.98945E-05
9.98944E-05 9.98944E-05 9.98944E-05 0.998801 9.98944E-05 9.98944E-05 9.98944E-05 9.98944E-05 9.98944E-05 9.98944E-05 9.98944E-05 9.98944E-05 9.98944E-05
9.98945E-05 9.98945E-05 9.98945E-05 0.998801 9.98945E-05 9.98945E-05 9.98945E-05 9.98945E-05 9.98945E-05 9.98945E-05 9.98945E-05 9.98945E-05 9.98945E-05
9.98944E-05 9.98944E-05 9.98944E-05 0.998801 9.98944E-05 9.98944E-05 9.98944E-05 9.98944E-05 9.98944E-05 9.98944E-05 9.98944E-05 9.98944E-05 9.98944E-05
9.98944E-05 9.98944E-05 9.98944E-05 9.98944E-05 9.98944E-05 9.98944E-05 9.98944E-05 9.98944E-05 9.98944E-05 0.998801 9.98944E-05 9.98944E-05 9.98944E-05
9.98944E-05 9.98944E-05 9.98944E-05 0.998801 9.98944E-05 9.98944E-05 9.98944E-05 9.98944E-05 9.98944E-05 9.98944E-05 9.98944E-05 9.98944E-05 9.98944E-05
9.98944E-05 9.98944E-05 9.98944E-05 9.98944E-05 9.98944E-05 9.98944E-05 9.98944E-05 9.98944E-05 9.98944E-05 0.998801 9.98944E-05 9.98944E-05 9.98944E-05
9.98946E-05 9.98946E-05 9.98946E-05 0.998801 9.98946E-05 9.98946E-05 9.98946E-05 9.98946E-05 9.98946E-05 9.98946E-05 9.98946E-05 9.98946E-05 9.98946E-05
9.98944E-05 9.98944E-05 9.98944E-05 0.998801 9.98944E-05 9.98944E-05 9.98944E-05 9.98944E-05 9.98944E-05 9.98944E-05 9.98944E-05 9.98944E-05 9.98944E-05
9.98945E-05 9.98945E-05 9.98945E-05 9.98945E-05 9.98945E-05 9.98945E-05 9.98945E-05 9.98945E-05 9.98945E-05 0.998801 9.98945E-05 9.98945E-05 9.98945E-05
9.98944E-05 9.98944E-05 9.98944E-05 9.98944E-05 9.98944E-05 9.98944E-05 9.98944E-05 9.98944E-05 9.98944E-05 0.998801 9.98944E-05 9.98944E-05 9.98944E-05
9.98945E-05 9.98945E-05 9.98945E-05 9.98945E-05 9.98945E-05 9.98945E-05 9.98945E-05 9.98945E-05 9.98945E-05 0.998801 9.98945E-05 9.98945E-05 9.98945E-05
9.98945E-05 9.98945E-05 9.98945E-05 0.998801 9.98945E-05 9.98945E-05 9.98945E-05 9.98945E-05 9.98945E-05 9.98945E-05 9.98945E-05 9.98945E-05 9.98945E-05
9.98944E-05 9.98944E-05 9.98944E-05 0.998801 9.98944E-05 9.98944E-05 9.98944E-05 9.98944E-05 9.98944E-05 9.98944E-05 9.98944E-05 9.98944E-05 9.98944E-05
9.98944E-05 9.98944E-05 9.98944E-05 0.998801 9.98944E-05 9.98944E-05 9.98944E-05 9.98944E-05 9.98944E-05 9.98944E-05 9.98944E-05 9.98944E-05 9.98944E-05
9.98944E-05 9.98944E-05 9.98944E-05 0.998801 9.98944E-05 9.98944E-05 9.98944E-05 9.98944E-05 9.98944E-05 9.98944E-05 9.98944E-05 9.98944E-05 9.98944E-05
9.98944E-05 9.98944E-05 9.98944E-05 0.998801 9.98944E-05 9.98944E-05 9.98944E-05 9.98944E-05 9.98944E-05 9.98944E-05 9.98944E-05 9.98944E-05 9.98944E-05
9.98945E-05 9.98945E-05 9.98945E-05 9.98945E-05 9.98945E-05 9.98945E-05 9.98945E-05 9.98945E-05 9.98945E-05 0.998801 9.98945E-05 9.98945E-05 9.98945E-05
9.98945E-05 9.98945E-05 9.98945E-05 9.98945E-05 9.98945E-05 9.98945E-05 9.98945E-05 9.98945E-05 9.98945E-05 0.998801 9.98945E-05 9.98945E-05 9.98945E-05
9.98945E-05 9.98945E-05 9.98945E-05 9.98945E-05 9.98945E-05 9.98945E-05 9.98945E-05 9.98945E-05 9.98945E-05 0.998801 9.98945E-05 9.98945E-05 9.98945E-05
9.98944E-05 9.98944E-05 9.98944E-05 0.998801 9.98944E-05 9.98944E-05 9.98944E-05 9.98944E-05 9.98944E-05 9.98944E-05 9.98944E-05 9.98944E-05 9.98944E-05
9.98944E-05 9.98944E-05 9.98944E-05 9.98944E-05 9.98944E-05 9.98944E-05 9.98944E-05 9.98944E-05 9.98944E-05 0.998801 9.98944E-05 9.98944E-05 9.98944E-05
9.98944E-05 9.98944E-05 9.98944E-05 9.98944E-05 9.98944E-05 9.98944E-05 9.98944E-05 9.98944E-05 9.98944E-05 0.998801 9.98944E-05 9.98944E-05 9.98944E-05
9.98944E-05 9.98944E-05 9.98944E-05 9.98944E-05 9.98944E-05 9.98944E-05 9.98944E-05 9.98944E-05 9.98944E-05 0.998801 9.98944E-05 9.98944E-05 9.98944E-05
9.98945E-05 9.98945E-05 9.98945E-05 9.98945E-05 9.98945E-05 9.98945E-05 9.98945E-05 9.98945E-05 9.98945E-05 0.998801 9.98945E-05 9.98945E-05 9.98945E-05
9.98944E-05 9.98944E-05 9.98944E-05 0.998801 9.98944E-05 9.98944E-05 9.98944E-05 9.98944E-05 9.98944E-05 9.98944E-05 9.98944E-05 9.98944E-05 9.98944E-05
9.98944E-05 9.98944E-05 9.98944E-05 9.98944E-05 9.98944E-05 9.98944E-05 9.98944E-05 9.98944E-05 9.98944E-05 0.998801 9.98944E-05 9.98944E-05 9.98944E-05
9.98945E-05 9.98945E-05 9.98945E-05 9.98945E-05 9.98945E-05 9.98945E-05 9.98945E-05 9.98945E-05 9.98945E-05 0.998801 9.98945E-05 9.98945E-05 9.98945E-05
9.99297E-05 0.639612 9.99297E-05 0.0915334 9.99297E-05 9.99297E-05 0.00474822 0.217587 9.99297E-05 0.0457196 9.99297E-05 9.99297E-05 9.99297E-05
9.98945E-05 9.98945E-05 9.98945E-05 0.998801 9.98945E-05 9.98945E-05 9.98945E-05 9.98945E-05 9.98945E-05 9.98945E-05 9.98945E-05 9.98945E-05 9.98945E-05
9.98945E-05 9.98945E-05 9.98945E-05 9.98945E-05 9.98945E-05 9.98945E-05 9.98945E-05 9.98945E-05 9.98945E-05 0.998801 9.98945E-05 9.98945E-05 9.98945E-05
9.98944E-05 9.98944E-05 9.98944E-05 9.98944E-05 9.98944E-05 9.98944E-05 9.98944E-05 9.98944E-05 9.98944E-05 0.998801 9.98944E-05 9.98944E-05 9.98944E-05
9.98945E-05 9.98945E-05 9.98945E-05 9.98945E-05 9.98945E-05 9.98945E-05 9.98945E-05 9.98945E-05 9.98945E-05 0.998801 9.98945E-05 9.98945E-05 9.98945E-05
9.98945E-05 9.98945E-05 9.98945E-05 9.98945E-05 9.98945E-05 9.98945E-05 9.98945E-05 9.98945E-05 9.98945E-05 0.998801 9.98945E-05 9.98945E-05 9.98945E-05
9.98945E-05 9.98945E-05 9.98945E-05 0.998801 9.98945E-05 9.98945E-05 9.98945E-05 9.98945E-05 9.98945E-05 9.98945E-05 9.98945E-05 9.98945E-05 9.98945E-05
9.98945E-05 9.98945E-05 9.98945E-05 9.98945E-05 9.98945E-05 9.98945E-05 9.98945E-05 9.98945E-05 9.98945E-05 0.998801 9.98945E-05 9.98945E-05 9.98945E-05
9.98945E-05 9.98945E-05 9.98945E-05 0.998801 9.98945E-05 9.98945E-05 9.98945E-05 9.98945E-05 9.98945E-05 9.98945E-05 9.98945E-05 9.98945E-05 9.98945E-05
9.98944E-05 9.98944E-05 9.98944E-05 9.98944E-05 9.98944E-05 9.98944E-05 9.98944E-05 9.98944E-05 9.98944E-05 0.998801 9.98944E-05 9.98944E-05 9.98944E-05
9.98945E-05 9.98945E-05 9.98945E-05 0.998801 9.98945E-05 9.98945E-05 9.98945E-05 9.98945E-05 9.98945E-05 9.98945E-05 9.98945E-05 9.98945E-05 9.98945E-05
9.98946E-05 9.98946E-05 9.98946E-05 9.98946E-05 9.98946E-05 9.98946E-05 9.98946E-05 9.98946E-05 9.98946E-05 0.998801 9.98946E-05 9.98946E-05 9.98946E-05
9.98944E-05 9.98944E-05 9.98944E-05 9.98944E-05 9.98944E-05 9.98944E-05 9.98944E-05 9.98944E-05 9.98944E-05 0.998801 9.98944E-05 9.98944E-05 9.98944E-05
9.98944E-05 9.98944E-05 9.98944E-05 9.98944E-05 9.98944E-05 9.98944E-05 9.98944E-05 9.98944E-05 9.98944E-05 0.998801 9.98944E-05 9.98944E-05 9.98944E-05
9.98945E-05 9.98945E-05 9.98945E-05 9.98945E-05 9.98945E-05 9.98945E-05 9.98945E-05 9.98945E-05 9.98945E-05 0.998801 9.98945E-05 9.98945E-05 9.98945E-05
9.98945E-05 9.98945E-05 9.98945E-05 9.98945E-05 9.98945E-05 9.98945E-05 9.98945E-05 9.98945E-05 9.98945E-05 0.998801 9.98945E-05 9.98945E-05 9.98945E-05
9.98944E-05 9.98944E-05 9.98944E-05 9.98944E-05 9.98944E-05 9.98944E-05 9.98944E-05 9.98944E-05 9.98944E-05 0.998801 9.98944E-05 9.98944E-05 9.98944E-05
9.98944E-05 9.98944E-05 9.98944E-05 0.998801 9.98944E-05 9.98944E-05 9.98944E-05 9.98944E-05 9.98944E-05 9.98944E-05 9.98944E-05 9.98944E-05 9.98944E-05
9.98944E-05 9.98944E-05 9.98944E-05 0.998801 9.98944E-05 9.98944E-05 9.98944E-05 9.98944E-05 9.98944E-05 9.98944E-05 9.98944E-05 9.98944E-05 9.98944E-05
9.98945E-05 9.98945E-05 9.98945E-05 0.998801 9.98945E-05 9.98945E-05 9.98945E-05 9.98945E-05 9.98945E-05 9.98945E-05 9.98945E-05 9.98945E-05 9.98945E-05
9.98945E-05 9.98945E-05 9.98945E-05 9.98945E-05 9.98945E-05 9.98945E-05 9.98945E-05 9.98945E-05 9.98945E-05 0.998801 9.98945E-05 9.98945E-05 9.98945E-05
9.98945E-05 9.98945E-05 9.98945E-05 0.998801 9.98945E-05 9.98945E-05 9.98945E-05 9.98945E-05 9.98945E-05 9.98945E-05 9.98945E-05 9.98945E-05 9.98945E-05
9.98945E-05 9.98945E-05 9.98945E-05 0.998801 9.98945E-05 9.98945E-05 9.98945E-05 9.98945E-05 9.98945E-05 9.98945E-05 9.98945E-05 9.98945E-05 9.98945E-05
9.98944E-05 9.98944E-05 9.98944E-05 0.998801 9.98944E-05 9.98944E-05 9.98944E-05 9.98944E-05 9.98944E-05 9.98944E-05 9.98944E-05 9.98944E-05 9.98944E-05
9.98944E-05 9.98944E-05 9.98944E-05 9.98944E-05 9.98944E-05 9.98944E-05 9.98944E-05 9.98944E-05 9.98944E-05 0.998801 9.98944E-05 9.98944E-05 9.98944E-05
9.98945E-05 9.98945E-05 9.98945E-05 9.98945E-05 9.98945E-05 9.98945E-05 9.98945E-05 9.98945E-05 9.98945E-05 0.998801 9.98945E-05 9.98945E-05 9.98945E-05
9.98944E-05 9.98944E-05 9.98944E-05 9.98944E-05 9.98944E-05 9.98944E-05 9.98944E-05 9.98944E-05 9.98944E-05 0.998801 9.98944E-05 9.98944E-05 9.98944E-05
9.98944E-05 9.98944E-05 9.98944E-05 0.998801 9.98944E-05 9.98944E-05 9.98944E-05 9.98944E-05 9.98944E-05 9.98944E-05 9.98944E-05 9.98944E-05 9.98944E-05
9.98944E-05 9.98944E-05 9.98944E-05 9.98944E-05 9.98944E-05 9.98944E-05 9.98944E-05 9.98944E-05 9.98944E-05 0.998801 9.98944E-05 9.98944E-05 9.98944E-05
9.98944E-05 9.98944E-05 9.98944E-05 9.98944E-05 9.98944E-05 9.98944E-05 9.98944E-05 9.98944E-05 9.98944E-05 0.998801 9.98944E-05 9.98944E-05 9.98944E-05
9.98944E-05 9.98944E-05 9.98944E-05 0.998801 9.98944E-05 9.98944E-05 9.98944E-05 9.98944E-05 9.98944E-05 9.98944E-05 9.98944E-05 9.98944E-05 9.98944E-05
9.98945E-05 9.98945E-05 9.98945E-05 9.98945E-05 9.98945E-05 9.98945E-05 9.98945E-05 9.98945E-05 9.98945E-05 0.998801 9.98945E-05 9.98945E-05 9.98945E-05
9.98945E-05 9.98945E-05 9.98945E-05 9.98945E-05 9.98945E-05 9.98945E-05 9.98945E-05 9.98945E-05 9.98945E-05 0.998801 9.98945E-05 9.98945E-05 9.98945E-05
9.99473E-05 0.454847 0.109212 0.252656 9.99473E-05 0.0108074 9.99473E-05 9.99473E-05 0.116381 0.0529266 9.99473E-05 0.0025701 9.99473E-05
9.98945E-05 9.98945E-05 9.98945E-05 0.998801 9.98945E-05 9.98945E-05 9.98945E-05 9.98945E-05 9.98945E-05 9.98945E-05 9.98945E-05 9.98945E-05 9.98945E-05
9.98945E-05 9.98945E-05 9.98945E-05 9.98945E-05 9.98945E-05 9.98945E-05 9.98945E-05 9.98945E-05 9.98945E-05 0.998801 9.98945E-05 9.98945E-05 9.98945E-05
9.99211E-05 0.561697 0.0110987 9.99211E-05 9.99211E-05 9.99211E-05 9.99211E-05 9.99211E-05 9.99211E-05 0.349248 9.99211E-05 0.0770565 9.99211E-05
9.99297E-05 0.673629 9.99297E-05 0.129804 9.99297E-05 9.99297E-05 0.0145244 0.0479021 9.99297E-05 0.133341 9.99297E-05 9.99297E-05 9.99297E-05
9.99122E-05 0.655442 9.99122E-05 0.210431 9.99122E-05 9.99122E-05 9.99122E-05 9.99122E-05 9.99122E-05 0.133128 9.99122E-05 9.99122E-05 9.99122E-05
9.99033E-05 0.948036 9.99033E-05 0.0508647 9.99033E-05 9.99033E-05 9.99033E-05 9.99033E-05 9.99033E-05 9.99033E-05 9.99033E-05 9.99033E-05 9.99033E-05
9.99121E-05 0.568491 9.99121E-05 0.236117 9.99121E-05 9.99121E-05 9.99121E-05 9.99121E-05 9.99121E-05 0.194392 9.99121E-05 9.99121E-05 9.99121E-05
9.99124E-05 0.624618 9.99124E-05 9.99124E-05 0.27886 9.99124E-05 9.99124E-05 9.99124E-05 9.99124E-05 0.0955229 9.99124E-05 9.99124E-05 9.99124E-05
0.111482 0.410908 9.99297E-05 0.112954 9.99297E-05 9.99297E-05 9.99297E-05 0.112058 9.99297E-05 0.2518 9.99297E-05 9.99297E-05 9.99297E-05
9.99298E-05 0.768199 0.0414475 9.99298E-05 9.99298E-05 9.99298E-05 0.00510156 9.99298E-05 0.060724 0.123729 9.99298E-05 9.99298E-05 9.99298E-05
9.9921E-05 0.541855 9.9921E-05 0.0435467 0.227209 9.9921E-05 9.9921E-05 9.9921E-05 9.9921E-05 0.186489 9.9921E-05 9.9921E-05 9.9921E-05
9.99122E-05 0.784351 9.99122E-05 0.132188 9.99122E-05 9.99122E-05 9.99122E-05 0.0824614 9.99122E-05 9.99122E-05 9.99122E-05 9.99122E-05 9.99122E-05
9.9921E-05 0.6629 9.9921E-05 0.155294 0.0674686 9.9921E-05 9.9921E-05 9.9921E-05 0.113437 9.9921E-05 9.9921E-05 9.9921E-05 9.9921E-05
9.99034E-05 0.531076 9.99034E-05 9.99034E-05 9.99034E-05 9.99034E-05 9.99034E-05 9.99034E-05 9.99034E-05 0.467825 9.99034E-05 9.99034E-05 9.99034E-05
0.00691086 0.400265 0.0265366 0.261843 9.99385E-05 9.99385E-05 9.99385E-05 9.99385E-05 9.99385E-05 0.222758 9.99385E-05 0.0809877 9.99385E-05
9.99034E-05 0.96582 0.0330813 9.99034E-05 9.99034E-05 9.99034E-05 9.99034E-05 9.99034E-05 9.99034E-05 9.99034E-05 9.99034E-05 9.99034E-05 9.99034E-05
9.99209E-05 0.769554 9.99209E-05 0.118027 9.99209E-05 9.99209E-05 9.99209E-05 9.99209E-05 0.0109843 0.100535 9.99209E-05 9.99209E-05 9.99209E-05
0.0502472 0.488508 9.99473E-05 0.10426 9.99473E-05 0.081965 9.99473E-05 9.99473E-05 0.00696005 0.253364 0.0140956 9.99473E-05 9.99473E-05
9.99299E-05 0.672464 9.99299E-05 0.0897562 0.0912117 0.00923024 9.99299E-05 9.99299E-05 9.99299E-05 0.136538 9.99299E-05 9.99299E-05 9.99299E-05
9.99385E-05 0.551538 0.0279129 0.217953 9.99385E-05 9.99385E-05 9.99385E-05 9.99385E-05 0.100418 0.000820263 9.99385E-05 0.100658 9.99385E-05
9.99209E-05 0.725923 9.99209E-05 9.99209E-05 9.99209E-05 0.222458 0.0340976 9.99209E-05 9.99209E-05 0.0166225 9.99209E-05 9.99209E-05 9.99209E-05
9.99122E-05 0.765781 9.99122E-05 0.164378 9.99122E-05 9.99122E-05 9.99122E-05 9.99122E-05 9.99122E-05 0.0688414 9.99122E-05 9.99122E-05 9.99122E-05
9.99297E-05 0.800525 9.99297E-05 0.0483006 9.99297E-05 0.06242 9.99297E-05 9.99297E-05 9.99297E-05 0.0670187 0.0209366 9.99297E-05 9.99297E-05
9.99035E-05 0.817986 9.99035E-05 9.99035E-05 9.99035E-05 9.99035E-05 9.99035E-05 9.99035E-05 9.99035E-05 0.180915 9.99035E-05 9.99035E-05 9.99035E-05
9.99297E-05 0.755874 0.0174072 0.119833 9.99297E-05 9.99297E-05 0.00347561 9.99297E-05 9.99297E-05 0.102611 9.99297E-05 9.99297E-05 9.99297E-05
9.99033E-05 0.943546 9.99033E-05 9.99033E-05 9.99033E-05 9.99033E-05 9.99033E-05 9.99033E-05 9.99033E-05 0.055355 9.99033E-05 9.99033E-05 9.99033E-05
9.99209E-05 0.944978 0.032166 0.0196147 9.99209E-05 0.00234221 9.99209E-05 9.99209E-05 9.99209E-05 9.99209E-05 9.99209E-05 9.99209E-05 9.99209E-05
9.99209E-05 0.371223 9.99209E-05 9.99209E-05 0.569092 0.0191112 9.99209E-05 9.99209E-05 9.99209E-05 0.0396745 9.99209E-05 9.99209E-05 9.99209E-05
9.99209E-05 0.77255 9.99209E-05 0.100032 9.99209E-05 0.042938 9.99209E-05 9.99209E-05 9.99209E-05 9.99209E-05 0.0835814 9.99209E-05 9.99209E-05
9.99122E-05 0.544596 9.99122E-05 0.235393 9.99122E-05 9.99122E-05 9.99122E-05 9.99122E-05 9.99122E-05 0.219013 9.99122E-05 9.99122E-05 9.99122E-05
9.99121E-05 0.951559 9.99121E-05 0.0248341 9.99121E-05 9.99121E-05 0.0226078 9.99121E-05 9.99121E-05 9.99121E-05 9.99121E-05 9.99121E-05 9.99121E-05
9.9921E-05 0.723715 0.118122 9.9921E-05 9.9921E-05 9.9921E-05 0.0416845 9.9921E-05 9.9921E-05 0.115579 9.9921E-05 9.9921E-05 9.9921E-05
9.99297E-05 0.428935 9.99297E-05 0.155356 9.99297E-05 0.0549238 9.99297E-05 9.99297E-05 9.99297E-05 0.35894 0.00104518 9.99297E-05 9.99297E-05
9.9921E-05 0.630551 9.9921E-05 0.114422 9.9921E-05 0.0341197 9.9921E-05 9.9921E-05 9.9921E-05 0.220008 9.9921E-05 9.9921E-05 9.9921E-05
9.99209E-05 0.643898 9.99209E-05 0.0794929 9.99209E-05 0.151979 9.99209E-05 9.99209E-05 9.99209E-05 0.123731 9.99209E-05 9.99209E-05 9.99209E-05
9.99298E-05 0.607124 0.017854 0.212599 9.99298E-05 9.99298E-05 9.99298E-05 9.99298E-05 0.015587 0.146036 9.99298E-05 9.99298E-05 9.99298E-05
9.99296E-05 0.651916 9.99296E-05 0.16083 9.99296E-05 9.99296E-05 9.99296E-05 9.99296E-05 0.0423181 0.121572 0.0225637 9.99296E-05 9.99296E-05
9.99122E-05 0.898975 9.99122E-05 0.0947052 9.99122E-05 9.99122E-05 9.99122E-05 9.99122E-05 9.99122E-05 0.00532032 9.99122E-05 9.99122E-05 9.99122E-05
9.99034E-05 0.561074 9.99034E-05 9.99034E-05 0.437827 9.99034E-05 9.99034E-05 9.99034E-05 9.99034E-05 9.99034E-05 9.99034E-05 9.99034E-05 9.99034E-05
0.212484 0.611472 9.99296E-05 0.0976868 9.99296E-05 9.99296E-05 9.99296E-05 9.99296E-05 0.0489301 9.99296E-05 9.99296E-05 0.0286279 9.99296E-05
9.9921E-05 0.864294 9.9921E-05 0.0277068 9.9921E-05 9.9921E-05 9.9921E-05 9.9921E-05 0.031249 9.9921E-05 9.9921E-05 0.0758512 9.9921E-05
9.99209E-05 0.61741 9.99209E-05 0.130255 9.99209E-05 9.99209E-05 9.99209E-05 9.99209E-05 9.99209E-05 0.105773 0.145662 9.99209E-05 9.99209E-05
9.99121E-05 0.820066 9.99121E-05 0.176976 9.99121E-05 9.99121E-05 9.99121E-05 9.99121E-05 9.99121E-05 0.00195886 9.99121E-05 9.99121E-05 9.99121E-05
9.99298E-05 0.789309 9.99298E-05 0.0166909 9.99298E-05 9.99298E-05 0.0148859 9.99298E-05 9.99298E-05 0.0572343 0.12108 9.99298E-05 9.99298E-05
9.99385E-05 0.652401 9.99385E-05 0.116138 9.99385E-05 9.99385E-05 0.0105612 0.0861663 9.99385E-05 0.0953969 0.038637 9.99385E-05 9.99385E-05
