0.0932504 9.99649E-05 0.0810331 0.485154 9.99649E-05 0.138814 0.168804 0.0325439 9.99649E-05 9.99649E-05
0.132501 9.99561E-05 9.99561E-05 0.758102 9.99561E-05 0.015392 0.0535749 0.0399306 9.99561E-05 9.99561E-05
9.99561E-05 9.99561E-05 9.99561E-05 0.904253 9.99561E-05 0.0145003 0.0310416 0.0215555 9.99561E-05 0.0281496
9.99649E-05 9.99649E-05 0.0557202 0.250582 9.99649E-05 0.141937 0.0636036 0.0367441 9.99649E-05 0.451013
9.99385E-05 9.99385E-05 0.00989179 0.882386 9.99385E-05 9.99385E-05 9.99385E-05 9.99385E-05 9.99385E-05 0.107022
0.122439 9.99649E-05 0.168971 0.288549 0.0981989 0.0345292 9.99649E-05 9.99649E-05 9.99649E-05 0.286912
0.184732 9.99737E-05 9.99737E-05 0.269654 9.99737E-05 0.175199 0.0635002 0.0700037 0.118033 0.118579
9.99649E-05 0.0795001 0.229065 0.25374 9.99649E-05 0.071507 9.99649E-05 9.99649E-05 0.0355113 0.330277
9.99561E-05 9.99561E-05 0.221313 0.235569 9.99561E-05 9.99561E-05 0.335084 0.0328159 9.99561E-05 0.174718
9.99297E-05 9.99297E-05 9.99297E-05 0.891792 9.99297E-05 9.99297E-05 0.107409 9.99297E-05 9.99297E-05 9.99297E-05
9.99473E-05 9.99473E-05 0.0231146 0.585642 9.99473E-05 0.150706 0.239938 9.99473E-05 9.99473E-05 9.99473E-05
9.99297E-05 9.99297E-05 9.99297E-05 0.922369 9.99297E-05 9.99297E-05 9.99297E-05 0.0768318 9.99297E-05 9.99297E-05
9.99561E-05 9.99561E-05 0.00344197 0.783146 9.99561E-05 0.0159829 0.161725 0.0352047 9.99561E-05 9.99561E-05
9.99561E-05 9.99561E-05 9.99561E-05 0.616482 0.165218 0.0782508 0.0707471 9.99561E-05 0.0688018 9.99561E-05
9.99561E-05 9.99561E-05 0.247096 0.4126 0.058843 9.99561E-05 0.215371 9.99561E-05 9.99561E-05 0.0655911
9.99736E-05 0.00757761 0.261023 0.22827 9.99736E-05 0.0190602 0.125248 9.99736E-05 0.116107 0.242414
0.0933764 9.99737E-05 9.99737E-05 0.515689 0.078508 0.0715363 0.134196 9.99737E-05 0.0315746 0.0748206
9.99737E-05 0.207643 0.0898208 0.311274 9.99737E-05 9.99737E-05 0.257793 0.118003 0.00196564 0.0131996
9.99649E-05 0.0819712 0.151445 0.377905 9.99649E-05 9.99649E-05 0.217414 0.0122363 9.99649E-05 0.158629
9.99648E-05 9.99648E-05 0.00514943 0.851629 9.99648E-05 0.00304346 0.0220349 0.112066 9.99648E-05 0.00567708
9.99649E-05 0.0941124 0.100186 0.459643 9.99649E-05 0.0531795 0.0674951 9.99649E-05 9.99649E-05 0.224983
0.0313545 0.0126521 0.215993 0.333448 9.99737E-05 0.0515973 9.99737E-05 9.99737E-05 0.0121956 0.342459
0.0310936 0.0212466 9.99649E-05 0.694885 9.99649E-05 0.0531612 0.172755 0.0264591 9.99649E-05 9.99649E-05
9.99561E-05 0.0291602 9.99561E-05 0.428384 9.99561E-05 0.0370469 0.432794 9.99561E-05 0.0721152 9.99561E-05
9.99736E-05 9.99736E-05 0.139803 0.276398 0.0424493 0.0696446 0.292922 0.162776 9.99736E-05 0.0157084
9.99561E-05 9.99561E-05 0.0414937 0.70472 0.0280095 9.99561E-05 0.0942637 9.99561E-05 9.99561E-05 0.131014
0.0830558 0.134647 0.0489839 0.0625733 0.235192 0.0245449 0.192346 9.99912E-05 0.139644 0.0789133
9.99737E-05 0.0124131 9.99737E-05 0.733237 0.0147767 0.0127644 0.140642 9.99737E-05 0.040014 0.045852
9.99473E-05 9.99473E-05 9.99473E-05 0.578566 9.99473E-05 0.0104791 0.316208 0.0941467 9.99473E-05 9.99473E-05
9.99736E-05 0.00727458 0.0556605 0.787706 0.0280612 0.0130127 0.0784547 0.0295307 9.99736E-05 9.99736E-05
0.0229116 0.0233844 0.0315666 0.642019 9.99824E-05 0.143434 0.0343822 0.0633667 9.99824E-05 0.0387353
9.99649E-05 9.99649E-05 0.0143198 0.563935 0.155207 0.0730739 0.0884056 9.99649E-05 9.99649E-05 0.104659
9.99473E-05 9.99473E-05 9.99473E-05 0.554359 9.99473E-05 0.137344 0.228169 9.99473E-05 0.0795274 9.99473E-05
9.99736E-05 0.0207382 9.99736E-05 0.513145 0.128583 0.0354229 0.153743 9.99736E-05 0.0550139 0.0930546
0.0147433 9.99649E-05 0.0125922 0.799139 9.99649E-05 0.0814383 0.0382464 0.0534406 9.99649E-05 9.99649E-05
9.99649E-05 9.99649E-05 0.0654223 0.655448 9.99649E-05 0.0290336 0.0943419 0.00480302 9.99649E-05 0.150551
0.0120348 9.99561E-05 9.99561E-05 0.880421 9.99561E-05 0.0378745 9.99561E-05 9.99561E-05 0.0583866 0.0107837
9.99561E-05 9.99561E-05 0.233064 0.57457 0.0149905 9.99561E-05 0.0388243 0.138052 9.99561E-05 9.99561E-05
0.0504729 9.99737E-05 0.0214906 0.576179 0.106364 0.0218273 0.168064 9.99737E-05 9.99737E-05 0.0553029
9.99473E-05 9.99473E-05 9.99473E-05 0.471954 0.235218 9.99473E-05 0.174788 9.99473E-05 0.11744 9.99473E-05
9.99473E-05 9.99473E-05 9.99473E-05 0.788867 9.99473E-05 0.0534524 0.118282 9.99473E-05 9.99473E-05 0.0387987
0.029688 9.99561E-05 0.0695558 0.722432 9.99561E-05 9.99561E-05 0.145419 9.99561E-05 9.99561E-05 0.0324055
0.0914563 9.99473E-05 9.99473E-05 0.842916 9.99473E-05 9.99473E-05 9.99473E-05 9.99473E-05 0.0035203 0.0615075
9.99649E-05 0.0258925 0.102049 0.416431 9.99649E-05 0.0540613 0.319333 9.99649E-05 9.99649E-05 0.0818335
9.99473E-05 9.99473E-05 9.99473E-05 0.320028 9.99473E-05 0.0175019 0.313073 9.99473E-05 9.99473E-05 0.348798
9.99473E-05 9.99473E-05 9.99473E-05 0.832204 9.99473E-05 9.99473E-05 0.056395 0.0592743 9.99473E-05 0.0515268
9.99474E-05 9.99474E-05 0.0465429 0.773062 9.99474E-05 0.0665494 0.113246 9.99474E-05 9.99474E-05 9.99474E-05
9.99385E-05 9.99385E-05 9.99385E-05 0.894169 9.99385E-05 9.99385E-05 0.0564586 9.99385E-05 0.0486729 9.99385E-05
9.99473E-05 9.99473E-05 9.99473E-05 0.619408 9.99473E-05 0.0207431 0.19792 9.99473E-05 9.99473E-05 0.161329
0.0423441 0.012926 0.0399445 0.733158 9.99825E-05 0.0140259 9.99825E-05 0.0128761 0.104706 0.0398193
9.99648E-05 9.99648E-05 0.0733086 0.271084 0.0862534 0.138177 0.306609 9.99648E-05 9.99648E-05 0.124169
9.99649E-05 9.99649E-05 9.99649E-05 0.643541 9.99649E-05 0.0284377 0.000122375 0.0595687 0.0182191 0.249711
9.99473E-05 0.0135011 9.99473E-05 0.917005 9.99473E-05 9.99473E-05 0.0580829 9.99473E-05 0.0108117 9.99473E-05
9.99649E-05 9.99649E-05 0.0312951 0.616262 9.99649E-05 9.99649E-05 0.0915717 0.00226303 0.218885 0.0393234
9.99386E-05 9.99386E-05 9.99386E-05 0.77185 9.99386E-05 9.99386E-05 0.141448 9.99386E-05 9.99386E-05 0.0860022
9.99561E-05 9.99561E-05 9.99561E-05 0.747204 0.047863 0.0339506 9.99561E-05 0.0139466 9.99561E-05 0.156536
0.0481874 0.124999 9.99561E-05 0.693735 9.99561E-05 9.99561E-05 0.0507488 9.99561E-05 9.99561E-05 0.0818298
9.99473E-05 9.99473E-05 9.99473E-05 0.83238 9.99473E-05 0.0637066 0.102758 9.99473E-05 9.99473E-05 0.0005564
9.99473E-05 9.99473E-05 0.0145544 0.856162 9.99473E-05 0.0416643 0.0870191 9.99473E-05 9.99473E-05 9.99473E-05
0.301128 0.096259 0.0654663 0.115844 9.99649E-05 0.0794455 0.341458 9.99649E-05 9.99649E-05 9.99649E-05
0.313585 9.99737E-05 9.99737E-05 0.275174 9.99737E-05 0.0402915 0.151438 0.018581 0.12679 0.0738401
0.346481 0.138071 9.99649E-05 0.39811 9.99649E-05 0.00921052 0.00481777 9.99649E-05 0.10291 9.99649E-05
0.459499 0.0787164 0.146686 9.99737E-05 0.110399 0.0280264 0.165173 9.99737E-05 0.0112004 9.99737E-05
0.120026 0.0919166 0.0622268 0.151246 9.99824E-05 9.99824E-05 0.240752 0.00626482 0.0978041 0.229564
0.271075 0.067217 0.0756475 9.99649E-05 9.99649E-05 0.0659173 0.46435 9.99649E-05 0.0553932 9.99649E-05
0.521602 9.99561E-05 9.99561E-05 0.015454 9.99561E-05 0.141581 0.290712 0.0301512 9.99561E-05 9.99561E-05
0.357648 0.221056 0.109846 9.99824E-05 0.00431614 0.0175316 0.263767 0.00132324 0.0243128 9.99824E-05
0.385379 0.156883 0.0156859 0.188997 0.0287205 0.0256019 0.198433 9.99737E-05 9.99737E-05 9.99737E-05
0.231673 9.99649E-05 0.0594789 0.282692 9.99649E-05 0.184824 0.154654 9.99649E-05 9.99649E-05 0.0862769
0.08412 0.0588513 0.114316 9.99561E-05 9.99561E-05 0.23002 0.512193 9.99561E-05 9.99561E-05 9.99561E-05
0.186428 9.99825E-05 0.04525 0.0131056 9.99825E-05 0.049329 0.343915 0.0327073 0.174232 0.154833
0.172885 9.99824E-05 0.176799 0.0122593 0.0164441 0.167598 0.162253 9.99824E-05 0.0944297 0.197132
0.359572 9.99561E-05 9.99561E-05 0.0512755 9.99561E-05 0.0996115 0.376422 9.99561E-05 9.99561E-05 0.112619
0.27841 9.9965E-05 9.9965E-05 0.26981 0.0929887 0.0720206 0.130111 9.9965E-05 0.156259 9.9965E-05
0.296207 0.0536933 0.0587211 0.242251 9.9965E-05 0.129514 0.219213 9.9965E-05 9.9965E-05 9.9965E-05
0.249164 0.143148 9.99737E-05 0.00288903 0.0457688 9.99737E-05 0.254617 9.99737E-05 0.107534 0.196579
0.085371 0.0837919 0.144172 0.149856 9.99737E-05 0.234945 0.122834 9.99737E-05 9.99737E-05 0.17873
0.160594 0.180002 0.0540178 0.255988 9.99649E-05 0.0892522 0.259746 9.99649E-05 9.99649E-05 9.99649E-05
0.178006 0.056004 9.99561E-05 9.99561E-05 9.99561E-05 0.0399558 0.435885 9.99561E-05 0.289649 9.99561E-05
0.317588 0.0378302 9.99737E-05 0.334153 0.0386551 9.99737E-05 0.111959 9.99737E-05 0.0831272 0.0763874
0.35106 0.0479808 0.0388009 0.0962821 9.99824E-05 0.0061287 0.246346 9.99824E-05 0.190582 0.0226198
0.265647 9.99737E-05 0.00689438 0.220222 0.211923 0.0556523 0.152532 9.99737E-05 0.0868283 9.99737E-05
0.0447507 0.151661 0.10928 0.209552 0.0272574 0.0302537 0.179805 9.99824E-05 9.99824E-05 0.247241
9.99649E-05 0.10104 0.0821442 0.219565 9.99649E-05 0.180961 0.324239 9.99649E-05 9.99649E-05 0.0916509
0.327159 9.99649E-05 0.0659705 0.338182 9.99649E-05 0.0657275 0.182307 0.0202539 9.99649E-05 9.99649E-05
0.246477 0.137437 0.0576217 0.396802 9.99825E-05 0.00445854 0.0690672 9.99825E-05 0.079129 0.00880763
0.371227 0.0158879 9.9965E-05 0.272883 9.9965E-05 9.9965E-05 0.216647 0.0606611 9.9965E-05 0.0622939
0.0515783 0.249699 0.101792 0.334612 9.99562E-05 9.99562E-05 0.261819 9.99562E-05 9.99562E-05 9.99562E-05
0.203479 9.99649E-05 0.154816 0.308097 0.0843436 9.99649E-05 0.239242 9.99649E-05 0.00962243 9.99649E-05
9.99385E-05 9.99385E-05 0.190578 9.99385E-05 0.614125 9.99385E-05 0.194597 9.99385E-05 9.99385E-05 9.99385E-05
9.99386E-05 9.99386E-05 0.10994 0.0251653 0.864195 9.99386E-05 9.99386E-05 9.99386E-05 9.99386E-05 9.99386E-05
9.99472E-05 0.0332991 9.99472E-05 9.99472E-05 0.693305 0.0737591 0.199037 9.99472E-05 9.99472E-05 9.99472E-05
9.99648E-05 0.0988631 0.0953008 9.99648E-05 0.47583 0.0328548 0.273914 0.0228381 9.99648E-05 9.99648E-05
9.9956E-05 0.0209152 0.220087 9.9956E-05 0.617192 9.9956E-05 0.120525 0.0207802 9.9956E-05 9.9956E-05
9.99385E-05 9.99385E-05 0.190843 9.99385E-05 0.597485 9.99385E-05 0.210972 9.99385E-05 9.99385E-05 9.99385E-05
9.9956E-05 0.0356534 0.132527 9.9956E-05 0.598109 0.0609665 0.172244 9.9956E-05 9.9956E-05 9.9956E-05
9.99648E-05 0.0263124 0.272525 9.99648E-05 0.554148 0.0131272 0.104368 0.0291203 9.99648E-05 9.99648E-05
0.237358 9.9956E-05 0.401901 9.9956E-05 0.244125 0.022786 0.0933305 9.9956E-05 9.9956E-05 9.9956E-05
9.99385E-05 9.99385E-05 0.292015 9.99385E-05 0.363667 9.99385E-05 0.343619 9.99385E-05 9.99385E-05 9.99385E-05
0.241298 9.99386E-05 0.0171991 9.99386E-05 0.740804 9.99386E-05 9.99386E-05 9.99386E-05 9.99386E-05 9.99386E-05
0.175795 9.99649E-05 0.0596809 9.99649E-05 0.649155 0.0507947 0.0406083 9.99649E-05 0.0235664 9.99649E-05
9.99473E-05 0.00156278 0.145802 9.99473E-05 0.841737 0.0102984 9.99473E-05 9.99473E-05 9.99473E-05 9.99473E-05
9.99386E-05 9.99386E-05 0.144368 9.99386E-05 0.645535 9.99386E-05 0.209398 9.99386E-05 9.99386E-05 9.99386E-05
9.99649E-05 0.151187 0.210639 9.99649E-05 0.579446 0.00351946 9.99649E-05 0.021362 0.033446 9.99649E-05
0.146202 9.99736E-05 0.0256106 9.99736E-05 0.526917 0.0430316 0.208331 0.00947996 0.0401277 9.99736E-05
0.214873 9.9956E-05 0.0673407 9.9956E-05 0.535142 9.9956E-05 0.141034 0.0411101 9.9956E-05 9.9956E-05
9.99561E-05 9.99561E-05 0.208106 9.99561E-05 0.655351 0.0408296 9.99561E-05 9.99561E-05 0.0554229 0.0397907
9.99473E-05 9.99473E-05 0.0531356 9.99473E-05 0.864788 0.0698031 9.99473E-05 9.99473E-05 9.99473E-05 0.0116734
9.99473E-05 9.99473E-05 0.141564 9.99473E-05 0.601666 9.99473E-05 0.130588 0.125583 9.99473E-05 9.99473E-05
0.0204805 9.99561E-05 0.146441 9.99561E-05 0.590845 9.99561E-05 0.160535 9.99561E-05 9.99561E-05 0.0811996
9.9956E-05 0.0440793 0.12228 9.9956E-05 0.68615 0.0493886 0.0976017 9.9956E-05 9.9956E-05 9.9956E-05
0.030472 9.99649E-05 0.29144 9.99649E-05 0.254499 9.99649E-05 0.253507 0.109259 9.99649E-05 0.0604221
9.99385E-05 9.99385E-05 0.229935 9.99385E-05 0.722252 9.99385E-05 0.0471132 9.99385E-05 9.99385E-05 9.99385E-05
0.0600573 9.99736E-05 0.313904 9.99736E-05 0.266504 0.0420971 0.23278 0.0555032 9.99736E-05 0.0288542
0.145261 0.00653449 0.188173 9.99649E-05 0.512163 9.99649E-05 0.14141 9.99649E-05 0.00605753 9.99649E-05
9.99474E-05 9.99474E-05 9.99474E-05 0.00595692 0.894722 9.99474E-05 0.0354347 0.0632869 9.99474E-05 9.99474E-05
9.99472E-05 9.99472E-05 0.117598 9.99472E-05 0.534165 9.99472E-05 0.227636 9.99472E-05 9.99472E-05 0.120001
0.0781617 9.99561E-05 0.281846 9.99561E-05 0.382821 9.99561E-05 0.238726 0.0179449 9.99561E-05 9.99561E-05
9.99561E-05 9.99561E-05 0.0318445 9.99561E-05 0.685595 0.00861033 0.180486 0.0929648 9.99561E-05 9.99561E-05
0.0433814 9.99649E-05 0.101858 9.99649E-05 0.524468 0.0890528 0.228755 9.99649E-05 0.0120854 9.99649E-05
9.99648E-05 9.99648E-05 0.0309498 9.99648E-05 0.682612 0.0235795 0.0858386 0.0633085 0.113312 9.99648E-05
9.9956E-05 9.9956E-05 0.325526 9.9956E-05 0.25547 9.9956E-05 0.131551 0.203425 0.0835283 9.9956E-05
9.99473E-05 9.99473E-05 0.124415 9.99473E-05 0.556199 9.99473E-05 0.217412 0.101376 9.99473E-05 9.99473E-05
9.99385E-05 9.99385E-05 0.015485 9.99385E-05 0.85781 9.99385E-05 0.126006 9.99385E-05 9.99385E-05 9.99385E-05
0.131959 9.99736E-05 0.10415 9.99736E-05 0.611199 0.0716044 0.000704716 0.035997 0.0440859 9.99736E-05
9.99648E-05 0.0265904 0.150394 9.99648E-05 0.410481 0.0345444 0.362089 9.99648E-05 0.0155009 9.99648E-05
9.99298E-05 9.99298E-05 0.0662096 9.99298E-05 0.932991 9.99298E-05 9.99298E-05 9.99298E-05 9.99298E-05 9.99298E-05
9.99473E-05 0.0386528 0.0206844 9.99473E-05 0.866356 9.99473E-05 0.0737074 9.99473E-05 9.99473E-05 9.99473E-05
9.99299E-05 9.99299E-05 0.0319105 9.99299E-05 0.96729 9.99299E-05 9.99299E-05 9.99299E-05 9.99299E-05 9.99299E-05
0.102247 9.99386E-05 0.0305657 9.99386E-05 0.866488 9.99386E-05 9.99386E-05 9.99386E-05 9.99386E-05 9.99386E-05
0.123522 9.99648E-05 0.154964 9.99648E-05 0.219719 0.179211 0.288384 9.99648E-05 9.99648E-05 0.0338011
9.99648E-05 0.0271256 0.226203 9.99648E-05 0.689165 9.99648E-05 0.00194882 9.99648E-05 0.0226577 0.0325002
9.99387E-05 9.99387E-05 0.142917 9.99387E-05 0.783046 9.99387E-05 0.0733377 9.99387E-05 9.99387E-05 9.99387E-05
9.99386E-05 9.99386E-05 9.99386E-05 0.0063107 0.906761 9.99386E-05 0.0862284 9.99386E-05 9.99386E-05 9.99386E-05
0.172709 0.0130984 0.27431 9.99736E-05 0.306033 0.0188203 0.0570796 0.15765 9.99736E-05 9.99736E-05
9.99561E-05 0.022477 0.199544 9.99561E-05 0.481627 0.0579914 0.237861 9.99561E-05 9.99561E-05 9.99561E-05
0.148714 0.0503029 0.146035 9.99737E-05 0.384591 9.99737E-05 0.0997992 0.0170555 0.153203 9.99737E-05
9.99473E-05 9.99473E-05 0.346535 9.99473E-05 0.349356 9.99473E-05 0.258283 0.0452263 9.99473E-05 9.99473E-05
9.99298E-05 9.99298E-05 9.99298E-05 9.99298E-05 0.952068 9.99298E-05 0.0471325 9.99298E-05 9.99298E-05 9.99298E-05
9.99736E-05 9.99736E-05 0.0644359 9.99736E-05 0.433388 0.00745071 0.19965 0.0644819 0.179117 0.0511766
0.0187564 9.99387E-05 0.120453 9.99387E-05 0.860091 9.99387E-05 9.99387E-05 9.99387E-05 9.99387E-05 9.99387E-05
9.99561E-05 0.0184566 0.120027 9.99561E-05 0.750354 0.0424911 0.0681716 9.99561E-05 9.99561E-05 9.99561E-05
9.99385E-05 9.99385E-05 0.158475 9.99385E-05 0.689404 9.99385E-05 9.99385E-05 9.99385E-05 0.151421 9.99385E-05
9.99736E-05 0.124292 0.0431671 9.99736E-05 0.659336 0.0568632 0.11136 0.00158333 0.00309783 9.99736E-05
0.197307 9.99473E-05 0.277778 9.99473E-05 0.259153 9.99473E-05 0.265162 9.99473E-05 9.99473E-05 9.99473E-05
9.99384E-05 9.99384E-05 0.272631 9.99384E-05 0.511767 9.99384E-05 0.214902 9.99384E-05 9.99384E-05 9.99384E-05
9.99648E-05 9.99648E-05 0.0527737 9.99648E-05 0.69154 0.0860925 0.0770136 0.0343843 0.0577958 9.99648E-05
9.99385E-05 9.99385E-05 9.99385E-05 9.99385E-05 0.751154 9.99385E-05 0.0999619 0.148184 9.99385E-05 9.99385E-05
0.0345009 9.99473E-05 0.141666 9.99473E-05 0.771956 9.99473E-05 0.051277 9.99473E-05 9.99473E-05 9.99473E-05
9.99208E-05 9.99208E-05 9.99208E-05 9.99208E-05 9.99208E-05 9.99208E-05 0.999101 9.99208E-05 9.99208E-05 9.99208E-05
9.99208E-05 9.99208E-05 0.999101 9.99208E-05 9.99208E-05 9.99208E-05 9.99208E-05 9.99208E-05 9.99208E-05 9.99208E-05
9.99208E-05 9.99208E-05 9.99208E-05 9.99208E-05 9.99208E-05 9.99208E-05 0.999101 9.99208E-05 9.99208E-05 9.99208E-05
9.99209E-05 9.99209E-05 0.999101 9.99209E-05 9.99209E-05 9.99209E-05 9.99209E-05 9.99209E-05 9.99209E-05 9.99209E-05
9.99208E-05 9.99208E-05 0.999101 9.99208E-05 9.99208E-05 9.99208E-05 9.99208E-05 9.99208E-05 9.99208E-05 9.99208E-05
9.99208E-05 9.99208E-05 0.999101 9.99208E-05 9.99208E-05 9.99208E-05 9.99208E-05 9.99208E-05 9.99208E-05 9.99208E-05
9.99208E-05 9.99208E-05 9.99208E-05 9.99208E-05 9.99208E-05 9.99208E-05 0.999101 9.99208E-05 9.99208E-05 9.99208E-05
9.99207E-05 9.99207E-05 0.999101 9.99207E-05 9.99207E-05 9.99207E-05 9.99207E-05 9.99207E-05 9.99207E-05 9.99207E-05
9.99208E-05 9.99208E-05 0.999101 9.99208E-05 9.99208E-05 9.99208E-05 9.99208E-05 9.99208E-05 9.99208E-05 9.99208E-05
9.99208E-05 9.99208E-05 9.99208E-05 9.99208E-05 9.99208E-05 9.99208E-05 0.999101 9.99208E-05 9.99208E-05 9.99208E-05
9.99208E-05 9.99208E-05 9.99208E-05 9.99208E-05 9.99208E-05 9.99208E-05 0.999101 9.99208E-05 9.99208E-05 9.99208E-05
9.99207E-05 9.99207E-05 9.99207E-05 9.99207E-05 9.99207E-05 9.99207E-05 0.999101 9.99207E-05 9.99207E-05 9.99207E-05
9.99208E-05 9.99208E-05 0.999101 9.99208E-05 9.99208E-05 9.99208E-05 9.99208E-05 9.99208E-05 9.99208E-05 9.99208E-05
9.99208E-05 9.99208E-05 0.999101 9.99208E-05 9.99208E-05 9.99208E-05 9.99208E-05 9.99208E-05 9.99208E-05 9.99208E-05
9.99208E-05 9.99208E-05 9.99208E-05 9.99208E-05 9.99208E-05 9.99208E-05 0.999101 9.99208E-05 9.99208E-05 9.99208E-05
9.99207E-05 9.99207E-05 9.99207E-05 9.99207E-05 9.99207E-05 9.99207E-05 0.999101 9.99207E-05 9.99207E-05 9.99207E-05
9.99736E-05 0.068687 0.134259 9.99736E-05 0.365368 9.99736E-05 0.260618 0.0458661 0.117215 0.00768711
9.99208E-05 9.99208E-05 9.99208E-05 9.99208E-05 9.99208E-05 9.99208E-05 0.999101 9.99208E-05 9.99208E-05 9.99208E-05
9.99208E-05 9.99208E-05 0.999101 9.99208E-05 9.99208E-05 9.99208E-05 9.99208E-05 9.99208E-05 9.99208E-05 9.99208E-05
9.99207E-05 9.99207E-05 9.99207E-05 9.99207E-05 9.99207E-05 9.99207E-05 0.999101 9.99207E-05 9.99207E-05 9.99207E-05
9.99207E-05 9.99207E-05 9.99207E-05 9.99207E-05 9.99207E-05 9.99207E-05 0.999101 9.99207E-05 9.99207E-05 9.99207E-05
9.99208E-05 9.99208E-05 9.99208E-05 9.99208E-05 9.99208E-05 9.99208E-05 0.999101 9.99208E-05 9.99208E-05 9.99208E-05
9.99208E-05 9.99208E-05 0.999101 9.99208E-05 9.99208E-05 9.99208E-05 9.99208E-05 9.99208E-05 9.99208E-05 9.99208E-05
9.99208E-05 9.99208E-05 9.99208E-05 9.99208E-05 9.99208E-05 9.99208E-05 0.999101 9.99208E-05 9.99208E-05 9.99208E-05
9.99208E-05 9.99208E-05 0.999101 9.99208E-05 9.99208E-05 9.99208E-05 9.99208E-05 9.99208E-05 9.99208E-05 9.99208E-05
9.99208E-05 9.99208E-05 9.99208E-05 9.99208E-05 9.99208E-05 9.99208E-05 0.999101 9.99208E-05 9.99208E-05 9.99208E-05
9.99207E-05 9.99207E-05 9.99207E-05 9.99207E-05 9.99207E-05 9.99207E-05 0.999101 9.99207E-05 9.99207E-05 9.99207E-05
9.99208E-05 9.99208E-05 0.999101 9.99208E-05 9.99208E-05 9.99208E-05 9.99208E-05 9.99208E-05 9.99208E-05 9.99208E-05
9.99208E-05 9.99208E-05 0.999101 9.99208E-05 9.99208E-05 9.99208E-05 9.99208E-05 9.99208E-05 9.99208E-05 9.99208E-05
9.99208E-05 9.99208E-05 0.999101 9.99208E-05 9.99208E-05 9.99208E-05 9.99208E-05 9.99208E-05 9.99208E-05 9.99208E-05
9.99208E-05 9.99208E-05 9.99208E-05 9.99208E-05 9.99208E-05 9.99208E-05 0.999101 9.99208E-05 9.99208E-05 9.99208E-05
9.99208E-05 9.99208E-05 9.99208E-05 9.99208E-05 9.99208E-05 9.99208E-05 0.999101 9.99208E-05 9.99208E-05 9.99208E-05
9.99208E-05 9.99208E-05 9.99208E-05 9.99208E-05 9.99208E-05 9.99208E-05 0.999101 9.99208E-05 9.99208E-05 9.99208E-05
9.99207E-05 9.99207E-05 9.99207E-05 9.99207E-05 9.99207E-05 9.99207E-05 0.999101 9.99207E-05 9.99207E-05 9.99207E-05
9.99208E-05 9.99208E-05 9.99208E-05 9.99208E-05 9.99208E-05 9.99208E-05 0.999101 9.99208E-05 9.99208E-05 9.99208E-05
9.99207E-05 9.99207E-05 0.999101 9.99207E-05 9.99207E-05 9.99207E-05 9.99207E-05 9.99207E-05 9.99207E-05 9.99207E-05
9.99207E-05 9.99207E-05 0.999101 9.99207E-05 9.99207E-05 9.99207E-05 9.99207E-05 9.99207E-05 9.99207E-05 9.99207E-05
9.99208E-05 9.99208E-05 0.999101 9.99208E-05 9.99208E-05 9.99208E-05 9.99208E-05 9.99208E-05 9.99208E-05 9.99208E-05
9.99207E-05 9.99207E-05 9.99207E-05 9.99207E-05 9.99207E-05 9.99207E-05 0.999101 9.99207E-05 9.99207E-05 9.99207E-05
9.99208E-05 9.99208E-05 0.999101 9.99208E-05 9.99208E-05 9.99208E-05 9.99208E-05 9.99208E-05 9.99208E-05 9.99208E-05
9.99208E-05 9.99208E-05 0.999101 9.99208E-05 9.99208E-05 9.99208E-05 9.99208E-05 9.99208E-05 9.99208E-05 9.99208E-05
9.99208E-05 9.99208E-05 0.999101 9.99208E-05 9.99208E-05 9.99208E-05 9.99208E-05 9.99208E-05 9.99208E-05 9.99208E-05
9.99207E-05 9.99207E-05 0.999101 9.99207E-05 9.99207E-05 9.99207E-05 9.99207E-05 9.99207E-05 9.99207E-05 9.99207E-05
9.99207E-05 9.99207E-05 9.99207E-05 9.99207E-05 9.99207E-05 9.99207E-05 0.999101 9.99207E-05 9.99207E-05 9.99207E-05
9.99208E-05 9.99208E-05 0.999101 9.99208E-05 9.99208E-05 9.99208E-05 9.99208E-05 9.99208E-05 9.99208E-05 9.99208E-05
9.99208E-05 9.99208E-05 0.999101 9.99208E-05 9.99208E-05 9.99208E-05 9.99208E-05 9.99208E-05 9.99208E-05 9.99208E-05
9.99736E-05 0.0149712 0.130482 9.99736E-05 0.379658 9.99736E-05 0.181988 0.0904912 0.0949003 0.107209
9.99207E-05 9.99207E-05 9.99207E-05 9.99207E-05 9.99207E-05 9.99207E-05 0.999101 9.99207E-05 9.99207E-05 9.99207E-05
9.99208E-05 9.99208E-05 0.999101 9.99208E-05 9.99208E-05 9.99208E-05 9.99208E-05 9.99208E-05 9.99208E-05 9.99208E-05
9.99209E-05 9.99209E-05 0.999101 9.99209E-05 9.99209E-05 9.99209E-05 9.99209E-05 9.99209E-05 9.99209E-05 9.99209E-05
9.99209E-05 9.99209E-05 0.999101 9.99209E-05 9.99209E-05 9.99209E-05 9.99209E-05 9.99209E-05 9.99209E-05 9.99209E-05
9.99208E-05 9.99208E-05 0.999101 9.99208E-05 9.99208E-05 9.99208E-05 9.99208E-05 9.99208E-05 9.99208E-05 9.99208E-05
9.99207E-05 9.99207E-05 9.99207E-05 9.99207E-05 9.99207E-05 9.99207E-05 0.999101 9.99207E-05 9.99207E-05 9.99207E-05
9.99208E-05 9.99208E-05 0.999101 9.99208E-05 9.99208E-05 9.99208E-05 9.99208E-05 9.99208E-05 9.99208E-05 9.99208E-05
9.99207E-05 9.99207E-05 9.99207E-05 9.99207E-05 9.99207E-05 9.99207E-05 0.999101 9.99207E-05 9.99207E-05 9.99207E-05
9.99208E-05 9.99208E-05 0.999101 9.99208E-05 9.99208E-05 9.99208E-05 9.99208E-05 9.99208E-05 9.99208E-05 9.99208E-05
9.99207E-05 9.99207E-05 9.99207E-05 9.99207E-05 9.99207E-05 9.99207E-05 0.999101 9.99207E-05 9.99207E-05 9.99207E-05
9.99208E-05 9.99208E-05 0.999101 9.99208E-05 9.99208E-05 9.99208E-05 9.99208E-05 9.99208E-05 9.99208E-05 9.99208E-05
9.99208E-05 9.99208E-05 0.999101 9.99208E-05 9.99208E-05 9.99208E-05 9.99208E-05 9.99208E-05 9.99208E-05 9.99208E-05
9.99208E-05 9.99208E-05 0.999101 9.99208E-05 9.99208E-05 9.99208E-05 9.99208E-05 9.99208E-05 9.99208E-05 9.99208E-05
9.99208E-05 9.99208E-05 0.999101 9.99208E-05 9.99208E-05 9.99208E-05 9.99208E-05 9.99208E-05 9.99208E-05 9.99208E-05
9.99209E-05 9.99209E-05 0.999101 9.99209E-05 9.99209E-05 9.99209E-05 9.99209E-05 9.99209E-05 9.99209E-05 9.99209E-05
9.99208E-05 9.99208E-05 0.999101 9.99208E-05 9.99208E-05 9.99208E-05 9.99208E-05 9.99208E-05 9.99208E-05 9.99208E-05
9.99207E-05 9.99207E-05 9.99207E-05 9.99207E-05 9.99207E-05 9.99207E-05 0.999101 9.99207E-05 9.99207E-05 9.99207E-05
9.99207E-05 9.99207E-05 9.99207E-05 9.99207E-05 9.99207E-05 9.99207E-05 0.999101 9.99207E-05 9.99207E-05 9.99207E-05
9.99208E-05 9.99208E-05 9.99208E-05 9.99208E-05 9.99208E-05 9.99208E-05 0.999101 9.99208E-05 9.99208E-05 9.99208E-05
9.99207E-05 9.99207E-05 0.999101 9.99207E-05 9.99207E-05 9.99207E-05 9.99207E-05 9.99207E-05 9.99207E-05 9.99207E-05
9.99208E-05 9.99208E-05 9.99208E-05 9.99208E-05 9.99208E-05 9.99208E-05 0.999101 9.99208E-05 9.99208E-05 9.99208E-05
9.99208E-05 9.99208E-05 9.99208E-05 9.99208E-05 9.99208E-05 9.99208E-05 0.999101 9.99208E-05 9.99208E-05 9.99208E-05
9.99208E-05 9.99208E-05 9.99208E-05 9.99208E-05 9.99208E-05 9.99208E-05 0.999101 9.99208E-05 9.99208E-05 9.99208E-05
9.99208E-05 9.99208E-05 0.999101 9.99208E-05 9.99208E-05 9.99208E-05 9.99208E-05 9.99208E-05 9.99208E-05 9.99208E-05
9.99208E-05 9.99208E-05 0.999101 9.99208E-05 9.99208E-05 9.99208E-05 9.99208E-05 9.99208E-05 9.99208E-05 9.99208E-05
9.99208E-05 9.99208E-05 0.999101 9.99208E-05 9.99208E-05 9.99208E-05 9.99208E-05 9.99208E-05 9.99208E-05 9.99208E-05
9.99207E-05 9.99207E-05 9.99207E-05 9.99207E-05 9.99207E-05 9.99207E-05 0.999101 9.99207E-05 9.99207E-05 9.99207E-05
9.99208E-05 9.99208E-05 0.999101 9.99208E-05 9.99208E-05 9.99208E-05 9.99208E-05 9.99208E-05 9.99208E-05 9.99208E-05
9.99207E-05 9.99207E-05 0.999101 9.99207E-05 9.99207E-05 9.99207E-05 9.99207E-05 9.99207E-05 9.99207E-05 9.99207E-05
9.99208E-05 9.99208E-05 9.99208E-05 9.99208E-05 9.99208E-05 9.99208E-05 0.999101 9.99208E-05 9.99208E-05 9.99208E-05
9.99208E-05 9.99208E-05 0.999101 9.99208E-05 9.99208E-05 9.99208E-05 9.99208E-05 9.99208E-05 9.99208E-05 9.99208E-05
9.99208E-05 9.99208E-05 0.999101 9.99208E-05 9.99208E-05 9.99208E-05 9.99208E-05 9.99208E-05 9.99208E-05 9.99208E-05
0.0718592 0.0907405 0.151322 9.99736E-05 0.173762 0.181927 0.28752 9.99736E-05 0.0425688 9.99736E-05
9.99207E-05 9.99207E-05 9.99207E-05 9.99207E-05 9.99207E-05 9.99207E-05 0.999101 9.99207E-05 9.99207E-05 9.99207E-05
9.99208E-05 9.99208E-05 0.999101 9.99208E-05 9.99208E-05 9.99208E-05 9.99208E-05 9.99208E-05 9.99208E-05 9.99208E-05
9.99649E-05 0.00183067 0.401466 9.99649E-05 0.411661 0.0340228 0.065729 9.99649E-05 0.084891 9.99649E-05
9.99648E-05 9.99648E-05 0.278327 9.99648E-05 0.409899 0.00187726 0.137289 0.0934375 0.0787708 9.99648E-05
9.99472E-05 9.99472E-05 0.131677 9.99472E-05 0.408932 9.99472E-05 0.399461 0.0593307 9.99472E-05 9.99472E-05
9.9956E-05 0.0639395 9.9956E-05 9.9956E-05 0.632567 9.9956E-05 0.221214 0.0232059 0.0585738 9.9956E-05
0.0614899 9.99472E-05 0.289844 9.99472E-05 0.327901 9.99472E-05 0.320166 9.99472E-05 9.99472E-05 9.99472E-05
0.0929183 9.99474E-05 0.126263 0.061463 0.718756 9.99474E-05 9.99474E-05 9.99474E-05 9.99474E-05 9.99474E-05
9.99649E-05 9.99649E-05 0.348133 9.99649E-05 0.261237 0.0396755 0.292175 0.00832128 9.99649E-05 0.0500589
9.99648E-05 0.0939249 0.175898 9.99648E-05 0.565742 0.0849641 0.0340112 0.0450606 9.99648E-05 9.99648E-05
9.99386E-05 9.99386E-05 0.240486 9.99386E-05 0.715751 9.99386E-05 9.99386E-05 0.0430634 9.99386E-05 9.99386E-05
9.9956E-05 9.9956E-05 9.9956E-05 9.9956E-05 0.650701 9.9956E-05 0.213339 0.0281305 0.0220255 0.0853035
0.0765719 9.99561E-05 0.037017 9.99561E-05 0.55366 0.0645567 0.267695 9.99561E-05 9.99561E-05 9.99561E-05
9.99385E-05 9.99385E-05 0.63744 9.99385E-05 0.262456 9.99385E-05 0.099404 9.99385E-05 9.99385E-05 9.99385E-05
0.0290738 9.99599E-05 0.247969 9.99599E-05 0.240989 9.99599E-05 0.338661 9.99599E-05 0.142807 9.99599E-05
9.9956E-05 0.14075 0.058198 9.9956E-05 0.741854 9.9956E-05 0.0539498 0.00474842 9.9956E-05 9.9956E-05
9.99472E-05 9.99472E-05 0.201968 9.99472E-05 0.491548 0.073553 0.232331 9.99472E-05 9.99472E-05 9.99472E-05
0.108244 9.99649E-05 0.301463 9.99649E-05 0.284202 0.0655771 0.213124 9.99649E-05 9.99649E-05 0.0269899
9.99473E-05 9.99473E-05 0.213817 9.99473E-05 0.634859 9.99473E-05 0.119718 0.0310057 9.99473E-05 9.99473E-05
9.99648E-05 0.0055569 0.171321 9.99648E-05 0.283966 0.0766732 0.396147 9.99648E-05 0.0659363 9.99648E-05
0.214793 9.9956E-05 0.142307 9.9956E-05 0.490573 0.0423155 9.9956E-05 0.109512 9.9956E-05 9.9956E-05
9.9956E-05 9.9956E-05 0.138251 9.9956E-05 0.553032 9.9956E-05 0.209431 9.9956E-05 0.000284066 0.0985016
0.0182338 9.99648E-05 0.14282 9.99648E-05 0.560232 9.99648E-05 0.0832131 0.0404304 9.99648E-05 0.154671
9.99385E-05 9.99385E-05 0.28986 9.99385E-05 0.635815 9.99385E-05 9.99385E-05 9.99385E-05 0.0736248 9.99385E-05
9.99736E-05 0.0187233 0.210506 9.99736E-05 0.366429 0.0328333 0.224537 0.0437935 0.102878 9.99736E-05
9.99736E-05 0.0411995 0.211672 9.99736E-05 0.595235 0.0182434 0.101536 0.022889 9.99736E-05 0.0089257
9.9956E-05 0.140673 0.059999 9.9956E-05 0.736034 9.9956E-05 0.056439 0.00635568 9.9956E-05 9.9956E-05
0.0708414 9.99298E-05 9.99298E-05 9.99298E-05 0.928359 9.99298E-05 9.99298E-05 9.99298E-05 9.99298E-05 9.99298E-05
9.9956E-05 0.0877581 0.0310726 9.9956E-05 0.575813 9.9956E-05 0.133603 9.9956E-05 9.9956E-05 0.171254
9.99561E-05 0.081587 0.281295 9.99561E-05 0.221982 9.99561E-05 0.409156 9.99561E-05 0.00548062 9.99561E-05
9.99648E-05 0.0802712 9.99648E-05 9.99648E-05 0.60155 9.99648E-05 0.157496 0.061664 0.0545096 0.0441093
9.99561E-05 0.131951 0.164309 9.99561E-05 0.508366 9.99561E-05 0.117624 0.0772498 9.99561E-05 9.99561E-05
0.00949856 9.99648E-05 0.408578 9.99648E-05 0.293883 0.0177444 0.192421 9.99648E-05 9.99648E-05 0.0774757
0.0276925 9.99561E-05 0.274057 9.99561E-05 0.566324 0.0160445 0.115382 9.99561E-05 9.99561E-05 9.99561E-05
0.0872316 0.0371214 0.233024 9.99736E-05 0.303361 9.99736E-05 0.144687 0.0066967 9.99736E-05 0.187578
9.99648E-05 0.0186342 0.210625 9.99648E-05 0.416008 0.0136318 0.239551 9.99648E-05 9.99648E-05 0.10115
9.9956E-05 0.0619864 0.161906 9.9956E-05 0.469501 0.0985406 0.207566 9.9956E-05 9.9956E-05 9.9956E-05
9.99561E-05 9.99561E-05 0.0584815 9.99561E-05 0.676319 9.99561E-05 0.239051 0.0172056 9.99561E-05 0.00844285
9.9921E-05 9.9921E-05 9.9921E-05 9.9921E-05 0.999101 9.9921E-05 9.9921E-05 9.9921E-05 9.9921E-05 9.9921E-05
9.99648E-05 0.051039 0.0330595 9.99648E-05 0.390622 0.14488 0.331568 9.99648E-05 0.048432 9.99648E-05
9.99648E-05 9.99648E-05 0.00289077 9.99648E-05 0.65559 0.0397245 0.109456 0.0571668 0.134772 9.99648E-05
9.99472E-05 9.99472E-05 0.229122 9.99472E-05 0.373104 9.99472E-05 0.141039 9.99472E-05 9.99472E-05 0.256136
9.99472E-05 0.00675041 0.108669 9.99472E-05 0.566985 9.99472E-05 0.316996 9.99472E-05 9.99472E-05 9.99472E-05
0.0692936 9.99561E-05 0.0725167 9.99561E-05 0.609385 9.99561E-05 0.113897 9.99561E-05 9.99561E-05 0.134408
9.99561E-05 9.99561E-05 0.228025 9.99561E-05 0.388086 9.99561E-05 0.162753 0.0404666 9.99561E-05 0.180169
0.0309238 0.0732228 0.555607 9.99561E-05 0.282057 9.99561E-05 0.0576901 9.99561E-05 9.99561E-05 9.99561E-05
0.0216497 0.0224776 0.414263 9.99648E-05 0.18294 0.0103535 0.347916 9.99648E-05 9.99648E-05 9.99648E-05
9.9956E-05 0.00747555 0.136361 9.9956E-05 0.693255 0.0777971 0.0846115 9.9956E-05 9.9956E-05 9.9956E-05
9.9921E-05 9.9921E-05 9.9921E-05 9.9921E-05 0.999101 9.9921E-05 9.9921E-05 9.9921E-05 9.9921E-05 9.9921E-05
9.9956E-05 9.9956E-05 0.235313 9.9956E-05 0.655795 0.0432608 0.0345669 0.0305642 9.9956E-05 9.9956E-05
9.99386E-05 9.99386E-05 9.99386E-05 9.99386E-05 0.872962 9.99386E-05 0.0930489 9.99386E-05 9.99386E-05 0.0332899
0.212485 9.99649E-05 0.173957 9.99649E-05 0.272236 0.135727 0.161325 9.99649E-05 0.0438705 9.99649E-05
0.0305325 0.0113755 9.99386E-05 9.99386E-05 0.957392 9.99386E-05 9.99386E-05 9.99386E-05 9.99386E-05 9.99386E-05
0.0143163 9.99561E-05 0.00414898 9.99561E-05 0.561381 0.0869608 0.332694 9.99561E-05 9.99561E-05 9.99561E-05
0.234827 9.9956E-05 9.9956E-05 9.9956E-05 0.234958 0.0287362 0.206869 9.9956E-05 9.9956E-05 0.29411
0.211982 9.99473E-05 0.19072 9.99473E-05 0.486594 9.99473E-05 0.110105 9.99473E-05 9.99473E-05 9.99473E-05
9.99385E-05 9.99385E-05 0.121369 9.99385E-05 0.668924 9.99385E-05 9.99385E-05 9.99385E-05 9.99385E-05 0.209007
9.99385E-05 9.99385E-05 0.348959 9.99385E-05 0.58415 9.99385E-05 0.0661916 9.99385E-05 9.99385E-05 9.99385E-05
0.0890601 9.99474E-05 9.99474E-05 9.99474E-05 0.767918 0.00426988 0.138153 9.99474E-05 9.99474E-05 9.99474E-05
0.0161053 9.99473E-05 0.197042 9.99473E-05 0.737 9.99473E-05 0.0492532 9.99473E-05 9.99473E-05 9.99473E-05
9.99561E-05 9.99561E-05 0.202028 9.99561E-05 0.571147 9.99561E-05 0.191163 0.00326139 9.99561E-05 0.0319006
0.125966 0.00380901 0.266972 9.99561E-05 0.450989 9.99561E-05 0.151763 9.99561E-05 9.99561E-05 9.99561E-05
9.9921E-05 9.9921E-05 9.9921E-05 9.9921E-05 0.999101 9.9921E-05 9.9921E-05 9.9921E-05 9.9921E-05 9.9921E-05
9.99298E-05 9.99298E-05 0.123161 9.99298E-05 0.87604 9.99298E-05 9.99298E-05 9.99298E-05 9.99298E-05 9.99298E-05
9.99387E-05 9.99387E-05 9.99387E-05 0.0171255 0.838591 9.99387E-05 0.143584 9.99387E-05 9.99387E-05 9.99387E-05
9.99561E-05 0.0180222 0.102393 9.99561E-05 0.629654 0.0942669 0.155164 9.99561E-05 9.99561E-05 9.99561E-05
9.9956E-05 9.9956E-05 0.105552 9.9956E-05 0.553417 9.9956E-05 0.169428 0.157265 0.0138383 9.9956E-05
9.99473E-05 9.99473E-05 0.240916 9.99473E-05 0.715652 9.99473E-05 0.0119612 9.99473E-05 0.0308718 9.99473E-05
9.99386E-05 9.99386E-05 0.0794864 9.99386E-05 0.891574 9.99386E-05 0.0282397 9.99386E-05 9.99386E-05 9.99386E-05
0.0110315 9.99649E-05 0.292769 9.99649E-05 0.423527 9.99649E-05 0.261225 0.0018721 9.99649E-05 0.00917495
9.9956E-05 9.9956E-05 0.0177368 9.9956E-05 0.477505 0.0992744 0.338178 0.0668061 9.9956E-05 9.9956E-05
0.297925 9.99386E-05 9.99386E-05 9.99386E-05 0.687249 0.014127 9.99386E-05 9.99386E-05 9.99386E-05 9.99386E-05
0.207408 9.99561E-05 0.00138235 9.99561E-05 0.496946 9.99561E-05 0.239151 0.0546128 9.99561E-05 9.99561E-05
0.0564953 9.99475E-05 9.99475E-05 0.0725745 0.738949 9.99475E-05 0.131382 9.99475E-05 9.99475E-05 9.99475E-05
9.99385E-05 9.99385E-05 0.269153 9.99385E-05 0.316524 9.99385E-05 0.413624 9.99385E-05 9.99385E-05 9.99385E-05
0.259466 0.0943444 9.99561E-05 9.99561E-05 0.476231 9.99561E-05 9.99561E-05 0.0425237 0.126936 9.99561E-05
0.0934423 9.99386E-05 9.99386E-05 9.99386E-05 0.80729 9.99386E-05 0.098568 9.99386E-05 9.99386E-05 9.99386E-05
0.259174 9.99473E-05 0.13696 9.99473E-05 0.527582 9.99473E-05 0.075684 9.99473E-05 9.99473E-05 9.99473E-05
0.189155 9.99386E-05 9.99386E-05 0.0443283 0.765817 9.99386E-05 9.99386E-05 9.99386E-05 9.99386E-05 9.99386E-05
9.9956E-05 0.00747367 9.9956E-05 9.9956E-05 0.759786 0.00649164 0.130884 9.9956E-05 9.9956E-05 0.0948648
0.337655 9.99299E-05 9.99299E-05 9.99299E-05 0.661546 9.99299E-05 9.99299E-05 9.99299E-05 9.99299E-05 9.99299E-05
9.99472E-05 9.99472E-05 0.367284 9.99472E-05 0.457809 0.102887 0.0714199 9.99472E-05 9.99472E-05 9.99472E-05
9.99472E-05 9.99472E-05 0.202418 9.99472E-05 0.599376 0.059433 9.99472E-05 9.99472E-05 9.99472E-05 0.138174
9.99736E-05 0.0763273 0.212612 9.99736E-05 0.476874 0.0715226 0.0221537 0.126216 0.0139943 9.99736E-05
0.0824495 9.99299E-05 9.99299E-05 9.99299E-05 0.916751 9.99299E-05 9.99299E-05 9.99299E-05 9.99299E-05 9.99299E-05
9.99473E-05 9.99473E-05 0.262547 9.99473E-05 0.641813 0.0715328 0.0235077 9.99473E-05 9.99473E-05 9.99473E-05
0.149558 9.99473E-05 0.184579 9.99473E-05 0.451202 9.99473E-05 9.99473E-05 0.214061 9.99473E-05 9.99473E-05
0.0875342 9.99473E-05 0.0219702 9.99473E-05 0.819243 9.99473E-05 0.0706533 9.99473E-05 9.99473E-05 9.99473E-05
9.9956E-05 0.159988 0.0433391 9.9956E-05 0.475656 0.025629 0.294888 9.9956E-05 9.9956E-05 9.9956E-05
9.99473E-05 0.049146 0.39822 9.99473E-05 0.328719 9.99473E-05 0.223315 9.99473E-05 9.99473E-05 9.99473E-05
9.99648E-05 9.99648E-05 0.128498 9.99648E-05 0.458242 0.0307902 0.251965 0.032975 0.0971309 9.99648E-05
9.99648E-05 9.99648E-05 0.145632 9.99648E-05 0.476864 0.0243017 0.293615 0.0401813 0.0190069 9.99648E-05
0.161147 9.99561E-05 0.0498375 9.99561E-05 0.413878 9.99561E-05 0.172257 0.202381 9.99561E-05 9.99561E-05
0.125327 0.140704 0.11588 9.9956E-05 0.278642 9.9956E-05 0.338948 9.9956E-05 9.9956E-05 9.9956E-05
0.120795 9.99649E-05 0.419186 0.00495424 0.304299 9.99649E-05 0.148558 9.99649E-05 9.99649E-05 0.00180684
0.237944 9.99736E-05 0.0403028 9.99736E-05 0.397181 0.135662 0.0345092 0.127265 0.0268361 9.99736E-05
0.146256 9.99385E-05 0.169354 9.99385E-05 0.683691 9.99385E-05 9.99385E-05 9.99385E-05 9.99385E-05 9.99385E-05
0.195488 0.0118126 9.99473E-05 9.99473E-05 0.779825 9.99473E-05 0.0122749 9.99473E-05 9.99473E-05 9.99473E-05
9.99385E-05 9.99385E-05 0.338512 9.99385E-05 0.445981 9.99385E-05 9.99385E-05 9.99385E-05 9.99385E-05 0.214808
9.995E-05 9.995E-05 0.060997 9.995E-05 0.397844 0.131405 0.318988 9.995E-05 9.995E-05 0.0902659
9.99386E-05 9.99386E-05 9.99386E-05 9.99386E-05 0.48071 0.0471513 0.471439 9.99386E-05 9.99386E-05 9.99386E-05
0.0641605 9.99561E-05 0.15416 9.99561E-05 0.262656 9.99561E-05 0.372034 9.99561E-05 9.99561E-05 0.14649
9.99736E-05 0.0784826 0.227643 9.99736E-05 0.384303 0.0647419 9.99736E-05 0.0383527 0.0285865 0.17759
9.99385E-05 9.99385E-05 0.108914 9.99385E-05 0.449764 9.99385E-05 0.440622 9.99385E-05 9.99385E-05 9.99385E-05
0.210188 0.197991 0.0270661 9.99736E-05 0.377968 9.99736E-05 0.0442675 0.127781 0.0144391 9.99736E-05
0.15417 9.99562E-05 0.0985425 0.00409425 0.687876 9.99562E-05 0.0548177 9.99562E-05 9.99562E-05 9.99562E-05
0.120477 9.99562E-05 0.102743 0.0102711 0.75469 9.99562E-05 0.011319 9.99562E-05 9.99562E-05 9.99562E-05
0.0496549 9.99561E-05 0.144207 9.99561E-05 0.57667 0.0412594 0.187708 9.99561E-05 9.99561E-05 9.99561E-05
0.171715 0.19712 9.99648E-05 9.99648E-05 0.303476 0.0123229 0.245975 9.99648E-05 0.0689905 9.99648E-05
0.181782 9.99299E-05 9.99299E-05 9.99299E-05 0.817418 9.99299E-05 9.99299E-05 9.99299E-05 9.99299E-05 9.99299E-05
0.080081 9.99299E-05 9.99299E-05 9.99299E-05 0.91912 9.99299E-05 9.99299E-05 9.99299E-05 9.99299E-05 9.99299E-05
9.99648E-05 0.0558738 0.0376943 9.99648E-05 0.708139 0.0406577 0.0529694 0.104266 9.99648E-05 9.99648E-05
9.99473E-05 9.99473E-05 0.000350639 9.99473E-05 0.687792 9.99473E-05 0.173581 0.137676 9.99473E-05 9.99473E-05
9.99386E-05 9.99386E-05 9.99386E-05 9.99386E-05 0.777803 0.0670057 0.154492 9.99386E-05 9.99386E-05 9.99386E-05
0.05131 9.9956E-05 0.188453 9.9956E-05 0.52279 9.9956E-05 0.219639 9.9956E-05 9.9956E-05 0.0173079
9.99473E-05 9.99473E-05 0.160798 9.99473E-05 0.488341 9.99473E-05 0.285716 9.99473E-05 9.99473E-05 0.0645457
9.9956E-05 9.9956E-05 9.9956E-05 9.9956E-05 0.376716 0.0941072 0.399399 0.102778 0.026501 9.9956E-05
0.117535 9.99385E-05 0.329441 9.99385E-05 0.552325 9.99385E-05 9.99385E-05 9.99385E-05 9.99385E-05 9.99385E-05
0.0416566 9.9956E-05 0.19698 9.9956E-05 0.559864 9.9956E-05 0.174864 0.0261355 9.9956E-05 9.9956E-05
0.00177652 0.225551 9.99561E-05 9.99561E-05 0.467789 0.00465051 0.299733 9.99561E-05 9.99561E-05 9.99561E-05
9.99473E-05 9.99473E-05 9.99473E-05 9.99473E-05 0.924483 0.00951985 0.0406098 0.024788 9.99473E-05 9.99473E-05
0.135494 9.99648E-05 9.99648E-05 9.99648E-05 0.200831 0.027285 0.408365 9.99648E-05 0.171895 0.0557293
9.99472E-05 0.141062 9.99472E-05 9.99472E-05 0.573676 9.99472E-05 0.252219 9.99472E-05 9.99472E-05 0.0324437
9.99472E-05 9.99472E-05 0.30382 9.99472E-05 0.384352 0.116781 0.194447 9.99472E-05 9.99472E-05 9.99472E-05
0.299967 9.99648E-05 0.0796863 9.99648E-05 0.347702 9.99648E-05 0.22084 0.0081659 9.99648E-05 0.0432381
9.99561E-05 9.99561E-05 0.219574 9.99561E-05 0.448258 0.0140913 0.126885 9.99561E-05 9.99561E-05 0.190692
0.37639 9.99386E-05 0.0897147 9.99386E-05 0.533196 9.99386E-05 9.99386E-05 9.99386E-05 9.99386E-05 9.99386E-05
9.9956E-05 0.0545344 0.184905 9.9956E-05 0.435319 0.114149 0.210593 9.9956E-05 9.9956E-05 9.9956E-05
0.0128503 9.99474E-05 9.99474E-05 9.99474E-05 0.872915 9.99474E-05 0.0943472 0.0192881 9.99474E-05 9.99474E-05
0.14862 9.99387E-05 0.0282669 9.99387E-05 0.822414 9.99387E-05 9.99387E-05 9.99387E-05 9.99387E-05 9.99387E-05
0.00807775 9.99824E-05 0.244914 9.99824E-05 0.440864 0.0907825 0.0983096 0.042793 0.0293023 0.0447567
0.104628 9.99736E-05 0.149753 9.99736E-05 0.496057 0.0108527 0.174514 0.0483366 9.99736E-05 0.0155596
0.362706 9.99561E-05 0.157025 9.99561E-05 9.99561E-05 0.0860423 0.188037 9.99561E-05 9.99561E-05 0.20569
0.473331 9.99561E-05 0.0791681 9.99561E-05 9.99561E-05 0.0730054 0.135291 9.99561E-05 9.99561E-05 0.238704
0.418204 9.99649E-05 0.0862574 9.99649E-05 9.99649E-05 0.00138584 0.205448 9.99649E-05 0.0350352 0.253269
0.538296 9.99562E-05 9.99562E-05 9.99562E-05 0.155253 0.128619 0.155037 9.99562E-05 0.0222957 9.99562E-05
0.426891 0.119581 0.0637722 9.99737E-05 9.99737E-05 0.0830861 0.133525 9.99737E-05 0.129457 0.0433866
0.516763 9.99737E-05 0.0182449 0.147874 0.000761458 0.041719 0.176247 9.99737E-05 9.99737E-05 0.0980909
0.152016 9.99561E-05 0.186428 9.99561E-05 9.99561E-05 0.0769942 0.55452 9.99561E-05 9.99561E-05 0.0295414
