9.99561E-05 9.99561E-05 9.99561E-05 0.164854 9.99561E-05 9.99561E-05 0.130103 0.0991342 0.10336 0.502049
9.99473E-05 9.99473E-05 0.0367021 0.143323 9.99473E-05 9.99473E-05 9.99473E-05 0.020882 9.99473E-05 0.798494
9.99473E-05 9.99473E-05 9.99473E-05 9.99473E-05 9.99473E-05 0.0385998 0.0810955 9.99473E-05 0.010279 0.869426
0.0211524 9.99824E-05 0.0506235 9.99824E-05 0.0532964 0.256114 0.121592 0.0216474 0.132894 0.34248
9.99385E-05 9.99385E-05 9.99385E-05 0.0371872 9.99385E-05 0.189959 9.99385E-05 9.99385E-05 9.99385E-05 0.772155
0.0306612 9.99649E-05 9.99649E-05 0.103265 0.180359 0.336748 0.0404705 9.99649E-05 9.99649E-05 0.308096
9.99737E-05 0.0148703 9.99737E-05 0.189155 9.99737E-05 0.11536 0.0519159 0.10011 0.221409 0.306879
9.99649E-05 0.151522 9.99649E-05 0.00684783 0.191049 0.296728 9.99649E-05 0.102552 9.99649E-05 0.250902
9.99649E-05 9.99649E-05 0.0124455 9.99649E-05 0.300503 0.0312953 0.283129 9.99649E-05 0.111973 0.260254
9.99385E-05 9.99385E-05 9.99385E-05 9.99385E-05 9.99385E-05 9.99385E-05 0.0376578 9.99385E-05 0.0777424 0.8839
9.99561E-05 9.99561E-05 0.00294588 9.99561E-05 0.0596483 9.99561E-05 0.19743 0.182507 9.99561E-05 0.556969
9.99649E-05 0.00630272 0.00413586 9.99649E-05 9.99649E-05 0.0590345 0.0042727 0.00820416 9.99649E-05 0.91765
9.99473E-05 9.99473E-05 9.99473E-05 9.99473E-05 0.0176225 0.0180744 0.147229 9.99473E-05 9.99473E-05 0.816474
0.206696 0.0531908 0.0156453 0.00382405 9.99737E-05 9.99737E-05 0.0739938 0.0506156 9.99737E-05 0.595735
0.0604425 9.99649E-05 9.99649E-05 0.0201715 0.192566 9.99649E-05 0.209825 9.99649E-05 0.107005 0.409591
9.99649E-05 0.112921 9.99649E-05 9.99649E-05 0.208141 0.171321 0.136141 9.99649E-05 0.027803 0.343273
0.111559 0.0189431 9.99649E-05 0.10703 9.99649E-05 9.99649E-05 0.0575716 9.99649E-05 0.151456 0.553039
9.99649E-05 9.99649E-05 0.12226 9.99649E-05 0.106149 9.99649E-05 0.260227 0.170521 0.0433667 0.297076
9.99649E-05 9.99649E-05 0.00686984 9.99649E-05 0.163989 0.0771769 0.26225 0.0873708 9.99649E-05 0.401944
9.99297E-05 9.99297E-05 0.00953019 9.99297E-05 9.99297E-05 9.99297E-05 9.99297E-05 9.99297E-05 9.99297E-05 0.98967
9.998E-05 0.0118701 0.00814455 9.998E-05 0.0574658 0.274177 0.0907583 0.0554714 0.0376192 0.464294
9.99824E-05 0.0230752 9.99824E-05 0.0572097 0.199304 0.321181 0.0125516 0.0888216 0.00679729 0.290859
9.99474E-05 9.99474E-05 9.99474E-05 0.0418269 9.99474E-05 9.99474E-05 0.151533 0.154778 9.99474E-05 0.651262
9.99473E-05 0.0462203 9.99473E-05 9.99473E-05 9.99473E-05 9.99473E-05 0.391396 9.99473E-05 0.150116 0.411668
0.0498632 0.000446036 0.103468 9.99736E-05 0.134941 9.99736E-05 0.292923 9.99736E-05 0.152384 0.265674
0.0316886 9.99561E-05 9.99561E-05 9.99561E-05 0.0748962 0.0423424 0.141977 9.99561E-05 9.99561E-05 0.708596
0.0788145 0.167609 9.99912E-05 0.0822067 0.0642672 0.0340318 0.265388 0.152306 0.0308584 0.124418
0.0358346 9.99561E-05 9.99561E-05 9.99561E-05 9.99561E-05 0.0784122 0.0520007 9.99561E-05 0.127164 0.706089
9.99561E-05 0.0154176 9.99561E-05 9.99561E-05 0.00312069 9.99561E-05 0.28935 0.0310848 9.99561E-05 0.660527
0.0540391 9.99473E-05 9.99473E-05 9.99473E-05 0.0466451 9.99473E-05 0.11835 9.99473E-05 9.99473E-05 0.780366
9.99473E-05 9.99473E-05 0.0379885 9.99473E-05 0.0873761 9.99473E-05 9.99473E-05 0.218741 9.99473E-05 0.655294
0.22883 0.00493609 9.99737E-05 9.99737E-05 0.00947277 0.143264 0.161017 0.0306291 9.99737E-05 0.421552
9.99561E-05 0.0592176 9.99561E-05 9.99561E-05 0.0429778 9.99561E-05 0.241544 0.150661 9.99561E-05 0.5051
0.136512 0.0370862 9.99649E-05 9.99649E-05 9.99649E-05 0.0949472 0.179068 0.081179 9.99649E-05 0.470808
9.99561E-05 9.99561E-05 0.0527174 0.0613212 9.99561E-05 9.99561E-05 0.0277656 0.0159664 9.99561E-05 0.84173
9.99737E-05 0.000827456 9.99737E-05 0.0522805 0.0130517 9.99737E-05 0.0326595 0.128661 0.140794 0.631426
9.99473E-05 0.0720503 0.018478 0.00971518 9.99473E-05 9.99473E-05 9.99473E-05 9.99473E-05 9.99473E-05 0.899157
9.99561E-05 9.99561E-05 0.0187529 0.0348178 0.16242 9.99561E-05 0.161166 9.99561E-05 9.99561E-05 0.622344
0.0636353 9.99649E-05 9.99649E-05 0.0245211 0.0105525 0.125025 0.248572 9.99649E-05 9.99649E-05 0.527294
0.0978812 0.164539 9.99473E-05 9.99473E-05 9.99473E-05 9.99473E-05 0.189819 9.99473E-05 9.99473E-05 0.547161
9.99474E-05 0.0855698 9.99474E-05 9.99474E-05 0.0113577 9.99474E-05 0.0764423 9.99474E-05 9.99474E-05 0.826031
9.99561E-05 9.99561E-05 9.99561E-05 0.0495439 0.0550277 9.99561E-05 0.182876 9.99561E-05 0.0731987 0.638854
0.0384786 9.99473E-05 9.99473E-05 0.0420274 9.99473E-05 0.0689683 9.99473E-05 9.99473E-05 9.99473E-05 0.849926
9.99737E-05 9.99737E-05 0.0183834 0.0315157 0.0710515 9.99737E-05 0.277468 0.124128 0.0768036 0.400349
9.99473E-05 9.99473E-05 9.99473E-05 9.99473E-05 9.99473E-05 0.242123 0.309408 9.99473E-05 0.12332 0.32455
9.99473E-05 9.99473E-05 0.054637 9.99473E-05 9.99473E-05 0.0669525 0.0549383 9.99473E-05 9.99473E-05 0.822873
9.99473E-05 9.99473E-05 9.99473E-05 9.99473E-05 0.0214631 9.99473E-05 0.073276 0.0600601 9.99473E-05 0.844601
9.99473E-05 0.0104071 0.0329167 9.99473E-05 9.99473E-05 9.99473E-05 0.0612056 9.99473E-05 9.99473E-05 0.894871
9.99473E-05 9.99473E-05 9.99473E-05 9.99473E-05 9.99473E-05 0.0905096 0.170605 0.0929307 9.99473E-05 0.645355
9.9965E-05 0.073323 0.037093 0.0108522 0.0130933 9.9965E-05 9.9965E-05 0.0732686 9.9965E-05 0.79197
0.0486113 9.99736E-05 9.99736E-05 9.99736E-05 0.0816056 0.0947239 0.298175 0.13362 0.0266237 0.31634
9.99649E-05 0.047459 0.198123 9.99649E-05 0.0451788 9.99649E-05 0.046007 9.99649E-05 0.0440998 0.618733
9.99649E-05 0.0231979 9.99649E-05 0.0142461 9.99649E-05 9.99649E-05 0.0532554 0.0286551 0.0252808 0.854965
0.00688188 0.240048 0.0646978 9.99737E-05 0.00586549 0.0191018 0.0618977 9.99737E-05 9.99737E-05 0.601208
9.99561E-05 0.0180804 9.99561E-05 9.99561E-05 9.99561E-05 0.0776535 0.135131 9.99561E-05 0.0142282 0.754407
0.0912812 0.0511574 0.120227 9.99561E-05 9.99561E-05 0.00961698 9.99561E-05 9.99561E-05 9.99561E-05 0.727218
9.99649E-05 9.99649E-05 9.99649E-05 0.116225 0.00805648 0.0810316 0.077402 0.0851482 9.99649E-05 0.631737
9.99473E-05 9.99473E-05 9.99473E-05 9.99473E-05 9.99473E-05 9.99473E-05 0.153669 0.0275317 0.0234644 0.794736
9.99561E-05 9.99561E-05 9.99561E-05 9.99561E-05 0.0214379 0.0646284 0.070947 0.0268919 9.99561E-05 0.815595
9.99649E-05 0.00843312 9.99649E-05 0.257111 0.0712584 9.99649E-05 0.341929 0.238681 9.99649E-05 0.0821878
9.99562E-05 0.0920442 9.99562E-05 0.245145 9.99562E-05 9.99562E-05 0.127349 9.99562E-05 0.172114 0.362847
0.0345994 0.0875299 9.99737E-05 0.394457 0.00991395 9.99737E-05 0.0380092 0.173774 9.99737E-05 0.261417
0.0105638 9.99649E-05 9.99649E-05 0.53934 0.149061 9.99649E-05 0.202769 0.0532158 0.0446508 9.99649E-05
9.999E-05 0.0855933 0.0611429 0.135226 0.12144 0.0395144 0.251088 0.0794431 0.109993 0.116459
9.99561E-05 9.99561E-05 9.99561E-05 0.242759 0.0734872 9.99561E-05 0.46126 0.150293 0.0717013 9.99561E-05
9.99561E-05 9.99561E-05 9.99561E-05 0.450973 9.99561E-05 9.99561E-05 0.272472 0.13594 0.10838 0.0317351
9.99561E-05 0.0559935 9.99561E-05 0.371534 0.130492 9.99561E-05 0.268362 0.173118 9.99561E-05 9.99561E-05
0.0218985 0.010158 9.99737E-05 0.453649 9.99737E-05 9.99737E-05 0.207271 0.0803789 0.041174 0.18517
9.996E-05 9.996E-05 9.996E-05 0.155564 0.0645422 9.996E-05 0.165252 0.129141 0.130558 0.354542
9.99473E-05 9.99473E-05 9.99473E-05 0.0891728 0.108004 9.99473E-05 0.511888 0.290336 9.99473E-05 9.99473E-05
9.99824E-05 0.133131 9.99824E-05 0.249051 0.000538281 0.0813118 0.315922 0.146321 0.0699617 0.003563
9.99737E-05 0.0651479 9.99737E-05 0.152814 0.102356 0.178059 0.215795 0.27124 9.99737E-05 0.0142891
9.99649E-05 0.0538098 9.99649E-05 0.293434 0.00835956 0.187204 0.429959 9.99649E-05 9.99649E-05 0.0268341
0.108866 0.142573 9.99737E-05 0.280368 9.99737E-05 9.99737E-05 0.112768 0.0483339 0.0305608 0.276231
0.103391 9.99737E-05 9.99737E-05 0.21335 0.0831086 9.99737E-05 0.216148 0.0669203 0.0782082 0.238574
9.99737E-05 0.102149 9.99737E-05 0.290616 0.0116398 0.124994 0.291082 0.0720537 0.107166 9.99737E-05
9.99649E-05 9.99649E-05 9.99649E-05 0.127951 0.150917 9.99649E-05 0.127708 0.293382 0.17296 0.126683
9.99737E-05 0.0164252 9.99737E-05 0.170771 0.039878 9.99737E-05 0.277597 0.25484 0.00099794 0.239191
9.99473E-05 0.126236 9.99473E-05 0.223304 9.99473E-05 9.99473E-05 0.496829 0.153032 9.99473E-05 9.99473E-05
0.0954028 0.0788507 9.99737E-05 0.268895 9.99737E-05 0.112747 0.142817 0.0170196 9.99737E-05 0.283968
9.99737E-05 0.0852384 9.99737E-05 0.352418 0.00972015 9.99737E-05 0.362331 0.0799525 0.055965 0.0540743
0.12327 0.0412689 9.99737E-05 0.137364 0.0580665 9.99737E-05 0.223716 0.171395 9.99737E-05 0.244619
9.99737E-05 0.0653923 9.99737E-05 9.99737E-05 0.149654 0.115582 0.173222 0.219699 0.127032 0.149118
9.99649E-05 9.99649E-05 9.99649E-05 0.00526121 0.0949529 0.0211029 0.266763 0.29572 9.99649E-05 0.3158
9.99737E-05 9.99737E-05 0.0475309 0.238683 0.0833331 0.0577632 0.225438 0.0219953 9.99737E-05 0.324957
9.99562E-05 9.99562E-05 9.99562E-05 0.26304 9.99562E-05 9.99562E-05 0.141765 0.059522 0.132105 0.403069
9.99825E-05 0.103469 0.0271418 0.200636 0.0333284 9.99825E-05 0.352376 0.0922455 0.00195251 0.188651
9.99649E-05 9.99649E-05 9.99649E-05 0.0451613 0.0909782 9.99649E-05 0.251218 0.223248 0.0641063 0.324888
0.136979 0.0791515 9.99649E-05 0.219977 0.129878 9.99649E-05 0.236444 9.99649E-05 9.99649E-05 0.197172
0.577316 9.99473E-05 9.99473E-05 9.99473E-05 0.163104 0.047241 0.211739 9.99473E-05 9.99473E-05 9.99473E-05
0.893991 9.99474E-05 0.0148833 9.99474E-05 0.0424359 9.99474E-05 0.04809 9.99474E-05 9.99474E-05 9.99474E-05
0.584876 9.9956E-05 9.9956E-05 9.9956E-05 0.0351362 0.0325145 0.264509 0.0824643 9.9956E-05 9.9956E-05
0.541488 9.9956E-05 0.0064286 9.9956E-05 0.158847 9.9956E-05 0.21477 0.0779665 9.9956E-05 9.9956E-05
0.590342 9.9956E-05 0.0218505 9.9956E-05 0.182216 9.9956E-05 0.0728541 9.9956E-05 0.132237 9.9956E-05
0.545125 9.99473E-05 9.99473E-05 0.0286139 0.17512 9.99473E-05 0.250541 9.99473E-05 9.99473E-05 9.99473E-05
0.523658 9.99473E-05 9.99473E-05 9.99473E-05 0.123012 9.99473E-05 0.199011 0.153719 9.99473E-05 9.99473E-05
0.415024 9.99473E-05 0.113531 9.99473E-05 0.348379 9.99473E-05 0.122467 9.99473E-05 9.99473E-05 9.99473E-05
0.186456 0.022232 9.99648E-05 0.153446 0.394342 9.99648E-05 0.159419 0.0837041 9.99648E-05 9.99648E-05
0.29793 9.99473E-05 9.99473E-05 9.99473E-05 0.262934 9.99473E-05 0.340124 0.0984124 9.99473E-05 9.99473E-05
0.690946 9.99473E-05 9.99473E-05 0.233889 0.0559755 9.99473E-05 0.0185899 9.99473E-05 9.99473E-05 9.99473E-05
0.664767 9.99649E-05 0.0323188 0.148098 0.0139377 9.99649E-05 0.112144 0.0283339 9.99649E-05 9.99649E-05
0.854898 9.99385E-05 9.99385E-05 9.99385E-05 0.138327 9.99385E-05 9.99385E-05 0.00607602 9.99385E-05 9.99385E-05
0.564633 9.99385E-05 9.99385E-05 9.99385E-05 0.207892 9.99385E-05 0.226776 9.99385E-05 9.99385E-05 9.99385E-05
0.626109 0.00787976 0.052472 9.99649E-05 0.0579784 9.99649E-05 0.0683742 0.186786 9.99649E-05 9.99649E-05
0.509462 0.000416563 9.99736E-05 0.0503418 0.124284 9.99736E-05 0.261918 0.0215116 0.0317657 9.99736E-05
0.418226 9.99648E-05 0.101377 0.255118 0.0112565 9.99648E-05 0.168895 0.0447285 9.99648E-05 9.99648E-05
0.681232 0.0176933 9.99737E-05 9.99737E-05 0.148599 0.0420087 9.99737E-05 0.0352999 0.0626922 0.0121758
0.780041 9.99473E-05 9.99473E-05 9.99473E-05 0.0571449 0.117347 9.99473E-05 0.0448677 9.99473E-05 9.99473E-05
0.520445 9.99561E-05 0.132059 9.99561E-05 0.046012 9.99561E-05 0.247354 9.99561E-05 0.0536297 9.99561E-05
0.607944 9.99473E-05 9.99473E-05 9.99473E-05 0.181167 0.0852989 0.12499 9.99473E-05 9.99473E-05 9.99473E-05
0.715733 9.99472E-05 9.99472E-05 9.99472E-05 0.130557 9.99472E-05 0.0667372 0.0863731 9.99472E-05 9.99472E-05
0.242912 9.99649E-05 0.157894 0.0431482 0.304618 0.0139525 0.237075 9.99649E-05 9.99649E-05 9.99649E-05
0.717138 9.99385E-05 9.99385E-05 9.99385E-05 0.233221 9.99385E-05 0.0489418 9.99385E-05 9.99385E-05 9.99385E-05
0.215997 9.99649E-05 0.028235 0.0486779 0.254888 0.109631 0.342171 9.99649E-05 9.99649E-05 9.99649E-05
0.646072 9.99562E-05 9.99562E-05 0.0331334 0.134639 9.99562E-05 0.166979 0.0186772 9.99562E-05 9.99562E-05
0.852927 9.99562E-05 0.0696443 9.99562E-05 9.99562E-05 9.99562E-05 0.0121245 9.99562E-05 0.0460285 0.0187759
0.415657 9.9956E-05 0.0292694 9.9956E-05 0.196904 0.107733 0.249937 9.9956E-05 9.9956E-05 9.9956E-05
0.399 9.99473E-05 0.00884099 9.99473E-05 0.259919 9.99473E-05 0.331641 9.99473E-05 9.99473E-05 9.99473E-05
0.672544 9.99473E-05 9.99473E-05 9.99473E-05 0.0420416 9.99473E-05 0.183579 0.101236 9.99473E-05 9.99473E-05
0.532692 0.0511858 0.00283717 9.996E-05 0.0909201 0.0430663 0.278899 9.996E-05 9.996E-05 9.996E-05
0.72323 0.0333412 0.0385547 9.9956E-05 9.9956E-05 9.9956E-05 0.187108 0.0172661 9.9956E-05 9.9956E-05
0.279276 9.99473E-05 0.213318 9.99473E-05 0.318727 9.99473E-05 0.188079 9.99473E-05 9.99473E-05 9.99473E-05
0.457014 9.99561E-05 0.0791318 9.99561E-05 0.169635 0.00991796 0.283801 9.99561E-05 9.99561E-05 9.99561E-05
0.76305 9.99385E-05 9.99385E-05 9.99385E-05 0.0184347 9.99385E-05 0.217815 9.99385E-05 9.99385E-05 9.99385E-05
0.676734 0.0914134 9.99648E-05 0.0280998 0.141641 9.99648E-05 9.99648E-05 0.0400268 0.0216849 9.99648E-05
0.411711 9.99472E-05 9.99472E-05 9.99472E-05 0.15274 9.99472E-05 0.360703 0.0742469 9.99472E-05 9.99472E-05
0.938561 9.99298E-05 9.99298E-05 9.99298E-05 0.0606399 9.99298E-05 9.99298E-05 9.99298E-05 9.99298E-05 9.99298E-05
0.845827 9.99386E-05 0.0454225 9.99386E-05 9.99386E-05 9.99386E-05 0.108051 9.99386E-05 9.99386E-05 9.99386E-05
0.910092 9.99474E-05 0.0240896 9.99474E-05 0.0248776 9.99474E-05 9.99474E-05 0.0403409 9.99474E-05 9.99474E-05
0.944329 9.99474E-05 0.0254486 0.0144152 0.0152074 9.99474E-05 9.99474E-05 9.99474E-05 9.99474E-05 9.99474E-05
0.314514 9.9956E-05 9.9956E-05 0.0715973 0.19628 0.0419798 0.375128 9.9956E-05 9.9956E-05 9.9956E-05
0.55286 9.99473E-05 9.99473E-05 0.0248528 0.264853 0.156834 9.99473E-05 9.99473E-05 9.99473E-05 9.99473E-05
0.707219 9.99474E-05 0.0344562 9.99474E-05 0.190972 9.99474E-05 0.0667536 9.99474E-05 9.99474E-05 9.99474E-05
0.952252 9.99386E-05 9.99386E-05 9.99386E-05 9.99386E-05 9.99386E-05 0.0378922 9.99386E-05 9.99386E-05 0.00915669
0.271452 9.99648E-05 0.160228 0.188179 0.276898 9.99648E-05 0.0733409 0.0295023 9.99648E-05 9.99648E-05
0.447333 9.99473E-05 9.99473E-05 9.99473E-05 0.189337 9.99473E-05 0.255871 0.106859 9.99473E-05 9.99473E-05
0.420561 0.152511 9.99649E-05 0.100281 0.202079 9.99649E-05 0.111037 9.99649E-05 0.0131309 9.99649E-05
0.293985 9.99561E-05 0.120163 9.99561E-05 0.330218 9.99561E-05 0.200225 0.0549092 9.99561E-05 9.99561E-05
0.986175 9.99298E-05 9.99298E-05 9.99298E-05 9.99298E-05 9.99298E-05 0.0130253 9.99298E-05 9.99298E-05 9.99298E-05
0.404387 0.0907507 9.9956E-05 9.9956E-05 0.0327803 9.9956E-05 0.313892 9.9956E-05 0.15769 9.9956E-05
0.751785 9.99474E-05 9.99474E-05 0.127135 0.0957584 0.0247214 9.99474E-05 9.99474E-05 9.99474E-05 9.99474E-05
0.679238 9.99473E-05 9.99473E-05 9.99473E-05 0.147069 9.99473E-05 0.15139 0.0217031 9.99473E-05 9.99473E-05
0.595368 0.236853 9.99561E-05 0.0014842 0.16323 9.99561E-05 0.0025655 9.99561E-05 9.99561E-05 9.99561E-05
0.642424 9.9956E-05 9.9956E-05 9.9956E-05 0.0122383 9.9956E-05 0.175291 0.142088 0.0274586 9.9956E-05
0.218987 9.99473E-05 9.99473E-05 0.212058 0.247817 9.99473E-05 0.320539 9.99473E-05 9.99473E-05 9.99473E-05
0.528435 9.99472E-05 0.0183888 9.99472E-05 0.257085 9.99472E-05 0.195492 9.99472E-05 9.99472E-05 9.99472E-05
0.585158 0.0744018 0.0646427 9.99736E-05 0.14876 9.99736E-05 0.0400674 0.0671276 0.0195425 9.99736E-05
0.664152 9.99561E-05 0.199705 9.99561E-05 0.000869435 9.99561E-05 0.107361 9.99561E-05 0.0274123 9.99561E-05
0.61057 9.99473E-05 9.99473E-05 0.0547852 0.238077 9.99473E-05 0.0959685 9.99473E-05 9.99473E-05 9.99473E-05
9.99207E-05 9.99207E-05 9.99207E-05 9.99207E-05 9.99207E-05 9.99207E-05 0.999101 9.99207E-05 9.99207E-05 9.99207E-05
9.99208E-05 9.99208E-05 9.99208E-05 9.99208E-05 0.999101 9.99208E-05 9.99208E-05 9.99208E-05 9.99208E-05 9.99208E-05
9.99208E-05 9.99208E-05 9.99208E-05 9.99208E-05 9.99208E-05 9.99208E-05 0.999101 9.99208E-05 9.99208E-05 9.99208E-05
9.99208E-05 9.99208E-05 9.99208E-05 9.99208E-05 0.999101 9.99208E-05 9.99208E-05 9.99208E-05 9.99208E-05 9.99208E-05
9.99208E-05 9.99208E-05 9.99208E-05 9.99208E-05 0.999101 9.99208E-05 9.99208E-05 9.99208E-05 9.99208E-05 9.99208E-05
9.99208E-05 9.99208E-05 9.99208E-05 9.99208E-05 0.999101 9.99208E-05 9.99208E-05 9.99208E-05 9.99208E-05 9.99208E-05
9.99207E-05 9.99207E-05 9.99207E-05 9.99207E-05 9.99207E-05 9.99207E-05 0.999101 9.99207E-05 9.99207E-05 9.99207E-05
9.99208E-05 9.99208E-05 9.99208E-05 9.99208E-05 0.999101 9.99208E-05 9.99208E-05 9.99208E-05 9.99208E-05 9.99208E-05
9.99208E-05 9.99208E-05 9.99208E-05 9.99208E-05 0.999101 9.99208E-05 9.99208E-05 9.99208E-05 9.99208E-05 9.99208E-05
9.99207E-05 9.99207E-05 9.99207E-05 9.99207E-05 9.99207E-05 9.99207E-05 0.999101 9.99207E-05 9.99207E-05 9.99207E-05
9.99208E-05 9.99208E-05 9.99208E-05 9.99208E-05 9.99208E-05 9.99208E-05 0.999101 9.99208E-05 9.99208E-05 9.99208E-05
9.99207E-05 9.99207E-05 9.99207E-05 9.99207E-05 9.99207E-05 9.99207E-05 0.999101 9.99207E-05 9.99207E-05 9.99207E-05
9.99208E-05 9.99208E-05 9.99208E-05 9.99208E-05 0.999101 9.99208E-05 9.99208E-05 9.99208E-05 9.99208E-05 9.99208E-05
9.99208E-05 9.99208E-05 9.99208E-05 9.99208E-05 0.999101 9.99208E-05 9.99208E-05 9.99208E-05 9.99208E-05 9.99208E-05
9.99208E-05 9.99208E-05 9.99208E-05 9.99208E-05 9.99208E-05 9.99208E-05 0.999101 9.99208E-05 9.99208E-05 9.99208E-05
9.99208E-05 9.99208E-05 9.99208E-05 9.99208E-05 9.99208E-05 9.99208E-05 0.999101 9.99208E-05 9.99208E-05 9.99208E-05
0.342592 0.0886693 0.0762034 9.997E-05 0.138156 0.0300281 0.195289 9.997E-05 0.128762 9.997E-05
9.99208E-05 9.99208E-05 9.99208E-05 9.99208E-05 9.99208E-05 9.99208E-05 0.999101 9.99208E-05 9.99208E-05 9.99208E-05
9.99208E-05 9.99208E-05 9.99208E-05 9.99208E-05 0.999101 9.99208E-05 9.99208E-05 9.99208E-05 9.99208E-05 9.99208E-05
9.99208E-05 9.99208E-05 9.99208E-05 9.99208E-05 9.99208E-05 9.99208E-05 0.999101 9.99208E-05 9.99208E-05 9.99208E-05
9.99208E-05 9.99208E-05 9.99208E-05 9.99208E-05 9.99208E-05 9.99208E-05 0.999101 9.99208E-05 9.99208E-05 9.99208E-05
9.99207E-05 9.99207E-05 9.99207E-05 9.99207E-05 9.99207E-05 9.99207E-05 0.999101 9.99207E-05 9.99207E-05 9.99207E-05
9.99207E-05 9.99207E-05 9.99207E-05 9.99207E-05 0.999101 9.99207E-05 9.99207E-05 9.99207E-05 9.99207E-05 9.99207E-05
9.99208E-05 9.99208E-05 9.99208E-05 9.99208E-05 9.99208E-05 9.99208E-05 0.999101 9.99208E-05 9.99208E-05 9.99208E-05
9.99208E-05 9.99208E-05 9.99208E-05 9.99208E-05 0.999101 9.99208E-05 9.99208E-05 9.99208E-05 9.99208E-05 9.99208E-05
9.99208E-05 9.99208E-05 9.99208E-05 9.99208E-05 9.99208E-05 9.99208E-05 0.999101 9.99208E-05 9.99208E-05 9.99208E-05
9.99208E-05 9.99208E-05 9.99208E-05 9.99208E-05 9.99208E-05 9.99208E-05 0.999101 9.99208E-05 9.99208E-05 9.99208E-05
9.99207E-05 9.99207E-05 9.99207E-05 9.99207E-05 0.999101 9.99207E-05 9.99207E-05 9.99207E-05 9.99207E-05 9.99207E-05
9.99208E-05 9.99208E-05 9.99208E-05 9.99208E-05 0.999101 9.99208E-05 9.99208E-05 9.99208E-05 9.99208E-05 9.99208E-05
9.99208E-05 9.99208E-05 9.99208E-05 9.99208E-05 0.999101 9.99208E-05 9.99208E-05 9.99208E-05 9.99208E-05 9.99208E-05
9.99208E-05 9.99208E-05 9.99208E-05 9.99208E-05 9.99208E-05 9.99208E-05 0.999101 9.99208E-05 9.99208E-05 9.99208E-05
9.99208E-05 9.99208E-05 9.99208E-05 9.99208E-05 9.99208E-05 9.99208E-05 0.999101 9.99208E-05 9.99208E-05 9.99208E-05
9.99207E-05 9.99207E-05 9.99207E-05 9.99207E-05 9.99207E-05 9.99207E-05 0.999101 9.99207E-05 9.99207E-05 9.99207E-05
9.99207E-05 9.99207E-05 9.99207E-05 9.99207E-05 9.99207E-05 9.99207E-05 0.999101 9.99207E-05 9.99207E-05 9.99207E-05
9.99208E-05 9.99208E-05 9.99208E-05 9.99208E-05 9.99208E-05 9.99208E-05 0.999101 9.99208E-05 9.99208E-05 9.99208E-05
9.99208E-05 9.99208E-05 9.99208E-05 9.99208E-05 0.999101 9.99208E-05 9.99208E-05 9.99208E-05 9.99208E-05 9.99208E-05
9.99208E-05 9.99208E-05 9.99208E-05 9.99208E-05 0.999101 9.99208E-05 9.99208E-05 9.99208E-05 9.99208E-05 9.99208E-05
9.99208E-05 9.99208E-05 9.99208E-05 9.99208E-05 0.999101 9.99208E-05 9.99208E-05 9.99208E-05 9.99208E-05 9.99208E-05
9.99208E-05 9.99208E-05 9.99208E-05 9.99208E-05 9.99208E-05 9.99208E-05 0.999101 9.99208E-05 9.99208E-05 9.99208E-05
9.99208E-05 9.99208E-05 9.99208E-05 9.99208E-05 0.999101 9.99208E-05 9.99208E-05 9.99208E-05 9.99208E-05 9.99208E-05
9.99208E-05 9.99208E-05 9.99208E-05 9.99208E-05 0.999101 9.99208E-05 9.99208E-05 9.99208E-05 9.99208E-05 9.99208E-05
9.99208E-05 9.99208E-05 9.99208E-05 9.99208E-05 0.999101 9.99208E-05 9.99208E-05 9.99208E-05 9.99208E-05 9.99208E-05
9.99208E-05 9.99208E-05 9.99208E-05 9.99208E-05 0.999101 9.99208E-05 9.99208E-05 9.99208E-05 9.99208E-05 9.99208E-05
9.99207E-05 9.99207E-05 9.99207E-05 9.99207E-05 9.99207E-05 9.99207E-05 0.999101 9.99207E-05 9.99207E-05 9.99207E-05
9.99208E-05 9.99208E-05 9.99208E-05 9.99208E-05 0.999101 9.99208E-05 9.99208E-05 9.99208E-05 9.99208E-05 9.99208E-05
9.99208E-05 9.99208E-05 9.99208E-05 9.99208E-05 0.999101 9.99208E-05 9.99208E-05 9.99208E-05 9.99208E-05 9.99208E-05
0.368868 0.11 0.147384 9.99648E-05 0.0595682 9.99648E-05 0.166946 9.99648E-05 0.146835 9.99648E-05
9.99207E-05 9.99207E-05 9.99207E-05 9.99207E-05 9.99207E-05 9.99207E-05 0.999101 9.99207E-05 9.99207E-05 9.99207E-05
9.99208E-05 9.99208E-05 9.99208E-05 9.99208E-05 0.999101 9.99208E-05 9.99208E-05 9.99208E-05 9.99208E-05 9.99208E-05
9.99207E-05 9.99207E-05 9.99207E-05 9.99207E-05 0.999101 9.99207E-05 9.99207E-05 9.99207E-05 9.99207E-05 9.99207E-05
9.99208E-05 9.99208E-05 9.99208E-05 9.99208E-05 0.999101 9.99208E-05 9.99208E-05 9.99208E-05 9.99208E-05 9.99208E-05
9.99208E-05 9.99208E-05 9.99208E-05 9.99208E-05 0.999101 9.99208E-05 9.99208E-05 9.99208E-05 9.99208E-05 9.99208E-05
9.99207E-05 9.99207E-05 9.99207E-05 9.99207E-05 9.99207E-05 9.99207E-05 0.999101 9.99207E-05 9.99207E-05 9.99207E-05
9.99208E-05 9.99208E-05 9.99208E-05 9.99208E-05 0.999101 9.99208E-05 9.99208E-05 9.99208E-05 9.99208E-05 9.99208E-05
9.99207E-05 9.99207E-05 9.99207E-05 9.99207E-05 9.99207E-05 9.99207E-05 0.999101 9.99207E-05 9.99207E-05 9.99207E-05
9.99208E-05 9.99208E-05 9.99208E-05 9.99208E-05 0.999101 9.99208E-05 9.99208E-05 9.99208E-05 9.99208E-05 9.99208E-05
9.99207E-05 9.99207E-05 9.99207E-05 9.99207E-05 9.99207E-05 9.99207E-05 0.999101 9.99207E-05 9.99207E-05 9.99207E-05
9.99208E-05 9.99208E-05 9.99208E-05 9.99208E-05 0.999101 9.99208E-05 9.99208E-05 9.99208E-05 9.99208E-05 9.99208E-05
9.99208E-05 9.99208E-05 9.99208E-05 9.99208E-05 0.999101 9.99208E-05 9.99208E-05 9.99208E-05 9.99208E-05 9.99208E-05
9.99207E-05 9.99207E-05 9.99207E-05 9.99207E-05 0.999101 9.99207E-05 9.99207E-05 9.99207E-05 9.99207E-05 9.99207E-05
9.99208E-05 9.99208E-05 9.99208E-05 9.99208E-05 0.999101 9.99208E-05 9.99208E-05 9.99208E-05 9.99208E-05 9.99208E-05
9.99208E-05 9.99208E-05 9.99208E-05 9.99208E-05 0.999101 9.99208E-05 9.99208E-05 9.99208E-05 9.99208E-05 9.99208E-05
9.99208E-05 9.99208E-05 9.99208E-05 9.99208E-05 0.999101 9.99208E-05 9.99208E-05 9.99208E-05 9.99208E-05 9.99208E-05
9.99207E-05 9.99207E-05 9.99207E-05 9.99207E-05 9.99207E-05 9.99207E-05 0.999101 9.99207E-05 9.99207E-05 9.99207E-05
9.99207E-05 9.99207E-05 9.99207E-05 9.99207E-05 9.99207E-05 9.99207E-05 0.999101 9.99207E-05 9.99207E-05 9.99207E-05
9.99208E-05 9.99208E-05 9.99208E-05 9.99208E-05 9.99208E-05 9.99208E-05 0.999101 9.99208E-05 9.99208E-05 9.99208E-05
9.99208E-05 9.99208E-05 9.99208E-05 9.99208E-05 0.999101 9.99208E-05 9.99208E-05 9.99208E-05 9.99208E-05 9.99208E-05
9.99208E-05 9.99208E-05 9.99208E-05 9.99208E-05 9.99208E-05 9.99208E-05 0.999101 9.99208E-05 9.99208E-05 9.99208E-05
9.99208E-05 9.99208E-05 9.99208E-05 9.99208E-05 9.99208E-05 9.99208E-05 0.999101 9.99208E-05 9.99208E-05 9.99208E-05
9.99208E-05 9.99208E-05 9.99208E-05 9.99208E-05 9.99208E-05 9.99208E-05 0.999101 9.99208E-05 9.99208E-05 9.99208E-05
9.99208E-05 9.99208E-05 9.99208E-05 9.99208E-05 0.999101 9.99208E-05 9.99208E-05 9.99208E-05 9.99208E-05 9.99208E-05
9.99208E-05 9.99208E-05 9.99208E-05 9.99208E-05 0.999101 9.99208E-05 9.99208E-05 9.99208E-05 9.99208E-05 9.99208E-05
9.99208E-05 9.99208E-05 9.99208E-05 9.99208E-05 0.999101 9.99208E-05 9.99208E-05 9.99208E-05 9.99208E-05 9.99208E-05
9.99207E-05 9.99207E-05 9.99207E-05 9.99207E-05 9.99207E-05 9.99207E-05 0.999101 9.99207E-05 9.99207E-05 9.99207E-05
9.99208E-05 9.99208E-05 9.99208E-05 9.99208E-05 0.999101 9.99208E-05 9.99208E-05 9.99208E-05 9.99208E-05 9.99208E-05
9.99208E-05 9.99208E-05 9.99208E-05 9.99208E-05 0.999101 9.99208E-05 9.99208E-05 9.99208E-05 9.99208E-05 9.99208E-05
9.99207E-05 9.99207E-05 9.99207E-05 9.99207E-05 9.99207E-05 9.99207E-05 0.999101 9.99207E-05 9.99207E-05 9.99207E-05
9.99208E-05 9.99208E-05 9.99208E-05 9.99208E-05 0.999101 9.99208E-05 9.99208E-05 9.99208E-05 9.99208E-05 9.99208E-05
9.99208E-05 9.99208E-05 9.99208E-05 9.99208E-05 0.999101 9.99208E-05 9.99208E-05 9.99208E-05 9.99208E-05 9.99208E-05
0.168717 0.0919212 0.00941377 0.0591032 0.107455 9.99824E-05 0.323832 0.219158 0.0201992 9.99824E-05
9.99207E-05 9.99207E-05 9.99207E-05 9.99207E-05 9.99207E-05 9.99207E-05 0.999101 9.99207E-05 9.99207E-05 9.99207E-05
9.99208E-05 9.99208E-05 9.99208E-05 9.99208E-05 0.999101 9.99208E-05 9.99208E-05 9.99208E-05 9.99208E-05 9.99208E-05
0.391841 0.0993106 9.99473E-05 9.99473E-05 0.426605 9.99473E-05 0.081644 9.99473E-05 9.99473E-05 9.99473E-05
0.35366 9.996E-05 0.0372179 9.996E-05 0.30189 0.0688506 0.204492 9.996E-05 0.0334886 9.996E-05
0.308272 9.99472E-05 0.0569133 9.99472E-05 0.206261 9.99472E-05 0.427954 9.99472E-05 9.99472E-05 9.99472E-05
0.534319 0.0538426 0.0669175 9.99472E-05 9.99472E-05 9.99472E-05 0.344321 9.99472E-05 9.99472E-05 9.99472E-05
0.316124 9.99472E-05 9.99472E-05 0.0253418 0.306885 9.99472E-05 0.351049 9.99472E-05 9.99472E-05 9.99472E-05
0.738825 9.99475E-05 9.99475E-05 9.99475E-05 0.200545 0.0215671 9.99475E-05 9.99475E-05 9.99475E-05 0.0384633
0.260842 9.99473E-05 9.99473E-05 9.99473E-05 0.33057 9.99473E-05 0.28807 9.99473E-05 0.119918 9.99473E-05
0.498656 9.9956E-05 0.0471291 9.9956E-05 0.166328 9.9956E-05 0.121255 0.166133 9.9956E-05 9.9956E-05
0.747396 9.99386E-05 9.99386E-05 9.99386E-05 0.211968 9.99386E-05 0.0399362 9.99386E-05 9.99386E-05 9.99386E-05
0.649254 9.99473E-05 9.99473E-05 9.99473E-05 9.99473E-05 0.078066 0.189152 9.99473E-05 0.0829285 9.99473E-05
0.542113 9.994E-05 9.994E-05 9.994E-05 0.113746 9.994E-05 0.270907 0.0726341 9.994E-05 9.994E-05
0.32034 9.99385E-05 9.99385E-05 9.99385E-05 0.608443 9.99385E-05 0.0705176 9.99385E-05 9.99385E-05 9.99385E-05
0.152448 0.219901 9.99649E-05 0.062089 0.170144 9.99649E-05 0.378823 9.99649E-05 0.0161964 9.99649E-05
0.743757 9.9956E-05 0.128484 9.9956E-05 0.0904306 0.00475331 9.9956E-05 0.0320756 9.9956E-05 9.9956E-05
0.510641 9.99472E-05 9.99472E-05 9.99472E-05 0.157638 0.0486492 0.282472 9.99472E-05 9.99472E-05 9.99472E-05
0.364717 9.99649E-05 9.99649E-05 0.0583347 0.307462 0.0583437 0.185441 0.025301 9.99649E-05 9.99649E-05
0.558352 9.99561E-05 0.0221898 0.057721 0.232275 9.99561E-05 0.128962 9.99561E-05 9.99561E-05 9.99561E-05
0.272476 0.0111542 9.9956E-05 9.9956E-05 0.151584 9.9956E-05 0.412699 0.151587 9.9956E-05 9.9956E-05
0.413087 9.99648E-05 0.121851 0.212279 0.165308 0.0747432 0.0123314 9.99648E-05 9.99648E-05 9.99648E-05
0.275405 9.99472E-05 9.99472E-05 9.99472E-05 0.239931 0.212129 0.271936 9.99472E-05 9.99472E-05 9.99472E-05
0.473625 9.9956E-05 9.9956E-05 0.048364 0.130155 0.175797 0.171558 9.9956E-05 9.9956E-05 9.9956E-05
0.621314 0.0620472 9.99473E-05 9.99473E-05 0.291252 0.0247873 9.99473E-05 9.99473E-05 9.99473E-05 9.99473E-05
0.317938 0.0767426 0.0350389 9.997E-05 0.189261 0.0407121 0.212664 0.127343 9.997E-05 9.997E-05
0.574703 9.99472E-05 9.99472E-05 9.99472E-05 0.176854 0.110675 0.137168 9.99472E-05 9.99472E-05 9.99472E-05
0.656945 9.99648E-05 9.99648E-05 0.065572 0.10588 0.0433427 0.0599172 0.067944 9.99648E-05 9.99648E-05
0.873828 9.99386E-05 9.99386E-05 0.0956356 0.0298369 9.99386E-05 9.99386E-05 9.99386E-05 9.99386E-05 9.99386E-05
0.531483 9.99472E-05 9.99472E-05 9.99472E-05 0.0652793 0.281514 0.121123 9.99472E-05 9.99472E-05 9.99472E-05
0.325062 9.99473E-05 9.99473E-05 9.99473E-05 0.319877 9.99473E-05 0.301817 9.99473E-05 0.0526441 9.99473E-05
0.634662 0.0496781 9.99472E-05 9.99472E-05 9.99472E-05 0.173337 0.141723 9.99472E-05 9.99472E-05 9.99472E-05
0.416076 9.99561E-05 0.0770282 9.99561E-05 0.212551 9.99561E-05 0.125518 0.168327 9.99561E-05 9.99561E-05
0.201297 9.9956E-05 9.9956E-05 0.0768712 0.441128 0.180038 0.100166 9.9956E-05 9.9956E-05 9.9956E-05
0.533301 9.99561E-05 9.99561E-05 0.00267142 0.302746 0.00819873 0.152583 9.99561E-05 9.99561E-05 9.99561E-05
0.349667 9.9956E-05 9.9956E-05 0.151691 0.213397 0.109946 0.174798 9.9956E-05 9.9956E-05 9.9956E-05
0.397219 9.99473E-05 9.99473E-05 9.99473E-05 0.183536 0.221132 0.197514 9.99473E-05 9.99473E-05 9.99473E-05
0.441115 9.9956E-05 9.9956E-05 9.9956E-05 0.158931 0.0136388 0.208099 0.177716 9.9956E-05 9.9956E-05
0.554379 0.00129244 9.99561E-05 9.99561E-05 0.0324741 0.0811353 0.330219 9.99561E-05 9.99561E-05 9.99561E-05
0.999101 9.99209E-05 9.99209E-05 9.99209E-05 9.99209E-05 9.99209E-05 9.99209E-05 9.99209E-05 9.99209E-05 9.99209E-05
0.366145 0.110487 9.99736E-05 0.0570453 0.0111723 9.99736E-05 0.311461 0.131975 0.0114151 9.99736E-05
0.673281 0.122332 0.0356443 9.99648E-05 0.0331496 9.99648E-05 0.0893364 0.0458568 9.99648E-05 9.99648E-05
0.31161 9.99561E-05 9.99561E-05 0.0212191 0.218805 0.326215 0.12165 9.99561E-05 9.99561E-05 9.99561E-05
0.503882 9.99472E-05 9.99472E-05 9.99472E-05 0.117356 0.0308309 0.347332 9.99472E-05 9.99472E-05 9.99472E-05
0.591426 9.99561E-05 0.011671 9.99561E-05 0.0874803 0.167198 0.141725 9.99561E-05 9.99561E-05 9.99561E-05
0.338932 9.9956E-05 9.9956E-05 9.9956E-05 0.352881 0.0699221 0.156986 9.9956E-05 0.0807782 9.9956E-05
0.21564 9.99561E-05 9.99561E-05 0.0382023 0.568485 0.100239 0.0769343 9.99561E-05 9.99561E-05 9.99561E-05
0.18678 9.9956E-05 9.9956E-05 0.0276318 0.385222 9.9956E-05 0.382282 0.017584 9.9956E-05 9.9956E-05
0.534966 9.9956E-05 9.9956E-05 9.9956E-05 0.195531 0.112156 0.154868 0.00197961 9.9956E-05 9.9956E-05
0.999101 9.99209E-05 9.99209E-05 9.99209E-05 9.99209E-05 9.99209E-05 9.99209E-05 9.99209E-05 9.99209E-05 9.99209E-05
0.616099 9.9956E-05 0.048258 9.9956E-05 0.230788 0.0753389 0.0290164 9.9956E-05 9.9956E-05 9.9956E-05
0.999101 9.9921E-05 9.9921E-05 9.9921E-05 9.9921E-05 9.9921E-05 9.9921E-05 9.9921E-05 9.9921E-05 9.9921E-05
0.238606 0.128078 9.99736E-05 0.236713 0.158023 0.00201703 0.226299 0.00996384 9.99736E-05 9.99736E-05
0.881398 9.99385E-05 9.99385E-05 0.113238 9.99385E-05 9.99385E-05 9.99385E-05 0.00466535 9.99385E-05 9.99385E-05
0.46018 9.99473E-05 9.99473E-05 0.0150674 9.99473E-05 9.99473E-05 0.452842 0.0713113 9.99473E-05 9.99473E-05
0.265777 9.99472E-05 9.99472E-05 0.245117 9.99472E-05 0.206182 0.282324 9.99472E-05 9.99472E-05 9.99472E-05
0.451857 9.99473E-05 9.99473E-05 0.247992 0.167264 9.99473E-05 0.132287 9.99473E-05 9.99473E-05 9.99473E-05
0.584042 9.99472E-05 9.99472E-05 9.99472E-05 0.135266 0.218382 0.06171 9.99472E-05 9.99472E-05 9.99472E-05
0.557682 9.99385E-05 9.99385E-05 9.99385E-05 0.364028 9.99385E-05 0.0775907 9.99385E-05 9.99385E-05 9.99385E-05
0.70051 9.99474E-05 9.99474E-05 0.0698117 0.0102455 9.99474E-05 0.218834 9.99474E-05 9.99474E-05 9.99474E-05
0.735019 9.99298E-05 9.99298E-05 9.99298E-05 0.264181 9.99298E-05 9.99298E-05 9.99298E-05 9.99298E-05 9.99298E-05
0.506152 9.99473E-05 0.0431435 9.99473E-05 0.210031 9.99473E-05 0.240074 9.99473E-05 9.99473E-05 9.99473E-05
0.45328 9.99473E-05 9.99473E-05 0.127456 0.222609 9.99473E-05 0.196055 9.99473E-05 9.99473E-05 9.99473E-05
0.988409 9.99297E-05 9.99297E-05 9.99297E-05 9.99297E-05 9.99297E-05 0.0107918 9.99297E-05 9.99297E-05 9.99297E-05
0.89455 9.99298E-05 9.99298E-05 9.99298E-05 0.10465 9.99298E-05 9.99298E-05 9.99298E-05 9.99298E-05 9.99298E-05
0.816849 9.99649E-05 0.0368172 9.99649E-05 0.00554808 9.99649E-05 0.120678 9.99649E-05 0.0140794 0.00562846
0.549002 9.9956E-05 9.9956E-05 9.9956E-05 0.0931622 9.9956E-05 0.196588 0.122623 0.0381261 9.9956E-05
0.524448 9.99472E-05 0.153618 9.99472E-05 0.254279 9.99472E-05 0.067056 9.99472E-05 9.99472E-05 9.99472E-05
0.550168 0.0406439 9.99561E-05 9.99561E-05 0.258928 0.0849923 0.0647688 9.99561E-05 9.99561E-05 9.99561E-05
0.933084 9.99386E-05 9.99386E-05 9.99386E-05 0.0380265 9.99386E-05 0.0281904 9.99386E-05 9.99386E-05 9.99386E-05
0.267617 9.99649E-05 0.0131606 0.105664 0.353047 0.0637922 0.196319 9.99649E-05 9.99649E-05 9.99649E-05
0.512314 9.9956E-05 0.0318316 9.9956E-05 0.0524099 9.9956E-05 0.396608 0.00633648 9.9956E-05 9.9956E-05
0.695688 9.99386E-05 0.0571833 0.246429 9.99386E-05 9.99386E-05 9.99386E-05 9.99386E-05 9.99386E-05 9.99386E-05
0.477876 9.9956E-05 0.0537559 0.198053 0.0309154 9.9956E-05 0.2389 9.9956E-05 9.9956E-05 9.9956E-05
0.765037 9.99474E-05 9.99474E-05 0.0363614 9.99474E-05 9.99474E-05 0.100567 9.99474E-05 9.99474E-05 0.0974352
0.377601 9.99385E-05 9.99385E-05 9.99385E-05 0.317519 9.99385E-05 0.304181 9.99385E-05 9.99385E-05 9.99385E-05
0.469877 0.19875 0.049375 0.213511 9.99561E-05 9.99561E-05 9.99561E-05 0.067987 9.99561E-05 9.99561E-05
0.856524 9.99386E-05 9.99386E-05 0.0299382 9.99386E-05 9.99386E-05 0.112839 9.99386E-05 9.99386E-05 9.99386E-05
0.473371 9.99473E-05 9.99473E-05 0.257547 0.164123 9.99473E-05 0.104361 9.99473E-05 9.99473E-05 9.99473E-05
0.841366 9.99386E-05 9.99386E-05 0.141038 9.99386E-05 9.99386E-05 9.99386E-05 9.99386E-05 9.99386E-05 0.0168961
0.692258 9.99472E-05 9.99472E-05 9.99472E-05 9.99472E-05 0.113853 0.172542 0.0207477 9.99472E-05 9.99472E-05
0.700857 9.99299E-05 9.99299E-05 0.298343 9.99299E-05 9.99299E-05 9.99299E-05 9.99299E-05 9.99299E-05 9.99299E-05
0.405695 9.99648E-05 9.99648E-05 0.00512292 0.418553 0.0467583 0.0213097 0.102161 9.99648E-05 9.99648E-05
0.573737 9.99736E-05 0.0208796 9.99736E-05 0.246042 0.0751657 0.00454741 0.00191429 0.0774138 9.99736E-05
0.412925 9.99649E-05 0.0395947 9.99649E-05 0.217557 0.196129 0.0678746 0.0655204 9.99649E-05 9.99649E-05
0.840094 9.99298E-05 9.99298E-05 0.159106 9.99298E-05 9.99298E-05 9.99298E-05 9.99298E-05 9.99298E-05 9.99298E-05
0.457974 9.99474E-05 9.99474E-05 0.0885406 0.332665 9.99474E-05 0.120222 9.99474E-05 9.99474E-05 9.99474E-05
0.396073 9.99561E-05 0.206488 0.281197 0.0996298 9.99561E-05 9.99561E-05 9.99561E-05 0.016112 9.99561E-05
0.819515 9.99385E-05 9.99385E-05 0.112255 9.99385E-05 9.99385E-05 0.0675301 9.99385E-05 9.99385E-05 9.99385E-05
0.531965 9.99561E-05 0.000719003 9.99561E-05 0.0535962 9.99561E-05 0.230359 0.182862 9.99561E-05 9.99561E-05
0.307621 9.99473E-05 9.99473E-05 9.99473E-05 0.413199 9.99473E-05 0.255474 0.023107 9.99473E-05 9.99473E-05
0.454058 9.99473E-05 9.99473E-05 9.99473E-05 0.119514 9.99473E-05 0.310611 9.99473E-05 0.115217 9.99473E-05
0.38352 9.9956E-05 0.0765643 9.9956E-05 0.220475 9.9956E-05 0.302834 0.0161066 9.9956E-05 9.9956E-05
0.536849 9.99649E-05 0.181025 0.0212687 0.0367754 9.99649E-05 0.184273 9.99649E-05 0.039409 9.99649E-05
0.248419 9.9956E-05 9.9956E-05 0.208233 0.0473691 9.9956E-05 0.37531 0.12017 9.9956E-05 9.9956E-05
0.308576 9.99561E-05 9.99561E-05 0.0748476 0.422443 9.99561E-05 0.146808 9.99561E-05 0.0468264 9.99561E-05
0.358564 9.99648E-05 0.137255 0.242918 0.0546122 9.99648E-05 0.053368 0.152883 9.99648E-05 9.99648E-05
0.609718 9.99385E-05 9.99385E-05 0.118091 0.271491 9.99385E-05 9.99385E-05 9.99385E-05 9.99385E-05 9.99385E-05
0.784744 9.99298E-05 9.99298E-05 0.214456 9.99298E-05 9.99298E-05 9.99298E-05 9.99298E-05 9.99298E-05 9.99298E-05
0.36883 9.9956E-05 0.0329633 9.9956E-05 0.302077 0.286223 9.9956E-05 9.9956E-05 0.00940641 9.9956E-05
0.35751 9.99472E-05 9.99472E-05 9.99472E-05 0.0647789 0.240314 0.336797 9.99472E-05 9.99472E-05 9.99472E-05
0.517492 0.0363623 9.99473E-05 9.99473E-05 9.99473E-05 9.99473E-05 0.387994 0.0575525 9.99473E-05 9.99473E-05
0.235129 9.99561E-05 9.99561E-05 0.0602847 0.140275 0.0257893 0.538022 9.99561E-05 9.99561E-05 9.99561E-05
0.347495 0.0670528 0.0330988 9.99736E-05 0.275769 0.0697802 9.99736E-05 0.181815 0.0246894 9.99736E-05
0.463919 9.99561E-05 0.0327091 9.99561E-05 0.0672909 9.99561E-05 0.393498 9.99561E-05 0.0420826 9.99561E-05
0.357224 0.0103824 0.178188 0.0922993 0.0812542 9.99736E-05 0.151195 0.129157 9.99736E-05 9.99736E-05
0.78849 9.99474E-05 9.99474E-05 0.105831 0.0952364 9.99474E-05 9.99474E-05 9.99474E-05 9.99474E-05 0.00984357
0.685894 9.99562E-05 0.0269029 0.0986321 0.0793433 9.99562E-05 0.108728 9.99562E-05 9.99562E-05 9.99562E-05
0.491005 9.99473E-05 9.99473E-05 0.0835826 0.188754 9.99473E-05 0.236059 9.99473E-05 9.99473E-05 9.99473E-05
0.225331 0.0977094 0.106623 0.207204 9.99648E-05 9.99648E-05 0.291122 0.0716112 9.99648E-05 9.99648E-05
0.842126 9.99299E-05 9.99299E-05 0.157074 9.99299E-05 9.99299E-05 9.99299E-05 9.99299E-05 9.99299E-05 9.99299E-05
0.907555 9.99299E-05 9.99299E-05 0.0916455 9.99299E-05 9.99299E-05 9.99299E-05 9.99299E-05 9.99299E-05 9.99299E-05
0.636303 9.99648E-05 0.0936876 9.99648E-05 0.052976 0.104901 0.0127555 0.0989767 9.99648E-05 9.99648E-05
0.698899 9.99473E-05 0.0623635 9.99473E-05 0.100592 9.99473E-05 0.137545 9.99473E-05 9.99473E-05 9.99473E-05
0.770215 9.99385E-05 0.021248 9.99385E-05 9.99385E-05 9.99385E-05 0.207837 9.99385E-05 9.99385E-05 9.99385E-05
0.481169 9.99472E-05 9.99472E-05 9.99472E-05 0.150666 0.0435235 0.324042 9.99472E-05 9.99472E-05 9.99472E-05
0.452803 0.00715437 9.99648E-05 9.99648E-05 0.12714 0.0868521 0.262061 9.99648E-05 0.0635903 9.99648E-05
0.333943 0.0521244 0.106606 9.99649E-05 9.99649E-05 9.99649E-05 0.373189 0.130915 0.00282179 9.99649E-05
0.516827 9.99385E-05 9.99385E-05 0.156967 0.325506 9.99385E-05 9.99385E-05 9.99385E-05 9.99385E-05 9.99385E-05
0.547563 9.99648E-05 0.0235359 0.0439228 0.131588 0.0318467 0.221143 9.99648E-05 9.99648E-05 9.99648E-05
0.432461 9.99473E-05 9.99473E-05 9.99473E-05 0.0332399 9.99473E-05 0.370849 0.16285 9.99473E-05 9.99473E-05
0.882534 9.99473E-05 0.00827552 9.99473E-05 9.99473E-05 9.99473E-05 0.0251481 0.0834423 9.99473E-05 9.99473E-05
0.23702 0.0702786 0.0729313 0.101829 9.99736E-05 0.052827 0.400079 9.99736E-05 0.0647357 9.99736E-05
0.502208 9.99472E-05 9.99472E-05 9.99472E-05 9.99472E-05 0.111041 0.326784 0.0593673 9.99472E-05 9.99472E-05
0.432126 9.99472E-05 9.99472E-05 9.99472E-05 0.24845 9.99472E-05 0.213471 0.105353 9.99472E-05 9.99472E-05
0.307891 9.99649E-05 9.99649E-05 0.219481 0.158801 0.122163 0.175826 9.99649E-05 0.0154373 9.99649E-05
0.480152 9.99561E-05 9.99561E-05 9.99561E-05 0.202405 0.188489 0.125105 0.00334984 9.99561E-05 9.99561E-05
0.633857 9.99386E-05 9.99386E-05 0.346979 0.0184641 9.99386E-05 9.99386E-05 9.99386E-05 9.99386E-05 9.99386E-05
0.364752 9.99473E-05 9.99473E-05 9.99473E-05 0.171108 9.99473E-05 0.259205 0.204335 9.99473E-05 9.99473E-05
0.775123 9.99473E-05 0.0345147 0.0422013 9.99473E-05 9.99473E-05 0.147561 9.99473E-05 9.99473E-05 9.99473E-05
0.731074 9.99387E-05 9.99387E-05 0.211081 0.0571454 9.99387E-05 9.99387E-05 9.99387E-05 9.99387E-05 9.99387E-05
0.398898 0.0586037 9.99648E-05 9.99648E-05 0.231382 9.99648E-05 0.215715 0.0696705 0.0253306 9.99648E-05
0.470617 9.99648E-05 0.0218965 0.0965022 0.113811 0.0368277 0.259946 9.99648E-05 9.99648E-05 9.99648E-05
9.99473E-05 9.99473E-05 9.99473E-05 0.352807 0.121533 0.302666 0.222394 9.99473E-05 9.99473E-05 9.99473E-05
9.99561E-05 9.99561E-05 9.99561E-05 0.474375 0.0769874 0.194572 0.245305 0.00826131 9.99561E-05 9.99561E-05
9.99649E-05 0.186595 9.99649E-05 0.342173 0.156776 0.1109 0.188981 0.0141748 9.99649E-05 9.99649E-05
0.133065 0.109567 0.0156565 0.51902 9.99825E-05 0.0512324 0.116075 0.00843748 0.0467455 9.99825E-05
0.0256577 0.119696 0.00531942 0.354715 0.0883304 9.99825E-05 0.194026 0.136268 0.0757871 9.99825E-05
9.99737E-05 0.00772573 0.00233807 0.468605 0.0293469 0.030245 0.252245 9.99737E-05 9.99737E-05 0.209195
9.99561E-05 9.99561E-05 9.99561E-05 0.150545 0.187244 0.0592925 0.554707 0.0477119 9.99561E-05 9.99561E-05
