9.99209E-05 9.99209E-05 0.0292505 9.99209E-05 0.0313229 0.201642 9.99209E-05 0.014348 0.0685105 9.99209E-05 9.99209E-05 9.99209E-05 9.99209E-05 0.105664 9.99209E-05 0.301828 0.242362 0.0041726
9.98947E-05 9.98947E-05 0.133676 9.98947E-05 9.98947E-05 0.0141162 9.98947E-05 9.98947E-05 0.00220351 9.98947E-05 9.98947E-05 9.98947E-05 9.98947E-05 9.98947E-05 0.030611 0.641543 0.176651 9.98947E-05
9.98859E-05 9.98859E-05 9.98859E-05 9.98859E-05 0.0727453 0.101388 9.98859E-05 9.98859E-05 0.0372237 9.98859E-05 0.0210705 9.98859E-05 9.98859E-05 9.98859E-05 9.98859E-05 0.766274 9.98859E-05 9.98859E-05
9.99035E-05 9.99035E-05 9.99035E-05 9.99035E-05 9.99035E-05 0.0853867 9.99035E-05 0.355287 0.118701 9.99035E-05 0.126916 9.99035E-05 0.0240608 0.0840973 9.99035E-05 0.204453 9.99035E-05 9.99035E-05
0.123 9.98859E-05 0.0164533 9.98859E-05 9.98859E-05 9.98859E-05 9.98859E-05 0.000797398 9.98859E-05 9.98859E-05 9.98859E-05 9.98859E-05 0.0616296 9.98859E-05 9.98859E-05 0.796821 9.98859E-05 9.98859E-05
0.159797 9.9921E-05 0.00817151 9.9921E-05 0.00343619 9.9921E-05 9.9921E-05 0.108144 0.0153796 9.9921E-05 0.242942 9.9921E-05 0.102531 9.9921E-05 9.9921E-05 0.158415 0.200284 9.9921E-05
9.99036E-05 0.137041 0.123892 9.99036E-05 9.99036E-05 9.99036E-05 9.99036E-05 0.163843 0.148439 9.99036E-05 9.99036E-05 9.99036E-05 9.99036E-05 0.0377 9.99036E-05 0.22564 0.162346 9.99036E-05
0.0884595 0.000274118 9.99298E-05 9.99298E-05 9.99298E-05 9.99298E-05 9.99298E-05 0.134594 0.227557 0.0974759 9.99298E-05 9.99298E-05 0.15647 0.000563227 9.99298E-05 0.177853 0.0807409 0.0352124
9.9921E-05 9.9921E-05 0.0691155 9.9921E-05 0.180109 0.221742 0.00145565 9.9921E-05 0.0742729 9.9921E-05 0.0191632 9.9921E-05 0.22802 0.00139034 9.9921E-05 0.203833 9.9921E-05 9.9921E-05
9.98683E-05 9.98683E-05 9.98683E-05 9.98683E-05 9.98683E-05 0.120204 9.98683E-05 9.98683E-05 9.98683E-05 9.98683E-05 9.98683E-05 9.98683E-05 9.98683E-05 9.98683E-05 9.98683E-05 0.869544 9.98683E-05 0.00875421
9.99122E-05 9.99122E-05 9.99122E-05 9.99122E-05 0.019441 0.185843 9.99122E-05 9.99122E-05 0.0602279 9.99122E-05 9.99122E-05 9.99122E-05 0.00515023 0.175288 0.000931321 0.473494 0.0786254 9.99122E-05
0.00147421 9.98859E-05 9.98859E-05 0.080567 9.98859E-05 0.0222857 9.98859E-05 0.0673753 9.98859E-05 9.98859E-05 9.98859E-05 9.98859E-05 9.98859E-05 9.98859E-05 9.98859E-05 0.826999 9.98859E-05 9.98859E-05
9.98772E-05 9.98772E-05 9.98772E-05 9.98772E-05 9.98772E-05 0.0904223 9.98772E-05 9.98772E-05 0.147877 9.98772E-05 9.98772E-05 9.98772E-05 9.98772E-05 0.0374428 9.98772E-05 0.72286 9.98772E-05 9.98772E-05
9.99123E-05 9.99123E-05 9.99123E-05 0.00652552 9.99123E-05 0.0566537 0.0431535 9.99123E-05 0.00138116 9.99123E-05 0.134283 0.0434288 9.99123E-05 0.093052 9.99123E-05 0.620523 9.99123E-05 9.99123E-05
9.99123E-05 9.99123E-05 9.99123E-05 9.99123E-05 0.0552199 0.131665 0.0467292 9.99123E-05 0.0540585 9.99123E-05 0.118951 9.99123E-05 0.138368 9.99123E-05 9.99123E-05 0.257478 0.196532 9.99123E-05
9.99298E-05 9.99298E-05 9.99298E-05 0.0779396 9.99298E-05 0.135061 9.99298E-05 0.0525487 0.0933789 0.0561999 9.99298E-05 9.99298E-05 0.203463 0.034569 9.99298E-05 0.189595 0.131648 0.0247983
9.98947E-05 9.98947E-05 0.123747 9.98947E-05 9.98947E-05 0.140648 9.98947E-05 0.0118896 9.98947E-05 9.98947E-05 9.98947E-05 0.15986 9.98947E-05 0.0763346 9.98947E-05 0.486322 9.98947E-05 9.98947E-05
9.99123E-05 9.99123E-05 9.99123E-05 9.99123E-05 0.0151778 0.120966 9.99123E-05 9.99123E-05 0.207599 9.99123E-05 9.99123E-05 9.99123E-05 0.0801915 9.99123E-05 0.096483 0.106158 0.219593 0.152833
9.99034E-05 9.99034E-05 9.99034E-05 9.99034E-05 9.99034E-05 0.191256 0.0648828 0.0548226 0.252208 9.99034E-05 9.99034E-05 9.99034E-05 0.087671 9.99034E-05 9.99034E-05 0.342876 9.99034E-05 0.00518463
9.98684E-05 9.98684E-05 9.98684E-05 9.98684E-05 9.98684E-05 0.0540173 9.98684E-05 9.98684E-05 9.98684E-05 9.98684E-05 9.98684E-05 9.98684E-05 9.98684E-05 9.98684E-05 0.0356771 0.908808 9.98684E-05 9.98684E-05
0.065812 9.99123E-05 9.99123E-05 0.198532 9.99123E-05 0.100084 9.99123E-05 0.0186474 0.0421419 9.99123E-05 9.99123E-05 9.99123E-05 0.0881527 0.0579694 9.99123E-05 0.427661 9.99123E-05 9.99123E-05
0.16324 9.9886E-05 9.9886E-05 9.9886E-05 9.9886E-05 9.9886E-05 9.9886E-05 0.123719 0.356377 9.9886E-05 9.9886E-05 9.9886E-05 0.122165 9.9886E-05 9.9886E-05 0.233201 9.9886E-05 9.9886E-05
9.98772E-05 9.98772E-05 9.98772E-05 9.98772E-05 9.98772E-05 0.102896 9.98772E-05 9.98772E-05 9.98772E-05 9.98772E-05 9.98772E-05 9.98772E-05 9.98772E-05 0.0727602 9.98772E-05 0.642444 0.180502 9.98772E-05
9.98859E-05 9.98859E-05 9.98859E-05 9.98859E-05 0.0503516 0.257503 9.98859E-05 9.98859E-05 0.330083 9.98859E-05 9.98859E-05 9.98859E-05 9.98859E-05 9.98859E-05 9.98859E-05 0.31189 0.0488735 9.98859E-05
9.99122E-05 9.99122E-05 9.99122E-05 9.99122E-05 9.99122E-05 0.277171 0.151342 9.99122E-05 0.0875974 9.99122E-05 0.144366 9.99122E-05 0.0320656 0.0075465 0.0468281 0.252084 9.99122E-05 9.99122E-05
9.99122E-05 9.99122E-05 9.99122E-05 9.99122E-05 9.99122E-05 0.129164 9.99122E-05 0.00910422 0.0733788 0.0151982 0.0761982 9.99122E-05 0.00274485 0.0272175 9.99122E-05 0.665995 9.99122E-05 9.99122E-05
9.99122E-05 9.99122E-05 9.99122E-05 9.99122E-05 9.99122E-05 0.153976 9.99122E-05 0.00342334 0.364164 0.0627907 0.217797 9.99122E-05 9.99122E-05 9.99122E-05 9.99122E-05 0.0591865 0.0294899 0.108174
9.9886E-05 9.9886E-05 9.9886E-05 9.9886E-05 9.9886E-05 0.0661144 9.9886E-05 0.0895003 0.120421 9.9886E-05 9.9886E-05 9.9886E-05 9.9886E-05 0.0198314 9.9886E-05 0.702835 9.9886E-05 9.9886E-05
9.98947E-05 9.98947E-05 9.98947E-05 9.98947E-05 9.98947E-05 0.193957 9.98947E-05 9.98947E-05 0.0967765 9.98947E-05 0.0364277 9.98947E-05 9.98947E-05 0.00193351 9.98947E-05 0.520066 0.14964 9.98947E-05
9.98947E-05 9.98947E-05 9.98947E-05 9.98947E-05 9.98947E-05 0.073541 9.98947E-05 9.98947E-05 9.98947E-05 0.0467372 0.0448016 0.00440475 0.0451288 9.98947E-05 9.98947E-05 0.784188 9.98947E-05 9.98947E-05
9.99122E-05 9.99122E-05 9.99122E-05 9.99122E-05 9.99122E-05 0.0911825 0.034718 9.99122E-05 0.0934116 9.99122E-05 9.99122E-05 9.99122E-05 0.00717709 0.0468189 0.0645862 0.541296 0.119811 9.99122E-05
9.99123E-05 9.99123E-05 9.99123E-05 9.99123E-05 9.99123E-05 0.0902318 9.99123E-05 0.034071 9.99123E-05 9.99123E-05 0.298317 0.0123778 0.0180545 0.0294029 9.99123E-05 0.490087 0.0264588 9.99123E-05
9.99034E-05 9.99034E-05 9.99034E-05 0.0775448 9.99034E-05 0.133766 9.99034E-05 9.99034E-05 0.0718381 9.99034E-05 0.00750633 9.99034E-05 9.99034E-05 0.120868 9.99034E-05 0.441274 0.146104 9.99034E-05
9.99034E-05 0.000738785 9.99034E-05 0.0912012 9.99034E-05 0.143356 9.99034E-05 9.99034E-05 0.139093 9.99034E-05 0.173299 9.99034E-05 9.99034E-05 9.99034E-05 9.99034E-05 0.42744 9.99034E-05 0.0237734
9.98947E-05 9.98947E-05 9.98947E-05 9.98947E-05 9.98947E-05 0.0177473 0.0304683 9.98947E-05 9.98947E-05 9.98947E-05 9.98947E-05 9.98947E-05 9.98947E-05 0.0926417 0.0211603 0.805715 9.98947E-05 0.0310683
9.99035E-05 9.99035E-05 9.99035E-05 9.99035E-05 0.0404487 0.015628 9.99035E-05 0.0925514 0.0636967 9.99035E-05 9.99035E-05 9.99035E-05 0.0710469 9.99035E-05 9.99035E-05 0.690803 0.0247269 9.99035E-05
9.9886E-05 0.0691589 9.9886E-05 0.0268605 9.9886E-05 9.9886E-05 9.9886E-05 9.9886E-05 9.9886E-05 0.0335556 9.9886E-05 9.9886E-05 9.9886E-05 0.0564668 9.9886E-05 0.81266 9.9886E-05 9.9886E-05
9.99123E-05 9.99123E-05 0.0321019 9.99123E-05 9.99123E-05 0.110925 9.99123E-05 9.99123E-05 0.017309 9.99123E-05 0.00566328 0.0140062 0.171852 9.99123E-05 0.101144 0.546 9.99123E-05 9.99123E-05
9.99123E-05 9.99123E-05 0.0286261 0.0334669 9.99123E-05 0.19251 9.99123E-05 9.99123E-05 9.99123E-05 9.99123E-05 0.188506 0.00431413 0.0234978 0.0107289 9.99123E-05 0.517351 9.99123E-05 9.99123E-05
9.99034E-05 0.00274522 9.99034E-05 0.0114175 9.99034E-05 0.144247 9.99034E-05 9.99034E-05 0.0463827 0.115898 0.256482 9.99034E-05 9.99034E-05 9.99034E-05 9.99034E-05 0.421728 9.99034E-05 9.99034E-05
9.98947E-05 9.98947E-05 9.98947E-05 9.98947E-05 9.98947E-05 0.021317 9.98947E-05 0.0789869 0.0746961 9.98947E-05 9.98947E-05 9.98947E-05 0.0525117 0.0272248 9.98947E-05 0.744065 9.98947E-05 9.98947E-05
9.99036E-05 9.99036E-05 0.0377171 9.99036E-05 0.00698057 0.0810869 9.99036E-05 9.99036E-05 0.245972 9.99036E-05 0.013598 9.99036E-05 9.99036E-05 9.99036E-05 9.99036E-05 0.601833 0.0117135 9.99036E-05
9.98946E-05 9.98946E-05 0.0223823 9.98946E-05 9.98946E-05 9.98946E-05 0.00790138 9.98946E-05 0.159349 0.0121873 9.98946E-05 0.073642 9.98946E-05 9.98946E-05 9.98946E-05 0.723339 9.98946E-05 9.98946E-05
9.98947E-05 9.98947E-05 9.98947E-05 9.98947E-05 0.0371617 0.25898 9.98947E-05 9.98947E-05 0.094108 9.98947E-05 9.98947E-05 9.98947E-05 0.0394083 9.98947E-05 9.98947E-05 0.364303 0.20484 9.98947E-05
9.98772E-05 9.98772E-05 9.98772E-05 9.98772E-05 9.98772E-05 0.225253 9.98772E-05 0.147361 0.371021 9.98772E-05 9.98772E-05 9.98772E-05 9.98772E-05 9.98772E-05 9.98772E-05 0.254966 9.98772E-05 9.98772E-05
0.0136851 9.98946E-05 9.98946E-05 9.98946E-05 9.98946E-05 0.0775072 9.98946E-05 0.0127477 0.0971273 9.98946E-05 9.98946E-05 9.98946E-05 9.98946E-05 9.98946E-05 0.0697143 0.72802 9.98946E-05 9.98946E-05
9.98946E-05 9.98946E-05 9.98946E-05 9.98946E-05 9.98946E-05 0.119306 9.98946E-05 0.000472533 9.98946E-05 9.98946E-05 9.98946E-05 9.98946E-05 0.0443383 0.0385433 9.98946E-05 0.752648 9.98946E-05 0.0434928
9.98772E-05 9.98772E-05 9.98772E-05 9.98772E-05 9.98772E-05 0.0623756 9.98772E-05 9.98772E-05 9.98772E-05 0.0191737 9.98772E-05 9.98772E-05 9.98772E-05 9.98772E-05 0.0274609 0.889592 9.98772E-05 9.98772E-05
9.98947E-05 9.98947E-05 9.98947E-05 9.98947E-05 9.98947E-05 0.175434 9.98947E-05 0.0226707 0.0875109 9.98947E-05 9.98947E-05 9.98947E-05 9.98947E-05 0.104439 0.00121514 0.607531 9.98947E-05 9.98947E-05
0.0591571 0.1775 0.0285221 9.99037E-05 9.99037E-05 0.0240039 9.99037E-05 9.99037E-05 0.0172821 9.99037E-05 9.99037E-05 9.99037E-05 0.00340772 9.99037E-05 9.99037E-05 0.689028 9.99037E-05 9.99037E-05
9.99297E-05 9.99297E-05 9.99297E-05 9.99297E-05 0.0289604 0.219249 9.99297E-05 0.045202 0.035404 0.0158865 0.170113 9.99297E-05 0.0448475 0.112301 9.99297E-05 0.269443 0.0577936 9.99297E-05
9.98859E-05 9.98859E-05 9.98859E-05 0.0452859 0.065939 9.98859E-05 9.98859E-05 0.0592572 0.297852 9.98859E-05 9.98859E-05 9.98859E-05 9.98859E-05 9.98859E-05 9.98859E-05 0.530367 9.98859E-05 9.98859E-05
9.98948E-05 9.98948E-05 0.0292114 9.98948E-05 9.98948E-05 0.000661143 0.0660273 9.98948E-05 9.98948E-05 9.98948E-05 0.0189308 9.98948E-05 9.98948E-05 9.98948E-05 9.98948E-05 0.803291 9.98948E-05 0.0806793
0.0647829 9.99123E-05 9.99123E-05 0.152594 9.99123E-05 0.0600671 0.0101052 9.99123E-05 9.99123E-05 0.0485702 9.99123E-05 9.99123E-05 9.99123E-05 9.99123E-05 0.0315555 0.604571 9.99123E-05 0.0267555
9.98685E-05 9.98685E-05 9.98685E-05 9.98685E-05 9.98685E-05 0.0664694 0.208804 9.98685E-05 9.98685E-05 9.98685E-05 9.98685E-05 9.98685E-05 9.98685E-05 9.98685E-05 9.98685E-05 0.723229 9.98685E-05 9.98685E-05
0.00576255 9.99035E-05 9.99035E-05 9.99035E-05 9.99035E-05 9.99035E-05 9.99035E-05 9.99035E-05 9.99035E-05 0.0154344 0.121783 9.99035E-05 9.99035E-05 0.0580016 0.0861716 0.698565 0.0131832 9.99035E-05
9.99034E-05 9.99034E-05 0.0626248 0.0283068 9.99034E-05 0.0443658 9.99034E-05 0.015634 0.0874959 9.99034E-05 9.99034E-05 9.99034E-05 9.99034E-05 9.99034E-05 9.99034E-05 0.652752 9.99034E-05 0.107722
9.98773E-05 9.98773E-05 9.98773E-05 9.98773E-05 9.98773E-05 0.0665501 9.98773E-05 0.0859106 9.98773E-05 9.98773E-05 9.98773E-05 9.98773E-05 9.98773E-05 0.133762 9.98773E-05 0.712379 9.98773E-05 9.98773E-05
9.99034E-05 0.0382254 0.00554911 9.99034E-05 9.99034E-05 0.0451637 9.99034E-05 9.99034E-05 0.00209217 9.99034E-05 9.99034E-05 9.99034E-05 0.0205549 0.0298994 9.99034E-05 0.857416 9.99034E-05 9.99034E-05
9.98858E-05 9.98858E-05 0.0291038 9.98858E-05 9.98858E-05 0.163755 9.98858E-05 9.98858E-05 9.98858E-05 9.98858E-05 9.98858E-05 9.98858E-05 0.0677358 0.00081982 9.98858E-05 9.98858E-05 0.737287 9.98858E-05
9.98684E-05 9.98684E-05 9.98684E-05 9.98684E-05 9.98684E-05 9.98684E-05 0.00313766 9.98684E-05 9.98684E-05 0.022472 9.98684E-05 9.98684E-05 9.98684E-05 9.98684E-05 9.98684E-05 9.98684E-05 0.972892 9.98684E-05
9.98771E-05 0.0171773 9.98771E-05 9.98771E-05 9.98771E-05 9.98771E-05 9.98771E-05 9.98771E-05 9.98771E-05 0.0367806 9.98771E-05 0.00280683 9.98771E-05 9.98771E-05 9.98771E-05 9.98771E-05 0.941837 9.98771E-05
9.99035E-05 0.0197959 0.306439 9.99035E-05 9.99035E-05 0.0269691 9.99035E-05 9.99035E-05 9.99035E-05 9.99035E-05 0.16564 9.99035E-05 0.111596 9.99035E-05 9.99035E-05 9.99035E-05 0.323137 0.0453236
0.00230864 0.0257677 9.99208E-05 9.99208E-05 9.99208E-05 0.048571 9.99208E-05 0.0151725 0.0745349 9.99208E-05 9.99208E-05 9.99208E-05 0.080586 9.99208E-05 0.0699626 9.99208E-05 0.650086 0.0321118
9.98945E-05 9.98945E-05 9.98945E-05 9.98945E-05 9.98945E-05 0.170365 0.0896559 9.98945E-05 0.129296 9.98945E-05 0.0589666 9.98945E-05 0.0412124 9.98945E-05 9.98945E-05 9.98945E-05 0.509305 9.98945E-05
9.98769E-05 9.98769E-05 0.276294 9.98769E-05 9.98769E-05 0.130333 9.98769E-05 9.98769E-05 9.98769E-05 9.98769E-05 9.98769E-05 9.98769E-05 9.98769E-05 0.0297615 9.98769E-05 9.98769E-05 0.562212 9.98769E-05
9.99034E-05 9.99034E-05 0.0365275 9.99034E-05 9.99034E-05 0.112096 0.0206933 9.99034E-05 9.99034E-05 9.99034E-05 0.106323 9.99034E-05 0.0432125 9.99034E-05 9.99034E-05 9.99034E-05 0.493985 0.186063
9.98595E-05 9.98595E-05 0.0491734 9.98595E-05 9.98595E-05 9.98595E-05 9.98595E-05 9.98595E-05 9.98595E-05 9.98595E-05 9.98595E-05 9.98595E-05 9.98595E-05 9.98595E-05 9.98595E-05 9.98595E-05 0.949229 9.98595E-05
9.98682E-05 9.98682E-05 9.98682E-05 9.98682E-05 9.98682E-05 9.98682E-05 9.98682E-05 9.98682E-05 9.98682E-05 9.98682E-05 9.98682E-05 9.98682E-05 0.0116374 0.043589 9.98682E-05 9.98682E-05 0.943276 9.98682E-05
9.98857E-05 9.98857E-05 9.98857E-05 9.98857E-05 9.98857E-05 0.339836 9.98857E-05 9.98857E-05 9.98857E-05 0.0316925 9.98857E-05 9.98857E-05 0.0246453 0.172139 9.98857E-05 9.98857E-05 0.430388 9.98857E-05
9.99209E-05 0.00979893 0.0943421 0.0658013 9.99209E-05 0.0223747 0.115066 0.0126609 0.146765 9.99209E-05 9.99209E-05 9.99209E-05 9.99209E-05 0.0673675 9.99209E-05 9.99209E-05 0.464925 9.99209E-05
0.0813371 9.99033E-05 9.99033E-05 0.118784 9.99033E-05 0.0161545 9.99033E-05 9.99033E-05 9.99033E-05 9.99033E-05 0.00780089 9.99033E-05 0.134158 0.0883634 9.99033E-05 9.99033E-05 0.552304 9.99033E-05
0.0165329 9.98858E-05 0.153349 9.98858E-05 9.98858E-05 0.218046 9.98858E-05 9.98858E-05 0.215742 9.98858E-05 9.98858E-05 9.98858E-05 9.98858E-05 9.98858E-05 9.98858E-05 9.98858E-05 0.395032 9.98858E-05
9.98685E-05 9.98685E-05 9.98685E-05 9.98685E-05 0.00469463 9.98685E-05 9.98685E-05 9.98685E-05 9.98685E-05 0.020308 9.98685E-05 9.98685E-05 9.98685E-05 9.98685E-05 9.98685E-05 9.98685E-05 0.973499 9.98685E-05
9.98771E-05 9.98771E-05 9.98771E-05 9.98771E-05 9.98771E-05 0.0262043 9.98771E-05 9.98771E-05 9.98771E-05 9.98771E-05 9.98771E-05 9.98771E-05 0.0421148 0.0548152 9.98771E-05 9.98771E-05 0.875467 9.98771E-05
9.98945E-05 0.126153 9.98945E-05 9.98945E-05 9.98945E-05 9.98945E-05 9.98945E-05 0.101082 9.98945E-05 9.98945E-05 0.0314093 9.98945E-05 0.0209957 9.98945E-05 9.98945E-05 9.98945E-05 0.69049 0.0286712
9.98858E-05 9.98858E-05 9.98858E-05 9.98858E-05 9.98858E-05 9.98858E-05 9.98858E-05 0.0739701 0.0663093 9.98858E-05 9.98858E-05 9.98858E-05 0.110357 0.108988 9.98858E-05 9.98858E-05 0.639076 9.98858E-05
9.9877E-05 9.9877E-05 9.9877E-05 9.9877E-05 9.9877E-05 0.0492227 9.9877E-05 9.9877E-05 9.9877E-05 9.9877E-05 9.9877E-05 9.9877E-05 9.9877E-05 0.0370482 9.9877E-05 9.9877E-05 0.855141 0.0571896
9.99032E-05 9.99032E-05 9.99032E-05 9.99032E-05 0.00762379 0.175791 9.99032E-05 9.99032E-05 9.99032E-05 0.119456 9.99032E-05 9.99032E-05 9.99032E-05 0.056873 0.0477783 9.99032E-05 0.555869 0.0355111
9.98598E-05 9.98598E-05 9.98598E-05 9.98598E-05 9.98598E-05 9.98598E-05 9.98598E-05 9.98598E-05 9.98598E-05 9.98598E-05 9.98598E-05 0.0368731 9.98598E-05 9.98598E-05 9.98598E-05 9.98598E-05 0.961529 9.98598E-05
9.99033E-05 0.0360498 9.99033E-05 9.99033E-05 9.99033E-05 0.0274065 0.0496924 9.99033E-05 0.215854 9.99033E-05 0.0218688 9.99033E-05 9.99033E-05 9.99033E-05 9.99033E-05 9.99033E-05 0.633102 0.0149282
9.98948E-05 9.98948E-05 0.0296265 9.98948E-05 9.98948E-05 0.0676751 0.0145547 9.98948E-05 0.104572 9.98948E-05 0.120178 9.98948E-05 9.98948E-05 9.98948E-05 9.98948E-05 9.98948E-05 0.662194 9.98948E-05
0.00538371 0.0076229 9.99209E-05 9.99209E-05 0.0452097 9.99209E-05 9.99209E-05 0.0628456 9.99209E-05 0.0163468 0.0397641 9.99209E-05 0.0489518 9.99209E-05 9.99209E-05 9.99209E-05 0.688232 0.084744
9.98682E-05 9.98682E-05 9.98682E-05 9.98682E-05 9.98682E-05 0.0320565 9.98682E-05 9.98682E-05 9.98682E-05 9.98682E-05 9.98682E-05 9.98682E-05 9.98682E-05 0.182905 9.98682E-05 9.98682E-05 0.783541 9.98682E-05
9.98598E-05 9.98598E-05 9.98598E-05 9.98598E-05 9.98598E-05 9.98598E-05 9.98598E-05 9.98598E-05 9.98598E-05 9.98598E-05 9.98598E-05 9.98598E-05 0.0245749 9.98598E-05 9.98598E-05 9.98598E-05 0.973827 9.98598E-05
9.98772E-05 0.0234387 9.98772E-05 9.98772E-05 9.98772E-05 9.98772E-05 9.98772E-05 9.98772E-05 0.0365311 9.98772E-05 9.98772E-05 9.98772E-05 9.98772E-05 9.98772E-05 9.98772E-05 9.98772E-05 0.93238 0.00625159
9.98597E-05 9.98597E-05 9.98597E-05 9.98597E-05 9.98597E-05 0.0103607 9.98597E-05 9.98597E-05 9.98597E-05 9.98597E-05 9.98597E-05 9.98597E-05 9.98597E-05 9.98597E-05 9.98597E-05 9.98597E-05 0.988042 9.98597E-05
9.98684E-05 9.98684E-05 9.98684E-05 9.98684E-05 9.98684E-05 9.98684E-05 9.98684E-05 9.98684E-05 9.98684E-05 9.98684E-05 9.98684E-05 9.98684E-05 0.0413683 9.98684E-05 9.98684E-05 9.98684E-05 0.870259 0.0868745
9.9886E-05 9.9886E-05 9.9886E-05 0.0182562 9.9886E-05 0.118686 9.9886E-05 9.9886E-05 9.9886E-05 9.9886E-05 9.9886E-05 0.134669 0.100613 9.9886E-05 9.9886E-05 9.9886E-05 0.626478 9.9886E-05
9.98684E-05 9.98684E-05 9.98684E-05 9.98684E-05 9.98684E-05 0.120408 9.98684E-05 9.98684E-05 9.98684E-05 9.98684E-05 0.762559 9.98684E-05 0.115535 9.98684E-05 9.98684E-05 9.98684E-05 9.98684E-05 9.98684E-05
9.98772E-05 9.98772E-05 9.98772E-05 9.98772E-05 9.98772E-05 0.0513849 9.98772E-05 9.98772E-05 9.98772E-05 9.98772E-05 0.426917 0.481577 0.0387226 9.98772E-05 9.98772E-05 9.98772E-05 9.98772E-05 9.98772E-05
9.98596E-05 9.98596E-05 9.98596E-05 9.98596E-05 9.98596E-05 0.103414 9.98596E-05 9.98596E-05 9.98596E-05 9.98596E-05 0.894988 9.98596E-05 9.98596E-05 9.98596E-05 9.98596E-05 9.98596E-05 9.98596E-05 9.98596E-05
9.98682E-05 9.98682E-05 9.98682E-05 9.98682E-05 9.98682E-05 0.119428 9.98682E-05 9.98682E-05 9.98682E-05 9.98682E-05 0.847625 9.98682E-05 0.0314484 9.98682E-05 9.98682E-05 9.98682E-05 9.98682E-05 9.98682E-05
9.9877E-05 0.0092868 9.9877E-05 9.9877E-05 0.0355046 9.9877E-05 9.9877E-05 9.9877E-05 9.9877E-05 9.9877E-05 0.891721 9.9877E-05 0.0620895 9.9877E-05 9.9877E-05 9.9877E-05 9.9877E-05 9.9877E-05
9.98859E-05 9.98859E-05 0.0273215 9.98859E-05 9.98859E-05 0.176341 9.98859E-05 0.0315664 9.98859E-05 9.98859E-05 0.660977 9.98859E-05 0.102496 9.98859E-05 9.98859E-05 9.98859E-05 9.98859E-05 9.98859E-05
9.98947E-05 9.98947E-05 9.98947E-05 9.98947E-05 9.98947E-05 0.0856828 9.98947E-05 9.98947E-05 0.0315013 9.98947E-05 0.760773 9.98947E-05 0.0954133 0.00109377 9.98947E-05 9.98947E-05 9.98947E-05 0.0243375
9.98595E-05 9.98595E-05 9.98595E-05 9.98595E-05 9.98595E-05 9.98595E-05 9.98595E-05 9.98595E-05 9.98595E-05 9.98595E-05 0.792135 9.98595E-05 0.206268 9.98595E-05 9.98595E-05 9.98595E-05 9.98595E-05 9.98595E-05
9.98945E-05 9.98945E-05 0.201298 0.0144861 9.98945E-05 9.98945E-05 9.98945E-05 9.98945E-05 0.10864 9.98945E-05 0.355044 9.98945E-05 0.268719 0.0506149 9.98945E-05 9.98945E-05 9.98945E-05 9.98945E-05
9.98683E-05 9.98683E-05 9.98683E-05 9.98683E-05 9.98683E-05 0.255553 9.98683E-05 9.98683E-05 9.98683E-05 9.98683E-05 0.526619 9.98683E-05 0.216331 9.98683E-05 9.98683E-05 9.98683E-05 9.98683E-05 9.98683E-05
9.98772E-05 9.98772E-05 0.176 9.98772E-05 9.98772E-05 9.98772E-05 9.98772E-05 9.98772E-05 9.98772E-05 9.98772E-05 0.594312 0.198388 9.98772E-05 0.0299016 9.98772E-05 9.98772E-05 9.98772E-05 9.98772E-05
9.9886E-05 9.9886E-05 0.121437 9.9886E-05 9.9886E-05 9.9886E-05 9.9886E-05 9.9886E-05 9.9886E-05 9.9886E-05 0.768183 0.034863 9.9886E-05 0.0513531 9.9886E-05 0.0228661 9.9886E-05 9.9886E-05
9.98685E-05 9.98685E-05 9.98685E-05 9.98685E-05 9.98685E-05 9.98685E-05 9.98685E-05 9.98685E-05 9.98685E-05 9.98685E-05 0.911767 0.00821115 0.0785241 9.98685E-05 9.98685E-05 9.98685E-05 9.98685E-05 9.98685E-05
9.98861E-05 9.98861E-05 9.98861E-05 9.98861E-05 0.00847681 0.209384 9.98861E-05 9.98861E-05 9.98861E-05 9.98861E-05 0.640719 0.0288136 0.111309 9.98861E-05 9.98861E-05 9.98861E-05 9.98861E-05 9.98861E-05
9.99122E-05 9.99122E-05 0.0169189 0.065751 9.99122E-05 0.0191115 9.99122E-05 0.0290797 9.99122E-05 9.99122E-05 0.591568 0.123565 0.0481307 9.99122E-05 9.99122E-05 9.99122E-05 9.99122E-05 0.104877
9.99034E-05 9.99034E-05 0.065227 9.99034E-05 9.99034E-05 0.179824 9.99034E-05 9.99034E-05 9.99034E-05 0.00266146 0.638647 0.00666169 0.0580552 0.0478238 9.99034E-05 9.99034E-05 9.99034E-05 9.99034E-05
9.98859E-05 9.98859E-05 0.204339 9.98859E-05 9.98859E-05 0.123136 9.98859E-05 9.98859E-05 9.98859E-05 9.98859E-05 0.606379 9.98859E-05 0.0336021 9.98859E-05 0.0312457 9.98859E-05 9.98859E-05 9.98859E-05
0.0571034 0.0408884 9.98861E-05 9.98861E-05 9.98861E-05 9.98861E-05 9.98861E-05 9.98861E-05 0.131925 9.98861E-05 0.659458 9.98861E-05 0.109327 9.98861E-05 9.98861E-05 9.98861E-05 9.98861E-05 9.98861E-05
9.98771E-05 9.98771E-05 0.0196859 9.98771E-05 9.98771E-05 9.98771E-05 9.98771E-05 9.98771E-05 9.98771E-05 9.98771E-05 0.959152 9.98771E-05 0.00186121 0.0179028 9.98771E-05 9.98771E-05 9.98771E-05 9.98771E-05
9.99123E-05 9.99123E-05 9.99123E-05 9.99123E-05 9.99123E-05 0.0830491 0.0196473 9.99123E-05 9.99123E-05 9.99123E-05 0.401015 0.194691 0.131041 0.0381808 0.102937 9.99123E-05 0.0284394 9.99123E-05
0.0260303 9.98859E-05 0.125775 9.98859E-05 9.98859E-05 0.0886174 9.98859E-05 9.98859E-05 9.98859E-05 9.98859E-05 0.732113 9.98859E-05 0.0261661 9.98859E-05 9.98859E-05 9.98859E-05 9.98859E-05 9.98859E-05
9.98685E-05 9.98685E-05 9.98685E-05 9.98685E-05 9.98685E-05 0.0202787 9.98685E-05 9.98685E-05 9.98685E-05 9.98685E-05 0.960982 9.98685E-05 9.98685E-05 9.98685E-05 9.98685E-05 9.98685E-05 9.98685E-05 0.0172414
9.98947E-05 9.98947E-05 0.0429923 9.98947E-05 9.98947E-05 0.2763 9.98947E-05 9.98947E-05 9.98947E-05 0.00612011 0.427908 9.98947E-05 0.219315 9.98947E-05 0.0261664 9.98947E-05 9.98947E-05 9.98947E-05
9.98772E-05 9.98772E-05 9.98772E-05 9.98772E-05 9.98772E-05 9.98772E-05 0.0160642 9.98772E-05 9.98772E-05 9.98772E-05 0.714446 0.0936687 0.174422 9.98772E-05 9.98772E-05 9.98772E-05 9.98772E-05 9.98772E-05
9.98946E-05 9.98946E-05 0.0817899 9.98946E-05 9.98946E-05 0.208384 9.98946E-05 9.98946E-05 9.98946E-05 0.0331381 0.430792 9.98946E-05 0.169604 9.98946E-05 0.0750941 9.98946E-05 9.98946E-05 9.98946E-05
9.98948E-05 9.98948E-05 0.0723152 9.98948E-05 9.98948E-05 0.143071 9.98948E-05 9.98948E-05 9.98948E-05 9.98948E-05 0.372797 0.194378 0.194746 9.98948E-05 9.98948E-05 9.98948E-05 0.0214947 9.98948E-05
9.98947E-05 0.0402336 9.98947E-05 0.00333737 0.146081 0.0347823 9.98947E-05 9.98947E-05 9.98947E-05 9.98947E-05 0.164891 0.609476 9.98947E-05 9.98947E-05 9.98947E-05 9.98947E-05 9.98947E-05 9.98947E-05
9.98857E-05 9.98857E-05 9.98857E-05 9.98857E-05 9.98857E-05 0.0865866 9.98857E-05 9.98857E-05 9.98857E-05 0.0518454 0.76373 9.98857E-05 0.0341809 9.98857E-05 0.0623582 9.98857E-05 9.98857E-05 9.98857E-05
9.98685E-05 9.98685E-05 9.98685E-05 9.98685E-05 9.98685E-05 0.176207 9.98685E-05 9.98685E-05 9.98685E-05 9.98685E-05 0.558931 9.98685E-05 0.263364 9.98685E-05 9.98685E-05 9.98685E-05 9.98685E-05 9.98685E-05
0.015616 9.98947E-05 9.98947E-05 9.98947E-05 9.98947E-05 0.124356 9.98947E-05 9.98947E-05 9.98947E-05 9.98947E-05 0.740158 0.0231432 9.98947E-05 0.0744994 0.0210289 9.98947E-05 9.98947E-05 9.98947E-05
9.9886E-05 9.9886E-05 9.9886E-05 0.0264802 9.9886E-05 0.196963 9.9886E-05 9.9886E-05 9.9886E-05 9.9886E-05 0.728235 9.9886E-05 0.0318417 0.0151816 9.9886E-05 9.9886E-05 9.9886E-05 9.9886E-05
9.98772E-05 9.98772E-05 9.98772E-05 9.98772E-05 9.98772E-05 0.0407106 9.98772E-05 9.98772E-05 9.98772E-05 0.0581591 0.844097 9.98772E-05 9.98772E-05 9.98772E-05 0.0556351 9.98772E-05 9.98772E-05 9.98772E-05
9.9877E-05 9.9877E-05 9.9877E-05 9.9877E-05 9.9877E-05 0.0452842 9.9877E-05 9.9877E-05 9.9877E-05 9.9877E-05 0.530515 9.9877E-05 0.279135 9.9877E-05 0.143667 9.9877E-05 9.9877E-05 9.9877E-05
9.9877E-05 9.9877E-05 9.9877E-05 9.9877E-05 9.9877E-05 0.047539 9.9877E-05 9.9877E-05 0.136634 9.9877E-05 0.811261 9.9877E-05 0.00316842 9.9877E-05 9.9877E-05 9.9877E-05 9.9877E-05 9.9877E-05
9.98597E-05 9.98597E-05 9.98597E-05 9.98597E-05 9.98597E-05 0.0156296 9.98597E-05 9.98597E-05 9.98597E-05 9.98597E-05 0.982773 9.98597E-05 9.98597E-05 9.98597E-05 9.98597E-05 9.98597E-05 9.98597E-05 9.98597E-05
9.99034E-05 9.99034E-05 9.99034E-05 9.99034E-05 9.99034E-05 9.99034E-05 9.99034E-05 0.0276846 0.0383329 0.0201799 0.71097 0.0624593 0.124462 0.0148116 9.99034E-05 9.99034E-05 9.99034E-05 9.99034E-05
9.98857E-05 9.98857E-05 9.98857E-05 9.98857E-05 9.98857E-05 0.199251 9.98857E-05 9.98857E-05 9.98857E-05 9.98857E-05 0.627825 9.98857E-05 0.0937665 0.0200179 9.98857E-05 9.98857E-05 9.98857E-05 0.0578416
9.98682E-05 9.98682E-05 9.98682E-05 9.98682E-05 9.98682E-05 9.98682E-05 9.98682E-05 9.98682E-05 9.98682E-05 9.98682E-05 0.270697 0.6046 0.123205 9.98682E-05 9.98682E-05 9.98682E-05 9.98682E-05 9.98682E-05
9.98948E-05 9.98948E-05 9.98948E-05 9.98948E-05 9.98948E-05 0.0451518 9.98948E-05 9.98948E-05 9.98948E-05 9.98948E-05 0.680624 0.189984 0.0713348 0.00768163 9.98948E-05 9.98948E-05 9.98948E-05 0.004025
9.98686E-05 9.98686E-05 9.98686E-05 9.98686E-05 9.98686E-05 9.98686E-05 0.0075958 9.98686E-05 9.98686E-05 9.98686E-05 0.752431 0.238475 9.98686E-05 9.98686E-05 9.98686E-05 9.98686E-05 9.98686E-05 9.98686E-05
9.98947E-05 9.98947E-05 0.0366097 9.98947E-05 9.98947E-05 9.98947E-05 9.98947E-05 9.98947E-05 9.98947E-05 9.98947E-05 0.310143 0.485116 0.0384131 0.0291889 0.0993302 9.98947E-05 9.98947E-05 9.98947E-05
9.98771E-05 9.98771E-05 0.143714 9.98771E-05 9.98771E-05 0.294365 9.98771E-05 9.98771E-05 9.98771E-05 9.98771E-05 0.47677 9.98771E-05 0.0837532 9.98771E-05 9.98771E-05 9.98771E-05 9.98771E-05 9.98771E-05
9.9886E-05 9.9886E-05 0.00508319 9.9886E-05 9.9886E-05 9.9886E-05 0.103219 9.9886E-05 0.0158541 9.9886E-05 0.782862 9.9886E-05 0.0916831 9.9886E-05 9.9886E-05 9.9886E-05 9.9886E-05 9.9886E-05
9.98859E-05 9.98859E-05 9.98859E-05 9.98859E-05 9.98859E-05 0.145061 9.98859E-05 9.98859E-05 9.98859E-05 9.98859E-05 0.144664 0.574732 0.0863661 9.98859E-05 0.0478783 9.98859E-05 9.98859E-05 9.98859E-05
9.98685E-05 9.98685E-05 9.98685E-05 9.98685E-05 9.98685E-05 0.0575939 9.98685E-05 9.98685E-05 9.98685E-05 9.98685E-05 0.462701 0.478207 9.98685E-05 9.98685E-05 9.98685E-05 9.98685E-05 9.98685E-05 9.98685E-05
9.99033E-05 0.0120439 0.193143 9.99033E-05 9.99033E-05 0.0292751 9.99033E-05 9.99033E-05 0.00546236 9.99033E-05 0.428036 9.99033E-05 0.181332 9.99033E-05 0.149608 9.99033E-05 9.99033E-05 9.99033E-05
9.98772E-05 9.98772E-05 9.98772E-05 9.98772E-05 9.98772E-05 0.0331742 9.98772E-05 9.98772E-05 9.98772E-05 9.98772E-05 0.617711 9.98772E-05 0.158276 9.98772E-05 9.98772E-05 9.98772E-05 0.189441 9.98772E-05
9.99036E-05 9.99036E-05 0.150051 9.99036E-05 0.16143 0.00847462 9.99036E-05 9.99036E-05 0.0205739 0.018952 0.514486 9.99036E-05 0.124934 9.99036E-05 9.99036E-05 9.99036E-05 9.99036E-05 9.99036E-05
9.98772E-05 9.98772E-05 9.98772E-05 9.98772E-05 9.98772E-05 0.220887 9.98772E-05 9.98772E-05 0.0570051 9.98772E-05 0.448425 9.98772E-05 0.272285 9.98772E-05 9.98772E-05 9.98772E-05 9.98772E-05 9.98772E-05
9.98684E-05 9.98684E-05 9.98684E-05 9.98684E-05 9.98684E-05 0.0446772 9.98684E-05 9.98684E-05 9.98684E-05 9.98684E-05 0.499951 0.453874 9.98684E-05 9.98684E-05 9.98684E-05 9.98684E-05 9.98684E-05 9.98684E-05
9.98945E-05 0.0279422 9.98945E-05 9.98945E-05 9.98945E-05 0.0801942 9.98945E-05 0.249878 0.0285615 9.98945E-05 0.604064 9.98945E-05 9.98945E-05 0.00816139 9.98945E-05 9.98945E-05 9.98945E-05 9.98945E-05
0.0436517 9.99034E-05 0.0390091 9.99034E-05 9.99034E-05 9.99034E-05 9.99034E-05 9.99034E-05 9.99034E-05 9.99034E-05 0.129282 0.601254 0.119109 0.0160339 9.99034E-05 9.99034E-05 0.0505617 9.99034E-05
9.9886E-05 9.9886E-05 9.9886E-05 9.9886E-05 9.9886E-05 0.0612852 9.9886E-05 9.9886E-05 9.9886E-05 9.9886E-05 0.5985 0.150632 0.113237 0.0750477 9.9886E-05 9.9886E-05 9.9886E-05 9.9886E-05
9.98947E-05 9.98947E-05 0.0452824 0.00384683 9.98947E-05 9.98947E-05 9.98947E-05 9.98947E-05 9.98947E-05 0.0195053 0.871544 9.98947E-05 0.0376648 9.98947E-05 9.98947E-05 9.98947E-05 9.98947E-05 0.0209575
9.98772E-05 9.98772E-05 9.98772E-05 9.98772E-05 9.98772E-05 9.98772E-05 9.98772E-05 0.0688378 9.98772E-05 9.98772E-05 0.868254 9.98772E-05 9.98772E-05 0.0263192 0.0351909 9.98772E-05 9.98772E-05 9.98772E-05
9.9877E-05 9.9877E-05 0.0939323 9.9877E-05 9.9877E-05 0.267875 9.9877E-05 9.9877E-05 9.9877E-05 9.9877E-05 0.457196 9.9877E-05 0.179599 9.9877E-05 9.9877E-05 9.9877E-05 9.9877E-05 9.9877E-05
9.98683E-05 9.98683E-05 9.98683E-05 9.98683E-05 9.98683E-05 0.073711 9.98683E-05 9.98683E-05 9.98683E-05 9.98683E-05 0.776171 9.98683E-05 0.14862 9.98683E-05 9.98683E-05 9.98683E-05 9.98683E-05 9.98683E-05
9.98858E-05 9.98858E-05 9.98858E-05 9.98858E-05 9.98858E-05 0.0350004 9.98858E-05 9.98858E-05 9.98858E-05 0.133866 0.787741 9.98858E-05 0.0322606 0.00983328 9.98858E-05 9.98858E-05 9.98858E-05 9.98858E-05
9.98772E-05 9.98772E-05 9.98772E-05 9.98772E-05 9.98772E-05 0.0895996 9.98772E-05 9.98772E-05 9.98772E-05 9.98772E-05 0.816875 0.0191146 9.98772E-05 9.98772E-05 0.0730122 9.98772E-05 9.98772E-05 9.98772E-05
9.98772E-05 9.98772E-05 9.98772E-05 9.98772E-05 9.98772E-05 0.0450708 9.98772E-05 9.98772E-05 9.98772E-05 9.98772E-05 0.681782 0.133612 0.138137 9.98772E-05 9.98772E-05 9.98772E-05 9.98772E-05 9.98772E-05
9.98506E-05 9.98506E-05 9.98506E-05 9.98506E-05 9.98506E-05 0.998303 9.98506E-05 9.98506E-05 9.98506E-05 9.98506E-05 9.98506E-05 9.98506E-05 9.98506E-05 9.98506E-05 9.98506E-05 9.98506E-05 9.98506E-05 9.98506E-05
9.98505E-05 9.98505E-05 9.98505E-05 9.98505E-05 9.98505E-05 9.98505E-05 9.98505E-05 9.98505E-05 9.98505E-05 9.98505E-05 9.98505E-05 9.98505E-05 0.998303 9.98505E-05 9.98505E-05 9.98505E-05 9.98505E-05 9.98505E-05
9.98506E-05 9.98506E-05 9.98506E-05 9.98506E-05 9.98506E-05 0.998303 9.98506E-05 9.98506E-05 9.98506E-05 9.98506E-05 9.98506E-05 9.98506E-05 9.98506E-05 9.98506E-05 9.98506E-05 9.98506E-05 9.98506E-05 9.98506E-05
9.98507E-05 9.98507E-05 9.98507E-05 9.98507E-05 9.98507E-05 9.98507E-05 9.98507E-05 9.98507E-05 9.98507E-05 9.98507E-05 9.98507E-05 9.98507E-05 0.998303 9.98507E-05 9.98507E-05 9.98507E-05 9.98507E-05 9.98507E-05
9.98505E-05 9.98505E-05 9.98505E-05 9.98505E-05 9.98505E-05 9.98505E-05 9.98505E-05 9.98505E-05 9.98505E-05 9.98505E-05 9.98505E-05 9.98505E-05 0.998303 9.98505E-05 9.98505E-05 9.98505E-05 9.98505E-05 9.98505E-05
9.98505E-05 9.98505E-05 9.98505E-05 9.98505E-05 9.98505E-05 9.98505E-05 9.98505E-05 9.98505E-05 9.98505E-05 9.98505E-05 9.98505E-05 9.98505E-05 0.998303 9.98505E-05 9.98505E-05 9.98505E-05 9.98505E-05 9.98505E-05
9.98506E-05 9.98506E-05 9.98506E-05 9.98506E-05 9.98506E-05 0.998303 9.98506E-05 9.98506E-05 9.98506E-05 9.98506E-05 9.98506E-05 9.98506E-05 9.98506E-05 9.98506E-05 9.98506E-05 9.98506E-05 9.98506E-05 9.98506E-05
9.98505E-05 9.98505E-05 9.98505E-05 9.98505E-05 9.98505E-05 9.98505E-05 9.98505E-05 9.98505E-05 9.98505E-05 9.98505E-05 9.98505E-05 9.98505E-05 0.998303 9.98505E-05 9.98505E-05 9.98505E-05 9.98505E-05 9.98505E-05
9.98505E-05 9.98505E-05 9.98505E-05 9.98505E-05 9.98505E-05 9.98505E-05 9.98505E-05 9.98505E-05 9.98505E-05 9.98505E-05 9.98505E-05 9.98505E-05 0.998303 9.98505E-05 9.98505E-05 9.98505E-05 9.98505E-05 9.98505E-05
9.98505E-05 9.98505E-05 9.98505E-05 9.98505E-05 9.98505E-05 0.998303 9.98505E-05 9.98505E-05 9.98505E-05 9.98505E-05 9.98505E-05 9.98505E-05 9.98505E-05 9.98505E-05 9.98505E-05 9.98505E-05 9.98505E-05 9.98505E-05
9.98505E-05 9.98505E-05 9.98505E-05 9.98505E-05 9.98505E-05 0.998303 9.98505E-05 9.98505E-05 9.98505E-05 9.98505E-05 9.98505E-05 9.98505E-05 9.98505E-05 9.98505E-05 9.98505E-05 9.98505E-05 9.98505E-05 9.98505E-05
9.98504E-05 9.98504E-05 9.98504E-05 9.98504E-05 9.98504E-05 0.998303 9.98504E-05 9.98504E-05 9.98504E-05 9.98504E-05 9.98504E-05 9.98504E-05 9.98504E-05 9.98504E-05 9.98504E-05 9.98504E-05 9.98504E-05 9.98504E-05
9.98505E-05 9.98505E-05 9.98505E-05 9.98505E-05 9.98505E-05 9.98505E-05 9.98505E-05 9.98505E-05 9.98505E-05 9.98505E-05 9.98505E-05 9.98505E-05 0.998303 9.98505E-05 9.98505E-05 9.98505E-05 9.98505E-05 9.98505E-05
9.98505E-05 9.98505E-05 9.98505E-05 9.98505E-05 9.98505E-05 9.98505E-05 9.98505E-05 9.98505E-05 9.98505E-05 9.98505E-05 9.98505E-05 9.98505E-05 0.998303 9.98505E-05 9.98505E-05 9.98505E-05 9.98505E-05 9.98505E-05
9.98505E-05 9.98505E-05 9.98505E-05 9.98505E-05 9.98505E-05 0.998303 9.98505E-05 9.98505E-05 9.98505E-05 9.98505E-05 9.98505E-05 9.98505E-05 9.98505E-05 9.98505E-05 9.98505E-05 9.98505E-05 9.98505E-05 9.98505E-05
9.98505E-05 9.98505E-05 9.98505E-05 9.98505E-05 9.98505E-05 0.998303 9.98505E-05 9.98505E-05 9.98505E-05 9.98505E-05 9.98505E-05 9.98505E-05 9.98505E-05 9.98505E-05 9.98505E-05 9.98505E-05 9.98505E-05 9.98505E-05
9.99121E-05 0.0467382 0.0654954 9.99121E-05 0.0352401 0.0704222 0.112956 0.0462004 9.99121E-05 9.99121E-05 0.546829 9.99121E-05 0.0751196 9.99121E-05 9.99121E-05 9.99121E-05 9.99121E-05 9.99121E-05
9.98505E-05 9.98505E-05 9.98505E-05 9.98505E-05 9.98505E-05 0.998303 9.98505E-05 9.98505E-05 9.98505E-05 9.98505E-05 9.98505E-05 9.98505E-05 9.98505E-05 9.98505E-05 9.98505E-05 9.98505E-05 9.98505E-05 9.98505E-05
9.98505E-05 9.98505E-05 9.98505E-05 9.98505E-05 9.98505E-05 9.98505E-05 9.98505E-05 9.98505E-05 9.98505E-05 9.98505E-05 9.98505E-05 9.98505E-05 0.998303 9.98505E-05 9.98505E-05 9.98505E-05 9.98505E-05 9.98505E-05
9.98505E-05 9.98505E-05 9.98505E-05 9.98505E-05 9.98505E-05 0.998303 9.98505E-05 9.98505E-05 9.98505E-05 9.98505E-05 9.98505E-05 9.98505E-05 9.98505E-05 9.98505E-05 9.98505E-05 9.98505E-05 9.98505E-05 9.98505E-05
9.98505E-05 9.98505E-05 9.98505E-05 9.98505E-05 9.98505E-05 0.998303 9.98505E-05 9.98505E-05 9.98505E-05 9.98505E-05 9.98505E-05 9.98505E-05 9.98505E-05 9.98505E-05 9.98505E-05 9.98505E-05 9.98505E-05 9.98505E-05
9.98505E-05 9.98505E-05 9.98505E-05 9.98505E-05 9.98505E-05 0.998303 9.98505E-05 9.98505E-05 9.98505E-05 9.98505E-05 9.98505E-05 9.98505E-05 9.98505E-05 9.98505E-05 9.98505E-05 9.98505E-05 9.98505E-05 9.98505E-05
9.98506E-05 9.98506E-05 9.98506E-05 9.98506E-05 9.98506E-05 9.98506E-05 9.98506E-05 9.98506E-05 9.98506E-05 9.98506E-05 9.98506E-05 9.98506E-05 0.998303 9.98506E-05 9.98506E-05 9.98506E-05 9.98506E-05 9.98506E-05
9.98505E-05 9.98505E-05 9.98505E-05 9.98505E-05 9.98505E-05 0.998303 9.98505E-05 9.98505E-05 9.98505E-05 9.98505E-05 9.98505E-05 9.98505E-05 9.98505E-05 9.98505E-05 9.98505E-05 9.98505E-05 9.98505E-05 9.98505E-05
9.98505E-05 9.98505E-05 9.98505E-05 9.98505E-05 9.98505E-05 9.98505E-05 9.98505E-05 9.98505E-05 9.98505E-05 9.98505E-05 9.98505E-05 9.98505E-05 0.998303 9.98505E-05 9.98505E-05 9.98505E-05 9.98505E-05 9.98505E-05
9.98506E-05 9.98506E-05 9.98506E-05 9.98506E-05 9.98506E-05 0.998303 9.98506E-05 9.98506E-05 9.98506E-05 9.98506E-05 9.98506E-05 9.98506E-05 9.98506E-05 9.98506E-05 9.98506E-05 9.98506E-05 9.98506E-05 9.98506E-05
9.98505E-05 9.98505E-05 9.98505E-05 9.98505E-05 9.98505E-05 0.998303 9.98505E-05 9.98505E-05 9.98505E-05 9.98505E-05 9.98505E-05 9.98505E-05 9.98505E-05 9.98505E-05 9.98505E-05 9.98505E-05 9.98505E-05 9.98505E-05
9.98505E-05 9.98505E-05 9.98505E-05 9.98505E-05 9.98505E-05 9.98505E-05 9.98505E-05 9.98505E-05 9.98505E-05 9.98505E-05 9.98505E-05 9.98505E-05 0.998303 9.98505E-05 9.98505E-05 9.98505E-05 9.98505E-05 9.98505E-05
9.98505E-05 9.98505E-05 9.98505E-05 9.98505E-05 9.98505E-05 9.98505E-05 9.98505E-05 9.98505E-05 9.98505E-05 9.98505E-05 9.98505E-05 9.98505E-05 0.998303 9.98505E-05 9.98505E-05 9.98505E-05 9.98505E-05 9.98505E-05
9.98506E-05 9.98506E-05 9.98506E-05 9.98506E-05 9.98506E-05 9.98506E-05 9.98506E-05 9.98506E-05 9.98506E-05 9.98506E-05 9.98506E-05 9.98506E-05 0.998303 9.98506E-05 9.98506E-05 9.98506E-05 9.98506E-05 9.98506E-05
9.98505E-05 9.98505E-05 9.98505E-05 9.98505E-05 9.98505E-05 0.998303 9.98505E-05 9.98505E-05 9.98505E-05 9.98505E-05 9.98505E-05 9.98505E-05 9.98505E-05 9.98505E-05 9.98505E-05 9.98505E-05 9.98505E-05 9.98505E-05
9.98506E-05 9.98506E-05 9.98506E-05 9.98506E-05 9.98506E-05 0.998303 9.98506E-05 9.98506E-05 9.98506E-05 9.98506E-05 9.98506E-05 9.98506E-05 9.98506E-05 9.98506E-05 9.98506E-05 9.98506E-05 9.98506E-05 9.98506E-05
9.98505E-05 9.98505E-05 9.98505E-05 9.98505E-05 9.98505E-05 0.998303 9.98505E-05 9.98505E-05 9.98505E-05 9.98505E-05 9.98505E-05 9.98505E-05 9.98505E-05 9.98505E-05 9.98505E-05 9.98505E-05 9.98505E-05 9.98505E-05
9.98505E-05 9.98505E-05 9.98505E-05 9.98505E-05 9.98505E-05 0.998303 9.98505E-05 9.98505E-05 9.98505E-05 9.98505E-05 9.98505E-05 9.98505E-05 9.98505E-05 9.98505E-05 9.98505E-05 9.98505E-05 9.98505E-05 9.98505E-05
9.98506E-05 9.98506E-05 9.98506E-05 9.98506E-05 9.98506E-05 0.998303 9.98506E-05 9.98506E-05 9.98506E-05 9.98506E-05 9.98506E-05 9.98506E-05 9.98506E-05 9.98506E-05 9.98506E-05 9.98506E-05 9.98506E-05 9.98506E-05
9.98505E-05 9.98505E-05 9.98505E-05 9.98505E-05 9.98505E-05 9.98505E-05 9.98505E-05 9.98505E-05 9.98505E-05 9.98505E-05 9.98505E-05 9.98505E-05 0.998303 9.98505E-05 9.98505E-05 9.98505E-05 9.98505E-05 9.98505E-05
9.98506E-05 9.98506E-05 9.98506E-05 9.98506E-05 9.98506E-05 9.98506E-05 9.98506E-05 9.98506E-05 9.98506E-05 9.98506E-05 9.98506E-05 9.98506E-05 0.998303 9.98506E-05 9.98506E-05 9.98506E-05 9.98506E-05 9.98506E-05
9.98505E-05 9.98505E-05 9.98505E-05 9.98505E-05 9.98505E-05 9.98505E-05 9.98505E-05 9.98505E-05 9.98505E-05 9.98505E-05 9.98505E-05 9.98505E-05 0.998303 9.98505E-05 9.98505E-05 9.98505E-05 9.98505E-05 9.98505E-05
9.98506E-05 9.98506E-05 9.98506E-05 9.98506E-05 9.98506E-05 0.998303 9.98506E-05 9.98506E-05 9.98506E-05 9.98506E-05 9.98506E-05 9.98506E-05 9.98506E-05 9.98506E-05 9.98506E-05 9.98506E-05 9.98506E-05 9.98506E-05
9.98505E-05 9.98505E-05 9.98505E-05 9.98505E-05 9.98505E-05 9.98505E-05 9.98505E-05 9.98505E-05 9.98505E-05 9.98505E-05 9.98505E-05 9.98505E-05 0.998303 9.98505E-05 9.98505E-05 9.98505E-05 9.98505E-05 9.98505E-05
9.98505E-05 9.98505E-05 9.98505E-05 9.98505E-05 9.98505E-05 9.98505E-05 9.98505E-05 9.98505E-05 9.98505E-05 9.98505E-05 9.98505E-05 9.98505E-05 0.998303 9.98505E-05 9.98505E-05 9.98505E-05 9.98505E-05 9.98505E-05
9.98506E-05 9.98506E-05 9.98506E-05 9.98506E-05 9.98506E-05 9.98506E-05 9.98506E-05 9.98506E-05 9.98506E-05 9.98506E-05 9.98506E-05 9.98506E-05 0.998303 9.98506E-05 9.98506E-05 9.98506E-05 9.98506E-05 9.98506E-05
9.98505E-05 9.98505E-05 9.98505E-05 9.98505E-05 9.98505E-05 9.98505E-05 9.98505E-05 9.98505E-05 9.98505E-05 9.98505E-05 9.98505E-05 9.98505E-05 0.998303 9.98505E-05 9.98505E-05 9.98505E-05 9.98505E-05 9.98505E-05
9.98504E-05 9.98504E-05 9.98504E-05 9.98504E-05 9.98504E-05 0.998303 9.98504E-05 9.98504E-05 9.98504E-05 9.98504E-05 9.98504E-05 9.98504E-05 9.98504E-05 9.98504E-05 9.98504E-05 9.98504E-05 9.98504E-05 9.98504E-05
9.98506E-05 9.98506E-05 9.98506E-05 9.98506E-05 9.98506E-05 9.98506E-05 9.98506E-05 9.98506E-05 9.98506E-05 9.98506E-05 9.98506E-05 9.98506E-05 0.998303 9.98506E-05 9.98506E-05 9.98506E-05 9.98506E-05 9.98506E-05
9.98505E-05 9.98505E-05 9.98505E-05 9.98505E-05 9.98505E-05 9.98505E-05 9.98505E-05 9.98505E-05 9.98505E-05 9.98505E-05 9.98505E-05 9.98505E-05 0.998303 9.98505E-05 9.98505E-05 9.98505E-05 9.98505E-05 9.98505E-05
9.98945E-05 0.0707576 9.98945E-05 9.98945E-05 0.0192724 0.103731 9.98945E-05 0.195227 9.98945E-05 9.98945E-05 0.601484 9.98945E-05 0.00832895 9.98945E-05 9.98945E-05 9.98945E-05 9.98945E-05 9.98945E-05
