0.250621 9.98947E-05 0.130778 0.0993086 0.13261 0.188371 9.98947E-05 9.98947E-05 0.00353932 9.98947E-05 9.98947E-05 0.0136738 9.98947E-05 9.98947E-05 9.98947E-05 9.98947E-05 9.98947E-05 0.179899 9.98947E-05 9.98947E-05
0.346215 0.0493616 0.106185 9.98772E-05 9.98772E-05 0.355886 9.98772E-05 9.98772E-05 9.98772E-05 9.98772E-05 9.98772E-05 0.0494883 9.98772E-05 9.98772E-05 9.98772E-05 9.98772E-05 9.98772E-05 0.0914662 9.98772E-05 9.98772E-05
0.777444 0.0251069 9.98597E-05 9.98597E-05 9.98597E-05 0.178806 9.98597E-05 9.98597E-05 9.98597E-05 9.98597E-05 9.98597E-05 9.98597E-05 9.98597E-05 9.98597E-05 9.98597E-05 9.98597E-05 9.98597E-05 9.98597E-05 0.0170451 9.98597E-05
9.9921E-05 0.0171363 9.9921E-05 0.0918236 9.9921E-05 0.381234 9.9921E-05 0.111124 0.00178044 0.0416404 0.0335153 0.0271927 9.9921E-05 0.254633 0.0276663 9.9921E-05 0.0113551 9.9921E-05 9.9921E-05 9.9921E-05
0.814548 0.0778104 0.0164888 9.98773E-05 9.98773E-05 0.0311166 9.98773E-05 9.98773E-05 9.98773E-05 0.0353187 9.98773E-05 9.98773E-05 9.98773E-05 9.98773E-05 9.98773E-05 9.98773E-05 0.0233197 9.98773E-05 9.98773E-05 9.98773E-05
9.9886E-05 0.00755514 0.0700567 9.9886E-05 9.9886E-05 0.247103 9.9886E-05 0.119715 9.9886E-05 0.137166 9.9886E-05 9.9886E-05 9.9886E-05 9.9886E-05 9.9886E-05 9.9886E-05 0.179126 0.237981 9.9886E-05 9.9886E-05
9.99035E-05 9.99035E-05 0.0934315 0.0971264 0.0296078 0.408325 9.99035E-05 9.99035E-05 9.99035E-05 0.0522482 9.99035E-05 0.0856164 9.99035E-05 0.0579767 9.99035E-05 9.99035E-05 9.99035E-05 0.106438 0.0681305 9.99035E-05
9.98859E-05 0.108796 9.98859E-05 0.155371 9.98859E-05 0.367351 0.0359979 9.98859E-05 9.98859E-05 0.0745766 9.98859E-05 9.98859E-05 9.98859E-05 9.98859E-05 9.98859E-05 0.103681 0.152929 9.98859E-05 9.98859E-05 9.98859E-05
0.0608421 0.0128423 9.98947E-05 9.98947E-05 0.164737 0.30487 9.98947E-05 0.0359979 0.201846 9.98947E-05 0.00514195 9.98947E-05 9.98947E-05 9.98947E-05 9.98947E-05 9.98947E-05 0.212524 9.98947E-05 9.98947E-05 9.98947E-05
0.991059 9.9842E-05 9.9842E-05 9.9842E-05 0.00714386 9.9842E-05 9.9842E-05 9.9842E-05 9.9842E-05 9.9842E-05 9.9842E-05 9.9842E-05 9.9842E-05 9.9842E-05 9.9842E-05 9.9842E-05 9.9842E-05 9.9842E-05 9.9842E-05 9.9842E-05
9.98683E-05 9.98683E-05 9.98683E-05 0.0535144 9.98683E-05 0.588456 9.98683E-05 9.98683E-05 0.148939 9.98683E-05 9.98683E-05 0.155698 9.98683E-05 9.98683E-05 9.98683E-05 9.98683E-05 9.98683E-05 0.0518948 9.98683E-05 9.98683E-05
0.965636 9.98509E-05 9.98509E-05 9.98509E-05 9.98509E-05 9.98509E-05 9.98509E-05 9.98509E-05 9.98509E-05 9.98509E-05 9.98509E-05 0.0156446 9.98509E-05 9.98509E-05 9.98509E-05 0.0170219 9.98509E-05 9.98509E-05 9.98509E-05 9.98509E-05
0.426461 9.98596E-05 9.98596E-05 0.0645959 9.98596E-05 0.485356 9.98596E-05 9.98596E-05 0.0219892 9.98596E-05 9.98596E-05 9.98596E-05 9.98596E-05 9.98596E-05 9.98596E-05 9.98596E-05 9.98596E-05 9.98596E-05 9.98596E-05 9.98596E-05
9.98859E-05 9.98859E-05 9.98859E-05 9.98859E-05 9.98859E-05 0.830041 9.98859E-05 0.000768535 0.0313453 9.98859E-05 0.0333687 0.0187435 0.00483171 9.98859E-05 9.98859E-05 9.98859E-05 9.98859E-05 9.98859E-05 9.98859E-05 0.0796023
0.350668 9.98772E-05 9.98772E-05 9.98772E-05 9.98772E-05 9.98772E-05 9.98772E-05 0.1542 0.0672996 9.98772E-05 0.107314 9.98772E-05 9.98772E-05 9.98772E-05 9.98772E-05 9.98772E-05 0.16868 0.150439 9.98772E-05 9.98772E-05
0.0894133 9.99034E-05 9.99034E-05 0.0660822 9.99034E-05 0.142039 9.99034E-05 9.99034E-05 0.0764947 0.0536748 9.99034E-05 9.99034E-05 9.99034E-05 0.0382626 9.99034E-05 0.155331 0.187611 0.189992 9.99034E-05 9.99034E-05
0.453157 9.99035E-05 0.0553066 9.99035E-05 9.99035E-05 0.156947 9.99035E-05 9.99035E-05 0.0724655 9.99035E-05 9.99035E-05 0.0482051 0.046397 0.0170987 9.99035E-05 0.00540339 9.99035E-05 9.99035E-05 9.99035E-05 0.143921
9.99034E-05 9.99034E-05 9.99034E-05 0.122133 0.00556347 0.254967 0.154738 0.00390703 0.0456334 9.99034E-05 9.99034E-05 9.99034E-05 9.99034E-05 9.99034E-05 0.101354 9.99034E-05 0.013418 0.297188 9.99034E-05 9.99034E-05
0.272273 9.98859E-05 9.98859E-05 0.176335 9.98859E-05 0.0731736 9.98859E-05 9.98859E-05 0.213288 0.151968 9.98859E-05 9.98859E-05 0.00957337 9.98859E-05 9.98859E-05 9.98859E-05 0.10209 9.98859E-05 9.98859E-05 9.98859E-05
0.998103 9.98334E-05 9.98334E-05 9.98334E-05 9.98334E-05 9.98334E-05 9.98334E-05 9.98334E-05 9.98334E-05 9.98334E-05 9.98334E-05 9.98334E-05 9.98334E-05 9.98334E-05 9.98334E-05 9.98334E-05 9.98334E-05 9.98334E-05 9.98334E-05 9.98334E-05
9.99034E-05 9.99034E-05 9.99034E-05 9.99034E-05 0.0057396 0.663954 9.99034E-05 9.99034E-05 0.0205602 9.99034E-05 0.107115 0.0272207 9.99034E-05 0.00830385 0.0284873 0.0557655 0.0817549 9.99034E-05 9.99034E-05 9.99034E-05
0.270882 9.98685E-05 9.98685E-05 0.356231 9.98685E-05 9.98685E-05 9.98685E-05 0.12234 9.98685E-05 0.0727017 9.98685E-05 9.98685E-05 9.98685E-05 9.98685E-05 9.98685E-05 9.98685E-05 0.176347 9.98685E-05 9.98685E-05 9.98685E-05
9.98597E-05 9.98597E-05 9.98597E-05 9.98597E-05 9.98597E-05 0.654922 9.98597E-05 9.98597E-05 0.0893676 9.98597E-05 9.98597E-05 0.00067409 9.98597E-05 9.98597E-05 9.98597E-05 9.98597E-05 9.98597E-05 0.253438 9.98597E-05 9.98597E-05
0.0535094 9.98683E-05 9.98683E-05 0.295147 0.00594823 0.417029 9.98683E-05 9.98683E-05 0.226868 9.98683E-05 9.98683E-05 9.98683E-05 9.98683E-05 9.98683E-05 9.98683E-05 9.98683E-05 9.98683E-05 9.98683E-05 9.98683E-05 9.98683E-05
9.98946E-05 9.98946E-05 9.98946E-05 0.0747377 9.98946E-05 0.380443 9.98946E-05 0.108487 0.23132 9.98946E-05 9.98946E-05 0.0432188 0.0771036 9.98946E-05 0.0602638 9.98946E-05 0.0232274 9.98946E-05 9.98946E-05 9.98946E-05
0.503494 9.98771E-05 9.98771E-05 0.0765436 9.98771E-05 0.221704 9.98771E-05 0.0915461 0.0895023 9.98771E-05 0.0158113 9.98771E-05 9.98771E-05 9.98771E-05 9.98771E-05 9.98771E-05 9.98771E-05 9.98771E-05 9.98771E-05 9.98771E-05
0.0482415 9.98946E-05 9.98946E-05 0.306273 0.030573 9.98946E-05 0.155265 0.349037 0.0361882 9.98946E-05 9.98946E-05 9.98946E-05 9.98946E-05 9.98946E-05 0.00700603 0.0662177 9.98946E-05 9.98946E-05 9.98946E-05 9.98946E-05
0.475979 9.98772E-05 9.98772E-05 0.0392939 9.98772E-05 0.38995 9.98772E-05 9.98772E-05 0.0157246 0.0435411 9.98772E-05 9.98772E-05 9.98772E-05 0.0341131 9.98772E-05 9.98772E-05 9.98772E-05 9.98772E-05 9.98772E-05 9.98772E-05
0.610964 9.98772E-05 9.98772E-05 0.0596443 9.98772E-05 9.98772E-05 9.98772E-05 0.0240673 0.205286 9.98772E-05 9.98772E-05 9.98772E-05 9.98772E-05 9.98772E-05 0.0201869 9.98772E-05 9.98772E-05 0.0784528 9.98772E-05 9.98772E-05
0.78402 9.98948E-05 0.0151852 9.98948E-05 9.98948E-05 9.98948E-05 9.98948E-05 0.0522137 0.0335919 0.0232099 9.98948E-05 0.0416164 9.98948E-05 9.98948E-05 9.98948E-05 9.98948E-05 0.0324493 9.98948E-05 9.98948E-05 0.0165149
0.851477 9.98684E-05 9.98684E-05 9.98684E-05 9.98684E-05 9.98684E-05 9.98684E-05 9.98684E-05 0.00666236 9.98684E-05 9.98684E-05 0.0903812 0.037438 9.98684E-05 9.98684E-05 9.98684E-05 9.98684E-05 0.0125434 9.98684E-05 9.98684E-05
9.98772E-05 9.98772E-05 9.98772E-05 9.98772E-05 9.98772E-05 0.652083 9.98772E-05 0.215742 0.023357 0.0571296 9.98772E-05 0.049355 9.98772E-05 0.000935761 9.98772E-05 9.98772E-05 9.98772E-05 9.98772E-05 9.98772E-05 9.98772E-05
9.98683E-05 9.98683E-05 9.98683E-05 0.0247407 9.98683E-05 0.653702 9.98683E-05 9.98683E-05 0.0922473 9.98683E-05 9.98683E-05 0.149006 9.98683E-05 9.98683E-05 9.98683E-05 9.98683E-05 9.98683E-05 0.0788059 9.98683E-05 9.98683E-05
0.157576 0.00865366 9.99298E-05 0.0543638 9.99298E-05 0.411874 0.0498677 0.041521 0.101397 0.0615621 9.99298E-05 0.0412513 9.99298E-05 9.99298E-05 0.00347259 9.99298E-05 9.99298E-05 9.99298E-05 0.0476663 0.0199947
0.914975 9.98598E-05 0.0453647 9.98598E-05 9.98598E-05 9.98598E-05 9.98598E-05 9.98598E-05 9.98598E-05 9.98598E-05 9.98598E-05 0.0201151 9.98598E-05 9.98598E-05 0.0179474 9.98598E-05 9.98598E-05 9.98598E-05 9.98598E-05 9.98598E-05
0.752418 9.98684E-05 0.0395349 0.0270529 9.98684E-05 9.98684E-05 9.98684E-05 9.98684E-05 9.98684E-05 9.98684E-05 9.98684E-05 9.98684E-05 9.98684E-05 0.164938 9.98684E-05 9.98684E-05 0.0145577 9.98684E-05 9.98684E-05 9.98684E-05
0.498724 9.98685E-05 0.0290005 9.98685E-05 9.98685E-05 0.360865 9.98685E-05 9.98685E-05 9.98685E-05 0.0948846 9.98685E-05 9.98685E-05 9.98685E-05 9.98685E-05 9.98685E-05 9.98685E-05 9.98685E-05 9.98685E-05 0.0150278 9.98685E-05
9.98772E-05 9.98772E-05 0.094689 9.98772E-05 9.98772E-05 0.785372 9.98772E-05 9.98772E-05 0.00980705 9.98772E-05 9.98772E-05 9.98772E-05 9.98772E-05 9.98772E-05 0.000885056 9.98772E-05 0.102306 9.98772E-05 9.98772E-05 0.00554258
0.573786 0.00179982 0.0113206 0.0511816 9.99036E-05 9.99036E-05 9.99036E-05 9.99036E-05 0.187539 9.99036E-05 9.99036E-05 0.0245186 9.99036E-05 9.99036E-05 0.0688401 9.99036E-05 0.00887186 9.99036E-05 9.99036E-05 0.0710439
0.143517 9.98771E-05 9.98771E-05 9.98771E-05 9.98771E-05 0.526754 9.98771E-05 0.124209 0.103985 0.0167092 9.98771E-05 9.98771E-05 9.98771E-05 9.98771E-05 9.98771E-05 0.0834274 9.98771E-05 9.98771E-05 9.98771E-05 9.98771E-05
0.976317 9.98509E-05 9.98509E-05 0.0113106 9.98509E-05 9.98509E-05 9.98509E-05 9.98509E-05 0.0106751 9.98509E-05 9.98509E-05 9.98509E-05 9.98509E-05 9.98509E-05 9.98509E-05 9.98509E-05 9.98509E-05 9.98509E-05 9.98509E-05 9.98509E-05
0.744749 9.98598E-05 9.98598E-05 0.200069 0.00458638 9.98598E-05 9.98598E-05 9.98598E-05 0.0489977 9.98598E-05 9.98598E-05 9.98598E-05 9.98598E-05 9.98598E-05 9.98598E-05 9.98598E-05 9.98598E-05 9.98598E-05 9.98598E-05 9.98598E-05
0.600681 9.98947E-05 0.0693127 0.0527394 9.98947E-05 0.202564 0.00363334 9.98947E-05 9.98947E-05 0.00430266 0.00553292 9.98947E-05 9.98947E-05 9.98947E-05 9.98947E-05 9.98947E-05 9.98947E-05 9.98947E-05 9.98947E-05 0.0600356
0.400437 9.98859E-05 9.98859E-05 0.0643809 0.0659625 9.98859E-05 9.98859E-05 9.98859E-05 0.14577 9.98859E-05 9.98859E-05 0.0318564 9.98859E-05 9.98859E-05 9.98859E-05 9.98859E-05 0.10083 0.189464 9.98859E-05 9.98859E-05
9.98772E-05 9.98772E-05 9.98772E-05 0.377542 9.98772E-05 0.360155 9.98772E-05 9.98772E-05 0.159698 0.0725335 9.98772E-05 9.98772E-05 9.98772E-05 0.0141643 0.0145084 9.98772E-05 9.98772E-05 9.98772E-05 9.98772E-05 9.98772E-05
0.924713 9.98596E-05 9.98596E-05 9.98596E-05 9.98596E-05 0.000247588 9.98596E-05 9.98596E-05 9.98596E-05 0.015616 9.98596E-05 9.98596E-05 9.98596E-05 9.98596E-05 0.0578258 9.98596E-05 9.98596E-05 9.98596E-05 9.98596E-05 9.98596E-05
9.98509E-05 9.98509E-05 9.98509E-05 9.98509E-05 9.98509E-05 0.925968 0.0323545 9.98509E-05 0.03998 9.98509E-05 9.98509E-05 9.98509E-05 9.98509E-05 9.98509E-05 9.98509E-05 9.98509E-05 9.98509E-05 9.98509E-05 9.98509E-05 9.98509E-05
0.998103 9.98334E-05 9.98334E-05 9.98334E-05 9.98334E-05 9.98334E-05 9.98334E-05 9.98334E-05 9.98334E-05 9.98334E-05 9.98334E-05 9.98334E-05 9.98334E-05 9.98334E-05 9.98334E-05 9.98334E-05 9.98334E-05 9.98334E-05 9.98334E-05 9.98334E-05
0.540097 9.98859E-05 9.98859E-05 0.129843 9.98859E-05 0.172295 9.98859E-05 9.98859E-05 0.115208 0.0338598 9.98859E-05 0.00329731 9.98859E-05 9.98859E-05 9.98859E-05 9.98859E-05 9.98859E-05 0.0041016 9.98859E-05 9.98859E-05
9.9851E-05 9.9851E-05 9.9851E-05 9.9851E-05 9.9851E-05 0.875076 9.9851E-05 9.9851E-05 9.9851E-05 0.051478 9.9851E-05 9.9851E-05 9.9851E-05 9.9851E-05 9.9851E-05 9.9851E-05 9.9851E-05 9.9851E-05 0.0717483 9.9851E-05
9.99121E-05 9.99121E-05 9.99121E-05 0.0572199 0.0540829 0.337562 9.99121E-05 0.158546 0.167504 0.0124276 9.99121E-05 0.108988 9.99121E-05 0.0173155 9.99121E-05 9.99121E-05 0.0553519 0.0300023 9.99121E-05 9.99121E-05
9.98684E-05 9.98684E-05 9.98684E-05 0.150246 0.0471815 0.744859 9.98684E-05 9.98684E-05 9.98684E-05 9.98684E-05 9.98684E-05 9.98684E-05 9.98684E-05 0.033882 0.0223337 9.98684E-05 9.98684E-05 9.98684E-05 9.98684E-05 9.98684E-05
0.922313 9.98509E-05 9.98509E-05 9.98509E-05 9.98509E-05 9.98509E-05 9.98509E-05 9.98509E-05 0.0416484 9.98509E-05 9.98509E-05 9.98509E-05 0.0343416 9.98509E-05 9.98509E-05 9.98509E-05 9.98509E-05 9.98509E-05 9.98509E-05 9.98509E-05
9.98685E-05 0.0236319 9.98685E-05 9.98685E-05 9.98685E-05 0.78075 0.0626315 9.98685E-05 9.98685E-05 9.98685E-05 9.98685E-05 9.98685E-05 9.98685E-05 9.98685E-05 9.98685E-05 0.105885 0.0256035 9.98685E-05 9.98685E-05 9.98685E-05
0.797602 9.9851E-05 9.9851E-05 9.9851E-05 9.9851E-05 9.9851E-05 9.9851E-05 9.9851E-05 0.0688591 9.9851E-05 9.9851E-05 9.9851E-05 0.131841 9.9851E-05 9.9851E-05 9.9851E-05 9.9851E-05 9.9851E-05 9.9851E-05 9.9851E-05
0.785208 9.98684E-05 9.98684E-05 9.98684E-05 9.98684E-05 9.98684E-05 9.98684E-05 0.168805 9.98684E-05 0.0247561 9.98684E-05 0.00339895 9.98684E-05 9.98684E-05 0.0163339 9.98684E-05 9.98684E-05 9.98684E-05 9.98684E-05 9.98684E-05
0.835405 9.9877E-05 0.011214 0.0214978 9.9877E-05 9.9877E-05 0.066077 9.9877E-05 0.00866772 0.0557398 9.9877E-05 9.9877E-05 9.9877E-05 9.9877E-05 9.9877E-05 9.9877E-05 9.9877E-05 9.9877E-05 9.9877E-05 9.9877E-05
0.0205018 9.98683E-05 9.98683E-05 9.98683E-05 9.98683E-05 0.83978 9.98683E-05 9.98683E-05 0.0312688 9.98683E-05 9.98683E-05 0.00627977 9.98683E-05 0.100671 9.98683E-05 9.98683E-05 9.98683E-05 9.98683E-05 9.98683E-05 9.98683E-05
0.11765 9.98509E-05 0.00353748 9.98509E-05 9.98509E-05 0.877115 9.98509E-05 9.98509E-05 9.98509E-05 9.98509E-05 9.98509E-05 9.98509E-05 9.98509E-05 9.98509E-05 9.98509E-05 9.98509E-05 9.98509E-05 9.98509E-05 9.98509E-05 9.98509E-05
9.98859E-05 9.98859E-05 9.98859E-05 9.98859E-05 9.98859E-05 9.98859E-05 9.98859E-05 0.00472373 0.105642 9.98859E-05 0.0555021 0.140306 9.98859E-05 9.98859E-05 9.98859E-05 9.98859E-05 0.0372662 0.63067 0.0245919 9.98859E-05
9.98685E-05 9.98685E-05 9.98685E-05 0.0721341 0.0295791 9.98685E-05 9.98685E-05 9.98685E-05 9.98685E-05 9.98685E-05 9.98685E-05 9.98685E-05 9.98685E-05 0.044374 9.98685E-05 0.00413172 9.98685E-05 0.848283 9.98685E-05 9.98685E-05
9.98596E-05 9.98596E-05 9.98596E-05 9.98596E-05 9.98596E-05 9.98596E-05 0.0272508 9.98596E-05 9.98596E-05 9.98596E-05 9.98596E-05 9.98596E-05 9.98596E-05 9.98596E-05 9.98596E-05 9.98596E-05 9.98596E-05 0.934346 0.0222857 0.0145201
9.9886E-05 9.9886E-05 0.3089 9.9886E-05 9.9886E-05 9.9886E-05 0.023902 0.157814 0.0770059 9.9886E-05 9.9886E-05 9.9886E-05 9.9886E-05 9.9886E-05 9.9886E-05 9.9886E-05 0.0949459 0.264385 0.0717479 9.9886E-05
9.9912E-05 0.0506935 9.9912E-05 0.0120356 9.9912E-05 9.9912E-05 0.0327 9.9912E-05 0.0347126 0.0294878 9.9912E-05 9.9912E-05 9.9912E-05 9.9912E-05 0.0685114 0.022913 0.0297824 0.667835 0.0503291 9.9912E-05
9.98769E-05 9.98769E-05 9.98769E-05 9.98769E-05 0.0716797 9.98769E-05 9.98769E-05 9.98769E-05 0.203198 9.98769E-05 0.150619 9.98769E-05 0.000948763 9.98769E-05 9.98769E-05 9.98769E-05 0.0352754 0.536881 9.98769E-05 9.98769E-05
9.98681E-05 9.98681E-05 0.234594 9.98681E-05 9.98681E-05 9.98681E-05 9.98681E-05 9.98681E-05 0.11939 9.98681E-05 9.98681E-05 0.0319971 9.98681E-05 0.0772613 9.98681E-05 9.98681E-05 9.98681E-05 0.535259 9.98681E-05 9.98681E-05
9.98883E-05 9.98883E-05 0.0951934 9.98883E-05 9.98883E-05 9.98883E-05 0.103885 0.014793 0.0638019 0.0552491 9.98883E-05 9.98883E-05 9.98883E-05 9.98883E-05 9.98883E-05 9.98883E-05 0.0646588 0.60112 9.98883E-05 9.98883E-05
9.9842E-05 9.9842E-05 0.0487889 9.9842E-05 9.9842E-05 9.9842E-05 9.9842E-05 9.9842E-05 9.9842E-05 9.9842E-05 9.9842E-05 9.9842E-05 9.9842E-05 9.9842E-05 9.9842E-05 9.9842E-05 9.9842E-05 0.949414 9.9842E-05 9.9842E-05
9.98595E-05 9.98595E-05 9.98595E-05 9.98595E-05 9.98595E-05 9.98595E-05 9.98595E-05 9.98595E-05 0.0183048 9.98595E-05 9.98595E-05 0.03286 9.98595E-05 0.100525 9.98595E-05 9.98595E-05 9.98595E-05 0.846712 9.98595E-05 9.98595E-05
9.98682E-05 9.98682E-05 9.98682E-05 9.98682E-05 9.98682E-05 9.98682E-05 9.98682E-05 9.98682E-05 0.266227 9.98682E-05 9.98682E-05 0.0978011 9.98682E-05 9.98682E-05 0.0410025 9.98682E-05 0.0614757 0.531996 9.98682E-05 9.98682E-05
9.99034E-05 9.99034E-05 0.0539005 0.227505 9.99034E-05 9.99034E-05 9.99034E-05 9.99034E-05 0.0356308 0.0184154 0.124721 0.0330163 9.99034E-05 9.99034E-05 9.99034E-05 9.99034E-05 0.0591721 0.422436 0.0241041 9.99034E-05
9.98769E-05 0.109539 9.98769E-05 9.98769E-05 9.98769E-05 9.98769E-05 9.98769E-05 0.0143881 9.98769E-05 9.98769E-05 9.98769E-05 0.0997963 9.98769E-05 9.98769E-05 9.98769E-05 0.0845622 0.134171 0.556145 9.98769E-05 9.98769E-05
9.9877E-05 0.0663754 9.9877E-05 0.215845 9.9877E-05 9.9877E-05 9.9877E-05 0.0105762 0.183619 0.0121324 9.9877E-05 9.9877E-05 9.9877E-05 9.9877E-05 9.9877E-05 9.9877E-05 9.9877E-05 0.510053 9.9877E-05 9.9877E-05
9.98511E-05 9.98511E-05 9.98511E-05 9.98511E-05 9.98511E-05 9.98511E-05 9.98511E-05 9.98511E-05 9.98511E-05 9.98511E-05 9.98511E-05 0.0479622 9.98511E-05 9.98511E-05 9.98511E-05 0.0162735 9.98511E-05 0.934067 9.98511E-05 9.98511E-05
9.98684E-05 9.98684E-05 9.98684E-05 9.98684E-05 9.98684E-05 9.98684E-05 9.98684E-05 9.98684E-05 0.00860602 9.98684E-05 9.98684E-05 0.00108452 9.98684E-05 0.0113525 9.98684E-05 9.98684E-05 0.0122293 0.96523 9.98684E-05 9.98684E-05
9.9877E-05 9.9877E-05 9.9877E-05 9.9877E-05 9.9877E-05 9.9877E-05 0.0789046 9.9877E-05 0.150233 0.0974097 9.9877E-05 9.9877E-05 9.9877E-05 9.9877E-05 9.9877E-05 0.0101302 9.9877E-05 0.618548 0.0433755 9.9877E-05
9.9877E-05 9.9877E-05 9.9877E-05 0.0743803 9.9877E-05 9.9877E-05 9.9877E-05 9.9877E-05 9.9877E-05 0.112907 9.9877E-05 0.144046 9.9877E-05 0.0192859 9.9877E-05 9.9877E-05 0.0500069 0.597976 9.9877E-05 9.9877E-05
9.98682E-05 9.98682E-05 9.98682E-05 9.98682E-05 9.98682E-05 9.98682E-05 0.0858062 9.98682E-05 0.028289 0.0131855 9.98682E-05 0.0165211 9.98682E-05 9.98682E-05 9.98682E-05 9.98682E-05 9.98682E-05 0.8547 9.98682E-05 9.98682E-05
9.98592E-05 9.98592E-05 9.98592E-05 9.98592E-05 9.98592E-05 9.98592E-05 9.98592E-05 9.98592E-05 0.237677 9.98592E-05 9.98592E-05 0.0176085 9.98592E-05 9.98592E-05 9.98592E-05 0.100502 9.98592E-05 0.642615 9.98592E-05 9.98592E-05
9.98511E-05 0.0121605 9.98511E-05 9.98511E-05 9.98511E-05 9.98511E-05 9.98511E-05 9.98511E-05 9.98511E-05 9.98511E-05 9.98511E-05 9.98511E-05 9.98511E-05 9.98511E-05 9.98511E-05 9.98511E-05 9.98511E-05 0.936523 9.98511E-05 0.0496195
9.98681E-05 9.98681E-05 0.0213554 0.311789 9.98681E-05 9.98681E-05 9.98681E-05 9.98681E-05 0.0477992 0.00133868 9.98681E-05 9.98681E-05 9.98681E-05 9.98681E-05 9.98681E-05 9.98681E-05 9.98681E-05 0.61622 9.98681E-05 9.98681E-05
9.98684E-05 9.98684E-05 0.0317645 0.0796353 9.98684E-05 9.98684E-05 9.98684E-05 0.0638503 0.0693491 9.98684E-05 9.98684E-05 9.98684E-05 9.98684E-05 9.98684E-05 9.98684E-05 9.98684E-05 9.98684E-05 0.753903 9.98684E-05 9.98684E-05
9.98771E-05 9.98771E-05 9.98771E-05 9.98771E-05 0.0434114 9.98771E-05 0.109146 9.98771E-05 9.98771E-05 0.129704 9.98771E-05 0.0296378 9.98771E-05 9.98771E-05 9.98771E-05 9.98771E-05 0.0960454 0.590657 9.98771E-05 9.98771E-05
9.98594E-05 9.98594E-05 9.98594E-05 9.98594E-05 9.98594E-05 9.98594E-05 9.98594E-05 9.98594E-05 0.0149602 9.98594E-05 0.00336924 0.184741 9.98594E-05 9.98594E-05 9.98594E-05 9.98594E-05 9.98594E-05 0.795332 9.98594E-05 9.98594E-05
9.98598E-05 9.98598E-05 0.0089168 9.98598E-05 9.98598E-05 9.98598E-05 9.98598E-05 9.98598E-05 9.98598E-05 9.98598E-05 9.98598E-05 9.98598E-05 9.98598E-05 9.98598E-05 0.0284581 9.98598E-05 0.0176604 0.943367 9.98598E-05 9.98598E-05
9.98334E-05 9.98334E-05 9.98334E-05 9.98334E-05 9.98334E-05 9.98334E-05 9.98334E-05 9.98334E-05 9.98334E-05 9.98334E-05 9.98334E-05 9.98334E-05 9.98334E-05 9.98334E-05 9.98334E-05 9.98334E-05 9.98334E-05 0.998103 9.98334E-05 9.98334E-05
9.98334E-05 9.98334E-05 9.98334E-05 9.98334E-05 9.98334E-05 9.98334E-05 9.98334E-05 9.98334E-05 9.98334E-05 9.98334E-05 9.98334E-05 9.98334E-05 9.98334E-05 9.98334E-05 9.98334E-05 9.98334E-05 9.98334E-05 0.998103 9.98334E-05 9.98334E-05
9.98597E-05 9.98597E-05 9.98597E-05 9.98597E-05 9.98597E-05 9.98597E-05 0.124326 9.98597E-05 0.000931238 9.98597E-05 9.98597E-05 9.98597E-05 9.98597E-05 9.98597E-05 9.98597E-05 9.98597E-05 0.000340941 0.872804 9.98597E-05 9.98597E-05
9.98598E-05 9.98598E-05 9.98598E-05 9.98598E-05 9.98598E-05 9.98598E-05 9.98598E-05 9.98598E-05 0.160634 9.98598E-05 9.98598E-05 9.98598E-05 9.98598E-05 9.98598E-05 9.98598E-05 9.98598E-05 0.0890092 0.72325 9.98598E-05 0.0255095
9.98507E-05 9.98507E-05 9.98507E-05 9.98507E-05 9.98507E-05 9.98507E-05 9.98507E-05 0.79172 0.138245 9.98507E-05 9.98507E-05 9.98507E-05 9.98507E-05 9.98507E-05 9.98507E-05 9.98507E-05 0.0683377 9.98507E-05 9.98507E-05 9.98507E-05
9.9851E-05 9.9851E-05 9.9851E-05 9.9851E-05 9.9851E-05 9.9851E-05 9.9851E-05 0.610348 0.0318747 9.9851E-05 9.9851E-05 9.9851E-05 9.9851E-05 9.9851E-05 9.9851E-05 9.9851E-05 9.9851E-05 9.9851E-05 9.9851E-05 0.35608
9.98595E-05 9.98595E-05 9.98595E-05 9.98595E-05 9.98595E-05 9.98595E-05 9.98595E-05 0.801287 0.110905 9.98595E-05 9.98595E-05 0.0196841 0.066526 9.98595E-05 9.98595E-05 9.98595E-05 9.98595E-05 9.98595E-05 9.98595E-05 9.98595E-05
9.98506E-05 9.98506E-05 9.98506E-05 9.98506E-05 9.98506E-05 9.98506E-05 9.98506E-05 0.788647 0.188365 9.98506E-05 9.98506E-05 9.98506E-05 9.98506E-05 9.98506E-05 9.98506E-05 9.98506E-05 0.0212906 9.98506E-05 9.98506E-05 9.98506E-05
9.98506E-05 9.98506E-05 9.98506E-05 9.98506E-05 0.019495 9.98506E-05 9.98506E-05 0.94067 9.98506E-05 9.98506E-05 9.98506E-05 9.98506E-05 9.98506E-05 9.98506E-05 9.98506E-05 9.98506E-05 0.0381375 9.98506E-05 9.98506E-05 9.98506E-05
9.98684E-05 9.98684E-05 0.076206 9.98684E-05 9.98684E-05 9.98684E-05 9.98684E-05 0.630287 0.0730923 9.98684E-05 9.98684E-05 9.98684E-05 9.98684E-05 0.0783632 9.98684E-05 9.98684E-05 0.140553 9.98684E-05 9.98684E-05 9.98684E-05
9.98684E-05 9.98684E-05 9.98684E-05 0.0157067 9.98684E-05 9.98684E-05 0.0371188 0.786958 0.0815968 9.98684E-05 9.98684E-05 9.98684E-05 9.98684E-05 9.98684E-05 9.98684E-05 9.98684E-05 0.0771215 9.98684E-05 9.98684E-05 9.98684E-05
9.98508E-05 9.98508E-05 9.98508E-05 9.98508E-05 9.98508E-05 9.98508E-05 9.98508E-05 0.842353 9.98508E-05 9.98508E-05 9.98508E-05 9.98508E-05 0.000393365 9.98508E-05 9.98508E-05 9.98508E-05 0.155556 9.98508E-05 9.98508E-05 9.98508E-05
9.98594E-05 9.98594E-05 0.287489 9.98594E-05 9.98594E-05 9.98594E-05 9.98594E-05 0.436096 9.98594E-05 9.98594E-05 9.98594E-05 0.0483742 9.98594E-05 9.98594E-05 9.98594E-05 9.98594E-05 0.226443 9.98594E-05 9.98594E-05 9.98594E-05
9.98595E-05 9.98595E-05 9.98595E-05 9.98595E-05 9.98595E-05 9.98595E-05 9.98595E-05 0.522467 0.280834 9.98595E-05 9.98595E-05 9.98595E-05 9.98595E-05 0.024497 9.98595E-05 9.98595E-05 0.170604 9.98595E-05 9.98595E-05 9.98595E-05
9.98597E-05 9.98597E-05 0.253344 9.98597E-05 9.98597E-05 9.98597E-05 9.98597E-05 0.549253 9.98597E-05 9.98597E-05 9.98597E-05 0.0191169 9.98597E-05 9.98597E-05 9.98597E-05 9.98597E-05 9.98597E-05 9.98597E-05 9.98597E-05 0.176689
9.98684E-05 9.98684E-05 0.155065 9.98684E-05 9.98684E-05 9.98684E-05 9.98684E-05 0.716683 0.0537451 9.98684E-05 9.98684E-05 0.00825776 9.98684E-05 9.98684E-05 9.98684E-05 9.98684E-05 9.98684E-05 9.98684E-05 9.98684E-05 0.0647513
9.98423E-05 9.98423E-05 9.98423E-05 9.98423E-05 9.98423E-05 9.98423E-05 9.98423E-05 0.893576 9.98423E-05 9.98423E-05 9.98423E-05 9.98423E-05 9.98423E-05 9.98423E-05 9.98423E-05 9.98423E-05 0.104627 9.98423E-05 9.98423E-05 9.98423E-05
9.98598E-05 9.98598E-05 9.98598E-05 9.98598E-05 9.98598E-05 9.98598E-05 9.98598E-05 0.640609 0.214428 9.98598E-05 9.98598E-05 9.98598E-05 9.98598E-05 9.98598E-05 9.98598E-05 9.98598E-05 0.127042 9.98598E-05 9.98598E-05 0.0163232
9.98773E-05 9.98773E-05 9.98773E-05 9.98773E-05 9.98773E-05 9.98773E-05 0.125674 0.649924 0.0470943 9.98773E-05 9.98773E-05 9.98773E-05 0.0623997 9.98773E-05 9.98773E-05 0.0275179 0.0859925 9.98773E-05 9.98773E-05 9.98773E-05
9.98772E-05 9.98772E-05 0.147531 9.98772E-05 9.98772E-05 9.98772E-05 9.98772E-05 0.62284 0.0591786 9.98772E-05 9.98772E-05 9.98772E-05 9.98772E-05 0.0720814 9.98772E-05 9.98772E-05 0.0218641 9.98772E-05 0.075107 9.98772E-05
9.98771E-05 9.98771E-05 0.271527 9.98771E-05 9.98771E-05 9.98771E-05 9.98771E-05 0.635092 0.0231389 0.00502789 9.98771E-05 9.98771E-05 9.98771E-05 9.98771E-05 9.98771E-05 9.98771E-05 0.0530945 9.98771E-05 9.98771E-05 0.010722
0.0177922 0.081849 9.98773E-05 0.0977414 9.98773E-05 9.98773E-05 9.98773E-05 0.697827 9.98773E-05 9.98773E-05 9.98773E-05 9.98773E-05 9.98773E-05 9.98773E-05 9.98773E-05 9.98773E-05 0.0935897 9.98773E-05 0.00980272 9.98773E-05
9.98772E-05 0.0143801 9.98772E-05 9.98772E-05 0.0061466 9.98772E-05 9.98772E-05 0.768236 9.98772E-05 9.98772E-05 9.98772E-05 0.0404436 9.98772E-05 9.98772E-05 9.98772E-05 9.98772E-05 0.11032 9.98772E-05 9.98772E-05 0.059076
9.98859E-05 9.98859E-05 9.98859E-05 9.98859E-05 9.98859E-05 9.98859E-05 9.98859E-05 0.454 0.10003 9.98859E-05 0.0459823 9.98859E-05 9.98859E-05 0.0194344 0.0837768 9.98859E-05 0.123868 9.98859E-05 9.98859E-05 0.17161
9.9886E-05 9.9886E-05 0.121344 9.9886E-05 9.9886E-05 9.9886E-05 9.9886E-05 0.61705 0.0502293 0.0343586 9.9886E-05 9.9886E-05 9.9886E-05 0.0981269 9.9886E-05 9.9886E-05 0.0608814 9.9886E-05 9.9886E-05 0.0167107
9.98596E-05 9.98596E-05 9.98596E-05 9.98596E-05 9.98596E-05 9.98596E-05 0.0222008 0.902591 0.019592 9.98596E-05 9.98596E-05 9.98596E-05 9.98596E-05 9.98596E-05 9.98596E-05 9.98596E-05 0.0540187 9.98596E-05 9.98596E-05 9.98596E-05
9.9877E-05 0.0081297 0.0444571 9.9877E-05 9.9877E-05 9.9877E-05 9.9877E-05 0.361795 0.198688 9.9877E-05 9.9877E-05 9.9877E-05 9.9877E-05 9.9877E-05 0.105498 9.9877E-05 0.280035 9.9877E-05 9.9877E-05 9.9877E-05
9.98597E-05 9.98597E-05 9.98597E-05 9.98597E-05 9.98597E-05 9.98597E-05 9.98597E-05 0.717291 9.98597E-05 9.98597E-05 9.98597E-05 9.98597E-05 0.0230809 9.98597E-05 9.98597E-05 9.98597E-05 0.166124 9.98597E-05 9.98597E-05 0.0919066
9.98684E-05 9.98684E-05 0.00421247 9.98684E-05 9.98684E-05 9.98684E-05 9.98684E-05 0.433169 0.249175 9.98684E-05 9.98684E-05 9.98684E-05 9.98684E-05 9.98684E-05 0.0655215 9.98684E-05 0.246424 9.98684E-05 9.98684E-05 9.98684E-05
9.99035E-05 9.99035E-05 0.0811795 0.0244654 9.99035E-05 9.99035E-05 0.0117527 0.459971 0.0692574 9.99035E-05 9.99035E-05 0.011248 9.99035E-05 9.99035E-05 9.99035E-05 9.99035E-05 0.153199 0.0782128 9.99035E-05 0.109615
9.98771E-05 9.98771E-05 9.98771E-05 9.98771E-05 0.0570344 9.98771E-05 9.98771E-05 0.251894 0.0148985 9.98771E-05 0.0759137 9.98771E-05 9.98771E-05 9.98771E-05 9.98771E-05 9.98771E-05 9.98771E-05 9.98771E-05 0.0272968 0.571564
9.98594E-05 9.98594E-05 9.98594E-05 9.98594E-05 9.98594E-05 9.98594E-05 9.98594E-05 0.875602 0.0659135 0.00347403 9.98594E-05 9.98594E-05 9.98594E-05 9.98594E-05 9.98594E-05 9.98594E-05 0.0534125 9.98594E-05 9.98594E-05 9.98594E-05
9.98597E-05 9.98597E-05 0.0376694 9.98597E-05 9.98597E-05 9.98597E-05 9.98597E-05 0.55906 0.190485 9.98597E-05 9.98597E-05 9.98597E-05 9.98597E-05 9.98597E-05 9.98597E-05 9.98597E-05 0.211187 9.98597E-05 9.98597E-05 9.98597E-05
9.98685E-05 9.98685E-05 9.98685E-05 9.98685E-05 9.98685E-05 9.98685E-05 9.98685E-05 0.837045 0.0807667 9.98685E-05 9.98685E-05 0.023497 9.98685E-05 9.98685E-05 0.0257635 9.98685E-05 9.98685E-05 9.98685E-05 9.98685E-05 0.0314298
9.9851E-05 9.9851E-05 9.9851E-05 9.9851E-05 9.9851E-05 9.9851E-05 9.9851E-05 0.622712 0.212338 9.9851E-05 9.9851E-05 9.9851E-05 9.9851E-05 9.9851E-05 9.9851E-05 0.163252 9.9851E-05 9.9851E-05 9.9851E-05 9.9851E-05
9.98508E-05 9.98508E-05 9.98508E-05 9.98508E-05 9.98508E-05 9.98508E-05 9.98508E-05 0.928026 0.0231024 9.98508E-05 9.98508E-05 9.98508E-05 9.98508E-05 9.98508E-05 9.98508E-05 0.0471745 9.98508E-05 9.98508E-05 9.98508E-05 9.98508E-05
9.9877E-05 0.0992627 9.9877E-05 9.9877E-05 9.9877E-05 9.9877E-05 9.9877E-05 0.402321 0.183322 9.9877E-05 9.9877E-05 0.0203054 9.9877E-05 9.9877E-05 0.0326437 9.9877E-05 0.260747 9.9877E-05 9.9877E-05 9.9877E-05
9.9877E-05 9.9877E-05 9.9877E-05 0.134309 9.9877E-05 9.9877E-05 9.9877E-05 0.645445 0.0334084 9.9877E-05 0.0877655 9.9877E-05 9.9877E-05 9.9877E-05 0.0819845 9.9877E-05 0.0156892 9.9877E-05 9.9877E-05 9.9877E-05
9.98421E-05 9.98421E-05 9.98421E-05 9.98421E-05 9.98421E-05 9.98421E-05 9.98421E-05 0.980153 0.0180502 9.98421E-05 9.98421E-05 9.98421E-05 9.98421E-05 9.98421E-05 9.98421E-05 9.98421E-05 9.98421E-05 9.98421E-05 9.98421E-05 9.98421E-05
9.98683E-05 9.98683E-05 9.98683E-05 9.98683E-05 9.98683E-05 9.98683E-05 9.98683E-05 0.724898 9.98683E-05 9.98683E-05 9.98683E-05 0.0420686 9.98683E-05 0.0935712 9.98683E-05 9.98683E-05 0.0702043 9.98683E-05 9.98683E-05 0.0677596
9.98595E-05 9.98595E-05 9.98595E-05 9.98595E-05 9.98595E-05 9.98595E-05 0.0451079 0.592307 0.242926 9.98595E-05 9.98595E-05 9.98595E-05 9.98595E-05 9.98595E-05 9.98595E-05 9.98595E-05 0.118061 9.98595E-05 9.98595E-05 9.98595E-05
9.98595E-05 9.98595E-05 9.98595E-05 9.98595E-05 9.98595E-05 9.98595E-05 9.98595E-05 0.309126 9.98595E-05 9.98595E-05 9.98595E-05 9.98595E-05 9.98595E-05 0.0884121 9.98595E-05 9.98595E-05 0.0720562 9.98595E-05 9.98595E-05 0.528808
9.98597E-05 9.98597E-05 9.98597E-05 9.98597E-05 9.98597E-05 9.98597E-05 9.98597E-05 0.727908 0.0922504 9.98597E-05 9.98597E-05 9.98597E-05 9.98597E-05 9.98597E-05 9.98597E-05 9.98597E-05 0.0239921 9.98597E-05 9.98597E-05 0.154252
9.98511E-05 0.0900602 9.98511E-05 9.98511E-05 9.98511E-05 9.98511E-05 9.98511E-05 0.697229 9.98511E-05 9.98511E-05 9.98511E-05 9.98511E-05 9.98511E-05 9.98511E-05 9.98511E-05 9.98511E-05 9.98511E-05 9.98511E-05 9.98511E-05 0.211013
9.98596E-05 9.98596E-05 9.98596E-05 9.98596E-05 9.98596E-05 9.98596E-05 9.98596E-05 0.55588 9.98596E-05 9.98596E-05 9.98596E-05 9.98596E-05 9.98596E-05 9.98596E-05 0.0292248 9.98596E-05 0.0377371 9.98596E-05 9.98596E-05 0.375561
9.98595E-05 9.98595E-05 0.0921166 9.98595E-05 9.98595E-05 9.98595E-05 9.98595E-05 0.533438 0.295558 9.98595E-05 9.98595E-05 9.98595E-05 9.98595E-05 9.98595E-05 9.98595E-05 9.98595E-05 0.0772894 9.98595E-05 9.98595E-05 9.98595E-05
9.98596E-05 9.98596E-05 9.98596E-05 9.98596E-05 9.98596E-05 9.98596E-05 9.98596E-05 0.756943 9.98596E-05 9.98596E-05 0.14415 9.98596E-05 0.0377996 9.98596E-05 9.98596E-05 9.98596E-05 0.0595103 9.98596E-05 9.98596E-05 9.98596E-05
9.98684E-05 9.98684E-05 9.98684E-05 9.98684E-05 9.98684E-05 9.98684E-05 9.98684E-05 0.0706819 0.0288856 9.98684E-05 9.98684E-05 9.98684E-05 9.98684E-05 9.98684E-05 0.145773 9.98684E-05 0.153043 9.98684E-05 9.98684E-05 0.600118
9.98597E-05 9.98597E-05 9.98597E-05 9.98597E-05 9.98597E-05 9.98597E-05 9.98597E-05 0.41964 0.0574003 9.98597E-05 9.98597E-05 9.98597E-05 0.0588043 9.98597E-05 9.98597E-05 9.98597E-05 9.98597E-05 9.98597E-05 9.98597E-05 0.462558
9.98858E-05 9.98858E-05 0.142274 0.0552085 9.98858E-05 9.98858E-05 0.012377 0.437262 0.0352056 9.98858E-05 9.98858E-05 9.98858E-05 9.98858E-05 9.98858E-05 0.148894 9.98858E-05 0.16748 9.98858E-05 9.98858E-05 9.98858E-05
9.98685E-05 9.98685E-05 9.98685E-05 9.98685E-05 9.98685E-05 9.98685E-05 9.98685E-05 0.588544 0.14101 9.98685E-05 9.98685E-05 9.98685E-05 9.98685E-05 9.98685E-05 9.98685E-05 9.98685E-05 0.0712889 0.18336 9.98685E-05 0.0143004
9.98861E-05 9.98861E-05 0.0718349 0.038395 0.114891 9.98861E-05 9.98861E-05 0.500031 0.0396561 9.98861E-05 9.98861E-05 9.98861E-05 9.98861E-05 9.98861E-05 9.98861E-05 9.98861E-05 0.208244 9.98861E-05 9.98861E-05 0.0256498
9.98596E-05 9.98596E-05 9.98596E-05 0.0317747 9.98596E-05 9.98596E-05 9.98596E-05 0.422492 0.248204 9.98596E-05 9.98596E-05 9.98596E-05 9.98596E-05 9.98596E-05 9.98596E-05 9.98596E-05 0.295932 9.98596E-05 9.98596E-05 9.98596E-05
9.98508E-05 9.98508E-05 9.98508E-05 9.98508E-05 9.98508E-05 9.98508E-05 9.98508E-05 0.589186 0.0395303 9.98508E-05 9.98508E-05 9.98508E-05 9.98508E-05 9.98508E-05 9.98508E-05 9.98508E-05 9.98508E-05 9.98508E-05 9.98508E-05 0.369586
9.98683E-05 9.98683E-05 9.98683E-05 9.98683E-05 9.98683E-05 9.98683E-05 9.98683E-05 0.627597 0.167435 9.98683E-05 9.98683E-05 9.98683E-05 9.98683E-05 0.130788 0.00925598 9.98683E-05 9.98683E-05 9.98683E-05 0.0634263 9.98683E-05
9.98685E-05 9.98685E-05 9.98685E-05 9.98685E-05 9.98685E-05 9.98685E-05 9.98685E-05 0.395105 0.0359449 9.98685E-05 0.00239023 9.98685E-05 9.98685E-05 9.98685E-05 9.98685E-05 9.98685E-05 0.0895612 9.98685E-05 9.98685E-05 0.475501
9.98773E-05 9.98773E-05 9.98773E-05 9.98773E-05 9.98773E-05 9.98773E-05 0.0427537 0.576738 0.150007 9.98773E-05 9.98773E-05 0.0146139 9.98773E-05 9.98773E-05 9.98773E-05 9.98773E-05 0.0647361 9.98773E-05 9.98773E-05 0.149754
9.98596E-05 9.98596E-05 9.98596E-05 9.98596E-05 9.98596E-05 9.98596E-05 0.0225452 0.809505 9.98596E-05 9.98596E-05 9.98596E-05 9.98596E-05 9.98596E-05 9.98596E-05 9.98596E-05 0.123277 0.0430748 9.98596E-05 9.98596E-05 9.98596E-05
9.98682E-05 9.98682E-05 9.98682E-05 0.0318264 9.98682E-05 9.98682E-05 0.00510593 0.789619 9.98682E-05 9.98682E-05 9.98682E-05 0.031983 9.98682E-05 0.139967 9.98682E-05 9.98682E-05 9.98682E-05 9.98682E-05 9.98682E-05 9.98682E-05
9.98595E-05 9.98595E-05 0.17279 9.98595E-05 9.98595E-05 9.98595E-05 9.98595E-05 0.46148 0.15503 9.98595E-05 9.98595E-05 9.98595E-05 9.98595E-05 9.98595E-05 9.98595E-05 9.98595E-05 0.209102 9.98595E-05 9.98595E-05 9.98595E-05
9.98507E-05 9.98507E-05 9.98507E-05 9.98507E-05 9.98507E-05 9.98507E-05 9.98507E-05 0.75891 0.0857168 9.98507E-05 9.98507E-05 9.98507E-05 9.98507E-05 9.98507E-05 9.98507E-05 9.98507E-05 0.153676 9.98507E-05 9.98507E-05 9.98507E-05
9.98595E-05 9.98595E-05 9.98595E-05 9.98595E-05 9.98595E-05 9.98595E-05 9.98595E-05 0.888898 0.0607982 9.98595E-05 9.98595E-05 0.0441382 9.98595E-05 9.98595E-05 9.98595E-05 9.98595E-05 0.00456804 9.98595E-05 9.98595E-05 9.98595E-05
9.98597E-05 9.98597E-05 9.98597E-05 9.98597E-05 9.98597E-05 9.98597E-05 9.98597E-05 0.789408 0.0745523 9.98597E-05 9.98597E-05 9.98597E-05 9.98597E-05 9.98597E-05 0.0905944 9.98597E-05 9.98597E-05 9.98597E-05 9.98597E-05 0.0438477
9.98684E-05 9.98684E-05 0.0830824 9.98684E-05 9.98684E-05 9.98684E-05 9.98684E-05 0.541568 0.0537798 9.98684E-05 9.98684E-05 9.98684E-05 9.98684E-05 9.98684E-05 9.98684E-05 9.98684E-05 0.186348 9.98684E-05 9.98684E-05 0.133724
9.98331E-05 9.98331E-05 9.98331E-05 9.98331E-05 9.98331E-05 9.98331E-05 9.98331E-05 9.98331E-05 0.998103 9.98331E-05 9.98331E-05 9.98331E-05 9.98331E-05 9.98331E-05 9.98331E-05 9.98331E-05 9.98331E-05 9.98331E-05 9.98331E-05 9.98331E-05
9.9833E-05 9.9833E-05 9.9833E-05 9.9833E-05 9.9833E-05 9.9833E-05 9.9833E-05 9.9833E-05 9.9833E-05 9.9833E-05 9.9833E-05 9.9833E-05 9.9833E-05 9.9833E-05 9.9833E-05 9.9833E-05 0.998103 9.9833E-05 9.9833E-05 9.9833E-05
9.9833E-05 9.9833E-05 9.9833E-05 9.9833E-05 9.9833E-05 9.9833E-05 9.9833E-05 9.9833E-05 0.998103 9.9833E-05 9.9833E-05 9.9833E-05 9.9833E-05 9.9833E-05 9.9833E-05 9.9833E-05 9.9833E-05 9.9833E-05 9.9833E-05 9.9833E-05
9.9833E-05 9.9833E-05 9.9833E-05 9.9833E-05 9.9833E-05 9.9833E-05 9.9833E-05 9.9833E-05 9.9833E-05 9.9833E-05 9.9833E-05 9.9833E-05 9.9833E-05 9.9833E-05 9.9833E-05 9.9833E-05 0.998103 9.9833E-05 9.9833E-05 9.9833E-05
9.9833E-05 9.9833E-05 9.9833E-05 9.9833E-05 9.9833E-05 9.9833E-05 9.9833E-05 9.9833E-05 9.9833E-05 9.9833E-05 9.9833E-05 9.9833E-05 9.9833E-05 9.9833E-05 9.9833E-05 9.9833E-05 0.998103 9.9833E-05 9.9833E-05 9.9833E-05
9.9833E-05 9.9833E-05 9.9833E-05 9.9833E-05 9.9833E-05 9.9833E-05 9.9833E-05 9.9833E-05 9.9833E-05 9.9833E-05 9.9833E-05 9.9833E-05 9.9833E-05 9.9833E-05 9.9833E-05 9.9833E-05 0.998103 9.9833E-05 9.9833E-05 9.9833E-05
9.98329E-05 9.98329E-05 9.98329E-05 9.98329E-05 9.98329E-05 9.98329E-05 9.98329E-05 9.98329E-05 0.998103 9.98329E-05 9.98329E-05 9.98329E-05 9.98329E-05 9.98329E-05 9.98329E-05 9.98329E-05 9.98329E-05 9.98329E-05 9.98329E-05 9.98329E-05
9.9833E-05 9.9833E-05 9.9833E-05 9.9833E-05 9.9833E-05 9.9833E-05 9.9833E-05 9.9833E-05 9.9833E-05 9.9833E-05 9.9833E-05 9.9833E-05 9.9833E-05 9.9833E-05 9.9833E-05 9.9833E-05 0.998103 9.9833E-05 9.9833E-05 9.9833E-05
9.9833E-05 9.9833E-05 9.9833E-05 9.9833E-05 9.9833E-05 9.9833E-05 9.9833E-05 9.9833E-05 9.9833E-05 9.9833E-05 9.9833E-05 9.9833E-05 9.9833E-05 9.9833E-05 9.9833E-05 9.9833E-05 0.998103 9.9833E-05 9.9833E-05 9.9833E-05
9.98329E-05 9.98329E-05 9.98329E-05 9.98329E-05 9.98329E-05 9.98329E-05 9.98329E-05 9.98329E-05 0.998103 9.98329E-05 9.98329E-05 9.98329E-05 9.98329E-05 9.98329E-05 9.98329E-05 9.98329E-05 9.98329E-05 9.98329E-05 9.98329E-05 9.98329E-05
9.98331E-05 9.98331E-05 9.98331E-05 9.98331E-05 9.98331E-05 9.98331E-05 9.98331E-05 9.98331E-05 0.998103 9.98331E-05 9.98331E-05 9.98331E-05 9.98331E-05 9.98331E-05 9.98331E-05 9.98331E-05 9.98331E-05 9.98331E-05 9.98331E-05 9.98331E-05
9.9833E-05 9.9833E-05 9.9833E-05 9.9833E-05 9.9833E-05 9.9833E-05 9.9833E-05 9.9833E-05 0.998103 9.9833E-05 9.9833E-05 9.9833E-05 9.9833E-05 9.9833E-05 9.9833E-05 9.9833E-05 9.9833E-05 9.9833E-05 9.9833E-05 9.9833E-05
9.9833E-05 9.9833E-05 9.9833E-05 9.9833E-05 9.9833E-05 9.9833E-05 9.9833E-05 9.9833E-05 9.9833E-05 9.9833E-05 9.9833E-05 9.9833E-05 9.9833E-05 9.9833E-05 9.9833E-05 9.9833E-05 0.998103 9.9833E-05 9.9833E-05 9.9833E-05
9.9833E-05 9.9833E-05 9.9833E-05 9.9833E-05 9.9833E-05 9.9833E-05 9.9833E-05 9.9833E-05 9.9833E-05 9.9833E-05 9.9833E-05 9.9833E-05 9.9833E-05 9.9833E-05 9.9833E-05 9.9833E-05 0.998103 9.9833E-05 9.9833E-05 9.9833E-05
9.9833E-05 9.9833E-05 9.9833E-05 9.9833E-05 9.9833E-05 9.9833E-05 9.9833E-05 9.9833E-05 0.998103 9.9833E-05 9.9833E-05 9.9833E-05 9.9833E-05 9.9833E-05 9.9833E-05 9.9833E-05 9.9833E-05 9.9833E-05 9.9833E-05 9.9833E-05
9.98329E-05 9.98329E-05 9.98329E-05 9.98329E-05 9.98329E-05 9.98329E-05 9.98329E-05 9.98329E-05 0.998103 9.98329E-05 9.98329E-05 9.98329E-05 9.98329E-05 9.98329E-05 9.98329E-05 9.98329E-05 9.98329E-05 9.98329E-05 9.98329E-05 9.98329E-05
9.98858E-05 9.98858E-05 9.98858E-05 9.98858E-05 0.0374676 9.98858E-05 0.0107932 0.551976 0.136106 0.10336 9.98858E-05 9.98858E-05 9.98858E-05 9.98858E-05 9.98858E-05 9.98858E-05 0.0258471 9.98858E-05 0.133151 9.98858E-05
9.98331E-05 9.98331E-05 9.98331E-05 9.98331E-05 9.98331E-05 9.98331E-05 9.98331E-05 9.98331E-05 0.998103 9.98331E-05 9.98331E-05 9.98331E-05 9.98331E-05 9.98331E-05 9.98331E-05 9.98331E-05 9.98331E-05 9.98331E-05 9.98331E-05 9.98331E-05
9.9833E-05 9.9833E-05 9.9833E-05 9.9833E-05 9.9833E-05 9.9833E-05 9.9833E-05 9.9833E-05 9.9833E-05 9.9833E-05 9.9833E-05 9.9833E-05 9.9833E-05 9.9833E-05 9.9833E-05 9.9833E-05 0.998103 9.9833E-05 9.9833E-05 9.9833E-05
9.9833E-05 9.9833E-05 9.9833E-05 9.9833E-05 9.9833E-05 9.9833E-05 9.9833E-05 9.9833E-05 0.998103 9.9833E-05 9.9833E-05 9.9833E-05 9.9833E-05 9.9833E-05 9.9833E-05 9.9833E-05 9.9833E-05 9.9833E-05 9.9833E-05 9.9833E-05
9.9833E-05 9.9833E-05 9.9833E-05 9.9833E-05 9.9833E-05 9.9833E-05 9.9833E-05 9.9833E-05 0.998103 9.9833E-05 9.9833E-05 9.9833E-05 9.9833E-05 9.9833E-05 9.9833E-05 9.9833E-05 9.9833E-05 9.9833E-05 9.9833E-05 9.9833E-05
9.9833E-05 9.9833E-05 9.9833E-05 9.9833E-05 9.9833E-05 9.9833E-05 9.9833E-05 9.9833E-05 0.998103 9.9833E-05 9.9833E-05 9.9833E-05 9.9833E-05 9.9833E-05 9.9833E-05 9.9833E-05 9.9833E-05 9.9833E-05 9.9833E-05 9.9833E-05
9.98329E-05 9.98329E-05 9.98329E-05 9.98329E-05 9.98329E-05 9.98329E-05 9.98329E-05 9.98329E-05 9.98329E-05 9.98329E-05 9.98329E-05 9.98329E-05 9.98329E-05 9.98329E-05 9.98329E-05 9.98329E-05 0.998103 9.98329E-05 9.98329E-05 9.98329E-05
9.9833E-05 9.9833E-05 9.9833E-05 9.9833E-05 9.9833E-05 9.9833E-05 9.9833E-05 9.9833E-05 0.998103 9.9833E-05 9.9833E-05 9.9833E-05 9.9833E-05 9.9833E-05 9.9833E-05 9.9833E-05 9.9833E-05 9.9833E-05 9.9833E-05 9.9833E-05
9.9833E-05 9.9833E-05 9.9833E-05 9.9833E-05 9.9833E-05 9.9833E-05 9.9833E-05 9.9833E-05 9.9833E-05 9.9833E-05 9.9833E-05 9.9833E-05 9.9833E-05 9.9833E-05 9.9833E-05 9.9833E-05 0.998103 9.9833E-05 9.9833E-05 9.9833E-05
9.9833E-05 9.9833E-05 9.9833E-05 9.9833E-05 9.9833E-05 9.9833E-05 9.9833E-05 9.9833E-05 0.998103 9.9833E-05 9.9833E-05 9.9833E-05 9.9833E-05 9.9833E-05 9.9833E-05 9.9833E-05 9.9833E-05 9.9833E-05 9.9833E-05 9.9833E-05
9.98329E-05 9.98329E-05 9.98329E-05 9.98329E-05 9.98329E-05 9.98329E-05 9.98329E-05 9.98329E-05 0.998103 9.98329E-05 9.98329E-05 9.98329E-05 9.98329E-05 9.98329E-05 9.98329E-05 9.98329E-05 9.98329E-05 9.98329E-05 9.98329E-05 9.98329E-05
9.98329E-05 9.98329E-05 9.98329E-05 9.98329E-05 9.98329E-05 9.98329E-05 9.98329E-05 9.98329E-05 9.98329E-05 9.98329E-05 9.98329E-05 9.98329E-05 9.98329E-05 9.98329E-05 9.98329E-05 9.98329E-05 0.998103 9.98329E-05 9.98329E-05 9.98329E-05
