9.98596E-05 0.406505 9.98596E-05 9.98596E-05 9.98596E-05 9.98596E-05 9.98596E-05 9.98596E-05 0.0395766 9.98596E-05 0.0366098 0.0677668 9.98596E-05 9.98596E-05 0.0468276 0.224245 9.98596E-05 9.98596E-05 9.98596E-05 9.98596E-05 0.167437 9.98596E-05 9.98596E-05 0.00943529
0.0102422 0.157497 9.98421E-05 9.98421E-05 9.98421E-05 9.98421E-05 9.98421E-05 9.98421E-05 9.98421E-05 9.98421E-05 9.98421E-05 0.0682116 9.98421E-05 9.98421E-05 9.98421E-05 0.0992145 9.98421E-05 9.98421E-05 9.98421E-05 9.98421E-05 9.98421E-05 9.98421E-05 0.0457805 0.617257
9.98333E-05 0.87902 9.98333E-05 9.98333E-05 9.98333E-05 0.0238491 9.98333E-05 9.98333E-05 9.98333E-05 0.0511362 9.98333E-05 9.98333E-05 9.98333E-05 9.98333E-05 0.00970814 9.98333E-05 9.98333E-05 9.98333E-05 9.98333E-05 9.98333E-05 0.0343901 9.98333E-05 9.98333E-05 9.98333E-05
9.98859E-05 0.0472198 9.98859E-05 9.98859E-05 0.144123 0.0676448 9.98859E-05 9.98859E-05 0.0846929 9.98859E-05 0.00581364 9.98859E-05 9.98859E-05 0.0484698 9.98859E-05 9.98859E-05 9.98859E-05 9.98859E-05 0.0944726 0.0981584 0.187356 0.0207767 9.98859E-05 0.199974
0.0347873 0.171799 9.98332E-05 9.98332E-05 9.98332E-05 9.98332E-05 9.98332E-05 9.98332E-05 9.98332E-05 0.0410859 9.98332E-05 9.98332E-05 9.98332E-05 0.0221202 9.98332E-05 9.98332E-05 9.98332E-05 9.98332E-05 9.98332E-05 9.98332E-05 9.98332E-05 9.98332E-05 9.98332E-05 0.728311
9.98597E-05 0.185909 9.98597E-05 9.98597E-05 9.98597E-05 0.162241 9.98597E-05 9.98597E-05 9.98597E-05 0.10946 9.98597E-05 0.01965 9.98597E-05 0.130273 9.98597E-05 0.187384 9.98597E-05 9.98597E-05 9.98597E-05 9.98597E-05 9.98597E-05 0.141233 9.98597E-05 0.0622515
0.0262471 9.98947E-05 9.98947E-05 9.98947E-05 0.0457991 9.98947E-05 9.98947E-05 9.98947E-05 0.100775 9.98947E-05 9.98947E-05 0.0125145 9.98947E-05 9.98947E-05 0.0580074 0.0721289 0.0630886 9.98947E-05 0.0117388 9.98947E-05 0.162728 0.0659433 0.0168377 0.362993
0.152974 9.98774E-05 0.126847 9.98774E-05 9.98774E-05 9.98774E-05 9.98774E-05 9.98774E-05 0.0955104 0.0132594 9.98774E-05 9.98774E-05 9.98774E-05 0.100334 9.98774E-05 0.122671 0.0486344 9.98774E-05 0.0341815 9.98774E-05 0.0761932 9.98774E-05 9.98774E-05 0.227997
9.98508E-05 0.166793 9.98508E-05 9.98508E-05 9.98508E-05 9.98508E-05 9.98508E-05 9.98508E-05 9.98508E-05 9.98508E-05 0.159138 9.98508E-05 9.98508E-05 0.232996 0.174009 9.98508E-05 9.98508E-05 9.98508E-05 0.16286 9.98508E-05 0.00255856 9.98508E-05 9.98508E-05 0.0999483
9.98071E-05 0.995329 9.98071E-05 9.98071E-05 9.98071E-05 9.98071E-05 9.98071E-05 9.98071E-05 9.98071E-05 9.98071E-05 9.98071E-05 9.98071E-05 0.00247517 9.98071E-05 9.98071E-05 9.98071E-05 9.98071E-05 9.98071E-05 9.98071E-05 9.98071E-05 9.98071E-05 9.98071E-05 9.98071E-05 9.98071E-05
9.98508E-05 0.359815 9.98508E-05 9.98508E-05 9.98508E-05 9.98508E-05 9.98508E-05 9.98508E-05 0.113501 9.98508E-05 9.98508E-05 9.98508E-05 9.98508E-05 0.0110574 0.181517 0.123843 9.98508E-05 9.98508E-05 9.98508E-05 9.98508E-05 0.0843079 9.98508E-05 9.98508E-05 0.124261
9.98071E-05 0.899998 9.98071E-05 9.98071E-05 9.98071E-05 9.98071E-05 0.0978058 9.98071E-05 9.98071E-05 9.98071E-05 9.98071E-05 9.98071E-05 9.98071E-05 9.98071E-05 9.98071E-05 9.98071E-05 9.98071E-05 9.98071E-05 9.98071E-05 9.98071E-05 9.98071E-05 9.98071E-05 9.98071E-05 9.98071E-05
9.98246E-05 0.870417 9.98246E-05 9.98246E-05 0.00162462 9.98246E-05 9.98246E-05 9.98246E-05 9.98246E-05 9.98246E-05 9.98246E-05 9.98246E-05 9.98246E-05 9.98246E-05 0.0850177 9.98246E-05 9.98246E-05 9.98246E-05 9.98246E-05 9.98246E-05 0.0409446 9.98246E-05 9.98246E-05 9.98246E-05
9.98246E-05 9.98246E-05 9.98246E-05 9.98246E-05 9.98246E-05 9.98246E-05 9.98246E-05 0.06744 9.98246E-05 9.98246E-05 9.98246E-05 9.98246E-05 9.98246E-05 9.98246E-05 0.0659363 9.98246E-05 9.98246E-05 0.0161523 9.98246E-05 9.98246E-05 9.98246E-05 9.98246E-05 9.98246E-05 0.848475
9.98509E-05 0.347147 9.98509E-05 0.0185826 9.98509E-05 0.0845378 9.98509E-05 9.98509E-05 9.98509E-05 9.98509E-05 9.98509E-05 9.98509E-05 9.98509E-05 0.0670864 0.120028 0.21873 9.98509E-05 0.142191 9.98509E-05 9.98509E-05 9.98509E-05 9.98509E-05 9.98509E-05 9.98509E-05
9.98772E-05 0.23706 0.118737 9.98772E-05 0.0788412 0.0474404 0.0260511 9.98772E-05 0.0102837 9.98772E-05 9.98772E-05 9.98772E-05 9.98772E-05 0.16434 0.0767539 0.150061 9.98772E-05 9.98772E-05 9.98772E-05 9.98772E-05 0.0890334 9.98772E-05 9.98772E-05 9.98772E-05
9.9851E-05 0.426128 9.9851E-05 0.23819 9.9851E-05 9.9851E-05 9.9851E-05 9.9851E-05 0.000805473 9.9851E-05 9.9851E-05 0.0460253 9.9851E-05 9.9851E-05 0.0183591 9.9851E-05 9.9851E-05 9.9851E-05 0.155039 9.9851E-05 9.9851E-05 9.9851E-05 9.9851E-05 0.113756
0.0873413 9.98685E-05 9.98685E-05 9.98685E-05 9.98685E-05 9.98685E-05 9.98685E-05 9.98685E-05 9.98685E-05 9.98685E-05 0.00591088 9.98685E-05 0.145268 0.0457242 0.0804117 0.241317 9.98685E-05 9.98685E-05 9.98685E-05 0.0843405 0.152774 9.98685E-05 9.98685E-05 0.155415
9.98595E-05 0.379942 9.98595E-05 9.98595E-05 9.98595E-05 9.98595E-05 9.98595E-05 9.98595E-05 0.0052395 9.98595E-05 9.98595E-05 9.98595E-05 0.00515612 0.0849491 0.133733 9.98595E-05 9.98595E-05 0.00659476 9.98595E-05 9.98595E-05 0.211866 0.170922 9.98595E-05 9.98595E-05
9.98072E-05 0.968232 9.98072E-05 9.98072E-05 9.98072E-05 9.98072E-05 9.98072E-05 9.98072E-05 9.98072E-05 9.98072E-05 9.98072E-05 9.98072E-05 9.98072E-05 9.98072E-05 9.98072E-05 9.98072E-05 9.98072E-05 9.98072E-05 9.98072E-05 0.0295726 9.98072E-05 9.98072E-05 9.98072E-05 9.98072E-05
0.0276474 9.98421E-05 9.98421E-05 9.98421E-05 9.98421E-05 9.98421E-05 0.12423 9.98421E-05 0.0192411 9.98421E-05 9.98421E-05 9.98421E-05 9.98421E-05 0.0834473 9.98421E-05 9.98421E-05 9.98421E-05 9.98421E-05 0.248748 9.98421E-05 9.98421E-05 9.98421E-05 9.98421E-05 0.494889
9.98599E-05 0.240374 9.98599E-05 9.98599E-05 9.98599E-05 9.98599E-05 9.98599E-05 9.98599E-05 9.98599E-05 0.172751 9.98599E-05 0.00399114 0.00253721 0.136635 9.98599E-05 9.98599E-05 9.98599E-05 9.98599E-05 9.98599E-05 9.98599E-05 0.322555 0.10411 0.0154498 9.98599E-05
9.9851E-05 0.589737 9.9851E-05 9.9851E-05 9.9851E-05 0.116732 9.9851E-05 9.9851E-05 0.0420428 9.9851E-05 9.9851E-05 0.0262376 9.9851E-05 9.9851E-05 0.0254668 0.15757 9.9851E-05 9.9851E-05 9.9851E-05 9.9851E-05 9.9851E-05 9.9851E-05 9.9851E-05 0.0405164
9.98334E-05 9.98334E-05 9.98334E-05 9.98334E-05 9.98334E-05 9.98334E-05 9.98334E-05 9.98334E-05 9.98334E-05 9.98334E-05 0.102364 9.98334E-05 9.98334E-05 9.98334E-05 0.275608 0.0276875 9.98334E-05 9.98334E-05 9.98334E-05 9.98334E-05 0.208825 9.98334E-05 9.98334E-05 0.383618
9.98683E-05 9.98683E-05 9.98683E-05 9.98683E-05 9.98683E-05 0.163798 0.0511937 9.98683E-05 0.0419551 9.98683E-05 9.98683E-05 9.98683E-05 9.98683E-05 0.00505298 0.265347 9.98683E-05 9.98683E-05 0.0967221 9.98683E-05 0.0606055 0.0231734 9.98683E-05 9.98683E-05 0.290655
9.98596E-05 0.263997 9.98596E-05 0.0784267 0.06948 0.0577545 9.98596E-05 9.98596E-05 9.98596E-05 0.0116798 9.98596E-05 9.98596E-05 9.98596E-05 9.98596E-05 0.086347 9.98596E-05 9.98596E-05 9.98596E-05 9.98596E-05 9.98596E-05 0.0440038 9.98596E-05 9.98596E-05 0.386714
9.98508E-05 9.98508E-05 0.0246483 9.98508E-05 0.00334112 0.296165 0.0153695 9.98508E-05 9.98508E-05 9.98508E-05 9.98508E-05 9.98508E-05 0.124449 9.98508E-05 9.98508E-05 9.98508E-05 9.98508E-05 9.98508E-05 9.98508E-05 9.98508E-05 0.214187 9.98508E-05 0.320143 9.98508E-05
9.98334E-05 0.831345 9.98334E-05 9.98334E-05 0.0751373 9.98334E-05 0.0134574 9.98334E-05 9.98334E-05 9.98334E-05 9.98334E-05 9.98334E-05 9.98334E-05 9.98334E-05 0.0154605 9.98334E-05 9.98334E-05 9.98334E-05 9.98334E-05 9.98334E-05 0.062703 9.98334E-05 9.98334E-05 9.98334E-05
9.98423E-05 0.596288 9.98423E-05 9.98423E-05 9.98423E-05 9.98423E-05 9.98423E-05 9.98423E-05 9.98423E-05 9.98423E-05 0.0257957 9.98423E-05 9.98423E-05 9.98423E-05 0.172056 9.98423E-05 9.98423E-05 9.98423E-05 9.98423E-05 0.00986451 0.0623938 9.98423E-05 0.131805 9.98423E-05
9.98333E-05 0.787814 0.0156695 0.140665 9.98333E-05 9.98333E-05 9.98333E-05 9.98333E-05 9.98333E-05 9.98333E-05 9.98333E-05 9.98333E-05 9.98333E-05 0.0318127 9.98333E-05 9.98333E-05 0.0221414 9.98333E-05 9.98333E-05 9.98333E-05 9.98333E-05 9.98333E-05 9.98333E-05 9.98333E-05
9.98508E-05 0.780306 9.98508E-05 9.98508E-05 9.98508E-05 9.98508E-05 9.98508E-05 9.98508E-05 0.093031 9.98508E-05 9.98508E-05 9.98508E-05 9.98508E-05 0.00659144 0.0465155 9.98508E-05 9.98508E-05 0.000797545 9.98508E-05 9.98508E-05 9.98508E-05 0.0323391 0.038722 9.98508E-05
9.98598E-05 0.399794 9.98598E-05 9.98598E-05 9.98598E-05 0.147036 9.98598E-05 0.0637073 0.0320112 9.98598E-05 9.98598E-05 9.98598E-05 9.98598E-05 9.98598E-05 0.0502178 9.98598E-05 9.98598E-05 9.98598E-05 0.107552 9.98598E-05 0.0492613 9.98598E-05 9.98598E-05 0.148823
9.98507E-05 9.98507E-05 9.98507E-05 9.98507E-05 0.016283 9.98507E-05 0.0036571 9.98507E-05 0.0826296 9.98507E-05 9.98507E-05 9.98507E-05 9.98507E-05 9.98507E-05 0.219462 0.00256059 9.98507E-05 9.98507E-05 9.98507E-05 9.98507E-05 0.139488 9.98507E-05 9.98507E-05 0.534222
9.98421E-05 9.98421E-05 9.98421E-05 9.98421E-05 9.98421E-05 0.143991 0.070961 0.0243994 9.98421E-05 9.98421E-05 9.98421E-05 9.98421E-05 9.98421E-05 9.98421E-05 0.145553 9.98421E-05 9.98421E-05 9.98421E-05 9.98421E-05 9.98421E-05 0.0337435 9.98421E-05 9.98421E-05 0.579555
9.98247E-05 0.924708 9.98247E-05 9.98247E-05 9.98247E-05 9.98247E-05 9.98247E-05 9.98247E-05 0.0502569 9.98247E-05 9.98247E-05 9.98247E-05 0.00211205 9.98247E-05 9.98247E-05 9.98247E-05 9.98247E-05 9.98247E-05 9.98247E-05 9.98247E-05 9.98247E-05 0.0209266 9.98247E-05 9.98247E-05
9.98772E-05 0.664596 9.98772E-05 9.98772E-05 0.0266999 9.98772E-05 9.98772E-05 9.98772E-05 0.0381467 9.98772E-05 0.0114677 0.0168054 9.98772E-05 0.0165868 9.98772E-05 0.0349081 9.98772E-05 9.98772E-05 0.135612 9.98772E-05 0.042126 9.98772E-05 0.0116531 9.98772E-05
9.98248E-05 0.89312 9.98248E-05 9.98248E-05 9.98248E-05 9.98248E-05 9.98248E-05 9.98248E-05 9.98248E-05 9.98248E-05 9.98248E-05 9.98248E-05 9.98248E-05 9.98248E-05 9.98248E-05 9.98248E-05 0.0188236 9.98248E-05 9.98248E-05 9.98248E-05 9.98248E-05 0.0851599 9.98248E-05 0.000900329
9.98247E-05 9.98247E-05 9.98247E-05 9.98247E-05 9.98247E-05 9.98247E-05 9.98247E-05 9.98247E-05 9.98247E-05 9.98247E-05 9.98247E-05 9.98247E-05 9.98247E-05 0.128294 0.0470049 9.98247E-05 9.98247E-05 9.98247E-05 9.98247E-05 0.0361623 9.98247E-05 9.98247E-05 9.98247E-05 0.786542
9.98597E-05 0.539349 9.98597E-05 0.122711 9.98597E-05 9.98597E-05 0.0122535 9.98597E-05 9.98597E-05 0.0914057 9.98597E-05 0.0617389 9.98597E-05 0.0289633 0.125606 9.98597E-05 9.98597E-05 9.98597E-05 9.98597E-05 9.98597E-05 0.0163747 9.98597E-05 9.98597E-05 9.98597E-05
9.98684E-05 0.0166722 9.98684E-05 0.00753348 9.98684E-05 0.0498394 0.0696039 9.98684E-05 9.98684E-05 0.00957369 9.98684E-05 9.98684E-05 9.98684E-05 9.98684E-05 0.226995 9.98684E-05 0.0202962 9.98684E-05 9.98684E-05 9.98684E-05 9.98684E-05 0.0276398 9.98684E-05 0.570348
9.98246E-05 0.918172 9.98246E-05 9.98246E-05 9.98246E-05 9.98246E-05 9.98246E-05 9.98246E-05 9.98246E-05 9.98246E-05 9.98246E-05 9.98246E-05 9.98246E-05 9.98246E-05 0.00852621 9.98246E-05 9.98246E-05 9.98246E-05 9.98246E-05 9.98246E-05 0.0261023 9.98246E-05 0.0452026 9.98246E-05
9.98335E-05 0.56111 9.98335E-05 9.98335E-05 9.98335E-05 9.98335E-05 9.98335E-05 9.98335E-05 9.98335E-05 9.98335E-05 9.98335E-05 9.98335E-05 9.98335E-05 9.98335E-05 0.0906424 9.98335E-05 9.98335E-05 9.98335E-05 9.98335E-05 9.98335E-05 0.135618 9.98335E-05 0.155951 0.0547812
9.98158E-05 9.98158E-05 9.98158E-05 9.98158E-05 9.98158E-05 9.98158E-05 9.98158E-05 9.98158E-05 9.98158E-05 9.98158E-05 9.98158E-05 9.98158E-05 9.98158E-05 9.98158E-05 9.98158E-05 9.98158E-05 9.98158E-05 9.98158E-05 9.98158E-05 9.98158E-05 9.98158E-05 0.0559145 0.0658833 0.876106
9.98509E-05 0.396396 9.98509E-05 9.98509E-05 9.98509E-05 9.98509E-05 9.98509E-05 9.98509E-05 0.0316045 9.98509E-05 0.0435109 9.98509E-05 9.98509E-05 0.106536 0.180895 0.160338 9.98509E-05 9.98509E-05 9.98509E-05 9.98509E-05 0.0790225 9.98509E-05 9.98509E-05 9.98509E-05
9.98334E-05 9.98334E-05 9.98334E-05 9.98334E-05 9.98334E-05 9.98334E-05 9.98334E-05 9.98334E-05 9.98334E-05 0.0218182 9.98334E-05 9.98334E-05 9.98334E-05 9.98334E-05 0.185661 9.98334E-05 9.98334E-05 9.98334E-05 9.98334E-05 9.98334E-05 0.387467 0.0909334 9.98334E-05 0.312224
0.0106105 0.526677 9.98508E-05 9.98508E-05 0.00594188 9.98508E-05 9.98508E-05 9.98508E-05 9.98508E-05 9.98508E-05 9.98508E-05 9.98508E-05 9.98508E-05 9.98508E-05 0.0147687 9.98508E-05 9.98508E-05 9.98508E-05 9.98508E-05 0.0280635 9.98508E-05 0.0106498 9.98508E-05 0.401592
9.98245E-05 9.98245E-05 9.98245E-05 9.98245E-05 9.98245E-05 9.98245E-05 9.98245E-05 9.98245E-05 9.98245E-05 9.98245E-05 9.98245E-05 9.98245E-05 0.0106666 0.0132667 0.0622016 9.98245E-05 9.98245E-05 9.98245E-05 9.98245E-05 9.98245E-05 9.98245E-05 9.98245E-05 9.98245E-05 0.911869
9.98247E-05 0.929399 0.0266221 9.98247E-05 9.98247E-05 9.98247E-05 9.98247E-05 9.98247E-05 9.98247E-05 0.0341359 9.98247E-05 9.98247E-05 9.98247E-05 9.98247E-05 0.00784676 9.98247E-05 9.98247E-05 9.98247E-05 9.98247E-05 9.98247E-05 9.98247E-05 9.98247E-05 9.98247E-05 9.98247E-05
9.98421E-05 0.495801 9.98421E-05 9.98421E-05 9.98421E-05 9.98421E-05 0.00169206 9.98421E-05 9.98421E-05 9.98421E-05 9.98421E-05 9.98421E-05 9.98421E-05 9.98421E-05 0.120607 9.98421E-05 9.98421E-05 9.98421E-05 9.98421E-05 9.98421E-05 0.186028 0.0333771 9.98421E-05 0.160697
9.98248E-05 9.98248E-05 9.98248E-05 9.98248E-05 9.98248E-05 9.98248E-05 9.98248E-05 9.98248E-05 0.0105609 9.98248E-05 9.98248E-05 9.98248E-05 9.98248E-05 9.98248E-05 9.98248E-05 9.98248E-05 0.040137 9.98248E-05 9.98248E-05 9.98248E-05 9.98248E-05 0.0443392 9.98248E-05 0.902966
0.00103725 0.194095 0.0386352 9.98947E-05 0.0294714 0.1171 9.98947E-05 9.98947E-05 0.103134 9.98947E-05 0.0118422 9.98947E-05 9.98947E-05 0.0764375 0.173681 0.0140445 9.98947E-05 9.98947E-05 9.98947E-05 9.98947E-05 9.98947E-05 9.98947E-05 0.164726 0.0745977
9.98246E-05 9.98246E-05 9.98246E-05 9.98246E-05 0.126454 9.98246E-05 9.98246E-05 9.98246E-05 9.98246E-05 9.98246E-05 0.0318782 9.98246E-05 9.98246E-05 9.98246E-05 9.98246E-05 9.98246E-05 9.98246E-05 9.98246E-05 9.98246E-05 9.98246E-05 0.0634337 9.98246E-05 9.98246E-05 0.776237
9.9816E-05 0.92748 9.9816E-05 9.9816E-05 9.9816E-05 9.9816E-05 9.9816E-05 9.9816E-05 9.9816E-05 9.9816E-05 9.9816E-05 9.9816E-05 0.0702396 9.9816E-05 9.9816E-05 9.9816E-05 9.9816E-05 0.00018469 9.9816E-05 9.9816E-05 9.9816E-05 9.9816E-05 9.9816E-05 9.9816E-05
9.98421E-05 9.98421E-05 0.0521992 9.98421E-05 9.98421E-05 9.98421E-05 0.0488614 9.98421E-05 9.98421E-05 0.0184803 9.98421E-05 9.98421E-05 0.007929 9.98421E-05 0.0404903 9.98421E-05 9.98421E-05 9.98421E-05 9.98421E-05 9.98421E-05 9.98421E-05 9.98421E-05 9.98421E-05 0.830243
9.98248E-05 0.766523 9.98248E-05 9.98248E-05 9.98248E-05 9.98248E-05 9.98248E-05 9.98248E-05 9.98248E-05 0.0167249 9.98248E-05 9.98248E-05 9.98248E-05 9.98248E-05 0.108981 9.98248E-05 9.98248E-05 0.105775 9.98248E-05 9.98248E-05 9.98248E-05 9.98248E-05 9.98248E-05 9.98248E-05
0.0358655 0.564072 0.0266175 9.98597E-05 9.98597E-05 0.221111 9.98597E-05 9.98597E-05 9.98597E-05 9.98597E-05 9.98597E-05 9.98597E-05 9.98597E-05 9.98597E-05 9.98597E-05 0.0611031 9.98597E-05 9.98597E-05 9.98597E-05 0.0597805 9.98597E-05 0.00424902 9.98597E-05 0.0256034
9.98509E-05 0.774573 9.98509E-05 9.98509E-05 9.98509E-05 9.98509E-05 9.98509E-05 9.98509E-05 9.98509E-05 9.98509E-05 9.98509E-05 0.0248426 0.0129316 9.98509E-05 0.0254947 9.98509E-05 9.98509E-05 9.98509E-05 0.0718638 9.98509E-05 0.0549519 0.0336454 9.98509E-05 9.98509E-05
9.98335E-05 0.749195 9.98335E-05 9.98335E-05 0.156901 9.98335E-05 9.98335E-05 9.98335E-05 0.0489721 9.98335E-05 9.98335E-05 9.98335E-05 9.98335E-05 9.98335E-05 0.00247024 9.98335E-05 9.98335E-05 9.98335E-05 9.98335E-05 9.98335E-05 9.98335E-05 9.98335E-05 9.98335E-05 0.040565
9.98508E-05 0.0852723 9.98508E-05 9.98508E-05 0.0129309 9.98508E-05 9.98508E-05 9.98508E-05 0.0087597 9.98508E-05 9.98508E-05 9.98508E-05 9.98508E-05 0.00427263 0.0259137 9.98508E-05 9.98508E-05 9.98508E-05 9.98508E-05 9.98508E-05 9.98508E-05 9.98508E-05 0.0277732 0.83338
9.9842E-05 9.9842E-05 9.9842E-05 9.9842E-05 9.9842E-05 9.9842E-05 9.9842E-05 9.9842E-05 0.0174052 9.9842E-05 9.9842E-05 0.0221481 0.00791986 0.0426099 0.138754 0.769366 9.9842E-05 9.9842E-05 9.9842E-05 9.9842E-05 9.9842E-05 9.9842E-05 9.9842E-05 9.9842E-05
9.98072E-05 9.98072E-05 0.0187272 9.98072E-05 9.98072E-05 9.98072E-05 9.98072E-05 9.98072E-05 9.98072E-05 9.98072E-05 9.98072E-05 9.98072E-05 9.98072E-05 9.98072E-05 9.98072E-05 0.979077 9.98072E-05 9.98072E-05 9.98072E-05 9.98072E-05 9.98072E-05 9.98072E-05 9.98072E-05 9.98072E-05
9.97983E-05 9.97983E-05 9.97983E-05 9.97983E-05 9.97983E-05 9.97983E-05 9.97983E-05 9.97983E-05 9.97983E-05 9.97983E-05 9.97983E-05 9.97983E-05 9.97983E-05 9.97983E-05 9.97983E-05 0.997705 9.97983E-05 9.97983E-05 9.97983E-05 9.97983E-05 9.97983E-05 9.97983E-05 9.97983E-05 9.97983E-05
9.98511E-05 9.98511E-05 9.98511E-05 9.98511E-05 9.98511E-05 0.204476 9.98511E-05 9.98511E-05 9.98511E-05 9.98511E-05 9.98511E-05 0.270577 0.012912 0.0717776 9.98511E-05 0.290814 9.98511E-05 9.98511E-05 9.98511E-05 0.0685309 9.98511E-05 0.0792144 9.98511E-05 9.98511E-05
0.0758233 9.98595E-05 9.98595E-05 9.98595E-05 9.98595E-05 9.98595E-05 9.98595E-05 9.98595E-05 9.98595E-05 0.113189 9.98595E-05 9.98595E-05 9.98595E-05 0.0902691 9.98595E-05 0.618244 0.0381843 9.98595E-05 9.98595E-05 0.0116955 0.0159567 0.0350412 9.98595E-05 9.98595E-05
9.98331E-05 9.98331E-05 9.98331E-05 9.98331E-05 9.98331E-05 9.98331E-05 9.98331E-05 9.98331E-05 9.98331E-05 9.98331E-05 9.98331E-05 0.00894795 9.98331E-05 0.0718904 0.164807 0.67828 9.98331E-05 9.98331E-05 9.98331E-05 9.98331E-05 0.0741774 9.98331E-05 9.98331E-05 9.98331E-05
9.98507E-05 9.98507E-05 9.98507E-05 9.98507E-05 9.98507E-05 9.98507E-05 0.00544291 9.98507E-05 0.000198311 9.98507E-05 9.98507E-05 0.284146 9.98507E-05 9.98507E-05 0.108726 0.548176 9.98507E-05 9.98507E-05 0.0472242 0.0043883 9.98507E-05 9.98507E-05 9.98507E-05 9.98507E-05
9.98595E-05 9.98595E-05 9.98595E-05 9.98595E-05 9.98595E-05 0.0673052 9.98595E-05 9.98595E-05 9.98595E-05 9.98595E-05 9.98595E-05 0.075229 0.0554651 0.0629759 0.0994403 0.596648 0.0204671 9.98595E-05 9.98595E-05 9.98595E-05 9.98595E-05 0.0208721 9.98595E-05 9.98595E-05
9.98071E-05 9.98071E-05 9.98071E-05 9.98071E-05 9.98071E-05 9.98071E-05 9.98071E-05 9.98071E-05 9.98071E-05 9.98071E-05 0.0202211 9.98071E-05 9.98071E-05 9.98071E-05 9.98071E-05 0.977583 9.98071E-05 9.98071E-05 9.98071E-05 9.98071E-05 9.98071E-05 9.98071E-05 9.98071E-05 9.98071E-05
9.9807E-05 9.9807E-05 9.9807E-05 9.9807E-05 9.9807E-05 9.9807E-05 9.9807E-05 9.9807E-05 0.0996983 9.9807E-05 9.9807E-05 9.9807E-05 9.9807E-05 9.9807E-05 9.9807E-05 0.898106 9.9807E-05 9.9807E-05 9.9807E-05 9.9807E-05 9.9807E-05 9.9807E-05 9.9807E-05 9.9807E-05
9.98418E-05 9.98418E-05 9.98418E-05 9.98418E-05 9.98418E-05 9.98418E-05 9.98418E-05 9.98418E-05 0.10412 9.98418E-05 9.98418E-05 9.98418E-05 0.00590735 0.0584418 0.252389 0.517419 9.98418E-05 9.98418E-05 9.98418E-05 9.98418E-05 9.98418E-05 0.0599256 9.98418E-05 9.98418E-05
9.9877E-05 9.9877E-05 9.9877E-05 9.9877E-05 0.0190611 9.9877E-05 0.00381326 9.9877E-05 0.0599018 9.9877E-05 9.9877E-05 0.0652675 9.9877E-05 9.9877E-05 0.0857984 0.409546 0.0293598 0.103147 9.9877E-05 9.9877E-05 0.200183 0.0225234 9.9877E-05 9.9877E-05
0.00792601 9.98505E-05 9.98505E-05 9.98505E-05 9.98505E-05 0.0698339 0.124986 9.98505E-05 0.0769754 0.05304 9.98505E-05 9.98505E-05 9.98505E-05 0.118392 9.98505E-05 0.547149 9.98505E-05 9.98505E-05 9.98505E-05 9.98505E-05 9.98505E-05 9.98505E-05 9.98505E-05 9.98505E-05
9.98419E-05 9.98419E-05 9.98419E-05 9.98419E-05 9.98419E-05 9.98419E-05 9.98419E-05 9.98419E-05 9.98419E-05 9.98419E-05 9.98419E-05 0.0097548 9.98419E-05 9.98419E-05 0.241235 0.562905 0.0315892 9.98419E-05 9.98419E-05 9.98419E-05 0.114447 0.0382716 9.98419E-05 9.98419E-05
9.98161E-05 9.98161E-05 0.0479612 9.98161E-05 9.98161E-05 9.98161E-05 9.98161E-05 9.98161E-05 9.98161E-05 0.0247867 9.98161E-05 9.98161E-05 9.98161E-05 9.98161E-05 9.98161E-05 0.925156 9.98161E-05 9.98161E-05 9.98161E-05 9.98161E-05 9.98161E-05 9.98161E-05 9.98161E-05 9.98161E-05
9.98334E-05 9.98334E-05 9.98334E-05 0.0209011 9.98334E-05 9.98334E-05 9.98334E-05 9.98334E-05 9.98334E-05 9.98334E-05 9.98334E-05 9.98334E-05 9.98334E-05 0.0303697 0.0184061 0.909427 9.98334E-05 9.98334E-05 0.018999 9.98334E-05 9.98334E-05 9.98334E-05 9.98334E-05 9.98334E-05
9.98418E-05 9.98418E-05 9.98418E-05 9.98418E-05 9.98418E-05 0.143601 9.98418E-05 9.98418E-05 9.98418E-05 9.98418E-05 9.98418E-05 0.0340993 9.98418E-05 9.98418E-05 9.98418E-05 0.528162 0.0819208 9.98418E-05 0.037501 9.98418E-05 9.98418E-05 0.172918 9.98418E-05 9.98418E-05
9.98419E-05 9.98419E-05 9.98419E-05 9.98419E-05 0.0400071 9.98419E-05 9.98419E-05 9.98419E-05 0.124089 9.98419E-05 9.98419E-05 9.98419E-05 9.98419E-05 0.00916789 9.98419E-05 0.584465 9.98419E-05 9.98419E-05 9.98419E-05 9.98419E-05 0.164691 0.0757824 9.98419E-05 9.98419E-05
9.98333E-05 9.98333E-05 9.98333E-05 9.98333E-05 9.98333E-05 9.98333E-05 9.98333E-05 9.98333E-05 0.070053 9.98333E-05 9.98333E-05 9.98333E-05 0.0434106 9.98333E-05 0.0557203 0.806011 9.98333E-05 9.98333E-05 9.98333E-05 9.98333E-05 9.98333E-05 0.0229085 9.98333E-05 9.98333E-05
9.98242E-05 9.98242E-05 0.100993 9.98242E-05 9.98242E-05 9.98242E-05 9.98242E-05 9.98242E-05 9.98242E-05 9.98242E-05 9.98242E-05 9.98242E-05 9.98242E-05 9.98242E-05 0.184867 0.559275 9.98242E-05 9.98242E-05 9.98242E-05 9.98242E-05 9.98242E-05 9.98242E-05 0.152869 9.98242E-05
9.98075E-05 9.98075E-05 9.98075E-05 9.98075E-05 9.98075E-05 9.98075E-05 9.98075E-05 0.0142774 9.98075E-05 9.98075E-05 9.98075E-05 9.98075E-05 9.98075E-05 9.98075E-05 9.98075E-05 0.983527 9.98075E-05 9.98075E-05 9.98075E-05 9.98075E-05 9.98075E-05 9.98075E-05 9.98075E-05 9.98075E-05
9.98681E-05 9.98681E-05 9.98681E-05 9.98681E-05 0.0128008 0.0347018 9.98681E-05 9.98681E-05 9.98681E-05 9.98681E-05 9.98681E-05 0.018527 9.98681E-05 9.98681E-05 0.00188164 0.626087 0.0146901 0.0346947 9.98681E-05 9.98681E-05 0.234134 0.0209845 9.98681E-05 9.98681E-05
9.98684E-05 9.98684E-05 9.98684E-05 9.98684E-05 9.98684E-05 0.180086 9.98684E-05 9.98684E-05 0.0127196 9.98684E-05 9.98684E-05 0.0191737 9.98684E-05 9.98684E-05 0.037232 0.669825 9.98684E-05 0.00960079 9.98684E-05 0.0324056 0.0123049 9.98684E-05 0.0251547 9.98684E-05
0.0692348 9.9842E-05 9.9842E-05 9.9842E-05 9.9842E-05 9.9842E-05 9.9842E-05 9.9842E-05 9.9842E-05 9.9842E-05 0.0472357 9.9842E-05 0.0206053 0.0254824 9.9842E-05 0.707443 9.9842E-05 9.9842E-05 9.9842E-05 9.9842E-05 9.9842E-05 0.128202 9.9842E-05 9.9842E-05
9.98331E-05 9.98331E-05 9.98331E-05 9.98331E-05 9.98331E-05 9.98331E-05 9.98331E-05 9.98331E-05 0.164454 9.98331E-05 9.98331E-05 9.98331E-05 9.98331E-05 0.00297148 0.0138008 0.815799 9.98331E-05 9.98331E-05 0.00107863 9.98331E-05 9.98331E-05 9.98331E-05 9.98331E-05 9.98331E-05
9.98248E-05 9.98248E-05 9.98248E-05 9.98248E-05 9.98248E-05 9.98248E-05 9.98248E-05 9.98248E-05 9.98248E-05 9.98248E-05 9.98248E-05 0.0584818 9.98248E-05 0.0202875 0.00696913 0.912265 9.98248E-05 9.98248E-05 9.98248E-05 9.98248E-05 9.98248E-05 9.98248E-05 9.98248E-05 9.98248E-05
9.98072E-05 9.98072E-05 9.98072E-05 9.98072E-05 9.98072E-05 9.98072E-05 9.98072E-05 9.98072E-05 9.98072E-05 9.98072E-05 9.98072E-05 9.98072E-05 9.98072E-05 9.98072E-05 9.98072E-05 0.987137 9.98072E-05 9.98072E-05 9.98072E-05 9.98072E-05 0.0106671 9.98072E-05 9.98072E-05 9.98072E-05
9.97985E-05 9.97985E-05 9.97985E-05 9.97985E-05 9.97985E-05 9.97985E-05 9.97985E-05 9.97985E-05 9.97985E-05 9.97985E-05 9.97985E-05 9.97985E-05 9.97985E-05 9.97985E-05 9.97985E-05 0.997705 9.97985E-05 9.97985E-05 9.97985E-05 9.97985E-05 9.97985E-05 9.97985E-05 9.97985E-05 9.97985E-05
9.98159E-05 9.98159E-05 9.98159E-05 9.98159E-05 9.98159E-05 9.98159E-05 9.98159E-05 9.98159E-05 9.98159E-05 0.0193727 9.98159E-05 9.98159E-05 0.0712758 9.98159E-05 9.98159E-05 0.907255 9.98159E-05 9.98159E-05 9.98159E-05 9.98159E-05 9.98159E-05 9.98159E-05 9.98159E-05 9.98159E-05
9.98248E-05 9.98248E-05 9.98248E-05 9.98248E-05 9.98248E-05 9.98248E-05 9.98248E-05 0.238107 9.98248E-05 9.98248E-05 9.98248E-05 9.98248E-05 9.98248E-05 0.100442 0.0912005 0.568253 9.98248E-05 9.98248E-05 9.98248E-05 9.98248E-05 9.98248E-05 9.98248E-05 9.98248E-05 9.98248E-05
9.98158E-05 9.98158E-05 9.98158E-05 9.98158E-05 9.98158E-05 0.752048 9.98158E-05 9.98158E-05 9.98158E-05 9.98158E-05 9.98158E-05 9.98158E-05 9.98158E-05 0.141257 0.104599 9.98158E-05 9.98158E-05 9.98158E-05 9.98158E-05 9.98158E-05 9.98158E-05 9.98158E-05 9.98158E-05 9.98158E-05
9.98246E-05 9.98246E-05 9.98246E-05 9.98246E-05 9.98246E-05 0.391576 9.98246E-05 0.58304 9.98246E-05 9.98246E-05 9.98246E-05 9.98246E-05 9.98246E-05 0.000165895 0.0232224 9.98246E-05 9.98246E-05 9.98246E-05 9.98246E-05 9.98246E-05 9.98246E-05 9.98246E-05 9.98246E-05 9.98246E-05
9.98334E-05 9.98334E-05 9.98334E-05 9.98334E-05 9.98334E-05 0.869837 9.98334E-05 9.98334E-05 0.0165148 0.0293483 9.98334E-05 9.98334E-05 0.0311979 9.98334E-05 0.0512053 9.98334E-05 9.98334E-05 9.98334E-05 9.98334E-05 9.98334E-05 9.98334E-05 9.98334E-05 9.98334E-05 9.98334E-05
9.98243E-05 9.98243E-05 9.98243E-05 9.98243E-05 9.98243E-05 0.882215 9.98243E-05 9.98243E-05 0.00158132 9.98243E-05 9.98243E-05 9.98243E-05 9.98243E-05 0.0452735 0.0689334 9.98243E-05 9.98243E-05 9.98243E-05 9.98243E-05 9.98243E-05 9.98243E-05 9.98243E-05 9.98243E-05 9.98243E-05
9.98244E-05 9.98244E-05 9.98244E-05 9.98244E-05 9.98244E-05 0.92964 9.98244E-05 9.98244E-05 9.98244E-05 0.00205387 9.98244E-05 9.98244E-05 9.98244E-05 0.054894 0.0114157 9.98244E-05 9.98244E-05 9.98244E-05 9.98244E-05 9.98244E-05 9.98244E-05 9.98244E-05 9.98244E-05 9.98244E-05
9.98421E-05 9.98421E-05 9.98421E-05 9.98421E-05 0.0340433 0.530435 9.98421E-05 0.0853315 9.98421E-05 9.98421E-05 9.98421E-05 0.0575698 9.98421E-05 0.142239 0.148584 9.98421E-05 9.98421E-05 9.98421E-05 9.98421E-05 9.98421E-05 9.98421E-05 9.98421E-05 9.98421E-05 9.98421E-05
9.98333E-05 9.98333E-05 9.98333E-05 9.98333E-05 9.98333E-05 0.771976 9.98333E-05 9.98333E-05 0.00539992 9.98333E-05 9.98333E-05 9.98333E-05 9.98333E-05 0.0596656 0.0977134 9.98333E-05 9.98333E-05 9.98333E-05 9.98333E-05 9.98333E-05 0.0633481 9.98333E-05 9.98333E-05 9.98333E-05
9.98069E-05 9.98069E-05 9.98069E-05 9.98069E-05 9.98069E-05 0.83392 9.98069E-05 9.98069E-05 9.98069E-05 9.98069E-05 9.98069E-05 9.98069E-05 9.98069E-05 0.163884 9.98069E-05 9.98069E-05 9.98069E-05 9.98069E-05 9.98069E-05 9.98069E-05 9.98069E-05 9.98069E-05 9.98069E-05 9.98069E-05
9.98244E-05 9.98244E-05 9.98244E-05 9.98244E-05 9.98244E-05 0.310166 9.98244E-05 9.98244E-05 9.98244E-05 9.98244E-05 9.98244E-05 0.175554 9.98244E-05 0.361058 9.98244E-05 9.98244E-05 9.98244E-05 9.98244E-05 9.98244E-05 9.98244E-05 9.98244E-05 9.98244E-05 0.151225 9.98244E-05
9.98333E-05 9.98333E-05 9.98333E-05 9.98333E-05 0.0708501 0.477811 9.98333E-05 9.98333E-05 9.98333E-05 9.98333E-05 9.98333E-05 9.98333E-05 9.98333E-05 0.230388 0.197434 9.98333E-05 9.98333E-05 9.98333E-05 9.98333E-05 9.98333E-05 0.0216206 9.98333E-05 9.98333E-05 9.98333E-05
9.9816E-05 9.9816E-05 9.9816E-05 0.215446 9.9816E-05 0.563173 9.9816E-05 9.9816E-05 9.9816E-05 9.9816E-05 9.9816E-05 0.219285 9.9816E-05 9.9816E-05 9.9816E-05 9.9816E-05 9.9816E-05 9.9816E-05 9.9816E-05 9.9816E-05 9.9816E-05 9.9816E-05 9.9816E-05 9.9816E-05
9.98421E-05 9.98421E-05 9.98421E-05 0.229673 9.98421E-05 0.486742 9.98421E-05 9.98421E-05 0.0826467 9.98421E-05 9.98421E-05 0.12193 9.98421E-05 9.98421E-05 0.0280917 9.98421E-05 9.98421E-05 9.98421E-05 9.98421E-05 0.0491198 9.98421E-05 9.98421E-05 9.98421E-05 9.98421E-05
9.98509E-05 9.98509E-05 9.98509E-05 9.98509E-05 0.0388045 0.744906 9.98509E-05 0.122752 0.00179382 0.00199223 9.98509E-05 9.98509E-05 0.00306386 0.0849905 9.98509E-05 9.98509E-05 9.98509E-05 9.98509E-05 9.98509E-05 9.98509E-05 9.98509E-05 9.98509E-05 9.98509E-05 9.98509E-05
9.98248E-05 9.98248E-05 9.98248E-05 9.98248E-05 9.98248E-05 0.648775 9.98248E-05 0.0803178 9.98248E-05 9.98248E-05 9.98248E-05 9.98248E-05 9.98248E-05 0.105551 0.16336 9.98248E-05 9.98248E-05 9.98248E-05 9.98248E-05 9.98248E-05 9.98248E-05 9.98248E-05 9.98248E-05 9.98248E-05
9.98509E-05 9.98509E-05 9.98509E-05 0.0568577 9.98509E-05 0.60168 0.0487668 0.0818201 0.00121762 9.98509E-05 9.98509E-05 9.98509E-05 0.127423 0.0805376 9.98509E-05 9.98509E-05 9.98509E-05 9.98509E-05 9.98509E-05 9.98509E-05 9.98509E-05 9.98509E-05 9.98509E-05 9.98509E-05
9.98422E-05 9.98422E-05 9.98422E-05 9.98422E-05 0.0416035 0.614553 9.98422E-05 9.98422E-05 9.98422E-05 9.98422E-05 9.98422E-05 0.0725117 9.98422E-05 0.0334183 0.0904696 9.98422E-05 9.98422E-05 9.98422E-05 9.98422E-05 9.98422E-05 9.98422E-05 9.98422E-05 0.145647 9.98422E-05
9.98684E-05 9.98684E-05 0.00801814 9.98684E-05 9.98684E-05 0.386156 9.98684E-05 0.137666 9.98684E-05 9.98684E-05 9.98684E-05 0.241742 0.0357912 0.0120343 0.0952821 9.98684E-05 9.98684E-05 0.0256736 9.98684E-05 0.0561385 9.98684E-05 9.98684E-05 9.98684E-05 9.98684E-05
9.98685E-05 9.98685E-05 9.98685E-05 0.0386193 0.0596269 0.601134 9.98685E-05 9.98685E-05 9.98685E-05 0.00211749 9.98685E-05 9.98685E-05 9.98685E-05 0.125613 9.98685E-05 9.98685E-05 0.0274294 9.98685E-05 9.98685E-05 9.98685E-05 0.119949 9.98685E-05 0.000556557 0.0234566
9.9816E-05 9.9816E-05 9.9816E-05 0.00666867 9.9816E-05 0.941771 9.9816E-05 9.9816E-05 9.9816E-05 9.9816E-05 9.9816E-05 0.0494637 9.9816E-05 9.9816E-05 9.9816E-05 9.9816E-05 9.9816E-05 9.9816E-05 9.9816E-05 9.9816E-05 9.9816E-05 9.9816E-05 9.9816E-05 9.9816E-05
9.98595E-05 9.98595E-05 9.98595E-05 0.364728 9.98595E-05 0.264159 0.0204405 9.98595E-05 0.00583085 9.98595E-05 9.98595E-05 9.98595E-05 9.98595E-05 0.10906 0.0929252 9.98595E-05 9.98595E-05 9.98595E-05 9.98595E-05 0.0845717 9.98595E-05 9.98595E-05 0.0566866 9.98595E-05
9.98335E-05 9.98335E-05 9.98335E-05 9.98335E-05 9.98335E-05 0.783709 9.98335E-05 9.98335E-05 9.98335E-05 0.0441266 9.98335E-05 0.0976175 9.98335E-05 0.0411594 0.0314906 9.98335E-05 9.98335E-05 9.98335E-05 9.98335E-05 9.98335E-05 9.98335E-05 9.98335E-05 9.98335E-05 9.98335E-05
9.98158E-05 9.98158E-05 9.98158E-05 9.98158E-05 9.98158E-05 0.932163 9.98158E-05 9.98158E-05 9.98158E-05 9.98158E-05 9.98158E-05 9.98158E-05 0.0234109 0.0423303 9.98158E-05 9.98158E-05 9.98158E-05 9.98158E-05 9.98158E-05 9.98158E-05 9.98158E-05 9.98158E-05 9.98158E-05 9.98158E-05
9.98421E-05 9.98421E-05 9.98421E-05 9.98421E-05 9.98421E-05 0.335763 9.98421E-05 9.98421E-05 9.98421E-05 0.0973143 9.98421E-05 0.104904 9.98421E-05 0.251768 0.167479 9.98421E-05 9.98421E-05 9.98421E-05 9.98421E-05 0.0409745 9.98421E-05 9.98421E-05 9.98421E-05 9.98421E-05
9.98334E-05 9.98334E-05 9.98334E-05 9.98334E-05 9.98334E-05 0.666035 9.98334E-05 0.0980453 9.98334E-05 9.98334E-05 9.98334E-05 9.98334E-05 9.98334E-05 0.14442 0.0415911 9.98334E-05 9.98334E-05 0.0480117 9.98334E-05 9.98334E-05 9.98334E-05 9.98334E-05 9.98334E-05 9.98334E-05
9.98508E-05 9.98508E-05 0.0269503 9.98508E-05 9.98508E-05 0.46782 9.98508E-05 9.98508E-05 9.98508E-05 0.0166158 9.98508E-05 0.0732145 9.98508E-05 0.156353 0.190903 9.98508E-05 9.98508E-05 9.98508E-05 9.98508E-05 0.0664457 9.98508E-05 9.98508E-05 9.98508E-05 9.98508E-05
0.0220922 9.98508E-05 0.0405423 9.98508E-05 9.98508E-05 0.274417 9.98508E-05 0.403137 9.98508E-05 9.98508E-05 9.98508E-05 9.98508E-05 0.00222955 0.130204 0.12568 9.98508E-05 9.98508E-05 9.98508E-05 9.98508E-05 9.98508E-05 9.98508E-05 9.98508E-05 9.98508E-05 9.98508E-05
9.98246E-05 9.98246E-05 9.98246E-05 0.780964 9.98246E-05 9.98246E-05 9.98246E-05 9.98246E-05 9.98246E-05 0.136054 0.0460315 9.98246E-05 9.98246E-05 9.98246E-05 0.0349538 9.98246E-05 9.98246E-05 9.98246E-05 9.98246E-05 9.98246E-05 9.98246E-05 9.98246E-05 9.98246E-05 9.98246E-05
9.9833E-05 9.9833E-05 9.9833E-05 9.9833E-05 9.9833E-05 0.883257 0.0103031 9.9833E-05 9.9833E-05 9.9833E-05 9.9833E-05 9.9833E-05 9.9833E-05 0.0817295 0.0030497 9.9833E-05 9.9833E-05 9.9833E-05 9.9833E-05 9.9833E-05 9.9833E-05 0.0197643 9.9833E-05 9.9833E-05
9.98336E-05 9.98336E-05 9.98336E-05 0.0304341 9.98336E-05 0.572348 9.98336E-05 9.98336E-05 9.98336E-05 9.98336E-05 9.98336E-05 0.034677 9.98336E-05 0.226575 0.134069 9.98336E-05 9.98336E-05 9.98336E-05 9.98336E-05 9.98336E-05 9.98336E-05 9.98336E-05 9.98336E-05 9.98336E-05
9.98246E-05 9.98246E-05 9.98246E-05 9.98246E-05 9.98246E-05 0.665565 9.98246E-05 0.110821 9.98246E-05 0.134297 9.98246E-05 9.98246E-05 9.98246E-05 9.98246E-05 0.0873205 9.98246E-05 9.98246E-05 9.98246E-05 9.98246E-05 9.98246E-05 9.98246E-05 9.98246E-05 9.98246E-05 9.98246E-05
9.9851E-05 9.9851E-05 9.9851E-05 9.9851E-05 9.9851E-05 0.74156 0.0375056 0.0188715 0.00275253 9.9851E-05 9.9851E-05 0.000839983 9.9851E-05 0.027809 0.168964 9.9851E-05 9.9851E-05 9.9851E-05 9.9851E-05 9.9851E-05 9.9851E-05 9.9851E-05 9.9851E-05 9.9851E-05
9.9807E-05 9.9807E-05 0.0601619 9.9807E-05 9.9807E-05 0.937642 9.9807E-05 9.9807E-05 9.9807E-05 9.9807E-05 9.9807E-05 9.9807E-05 9.9807E-05 9.9807E-05 9.9807E-05 9.9807E-05 9.9807E-05 9.9807E-05 9.9807E-05 9.9807E-05 9.9807E-05 9.9807E-05 9.9807E-05 9.9807E-05
9.98332E-05 9.98332E-05 9.98332E-05 9.98332E-05 9.98332E-05 0.344721 9.98332E-05 9.98332E-05 9.98332E-05 0.117443 9.98332E-05 9.98332E-05 9.98332E-05 0.272214 0.112293 9.98332E-05 9.98332E-05 9.98332E-05 9.98332E-05 0.151432 9.98332E-05 9.98332E-05 9.98332E-05 9.98332E-05
9.98245E-05 9.98245E-05 9.98245E-05 9.98245E-05 9.98245E-05 0.833382 9.98245E-05 9.98245E-05 9.98245E-05 9.98245E-05 9.98245E-05 9.98245E-05 9.98245E-05 0.00337132 0.0324052 9.98245E-05 9.98245E-05 9.98245E-05 9.98245E-05 9.98245E-05 0.128845 9.98245E-05 9.98245E-05 9.98245E-05
9.98158E-05 9.98158E-05 9.98158E-05 9.98158E-05 9.98158E-05 0.918344 9.98158E-05 0.0565314 9.98158E-05 9.98158E-05 9.98158E-05 9.98158E-05 9.98158E-05 9.98158E-05 0.0230284 9.98158E-05 9.98158E-05 9.98158E-05 9.98158E-05 9.98158E-05 9.98158E-05 9.98158E-05 9.98158E-05 9.98158E-05
9.98508E-05 9.98508E-05 0.0109665 0.0930198 0.0311183 0.555659 9.98508E-05 9.98508E-05 0.000358296 9.98508E-05 9.98508E-05 9.98508E-05 9.98508E-05 0.0448592 9.98508E-05 9.98508E-05 9.98508E-05 9.98508E-05 9.98508E-05 9.98508E-05 9.98508E-05 9.98508E-05 0.262321 9.98508E-05
9.98333E-05 9.98333E-05 9.98333E-05 9.98333E-05 9.98333E-05 0.668651 9.98333E-05 9.98333E-05 0.00347285 9.98333E-05 9.98333E-05 9.98333E-05 0.0433619 0.118358 0.164259 9.98333E-05 9.98333E-05 9.98333E-05 9.98333E-05 9.98333E-05 9.98333E-05 9.98333E-05 9.98333E-05 9.98333E-05
9.98245E-05 9.98245E-05 9.98245E-05 0.56145 9.98245E-05 0.267447 9.98245E-05 0.113446 9.98245E-05 9.98245E-05 9.98245E-05 9.98245E-05 9.98245E-05 0.0556611 9.98245E-05 9.98245E-05 9.98245E-05 9.98245E-05 9.98245E-05 9.98245E-05 9.98245E-05 9.98245E-05 9.98245E-05 9.98245E-05
9.98334E-05 9.98334E-05 9.98334E-05 0.287155 9.98334E-05 0.616387 9.98334E-05 9.98334E-05 9.98334E-05 9.98334E-05 9.98334E-05 9.98334E-05 9.98334E-05 0.071383 0.0139143 9.98334E-05 9.98334E-05 9.98334E-05 9.98334E-05 0.00926397 9.98334E-05 9.98334E-05 9.98334E-05 9.98334E-05
9.98246E-05 9.98246E-05 9.98246E-05 9.98246E-05 9.98246E-05 0.496751 9.98246E-05 0.479978 9.98246E-05 0.018165 9.98246E-05 9.98246E-05 9.98246E-05 0.00310961 9.98246E-05 9.98246E-05 9.98246E-05 9.98246E-05 9.98246E-05 9.98246E-05 9.98246E-05 9.98246E-05 9.98246E-05 9.98246E-05
9.98335E-05 9.98335E-05 9.98335E-05 0.473652 9.98335E-05 0.479519 9.98335E-05 9.98335E-05 9.98335E-05 9.98335E-05 9.98335E-05 0.0392903 9.98335E-05 0.00511199 9.98335E-05 9.98335E-05 9.98335E-05 9.98335E-05 9.98335E-05 0.000530269 9.98335E-05 9.98335E-05 9.98335E-05 9.98335E-05
9.98245E-05 9.98245E-05 9.98245E-05 9.98245E-05 9.98245E-05 0.473695 9.98245E-05 9.98245E-05 9.98245E-05 9.98245E-05 9.98245E-05 0.122057 9.98245E-05 0.0966043 0.305648 9.98245E-05 9.98245E-05 9.98245E-05 9.98245E-05 9.98245E-05 9.98245E-05 9.98245E-05 9.98245E-05 9.98245E-05
0.0166873 9.98246E-05 9.98246E-05 9.98246E-05 9.98246E-05 0.789242 9.98246E-05 9.98246E-05 9.98246E-05 9.98246E-05 9.98246E-05 9.98246E-05 9.98246E-05 0.103636 9.98246E-05 9.98246E-05 9.98246E-05 0.0884382 9.98246E-05 9.98246E-05 9.98246E-05 9.98246E-05 9.98246E-05 9.98246E-05
9.98333E-05 9.98333E-05 9.98333E-05 0.667124 9.98333E-05 9.98333E-05 9.98333E-05 9.98333E-05 9.98333E-05 9.98333E-05 9.98333E-05 9.98333E-05 9.98333E-05 0.177642 0.0321191 9.98333E-05 9.98333E-05 9.98333E-05 9.98333E-05 0.120809 9.98333E-05 9.98333E-05 0.000408706 9.98333E-05
9.98246E-05 0.0431716 9.98246E-05 0.649891 9.98246E-05 0.301672 9.98246E-05 9.98246E-05 9.98246E-05 9.98246E-05 9.98246E-05 9.98246E-05 9.98246E-05 9.98246E-05 9.98246E-05 9.98246E-05 9.98246E-05 0.003269 9.98246E-05 9.98246E-05 9.98246E-05 9.98246E-05 9.98246E-05 9.98246E-05
9.98403E-05 9.98403E-05 9.98403E-05 9.98403E-05 9.98403E-05 0.449022 9.98403E-05 9.98403E-05 9.98403E-05 0.0556139 9.98403E-05 0.125804 0.0204328 0.209696 9.98403E-05 9.98403E-05 9.98403E-05 9.98403E-05 9.98403E-05 0.0458823 0.0655077 9.98403E-05 0.0264427 9.98403E-05
9.98597E-05 9.98597E-05 9.98597E-05 0.0833762 9.98597E-05 0.502526 9.98597E-05 9.98597E-05 9.98597E-05 9.98597E-05 9.98597E-05 9.98597E-05 0.049094 0.0587872 0.0520142 0.232518 9.98597E-05 0.00739768 9.98597E-05 0.0126894 9.98597E-05 9.98597E-05 9.98597E-05 9.98597E-05
9.98687E-05 9.98687E-05 0.0749806 0.0957687 9.98687E-05 0.39771 9.98687E-05 9.98687E-05 9.98687E-05 9.98687E-05 0.0484516 0.114822 9.98687E-05 0.112721 0.108496 9.98687E-05 9.98687E-05 9.98687E-05 9.98687E-05 9.98687E-05 0.0264548 9.98687E-05 0.0190979 9.98687E-05
9.98422E-05 9.98422E-05 9.98422E-05 9.98422E-05 9.98422E-05 0.452426 9.98422E-05 9.98422E-05 0.0280281 9.98422E-05 9.98422E-05 9.98422E-05 9.98422E-05 0.219431 0.216957 9.98422E-05 9.98422E-05 9.98422E-05 9.98422E-05 0.0363018 0.0450585 9.98422E-05 9.98422E-05 9.98422E-05
9.98157E-05 9.98157E-05 9.98157E-05 9.98157E-05 9.98157E-05 0.327616 9.98157E-05 0.666823 9.98157E-05 9.98157E-05 9.98157E-05 9.98157E-05 9.98157E-05 9.98157E-05 0.00346472 9.98157E-05 9.98157E-05 9.98157E-05 9.98157E-05 9.98157E-05 9.98157E-05 9.98157E-05 9.98157E-05 9.98157E-05
9.98244E-05 9.98244E-05 9.98244E-05 9.98244E-05 0.146728 0.741712 9.98244E-05 9.98244E-05 9.98244E-05 9.98244E-05 9.98244E-05 9.98244E-05 9.98244E-05 9.98244E-05 0.0965282 9.98244E-05 0.0130354 9.98244E-05 9.98244E-05 9.98244E-05 9.98244E-05 9.98244E-05 9.98244E-05 9.98244E-05
9.98421E-05 9.98421E-05 9.98421E-05 9.98421E-05 9.98421E-05 0.127622 9.98421E-05 0.681076 9.98421E-05 0.0285236 9.98421E-05 0.0647007 9.98421E-05 0.0717008 0.0245798 9.98421E-05 9.98421E-05 9.98421E-05 9.98421E-05 9.98421E-05 9.98421E-05 9.98421E-05 9.98421E-05 9.98421E-05
9.98422E-05 9.98422E-05 9.98422E-05 0.140903 9.98422E-05 0.403165 9.98422E-05 0.163653 9.98422E-05 9.98422E-05 9.98422E-05 9.98422E-05 9.98422E-05 0.129578 0.136751 9.98422E-05 9.98422E-05 9.98422E-05 9.98422E-05 9.98422E-05 9.98422E-05 9.98422E-05 0.0241521 9.98422E-05
9.98245E-05 9.98245E-05 9.98245E-05 9.98245E-05 9.98245E-05 0.837138 0.0527097 9.98245E-05 9.98245E-05 9.98245E-05 9.98245E-05 0.091855 9.98245E-05 0.0163005 9.98245E-05 9.98245E-05 9.98245E-05 9.98245E-05 9.98245E-05 9.98245E-05 9.98245E-05 9.98245E-05 9.98245E-05 9.98245E-05
9.98068E-05 9.98068E-05 9.98068E-05 9.98068E-05 0.144896 0.852908 9.98068E-05 9.98068E-05 9.98068E-05 9.98068E-05 9.98068E-05 9.98068E-05 9.98068E-05 9.98068E-05 9.98068E-05 9.98068E-05 9.98068E-05 9.98068E-05 9.98068E-05 9.98068E-05 9.98068E-05 9.98068E-05 9.98068E-05 9.98068E-05
9.98333E-05 9.98333E-05 9.98333E-05 9.98333E-05 9.98333E-05 0.439556 9.98333E-05 9.98333E-05 9.98333E-05 9.98333E-05 9.98333E-05 0.140524 9.98333E-05 0.186492 0.192528 9.98333E-05 9.98333E-05 9.98333E-05 0.0390022 9.98333E-05 9.98333E-05 9.98333E-05 9.98333E-05 9.98333E-05
9.98158E-05 9.98158E-05 9.98158E-05 9.98158E-05 9.98158E-05 0.8141 9.98158E-05 9.98158E-05 9.98158E-05 9.98158E-05 9.98158E-05 9.98158E-05 9.98158E-05 0.0937485 0.0900554 9.98158E-05 9.98158E-05 9.98158E-05 9.98158E-05 9.98158E-05 9.98158E-05 9.98158E-05 9.98158E-05 9.98158E-05
