0.191237 9.98419E-05 9.98419E-05 0.0208154 9.98419E-05 9.98419E-05 0.0708706 0.0258297 0.00191438 9.98419E-05 9.98419E-05 0.442099 0.0520607 0.0805152 9.98419E-05 9.98419E-05 9.98419E-05 9.98419E-05 9.98419E-05 9.98419E-05 9.98419E-05 9.98419E-05 9.98419E-05 9.98419E-05 0.112862 9.98419E-05 9.98419E-05
0.165045 9.98071E-05 9.98071E-05 9.98071E-05 9.98071E-05 0.598019 9.98071E-05 9.98071E-05 9.98071E-05 9.98071E-05 9.98071E-05 0.0962462 9.98071E-05 0.129168 9.98071E-05 9.98071E-05 9.98071E-05 0.00932583 9.98071E-05 9.98071E-05 9.98071E-05 9.98071E-05 9.98071E-05 9.98071E-05 9.98071E-05 9.98071E-05 9.98071E-05
9.97982E-05 9.97982E-05 9.97982E-05 9.97982E-05 9.97982E-05 0.599306 9.97982E-05 0.0163736 9.97982E-05 9.97982E-05 0.0265996 0.355425 9.97982E-05 9.97982E-05 9.97982E-05 9.97982E-05 9.97982E-05 9.97982E-05 9.97982E-05 9.97982E-05 9.97982E-05 9.97982E-05 9.97982E-05 9.97982E-05 9.97982E-05 9.97982E-05 9.97982E-05
0.00923114 9.98422E-05 9.98422E-05 9.98422E-05 9.98422E-05 0.261962 9.98422E-05 0.0379643 9.98422E-05 9.98422E-05 0.0631603 0.0331807 9.98422E-05 9.98422E-05 9.98422E-05 0.0485374 9.98422E-05 9.98422E-05 0.107396 9.98422E-05 0.24573 9.98422E-05 9.98422E-05 9.98422E-05 0.191041 9.98422E-05 9.98422E-05
9.98071E-05 9.98071E-05 9.98071E-05 9.98071E-05 9.98071E-05 0.626376 9.98071E-05 9.98071E-05 9.98071E-05 0.0712239 9.98071E-05 0.248064 9.98071E-05 9.98071E-05 9.98071E-05 9.98071E-05 0.015559 9.98071E-05 0.0365813 9.98071E-05 9.98071E-05 9.98071E-05 9.98071E-05 9.98071E-05 9.98071E-05 9.98071E-05 9.98071E-05
0.179175 9.98333E-05 9.98333E-05 9.98333E-05 9.98333E-05 0.0472471 9.98333E-05 9.98333E-05 9.98333E-05 0.181218 0.206971 0.147669 9.98333E-05 0.0596604 9.98333E-05 9.98333E-05 0.060307 9.98333E-05 9.98333E-05 9.98333E-05 9.98333E-05 9.98333E-05 9.98333E-05 9.98333E-05 9.98333E-05 0.115856 9.98333E-05
0.094728 9.98598E-05 9.98598E-05 9.98598E-05 0.082337 0.101942 9.98598E-05 9.98598E-05 9.98598E-05 0.0349879 9.98598E-05 0.183902 0.0394684 0.132633 9.98598E-05 0.0936742 9.98598E-05 9.98598E-05 0.00294007 9.98598E-05 0.0793814 9.98598E-05 9.98598E-05 9.98598E-05 0.152409 9.98598E-05 9.98598E-05
0.0223249 9.9851E-05 9.9851E-05 0.0581759 9.9851E-05 0.255865 0.18082 9.9851E-05 9.9851E-05 0.00172529 0.0822487 9.9851E-05 9.9851E-05 9.9851E-05 9.9851E-05 9.9851E-05 0.00511289 9.9851E-05 0.14044 9.9851E-05 9.9851E-05 9.9851E-05 9.9851E-05 9.9851E-05 0.158557 0.0930327 9.9851E-05
9.98159E-05 9.98159E-05 9.98159E-05 9.98159E-05 9.98159E-05 9.98159E-05 9.98159E-05 0.231479 9.98159E-05 9.98159E-05 9.98159E-05 0.287849 0.102577 9.98159E-05 9.98159E-05 9.98159E-05 9.98159E-05 9.98159E-05 0.102041 9.98159E-05 9.98159E-05 9.98159E-05 9.98159E-05 9.98159E-05 0.0500705 0.223887 9.98159E-05
9.97808E-05 9.97808E-05 9.97808E-05 9.97808E-05 9.97808E-05 9.97808E-05 9.97808E-05 0.0209036 9.97808E-05 9.97808E-05 9.97808E-05 0.976602 9.97808E-05 9.97808E-05 9.97808E-05 9.97808E-05 9.97808E-05 9.97808E-05 9.97808E-05 9.97808E-05 9.97808E-05 9.97808E-05 9.97808E-05 9.97808E-05 9.97808E-05 9.97808E-05 9.97808E-05
0.053772 9.9807E-05 9.9807E-05 9.9807E-05 9.9807E-05 9.9807E-05 9.9807E-05 0.149927 9.9807E-05 9.9807E-05 9.9807E-05 0.596912 9.9807E-05 9.9807E-05 9.9807E-05 0.121176 9.9807E-05 9.9807E-05 9.9807E-05 9.9807E-05 9.9807E-05 9.9807E-05 9.9807E-05 9.9807E-05 0.0760179 9.9807E-05 9.9807E-05
9.98071E-05 9.98071E-05 9.98071E-05 9.98071E-05 9.98071E-05 0.664416 9.98071E-05 9.98071E-05 0.0276287 0.00269119 9.98071E-05 0.290831 9.98071E-05 9.98071E-05 0.0122378 9.98071E-05 9.98071E-05 9.98071E-05 9.98071E-05 9.98071E-05 9.98071E-05 9.98071E-05 9.98071E-05 9.98071E-05 9.98071E-05 9.98071E-05 9.98071E-05
9.97983E-05 0.0417148 9.97983E-05 9.97983E-05 9.97983E-05 9.97983E-05 9.97983E-05 0.0263714 9.97983E-05 9.97983E-05 9.97983E-05 0.905966 9.97983E-05 9.97983E-05 9.97983E-05 9.97983E-05 9.97983E-05 9.97983E-05 9.97983E-05 9.97983E-05 9.97983E-05 9.97983E-05 9.97983E-05 9.97983E-05 0.023652 9.97983E-05 9.97983E-05
9.98159E-05 9.98159E-05 9.98159E-05 9.98159E-05 9.98159E-05 0.70175 0.0173514 0.0919053 9.98159E-05 9.98159E-05 9.98159E-05 9.98159E-05 9.98159E-05 9.98159E-05 9.98159E-05 0.0273479 9.98159E-05 9.98159E-05 9.98159E-05 9.98159E-05 9.98159E-05 0.0084073 9.98159E-05 0.151142 9.98159E-05 9.98159E-05 9.98159E-05
0.100455 9.98332E-05 9.98332E-05 9.98332E-05 9.98332E-05 9.98332E-05 0.0666369 0.100525 9.98332E-05 9.98332E-05 9.98332E-05 0.312222 9.98332E-05 9.98332E-05 9.98332E-05 9.98332E-05 9.98332E-05 9.98332E-05 9.98332E-05 9.98332E-05 9.98332E-05 0.0201704 9.98332E-05 9.98332E-05 0.00790973 0.106596 0.283589
0.219671 0.124073 9.98595E-05 0.0429623 9.98595E-05 0.193254 9.98595E-05 0.0608755 9.98595E-05 0.0189395 0.0150701 0.00167329 9.98595E-05 9.98595E-05 9.98595E-05 9.98595E-05 9.98595E-05 9.98595E-05 9.98595E-05 9.98595E-05 0.10006 9.98595E-05 9.98595E-05 9.98595E-05 0.0727013 0.149123 9.98595E-05
9.98597E-05 9.98597E-05 9.98597E-05 0.0250606 9.98597E-05 0.497284 9.98597E-05 0.0627444 9.98597E-05 9.98597E-05 9.98597E-05 0.0673915 9.98597E-05 0.0723689 9.98597E-05 0.0155502 9.98597E-05 9.98597E-05 9.98597E-05 9.98597E-05 0.0188879 0.0284709 0.14271 0.0478716 0.0200626 9.98597E-05 9.98597E-05
0.151309 9.9851E-05 0.108889 9.9851E-05 9.9851E-05 0.131962 9.9851E-05 0.191008 0.0907188 9.9851E-05 9.9851E-05 0.022351 0.044037 9.9851E-05 9.9851E-05 9.9851E-05 9.9851E-05 9.9851E-05 0.0874185 9.9851E-05 9.9851E-05 9.9851E-05 9.9851E-05 9.9851E-05 0.140124 0.0304858 9.9851E-05
9.98158E-05 9.98158E-05 9.98158E-05 9.98158E-05 9.98158E-05 9.98158E-05 9.98158E-05 0.219555 9.98158E-05 0.107834 9.98158E-05 0.359034 9.98158E-05 9.98158E-05 9.98158E-05 9.98158E-05 9.98158E-05 9.98158E-05 9.98158E-05 9.98158E-05 9.98158E-05 0.0850359 9.98158E-05 9.98158E-05 0.131704 0.0947414 9.98158E-05
9.97894E-05 9.97894E-05 9.97894E-05 9.97894E-05 9.97894E-05 9.97894E-05 9.97894E-05 0.0141771 0.0539521 9.97894E-05 9.97894E-05 0.929476 9.97894E-05 9.97894E-05 9.97894E-05 9.97894E-05 9.97894E-05 9.97894E-05 9.97894E-05 9.97894E-05 9.97894E-05 9.97894E-05 9.97894E-05 9.97894E-05 9.97894E-05 9.97894E-05 9.97894E-05
9.98247E-05 9.98247E-05 9.98247E-05 9.98247E-05 9.98247E-05 0.0419504 9.98247E-05 0.0533213 9.98247E-05 9.98247E-05 9.98247E-05 0.445388 9.98247E-05 9.98247E-05 0.15715 0.031296 9.98247E-05 9.98247E-05 0.233506 9.98247E-05 9.98247E-05 9.98247E-05 9.98247E-05 9.98247E-05 0.0353932 9.98247E-05 9.98247E-05
9.98246E-05 9.98246E-05 9.98246E-05 9.98246E-05 9.98246E-05 9.98246E-05 9.98246E-05 9.98246E-05 9.98246E-05 0.101888 9.98246E-05 0.256571 9.98246E-05 9.98246E-05 9.98246E-05 9.98246E-05 0.121462 0.0691699 9.98246E-05 9.98246E-05 9.98246E-05 0.0433494 9.98246E-05 9.98246E-05 0.26463 0.140934 9.98246E-05
0.134814 9.98247E-05 9.98247E-05 9.98247E-05 9.98247E-05 9.98247E-05 9.98247E-05 0.042135 0.0263818 9.98247E-05 0.163338 0.577819 9.98247E-05 9.98247E-05 9.98247E-05 0.00460036 9.98247E-05 9.98247E-05 9.98247E-05 9.98247E-05 0.0489154 9.98247E-05 9.98247E-05 9.98247E-05 9.98247E-05 9.98247E-05 9.98247E-05
9.98245E-05 9.98245E-05 9.98245E-05 9.98245E-05 9.98245E-05 0.0211714 9.98245E-05 0.209216 9.98245E-05 9.98245E-05 9.98245E-05 0.352112 0.0692748 9.98245E-05 0.0135299 9.98245E-05 9.98245E-05 0.0126244 9.98245E-05 9.98245E-05 9.98245E-05 9.98245E-05 9.98245E-05 9.98245E-05 0.320074 9.98245E-05 9.98245E-05
9.98421E-05 9.98421E-05 9.98421E-05 9.98421E-05 9.98421E-05 0.0660841 9.98421E-05 0.256914 0.0473904 9.98421E-05 0.171359 0.215063 9.98421E-05 9.98421E-05 9.98421E-05 0.00266629 9.98421E-05 9.98421E-05 9.98421E-05 9.98421E-05 9.98421E-05 0.124195 9.98421E-05 9.98421E-05 0.0897809 0.0247501 9.98421E-05
9.98334E-05 9.98334E-05 9.98334E-05 9.98334E-05 9.98334E-05 9.98334E-05 9.98334E-05 0.0906841 9.98334E-05 9.98334E-05 0.0229034 0.684221 9.98334E-05 9.98334E-05 9.98334E-05 0.00253129 0.0217862 9.98334E-05 9.98334E-05 9.98334E-05 0.0604481 9.98334E-05 9.98334E-05 9.98334E-05 0.0159628 9.98334E-05 0.0995662
9.98245E-05 0.0615122 0.141311 9.98245E-05 9.98245E-05 9.98245E-05 9.98245E-05 0.0468449 9.98245E-05 9.98245E-05 0.234943 0.0413237 9.98245E-05 9.98245E-05 9.98245E-05 9.98245E-05 9.98245E-05 0.293296 9.98245E-05 9.98245E-05 9.98245E-05 9.98245E-05 9.98245E-05 9.98245E-05 0.178773 9.98245E-05 9.98245E-05
9.98031E-05 9.98031E-05 9.98031E-05 9.98031E-05 9.98031E-05 9.98031E-05 9.98031E-05 0.0174284 9.98031E-05 9.98031E-05 9.98031E-05 0.878358 9.98031E-05 9.98031E-05 0.0318836 9.98031E-05 9.98031E-05 9.98031E-05 9.98031E-05 9.98031E-05 0.0700347 9.98031E-05 9.98031E-05 9.98031E-05 9.98031E-05 9.98031E-05 9.98031E-05
0.0610523 9.98335E-05 9.98335E-05 9.98335E-05 9.98335E-05 0.0272038 9.98335E-05 0.167728 9.98335E-05 9.98335E-05 0.0099186 0.557043 0.0299376 9.98335E-05 9.98335E-05 9.98335E-05 9.98335E-05 0.133858 9.98335E-05 9.98335E-05 9.98335E-05 9.98335E-05 9.98335E-05 9.98335E-05 0.0113625 9.98335E-05 9.98335E-05
9.97807E-05 9.97807E-05 9.97807E-05 9.97807E-05 9.97807E-05 9.97807E-05 9.97807E-05 9.97807E-05 9.97807E-05 9.97807E-05 9.97807E-05 0.600408 9.97807E-05 9.97807E-05 9.97807E-05 9.97807E-05 9.97807E-05 9.97807E-05 9.97807E-05 9.97807E-05 9.97807E-05 9.97807E-05 9.97807E-05 9.97807E-05 9.97807E-05 9.97807E-05 0.397098
9.98245E-05 9.98245E-05 0.0228077 0.0273404 0.00235016 9.98245E-05 9.98245E-05 0.062013 9.98245E-05 9.98245E-05 9.98245E-05 0.780434 9.98245E-05 9.98245E-05 9.98245E-05 0.0586145 9.98245E-05 9.98245E-05 9.98245E-05 9.98245E-05 9.98245E-05 0.0444442 9.98245E-05 9.98245E-05 9.98245E-05 9.98245E-05 9.98245E-05
9.98685E-05 9.98685E-05 9.98685E-05 9.98685E-05 9.98685E-05 0.109545 9.98685E-05 0.0591014 9.98685E-05 0.0060768 0.101485 0.338851 9.98685E-05 9.98685E-05 9.98685E-05 0.0179829 9.98685E-05 0.120787 0.0276533 9.98685E-05 9.98685E-05 9.98685E-05 0.014435 0.133576 0.0456814 0.0233285 9.98685E-05
9.98244E-05 9.98244E-05 9.98244E-05 9.98244E-05 9.98244E-05 0.584143 9.98244E-05 0.107862 9.98244E-05 9.98244E-05 9.98244E-05 9.98244E-05 9.98244E-05 9.98244E-05 0.00545202 0.08249 9.98244E-05 0.0121636 9.98244E-05 9.98244E-05 0.0173759 9.98244E-05 9.98244E-05 9.98244E-05 0.188517 9.98244E-05 9.98244E-05
9.98332E-05 9.98332E-05 9.98332E-05 9.98332E-05 9.98332E-05 0.565307 9.98332E-05 0.0862737 9.98332E-05 0.0166077 9.98332E-05 9.98332E-05 0.00407427 9.98332E-05 0.0881638 0.00825485 9.98332E-05 9.98332E-05 9.98332E-05 0.152559 9.98332E-05 9.98332E-05 9.98332E-05 9.98332E-05 0.0768626 9.98332E-05 9.98332E-05
9.98073E-05 9.98073E-05 9.98073E-05 9.98073E-05 9.98073E-05 9.98073E-05 9.98073E-05 9.98073E-05 0.0503584 9.98073E-05 9.98073E-05 0.875719 9.98073E-05 0.024566 9.98073E-05 0.000441998 9.98073E-05 0.046719 9.98073E-05 9.98073E-05 9.98073E-05 9.98073E-05 9.98073E-05 9.98073E-05 9.98073E-05 9.98073E-05 9.98073E-05
9.98247E-05 9.98247E-05 9.98247E-05 9.98247E-05 9.98247E-05 9.98247E-05 9.98247E-05 9.98247E-05 9.98247E-05 9.98247E-05 9.98247E-05 0.748256 0.0152188 0.0318987 9.98247E-05 9.98247E-05 9.98247E-05 0.0331612 9.98247E-05 9.98247E-05 0.122836 9.98247E-05 9.98247E-05 9.98247E-05 0.0421313 0.00450191 9.98247E-05
9.98072E-05 9.98072E-05 9.98072E-05 9.98072E-05 0.0358719 9.98072E-05 9.98072E-05 9.98072E-05 9.98072E-05 0.0517239 9.98072E-05 0.906036 9.98072E-05 9.98072E-05 0.000317577 0.00385525 9.98072E-05 9.98072E-05 9.98072E-05 9.98072E-05 9.98072E-05 9.98072E-05 9.98072E-05 9.98072E-05 9.98072E-05 9.98072E-05 9.98072E-05
9.97895E-05 9.97895E-05 9.97895E-05 9.97895E-05 9.97895E-05 0.73893 9.97895E-05 0.0760281 9.97895E-05 9.97895E-05 9.97895E-05 9.97895E-05 9.97895E-05 9.97895E-05 9.97895E-05 9.97895E-05 9.97895E-05 9.97895E-05 9.97895E-05 9.97895E-05 9.97895E-05 9.97895E-05 9.97895E-05 9.97895E-05 9.97895E-05 0.182647 9.97895E-05
9.98247E-05 9.98247E-05 9.98247E-05 9.98247E-05 9.98247E-05 0.0528142 9.98247E-05 0.120131 9.98247E-05 9.98247E-05 9.98247E-05 0.29832 9.98247E-05 0.0284452 0.0435505 9.98247E-05 0.0271291 9.98247E-05 9.98247E-05 9.98247E-05 9.98247E-05 9.98247E-05 9.98247E-05 9.98247E-05 9.98247E-05 9.98247E-05 0.427613
9.9842E-05 0.0480392 9.9842E-05 9.9842E-05 0.00831547 0.621295 9.9842E-05 0.0994533 9.9842E-05 0.0667738 0.0384366 9.9842E-05 9.9842E-05 9.9842E-05 0.00131073 9.9842E-05 9.9842E-05 9.9842E-05 9.9842E-05 9.9842E-05 9.9842E-05 9.9842E-05 9.9842E-05 0.0562591 0.05832 9.9842E-05 9.9842E-05
9.98159E-05 9.98159E-05 9.98159E-05 9.98159E-05 0.0226595 9.98159E-05 9.98159E-05 9.98159E-05 9.98159E-05 0.0109417 9.98159E-05 0.863562 9.98159E-05 9.98159E-05 9.98159E-05 0.0601377 9.98159E-05 0.0205882 9.98159E-05 9.98159E-05 9.98159E-05 9.98159E-05 9.98159E-05 9.98159E-05 0.0200151 9.98159E-05 9.98159E-05
9.9816E-05 9.9816E-05 9.9816E-05 9.9816E-05 9.9816E-05 0.0577954 9.9816E-05 0.0294996 9.9816E-05 9.9816E-05 9.9816E-05 0.482876 0.0241139 9.9816E-05 9.9816E-05 9.9816E-05 9.9816E-05 0.20609 9.9816E-05 9.9816E-05 9.9816E-05 9.9816E-05 9.9816E-05 9.9816E-05 0.197529 9.9816E-05 9.9816E-05
9.97982E-05 9.97982E-05 9.97982E-05 9.97982E-05 9.97982E-05 0.141162 9.97982E-05 9.97982E-05 9.97982E-05 9.97982E-05 9.97982E-05 0.61059 9.97982E-05 9.97982E-05 9.97982E-05 9.97982E-05 9.97982E-05 0.00353368 9.97982E-05 9.97982E-05 9.97982E-05 9.97982E-05 9.97982E-05 0.242419 9.97982E-05 9.97982E-05 9.97982E-05
0.300767 9.98247E-05 9.98247E-05 9.98247E-05 9.98247E-05 9.98247E-05 9.98247E-05 0.111011 9.98247E-05 9.98247E-05 9.98247E-05 0.262609 0.111623 9.98247E-05 9.98247E-05 0.0838517 9.98247E-05 9.98247E-05 9.98247E-05 9.98247E-05 9.98247E-05 9.98247E-05 9.98247E-05 9.98247E-05 0.0612763 0.0668655 9.98247E-05
9.98159E-05 9.98159E-05 9.98159E-05 9.98159E-05 9.98159E-05 0.306271 9.98159E-05 0.160858 9.98159E-05 0.072743 9.98159E-05 9.98159E-05 9.98159E-05 9.98159E-05 9.98159E-05 9.98159E-05 0.0391161 9.98159E-05 9.98159E-05 9.98159E-05 0.0161716 9.98159E-05 9.98159E-05 9.98159E-05 0.402744 9.98159E-05 9.98159E-05
9.98158E-05 9.98158E-05 0.000944439 0.0154096 9.98158E-05 0.155573 9.98158E-05 9.98158E-05 0.223949 9.98158E-05 9.98158E-05 0.59936 9.98158E-05 9.98158E-05 9.98158E-05 9.98158E-05 9.98158E-05 9.98158E-05 9.98158E-05 9.98158E-05 0.00266767 9.98158E-05 9.98158E-05 9.98158E-05 9.98158E-05 9.98158E-05 9.98158E-05
9.98071E-05 9.98071E-05 9.98071E-05 9.98071E-05 9.98071E-05 0.785153 9.98071E-05 0.0428187 9.98071E-05 9.98071E-05 9.98071E-05 0.0532578 9.98071E-05 9.98071E-05 9.98071E-05 9.98071E-05 9.98071E-05 9.98071E-05 9.98071E-05 9.98071E-05 0.0742517 9.98071E-05 9.98071E-05 9.98071E-05 9.98071E-05 0.0423233 9.98071E-05
9.97806E-05 9.97806E-05 9.97806E-05 9.97806E-05 9.97806E-05 0.955207 9.97806E-05 0.0422986 9.97806E-05 9.97806E-05 9.97806E-05 9.97806E-05 9.97806E-05 9.97806E-05 9.97806E-05 9.97806E-05 9.97806E-05 9.97806E-05 9.97806E-05 9.97806E-05 9.97806E-05 9.97806E-05 9.97806E-05 9.97806E-05 9.97806E-05 9.97806E-05 9.97806E-05
0.0662276 9.98333E-05 9.98333E-05 9.98333E-05 9.98333E-05 0.189275 9.98333E-05 0.106724 9.98333E-05 0.0139983 9.98333E-05 0.45677 9.98333E-05 9.98333E-05 9.98333E-05 0.0109847 9.98333E-05 9.98333E-05 9.98333E-05 9.98333E-05 0.0358576 9.98333E-05 9.98333E-05 9.98333E-05 0.118265 9.98333E-05 9.98333E-05
9.9825E-05 9.9825E-05 0.00949608 9.9825E-05 0.105932 0.846029 9.9825E-05 9.9825E-05 9.9825E-05 0.0172531 9.9825E-05 9.9825E-05 9.9825E-05 0.00677507 9.9825E-05 0.00834884 9.9825E-05 9.9825E-05 9.9825E-05 9.9825E-05 9.9825E-05 9.9825E-05 9.9825E-05 9.9825E-05 9.9825E-05 0.00416864 9.9825E-05
0.00738937 0.00912033 9.98509E-05 9.98509E-05 9.98509E-05 9.98509E-05 9.98509E-05 0.170905 9.98509E-05 9.98509E-05 0.137831 0.320704 9.98509E-05 9.98509E-05 9.98509E-05 0.100486 9.98509E-05 0.151316 0.0269605 9.98509E-05 0.0528678 9.98509E-05 9.98509E-05 9.98509E-05 9.98509E-05 0.0207237 9.98509E-05
9.97984E-05 9.97984E-05 9.97984E-05 9.97984E-05 9.97984E-05 0.673617 9.97984E-05 9.97984E-05 9.97984E-05 9.97984E-05 9.97984E-05 9.97984E-05 0.0479375 9.97984E-05 9.97984E-05 9.97984E-05 9.97984E-05 9.97984E-05 9.97984E-05 9.97984E-05 0.177839 9.97984E-05 9.97984E-05 9.97984E-05 0.0983116 9.97984E-05 9.97984E-05
9.9781E-05 9.9781E-05 0.0577305 9.9781E-05 9.9781E-05 9.9781E-05 9.9781E-05 9.9781E-05 9.9781E-05 9.9781E-05 9.9781E-05 0.939775 9.9781E-05 9.9781E-05 9.9781E-05 9.9781E-05 9.9781E-05 9.9781E-05 9.9781E-05 9.9781E-05 9.9781E-05 9.9781E-05 9.9781E-05 9.9781E-05 9.9781E-05 9.9781E-05 9.9781E-05
9.98421E-05 0.0108773 0.0207035 9.98421E-05 9.98421E-05 0.802187 9.98421E-05 0.0283513 0.077588 9.98421E-05 9.98421E-05 9.98421E-05 9.98421E-05 9.98421E-05 0.0341942 0.00309458 9.98421E-05 9.98421E-05 9.98421E-05 9.98421E-05 9.98421E-05 0.00768642 9.98421E-05 9.98421E-05 9.98421E-05 0.0135203 9.98421E-05
9.9816E-05 9.9816E-05 9.9816E-05 9.9816E-05 9.9816E-05 0.0645565 9.9816E-05 0.0544614 9.9816E-05 0.00588103 9.9816E-05 0.592205 9.9816E-05 9.9816E-05 9.9816E-05 9.9816E-05 9.9816E-05 9.9816E-05 9.9816E-05 9.9816E-05 9.9816E-05 0.127115 9.9816E-05 0.153684 9.9816E-05 9.9816E-05 9.9816E-05
9.97984E-05 9.97984E-05 9.97984E-05 9.97984E-05 9.97984E-05 0.764414 9.97984E-05 9.97984E-05 9.97984E-05 0.0753725 0.137825 9.97984E-05 9.97984E-05 9.97984E-05 9.97984E-05 0.0200931 9.97984E-05 9.97984E-05 9.97984E-05 9.97984E-05 9.97984E-05 9.97984E-05 9.97984E-05 9.97984E-05 9.97984E-05 9.97984E-05 9.97984E-05
9.97982E-05 9.97982E-05 0.090891 9.97982E-05 9.97982E-05 9.97982E-05 9.97982E-05 9.97982E-05 9.97982E-05 0.0941368 9.97982E-05 0.800768 9.97982E-05 0.011909 9.97982E-05 9.97982E-05 9.97982E-05 9.97982E-05 9.97982E-05 9.97982E-05 9.97982E-05 9.97982E-05 9.97982E-05 9.97982E-05 9.97982E-05 9.97982E-05 9.97982E-05
9.97896E-05 9.97896E-05 9.97896E-05 9.97896E-05 9.97896E-05 9.97896E-05 9.97896E-05 0.023405 9.97896E-05 9.97896E-05 9.97896E-05 0.84368 9.97896E-05 9.97896E-05 9.97896E-05 9.97896E-05 9.97896E-05 9.97896E-05 9.97896E-05 9.97896E-05 0.13052 9.97896E-05 9.97896E-05 9.97896E-05 9.97896E-05 9.97896E-05 9.97896E-05
9.98071E-05 9.98071E-05 9.98071E-05 9.98071E-05 9.98071E-05 0.388457 0.0235443 0.023366 9.98071E-05 9.98071E-05 9.98071E-05 0.549013 9.98071E-05 9.98071E-05 9.98071E-05 9.98071E-05 9.98071E-05 9.98071E-05 9.98071E-05 9.98071E-05 9.98071E-05 9.98071E-05 9.98071E-05 9.98071E-05 9.98071E-05 0.0134233 9.98071E-05
0.737549 9.98157E-05 9.98157E-05 9.98157E-05 9.98157E-05 9.98157E-05 0.0550572 0.170379 9.98157E-05 9.98157E-05 9.98157E-05 9.98157E-05 9.98157E-05 0.00160449 9.98157E-05 0.00727932 9.98157E-05 9.98157E-05 9.98157E-05 9.98157E-05 9.98157E-05 9.98157E-05 9.98157E-05 9.98157E-05 9.98157E-05 0.0260342 9.98157E-05
0.997406 9.97723E-05 9.97723E-05 9.97723E-05 9.97723E-05 9.97723E-05 9.97723E-05 9.97723E-05 9.97723E-05 9.97723E-05 9.97723E-05 9.97723E-05 9.97723E-05 9.97723E-05 9.97723E-05 9.97723E-05 9.97723E-05 9.97723E-05 9.97723E-05 9.97723E-05 9.97723E-05 9.97723E-05 9.97723E-05 9.97723E-05 9.97723E-05 9.97723E-05 9.97723E-05
0.969546 9.97807E-05 0.0279598 9.97807E-05 9.97807E-05 9.97807E-05 9.97807E-05 9.97807E-05 9.97807E-05 9.97807E-05 9.97807E-05 9.97807E-05 9.97807E-05 9.97807E-05 9.97807E-05 9.97807E-05 9.97807E-05 9.97807E-05 9.97807E-05 9.97807E-05 9.97807E-05 9.97807E-05 9.97807E-05 9.97807E-05 9.97807E-05 9.97807E-05 9.97807E-05
0.425565 9.98158E-05 9.98158E-05 9.98158E-05 0.0518983 9.98158E-05 9.98158E-05 0.00603386 9.98158E-05 9.98158E-05 0.177215 9.98158E-05 9.98158E-05 0.237404 9.98158E-05 9.98158E-05 9.98158E-05 9.98158E-05 9.98158E-05 9.98158E-05 9.98158E-05 9.98158E-05 9.98158E-05 9.98158E-05 9.98158E-05 0.099787 9.98158E-05
0.546427 9.9833E-05 0.0558171 9.9833E-05 0.0193429 9.9833E-05 9.9833E-05 0.0318926 0.0741953 0.0288733 9.9833E-05 9.9833E-05 9.9833E-05 9.9833E-05 9.9833E-05 9.9833E-05 9.9833E-05 9.9833E-05 9.9833E-05 9.9833E-05 9.9833E-05 9.9833E-05 9.9833E-05 9.9833E-05 0.199141 0.0424145 9.9833E-05
0.677724 9.98242E-05 9.98242E-05 9.98242E-05 9.98242E-05 9.98242E-05 0.0430246 0.125826 9.98242E-05 9.98242E-05 0.080114 9.98242E-05 9.98242E-05 9.98242E-05 9.98242E-05 0.0147312 9.98242E-05 9.98242E-05 9.98242E-05 9.98242E-05 9.98242E-05 9.98242E-05 9.98242E-05 9.98242E-05 0.0295579 0.0270263 9.98242E-05
0.5348 9.98157E-05 9.98157E-05 9.98157E-05 9.98157E-05 9.98157E-05 9.98157E-05 0.0959162 0.0142261 9.98157E-05 9.98157E-05 9.98157E-05 9.98157E-05 0.250215 0.0279543 9.98157E-05 9.98157E-05 9.98157E-05 9.98157E-05 9.98157E-05 0.0747926 9.98157E-05 9.98157E-05 9.98157E-05 9.98157E-05 9.98157E-05 9.98157E-05
0.411619 9.98244E-05 0.258087 9.98244E-05 9.98244E-05 9.98244E-05 9.98244E-05 0.0170894 9.98244E-05 0.0139047 0.04831 9.98244E-05 9.98244E-05 0.117345 9.98244E-05 9.98244E-05 9.98244E-05 9.98244E-05 9.98244E-05 9.98244E-05 9.98244E-05 9.98244E-05 9.98244E-05 9.98244E-05 9.98244E-05 0.131649 9.98244E-05
0.981612 9.97808E-05 9.97808E-05 9.97808E-05 9.97808E-05 9.97808E-05 9.97808E-05 9.97808E-05 9.97808E-05 9.97808E-05 9.97808E-05 9.97808E-05 9.97808E-05 0.0158938 9.97808E-05 9.97808E-05 9.97808E-05 9.97808E-05 9.97808E-05 9.97808E-05 9.97808E-05 9.97808E-05 9.97808E-05 9.97808E-05 9.97808E-05 9.97808E-05 9.97808E-05
0.906146 9.97807E-05 9.97807E-05 9.97807E-05 9.97807E-05 9.97807E-05 9.97807E-05 9.97807E-05 9.97807E-05 9.97807E-05 9.97807E-05 9.97807E-05 9.97807E-05 9.97807E-05 9.97807E-05 0.0913598 9.97807E-05 9.97807E-05 9.97807E-05 9.97807E-05 9.97807E-05 9.97807E-05 9.97807E-05 9.97807E-05 9.97807E-05 9.97807E-05 9.97807E-05
0.52211 9.98067E-05 9.98067E-05 9.98067E-05 9.98067E-05 9.98067E-05 9.98067E-05 0.279603 9.98067E-05 0.00498818 9.98067E-05 9.98067E-05 9.98067E-05 9.98067E-05 9.98067E-05 0.146994 9.98067E-05 9.98067E-05 9.98067E-05 9.98067E-05 9.98067E-05 9.98067E-05 9.98067E-05 9.98067E-05 9.98067E-05 0.0441085 9.98067E-05
0.481118 9.98333E-05 9.98333E-05 0.104288 9.98333E-05 9.98333E-05 9.98333E-05 0.0239095 9.98333E-05 0.113342 9.98333E-05 9.98333E-05 9.98333E-05 0.0214164 0.111384 0.0521578 9.98333E-05 9.98333E-05 9.98333E-05 9.98333E-05 9.98333E-05 9.98333E-05 9.98333E-05 9.98333E-05 0.0904876 9.98333E-05 9.98333E-05
0.375864 9.98331E-05 9.98331E-05 0.074361 9.98331E-05 9.98331E-05 9.98331E-05 9.98331E-05 9.98331E-05 0.105231 0.246037 9.98331E-05 9.98331E-05 0.000171237 0.0770515 0.038381 9.98331E-05 9.98331E-05 9.98331E-05 9.98331E-05 9.98331E-05 9.98331E-05 9.98331E-05 9.98331E-05 9.98331E-05 0.0810068 9.98331E-05
0.615392 9.97892E-05 9.97892E-05 9.97892E-05 9.97892E-05 9.97892E-05 9.97892E-05 0.203358 9.97892E-05 9.97892E-05 9.97892E-05 9.97892E-05 9.97892E-05 9.97892E-05 9.97892E-05 9.97892E-05 9.97892E-05 9.97892E-05 9.97892E-05 9.97892E-05 9.97892E-05 9.97892E-05 9.97892E-05 9.97892E-05 0.178856 9.97892E-05 9.97892E-05
0.901527 9.98162E-05 9.98162E-05 9.98162E-05 9.98162E-05 9.98162E-05 9.98162E-05 9.98162E-05 9.98162E-05 9.98162E-05 0.00550623 9.98162E-05 0.0135442 9.98162E-05 9.98162E-05 0.0149508 0.0559916 0.00638409 9.98162E-05 9.98162E-05 9.98162E-05 9.98162E-05 9.98162E-05 9.98162E-05 9.98162E-05 9.98162E-05 9.98162E-05
0.908901 9.97983E-05 9.97983E-05 9.97983E-05 9.97983E-05 9.97983E-05 9.97983E-05 9.97983E-05 9.97983E-05 9.97983E-05 9.97983E-05 9.97983E-05 9.97983E-05 9.97983E-05 9.97983E-05 0.0109938 9.97983E-05 9.97983E-05 9.97983E-05 9.97983E-05 0.025221 9.97983E-05 9.97983E-05 9.97983E-05 9.97983E-05 0.0525893 9.97983E-05
0.636109 9.98155E-05 0.00293815 9.98155E-05 9.98155E-05 9.98155E-05 0.134957 9.98155E-05 9.98155E-05 0.0865307 0.136673 9.98155E-05 9.98155E-05 9.98155E-05 9.98155E-05 9.98155E-05 9.98155E-05 9.98155E-05 0.000695474 9.98155E-05 9.98155E-05 9.98155E-05 9.98155E-05 9.98155E-05 9.98155E-05 9.98155E-05 9.98155E-05
0.703501 9.98157E-05 9.98157E-05 9.98157E-05 9.98157E-05 9.98157E-05 9.98157E-05 9.98157E-05 9.98157E-05 0.0673586 9.98157E-05 9.98157E-05 9.98157E-05 9.98157E-05 9.98157E-05 0.110108 9.98157E-05 9.98157E-05 9.98157E-05 9.98157E-05 0.00318905 9.98157E-05 9.98157E-05 9.98157E-05 0.0347403 0.0790068 9.98157E-05
0.820269 9.9807E-05 0.0829129 9.9807E-05 9.9807E-05 9.9807E-05 9.9807E-05 9.9807E-05 9.9807E-05 0.0189458 9.9807E-05 9.9807E-05 9.9807E-05 9.9807E-05 9.9807E-05 0.0590341 9.9807E-05 9.9807E-05 9.9807E-05 9.9807E-05 9.9807E-05 0.0166424 9.9807E-05 9.9807E-05 9.9807E-05 9.9807E-05 9.9807E-05
0.548185 0.148256 9.98154E-05 9.98154E-05 9.98154E-05 9.98154E-05 9.98154E-05 0.203457 0.0544136 9.98154E-05 0.00622677 9.98154E-05 9.98154E-05 9.98154E-05 9.98154E-05 9.98154E-05 9.98154E-05 0.037366 9.98154E-05 9.98154E-05 9.98154E-05 9.98154E-05 9.98154E-05 9.98154E-05 9.98154E-05 9.98154E-05 9.98154E-05
0.971778 9.97812E-05 9.97812E-05 9.97812E-05 9.97812E-05 0.0257279 9.97812E-05 9.97812E-05 9.97812E-05 9.97812E-05 9.97812E-05 9.97812E-05 9.97812E-05 9.97812E-05 9.97812E-05 9.97812E-05 9.97812E-05 9.97812E-05 9.97812E-05 9.97812E-05 9.97812E-05 9.97812E-05 9.97812E-05 9.97812E-05 9.97812E-05 9.97812E-05 9.97812E-05
0.634884 9.97981E-05 9.97981E-05 9.97981E-05 9.97981E-05 9.97981E-05 9.97981E-05 0.0232181 9.97981E-05 9.97981E-05 9.97981E-05 9.97981E-05 9.97981E-05 9.97981E-05 9.97981E-05 9.97981E-05 9.97981E-05 9.97981E-05 9.97981E-05 9.97981E-05 9.97981E-05 0.01182 9.97981E-05 9.97981E-05 0.327783 9.97981E-05 9.97981E-05
0.511883 9.98246E-05 9.98246E-05 0.0726082 9.98246E-05 9.98246E-05 9.98246E-05 0.0183264 9.98246E-05 9.98246E-05 0.144216 9.98246E-05 9.98246E-05 0.142183 9.98246E-05 9.98246E-05 9.98246E-05 9.98246E-05 9.98246E-05 0.0558594 9.98246E-05 9.98246E-05 9.98246E-05 9.98246E-05 0.0529277 9.98246E-05 9.98246E-05
0.635397 9.98333E-05 0.0409126 9.98333E-05 0.0536952 9.98333E-05 0.0191082 9.98333E-05 9.98333E-05 0.110374 0.0589335 9.98333E-05 0.0236371 9.98333E-05 9.98333E-05 9.98333E-05 9.98333E-05 9.98333E-05 9.98333E-05 9.98333E-05 0.0560453 9.98333E-05 9.98333E-05 9.98333E-05 9.98333E-05 9.98333E-05 9.98333E-05
0.730579 9.98068E-05 9.98068E-05 0.060651 9.98068E-05 9.98068E-05 9.98068E-05 0.040066 9.98068E-05 9.98068E-05 9.98068E-05 9.98068E-05 9.98068E-05 9.98068E-05 9.98068E-05 0.144572 9.98068E-05 9.98068E-05 9.98068E-05 9.98068E-05 9.98068E-05 9.98068E-05 9.98068E-05 9.98068E-05 0.0219367 9.98068E-05 9.98068E-05
0.898268 9.98073E-05 9.98073E-05 9.98073E-05 9.98073E-05 9.98073E-05 9.98073E-05 0.00263492 9.98073E-05 9.98073E-05 9.98073E-05 9.98073E-05 9.98073E-05 0.00218386 9.98073E-05 9.98073E-05 9.98073E-05 9.98073E-05 9.98073E-05 9.98073E-05 9.98073E-05 9.98073E-05 0.0369016 9.98073E-05 9.98073E-05 0.0578154 9.98073E-05
0.997406 9.97722E-05 9.97722E-05 9.97722E-05 9.97722E-05 9.97722E-05 9.97722E-05 9.97722E-05 9.97722E-05 9.97722E-05 9.97722E-05 9.97722E-05 9.97722E-05 9.97722E-05 9.97722E-05 9.97722E-05 9.97722E-05 9.97722E-05 9.97722E-05 9.97722E-05 9.97722E-05 9.97722E-05 9.97722E-05 9.97722E-05 9.97722E-05 9.97722E-05 9.97722E-05
0.997406 9.97721E-05 9.97721E-05 9.97721E-05 9.97721E-05 9.97721E-05 9.97721E-05 9.97721E-05 9.97721E-05 9.97721E-05 9.97721E-05 9.97721E-05 9.97721E-05 9.97721E-05 9.97721E-05 9.97721E-05 9.97721E-05 9.97721E-05 9.97721E-05 9.97721E-05 9.97721E-05 9.97721E-05 9.97721E-05 9.97721E-05 9.97721E-05 9.97721E-05 9.97721E-05
0.843776 9.9781E-05 0.153729 9.9781E-05 9.9781E-05 9.9781E-05 9.9781E-05 9.9781E-05 9.9781E-05 9.9781E-05 9.9781E-05 9.9781E-05 9.9781E-05 9.9781E-05 9.9781E-05 9.9781E-05 9.9781E-05 9.9781E-05 9.9781E-05 9.9781E-05 9.9781E-05 9.9781E-05 9.9781E-05 9.9781E-05 9.9781E-05 9.9781E-05 9.9781E-05
0.508208 9.98071E-05 9.98071E-05 9.98071E-05 9.98071E-05 9.98071E-05 9.98071E-05 0.112612 9.98071E-05 9.98071E-05 9.98071E-05 9.98071E-05 9.98071E-05 9.98071E-05 9.98071E-05 9.98071E-05 9.98071E-05 0.0411453 9.98071E-05 9.98071E-05 9.98071E-05 9.98071E-05 9.98071E-05 0.179345 9.98071E-05 9.98071E-05 0.156494
9.97896E-05 9.97896E-05 9.97896E-05 9.97896E-05 9.97896E-05 9.97896E-05 9.97896E-05 0.106922 9.97896E-05 9.97896E-05 0.805153 9.97896E-05 9.97896E-05 9.97896E-05 9.97896E-05 9.97896E-05 9.97896E-05 9.97896E-05 9.97896E-05 9.97896E-05 9.97896E-05 9.97896E-05 9.97896E-05 9.97896E-05 9.97896E-05 0.0855294 9.97896E-05
9.97895E-05 9.97895E-05 9.97895E-05 9.97895E-05 9.97895E-05 9.97895E-05 9.97895E-05 9.97895E-05 9.97895E-05 9.97895E-05 9.97895E-05 9.97895E-05 9.97895E-05 9.97895E-05 9.97895E-05 9.97895E-05 9.97895E-05 9.97895E-05 9.97895E-05 0.307747 9.97895E-05 9.97895E-05 9.97895E-05 9.97895E-05 9.97895E-05 0.0753865 0.614472
9.97895E-05 9.97895E-05 9.97895E-05 9.97895E-05 9.97895E-05 9.97895E-05 9.97895E-05 0.0804027 9.97895E-05 9.97895E-05 0.898643 9.97895E-05 9.97895E-05 9.97895E-05 9.97895E-05 9.97895E-05 0.0185592 9.97895E-05 9.97895E-05 9.97895E-05 9.97895E-05 9.97895E-05 9.97895E-05 9.97895E-05 9.97895E-05 9.97895E-05 9.97895E-05
9.9798E-05 9.9798E-05 0.0514444 9.9798E-05 9.9798E-05 9.9798E-05 9.9798E-05 0.128246 9.9798E-05 9.9798E-05 0.803124 9.9798E-05 9.9798E-05 9.9798E-05 9.9798E-05 0.014891 9.9798E-05 9.9798E-05 9.9798E-05 9.9798E-05 9.9798E-05 9.9798E-05 9.9798E-05 9.9798E-05 9.9798E-05 9.9798E-05 9.9798E-05
9.9807E-05 9.9807E-05 9.9807E-05 9.9807E-05 0.0104963 9.9807E-05 9.9807E-05 9.9807E-05 0.0364271 9.9807E-05 0.849328 9.9807E-05 9.9807E-05 9.9807E-05 9.9807E-05 9.9807E-05 0.0206881 9.9807E-05 9.9807E-05 9.9807E-05 9.9807E-05 9.9807E-05 9.9807E-05 9.9807E-05 9.9807E-05 0.0808647 9.9807E-05
9.98159E-05 9.98159E-05 9.98159E-05 9.98159E-05 9.98159E-05 9.98159E-05 9.98159E-05 0.118026 9.98159E-05 9.98159E-05 0.614906 9.98159E-05 9.98159E-05 0.00272366 9.98159E-05 9.98159E-05 9.98159E-05 9.98159E-05 9.98159E-05 9.98159E-05 0.0376141 9.98159E-05 9.98159E-05 0.052111 9.98159E-05 0.172523 9.98159E-05
9.9842E-05 0.0159092 0.0597962 9.9842E-05 9.9842E-05 9.9842E-05 9.9842E-05 0.0559646 9.9842E-05 9.9842E-05 0.534487 9.9842E-05 9.9842E-05 9.9842E-05 9.9842E-05 9.9842E-05 9.9842E-05 9.9842E-05 9.9842E-05 0.00310622 0.00524329 9.9842E-05 9.9842E-05 0.155671 0.0859323 0.0820921 9.9842E-05
9.97807E-05 9.97807E-05 9.97807E-05 9.97807E-05 9.97807E-05 9.97807E-05 9.97807E-05 9.97807E-05 9.97807E-05 9.97807E-05 0.879739 9.97807E-05 9.97807E-05 9.97807E-05 9.97807E-05 9.97807E-05 9.97807E-05 9.97807E-05 9.97807E-05 9.97807E-05 9.97807E-05 9.97807E-05 9.97807E-05 9.97807E-05 9.97807E-05 0.117766 9.97807E-05
9.97982E-05 9.97982E-05 9.97982E-05 9.97982E-05 9.97982E-05 9.97982E-05 9.97982E-05 9.97982E-05 9.97982E-05 9.97982E-05 0.478518 9.97982E-05 9.97982E-05 0.210824 9.97982E-05 9.97982E-05 9.97982E-05 0.0220299 9.97982E-05 9.97982E-05 9.97982E-05 9.97982E-05 9.97982E-05 9.97982E-05 9.97982E-05 0.286333 9.97982E-05
9.98333E-05 9.98333E-05 9.98333E-05 0.00692985 9.98333E-05 9.98333E-05 9.98333E-05 0.209582 9.98333E-05 9.98333E-05 0.414272 9.98333E-05 9.98333E-05 9.98333E-05 9.98333E-05 9.98333E-05 9.98333E-05 9.98333E-05 9.98333E-05 0.028379 0.0441921 0.0238747 9.98333E-05 9.98333E-05 0.0398829 0.230991 9.98333E-05
9.9807E-05 9.9807E-05 9.9807E-05 9.9807E-05 9.9807E-05 9.9807E-05 9.9807E-05 0.00420531 9.9807E-05 9.9807E-05 0.279653 9.9807E-05 9.9807E-05 0.103135 9.9807E-05 9.9807E-05 9.9807E-05 9.9807E-05 9.9807E-05 9.9807E-05 9.9807E-05 9.9807E-05 0.603928 9.9807E-05 9.9807E-05 0.00688254 9.9807E-05
9.98069E-05 9.98069E-05 9.98069E-05 9.98069E-05 9.98069E-05 9.98069E-05 9.98069E-05 0.0725904 9.98069E-05 9.98069E-05 0.557384 9.98069E-05 9.98069E-05 0.0944438 9.98069E-05 0.0254476 9.98069E-05 9.98069E-05 9.98069E-05 9.98069E-05 9.98069E-05 9.98069E-05 0.247939 9.98069E-05 9.98069E-05 9.98069E-05 9.98069E-05
9.97897E-05 9.97897E-05 9.97897E-05 9.97897E-05 9.97897E-05 9.97897E-05 9.97897E-05 9.97897E-05 9.97897E-05 9.97897E-05 0.672835 9.97897E-05 9.97897E-05 9.97897E-05 9.97897E-05 9.97897E-05 9.97897E-05 9.97897E-05 9.97897E-05 9.97897E-05 9.97897E-05 9.97897E-05 9.97897E-05 0.233836 9.97897E-05 0.0909343 9.97897E-05
9.9807E-05 9.9807E-05 9.9807E-05 9.9807E-05 9.9807E-05 9.9807E-05 9.9807E-05 0.21378 9.9807E-05 9.9807E-05 0.305914 9.9807E-05 0.0218398 9.9807E-05 9.9807E-05 9.9807E-05 9.9807E-05 9.9807E-05 9.9807E-05 9.9807E-05 9.9807E-05 9.9807E-05 9.9807E-05 0.355108 9.9807E-05 0.101162 9.9807E-05
9.98587E-05 9.98587E-05 0.0907118 0.0727159 9.98587E-05 9.98587E-05 9.98587E-05 9.98587E-05 9.98587E-05 0.00277642 0.417292 9.98587E-05 9.98587E-05 9.98587E-05 0.0782968 0.0106794 0.000840991 9.98587E-05 9.98587E-05 0.220471 9.98587E-05 9.98587E-05 9.98587E-05 0.0321256 9.98587E-05 0.0723921 9.98587E-05
9.98247E-05 9.98247E-05 9.98247E-05 9.98247E-05 9.98247E-05 9.98247E-05 0.034869 0.111219 9.98247E-05 9.98247E-05 0.67803 9.98247E-05 9.98247E-05 0.0379127 9.98247E-05 9.98247E-05 9.98247E-05 0.108237 9.98247E-05 9.98247E-05 9.98247E-05 9.98247E-05 9.98247E-05 9.98247E-05 9.98247E-05 0.0132198 0.0145151
9.98158E-05 9.98158E-05 0.013473 9.98158E-05 9.98158E-05 9.98158E-05 9.98158E-05 0.0823336 0.0101105 9.98158E-05 0.529333 9.98158E-05 9.98158E-05 0.265027 9.98158E-05 9.98158E-05 9.98158E-05 9.98158E-05 9.98158E-05 9.98158E-05 9.98158E-05 9.98158E-05 0.0976259 9.98158E-05 9.98158E-05 9.98158E-05 9.98158E-05
9.98335E-05 9.98335E-05 9.98335E-05 9.98335E-05 0.0138691 0.0601789 9.98335E-05 9.98335E-05 9.98335E-05 9.98335E-05 0.622843 9.98335E-05 9.98335E-05 9.98335E-05 9.98335E-05 9.98335E-05 0.0385096 9.98335E-05 9.98335E-05 9.98335E-05 9.98335E-05 9.98335E-05 9.98335E-05 0.0282051 0.0475992 0.0926133 0.0942849
9.97807E-05 9.97807E-05 9.97807E-05 9.97807E-05 9.97807E-05 9.97807E-05 9.97807E-05 9.97807E-05 9.97807E-05 9.97807E-05 0.835738 9.97807E-05 9.97807E-05 9.97807E-05 9.97807E-05 9.97807E-05 9.97807E-05 9.97807E-05 9.97807E-05 9.97807E-05 9.97807E-05 9.97807E-05 0.161767 9.97807E-05 9.97807E-05 9.97807E-05 9.97807E-05
9.98244E-05 9.98244E-05 9.98244E-05 9.98244E-05 9.98244E-05 9.98244E-05 9.98244E-05 0.0131441 0.0818729 9.98244E-05 0.29034 9.98244E-05 9.98244E-05 9.98244E-05 0.00944544 9.98244E-05 9.98244E-05 9.98244E-05 9.98244E-05 9.98244E-05 0.00818281 9.98244E-05 9.98244E-05 9.98244E-05 9.98244E-05 0.0963432 0.498675
9.98157E-05 9.98157E-05 9.98157E-05 9.98157E-05 9.98157E-05 9.98157E-05 9.98157E-05 0.0400947 9.98157E-05 9.98157E-05 0.679664 9.98157E-05 9.98157E-05 0.0847044 9.98157E-05 9.98157E-05 0.0586214 9.98157E-05 9.98157E-05 9.98157E-05 0.0112231 9.98157E-05 9.98157E-05 0.123596 9.98157E-05 9.98157E-05 9.98157E-05
9.98071E-05 9.98071E-05 0.0803114 9.98071E-05 9.98071E-05 9.98071E-05 9.98071E-05 9.98071E-05 9.98071E-05 9.98071E-05 0.762833 9.98071E-05 9.98071E-05 9.98071E-05 9.98071E-05 0.0736169 9.98071E-05 9.98071E-05 9.98071E-05 9.98071E-05 9.98071E-05 9.98071E-05 0.0683206 9.98071E-05 9.98071E-05 0.0127222 9.98071E-05
9.9807E-05 9.9807E-05 9.9807E-05 9.9807E-05 9.9807E-05 9.9807E-05 9.9807E-05 0.241051 0.0640427 9.9807E-05 0.470766 9.9807E-05 9.9807E-05 0.109895 9.9807E-05 9.9807E-05 9.9807E-05 9.9807E-05 9.9807E-05 9.9807E-05 9.9807E-05 9.9807E-05 9.9807E-05 9.9807E-05 9.9807E-05 0.112049 9.9807E-05
9.98334E-05 9.98334E-05 9.98334E-05 9.98334E-05 9.98334E-05 9.98334E-05 9.98334E-05 0.00299132 9.98334E-05 9.98334E-05 0.605563 9.98334E-05 9.98334E-05 9.98334E-05 9.98334E-05 9.98334E-05 0.0283241 9.98334E-05 9.98334E-05 0.205466 9.98334E-05 0.0196679 0.00034468 0.0446156 9.98334E-05 0.0911314 9.98334E-05
9.98071E-05 9.98071E-05 9.98071E-05 9.98071E-05 9.98071E-05 9.98071E-05 9.98071E-05 0.199559 0.0371785 9.98071E-05 0.50039 9.98071E-05 9.98071E-05 0.0698244 9.98071E-05 9.98071E-05 9.98071E-05 9.98071E-05 9.98071E-05 9.98071E-05 9.98071E-05 9.98071E-05 9.98071E-05 9.98071E-05 9.98071E-05 0.190853 9.98071E-05
0.0316919 9.98246E-05 9.98246E-05 9.98246E-05 9.98246E-05 9.98246E-05 9.98246E-05 0.107601 9.98246E-05 9.98246E-05 0.246924 9.98246E-05 9.98246E-05 9.98246E-05 9.98246E-05 9.98246E-05 9.98246E-05 9.98246E-05 9.98246E-05 9.98246E-05 9.98246E-05 9.98246E-05 0.291304 0.125772 0.0135295 0.181181 9.98246E-05
9.98158E-05 9.98158E-05 9.98158E-05 9.98158E-05 0.000167825 9.98158E-05 9.98158E-05 9.98158E-05 9.98158E-05 9.98158E-05 9.98158E-05 9.98158E-05 0.110951 9.98158E-05 9.98158E-05 9.98158E-05 0.0338999 9.98158E-05 9.98158E-05 0.0858279 9.98158E-05 9.98158E-05 9.98158E-05 0.506196 9.98158E-05 9.98158E-05 0.260862
9.98068E-05 9.98068E-05 9.98068E-05 9.98068E-05 9.98068E-05 9.98068E-05 9.98068E-05 0.0302 9.98068E-05 0.0855414 0.785964 9.98068E-05 9.98068E-05 9.98068E-05 9.98068E-05 9.98068E-05 9.98068E-05 9.98068E-05 9.98068E-05 9.98068E-05 9.98068E-05 9.98068E-05 9.98068E-05 9.98068E-05 0.00809127 0.0880077 9.98068E-05
9.97984E-05 9.97984E-05 9.97984E-05 9.97984E-05 9.97984E-05 9.97984E-05 9.97984E-05 0.224721 9.97984E-05 9.97984E-05 0.445394 9.97984E-05 9.97984E-05 9.97984E-05 9.97984E-05 9.97984E-05 9.97984E-05 9.97984E-05 9.97984E-05 9.97984E-05 9.97984E-05 9.97984E-05 9.97984E-05 9.97984E-05 9.97984E-05 0.242463 0.0851265
9.98158E-05 9.98158E-05 9.98158E-05 9.98158E-05 9.98158E-05 9.98158E-05 9.98158E-05 0.101293 0.0237056 9.98158E-05 0.446926 9.98158E-05 9.98158E-05 9.98158E-05 9.98158E-05 0.0144548 0.0695722 9.98158E-05 9.98158E-05 0.341953 9.98158E-05 9.98158E-05 9.98158E-05 9.98158E-05 9.98158E-05 9.98158E-05 9.98158E-05
9.97984E-05 9.97984E-05 9.97984E-05 9.97984E-05 9.97984E-05 9.97984E-05 9.97984E-05 0.144175 9.97984E-05 9.97984E-05 0.664034 9.97984E-05 9.97984E-05 9.97984E-05 0.0315666 9.97984E-05 9.97984E-05 9.97984E-05 9.97984E-05 9.97984E-05 9.97984E-05 9.97984E-05 0.157929 9.97984E-05 9.97984E-05 9.97984E-05 9.97984E-05
9.98069E-05 0.101006 9.98069E-05 9.98069E-05 9.98069E-05 9.98069E-05 9.98069E-05 9.98069E-05 9.98069E-05 9.98069E-05 0.741947 9.98069E-05 9.98069E-05 9.98069E-05 0.00287794 9.98069E-05 9.98069E-05 9.98069E-05 9.98069E-05 0.107123 9.98069E-05 9.98069E-05 9.98069E-05 0.0448505 9.98069E-05 9.98069E-05 9.98069E-05
9.98069E-05 9.98069E-05 9.98069E-05 9.98069E-05 9.98069E-05 9.98069E-05 9.98069E-05 0.113181 0.101588 9.98069E-05 0.38347 9.98069E-05 9.98069E-05 9.98069E-05 9.98069E-05 9.98069E-05 0.134062 9.98069E-05 9.98069E-05 9.98069E-05 9.98069E-05 9.98069E-05 9.98069E-05 9.98069E-05 9.98069E-05 0.265503 9.98069E-05
9.97983E-05 9.97983E-05 9.97983E-05 9.97983E-05 9.97983E-05 9.97983E-05 9.97983E-05 0.0430304 9.97983E-05 9.97983E-05 0.767369 9.97983E-05 9.97983E-05 9.97983E-05 9.97983E-05 9.97983E-05 9.97983E-05 9.97983E-05 9.97983E-05 9.97983E-05 9.97983E-05 9.97983E-05 9.97983E-05 9.97983E-05 0.12552 0.0617847 9.97983E-05
9.97897E-05 9.97897E-05 9.97897E-05 9.97897E-05 9.97897E-05 9.97897E-05 9.97897E-05 0.0607165 9.97897E-05 9.97897E-05 0.764029 9.97897E-05 9.97897E-05 9.97897E-05 9.97897E-05 9.97897E-05 9.97897E-05 9.97897E-05 9.97897E-05 0.17286 9.97897E-05 9.97897E-05 9.97897E-05 9.97897E-05 9.97897E-05 9.97897E-05 9.97897E-05
9.98332E-05 9.98332E-05 9.98332E-05 0.0168182 9.98332E-05 9.98332E-05 9.98332E-05 9.98332E-05 9.98332E-05 9.98332E-05 0.478742 9.98332E-05 9.98332E-05 9.98332E-05 9.98332E-05 0.000703392 9.98332E-05 0.180596 9.98332E-05 9.98332E-05 0.00804346 9.98332E-05 0.282966 9.98332E-05 9.98332E-05 0.0114473 0.0187867
9.97981E-05 9.97981E-05 9.97981E-05 0.0199429 9.97981E-05 9.97981E-05 9.97981E-05 0.185825 9.97981E-05 9.97981E-05 0.729378 9.97981E-05 9.97981E-05 9.97981E-05 9.97981E-05 9.97981E-05 9.97981E-05 9.97981E-05 9.97981E-05 9.97981E-05 9.97981E-05 9.97981E-05 9.97981E-05 9.97981E-05 9.97981E-05 0.0625586 9.97981E-05
9.97893E-05 9.97893E-05 9.97893E-05 9.97893E-05 9.97893E-05 9.97893E-05 9.97893E-05 9.97893E-05 9.97893E-05 9.97893E-05 9.97893E-05 9.97893E-05 9.97893E-05 9.97893E-05 9.97893E-05 9.97893E-05 9.97893E-05 9.97893E-05 0.0138397 9.97893E-05 9.97893E-05 9.97893E-05 9.97893E-05 0.960976 9.97893E-05 0.0227891 9.97893E-05
9.98072E-05 9.98072E-05 9.98072E-05 9.98072E-05 9.98072E-05 9.98072E-05 9.98072E-05 0.0552516 0.00252128 9.98072E-05 0.374351 9.98072E-05 9.98072E-05 9.98072E-05 9.98072E-05 0.021058 9.98072E-05 9.98072E-05 9.98072E-05 0.544622 9.98072E-05 9.98072E-05 9.98072E-05 9.98072E-05 9.98072E-05 9.98072E-05 9.98072E-05
9.97806E-05 9.97806E-05 9.97806E-05 9.97806E-05 9.97806E-05 9.97806E-05 9.97806E-05 9.97806E-05 9.97806E-05 9.97806E-05 9.97806E-05 9.97806E-05 9.97806E-05 9.97806E-05 9.97806E-05 9.97806E-05 0.000927964 9.97806E-05 9.97806E-05 0.996578 9.97806E-05 9.97806E-05 9.97806E-05 9.97806E-05 9.97806E-05 9.97806E-05 9.97806E-05
9.97984E-05 9.97984E-05 9.97984E-05 9.97984E-05 9.97984E-05 9.97984E-05 9.97984E-05 9.97984E-05 0.0178467 9.97984E-05 0.31504 9.97984E-05 9.97984E-05 9.97984E-05 9.97984E-05 9.97984E-05 0.010226 9.97984E-05 9.97984E-05 9.97984E-05 9.97984E-05 9.97984E-05 0.654591 9.97984E-05 9.97984E-05 9.97984E-05 9.97984E-05
