9.99297E-05 9.99297E-05 0.0513588 9.99297E-05 9.99297E-05 9.99297E-05 0.0712394 0.333017 9.99297E-05 9.99297E-05 0.438082 0.0911472 0.0143572 9.99297E-05
9.99035E-05 9.99035E-05 9.99035E-05 9.99035E-05 9.99035E-05 9.99035E-05 9.99035E-05 9.99035E-05 0.0191854 9.99035E-05 0.817838 9.99035E-05 0.161878 9.99035E-05
9.99034E-05 9.99034E-05 0.0201636 9.99034E-05 9.99034E-05 9.99034E-05 9.99034E-05 9.99034E-05 9.99034E-05 9.99034E-05 0.943694 9.99034E-05 9.99034E-05 0.035043
9.99473E-05 0.38677 9.99473E-05 9.99473E-05 0.00832796 0.014813 0.059046 0.0295703 9.99473E-05 9.99473E-05 0.330957 0.0246942 9.99473E-05 0.145222
9.99035E-05 9.99035E-05 9.99035E-05 9.99035E-05 9.99035E-05 9.99035E-05 9.99035E-05 9.99035E-05 9.99035E-05 0.127542 0.855376 9.99035E-05 0.0159832 9.99035E-05
9.99386E-05 0.0700787 9.99386E-05 9.99386E-05 9.99386E-05 0.109859 9.99386E-05 0.00724635 9.99386E-05 0.138084 0.32415 9.99386E-05 0.122243 0.227639
0.000136526 0.174031 0.0595842 9.99474E-05 9.99474E-05 9.99474E-05 0.128003 0.19445 9.99474E-05 9.99474E-05 0.317475 0.006542 0.119179 9.99474E-05
0.0755422 0.0875352 9.99561E-05 9.99561E-05 9.99561E-05 0.161274 0.00177735 0.203643 0.0376127 0.140208 0.20394 9.99561E-05 9.99561E-05 0.0879678
9.99122E-05 9.99122E-05 0.233255 9.99122E-05 9.99122E-05 0.234476 9.99122E-05 9.99122E-05 9.99122E-05 9.99122E-05 0.312267 0.219003 9.99122E-05 9.99122E-05
9.98946E-05 9.98946E-05 9.98946E-05 9.98946E-05 9.98946E-05 9.98946E-05 9.98946E-05 9.98946E-05 9.98946E-05 9.98946E-05 0.968069 0.0307327 9.98946E-05 9.98946E-05
9.9921E-05 9.9921E-05 9.9921E-05 9.9921E-05 9.9921E-05 0.011888 0.153944 0.128232 9.9921E-05 9.9921E-05 0.516295 0.188742 9.9921E-05 9.9921E-05
0.0225825 0.0299249 9.99211E-05 9.99211E-05 9.99211E-05 0.0208062 0.017049 9.99211E-05 9.99211E-05 9.99211E-05 0.908738 9.99211E-05 9.99211E-05 9.99211E-05
9.99035E-05 9.99035E-05 9.99035E-05 9.99035E-05 9.99035E-05 9.99035E-05 9.99035E-05 0.0502932 9.99035E-05 9.99035E-05 0.829026 0.119582 9.99035E-05 9.99035E-05
9.99211E-05 9.99211E-05 9.99211E-05 0.0411774 9.99211E-05 9.99211E-05 0.105378 9.99211E-05 9.99211E-05 9.99211E-05 0.681972 0.108363 9.99211E-05 0.0622101
9.99298E-05 9.99298E-05 0.04099 9.99298E-05 9.99298E-05 0.132442 9.99298E-05 0.226045 9.99298E-05 9.99298E-05 0.298826 0.125415 9.99298E-05 0.175483
0.0184008 0.201666 9.99473E-05 9.99473E-05 0.029985 0.178628 9.99473E-05 0.0884334 9.99473E-05 9.99473E-05 0.283073 0.168152 9.99473E-05 0.0310616
0.0197604 9.99299E-05 9.99299E-05 0.143927 9.99299E-05 9.99299E-05 0.0589156 9.99299E-05 9.99299E-05 9.99299E-05 0.605929 0.148845 0.0218235 9.99299E-05
9.99298E-05 9.99298E-05 9.99298E-05 9.99298E-05 0.0864931 0.0358212 9.99298E-05 0.344513 0.209252 9.99298E-05 0.190767 0.132354 9.99298E-05 9.99298E-05
9.99473E-05 0.0658747 0.0329672 9.99473E-05 0.0644269 0.158062 9.99473E-05 0.0697623 0.0279798 9.99473E-05 0.406809 0.173519 9.99473E-05 9.99473E-05
9.98859E-05 9.98859E-05 9.98859E-05 9.98859E-05 9.98859E-05 9.98859E-05 9.98859E-05 9.98859E-05 9.98859E-05 9.98859E-05 0.998701 9.98859E-05 9.98859E-05 9.98859E-05
0.0309042 0.102952 9.99386E-05 9.99386E-05 9.99386E-05 0.0905552 0.0622056 9.99386E-05 9.99386E-05 0.161016 0.534224 0.0174434 9.99386E-05 9.99386E-05
9.99298E-05 0.102981 9.99298E-05 9.99298E-05 9.99298E-05 0.147537 9.99298E-05 0.253073 9.99298E-05 0.117383 0.294546 9.99298E-05 9.99298E-05 0.0836807
9.99386E-05 9.99386E-05 9.99386E-05 9.99386E-05 9.99386E-05 0.00975191 0.0377411 0.070697 9.99386E-05 9.99386E-05 0.684432 0.100427 0.0250009 0.0712502
0.045105 9.9921E-05 0.0919761 9.9921E-05 9.9921E-05 9.9921E-05 9.9921E-05 0.268207 9.9921E-05 9.9921E-05 0.406839 0.186974 9.9921E-05 9.9921E-05
9.99473E-05 0.0372997 0.00145111 9.99473E-05 0.14569 0.0266201 0.0820944 9.99473E-05 9.99473E-05 9.99473E-05 0.305544 0.209941 9.99473E-05 0.19076
9.9921E-05 0.089797 9.9921E-05 9.9921E-05 9.9921E-05 0.00248241 9.9921E-05 9.9921E-05 9.9921E-05 9.9921E-05 0.753424 0.108875 9.9921E-05 0.0445231
0.0492012 9.99385E-05 9.99385E-05 9.99385E-05 0.0489324 9.99385E-05 9.99385E-05 0.302268 0.107371 9.99385E-05 0.0243474 0.0848851 9.99385E-05 0.382295
9.99122E-05 0.119925 9.99122E-05 9.99122E-05 9.99122E-05 9.99122E-05 9.99122E-05 9.99122E-05 9.99122E-05 9.99122E-05 0.783976 0.067047 9.99122E-05 0.0280526
9.99123E-05 9.99123E-05 9.99123E-05 9.99123E-05 9.99123E-05 9.99123E-05 9.99123E-05 0.14415 9.99123E-05 9.99123E-05 0.645981 0.17695 9.99123E-05 0.0319208
9.99211E-05 9.99211E-05 9.99211E-05 0.0303246 9.99211E-05 0.070447 0.00774337 9.99211E-05 9.99211E-05 9.99211E-05 0.879876 0.0107095 9.99211E-05 9.99211E-05
9.99298E-05 9.99298E-05 9.99298E-05 9.99298E-05 0.00153863 0.0155648 0.109025 0.19446 9.99298E-05 9.99298E-05 0.646441 0.0321716 9.99298E-05 9.99298E-05
9.99298E-05 0.0131166 9.99298E-05 9.99298E-05 9.99298E-05 0.0142906 0.0629784 9.99298E-05 9.99298E-05 9.99298E-05 0.542172 0.112478 9.99298E-05 0.254165
0.0377096 9.99297E-05 9.99297E-05 9.99297E-05 9.99297E-05 9.99297E-05 0.0917884 0.140991 9.99297E-05 9.99297E-05 0.56033 0.141237 9.99297E-05 0.0271445
0.0394402 0.0107428 9.99473E-05 9.99473E-05 9.99473E-05 9.99473E-05 0.00157149 0.0847879 0.0264762 9.99473E-05 0.518198 0.0900465 9.99473E-05 0.228137
9.9921E-05 9.9921E-05 9.9921E-05 9.9921E-05 0.0365061 9.9921E-05 0.0318288 9.9921E-05 9.9921E-05 9.9921E-05 0.8439 0.00455659 0.082309 9.9921E-05
9.9921E-05 0.0808331 0.0555688 9.9921E-05 9.9921E-05 9.9921E-05 0.0122286 9.9921E-05 9.9921E-05 9.9921E-05 0.744817 9.9921E-05 0.105653 9.9921E-05
0.054932 0.0493632 9.99123E-05 9.99123E-05 9.99123E-05 9.99123E-05 9.99123E-05 9.99123E-05 9.99123E-05 9.99123E-05 0.883576 9.99123E-05 0.0111299 9.99123E-05
9.99211E-05 9.99211E-05 9.99211E-05 9.99211E-05 0.18985 0.118129 9.99211E-05 9.99211E-05 9.99211E-05 9.99211E-05 0.636724 0.0447891 0.00960796 9.99211E-05
9.99386E-05 9.99386E-05 9.99386E-05 0.0404255 9.99386E-05 0.028741 0.0343795 9.99386E-05 9.99386E-05 0.0744247 0.570086 0.156058 0.0951858 9.99386E-05
0.113521 9.99122E-05 9.99122E-05 9.99122E-05 9.99122E-05 9.99122E-05 9.99122E-05 9.99122E-05 9.99122E-05 9.99122E-05 0.629609 0.105292 9.99122E-05 0.150579
9.9921E-05 0.0596514 9.9921E-05 9.9921E-05 9.9921E-05 9.9921E-05 0.0317403 0.0276385 9.9921E-05 9.9921E-05 0.791648 0.0884227 9.9921E-05 9.9921E-05
9.99211E-05 9.99211E-05 0.0188521 9.99211E-05 9.99211E-05 0.0407567 9.99211E-05 0.215931 9.99211E-05 9.99211E-05 0.643538 0.0800229 9.99211E-05 9.99211E-05
9.99123E-05 9.99123E-05 9.99123E-05 9.99123E-05 9.99123E-05 9.99123E-05 9.99123E-05 0.0156126 9.99123E-05 0.0248774 0.92535 9.99123E-05 0.0331608 9.99123E-05
9.99298E-05 9.99298E-05 0.0283156 9.99298E-05 9.99298E-05 0.101301 0.0789042 0.189659 9.99298E-05 9.99298E-05 0.414912 0.186109 9.99298E-05 9.99298E-05
9.9921E-05 0.249101 9.9921E-05 9.9921E-05 9.9921E-05 9.9921E-05 9.9921E-05 0.200844 9.9921E-05 0.0500864 0.302714 0.196356 9.9921E-05 9.9921E-05
9.99297E-05 0.0176948 9.99297E-05 9.99297E-05 0.0720916 9.99297E-05 9.99297E-05 9.99297E-05 9.99297E-05 0.0115759 0.883204 0.00835528 0.00627857 9.99297E-05
9.9921E-05 9.9921E-05 9.9921E-05 9.9921E-05 9.9921E-05 0.0239493 0.0271838 9.9921E-05 0.0392851 9.9921E-05 0.824312 0.0843701 9.9921E-05 9.9921E-05
9.98859E-05 9.98859E-05 9.98859E-05 9.98859E-05 9.98859E-05 9.98859E-05 9.98859E-05 9.98859E-05 9.98859E-05 9.98859E-05 0.998701 9.98859E-05 9.98859E-05 9.98859E-05
9.99209E-05 0.00931472 9.99209E-05 9.99209E-05 9.99209E-05 9.99209E-05 0.0120352 0.192018 9.99209E-05 9.99209E-05 0.651615 0.134117 9.99209E-05 9.99209E-05
0.0573996 9.99387E-05 9.99387E-05 9.99387E-05 9.99387E-05 0.0422619 0.0788548 9.99387E-05 0.0181463 0.0174937 0.784458 9.99387E-05 0.000685784 9.99387E-05
0.0252712 0.00507705 0.0356372 9.99648E-05 0.0231276 0.0599596 0.179694 0.0880785 9.99648E-05 9.99648E-05 0.383973 0.160542 9.99648E-05 0.0382391
0.0420489 0.0482698 0.0217341 9.99473E-05 0.0382862 0.00917614 9.99473E-05 0.0619412 9.99473E-05 0.0825861 0.695358 9.99473E-05 9.99473E-05 9.99473E-05
9.99299E-05 9.99299E-05 0.00588217 9.99299E-05 9.99299E-05 0.0298107 9.99299E-05 9.99299E-05 0.00452854 9.99299E-05 0.893348 0.0245855 0.0410457 9.99299E-05
0.181619 9.99211E-05 9.99211E-05 9.99211E-05 9.99211E-05 0.0177609 9.99211E-05 9.99211E-05 9.99211E-05 0.0705188 0.674412 0.0547909 9.99211E-05 9.99211E-05
9.99035E-05 0.0577008 9.99035E-05 9.99035E-05 9.99035E-05 9.99035E-05 9.99035E-05 9.99035E-05 9.99035E-05 9.99035E-05 0.84039 0.10081 9.99035E-05 9.99035E-05
9.99123E-05 9.99123E-05 9.99123E-05 9.99123E-05 0.0506428 9.99123E-05 9.99123E-05 9.99123E-05 9.99123E-05 0.0541977 0.750462 9.99123E-05 9.99123E-05 0.143698
9.9921E-05 0.0219154 9.9921E-05 9.9921E-05 9.9921E-05 9.9921E-05 9.9921E-05 9.9921E-05 0.0913402 0.024381 0.794676 9.9921E-05 0.0667878 9.9921E-05
9.99035E-05 9.99035E-05 9.99035E-05 9.99035E-05 9.99035E-05 9.99035E-05 0.0142093 9.99035E-05 9.99035E-05 9.99035E-05 0.901809 0.0828826 9.99035E-05 9.99035E-05
9.9921E-05 9.9921E-05 9.9921E-05 9.9921E-05 9.9921E-05 9.9921E-05 0.0641554 9.9921E-05 0.0181324 9.9921E-05 0.878025 0.0048525 0.0339355 9.9921E-05
9.9921E-05 9.9921E-05 9.9921E-05 9.9921E-05 9.9921E-05 9.9921E-05 0.0350813 0.631981 0.0681441 9.9921E-05 9.9921E-05 0.165676 0.0982175 9.9921E-05
0.010415 9.99211E-05 0.0347265 9.99211E-05 9.99211E-05 9.99211E-05 9.99211E-05 0.821535 9.99211E-05 9.99211E-05 0.00510908 9.99211E-05 0.127315 9.99211E-05
9.9921E-05 9.9921E-05 9.9921E-05 0.130781 9.9921E-05 9.9921E-05 9.9921E-05 0.628628 0.135487 9.9921E-05 0.0455121 9.9921E-05 0.0586924 9.9921E-05
9.99298E-05 9.99298E-05 9.99298E-05 9.99298E-05 9.99298E-05 0.126555 9.99298E-05 0.0667082 0.071641 9.99298E-05 9.99298E-05 0.0244298 0.403313 0.306553
9.99297E-05 9.99297E-05 9.99297E-05 9.99297E-05 0.0651022 0.0662332 0.0241761 0.703902 0.0575871 9.99297E-05 9.99297E-05 0.0821998 9.99297E-05 9.99297E-05
9.99297E-05 9.99297E-05 0.0295224 9.99297E-05 9.99297E-05 0.016685 9.99297E-05 0.709897 9.99297E-05 9.99297E-05 9.99297E-05 0.199823 0.0135891 0.0296835
9.9921E-05 0.0260626 9.9921E-05 9.9921E-05 9.9921E-05 9.9921E-05 0.08705 0.293881 9.9921E-05 9.9921E-05 9.9921E-05 0.245513 0.346594 9.9921E-05
9.99297E-05 9.99297E-05 9.99297E-05 9.99297E-05 9.99297E-05 0.0610562 9.99297E-05 0.382763 0.159027 9.99297E-05 9.99297E-05 0.107703 0.172319 0.116333
9.99123E-05 9.99123E-05 9.99123E-05 0.0418457 9.99123E-05 9.99123E-05 9.99123E-05 0.77026 9.99123E-05 9.99123E-05 9.99123E-05 0.0574811 0.129414 9.99123E-05
9.99298E-05 9.99298E-05 9.99298E-05 9.99298E-05 9.99298E-05 0.0138944 0.0751109 0.783314 9.99298E-05 9.99298E-05 0.0720038 0.023838 0.0310398 9.99298E-05
9.99209E-05 9.99209E-05 9.99209E-05 9.99209E-05 9.99209E-05 0.0307868 0.177608 0.487935 0.0141389 9.99209E-05 9.99209E-05 0.288632 9.99209E-05 9.99209E-05
0.059792 0.0520258 9.99473E-05 9.99473E-05 0.06606 9.99473E-05 0.144481 0.608268 9.99473E-05 0.0158784 9.99473E-05 0.0154531 0.0374415 9.99473E-05
0.0642441 9.99385E-05 9.99385E-05 9.99385E-05 9.99385E-05 0.233419 0.156643 0.417224 9.99385E-05 0.0534626 9.99385E-05 9.99385E-05 0.00805567 0.0662515
0.0275712 9.99296E-05 9.99296E-05 9.99296E-05 9.99296E-05 0.0538556 9.99296E-05 0.588102 9.99296E-05 0.06917 9.99296E-05 0.124584 0.135917 9.99296E-05
0.0287172 9.99212E-05 9.99212E-05 9.99212E-05 9.99212E-05 9.99212E-05 0.0184994 0.666416 9.99212E-05 9.99212E-05 0.0587987 9.99212E-05 9.99212E-05 0.22667
9.99298E-05 0.0365673 9.99298E-05 0.0900294 9.99298E-05 9.99298E-05 0.0361864 0.746273 9.99298E-05 9.99298E-05 9.99298E-05 0.090033 0.000111149 9.99298E-05
0.0336285 0.0143377 9.99385E-05 9.99385E-05 9.99385E-05 9.99385E-05 9.99385E-05 0.591936 0.120341 9.99385E-05 9.99385E-05 0.0514954 0.00737206 0.18019
9.99122E-05 0.0855856 9.99122E-05 9.99122E-05 9.99122E-05 0.0485129 0.124137 0.740766 9.99122E-05 9.99122E-05 9.99122E-05 9.99122E-05 9.99122E-05 9.99122E-05
9.99386E-05 0.210248 9.99386E-05 9.99386E-05 9.99386E-05 0.0613095 0.0236603 0.513648 0.100686 9.99386E-05 0.0201226 0.0696262 9.99386E-05 9.99386E-05
0.11427 9.9921E-05 9.9921E-05 9.9921E-05 0.0187799 9.9921E-05 9.9921E-05 0.504418 0.0344159 9.9921E-05 9.9921E-05 0.327217 9.9921E-05 9.9921E-05
9.99212E-05 9.99212E-05 9.99212E-05 0.216561 9.99212E-05 9.99212E-05 0.0310681 0.66485 9.99212E-05 9.99212E-05 9.99212E-05 0.0788863 0.00773494 9.99212E-05
9.99209E-05 9.99209E-05 9.99209E-05 9.99209E-05 9.99209E-05 9.99209E-05 9.99209E-05 0.822457 0.0106263 9.99209E-05 9.99209E-05 0.0855422 0.0722249 0.00825008
9.99299E-05 9.99299E-05 9.99299E-05 9.99299E-05 0.0256973 9.99299E-05 9.99299E-05 0.584907 0.028573 9.99299E-05 9.99299E-05 0.010637 0.119038 0.230348
9.99386E-05 0.0425235 0.0922064 9.99386E-05 9.99386E-05 0.0779779 9.99386E-05 0.534462 0.100213 9.99386E-05 9.99386E-05 0.024334 9.99386E-05 0.127584
9.99209E-05 0.0929127 9.99209E-05 9.99209E-05 9.99209E-05 0.00760366 0.118165 0.697568 9.99209E-05 9.99209E-05 9.99209E-05 0.0828516 9.99209E-05 9.99209E-05
9.99386E-05 9.99386E-05 9.99386E-05 0.0779267 0.021157 0.0117354 9.99386E-05 0.613212 9.99386E-05 9.99386E-05 0.136857 0.0987141 0.0396987 9.99386E-05
9.99123E-05 9.99123E-05 9.99123E-05 0.106592 9.99123E-05 9.99123E-05 9.99123E-05 0.831608 0.000380518 9.99123E-05 0.06042 9.99123E-05 9.99123E-05 9.99123E-05
9.99037E-05 9.99037E-05 9.99037E-05 9.99037E-05 9.99037E-05 9.99037E-05 9.99037E-05 0.804565 9.99037E-05 9.99037E-05 9.99037E-05 0.0869419 0.107394 9.99037E-05
9.99124E-05 9.99124E-05 9.99124E-05 9.99124E-05 9.99124E-05 0.020723 9.99124E-05 0.729976 0.156595 9.99124E-05 9.99124E-05 0.0917068 9.99124E-05 9.99124E-05
0.0121025 9.99386E-05 9.99386E-05 0.216402 0.0391014 0.150766 9.99386E-05 0.317194 9.99386E-05 9.99386E-05 0.12125 0.142484 9.99386E-05 9.99386E-05
9.99034E-05 9.99034E-05 9.99034E-05 9.99034E-05 9.99034E-05 0.0380459 9.99034E-05 9.99034E-05 9.99034E-05 9.99034E-05 9.99034E-05 0.127846 9.99034E-05 0.833009
9.99123E-05 9.99123E-05 9.99123E-05 0.380693 9.99123E-05 0.0156363 9.99123E-05 9.99123E-05 9.99123E-05 9.99123E-05 9.99123E-05 0.0196256 9.99123E-05 0.583046
9.99122E-05 9.99122E-05 9.99122E-05 9.99122E-05 9.99122E-05 9.99122E-05 0.0244472 9.99122E-05 0.00879942 9.99122E-05 9.99122E-05 0.0466686 9.99122E-05 0.919086
9.99121E-05 9.99121E-05 9.99121E-05 9.99121E-05 9.99121E-05 0.00599539 9.99121E-05 9.99121E-05 0.0587276 9.99121E-05 9.99121E-05 0.104177 9.99121E-05 0.830101
9.99209E-05 9.99209E-05 0.0304486 9.99209E-05 0.0337043 0.0635569 9.99209E-05 9.99209E-05 9.99209E-05 9.99209E-05 9.99209E-05 0.0211137 9.99209E-05 0.850277
9.9921E-05 0.00348115 9.9921E-05 9.9921E-05 9.9921E-05 0.153344 9.9921E-05 9.9921E-05 9.9921E-05 9.9921E-05 9.9921E-05 0.171028 0.0287744 0.642473
9.9921E-05 9.9921E-05 9.9921E-05 9.9921E-05 9.9921E-05 0.0768272 0.0217136 9.9921E-05 0.0136101 9.9921E-05 9.9921E-05 0.0622392 9.9921E-05 0.824711
9.99034E-05 9.99034E-05 9.99034E-05 9.99034E-05 9.99034E-05 0.190206 9.99034E-05 9.99034E-05 9.99034E-05 9.99034E-05 9.99034E-05 0.0444781 9.99034E-05 0.764217
0.0148616 9.99297E-05 9.99297E-05 9.99297E-05 9.99297E-05 0.309471 0.0100485 0.0101492 9.99297E-05 9.99297E-05 9.99297E-05 9.99297E-05 0.218155 0.436515
9.99034E-05 9.99034E-05 9.99034E-05 9.99034E-05 9.99034E-05 0.203168 9.99034E-05 9.99034E-05 9.99034E-05 9.99034E-05 9.99034E-05 0.245558 9.99034E-05 0.550175
9.99123E-05 9.99123E-05 9.99123E-05 0.157269 9.99123E-05 0.00326904 9.99123E-05 9.99123E-05 9.99123E-05 9.99123E-05 9.99123E-05 9.99123E-05 0.229542 0.608921
9.99211E-05 9.99211E-05 9.99211E-05 0.0532545 9.99211E-05 9.99211E-05 0.0260801 9.99211E-05 9.99211E-05 9.99211E-05 9.99211E-05 0.0736233 0.148331 0.697811
9.98948E-05 9.98948E-05 9.98948E-05 9.98948E-05 9.98948E-05 0.1205 9.98948E-05 9.98948E-05 9.98948E-05 9.98948E-05 9.98948E-05 9.98948E-05 9.98948E-05 0.878301
9.99211E-05 9.99211E-05 0.00962821 9.99211E-05 9.99211E-05 0.143752 9.99211E-05 9.99211E-05 9.99211E-05 9.99211E-05 9.99211E-05 0.170208 0.0110024 0.664511
9.99474E-05 0.0436546 9.99474E-05 0.0560427 0.00764093 0.0977656 0.0425314 9.99474E-05 0.0750932 9.99474E-05 9.99474E-05 9.99474E-05 0.0192474 0.657425
9.99211E-05 9.99211E-05 9.99211E-05 9.99211E-05 0.00943304 9.99211E-05 0.0258463 9.99211E-05 9.99211E-05 9.99211E-05 9.99211E-05 0.152107 0.122901 0.688814
9.99122E-05 9.99122E-05 9.99122E-05 9.99122E-05 0.0698211 9.99122E-05 9.99122E-05 9.99122E-05 9.99122E-05 9.99122E-05 9.99122E-05 0.0978189 0.254615 0.576746
9.99124E-05 9.99124E-05 9.99124E-05 9.99124E-05 9.99124E-05 0.105583 9.99124E-05 9.99124E-05 9.99124E-05 0.140867 0.0180435 9.99124E-05 9.99124E-05 0.734507
9.99123E-05 9.99123E-05 9.99123E-05 0.00251984 9.99123E-05 0.00116418 0.014193 9.99123E-05 9.99123E-05 9.99123E-05 9.99123E-05 9.99123E-05 9.99123E-05 0.981124
0.0145348 9.99561E-05 0.00699275 0.187985 0.013436 0.150453 0.0301701 0.0214495 9.99561E-05 9.99561E-05 9.99561E-05 0.172986 9.99561E-05 0.401492
9.99298E-05 0.00972865 9.99298E-05 9.99298E-05 9.99298E-05 0.059797 9.99298E-05 9.99298E-05 9.99298E-05 0.0290202 9.99298E-05 0.0441288 0.0940429 0.762483
9.99122E-05 9.99122E-05 9.99122E-05 9.99122E-05 9.99122E-05 0.0479666 0.027672 9.99122E-05 0.0348058 9.99122E-05 9.99122E-05 9.99122E-05 9.99122E-05 0.888557
9.99209E-05 9.99209E-05 9.99209E-05 9.99209E-05 0.0445003 0.166248 9.99209E-05 9.99209E-05 9.99209E-05 9.99209E-05 9.99209E-05 0.216916 0.0994016 0.472035
9.99035E-05 9.99035E-05 9.99035E-05 0.0594029 9.99035E-05 0.187931 9.99035E-05 9.99035E-05 9.99035E-05 9.99035E-05 9.99035E-05 9.99035E-05 9.99035E-05 0.751568
9.9921E-05 9.9921E-05 9.9921E-05 9.9921E-05 0.0774448 0.17323 9.9921E-05 9.9921E-05 9.9921E-05 0.0066121 9.9921E-05 0.24814 9.9921E-05 0.493673
9.99386E-05 9.99386E-05 9.99386E-05 0.152338 9.99386E-05 0.109506 9.99386E-05 0.0104096 0.0779589 9.99386E-05 9.99386E-05 0.108872 0.1056 0.434615
9.9921E-05 9.9921E-05 0.127808 0.475967 0.0283186 9.9921E-05 9.9921E-05 9.9921E-05 9.9921E-05 9.9921E-05 9.9921E-05 0.014759 9.9921E-05 0.352249
9.99032E-05 9.99032E-05 9.99032E-05 9.99032E-05 9.99032E-05 0.0742994 9.99032E-05 9.99032E-05 9.99032E-05 9.99032E-05 9.99032E-05 0.0829566 9.99032E-05 0.841645
9.99298E-05 9.99298E-05 9.99298E-05 9.99298E-05 0.00396735 0.124088 9.99298E-05 0.0218433 9.99298E-05 9.99298E-05 9.99298E-05 0.174513 0.00409269 0.670696
9.9921E-05 9.9921E-05 9.9921E-05 0.00470796 0.0359905 9.9921E-05 0.0214843 9.9921E-05 9.9921E-05 9.9921E-05 9.9921E-05 0.112566 9.9921E-05 0.824352
0.0676981 9.99122E-05 9.99122E-05 9.99122E-05 9.99122E-05 0.0336211 9.99122E-05 9.99122E-05 9.99122E-05 9.99122E-05 9.99122E-05 0.152787 9.99122E-05 0.744895
9.99034E-05 9.99034E-05 9.99034E-05 9.99034E-05 0.0221925 9.99034E-05 9.99034E-05 9.99034E-05 9.99034E-05 9.99034E-05 9.99034E-05 0.0195255 9.99034E-05 0.957183
9.99209E-05 9.99209E-05 9.99209E-05 9.99209E-05 0.134864 0.291394 0.0119329 9.99209E-05 9.99209E-05 9.99209E-05 9.99209E-05 0.0865104 9.99209E-05 0.4744
9.99033E-05 9.99033E-05 9.99033E-05 9.99033E-05 9.99033E-05 0.0314837 9.99033E-05 9.99033E-05 9.99033E-05 9.99033E-05 9.99033E-05 0.0717215 9.99033E-05 0.895696
9.99035E-05 9.99035E-05 9.99035E-05 9.99035E-05 9.99035E-05 0.00926076 9.99035E-05 9.99035E-05 9.99035E-05 9.99035E-05 9.99035E-05 0.0576042 9.99035E-05 0.932036
9.99298E-05 0.0524201 9.99298E-05 0.093093 9.99298E-05 0.0565732 0.00887234 9.99298E-05 9.99298E-05 9.99298E-05 9.99298E-05 9.99298E-05 0.00758173 0.78066
9.99121E-05 9.99121E-05 9.99121E-05 9.99121E-05 9.99121E-05 0.0729369 9.99121E-05 9.99121E-05 0.00910525 9.99121E-05 9.99121E-05 0.195542 9.99121E-05 0.721417
9.99209E-05 9.99209E-05 9.99209E-05 0.501246 9.99209E-05 0.0635805 9.99209E-05 9.99209E-05 9.99209E-05 0.0426159 9.99209E-05 0.00335078 9.99209E-05 0.388308
9.99211E-05 9.99211E-05 9.99211E-05 0.147476 0.00533663 0.00526405 9.99211E-05 9.99211E-05 9.99211E-05 9.99211E-05 9.99211E-05 0.0488692 9.99211E-05 0.792155
9.98948E-05 9.98948E-05 9.98948E-05 0.200501 9.98948E-05 9.98948E-05 9.98948E-05 9.98948E-05 9.98948E-05 9.98948E-05 9.98948E-05 9.98948E-05 9.98948E-05 0.7983
9.99123E-05 9.99123E-05 9.99123E-05 0.340937 0.0524961 9.99123E-05 9.99123E-05 9.99123E-05 9.99123E-05 9.99123E-05 9.99123E-05 9.99123E-05 0.0464467 0.559121
9.9921E-05 9.9921E-05 9.9921E-05 9.9921E-05 9.9921E-05 0.0954707 0.0168587 9.9921E-05 9.9921E-05 9.9921E-05 9.9921E-05 0.295901 0.0828428 0.508028
9.98947E-05 9.98947E-05 9.98947E-05 9.98947E-05 9.98947E-05 0.142568 9.98947E-05 9.98947E-05 9.98947E-05 9.98947E-05 9.98947E-05 9.98947E-05 9.98947E-05 0.856233
9.9921E-05 9.9921E-05 9.9921E-05 0.537597 0.0544636 0.133152 9.9921E-05 9.9921E-05 9.9921E-05 9.9921E-05 9.9921E-05 0.0717915 9.9921E-05 0.202097
9.99034E-05 9.99034E-05 9.99034E-05 0.387305 9.99034E-05 9.99034E-05 9.99034E-05 9.99034E-05 9.99034E-05 9.99034E-05 9.99034E-05 0.0614822 9.99034E-05 0.550113
9.99122E-05 9.99122E-05 9.99122E-05 9.99122E-05 0.114421 0.182647 9.99122E-05 9.99122E-05 9.99122E-05 9.99122E-05 9.99122E-05 9.99122E-05 0.14689 0.555042
9.99211E-05 9.99211E-05 9.99211E-05 0.023588 9.99211E-05 0.127275 0.0609076 9.99211E-05 9.99211E-05 9.99211E-05 9.99211E-05 0.12521 9.99211E-05 0.66212
0.059996 9.99299E-05 0.13092 9.99299E-05 9.99299E-05 0.123858 9.99299E-05 9.99299E-05 9.99299E-05 9.99299E-05 9.99299E-05 0.000904316 0.146025 0.537497
9.99298E-05 9.99298E-05 9.99298E-05 9.99298E-05 0.0552233 0.253604 9.99298E-05 0.0161867 0.0190128 9.99298E-05 9.99298E-05 0.152579 9.99298E-05 0.502594
9.99034E-05 9.99034E-05 9.99034E-05 0.42531 9.99034E-05 9.99034E-05 9.99034E-05 9.99034E-05 9.99034E-05 9.99034E-05 9.99034E-05 0.00654046 9.99034E-05 0.56705
9.99121E-05 0.106591 9.99121E-05 9.99121E-05 9.99121E-05 9.99121E-05 0.00552697 9.99121E-05 9.99121E-05 9.99121E-05 9.99121E-05 0.134057 9.99121E-05 0.752827
9.9921E-05 9.9921E-05 9.9921E-05 0.538157 9.9921E-05 0.109616 9.9921E-05 9.9921E-05 9.9921E-05 9.9921E-05 9.9921E-05 0.0181626 0.0211516 0.312013
9.99211E-05 9.99211E-05 9.99211E-05 0.148964 9.99211E-05 0.0629276 0.0141427 9.99211E-05 9.99211E-05 9.99211E-05 9.99211E-05 0.141661 9.99211E-05 0.631406
0.0137876 9.99034E-05 9.99034E-05 9.99034E-05 9.99034E-05 0.0261788 9.99034E-05 9.99034E-05 9.99034E-05 9.99034E-05 9.99034E-05 9.99034E-05 9.99034E-05 0.958935
9.99034E-05 0.0453117 9.99034E-05 9.99034E-05 9.99034E-05 9.99034E-05 0.0183401 9.99034E-05 9.99034E-05 9.99034E-05 9.99034E-05 9.99034E-05 9.99034E-05 0.935249
9.99121E-05 9.99121E-05 9.99121E-05 9.99121E-05 9.99121E-05 0.250975 9.99121E-05 9.99121E-05 9.99121E-05 9.99121E-05 9.99121E-05 0.189412 0.140942 0.417672
9.99034E-05 9.99034E-05 9.99034E-05 9.99034E-05 9.99034E-05 0.125003 9.99034E-05 9.99034E-05 9.99034E-05 9.99034E-05 9.99034E-05 0.183155 9.99034E-05 0.690743
9.98946E-05 9.98946E-05 9.98946E-05 9.98946E-05 9.98946E-05 0.0735896 9.98946E-05 9.98946E-05 9.98946E-05 9.98946E-05 9.98946E-05 9.98946E-05 9.98946E-05 0.925212
9.99035E-05 9.99035E-05 9.99035E-05 9.99035E-05 0.100682 9.99035E-05 9.99035E-05 9.99035E-05 9.99035E-05 9.99035E-05 9.99035E-05 0.070323 9.99035E-05 0.827896
9.99035E-05 9.99035E-05 9.99035E-05 0.115077 9.99035E-05 0.137831 9.99035E-05 9.99035E-05 9.99035E-05 9.99035E-05 9.99035E-05 9.99035E-05 9.99035E-05 0.745994
9.98857E-05 9.98857E-05 9.98857E-05 9.98857E-05 9.98857E-05 9.98857E-05 9.98857E-05 9.98857E-05 9.98857E-05 9.98857E-05 9.98857E-05 0.998701 9.98857E-05 9.98857E-05
9.98858E-05 9.98858E-05 9.98858E-05 9.98858E-05 9.98858E-05 0.998701 9.98858E-05 9.98858E-05 9.98858E-05 9.98858E-05 9.98858E-05 9.98858E-05 9.98858E-05 9.98858E-05
9.98857E-05 9.98857E-05 9.98857E-05 9.98857E-05 9.98857E-05 9.98857E-05 9.98857E-05 9.98857E-05 9.98857E-05 9.98857E-05 9.98857E-05 0.998701 9.98857E-05 9.98857E-05
9.98856E-05 9.98856E-05 9.98856E-05 9.98856E-05 9.98856E-05 0.998701 9.98856E-05 9.98856E-05 9.98856E-05 9.98856E-05 9.98856E-05 9.98856E-05 9.98856E-05 9.98856E-05
9.98856E-05 9.98856E-05 9.98856E-05 9.98856E-05 9.98856E-05 0.998701 9.98856E-05 9.98856E-05 9.98856E-05 9.98856E-05 9.98856E-05 9.98856E-05 9.98856E-05 9.98856E-05
9.98857E-05 9.98857E-05 9.98857E-05 9.98857E-05 9.98857E-05 0.998701 9.98857E-05 9.98857E-05 9.98857E-05 9.98857E-05 9.98857E-05 9.98857E-05 9.98857E-05 9.98857E-05
9.98856E-05 9.98856E-05 9.98856E-05 9.98856E-05 9.98856E-05 9.98856E-05 9.98856E-05 9.98856E-05 9.98856E-05 9.98856E-05 9.98856E-05 0.998701 9.98856E-05 9.98856E-05
9.98856E-05 9.98856E-05 9.98856E-05 9.98856E-05 9.98856E-05 0.998701 9.98856E-05 9.98856E-05 9.98856E-05 9.98856E-05 9.98856E-05 9.98856E-05 9.98856E-05 9.98856E-05
9.98857E-05 9.98857E-05 9.98857E-05 9.98857E-05 9.98857E-05 0.998701 9.98857E-05 9.98857E-05 9.98857E-05 9.98857E-05 9.98857E-05 9.98857E-05 9.98857E-05 9.98857E-05
9.98857E-05 9.98857E-05 9.98857E-05 9.98857E-05 9.98857E-05 9.98857E-05 9.98857E-05 9.98857E-05 9.98857E-05 9.98857E-05 9.98857E-05 0.998701 9.98857E-05 9.98857E-05
9.98857E-05 9.98857E-05 9.98857E-05 9.98857E-05 9.98857E-05 9.98857E-05 9.98857E-05 9.98857E-05 9.98857E-05 9.98857E-05 9.98857E-05 0.998701 9.98857E-05 9.98857E-05
9.98856E-05 9.98856E-05 9.98856E-05 9.98856E-05 9.98856E-05 9.98856E-05 9.98856E-05 9.98856E-05 9.98856E-05 9.98856E-05 9.98856E-05 0.998701 9.98856E-05 9.98856E-05
9.98857E-05 9.98857E-05 9.98857E-05 9.98857E-05 9.98857E-05 0.998701 9.98857E-05 9.98857E-05 9.98857E-05 9.98857E-05 9.98857E-05 9.98857E-05 9.98857E-05 9.98857E-05
9.98857E-05 9.98857E-05 9.98857E-05 9.98857E-05 9.98857E-05 0.998701 9.98857E-05 9.98857E-05 9.98857E-05 9.98857E-05 9.98857E-05 9.98857E-05 9.98857E-05 9.98857E-05
9.98857E-05 9.98857E-05 9.98857E-05 9.98857E-05 9.98857E-05 9.98857E-05 9.98857E-05 9.98857E-05 9.98857E-05 9.98857E-05 9.98857E-05 0.998701 9.98857E-05 9.98857E-05
9.98856E-05 9.98856E-05 9.98856E-05 9.98856E-05 9.98856E-05 9.98856E-05 9.98856E-05 9.98856E-05 9.98856E-05 9.98856E-05 9.98856E-05 0.998701 9.98856E-05 9.98856E-05
0.0397082 0.134505 0.0515245 9.99297E-05 9.99297E-05 0.0694371 9.99297E-05 9.99297E-05 9.99297E-05 9.99297E-05 9.99297E-05 0.0936245 9.99297E-05 0.610401
9.98857E-05 9.98857E-05 9.98857E-05 9.98857E-05 9.98857E-05 9.98857E-05 9.98857E-05 9.98857E-05 9.98857E-05 9.98857E-05 9.98857E-05 0.998701 9.98857E-05 9.98857E-05
9.98857E-05 9.98857E-05 9.98857E-05 9.98857E-05 9.98857E-05 0.998701 9.98857E-05 9.98857E-05 9.98857E-05 9.98857E-05 9.98857E-05 9.98857E-05 9.98857E-05 9.98857E-05
9.98856E-05 9.98856E-05 9.98856E-05 9.98856E-05 9.98856E-05 9.98856E-05 9.98856E-05 9.98856E-05 9.98856E-05 9.98856E-05 9.98856E-05 0.998701 9.98856E-05 9.98856E-05
9.98857E-05 9.98857E-05 9.98857E-05 9.98857E-05 9.98857E-05 9.98857E-05 9.98857E-05 9.98857E-05 9.98857E-05 9.98857E-05 9.98857E-05 0.998701 9.98857E-05 9.98857E-05
9.98856E-05 9.98856E-05 9.98856E-05 9.98856E-05 9.98856E-05 9.98856E-05 9.98856E-05 9.98856E-05 9.98856E-05 9.98856E-05 9.98856E-05 0.998701 9.98856E-05 9.98856E-05
9.98856E-05 9.98856E-05 9.98856E-05 9.98856E-05 9.98856E-05 0.998701 9.98856E-05 9.98856E-05 9.98856E-05 9.98856E-05 9.98856E-05 9.98856E-05 9.98856E-05 9.98856E-05
9.98857E-05 9.98857E-05 9.98857E-05 9.98857E-05 9.98857E-05 9.98857E-05 9.98857E-05 9.98857E-05 9.98857E-05 9.98857E-05 9.98857E-05 0.998701 9.98857E-05 9.98857E-05
9.98856E-05 9.98856E-05 9.98856E-05 9.98856E-05 9.98856E-05 0.998701 9.98856E-05 9.98856E-05 9.98856E-05 9.98856E-05 9.98856E-05 9.98856E-05 9.98856E-05 9.98856E-05
9.98858E-05 9.98858E-05 9.98858E-05 9.98858E-05 9.98858E-05 9.98858E-05 9.98858E-05 9.98858E-05 9.98858E-05 9.98858E-05 9.98858E-05 0.998701 9.98858E-05 9.98858E-05
9.98856E-05 9.98856E-05 9.98856E-05 9.98856E-05 9.98856E-05 9.98856E-05 9.98856E-05 9.98856E-05 9.98856E-05 9.98856E-05 9.98856E-05 0.998701 9.98856E-05 9.98856E-05
9.98857E-05 9.98857E-05 9.98857E-05 9.98857E-05 9.98857E-05 0.998701 9.98857E-05 9.98857E-05 9.98857E-05 9.98857E-05 9.98857E-05 9.98857E-05 9.98857E-05 9.98857E-05
9.98856E-05 9.98856E-05 9.98856E-05 9.98856E-05 9.98856E-05 0.998701 9.98856E-05 9.98856E-05 9.98856E-05 9.98856E-05 9.98856E-05 9.98856E-05 9.98856E-05 9.98856E-05
9.98857E-05 9.98857E-05 9.98857E-05 9.98857E-05 9.98857E-05 0.998701 9.98857E-05 9.98857E-05 9.98857E-05 9.98857E-05 9.98857E-05 9.98857E-05 9.98857E-05 9.98857E-05
9.98857E-05 9.98857E-05 9.98857E-05 9.98857E-05 9.98857E-05 9.98857E-05 9.98857E-05 9.98857E-05 9.98857E-05 9.98857E-05 9.98857E-05 0.998701 9.98857E-05 9.98857E-05
9.98856E-05 9.98856E-05 9.98856E-05 9.98856E-05 9.98856E-05 9.98856E-05 9.98856E-05 9.98856E-05 9.98856E-05 9.98856E-05 9.98856E-05 0.998701 9.98856E-05 9.98856E-05
9.98857E-05 9.98857E-05 9.98857E-05 9.98857E-05 9.98857E-05 9.98857E-05 9.98857E-05 9.98857E-05 9.98857E-05 9.98857E-05 9.98857E-05 0.998701 9.98857E-05 9.98857E-05
9.98856E-05 9.98856E-05 9.98856E-05 9.98856E-05 9.98856E-05 9.98856E-05 9.98856E-05 9.98856E-05 9.98856E-05 9.98856E-05 9.98856E-05 0.998701 9.98856E-05 9.98856E-05
9.98857E-05 9.98857E-05 9.98857E-05 9.98857E-05 9.98857E-05 9.98857E-05 9.98857E-05 9.98857E-05 9.98857E-05 9.98857E-05 9.98857E-05 0.998701 9.98857E-05 9.98857E-05
9.98857E-05 9.98857E-05 9.98857E-05 9.98857E-05 9.98857E-05 0.998701 9.98857E-05 9.98857E-05 9.98857E-05 9.98857E-05 9.98857E-05 9.98857E-05 9.98857E-05 9.98857E-05
9.98857E-05 9.98857E-05 9.98857E-05 9.98857E-05 9.98857E-05 0.998701 9.98857E-05 9.98857E-05 9.98857E-05 9.98857E-05 9.98857E-05 9.98857E-05 9.98857E-05 9.98857E-05
9.98857E-05 9.98857E-05 9.98857E-05 9.98857E-05 9.98857E-05 0.998701 9.98857E-05 9.98857E-05 9.98857E-05 9.98857E-05 9.98857E-05 9.98857E-05 9.98857E-05 9.98857E-05
9.98857E-05 9.98857E-05 9.98857E-05 9.98857E-05 9.98857E-05 9.98857E-05 9.98857E-05 9.98857E-05 9.98857E-05 9.98857E-05 9.98857E-05 0.998701 9.98857E-05 9.98857E-05
9.98856E-05 9.98856E-05 9.98856E-05 9.98856E-05 9.98856E-05 0.998701 9.98856E-05 9.98856E-05 9.98856E-05 9.98856E-05 9.98856E-05 9.98856E-05 9.98856E-05 9.98856E-05
9.98856E-05 9.98856E-05 9.98856E-05 9.98856E-05 9.98856E-05 0.998701 9.98856E-05 9.98856E-05 9.98856E-05 9.98856E-05 9.98856E-05 9.98856E-05 9.98856E-05 9.98856E-05
9.98856E-05 9.98856E-05 9.98856E-05 9.98856E-05 9.98856E-05 0.998701 9.98856E-05 9.98856E-05 9.98856E-05 9.98856E-05 9.98856E-05 9.98856E-05 9.98856E-05 9.98856E-05
9.98856E-05 9.98856E-05 9.98856E-05 9.98856E-05 9.98856E-05 0.998701 9.98856E-05 9.98856E-05 9.98856E-05 9.98856E-05 9.98856E-05 9.98856E-05 9.98856E-05 9.98856E-05
9.98857E-05 9.98857E-05 9.98857E-05 9.98857E-05 9.98857E-05 9.98857E-05 9.98857E-05 9.98857E-05 9.98857E-05 9.98857E-05 9.98857E-05 0.998701 9.98857E-05 9.98857E-05
9.98856E-05 9.98856E-05 9.98856E-05 9.98856E-05 9.98856E-05 0.998701 9.98856E-05 9.98856E-05 9.98856E-05 9.98856E-05 9.98856E-05 9.98856E-05 9.98856E-05 9.98856E-05
9.98857E-05 9.98857E-05 9.98857E-05 9.98857E-05 9.98857E-05 0.998701 9.98857E-05 9.98857E-05 9.98857E-05 9.98857E-05 9.98857E-05 9.98857E-05 9.98857E-05 9.98857E-05
9.99297E-05 0.164598 0.051152 9.99297E-05 0.00520241 0.0486574 9.99297E-05 9.99297E-05 9.99297E-05 9.99297E-05 9.99297E-05 0.0770002 9.99297E-05 0.652591
9.98857E-05 9.98857E-05 9.98857E-05 9.98857E-05 9.98857E-05 9.98857E-05 9.98857E-05 9.98857E-05 9.98857E-05 9.98857E-05 9.98857E-05 0.998701 9.98857E-05 9.98857E-05
9.98857E-05 9.98857E-05 9.98857E-05 9.98857E-05 9.98857E-05 0.998701 9.98857E-05 9.98857E-05 9.98857E-05 9.98857E-05 9.98857E-05 9.98857E-05 9.98857E-05 9.98857E-05
9.98856E-05 9.98856E-05 9.98856E-05 9.98856E-05 9.98856E-05 0.998701 9.98856E-05 9.98856E-05 9.98856E-05 9.98856E-05 9.98856E-05 9.98856E-05 9.98856E-05 9.98856E-05
9.98858E-05 9.98858E-05 9.98858E-05 9.98858E-05 9.98858E-05 0.998701 9.98858E-05 9.98858E-05 9.98858E-05 9.98858E-05 9.98858E-05 9.98858E-05 9.98858E-05 9.98858E-05
9.98857E-05 9.98857E-05 9.98857E-05 9.98857E-05 9.98857E-05 0.998701 9.98857E-05 9.98857E-05 9.98857E-05 9.98857E-05 9.98857E-05 9.98857E-05 9.98857E-05 9.98857E-05
9.98857E-05 9.98857E-05 9.98857E-05 9.98857E-05 9.98857E-05 9.98857E-05 9.98857E-05 9.98857E-05 9.98857E-05 9.98857E-05 9.98857E-05 0.998701 9.98857E-05 9.98857E-05
9.98857E-05 9.98857E-05 9.98857E-05 9.98857E-05 9.98857E-05 0.998701 9.98857E-05 9.98857E-05 9.98857E-05 9.98857E-05 9.98857E-05 9.98857E-05 9.98857E-05 9.98857E-05
9.98857E-05 9.98857E-05 9.98857E-05 9.98857E-05 9.98857E-05 9.98857E-05 9.98857E-05 9.98857E-05 9.98857E-05 9.98857E-05 9.98857E-05 0.998701 9.98857E-05 9.98857E-05
9.98856E-05 9.98856E-05 9.98856E-05 9.98856E-05 9.98856E-05 0.998701 9.98856E-05 9.98856E-05 9.98856E-05 9.98856E-05 9.98856E-05 9.98856E-05 9.98856E-05 9.98856E-05
9.98857E-05 9.98857E-05 9.98857E-05 9.98857E-05 9.98857E-05 9.98857E-05 9.98857E-05 9.98857E-05 9.98857E-05 9.98857E-05 9.98857E-05 0.998701 9.98857E-05 9.98857E-05
9.98857E-05 9.98857E-05 9.98857E-05 9.98857E-05 9.98857E-05 0.998701 9.98857E-05 9.98857E-05 9.98857E-05 9.98857E-05 9.98857E-05 9.98857E-05 9.98857E-05 9.98857E-05
9.98856E-05 9.98856E-05 9.98856E-05 9.98856E-05 9.98856E-05 0.998701 9.98856E-05 9.98856E-05 9.98856E-05 9.98856E-05 9.98856E-05 9.98856E-05 9.98856E-05 9.98856E-05
9.98856E-05 9.98856E-05 9.98856E-05 9.98856E-05 9.98856E-05 0.998701 9.98856E-05 9.98856E-05 9.98856E-05 9.98856E-05 9.98856E-05 9.98856E-05 9.98856E-05 9.98856E-05
9.98857E-05 9.98857E-05 9.98857E-05 9.98857E-05 9.98857E-05 0.998701 9.98857E-05 9.98857E-05 9.98857E-05 9.98857E-05 9.98857E-05 9.98857E-05 9.98857E-05 9.98857E-05
9.98857E-05 9.98857E-05 9.98857E-05 9.98857E-05 9.98857E-05 0.998701 9.98857E-05 9.98857E-05 9.98857E-05 9.98857E-05 9.98857E-05 9.98857E-05 9.98857E-05 9.98857E-05
9.98857E-05 9.98857E-05 9.98857E-05 9.98857E-05 9.98857E-05 0.998701 9.98857E-05 9.98857E-05 9.98857E-05 9.98857E-05 9.98857E-05 9.98857E-05 9.98857E-05 9.98857E-05
9.98856E-05 9.98856E-05 9.98856E-05 9.98856E-05 9.98856E-05 9.98856E-05 9.98856E-05 9.98856E-05 9.98856E-05 9.98856E-05 9.98856E-05 0.998701 9.98856E-05 9.98856E-05
9.98857E-05 9.98857E-05 9.98857E-05 9.98857E-05 9.98857E-05 9.98857E-05 9.98857E-05 9.98857E-05 9.98857E-05 9.98857E-05 9.98857E-05 0.998701 9.98857E-05 9.98857E-05
9.98857E-05 9.98857E-05 9.98857E-05 9.98857E-05 9.98857E-05 9.98857E-05 9.98857E-05 9.98857E-05 9.98857E-05 9.98857E-05 9.98857E-05 0.998701 9.98857E-05 9.98857E-05
9.98857E-05 9.98857E-05 9.98857E-05 9.98857E-05 9.98857E-05 0.998701 9.98857E-05 9.98857E-05 9.98857E-05 9.98857E-05 9.98857E-05 9.98857E-05 9.98857E-05 9.98857E-05
9.98857E-05 9.98857E-05 9.98857E-05 9.98857E-05 9.98857E-05 9.98857E-05 9.98857E-05 9.98857E-05 9.98857E-05 9.98857E-05 9.98857E-05 0.998701 9.98857E-05 9.98857E-05
9.98857E-05 9.98857E-05 9.98857E-05 9.98857E-05 9.98857E-05 9.98857E-05 9.98857E-05 9.98857E-05 9.98857E-05 9.98857E-05 9.98857E-05 0.998701 9.98857E-05 9.98857E-05
9.98857E-05 9.98857E-05 9.98857E-05 9.98857E-05 9.98857E-05 9.98857E-05 9.98857E-05 9.98857E-05 9.98857E-05 9.98857E-05 9.98857E-05 0.998701 9.98857E-05 9.98857E-05
9.98856E-05 9.98856E-05 9.98856E-05 9.98856E-05 9.98856E-05 0.998701 9.98856E-05 9.98856E-05 9.98856E-05 9.98856E-05 9.98856E-05 9.98856E-05 9.98856E-05 9.98856E-05
9.98857E-05 9.98857E-05 9.98857E-05 9.98857E-05 9.98857E-05 0.998701 9.98857E-05 9.98857E-05 9.98857E-05 9.98857E-05 9.98857E-05 9.98857E-05 9.98857E-05 9.98857E-05
9.98856E-05 9.98856E-05 9.98856E-05 9.98856E-05 9.98856E-05 0.998701 9.98856E-05 9.98856E-05 9.98856E-05 9.98856E-05 9.98856E-05 9.98856E-05 9.98856E-05 9.98856E-05
9.98857E-05 9.98857E-05 9.98857E-05 9.98857E-05 9.98857E-05 9.98857E-05 9.98857E-05 9.98857E-05 9.98857E-05 9.98857E-05 9.98857E-05 0.998701 9.98857E-05 9.98857E-05
9.98857E-05 9.98857E-05 9.98857E-05 9.98857E-05 9.98857E-05 0.998701 9.98857E-05 9.98857E-05 9.98857E-05 9.98857E-05 9.98857E-05 9.98857E-05 9.98857E-05 9.98857E-05
9.98856E-05 9.98856E-05 9.98856E-05 9.98856E-05 9.98856E-05 0.998701 9.98856E-05 9.98856E-05 9.98856E-05 9.98856E-05 9.98856E-05 9.98856E-05 9.98856E-05 9.98856E-05
9.98856E-05 9.98856E-05 9.98856E-05 9.98856E-05 9.98856E-05 9.98856E-05 9.98856E-05 9.98856E-05 9.98856E-05 9.98856E-05 9.98856E-05 0.998701 9.98856E-05 9.98856E-05
9.98858E-05 9.98858E-05 9.98858E-05 9.98858E-05 9.98858E-05 0.998701 9.98858E-05 9.98858E-05 9.98858E-05 9.98858E-05 9.98858E-05 9.98858E-05 9.98858E-05 9.98858E-05
9.98856E-05 9.98856E-05 9.98856E-05 9.98856E-05 9.98856E-05 0.998701 9.98856E-05 9.98856E-05 9.98856E-05 9.98856E-05 9.98856E-05 9.98856E-05 9.98856E-05 9.98856E-05
9.99209E-05 9.99209E-05 9.99209E-05 9.99209E-05 9.99209E-05 0.0496978 0.104655 9.99209E-05 0.114536 9.99209E-05 9.99209E-05 0.239292 9.99209E-05 0.49092
9.98857E-05 9.98857E-05 9.98857E-05 9.98857E-05 9.98857E-05 9.98857E-05 9.98857E-05 9.98857E-05 9.98857E-05 9.98857E-05 9.98857E-05 0.998701 9.98857E-05 9.98857E-05
9.98857E-05 9.98857E-05 9.98857E-05 9.98857E-05 9.98857E-05 0.998701 9.98857E-05 9.98857E-05 9.98857E-05 9.98857E-05 9.98857E-05 9.98857E-05 9.98857E-05 9.98857E-05
9.99123E-05 9.99123E-05 0.0837486 9.99123E-05 9.99123E-05 0.367444 9.99123E-05 9.99123E-05 9.99123E-05 9.99123E-05 9.99123E-05 0.000835314 9.99123E-05 0.546973
9.9921E-05 0.0354984 9.9921E-05 9.9921E-05 0.00459493 0.225016 9.9921E-05 9.9921E-05 9.9921E-05 9.9921E-05 9.9921E-05 0.0940944 9.9921E-05 0.639897
9.99033E-05 9.99033E-05 9.99033E-05 9.99033E-05 9.99033E-05 0.0585481 9.99033E-05 9.99033E-05 9.99033E-05 9.99033E-05 9.99033E-05 0.26928 9.99033E-05 0.671073
9.9912E-05 0.0199228 9.9912E-05 9.9912E-05 9.9912E-05 9.9912E-05 9.9912E-05 9.9912E-05 0.0108715 9.9912E-05 9.9912E-05 0.0652114 9.9912E-05 0.902995
9.99033E-05 9.99033E-05 9.99033E-05 9.99033E-05 9.99033E-05 0.209442 9.99033E-05 9.99033E-05 9.99033E-05 9.99033E-05 9.99033E-05 0.222049 9.99033E-05 0.56741
9.99124E-05 9.99124E-05 9.99124E-05 0.277391 9.99124E-05 0.129508 9.99124E-05 9.99124E-05 9.99124E-05 0.0188787 9.99124E-05 9.99124E-05 9.99124E-05 0.573224
9.9921E-05 0.0408292 9.9921E-05 9.9921E-05 9.9921E-05 0.275537 9.9921E-05 0.0553971 9.9921E-05 9.9921E-05 9.9921E-05 0.139711 9.9921E-05 0.487626
9.99386E-05 9.99386E-05 0.0294856 9.99386E-05 9.99386E-05 0.0777525 0.111937 9.99386E-05 0.017893 0.00263461 9.99386E-05 0.0307061 9.99386E-05 0.728891
9.99123E-05 9.99123E-05 9.99123E-05 0.21998 9.99123E-05 0.186971 9.99123E-05 9.99123E-05 9.99123E-05 9.99123E-05 9.99123E-05 0.0293126 9.99123E-05 0.562738
9.99122E-05 0.00389106 0.0603383 9.99122E-05 9.99122E-05 9.99122E-05 9.99122E-05 9.99122E-05 9.99122E-05 9.99122E-05 9.99122E-05 0.112741 9.99122E-05 0.82203
9.9921E-05 9.9921E-05 9.9921E-05 0.048447 9.9921E-05 0.0338896 0.10571 9.9921E-05 9.9921E-05 9.9921E-05 9.9921E-05 0.204751 9.9921E-05 0.606302
9.98946E-05 9.98946E-05 9.98946E-05 9.98946E-05 9.98946E-05 0.452419 9.98946E-05 9.98946E-05 9.98946E-05 9.98946E-05 9.98946E-05 9.98946E-05 9.98946E-05 0.546382
0.0744132 9.99385E-05 9.99385E-05 9.99385E-05 9.99385E-05 0.215632 9.99385E-05 0.0159072 0.0228073 9.99385E-05 9.99385E-05 0.256905 0.00938693 0.404249
9.98945E-05 9.98945E-05 9.98945E-05 9.98945E-05 9.98945E-05 9.98945E-05 9.98945E-05 9.98945E-05 0.0338316 9.98945E-05 9.98945E-05 9.98945E-05 9.98945E-05 0.96497
9.99121E-05 9.99121E-05 9.99121E-05 9.99121E-05 9.99121E-05 0.107023 0.0152782 9.99121E-05 9.99121E-05 9.99121E-05 9.99121E-05 0.142348 9.99121E-05 0.734352
9.99297E-05 9.99297E-05 9.99297E-05 9.99297E-05 9.99297E-05 0.257869 0.0144967 0.0422621 9.99297E-05 9.99297E-05 9.99297E-05 0.104971 0.0900476 0.489554
9.99299E-05 9.99299E-05 0.093276 0.106412 9.99299E-05 0.153516 9.99299E-05 9.99299E-05 9.99299E-05 9.99299E-05 9.99299E-05 0.00894216 0.00373243 0.633322
0.0134018 9.99385E-05 0.0726604 9.99385E-05 0.0293785 9.99385E-05 0.0115527 9.99385E-05 0.109648 9.99385E-05 9.99385E-05 0.251812 9.99385E-05 0.510847
9.99033E-05 9.99033E-05 9.99033E-05 9.99033E-05 9.99033E-05 9.99033E-05 0.0281831 9.99033E-05 9.99033E-05 9.99033E-05 9.99033E-05 9.99033E-05 0.220281 0.750437
9.99033E-05 9.99033E-05 9.99033E-05 9.99033E-05 9.99033E-05 0.0756608 9.99033E-05 9.99033E-05 9.99033E-05 9.99033E-05 9.99033E-05 0.122226 9.99033E-05 0.801015
9.99209E-05 0.0061339 9.99209E-05 9.99209E-05 9.99209E-05 0.063004 9.99209E-05 9.99209E-05 9.99209E-05 9.99209E-05 9.99209E-05 0.033375 0.0566388 0.839949
9.99035E-05 9.99035E-05 9.99035E-05 9.99035E-05 9.99035E-05 0.16806 9.99035E-05 9.99035E-05 9.99035E-05 9.99035E-05 9.99035E-05 9.99035E-05 0.0208722 0.809969
