0.123879 0.0679736 0.164353 9.98858E-05 9.98858E-05 9.98858E-05 9.98858E-05 0.042072 0.126776 0.0524313 0.360509 9.98858E-05 0.0396972 9.98858E-05 9.98858E-05 9.98858E-05 9.98858E-05 9.98858E-05 9.98858E-05 0.0210095 9.98858E-05 9.98858E-05
9.98421E-05 9.98421E-05 0.061295 9.98421E-05 9.98421E-05 9.98421E-05 9.98421E-05 9.98421E-05 9.98421E-05 0.288126 9.98421E-05 9.98421E-05 0.0803643 9.98421E-05 9.98421E-05 0.568417 9.98421E-05 9.98421E-05 9.98421E-05 9.98421E-05 9.98421E-05 9.98421E-05
0.00210937 9.98509E-05 9.98509E-05 9.98509E-05 9.98509E-05 9.98509E-05 9.98509E-05 9.98509E-05 9.98509E-05 0.607865 0.358451 9.98509E-05 9.98509E-05 9.98509E-05 0.00905723 9.98509E-05 0.0208198 9.98509E-05 9.98509E-05 9.98509E-05 9.98509E-05 9.98509E-05
0.0468193 9.98771E-05 9.98771E-05 0.0370133 0.0200847 0.0280278 9.98771E-05 9.98771E-05 9.98771E-05 9.98771E-05 9.98771E-05 0.052674 9.98771E-05 9.98771E-05 9.98771E-05 0.432676 9.98771E-05 0.17747 9.98771E-05 9.98771E-05 0.203836 9.98771E-05
9.98333E-05 9.98333E-05 9.98333E-05 9.98333E-05 9.98333E-05 9.98333E-05 9.98333E-05 9.98333E-05 9.98333E-05 9.98333E-05 0.00648548 9.98333E-05 0.0126213 9.98333E-05 9.98333E-05 0.978996 9.98333E-05 9.98333E-05 9.98333E-05 9.98333E-05 9.98333E-05 9.98333E-05
9.98684E-05 9.98684E-05 0.144257 9.98684E-05 0.164835 0.138666 9.98684E-05 9.98684E-05 9.98684E-05 9.98684E-05 0.0489844 0.155243 9.98684E-05 9.98684E-05 9.98684E-05 0.295451 0.0510665 9.98684E-05 9.98684E-05 9.98684E-05 9.98684E-05 9.98684E-05
0.0161326 0.109476 0.0824528 9.99035E-05 0.0667652 9.99035E-05 9.99035E-05 0.0391966 0.0448622 9.99035E-05 0.337727 9.99035E-05 0.123416 9.99035E-05 0.108139 9.99035E-05 9.99035E-05 0.0274291 9.99035E-05 9.99035E-05 0.0433033 9.99035E-05
9.98947E-05 0.01113 9.98947E-05 9.98947E-05 0.0494811 0.133561 9.98947E-05 9.98947E-05 0.102373 9.98947E-05 9.98947E-05 9.98947E-05 9.98947E-05 9.98947E-05 0.034468 0.404612 0.047702 0.00347452 0.198282 0.0137173 9.98947E-05 9.98947E-05
0.194264 9.98509E-05 9.98509E-05 9.98509E-05 9.98509E-05 0.223247 9.98509E-05 0.210555 9.98509E-05 9.98509E-05 0.357359 9.98509E-05 0.012877 9.98509E-05 9.98509E-05 9.98509E-05 9.98509E-05 9.98509E-05 9.98509E-05 9.98509E-05 9.98509E-05 9.98509E-05
0.0648276 9.98246E-05 9.98246E-05 9.98246E-05 9.98246E-05 9.98246E-05 9.98246E-05 9.98246E-05 9.98246E-05 9.98246E-05 0.933176 9.98246E-05 9.98246E-05 9.98246E-05 9.98246E-05 9.98246E-05 9.98246E-05 9.98246E-05 9.98246E-05 9.98246E-05 9.98246E-05 9.98246E-05
0.11327 0.191347 9.98421E-05 9.98421E-05 9.98421E-05 0.0259328 9.98421E-05 9.98421E-05 9.98421E-05 9.98421E-05 0.667653 9.98421E-05 9.98421E-05 9.98421E-05 9.98421E-05 9.98421E-05 9.98421E-05 9.98421E-05 9.98421E-05 9.98421E-05 9.98421E-05 9.98421E-05
9.98246E-05 9.98246E-05 9.98246E-05 9.98246E-05 0.0143189 9.98246E-05 9.98246E-05 9.98246E-05 9.98246E-05 0.983685 9.98246E-05 9.98246E-05 9.98246E-05 9.98246E-05 9.98246E-05 9.98246E-05 9.98246E-05 9.98246E-05 9.98246E-05 9.98246E-05 9.98246E-05 9.98246E-05
0.0119514 9.98597E-05 9.98597E-05 9.98597E-05 9.98597E-05 9.98597E-05 9.98597E-05 9.98597E-05 0.0804898 9.98597E-05 0.887515 9.98597E-05 9.98597E-05 0.00243846 9.98597E-05 0.00780734 9.98597E-05 9.98597E-05 0.00819982 9.98597E-05 9.98597E-05 9.98597E-05
0.0151926 0.0514818 9.98685E-05 9.98685E-05 9.98685E-05 9.98685E-05 0.0460479 9.98685E-05 9.98685E-05 9.98685E-05 0.292824 9.98685E-05 9.98685E-05 0.129689 9.98685E-05 0.459525 9.98685E-05 9.98685E-05 9.98685E-05 9.98685E-05 9.98685E-05 0.00374119
0.0974068 9.98947E-05 0.213452 9.98947E-05 0.0525548 0.110796 0.0814553 9.98947E-05 0.0633126 9.98947E-05 0.263619 0.00757527 9.98947E-05 9.98947E-05 9.98947E-05 0.0409949 9.98947E-05 9.98947E-05 9.98947E-05 9.98947E-05 9.98947E-05 0.067635
0.082234 9.9877E-05 0.00901799 9.9877E-05 9.9877E-05 0.171464 9.9877E-05 9.9877E-05 0.0426481 9.9877E-05 9.9877E-05 9.9877E-05 9.9877E-05 9.9877E-05 9.9877E-05 0.500497 9.9877E-05 0.0805475 0.0940436 0.0181492 9.9877E-05 9.9877E-05
0.0345605 9.9851E-05 9.9851E-05 9.9851E-05 9.9851E-05 9.9851E-05 9.9851E-05 9.9851E-05 9.9851E-05 9.9851E-05 9.9851E-05 9.9851E-05 0.0458047 0.163283 9.9851E-05 0.735188 9.9851E-05 0.0194664 9.9851E-05 9.9851E-05 9.9851E-05 9.9851E-05
0.128657 9.98772E-05 0.223275 0.0981597 9.98772E-05 0.0428939 9.98772E-05 9.98772E-05 0.147486 9.98772E-05 0.181076 9.98772E-05 9.98772E-05 9.98772E-05 9.98772E-05 9.98772E-05 9.98772E-05 9.98772E-05 9.98772E-05 0.16369 0.0133635 9.98772E-05
0.166947 9.98595E-05 9.98595E-05 9.98595E-05 0.165849 0.129816 9.98595E-05 9.98595E-05 0.113539 0.15173 0.270521 9.98595E-05 9.98595E-05 9.98595E-05 9.98595E-05 9.98595E-05 9.98595E-05 9.98595E-05 9.98595E-05 9.98595E-05 9.98595E-05 9.98595E-05
9.98158E-05 9.98158E-05 9.98158E-05 9.98158E-05 9.98158E-05 9.98158E-05 9.98158E-05 9.98158E-05 9.98158E-05 9.98158E-05 0.997904 9.98158E-05 9.98158E-05 9.98158E-05 9.98158E-05 9.98158E-05 9.98158E-05 9.98158E-05 9.98158E-05 9.98158E-05 9.98158E-05 9.98158E-05
0.0927649 0.0222929 9.98684E-05 9.98684E-05 9.98684E-05 0.0454682 9.98684E-05 9.98684E-05 9.98684E-05 9.98684E-05 0.366235 9.98684E-05 9.98684E-05 9.98684E-05 9.98684E-05 0.202584 9.98684E-05 9.98684E-05 0.101371 9.98684E-05 0.167787 9.98684E-05
9.98509E-05 9.98509E-05 9.98509E-05 9.98509E-05 0.115184 0.128367 9.98509E-05 9.98509E-05 0.335279 9.98509E-05 0.353219 9.98509E-05 9.98509E-05 9.98509E-05 9.98509E-05 9.98509E-05 0.0662527 9.98509E-05 9.98509E-05 9.98509E-05 9.98509E-05 9.98509E-05
0.0453681 0.0591544 0.117522 9.98597E-05 9.98597E-05 0.00487914 9.98597E-05 9.98597E-05 9.98597E-05 0.768091 9.98597E-05 9.98597E-05 9.98597E-05 9.98597E-05 9.98597E-05 9.98597E-05 9.98597E-05 0.00338732 9.98597E-05 9.98597E-05 9.98597E-05 9.98597E-05
0.163707 9.98595E-05 9.98595E-05 9.98595E-05 9.98595E-05 9.98595E-05 9.98595E-05 0.0882598 0.294717 9.98595E-05 0.380216 9.98595E-05 9.98595E-05 9.98595E-05 9.98595E-05 0.0329249 9.98595E-05 9.98595E-05 0.0385772 9.98595E-05 9.98595E-05 9.98595E-05
0.235059 9.98771E-05 9.98771E-05 0.00530797 9.98771E-05 0.00416385 0.187766 9.98771E-05 0.0100155 9.98771E-05 0.260222 0.248282 9.98771E-05 9.98771E-05 9.98771E-05 0.047785 9.98771E-05 9.98771E-05 9.98771E-05 9.98771E-05 9.98771E-05 9.98771E-05
0.0906142 9.98596E-05 9.98596E-05 9.98596E-05 9.98596E-05 9.98596E-05 9.98596E-05 9.98596E-05 9.98596E-05 9.98596E-05 0.773449 0.0584094 9.98596E-05 9.98596E-05 9.98596E-05 9.98596E-05 0.0226723 0.0445441 9.98596E-05 9.98596E-05 9.98596E-05 0.0087134
0.0739022 9.98595E-05 9.98595E-05 9.98595E-05 9.98595E-05 9.98595E-05 9.98595E-05 9.98595E-05 0.339676 9.98595E-05 0.126193 0.309437 9.98595E-05 9.98595E-05 9.98595E-05 9.98595E-05 9.98595E-05 9.98595E-05 0.0478725 0.101322 9.98595E-05 9.98595E-05
0.0151462 9.98773E-05 9.98773E-05 9.98773E-05 0.0153472 9.98773E-05 0.0377686 9.98773E-05 0.0383267 0.0352442 0.78637 9.98773E-05 0.00490536 9.98773E-05 9.98773E-05 9.98773E-05 9.98773E-05 0.0654934 9.98773E-05 9.98773E-05 9.98773E-05 9.98773E-05
0.161638 9.98422E-05 9.98422E-05 9.98422E-05 9.98422E-05 9.98422E-05 9.98422E-05 9.98422E-05 0.0944946 0.719403 9.98422E-05 0.0226672 9.98422E-05 9.98422E-05 9.98422E-05 9.98422E-05 9.98422E-05 9.98422E-05 9.98422E-05 9.98422E-05 9.98422E-05 9.98422E-05
9.98334E-05 9.98334E-05 9.98334E-05 9.98334E-05 9.98334E-05 0.0747053 9.98334E-05 9.98334E-05 9.98334E-05 0.843266 9.98334E-05 9.98334E-05 9.98334E-05 9.98334E-05 9.98334E-05 9.98334E-05 9.98334E-05 9.98334E-05 9.98334E-05 9.98334E-05 9.98334E-05 0.0801317
0.0431665 0.0852839 0.0406472 9.98684E-05 0.0329189 0.00542515 9.98684E-05 9.98684E-05 9.98684E-05 0.162975 0.628085 9.98684E-05 9.98684E-05 9.98684E-05 9.98684E-05 9.98684E-05 9.98684E-05 9.98684E-05 9.98684E-05 9.98684E-05 9.98684E-05 9.98684E-05
0.0753483 0.0415525 9.9886E-05 9.9886E-05 9.9886E-05 9.9886E-05 9.9886E-05 9.9886E-05 0.0128363 9.9886E-05 0.170657 0.0371446 9.9886E-05 0.0741821 9.9886E-05 0.536249 9.9886E-05 0.034246 9.9886E-05 9.9886E-05 0.0164858 9.9886E-05
0.0797546 0.0834789 0.039788 9.98771E-05 9.98771E-05 9.98771E-05 9.98771E-05 9.98771E-05 0.0788073 9.98771E-05 0.525578 0.0362031 9.98771E-05 9.98771E-05 9.98771E-05 0.110053 9.98771E-05 9.98771E-05 0.0449393 9.98771E-05 9.98771E-05 9.98771E-05
0.0560372 9.98771E-05 9.98771E-05 9.98771E-05 9.98771E-05 9.98771E-05 9.98771E-05 9.98771E-05 0.135943 0.65297 9.98771E-05 0.131574 9.98771E-05 9.98771E-05 0.00145993 9.98771E-05 0.00137192 9.98771E-05 0.00035246 0.0188929 9.98771E-05 9.98771E-05
9.98246E-05 0.00392898 9.98246E-05 9.98246E-05 9.98246E-05 9.98246E-05 9.98246E-05 9.98246E-05 9.98246E-05 0.994075 9.98246E-05 9.98246E-05 9.98246E-05 9.98246E-05 9.98246E-05 9.98246E-05 9.98246E-05 9.98246E-05 9.98246E-05 9.98246E-05 9.98246E-05 9.98246E-05
0.0325773 0.00426513 9.9851E-05 9.9851E-05 9.9851E-05 0.0483903 9.9851E-05 9.9851E-05 9.9851E-05 9.9851E-05 0.813004 9.9851E-05 9.9851E-05 9.9851E-05 9.9851E-05 9.9851E-05 9.9851E-05 0.100066 9.9851E-05 9.9851E-05 9.9851E-05 9.9851E-05
9.98598E-05 0.0294793 9.98598E-05 9.98598E-05 0.054667 9.98598E-05 9.98598E-05 9.98598E-05 9.98598E-05 0.113849 0.779776 9.98598E-05 0.0108801 9.98598E-05 0.00975121 9.98598E-05 9.98598E-05 9.98598E-05 9.98598E-05 9.98598E-05 9.98598E-05 9.98598E-05
0.0117273 9.98422E-05 9.98422E-05 0.0104167 9.98422E-05 0.134814 9.98422E-05 9.98422E-05 9.98422E-05 0.841245 9.98422E-05 9.98422E-05 9.98422E-05 9.98422E-05 9.98422E-05 9.98422E-05 9.98422E-05 9.98422E-05 9.98422E-05 9.98422E-05 9.98422E-05 9.98422E-05
0.0939284 0.0058014 9.98685E-05 9.98685E-05 0.0130093 9.98685E-05 9.98685E-05 9.98685E-05 9.98685E-05 0.731449 9.98685E-05 9.98685E-05 0.025071 9.98685E-05 9.98685E-05 9.98685E-05 0.0958 9.98685E-05 9.98685E-05 9.98685E-05 9.98685E-05 0.0334425
0.0960549 9.98419E-05 9.98419E-05 9.98419E-05 9.98419E-05 9.98419E-05 9.98419E-05 9.98419E-05 9.98419E-05 9.98419E-05 9.98419E-05 0.0269892 9.98419E-05 9.98419E-05 9.98419E-05 0.835347 9.98419E-05 9.98419E-05 0.039812 9.98419E-05 9.98419E-05 9.98419E-05
0.00619696 0.00413686 9.98508E-05 9.98508E-05 0.00650453 9.98508E-05 9.98508E-05 9.98508E-05 0.00513694 9.98508E-05 0.976327 9.98508E-05 9.98508E-05 9.98508E-05 9.98508E-05 9.98508E-05 9.98508E-05 9.98508E-05 9.98508E-05 9.98508E-05 9.98508E-05 9.98508E-05
0.0209967 9.98422E-05 9.98422E-05 9.98422E-05 9.98422E-05 9.98422E-05 9.98422E-05 9.98422E-05 0.328349 0.39886 0.249997 9.98422E-05 9.98422E-05 9.98422E-05 9.98422E-05 9.98422E-05 9.98422E-05 9.98422E-05 9.98422E-05 9.98422E-05 9.98422E-05 9.98422E-05
9.98246E-05 9.98246E-05 9.98246E-05 9.98246E-05 9.98246E-05 9.98246E-05 9.98246E-05 9.98246E-05 9.98246E-05 9.98246E-05 0.795038 9.98246E-05 9.98246E-05 9.98246E-05 9.98246E-05 9.98246E-05 9.98246E-05 9.98246E-05 9.98246E-05 9.98246E-05 9.98246E-05 0.202965
0.181017 0.0308747 0.0859256 9.98682E-05 9.98682E-05 0.0543316 9.98682E-05 0.0344676 0.109677 0.502209 9.98682E-05 9.98682E-05 9.98682E-05 9.98682E-05 9.98682E-05 9.98682E-05 9.98682E-05 9.98682E-05 9.98682E-05 9.98682E-05 9.98682E-05 9.98682E-05
0.161863 9.98772E-05 9.98772E-05 9.98772E-05 0.0689505 9.98772E-05 9.98772E-05 9.98772E-05 0.409516 0.116114 0.0744748 9.98772E-05 9.98772E-05 9.98772E-05 9.98772E-05 0.0414688 0.069963 0.0562518 9.98772E-05 9.98772E-05 9.98772E-05 9.98772E-05
9.98333E-05 9.98333E-05 9.98333E-05 0.0550966 9.98333E-05 9.98333E-05 9.98333E-05 9.98333E-05 9.98333E-05 9.98333E-05 0.939876 9.98333E-05 9.98333E-05 9.98333E-05 9.98333E-05 9.98333E-05 9.98333E-05 9.98333E-05 9.98333E-05 9.98333E-05 0.00313008 9.98333E-05
9.98246E-05 9.98246E-05 9.98246E-05 9.98246E-05 9.98246E-05 9.98246E-05 9.98246E-05 9.98246E-05 9.98246E-05 9.98246E-05 0.373359 9.98246E-05 9.98246E-05 9.98246E-05 9.98246E-05 0.624645 9.98246E-05 9.98246E-05 9.98246E-05 9.98246E-05 9.98246E-05 9.98246E-05
9.98158E-05 9.98158E-05 9.98158E-05 9.98158E-05 9.98158E-05 9.98158E-05 9.98158E-05 9.98158E-05 9.98158E-05 0.997904 9.98158E-05 9.98158E-05 9.98158E-05 9.98158E-05 9.98158E-05 9.98158E-05 9.98158E-05 9.98158E-05 9.98158E-05 9.98158E-05 9.98158E-05 9.98158E-05
0.0729496 0.0815363 9.98596E-05 9.98596E-05 9.98596E-05 9.98596E-05 9.98596E-05 9.98596E-05 0.0507155 0.0321962 9.98596E-05 9.98596E-05 9.98596E-05 9.98596E-05 9.98596E-05 0.739718 9.98596E-05 0.0212866 9.98596E-05 9.98596E-05 9.98596E-05 9.98596E-05
9.98247E-05 9.98247E-05 9.98247E-05 9.98247E-05 9.98247E-05 9.98247E-05 9.98247E-05 9.98247E-05 9.98247E-05 9.98247E-05 9.98247E-05 9.98247E-05 9.98247E-05 9.98247E-05 0.0162268 0.981777 9.98247E-05 9.98247E-05 9.98247E-05 9.98247E-05 9.98247E-05 9.98247E-05
0.13045 0.116559 9.98772E-05 9.98772E-05 0.010893 0.0346517 9.98772E-05 9.98772E-05 0.122669 0.273525 9.98772E-05 0.248601 9.98772E-05 9.98772E-05 9.98772E-05 0.0612539 9.98772E-05 9.98772E-05 9.98772E-05 9.98772E-05 9.98772E-05 9.98772E-05
9.98509E-05 9.98509E-05 9.98509E-05 9.98509E-05 9.98509E-05 9.98509E-05 9.98509E-05 0.0364494 0.0931708 9.98509E-05 0.726484 9.98509E-05 9.98509E-05 9.98509E-05 9.98509E-05 9.98509E-05 0.0346621 9.98509E-05 0.107536 9.98509E-05 9.98509E-05 9.98509E-05
9.98334E-05 9.98334E-05 9.98334E-05 9.98334E-05 9.98334E-05 9.98334E-05 9.98334E-05 9.98334E-05 9.98334E-05 0.253572 0.716089 9.98334E-05 9.98334E-05 9.98334E-05 9.98334E-05 9.98334E-05 9.98334E-05 9.98334E-05 9.98334E-05 0.0284421 9.98334E-05 9.98334E-05
0.0556454 9.98508E-05 9.98508E-05 0.00343664 9.98508E-05 9.98508E-05 0.0209417 9.98508E-05 9.98508E-05 9.98508E-05 9.98508E-05 9.98508E-05 9.98508E-05 9.98508E-05 9.98508E-05 0.836515 9.98508E-05 9.98508E-05 0.0817639 9.98508E-05 9.98508E-05 9.98508E-05
0.0395704 9.98334E-05 9.98334E-05 9.98334E-05 9.98334E-05 9.98334E-05 0.149969 9.98334E-05 9.98334E-05 0.808564 9.98334E-05 9.98334E-05 9.98334E-05 9.98334E-05 9.98334E-05 9.98334E-05 9.98334E-05 9.98334E-05 9.98334E-05 9.98334E-05 9.98334E-05 9.98334E-05
9.98686E-05 0.0545215 0.0259433 0.0385311 9.98686E-05 9.98686E-05 9.98686E-05 9.98686E-05 9.98686E-05 0.0227548 0.23945 0.0416525 9.98686E-05 9.98686E-05 9.98686E-05 0.575649 9.98686E-05 9.98686E-05 9.98686E-05 9.98686E-05 9.98686E-05 9.98686E-05
9.98333E-05 9.98333E-05 9.98333E-05 9.98333E-05 0.0572129 9.98333E-05 9.98333E-05 9.98333E-05 9.98333E-05 9.98333E-05 0.888465 9.98333E-05 9.98333E-05 9.98333E-05 9.98333E-05 9.98333E-05 9.98333E-05 9.98333E-05 9.98333E-05 0.0524254 9.98333E-05 9.98333E-05
0.0336615 0.057272 9.98422E-05 9.98422E-05 9.98422E-05 9.98422E-05 9.98422E-05 9.98422E-05 9.98422E-05 9.98422E-05 0.864055 9.98422E-05 9.98422E-05 9.98422E-05 9.98422E-05 9.98422E-05 9.98422E-05 0.0432145 9.98422E-05 9.98422E-05 9.98422E-05 9.98422E-05
9.98684E-05 0.0205664 9.98684E-05 9.98684E-05 9.98684E-05 9.98684E-05 9.98684E-05 9.98684E-05 9.98684E-05 0.48681 0.452029 9.98684E-05 0.0142929 9.98684E-05 0.0157295 0.00203455 9.98684E-05 0.00703931 9.98684E-05 9.98684E-05 9.98684E-05 9.98684E-05
0.157771 0.0304624 0.667884 9.9877E-05 9.9877E-05 0.0624644 9.9877E-05 9.9877E-05 0.0188002 9.9877E-05 9.9877E-05 0.0224008 0.0147964 9.9877E-05 9.9877E-05 9.9877E-05 9.9877E-05 9.9877E-05 9.9877E-05 0.0240223 9.9877E-05 9.9877E-05
9.98423E-05 9.98423E-05 0.840428 9.98423E-05 0.0262059 9.98423E-05 0.062645 9.98423E-05 0.0689234 9.98423E-05 9.98423E-05 9.98423E-05 9.98423E-05 9.98423E-05 9.98423E-05 9.98423E-05 9.98423E-05 9.98423E-05 9.98423E-05 9.98423E-05 9.98423E-05 9.98423E-05
9.98333E-05 0.00413652 0.991764 9.98333E-05 9.98333E-05 9.98333E-05 9.98333E-05 9.98333E-05 9.98333E-05 9.98333E-05 9.98333E-05 9.98333E-05 9.98333E-05 9.98333E-05 9.98333E-05 9.98333E-05 9.98333E-05 9.98333E-05 9.98333E-05 0.0022024 9.98333E-05 9.98333E-05
0.0533196 9.98596E-05 0.335349 9.98596E-05 9.98596E-05 0.0818648 9.98596E-05 9.98596E-05 9.98596E-05 9.98596E-05 9.98596E-05 0.230685 0.247887 9.98596E-05 0.0492964 9.98596E-05 9.98596E-05 9.98596E-05 9.98596E-05 9.98596E-05 9.98596E-05 9.98596E-05
9.98945E-05 0.0301284 0.499236 0.029602 0.0988585 0.129319 9.98945E-05 9.98945E-05 0.0667582 9.98945E-05 9.98945E-05 9.98945E-05 9.98945E-05 9.98945E-05 0.0315261 9.98945E-05 0.0798847 9.98945E-05 0.0306296 0.00285896 9.98945E-05 9.98945E-05
0.16986 0.0617591 0.612237 9.98593E-05 9.98593E-05 0.0702691 9.98593E-05 9.98593E-05 0.0679822 9.98593E-05 9.98593E-05 9.98593E-05 0.0162941 9.98593E-05 9.98593E-05 9.98593E-05 9.98593E-05 9.98593E-05 9.98593E-05 9.98593E-05 9.98593E-05 9.98593E-05
0.0955181 0.0356211 0.56661 9.98506E-05 9.98506E-05 9.98506E-05 9.98506E-05 9.98506E-05 9.98506E-05 9.98506E-05 9.98506E-05 9.98506E-05 0.247088 9.98506E-05 9.98506E-05 9.98506E-05 9.98506E-05 0.0534653 9.98506E-05 9.98506E-05 9.98506E-05 9.98506E-05
0.0592652 0.0146295 0.513176 9.98858E-05 0.0292991 0.0512645 9.98858E-05 9.98858E-05 9.98858E-05 9.98858E-05 9.98858E-05 0.0344742 0.136188 9.98858E-05 0.0267476 9.98858E-05 9.98858E-05 9.98858E-05 9.98858E-05 0.133658 9.98858E-05 9.98858E-05
9.98334E-05 9.98334E-05 0.960159 9.98334E-05 9.98334E-05 9.98334E-05 9.98334E-05 0.00891808 9.98334E-05 9.98334E-05 9.98334E-05 9.98334E-05 0.0290264 9.98334E-05 9.98334E-05 9.98334E-05 9.98334E-05 9.98334E-05 9.98334E-05 9.98334E-05 9.98334E-05 9.98334E-05
0.0010195 0.0678482 0.898479 9.98421E-05 9.98421E-05 9.98421E-05 9.98421E-05 9.98421E-05 9.98421E-05 9.98421E-05 9.98421E-05 9.98421E-05 9.98421E-05 9.98421E-05 9.98421E-05 9.98421E-05 9.98421E-05 0.0308561 9.98421E-05 9.98421E-05 9.98421E-05 9.98421E-05
0.365833 0.156814 0.322088 9.98506E-05 0.0485215 0.105046 9.98506E-05 9.98506E-05 9.98506E-05 9.98506E-05 9.98506E-05 9.98506E-05 9.98506E-05 9.98506E-05 9.98506E-05 9.98506E-05 9.98506E-05 9.98506E-05 9.98506E-05 9.98506E-05 9.98506E-05 9.98506E-05
0.0999589 0.0673881 0.264966 9.98945E-05 0.0299676 9.98945E-05 0.113738 9.98945E-05 0.206615 9.98945E-05 9.98945E-05 9.98945E-05 0.129079 9.98945E-05 0.0453807 9.98945E-05 9.98945E-05 0.0152223 0.0264852 9.98945E-05 9.98945E-05 9.98945E-05
9.98769E-05 0.16141 0.472901 9.98769E-05 0.0737081 0.13786 9.98769E-05 9.98769E-05 9.98769E-05 9.98769E-05 9.98769E-05 0.0805894 0.0120515 9.98769E-05 9.98769E-05 9.98769E-05 9.98769E-05 9.98769E-05 0.0471357 9.98769E-05 0.012945 9.98769E-05
0.209587 9.98506E-05 0.503852 9.98506E-05 0.0405376 9.98506E-05 9.98506E-05 9.98506E-05 0.183129 9.98506E-05 9.98506E-05 9.98506E-05 0.0611962 9.98506E-05 9.98506E-05 9.98506E-05 9.98506E-05 9.98506E-05 9.98506E-05 9.98506E-05 9.98506E-05 9.98506E-05
9.98336E-05 9.98336E-05 0.9551 9.98336E-05 9.98336E-05 9.98336E-05 9.98336E-05 0.000168126 9.98336E-05 9.98336E-05 9.98336E-05 9.98336E-05 9.98336E-05 9.98336E-05 9.98336E-05 9.98336E-05 9.98336E-05 9.98336E-05 0.0428353 9.98336E-05 9.98336E-05 9.98336E-05
9.9842E-05 0.00718911 0.923959 9.9842E-05 9.9842E-05 0.0369533 9.9842E-05 9.9842E-05 9.9842E-05 9.9842E-05 9.9842E-05 9.9842E-05 9.9842E-05 9.9842E-05 9.9842E-05 9.9842E-05 9.9842E-05 0.0301015 9.9842E-05 9.9842E-05 9.9842E-05 9.9842E-05
0.106905 9.98593E-05 0.618863 9.98593E-05 0.0740451 9.98593E-05 9.98593E-05 0.105686 9.98593E-05 9.98593E-05 9.98593E-05 0.0697685 9.98593E-05 9.98593E-05 0.0231345 9.98593E-05 9.98593E-05 9.98593E-05 9.98593E-05 9.98593E-05 9.98593E-05 9.98593E-05
9.98595E-05 0.105113 0.60449 9.98595E-05 0.0582071 0.0123002 9.98595E-05 9.98595E-05 0.10641 9.98595E-05 9.98595E-05 9.98595E-05 9.98595E-05 9.98595E-05 9.98595E-05 9.98595E-05 9.98595E-05 0.111883 9.98595E-05 9.98595E-05 9.98595E-05 9.98595E-05
0.0450158 0.0135841 0.837178 9.98507E-05 0.0368427 9.98507E-05 9.98507E-05 9.98507E-05 9.98507E-05 9.98507E-05 9.98507E-05 9.98507E-05 9.98507E-05 9.98507E-05 9.98507E-05 9.98507E-05 9.98507E-05 9.98507E-05 9.98507E-05 0.0656817 9.98507E-05 9.98507E-05
0.263916 0.00064356 0.578984 9.98418E-05 9.98418E-05 9.98418E-05 9.98418E-05 9.98418E-05 9.98418E-05 9.98418E-05 9.98418E-05 9.98418E-05 9.98418E-05 9.98418E-05 9.98418E-05 9.98418E-05 9.98418E-05 9.98418E-05 0.154659 9.98418E-05 9.98418E-05 9.98418E-05
9.98337E-05 9.98337E-05 0.954995 9.98337E-05 9.98337E-05 9.98337E-05 9.98337E-05 9.98337E-05 9.98337E-05 9.98337E-05 9.98337E-05 9.98337E-05 9.98337E-05 9.98337E-05 0.0121504 9.98337E-05 9.98337E-05 9.98337E-05 9.98337E-05 9.98337E-05 9.98337E-05 0.0309582
0.04615 9.98769E-05 0.415751 9.98769E-05 0.0721893 9.98769E-05 9.98769E-05 9.98769E-05 0.336194 9.98769E-05 9.98769E-05 0.0644948 0.027666 9.98769E-05 0.0112868 9.98769E-05 9.98769E-05 0.0248703 9.98769E-05 9.98769E-05 9.98769E-05 9.98769E-05
0.0554799 9.98508E-05 0.671962 9.98508E-05 9.98508E-05 9.98508E-05 0.0344954 9.98508E-05 0.0520016 9.98508E-05 9.98508E-05 0.184364 9.98508E-05 9.98508E-05 9.98508E-05 9.98508E-05 9.98508E-05 9.98508E-05 9.98508E-05 9.98508E-05 9.98508E-05 9.98508E-05
0.0226913 9.98771E-05 0.627343 9.98771E-05 0.168293 0.0595292 9.98771E-05 0.00249064 9.98771E-05 9.98771E-05 9.98771E-05 9.98771E-05 9.98771E-05 9.98771E-05 0.073099 9.98771E-05 9.98771E-05 9.98771E-05 9.98771E-05 0.0339448 0.0112104 9.98771E-05
9.98506E-05 0.193024 0.734666 0.00969189 9.98506E-05 9.98506E-05 9.98506E-05 9.98506E-05 9.98506E-05 9.98506E-05 9.98506E-05 0.055167 9.98506E-05 9.98506E-05 9.98506E-05 9.98506E-05 9.98506E-05 0.00575412 9.98506E-05 9.98506E-05 9.98506E-05 9.98506E-05
0.0462265 9.98336E-05 0.903167 9.98336E-05 9.98336E-05 0.0487097 9.98336E-05 9.98336E-05 9.98336E-05 9.98336E-05 9.98336E-05 9.98336E-05 9.98336E-05 9.98336E-05 9.98336E-05 9.98336E-05 9.98336E-05 9.98336E-05 9.98336E-05 9.98336E-05 9.98336E-05 9.98336E-05
9.98334E-05 9.98334E-05 0.993535 9.98334E-05 9.98334E-05 9.98334E-05 9.98334E-05 9.98334E-05 9.98334E-05 9.98334E-05 9.98334E-05 9.98334E-05 9.98334E-05 9.98334E-05 0.000562495 9.98334E-05 9.98334E-05 9.98334E-05 9.98334E-05 0.00400608 9.98334E-05 9.98334E-05
9.98159E-05 9.98159E-05 0.997904 9.98159E-05 9.98159E-05 9.98159E-05 9.98159E-05 9.98159E-05 9.98159E-05 9.98159E-05 9.98159E-05 9.98159E-05 9.98159E-05 9.98159E-05 9.98159E-05 9.98159E-05 9.98159E-05 9.98159E-05 9.98159E-05 9.98159E-05 9.98159E-05 9.98159E-05
0.031268 9.98421E-05 0.830563 9.98421E-05 9.98421E-05 0.0155058 9.98421E-05 9.98421E-05 9.98421E-05 9.98421E-05 9.98421E-05 9.98421E-05 9.98421E-05 9.98421E-05 9.98421E-05 9.98421E-05 9.98421E-05 9.98421E-05 9.98421E-05 0.120866 9.98421E-05 9.98421E-05
0.109172 9.98511E-05 0.684901 9.98511E-05 9.98511E-05 0.129235 9.98511E-05 9.98511E-05 9.98511E-05 9.98511E-05 9.98511E-05 9.98511E-05 9.98511E-05 0.01295 9.98511E-05 9.98511E-05 9.98511E-05 9.98511E-05 9.98511E-05 9.98511E-05 9.98511E-05 0.0620443
0.0899276 9.98334E-05 9.98334E-05 9.98334E-05 9.98334E-05 0.088972 9.98334E-05 9.98334E-05 9.98334E-05 9.98334E-05 9.98334E-05 0.819204 9.98334E-05 9.98334E-05 9.98334E-05 9.98334E-05 9.98334E-05 9.98334E-05 9.98334E-05 9.98334E-05 9.98334E-05 9.98334E-05
9.98335E-05 9.98335E-05 9.98335E-05 9.98335E-05 9.98335E-05 0.0819338 9.98335E-05 9.98335E-05 9.98335E-05 9.98335E-05 9.98335E-05 0.336934 9.98335E-05 9.98335E-05 9.98335E-05 9.98335E-05 9.98335E-05 9.98335E-05 9.98335E-05 9.98335E-05 9.98335E-05 0.579236
0.0347355 9.9842E-05 9.9842E-05 9.9842E-05 9.9842E-05 9.9842E-05 9.9842E-05 9.9842E-05 9.9842E-05 9.9842E-05 9.9842E-05 0.949701 9.9842E-05 9.9842E-05 9.9842E-05 9.9842E-05 0.0128675 9.9842E-05 9.9842E-05 0.000898849 9.9842E-05 9.9842E-05
0.174474 0.0104613 9.98507E-05 9.98507E-05 9.98507E-05 9.98507E-05 9.98507E-05 9.98507E-05 9.98507E-05 9.98507E-05 9.98507E-05 0.804609 9.98507E-05 9.98507E-05 9.98507E-05 9.98507E-05 0.00823446 9.98507E-05 9.98507E-05 0.000523843 9.98507E-05 9.98507E-05
9.98419E-05 9.98419E-05 9.98419E-05 9.98419E-05 9.98419E-05 0.0907899 9.98419E-05 0.00498261 9.98419E-05 9.98419E-05 9.98419E-05 0.874402 9.98419E-05 9.98419E-05 9.98419E-05 9.98419E-05 0.028028 9.98419E-05 9.98419E-05 9.98419E-05 9.98419E-05 9.98419E-05
0.0992645 9.98596E-05 9.98596E-05 9.98596E-05 9.98596E-05 0.130924 9.98596E-05 9.98596E-05 9.98596E-05 9.98596E-05 9.98596E-05 0.567148 0.0941258 9.98596E-05 9.98596E-05 9.98596E-05 9.98596E-05 0.0858281 9.98596E-05 9.98596E-05 9.98596E-05 0.021112
0.078604 0.0277292 9.98684E-05 9.98684E-05 9.98684E-05 0.092673 9.98684E-05 9.98684E-05 9.98684E-05 9.98684E-05 9.98684E-05 0.567444 9.98684E-05 0.145761 9.98684E-05 9.98684E-05 0.0595191 9.98684E-05 9.98684E-05 0.0267722 9.98684E-05 9.98684E-05
9.98246E-05 9.98246E-05 9.98246E-05 9.98246E-05 9.98246E-05 0.178962 9.98246E-05 9.98246E-05 9.98246E-05 9.98246E-05 9.98246E-05 0.819042 9.98246E-05 9.98246E-05 9.98246E-05 9.98246E-05 9.98246E-05 9.98246E-05 9.98246E-05 9.98246E-05 9.98246E-05 9.98246E-05
9.98507E-05 0.0213495 9.98507E-05 9.98507E-05 9.98507E-05 0.261103 9.98507E-05 9.98507E-05 0.0643827 9.98507E-05 9.98507E-05 0.419294 0.232173 9.98507E-05 9.98507E-05 9.98507E-05 9.98507E-05 9.98507E-05 9.98507E-05 9.98507E-05 9.98507E-05 9.98507E-05
0.243381 9.98508E-05 9.98508E-05 9.98508E-05 9.98508E-05 0.213195 0.00265518 9.98508E-05 9.98508E-05 9.98508E-05 9.98508E-05 0.472483 9.98508E-05 9.98508E-05 9.98508E-05 9.98508E-05 9.98508E-05 0.0665887 9.98508E-05 9.98508E-05 9.98508E-05 9.98508E-05
9.98509E-05 0.024605 9.98509E-05 9.98509E-05 9.98509E-05 0.00983544 9.98509E-05 9.98509E-05 9.98509E-05 9.98509E-05 9.98509E-05 0.266386 0.319137 0.378338 9.98509E-05 9.98509E-05 9.98509E-05 9.98509E-05 9.98509E-05 9.98509E-05 9.98509E-05 9.98509E-05
0.0333466 9.98421E-05 9.98421E-05 9.98421E-05 9.98421E-05 9.98421E-05 9.98421E-05 9.98421E-05 9.98421E-05 9.98421E-05 9.98421E-05 0.706051 0.109834 0.148971 9.98421E-05 9.98421E-05 9.98421E-05 9.98421E-05 9.98421E-05 9.98421E-05 9.98421E-05 9.98421E-05
9.98596E-05 9.98596E-05 9.98596E-05 9.98596E-05 9.98596E-05 0.0884004 9.98596E-05 9.98596E-05 9.98596E-05 9.98596E-05 9.98596E-05 0.637256 9.98596E-05 0.200898 9.98596E-05 9.98596E-05 0.028209 0.0199113 9.98596E-05 0.0237276 9.98596E-05 9.98596E-05
0.194771 9.98421E-05 9.98421E-05 9.98421E-05 9.98421E-05 0.127875 9.98421E-05 9.98421E-05 9.98421E-05 9.98421E-05 9.98421E-05 0.432441 9.98421E-05 0.243116 9.98421E-05 9.98421E-05 9.98421E-05 9.98421E-05 9.98421E-05 9.98421E-05 9.98421E-05 9.98421E-05
9.98684E-05 9.98684E-05 9.98684E-05 9.98684E-05 9.98684E-05 0.0814983 9.98684E-05 9.98684E-05 9.98684E-05 9.98684E-05 9.98684E-05 0.653983 9.98684E-05 0.0733279 9.98684E-05 9.98684E-05 0.00727894 9.98684E-05 0.026074 0.134687 9.98684E-05 0.0216525
0.151401 9.98597E-05 9.98597E-05 9.98597E-05 9.98597E-05 0.0531763 9.98597E-05 9.98597E-05 9.98597E-05 9.98597E-05 9.98597E-05 0.636691 0.0201842 9.98597E-05 9.98597E-05 9.98597E-05 9.98597E-05 0.0732502 9.98597E-05 9.98597E-05 9.98597E-05 0.0636994
0.0907427 9.98596E-05 9.98596E-05 0.0115133 9.98596E-05 0.00499428 9.98596E-05 9.98596E-05 9.98596E-05 9.98596E-05 9.98596E-05 0.594517 0.22284 9.98596E-05 9.98596E-05 9.98596E-05 9.98596E-05 9.98596E-05 9.98596E-05 9.98596E-05 9.98596E-05 0.0737954
9.98597E-05 9.98597E-05 9.98597E-05 9.98597E-05 9.98597E-05 0.166728 9.98597E-05 9.98597E-05 0.0155368 9.98597E-05 9.98597E-05 0.656313 9.98597E-05 9.98597E-05 9.98597E-05 0.0490805 0.0711136 9.98597E-05 9.98597E-05 9.98597E-05 9.98597E-05 0.0396303
9.98334E-05 9.98334E-05 9.98334E-05 9.98334E-05 9.98334E-05 0.0768984 9.98334E-05 9.98334E-05 9.98334E-05 9.98334E-05 9.98334E-05 0.90383 0.0173748 9.98334E-05 9.98334E-05 9.98334E-05 9.98334E-05 9.98334E-05 9.98334E-05 9.98334E-05 9.98334E-05 9.98334E-05
0.0356789 0.014299 9.98597E-05 0.117554 9.98597E-05 0.142672 9.98597E-05 9.98597E-05 9.98597E-05 9.98597E-05 9.98597E-05 0.304646 9.98597E-05 9.98597E-05 9.98597E-05 9.98597E-05 9.98597E-05 9.98597E-05 9.98597E-05 9.98597E-05 9.98597E-05 0.383551
0.059743 9.98509E-05 9.98509E-05 9.98509E-05 9.98509E-05 0.0111385 9.98509E-05 9.98509E-05 9.98509E-05 9.98509E-05 9.98509E-05 0.802869 0.120291 9.98509E-05 9.98509E-05 9.98509E-05 0.00426116 9.98509E-05 9.98509E-05 9.98509E-05 9.98509E-05 9.98509E-05
9.98245E-05 9.98245E-05 9.98245E-05 9.98245E-05 9.98245E-05 0.0337865 9.98245E-05 9.98245E-05 9.98245E-05 9.98245E-05 9.98245E-05 0.964217 9.98245E-05 9.98245E-05 9.98245E-05 9.98245E-05 9.98245E-05 9.98245E-05 9.98245E-05 9.98245E-05 9.98245E-05 9.98245E-05
0.222573 9.9842E-05 9.9842E-05 9.9842E-05 0.0212861 0.297535 9.9842E-05 9.9842E-05 9.9842E-05 9.9842E-05 9.9842E-05 0.456808 9.9842E-05 9.9842E-05 9.9842E-05 9.9842E-05 9.9842E-05 9.9842E-05 9.9842E-05 9.9842E-05 9.9842E-05 9.9842E-05
0.0382648 9.98509E-05 9.98509E-05 9.98509E-05 9.98509E-05 0.0660548 9.98509E-05 9.98509E-05 9.98509E-05 9.98509E-05 9.98509E-05 0.680348 9.98509E-05 0.17814 9.98509E-05 9.98509E-05 0.0354943 9.98509E-05 9.98509E-05 9.98509E-05 9.98509E-05 9.98509E-05
0.202028 9.98596E-05 9.98596E-05 0.0165712 9.98596E-05 0.220051 9.98596E-05 9.98596E-05 9.98596E-05 9.98596E-05 9.98596E-05 0.502103 0.0302162 9.98596E-05 9.98596E-05 9.98596E-05 9.98596E-05 9.98596E-05 0.0274335 9.98596E-05 9.98596E-05 9.98596E-05
0.149456 9.98771E-05 0.0103953 9.98771E-05 9.98771E-05 0.133389 9.98771E-05 9.98771E-05 0.00199858 9.98771E-05 9.98771E-05 0.0925821 0.0330056 0.570938 9.98771E-05 9.98771E-05 9.98771E-05 9.98771E-05 0.00683705 9.98771E-05 9.98771E-05 9.98771E-05
0.0510298 9.9842E-05 9.9842E-05 9.9842E-05 9.9842E-05 9.9842E-05 9.9842E-05 0.0828065 9.9842E-05 9.9842E-05 9.9842E-05 9.9842E-05 9.9842E-05 9.9842E-05 9.9842E-05 9.9842E-05 0.07586 9.9842E-05 9.9842E-05 9.9842E-05 9.9842E-05 0.788507
0.0565337 9.98418E-05 9.98418E-05 9.98418E-05 0.0389325 0.0437409 9.98418E-05 9.98418E-05 9.98418E-05 9.98418E-05 9.98418E-05 0.858996 9.98418E-05 9.98418E-05 9.98418E-05 9.98418E-05 9.98418E-05 9.98418E-05 9.98418E-05 9.98418E-05 9.98418E-05 9.98418E-05
0.18276 9.98596E-05 9.98596E-05 9.98596E-05 9.98596E-05 0.226858 9.98596E-05 9.98596E-05 9.98596E-05 9.98596E-05 9.98596E-05 0.428926 0.0694289 0.0685673 9.98596E-05 9.98596E-05 9.98596E-05 9.98596E-05 9.98596E-05 9.98596E-05 9.98596E-05 0.0218622
0.0737242 9.9851E-05 9.9851E-05 0.0936603 9.9851E-05 9.9851E-05 9.9851E-05 9.9851E-05 9.9851E-05 9.9851E-05 9.9851E-05 0.660051 9.9851E-05 9.9851E-05 9.9851E-05 9.9851E-05 0.109339 9.9851E-05 9.9851E-05 9.9851E-05 9.9851E-05 0.0615286
0.175882 0.0185245 9.98596E-05 9.98596E-05 9.98596E-05 0.0209944 9.98596E-05 9.98596E-05 9.98596E-05 9.98596E-05 9.98596E-05 0.485809 9.98596E-05 0.275164 9.98596E-05 9.98596E-05 9.98596E-05 9.98596E-05 0.0220295 9.98596E-05 9.98596E-05 9.98596E-05
9.98333E-05 9.98333E-05 9.98333E-05 9.98333E-05 9.98333E-05 9.98333E-05 9.98333E-05 9.98333E-05 9.98333E-05 9.98333E-05 9.98333E-05 0.860789 9.98333E-05 0.0740021 9.98333E-05 9.98333E-05 9.98333E-05 9.98333E-05 0.0633119 9.98333E-05 9.98333E-05 9.98333E-05
0.0723708 9.98507E-05 9.98507E-05 0.115487 9.98507E-05 0.236512 9.98507E-05 9.98507E-05 9.98507E-05 9.98507E-05 9.98507E-05 0.439195 9.98507E-05 9.98507E-05 9.98507E-05 9.98507E-05 0.134737 9.98507E-05 9.98507E-05 9.98507E-05 9.98507E-05 9.98507E-05
0.083386 9.9842E-05 9.9842E-05 9.9842E-05 9.9842E-05 9.9842E-05 0.0233172 9.9842E-05 0.0828279 9.9842E-05 9.9842E-05 0.808672 9.9842E-05 9.9842E-05 9.9842E-05 9.9842E-05 9.9842E-05 9.9842E-05 9.9842E-05 9.9842E-05 9.9842E-05 9.9842E-05
0.0259271 9.98508E-05 9.98508E-05 9.98508E-05 9.98508E-05 9.98508E-05 9.98508E-05 9.98508E-05 0.00457605 9.98508E-05 9.98508E-05 0.817154 9.98508E-05 0.130082 9.98508E-05 9.98508E-05 9.98508E-05 0.0205634 9.98508E-05 9.98508E-05 9.98508E-05 9.98508E-05
9.9877E-05 0.00490054 9.9877E-05 9.9877E-05 9.9877E-05 0.0628566 9.9877E-05 9.9877E-05 0.0288811 9.9877E-05 9.9877E-05 0.650931 0.0268344 0.138915 9.9877E-05 9.9877E-05 9.9877E-05 9.9877E-05 0.0521301 9.9877E-05 9.9877E-05 0.0331532
0.198421 0.00129203 9.98507E-05 9.98507E-05 9.98507E-05 0.0437434 9.98507E-05 9.98507E-05 9.98507E-05 9.98507E-05 9.98507E-05 0.723699 9.98507E-05 9.98507E-05 9.98507E-05 9.98507E-05 9.98507E-05 9.98507E-05 9.98507E-05 0.031147 9.98507E-05 9.98507E-05
9.98684E-05 9.98684E-05 9.98684E-05 0.0410828 9.98684E-05 0.0203001 9.98684E-05 9.98684E-05 9.98684E-05 9.98684E-05 9.98684E-05 0.103076 9.98684E-05 0.277935 9.98684E-05 9.98684E-05 9.98684E-05 9.98684E-05 9.98684E-05 0.0527091 0.0647498 0.438649
0.0833313 9.98509E-05 9.98509E-05 9.98509E-05 9.98509E-05 0.00900631 9.98509E-05 9.98509E-05 9.98509E-05 9.98509E-05 9.98509E-05 0.626999 9.98509E-05 0.270065 9.98509E-05 9.98509E-05 9.98509E-05 9.98509E-05 9.98509E-05 0.0089004 9.98509E-05 9.98509E-05
9.98336E-05 9.98336E-05 9.98336E-05 9.98336E-05 9.98336E-05 9.98336E-05 9.98336E-05 9.98336E-05 9.98336E-05 9.98336E-05 9.98336E-05 0.679598 9.98336E-05 0.316105 9.98336E-05 9.98336E-05 9.98336E-05 9.98336E-05 9.98336E-05 9.98336E-05 9.98336E-05 0.00239953
9.98423E-05 9.98423E-05 9.98423E-05 9.98423E-05 9.98423E-05 0.0366169 9.98423E-05 9.98423E-05 9.98423E-05 9.98423E-05 9.98423E-05 0.271995 9.98423E-05 0.621928 9.98423E-05 9.98423E-05 9.98423E-05 9.98423E-05 9.98423E-05 0.0676632 9.98423E-05 9.98423E-05
0.268435 0.0410115 9.98508E-05 9.98508E-05 9.98508E-05 0.0598347 9.98508E-05 9.98508E-05 9.98508E-05 9.98508E-05 9.98508E-05 0.501089 0.127932 9.98508E-05 9.98508E-05 9.98508E-05 9.98508E-05 9.98508E-05 9.98508E-05 9.98508E-05 9.98508E-05 9.98508E-05
9.98421E-05 9.98421E-05 9.98421E-05 9.98421E-05 9.98421E-05 0.0941443 0.11135 9.98421E-05 0.0321357 9.98421E-05 9.98421E-05 0.760572 9.98421E-05 9.98421E-05 9.98421E-05 9.98421E-05 9.98421E-05 9.98421E-05 9.98421E-05 9.98421E-05 9.98421E-05 9.98421E-05
0.0632926 9.98596E-05 9.98596E-05 0.0464051 9.98596E-05 0.120089 9.98596E-05 9.98596E-05 9.98596E-05 9.98596E-05 9.98596E-05 0.0233024 9.98596E-05 0.0467244 9.98596E-05 9.98596E-05 9.98596E-05 9.98596E-05 9.98596E-05 9.98596E-05 9.98596E-05 0.698589
0.101671 9.98422E-05 9.98422E-05 9.98422E-05 9.98422E-05 9.98422E-05 9.98422E-05 9.98422E-05 9.98422E-05 9.98422E-05 9.98422E-05 0.142264 9.98422E-05 0.717888 9.98422E-05 9.98422E-05 9.98422E-05 9.98422E-05 9.98422E-05 9.98422E-05 9.98422E-05 0.0363795
9.98683E-05 9.98683E-05 9.98683E-05 0.0478619 9.98683E-05 0.207372 9.98683E-05 9.98683E-05 0.0509245 9.98683E-05 9.98683E-05 0.455952 0.16198 9.98683E-05 9.98683E-05 9.98683E-05 0.0527011 9.98683E-05 9.98683E-05 0.0217111 9.98683E-05 9.98683E-05
0.070478 0.0164811 0.257769 9.98596E-05 9.98596E-05 0.0806018 9.98596E-05 9.98596E-05 9.98596E-05 9.98596E-05 9.98596E-05 0.47753 9.98596E-05 0.0955417 9.98596E-05 9.98596E-05 9.98596E-05 9.98596E-05 9.98596E-05 9.98596E-05 9.98596E-05 9.98596E-05
0.0141137 9.98774E-05 9.98774E-05 9.98774E-05 9.98774E-05 0.0942028 0.0459596 0.0893797 0.078099 9.98774E-05 9.98774E-05 0.521095 0.12805 9.98774E-05 9.98774E-05 9.98774E-05 9.98774E-05 9.98774E-05 9.98774E-05 9.98774E-05 9.98774E-05 0.0277016
0.124522 9.98596E-05 9.98596E-05 0.0337489 9.98596E-05 0.202445 9.98596E-05 9.98596E-05 0.168498 9.98596E-05 9.98596E-05 0.468871 9.98596E-05 9.98596E-05 9.98596E-05 9.98596E-05 0.000317153 9.98596E-05 9.98596E-05 9.98596E-05 9.98596E-05 9.98596E-05
9.98509E-05 9.98509E-05 9.98509E-05 0.0124033 9.98509E-05 9.98509E-05 9.98509E-05 9.98509E-05 9.98509E-05 9.98509E-05 9.98509E-05 0.285975 9.98509E-05 0.473184 9.98509E-05 9.98509E-05 0.0156003 9.98509E-05 9.98509E-05 9.98509E-05 9.98509E-05 0.21114
0.13297 9.9842E-05 9.9842E-05 9.9842E-05 9.9842E-05 9.9842E-05 9.9842E-05 9.9842E-05 9.9842E-05 9.9842E-05 9.9842E-05 0.661561 9.9842E-05 9.9842E-05 0.0383249 9.9842E-05 9.9842E-05 0.165348 9.9842E-05 9.9842E-05 9.9842E-05 9.9842E-05
9.9842E-05 9.9842E-05 9.9842E-05 9.9842E-05 9.9842E-05 0.115525 9.9842E-05 9.9842E-05 9.9842E-05 9.9842E-05 9.9842E-05 0.110127 9.9842E-05 9.9842E-05 9.9842E-05 9.9842E-05 0.0257521 9.9842E-05 9.9842E-05 9.9842E-05 9.9842E-05 0.746799
0.0967582 0.0920078 9.98596E-05 9.98596E-05 9.98596E-05 0.0687551 9.98596E-05 9.98596E-05 9.98596E-05 9.98596E-05 9.98596E-05 0.450719 9.98596E-05 9.98596E-05 9.98596E-05 9.98596E-05 9.98596E-05 0.001762 9.98596E-05 9.98596E-05 9.98596E-05 0.2884
9.98421E-05 9.98421E-05 9.98421E-05 9.98421E-05 9.98421E-05 0.0275265 9.98421E-05 9.98421E-05 9.98421E-05 9.98421E-05 9.98421E-05 0.91283 0.00743905 9.98421E-05 9.98421E-05 9.98421E-05 9.98421E-05 9.98421E-05 0.0504072 9.98421E-05 9.98421E-05 9.98421E-05
9.98332E-05 0.0173423 9.98332E-05 9.98332E-05 9.98332E-05 9.98332E-05 9.98332E-05 9.98332E-05 9.98332E-05 9.98332E-05 9.98332E-05 0.859894 9.98332E-05 9.98332E-05 9.98332E-05 9.98332E-05 9.98332E-05 0.120867 9.98332E-05 9.98332E-05 9.98332E-05 9.98332E-05
0.132338 9.98421E-05 9.98421E-05 9.98421E-05 9.98421E-05 0.190129 9.98421E-05 9.98421E-05 9.98421E-05 9.98421E-05 9.98421E-05 0.498306 0.17743 9.98421E-05 9.98421E-05 9.98421E-05 9.98421E-05 9.98421E-05 9.98421E-05 9.98421E-05 9.98421E-05 9.98421E-05
0.0542281 9.98332E-05 9.98332E-05 9.98332E-05 9.98332E-05 0.108603 9.98332E-05 9.98332E-05 9.98332E-05 9.98332E-05 9.98332E-05 0.835272 9.98332E-05 9.98332E-05 9.98332E-05 9.98332E-05 9.98332E-05 9.98332E-05 9.98332E-05 9.98332E-05 9.98332E-05 9.98332E-05
0.0331624 0.0369451 9.9842E-05 9.9842E-05 9.9842E-05 0.00205984 9.9842E-05 9.9842E-05 9.9842E-05 9.9842E-05 9.9842E-05 0.926036 9.9842E-05 9.9842E-05 9.9842E-05 9.9842E-05 9.9842E-05 9.9842E-05 9.9842E-05 9.9842E-05 9.9842E-05 9.9842E-05
0.0425857 9.98597E-05 9.98597E-05 0.126915 9.98597E-05 9.98597E-05 9.98597E-05 9.98597E-05 9.98597E-05 9.98597E-05 9.98597E-05 0.713834 9.98597E-05 0.089712 9.98597E-05 9.98597E-05 9.98597E-05 9.98597E-05 0.00598751 9.98597E-05 9.98597E-05 0.0193684
0.0167047 9.98596E-05 9.98596E-05 9.98596E-05 9.98596E-05 0.130981 9.98596E-05 9.98596E-05 9.98596E-05 9.98596E-05 9.98596E-05 0.558818 0.0791282 0.201203 9.98596E-05 9.98596E-05 9.98596E-05 9.98596E-05 9.98596E-05 9.98596E-05 9.98596E-05 0.0115681
0.997904 9.98154E-05 9.98154E-05 9.98154E-05 9.98154E-05 9.98154E-05 9.98154E-05 9.98154E-05 9.98154E-05 9.98154E-05 9.98154E-05 9.98154E-05 9.98154E-05 9.98154E-05 9.98154E-05 9.98154E-05 9.98154E-05 9.98154E-05 9.98154E-05 9.98154E-05 9.98154E-05 9.98154E-05
9.98154E-05 9.98154E-05 9.98154E-05 9.98154E-05 9.98154E-05 0.997904 9.98154E-05 9.98154E-05 9.98154E-05 9.98154E-05 9.98154E-05 9.98154E-05 9.98154E-05 9.98154E-05 9.98154E-05 9.98154E-05 9.98154E-05 9.98154E-05 9.98154E-05 9.98154E-05 9.98154E-05 9.98154E-05
0.997904 9.98153E-05 9.98153E-05 9.98153E-05 9.98153E-05 9.98153E-05 9.98153E-05 9.98153E-05 9.98153E-05 9.98153E-05 9.98153E-05 9.98153E-05 9.98153E-05 9.98153E-05 9.98153E-05 9.98153E-05 9.98153E-05 9.98153E-05 9.98153E-05 9.98153E-05 9.98153E-05 9.98153E-05
9.98154E-05 9.98154E-05 9.98154E-05 9.98154E-05 9.98154E-05 0.997904 9.98154E-05 9.98154E-05 9.98154E-05 9.98154E-05 9.98154E-05 9.98154E-05 9.98154E-05 9.98154E-05 9.98154E-05 9.98154E-05 9.98154E-05 9.98154E-05 9.98154E-05 9.98154E-05 9.98154E-05 9.98154E-05
9.98155E-05 9.98155E-05 9.98155E-05 9.98155E-05 9.98155E-05 0.997904 9.98155E-05 9.98155E-05 9.98155E-05 9.98155E-05 9.98155E-05 9.98155E-05 9.98155E-05 9.98155E-05 9.98155E-05 9.98155E-05 9.98155E-05 9.98155E-05 9.98155E-05 9.98155E-05 9.98155E-05 9.98155E-05
9.98154E-05 9.98154E-05 9.98154E-05 9.98154E-05 9.98154E-05 0.997904 9.98154E-05 9.98154E-05 9.98154E-05 9.98154E-05 9.98154E-05 9.98154E-05 9.98154E-05 9.98154E-05 9.98154E-05 9.98154E-05 9.98154E-05 9.98154E-05 9.98154E-05 9.98154E-05 9.98154E-05 9.98154E-05
0.997904 9.98154E-05 9.98154E-05 9.98154E-05 9.98154E-05 9.98154E-05 9.98154E-05 9.98154E-05 9.98154E-05 9.98154E-05 9.98154E-05 9.98154E-05 9.98154E-05 9.98154E-05 9.98154E-05 9.98154E-05 9.98154E-05 9.98154E-05 9.98154E-05 9.98154E-05 9.98154E-05 9.98154E-05
9.98156E-05 9.98156E-05 9.98156E-05 9.98156E-05 9.98156E-05 0.997904 9.98156E-05 9.98156E-05 9.98156E-05 9.98156E-05 9.98156E-05 9.98156E-05 9.98156E-05 9.98156E-05 9.98156E-05 9.98156E-05 9.98156E-05 9.98156E-05 9.98156E-05 9.98156E-05 9.98156E-05 9.98156E-05
9.98154E-05 9.98154E-05 9.98154E-05 9.98154E-05 9.98154E-05 0.997904 9.98154E-05 9.98154E-05 9.98154E-05 9.98154E-05 9.98154E-05 9.98154E-05 9.98154E-05 9.98154E-05 9.98154E-05 9.98154E-05 9.98154E-05 9.98154E-05 9.98154E-05 9.98154E-05 9.98154E-05 9.98154E-05
0.997904 9.98155E-05 9.98155E-05 9.98155E-05 9.98155E-05 9.98155E-05 9.98155E-05 9.98155E-05 9.98155E-05 9.98155E-05 9.98155E-05 9.98155E-05 9.98155E-05 9.98155E-05 9.98155E-05 9.98155E-05 9.98155E-05 9.98155E-05 9.98155E-05 9.98155E-05 9.98155E-05 9.98155E-05
