0.147987 9.99473E-05 9.99473E-05 9.99473E-05 0.0836002 9.99473E-05 0.0265699 9.99473E-05 9.99473E-05 0.166228 0.46981 0.105206
0.191084 0.0471413 9.99473E-05 9.99473E-05 9.99473E-05 9.99473E-05 0.0170451 9.99473E-05 9.99473E-05 0.00388586 0.727234 0.0130102
9.99385E-05 9.99385E-05 9.99385E-05 0.0022522 0.0245182 9.99385E-05 9.99385E-05 0.0329084 9.99385E-05 0.0868607 0.852761 9.99385E-05
9.99474E-05 9.99474E-05 9.99474E-05 9.99474E-05 9.99474E-05 0.0398913 0.441589 9.99474E-05 0.0126286 0.101005 0.275773 0.128513
0.0131806 9.99385E-05 9.99385E-05 9.99385E-05 9.99385E-05 0.0131716 0.031886 0.15165 9.99385E-05 9.99385E-05 0.789412 9.99385E-05
0.0667233 9.99561E-05 9.99561E-05 9.99561E-05 9.99561E-05 0.21363 0.166215 0.1861 0.0211859 0.0544359 0.29121 9.99561E-05
0.111423 9.99473E-05 9.99473E-05 9.99473E-05 0.0758878 9.99473E-05 0.290031 9.99473E-05 9.99473E-05 0.0587815 0.298672 0.164605
0.0652127 9.99649E-05 0.0300885 0.109554 9.99649E-05 0.184499 0.139853 0.169205 9.99649E-05 9.99649E-05 0.28388 0.017308
9.99385E-05 9.99385E-05 9.99385E-05 9.99385E-05 0.193742 0.264769 9.99385E-05 0.0106743 9.99385E-05 0.27907 0.251045 9.99385E-05
9.9921E-05 9.9921E-05 9.9921E-05 9.9921E-05 9.9921E-05 9.9921E-05 0.0155185 9.9921E-05 9.9921E-05 0.127103 0.856479 9.9921E-05
9.9921E-05 9.9921E-05 9.9921E-05 9.9921E-05 9.9921E-05 9.9921E-05 9.9921E-05 9.9921E-05 9.9921E-05 0.253949 0.571852 0.1733
9.99473E-05 9.99473E-05 9.99473E-05 0.0295738 9.99473E-05 9.99473E-05 0.0367535 0.00664562 9.99473E-05 0.00312705 0.899182 0.0241187
9.99297E-05 9.99297E-05 9.99297E-05 9.99297E-05 9.99297E-05 0.0167991 9.99297E-05 9.99297E-05 9.99297E-05 0.211888 0.764411 0.0061022
9.99385E-05 9.99385E-05 9.99385E-05 0.0572121 9.99385E-05 9.99385E-05 9.99385E-05 9.99385E-05 0.14773 0.105878 0.609691 0.0787887
0.0488388 9.99561E-05 9.99561E-05 9.99561E-05 0.039543 0.183452 0.0912849 9.99561E-05 0.0526053 0.212984 0.370792 9.99561E-05
9.99385E-05 9.99385E-05 9.99385E-05 0.0865225 9.99385E-05 0.225133 0.246861 9.99385E-05 9.99385E-05 0.142656 0.298128 9.99385E-05
0.0778132 9.99649E-05 9.99649E-05 9.99649E-05 0.0136764 9.99649E-05 0.0934867 0.0377625 0.0579678 0.102238 0.525308 0.0913479
9.99561E-05 0.206957 0.19349 9.99561E-05 0.0115101 0.121478 0.000896625 9.99561E-05 9.99561E-05 0.193593 0.271575 9.99561E-05
9.99473E-05 9.99473E-05 0.101794 9.99473E-05 9.99473E-05 0.151976 0.119174 9.99473E-05 9.99473E-05 0.286965 0.3073 0.0321913
9.9921E-05 0.0660744 9.9921E-05 9.9921E-05 9.9921E-05 0.0147692 9.9921E-05 9.9921E-05 9.9921E-05 9.9921E-05 0.918257 9.9921E-05
9.99737E-05 0.000802134 9.99737E-05 0.00702676 0.012897 0.123851 0.162008 0.0685146 9.99737E-05 0.12723 0.415922 0.0814478
0.0531024 9.99561E-05 0.0270449 9.99561E-05 9.99561E-05 0.185467 0.294787 0.08076 9.99561E-05 0.0488375 0.309501 9.99561E-05
0.0661299 9.99474E-05 9.99474E-05 9.99474E-05 0.00415733 0.00757111 9.99474E-05 9.99474E-05 9.99474E-05 0.229516 0.609763 0.0822634
9.99386E-05 9.99386E-05 9.99386E-05 0.0372972 0.0680337 9.99386E-05 0.108689 9.99386E-05 9.99386E-05 0.396626 0.388654 9.99386E-05
9.99561E-05 0.124237 9.99561E-05 9.99561E-05 9.99561E-05 0.0677618 0.0741236 9.99561E-05 0.0960001 0.323279 0.237437 0.0766619
9.99473E-05 9.99473E-05 9.99473E-05 9.99473E-05 9.99473E-05 0.0482794 0.125545 9.99473E-05 0.00417733 0.167699 0.648731 0.00496836
0.10598 0.036732 0.121889 0.0656401 9.99737E-05 9.99737E-05 0.1999 9.99737E-05 0.221266 0.198442 0.0318828 0.0179673
9.9921E-05 9.9921E-05 9.9921E-05 9.9921E-05 9.9921E-05 9.9921E-05 0.219371 9.9921E-05 9.9921E-05 0.0929537 0.686776 9.9921E-05
9.99386E-05 0.0325777 9.99386E-05 9.99386E-05 0.0225402 9.99386E-05 9.99386E-05 9.99386E-05 9.99386E-05 0.321651 0.610581 0.0119504
0.0614379 9.99561E-05 9.99561E-05 0.101991 9.99561E-05 0.0349323 9.99561E-05 9.99561E-05 0.00831053 0.0624396 0.723887 0.00650187
9.99473E-05 0.0179286 9.99473E-05 9.99473E-05 9.99473E-05 0.0553783 0.0612747 9.99473E-05 9.99473E-05 0.0795027 0.686357 0.0989588
9.99386E-05 9.99386E-05 9.99386E-05 9.99386E-05 9.99386E-05 9.99386E-05 0.144588 9.99386E-05 0.133596 0.15548 0.515932 0.049705
9.99385E-05 0.00949404 9.99385E-05 0.0425255 9.99385E-05 9.99385E-05 9.99385E-05 9.99385E-05 9.99385E-05 0.231259 0.558514 0.157508
9.99561E-05 9.99561E-05 0.0374151 0.0758607 0.00965402 9.99561E-05 0.0731872 9.99561E-05 0.180028 0.15859 0.464765 9.99561E-05
0.0303964 0.0583506 9.99474E-05 9.99474E-05 9.99474E-05 0.0479616 9.99474E-05 9.99474E-05 9.99474E-05 0.0463666 0.794974 0.0213513
0.0487849 9.99561E-05 9.99561E-05 9.99561E-05 0.0552389 0.0115033 0.143045 9.99561E-05 9.99561E-05 0.0657179 0.645455 0.0297549
0.0621527 9.99298E-05 9.99298E-05 9.99298E-05 9.99298E-05 9.99298E-05 0.0734521 9.99298E-05 9.99298E-05 9.99298E-05 0.81158 0.0520162
9.99298E-05 0.104119 9.99298E-05 9.99298E-05 9.99298E-05 0.119008 9.99298E-05 9.99298E-05 9.99298E-05 0.192244 0.583831 9.99298E-05
0.0690455 9.99561E-05 9.99561E-05 9.99561E-05 9.99561E-05 0.0154635 9.99561E-05 0.0459971 0.075261 0.190175 0.532316 0.0712414
9.99297E-05 9.99297E-05 9.99297E-05 0.165997 9.99297E-05 9.99297E-05 9.99297E-05 9.99297E-05 0.114443 0.182526 0.536235 9.99297E-05
9.99298E-05 9.99298E-05 9.99298E-05 9.99298E-05 9.99298E-05 9.99298E-05 0.164698 9.99298E-05 9.99298E-05 0.0861312 0.662965 0.0854065
0.0561954 9.99561E-05 9.99561E-05 9.99561E-05 0.030818 0.0537583 9.99561E-05 0.03633 9.99561E-05 0.148052 0.628409 0.0459375
0.0972728 9.99297E-05 9.99297E-05 9.99297E-05 9.99297E-05 9.99297E-05 9.99297E-05 0.0503557 0.0232083 9.99297E-05 0.828364 9.99297E-05
0.0577632 9.99473E-05 9.99473E-05 9.99473E-05 0.0867794 0.12784 9.99473E-05 9.99473E-05 9.99473E-05 0.256096 0.41345 0.0574714
9.99211E-05 9.99211E-05 9.99211E-05 9.99211E-05 9.99211E-05 9.99211E-05 0.451633 9.99211E-05 9.99211E-05 0.34198 0.205487 9.99211E-05
9.99385E-05 0.0838317 9.99385E-05 9.99385E-05 9.99385E-05 0.00243738 0.0711398 9.99385E-05 9.99385E-05 0.0269857 0.814906 9.99385E-05
9.99385E-05 0.0182503 0.0753424 9.99385E-05 9.99385E-05 0.0650154 9.99385E-05 9.99385E-05 9.99385E-05 0.0528959 0.787796 9.99385E-05
9.9921E-05 9.9921E-05 9.9921E-05 9.9921E-05 9.9921E-05 9.9921E-05 9.9921E-05 0.00827377 9.9921E-05 0.0508321 0.939995 9.9921E-05
9.99473E-05 9.99473E-05 0.00790658 9.99473E-05 9.99473E-05 9.99473E-05 0.078565 0.0129441 9.99473E-05 0.233081 0.589814 0.0770894
0.00567508 0.00958259 0.0304089 0.102225 9.99649E-05 0.039282 9.99649E-05 0.042724 9.99649E-05 9.99649E-05 0.753771 0.015931
9.99649E-05 0.00521922 9.99649E-05 9.99649E-05 0.00570508 0.103175 0.113216 0.102399 9.99649E-05 0.233485 0.32228 0.11412
9.99474E-05 0.087426 9.99474E-05 0.101039 0.0102801 0.0254669 0.18735 9.99474E-05 9.99474E-05 9.99474E-05 0.587838 9.99474E-05
9.99561E-05 0.00696378 0.0830822 0.0232165 0.00413274 9.99561E-05 9.99561E-05 0.00325693 9.99561E-05 0.0486067 0.830241 9.99561E-05
9.99474E-05 0.0632841 9.99474E-05 0.230809 9.99474E-05 0.0153982 9.99474E-05 0.0184911 9.99474E-05 0.0616967 0.609721 9.99474E-05
9.99474E-05 9.99474E-05 9.99474E-05 0.0185157 0.0204225 0.0906191 0.0296809 9.99474E-05 9.99474E-05 0.128525 0.711637 9.99474E-05
9.99386E-05 0.0877426 9.99386E-05 9.99386E-05 9.99386E-05 9.99386E-05 9.99386E-05 0.00983346 0.103221 9.99386E-05 0.736904 0.0615987
0.0284921 9.99473E-05 0.0901003 9.99473E-05 9.99473E-05 0.0201223 0.216886 9.99473E-05 9.99473E-05 9.99473E-05 0.617577 0.0262224
9.99298E-05 9.99298E-05 9.99298E-05 9.99298E-05 9.99298E-05 9.99298E-05 0.111119 9.99298E-05 9.99298E-05 0.109766 0.735537 0.0427786
0.0161498 9.99473E-05 9.99473E-05 9.99473E-05 9.99473E-05 0.019631 9.99473E-05 0.0301096 9.99473E-05 0.0602228 0.829615 0.0436724
0.324179 9.99561E-05 0.126063 9.99561E-05 9.99561E-05 0.0470071 0.0547039 9.99561E-05 9.99561E-05 0.329716 0.0724098 0.0454212
0.226026 9.99474E-05 9.99474E-05 0.0215544 0.095647 9.99474E-05 0.190793 9.99474E-05 9.99474E-05 0.148745 0.316636 9.99474E-05
0.40235 9.99386E-05 0.185842 0.0342093 9.99386E-05 9.99386E-05 9.99386E-05 9.99386E-05 9.99386E-05 9.99386E-05 0.34378 0.0331199
0.513648 9.99561E-05 0.0895343 0.00481516 9.99561E-05 0.121795 9.99561E-05 9.99561E-05 0.108289 0.131698 9.99561E-05 0.0297212
0.218019 0.10239 0.0599256 0.0533648 9.99736E-05 0.13694 0.0860233 9.99736E-05 9.99736E-05 0.262367 0.0747655 0.00590636
0.336956 9.99473E-05 0.0274551 9.99473E-05 0.0790621 0.0475396 9.99473E-05 9.99473E-05 9.99473E-05 0.44882 9.99473E-05 0.0595673
0.547694 9.99385E-05 0.0111859 9.99385E-05 9.99385E-05 9.99385E-05 0.187846 9.99385E-05 9.99385E-05 0.193577 9.99385E-05 0.0589983
0.397449 9.99473E-05 0.205813 0.0073069 9.99473E-05 0.0688481 9.99473E-05 9.99473E-05 9.99473E-05 0.316739 9.99473E-05 0.00324469
0.555151 9.99474E-05 0.0681176 9.99474E-05 0.0918423 9.99474E-05 9.99474E-05 9.99474E-05 0.0251046 0.105847 0.153337 9.99474E-05
0.329045 9.99473E-05 9.99473E-05 9.99473E-05 9.99473E-05 0.0261277 0.112932 9.99473E-05 9.99473E-05 0.12702 0.276685 0.127591
0.0847341 9.99473E-05 0.065774 9.99473E-05 9.99473E-05 0.0554939 0.167532 9.99473E-05 9.99473E-05 0.445474 9.99473E-05 0.180392
0.313652 9.99385E-05 9.99385E-05 0.1183 9.99385E-05 9.99385E-05 0.225037 9.99385E-05 9.99385E-05 0.219983 9.99385E-05 0.122328
0.143727 9.99737E-05 9.99737E-05 0.0767353 9.99737E-05 0.172731 0.162342 0.0981929 0.0195775 0.160875 0.0118091 0.15371
0.396777 9.99473E-05 9.99473E-05 0.0384662 9.99473E-05 9.99473E-05 0.0878238 0.0505551 9.99473E-05 0.389817 9.99473E-05 0.0359615
0.304116 9.99562E-05 9.99562E-05 0.162839 0.0555886 9.99562E-05 9.99562E-05 9.99562E-05 0.032308 0.123276 0.209079 0.112294
0.369289 9.99474E-05 9.99474E-05 9.99474E-05 9.99474E-05 0.0190077 0.103629 9.99474E-05 9.99474E-05 0.211632 0.206155 0.0896875
0.335662 9.99473E-05 0.153579 0.0838181 0.027316 9.99473E-05 0.174906 9.99473E-05 9.99473E-05 0.224118 9.99473E-05 9.99473E-05
0.26203 9.99474E-05 9.99474E-05 9.99474E-05 9.99474E-05 0.127022 0.284111 9.99474E-05 9.99474E-05 0.0486701 0.0442155 0.233352
0.220397 9.99561E-05 0.127527 9.99561E-05 9.99561E-05 0.0194311 0.145878 9.99561E-05 9.99561E-05 0.238908 0.180287 0.0670723
0.284998 0.00502172 0.0503557 0.0125322 0.0345687 9.99649E-05 9.99649E-05 0.134259 9.99649E-05 0.407556 9.99649E-05 0.0703087
0.363637 9.99475E-05 0.000988516 0.0685629 9.99475E-05 9.99475E-05 9.99475E-05 0.0749801 9.99475E-05 0.154122 0.33711 9.99475E-05
0.36171 9.99473E-05 0.0135467 0.00757431 9.99473E-05 9.99473E-05 0.26636 9.99473E-05 9.99473E-05 0.284143 0.0660668 9.99473E-05
0.279305 9.99562E-05 0.0127754 0.0254267 9.99562E-05 9.99562E-05 9.99562E-05 9.99562E-05 0.207569 0.205966 0.170325 0.0981334
0.134259 9.99737E-05 0.117265 0.0027304 0.0666042 0.0922287 0.211423 9.99737E-05 9.99737E-05 0.162852 0.164181 0.048158
0.0544359 9.99473E-05 9.99473E-05 9.99473E-05 9.99473E-05 0.0431855 0.14927 9.99473E-05 9.99473E-05 0.226173 0.240387 0.285949
0.410969 0.0479193 9.99562E-05 9.99562E-05 9.99562E-05 0.00743517 9.99562E-05 9.99562E-05 0.0370676 0.136995 0.285052 0.0740628
0.337512 9.99562E-05 0.076276 9.99562E-05 0.0700659 0.015623 9.99562E-05 9.99562E-05 0.0303093 0.150492 0.319222 9.99562E-05
0.42782 9.99562E-05 0.0123362 0.0417977 0.0298063 9.99562E-05 0.118515 9.99562E-05 9.99562E-05 0.207281 0.161945 9.99562E-05
0.1712 9.99562E-05 0.219165 9.99562E-05 9.99562E-05 0.0758236 0.069223 9.99562E-05 9.99562E-05 0.176023 0.268766 0.019299
0.323574 9.99475E-05 9.99475E-05 0.0560645 9.99475E-05 0.0773847 9.99475E-05 9.99475E-05 0.122954 0.248652 0.170771 9.99475E-05
9.99297E-05 9.99297E-05 9.99297E-05 9.99297E-05 9.99297E-05 0.171527 9.99297E-05 0.0162215 0.601894 0.209558 9.99297E-05 9.99297E-05
9.99211E-05 9.99211E-05 9.99211E-05 9.99211E-05 9.99211E-05 0.0434429 9.99211E-05 9.99211E-05 0.906312 0.0493458 9.99211E-05 9.99211E-05
9.99472E-05 9.99472E-05 0.0170218 9.99472E-05 9.99472E-05 0.00701561 9.99472E-05 0.145404 0.532691 0.23991 9.99472E-05 0.0573581
9.99384E-05 9.99384E-05 0.0989618 9.99384E-05 9.99384E-05 0.0661729 9.99384E-05 9.99384E-05 0.527151 0.198752 9.99384E-05 0.108263
9.99736E-05 0.049463 0.0225856 0.0578154 0.100755 0.192673 0.00779128 0.0375854 0.512845 9.99736E-05 9.99736E-05 0.0181856
9.99297E-05 9.99297E-05 9.99297E-05 9.99297E-05 9.99297E-05 0.202632 0.0981855 9.99297E-05 0.480085 0.218298 9.99297E-05 9.99297E-05
9.99385E-05 9.99385E-05 0.0325666 9.99385E-05 9.99385E-05 0.146521 9.99385E-05 9.99385E-05 0.564169 0.199334 9.99385E-05 0.0567098
9.99473E-05 0.00911429 0.0277354 9.99473E-05 9.99473E-05 0.28021 9.99473E-05 9.99473E-05 0.509966 0.165648 9.99473E-05 0.00672674
0.274273 9.99384E-05 9.99384E-05 9.99384E-05 9.99384E-05 0.365517 9.99384E-05 9.99384E-05 0.155086 0.15498 9.99384E-05 0.0494452
9.99297E-05 9.99297E-05 9.99297E-05 9.99297E-05 9.99297E-05 0.261273 0.0042826 9.99297E-05 0.375596 0.358049 9.99297E-05 9.99297E-05
0.330715 9.99211E-05 9.99211E-05 9.99211E-05 9.99211E-05 0.0340338 9.99211E-05 9.99211E-05 0.634352 9.99211E-05 9.99211E-05 9.99211E-05
0.148669 9.99385E-05 9.99385E-05 9.99385E-05 9.99385E-05 0.0177073 9.99385E-05 9.99385E-05 0.710289 0.0910941 9.99385E-05 0.0315415
9.99297E-05 9.99297E-05 0.00297378 9.99297E-05 9.99297E-05 0.158571 9.99297E-05 9.99297E-05 0.831831 9.99297E-05 9.99297E-05 0.00582545
9.99298E-05 9.99298E-05 9.99298E-05 9.99298E-05 0.028315 0.138901 9.99298E-05 9.99298E-05 0.5419 0.290085 9.99298E-05 9.99298E-05
9.99385E-05 9.99385E-05 0.160248 0.0391847 9.99385E-05 0.11671 9.99385E-05 9.99385E-05 0.666159 9.99385E-05 9.99385E-05 0.0169985
0.0897538 0.053794 9.99649E-05 0.0251122 9.99649E-05 0.0633583 0.0106498 9.99649E-05 0.506877 0.186555 9.99649E-05 0.0635003
0.139893 0.047466 9.99385E-05 9.99385E-05 9.99385E-05 0.0659075 9.99385E-05 9.99385E-05 0.507955 0.238079 9.99385E-05 9.99385E-05
9.99386E-05 9.99386E-05 9.99386E-05 0.0411804 9.99386E-05 0.227351 9.99386E-05 0.107122 0.579445 9.99386E-05 9.99386E-05 0.0442018
0.023175 0.0592029 9.99473E-05 9.99473E-05 9.99473E-05 0.0512862 0.0311463 9.99473E-05 0.745798 9.99473E-05 9.99473E-05 0.0887914
0.0152007 0.0922258 9.99561E-05 9.99561E-05 0.0294673 0.172447 9.99561E-05 9.99561E-05 0.543646 0.143891 9.99561E-05 0.00262167
0.0467493 9.99472E-05 0.00830626 9.99472E-05 9.99472E-05 0.0622429 9.99472E-05 0.111403 0.642697 0.128002 9.99472E-05 9.99472E-05
9.99385E-05 9.99385E-05 0.0534581 9.99385E-05 9.99385E-05 0.129878 9.99385E-05 9.99385E-05 0.641758 0.123962 9.99385E-05 0.0502435
0.0264349 0.0866232 9.99473E-05 9.99473E-05 9.99473E-05 0.308235 9.99473E-05 0.022449 0.260254 0.295405 9.99473E-05 9.99473E-05
9.99385E-05 0.00570543 9.99385E-05 9.99385E-05 9.99385E-05 0.128508 9.99385E-05 9.99385E-05 0.695061 0.161969 9.99385E-05 0.00805824
0.0264349 0.0866232 9.99473E-05 9.99473E-05 9.99473E-05 0.308235 9.99473E-05 0.022449 0.260254 0.295405 9.99473E-05 9.99473E-05
0.205545 9.99386E-05 9.99386E-05 0.0811025 9.99386E-05 0.173799 9.99386E-05 9.99386E-05 0.424229 0.114625 9.99386E-05 9.99386E-05
9.99299E-05 9.99299E-05 9.99299E-05 9.99299E-05 0.136803 9.99299E-05 9.99299E-05 9.99299E-05 0.831018 0.00910554 0.0222737 9.99299E-05
9.99472E-05 0.00208555 9.99472E-05 9.99472E-05 9.99472E-05 0.155093 0.0517456 0.0398854 0.52277 0.227821 9.99472E-05 9.99472E-05
0.0321836 9.99297E-05 9.99297E-05 9.99297E-05 9.99297E-05 0.336271 9.99297E-05 9.99297E-05 0.371979 0.258767 9.99297E-05 9.99297E-05
9.99473E-05 0.0758792 9.99473E-05 9.99473E-05 9.99473E-05 0.0295361 9.99473E-05 0.00324995 0.644066 0.190198 9.99473E-05 0.0564718
9.99385E-05 9.99385E-05 9.99385E-05 0.00594578 9.99385E-05 0.0872927 9.99385E-05 9.99385E-05 0.577689 0.258793 9.99385E-05 0.06958
9.993E-05 0.0413805 9.993E-05 0.0311962 9.993E-05 9.993E-05 9.993E-05 9.993E-05 0.700859 0.18098 9.993E-05 0.0448845
9.99385E-05 0.190874 9.99385E-05 9.99385E-05 9.99385E-05 0.359504 9.99385E-05 0.0698193 0.194593 0.18451 9.99385E-05 9.99385E-05
9.99384E-05 9.99384E-05 9.99384E-05 9.99384E-05 9.99384E-05 0.109592 0.158002 9.99384E-05 0.510678 0.207049 9.99384E-05 0.0139806
9.99297E-05 9.99297E-05 9.99297E-05 9.99297E-05 9.99297E-05 0.00441789 0.0398094 9.99297E-05 0.758459 0.196514 9.99297E-05 9.99297E-05
0.0243292 9.99473E-05 0.017955 9.99473E-05 9.99473E-05 0.134757 0.0509619 9.99473E-05 0.666579 9.99473E-05 9.99473E-05 0.104819
9.99384E-05 9.99384E-05 0.0652706 9.99384E-05 9.99384E-05 0.177422 9.99384E-05 9.99384E-05 0.407022 0.312212 9.99384E-05 0.0373736
9.99143E-05 9.99143E-05 9.99143E-05 9.99143E-05 9.99143E-05 0.080564 9.99143E-05 9.99143E-05 0.918437 9.99143E-05 9.99143E-05 9.99143E-05
9.99386E-05 9.99386E-05 0.0336413 9.99386E-05 9.99386E-05 0.0198843 9.99386E-05 9.99386E-05 0.829275 0.0898852 9.99386E-05 0.026615
9.99298E-05 0.00317425 9.99298E-05 9.99298E-05 9.99298E-05 0.0264779 9.99298E-05 9.99298E-05 0.926806 9.99298E-05 9.99298E-05 0.0427424
0.0110403 9.99123E-05 9.99123E-05 9.99123E-05 9.99123E-05 9.99123E-05 9.99123E-05 9.99123E-05 0.987961 9.99123E-05 9.99123E-05 9.99123E-05
0.144554 9.99385E-05 9.99385E-05 9.99385E-05 9.99385E-05 0.168331 9.99385E-05 0.0574769 0.274124 0.354815 9.99385E-05 9.99385E-05
9.99385E-05 9.99385E-05 0.0210593 9.99385E-05 9.99385E-05 0.24994 9.99385E-05 0.068883 0.536768 0.12265 9.99385E-05 9.99385E-05
9.99299E-05 9.99299E-05 9.99299E-05 9.99299E-05 9.99299E-05 0.173366 9.99299E-05 9.99299E-05 0.720448 0.0529809 0.0524059 9.99299E-05
0.0183238 9.99211E-05 9.99211E-05 9.99211E-05 9.99211E-05 9.99211E-05 9.99211E-05 9.99211E-05 0.918954 0.0618228 9.99211E-05 9.99211E-05
0.255841 0.134632 0.0468798 0.0129935 9.99648E-05 0.300849 9.99648E-05 9.99648E-05 0.184104 0.0334088 9.99648E-05 0.030892
9.99473E-05 9.99473E-05 0.0696417 0.00380355 9.99473E-05 0.235477 9.99473E-05 9.99473E-05 0.50366 0.150648 9.99473E-05 0.0361694
0.117296 9.99561E-05 0.0489088 0.029841 0.11663 0.21024 9.99561E-05 9.99561E-05 0.409163 0.0674211 9.99561E-05 9.99561E-05
9.99385E-05 0.0367996 9.99385E-05 9.99385E-05 9.99385E-05 0.353112 9.99385E-05 9.99385E-05 0.220742 0.346595 9.99385E-05 0.0420517
9.99123E-05 9.99123E-05 9.99123E-05 9.99123E-05 9.99123E-05 9.99123E-05 9.99123E-05 9.99123E-05 0.971502 0.0274986 9.99123E-05 9.99123E-05
9.99473E-05 9.99473E-05 9.99473E-05 0.0207999 9.99473E-05 0.100056 0.335033 9.99473E-05 0.329315 0.168801 9.99473E-05 0.0453943
0.0290805 9.99211E-05 9.99211E-05 9.99211E-05 9.99211E-05 0.100705 9.99211E-05 9.99211E-05 0.869315 9.99211E-05 9.99211E-05 9.99211E-05
9.99473E-05 9.99473E-05 0.0133892 9.99473E-05 9.99473E-05 0.137813 9.99473E-05 0.0428239 0.522488 0.221404 9.99473E-05 0.0614818
0.0631765 0.00914692 9.99472E-05 0.120272 9.99472E-05 0.181883 9.99472E-05 0.00664616 0.618275 9.99472E-05 9.99472E-05 9.99472E-05
9.99472E-05 0.0535954 0.0330351 0.0250058 9.99472E-05 9.99472E-05 0.20003 9.99472E-05 0.650834 0.0368994 9.99472E-05 9.99472E-05
0.294136 0.0235422 9.9956E-05 9.9956E-05 9.9956E-05 0.187803 0.0604151 9.9956E-05 0.182247 0.236669 9.9956E-05 0.0146883
9.99209E-05 9.99209E-05 9.99209E-05 9.99209E-05 9.99209E-05 0.218153 9.99209E-05 9.99209E-05 0.52706 0.253887 9.99209E-05 9.99209E-05
9.99648E-05 0.0263055 9.99648E-05 0.0562182 0.00641835 0.08214 9.99648E-05 0.0208768 0.557854 0.103202 9.99648E-05 0.146585
9.99473E-05 0.03063 9.99473E-05 0.119321 9.99473E-05 0.0329156 9.99473E-05 9.99473E-05 0.591677 0.195766 9.99473E-05 0.0290903
0.0745245 9.99298E-05 9.99298E-05 9.99298E-05 9.99298E-05 0.265518 9.99298E-05 9.99298E-05 0.622998 0.0361599 9.99298E-05 9.99298E-05
9.99032E-05 9.99032E-05 9.99032E-05 9.99032E-05 9.99032E-05 9.99032E-05 9.99032E-05 9.99032E-05 9.99032E-05 0.998901 9.99032E-05 9.99032E-05
9.99032E-05 9.99032E-05 9.99032E-05 9.99032E-05 9.99032E-05 0.998901 9.99032E-05 9.99032E-05 9.99032E-05 9.99032E-05 9.99032E-05 9.99032E-05
9.99032E-05 9.99032E-05 9.99032E-05 9.99032E-05 9.99032E-05 9.99032E-05 9.99032E-05 9.99032E-05 9.99032E-05 0.998901 9.99032E-05 9.99032E-05
9.99032E-05 9.99032E-05 9.99032E-05 9.99032E-05 9.99032E-05 0.998901 9.99032E-05 9.99032E-05 9.99032E-05 9.99032E-05 9.99032E-05 9.99032E-05
9.99032E-05 9.99032E-05 9.99032E-05 9.99032E-05 9.99032E-05 0.998901 9.99032E-05 9.99032E-05 9.99032E-05 9.99032E-05 9.99032E-05 9.99032E-05
9.99032E-05 9.99032E-05 9.99032E-05 9.99032E-05 9.99032E-05 0.998901 9.99032E-05 9.99032E-05 9.99032E-05 9.99032E-05 9.99032E-05 9.99032E-05
9.99031E-05 9.99031E-05 9.99031E-05 9.99031E-05 9.99031E-05 9.99031E-05 9.99031E-05 9.99031E-05 9.99031E-05 0.998901 9.99031E-05 9.99031E-05
9.99032E-05 9.99032E-05 9.99032E-05 9.99032E-05 9.99032E-05 0.998901 9.99032E-05 9.99032E-05 9.99032E-05 9.99032E-05 9.99032E-05 9.99032E-05
9.99032E-05 9.99032E-05 9.99032E-05 9.99032E-05 9.99032E-05 0.998901 9.99032E-05 9.99032E-05 9.99032E-05 9.99032E-05 9.99032E-05 9.99032E-05
9.99031E-05 9.99031E-05 9.99031E-05 9.99031E-05 9.99031E-05 9.99031E-05 9.99031E-05 9.99031E-05 9.99031E-05 0.998901 9.99031E-05 9.99031E-05
9.99032E-05 9.99032E-05 9.99032E-05 9.99032E-05 9.99032E-05 9.99032E-05 9.99032E-05 9.99032E-05 9.99032E-05 0.998901 9.99032E-05 9.99032E-05
9.99031E-05 9.99031E-05 9.99031E-05 9.99031E-05 9.99031E-05 9.99031E-05 9.99031E-05 9.99031E-05 9.99031E-05 0.998901 9.99031E-05 9.99031E-05
9.99032E-05 9.99032E-05 9.99032E-05 9.99032E-05 9.99032E-05 0.998901 9.99032E-05 9.99032E-05 9.99032E-05 9.99032E-05 9.99032E-05 9.99032E-05
9.99032E-05 9.99032E-05 9.99032E-05 9.99032E-05 9.99032E-05 0.998901 9.99032E-05 9.99032E-05 9.99032E-05 9.99032E-05 9.99032E-05 9.99032E-05
9.99032E-05 9.99032E-05 9.99032E-05 9.99032E-05 9.99032E-05 9.99032E-05 9.99032E-05 9.99032E-05 9.99032E-05 0.998901 9.99032E-05 9.99032E-05
9.99031E-05 9.99031E-05 9.99031E-05 9.99031E-05 9.99031E-05 9.99031E-05 9.99031E-05 9.99031E-05 9.99031E-05 0.998901 9.99031E-05 9.99031E-05
9.9956E-05 0.0499221 9.9956E-05 0.0566171 0.107653 0.126968 0.192394 9.9956E-05 0.299806 0.16614 9.9956E-05 9.9956E-05
9.99031E-05 9.99031E-05 9.99031E-05 9.99031E-05 9.99031E-05 9.99031E-05 9.99031E-05 9.99031E-05 9.99031E-05 0.998901 9.99031E-05 9.99031E-05
9.99032E-05 9.99032E-05 9.99032E-05 9.99032E-05 9.99032E-05 0.998901 9.99032E-05 9.99032E-05 9.99032E-05 9.99032E-05 9.99032E-05 9.99032E-05
9.99031E-05 9.99031E-05 9.99031E-05 9.99031E-05 9.99031E-05 9.99031E-05 9.99031E-05 9.99031E-05 9.99031E-05 0.998901 9.99031E-05 9.99031E-05
9.99031E-05 9.99031E-05 9.99031E-05 9.99031E-05 9.99031E-05 9.99031E-05 9.99031E-05 9.99031E-05 9.99031E-05 0.998901 9.99031E-05 9.99031E-05
9.99032E-05 9.99032E-05 9.99032E-05 9.99032E-05 9.99032E-05 9.99032E-05 9.99032E-05 9.99032E-05 9.99032E-05 0.998901 9.99032E-05 9.99032E-05
9.99032E-05 9.99032E-05 9.99032E-05 9.99032E-05 9.99032E-05 0.998901 9.99032E-05 9.99032E-05 9.99032E-05 9.99032E-05 9.99032E-05 9.99032E-05
9.99031E-05 9.99031E-05 9.99031E-05 9.99031E-05 9.99031E-05 9.99031E-05 9.99031E-05 9.99031E-05 9.99031E-05 0.998901 9.99031E-05 9.99031E-05
9.99033E-05 9.99033E-05 9.99033E-05 9.99033E-05 9.99033E-05 0.998901 9.99033E-05 9.99033E-05 9.99033E-05 9.99033E-05 9.99033E-05 9.99033E-05
9.99032E-05 9.99032E-05 9.99032E-05 9.99032E-05 9.99032E-05 9.99032E-05 9.99032E-05 9.99032E-05 9.99032E-05 0.998901 9.99032E-05 9.99032E-05
9.99031E-05 9.99031E-05 9.99031E-05 9.99031E-05 9.99031E-05 9.99031E-05 9.99031E-05 9.99031E-05 9.99031E-05 0.998901 9.99031E-05 9.99031E-05
9.99032E-05 9.99032E-05 9.99032E-05 9.99032E-05 9.99032E-05 0.998901 9.99032E-05 9.99032E-05 9.99032E-05 9.99032E-05 9.99032E-05 9.99032E-05
9.99032E-05 9.99032E-05 9.99032E-05 9.99032E-05 9.99032E-05 0.998901 9.99032E-05 9.99032E-05 9.99032E-05 9.99032E-05 9.99032E-05 9.99032E-05
9.99032E-05 9.99032E-05 9.99032E-05 9.99032E-05 9.99032E-05 0.998901 9.99032E-05 9.99032E-05 9.99032E-05 9.99032E-05 9.99032E-05 9.99032E-05
9.99032E-05 9.99032E-05 9.99032E-05 9.99032E-05 9.99032E-05 9.99032E-05 9.99032E-05 9.99032E-05 9.99032E-05 0.998901 9.99032E-05 9.99032E-05
9.99032E-05 9.99032E-05 9.99032E-05 9.99032E-05 9.99032E-05 9.99032E-05 9.99032E-05 9.99032E-05 9.99032E-05 0.998901 9.99032E-05 9.99032E-05
9.99031E-05 9.99031E-05 9.99031E-05 9.99031E-05 9.99031E-05 9.99031E-05 9.99031E-05 9.99031E-05 9.99031E-05 0.998901 9.99031E-05 9.99031E-05
9.99032E-05 9.99032E-05 9.99032E-05 9.99032E-05 9.99032E-05 9.99032E-05 9.99032E-05 9.99032E-05 9.99032E-05 0.998901 9.99032E-05 9.99032E-05
9.99032E-05 9.99032E-05 9.99032E-05 9.99032E-05 9.99032E-05 9.99032E-05 9.99032E-05 9.99032E-05 9.99032E-05 0.998901 9.99032E-05 9.99032E-05
9.99032E-05 9.99032E-05 9.99032E-05 9.99032E-05 9.99032E-05 0.998901 9.99032E-05 9.99032E-05 9.99032E-05 9.99032E-05 9.99032E-05 9.99032E-05
9.99032E-05 9.99032E-05 9.99032E-05 9.99032E-05 9.99032E-05 0.998901 9.99032E-05 9.99032E-05 9.99032E-05 9.99032E-05 9.99032E-05 9.99032E-05
9.99032E-05 9.99032E-05 9.99032E-05 9.99032E-05 9.99032E-05 0.998901 9.99032E-05 9.99032E-05 9.99032E-05 9.99032E-05 9.99032E-05 9.99032E-05
9.99032E-05 9.99032E-05 9.99032E-05 9.99032E-05 9.99032E-05 9.99032E-05 9.99032E-05 9.99032E-05 9.99032E-05 0.998901 9.99032E-05 9.99032E-05
9.99031E-05 9.99031E-05 9.99031E-05 9.99031E-05 9.99031E-05 0.998901 9.99031E-05 9.99031E-05 9.99031E-05 9.99031E-05 9.99031E-05 9.99031E-05
9.99033E-05 9.99033E-05 9.99033E-05 9.99033E-05 9.99033E-05 0.998901 9.99033E-05 9.99033E-05 9.99033E-05 9.99033E-05 9.99033E-05 9.99033E-05
9.99032E-05 9.99032E-05 9.99032E-05 9.99032E-05 9.99032E-05 0.998901 9.99032E-05 9.99032E-05 9.99032E-05 9.99032E-05 9.99032E-05 9.99032E-05
9.99032E-05 9.99032E-05 9.99032E-05 9.99032E-05 9.99032E-05 0.998901 9.99032E-05 9.99032E-05 9.99032E-05 9.99032E-05 9.99032E-05 9.99032E-05
9.99032E-05 9.99032E-05 9.99032E-05 9.99032E-05 9.99032E-05 9.99032E-05 9.99032E-05 9.99032E-05 9.99032E-05 0.998901 9.99032E-05 9.99032E-05
9.99033E-05 9.99033E-05 9.99033E-05 9.99033E-05 9.99033E-05 0.998901 9.99033E-05 9.99033E-05 9.99033E-05 9.99033E-05 9.99033E-05 9.99033E-05
9.99032E-05 9.99032E-05 9.99032E-05 9.99032E-05 9.99032E-05 0.998901 9.99032E-05 9.99032E-05 9.99032E-05 9.99032E-05 9.99032E-05 9.99032E-05
9.9956E-05 0.0309323 9.9956E-05 0.0344787 0.0839381 0.132089 0.202925 9.9956E-05 0.326309 0.188828 9.9956E-05 9.9956E-05
9.99032E-05 9.99032E-05 9.99032E-05 9.99032E-05 9.99032E-05 9.99032E-05 9.99032E-05 9.99032E-05 9.99032E-05 0.998901 9.99032E-05 9.99032E-05
9.99032E-05 9.99032E-05 9.99032E-05 9.99032E-05 9.99032E-05 0.998901 9.99032E-05 9.99032E-05 9.99032E-05 9.99032E-05 9.99032E-05 9.99032E-05
9.99032E-05 9.99032E-05 9.99032E-05 9.99032E-05 9.99032E-05 0.998901 9.99032E-05 9.99032E-05 9.99032E-05 9.99032E-05 9.99032E-05 9.99032E-05
9.99032E-05 9.99032E-05 9.99032E-05 9.99032E-05 9.99032E-05 0.998901 9.99032E-05 9.99032E-05 9.99032E-05 9.99032E-05 9.99032E-05 9.99032E-05
9.99032E-05 9.99032E-05 9.99032E-05 9.99032E-05 9.99032E-05 0.998901 9.99032E-05 9.99032E-05 9.99032E-05 9.99032E-05 9.99032E-05 9.99032E-05
9.99032E-05 9.99032E-05 9.99032E-05 9.99032E-05 9.99032E-05 9.99032E-05 9.99032E-05 9.99032E-05 9.99032E-05 0.998901 9.99032E-05 9.99032E-05
9.99032E-05 9.99032E-05 9.99032E-05 9.99032E-05 9.99032E-05 0.998901 9.99032E-05 9.99032E-05 9.99032E-05 9.99032E-05 9.99032E-05 9.99032E-05
9.99032E-05 9.99032E-05 9.99032E-05 9.99032E-05 9.99032E-05 9.99032E-05 9.99032E-05 9.99032E-05 9.99032E-05 0.998901 9.99032E-05 9.99032E-05
9.99032E-05 9.99032E-05 9.99032E-05 9.99032E-05 9.99032E-05 0.998901 9.99032E-05 9.99032E-05 9.99032E-05 9.99032E-05 9.99032E-05 9.99032E-05
9.99032E-05 9.99032E-05 9.99032E-05 9.99032E-05 9.99032E-05 9.99032E-05 9.99032E-05 9.99032E-05 9.99032E-05 0.998901 9.99032E-05 9.99032E-05
9.99032E-05 9.99032E-05 9.99032E-05 9.99032E-05 9.99032E-05 0.998901 9.99032E-05 9.99032E-05 9.99032E-05 9.99032E-05 9.99032E-05 9.99032E-05
9.99032E-05 9.99032E-05 9.99032E-05 9.99032E-05 9.99032E-05 0.998901 9.99032E-05 9.99032E-05 9.99032E-05 9.99032E-05 9.99032E-05 9.99032E-05
9.99032E-05 9.99032E-05 9.99032E-05 9.99032E-05 9.99032E-05 0.998901 9.99032E-05 9.99032E-05 9.99032E-05 9.99032E-05 9.99032E-05 9.99032E-05
9.99032E-05 9.99032E-05 9.99032E-05 9.99032E-05 9.99032E-05 0.998901 9.99032E-05 9.99032E-05 9.99032E-05 9.99032E-05 9.99032E-05 9.99032E-05
9.99032E-05 9.99032E-05 9.99032E-05 9.99032E-05 9.99032E-05 0.998901 9.99032E-05 9.99032E-05 9.99032E-05 9.99032E-05 9.99032E-05 9.99032E-05
9.99032E-05 9.99032E-05 9.99032E-05 9.99032E-05 9.99032E-05 0.998901 9.99032E-05 9.99032E-05 9.99032E-05 9.99032E-05 9.99032E-05 9.99032E-05
9.99031E-05 9.99031E-05 9.99031E-05 9.99031E-05 9.99031E-05 9.99031E-05 9.99031E-05 9.99031E-05 9.99031E-05 0.998901 9.99031E-05 9.99031E-05
9.99031E-05 9.99031E-05 9.99031E-05 9.99031E-05 9.99031E-05 9.99031E-05 9.99031E-05 9.99031E-05 9.99031E-05 0.998901 9.99031E-05 9.99031E-05
9.99031E-05 9.99031E-05 9.99031E-05 9.99031E-05 9.99031E-05 9.99031E-05 9.99031E-05 9.99031E-05 9.99031E-05 0.998901 9.99031E-05 9.99031E-05
9.99032E-05 9.99032E-05 9.99032E-05 9.99032E-05 9.99032E-05 0.998901 9.99032E-05 9.99032E-05 9.99032E-05 9.99032E-05 9.99032E-05 9.99032E-05
9.99032E-05 9.99032E-05 9.99032E-05 9.99032E-05 9.99032E-05 9.99032E-05 9.99032E-05 9.99032E-05 9.99032E-05 0.998901 9.99032E-05 9.99032E-05
9.99031E-05 9.99031E-05 9.99031E-05 9.99031E-05 9.99031E-05 9.99031E-05 9.99031E-05 9.99031E-05 9.99031E-05 0.998901 9.99031E-05 9.99031E-05
9.99032E-05 9.99032E-05 9.99032E-05 9.99032E-05 9.99032E-05 9.99032E-05 9.99032E-05 9.99032E-05 9.99032E-05 0.998901 9.99032E-05 9.99032E-05
9.99032E-05 9.99032E-05 9.99032E-05 9.99032E-05 9.99032E-05 0.998901 9.99032E-05 9.99032E-05 9.99032E-05 9.99032E-05 9.99032E-05 9.99032E-05
9.99032E-05 9.99032E-05 9.99032E-05 9.99032E-05 9.99032E-05 0.998901 9.99032E-05 9.99032E-05 9.99032E-05 9.99032E-05 9.99032E-05 9.99032E-05
9.99033E-05 9.99033E-05 9.99033E-05 9.99033E-05 9.99033E-05 0.998901 9.99033E-05 9.99033E-05 9.99033E-05 9.99033E-05 9.99033E-05 9.99033E-05
9.99031E-05 9.99031E-05 9.99031E-05 9.99031E-05 9.99031E-05 9.99031E-05 9.99031E-05 9.99031E-05 9.99031E-05 0.998901 9.99031E-05 9.99031E-05
9.99032E-05 9.99032E-05 9.99032E-05 9.99032E-05 9.99032E-05 0.998901 9.99032E-05 9.99032E-05 9.99032E-05 9.99032E-05 9.99032E-05 9.99032E-05
9.99032E-05 9.99032E-05 9.99032E-05 9.99032E-05 9.99032E-05 0.998901 9.99032E-05 9.99032E-05 9.99032E-05 9.99032E-05 9.99032E-05 9.99032E-05
9.99031E-05 9.99031E-05 9.99031E-05 9.99031E-05 9.99031E-05 9.99031E-05 9.99031E-05 9.99031E-05 9.99031E-05 0.998901 9.99031E-05 9.99031E-05
9.99033E-05 9.99033E-05 9.99033E-05 9.99033E-05 9.99033E-05 0.998901 9.99033E-05 9.99033E-05 9.99033E-05 9.99033E-05 9.99033E-05 9.99033E-05
9.99032E-05 9.99032E-05 9.99032E-05 9.99032E-05 9.99032E-05 0.998901 9.99032E-05 9.99032E-05 9.99032E-05 9.99032E-05 9.99032E-05 9.99032E-05
0.0286059 9.9956E-05 0.084619 0.032467 9.9956E-05 0.129006 9.9956E-05 9.9956E-05 0.204789 0.356436 9.9956E-05 0.163577
9.99032E-05 9.99032E-05 9.99032E-05 9.99032E-05 9.99032E-05 9.99032E-05 9.99032E-05 9.99032E-05 9.99032E-05 0.998901 9.99032E-05 9.99032E-05
9.99032E-05 9.99032E-05 9.99032E-05 9.99032E-05 9.99032E-05 0.998901 9.99032E-05 9.99032E-05 9.99032E-05 9.99032E-05 9.99032E-05 9.99032E-05
9.99386E-05 9.99386E-05 9.99386E-05 9.99386E-05 0.101163 0.497475 9.99386E-05 9.99386E-05 0.348417 0.0274596 9.99386E-05 0.0247858
9.99561E-05 0.017893 9.99561E-05 9.99561E-05 0.0741266 0.302028 0.0307293 0.0181611 0.363238 0.193325 9.99561E-05 9.99561E-05
9.99297E-05 9.99297E-05 9.99297E-05 9.99297E-05 0.054187 0.184587 9.99297E-05 9.99297E-05 0.373506 0.38692 9.99297E-05 9.99297E-05
9.99384E-05 9.99384E-05 0.0418599 0.0335184 9.99384E-05 9.99384E-05 0.143926 9.99384E-05 0.530036 0.24996 9.99384E-05 9.99384E-05
0.025303 9.99297E-05 9.99297E-05 9.99297E-05 9.99297E-05 0.3183 9.99297E-05 9.99297E-05 0.321169 0.334428 9.99297E-05 9.99297E-05
0.0913133 9.99474E-05 9.99474E-05 9.99474E-05 0.0382261 0.0866031 9.99474E-05 9.99474E-05 0.724393 0.0119912 0.0468736 9.99474E-05
9.99385E-05 9.99385E-05 9.99385E-05 9.99385E-05 9.99385E-05 0.341602 0.160452 9.99385E-05 0.221699 0.265712 9.99385E-05 0.00983564
9.9956E-05 0.0130484 0.0495756 9.9956E-05 0.0576875 0.212472 9.9956E-05 9.9956E-05 0.477907 0.0954247 9.9956E-05 0.0933856
9.9921E-05 9.9921E-05 9.9921E-05 9.9921E-05 9.9921E-05 0.221845 9.9921E-05 9.9921E-05 0.70816 0.0690954 9.9921E-05 9.9921E-05
9.99472E-05 0.00151444 9.99472E-05 0.0302011 0.106932 9.99472E-05 9.99472E-05 0.0216118 0.672277 0.166865 9.99472E-05 9.99472E-05
9.99298E-05 9.99298E-05 9.99298E-05 9.99298E-05 9.99298E-05 0.118672 9.99298E-05 9.99298E-05 0.570125 0.20566 9.99298E-05 0.104744
0.0408101 9.99385E-05 9.99385E-05 9.99385E-05 9.99385E-05 0.542714 0.0580316 9.99385E-05 0.283549 0.074196 9.99385E-05 9.99385E-05
0.0176934 9.99473E-05 0.0489824 0.133308 9.99473E-05 0.242816 9.99473E-05 9.99473E-05 0.178116 0.378484 9.99473E-05 9.99473E-05
9.99472E-05 0.0296711 0.140878 9.99472E-05 0.0298933 0.056746 9.99472E-05 9.99472E-05 0.628318 0.113895 9.99472E-05 9.99472E-05
9.99296E-05 9.99296E-05 9.99296E-05 9.99296E-05 9.99296E-05 0.175174 9.99296E-05 9.99296E-05 0.441808 0.309007 9.99296E-05 0.0732122
0.115524 9.99473E-05 9.99473E-05 9.99473E-05 9.99473E-05 0.334784 9.99473E-05 0.0920034 0.237413 0.174388 9.99473E-05 0.0452883
0.00716703 9.99385E-05 9.99385E-05 9.99385E-05 0.062698 0.211193 9.99385E-05 9.99385E-05 0.65657 0.0616727 9.99385E-05 9.99385E-05
9.99473E-05 9.99473E-05 0.00906783 0.0717626 9.99473E-05 0.0868425 9.99473E-05 9.99473E-05 0.299286 0.436565 9.99473E-05 0.0958758
0.141705 0.129738 9.99472E-05 9.99472E-05 9.99472E-05 0.218135 9.99472E-05 0.0769401 0.38116 9.99472E-05 9.99472E-05 0.0517217
9.99384E-05 9.99384E-05 9.99384E-05 9.99384E-05 0.0381391 0.173788 9.99384E-05 0.0782766 0.441943 0.267153 9.99384E-05 9.99384E-05
9.99384E-05 0.0656523 9.99384E-05 9.99384E-05 9.99384E-05 0.124062 9.99384E-05 0.0665555 0.594331 0.1487 9.99384E-05 9.99384E-05
9.99297E-05 9.99297E-05 9.99297E-05 0.0310588 9.99297E-05 0.301285 9.99297E-05 0.116671 0.550185 9.99297E-05 9.99297E-05 9.99297E-05
9.9956E-05 0.0346693 0.0114136 0.119624 9.9956E-05 0.163199 9.9956E-05 9.9956E-05 0.402496 0.235444 9.9956E-05 0.0326543
9.99472E-05 0.0095457 9.99472E-05 9.99472E-05 9.99472E-05 0.172703 9.99472E-05 0.142759 0.445603 0.21201 9.99472E-05 0.0167796
9.9956E-05 0.00192619 0.124761 9.9956E-05 0.0308754 0.0808622 9.9956E-05 0.00572941 0.679235 0.0761109 9.9956E-05 9.9956E-05
0.0413392 9.9921E-05 9.9921E-05 9.9921E-05 9.9921E-05 0.0236591 9.9921E-05 9.9921E-05 0.934102 9.9921E-05 9.9921E-05 9.9921E-05
9.9956E-05 9.9956E-05 0.0117271 9.9956E-05 9.9956E-05 0.0458873 0.0359964 0.222137 0.476736 0.195156 9.9956E-05 0.01186
9.99385E-05 9.99385E-05 9.99385E-05 9.99385E-05 0.170149 0.290728 0.00487262 9.99385E-05 0.251909 0.281641 9.99385E-05 9.99385E-05
9.99472E-05 0.0367052 0.0689354 0.0246799 9.99472E-05 9.99472E-05 9.99472E-05 0.110807 0.610151 0.148121 9.99472E-05 9.99472E-05
9.99473E-05 0.0794489 0.122576 9.99473E-05 9.99473E-05 0.204217 9.99473E-05 9.99473E-05 0.472338 0.113629 9.99473E-05 0.00719041
0.0604166 9.99648E-05 9.99648E-05 0.0126566 9.99648E-05 0.366998 0.0476162 0.107707 0.256358 0.134104 9.99648E-05 0.0137433
9.99297E-05 9.99297E-05 9.99297E-05 9.99297E-05 9.99297E-05 0.348049 9.99297E-05 9.99297E-05 0.479153 0.125917 9.99297E-05 0.046081
0.192406 0.0133754 9.99472E-05 9.99472E-05 9.99472E-05 0.206474 9.99472E-05 0.0656582 0.364758 0.156729 9.99472E-05 9.99472E-05
9.99385E-05 9.99385E-05 0.0243752 9.99385E-05 9.99385E-05 0.226443 9.99385E-05 0.134768 0.392585 0.221129 9.99385E-05 9.99385E-05
9.99472E-05 9.99472E-05 0.0621305 9.99472E-05 9.99472E-05 0.161024 9.99472E-05 0.0883926 0.390221 0.219293 9.99472E-05 0.0783395
9.99297E-05 9.99297E-05 9.99297E-05 9.99297E-05 9.99297E-05 0.0589058 0.0453068 9.99297E-05 0.651265 0.243723 9.99297E-05 9.99297E-05
9.99034E-05 9.99034E-05 9.99034E-05 9.99034E-05 9.99034E-05 9.99034E-05 9.99034E-05 9.99034E-05 0.998901 9.99034E-05 9.99034E-05 9.99034E-05
0.0847431 9.99472E-05 9.99472E-05 0.0625073 9.99472E-05 9.99472E-05 0.112905 9.99472E-05 0.343682 0.290076 9.99472E-05 0.105486
9.99473E-05 0.0947275 9.99473E-05 0.0843216 9.99473E-05 0.0334005 9.99473E-05 9.99473E-05 0.6436 0.0761367 9.99473E-05 0.0672143
0.00494196 9.99473E-05 9.99473E-05 9.99473E-05 9.99473E-05 0.208482 0.14568 0.119219 0.342574 0.178504 9.99473E-05 9.99473E-05
9.99384E-05 9.99384E-05 0.0152276 9.99384E-05 9.99384E-05 0.0988182 9.99384E-05 0.0261327 0.502531 0.356591 9.99384E-05 9.99384E-05
9.99385E-05 9.99385E-05 9.99385E-05 9.99385E-05 0.131517 0.0996402 9.99385E-05 0.0921628 0.562446 0.113534 9.99385E-05 9.99385E-05
9.99472E-05 9.99472E-05 9.99472E-05 9.99472E-05 0.031098 0.264148 0.109504 0.00321954 0.406554 0.184877 9.99472E-05 9.99472E-05
0.0941035 9.99385E-05 0.00225256 9.99385E-05 9.99385E-05 0.561454 9.99385E-05 9.99385E-05 0.237292 0.104199 9.99385E-05 9.99385E-05
0.0407073 9.99385E-05 0.0124334 9.99385E-05 9.99385E-05 0.389449 9.99385E-05 9.99385E-05 0.19039 0.366321 9.99385E-05 9.99385E-05
9.99384E-05 9.99384E-05 0.00799115 9.99384E-05 9.99384E-05 0.183408 9.99384E-05 0.100322 0.559217 0.148362 9.99384E-05 9.99384E-05
9.99034E-05 9.99034E-05 9.99034E-05 9.99034E-05 9.99034E-05 9.99034E-05 9.99034E-05 9.99034E-05 0.998901 9.99034E-05 9.99034E-05 9.99034E-05
9.99472E-05 0.0232977 9.99472E-05 9.99472E-05 9.99472E-05 0.246165 9.99472E-05 0.0756076 0.566488 0.0616896 9.99472E-05 0.0261523
9.99123E-05 9.99123E-05 9.99123E-05 9.99123E-05 9.99123E-05 9.99123E-05 9.99123E-05 0.0386151 0.960386 9.99123E-05 9.99123E-05 9.99123E-05
0.276394 9.99473E-05 0.0624409 0.0803555 9.99473E-05 0.191349 9.99473E-05 9.99473E-05 0.211332 0.177528 9.99473E-05 9.99473E-05
0.0657153 9.99123E-05 9.99123E-05 9.99123E-05 9.99123E-05 9.99123E-05 9.99123E-05 9.99123E-05 0.933286 9.99123E-05 9.99123E-05 9.99123E-05
0.0570406 9.99385E-05 9.99385E-05 0.0632518 9.99385E-05 9.99385E-05 9.99385E-05 9.99385E-05 0.495496 0.368052 9.99385E-05 0.0154598
0.284789 9.99385E-05 9.99385E-05 9.99385E-05 9.99385E-05 9.99385E-05 9.99385E-05 0.229966 0.221701 0.248446 9.99385E-05 0.0143984
0.281225 0.00286849 9.99473E-05 9.99473E-05 9.99473E-05 0.255217 9.99473E-05 0.0683758 0.321928 0.0697855 9.99473E-05 9.99473E-05
9.9956E-05 9.9956E-05 9.9956E-05 0.00778722 0.0559454 0.118149 0.0288959 0.162603 0.610168 0.0159519 9.9956E-05 9.9956E-05
9.9921E-05 9.9921E-05 9.9921E-05 9.9921E-05 9.9921E-05 0.382739 9.9921E-05 9.9921E-05 0.523266 0.0930951 9.9921E-05 9.9921E-05
0.112964 9.99212E-05 9.99212E-05 9.99212E-05 9.99212E-05 9.99212E-05 9.99212E-05 9.99212E-05 0.732068 0.154068 9.99212E-05 9.99212E-05
0.0356153 9.99297E-05 9.99297E-05 9.99297E-05 9.99297E-05 0.213758 9.99297E-05 9.99297E-05 0.724729 9.99297E-05 9.99297E-05 0.0250982
9.99385E-05 0.0616658 9.99385E-05 9.99385E-05 9.99385E-05 0.231821 0.00925447 9.99385E-05 0.498077 0.198482 9.99385E-05 9.99385E-05
0.0831401 9.99298E-05 9.99298E-05 9.99298E-05 9.99298E-05 0.217488 9.99298E-05 9.99298E-05 0.447951 0.250622 9.99298E-05 9.99298E-05
9.9921E-05 9.9921E-05 9.9921E-05 9.9921E-05 9.9921E-05 0.00448226 9.9921E-05 9.9921E-05 0.991937 0.00268117 9.9921E-05 9.9921E-05
9.99123E-05 9.99123E-05 9.99123E-05 9.99123E-05 9.99123E-05 0.111976 9.99123E-05 9.99123E-05 0.887025 9.99123E-05 9.99123E-05 9.99123E-05
9.99212E-05 9.99212E-05 9.99212E-05 9.99212E-05 9.99212E-05 9.99212E-05 9.99212E-05 9.99212E-05 0.774134 0.183523 0.0414432 9.99212E-05
9.99385E-05 9.99385E-05 9.99385E-05 9.99385E-05 0.0447255 0.161587 9.99385E-05 9.99385E-05 0.572475 0.146917 9.99385E-05 0.0735961
9.99384E-05 0.0875779 9.99384E-05 9.99384E-05 9.99384E-05 0.166969 9.99384E-05 9.99384E-05 0.537601 0.129608 9.99384E-05 0.0775449
9.99473E-05 0.00377932 0.0174414 0.00886393 9.99473E-05 0.292473 9.99473E-05 0.0363166 0.640526 9.99473E-05 9.99473E-05 9.99473E-05
9.99211E-05 9.99211E-05 9.99211E-05 9.99211E-05 9.99211E-05 0.094036 9.99211E-05 9.99211E-05 0.817275 0.0877895 9.99211E-05 9.99211E-05
9.99473E-05 0.061377 0.0224028 0.000977434 9.99473E-05 0.202569 9.99473E-05 9.99473E-05 0.39225 0.319824 9.99473E-05 9.99473E-05
9.99384E-05 0.0307057 9.99384E-05 9.99384E-05 9.99384E-05 0.074723 9.99384E-05 9.99384E-05 0.473054 0.347432 9.99384E-05 0.0733858
0.185754 0.0639761 9.99299E-05 9.99299E-05 9.99299E-05 9.99299E-05 9.99299E-05 9.99299E-05 0.673101 0.0763689 9.99299E-05 9.99299E-05
0.237841 0.0421913 9.99385E-05 9.99385E-05 9.99385E-05 0.0267354 9.99385E-05 9.99385E-05 0.426021 0.266512 9.99385E-05 9.99385E-05
