9.98507E-05 0.0151561 9.98507E-05 9.98507E-05 9.98507E-05 9.98507E-05 9.98507E-05 9.98507E-05 9.98507E-05 9.98507E-05 0.013122 0.050393 9.98507E-05 0.371434 0.0779619 9.98507E-05 9.98507E-05 9.98507E-05 0.0520687 9.98507E-05 9.98507E-05 0.236343 9.98507E-05 9.98507E-05 0.181824
9.98157E-05 9.98157E-05 9.98157E-05 9.98157E-05 9.98157E-05 9.98157E-05 9.98157E-05 9.98157E-05 9.98157E-05 9.98157E-05 9.98157E-05 9.98157E-05 9.98157E-05 0.495461 9.98157E-05 0.2831 9.98157E-05 9.98157E-05 0.0691877 9.98157E-05 9.98157E-05 0.150155 9.98157E-05 9.98157E-05 9.98157E-05
9.9807E-05 9.9807E-05 9.9807E-05 9.9807E-05 9.9807E-05 9.9807E-05 9.9807E-05 9.9807E-05 9.9807E-05 9.9807E-05 0.0144776 9.9807E-05 9.9807E-05 9.9807E-05 9.9807E-05 0.976499 9.9807E-05 9.9807E-05 9.9807E-05 9.9807E-05 9.9807E-05 9.9807E-05 9.9807E-05 0.00682804 9.9807E-05
0.123128 0.0544857 9.98859E-05 0.277577 9.98859E-05 9.98859E-05 0.0304797 0.0238459 9.98859E-05 9.98859E-05 0.0216223 9.98859E-05 9.98859E-05 0.158805 9.98859E-05 0.117837 0.0073456 9.98859E-05 9.98859E-05 0.0300816 9.98859E-05 9.98859E-05 9.98859E-05 0.0430273 0.110467
0.113402 9.98245E-05 9.98245E-05 9.98245E-05 9.98245E-05 9.98245E-05 9.98245E-05 0.0147201 0.048129 9.98245E-05 9.98245E-05 9.98245E-05 9.98245E-05 0.774861 9.98245E-05 0.0468909 9.98245E-05 9.98245E-05 9.98245E-05 9.98245E-05 9.98245E-05 9.98245E-05 9.98245E-05 9.98245E-05 9.98245E-05
0.13702 9.98773E-05 0.0392927 9.98773E-05 0.0736182 9.98773E-05 9.98773E-05 0.184232 0.00908481 9.98773E-05 9.98773E-05 9.98773E-05 9.98773E-05 0.0807108 9.98773E-05 0.0788706 0.0840438 9.98773E-05 0.101181 9.98773E-05 9.98773E-05 0.208138 9.98773E-05 0.00241072 9.98773E-05
9.98684E-05 0.096817 9.98684E-05 0.0813212 0.10481 9.98684E-05 9.98684E-05 0.0715908 9.98684E-05 0.0409026 0.0178037 9.98684E-05 9.98684E-05 0.317231 9.98684E-05 9.98684E-05 9.98684E-05 9.98684E-05 0.150402 9.98684E-05 9.98684E-05 0.0199337 9.98684E-05 9.98684E-05 0.0976909
0.0594187 0.0273919 9.98773E-05 9.98773E-05 0.00717957 9.98773E-05 0.166124 0.0257001 9.98773E-05 9.98773E-05 9.98773E-05 0.109213 0.0458364 9.98773E-05 9.98773E-05 0.20267 0.128829 0.0496492 9.98773E-05 9.98773E-05 9.98773E-05 9.98773E-05 9.98773E-05 9.98773E-05 0.17659
0.05281 9.98421E-05 9.98421E-05 9.98421E-05 9.98421E-05 9.98421E-05 0.103066 9.98421E-05 9.98421E-05 0.101065 0.253777 9.98421E-05 9.98421E-05 0.158642 9.98421E-05 0.0972781 0.231565 9.98421E-05 9.98421E-05 9.98421E-05 9.98421E-05 9.98421E-05 9.98421E-05 9.98421E-05 9.98421E-05
9.97982E-05 9.97982E-05 9.97982E-05 9.97982E-05 9.97982E-05 9.97982E-05 9.97982E-05 9.97982E-05 9.97982E-05 9.97982E-05 9.97982E-05 9.97982E-05 0.0260683 0.971636 9.97982E-05 9.97982E-05 9.97982E-05 9.97982E-05 9.97982E-05 9.97982E-05 9.97982E-05 9.97982E-05 9.97982E-05 9.97982E-05 9.97982E-05
9.98246E-05 0.149564 9.98246E-05 9.98246E-05 9.98246E-05 9.98246E-05 9.98246E-05 9.98246E-05 9.98246E-05 9.98246E-05 0.181183 9.98246E-05 9.98246E-05 0.598811 9.98246E-05 9.98246E-05 0.0398885 9.98246E-05 9.98246E-05 9.98246E-05 9.98246E-05 9.98246E-05 9.98246E-05 9.98246E-05 0.0285578
9.98157E-05 9.98157E-05 9.98157E-05 0.0196204 9.98157E-05 9.98157E-05 9.98157E-05 0.0180662 9.98157E-05 9.98157E-05 9.98157E-05 9.98157E-05 9.98157E-05 9.98157E-05 9.98157E-05 0.952185 9.98157E-05 9.98157E-05 9.98157E-05 9.98157E-05 0.00803212 9.98157E-05 9.98157E-05 9.98157E-05 9.98157E-05
9.98071E-05 9.98071E-05 9.98071E-05 9.98071E-05 9.98071E-05 9.98071E-05 9.98071E-05 9.98071E-05 9.98071E-05 9.98071E-05 0.0715758 9.98071E-05 9.98071E-05 0.810258 9.98071E-05 9.98071E-05 9.98071E-05 9.98071E-05 9.98071E-05 9.98071E-05 9.98071E-05 9.98071E-05 9.98071E-05 9.98071E-05 0.11597
9.98564E-05 0.0820829 9.98564E-05 9.98564E-05 9.98564E-05 0.057211 9.98564E-05 9.98564E-05 9.98564E-05 9.98564E-05 0.119651 9.98564E-05 9.98564E-05 0.109835 9.98564E-05 0.473523 9.98564E-05 9.98564E-05 0.0135292 9.98564E-05 0.0237835 9.98564E-05 0.118687 9.98564E-05 9.98564E-05
9.98597E-05 9.98597E-05 9.98597E-05 9.98597E-05 9.98597E-05 9.98597E-05 9.98597E-05 9.98597E-05 9.98597E-05 9.98597E-05 0.0843885 0.0142208 9.98597E-05 0.284479 9.98597E-05 9.98597E-05 0.0926639 9.98597E-05 9.98597E-05 0.00702951 0.145759 0.266672 0.0259592 0.0772303 9.98597E-05
0.116241 9.98682E-05 0.0786549 9.98682E-05 9.98682E-05 9.98682E-05 0.00533903 9.98682E-05 9.98682E-05 9.98682E-05 0.0906117 9.98682E-05 9.98682E-05 0.0557624 9.98682E-05 0.189848 0.0846129 0.134411 9.98682E-05 9.98682E-05 9.98682E-05 0.159424 9.98682E-05 9.98682E-05 0.0835978
9.98596E-05 0.0388708 9.98596E-05 0.0247885 9.98596E-05 0.118834 9.98596E-05 9.98596E-05 9.98596E-05 9.98596E-05 0.0823258 9.98596E-05 9.98596E-05 0.282438 0.0606945 0.30288 9.98596E-05 0.0148799 0.0726915 9.98596E-05 9.98596E-05 9.98596E-05 9.98596E-05 9.98596E-05 9.98596E-05
9.98422E-05 9.98422E-05 9.98422E-05 9.98422E-05 9.98422E-05 9.98422E-05 9.98422E-05 9.98422E-05 9.98422E-05 9.98422E-05 0.159505 9.98422E-05 0.147655 0.185812 9.98422E-05 9.98422E-05 0.0934041 9.98422E-05 9.98422E-05 0.0727121 9.98422E-05 0.248557 9.98422E-05 9.98422E-05 0.0905585
9.98508E-05 9.98508E-05 0.0168761 9.98508E-05 9.98508E-05 9.98508E-05 9.98508E-05 0.147416 9.98508E-05 9.98508E-05 0.161595 9.98508E-05 9.98508E-05 0.283021 9.98508E-05 0.0976654 0.110666 9.98508E-05 9.98508E-05 9.98508E-05 0.00266613 9.98508E-05 9.98508E-05 9.98508E-05 0.178398
9.97896E-05 9.97896E-05 9.97896E-05 9.97896E-05 9.97896E-05 9.97896E-05 9.97896E-05 9.97896E-05 9.97896E-05 9.97896E-05 9.97896E-05 9.97896E-05 9.97896E-05 0.997605 9.97896E-05 9.97896E-05 9.97896E-05 9.97896E-05 9.97896E-05 9.97896E-05 9.97896E-05 9.97896E-05 9.97896E-05 9.97896E-05 9.97896E-05
9.98772E-05 0.00896196 0.0734727 9.98772E-05 9.98772E-05 9.98772E-05 0.168878 9.98772E-05 9.98772E-05 0.0331511 9.98772E-05 9.98772E-05 0.00776922 0.148685 9.98772E-05 0.339326 0.0998834 0.0717548 9.98772E-05 0.0353527 9.98772E-05 9.98772E-05 9.98772E-05 9.98772E-05 0.011367
9.98422E-05 9.98422E-05 9.98422E-05 9.98422E-05 9.98422E-05 9.98422E-05 9.98422E-05 0.10036 0.0478898 9.98422E-05 9.98422E-05 9.98422E-05 9.98422E-05 0.286285 9.98422E-05 9.98422E-05 0.0947198 9.98422E-05 0.0156554 9.98422E-05 9.98422E-05 9.98422E-05 9.98422E-05 0.0286776 0.424615
0.0556508 0.0174182 9.98246E-05 9.98246E-05 9.98246E-05 9.98246E-05 9.98246E-05 9.98246E-05 9.98246E-05 9.98246E-05 0.0830757 9.98246E-05 9.98246E-05 9.98246E-05 9.98246E-05 0.654621 9.98246E-05 9.98246E-05 9.98246E-05 9.98246E-05 9.98246E-05 0.187237 9.98246E-05 9.98246E-05 9.98246E-05
9.98334E-05 9.98334E-05 9.98334E-05 9.98334E-05 9.98334E-05 9.98334E-05 9.98334E-05 9.98334E-05 9.98334E-05 0.0558687 0.218306 9.98334E-05 9.98334E-05 0.35197 9.98334E-05 0.00687386 9.98334E-05 9.98334E-05 9.98334E-05 9.98334E-05 9.98334E-05 0.0551304 9.98334E-05 9.98334E-05 0.309955
9.98508E-05 0.0205386 9.98508E-05 9.98508E-05 9.98508E-05 9.98508E-05 9.98508E-05 9.98508E-05 9.98508E-05 9.98508E-05 0.271738 9.98508E-05 9.98508E-05 9.98508E-05 9.98508E-05 0.235408 0.0123087 9.98508E-05 9.98508E-05 0.0685676 0.103752 9.98508E-05 9.98508E-05 0.14706 0.138929
9.98421E-05 0.00288159 9.98421E-05 0.037431 9.98421E-05 9.98421E-05 9.98421E-05 9.98421E-05 9.98421E-05 9.98421E-05 0.102923 9.98421E-05 9.98421E-05 0.745082 9.98421E-05 9.98421E-05 0.000268283 9.98421E-05 9.98421E-05 9.98421E-05 9.98421E-05 9.98421E-05 9.98421E-05 0.0702242 0.0393929
9.98332E-05 9.98332E-05 9.98332E-05 9.98332E-05 9.98332E-05 9.98332E-05 9.98332E-05 9.98332E-05 9.98332E-05 9.98332E-05 0.0520017 9.98332E-05 0.138069 0.0768064 9.98332E-05 9.98332E-05 9.98332E-05 0.0503678 9.98332E-05 9.98332E-05 9.98332E-05 9.98332E-05 9.98332E-05 0.276341 0.404517
9.98335E-05 9.98335E-05 9.98335E-05 0.0788524 9.98335E-05 9.98335E-05 9.98335E-05 0.016255 9.98335E-05 9.98335E-05 0.0180443 9.98335E-05 9.98335E-05 0.339892 9.98335E-05 0.507895 9.98335E-05 9.98335E-05 9.98335E-05 9.98335E-05 9.98335E-05 9.98335E-05 9.98335E-05 9.98335E-05 0.0371642
9.98422E-05 0.00808855 9.98422E-05 9.98422E-05 9.98422E-05 9.98422E-05 9.98422E-05 9.98422E-05 9.98422E-05 9.98422E-05 0.160713 9.98422E-05 9.98422E-05 0.234462 9.98422E-05 0.428369 9.98422E-05 9.98422E-05 9.98422E-05 9.98422E-05 9.98422E-05 0.0828491 9.98422E-05 0.0444979 0.0392232
9.98508E-05 9.98508E-05 0.00358841 9.98508E-05 9.98508E-05 9.98508E-05 9.98508E-05 0.00907575 9.98508E-05 0.0125809 0.0648907 9.98508E-05 9.98508E-05 9.98508E-05 0.0126706 0.767804 0.012971 9.98508E-05 9.98508E-05 9.98508E-05 9.98508E-05 9.98508E-05 0.114721 9.98508E-05 9.98508E-05
9.98421E-05 0.144876 0.0246954 9.98421E-05 9.98421E-05 9.98421E-05 9.98421E-05 0.0279603 9.98421E-05 9.98421E-05 9.98421E-05 9.98421E-05 0.028177 0.532362 9.98421E-05 9.98421E-05 0.0531771 9.98421E-05 9.98421E-05 9.98421E-05 9.98421E-05 0.186956 9.98421E-05 9.98421E-05 9.98421E-05
0.175705 0.0933633 9.98424E-05 0.0511375 9.98424E-05 0.0346913 9.98424E-05 9.98424E-05 0.0359338 9.98424E-05 0.0595293 9.98424E-05 9.98424E-05 0.547843 9.98424E-05 9.98424E-05 9.98424E-05 9.98424E-05 9.98424E-05 9.98424E-05 9.98424E-05 9.98424E-05 9.98424E-05 9.98424E-05 9.98424E-05
9.98508E-05 0.0852648 9.98508E-05 9.98508E-05 9.98508E-05 9.98508E-05 9.98508E-05 9.98508E-05 9.98508E-05 9.98508E-05 0.144032 9.98508E-05 9.98508E-05 0.2852 9.98508E-05 0.244178 9.98508E-05 0.0345145 9.98508E-05 9.98508E-05 9.98508E-05 0.0241512 9.98508E-05 0.0687012 0.11226
9.9842E-05 0.0176834 9.9842E-05 9.9842E-05 9.9842E-05 0.0265516 9.9842E-05 9.9842E-05 9.9842E-05 9.9842E-05 0.0986786 9.9842E-05 0.00786666 9.9842E-05 9.9842E-05 0.649708 9.9842E-05 9.9842E-05 9.9842E-05 9.9842E-05 9.9842E-05 9.9842E-05 9.9842E-05 0.043154 0.15456
9.98423E-05 9.98423E-05 9.98423E-05 9.98423E-05 9.98423E-05 9.98423E-05 9.98423E-05 9.98423E-05 9.98423E-05 9.98423E-05 0.00920539 9.98423E-05 9.98423E-05 9.98423E-05 0.0136046 0.90527 0.00642959 9.98423E-05 0.00506879 0.00721314 9.98423E-05 9.98423E-05 9.98423E-05 9.98423E-05 0.0514117
9.98684E-05 9.98684E-05 9.98684E-05 0.108701 9.98684E-05 9.98684E-05 9.98684E-05 9.98684E-05 9.98684E-05 0.025413 0.0190911 9.98684E-05 9.98684E-05 0.676527 0.00722973 9.98684E-05 0.0201195 0.0126275 0.00172376 9.98684E-05 9.98684E-05 0.0716587 9.98684E-05 9.98684E-05 0.0554107
9.98161E-05 9.98161E-05 9.98161E-05 9.98161E-05 0.065737 9.98161E-05 9.98161E-05 0.0584675 9.98161E-05 9.98161E-05 9.98161E-05 9.98161E-05 9.98161E-05 0.253141 9.98161E-05 0.620558 9.98161E-05 9.98161E-05 9.98161E-05 9.98161E-05 9.98161E-05 9.98161E-05 9.98161E-05 9.98161E-05 9.98161E-05
9.98246E-05 9.98246E-05 9.98246E-05 9.98246E-05 9.98246E-05 9.98246E-05 9.98246E-05 9.98246E-05 9.98246E-05 9.98246E-05 0.0898636 9.98246E-05 9.98246E-05 0.303639 9.98246E-05 0.382828 0.177005 9.98246E-05 9.98246E-05 0.044668 9.98246E-05 9.98246E-05 9.98246E-05 9.98246E-05 9.98246E-05
9.98335E-05 9.98335E-05 9.98335E-05 9.98335E-05 9.98335E-05 9.98335E-05 9.98335E-05 9.98335E-05 0.0329122 9.98335E-05 0.183571 9.98335E-05 9.98335E-05 9.98335E-05 9.98335E-05 0.553638 9.98335E-05 9.98335E-05 0.0345347 9.98335E-05 9.98335E-05 9.98335E-05 0.137398 9.98335E-05 0.0560497
9.9842E-05 9.9842E-05 9.9842E-05 9.9842E-05 0.0476802 9.9842E-05 9.9842E-05 0.00537087 9.9842E-05 9.9842E-05 0.125148 9.9842E-05 9.9842E-05 9.9842E-05 9.9842E-05 0.620918 9.9842E-05 0.0486086 9.9842E-05 9.9842E-05 9.9842E-05 9.9842E-05 9.9842E-05 0.143233 0.00724452
9.98422E-05 0.0204003 9.98422E-05 9.98422E-05 0.016349 9.98422E-05 9.98422E-05 0.00679165 9.98422E-05 9.98422E-05 0.0369962 0.00809455 9.98422E-05 0.904951 9.98422E-05 9.98422E-05 9.98422E-05 9.98422E-05 9.98422E-05 9.98422E-05 9.98422E-05 9.98422E-05 9.98422E-05 9.98422E-05 0.00462016
9.9816E-05 9.9816E-05 9.9816E-05 9.9816E-05 9.9816E-05 9.9816E-05 9.9816E-05 9.9816E-05 9.9816E-05 9.9816E-05 0.0780595 9.9816E-05 9.9816E-05 0.671334 9.9816E-05 9.9816E-05 0.0167029 9.9816E-05 9.9816E-05 9.9816E-05 9.9816E-05 9.9816E-05 9.9816E-05 9.9816E-05 0.231807
9.98071E-05 9.98071E-05 9.98071E-05 9.98071E-05 9.98071E-05 9.98071E-05 9.98071E-05 0.00579968 9.98071E-05 9.98071E-05 9.98071E-05 9.98071E-05 9.98071E-05 0.886756 9.98071E-05 9.98071E-05 9.98071E-05 9.98071E-05 9.98071E-05 9.98071E-05 9.98071E-05 9.98071E-05 0.105249 9.98071E-05 9.98071E-05
0.0849822 0.0264168 9.98421E-05 9.98421E-05 9.98421E-05 9.98421E-05 9.98421E-05 9.98421E-05 9.98421E-05 9.98421E-05 0.173073 9.98421E-05 9.98421E-05 9.98421E-05 9.98421E-05 0.45674 0.0989642 9.98421E-05 9.98421E-05 9.98421E-05 9.98421E-05 0.0632137 9.98421E-05 9.98421E-05 0.0948131
9.98421E-05 9.98421E-05 9.98421E-05 0.097485 9.98421E-05 9.98421E-05 9.98421E-05 0.0749021 0.00606423 9.98421E-05 0.129992 9.98421E-05 9.98421E-05 0.052424 9.98421E-05 0.228542 9.98421E-05 9.98421E-05 9.98421E-05 9.98421E-05 9.98421E-05 9.98421E-05 9.98421E-05 9.98421E-05 0.408794
9.98333E-05 9.98333E-05 9.98333E-05 0.0372748 9.98333E-05 9.98333E-05 9.98333E-05 0.0206242 9.98333E-05 9.98333E-05 0.0849467 9.98333E-05 9.98333E-05 0.687877 9.98333E-05 0.128872 9.98333E-05 9.98333E-05 9.98333E-05 0.0385083 9.98333E-05 9.98333E-05 9.98333E-05 9.98333E-05 9.98333E-05
9.98333E-05 0.045966 9.98333E-05 0.054759 9.98333E-05 9.98333E-05 9.98333E-05 9.98333E-05 9.98333E-05 9.98333E-05 0.00479684 9.98333E-05 0.0220632 0.862042 9.98333E-05 9.98333E-05 0.00847597 9.98333E-05 9.98333E-05 9.98333E-05 9.98333E-05 9.98333E-05 9.98333E-05 9.98333E-05 9.98333E-05
9.97896E-05 9.97896E-05 9.97896E-05 9.97896E-05 9.97896E-05 9.97896E-05 9.97896E-05 9.97896E-05 9.97896E-05 9.97896E-05 9.97896E-05 9.97896E-05 9.97896E-05 9.97896E-05 9.97896E-05 0.997605 9.97896E-05 9.97896E-05 9.97896E-05 9.97896E-05 9.97896E-05 9.97896E-05 9.97896E-05 9.97896E-05 9.97896E-05
9.98244E-05 0.0237288 9.98244E-05 9.98244E-05 9.98244E-05 9.98244E-05 9.98244E-05 0.00484506 9.98244E-05 9.98244E-05 0.12919 9.98244E-05 9.98244E-05 9.98244E-05 9.98244E-05 0.661627 9.98244E-05 9.98244E-05 9.98244E-05 9.98244E-05 9.98244E-05 9.98244E-05 9.98244E-05 9.98244E-05 0.178613
0.0217564 9.98424E-05 9.98424E-05 9.98424E-05 0.111004 9.98424E-05 9.98424E-05 0.0883053 9.98424E-05 9.98424E-05 9.98424E-05 0.00749144 0.000129719 0.153108 9.98424E-05 0.616408 9.98424E-05 9.98424E-05 9.98424E-05 9.98424E-05 9.98424E-05 9.98424E-05 9.98424E-05 9.98424E-05 9.98424E-05
0.13093 0.0950785 9.98596E-05 0.0717444 9.98596E-05 9.98596E-05 9.98596E-05 9.98596E-05 9.98596E-05 0.00340877 0.189245 9.98596E-05 9.98596E-05 9.98596E-05 9.98596E-05 0.376092 0.0361825 9.98596E-05 9.98596E-05 9.98596E-05 9.98596E-05 9.98596E-05 9.98596E-05 0.0261575 0.0695623
9.9851E-05 9.9851E-05 9.9851E-05 0.0733338 0.00510704 9.9851E-05 9.9851E-05 9.9851E-05 0.053597 0.0570511 9.9851E-05 9.9851E-05 9.9851E-05 0.718507 9.9851E-05 9.9851E-05 9.9851E-05 0.00555059 9.9851E-05 0.00187063 9.9851E-05 9.9851E-05 9.9851E-05 9.9851E-05 0.0832858
9.97984E-05 9.97984E-05 9.97984E-05 9.97984E-05 9.97984E-05 9.97984E-05 9.97984E-05 9.97984E-05 9.97984E-05 9.97984E-05 9.97984E-05 9.97984E-05 9.97984E-05 0.968508 9.97984E-05 9.97984E-05 9.97984E-05 9.97984E-05 9.97984E-05 9.97984E-05 9.97984E-05 9.97984E-05 9.97984E-05 0.0291962 9.97984E-05
0.000853997 9.98509E-05 9.98509E-05 9.98509E-05 0.0239273 9.98509E-05 9.98509E-05 9.98509E-05 0.0133928 9.98509E-05 0.00709403 9.98509E-05 0.0193587 9.98509E-05 9.98509E-05 0.744207 0.0647015 0.124767 9.98509E-05 9.98509E-05 9.98509E-05 9.98509E-05 9.98509E-05 9.98509E-05 9.98509E-05
9.98073E-05 9.98073E-05 9.98073E-05 9.98073E-05 9.98073E-05 9.98073E-05 9.98073E-05 9.98073E-05 9.98073E-05 9.98073E-05 0.0197854 9.98073E-05 9.98073E-05 9.98073E-05 9.98073E-05 0.872486 9.98073E-05 9.98073E-05 9.98073E-05 9.98073E-05 0.105533 9.98073E-05 9.98073E-05 9.98073E-05 9.98073E-05
9.98335E-05 0.00172712 9.98335E-05 9.98335E-05 9.98335E-05 9.98335E-05 9.98335E-05 0.0830061 9.98335E-05 9.98335E-05 9.98335E-05 9.98335E-05 9.98335E-05 9.98335E-05 9.98335E-05 0.792229 9.98335E-05 9.98335E-05 9.98335E-05 0.0371812 9.98335E-05 9.98335E-05 9.98335E-05 0.0729937 0.0109663
9.98246E-05 9.98246E-05 9.98246E-05 9.98246E-05 0.101657 9.98246E-05 9.98246E-05 0.0300238 9.98246E-05 9.98246E-05 0.0386097 9.98246E-05 0.0135191 0.814193 9.98246E-05 9.98246E-05 9.98246E-05 9.98246E-05 9.98246E-05 9.98246E-05 9.98246E-05 9.98246E-05 9.98246E-05 9.98246E-05 9.98246E-05
9.9816E-05 0.0715537 9.9816E-05 0.082164 9.9816E-05 9.9816E-05 9.9816E-05 9.9816E-05 9.9816E-05 9.9816E-05 0.0236257 9.9816E-05 9.9816E-05 0.820561 9.9816E-05 9.9816E-05 9.9816E-05 9.9816E-05 9.9816E-05 9.9816E-05 9.9816E-05 9.9816E-05 9.9816E-05 9.9816E-05 9.9816E-05
9.98508E-05 0.0122359 9.98508E-05 0.00172844 0.0418374 9.98508E-05 9.98508E-05 9.98508E-05 9.98508E-05 9.98508E-05 0.0413259 9.98508E-05 9.98508E-05 0.190645 9.98508E-05 0.676888 0.0139948 9.98508E-05 9.98508E-05 9.98508E-05 9.98508E-05 9.98508E-05 9.98508E-05 9.98508E-05 0.0196472
9.98508E-05 9.98508E-05 9.98508E-05 9.98508E-05 9.98508E-05 9.98508E-05 9.98508E-05 9.98508E-05 9.98508E-05 9.98508E-05 0.126182 0.0553312 0.0648231 9.98508E-05 0.0542756 9.98508E-05 0.0343999 9.98508E-05 0.0192526 9.98508E-05 9.98508E-05 0.643658 9.98508E-05 0.000380039 9.98508E-05
9.97986E-05 9.97986E-05 9.97986E-05 0.0294427 9.97986E-05 9.97986E-05 9.97986E-05 9.97986E-05 9.97986E-05 9.97986E-05 9.97986E-05 9.97986E-05 9.97986E-05 9.97986E-05 9.97986E-05 9.97986E-05 9.97986E-05 9.97986E-05 9.97986E-05 9.97986E-05 9.97986E-05 0.968262 9.97986E-05 9.97986E-05 9.97986E-05
9.98069E-05 9.98069E-05 9.98069E-05 9.98069E-05 0.0428532 9.98069E-05 9.98069E-05 9.98069E-05 9.98069E-05 9.98069E-05 9.98069E-05 9.98069E-05 0.110372 9.98069E-05 9.98069E-05 9.98069E-05 9.98069E-05 9.98069E-05 9.98069E-05 9.98069E-05 9.98069E-05 0.844579 9.98069E-05 9.98069E-05 9.98069E-05
9.98421E-05 9.98421E-05 9.98421E-05 9.98421E-05 0.0355764 9.98421E-05 9.98421E-05 9.98421E-05 9.98421E-05 9.98421E-05 0.00625365 9.98421E-05 0.0437849 9.98421E-05 9.98421E-05 9.98421E-05 0.141587 9.98421E-05 0.283149 9.98421E-05 9.98421E-05 0.249355 9.98421E-05 0.238497 9.98421E-05
9.98593E-05 9.98593E-05 9.98593E-05 9.98593E-05 0.043494 9.98593E-05 9.98593E-05 0.0207352 0.0152996 9.98593E-05 0.056604 9.98593E-05 0.0574335 9.98593E-05 9.98593E-05 9.98593E-05 0.08889 9.98593E-05 9.98593E-05 0.0571273 9.98593E-05 0.641785 9.98593E-05 9.98593E-05 0.0170334
9.98242E-05 9.98242E-05 9.98242E-05 9.98242E-05 9.98242E-05 9.98242E-05 9.98242E-05 9.98242E-05 9.98242E-05 9.98242E-05 0.213813 9.98242E-05 9.98242E-05 9.98242E-05 0.0580749 9.98242E-05 0.0431957 9.98242E-05 9.98242E-05 9.98242E-05 9.98242E-05 0.567234 9.98242E-05 9.98242E-05 0.115687
9.98243E-05 0.0480852 9.98243E-05 0.0519228 9.98243E-05 9.98243E-05 9.98243E-05 9.98243E-05 9.98243E-05 9.98243E-05 0.094749 9.98243E-05 9.98243E-05 9.98243E-05 9.98243E-05 9.98243E-05 9.98243E-05 9.98243E-05 0.300938 9.98243E-05 9.98243E-05 0.502309 9.98243E-05 9.98243E-05 9.98243E-05
9.98243E-05 9.98243E-05 9.98243E-05 9.98243E-05 9.98243E-05 9.98243E-05 9.98243E-05 9.98243E-05 9.98243E-05 9.98243E-05 0.107071 9.98243E-05 0.218456 9.98243E-05 9.98243E-05 9.98243E-05 0.053787 9.98243E-05 0.0161435 9.98243E-05 9.98243E-05 0.602546 9.98243E-05 9.98243E-05 9.98243E-05
9.97983E-05 9.97983E-05 9.97983E-05 9.97983E-05 9.97983E-05 9.97983E-05 9.97983E-05 9.97983E-05 9.97983E-05 9.97983E-05 9.97983E-05 9.97983E-05 9.97983E-05 9.97983E-05 9.97983E-05 9.97983E-05 9.97983E-05 9.97983E-05 0.00736339 9.97983E-05 9.97983E-05 0.990341 9.97983E-05 9.97983E-05 9.97983E-05
9.97981E-05 0.0404273 9.97981E-05 9.97981E-05 9.97981E-05 9.97981E-05 9.97981E-05 9.97981E-05 9.97981E-05 9.97981E-05 9.97981E-05 9.97981E-05 9.97981E-05 9.97981E-05 9.97981E-05 9.97981E-05 9.97981E-05 9.97981E-05 9.97981E-05 9.97981E-05 9.97981E-05 0.957277 9.97981E-05 9.97981E-05 9.97981E-05
9.9833E-05 0.144731 0.00572786 9.9833E-05 9.9833E-05 9.9833E-05 9.9833E-05 0.0126934 9.9833E-05 9.9833E-05 0.267009 9.9833E-05 9.9833E-05 9.9833E-05 9.9833E-05 9.9833E-05 0.0466991 9.9833E-05 9.9833E-05 9.9833E-05 9.9833E-05 0.521242 9.9833E-05 9.9833E-05 9.9833E-05
9.9877E-05 0.0016008 9.9877E-05 0.0155109 0.042885 9.9877E-05 9.9877E-05 0.0515535 9.9877E-05 9.9877E-05 0.106771 9.9877E-05 9.9877E-05 9.9877E-05 0.0693417 9.9877E-05 9.9877E-05 0.0241438 0.0575248 9.9877E-05 0.116349 0.416557 9.9877E-05 9.9877E-05 0.0963637
0.016263 0.0234253 9.98507E-05 9.98507E-05 9.98507E-05 9.98507E-05 9.98507E-05 0.0128296 0.106831 9.98507E-05 9.98507E-05 9.98507E-05 9.98507E-05 9.98507E-05 0.0949644 9.98507E-05 0.12057 0.132679 9.98507E-05 9.98507E-05 9.98507E-05 0.490739 9.98507E-05 9.98507E-05 9.98507E-05
9.98331E-05 9.98331E-05 9.98331E-05 9.98331E-05 9.98331E-05 9.98331E-05 9.98331E-05 0.032123 9.98331E-05 9.98331E-05 0.186003 9.98331E-05 9.98331E-05 9.98331E-05 9.98331E-05 9.98331E-05 0.0211874 9.98331E-05 0.0688516 9.98331E-05 9.98331E-05 0.493967 9.98331E-05 9.98331E-05 0.195971
9.98074E-05 9.98074E-05 9.98074E-05 9.98074E-05 9.98074E-05 9.98074E-05 9.98074E-05 9.98074E-05 9.98074E-05 9.98074E-05 9.98074E-05 9.98074E-05 9.98074E-05 9.98074E-05 9.98074E-05 9.98074E-05 9.98074E-05 0.0173771 9.98074E-05 9.98074E-05 9.98074E-05 0.860731 9.98074E-05 0.119697 9.98074E-05
9.98247E-05 0.0370287 9.98247E-05 0.0559861 9.98247E-05 9.98247E-05 9.98247E-05 9.98247E-05 9.98247E-05 9.98247E-05 9.98247E-05 9.98247E-05 9.98247E-05 9.98247E-05 0.0450974 9.98247E-05 0.0773919 9.98247E-05 9.98247E-05 9.98247E-05 9.98247E-05 0.7825 9.98247E-05 9.98247E-05 9.98247E-05
9.98155E-05 9.98155E-05 9.98155E-05 9.98155E-05 9.98155E-05 9.98155E-05 9.98155E-05 0.0960433 9.98155E-05 9.98155E-05 0.0191306 0.230061 9.98155E-05 9.98155E-05 9.98155E-05 9.98155E-05 9.98155E-05 9.98155E-05 9.98155E-05 9.98155E-05 9.98155E-05 0.652669 9.98155E-05 9.98155E-05 9.98155E-05
9.98419E-05 0.10224 0.0702796 9.98419E-05 9.98419E-05 9.98419E-05 9.98419E-05 0.0433316 9.98419E-05 9.98419E-05 9.98419E-05 9.98419E-05 9.98419E-05 9.98419E-05 0.0872647 9.98419E-05 0.0381435 9.98419E-05 9.98419E-05 9.98419E-05 9.98419E-05 0.57259 9.98419E-05 9.98419E-05 0.0843538
9.98332E-05 0.00483118 9.98332E-05 9.98332E-05 9.98332E-05 9.98332E-05 9.98332E-05 0.0428764 9.98332E-05 9.98332E-05 0.019215 9.98332E-05 0.12461 9.98332E-05 9.98332E-05 9.98332E-05 0.0028414 9.98332E-05 9.98332E-05 9.98332E-05 9.98332E-05 0.80373 9.98332E-05 9.98332E-05 9.98332E-05
9.98242E-05 9.98242E-05 9.98242E-05 9.98242E-05 0.00948131 9.98242E-05 9.98242E-05 9.98242E-05 9.98242E-05 9.98242E-05 0.214577 0.0319122 9.98242E-05 9.98242E-05 9.98242E-05 9.98242E-05 9.98242E-05 0.0613601 9.98242E-05 9.98242E-05 9.98242E-05 0.680673 9.98242E-05 9.98242E-05 9.98242E-05
9.97988E-05 9.97988E-05 9.97988E-05 9.97988E-05 9.97988E-05 9.97988E-05 9.97988E-05 9.97988E-05 9.97988E-05 9.97988E-05 9.97988E-05 9.97988E-05 9.97988E-05 9.97988E-05 9.97988E-05 0.0426777 9.97988E-05 9.97988E-05 9.97988E-05 9.97988E-05 9.97988E-05 0.955027 9.97988E-05 9.97988E-05 9.97988E-05
0.0829849 9.98243E-05 9.98243E-05 9.98243E-05 9.98243E-05 9.98243E-05 9.98243E-05 0.000240666 9.98243E-05 9.98243E-05 0.0421289 9.98243E-05 9.98243E-05 9.98243E-05 9.98243E-05 9.98243E-05 9.98243E-05 9.98243E-05 9.98243E-05 9.98243E-05 9.98243E-05 0.57617 9.98243E-05 9.98243E-05 0.296479
0.00526126 0.0109582 9.98335E-05 9.98335E-05 9.98335E-05 9.98335E-05 9.98335E-05 9.98335E-05 9.98335E-05 9.98335E-05 9.98335E-05 9.98335E-05 9.98335E-05 9.98335E-05 9.98335E-05 9.98335E-05 9.98335E-05 9.98335E-05 0.0439552 9.98335E-05 0.0185022 0.666892 9.98335E-05 0.252534 9.98335E-05
0.0387542 9.98245E-05 0.118061 9.98245E-05 9.98245E-05 9.98245E-05 9.98245E-05 0.248776 9.98245E-05 9.98245E-05 9.98245E-05 9.98245E-05 9.98245E-05 9.98245E-05 9.98245E-05 9.98245E-05 0.00674657 9.98245E-05 9.98245E-05 9.98245E-05 9.98245E-05 0.585666 9.98245E-05 9.98245E-05 9.98245E-05
9.98155E-05 0.139769 9.98155E-05 9.98155E-05 9.98155E-05 9.98155E-05 9.98155E-05 9.98155E-05 9.98155E-05 9.98155E-05 9.98155E-05 9.98155E-05 9.98155E-05 9.98155E-05 0.111122 9.98155E-05 0.00549357 9.98155E-05 9.98155E-05 9.98155E-05 9.98155E-05 0.741519 9.98155E-05 9.98155E-05 9.98155E-05
9.98247E-05 0.00677927 9.98247E-05 9.98247E-05 9.98247E-05 9.98247E-05 9.98247E-05 9.98247E-05 9.98247E-05 9.98247E-05 9.98247E-05 9.98247E-05 9.98247E-05 9.98247E-05 9.98247E-05 0.0369769 0.0674663 9.98247E-05 0.0165842 9.98247E-05 9.98247E-05 0.870197 9.98247E-05 9.98247E-05 9.98247E-05
9.97986E-05 9.97986E-05 9.97986E-05 9.97986E-05 9.97986E-05 9.97986E-05 9.97986E-05 9.97986E-05 9.97986E-05 9.97986E-05 9.97986E-05 9.97986E-05 9.97986E-05 9.97986E-05 0.024791 9.97986E-05 9.97986E-05 9.97986E-05 9.97986E-05 9.97986E-05 9.97986E-05 0.972914 9.97986E-05 9.97986E-05 9.97986E-05
9.97896E-05 9.97896E-05 9.97896E-05 9.97896E-05 9.97896E-05 9.97896E-05 9.97896E-05 9.97896E-05 9.97896E-05 9.97896E-05 9.97896E-05 9.97896E-05 9.97896E-05 9.97896E-05 9.97896E-05 9.97896E-05 9.97896E-05 9.97896E-05 9.97896E-05 9.97896E-05 9.97896E-05 0.997605 9.97896E-05 9.97896E-05 9.97896E-05
9.98071E-05 9.98071E-05 9.98071E-05 9.98071E-05 9.98071E-05 9.98071E-05 9.98071E-05 9.98071E-05 9.98071E-05 9.98071E-05 9.98071E-05 9.98071E-05 0.112403 9.98071E-05 0.052351 9.98071E-05 9.98071E-05 9.98071E-05 9.98071E-05 9.98071E-05 9.98071E-05 0.833051 9.98071E-05 9.98071E-05 9.98071E-05
9.98247E-05 9.98247E-05 9.98247E-05 9.98247E-05 9.98247E-05 9.98247E-05 9.98247E-05 9.98247E-05 0.0275672 9.98247E-05 0.12263 9.98247E-05 9.98247E-05 9.98247E-05 9.98247E-05 9.98247E-05 0.0592092 9.98247E-05 9.98247E-05 9.98247E-05 9.98247E-05 0.513779 0.274818 9.98247E-05 9.98247E-05
0.0011315 9.98159E-05 9.98159E-05 9.98159E-05 9.98159E-05 9.98159E-05 9.98159E-05 9.98159E-05 9.98159E-05 9.98159E-05 0.164241 9.98159E-05 9.98159E-05 9.98159E-05 9.98159E-05 9.98159E-05 0.0927454 9.98159E-05 9.98159E-05 9.98159E-05 9.98159E-05 9.98159E-05 9.98159E-05 0.739786 9.98159E-05
9.97983E-05 9.97983E-05 9.97983E-05 9.97983E-05 9.97983E-05 9.97983E-05 9.97983E-05 9.97983E-05 9.97983E-05 9.97983E-05 9.97983E-05 9.97983E-05 9.97983E-05 9.97983E-05 9.97983E-05 9.97983E-05 9.97983E-05 9.97983E-05 9.97983E-05 9.97983E-05 9.97983E-05 9.97983E-05 0.620739 0.376965 9.97983E-05
0.0703819 9.98245E-05 0.0167252 9.98245E-05 9.98245E-05 9.98245E-05 9.98245E-05 9.98245E-05 0.00621333 9.98245E-05 0.0663217 9.98245E-05 9.98245E-05 9.98245E-05 9.98245E-05 9.98245E-05 9.98245E-05 9.98245E-05 9.98245E-05 9.98245E-05 9.98245E-05 9.98245E-05 9.98245E-05 0.838361 9.98245E-05
9.98156E-05 9.98156E-05 9.98156E-05 9.98156E-05 9.98156E-05 9.98156E-05 9.98156E-05 9.98156E-05 0.000106452 9.98156E-05 0.102196 9.98156E-05 0.0110183 9.98156E-05 9.98156E-05 9.98156E-05 9.98156E-05 9.98156E-05 9.98156E-05 9.98156E-05 9.98156E-05 9.98156E-05 9.98156E-05 0.884583 9.98156E-05
9.98156E-05 9.98156E-05 0.025834 9.98156E-05 9.98156E-05 9.98156E-05 9.98156E-05 9.98156E-05 9.98156E-05 9.98156E-05 9.98156E-05 9.98156E-05 9.98156E-05 9.98156E-05 0.0171367 9.98156E-05 0.0253165 9.98156E-05 9.98156E-05 9.98156E-05 9.98156E-05 9.98156E-05 9.98156E-05 0.929617 9.98156E-05
0.553235 9.98333E-05 9.98333E-05 0.0192017 9.98333E-05 0.00385437 9.98333E-05 9.98333E-05 9.98333E-05 9.98333E-05 0.158167 9.98333E-05 9.98333E-05 9.98333E-05 9.98333E-05 9.98333E-05 0.134536 9.98333E-05 9.98333E-05 9.98333E-05 9.98333E-05 9.98333E-05 9.98333E-05 0.129109 9.98333E-05
9.98246E-05 0.0236285 9.98246E-05 9.98246E-05 9.98246E-05 9.98246E-05 9.98246E-05 9.98246E-05 9.98246E-05 9.98246E-05 0.0207958 9.98246E-05 9.98246E-05 9.98246E-05 0.0687743 9.98246E-05 0.0898936 9.98246E-05 9.98246E-05 9.98246E-05 9.98246E-05 9.98246E-05 9.98246E-05 0.794911 9.98246E-05
0.088872 9.98069E-05 9.98069E-05 9.98069E-05 9.98069E-05 9.98069E-05 9.98069E-05 9.98069E-05 9.98069E-05 9.98069E-05 9.98069E-05 9.98069E-05 9.98069E-05 9.98069E-05 9.98069E-05 9.98069E-05 0.229895 9.98069E-05 9.98069E-05 9.98069E-05 9.98069E-05 9.98069E-05 9.98069E-05 0.679037 9.98069E-05
9.98245E-05 9.98245E-05 9.98245E-05 9.98245E-05 9.98245E-05 9.98245E-05 9.98245E-05 9.98245E-05 9.98245E-05 9.98245E-05 9.98245E-05 9.98245E-05 9.98245E-05 9.98245E-05 0.0226679 9.98245E-05 0.271254 9.98245E-05 0.246299 9.98245E-05 9.98245E-05 9.98245E-05 9.98245E-05 0.446085 0.0116973
9.98158E-05 9.98158E-05 9.98158E-05 9.98158E-05 9.98158E-05 9.98158E-05 9.98158E-05 9.98158E-05 9.98158E-05 9.98158E-05 0.249564 9.98158E-05 9.98158E-05 9.98158E-05 0.0114955 9.98158E-05 0.196773 9.98158E-05 9.98158E-05 9.98158E-05 9.98158E-05 9.98158E-05 9.98158E-05 0.540071 9.98158E-05
0.0159005 0.0993071 9.98246E-05 9.98246E-05 9.98246E-05 0.339426 9.98246E-05 9.98246E-05 9.98246E-05 9.98246E-05 9.98246E-05 9.98246E-05 9.98246E-05 9.98246E-05 9.98246E-05 9.98246E-05 9.98246E-05 9.98246E-05 0.239946 9.98246E-05 9.98246E-05 9.98246E-05 9.98246E-05 0.303424 9.98246E-05
0.622574 9.98246E-05 9.98246E-05 9.98246E-05 9.98246E-05 0.0635014 9.98246E-05 9.98246E-05 9.98246E-05 9.98246E-05 0.0335409 9.98246E-05 9.98246E-05 9.98246E-05 9.98246E-05 9.98246E-05 9.98246E-05 9.98246E-05 0.0569897 9.98246E-05 9.98246E-05 9.98246E-05 9.98246E-05 0.221398 9.98246E-05
0.0585057 9.98074E-05 9.98074E-05 9.98074E-05 9.98074E-05 9.98074E-05 9.98074E-05 9.98074E-05 9.98074E-05 9.98074E-05 9.98074E-05 9.98074E-05 9.98074E-05 9.98074E-05 9.98074E-05 9.98074E-05 0.0483649 9.98074E-05 9.98074E-05 9.98074E-05 9.98074E-05 9.98074E-05 9.98074E-05 0.890934 9.98074E-05
0.586045 9.98246E-05 9.98246E-05 9.98246E-05 9.98246E-05 0.112033 9.98246E-05 9.98246E-05 9.98246E-05 9.98246E-05 0.228634 9.98246E-05 9.98246E-05 9.98246E-05 9.98246E-05 9.98246E-05 0.0677567 9.98246E-05 9.98246E-05 9.98246E-05 9.98246E-05 9.98246E-05 9.98246E-05 0.00353501 9.98246E-05
9.98596E-05 9.98596E-05 0.107799 0.0299843 9.98596E-05 0.0132177 9.98596E-05 9.98596E-05 9.98596E-05 9.98596E-05 9.98596E-05 9.98596E-05 0.027208 9.98596E-05 0.0333365 9.98596E-05 0.065154 9.98596E-05 9.98596E-05 0.0232518 9.98596E-05 9.98596E-05 0.0625575 0.635893 9.98596E-05
9.9842E-05 9.9842E-05 9.9842E-05 9.9842E-05 9.9842E-05 9.9842E-05 9.9842E-05 9.9842E-05 9.9842E-05 9.9842E-05 0.148273 0.0260213 9.9842E-05 9.9842E-05 0.0232661 9.9842E-05 0.0223176 9.9842E-05 9.9842E-05 0.00732851 9.9842E-05 9.9842E-05 0.12101 0.649987 9.9842E-05
0.188042 9.98508E-05 9.98508E-05 9.98508E-05 9.98508E-05 0.0121859 9.98508E-05 9.98508E-05 9.98508E-05 9.98508E-05 0.0960241 9.98508E-05 9.98508E-05 9.98508E-05 9.98508E-05 9.98508E-05 0.00774766 9.98508E-05 0.204797 0.0192854 9.98508E-05 9.98508E-05 0.0371744 0.433046 9.98508E-05
0.324708 9.98335E-05 0.0831299 9.98335E-05 9.98335E-05 9.98335E-05 9.98335E-05 9.98335E-05 9.98335E-05 9.98335E-05 9.98335E-05 9.98335E-05 9.98335E-05 9.98335E-05 9.98335E-05 9.98335E-05 0.0852694 9.98335E-05 9.98335E-05 9.98335E-05 9.98335E-05 9.98335E-05 0.0356652 0.385598 0.0837327
9.97985E-05 9.97985E-05 9.97985E-05 9.97985E-05 9.97985E-05 0.0164392 9.97985E-05 9.97985E-05 9.97985E-05 9.97985E-05 9.97985E-05 9.97985E-05 9.97985E-05 9.97985E-05 9.97985E-05 9.97985E-05 9.97985E-05 9.97985E-05 9.97985E-05 9.97985E-05 9.97985E-05 9.97985E-05 9.97985E-05 0.981265 9.97985E-05
9.9842E-05 0.00185869 9.9842E-05 0.0433702 9.9842E-05 9.9842E-05 9.9842E-05 9.9842E-05 9.9842E-05 9.9842E-05 0.0773369 9.9842E-05 9.9842E-05 9.9842E-05 9.9842E-05 9.9842E-05 0.0958703 9.9842E-05 9.9842E-05 0.0834386 9.9842E-05 9.9842E-05 0.288719 0.407609 9.9842E-05
9.98421E-05 9.98421E-05 0.0646744 9.98421E-05 9.98421E-05 0.107313 9.98421E-05 9.98421E-05 0.00246061 9.98421E-05 0.0913324 9.98421E-05 9.98421E-05 9.98421E-05 9.98421E-05 9.98421E-05 0.0186153 9.98421E-05 0.118429 9.98421E-05 9.98421E-05 9.98421E-05 9.98421E-05 0.595378 9.98421E-05
9.98071E-05 9.98071E-05 9.98071E-05 9.98071E-05 9.98071E-05 9.98071E-05 9.98071E-05 9.98071E-05 9.98071E-05 9.98071E-05 9.98071E-05 9.98071E-05 0.0629939 9.98071E-05 0.00032486 9.98071E-05 9.98071E-05 9.98071E-05 9.98071E-05 9.98071E-05 9.98071E-05 9.98071E-05 9.98071E-05 0.934485 9.98071E-05
0.615252 9.98156E-05 9.98156E-05 9.98156E-05 9.98156E-05 9.98156E-05 9.98156E-05 9.98156E-05 9.98156E-05 9.98156E-05 0.190856 9.98156E-05 9.98156E-05 9.98156E-05 9.98156E-05 9.98156E-05 0.18399 9.98156E-05 9.98156E-05 0.00780627 9.98156E-05 9.98156E-05 9.98156E-05 9.98156E-05 9.98156E-05
9.98335E-05 0.0199325 9.98335E-05 9.98335E-05 9.98335E-05 0.0803978 9.98335E-05 9.98335E-05 0.0367308 9.98335E-05 9.98335E-05 9.98335E-05 9.98335E-05 9.98335E-05 9.98335E-05 9.98335E-05 0.174201 9.98335E-05 9.98335E-05 9.98335E-05 0.0108545 9.98335E-05 9.98335E-05 0.675987 9.98335E-05
0.560248 9.98244E-05 9.98244E-05 9.98244E-05 9.98244E-05 9.98244E-05 0.00785967 9.98244E-05 9.98244E-05 9.98244E-05 0.206102 9.98244E-05 9.98244E-05 9.98244E-05 9.98244E-05 9.98244E-05 0.200354 9.98244E-05 9.98244E-05 0.02344 9.98244E-05 9.98244E-05 9.98244E-05 9.98244E-05 9.98244E-05
9.98509E-05 9.98509E-05 9.98509E-05 9.98509E-05 9.98509E-05 0.203945 9.98509E-05 9.98509E-05 9.98509E-05 9.98509E-05 0.0485431 9.98509E-05 9.98509E-05 9.98509E-05 0.0471183 9.98509E-05 0.15133 0.0266618 0.124324 9.98509E-05 9.98509E-05 0.0208771 9.98509E-05 0.375502 9.98509E-05
0.170499 9.98245E-05 9.98245E-05 9.98245E-05 0.0100662 9.98245E-05 9.98245E-05 9.98245E-05 9.98245E-05 0.079563 9.98245E-05 9.98245E-05 9.98245E-05 9.98245E-05 9.98245E-05 9.98245E-05 9.98245E-05 9.98245E-05 9.98245E-05 9.98245E-05 0.0165697 9.98245E-05 0.721306 9.98245E-05 9.98245E-05
0.0658686 9.98243E-05 9.98243E-05 9.98243E-05 9.98243E-05 9.98243E-05 9.98243E-05 0.0657892 9.98243E-05 9.98243E-05 0.0584231 9.98243E-05 9.98243E-05 9.98243E-05 9.98243E-05 9.98243E-05 0.0461996 9.98243E-05 9.98243E-05 9.98243E-05 9.98243E-05 9.98243E-05 9.98243E-05 0.761723 9.98243E-05
9.98159E-05 9.98159E-05 9.98159E-05 9.98159E-05 9.98159E-05 9.98159E-05 9.98159E-05 9.98159E-05 9.98159E-05 9.98159E-05 0.145002 9.98159E-05 9.98159E-05 9.98159E-05 9.98159E-05 9.98159E-05 0.23287 9.98159E-05 0.0191348 9.98159E-05 9.98159E-05 9.98159E-05 9.98159E-05 0.600897 9.98159E-05
0.275427 0.00477074 9.98422E-05 9.98422E-05 9.98422E-05 0.0325567 9.98422E-05 9.98422E-05 0.0198917 9.98422E-05 0.118783 9.98422E-05 9.98422E-05 9.98422E-05 9.98422E-05 9.98422E-05 9.98422E-05 9.98422E-05 9.98422E-05 0.051926 9.98422E-05 9.98422E-05 9.98422E-05 0.494848 9.98422E-05
9.98247E-05 0.0251827 9.98247E-05 9.98247E-05 9.98247E-05 9.98247E-05 9.98247E-05 9.98247E-05 9.98247E-05 9.98247E-05 0.193225 9.98247E-05 9.98247E-05 9.98247E-05 9.98247E-05 9.98247E-05 0.0253695 0.034174 9.98247E-05 9.98247E-05 9.98247E-05 9.98247E-05 9.98247E-05 0.720052 9.98247E-05
9.97983E-05 9.97983E-05 9.97983E-05 9.97983E-05 9.97983E-05 9.97983E-05 9.97983E-05 9.97983E-05 9.97983E-05 9.97983E-05 9.97983E-05 9.97983E-05 9.97983E-05 9.97983E-05 9.97983E-05 9.97983E-05 9.97983E-05 0.0843914 9.97983E-05 9.97983E-05 9.97983E-05 9.97983E-05 9.97983E-05 0.913313 9.97983E-05
0.147865 9.98332E-05 9.98332E-05 9.98332E-05 9.98332E-05 9.98332E-05 9.98332E-05 9.98332E-05 0.090173 9.98332E-05 0.13474 9.98332E-05 9.98332E-05 9.98332E-05 9.98332E-05 9.98332E-05 0.264074 9.98332E-05 9.98332E-05 0.124086 9.98332E-05 9.98332E-05 9.98332E-05 0.237165 9.98332E-05
9.98068E-05 9.98068E-05 9.98068E-05 9.98068E-05 9.98068E-05 9.98068E-05 9.98068E-05 9.98068E-05 9.98068E-05 9.98068E-05 9.98068E-05 9.98068E-05 9.98068E-05 9.98068E-05 9.98068E-05 9.98068E-05 0.014657 9.98068E-05 9.98068E-05 9.98068E-05 9.98068E-05 9.98068E-05 9.98068E-05 0.815053 0.168094
9.97983E-05 9.97983E-05 9.97983E-05 9.97983E-05 9.97983E-05 9.97983E-05 9.97983E-05 9.97983E-05 9.97983E-05 9.97983E-05 9.97983E-05 9.97983E-05 9.97983E-05 9.97983E-05 9.97983E-05 9.97983E-05 9.97983E-05 9.97983E-05 9.97983E-05 9.97983E-05 9.97983E-05 9.97983E-05 0.041259 0.956446 9.97983E-05
9.98246E-05 0.00996912 0.0903049 9.98246E-05 9.98246E-05 0.0605504 9.98246E-05 9.98246E-05 9.98246E-05 9.98246E-05 9.98246E-05 9.98246E-05 9.98246E-05 9.98246E-05 9.98246E-05 9.98246E-05 9.98246E-05 9.98246E-05 0.0763554 9.98246E-05 9.98246E-05 9.98246E-05 9.98246E-05 0.760824 9.98246E-05
9.98157E-05 9.98157E-05 9.98157E-05 9.98157E-05 9.98157E-05 9.98157E-05 9.98157E-05 9.98157E-05 9.98157E-05 9.98157E-05 0.237568 9.98157E-05 9.98157E-05 9.98157E-05 0.0142795 9.98157E-05 0.0216291 9.98157E-05 9.98157E-05 9.98157E-05 9.98157E-05 9.98157E-05 9.98157E-05 0.724427 9.98157E-05
0.077624 9.98244E-05 9.98244E-05 0.0073983 9.98244E-05 0.537656 9.98244E-05 9.98244E-05 9.98244E-05 9.98244E-05 9.98244E-05 9.98244E-05 9.98244E-05 9.98244E-05 9.98244E-05 9.98244E-05 0.11142 9.98244E-05 9.98244E-05 9.98244E-05 9.98244E-05 9.98244E-05 9.98244E-05 0.263905 9.98244E-05
0.291203 0.0397122 9.9851E-05 9.9851E-05 9.9851E-05 0.236258 9.9851E-05 9.9851E-05 9.9851E-05 9.9851E-05 0.0760762 9.9851E-05 0.00800617 9.9851E-05 0.0178724 9.9851E-05 9.9851E-05 9.9851E-05 9.9851E-05 0.025791 9.9851E-05 9.9851E-05 9.9851E-05 0.303384 9.9851E-05
9.97987E-05 9.97987E-05 9.97987E-05 9.97987E-05 9.97987E-05 0.362246 9.97987E-05 9.97987E-05 9.97987E-05 9.97987E-05 9.97987E-05 9.97987E-05 9.97987E-05 9.97987E-05 9.97987E-05 9.97987E-05 9.97987E-05 9.97987E-05 9.97987E-05 9.97987E-05 9.97987E-05 9.97987E-05 9.97987E-05 0.635459 9.97987E-05
9.98247E-05 9.98247E-05 9.98247E-05 0.0181997 9.98247E-05 0.525719 9.98247E-05 9.98247E-05 9.98247E-05 9.98247E-05 9.98247E-05 9.98247E-05 9.98247E-05 9.98247E-05 9.98247E-05 9.98247E-05 9.98247E-05 9.98247E-05 0.00804103 0.0260421 9.98247E-05 9.98247E-05 9.98247E-05 0.420001 9.98247E-05
0.552707 0.0119092 0.0543446 9.98331E-05 9.98331E-05 9.98331E-05 9.98331E-05 9.98331E-05 9.98331E-05 9.98331E-05 0.257624 9.98331E-05 9.98331E-05 9.98331E-05 9.98331E-05 9.98331E-05 0.0446103 9.98331E-05 0.0769081 9.98331E-05 9.98331E-05 9.98331E-05 9.98331E-05 9.98331E-05 9.98331E-05
9.98157E-05 9.98157E-05 9.98157E-05 9.98157E-05 9.98157E-05 9.98157E-05 9.98157E-05 9.98157E-05 0.0683338 9.98157E-05 9.98157E-05 9.98157E-05 9.98157E-05 9.98157E-05 9.98157E-05 9.98157E-05 0.138823 9.98157E-05 9.98157E-05 9.98157E-05 0.00491798 9.98157E-05 9.98157E-05 0.78583 9.98157E-05
0.199372 9.98158E-05 9.98158E-05 9.98158E-05 9.98158E-05 9.98158E-05 9.98158E-05 9.98158E-05 9.98158E-05 9.98158E-05 9.98158E-05 9.98158E-05 9.98158E-05 9.98158E-05 9.98158E-05 9.98158E-05 0.0583766 9.98158E-05 9.98158E-05 0.056757 9.98158E-05 9.98158E-05 0.683398 9.98158E-05 9.98158E-05
9.98159E-05 0.0153495 9.98159E-05 9.98159E-05 9.98159E-05 0.0380723 9.98159E-05 9.98159E-05 9.98159E-05 9.98159E-05 9.98159E-05 9.98159E-05 9.98159E-05 9.98159E-05 9.98159E-05 9.98159E-05 9.98159E-05 9.98159E-05 9.98159E-05 9.98159E-05 9.98159E-05 9.98159E-05 0.552598 0.391884 9.98159E-05
0.0781157 0.0238118 9.9842E-05 9.9842E-05 9.9842E-05 9.9842E-05 9.9842E-05 9.9842E-05 9.9842E-05 9.9842E-05 9.9842E-05 0.0307226 9.9842E-05 9.9842E-05 9.9842E-05 9.9842E-05 0.151008 9.9842E-05 0.169679 0.0832033 9.9842E-05 9.9842E-05 9.9842E-05 0.461663 9.9842E-05
9.98247E-05 9.98247E-05 9.98247E-05 9.98247E-05 9.98247E-05 9.98247E-05 9.98247E-05 9.98247E-05 9.98247E-05 9.98247E-05 0.0394484 9.98247E-05 9.98247E-05 9.98247E-05 0.0150998 9.98247E-05 0.122475 9.98247E-05 9.98247E-05 9.98247E-05 9.98247E-05 0.180703 9.98247E-05 0.640277 9.98247E-05
0.219736 9.98423E-05 9.98423E-05 9.98423E-05 9.98423E-05 0.0624834 9.98423E-05 9.98423E-05 9.98423E-05 0.0600553 9.98423E-05 9.98423E-05 9.98423E-05 9.98423E-05 0.135153 9.98423E-05 0.20495 9.98423E-05 0.0562294 9.98423E-05 9.98423E-05 9.98423E-05 9.98423E-05 0.259597 9.98423E-05
9.98247E-05 0.0212872 9.98247E-05 9.98247E-05 9.98247E-05 9.98247E-05 9.98247E-05 9.98247E-05 9.98247E-05 9.98247E-05 0.146275 9.98247E-05 9.98247E-05 9.98247E-05 9.98247E-05 9.98247E-05 0.267466 9.98247E-05 9.98247E-05 9.98247E-05 9.98247E-05 9.98247E-05 9.98247E-05 0.497791 0.0651848
9.98071E-05 9.98071E-05 9.98071E-05 9.98071E-05 9.98071E-05 0.529669 9.98071E-05 9.98071E-05 9.98071E-05 9.98071E-05 0.0100105 9.98071E-05 9.98071E-05 9.98071E-05 9.98071E-05 9.98071E-05 9.98071E-05 9.98071E-05 9.98071E-05 9.98071E-05 9.98071E-05 9.98071E-05 9.98071E-05 0.458125 9.98071E-05
9.98157E-05 9.98157E-05 9.98157E-05 0.136946 0.0288775 9.98157E-05 9.98157E-05 9.98157E-05 9.98157E-05 9.98157E-05 0.0809242 9.98157E-05 9.98157E-05 9.98157E-05 9.98157E-05 9.98157E-05 9.98157E-05 9.98157E-05 9.98157E-05 9.98157E-05 9.98157E-05 9.98157E-05 9.98157E-05 0.751156 9.98157E-05
