9.99209E-05 9.99209E-05 0.0743654 0.156133 9.99209E-05 0.239379 9.99209E-05 9.99209E-05 0.0582835 9.99209E-05 9.99209E-05 0.0599937 0.0309899 0.379956 9.99209E-05 9.99209E-05
9.99034E-05 9.99034E-05 0.0149245 0.00527719 9.99034E-05 0.14949 9.99034E-05 9.99034E-05 9.99034E-05 9.99034E-05 9.99034E-05 9.99034E-05 0.0854363 0.743773 9.99034E-05 9.99034E-05
0.0857832 9.98947E-05 0.0238384 9.98947E-05 9.98947E-05 9.98947E-05 9.98947E-05 9.98947E-05 0.0334349 9.98947E-05 9.98947E-05 9.98947E-05 9.98947E-05 0.855745 9.98947E-05 9.98947E-05
9.99298E-05 0.0277494 0.0704958 0.127447 0.254111 9.99298E-05 9.99298E-05 9.99298E-05 9.99298E-05 9.99298E-05 9.99298E-05 0.0445668 9.99298E-05 0.286436 0.178476 0.00991833
0.0604678 9.98947E-05 9.98947E-05 9.98947E-05 0.0927399 9.98947E-05 9.98947E-05 9.98947E-05 9.98947E-05 9.98947E-05 9.98947E-05 9.98947E-05 0.00479469 0.840799 9.98947E-05 9.98947E-05
0.0664488 0.283872 9.99211E-05 0.0051033 0.216365 0.158111 9.99211E-05 9.99211E-05 9.99211E-05 9.99211E-05 9.99211E-05 9.99211E-05 0.0277663 0.241433 9.99211E-05 9.99211E-05
9.99473E-05 9.99473E-05 0.0209836 0.232176 0.116556 0.042612 9.99473E-05 9.99473E-05 0.0770199 0.0159275 9.99473E-05 0.12354 0.033458 0.264626 0.0725015 9.99473E-05
0.034119 0.159226 9.99474E-05 0.194096 0.224051 0.0847009 0.0354239 9.99474E-05 9.99474E-05 0.0287235 0.0370584 0.00533146 9.99474E-05 0.196669 9.99474E-05 9.99474E-05
9.99122E-05 0.251745 0.252589 0.0109316 0.0180386 9.99122E-05 9.99122E-05 9.99122E-05 0.188674 9.99122E-05 9.99122E-05 9.99122E-05 9.99122E-05 0.277022 9.99122E-05 9.99122E-05
9.98859E-05 9.98859E-05 0.104783 9.98859E-05 9.98859E-05 9.98859E-05 9.98859E-05 9.98859E-05 0.010959 9.98859E-05 9.98859E-05 9.98859E-05 9.98859E-05 0.882959 9.98859E-05 9.98859E-05
9.99122E-05 0.00798653 0.18069 0.0863409 9.99122E-05 0.0712873 9.99122E-05 9.99122E-05 9.99122E-05 9.99122E-05 9.99122E-05 0.130382 9.99122E-05 0.522315 9.99122E-05 9.99122E-05
9.99034E-05 9.99034E-05 9.99034E-05 9.99034E-05 9.99034E-05 0.0698985 0.0242022 9.99034E-05 0.00569593 0.011649 9.99034E-05 9.99034E-05 9.99034E-05 0.887455 9.99034E-05 9.99034E-05
9.98947E-05 9.98947E-05 0.0697133 0.162133 9.98947E-05 9.98947E-05 9.98947E-05 9.98947E-05 9.98947E-05 9.98947E-05 9.98947E-05 9.98947E-05 9.98947E-05 0.715617 0.0513381 9.98947E-05
0.0687821 9.9921E-05 0.0654422 0.0623236 9.9921E-05 9.9921E-05 9.9921E-05 0.147945 9.9921E-05 9.9921E-05 0.0257863 0.0493732 9.9921E-05 0.579448 9.9921E-05 9.9921E-05
9.99298E-05 0.166097 0.144848 0.0793446 9.99298E-05 0.194433 9.99298E-05 0.0360629 0.0217684 9.99298E-05 9.99298E-05 9.99298E-05 9.99298E-05 0.332361 0.0242863 9.99298E-05
9.99201E-05 0.201538 0.0361976 0.0979892 0.051464 0.125424 9.99201E-05 9.99201E-05 9.99201E-05 9.99201E-05 0.150805 9.99201E-05 9.99201E-05 0.226484 0.109299 9.99201E-05
9.99299E-05 9.99299E-05 0.065737 9.99299E-05 9.99299E-05 9.99299E-05 9.99299E-05 0.027675 0.0163849 9.99299E-05 9.99299E-05 0.0564446 0.145676 0.519596 0.145854 0.0218327
9.99385E-05 0.052388 0.092468 0.217214 0.0197733 0.186492 0.173352 9.99385E-05 0.0155048 9.99385E-05 9.99385E-05 9.99385E-05 9.99385E-05 0.133705 9.99385E-05 0.108404
9.99122E-05 0.092891 0.188945 0.233261 0.111363 9.99122E-05 0.0461718 9.99122E-05 9.99122E-05 9.99122E-05 9.99122E-05 9.99122E-05 9.99122E-05 0.326369 9.99122E-05 9.99122E-05
9.98772E-05 9.98772E-05 9.98772E-05 9.98772E-05 9.98772E-05 9.98772E-05 9.98772E-05 9.98772E-05 9.98772E-05 9.98772E-05 9.98772E-05 9.98772E-05 9.98772E-05 0.955798 9.98772E-05 0.042804
9.99123E-05 0.101408 0.0987821 9.99123E-05 0.22032 9.99123E-05 9.99123E-05 9.99123E-05 9.99123E-05 9.99123E-05 0.0938935 0.043149 9.99123E-05 0.441448 9.99123E-05 9.99123E-05
0.0726926 0.119556 9.9921E-05 0.353092 0.186115 9.9921E-05 0.00171537 9.9921E-05 9.9921E-05 9.9921E-05 9.9921E-05 9.9921E-05 9.9921E-05 0.256532 0.00939783 9.9921E-05
9.99211E-05 9.99211E-05 0.119192 9.99211E-05 9.99211E-05 0.217957 9.99211E-05 9.99211E-05 9.99211E-05 9.99211E-05 9.99211E-05 0.0226043 0.0627131 0.483809 0.0259751 0.0668508
9.99122E-05 9.99122E-05 0.274153 0.309013 9.99122E-05 0.0251834 9.99122E-05 9.99122E-05 0.0804874 9.99122E-05 0.00174647 9.99122E-05 9.99122E-05 0.308417 9.99122E-05 9.99122E-05
9.99385E-05 0.0924343 0.300892 0.133134 9.99385E-05 9.99385E-05 9.99385E-05 0.0111839 0.0352788 9.99385E-05 9.99385E-05 0.0287915 9.99385E-05 0.276426 0.024672 0.096488
9.99034E-05 0.064943 0.106104 0.127295 9.99034E-05 9.99034E-05 9.99034E-05 9.99034E-05 9.99034E-05 9.99034E-05 9.99034E-05 9.99034E-05 9.99034E-05 0.660252 0.0403069 9.99034E-05
9.99123E-05 9.99123E-05 0.127595 0.420328 9.99123E-05 9.99123E-05 0.110469 0.122545 9.99123E-05 9.99123E-05 0.133777 9.99123E-05 9.99123E-05 9.99123E-05 0.0842868 9.99123E-05
9.98947E-05 9.98947E-05 0.0215056 0.149298 9.98947E-05 9.98947E-05 9.98947E-05 9.98947E-05 9.98947E-05 9.98947E-05 9.98947E-05 9.98947E-05 9.98947E-05 0.736724 0.0912744 9.98947E-05
9.99035E-05 9.99035E-05 0.219343 0.103449 9.99035E-05 0.0684459 9.99035E-05 9.99035E-05 9.99035E-05 9.99035E-05 9.99035E-05 9.99035E-05 9.99035E-05 0.606904 9.99035E-05 0.000759473
9.99298E-05 0.03562 0.061987 9.99298E-05 9.99298E-05 0.0225269 9.99298E-05 0.0201036 0.0160781 9.99298E-05 0.062495 0.0114878 9.99298E-05 0.768902 9.99298E-05 9.99298E-05
9.9921E-05 0.0229503 0.0185871 0.0825178 9.9921E-05 0.143677 9.9921E-05 9.9921E-05 9.9921E-05 9.9921E-05 9.9921E-05 0.073435 9.9921E-05 0.621971 9.9921E-05 0.0359627
9.99298E-05 9.99298E-05 0.153825 0.0493886 0.0982333 0.0483718 9.99298E-05 0.0940895 9.99298E-05 9.99298E-05 9.99298E-05 0.0349487 9.99298E-05 0.513993 0.00635124 9.99298E-05
9.9921E-05 9.9921E-05 0.165103 0.190717 9.9921E-05 0.0321787 9.9921E-05 9.9921E-05 9.9921E-05 9.9921E-05 0.0135436 0.0858444 9.9921E-05 0.500436 0.0112778 9.9921E-05
9.99297E-05 9.99297E-05 0.174173 0.0885941 9.99297E-05 9.99297E-05 0.0420652 0.138081 0.0108066 9.99297E-05 0.0203297 0.0211393 9.99297E-05 0.504011 9.99297E-05 9.99297E-05
9.99035E-05 9.99035E-05 0.0426945 9.99035E-05 9.99035E-05 9.99035E-05 9.99035E-05 9.99035E-05 9.99035E-05 9.99035E-05 9.99035E-05 0.0189149 0.0575424 0.825219 9.99035E-05 0.0545305
9.99298E-05 0.00361583 0.00312892 0.0892317 9.99298E-05 0.0766497 9.99298E-05 9.99298E-05 0.0291873 9.99298E-05 9.99298E-05 9.99298E-05 0.0362263 0.607233 0.153928 9.99298E-05
9.99036E-05 9.99036E-05 9.99036E-05 9.99036E-05 9.99036E-05 9.99036E-05 9.99036E-05 9.99036E-05 9.99036E-05 0.072403 0.0726249 0.0116739 0.00847202 0.833727 9.99036E-05 9.99036E-05
9.99035E-05 0.161645 0.0894454 9.99035E-05 9.99035E-05 9.99035E-05 9.99035E-05 9.99035E-05 9.99035E-05 9.99035E-05 9.99035E-05 9.99035E-05 0.0365059 0.652164 9.99035E-05 0.05914
0.0184969 9.99299E-05 0.166378 9.99299E-05 0.0387497 9.99299E-05 9.99299E-05 0.0261564 9.99299E-05 9.99299E-05 0.04218 0.0405425 0.098965 0.567732 9.99299E-05 9.99299E-05
9.99122E-05 9.99122E-05 0.176085 0.0493838 9.99122E-05 9.99122E-05 9.99122E-05 0.0810362 9.99122E-05 0.0124373 0.117745 9.99122E-05 9.99122E-05 0.562313 9.99122E-05 9.99122E-05
9.99035E-05 9.99035E-05 0.0845249 0.194591 0.013274 9.99035E-05 9.99035E-05 9.99035E-05 9.99035E-05 9.99035E-05 9.99035E-05 0.0140492 9.99035E-05 0.692462 9.99035E-05 9.99035E-05
9.99035E-05 9.99035E-05 0.0803556 0.229484 9.99035E-05 9.99035E-05 0.0231607 9.99035E-05 9.99035E-05 9.99035E-05 9.99035E-05 9.99035E-05 0.0853097 0.580591 9.99035E-05 9.99035E-05
9.99034E-05 9.99034E-05 9.99034E-05 0.060282 0.0239891 9.99034E-05 9.99034E-05 9.99034E-05 9.99034E-05 0.0460933 9.99034E-05 9.99034E-05 0.0418114 0.826725 9.99034E-05 9.99034E-05
9.99298E-05 0.0920193 0.173241 0.0521965 9.99298E-05 0.254288 9.99298E-05 9.99298E-05 0.0440145 9.99298E-05 9.99298E-05 0.0223083 0.0300791 0.331054 9.99298E-05 9.99298E-05
0.0727979 9.99034E-05 0.168301 0.440093 9.99034E-05 9.99034E-05 9.99034E-05 9.99034E-05 9.99034E-05 9.99034E-05 9.99034E-05 9.99034E-05 9.99034E-05 0.194966 0.122744 9.99034E-05
9.99034E-05 9.99034E-05 0.018003 0.0602962 0.0710679 9.99034E-05 9.99034E-05 9.99034E-05 9.99034E-05 9.99034E-05 9.99034E-05 9.99034E-05 9.99034E-05 0.805177 9.99034E-05 0.0443569
9.99122E-05 0.0161507 0.0809155 9.99122E-05 9.99122E-05 9.99122E-05 0.0241727 9.99122E-05 9.99122E-05 9.99122E-05 9.99122E-05 0.0153225 9.99122E-05 0.821774 0.0406651 9.99122E-05
9.9886E-05 9.9886E-05 9.9886E-05 9.9886E-05 9.9886E-05 0.164111 0.00742901 9.9886E-05 9.9886E-05 9.9886E-05 9.9886E-05 9.9886E-05 9.9886E-05 0.827161 9.9886E-05 9.9886E-05
9.9921E-05 9.9921E-05 0.161109 0.127185 0.0366325 0.0722941 0.00497328 9.9921E-05 9.9921E-05 9.9921E-05 9.9921E-05 0.0565587 9.9921E-05 0.540348 9.9921E-05 9.9921E-05
0.0307803 0.0481553 9.99036E-05 9.99036E-05 9.99036E-05 9.99036E-05 9.99036E-05 9.99036E-05 9.99036E-05 0.134724 9.99036E-05 9.99036E-05 0.0113629 0.773878 9.99036E-05 9.99036E-05
9.99297E-05 0.094613 0.188919 0.161392 0.0379067 9.99297E-05 9.99297E-05 9.99297E-05 0.0521775 9.99297E-05 9.99297E-05 0.11832 9.99297E-05 0.299432 0.04644 9.99297E-05
9.99035E-05 9.99035E-05 9.99035E-05 0.175472 9.99035E-05 9.99035E-05 9.99035E-05 9.99035E-05 0.0527408 9.99035E-05 9.99035E-05 9.99035E-05 9.99035E-05 0.563884 0.173869 0.0329355
9.99035E-05 9.99035E-05 0.0539833 9.99035E-05 9.99035E-05 9.99035E-05 0.043351 9.99035E-05 9.99035E-05 0.027617 9.99035E-05 9.99035E-05 0.0181223 0.855828 9.99035E-05 9.99035E-05
0.0578985 0.00450799 0.0660806 9.99298E-05 9.99298E-05 0.0165835 0.00329373 9.99298E-05 9.99298E-05 0.0344254 0.186263 9.99298E-05 9.99298E-05 0.630148 9.99298E-05 9.99298E-05
0.0406414 0.00651416 0.138542 9.99123E-05 9.99123E-05 9.99123E-05 9.99123E-05 9.99123E-05 0.0261441 9.99123E-05 0.0296335 9.99123E-05 9.99123E-05 0.757526 9.99123E-05 9.99123E-05
0.0294805 9.9921E-05 9.9921E-05 9.9921E-05 0.0472046 0.102241 9.9921E-05 0.0436443 9.9921E-05 9.9921E-05 9.9921E-05 0.0053422 9.9921E-05 0.713008 9.9921E-05 0.0581801
9.99036E-05 9.99036E-05 9.99036E-05 9.99036E-05 0.146678 9.99036E-05 0.087902 9.99036E-05 9.99036E-05 9.99036E-05 0.0658744 9.99036E-05 0.0201745 0.678272 9.99036E-05 9.99036E-05
9.98948E-05 9.98948E-05 0.0508513 9.98948E-05 9.98948E-05 9.98948E-05 9.98948E-05 9.98948E-05 9.98948E-05 9.98948E-05 9.98948E-05 0.00940417 9.98948E-05 0.803892 0.134654 9.98948E-05
9.9921E-05 0.00659621 0.0320685 0.0172573 9.9921E-05 9.9921E-05 9.9921E-05 9.9921E-05 9.9921E-05 0.0440826 9.9921E-05 0.0251976 0.0185365 0.855362 9.9921E-05 9.9921E-05
9.99209E-05 0.0623788 0.166111 0.00382706 9.99209E-05 0.719291 0.010215 9.99209E-05 9.99209E-05 9.99209E-05 9.99209E-05 0.0355763 0.00170183 9.99209E-05 9.99209E-05 9.99209E-05
9.9886E-05 9.9886E-05 9.9886E-05 9.9886E-05 9.9886E-05 0.980255 9.9886E-05 9.9886E-05 0.0128265 9.9886E-05 9.9886E-05 9.9886E-05 9.9886E-05 9.9886E-05 0.00561971 9.9886E-05
9.98771E-05 9.98771E-05 9.98771E-05 9.98771E-05 9.98771E-05 0.957346 0.0412561 9.98771E-05 9.98771E-05 9.98771E-05 9.98771E-05 9.98771E-05 9.98771E-05 9.98771E-05 9.98771E-05 9.98771E-05
9.99297E-05 0.149556 0.0665724 9.99297E-05 9.99297E-05 0.395381 0.0214454 0.00947136 9.99297E-05 0.0596451 9.99297E-05 0.00102248 0.296107 9.99297E-05 9.99297E-05 9.99297E-05
9.99384E-05 0.0731119 0.0629445 0.0666919 0.106382 0.570447 0.0707069 9.99384E-05 9.99384E-05 9.99384E-05 0.0175312 9.99384E-05 9.99384E-05 9.99384E-05 0.0106259 0.020859
9.99032E-05 0.00449413 0.250842 0.14391 9.99032E-05 0.586903 9.99032E-05 9.99032E-05 0.0127524 9.99032E-05 9.99032E-05 9.99032E-05 9.99032E-05 9.99032E-05 9.99032E-05 9.99032E-05
9.99121E-05 9.99121E-05 0.0825806 9.99121E-05 9.99121E-05 0.473087 9.99121E-05 9.99121E-05 9.99121E-05 0.000224669 9.99121E-05 0.0304577 0.331646 9.99121E-05 0.0810047 9.99121E-05
9.99121E-05 0.133178 0.0821219 9.99121E-05 9.99121E-05 0.541606 0.127227 9.99121E-05 9.99121E-05 0.00582591 9.99121E-05 9.99121E-05 0.109042 9.99121E-05 9.99121E-05 9.99121E-05
9.98858E-05 9.98858E-05 9.98858E-05 9.98858E-05 9.98858E-05 0.97724 9.98858E-05 9.98858E-05 0.0143807 9.98858E-05 9.98858E-05 9.98858E-05 0.00708069 9.98858E-05 9.98858E-05 9.98858E-05
9.98858E-05 0.00322226 9.98858E-05 9.98858E-05 9.98858E-05 0.969464 9.98858E-05 9.98858E-05 9.98858E-05 9.98858E-05 9.98858E-05 0.0260151 9.98858E-05 9.98858E-05 9.98858E-05 9.98858E-05
9.99208E-05 0.0174147 0.22686 9.99208E-05 9.99208E-05 0.513578 0.00526404 9.99208E-05 9.99208E-05 9.99208E-05 9.99208E-05 0.122481 9.99208E-05 9.99208E-05 0.0509596 0.0625429
0.0234281 9.99385E-05 0.100132 0.125722 0.143551 0.401968 9.99385E-05 9.99385E-05 9.99385E-05 0.0587519 0.0184613 0.0789157 0.0483716 9.99385E-05 9.99385E-05 9.99385E-05
9.99122E-05 0.130089 0.0598166 9.99122E-05 0.120015 0.47321 9.99122E-05 9.99122E-05 9.99122E-05 9.99122E-05 0.0540645 0.161807 9.99122E-05 9.99122E-05 9.99122E-05 9.99122E-05
9.99033E-05 9.99033E-05 0.229436 0.193258 0.0199793 0.511402 9.99033E-05 9.99033E-05 9.99033E-05 9.99033E-05 9.99033E-05 9.99033E-05 0.0448256 9.99033E-05 9.99033E-05 9.99033E-05
0.00317101 9.98948E-05 9.98948E-05 9.98948E-05 9.98948E-05 0.947194 9.98948E-05 9.98948E-05 9.98948E-05 9.98948E-05 0.0274244 0.0210114 9.98948E-05 9.98948E-05 9.98948E-05 9.98948E-05
9.98947E-05 0.00502346 9.98947E-05 9.98947E-05 9.98947E-05 0.906238 9.98947E-05 9.98947E-05 9.98947E-05 9.98947E-05 9.98947E-05 0.0165152 9.98947E-05 9.98947E-05 0.0710244 9.98947E-05
9.99033E-05 9.99033E-05 0.0381382 9.99033E-05 0.202579 0.607711 0.0375913 9.99033E-05 9.99033E-05 0.112882 9.99033E-05 9.99033E-05 9.99033E-05 9.99033E-05 9.99033E-05 9.99033E-05
9.99121E-05 0.0645635 9.99121E-05 0.0960028 0.00159499 0.622369 9.99121E-05 9.99121E-05 9.99121E-05 9.99121E-05 9.99121E-05 0.161295 9.99121E-05 9.99121E-05 0.0531758 9.99121E-05
9.98946E-05 9.98946E-05 0.0503448 9.98946E-05 9.98946E-05 0.835635 0.0857775 9.98946E-05 9.98946E-05 9.98946E-05 9.98946E-05 0.0270439 9.98946E-05 9.98946E-05 9.98946E-05 9.98946E-05
9.99033E-05 9.99033E-05 0.257999 9.99033E-05 9.99033E-05 0.617946 0.0604321 9.99033E-05 9.99033E-05 9.99033E-05 9.99033E-05 0.0516018 9.99033E-05 9.99033E-05 9.99033E-05 0.0109218
9.98686E-05 9.98686E-05 9.98686E-05 9.98686E-05 9.98686E-05 0.998502 9.98686E-05 9.98686E-05 9.98686E-05 9.98686E-05 9.98686E-05 9.98686E-05 9.98686E-05 9.98686E-05 9.98686E-05 9.98686E-05
9.98945E-05 9.98945E-05 0.0331035 0.317528 9.98945E-05 0.642699 9.98945E-05 9.98945E-05 9.98945E-05 0.00547036 9.98945E-05 9.98945E-05 9.98945E-05 9.98945E-05 9.98945E-05 9.98945E-05
9.99035E-05 9.99035E-05 0.059004 0.0962507 9.99035E-05 0.706974 9.99035E-05 0.113702 9.99035E-05 9.99035E-05 9.99035E-05 9.99035E-05 0.0229705 9.99035E-05 9.99035E-05 9.99035E-05
9.99209E-05 0.0222709 0.0581063 9.99209E-05 0.163903 0.621753 0.0205709 9.99209E-05 0.058554 0.0539425 9.99209E-05 9.99209E-05 9.99209E-05 9.99209E-05 9.99209E-05 9.99209E-05
9.98857E-05 9.98857E-05 0.0113114 9.98857E-05 9.98857E-05 0.810796 9.98857E-05 9.98857E-05 9.98857E-05 9.98857E-05 9.98857E-05 0.176594 9.98857E-05 9.98857E-05 9.98857E-05 9.98857E-05
0.0299786 0.0682235 0.0160599 9.99123E-05 9.99123E-05 0.869251 9.99123E-05 9.99123E-05 9.99123E-05 9.99123E-05 9.99123E-05 9.99123E-05 0.00115685 9.99123E-05 9.99123E-05 0.0143311
9.98685E-05 9.98685E-05 9.98685E-05 9.98685E-05 9.98685E-05 0.998502 9.98685E-05 9.98685E-05 9.98685E-05 9.98685E-05 9.98685E-05 9.98685E-05 9.98685E-05 9.98685E-05 9.98685E-05 9.98685E-05
9.98771E-05 9.98771E-05 0.00580843 9.98771E-05 9.98771E-05 0.992793 9.98771E-05 9.98771E-05 9.98771E-05 9.98771E-05 9.98771E-05 9.98771E-05 9.98771E-05 9.98771E-05 9.98771E-05 9.98771E-05
9.98771E-05 9.98771E-05 9.98771E-05 9.98771E-05 9.98771E-05 0.860762 0.137839 9.98771E-05 9.98771E-05 9.98771E-05 9.98771E-05 9.98771E-05 9.98771E-05 9.98771E-05 9.98771E-05 9.98771E-05
9.99037E-05 0.155872 0.224064 9.99037E-05 9.99037E-05 0.574131 9.99037E-05 0.0356458 9.99037E-05 9.99037E-05 9.99037E-05 0.00918835 9.99037E-05 9.99037E-05 9.99037E-05 9.99037E-05
9.98946E-05 0.172173 0.210503 9.98946E-05 9.98946E-05 9.98946E-05 9.98946E-05 0.610871 9.98946E-05 9.98946E-05 9.98946E-05 0.00525456 9.98946E-05 9.98946E-05 9.98946E-05 9.98946E-05
9.98948E-05 0.0395422 0.0458818 9.98948E-05 9.98948E-05 9.98948E-05 9.98948E-05 0.894527 9.98948E-05 9.98948E-05 9.98948E-05 9.98948E-05 9.98948E-05 0.0188501 9.98948E-05 9.98948E-05
0.132475 0.00705583 0.20699 0.0799049 9.99208E-05 9.99208E-05 0.0290904 0.504774 9.99208E-05 9.99208E-05 9.99208E-05 0.038811 9.99208E-05 9.99208E-05 9.99208E-05 9.99208E-05
9.9912E-05 0.137167 0.204756 9.9912E-05 9.9912E-05 9.9912E-05 0.046859 0.503887 9.9912E-05 9.9912E-05 9.9912E-05 0.0912962 9.9912E-05 9.9912E-05 9.9912E-05 0.0150359
0.0662888 0.166172 0.00668768 9.99384E-05 9.99384E-05 9.99384E-05 0.109685 0.52173 0.0654016 0.0225169 9.99384E-05 0.0385178 9.99384E-05 9.99384E-05 9.99384E-05 0.00230097
9.99034E-05 0.20162 0.174731 9.99034E-05 9.99034E-05 9.99034E-05 9.99034E-05 0.426921 9.99034E-05 9.99034E-05 9.99034E-05 9.99034E-05 0.0401611 9.99034E-05 0.155467 9.99034E-05
9.99122E-05 0.138091 0.154987 0.0995505 9.99122E-05 9.99122E-05 0.0299037 0.543688 9.99122E-05 9.99122E-05 9.99122E-05 0.0327813 9.99122E-05 9.99122E-05 9.99122E-05 9.99122E-05
9.99122E-05 0.279901 0.155501 0.0479356 9.99122E-05 9.99122E-05 0.0358123 0.46951 9.99122E-05 9.99122E-05 9.99122E-05 9.99122E-05 9.99122E-05 9.99122E-05 9.99122E-05 0.0103417
9.99209E-05 0.424335 0.114909 0.0240037 9.99209E-05 9.99209E-05 9.99209E-05 0.0508713 9.99209E-05 9.99209E-05 9.99209E-05 0.0336852 0.290474 9.99209E-05 0.0608223 9.99209E-05
0.0077735 0.253683 0.389464 0.00722986 9.99122E-05 9.99122E-05 9.99122E-05 0.306269 9.99122E-05 9.99122E-05 9.99122E-05 9.99122E-05 9.99122E-05 9.99122E-05 0.0345809 9.99122E-05
9.99035E-05 0.0374484 0.0190733 9.99035E-05 9.99035E-05 9.99035E-05 9.99035E-05 0.600949 9.99035E-05 9.99035E-05 9.99035E-05 0.00287158 0.338559 9.99035E-05 9.99035E-05 9.99035E-05
9.98946E-05 9.98946E-05 0.128981 9.98946E-05 9.98946E-05 9.98946E-05 9.98946E-05 0.619594 9.98946E-05 9.98946E-05 9.98946E-05 0.0514925 0.198734 9.98946E-05 9.98946E-05 9.98946E-05
9.99034E-05 0.139005 9.99034E-05 9.99034E-05 9.99034E-05 9.99034E-05 0.00681699 0.758699 9.99034E-05 9.99034E-05 9.99034E-05 0.0119716 9.99034E-05 9.99034E-05 0.0824083 9.99034E-05
9.98947E-05 0.146878 0.297949 9.98947E-05 9.98947E-05 9.98947E-05 9.98947E-05 0.525551 0.028423 9.98947E-05 9.98947E-05 9.98947E-05 9.98947E-05 9.98947E-05 9.98947E-05 9.98947E-05
9.9921E-05 0.118866 0.014059 9.9921E-05 9.9921E-05 9.9921E-05 0.158083 0.63736 9.9921E-05 9.9921E-05 0.0475155 0.020497 9.9921E-05 9.9921E-05 0.00272117 9.9921E-05
9.99297E-05 0.0656089 0.190419 0.00389212 9.99297E-05 9.99297E-05 9.99297E-05 0.486765 9.99297E-05 0.0499421 9.99297E-05 0.0636737 0.0680616 9.99297E-05 0.0708382 9.99297E-05
9.99122E-05 0.0885338 0.100537 9.99122E-05 9.99122E-05 9.99122E-05 9.99122E-05 0.427224 0.0335741 9.99122E-05 9.99122E-05 9.99122E-05 0.250697 9.99122E-05 9.99122E-05 0.0984351
0.140025 0.258567 9.98947E-05 0.160603 9.98947E-05 9.98947E-05 9.98947E-05 0.439606 9.98947E-05 9.98947E-05 9.98947E-05 9.98947E-05 9.98947E-05 9.98947E-05 9.98947E-05 9.98947E-05
0.0461021 0.0419308 9.99121E-05 9.99121E-05 9.99121E-05 9.99121E-05 9.99121E-05 0.682028 9.99121E-05 9.99121E-05 9.99121E-05 0.105855 0.121678 9.99121E-05 9.99121E-05 0.00140742
9.99298E-05 0.180239 0.133124 0.00383708 9.99298E-05 0.068411 9.99298E-05 0.491427 0.0250611 9.99298E-05 0.00354118 9.99298E-05 9.99298E-05 9.99298E-05 9.99298E-05 0.0935594
0.0318874 0.0937656 0.171688 9.99121E-05 9.99121E-05 9.99121E-05 9.99121E-05 0.487097 9.99121E-05 9.99121E-05 9.99121E-05 9.99121E-05 0.164061 9.99121E-05 0.050501 9.99121E-05
9.99033E-05 0.150689 0.131391 9.99033E-05 9.99033E-05 9.99033E-05 0.0347489 0.608982 9.99033E-05 9.99033E-05 9.99033E-05 0.0730904 9.99033E-05 9.99033E-05 9.99033E-05 9.99033E-05
9.99123E-05 0.258705 0.240623 9.99123E-05 0.113921 9.99123E-05 9.99123E-05 0.201731 9.99123E-05 9.99123E-05 9.99123E-05 9.99123E-05 0.100015 9.99123E-05 9.99123E-05 0.0840053
0.0166678 0.149803 0.110829 9.99034E-05 9.99034E-05 9.99034E-05 9.99034E-05 0.705503 9.99034E-05 9.99034E-05 9.99034E-05 0.0160986 9.99034E-05 9.99034E-05 9.99034E-05 9.99034E-05
9.9921E-05 0.281117 0.280151 9.9921E-05 0.0928876 9.9921E-05 9.9921E-05 0.195209 0.0208093 9.9921E-05 9.9921E-05 9.9921E-05 0.0992322 9.9921E-05 9.9921E-05 0.0296947
9.99123E-05 0.151176 0.0930454 9.99123E-05 9.99123E-05 0.194085 9.99123E-05 0.399647 9.99123E-05 9.99123E-05 0.0282867 9.99123E-05 0.132761 9.99123E-05 9.99123E-05 9.99123E-05
9.98861E-05 9.98861E-05 0.0384524 9.98861E-05 9.98861E-05 9.98861E-05 9.98861E-05 0.825123 0.135126 9.98861E-05 9.98861E-05 9.98861E-05 9.98861E-05 9.98861E-05 9.98861E-05 9.98861E-05
9.99208E-05 0.134163 0.242847 9.99208E-05 0.0709319 9.99208E-05 9.99208E-05 0.423389 9.99208E-05 9.99208E-05 0.0702272 0.0193882 9.99208E-05 9.99208E-05 9.99208E-05 0.0381551
9.98947E-05 0.330731 0.247457 9.98947E-05 9.98947E-05 9.98947E-05 9.98947E-05 0.353217 9.98947E-05 9.98947E-05 9.98947E-05 9.98947E-05 0.0673974 9.98947E-05 9.98947E-05 9.98947E-05
0.126682 0.0259867 0.171272 9.99122E-05 9.99122E-05 9.99122E-05 9.99122E-05 0.613529 9.99122E-05 9.99122E-05 9.99122E-05 0.0225969 9.99122E-05 9.99122E-05 9.99122E-05 0.0389345
9.99034E-05 0.0628021 0.307124 9.99034E-05 9.99034E-05 9.99034E-05 9.99034E-05 0.488672 9.99034E-05 9.99034E-05 0.0693376 0.0709655 9.99034E-05 9.99034E-05 9.99034E-05 9.99034E-05
9.99121E-05 0.040197 0.0850949 9.99121E-05 9.99121E-05 9.99121E-05 9.99121E-05 0.672709 9.99121E-05 9.99121E-05 0.118973 0.0375958 9.99121E-05 9.99121E-05 9.99121E-05 0.0444306
0.160047 0.35066 0.191659 9.99033E-05 9.99033E-05 9.99033E-05 9.99033E-05 0.152796 9.99033E-05 9.99033E-05 9.99033E-05 9.99033E-05 9.99033E-05 9.99033E-05 9.99033E-05 0.143738
9.99032E-05 0.0667278 0.114037 0.337935 0.0622502 9.99032E-05 9.99032E-05 0.417951 9.99032E-05 9.99032E-05 9.99032E-05 9.99032E-05 9.99032E-05 9.99032E-05 9.99032E-05 9.99032E-05
9.99034E-05 9.99034E-05 0.16 0.00443803 9.99034E-05 9.99034E-05 0.0261344 0.681429 9.99034E-05 9.99034E-05 9.99034E-05 9.99034E-05 9.99034E-05 9.99034E-05 0.1269 9.99034E-05
9.99121E-05 0.0654687 9.99121E-05 0.133713 9.99121E-05 9.99121E-05 9.99121E-05 0.647311 9.99121E-05 9.99121E-05 9.99121E-05 0.0466105 0.0363412 9.99121E-05 0.0695571 9.99121E-05
0.00575429 0.179603 0.295999 9.99121E-05 9.99121E-05 9.99121E-05 0.0698194 0.409232 9.99121E-05 9.99121E-05 9.99121E-05 0.0385934 9.99121E-05 9.99121E-05 9.99121E-05 9.99121E-05
9.98859E-05 0.0785563 9.98859E-05 9.98859E-05 9.98859E-05 9.98859E-05 9.98859E-05 0.898484 9.98859E-05 9.98859E-05 9.98859E-05 9.98859E-05 9.98859E-05 9.98859E-05 0.0216616 9.98859E-05
9.99035E-05 0.0333999 0.102287 9.99035E-05 9.99035E-05 9.99035E-05 0.0372064 0.787715 9.99035E-05 9.99035E-05 9.99035E-05 0.0382924 9.99035E-05 9.99035E-05 9.99035E-05 9.99035E-05
0.0224344 0.0102093 9.98948E-05 9.98948E-05 9.98948E-05 9.98948E-05 9.98948E-05 0.938181 9.98948E-05 9.98948E-05 9.98948E-05 0.0279767 9.98948E-05 9.98948E-05 9.98948E-05 9.98948E-05
9.98948E-05 0.00900926 9.98948E-05 9.98948E-05 9.98948E-05 9.98948E-05 9.98948E-05 0.90503 9.98948E-05 9.98948E-05 9.98948E-05 9.98948E-05 0.0845311 9.98948E-05 0.000231016 9.98948E-05
9.99121E-05 0.198816 0.347953 9.99121E-05 0.0705858 9.99121E-05 9.99121E-05 0.206507 9.99121E-05 9.99121E-05 9.99121E-05 9.99121E-05 0.126428 9.99121E-05 9.99121E-05 0.0487098
0.0175329 0.198125 0.110991 0.156807 9.99297E-05 9.99297E-05 0.0127303 0.466753 9.99297E-05 9.99297E-05 0.0223197 9.99297E-05 9.99297E-05 9.99297E-05 9.99297E-05 0.0139426
9.99123E-05 0.0884822 0.0617784 9.99123E-05 9.99123E-05 9.99123E-05 9.99123E-05 0.778031 9.99123E-05 9.99123E-05 9.99123E-05 9.99123E-05 0.035187 0.00852483 9.99123E-05 0.0269973
9.98861E-05 9.98861E-05 0.100255 9.98861E-05 9.98861E-05 9.98861E-05 9.98861E-05 0.894479 9.98861E-05 9.98861E-05 9.98861E-05 9.98861E-05 9.98861E-05 0.00396682 9.98861E-05 9.98861E-05
0.0187827 0.275385 9.99473E-05 0.1537 0.0155225 9.99473E-05 0.0561269 0.240614 9.99473E-05 0.00191229 9.99473E-05 0.00271809 0.163843 9.99473E-05 9.99473E-05 0.0707968
9.99122E-05 0.152522 0.160815 9.99122E-05 9.99122E-05 0.129846 0.0500596 0.493083 9.99122E-05 9.99122E-05 9.99122E-05 0.0126756 9.99122E-05 9.99122E-05 9.99122E-05 9.99122E-05
9.99298E-05 0.196992 0.0625275 0.0884255 9.99298E-05 9.99298E-05 0.0447135 0.388707 0.103019 9.99298E-05 0.0233271 9.99298E-05 0.091489 9.99298E-05 9.99298E-05 9.99298E-05
9.99122E-05 0.334544 0.283115 0.152815 9.99122E-05 9.99122E-05 9.99122E-05 0.185787 9.99122E-05 9.99122E-05 9.99122E-05 0.012366 9.99122E-05 9.99122E-05 9.99122E-05 0.0303746
9.98772E-05 9.98772E-05 0.0353622 9.98772E-05 9.98772E-05 9.98772E-05 9.98772E-05 0.96324 9.98772E-05 9.98772E-05 9.98772E-05 9.98772E-05 9.98772E-05 9.98772E-05 9.98772E-05 9.98772E-05
9.99297E-05 0.0517703 0.163334 0.134926 0.0535007 9.99297E-05 9.99297E-05 0.29821 9.99297E-05 0.0788711 9.99297E-05 0.0232913 9.99297E-05 9.99297E-05 0.195298 9.99297E-05
0.0149088 0.0953742 9.98948E-05 9.98948E-05 9.98948E-05 0.061225 9.98948E-05 0.827293 9.98948E-05 9.98948E-05 9.98948E-05 9.98948E-05 9.98948E-05 9.98948E-05 9.98948E-05 9.98948E-05
0.0444321 0.0408371 0.14934 9.99211E-05 9.99211E-05 9.99211E-05 0.0477617 0.619175 9.99211E-05 9.99211E-05 0.00180981 0.0957454 9.99211E-05 9.99211E-05 9.99211E-05 9.99211E-05
9.99121E-05 0.156535 9.99121E-05 0.0953314 9.99121E-05 9.99121E-05 9.99121E-05 0.537152 9.99121E-05 9.99121E-05 0.0878336 9.99121E-05 0.0992145 9.99121E-05 9.99121E-05 0.0229345
9.99208E-05 9.99208E-05 0.056009 0.172926 9.99208E-05 9.99208E-05 0.048916 0.605086 9.99208E-05 9.99208E-05 9.99208E-05 0.0453995 9.99208E-05 9.99208E-05 0.0683398 0.00242506
9.99033E-05 0.194968 0.222122 9.99033E-05 0.0578872 9.99033E-05 9.99033E-05 0.177488 9.99033E-05 9.99033E-05 9.99033E-05 9.99033E-05 0.346435 9.99033E-05 9.99033E-05 9.99033E-05
0.023363 0.213161 0.235189 9.98945E-05 9.98945E-05 9.98945E-05 9.98945E-05 0.527089 9.98945E-05 9.98945E-05 9.98945E-05 9.98945E-05 9.98945E-05 9.98945E-05 9.98945E-05 9.98945E-05
0.0489321 0.0705309 0.0847124 0.0445317 0.0781698 9.99385E-05 9.99385E-05 0.481247 0.0200842 9.99385E-05 0.0779224 0.0931695 9.99385E-05 9.99385E-05 9.99385E-05 9.99385E-05
9.99034E-05 0.0392975 0.180557 9.99034E-05 9.99034E-05 9.99034E-05 9.99034E-05 0.618113 9.99034E-05 9.99034E-05 0.0433669 9.99034E-05 9.99034E-05 9.99034E-05 9.99034E-05 0.117567
9.98947E-05 0.212767 0.0610133 9.98947E-05 9.98947E-05 9.98947E-05 9.98947E-05 0.663497 9.98947E-05 9.98947E-05 9.98947E-05 9.98947E-05 0.0615237 9.98947E-05 9.98947E-05 9.98947E-05
9.98681E-05 9.98681E-05 0.998502 9.98681E-05 9.98681E-05 9.98681E-05 9.98681E-05 9.98681E-05 9.98681E-05 9.98681E-05 9.98681E-05 9.98681E-05 9.98681E-05 9.98681E-05 9.98681E-05 9.98681E-05
9.9868E-05 0.998502 9.9868E-05 9.9868E-05 9.9868E-05 9.9868E-05 9.9868E-05 9.9868E-05 9.9868E-05 9.9868E-05 9.9868E-05 9.9868E-05 9.9868E-05 9.9868E-05 9.9868E-05 9.9868E-05
9.9868E-05 9.9868E-05 0.998502 9.9868E-05 9.9868E-05 9.9868E-05 9.9868E-05 9.9868E-05 9.9868E-05 9.9868E-05 9.9868E-05 9.9868E-05 9.9868E-05 9.9868E-05 9.9868E-05 9.9868E-05
9.98681E-05 0.998502 9.98681E-05 9.98681E-05 9.98681E-05 9.98681E-05 9.98681E-05 9.98681E-05 9.98681E-05 9.98681E-05 9.98681E-05 9.98681E-05 9.98681E-05 9.98681E-05 9.98681E-05 9.98681E-05
9.98681E-05 0.998502 9.98681E-05 9.98681E-05 9.98681E-05 9.98681E-05 9.98681E-05 9.98681E-05 9.98681E-05 9.98681E-05 9.98681E-05 9.98681E-05 9.98681E-05 9.98681E-05 9.98681E-05 9.98681E-05
9.98681E-05 0.998502 9.98681E-05 9.98681E-05 9.98681E-05 9.98681E-05 9.98681E-05 9.98681E-05 9.98681E-05 9.98681E-05 9.98681E-05 9.98681E-05 9.98681E-05 9.98681E-05 9.98681E-05 9.98681E-05
9.98681E-05 9.98681E-05 0.998502 9.98681E-05 9.98681E-05 9.98681E-05 9.98681E-05 9.98681E-05 9.98681E-05 9.98681E-05 9.98681E-05 9.98681E-05 9.98681E-05 9.98681E-05 9.98681E-05 9.98681E-05
9.98681E-05 0.998502 9.98681E-05 9.98681E-05 9.98681E-05 9.98681E-05 9.98681E-05 9.98681E-05 9.98681E-05 9.98681E-05 9.98681E-05 9.98681E-05 9.98681E-05 9.98681E-05 9.98681E-05 9.98681E-05
9.98681E-05 0.998502 9.98681E-05 9.98681E-05 9.98681E-05 9.98681E-05 9.98681E-05 9.98681E-05 9.98681E-05 9.98681E-05 9.98681E-05 9.98681E-05 9.98681E-05 9.98681E-05 9.98681E-05 9.98681E-05
9.98681E-05 9.98681E-05 0.998502 9.98681E-05 9.98681E-05 9.98681E-05 9.98681E-05 9.98681E-05 9.98681E-05 9.98681E-05 9.98681E-05 9.98681E-05 9.98681E-05 9.98681E-05 9.98681E-05 9.98681E-05
9.98681E-05 9.98681E-05 0.998502 9.98681E-05 9.98681E-05 9.98681E-05 9.98681E-05 9.98681E-05 9.98681E-05 9.98681E-05 9.98681E-05 9.98681E-05 9.98681E-05 9.98681E-05 9.98681E-05 9.98681E-05
9.98681E-05 9.98681E-05 0.998502 9.98681E-05 9.98681E-05 9.98681E-05 9.98681E-05 9.98681E-05 9.98681E-05 9.98681E-05 9.98681E-05 9.98681E-05 9.98681E-05 9.98681E-05 9.98681E-05 9.98681E-05
9.98681E-05 0.998502 9.98681E-05 9.98681E-05 9.98681E-05 9.98681E-05 9.98681E-05 9.98681E-05 9.98681E-05 9.98681E-05 9.98681E-05 9.98681E-05 9.98681E-05 9.98681E-05 9.98681E-05 9.98681E-05
9.9868E-05 0.998502 9.9868E-05 9.9868E-05 9.9868E-05 9.9868E-05 9.9868E-05 9.9868E-05 9.9868E-05 9.9868E-05 9.9868E-05 9.9868E-05 9.9868E-05 9.9868E-05 9.9868E-05 9.9868E-05
9.98681E-05 9.98681E-05 0.998502 9.98681E-05 9.98681E-05 9.98681E-05 9.98681E-05 9.98681E-05 9.98681E-05 9.98681E-05 9.98681E-05 9.98681E-05 9.98681E-05 9.98681E-05 9.98681E-05 9.98681E-05
9.9868E-05 9.9868E-05 0.998502 9.9868E-05 9.9868E-05 9.9868E-05 9.9868E-05 9.9868E-05 9.9868E-05 9.9868E-05 9.9868E-05 9.9868E-05 9.9868E-05 9.9868E-05 9.9868E-05 9.9868E-05
9.99209E-05 0.132893 0.189198 9.99209E-05 0.184944 9.99209E-05 9.99209E-05 0.253526 0.0836252 0.11915 9.99209E-05 9.99209E-05 9.99209E-05 9.99209E-05 9.99209E-05 0.0357639
9.98681E-05 9.98681E-05 0.998502 9.98681E-05 9.98681E-05 9.98681E-05 9.98681E-05 9.98681E-05 9.98681E-05 9.98681E-05 9.98681E-05 9.98681E-05 9.98681E-05 9.98681E-05 9.98681E-05 9.98681E-05
9.98681E-05 0.998502 9.98681E-05 9.98681E-05 9.98681E-05 9.98681E-05 9.98681E-05 9.98681E-05 9.98681E-05 9.98681E-05 9.98681E-05 9.98681E-05 9.98681E-05 9.98681E-05 9.98681E-05 9.98681E-05
9.9868E-05 9.9868E-05 0.998502 9.9868E-05 9.9868E-05 9.9868E-05 9.9868E-05 9.9868E-05 9.9868E-05 9.9868E-05 9.9868E-05 9.9868E-05 9.9868E-05 9.9868E-05 9.9868E-05 9.9868E-05
9.98681E-05 9.98681E-05 0.998502 9.98681E-05 9.98681E-05 9.98681E-05 9.98681E-05 9.98681E-05 9.98681E-05 9.98681E-05 9.98681E-05 9.98681E-05 9.98681E-05 9.98681E-05 9.98681E-05 9.98681E-05
9.98682E-05 9.98682E-05 0.998502 9.98682E-05 9.98682E-05 9.98682E-05 9.98682E-05 9.98682E-05 9.98682E-05 9.98682E-05 9.98682E-05 9.98682E-05 9.98682E-05 9.98682E-05 9.98682E-05 9.98682E-05
9.9868E-05 0.998502 9.9868E-05 9.9868E-05 9.9868E-05 9.9868E-05 9.9868E-05 9.9868E-05 9.9868E-05 9.9868E-05 9.9868E-05 9.9868E-05 9.9868E-05 9.9868E-05 9.9868E-05 9.9868E-05
9.9868E-05 9.9868E-05 0.998502 9.9868E-05 9.9868E-05 9.9868E-05 9.9868E-05 9.9868E-05 9.9868E-05 9.9868E-05 9.9868E-05 9.9868E-05 9.9868E-05 9.9868E-05 9.9868E-05 9.9868E-05
9.9868E-05 0.998502 9.9868E-05 9.9868E-05 9.9868E-05 9.9868E-05 9.9868E-05 9.9868E-05 9.9868E-05 9.9868E-05 9.9868E-05 9.9868E-05 9.9868E-05 9.9868E-05 9.9868E-05 9.9868E-05
9.98681E-05 9.98681E-05 0.998502 9.98681E-05 9.98681E-05 9.98681E-05 9.98681E-05 9.98681E-05 9.98681E-05 9.98681E-05 9.98681E-05 9.98681E-05 9.98681E-05 9.98681E-05 9.98681E-05 9.98681E-05
9.9868E-05 9.9868E-05 0.998502 9.9868E-05 9.9868E-05 9.9868E-05 9.9868E-05 9.9868E-05 9.9868E-05 9.9868E-05 9.9868E-05 9.9868E-05 9.9868E-05 9.9868E-05 9.9868E-05 9.9868E-05
9.98681E-05 0.998502 9.98681E-05 9.98681E-05 9.98681E-05 9.98681E-05 9.98681E-05 9.98681E-05 9.98681E-05 9.98681E-05 9.98681E-05 9.98681E-05 9.98681E-05 9.98681E-05 9.98681E-05 9.98681E-05
9.9868E-05 0.998502 9.9868E-05 9.9868E-05 9.9868E-05 9.9868E-05 9.9868E-05 9.9868E-05 9.9868E-05 9.9868E-05 9.9868E-05 9.9868E-05 9.9868E-05 9.9868E-05 9.9868E-05 9.9868E-05
9.98681E-05 0.998502 9.98681E-05 9.98681E-05 9.98681E-05 9.98681E-05 9.98681E-05 9.98681E-05 9.98681E-05 9.98681E-05 9.98681E-05 9.98681E-05 9.98681E-05 9.98681E-05 9.98681E-05 9.98681E-05
9.98681E-05 9.98681E-05 0.998502 9.98681E-05 9.98681E-05 9.98681E-05 9.98681E-05 9.98681E-05 9.98681E-05 9.98681E-05 9.98681E-05 9.98681E-05 9.98681E-05 9.98681E-05 9.98681E-05 9.98681E-05
9.9868E-05 9.9868E-05 0.998502 9.9868E-05 9.9868E-05 9.9868E-05 9.9868E-05 9.9868E-05 9.9868E-05 9.9868E-05 9.9868E-05 9.9868E-05 9.9868E-05 9.9868E-05 9.9868E-05 9.9868E-05
9.9868E-05 9.9868E-05 0.998502 9.9868E-05 9.9868E-05 9.9868E-05 9.9868E-05 9.9868E-05 9.9868E-05 9.9868E-05 9.9868E-05 9.9868E-05 9.9868E-05 9.9868E-05 9.9868E-05 9.9868E-05
9.98681E-05 9.98681E-05 0.998502 9.98681E-05 9.98681E-05 9.98681E-05 9.98681E-05 9.98681E-05 9.98681E-05 9.98681E-05 9.98681E-05 9.98681E-05 9.98681E-05 9.98681E-05 9.98681E-05 9.98681E-05
9.98681E-05 9.98681E-05 0.998502 9.98681E-05 9.98681E-05 9.98681E-05 9.98681E-05 9.98681E-05 9.98681E-05 9.98681E-05 9.98681E-05 9.98681E-05 9.98681E-05 9.98681E-05 9.98681E-05 9.98681E-05
9.98681E-05 0.998502 9.98681E-05 9.98681E-05 9.98681E-05 9.98681E-05 9.98681E-05 9.98681E-05 9.98681E-05 9.98681E-05 9.98681E-05 9.98681E-05 9.98681E-05 9.98681E-05 9.98681E-05 9.98681E-05
9.9868E-05 0.998502 9.9868E-05 9.9868E-05 9.9868E-05 9.9868E-05 9.9868E-05 9.9868E-05 9.9868E-05 9.9868E-05 9.9868E-05 9.9868E-05 9.9868E-05 9.9868E-05 9.9868E-05 9.9868E-05
9.98681E-05 0.998502 9.98681E-05 9.98681E-05 9.98681E-05 9.98681E-05 9.98681E-05 9.98681E-05 9.98681E-05 9.98681E-05 9.98681E-05 9.98681E-05 9.98681E-05 9.98681E-05 9.98681E-05 9.98681E-05
9.9868E-05 9.9868E-05 0.998502 9.9868E-05 9.9868E-05 9.9868E-05 9.9868E-05 9.9868E-05 9.9868E-05 9.9868E-05 9.9868E-05 9.9868E-05 9.9868E-05 9.9868E-05 9.9868E-05 9.9868E-05
9.9868E-05 0.998502 9.9868E-05 9.9868E-05 9.9868E-05 9.9868E-05 9.9868E-05 9.9868E-05 9.9868E-05 9.9868E-05 9.9868E-05 9.9868E-05 9.9868E-05 9.9868E-05 9.9868E-05 9.9868E-05
9.98682E-05 0.998502 9.98682E-05 9.98682E-05 9.98682E-05 9.98682E-05 9.98682E-05 9.98682E-05 9.98682E-05 9.98682E-05 9.98682E-05 9.98682E-05 9.98682E-05 9.98682E-05 9.98682E-05 9.98682E-05
9.98681E-05 0.998502 9.98681E-05 9.98681E-05 9.98681E-05 9.98681E-05 9.98681E-05 9.98681E-05 9.98681E-05 9.98681E-05 9.98681E-05 9.98681E-05 9.98681E-05 9.98681E-05 9.98681E-05 9.98681E-05
9.98681E-05 0.998502 9.98681E-05 9.98681E-05 9.98681E-05 9.98681E-05 9.98681E-05 9.98681E-05 9.98681E-05 9.98681E-05 9.98681E-05 9.98681E-05 9.98681E-05 9.98681E-05 9.98681E-05 9.98681E-05
9.9868E-05 9.9868E-05 0.998502 9.9868E-05 9.9868E-05 9.9868E-05 9.9868E-05 9.9868E-05 9.9868E-05 9.9868E-05 9.9868E-05 9.9868E-05 9.9868E-05 9.9868E-05 9.9868E-05 9.9868E-05
9.98681E-05 0.998502 9.98681E-05 9.98681E-05 9.98681E-05 9.98681E-05 9.98681E-05 9.98681E-05 9.98681E-05 9.98681E-05 9.98681E-05 9.98681E-05 9.98681E-05 9.98681E-05 9.98681E-05 9.98681E-05
9.9868E-05 0.998502 9.9868E-05 9.9868E-05 9.9868E-05 9.9868E-05 9.9868E-05 9.9868E-05 9.9868E-05 9.9868E-05 9.9868E-05 9.9868E-05 9.9868E-05 9.9868E-05 9.9868E-05 9.9868E-05
9.99297E-05 0.141732 0.212157 9.99297E-05 0.177326 9.99297E-05 9.99297E-05 0.273168 0.0555686 0.105848 9.99297E-05 9.99297E-05 0.00807582 9.99297E-05 9.99297E-05 0.0253253
9.9868E-05 9.9868E-05 0.998502 9.9868E-05 9.9868E-05 9.9868E-05 9.9868E-05 9.9868E-05 9.9868E-05 9.9868E-05 9.9868E-05 9.9868E-05 9.9868E-05 9.9868E-05 9.9868E-05 9.9868E-05
9.98682E-05 0.998502 9.98682E-05 9.98682E-05 9.98682E-05 9.98682E-05 9.98682E-05 9.98682E-05 9.98682E-05 9.98682E-05 9.98682E-05 9.98682E-05 9.98682E-05 9.98682E-05 9.98682E-05 9.98682E-05
9.98681E-05 0.998502 9.98681E-05 9.98681E-05 9.98681E-05 9.98681E-05 9.98681E-05 9.98681E-05 9.98681E-05 9.98681E-05 9.98681E-05 9.98681E-05 9.98681E-05 9.98681E-05 9.98681E-05 9.98681E-05
9.9868E-05 0.998502 9.9868E-05 9.9868E-05 9.9868E-05 9.9868E-05 9.9868E-05 9.9868E-05 9.9868E-05 9.9868E-05 9.9868E-05 9.9868E-05 9.9868E-05 9.9868E-05 9.9868E-05 9.9868E-05
9.9868E-05 0.998502 9.9868E-05 9.9868E-05 9.9868E-05 9.9868E-05 9.9868E-05 9.9868E-05 9.9868E-05 9.9868E-05 9.9868E-05 9.9868E-05 9.9868E-05 9.9868E-05 9.9868E-05 9.9868E-05
9.98681E-05 9.98681E-05 0.998502 9.98681E-05 9.98681E-05 9.98681E-05 9.98681E-05 9.98681E-05 9.98681E-05 9.98681E-05 9.98681E-05 9.98681E-05 9.98681E-05 9.98681E-05 9.98681E-05 9.98681E-05
9.9868E-05 0.998502 9.9868E-05 9.9868E-05 9.9868E-05 9.9868E-05 9.9868E-05 9.9868E-05 9.9868E-05 9.9868E-05 9.9868E-05 9.9868E-05 9.9868E-05 9.9868E-05 9.9868E-05 9.9868E-05
9.98681E-05 9.98681E-05 0.998502 9.98681E-05 9.98681E-05 9.98681E-05 9.98681E-05 9.98681E-05 9.98681E-05 9.98681E-05 9.98681E-05 9.98681E-05 9.98681E-05 9.98681E-05 9.98681E-05 9.98681E-05
9.9868E-05 0.998502 9.9868E-05 9.9868E-05 9.9868E-05 9.9868E-05 9.9868E-05 9.9868E-05 9.9868E-05 9.9868E-05 9.9868E-05 9.9868E-05 9.9868E-05 9.9868E-05 9.9868E-05 9.9868E-05
9.9868E-05 9.9868E-05 0.998502 9.9868E-05 9.9868E-05 9.9868E-05 9.9868E-05 9.9868E-05 9.9868E-05 9.9868E-05 9.9868E-05 9.9868E-05 9.9868E-05 9.9868E-05 9.9868E-05 9.9868E-05
9.9868E-05 0.998502 9.9868E-05 9.9868E-05 9.9868E-05 9.9868E-05 9.9868E-05 9.9868E-05 9.9868E-05 9.9868E-05 9.9868E-05 9.9868E-05 9.9868E-05 9.9868E-05 9.9868E-05 9.9868E-05
9.98681E-05 0.998502 9.98681E-05 9.98681E-05 9.98681E-05 9.98681E-05 9.98681E-05 9.98681E-05 9.98681E-05 9.98681E-05 9.98681E-05 9.98681E-05 9.98681E-05 9.98681E-05 9.98681E-05 9.98681E-05
9.98681E-05 0.998502 9.98681E-05 9.98681E-05 9.98681E-05 9.98681E-05 9.98681E-05 9.98681E-05 9.98681E-05 9.98681E-05 9.98681E-05 9.98681E-05 9.98681E-05 9.98681E-05 9.98681E-05 9.98681E-05
9.98681E-05 0.998502 9.98681E-05 9.98681E-05 9.98681E-05 9.98681E-05 9.98681E-05 9.98681E-05 9.98681E-05 9.98681E-05 9.98681E-05 9.98681E-05 9.98681E-05 9.98681E-05 9.98681E-05 9.98681E-05
9.9868E-05 0.998502 9.9868E-05 9.9868E-05 9.9868E-05 9.9868E-05 9.9868E-05 9.9868E-05 9.9868E-05 9.9868E-05 9.9868E-05 9.9868E-05 9.9868E-05 9.9868E-05 9.9868E-05 9.9868E-05
9.9868E-05 0.998502 9.9868E-05 9.9868E-05 9.9868E-05 9.9868E-05 9.9868E-05 9.9868E-05 9.9868E-05 9.9868E-05 9.9868E-05 9.9868E-05 9.9868E-05 9.9868E-05 9.9868E-05 9.9868E-05
9.9868E-05 9.9868E-05 0.998502 9.9868E-05 9.9868E-05 9.9868E-05 9.9868E-05 9.9868E-05 9.9868E-05 9.9868E-05 9.9868E-05 9.9868E-05 9.9868E-05 9.9868E-05 9.9868E-05 9.9868E-05
9.9868E-05 9.9868E-05 0.998502 9.9868E-05 9.9868E-05 9.9868E-05 9.9868E-05 9.9868E-05 9.9868E-05 9.9868E-05 9.9868E-05 9.9868E-05 9.9868E-05 9.9868E-05 9.9868E-05 9.9868E-05
9.9868E-05 9.9868E-05 0.998502 9.9868E-05 9.9868E-05 9.9868E-05 9.9868E-05 9.9868E-05 9.9868E-05 9.9868E-05 9.9868E-05 9.9868E-05 9.9868E-05 9.9868E-05 9.9868E-05 9.9868E-05
9.98681E-05 0.998502 9.98681E-05 9.98681E-05 9.98681E-05 9.98681E-05 9.98681E-05 9.98681E-05 9.98681E-05 9.98681E-05 9.98681E-05 9.98681E-05 9.98681E-05 9.98681E-05 9.98681E-05 9.98681E-05
9.98681E-05 9.98681E-05 0.998502 9.98681E-05 9.98681E-05 9.98681E-05 9.98681E-05 9.98681E-05 9.98681E-05 9.98681E-05 9.98681E-05 9.98681E-05 9.98681E-05 9.98681E-05 9.98681E-05 9.98681E-05
9.9868E-05 9.9868E-05 0.998502 9.9868E-05 9.9868E-05 9.9868E-05 9.9868E-05 9.9868E-05 9.9868E-05 9.9868E-05 9.9868E-05 9.9868E-05 9.9868E-05 9.9868E-05 9.9868E-05 9.9868E-05
9.98681E-05 9.98681E-05 0.998502 9.98681E-05 9.98681E-05 9.98681E-05 9.98681E-05 9.98681E-05 9.98681E-05 9.98681E-05 9.98681E-05 9.98681E-05 9.98681E-05 9.98681E-05 9.98681E-05 9.98681E-05
9.98681E-05 0.998502 9.98681E-05 9.98681E-05 9.98681E-05 9.98681E-05 9.98681E-05 9.98681E-05 9.98681E-05 9.98681E-05 9.98681E-05 9.98681E-05 9.98681E-05 9.98681E-05 9.98681E-05 9.98681E-05
9.9868E-05 0.998502 9.9868E-05 9.9868E-05 9.9868E-05 9.9868E-05 9.9868E-05 9.9868E-05 9.9868E-05 9.9868E-05 9.9868E-05 9.9868E-05 9.9868E-05 9.9868E-05 9.9868E-05 9.9868E-05
9.98681E-05 0.998502 9.98681E-05 9.98681E-05 9.98681E-05 9.98681E-05 9.98681E-05 9.98681E-05 9.98681E-05 9.98681E-05 9.98681E-05 9.98681E-05 9.98681E-05 9.98681E-05 9.98681E-05 9.98681E-05
9.9868E-05 9.9868E-05 0.998502 9.9868E-05 9.9868E-05 9.9868E-05 9.9868E-05 9.9868E-05 9.9868E-05 9.9868E-05 9.9868E-05 9.9868E-05 9.9868E-05 9.9868E-05 9.9868E-05 9.9868E-05
