9.98684E-05 0.0864934 9.98684E-05 0.0306487 9.98684E-05 0.493984 9.98684E-05 0.0348141 9.98684E-05 9.98684E-05 0.0177667 0.0665286 9.98684E-05 9.98684E-05 0.0137866 0.00600349 9.98684E-05 0.248476 9.98684E-05 9.98684E-05 9.98684E-05 9.98684E-05 9.98684E-05 9.98684E-05
9.98245E-05 0.00205167 0.779803 0.111431 9.98245E-05 9.98245E-05 9.98245E-05 0.104718 9.98245E-05 9.98245E-05 9.98245E-05 9.98245E-05 9.98245E-05 9.98245E-05 9.98245E-05 9.98245E-05 9.98245E-05 9.98245E-05 9.98245E-05 9.98245E-05 9.98245E-05 9.98245E-05 9.98245E-05 9.98245E-05
9.98072E-05 9.98072E-05 9.98072E-05 9.98072E-05 9.98072E-05 0.977695 9.98072E-05 9.98072E-05 9.98072E-05 0.0201094 9.98072E-05 9.98072E-05 9.98072E-05 9.98072E-05 9.98072E-05 9.98072E-05 9.98072E-05 9.98072E-05 9.98072E-05 9.98072E-05 9.98072E-05 9.98072E-05 9.98072E-05 9.98072E-05
9.98859E-05 9.98859E-05 0.140498 9.98859E-05 9.98859E-05 0.104156 0.0337493 9.98859E-05 0.013847 9.98859E-05 0.223009 0.039863 0.0214598 9.98859E-05 9.98859E-05 0.144491 9.98859E-05 0.164218 0.0156914 9.98859E-05 9.98859E-05 9.98859E-05 9.98859E-05 0.0977195
9.98334E-05 9.98334E-05 9.98334E-05 0.0134427 9.98334E-05 0.858088 9.98334E-05 9.98334E-05 9.98334E-05 0.0410573 9.98334E-05 9.98334E-05 9.98334E-05 9.98334E-05 9.98334E-05 9.98334E-05 0.00102865 9.98334E-05 9.98334E-05 9.98334E-05 9.98334E-05 9.98334E-05 9.98334E-05 0.0844862
0.163159 9.98509E-05 9.98509E-05 0.0245297 9.98509E-05 0.261641 0.177585 0.162185 9.98509E-05 0.0686132 9.98509E-05 9.98509E-05 9.98509E-05 9.98509E-05 9.98509E-05 9.98509E-05 0.140589 9.98509E-05 9.98509E-05 9.98509E-05 9.98509E-05 9.98509E-05 9.98509E-05 9.98509E-05
0.0303255 9.9886E-05 0.380113 0.140511 0.0665571 9.9886E-05 9.9886E-05 0.0167997 0.125584 9.9886E-05 9.9886E-05 0.139291 9.9886E-05 9.9886E-05 9.9886E-05 0.0143632 0.0115206 0.0404159 9.9886E-05 9.9886E-05 9.9886E-05 9.9886E-05 9.9886E-05 0.0332209
0.0850024 9.98772E-05 0.321795 9.98772E-05 9.98772E-05 9.98772E-05 0.141447 9.98772E-05 9.98772E-05 0.0556878 9.98772E-05 9.98772E-05 9.98772E-05 9.98772E-05 0.0707909 0.0574462 0.00139021 0.165795 0.0204636 9.98772E-05 9.98772E-05 0.0787837 9.98772E-05 9.98772E-05
9.98421E-05 0.267798 9.98421E-05 9.98421E-05 9.98421E-05 0.26632 0.204232 9.98421E-05 0.155612 0.0293339 9.98421E-05 9.98421E-05 9.98421E-05 9.98421E-05 9.98421E-05 0.074907 9.98421E-05 9.98421E-05 9.98421E-05 9.98421E-05 9.98421E-05 9.98421E-05 9.98421E-05 9.98421E-05
9.98158E-05 0.0543993 0.034724 9.98158E-05 9.98158E-05 0.908781 9.98158E-05 9.98158E-05 9.98158E-05 9.98158E-05 9.98158E-05 9.98158E-05 9.98158E-05 9.98158E-05 9.98158E-05 9.98158E-05 9.98158E-05 9.98158E-05 9.98158E-05 9.98158E-05 9.98158E-05 9.98158E-05 9.98158E-05 9.98158E-05
9.98596E-05 0.223293 0.607942 9.98596E-05 9.98596E-05 9.98596E-05 0.00362176 0.032005 0.000848374 9.98596E-05 9.98596E-05 0.112933 9.98596E-05 0.00357671 9.98596E-05 9.98596E-05 9.98596E-05 0.0141826 9.98596E-05 9.98596E-05 9.98596E-05 9.98596E-05 9.98596E-05 9.98596E-05
9.98159E-05 9.98159E-05 9.98159E-05 9.98159E-05 9.98159E-05 0.953922 9.98159E-05 9.98159E-05 9.98159E-05 9.98159E-05 9.98159E-05 9.98159E-05 0.0176522 9.98159E-05 9.98159E-05 9.98159E-05 9.98159E-05 9.98159E-05 9.98159E-05 9.98159E-05 9.98159E-05 9.98159E-05 0.0263294 9.98159E-05
9.98246E-05 0.11055 0.33977 9.98246E-05 9.98246E-05 0.428933 9.98246E-05 9.98246E-05 9.98246E-05 9.98246E-05 9.98246E-05 9.98246E-05 9.98246E-05 9.98246E-05 9.98246E-05 9.98246E-05 9.98246E-05 0.11875 9.98246E-05 9.98246E-05 9.98246E-05 9.98246E-05 9.98246E-05 9.98246E-05
9.98508E-05 0.0399918 0.762978 9.98508E-05 9.98508E-05 9.98508E-05 9.98508E-05 9.98508E-05 9.98508E-05 0.0519495 9.98508E-05 9.98508E-05 9.98508E-05 9.98508E-05 9.98508E-05 9.98508E-05 0.0620167 9.98508E-05 9.98508E-05 0.0355044 0.0274034 9.98508E-05 0.0184591 9.98508E-05
9.9851E-05 0.119439 9.9851E-05 9.9851E-05 9.9851E-05 0.369194 0.133932 0.211797 9.9851E-05 9.9851E-05 9.9851E-05 9.9851E-05 9.9851E-05 9.9851E-05 9.9851E-05 9.9851E-05 0.0769805 9.9851E-05 9.9851E-05 9.9851E-05 0.0779554 9.9851E-05 9.9851E-05 0.0090042
0.0379942 0.125109 0.135128 9.98947E-05 9.98947E-05 0.081796 0.139523 0.083152 9.98947E-05 9.98947E-05 9.98947E-05 9.98947E-05 9.98947E-05 9.98947E-05 0.0122576 9.98947E-05 0.0364209 9.98947E-05 0.0536157 9.98947E-05 9.98947E-05 0.12303 0.0573105 0.113465
9.98684E-05 0.0499147 9.98684E-05 0.0113356 0.0177534 0.495884 9.98684E-05 9.98684E-05 9.98684E-05 9.98684E-05 9.98684E-05 0.015337 9.98684E-05 9.98684E-05 0.0408164 0.191108 9.98684E-05 0.021062 9.98684E-05 0.155291 9.98684E-05 9.98684E-05 9.98684E-05 9.98684E-05
9.98509E-05 0.121302 0.31576 9.98509E-05 9.98509E-05 9.98509E-05 0.0372963 0.114399 9.98509E-05 9.98509E-05 9.98509E-05 9.98509E-05 0.0450886 0.254515 9.98509E-05 9.98509E-05 9.98509E-05 0.109942 9.98509E-05 9.98509E-05 9.98509E-05 9.98509E-05 9.98509E-05 9.98509E-05
0.18218 0.15767 9.9842E-05 9.9842E-05 9.9842E-05 0.383421 0.0951263 9.9842E-05 9.9842E-05 9.9842E-05 9.9842E-05 9.9842E-05 9.9842E-05 9.9842E-05 9.9842E-05 9.9842E-05 9.9842E-05 0.135362 9.9842E-05 9.9842E-05 0.044444 9.9842E-05 9.9842E-05 9.9842E-05
9.98246E-05 0.0146298 9.98246E-05 9.98246E-05 9.98246E-05 0.930789 9.98246E-05 9.98246E-05 9.98246E-05 9.98246E-05 0.00377193 9.98246E-05 0.0488128 9.98246E-05 9.98246E-05 9.98246E-05 9.98246E-05 9.98246E-05 9.98246E-05 9.98246E-05 9.98246E-05 9.98246E-05 9.98246E-05 9.98246E-05
9.98683E-05 0.0222157 0.417191 9.98683E-05 9.98683E-05 0.0806149 0.0870942 9.98683E-05 9.98683E-05 9.98683E-05 9.98683E-05 0.0240874 9.98683E-05 9.98683E-05 9.98683E-05 0.139815 9.98683E-05 9.98683E-05 0.0435496 9.98683E-05 9.98683E-05 9.98683E-05 0.124567 0.059367
0.14206 9.98422E-05 9.98422E-05 9.98422E-05 9.98422E-05 0.32627 0.135734 9.98422E-05 9.98422E-05 0.036325 9.98422E-05 9.98422E-05 9.98422E-05 9.98422E-05 9.98422E-05 9.98422E-05 9.98422E-05 0.322625 0.0351878 9.98422E-05 9.98422E-05 9.98422E-05 9.98422E-05 9.98422E-05
9.98511E-05 0.0820563 0.593795 9.98511E-05 9.98511E-05 0.0936597 0.00978986 0.11725 9.98511E-05 9.98511E-05 9.98511E-05 0.0141769 9.98511E-05 9.98511E-05 9.98511E-05 9.98511E-05 0.0875748 9.98511E-05 9.98511E-05 9.98511E-05 9.98511E-05 9.98511E-05 9.98511E-05 9.98511E-05
9.98508E-05 0.211234 0.31166 9.98508E-05 9.98508E-05 0.101335 9.98508E-05 9.98508E-05 0.0391506 9.98508E-05 9.98508E-05 9.98508E-05 9.98508E-05 9.98508E-05 9.98508E-05 0.0104186 9.98508E-05 0.29012 9.98508E-05 9.98508E-05 9.98508E-05 9.98508E-05 0.0343845 9.98508E-05
9.98771E-05 0.238833 0.0648235 9.98771E-05 9.98771E-05 0.204066 0.0476358 9.98771E-05 0.0111902 9.98771E-05 9.98771E-05 0.00759986 0.0781555 9.98771E-05 9.98771E-05 9.98771E-05 0.120154 0.0837489 9.98771E-05 9.98771E-05 0.142394 9.98771E-05 9.98771E-05 9.98771E-05
9.98421E-05 0.0266174 9.98421E-05 9.98421E-05 9.98421E-05 0.730441 0.0119196 9.98421E-05 9.98421E-05 9.98421E-05 0.0182915 9.98421E-05 9.98421E-05 9.98421E-05 9.98421E-05 0.0981246 0.112809 9.98421E-05 9.98421E-05 9.98421E-05 9.98421E-05 9.98421E-05 9.98421E-05 9.98421E-05
9.98507E-05 0.0483921 9.98507E-05 9.98507E-05 9.98507E-05 0.0513217 9.98507E-05 9.98507E-05 9.98507E-05 9.98507E-05 0.0124471 9.98507E-05 9.98507E-05 0.127891 9.98507E-05 9.98507E-05 0.355515 0.34869 9.98507E-05 9.98507E-05 9.98507E-05 0.0540455 9.98507E-05 9.98507E-05
9.9851E-05 0.00958141 0.456716 9.9851E-05 9.9851E-05 0.33356 9.9851E-05 9.9851E-05 9.9851E-05 9.9851E-05 0.038861 9.9851E-05 9.9851E-05 9.9851E-05 9.9851E-05 9.9851E-05 0.0871262 0.0261288 9.9851E-05 9.9851E-05 9.9851E-05 9.9851E-05 0.046329 9.9851E-05
9.98421E-05 0.232185 0.634886 9.98421E-05 9.98421E-05 9.98421E-05 9.98421E-05 0.0557516 0.0361069 9.98421E-05 9.98421E-05 9.98421E-05 0.00287299 9.98421E-05 9.98421E-05 9.98421E-05 9.98421E-05 0.0363998 9.98421E-05 9.98421E-05 9.98421E-05 9.98421E-05 9.98421E-05 9.98421E-05
9.98509E-05 0.0763882 9.98509E-05 9.98509E-05 9.98509E-05 0.832712 0.0422272 0.00196963 9.98509E-05 9.98509E-05 9.98509E-05 9.98509E-05 9.98509E-05 9.98509E-05 0.00997948 9.98509E-05 0.0110541 9.98509E-05 9.98509E-05 0.0239723 9.98509E-05 9.98509E-05 9.98509E-05 9.98509E-05
0.0644896 9.98507E-05 9.98507E-05 9.98507E-05 9.98507E-05 0.578237 9.98507E-05 0.215922 9.98507E-05 9.98507E-05 0.00800025 0.0952542 0.00312191 9.98507E-05 9.98507E-05 9.98507E-05 9.98507E-05 0.0332771 9.98507E-05 9.98507E-05 9.98507E-05 9.98507E-05 9.98507E-05 9.98507E-05
0.0357039 0.0516312 0.609024 9.98597E-05 9.98597E-05 0.000879875 9.98597E-05 9.98597E-05 9.98597E-05 9.98597E-05 9.98597E-05 0.0217776 9.98597E-05 9.98597E-05 9.98597E-05 0.057661 0.191368 0.0303574 9.98597E-05 9.98597E-05 9.98597E-05 9.98597E-05 9.98597E-05 9.98597E-05
9.98508E-05 0.119255 0.464854 9.98508E-05 9.98508E-05 0.038738 9.98508E-05 0.139014 9.98508E-05 9.98508E-05 9.98508E-05 0.124795 9.98508E-05 9.98508E-05 9.98508E-05 9.98508E-05 9.98508E-05 0.0217174 9.98508E-05 9.98508E-05 9.98508E-05 9.98508E-05 0.0899299 9.98508E-05
9.98509E-05 0.071523 0.568423 9.98509E-05 9.98509E-05 9.98509E-05 9.98509E-05 9.98509E-05 9.98509E-05 0.000527519 9.98509E-05 9.98509E-05 9.98509E-05 9.98509E-05 0.05209 9.98509E-05 0.0827653 0.143873 9.98509E-05 9.98509E-05 9.98509E-05 9.98509E-05 0.0790998 9.98509E-05
9.98423E-05 0.0242835 9.98423E-05 0.00669039 9.98423E-05 0.849782 9.98423E-05 9.98423E-05 9.98423E-05 9.98423E-05 9.98423E-05 0.0334883 0.0657929 9.98423E-05 9.98423E-05 9.98423E-05 9.98423E-05 0.018166 9.98423E-05 9.98423E-05 9.98423E-05 9.98423E-05 9.98423E-05 9.98423E-05
9.98423E-05 0.10998 9.98423E-05 9.98423E-05 9.98423E-05 0.70492 0.00179715 9.98423E-05 9.98423E-05 9.98423E-05 0.104954 9.98423E-05 9.98423E-05 9.98423E-05 9.98423E-05 0.0485886 9.98423E-05 0.0279631 9.98423E-05 9.98423E-05 9.98423E-05 9.98423E-05 9.98423E-05 9.98423E-05
0.0828452 9.98073E-05 9.98073E-05 9.98073E-05 9.98073E-05 0.914959 9.98073E-05 9.98073E-05 9.98073E-05 9.98073E-05 9.98073E-05 9.98073E-05 9.98073E-05 9.98073E-05 9.98073E-05 9.98073E-05 9.98073E-05 9.98073E-05 9.98073E-05 9.98073E-05 9.98073E-05 9.98073E-05 9.98073E-05 9.98073E-05
9.98333E-05 0.0571654 0.654384 9.98333E-05 9.98333E-05 0.00724797 0.19605 9.98333E-05 9.98333E-05 9.98333E-05 9.98333E-05 9.98333E-05 0.0832565 9.98333E-05 9.98333E-05 9.98333E-05 9.98333E-05 9.98333E-05 9.98333E-05 9.98333E-05 9.98333E-05 9.98333E-05 9.98333E-05 9.98333E-05
9.98509E-05 0.139819 9.98509E-05 0.0730505 9.98509E-05 0.614007 9.98509E-05 9.98509E-05 9.98509E-05 0.0653248 9.98509E-05 0.00251697 9.98509E-05 9.98509E-05 9.98509E-05 9.98509E-05 9.98509E-05 9.98509E-05 9.98509E-05 0.0668091 9.98509E-05 9.98509E-05 0.0367751 9.98509E-05
9.98509E-05 0.134383 0.441558 9.98509E-05 0.00929962 0.112308 9.98509E-05 9.98509E-05 9.98509E-05 9.98509E-05 9.98509E-05 9.98509E-05 9.98509E-05 9.98509E-05 9.98509E-05 9.98509E-05 0.188544 9.98509E-05 9.98509E-05 9.98509E-05 9.98509E-05 0.0832948 0.0289146 9.98509E-05
9.98245E-05 0.0242776 9.98245E-05 9.98245E-05 9.98245E-05 0.947653 9.98245E-05 9.98245E-05 9.98245E-05 9.98245E-05 9.98245E-05 0.00271172 9.98245E-05 9.98245E-05 9.98245E-05 9.98245E-05 9.98245E-05 0.0233612 9.98245E-05 9.98245E-05 9.98245E-05 9.98245E-05 9.98245E-05 9.98245E-05
9.98423E-05 0.0490422 0.371481 9.98423E-05 9.98423E-05 0.340245 0.0110736 9.98423E-05 0.0178562 9.98423E-05 9.98423E-05 9.98423E-05 9.98423E-05 9.98423E-05 9.98423E-05 9.98423E-05 9.98423E-05 0.208505 9.98423E-05 9.98423E-05 9.98423E-05 9.98423E-05 9.98423E-05 9.98423E-05
0.0516511 9.9842E-05 0.841942 0.00812967 9.9842E-05 0.0281496 9.9842E-05 9.9842E-05 9.9842E-05 9.9842E-05 9.9842E-05 9.9842E-05 9.9842E-05 9.9842E-05 9.9842E-05 9.9842E-05 9.9842E-05 0.0460165 9.9842E-05 0.022314 9.9842E-05 9.9842E-05 9.9842E-05 9.9842E-05
9.98598E-05 0.202276 0.0807836 9.98598E-05 9.98598E-05 0.390729 0.0566639 0.0276564 0.0656827 9.98598E-05 9.98598E-05 0.028478 9.98598E-05 9.98598E-05 9.98598E-05 9.98598E-05 9.98598E-05 0.146132 9.98598E-05 9.98598E-05 9.98598E-05 9.98598E-05 9.98598E-05 9.98598E-05
0.130191 0.185716 0.235644 9.98509E-05 9.98509E-05 0.071379 9.98509E-05 9.98509E-05 9.98509E-05 0.0400579 0.103463 9.98509E-05 9.98509E-05 9.98509E-05 9.98509E-05 9.98509E-05 9.98509E-05 0.231852 9.98509E-05 9.98509E-05 9.98509E-05 9.98509E-05 9.98509E-05 9.98509E-05
0.00210753 0.0112439 9.9842E-05 9.9842E-05 9.9842E-05 0.892538 9.9842E-05 9.9842E-05 9.9842E-05 9.9842E-05 0.0225956 9.9842E-05 0.0357666 9.9842E-05 9.9842E-05 9.9842E-05 9.9842E-05 9.9842E-05 0.033951 9.9842E-05 9.9842E-05 9.9842E-05 9.9842E-05 9.9842E-05
9.98157E-05 0.0666176 0.888772 9.98157E-05 9.98157E-05 9.98157E-05 0.0425146 9.98157E-05 9.98157E-05 9.98157E-05 9.98157E-05 9.98157E-05 9.98157E-05 9.98157E-05 9.98157E-05 9.98157E-05 9.98157E-05 9.98157E-05 9.98157E-05 9.98157E-05 9.98157E-05 9.98157E-05 9.98157E-05 9.98157E-05
9.98248E-05 0.0750317 9.98248E-05 9.98248E-05 0.0150995 0.88253 9.98248E-05 9.98248E-05 9.98248E-05 9.98248E-05 9.98248E-05 9.98248E-05 9.98248E-05 9.98248E-05 9.98248E-05 9.98248E-05 9.98248E-05 9.98248E-05 9.98248E-05 9.98248E-05 9.98248E-05 0.0253426 9.98248E-05 9.98248E-05
0.028889 0.110654 0.642766 9.98332E-05 9.98332E-05 9.98332E-05 9.98332E-05 9.98332E-05 9.98332E-05 9.98332E-05 9.98332E-05 9.98332E-05 9.98332E-05 9.98332E-05 9.98332E-05 9.98332E-05 9.98332E-05 0.149484 9.98332E-05 9.98332E-05 9.98332E-05 9.98332E-05 9.98332E-05 0.0663103
0.0917772 9.98336E-05 0.809929 9.98336E-05 0.0632218 9.98336E-05 0.0191713 9.98336E-05 9.98336E-05 0.0140042 9.98336E-05 9.98336E-05 9.98336E-05 9.98336E-05 9.98336E-05 9.98336E-05 9.98336E-05 9.98336E-05 9.98336E-05 9.98336E-05 9.98336E-05 9.98336E-05 9.98336E-05 9.98336E-05
9.98682E-05 0.208214 0.336428 9.98682E-05 9.98682E-05 9.98682E-05 0.056425 0.0125783 9.98682E-05 9.98682E-05 0.0261442 0.0863073 9.98682E-05 9.98682E-05 9.98682E-05 9.98682E-05 0.133119 0.0332335 9.98682E-05 9.98682E-05 9.98682E-05 9.98682E-05 9.98682E-05 0.106053
9.98421E-05 9.98421E-05 0.659843 9.98421E-05 9.98421E-05 9.98421E-05 9.98421E-05 9.98421E-05 0.03556 0.0458187 0.088169 9.98421E-05 9.98421E-05 9.98421E-05 9.98421E-05 9.98421E-05 9.98421E-05 0.137398 9.98421E-05 9.98421E-05 9.98421E-05 9.98421E-05 0.0314138 9.98421E-05
9.97984E-05 9.97984E-05 9.97984E-05 9.97984E-05 9.97984E-05 0.997705 9.97984E-05 9.97984E-05 9.97984E-05 9.97984E-05 9.97984E-05 9.97984E-05 9.97984E-05 9.97984E-05 9.97984E-05 9.97984E-05 9.97984E-05 9.97984E-05 9.97984E-05 9.97984E-05 9.97984E-05 9.97984E-05 9.97984E-05 9.97984E-05
9.98422E-05 9.98422E-05 0.743978 9.98422E-05 0.00569018 9.98422E-05 9.98422E-05 9.98422E-05 9.98422E-05 0.0842642 9.98422E-05 9.98422E-05 9.98422E-05 0.0234342 9.98422E-05 9.98422E-05 9.98422E-05 9.98422E-05 9.98422E-05 9.98422E-05 9.98422E-05 0.0774101 0.0634266 9.98422E-05
9.9816E-05 0.0881938 9.9816E-05 9.9816E-05 9.9816E-05 0.78085 9.9816E-05 9.9816E-05 9.9816E-05 9.9816E-05 9.9816E-05 9.9816E-05 9.9816E-05 9.9816E-05 9.9816E-05 9.9816E-05 9.9816E-05 9.9816E-05 9.9816E-05 9.9816E-05 0.12886 9.9816E-05 9.9816E-05 9.9816E-05
0.0573175 9.98509E-05 9.98509E-05 9.98509E-05 9.98509E-05 0.732312 9.98509E-05 9.98509E-05 9.98509E-05 0.0290462 9.98509E-05 0.0317292 0.0193251 9.98509E-05 9.98509E-05 9.98509E-05 0.123133 9.98509E-05 9.98509E-05 9.98509E-05 9.98509E-05 0.00543995 9.98509E-05 9.98509E-05
0.099275 0.00503754 9.98422E-05 9.98422E-05 9.98422E-05 0.795097 9.98422E-05 9.98422E-05 9.98422E-05 9.98422E-05 9.98422E-05 9.98422E-05 9.98422E-05 0.0232103 9.98422E-05 0.0542799 9.98422E-05 0.0213034 9.98422E-05 9.98422E-05 9.98422E-05 9.98422E-05 9.98422E-05 9.98422E-05
9.98334E-05 0.0236729 0.427469 9.98334E-05 9.98334E-05 0.449972 9.98334E-05 9.98334E-05 9.98334E-05 9.98334E-05 0.0523428 0.0446467 9.98334E-05 9.98334E-05 9.98334E-05 9.98334E-05 9.98334E-05 9.98334E-05 9.98334E-05 9.98334E-05 9.98334E-05 9.98334E-05 9.98334E-05 9.98334E-05
9.9807E-05 0.0475552 0.950249 9.9807E-05 9.9807E-05 9.9807E-05 9.9807E-05 9.9807E-05 9.9807E-05 9.9807E-05 9.9807E-05 9.9807E-05 9.9807E-05 9.9807E-05 9.9807E-05 9.9807E-05 9.9807E-05 9.9807E-05 9.9807E-05 9.9807E-05 9.9807E-05 9.9807E-05 9.9807E-05 9.9807E-05
9.98507E-05 0.130379 9.98507E-05 9.98507E-05 9.98507E-05 9.98507E-05 0.0411375 0.66149 9.98507E-05 9.98507E-05 9.98507E-05 9.98507E-05 9.98507E-05 0.0558299 9.98507E-05 0.0804978 0.02756 0.00140906 9.98507E-05 9.98507E-05 9.98507E-05 9.98507E-05 9.98507E-05 9.98507E-05
9.98159E-05 9.98159E-05 9.98159E-05 9.98159E-05 9.98159E-05 9.98159E-05 9.98159E-05 0.932795 9.98159E-05 9.98159E-05 0.00753519 9.98159E-05 9.98159E-05 9.98159E-05 9.98159E-05 9.98159E-05 9.98159E-05 9.98159E-05 9.98159E-05 9.98159E-05 9.98159E-05 0.0575732 9.98159E-05 9.98159E-05
9.98158E-05 9.98158E-05 9.98158E-05 9.98158E-05 0.0447587 9.98158E-05 9.98158E-05 0.881819 9.98158E-05 9.98158E-05 9.98158E-05 9.98158E-05 9.98158E-05 9.98158E-05 9.98158E-05 9.98158E-05 9.98158E-05 9.98158E-05 9.98158E-05 9.98158E-05 9.98158E-05 0.0713261 9.98158E-05 9.98158E-05
9.98508E-05 0.0405881 9.98508E-05 0.274009 0.0473121 9.98508E-05 0.129441 0.320138 9.98508E-05 9.98508E-05 9.98508E-05 9.98508E-05 9.98508E-05 0.0189541 9.98508E-05 9.98508E-05 0.16786 9.98508E-05 9.98508E-05 9.98508E-05 9.98508E-05 9.98508E-05 9.98508E-05 9.98508E-05
9.98593E-05 0.0538458 9.98593E-05 9.98593E-05 0.0771288 9.98593E-05 0.00580264 0.602046 9.98593E-05 0.0514084 9.98593E-05 9.98593E-05 0.121032 9.98593E-05 9.98593E-05 9.98593E-05 9.98593E-05 0.0739696 0.013169 9.98593E-05 9.98593E-05 9.98593E-05 9.98593E-05 9.98593E-05
9.98417E-05 0.182144 9.98417E-05 9.98417E-05 9.98417E-05 9.98417E-05 0.0232481 0.657967 9.98417E-05 9.98417E-05 9.98417E-05 9.98417E-05 9.98417E-05 9.98417E-05 0.0607097 9.98417E-05 9.98417E-05 0.0712761 9.98417E-05 9.98417E-05 0.0028582 9.98417E-05 9.98417E-05 9.98417E-05
9.98331E-05 0.130194 9.98331E-05 0.283307 9.98331E-05 9.98331E-05 9.98331E-05 0.517644 9.98331E-05 9.98331E-05 9.98331E-05 9.98331E-05 9.98331E-05 9.98331E-05 9.98331E-05 0.0616074 9.98331E-05 9.98331E-05 9.98331E-05 9.98331E-05 9.98331E-05 9.98331E-05 0.00535097 9.98331E-05
9.98507E-05 0.0765805 9.98507E-05 0.0777511 0.00471665 9.98507E-05 0.0790511 0.532492 9.98507E-05 9.98507E-05 9.98507E-05 9.98507E-05 9.98507E-05 0.185188 9.98507E-05 9.98507E-05 0.0425233 9.98507E-05 9.98507E-05 9.98507E-05 9.98507E-05 9.98507E-05 9.98507E-05 9.98507E-05
9.97982E-05 9.97982E-05 9.97982E-05 9.97982E-05 9.97982E-05 9.97982E-05 9.97982E-05 0.997705 9.97982E-05 9.97982E-05 9.97982E-05 9.97982E-05 9.97982E-05 9.97982E-05 9.97982E-05 9.97982E-05 9.97982E-05 9.97982E-05 9.97982E-05 9.97982E-05 9.97982E-05 9.97982E-05 9.97982E-05 9.97982E-05
9.9842E-05 9.9842E-05 9.9842E-05 9.9842E-05 9.9842E-05 9.9842E-05 0.0373846 0.84619 9.9842E-05 9.9842E-05 0.0872053 0.000833547 9.9842E-05 9.9842E-05 0.0157267 0.0108625 9.9842E-05 9.9842E-05 9.9842E-05 9.9842E-05 9.9842E-05 9.9842E-05 9.9842E-05 9.9842E-05
0.0334902 0.290802 9.9833E-05 9.9833E-05 9.9833E-05 9.9833E-05 0.0613984 0.458933 9.9833E-05 9.9833E-05 9.9833E-05 0.15348 9.9833E-05 9.9833E-05 9.9833E-05 9.9833E-05 9.9833E-05 9.9833E-05 9.9833E-05 9.9833E-05 9.9833E-05 9.9833E-05 9.9833E-05 9.9833E-05
9.98683E-05 0.0850413 9.98683E-05 0.0156935 9.98683E-05 9.98683E-05 9.98683E-05 0.425092 9.98683E-05 9.98683E-05 9.98683E-05 0.033495 9.98683E-05 9.98683E-05 0.0627022 9.98683E-05 9.98683E-05 0.0886453 9.98683E-05 9.98683E-05 0.123787 9.98683E-05 0.0387099 0.125336
9.98507E-05 9.98507E-05 9.98507E-05 9.98507E-05 9.98507E-05 9.98507E-05 0.194888 0.51367 9.98507E-05 9.98507E-05 9.98507E-05 0.0224317 9.98507E-05 9.98507E-05 0.129216 9.98507E-05 0.00159179 9.98507E-05 0.0471601 9.98507E-05 9.98507E-05 9.98507E-05 0.0893447 9.98507E-05
0.0751186 0.195707 9.98419E-05 0.115654 9.98419E-05 9.98419E-05 9.98419E-05 0.394438 9.98419E-05 9.98419E-05 9.98419E-05 0.00242285 9.98419E-05 9.98419E-05 9.98419E-05 9.98419E-05 9.98419E-05 0.214863 9.98419E-05 9.98419E-05 9.98419E-05 9.98419E-05 9.98419E-05 9.98419E-05
9.98248E-05 9.98248E-05 9.98248E-05 9.98248E-05 9.98248E-05 9.98248E-05 9.98248E-05 0.886891 0.0197468 0.086767 9.98248E-05 9.98248E-05 9.98248E-05 9.98248E-05 9.98248E-05 9.98248E-05 9.98248E-05 9.98248E-05 9.98248E-05 9.98248E-05 9.98248E-05 0.00459869 9.98248E-05 9.98248E-05
9.98333E-05 0.0199593 9.98333E-05 9.98333E-05 9.98333E-05 9.98333E-05 0.0329083 0.910093 9.98333E-05 9.98333E-05 9.98333E-05 0.000944586 9.98333E-05 9.98333E-05 9.98333E-05 0.0341979 9.98333E-05 9.98333E-05 9.98333E-05 9.98333E-05 9.98333E-05 9.98333E-05 9.98333E-05 9.98333E-05
0.182807 9.98418E-05 9.98418E-05 9.98418E-05 0.0323147 9.98418E-05 0.0298296 0.685696 9.98418E-05 9.98418E-05 9.98418E-05 9.98418E-05 9.98418E-05 0.0246917 9.98418E-05 9.98418E-05 0.0428636 9.98418E-05 9.98418E-05 9.98418E-05 9.98418E-05 9.98418E-05 9.98418E-05 9.98418E-05
0.0861071 9.98507E-05 9.98507E-05 9.98507E-05 9.98507E-05 9.98507E-05 0.0342623 0.577947 9.98507E-05 9.98507E-05 0.0505794 0.0931586 9.98507E-05 9.98507E-05 0.103977 9.98507E-05 9.98507E-05 0.0522709 9.98507E-05 9.98507E-05 9.98507E-05 9.98507E-05 9.98507E-05 9.98507E-05
0.0130975 0.050802 9.98332E-05 9.98332E-05 9.98332E-05 9.98332E-05 9.98332E-05 0.815805 9.98332E-05 9.98332E-05 9.98332E-05 0.0239395 9.98332E-05 0.094459 9.98332E-05 9.98332E-05 9.98332E-05 9.98332E-05 9.98332E-05 9.98332E-05 9.98332E-05 9.98332E-05 9.98332E-05 9.98332E-05
9.98418E-05 0.184418 9.98418E-05 9.98418E-05 9.98418E-05 9.98418E-05 9.98418E-05 0.537124 9.98418E-05 9.98418E-05 9.98418E-05 9.98418E-05 9.98418E-05 0.0470325 0.0068662 9.98418E-05 9.98418E-05 9.98418E-05 9.98418E-05 9.98418E-05 9.98418E-05 0.137763 9.98418E-05 0.0849989
9.98073E-05 9.98073E-05 9.98073E-05 9.98073E-05 0.00888033 9.98073E-05 9.98073E-05 0.988924 9.98073E-05 9.98073E-05 9.98073E-05 9.98073E-05 9.98073E-05 9.98073E-05 9.98073E-05 9.98073E-05 9.98073E-05 9.98073E-05 9.98073E-05 9.98073E-05 9.98073E-05 9.98073E-05 9.98073E-05 9.98073E-05
0.0291869 0.0315708 9.98417E-05 0.104714 9.98417E-05 9.98417E-05 9.98417E-05 0.539587 9.98417E-05 9.98417E-05 9.98417E-05 9.98417E-05 9.98417E-05 9.98417E-05 9.98417E-05 9.98417E-05 9.98417E-05 0.259575 9.98417E-05 9.98417E-05 0.0335687 9.98417E-05 9.98417E-05 9.98417E-05
9.98335E-05 9.98335E-05 9.98335E-05 0.0567217 9.98335E-05 0.00491733 9.98335E-05 0.718533 9.98335E-05 9.98335E-05 9.98335E-05 9.98335E-05 9.98335E-05 9.98335E-05 9.98335E-05 9.98335E-05 0.160062 0.057869 9.98335E-05 9.98335E-05 9.98335E-05 9.98335E-05 9.98335E-05 9.98335E-05
0.170423 0.0141344 9.98683E-05 9.98683E-05 9.98683E-05 9.98683E-05 0.0498958 0.649531 0.0324021 9.98683E-05 9.98683E-05 0.000635159 9.98683E-05 0.0723646 9.98683E-05 9.98683E-05 9.98683E-05 9.98683E-05 0.00901574 9.98683E-05 9.98683E-05 9.98683E-05 9.98683E-05 9.98683E-05
9.98418E-05 0.0892787 9.98418E-05 9.98418E-05 9.98418E-05 9.98418E-05 9.98418E-05 0.648871 9.98418E-05 9.98418E-05 0.00824693 0.0319757 9.98418E-05 9.98418E-05 0.21948 0.000350453 9.98418E-05 9.98418E-05 9.98418E-05 9.98418E-05 9.98418E-05 9.98418E-05 9.98418E-05 9.98418E-05
9.98159E-05 9.98159E-05 9.98159E-05 0.00783322 9.98159E-05 9.98159E-05 0.0517267 0.938344 9.98159E-05 9.98159E-05 9.98159E-05 9.98159E-05 9.98159E-05 9.98159E-05 9.98159E-05 9.98159E-05 9.98159E-05 9.98159E-05 9.98159E-05 9.98159E-05 9.98159E-05 9.98159E-05 9.98159E-05 9.98159E-05
9.97985E-05 9.97985E-05 9.97985E-05 9.97985E-05 9.97985E-05 9.97985E-05 9.97985E-05 0.997705 9.97985E-05 9.97985E-05 9.97985E-05 9.97985E-05 9.97985E-05 9.97985E-05 9.97985E-05 9.97985E-05 9.97985E-05 9.97985E-05 9.97985E-05 9.97985E-05 9.97985E-05 9.97985E-05 9.97985E-05 9.97985E-05
9.97983E-05 9.97983E-05 9.97983E-05 9.97983E-05 9.97983E-05 9.97983E-05 9.97983E-05 0.997705 9.97983E-05 9.97983E-05 9.97983E-05 9.97983E-05 9.97983E-05 9.97983E-05 9.97983E-05 9.97983E-05 9.97983E-05 9.97983E-05 9.97983E-05 9.97983E-05 9.97983E-05 9.97983E-05 9.97983E-05 9.97983E-05
9.98247E-05 9.98247E-05 9.98247E-05 9.98247E-05 9.98247E-05 9.98247E-05 9.98247E-05 0.837541 9.98247E-05 9.98247E-05 9.98247E-05 9.98247E-05 9.98247E-05 0.108828 0.0423777 9.98247E-05 9.98247E-05 0.00925693 9.98247E-05 9.98247E-05 9.98247E-05 9.98247E-05 9.98247E-05 9.98247E-05
9.98248E-05 0.162621 9.98248E-05 9.98248E-05 9.98248E-05 9.98248E-05 0.0460114 0.730198 9.98248E-05 9.98248E-05 9.98248E-05 9.98248E-05 9.98248E-05 9.98248E-05 9.98248E-05 9.98248E-05 9.98248E-05 9.98248E-05 9.98248E-05 0.0591725 9.98248E-05 9.98248E-05 9.98248E-05 9.98248E-05
9.98159E-05 0.0935112 9.98159E-05 9.98159E-05 9.98159E-05 9.98159E-05 0.124563 9.98159E-05 9.98159E-05 9.98159E-05 9.98159E-05 9.98159E-05 9.98159E-05 9.98159E-05 9.98159E-05 9.98159E-05 0.77983 9.98159E-05 9.98159E-05 9.98159E-05 9.98159E-05 9.98159E-05 9.98159E-05 9.98159E-05
9.98161E-05 9.98161E-05 9.98161E-05 9.98161E-05 9.98161E-05 9.98161E-05 0.10546 9.98161E-05 9.98161E-05 9.98161E-05 9.98161E-05 9.98161E-05 9.98161E-05 9.98161E-05 9.98161E-05 9.98161E-05 0.450433 9.98161E-05 9.98161E-05 0.442011 9.98161E-05 9.98161E-05 9.98161E-05 9.98161E-05
9.98069E-05 0.0606765 9.98069E-05 9.98069E-05 9.98069E-05 9.98069E-05 9.98069E-05 9.98069E-05 9.98069E-05 9.98069E-05 9.98069E-05 9.98069E-05 9.98069E-05 9.98069E-05 9.98069E-05 9.98069E-05 0.937128 9.98069E-05 9.98069E-05 9.98069E-05 9.98069E-05 9.98069E-05 9.98069E-05 9.98069E-05
9.98244E-05 0.153377 9.98244E-05 9.98244E-05 9.98244E-05 9.98244E-05 0.0515542 9.98244E-05 9.98244E-05 9.98244E-05 9.98244E-05 9.98244E-05 9.98244E-05 0.0984874 9.98244E-05 9.98244E-05 0.694585 9.98244E-05 9.98244E-05 9.98244E-05 9.98244E-05 9.98244E-05 9.98244E-05 9.98244E-05
9.98244E-05 9.98244E-05 9.98244E-05 9.98244E-05 9.98244E-05 9.98244E-05 0.049009 9.98244E-05 0.00100388 0.00754909 9.98244E-05 9.98244E-05 9.98244E-05 9.98244E-05 9.98244E-05 9.98244E-05 0.940442 9.98244E-05 9.98244E-05 9.98244E-05 9.98244E-05 9.98244E-05 9.98244E-05 9.98244E-05
9.98246E-05 0.182413 9.98246E-05 9.98246E-05 9.98246E-05 9.98246E-05 0.106975 9.98246E-05 9.98246E-05 9.98246E-05 0.0598151 9.98246E-05 9.98246E-05 9.98246E-05 9.98246E-05 9.98246E-05 0.6488 9.98246E-05 9.98246E-05 9.98246E-05 9.98246E-05 9.98246E-05 9.98246E-05 9.98246E-05
9.98421E-05 0.0736703 9.98421E-05 9.98421E-05 9.98421E-05 9.98421E-05 0.0692225 9.98421E-05 9.98421E-05 9.98421E-05 9.98421E-05 0.0600224 9.98421E-05 0.00141444 9.98421E-05 9.98421E-05 0.78319 0.0106829 9.98421E-05 9.98421E-05 9.98421E-05 9.98421E-05 9.98421E-05 9.98421E-05
9.98069E-05 9.98069E-05 9.98069E-05 9.98069E-05 9.98069E-05 9.98069E-05 0.169319 9.98069E-05 9.98069E-05 9.98069E-05 9.98069E-05 9.98069E-05 9.98069E-05 9.98069E-05 9.98069E-05 9.98069E-05 0.828485 9.98069E-05 9.98069E-05 9.98069E-05 9.98069E-05 9.98069E-05 9.98069E-05 9.98069E-05
9.98331E-05 0.00137546 9.98331E-05 0.210623 9.98331E-05 9.98331E-05 0.308147 9.98331E-05 9.98331E-05 9.98331E-05 9.98331E-05 0.0113935 9.98331E-05 9.98331E-05 9.98331E-05 9.98331E-05 0.466564 9.98331E-05 9.98331E-05 9.98331E-05 9.98331E-05 9.98331E-05 9.98331E-05 9.98331E-05
9.98245E-05 0.285756 9.98245E-05 9.98245E-05 9.98245E-05 9.98245E-05 0.190596 9.98245E-05 9.98245E-05 9.98245E-05 9.98245E-05 9.98245E-05 9.98245E-05 9.98245E-05 9.98245E-05 9.98245E-05 0.479866 9.98245E-05 9.98245E-05 9.98245E-05 0.0417865 9.98245E-05 9.98245E-05 9.98245E-05
0.0365122 9.98334E-05 9.98334E-05 0.283913 9.98334E-05 9.98334E-05 0.0236577 9.98334E-05 9.98334E-05 9.98334E-05 9.98334E-05 9.98334E-05 9.98334E-05 9.98334E-05 9.98334E-05 9.98334E-05 0.464058 9.98334E-05 9.98334E-05 0.189963 9.98334E-05 9.98334E-05 9.98334E-05 9.98334E-05
9.98246E-05 0.0528777 9.98246E-05 0.162468 9.98246E-05 9.98246E-05 9.98246E-05 9.98246E-05 9.98246E-05 9.98246E-05 9.98246E-05 9.98246E-05 9.98246E-05 9.98246E-05 9.98246E-05 9.98246E-05 0.719485 9.98246E-05 9.98246E-05 0.0631727 9.98246E-05 9.98246E-05 9.98246E-05 9.98246E-05
9.98072E-05 9.98072E-05 9.98072E-05 9.98072E-05 9.98072E-05 9.98072E-05 0.0583127 9.98072E-05 9.98072E-05 9.98072E-05 9.98072E-05 9.98072E-05 9.98072E-05 9.98072E-05 9.98072E-05 9.98072E-05 0.939492 9.98072E-05 9.98072E-05 9.98072E-05 9.98072E-05 9.98072E-05 9.98072E-05 9.98072E-05
9.98248E-05 0.205764 9.98248E-05 9.98248E-05 9.98248E-05 9.98248E-05 0.133382 9.98248E-05 9.98248E-05 9.98248E-05 9.98248E-05 9.98248E-05 9.98248E-05 9.98248E-05 9.98248E-05 9.98248E-05 0.641618 9.98248E-05 9.98248E-05 0.0172398 9.98248E-05 9.98248E-05 9.98248E-05 9.98248E-05
9.98509E-05 9.98509E-05 9.98509E-05 0.000723771 9.98509E-05 9.98509E-05 0.0886396 9.98509E-05 9.98509E-05 9.98509E-05 9.98509E-05 9.98509E-05 9.98509E-05 0.138701 0.0421731 9.98509E-05 0.610529 9.98509E-05 9.98509E-05 0.0552205 9.98509E-05 9.98509E-05 0.0623163 9.98509E-05
9.98334E-05 0.13272 9.98334E-05 0.11538 9.98334E-05 9.98334E-05 0.0142533 9.98334E-05 9.98334E-05 9.98334E-05 0.0618263 9.98334E-05 9.98334E-05 9.98334E-05 9.98334E-05 9.98334E-05 0.673924 9.98334E-05 9.98334E-05 9.98334E-05 9.98334E-05 9.98334E-05 9.98334E-05 9.98334E-05
9.98421E-05 0.0809875 9.98421E-05 0.209332 9.98421E-05 9.98421E-05 0.0659452 9.98421E-05 9.98421E-05 9.98421E-05 9.98421E-05 9.98421E-05 0.0666159 9.98421E-05 9.98421E-05 9.98421E-05 0.569582 9.98421E-05 9.98421E-05 0.00574103 9.98421E-05 9.98421E-05 9.98421E-05 9.98421E-05
9.98425E-05 9.98425E-05 9.98425E-05 9.98425E-05 0.0152427 9.98425E-05 0.142687 9.98425E-05 9.98425E-05 0.0583095 0.0661068 9.98425E-05 9.98425E-05 9.98425E-05 9.98425E-05 9.98425E-05 0.70275 9.98425E-05 9.98425E-05 9.98425E-05 9.98425E-05 9.98425E-05 0.0131071 9.98425E-05
9.98247E-05 9.98247E-05 9.98247E-05 0.0228314 9.98247E-05 9.98247E-05 0.00991077 9.98247E-05 9.98247E-05 9.98247E-05 9.98247E-05 0.0035198 9.98247E-05 9.98247E-05 9.98247E-05 9.98247E-05 0.961742 9.98247E-05 9.98247E-05 9.98247E-05 9.98247E-05 9.98247E-05 9.98247E-05 9.98247E-05
9.98685E-05 0.0746752 9.98685E-05 9.98685E-05 9.98685E-05 9.98685E-05 0.0952883 9.98685E-05 0.0781669 9.98685E-05 9.98685E-05 0.0016693 0.0187499 9.98685E-05 0.0230864 0.0772958 0.47045 9.98685E-05 9.98685E-05 0.15912 9.98685E-05 9.98685E-05 9.98685E-05 9.98685E-05
9.98421E-05 0.115337 9.98421E-05 0.0919918 9.98421E-05 9.98421E-05 0.0158354 9.98421E-05 9.98421E-05 0.0197363 0.0203559 9.98421E-05 9.98421E-05 9.98421E-05 9.98421E-05 9.98421E-05 0.734947 9.98421E-05 9.98421E-05 9.98421E-05 9.98421E-05 9.98421E-05 9.98421E-05 9.98421E-05
9.98333E-05 0.0218945 9.98333E-05 9.98333E-05 9.98333E-05 9.98333E-05 0.0552173 9.98333E-05 9.98333E-05 9.98333E-05 9.98333E-05 9.98333E-05 9.98333E-05 0.0112073 0.022467 9.98333E-05 0.887317 9.98333E-05 9.98333E-05 9.98333E-05 9.98333E-05 9.98333E-05 9.98333E-05 9.98333E-05
9.98508E-05 0.195309 9.98508E-05 0.0532788 9.98508E-05 9.98508E-05 0.223457 9.98508E-05 9.98508E-05 9.98508E-05 9.98508E-05 0.0222439 0.0841677 9.98508E-05 9.98508E-05 9.98508E-05 0.414452 9.98508E-05 0.00539383 9.98508E-05 9.98508E-05 9.98508E-05 9.98508E-05 9.98508E-05
9.98335E-05 0.0903584 9.98335E-05 9.98335E-05 9.98335E-05 9.98335E-05 0.131678 9.98335E-05 9.98335E-05 0.0626606 9.98335E-05 9.98335E-05 9.98335E-05 9.98335E-05 9.98335E-05 9.98335E-05 0.597278 9.98335E-05 9.98335E-05 0.116128 9.98335E-05 9.98335E-05 9.98335E-05 9.98335E-05
0.0311743 0.182018 9.98507E-05 0.046777 9.98507E-05 9.98507E-05 0.259256 9.98507E-05 0.00278719 9.98507E-05 9.98507E-05 9.98507E-05 0.0311938 9.98507E-05 9.98507E-05 9.98507E-05 0.445095 9.98507E-05 9.98507E-05 9.98507E-05 9.98507E-05 9.98507E-05 9.98507E-05 9.98507E-05
9.98684E-05 0.106714 9.98684E-05 0.0901227 9.98684E-05 9.98684E-05 0.179651 0.0107199 9.98684E-05 9.98684E-05 9.98684E-05 9.98684E-05 9.98684E-05 9.98684E-05 0.000272514 9.98684E-05 0.321146 0.0235461 9.98684E-05 0.228064 9.98684E-05 0.0382662 9.98684E-05 9.98684E-05
9.98509E-05 0.110229 9.98509E-05 9.98509E-05 9.98509E-05 9.98509E-05 9.98509E-05 9.98509E-05 0.086068 0.0102111 9.98509E-05 9.98509E-05 9.98509E-05 9.98509E-05 9.98509E-05 0.0203232 0.162506 9.98509E-05 9.98509E-05 0.568825 9.98509E-05 9.98509E-05 9.98509E-05 0.0401402
0.0449998 0.11031 9.98242E-05 9.98242E-05 9.98242E-05 9.98242E-05 0.0344291 9.98242E-05 9.98242E-05 9.98242E-05 9.98242E-05 9.98242E-05 9.98242E-05 9.98242E-05 9.98242E-05 9.98242E-05 0.808265 9.98242E-05 9.98242E-05 9.98242E-05 9.98242E-05 9.98242E-05 9.98242E-05 9.98242E-05
9.98246E-05 0.19088 9.98246E-05 0.0519963 9.98246E-05 9.98246E-05 0.235929 9.98246E-05 9.98246E-05 9.98246E-05 9.98246E-05 9.98246E-05 9.98246E-05 9.98246E-05 9.98246E-05 9.98246E-05 0.519198 9.98246E-05 9.98246E-05 9.98246E-05 9.98246E-05 9.98246E-05 9.98246E-05 9.98246E-05
9.98247E-05 0.1026 9.98247E-05 9.98247E-05 9.98247E-05 9.98247E-05 9.98247E-05 9.98247E-05 9.98247E-05 0.130918 9.98247E-05 9.98247E-05 9.98247E-05 9.98247E-05 9.98247E-05 9.98247E-05 0.744172 9.98247E-05 9.98247E-05 0.0203136 9.98247E-05 9.98247E-05 9.98247E-05 9.98247E-05
9.98422E-05 0.146781 9.98422E-05 0.0481603 9.98422E-05 9.98422E-05 0.0474963 9.98422E-05 9.98422E-05 9.98422E-05 9.98422E-05 0.0268558 9.98422E-05 9.98422E-05 9.98422E-05 9.98422E-05 0.663819 9.98422E-05 9.98422E-05 9.98422E-05 9.98422E-05 9.98422E-05 0.0650904 9.98422E-05
9.98333E-05 0.0136204 9.98333E-05 9.98333E-05 9.98333E-05 9.98333E-05 9.98333E-05 9.98333E-05 9.98333E-05 9.98333E-05 9.98333E-05 9.98333E-05 0.116161 9.98333E-05 9.98333E-05 9.98333E-05 0.81823 9.98333E-05 9.98333E-05 9.98333E-05 9.98333E-05 0.0400061 0.0100858 9.98333E-05
9.98332E-05 0.0915523 9.98332E-05 9.98332E-05 9.98332E-05 9.98332E-05 0.260303 9.98332E-05 9.98332E-05 0.143292 9.98332E-05 9.98332E-05 0.138157 9.98332E-05 9.98332E-05 9.98332E-05 0.364799 9.98332E-05 9.98332E-05 9.98332E-05 9.98332E-05 9.98332E-05 9.98332E-05 9.98332E-05
9.98244E-05 0.0505055 9.98244E-05 9.98244E-05 9.98244E-05 9.98244E-05 9.98244E-05 9.98244E-05 9.98244E-05 9.98244E-05 9.98244E-05 9.98244E-05 9.98244E-05 9.98244E-05 9.98244E-05 9.98244E-05 0.796836 0.10388 9.98244E-05 9.98244E-05 0.0467823 9.98244E-05 9.98244E-05 9.98244E-05
9.98071E-05 0.0348614 9.98071E-05 9.98071E-05 9.98071E-05 9.98071E-05 9.98071E-05 9.98071E-05 9.98071E-05 9.98071E-05 9.98071E-05 9.98071E-05 9.98071E-05 9.98071E-05 9.98071E-05 9.98071E-05 0.962943 9.98071E-05 9.98071E-05 9.98071E-05 9.98071E-05 9.98071E-05 9.98071E-05 9.98071E-05
9.98595E-05 9.98595E-05 9.98595E-05 0.132412 9.98595E-05 9.98595E-05 0.0240212 9.98595E-05 9.98595E-05 9.98595E-05 0.0737625 0.0192752 0.00836218 9.98595E-05 9.98595E-05 9.98595E-05 0.603545 9.98595E-05 9.98595E-05 0.107499 9.98595E-05 0.0295242 9.98595E-05 9.98595E-05
9.98419E-05 0.260494 9.98419E-05 9.98419E-05 9.98419E-05 9.98419E-05 0.0662661 9.98419E-05 9.98419E-05 0.00162941 9.98419E-05 9.98419E-05 9.98419E-05 0.00653011 0.0120554 9.98419E-05 0.651228 9.98419E-05 9.98419E-05 9.98419E-05 9.98419E-05 9.98419E-05 9.98419E-05 9.98419E-05
9.98244E-05 9.98244E-05 9.98244E-05 9.98244E-05 9.98244E-05 9.98244E-05 0.0745237 9.98244E-05 9.98244E-05 9.98244E-05 0.000272595 9.98244E-05 9.98244E-05 9.98244E-05 9.98244E-05 9.98244E-05 0.433395 9.98244E-05 9.98244E-05 0.489813 9.98244E-05 9.98244E-05 9.98244E-05 9.98244E-05
9.98247E-05 0.0620062 9.98247E-05 9.98247E-05 9.98247E-05 9.98247E-05 9.98247E-05 9.98247E-05 9.98247E-05 9.98247E-05 9.98247E-05 0.015395 9.98247E-05 9.98247E-05 9.98247E-05 9.98247E-05 0.736899 9.98247E-05 9.98247E-05 0.183703 9.98247E-05 9.98247E-05 9.98247E-05 9.98247E-05
9.98161E-05 9.98161E-05 9.98161E-05 9.98161E-05 9.98161E-05 9.98161E-05 9.98161E-05 9.98161E-05 9.98161E-05 0.0137165 9.98161E-05 9.98161E-05 9.98161E-05 9.98161E-05 9.98161E-05 9.98161E-05 0.79532 9.98161E-05 9.98161E-05 0.188867 9.98161E-05 9.98161E-05 9.98161E-05 9.98161E-05
9.98247E-05 9.98247E-05 9.98247E-05 0.0530471 9.98247E-05 9.98247E-05 0.0589842 9.98247E-05 9.98247E-05 9.98247E-05 9.98247E-05 9.98247E-05 9.98247E-05 9.98247E-05 9.98247E-05 9.98247E-05 0.534057 9.98247E-05 9.98247E-05 0.351916 9.98247E-05 9.98247E-05 9.98247E-05 9.98247E-05
9.98332E-05 0.238662 9.98332E-05 0.0831755 9.98332E-05 9.98332E-05 0.0886178 9.98332E-05 9.98332E-05 9.98332E-05 9.98332E-05 9.98332E-05 9.98332E-05 9.98332E-05 9.98332E-05 9.98332E-05 0.490698 9.98332E-05 0.0969495 9.98332E-05 9.98332E-05 9.98332E-05 9.98332E-05 9.98332E-05
9.98246E-05 9.98246E-05 9.98246E-05 9.98246E-05 9.98246E-05 9.98246E-05 0.110735 9.98246E-05 9.98246E-05 0.0147702 9.98246E-05 9.98246E-05 9.98246E-05 9.98246E-05 9.98246E-05 9.98246E-05 0.811135 9.98246E-05 9.98246E-05 9.98246E-05 0.0613638 9.98246E-05 9.98246E-05 9.98246E-05
9.98333E-05 0.0658682 9.98333E-05 9.98333E-05 9.98333E-05 9.98333E-05 0.139048 9.98333E-05 9.98333E-05 9.98333E-05 9.98333E-05 9.98333E-05 0.0728103 9.98333E-05 9.98333E-05 9.98333E-05 0.216777 9.98333E-05 9.98333E-05 0.503599 9.98333E-05 9.98333E-05 9.98333E-05 9.98333E-05
9.98159E-05 0.0876916 9.98159E-05 9.98159E-05 9.98159E-05 9.98159E-05 9.98159E-05 9.98159E-05 9.98159E-05 9.98159E-05 9.98159E-05 9.98159E-05 9.98159E-05 9.98159E-05 9.98159E-05 9.98159E-05 0.531711 9.98159E-05 9.98159E-05 0.378501 9.98159E-05 9.98159E-05 9.98159E-05 9.98159E-05
9.98594E-05 9.98594E-05 9.98594E-05 0.207364 9.98594E-05 9.98594E-05 0.197592 9.98594E-05 9.98594E-05 0.0492267 9.98594E-05 9.98594E-05 0.0620374 0.0341413 9.98594E-05 0.00418179 0.402328 0.0415307 9.98594E-05 9.98594E-05 9.98594E-05 9.98594E-05 9.98594E-05 9.98594E-05
9.98421E-05 0.0369811 9.98421E-05 9.98421E-05 9.98421E-05 9.98421E-05 0.0936506 0.180657 9.98421E-05 9.98421E-05 9.98421E-05 0.00447824 9.98421E-05 9.98421E-05 0.0735949 9.98421E-05 0.608841 9.98421E-05 9.98421E-05 9.98421E-05 9.98421E-05 9.98421E-05 9.98421E-05 9.98421E-05
9.98774E-05 0.0157225 9.98774E-05 0.128141 9.98774E-05 9.98774E-05 0.144127 9.98774E-05 0.089987 9.98774E-05 9.98774E-05 9.98774E-05 9.98774E-05 9.98774E-05 0.0115777 9.98774E-05 0.509178 0.0071034 9.98774E-05 0.0177833 9.98774E-05 0.00913637 9.98774E-05 0.0658453
9.9851E-05 0.168787 9.9851E-05 9.9851E-05 9.9851E-05 9.9851E-05 0.282643 0.00171346 9.9851E-05 9.9851E-05 9.9851E-05 9.9851E-05 0.000757975 9.9851E-05 9.9851E-05 0.04171 0.501809 9.9851E-05 9.9851E-05 9.9851E-05 9.9851E-05 9.9851E-05 9.9851E-05 0.000881791
9.98158E-05 0.0583709 9.98158E-05 9.98158E-05 9.98158E-05 9.98158E-05 9.98158E-05 9.98158E-05 9.98158E-05 9.98158E-05 9.98158E-05 9.98158E-05 9.98158E-05 9.98158E-05 9.98158E-05 9.98158E-05 0.5133 9.98158E-05 9.98158E-05 0.426233 9.98158E-05 9.98158E-05 9.98158E-05 9.98158E-05
9.98244E-05 0.113455 9.98244E-05 9.98244E-05 0.0286075 9.98244E-05 9.98244E-05 9.98244E-05 9.98244E-05 9.98244E-05 0.136958 9.98244E-05 9.98244E-05 9.98244E-05 9.98244E-05 9.98244E-05 0.718983 9.98244E-05 9.98244E-05 9.98244E-05 9.98244E-05 9.98244E-05 9.98244E-05 9.98244E-05
9.98334E-05 0.0049161 9.98334E-05 9.98334E-05 9.98334E-05 9.98334E-05 0.14084 9.98334E-05 9.98334E-05 0.0420417 9.98334E-05 9.98334E-05 9.98334E-05 9.98334E-05 9.98334E-05 9.98334E-05 0.298717 9.98334E-05 9.98334E-05 0.511588 9.98334E-05 9.98334E-05 9.98334E-05 9.98334E-05
9.9851E-05 0.0465963 9.9851E-05 9.9851E-05 9.9851E-05 9.9851E-05 0.101192 9.9851E-05 9.9851E-05 9.9851E-05 9.9851E-05 0.0330415 9.9851E-05 0.0286819 0.0296547 9.9851E-05 0.545052 9.9851E-05 9.9851E-05 0.214085 9.9851E-05 9.9851E-05 9.9851E-05 9.9851E-05
9.98245E-05 9.98245E-05 9.98245E-05 9.98245E-05 9.98245E-05 9.98245E-05 0.0476556 9.98245E-05 9.98245E-05 9.98245E-05 9.98245E-05 9.98245E-05 9.98245E-05 9.98245E-05 9.98245E-05 9.98245E-05 0.892478 9.98245E-05 9.98245E-05 9.98245E-05 9.98245E-05 0.0160217 0.0418481 9.98245E-05
9.98157E-05 9.98157E-05 9.98157E-05 9.98157E-05 9.98157E-05 9.98157E-05 9.98157E-05 9.98157E-05 9.98157E-05 9.98157E-05 0.0925577 9.98157E-05 9.98157E-05 9.98157E-05 0.0828873 9.98157E-05 0.822459 9.98157E-05 9.98157E-05 9.98157E-05 9.98157E-05 9.98157E-05 9.98157E-05 9.98157E-05
9.98332E-05 0.177773 9.98332E-05 0.213 9.98332E-05 9.98332E-05 0.167495 9.98332E-05 9.98332E-05 9.98332E-05 9.98332E-05 9.98332E-05 9.98332E-05 9.98332E-05 9.98332E-05 0.0378507 0.401984 9.98332E-05 9.98332E-05 9.98332E-05 9.98332E-05 9.98332E-05 9.98332E-05 9.98332E-05
9.98244E-05 0.132903 9.98244E-05 9.98244E-05 9.98244E-05 9.98244E-05 0.197901 9.98244E-05 9.98244E-05 0.0143702 9.98244E-05 9.98244E-05 9.98244E-05 9.98244E-05 9.98244E-05 9.98244E-05 0.652829 9.98244E-05 9.98244E-05 9.98244E-05 9.98244E-05 9.98244E-05 9.98244E-05 9.98244E-05
