9.99297E-05 9.99297E-05 0.044974 9.99297E-05 9.99297E-05 9.99297E-05 0.0244539 9.99297E-05 0.0966358 9.99297E-05 9.99297E-05 0.251521 0.43556 0.0589571 0.0235159 0.0635832
9.99035E-05 9.99035E-05 0.0228291 9.99035E-05 9.99035E-05 9.99035E-05 0.0198875 9.99035E-05 9.99035E-05 9.99035E-05 9.99035E-05 9.99035E-05 0.794058 0.0178841 9.99035E-05 0.144242
9.99034E-05 9.99034E-05 9.99034E-05 9.99034E-05 0.0128562 0.0223231 9.99034E-05 0.0192614 9.99034E-05 9.99034E-05 9.99034E-05 9.99034E-05 0.906061 0.0383996 9.99034E-05 9.99034E-05
9.99201E-05 0.0178596 0.0469674 9.99201E-05 9.99201E-05 0.103432 0.0866595 9.99201E-05 9.99201E-05 9.99201E-05 0.373039 0.0775661 0.269229 0.0244477 9.99201E-05 9.99201E-05
9.98947E-05 9.98947E-05 9.98947E-05 9.98947E-05 0.100383 0.0548883 9.98947E-05 9.98947E-05 9.98947E-05 9.98947E-05 9.98947E-05 9.98947E-05 0.8325 9.98947E-05 9.98947E-05 0.0110296
9.99211E-05 0.242689 9.99211E-05 9.99211E-05 0.0879412 0.246381 9.99211E-05 9.99211E-05 9.99211E-05 0.0216759 0.153091 9.99211E-05 0.22636 9.99211E-05 9.99211E-05 0.0209635
9.9921E-05 9.9921E-05 0.142088 9.9921E-05 9.9921E-05 9.9921E-05 9.9921E-05 0.086541 9.9921E-05 9.9921E-05 0.17912 0.208471 0.258056 0.0493032 9.9921E-05 0.0755219
9.99386E-05 0.0971286 9.99386E-05 9.99386E-05 0.148078 0.0759743 9.99386E-05 9.99386E-05 0.033204 0.0854986 0.0854733 0.268011 0.179128 9.99386E-05 0.0268048 9.99386E-05
9.99385E-05 0.180023 9.99385E-05 0.00687239 0.0822663 0.0060754 9.99385E-05 0.134014 9.99385E-05 9.99385E-05 9.99385E-05 0.0698967 0.205638 0.280843 9.99385E-05 0.0336717
9.98859E-05 9.98859E-05 9.98859E-05 9.98859E-05 9.98859E-05 9.98859E-05 9.98859E-05 9.98859E-05 9.98859E-05 9.98859E-05 9.98859E-05 9.98859E-05 0.875273 0.118076 0.00535237 9.98859E-05
9.99035E-05 0.0556159 0.122108 9.99035E-05 9.99035E-05 9.99035E-05 9.99035E-05 9.99035E-05 9.99035E-05 9.99035E-05 9.99035E-05 0.260145 0.369719 0.191314 9.99035E-05 9.99035E-05
9.99123E-05 9.99123E-05 0.0431754 9.99123E-05 0.0190299 0.0326112 9.99123E-05 9.99123E-05 9.99123E-05 0.0389481 0.0963574 9.99123E-05 0.768879 9.99123E-05 9.99123E-05 9.99123E-05
9.99034E-05 9.99034E-05 9.99034E-05 9.99034E-05 9.99034E-05 9.99034E-05 0.000568214 9.99034E-05 9.99034E-05 9.99034E-05 0.0216186 0.0860991 0.813482 0.0771329 9.99034E-05 9.99034E-05
0.0457799 9.99123E-05 0.077343 9.99123E-05 9.99123E-05 0.144071 9.99123E-05 9.99123E-05 9.99123E-05 0.0375936 9.99123E-05 9.99123E-05 0.619244 0.0749698 9.99123E-05 9.99123E-05
9.9921E-05 0.139183 9.9921E-05 9.9921E-05 9.9921E-05 0.21017 0.0727568 0.0277135 9.9921E-05 9.9921E-05 9.9921E-05 0.0323087 0.297773 0.219196 9.9921E-05 9.9921E-05
9.99385E-05 0.153999 9.99385E-05 9.99385E-05 9.99385E-05 0.11213 0.0636192 9.99385E-05 0.0479061 0.152958 0.00597714 0.146834 0.230139 0.0857393 9.99385E-05 9.99385E-05
0.117992 9.9921E-05 0.0165264 9.9921E-05 9.9921E-05 9.9921E-05 9.9921E-05 9.9921E-05 0.0657614 9.9921E-05 0.0694346 9.9921E-05 0.523055 0.0746838 9.9921E-05 0.131648
9.9921E-05 0.00832764 9.9921E-05 0.143694 9.9921E-05 9.9921E-05 9.9921E-05 0.0371947 9.9921E-05 9.9921E-05 9.9921E-05 0.23891 0.179641 0.18155 0.209783 9.9921E-05
9.99385E-05 0.133714 0.0148295 9.99385E-05 9.99385E-05 9.99385E-05 0.000979999 0.0122382 9.99385E-05 9.99385E-05 0.0855047 0.152438 0.327741 0.262403 0.0094521 9.99385E-05
9.98947E-05 9.98947E-05 9.98947E-05 0.028264 9.98947E-05 9.98947E-05 0.0352376 9.98947E-05 9.98947E-05 9.98947E-05 9.98947E-05 9.98947E-05 0.913777 0.0215225 9.98947E-05 9.98947E-05
9.99298E-05 0.124124 0.0790036 0.0451358 0.0112192 9.99298E-05 9.99298E-05 9.99298E-05 9.99298E-05 0.0485079 0.219845 9.99298E-05 0.43269 0.0386749 9.99298E-05 9.99298E-05
9.99123E-05 0.16667 9.99123E-05 9.99123E-05 0.177687 9.99123E-05 9.99123E-05 9.99123E-05 9.99123E-05 9.99123E-05 0.142365 0.241484 0.250481 9.99123E-05 9.99123E-05 0.0203147
9.99123E-05 9.99123E-05 0.0704246 9.99123E-05 9.99123E-05 0.0799267 9.99123E-05 9.99123E-05 9.99123E-05 9.99123E-05 9.99123E-05 0.0371587 0.65175 0.142262 9.99123E-05 0.0174783
9.98947E-05 9.98947E-05 9.98947E-05 9.98947E-05 9.98947E-05 9.98947E-05 9.98947E-05 0.0599191 9.98947E-05 9.98947E-05 9.98947E-05 0.458477 0.254686 0.225719 9.98947E-05 9.98947E-05
9.99209E-05 0.0611856 0.0357687 9.99209E-05 9.99209E-05 0.0991574 0.130833 9.99209E-05 9.99209E-05 9.99209E-05 9.99209E-05 0.101368 0.311007 0.259781 9.99209E-05 9.99209E-05
9.99079E-05 9.99079E-05 0.0145182 9.99079E-05 9.99079E-05 0.0618294 9.99079E-05 9.99079E-05 9.99079E-05 9.99079E-05 0.155177 9.99079E-05 0.671061 0.096315 9.99079E-05 9.99079E-05
9.9921E-05 9.9921E-05 9.9921E-05 0.0244361 9.9921E-05 0.335121 9.9921E-05 9.9921E-05 9.9921E-05 0.0463611 9.9921E-05 0.363473 0.00699069 0.0932022 0.129517 9.9921E-05
9.9886E-05 9.9886E-05 9.9886E-05 9.9886E-05 9.9886E-05 9.9886E-05 9.9886E-05 9.9886E-05 9.9886E-05 9.9886E-05 0.12184 9.9886E-05 0.769301 0.107561 9.9886E-05 9.9886E-05
9.99035E-05 9.99035E-05 9.99035E-05 9.99035E-05 9.99035E-05 0.0561159 9.99035E-05 0.0452669 9.99035E-05 9.99035E-05 9.99035E-05 0.145323 0.529972 0.222224 9.99035E-05 9.99035E-05
0.0593716 0.029122 9.9921E-05 9.9921E-05 9.9921E-05 9.9921E-05 0.0603925 0.111368 9.9921E-05 9.9921E-05 0.0255832 9.9921E-05 0.671932 0.0413312 9.9921E-05 9.9921E-05
9.9921E-05 0.0226608 0.127286 9.9921E-05 9.9921E-05 9.9921E-05 0.0574798 9.9921E-05 9.9921E-05 9.9921E-05 9.9921E-05 0.0835773 0.6666 0.0208093 0.0206875 9.9921E-05
9.99211E-05 9.99211E-05 0.0192059 9.99211E-05 9.99211E-05 0.237534 9.99211E-05 9.99211E-05 0.0431488 9.99211E-05 0.0983264 0.0386874 0.508873 0.0533261 9.99211E-05 9.99211E-05
9.99298E-05 0.0182397 0.114663 9.99298E-05 9.99298E-05 0.0452625 9.99298E-05 9.99298E-05 0.00484606 0.0217929 9.99298E-05 0.139196 0.509204 0.145996 9.99298E-05 9.99298E-05
9.99298E-05 9.99298E-05 9.99298E-05 9.99298E-05 9.99298E-05 0.22175 0.0568435 0.0143038 9.99298E-05 0.00721458 9.99298E-05 0.0599397 0.494936 0.110413 0.0338004 9.99298E-05
9.98948E-05 9.98948E-05 9.98948E-05 0.039542 9.98948E-05 9.98948E-05 0.0813511 9.98948E-05 9.98948E-05 9.98948E-05 9.98948E-05 9.98948E-05 0.78457 9.98948E-05 9.98948E-05 0.0933379
9.99298E-05 0.0145597 9.99298E-05 9.99298E-05 9.99298E-05 9.99298E-05 0.0986447 0.0439323 0.0256734 0.0385793 9.99298E-05 0.148126 0.622383 9.99298E-05 9.99298E-05 0.00730202
9.99035E-05 9.99035E-05 0.0117697 9.99035E-05 9.99035E-05 9.99035E-05 9.99035E-05 9.99035E-05 9.99035E-05 0.0520232 0.0430335 9.99035E-05 0.862597 9.99035E-05 9.99035E-05 0.0294777
9.99035E-05 0.155631 9.99035E-05 9.99035E-05 9.99035E-05 9.99035E-05 0.0695009 9.99035E-05 9.99035E-05 9.99035E-05 9.99035E-05 9.99035E-05 0.662119 0.0720647 9.99035E-05 0.0395863
0.0476743 0.0114273 0.030858 9.99298E-05 0.06746 0.0124176 9.99298E-05 9.99298E-05 9.99298E-05 9.99298E-05 9.99298E-05 9.99298E-05 0.548523 0.177746 9.99298E-05 0.103095
9.98947E-05 9.98947E-05 9.98947E-05 9.98947E-05 9.98947E-05 0.166853 9.98947E-05 9.98947E-05 9.98947E-05 0.124685 9.98947E-05 9.98947E-05 0.58708 0.120184 9.98947E-05 9.98947E-05
9.99122E-05 0.00582953 0.0316689 9.99122E-05 9.99122E-05 9.99122E-05 9.99122E-05 9.99122E-05 9.99122E-05 9.99122E-05 0.093926 0.108708 0.685513 0.0733553 9.99122E-05 9.99122E-05
9.99036E-05 0.0152197 9.99036E-05 9.99036E-05 9.99036E-05 9.99036E-05 9.99036E-05 0.0713916 9.99036E-05 9.99036E-05 9.99036E-05 0.269352 0.583799 0.059139 9.99036E-05 9.99036E-05
0.0111171 9.99297E-05 9.99297E-05 9.99297E-05 0.0487993 0.0118251 9.99297E-05 9.99297E-05 0.0248094 9.99297E-05 0.0153026 0.0229666 0.854513 9.99297E-05 9.99297E-05 0.00986726
9.9921E-05 0.0868324 9.9921E-05 9.9921E-05 9.9921E-05 9.9921E-05 0.0660111 0.0851856 9.9921E-05 9.9921E-05 9.9921E-05 0.193623 0.320513 0.236081 0.010854 9.9921E-05
9.99035E-05 9.99035E-05 9.99035E-05 0.0023184 9.99035E-05 9.99035E-05 9.99035E-05 9.99035E-05 9.99035E-05 9.99035E-05 0.280959 0.275767 0.253246 0.186611 9.99035E-05 9.99035E-05
9.9921E-05 9.9921E-05 9.9921E-05 0.0585261 0.0494144 9.9921E-05 0.0053664 9.9921E-05 9.9921E-05 9.9921E-05 0.00381158 9.9921E-05 0.811323 0.0465862 0.0240733 9.9921E-05
9.99035E-05 0.0174581 0.0723522 9.99035E-05 9.99035E-05 9.99035E-05 9.99035E-05 9.99035E-05 9.99035E-05 9.99035E-05 9.99035E-05 9.99035E-05 0.832984 0.0694955 0.00661115 9.99035E-05
9.9886E-05 9.9886E-05 9.9886E-05 9.9886E-05 9.9886E-05 9.9886E-05 9.9886E-05 9.9886E-05 0.0372317 9.9886E-05 9.9886E-05 9.9886E-05 0.936575 0.0248949 9.9886E-05 9.9886E-05
9.99033E-05 9.99033E-05 0.0556744 9.99033E-05 9.99033E-05 9.99033E-05 9.99033E-05 9.99033E-05 9.99033E-05 9.99033E-05 0.00341159 0.224757 0.60815 0.106908 9.99033E-05 9.99033E-05
9.99125E-05 9.99125E-05 0.0181923 0.102676 0.0129686 9.99125E-05 9.99125E-05 9.99125E-05 9.99125E-05 9.99125E-05 9.99125E-05 9.99125E-05 0.735362 0.0349448 0.0948581 9.99125E-05
9.99297E-05 0.0878157 0.142669 9.99297E-05 9.99297E-05 0.0550557 9.99297E-05 0.0345044 9.99297E-05 9.99297E-05 0.073466 0.092208 0.332058 0.181424 9.99297E-05 9.99297E-05
9.99386E-05 9.99386E-05 0.0177143 0.00239723 0.0941071 0.00455389 9.99386E-05 0.0861959 9.99386E-05 9.99386E-05 0.0808112 0.196989 0.500045 9.99386E-05 0.0164867 9.99386E-05
9.98947E-05 9.98947E-05 9.98947E-05 9.98947E-05 9.98947E-05 9.98947E-05 9.98947E-05 9.98947E-05 9.98947E-05 9.98947E-05 9.98947E-05 9.98947E-05 0.86701 0.021697 0.0796467 0.0304473
9.99036E-05 9.99036E-05 9.99036E-05 9.99036E-05 0.0373732 9.99036E-05 0.0782014 9.99036E-05 9.99036E-05 0.183863 9.99036E-05 9.99036E-05 0.618997 0.0804666 9.99036E-05 9.99036E-05
9.99123E-05 9.99123E-05 9.99123E-05 9.99123E-05 9.99123E-05 9.99123E-05 0.00639593 0.0021852 9.99123E-05 9.99123E-05 0.0674878 9.99123E-05 0.780276 0.124011 0.0186446 9.99123E-05
9.98948E-05 9.98948E-05 0.0281782 9.98948E-05 9.98948E-05 0.166292 0.121811 9.98948E-05 9.98948E-05 9.98948E-05 9.98948E-05 9.98948E-05 0.68252 9.98948E-05 9.98948E-05 9.98948E-05
9.9914E-05 9.9914E-05 0.0517703 9.9914E-05 9.9914E-05 9.9914E-05 9.9914E-05 9.9914E-05 9.9914E-05 0.134831 9.9914E-05 9.9914E-05 0.597187 0.106816 0.0763607 0.032036
9.98947E-05 9.98947E-05 0.0455729 9.98947E-05 9.98947E-05 9.98947E-05 9.98947E-05 9.98947E-05 9.98947E-05 9.98947E-05 0.081147 9.98947E-05 0.789107 0.0829739 9.98947E-05 9.98947E-05
9.99122E-05 0.00275912 0.0384425 9.99122E-05 0.0186863 9.99122E-05 9.99122E-05 9.99122E-05 9.99122E-05 9.99122E-05 9.99122E-05 9.99122E-05 0.887143 0.0223948 9.99122E-05 0.029575
9.99122E-05 9.99122E-05 9.99122E-05 9.99122E-05 9.99122E-05 0.0606297 9.99122E-05 9.99122E-05 0.0337725 9.99122E-05 9.99122E-05 0.431346 9.99122E-05 0.182979 0.0827527 0.207521
9.99212E-05 9.99212E-05 9.99212E-05 9.99212E-05 9.99212E-05 9.99212E-05 0.0198113 0.040614 9.99212E-05 9.99212E-05 0.0476854 0.696327 0.0778978 0.0150045 9.99212E-05 0.101761
0.167241 9.99122E-05 9.99122E-05 9.99122E-05 9.99122E-05 9.99122E-05 9.99122E-05 9.99122E-05 9.99122E-05 9.99122E-05 9.99122E-05 0.450165 0.0619253 0.0256775 0.185372 0.10862
9.99211E-05 0.0962485 9.99211E-05 9.99211E-05 9.99211E-05 0.241763 9.99211E-05 9.99211E-05 0.00016463 9.99211E-05 9.99211E-05 0.150654 9.99211E-05 0.0629722 0.0493602 0.397938
9.9921E-05 0.119677 9.9921E-05 0.0392056 0.0947929 9.9921E-05 9.9921E-05 9.9921E-05 9.9921E-05 9.9921E-05 9.9921E-05 0.529443 9.9921E-05 0.1231 0.0699171 0.0229649
9.99209E-05 0.0605979 9.99209E-05 0.00402702 9.99209E-05 9.99209E-05 9.99209E-05 0.0645948 0.0888205 9.99209E-05 9.99209E-05 0.555254 9.99209E-05 0.204426 9.99209E-05 0.0213809
9.99122E-05 9.99122E-05 0.0219581 9.99122E-05 9.99122E-05 9.99122E-05 9.99122E-05 9.99122E-05 0.0664815 9.99122E-05 0.183929 0.216762 9.99122E-05 0.197383 9.99122E-05 0.312488
9.99122E-05 0.0545464 9.99122E-05 9.99122E-05 9.99122E-05 0.121786 9.99122E-05 9.99122E-05 9.99122E-05 9.99122E-05 9.99122E-05 0.263854 9.99122E-05 0.139192 0.192491 0.227131
0.11578 9.99211E-05 9.99211E-05 9.99211E-05 9.99211E-05 9.99211E-05 9.99211E-05 0.0671312 9.99211E-05 9.99211E-05 9.99211E-05 0.476076 0.0195323 0.0270623 0.0419983 0.251521
0.00517673 0.0343604 0.0804712 9.99298E-05 9.99298E-05 9.99298E-05 9.99298E-05 9.99298E-05 0.0579647 9.99298E-05 9.99298E-05 0.547635 0.117112 0.0723486 9.99298E-05 0.0841316
9.99033E-05 0.0652041 0.200828 0.0214497 9.99033E-05 9.99033E-05 9.99033E-05 9.99033E-05 9.99033E-05 9.99033E-05 9.99033E-05 0.431135 9.99033E-05 0.280284 9.99033E-05 9.99033E-05
9.99298E-05 9.99298E-05 0.0598588 9.99298E-05 9.99298E-05 9.99298E-05 0.00231961 9.99298E-05 0.0565495 0.092282 0.0638304 0.461865 9.99298E-05 0.193278 9.99298E-05 0.0692168
9.99473E-05 0.131104 0.0503477 9.99473E-05 0.0583927 0.150829 0.0243582 9.99473E-05 0.173164 0.0411275 9.99473E-05 0.26762 9.99473E-05 0.0242067 9.99473E-05 0.0782504
9.99034E-05 9.99034E-05 9.99034E-05 9.99034E-05 0.0234195 0.00940894 9.99034E-05 9.99034E-05 9.99034E-05 9.99034E-05 9.99034E-05 0.567417 9.99034E-05 0.262434 9.99034E-05 0.136221
9.99125E-05 9.99125E-05 9.99125E-05 9.99125E-05 9.99125E-05 0.184948 9.99125E-05 0.0308911 0.0342853 9.99125E-05 9.99125E-05 0.494886 0.0880482 9.99125E-05 9.99125E-05 0.165942
0.0945619 0.0478719 0.00319616 9.99299E-05 9.99299E-05 9.99299E-05 9.99299E-05 9.99299E-05 0.0429854 9.99299E-05 9.99299E-05 0.585907 0.0289359 0.107395 9.99299E-05 0.0883468
9.99297E-05 9.99297E-05 9.99297E-05 9.99297E-05 9.99297E-05 0.189513 9.99297E-05 0.00432153 9.99297E-05 0.014547 0.0666059 0.416672 9.99297E-05 0.0872415 0.137487 0.0828132
9.99034E-05 0.115147 0.102108 9.99034E-05 9.99034E-05 9.99034E-05 9.99034E-05 9.99034E-05 0.0813368 9.99034E-05 0.0640116 0.636297 9.99034E-05 9.99034E-05 9.99034E-05 9.99034E-05
9.99211E-05 0.0135808 0.0301062 9.99211E-05 9.99211E-05 9.99211E-05 9.99211E-05 9.99211E-05 9.99211E-05 9.99211E-05 9.99211E-05 0.530911 0.0605725 0.16496 0.148145 0.0508246
9.99297E-05 9.99297E-05 9.99297E-05 9.99297E-05 9.99297E-05 0.0666901 0.0555587 9.99297E-05 0.0242824 0.0554157 9.99297E-05 0.361387 9.99297E-05 0.366332 0.0141118 0.0554226
0.233226 9.99212E-05 9.99212E-05 9.99212E-05 9.99212E-05 9.99212E-05 9.99212E-05 9.99212E-05 9.99212E-05 0.00977585 9.99212E-05 0.523192 0.00818078 0.155145 0.0242629 0.0453186
9.99034E-05 9.99034E-05 9.99034E-05 9.99034E-05 9.99034E-05 9.99034E-05 9.99034E-05 9.99034E-05 9.99034E-05 0.0168657 0.0225667 0.685072 9.99034E-05 0.152149 9.99034E-05 0.122248
9.99211E-05 9.99211E-05 0.00273183 9.99211E-05 9.99211E-05 0.277153 9.99211E-05 9.99211E-05 0.0487645 9.99211E-05 9.99211E-05 0.469416 0.0336201 0.00981513 9.99211E-05 0.157601
9.99386E-05 0.034905 0.0149149 9.99386E-05 9.99386E-05 0.170935 9.99386E-05 0.0860418 9.99386E-05 9.99386E-05 0.120822 0.419542 0.0214143 0.0733892 0.0573367 9.99386E-05
0.0321896 9.9921E-05 0.14721 9.9921E-05 9.9921E-05 0.023179 9.9921E-05 9.9921E-05 0.123244 9.9921E-05 9.9921E-05 0.537055 0.0426762 0.0935463 9.9921E-05 9.9921E-05
0.128457 0.00131867 0.0053792 9.99387E-05 9.99387E-05 9.99387E-05 9.99387E-05 9.99387E-05 0.0221544 9.99387E-05 9.99387E-05 0.353175 0.146957 0.160506 0.036809 0.144544
0.158251 9.99035E-05 9.99035E-05 9.99035E-05 9.99035E-05 9.99035E-05 9.99035E-05 9.99035E-05 0.0512739 9.99035E-05 9.99035E-05 0.683326 0.0664031 9.99035E-05 9.99035E-05 0.0396471
0.075248 9.99125E-05 9.99125E-05 9.99125E-05 9.99125E-05 9.99125E-05 0.119406 9.99125E-05 9.99125E-05 9.99125E-05 9.99125E-05 0.55489 0.00525231 0.156981 9.99125E-05 0.0872235
9.99211E-05 0.0617629 9.99211E-05 9.99211E-05 9.99211E-05 9.99211E-05 9.99211E-05 9.99211E-05 0.00435791 9.99211E-05 9.99211E-05 0.508972 0.0823861 0.173067 0.143006 0.0255496
0.288752 0.13093 9.99211E-05 9.99211E-05 9.99211E-05 9.99211E-05 0.00762303 9.99211E-05 9.99211E-05 9.99211E-05 9.99211E-05 0.193047 0.0837923 0.284264 9.99211E-05 0.0106921
9.98859E-05 0.107103 9.98859E-05 9.98859E-05 9.98859E-05 0.717654 9.98859E-05 9.98859E-05 9.98859E-05 9.98859E-05 9.98859E-05 9.98859E-05 9.98859E-05 0.173945 9.98859E-05 9.98859E-05
0.330592 9.9886E-05 9.9886E-05 9.9886E-05 9.9886E-05 0.636674 9.9886E-05 9.9886E-05 9.9886E-05 9.9886E-05 9.9886E-05 9.9886E-05 9.9886E-05 0.0314346 9.9886E-05 9.9886E-05
9.98771E-05 9.98771E-05 9.98771E-05 9.98771E-05 9.98771E-05 0.914677 9.98771E-05 9.98771E-05 9.98771E-05 9.98771E-05 9.98771E-05 9.98771E-05 9.98771E-05 0.0839245 9.98771E-05 9.98771E-05
9.99121E-05 0.0627515 0.000995599 0.0108834 9.99121E-05 0.749041 9.99121E-05 9.99121E-05 9.99121E-05 9.99121E-05 9.99121E-05 9.99121E-05 9.99121E-05 0.152224 0.0231048 9.99121E-05
9.99033E-05 0.0222539 9.99033E-05 0.0135766 9.99033E-05 0.91723 9.99033E-05 0.0226595 0.0231815 9.99033E-05 9.99033E-05 9.99033E-05 9.99033E-05 9.99033E-05 9.99033E-05 9.99033E-05
9.9886E-05 0.125332 9.9886E-05 9.9886E-05 9.9886E-05 0.734028 9.9886E-05 9.9886E-05 9.9886E-05 9.9886E-05 9.9886E-05 9.9886E-05 9.9886E-05 0.139342 9.9886E-05 9.9886E-05
9.99122E-05 0.0696861 0.012282 9.99122E-05 9.99122E-05 0.734453 9.99122E-05 9.99122E-05 0.0596942 9.99122E-05 9.99122E-05 0.00625626 9.99122E-05 0.116629 9.99122E-05 9.99122E-05
9.98859E-05 0.299122 9.98859E-05 9.98859E-05 9.98859E-05 0.672417 9.98859E-05 9.98859E-05 9.98859E-05 9.98859E-05 9.98859E-05 9.98859E-05 9.98859E-05 0.0271624 9.98859E-05 9.98859E-05
9.99033E-05 0.29808 0.0197055 9.99033E-05 9.99033E-05 0.28377 9.99033E-05 9.99033E-05 9.99033E-05 9.99033E-05 9.99033E-05 9.99033E-05 9.99033E-05 0.0954648 9.99033E-05 0.301881
9.98946E-05 0.220626 9.98946E-05 9.98946E-05 9.98946E-05 0.494644 9.98946E-05 9.98946E-05 0.00472622 9.98946E-05 9.98946E-05 9.98946E-05 9.98946E-05 0.278805 9.98946E-05 9.98946E-05
0.136862 9.9886E-05 9.9886E-05 9.9886E-05 9.9886E-05 0.656919 9.9886E-05 9.9886E-05 9.9886E-05 9.9886E-05 9.9886E-05 9.9886E-05 9.9886E-05 9.9886E-05 9.9886E-05 0.204921
9.98771E-05 9.98771E-05 9.98771E-05 9.98771E-05 9.98771E-05 0.890858 9.98771E-05 9.98771E-05 9.98771E-05 9.98771E-05 9.98771E-05 9.98771E-05 9.98771E-05 9.98771E-05 9.98771E-05 0.107743
9.98861E-05 0.0986494 9.98861E-05 9.98861E-05 9.98861E-05 0.89628 9.98861E-05 9.98861E-05 0.00377206 9.98861E-05 9.98861E-05 9.98861E-05 9.98861E-05 9.98861E-05 9.98861E-05 9.98861E-05
9.98861E-05 0.152769 9.98861E-05 9.98861E-05 9.98861E-05 0.641251 9.98861E-05 9.98861E-05 9.98861E-05 9.98861E-05 9.98861E-05 9.98861E-05 9.98861E-05 0.204682 9.98861E-05 9.98861E-05
0.0381582 0.0817377 9.99123E-05 9.99123E-05 9.99123E-05 0.685096 9.99123E-05 9.99123E-05 0.0144767 0.0941081 9.99123E-05 9.99123E-05 9.99123E-05 9.99123E-05 0.0854238 9.99123E-05
9.99036E-05 0.0622616 9.99036E-05 0.0709832 9.99036E-05 0.606705 9.99036E-05 9.99036E-05 9.99036E-05 9.99036E-05 9.99036E-05 9.99036E-05 9.99036E-05 0.125979 9.99036E-05 0.132972
9.99122E-05 0.0273681 9.99122E-05 0.0207464 9.99122E-05 0.722771 9.99122E-05 9.99122E-05 9.99122E-05 9.99122E-05 9.99122E-05 9.99122E-05 9.99122E-05 0.0374733 0.0197304 0.170912
9.99036E-05 0.148815 0.0354041 9.99036E-05 9.99036E-05 0.775811 9.99036E-05 9.99036E-05 9.99036E-05 0.0291873 9.99036E-05 0.00968344 9.99036E-05 9.99036E-05 9.99036E-05 9.99036E-05
9.98685E-05 9.98685E-05 9.98685E-05 9.98685E-05 9.98685E-05 0.998502 9.98685E-05 9.98685E-05 9.98685E-05 9.98685E-05 9.98685E-05 9.98685E-05 9.98685E-05 9.98685E-05 9.98685E-05 9.98685E-05
0.103668 0.00997103 0.0435571 0.0564885 9.9921E-05 0.524844 9.9921E-05 9.9921E-05 9.9921E-05 9.9921E-05 0.0762849 9.9921E-05 9.9921E-05 0.184286 9.9921E-05 9.9921E-05
0.0120832 0.059307 9.99298E-05 9.99298E-05 0.112295 0.688821 9.99298E-05 9.99298E-05 9.99298E-05 9.99298E-05 0.00790064 9.99298E-05 9.99298E-05 0.0386738 0.00248582 0.0776338
9.98859E-05 0.0421777 9.98859E-05 9.98859E-05 9.98859E-05 0.952172 9.98859E-05 9.98859E-05 0.0043522 9.98859E-05 9.98859E-05 9.98859E-05 9.98859E-05 9.98859E-05 9.98859E-05 9.98859E-05
9.99122E-05 0.267569 9.99122E-05 9.99122E-05 0.0233326 0.537838 9.99122E-05 9.99122E-05 9.99122E-05 9.99122E-05 0.00972707 9.99122E-05 9.99122E-05 0.115433 9.99122E-05 0.0451008
0.0572002 0.176887 9.9886E-05 9.9886E-05 9.9886E-05 0.764614 9.9886E-05 9.9886E-05 9.9886E-05 9.9886E-05 9.9886E-05 9.9886E-05 9.9886E-05 9.9886E-05 9.9886E-05 9.9886E-05
9.99034E-05 0.237931 9.99034E-05 0.0719365 9.99034E-05 0.436252 9.99034E-05 9.99034E-05 9.99034E-05 9.99034E-05 9.99034E-05 9.99034E-05 9.99034E-05 0.19545 9.99034E-05 0.0573325
0.209767 0.159341 9.99123E-05 9.99123E-05 9.99123E-05 0.423201 9.99123E-05 9.99123E-05 0.00154321 9.99123E-05 9.99123E-05 9.99123E-05 9.99123E-05 0.179544 9.99123E-05 0.025606
0.537774 9.99034E-05 9.99034E-05 9.99034E-05 9.99034E-05 0.202735 0.0655358 0.109487 9.99034E-05 9.99034E-05 9.99034E-05 9.99034E-05 9.99034E-05 0.0833694 9.99034E-05 9.99034E-05
9.99033E-05 0.133343 9.99033E-05 9.99033E-05 0.101839 0.638232 9.99033E-05 9.99033E-05 9.99033E-05 9.99033E-05 0.0589562 9.99033E-05 9.99033E-05 0.0665311 9.99033E-05 9.99033E-05
9.9886E-05 0.218406 9.9886E-05 9.9886E-05 9.9886E-05 0.591603 9.9886E-05 9.9886E-05 9.9886E-05 9.9886E-05 9.9886E-05 9.9886E-05 9.9886E-05 0.188692 9.9886E-05 9.9886E-05
0.0108743 0.00937221 0.095373 9.99299E-05 0.00476834 0.736983 9.99299E-05 9.99299E-05 9.99299E-05 9.99299E-05 9.99299E-05 9.99299E-05 9.99299E-05 0.0882969 0.043795 0.00973829
9.98948E-05 0.0149965 0.0144945 9.98948E-05 9.98948E-05 0.731382 9.98948E-05 9.98948E-05 9.98948E-05 9.98948E-05 9.98948E-05 9.98948E-05 9.98948E-05 0.237929 9.98948E-05 9.98948E-05
9.98859E-05 9.98859E-05 9.98859E-05 0.0165172 9.98859E-05 0.976405 9.98859E-05 9.98859E-05 9.98859E-05 9.98859E-05 9.98859E-05 9.98859E-05 9.98859E-05 0.00577925 9.98859E-05 9.98859E-05
9.99034E-05 0.271033 9.99034E-05 0.283679 0.0100869 0.290301 9.99034E-05 9.99034E-05 9.99034E-05 9.99034E-05 9.99034E-05 9.99034E-05 9.99034E-05 0.143801 9.99034E-05 9.99034E-05
9.98946E-05 0.0523404 9.98946E-05 9.98946E-05 9.98946E-05 0.812011 9.98946E-05 9.98946E-05 9.98946E-05 9.98946E-05 9.98946E-05 0.0444439 9.98946E-05 0.0900056 9.98946E-05 9.98946E-05
9.98772E-05 9.98772E-05 9.98772E-05 9.98772E-05 9.98772E-05 0.960804 9.98772E-05 9.98772E-05 9.98772E-05 9.98772E-05 9.98772E-05 9.98772E-05 9.98772E-05 0.0377982 9.98772E-05 9.98772E-05
9.9921E-05 0.0450957 0.0370149 9.9921E-05 9.9921E-05 0.794261 9.9921E-05 9.9921E-05 0.0189643 0.0390588 0.0444684 9.9921E-05 9.9921E-05 9.9921E-05 9.9921E-05 0.0202374
9.99034E-05 0.143525 9.99034E-05 9.99034E-05 9.99034E-05 0.553345 9.99034E-05 9.99034E-05 0.00970998 9.99034E-05 9.99034E-05 9.99034E-05 9.99034E-05 0.265761 0.0265605 9.99034E-05
0.447432 0.0458292 9.99033E-05 9.99033E-05 0.00245405 0.469745 9.99033E-05 9.99033E-05 9.99033E-05 9.99033E-05 9.99033E-05 9.99033E-05 9.99033E-05 0.0334415 9.99033E-05 9.99033E-05
0.136618 9.98948E-05 0.0377653 9.98948E-05 9.98948E-05 0.795348 9.98948E-05 9.98948E-05 9.98948E-05 9.98948E-05 9.98948E-05 9.98948E-05 9.98948E-05 0.0290695 9.98948E-05 9.98948E-05
0.185884 0.0358209 9.98861E-05 9.98861E-05 9.98861E-05 0.776997 9.98861E-05 9.98861E-05 9.98861E-05 9.98861E-05 9.98861E-05 9.98861E-05 9.98861E-05 9.98861E-05 9.98861E-05 9.98861E-05
0.297247 9.98947E-05 9.98947E-05 0.00295008 9.98947E-05 0.673164 9.98947E-05 9.98947E-05 9.98947E-05 9.98947E-05 9.98947E-05 9.98947E-05 9.98947E-05 9.98947E-05 9.98947E-05 0.025441
9.99034E-05 0.14699 0.0180284 9.99034E-05 9.99034E-05 0.415069 9.99034E-05 9.99034E-05 9.99034E-05 9.99034E-05 9.99034E-05 9.99034E-05 9.99034E-05 0.285355 9.99034E-05 0.133459
9.99035E-05 0.172913 9.99035E-05 9.99035E-05 0.0121713 0.788275 0.0192556 9.99035E-05 9.99035E-05 9.99035E-05 9.99035E-05 0.00628678 9.99035E-05 9.99035E-05 9.99035E-05 9.99035E-05
0.422619 0.057765 9.99035E-05 0.0651334 9.99035E-05 0.338987 9.99035E-05 9.99035E-05 9.99035E-05 9.99035E-05 9.99035E-05 9.99035E-05 9.99035E-05 0.114397 9.99035E-05 9.99035E-05
0.272478 9.9886E-05 9.9886E-05 9.9886E-05 9.9886E-05 0.657106 9.9886E-05 9.9886E-05 9.9886E-05 9.9886E-05 9.9886E-05 9.9886E-05 9.9886E-05 0.0691176 9.9886E-05 9.9886E-05
9.99121E-05 0.149778 9.99121E-05 0.126757 9.99121E-05 0.550282 9.99121E-05 9.99121E-05 9.99121E-05 9.99121E-05 9.99121E-05 9.99121E-05 9.99121E-05 0.00169546 0.0141214 0.156368
0.0617308 0.0809677 0.0472295 9.99123E-05 9.99123E-05 0.568429 9.99123E-05 9.99123E-05 0.0375851 9.99123E-05 9.99123E-05 9.99123E-05 9.99123E-05 0.203059 9.99123E-05 9.99123E-05
9.99299E-05 0.146452 9.99299E-05 9.99299E-05 9.99299E-05 0.490386 9.99299E-05 0.130921 0.0678023 0.020408 9.99299E-05 0.0148548 9.99299E-05 0.0132267 9.99299E-05 0.115149
9.99122E-05 0.244959 0.0138721 0.0249109 9.99122E-05 0.397503 9.99122E-05 9.99122E-05 9.99122E-05 9.99122E-05 9.99122E-05 0.126272 9.99122E-05 0.191483 9.99122E-05 9.99122E-05
0.398819 9.98859E-05 9.98859E-05 9.98859E-05 9.98859E-05 0.581566 9.98859E-05 9.98859E-05 9.98859E-05 9.98859E-05 9.98859E-05 9.98859E-05 9.98859E-05 0.0183156 9.98859E-05 9.98859E-05
9.98946E-05 9.98946E-05 0.0225249 9.98946E-05 9.98946E-05 0.696087 9.98946E-05 9.98946E-05 9.98946E-05 9.98946E-05 0.161659 9.98946E-05 9.98946E-05 0.118531 9.98946E-05 9.98946E-05
0.512634 0.140756 0.00305175 9.99034E-05 9.99034E-05 0.341439 9.99034E-05 9.99034E-05 9.99034E-05 9.99034E-05 9.99034E-05 9.99034E-05 9.99034E-05 0.00102019 9.99034E-05 9.99034E-05
0.131392 0.119408 9.98948E-05 9.98948E-05 9.98948E-05 0.621859 9.98948E-05 9.98948E-05 9.98948E-05 9.98948E-05 9.98948E-05 9.98948E-05 9.98948E-05 0.126141 9.98948E-05 9.98948E-05
9.98859E-05 0.0415613 9.98859E-05 9.98859E-05 9.98859E-05 0.948047 9.98859E-05 9.98859E-05 9.98859E-05 0.00909366 9.98859E-05 9.98859E-05 9.98859E-05 9.98859E-05 9.98859E-05 9.98859E-05
9.98945E-05 9.98945E-05 0.017668 9.98945E-05 9.98945E-05 0.872801 9.98945E-05 9.98945E-05 0.0265128 9.98945E-05 0.0818195 9.98945E-05 9.98945E-05 9.98945E-05 9.98945E-05 9.98945E-05
9.98946E-05 0.246171 9.98946E-05 9.98946E-05 9.98946E-05 0.492572 9.98946E-05 9.98946E-05 9.98946E-05 9.98946E-05 9.98946E-05 9.98946E-05 9.98946E-05 0.151085 9.98946E-05 0.108973
9.98858E-05 0.124689 9.98858E-05 9.98858E-05 9.98858E-05 0.76871 9.98858E-05 9.98858E-05 9.98858E-05 9.98858E-05 9.98858E-05 9.98858E-05 9.98858E-05 0.105302 9.98858E-05 9.98858E-05
9.98859E-05 0.0630201 9.98859E-05 9.98859E-05 9.98859E-05 0.917497 9.98859E-05 9.98859E-05 9.98859E-05 9.98859E-05 9.98859E-05 9.98859E-05 9.98859E-05 0.0181848 9.98859E-05 9.98859E-05
9.9886E-05 9.9886E-05 9.9886E-05 0.104029 9.9886E-05 0.86429 9.9886E-05 9.9886E-05 9.9886E-05 9.9886E-05 9.9886E-05 9.9886E-05 9.9886E-05 0.0303825 9.9886E-05 9.9886E-05
0.119239 0.213775 9.98948E-05 9.98948E-05 9.98948E-05 0.640181 9.98948E-05 9.98948E-05 9.98948E-05 9.98948E-05 9.98948E-05 9.98948E-05 9.98948E-05 9.98948E-05 9.98948E-05 0.0256058
9.98681E-05 9.98681E-05 9.98681E-05 9.98681E-05 9.98681E-05 9.98681E-05 9.98681E-05 9.98681E-05 9.98681E-05 9.98681E-05 9.98681E-05 9.98681E-05 9.98681E-05 0.998502 9.98681E-05 9.98681E-05
9.98681E-05 0.998502 9.98681E-05 9.98681E-05 9.98681E-05 9.98681E-05 9.98681E-05 9.98681E-05 9.98681E-05 9.98681E-05 9.98681E-05 9.98681E-05 9.98681E-05 9.98681E-05 9.98681E-05 9.98681E-05
9.98681E-05 9.98681E-05 9.98681E-05 9.98681E-05 9.98681E-05 9.98681E-05 9.98681E-05 9.98681E-05 9.98681E-05 9.98681E-05 9.98681E-05 9.98681E-05 9.98681E-05 0.998502 9.98681E-05 9.98681E-05
9.98681E-05 0.998502 9.98681E-05 9.98681E-05 9.98681E-05 9.98681E-05 9.98681E-05 9.98681E-05 9.98681E-05 9.98681E-05 9.98681E-05 9.98681E-05 9.98681E-05 9.98681E-05 9.98681E-05 9.98681E-05
9.98681E-05 0.998502 9.98681E-05 9.98681E-05 9.98681E-05 9.98681E-05 9.98681E-05 9.98681E-05 9.98681E-05 9.98681E-05 9.98681E-05 9.98681E-05 9.98681E-05 9.98681E-05 9.98681E-05 9.98681E-05
9.98681E-05 0.998502 9.98681E-05 9.98681E-05 9.98681E-05 9.98681E-05 9.98681E-05 9.98681E-05 9.98681E-05 9.98681E-05 9.98681E-05 9.98681E-05 9.98681E-05 9.98681E-05 9.98681E-05 9.98681E-05
9.9868E-05 9.9868E-05 9.9868E-05 9.9868E-05 9.9868E-05 9.9868E-05 9.9868E-05 9.9868E-05 9.9868E-05 9.9868E-05 9.9868E-05 9.9868E-05 9.9868E-05 0.998502 9.9868E-05 9.9868E-05
9.98682E-05 0.998502 9.98682E-05 9.98682E-05 9.98682E-05 9.98682E-05 9.98682E-05 9.98682E-05 9.98682E-05 9.98682E-05 9.98682E-05 9.98682E-05 9.98682E-05 9.98682E-05 9.98682E-05 9.98682E-05
9.98682E-05 0.998502 9.98682E-05 9.98682E-05 9.98682E-05 9.98682E-05 9.98682E-05 9.98682E-05 9.98682E-05 9.98682E-05 9.98682E-05 9.98682E-05 9.98682E-05 9.98682E-05 9.98682E-05 9.98682E-05
9.98681E-05 9.98681E-05 9.98681E-05 9.98681E-05 9.98681E-05 9.98681E-05 9.98681E-05 9.98681E-05 9.98681E-05 9.98681E-05 9.98681E-05 9.98681E-05 9.98681E-05 0.998502 9.98681E-05 9.98681E-05
9.9868E-05 9.9868E-05 9.9868E-05 9.9868E-05 9.9868E-05 9.9868E-05 9.9868E-05 9.9868E-05 9.9868E-05 9.9868E-05 9.9868E-05 9.9868E-05 9.9868E-05 0.998502 9.9868E-05 9.9868E-05
9.98681E-05 9.98681E-05 9.98681E-05 9.98681E-05 9.98681E-05 9.98681E-05 9.98681E-05 9.98681E-05 9.98681E-05 9.98681E-05 9.98681E-05 9.98681E-05 9.98681E-05 0.998502 9.98681E-05 9.98681E-05
9.98681E-05 0.998502 9.98681E-05 9.98681E-05 9.98681E-05 9.98681E-05 9.98681E-05 9.98681E-05 9.98681E-05 9.98681E-05 9.98681E-05 9.98681E-05 9.98681E-05 9.98681E-05 9.98681E-05 9.98681E-05
9.98681E-05 0.998502 9.98681E-05 9.98681E-05 9.98681E-05 9.98681E-05 9.98681E-05 9.98681E-05 9.98681E-05 9.98681E-05 9.98681E-05 9.98681E-05 9.98681E-05 9.98681E-05 9.98681E-05 9.98681E-05
9.98681E-05 9.98681E-05 9.98681E-05 9.98681E-05 9.98681E-05 9.98681E-05 9.98681E-05 9.98681E-05 9.98681E-05 9.98681E-05 9.98681E-05 9.98681E-05 9.98681E-05 0.998502 9.98681E-05 9.98681E-05
9.9868E-05 9.9868E-05 9.9868E-05 9.9868E-05 9.9868E-05 9.9868E-05 9.9868E-05 9.9868E-05 9.9868E-05 9.9868E-05 9.9868E-05 9.9868E-05 9.9868E-05 0.998502 9.9868E-05 9.9868E-05
9.99209E-05 0.0284839 0.0133185 9.99209E-05 9.99209E-05 0.643113 0.0834463 0.049194 9.99209E-05 9.99209E-05 0.139397 9.99209E-05 9.99209E-05 0.0421477 9.99209E-05 9.99209E-05
9.98682E-05 9.98682E-05 9.98682E-05 9.98682E-05 9.98682E-05 9.98682E-05 9.98682E-05 9.98682E-05 9.98682E-05 9.98682E-05 9.98682E-05 9.98682E-05 9.98682E-05 0.998502 9.98682E-05 9.98682E-05
9.98681E-05 0.998502 9.98681E-05 9.98681E-05 9.98681E-05 9.98681E-05 9.98681E-05 9.98681E-05 9.98681E-05 9.98681E-05 9.98681E-05 9.98681E-05 9.98681E-05 9.98681E-05 9.98681E-05 9.98681E-05
9.9868E-05 9.9868E-05 9.9868E-05 9.9868E-05 9.9868E-05 9.9868E-05 9.9868E-05 9.9868E-05 9.9868E-05 9.9868E-05 9.9868E-05 9.9868E-05 9.9868E-05 0.998502 9.9868E-05 9.9868E-05
9.98681E-05 9.98681E-05 9.98681E-05 9.98681E-05 9.98681E-05 9.98681E-05 9.98681E-05 9.98681E-05 9.98681E-05 9.98681E-05 9.98681E-05 9.98681E-05 9.98681E-05 0.998502 9.98681E-05 9.98681E-05
9.98682E-05 9.98682E-05 9.98682E-05 9.98682E-05 9.98682E-05 9.98682E-05 9.98682E-05 9.98682E-05 9.98682E-05 9.98682E-05 9.98682E-05 9.98682E-05 9.98682E-05 0.998502 9.98682E-05 9.98682E-05
9.98681E-05 0.998502 9.98681E-05 9.98681E-05 9.98681E-05 9.98681E-05 9.98681E-05 9.98681E-05 9.98681E-05 9.98681E-05 9.98681E-05 9.98681E-05 9.98681E-05 9.98681E-05 9.98681E-05 9.98681E-05
9.98681E-05 9.98681E-05 9.98681E-05 9.98681E-05 9.98681E-05 9.98681E-05 9.98681E-05 9.98681E-05 9.98681E-05 9.98681E-05 9.98681E-05 9.98681E-05 9.98681E-05 0.998502 9.98681E-05 9.98681E-05
9.9868E-05 0.998502 9.9868E-05 9.9868E-05 9.9868E-05 9.9868E-05 9.9868E-05 9.9868E-05 9.9868E-05 9.9868E-05 9.9868E-05 9.9868E-05 9.9868E-05 9.9868E-05 9.9868E-05 9.9868E-05
9.98681E-05 9.98681E-05 9.98681E-05 9.98681E-05 9.98681E-05 9.98681E-05 9.98681E-05 9.98681E-05 9.98681E-05 9.98681E-05 9.98681E-05 9.98681E-05 9.98681E-05 0.998502 9.98681E-05 9.98681E-05
9.9868E-05 9.9868E-05 9.9868E-05 9.9868E-05 9.9868E-05 9.9868E-05 9.9868E-05 9.9868E-05 9.9868E-05 9.9868E-05 9.9868E-05 9.9868E-05 9.9868E-05 0.998502 9.9868E-05 9.9868E-05
9.98681E-05 0.998502 9.98681E-05 9.98681E-05 9.98681E-05 9.98681E-05 9.98681E-05 9.98681E-05 9.98681E-05 9.98681E-05 9.98681E-05 9.98681E-05 9.98681E-05 9.98681E-05 9.98681E-05 9.98681E-05
9.98682E-05 0.998502 9.98682E-05 9.98682E-05 9.98682E-05 9.98682E-05 9.98682E-05 9.98682E-05 9.98682E-05 9.98682E-05 9.98682E-05 9.98682E-05 9.98682E-05 9.98682E-05 9.98682E-05 9.98682E-05
9.98682E-05 0.998502 9.98682E-05 9.98682E-05 9.98682E-05 9.98682E-05 9.98682E-05 9.98682E-05 9.98682E-05 9.98682E-05 9.98682E-05 9.98682E-05 9.98682E-05 9.98682E-05 9.98682E-05 9.98682E-05
9.98681E-05 9.98681E-05 9.98681E-05 9.98681E-05 9.98681E-05 9.98681E-05 9.98681E-05 9.98681E-05 9.98681E-05 9.98681E-05 9.98681E-05 9.98681E-05 9.98681E-05 0.998502 9.98681E-05 9.98681E-05
9.98682E-05 9.98682E-05 9.98682E-05 9.98682E-05 9.98682E-05 9.98682E-05 9.98682E-05 9.98682E-05 9.98682E-05 9.98682E-05 9.98682E-05 9.98682E-05 9.98682E-05 0.998502 9.98682E-05 9.98682E-05
9.98681E-05 9.98681E-05 9.98681E-05 9.98681E-05 9.98681E-05 9.98681E-05 9.98681E-05 9.98681E-05 9.98681E-05 9.98681E-05 9.98681E-05 9.98681E-05 9.98681E-05 0.998502 9.98681E-05 9.98681E-05
9.9868E-05 9.9868E-05 9.9868E-05 9.9868E-05 9.9868E-05 9.9868E-05 9.9868E-05 9.9868E-05 9.9868E-05 9.9868E-05 9.9868E-05 9.9868E-05 9.9868E-05 0.998502 9.9868E-05 9.9868E-05
9.98681E-05 9.98681E-05 9.98681E-05 9.98681E-05 9.98681E-05 9.98681E-05 9.98681E-05 9.98681E-05 9.98681E-05 9.98681E-05 9.98681E-05 9.98681E-05 9.98681E-05 0.998502 9.98681E-05 9.98681E-05
9.98681E-05 0.998502 9.98681E-05 9.98681E-05 9.98681E-05 9.98681E-05 9.98681E-05 9.98681E-05 9.98681E-05 9.98681E-05 9.98681E-05 9.98681E-05 9.98681E-05 9.98681E-05 9.98681E-05 9.98681E-05
9.98681E-05 0.998502 9.98681E-05 9.98681E-05 9.98681E-05 9.98681E-05 9.98681E-05 9.98681E-05 9.98681E-05 9.98681E-05 9.98681E-05 9.98681E-05 9.98681E-05 9.98681E-05 9.98681E-05 9.98681E-05
9.98681E-05 0.998502 9.98681E-05 9.98681E-05 9.98681E-05 9.98681E-05 9.98681E-05 9.98681E-05 9.98681E-05 9.98681E-05 9.98681E-05 9.98681E-05 9.98681E-05 9.98681E-05 9.98681E-05 9.98681E-05
9.98682E-05 9.98682E-05 9.98682E-05 9.98682E-05 9.98682E-05 9.98682E-05 9.98682E-05 9.98682E-05 9.98682E-05 9.98682E-05 9.98682E-05 9.98682E-05 9.98682E-05 0.998502 9.98682E-05 9.98682E-05
9.98681E-05 0.998502 9.98681E-05 9.98681E-05 9.98681E-05 9.98681E-05 9.98681E-05 9.98681E-05 9.98681E-05 9.98681E-05 9.98681E-05 9.98681E-05 9.98681E-05 9.98681E-05 9.98681E-05 9.98681E-05
9.98682E-05 0.998502 9.98682E-05 9.98682E-05 9.98682E-05 9.98682E-05 9.98682E-05 9.98682E-05 9.98682E-05 9.98682E-05 9.98682E-05 9.98682E-05 9.98682E-05 9.98682E-05 9.98682E-05 9.98682E-05
9.98681E-05 0.998502 9.98681E-05 9.98681E-05 9.98681E-05 9.98681E-05 9.98681E-05 9.98681E-05 9.98681E-05 9.98681E-05 9.98681E-05 9.98681E-05 9.98681E-05 9.98681E-05 9.98681E-05 9.98681E-05
9.9868E-05 0.998502 9.9868E-05 9.9868E-05 9.9868E-05 9.9868E-05 9.9868E-05 9.9868E-05 9.9868E-05 9.9868E-05 9.9868E-05 9.9868E-05 9.9868E-05 9.9868E-05 9.9868E-05 9.9868E-05
9.9868E-05 9.9868E-05 9.9868E-05 9.9868E-05 9.9868E-05 9.9868E-05 9.9868E-05 9.9868E-05 9.9868E-05 9.9868E-05 9.9868E-05 9.9868E-05 9.9868E-05 0.998502 9.9868E-05 9.9868E-05
9.98682E-05 0.998502 9.98682E-05 9.98682E-05 9.98682E-05 9.98682E-05 9.98682E-05 9.98682E-05 9.98682E-05 9.98682E-05 9.98682E-05 9.98682E-05 9.98682E-05 9.98682E-05 9.98682E-05 9.98682E-05
9.9868E-05 0.998502 9.9868E-05 9.9868E-05 9.9868E-05 9.9868E-05 9.9868E-05 9.9868E-05 9.9868E-05 9.9868E-05 9.9868E-05 9.9868E-05 9.9868E-05 9.9868E-05 9.9868E-05 9.9868E-05
9.99121E-05 0.0580364 9.99121E-05 9.99121E-05 9.99121E-05 0.635549 0.0587481 0.0219741 9.99121E-05 9.99121E-05 0.0745628 9.99121E-05 9.99121E-05 0.15013 9.99121E-05 9.99121E-05
9.98681E-05 9.98681E-05 9.98681E-05 9.98681E-05 9.98681E-05 9.98681E-05 9.98681E-05 9.98681E-05 9.98681E-05 9.98681E-05 9.98681E-05 9.98681E-05 9.98681E-05 0.998502 9.98681E-05 9.98681E-05
9.98771E-05 0.96646 9.98771E-05 9.98771E-05 9.98771E-05 9.98771E-05 9.98771E-05 9.98771E-05 0.0321415 9.98771E-05 9.98771E-05 9.98771E-05 9.98771E-05 9.98771E-05 9.98771E-05 9.98771E-05
9.98681E-05 0.998502 9.98681E-05 9.98681E-05 9.98681E-05 9.98681E-05 9.98681E-05 9.98681E-05 9.98681E-05 9.98681E-05 9.98681E-05 9.98681E-05 9.98681E-05 9.98681E-05 9.98681E-05 9.98681E-05
9.9868E-05 0.998502 9.9868E-05 9.9868E-05 9.9868E-05 9.9868E-05 9.9868E-05 9.9868E-05 9.9868E-05 9.9868E-05 9.9868E-05 9.9868E-05 9.9868E-05 9.9868E-05 9.9868E-05 9.9868E-05
9.9868E-05 0.998502 9.9868E-05 9.9868E-05 9.9868E-05 9.9868E-05 9.9868E-05 9.9868E-05 9.9868E-05 9.9868E-05 9.9868E-05 9.9868E-05 9.9868E-05 9.9868E-05 9.9868E-05 9.9868E-05
9.9868E-05 9.9868E-05 9.9868E-05 9.9868E-05 9.9868E-05 9.9868E-05 9.9868E-05 9.9868E-05 9.9868E-05 9.9868E-05 9.9868E-05 9.9868E-05 9.9868E-05 0.998502 9.9868E-05 9.9868E-05
9.98681E-05 0.998502 9.98681E-05 9.98681E-05 9.98681E-05 9.98681E-05 9.98681E-05 9.98681E-05 9.98681E-05 9.98681E-05 9.98681E-05 9.98681E-05 9.98681E-05 9.98681E-05 9.98681E-05 9.98681E-05
9.9868E-05 9.9868E-05 9.9868E-05 9.9868E-05 9.9868E-05 9.9868E-05 9.9868E-05 9.9868E-05 9.9868E-05 9.9868E-05 9.9868E-05 9.9868E-05 9.9868E-05 0.998502 9.9868E-05 9.9868E-05
9.98681E-05 0.998502 9.98681E-05 9.98681E-05 9.98681E-05 9.98681E-05 9.98681E-05 9.98681E-05 9.98681E-05 9.98681E-05 9.98681E-05 9.98681E-05 9.98681E-05 9.98681E-05 9.98681E-05 9.98681E-05
9.98681E-05 9.98681E-05 9.98681E-05 9.98681E-05 9.98681E-05 9.98681E-05 9.98681E-05 9.98681E-05 9.98681E-05 9.98681E-05 9.98681E-05 9.98681E-05 9.98681E-05 0.998502 9.98681E-05 9.98681E-05
9.9868E-05 0.998502 9.9868E-05 9.9868E-05 9.9868E-05 9.9868E-05 9.9868E-05 9.9868E-05 9.9868E-05 9.9868E-05 9.9868E-05 9.9868E-05 9.9868E-05 9.9868E-05 9.9868E-05 9.9868E-05
9.98681E-05 0.998502 9.98681E-05 9.98681E-05 9.98681E-05 9.98681E-05 9.98681E-05 9.98681E-05 9.98681E-05 9.98681E-05 9.98681E-05 9.98681E-05 9.98681E-05 9.98681E-05 9.98681E-05 9.98681E-05
9.9868E-05 0.998502 9.9868E-05 9.9868E-05 9.9868E-05 9.9868E-05 9.9868E-05 9.9868E-05 9.9868E-05 9.9868E-05 9.9868E-05 9.9868E-05 9.9868E-05 9.9868E-05 9.9868E-05 9.9868E-05
9.98681E-05 0.998502 9.98681E-05 9.98681E-05 9.98681E-05 9.98681E-05 9.98681E-05 9.98681E-05 9.98681E-05 9.98681E-05 9.98681E-05 9.98681E-05 9.98681E-05 9.98681E-05 9.98681E-05 9.98681E-05
9.98681E-05 0.998502 9.98681E-05 9.98681E-05 9.98681E-05 9.98681E-05 9.98681E-05 9.98681E-05 9.98681E-05 9.98681E-05 9.98681E-05 9.98681E-05 9.98681E-05 9.98681E-05 9.98681E-05 9.98681E-05
9.98681E-05 0.998502 9.98681E-05 9.98681E-05 9.98681E-05 9.98681E-05 9.98681E-05 9.98681E-05 9.98681E-05 9.98681E-05 9.98681E-05 9.98681E-05 9.98681E-05 9.98681E-05 9.98681E-05 9.98681E-05
9.98681E-05 9.98681E-05 9.98681E-05 9.98681E-05 9.98681E-05 9.98681E-05 9.98681E-05 9.98681E-05 9.98681E-05 9.98681E-05 9.98681E-05 9.98681E-05 9.98681E-05 0.998502 9.98681E-05 9.98681E-05
9.9868E-05 9.9868E-05 9.9868E-05 9.9868E-05 9.9868E-05 9.9868E-05 9.9868E-05 9.9868E-05 9.9868E-05 9.9868E-05 9.9868E-05 9.9868E-05 9.9868E-05 0.998502 9.9868E-05 9.9868E-05
9.98769E-05 9.98769E-05 0.00273143 9.98769E-05 9.98769E-05 9.98769E-05 9.98769E-05 9.98769E-05 9.98769E-05 9.98769E-05 9.98769E-05 9.98769E-05 9.98769E-05 0.99587 9.98769E-05 9.98769E-05
9.98682E-05 0.998502 9.98682E-05 9.98682E-05 9.98682E-05 9.98682E-05 9.98682E-05 9.98682E-05 9.98682E-05 9.98682E-05 9.98682E-05 9.98682E-05 9.98682E-05 9.98682E-05 9.98682E-05 9.98682E-05
9.98681E-05 9.98681E-05 9.98681E-05 9.98681E-05 9.98681E-05 9.98681E-05 9.98681E-05 9.98681E-05 9.98681E-05 9.98681E-05 9.98681E-05 9.98681E-05 9.98681E-05 0.998502 9.98681E-05 9.98681E-05
9.98681E-05 9.98681E-05 9.98681E-05 9.98681E-05 9.98681E-05 9.98681E-05 9.98681E-05 9.98681E-05 9.98681E-05 9.98681E-05 9.98681E-05 9.98681E-05 9.98681E-05 0.998502 9.98681E-05 9.98681E-05
9.98681E-05 9.98681E-05 9.98681E-05 9.98681E-05 9.98681E-05 9.98681E-05 9.98681E-05 9.98681E-05 9.98681E-05 9.98681E-05 9.98681E-05 9.98681E-05 9.98681E-05 0.998502 9.98681E-05 9.98681E-05
9.98682E-05 0.998502 9.98682E-05 9.98682E-05 9.98682E-05 9.98682E-05 9.98682E-05 9.98682E-05 9.98682E-05 9.98682E-05 9.98682E-05 9.98682E-05 9.98682E-05 9.98682E-05 9.98682E-05 9.98682E-05
9.98681E-05 0.998502 9.98681E-05 9.98681E-05 9.98681E-05 9.98681E-05 9.98681E-05 9.98681E-05 9.98681E-05 9.98681E-05 9.98681E-05 9.98681E-05 9.98681E-05 9.98681E-05 9.98681E-05 9.98681E-05
9.98681E-05 0.998502 9.98681E-05 9.98681E-05 9.98681E-05 9.98681E-05 9.98681E-05 9.98681E-05 9.98681E-05 9.98681E-05 9.98681E-05 9.98681E-05 9.98681E-05 9.98681E-05 9.98681E-05 9.98681E-05
9.9868E-05 9.9868E-05 9.9868E-05 9.9868E-05 9.9868E-05 9.9868E-05 9.9868E-05 9.9868E-05 9.9868E-05 9.9868E-05 9.9868E-05 9.9868E-05 9.9868E-05 0.998502 9.9868E-05 9.9868E-05
