9.99473E-05 0.259021 9.99473E-05 9.99473E-05 0.028978 9.99473E-05 9.99473E-05 0.00887142 0.0922112 0.0451274 0.11639 0.360264 0.0756208 9.99473E-05 0.0129167
9.99035E-05 9.99035E-05 9.99035E-05 9.99035E-05 9.99035E-05 9.99035E-05 9.99035E-05 9.99035E-05 0.193646 0.00774611 9.99035E-05 0.656747 0.140763 9.99035E-05 9.99035E-05
9.98947E-05 9.98947E-05 9.98947E-05 9.98947E-05 9.98947E-05 0.0580554 9.98947E-05 9.98947E-05 9.98947E-05 9.98947E-05 0.0895448 0.851201 9.98947E-05 9.98947E-05 9.98947E-05
9.99298E-05 0.0621948 9.99298E-05 0.012085 9.99298E-05 0.185146 9.99298E-05 0.0631766 9.99298E-05 0.0228528 9.99298E-05 0.299547 9.99298E-05 0.354199 9.99298E-05
9.98946E-05 9.98946E-05 9.98946E-05 9.98946E-05 9.98946E-05 9.98946E-05 0.146405 9.98946E-05 9.98946E-05 9.98946E-05 9.98946E-05 0.841145 9.98946E-05 0.0112509 9.98946E-05
9.9921E-05 9.9921E-05 9.9921E-05 0.111634 9.9921E-05 0.232079 0.0945493 9.9921E-05 0.208307 9.9921E-05 9.9921E-05 0.20579 9.9921E-05 0.14674 9.9921E-05
9.99386E-05 0.150527 9.99386E-05 9.99386E-05 9.99386E-05 9.99386E-05 9.99386E-05 9.99386E-05 0.0330192 0.12811 0.0258793 0.249283 0.153509 0.175118 0.0838546
0.100464 0.202652 9.99474E-05 0.15583 0.039337 9.99474E-05 0.140371 9.99474E-05 0.0795165 0.000837696 9.99474E-05 0.198634 9.99474E-05 0.0817593 9.99474E-05
9.99298E-05 0.0212508 9.99298E-05 0.245475 9.99298E-05 0.0190513 9.99298E-05 9.99298E-05 9.99298E-05 9.99298E-05 0.235274 0.282673 0.00722323 9.99298E-05 0.188254
9.99034E-05 9.99034E-05 9.99034E-05 9.99034E-05 0.0212124 9.99034E-05 9.99034E-05 9.99034E-05 9.99034E-05 9.99034E-05 0.0937484 0.883375 9.99034E-05 9.99034E-05 0.000565581
9.99211E-05 0.0852073 9.99211E-05 0.00305773 9.99211E-05 9.99211E-05 9.99211E-05 9.99211E-05 0.0397256 0.173125 0.163429 0.534556 9.99211E-05 9.99211E-05 9.99211E-05
0.0332517 9.98947E-05 9.98947E-05 9.98947E-05 0.0389731 9.98947E-05 9.98947E-05 9.98947E-05 9.98947E-05 9.98947E-05 9.98947E-05 0.926576 9.98947E-05 9.98947E-05 9.98947E-05
9.98947E-05 0.167513 9.98947E-05 9.98947E-05 9.98947E-05 9.98947E-05 9.98947E-05 9.98947E-05 9.98947E-05 9.98947E-05 0.046973 0.784316 9.98947E-05 9.98947E-05 9.98947E-05
9.99298E-05 0.0277336 0.100753 9.99298E-05 9.99298E-05 0.00821977 0.0381226 9.99298E-05 9.99298E-05 0.116828 0.0823813 0.625162 9.99298E-05 9.99298E-05 9.99298E-05
9.99298E-05 0.0155452 9.99298E-05 0.12908 9.99298E-05 0.16869 9.99298E-05 9.99298E-05 0.302032 9.99298E-05 0.109754 0.242826 9.99298E-05 0.0312741 9.99298E-05
0.0722212 0.0648738 9.99561E-05 0.179677 0.0365297 9.99561E-05 0.0807094 9.99561E-05 0.172519 0.000647309 0.0956665 0.194977 9.99561E-05 0.101679 9.99561E-05
9.9921E-05 9.9921E-05 0.147576 9.9921E-05 9.9921E-05 9.9921E-05 9.9921E-05 9.9921E-05 9.9921E-05 0.0562686 0.0724145 0.577908 0.0830521 0.0618812 9.9921E-05
9.99386E-05 0.184284 9.99386E-05 0.0393859 0.159533 9.99386E-05 9.99386E-05 0.11009 0.248967 9.99386E-05 0.144565 0.105545 9.99386E-05 9.99386E-05 0.006932
9.99297E-05 0.186323 9.99297E-05 0.130437 0.0489533 9.99297E-05 9.99297E-05 9.99297E-05 9.99297E-05 0.0225878 0.185425 0.306638 9.99297E-05 0.118836 9.99297E-05
9.98859E-05 9.98859E-05 9.98859E-05 9.98859E-05 9.98859E-05 9.98859E-05 9.98859E-05 0.00185212 9.98859E-05 9.98859E-05 9.98859E-05 0.996849 9.98859E-05 9.98859E-05 9.98859E-05
0.0251613 9.99561E-05 9.99561E-05 0.0892262 9.99561E-05 0.00839837 0.0451975 0.00905272 9.99561E-05 0.0657835 0.0603637 0.497751 9.99561E-05 0.151125 0.0474414
9.99211E-05 0.423043 9.99211E-05 0.134306 9.99211E-05 0.01977 0.115952 9.99211E-05 9.99211E-05 9.99211E-05 9.99211E-05 0.251597 9.99211E-05 0.054432 9.99211E-05
9.99123E-05 9.99123E-05 9.99123E-05 0.00142326 9.99123E-05 9.99123E-05 9.99123E-05 9.99123E-05 0.233351 0.0755886 0.0903338 0.598304 9.99123E-05 9.99123E-05 9.99123E-05
9.99034E-05 0.384593 9.99034E-05 9.99034E-05 9.99034E-05 9.99034E-05 9.99034E-05 9.99034E-05 9.99034E-05 9.99034E-05 0.183214 0.322986 9.99034E-05 9.99034E-05 0.108108
9.99385E-05 0.0977735 9.99385E-05 0.0411638 9.99385E-05 0.214825 9.99385E-05 0.0818422 9.99385E-05 0.0250593 0.24462 0.265945 9.99385E-05 9.99385E-05 0.028073
9.9921E-05 0.0851093 9.9921E-05 9.9921E-05 9.9921E-05 0.0917946 9.9921E-05 9.9921E-05 9.9921E-05 0.036469 0.109339 0.644346 9.9921E-05 0.032043 9.9921E-05
9.99122E-05 0.439935 9.99122E-05 9.99122E-05 0.12455 0.32818 9.99122E-05 9.99122E-05 9.99122E-05 9.99122E-05 0.0902568 0.0160795 9.99122E-05 9.99122E-05 9.99122E-05
9.99123E-05 0.129421 9.99123E-05 9.99123E-05 9.99123E-05 9.99123E-05 9.99123E-05 9.99123E-05 9.99123E-05 9.99123E-05 0.0445512 0.710005 0.00139813 0.113626 9.99123E-05
9.9921E-05 0.0912228 9.9921E-05 9.9921E-05 9.9921E-05 0.0646533 9.9921E-05 9.9921E-05 0.081845 9.9921E-05 0.197732 0.542717 9.9921E-05 9.9921E-05 0.0209309
9.9921E-05 9.9921E-05 0.0784576 0.0273894 9.9921E-05 9.9921E-05 9.9921E-05 9.9921E-05 0.0290666 0.0223451 0.11213 0.729712 9.9921E-05 9.9921E-05 9.9921E-05
9.99386E-05 0.00876977 9.99386E-05 0.0235396 0.0147039 9.99386E-05 9.99386E-05 0.0448063 0.0699886 0.137204 0.0279689 0.67232 9.99386E-05 9.99386E-05 9.99386E-05
9.99211E-05 0.0323003 9.99211E-05 9.99211E-05 9.99211E-05 0.159218 9.99211E-05 9.99211E-05 9.99211E-05 0.053941 0.155252 0.501644 9.99211E-05 0.0967452 9.99211E-05
0.0228054 0.127721 9.99297E-05 9.99297E-05 9.99297E-05 0.00984445 9.99297E-05 9.99297E-05 0.0827558 0.0941672 0.125373 0.536533 9.99297E-05 9.99297E-05 9.99297E-05
0.0224978 0.169299 9.99298E-05 9.99298E-05 0.030027 0.115403 9.99298E-05 9.99298E-05 9.99298E-05 9.99298E-05 0.135458 0.523751 9.99298E-05 9.99298E-05 0.00276522
9.99211E-05 9.99211E-05 9.99211E-05 9.99211E-05 9.99211E-05 9.99211E-05 9.99211E-05 0.045501 0.0348204 0.0361672 0.0251257 0.782798 0.0746881 9.99211E-05 9.99211E-05
9.99473E-05 0.0342164 9.99473E-05 0.0432866 9.99473E-05 9.99473E-05 9.99473E-05 9.99473E-05 0.0646009 0.0330855 0.0386839 0.615883 0.0240338 0.121764 0.0238468
0.0843907 9.99123E-05 9.99123E-05 9.99123E-05 9.99123E-05 9.99123E-05 9.99123E-05 9.99123E-05 9.99123E-05 0.0268263 9.99123E-05 0.812036 0.0670067 0.00874137 9.99123E-05
9.99123E-05 9.99123E-05 9.99123E-05 0.191547 9.99123E-05 9.99123E-05 9.99123E-05 0.0404107 9.99123E-05 9.99123E-05 0.0762001 0.687934 0.00290866 9.99123E-05 9.99123E-05
9.99211E-05 9.99211E-05 0.0802332 9.99211E-05 9.99211E-05 9.99211E-05 0.113825 9.99211E-05 9.99211E-05 0.0469769 0.157162 0.522976 0.0779274 9.99211E-05 9.99211E-05
0.153582 9.99034E-05 9.99034E-05 9.99034E-05 9.99034E-05 0.219502 9.99034E-05 9.99034E-05 9.99034E-05 9.99034E-05 0.0693038 0.556513 9.99034E-05 9.99034E-05 9.99034E-05
9.99211E-05 0.138783 9.99211E-05 0.00235086 9.99211E-05 9.99211E-05 9.99211E-05 9.99211E-05 9.99211E-05 0.0344556 0.0425359 0.76524 9.99211E-05 0.0157353 9.99211E-05
9.99211E-05 0.373413 9.99211E-05 9.99211E-05 0.0190123 9.99211E-05 9.99211E-05 9.99211E-05 9.99211E-05 9.99211E-05 0.0485119 0.492355 0.0302412 9.99211E-05 0.0355672
9.98947E-05 0.0920876 0.0915389 9.98947E-05 9.98947E-05 9.98947E-05 9.98947E-05 9.98947E-05 9.98947E-05 9.98947E-05 9.98947E-05 0.815175 9.98947E-05 9.98947E-05 9.98947E-05
9.99297E-05 0.113606 9.99297E-05 0.0606048 9.99297E-05 9.99297E-05 9.99297E-05 9.99297E-05 0.193354 0.0403016 0.207343 0.335927 9.99297E-05 9.99297E-05 0.0480647
9.9921E-05 0.353349 9.9921E-05 9.9921E-05 9.9921E-05 9.9921E-05 0.0411328 0.00661034 9.9921E-05 9.9921E-05 0.138379 0.2134 9.9921E-05 0.246229 9.9921E-05
9.99034E-05 9.99034E-05 9.99034E-05 0.0149224 9.99034E-05 9.99034E-05 9.99034E-05 0.0498564 9.99034E-05 9.99034E-05 0.0648068 0.869315 9.99034E-05 9.99034E-05 9.99034E-05
9.99123E-05 9.99123E-05 9.99123E-05 0.0103469 0.0193761 9.99123E-05 9.99123E-05 9.99123E-05 9.99123E-05 0.0154731 0.0668503 0.886954 9.99123E-05 9.99123E-05 9.99123E-05
9.98947E-05 9.98947E-05 9.98947E-05 9.98947E-05 9.98947E-05 9.98947E-05 9.98947E-05 9.98947E-05 0.104392 9.98947E-05 0.0237808 0.870628 9.98947E-05 9.98947E-05 9.98947E-05
9.99209E-05 0.126441 9.99209E-05 9.99209E-05 9.99209E-05 9.99209E-05 9.99209E-05 9.99209E-05 0.057936 0.0441354 0.115727 0.619236 9.99209E-05 0.0356245 9.99209E-05
0.115327 0.0117919 9.99562E-05 0.0637978 0.0277948 9.99562E-05 0.00145199 0.000711808 0.00351424 0.010354 9.99562E-05 0.740642 0.0241155 9.99562E-05 9.99562E-05
9.99473E-05 0.0146426 9.99473E-05 0.0150943 0.00632999 0.142238 9.99473E-05 9.99473E-05 0.0784858 0.108012 0.316087 0.253424 9.99473E-05 9.99473E-05 0.0650859
0.0518511 0.210104 9.9921E-05 9.9921E-05 9.9921E-05 9.9921E-05 0.00999011 0.0464284 9.9921E-05 9.9921E-05 9.9921E-05 0.599256 9.9921E-05 9.9921E-05 0.0814717
9.99035E-05 9.99035E-05 9.99035E-05 9.99035E-05 0.051503 0.0286576 9.99035E-05 9.99035E-05 9.99035E-05 9.99035E-05 0.0289471 0.889793 9.99035E-05 9.99035E-05 9.99035E-05
0.238944 9.99299E-05 9.99299E-05 0.068895 9.99299E-05 9.99299E-05 0.0205625 0.0355013 9.99299E-05 0.0137035 0.0702476 0.551347 9.99299E-05 9.99299E-05 9.99299E-05
0.0106796 9.99298E-05 9.99298E-05 9.99298E-05 9.99298E-05 9.99298E-05 0.0339912 9.99298E-05 0.0195 9.99298E-05 0.0960518 0.792805 9.99298E-05 0.0437473 0.002426
9.99211E-05 9.99211E-05 9.99211E-05 9.99211E-05 9.99211E-05 0.110164 0.0444922 0.0641003 0.0776657 0.00660567 9.99211E-05 0.696073 9.99211E-05 9.99211E-05 9.99211E-05
9.99122E-05 0.109281 9.99122E-05 9.99122E-05 0.0779605 9.99122E-05 9.99122E-05 9.99122E-05 9.99122E-05 9.99122E-05 9.99122E-05 0.752752 0.0079312 0.051077 9.99122E-05
9.99035E-05 9.99035E-05 9.99035E-05 9.99035E-05 9.99035E-05 9.99035E-05 9.99035E-05 9.99035E-05 9.99035E-05 0.00925162 0.0747894 0.798099 9.99035E-05 0.116761 9.99035E-05
0.00837697 9.99122E-05 9.99122E-05 9.99122E-05 0.00585118 9.99122E-05 9.99122E-05 9.99122E-05 9.99122E-05 0.0674875 9.99122E-05 0.85627 0.0610151 9.99122E-05 9.99122E-05
9.99385E-05 0.00358951 9.99385E-05 0.0576877 0.02838 0.0287899 9.99385E-05 9.99385E-05 0.642791 0.0421084 0.167955 9.99385E-05 0.0279994 9.99385E-05 9.99385E-05
9.98948E-05 0.0323739 9.98948E-05 9.98948E-05 9.98948E-05 9.98948E-05 9.98948E-05 9.98948E-05 0.872186 9.98948E-05 9.98948E-05 9.98948E-05 9.98948E-05 0.0942417 9.98948E-05
9.98859E-05 9.98859E-05 9.98859E-05 9.98859E-05 0.0473525 9.98859E-05 9.98859E-05 9.98859E-05 0.951349 9.98859E-05 9.98859E-05 9.98859E-05 9.98859E-05 9.98859E-05 9.98859E-05
9.9921E-05 9.9921E-05 9.9921E-05 0.0757822 0.0264736 0.259465 9.9921E-05 9.9921E-05 0.342587 9.9921E-05 0.0547017 9.9921E-05 0.24009 9.9921E-05 9.9921E-05
9.99384E-05 0.0529172 9.99384E-05 0.0752299 0.12652 9.99384E-05 0.0422293 0.148695 0.488084 0.0433467 9.99384E-05 9.99384E-05 9.99384E-05 0.0222784 9.99384E-05
9.99208E-05 0.0638931 9.99208E-05 0.0278595 9.99208E-05 9.99208E-05 9.99208E-05 9.99208E-05 0.618388 0.0681454 0.188394 9.99208E-05 9.99208E-05 9.99208E-05 0.0324206
9.99121E-05 9.99121E-05 9.99121E-05 9.99121E-05 9.99121E-05 9.99121E-05 9.99121E-05 9.99121E-05 0.491018 0.0129706 0.157763 9.99121E-05 0.326748 0.0105017 9.99121E-05
9.99122E-05 9.99122E-05 9.99122E-05 0.0912389 0.2042 9.99122E-05 9.99122E-05 9.99122E-05 0.512778 9.99122E-05 0.102013 9.99122E-05 0.0887709 9.99122E-05 9.99122E-05
9.98947E-05 0.0276001 9.98947E-05 9.98947E-05 9.98947E-05 9.98947E-05 9.98947E-05 9.98947E-05 0.915053 9.98947E-05 9.98947E-05 9.98947E-05 0.0561484 9.98947E-05 9.98947E-05
9.98858E-05 9.98858E-05 9.98858E-05 9.98858E-05 9.98858E-05 9.98858E-05 9.98858E-05 9.98858E-05 0.912824 0.0858776 9.98858E-05 9.98858E-05 9.98858E-05 9.98858E-05 9.98858E-05
9.9912E-05 9.9912E-05 9.9912E-05 0.0708592 0.0064851 9.9912E-05 9.9912E-05 9.9912E-05 0.421307 0.18034 0.320009 9.9912E-05 9.9912E-05 9.9912E-05 9.9912E-05
0.107735 0.213974 9.99297E-05 9.99297E-05 9.99297E-05 9.99297E-05 9.99297E-05 9.99297E-05 0.276753 0.0619366 0.0938401 9.99297E-05 0.107726 0.137237 9.99297E-05
0.0670967 9.99384E-05 9.99384E-05 0.122787 0.002603 0.0231945 0.190702 0.00220594 0.519378 0.0713326 9.99384E-05 9.99384E-05 9.99384E-05 9.99384E-05 9.99384E-05
9.99121E-05 0.185453 9.99121E-05 9.99121E-05 9.99121E-05 9.99121E-05 0.032791 9.99121E-05 0.50716 9.99121E-05 0.209221 9.99121E-05 0.0643762 9.99121E-05 9.99121E-05
9.98861E-05 9.98861E-05 9.98861E-05 9.98861E-05 9.98861E-05 9.98861E-05 9.98861E-05 9.98861E-05 0.939844 0.0588579 9.98861E-05 9.98861E-05 9.98861E-05 9.98861E-05 9.98861E-05
9.99034E-05 9.99034E-05 9.99034E-05 0.0408418 9.99034E-05 9.99034E-05 9.99034E-05 9.99034E-05 0.900534 0.023414 9.99034E-05 9.99034E-05 9.99034E-05 0.0341115 9.99034E-05
9.9912E-05 9.9912E-05 9.9912E-05 9.9912E-05 0.0870535 0.151403 9.9912E-05 9.9912E-05 0.700533 9.9912E-05 9.9912E-05 9.9912E-05 0.0203913 0.03962 9.9912E-05
9.99209E-05 0.0845488 9.99209E-05 0.0150358 0.00567567 9.99209E-05 9.99209E-05 9.99209E-05 0.588907 0.158042 9.99209E-05 9.99209E-05 9.99209E-05 0.146891 9.99209E-05
9.99121E-05 9.99121E-05 9.99121E-05 0.00104964 0.0883791 9.99121E-05 9.99121E-05 9.99121E-05 0.812249 0.0342543 0.0630686 9.99121E-05 9.99121E-05 9.99121E-05 9.99121E-05
0.0983173 9.9912E-05 9.9912E-05 9.9912E-05 9.9912E-05 9.9912E-05 9.9912E-05 0.00553324 0.586567 0.0327741 0.27581 9.9912E-05 9.9912E-05 9.9912E-05 9.9912E-05
9.98774E-05 9.98774E-05 9.98774E-05 9.98774E-05 9.98774E-05 9.98774E-05 9.98774E-05 9.98774E-05 0.998602 9.98774E-05 9.98774E-05 9.98774E-05 9.98774E-05 9.98774E-05 9.98774E-05
9.99208E-05 0.23472 9.99208E-05 9.99208E-05 9.99208E-05 0.129077 9.99208E-05 9.99208E-05 0.478907 9.99208E-05 0.0206586 9.99208E-05 0.0894412 0.0462974 9.99208E-05
9.99034E-05 0.0493488 9.99034E-05 9.99034E-05 9.99034E-05 0.206696 9.99034E-05 9.99034E-05 0.691047 9.99034E-05 0.0518086 9.99034E-05 9.99034E-05 9.99034E-05 9.99034E-05
9.99209E-05 9.99209E-05 9.99209E-05 0.0642271 0.0590039 9.99209E-05 0.0365444 9.99209E-05 0.620776 9.99209E-05 0.0489474 9.99209E-05 9.99209E-05 0.169602 9.99209E-05
9.99209E-05 9.99209E-05 9.99209E-05 9.99209E-05 9.99209E-05 0.0431908 9.99209E-05 0.0168445 0.72307 0.204693 0.00723261 9.99209E-05 9.99209E-05 0.00406956 9.99209E-05
9.98948E-05 9.98948E-05 9.98948E-05 0.0498705 9.98948E-05 9.98948E-05 9.98948E-05 9.98948E-05 0.896936 9.98948E-05 0.0519951 9.98948E-05 9.98948E-05 9.98948E-05 9.98948E-05
9.9886E-05 9.9886E-05 9.9886E-05 9.9886E-05 0.0423306 9.9886E-05 9.9886E-05 9.9886E-05 0.956371 9.9886E-05 9.9886E-05 9.9886E-05 9.9886E-05 9.9886E-05 9.9886E-05
9.98772E-05 9.98772E-05 9.98772E-05 9.98772E-05 9.98772E-05 9.98772E-05 9.98772E-05 9.98772E-05 0.998602 9.98772E-05 9.98772E-05 9.98772E-05 9.98772E-05 9.98772E-05 9.98772E-05
9.99034E-05 9.99034E-05 9.99034E-05 0.0165195 0.134844 9.99034E-05 9.99034E-05 9.99034E-05 0.81505 9.99034E-05 0.0324877 9.99034E-05 9.99034E-05 9.99034E-05 9.99034E-05
9.99036E-05 9.99036E-05 0.112481 0.0869175 9.99036E-05 9.99036E-05 9.99036E-05 9.99036E-05 0.654719 9.99036E-05 0.144784 9.99036E-05 9.99036E-05 9.99036E-05 9.99036E-05
9.98947E-05 9.98947E-05 9.98947E-05 0.166396 9.98947E-05 0.732156 9.98947E-05 9.98947E-05 9.98947E-05 9.98947E-05 0.10025 9.98947E-05 9.98947E-05 9.98947E-05 9.98947E-05
9.99036E-05 9.99036E-05 0.421969 0.0135043 9.99036E-05 0.512588 9.99036E-05 9.99036E-05 9.99036E-05 9.99036E-05 0.0508391 9.99036E-05 9.99036E-05 9.99036E-05 9.99036E-05
9.98946E-05 9.98946E-05 9.98946E-05 9.98946E-05 0.00958911 0.984962 9.98946E-05 9.98946E-05 9.98946E-05 0.00425042 9.98946E-05 9.98946E-05 9.98946E-05 9.98946E-05 9.98946E-05
9.99033E-05 9.99033E-05 9.99033E-05 0.00991811 0.0333131 0.834771 9.99033E-05 9.99033E-05 9.99033E-05 9.99033E-05 0.120899 9.99033E-05 9.99033E-05 9.99033E-05 9.99033E-05
9.98945E-05 9.98945E-05 9.98945E-05 0.125217 9.98945E-05 0.820793 9.98945E-05 9.98945E-05 9.98945E-05 9.98945E-05 9.98945E-05 9.98945E-05 9.98945E-05 9.98945E-05 0.0527921
9.99035E-05 9.99035E-05 9.99035E-05 0.108127 9.99035E-05 0.634915 9.99035E-05 9.99035E-05 9.99035E-05 9.99035E-05 0.118981 9.99035E-05 0.136878 9.99035E-05 9.99035E-05
9.9921E-05 0.0189859 9.9921E-05 0.0699848 0.0557686 0.729455 9.9921E-05 9.9921E-05 9.9921E-05 0.0604176 0.064489 9.9921E-05 9.9921E-05 9.9921E-05 9.9921E-05
9.98858E-05 9.98858E-05 9.98858E-05 0.189166 9.98858E-05 0.809535 9.98858E-05 9.98858E-05 9.98858E-05 9.98858E-05 9.98858E-05 9.98858E-05 9.98858E-05 9.98858E-05 9.98858E-05
9.99121E-05 0.0915652 9.99121E-05 0.29664 9.99121E-05 0.321332 9.99121E-05 9.99121E-05 9.99121E-05 0.00309832 9.99121E-05 9.99121E-05 0.286365 9.99121E-05 9.99121E-05
9.98946E-05 9.98946E-05 9.98946E-05 0.236963 9.98946E-05 0.533944 9.98946E-05 9.98946E-05 9.98946E-05 9.98946E-05 0.227894 9.98946E-05 9.98946E-05 9.98946E-05 9.98946E-05
9.99123E-05 9.99123E-05 0.177971 0.0187157 9.99123E-05 0.488251 9.99123E-05 9.99123E-05 9.99123E-05 9.99123E-05 0.00460297 9.99123E-05 0.309461 9.99123E-05 9.99123E-05
9.99123E-05 9.99123E-05 0.0370147 9.99123E-05 9.99123E-05 0.79709 9.99123E-05 9.99123E-05 9.99123E-05 9.99123E-05 0.0353847 0.00705958 0.122452 9.99123E-05 9.99123E-05
9.99035E-05 9.99035E-05 9.99035E-05 0.1286 0.0584028 0.809115 9.99035E-05 9.99035E-05 9.99035E-05 0.00278345 9.99035E-05 9.99035E-05 9.99035E-05 9.99035E-05 9.99035E-05
9.99035E-05 9.99035E-05 0.0205132 0.180739 9.99035E-05 0.602003 9.99035E-05 9.99035E-05 9.99035E-05 9.99035E-05 0.195645 9.99035E-05 9.99035E-05 9.99035E-05 9.99035E-05
9.99034E-05 9.99034E-05 9.99034E-05 0.0344225 0.161149 0.800305 9.99034E-05 9.99034E-05 9.99034E-05 0.00302521 9.99034E-05 9.99034E-05 9.99034E-05 9.99034E-05 9.99034E-05
9.99123E-05 9.99123E-05 9.99123E-05 0.00275239 9.99123E-05 0.676959 9.99123E-05 9.99123E-05 9.99123E-05 0.0237088 0.220552 9.99123E-05 0.075028 9.99123E-05 9.99123E-05
9.9921E-05 9.9921E-05 0.0260952 0.00967447 9.9921E-05 0.624919 9.9921E-05 0.0159986 9.9921E-05 9.9921E-05 0.0992046 9.9921E-05 0.223208 9.9921E-05 9.9921E-05
9.99123E-05 0.0631469 9.99123E-05 0.132546 9.99123E-05 0.723439 0.0697605 9.99123E-05 9.99123E-05 0.0101082 9.99123E-05 9.99123E-05 9.99123E-05 9.99123E-05 9.99123E-05
9.99035E-05 9.99035E-05 9.99035E-05 0.029756 9.99035E-05 0.882007 9.99035E-05 9.99035E-05 9.99035E-05 0.0122759 9.99035E-05 9.99035E-05 0.0748624 9.99035E-05 9.99035E-05
9.9921E-05 9.9921E-05 0.222223 0.122852 9.9921E-05 0.433504 9.9921E-05 0.0563747 0.1042 9.9921E-05 0.0599471 9.9921E-05 9.9921E-05 9.9921E-05 9.9921E-05
9.99122E-05 9.99122E-05 9.99122E-05 0.0184961 9.99122E-05 0.726219 0.0164254 9.99122E-05 9.99122E-05 9.99122E-05 0.0871815 9.99122E-05 0.150679 9.99122E-05 9.99122E-05
9.98947E-05 9.98947E-05 9.98947E-05 9.98947E-05 0.0583775 0.824921 9.98947E-05 9.98947E-05 9.98947E-05 9.98947E-05 0.115502 9.98947E-05 9.98947E-05 9.98947E-05 9.98947E-05
9.99122E-05 9.99122E-05 9.99122E-05 0.193514 9.99122E-05 0.471147 9.99122E-05 0.0734041 9.99122E-05 9.99122E-05 0.184433 9.99122E-05 0.0765028 9.99122E-05 9.99122E-05
9.98947E-05 9.98947E-05 0.0848895 0.133593 9.98947E-05 0.780319 9.98947E-05 9.98947E-05 9.98947E-05 9.98947E-05 9.98947E-05 9.98947E-05 9.98947E-05 9.98947E-05 9.98947E-05
9.99122E-05 9.99122E-05 9.99122E-05 0.201517 9.99122E-05 0.483994 9.99122E-05 0.0252448 9.99122E-05 9.99122E-05 0.265338 9.99122E-05 0.0229079 9.99122E-05 9.99122E-05
9.99123E-05 9.99123E-05 0.254874 0.1379 9.99123E-05 0.364928 9.99123E-05 9.99123E-05 9.99123E-05 9.99123E-05 0.163244 9.99123E-05 0.078054 9.99123E-05 9.99123E-05
9.99122E-05 9.99122E-05 0.576715 9.99122E-05 9.99122E-05 0.142826 0.0407989 9.99122E-05 9.99122E-05 9.99122E-05 0.123479 9.99122E-05 9.99122E-05 9.99122E-05 0.115182
9.99033E-05 9.99033E-05 9.99033E-05 0.0400984 9.99033E-05 0.79945 0.106225 9.99033E-05 9.99033E-05 9.99033E-05 0.0531274 9.99033E-05 9.99033E-05 9.99033E-05 9.99033E-05
9.99035E-05 9.99035E-05 9.99035E-05 0.213107 9.99035E-05 0.483613 9.99035E-05 9.99035E-05 9.99035E-05 9.99035E-05 0.207079 9.99035E-05 0.0951022 9.99035E-05 9.99035E-05
9.99123E-05 9.99123E-05 9.99123E-05 0.00117745 9.99123E-05 0.724035 9.99123E-05 0.0532009 9.99123E-05 0.0387883 0.181799 9.99123E-05 9.99123E-05 9.99123E-05 9.99123E-05
9.99035E-05 9.99035E-05 9.99035E-05 0.0296289 9.99035E-05 0.757934 9.99035E-05 9.99035E-05 9.99035E-05 0.0196314 0.191706 9.99035E-05 9.99035E-05 9.99035E-05 9.99035E-05
9.98947E-05 9.98947E-05 9.98947E-05 9.98947E-05 9.98947E-05 0.972382 9.98947E-05 9.98947E-05 9.98947E-05 0.0244058 0.00201336 9.98947E-05 9.98947E-05 9.98947E-05 9.98947E-05
9.99121E-05 9.99121E-05 9.99121E-05 0.234731 9.99121E-05 0.471525 0.0358756 0.16417 9.99121E-05 9.99121E-05 0.092699 9.99121E-05 9.99121E-05 9.99121E-05 9.99121E-05
9.98945E-05 0.102295 9.98945E-05 9.98945E-05 9.98945E-05 0.814924 9.98945E-05 9.98945E-05 9.98945E-05 9.98945E-05 0.0815818 9.98945E-05 9.98945E-05 9.98945E-05 9.98945E-05
9.98947E-05 9.98947E-05 9.98947E-05 0.00714894 9.98947E-05 0.95611 9.98947E-05 9.98947E-05 9.98947E-05 9.98947E-05 0.0355426 9.98947E-05 9.98947E-05 9.98947E-05 9.98947E-05
0.0396979 0.0191396 0.0627828 0.0623038 9.99297E-05 0.760662 9.99297E-05 9.99297E-05 9.99297E-05 0.0125541 9.99297E-05 9.99297E-05 0.0420603 9.99297E-05 9.99297E-05
9.99121E-05 9.99121E-05 9.99121E-05 0.048844 0.0334298 0.728519 9.99121E-05 9.99121E-05 9.99121E-05 0.00810148 0.180107 9.99121E-05 9.99121E-05 9.99121E-05 9.99121E-05
9.9921E-05 9.9921E-05 0.475749 0.0573131 0.0578389 0.382718 0.00163822 9.9921E-05 9.9921E-05 0.0238427 9.9921E-05 9.9921E-05 9.9921E-05 9.9921E-05 9.9921E-05
9.99124E-05 9.99124E-05 0.210964 0.0147754 9.99124E-05 0.588897 9.99124E-05 9.99124E-05 9.99124E-05 0.00505133 0.179314 9.99124E-05 9.99124E-05 9.99124E-05 9.99124E-05
9.98949E-05 9.98949E-05 0.193236 0.00453585 9.98949E-05 0.80103 9.98949E-05 9.98949E-05 9.98949E-05 9.98949E-05 9.98949E-05 9.98949E-05 9.98949E-05 9.98949E-05 9.98949E-05
9.99035E-05 9.99035E-05 0.354994 0.0151341 9.99035E-05 0.576268 9.99035E-05 9.99035E-05 9.99035E-05 9.99035E-05 9.99035E-05 9.99035E-05 0.0525049 9.99035E-05 9.99035E-05
9.99034E-05 9.99034E-05 9.99034E-05 0.0914148 9.99034E-05 0.530682 9.99034E-05 9.99034E-05 9.99034E-05 9.99034E-05 0.266877 9.99034E-05 0.109928 9.99034E-05 9.99034E-05
9.99034E-05 0.0960737 9.99034E-05 0.104155 0.00166144 0.797011 9.99034E-05 9.99034E-05 9.99034E-05 9.99034E-05 9.99034E-05 9.99034E-05 9.99034E-05 9.99034E-05 9.99034E-05
9.99122E-05 9.99122E-05 0.606039 0.132155 9.99122E-05 0.100199 9.99122E-05 0.0678206 9.99122E-05 9.99122E-05 0.0927868 9.99122E-05 9.99122E-05 9.99122E-05 9.99122E-05
9.98947E-05 9.98947E-05 0.435513 9.98947E-05 9.98947E-05 0.529559 9.98947E-05 9.98947E-05 9.98947E-05 9.98947E-05 0.0337289 9.98947E-05 9.98947E-05 9.98947E-05 9.98947E-05
9.99034E-05 9.99034E-05 9.99034E-05 0.171207 9.99034E-05 0.556108 9.99034E-05 0.110953 9.99034E-05 9.99034E-05 9.99034E-05 9.99034E-05 0.160633 9.99034E-05 9.99034E-05
9.9921E-05 9.9921E-05 0.0399324 0.099862 9.9921E-05 0.509608 9.9921E-05 9.9921E-05 0.230938 0.0184416 0.100318 9.9921E-05 9.9921E-05 9.9921E-05 9.9921E-05
9.99211E-05 0.0391384 9.99211E-05 0.133902 9.99211E-05 0.491977 9.99211E-05 9.99211E-05 9.99211E-05 9.99211E-05 0.0592626 9.99211E-05 0.196391 9.99211E-05 0.0784293
9.99123E-05 0.108338 9.99123E-05 0.227275 9.99123E-05 0.45197 9.99123E-05 0.0539276 9.99123E-05 9.99123E-05 0.15749 9.99123E-05 9.99123E-05 9.99123E-05 9.99123E-05
9.98947E-05 9.98947E-05 0.454493 9.98947E-05 9.98947E-05 0.533291 9.98947E-05 9.98947E-05 9.98947E-05 9.98947E-05 0.0110178 9.98947E-05 9.98947E-05 9.98947E-05 9.98947E-05
0.031984 0.0112322 9.99209E-05 9.99209E-05 9.99209E-05 0.676654 9.99209E-05 9.99209E-05 9.99209E-05 0.0156865 0.160984 9.99209E-05 9.99209E-05 0.10256 9.99209E-05
9.9921E-05 9.9921E-05 0.568253 0.120829 9.9921E-05 0.272453 9.9921E-05 9.9921E-05 0.00748005 0.0206133 9.9921E-05 9.9921E-05 0.00947263 9.9921E-05 9.9921E-05
9.9921E-05 9.9921E-05 0.146474 0.0868603 9.9921E-05 0.669329 0.00415447 9.9921E-05 9.9921E-05 0.0464554 0.0458268 9.9921E-05 9.9921E-05 9.9921E-05 9.9921E-05
0.0298021 9.99034E-05 9.99034E-05 0.0389685 9.99034E-05 0.910362 9.99034E-05 9.99034E-05 9.99034E-05 9.99034E-05 9.99034E-05 9.99034E-05 0.0197687 9.99034E-05 9.99034E-05
9.98945E-05 9.98945E-05 9.98945E-05 9.98945E-05 9.98945E-05 0.9405 9.98945E-05 9.98945E-05 9.98945E-05 0.0143898 9.98945E-05 9.98945E-05 9.98945E-05 0.0439115 9.98945E-05
9.99034E-05 9.99034E-05 9.99034E-05 0.16597 9.99034E-05 0.567157 9.99034E-05 9.99034E-05 9.99034E-05 9.99034E-05 0.112473 9.99034E-05 0.153301 9.99034E-05 9.99034E-05
9.98946E-05 9.98946E-05 9.98946E-05 0.10865 9.98946E-05 0.835906 9.98946E-05 9.98946E-05 9.98946E-05 9.98946E-05 0.054245 9.98946E-05 9.98946E-05 9.98946E-05 9.98946E-05
9.99034E-05 9.99034E-05 9.99034E-05 0.00402988 9.99034E-05 0.930732 9.99034E-05 0.0548323 9.99034E-05 0.00930721 9.99034E-05 9.99034E-05 9.99034E-05 9.99034E-05 9.99034E-05
9.99035E-05 9.99035E-05 0.0134076 9.99035E-05 9.99035E-05 0.781147 9.99035E-05 0.143279 9.99035E-05 9.99035E-05 0.0610684 9.99035E-05 9.99035E-05 9.99035E-05 9.99035E-05
9.99123E-05 9.99123E-05 0.0670576 0.121457 9.99123E-05 0.690414 9.99123E-05 9.99123E-05 9.99123E-05 9.99123E-05 0.0206418 9.99123E-05 0.09943 9.99123E-05 9.99123E-05
9.98769E-05 9.98769E-05 9.98769E-05 9.98769E-05 9.98769E-05 9.98769E-05 9.98769E-05 9.98769E-05 9.98769E-05 9.98769E-05 0.998602 9.98769E-05 9.98769E-05 9.98769E-05 9.98769E-05
9.98769E-05 9.98769E-05 9.98769E-05 0.998602 9.98769E-05 9.98769E-05 9.98769E-05 9.98769E-05 9.98769E-05 9.98769E-05 9.98769E-05 9.98769E-05 9.98769E-05 9.98769E-05 9.98769E-05
9.98768E-05 9.98768E-05 9.98768E-05 9.98768E-05 9.98768E-05 9.98768E-05 9.98768E-05 9.98768E-05 9.98768E-05 9.98768E-05 0.998602 9.98768E-05 9.98768E-05 9.98768E-05 9.98768E-05
9.98769E-05 9.98769E-05 9.98769E-05 0.998602 9.98769E-05 9.98769E-05 9.98769E-05 9.98769E-05 9.98769E-05 9.98769E-05 9.98769E-05 9.98769E-05 9.98769E-05 9.98769E-05 9.98769E-05
9.98769E-05 9.98769E-05 9.98769E-05 0.998602 9.98769E-05 9.98769E-05 9.98769E-05 9.98769E-05 9.98769E-05 9.98769E-05 9.98769E-05 9.98769E-05 9.98769E-05 9.98769E-05 9.98769E-05
9.98769E-05 9.98769E-05 9.98769E-05 0.998602 9.98769E-05 9.98769E-05 9.98769E-05 9.98769E-05 9.98769E-05 9.98769E-05 9.98769E-05 9.98769E-05 9.98769E-05 9.98769E-05 9.98769E-05
9.98769E-05 9.98769E-05 9.98769E-05 9.98769E-05 9.98769E-05 9.98769E-05 9.98769E-05 9.98769E-05 9.98769E-05 9.98769E-05 0.998602 9.98769E-05 9.98769E-05 9.98769E-05 9.98769E-05
9.98769E-05 9.98769E-05 9.98769E-05 0.998602 9.98769E-05 9.98769E-05 9.98769E-05 9.98769E-05 9.98769E-05 9.98769E-05 9.98769E-05 9.98769E-05 9.98769E-05 9.98769E-05 9.98769E-05
9.98768E-05 9.98768E-05 9.98768E-05 0.998602 9.98768E-05 9.98768E-05 9.98768E-05 9.98768E-05 9.98768E-05 9.98768E-05 9.98768E-05 9.98768E-05 9.98768E-05 9.98768E-05 9.98768E-05
9.98769E-05 9.98769E-05 9.98769E-05 9.98769E-05 9.98769E-05 9.98769E-05 9.98769E-05 9.98769E-05 9.98769E-05 9.98769E-05 0.998602 9.98769E-05 9.98769E-05 9.98769E-05 9.98769E-05
9.98769E-05 9.98769E-05 9.98769E-05 9.98769E-05 9.98769E-05 9.98769E-05 9.98769E-05 9.98769E-05 9.98769E-05 9.98769E-05 0.998602 9.98769E-05 9.98769E-05 9.98769E-05 9.98769E-05
9.98769E-05 9.98769E-05 9.98769E-05 9.98769E-05 9.98769E-05 9.98769E-05 9.98769E-05 9.98769E-05 9.98769E-05 9.98769E-05 0.998602 9.98769E-05 9.98769E-05 9.98769E-05 9.98769E-05
9.98769E-05 9.98769E-05 9.98769E-05 0.998602 9.98769E-05 9.98769E-05 9.98769E-05 9.98769E-05 9.98769E-05 9.98769E-05 9.98769E-05 9.98769E-05 9.98769E-05 9.98769E-05 9.98769E-05
9.98769E-05 9.98769E-05 9.98769E-05 0.998602 9.98769E-05 9.98769E-05 9.98769E-05 9.98769E-05 9.98769E-05 9.98769E-05 9.98769E-05 9.98769E-05 9.98769E-05 9.98769E-05 9.98769E-05
9.98769E-05 9.98769E-05 9.98769E-05 9.98769E-05 9.98769E-05 9.98769E-05 9.98769E-05 9.98769E-05 9.98769E-05 9.98769E-05 0.998602 9.98769E-05 9.98769E-05 9.98769E-05 9.98769E-05
9.98768E-05 9.98768E-05 9.98768E-05 9.98768E-05 9.98768E-05 9.98768E-05 9.98768E-05 9.98768E-05 9.98768E-05 9.98768E-05 0.998602 9.98768E-05 9.98768E-05 9.98768E-05 9.98768E-05
9.99121E-05 9.99121E-05 9.99121E-05 0.037353 9.99121E-05 0.626105 9.99121E-05 9.99121E-05 9.99121E-05 9.99121E-05 0.091184 9.99121E-05 9.99121E-05 0.214259 0.0300997
9.98769E-05 9.98769E-05 9.98769E-05 9.98769E-05 9.98769E-05 9.98769E-05 9.98769E-05 9.98769E-05 9.98769E-05 9.98769E-05 0.998602 9.98769E-05 9.98769E-05 9.98769E-05 9.98769E-05
9.98858E-05 9.98858E-05 9.98858E-05 0.965437 9.98858E-05 9.98858E-05 9.98858E-05 9.98858E-05 9.98858E-05 9.98858E-05 0.0332646 9.98858E-05 9.98858E-05 9.98858E-05 9.98858E-05
9.98768E-05 9.98768E-05 9.98768E-05 9.98768E-05 9.98768E-05 9.98768E-05 9.98768E-05 9.98768E-05 9.98768E-05 9.98768E-05 0.998602 9.98768E-05 9.98768E-05 9.98768E-05 9.98768E-05
9.98857E-05 9.98857E-05 9.98857E-05 0.00368937 9.98857E-05 9.98857E-05 9.98857E-05 9.98857E-05 9.98857E-05 9.98857E-05 0.995012 9.98857E-05 9.98857E-05 9.98857E-05 9.98857E-05
9.9877E-05 9.9877E-05 9.9877E-05 9.9877E-05 9.9877E-05 9.9877E-05 9.9877E-05 9.9877E-05 9.9877E-05 9.9877E-05 0.998602 9.9877E-05 9.9877E-05 9.9877E-05 9.9877E-05
9.98769E-05 9.98769E-05 9.98769E-05 0.998602 9.98769E-05 9.98769E-05 9.98769E-05 9.98769E-05 9.98769E-05 9.98769E-05 9.98769E-05 9.98769E-05 9.98769E-05 9.98769E-05 9.98769E-05
9.98769E-05 9.98769E-05 9.98769E-05 9.98769E-05 9.98769E-05 9.98769E-05 9.98769E-05 9.98769E-05 9.98769E-05 9.98769E-05 0.998602 9.98769E-05 9.98769E-05 9.98769E-05 9.98769E-05
9.98769E-05 9.98769E-05 9.98769E-05 0.998602 9.98769E-05 9.98769E-05 9.98769E-05 9.98769E-05 9.98769E-05 9.98769E-05 9.98769E-05 9.98769E-05 9.98769E-05 9.98769E-05 9.98769E-05
9.98769E-05 9.98769E-05 9.98769E-05 9.98769E-05 9.98769E-05 9.98769E-05 9.98769E-05 9.98769E-05 9.98769E-05 9.98769E-05 0.998602 9.98769E-05 9.98769E-05 9.98769E-05 9.98769E-05
9.98768E-05 9.98768E-05 9.98768E-05 9.98768E-05 9.98768E-05 9.98768E-05 9.98768E-05 9.98768E-05 9.98768E-05 9.98768E-05 0.998602 9.98768E-05 9.98768E-05 9.98768E-05 9.98768E-05
9.98769E-05 9.98769E-05 9.98769E-05 0.998602 9.98769E-05 9.98769E-05 9.98769E-05 9.98769E-05 9.98769E-05 9.98769E-05 9.98769E-05 9.98769E-05 9.98769E-05 9.98769E-05 9.98769E-05
9.98769E-05 9.98769E-05 9.98769E-05 0.998602 9.98769E-05 9.98769E-05 9.98769E-05 9.98769E-05 9.98769E-05 9.98769E-05 9.98769E-05 9.98769E-05 9.98769E-05 9.98769E-05 9.98769E-05
9.98769E-05 9.98769E-05 9.98769E-05 0.998602 9.98769E-05 9.98769E-05 9.98769E-05 9.98769E-05 9.98769E-05 9.98769E-05 9.98769E-05 9.98769E-05 9.98769E-05 9.98769E-05 9.98769E-05
9.98769E-05 9.98769E-05 9.98769E-05 9.98769E-05 9.98769E-05 9.98769E-05 9.98769E-05 9.98769E-05 9.98769E-05 9.98769E-05 0.998602 9.98769E-05 9.98769E-05 9.98769E-05 9.98769E-05
9.98769E-05 9.98769E-05 9.98769E-05 9.98769E-05 9.98769E-05 9.98769E-05 9.98769E-05 9.98769E-05 9.98769E-05 9.98769E-05 0.998602 9.98769E-05 9.98769E-05 9.98769E-05 9.98769E-05
9.98768E-05 9.98768E-05 9.98768E-05 9.98768E-05 9.98768E-05 9.98768E-05 9.98768E-05 9.98768E-05 9.98768E-05 9.98768E-05 0.998602 9.98768E-05 9.98768E-05 9.98768E-05 9.98768E-05
9.98768E-05 9.98768E-05 9.98768E-05 9.98768E-05 9.98768E-05 9.98768E-05 9.98768E-05 9.98768E-05 9.98768E-05 9.98768E-05 0.998602 9.98768E-05 9.98768E-05 9.98768E-05 9.98768E-05
9.98769E-05 9.98769E-05 9.98769E-05 9.98769E-05 9.98769E-05 9.98769E-05 9.98769E-05 9.98769E-05 9.98769E-05 9.98769E-05 0.998602 9.98769E-05 9.98769E-05 9.98769E-05 9.98769E-05
9.98769E-05 9.98769E-05 9.98769E-05 0.998602 9.98769E-05 9.98769E-05 9.98769E-05 9.98769E-05 9.98769E-05 9.98769E-05 9.98769E-05 9.98769E-05 9.98769E-05 9.98769E-05 9.98769E-05
9.98769E-05 9.98769E-05 9.98769E-05 0.998602 9.98769E-05 9.98769E-05 9.98769E-05 9.98769E-05 9.98769E-05 9.98769E-05 9.98769E-05 9.98769E-05 9.98769E-05 9.98769E-05 9.98769E-05
9.98769E-05 9.98769E-05 9.98769E-05 0.998602 9.98769E-05 9.98769E-05 9.98769E-05 9.98769E-05 9.98769E-05 9.98769E-05 9.98769E-05 9.98769E-05 9.98769E-05 9.98769E-05 9.98769E-05
9.98768E-05 9.98768E-05 9.98768E-05 9.98768E-05 9.98768E-05 9.98768E-05 9.98768E-05 9.98768E-05 9.98768E-05 9.98768E-05 0.998602 9.98768E-05 9.98768E-05 9.98768E-05 9.98768E-05
9.98769E-05 9.98769E-05 9.98769E-05 0.998602 9.98769E-05 9.98769E-05 9.98769E-05 9.98769E-05 9.98769E-05 9.98769E-05 9.98769E-05 9.98769E-05 9.98769E-05 9.98769E-05 9.98769E-05
9.98769E-05 9.98769E-05 9.98769E-05 0.998602 9.98769E-05 9.98769E-05 9.98769E-05 9.98769E-05 9.98769E-05 9.98769E-05 9.98769E-05 9.98769E-05 9.98769E-05 9.98769E-05 9.98769E-05
9.98769E-05 9.98769E-05 9.98769E-05 0.998602 9.98769E-05 9.98769E-05 9.98769E-05 9.98769E-05 9.98769E-05 9.98769E-05 9.98769E-05 9.98769E-05 9.98769E-05 9.98769E-05 9.98769E-05
9.98769E-05 9.98769E-05 9.98769E-05 0.998602 9.98769E-05 9.98769E-05 9.98769E-05 9.98769E-05 9.98769E-05 9.98769E-05 9.98769E-05 9.98769E-05 9.98769E-05 9.98769E-05 9.98769E-05
9.98768E-05 9.98768E-05 9.98768E-05 9.98768E-05 9.98768E-05 9.98768E-05 9.98768E-05 9.98768E-05 9.98768E-05 9.98768E-05 0.998602 9.98768E-05 9.98768E-05 9.98768E-05 9.98768E-05
9.98769E-05 9.98769E-05 9.98769E-05 0.998602 9.98769E-05 9.98769E-05 9.98769E-05 9.98769E-05 9.98769E-05 9.98769E-05 9.98769E-05 9.98769E-05 9.98769E-05 9.98769E-05 9.98769E-05
9.98769E-05 9.98769E-05 9.98769E-05 0.998602 9.98769E-05 9.98769E-05 9.98769E-05 9.98769E-05 9.98769E-05 9.98769E-05 9.98769E-05 9.98769E-05 9.98769E-05 9.98769E-05 9.98769E-05
9.99121E-05 9.99121E-05 9.99121E-05 0.000380038 9.99121E-05 0.622455 9.99121E-05 9.99121E-05 9.99121E-05 9.99121E-05 0.102372 9.99121E-05 9.99121E-05 0.15501 0.118784
9.98769E-05 9.98769E-05 9.98769E-05 9.98769E-05 9.98769E-05 9.98769E-05 9.98769E-05 9.98769E-05 9.98769E-05 9.98769E-05 0.998602 9.98769E-05 9.98769E-05 9.98769E-05 9.98769E-05
9.98769E-05 9.98769E-05 9.98769E-05 0.998602 9.98769E-05 9.98769E-05 9.98769E-05 9.98769E-05 9.98769E-05 9.98769E-05 9.98769E-05 9.98769E-05 9.98769E-05 9.98769E-05 9.98769E-05
9.98768E-05 9.98768E-05 9.98768E-05 0.998602 9.98768E-05 9.98768E-05 9.98768E-05 9.98768E-05 9.98768E-05 9.98768E-05 9.98768E-05 9.98768E-05 9.98768E-05 9.98768E-05 9.98768E-05
9.98768E-05 9.98768E-05 9.98768E-05 0.998602 9.98768E-05 9.98768E-05 9.98768E-05 9.98768E-05 9.98768E-05 9.98768E-05 9.98768E-05 9.98768E-05 9.98768E-05 9.98768E-05 9.98768E-05
9.98769E-05 9.98769E-05 9.98769E-05 0.998602 9.98769E-05 9.98769E-05 9.98769E-05 9.98769E-05 9.98769E-05 9.98769E-05 9.98769E-05 9.98769E-05 9.98769E-05 9.98769E-05 9.98769E-05
9.98769E-05 9.98769E-05 9.98769E-05 9.98769E-05 9.98769E-05 9.98769E-05 9.98769E-05 9.98769E-05 9.98769E-05 9.98769E-05 0.998602 9.98769E-05 9.98769E-05 9.98769E-05 9.98769E-05
9.98769E-05 9.98769E-05 9.98769E-05 0.998602 9.98769E-05 9.98769E-05 9.98769E-05 9.98769E-05 9.98769E-05 9.98769E-05 9.98769E-05 9.98769E-05 9.98769E-05 9.98769E-05 9.98769E-05
9.98768E-05 9.98768E-05 9.98768E-05 9.98768E-05 9.98768E-05 9.98768E-05 9.98768E-05 9.98768E-05 9.98768E-05 9.98768E-05 0.998602 9.98768E-05 9.98768E-05 9.98768E-05 9.98768E-05
9.98769E-05 9.98769E-05 9.98769E-05 0.998602 9.98769E-05 9.98769E-05 9.98769E-05 9.98769E-05 9.98769E-05 9.98769E-05 9.98769E-05 9.98769E-05 9.98769E-05 9.98769E-05 9.98769E-05
9.98769E-05 9.98769E-05 9.98769E-05 9.98769E-05 9.98769E-05 9.98769E-05 9.98769E-05 9.98769E-05 9.98769E-05 9.98769E-05 0.998602 9.98769E-05 9.98769E-05 9.98769E-05 9.98769E-05
9.98946E-05 9.98946E-05 9.98946E-05 0.946827 9.98946E-05 9.98946E-05 0.0130087 9.98946E-05 9.98946E-05 9.98946E-05 0.0389655 9.98946E-05 9.98946E-05 9.98946E-05 9.98946E-05
9.9877E-05 9.9877E-05 9.9877E-05 0.998602 9.9877E-05 9.9877E-05 9.9877E-05 9.9877E-05 9.9877E-05 9.9877E-05 9.9877E-05 9.9877E-05 9.9877E-05 9.9877E-05 9.9877E-05
9.98768E-05 9.98768E-05 9.98768E-05 0.998602 9.98768E-05 9.98768E-05 9.98768E-05 9.98768E-05 9.98768E-05 9.98768E-05 9.98768E-05 9.98768E-05 9.98768E-05 9.98768E-05 9.98768E-05
9.98769E-05 9.98769E-05 9.98769E-05 0.998602 9.98769E-05 9.98769E-05 9.98769E-05 9.98769E-05 9.98769E-05 9.98769E-05 9.98769E-05 9.98769E-05 9.98769E-05 9.98769E-05 9.98769E-05
9.98769E-05 9.98769E-05 9.98769E-05 0.998602 9.98769E-05 9.98769E-05 9.98769E-05 9.98769E-05 9.98769E-05 9.98769E-05 9.98769E-05 9.98769E-05 9.98769E-05 9.98769E-05 9.98769E-05
9.98769E-05 9.98769E-05 9.98769E-05 0.998602 9.98769E-05 9.98769E-05 9.98769E-05 9.98769E-05 9.98769E-05 9.98769E-05 9.98769E-05 9.98769E-05 9.98769E-05 9.98769E-05 9.98769E-05
9.98768E-05 9.98768E-05 9.98768E-05 9.98768E-05 9.98768E-05 9.98768E-05 9.98768E-05 9.98768E-05 9.98768E-05 9.98768E-05 0.998602 9.98768E-05 9.98768E-05 9.98768E-05 9.98768E-05
9.98768E-05 9.98768E-05 9.98768E-05 9.98768E-05 9.98768E-05 9.98768E-05 9.98768E-05 9.98768E-05 9.98768E-05 9.98768E-05 0.998602 9.98768E-05 9.98768E-05 9.98768E-05 9.98768E-05
9.98769E-05 9.98769E-05 9.98769E-05 9.98769E-05 9.98769E-05 9.98769E-05 9.98769E-05 9.98769E-05 9.98769E-05 9.98769E-05 0.998602 9.98769E-05 9.98769E-05 9.98769E-05 9.98769E-05
9.98769E-05 9.98769E-05 9.98769E-05 0.998602 9.98769E-05 9.98769E-05 9.98769E-05 9.98769E-05 9.98769E-05 9.98769E-05 9.98769E-05 9.98769E-05 9.98769E-05 9.98769E-05 9.98769E-05
9.98768E-05 9.98768E-05 9.98768E-05 9.98768E-05 9.98768E-05 9.98768E-05 9.98768E-05 9.98768E-05 9.98768E-05 9.98768E-05 0.998602 9.98768E-05 9.98768E-05 9.98768E-05 9.98768E-05
9.98769E-05 9.98769E-05 9.98769E-05 9.98769E-05 9.98769E-05 9.98769E-05 9.98769E-05 9.98769E-05 9.98769E-05 9.98769E-05 0.998602 9.98769E-05 9.98769E-05 9.98769E-05 9.98769E-05
9.98769E-05 9.98769E-05 9.98769E-05 9.98769E-05 9.98769E-05 9.98769E-05 9.98769E-05 9.98769E-05 9.98769E-05 9.98769E-05 0.998602 9.98769E-05 9.98769E-05 9.98769E-05 9.98769E-05
9.98768E-05 9.98768E-05 9.98768E-05 0.998602 9.98768E-05 9.98768E-05 9.98768E-05 9.98768E-05 9.98768E-05 9.98768E-05 9.98768E-05 9.98768E-05 9.98768E-05 9.98768E-05 9.98768E-05
9.98769E-05 9.98769E-05 9.98769E-05 0.998602 9.98769E-05 9.98769E-05 9.98769E-05 9.98769E-05 9.98769E-05 9.98769E-05 9.98769E-05 9.98769E-05 9.98769E-05 9.98769E-05 9.98769E-05
9.98768E-05 9.98768E-05 9.98768E-05 0.998602 9.98768E-05 9.98768E-05 9.98768E-05 9.98768E-05 9.98768E-05 9.98768E-05 9.98768E-05 9.98768E-05 9.98768E-05 9.98768E-05 9.98768E-05
9.98769E-05 9.98769E-05 9.98769E-05 9.98769E-05 9.98769E-05 9.98769E-05 9.98769E-05 9.98769E-05 9.98769E-05 9.98769E-05 0.998602 9.98769E-05 9.98769E-05 9.98769E-05 9.98769E-05
9.98768E-05 9.98768E-05 9.98768E-05 0.998602 9.98768E-05 9.98768E-05 9.98768E-05 9.98768E-05 9.98768E-05 9.98768E-05 9.98768E-05 9.98768E-05 9.98768E-05 9.98768E-05 9.98768E-05
9.98769E-05 9.98769E-05 9.98769E-05 0.998602 9.98769E-05 9.98769E-05 9.98769E-05 9.98769E-05 9.98769E-05 9.98769E-05 9.98769E-05 9.98769E-05 9.98769E-05 9.98769E-05 9.98769E-05
9.98768E-05 9.98768E-05 9.98768E-05 9.98768E-05 9.98768E-05 9.98768E-05 9.98768E-05 9.98768E-05 9.98768E-05 9.98768E-05 0.998602 9.98768E-05 9.98768E-05 9.98768E-05 9.98768E-05
9.98768E-05 9.98768E-05 9.98768E-05 0.998602 9.98768E-05 9.98768E-05 9.98768E-05 9.98768E-05 9.98768E-05 9.98768E-05 9.98768E-05 9.98768E-05 9.98768E-05 9.98768E-05 9.98768E-05
9.98769E-05 9.98769E-05 9.98769E-05 0.998602 9.98769E-05 9.98769E-05 9.98769E-05 9.98769E-05 9.98769E-05 9.98769E-05 9.98769E-05 9.98769E-05 9.98769E-05 9.98769E-05 9.98769E-05
9.99209E-05 9.99209E-05 9.99209E-05 0.0636525 0.0631787 0.448417 9.99209E-05 9.99209E-05 9.99209E-05 0.146053 0.266239 9.99209E-05 0.0115608 9.99209E-05 9.99209E-05
9.98769E-05 9.98769E-05 9.98769E-05 9.98769E-05 9.98769E-05 9.98769E-05 9.98769E-05 9.98769E-05 9.98769E-05 9.98769E-05 0.998602 9.98769E-05 9.98769E-05 9.98769E-05 9.98769E-05
9.9877E-05 9.9877E-05 9.9877E-05 0.998602 9.9877E-05 9.9877E-05 9.9877E-05 9.9877E-05 9.9877E-05 9.9877E-05 9.9877E-05 9.9877E-05 9.9877E-05 9.9877E-05 9.9877E-05
9.99035E-05 9.99035E-05 9.99035E-05 0.412442 9.99035E-05 0.499669 9.99035E-05 9.99035E-05 9.99035E-05 0.0152628 9.99035E-05 9.99035E-05 9.99035E-05 9.99035E-05 0.0715272
9.99034E-05 9.99034E-05 9.99034E-05 0.20531 9.99034E-05 0.59017 9.99034E-05 9.99034E-05 9.99034E-05 9.99034E-05 0.16407 9.99034E-05 9.99034E-05 9.99034E-05 0.0393516
9.99034E-05 9.99034E-05 9.99034E-05 0.118594 9.99034E-05 0.640819 9.99034E-05 9.99034E-05 9.99034E-05 9.99034E-05 0.226516 9.99034E-05 9.99034E-05 9.99034E-05 0.0129725
9.99033E-05 9.99033E-05 9.99033E-05 9.99033E-05 0.022986 0.888255 9.99033E-05 9.99033E-05 9.99033E-05 9.99033E-05 0.0390168 9.99033E-05 9.99033E-05 0.0486433 9.99033E-05
