0.252179 9.98422E-05 9.98422E-05 9.98422E-05 9.98422E-05 9.98422E-05 0.0268676 0.0727499 9.98422E-05 9.98422E-05 9.98422E-05 9.98422E-05 9.98422E-05 0.277014 9.98422E-05 9.98422E-05 0.0345663 9.98422E-05 0.0412075 9.98422E-05 9.98422E-05 9.98422E-05 0.0661792 9.98422E-05 0.0608809 0.0378171 9.98422E-05 0.128741
9.97896E-05 9.97896E-05 9.97896E-05 9.97896E-05 0.0728705 9.97896E-05 9.97896E-05 9.97896E-05 9.97896E-05 0.895547 9.97896E-05 9.97896E-05 9.97896E-05 0.0150274 9.97896E-05 9.97896E-05 9.97896E-05 9.97896E-05 9.97896E-05 9.97896E-05 9.97896E-05 9.97896E-05 0.0141606 9.97896E-05 9.97896E-05 9.97896E-05 9.97896E-05 9.97896E-05
9.97808E-05 9.97808E-05 9.97808E-05 9.97808E-05 9.97808E-05 9.97808E-05 9.97808E-05 9.97808E-05 9.97808E-05 0.767863 9.97808E-05 9.97808E-05 9.97808E-05 9.97808E-05 9.97808E-05 9.97808E-05 9.97808E-05 9.97808E-05 0.175884 9.97808E-05 9.97808E-05 9.97808E-05 9.97808E-05 9.97808E-05 9.97808E-05 9.97808E-05 9.97808E-05 0.0537586
9.98069E-05 9.98069E-05 9.98069E-05 9.98069E-05 9.98069E-05 9.98069E-05 9.98069E-05 9.98069E-05 9.98069E-05 9.98069E-05 9.98069E-05 9.98069E-05 0.0222982 9.98069E-05 9.98069E-05 9.98069E-05 0.0991148 9.98069E-05 9.98069E-05 9.98069E-05 9.98069E-05 0.00891009 9.98069E-05 9.98069E-05 0.649634 9.98069E-05 0.164947 0.0529007
9.97721E-05 9.97721E-05 9.97721E-05 9.97721E-05 9.97721E-05 9.97721E-05 9.97721E-05 9.97721E-05 9.97721E-05 9.97721E-05 9.97721E-05 9.97721E-05 9.97721E-05 0.977885 9.97721E-05 9.97721E-05 9.97721E-05 9.97721E-05 9.97721E-05 9.97721E-05 9.97721E-05 0.0195208 9.97721E-05 9.97721E-05 9.97721E-05 9.97721E-05 9.97721E-05 9.97721E-05
9.97983E-05 9.97983E-05 9.97983E-05 9.97983E-05 9.97983E-05 9.97983E-05 9.97983E-05 9.97983E-05 0.051199 9.97983E-05 9.97983E-05 9.97983E-05 0.163149 9.97983E-05 9.97983E-05 9.97983E-05 9.97983E-05 9.97983E-05 9.97983E-05 9.97983E-05 0.0388355 0.0404583 9.97983E-05 9.97983E-05 0.704063 9.97983E-05 9.97983E-05 9.97983E-05
0.128721 9.9851E-05 0.0410854 9.9851E-05 0.0216863 9.9851E-05 0.0225309 0.122501 9.9851E-05 9.9851E-05 9.9851E-05 9.9851E-05 9.9851E-05 0.198418 9.9851E-05 9.9851E-05 9.9851E-05 9.9851E-05 9.9851E-05 9.9851E-05 0.05433 9.9851E-05 0.0776648 9.9851E-05 0.152822 9.9851E-05 0.0679356 0.110607
0.0243004 9.98247E-05 9.98247E-05 9.98247E-05 9.98247E-05 9.98247E-05 9.98247E-05 9.98247E-05 0.101916 9.98247E-05 0.0457207 9.98247E-05 0.13186 9.98247E-05 9.98247E-05 9.98247E-05 9.98247E-05 9.98247E-05 9.98247E-05 0.0773163 0.0325542 9.98247E-05 9.98247E-05 9.98247E-05 0.389887 9.98247E-05 9.98247E-05 0.19445
9.98332E-05 0.0171892 9.98332E-05 0.0714671 9.98332E-05 9.98332E-05 0.0760732 9.98332E-05 9.98332E-05 9.98332E-05 9.98332E-05 9.98332E-05 0.146729 9.98332E-05 9.98332E-05 9.98332E-05 9.98332E-05 9.98332E-05 9.98332E-05 9.98332E-05 9.98332E-05 0.0538059 0.0392768 9.98332E-05 0.408694 0.176716 9.98332E-05 0.0081516
9.9772E-05 9.9772E-05 9.9772E-05 9.9772E-05 9.9772E-05 9.9772E-05 9.9772E-05 9.9772E-05 9.9772E-05 9.9772E-05 9.9772E-05 9.9772E-05 9.9772E-05 0.974589 9.9772E-05 9.9772E-05 9.9772E-05 9.9772E-05 9.9772E-05 9.9772E-05 9.9772E-05 9.9772E-05 9.9772E-05 9.9772E-05 9.9772E-05 0.0228173 9.9772E-05 9.9772E-05
9.97806E-05 9.97806E-05 9.97806E-05 9.97806E-05 9.97806E-05 9.97806E-05 9.97806E-05 0.0056222 9.97806E-05 9.97806E-05 9.97806E-05 9.97806E-05 9.97806E-05 9.97806E-05 9.97806E-05 9.97806E-05 9.97806E-05 9.97806E-05 9.97806E-05 9.97806E-05 9.97806E-05 9.97806E-05 9.97806E-05 9.97806E-05 0.936574 0.055309 9.97806E-05 9.97806E-05
9.97633E-05 9.97633E-05 9.97633E-05 9.97633E-05 9.97633E-05 9.97633E-05 9.97633E-05 9.97633E-05 9.97633E-05 0.997306 9.97633E-05 9.97633E-05 9.97633E-05 9.97633E-05 9.97633E-05 9.97633E-05 9.97633E-05 9.97633E-05 9.97633E-05 9.97633E-05 9.97633E-05 9.97633E-05 9.97633E-05 9.97633E-05 9.97633E-05 9.97633E-05 9.97633E-05 9.97633E-05
9.98072E-05 9.98072E-05 9.98072E-05 9.98072E-05 9.98072E-05 9.98072E-05 9.98072E-05 9.98072E-05 9.98072E-05 9.98072E-05 9.98072E-05 9.98072E-05 9.98072E-05 0.0151747 9.98072E-05 9.98072E-05 0.0211137 9.98072E-05 0.883415 9.98072E-05 9.98072E-05 9.98072E-05 9.98072E-05 9.98072E-05 9.98072E-05 0.0052689 0.0240266 0.0488058
9.98071E-05 9.98071E-05 9.98071E-05 9.98071E-05 9.98071E-05 9.98071E-05 9.98071E-05 9.98071E-05 9.98071E-05 0.102497 9.98071E-05 0.075578 9.98071E-05 9.98071E-05 0.133423 9.98071E-05 9.98071E-05 9.98071E-05 0.635799 9.98071E-05 9.98071E-05 9.98071E-05 9.98071E-05 0.0102316 9.98071E-05 0.0402759 9.98071E-05 9.98071E-05
0.095009 0.028252 9.98247E-05 9.98247E-05 9.98247E-05 9.98247E-05 9.98247E-05 9.98247E-05 9.98247E-05 9.98247E-05 9.98247E-05 9.98247E-05 0.15257 0.0785679 9.98247E-05 9.98247E-05 9.98247E-05 0.0552111 9.98247E-05 9.98247E-05 9.98247E-05 9.98247E-05 9.98247E-05 0.0276719 0.456787 0.103935 9.98247E-05 9.98247E-05
0.0241758 9.98333E-05 9.98333E-05 0.0232428 9.98333E-05 9.98333E-05 9.98333E-05 9.98333E-05 9.98333E-05 9.98333E-05 9.98333E-05 9.98333E-05 0.186522 0.0385755 9.98333E-05 9.98333E-05 9.98333E-05 9.98333E-05 9.98333E-05 0.0781338 9.98333E-05 0.0562505 9.98333E-05 9.98333E-05 0.371553 0.138118 9.98333E-05 0.0815329
9.98159E-05 9.98159E-05 9.98159E-05 9.98159E-05 9.98159E-05 9.98159E-05 9.98159E-05 0.0428956 9.98159E-05 9.98159E-05 0.0357109 9.98159E-05 9.98159E-05 0.628472 9.98159E-05 9.98159E-05 9.98159E-05 0.192322 9.98159E-05 0.0072699 9.98159E-05 9.98159E-05 0.051904 9.98159E-05 9.98159E-05 0.0393296 9.98159E-05 9.98159E-05
0.105344 9.9816E-05 9.9816E-05 9.9816E-05 9.9816E-05 0.0557049 0.0226134 9.9816E-05 9.9816E-05 9.9816E-05 9.9816E-05 9.9816E-05 9.9816E-05 9.9816E-05 9.9816E-05 0.149021 9.9816E-05 9.9816E-05 9.9816E-05 9.9816E-05 9.9816E-05 9.9816E-05 9.9816E-05 9.9816E-05 0.436273 0.102078 9.9816E-05 0.12687
9.9798E-05 9.9798E-05 9.9798E-05 9.9798E-05 9.9798E-05 9.9798E-05 9.9798E-05 9.9798E-05 9.9798E-05 9.9798E-05 9.9798E-05 9.9798E-05 0.138054 9.9798E-05 9.9798E-05 9.9798E-05 9.9798E-05 9.9798E-05 9.9798E-05 9.9798E-05 0.114477 9.9798E-05 9.9798E-05 9.9798E-05 0.544911 0.130319 9.9798E-05 0.069943
9.97719E-05 9.97719E-05 9.97719E-05 9.97719E-05 9.97719E-05 9.97719E-05 9.97719E-05 9.97719E-05 9.97719E-05 9.97719E-05 9.97719E-05 9.97719E-05 9.97719E-05 0.0183601 9.97719E-05 9.97719E-05 9.97719E-05 9.97719E-05 0.979046 9.97719E-05 9.97719E-05 9.97719E-05 9.97719E-05 9.97719E-05 9.97719E-05 9.97719E-05 9.97719E-05 9.97719E-05
9.98071E-05 9.98071E-05 9.98071E-05 0.30869 9.98071E-05 0.000375124 9.98071E-05 9.98071E-05 9.98071E-05 9.98071E-05 9.98071E-05 0.0450493 0.0302566 9.98071E-05 9.98071E-05 9.98071E-05 9.98071E-05 9.98071E-05 0.409248 9.98071E-05 9.98071E-05 9.98071E-05 9.98071E-05 9.98071E-05 0.204184 9.98071E-05 9.98071E-05 9.98071E-05
9.98158E-05 9.98158E-05 9.98158E-05 9.98158E-05 0.00490464 9.98158E-05 9.98158E-05 9.98158E-05 0.0914631 9.98158E-05 9.98158E-05 9.98158E-05 0.131219 0.167332 9.98158E-05 9.98158E-05 9.98158E-05 9.98158E-05 9.98158E-05 9.98158E-05 0.104963 9.98158E-05 9.98158E-05 9.98158E-05 0.286325 9.98158E-05 9.98158E-05 0.211697
0.149569 9.97895E-05 9.97895E-05 9.97895E-05 9.97895E-05 9.97895E-05 9.97895E-05 0.0163135 9.97895E-05 9.97895E-05 9.97895E-05 9.97895E-05 9.97895E-05 9.97895E-05 9.97895E-05 9.97895E-05 9.97895E-05 9.97895E-05 0.745557 9.97895E-05 9.97895E-05 0.0861657 9.97895E-05 9.97895E-05 9.97895E-05 9.97895E-05 9.97895E-05 9.97895E-05
0.0278131 9.98159E-05 9.98159E-05 9.98159E-05 9.98159E-05 9.98159E-05 9.98159E-05 9.98159E-05 9.98159E-05 0.006691 9.98159E-05 9.98159E-05 9.98159E-05 0.378315 9.98159E-05 9.98159E-05 9.98159E-05 9.98159E-05 0.0113761 0.157678 9.98159E-05 9.98159E-05 9.98159E-05 9.98159E-05 9.98159E-05 0.244282 9.98159E-05 0.171748
9.98244E-05 9.98244E-05 9.98244E-05 9.98244E-05 9.98244E-05 9.98244E-05 9.98244E-05 9.98244E-05 9.98244E-05 9.98244E-05 9.98244E-05 0.172928 0.00463027 0.0752513 9.98244E-05 9.98244E-05 0.101667 9.98244E-05 9.98244E-05 9.98244E-05 9.98244E-05 9.98244E-05 9.98244E-05 0.0560201 0.362639 0.220662 9.98244E-05 0.00420582
9.97896E-05 9.97896E-05 9.97896E-05 9.97896E-05 9.97896E-05 9.97896E-05 9.97896E-05 0.0033257 9.97896E-05 9.97896E-05 9.97896E-05 0.00128814 9.97896E-05 0.818209 9.97896E-05 9.97896E-05 9.97896E-05 9.97896E-05 9.97896E-05 9.97896E-05 9.97896E-05 9.97896E-05 9.97896E-05 9.97896E-05 9.97896E-05 0.174782 9.97896E-05 9.97896E-05
9.98333E-05 9.98333E-05 9.98333E-05 9.98333E-05 0.180507 9.98333E-05 0.00342265 9.98333E-05 9.98333E-05 9.98333E-05 9.98333E-05 0.32155 9.98333E-05 0.0613814 9.98333E-05 0.151421 0.0110789 9.98333E-05 9.98333E-05 0.0421427 9.98333E-05 9.98333E-05 9.98333E-05 9.98333E-05 9.98333E-05 0.0259398 9.98333E-05 0.200659
9.97896E-05 9.97896E-05 9.97896E-05 9.97896E-05 9.97896E-05 9.97896E-05 9.97896E-05 9.97896E-05 9.97896E-05 9.97896E-05 9.97896E-05 0.0207545 9.97896E-05 9.97896E-05 9.97896E-05 9.97896E-05 9.97896E-05 9.97896E-05 0.947982 9.97896E-05 0.0285944 9.97896E-05 9.97896E-05 9.97896E-05 9.97896E-05 0.000273862 9.97896E-05 9.97896E-05
9.98247E-05 9.98247E-05 9.98247E-05 9.98247E-05 0.0718029 9.98247E-05 0.00329519 9.98247E-05 9.98247E-05 0.438377 9.98247E-05 0.134727 9.98247E-05 0.186141 9.98247E-05 9.98247E-05 9.98247E-05 9.98247E-05 0.00715371 9.98247E-05 9.98247E-05 9.98247E-05 9.98247E-05 9.98247E-05 9.98247E-05 0.143263 9.98247E-05 0.0132423
9.9781E-05 9.9781E-05 9.9781E-05 9.9781E-05 9.9781E-05 9.9781E-05 9.9781E-05 9.9781E-05 9.9781E-05 0.949819 9.9781E-05 9.9781E-05 0.0143103 9.9781E-05 9.9781E-05 9.9781E-05 9.9781E-05 9.9781E-05 9.9781E-05 9.9781E-05 9.9781E-05 9.9781E-05 9.9781E-05 9.9781E-05 9.9781E-05 0.0333766 9.9781E-05 9.9781E-05
0.081046 9.98157E-05 9.98157E-05 9.98157E-05 0.0074101 9.98157E-05 9.98157E-05 0.0658252 9.98157E-05 9.98157E-05 9.98157E-05 9.98157E-05 0.0180871 9.98157E-05 9.98157E-05 9.98157E-05 0.0124231 9.98157E-05 0.772909 9.98157E-05 9.98157E-05 9.98157E-05 9.98157E-05 0.0402033 9.98157E-05 9.98157E-05 9.98157E-05 9.98157E-05
9.9772E-05 9.9772E-05 9.9772E-05 9.9772E-05 9.9772E-05 9.9772E-05 9.9772E-05 9.9772E-05 9.9772E-05 9.9772E-05 9.9772E-05 9.9772E-05 9.9772E-05 9.9772E-05 9.9772E-05 9.9772E-05 9.9772E-05 9.9772E-05 9.9772E-05 9.9772E-05 9.9772E-05 9.9772E-05 9.9772E-05 9.9772E-05 0.9403 0.0571057 9.9772E-05 9.9772E-05
9.98158E-05 9.98158E-05 9.98158E-05 9.98158E-05 9.98158E-05 9.98158E-05 9.98158E-05 0.0464932 0.0105775 9.98158E-05 9.98158E-05 9.98158E-05 0.0259611 9.98158E-05 9.98158E-05 9.98158E-05 9.98158E-05 9.98158E-05 9.98158E-05 0.0245024 9.98158E-05 9.98158E-05 9.98158E-05 9.98158E-05 0.749531 0.0224602 9.98158E-05 0.118379
9.9807E-05 9.9807E-05 9.9807E-05 9.9807E-05 9.9807E-05 9.9807E-05 9.9807E-05 9.9807E-05 9.9807E-05 0.675414 9.9807E-05 9.9807E-05 9.9807E-05 9.9807E-05 9.9807E-05 0.0147541 9.9807E-05 9.9807E-05 9.9807E-05 9.9807E-05 9.9807E-05 0.106163 9.9807E-05 9.9807E-05 9.9807E-05 0.0782511 0.00289146 0.120331
9.97896E-05 9.97896E-05 9.97896E-05 9.97896E-05 0.0150892 9.97896E-05 9.97896E-05 9.97896E-05 9.97896E-05 0.962477 9.97896E-05 9.97896E-05 9.97896E-05 9.97896E-05 9.97896E-05 9.97896E-05 0.00908416 9.97896E-05 9.97896E-05 9.97896E-05 9.97896E-05 9.97896E-05 0.0109547 9.97896E-05 9.97896E-05 9.97896E-05 9.97896E-05 9.97896E-05
9.97808E-05 9.97808E-05 9.97808E-05 9.97808E-05 9.97808E-05 9.97808E-05 9.97808E-05 9.97808E-05 9.97808E-05 0.0949013 9.97808E-05 9.97808E-05 9.97808E-05 9.97808E-05 9.97808E-05 9.97808E-05 9.97808E-05 9.97808E-05 9.97808E-05 9.97808E-05 9.97808E-05 9.97808E-05 9.97808E-05 9.97808E-05 0.825955 9.97808E-05 0.0766493 9.97808E-05
9.97722E-05 9.97722E-05 9.97722E-05 9.97722E-05 9.97722E-05 9.97722E-05 9.97722E-05 9.97722E-05 9.97722E-05 9.97722E-05 9.97722E-05 9.97722E-05 9.97722E-05 9.97722E-05 9.97722E-05 9.97722E-05 9.97722E-05 9.97722E-05 0.962541 9.97722E-05 0.0348651 9.97722E-05 9.97722E-05 9.97722E-05 9.97722E-05 9.97722E-05 9.97722E-05 9.97722E-05
9.98071E-05 9.98071E-05 9.98071E-05 9.98071E-05 9.98071E-05 9.98071E-05 9.98071E-05 9.98071E-05 9.98071E-05 0.721468 9.98071E-05 9.98071E-05 0.112796 9.98071E-05 9.98071E-05 9.98071E-05 0.0527513 9.98071E-05 9.98071E-05 9.98071E-05 9.98071E-05 9.98071E-05 0.0670443 9.98071E-05 9.98071E-05 9.98071E-05 0.0025028 0.0412415
9.97897E-05 9.97897E-05 9.97897E-05 9.97897E-05 9.97897E-05 9.97897E-05 9.97897E-05 9.97897E-05 9.97897E-05 0.805891 9.97897E-05 9.97897E-05 9.97897E-05 9.97897E-05 9.97897E-05 9.97897E-05 0.0403656 0.000194178 9.97897E-05 9.97897E-05 9.97897E-05 9.97897E-05 9.97897E-05 9.97897E-05 9.97897E-05 0.151154 9.97897E-05 9.97897E-05
9.98246E-05 9.98246E-05 9.98246E-05 9.98246E-05 9.98246E-05 9.98246E-05 9.98246E-05 9.98246E-05 9.98246E-05 0.497397 9.98246E-05 0.0473367 9.98246E-05 0.0823726 9.98246E-05 9.98246E-05 9.98246E-05 9.98246E-05 9.98246E-05 0.0934674 9.98246E-05 0.0309232 9.98246E-05 0.00812341 0.151099 0.0872842 9.98246E-05 9.98246E-05
9.97809E-05 9.97809E-05 9.97809E-05 9.97809E-05 9.97809E-05 9.97809E-05 9.97809E-05 0.0576079 9.97809E-05 9.97809E-05 9.97809E-05 9.97809E-05 9.97809E-05 0.885817 9.97809E-05 9.97809E-05 9.97809E-05 9.97809E-05 9.97809E-05 9.97809E-05 9.97809E-05 9.97809E-05 9.97809E-05 9.97809E-05 9.97809E-05 0.0540803 9.97809E-05 9.97809E-05
9.98246E-05 9.98246E-05 9.98246E-05 9.98246E-05 0.108383 9.98246E-05 0.00869714 9.98246E-05 9.98246E-05 9.98246E-05 9.98246E-05 9.98246E-05 0.00465405 0.771414 9.98246E-05 9.98246E-05 0.0073189 9.98246E-05 9.98246E-05 9.98246E-05 9.98246E-05 9.98246E-05 9.98246E-05 9.98246E-05 9.98246E-05 0.0411657 0.0038939 0.0524763
9.97983E-05 9.97983E-05 9.97983E-05 9.97983E-05 0.0218601 9.97983E-05 9.97983E-05 9.97983E-05 9.97983E-05 9.97983E-05 9.97983E-05 9.97983E-05 9.97983E-05 0.709617 0.049475 9.97983E-05 9.97983E-05 9.97983E-05 0.148543 9.97983E-05 0.06821 9.97983E-05 9.97983E-05 9.97983E-05 9.97983E-05 9.97983E-05 9.97983E-05 9.97983E-05
0.0316181 9.98245E-05 9.98245E-05 9.98245E-05 9.98245E-05 9.98245E-05 0.00271366 0.000857265 9.98245E-05 0.565508 9.98245E-05 9.98245E-05 0.0918205 9.98245E-05 9.98245E-05 9.98245E-05 0.0224726 9.98245E-05 9.98245E-05 9.98245E-05 9.98245E-05 9.98245E-05 9.98245E-05 9.98245E-05 9.98245E-05 0.152714 9.98245E-05 0.130299
9.97983E-05 9.97983E-05 9.97983E-05 9.97983E-05 9.97983E-05 9.97983E-05 9.97983E-05 9.97983E-05 9.97983E-05 9.97983E-05 9.97983E-05 9.97983E-05 9.97983E-05 9.97983E-05 9.97983E-05 9.97983E-05 9.97983E-05 9.97983E-05 0.29041 9.97983E-05 0.0952821 9.97983E-05 9.97983E-05 9.97983E-05 9.97983E-05 0.109604 0.105879 0.39653
9.97895E-05 9.97895E-05 9.97895E-05 9.97895E-05 9.97895E-05 9.97895E-05 9.97895E-05 9.97895E-05 9.97895E-05 0.384809 9.97895E-05 9.97895E-05 9.97895E-05 0.410051 9.97895E-05 9.97895E-05 9.97895E-05 9.97895E-05 9.97895E-05 9.97895E-05 9.97895E-05 9.97895E-05 9.97895E-05 9.97895E-05 0.172909 0.0298359 9.97895E-05 9.97895E-05
9.97983E-05 9.97983E-05 9.97983E-05 9.97983E-05 9.97983E-05 9.97983E-05 9.97983E-05 9.97983E-05 9.97983E-05 9.97983E-05 9.97983E-05 9.97983E-05 0.0256392 9.97983E-05 9.97983E-05 9.97983E-05 9.97983E-05 9.97983E-05 0.851487 9.97983E-05 9.97983E-05 9.97983E-05 9.97983E-05 9.97983E-05 0.0143608 0.0605315 0.045686 9.97983E-05
9.97631E-05 9.97631E-05 9.97631E-05 9.97631E-05 9.97631E-05 9.97631E-05 9.97631E-05 9.97631E-05 9.97631E-05 0.997306 9.97631E-05 9.97631E-05 9.97631E-05 9.97631E-05 9.97631E-05 9.97631E-05 9.97631E-05 9.97631E-05 9.97631E-05 9.97631E-05 9.97631E-05 9.97631E-05 9.97631E-05 9.97631E-05 9.97631E-05 9.97631E-05 9.97631E-05 9.97631E-05
9.9807E-05 9.9807E-05 9.9807E-05 9.9807E-05 9.9807E-05 9.9807E-05 9.9807E-05 0.000611186 9.9807E-05 0.0701377 9.9807E-05 9.9807E-05 9.9807E-05 9.9807E-05 9.9807E-05 9.9807E-05 9.9807E-05 9.9807E-05 0.647296 9.9807E-05 9.9807E-05 9.9807E-05 9.9807E-05 9.9807E-05 0.0776891 0.0922959 9.9807E-05 0.109774
9.97987E-05 9.97987E-05 0.100525 9.97987E-05 9.97987E-05 9.97987E-05 9.97987E-05 9.97987E-05 0.00487969 9.97987E-05 9.97987E-05 9.97987E-05 9.97987E-05 9.97987E-05 9.97987E-05 9.97987E-05 9.97987E-05 9.97987E-05 0.874398 9.97987E-05 0.0152781 9.97987E-05 0.00262355 9.97987E-05 9.97987E-05 9.97987E-05 9.97987E-05 9.97987E-05
0.00892814 9.98507E-05 9.98507E-05 9.98507E-05 9.98507E-05 9.98507E-05 0.0201714 0.100675 9.98507E-05 0.00914734 9.98507E-05 0.112674 0.046999 9.98507E-05 9.98507E-05 9.98507E-05 0.0130339 9.98507E-05 0.453597 9.98507E-05 9.98507E-05 0.0486797 9.98507E-05 9.98507E-05 9.98507E-05 0.17247 0.0119278 9.98507E-05
9.98247E-05 9.98247E-05 9.98247E-05 9.98247E-05 9.98247E-05 0.0771181 0.00446149 9.98247E-05 9.98247E-05 0.0868472 9.98247E-05 9.98247E-05 9.98247E-05 0.448263 9.98247E-05 9.98247E-05 0.00445772 9.98247E-05 9.98247E-05 9.98247E-05 9.98247E-05 9.98247E-05 9.98247E-05 9.98247E-05 0.140675 9.98247E-05 0.0593347 0.176846
9.97633E-05 9.97633E-05 9.97633E-05 9.97633E-05 9.97633E-05 9.97633E-05 9.97633E-05 9.97633E-05 9.97633E-05 9.97633E-05 9.97633E-05 9.97633E-05 9.97633E-05 0.997306 9.97633E-05 9.97633E-05 9.97633E-05 9.97633E-05 9.97633E-05 9.97633E-05 9.97633E-05 9.97633E-05 9.97633E-05 9.97633E-05 9.97633E-05 9.97633E-05 9.97633E-05 9.97633E-05
9.98072E-05 0.0182187 0.0200193 9.98072E-05 9.98072E-05 9.98072E-05 9.98072E-05 0.023632 9.98072E-05 0.811599 9.98072E-05 9.98072E-05 9.98072E-05 9.98072E-05 9.98072E-05 0.00120103 9.98072E-05 9.98072E-05 9.98072E-05 0.123135 9.98072E-05 9.98072E-05 9.98072E-05 9.98072E-05 9.98072E-05 9.98072E-05 9.98072E-05 9.98072E-05
9.97898E-05 0.0110487 9.97898E-05 9.97898E-05 9.97898E-05 9.97898E-05 9.97898E-05 9.97898E-05 9.97898E-05 9.97898E-05 9.97898E-05 9.97898E-05 9.97898E-05 9.97898E-05 9.97898E-05 9.97898E-05 9.97898E-05 9.97898E-05 0.83679 9.97898E-05 9.97898E-05 9.97898E-05 9.97898E-05 0.101584 9.97898E-05 0.0481823 9.97898E-05 9.97898E-05
9.9781E-05 9.9781E-05 0.0332982 9.9781E-05 9.9781E-05 9.9781E-05 9.9781E-05 9.9781E-05 9.9781E-05 9.9781E-05 9.9781E-05 9.9781E-05 9.9781E-05 9.9781E-05 9.9781E-05 9.9781E-05 9.9781E-05 9.9781E-05 9.9781E-05 0.00273926 9.9781E-05 9.9781E-05 9.9781E-05 9.9781E-05 0.961468 9.9781E-05 9.9781E-05 9.9781E-05
9.97719E-05 9.97719E-05 9.97719E-05 9.97719E-05 9.97719E-05 9.97719E-05 9.97719E-05 9.97719E-05 9.97719E-05 9.97719E-05 9.97719E-05 9.97719E-05 9.97719E-05 0.917231 9.97719E-05 9.97719E-05 9.97719E-05 9.97719E-05 9.97719E-05 9.97719E-05 0.0801745 9.97719E-05 9.97719E-05 9.97719E-05 9.97719E-05 9.97719E-05 9.97719E-05 9.97719E-05
9.97722E-05 9.97722E-05 9.97722E-05 9.97722E-05 9.97722E-05 9.97722E-05 9.97722E-05 9.97722E-05 9.97722E-05 9.97722E-05 9.97722E-05 9.97722E-05 9.97722E-05 9.97722E-05 9.97722E-05 9.97722E-05 9.97722E-05 9.97722E-05 0.880736 9.97722E-05 9.97722E-05 9.97722E-05 9.97722E-05 9.97722E-05 9.97722E-05 9.97722E-05 0.11667 9.97722E-05
9.97984E-05 9.97984E-05 9.97984E-05 9.97984E-05 9.97984E-05 9.97984E-05 9.97984E-05 0.0411508 9.97984E-05 0.446945 0.0186079 9.97984E-05 9.97984E-05 9.97984E-05 9.97984E-05 0.00211229 9.97984E-05 9.97984E-05 0.488889 9.97984E-05 9.97984E-05 9.97984E-05 9.97984E-05 9.97984E-05 9.97984E-05 9.97984E-05 9.97984E-05 9.97984E-05
0.618666 0.0355466 9.98158E-05 9.98158E-05 9.98158E-05 9.98158E-05 9.98158E-05 9.98158E-05 9.98158E-05 9.98158E-05 0.0329806 0.0902279 0.0158515 9.98158E-05 9.98158E-05 9.98158E-05 9.98158E-05 9.98158E-05 9.98158E-05 9.98158E-05 9.98158E-05 9.98158E-05 0.013281 9.98158E-05 9.98158E-05 0.191351 9.98158E-05 9.98158E-05
0.948688 9.97811E-05 9.97811E-05 9.97811E-05 9.97811E-05 9.97811E-05 0.0102804 9.97811E-05 9.97811E-05 9.97811E-05 9.97811E-05 9.97811E-05 9.97811E-05 9.97811E-05 9.97811E-05 9.97811E-05 9.97811E-05 9.97811E-05 9.97811E-05 9.97811E-05 0.0385369 9.97811E-05 9.97811E-05 9.97811E-05 9.97811E-05 9.97811E-05 9.97811E-05 9.97811E-05
0.903794 9.97808E-05 9.97808E-05 9.97808E-05 9.97808E-05 9.97808E-05 9.97808E-05 9.97808E-05 9.97808E-05 0.0474195 9.97808E-05 9.97808E-05 9.97808E-05 9.97808E-05 9.97808E-05 0.046292 9.97808E-05 9.97808E-05 9.97808E-05 9.97808E-05 9.97808E-05 9.97808E-05 9.97808E-05 9.97808E-05 9.97808E-05 9.97808E-05 9.97808E-05 9.97808E-05
0.284785 9.98247E-05 0.05273 9.98247E-05 0.0516687 9.98247E-05 9.98247E-05 9.98247E-05 9.98247E-05 9.98247E-05 9.98247E-05 0.203551 0.0524552 9.98247E-05 9.98247E-05 9.98247E-05 9.98247E-05 9.98247E-05 9.98247E-05 9.98247E-05 0.0313188 9.98247E-05 0.265225 9.98247E-05 9.98247E-05 0.0562702 9.98247E-05 9.98247E-05
0.632635 9.98506E-05 0.0319589 9.98506E-05 9.98506E-05 0.0102799 9.98506E-05 0.0213774 9.98506E-05 9.98506E-05 9.98506E-05 9.98506E-05 0.144472 9.98506E-05 9.98506E-05 0.0117701 0.0195061 9.98506E-05 9.98506E-05 9.98506E-05 9.98506E-05 9.98506E-05 9.98506E-05 0.0332175 0.0203063 0.0638347 9.98506E-05 0.00894475
0.66376 9.98154E-05 9.98154E-05 9.98154E-05 9.98154E-05 9.98154E-05 0.01215 9.98154E-05 9.98154E-05 9.98154E-05 9.98154E-05 0.0728413 0.00138369 9.98154E-05 9.98154E-05 9.98154E-05 9.98154E-05 9.98154E-05 9.98154E-05 9.98154E-05 9.98154E-05 9.98154E-05 0.0463672 9.98154E-05 9.98154E-05 0.153135 9.98154E-05 0.0482668
0.503361 9.98156E-05 9.98156E-05 9.98156E-05 0.0132329 9.98156E-05 9.98156E-05 0.0180253 9.98156E-05 9.98156E-05 9.98156E-05 9.98156E-05 0.00953589 9.98156E-05 9.98156E-05 9.98156E-05 9.98156E-05 9.98156E-05 9.98156E-05 9.98156E-05 9.98156E-05 9.98156E-05 0.374549 9.98156E-05 9.98156E-05 0.0375017 0.0416977 9.98156E-05
0.615929 9.98067E-05 9.98067E-05 9.98067E-05 9.98067E-05 9.98067E-05 9.98067E-05 9.98067E-05 9.98067E-05 9.98067E-05 9.98067E-05 0.0677149 0.0684778 9.98067E-05 9.98067E-05 0.132341 9.98067E-05 9.98067E-05 9.98067E-05 9.98067E-05 9.98067E-05 9.98067E-05 0.061977 9.98067E-05 9.98067E-05 0.0513648 9.98067E-05 9.98067E-05
0.89746 9.97808E-05 9.97808E-05 9.97808E-05 0.0942748 9.97808E-05 9.97808E-05 9.97808E-05 9.97808E-05 9.97808E-05 9.97808E-05 9.97808E-05 9.97808E-05 9.97808E-05 9.97808E-05 9.97808E-05 9.97808E-05 9.97808E-05 9.97808E-05 9.97808E-05 9.97808E-05 9.97808E-05 0.00577036 9.97808E-05 9.97808E-05 9.97808E-05 9.97808E-05 9.97808E-05
0.997306 9.97631E-05 9.97631E-05 9.97631E-05 9.97631E-05 9.97631E-05 9.97631E-05 9.97631E-05 9.97631E-05 9.97631E-05 9.97631E-05 9.97631E-05 9.97631E-05 9.97631E-05 9.97631E-05 9.97631E-05 9.97631E-05 9.97631E-05 9.97631E-05 9.97631E-05 9.97631E-05 9.97631E-05 9.97631E-05 9.97631E-05 9.97631E-05 9.97631E-05 9.97631E-05 9.97631E-05
0.4817 9.98154E-05 9.98154E-05 9.98154E-05 9.98154E-05 0.0544827 9.98154E-05 0.141515 9.98154E-05 9.98154E-05 9.98154E-05 9.98154E-05 0.0520788 9.98154E-05 9.98154E-05 0.0344433 9.98154E-05 9.98154E-05 9.98154E-05 9.98154E-05 0.0394327 9.98154E-05 9.98154E-05 9.98154E-05 9.98154E-05 0.194251 9.98154E-05 9.98154E-05
0.523077 0.0759974 9.98507E-05 9.98507E-05 9.98507E-05 9.98507E-05 9.98507E-05 0.0045587 9.98507E-05 9.98507E-05 0.137168 9.98507E-05 9.98507E-05 9.98507E-05 9.98507E-05 9.98507E-05 0.000751941 9.98507E-05 9.98507E-05 0.00488931 0.00116571 9.98507E-05 0.0506992 0.0200956 9.98507E-05 0.0377455 9.98507E-05 0.142155
0.513162 9.98156E-05 9.98156E-05 9.98156E-05 9.98156E-05 9.98156E-05 9.98156E-05 0.050787 9.98156E-05 9.98156E-05 0.119646 9.98156E-05 0.098456 9.98156E-05 9.98156E-05 9.98156E-05 0.10455 9.98156E-05 9.98156E-05 0.0552727 9.98156E-05 0.0560301 9.98156E-05 9.98156E-05 9.98156E-05 9.98156E-05 9.98156E-05 9.98156E-05
0.498228 9.98068E-05 0.0252495 9.98068E-05 9.98068E-05 9.98068E-05 9.98068E-05 9.98068E-05 9.98068E-05 9.98068E-05 9.98068E-05 9.98068E-05 9.98068E-05 9.98068E-05 9.98068E-05 9.98068E-05 9.98068E-05 9.98068E-05 9.98068E-05 9.98068E-05 9.98068E-05 9.98068E-05 0.126478 0.0376288 9.98068E-05 0.137413 9.98068E-05 0.172807
0.77897 9.97987E-05 9.97987E-05 9.97987E-05 0.0882597 9.97987E-05 9.97987E-05 0.0541487 9.97987E-05 9.97987E-05 9.97987E-05 0.0600583 9.97987E-05 9.97987E-05 9.97987E-05 9.97987E-05 9.97987E-05 9.97987E-05 9.97987E-05 0.0162677 9.97987E-05 9.97987E-05 9.97987E-05 9.97987E-05 9.97987E-05 9.97987E-05 9.97987E-05 9.97987E-05
0.705628 9.98423E-05 9.98423E-05 9.98423E-05 0.0735901 9.98423E-05 9.98423E-05 0.0210366 9.98423E-05 9.98423E-05 0.000431845 9.98423E-05 0.0619364 9.98423E-05 0.0122543 0.0122345 9.98423E-05 9.98423E-05 9.98423E-05 9.98423E-05 9.98423E-05 0.0328697 0.0395788 9.98423E-05 9.98423E-05 9.98423E-05 0.0386428 9.98423E-05
0.745746 9.9798E-05 0.0162314 9.9798E-05 9.9798E-05 9.9798E-05 9.9798E-05 9.9798E-05 9.9798E-05 9.9798E-05 9.9798E-05 0.04506 9.9798E-05 9.9798E-05 9.9798E-05 0.050384 9.9798E-05 9.9798E-05 9.9798E-05 9.9798E-05 0.140283 9.9798E-05 9.9798E-05 9.9798E-05 9.9798E-05 9.9798E-05 9.9798E-05 9.9798E-05
0.617345 9.98068E-05 9.98068E-05 9.98068E-05 9.98068E-05 9.98068E-05 9.98068E-05 0.0700586 9.98068E-05 9.98068E-05 0.0615012 9.98068E-05 0.0277939 9.98068E-05 9.98068E-05 9.98068E-05 9.98068E-05 9.98068E-05 9.98068E-05 9.98068E-05 0.0755682 9.98068E-05 9.98068E-05 9.98068E-05 9.98068E-05 9.98068E-05 9.98068E-05 0.145538
0.849284 9.97894E-05 9.97894E-05 9.97894E-05 9.97894E-05 9.97894E-05 9.97894E-05 0.0371578 9.97894E-05 9.97894E-05 9.97894E-05 9.97894E-05 9.97894E-05 9.97894E-05 9.97894E-05 0.10327 9.97894E-05 9.97894E-05 9.97894E-05 9.97894E-05 9.97894E-05 9.97894E-05 9.97894E-05 9.97894E-05 9.97894E-05 0.0078938 9.97894E-05 9.97894E-05
0.633813 9.9798E-05 9.9798E-05 9.9798E-05 0.106606 9.9798E-05 9.9798E-05 9.9798E-05 9.9798E-05 9.9798E-05 9.9798E-05 9.9798E-05 9.9798E-05 9.9798E-05 9.9798E-05 9.9798E-05 0.029343 9.9798E-05 9.9798E-05 0.0557593 9.9798E-05 9.9798E-05 9.9798E-05 9.9798E-05 9.9798E-05 0.172183 9.9798E-05 9.9798E-05
0.891484 9.97813E-05 0.0116564 9.97813E-05 9.97813E-05 9.97813E-05 9.97813E-05 9.97813E-05 9.97813E-05 0.0943652 9.97813E-05 9.97813E-05 9.97813E-05 9.97813E-05 9.97813E-05 9.97813E-05 9.97813E-05 9.97813E-05 9.97813E-05 9.97813E-05 9.97813E-05 9.97813E-05 9.97813E-05 9.97813E-05 9.97813E-05 9.97813E-05 9.97813E-05 9.97813E-05
0.64466 0.00578101 9.98067E-05 9.98067E-05 9.98067E-05 9.98067E-05 9.98067E-05 9.98067E-05 9.98067E-05 9.98067E-05 9.98067E-05 9.98067E-05 9.98067E-05 0.0120504 9.98067E-05 9.98067E-05 9.98067E-05 9.98067E-05 9.98067E-05 9.98067E-05 9.98067E-05 0.0553908 9.98067E-05 9.98067E-05 9.98067E-05 0.0314086 9.98067E-05 0.248514
0.570883 0.0466258 9.98335E-05 9.98335E-05 9.98335E-05 0.0204142 9.98335E-05 9.98335E-05 9.98335E-05 9.98335E-05 9.98335E-05 0.15524 9.98335E-05 9.98335E-05 0.053557 9.98335E-05 9.98335E-05 9.98335E-05 0.00940006 9.98335E-05 9.98335E-05 9.98335E-05 0.0897436 9.98335E-05 9.98335E-05 0.0475632 9.98335E-05 0.00467556
0.642344 9.98156E-05 9.98156E-05 9.98156E-05 9.98156E-05 9.98156E-05 9.98156E-05 0.00862635 9.98156E-05 9.98156E-05 9.98156E-05 9.98156E-05 0.0467298 9.98156E-05 9.98156E-05 0.0843041 9.98156E-05 9.98156E-05 9.98156E-05 9.98156E-05 0.148463 0.0382717 9.98156E-05 9.98156E-05 0.0291649 9.98156E-05 9.98156E-05 9.98156E-05
0.820955 9.97805E-05 9.97805E-05 9.97805E-05 9.97805E-05 9.97805E-05 9.97805E-05 0.0830724 9.97805E-05 9.97805E-05 0.0934783 9.97805E-05 9.97805E-05 9.97805E-05 9.97805E-05 9.97805E-05 9.97805E-05 9.97805E-05 9.97805E-05 9.97805E-05 9.97805E-05 9.97805E-05 9.97805E-05 9.97805E-05 9.97805E-05 9.97805E-05 9.97805E-05 9.97805E-05
0.923045 9.97723E-05 9.97723E-05 9.97723E-05 9.97723E-05 9.97723E-05 9.97723E-05 9.97723E-05 9.97723E-05 0.0743611 9.97723E-05 9.97723E-05 9.97723E-05 9.97723E-05 9.97723E-05 9.97723E-05 9.97723E-05 9.97723E-05 9.97723E-05 9.97723E-05 9.97723E-05 9.97723E-05 9.97723E-05 9.97723E-05 9.97723E-05 9.97723E-05 9.97723E-05 9.97723E-05
0.997306 9.97634E-05 9.97634E-05 9.97634E-05 9.97634E-05 9.97634E-05 9.97634E-05 9.97634E-05 9.97634E-05 9.97634E-05 9.97634E-05 9.97634E-05 9.97634E-05 9.97634E-05 9.97634E-05 9.97634E-05 9.97634E-05 9.97634E-05 9.97634E-05 9.97634E-05 9.97634E-05 9.97634E-05 9.97634E-05 9.97634E-05 9.97634E-05 9.97634E-05 9.97634E-05 9.97634E-05
0.997306 9.97635E-05 9.97635E-05 9.97635E-05 9.97635E-05 9.97635E-05 9.97635E-05 9.97635E-05 9.97635E-05 9.97635E-05 9.97635E-05 9.97635E-05 9.97635E-05 9.97635E-05 9.97635E-05 9.97635E-05 9.97635E-05 9.97635E-05 9.97635E-05 9.97635E-05 9.97635E-05 9.97635E-05 9.97635E-05 9.97635E-05 9.97635E-05 9.97635E-05 9.97635E-05 9.97635E-05
0.867472 9.97897E-05 9.97897E-05 9.97897E-05 9.97897E-05 9.97897E-05 9.97897E-05 9.97897E-05 9.97897E-05 9.97897E-05 0.0494394 9.97897E-05 0.00585577 9.97897E-05 9.97897E-05 0.0748381 9.97897E-05 9.97897E-05 9.97897E-05 9.97897E-05 9.97897E-05 9.97897E-05 9.97897E-05 9.97897E-05 9.97897E-05 9.97897E-05 9.97897E-05 9.97897E-05
0.378235 9.98072E-05 9.98072E-05 9.98072E-05 0.106894 9.98072E-05 9.98072E-05 9.98072E-05 9.98072E-05 0.140226 9.98072E-05 9.98072E-05 9.98072E-05 9.98072E-05 0.240861 9.98072E-05 0.0963309 9.98072E-05 9.98072E-05 9.98072E-05 9.98072E-05 9.98072E-05 9.98072E-05 9.98072E-05 9.98072E-05 0.0352571 9.98072E-05 9.98072E-05
9.98071E-05 9.98071E-05 9.98071E-05 9.98071E-05 9.98071E-05 9.98071E-05 9.98071E-05 9.98071E-05 0.0519263 9.98071E-05 9.98071E-05 0.136998 0.0909331 9.98071E-05 9.98071E-05 9.98071E-05 9.98071E-05 9.98071E-05 9.98071E-05 9.98071E-05 9.98071E-05 0.664056 9.98071E-05 9.98071E-05 9.98071E-05 0.0280909 9.98071E-05 0.0258
9.97809E-05 9.97809E-05 9.97809E-05 9.97809E-05 9.97809E-05 9.97809E-05 9.97809E-05 9.97809E-05 9.97809E-05 9.97809E-05 9.97809E-05 0.528846 9.97809E-05 9.97809E-05 9.97809E-05 9.97809E-05 9.97809E-05 0.464818 9.97809E-05 9.97809E-05 9.97809E-05 9.97809E-05 9.97809E-05 9.97809E-05 9.97809E-05 0.00384162 9.97809E-05 9.97809E-05
9.98157E-05 9.98157E-05 9.98157E-05 9.98157E-05 9.98157E-05 9.98157E-05 9.98157E-05 0.012103 0.045473 9.98157E-05 9.98157E-05 0.737047 9.98157E-05 9.98157E-05 9.98157E-05 0.0379657 9.98157E-05 9.98157E-05 9.98157E-05 9.98157E-05 9.98157E-05 0.147814 9.98157E-05 0.0102617 9.98157E-05 0.00723923 9.98157E-05 9.98157E-05
9.98067E-05 9.98067E-05 9.98067E-05 9.98067E-05 9.98067E-05 9.98067E-05 9.98067E-05 0.00787813 9.98067E-05 9.98067E-05 9.98067E-05 0.456488 0.0549648 9.98067E-05 9.98067E-05 0.0409797 9.98067E-05 9.98067E-05 9.98067E-05 9.98067E-05 9.98067E-05 0.352209 9.98067E-05 9.98067E-05 9.98067E-05 0.0852844 9.98067E-05 9.98067E-05
9.97805E-05 9.97805E-05 9.97805E-05 9.97805E-05 9.97805E-05 9.97805E-05 9.97805E-05 9.97805E-05 9.97805E-05 9.97805E-05 9.97805E-05 0.253535 0.0555068 9.97805E-05 9.97805E-05 9.97805E-05 9.97805E-05 9.97805E-05 9.97805E-05 9.97805E-05 9.97805E-05 0.688463 9.97805E-05 9.97805E-05 9.97805E-05 9.97805E-05 9.97805E-05 9.97805E-05
9.97896E-05 9.97896E-05 9.97896E-05 9.97896E-05 9.97896E-05 9.97896E-05 9.97896E-05 9.97896E-05 9.97896E-05 9.97896E-05 9.97896E-05 9.97896E-05 0.102334 9.97896E-05 0.0746522 9.97896E-05 9.97896E-05 9.97896E-05 9.97896E-05 9.97896E-05 9.97896E-05 0.659512 9.97896E-05 9.97896E-05 9.97896E-05 0.161107 9.97896E-05 9.97896E-05
9.98157E-05 9.98157E-05 9.98157E-05 9.98157E-05 9.98157E-05 9.98157E-05 9.98157E-05 9.98157E-05 0.0394848 9.98157E-05 0.0448292 0.866344 0.00353894 9.98157E-05 0.00781945 0.0255477 9.98157E-05 9.98157E-05 9.98157E-05 9.98157E-05 9.98157E-05 9.98157E-05 9.98157E-05 9.98157E-05 9.98157E-05 9.98157E-05 9.98157E-05 0.0103393
9.97719E-05 9.97719E-05 9.97719E-05 9.97719E-05 9.97719E-05 9.97719E-05 9.97719E-05 9.97719E-05 9.97719E-05 9.97719E-05 9.97719E-05 0.83578 0.161626 9.97719E-05 9.97719E-05 9.97719E-05 9.97719E-05 9.97719E-05 9.97719E-05 9.97719E-05 9.97719E-05 9.97719E-05 9.97719E-05 9.97719E-05 9.97719E-05 9.97719E-05 9.97719E-05 9.97719E-05
9.97892E-05 9.97892E-05 9.97892E-05 9.97892E-05 0.0115441 9.97892E-05 9.97892E-05 9.97892E-05 9.97892E-05 9.97892E-05 9.97892E-05 0.499287 0.300842 9.97892E-05 9.97892E-05 9.97892E-05 9.97892E-05 9.97892E-05 9.97892E-05 9.97892E-05 9.97892E-05 9.97892E-05 0.185931 9.97892E-05 9.97892E-05 9.97892E-05 9.97892E-05 9.97892E-05
9.97984E-05 9.97984E-05 9.97984E-05 9.97984E-05 9.97984E-05 9.97984E-05 9.97984E-05 9.97984E-05 9.97984E-05 9.97984E-05 9.97984E-05 0.552869 0.207003 9.97984E-05 9.97984E-05 9.97984E-05 9.97984E-05 9.97984E-05 9.97984E-05 9.97984E-05 9.97984E-05 0.0155121 9.97984E-05 9.97984E-05 9.97984E-05 0.191227 0.031093 9.97984E-05
9.97895E-05 9.97895E-05 9.97895E-05 9.97895E-05 9.97895E-05 9.97895E-05 9.97895E-05 9.97895E-05 9.97895E-05 9.97895E-05 9.97895E-05 9.97895E-05 0.0200875 9.97895E-05 9.97895E-05 9.97895E-05 9.97895E-05 0.385671 9.97895E-05 9.97895E-05 9.97895E-05 0.425546 0.1663 9.97895E-05 9.97895E-05 9.97895E-05 9.97895E-05 9.97895E-05
9.98158E-05 9.98158E-05 9.98158E-05 9.98158E-05 9.98158E-05 9.98158E-05 9.98158E-05 0.00899182 9.98158E-05 9.98158E-05 9.98158E-05 0.171812 9.98158E-05 9.98158E-05 9.98158E-05 9.98158E-05 9.98158E-05 0.129966 0.0423451 9.98158E-05 9.98158E-05 0.500287 0.111986 9.98158E-05 9.98158E-05 0.0325154 9.98158E-05 9.98158E-05
9.97809E-05 9.97809E-05 9.97809E-05 9.97809E-05 9.97809E-05 9.97809E-05 9.97809E-05 9.97809E-05 9.97809E-05 9.97809E-05 9.97809E-05 0.716824 0.0491206 9.97809E-05 9.97809E-05 9.97809E-05 9.97809E-05 9.97809E-05 9.97809E-05 9.97809E-05 9.97809E-05 0.231561 9.97809E-05 9.97809E-05 9.97809E-05 9.97809E-05 9.97809E-05 9.97809E-05
9.98247E-05 9.98247E-05 9.98247E-05 9.98247E-05 0.0955216 9.98247E-05 0.0327913 9.98247E-05 9.98247E-05 9.98247E-05 9.98247E-05 0.0113574 0.129816 9.98247E-05 0.0735672 9.98247E-05 9.98247E-05 9.98247E-05 0.00954432 9.98247E-05 9.98247E-05 0.522355 9.98247E-05 9.98247E-05 9.98247E-05 0.123051 9.98247E-05 9.98247E-05
9.98159E-05 9.98159E-05 9.98159E-05 9.98159E-05 9.98159E-05 9.98159E-05 9.98159E-05 0.0293374 9.98159E-05 9.98159E-05 0.0476377 9.98159E-05 0.104155 9.98159E-05 0.199309 0.127636 9.98159E-05 9.98159E-05 9.98159E-05 9.98159E-05 9.98159E-05 0.487698 9.98159E-05 9.98159E-05 9.98159E-05 0.00213145 9.98159E-05 9.98159E-05
9.98247E-05 9.98247E-05 9.98247E-05 9.98247E-05 0.108329 9.98247E-05 9.98247E-05 0.0139453 9.98247E-05 9.98247E-05 9.98247E-05 0.152044 0.0733992 9.98247E-05 9.98247E-05 9.98247E-05 9.98247E-05 9.98247E-05 9.98247E-05 9.98247E-05 9.98247E-05 0.478999 0.00592842 9.98247E-05 9.98247E-05 0.0938203 0.0715387 9.98247E-05
9.98071E-05 9.98071E-05 9.98071E-05 9.98071E-05 9.98071E-05 0.0665869 9.98071E-05 9.98071E-05 9.98071E-05 9.98071E-05 9.98071E-05 0.262056 9.98071E-05 9.98071E-05 9.98071E-05 9.98071E-05 9.98071E-05 0.0385936 9.98071E-05 9.98071E-05 9.98071E-05 0.384582 0.192252 9.98071E-05 9.98071E-05 0.053734 9.98071E-05 9.98071E-05
9.98335E-05 9.98335E-05 0.0502905 9.98335E-05 9.98335E-05 9.98335E-05 9.98335E-05 0.0291641 9.98335E-05 9.98335E-05 9.98335E-05 9.98335E-05 0.0282484 9.98335E-05 0.0014832 9.98335E-05 9.98335E-05 0.00345446 9.98335E-05 9.98335E-05 9.98335E-05 0.682854 9.98335E-05 9.98335E-05 0.0801072 9.98335E-05 0.042234 0.0802669
9.97722E-05 9.97722E-05 9.97722E-05 9.97722E-05 9.97722E-05 9.97722E-05 9.97722E-05 9.97722E-05 9.97722E-05 9.97722E-05 9.97722E-05 0.356336 9.97722E-05 9.97722E-05 9.97722E-05 9.97722E-05 9.97722E-05 9.97722E-05 9.97722E-05 9.97722E-05 9.97722E-05 0.641069 9.97722E-05 9.97722E-05 9.97722E-05 9.97722E-05 9.97722E-05 9.97722E-05
0.000508702 0.0355096 9.98421E-05 9.98421E-05 9.98421E-05 0.0760239 9.98421E-05 0.00889919 9.98421E-05 9.98421E-05 9.98421E-05 0.258969 0.0433456 9.98421E-05 9.98421E-05 9.98421E-05 9.98421E-05 0.237095 9.98421E-05 9.98421E-05 9.98421E-05 0.235244 9.98421E-05 9.98421E-05 9.98421E-05 0.0841894 0.0184186 9.98421E-05
9.9807E-05 9.9807E-05 9.9807E-05 9.9807E-05 9.9807E-05 9.9807E-05 9.9807E-05 9.9807E-05 9.9807E-05 9.9807E-05 9.9807E-05 9.9807E-05 0.072789 9.9807E-05 0.168941 9.9807E-05 9.9807E-05 9.9807E-05 9.9807E-05 9.9807E-05 9.9807E-05 0.642773 0.0157386 9.9807E-05 9.9807E-05 0.0409827 0.0565802 9.9807E-05
9.98071E-05 9.98071E-05 9.98071E-05 9.98071E-05 9.98071E-05 9.98071E-05 9.98071E-05 9.98071E-05 9.98071E-05 9.98071E-05 0.00558512 0.15813 0.0727886 9.98071E-05 9.98071E-05 9.98071E-05 9.98071E-05 0.0157219 9.98071E-05 9.98071E-05 9.98071E-05 0.682085 9.98071E-05 9.98071E-05 9.98071E-05 0.0634938 9.98071E-05 9.98071E-05
9.9807E-05 9.9807E-05 9.9807E-05 0.0957694 9.9807E-05 0.0562543 9.9807E-05 9.9807E-05 9.9807E-05 9.9807E-05 9.9807E-05 9.9807E-05 0.0924655 9.9807E-05 9.9807E-05 9.9807E-05 9.9807E-05 9.9807E-05 9.9807E-05 9.9807E-05 9.9807E-05 0.412836 0.0639589 9.9807E-05 9.9807E-05 0.27652 9.9807E-05 9.9807E-05
9.98071E-05 9.98071E-05 9.98071E-05 9.98071E-05 9.98071E-05 9.98071E-05 9.98071E-05 9.98071E-05 9.98071E-05 9.98071E-05 9.98071E-05 0.168516 0.154715 9.98071E-05 0.0830247 9.98071E-05 9.98071E-05 0.0620446 9.98071E-05 9.98071E-05 9.98071E-05 0.473461 9.98071E-05 0.0560426 9.98071E-05 9.98071E-05 9.98071E-05 9.98071E-05
9.98072E-05 9.98072E-05 9.98072E-05 9.98072E-05 9.98072E-05 0.0591794 0.0168137 9.98072E-05 9.98072E-05 9.98072E-05 9.98072E-05 9.98072E-05 0.132437 9.98072E-05 9.98072E-05 9.98072E-05 9.98072E-05 9.98072E-05 9.98072E-05 9.98072E-05 9.98072E-05 0.540239 0.0916261 9.98072E-05 9.98072E-05 0.157509 9.98072E-05 9.98072E-05
9.98072E-05 9.98072E-05 9.98072E-05 9.98072E-05 9.98072E-05 9.98072E-05 9.98072E-05 9.98072E-05 9.98072E-05 9.98072E-05 0.0182907 0.533217 0.133111 9.98072E-05 9.98072E-05 9.98072E-05 9.98072E-05 0.202069 9.98072E-05 9.98072E-05 9.98072E-05 9.98072E-05 0.0635005 9.98072E-05 9.98072E-05 0.047616 9.98072E-05 9.98072E-05
9.97894E-05 9.97894E-05 9.97894E-05 9.97894E-05 9.97894E-05 9.97894E-05 0.112168 9.97894E-05 9.97894E-05 9.97894E-05 9.97894E-05 9.97894E-05 9.97894E-05 9.97894E-05 0.664405 9.97894E-05 0.00663597 9.97894E-05 9.97894E-05 9.97894E-05 9.97894E-05 0.214395 9.97894E-05 9.97894E-05 9.97894E-05 9.97894E-05 9.97894E-05 9.97894E-05
9.97891E-05 9.97891E-05 9.97891E-05 9.97891E-05 9.97891E-05 9.97891E-05 9.97891E-05 9.97891E-05 9.97891E-05 9.97891E-05 9.97891E-05 0.580321 0.0305974 9.97891E-05 9.97891E-05 9.97891E-05 9.97891E-05 9.97891E-05 9.97891E-05 9.97891E-05 9.97891E-05 0.366787 9.97891E-05 9.97891E-05 9.97891E-05 0.0198999 9.97891E-05 9.97891E-05
9.97896E-05 9.97896E-05 9.97896E-05 9.97896E-05 9.97896E-05 9.97896E-05 9.97896E-05 9.97896E-05 9.97896E-05 9.97896E-05 9.97896E-05 0.522315 0.161204 9.97896E-05 9.97896E-05 9.97896E-05 9.97896E-05 9.97896E-05 9.97896E-05 9.97896E-05 9.97896E-05 0.130103 9.97896E-05 9.97896E-05 9.97896E-05 0.183983 9.97896E-05 9.97896E-05
9.98158E-05 9.98158E-05 9.98158E-05 9.98158E-05 9.98158E-05 0.0608564 9.98158E-05 0.0349491 0.00409724 9.98158E-05 9.98158E-05 0.01917 9.98158E-05 9.98158E-05 0.234319 9.98158E-05 9.98158E-05 9.98158E-05 9.98158E-05 9.98158E-05 9.98158E-05 0.556042 9.98158E-05 9.98158E-05 9.98158E-05 0.088471 9.98158E-05 9.98158E-05
9.97896E-05 9.97896E-05 9.97896E-05 9.97896E-05 9.97896E-05 9.97896E-05 9.97896E-05 0.00421246 9.97896E-05 9.97896E-05 9.97896E-05 0.882724 9.97896E-05 9.97896E-05 9.97896E-05 9.97896E-05 9.97896E-05 9.97896E-05 9.97896E-05 9.97896E-05 9.97896E-05 9.97896E-05 0.00314435 9.97896E-05 9.97896E-05 0.107524 9.97896E-05 9.97896E-05
9.97808E-05 9.97808E-05 9.97808E-05 9.97808E-05 9.97808E-05 0.00573048 9.97808E-05 9.97808E-05 9.97808E-05 9.97808E-05 9.97808E-05 0.901714 9.97808E-05 9.97808E-05 9.97808E-05 9.97808E-05 9.97808E-05 9.97808E-05 9.97808E-05 0.0900614 9.97808E-05 9.97808E-05 9.97808E-05 9.97808E-05 9.97808E-05 9.97808E-05 9.97808E-05 9.97808E-05
9.98069E-05 9.98069E-05 9.98069E-05 9.98069E-05 9.98069E-05 0.152946 9.98069E-05 9.98069E-05 0.073171 9.98069E-05 9.98069E-05 0.0523053 0.244459 9.98069E-05 9.98069E-05 9.98069E-05 9.98069E-05 9.98069E-05 9.98069E-05 9.98069E-05 9.98069E-05 0.373705 9.98069E-05 9.98069E-05 9.98069E-05 0.101219 9.98069E-05 9.98069E-05
9.97981E-05 9.97981E-05 9.97981E-05 9.97981E-05 9.97981E-05 0.051514 9.97981E-05 9.97981E-05 9.97981E-05 9.97981E-05 9.97981E-05 0.894707 9.97981E-05 9.97981E-05 9.97981E-05 9.97981E-05 0.0206852 9.97981E-05 9.97981E-05 9.97981E-05 0.021711 0.00908697 9.97981E-05 9.97981E-05 9.97981E-05 9.97981E-05 9.97981E-05 9.97981E-05
9.97632E-05 9.97632E-05 9.97632E-05 9.97632E-05 9.97632E-05 9.97632E-05 9.97632E-05 9.97632E-05 9.97632E-05 9.97632E-05 9.97632E-05 0.997306 9.97632E-05 9.97632E-05 9.97632E-05 9.97632E-05 9.97632E-05 9.97632E-05 9.97632E-05 9.97632E-05 9.97632E-05 9.97632E-05 9.97632E-05 9.97632E-05 9.97632E-05 9.97632E-05 9.97632E-05 9.97632E-05
