9.9842E-05 0.331678 9.9842E-05 0.0613801 9.9842E-05 9.9842E-05 0.281824 0.0381723 9.9842E-05 9.9842E-05 9.9842E-05 0.185652 9.9842E-05 9.9842E-05 9.9842E-05 0.0407943 9.9842E-05 0.058702 9.9842E-05 9.9842E-05 9.9842E-05 9.9842E-05 9.9842E-05 9.9842E-05 9.9842E-05
0.0322683 0.66535 9.98334E-05 9.98334E-05 9.98334E-05 9.98334E-05 0.172645 9.98334E-05 9.98334E-05 9.98334E-05 9.98334E-05 9.98334E-05 9.98334E-05 9.98334E-05 9.98334E-05 9.98334E-05 9.98334E-05 0.104163 9.98334E-05 9.98334E-05 0.0192362 9.98334E-05 9.98334E-05 0.00444099 9.98334E-05
9.98158E-05 0.8485 9.98158E-05 0.0249072 0.116685 9.98158E-05 9.98158E-05 9.98158E-05 9.98158E-05 9.98158E-05 9.98158E-05 9.98158E-05 9.98158E-05 9.98158E-05 9.98158E-05 9.98158E-05 9.98158E-05 9.98158E-05 9.98158E-05 9.98158E-05 9.98158E-05 0.00781126 9.98158E-05 9.98158E-05 9.98158E-05
0.012723 0.271601 9.98597E-05 0.0089082 0.0887748 9.98597E-05 9.98597E-05 9.98597E-05 0.347158 9.98597E-05 9.98597E-05 0.116363 0.0728262 9.98597E-05 0.0532159 0.0268315 9.98597E-05 9.98597E-05 9.98597E-05 9.98597E-05 9.98597E-05 9.98597E-05 9.98597E-05 9.98597E-05 9.98597E-05
9.98071E-05 0.779817 9.98071E-05 9.98071E-05 9.98071E-05 9.98071E-05 9.98071E-05 9.98071E-05 9.98071E-05 0.102623 9.98071E-05 9.98071E-05 9.98071E-05 9.98071E-05 0.115364 9.98071E-05 9.98071E-05 9.98071E-05 9.98071E-05 9.98071E-05 9.98071E-05 9.98071E-05 9.98071E-05 9.98071E-05 9.98071E-05
9.98508E-05 0.194312 9.98508E-05 9.98508E-05 0.0669948 9.98508E-05 0.237114 9.98508E-05 9.98508E-05 0.094332 9.98508E-05 0.00881328 0.158327 9.98508E-05 0.119386 9.98508E-05 9.98508E-05 9.98508E-05 9.98508E-05 0.119023 9.98508E-05 9.98508E-05 9.98508E-05 9.98508E-05 9.98508E-05
9.98772E-05 0.234449 9.98772E-05 0.023645 9.98772E-05 9.98772E-05 0.134199 9.98772E-05 0.137422 9.98772E-05 9.98772E-05 0.161318 0.0695024 9.98772E-05 9.98772E-05 0.0667591 9.98772E-05 0.0755783 0.0384378 9.98772E-05 0.0123759 0.0449154 9.98772E-05 9.98772E-05 9.98772E-05
0.0287459 0.173633 9.9886E-05 9.9886E-05 9.9886E-05 9.9886E-05 0.0620212 9.9886E-05 9.9886E-05 0.0403471 9.9886E-05 0.209246 0.0374946 9.9886E-05 0.0749404 0.0451956 9.9886E-05 9.9886E-05 9.9886E-05 0.109445 9.9886E-05 0.00220818 0.0516729 9.9886E-05 0.163752
9.98596E-05 0.202645 0.107989 0.175229 0.0398259 9.98596E-05 0.062045 0.162358 9.98596E-05 9.98596E-05 9.98596E-05 0.0178419 9.98596E-05 9.98596E-05 9.98596E-05 9.98596E-05 9.98596E-05 0.00439387 9.98596E-05 0.226074 9.98596E-05 9.98596E-05 9.98596E-05 9.98596E-05 9.98596E-05
9.97982E-05 0.890862 9.97982E-05 0.106842 9.97982E-05 9.97982E-05 9.97982E-05 9.97982E-05 9.97982E-05 9.97982E-05 9.97982E-05 9.97982E-05 9.97982E-05 9.97982E-05 9.97982E-05 9.97982E-05 9.97982E-05 9.97982E-05 9.97982E-05 9.97982E-05 9.97982E-05 9.97982E-05 9.97982E-05 9.97982E-05 9.97982E-05
9.98333E-05 0.514734 9.98333E-05 0.167047 9.98333E-05 9.98333E-05 0.0864725 9.98333E-05 9.98333E-05 9.98333E-05 9.98333E-05 0.0916233 9.98333E-05 9.98333E-05 9.98333E-05 0.129734 9.98333E-05 9.98333E-05 9.98333E-05 0.00849292 9.98333E-05 9.98333E-05 9.98333E-05 9.98333E-05 9.98333E-05
9.9807E-05 0.938154 9.9807E-05 9.9807E-05 9.9807E-05 9.9807E-05 9.9807E-05 9.9807E-05 9.9807E-05 9.9807E-05 0.00558987 9.9807E-05 0.05406 9.9807E-05 9.9807E-05 9.9807E-05 9.9807E-05 9.9807E-05 9.9807E-05 9.9807E-05 9.9807E-05 9.9807E-05 9.9807E-05 9.9807E-05 9.9807E-05
9.98158E-05 0.802227 9.98158E-05 0.0633369 9.98158E-05 9.98158E-05 9.98158E-05 9.98158E-05 9.98158E-05 9.98158E-05 9.98158E-05 0.0441754 9.98158E-05 9.98158E-05 9.98158E-05 9.98158E-05 9.98158E-05 9.98158E-05 9.98158E-05 9.98158E-05 0.0881647 9.98158E-05 9.98158E-05 9.98158E-05 9.98158E-05
9.98422E-05 0.568436 0.0398072 0.0523691 9.98422E-05 0.183512 9.98422E-05 9.98422E-05 9.98422E-05 0.101214 0.0113471 0.0415169 9.98422E-05 9.98422E-05 9.98422E-05 9.98422E-05 9.98422E-05 9.98422E-05 9.98422E-05 9.98422E-05 9.98422E-05 9.98422E-05 9.98422E-05 9.98422E-05 9.98422E-05
9.98771E-05 0.278042 0.0216574 0.0887674 0.118175 9.98771E-05 0.17282 0.0501638 9.98771E-05 9.98771E-05 0.0406425 0.0125253 9.98771E-05 9.98771E-05 9.98771E-05 9.98771E-05 0.0178569 9.98771E-05 9.98771E-05 0.142064 0.0558871 9.98771E-05 9.98771E-05 9.98771E-05 9.98771E-05
9.98596E-05 0.18631 9.98596E-05 0.0420124 9.98596E-05 9.98596E-05 0.206155 9.98596E-05 0.098499 9.98596E-05 0.0131302 0.0624432 9.98596E-05 9.98596E-05 0.0883661 9.98596E-05 9.98596E-05 9.98596E-05 9.98596E-05 0.134526 9.98596E-05 9.98596E-05 9.98596E-05 9.98596E-05 0.16696
9.98597E-05 0.530855 9.98597E-05 0.0493169 9.98597E-05 0.179965 0.0236374 9.98597E-05 0.0148997 9.98597E-05 9.98597E-05 0.0132626 9.98597E-05 9.98597E-05 9.98597E-05 0.0375197 9.98597E-05 0.13197 9.98597E-05 9.98597E-05 9.98597E-05 9.98597E-05 9.98597E-05 9.98597E-05 0.0169758
9.98333E-05 0.186808 9.98333E-05 0.125743 9.98333E-05 9.98333E-05 0.309897 9.98333E-05 9.98333E-05 9.98333E-05 9.98333E-05 0.128924 9.98333E-05 9.98333E-05 9.98333E-05 9.98333E-05 9.98333E-05 9.98333E-05 9.98333E-05 9.98333E-05 9.98333E-05 9.98333E-05 0.128929 0.117802 9.98333E-05
9.9842E-05 0.360399 9.9842E-05 0.158549 9.9842E-05 9.9842E-05 9.9842E-05 9.9842E-05 9.9842E-05 9.9842E-05 0.0271387 0.197059 0.126684 9.9842E-05 9.9842E-05 9.9842E-05 9.9842E-05 9.9842E-05 9.9842E-05 0.103071 0.0253024 9.9842E-05 9.9842E-05 9.9842E-05 9.9842E-05
9.98246E-05 0.91574 9.98246E-05 0.00638001 9.98246E-05 9.98246E-05 9.98246E-05 9.98246E-05 9.98246E-05 9.98246E-05 9.98246E-05 9.98246E-05 0.040618 9.98246E-05 9.98246E-05 9.98246E-05 9.98246E-05 9.98246E-05 9.98246E-05 9.98246E-05 0.0142903 9.98246E-05 9.98246E-05 0.0209753 9.98246E-05
0.22087 0.503789 9.98597E-05 0.0228892 9.98597E-05 9.98597E-05 9.98597E-05 9.98597E-05 9.98597E-05 9.98597E-05 9.98597E-05 0.0247412 9.98597E-05 9.98597E-05 0.0221283 0.0349187 9.98597E-05 9.98597E-05 9.98597E-05 0.0726962 9.98597E-05 9.98597E-05 0.0140424 9.98597E-05 0.0823268
9.98335E-05 0.273654 9.98335E-05 9.98335E-05 9.98335E-05 9.98335E-05 9.98335E-05 9.98335E-05 9.98335E-05 0.0368254 9.98335E-05 0.313594 0.154196 9.98335E-05 9.98335E-05 9.98335E-05 9.98335E-05 9.98335E-05 9.98335E-05 0.115628 0.104206 9.98335E-05 9.98335E-05 9.98335E-05 9.98335E-05
9.98422E-05 0.593846 9.98422E-05 0.0804632 9.98422E-05 9.98422E-05 0.223713 0.027094 9.98422E-05 9.98422E-05 9.98422E-05 9.98422E-05 9.98422E-05 9.98422E-05 0.0506754 0.0221918 9.98422E-05 9.98422E-05 9.98422E-05 9.98422E-05 0.000219559 9.98422E-05 9.98422E-05 9.98422E-05 9.98422E-05
9.98421E-05 0.336824 9.98421E-05 0.19106 0.0478793 9.98421E-05 0.0689147 0.0833754 9.98421E-05 9.98421E-05 9.98421E-05 0.26259 9.98421E-05 9.98421E-05 9.98421E-05 9.98421E-05 9.98421E-05 9.98421E-05 9.98421E-05 9.98421E-05 9.98421E-05 9.98421E-05 9.98421E-05 9.98421E-05 0.00756043
9.98684E-05 0.265316 0.00824668 0.227015 0.200856 9.98684E-05 9.98684E-05 9.98684E-05 0.00368939 9.98684E-05 0.0795421 0.0423105 9.98684E-05 9.98684E-05 9.98684E-05 0.0606051 9.98684E-05 9.98684E-05 9.98684E-05 0.0820753 9.98684E-05 9.98684E-05 9.98684E-05 0.0288455 9.98684E-05
9.98333E-05 0.687798 9.98333E-05 0.0975314 0.0718187 9.98333E-05 9.98333E-05 9.98333E-05 0.0421712 0.0165152 9.98333E-05 0.0822686 9.98333E-05 9.98333E-05 9.98333E-05 9.98333E-05 9.98333E-05 9.98333E-05 9.98333E-05 9.98333E-05 9.98333E-05 9.98333E-05 9.98333E-05 9.98333E-05 9.98333E-05
9.9842E-05 9.9842E-05 9.9842E-05 0.0927061 0.206981 9.9842E-05 9.9842E-05 9.9842E-05 9.9842E-05 9.9842E-05 9.9842E-05 0.248511 9.9842E-05 9.9842E-05 9.9842E-05 9.9842E-05 9.9842E-05 9.9842E-05 0.135579 9.9842E-05 0.131325 9.9842E-05 0.114928 9.9842E-05 0.0681726
9.98509E-05 0.77591 0.0129337 0.0222769 9.98509E-05 9.98509E-05 9.98509E-05 9.98509E-05 0.0140141 9.98509E-05 9.98509E-05 0.0481314 0.0497238 9.98509E-05 0.00507009 9.98509E-05 9.98509E-05 9.98509E-05 9.98509E-05 9.98509E-05 0.0702421 9.98509E-05 9.98509E-05 9.98509E-05 9.98509E-05
9.98422E-05 0.567723 9.98422E-05 0.127 0.123403 9.98422E-05 0.0650902 0.0499507 9.98422E-05 9.98422E-05 9.98422E-05 0.00103292 9.98422E-05 9.98422E-05 9.98422E-05 9.98422E-05 9.98422E-05 9.98422E-05 9.98422E-05 9.98422E-05 0.064003 9.98422E-05 9.98422E-05 9.98422E-05 9.98422E-05
9.98509E-05 0.677987 9.98509E-05 0.121854 0.000549692 9.98509E-05 9.98509E-05 0.0056522 9.98509E-05 9.98509E-05 9.98509E-05 9.98509E-05 0.00916227 9.98509E-05 9.98509E-05 0.0347363 0.140979 9.98509E-05 9.98509E-05 0.00738231 9.98509E-05 9.98509E-05 9.98509E-05 9.98509E-05 9.98509E-05
9.98422E-05 0.643108 9.98422E-05 9.98422E-05 9.98422E-05 9.98422E-05 0.01664 9.98422E-05 9.98422E-05 9.98422E-05 0.0911677 9.98422E-05 9.98422E-05 9.98422E-05 9.98422E-05 0.0745619 9.98422E-05 9.98422E-05 9.98422E-05 0.0698808 0.0980652 9.98422E-05 9.98422E-05 0.00477936 9.98422E-05
0.0855255 0.536763 9.98598E-05 0.00575888 0.147487 0.0212438 9.98598E-05 9.98598E-05 0.000310993 9.98598E-05 0.077163 9.98598E-05 0.00329211 9.98598E-05 0.120858 9.98598E-05 9.98598E-05 9.98598E-05 9.98598E-05 9.98598E-05 9.98598E-05 9.98598E-05 9.98598E-05 9.98598E-05 9.98598E-05
9.98333E-05 0.531551 9.98333E-05 0.10578 0.0765458 9.98333E-05 0.0682401 9.98333E-05 9.98333E-05 9.98333E-05 9.98333E-05 0.0869314 9.98333E-05 9.98333E-05 9.98333E-05 0.129055 9.98333E-05 9.98333E-05 9.98333E-05 9.98333E-05 9.98333E-05 9.98333E-05 9.98333E-05 9.98333E-05 9.98333E-05
9.98684E-05 0.456597 9.98684E-05 0.106667 0.111312 9.98684E-05 9.98684E-05 9.98684E-05 0.0199074 9.98684E-05 9.98684E-05 0.141255 0.00221153 0.0945688 9.98684E-05 0.0392315 9.98684E-05 9.98684E-05 9.98684E-05 9.98684E-05 9.98684E-05 0.0247322 0.00201909 9.98684E-05 9.98684E-05
9.98421E-05 0.784021 9.98421E-05 0.0168937 9.98421E-05 9.98421E-05 9.98421E-05 9.98421E-05 9.98421E-05 9.98421E-05 9.98421E-05 9.98421E-05 9.98421E-05 9.98421E-05 9.98421E-05 0.0221686 9.98421E-05 0.0156949 9.98421E-05 9.98421E-05 0.10756 9.98421E-05 0.0218519 0.0300132 9.98421E-05
9.9851E-05 0.685344 9.9851E-05 9.9851E-05 9.9851E-05 9.9851E-05 0.00191186 0.0391219 0.100355 9.9851E-05 9.9851E-05 0.0913942 9.9851E-05 9.9851E-05 9.9851E-05 9.9851E-05 9.9851E-05 0.0115195 0.0637602 0.00489583 9.9851E-05 9.9851E-05 9.9851E-05 9.9851E-05 9.9851E-05
9.9816E-05 0.852174 9.9816E-05 9.9816E-05 9.9816E-05 9.9816E-05 9.9816E-05 9.9816E-05 9.9816E-05 9.9816E-05 9.9816E-05 9.9816E-05 0.0866047 9.9816E-05 9.9816E-05 0.0366151 9.9816E-05 0.0225102 9.9816E-05 9.9816E-05 9.9816E-05 9.9816E-05 9.9816E-05 9.9816E-05 9.9816E-05
9.98423E-05 0.550158 9.98423E-05 0.069587 9.98423E-05 0.0888265 9.98423E-05 9.98423E-05 9.98423E-05 9.98423E-05 9.98423E-05 0.0374425 9.98423E-05 9.98423E-05 9.98423E-05 9.98423E-05 9.98423E-05 0.0634253 9.98423E-05 0.13379 9.98423E-05 9.98423E-05 9.98423E-05 0.0549742 9.98423E-05
9.98334E-05 0.439863 9.98334E-05 0.266364 0.0303258 9.98334E-05 9.98334E-05 9.98334E-05 9.98334E-05 0.052764 9.98334E-05 9.98334E-05 0.00160695 9.98334E-05 9.98334E-05 9.98334E-05 0.207179 9.98334E-05 9.98334E-05 9.98334E-05 9.98334E-05 9.98334E-05 9.98334E-05 9.98334E-05 9.98334E-05
9.98507E-05 0.548564 9.98507E-05 0.154169 0.145289 9.98507E-05 9.98507E-05 9.98507E-05 9.98507E-05 9.98507E-05 9.98507E-05 0.0474754 0.0524178 9.98507E-05 9.98507E-05 0.00959069 9.98507E-05 9.98507E-05 9.98507E-05 9.98507E-05 9.98507E-05 0.029118 9.98507E-05 9.98507E-05 0.0116788
9.98246E-05 0.750774 9.98246E-05 0.0368965 9.98246E-05 9.98246E-05 9.98246E-05 9.98246E-05 9.98246E-05 9.98246E-05 9.98246E-05 0.0745614 9.98246E-05 9.98246E-05 9.98246E-05 9.98246E-05 9.98246E-05 9.98246E-05 0.129035 9.98246E-05 9.98246E-05 9.98246E-05 9.98246E-05 9.98246E-05 0.00673656
9.9816E-05 0.519879 9.9816E-05 0.035295 9.9816E-05 9.9816E-05 9.9816E-05 9.9816E-05 9.9816E-05 9.9816E-05 9.9816E-05 0.149727 9.9816E-05 9.9816E-05 9.9816E-05 9.9816E-05 9.9816E-05 9.9816E-05 9.9816E-05 9.9816E-05 0.293002 9.9816E-05 9.9816E-05 9.9816E-05 9.9816E-05
9.98159E-05 0.601383 0.0307025 9.98159E-05 9.98159E-05 9.98159E-05 9.98159E-05 9.98159E-05 9.98159E-05 9.98159E-05 9.98159E-05 9.98159E-05 9.98159E-05 9.98159E-05 9.98159E-05 9.98159E-05 0.0719984 9.98159E-05 0.29382 9.98159E-05 9.98159E-05 9.98159E-05 9.98159E-05 9.98159E-05 9.98159E-05
9.98509E-05 0.281098 9.98509E-05 0.155102 9.98509E-05 9.98509E-05 0.130476 0.110497 9.98509E-05 9.98509E-05 9.98509E-05 0.0669524 9.98509E-05 9.98509E-05 0.0873377 0.0712562 9.98509E-05 9.98509E-05 9.98509E-05 0.0955833 9.98509E-05 9.98509E-05 9.98509E-05 9.98509E-05 9.98509E-05
9.98334E-05 0.211589 9.98334E-05 0.197252 9.98334E-05 9.98334E-05 9.98334E-05 9.98334E-05 0.0405946 0.068429 9.98334E-05 0.411631 0.068608 9.98334E-05 9.98334E-05 9.98334E-05 9.98334E-05 9.98334E-05 9.98334E-05 9.98334E-05 9.98334E-05 9.98334E-05 9.98334E-05 9.98334E-05 9.98334E-05
9.98332E-05 0.841617 9.98332E-05 0.0157764 9.98332E-05 9.98332E-05 9.98332E-05 9.98332E-05 9.98332E-05 0.0273778 9.98332E-05 9.98332E-05 9.98332E-05 9.98332E-05 9.98332E-05 9.98332E-05 9.98332E-05 9.98332E-05 9.98332E-05 0.0123488 9.98332E-05 9.98332E-05 0.0227003 0.0782826 9.98332E-05
9.98247E-05 0.788615 9.98247E-05 0.0270978 9.98247E-05 9.98247E-05 9.98247E-05 9.98247E-05 0.0964505 9.98247E-05 9.98247E-05 9.98247E-05 9.98247E-05 9.98247E-05 0.0402257 9.98247E-05 9.98247E-05 9.98247E-05 9.98247E-05 0.0456147 9.98247E-05 9.98247E-05 9.98247E-05 9.98247E-05 9.98247E-05
9.98072E-05 0.950318 9.98072E-05 0.0382445 9.98072E-05 9.98072E-05 9.98072E-05 9.98072E-05 9.98072E-05 9.98072E-05 9.98072E-05 9.98072E-05 9.98072E-05 9.98072E-05 9.98072E-05 9.98072E-05 9.98072E-05 9.98072E-05 9.98072E-05 9.98072E-05 9.98072E-05 9.98072E-05 9.98072E-05 9.98072E-05 0.00924132
9.9842E-05 0.608271 9.9842E-05 0.100161 0.0039077 9.9842E-05 0.0385971 9.9842E-05 9.9842E-05 9.9842E-05 9.9842E-05 0.134088 0.0867568 9.9842E-05 0.0264209 9.9842E-05 9.9842E-05 9.9842E-05 9.9842E-05 9.9842E-05 9.9842E-05 9.9842E-05 9.9842E-05 9.9842E-05 9.9842E-05
9.98599E-05 0.764165 0.00974341 9.98599E-05 9.98599E-05 9.98599E-05 9.98599E-05 9.98599E-05 9.98599E-05 0.01219 9.98599E-05 9.98599E-05 0.0376419 9.98599E-05 0.0166077 9.98599E-05 9.98599E-05 9.98599E-05 0.0230023 9.98599E-05 9.98599E-05 0.0684238 0.0443919 0.0222358 9.98599E-05
0.103973 0.250624 9.98859E-05 0.172709 0.0966661 9.98859E-05 0.0117955 9.98859E-05 0.045531 9.98859E-05 9.98859E-05 9.98859E-05 9.98859E-05 9.98859E-05 0.0990298 0.0469451 9.98859E-05 9.98859E-05 9.98859E-05 0.0252258 0.0557698 9.98859E-05 0.0618683 9.98859E-05 0.028564
9.98334E-05 0.609617 9.98334E-05 0.0200738 9.98334E-05 9.98334E-05 9.98334E-05 9.98334E-05 0.102849 0.0391245 9.98334E-05 0.18693 9.98334E-05 9.98334E-05 9.98334E-05 9.98334E-05 9.98334E-05 9.98334E-05 9.98334E-05 9.98334E-05 9.98334E-05 9.98334E-05 9.98334E-05 0.0395097 9.98334E-05
9.98245E-05 0.81473 9.98245E-05 0.0142389 0.00115202 0.11879 9.98245E-05 9.98245E-05 9.98245E-05 9.98245E-05 9.98245E-05 9.98245E-05 9.98245E-05 9.98245E-05 9.98245E-05 9.98245E-05 9.98245E-05 9.98245E-05 9.98245E-05 9.98245E-05 9.98245E-05 9.98245E-05 0.0490917 9.98245E-05 9.98245E-05
9.98424E-05 0.629446 9.98424E-05 0.0718084 9.98424E-05 9.98424E-05 9.98424E-05 9.98424E-05 9.98424E-05 0.0168852 0.0455243 9.98424E-05 9.98424E-05 9.98424E-05 9.98424E-05 9.98424E-05 9.98424E-05 9.98424E-05 0.0971126 9.98424E-05 9.98424E-05 0.00339839 9.98424E-05 9.98424E-05 0.134028
9.98159E-05 0.792837 0.0367665 0.0477917 9.98159E-05 9.98159E-05 9.98159E-05 9.98159E-05 9.98159E-05 9.98159E-05 0.120509 9.98159E-05 9.98159E-05 9.98159E-05 9.98159E-05 9.98159E-05 9.98159E-05 9.98159E-05 9.98159E-05 9.98159E-05 9.98159E-05 9.98159E-05 9.98159E-05 9.98159E-05 9.98159E-05
9.98248E-05 0.681128 9.98248E-05 9.98248E-05 0.118966 9.98248E-05 9.98248E-05 9.98248E-05 9.98248E-05 9.98248E-05 9.98248E-05 9.98248E-05 0.0745181 9.98248E-05 9.98248E-05 9.98248E-05 9.98248E-05 9.98248E-05 9.98248E-05 9.98248E-05 0.0062919 9.98248E-05 9.98248E-05 0.117099 9.98248E-05
9.98421E-05 0.772604 9.98421E-05 0.0403729 9.98421E-05 9.98421E-05 9.98421E-05 9.98421E-05 9.98421E-05 9.98421E-05 9.98421E-05 0.0255779 0.0521703 9.98421E-05 9.98421E-05 0.0497003 9.98421E-05 9.98421E-05 9.98421E-05 0.0397968 9.98421E-05 9.98421E-05 0.0179805 9.98421E-05 9.98421E-05
9.98072E-05 0.824495 9.98072E-05 0.0460251 9.98072E-05 9.98072E-05 9.98072E-05 9.98072E-05 0.127285 9.98072E-05 9.98072E-05 9.98072E-05 9.98072E-05 9.98072E-05 9.98072E-05 9.98072E-05 9.98072E-05 9.98072E-05 9.98072E-05 9.98072E-05 9.98072E-05 9.98072E-05 9.98072E-05 9.98072E-05 9.98072E-05
9.98245E-05 0.757044 9.98245E-05 0.00872537 9.98245E-05 9.98245E-05 9.98245E-05 9.98245E-05 9.98245E-05 9.98245E-05 9.98245E-05 9.98245E-05 9.98245E-05 9.98245E-05 9.98245E-05 0.00244871 9.98245E-05 0.0377658 9.98245E-05 9.98245E-05 0.19202 9.98245E-05 9.98245E-05 9.98245E-05 9.98245E-05
9.9842E-05 9.9842E-05 0.020866 0.0983307 9.9842E-05 9.9842E-05 0.676541 9.9842E-05 9.9842E-05 9.9842E-05 9.9842E-05 9.9842E-05 9.9842E-05 9.9842E-05 9.9842E-05 0.0242134 9.9842E-05 9.9842E-05 0.0866802 0.0740051 9.9842E-05 9.9842E-05 0.0175662 9.9842E-05 9.9842E-05
9.97985E-05 9.97985E-05 9.97985E-05 9.97985E-05 9.97985E-05 9.97985E-05 0.989789 9.97985E-05 9.97985E-05 9.97985E-05 9.97985E-05 9.97985E-05 9.97985E-05 9.97985E-05 9.97985E-05 9.97985E-05 9.97985E-05 9.97985E-05 9.97985E-05 9.97985E-05 9.97985E-05 9.97985E-05 9.97985E-05 9.97985E-05 0.00791547
9.98158E-05 9.98158E-05 9.98158E-05 9.98158E-05 9.98158E-05 9.98158E-05 0.925089 9.98158E-05 9.98158E-05 9.98158E-05 9.98158E-05 9.98158E-05 9.98158E-05 9.98158E-05 9.98158E-05 9.98158E-05 0.0299274 9.98158E-05 9.98158E-05 9.98158E-05 9.98158E-05 0.0092233 0.0336639 9.98158E-05 9.98158E-05
9.98509E-05 9.98509E-05 9.98509E-05 0.0380918 0.181348 9.98509E-05 0.362945 9.98509E-05 9.98509E-05 9.98509E-05 9.98509E-05 9.98509E-05 9.98509E-05 9.98509E-05 9.98509E-05 0.024144 9.98509E-05 0.212115 0.0132909 0.129165 9.98509E-05 0.0372028 9.98509E-05 9.98509E-05 9.98509E-05
9.98418E-05 9.98418E-05 9.98418E-05 0.0186514 9.98418E-05 9.98418E-05 0.712324 9.98418E-05 9.98418E-05 0.00751847 9.98418E-05 0.110075 9.98418E-05 9.98418E-05 9.98418E-05 9.98418E-05 9.98418E-05 9.98418E-05 9.98418E-05 0.0603324 9.98418E-05 0.0271671 9.98418E-05 0.0621352 9.98418E-05
9.98155E-05 9.98155E-05 9.98155E-05 0.175316 9.98155E-05 9.98155E-05 0.72563 9.98155E-05 9.98155E-05 9.98155E-05 9.98155E-05 0.0678792 9.98155E-05 9.98155E-05 9.98155E-05 9.98155E-05 9.98155E-05 9.98155E-05 9.98155E-05 0.0290786 9.98155E-05 9.98155E-05 9.98155E-05 9.98155E-05 9.98155E-05
9.98243E-05 9.98243E-05 9.98243E-05 0.110223 9.98243E-05 9.98243E-05 0.608397 9.98243E-05 0.0173761 9.98243E-05 9.98243E-05 9.98243E-05 9.98243E-05 9.98243E-05 9.98243E-05 0.00583246 9.98243E-05 0.256175 9.98243E-05 9.98243E-05 9.98243E-05 9.98243E-05 9.98243E-05 9.98243E-05 9.98243E-05
9.98593E-05 9.98593E-05 9.98593E-05 0.0616838 0.0433835 9.98593E-05 0.572986 9.98593E-05 9.98593E-05 9.98593E-05 9.98593E-05 9.98593E-05 0.00140656 9.98593E-05 9.98593E-05 9.98593E-05 9.98593E-05 0.121872 9.98593E-05 0.0777309 0.00975441 0.0449954 0.0645889 9.98593E-05 9.98593E-05
9.97982E-05 9.97982E-05 9.97982E-05 9.97982E-05 9.97982E-05 9.97982E-05 0.863635 9.97982E-05 9.97982E-05 9.97982E-05 9.97982E-05 9.97982E-05 9.97982E-05 9.97982E-05 9.97982E-05 9.97982E-05 9.97982E-05 9.97982E-05 0.134069 9.97982E-05 9.97982E-05 9.97982E-05 9.97982E-05 9.97982E-05 9.97982E-05
9.98244E-05 9.98244E-05 9.98244E-05 9.98244E-05 9.98244E-05 9.98244E-05 0.833603 9.98244E-05 0.0330848 9.98244E-05 9.98244E-05 9.98244E-05 9.98244E-05 9.98244E-05 9.98244E-05 0.0793289 9.98244E-05 9.98244E-05 9.98244E-05 0.0290587 0.0229279 9.98244E-05 9.98244E-05 9.98244E-05 9.98244E-05
9.98242E-05 9.98242E-05 9.98242E-05 0.270415 9.98242E-05 9.98242E-05 0.534042 9.98242E-05 9.98242E-05 9.98242E-05 9.98242E-05 9.98242E-05 0.000915657 9.98242E-05 9.98242E-05 0.143691 9.98242E-05 9.98242E-05 9.98242E-05 0.0489398 9.98242E-05 9.98242E-05 9.98242E-05 9.98242E-05 9.98242E-05
9.98682E-05 9.98682E-05 0.0975959 0.0737409 9.98682E-05 9.98682E-05 0.516682 9.98682E-05 9.98682E-05 0.00617562 9.98682E-05 0.133664 0.0166662 9.98682E-05 9.98682E-05 0.0630545 9.98682E-05 0.055411 9.98682E-05 9.98682E-05 9.98682E-05 0.0200352 9.98682E-05 9.98682E-05 0.0154763
0.0977407 9.9833E-05 9.9833E-05 9.9833E-05 0.0596626 9.9833E-05 0.600758 9.9833E-05 9.9833E-05 9.9833E-05 9.9833E-05 9.9833E-05 9.9833E-05 9.9833E-05 9.9833E-05 0.0899255 9.9833E-05 9.9833E-05 9.9833E-05 0.103691 9.9833E-05 9.9833E-05 9.9833E-05 9.9833E-05 0.0463262
0.0170464 9.98244E-05 9.98244E-05 0.299709 9.98244E-05 9.98244E-05 0.533968 9.98244E-05 9.98244E-05 0.0341872 9.98244E-05 0.113093 9.98244E-05 9.98244E-05 9.98244E-05 9.98244E-05 9.98244E-05 9.98244E-05 9.98244E-05 9.98244E-05 9.98244E-05 9.98244E-05 9.98244E-05 9.98244E-05 9.98244E-05
9.98074E-05 9.98074E-05 9.98074E-05 9.98074E-05 9.98074E-05 9.98074E-05 0.760033 9.98074E-05 9.98074E-05 0.00823213 9.98074E-05 9.98074E-05 9.98074E-05 9.98074E-05 9.98074E-05 9.98074E-05 9.98074E-05 9.98074E-05 0.229539 9.98074E-05 9.98074E-05 9.98074E-05 9.98074E-05 9.98074E-05 9.98074E-05
9.98072E-05 9.98072E-05 9.98072E-05 0.00963085 9.98072E-05 9.98072E-05 0.960754 9.98072E-05 9.98072E-05 9.98072E-05 9.98072E-05 9.98072E-05 9.98072E-05 9.98072E-05 9.98072E-05 9.98072E-05 9.98072E-05 9.98072E-05 9.98072E-05 0.0274191 9.98072E-05 9.98072E-05 9.98072E-05 9.98072E-05 9.98072E-05
9.98243E-05 9.98243E-05 9.98243E-05 9.98243E-05 0.0769189 9.98243E-05 0.567856 9.98243E-05 9.98243E-05 9.98243E-05 9.98243E-05 9.98243E-05 0.0988273 9.98243E-05 0.0481247 9.98243E-05 9.98243E-05 9.98243E-05 9.98243E-05 9.98243E-05 9.98243E-05 0.206276 9.98243E-05 9.98243E-05 9.98243E-05
9.98331E-05 9.98331E-05 9.98331E-05 9.98331E-05 9.98331E-05 9.98331E-05 0.519854 9.98331E-05 0.0224442 9.98331E-05 9.98331E-05 0.203794 0.105321 9.98331E-05 9.98331E-05 0.142112 9.98331E-05 9.98331E-05 9.98331E-05 0.00457825 9.98331E-05 9.98331E-05 9.98331E-05 9.98331E-05 9.98331E-05
9.98156E-05 9.98156E-05 9.98156E-05 0.0317566 9.98156E-05 9.98156E-05 0.887253 9.98156E-05 9.98156E-05 9.98156E-05 9.98156E-05 9.98156E-05 9.98156E-05 9.98156E-05 9.98156E-05 0.0150088 9.98156E-05 9.98156E-05 9.98156E-05 9.98156E-05 9.98156E-05 9.98156E-05 0.0638851 9.98156E-05 9.98156E-05
9.98331E-05 9.98331E-05 9.98331E-05 0.15903 9.98331E-05 9.98331E-05 0.497016 9.98331E-05 9.98331E-05 9.98331E-05 9.98331E-05 9.98331E-05 0.0348036 9.98331E-05 9.98331E-05 0.0654207 9.98331E-05 9.98331E-05 9.98331E-05 9.98331E-05 0.239417 9.98331E-05 0.00241512 9.98331E-05 9.98331E-05
9.97988E-05 9.97988E-05 9.97988E-05 9.97988E-05 9.97988E-05 9.97988E-05 0.957172 9.97988E-05 9.97988E-05 9.97988E-05 9.97988E-05 9.97988E-05 9.97988E-05 9.97988E-05 9.97988E-05 9.97988E-05 0.0405328 9.97988E-05 9.97988E-05 9.97988E-05 9.97988E-05 9.97988E-05 9.97988E-05 9.97988E-05 9.97988E-05
9.98507E-05 9.98507E-05 0.0117404 9.98507E-05 9.98507E-05 9.98507E-05 0.617468 9.98507E-05 9.98507E-05 9.98507E-05 9.98507E-05 0.222042 0.0132673 9.98507E-05 0.051709 9.98507E-05 9.98507E-05 0.0190357 9.98507E-05 9.98507E-05 0.0133573 9.98507E-05 9.98507E-05 9.98507E-05 0.0496834
9.98247E-05 9.98247E-05 9.98247E-05 0.031508 0.206394 9.98247E-05 0.614024 9.98247E-05 9.98247E-05 9.98247E-05 9.98247E-05 0.0675996 9.98247E-05 9.98247E-05 9.98247E-05 9.98247E-05 9.98247E-05 9.98247E-05 9.98247E-05 9.98247E-05 0.0784784 9.98247E-05 9.98247E-05 9.98247E-05 9.98247E-05
0.0109197 9.98508E-05 9.98508E-05 9.98508E-05 9.98508E-05 9.98508E-05 0.649219 0.0478659 9.98508E-05 9.98508E-05 9.98508E-05 9.98508E-05 0.119639 9.98508E-05 0.118968 9.98508E-05 9.98508E-05 9.98508E-05 9.98508E-05 0.0132399 9.98508E-05 0.00513382 0.0333178 9.98508E-05 9.98508E-05
9.98069E-05 9.98069E-05 9.98069E-05 9.98069E-05 9.98069E-05 9.98069E-05 0.844623 9.98069E-05 0.00120494 9.98069E-05 9.98069E-05 9.98069E-05 9.98069E-05 9.98069E-05 9.98069E-05 0.151976 9.98069E-05 9.98069E-05 9.98069E-05 9.98069E-05 9.98069E-05 9.98069E-05 9.98069E-05 9.98069E-05 9.98069E-05
9.98423E-05 9.98423E-05 9.98423E-05 0.0312412 9.98423E-05 9.98423E-05 0.84066 9.98423E-05 9.98423E-05 9.98423E-05 9.98423E-05 9.98423E-05 9.98423E-05 9.98423E-05 0.0613447 9.98423E-05 9.98423E-05 0.0101715 9.98423E-05 0.00737482 0.0359677 9.98423E-05 9.98423E-05 0.0114431 9.98423E-05
9.97897E-05 9.97897E-05 9.97897E-05 9.97897E-05 9.97897E-05 9.97897E-05 0.997605 9.97897E-05 9.97897E-05 9.97897E-05 9.97897E-05 9.97897E-05 9.97897E-05 9.97897E-05 9.97897E-05 9.97897E-05 9.97897E-05 9.97897E-05 9.97897E-05 9.97897E-05 9.97897E-05 9.97897E-05 9.97897E-05 9.97897E-05 9.97897E-05
9.97896E-05 9.97896E-05 9.97896E-05 9.97896E-05 9.97896E-05 9.97896E-05 0.997605 9.97896E-05 9.97896E-05 9.97896E-05 9.97896E-05 9.97896E-05 9.97896E-05 9.97896E-05 9.97896E-05 9.97896E-05 9.97896E-05 9.97896E-05 9.97896E-05 9.97896E-05 9.97896E-05 9.97896E-05 9.97896E-05 9.97896E-05 9.97896E-05
9.97983E-05 9.97983E-05 9.97983E-05 9.97983E-05 9.97983E-05 9.97983E-05 0.920986 9.97983E-05 9.97983E-05 9.97983E-05 9.97983E-05 9.97983E-05 9.97983E-05 9.97983E-05 9.97983E-05 9.97983E-05 9.97983E-05 9.97983E-05 9.97983E-05 9.97983E-05 9.97983E-05 9.97983E-05 0.0767182 9.97983E-05 9.97983E-05
9.98248E-05 9.98248E-05 9.98248E-05 0.125133 9.98248E-05 9.98248E-05 0.50961 9.98248E-05 9.98248E-05 9.98248E-05 9.98248E-05 9.98248E-05 9.98248E-05 9.98248E-05 9.98248E-05 9.98248E-05 0.133077 9.98248E-05 0.202517 0.0276667 9.98248E-05 9.98248E-05 9.98248E-05 9.98248E-05 9.98248E-05
9.98158E-05 9.98158E-05 9.98158E-05 0.144841 0.812403 9.98158E-05 9.98158E-05 9.98158E-05 9.98158E-05 9.98158E-05 9.98158E-05 9.98158E-05 9.98158E-05 9.98158E-05 0.00884824 9.98158E-05 9.98158E-05 9.98158E-05 9.98158E-05 0.0318118 9.98158E-05 9.98158E-05 9.98158E-05 9.98158E-05 9.98158E-05
9.98071E-05 9.98071E-05 9.98071E-05 0.0491364 0.256377 9.98071E-05 9.98071E-05 9.98071E-05 9.98071E-05 9.98071E-05 9.98071E-05 9.98071E-05 9.98071E-05 9.98071E-05 9.98071E-05 9.98071E-05 0.69229 9.98071E-05 9.98071E-05 9.98071E-05 9.98071E-05 9.98071E-05 9.98071E-05 9.98071E-05 9.98071E-05
9.98245E-05 9.98245E-05 9.98245E-05 0.0837982 0.797445 9.98245E-05 9.98245E-05 9.98245E-05 9.98245E-05 0.0858871 9.98245E-05 0.00486698 9.98245E-05 9.98245E-05 9.98245E-05 9.98245E-05 9.98245E-05 9.98245E-05 9.98245E-05 9.98245E-05 9.98245E-05 9.98245E-05 0.0260064 9.98245E-05 9.98245E-05
9.98244E-05 9.98244E-05 9.98244E-05 0.110072 0.832854 9.98244E-05 9.98244E-05 9.98244E-05 9.98244E-05 9.98244E-05 9.98244E-05 9.98244E-05 9.98244E-05 9.98244E-05 9.98244E-05 0.0230973 9.98244E-05 9.98244E-05 9.98244E-05 0.0109127 9.98244E-05 9.98244E-05 0.0210673 9.98244E-05 9.98244E-05
9.98068E-05 9.98068E-05 9.98068E-05 9.98068E-05 0.861404 9.98068E-05 9.98068E-05 9.98068E-05 9.98068E-05 0.0859565 9.98068E-05 9.98068E-05 9.98068E-05 9.98068E-05 9.98068E-05 9.98068E-05 9.98068E-05 9.98068E-05 9.98068E-05 0.0504433 9.98068E-05 9.98068E-05 9.98068E-05 9.98068E-05 9.98068E-05
9.98333E-05 9.98333E-05 9.98333E-05 0.153282 0.336989 9.98333E-05 9.98333E-05 9.98333E-05 0.0231953 9.98333E-05 9.98333E-05 9.98333E-05 9.98333E-05 0.0181382 0.33398 9.98333E-05 9.98333E-05 9.98333E-05 9.98333E-05 0.132518 9.98333E-05 9.98333E-05 9.98333E-05 9.98333E-05 9.98333E-05
9.98508E-05 9.98508E-05 9.98508E-05 0.0625815 0.745134 0.0362197 9.98508E-05 9.98508E-05 9.98508E-05 0.00297493 9.98508E-05 0.0251397 9.98508E-05 9.98508E-05 9.98508E-05 0.0504507 9.98508E-05 9.98508E-05 9.98508E-05 0.048167 9.98508E-05 9.98508E-05 0.0276348 9.98508E-05 9.98508E-05
9.98157E-05 9.98157E-05 9.98157E-05 0.0753539 0.489217 9.98157E-05 9.98157E-05 9.98157E-05 9.98157E-05 9.98157E-05 9.98157E-05 9.98157E-05 9.98157E-05 9.98157E-05 0.291856 9.98157E-05 9.98157E-05 9.98157E-05 9.98157E-05 0.141478 9.98157E-05 9.98157E-05 9.98157E-05 9.98157E-05 9.98157E-05
9.98157E-05 9.98157E-05 9.98157E-05 9.98157E-05 0.385159 9.98157E-05 9.98157E-05 9.98157E-05 9.98157E-05 9.98157E-05 9.98157E-05 9.98157E-05 9.98157E-05 9.98157E-05 9.98157E-05 9.98157E-05 9.98157E-05 0.149993 9.98157E-05 0.311069 0.151683 9.98157E-05 9.98157E-05 9.98157E-05 9.98157E-05
9.98158E-05 9.98158E-05 9.98158E-05 0.220859 0.585465 9.98158E-05 9.98158E-05 9.98158E-05 0.0655405 9.98158E-05 9.98158E-05 9.98158E-05 9.98158E-05 9.98158E-05 9.98158E-05 9.98158E-05 9.98158E-05 9.98158E-05 9.98158E-05 0.12604 9.98158E-05 9.98158E-05 9.98158E-05 9.98158E-05 9.98158E-05
9.9807E-05 9.9807E-05 9.9807E-05 9.9807E-05 0.334977 0.47446 9.9807E-05 9.9807E-05 9.9807E-05 9.9807E-05 9.9807E-05 9.9807E-05 9.9807E-05 9.9807E-05 9.9807E-05 9.9807E-05 9.9807E-05 0.188368 9.9807E-05 9.9807E-05 9.9807E-05 9.9807E-05 9.9807E-05 9.9807E-05 9.9807E-05
9.98332E-05 9.98332E-05 9.98332E-05 0.0203472 0.109015 0.103551 9.98332E-05 9.98332E-05 9.98332E-05 9.98332E-05 9.98332E-05 9.98332E-05 9.98332E-05 9.98332E-05 0.727895 9.98332E-05 9.98332E-05 0.0118091 9.98332E-05 9.98332E-05 0.0254866 9.98332E-05 9.98332E-05 9.98332E-05 9.98332E-05
9.98248E-05 9.98248E-05 9.98248E-05 9.98248E-05 0.758916 0.137553 9.98248E-05 9.98248E-05 9.98248E-05 9.98248E-05 9.98248E-05 9.98248E-05 9.98248E-05 9.98248E-05 9.98248E-05 0.00442765 0.0200999 9.98248E-05 9.98248E-05 0.0770073 9.98248E-05 9.98248E-05 9.98248E-05 9.98248E-05 9.98248E-05
9.98333E-05 9.98333E-05 9.98333E-05 0.181808 0.0855801 0.103292 9.98333E-05 9.98333E-05 9.98333E-05 9.98333E-05 9.98333E-05 9.98333E-05 9.98333E-05 0.0600656 0.467823 9.98333E-05 9.98333E-05 9.98333E-05 9.98333E-05 0.0995346 9.98333E-05 9.98333E-05 9.98333E-05 9.98333E-05 9.98333E-05
9.98335E-05 9.98335E-05 9.98335E-05 9.98335E-05 0.55097 9.98335E-05 9.98335E-05 9.98335E-05 9.98335E-05 9.98335E-05 9.98335E-05 9.98335E-05 9.98335E-05 0.249745 9.98335E-05 0.0534676 9.98335E-05 9.98335E-05 9.98335E-05 0.0255885 9.98335E-05 9.98335E-05 0.0821469 9.98335E-05 0.0361845
9.98334E-05 9.98334E-05 9.98334E-05 0.104908 0.671953 0.0124246 9.98334E-05 9.98334E-05 9.98334E-05 9.98334E-05 9.98334E-05 9.98334E-05 9.98334E-05 9.98334E-05 9.98334E-05 9.98334E-05 0.0155419 0.0714033 9.98334E-05 9.98334E-05 0.121873 9.98334E-05 9.98334E-05 9.98334E-05 9.98334E-05
9.98508E-05 9.98508E-05 9.98508E-05 0.0982393 0.374145 9.98508E-05 9.98508E-05 9.98508E-05 9.98508E-05 9.98508E-05 9.98508E-05 9.98508E-05 9.98508E-05 0.126149 0.15983 9.98508E-05 9.98508E-05 0.218434 0.00582655 0.000401725 9.98508E-05 9.98508E-05 9.98508E-05 0.0152772 9.98508E-05
9.98423E-05 9.98423E-05 9.98423E-05 9.98423E-05 0.455219 9.98423E-05 9.98423E-05 9.98423E-05 9.98423E-05 0.0549331 9.98423E-05 0.0429471 9.98423E-05 9.98423E-05 0.266248 9.98423E-05 0.0525624 9.98423E-05 9.98423E-05 0.117964 9.98423E-05 0.00833 9.98423E-05 9.98423E-05 9.98423E-05
9.98158E-05 9.98158E-05 9.98158E-05 9.98158E-05 0.79881 9.98158E-05 9.98158E-05 9.98158E-05 9.98158E-05 9.98158E-05 9.98158E-05 9.98158E-05 9.98158E-05 0.19254 9.98158E-05 0.00556724 9.98158E-05 9.98158E-05 9.98158E-05 0.000987271 9.98158E-05 9.98158E-05 9.98158E-05 9.98158E-05 9.98158E-05
9.98596E-05 9.98596E-05 0.00993253 0.0811391 0.427589 9.98596E-05 9.98596E-05 9.98596E-05 0.0290949 9.98596E-05 9.98596E-05 9.98596E-05 9.98596E-05 0.00937195 9.98596E-05 9.98596E-05 0.266687 9.98596E-05 9.98596E-05 0.0727137 0.0349284 9.98596E-05 9.98596E-05 0.0669463 9.98596E-05
9.98334E-05 9.98334E-05 9.98334E-05 0.0766715 0.628509 9.98334E-05 9.98334E-05 9.98334E-05 0.00885874 9.98334E-05 9.98334E-05 9.98334E-05 9.98334E-05 0.14513 9.98334E-05 9.98334E-05 9.98334E-05 0.130315 9.98334E-05 0.00861847 9.98334E-05 9.98334E-05 9.98334E-05 9.98334E-05 9.98334E-05
9.98245E-05 9.98245E-05 9.98245E-05 0.0536069 0.768914 9.98245E-05 9.98245E-05 9.98245E-05 9.98245E-05 9.98245E-05 9.98245E-05 9.98245E-05 9.98245E-05 0.146459 9.98245E-05 0.00784203 9.98245E-05 9.98245E-05 9.98245E-05 0.0211818 9.98245E-05 9.98245E-05 9.98245E-05 9.98245E-05 9.98245E-05
9.98067E-05 9.98067E-05 9.98067E-05 0.163968 9.98067E-05 9.98067E-05 9.98067E-05 9.98067E-05 9.98067E-05 9.98067E-05 9.98067E-05 9.98067E-05 9.98067E-05 9.98067E-05 0.62571 9.98067E-05 9.98067E-05 9.98067E-05 9.98067E-05 0.208126 9.98067E-05 9.98067E-05 9.98067E-05 9.98067E-05 9.98067E-05
9.98335E-05 9.98335E-05 9.98335E-05 9.98335E-05 0.724846 0.032985 9.98335E-05 9.98335E-05 9.98335E-05 0.0383567 9.98335E-05 9.98335E-05 9.98335E-05 0.0678352 9.98335E-05 9.98335E-05 0.0166744 9.98335E-05 9.98335E-05 0.117406 9.98335E-05 9.98335E-05 9.98335E-05 9.98335E-05 9.98335E-05
9.98156E-05 9.98156E-05 9.98156E-05 0.256974 9.98156E-05 9.98156E-05 9.98156E-05 9.98156E-05 9.98156E-05 9.98156E-05 9.98156E-05 9.98156E-05 9.98156E-05 9.98156E-05 0.502172 9.98156E-05 9.98156E-05 9.98156E-05 9.98156E-05 0.185563 9.98156E-05 9.98156E-05 9.98156E-05 0.0531953 9.98156E-05
9.98332E-05 9.98332E-05 9.98332E-05 0.109828 0.193216 0.515588 0.0594641 9.98332E-05 9.98332E-05 9.98332E-05 9.98332E-05 9.98332E-05 9.98332E-05 9.98332E-05 9.98332E-05 9.98332E-05 9.98332E-05 0.00964625 9.98332E-05 0.110361 9.98332E-05 9.98332E-05 9.98332E-05 9.98332E-05 9.98332E-05
9.98245E-05 9.98245E-05 9.98245E-05 0.0154973 9.98245E-05 9.98245E-05 9.98245E-05 0.131093 9.98245E-05 0.0375127 9.98245E-05 9.98245E-05 9.98245E-05 0.793661 0.0202394 9.98245E-05 9.98245E-05 9.98245E-05 9.98245E-05 9.98245E-05 9.98245E-05 9.98245E-05 9.98245E-05 9.98245E-05 9.98245E-05
9.98154E-05 9.98154E-05 9.98154E-05 0.0530075 0.895518 9.98154E-05 9.98154E-05 9.98154E-05 9.98154E-05 9.98154E-05 9.98154E-05 9.98154E-05 0.0104708 9.98154E-05 9.98154E-05 9.98154E-05 9.98154E-05 9.98154E-05 9.98154E-05 0.0389077 9.98154E-05 9.98154E-05 9.98154E-05 9.98154E-05 9.98154E-05
9.98158E-05 9.98158E-05 9.98158E-05 0.049866 0.646526 9.98158E-05 9.98158E-05 9.98158E-05 9.98158E-05 9.98158E-05 9.98158E-05 9.98158E-05 9.98158E-05 9.98158E-05 9.98158E-05 9.98158E-05 9.98158E-05 0.0873878 9.98158E-05 0.214124 9.98158E-05 9.98158E-05 9.98158E-05 9.98158E-05 9.98158E-05
9.98332E-05 9.98332E-05 9.98332E-05 0.017508 0.346306 9.98332E-05 9.98332E-05 9.98332E-05 9.98332E-05 0.191521 9.98332E-05 9.98332E-05 9.98332E-05 0.229036 0.201863 0.0118699 9.98332E-05 9.98332E-05 9.98332E-05 9.98332E-05 9.98332E-05 9.98332E-05 9.98332E-05 9.98332E-05 9.98332E-05
9.98245E-05 9.98245E-05 9.98245E-05 0.148733 0.457234 0.28756 9.98245E-05 9.98245E-05 9.98245E-05 9.98245E-05 9.98245E-05 9.98245E-05 9.98245E-05 9.98245E-05 9.98245E-05 0.0447317 9.98245E-05 9.98245E-05 9.98245E-05 9.98245E-05 9.98245E-05 9.98245E-05 9.98245E-05 9.98245E-05 0.0597444
9.97984E-05 9.97984E-05 9.97984E-05 9.97984E-05 0.972974 9.97984E-05 9.97984E-05 9.97984E-05 9.97984E-05 9.97984E-05 9.97984E-05 9.97984E-05 9.97984E-05 9.97984E-05 9.97984E-05 9.97984E-05 9.97984E-05 9.97984E-05 9.97984E-05 9.97984E-05 9.97984E-05 9.97984E-05 9.97984E-05 9.97984E-05 0.0247304
9.98331E-05 9.98331E-05 9.98331E-05 0.143251 0.16437 9.98331E-05 9.98331E-05 9.98331E-05 9.98331E-05 0.148325 9.98331E-05 9.98331E-05 9.98331E-05 9.98331E-05 0.143045 9.98331E-05 9.98331E-05 9.98331E-05 9.98331E-05 0.282417 9.98331E-05 9.98331E-05 9.98331E-05 0.116696 9.98331E-05
9.98069E-05 9.98069E-05 9.98069E-05 0.0201011 0.863077 9.98069E-05 9.98069E-05 9.98069E-05 9.98069E-05 9.98069E-05 9.98069E-05 0.114626 9.98069E-05 9.98069E-05 9.98069E-05 9.98069E-05 9.98069E-05 9.98069E-05 9.98069E-05 9.98069E-05 9.98069E-05 9.98069E-05 9.98069E-05 9.98069E-05 9.98069E-05
9.98334E-05 9.98334E-05 9.98334E-05 0.0550306 0.838203 0.0701149 9.98334E-05 9.98334E-05 9.98334E-05 9.98334E-05 9.98334E-05 9.98334E-05 9.98334E-05 9.98334E-05 0.00300762 9.98334E-05 0.0101477 9.98334E-05 9.98334E-05 0.0215998 9.98334E-05 9.98334E-05 9.98334E-05 9.98334E-05 9.98334E-05
9.98333E-05 9.98333E-05 9.98333E-05 9.98333E-05 0.67919 9.98333E-05 9.98333E-05 9.98333E-05 9.98333E-05 9.98333E-05 9.98333E-05 9.98333E-05 9.98333E-05 9.98333E-05 9.98333E-05 0.0130574 0.0983217 9.98333E-05 0.0209816 0.0329571 0.153595 9.98333E-05 9.98333E-05 9.98333E-05 9.98333E-05
9.98156E-05 9.98156E-05 9.98156E-05 0.177538 0.790547 9.98156E-05 9.98156E-05 9.98156E-05 9.98156E-05 9.98156E-05 9.98156E-05 9.98156E-05 9.98156E-05 9.98156E-05 9.98156E-05 9.98156E-05 9.98156E-05 9.98156E-05 9.98156E-05 0.0265505 9.98156E-05 9.98156E-05 0.00326814 9.98156E-05 9.98156E-05
9.98157E-05 9.98157E-05 9.98157E-05 9.98157E-05 0.204525 9.98157E-05 9.98157E-05 9.98157E-05 9.98157E-05 9.98157E-05 9.98157E-05 9.98157E-05 9.98157E-05 0.417282 9.98157E-05 9.98157E-05 0.312681 9.98157E-05 9.98157E-05 0.0634163 9.98157E-05 9.98157E-05 9.98157E-05 9.98157E-05 9.98157E-05
9.98333E-05 9.98333E-05 9.98333E-05 0.0475667 0.42754 0.332799 9.98333E-05 9.98333E-05 9.98333E-05 9.98333E-05 9.98333E-05 9.98333E-05 9.98333E-05 9.98333E-05 0.124705 9.98333E-05 9.98333E-05 9.98333E-05 9.98333E-05 0.00196277 9.98333E-05 9.98333E-05 9.98333E-05 0.0635301 9.98333E-05
9.98071E-05 9.98071E-05 9.98071E-05 9.98071E-05 0.312512 9.98071E-05 9.98071E-05 9.98071E-05 9.98071E-05 0.0253025 9.98071E-05 9.98071E-05 9.98071E-05 0.65999 9.98071E-05 9.98071E-05 9.98071E-05 9.98071E-05 9.98071E-05 9.98071E-05 9.98071E-05 9.98071E-05 9.98071E-05 9.98071E-05 9.98071E-05
9.98159E-05 9.98159E-05 9.98159E-05 9.98159E-05 0.405593 0.444976 9.98159E-05 9.98159E-05 0.0172399 9.98159E-05 9.98159E-05 9.98159E-05 9.98159E-05 9.98159E-05 9.98159E-05 9.98159E-05 0.130094 9.98159E-05 9.98159E-05 9.98159E-05 9.98159E-05 9.98159E-05 9.98159E-05 9.98159E-05 9.98159E-05
9.98331E-05 9.98331E-05 9.98331E-05 0.298737 0.171564 9.98331E-05 9.98331E-05 9.98331E-05 9.98331E-05 9.98331E-05 9.98331E-05 9.98331E-05 9.98331E-05 9.98331E-05 0.30418 9.98331E-05 9.98331E-05 0.063267 9.98331E-05 0.0918877 0.068467 9.98331E-05 9.98331E-05 9.98331E-05 9.98331E-05
9.98244E-05 9.98244E-05 0.0923509 9.98244E-05 0.690874 9.98244E-05 9.98244E-05 9.98244E-05 9.98244E-05 9.98244E-05 9.98244E-05 9.98244E-05 9.98244E-05 0.0879171 9.98244E-05 9.98244E-05 9.98244E-05 9.98244E-05 9.98244E-05 0.112224 0.0146378 9.98244E-05 9.98244E-05 9.98244E-05 9.98244E-05
9.98334E-05 9.98334E-05 9.98334E-05 9.98334E-05 9.98334E-05 0.135999 9.98334E-05 9.98334E-05 9.98334E-05 9.98334E-05 9.98334E-05 9.98334E-05 9.98334E-05 0.0906461 0.28364 9.98334E-05 0.348672 9.98334E-05 9.98334E-05 0.110895 9.98334E-05 9.98334E-05 9.98334E-05 0.0282511 9.98334E-05
9.98245E-05 9.98245E-05 9.98245E-05 0.012095 0.127782 0.805968 9.98245E-05 9.98245E-05 9.98245E-05 9.98245E-05 9.98245E-05 9.98245E-05 9.98245E-05 9.98245E-05 0.0464359 9.98245E-05 0.00572174 9.98245E-05 9.98245E-05 9.98245E-05 9.98245E-05 9.98245E-05 9.98245E-05 9.98245E-05 9.98245E-05
9.98507E-05 9.98507E-05 9.98507E-05 9.98507E-05 0.387393 9.98507E-05 9.98507E-05 9.98507E-05 9.98507E-05 9.98507E-05 9.98507E-05 0.0118237 9.98507E-05 9.98507E-05 0.244976 0.0161963 9.98507E-05 0.100793 9.98507E-05 0.14169 9.98507E-05 9.98507E-05 0.0365353 0.0588953 9.98507E-05
9.98334E-05 9.98334E-05 9.98334E-05 0.0601967 0.530448 0.111063 0.226081 9.98334E-05 9.98334E-05 9.98334E-05 9.98334E-05 9.98334E-05 9.98334E-05 9.98334E-05 9.98334E-05 0.00123494 9.98334E-05 9.98334E-05 9.98334E-05 0.0690798 9.98334E-05 9.98334E-05 9.98334E-05 9.98334E-05 9.98334E-05
9.98422E-05 9.98422E-05 9.98422E-05 0.0171648 0.302915 9.98422E-05 9.98422E-05 0.0327869 9.98422E-05 9.98422E-05 9.98422E-05 9.98422E-05 9.98422E-05 0.130367 0.027346 9.98422E-05 9.98422E-05 9.98422E-05 0.350433 0.13719 9.98422E-05 9.98422E-05 9.98422E-05 9.98422E-05 9.98422E-05
9.98422E-05 9.98422E-05 9.98422E-05 0.200619 0.341622 9.98422E-05 9.98422E-05 9.98422E-05 9.98422E-05 9.98422E-05 9.98422E-05 0.0281092 9.98422E-05 9.98422E-05 9.98422E-05 0.0153186 9.98422E-05 9.98422E-05 0.109612 0.262464 9.98422E-05 9.98422E-05 9.98422E-05 0.0404573 9.98422E-05
9.98246E-05 9.98246E-05 9.98246E-05 9.98246E-05 0.369369 0.042495 9.98246E-05 9.98246E-05 9.98246E-05 0.00281793 9.98246E-05 9.98246E-05 9.98246E-05 0.309574 9.98246E-05 9.98246E-05 0.273747 9.98246E-05 9.98246E-05 9.98246E-05 9.98246E-05 9.98246E-05 9.98246E-05 9.98246E-05 9.98246E-05
9.98156E-05 9.98156E-05 9.98156E-05 0.0636202 0.781413 9.98156E-05 9.98156E-05 9.98156E-05 0.140651 9.98156E-05 9.98156E-05 9.98156E-05 9.98156E-05 9.98156E-05 9.98156E-05 9.98156E-05 9.98156E-05 9.98156E-05 9.98156E-05 9.98156E-05 9.98156E-05 0.0122198 9.98156E-05 9.98156E-05 9.98156E-05
