0.153102 9.99473E-05 9.99473E-05 9.99473E-05 9.99473E-05 0.172344 0.430002 0.139188 9.99473E-05 9.99473E-05 0.104765
9.99561E-05 9.99561E-05 0.0441525 0.0112955 9.99561E-05 0.193854 0.701591 0.0098635 9.99561E-05 9.99561E-05 0.0387438
0.102765 9.99385E-05 0.028863 9.99385E-05 9.99385E-05 9.99385E-05 0.816671 0.0510013 9.99385E-05 9.99385E-05 9.99385E-05
0.316452 9.99649E-05 0.197273 0.039608 0.0270846 9.99649E-05 0.267146 0.0536752 9.99649E-05 9.99649E-05 0.0983608
9.9921E-05 9.9921E-05 0.208352 9.9921E-05 9.9921E-05 9.9921E-05 0.790748 9.9921E-05 9.9921E-05 9.9921E-05 9.9921E-05
9.99649E-05 9.99649E-05 0.311558 0.0195137 0.187251 0.111865 0.287756 0.0302063 9.99649E-05 0.0514509 9.99649E-05
0.243877 9.99649E-05 0.0363121 9.99649E-05 9.99649E-05 0.181067 0.260384 0.0796535 0.0343707 9.99649E-05 0.163936
9.99649E-05 0.0963483 0.33878 9.99649E-05 0.228788 0.0047706 0.236116 9.99649E-05 0.0406661 9.99649E-05 0.0541316
0.200115 9.99386E-05 9.99386E-05 9.99386E-05 0.25993 9.99386E-05 0.24417 0.295085 9.99386E-05 9.99386E-05 9.99386E-05
9.99297E-05 0.0124667 9.99297E-05 9.99297E-05 9.99297E-05 9.99297E-05 0.862528 0.124206 9.99297E-05 9.99297E-05 9.99297E-05
9.99386E-05 9.99386E-05 9.99386E-05 9.99386E-05 0.0672237 9.99386E-05 0.510658 0.227253 9.99386E-05 9.99386E-05 0.194166
9.99473E-05 9.99473E-05 0.0386708 9.99473E-05 0.0127265 9.99473E-05 0.867957 9.99473E-05 0.0437582 9.99473E-05 0.0362879
9.99385E-05 9.99385E-05 9.99385E-05 0.0122275 9.99385E-05 9.99385E-05 0.740215 0.193595 9.99385E-05 9.99385E-05 0.0532624
9.99473E-05 9.99473E-05 9.99473E-05 9.99473E-05 9.99473E-05 9.99473E-05 0.584696 0.107127 0.0584072 0.189905 0.0592648
0.133318 9.99561E-05 9.99561E-05 9.99561E-05 0.171075 0.012292 0.326884 0.281472 9.99561E-05 0.0744595 9.99561E-05
9.99649E-05 0.050141 0.21741 9.99649E-05 0.200024 9.99649E-05 0.204839 0.142631 0.157116 9.99649E-05 0.0274398
0.0781883 9.99649E-05 9.99649E-05 9.99649E-05 9.99649E-05 0.104541 0.499246 0.0806459 0.0456196 0.118492 0.0728677
9.99561E-05 0.215568 0.0160641 0.117059 0.0906603 9.99561E-05 0.293478 0.266671 9.99561E-05 9.99561E-05 9.99561E-05
0.113903 0.0198466 0.0634041 9.99649E-05 0.156057 9.99649E-05 0.367101 0.247188 9.99649E-05 9.99649E-05 0.0321004
9.99385E-05 9.99385E-05 9.99385E-05 0.0819163 0.00942724 9.99385E-05 0.799588 0.108369 9.99385E-05 9.99385E-05 9.99385E-05
0.0847918 9.99723E-05 0.19844 0.0122908 0.108641 9.99723E-05 0.425232 0.0822525 9.99723E-05 9.99723E-05 0.0879523
9.99473E-05 0.0443032 0.3048 9.99473E-05 0.175844 9.99473E-05 0.351993 0.122461 9.99473E-05 9.99473E-05 9.99473E-05
0.018045 9.99561E-05 9.99561E-05 9.99561E-05 0.091923 9.99561E-05 0.630023 0.166766 9.99561E-05 0.0364766 0.0562668
0.141513 0.017477 9.99649E-05 9.99649E-05 0.0017068 9.99649E-05 0.377828 0.383943 0.0285248 9.99649E-05 0.0486076
0.130132 9.996E-05 9.996E-05 0.106404 0.132373 9.996E-05 0.241392 0.290491 9.996E-05 0.0377211 0.0610872
0.0469631 9.99649E-05 0.05576 9.99649E-05 0.0493188 9.99649E-05 0.649263 0.0912945 9.99649E-05 0.0930787 0.0139223
0.0800556 0.132341 9.99824E-05 9.99824E-05 0.0485606 0.107911 0.0451607 0.189882 0.140379 0.225089 0.030421
0.119686 9.99386E-05 9.99386E-05 9.99386E-05 9.99386E-05 9.99386E-05 0.750719 0.115278 9.99386E-05 9.99386E-05 0.0136174
0.0838352 9.99386E-05 9.99386E-05 9.99386E-05 9.99386E-05 9.99386E-05 0.554808 0.325798 9.99386E-05 9.99386E-05 0.0348596
9.99473E-05 9.99473E-05 9.99473E-05 9.99473E-05 0.0782356 9.99473E-05 0.762496 0.12292 0.00723702 0.0285119 9.99473E-05
9.99561E-05 0.0480326 9.99561E-05 0.0782845 0.0124867 9.99561E-05 0.64679 0.0510084 9.99561E-05 9.99561E-05 0.162898
0.00317756 9.99649E-05 0.0915618 9.99649E-05 0.0256526 9.99649E-05 0.538926 0.0998381 9.99649E-05 0.156748 0.0836961
9.99473E-05 9.99473E-05 9.99473E-05 9.99473E-05 0.0559349 9.99473E-05 0.524199 0.239179 0.0111083 9.99473E-05 0.168979
0.0711334 0.01973 0.0400149 9.99736E-05 9.99736E-05 9.99736E-05 0.477765 0.161018 0.0617142 0.133779 0.0345464
9.99473E-05 9.99473E-05 9.99473E-05 0.0830441 0.0814609 9.99473E-05 0.746474 0.053141 9.99473E-05 9.99473E-05 0.0352804
0.222988 9.99473E-05 9.99473E-05 9.99473E-05 0.0438031 9.99473E-05 0.58317 0.137861 9.99473E-05 9.99473E-05 0.0115782
9.99298E-05 9.99298E-05 9.99298E-05 0.0725211 9.99298E-05 9.99298E-05 0.882675 9.99298E-05 0.0440049 9.99298E-05 9.99298E-05
9.99561E-05 9.99561E-05 9.99561E-05 0.0756555 0.188778 0.0296326 0.57236 0.127597 9.99561E-05 9.99561E-05 0.00547676
9.99649E-05 9.99649E-05 0.0827457 9.99649E-05 0.0242709 0.0779896 0.522248 0.184254 9.99649E-05 0.08202 0.0260719
9.99473E-05 9.99473E-05 0.00417654 9.99473E-05 9.99473E-05 9.99473E-05 0.493722 0.165804 0.157831 0.177866 9.99473E-05
9.99561E-05 9.99561E-05 9.99561E-05 0.028492 0.00321578 9.99561E-05 0.762129 0.072715 0.0355233 9.99561E-05 0.0974253
0.140601 9.99474E-05 9.99474E-05 9.99474E-05 0.0534629 0.0276056 0.657137 0.120594 9.99474E-05 9.99474E-05 9.99474E-05
9.99385E-05 9.99385E-05 0.069288 9.99385E-05 9.99385E-05 0.101307 0.807565 9.99385E-05 0.0211403 9.99385E-05 9.99385E-05
0.057855 0.0109544 0.0941228 9.99649E-05 0.0847491 9.99649E-05 0.412823 0.291968 9.99649E-05 9.99649E-05 0.0471276
0.124974 9.99473E-05 0.226314 9.99473E-05 9.99473E-05 9.99473E-05 0.322523 0.311361 9.99473E-05 9.99473E-05 0.0142288
9.99385E-05 9.99385E-05 0.0584396 0.0689987 9.99385E-05 9.99385E-05 0.803166 0.0686958 9.99385E-05 9.99385E-05 9.99385E-05
9.99473E-05 0.0299556 9.99473E-05 9.99473E-05 0.0331048 9.99473E-05 0.773821 0.0996885 9.99473E-05 9.99473E-05 0.0628304
9.99386E-05 9.99386E-05 9.99386E-05 0.0360781 9.99386E-05 9.99386E-05 0.804295 0.100133 0.0587946 9.99386E-05 9.99386E-05
9.99473E-05 9.99473E-05 0.123882 9.99473E-05 9.99473E-05 9.99473E-05 0.585969 0.226184 0.0357319 9.99473E-05 0.0276343
9.99562E-05 9.99562E-05 9.99562E-05 0.0615086 0.0231235 0.0177673 0.678517 9.99562E-05 0.20663 9.99562E-05 0.0119534
0.0577125 9.99648E-05 0.0640958 9.99648E-05 0.0809866 9.99648E-05 0.252182 0.309321 9.99648E-05 0.0916864 0.143616
0.215106 9.99561E-05 0.0833019 0.0253227 9.99561E-05 9.99561E-05 0.618439 0.0560201 0.00131042 9.99561E-05 9.99561E-05
9.99385E-05 0.0540968 9.99385E-05 9.99385E-05 0.0161967 9.99385E-05 0.900382 0.0286251 9.99385E-05 9.99385E-05 9.99385E-05
9.99649E-05 0.0194535 9.99649E-05 0.0261349 0.0247678 9.99649E-05 0.566884 0.076984 0.275739 9.99649E-05 0.00963656
9.99386E-05 9.99386E-05 9.99386E-05 9.99386E-05 0.0393816 9.99386E-05 0.723641 0.122686 0.113592 9.99386E-05 9.99386E-05
9.99473E-05 9.99473E-05 0.103065 0.0548701 9.99473E-05 9.99473E-05 0.669749 9.99473E-05 9.99473E-05 0.139401 0.0323153
9.99648E-05 0.0615411 0.0258348 9.99648E-05 0.00802182 0.0302905 0.717511 0.0428975 0.113503 9.99648E-05 9.99648E-05
0.0282519 9.99473E-05 9.99473E-05 9.99473E-05 9.99473E-05 9.99473E-05 0.780408 0.108397 0.0267361 9.99473E-05 0.0556068
9.99561E-05 0.0270971 9.99561E-05 9.99561E-05 0.0210849 9.99561E-05 0.775263 0.0701051 0.0222944 9.99561E-05 0.0836562
0.00815741 0.194064 9.99649E-05 9.99649E-05 0.0451319 0.298547 0.0855967 0.305035 9.99649E-05 9.99649E-05 0.063068
0.268899 9.99475E-05 9.99475E-05 9.99475E-05 9.99475E-05 0.267346 0.293521 0.125038 0.0445957 9.99475E-05 9.99475E-05
9.99386E-05 0.123832 9.99386E-05 9.99386E-05 9.99386E-05 0.375018 0.351386 9.99386E-05 0.149063 9.99386E-05 9.99386E-05
0.0192556 0.0718404 9.99737E-05 9.99737E-05 0.142449 0.468539 9.99737E-05 0.150975 0.00680885 0.118436 0.0213969
0.0174641 0.00291775 0.13821 0.150882 0.0396569 0.13599 0.120811 0.279866 0.0854559 9.99912E-05 0.028646
0.0714119 0.0547996 9.99561E-05 9.99561E-05 0.0657994 0.292184 9.99561E-05 0.450413 9.99561E-05 9.99561E-05 0.064892
0.0667602 0.00636081 9.99473E-05 9.99473E-05 9.99473E-05 0.542606 9.99473E-05 0.291529 9.99473E-05 9.99473E-05 0.0921442
9.99561E-05 0.230734 9.99561E-05 9.99561E-05 0.109096 0.374479 9.99561E-05 0.254762 0.028179 9.99561E-05 0.002249
9.99649E-05 0.0810765 9.99649E-05 9.99649E-05 9.99649E-05 0.426641 0.164431 0.198958 0.0236456 0.0515426 0.0533055
0.0815599 0.018993 9.99649E-05 9.99649E-05 0.0346134 0.268244 0.257735 0.212942 9.99649E-05 9.99649E-05 0.125514
9.99473E-05 0.0609652 9.99473E-05 9.99473E-05 0.110278 0.0984324 9.99473E-05 0.509965 9.99473E-05 9.99473E-05 0.21976
0.11985 9.99737E-05 0.0854913 0.0204597 9.99737E-05 0.213726 0.00629152 0.347202 0.153898 9.99737E-05 0.0527822
9.99649E-05 0.0813787 0.159832 9.99649E-05 0.218023 0.260806 9.99649E-05 0.112581 0.0450146 9.99649E-05 0.121964
9.99561E-05 9.99561E-05 0.213394 9.99561E-05 0.00777388 0.333358 0.006616 0.425409 0.0129491 9.99561E-05 9.99561E-05
0.0194261 9.9965E-05 9.9965E-05 9.9965E-05 9.9965E-05 0.314591 0.241695 0.127706 0.138862 0.0822057 0.0751144
0.0519505 0.033844 9.99649E-05 9.99649E-05 0.0539154 0.31892 0.201193 0.212992 9.99649E-05 9.99649E-05 0.126785
9.99561E-05 0.213525 0.162942 9.99561E-05 9.99561E-05 0.306452 9.99561E-05 0.229218 0.0676585 0.019705 9.99561E-05
0.153424 0.0828924 9.99649E-05 9.99649E-05 0.177489 0.148276 0.125985 0.0838843 9.99649E-05 9.99649E-05 0.227648
9.99561E-05 0.185575 9.99561E-05 9.99561E-05 0.047503 0.181234 0.242146 0.260349 9.99561E-05 9.99561E-05 0.0826933
9.99737E-05 0.0633434 0.0366804 0.0228206 0.0182711 0.293862 9.99737E-05 0.31008 0.249322 9.99737E-05 0.00531979
9.9965E-05 0.0133363 0.0541116 9.9965E-05 9.9965E-05 0.343318 0.32819 0.155955 0.089012 9.9965E-05 0.0156765
0.119186 0.0558682 9.99736E-05 9.99736E-05 0.0235642 0.385824 0.0655385 0.243895 0.0919062 9.99736E-05 0.0139184
9.99649E-05 9.99649E-05 9.99649E-05 9.99649E-05 0.0163136 0.281734 0.158633 0.170375 0.0891944 0.215848 0.0675024
0.058082 0.149469 0.182638 9.99737E-05 0.102775 0.0797976 0.222142 0.172527 9.99737E-05 9.99737E-05 0.0322697
0.0733779 0.0592535 9.99649E-05 9.99649E-05 0.0696708 9.99649E-05 0.19145 0.327378 9.99649E-05 0.0726689 0.205801
9.99737E-05 9.99737E-05 0.0405526 0.0391189 0.0585503 0.396913 0.275928 0.115825 0.0266573 9.99737E-05 0.046155
0.00447245 0.132844 9.99649E-05 9.99649E-05 9.99649E-05 0.243413 0.385461 0.153594 0.0696961 9.99649E-05 0.0101204
0.210366 9.99387E-05 9.99387E-05 9.99387E-05 9.99387E-05 0.398766 0.192004 0.198165 9.99387E-05 9.99387E-05 9.99387E-05
9.99474E-05 0.254473 9.99474E-05 9.99474E-05 0.0975261 0.0803078 0.305909 0.261184 9.99474E-05 9.99474E-05 9.99474E-05
9.996E-05 0.00511898 9.996E-05 9.996E-05 0.0878844 0.238926 0.271558 0.326189 0.0223022 0.0476216 9.996E-05
9.99385E-05 9.99385E-05 0.0189902 9.99385E-05 0.192911 9.99385E-05 9.99385E-05 0.196495 9.99385E-05 0.590904 9.99385E-05
9.99299E-05 9.99299E-05 9.99299E-05 9.99299E-05 0.0415991 9.99299E-05 9.99299E-05 0.0522163 9.99299E-05 0.905385 9.99299E-05
9.99385E-05 0.0434144 9.99385E-05 9.99385E-05 9.99385E-05 9.99385E-05 9.99385E-05 0.214061 9.99385E-05 0.666768 0.0750576
9.9956E-05 0.097921 9.9956E-05 0.0326952 0.156937 9.9956E-05 9.9956E-05 0.255465 9.9956E-05 0.432427 0.0240552
0.0161609 0.0211954 9.9956E-05 0.0496438 0.18426 9.9956E-05 9.9956E-05 0.0621154 9.9956E-05 0.666125 9.9956E-05
9.99297E-05 9.99297E-05 9.99297E-05 9.99297E-05 0.172604 9.99297E-05 9.99297E-05 0.266693 9.99297E-05 0.559903 9.99297E-05
9.99473E-05 0.0233883 9.99473E-05 9.99473E-05 0.1728 9.99473E-05 9.99473E-05 0.206341 9.99473E-05 0.548089 0.0487823
9.99385E-05 0.0123965 9.99385E-05 9.99385E-05 0.281742 9.99385E-05 9.99385E-05 0.128108 9.99385E-05 0.577054 9.99385E-05
9.99472E-05 9.99472E-05 9.99472E-05 9.99472E-05 0.397654 0.263465 9.99472E-05 0.0921157 9.99472E-05 0.225992 0.0201746
9.99473E-05 0.0500565 0.000530122 9.99473E-05 0.289906 9.99473E-05 9.99473E-05 0.32318 9.99473E-05 0.335727 9.99473E-05
9.99386E-05 9.99386E-05 9.99386E-05 9.99386E-05 0.0398277 0.252674 9.99386E-05 0.0354595 9.99386E-05 0.67134 9.99386E-05
9.99473E-05 9.99473E-05 9.99473E-05 9.99473E-05 0.00577684 0.203711 9.99473E-05 0.0709284 9.99473E-05 0.648286 0.070698
9.99298E-05 0.00128738 9.99298E-05 9.99298E-05 0.196351 9.99298E-05 9.99298E-05 9.99298E-05 9.99298E-05 0.801562 9.99298E-05
9.99385E-05 9.99385E-05 9.99385E-05 9.99385E-05 0.156746 9.99385E-05 9.99385E-05 0.225744 9.99385E-05 0.611998 0.00481225
9.996E-05 0.151269 9.996E-05 0.0247014 0.109077 0.0170868 9.996E-05 9.996E-05 0.0425669 0.638766 0.0161328
9.99561E-05 9.99561E-05 9.99561E-05 9.99561E-05 0.0253767 0.213268 9.99561E-05 0.215142 0.00256593 0.469447 0.0737004
9.99473E-05 9.99473E-05 9.99473E-05 0.0757803 0.203829 0.142401 9.99473E-05 0.0977507 9.99473E-05 0.479639 9.99473E-05
0.0128964 9.99561E-05 0.0698813 9.99561E-05 0.189126 9.99561E-05 9.99561E-05 9.99561E-05 0.0337094 0.672824 0.0210632
9.99385E-05 9.99385E-05 0.0259257 9.99385E-05 0.086825 9.99385E-05 9.99385E-05 9.99385E-05 9.99385E-05 0.828525 0.0580249
0.0329698 9.99561E-05 9.99561E-05 0.0715136 0.11324 9.99561E-05 9.99561E-05 0.192573 9.99561E-05 0.556778 0.0324256
9.99473E-05 9.99473E-05 0.0728923 9.99473E-05 0.105396 0.0596704 9.99473E-05 0.165691 9.99473E-05 0.595751 9.99473E-05
9.99472E-05 0.0507759 9.99472E-05 9.99472E-05 0.126475 9.99472E-05 9.99472E-05 0.0894737 9.99472E-05 0.692987 0.0396887
9.99561E-05 9.99561E-05 0.0756811 0.0893229 0.291604 9.99561E-05 9.99561E-05 0.25728 9.99561E-05 0.263039 0.0225728
9.99385E-05 9.99385E-05 9.99385E-05 9.99385E-05 0.218577 9.99385E-05 9.99385E-05 0.0697747 9.99385E-05 0.710403 0.000546304
9.99648E-05 9.99648E-05 0.0433521 0.0499024 0.314538 0.0518784 9.99648E-05 0.238339 9.99648E-05 0.265304 0.036287
9.99561E-05 0.0402644 9.99561E-05 9.99561E-05 0.180633 0.147483 9.99561E-05 0.12421 0.0333781 0.473532 9.99561E-05
0.0864957 9.99387E-05 9.99387E-05 9.99387E-05 9.99387E-05 9.99387E-05 0.0280609 0.0749708 9.99387E-05 0.809773 9.99387E-05
9.9956E-05 9.9956E-05 0.123479 0.000329006 0.118858 9.9956E-05 9.9956E-05 0.235892 9.9956E-05 0.517628 0.00331439
9.99385E-05 9.99385E-05 9.99385E-05 9.99385E-05 0.322647 0.0521595 9.99385E-05 0.229911 9.99385E-05 0.394583 9.99385E-05
9.99473E-05 9.99473E-05 9.99473E-05 0.0963858 0.0379043 9.99473E-05 9.99473E-05 0.182393 9.99473E-05 0.679437 0.00328027
9.995E-05 9.995E-05 9.995E-05 9.995E-05 0.10263 0.0472139 9.995E-05 0.22518 0.0264844 0.51515 0.0828422
9.99472E-05 9.99472E-05 9.99472E-05 0.141675 9.99472E-05 9.99472E-05 9.99472E-05 0.0810533 0.0719209 0.702167 0.00258398
9.99561E-05 9.99561E-05 0.0186619 0.181046 0.306337 9.99561E-05 9.99561E-05 0.188153 0.0674779 0.237824 9.99561E-05
9.99473E-05 9.99473E-05 9.99473E-05 0.0766108 0.121249 9.99473E-05 9.99473E-05 0.225059 9.99473E-05 0.538766 0.0377155
9.99385E-05 9.99385E-05 9.99385E-05 0.00348496 0.0179181 9.99385E-05 9.99385E-05 0.129343 9.99385E-05 0.848554 9.99385E-05
0.0862071 9.995E-05 9.995E-05 9.995E-05 0.0957105 0.0714968 9.995E-05 9.995E-05 0.027317 0.654796 0.0639726
9.99472E-05 0.0594868 9.99472E-05 9.99472E-05 0.168715 9.99472E-05 9.99472E-05 0.307763 9.99472E-05 0.430204 0.033232
9.9921E-05 9.9921E-05 9.9921E-05 9.9921E-05 0.0833115 9.9921E-05 9.9921E-05 9.9921E-05 9.9921E-05 0.915789 9.9921E-05
9.99298E-05 9.99298E-05 9.99298E-05 0.0183519 9.99298E-05 9.99298E-05 9.99298E-05 0.0785583 9.99298E-05 0.90229 9.99298E-05
9.99211E-05 9.99211E-05 9.99211E-05 9.99211E-05 0.0398888 9.99211E-05 9.99211E-05 9.99211E-05 9.99211E-05 0.959212 9.99211E-05
9.99298E-05 9.99298E-05 9.99298E-05 9.99298E-05 0.052164 0.0466195 9.99298E-05 9.99298E-05 9.99298E-05 0.900417 9.99298E-05
9.99561E-05 9.99561E-05 0.0619147 9.99561E-05 0.170275 0.113978 9.99561E-05 0.324503 9.99561E-05 0.246767 0.0820635
9.99473E-05 9.99473E-05 0.145664 9.99473E-05 0.191792 9.99473E-05 9.99473E-05 0.0303976 0.00148188 0.630065 9.99473E-05
9.99299E-05 9.99299E-05 9.99299E-05 9.99299E-05 0.0653365 9.99299E-05 9.99299E-05 0.0721546 9.99299E-05 0.861709 9.99299E-05
0.00418444 9.99649E-05 9.99649E-05 0.00240971 9.99649E-05 0.00385998 0.0160739 0.111862 9.99649E-05 0.842754 0.018456
9.99648E-05 0.0230231 9.99648E-05 0.158624 0.266246 0.208169 9.99648E-05 0.0623625 9.99648E-05 0.270552 0.0106242
9.99561E-05 0.0866038 9.99561E-05 9.99561E-05 0.0902339 9.99561E-05 9.99561E-05 0.279158 0.0109041 0.508525 0.0240757
9.99562E-05 0.0441317 9.99562E-05 9.99562E-05 0.189989 0.114341 9.99562E-05 0.0676123 0.139675 0.443751 9.99562E-05
9.99473E-05 9.99473E-05 9.99473E-05 0.0256992 0.349542 9.99473E-05 9.99473E-05 0.323618 9.99473E-05 0.264266 0.0362747
9.99298E-05 9.99298E-05 9.99298E-05 9.99298E-05 9.99298E-05 0.000580087 9.99298E-05 0.0494258 9.99298E-05 0.949195 9.99298E-05
0.21689 9.995E-05 9.995E-05 9.995E-05 0.0594953 9.995E-05 9.995E-05 0.197147 0.0514365 0.433286 0.0412449
9.99299E-05 9.99299E-05 9.99299E-05 9.99299E-05 0.121374 0.03025 9.99299E-05 9.99299E-05 9.99299E-05 0.847577 9.99299E-05
9.99386E-05 0.0520565 9.99386E-05 9.99386E-05 0.146532 9.99386E-05 9.99386E-05 0.0838992 9.99386E-05 0.716813 9.99386E-05
9.99385E-05 0.0772477 9.99385E-05 9.99385E-05 0.14926 9.99385E-05 9.99385E-05 9.99385E-05 0.147253 0.625539 9.99385E-05
9.9956E-05 0.109439 9.9956E-05 9.9956E-05 0.0505192 9.9956E-05 9.9956E-05 0.120527 0.0283048 0.629946 0.0607645
9.99473E-05 9.99473E-05 9.99473E-05 0.0211938 0.269641 0.250446 9.99473E-05 0.2467 9.99473E-05 0.21142 9.99473E-05
9.99385E-05 9.99385E-05 9.99385E-05 9.99385E-05 0.276362 9.99385E-05 9.99385E-05 0.217225 9.99385E-05 0.481952 0.0237614
9.9956E-05 9.9956E-05 9.9956E-05 0.0233135 0.121234 9.9956E-05 9.9956E-05 0.0964089 0.0298209 0.662799 0.0659238
9.99385E-05 9.99385E-05 9.99385E-05 0.156186 0.00631214 9.99385E-05 9.99385E-05 0.122436 9.99385E-05 0.714366 9.99385E-05
9.99385E-05 9.99385E-05 9.99385E-05 9.99385E-05 0.16838 0.0801093 9.99385E-05 0.0139388 9.99385E-05 0.736872 9.99385E-05
9.9912E-05 9.9912E-05 9.9912E-05 9.9912E-05 9.9912E-05 9.9912E-05 9.9912E-05 0.999001 9.9912E-05 9.9912E-05 9.9912E-05
9.9912E-05 9.9912E-05 9.9912E-05 9.9912E-05 0.999001 9.9912E-05 9.9912E-05 9.9912E-05 9.9912E-05 9.9912E-05 9.9912E-05
9.9912E-05 9.9912E-05 9.9912E-05 9.9912E-05 9.9912E-05 9.9912E-05 9.9912E-05 0.999001 9.9912E-05 9.9912E-05 9.9912E-05
9.9912E-05 9.9912E-05 9.9912E-05 9.9912E-05 0.999001 9.9912E-05 9.9912E-05 9.9912E-05 9.9912E-05 9.9912E-05 9.9912E-05
9.9912E-05 9.9912E-05 9.9912E-05 9.9912E-05 0.999001 9.9912E-05 9.9912E-05 9.9912E-05 9.9912E-05 9.9912E-05 9.9912E-05
9.9912E-05 9.9912E-05 9.9912E-05 9.9912E-05 0.999001 9.9912E-05 9.9912E-05 9.9912E-05 9.9912E-05 9.9912E-05 9.9912E-05
9.9912E-05 9.9912E-05 9.9912E-05 9.9912E-05 9.9912E-05 9.9912E-05 9.9912E-05 0.999001 9.9912E-05 9.9912E-05 9.9912E-05
9.9912E-05 9.9912E-05 9.9912E-05 9.9912E-05 0.999001 9.9912E-05 9.9912E-05 9.9912E-05 9.9912E-05 9.9912E-05 9.9912E-05
9.9912E-05 9.9912E-05 9.9912E-05 9.9912E-05 0.999001 9.9912E-05 9.9912E-05 9.9912E-05 9.9912E-05 9.9912E-05 9.9912E-05
9.9912E-05 9.9912E-05 9.9912E-05 9.9912E-05 9.9912E-05 9.9912E-05 9.9912E-05 0.999001 9.9912E-05 9.9912E-05 9.9912E-05
9.99119E-05 9.99119E-05 9.99119E-05 9.99119E-05 9.99119E-05 9.99119E-05 9.99119E-05 0.999001 9.99119E-05 9.99119E-05 9.99119E-05
9.9912E-05 9.9912E-05 9.9912E-05 9.9912E-05 9.9912E-05 9.9912E-05 9.9912E-05 0.999001 9.9912E-05 9.9912E-05 9.9912E-05
9.9912E-05 9.9912E-05 9.9912E-05 9.9912E-05 0.999001 9.9912E-05 9.9912E-05 9.9912E-05 9.9912E-05 9.9912E-05 9.9912E-05
9.9912E-05 9.9912E-05 9.9912E-05 9.9912E-05 0.999001 9.9912E-05 9.9912E-05 9.9912E-05 9.9912E-05 9.9912E-05 9.9912E-05
9.9912E-05 9.9912E-05 9.9912E-05 9.9912E-05 9.9912E-05 9.9912E-05 9.9912E-05 0.999001 9.9912E-05 9.9912E-05 9.9912E-05
9.99119E-05 9.99119E-05 9.99119E-05 9.99119E-05 9.99119E-05 9.99119E-05 9.99119E-05 0.999001 9.99119E-05 9.99119E-05 9.99119E-05
0.129818 0.00416918 9.996E-05 0.0603762 0.118673 9.996E-05 9.996E-05 0.240769 0.070029 0.375766 9.996E-05
9.9912E-05 9.9912E-05 9.9912E-05 9.9912E-05 9.9912E-05 9.9912E-05 9.9912E-05 0.999001 9.9912E-05 9.9912E-05 9.9912E-05
9.9912E-05 9.9912E-05 9.9912E-05 9.9912E-05 0.999001 9.9912E-05 9.9912E-05 9.9912E-05 9.9912E-05 9.9912E-05 9.9912E-05
9.99119E-05 9.99119E-05 9.99119E-05 9.99119E-05 9.99119E-05 9.99119E-05 9.99119E-05 0.999001 9.99119E-05 9.99119E-05 9.99119E-05
9.99119E-05 9.99119E-05 9.99119E-05 9.99119E-05 9.99119E-05 9.99119E-05 9.99119E-05 0.999001 9.99119E-05 9.99119E-05 9.99119E-05
9.9912E-05 9.9912E-05 9.9912E-05 9.9912E-05 9.9912E-05 9.9912E-05 9.9912E-05 0.999001 9.9912E-05 9.9912E-05 9.9912E-05
9.9912E-05 9.9912E-05 9.9912E-05 9.9912E-05 0.999001 9.9912E-05 9.9912E-05 9.9912E-05 9.9912E-05 9.9912E-05 9.9912E-05
9.9912E-05 9.9912E-05 9.9912E-05 9.9912E-05 9.9912E-05 9.9912E-05 9.9912E-05 0.999001 9.9912E-05 9.9912E-05 9.9912E-05
9.99121E-05 9.99121E-05 9.99121E-05 9.99121E-05 0.999001 9.99121E-05 9.99121E-05 9.99121E-05 9.99121E-05 9.99121E-05 9.99121E-05
9.9912E-05 9.9912E-05 9.9912E-05 9.9912E-05 9.9912E-05 9.9912E-05 9.9912E-05 0.999001 9.9912E-05 9.9912E-05 9.9912E-05
9.99119E-05 9.99119E-05 9.99119E-05 9.99119E-05 9.99119E-05 9.99119E-05 9.99119E-05 0.999001 9.99119E-05 9.99119E-05 9.99119E-05
9.99121E-05 9.99121E-05 9.99121E-05 9.99121E-05 0.999001 9.99121E-05 9.99121E-05 9.99121E-05 9.99121E-05 9.99121E-05 9.99121E-05
9.9912E-05 9.9912E-05 9.9912E-05 9.9912E-05 0.999001 9.9912E-05 9.9912E-05 9.9912E-05 9.9912E-05 9.9912E-05 9.9912E-05
9.9912E-05 9.9912E-05 9.9912E-05 9.9912E-05 0.999001 9.9912E-05 9.9912E-05 9.9912E-05 9.9912E-05 9.9912E-05 9.9912E-05
9.99121E-05 9.99121E-05 9.99121E-05 9.99121E-05 9.99121E-05 9.99121E-05 9.99121E-05 0.999001 9.99121E-05 9.99121E-05 9.99121E-05
9.9912E-05 9.9912E-05 9.9912E-05 9.9912E-05 9.9912E-05 9.9912E-05 9.9912E-05 0.999001 9.9912E-05 9.9912E-05 9.9912E-05
9.9912E-05 9.9912E-05 9.9912E-05 9.9912E-05 9.9912E-05 9.9912E-05 9.9912E-05 0.999001 9.9912E-05 9.9912E-05 9.9912E-05
9.99119E-05 9.99119E-05 9.99119E-05 9.99119E-05 9.99119E-05 9.99119E-05 9.99119E-05 0.999001 9.99119E-05 9.99119E-05 9.99119E-05
9.9912E-05 9.9912E-05 9.9912E-05 9.9912E-05 9.9912E-05 9.9912E-05 9.9912E-05 0.999001 9.9912E-05 9.9912E-05 9.9912E-05
9.9912E-05 9.9912E-05 9.9912E-05 9.9912E-05 0.999001 9.9912E-05 9.9912E-05 9.9912E-05 9.9912E-05 9.9912E-05 9.9912E-05
9.9912E-05 9.9912E-05 9.9912E-05 9.9912E-05 0.999001 9.9912E-05 9.9912E-05 9.9912E-05 9.9912E-05 9.9912E-05 9.9912E-05
9.9912E-05 9.9912E-05 9.9912E-05 9.9912E-05 0.999001 9.9912E-05 9.9912E-05 9.9912E-05 9.9912E-05 9.9912E-05 9.9912E-05
9.99119E-05 9.99119E-05 9.99119E-05 9.99119E-05 9.99119E-05 9.99119E-05 9.99119E-05 0.999001 9.99119E-05 9.99119E-05 9.99119E-05
9.99119E-05 9.99119E-05 9.99119E-05 9.99119E-05 0.999001 9.99119E-05 9.99119E-05 9.99119E-05 9.99119E-05 9.99119E-05 9.99119E-05
9.9912E-05 9.9912E-05 9.9912E-05 9.9912E-05 0.999001 9.9912E-05 9.9912E-05 9.9912E-05 9.9912E-05 9.9912E-05 9.9912E-05
9.9912E-05 9.9912E-05 9.9912E-05 9.9912E-05 0.999001 9.9912E-05 9.9912E-05 9.9912E-05 9.9912E-05 9.9912E-05 9.9912E-05
9.9912E-05 9.9912E-05 9.9912E-05 9.9912E-05 0.999001 9.9912E-05 9.9912E-05 9.9912E-05 9.9912E-05 9.9912E-05 9.9912E-05
9.99119E-05 9.99119E-05 9.99119E-05 9.99119E-05 9.99119E-05 9.99119E-05 9.99119E-05 0.999001 9.99119E-05 9.99119E-05 9.99119E-05
9.9912E-05 9.9912E-05 9.9912E-05 9.9912E-05 0.999001 9.9912E-05 9.9912E-05 9.9912E-05 9.9912E-05 9.9912E-05 9.9912E-05
9.9912E-05 9.9912E-05 9.9912E-05 9.9912E-05 0.999001 9.9912E-05 9.9912E-05 9.9912E-05 9.9912E-05 9.9912E-05 9.9912E-05
0.150233 0.0041734 0.00028182 0.0742362 0.142068 9.99736E-05 9.99736E-05 0.18661 0.085061 0.357036 9.99736E-05
9.9912E-05 9.9912E-05 9.9912E-05 9.9912E-05 9.9912E-05 9.9912E-05 9.9912E-05 0.999001 9.9912E-05 9.9912E-05 9.9912E-05
9.9912E-05 9.9912E-05 9.9912E-05 9.9912E-05 0.999001 9.9912E-05 9.9912E-05 9.9912E-05 9.9912E-05 9.9912E-05 9.9912E-05
9.99121E-05 9.99121E-05 9.99121E-05 9.99121E-05 0.999001 9.99121E-05 9.99121E-05 9.99121E-05 9.99121E-05 9.99121E-05 9.99121E-05
9.9912E-05 9.9912E-05 9.9912E-05 9.9912E-05 0.999001 9.9912E-05 9.9912E-05 9.9912E-05 9.9912E-05 9.9912E-05 9.9912E-05
9.9912E-05 9.9912E-05 9.9912E-05 9.9912E-05 0.999001 9.9912E-05 9.9912E-05 9.9912E-05 9.9912E-05 9.9912E-05 9.9912E-05
9.99119E-05 9.99119E-05 9.99119E-05 9.99119E-05 9.99119E-05 9.99119E-05 9.99119E-05 0.999001 9.99119E-05 9.99119E-05 9.99119E-05
9.9912E-05 9.9912E-05 9.9912E-05 9.9912E-05 0.999001 9.9912E-05 9.9912E-05 9.9912E-05 9.9912E-05 9.9912E-05 9.9912E-05
9.99119E-05 9.99119E-05 9.99119E-05 9.99119E-05 9.99119E-05 9.99119E-05 9.99119E-05 0.999001 9.99119E-05 9.99119E-05 9.99119E-05
9.99119E-05 9.99119E-05 9.99119E-05 9.99119E-05 0.999001 9.99119E-05 9.99119E-05 9.99119E-05 9.99119E-05 9.99119E-05 9.99119E-05
9.99119E-05 9.99119E-05 9.99119E-05 9.99119E-05 9.99119E-05 9.99119E-05 9.99119E-05 0.999001 9.99119E-05 9.99119E-05 9.99119E-05
9.99119E-05 9.99119E-05 9.99119E-05 9.99119E-05 0.999001 9.99119E-05 9.99119E-05 9.99119E-05 9.99119E-05 9.99119E-05 9.99119E-05
9.9912E-05 9.9912E-05 9.9912E-05 9.9912E-05 0.999001 9.9912E-05 9.9912E-05 9.9912E-05 9.9912E-05 9.9912E-05 9.9912E-05
9.9912E-05 9.9912E-05 9.9912E-05 9.9912E-05 0.999001 9.9912E-05 9.9912E-05 9.9912E-05 9.9912E-05 9.9912E-05 9.9912E-05
9.9912E-05 9.9912E-05 9.9912E-05 9.9912E-05 0.999001 9.9912E-05 9.9912E-05 9.9912E-05 9.9912E-05 9.9912E-05 9.9912E-05
9.99121E-05 9.99121E-05 9.99121E-05 9.99121E-05 0.999001 9.99121E-05 9.99121E-05 9.99121E-05 9.99121E-05 9.99121E-05 9.99121E-05
9.9912E-05 9.9912E-05 9.9912E-05 9.9912E-05 0.999001 9.9912E-05 9.9912E-05 9.9912E-05 9.9912E-05 9.9912E-05 9.9912E-05
9.9912E-05 9.9912E-05 9.9912E-05 9.9912E-05 9.9912E-05 9.9912E-05 9.9912E-05 0.999001 9.9912E-05 9.9912E-05 9.9912E-05
9.99119E-05 9.99119E-05 9.99119E-05 9.99119E-05 9.99119E-05 9.99119E-05 9.99119E-05 0.999001 9.99119E-05 9.99119E-05 9.99119E-05
9.99119E-05 9.99119E-05 9.99119E-05 9.99119E-05 9.99119E-05 9.99119E-05 9.99119E-05 0.999001 9.99119E-05 9.99119E-05 9.99119E-05
9.9912E-05 9.9912E-05 9.9912E-05 9.9912E-05 0.999001 9.9912E-05 9.9912E-05 9.9912E-05 9.9912E-05 9.9912E-05 9.9912E-05
9.9912E-05 9.9912E-05 9.9912E-05 9.9912E-05 9.9912E-05 9.9912E-05 9.9912E-05 0.999001 9.9912E-05 9.9912E-05 9.9912E-05
9.99119E-05 9.99119E-05 9.99119E-05 9.99119E-05 9.99119E-05 9.99119E-05 9.99119E-05 0.999001 9.99119E-05 9.99119E-05 9.99119E-05
9.9912E-05 9.9912E-05 9.9912E-05 9.9912E-05 9.9912E-05 9.9912E-05 9.9912E-05 0.999001 9.9912E-05 9.9912E-05 9.9912E-05
9.9912E-05 9.9912E-05 9.9912E-05 9.9912E-05 0.999001 9.9912E-05 9.9912E-05 9.9912E-05 9.9912E-05 9.9912E-05 9.9912E-05
9.9912E-05 9.9912E-05 9.9912E-05 9.9912E-05 0.999001 9.9912E-05 9.9912E-05 9.9912E-05 9.9912E-05 9.9912E-05 9.9912E-05
9.9912E-05 9.9912E-05 9.9912E-05 9.9912E-05 0.999001 9.9912E-05 9.9912E-05 9.9912E-05 9.9912E-05 9.9912E-05 9.9912E-05
9.99119E-05 9.99119E-05 9.99119E-05 9.99119E-05 9.99119E-05 9.99119E-05 9.99119E-05 0.999001 9.99119E-05 9.99119E-05 9.99119E-05
9.9912E-05 9.9912E-05 9.9912E-05 9.9912E-05 0.999001 9.9912E-05 9.9912E-05 9.9912E-05 9.9912E-05 9.9912E-05 9.9912E-05
9.9912E-05 9.9912E-05 9.9912E-05 9.9912E-05 0.999001 9.9912E-05 9.9912E-05 9.9912E-05 9.9912E-05 9.9912E-05 9.9912E-05
9.9912E-05 9.9912E-05 9.9912E-05 9.9912E-05 9.9912E-05 9.9912E-05 9.9912E-05 0.999001 9.9912E-05 9.9912E-05 9.9912E-05
9.9912E-05 9.9912E-05 9.9912E-05 9.9912E-05 0.999001 9.9912E-05 9.9912E-05 9.9912E-05 9.9912E-05 9.9912E-05 9.9912E-05
9.9912E-05 9.9912E-05 9.9912E-05 9.9912E-05 0.999001 9.9912E-05 9.9912E-05 9.9912E-05 9.9912E-05 9.9912E-05 9.9912E-05
9.996E-05 0.0953596 9.996E-05 9.996E-05 0.154663 0.0812981 9.996E-05 0.296896 0.0442353 0.151968 0.175179
9.99119E-05 9.99119E-05 9.99119E-05 9.99119E-05 9.99119E-05 9.99119E-05 9.99119E-05 0.999001 9.99119E-05 9.99119E-05 9.99119E-05
9.9912E-05 9.9912E-05 9.9912E-05 9.9912E-05 0.999001 9.9912E-05 9.9912E-05 9.9912E-05 9.9912E-05 9.9912E-05 9.9912E-05
9.99561E-05 0.0036642 9.99561E-05 9.99561E-05 0.415462 9.99561E-05 9.99561E-05 0.0784417 0.0615712 0.392797 0.0475636
0.148973 9.99561E-05 0.0165863 0.0728224 0.263471 9.99561E-05 9.99561E-05 0.115055 9.99561E-05 0.382593 9.99561E-05
0.0397924 9.99472E-05 9.99472E-05 0.0302256 0.127394 9.99472E-05 9.99472E-05 0.394133 9.99472E-05 0.407855 9.99472E-05
0.0511245 0.0383206 9.9956E-05 0.0790963 9.9956E-05 9.9956E-05 9.9956E-05 0.213952 0.0161856 0.600821 9.9956E-05
9.99385E-05 9.99385E-05 9.99385E-05 9.99385E-05 0.30064 0.0384321 9.99385E-05 0.333288 9.99385E-05 0.32694 9.99385E-05
0.0670283 9.99562E-05 0.0136323 9.99562E-05 0.0580637 0.178277 0.032797 9.99562E-05 9.99562E-05 0.649702 9.99562E-05
0.137684 9.99473E-05 9.99473E-05 9.99473E-05 0.341819 9.99473E-05 9.99473E-05 0.27143 9.99473E-05 0.235578 0.0128893
9.9956E-05 0.0777227 9.9956E-05 0.0312339 0.19915 9.9956E-05 9.9956E-05 0.0731617 9.9956E-05 0.543692 0.0745399
9.99386E-05 9.99386E-05 9.99386E-05 0.011223 0.273415 9.99386E-05 9.99386E-05 0.020295 9.99386E-05 0.694368 9.99386E-05
0.107276 9.9956E-05 0.00592457 0.0013368 0.0081296 9.9956E-05 9.9956E-05 0.179662 9.9956E-05 0.697171 9.9956E-05
9.99385E-05 9.99385E-05 9.99385E-05 9.99385E-05 0.083206 9.99385E-05 9.99385E-05 0.264602 9.99385E-05 0.561344 0.0901489
9.99297E-05 9.99297E-05 9.99297E-05 9.99297E-05 0.637175 9.99297E-05 9.99297E-05 0.103423 9.99297E-05 0.258603 9.99297E-05
9.99561E-05 0.00986241 9.99561E-05 9.99561E-05 0.250213 0.0530475 9.99561E-05 0.33584 0.122149 0.228389 9.99561E-05
9.99384E-05 0.187307 9.99384E-05 9.99384E-05 0.11499 9.99384E-05 9.99384E-05 0.0488695 9.99384E-05 0.648133 9.99384E-05
9.99384E-05 9.99384E-05 9.99384E-05 9.99384E-05 0.201363 9.99384E-05 9.99384E-05 0.241558 9.99384E-05 0.479694 0.0766853
9.995E-05 9.995E-05 0.0597665 9.995E-05 0.29257 0.125759 9.995E-05 0.200991 9.995E-05 0.269098 0.0513167
9.99385E-05 9.99385E-05 9.99385E-05 0.0287046 0.219696 9.99385E-05 9.99385E-05 0.121483 9.99385E-05 0.629417 9.99385E-05
9.99561E-05 0.00507717 9.99561E-05 9.99561E-05 0.130106 9.99561E-05 9.99561E-05 0.423853 0.0723927 0.281497 0.086574
9.9956E-05 9.9956E-05 0.0261524 0.110101 0.138742 0.23528 9.9956E-05 9.9956E-05 9.9956E-05 0.455157 0.0340689
9.99473E-05 0.0761226 0.117713 9.99473E-05 0.0886799 9.99473E-05 9.99473E-05 0.307551 9.99473E-05 0.409334 9.99473E-05
9.995E-05 9.995E-05 0.204678 0.0472098 0.121567 0.0205702 9.995E-05 0.107189 9.995E-05 0.498286 9.995E-05
9.99385E-05 9.99385E-05 9.99385E-05 9.99385E-05 0.326102 0.0050317 9.99385E-05 9.99385E-05 0.0316893 0.636477 9.99385E-05
9.996E-05 0.00962481 9.996E-05 0.0340746 0.221494 9.996E-05 9.996E-05 0.235873 0.14187 0.331646 0.0250184
9.99472E-05 0.015571 0.121055 9.99472E-05 0.202217 9.99472E-05 9.99472E-05 0.0965873 9.99472E-05 0.56397 9.99472E-05
9.99472E-05 0.141566 9.99472E-05 0.00979657 0.0667362 9.99472E-05 9.99472E-05 0.0657357 9.99472E-05 0.715566 9.99472E-05
9.99298E-05 9.99298E-05 9.99298E-05 9.99298E-05 0.00188196 0.0473382 9.99298E-05 9.99298E-05 9.99298E-05 0.94998 9.99298E-05
9.99472E-05 0.00974751 0.269548 9.99472E-05 0.030238 9.99472E-05 9.99472E-05 0.160855 9.99472E-05 0.529011 9.99472E-05
9.99473E-05 0.0812882 9.99473E-05 9.99473E-05 0.319425 9.99473E-05 9.99473E-05 0.307688 0.0500044 0.240994 9.99473E-05
9.995E-05 0.0446603 0.120564 0.0888838 9.995E-05 9.995E-05 9.995E-05 0.134085 0.0281289 0.583179 9.995E-05
9.99473E-05 0.122565 9.99473E-05 0.078748 0.21916 9.99473E-05 9.99473E-05 0.0934236 9.99473E-05 0.485503 9.99473E-05
9.99473E-05 9.99473E-05 0.0667981 9.99473E-05 0.447773 9.99473E-05 9.99473E-05 0.170491 9.99473E-05 0.266691 0.0476481
9.99473E-05 9.99473E-05 9.99473E-05 9.99473E-05 0.251158 0.0212239 9.99473E-05 0.119166 9.99473E-05 0.549837 0.0580155
9.99648E-05 0.0222403 0.36261 9.99648E-05 0.229673 0.0386652 9.99648E-05 0.0748946 9.99648E-05 0.257436 0.0140811
9.99473E-05 0.0512591 0.178555 9.99473E-05 0.226081 9.99473E-05 9.99473E-05 0.205266 9.99473E-05 0.338239 9.99473E-05
9.9956E-05 0.0568988 0.0122237 9.9956E-05 0.208976 9.9956E-05 9.9956E-05 0.184 9.9956E-05 0.460494 0.0769081
9.99385E-05 9.99385E-05 9.99385E-05 0.0320062 0.0692349 9.99385E-05 9.99385E-05 0.259181 9.99385E-05 0.638878 9.99385E-05
9.99122E-05 9.99122E-05 9.99122E-05 9.99122E-05 9.99122E-05 9.99122E-05 9.99122E-05 9.99122E-05 9.99122E-05 0.999001 9.99122E-05
0.018625 9.995E-05 9.995E-05 9.995E-05 9.995E-05 0.0789082 9.995E-05 0.376929 0.136142 0.331616 0.0572803
9.99561E-05 9.99561E-05 9.99561E-05 0.0654376 0.0649977 9.99561E-05 9.99561E-05 0.0327089 0.110132 0.641975 0.0842495
9.99385E-05 9.99385E-05 0.262312 9.99385E-05 0.22754 9.99385E-05 9.99385E-05 0.15518 9.99385E-05 0.354268 9.99385E-05
9.99384E-05 0.0183378 9.99384E-05 9.99384E-05 0.118064 9.99384E-05 9.99384E-05 0.326501 9.99384E-05 0.536397 9.99384E-05
9.99561E-05 9.99561E-05 0.16789 0.00955944 0.0229074 0.0600763 9.99561E-05 0.136538 9.99561E-05 0.602529 9.99561E-05
0.222977 9.9956E-05 0.019496 0.00805824 0.210321 9.9956E-05 9.9956E-05 0.126005 9.9956E-05 0.412642 9.9956E-05
9.99473E-05 0.0378707 0.0900807 9.99473E-05 0.531595 9.99473E-05 9.99473E-05 0.030404 9.99473E-05 0.30945 9.99473E-05
9.9956E-05 0.0468203 9.9956E-05 9.9956E-05 0.441359 0.024179 9.9956E-05 0.330291 9.9956E-05 0.143013 0.0138376
9.99472E-05 0.00448679 9.99472E-05 9.99472E-05 0.122321 9.99472E-05 9.99472E-05 0.136678 9.99472E-05 0.668949 0.0669656
9.99122E-05 9.99122E-05 9.99122E-05 9.99122E-05 9.99122E-05 9.99122E-05 9.99122E-05 9.99122E-05 9.99122E-05 0.999001 9.99122E-05
9.99472E-05 9.99472E-05 9.99472E-05 0.0597679 0.235477 9.99472E-05 9.99472E-05 0.0329549 9.99472E-05 0.639851 0.0313504
9.99298E-05 9.99298E-05 0.0927603 9.99298E-05 9.99298E-05 9.99298E-05 9.99298E-05 0.0397237 9.99298E-05 0.866717 9.99298E-05
9.9956E-05 0.0204409 9.9956E-05 9.9956E-05 0.213184 0.213087 9.9956E-05 0.19692 0.110784 0.245084 9.9956E-05
9.99298E-05 0.0224737 9.99298E-05 9.99298E-05 9.99298E-05 0.0284062 9.99298E-05 9.99298E-05 9.99298E-05 0.948321 9.99298E-05
9.99473E-05 9.99473E-05 9.99473E-05 9.99473E-05 0.00879021 0.0726801 9.99473E-05 0.348142 9.99473E-05 0.471208 0.09858
9.99473E-05 9.99473E-05 0.159535 9.99473E-05 9.99473E-05 0.196552 9.99473E-05 0.268837 9.99473E-05 0.263242 0.111235
9.99385E-05 9.99385E-05 9.99385E-05 9.99385E-05 0.199344 0.271463 9.99385E-05 0.0882901 9.99385E-05 0.440203 9.99385E-05
9.99385E-05 9.99385E-05 0.239064 9.99385E-05 0.097589 9.99385E-05 9.99385E-05 0.00588921 9.99385E-05 0.656759 9.99385E-05
9.99297E-05 9.99297E-05 9.99297E-05 9.99297E-05 0.342391 9.99297E-05 9.99297E-05 0.0529418 9.99297E-05 0.603868 9.99297E-05
9.99299E-05 9.99299E-05 9.99299E-05 9.99299E-05 9.99299E-05 0.135831 9.99299E-05 0.141195 9.99299E-05 0.722175 9.99299E-05
9.9921E-05 9.9921E-05 9.9921E-05 9.9921E-05 0.224892 9.9921E-05 9.9921E-05 9.9921E-05 9.9921E-05 0.774208 9.9921E-05
9.99297E-05 9.99297E-05 9.99297E-05 9.99297E-05 0.232109 9.99297E-05 9.99297E-05 0.208368 9.99297E-05 0.558724 9.99297E-05
9.99473E-05 0.00412194 9.99473E-05 9.99473E-05 0.266433 0.16525 9.99473E-05 0.160674 9.99473E-05 0.402922 9.99473E-05
9.9921E-05 9.9921E-05 9.9921E-05 9.9921E-05 9.9921E-05 9.9921E-05 9.9921E-05 0.00851243 9.9921E-05 0.990588 9.9921E-05
9.99211E-05 9.99211E-05 9.99211E-05 9.99211E-05 0.104997 9.99211E-05 9.99211E-05 9.99211E-05 9.99211E-05 0.894104 9.99211E-05
0.00357472 9.99386E-05 9.99386E-05 9.99386E-05 9.99386E-05 9.99386E-05 0.0277374 0.161125 9.99386E-05 0.806863 9.99386E-05
9.99473E-05 0.0150163 9.99473E-05 9.99473E-05 0.113979 9.99473E-05 9.99473E-05 0.162262 9.99473E-05 0.608553 0.0995895
0.0359025 9.99472E-05 9.99472E-05 0.146036 0.114824 9.99472E-05 9.99472E-05 0.168582 9.99472E-05 0.534055 9.99472E-05
9.99385E-05 9.99385E-05 9.99385E-05 9.99385E-05 0.253263 9.99385E-05 9.99385E-05 0.0130148 0.0345717 0.698451 9.99385E-05
9.99298E-05 9.99298E-05 9.99298E-05 9.99298E-05 0.0459035 9.99298E-05 9.99298E-05 0.062254 9.99298E-05 0.891043 9.99298E-05
9.99473E-05 9.99473E-05 0.0387234 9.99473E-05 0.347411 0.0392074 9.99473E-05 0.239142 9.99473E-05 0.334917 9.99473E-05
9.99472E-05 9.99472E-05 9.99472E-05 0.0146948 0.0388611 9.99472E-05 9.99472E-05 0.370663 9.99472E-05 0.510054 0.0651283
9.99298E-05 9.99298E-05 9.99298E-05 0.0322003 9.99298E-05 0.204594 9.99298E-05 9.99298E-05 9.99298E-05 0.762406 9.99298E-05
0.0202493 9.99561E-05 9.99561E-05 0.0239092 0.0570804 0.162411 9.99561E-05 0.284097 9.99561E-05 0.451753 9.99561E-05
9.99387E-05 9.99387E-05 9.99387E-05 9.99387E-05 9.99387E-05 0.105263 0.106674 0.0915433 9.99387E-05 0.69582 9.99387E-05
9.99297E-05 9.99297E-05 9.99297E-05 9.99297E-05 0.319365 9.99297E-05 9.99297E-05 0.310033 9.99297E-05 0.369802 9.99297E-05
9.99473E-05 0.0875626 9.99473E-05 0.0482842 9.99473E-05 0.279442 9.99473E-05 9.99473E-05 0.137792 0.44632 9.99473E-05
9.99298E-05 9.99298E-05 9.99298E-05 9.99298E-05 9.99298E-05 0.0964495 9.99298E-05 0.0939173 9.99298E-05 0.808834 9.99298E-05
9.99385E-05 9.99385E-05 9.99385E-05 9.99385E-05 0.120645 0.282396 9.99385E-05 0.0654345 9.99385E-05 0.530825 9.99385E-05
9.99299E-05 9.99299E-05 9.99299E-05 9.99299E-05 9.99299E-05 0.171409 0.0371398 9.99299E-05 9.99299E-05 0.790652 9.99299E-05
9.99473E-05 0.0220231 0.0938029 9.99473E-05 9.99473E-05 9.99473E-05 9.99473E-05 0.162311 9.99473E-05 0.709297 0.0119658
9.99211E-05 9.99211E-05 9.99211E-05 9.99211E-05 9.99211E-05 0.297798 9.99211E-05 9.99211E-05 9.99211E-05 0.701302 9.99211E-05
9.99385E-05 9.99385E-05 9.99385E-05 9.99385E-05 0.376784 9.99385E-05 9.99385E-05 0.0904371 9.99385E-05 0.466604 0.0654749
0.100239 9.99472E-05 0.0464243 9.99472E-05 0.208749 9.99472E-05 9.99472E-05 9.99472E-05 9.99472E-05 0.577295 0.0666941
9.997E-05 0.119783 0.151352 0.0276101 0.14742 0.0535205 9.997E-05 0.0462512 9.997E-05 0.445316 0.0084471
9.99211E-05 9.99211E-05 9.99211E-05 9.99211E-05 9.99211E-05 0.0891476 9.99211E-05 9.99211E-05 9.99211E-05 0.909953 9.99211E-05
9.99474E-05 9.99474E-05 9.99474E-05 9.99474E-05 0.276915 0.00697834 9.99474E-05 0.0348436 9.99474E-05 0.614099 0.0665646
9.99385E-05 9.99385E-05 9.99385E-05 0.154655 0.16105 0.214696 9.99385E-05 9.99385E-05 9.99385E-05 0.4689 9.99385E-05
9.99385E-05 9.99385E-05 9.99385E-05 9.99385E-05 0.0263186 0.0823569 9.99385E-05 0.0724191 9.99385E-05 0.818206 9.99385E-05
9.99472E-05 0.162278 9.99472E-05 9.99472E-05 0.0549171 9.99472E-05 9.99472E-05 0.30078 9.99472E-05 0.458724 0.0227017
9.99385E-05 0.0491571 9.99385E-05 9.99385E-05 0.398177 9.99385E-05 9.99385E-05 0.226261 9.99385E-05 0.325705 9.99385E-05
0.132613 9.9956E-05 9.9956E-05 9.9956E-05 0.125492 9.9956E-05 9.9956E-05 0.245134 0.0414194 0.43021 0.0246316
9.9956E-05 9.9956E-05 9.9956E-05 0.0583124 0.162899 9.9956E-05 9.9956E-05 0.305967 0.0165829 0.428645 0.0270939
0.125968 9.99561E-05 9.99561E-05 0.113981 0.1037 0.110232 9.99561E-05 0.162776 9.99561E-05 0.382844 9.99561E-05
9.99473E-05 0.157943 9.99473E-05 9.99473E-05 0.138287 0.140415 9.99473E-05 0.356668 9.99473E-05 0.206087 9.99473E-05
0.0273757 9.99561E-05 9.99561E-05 9.99561E-05 0.418296 0.116954 0.0156843 0.13287 9.99561E-05 0.28832 9.99561E-05
9.99648E-05 9.99648E-05 9.99648E-05 0.120136 0.0161611 0.264534 9.99648E-05 0.0136568 0.0397969 0.386635 0.15868
9.99297E-05 9.99297E-05 9.99297E-05 9.99297E-05 0.182347 0.155873 9.99297E-05 9.99297E-05 9.99297E-05 0.66098 9.99297E-05
9.99386E-05 0.0175258 9.99386E-05 9.99386E-05 9.99386E-05 0.20028 9.99386E-05 0.014947 9.99386E-05 0.766547 9.99386E-05
9.99385E-05 9.99385E-05 0.212576 0.00120243 0.348649 9.99385E-05 9.99385E-05 9.99385E-05 9.99385E-05 0.436873 9.99385E-05
9.99472E-05 9.99472E-05 0.093206 9.99472E-05 0.0724279 9.99472E-05 9.99472E-05 0.328658 9.99472E-05 0.411685 0.0934235
9.99385E-05 0.0211993 9.99385E-05 9.99385E-05 9.99385E-05 9.99385E-05 9.99385E-05 0.493484 9.99385E-05 0.477196 0.00742084
9.99473E-05 9.99473E-05 0.00965459 9.99473E-05 0.190356 0.0534812 9.99473E-05 0.551117 9.99473E-05 0.194792 9.99473E-05
9.99648E-05 0.0794208 0.187921 0.0355426 0.211756 9.99648E-05 9.99648E-05 9.99648E-05 0.02955 0.412686 0.0427247
0.0609355 9.99385E-05 9.99385E-05 9.99385E-05 0.0937092 9.99385E-05 9.99385E-05 0.423042 9.99385E-05 0.421613 9.99385E-05
9.99648E-05 0.122804 9.99648E-05 0.199483 0.0539156 0.181848 9.99648E-05 0.103791 9.99648E-05 0.332417 0.0053423
9.99299E-05 9.99299E-05 9.99299E-05 9.99299E-05 0.0878121 0.052076 9.99299E-05 9.99299E-05 9.99299E-05 0.859312 9.99299E-05
9.99387E-05 9.99387E-05 9.99387E-05 9.99387E-05 0.089989 0.161604 0.0137691 9.99387E-05 9.99387E-05 0.733938 9.99387E-05
9.99473E-05 9.99473E-05 9.99473E-05 9.99473E-05 0.144526 0.0647899 9.99473E-05 0.190222 9.99473E-05 0.557929 0.0419337
