9.99737E-05 9.99737E-05 9.99737E-05 0.830188 0.169512
9.99737E-05 9.99737E-05 9.99737E-05 0.938308 0.0613917
0.00806753 9.99825E-05 9.99825E-05 0.983089 0.0086433
0.16988 0.00221787 0.352663 0.320647 0.154591
0.0288946 9.99825E-05 0.151414 0.819492 9.99825E-05
0.196459 0.199024 0.219267 0.339034 0.046215
9.99825E-05 9.99825E-05 0.240947 0.625291 0.133561
9.999E-05 0.171745 0.270195 0.376608 0.181351
9.99824E-05 0.212983 0.117592 0.669224 9.99824E-05
9.99737E-05 9.99737E-05 9.99737E-05 0.994516 0.00518378
9.99737E-05 9.99737E-05 9.99737E-05 0.832251 0.167449
9.99825E-05 9.99825E-05 0.0886184 0.864557 0.046625
9.99737E-05 9.99737E-05 9.99737E-05 0.996713 0.00298698
0.216608 9.99825E-05 9.99825E-05 0.669453 0.113739
0.107624 0.146275 0.127879 0.618122 9.99912E-05
9.99824E-05 0.260453 0.253646 0.485701 9.99824E-05
0.110926 9.99912E-05 0.0193265 0.786661 0.0829861
9.99825E-05 9.99825E-05 0.302297 0.572738 0.124765
9.99912E-05 0.066172 0.0665166 0.737803 0.129409
9.99738E-05 9.99738E-05 0.0319091 0.967791 9.99738E-05
0.00881572 0.10605 0.325354 0.489979 0.0698013
0.0178297 0.202312 0.216218 0.460254 0.103387
9.99737E-05 9.99737E-05 9.99737E-05 0.868257 0.131443
9.99737E-05 9.99737E-05 0.11759 0.88211 9.99737E-05
0.146607 0.0569594 0.258888 0.537445 9.99912E-05
0.0872981 9.99825E-05 9.99825E-05 0.891692 0.0208103
0.249013 0.0684186 0.118899 0.401002 0.162667
0.00115113 9.99825E-05 9.99825E-05 0.92528 0.0733685
9.99737E-05 9.99737E-05 9.99737E-05 0.913732 0.0859676
0.177765 9.99825E-05 9.99825E-05 0.727078 0.0949563
9.99825E-05 0.00372021 9.99825E-05 0.776791 0.219289
0.112543 9.99912E-05 0.103944 0.736904 0.046509
0.0117506 9.99912E-05 0.0617072 0.817571 0.108871
0.270167 9.99912E-05 0.0213392 0.645274 0.0631194
9.99738E-05 9.99738E-05 9.99738E-05 0.909663 0.0900371
9.99825E-05 9.99825E-05 0.0751669 0.860857 0.0637761
9.99825E-05 9.99825E-05 0.0862749 0.877257 0.0362684
0.0559841 0.102289 0.0207012 0.820925 9.99912E-05
0.195055 0.00229554 0.00607932 0.79647 9.99912E-05
0.199856 9.99912E-05 0.0881224 0.706385 0.00553685
9.99737E-05 9.99737E-05 9.99737E-05 0.963194 0.0365062
9.997E-05 9.997E-05 9.997E-05 0.9996 9.997E-05
0.0323982 9.99825E-05 0.085754 0.881648 9.99825E-05
9.99825E-05 0.0705204 9.99825E-05 0.791336 0.137943
9.99737E-05 9.99737E-05 0.271732 0.727968 9.99737E-05
9.99737E-05 9.99737E-05 0.0695113 0.930189 9.99737E-05
9.99737E-05 9.99737E-05 9.99737E-05 0.89225 0.10745
9.99738E-05 9.99738E-05 9.99738E-05 0.922888 0.0768117
9.99737E-05 9.99737E-05 9.99737E-05 0.920551 0.0791493
9.99825E-05 0.0223694 9.99825E-05 0.75395 0.223481
0.0669794 0.044913 0.155612 0.624835 0.107661
9.99738E-05 9.99738E-05 0.31396 0.68574 9.99738E-05
9.99738E-05 9.99738E-05 9.99738E-05 0.904159 0.0955411
0.046352 9.99912E-05 0.265017 0.63296 0.0555717
9.99738E-05 9.99738E-05 0.144335 0.855365 9.99738E-05
0.196653 9.99913E-05 0.112181 0.653436 0.0376301
9.99737E-05 9.99737E-05 9.99737E-05 0.826219 0.173481
9.99738E-05 9.99738E-05 9.99738E-05 0.910401 0.0892986
9.99825E-05 0.00769127 9.99825E-05 0.907087 0.085022
0.0912232 0.115707 9.99912E-05 0.624313 0.168656
9.99738E-05 9.99738E-05 0.249028 0.750673 9.99738E-05
0.140045 0.0233923 9.99912E-05 0.596571 0.239891
0.255291 0.261192 9.99912E-05 0.358627 0.124789
9.99912E-05 0.123622 0.314066 0.536126 0.0260862
0.000368673 0.14072 9.99912E-05 0.729066 0.129746
0.0224126 0.227114 0.0861864 0.619409 0.0448777
0.109616 0.142039 9.99912E-05 0.519715 0.22853
0.189022 0.00200502 9.99912E-05 0.691565 0.117308
9.99824E-05 0.01989 9.99824E-05 0.768463 0.211447
9.99824E-05 0.120274 9.99824E-05 0.5642 0.315325
9.99912E-05 0.113538 0.210921 0.457751 0.21769
0.23427 0.196002 0.211831 0.108868 0.249029
9.99912E-05 0.112094 0.109506 0.768453 0.00984713
0.245454 0.00358921 9.99912E-05 0.567316 0.183541
0.0536697 0.125072 0.0579156 0.635135 0.128208
0.173717 0.0268618 0.206268 0.443113 0.15004
9.99912E-05 0.179085 0.0441014 0.448836 0.327877
9.99912E-05 0.146902 0.0408652 0.518441 0.293692
0.0524848 0.0174251 0.111213 0.687102 0.131776
0.086948 0.0143265 9.99913E-05 0.782055 0.116571
0.0197046 0.0721662 0.0435882 0.761413 0.103128
0.365938 0.00525692 9.99912E-05 0.521445 0.10726
0.0878357 0.0387979 0.109383 0.508547 0.255436
0.0343217 0.039101 9.99912E-05 0.7083 0.218177
0.197354 0.0934645 9.99912E-05 0.697358 0.0117237
0.0239592 9.99825E-05 9.99825E-05 0.790867 0.184974
9.99912E-05 0.0605154 0.118687 0.791314 0.0293846
9.99825E-05 0.0983498 9.99825E-05 0.690072 0.211378
0.183964 0.121099 9.99912E-05 0.686085 0.00875182
0.839685 0.160015 9.99736E-05 9.99736E-05 9.99736E-05
0.9996 9.997E-05 9.997E-05 9.997E-05 9.997E-05
0.921455 9.99824E-05 0.0241172 9.99824E-05 0.0542283
0.791862 0.0960748 9.99824E-05 9.99824E-05 0.111863
0.801176 0.133514 0.034547 9.99912E-05 0.0306633
0.754235 0.245465 9.99736E-05 9.99736E-05 9.99736E-05
0.781226 0.0739547 9.99824E-05 9.99824E-05 0.144619
0.727424 0.272276 9.99736E-05 9.99736E-05 9.99736E-05
0.475568 0.489783 9.99824E-05 9.99824E-05 0.0344496
0.499638 0.322318 0.112395 0.0655494 9.99912E-05
0.874346 0.125354 9.99737E-05 9.99737E-05 9.99737E-05
0.978963 0.0207366 9.99737E-05 9.99737E-05 9.99737E-05
0.877099 0.100845 9.99824E-05 9.99824E-05 0.0218568
0.787958 0.19468 9.99824E-05 0.0171623 9.99824E-05
0.694619 0.125182 9.99824E-05 9.99824E-05 0.179999
0.688709 0.144063 0.0696072 9.99912E-05 0.0975213
0.83379 0.156524 0.00948592 9.99824E-05 9.99824E-05
0.776908 0.149234 0.0224527 9.99912E-05 0.0513062
0.849869 0.0248653 0.0522532 9.99912E-05 0.072913
0.855007 0.0884328 0.0563606 9.99825E-05 9.99825E-05
0.839569 0.160131 9.99736E-05 9.99736E-05 9.99736E-05
0.909237 0.0570377 9.99824E-05 9.99824E-05 0.033525
0.436731 0.335787 0.227282 9.99824E-05 9.99824E-05
0.862896 0.136804 9.99737E-05 9.99737E-05 9.99737E-05
0.480609 0.361999 0.157192 9.99824E-05 9.99824E-05
0.703565 0.219135 9.99912E-05 0.00287354 0.074326
0.9996 9.997E-05 9.997E-05 9.997E-05 9.997E-05
0.785225 0.0896268 0.124948 9.99824E-05 9.99824E-05
0.625429 0.290496 9.99824E-05 0.0838756 9.99824E-05
0.92221 0.00934173 0.0421799 9.99912E-05 0.026168
0.835906 0.0675912 0.039328 0.057075 9.99912E-05
0.971915 9.99737E-05 9.99737E-05 9.99737E-05 0.0277855
0.323502 0.389041 0.275039 9.99912E-05 0.012318
0.839817 0.0776623 9.99824E-05 9.99824E-05 0.0823211
0.9996 9.997E-05 9.997E-05 9.997E-05 9.997E-05
0.871312 0.0702388 0.00520639 9.99912E-05 0.0531429
0.725525 0.157481 9.99824E-05 9.99824E-05 0.116794
0.949938 0.0497619 9.99737E-05 9.99737E-05 9.99737E-05
0.993708 0.0059921 9.99737E-05 9.99737E-05 9.99737E-05
0.9996 9.997E-05 9.997E-05 9.997E-05 9.997E-05
0.9996 9.997E-05 9.997E-05 9.997E-05 9.997E-05
0.587692 0.247757 0.0252331 0.139217 9.99912E-05
0.75214 0.238555 0.00910487 9.99824E-05 9.99824E-05
0.896257 0.103443 9.99737E-05 9.99737E-05 9.99737E-05
0.9996 9.997E-05 9.997E-05 9.997E-05 9.997E-05
0.510869 0.325273 0.124513 9.99912E-05 0.0392445
0.776538 0.115845 9.99912E-05 0.0682156 0.0393016
0.670055 0.203354 0.116457 9.99912E-05 0.0100342
0.485293 0.297056 0.0530183 0.1645 0.000132907
0.9996 9.997E-05 9.997E-05 9.997E-05 9.997E-05
0.736751 0.0085245 0.239828 0.0147968 9.99912E-05
0.915449 0.0842511 9.99737E-05 9.99737E-05 9.99737E-05
0.788709 0.135843 9.99825E-05 9.99825E-05 0.0752478
0.851866 0.0840665 0.0638676 9.99824E-05 9.99824E-05
0.850262 9.99824E-05 0.0230689 9.99824E-05 0.126469
0.498564 0.345934 9.998E-05 0.155302 9.998E-05
0.771762 0.227938 9.99736E-05 9.99736E-05 9.99736E-05
0.853037 0.0710278 9.99824E-05 9.99824E-05 0.0757351
0.883557 9.99736E-05 0.116143 9.99736E-05 9.99736E-05
0.780764 0.218936 9.99736E-05 9.99736E-05 9.99736E-05
9.997E-05 9.997E-05 9.997E-05 0.9996 9.997E-05
9.997E-05 0.9996 9.997E-05 9.997E-05 9.997E-05
9.99735E-05 0.00928553 9.99735E-05 0.990415 9.99735E-05
9.997E-05 0.9996 9.997E-05 9.997E-05 9.997E-05
9.997E-05 0.9996 9.997E-05 9.997E-05 9.997E-05
9.997E-05 0.9996 9.997E-05 9.997E-05 9.997E-05
9.997E-05 9.997E-05 9.997E-05 0.9996 9.997E-05
9.997E-05 0.9996 9.997E-05 9.997E-05 9.997E-05
9.997E-05 0.9996 9.997E-05 9.997E-05 9.997E-05
9.997E-05 9.997E-05 9.997E-05 0.9996 9.997E-05
9.99824E-05 0.0816541 0.0175687 0.900577 9.99824E-05
9.997E-05 9.997E-05 9.997E-05 0.9996 9.997E-05
9.997E-05 0.9996 9.997E-05 9.997E-05 9.997E-05
9.997E-05 0.9996 9.997E-05 9.997E-05 9.997E-05
9.997E-05 9.997E-05 9.997E-05 0.9996 9.997E-05
9.997E-05 9.997E-05 9.997E-05 0.9996 9.997E-05
0.576887 0.165466 0.257447 9.99824E-05 9.99824E-05
9.99736E-05 9.99736E-05 0.0595949 0.940105 9.99736E-05
9.997E-05 0.9996 9.997E-05 9.997E-05 9.997E-05
9.99735E-05 0.0287205 9.99735E-05 0.97098 9.99735E-05
9.99735E-05 0.053851 9.99735E-05 0.945849 9.99735E-05
9.99735E-05 0.0263499 9.99735E-05 0.97335 9.99735E-05
9.997E-05 0.9996 9.997E-05 9.997E-05 9.997E-05
9.99824E-05 0.0486029 0.0271232 0.924074 9.99824E-05
9.997E-05 0.9996 9.997E-05 9.997E-05 9.997E-05
9.99736E-05 0.0138627 9.99736E-05 0.985837 9.99736E-05
9.99735E-05 0.0207624 9.99735E-05 0.978938 9.99735E-05
9.997E-05 0.9996 9.997E-05 9.997E-05 9.997E-05
9.997E-05 0.9996 9.997E-05 9.997E-05 9.997E-05
9.997E-05 0.9996 9.997E-05 9.997E-05 9.997E-05
9.997E-05 9.997E-05 9.997E-05 0.9996 9.997E-05
9.997E-05 9.997E-05 9.997E-05 0.9996 9.997E-05
9.99736E-05 0.0163261 9.99736E-05 0.983374 9.99736E-05
9.997E-05 9.997E-05 9.997E-05 0.9996 9.997E-05
9.99735E-05 0.0786401 9.99735E-05 0.92106 9.99735E-05
9.997E-05 0.9996 9.997E-05 9.997E-05 9.997E-05
9.997E-05 0.9996 9.997E-05 9.997E-05 9.997E-05
9.997E-05 0.9996 9.997E-05 9.997E-05 9.997E-05
9.99735E-05 0.0338945 9.99735E-05 0.965806 9.99735E-05
9.997E-05 0.9996 9.997E-05 9.997E-05 9.997E-05
9.997E-05 0.9996 9.997E-05 9.997E-05 9.997E-05
9.997E-05 0.9996 9.997E-05 9.997E-05 9.997E-05
9.997E-05 0.9996 9.997E-05 9.997E-05 9.997E-05
9.997E-05 9.997E-05 9.997E-05 0.9996 9.997E-05
9.997E-05 0.9996 9.997E-05 9.997E-05 9.997E-05
9.997E-05 0.9996 9.997E-05 9.997E-05 9.997E-05
0.578809 0.129926 0.291065 9.99824E-05 9.99824E-05
0.0214187 9.99736E-05 9.99736E-05 0.978281 9.99736E-05
9.997E-05 0.9996 9.997E-05 9.997E-05 9.997E-05
9.997E-05 0.9996 9.997E-05 9.997E-05 9.997E-05
9.997E-05 0.9996 9.997E-05 9.997E-05 9.997E-05
9.997E-05 0.9996 9.997E-05 9.997E-05 9.997E-05
9.997E-05 9.997E-05 9.997E-05 0.9996 9.997E-05
9.997E-05 0.9996 9.997E-05 9.997E-05 9.997E-05
9.99735E-05 0.0402829 9.99735E-05 0.959417 9.99735E-05
9.997E-05 0.9996 9.997E-05 9.997E-05 9.997E-05
9.997E-05 9.997E-05 9.997E-05 0.9996 9.997E-05
9.997E-05 0.9996 9.997E-05 9.997E-05 9.997E-05
9.997E-05 0.9996 9.997E-05 9.997E-05 9.997E-05
9.997E-05 0.9996 9.997E-05 9.997E-05 9.997E-05
9.997E-05 0.9996 9.997E-05 9.997E-05 9.997E-05
9.997E-05 0.9996 9.997E-05 9.997E-05 9.997E-05
9.997E-05 0.9996 9.997E-05 9.997E-05 9.997E-05
9.99735E-05 0.0122525 9.99735E-05 0.987448 9.99735E-05
9.997E-05 9.997E-05 9.997E-05 0.9996 9.997E-05
9.99735E-05 9.99735E-05 0.00811705 0.991583 9.99735E-05
9.997E-05 0.9996 9.997E-05 9.997E-05 9.997E-05
9.997E-05 9.997E-05 9.997E-05 0.9996 9.997E-05
9.99735E-05 0.0317137 9.99735E-05 0.967986 9.99735E-05
9.99735E-05 0.00992756 9.99735E-05 0.989773 9.99735E-05
9.997E-05 0.9996 9.997E-05 9.997E-05 9.997E-05
9.997E-05 0.9996 9.997E-05 9.997E-05 9.997E-05
9.997E-05 0.9996 9.997E-05 9.997E-05 9.997E-05
9.997E-05 9.997E-05 9.997E-05 0.9996 9.997E-05
9.997E-05 0.9996 9.997E-05 9.997E-05 9.997E-05
9.997E-05 0.9996 9.997E-05 9.997E-05 9.997E-05
9.997E-05 9.997E-05 9.997E-05 0.9996 9.997E-05
9.997E-05 0.9996 9.997E-05 9.997E-05 9.997E-05
9.997E-05 0.9996 9.997E-05 9.997E-05 9.997E-05
0.525597 0.236135 0.0425177 9.99912E-05 0.19565
9.997E-05 9.997E-05 9.997E-05 0.9996 9.997E-05
9.997E-05 0.9996 9.997E-05 9.997E-05 9.997E-05
0.463108 0.434278 9.99824E-05 9.99824E-05 0.102414
0.555948 0.278028 0.165824 9.99824E-05 9.99824E-05
0.729611 0.177961 0.0588688 0.0334598 9.99912E-05
0.89019 9.99736E-05 0.10951 9.99736E-05 9.99736E-05
0.649938 0.349762 9.99736E-05 9.99736E-05 9.99736E-05
0.881558 0.118142 9.99737E-05 9.99737E-05 9.99737E-05
0.394187 0.304629 0.0881258 0.212959 9.99912E-05
0.634404 0.188218 9.99824E-05 9.99824E-05 0.177178
0.806562 0.193138 9.99737E-05 9.99737E-05 9.99737E-05
0.797635 0.0294957 0.17267 9.99824E-05 9.99824E-05
0.858138 0.0877482 9.99912E-05 0.0421585 0.0118556
0.430588 0.569112 9.99736E-05 9.99736E-05 9.99736E-05
0.310069 0.355377 0.0854254 0.249029 9.99912E-05
0.873402 0.0711766 9.99824E-05 9.99824E-05 0.0552211
0.783695 0.172885 0.0432203 9.99824E-05 9.99824E-05
0.485316 0.36443 0.0329988 0.098119 0.0191363
0.815673 0.184027 9.99737E-05 9.99737E-05 9.99737E-05
0.578156 0.0918317 0.0071868 0.173946 0.148879
0.700522 0.197472 0.0751397 9.99912E-05 0.0267656
0.695267 0.134287 0.170246 9.99824E-05 9.99824E-05
0.754091 0.170338 0.0753712 9.99824E-05 9.99824E-05
0.721995 0.250101 0.0277034 9.99824E-05 9.99824E-05
0.633739 0.169101 0.152939 9.99912E-05 0.0441209
0.78711 0.183637 9.99824E-05 9.99824E-05 0.0290537
0.876125 0.0633844 9.99824E-05 9.99824E-05 0.0602906
0.982767 0.0169335 9.99737E-05 9.99737E-05 9.99737E-05
0.709211 0.203506 0.0870825 9.99824E-05 9.99824E-05
0.588151 0.295327 0.0886963 0.0277258 9.99912E-05
0.808016 9.99824E-05 0.150138 9.99824E-05 0.0416463
0.664918 0.159868 0.0610837 9.99912E-05 0.11403
0.472006 0.527694 9.99736E-05 9.99736E-05 9.99736E-05
0.709499 0.290201 9.99736E-05 9.99736E-05 9.99736E-05
0.621608 0.271702 0.0555061 9.99912E-05 0.0510839
0.47833 0.22385 0.162201 0.134372 0.00124766
0.701808 0.14583 9.99824E-05 9.99824E-05 0.152163
0.925814 0.0738864 9.99736E-05 9.99736E-05 9.99736E-05
0.9996 9.997E-05 9.997E-05 9.997E-05 9.997E-05
0.712164 9.99912E-05 0.0881668 0.0684145 0.131155
0.885251 0.00646108 0.000875065 9.99912E-05 0.107312
0.484981 0.285402 0.229417 9.99824E-05 9.99824E-05
0.833287 0.166413 9.99736E-05 9.99736E-05 9.99736E-05
0.767233 0.0706575 0.161909 9.99824E-05 9.99824E-05
0.604307 0.200203 0.19529 9.99824E-05 9.99824E-05
0.368881 0.598187 9.99824E-05 9.99824E-05 0.032732
0.408988 0.450156 9.99912E-05 0.092577 0.0481787
0.77328 0.158139 9.99824E-05 9.99824E-05 0.0683812
0.9996 9.997E-05 9.997E-05 9.997E-05 9.997E-05
0.786571 0.207564 9.99824E-05 9.99824E-05 0.00566479
0.9996 9.997E-05 9.997E-05 9.997E-05 9.997E-05
0.507125 0.319669 0.10789 0.0150716 0.0502435
0.9996 9.997E-05 9.997E-05 9.997E-05 9.997E-05
0.909865 9.99824E-05 9.99824E-05 0.0452759 0.0446594
0.588637 0.0803114 0.0816859 0.19905 0.0503152
0.719769 0.279931 9.99736E-05 9.99736E-05 9.99736E-05
0.752547 0.0852405 0.162013 9.99824E-05 9.99824E-05
0.699592 0.300108 9.99736E-05 9.99736E-05 9.99736E-05
0.84916 9.99737E-05 9.99737E-05 0.15054 9.99737E-05
0.784372 0.215328 9.99737E-05 9.99737E-05 9.99737E-05
0.800492 0.199208 9.99736E-05 9.99736E-05 9.99736E-05
0.698222 0.289176 9.99824E-05 0.0124029 9.99824E-05
0.9996 9.997E-05 9.997E-05 9.997E-05 9.997E-05
0.92446 0.0752396 9.99737E-05 9.99737E-05 9.99737E-05
0.867992 9.99737E-05 9.99737E-05 0.131708 9.99737E-05
0.822239 0.128878 9.99824E-05 9.99824E-05 0.0486827
0.819393 0.138563 0.0418436 9.99824E-05 9.99824E-05
0.783364 0.216336 9.99737E-05 9.99737E-05 9.99737E-05
0.971367 0.0283327 9.99737E-05 9.99737E-05 9.99737E-05
0.623334 0.296903 0.0310727 0.0485899 9.99912E-05
0.888788 0.039516 0.0362645 9.99912E-05 0.0353312
0.986014 0.0136862 9.99737E-05 9.99737E-05 9.99737E-05
0.700935 0.137794 9.99824E-05 0.161071 9.99824E-05
0.834105 9.997E-05 9.997E-05 0.165596 9.997E-05
0.638468 0.361232 9.99736E-05 9.99736E-05 9.99736E-05
0.722672 9.99825E-05 0.140102 9.99825E-05 0.137026
0.9996 9.997E-05 9.997E-05 9.997E-05 9.997E-05
0.79045 0.20925 9.99737E-05 9.99737E-05 9.99737E-05
0.9996 9.997E-05 9.997E-05 9.997E-05 9.997E-05
0.990454 9.99736E-05 9.99736E-05 9.99736E-05 0.00924651
0.963132 0.0365683 9.99737E-05 9.99737E-05 9.99737E-05
0.601838 0.397862 9.997E-05 9.997E-05 9.997E-05
0.733673 0.161561 0.104566 9.99824E-05 9.99824E-05
0.632549 0.149474 0.160852 9.99912E-05 0.0570245
0.9996 9.997E-05 9.997E-05 9.997E-05 9.997E-05
0.749054 0.231603 9.99824E-05 9.99824E-05 0.0191432
0.608112 0.16666 0.225028 9.99824E-05 9.99824E-05
0.951732 0.0479684 9.99736E-05 9.99736E-05 9.99736E-05
0.773858 0.0517418 9.99824E-05 9.99824E-05 0.1742
0.589195 0.398896 9.99824E-05 9.99824E-05 0.0117086
0.751545 0.0522202 0.12656 0.0695749 9.99912E-05
0.688543 0.184897 0.0892765 0.0371837 9.99912E-05
0.574258 0.0680562 0.14503 0.212555 9.99912E-05
0.669957 0.211922 9.99912E-05 0.0491524 0.0688684
0.343523 0.314179 9.99824E-05 0.342098 9.99824E-05
0.679569 0.116482 0.0559147 9.99912E-05 0.147935
0.757011 0.24269 9.99737E-05 9.99737E-05 9.99737E-05
0.97341 0.0262903 9.99737E-05 9.99737E-05 9.99737E-05
0.553125 0.345297 0.101379 9.99824E-05 9.99824E-05
0.611352 0.106306 9.99912E-05 0.142352 0.13989
0.675057 9.99824E-05 9.99824E-05 0.263464 0.0612787
0.414754 0.187726 0.0259155 0.371504 9.99912E-05
0.4578 0.211736 0.193527 9.99912E-05 0.136837
0.856828 0.0203308 0.0433804 0.0793607 9.99912E-05
0.547115 0.201329 0.087138 0.0110173 0.153401
0.945014 0.0262608 9.99825E-05 0.0285252 9.99825E-05
0.8628 0.136901 9.99737E-05 9.99737E-05 9.99737E-05
0.760258 0.182577 9.99825E-05 0.0569647 9.99825E-05
0.71979 9.99824E-05 9.99824E-05 0.0608592 0.219151
0.928522 0.0711783 9.99737E-05 9.99737E-05 9.99737E-05
0.9996 9.997E-05 9.997E-05 9.997E-05 9.997E-05
0.918545 0.0491893 9.99824E-05 9.99824E-05 0.032066
0.828282 0.0733695 9.99824E-05 9.99824E-05 0.0981484
0.9996 9.997E-05 9.997E-05 9.997E-05 9.997E-05
0.794876 0.0733935 0.0679577 0.0636727 9.99912E-05
0.687305 0.0735389 0.0978494 0.141206 9.99912E-05
0.542221 9.99912E-05 0.212369 0.186652 0.0586571
0.622009 0.377691 9.99736E-05 9.99736E-05 9.99736E-05
0.779118 0.220582 9.99736E-05 9.99736E-05 9.99736E-05
0.750622 0.0958391 0.0558689 0.0913091 0.00636082
0.9996 9.997E-05 9.997E-05 9.997E-05 9.997E-05
0.520786 9.99824E-05 0.208585 0.270428 9.99824E-05
0.693169 0.0735609 9.99824E-05 9.99824E-05 0.233071
0.71653 0.232062 9.99824E-05 9.99824E-05 0.0512084
0.611506 0.173092 9.99824E-05 0.215202 9.99824E-05
0.628179 0.235163 0.136459 9.99824E-05 9.99824E-05
0.83673 0.16297 9.99737E-05 9.99737E-05 9.99737E-05
0.647395 0.145165 9.99824E-05 9.99824E-05 0.20724
0.99953 9.99737E-05 0.000170198 9.99737E-05 9.99737E-05
0.896497 0.103203 9.99737E-05 9.99737E-05 9.99737E-05
0.664587 0.198725 0.0464761 9.99912E-05 0.0901128
0.758543 0.165481 0.0757752 9.99824E-05 9.99824E-05
0.0461874 0.206525 0.222946 0.524241 9.99912E-05
0.160378 0.244323 0.0946106 0.436359 0.0643296
0.158842 0.206938 0.173338 0.455168 0.00571373
0.352288 0.106472 0.098462 0.419157 0.0236204
0.195671 0.153758 0.158173 0.282702 0.209697
0.0502044 0.115175 9.99825E-05 0.83442 9.99825E-05
0.135641 0.203351 9.99912E-05 0.618041 0.042867
0.15427 0.267089 0.142145 0.372368 0.0641278
0.0862496 0.135544 0.0138216 0.607638 0.156747
0.185551 0.298521 0.0887533 0.427074 9.99912E-05
0.105554 0.124001 0.106554 0.4408 0.22309
0.166361 9.99825E-05 0.0958436 0.737596 9.99825E-05
0.144586 0.141234 0.223733 0.44806 0.0423869
0.0533799 0.0816986 9.99825E-05 0.864722 9.99825E-05
0.266366 0.0424215 0.000539741 0.555929 0.134744
0.064186 0.263069 0.146271 0.507893 0.0185815
0.0754618 0.182307 0.0965271 0.584734 0.06097
0.155074 0.0551331 0.15033 0.639363 9.99912E-05
0.00133609 0.204835 0.122287 0.493952 0.17759
9.99824E-05 0.320645 0.174081 0.505074 9.99824E-05
9.99824E-05 0.212659 9.99824E-05 0.681499 0.105642
0.0875811 0.135469 0.10997 0.658495 0.0084845
0.0606604 0.0477299 0.0403 0.700467 0.150843
0.18933 0.477835 9.99912E-05 0.25938 0.0733559
9.99824E-05 0.544455 9.99824E-05 0.346095 0.109251
9.99824E-05 0.587547 9.99824E-05 0.376774 0.0354788
9.99824E-05 0.475122 0.032363 0.492315 9.99824E-05
0.106187 0.408681 9.99824E-05 0.484932 9.99824E-05
9.99737E-05 0.498443 9.99737E-05 0.501257 9.99737E-05
0.222731 0.461373 9.99912E-05 0.224497 0.091299
0.139282 0.290224 9.99825E-05 0.570294 9.99825E-05
0.242433 0.355691 9.998E-05 0.401676 9.998E-05
9.99824E-05 0.558814 9.99824E-05 0.380008 0.0609782
0.16453 0.407876 0.011543 0.340641 0.0754108
0.101554 0.460045 9.998E-05 0.438202 9.998E-05
9.99824E-05 0.494333 9.99824E-05 0.3971 0.108367
0.195504 0.461215 9.998E-05 0.343082 9.998E-05
0.170226 0.388411 9.99825E-05 0.441162 9.99825E-05
0.227507 0.434922 9.99825E-05 0.337371 9.99825E-05
0.299852 0.429692 9.99912E-05 0.20635 0.0640056
0.127165 0.484987 9.998E-05 0.387648 9.998E-05
9.99737E-05 0.523042 9.99737E-05 0.476658 9.99737E-05
0.0243033 0.444617 9.99912E-05 0.362189 0.16879
0.14552 0.621109 9.998E-05 0.233172 9.998E-05
0.0478637 0.393033 9.99824E-05 0.558903 9.99824E-05
0.0490343 0.62631 0.0118057 0.31275 9.99912E-05
0.9996 9.997E-05 9.997E-05 9.997E-05 9.997E-05
0.108977 0.399099 0.0040066 0.445033 0.042885
0.159032 0.469776 9.99912E-05 0.363424 0.00766874
0.159913 0.24984 0.050907 0.526979 0.0123616
0.132004 0.382429 9.998E-05 0.485367 9.998E-05
0.0813205 0.627046 9.998E-05 0.291433 9.998E-05
0.194291 0.38934 9.998E-05 0.416169 9.998E-05
0.0878575 0.414701 9.99912E-05 0.406483 0.0908591
9.99824E-05 0.239136 0.0952809 0.665383 9.99824E-05
0.131499 0.411966 9.998E-05 0.456335 9.998E-05
9.99736E-05 0.440241 9.99736E-05 0.559459 9.99736E-05
9.99824E-05 0.57835 9.99824E-05 0.343824 0.0776262
0.233393 0.398912 0.0265197 0.341076 9.99912E-05
0.36989 0.374465 0.0210089 0.234536 9.99912E-05
0.0697181 0.304965 9.99912E-05 0.577983 0.0472336
0.0318918 0.425143 0.00916154 0.533703 9.99912E-05
0.226142 0.42123 9.99825E-05 0.352428 9.99825E-05
9.99737E-05 0.46407 9.99737E-05 0.53563 9.99737E-05
0.195362 0.351204 9.998E-05 0.453234 9.998E-05
0.238083 0.413555 9.99912E-05 0.323385 0.0248762
0.155151 0.467814 9.99912E-05 0.29936 0.0775756
9.99912E-05 0.0828375 0.301877 0.431623 0.183562
9.99824E-05 0.24533 0.465535 0.288935 9.99824E-05
9.99912E-05 0.323076 0.299946 0.0424727 0.334406
0.037099 0.204244 0.435369 0.227048 0.0962391
9.99912E-05 0.185388 0.307049 0.400122 0.107341
9.99912E-05 0.160203 0.151566 0.434068 0.254063
9.99912E-05 0.161842 0.28609 0.411036 0.140932
9.99912E-05 0.100004 0.269877 0.499028 0.130992
9.99912E-05 0.484302 0.246434 0.12164 0.147524
9.99912E-05 0.107883 0.0641559 0.330898 0.496963
0.0233714 0.183058 0.278219 0.306475 0.208876
9.99912E-05 0.197753 0.303516 0.309756 0.188874
9.99912E-05 0.0916153 0.29094 0.422265 0.195079
9.99912E-05 0.123253 0.22875 0.416132 0.231765
9.99912E-05 0.135436 0.515269 0.311714 0.0374811
9.99912E-05 0.0996106 0.269229 0.499995 0.131065
9.99912E-05 0.150543 0.20569 0.484723 0.158944
9.99824E-05 0.22288 0.583562 0.193358 9.99824E-05
0.00720284 0.196577 0.14709 0.335696 0.313434
9.99912E-05 0.119588 0.103284 0.501283 0.275746
9.997E-05 9.997E-05 9.997E-05 9.997E-05 0.9996
9.997E-05 9.997E-05 9.997E-05 9.997E-05 0.9996
9.997E-05 9.997E-05 9.997E-05 9.997E-05 0.9996
9.997E-05 9.997E-05 9.997E-05 9.997E-05 0.9996
9.997E-05 9.997E-05 9.997E-05 9.997E-05 0.9996
9.997E-05 9.997E-05 9.997E-05 9.997E-05 0.9996
9.997E-05 9.997E-05 9.997E-05 9.997E-05 0.9996
9.997E-05 9.997E-05 9.997E-05 9.997E-05 0.9996
9.997E-05 9.997E-05 9.997E-05 9.997E-05 0.9996
9.997E-05 9.997E-05 9.997E-05 9.997E-05 0.9996
9.997E-05 9.997E-05 9.997E-05 9.997E-05 0.9996
9.997E-05 9.997E-05 9.997E-05 9.997E-05 0.9996
9.997E-05 9.997E-05 9.997E-05 9.997E-05 0.9996
9.997E-05 9.997E-05 9.997E-05 9.997E-05 0.9996
9.997E-05 9.997E-05 9.997E-05 9.997E-05 0.9996
9.997E-05 9.997E-05 9.997E-05 9.997E-05 0.9996
9.997E-05 9.997E-05 9.997E-05 9.997E-05 0.9996
9.997E-05 9.997E-05 9.997E-05 9.997E-05 0.9996
9.997E-05 9.997E-05 9.997E-05 9.997E-05 0.9996
9.997E-05 9.997E-05 9.997E-05 9.997E-05 0.9996
9.997E-05 9.997E-05 9.997E-05 9.997E-05 0.9996
9.997E-05 9.997E-05 9.997E-05 9.997E-05 0.9996
9.997E-05 9.997E-05 9.997E-05 9.997E-05 0.9996
9.997E-05 9.997E-05 9.997E-05 9.997E-05 0.9996
9.997E-05 9.997E-05 9.997E-05 9.997E-05 0.9996
9.997E-05 9.997E-05 9.997E-05 9.997E-05 0.9996
9.997E-05 9.997E-05 9.997E-05 9.997E-05 0.9996
9.997E-05 9.997E-05 9.997E-05 9.997E-05 0.9996
9.997E-05 9.997E-05 9.997E-05 9.997E-05 0.9996
9.997E-05 9.997E-05 9.997E-05 9.997E-05 0.9996
9.997E-05 9.997E-05 9.997E-05 9.997E-05 0.9996
9.997E-05 9.997E-05 9.997E-05 9.997E-05 0.9996
9.997E-05 9.997E-05 9.997E-05 9.997E-05 0.9996
9.997E-05 9.997E-05 9.997E-05 9.997E-05 0.9996
9.997E-05 9.997E-05 9.997E-05 9.997E-05 0.9996
9.997E-05 9.997E-05 9.997E-05 9.997E-05 0.9996
9.997E-05 9.997E-05 9.997E-05 9.997E-05 0.9996
9.997E-05 9.997E-05 9.997E-05 9.997E-05 0.9996
9.997E-05 9.997E-05 9.997E-05 9.997E-05 0.9996
9.997E-05 9.997E-05 9.997E-05 9.997E-05 0.9996
9.997E-05 9.997E-05 9.997E-05 9.997E-05 0.9996
9.997E-05 9.997E-05 9.997E-05 9.997E-05 0.9996
9.997E-05 9.997E-05 9.997E-05 9.997E-05 0.9996
9.997E-05 9.997E-05 9.997E-05 9.997E-05 0.9996
9.997E-05 9.997E-05 9.997E-05 9.997E-05 0.9996
9.997E-05 9.997E-05 9.997E-05 9.997E-05 0.9996
9.997E-05 9.997E-05 9.997E-05 9.997E-05 0.9996
9.997E-05 9.997E-05 9.997E-05 9.997E-05 0.9996
9.997E-05 9.997E-05 9.997E-05 9.997E-05 0.9996
9.997E-05 9.997E-05 9.997E-05 9.997E-05 0.9996
9.997E-05 9.997E-05 9.997E-05 9.997E-05 0.9996
9.997E-05 9.997E-05 9.997E-05 9.997E-05 0.9996
9.997E-05 9.997E-05 9.997E-05 9.997E-05 0.9996
9.997E-05 9.997E-05 9.997E-05 9.997E-05 0.9996
9.997E-05 9.997E-05 9.997E-05 9.997E-05 0.9996
9.997E-05 9.997E-05 9.997E-05 9.997E-05 0.9996
9.997E-05 9.997E-05 9.997E-05 9.997E-05 0.9996
9.997E-05 9.997E-05 9.997E-05 9.997E-05 0.9996
9.997E-05 9.997E-05 9.997E-05 9.997E-05 0.9996
9.997E-05 9.997E-05 9.997E-05 9.997E-05 0.9996
9.997E-05 9.997E-05 9.997E-05 9.997E-05 0.9996
9.997E-05 9.997E-05 9.997E-05 9.997E-05 0.9996
9.997E-05 9.997E-05 9.997E-05 9.997E-05 0.9996
9.997E-05 9.997E-05 9.997E-05 9.997E-05 0.9996
9.997E-05 9.997E-05 9.997E-05 9.997E-05 0.9996
9.997E-05 9.997E-05 9.997E-05 9.997E-05 0.9996
9.997E-05 9.997E-05 9.997E-05 9.997E-05 0.9996
9.997E-05 9.997E-05 9.997E-05 9.997E-05 0.9996
9.997E-05 9.997E-05 9.997E-05 9.997E-05 0.9996
9.99736E-05 9.99736E-05 0.0251699 9.99736E-05 0.97453
9.997E-05 9.997E-05 9.997E-05 9.997E-05 0.9996
9.997E-05 9.997E-05 9.997E-05 9.997E-05 0.9996
9.997E-05 9.997E-05 9.997E-05 9.997E-05 0.9996
9.997E-05 9.997E-05 9.997E-05 9.997E-05 0.9996
9.997E-05 9.997E-05 9.997E-05 9.997E-05 0.9996
9.997E-05 9.997E-05 9.997E-05 9.997E-05 0.9996
9.997E-05 9.997E-05 9.997E-05 9.997E-05 0.9996
9.99736E-05 9.99736E-05 0.0802915 9.99736E-05 0.919409
9.997E-05 9.997E-05 9.997E-05 9.997E-05 0.9996
9.997E-05 9.997E-05 9.997E-05 9.997E-05 0.9996
9.997E-05 9.997E-05 9.997E-05 9.997E-05 0.9996
9.997E-05 9.997E-05 9.997E-05 9.997E-05 0.9996
9.997E-05 9.997E-05 9.997E-05 9.997E-05 0.9996
9.997E-05 9.997E-05 9.997E-05 9.997E-05 0.9996
9.997E-05 9.997E-05 9.997E-05 9.997E-05 0.9996
9.99736E-05 9.99736E-05 0.033949 9.99736E-05 0.965751
9.997E-05 9.997E-05 9.997E-05 9.997E-05 0.9996
9.997E-05 9.997E-05 9.997E-05 9.997E-05 0.9996
9.99736E-05 9.99736E-05 0.126306 9.99736E-05 0.873395
9.997E-05 9.997E-05 9.997E-05 9.997E-05 0.9996
9.997E-05 9.997E-05 9.997E-05 9.997E-05 0.9996
9.997E-05 9.997E-05 9.997E-05 9.997E-05 0.9996
9.997E-05 9.997E-05 9.997E-05 9.997E-05 0.9996
9.99736E-05 9.99736E-05 0.00312078 9.99736E-05 0.996579
9.997E-05 9.997E-05 9.997E-05 9.997E-05 0.9996
9.997E-05 9.997E-05 9.997E-05 9.997E-05 0.9996
9.997E-05 9.997E-05 9.997E-05 9.997E-05 0.9996
9.99736E-05 9.99736E-05 0.104029 9.99736E-05 0.895671
9.997E-05 9.997E-05 9.997E-05 9.997E-05 0.9996
9.99736E-05 9.99736E-05 0.0021364 9.99736E-05 0.997564
9.997E-05 9.997E-05 9.997E-05 9.997E-05 0.9996
9.997E-05 9.997E-05 9.997E-05 9.997E-05 0.9996
9.997E-05 9.997E-05 9.997E-05 9.997E-05 0.9996
9.997E-05 9.997E-05 9.997E-05 9.997E-05 0.9996
9.997E-05 9.997E-05 9.997E-05 9.997E-05 0.9996
9.997E-05 9.997E-05 9.997E-05 9.997E-05 0.9996
9.997E-05 9.997E-05 9.997E-05 9.997E-05 0.9996
9.997E-05 9.997E-05 9.997E-05 9.997E-05 0.9996
9.997E-05 9.997E-05 9.997E-05 9.997E-05 0.9996
9.997E-05 9.997E-05 9.997E-05 9.997E-05 0.9996
9.997E-05 9.997E-05 9.997E-05 9.997E-05 0.9996
9.99736E-05 9.99736E-05 0.016397 9.99736E-05 0.983303
9.997E-05 9.997E-05 9.997E-05 9.997E-05 0.9996
9.997E-05 9.997E-05 9.997E-05 9.997E-05 0.9996
9.997E-05 9.997E-05 9.997E-05 9.997E-05 0.9996
9.997E-05 9.997E-05 9.997E-05 9.997E-05 0.9996
9.997E-05 9.997E-05 9.997E-05 9.997E-05 0.9996
9.997E-05 9.997E-05 9.997E-05 9.997E-05 0.9996
9.997E-05 9.997E-05 9.997E-05 9.997E-05 0.9996
9.99736E-05 9.99736E-05 0.00628114 9.99736E-05 0.993419
9.997E-05 9.997E-05 9.997E-05 9.997E-05 0.9996
9.997E-05 9.997E-05 9.997E-05 9.997E-05 0.9996
9.99736E-05 9.99736E-05 0.00628114 9.99736E-05 0.993419
9.997E-05 9.997E-05 9.997E-05 9.997E-05 0.9996
9.997E-05 9.997E-05 9.997E-05 9.997E-05 0.9996
9.99736E-05 9.99736E-05 0.0127367 9.99736E-05 0.986963
9.997E-05 9.997E-05 9.997E-05 9.997E-05 0.9996
9.997E-05 9.997E-05 9.997E-05 9.997E-05 0.9996
9.997E-05 9.997E-05 9.997E-05 9.997E-05 0.9996
9.997E-05 9.997E-05 9.997E-05 9.997E-05 0.9996
9.99737E-05 9.99737E-05 0.473471 9.99737E-05 0.52623
9.99736E-05 9.99736E-05 0.43846 9.99736E-05 0.56124
9.99737E-05 9.99737E-05 0.115287 9.99737E-05 0.884413
9.99736E-05 9.99736E-05 0.321774 9.99736E-05 0.677926
9.99736E-05 9.99736E-05 0.471238 9.99736E-05 0.528462
9.99824E-05 0.0188026 0.465999 9.99824E-05 0.514998
9.99736E-05 9.99736E-05 0.531533 9.99736E-05 0.468167
9.99737E-05 9.99737E-05 0.319773 9.99737E-05 0.679927
9.99736E-05 9.99736E-05 0.665654 9.99736E-05 0.334046
9.99736E-05 9.99736E-05 0.489106 9.99736E-05 0.510594
9.99824E-05 0.0140967 0.396941 9.99824E-05 0.588762
9.99737E-05 9.99737E-05 0.493779 9.99737E-05 0.505922
9.99736E-05 9.99736E-05 0.116537 9.99736E-05 0.883163
9.99736E-05 9.99736E-05 0.260627 9.99736E-05 0.739073
9.99736E-05 9.99736E-05 0.258999 9.99736E-05 0.740701
9.99736E-05 9.99736E-05 0.11361 9.99736E-05 0.88609
9.99736E-05 9.99736E-05 0.175903 9.99736E-05 0.823797
9.99736E-05 9.99736E-05 0.853607 9.99736E-05 0.146094
9.99736E-05 9.99736E-05 0.630686 9.99736E-05 0.369014
9.99824E-05 0.0507536 0.52472 9.99824E-05 0.424327
9.998E-05 0.0956513 0.673521 9.998E-05 0.230628
9.99736E-05 9.99736E-05 0.677295 9.99736E-05 0.322405
9.99824E-05 0.0406853 0.745828 9.99824E-05 0.213287
9.99737E-05 9.99737E-05 0.975807 9.99737E-05 0.0238929
9.998E-05 0.0563775 0.890222 9.998E-05 0.0532006
9.998E-05 0.0665479 0.831643 9.998E-05 0.101609
9.998E-05 0.037992 0.687002 9.998E-05 0.274806
9.99736E-05 0.0909023 0.908798 9.99736E-05 9.99736E-05
9.998E-05 0.0546628 0.809943 9.998E-05 0.135194
0.0362083 9.99824E-05 0.789965 9.99824E-05 0.173626
9.99825E-05 0.00369071 0.833257 9.99825E-05 0.162852
0.0220749 9.99824E-05 0.895063 9.99824E-05 0.0826624
0.0232059 0.14536 0.795412 9.99912E-05 0.0359221
9.99736E-05 9.99736E-05 0.948557 9.99736E-05 0.0511428
9.99824E-05 0.0891859 0.880673 9.99824E-05 0.0299411
9.998E-05 0.098527 0.521548 9.998E-05 0.379725
9.99736E-05 9.99736E-05 0.918354 9.99736E-05 0.0813458
9.99736E-05 9.99736E-05 0.912766 9.99736E-05 0.0869341
9.997E-05 9.997E-05 0.999379 9.997E-05 0.000320629
9.997E-05 9.997E-05 0.9996 9.997E-05 9.997E-05
0.00501444 9.99912E-05 0.916837 0.00712625 0.0709225
9.99736E-05 9.99736E-05 0.683262 9.99736E-05 0.316438
9.99736E-05 9.99736E-05 0.728784 9.99736E-05 0.270916
9.99737E-05 9.99737E-05 0.734406 9.99737E-05 0.265294
9.998E-05 0.0260583 0.571663 9.998E-05 0.402079
9.99736E-05 9.99736E-05 0.838629 9.99736E-05 0.161071
9.99736E-05 9.99736E-05 0.954558 9.99736E-05 0.0451419
9.997E-05 9.997E-05 0.898429 9.997E-05 0.101271
9.99912E-05 0.0360385 0.67494 0.0168962 0.272025
9.99912E-05 0.0190333 0.707298 0.00955614 0.264012
9.99736E-05 9.99736E-05 0.913273 9.99736E-05 0.0864271
9.997E-05 9.997E-05 0.9996 9.997E-05 9.997E-05
9.99736E-05 9.99736E-05 0.911548 9.99736E-05 0.0881517
9.99736E-05 9.99736E-05 0.927599 9.99736E-05 0.0721008
9.99736E-05 9.99736E-05 0.784491 9.99736E-05 0.215209
9.997E-05 9.997E-05 0.9996 9.997E-05 9.997E-05
9.99736E-05 9.99736E-05 0.824034 9.99736E-05 0.175666
0.127142 0.0529702 0.655276 0.0184732 0.146138
9.997E-05 9.997E-05 0.9996 9.997E-05 9.997E-05
9.99736E-05 9.99736E-05 0.97616 9.99736E-05 0.0235399
9.99824E-05 0.0980197 0.853008 9.99824E-05 0.0487721
9.99736E-05 9.99736E-05 0.973137 9.99736E-05 0.0265632
9.99736E-05 9.99736E-05 0.865937 9.99736E-05 0.133763
9.997E-05 9.997E-05 0.9996 9.997E-05 9.997E-05
9.99737E-05 9.99737E-05 0.607434 9.99737E-05 0.392266
9.99736E-05 9.99736E-05 0.825908 9.99736E-05 0.173792
9.99736E-05 9.99736E-05 0.986734 9.99736E-05 0.0129662
9.99912E-05 0.0786982 0.736007 0.056845 0.12835
9.99912E-05 0.117307 0.627454 0.00179042 0.253349
9.99736E-05 9.99736E-05 0.884456 9.99736E-05 0.115245
9.99736E-05 9.99736E-05 0.934381 9.99736E-05 0.0653194
9.998E-05 0.114603 0.637076 9.998E-05 0.24812
9.99737E-05 9.99737E-05 0.83099 9.99737E-05 0.16871
9.99736E-05 9.99736E-05 0.960413 9.99736E-05 0.0392873
9.997E-05 9.997E-05 0.9996 9.997E-05 9.997E-05
9.997E-05 9.997E-05 0.9996 9.997E-05 9.997E-05
9.99824E-05 0.0281413 0.954608 9.99824E-05 0.0170504
9.99736E-05 9.99736E-05 0.834429 9.99736E-05 0.165271
9.99736E-05 9.99736E-05 0.820324 9.99736E-05 0.179376
9.997E-05 9.997E-05 0.9996 9.997E-05 9.997E-05
9.99736E-05 9.99736E-05 0.93324 9.99736E-05 0.0664606
9.998E-05 0.140207 0.678139 9.998E-05 0.181454
9.99736E-05 9.99736E-05 0.826099 9.99736E-05 0.173601
9.99736E-05 9.99736E-05 0.889084 9.99736E-05 0.110616
9.99736E-05 9.99736E-05 0.732944 9.99736E-05 0.266756
9.997E-05 9.997E-05 0.9996 9.997E-05 9.997E-05
9.99736E-05 9.99736E-05 0.930403 9.99736E-05 0.0692972
9.99736E-05 9.99736E-05 0.963058 9.99736E-05 0.0366419
9.998E-05 0.0833265 0.66043 9.998E-05 0.256043
9.99736E-05 9.99736E-05 0.932953 9.99736E-05 0.0667468
0.0572477 0.00580903 0.889492 9.99912E-05 0.047351
9.99737E-05 0.0991557 0.900544 9.99737E-05 9.99737E-05
9.99736E-05 9.99736E-05 0.875235 9.99736E-05 0.124465
9.99736E-05 9.99736E-05 0.886043 9.99736E-05 0.113657
9.99737E-05 9.99737E-05 0.868828 9.99737E-05 0.130872
9.99736E-05 9.99736E-05 0.738031 9.99736E-05 0.261669
9.99736E-05 9.99736E-05 0.74169 9.99736E-05 0.25801
9.99912E-05 0.0184482 0.755687 0.166914 0.0588512
9.998E-05 0.0657746 0.764575 9.998E-05 0.169451
9.99737E-05 9.99737E-05 0.859358 9.99737E-05 0.140342
9.99736E-05 9.99736E-05 0.996389 9.99736E-05 0.00331117
9.99737E-05 9.99737E-05 0.881898 9.99737E-05 0.117802
9.998E-05 0.0938063 0.787814 9.998E-05 0.11818
9.99737E-05 9.99737E-05 0.713582 9.99737E-05 0.286118
9.99824E-05 0.136821 0.689172 9.99824E-05 0.173807
9.99824E-05 0.125605 0.781788 9.99824E-05 0.0924074
9.99824E-05 0.072472 0.735775 9.99824E-05 0.191553
9.99824E-05 0.0203244 0.930911 9.99824E-05 0.0485649
9.99824E-05 0.0905787 0.743708 9.99824E-05 0.165513
9.99824E-05 0.00766288 0.847848 9.99824E-05 0.144289
9.998E-05 0.0614079 0.816987 9.998E-05 0.121405
9.99737E-05 9.99737E-05 0.939022 9.99737E-05 0.0606777
9.99736E-05 9.99736E-05 0.672354 9.99736E-05 0.327346
9.99737E-05 9.99737E-05 0.816196 9.99737E-05 0.183504
9.998E-05 0.0372883 0.737001 9.998E-05 0.225511
9.998E-05 0.095189 0.698797 9.998E-05 0.205814
9.99736E-05 9.99736E-05 0.846439 9.99736E-05 0.153261
0.00225897 0.0548061 0.745207 9.99912E-05 0.197628
9.99736E-05 0.0222109 0.977489 9.99736E-05 9.99736E-05
9.998E-05 0.0699596 0.745251 9.998E-05 0.18459
0.00765531 0.026258 0.774359 0.0376847 0.154043
9.998E-05 0.0264285 0.71329 9.998E-05 0.260082
9.997E-05 9.997E-05 0.9996 9.997E-05 9.997E-05
9.99736E-05 9.99736E-05 0.803838 9.99736E-05 0.195863
0.058096 0.00558166 0.936122 9.99825E-05 9.99825E-05
9.99736E-05 9.99736E-05 0.870272 9.99736E-05 0.129428
9.99736E-05 9.99736E-05 0.865899 9.99736E-05 0.133801
9.99824E-05 0.00891987 0.783808 9.99824E-05 0.207072
9.99737E-05 9.99737E-05 0.933495 9.99737E-05 0.0662051
9.998E-05 0.0653003 0.901834 9.998E-05 0.0326659
9.99824E-05 0.0360054 0.681436 9.99824E-05 0.282358
9.99736E-05 0.103786 0.895914 9.99736E-05 9.99736E-05
9.997E-05 9.997E-05 0.9996 9.997E-05 9.997E-05
9.99824E-05 0.072472 0.735775 9.99824E-05 0.191553
9.99824E-05 0.000400858 0.855775 9.99824E-05 0.143624
9.99824E-05 0.0369394 0.727549 9.99824E-05 0.235312
9.99824E-05 0.0166365 0.701952 9.99824E-05 0.281212
9.99736E-05 9.99736E-05 0.820603 9.99736E-05 0.179097
9.99824E-05 9.99824E-05 0.485091 0.000886385 0.513823
9.99824E-05 0.0289884 0.850075 9.99824E-05 0.120737
9.99736E-05 9.99736E-05 0.754578 9.99736E-05 0.245122
9.99736E-05 9.99736E-05 0.855918 9.99736E-05 0.143782
9.99824E-05 0.042319 0.924472 9.99824E-05 0.0330088
9.99824E-05 0.0323329 0.934985 0.0324822 9.99824E-05
9.99736E-05 9.99736E-05 0.821405 9.99736E-05 0.178295
9.998E-05 0.0269382 0.70015 9.998E-05 0.272712
9.99736E-05 9.99736E-05 0.80085 9.99736E-05 0.198851
9.99736E-05 0.103818 0.895882 9.99736E-05 9.99736E-05
9.99736E-05 9.99736E-05 0.879201 9.99736E-05 0.120499
9.997E-05 9.997E-05 0.801458 9.997E-05 0.198242
9.99736E-05 9.99736E-05 0.914573 9.99736E-05 0.0851269
9.99824E-05 0.0765396 0.913055 9.99824E-05 0.0102059
9.99824E-05 0.0745719 0.92198 9.99824E-05 0.00324858
9.998E-05 0.0428593 0.720416 9.998E-05 0.236525
9.99736E-05 9.99736E-05 0.93297 9.99736E-05 0.0667301
9.998E-05 0.0220289 0.892389 9.998E-05 0.0853824
9.99736E-05 0.0825675 0.917133 9.99736E-05 9.99736E-05
9.998E-05 0.103651 0.678171 9.998E-05 0.217978
9.99736E-05 9.99736E-05 0.823759 9.99736E-05 0.175941
9.997E-05 9.997E-05 0.9996 9.997E-05 9.997E-05
9.99736E-05 9.99736E-05 0.969701 9.99736E-05 0.0299995
9.99824E-05 0.05665 0.452177 9.99824E-05 0.490973
9.99736E-05 9.99736E-05 0.777945 9.99736E-05 0.221755
9.997E-05 9.997E-05 0.9996 9.997E-05 9.997E-05
9.99736E-05 9.99736E-05 0.728561 9.99736E-05 0.271139
9.99824E-05 0.0363096 0.502963 9.99824E-05 0.460528
9.99736E-05 9.99736E-05 0.790083 9.99736E-05 0.209617
9.99736E-05 9.99736E-05 0.554482 9.99736E-05 0.445218
9.99736E-05 9.99736E-05 0.82234 9.99736E-05 0.17736
9.99736E-05 9.99736E-05 0.907712 9.99736E-05 0.0919879
9.99736E-05 9.99736E-05 0.778042 9.99736E-05 0.221658
9.99736E-05 9.99736E-05 0.569503 9.99736E-05 0.430197
9.99736E-05 9.99736E-05 0.89626 9.99736E-05 0.10344
9.997E-05 9.997E-05 0.9996 9.997E-05 9.997E-05
9.99736E-05 9.99736E-05 0.816051 9.99736E-05 0.183649
9.99736E-05 9.99736E-05 0.784763 9.99736E-05 0.214937
9.99824E-05 0.00922871 0.775614 9.99824E-05 0.214958
9.99736E-05 9.99736E-05 0.431687 9.99736E-05 0.568013
9.997E-05 9.997E-05 0.95959 9.997E-05 0.0401098
9.99737E-05 0.00458152 0.995119 9.99737E-05 9.99737E-05
9.99824E-05 0.00115924 0.669704 9.99824E-05 0.328937
9.99736E-05 9.99736E-05 0.889692 9.99736E-05 0.110009
9.99736E-05 9.99736E-05 0.630689 9.99736E-05 0.369011
9.99736E-05 9.99736E-05 0.558359 9.99736E-05 0.441342
9.99736E-05 9.99736E-05 0.670187 9.99736E-05 0.329513
9.99736E-05 9.99736E-05 0.238836 9.99736E-05 0.760864
9.99736E-05 9.99736E-05 0.833423 9.99736E-05 0.166277
9.99737E-05 9.99737E-05 0.250929 9.99737E-05 0.748771
9.99736E-05 9.99736E-05 0.942733 9.99736E-05 0.0569675
0.0642919 9.99825E-05 0.862102 9.99825E-05 0.0734059
9.99736E-05 9.99736E-05 0.924825 9.99736E-05 0.0748755
9.99824E-05 0.00882431 0.703049 9.99824E-05 0.287927
9.997E-05 9.997E-05 0.9996 9.997E-05 9.997E-05
9.998E-05 0.0564275 0.857407 9.998E-05 0.0859657
9.998E-05 0.216896 0.690939 9.998E-05 0.0919647
9.99736E-05 9.99736E-05 0.811709 9.99736E-05 0.187991
9.99736E-05 9.99736E-05 0.831716 9.99736E-05 0.167984
9.99736E-05 9.99736E-05 0.70949 9.99736E-05 0.29021
9.99736E-05 9.99736E-05 0.854011 9.99736E-05 0.145689
9.99824E-05 0.0718687 0.920477 9.99824E-05 0.00745428
9.99736E-05 9.99736E-05 0.935557 9.99736E-05 0.0641429
9.997E-05 9.997E-05 0.9996 9.997E-05 9.997E-05
9.998E-05 0.00269768 0.921879 9.998E-05 0.0752232
9.99736E-05 9.99736E-05 0.913247 9.99736E-05 0.0864534
9.99737E-05 9.99737E-05 0.994178 9.99737E-05 0.00552234
9.99824E-05 0.0406627 0.916827 9.99824E-05 0.0423108
9.99737E-05 9.99737E-05 0.573954 9.99737E-05 0.425746
9.997E-05 9.997E-05 0.9996 9.997E-05 9.997E-05
9.99737E-05 0.103067 0.896633 9.99737E-05 9.99737E-05
9.99736E-05 9.99736E-05 0.649908 9.99736E-05 0.349792
9.99736E-05 0.0745061 0.925194 9.99736E-05 9.99736E-05
9.99736E-05 0.0560515 0.943649 9.99736E-05 9.99736E-05
9.99736E-05 9.99736E-05 0.957773 9.99736E-05 0.041927
9.99736E-05 9.99736E-05 0.957782 9.99736E-05 0.0419185
9.997E-05 9.997E-05 0.9996 9.997E-05 9.997E-05
9.99737E-05 9.99737E-05 0.938598 9.99737E-05 0.0611022
9.997E-05 9.997E-05 0.9996 9.997E-05 9.997E-05
