0.0392607 0.0693043 0.523812 0.0682239 0.0326515 9.99824E-05 0.266547 9.99824E-05
0.0376213 9.99649E-05 0.720916 0.0537443 9.99649E-05 9.99649E-05 0.187318 9.99649E-05
9.99561E-05 0.0230525 0.927679 0.048769 9.99561E-05 9.99561E-05 9.99561E-05 9.99561E-05
0.096119 9.99912E-05 0.334837 0.0839434 0.0529685 0.306624 0.0575531 0.067855
9.99649E-05 9.99649E-05 0.857441 0.0125018 0.0929007 0.0367562 9.99649E-05 9.99649E-05
0.0583792 0.0419353 0.33724 9.99912E-05 0.197134 0.134187 0.0681648 0.162859
9.99649E-05 9.99649E-05 0.368437 0.128595 9.99649E-05 0.305782 0.196787 9.99649E-05
9.99737E-05 0.0148198 0.304555 0.0338135 0.198795 0.447717 9.99737E-05 9.99737E-05
0.120498 9.99736E-05 0.317724 9.99736E-05 0.235478 0.0728736 0.253127 9.99736E-05
9.99473E-05 0.00559828 0.993802 9.99473E-05 9.99473E-05 9.99473E-05 9.99473E-05 9.99473E-05
0.0651207 9.99737E-05 0.555627 0.201652 0.00498834 9.99737E-05 0.172312 9.99737E-05
0.0159949 9.99736E-05 0.900538 0.0249286 9.99736E-05 0.0567743 9.99736E-05 0.001464
9.99561E-05 9.99561E-05 0.85655 9.99561E-05 0.0560668 9.99561E-05 0.0868831 9.99561E-05
0.00152741 9.99824E-05 0.652518 0.073092 9.99824E-05 0.00141059 0.0848854 0.186367
9.99737E-05 9.99737E-05 0.409556 9.99737E-05 0.0870834 0.0620091 0.345015 0.0960369
9.99736E-05 9.99736E-05 0.322525 0.00257317 0.157897 0.340936 0.175769 9.99736E-05
9.99737E-05 9.99737E-05 0.633844 0.109602 9.99737E-05 0.027541 0.145996 0.0827169
0.143858 0.199531 0.324277 0.0518517 0.0638205 0.0565376 0.124689 0.0354343
0.0635457 0.0458712 0.410461 0.0137329 0.190084 0.0229324 0.253273 9.99912E-05
0.0535652 9.99473E-05 0.945835 9.99473E-05 9.99473E-05 9.99473E-05 9.99473E-05 9.99473E-05
9.99649E-05 9.99649E-05 0.497873 0.0802108 0.125156 0.29636 9.99649E-05 9.99649E-05
9.99824E-05 0.0172544 0.345526 0.0692615 0.246436 0.229421 0.0919006 9.99824E-05
9.99561E-05 9.99561E-05 0.694741 0.0663179 9.99561E-05 9.99561E-05 0.238442 9.99561E-05
9.99561E-05 9.99561E-05 0.473339 9.99561E-05 9.99561E-05 0.163336 0.362825 9.99561E-05
0.172266 9.99824E-05 0.311942 0.0923629 0.0794468 9.99824E-05 0.257058 0.086725
9.99648E-05 9.99648E-05 0.724364 9.99648E-05 0.0560808 0.0985012 0.120654 9.99648E-05
0.066277 0.221144 0.069212 9.99912E-05 0.0521973 0.125734 0.181699 0.283637
9.99649E-05 9.99649E-05 0.843925 9.99649E-05 9.99649E-05 0.0936347 0.0543352 0.00770481
0.0390162 9.99737E-05 0.610988 0.0392036 9.99737E-05 9.99737E-05 0.278586 0.0319064
0.00107934 0.0238349 0.747337 0.0138323 0.070766 0.00470515 0.0833805 0.0550644
0.0324027 0.00606092 0.753772 0.113471 0.031148 9.99824E-05 0.0629458 9.99824E-05
9.99737E-05 9.99737E-05 0.520322 0.0972563 0.0317595 0.142615 9.99737E-05 0.207747
0.0261193 9.99737E-05 0.594252 0.194356 9.99737E-05 0.000810107 0.184163 9.99737E-05
0.0166728 0.0742259 0.509178 0.0448031 9.99912E-05 0.180355 0.0541604 0.120505
0.0264118 9.99737E-05 0.78314 0.0568047 0.0368436 9.99737E-05 0.0965002 9.99737E-05
0.0671953 9.99737E-05 0.729285 9.99737E-05 0.0780751 0.101779 0.0233656 9.99737E-05
9.99561E-05 9.99561E-05 0.899043 0.0149122 9.99561E-05 0.0855446 9.99561E-05 9.99561E-05
0.0493525 9.99649E-05 0.718626 9.99649E-05 0.202934 9.99649E-05 0.0286875 9.99649E-05
9.99825E-05 9.99825E-05 0.457017 0.0511584 0.0297983 0.112562 0.194787 0.154477
9.99649E-05 9.99649E-05 0.603946 9.99649E-05 9.99649E-05 0.146525 0.0307923 0.218338
9.99737E-05 9.99737E-05 0.831846 0.0316001 0.0216307 0.0453342 0.0692894 9.99737E-05
9.99561E-05 9.99561E-05 0.738935 9.99561E-05 0.0441636 9.99561E-05 0.216401 9.99561E-05
9.99561E-05 9.99561E-05 0.844123 9.99561E-05 9.99561E-05 0.0679081 9.99561E-05 0.0874689
9.99737E-05 0.0687269 0.429915 0.0469196 0.037886 9.99737E-05 0.416252 9.99737E-05
0.0848628 9.99737E-05 0.349273 0.0109184 9.99737E-05 0.228545 0.326101 9.99737E-05
9.99473E-05 9.99473E-05 0.9318 0.0676004 9.99473E-05 9.99473E-05 9.99473E-05 9.99473E-05
0.0587629 0.0565266 0.831728 9.99737E-05 0.0225998 9.99737E-05 0.0300827 9.99737E-05
0.00484828 9.99649E-05 0.918276 9.99649E-05 9.99649E-05 0.0544091 0.0220669 9.99649E-05
9.99648E-05 9.99648E-05 0.748556 0.0851237 9.99648E-05 0.0616813 0.104239 9.99648E-05
0.0315863 0.0466238 0.77589 0.0194557 0.0314932 0.0947511 9.99825E-05 9.99825E-05
9.99824E-05 9.99824E-05 0.243656 0.118157 0.094685 0.141781 0.213883 0.187637
0.0397104 9.99649E-05 0.728174 9.99649E-05 0.0176897 0.214026 9.99649E-05 9.99649E-05
9.99561E-05 0.0756821 0.892445 9.99561E-05 9.99561E-05 9.99561E-05 0.0313734 9.99561E-05
0.0369633 0.048844 0.624065 9.99912E-05 0.0248251 0.134382 0.0749767 0.0558436
0.00534041 9.99649E-05 0.777331 9.99649E-05 9.99649E-05 0.0864387 0.130491 9.99649E-05
0.0505632 9.99736E-05 0.715083 0.0452564 9.99736E-05 0.0514546 9.99736E-05 0.137342
9.99648E-05 0.0610953 0.742337 9.99648E-05 9.99648E-05 0.0976392 0.098529 9.99648E-05
9.99561E-05 9.99561E-05 0.836523 0.139671 9.99561E-05 9.99561E-05 0.0233067 9.99561E-05
9.99561E-05 0.0089098 0.926779 9.99561E-05 9.99561E-05 0.0638111 9.99561E-05 9.99561E-05
9.999E-05 0.0646606 0.0702987 0.136302 0.0547555 0.0203393 0.594628 0.0589155
0.00696242 0.0617345 0.356755 0.0340536 9.99825E-05 0.155036 0.385259 9.99825E-05
9.99649E-05 0.248133 0.337626 9.99649E-05 9.99649E-05 9.99649E-05 0.305663 0.108178
9.99649E-05 0.12975 9.99649E-05 9.99649E-05 0.163582 9.99649E-05 0.460368 0.2459
0.0584236 0.0444421 0.117878 0.0502748 0.0884892 0.12303 0.517363 9.99912E-05
0.0186993 0.0291936 9.99824E-05 0.0413872 0.0366407 0.0979618 0.775917 9.99824E-05
0.00885446 0.0151141 9.99737E-05 0.096991 9.99737E-05 0.0843997 0.794341 9.99737E-05
9.99737E-05 0.229978 9.99737E-05 0.0113029 0.10059 9.99737E-05 0.600162 0.0576672
9.99825E-05 0.126927 0.205829 0.00798018 0.0155033 9.99825E-05 0.456277 0.187283
0.0602554 9.99649E-05 0.334188 0.2077 9.99649E-05 9.99649E-05 0.397457 9.99649E-05
9.99648E-05 0.0462911 9.99648E-05 0.222925 0.0596328 9.99648E-05 0.670752 9.99648E-05
9.99824E-05 0.0357421 0.0309519 0.124556 0.0122733 0.292622 0.503654 9.99824E-05
9.99824E-05 0.0584949 9.99824E-05 0.130075 0.164625 0.338963 0.252859 0.0547817
9.99649E-05 9.99649E-05 0.0263992 0.018191 9.99649E-05 0.276614 0.678396 9.99649E-05
9.99825E-05 0.0158273 0.333031 0.0988618 9.99825E-05 0.0287737 0.320623 0.202683
9.99825E-05 0.0268101 0.298138 0.104882 0.0459085 9.99825E-05 0.483045 0.0410166
9.99649E-05 0.149665 9.99649E-05 9.99649E-05 9.99649E-05 0.299565 0.547366 0.00300398
9.99825E-05 0.0699054 0.131993 0.225932 0.12169 0.176955 0.273325 9.99825E-05
9.99825E-05 0.215492 0.230004 0.0994436 0.0199186 9.99825E-05 0.425558 0.00938312
9.99648E-05 0.0762157 9.99648E-05 0.0720979 9.99648E-05 0.172876 0.678411 9.99648E-05
9.99825E-05 0.0286738 0.361281 0.0177678 9.99825E-05 0.0830777 0.447402 0.061597
9.99912E-05 0.0562753 0.137405 0.0529516 0.0451865 0.118373 0.585912 0.00379663
0.0191624 0.0388965 0.263158 0.0414504 0.00507084 0.0105886 0.448624 0.173049
9.99912E-05 0.154022 0.159145 0.0346211 0.0667829 0.2273 0.26697 0.0910587
9.99737E-05 9.99737E-05 0.265608 0.307865 9.99737E-05 0.0322228 0.348381 0.0456235
0.0265787 9.99737E-05 0.356022 0.0975723 0.0630085 9.99737E-05 0.456519 9.99737E-05
9.99737E-05 0.13515 0.445538 9.99737E-05 0.00514581 9.99737E-05 0.358446 0.0554205
0.0038169 0.110699 0.223643 9.99825E-05 0.0087756 0.113937 0.538928 9.99825E-05
9.99649E-05 0.24475 0.32853 9.99649E-05 0.0707316 9.99649E-05 0.355589 9.99649E-05
9.99649E-05 9.99649E-05 0.272108 9.99649E-05 0.0558326 9.99649E-05 0.529949 0.14171
9.9956E-05 9.9956E-05 9.9956E-05 9.9956E-05 0.132491 9.9956E-05 0.131849 0.73516
9.994E-05 9.994E-05 9.994E-05 9.994E-05 9.994E-05 9.994E-05 9.994E-05 0.9993
9.99648E-05 0.0455045 9.99648E-05 0.0784572 9.99648E-05 9.99648E-05 0.1446 0.731038
0.0460178 0.0266068 9.99824E-05 0.0246201 0.107029 9.99824E-05 0.13457 0.660956
0.0645843 0.0428159 9.99648E-05 9.99648E-05 0.147681 9.99648E-05 9.99648E-05 0.744519
0.034936 9.99649E-05 9.99649E-05 9.99649E-05 0.193651 9.99649E-05 0.157635 0.613378
9.99736E-05 0.0675421 9.99736E-05 0.049147 0.144574 9.99736E-05 0.0786489 0.659788
0.024245 9.99648E-05 9.99648E-05 9.99648E-05 0.252555 9.99648E-05 0.0103588 0.712442
9.99648E-05 9.99648E-05 9.99648E-05 0.0783737 0.330944 9.99648E-05 0.215835 0.374448
9.99648E-05 0.0374902 9.99648E-05 9.99648E-05 0.223262 9.99648E-05 0.304481 0.434368
9.99649E-05 9.99649E-05 9.99649E-05 0.0681901 0.10539 9.99649E-05 0.0761528 0.749867
9.99561E-05 9.99561E-05 9.99561E-05 0.0426216 9.99561E-05 9.99561E-05 0.171625 0.785254
9.99473E-05 9.99473E-05 9.99473E-05 9.99473E-05 0.155119 9.99473E-05 9.99473E-05 0.844281
9.99561E-05 9.99561E-05 9.99561E-05 9.99561E-05 0.145394 9.99561E-05 0.227646 0.62646
0.0436324 0.174765 9.99737E-05 9.99737E-05 0.0972476 0.00853333 9.99737E-05 0.675522
0.0134723 0.030235 9.99824E-05 0.000415023 0.0756557 9.99824E-05 0.302004 0.578018
0.0109531 9.99736E-05 9.99736E-05 0.00414838 0.134418 9.99736E-05 0.216144 0.634036
9.99649E-05 9.99649E-05 9.99649E-05 0.0284584 0.193533 0.0761022 9.99649E-05 0.701507
0.0112979 9.99736E-05 9.99736E-05 0.0844671 0.114299 0.0122863 9.99736E-05 0.77735
0.110701 9.99649E-05 9.99649E-05 9.99649E-05 0.169051 9.99649E-05 0.0967383 0.62311
9.99736E-05 0.0077002 9.99736E-05 9.99736E-05 0.0817006 0.0910416 0.15217 0.667088
9.99648E-05 0.0361723 9.99648E-05 0.0536753 0.0544582 9.99648E-05 9.99648E-05 0.855294
0.128578 9.99648E-05 9.99648E-05 9.99648E-05 0.294857 9.99648E-05 0.27094 0.305224
0.00693829 9.99649E-05 9.99649E-05 0.0270048 0.179505 9.99649E-05 9.99649E-05 0.786152
0.144326 9.99648E-05 9.99648E-05 9.99648E-05 0.267604 9.99648E-05 0.279808 0.307862
9.99737E-05 9.99737E-05 9.99737E-05 0.0406236 0.139159 0.0100842 0.227712 0.582122
9.99474E-05 9.99474E-05 0.0302291 9.99474E-05 9.99474E-05 9.99474E-05 9.99474E-05 0.969171
0.0242089 9.99736E-05 9.99736E-05 9.99736E-05 0.1867 0.0456815 0.0303561 0.712754
9.99561E-05 9.99561E-05 9.99561E-05 9.99561E-05 0.294675 9.99561E-05 0.218835 0.48599
0.0584877 9.99736E-05 9.99736E-05 0.0647933 0.0212846 9.99736E-05 0.0391378 0.815997
9.99649E-05 9.99649E-05 9.99649E-05 0.0500227 0.0885733 9.99649E-05 0.257915 0.603089
0.167885 9.99473E-05 9.99473E-05 9.99473E-05 9.99473E-05 9.99473E-05 9.99473E-05 0.831516
0.19818 9.99736E-05 9.99736E-05 0.0447212 0.310306 9.99736E-05 0.127781 0.318713
0.0911469 9.99736E-05 9.99736E-05 0.0733835 0.174127 9.99736E-05 0.119709 0.541334
9.99473E-05 9.99473E-05 9.99473E-05 9.99473E-05 0.00558846 9.99473E-05 9.99473E-05 0.993812
0.0159266 0.0196188 9.99736E-05 0.0871263 0.113217 9.99736E-05 9.99736E-05 0.763812
9.99736E-05 0.0588848 9.99736E-05 0.0273048 0.171916 9.99736E-05 0.245437 0.496157
9.99474E-05 9.99474E-05 9.99474E-05 9.99474E-05 0.0321283 9.99474E-05 9.99474E-05 0.967272
0.024306 9.99561E-05 9.99561E-05 9.99561E-05 0.0129179 9.99561E-05 9.99561E-05 0.962276
9.99474E-05 9.99474E-05 9.99474E-05 0.00731332 9.99474E-05 9.99474E-05 9.99474E-05 0.992087
9.99474E-05 9.99474E-05 9.99474E-05 9.99474E-05 0.0278389 9.99474E-05 9.99474E-05 0.971561
0.000494861 9.99736E-05 9.99736E-05 0.0391098 0.177014 9.99736E-05 0.415825 0.367257
9.9956E-05 9.9956E-05 9.9956E-05 9.9956E-05 0.138183 0.135147 9.9956E-05 0.72617
0.0565376 9.99649E-05 0.00273523 9.99649E-05 0.0764226 9.99649E-05 9.99649E-05 0.863905
9.994E-05 9.994E-05 9.994E-05 9.994E-05 9.994E-05 9.994E-05 9.994E-05 0.9993
0.101391 0.0501938 9.99912E-05 0.0496909 0.264761 0.0221483 0.164155 0.34756
9.99737E-05 0.0283136 9.99737E-05 0.022325 0.146505 9.99737E-05 0.154976 0.64758
0.0335676 0.0757701 9.99737E-05 9.99737E-05 0.246783 9.99737E-05 0.112115 0.531465
0.0214244 9.99737E-05 9.99737E-05 0.0666046 0.30872 9.99737E-05 0.26842 0.334531
9.994E-05 9.994E-05 9.994E-05 9.994E-05 9.994E-05 9.994E-05 9.994E-05 0.9993
0.0340473 9.99824E-05 9.99824E-05 0.016394 0.0875502 0.226258 0.179422 0.456129
9.99474E-05 9.99474E-05 9.99474E-05 9.99474E-05 0.100491 9.99474E-05 9.99474E-05 0.89891
9.99649E-05 9.99649E-05 9.99649E-05 0.0362647 0.128415 9.99649E-05 0.0751057 0.759815
9.99648E-05 0.0283636 9.99648E-05 9.99648E-05 0.134956 0.170984 9.99648E-05 0.665296
0.0392823 0.0553998 9.99824E-05 0.0786354 0.0524156 0.0357381 9.99824E-05 0.738329
9.99561E-05 9.99561E-05 9.99561E-05 9.99561E-05 0.268719 9.99561E-05 0.341938 0.388843
0.0130878 9.99648E-05 9.99648E-05 0.00933249 0.215949 9.99648E-05 9.99648E-05 0.761231
9.99648E-05 9.99648E-05 9.99648E-05 0.109405 0.0591102 9.99648E-05 0.113849 0.717236
0.152838 9.99649E-05 9.99649E-05 0.00443052 9.99649E-05 9.99649E-05 0.0568917 0.78544
9.99561E-05 9.99561E-05 9.99561E-05 9.99561E-05 0.151631 9.99561E-05 0.0283442 0.819525
9.994E-05 9.994E-05 9.994E-05 9.994E-05 9.994E-05 9.994E-05 0.9993 9.994E-05
9.994E-05 9.994E-05 9.994E-05 9.994E-05 0.9993 9.994E-05 9.994E-05 9.994E-05
0.0124722 9.99472E-05 9.99472E-05 9.99472E-05 9.99472E-05 9.99472E-05 0.986928 9.99472E-05
9.994E-05 9.994E-05 9.994E-05 9.994E-05 0.9993 9.994E-05 9.994E-05 9.994E-05
9.994E-05 9.994E-05 9.994E-05 9.994E-05 0.9993 9.994E-05 9.994E-05 9.994E-05
9.994E-05 9.994E-05 9.994E-05 9.994E-05 0.9993 9.994E-05 9.994E-05 9.994E-05
9.994E-05 9.994E-05 9.994E-05 9.994E-05 9.994E-05 9.994E-05 0.9993 9.994E-05
9.994E-05 9.994E-05 9.994E-05 9.994E-05 0.9993 9.994E-05 9.994E-05 9.994E-05
9.994E-05 9.994E-05 9.994E-05 9.994E-05 0.9993 9.994E-05 9.994E-05 9.994E-05
9.994E-05 9.994E-05 9.994E-05 9.994E-05 9.994E-05 9.994E-05 0.9993 9.994E-05
9.994E-05 9.994E-05 9.994E-05 9.994E-05 9.994E-05 9.994E-05 0.9993 9.994E-05
9.994E-05 9.994E-05 9.994E-05 9.994E-05 9.994E-05 9.994E-05 0.9993 9.994E-05
9.994E-05 9.994E-05 9.994E-05 9.994E-05 0.9993 9.994E-05 9.994E-05 9.994E-05
9.994E-05 9.994E-05 9.994E-05 9.994E-05 0.9993 9.994E-05 9.994E-05 9.994E-05
9.994E-05 9.994E-05 9.994E-05 9.994E-05 9.994E-05 9.994E-05 0.9993 9.994E-05
9.994E-05 9.994E-05 9.994E-05 9.994E-05 9.994E-05 9.994E-05 0.9993 9.994E-05
0.153237 0.0670799 9.99824E-05 9.99824E-05 0.162888 0.100274 0.10308 0.413241
0.0163382 9.99472E-05 9.99472E-05 9.99472E-05 9.99472E-05 9.99472E-05 0.983062 9.99472E-05
9.994E-05 9.994E-05 9.994E-05 9.994E-05 0.9993 9.994E-05 9.994E-05 9.994E-05
9.994E-05 9.994E-05 9.994E-05 9.994E-05 9.994E-05 9.994E-05 0.9993 9.994E-05
9.994E-05 9.994E-05 9.994E-05 9.994E-05 9.994E-05 9.994E-05 0.9993 9.994E-05
9.994E-05 9.994E-05 9.994E-05 9.994E-05 9.994E-05 9.994E-05 0.9993 9.994E-05
9.994E-05 9.994E-05 9.994E-05 9.994E-05 0.9993 9.994E-05 9.994E-05 9.994E-05
9.994E-05 9.994E-05 9.994E-05 9.994E-05 9.994E-05 9.994E-05 0.9993 9.994E-05
9.994E-05 9.994E-05 9.994E-05 9.994E-05 0.9993 9.994E-05 9.994E-05 9.994E-05
9.994E-05 9.994E-05 9.994E-05 9.994E-05 9.994E-05 9.994E-05 0.9993 9.994E-05
9.994E-05 9.994E-05 9.994E-05 9.994E-05 9.994E-05 9.994E-05 0.9993 9.994E-05
9.994E-05 9.994E-05 9.994E-05 9.994E-05 0.9993 9.994E-05 9.994E-05 9.994E-05
9.994E-05 9.994E-05 9.994E-05 9.994E-05 0.9993 9.994E-05 9.994E-05 9.994E-05
9.994E-05 9.994E-05 9.994E-05 9.994E-05 0.9993 9.994E-05 9.994E-05 9.994E-05
9.994E-05 9.994E-05 9.994E-05 9.994E-05 9.994E-05 9.994E-05 0.9993 9.994E-05
9.994E-05 9.994E-05 9.994E-05 9.994E-05 9.994E-05 9.994E-05 0.9993 9.994E-05
9.994E-05 9.994E-05 9.994E-05 9.994E-05 9.994E-05 9.994E-05 0.9993 9.994E-05
9.994E-05 9.994E-05 9.994E-05 9.994E-05 9.994E-05 9.994E-05 0.9993 9.994E-05
9.994E-05 9.994E-05 9.994E-05 9.994E-05 9.994E-05 9.994E-05 0.9993 9.994E-05
9.994E-05 9.994E-05 9.994E-05 9.994E-05 0.9993 9.994E-05 9.994E-05 9.994E-05
9.994E-05 9.994E-05 9.994E-05 9.994E-05 0.9993 9.994E-05 9.994E-05 9.994E-05
9.994E-05 9.994E-05 9.994E-05 9.994E-05 0.9993 9.994E-05 9.994E-05 9.994E-05
9.994E-05 9.994E-05 9.994E-05 9.994E-05 9.994E-05 9.994E-05 0.9993 9.994E-05
9.994E-05 9.994E-05 9.994E-05 9.994E-05 0.9993 9.994E-05 9.994E-05 9.994E-05
9.994E-05 9.994E-05 9.994E-05 9.994E-05 0.9993 9.994E-05 9.994E-05 9.994E-05
9.994E-05 9.994E-05 9.994E-05 9.994E-05 0.9993 9.994E-05 9.994E-05 9.994E-05
9.994E-05 9.994E-05 9.994E-05 9.994E-05 0.9993 9.994E-05 9.994E-05 9.994E-05
9.994E-05 9.994E-05 9.994E-05 9.994E-05 9.994E-05 9.994E-05 0.9993 9.994E-05
9.994E-05 9.994E-05 9.994E-05 9.994E-05 0.9993 9.994E-05 9.994E-05 9.994E-05
9.994E-05 9.994E-05 9.994E-05 9.994E-05 0.9993 9.994E-05 9.994E-05 9.994E-05
0.0840356 0.0235814 9.99824E-05 9.99824E-05 0.110283 0.217725 0.150316 0.413858
0.00232081 9.99471E-05 9.99471E-05 9.99471E-05 9.99471E-05 9.99471E-05 0.99708 9.99471E-05
9.994E-05 9.994E-05 9.994E-05 9.994E-05 0.9993 9.994E-05 9.994E-05 9.994E-05
9.994E-05 9.994E-05 9.994E-05 9.994E-05 0.9993 9.994E-05 9.994E-05 9.994E-05
9.994E-05 9.994E-05 9.994E-05 9.994E-05 0.9993 9.994E-05 9.994E-05 9.994E-05
9.994E-05 9.994E-05 9.994E-05 9.994E-05 0.9993 9.994E-05 9.994E-05 9.994E-05
9.994E-05 9.994E-05 9.994E-05 9.994E-05 9.994E-05 9.994E-05 0.9993 9.994E-05
9.994E-05 9.994E-05 9.994E-05 9.994E-05 0.9993 9.994E-05 9.994E-05 9.994E-05
9.994E-05 9.994E-05 9.994E-05 9.994E-05 9.994E-05 9.994E-05 0.9993 9.994E-05
9.994E-05 9.994E-05 9.994E-05 9.994E-05 0.9993 9.994E-05 9.994E-05 9.994E-05
0.00622878 9.99472E-05 9.99472E-05 9.99472E-05 9.99472E-05 9.99472E-05 0.993172 9.99472E-05
9.994E-05 9.994E-05 9.994E-05 9.994E-05 0.9993 9.994E-05 9.994E-05 9.994E-05
9.994E-05 9.994E-05 9.994E-05 9.994E-05 0.9993 9.994E-05 9.994E-05 9.994E-05
9.994E-05 9.994E-05 9.994E-05 9.994E-05 0.9993 9.994E-05 9.994E-05 9.994E-05
9.994E-05 9.994E-05 9.994E-05 9.994E-05 0.9993 9.994E-05 9.994E-05 9.994E-05
9.994E-05 9.994E-05 9.994E-05 9.994E-05 0.9993 9.994E-05 9.994E-05 9.994E-05
9.994E-05 9.994E-05 9.994E-05 9.994E-05 0.9993 9.994E-05 9.994E-05 9.994E-05
9.994E-05 9.994E-05 9.994E-05 9.994E-05 9.994E-05 9.994E-05 0.9993 9.994E-05
9.994E-05 9.994E-05 9.994E-05 9.994E-05 9.994E-05 9.994E-05 0.9993 9.994E-05
9.994E-05 9.994E-05 9.994E-05 9.994E-05 9.994E-05 9.994E-05 0.9993 9.994E-05
9.994E-05 9.994E-05 9.994E-05 9.994E-05 0.9993 9.994E-05 9.994E-05 9.994E-05
9.994E-05 9.994E-05 9.994E-05 9.994E-05 9.994E-05 9.994E-05 0.9993 9.994E-05
9.994E-05 9.994E-05 9.994E-05 9.994E-05 9.994E-05 9.994E-05 0.9993 9.994E-05
9.994E-05 9.994E-05 9.994E-05 9.994E-05 9.994E-05 9.994E-05 0.9993 9.994E-05
9.994E-05 9.994E-05 9.994E-05 9.994E-05 0.9993 9.994E-05 9.994E-05 9.994E-05
9.994E-05 9.994E-05 9.994E-05 9.994E-05 0.9993 9.994E-05 9.994E-05 9.994E-05
9.994E-05 9.994E-05 9.994E-05 9.994E-05 0.9993 9.994E-05 9.994E-05 9.994E-05
9.994E-05 9.994E-05 9.994E-05 9.994E-05 9.994E-05 9.994E-05 0.9993 9.994E-05
9.994E-05 9.994E-05 9.994E-05 9.994E-05 0.9993 9.994E-05 9.994E-05 9.994E-05
9.994E-05 9.994E-05 9.994E-05 9.994E-05 0.9993 9.994E-05 9.994E-05 9.994E-05
9.994E-05 9.994E-05 9.994E-05 9.994E-05 9.994E-05 9.994E-05 0.9993 9.994E-05
9.994E-05 9.994E-05 9.994E-05 9.994E-05 0.9993 9.994E-05 9.994E-05 9.994E-05
9.994E-05 9.994E-05 9.994E-05 9.994E-05 0.9993 9.994E-05 9.994E-05 9.994E-05
0.00514106 0.0610856 9.99824E-05 0.230602 0.103119 9.99824E-05 0.389196 0.210656
9.994E-05 9.994E-05 9.994E-05 9.994E-05 9.994E-05 9.994E-05 0.9993 9.994E-05
9.994E-05 9.994E-05 9.994E-05 9.994E-05 0.9993 9.994E-05 9.994E-05 9.994E-05
0.0114064 0.00409068 9.99737E-05 0.0654864 0.453985 9.99737E-05 9.99737E-05 0.464731
0.0762943 9.99736E-05 9.99736E-05 9.99736E-05 0.285803 0.0583663 0.0695738 0.509662
9.9956E-05 9.9956E-05 9.9956E-05 9.9956E-05 0.129891 9.9956E-05 0.380029 0.489581
9.99648E-05 0.0867202 9.99648E-05 9.99648E-05 9.99648E-05 0.150556 0.00359895 0.758725
9.9956E-05 9.9956E-05 9.9956E-05 9.9956E-05 0.262251 9.9956E-05 0.339634 0.397615
9.99562E-05 9.99562E-05 0.0796292 9.99562E-05 0.0976767 9.99562E-05 9.99562E-05 0.822194
9.99736E-05 9.99736E-05 9.99736E-05 0.0337045 0.338902 0.111383 0.236627 0.279085
0.0563633 0.0943199 9.99736E-05 0.036829 0.202975 9.99736E-05 9.99736E-05 0.609212
0.0314886 9.99561E-05 9.99561E-05 9.99561E-05 0.17103 9.99561E-05 9.99561E-05 0.796982
0.0423662 9.99736E-05 9.99736E-05 9.99736E-05 0.00573081 0.117487 0.0489023 0.785213
9.99648E-05 9.99648E-05 9.99648E-05 0.111206 0.0716371 9.99648E-05 0.116275 0.700481
9.99561E-05 9.99561E-05 9.99561E-05 9.99561E-05 0.57295 9.99561E-05 0.00977083 0.416779
9.99736E-05 0.0781862 9.99736E-05 9.99736E-05 0.244118 0.0333973 0.366033 0.277965
0.0127518 0.105146 9.99648E-05 9.99648E-05 0.0762344 9.99648E-05 9.99648E-05 0.805468
9.99648E-05 9.99648E-05 9.99648E-05 0.0392194 0.156744 9.99648E-05 0.174108 0.629529
9.99649E-05 9.99649E-05 9.99649E-05 0.0506183 0.180868 9.99649E-05 0.291089 0.477025
0.03737 9.99649E-05 9.99649E-05 9.99649E-05 0.153371 9.99649E-05 0.192966 0.615893
0.00330472 0.0424641 9.99824E-05 0.0800399 0.0599882 9.99824E-05 0.408621 0.405382
0.102097 9.99736E-05 9.99736E-05 0.0807116 0.156902 9.99736E-05 0.0984299 0.561559
0.0462818 9.99736E-05 9.99736E-05 9.99736E-05 0.155219 0.0917875 0.123954 0.582459
0.0698148 9.99648E-05 9.99648E-05 9.99648E-05 0.212383 9.99648E-05 0.00563934 0.711763
9.99561E-05 9.99561E-05 9.99561E-05 9.99561E-05 0.252106 0.0934838 9.99561E-05 0.653911
0.00400673 0.0508466 9.99912E-05 0.0516558 0.13409 0.187091 0.047151 0.52506
0.045225 0.0113507 9.99912E-05 0.0953397 0.192653 0.00163004 0.0156248 0.638077
9.9956E-05 0.127431 9.9956E-05 9.9956E-05 0.063304 9.9956E-05 9.9956E-05 0.808765
9.99474E-05 9.99474E-05 9.99474E-05 9.99474E-05 0.0227691 9.99474E-05 9.99474E-05 0.976631
9.99648E-05 9.99648E-05 9.99648E-05 9.99648E-05 0.0885713 0.115792 0.143263 0.651974
0.0232714 0.0490809 9.99736E-05 9.99736E-05 0.304459 9.99736E-05 0.371311 0.251577
0.0366699 0.070981 9.99648E-05 9.99648E-05 9.99648E-05 0.0817659 9.99648E-05 0.810183
0.130718 0.0727276 9.99649E-05 9.99649E-05 0.218178 9.99649E-05 9.99649E-05 0.577976
9.99736E-05 9.99736E-05 9.99736E-05 0.0215179 0.398306 0.0876315 0.158987 0.333258
9.99649E-05 9.99649E-05 9.99649E-05 0.0350975 0.260475 9.99649E-05 0.0874185 0.616609
0.04304 0.0235297 9.99736E-05 9.99736E-05 0.251421 9.99736E-05 0.27641 0.4053
9.99736E-05 0.0336149 9.99736E-05 0.0276108 0.234582 9.99736E-05 0.127764 0.576128
9.99736E-05 0.0476513 9.99736E-05 0.0936658 0.138166 9.99736E-05 0.162648 0.55757
9.9956E-05 9.9956E-05 9.9956E-05 9.9956E-05 0.11011 9.9956E-05 0.18167 0.707719
9.994E-05 9.994E-05 9.994E-05 9.994E-05 9.994E-05 9.994E-05 9.994E-05 0.9993
9.99736E-05 0.0451537 9.99736E-05 0.110442 9.99736E-05 0.0597818 0.314895 0.469428
0.0279323 9.99736E-05 9.99736E-05 0.0596919 0.0646644 0.0380617 9.99736E-05 0.80935
0.0224782 9.99736E-05 9.99736E-05 9.99736E-05 0.216256 0.165784 0.092619 0.502562
0.0269192 0.00915237 9.99824E-05 9.99824E-05 0.14639 0.0131738 0.126662 0.677502
0.0757415 9.99737E-05 9.99737E-05 9.99737E-05 0.0575518 0.100654 0.0881102 0.677643
0.040614 9.99736E-05 9.99736E-05 9.99736E-05 0.273564 0.160296 0.0593243 0.465902
9.99649E-05 0.0429256 9.99649E-05 9.99649E-05 0.557161 9.99649E-05 0.110739 0.288774
9.99736E-05 0.0135108 9.99736E-05 0.0203721 0.39369 9.99736E-05 0.391553 0.180574
0.0182564 0.00575101 9.99824E-05 0.00385483 0.221549 9.99824E-05 0.110506 0.639883
9.994E-05 9.994E-05 9.994E-05 9.994E-05 9.994E-05 9.994E-05 9.994E-05 0.9993
0.0638014 9.99648E-05 9.99648E-05 0.0535336 0.274949 9.99648E-05 9.99648E-05 0.607316
9.994E-05 9.994E-05 9.994E-05 9.994E-05 9.994E-05 9.994E-05 9.994E-05 0.9993
9.99824E-05 0.0507357 9.99824E-05 0.0115141 0.230148 0.23136 0.270378 0.205664
9.99474E-05 9.99474E-05 9.99474E-05 9.99474E-05 0.00586074 9.99474E-05 9.99474E-05 0.99354
9.9956E-05 9.9956E-05 9.9956E-05 0.0219393 9.9956E-05 9.9956E-05 0.402917 0.574644
9.99648E-05 9.99648E-05 9.99648E-05 0.0322926 9.99648E-05 0.136127 0.48432 0.346861
9.99649E-05 9.99649E-05 9.99649E-05 0.00802941 0.199993 9.99649E-05 0.226347 0.565231
9.9956E-05 9.9956E-05 9.9956E-05 9.9956E-05 0.103792 0.217532 9.9956E-05 0.678177
9.99561E-05 9.99561E-05 9.99561E-05 9.99561E-05 0.347376 9.99561E-05 0.0403901 0.611735
9.99474E-05 9.99474E-05 9.99474E-05 9.99474E-05 9.99474E-05 9.99474E-05 0.177432 0.821969
9.99561E-05 9.99561E-05 9.99561E-05 0.0344338 0.136901 9.99561E-05 9.99561E-05 0.828165
0.109321 9.99649E-05 9.99649E-05 9.99649E-05 0.214177 9.99649E-05 0.0581281 0.617974
9.99561E-05 9.99561E-05 9.99561E-05 9.99561E-05 0.180295 9.99561E-05 0.305165 0.51404
9.994E-05 9.994E-05 9.994E-05 9.994E-05 9.994E-05 9.994E-05 9.994E-05 0.9993
9.99475E-05 9.99475E-05 9.99475E-05 9.99475E-05 0.0673992 9.99475E-05 9.99475E-05 0.932001
9.99562E-05 9.99562E-05 0.0738589 9.99562E-05 9.99562E-05 9.99562E-05 0.0218078 0.903834
9.99736E-05 0.00706132 9.99736E-05 0.0888201 0.0922869 9.99736E-05 0.0856405 0.725891
0.103319 9.9956E-05 9.9956E-05 9.9956E-05 0.183438 9.9956E-05 9.9956E-05 0.712743
9.99473E-05 9.99473E-05 9.99473E-05 9.99473E-05 0.243406 9.99473E-05 9.99473E-05 0.755994
9.99474E-05 9.99474E-05 9.99474E-05 9.99474E-05 0.0484416 9.99474E-05 9.99474E-05 0.950959
9.99736E-05 0.0120053 9.99736E-05 0.0362518 0.262785 9.99736E-05 0.213734 0.474925
0.110788 9.99736E-05 9.99736E-05 0.0413185 0.0118305 9.99736E-05 0.24685 0.588913
9.99474E-05 9.99474E-05 9.99474E-05 9.99474E-05 9.99474E-05 9.99474E-05 0.180148 0.819253
0.0421132 9.99649E-05 9.99649E-05 9.99649E-05 0.031011 9.99649E-05 0.402282 0.524194
9.99562E-05 9.99562E-05 0.106457 9.99562E-05 9.99562E-05 9.99562E-05 0.119679 0.773365
9.99561E-05 9.99561E-05 9.99561E-05 9.99561E-05 0.334899 9.99561E-05 0.17882 0.485781
9.99649E-05 0.16961 9.99649E-05 9.99649E-05 9.99649E-05 0.0725775 0.0936908 0.663722
9.99474E-05 9.99474E-05 9.99474E-05 9.99474E-05 9.99474E-05 9.99474E-05 0.0991788 0.900222
9.99561E-05 9.99561E-05 9.99561E-05 9.99561E-05 0.131363 9.99561E-05 0.200688 0.66745
9.99474E-05 9.99474E-05 0.0872937 9.99474E-05 9.99474E-05 9.99474E-05 9.99474E-05 0.912107
9.9956E-05 0.00810451 9.9956E-05 9.9956E-05 9.9956E-05 9.9956E-05 0.155147 0.836249
9.99562E-05 9.99562E-05 9.99562E-05 9.99562E-05 0.0290872 9.99562E-05 0.0725958 0.897817
9.99736E-05 0.00275646 9.99736E-05 0.0708614 0.368022 9.99736E-05 0.0740314 0.484029
9.99648E-05 9.99648E-05 9.99648E-05 0.0699391 0.251851 0.0742997 9.99648E-05 0.60351
0.0465152 0.0267303 9.99824E-05 0.126101 0.203742 0.170717 9.99824E-05 0.425995
9.99474E-05 9.99474E-05 9.99474E-05 9.99474E-05 9.99474E-05 9.99474E-05 0.0335691 0.965831
0.00163831 9.99737E-05 9.99737E-05 0.0644753 0.330157 9.99737E-05 0.0161001 0.587329
0.197007 9.99648E-05 9.99648E-05 9.99648E-05 0.12947 9.99648E-05 0.0802272 0.592896
9.99561E-05 9.99561E-05 9.99561E-05 9.99561E-05 0.0187055 9.99561E-05 0.114498 0.866297
9.99736E-05 0.177292 9.99736E-05 0.0119579 0.0517251 9.99736E-05 0.140834 0.617891
9.99648E-05 0.0485474 9.99648E-05 9.99648E-05 0.390169 9.99648E-05 0.0546865 0.506197
0.083983 9.99736E-05 9.99736E-05 0.0250049 0.0964273 9.99736E-05 0.219198 0.575087
0.172015 9.99736E-05 9.99736E-05 0.0130282 0.186932 9.99736E-05 0.138308 0.489417
0.234389 9.99649E-05 9.99649E-05 9.99649E-05 0.098303 9.99649E-05 0.203757 0.463151
9.99648E-05 0.100583 9.99648E-05 9.99648E-05 0.073412 9.99648E-05 0.484347 0.341259
9.99649E-05 0.00509111 9.99649E-05 9.99649E-05 0.373664 9.99649E-05 0.244075 0.37677
0.116382 9.99736E-05 9.99736E-05 0.142443 0.0612088 9.99736E-05 0.188161 0.491505
9.99474E-05 9.99474E-05 9.99474E-05 9.99474E-05 0.19519 9.99474E-05 9.99474E-05 0.80421
9.99562E-05 0.017837 9.99562E-05 9.99562E-05 9.99562E-05 9.99562E-05 0.155096 0.826567
0.0178224 9.99648E-05 9.99648E-05 9.99648E-05 0.286184 0.197869 9.99648E-05 0.497724
9.99736E-05 9.99736E-05 9.99736E-05 0.109665 0.0386682 0.13212 0.345015 0.374231
9.99649E-05 0.078975 9.99649E-05 0.0143953 9.99649E-05 9.99649E-05 0.363273 0.542957
0.0631718 9.99736E-05 9.99736E-05 9.99736E-05 0.116149 0.0104841 0.488523 0.321372
0.0467013 0.0619675 9.99824E-05 0.056088 0.248432 0.178808 9.99824E-05 0.407804
0.0757158 9.99561E-05 9.99561E-05 9.99561E-05 9.99561E-05 9.99561E-05 0.353614 0.57017
0.227166 0.00913688 9.99824E-05 0.0503348 0.114707 9.99824E-05 0.170551 0.427905
9.9965E-05 9.9965E-05 0.051963 9.9965E-05 0.0924247 9.9965E-05 0.00483372 0.850379
9.99649E-05 9.99649E-05 0.06988 9.99649E-05 0.146837 9.99649E-05 0.0889019 0.693981
9.99561E-05 9.99561E-05 9.99561E-05 9.99561E-05 0.126137 9.99561E-05 0.238532 0.634832
0.0405855 0.196283 9.99648E-05 9.99648E-05 9.99648E-05 9.99648E-05 0.422762 0.33997
9.99474E-05 9.99474E-05 9.99474E-05 9.99474E-05 0.0538002 9.99474E-05 9.99474E-05 0.9456
9.994E-05 9.994E-05 9.994E-05 9.994E-05 9.994E-05 9.994E-05 9.994E-05 0.9993
0.0745771 0.030089 9.99649E-05 9.99649E-05 0.0513204 9.99649E-05 9.99649E-05 0.843614
0.0188125 0.0335361 9.99649E-05 9.99649E-05 0.0762722 9.99649E-05 9.99649E-05 0.870979
9.99561E-05 9.99561E-05 9.99561E-05 0.0176596 9.99561E-05 9.99561E-05 0.134087 0.847754
9.99648E-05 9.99648E-05 9.99648E-05 9.99648E-05 0.0599397 0.0262828 0.278346 0.635032
0.053969 9.99824E-05 9.99824E-05 0.0353645 0.00665883 0.108233 0.246242 0.549333
0.135884 9.99648E-05 9.99648E-05 0.0680229 9.99648E-05 9.99648E-05 0.431347 0.364346
9.99473E-05 9.99473E-05 9.99473E-05 9.99473E-05 0.353374 9.99473E-05 9.99473E-05 0.646027
0.0985322 9.99648E-05 9.99648E-05 9.99648E-05 0.188922 9.99648E-05 0.0710116 0.641134
9.99736E-05 0.207928 9.99736E-05 0.0813002 0.086481 9.99736E-05 0.243972 0.380019
0.0147305 9.99561E-05 9.99561E-05 9.99561E-05 0.0195609 9.99561E-05 9.99561E-05 0.965209
0.0103472 9.99736E-05 9.99736E-05 0.0352589 9.99736E-05 0.13812 0.53913 0.276844
9.99648E-05 0.14254 9.99648E-05 0.0102775 9.99648E-05 9.99648E-05 0.186416 0.660367
0.0113174 9.99648E-05 9.99648E-05 0.118327 0.282131 9.99648E-05 9.99648E-05 0.587825
0.0367293 9.99648E-05 9.99648E-05 9.99648E-05 0.0619011 9.99648E-05 0.465121 0.435848
9.99736E-05 9.99736E-05 9.99736E-05 0.0378115 0.153425 0.200049 0.0625597 0.545855
9.99561E-05 9.99561E-05 9.99561E-05 9.99561E-05 0.169136 9.99561E-05 0.0608964 0.769468
9.99736E-05 0.0774624 9.99736E-05 0.13511 0.157568 9.99736E-05 0.166517 0.463042
0.0344915 9.99561E-05 9.99561E-05 9.99561E-05 9.99561E-05 9.99561E-05 0.108644 0.856365
9.99562E-05 9.99562E-05 9.99562E-05 9.99562E-05 0.083061 9.99562E-05 0.0280039 0.888435
0.00711285 9.99824E-05 9.99824E-05 0.102642 0.21119 0.0752604 0.136817 0.466777
0.0829906 9.99824E-05 9.99824E-05 0.00686247 0.196852 0.0138919 0.170293 0.52891
9.99737E-05 9.99737E-05 0.00237816 0.0371659 0.201864 0.314383 0.443909 9.99737E-05
9.99649E-05 9.99649E-05 9.99649E-05 0.0778784 0.10757 0.184087 0.630064 9.99649E-05
9.99649E-05 9.99649E-05 9.99649E-05 9.99649E-05 0.198824 0.324064 0.428144 0.0485678
0.0234684 9.99825E-05 9.99825E-05 0.0301361 0.00830714 0.232068 0.475046 0.230775
0.019926 0.115831 9.99912E-05 0.0907266 0.100375 0.126891 0.392309 0.153842
9.99825E-05 9.99825E-05 0.177038 0.0436623 0.0830476 0.0379374 0.581334 0.0767805
9.99736E-05 9.99736E-05 9.99736E-05 0.139555 0.133861 0.0330266 0.67936 0.0138976
9.99737E-05 9.99737E-05 9.99737E-05 0.10005 0.125295 0.270172 0.473664 0.0305182
9.99825E-05 9.99825E-05 0.20348 0.0725502 0.0412877 0.159739 0.407922 0.114821
9.99736E-05 9.99736E-05 9.99736E-05 0.00557036 0.190959 0.204594 0.572822 0.0257543
0.0201267 0.00641078 9.99912E-05 0.158488 0.0763232 0.101017 0.577965 0.0595692
0.145335 9.99649E-05 0.105197 9.99649E-05 9.99649E-05 9.99649E-05 0.659926 0.0891425
9.99737E-05 9.99737E-05 9.99737E-05 0.0108502 0.176311 0.222848 0.480161 0.10953
9.9965E-05 9.9965E-05 0.332835 9.9965E-05 9.9965E-05 0.007151 0.628943 0.0306713
9.99824E-05 9.99824E-05 0.0117139 0.169429 0.0309482 0.0453362 0.584315 0.158057
9.99824E-05 9.99824E-05 0.0192899 0.0629146 0.147253 0.165141 0.551307 0.0538955
9.99824E-05 9.99824E-05 0.038587 0.115795 0.0531849 0.123419 0.640005 0.0288089
0.0762207 9.99737E-05 0.0710917 0.0762013 9.99737E-05 0.0727866 0.7034 9.99737E-05
0.0564269 9.99737E-05 9.99737E-05 0.200699 0.0873696 0.0492599 0.605945 9.99737E-05
9.99562E-05 9.99562E-05 9.99562E-05 9.99562E-05 0.145972 0.186258 0.667271 9.99562E-05
9.99649E-05 9.99649E-05 9.99649E-05 0.0642271 0.159099 0.146164 0.630109 9.99649E-05
9.99825E-05 9.99825E-05 0.074261 0.0516736 0.0146127 0.201074 0.565818 0.0923611
9.99649E-05 0.0645158 0.0229506 0.154577 9.99649E-05 9.99649E-05 0.757557 9.99649E-05
9.99561E-05 0.0615042 9.99561E-05 9.99561E-05 0.280216 9.99561E-05 0.65778 9.99561E-05
9.99561E-05 0.0111053 9.99561E-05 9.99561E-05 0.22691 9.99561E-05 0.761485 9.99561E-05
9.99473E-05 9.99473E-05 9.99473E-05 9.99473E-05 0.36054 9.99473E-05 0.63886 9.99473E-05
9.99472E-05 9.99472E-05 9.99472E-05 9.99472E-05 0.264386 9.99472E-05 0.735014 9.99472E-05
9.99474E-05 9.99474E-05 9.99474E-05 9.99474E-05 0.139945 9.99474E-05 0.859456 9.99474E-05
9.99473E-05 9.99473E-05 9.99473E-05 9.99473E-05 0.262212 9.99473E-05 0.737189 9.99473E-05
9.99561E-05 9.99561E-05 9.99561E-05 0.0089954 0.307719 9.99561E-05 0.682786 9.99561E-05
9.9965E-05 9.9965E-05 9.9965E-05 0.0140278 0.116343 9.9965E-05 0.790823 0.0784068
9.99649E-05 0.0523762 9.99649E-05 9.99649E-05 0.249081 9.99649E-05 0.68061 0.0175329
0.0268522 9.99649E-05 9.99649E-05 0.107983 0.226327 9.99649E-05 0.638437 9.99649E-05
9.99561E-05 0.035791 9.99561E-05 9.99561E-05 0.142152 9.99561E-05 0.821557 9.99561E-05
9.99561E-05 9.99561E-05 9.99561E-05 0.0202975 0.215484 9.99561E-05 0.763719 9.99561E-05
9.9956E-05 9.9956E-05 9.9956E-05 0.0521495 0.281206 9.9956E-05 0.666145 9.9956E-05
9.99562E-05 9.99562E-05 9.99562E-05 9.99562E-05 0.235952 9.99562E-05 0.609136 0.154412
9.99475E-05 9.99475E-05 9.99475E-05 9.99475E-05 0.145806 9.99475E-05 0.853594 9.99475E-05
9.99561E-05 9.99561E-05 9.99561E-05 9.99561E-05 0.248267 9.99561E-05 0.595235 0.155997
9.99649E-05 0.0158436 9.99649E-05 9.99649E-05 0.232104 9.99649E-05 0.676404 0.0752486
9.99474E-05 9.99474E-05 9.99474E-05 9.99474E-05 0.203912 9.99474E-05 0.795488 9.99474E-05
9.99474E-05 9.99474E-05 9.99474E-05 9.99474E-05 0.246106 9.99474E-05 0.753294 9.99474E-05
9.99649E-05 0.0253539 9.99649E-05 0.037916 0.150811 9.99649E-05 0.785519 9.99649E-05
9.99473E-05 9.99473E-05 9.99473E-05 9.99473E-05 0.372075 9.99473E-05 0.627326 9.99473E-05
9.99474E-05 9.99474E-05 9.99474E-05 9.99474E-05 0.106642 9.99474E-05 0.892759 9.99474E-05
9.99473E-05 9.99473E-05 9.99473E-05 9.99473E-05 0.375464 9.99473E-05 0.623936 9.99473E-05
0.00768176 9.99561E-05 9.99561E-05 9.99561E-05 9.99561E-05 9.99561E-05 0.0916761 0.900142
9.99475E-05 9.99475E-05 9.99475E-05 9.99475E-05 0.207819 9.99475E-05 0.791582 9.99475E-05
9.99561E-05 0.00145931 9.99561E-05 9.99561E-05 0.244943 9.99561E-05 0.753098 9.99561E-05
0.00502702 9.99648E-05 9.99648E-05 0.0314307 0.046673 9.99648E-05 0.916469 9.99648E-05
9.99649E-05 9.99649E-05 9.99649E-05 0.0255776 0.0881978 9.99649E-05 0.853747 0.032078
9.99472E-05 9.99472E-05 9.99472E-05 9.99472E-05 0.388023 9.99472E-05 0.611377 9.99472E-05
9.99562E-05 9.99562E-05 9.99562E-05 9.99562E-05 0.14962 9.99562E-05 0.833924 0.0159558
9.99562E-05 9.99562E-05 9.99562E-05 0.127993 0.157129 9.99562E-05 0.714378 9.99562E-05
0.00633757 9.99649E-05 9.99649E-05 9.99649E-05 0.125221 0.0274888 0.840553 9.99649E-05
9.99562E-05 9.99562E-05 9.99562E-05 0.00316264 0.221633 9.99562E-05 0.774704 9.99562E-05
9.99561E-05 9.99561E-05 9.99561E-05 9.99561E-05 0.230532 0.0103509 0.758617 9.99561E-05
9.99649E-05 0.0279376 9.99649E-05 0.00177956 0.270957 9.99649E-05 0.698926 9.99649E-05
9.99473E-05 9.99473E-05 9.99473E-05 9.99473E-05 0.14282 9.99473E-05 0.85658 9.99473E-05
9.99561E-05 9.99561E-05 9.99561E-05 9.99561E-05 0.197536 9.99561E-05 0.738022 0.0639423
9.99649E-05 0.0174692 9.99649E-05 0.04112 0.0639934 9.99649E-05 0.877018 9.99649E-05
9.99561E-05 9.99561E-05 9.99561E-05 9.99561E-05 0.193795 0.0672252 0.73848 9.99561E-05
9.99562E-05 9.99562E-05 9.99562E-05 9.99562E-05 0.214227 9.99562E-05 0.703417 0.0818556
9.99475E-05 9.99475E-05 9.99475E-05 9.99475E-05 0.224349 9.99475E-05 0.775052 9.99475E-05
9.99649E-05 0.00826152 9.99649E-05 9.99649E-05 0.185799 9.99649E-05 0.711398 0.0941422
9.99561E-05 9.99561E-05 9.99561E-05 0.00319492 0.203994 9.99561E-05 0.792311 9.99561E-05
9.99561E-05 9.99561E-05 9.99561E-05 0.0168642 0.211657 9.99561E-05 0.770979 9.99561E-05
0.000707806 9.99824E-05 0.0819039 0.168956 0.0197979 0.444288 0.284146 9.99824E-05
9.99737E-05 9.99737E-05 0.0459732 0.0288283 0.144684 0.595733 0.184481 9.99737E-05
0.0263018 0.041921 9.99825E-05 0.227958 0.275471 0.360629 0.0675197 9.99825E-05
9.99737E-05 9.99737E-05 0.0780697 0.102019 0.118719 0.482052 0.21884 9.99737E-05
9.99737E-05 9.99737E-05 0.0172401 0.157207 0.158239 0.395008 0.272006 9.99737E-05
9.99825E-05 0.151283 0.0234465 0.0936515 0.10946 0.33668 0.285279 9.99825E-05
9.99737E-05 9.99737E-05 0.0483319 0.144157 0.169229 0.418094 0.219888 9.99737E-05
9.99737E-05 0.014101 9.99737E-05 0.0543841 0.0487261 0.382012 0.500476 9.99737E-05
0.0184853 0.0568016 0.0460816 0.0671348 0.38639 0.347425 0.0775817 9.99912E-05
0.0246143 0.172661 0.0764589 0.265599 0.0945608 0.0463613 0.319645 9.99912E-05
9.99649E-05 9.99649E-05 9.99649E-05 0.121193 0.124204 0.436929 0.317275 9.99649E-05
9.99649E-05 9.99649E-05 9.99649E-05 0.130068 0.213945 0.465419 0.190168 9.99649E-05
9.99737E-05 9.99737E-05 0.0693668 0.215675 0.0910064 0.348665 0.274987 9.99737E-05
9.99737E-05 9.99737E-05 0.0544312 0.202009 0.0788474 0.354189 0.310223 9.99737E-05
9.99825E-05 0.00841375 0.0634617 0.0760494 0.0907327 0.483779 0.277364 9.99825E-05
9.99649E-05 9.99649E-05 9.99649E-05 0.0748221 0.0666997 0.374186 0.483892 9.99649E-05
9.99737E-05 9.99737E-05 0.0102816 0.119924 0.0823871 0.360919 0.426188 9.99737E-05
9.99649E-05 9.99649E-05 9.99649E-05 0.111934 0.204639 0.487247 0.19578 9.99649E-05
9.99737E-05 9.99737E-05 0.00159751 0.279887 0.140524 0.276143 0.301549 9.99737E-05
9.99824E-05 0.0294479 0.0680016 0.170199 0.0368973 0.333045 0.362209 9.99824E-05
9.994E-05 9.994E-05 9.994E-05 0.9993 9.994E-05 9.994E-05 9.994E-05 9.994E-05
9.994E-05 9.994E-05 9.994E-05 0.9993 9.994E-05 9.994E-05 9.994E-05 9.994E-05
9.994E-05 9.994E-05 9.994E-05 0.9993 9.994E-05 9.994E-05 9.994E-05 9.994E-05
9.994E-05 9.994E-05 9.994E-05 0.9993 9.994E-05 9.994E-05 9.994E-05 9.994E-05
9.994E-05 9.994E-05 9.994E-05 0.9993 9.994E-05 9.994E-05 9.994E-05 9.994E-05
9.994E-05 9.994E-05 9.994E-05 0.9993 9.994E-05 9.994E-05 9.994E-05 9.994E-05
9.994E-05 9.994E-05 9.994E-05 0.9993 9.994E-05 9.994E-05 9.994E-05 9.994E-05
9.994E-05 9.994E-05 9.994E-05 0.9993 9.994E-05 9.994E-05 9.994E-05 9.994E-05
9.994E-05 9.994E-05 9.994E-05 0.9993 9.994E-05 9.994E-05 9.994E-05 9.994E-05
9.994E-05 9.994E-05 9.994E-05 0.9993 9.994E-05 9.994E-05 9.994E-05 9.994E-05
9.994E-05 9.994E-05 9.994E-05 0.9993 9.994E-05 9.994E-05 9.994E-05 9.994E-05
9.994E-05 9.994E-05 9.994E-05 0.9993 9.994E-05 9.994E-05 9.994E-05 9.994E-05
9.994E-05 9.994E-05 9.994E-05 0.9993 9.994E-05 9.994E-05 9.994E-05 9.994E-05
9.994E-05 9.994E-05 9.994E-05 0.9993 9.994E-05 9.994E-05 9.994E-05 9.994E-05
9.994E-05 9.994E-05 9.994E-05 0.9993 9.994E-05 9.994E-05 9.994E-05 9.994E-05
9.994E-05 9.994E-05 9.994E-05 0.9993 9.994E-05 9.994E-05 9.994E-05 9.994E-05
0.08139 9.99472E-05 9.99472E-05 0.91801 9.99472E-05 9.99472E-05 9.99472E-05 9.99472E-05
9.994E-05 9.994E-05 9.994E-05 0.9993 9.994E-05 9.994E-05 9.994E-05 9.994E-05
9.994E-05 9.994E-05 9.994E-05 0.9993 9.994E-05 9.994E-05 9.994E-05 9.994E-05
9.994E-05 9.994E-05 9.994E-05 0.9993 9.994E-05 9.994E-05 9.994E-05 9.994E-05
0.0580654 9.99472E-05 9.99472E-05 0.941335 9.99472E-05 9.99472E-05 9.99472E-05 9.99472E-05
9.994E-05 9.994E-05 9.994E-05 0.9993 9.994E-05 9.994E-05 9.994E-05 9.994E-05
9.994E-05 9.994E-05 9.994E-05 0.9993 9.994E-05 9.994E-05 9.994E-05 9.994E-05
9.994E-05 9.994E-05 9.994E-05 0.9993 9.994E-05 9.994E-05 9.994E-05 9.994E-05
9.994E-05 9.994E-05 9.994E-05 0.9993 9.994E-05 9.994E-05 9.994E-05 9.994E-05
9.994E-05 9.994E-05 9.994E-05 0.9993 9.994E-05 9.994E-05 9.994E-05 9.994E-05
9.994E-05 9.994E-05 9.994E-05 0.9993 9.994E-05 9.994E-05 9.994E-05 9.994E-05
9.994E-05 9.994E-05 9.994E-05 0.9993 9.994E-05 9.994E-05 9.994E-05 9.994E-05
9.994E-05 9.994E-05 9.994E-05 0.9993 9.994E-05 9.994E-05 9.994E-05 9.994E-05
9.994E-05 9.994E-05 9.994E-05 0.9993 9.994E-05 9.994E-05 9.994E-05 9.994E-05
9.994E-05 9.994E-05 9.994E-05 0.9993 9.994E-05 9.994E-05 9.994E-05 9.994E-05
9.994E-05 9.994E-05 9.994E-05 0.9993 9.994E-05 9.994E-05 9.994E-05 9.994E-05
9.994E-05 9.994E-05 9.994E-05 0.9993 9.994E-05 9.994E-05 9.994E-05 9.994E-05
9.994E-05 9.994E-05 9.994E-05 0.9993 9.994E-05 9.994E-05 9.994E-05 9.994E-05
9.994E-05 9.994E-05 9.994E-05 0.9993 9.994E-05 9.994E-05 9.994E-05 9.994E-05
