9.99297E-05 9.99297E-05 0.0145932 0.530405 0.0768973 9.99297E-05 9.99297E-05 0.263321 9.99297E-05 9.99297E-05 9.99297E-05 9.99297E-05 0.113984
0.00535377 9.99298E-05 9.99298E-05 0.813075 9.99298E-05 9.99298E-05 9.99298E-05 0.141159 9.99298E-05 9.99298E-05 0.0121252 9.99298E-05 0.0274882
9.99297E-05 9.99297E-05 9.99297E-05 0.887691 9.99297E-05 0.00212381 0.0293006 9.99297E-05 0.0470968 0.0329879 9.99297E-05 9.99297E-05 9.99297E-05
0.353576 9.99561E-05 9.99561E-05 0.283395 0.0265331 0.00772991 9.99561E-05 9.99561E-05 0.0865867 0.0503421 0.0732665 9.99561E-05 0.118071
9.99122E-05 9.99122E-05 9.99122E-05 0.850948 9.99122E-05 9.99122E-05 0.144848 9.99122E-05 9.99122E-05 0.00320527 9.99122E-05 9.99122E-05 9.99122E-05
0.0713363 9.99473E-05 0.0928927 0.336047 9.99473E-05 9.99473E-05 0.148533 0.0523046 0.10946 0.188827 9.99473E-05 9.99473E-05 9.99473E-05
0.241713 9.99298E-05 9.99298E-05 0.295919 9.99298E-05 0.119426 9.99298E-05 0.206366 9.99298E-05 9.99298E-05 9.99298E-05 9.99298E-05 0.135777
0.00502464 0.104715 0.314451 0.261565 9.99649E-05 9.99649E-05 0.071458 9.99649E-05 0.00422158 0.174448 9.99649E-05 0.00814334 0.0555733
9.99385E-05 9.99385E-05 9.99385E-05 0.228938 0.182575 9.99385E-05 9.99385E-05 0.297957 9.99385E-05 0.244106 0.0342431 9.99385E-05 0.0114812
9.99122E-05 9.99122E-05 9.99122E-05 0.940118 9.99122E-05 9.99122E-05 9.99122E-05 0.0153328 9.99122E-05 9.99122E-05 9.99122E-05 0.0435501 9.99122E-05
9.99297E-05 9.99297E-05 9.99297E-05 0.515713 9.99297E-05 9.99297E-05 9.99297E-05 0.284549 9.99297E-05 0.0178532 0.0275498 9.99297E-05 0.153536
0.0444486 0.0469128 9.99298E-05 0.876066 9.99298E-05 9.99298E-05 9.99298E-05 9.99298E-05 9.99298E-05 9.99298E-05 0.0258847 0.00588804 9.99298E-05
0.00419668 9.99122E-05 9.99122E-05 0.921415 9.99122E-05 9.99122E-05 9.99122E-05 0.0733889 9.99122E-05 9.99122E-05 9.99122E-05 9.99122E-05 9.99122E-05
9.99386E-05 0.0318261 9.99386E-05 0.653777 9.99386E-05 9.99386E-05 9.99386E-05 0.0915617 0.196062 9.99386E-05 0.0139441 9.99386E-05 0.0121294
0.137537 9.99473E-05 9.99473E-05 0.391934 9.99473E-05 9.99473E-05 9.99473E-05 0.261138 0.0785656 0.0980875 0.00484594 0.0272916 9.99473E-05
0.121148 0.12053 9.99297E-05 0.331767 9.99297E-05 9.99297E-05 9.99297E-05 0.236424 9.99297E-05 0.189331 9.99297E-05 9.99297E-05 9.99297E-05
0.00460638 0.0328894 9.99474E-05 0.636993 9.99474E-05 0.00687031 9.99474E-05 0.161292 0.0889889 9.99474E-05 9.99474E-05 9.99474E-05 0.0677604
9.99386E-05 9.99386E-05 9.99386E-05 0.2476 0.0975275 9.99386E-05 9.99386E-05 0.247046 9.99386E-05 0.0425109 0.178932 0.185684 9.99386E-05
0.221899 9.99385E-05 9.99385E-05 0.397397 9.99385E-05 9.99385E-05 9.99385E-05 0.147502 9.99385E-05 0.172833 9.99385E-05 0.0303961 0.0292735
9.99035E-05 9.99035E-05 9.99035E-05 0.928444 9.99035E-05 9.99035E-05 9.99035E-05 9.99035E-05 9.99035E-05 9.99035E-05 0.0704573 9.99035E-05 9.99035E-05
0.160328 0.187925 9.99561E-05 0.426679 0.0449107 9.99561E-05 0.0127223 9.99561E-05 9.99561E-05 0.0969361 0.0404071 9.99561E-05 0.029592
0.190701 9.99474E-05 9.99474E-05 0.307033 9.99474E-05 9.99474E-05 0.149461 0.0695833 9.99474E-05 0.197827 9.99474E-05 0.0406789 0.0441161
9.99211E-05 9.99211E-05 9.99211E-05 0.707968 9.99211E-05 9.99211E-05 9.99211E-05 0.174097 9.99211E-05 0.00918615 9.99211E-05 9.99211E-05 0.107849
0.0584709 0.0514265 9.99298E-05 0.393076 0.123045 9.99298E-05 9.99298E-05 0.373182 9.99298E-05 9.99298E-05 9.99298E-05 9.99298E-05 9.99298E-05
0.0984244 0.0447725 9.99649E-05 0.222916 0.01343 9.99649E-05 9.99649E-05 0.140629 0.162715 0.0749061 0.163647 9.99649E-05 0.0781602
0.102562 9.99385E-05 9.99385E-05 0.662633 9.99385E-05 9.99385E-05 9.99385E-05 0.0580898 0.152876 0.00550833 9.99385E-05 9.99385E-05 0.0176319
0.0675805 0.136323 9.99561E-05 0.0705762 9.99561E-05 9.99561E-05 9.99561E-05 0.238179 0.292625 0.0326382 9.99561E-05 0.148999 0.0125793
0.164267 9.99122E-05 9.99122E-05 0.798112 9.99122E-05 9.99122E-05 9.99122E-05 0.0366224 9.99122E-05 9.99122E-05 9.99122E-05 9.99122E-05 9.99122E-05
9.99298E-05 9.99298E-05 9.99298E-05 0.681796 0.022693 9.99298E-05 9.99298E-05 0.190101 9.99298E-05 9.99298E-05 0.103989 9.99298E-05 0.00062126
9.99386E-05 9.99386E-05 9.99386E-05 0.793353 9.99386E-05 0.0305189 9.99386E-05 0.080461 0.0665863 0.0195406 9.99386E-05 0.00884064 9.99386E-05
0.0401372 9.99473E-05 9.99473E-05 0.69028 9.99473E-05 9.99473E-05 9.99473E-05 0.0831723 9.99473E-05 0.0322167 0.0210313 0.0114618 0.121101
0.147369 9.99298E-05 9.99298E-05 0.552446 9.99298E-05 9.99298E-05 9.99298E-05 0.00926629 0.239796 9.99298E-05 9.99298E-05 9.99298E-05 0.0503229
9.99297E-05 0.0548423 9.99297E-05 0.570654 9.99297E-05 9.99297E-05 9.99297E-05 0.247948 9.99297E-05 0.0314333 9.99297E-05 9.99297E-05 0.0943235
0.022392 9.99473E-05 9.99473E-05 0.471259 9.99473E-05 0.0422822 9.99473E-05 0.163454 0.237622 9.99473E-05 0.0471673 0.0152244 9.99473E-05
0.0236698 9.99298E-05 9.99298E-05 0.825956 9.99298E-05 9.99298E-05 9.99298E-05 9.99298E-05 9.99298E-05 9.99298E-05 0.054176 0.062301 0.0330976
0.187807 9.99386E-05 9.99386E-05 0.590216 0.0648301 9.99386E-05 9.99386E-05 0.0346719 9.99386E-05 0.0214484 9.99386E-05 9.99386E-05 0.100328
0.0721002 0.0263459 9.99211E-05 0.875972 9.99211E-05 9.99211E-05 9.99211E-05 9.99211E-05 9.99211E-05 9.99211E-05 9.99211E-05 9.99211E-05 0.024683
9.99298E-05 9.99298E-05 9.99298E-05 0.657794 9.99298E-05 9.99298E-05 9.99298E-05 0.0491248 0.0629873 0.131496 0.0977985 9.99298E-05 9.99298E-05
9.99298E-05 9.99298E-05 9.99298E-05 0.530166 9.99298E-05 9.99298E-05 0.0942475 0.221473 0.131231 9.99298E-05 9.99298E-05 9.99298E-05 0.0220823
9.99385E-05 0.0992134 9.99385E-05 0.566916 9.99385E-05 0.0628482 9.99385E-05 0.0637761 0.203178 9.99385E-05 9.99385E-05 9.99385E-05 0.00336815
0.074368 9.99298E-05 9.99298E-05 0.843642 9.99298E-05 9.99298E-05 9.99298E-05 0.0392342 9.99298E-05 0.0136002 9.99298E-05 9.99298E-05 0.0283562
9.9921E-05 9.9921E-05 9.9921E-05 0.650881 0.0710813 9.9921E-05 9.9921E-05 0.229041 9.9921E-05 0.0480973 9.9921E-05 9.9921E-05 9.9921E-05
9.99298E-05 0.0223346 0.0220295 0.861567 9.99298E-05 0.0719266 9.99298E-05 9.99298E-05 0.0213426 9.99298E-05 9.99298E-05 9.99298E-05 9.99298E-05
9.99385E-05 9.99385E-05 0.000134248 0.448346 0.0687562 9.99385E-05 9.99385E-05 0.304195 9.99385E-05 0.110319 9.99385E-05 9.99385E-05 0.0675501
0.264605 9.99386E-05 9.99386E-05 0.295848 9.99386E-05 9.99386E-05 0.0341056 0.31161 9.99386E-05 9.99386E-05 0.0124263 9.99386E-05 0.0807056
0.0349797 9.99122E-05 9.99122E-05 0.921416 9.99122E-05 9.99122E-05 9.99122E-05 9.99122E-05 9.99122E-05 9.99122E-05 0.0426052 9.99122E-05 9.99122E-05
9.99298E-05 9.99298E-05 9.99298E-05 0.863472 9.99298E-05 9.99298E-05 9.99298E-05 0.0382496 9.99298E-05 0.0311878 9.99298E-05 0.0538546 0.0124368
9.99035E-05 9.99035E-05 9.99035E-05 0.95643 9.99035E-05 9.99035E-05 9.99035E-05 0.0424706 9.99035E-05 9.99035E-05 9.99035E-05 9.99035E-05 9.99035E-05
0.124496 0.00478951 9.99297E-05 0.703449 9.99297E-05 9.99297E-05 9.99297E-05 0.127097 9.99297E-05 9.99297E-05 9.99297E-05 9.99297E-05 0.0393696
9.994E-05 9.994E-05 0.00657707 0.760828 9.994E-05 0.15449 0.0392054 9.994E-05 9.994E-05 0.00557975 0.00594816 9.994E-05 0.0267716
9.99473E-05 0.0428389 9.99473E-05 0.254128 0.095162 9.99473E-05 9.99473E-05 0.246603 0.166126 0.0290528 9.99473E-05 9.99473E-05 0.165489
0.132579 9.99386E-05 9.99386E-05 0.675962 0.0708745 9.99386E-05 0.0826724 9.99386E-05 9.99386E-05 0.01306 0.0241524 9.99386E-05 9.99386E-05
9.99122E-05 9.99122E-05 9.99122E-05 0.899212 9.99122E-05 9.99122E-05 9.99122E-05 0.04117 9.99122E-05 9.99122E-05 9.99122E-05 0.0586187 9.99122E-05
9.99474E-05 0.179456 9.99474E-05 0.611299 9.99474E-05 0.0274783 9.99474E-05 0.0101449 0.0841782 0.0664864 0.0203573 9.99474E-05 9.99474E-05
9.99298E-05 9.99298E-05 9.99298E-05 0.778332 0.0915302 9.99298E-05 0.0192594 0.075955 9.99298E-05 9.99298E-05 9.99298E-05 0.0341238 9.99298E-05
9.99298E-05 0.0582882 9.99298E-05 0.586879 9.99298E-05 9.99298E-05 0.0407887 9.99298E-05 0.207259 9.99298E-05 0.105986 9.99298E-05 9.99298E-05
0.165356 9.9921E-05 9.9921E-05 0.727702 9.9921E-05 9.9921E-05 9.9921E-05 0.0299304 9.9921E-05 9.9921E-05 9.9921E-05 0.0761123 9.9921E-05
0.0944876 9.99123E-05 9.99123E-05 0.822708 9.99123E-05 9.99123E-05 9.99123E-05 9.99123E-05 9.99123E-05 9.99123E-05 9.99123E-05 9.99123E-05 0.0818055
9.99385E-05 9.99385E-05 0.0318957 0.841649 9.99385E-05 0.0291626 9.99385E-05 0.0543819 9.99385E-05 0.00704847 9.99385E-05 9.99385E-05 0.035163
9.99385E-05 9.99385E-05 0.230718 0.096622 9.99385E-05 9.99385E-05 9.99385E-05 0.562257 0.00251383 0.0564698 9.99385E-05 9.99385E-05 0.0507197
0.14131 9.99299E-05 0.154839 0.363541 0.000374328 9.99299E-05 9.99299E-05 0.339136 9.99299E-05 9.99299E-05 9.99299E-05 9.99299E-05 9.99299E-05
9.99562E-05 9.99562E-05 0.146753 0.346655 9.99562E-05 0.0359296 9.99562E-05 0.268154 0.050501 0.0472424 9.99562E-05 0.101665 0.00259989
9.99298E-05 9.99298E-05 9.99298E-05 9.99298E-05 9.99298E-05 0.106554 9.99298E-05 0.425844 0.248916 0.184309 9.99298E-05 0.0335783 9.99298E-05
0.14139 9.99649E-05 0.0471678 0.0834602 9.99649E-05 0.0749703 9.99649E-05 0.342081 9.99649E-05 0.133409 0.0227439 0.0988638 0.0555131
9.99385E-05 9.99385E-05 0.142706 9.99385E-05 0.0353088 9.99385E-05 9.99385E-05 0.66192 9.99385E-05 0.118673 9.99385E-05 0.00197721 0.0387149
0.123885 9.99386E-05 9.99386E-05 0.00819933 9.99386E-05 0.00945205 9.99386E-05 0.746923 9.99386E-05 0.0283636 9.99386E-05 9.99386E-05 0.0824778
9.99473E-05 9.99473E-05 0.101937 9.99473E-05 9.99473E-05 0.0528227 9.99473E-05 0.592321 0.0214373 0.110903 9.99473E-05 0.104985 0.0149952
9.99474E-05 9.99474E-05 0.123201 0.22534 0.0383103 0.0205465 9.99474E-05 0.455393 0.113373 9.99474E-05 9.99474E-05 0.0232356 9.99474E-05
0.0665321 9.99386E-05 0.130953 0.292038 9.99386E-05 9.99386E-05 9.99386E-05 0.377806 9.99386E-05 0.039922 9.99386E-05 9.99386E-05 0.0920486
0.00526275 9.99297E-05 9.99297E-05 9.99297E-05 9.99297E-05 9.99297E-05 9.99297E-05 0.62027 9.99297E-05 0.103671 9.99297E-05 0.0952209 0.174776
0.235237 9.99386E-05 0.0432398 9.99386E-05 9.99386E-05 0.0945883 9.99386E-05 0.494626 9.99386E-05 0.0217915 9.99386E-05 9.99386E-05 0.109818
0.078914 0.0279004 0.0697875 0.00168787 9.99737E-05 0.00315041 0.134391 0.239913 0.1043 0.205201 9.99737E-05 9.99737E-05 0.134455
0.0505756 9.99473E-05 0.0155756 0.0452607 9.99473E-05 0.0781817 0.0886096 0.684004 9.99473E-05 0.037193 9.99473E-05 9.99473E-05 9.99473E-05
9.996E-05 0.0200885 0.185733 0.310673 0.020751 0.014143 9.996E-05 0.228169 0.137051 0.017066 9.996E-05 9.996E-05 0.0659247
0.0389699 9.99474E-05 0.112886 0.239164 9.99474E-05 9.99474E-05 9.99474E-05 0.440549 0.0360907 0.0647012 9.99474E-05 9.99474E-05 0.0670392
0.0806067 9.99297E-05 0.318078 9.99297E-05 9.99297E-05 0.0712687 9.99297E-05 0.39767 0.131577 9.99297E-05 9.99297E-05 9.99297E-05 9.99297E-05
0.398339 9.99386E-05 9.99386E-05 0.0827667 9.99386E-05 9.99386E-05 9.99386E-05 0.173382 9.99386E-05 0.137655 9.99386E-05 0.0527026 0.154455
0.142885 9.99386E-05 9.99386E-05 0.165548 9.99386E-05 9.99386E-05 9.99386E-05 0.443237 9.99386E-05 0.022572 9.99386E-05 0.102593 0.122465
9.99297E-05 0.0920157 0.130281 9.99297E-05 9.99297E-05 9.99297E-05 9.99297E-05 0.715168 9.99297E-05 9.99297E-05 9.99297E-05 0.0044885 0.0572472
9.99387E-05 9.99387E-05 0.121686 0.289415 9.99387E-05 0.0488687 9.99387E-05 0.436985 0.0895328 9.99387E-05 9.99387E-05 9.99387E-05 0.0128136
0.134878 0.00276606 0.115961 0.0339882 9.99649E-05 0.103711 9.99649E-05 0.428026 0.117551 0.00531467 9.99649E-05 0.0574046 9.99649E-05
9.99474E-05 0.0115898 9.99474E-05 0.208225 9.99474E-05 9.99474E-05 9.99474E-05 0.39765 0.243198 0.0331267 9.99474E-05 0.0678858 0.0377253
0.100892 9.99561E-05 0.193076 0.145145 0.0993448 9.99561E-05 9.99561E-05 0.296455 0.0223956 0.0700695 9.99561E-05 0.0721221 9.99561E-05
0.0429176 9.99473E-05 0.140983 0.234233 9.99473E-05 9.99473E-05 9.99473E-05 0.288068 0.0216463 0.0387727 9.99473E-05 9.99473E-05 0.232779
9.99387E-05 9.99387E-05 9.99387E-05 0.327402 9.99387E-05 9.99387E-05 9.99387E-05 0.42552 0.0844081 0.0634233 0.0198039 9.99387E-05 0.0787428
9.99298E-05 9.99298E-05 0.242081 0.423394 9.99298E-05 9.99298E-05 9.99298E-05 0.28266 9.99298E-05 0.0354991 9.99298E-05 0.0155661 9.99298E-05
0.0568665 9.99387E-05 0.118299 0.267305 0.00252346 0.0315492 9.99387E-05 0.522757 9.99387E-05 9.99387E-05 9.99387E-05 9.99387E-05 9.99387E-05
9.99299E-05 9.99299E-05 0.0152097 0.275324 9.99299E-05 9.99299E-05 9.99299E-05 0.364344 9.99299E-05 0.0750752 9.99299E-05 0.269248 9.99299E-05
9.99387E-05 0.0501658 9.99387E-05 0.319831 9.99387E-05 9.99387E-05 0.00383871 0.366559 0.106108 0.152798 9.99387E-05 9.99387E-05 9.99387E-05
9.99209E-05 9.99209E-05 9.99209E-05 9.99209E-05 9.99209E-05 9.99209E-05 0.00568829 0.067735 0.774988 0.15069 9.99209E-05 9.99209E-05 9.99209E-05
9.98949E-05 9.98949E-05 9.98949E-05 9.98949E-05 9.98949E-05 9.98949E-05 9.98949E-05 9.98949E-05 0.998801 9.98949E-05 9.98949E-05 9.98949E-05 9.98949E-05
9.99297E-05 9.99297E-05 9.99297E-05 9.99297E-05 9.99297E-05 9.99297E-05 0.0468085 0.0943785 0.710631 9.99297E-05 9.99297E-05 0.0823366 0.0650458
9.99296E-05 9.99296E-05 9.99296E-05 9.99296E-05 9.99296E-05 9.99296E-05 9.99296E-05 0.0421077 0.683878 0.184213 0.0242437 9.99296E-05 0.0647588
9.99297E-05 9.99297E-05 0.00225693 9.99297E-05 0.0755189 0.00903317 9.99297E-05 9.99297E-05 0.760065 0.152326 9.99297E-05 9.99297E-05 9.99297E-05
0.032849 9.9921E-05 9.9921E-05 9.9921E-05 9.9921E-05 9.9921E-05 9.9921E-05 0.13281 0.568252 0.26519 9.9921E-05 9.9921E-05 9.9921E-05
9.99297E-05 9.99297E-05 9.99297E-05 9.99297E-05 9.99297E-05 9.99297E-05 9.99297E-05 0.0481151 0.637103 0.178692 9.99297E-05 0.104853 0.030437
9.99297E-05 9.99297E-05 9.99297E-05 9.99297E-05 9.99297E-05 9.99297E-05 9.99297E-05 0.0831734 0.626883 0.21899 0.0300291 0.0401249 9.99297E-05
9.99209E-05 9.99209E-05 9.99209E-05 9.99209E-05 9.99209E-05 9.99209E-05 9.99209E-05 0.253918 0.28142 0.433633 9.99209E-05 9.99209E-05 0.0301301
0.0198368 9.994E-05 9.994E-05 9.994E-05 9.994E-05 0.0270494 0.0191238 0.243785 0.424487 0.238554 9.994E-05 0.0265649 9.994E-05
9.9921E-05 9.9921E-05 9.9921E-05 9.9921E-05 9.9921E-05 9.9921E-05 9.9921E-05 0.149818 0.780084 0.0396606 9.9921E-05 9.9921E-05 0.0295384
9.9921E-05 9.9921E-05 9.9921E-05 9.9921E-05 9.9921E-05 9.9921E-05 9.9921E-05 0.126242 0.684029 9.9921E-05 0.0413302 9.9921E-05 0.147499
9.9921E-05 9.9921E-05 9.9921E-05 9.9921E-05 9.9921E-05 9.9921E-05 9.9921E-05 9.9921E-05 0.804941 0.12343 9.9921E-05 0.046973 0.023757
9.9921E-05 9.9921E-05 0.030081 9.9921E-05 9.9921E-05 9.9921E-05 9.9921E-05 0.123668 0.720761 0.12459 9.9921E-05 9.9921E-05 9.9921E-05
9.99297E-05 0.0336682 9.99297E-05 9.99297E-05 9.99297E-05 9.99297E-05 9.99297E-05 9.99297E-05 0.701808 0.100492 9.99297E-05 0.159758 0.00347459
9.99297E-05 9.99297E-05 0.0832109 9.99297E-05 9.99297E-05 9.99297E-05 9.99297E-05 0.267272 0.554926 0.0725794 9.99297E-05 9.99297E-05 0.0212122
9.99297E-05 9.99297E-05 9.99297E-05 9.99297E-05 9.99297E-05 9.99297E-05 9.99297E-05 0.27385 0.550867 0.0897504 0.039222 0.0455106 9.99297E-05
9.99386E-05 9.99386E-05 0.0699413 0.0077776 9.99386E-05 0.0752911 9.99386E-05 9.99386E-05 0.605992 0.141275 9.99386E-05 9.99386E-05 0.099023
9.9921E-05 9.9921E-05 9.9921E-05 9.9921E-05 9.9921E-05 0.0175933 9.9921E-05 9.9921E-05 0.889648 0.0796616 9.9921E-05 9.9921E-05 0.0121973
0.0367433 9.9921E-05 9.9921E-05 9.9921E-05 9.9921E-05 9.9921E-05 9.9921E-05 9.9921E-05 0.713983 0.0925669 0.155808 9.9921E-05 9.9921E-05
9.99209E-05 9.99209E-05 9.99209E-05 9.99209E-05 9.99209E-05 9.99209E-05 0.0716001 0.131832 0.726409 0.0692598 9.99209E-05 9.99209E-05 9.99209E-05
9.99385E-05 0.00308437 0.00154889 9.99385E-05 9.99385E-05 9.99385E-05 9.99385E-05 9.99385E-05 0.816906 0.0924482 9.99385E-05 0.0719996 0.0133136
9.99298E-05 9.99298E-05 9.99298E-05 9.99298E-05 9.99298E-05 9.99298E-05 0.0229739 0.268319 0.298906 0.289315 0.119687 9.99298E-05 9.99298E-05
9.99298E-05 9.99298E-05 9.99298E-05 9.99298E-05 0.0570642 9.99298E-05 9.99298E-05 9.99298E-05 0.71072 0.153486 0.0209304 9.99298E-05 0.0569999
9.99385E-05 9.99385E-05 9.99385E-05 9.99385E-05 0.0528057 9.99385E-05 0.0127146 0.254799 0.338723 0.221236 0.119021 9.99385E-05 9.99385E-05
9.99211E-05 9.99211E-05 9.99211E-05 9.99211E-05 9.99211E-05 9.99211E-05 9.99211E-05 0.150025 0.74662 0.0970431 9.99211E-05 0.00541217 9.99211E-05
9.99211E-05 9.99211E-05 9.99211E-05 0.0341051 0.107456 9.99211E-05 9.99211E-05 9.99211E-05 0.852906 9.99211E-05 0.00463307 9.99211E-05 9.99211E-05
0.0822594 9.99296E-05 9.99296E-05 9.99296E-05 9.99296E-05 9.99296E-05 0.0396685 9.99296E-05 0.697842 0.161173 0.0182568 9.99296E-05 9.99296E-05
9.99122E-05 9.99122E-05 9.99122E-05 9.99122E-05 9.99122E-05 9.99122E-05 9.99122E-05 0.211456 0.507208 0.280336 9.99122E-05 9.99122E-05 9.99122E-05
9.99385E-05 9.99385E-05 9.99385E-05 9.99385E-05 9.99385E-05 9.99385E-05 0.0613785 0.0484296 0.741683 0.000571366 0.0965199 9.99385E-05 0.0507185
9.99298E-05 0.0291497 9.99298E-05 9.99298E-05 9.99298E-05 9.99298E-05 9.99298E-05 0.203722 0.645656 0.0958921 9.99298E-05 9.99298E-05 0.0247812
9.99121E-05 0.120732 9.99121E-05 9.99121E-05 9.99121E-05 9.99121E-05 9.99121E-05 9.99121E-05 0.839787 9.99121E-05 9.99121E-05 9.99121E-05 0.0384825
9.99297E-05 9.99297E-05 9.99297E-05 9.99297E-05 9.99297E-05 9.99297E-05 0.0728878 0.111111 0.291177 0.325264 0.19876 9.99297E-05 9.99297E-05
0.0428832 9.99297E-05 9.99297E-05 9.99297E-05 9.99297E-05 9.99297E-05 9.99297E-05 0.0590597 0.704963 0.104642 0.0876526 9.99297E-05 9.99297E-05
9.99034E-05 9.99034E-05 9.99034E-05 9.99034E-05 9.99034E-05 9.99034E-05 9.99034E-05 9.99034E-05 0.988284 0.0106173 9.99034E-05 9.99034E-05 9.99034E-05
0.0874807 0.00241955 9.99385E-05 9.99385E-05 9.99385E-05 0.0024985 9.99385E-05 9.99385E-05 0.758475 0.105062 9.99385E-05 9.99385E-05 0.0433645
9.99297E-05 9.99297E-05 9.99297E-05 9.99297E-05 9.99297E-05 9.99297E-05 9.99297E-05 0.214017 0.490258 0.203085 9.99297E-05 0.0739094 0.0179313
9.99036E-05 9.99036E-05 9.99036E-05 9.99036E-05 9.99036E-05 9.99036E-05 9.99036E-05 9.99036E-05 0.988893 0.0100085 9.99036E-05 9.99036E-05 9.99036E-05
9.9921E-05 9.9921E-05 9.9921E-05 9.9921E-05 9.9921E-05 9.9921E-05 9.9921E-05 9.9921E-05 0.933259 0.0289317 0.0258845 0.0110259 9.9921E-05
9.99123E-05 9.99123E-05 9.99123E-05 9.99123E-05 9.99123E-05 9.99123E-05 9.99123E-05 9.99123E-05 0.98298 0.00105717 0.0149636 9.99123E-05 9.99123E-05
9.99036E-05 9.99036E-05 9.99036E-05 9.99036E-05 9.99036E-05 9.99036E-05 9.99036E-05 9.99036E-05 0.952206 0.0466946 9.99036E-05 9.99036E-05 9.99036E-05
9.99209E-05 9.99209E-05 9.99209E-05 9.99209E-05 9.99209E-05 9.99209E-05 0.0238084 0.475465 0.360258 0.13957 9.99209E-05 9.99209E-05 9.99209E-05
9.99122E-05 9.99122E-05 9.99122E-05 9.99122E-05 9.99122E-05 9.99122E-05 0.115349 9.99122E-05 0.705223 0.178429 9.99122E-05 9.99122E-05 9.99122E-05
9.99211E-05 9.99211E-05 9.99211E-05 9.99211E-05 9.99211E-05 9.99211E-05 9.99211E-05 0.024694 0.762501 0.155479 0.0564267 9.99211E-05 9.99211E-05
9.99036E-05 9.99036E-05 9.99036E-05 0.0655555 9.99036E-05 9.99036E-05 9.99036E-05 9.99036E-05 0.933346 9.99036E-05 9.99036E-05 9.99036E-05 9.99036E-05
9.99385E-05 9.99385E-05 9.99385E-05 9.99385E-05 9.99385E-05 0.104109 9.99385E-05 0.212682 0.352293 0.17082 9.99385E-05 0.128806 0.0305902
9.995E-05 0.026443 9.995E-05 9.995E-05 0.011169 9.995E-05 9.995E-05 0.13015 0.611134 0.087409 0.0125802 0.106972 0.0136429
9.99299E-05 0.0348884 9.99299E-05 9.99299E-05 0.0887008 9.99299E-05 9.99299E-05 0.206406 0.451853 0.217352 9.99299E-05 9.99299E-05 9.99299E-05
9.99473E-05 9.99473E-05 9.99473E-05 9.99473E-05 0.00468573 0.00972958 9.99473E-05 0.219216 0.324581 0.313271 0.0839186 9.99473E-05 0.0439991
9.98948E-05 9.98948E-05 9.98948E-05 9.98948E-05 9.98948E-05 9.98948E-05 9.98948E-05 9.98948E-05 0.998801 9.98948E-05 9.98948E-05 9.98948E-05 9.98948E-05
0.260619 9.99209E-05 9.99209E-05 9.99209E-05 9.99209E-05 0.035821 9.99209E-05 0.102959 0.599702 9.99209E-05 9.99209E-05 9.99209E-05 9.99209E-05
9.99036E-05 9.99036E-05 9.99036E-05 9.99036E-05 9.99036E-05 9.99036E-05 9.99036E-05 9.99036E-05 0.888575 0.110326 9.99036E-05 9.99036E-05 9.99036E-05
9.99123E-05 9.99123E-05 9.99123E-05 9.99123E-05 9.99123E-05 9.99123E-05 9.99123E-05 0.144428 0.731177 0.123396 9.99123E-05 9.99123E-05 9.99123E-05
9.99385E-05 0.111908 9.99385E-05 9.99385E-05 9.99385E-05 0.00673502 9.99385E-05 0.0289774 0.708101 0.127309 9.99385E-05 0.0162706 9.99385E-05
0.12254 9.99296E-05 9.99296E-05 9.99296E-05 9.99296E-05 9.99296E-05 9.99296E-05 9.99296E-05 0.778761 0.042283 9.99296E-05 0.0208729 0.0347435
9.99209E-05 9.99209E-05 9.99209E-05 9.99209E-05 9.99209E-05 9.99209E-05 9.99209E-05 0.411055 0.343765 0.224344 0.0199361 9.99209E-05 9.99209E-05
9.99121E-05 9.99121E-05 9.99121E-05 9.99121E-05 9.99121E-05 9.99121E-05 9.99121E-05 9.99121E-05 0.790371 0.156496 9.99121E-05 9.99121E-05 0.052134
9.99297E-05 0.0329462 9.99297E-05 9.99297E-05 9.99297E-05 9.99297E-05 9.99297E-05 0.00664776 0.765124 0.0926269 9.99297E-05 9.99297E-05 0.101856
9.99034E-05 9.99034E-05 9.99034E-05 9.99034E-05 9.99034E-05 9.99034E-05 9.99034E-05 9.99034E-05 0.820199 9.99034E-05 0.178702 9.99034E-05 9.99034E-05
9.99035E-05 9.99035E-05 9.99035E-05 9.99035E-05 9.99035E-05 9.99035E-05 9.99035E-05 9.99035E-05 0.823613 0.175288 9.99035E-05 9.99035E-05 9.99035E-05
9.98944E-05 9.98944E-05 9.98944E-05 9.98944E-05 9.98944E-05 9.98944E-05 9.98944E-05 0.998801 9.98944E-05 9.98944E-05 9.98944E-05 9.98944E-05 9.98944E-05
9.98944E-05 9.98944E-05 9.98944E-05 9.98944E-05 9.98944E-05 9.98944E-05 9.98944E-05 9.98944E-05 9.98944E-05 0.998801 9.98944E-05 9.98944E-05 9.98944E-05
9.98944E-05 9.98944E-05 9.98944E-05 9.98944E-05 9.98944E-05 9.98944E-05 9.98944E-05 0.998801 9.98944E-05 9.98944E-05 9.98944E-05 9.98944E-05 9.98944E-05
9.98944E-05 9.98944E-05 9.98944E-05 9.98944E-05 9.98944E-05 9.98944E-05 9.98944E-05 9.98944E-05 9.98944E-05 0.998801 9.98944E-05 9.98944E-05 9.98944E-05
9.98943E-05 9.98943E-05 9.98943E-05 9.98943E-05 9.98943E-05 9.98943E-05 9.98943E-05 9.98943E-05 9.98943E-05 0.998801 9.98943E-05 9.98943E-05 9.98943E-05
9.98944E-05 9.98944E-05 9.98944E-05 9.98944E-05 9.98944E-05 9.98944E-05 9.98944E-05 9.98944E-05 9.98944E-05 0.998801 9.98944E-05 9.98944E-05 9.98944E-05
9.98943E-05 9.98943E-05 9.98943E-05 9.98943E-05 9.98943E-05 9.98943E-05 9.98943E-05 0.998801 9.98943E-05 9.98943E-05 9.98943E-05 9.98943E-05 9.98943E-05
9.98944E-05 9.98944E-05 9.98944E-05 9.98944E-05 9.98944E-05 9.98944E-05 9.98944E-05 9.98944E-05 9.98944E-05 0.998801 9.98944E-05 9.98944E-05 9.98944E-05
9.98944E-05 9.98944E-05 9.98944E-05 9.98944E-05 9.98944E-05 9.98944E-05 9.98944E-05 9.98944E-05 9.98944E-05 0.998801 9.98944E-05 9.98944E-05 9.98944E-05
9.99032E-05 9.99032E-05 9.99032E-05 9.99032E-05 9.99032E-05 9.99032E-05 9.99032E-05 0.937222 9.99032E-05 9.99032E-05 9.99032E-05 0.0616791 9.99032E-05
9.98943E-05 9.98943E-05 9.98943E-05 9.98943E-05 9.98943E-05 9.98943E-05 9.98943E-05 0.998801 9.98943E-05 9.98943E-05 9.98943E-05 9.98943E-05 9.98943E-05
9.98943E-05 9.98943E-05 9.98943E-05 9.98943E-05 9.98943E-05 9.98943E-05 9.98943E-05 0.998801 9.98943E-05 9.98943E-05 9.98943E-05 9.98943E-05 9.98943E-05
9.98943E-05 9.98943E-05 9.98943E-05 9.98943E-05 9.98943E-05 9.98943E-05 9.98943E-05 9.98943E-05 9.98943E-05 0.998801 9.98943E-05 9.98943E-05 9.98943E-05
9.98944E-05 9.98944E-05 9.98944E-05 9.98944E-05 9.98944E-05 9.98944E-05 9.98944E-05 9.98944E-05 9.98944E-05 0.998801 9.98944E-05 9.98944E-05 9.98944E-05
9.98944E-05 9.98944E-05 9.98944E-05 9.98944E-05 9.98944E-05 9.98944E-05 9.98944E-05 0.998801 9.98944E-05 9.98944E-05 9.98944E-05 9.98944E-05 9.98944E-05
9.98943E-05 9.98943E-05 9.98943E-05 9.98943E-05 9.98943E-05 9.98943E-05 9.98943E-05 0.998801 9.98943E-05 9.98943E-05 9.98943E-05 9.98943E-05 9.98943E-05
0.196163 9.99472E-05 9.99472E-05 9.99472E-05 0.0863967 0.0866492 9.99472E-05 0.079152 0.400715 0.10541 0.0449142 9.99472E-05 9.99472E-05
9.98944E-05 9.98944E-05 9.98944E-05 9.98944E-05 9.98944E-05 9.98944E-05 9.98944E-05 0.998801 9.98944E-05 9.98944E-05 9.98944E-05 9.98944E-05 9.98944E-05
9.98944E-05 9.98944E-05 9.98944E-05 9.98944E-05 9.98944E-05 9.98944E-05 9.98944E-05 9.98944E-05 9.98944E-05 0.998801 9.98944E-05 9.98944E-05 9.98944E-05
9.98944E-05 9.98944E-05 9.98944E-05 9.98944E-05 9.98944E-05 9.98944E-05 9.98944E-05 0.998801 9.98944E-05 9.98944E-05 9.98944E-05 9.98944E-05 9.98944E-05
9.98943E-05 9.98943E-05 9.98943E-05 9.98943E-05 9.98943E-05 9.98943E-05 9.98943E-05 0.998801 9.98943E-05 9.98943E-05 9.98943E-05 9.98943E-05 9.98943E-05
9.98944E-05 9.98944E-05 9.98944E-05 9.98944E-05 9.98944E-05 9.98944E-05 9.98944E-05 0.998801 9.98944E-05 9.98944E-05 9.98944E-05 9.98944E-05 9.98944E-05
9.98944E-05 9.98944E-05 9.98944E-05 9.98944E-05 9.98944E-05 9.98944E-05 9.98944E-05 9.98944E-05 9.98944E-05 0.998801 9.98944E-05 9.98944E-05 9.98944E-05
9.98944E-05 9.98944E-05 9.98944E-05 9.98944E-05 9.98944E-05 9.98944E-05 9.98944E-05 0.998801 9.98944E-05 9.98944E-05 9.98944E-05 9.98944E-05 9.98944E-05
9.98945E-05 9.98945E-05 9.98945E-05 9.98945E-05 9.98945E-05 9.98945E-05 9.98945E-05 9.98945E-05 9.98945E-05 0.998801 9.98945E-05 9.98945E-05 9.98945E-05
9.98944E-05 9.98944E-05 9.98944E-05 9.98944E-05 9.98944E-05 9.98944E-05 9.98944E-05 0.998801 9.98944E-05 9.98944E-05 9.98944E-05 9.98944E-05 9.98944E-05
9.98943E-05 9.98943E-05 9.98943E-05 9.98943E-05 9.98943E-05 9.98943E-05 9.98943E-05 0.998801 9.98943E-05 9.98943E-05 9.98943E-05 9.98943E-05 9.98943E-05
9.98944E-05 9.98944E-05 9.98944E-05 9.98944E-05 9.98944E-05 9.98944E-05 9.98944E-05 9.98944E-05 9.98944E-05 0.998801 9.98944E-05 9.98944E-05 9.98944E-05
9.98944E-05 9.98944E-05 9.98944E-05 9.98944E-05 9.98944E-05 9.98944E-05 9.98944E-05 9.98944E-05 9.98944E-05 0.998801 9.98944E-05 9.98944E-05 9.98944E-05
9.98945E-05 9.98945E-05 9.98945E-05 9.98945E-05 9.98945E-05 9.98945E-05 9.98945E-05 9.98945E-05 9.98945E-05 0.998801 9.98945E-05 9.98945E-05 9.98945E-05
9.98943E-05 9.98943E-05 9.98943E-05 9.98943E-05 9.98943E-05 9.98943E-05 9.98943E-05 0.998801 9.98943E-05 9.98943E-05 9.98943E-05 9.98943E-05 9.98943E-05
9.98943E-05 9.98943E-05 9.98943E-05 9.98943E-05 9.98943E-05 9.98943E-05 9.98943E-05 0.998801 9.98943E-05 9.98943E-05 9.98943E-05 9.98943E-05 9.98943E-05
9.98943E-05 9.98943E-05 9.98943E-05 9.98943E-05 9.98943E-05 9.98943E-05 9.98943E-05 0.998801 9.98943E-05 9.98943E-05 9.98943E-05 9.98943E-05 9.98943E-05
9.98943E-05 9.98943E-05 9.98943E-05 9.98943E-05 9.98943E-05 9.98943E-05 9.98943E-05 0.998801 9.98943E-05 9.98943E-05 9.98943E-05 9.98943E-05 9.98943E-05
9.98943E-05 9.98943E-05 9.98943E-05 9.98943E-05 9.98943E-05 9.98943E-05 9.98943E-05 0.998801 9.98943E-05 9.98943E-05 9.98943E-05 9.98943E-05 9.98943E-05
9.98944E-05 9.98944E-05 9.98944E-05 9.98944E-05 9.98944E-05 9.98944E-05 9.98944E-05 9.98944E-05 9.98944E-05 0.998801 9.98944E-05 9.98944E-05 9.98944E-05
9.98944E-05 9.98944E-05 9.98944E-05 9.98944E-05 9.98944E-05 9.98944E-05 9.98944E-05 9.98944E-05 9.98944E-05 0.998801 9.98944E-05 9.98944E-05 9.98944E-05
9.98944E-05 9.98944E-05 9.98944E-05 9.98944E-05 9.98944E-05 9.98944E-05 9.98944E-05 9.98944E-05 9.98944E-05 0.998801 9.98944E-05 9.98944E-05 9.98944E-05
9.98944E-05 9.98944E-05 9.98944E-05 9.98944E-05 9.98944E-05 9.98944E-05 9.98944E-05 0.998801 9.98944E-05 9.98944E-05 9.98944E-05 9.98944E-05 9.98944E-05
9.98944E-05 9.98944E-05 9.98944E-05 9.98944E-05 9.98944E-05 9.98944E-05 9.98944E-05 9.98944E-05 9.98944E-05 0.998801 9.98944E-05 9.98944E-05 9.98944E-05
9.98944E-05 9.98944E-05 9.98944E-05 9.98944E-05 9.98944E-05 9.98944E-05 9.98944E-05 9.98944E-05 9.98944E-05 0.998801 9.98944E-05 9.98944E-05 9.98944E-05
9.98943E-05 9.98943E-05 9.98943E-05 9.98943E-05 9.98943E-05 9.98943E-05 9.98943E-05 9.98943E-05 9.98943E-05 0.998801 9.98943E-05 9.98943E-05 9.98943E-05
9.98944E-05 9.98944E-05 9.98944E-05 9.98944E-05 9.98944E-05 9.98944E-05 9.98944E-05 9.98944E-05 9.98944E-05 0.998801 9.98944E-05 9.98944E-05 9.98944E-05
9.98943E-05 9.98943E-05 9.98943E-05 9.98943E-05 9.98943E-05 9.98943E-05 9.98943E-05 0.998801 9.98943E-05 9.98943E-05 9.98943E-05 9.98943E-05 9.98943E-05
9.98945E-05 9.98945E-05 9.98945E-05 9.98945E-05 9.98945E-05 9.98945E-05 9.98945E-05 9.98945E-05 9.98945E-05 0.998801 9.98945E-05 9.98945E-05 9.98945E-05
9.98944E-05 9.98944E-05 9.98944E-05 9.98944E-05 9.98944E-05 9.98944E-05 9.98944E-05 9.98944E-05 9.98944E-05 0.998801 9.98944E-05 9.98944E-05 9.98944E-05
0.118634 9.994E-05 9.994E-05 9.994E-05 0.0872874 0.0676952 9.994E-05 0.118052 0.40505 0.164575 0.0381058 9.994E-05 9.994E-05
9.98943E-05 9.98943E-05 9.98943E-05 9.98943E-05 9.98943E-05 9.98943E-05 9.98943E-05 0.998801 9.98943E-05 9.98943E-05 9.98943E-05 9.98943E-05 9.98943E-05
9.98945E-05 9.98945E-05 9.98945E-05 9.98945E-05 9.98945E-05 9.98945E-05 9.98945E-05 9.98945E-05 9.98945E-05 0.998801 9.98945E-05 9.98945E-05 9.98945E-05
9.98944E-05 9.98944E-05 9.98944E-05 9.98944E-05 9.98944E-05 9.98944E-05 9.98944E-05 9.98944E-05 9.98944E-05 0.998801 9.98944E-05 9.98944E-05 9.98944E-05
9.98944E-05 9.98944E-05 9.98944E-05 9.98944E-05 9.98944E-05 9.98944E-05 9.98944E-05 9.98944E-05 9.98944E-05 0.998801 9.98944E-05 9.98944E-05 9.98944E-05
9.98944E-05 9.98944E-05 9.98944E-05 9.98944E-05 9.98944E-05 9.98944E-05 9.98944E-05 9.98944E-05 9.98944E-05 0.998801 9.98944E-05 9.98944E-05 9.98944E-05
9.98943E-05 9.98943E-05 9.98943E-05 9.98943E-05 9.98943E-05 9.98943E-05 9.98943E-05 0.998801 9.98943E-05 9.98943E-05 9.98943E-05 9.98943E-05 9.98943E-05
9.98944E-05 9.98944E-05 9.98944E-05 9.98944E-05 9.98944E-05 9.98944E-05 9.98944E-05 9.98944E-05 9.98944E-05 0.998801 9.98944E-05 9.98944E-05 9.98944E-05
9.98943E-05 9.98943E-05 9.98943E-05 9.98943E-05 9.98943E-05 9.98943E-05 9.98943E-05 0.998801 9.98943E-05 9.98943E-05 9.98943E-05 9.98943E-05 9.98943E-05
9.98944E-05 9.98944E-05 9.98944E-05 9.98944E-05 9.98944E-05 9.98944E-05 9.98944E-05 9.98944E-05 9.98944E-05 0.998801 9.98944E-05 9.98944E-05 9.98944E-05
9.98943E-05 9.98943E-05 9.98943E-05 9.98943E-05 9.98943E-05 9.98943E-05 9.98943E-05 0.998801 9.98943E-05 9.98943E-05 9.98943E-05 9.98943E-05 9.98943E-05
9.98944E-05 9.98944E-05 9.98944E-05 9.98944E-05 9.98944E-05 9.98944E-05 9.98944E-05 9.98944E-05 9.98944E-05 0.998801 9.98944E-05 9.98944E-05 9.98944E-05
9.98944E-05 9.98944E-05 9.98944E-05 9.98944E-05 9.98944E-05 9.98944E-05 9.98944E-05 9.98944E-05 9.98944E-05 0.998801 9.98944E-05 9.98944E-05 9.98944E-05
9.98944E-05 9.98944E-05 9.98944E-05 9.98944E-05 9.98944E-05 9.98944E-05 9.98944E-05 9.98944E-05 9.98944E-05 0.998801 9.98944E-05 9.98944E-05 9.98944E-05
9.98945E-05 9.98945E-05 9.98945E-05 9.98945E-05 9.98945E-05 9.98945E-05 9.98945E-05 9.98945E-05 9.98945E-05 0.998801 9.98945E-05 9.98945E-05 9.98945E-05
9.98944E-05 9.98944E-05 9.98944E-05 9.98944E-05 9.98944E-05 9.98944E-05 9.98944E-05 9.98944E-05 9.98944E-05 0.998801 9.98944E-05 9.98944E-05 9.98944E-05
9.98944E-05 9.98944E-05 9.98944E-05 9.98944E-05 9.98944E-05 9.98944E-05 9.98944E-05 9.98944E-05 9.98944E-05 0.998801 9.98944E-05 9.98944E-05 9.98944E-05
9.98944E-05 9.98944E-05 9.98944E-05 9.98944E-05 9.98944E-05 9.98944E-05 9.98944E-05 0.998801 9.98944E-05 9.98944E-05 9.98944E-05 9.98944E-05 9.98944E-05
9.98943E-05 9.98943E-05 9.98943E-05 9.98943E-05 9.98943E-05 9.98943E-05 9.98943E-05 0.998801 9.98943E-05 9.98943E-05 9.98943E-05 9.98943E-05 9.98943E-05
9.98943E-05 9.98943E-05 9.98943E-05 9.98943E-05 9.98943E-05 9.98943E-05 9.98943E-05 0.998801 9.98943E-05 9.98943E-05 9.98943E-05 9.98943E-05 9.98943E-05
9.98944E-05 9.98944E-05 9.98944E-05 9.98944E-05 9.98944E-05 9.98944E-05 9.98944E-05 9.98944E-05 9.98944E-05 0.998801 9.98944E-05 9.98944E-05 9.98944E-05
9.98944E-05 9.98944E-05 9.98944E-05 9.98944E-05 9.98944E-05 9.98944E-05 9.98944E-05 0.998801 9.98944E-05 9.98944E-05 9.98944E-05 9.98944E-05 9.98944E-05
9.98944E-05 9.98944E-05 9.98944E-05 9.98944E-05 9.98944E-05 9.98944E-05 9.98944E-05 0.998801 9.98944E-05 9.98944E-05 9.98944E-05 9.98944E-05 9.98944E-05
9.99033E-05 9.99033E-05 9.99033E-05 9.99033E-05 9.99033E-05 9.99033E-05 9.99033E-05 0.870967 9.99033E-05 9.99033E-05 0.127935 9.99033E-05 9.99033E-05
9.98944E-05 9.98944E-05 9.98944E-05 9.98944E-05 9.98944E-05 9.98944E-05 9.98944E-05 9.98944E-05 9.98944E-05 0.998801 9.98944E-05 9.98944E-05 9.98944E-05
9.98944E-05 9.98944E-05 9.98944E-05 9.98944E-05 9.98944E-05 9.98944E-05 9.98944E-05 9.98944E-05 9.98944E-05 0.998801 9.98944E-05 9.98944E-05 9.98944E-05
9.98944E-05 9.98944E-05 9.98944E-05 9.98944E-05 9.98944E-05 9.98944E-05 9.98944E-05 9.98944E-05 9.98944E-05 0.998801 9.98944E-05 9.98944E-05 9.98944E-05
9.98943E-05 9.98943E-05 9.98943E-05 9.98943E-05 9.98943E-05 9.98943E-05 9.98943E-05 0.998801 9.98943E-05 9.98943E-05 9.98943E-05 9.98943E-05 9.98943E-05
9.98944E-05 9.98944E-05 9.98944E-05 9.98944E-05 9.98944E-05 9.98944E-05 9.98944E-05 9.98944E-05 9.98944E-05 0.998801 9.98944E-05 9.98944E-05 9.98944E-05
9.98944E-05 9.98944E-05 9.98944E-05 9.98944E-05 9.98944E-05 9.98944E-05 9.98944E-05 9.98944E-05 9.98944E-05 0.998801 9.98944E-05 9.98944E-05 9.98944E-05
9.98943E-05 9.98943E-05 9.98943E-05 9.98943E-05 9.98943E-05 9.98943E-05 9.98943E-05 0.998801 9.98943E-05 9.98943E-05 9.98943E-05 9.98943E-05 9.98943E-05
9.98944E-05 9.98944E-05 9.98944E-05 9.98944E-05 9.98944E-05 9.98944E-05 9.98944E-05 9.98944E-05 9.98944E-05 0.998801 9.98944E-05 9.98944E-05 9.98944E-05
9.98945E-05 9.98945E-05 9.98945E-05 9.98945E-05 9.98945E-05 9.98945E-05 9.98945E-05 9.98945E-05 9.98945E-05 0.998801 9.98945E-05 9.98945E-05 9.98945E-05
9.99472E-05 9.99472E-05 9.99472E-05 9.99472E-05 9.99472E-05 0.0432265 9.99472E-05 0.383018 0.244374 0.109125 0.012822 0.12121 0.085625
9.98943E-05 9.98943E-05 9.98943E-05 9.98943E-05 9.98943E-05 9.98943E-05 9.98943E-05 0.998801 9.98943E-05 9.98943E-05 9.98943E-05 9.98943E-05 9.98943E-05
9.98944E-05 9.98944E-05 9.98944E-05 9.98944E-05 9.98944E-05 9.98944E-05 9.98944E-05 9.98944E-05 9.98944E-05 0.998801 9.98944E-05 9.98944E-05 9.98944E-05
9.99298E-05 9.99298E-05 9.99298E-05 9.99298E-05 0.103255 0.0115399 9.99298E-05 9.99298E-05 0.431891 0.422888 9.99298E-05 9.99298E-05 0.0296268
0.0110702 9.99473E-05 9.99473E-05 9.99473E-05 0.0421105 0.0377116 9.99473E-05 0.0499999 0.493035 0.290446 0.0750272 9.99473E-05 9.99473E-05
9.99209E-05 9.99209E-05 9.99209E-05 9.99209E-05 0.0295332 9.99209E-05 9.99209E-05 0.361055 0.439132 0.16938 9.99209E-05 9.99209E-05 9.99209E-05
0.130494 0.0110177 9.99384E-05 9.99384E-05 9.99384E-05 9.99384E-05 9.99384E-05 0.0156946 0.777281 9.99384E-05 0.00926072 0.0555519 9.99384E-05
9.99297E-05 9.99297E-05 9.99297E-05 9.99297E-05 9.99297E-05 9.99297E-05 9.99297E-05 0.27115 0.364635 0.277718 0.0708102 9.99297E-05 0.0148871
9.99124E-05 9.99124E-05 9.99124E-05 0.0483939 9.99124E-05 9.99124E-05 9.99124E-05 9.99124E-05 0.835541 0.115066 9.99124E-05 9.99124E-05 9.99124E-05
0.134996 9.99385E-05 9.99385E-05 9.99385E-05 9.99385E-05 9.99385E-05 9.99385E-05 0.180619 0.298591 0.317697 0.0244343 9.99385E-05 0.0429634
9.99472E-05 9.99472E-05 9.99472E-05 9.99472E-05 9.99472E-05 0.00519492 9.99472E-05 0.101729 0.580033 0.170475 0.0397279 0.0110873 0.0911532
9.99036E-05 9.99036E-05 9.99036E-05 9.99036E-05 9.99036E-05 9.99036E-05 9.99036E-05 9.99036E-05 0.802629 0.196272 9.99036E-05 9.99036E-05 9.99036E-05
0.110179 9.99209E-05 9.99209E-05 9.99209E-05 0.0465317 9.99209E-05 9.99209E-05 0.0776295 0.764761 9.99209E-05 9.99209E-05 9.99209E-05 9.99209E-05
9.99299E-05 9.99299E-05 9.99299E-05 9.99299E-05 9.99299E-05 9.99299E-05 9.99299E-05 0.289449 0.586741 0.0570106 9.99299E-05 0.00461899 0.0613812
9.99121E-05 9.99121E-05 9.99121E-05 9.99121E-05 9.99121E-05 9.99121E-05 9.99121E-05 0.0364457 0.440323 0.522232 9.99121E-05 9.99121E-05 9.99121E-05
9.99385E-05 0.119149 0.0206256 9.99385E-05 9.99385E-05 9.99385E-05 9.99385E-05 0.258547 0.273994 0.291587 9.99385E-05 0.035399 9.99385E-05
9.99208E-05 9.99208E-05 0.0365136 9.99208E-05 9.99208E-05 9.99208E-05 9.99208E-05 9.99208E-05 0.762109 0.103478 9.99208E-05 0.0969994 9.99208E-05
9.99209E-05 9.99209E-05 9.99209E-05 9.99209E-05 9.99209E-05 9.99209E-05 9.99209E-05 0.17976 0.634077 0.163164 9.99209E-05 9.99209E-05 0.0220996
9.99297E-05 9.99297E-05 9.99297E-05 9.99297E-05 9.99297E-05 9.99297E-05 0.095304 0.206059 0.369522 0.286769 9.99297E-05 9.99297E-05 0.0415455
9.99298E-05 9.99298E-05 9.99298E-05 9.99298E-05 9.99298E-05 9.99298E-05 0.0111793 0.113781 0.771751 0.0821972 0.0202919 9.99298E-05 9.99298E-05
9.99473E-05 0.012159 9.99473E-05 9.99473E-05 0.079499 9.99473E-05 9.99473E-05 0.317772 0.336519 0.0740387 9.99473E-05 0.0647569 0.114656
9.99384E-05 9.99384E-05 9.99384E-05 9.99384E-05 9.99384E-05 0.023086 9.99384E-05 0.165477 0.520449 0.144943 0.0918029 9.99384E-05 0.0535436
9.99296E-05 9.99296E-05 9.99296E-05 9.99296E-05 0.0515696 9.99296E-05 0.0759215 0.150509 0.578383 0.142817 9.99296E-05 9.99296E-05 9.99296E-05
9.99296E-05 9.99296E-05 9.99296E-05 9.99296E-05 9.99296E-05 9.99296E-05 0.0601002 0.109422 0.620799 0.157107 0.0517724 9.99296E-05 9.99296E-05
9.99209E-05 0.0265802 9.99209E-05 9.99209E-05 9.99209E-05 9.99209E-05 0.0823731 9.99209E-05 0.67645 0.213697 9.99209E-05 9.99209E-05 9.99209E-05
9.99473E-05 0.158742 9.99473E-05 9.99473E-05 9.99473E-05 9.99473E-05 9.99473E-05 0.0634687 0.519221 0.186662 0.0459166 0.0214738 0.00391636
9.99384E-05 9.99384E-05 9.99384E-05 9.99384E-05 9.99384E-05 9.99384E-05 0.0599693 0.0713116 0.651022 0.166267 9.99384E-05 0.00951141 0.0412196
9.99296E-05 9.99296E-05 0.116285 9.99296E-05 9.99296E-05 9.99296E-05 0.0392572 9.99296E-05 0.695591 0.0266293 9.99296E-05 0.121438 9.99296E-05
9.99036E-05 9.99036E-05 9.99036E-05 9.99036E-05 9.99036E-05 9.99036E-05 9.99036E-05 9.99036E-05 0.989547 0.00935432 9.99036E-05 9.99036E-05 9.99036E-05
9.99384E-05 9.99384E-05 0.0742401 9.99384E-05 0.0120447 9.99384E-05 0.12814 0.125094 0.57794 0.0818418 9.99384E-05 9.99384E-05 9.99384E-05
9.99209E-05 9.99209E-05 9.99209E-05 9.99209E-05 0.156961 9.99209E-05 9.99209E-05 0.236556 0.362981 0.242603 9.99209E-05 9.99209E-05 9.99209E-05
9.99296E-05 9.99296E-05 9.99296E-05 9.99296E-05 9.99296E-05 9.99296E-05 0.0416269 0.0434981 0.726026 9.99296E-05 0.113112 0.0749377 9.99296E-05
9.99209E-05 9.99209E-05 9.99209E-05 9.99209E-05 9.99209E-05 9.99209E-05 9.99209E-05 9.99209E-05 0.604383 0.182529 0.0846782 0.127511 9.99209E-05
9.99297E-05 9.99297E-05 9.99297E-05 9.99297E-05 9.99297E-05 9.99297E-05 0.0965673 0.191821 0.296656 0.395098 9.99297E-05 9.99297E-05 0.0190579
9.9921E-05 9.9921E-05 9.9921E-05 9.9921E-05 9.9921E-05 9.9921E-05 9.9921E-05 0.236851 0.521488 0.225092 9.9921E-05 9.9921E-05 0.0156706
9.99384E-05 9.99384E-05 0.0487345 9.99384E-05 9.99384E-05 9.99384E-05 0.0140335 0.240447 0.458107 0.219215 0.0187638 9.99384E-05 9.99384E-05
9.99325E-05 9.99325E-05 9.99325E-05 9.99325E-05 9.99325E-05 9.99325E-05 0.0511406 0.125699 0.511972 0.182647 9.99325E-05 0.127741 9.99325E-05
9.99384E-05 9.99384E-05 9.99384E-05 9.99384E-05 9.99384E-05 9.99384E-05 0.00719005 0.126661 0.470574 0.0721589 9.99384E-05 0.166501 0.156216
9.99209E-05 9.99209E-05 9.99209E-05 9.99209E-05 9.99209E-05 0.00860527 9.99209E-05 0.168772 0.767816 0.053908 9.99209E-05 9.99209E-05 9.99209E-05
9.98947E-05 9.98947E-05 9.98947E-05 9.98947E-05 9.98947E-05 9.98947E-05 9.98947E-05 9.98947E-05 0.998801 9.98947E-05 9.98947E-05 9.98947E-05 9.98947E-05
0.0655622 9.99384E-05 9.99384E-05 9.99384E-05 9.99384E-05 0.100625 9.99384E-05 0.374877 0.361217 0.0154649 9.99384E-05 9.99384E-05 0.081554
9.99385E-05 0.0319025 9.99385E-05 9.99385E-05 9.99385E-05 0.102942 9.99385E-05 9.99385E-05 0.766193 0.0144255 0.02415 9.99385E-05 0.0596878
0.0692025 9.99385E-05 0.0165365 9.99385E-05 9.99385E-05 9.99385E-05 0.243922 9.99385E-05 0.415953 0.233151 0.0205357 9.99385E-05 9.99385E-05
9.99209E-05 0.0568854 9.99209E-05 9.99209E-05 9.99209E-05 9.99209E-05 9.99209E-05 0.184917 0.671278 0.0860205 9.99209E-05 9.99209E-05 9.99209E-05
9.99298E-05 9.99298E-05 9.99298E-05 9.99298E-05 0.0909264 9.99298E-05 0.084328 0.0836164 0.685319 0.0550103 9.99298E-05 9.99298E-05 9.99298E-05
9.99385E-05 9.99385E-05 0.00570156 9.99385E-05 0.128859 9.99385E-05 0.0606173 0.130193 0.422487 0.251442 9.99385E-05 9.99385E-05 9.99385E-05
9.993E-05 9.993E-05 0.00113912 9.993E-05 9.993E-05 9.993E-05 0.0216577 0.125271 0.324855 0.507345 9.993E-05 0.019032 9.993E-05
