9.98245E-05 9.98245E-05 9.98245E-05 9.98245E-05 9.98245E-05 9.98245E-05 0.0159358 9.98245E-05 9.98245E-05 9.98245E-05 0.13881 9.98245E-05 0.00275475 9.98245E-05 0.0181832 9.98245E-05 9.98245E-05 9.98245E-05 0.055372 9.98245E-05 9.98245E-05 9.98245E-05 9.98245E-05 0.219649 0.507243 9.98245E-05 0.0400562 9.98245E-05
9.97806E-05 9.97806E-05 9.97806E-05 9.97806E-05 9.97806E-05 9.97806E-05 9.97806E-05 9.97806E-05 9.97806E-05 9.97806E-05 9.97806E-05 9.97806E-05 9.97806E-05 9.97806E-05 9.97806E-05 9.97806E-05 9.97806E-05 9.97806E-05 0.0286414 9.97806E-05 9.97806E-05 9.97806E-05 9.97806E-05 0.0863447 9.97806E-05 9.97806E-05 9.97806E-05 0.882519
9.98071E-05 9.98071E-05 9.98071E-05 9.98071E-05 9.98071E-05 0.727949 0.00532763 9.98071E-05 9.98071E-05 9.98071E-05 0.0075553 9.98071E-05 0.211572 9.98071E-05 9.98071E-05 9.98071E-05 9.98071E-05 9.98071E-05 9.98071E-05 9.98071E-05 9.98071E-05 9.98071E-05 9.98071E-05 9.98071E-05 9.98071E-05 9.98071E-05 0.00589711 0.0395033
0.0521989 0.188076 9.98333E-05 9.98333E-05 9.98333E-05 9.98333E-05 9.98333E-05 9.98333E-05 9.98333E-05 9.98333E-05 0.0731048 9.98333E-05 9.98333E-05 9.98333E-05 0.00863522 9.98333E-05 0.0177438 9.98333E-05 9.98333E-05 0.0201781 9.98333E-05 9.98333E-05 0.0285347 9.98333E-05 0.531858 0.077773 9.98333E-05 9.98333E-05
9.97895E-05 9.97895E-05 9.97895E-05 9.97895E-05 9.97895E-05 9.97895E-05 9.97895E-05 9.97895E-05 9.97895E-05 9.97895E-05 9.97895E-05 9.97895E-05 0.554138 0.0122968 9.97895E-05 9.97895E-05 9.97895E-05 9.97895E-05 9.97895E-05 9.97895E-05 9.97895E-05 9.97895E-05 0.0207448 9.97895E-05 9.97895E-05 9.97895E-05 9.97895E-05 0.410425
0.149093 9.98158E-05 9.98158E-05 9.98158E-05 9.98158E-05 9.98158E-05 9.98158E-05 9.98158E-05 9.98158E-05 9.98158E-05 9.98158E-05 9.98158E-05 9.98158E-05 0.0638171 9.98158E-05 9.98158E-05 9.98158E-05 9.98158E-05 0.0195779 9.98158E-05 9.98158E-05 0.160196 0.105856 0.0347929 0.464572 9.98158E-05 9.98158E-05 9.98158E-05
9.98334E-05 0.113721 9.98334E-05 9.98334E-05 9.98334E-05 9.98334E-05 9.98334E-05 9.98334E-05 9.98334E-05 9.98334E-05 0.05316 0.0711218 9.98334E-05 9.98334E-05 0.0698905 9.98334E-05 9.98334E-05 9.98334E-05 0.0455122 9.98334E-05 0.0753005 9.98334E-05 0.112807 0.0168527 0.439737 9.98334E-05 9.98334E-05 9.98334E-05
9.98247E-05 9.98247E-05 9.98247E-05 9.98247E-05 9.98247E-05 9.98247E-05 9.98247E-05 0.0341557 9.98247E-05 9.98247E-05 0.0920188 9.98247E-05 9.98247E-05 0.0905467 9.98247E-05 0.0130937 9.98247E-05 0.099553 9.98247E-05 9.98247E-05 9.98247E-05 0.112094 0.0885802 9.98247E-05 0.467962 9.98247E-05 9.98247E-05 9.98247E-05
9.98246E-05 9.98246E-05 9.98246E-05 0.00226363 9.98246E-05 9.98246E-05 0.194674 9.98246E-05 9.98246E-05 9.98246E-05 9.98246E-05 9.98246E-05 9.98246E-05 9.98246E-05 9.98246E-05 9.98246E-05 9.98246E-05 9.98246E-05 0.0543461 9.98246E-05 9.98246E-05 0.188554 9.98246E-05 0.00353773 0.373092 0.0484564 0.13308 9.98246E-05
9.97719E-05 9.97719E-05 9.97719E-05 9.97719E-05 9.97719E-05 9.97719E-05 9.97719E-05 9.97719E-05 9.97719E-05 9.97719E-05 9.97719E-05 9.97719E-05 0.971544 9.97719E-05 9.97719E-05 9.97719E-05 9.97719E-05 9.97719E-05 9.97719E-05 9.97719E-05 9.97719E-05 9.97719E-05 9.97719E-05 9.97719E-05 9.97719E-05 9.97719E-05 0.0258617 9.97719E-05
9.97805E-05 9.97805E-05 9.97805E-05 9.97805E-05 9.97805E-05 9.97805E-05 9.97805E-05 9.97805E-05 9.97805E-05 9.97805E-05 9.97805E-05 9.97805E-05 9.97805E-05 9.97805E-05 0.00924968 9.97805E-05 9.97805E-05 9.97805E-05 9.97805E-05 9.97805E-05 9.97805E-05 9.97805E-05 9.97805E-05 9.97805E-05 0.914236 9.97805E-05 0.0740197 9.97805E-05
9.97721E-05 9.97721E-05 9.97721E-05 9.97721E-05 9.97721E-05 9.97721E-05 9.97721E-05 9.97721E-05 9.97721E-05 9.97721E-05 9.97721E-05 9.97721E-05 0.986656 9.97721E-05 9.97721E-05 9.97721E-05 9.97721E-05 9.97721E-05 9.97721E-05 9.97721E-05 9.97721E-05 9.97721E-05 0.0107499 9.97721E-05 9.97721E-05 9.97721E-05 9.97721E-05 9.97721E-05
9.97721E-05 9.97721E-05 9.97721E-05 9.97721E-05 9.97721E-05 0.989353 9.97721E-05 9.97721E-05 9.97721E-05 9.97721E-05 9.97721E-05 9.97721E-05 9.97721E-05 9.97721E-05 9.97721E-05 9.97721E-05 9.97721E-05 9.97721E-05 9.97721E-05 9.97721E-05 9.97721E-05 9.97721E-05 9.97721E-05 9.97721E-05 0.00805325 9.97721E-05 9.97721E-05 9.97721E-05
9.98071E-05 9.98071E-05 9.98071E-05 0.0171042 9.98071E-05 9.98071E-05 9.98071E-05 9.98071E-05 9.98071E-05 0.166994 9.98071E-05 9.98071E-05 9.98071E-05 0.032593 9.98071E-05 9.98071E-05 9.98071E-05 9.98071E-05 9.98071E-05 9.98071E-05 9.98071E-05 9.98071E-05 9.98071E-05 9.98071E-05 0.349074 9.98071E-05 0.00339072 0.428649
0.0402705 9.98596E-05 0.040487 0.0737764 0.0475463 0.268067 9.98596E-05 9.98596E-05 9.98596E-05 9.98596E-05 0.0379494 9.98596E-05 9.98596E-05 9.98596E-05 9.98596E-05 9.98596E-05 9.98596E-05 9.98596E-05 0.00696898 9.98596E-05 9.98596E-05 0.10261 0.0108671 0.178361 0.067423 9.98596E-05 0.124076 9.98596E-05
0.012685 0.0210451 9.98508E-05 9.98508E-05 9.98508E-05 9.98508E-05 9.98508E-05 9.98508E-05 9.98508E-05 9.98508E-05 0.0935936 9.98508E-05 0.00237223 9.98508E-05 9.98508E-05 0.00835601 9.98508E-05 0.188849 9.98508E-05 9.98508E-05 9.98508E-05 0.159226 9.98508E-05 0.149872 0.237218 9.98508E-05 0.0733948 0.051691
9.98334E-05 0.00405261 0.228986 9.98334E-05 9.98334E-05 0.0720693 9.98334E-05 9.98334E-05 9.98334E-05 9.98334E-05 9.98334E-05 9.98334E-05 0.13475 9.98334E-05 0.0197823 9.98334E-05 9.98334E-05 9.98334E-05 0.0589419 9.98334E-05 9.98334E-05 9.98334E-05 9.98334E-05 9.98334E-05 0.0364768 9.98334E-05 0.0753327 0.367711
9.9807E-05 9.9807E-05 9.9807E-05 9.9807E-05 9.9807E-05 9.9807E-05 9.9807E-05 0.177362 9.9807E-05 9.9807E-05 0.0258616 9.9807E-05 9.9807E-05 9.9807E-05 9.9807E-05 9.9807E-05 9.9807E-05 9.9807E-05 9.9807E-05 9.9807E-05 9.9807E-05 9.9807E-05 9.9807E-05 0.103493 0.500819 0.0905457 0.0997233 9.9807E-05
9.98332E-05 9.98332E-05 9.98332E-05 9.98332E-05 0.0142895 0.173645 0.00476604 0.086711 9.98332E-05 9.98332E-05 0.0597901 9.98332E-05 9.98332E-05 9.98332E-05 9.98332E-05 9.98332E-05 9.98332E-05 9.98332E-05 9.98332E-05 9.98332E-05 9.98332E-05 0.0889418 0.0817631 9.98332E-05 0.383773 9.98332E-05 0.104423 9.98332E-05
9.97632E-05 9.97632E-05 9.97632E-05 9.97632E-05 9.97632E-05 0.997306 9.97632E-05 9.97632E-05 9.97632E-05 9.97632E-05 9.97632E-05 9.97632E-05 9.97632E-05 9.97632E-05 9.97632E-05 9.97632E-05 9.97632E-05 9.97632E-05 9.97632E-05 9.97632E-05 9.97632E-05 9.97632E-05 9.97632E-05 9.97632E-05 9.97632E-05 9.97632E-05 9.97632E-05 9.97632E-05
9.97894E-05 9.97894E-05 9.97894E-05 9.97894E-05 9.97894E-05 9.97894E-05 9.97894E-05 9.97894E-05 9.97894E-05 9.97894E-05 9.97894E-05 9.97894E-05 9.97894E-05 9.97894E-05 9.97894E-05 0.17926 9.97894E-05 0.0544342 9.97894E-05 9.97894E-05 9.97894E-05 0.0184589 9.97894E-05 9.97894E-05 0.745452 9.97894E-05 9.97894E-05 9.97894E-05
9.98072E-05 9.98072E-05 9.98072E-05 9.98072E-05 9.98072E-05 9.98072E-05 9.98072E-05 9.98072E-05 9.98072E-05 9.98072E-05 0.221163 9.98072E-05 0.45239 0.0195704 9.98072E-05 9.98072E-05 9.98072E-05 9.98072E-05 9.98072E-05 9.98072E-05 9.98072E-05 0.0948063 0.200946 9.98072E-05 0.00892904 9.98072E-05 9.98072E-05 9.98072E-05
0.0252984 9.98071E-05 9.98071E-05 9.98071E-05 9.98071E-05 0.81425 9.98071E-05 9.98071E-05 9.98071E-05 9.98071E-05 9.98071E-05 9.98071E-05 9.98071E-05 9.98071E-05 0.000572599 9.98071E-05 9.98071E-05 9.98071E-05 9.98071E-05 9.98071E-05 9.98071E-05 9.98071E-05 9.98071E-05 0.0956719 9.98071E-05 9.98071E-05 0.04649 0.0155212
9.98246E-05 9.98246E-05 9.98246E-05 9.98246E-05 9.98246E-05 0.0274544 0.0679249 9.98246E-05 9.98246E-05 9.98246E-05 0.233965 9.98246E-05 9.98246E-05 9.98246E-05 9.98246E-05 9.98246E-05 9.98246E-05 0.0010354 9.98246E-05 9.98246E-05 9.98246E-05 9.98246E-05 9.98246E-05 0.016132 0.403761 9.98246E-05 0.183285 0.0644462
0.0215354 9.98245E-05 9.98245E-05 0.0799266 0.0243519 9.98245E-05 9.98245E-05 9.98245E-05 9.98245E-05 9.98245E-05 9.98245E-05 9.98245E-05 9.98245E-05 9.98245E-05 0.0899853 9.98245E-05 9.98245E-05 9.98245E-05 9.98245E-05 9.98245E-05 9.98245E-05 0.112724 9.98245E-05 9.98245E-05 0.42586 0.0296432 0.213977 9.98245E-05
9.98071E-05 9.98071E-05 9.98071E-05 9.98071E-05 9.98071E-05 9.98071E-05 9.98071E-05 9.98071E-05 9.98071E-05 9.98071E-05 0.0116538 0.0113767 0.535832 9.98071E-05 9.98071E-05 9.98071E-05 9.98071E-05 9.98071E-05 9.98071E-05 9.98071E-05 9.98071E-05 0.00329465 9.98071E-05 9.98071E-05 0.329023 9.98071E-05 0.106624 9.98071E-05
0.177907 9.98244E-05 9.98244E-05 9.98244E-05 9.98244E-05 0.0499645 9.98244E-05 0.124238 9.98244E-05 9.98244E-05 0.233327 9.98244E-05 0.0116873 9.98244E-05 9.98244E-05 9.98244E-05 9.98244E-05 0.0628335 9.98244E-05 9.98244E-05 0.252662 9.98244E-05 9.98244E-05 9.98244E-05 9.98244E-05 9.98244E-05 0.085384 9.98244E-05
9.97809E-05 0.00398476 9.97809E-05 0.0350492 9.97809E-05 0.958472 9.97809E-05 9.97809E-05 9.97809E-05 9.97809E-05 9.97809E-05 9.97809E-05 9.97809E-05 9.97809E-05 9.97809E-05 9.97809E-05 9.97809E-05 9.97809E-05 9.97809E-05 9.97809E-05 9.97809E-05 9.97809E-05 9.97809E-05 9.97809E-05 9.97809E-05 9.97809E-05 9.97809E-05 9.97809E-05
9.98161E-05 9.98161E-05 9.98161E-05 9.98161E-05 9.98161E-05 0.653818 0.0550523 9.98161E-05 9.98161E-05 0.0336744 9.98161E-05 9.98161E-05 9.98161E-05 9.98161E-05 9.98161E-05 9.98161E-05 9.98161E-05 9.98161E-05 9.98161E-05 9.98161E-05 0.00901747 9.98161E-05 9.98161E-05 0.0202634 9.98161E-05 9.98161E-05 0.129348 0.0967304
9.98071E-05 9.98071E-05 9.98071E-05 9.98071E-05 9.98071E-05 0.0294323 9.98071E-05 9.98071E-05 9.98071E-05 9.98071E-05 9.98071E-05 9.98071E-05 0.706279 9.98071E-05 0.00525991 9.98071E-05 9.98071E-05 9.98071E-05 9.98071E-05 0.171223 9.98071E-05 0.0784449 9.98071E-05 9.98071E-05 9.98071E-05 9.98071E-05 0.00716505 9.98071E-05
9.97983E-05 9.97983E-05 9.97983E-05 9.97983E-05 0.0212065 0.89883 9.97983E-05 9.97983E-05 9.97983E-05 9.97983E-05 9.97983E-05 9.97983E-05 9.97983E-05 9.97983E-05 0.0459407 9.97983E-05 9.97983E-05 9.97983E-05 9.97983E-05 9.97983E-05 9.97983E-05 9.97983E-05 9.97983E-05 9.97983E-05 9.97983E-05 0.0191477 0.01258 9.97983E-05
0.0713758 9.97896E-05 9.97896E-05 9.97896E-05 9.97896E-05 9.97896E-05 9.97896E-05 9.97896E-05 9.97896E-05 0.0329439 9.97896E-05 9.97896E-05 9.97896E-05 9.97896E-05 9.97896E-05 9.97896E-05 9.97896E-05 9.97896E-05 9.97896E-05 9.97896E-05 9.97896E-05 9.97896E-05 0.0386675 9.97896E-05 0.854618 9.97896E-05 9.97896E-05 9.97896E-05
9.97981E-05 9.97981E-05 9.97981E-05 9.97981E-05 9.97981E-05 9.97981E-05 9.97981E-05 9.97981E-05 9.97981E-05 9.97981E-05 0.0282038 9.97981E-05 9.97981E-05 9.97981E-05 0.017746 9.97981E-05 9.97981E-05 0.00145217 9.97981E-05 9.97981E-05 9.97981E-05 9.97981E-05 9.97981E-05 9.97981E-05 0.897471 9.97981E-05 0.0528318 9.97981E-05
9.98157E-05 0.0297516 9.98157E-05 9.98157E-05 9.98157E-05 9.98157E-05 9.98157E-05 9.98157E-05 9.98157E-05 9.98157E-05 0.183613 0.00642865 0.253859 9.98157E-05 9.98157E-05 9.98157E-05 9.98157E-05 9.98157E-05 9.98157E-05 0.162486 9.98157E-05 9.98157E-05 9.98157E-05 9.98157E-05 9.98157E-05 9.98157E-05 0.150248 0.211517
9.97896E-05 9.97896E-05 9.97896E-05 9.97896E-05 9.97896E-05 0.958389 9.97896E-05 9.97896E-05 9.97896E-05 9.97896E-05 9.97896E-05 9.97896E-05 0.020568 9.97896E-05 0.00894713 9.97896E-05 9.97896E-05 9.97896E-05 9.97896E-05 9.97896E-05 9.97896E-05 9.97896E-05 9.97896E-05 9.97896E-05 9.97896E-05 0.00970118 9.97896E-05 9.97896E-05
9.98071E-05 0.0180738 9.98071E-05 9.98071E-05 9.98071E-05 9.98071E-05 0.0171864 9.98071E-05 9.98071E-05 9.98071E-05 0.0064209 9.98071E-05 0.240119 9.98071E-05 9.98071E-05 9.98071E-05 9.98071E-05 9.98071E-05 0.00494624 9.98071E-05 9.98071E-05 9.98071E-05 9.98071E-05 9.98071E-05 0.711058 9.98071E-05 9.98071E-05 9.98071E-05
9.97724E-05 9.97724E-05 9.97724E-05 9.97724E-05 9.97724E-05 0.991284 9.97724E-05 9.97724E-05 9.97724E-05 9.97724E-05 9.97724E-05 9.97724E-05 9.97724E-05 9.97724E-05 9.97724E-05 9.97724E-05 9.97724E-05 9.97724E-05 9.97724E-05 9.97724E-05 9.97724E-05 9.97724E-05 0.00612194 9.97724E-05 9.97724E-05 9.97724E-05 9.97724E-05 9.97724E-05
9.97896E-05 9.97896E-05 0.0117581 9.97896E-05 9.97896E-05 9.97896E-05 9.97896E-05 9.97896E-05 9.97896E-05 9.97896E-05 9.97896E-05 9.97896E-05 9.97896E-05 9.97896E-05 9.97896E-05 9.97896E-05 9.97896E-05 9.97896E-05 9.97896E-05 9.97896E-05 9.97896E-05 0.132123 9.97896E-05 9.97896E-05 9.97896E-05 9.97896E-05 0.129705 0.724018
9.9816E-05 9.9816E-05 9.9816E-05 9.9816E-05 9.9816E-05 0.544619 9.9816E-05 9.9816E-05 0.130272 9.9816E-05 9.9816E-05 9.9816E-05 0.0359635 0.09076 0.0103939 9.9816E-05 9.9816E-05 9.9816E-05 0.0721642 9.9816E-05 9.9816E-05 9.9816E-05 9.9816E-05 9.9816E-05 9.9816E-05 9.9816E-05 0.113731 9.9816E-05
0.0893104 9.98156E-05 9.98156E-05 9.98156E-05 9.98156E-05 9.98156E-05 9.98156E-05 9.98156E-05 9.98156E-05 9.98156E-05 9.98156E-05 0.00644325 0.110492 9.98156E-05 9.98156E-05 9.98156E-05 9.98156E-05 0.0277103 9.98156E-05 9.98156E-05 9.98156E-05 9.98156E-05 0.0704622 9.98156E-05 9.98156E-05 9.98156E-05 0.134085 0.559401
9.97631E-05 9.97631E-05 9.97631E-05 9.97631E-05 9.97631E-05 9.97631E-05 9.97631E-05 9.97631E-05 9.97631E-05 9.97631E-05 9.97631E-05 9.97631E-05 0.997306 9.97631E-05 9.97631E-05 9.97631E-05 9.97631E-05 9.97631E-05 9.97631E-05 9.97631E-05 9.97631E-05 9.97631E-05 9.97631E-05 9.97631E-05 9.97631E-05 9.97631E-05 9.97631E-05 9.97631E-05
9.97986E-05 9.97986E-05 9.97986E-05 9.97986E-05 9.97986E-05 9.97986E-05 9.97986E-05 9.97986E-05 9.97986E-05 9.97986E-05 0.0881383 9.97986E-05 0.728116 9.97986E-05 9.97986E-05 9.97986E-05 9.97986E-05 9.97986E-05 9.97986E-05 9.97986E-05 0.101168 0.035317 9.97986E-05 9.97986E-05 9.97986E-05 9.97986E-05 0.0449651 9.97986E-05
9.97809E-05 9.97809E-05 9.97809E-05 9.97809E-05 9.97809E-05 9.97809E-05 9.97809E-05 9.97809E-05 9.97809E-05 0.176563 9.97809E-05 9.97809E-05 0.727379 9.97809E-05 9.97809E-05 9.97809E-05 9.97809E-05 9.97809E-05 9.97809E-05 9.97809E-05 0.0935633 9.97809E-05 9.97809E-05 9.97809E-05 9.97809E-05 9.97809E-05 9.97809E-05 9.97809E-05
9.98422E-05 9.98422E-05 9.98422E-05 9.98422E-05 9.98422E-05 0.0418417 0.131224 9.98422E-05 9.98422E-05 9.98422E-05 0.0592988 9.98422E-05 0.285175 9.98422E-05 0.0434915 9.98422E-05 9.98422E-05 9.98422E-05 0.0218907 9.98422E-05 9.98422E-05 0.14063 9.98422E-05 0.100011 0.0541132 9.98422E-05 0.120527 9.98422E-05
9.98159E-05 0.0791851 9.98159E-05 9.98159E-05 9.98159E-05 9.98159E-05 9.98159E-05 9.98159E-05 9.98159E-05 9.98159E-05 0.354747 9.98159E-05 9.98159E-05 0.0319172 9.98159E-05 9.98159E-05 9.98159E-05 9.98159E-05 9.98159E-05 9.98159E-05 9.98159E-05 9.98159E-05 0.0344471 9.98159E-05 0.174824 9.98159E-05 0.221994 0.10079
9.9772E-05 9.9772E-05 9.9772E-05 9.9772E-05 9.9772E-05 9.9772E-05 9.9772E-05 9.9772E-05 9.9772E-05 9.9772E-05 9.9772E-05 9.9772E-05 0.968084 9.9772E-05 9.9772E-05 9.9772E-05 9.9772E-05 9.9772E-05 9.9772E-05 9.9772E-05 9.9772E-05 9.9772E-05 9.9772E-05 9.9772E-05 9.9772E-05 9.9772E-05 0.0293216 9.9772E-05
9.97719E-05 9.97719E-05 9.97719E-05 9.97719E-05 9.97719E-05 9.97719E-05 9.97719E-05 9.97719E-05 9.97719E-05 9.97719E-05 9.97719E-05 9.97719E-05 9.97719E-05 9.97719E-05 9.97719E-05 9.97719E-05 9.97719E-05 9.97719E-05 9.97719E-05 9.97719E-05 9.97719E-05 9.97719E-05 9.97719E-05 9.97719E-05 0.634213 9.97719E-05 9.97719E-05 0.363193
9.97722E-05 9.97722E-05 9.97722E-05 9.97722E-05 9.97722E-05 9.97722E-05 9.97722E-05 9.97722E-05 9.97722E-05 9.97722E-05 9.97722E-05 9.97722E-05 0.844305 9.97722E-05 9.97722E-05 9.97722E-05 9.97722E-05 9.97722E-05 9.97722E-05 9.97722E-05 9.97722E-05 9.97722E-05 9.97722E-05 9.97722E-05 9.97722E-05 9.97722E-05 9.97722E-05 0.153101
0.0154319 9.98158E-05 9.98158E-05 9.98158E-05 9.98158E-05 0.582123 9.98158E-05 9.98158E-05 9.98158E-05 9.98158E-05 0.10532 9.98158E-05 0.0241172 9.98158E-05 9.98158E-05 9.98158E-05 9.98158E-05 9.98158E-05 9.98158E-05 9.98158E-05 9.98158E-05 9.98158E-05 0.090753 9.98158E-05 9.98158E-05 9.98158E-05 0.0747551 0.105403
9.97634E-05 9.97634E-05 9.97634E-05 9.97634E-05 9.97634E-05 9.97634E-05 9.97634E-05 9.97634E-05 9.97634E-05 9.97634E-05 9.97634E-05 9.97634E-05 9.97634E-05 9.97634E-05 9.97634E-05 9.97634E-05 9.97634E-05 9.97634E-05 9.97634E-05 9.97634E-05 9.97634E-05 9.97634E-05 9.97634E-05 9.97634E-05 9.97634E-05 9.97634E-05 9.97634E-05 0.997306
0.125596 9.98595E-05 9.98595E-05 0.0371217 9.98595E-05 0.193881 0.0159924 9.98595E-05 9.98595E-05 9.98595E-05 9.98595E-05 9.98595E-05 9.98595E-05 9.98595E-05 0.0211365 9.98595E-05 0.10084 0.00136804 9.98595E-05 9.98595E-05 0.0644239 0.0183703 9.98595E-05 9.98595E-05 0.284933 0.0215853 0.113155 9.98595E-05
9.97985E-05 0.120978 9.97985E-05 9.97985E-05 9.97985E-05 9.97985E-05 9.97985E-05 9.97985E-05 9.97985E-05 9.97985E-05 0.0648006 9.97985E-05 0.735104 9.97985E-05 9.97985E-05 9.97985E-05 9.97985E-05 9.97985E-05 9.97985E-05 9.97985E-05 9.97985E-05 9.97985E-05 9.97985E-05 9.97985E-05 9.97985E-05 0.0604603 9.97985E-05 0.0163616
9.97807E-05 9.97807E-05 0.14307 9.97807E-05 9.97807E-05 0.161363 9.97807E-05 9.97807E-05 9.97807E-05 9.97807E-05 9.97807E-05 9.97807E-05 0.693072 9.97807E-05 9.97807E-05 9.97807E-05 9.97807E-05 9.97807E-05 9.97807E-05 9.97807E-05 9.97807E-05 9.97807E-05 9.97807E-05 9.97807E-05 9.97807E-05 9.97807E-05 9.97807E-05 9.97807E-05
9.97717E-05 9.97717E-05 9.97717E-05 9.97717E-05 9.97717E-05 9.97717E-05 9.97717E-05 9.97717E-05 9.97717E-05 9.97717E-05 9.97717E-05 9.97717E-05 9.97717E-05 9.97717E-05 9.97717E-05 9.97717E-05 9.97717E-05 0.0273316 9.97717E-05 9.97717E-05 9.97717E-05 9.97717E-05 9.97717E-05 9.97717E-05 9.97717E-05 9.97717E-05 9.97717E-05 0.970074
9.97986E-05 9.97986E-05 9.97986E-05 0.037625 0.0581428 0.813252 9.97986E-05 9.97986E-05 9.97986E-05 9.97986E-05 9.97986E-05 9.97986E-05 0.0829104 9.97986E-05 9.97986E-05 9.97986E-05 9.97986E-05 9.97986E-05 9.97986E-05 9.97986E-05 9.97986E-05 9.97986E-05 9.97986E-05 9.97986E-05 9.97986E-05 9.97986E-05 0.00577411 9.97986E-05
0.0181696 9.97985E-05 9.97985E-05 0.0308189 9.97985E-05 9.97985E-05 9.97985E-05 9.97985E-05 9.97985E-05 9.97985E-05 9.97985E-05 9.97985E-05 0.832225 9.97985E-05 9.97985E-05 9.97985E-05 9.97985E-05 9.97985E-05 9.97985E-05 9.97985E-05 9.97985E-05 9.97985E-05 0.0314664 9.97985E-05 9.97985E-05 0.0850249 9.97985E-05 9.97985E-05
9.98071E-05 9.98071E-05 9.98071E-05 9.98071E-05 9.98071E-05 9.98071E-05 9.98071E-05 0.00279038 9.98071E-05 9.98071E-05 9.98071E-05 9.98071E-05 0.936656 9.98071E-05 0.0104287 9.98071E-05 9.98071E-05 0.00554557 9.98071E-05 9.98071E-05 9.98071E-05 0.0218267 9.98071E-05 9.98071E-05 9.98071E-05 9.98071E-05 0.0205572 9.98071E-05
9.97633E-05 9.97633E-05 9.97633E-05 9.97633E-05 9.97633E-05 9.97633E-05 9.97633E-05 9.97633E-05 9.97633E-05 9.97633E-05 9.97633E-05 9.97633E-05 9.97633E-05 9.97633E-05 9.97633E-05 9.97633E-05 9.97633E-05 9.97633E-05 9.97633E-05 9.97633E-05 9.97633E-05 9.97633E-05 9.97633E-05 9.97633E-05 0.997306 9.97633E-05 9.97633E-05 9.97633E-05
9.97896E-05 0.0378037 9.97896E-05 9.97896E-05 9.97896E-05 0.87244 9.97896E-05 9.97896E-05 9.97896E-05 9.97896E-05 9.97896E-05 9.97896E-05 9.97896E-05 9.97896E-05 9.97896E-05 9.97896E-05 0.00368334 9.97896E-05 9.97896E-05 9.97896E-05 9.97896E-05 9.97896E-05 9.97896E-05 9.97896E-05 9.97896E-05 9.97896E-05 9.97896E-05 0.0836781
0.00108214 9.98245E-05 9.98245E-05 0.0131874 9.98245E-05 9.98245E-05 9.98245E-05 9.98245E-05 9.98245E-05 9.98245E-05 0.0118842 9.98245E-05 9.98245E-05 9.98245E-05 0.00919597 9.98245E-05 9.98245E-05 9.98245E-05 0.0483587 9.98245E-05 9.98245E-05 0.0287493 9.98245E-05 0.721897 9.98245E-05 9.98245E-05 0.163648 9.98245E-05
9.97722E-05 9.97722E-05 9.97722E-05 9.97722E-05 9.97722E-05 9.97722E-05 9.97722E-05 9.97722E-05 9.97722E-05 9.97722E-05 9.97722E-05 9.97722E-05 9.97722E-05 9.97722E-05 9.97722E-05 9.97722E-05 9.97722E-05 0.0121894 9.97722E-05 9.97722E-05 9.97722E-05 9.97722E-05 9.97722E-05 0.985216 9.97722E-05 9.97722E-05 9.97722E-05 9.97722E-05
9.97896E-05 9.97896E-05 9.97896E-05 9.97896E-05 9.97896E-05 9.97896E-05 9.97896E-05 0.0565047 9.97896E-05 9.97896E-05 9.97896E-05 0.0334396 9.97896E-05 9.97896E-05 9.97896E-05 9.97896E-05 9.97896E-05 9.97896E-05 9.97896E-05 9.97896E-05 9.97896E-05 9.97896E-05 9.97896E-05 0.865386 9.97896E-05 9.97896E-05 9.97896E-05 0.0422751
0.172067 9.98246E-05 9.98246E-05 9.98246E-05 0.022295 9.98246E-05 9.98246E-05 9.98246E-05 9.98246E-05 9.98246E-05 9.98246E-05 0.0341476 9.98246E-05 9.98246E-05 9.98246E-05 9.98246E-05 9.98246E-05 9.98246E-05 0.250548 9.98246E-05 9.98246E-05 0.122817 0.00847266 0.34676 9.98246E-05 9.98246E-05 0.0408969 9.98246E-05
9.98242E-05 9.98242E-05 9.98242E-05 9.98242E-05 9.98242E-05 9.98242E-05 9.98242E-05 0.0104304 9.98242E-05 9.98242E-05 0.102585 0.00327835 9.98242E-05 0.0370411 9.98242E-05 9.98242E-05 9.98242E-05 9.98242E-05 9.98242E-05 9.98242E-05 9.98242E-05 0.0606856 9.98242E-05 0.698699 9.98242E-05 0.0615466 0.0237371 9.98242E-05
9.97891E-05 9.97891E-05 9.97891E-05 9.97891E-05 9.97891E-05 9.97891E-05 9.97891E-05 9.97891E-05 9.97891E-05 9.97891E-05 0.102315 9.97891E-05 9.97891E-05 9.97891E-05 9.97891E-05 9.97891E-05 9.97891E-05 9.97891E-05 9.97891E-05 9.97891E-05 9.97891E-05 0.0269194 9.97891E-05 0.682097 9.97891E-05 9.97891E-05 0.186274 9.97891E-05
9.9798E-05 0.0189991 9.9798E-05 9.9798E-05 9.9798E-05 9.9798E-05 9.9798E-05 9.9798E-05 9.9798E-05 9.9798E-05 9.9798E-05 9.9798E-05 9.9798E-05 9.9798E-05 0.00796089 9.9798E-05 9.9798E-05 9.9798E-05 0.255331 9.9798E-05 9.9798E-05 9.9798E-05 9.9798E-05 0.602868 9.9798E-05 9.9798E-05 0.112546 9.9798E-05
0.0674585 9.98243E-05 9.98243E-05 9.98243E-05 9.98243E-05 9.98243E-05 9.98243E-05 0.0648431 9.98243E-05 9.98243E-05 9.98243E-05 0.02609 9.98243E-05 9.98243E-05 9.98243E-05 9.98243E-05 9.98243E-05 9.98243E-05 0.0911904 9.98243E-05 9.98243E-05 0.0994218 0.00873672 0.584136 9.98243E-05 9.98243E-05 0.0561265 9.98243E-05
9.97896E-05 9.97896E-05 9.97896E-05 9.97896E-05 9.97896E-05 9.97896E-05 0.0115424 9.97896E-05 9.97896E-05 0.00369484 9.97896E-05 9.97896E-05 9.97896E-05 9.97896E-05 9.97896E-05 9.97896E-05 9.97896E-05 9.97896E-05 9.97896E-05 9.97896E-05 0.0290195 9.97896E-05 9.97896E-05 0.953348 9.97896E-05 9.97896E-05 9.97896E-05 9.97896E-05
9.97895E-05 0.0256369 9.97895E-05 9.97895E-05 9.97895E-05 9.97895E-05 9.97895E-05 9.97895E-05 9.97895E-05 9.97895E-05 9.97895E-05 9.97895E-05 9.97895E-05 9.97895E-05 0.0766666 9.97895E-05 9.97895E-05 9.97895E-05 9.97895E-05 9.97895E-05 9.97895E-05 0.0567169 9.97895E-05 0.838585 9.97895E-05 9.97895E-05 9.97895E-05 9.97895E-05
9.97892E-05 9.97892E-05 9.97892E-05 9.97892E-05 9.97892E-05 9.97892E-05 9.97892E-05 9.97892E-05 9.97892E-05 9.97892E-05 9.97892E-05 9.97892E-05 9.97892E-05 9.97892E-05 0.141822 9.97892E-05 9.97892E-05 9.97892E-05 9.97892E-05 9.97892E-05 9.97892E-05 0.0408122 9.97892E-05 0.549469 9.97892E-05 9.97892E-05 0.265502 9.97892E-05
9.98244E-05 9.98244E-05 9.98244E-05 0.111606 9.98244E-05 9.98244E-05 9.98244E-05 9.98244E-05 9.98244E-05 9.98244E-05 0.138154 0.0441886 9.98244E-05 0.0378119 0.0948743 9.98244E-05 9.98244E-05 9.98244E-05 0.0512054 9.98244E-05 9.98244E-05 9.98244E-05 9.98244E-05 0.455984 9.98244E-05 9.98244E-05 0.0641789 9.98244E-05
0.0862401 9.98155E-05 9.98155E-05 9.98155E-05 9.98155E-05 9.98155E-05 9.98155E-05 9.98155E-05 9.98155E-05 9.98155E-05 9.98155E-05 9.98155E-05 9.98155E-05 9.98155E-05 0.0883519 9.98155E-05 0.102682 0.0388997 9.98155E-05 9.98155E-05 9.98155E-05 0.0961105 0.00353237 0.582087 9.98155E-05 9.98155E-05 9.98155E-05 9.98155E-05
9.97982E-05 9.97982E-05 9.97982E-05 9.97982E-05 9.97982E-05 9.97982E-05 0.0119995 9.97982E-05 9.97982E-05 9.97982E-05 0.096957 9.97982E-05 9.97982E-05 9.97982E-05 9.97982E-05 9.97982E-05 0.0533719 9.97982E-05 9.97982E-05 9.97982E-05 9.97982E-05 9.97982E-05 9.97982E-05 0.553763 9.97982E-05 9.97982E-05 0.281613 9.97982E-05
0.00149843 9.97988E-05 9.97988E-05 9.97988E-05 9.97988E-05 9.97988E-05 9.97988E-05 9.97988E-05 9.97988E-05 9.97988E-05 9.97988E-05 9.97988E-05 9.97988E-05 0.0554235 9.97988E-05 9.97988E-05 9.97988E-05 0.0108432 9.97988E-05 9.97988E-05 0.0988859 9.97988E-05 9.97988E-05 0.831054 9.97988E-05 9.97988E-05 9.97988E-05 9.97988E-05
9.9781E-05 9.9781E-05 9.9781E-05 9.9781E-05 9.9781E-05 9.9781E-05 9.9781E-05 9.9781E-05 9.9781E-05 9.9781E-05 9.9781E-05 9.9781E-05 9.9781E-05 9.9781E-05 9.9781E-05 9.9781E-05 9.9781E-05 9.9781E-05 9.9781E-05 9.9781E-05 9.9781E-05 0.0282026 9.9781E-05 0.959118 9.9781E-05 9.9781E-05 0.0101847 9.9781E-05
0.169002 9.97979E-05 9.97979E-05 9.97979E-05 9.97979E-05 9.97979E-05 9.97979E-05 0.0498833 9.97979E-05 9.97979E-05 9.97979E-05 0.0193158 9.97979E-05 9.97979E-05 9.97979E-05 9.97979E-05 9.97979E-05 9.97979E-05 9.97979E-05 9.97979E-05 9.97979E-05 9.97979E-05 0.16119 0.598313 9.97979E-05 9.97979E-05 9.97979E-05 9.97979E-05
9.97981E-05 0.0254389 9.97981E-05 9.97981E-05 9.97981E-05 9.97981E-05 9.97981E-05 9.97981E-05 9.97981E-05 9.97981E-05 0.179693 9.97981E-05 9.97981E-05 9.97981E-05 0.133421 9.97981E-05 9.97981E-05 9.97981E-05 9.97981E-05 9.97981E-05 9.97981E-05 9.97981E-05 0.0835617 0.57559 9.97981E-05 9.97981E-05 9.97981E-05 9.97981E-05
9.97894E-05 9.97894E-05 9.97894E-05 9.97894E-05 9.97894E-05 9.97894E-05 9.97894E-05 0.068263 9.97894E-05 9.97894E-05 9.97894E-05 9.97894E-05 9.97894E-05 9.97894E-05 0.0246728 9.97894E-05 9.97894E-05 9.97894E-05 9.97894E-05 9.97894E-05 9.97894E-05 9.97894E-05 9.97894E-05 0.858135 9.97894E-05 9.97894E-05 0.046534 9.97894E-05
9.97892E-05 9.97892E-05 9.97892E-05 9.97892E-05 9.97892E-05 9.97892E-05 9.97892E-05 9.97892E-05 9.97892E-05 9.97892E-05 9.97892E-05 9.97892E-05 9.97892E-05 9.97892E-05 9.97892E-05 9.97892E-05 9.97892E-05 0.0568248 9.97892E-05 9.97892E-05 0.174346 9.97892E-05 9.97892E-05 0.543345 9.97892E-05 9.97892E-05 0.223089 9.97892E-05
9.97725E-05 9.97725E-05 9.97725E-05 9.97725E-05 9.97725E-05 9.97725E-05 9.97725E-05 9.97725E-05 0.056586 9.97725E-05 9.97725E-05 9.97725E-05 9.97725E-05 9.97725E-05 9.97725E-05 9.97725E-05 9.97725E-05 9.97725E-05 9.97725E-05 9.97725E-05 9.97725E-05 9.97725E-05 9.97725E-05 0.94082 9.97725E-05 9.97725E-05 9.97725E-05 9.97725E-05
0.0455791 9.98157E-05 9.98157E-05 0.0709183 9.98157E-05 9.98157E-05 9.98157E-05 9.98157E-05 9.98157E-05 9.98157E-05 0.236923 9.98157E-05 9.98157E-05 9.98157E-05 9.98157E-05 9.98157E-05 9.98157E-05 9.98157E-05 0.0197345 9.98157E-05 9.98157E-05 9.98157E-05 0.0850996 0.524329 9.98157E-05 9.98157E-05 0.0153207 9.98157E-05
0.162781 9.97983E-05 9.97983E-05 9.97983E-05 9.97983E-05 9.97983E-05 9.97983E-05 9.97983E-05 9.97983E-05 0.142628 0.0850461 9.97983E-05 9.97983E-05 9.97983E-05 9.97983E-05 9.97983E-05 9.97983E-05 9.97983E-05 0.0488651 9.97983E-05 9.97983E-05 9.97983E-05 9.97983E-05 0.558385 9.97983E-05 9.97983E-05 9.97983E-05 9.97983E-05
0.0115546 9.98333E-05 9.98333E-05 9.98333E-05 9.98333E-05 9.98333E-05 0.00422864 0.0228447 9.98333E-05 9.98333E-05 9.98333E-05 0.0562279 9.98333E-05 9.98333E-05 9.98333E-05 9.98333E-05 9.98333E-05 9.98333E-05 9.98333E-05 9.98333E-05 9.98333E-05 0.0273267 0.136252 0.640913 0.0725125 9.98333E-05 0.026243 9.98333E-05
9.97804E-05 9.97804E-05 9.97804E-05 9.97804E-05 9.97804E-05 9.97804E-05 9.97804E-05 9.97804E-05 9.97804E-05 9.97804E-05 9.97804E-05 9.97804E-05 9.97804E-05 9.97804E-05 0.133881 9.97804E-05 9.97804E-05 9.97804E-05 9.97804E-05 9.97804E-05 9.97804E-05 9.97804E-05 9.97804E-05 0.86109 9.97804E-05 9.97804E-05 0.0025353 9.97804E-05
9.97986E-05 9.97986E-05 9.97986E-05 9.97986E-05 9.97986E-05 9.97986E-05 9.97986E-05 9.97986E-05 0.00299637 9.97986E-05 9.97986E-05 9.97986E-05 9.97986E-05 9.97986E-05 0.00858473 9.97986E-05 9.97986E-05 9.97986E-05 9.97986E-05 9.97986E-05 9.97986E-05 0.00344326 9.97986E-05 0.933803 9.97986E-05 0.0488772 9.97986E-05 9.97986E-05
9.97721E-05 9.97721E-05 9.97721E-05 9.97721E-05 9.97721E-05 9.97721E-05 9.97721E-05 9.97721E-05 9.97721E-05 9.97721E-05 9.97721E-05 9.97721E-05 9.97721E-05 9.97721E-05 9.97721E-05 9.97721E-05 9.97721E-05 9.97721E-05 9.97721E-05 0.0731793 9.97721E-05 9.97721E-05 9.97721E-05 0.924227 9.97721E-05 9.97721E-05 9.97721E-05 9.97721E-05
9.97634E-05 9.97634E-05 9.97634E-05 9.97634E-05 9.97634E-05 9.97634E-05 9.97634E-05 9.97634E-05 9.97634E-05 9.97634E-05 9.97634E-05 9.97634E-05 9.97634E-05 9.97634E-05 9.97634E-05 9.97634E-05 9.97634E-05 9.97634E-05 9.97634E-05 9.97634E-05 9.97634E-05 9.97634E-05 9.97634E-05 0.997306 9.97634E-05 9.97634E-05 9.97634E-05 9.97634E-05
9.97896E-05 9.97896E-05 9.97896E-05 9.97896E-05 9.97896E-05 9.97896E-05 9.97896E-05 0.0659942 9.97896E-05 9.97896E-05 9.97896E-05 9.97896E-05 9.97896E-05 9.97896E-05 9.97896E-05 9.97896E-05 9.97896E-05 9.97896E-05 9.97896E-05 9.97896E-05 9.97896E-05 0.0101081 9.97896E-05 0.891112 9.97896E-05 9.97896E-05 0.0303905 9.97896E-05
9.97985E-05 9.97985E-05 9.97985E-05 9.97985E-05 9.97985E-05 9.97985E-05 9.97985E-05 9.97985E-05 9.97985E-05 0.277619 9.97985E-05 9.97985E-05 9.97985E-05 9.97985E-05 9.97985E-05 9.97985E-05 9.97985E-05 9.97985E-05 9.97985E-05 9.97985E-05 0.0111149 0.00392497 9.97985E-05 0.556348 9.97985E-05 9.97985E-05 0.148698 9.97985E-05
0.835703 9.97809E-05 9.97809E-05 9.97809E-05 9.97809E-05 9.97809E-05 9.97809E-05 9.97809E-05 9.97809E-05 9.97809E-05 9.97809E-05 9.97809E-05 9.97809E-05 9.97809E-05 9.97809E-05 9.97809E-05 9.97809E-05 9.97809E-05 9.97809E-05 9.97809E-05 9.97809E-05 0.0339531 9.97809E-05 9.97809E-05 9.97809E-05 9.97809E-05 0.127849 9.97809E-05
9.97807E-05 9.97807E-05 0.312468 9.97807E-05 9.97807E-05 9.97807E-05 9.97807E-05 9.97807E-05 0.0601236 9.97807E-05 9.97807E-05 9.97807E-05 9.97807E-05 9.97807E-05 9.97807E-05 9.97807E-05 9.97807E-05 9.97807E-05 9.97807E-05 0.624914 9.97807E-05 9.97807E-05 9.97807E-05 9.97807E-05 9.97807E-05 9.97807E-05 9.97807E-05 9.97807E-05
0.636081 9.98156E-05 0.0905319 9.98156E-05 0.013368 9.98156E-05 9.98156E-05 0.0653731 9.98156E-05 9.98156E-05 0.076574 9.98156E-05 9.98156E-05 9.98156E-05 9.98156E-05 9.98156E-05 0.0848371 9.98156E-05 9.98156E-05 9.98156E-05 9.98156E-05 9.98156E-05 9.98156E-05 9.98156E-05 9.98156E-05 9.98156E-05 0.0311391 9.98156E-05
0.754358 9.98069E-05 9.98069E-05 9.98069E-05 9.98069E-05 9.98069E-05 9.98069E-05 0.0581749 9.98069E-05 9.98069E-05 9.98069E-05 9.98069E-05 9.98069E-05 0.0131643 0.0132595 9.98069E-05 9.98069E-05 9.98069E-05 9.98069E-05 9.98069E-05 9.98069E-05 0.0741333 9.98069E-05 9.98069E-05 9.98069E-05 9.98069E-05 0.0847138 9.98069E-05
0.87325 9.97805E-05 9.97805E-05 9.97805E-05 9.97805E-05 9.97805E-05 9.97805E-05 9.97805E-05 9.97805E-05 9.97805E-05 9.97805E-05 9.97805E-05 9.97805E-05 0.0562616 9.97805E-05 9.97805E-05 9.97805E-05 9.97805E-05 9.97805E-05 9.97805E-05 9.97805E-05 0.0679936 9.97805E-05 9.97805E-05 9.97805E-05 9.97805E-05 9.97805E-05 9.97805E-05
0.51951 0.113972 9.97984E-05 9.97984E-05 9.97984E-05 9.97984E-05 9.97984E-05 9.97984E-05 9.97984E-05 0.06562 9.97984E-05 9.97984E-05 9.97984E-05 9.97984E-05 9.97984E-05 9.97984E-05 9.97984E-05 9.97984E-05 9.97984E-05 9.97984E-05 9.97984E-05 0.195383 9.97984E-05 9.97984E-05 9.97984E-05 9.97984E-05 0.103219 9.97984E-05
0.531014 9.98156E-05 0.0336884 9.98156E-05 9.98156E-05 9.98156E-05 9.98156E-05 0.0405813 9.98156E-05 0.153776 0.0760281 9.98156E-05 9.98156E-05 9.98156E-05 9.98156E-05 9.98156E-05 9.98156E-05 9.98156E-05 9.98156E-05 9.98156E-05 9.98156E-05 0.0992981 9.98156E-05 9.98156E-05 9.98156E-05 9.98156E-05 0.0635187 9.98156E-05
0.79585 9.97807E-05 9.97807E-05 9.97807E-05 9.97807E-05 9.97807E-05 9.97807E-05 9.97807E-05 9.97807E-05 9.97807E-05 9.97807E-05 9.97807E-05 9.97807E-05 9.97807E-05 9.97807E-05 9.97807E-05 9.97807E-05 9.97807E-05 9.97807E-05 9.97807E-05 9.97807E-05 0.182593 9.97807E-05 9.97807E-05 9.97807E-05 9.97807E-05 0.0190622 9.97807E-05
0.366053 9.97982E-05 9.97982E-05 9.97982E-05 9.97982E-05 9.97982E-05 9.97982E-05 9.97982E-05 9.97982E-05 9.97982E-05 9.97982E-05 9.97982E-05 9.97982E-05 9.97982E-05 0.0202311 9.97982E-05 9.97982E-05 9.97982E-05 0.16197 9.97982E-05 0.0675628 0.381887 9.97982E-05 9.97982E-05 9.97982E-05 9.97982E-05 9.97982E-05 9.97982E-05
0.401253 0.096928 9.9807E-05 9.9807E-05 9.9807E-05 9.9807E-05 9.9807E-05 0.0239895 9.9807E-05 9.9807E-05 9.9807E-05 9.9807E-05 9.9807E-05 9.9807E-05 9.9807E-05 9.9807E-05 9.9807E-05 9.9807E-05 9.9807E-05 0.0940742 9.9807E-05 0.104077 9.9807E-05 9.9807E-05 9.9807E-05 9.9807E-05 0.277482 9.9807E-05
0.280972 9.9807E-05 0.232124 9.9807E-05 9.9807E-05 9.9807E-05 9.9807E-05 9.9807E-05 0.328299 9.9807E-05 9.9807E-05 9.9807E-05 9.9807E-05 9.9807E-05 9.9807E-05 9.9807E-05 9.9807E-05 9.9807E-05 0.12418 9.9807E-05 9.9807E-05 0.000156777 9.9807E-05 9.9807E-05 9.9807E-05 9.9807E-05 0.0320722 9.9807E-05
0.680608 9.97984E-05 9.97984E-05 9.97984E-05 9.97984E-05 0.0255108 9.97984E-05 9.97984E-05 0.141817 9.97984E-05 9.97984E-05 9.97984E-05 9.97984E-05 9.97984E-05 9.97984E-05 9.97984E-05 9.97984E-05 9.97984E-05 0.119894 9.97984E-05 9.97984E-05 9.97984E-05 9.97984E-05 9.97984E-05 9.97984E-05 9.97984E-05 0.0298749 9.97984E-05
0.590249 9.98072E-05 0.155626 9.98072E-05 9.98072E-05 9.98072E-05 9.98072E-05 0.0460389 9.98072E-05 0.124225 9.98072E-05 9.98072E-05 9.98072E-05 9.98072E-05 9.98072E-05 9.98072E-05 9.98072E-05 0.004708 9.98072E-05 9.98072E-05 9.98072E-05 0.0769573 9.98072E-05 9.98072E-05 9.98072E-05 9.98072E-05 9.98072E-05 9.98072E-05
0.490354 9.97897E-05 9.97897E-05 9.97897E-05 9.97897E-05 9.97897E-05 9.97897E-05 9.97897E-05 9.97897E-05 0.189163 9.97897E-05 9.97897E-05 9.97897E-05 9.97897E-05 9.97897E-05 9.97897E-05 9.97897E-05 9.97897E-05 9.97897E-05 9.97897E-05 9.97897E-05 0.128646 9.97897E-05 9.97897E-05 9.97897E-05 9.97897E-05 0.189442 9.97897E-05
0.538728 9.98159E-05 9.98159E-05 9.98159E-05 9.98159E-05 9.98159E-05 9.98159E-05 0.124856 9.98159E-05 0.198391 9.98159E-05 9.98159E-05 9.98159E-05 9.98159E-05 0.00388226 9.98159E-05 9.98159E-05 0.0182848 9.98159E-05 0.0602188 9.98159E-05 0.0535431 9.98159E-05 9.98159E-05 9.98159E-05 9.98159E-05 9.98159E-05 9.98159E-05
0.550335 0.031197 0.0929568 9.98159E-05 9.98159E-05 9.98159E-05 9.98159E-05 9.98159E-05 9.98159E-05 9.98159E-05 9.98159E-05 9.98159E-05 9.98159E-05 9.98159E-05 9.98159E-05 9.98159E-05 9.98159E-05 9.98159E-05 0.115259 9.98159E-05 0.0905129 0.000984347 9.98159E-05 9.98159E-05 9.98159E-05 9.98159E-05 0.116659 9.98159E-05
0.429191 9.98159E-05 9.98159E-05 9.98159E-05 9.98159E-05 9.98159E-05 9.98159E-05 9.98159E-05 0.113708 9.98159E-05 0.0086121 9.98159E-05 9.98159E-05 9.98159E-05 9.98159E-05 9.98159E-05 9.98159E-05 9.98159E-05 0.16333 9.98159E-05 9.98159E-05 0.063039 9.98159E-05 9.98159E-05 9.98159E-05 0.180294 0.0397301 9.98159E-05
0.634506 9.98161E-05 9.98161E-05 9.98161E-05 9.98161E-05 9.98161E-05 9.98161E-05 9.98161E-05 0.107155 9.98161E-05 0.0795556 0.0135589 9.98161E-05 0.0525637 9.98161E-05 9.98161E-05 9.98161E-05 9.98161E-05 9.98161E-05 9.98161E-05 9.98161E-05 0.0963891 9.98161E-05 9.98161E-05 0.014175 9.98161E-05 9.98161E-05 9.98161E-05
0.83096 9.97898E-05 9.97898E-05 9.97898E-05 9.97898E-05 9.97898E-05 9.97898E-05 9.97898E-05 0.120874 9.97898E-05 9.97898E-05 9.97898E-05 9.97898E-05 0.0092469 0.0365242 9.97898E-05 9.97898E-05 9.97898E-05 9.97898E-05 9.97898E-05 9.97898E-05 9.97898E-05 9.97898E-05 9.97898E-05 9.97898E-05 9.97898E-05 9.97898E-05 9.97898E-05
0.275174 9.98508E-05 0.043439 0.0404068 9.98508E-05 9.98508E-05 9.98508E-05 9.98508E-05 0.200821 0.0564233 9.98508E-05 9.98508E-05 9.98508E-05 9.98508E-05 0.0164022 9.98508E-05 9.98508E-05 0.0147058 9.98508E-05 9.98508E-05 0.120795 0.0993285 9.98508E-05 9.98508E-05 9.98508E-05 0.0220215 0.108785 9.98508E-05
0.601987 0.0658057 9.98071E-05 9.98071E-05 9.98071E-05 9.98071E-05 9.98071E-05 9.98071E-05 0.0827948 9.98071E-05 9.98071E-05 9.98071E-05 9.98071E-05 9.98071E-05 9.98071E-05 9.98071E-05 9.98071E-05 9.98071E-05 0.100239 9.98071E-05 9.98071E-05 0.0178101 9.98071E-05 9.98071E-05 9.98071E-05 9.98071E-05 0.129167 9.98071E-05
0.87868 9.97983E-05 9.97983E-05 9.97983E-05 9.97983E-05 9.97983E-05 9.97983E-05 0.0141986 0.0704522 9.97983E-05 9.97983E-05 9.97983E-05 9.97983E-05 9.97983E-05 0.00814394 9.97983E-05 9.97983E-05 9.97983E-05 9.97983E-05 9.97983E-05 9.97983E-05 9.97983E-05 9.97983E-05 9.97983E-05 9.97983E-05 9.97983E-05 0.0262298 9.97983E-05
0.490777 9.97982E-05 9.97982E-05 9.97982E-05 9.97982E-05 9.97982E-05 9.97982E-05 9.97982E-05 9.97982E-05 9.97982E-05 9.97982E-05 9.97982E-05 9.97982E-05 9.97982E-05 9.97982E-05 9.97982E-05 9.97982E-05 9.97982E-05 0.0162133 9.97982E-05 9.97982E-05 0.225728 9.97982E-05 9.97982E-05 9.97982E-05 0.0831481 0.181839 9.97982E-05
0.603657 9.97985E-05 9.97985E-05 9.97985E-05 0.0323145 9.97985E-05 9.97985E-05 9.97985E-05 0.205863 9.97985E-05 9.97985E-05 9.97985E-05 9.97985E-05 0.000100704 9.97985E-05 9.97985E-05 9.97985E-05 9.97985E-05 9.97985E-05 9.97985E-05 9.97985E-05 0.15577 9.97985E-05 9.97985E-05 9.97985E-05 9.97985E-05 9.97985E-05 9.97985E-05
0.426175 9.98069E-05 9.98069E-05 9.98069E-05 9.98069E-05 9.98069E-05 9.98069E-05 9.98069E-05 9.98069E-05 9.98069E-05 9.98069E-05 9.98069E-05 9.98069E-05 9.98069E-05 9.98069E-05 0.068914 9.98069E-05 9.98069E-05 0.0209866 9.98069E-05 9.98069E-05 0.23981 9.98069E-05 9.98069E-05 9.98069E-05 0.0299928 0.211925 9.98069E-05
0.0760074 9.98157E-05 0.618548 9.98157E-05 9.98157E-05 9.98157E-05 9.98157E-05 9.98157E-05 9.98157E-05 9.98157E-05 0.0290642 9.98157E-05 9.98157E-05 9.98157E-05 9.98157E-05 9.98157E-05 9.98157E-05 9.98157E-05 0.036062 9.98157E-05 9.98157E-05 0.0884798 9.98157E-05 0.0458552 9.98157E-05 9.98157E-05 0.103887 9.98157E-05
9.98157E-05 9.98157E-05 9.98157E-05 9.98157E-05 9.98157E-05 9.98157E-05 0.133978 9.98157E-05 9.98157E-05 0.725425 9.98157E-05 0.000384793 0.0246137 0.0649662 9.98157E-05 9.98157E-05 9.98157E-05 9.98157E-05 9.98157E-05 0.0482944 9.98157E-05 9.98157E-05 9.98157E-05 9.98157E-05 9.98157E-05 9.98157E-05 0.000241813 9.98157E-05
0.884211 9.97893E-05 9.97893E-05 9.97893E-05 9.97893E-05 9.97893E-05 9.97893E-05 9.97893E-05 9.97893E-05 9.97893E-05 9.97893E-05 9.97893E-05 9.97893E-05 9.97893E-05 9.97893E-05 9.97893E-05 9.97893E-05 9.97893E-05 9.97893E-05 9.97893E-05 9.97893E-05 0.0441588 0.0313981 9.97893E-05 9.97893E-05 9.97893E-05 0.0378375 9.97893E-05
0.643664 9.97983E-05 9.97983E-05 9.97983E-05 9.97983E-05 9.97983E-05 9.97983E-05 9.97983E-05 9.97983E-05 9.97983E-05 9.97983E-05 9.97983E-05 9.97983E-05 9.97983E-05 9.97983E-05 9.97983E-05 9.97983E-05 9.97983E-05 0.0781124 9.97983E-05 9.97983E-05 0.162129 9.97983E-05 9.97983E-05 9.97983E-05 0.00938037 0.104419 9.97983E-05
0.417634 9.98069E-05 9.98069E-05 9.98069E-05 9.98069E-05 9.98069E-05 9.98069E-05 9.98069E-05 9.98069E-05 9.98069E-05 9.98069E-05 9.98069E-05 9.98069E-05 0.130469 0.015874 9.98069E-05 9.98069E-05 9.98069E-05 9.98069E-05 0.368522 9.98069E-05 9.98069E-05 9.98069E-05 9.98069E-05 9.98069E-05 0.00287454 0.0624316 9.98069E-05
0.410112 9.97982E-05 0.412715 9.97982E-05 9.97982E-05 9.97982E-05 9.97982E-05 9.97982E-05 9.97982E-05 9.97982E-05 9.97982E-05 9.97982E-05 9.97982E-05 9.97982E-05 0.0159624 9.97982E-05 9.97982E-05 0.0209187 9.97982E-05 9.97982E-05 9.97982E-05 9.97982E-05 9.97982E-05 9.97982E-05 9.97982E-05 9.97982E-05 0.137996 9.97982E-05
0.843146 9.97896E-05 9.97896E-05 9.97896E-05 9.97896E-05 9.97896E-05 9.97896E-05 9.97896E-05 9.97896E-05 0.101171 9.97896E-05 9.97896E-05 9.97896E-05 9.97896E-05 9.97896E-05 9.97896E-05 9.97896E-05 0.0403335 9.97896E-05 9.97896E-05 9.97896E-05 9.97896E-05 9.97896E-05 9.97896E-05 9.97896E-05 0.012955 9.97896E-05 9.97896E-05
0.330045 9.97981E-05 9.97981E-05 9.97981E-05 9.97981E-05 9.97981E-05 9.97981E-05 9.97981E-05 9.97981E-05 9.97981E-05 9.97981E-05 9.97981E-05 9.97981E-05 0.111045 9.97981E-05 9.97981E-05 9.97981E-05 9.97981E-05 9.97981E-05 9.97981E-05 9.97981E-05 0.255705 9.97981E-05 9.97981E-05 9.97981E-05 0.142359 0.158551 9.97981E-05
0.855108 9.97806E-05 9.97806E-05 9.97806E-05 9.97806E-05 9.97806E-05 9.97806E-05 9.97806E-05 9.97806E-05 9.97806E-05 0.119313 9.97806E-05 9.97806E-05 9.97806E-05 9.97806E-05 9.97806E-05 9.97806E-05 9.97806E-05 9.97806E-05 9.97806E-05 9.97806E-05 9.97806E-05 9.97806E-05 9.97806E-05 9.97806E-05 9.97806E-05 0.0230846 9.97806E-05
0.731812 9.97807E-05 0.204759 9.97807E-05 9.97807E-05 9.97807E-05 9.97807E-05 9.97807E-05 9.97807E-05 9.97807E-05 9.97807E-05 9.97807E-05 9.97807E-05 9.97807E-05 9.97807E-05 9.97807E-05 9.97807E-05 9.97807E-05 9.97807E-05 9.97807E-05 9.97807E-05 9.97807E-05 9.97807E-05 9.97807E-05 9.97807E-05 9.97807E-05 0.0609344 9.97807E-05
