9.98421E-05 0.0731673 0.056911 0.0275857 0.0708146 9.98421E-05 9.98421E-05 9.98421E-05 9.98421E-05 9.98421E-05 9.98421E-05 9.98421E-05 9.98421E-05 9.98421E-05 9.98421E-05 0.0122229 9.98421E-05 9.98421E-05 9.98421E-05 9.98421E-05 0.41541 0.0374958 9.98421E-05 0.103507 9.98421E-05 9.98421E-05 0.201089
9.97896E-05 9.97896E-05 9.97896E-05 0.095943 9.97896E-05 9.97896E-05 9.97896E-05 9.97896E-05 9.97896E-05 9.97896E-05 9.97896E-05 9.97896E-05 9.97896E-05 9.97896E-05 0.0323897 9.97896E-05 9.97896E-05 9.97896E-05 9.97896E-05 9.97896E-05 0.869272 9.97896E-05 9.97896E-05 9.97896E-05 9.97896E-05 9.97896E-05 9.97896E-05
9.97807E-05 0.0124231 9.97807E-05 9.97807E-05 9.97807E-05 9.97807E-05 9.97807E-05 9.97807E-05 9.97807E-05 9.97807E-05 9.97807E-05 9.97807E-05 9.97807E-05 9.97807E-05 9.97807E-05 9.97807E-05 9.97807E-05 9.97807E-05 9.97807E-05 9.97807E-05 9.97807E-05 9.97807E-05 0.985082 9.97807E-05 9.97807E-05 9.97807E-05 9.97807E-05
9.98596E-05 9.98596E-05 9.98596E-05 9.98596E-05 0.0192326 9.98596E-05 9.98596E-05 0.108394 9.98596E-05 0.101817 9.98596E-05 0.0204108 0.0351912 9.98596E-05 0.0223986 9.98596E-05 9.98596E-05 0.00573216 9.98596E-05 0.212979 9.98596E-05 0.340657 0.0102294 0.12136 9.98596E-05 9.98596E-05 9.98596E-05
0.0518611 9.98071E-05 9.98071E-05 9.98071E-05 9.98071E-05 9.98071E-05 9.98071E-05 9.98071E-05 0.00566307 0.0166216 9.98071E-05 9.98071E-05 0.00349294 9.98071E-05 9.98071E-05 9.98071E-05 9.98071E-05 9.98071E-05 9.98071E-05 9.98071E-05 0.920166 9.98071E-05 9.98071E-05 9.98071E-05 9.98071E-05 9.98071E-05 9.98071E-05
9.98335E-05 9.98335E-05 9.98335E-05 9.98335E-05 0.0204851 9.98335E-05 9.98335E-05 0.159642 0.0460977 9.98335E-05 9.98335E-05 9.98335E-05 0.103917 9.98335E-05 0.0320429 9.98335E-05 9.98335E-05 0.20624 9.98335E-05 9.98335E-05 9.98335E-05 9.98335E-05 0.306213 9.98335E-05 9.98335E-05 9.98335E-05 0.123465
9.98685E-05 0.0633337 9.98685E-05 0.00563222 0.00187074 9.98685E-05 9.98685E-05 9.98685E-05 9.98685E-05 9.98685E-05 9.98685E-05 9.98685E-05 0.0502785 0.00785162 0.149082 0.0470815 9.98685E-05 9.98685E-05 9.98685E-05 9.98685E-05 9.98685E-05 0.228104 9.98685E-05 0.0803217 0.113576 0.0394642 0.211907
0.101886 9.98421E-05 0.0394012 9.98421E-05 9.98421E-05 9.98421E-05 9.98421E-05 0.000919815 0.0913894 9.98421E-05 9.98421E-05 9.98421E-05 0.0474941 9.98421E-05 9.98421E-05 9.98421E-05 9.98421E-05 0.136408 9.98421E-05 9.98421E-05 9.98421E-05 0.251272 9.98421E-05 0.204309 9.98421E-05 9.98421E-05 0.125124
9.98508E-05 0.0729785 9.98508E-05 0.0316874 0.190851 9.98508E-05 9.98508E-05 0.0178793 9.98508E-05 0.155106 9.98508E-05 9.98508E-05 9.98508E-05 0.000981355 9.98508E-05 9.98508E-05 9.98508E-05 0.168161 9.98508E-05 9.98508E-05 9.98508E-05 0.0509251 0.253072 0.0566606 9.98508E-05 9.98508E-05 9.98508E-05
9.97893E-05 0.00371627 9.97893E-05 9.97893E-05 9.97893E-05 9.97893E-05 9.97893E-05 9.97893E-05 9.97893E-05 9.97893E-05 9.97893E-05 9.97893E-05 9.97893E-05 9.97893E-05 9.97893E-05 9.97893E-05 9.97893E-05 9.97893E-05 9.97893E-05 9.97893E-05 0.748389 0.2455 9.97893E-05 9.97893E-05 9.97893E-05 9.97893E-05 9.97893E-05
9.98333E-05 9.98333E-05 9.98333E-05 9.98333E-05 0.0882515 9.98333E-05 9.98333E-05 9.98333E-05 9.98333E-05 0.0725494 9.98333E-05 0.0437371 9.98333E-05 9.98333E-05 0.0292341 9.98333E-05 9.98333E-05 0.0765122 0.0110932 9.98333E-05 9.98333E-05 0.581236 9.98333E-05 9.98333E-05 9.98333E-05 9.98333E-05 0.0954895
9.97983E-05 9.97983E-05 9.97983E-05 9.97983E-05 9.97983E-05 9.97983E-05 9.97983E-05 9.97983E-05 9.97983E-05 9.97983E-05 0.0552703 9.97983E-05 9.97983E-05 9.97983E-05 9.97983E-05 9.97983E-05 0.00444343 9.97983E-05 9.97983E-05 9.97983E-05 9.97983E-05 9.97983E-05 0.909618 9.97983E-05 9.97983E-05 9.97983E-05 0.0283729
9.97896E-05 9.97896E-05 9.97896E-05 9.97896E-05 0.0165689 9.97896E-05 9.97896E-05 9.97896E-05 9.97896E-05 9.97896E-05 9.97896E-05 9.97896E-05 9.97896E-05 9.97896E-05 9.97896E-05 9.97896E-05 9.97896E-05 9.97896E-05 9.97896E-05 9.97896E-05 0.893137 9.97896E-05 9.97896E-05 0.0878993 9.97896E-05 9.97896E-05 9.97896E-05
9.98245E-05 9.98245E-05 9.98245E-05 9.98245E-05 0.0175746 0.0297128 0.022214 0.0291538 9.98245E-05 9.98245E-05 9.98245E-05 9.98245E-05 9.98245E-05 9.98245E-05 0.0190349 9.98245E-05 9.98245E-05 9.98245E-05 9.98245E-05 9.98245E-05 9.98245E-05 0.877045 9.98245E-05 9.98245E-05 9.98245E-05 0.00326839 9.98245E-05
9.98246E-05 9.98246E-05 9.98246E-05 9.98246E-05 0.102289 9.98246E-05 0.0366175 0.0268544 9.98246E-05 9.98246E-05 9.98246E-05 9.98246E-05 9.98246E-05 0.0575611 9.98246E-05 9.98246E-05 9.98246E-05 0.144456 9.98246E-05 9.98246E-05 0.356782 9.98246E-05 9.98246E-05 9.98246E-05 9.98246E-05 9.98246E-05 0.273443
0.150798 9.98333E-05 9.98333E-05 9.98333E-05 0.0579971 9.98333E-05 9.98333E-05 9.98333E-05 9.98333E-05 0.0879091 9.98333E-05 9.98333E-05 9.98333E-05 9.98333E-05 9.98333E-05 9.98333E-05 9.98333E-05 0.152624 9.98333E-05 0.113433 0.219408 9.98333E-05 9.98333E-05 0.0606737 9.98333E-05 9.98333E-05 0.155261
9.98247E-05 9.98247E-05 0.0521477 0.0346039 0.0303796 9.98247E-05 0.220426 9.98247E-05 9.98247E-05 9.98247E-05 9.98247E-05 9.98247E-05 9.98247E-05 9.98247E-05 9.98247E-05 9.98247E-05 9.98247E-05 9.98247E-05 9.98247E-05 9.98247E-05 9.98247E-05 0.253788 0.403284 0.00337399 9.98247E-05 9.98247E-05 9.98247E-05
9.98334E-05 0.0821513 9.98334E-05 9.98334E-05 0.108918 9.98334E-05 9.98334E-05 9.98334E-05 9.98334E-05 9.98334E-05 9.98334E-05 0.0211858 9.98334E-05 9.98334E-05 9.98334E-05 9.98334E-05 9.98334E-05 0.011314 0.16293 9.98334E-05 9.98334E-05 0.212367 9.98334E-05 0.135341 9.98334E-05 9.98334E-05 0.263896
9.98246E-05 9.98246E-05 9.98246E-05 9.98246E-05 0.20469 9.98246E-05 9.98246E-05 9.98246E-05 9.98246E-05 9.98246E-05 9.98246E-05 9.98246E-05 0.140465 9.98246E-05 0.0110143 9.98246E-05 9.98246E-05 0.15355 9.98246E-05 9.98246E-05 0.179184 9.98246E-05 0.192109 0.116991 9.98246E-05 9.98246E-05 9.98246E-05
9.97982E-05 9.97982E-05 9.97982E-05 9.97982E-05 9.97982E-05 9.97982E-05 9.97982E-05 9.97982E-05 9.97982E-05 9.97982E-05 9.97982E-05 0.000969891 9.97982E-05 9.97982E-05 9.97982E-05 9.97982E-05 9.97982E-05 9.97982E-05 9.97982E-05 9.97982E-05 0.368689 0.0244461 0.6036 9.97982E-05 9.97982E-05 9.97982E-05 9.97982E-05
9.98246E-05 9.98246E-05 9.98246E-05 9.98246E-05 9.98246E-05 9.98246E-05 9.98246E-05 0.0175952 9.98246E-05 0.222419 9.98246E-05 9.98246E-05 9.98246E-05 9.98246E-05 0.00228696 9.98246E-05 0.088351 0.0576391 9.98246E-05 9.98246E-05 9.98246E-05 0.554167 0.0555444 9.98246E-05 9.98246E-05 9.98246E-05 9.98246E-05
9.98161E-05 9.98161E-05 9.98161E-05 9.98161E-05 9.98161E-05 9.98161E-05 9.98161E-05 9.98161E-05 0.250531 9.98161E-05 9.98161E-05 9.98161E-05 0.0645718 9.98161E-05 9.98161E-05 9.98161E-05 9.98161E-05 0.133723 9.98161E-05 9.98161E-05 9.98161E-05 9.98161E-05 0.302478 0.242013 0.00458755 9.98161E-05 9.98161E-05
9.98247E-05 9.98247E-05 9.98247E-05 9.98247E-05 0.0598753 9.98247E-05 9.98247E-05 0.00896542 9.98247E-05 9.98247E-05 9.98247E-05 9.98247E-05 9.98247E-05 9.98247E-05 0.00925933 9.98247E-05 9.98247E-05 9.98247E-05 9.98247E-05 0.0596065 0.224571 0.373634 9.98247E-05 9.98247E-05 9.98247E-05 9.98247E-05 0.262093
0.0603987 0.0705948 9.98421E-05 9.98421E-05 0.217279 9.98421E-05 9.98421E-05 0.0340768 9.98421E-05 9.98421E-05 9.98421E-05 9.98421E-05 9.98421E-05 9.98421E-05 9.98421E-05 9.98421E-05 0.0347486 9.98421E-05 9.98421E-05 9.98421E-05 0.0449317 0.119296 0.22421 0.192667 9.98421E-05 9.98421E-05 9.98421E-05
9.9842E-05 9.9842E-05 9.9842E-05 9.9842E-05 0.271589 9.9842E-05 9.9842E-05 0.141668 9.9842E-05 9.9842E-05 9.9842E-05 0.0465981 9.9842E-05 9.9842E-05 9.9842E-05 9.9842E-05 9.9842E-05 0.020235 9.9842E-05 9.9842E-05 0.011087 0.313234 0.0388986 0.0547826 9.9842E-05 0.100111 9.9842E-05
9.98071E-05 9.98071E-05 9.98071E-05 9.98071E-05 0.0656489 9.98071E-05 9.98071E-05 0.0562999 9.98071E-05 0.0173494 9.98071E-05 9.98071E-05 9.98071E-05 9.98071E-05 9.98071E-05 9.98071E-05 9.98071E-05 9.98071E-05 9.98071E-05 9.98071E-05 9.98071E-05 9.98071E-05 0.824782 0.033724 9.98071E-05 9.98071E-05 9.98071E-05
0.045464 9.98246E-05 9.98246E-05 9.98246E-05 0.00949834 9.98246E-05 9.98246E-05 0.357864 9.98246E-05 9.98246E-05 9.98246E-05 9.98246E-05 9.98246E-05 9.98246E-05 9.98246E-05 9.98246E-05 9.98246E-05 9.98246E-05 0.132397 9.98246E-05 9.98246E-05 9.98246E-05 0.038143 0.194332 0.220306 9.98246E-05 9.98246E-05
9.9816E-05 9.9816E-05 9.9816E-05 9.9816E-05 0.0483756 9.9816E-05 9.9816E-05 9.9816E-05 9.9816E-05 9.9816E-05 9.9816E-05 9.9816E-05 0.00526886 9.9816E-05 9.9816E-05 9.9816E-05 0.0109024 9.9816E-05 9.9816E-05 0.0172394 0.856386 9.9816E-05 9.9816E-05 0.059732 9.9816E-05 9.9816E-05 9.9816E-05
9.98071E-05 0.011296 9.98071E-05 9.98071E-05 0.182231 9.98071E-05 9.98071E-05 0.0234302 9.98071E-05 9.98071E-05 9.98071E-05 9.98071E-05 9.98071E-05 9.98071E-05 9.98071E-05 9.98071E-05 9.98071E-05 9.98071E-05 9.98071E-05 9.98071E-05 0.743459 9.98071E-05 9.98071E-05 0.0373889 9.98071E-05 9.98071E-05 9.98071E-05
9.98247E-05 9.98247E-05 9.98247E-05 0.0104648 9.98247E-05 9.98247E-05 9.98247E-05 9.98247E-05 9.98247E-05 9.98247E-05 0.114215 9.98247E-05 0.00966728 9.98247E-05 9.98247E-05 9.98247E-05 9.98247E-05 0.071431 9.98247E-05 9.98247E-05 0.392353 9.98247E-05 0.387654 9.98247E-05 9.98247E-05 0.0122191 9.98247E-05
9.98157E-05 9.98157E-05 9.98157E-05 9.98157E-05 0.00475843 9.98157E-05 9.98157E-05 9.98157E-05 9.98157E-05 9.98157E-05 9.98157E-05 9.98157E-05 9.98157E-05 9.98157E-05 0.0932765 9.98157E-05 9.98157E-05 0.0142253 9.98157E-05 9.98157E-05 0.804527 9.98157E-05 9.98157E-05 9.98157E-05 9.98157E-05 0.0464119 0.0347051
9.98596E-05 9.98596E-05 9.98596E-05 9.98596E-05 0.0641931 9.98596E-05 0.022277 0.181485 9.98596E-05 9.98596E-05 0.0356685 9.98596E-05 0.0161472 9.98596E-05 0.0280337 9.98596E-05 9.98596E-05 9.98596E-05 9.98596E-05 9.98596E-05 9.98596E-05 0.41273 0.157592 0.0393426 9.98596E-05 0.0386467 0.00228603
0.0282444 9.98421E-05 9.98421E-05 9.98421E-05 0.0093618 9.98421E-05 9.98421E-05 0.166818 0.00394126 9.98421E-05 0.175608 9.98421E-05 9.98421E-05 9.98421E-05 9.98421E-05 9.98421E-05 0.0269512 0.0808575 9.98421E-05 9.98421E-05 9.98421E-05 0.442761 9.98421E-05 0.0636594 9.98421E-05 9.98421E-05 9.98421E-05
9.9842E-05 9.9842E-05 0.0198134 9.9842E-05 0.088373 0.0603927 9.9842E-05 0.0867494 9.9842E-05 9.9842E-05 9.9842E-05 9.9842E-05 9.9842E-05 9.9842E-05 9.9842E-05 9.9842E-05 0.0498395 9.9842E-05 9.9842E-05 9.9842E-05 9.9842E-05 0.445266 0.151747 0.0900599 0.00596228 9.9842E-05 9.9842E-05
9.97985E-05 9.97985E-05 9.97985E-05 9.97985E-05 0.0223924 9.97985E-05 9.97985E-05 9.97985E-05 9.97985E-05 9.97985E-05 9.97985E-05 9.97985E-05 9.97985E-05 9.97985E-05 0.0316078 9.97985E-05 9.97985E-05 9.97985E-05 0.00580984 9.97985E-05 0.937895 9.97985E-05 9.97985E-05 9.97985E-05 9.97985E-05 9.97985E-05 9.97985E-05
9.98159E-05 9.98159E-05 9.98159E-05 9.98159E-05 9.98159E-05 9.98159E-05 9.98159E-05 9.98159E-05 9.98159E-05 9.98159E-05 9.98159E-05 9.98159E-05 9.98159E-05 9.98159E-05 9.98159E-05 9.98159E-05 9.98159E-05 0.00509354 9.98159E-05 0.116007 9.98159E-05 9.98159E-05 0.789416 0.0523996 0.0317018 9.98159E-05 0.00328567
9.97985E-05 9.97985E-05 9.97985E-05 9.97985E-05 9.97985E-05 9.97985E-05 9.97985E-05 9.97985E-05 9.97985E-05 9.97985E-05 9.97985E-05 9.97985E-05 0.0566017 9.97985E-05 9.97985E-05 0.00438655 9.97985E-05 9.97985E-05 9.97985E-05 9.97985E-05 0.286723 9.97985E-05 0.649993 9.97985E-05 9.97985E-05 9.97985E-05 9.97985E-05
9.98245E-05 9.98245E-05 9.98245E-05 0.0951392 0.0132801 9.98245E-05 9.98245E-05 9.98245E-05 9.98245E-05 9.98245E-05 9.98245E-05 0.042565 9.98245E-05 9.98245E-05 9.98245E-05 9.98245E-05 9.98245E-05 0.0936738 9.98245E-05 9.98245E-05 9.98245E-05 0.546909 0.201015 0.00542207 9.98245E-05 9.98245E-05 9.98245E-05
9.98247E-05 9.98247E-05 9.98247E-05 9.98247E-05 0.17295 9.98247E-05 0.0273405 9.98247E-05 0.0155445 9.98247E-05 9.98247E-05 0.0202858 9.98247E-05 9.98247E-05 0.0139328 9.98247E-05 0.0139602 9.98247E-05 9.98247E-05 9.98247E-05 9.98247E-05 9.98247E-05 0.73399 9.98247E-05 9.98247E-05 9.98247E-05 9.98247E-05
0.036933 9.9842E-05 9.9842E-05 9.9842E-05 0.110113 0.145682 9.9842E-05 0.0120418 9.9842E-05 9.9842E-05 9.9842E-05 9.9842E-05 0.0229876 9.9842E-05 9.9842E-05 0.0185677 0.025302 9.9842E-05 9.9842E-05 9.9842E-05 9.9842E-05 0.119418 0.507157 9.9842E-05 9.9842E-05 9.9842E-05 9.9842E-05
9.97895E-05 9.97895E-05 9.97895E-05 9.97895E-05 0.0142982 9.97895E-05 9.97895E-05 9.97895E-05 9.97895E-05 9.97895E-05 9.97895E-05 9.97895E-05 9.97895E-05 9.97895E-05 9.97895E-05 9.97895E-05 9.97895E-05 9.97895E-05 9.97895E-05 9.97895E-05 9.97895E-05 9.97895E-05 0.938548 0.044759 9.97895E-05 9.97895E-05 9.97895E-05
9.98072E-05 0.0133013 9.98072E-05 9.98072E-05 0.0523831 9.98072E-05 9.98072E-05 9.98072E-05 9.98072E-05 9.98072E-05 9.98072E-05 9.98072E-05 9.98072E-05 9.98072E-05 9.98072E-05 9.98072E-05 9.98072E-05 9.98072E-05 9.98072E-05 9.98072E-05 0.640098 9.98072E-05 9.98072E-05 0.227088 0.0649336 9.98072E-05 9.98072E-05
9.98161E-05 9.98161E-05 0.0185722 9.98161E-05 9.98161E-05 0.083964 0.00583654 9.98161E-05 9.98161E-05 9.98161E-05 9.98161E-05 9.98161E-05 0.118101 9.98161E-05 9.98161E-05 9.98161E-05 9.98161E-05 9.98161E-05 9.98161E-05 9.98161E-05 0.770309 9.98161E-05 9.98161E-05 9.98161E-05 0.00112031 9.98161E-05 9.98161E-05
9.98246E-05 0.0209637 9.98246E-05 9.98246E-05 0.152543 9.98246E-05 9.98246E-05 9.98246E-05 9.98246E-05 9.98246E-05 9.98246E-05 9.98246E-05 9.98246E-05 9.98246E-05 0.00691921 9.98246E-05 9.98246E-05 0.133139 9.98246E-05 9.98246E-05 9.98246E-05 9.98246E-05 0.441283 0.0934461 9.98246E-05 9.98246E-05 0.149709
9.9807E-05 9.9807E-05 9.9807E-05 9.9807E-05 0.0948955 9.9807E-05 9.9807E-05 9.9807E-05 9.9807E-05 9.9807E-05 9.9807E-05 9.9807E-05 0.0890269 9.9807E-05 9.9807E-05 9.9807E-05 9.9807E-05 9.9807E-05 9.9807E-05 0.105213 9.9807E-05 0.360231 9.9807E-05 0.348439 9.9807E-05 9.9807E-05 9.9807E-05
9.97807E-05 9.97807E-05 9.97807E-05 9.97807E-05 9.97807E-05 9.97807E-05 9.97807E-05 9.97807E-05 9.97807E-05 9.97807E-05 9.97807E-05 0.0385087 9.97807E-05 9.97807E-05 9.97807E-05 9.97807E-05 9.97807E-05 9.97807E-05 9.97807E-05 9.97807E-05 9.97807E-05 9.97807E-05 0.958997 9.97807E-05 9.97807E-05 9.97807E-05 9.97807E-05
9.98069E-05 9.98069E-05 9.98069E-05 9.98069E-05 0.0537287 9.98069E-05 9.98069E-05 9.98069E-05 9.98069E-05 9.98069E-05 9.98069E-05 9.98069E-05 9.98069E-05 9.98069E-05 9.98069E-05 9.98069E-05 9.98069E-05 0.0122173 9.98069E-05 0.0184626 0.0464501 0.866946 9.98069E-05 9.98069E-05 9.98069E-05 9.98069E-05 9.98069E-05
9.97723E-05 9.97723E-05 9.97723E-05 9.97723E-05 9.97723E-05 9.97723E-05 9.97723E-05 9.97723E-05 9.97723E-05 9.97723E-05 9.97723E-05 9.97723E-05 9.97723E-05 9.97723E-05 9.97723E-05 9.97723E-05 9.97723E-05 9.97723E-05 9.97723E-05 9.97723E-05 9.97723E-05 9.97723E-05 0.997406 9.97723E-05 9.97723E-05 9.97723E-05 9.97723E-05
9.98245E-05 9.98245E-05 9.98245E-05 9.98245E-05 0.106914 9.98245E-05 9.98245E-05 9.98245E-05 9.98245E-05 9.98245E-05 9.98245E-05 9.98245E-05 0.0104583 9.98245E-05 0.0262879 9.98245E-05 0.0122372 9.98245E-05 9.98245E-05 9.98245E-05 0.592891 9.98245E-05 0.127892 0.121323 9.98245E-05 9.98245E-05 9.98245E-05
9.97898E-05 9.97898E-05 9.97898E-05 9.97898E-05 9.97898E-05 9.97898E-05 9.97898E-05 9.97898E-05 9.97898E-05 9.97898E-05 9.97898E-05 9.97898E-05 0.00833141 9.97898E-05 9.97898E-05 0.115592 9.97898E-05 9.97898E-05 9.97898E-05 9.97898E-05 9.97898E-05 0.873681 9.97898E-05 9.97898E-05 9.97898E-05 9.97898E-05 9.97898E-05
9.98596E-05 0.0290093 0.0227499 9.98596E-05 0.23524 9.98596E-05 9.98596E-05 0.140936 9.98596E-05 9.98596E-05 9.98596E-05 9.98596E-05 9.98596E-05 9.98596E-05 0.094298 9.98596E-05 9.98596E-05 0.0206615 9.98596E-05 0.0225717 0.25026 0.0910166 9.98596E-05 9.98596E-05 0.0538854 9.98596E-05 0.0377737
9.97982E-05 0.078729 9.97982E-05 9.97982E-05 9.97982E-05 9.97982E-05 9.97982E-05 9.97982E-05 9.97982E-05 9.97982E-05 9.97982E-05 9.97982E-05 9.97982E-05 9.97982E-05 9.97982E-05 9.97982E-05 9.97982E-05 9.97982E-05 9.97982E-05 0.0384645 9.97982E-05 0.777304 9.97982E-05 0.103207 9.97982E-05 9.97982E-05 9.97982E-05
9.97721E-05 9.97721E-05 9.97721E-05 9.97721E-05 9.97721E-05 9.97721E-05 9.97721E-05 9.97721E-05 9.97721E-05 9.97721E-05 9.97721E-05 9.97721E-05 9.97721E-05 9.97721E-05 9.97721E-05 9.97721E-05 9.97721E-05 9.97721E-05 9.97721E-05 9.97721E-05 0.997406 9.97721E-05 9.97721E-05 9.97721E-05 9.97721E-05 9.97721E-05 9.97721E-05
0.0292488 9.9807E-05 9.9807E-05 9.9807E-05 0.000626796 9.9807E-05 9.9807E-05 9.9807E-05 9.9807E-05 9.9807E-05 0.234403 9.9807E-05 9.9807E-05 9.9807E-05 9.9807E-05 9.9807E-05 0.0814742 9.9807E-05 9.9807E-05 9.9807E-05 9.9807E-05 0.652052 9.9807E-05 9.9807E-05 9.9807E-05 9.9807E-05 9.9807E-05
9.98163E-05 0.017601 9.98163E-05 9.98163E-05 0.0860438 9.98163E-05 9.98163E-05 9.98163E-05 9.98163E-05 9.98163E-05 9.98163E-05 9.98163E-05 9.98163E-05 0.0326031 9.98163E-05 9.98163E-05 9.98163E-05 9.98163E-05 9.98163E-05 9.98163E-05 0.51465 9.98163E-05 0.224749 9.98163E-05 9.98163E-05 0.122257 9.98163E-05
0.0176969 9.98335E-05 9.98335E-05 9.98335E-05 9.98335E-05 9.98335E-05 9.98335E-05 0.0668386 9.98335E-05 9.98335E-05 0.156992 0.00294312 0.0748782 9.98335E-05 0.0276755 9.98335E-05 9.98335E-05 9.98335E-05 9.98335E-05 9.98335E-05 0.247997 9.98335E-05 0.403082 9.98335E-05 9.98335E-05 9.98335E-05 9.98335E-05
9.97894E-05 9.97894E-05 9.97894E-05 9.97894E-05 9.97894E-05 9.97894E-05 9.97894E-05 9.97894E-05 9.97894E-05 9.97894E-05 9.97894E-05 9.97894E-05 0.0230358 9.97894E-05 9.97894E-05 9.97894E-05 9.97894E-05 9.97894E-05 0.0259977 9.97894E-05 9.97894E-05 9.97894E-05 0.948572 9.97894E-05 9.97894E-05 9.97894E-05 9.97894E-05
9.97983E-05 9.97983E-05 9.97983E-05 9.97983E-05 0.0209381 9.97983E-05 9.97983E-05 9.97983E-05 9.97983E-05 9.97983E-05 9.97983E-05 9.97983E-05 9.97983E-05 9.97983E-05 9.97983E-05 9.97983E-05 9.97983E-05 9.97983E-05 9.97983E-05 0.0899207 9.97983E-05 0.813096 0.0737497 9.97983E-05 9.97983E-05 9.97983E-05 9.97983E-05
9.97983E-05 9.97983E-05 9.97983E-05 9.97983E-05 9.97983E-05 9.97983E-05 9.97983E-05 9.97983E-05 0.0112942 9.97983E-05 9.97983E-05 9.97983E-05 9.97983E-05 9.97983E-05 9.97983E-05 9.97983E-05 9.97983E-05 9.97983E-05 9.97983E-05 0.0510373 0.694438 0.240935 9.97983E-05 9.97983E-05 9.97983E-05 9.97983E-05 9.97983E-05
9.98157E-05 9.98157E-05 9.98157E-05 9.98157E-05 0.140656 9.98157E-05 9.98157E-05 9.98157E-05 9.98157E-05 9.98157E-05 9.98157E-05 9.98157E-05 9.98157E-05 0.0017528 0.0307967 9.98157E-05 9.98157E-05 0.109073 9.98157E-05 9.98157E-05 9.98157E-05 9.98157E-05 9.98157E-05 0.024981 9.98157E-05 9.98157E-05 0.690644
9.97723E-05 9.97723E-05 9.97723E-05 9.97723E-05 9.97723E-05 9.97723E-05 9.97723E-05 9.97723E-05 9.97723E-05 9.97723E-05 9.97723E-05 9.97723E-05 9.97723E-05 9.97723E-05 9.97723E-05 9.97723E-05 9.97723E-05 9.97723E-05 9.97723E-05 9.97723E-05 9.97723E-05 9.97723E-05 9.97723E-05 9.97723E-05 9.97723E-05 9.97723E-05 0.997406
9.97896E-05 9.97896E-05 9.97896E-05 9.97896E-05 9.97896E-05 9.97896E-05 9.97896E-05 9.97896E-05 9.97896E-05 9.97896E-05 0.0842662 9.97896E-05 9.97896E-05 9.97896E-05 9.97896E-05 9.97896E-05 9.97896E-05 9.97896E-05 0.0164808 9.97896E-05 9.97896E-05 9.97896E-05 9.97896E-05 9.97896E-05 9.97896E-05 9.97896E-05 0.896858
9.98247E-05 9.98247E-05 9.98247E-05 0.242474 9.98247E-05 9.98247E-05 9.98247E-05 0.112344 9.98247E-05 9.98247E-05 9.98247E-05 9.98247E-05 9.98247E-05 9.98247E-05 9.98247E-05 0.0466526 9.98247E-05 0.186403 0.0104649 0.000449035 9.98247E-05 9.98247E-05 9.98247E-05 9.98247E-05 9.98247E-05 9.98247E-05 0.399216
9.98331E-05 9.98331E-05 9.98331E-05 9.98331E-05 0.0541043 9.98331E-05 9.98331E-05 9.98331E-05 9.98331E-05 9.98331E-05 9.98331E-05 0.0635678 0.00736852 9.98331E-05 9.98331E-05 0.0260304 9.98331E-05 0.0775781 0.0401778 9.98331E-05 9.98331E-05 9.98331E-05 9.98331E-05 0.0714881 9.98331E-05 9.98331E-05 0.657788
9.9789E-05 9.9789E-05 9.9789E-05 9.9789E-05 0.163837 9.9789E-05 9.9789E-05 9.9789E-05 9.9789E-05 9.9789E-05 9.9789E-05 9.9789E-05 9.9789E-05 9.9789E-05 9.9789E-05 9.9789E-05 9.9789E-05 9.9789E-05 9.9789E-05 9.9789E-05 9.9789E-05 9.9789E-05 9.9789E-05 0.0326655 9.9789E-05 9.9789E-05 0.801103
9.98332E-05 9.98332E-05 9.98332E-05 0.32326 0.0431061 9.98332E-05 9.98332E-05 9.98332E-05 9.98332E-05 0.0110101 9.98332E-05 9.98332E-05 9.98332E-05 9.98332E-05 0.0153704 9.98332E-05 0.0175275 0.000994043 9.98332E-05 0.00199898 9.98332E-05 9.98332E-05 9.98332E-05 9.98332E-05 9.98332E-05 9.98332E-05 0.584836
9.98157E-05 9.98157E-05 9.98157E-05 0.105378 0.0833865 9.98157E-05 9.98157E-05 9.98157E-05 9.98157E-05 9.98157E-05 9.98157E-05 9.98157E-05 9.98157E-05 9.98157E-05 9.98157E-05 0.051755 9.98157E-05 0.0810548 0.123379 9.98157E-05 9.98157E-05 9.98157E-05 9.98157E-05 9.98157E-05 9.98157E-05 9.98157E-05 0.552951
9.97721E-05 9.97721E-05 9.97721E-05 9.97721E-05 9.97721E-05 9.97721E-05 9.97721E-05 9.97721E-05 9.97721E-05 9.97721E-05 9.97721E-05 9.97721E-05 9.97721E-05 9.97721E-05 9.97721E-05 9.97721E-05 9.97721E-05 9.97721E-05 9.97721E-05 9.97721E-05 9.97721E-05 9.97721E-05 9.97721E-05 9.97721E-05 9.97721E-05 9.97721E-05 0.997406
9.97894E-05 9.97894E-05 9.97894E-05 9.97894E-05 9.97894E-05 9.97894E-05 9.97894E-05 9.97894E-05 9.97894E-05 9.97894E-05 0.120678 9.97894E-05 9.97894E-05 9.97894E-05 0.0497862 9.97894E-05 9.97894E-05 9.97894E-05 9.97894E-05 9.97894E-05 9.97894E-05 9.97894E-05 9.97894E-05 9.97894E-05 9.97894E-05 9.97894E-05 0.827141
9.98154E-05 9.98154E-05 9.98154E-05 9.98154E-05 0.213694 9.98154E-05 9.98154E-05 9.98154E-05 9.98154E-05 9.98154E-05 9.98154E-05 0.0152316 9.98154E-05 9.98154E-05 0.144174 9.98154E-05 9.98154E-05 0.03749 0.00268072 9.98154E-05 9.98154E-05 9.98154E-05 9.98154E-05 9.98154E-05 9.98154E-05 9.98154E-05 0.584634
9.98332E-05 9.98332E-05 0.0291 0.0269225 0.0398179 9.98332E-05 9.98332E-05 9.98332E-05 9.98332E-05 9.98332E-05 9.98332E-05 9.98332E-05 9.98332E-05 0.0405797 0.0239101 9.98332E-05 0.143913 9.98332E-05 9.98332E-05 9.98332E-05 9.98332E-05 9.98332E-05 9.98332E-05 0.0975776 9.98332E-05 9.98332E-05 0.596283
9.98243E-05 9.98243E-05 0.119561 9.98243E-05 9.98243E-05 9.98243E-05 9.98243E-05 0.00599367 0.105334 9.98243E-05 9.98243E-05 9.98243E-05 0.00620449 9.98243E-05 9.98243E-05 9.98243E-05 0.195033 0.0682097 9.98243E-05 9.98243E-05 9.98243E-05 9.98243E-05 9.98243E-05 9.98243E-05 9.98243E-05 9.98243E-05 0.497668
9.98331E-05 9.98331E-05 9.98331E-05 0.0522356 0.199777 9.98331E-05 9.98331E-05 9.98331E-05 9.98331E-05 9.98331E-05 9.98331E-05 9.98331E-05 0.000182955 9.98331E-05 9.98331E-05 0.0622256 0.0321891 9.98331E-05 9.98331E-05 9.98331E-05 9.98331E-05 9.98331E-05 9.98331E-05 0.100257 9.98331E-05 0.000899705 0.550336
0.0263091 9.979E-05 9.979E-05 9.979E-05 9.979E-05 9.979E-05 9.979E-05 9.979E-05 9.979E-05 9.979E-05 9.979E-05 9.979E-05 9.979E-05 9.979E-05 9.979E-05 9.979E-05 9.979E-05 9.979E-05 9.979E-05 9.979E-05 9.979E-05 9.979E-05 9.979E-05 9.979E-05 0.0140032 9.979E-05 0.957293
9.9816E-05 9.9816E-05 9.9816E-05 9.9816E-05 9.9816E-05 9.9816E-05 0.00289879 9.9816E-05 9.9816E-05 9.9816E-05 9.9816E-05 9.9816E-05 9.9816E-05 9.9816E-05 0.055759 9.9816E-05 9.9816E-05 0.0673221 9.9816E-05 0.0587903 9.9816E-05 9.9816E-05 9.9816E-05 9.9816E-05 0.00817299 9.9816E-05 0.804961
9.97979E-05 9.97979E-05 9.97979E-05 9.97979E-05 9.97979E-05 9.97979E-05 9.97979E-05 0.0567675 9.97979E-05 9.97979E-05 9.97979E-05 9.97979E-05 0.0751699 9.97979E-05 9.97979E-05 0.0315835 9.97979E-05 9.97979E-05 9.97979E-05 9.97979E-05 9.97979E-05 9.97979E-05 9.97979E-05 9.97979E-05 9.97979E-05 9.97979E-05 0.834184
9.98244E-05 9.98244E-05 0.0759863 9.98244E-05 9.98244E-05 9.98244E-05 9.98244E-05 9.98244E-05 9.98244E-05 9.98244E-05 9.98244E-05 9.98244E-05 0.043627 9.98244E-05 0.0888992 9.98244E-05 9.98244E-05 0.00140219 9.98244E-05 0.0224232 9.98244E-05 9.98244E-05 9.98244E-05 0.180004 9.98244E-05 9.98244E-05 0.585661
9.97982E-05 9.97982E-05 9.97982E-05 9.97982E-05 0.0264534 9.97982E-05 9.97982E-05 9.97982E-05 9.97982E-05 9.97982E-05 9.97982E-05 9.97982E-05 9.97982E-05 9.97982E-05 0.0138725 9.97982E-05 9.97982E-05 9.97982E-05 0.0694499 9.97982E-05 9.97982E-05 9.97982E-05 9.97982E-05 9.97982E-05 9.97982E-05 9.97982E-05 0.887929
0.0983798 9.97979E-05 9.97979E-05 9.97979E-05 0.165121 9.97979E-05 9.97979E-05 9.97979E-05 9.97979E-05 9.97979E-05 9.97979E-05 9.97979E-05 9.97979E-05 9.97979E-05 9.97979E-05 9.97979E-05 9.97979E-05 9.97979E-05 9.97979E-05 9.97979E-05 9.97979E-05 9.97979E-05 9.97979E-05 9.97979E-05 0.0712921 9.97979E-05 0.662911
9.97718E-05 9.97718E-05 9.97718E-05 9.97718E-05 9.97718E-05 9.97718E-05 9.97718E-05 9.97718E-05 9.97718E-05 9.97718E-05 0.997406 9.97718E-05 9.97718E-05 9.97718E-05 9.97718E-05 9.97718E-05 9.97718E-05 9.97718E-05 9.97718E-05 9.97718E-05 9.97718E-05 9.97718E-05 9.97718E-05 9.97718E-05 9.97718E-05 9.97718E-05 9.97718E-05
9.9798E-05 9.9798E-05 9.9798E-05 9.9798E-05 0.0038963 9.9798E-05 9.9798E-05 9.9798E-05 9.9798E-05 9.9798E-05 9.9798E-05 9.9798E-05 9.9798E-05 0.0640573 9.9798E-05 9.9798E-05 9.9798E-05 9.9798E-05 9.9798E-05 9.9798E-05 9.9798E-05 9.9798E-05 9.9798E-05 0.168803 9.9798E-05 9.9798E-05 0.760948
9.98247E-05 9.98247E-05 9.98247E-05 0.068956 0.0637433 0.0895774 9.98247E-05 0.0723407 9.98247E-05 9.98247E-05 9.98247E-05 9.98247E-05 9.98247E-05 0.0101049 9.98247E-05 9.98247E-05 9.98247E-05 9.98247E-05 9.98247E-05 9.98247E-05 9.98247E-05 9.98247E-05 9.98247E-05 0.00897578 9.98247E-05 9.98247E-05 0.684305
9.98071E-05 0.0132971 9.98071E-05 9.98071E-05 9.98071E-05 9.98071E-05 9.98071E-05 9.98071E-05 9.98071E-05 9.98071E-05 9.98071E-05 9.98071E-05 0.201929 9.98071E-05 9.98071E-05 9.98071E-05 9.98071E-05 0.0478408 0.0497323 9.98071E-05 9.98071E-05 9.98071E-05 9.98071E-05 9.98071E-05 9.98071E-05 9.98071E-05 0.685005
9.9798E-05 9.9798E-05 0.103844 9.9798E-05 9.9798E-05 9.9798E-05 9.9798E-05 9.9798E-05 9.9798E-05 9.9798E-05 0.175852 9.9798E-05 9.9798E-05 9.9798E-05 0.0722793 9.9798E-05 9.9798E-05 9.9798E-05 9.9798E-05 9.9798E-05 9.9798E-05 9.9798E-05 9.9798E-05 9.9798E-05 9.9798E-05 9.9798E-05 0.64573
9.97806E-05 9.97806E-05 9.97806E-05 9.97806E-05 9.97806E-05 9.97806E-05 9.97806E-05 9.97806E-05 9.97806E-05 9.97806E-05 0.979874 9.97806E-05 9.97806E-05 9.97806E-05 9.97806E-05 9.97806E-05 9.97806E-05 9.97806E-05 9.97806E-05 9.97806E-05 9.97806E-05 9.97806E-05 9.97806E-05 9.97806E-05 9.97806E-05 9.97806E-05 0.0176318
9.97722E-05 9.97722E-05 9.97722E-05 9.97722E-05 9.97722E-05 9.97722E-05 9.97722E-05 9.97722E-05 9.97722E-05 9.97722E-05 9.97722E-05 9.97722E-05 9.97722E-05 9.97722E-05 9.97722E-05 9.97722E-05 9.97722E-05 9.97722E-05 9.97722E-05 9.97722E-05 9.97722E-05 9.97722E-05 9.97722E-05 9.97722E-05 9.97722E-05 9.97722E-05 0.997406
9.97722E-05 9.97722E-05 9.97722E-05 9.97722E-05 9.97722E-05 9.97722E-05 9.97722E-05 9.97722E-05 9.97722E-05 9.97722E-05 9.97722E-05 9.97722E-05 9.97722E-05 9.97722E-05 9.97722E-05 9.97722E-05 9.97722E-05 9.97722E-05 9.97722E-05 9.97722E-05 9.97722E-05 9.97722E-05 9.97722E-05 9.97722E-05 9.97722E-05 9.97722E-05 0.997406
9.97897E-05 9.97897E-05 0.0251394 9.97897E-05 9.97897E-05 9.97897E-05 9.97897E-05 9.97897E-05 9.97897E-05 9.97897E-05 9.97897E-05 9.97897E-05 9.97897E-05 9.97897E-05 9.97897E-05 9.97897E-05 9.97897E-05 9.97897E-05 0.0707371 9.97897E-05 9.97897E-05 9.97897E-05 9.97897E-05 9.97897E-05 9.97897E-05 9.97897E-05 0.901729
9.97718E-05 9.97718E-05 9.97718E-05 9.97718E-05 9.97718E-05 9.97718E-05 9.97718E-05 9.97718E-05 9.97718E-05 9.97718E-05 0.997406 9.97718E-05 9.97718E-05 9.97718E-05 9.97718E-05 9.97718E-05 9.97718E-05 9.97718E-05 9.97718E-05 9.97718E-05 9.97718E-05 9.97718E-05 9.97718E-05 9.97718E-05 9.97718E-05 9.97718E-05 9.97718E-05
9.97896E-05 9.97896E-05 9.97896E-05 9.97896E-05 0.0446009 9.97896E-05 9.97896E-05 0.840881 9.97896E-05 9.97896E-05 9.97896E-05 9.97896E-05 9.97896E-05 9.97896E-05 9.97896E-05 9.97896E-05 9.97896E-05 0.112124 9.97896E-05 9.97896E-05 9.97896E-05 9.97896E-05 9.97896E-05 9.97896E-05 9.97896E-05 9.97896E-05 9.97896E-05
9.97896E-05 9.97896E-05 9.97896E-05 9.97896E-05 0.0224068 0.712896 9.97896E-05 0.262302 9.97896E-05 9.97896E-05 9.97896E-05 9.97896E-05 9.97896E-05 9.97896E-05 9.97896E-05 9.97896E-05 9.97896E-05 9.97896E-05 9.97896E-05 9.97896E-05 9.97896E-05 9.97896E-05 9.97896E-05 9.97896E-05 9.97896E-05 9.97896E-05 9.97896E-05
9.97807E-05 9.97807E-05 9.97807E-05 9.97807E-05 0.068394 9.97807E-05 9.97807E-05 0.929111 9.97807E-05 9.97807E-05 9.97807E-05 9.97807E-05 9.97807E-05 9.97807E-05 9.97807E-05 9.97807E-05 9.97807E-05 9.97807E-05 9.97807E-05 9.97807E-05 9.97807E-05 9.97807E-05 9.97807E-05 9.97807E-05 9.97807E-05 9.97807E-05 9.97807E-05
9.98068E-05 9.98068E-05 9.98068E-05 9.98068E-05 0.098261 9.98068E-05 9.98068E-05 0.79151 9.98068E-05 9.98068E-05 9.98068E-05 9.98068E-05 9.98068E-05 9.98068E-05 0.00754705 9.98068E-05 9.98068E-05 0.0636445 0.036842 9.98068E-05 9.98068E-05 9.98068E-05 9.98068E-05 9.98068E-05 9.98068E-05 9.98068E-05 9.98068E-05
9.97805E-05 9.97805E-05 9.97805E-05 9.97805E-05 9.97805E-05 9.97805E-05 9.97805E-05 0.929617 9.97805E-05 9.97805E-05 9.97805E-05 9.97805E-05 9.97805E-05 9.97805E-05 9.97805E-05 9.97805E-05 9.97805E-05 0.0678887 9.97805E-05 9.97805E-05 9.97805E-05 9.97805E-05 9.97805E-05 9.97805E-05 9.97805E-05 9.97805E-05 9.97805E-05
9.97982E-05 9.97982E-05 9.97982E-05 9.97982E-05 0.20753 0.218883 9.97982E-05 0.43671 9.97982E-05 9.97982E-05 9.97982E-05 9.97982E-05 9.97982E-05 9.97982E-05 9.97982E-05 9.97982E-05 9.97982E-05 0.134582 9.97982E-05 9.97982E-05 9.97982E-05 9.97982E-05 9.97982E-05 9.97982E-05 9.97982E-05 9.97982E-05 9.97982E-05
9.9807E-05 9.9807E-05 9.9807E-05 9.9807E-05 0.0742284 0.0383035 9.9807E-05 0.744905 9.9807E-05 9.9807E-05 9.9807E-05 9.9807E-05 9.9807E-05 9.9807E-05 9.9807E-05 9.9807E-05 9.9807E-05 0.00446311 9.9807E-05 9.9807E-05 9.9807E-05 9.9807E-05 9.9807E-05 0.135904 9.9807E-05 9.9807E-05 9.9807E-05
9.97807E-05 9.97807E-05 9.97807E-05 9.97807E-05 9.97807E-05 9.97807E-05 9.97807E-05 0.803486 9.97807E-05 9.97807E-05 9.97807E-05 9.97807E-05 9.97807E-05 9.97807E-05 9.97807E-05 9.97807E-05 9.97807E-05 0.194019 9.97807E-05 9.97807E-05 9.97807E-05 9.97807E-05 9.97807E-05 9.97807E-05 9.97807E-05 9.97807E-05 9.97807E-05
9.98069E-05 9.98069E-05 9.98069E-05 0.158279 9.98069E-05 9.98069E-05 9.98069E-05 0.437805 9.98069E-05 9.98069E-05 9.98069E-05 9.98069E-05 9.98069E-05 9.98069E-05 9.98069E-05 9.98069E-05 9.98069E-05 0.283486 9.98069E-05 9.98069E-05 9.98069E-05 9.98069E-05 9.98069E-05 9.98069E-05 0.10596 0.0122741 9.98069E-05
9.97983E-05 9.97983E-05 9.97983E-05 9.97983E-05 0.181693 9.97983E-05 9.97983E-05 0.547859 9.97983E-05 9.97983E-05 9.97983E-05 9.97983E-05 9.97983E-05 9.97983E-05 9.97983E-05 9.97983E-05 9.97983E-05 0.210094 9.97983E-05 0.0580586 9.97983E-05 9.97983E-05 9.97983E-05 9.97983E-05 9.97983E-05 9.97983E-05 9.97983E-05
9.97982E-05 9.97982E-05 9.97982E-05 0.154048 9.97982E-05 9.97982E-05 0.45612 0.341484 9.97982E-05 9.97982E-05 9.97982E-05 9.97982E-05 9.97982E-05 9.97982E-05 9.97982E-05 9.97982E-05 9.97982E-05 0.0460523 9.97982E-05 9.97982E-05 9.97982E-05 9.97982E-05 9.97982E-05 9.97982E-05 9.97982E-05 9.97982E-05 9.97982E-05
9.98071E-05 9.98071E-05 9.98071E-05 0.10905 0.0461935 9.98071E-05 0.183351 0.640894 9.98071E-05 9.98071E-05 9.98071E-05 9.98071E-05 9.98071E-05 9.98071E-05 0.0183158 9.98071E-05 9.98071E-05 9.98071E-05 9.98071E-05 9.98071E-05 9.98071E-05 9.98071E-05 9.98071E-05 9.98071E-05 9.98071E-05 9.98071E-05 9.98071E-05
9.97984E-05 9.97984E-05 9.97984E-05 9.97984E-05 9.97984E-05 0.119228 9.97984E-05 0.774169 9.97984E-05 9.97984E-05 9.97984E-05 9.97984E-05 9.97984E-05 9.97984E-05 9.97984E-05 9.97984E-05 9.97984E-05 0.0596536 9.97984E-05 0.0446536 9.97984E-05 9.97984E-05 9.97984E-05 9.97984E-05 9.97984E-05 9.97984E-05 9.97984E-05
9.98247E-05 0.0508969 9.98247E-05 9.98247E-05 0.120252 9.98247E-05 0.119661 0.494999 9.98247E-05 9.98247E-05 9.98247E-05 9.98247E-05 9.98247E-05 9.98247E-05 9.98247E-05 0.0270957 9.98247E-05 0.147581 9.98247E-05 9.98247E-05 9.98247E-05 9.98247E-05 9.98247E-05 9.98247E-05 0.0375181 9.98247E-05 9.98247E-05
9.98158E-05 9.98158E-05 0.0225474 9.98158E-05 9.98158E-05 0.219897 9.98158E-05 0.528507 9.98158E-05 9.98158E-05 9.98158E-05 9.98158E-05 9.98158E-05 9.98158E-05 9.98158E-05 9.98158E-05 0.0348962 0.0989925 0.093064 9.98158E-05 9.98158E-05 9.98158E-05 9.98158E-05 9.98158E-05 9.98158E-05 9.98158E-05 9.98158E-05
9.98246E-05 9.98246E-05 9.98246E-05 0.052584 0.131372 0.00249007 9.98246E-05 0.682093 9.98246E-05 9.98246E-05 9.98246E-05 9.98246E-05 9.98246E-05 9.98246E-05 9.98246E-05 0.00877636 9.98246E-05 9.98246E-05 9.98246E-05 0.102218 9.98246E-05 9.98246E-05 9.98246E-05 9.98246E-05 0.0184698 9.98246E-05 9.98246E-05
9.98246E-05 9.98246E-05 9.98246E-05 0.213309 0.0966931 9.98246E-05 0.0447329 0.617905 9.98246E-05 9.98246E-05 9.98246E-05 0.0147726 9.98246E-05 0.000164059 9.98246E-05 9.98246E-05 9.98246E-05 0.0104265 9.98246E-05 9.98246E-05 9.98246E-05 9.98246E-05 9.98246E-05 9.98246E-05 9.98246E-05 9.98246E-05 9.98246E-05
9.98161E-05 9.98161E-05 9.98161E-05 9.98161E-05 9.98161E-05 9.98161E-05 0.0619649 0.689197 0.0766229 9.98161E-05 9.98161E-05 9.98161E-05 9.98161E-05 9.98161E-05 9.98161E-05 0.00911309 9.98161E-05 0.0288121 9.98161E-05 9.98161E-05 9.98161E-05 9.98161E-05 9.98161E-05 0.132194 9.98161E-05 9.98161E-05 9.98161E-05
9.9781E-05 9.9781E-05 9.9781E-05 9.9781E-05 9.9781E-05 9.9781E-05 0.0537535 0.943752 9.9781E-05 9.9781E-05 9.9781E-05 9.9781E-05 9.9781E-05 9.9781E-05 9.9781E-05 9.9781E-05 9.9781E-05 9.9781E-05 9.9781E-05 9.9781E-05 9.9781E-05 9.9781E-05 9.9781E-05 9.9781E-05 9.9781E-05 9.9781E-05 9.9781E-05
9.98334E-05 9.98334E-05 9.98334E-05 9.98334E-05 0.0579673 9.98334E-05 0.243928 0.438396 9.98334E-05 9.98334E-05 9.98334E-05 0.0712914 9.98334E-05 0.0255782 9.98334E-05 9.98334E-05 9.98334E-05 0.082726 9.98334E-05 9.98334E-05 9.98334E-05 9.98334E-05 9.98334E-05 9.98334E-05 0.0376721 9.98334E-05 0.0405438
9.98246E-05 9.98246E-05 9.98246E-05 0.0854527 0.0060376 0.0937814 9.98246E-05 0.668713 0.0357442 9.98246E-05 9.98246E-05 9.98246E-05 9.98246E-05 9.98246E-05 9.98246E-05 9.98246E-05 9.98246E-05 0.0920936 9.98246E-05 0.0161806 9.98246E-05 9.98246E-05 9.98246E-05 9.98246E-05 9.98246E-05 9.98246E-05 9.98246E-05
9.9807E-05 9.9807E-05 0.0123443 9.9807E-05 0.0536761 9.9807E-05 0.0571569 0.852927 9.9807E-05 9.9807E-05 9.9807E-05 9.9807E-05 9.9807E-05 9.9807E-05 9.9807E-05 9.9807E-05 9.9807E-05 0.0217 9.9807E-05 9.9807E-05 9.9807E-05 9.9807E-05 9.9807E-05 9.9807E-05 9.9807E-05 9.9807E-05 9.9807E-05
9.98157E-05 9.98157E-05 9.98157E-05 0.106806 0.201846 9.98157E-05 9.98157E-05 0.467754 9.98157E-05 0.0281065 9.98157E-05 0.0344409 9.98157E-05 9.98157E-05 9.98157E-05 9.98157E-05 9.98157E-05 0.158951 9.98157E-05 9.98157E-05 9.98157E-05 9.98157E-05 9.98157E-05 9.98157E-05 9.98157E-05 9.98157E-05 9.98157E-05
9.98071E-05 9.98071E-05 9.98071E-05 9.98071E-05 9.98071E-05 0.201289 0.00884165 0.58981 9.98071E-05 9.98071E-05 9.98071E-05 9.98071E-05 9.98071E-05 9.98071E-05 9.98071E-05 9.98071E-05 9.98071E-05 0.148567 9.98071E-05 9.98071E-05 9.98071E-05 9.98071E-05 9.98071E-05 9.98071E-05 9.98071E-05 0.0492965 9.98071E-05
0.0200145 9.98158E-05 9.98158E-05 0.129106 0.228051 9.98158E-05 9.98158E-05 0.385097 9.98158E-05 9.98158E-05 9.98158E-05 0.0319376 9.98158E-05 9.98158E-05 9.98158E-05 9.98158E-05 9.98158E-05 0.203697 9.98158E-05 9.98158E-05 9.98158E-05 9.98158E-05 9.98158E-05 9.98158E-05 9.98158E-05 9.98158E-05 9.98158E-05
0.0162578 9.98422E-05 0.0068091 0.0321875 0.0928157 9.98422E-05 0.317116 0.285858 9.98422E-05 9.98422E-05 9.98422E-05 9.98422E-05 9.98422E-05 9.98422E-05 9.98422E-05 9.98422E-05 9.98422E-05 0.158255 9.98422E-05 9.98422E-05 9.98422E-05 9.98422E-05 9.98422E-05 0.0179039 9.98422E-05 9.98422E-05 0.0709992
9.98158E-05 0.116613 9.98158E-05 9.98158E-05 0.0238114 0.77732 9.98158E-05 9.98158E-05 9.98158E-05 9.98158E-05 9.98158E-05 9.98158E-05 9.98158E-05 0.0740726 9.98158E-05 0.00255055 9.98158E-05 9.98158E-05 9.98158E-05 9.98158E-05 9.98158E-05 9.98158E-05 0.00353572 9.98158E-05 9.98158E-05 9.98158E-05 9.98158E-05
9.9798E-05 9.9798E-05 9.9798E-05 9.9798E-05 0.0768937 9.9798E-05 9.9798E-05 0.867766 9.9798E-05 9.9798E-05 9.9798E-05 9.9798E-05 0.00107577 9.9798E-05 9.9798E-05 9.9798E-05 9.9798E-05 0.0519693 9.9798E-05 9.9798E-05 9.9798E-05 9.9798E-05 9.9798E-05 9.9798E-05 9.9798E-05 9.9798E-05 9.9798E-05
9.98072E-05 9.98072E-05 9.98072E-05 0.0335145 0.159366 9.98072E-05 0.0148023 0.541955 9.98072E-05 9.98072E-05 9.98072E-05 9.98072E-05 9.98072E-05 9.98072E-05 9.98072E-05 9.98072E-05 9.98072E-05 0.248167 9.98072E-05 9.98072E-05 9.98072E-05 9.98072E-05 9.98072E-05 9.98072E-05 9.98072E-05 9.98072E-05 9.98072E-05
9.98157E-05 9.98157E-05 9.98157E-05 9.98157E-05 0.0760671 0.31887 9.98157E-05 0.505859 0.0137866 9.98157E-05 9.98157E-05 0.0512126 9.98157E-05 9.98157E-05 0.0321087 9.98157E-05 9.98157E-05 9.98157E-05 9.98157E-05 9.98157E-05 9.98157E-05 9.98157E-05 9.98157E-05 9.98157E-05 9.98157E-05 9.98157E-05 9.98157E-05
9.98248E-05 9.98248E-05 9.98248E-05 0.016431 0.172447 9.98248E-05 0.0160927 0.735728 9.98248E-05 9.98248E-05 9.98248E-05 9.98248E-05 9.98248E-05 9.98248E-05 0.00821166 9.98248E-05 0.0327767 0.0163158 9.98248E-05 9.98248E-05 9.98248E-05 9.98248E-05 9.98248E-05 9.98248E-05 9.98248E-05 9.98248E-05 9.98248E-05
0.0688314 9.97896E-05 9.97896E-05 9.97896E-05 9.97896E-05 0.0692898 9.97896E-05 0.859484 9.97896E-05 9.97896E-05 9.97896E-05 9.97896E-05 9.97896E-05 9.97896E-05 9.97896E-05 9.97896E-05 9.97896E-05 9.97896E-05 9.97896E-05 9.97896E-05 9.97896E-05 9.97896E-05 9.97896E-05 9.97896E-05 9.97896E-05 9.97896E-05 9.97896E-05
9.98069E-05 9.98069E-05 9.98069E-05 9.98069E-05 0.098626 9.98069E-05 9.98069E-05 0.459883 0.0652035 9.98069E-05 9.98069E-05 0.135353 9.98069E-05 9.98069E-05 9.98069E-05 9.98069E-05 9.98069E-05 0.238739 9.98069E-05 9.98069E-05 9.98069E-05 9.98069E-05 9.98069E-05 9.98069E-05 9.98069E-05 9.98069E-05 9.98069E-05
9.98068E-05 9.98068E-05 9.98068E-05 9.98068E-05 0.0267894 9.98068E-05 9.98068E-05 0.84202 9.98068E-05 9.98068E-05 9.98068E-05 9.98068E-05 9.98068E-05 0.0618234 9.98068E-05 9.98068E-05 9.98068E-05 9.98068E-05 9.98068E-05 9.98068E-05 9.98068E-05 9.98068E-05 9.98068E-05 0.0305545 9.98068E-05 0.0366174 9.98068E-05
9.97984E-05 9.97984E-05 9.97984E-05 9.97984E-05 0.0113126 0.0268365 9.97984E-05 0.946627 9.97984E-05 9.97984E-05 9.97984E-05 9.97984E-05 9.97984E-05 9.97984E-05 9.97984E-05 9.97984E-05 9.97984E-05 9.97984E-05 9.97984E-05 0.0129287 9.97984E-05 9.97984E-05 9.97984E-05 9.97984E-05 9.97984E-05 9.97984E-05 9.97984E-05
9.98157E-05 9.98157E-05 9.98157E-05 9.98157E-05 9.98157E-05 9.98157E-05 0.194968 0.642511 9.98157E-05 9.98157E-05 9.98157E-05 9.98157E-05 9.98157E-05 9.98157E-05 0.0354279 9.98157E-05 9.98157E-05 0.0101454 9.98157E-05 0.0476525 9.98157E-05 9.98157E-05 9.98157E-05 9.98157E-05 0.0671984 9.98157E-05 9.98157E-05
9.98069E-05 9.98069E-05 0.0887221 9.98069E-05 0.227285 9.98069E-05 9.98069E-05 0.506663 9.98069E-05 9.98069E-05 9.98069E-05 9.98069E-05 9.98069E-05 9.98069E-05 9.98069E-05 9.98069E-05 9.98069E-05 0.133955 0.0411792 9.98069E-05 9.98069E-05 9.98069E-05 9.98069E-05 9.98069E-05 9.98069E-05 9.98069E-05 9.98069E-05
9.98069E-05 9.98069E-05 9.98069E-05 9.98069E-05 9.98069E-05 0.236245 0.461486 0.193206 9.98069E-05 9.98069E-05 9.98069E-05 9.98069E-05 9.98069E-05 9.98069E-05 9.98069E-05 9.98069E-05 9.98069E-05 0.072069 9.98069E-05 0.0347991 9.98069E-05 9.98069E-05 9.98069E-05 9.98069E-05 9.98069E-05 9.98069E-05 9.98069E-05
9.97984E-05 9.97984E-05 9.97984E-05 9.97984E-05 9.97984E-05 0.410316 9.97984E-05 0.556306 9.97984E-05 9.97984E-05 9.97984E-05 9.97984E-05 9.97984E-05 9.97984E-05 0.0258935 9.97984E-05 9.97984E-05 0.00518889 9.97984E-05 9.97984E-05 9.97984E-05 9.97984E-05 9.97984E-05 9.97984E-05 9.97984E-05 9.97984E-05 9.97984E-05
9.97807E-05 9.97807E-05 9.97807E-05 9.97807E-05 9.97807E-05 0.674909 9.97807E-05 0.322597 9.97807E-05 9.97807E-05 9.97807E-05 9.97807E-05 9.97807E-05 9.97807E-05 9.97807E-05 9.97807E-05 9.97807E-05 9.97807E-05 9.97807E-05 9.97807E-05 9.97807E-05 9.97807E-05 9.97807E-05 9.97807E-05 9.97807E-05 9.97807E-05 9.97807E-05
