0.403679 9.99385E-05 9.99385E-05 0.0552106 0.0481418 0.0326701 9.99385E-05 0.0443177 9.99385E-05 9.99385E-05 9.99385E-05 0.338592 9.99385E-05 0.0766888
0.791934 9.99122E-05 9.99122E-05 0.138232 9.99122E-05 0.0119848 9.99122E-05 9.99122E-05 9.99122E-05 9.99122E-05 9.99122E-05 9.99122E-05 9.99122E-05 0.05685
0.898389 9.99122E-05 9.99122E-05 9.99122E-05 9.99122E-05 9.99122E-05 9.99122E-05 0.00202048 0.0656774 9.99122E-05 9.99122E-05 9.99122E-05 9.99122E-05 0.032914
0.279768 9.99561E-05 9.99561E-05 9.99561E-05 9.99561E-05 0.102108 0.23042 0.027238 0.128631 0.106421 9.99561E-05 0.0790275 0.0128445 0.0330429
0.838548 9.99122E-05 9.99122E-05 0.0613591 9.99122E-05 9.99122E-05 0.0926355 9.99122E-05 9.99122E-05 9.99122E-05 9.99122E-05 9.99122E-05 0.00645783 9.99122E-05
0.254833 9.99298E-05 9.99298E-05 0.0427148 9.99298E-05 9.99298E-05 0.244812 9.99298E-05 0.211674 9.99298E-05 9.99298E-05 0.105587 0.13958 9.99298E-05
0.276037 9.99297E-05 9.99297E-05 0.106074 9.99297E-05 0.144894 0.12782 0.0889383 9.99297E-05 9.99297E-05 9.99297E-05 0.255438 9.99297E-05 9.99297E-05
0.21725 9.99386E-05 9.99386E-05 9.99386E-05 0.102335 9.99386E-05 0.234138 9.99386E-05 0.00983153 9.99386E-05 0.0684284 0.218197 0.14912 9.99386E-05
0.265695 9.99385E-05 9.99385E-05 0.0145951 9.99385E-05 9.99385E-05 9.99385E-05 0.193836 0.0179868 9.99385E-05 9.99385E-05 0.00463212 0.248681 0.253874
0.900791 9.98946E-05 9.98946E-05 9.98946E-05 9.98946E-05 9.98946E-05 9.98946E-05 9.98946E-05 9.98946E-05 9.98946E-05 9.98946E-05 9.98946E-05 9.98946E-05 0.0980104
0.488246 9.99122E-05 9.99122E-05 9.99122E-05 9.99122E-05 0.114718 9.99122E-05 9.99122E-05 9.99122E-05 9.99122E-05 9.99122E-05 0.219632 9.99122E-05 0.176405
0.944424 9.99122E-05 9.99122E-05 9.99122E-05 9.99122E-05 0.0208244 0.0176182 9.99122E-05 9.99122E-05 9.99122E-05 0.016134 9.99122E-05 9.99122E-05 9.99122E-05
0.750902 9.9921E-05 9.9921E-05 9.9921E-05 9.9921E-05 0.0233753 9.9921E-05 9.9921E-05 9.9921E-05 9.9921E-05 9.9921E-05 0.134173 0.00885619 0.0817935
0.617546 9.99474E-05 0.00937652 9.99474E-05 0.00935761 0.114477 9.99474E-05 9.99474E-05 0.10691 9.99474E-05 0.00103984 0.0342527 9.99474E-05 0.106441
0.342264 9.99298E-05 9.99298E-05 9.99298E-05 9.99298E-05 9.99298E-05 9.99298E-05 0.051133 0.151101 9.99298E-05 9.99298E-05 0.184493 0.135372 0.134837
0.328801 9.99473E-05 9.99473E-05 9.99473E-05 9.99473E-05 9.99473E-05 0.0980945 9.99473E-05 0.0799371 0.0328977 0.0711779 0.101314 0.149664 0.137515
0.498789 9.99386E-05 0.138777 0.0997973 0.0825792 0.0778624 0.0521508 9.99386E-05 9.99386E-05 9.99386E-05 9.99386E-05 9.99386E-05 9.99386E-05 0.0493448
0.144978 0.166036 9.99298E-05 9.99298E-05 9.99298E-05 9.99298E-05 9.99298E-05 9.99298E-05 9.99298E-05 0.12415 9.99298E-05 0.374481 0.105806 0.0837499
0.325113 0.0789071 9.99297E-05 9.99297E-05 9.99297E-05 0.0517884 9.99297E-05 9.99297E-05 9.99297E-05 9.99297E-05 9.99297E-05 0.174387 0.13865 0.230355
0.965328 9.99035E-05 9.99035E-05 0.00233762 9.99035E-05 9.99035E-05 9.99035E-05 9.99035E-05 9.99035E-05 0.0312352 9.99035E-05 9.99035E-05 9.99035E-05 9.99035E-05
0.499419 9.99298E-05 9.99298E-05 9.99298E-05 9.99298E-05 0.0768238 0.224629 0.00949235 9.99298E-05 9.99298E-05 9.99298E-05 9.99298E-05 0.0753674 0.113469
0.336043 0.0531641 9.9921E-05 9.9921E-05 9.9921E-05 9.9921E-05 0.250947 9.9921E-05 9.9921E-05 9.9921E-05 9.9921E-05 0.243322 0.115625 9.9921E-05
0.601337 9.99211E-05 9.99211E-05 9.99211E-05 9.99211E-05 0.0690725 9.99211E-05 9.99211E-05 0.0983785 9.99211E-05 9.99211E-05 0.0671453 9.99211E-05 0.163167
0.345699 9.99122E-05 9.99122E-05 9.99122E-05 9.99122E-05 9.99122E-05 9.99122E-05 0.0659496 9.99122E-05 9.99122E-05 9.99122E-05 0.338297 9.99122E-05 0.249056
0.284416 9.99297E-05 9.99297E-05 9.99297E-05 9.99297E-05 0.0589646 9.99297E-05 9.99297E-05 0.253957 0.131309 9.99297E-05 9.99297E-05 0.0278971 0.242657
0.680585 9.99298E-05 9.99298E-05 9.99298E-05 9.99298E-05 0.0097922 0.126 9.99298E-05 0.0201271 9.99298E-05 9.99298E-05 9.99298E-05 0.00146402 0.161233
9.99298E-05 0.131281 9.99298E-05 9.99298E-05 9.99298E-05 9.99298E-05 9.99298E-05 9.99298E-05 0.397495 0.0757924 0.0368175 0.293745 9.99298E-05 0.0640703
0.762539 9.99386E-05 9.99386E-05 0.0117683 9.99386E-05 0.00901923 0.128976 9.99386E-05 0.0131542 9.99386E-05 9.99386E-05 0.00564999 9.99386E-05 0.0681934
0.588844 9.9921E-05 9.9921E-05 9.9921E-05 9.9921E-05 9.9921E-05 9.9921E-05 9.9921E-05 0.0354167 0.0106005 9.9921E-05 0.151291 9.9921E-05 0.212948
0.782057 9.99298E-05 0.034472 9.99298E-05 9.99298E-05 0.039125 9.99298E-05 0.0169183 9.99298E-05 9.99298E-05 9.99298E-05 9.99298E-05 0.0425674 0.0840609
0.652066 9.9921E-05 9.9921E-05 9.9921E-05 9.9921E-05 0.124162 9.9921E-05 9.9921E-05 9.9921E-05 9.9921E-05 9.9921E-05 0.168659 0.0250856 0.0291283
0.519504 9.99298E-05 9.99298E-05 9.99298E-05 9.99298E-05 0.0618444 0.0547687 9.99298E-05 0.222573 9.99298E-05 9.99298E-05 0.0181508 9.99298E-05 0.12236
0.55942 9.99297E-05 9.99297E-05 9.99297E-05 9.99297E-05 0.119743 9.99297E-05 9.99297E-05 0.0089981 9.99297E-05 0.0245422 0.128212 9.99297E-05 0.158286
0.526951 0.0515528 9.99298E-05 9.99298E-05 9.99298E-05 9.99298E-05 9.99298E-05 0.0401092 0.236647 9.99298E-05 0.0372835 9.99298E-05 9.99298E-05 0.106657
0.838199 9.99298E-05 9.99298E-05 0.0828888 9.99298E-05 0.00699318 9.99298E-05 9.99298E-05 9.99298E-05 0.0386902 9.99298E-05 9.99298E-05 0.0252701 0.00715928
0.645547 9.9921E-05 9.9921E-05 9.9921E-05 9.9921E-05 0.0312804 9.9921E-05 0.0824646 9.9921E-05 9.9921E-05 9.9921E-05 0.128574 9.9921E-05 0.111234
0.860391 9.99123E-05 9.99123E-05 0.0241153 9.99123E-05 0.0446331 9.99123E-05 9.99123E-05 9.99123E-05 9.99123E-05 0.0698612 9.99123E-05 9.99123E-05 9.99123E-05
0.606448 9.99212E-05 9.99212E-05 9.99212E-05 9.99212E-05 0.0953613 9.99212E-05 9.99212E-05 9.99212E-05 0.0278047 9.99212E-05 9.99212E-05 0.143613 0.125874
0.621935 9.99386E-05 0.0338336 0.108397 9.99386E-05 0.0226729 0.00831109 9.99386E-05 0.0534703 9.99386E-05 9.99386E-05 9.99386E-05 9.99386E-05 0.150681
0.604576 9.99122E-05 9.99122E-05 9.99122E-05 9.99122E-05 9.99122E-05 9.99122E-05 9.99122E-05 0.154927 9.99122E-05 0.093714 9.99122E-05 9.99122E-05 0.145784
0.720645 9.99123E-05 9.99123E-05 9.99123E-05 9.99123E-05 0.0666862 0.140503 9.99123E-05 9.99123E-05 9.99123E-05 9.99123E-05 9.99123E-05 9.99123E-05 0.0711666
0.587627 9.99386E-05 9.99386E-05 9.99386E-05 9.99386E-05 9.99386E-05 0.0459452 0.0659469 9.99386E-05 0.0363991 9.99386E-05 0.209381 0.0110858 0.0429153
0.875613 9.9921E-05 0.00759588 0.0397898 9.9921E-05 9.9921E-05 9.9921E-05 9.9921E-05 0.054047 9.9921E-05 9.9921E-05 0.0220547 9.9921E-05 9.9921E-05
0.372886 9.99298E-05 9.99298E-05 9.99298E-05 9.99298E-05 0.0317139 9.99298E-05 0.0391021 9.99298E-05 9.99298E-05 9.99298E-05 0.255167 0.105288 0.195044
0.200283 9.99122E-05 9.99122E-05 9.99122E-05 9.99122E-05 9.99122E-05 0.252681 9.99122E-05 9.99122E-05 9.99122E-05 9.99122E-05 0.344207 9.99122E-05 0.201829
0.848426 9.99209E-05 9.99209E-05 9.99209E-05 9.99209E-05 9.99209E-05 0.0577235 9.99209E-05 9.99209E-05 0.0600695 9.99209E-05 9.99209E-05 0.00555212 0.0273297
0.861254 0.0646733 9.99122E-05 9.99122E-05 9.99122E-05 9.99122E-05 9.99122E-05 9.99122E-05 9.99122E-05 9.99122E-05 9.99122E-05 9.99122E-05 0.0458821 0.0271915
0.966074 9.99035E-05 9.99035E-05 9.99035E-05 0.0024613 9.99035E-05 9.99035E-05 9.99035E-05 9.99035E-05 9.99035E-05 9.99035E-05 9.99035E-05 9.99035E-05 0.0303661
0.595039 9.99209E-05 9.99209E-05 9.99209E-05 9.99209E-05 0.0777464 0.0417593 9.99209E-05 9.99209E-05 9.99209E-05 9.99209E-05 0.157855 9.99209E-05 0.126701
0.81445 0.0390308 9.99299E-05 0.0126313 9.99299E-05 0.0207137 9.99299E-05 9.99299E-05 9.99299E-05 9.99299E-05 0.08838 9.99299E-05 0.023995 9.99299E-05
0.359433 9.99473E-05 9.99473E-05 9.99473E-05 9.99473E-05 0.116051 0.126077 0.0177018 0.0833853 9.99473E-05 9.99473E-05 0.0525288 0.0735646 0.170659
0.692438 9.99298E-05 9.99298E-05 9.99298E-05 9.99298E-05 9.99298E-05 0.0868123 0.115977 9.99298E-05 0.0714367 0.00189256 9.99298E-05 0.0306447 9.99298E-05
0.881014 0.0588924 9.99123E-05 9.99123E-05 9.99123E-05 9.99123E-05 9.99123E-05 0.0364582 9.99123E-05 9.99123E-05 9.99123E-05 9.99123E-05 9.99123E-05 0.022636
0.658706 0.00215364 9.99299E-05 9.99299E-05 9.99299E-05 9.99299E-05 9.99299E-05 9.99299E-05 9.99299E-05 0.0605877 0.207223 9.99299E-05 0.00925558 0.0612745
0.811581 9.99124E-05 9.99124E-05 9.99124E-05 9.99124E-05 9.99124E-05 0.0677458 0.00685589 9.99124E-05 9.99124E-05 9.99124E-05 9.99124E-05 9.99124E-05 0.112818
0.745012 9.99123E-05 9.99123E-05 9.99123E-05 9.99123E-05 0.037734 9.99123E-05 9.99123E-05 0.164776 0.0514797 9.99123E-05 9.99123E-05 9.99123E-05 9.99123E-05
0.654299 0.115391 9.99385E-05 0.0528638 9.99385E-05 0.0254155 0.138561 9.99385E-05 9.99385E-05 9.99385E-05 0.00549891 9.99385E-05 0.00727097 9.99385E-05
0.816683 9.99036E-05 9.99036E-05 9.99036E-05 9.99036E-05 0.0713115 9.99036E-05 9.99036E-05 9.99036E-05 9.99036E-05 9.99036E-05 9.99036E-05 9.99036E-05 0.110906
0.880695 9.99298E-05 9.99298E-05 0.0163565 9.99298E-05 0.0378982 9.99298E-05 9.99298E-05 9.99298E-05 9.99298E-05 9.99298E-05 0.028066 0.00429883 0.0318861
9.99298E-05 0.0711713 9.99298E-05 0.09275 9.99298E-05 0.033447 9.99298E-05 9.99298E-05 0.12378 9.99298E-05 9.99298E-05 0.49456 9.99298E-05 0.183492
0.10036 9.99124E-05 9.99124E-05 0.0742266 9.99124E-05 9.99124E-05 9.99124E-05 0.0377787 9.99124E-05 9.99124E-05 9.99124E-05 0.786636 9.99124E-05 9.99124E-05
0.0791384 0.149291 0.150636 0.100783 9.9921E-05 9.9921E-05 9.9921E-05 9.9921E-05 9.9921E-05 9.9921E-05 9.9921E-05 0.519253 9.9921E-05 9.9921E-05
9.99298E-05 0.0594819 9.99298E-05 0.339269 9.99298E-05 9.99298E-05 9.99298E-05 9.99298E-05 0.280601 9.99298E-05 9.99298E-05 0.194933 0.0851509 0.0397652
9.99385E-05 0.136207 9.99385E-05 9.99385E-05 9.99385E-05 9.99385E-05 0.0355504 9.99385E-05 9.99385E-05 0.023109 0.0248765 0.578472 0.08337 0.117715
9.99296E-05 9.99296E-05 9.99296E-05 0.0374384 0.0223302 9.99296E-05 9.99296E-05 0.00290134 0.0728433 9.99296E-05 9.99296E-05 0.604402 9.99296E-05 0.259285
9.99473E-05 0.0231797 9.99473E-05 0.4186 0.0415024 0.0370284 9.99473E-05 9.99473E-05 0.0648593 0.0153876 9.99473E-05 0.290977 9.99473E-05 0.107866
9.99297E-05 0.22848 9.99297E-05 0.188195 9.99297E-05 9.99297E-05 9.99297E-05 9.99297E-05 0.113413 9.99297E-05 9.99297E-05 0.307286 0.0456829 0.116144
9.99211E-05 0.0432525 0.0943566 0.215769 9.99211E-05 9.99211E-05 9.99211E-05 9.99211E-05 9.99211E-05 9.99211E-05 9.99211E-05 0.635511 9.99211E-05 0.0102108
0.0756358 9.9921E-05 9.9921E-05 0.0902379 9.9921E-05 0.0689695 9.9921E-05 9.9921E-05 9.9921E-05 9.9921E-05 9.9921E-05 0.693119 9.9921E-05 0.0711384
9.99297E-05 0.0156723 9.99297E-05 9.99297E-05 9.99297E-05 0.172983 9.99297E-05 9.99297E-05 9.99297E-05 0.0661729 9.99297E-05 0.36108 0.0517108 0.331582
9.99385E-05 9.99385E-05 9.99385E-05 0.119093 0.0878954 0.134703 0.0290925 9.99385E-05 9.99385E-05 9.99385E-05 0.100371 0.430874 9.99385E-05 0.097271
9.99473E-05 9.99473E-05 9.99473E-05 9.99473E-05 0.137056 0.0449969 0.0426018 9.99473E-05 0.120773 9.99473E-05 0.00608697 0.457231 0.157943 0.032711
9.99121E-05 9.99121E-05 9.99121E-05 0.136767 9.99121E-05 9.99121E-05 0.00953803 9.99121E-05 9.99121E-05 9.99121E-05 9.99121E-05 0.607975 9.99121E-05 0.244721
0.00193082 9.99475E-05 0.035386 0.0300737 0.0507817 9.99475E-05 9.99475E-05 0.0222255 0.102271 9.99475E-05 0.0330518 0.72368 9.99475E-05 9.99475E-05
9.99211E-05 9.99211E-05 0.0246536 0.121026 9.99211E-05 0.0158233 9.99211E-05 9.99211E-05 9.99211E-05 9.99211E-05 9.99211E-05 0.730085 9.99211E-05 0.107513
9.99297E-05 0.195826 9.99297E-05 0.14227 9.99297E-05 9.99297E-05 0.0430935 9.99297E-05 0.174357 9.99297E-05 9.99297E-05 0.382654 9.99297E-05 0.0609995
9.9921E-05 0.0122919 9.9921E-05 9.9921E-05 0.0523059 0.119523 9.9921E-05 9.9921E-05 9.9921E-05 9.9921E-05 9.9921E-05 0.756586 0.0583941 9.9921E-05
0.0353629 0.146102 9.99386E-05 0.0447847 9.99386E-05 0.0222347 9.99386E-05 9.99386E-05 9.99386E-05 9.99386E-05 9.99386E-05 0.59515 0.00572924 0.149937
9.99472E-05 0.00828356 9.99472E-05 0.0671467 0.0165264 0.0164492 9.99472E-05 9.99472E-05 0.0672376 9.99472E-05 0.0677065 0.454933 9.99472E-05 0.301118
9.99124E-05 9.99124E-05 0.237167 0.0249448 9.99124E-05 9.99124E-05 9.99124E-05 9.99124E-05 9.99124E-05 9.99124E-05 9.99124E-05 0.665001 9.99124E-05 0.0718882
9.99297E-05 0.0458572 9.99297E-05 0.00987217 0.0329608 9.99297E-05 9.99297E-05 9.99297E-05 9.99297E-05 9.99297E-05 0.0212742 0.83188 9.99297E-05 0.0573562
0.0193089 9.99211E-05 9.99211E-05 0.0933779 9.99211E-05 9.99211E-05 9.99211E-05 9.99211E-05 0.277465 9.99211E-05 9.99211E-05 0.571636 9.99211E-05 0.0373133
9.99386E-05 0.0976532 9.99386E-05 9.99386E-05 9.99386E-05 9.99386E-05 0.0645354 0.115338 0.186183 9.99386E-05 9.99386E-05 0.491498 0.00556313 0.0385299
0.00754792 9.99209E-05 9.99209E-05 9.99209E-05 0.0931643 0.13049 9.99209E-05 9.99209E-05 9.99209E-05 9.99209E-05 9.99209E-05 0.678521 9.99209E-05 0.0893768
0.147696 9.99474E-05 0.0669558 0.244498 9.99474E-05 0.0385594 9.99474E-05 9.99474E-05 0.0203655 0.0309354 9.99474E-05 0.362077 9.99474E-05 0.0883133
0.00857851 9.99211E-05 0.138593 0.00961738 0.0186184 9.99211E-05 9.99211E-05 9.99211E-05 9.99211E-05 9.99211E-05 9.99211E-05 0.823693 9.99211E-05 9.99211E-05
9.99211E-05 9.99211E-05 0.0494345 0.164106 9.99211E-05 9.99211E-05 9.99211E-05 0.0184877 9.99211E-05 9.99211E-05 9.99211E-05 0.638715 9.99211E-05 0.128358
0.0194597 0.183332 9.99299E-05 9.99299E-05 0.0295451 9.99299E-05 9.99299E-05 9.99299E-05 9.99299E-05 9.99299E-05 9.99299E-05 0.702873 0.0246964 0.0392933
0.0210266 9.99474E-05 0.256526 0.0164899 9.99474E-05 0.0134485 9.99474E-05 9.99474E-05 9.99474E-05 0.0263799 9.99474E-05 0.28244 0.117665 0.265423
9.99034E-05 9.99034E-05 9.99034E-05 9.99034E-05 9.99034E-05 9.99034E-05 9.99034E-05 9.99034E-05 0.822095 9.99034E-05 9.99034E-05 9.99034E-05 0.0883334 0.0884727
9.99122E-05 9.99122E-05 0.386103 9.99122E-05 9.99122E-05 9.99122E-05 9.99122E-05 9.99122E-05 0.540213 9.99122E-05 9.99122E-05 9.99122E-05 0.0342268 0.038458
9.99121E-05 0.0188121 9.99121E-05 9.99121E-05 9.99121E-05 0.0357747 9.99121E-05 9.99121E-05 0.84186 9.99121E-05 9.99121E-05 9.99121E-05 9.99121E-05 0.102554
9.99121E-05 0.0489484 9.99121E-05 9.99121E-05 9.99121E-05 0.0167295 9.99121E-05 9.99121E-05 0.853147 9.99121E-05 9.99121E-05 9.99121E-05 9.99121E-05 0.0801759
9.99122E-05 9.99122E-05 9.99122E-05 9.99122E-05 0.0311178 9.99122E-05 9.99122E-05 9.99122E-05 0.864776 9.99122E-05 0.0150325 9.99122E-05 0.0880744 9.99122E-05
9.9921E-05 9.9921E-05 9.9921E-05 0.0343421 9.9921E-05 9.9921E-05 0.0120392 9.9921E-05 0.608683 9.9921E-05 9.9921E-05 9.9921E-05 0.157942 0.186094
9.9921E-05 9.9921E-05 9.9921E-05 9.9921E-05 0.00942134 0.0251572 9.9921E-05 9.9921E-05 0.793957 9.9921E-05 9.9921E-05 9.9921E-05 0.088145 0.0824201
9.99034E-05 9.99034E-05 9.99034E-05 9.99034E-05 9.99034E-05 9.99034E-05 9.99034E-05 9.99034E-05 0.786319 9.99034E-05 9.99034E-05 9.99034E-05 0.200856 0.0117257
9.99209E-05 9.99209E-05 9.99209E-05 0.209416 0.00170533 9.99209E-05 9.99209E-05 9.99209E-05 0.441064 9.99209E-05 9.99209E-05 9.99209E-05 0.298602 0.0483136
9.99122E-05 9.99122E-05 9.99122E-05 9.99122E-05 0.00609014 9.99122E-05 9.99122E-05 9.99122E-05 0.548971 9.99122E-05 9.99122E-05 9.99122E-05 0.16481 0.27913
9.9921E-05 9.9921E-05 0.192168 0.323105 9.9921E-05 0.008465 9.9921E-05 9.9921E-05 0.439179 9.9921E-05 9.9921E-05 9.9921E-05 0.0361841 9.9921E-05
9.99122E-05 9.99122E-05 0.054208 0.156627 9.99122E-05 9.99122E-05 9.99122E-05 9.99122E-05 0.754657 9.99122E-05 9.99122E-05 9.99122E-05 9.99122E-05 0.0335085
9.99036E-05 9.99036E-05 0.0126068 9.99036E-05 9.99036E-05 9.99036E-05 9.99036E-05 9.99036E-05 0.938531 9.99036E-05 9.99036E-05 9.99036E-05 0.0477636 9.99036E-05
9.99124E-05 9.99124E-05 0.0252828 9.99124E-05 9.99124E-05 9.99124E-05 9.99124E-05 9.99124E-05 0.60607 9.99124E-05 9.99124E-05 9.99124E-05 0.149118 0.21853
9.99299E-05 0.100611 0.0421446 9.99299E-05 0.0297532 9.99299E-05 9.99299E-05 9.99299E-05 0.745909 9.99299E-05 0.0171909 9.99299E-05 0.0635917 9.99299E-05
9.99386E-05 9.99386E-05 9.99386E-05 0.0649653 0.0313457 0.0317399 9.99386E-05 9.99386E-05 0.739575 9.99386E-05 9.99386E-05 0.00271364 0.00360336 0.125358
9.9921E-05 9.9921E-05 9.9921E-05 0.261307 9.9921E-05 9.9921E-05 9.9921E-05 9.9921E-05 0.590193 0.0442247 9.9921E-05 9.9921E-05 0.0457114 0.057665
0.0280656 9.99474E-05 9.99474E-05 9.99474E-05 0.0273339 0.0279314 9.99474E-05 9.99474E-05 0.729295 0.0040546 0.0180785 0.013283 0.151359 9.99474E-05
9.99122E-05 9.99122E-05 9.99122E-05 0.0178357 9.99122E-05 0.00477422 9.99122E-05 9.99122E-05 0.97523 9.99122E-05 9.99122E-05 9.99122E-05 0.00116113 9.99122E-05
9.99298E-05 9.99298E-05 0.132558 9.99298E-05 9.99298E-05 0.0450108 9.99298E-05 9.99298E-05 0.545084 0.0511481 9.99298E-05 9.99298E-05 0.131495 0.0939048
9.99034E-05 9.99034E-05 9.99034E-05 0.0909935 9.99034E-05 9.99034E-05 9.99034E-05 9.99034E-05 0.858087 9.99034E-05 9.99034E-05 9.99034E-05 9.99034E-05 0.0498209
9.99122E-05 9.99122E-05 9.99122E-05 9.99122E-05 9.99122E-05 0.00497673 9.99122E-05 9.99122E-05 0.917594 9.99122E-05 9.99122E-05 9.99122E-05 0.0563622 0.020068
9.9921E-05 9.9921E-05 9.9921E-05 0.0427435 9.9921E-05 9.9921E-05 9.9921E-05 9.9921E-05 0.465181 0.077922 9.9921E-05 9.9921E-05 0.224596 0.188659
9.99122E-05 9.99122E-05 0.107237 9.99122E-05 9.99122E-05 9.99122E-05 9.99122E-05 9.99122E-05 0.756227 9.99122E-05 9.99122E-05 9.99122E-05 0.0994478 0.0360889
9.99298E-05 9.99298E-05 9.99298E-05 0.0712531 9.99298E-05 9.99298E-05 9.99298E-05 0.052535 0.457477 0.00717848 9.99298E-05 9.99298E-05 0.217924 0.192834
9.99298E-05 9.99298E-05 0.221226 0.109487 9.99298E-05 9.99298E-05 9.99298E-05 9.99298E-05 0.320165 9.99298E-05 9.99298E-05 0.00896102 0.155894 0.183467
9.9921E-05 9.9921E-05 0.54098 9.9921E-05 9.9921E-05 9.9921E-05 9.9921E-05 0.111024 0.275659 0.0231011 9.9921E-05 9.9921E-05 9.9921E-05 0.0483365
9.99121E-05 9.99121E-05 9.99121E-05 9.99121E-05 9.99121E-05 9.99121E-05 9.99121E-05 9.99121E-05 0.851159 0.0235287 9.99121E-05 9.99121E-05 0.0239797 0.100333
9.99123E-05 9.99123E-05 9.99123E-05 0.0365988 9.99123E-05 9.99123E-05 9.99123E-05 9.99123E-05 0.513993 9.99123E-05 9.99123E-05 9.99123E-05 0.274452 0.173957
9.99211E-05 9.99211E-05 0.00136722 9.99211E-05 9.99211E-05 0.0256692 9.99211E-05 9.99211E-05 0.813703 0.034819 9.99211E-05 9.99211E-05 9.99211E-05 0.123542
9.99123E-05 9.99123E-05 9.99123E-05 9.99123E-05 9.99123E-05 0.0581464 9.99123E-05 9.99123E-05 0.686496 9.99123E-05 9.99123E-05 9.99123E-05 0.0146657 0.239693
9.99122E-05 9.99122E-05 9.99122E-05 9.99122E-05 9.99122E-05 0.00569812 9.99122E-05 9.99122E-05 0.968213 0.0239107 9.99122E-05 9.99122E-05 9.99122E-05 0.00117925
9.99121E-05 9.99121E-05 9.99121E-05 9.99121E-05 9.99121E-05 9.99121E-05 9.99121E-05 9.99121E-05 0.402796 0.166037 9.99121E-05 9.99121E-05 0.290624 0.139545
9.99209E-05 9.99209E-05 9.99209E-05 9.99209E-05 9.99209E-05 9.99209E-05 9.99209E-05 0.0257023 0.872448 9.99209E-05 9.99209E-05 0.0707417 0.0104784 0.0197305
9.98948E-05 9.98948E-05 9.98948E-05 9.98948E-05 9.98948E-05 9.98948E-05 9.98948E-05 9.98948E-05 0.896092 9.98948E-05 9.98948E-05 9.98948E-05 9.98948E-05 0.102709
9.99386E-05 9.99386E-05 0.102059 0.0187317 0.0410457 0.0613046 9.99386E-05 9.99386E-05 0.688226 9.99386E-05 0.00623741 9.99386E-05 0.0816956 9.99386E-05
9.99121E-05 9.99121E-05 9.99121E-05 9.99121E-05 0.0221525 9.99121E-05 9.99121E-05 9.99121E-05 0.725438 9.99121E-05 9.99121E-05 9.99121E-05 0.0815115 0.169899
9.99122E-05 0.0107951 0.447469 9.99122E-05 9.99122E-05 9.99122E-05 9.99122E-05 9.99122E-05 0.4433 9.99122E-05 9.99122E-05 9.99122E-05 0.0974367 9.99122E-05
9.99298E-05 0.0465271 0.214192 9.99298E-05 0.00157365 0.0294561 9.99298E-05 9.99298E-05 0.676828 9.99298E-05 9.99298E-05 9.99298E-05 9.99298E-05 0.0306231
9.99123E-05 9.99123E-05 0.253599 9.99123E-05 9.99123E-05 0.0186066 9.99123E-05 9.99123E-05 0.720582 0.00621357 9.99123E-05 9.99123E-05 9.99123E-05 9.99123E-05
9.99035E-05 9.99035E-05 0.38809 0.00078971 9.99035E-05 9.99035E-05 9.99035E-05 9.99035E-05 0.610022 9.99035E-05 9.99035E-05 9.99035E-05 9.99035E-05 9.99035E-05
9.99297E-05 9.99297E-05 9.99297E-05 0.0913754 9.99297E-05 0.00516101 0.0160869 9.99297E-05 0.48846 9.99297E-05 9.99297E-05 9.99297E-05 0.133623 0.264495
9.99035E-05 9.99035E-05 9.99035E-05 9.99035E-05 0.025781 9.99035E-05 9.99035E-05 9.99035E-05 0.822095 9.99035E-05 9.99035E-05 9.99035E-05 0.151025 9.99035E-05
9.99298E-05 9.99298E-05 0.528266 9.99298E-05 9.99298E-05 0.0220617 9.99298E-05 9.99298E-05 0.127943 0.0250711 9.99298E-05 9.99298E-05 0.192656 0.103203
9.99035E-05 9.99035E-05 0.454617 9.99035E-05 9.99035E-05 9.99035E-05 9.99035E-05 9.99035E-05 0.508621 9.99035E-05 9.99035E-05 9.99035E-05 9.99035E-05 0.0356628
9.99297E-05 0.0489623 9.99297E-05 0.113563 9.99297E-05 0.00898296 9.99297E-05 9.99297E-05 0.584113 0.0711347 9.99297E-05 9.99297E-05 0.172445 9.99297E-05
9.99211E-05 0.0495891 0.0186738 9.99211E-05 9.99211E-05 9.99211E-05 9.99211E-05 9.99211E-05 0.702358 9.99211E-05 9.99211E-05 9.99211E-05 0.144777 0.0837036
9.99386E-05 9.99386E-05 0.00179641 0.138962 0.0850794 9.99386E-05 9.99386E-05 0.0684023 0.538505 9.99386E-05 9.99386E-05 9.99386E-05 0.152868 0.0136876
9.99122E-05 9.99122E-05 9.99122E-05 9.99122E-05 9.99122E-05 9.99122E-05 9.99122E-05 9.99122E-05 0.436626 9.99122E-05 9.99122E-05 0.0725084 0.27249 0.217376
9.99034E-05 9.99034E-05 0.391941 9.99034E-05 9.99034E-05 9.99034E-05 9.99034E-05 9.99034E-05 0.549114 9.99034E-05 9.99034E-05 9.99034E-05 9.99034E-05 0.0578455
9.99297E-05 9.99297E-05 9.99297E-05 9.99297E-05 9.99297E-05 0.0294426 0.174403 9.99297E-05 0.666807 0.0303134 0.00949669 9.99297E-05 9.99297E-05 0.0887381
9.99122E-05 9.99122E-05 0.514776 9.99122E-05 9.99122E-05 9.99122E-05 9.99122E-05 9.99122E-05 0.321104 9.99122E-05 9.99122E-05 9.99122E-05 0.141664 0.0214575
9.99473E-05 9.99473E-05 0.120264 0.0141482 0.0245192 0.0678543 0.000827105 9.99473E-05 0.507687 9.99473E-05 9.99473E-05 9.99473E-05 0.0635015 0.200599
9.99034E-05 9.99034E-05 9.99034E-05 0.0413819 9.99034E-05 9.99034E-05 9.99034E-05 9.99034E-05 0.90975 9.99034E-05 9.99034E-05 9.99034E-05 0.0477694 9.99034E-05
9.99033E-05 0.0286839 9.99033E-05 9.99033E-05 0.0179452 9.99033E-05 9.99033E-05 9.99033E-05 0.952272 9.99033E-05 9.99033E-05 9.99033E-05 9.99033E-05 9.99033E-05
9.99121E-05 9.99121E-05 9.99121E-05 0.24623 9.99121E-05 9.99121E-05 9.99121E-05 9.99121E-05 0.544896 9.99121E-05 9.99121E-05 9.99121E-05 0.107383 0.100492
9.99034E-05 9.99034E-05 9.99034E-05 9.99034E-05 9.99034E-05 9.99034E-05 9.99034E-05 9.99034E-05 0.712486 9.99034E-05 9.99034E-05 9.99034E-05 0.180128 0.106287
9.99209E-05 9.99209E-05 9.99209E-05 9.99209E-05 9.99209E-05 0.081263 0.035111 0.0121541 0.825648 9.99209E-05 0.044925 9.99209E-05 9.99209E-05 9.99209E-05
9.9921E-05 9.9921E-05 0.0521317 9.9921E-05 9.9921E-05 9.9921E-05 9.9921E-05 9.9921E-05 0.754645 0.0539295 0.00702899 9.9921E-05 9.9921E-05 0.131366
9.9921E-05 9.9921E-05 0.12689 0.0340289 9.9921E-05 9.9921E-05 9.9921E-05 9.9921E-05 0.66436 9.9921E-05 9.9921E-05 9.9921E-05 0.166316 0.007506
9.98857E-05 9.98857E-05 9.98857E-05 9.98857E-05 9.98857E-05 9.98857E-05 9.98857E-05 9.98857E-05 9.98857E-05 9.98857E-05 9.98857E-05 9.98857E-05 9.98857E-05 0.998701
9.98856E-05 9.98856E-05 9.98856E-05 9.98856E-05 9.98856E-05 9.98856E-05 9.98856E-05 9.98856E-05 9.98856E-05 9.98856E-05 9.98856E-05 9.98856E-05 0.998701 9.98856E-05
9.98857E-05 9.98857E-05 9.98857E-05 9.98857E-05 9.98857E-05 9.98857E-05 9.98857E-05 9.98857E-05 9.98857E-05 9.98857E-05 9.98857E-05 9.98857E-05 9.98857E-05 0.998701
9.98856E-05 9.98856E-05 9.98856E-05 9.98856E-05 9.98856E-05 9.98856E-05 9.98856E-05 9.98856E-05 9.98856E-05 9.98856E-05 9.98856E-05 9.98856E-05 0.998701 9.98856E-05
9.98856E-05 9.98856E-05 9.98856E-05 9.98856E-05 9.98856E-05 9.98856E-05 9.98856E-05 9.98856E-05 9.98856E-05 9.98856E-05 9.98856E-05 9.98856E-05 0.998701 9.98856E-05
9.98857E-05 9.98857E-05 9.98857E-05 9.98857E-05 9.98857E-05 9.98857E-05 9.98857E-05 9.98857E-05 9.98857E-05 9.98857E-05 9.98857E-05 9.98857E-05 0.998701 9.98857E-05
9.98857E-05 9.98857E-05 9.98857E-05 9.98857E-05 9.98857E-05 9.98857E-05 9.98857E-05 9.98857E-05 9.98857E-05 9.98857E-05 9.98857E-05 9.98857E-05 9.98857E-05 0.998701
9.98857E-05 9.98857E-05 9.98857E-05 9.98857E-05 9.98857E-05 9.98857E-05 9.98857E-05 9.98857E-05 9.98857E-05 9.98857E-05 9.98857E-05 9.98857E-05 0.998701 9.98857E-05
9.98857E-05 9.98857E-05 9.98857E-05 9.98857E-05 9.98857E-05 9.98857E-05 9.98857E-05 9.98857E-05 9.98857E-05 9.98857E-05 9.98857E-05 9.98857E-05 0.998701 9.98857E-05
9.98857E-05 9.98857E-05 9.98857E-05 9.98857E-05 9.98857E-05 9.98857E-05 9.98857E-05 9.98857E-05 9.98857E-05 9.98857E-05 9.98857E-05 9.98857E-05 9.98857E-05 0.998701
9.98857E-05 9.98857E-05 9.98857E-05 9.98857E-05 9.98857E-05 9.98857E-05 9.98857E-05 9.98857E-05 9.98857E-05 9.98857E-05 9.98857E-05 9.98857E-05 9.98857E-05 0.998701
9.98856E-05 9.98856E-05 9.98856E-05 9.98856E-05 9.98856E-05 9.98856E-05 9.98856E-05 9.98856E-05 9.98856E-05 9.98856E-05 9.98856E-05 9.98856E-05 9.98856E-05 0.998701
9.98856E-05 9.98856E-05 9.98856E-05 9.98856E-05 9.98856E-05 9.98856E-05 9.98856E-05 9.98856E-05 9.98856E-05 9.98856E-05 9.98856E-05 9.98856E-05 0.998701 9.98856E-05
9.98857E-05 9.98857E-05 9.98857E-05 9.98857E-05 9.98857E-05 9.98857E-05 9.98857E-05 9.98857E-05 9.98857E-05 9.98857E-05 9.98857E-05 9.98857E-05 0.998701 9.98857E-05
9.98858E-05 9.98858E-05 9.98858E-05 9.98858E-05 9.98858E-05 9.98858E-05 9.98858E-05 9.98858E-05 9.98858E-05 9.98858E-05 9.98858E-05 9.98858E-05 9.98858E-05 0.998701
9.98857E-05 9.98857E-05 9.98857E-05 9.98857E-05 9.98857E-05 9.98857E-05 9.98857E-05 9.98857E-05 9.98857E-05 9.98857E-05 9.98857E-05 9.98857E-05 9.98857E-05 0.998701
9.99473E-05 9.99473E-05 9.99473E-05 9.99473E-05 9.99473E-05 0.017583 0.0301207 0.107443 0.60671 0.0369554 0.0787239 9.99473E-05 0.0439252 0.0779387
9.98856E-05 9.98856E-05 9.98856E-05 9.98856E-05 9.98856E-05 9.98856E-05 9.98856E-05 9.98856E-05 9.98856E-05 9.98856E-05 9.98856E-05 9.98856E-05 9.98856E-05 0.998701
9.98857E-05 9.98857E-05 9.98857E-05 9.98857E-05 9.98857E-05 9.98857E-05 9.98857E-05 9.98857E-05 9.98857E-05 9.98857E-05 9.98857E-05 9.98857E-05 0.998701 9.98857E-05
9.98856E-05 9.98856E-05 9.98856E-05 9.98856E-05 9.98856E-05 9.98856E-05 9.98856E-05 9.98856E-05 9.98856E-05 9.98856E-05 9.98856E-05 9.98856E-05 9.98856E-05 0.998701
9.98857E-05 9.98857E-05 9.98857E-05 9.98857E-05 9.98857E-05 9.98857E-05 9.98857E-05 9.98857E-05 9.98857E-05 9.98857E-05 9.98857E-05 9.98857E-05 9.98857E-05 0.998701
9.98857E-05 9.98857E-05 9.98857E-05 9.98857E-05 9.98857E-05 9.98857E-05 9.98857E-05 9.98857E-05 9.98857E-05 9.98857E-05 9.98857E-05 9.98857E-05 9.98857E-05 0.998701
9.98856E-05 9.98856E-05 9.98856E-05 9.98856E-05 9.98856E-05 9.98856E-05 9.98856E-05 9.98856E-05 9.98856E-05 9.98856E-05 9.98856E-05 9.98856E-05 0.998701 9.98856E-05
9.98856E-05 9.98856E-05 9.98856E-05 9.98856E-05 9.98856E-05 9.98856E-05 9.98856E-05 9.98856E-05 9.98856E-05 9.98856E-05 9.98856E-05 9.98856E-05 9.98856E-05 0.998701
9.98857E-05 9.98857E-05 9.98857E-05 9.98857E-05 9.98857E-05 9.98857E-05 9.98857E-05 9.98857E-05 9.98857E-05 9.98857E-05 9.98857E-05 9.98857E-05 0.998701 9.98857E-05
9.98857E-05 9.98857E-05 9.98857E-05 9.98857E-05 9.98857E-05 9.98857E-05 9.98857E-05 9.98857E-05 9.98857E-05 9.98857E-05 9.98857E-05 9.98857E-05 9.98857E-05 0.998701
9.98856E-05 9.98856E-05 9.98856E-05 9.98856E-05 9.98856E-05 9.98856E-05 9.98856E-05 9.98856E-05 9.98856E-05 9.98856E-05 9.98856E-05 9.98856E-05 9.98856E-05 0.998701
9.98857E-05 9.98857E-05 9.98857E-05 9.98857E-05 9.98857E-05 9.98857E-05 9.98857E-05 9.98857E-05 9.98857E-05 9.98857E-05 9.98857E-05 9.98857E-05 0.998701 9.98857E-05
9.98857E-05 9.98857E-05 9.98857E-05 9.98857E-05 9.98857E-05 9.98857E-05 9.98857E-05 9.98857E-05 9.98857E-05 9.98857E-05 9.98857E-05 9.98857E-05 0.998701 9.98857E-05
9.98857E-05 9.98857E-05 9.98857E-05 9.98857E-05 9.98857E-05 9.98857E-05 9.98857E-05 9.98857E-05 9.98857E-05 9.98857E-05 9.98857E-05 9.98857E-05 0.998701 9.98857E-05
9.98857E-05 9.98857E-05 9.98857E-05 9.98857E-05 9.98857E-05 9.98857E-05 9.98857E-05 9.98857E-05 9.98857E-05 9.98857E-05 9.98857E-05 9.98857E-05 9.98857E-05 0.998701
9.98856E-05 9.98856E-05 9.98856E-05 9.98856E-05 9.98856E-05 9.98856E-05 9.98856E-05 9.98856E-05 9.98856E-05 9.98856E-05 9.98856E-05 9.98856E-05 9.98856E-05 0.998701
9.98857E-05 9.98857E-05 9.98857E-05 9.98857E-05 9.98857E-05 9.98857E-05 9.98857E-05 9.98857E-05 9.98857E-05 9.98857E-05 9.98857E-05 9.98857E-05 9.98857E-05 0.998701
9.98857E-05 9.98857E-05 9.98857E-05 9.98857E-05 9.98857E-05 9.98857E-05 9.98857E-05 9.98857E-05 9.98857E-05 9.98857E-05 9.98857E-05 9.98857E-05 9.98857E-05 0.998701
9.98857E-05 9.98857E-05 9.98857E-05 9.98857E-05 9.98857E-05 9.98857E-05 9.98857E-05 9.98857E-05 9.98857E-05 9.98857E-05 9.98857E-05 9.98857E-05 9.98857E-05 0.998701
9.98857E-05 9.98857E-05 9.98857E-05 9.98857E-05 9.98857E-05 9.98857E-05 9.98857E-05 9.98857E-05 9.98857E-05 9.98857E-05 9.98857E-05 9.98857E-05 0.998701 9.98857E-05
9.98856E-05 9.98856E-05 9.98856E-05 9.98856E-05 9.98856E-05 9.98856E-05 9.98856E-05 9.98856E-05 9.98856E-05 9.98856E-05 9.98856E-05 9.98856E-05 0.998701 9.98856E-05
9.98856E-05 9.98856E-05 9.98856E-05 9.98856E-05 9.98856E-05 9.98856E-05 9.98856E-05 9.98856E-05 9.98856E-05 9.98856E-05 9.98856E-05 9.98856E-05 0.998701 9.98856E-05
9.98857E-05 9.98857E-05 9.98857E-05 9.98857E-05 9.98857E-05 9.98857E-05 9.98857E-05 9.98857E-05 9.98857E-05 9.98857E-05 9.98857E-05 9.98857E-05 9.98857E-05 0.998701
9.98856E-05 9.98856E-05 9.98856E-05 9.98856E-05 9.98856E-05 9.98856E-05 9.98856E-05 9.98856E-05 9.98856E-05 9.98856E-05 9.98856E-05 9.98856E-05 0.998701 9.98856E-05
9.98858E-05 9.98858E-05 9.98858E-05 9.98858E-05 9.98858E-05 9.98858E-05 9.98858E-05 9.98858E-05 9.98858E-05 9.98858E-05 9.98858E-05 9.98858E-05 0.998701 9.98858E-05
9.98857E-05 9.98857E-05 9.98857E-05 9.98857E-05 9.98857E-05 9.98857E-05 9.98857E-05 9.98857E-05 9.98857E-05 9.98857E-05 9.98857E-05 9.98857E-05 0.998701 9.98857E-05
9.98856E-05 9.98856E-05 9.98856E-05 9.98856E-05 9.98856E-05 9.98856E-05 9.98856E-05 9.98856E-05 9.98856E-05 9.98856E-05 9.98856E-05 9.98856E-05 0.998701 9.98856E-05
9.98857E-05 9.98857E-05 9.98857E-05 9.98857E-05 9.98857E-05 9.98857E-05 9.98857E-05 9.98857E-05 9.98857E-05 9.98857E-05 9.98857E-05 9.98857E-05 9.98857E-05 0.998701
9.98857E-05 9.98857E-05 9.98857E-05 9.98857E-05 9.98857E-05 9.98857E-05 9.98857E-05 9.98857E-05 9.98857E-05 9.98857E-05 9.98857E-05 9.98857E-05 0.998701 9.98857E-05
9.98856E-05 9.98856E-05 9.98856E-05 9.98856E-05 9.98856E-05 9.98856E-05 9.98856E-05 9.98856E-05 9.98856E-05 9.98856E-05 9.98856E-05 9.98856E-05 0.998701 9.98856E-05
9.99385E-05 9.99385E-05 9.99385E-05 0.0442911 9.99385E-05 9.99385E-05 9.99385E-05 0.0829949 0.686515 0.0387632 0.0411147 9.99385E-05 0.0333279 0.072294
9.98857E-05 9.98857E-05 9.98857E-05 9.98857E-05 9.98857E-05 9.98857E-05 9.98857E-05 9.98857E-05 9.98857E-05 9.98857E-05 9.98857E-05 9.98857E-05 9.98857E-05 0.998701
9.98857E-05 9.98857E-05 9.98857E-05 9.98857E-05 9.98857E-05 9.98857E-05 9.98857E-05 9.98857E-05 9.98857E-05 9.98857E-05 9.98857E-05 9.98857E-05 0.998701 9.98857E-05
9.98857E-05 9.98857E-05 9.98857E-05 9.98857E-05 9.98857E-05 9.98857E-05 9.98857E-05 9.98857E-05 9.98857E-05 9.98857E-05 9.98857E-05 9.98857E-05 0.998701 9.98857E-05
9.98856E-05 9.98856E-05 9.98856E-05 9.98856E-05 9.98856E-05 9.98856E-05 9.98856E-05 9.98856E-05 9.98856E-05 9.98856E-05 9.98856E-05 9.98856E-05 0.998701 9.98856E-05
9.98856E-05 9.98856E-05 9.98856E-05 9.98856E-05 9.98856E-05 9.98856E-05 9.98856E-05 9.98856E-05 9.98856E-05 9.98856E-05 9.98856E-05 9.98856E-05 0.998701 9.98856E-05
9.98856E-05 9.98856E-05 9.98856E-05 9.98856E-05 9.98856E-05 9.98856E-05 9.98856E-05 9.98856E-05 9.98856E-05 9.98856E-05 9.98856E-05 9.98856E-05 9.98856E-05 0.998701
9.98857E-05 9.98857E-05 9.98857E-05 9.98857E-05 9.98857E-05 9.98857E-05 9.98857E-05 9.98857E-05 9.98857E-05 9.98857E-05 9.98857E-05 9.98857E-05 0.998701 9.98857E-05
9.98857E-05 9.98857E-05 9.98857E-05 9.98857E-05 9.98857E-05 9.98857E-05 9.98857E-05 9.98857E-05 9.98857E-05 9.98857E-05 9.98857E-05 9.98857E-05 9.98857E-05 0.998701
9.98857E-05 9.98857E-05 9.98857E-05 9.98857E-05 9.98857E-05 9.98857E-05 9.98857E-05 9.98857E-05 9.98857E-05 9.98857E-05 9.98857E-05 9.98857E-05 0.998701 9.98857E-05
9.98857E-05 9.98857E-05 9.98857E-05 9.98857E-05 9.98857E-05 9.98857E-05 9.98857E-05 9.98857E-05 9.98857E-05 9.98857E-05 9.98857E-05 9.98857E-05 9.98857E-05 0.998701
9.98857E-05 9.98857E-05 9.98857E-05 9.98857E-05 9.98857E-05 9.98857E-05 9.98857E-05 9.98857E-05 9.98857E-05 9.98857E-05 9.98857E-05 9.98857E-05 0.998701 9.98857E-05
9.98857E-05 9.98857E-05 9.98857E-05 9.98857E-05 9.98857E-05 9.98857E-05 9.98857E-05 9.98857E-05 9.98857E-05 9.98857E-05 9.98857E-05 9.98857E-05 0.998701 9.98857E-05
9.98857E-05 9.98857E-05 9.98857E-05 9.98857E-05 9.98857E-05 9.98857E-05 9.98857E-05 9.98857E-05 9.98857E-05 9.98857E-05 9.98857E-05 9.98857E-05 0.998701 9.98857E-05
9.98857E-05 9.98857E-05 9.98857E-05 9.98857E-05 9.98857E-05 9.98857E-05 9.98857E-05 9.98857E-05 9.98857E-05 9.98857E-05 9.98857E-05 9.98857E-05 0.998701 9.98857E-05
9.98857E-05 9.98857E-05 9.98857E-05 9.98857E-05 9.98857E-05 9.98857E-05 9.98857E-05 9.98857E-05 9.98857E-05 9.98857E-05 9.98857E-05 9.98857E-05 0.998701 9.98857E-05
9.98856E-05 9.98856E-05 9.98856E-05 9.98856E-05 9.98856E-05 9.98856E-05 9.98856E-05 9.98856E-05 9.98856E-05 9.98856E-05 9.98856E-05 9.98856E-05 0.998701 9.98856E-05
9.98856E-05 9.98856E-05 9.98856E-05 9.98856E-05 9.98856E-05 9.98856E-05 9.98856E-05 9.98856E-05 9.98856E-05 9.98856E-05 9.98856E-05 9.98856E-05 9.98856E-05 0.998701
9.98856E-05 9.98856E-05 9.98856E-05 9.98856E-05 9.98856E-05 9.98856E-05 9.98856E-05 9.98856E-05 9.98856E-05 9.98856E-05 9.98856E-05 9.98856E-05 9.98856E-05 0.998701
9.98857E-05 9.98857E-05 9.98857E-05 9.98857E-05 9.98857E-05 9.98857E-05 9.98857E-05 9.98857E-05 9.98857E-05 9.98857E-05 9.98857E-05 9.98857E-05 9.98857E-05 0.998701
9.98856E-05 9.98856E-05 9.98856E-05 9.98856E-05 9.98856E-05 9.98856E-05 9.98856E-05 9.98856E-05 9.98856E-05 9.98856E-05 9.98856E-05 9.98856E-05 0.998701 9.98856E-05
9.98857E-05 9.98857E-05 9.98857E-05 9.98857E-05 9.98857E-05 9.98857E-05 9.98857E-05 9.98857E-05 9.98857E-05 9.98857E-05 9.98857E-05 9.98857E-05 9.98857E-05 0.998701
9.98857E-05 9.98857E-05 9.98857E-05 9.98857E-05 9.98857E-05 9.98857E-05 9.98857E-05 9.98857E-05 9.98857E-05 9.98857E-05 9.98857E-05 9.98857E-05 9.98857E-05 0.998701
9.98857E-05 9.98857E-05 9.98857E-05 9.98857E-05 9.98857E-05 9.98857E-05 9.98857E-05 9.98857E-05 9.98857E-05 9.98857E-05 9.98857E-05 9.98857E-05 9.98857E-05 0.998701
9.98857E-05 9.98857E-05 9.98857E-05 9.98857E-05 9.98857E-05 9.98857E-05 9.98857E-05 9.98857E-05 9.98857E-05 9.98857E-05 9.98857E-05 9.98857E-05 0.998701 9.98857E-05
9.98857E-05 9.98857E-05 9.98857E-05 9.98857E-05 9.98857E-05 9.98857E-05 9.98857E-05 9.98857E-05 9.98857E-05 9.98857E-05 9.98857E-05 9.98857E-05 0.998701 9.98857E-05
9.98857E-05 9.98857E-05 9.98857E-05 9.98857E-05 9.98857E-05 9.98857E-05 9.98857E-05 9.98857E-05 9.98857E-05 9.98857E-05 9.98857E-05 9.98857E-05 0.998701 9.98857E-05
9.98857E-05 9.98857E-05 9.98857E-05 9.98857E-05 9.98857E-05 9.98857E-05 9.98857E-05 9.98857E-05 9.98857E-05 9.98857E-05 9.98857E-05 9.98857E-05 9.98857E-05 0.998701
9.98856E-05 9.98856E-05 9.98856E-05 9.98856E-05 9.98856E-05 9.98856E-05 9.98856E-05 9.98856E-05 9.98856E-05 9.98856E-05 9.98856E-05 9.98856E-05 0.998701 9.98856E-05
9.98856E-05 9.98856E-05 9.98856E-05 9.98856E-05 9.98856E-05 9.98856E-05 9.98856E-05 9.98856E-05 9.98856E-05 9.98856E-05 9.98856E-05 9.98856E-05 0.998701 9.98856E-05
9.98856E-05 9.98856E-05 9.98856E-05 9.98856E-05 9.98856E-05 9.98856E-05 9.98856E-05 9.98856E-05 9.98856E-05 9.98856E-05 9.98856E-05 9.98856E-05 9.98856E-05 0.998701
9.98857E-05 9.98857E-05 9.98857E-05 9.98857E-05 9.98857E-05 9.98857E-05 9.98857E-05 9.98857E-05 9.98857E-05 9.98857E-05 9.98857E-05 9.98857E-05 0.998701 9.98857E-05
9.98857E-05 9.98857E-05 9.98857E-05 9.98857E-05 9.98857E-05 9.98857E-05 9.98857E-05 9.98857E-05 9.98857E-05 9.98857E-05 9.98857E-05 9.98857E-05 0.998701 9.98857E-05
9.99297E-05 0.0554772 9.99297E-05 9.99297E-05 0.00169516 0.141726 9.99297E-05 9.99297E-05 0.462056 9.99297E-05 9.99297E-05 9.99297E-05 0.0663081 0.271938
9.98856E-05 9.98856E-05 9.98856E-05 9.98856E-05 9.98856E-05 9.98856E-05 9.98856E-05 9.98856E-05 9.98856E-05 9.98856E-05 9.98856E-05 9.98856E-05 9.98856E-05 0.998701
9.98857E-05 9.98857E-05 9.98857E-05 9.98857E-05 9.98857E-05 9.98857E-05 9.98857E-05 9.98857E-05 9.98857E-05 9.98857E-05 9.98857E-05 9.98857E-05 0.998701 9.98857E-05
9.99386E-05 9.99386E-05 9.99386E-05 9.99386E-05 0.0363395 0.042564 9.99386E-05 0.0055587 0.504825 9.99386E-05 0.0438809 9.99386E-05 0.361221 0.00491136
9.9921E-05 9.9921E-05 9.9921E-05 9.9921E-05 0.025897 9.9921E-05 9.9921E-05 0.0167416 0.635389 9.9921E-05 9.9921E-05 9.9921E-05 0.225729 0.0953437
9.99034E-05 9.99034E-05 9.99034E-05 9.99034E-05 9.99034E-05 9.99034E-05 9.99034E-05 9.99034E-05 0.636162 9.99034E-05 9.99034E-05 9.99034E-05 0.0638999 0.298839
9.99033E-05 9.99033E-05 9.99033E-05 9.99033E-05 0.0425649 9.99033E-05 9.99033E-05 9.99033E-05 0.875653 9.99033E-05 9.99033E-05 9.99033E-05 9.99033E-05 0.0806829
9.99121E-05 9.99121E-05 9.99121E-05 0.0219956 9.99121E-05 9.99121E-05 9.99121E-05 9.99121E-05 0.571629 9.99121E-05 9.99121E-05 9.99121E-05 0.211659 0.193717
9.99298E-05 9.99298E-05 0.380158 0.0099147 9.99298E-05 9.99298E-05 9.99298E-05 9.99298E-05 0.472575 9.99298E-05 9.99298E-05 0.0151271 0.0829689 0.0384569
9.99122E-05 9.99122E-05 9.99122E-05 9.99122E-05 9.99122E-05 9.99122E-05 9.99122E-05 9.99122E-05 0.498852 9.99122E-05 9.99122E-05 0.122464 0.254867 0.122818
9.99297E-05 0.0245824 9.99297E-05 9.99297E-05 0.034408 0.0467526 9.99297E-05 0.0148592 0.732003 9.99297E-05 9.99297E-05 9.99297E-05 0.146595 9.99297E-05
9.9921E-05 9.9921E-05 0.256723 9.9921E-05 0.0155773 9.9921E-05 9.9921E-05 9.9921E-05 0.463718 9.9921E-05 9.9921E-05 9.9921E-05 0.250095 0.0129869
9.99034E-05 9.99034E-05 9.99034E-05 9.99034E-05 9.99034E-05 9.99034E-05 0.0375525 9.99034E-05 0.81617 9.99034E-05 9.99034E-05 9.99034E-05 9.99034E-05 0.145179
9.9921E-05 9.9921E-05 0.142061 9.9921E-05 9.9921E-05 0.101376 9.9921E-05 9.9921E-05 0.454316 9.9921E-05 9.9921E-05 9.9921E-05 0.11468 0.186667
9.99034E-05 9.99034E-05 9.99034E-05 9.99034E-05 9.99034E-05 9.99034E-05 9.99034E-05 9.99034E-05 0.468822 9.99034E-05 9.99034E-05 9.99034E-05 0.503898 0.026181
9.99209E-05 0.0436885 9.99209E-05 9.99209E-05 9.99209E-05 9.99209E-05 9.99209E-05 9.99209E-05 0.424306 9.99209E-05 0.072237 9.99209E-05 0.173769 0.285099
9.99121E-05 0.082178 9.99121E-05 9.99121E-05 0.00249853 9.99121E-05 9.99121E-05 9.99121E-05 0.909376 9.99121E-05 9.99121E-05 9.99121E-05 9.99121E-05 0.00494845
9.99034E-05 9.99034E-05 9.99034E-05 9.99034E-05 9.99034E-05 9.99034E-05 9.99034E-05 9.99034E-05 0.846677 9.99034E-05 9.99034E-05 9.99034E-05 0.0183845 0.13384
9.99298E-05 9.99298E-05 9.99298E-05 0.0400266 9.99298E-05 0.0217122 9.99298E-05 9.99298E-05 0.455081 9.99298E-05 9.99298E-05 0.0699857 0.328283 0.0841121
9.9921E-05 9.9921E-05 0.0678298 0.0205204 9.9921E-05 9.9921E-05 9.9921E-05 9.9921E-05 0.725314 9.9921E-05 9.9921E-05 9.9921E-05 0.167322 0.0181146
9.9921E-05 9.9921E-05 9.9921E-05 9.9921E-05 9.9921E-05 0.0544167 9.9921E-05 9.9921E-05 0.595071 9.9921E-05 0.0383774 9.9921E-05 0.00568466 0.305551
9.99209E-05 9.99209E-05 9.99209E-05 0.073223 9.99209E-05 0.0315328 9.99209E-05 9.99209E-05 0.681862 0.0834958 9.99209E-05 9.99209E-05 0.128987 9.99209E-05
9.99033E-05 9.99033E-05 9.99033E-05 9.99033E-05 9.99033E-05 9.99033E-05 9.99033E-05 9.99033E-05 0.755053 9.99033E-05 9.99033E-05 9.99033E-05 0.101264 0.142584
9.99209E-05 9.99209E-05 9.99209E-05 0.0420152 9.99209E-05 9.99209E-05 0.0246917 9.99209E-05 0.839806 9.99209E-05 9.99209E-05 9.99209E-05 0.0659337 0.0266543
9.99035E-05 9.99035E-05 9.99035E-05 9.99035E-05 9.99035E-05 9.99035E-05 9.99035E-05 9.99035E-05 0.737918 9.99035E-05 0.026912 9.99035E-05 0.234071 9.99035E-05
9.99297E-05 9.99297E-05 9.99297E-05 9.99297E-05 9.99297E-05 0.0710381 9.99297E-05 9.99297E-05 0.66718 0.00305873 0.0786489 9.99297E-05 0.052699 0.126576
