0.0144746 0.0290131 9.9921E-05 9.9921E-05 0.0937314 0.0279846 0.0365723 9.9921E-05 0.25148 0.0296868 0.395881 0.0409694 9.9921E-05 9.9921E-05 9.9921E-05 9.9921E-05 9.9921E-05 9.9921E-05 0.0793077
9.98772E-05 9.98772E-05 9.98772E-05 9.98772E-05 0.0419189 9.98772E-05 9.98772E-05 0.0210902 0.211851 9.98772E-05 0.309158 0.414584 9.98772E-05 9.98772E-05 9.98772E-05 9.98772E-05 9.98772E-05 9.98772E-05 9.98772E-05
9.98859E-05 0.0131986 9.98859E-05 9.98859E-05 9.98859E-05 9.98859E-05 9.98859E-05 9.98859E-05 9.98859E-05 0.0013584 0.797527 0.134882 9.98859E-05 0.045628 9.98859E-05 9.98859E-05 9.98859E-05 0.00610706 9.98859E-05
9.99035E-05 9.99035E-05 9.99035E-05 0.210063 9.99035E-05 9.99035E-05 0.0123737 0.0423811 9.99035E-05 9.99035E-05 0.060329 0.210881 9.99035E-05 9.99035E-05 0.0718069 9.99035E-05 9.99035E-05 0.120421 0.270646
9.98859E-05 9.98859E-05 9.98859E-05 9.98859E-05 9.98859E-05 9.98859E-05 9.98859E-05 9.98859E-05 9.98859E-05 9.98859E-05 0.461755 0.398569 9.98859E-05 0.0280368 0.0216464 9.98859E-05 0.0247525 0.0639417 9.98859E-05
9.98948E-05 9.98948E-05 0.0858207 9.98948E-05 0.0347452 9.98948E-05 9.98948E-05 9.98948E-05 0.300261 9.98948E-05 9.98948E-05 0.199218 9.98948E-05 0.0133103 9.98948E-05 9.98948E-05 0.2197 0.145746 9.98948E-05
9.99122E-05 9.99122E-05 9.99122E-05 0.103977 0.127865 0.0866299 0.104369 9.99122E-05 0.149831 9.99122E-05 0.176993 0.0609682 9.99122E-05 9.99122E-05 9.99122E-05 9.99122E-05 0.0727755 9.99122E-05 0.115592
0.0576686 9.99122E-05 0.138342 9.99122E-05 9.99122E-05 0.080679 9.99122E-05 9.99122E-05 0.122268 9.99122E-05 9.99122E-05 0.246719 9.99122E-05 0.0462712 0.0612095 9.99122E-05 0.123554 9.99122E-05 0.122289
9.98859E-05 0.223112 0.23189 9.98859E-05 9.98859E-05 9.98859E-05 9.98859E-05 9.98859E-05 9.98859E-05 0.220047 0.286034 0.0249878 9.98859E-05 9.98859E-05 0.0126312 9.98859E-05 9.98859E-05 9.98859E-05 9.98859E-05
9.98508E-05 9.98508E-05 9.98508E-05 9.98508E-05 9.98508E-05 9.98508E-05 9.98508E-05 9.98508E-05 9.98508E-05 0.0442181 0.954084 9.98508E-05 9.98508E-05 9.98508E-05 9.98508E-05 9.98508E-05 9.98508E-05 9.98508E-05 9.98508E-05
9.98947E-05 9.98947E-05 0.0222804 9.98947E-05 9.98947E-05 9.98947E-05 0.150157 9.98947E-05 0.0489292 0.120417 0.345306 0.250328 9.98947E-05 9.98947E-05 9.98947E-05 9.98947E-05 9.98947E-05 9.98947E-05 0.0613837
9.98596E-05 9.98596E-05 9.98596E-05 9.98596E-05 9.98596E-05 9.98596E-05 0.00477283 9.98596E-05 9.98596E-05 9.98596E-05 0.984773 9.98596E-05 9.98596E-05 9.98596E-05 9.98596E-05 0.00885599 9.98596E-05 9.98596E-05 9.98596E-05
9.98684E-05 9.98684E-05 9.98684E-05 9.98684E-05 9.98684E-05 9.98684E-05 9.98684E-05 9.98684E-05 9.98684E-05 0.0656765 0.232577 0.634133 9.98684E-05 9.98684E-05 9.98684E-05 9.98684E-05 9.98684E-05 9.98684E-05 0.0661154
9.98859E-05 9.98859E-05 9.98859E-05 9.98859E-05 9.98859E-05 9.98859E-05 9.98859E-05 0.00807837 9.98859E-05 0.0548897 9.98859E-05 0.83345 0.0205497 0.0797753 9.98859E-05 9.98859E-05 9.98859E-05 0.00195842 9.98859E-05
9.99034E-05 0.02669 0.101151 9.99034E-05 0.0610127 9.99034E-05 9.99034E-05 9.99034E-05 0.1773 0.0611808 0.431507 9.99034E-05 9.99034E-05 9.99034E-05 9.99034E-05 9.99034E-05 0.0540588 0.0860003 9.99034E-05
9.99034E-05 9.99034E-05 0.164834 0.101346 9.99034E-05 9.99034E-05 9.99034E-05 9.99034E-05 0.179946 0.109314 0.110857 0.140721 9.99034E-05 9.99034E-05 9.99034E-05 0.146061 9.99034E-05 9.99034E-05 0.0458227
9.99035E-05 9.99035E-05 9.99035E-05 0.0907781 0.0111207 0.0414575 0.032587 9.99035E-05 9.99035E-05 0.0361234 0.62332 9.99035E-05 0.148443 9.99035E-05 9.99035E-05 0.0150719 9.99035E-05 9.99035E-05 9.99035E-05
0.147334 9.99123E-05 0.0183992 9.99123E-05 9.99123E-05 9.99123E-05 9.99123E-05 0.100553 0.301838 0.127161 0.14265 0.010214 9.99123E-05 9.99123E-05 0.0224433 9.99123E-05 9.99123E-05 9.99123E-05 0.128408
0.0196304 9.98946E-05 0.0869069 9.98946E-05 9.98946E-05 9.98946E-05 0.0167535 9.98946E-05 9.98946E-05 0.159567 0.355769 9.98946E-05 9.98946E-05 9.98946E-05 9.98946E-05 9.98946E-05 0.130183 9.98946E-05 0.229992
9.98508E-05 9.98508E-05 9.98508E-05 9.98508E-05 9.98508E-05 9.98508E-05 9.98508E-05 9.98508E-05 9.98508E-05 9.98508E-05 0.567646 0.430657 9.98508E-05 9.98508E-05 9.98508E-05 9.98508E-05 9.98508E-05 9.98508E-05 9.98508E-05
9.98771E-05 9.98771E-05 9.98771E-05 9.98771E-05 9.98771E-05 9.98771E-05 0.0259259 9.98771E-05 9.98771E-05 0.0229886 9.98771E-05 0.523089 9.98771E-05 9.98771E-05 0.345909 0.0806894 9.98771E-05 9.98771E-05 9.98771E-05
9.98946E-05 9.98946E-05 0.0902137 9.98946E-05 9.98946E-05 0.0240347 9.98946E-05 9.98946E-05 9.98946E-05 9.98946E-05 0.238784 9.98946E-05 9.98946E-05 0.119882 9.98946E-05 9.98946E-05 0.0581245 0.071726 0.396036
9.98595E-05 9.98595E-05 9.98595E-05 9.98595E-05 9.98595E-05 9.98595E-05 9.98595E-05 9.98595E-05 0.224924 0.085327 9.98595E-05 0.688151 9.98595E-05 9.98595E-05 9.98595E-05 9.98595E-05 9.98595E-05 9.98595E-05 9.98595E-05
9.98948E-05 0.026942 9.98948E-05 9.98948E-05 9.98948E-05 9.98948E-05 9.98948E-05 9.98948E-05 0.0380895 0.271315 0.197817 0.171593 9.98948E-05 9.98948E-05 9.98948E-05 0.0184731 9.98948E-05 9.98948E-05 0.274572
9.99209E-05 0.0192553 0.0406061 9.99209E-05 9.99209E-05 9.99209E-05 0.00353957 0.0349508 9.99209E-05 0.240567 0.0411917 0.288087 9.99209E-05 9.99209E-05 9.99209E-05 0.0657821 9.99209E-05 0.0814467 0.183675
9.98771E-05 9.98771E-05 9.98771E-05 0.142794 9.98771E-05 9.98771E-05 9.98771E-05 9.98771E-05 9.98771E-05 0.069505 0.404163 0.32507 9.98771E-05 9.98771E-05 9.98771E-05 9.98771E-05 9.98771E-05 0.0570694 9.98771E-05
0.12608 9.98946E-05 9.98946E-05 0.0124046 9.98946E-05 9.98946E-05 9.98946E-05 9.98946E-05 9.98946E-05 0.108124 0.0802075 9.98946E-05 9.98946E-05 9.98946E-05 9.98946E-05 0.108654 9.98946E-05 0.193813 0.369519
9.9886E-05 9.9886E-05 9.9886E-05 0.0443695 0.000641554 9.9886E-05 9.9886E-05 9.9886E-05 9.9886E-05 0.0303875 0.509826 0.333288 9.9886E-05 9.9886E-05 9.9886E-05 9.9886E-05 9.9886E-05 9.9886E-05 0.0801886
9.98772E-05 9.98772E-05 9.98772E-05 9.98772E-05 9.98772E-05 9.98772E-05 9.98772E-05 9.98772E-05 0.0625494 0.180807 0.685122 9.98772E-05 9.98772E-05 9.98772E-05 9.98772E-05 9.98772E-05 9.98772E-05 0.0132044 0.0569192
9.98947E-05 0.0185759 0.0945022 9.98947E-05 9.98947E-05 9.98947E-05 9.98947E-05 9.98947E-05 9.98947E-05 0.0227545 0.262362 0.578469 0.0213637 9.98947E-05 9.98947E-05 9.98947E-05 0.000774468 9.98947E-05 9.98947E-05
0.00683696 9.98859E-05 0.0585635 9.98859E-05 9.98859E-05 9.98859E-05 0.149617 9.98859E-05 9.98859E-05 9.98859E-05 0.661809 9.98859E-05 9.98859E-05 9.98859E-05 9.98859E-05 9.98859E-05 0.0879247 9.98859E-05 0.0339498
9.99035E-05 9.99035E-05 9.99035E-05 9.99035E-05 9.99035E-05 9.99035E-05 0.0488072 9.99035E-05 0.0422778 0.0699397 0.292991 0.144748 9.99035E-05 9.99035E-05 9.99035E-05 9.99035E-05 0.0695042 0.248912 0.0817209
9.99034E-05 9.99034E-05 9.99034E-05 0.0132463 9.99034E-05 9.99034E-05 0.0634312 9.99034E-05 0.0590496 0.121483 0.0653299 0.405083 9.99034E-05 9.99034E-05 9.99034E-05 0.0742472 9.99034E-05 9.99034E-05 0.197031
0.0311857 9.9921E-05 9.9921E-05 9.9921E-05 9.9921E-05 0.0498686 0.0129183 9.9921E-05 9.9921E-05 0.0943491 0.463314 0.0893356 9.9921E-05 0.0161993 9.9921E-05 9.9921E-05 0.00907533 0.135343 0.0975113
9.98773E-05 9.98773E-05 0.0170109 9.98773E-05 0.000479773 9.98773E-05 0.0022511 0.0529672 9.98773E-05 9.98773E-05 0.925893 9.98773E-05 9.98773E-05 9.98773E-05 9.98773E-05 9.98773E-05 9.98773E-05 9.98773E-05 9.98773E-05
9.98772E-05 9.98772E-05 9.98772E-05 0.136126 0.0439511 9.98772E-05 0.0286834 9.98772E-05 9.98772E-05 9.98772E-05 0.673208 9.98772E-05 9.98772E-05 9.98772E-05 9.98772E-05 9.98772E-05 9.98772E-05 9.98772E-05 0.116633
9.98597E-05 9.98597E-05 9.98597E-05 9.98597E-05 9.98597E-05 9.98597E-05 9.98597E-05 9.98597E-05 9.98597E-05 9.98597E-05 0.16838 0.753991 9.98597E-05 9.98597E-05 9.98597E-05 9.98597E-05 0.076031 9.98597E-05 9.98597E-05
9.98859E-05 9.98859E-05 0.110182 0.0340784 0.0914511 9.98859E-05 9.98859E-05 9.98859E-05 9.98859E-05 0.0552288 9.98859E-05 0.69779 0.00997185 9.98859E-05 9.98859E-05 9.98859E-05 9.98859E-05 9.98859E-05 9.98859E-05
9.98948E-05 9.98948E-05 0.0197704 9.98948E-05 0.0224251 9.98948E-05 0.018309 9.98948E-05 9.98948E-05 0.137545 0.649083 9.98948E-05 9.98948E-05 0.08696 9.98948E-05 9.98948E-05 9.98948E-05 0.0647083 9.98948E-05
9.99034E-05 9.99034E-05 9.99034E-05 9.99034E-05 9.99034E-05 0.00247093 9.99034E-05 9.99034E-05 9.99034E-05 0.125884 0.0549241 0.574814 9.99034E-05 9.99034E-05 9.99034E-05 0.064375 0.046173 0.12064 0.00962027
9.98421E-05 9.98421E-05 9.98421E-05 9.98421E-05 9.98421E-05 9.98421E-05 9.98421E-05 9.98421E-05 9.98421E-05 9.98421E-05 0.998203 9.98421E-05 9.98421E-05 9.98421E-05 9.98421E-05 9.98421E-05 9.98421E-05 9.98421E-05 9.98421E-05
9.98684E-05 9.98684E-05 0.0298527 9.98684E-05 9.98684E-05 9.98684E-05 9.98684E-05 9.98684E-05 9.98684E-05 0.0688369 0.733316 9.98684E-05 9.98684E-05 9.98684E-05 9.98684E-05 9.98684E-05 9.98684E-05 9.98684E-05 0.166496
9.9886E-05 9.9886E-05 9.9886E-05 9.9886E-05 0.0063804 9.9886E-05 9.9886E-05 9.9886E-05 9.9886E-05 9.9886E-05 0.491096 0.385653 0.0557467 9.9886E-05 9.9886E-05 9.9886E-05 0.0140202 9.9886E-05 0.0458053
9.98947E-05 0.036835 0.102235 9.98947E-05 9.98947E-05 9.98947E-05 0.0199008 9.98947E-05 0.131867 0.154367 0.47315 9.98947E-05 9.98947E-05 9.98947E-05 9.98947E-05 9.98947E-05 9.98947E-05 9.98947E-05 0.080447
9.98771E-05 9.98771E-05 9.98771E-05 0.0572844 9.98771E-05 9.98771E-05 9.98771E-05 9.98771E-05 9.98771E-05 0.129339 9.98771E-05 0.33513 9.98771E-05 0.123935 9.98771E-05 9.98771E-05 9.98771E-05 9.98771E-05 0.352914
9.98596E-05 9.98596E-05 9.98596E-05 0.039174 9.98596E-05 9.98596E-05 9.98596E-05 0.0186842 9.98596E-05 9.98596E-05 0.940544 9.98596E-05 9.98596E-05 9.98596E-05 9.98596E-05 9.98596E-05 9.98596E-05 9.98596E-05 9.98596E-05
0.0114114 9.98595E-05 9.98595E-05 0.0241234 9.98595E-05 9.98595E-05 9.98595E-05 9.98595E-05 9.98595E-05 9.98595E-05 9.98595E-05 0.962867 9.98595E-05 9.98595E-05 9.98595E-05 9.98595E-05 9.98595E-05 9.98595E-05 9.98595E-05
9.98509E-05 9.98509E-05 9.98509E-05 9.98509E-05 9.98509E-05 9.98509E-05 9.98509E-05 9.98509E-05 9.98509E-05 0.0194526 0.97885 9.98509E-05 9.98509E-05 9.98509E-05 9.98509E-05 9.98509E-05 9.98509E-05 9.98509E-05 9.98509E-05
9.98946E-05 9.98946E-05 9.98946E-05 9.98946E-05 9.98946E-05 9.98946E-05 0.0318452 9.98946E-05 0.150584 0.061221 0.282881 0.312317 9.98946E-05 9.98946E-05 9.98946E-05 9.98946E-05 0.0286226 9.98946E-05 0.131331
9.98598E-05 9.98598E-05 9.98598E-05 9.98598E-05 9.98598E-05 0.033021 9.98598E-05 9.98598E-05 9.98598E-05 9.98598E-05 9.98598E-05 0.925451 9.98598E-05 9.98598E-05 9.98598E-05 9.98598E-05 0.0399302 9.98598E-05 9.98598E-05
9.99209E-05 0.0410546 0.0365976 0.00583429 9.99209E-05 9.99209E-05 0.110648 9.99209E-05 0.00590772 0.194357 9.99209E-05 0.425528 9.99209E-05 9.99209E-05 0.0146145 9.99209E-05 9.99209E-05 0.116658 0.0479001
9.98859E-05 9.98859E-05 9.98859E-05 0.0976846 9.98859E-05 9.98859E-05 9.98859E-05 0.107794 9.98859E-05 9.98859E-05 0.426722 0.241789 9.98859E-05 9.98859E-05 9.98859E-05 0.00803696 9.98859E-05 9.98859E-05 0.116675
0.00564698 9.98597E-05 9.98597E-05 9.98597E-05 9.98597E-05 9.98597E-05 9.98597E-05 9.98597E-05 9.98597E-05 9.98597E-05 0.975685 9.98597E-05 9.98597E-05 9.98597E-05 9.98597E-05 9.98597E-05 9.98597E-05 0.0170703 9.98597E-05
9.98684E-05 9.98684E-05 9.98684E-05 9.98684E-05 9.98684E-05 9.98684E-05 9.98684E-05 0.041218 9.98684E-05 9.98684E-05 9.98684E-05 0.736744 9.98684E-05 0.0343665 9.98684E-05 0.186173 9.98684E-05 9.98684E-05 9.98684E-05
9.98948E-05 0.01275 9.98948E-05 9.98948E-05 9.98948E-05 9.98948E-05 9.98948E-05 9.98948E-05 0.0161057 0.090165 0.525409 0.283766 9.98948E-05 0.023532 9.98948E-05 9.98948E-05 0.047073 9.98948E-05 9.98948E-05
9.98859E-05 9.98859E-05 9.98859E-05 9.98859E-05 9.98859E-05 9.98859E-05 0.0136507 0.0410684 9.98859E-05 9.98859E-05 0.809192 9.98859E-05 9.98859E-05 0.00429066 9.98859E-05 9.98859E-05 0.0236143 0.106886 9.98859E-05
0.0829599 9.98771E-05 9.98771E-05 9.98771E-05 0.0260528 9.98771E-05 9.98771E-05 9.98771E-05 9.98771E-05 0.000626202 0.812795 9.98771E-05 9.98771E-05 9.98771E-05 9.98771E-05 9.98771E-05 0.0761681 9.98771E-05 9.98771E-05
9.98597E-05 9.98597E-05 9.98597E-05 0.0594704 9.98597E-05 9.98597E-05 9.98597E-05 9.98597E-05 9.98597E-05 0.0702066 9.98597E-05 0.868725 9.98597E-05 9.98597E-05 9.98597E-05 9.98597E-05 9.98597E-05 9.98597E-05 9.98597E-05
9.98859E-05 9.98859E-05 0.0281737 9.98859E-05 9.98859E-05 0.0213911 0.0218599 9.98859E-05 9.98859E-05 0.00279967 9.98859E-05 0.921522 9.98859E-05 9.98859E-05 9.98859E-05 9.98859E-05 9.98859E-05 9.98859E-05 0.00295564
0.0499724 9.98858E-05 0.0490936 9.98858E-05 0.0210995 9.98858E-05 0.0550435 9.98858E-05 0.696762 0.126731 9.98858E-05 9.98858E-05 9.98858E-05 9.98858E-05 9.98858E-05 9.98858E-05 9.98858E-05 9.98858E-05 9.98858E-05
9.9851E-05 9.9851E-05 9.9851E-05 9.9851E-05 9.9851E-05 9.9851E-05 9.9851E-05 9.9851E-05 0.958046 9.9851E-05 9.9851E-05 9.9851E-05 9.9851E-05 9.9851E-05 9.9851E-05 9.9851E-05 9.9851E-05 9.9851E-05 0.040257
0.0254495 9.98771E-05 9.98771E-05 9.98771E-05 9.98771E-05 0.0202649 0.020351 9.98771E-05 0.926671 9.98771E-05 9.98771E-05 9.98771E-05 0.00586494 9.98771E-05 9.98771E-05 9.98771E-05 9.98771E-05 9.98771E-05 9.98771E-05
9.98772E-05 9.98772E-05 0.111824 9.98772E-05 0.303416 0.0664976 9.98772E-05 9.98772E-05 0.393424 9.98772E-05 9.98772E-05 9.98772E-05 9.98772E-05 9.98772E-05 9.98772E-05 9.98772E-05 9.98772E-05 0.123439 9.98772E-05
0.00064319 9.98945E-05 0.0618879 9.98945E-05 9.98945E-05 0.0315294 9.98945E-05 0.124191 0.696506 0.0125694 9.98945E-05 9.98945E-05 9.98945E-05 9.98945E-05 9.98945E-05 9.98945E-05 9.98945E-05 9.98945E-05 0.0714749
9.98681E-05 9.98681E-05 0.0170461 9.98681E-05 9.98681E-05 9.98681E-05 9.98681E-05 9.98681E-05 0.775681 0.148107 9.98681E-05 9.98681E-05 9.98681E-05 9.98681E-05 9.98681E-05 9.98681E-05 9.98681E-05 9.98681E-05 0.0576688
9.9877E-05 9.9877E-05 9.9877E-05 0.00990285 0.232671 9.9877E-05 0.0252512 9.9877E-05 0.579766 0.151011 9.9877E-05 9.9877E-05 9.9877E-05 9.9877E-05 9.9877E-05 9.9877E-05 9.9877E-05 9.9877E-05 9.9877E-05
0.13753 9.98945E-05 0.045135 9.98945E-05 0.0699547 0.0336612 9.98945E-05 9.98945E-05 0.56929 0.112014 9.98945E-05 9.98945E-05 9.98945E-05 9.98945E-05 9.98945E-05 9.98945E-05 9.98945E-05 0.0312168 9.98945E-05
9.9842E-05 9.9842E-05 9.9842E-05 9.9842E-05 9.9842E-05 9.9842E-05 9.9842E-05 9.9842E-05 0.998203 9.9842E-05 9.9842E-05 9.9842E-05 9.9842E-05 9.9842E-05 9.9842E-05 9.9842E-05 9.9842E-05 9.9842E-05 9.9842E-05
9.98682E-05 9.98682E-05 0.00738467 0.00947049 9.98682E-05 9.98682E-05 0.0913029 9.98682E-05 0.890344 9.98682E-05 9.98682E-05 9.98682E-05 9.98682E-05 9.98682E-05 9.98682E-05 9.98682E-05 9.98682E-05 9.98682E-05 9.98682E-05
9.98681E-05 9.98681E-05 0.0526928 9.98681E-05 9.98681E-05 9.98681E-05 0.155242 9.98681E-05 0.518269 0.272299 9.98681E-05 9.98681E-05 9.98681E-05 9.98681E-05 9.98681E-05 9.98681E-05 9.98681E-05 9.98681E-05 9.98681E-05
9.99034E-05 9.99034E-05 9.99034E-05 0.0222063 9.99034E-05 0.0145815 0.125418 0.0372343 0.516068 0.0809487 9.99034E-05 9.99034E-05 9.99034E-05 9.99034E-05 9.99034E-05 0.0621721 9.99034E-05 9.99034E-05 0.140272
9.98946E-05 9.98946E-05 0.0690483 9.98946E-05 9.98946E-05 9.98946E-05 0.178515 9.98946E-05 0.562102 0.0580452 9.98946E-05 9.98946E-05 9.98946E-05 0.0131657 0.0722301 0.0456954 9.98946E-05 9.98946E-05 9.98946E-05
9.9877E-05 9.9877E-05 9.9877E-05 9.9877E-05 0.0310779 9.9877E-05 9.9877E-05 9.9877E-05 0.577031 0.197922 9.9877E-05 9.9877E-05 9.9877E-05 9.9877E-05 9.9877E-05 9.9877E-05 0.0369201 9.9877E-05 0.15565
9.98598E-05 0.0069679 9.98598E-05 9.98598E-05 9.98598E-05 9.98598E-05 9.98598E-05 9.98598E-05 0.969217 9.98598E-05 9.98598E-05 9.98598E-05 9.98598E-05 0.0222173 9.98598E-05 9.98598E-05 9.98598E-05 9.98598E-05 9.98598E-05
9.98597E-05 9.98597E-05 0.0457134 9.98597E-05 9.98597E-05 9.98597E-05 9.98597E-05 9.98597E-05 0.94852 0.00416847 9.98597E-05 9.98597E-05 9.98597E-05 9.98597E-05 9.98597E-05 9.98597E-05 9.98597E-05 9.98597E-05 9.98597E-05
0.0126903 9.98857E-05 9.98857E-05 9.98857E-05 9.98857E-05 0.0884018 9.98857E-05 9.98857E-05 0.746689 0.0062569 9.98857E-05 9.98857E-05 9.98857E-05 9.98857E-05 9.98857E-05 9.98857E-05 0.109576 0.0350876 9.98857E-05
9.98858E-05 9.98858E-05 0.0309017 0.0734692 9.98858E-05 9.98858E-05 0.0875349 9.98858E-05 0.642779 9.98858E-05 9.98858E-05 9.98858E-05 9.98858E-05 9.98858E-05 9.98858E-05 9.98858E-05 0.113249 9.98858E-05 0.0507684
0.0724603 9.98771E-05 9.98771E-05 9.98771E-05 9.98771E-05 9.98771E-05 0.003797 9.98771E-05 0.888507 0.0169737 9.98771E-05 9.98771E-05 9.98771E-05 9.98771E-05 9.98771E-05 9.98771E-05 0.016864 9.98771E-05 9.98771E-05
9.98681E-05 9.98681E-05 9.98681E-05 9.98681E-05 9.98681E-05 9.98681E-05 0.00888282 9.98681E-05 0.682195 0.226971 9.98681E-05 9.98681E-05 9.98681E-05 9.98681E-05 9.98681E-05 0.0804538 9.98681E-05 9.98681E-05 9.98681E-05
9.98599E-05 9.98599E-05 9.98599E-05 9.98599E-05 9.98599E-05 0.044684 9.98599E-05 9.98599E-05 0.936151 9.98599E-05 9.98599E-05 9.98599E-05 0.0175675 9.98599E-05 9.98599E-05 9.98599E-05 9.98599E-05 9.98599E-05 9.98599E-05
9.98769E-05 9.98769E-05 0.0341132 9.98769E-05 9.98769E-05 9.98769E-05 9.98769E-05 9.98769E-05 0.644065 0.0449851 9.98769E-05 9.98769E-05 9.98769E-05 9.98769E-05 9.98769E-05 9.98769E-05 0.0302887 9.98769E-05 0.24515
0.0061253 9.9886E-05 0.000819375 9.9886E-05 9.9886E-05 9.9886E-05 9.9886E-05 9.9886E-05 0.859665 9.9886E-05 9.9886E-05 9.9886E-05 9.9886E-05 0.0349353 9.9886E-05 9.9886E-05 9.9886E-05 0.0578347 0.0393215
0.221625 0.00827848 0.0721925 9.99034E-05 9.99034E-05 0.0910292 9.99034E-05 9.99034E-05 0.500946 0.0504657 9.99034E-05 9.99034E-05 9.99034E-05 9.99034E-05 9.99034E-05 9.99034E-05 0.0328112 0.0215532 9.99034E-05
9.98682E-05 9.98682E-05 9.98682E-05 9.98682E-05 9.98682E-05 9.98682E-05 0.163956 9.98682E-05 0.813167 0.00100552 9.98682E-05 9.98682E-05 9.98682E-05 9.98682E-05 0.0203733 9.98682E-05 9.98682E-05 9.98682E-05 9.98682E-05
9.98685E-05 9.98685E-05 0.0247829 9.98685E-05 9.98685E-05 9.98685E-05 9.98685E-05 9.98685E-05 0.888772 0.083161 9.98685E-05 0.00178605 9.98685E-05 9.98685E-05 9.98685E-05 9.98685E-05 9.98685E-05 9.98685E-05 9.98685E-05
9.98422E-05 9.98422E-05 9.98422E-05 9.98422E-05 9.98422E-05 9.98422E-05 9.98422E-05 9.98422E-05 0.998203 9.98422E-05 9.98422E-05 9.98422E-05 9.98422E-05 9.98422E-05 9.98422E-05 9.98422E-05 9.98422E-05 9.98422E-05 9.98422E-05
9.98597E-05 9.98597E-05 9.98597E-05 9.98597E-05 9.98597E-05 9.98597E-05 9.98597E-05 0.0396945 0.903684 0.0550238 9.98597E-05 9.98597E-05 9.98597E-05 9.98597E-05 9.98597E-05 9.98597E-05 9.98597E-05 9.98597E-05 9.98597E-05
0.134803 9.98685E-05 9.98685E-05 9.98685E-05 9.98685E-05 9.98685E-05 9.98685E-05 9.98685E-05 0.832152 0.0109125 9.98685E-05 9.98685E-05 9.98685E-05 0.0206346 9.98685E-05 9.98685E-05 9.98685E-05 9.98685E-05 9.98685E-05
9.98773E-05 9.98773E-05 0.106304 9.98773E-05 9.98773E-05 9.98773E-05 9.98773E-05 9.98773E-05 0.644248 0.139447 9.98773E-05 9.98773E-05 0.107504 9.98773E-05 9.98773E-05 0.00109893 9.98773E-05 9.98773E-05 9.98773E-05
9.98596E-05 9.98596E-05 0.0785843 9.98596E-05 9.98596E-05 9.98596E-05 9.98596E-05 9.98596E-05 9.98596E-05 0.152605 9.98596E-05 9.98596E-05 9.98596E-05 9.98596E-05 9.98596E-05 9.98596E-05 9.98596E-05 0.767213 9.98596E-05
9.98773E-05 9.98773E-05 0.0182105 9.98773E-05 9.98773E-05 9.98773E-05 9.98773E-05 9.98773E-05 9.98773E-05 0.0138584 9.98773E-05 0.060029 0.319231 9.98773E-05 9.98773E-05 9.98773E-05 9.98773E-05 0.587273 9.98773E-05
9.98595E-05 9.98595E-05 9.98595E-05 9.98595E-05 9.98595E-05 9.98595E-05 9.98595E-05 9.98595E-05 9.98595E-05 0.111923 9.98595E-05 9.98595E-05 9.98595E-05 0.0276948 9.98595E-05 9.98595E-05 9.98595E-05 0.858785 9.98595E-05
9.98594E-05 9.98594E-05 0.0283194 9.98594E-05 9.98594E-05 9.98594E-05 9.98594E-05 9.98594E-05 9.98594E-05 0.132469 9.98594E-05 9.98594E-05 9.98594E-05 9.98594E-05 9.98594E-05 9.98594E-05 9.98594E-05 0.837613 9.98594E-05
9.98682E-05 0.0586046 0.0288684 0.0187737 9.98682E-05 9.98682E-05 9.98682E-05 9.98682E-05 9.98682E-05 9.98682E-05 9.98682E-05 9.98682E-05 9.98682E-05 9.98682E-05 9.98682E-05 9.98682E-05 9.98682E-05 0.892255 9.98682E-05
9.98859E-05 9.98859E-05 0.131525 0.0252182 0.0854128 9.98859E-05 9.98859E-05 9.98859E-05 9.98859E-05 0.146142 9.98859E-05 9.98859E-05 0.00763558 9.98859E-05 9.98859E-05 9.98859E-05 9.98859E-05 0.602768 9.98859E-05
0.0038333 9.98859E-05 0.0341093 9.98859E-05 9.98859E-05 9.98859E-05 0.0106229 9.98859E-05 9.98859E-05 0.0907843 9.98859E-05 9.98859E-05 9.98859E-05 9.98859E-05 9.98859E-05 9.98859E-05 9.98859E-05 0.778237 0.0811144
9.98508E-05 9.98508E-05 0.216047 9.98508E-05 9.98508E-05 9.98508E-05 9.98508E-05 9.98508E-05 9.98508E-05 9.98508E-05 9.98508E-05 9.98508E-05 9.98508E-05 9.98508E-05 9.98508E-05 9.98508E-05 9.98508E-05 0.782256 9.98508E-05
9.98857E-05 9.98857E-05 0.333709 9.98857E-05 0.143865 9.98857E-05 0.0166483 9.98857E-05 9.98857E-05 0.0167178 9.98857E-05 9.98857E-05 9.98857E-05 9.98857E-05 9.98857E-05 9.98857E-05 9.98857E-05 0.400182 0.0875804
0.00664723 9.98946E-05 0.204054 0.0209086 9.98946E-05 9.98946E-05 0.0341797 9.98946E-05 9.98946E-05 0.253304 9.98946E-05 9.98946E-05 9.98946E-05 9.98946E-05 9.98946E-05 9.98946E-05 9.98946E-05 0.431789 0.047918
9.98772E-05 9.98772E-05 0.0257642 9.98772E-05 0.168092 9.98772E-05 0.0233549 9.98772E-05 9.98772E-05 9.98772E-05 9.98772E-05 9.98772E-05 0.183645 9.98772E-05 9.98772E-05 9.98772E-05 9.98772E-05 0.597746 9.98772E-05
9.98772E-05 9.98772E-05 9.98772E-05 9.98772E-05 0.14193 9.98772E-05 0.00759885 9.98772E-05 9.98772E-05 0.0286568 9.98772E-05 9.98772E-05 0.0150737 9.98772E-05 9.98772E-05 9.98772E-05 9.98772E-05 0.805342 9.98772E-05
9.98598E-05 9.98598E-05 0.0632536 9.98598E-05 9.98598E-05 9.98598E-05 9.98598E-05 9.98598E-05 9.98598E-05 9.98598E-05 9.98598E-05 9.98598E-05 0.0290071 9.98598E-05 9.98598E-05 9.98598E-05 9.98598E-05 0.906142 9.98598E-05
9.98684E-05 9.98684E-05 0.104761 9.98684E-05 9.98684E-05 9.98684E-05 9.98684E-05 9.98684E-05 9.98684E-05 0.168762 9.98684E-05 9.98684E-05 0.0115506 9.98684E-05 9.98684E-05 9.98684E-05 9.98684E-05 0.713429 9.98684E-05
0.13707 9.9886E-05 0.0258324 9.9886E-05 9.9886E-05 9.9886E-05 0.00408818 9.9886E-05 9.9886E-05 9.9886E-05 9.9886E-05 9.9886E-05 0.0248485 9.9886E-05 9.9886E-05 0.0285716 9.9886E-05 0.778291 9.9886E-05
9.98684E-05 9.98684E-05 9.98684E-05 0.0820514 0.0801419 9.98684E-05 9.98684E-05 9.98684E-05 9.98684E-05 0.191242 9.98684E-05 9.98684E-05 9.98684E-05 9.98684E-05 9.98684E-05 9.98684E-05 9.98684E-05 0.645067 9.98684E-05
0.00765805 9.98858E-05 9.98858E-05 9.98858E-05 0.280937 9.98858E-05 9.98858E-05 0.102108 9.98858E-05 0.124063 9.98858E-05 9.98858E-05 0.0220989 9.98858E-05 9.98858E-05 9.98858E-05 9.98858E-05 0.461837 9.98858E-05
9.98774E-05 9.98774E-05 0.0491747 9.98774E-05 9.98774E-05 9.98774E-05 9.98774E-05 9.98774E-05 9.98774E-05 9.98774E-05 9.98774E-05 0.0415599 9.98774E-05 0.0689157 9.98774E-05 9.98774E-05 9.98774E-05 0.756807 0.0821448
9.98509E-05 9.98509E-05 9.98509E-05 9.98509E-05 9.98509E-05 9.98509E-05 9.98509E-05 9.98509E-05 9.98509E-05 9.98509E-05 9.98509E-05 9.98509E-05 9.98509E-05 0.00148682 9.98509E-05 9.98509E-05 9.98509E-05 0.996816 9.98509E-05
9.99122E-05 0.0107844 0.0373365 0.165179 9.99122E-05 9.99122E-05 0.0137445 0.0878398 0.0743427 0.122289 9.99122E-05 9.99122E-05 0.154228 9.99122E-05 9.99122E-05 9.99122E-05 9.99122E-05 0.333257 9.99122E-05
9.98859E-05 9.98859E-05 0.0153256 0.0219959 0.108023 9.98859E-05 9.98859E-05 9.98859E-05 9.98859E-05 0.0718246 9.98859E-05 9.98859E-05 9.98859E-05 0.00949927 9.98859E-05 9.98859E-05 9.98859E-05 0.772033 9.98859E-05
9.98595E-05 9.98595E-05 0.0404409 9.98595E-05 9.98595E-05 9.98595E-05 0.0023461 9.98595E-05 9.98595E-05 9.98595E-05 9.98595E-05 9.98595E-05 9.98595E-05 9.98595E-05 9.98595E-05 9.98595E-05 9.98595E-05 0.955615 9.98595E-05
9.98946E-05 9.98946E-05 0.219994 9.98946E-05 0.0616774 9.98946E-05 9.98946E-05 0.0926863 9.98946E-05 0.198942 9.98946E-05 9.98946E-05 9.98946E-05 0.00483994 9.98946E-05 9.98946E-05 0.00788928 0.412772 9.98946E-05
9.98597E-05 9.98597E-05 0.174928 9.98597E-05 9.98597E-05 9.98597E-05 9.98597E-05 9.98597E-05 9.98597E-05 9.98597E-05 9.98597E-05 9.98597E-05 0.0701015 9.98597E-05 9.98597E-05 9.98597E-05 9.98597E-05 0.753373 9.98597E-05
9.98859E-05 9.98859E-05 0.204971 9.98859E-05 0.106854 9.98859E-05 9.98859E-05 0.03769 9.98859E-05 0.203594 9.98859E-05 9.98859E-05 9.98859E-05 9.98859E-05 0.0191252 9.98859E-05 9.98859E-05 0.426468 9.98859E-05
9.98949E-05 0.00457866 0.138002 9.98949E-05 9.98949E-05 9.98949E-05 0.0223626 9.98949E-05 0.0900736 0.165027 9.98949E-05 9.98949E-05 0.194083 9.98949E-05 9.98949E-05 9.98949E-05 9.98949E-05 0.384674 9.98949E-05
9.98772E-05 0.126826 9.98772E-05 9.98772E-05 9.98772E-05 9.98772E-05 9.98772E-05 9.98772E-05 9.98772E-05 0.0831159 9.98772E-05 9.98772E-05 0.607644 0.100954 9.98772E-05 9.98772E-05 9.98772E-05 0.0800609 9.98772E-05
9.98682E-05 9.98682E-05 0.0746376 9.98682E-05 9.98682E-05 9.98682E-05 9.98682E-05 0.046069 9.98682E-05 0.0705981 9.98682E-05 9.98682E-05 9.98682E-05 9.98682E-05 9.98682E-05 9.98682E-05 9.98682E-05 0.807197 9.98682E-05
9.98597E-05 9.98597E-05 0.181255 9.98597E-05 9.98597E-05 9.98597E-05 9.98597E-05 9.98597E-05 9.98597E-05 0.224732 9.98597E-05 9.98597E-05 9.98597E-05 9.98597E-05 9.98597E-05 9.98597E-05 9.98597E-05 0.592415 9.98597E-05
9.98772E-05 9.98772E-05 9.98772E-05 9.98772E-05 9.98772E-05 9.98772E-05 0.0729108 9.98772E-05 9.98772E-05 0.107885 9.98772E-05 9.98772E-05 0.0323383 0.142486 9.98772E-05 9.98772E-05 9.98772E-05 0.642981 9.98772E-05
9.9886E-05 9.9886E-05 0.0344015 9.9886E-05 0.00917657 9.9886E-05 0.0069012 9.9886E-05 9.9886E-05 0.187324 9.9886E-05 9.9886E-05 9.9886E-05 9.9886E-05 0.0588338 9.9886E-05 9.9886E-05 0.702065 9.9886E-05
9.98508E-05 9.98508E-05 9.98508E-05 9.98508E-05 9.98508E-05 9.98508E-05 9.98508E-05 9.98508E-05 9.98508E-05 9.98508E-05 9.98508E-05 9.98508E-05 9.98508E-05 9.98508E-05 9.98508E-05 0.0217769 9.98508E-05 0.976526 9.98508E-05
9.9877E-05 9.9877E-05 0.218315 9.9877E-05 9.9877E-05 9.9877E-05 9.9877E-05 0.117014 9.9877E-05 0.131815 9.9877E-05 9.9877E-05 9.9877E-05 0.118593 9.9877E-05 9.9877E-05 9.9877E-05 0.412864 9.9877E-05
9.98771E-05 9.98771E-05 0.0132701 9.98771E-05 9.98771E-05 9.98771E-05 9.98771E-05 9.98771E-05 9.98771E-05 0.0559493 9.98771E-05 9.98771E-05 9.98771E-05 9.98771E-05 9.98771E-05 9.98771E-05 0.0299307 0.773593 0.125859
9.98509E-05 9.98509E-05 9.98509E-05 9.98509E-05 9.98509E-05 9.98509E-05 9.98509E-05 9.98509E-05 9.98509E-05 0.0652067 9.98509E-05 9.98509E-05 9.98509E-05 9.98509E-05 9.98509E-05 9.98509E-05 9.98509E-05 0.933096 9.98509E-05
9.98947E-05 9.98947E-05 0.057902 0.0912596 0.0278948 9.98947E-05 0.0418067 9.98947E-05 9.98947E-05 9.98947E-05 9.98947E-05 9.98947E-05 0.0666945 9.98947E-05 9.98947E-05 0.0153456 9.98947E-05 0.697898 9.98947E-05
9.98594E-05 9.98594E-05 0.0477152 9.98594E-05 9.98594E-05 9.98594E-05 9.98594E-05 9.98594E-05 9.98594E-05 0.220759 9.98594E-05 9.98594E-05 9.98594E-05 9.98594E-05 9.98594E-05 9.98594E-05 9.98594E-05 0.729928 9.98594E-05
9.98683E-05 9.98683E-05 0.0556152 0.00976232 9.98683E-05 9.98683E-05 9.98683E-05 9.98683E-05 9.98683E-05 9.98683E-05 9.98683E-05 9.98683E-05 0.528988 9.98683E-05 9.98683E-05 9.98683E-05 9.98683E-05 0.404136 9.98683E-05
9.98772E-05 9.98772E-05 9.98772E-05 9.98772E-05 9.98772E-05 9.98772E-05 0.00919248 0.0146497 9.98772E-05 0.119467 9.98772E-05 9.98772E-05 0.203607 9.98772E-05 9.98772E-05 9.98772E-05 9.98772E-05 0.651685 9.98772E-05
9.98686E-05 9.98686E-05 0.0108926 9.98686E-05 9.98686E-05 9.98686E-05 9.98686E-05 9.98686E-05 9.98686E-05 9.98686E-05 9.98686E-05 9.98686E-05 0.24544 0.0379276 9.98686E-05 9.98686E-05 9.98686E-05 0.704242 9.98686E-05
9.98596E-05 9.98596E-05 0.0135414 9.98596E-05 9.98596E-05 9.98596E-05 9.98596E-05 9.98596E-05 9.98596E-05 9.98596E-05 9.98596E-05 9.98596E-05 0.42628 9.98596E-05 9.98596E-05 9.98596E-05 9.98596E-05 0.558581 9.98596E-05
9.98683E-05 9.98683E-05 0.119565 9.98683E-05 0.0697499 9.98683E-05 9.98683E-05 9.98683E-05 9.98683E-05 0.261394 9.98683E-05 9.98683E-05 9.98683E-05 9.98683E-05 9.98683E-05 9.98683E-05 9.98683E-05 0.547793 9.98683E-05
9.98596E-05 9.98596E-05 0.136482 9.98596E-05 9.98596E-05 9.98596E-05 9.98596E-05 9.98596E-05 9.98596E-05 9.98596E-05 9.98596E-05 9.98596E-05 9.98596E-05 0.0835709 9.98596E-05 9.98596E-05 9.98596E-05 0.778349 9.98596E-05
9.98771E-05 9.98771E-05 0.13557 9.98771E-05 9.98771E-05 9.98771E-05 9.98771E-05 0.0766976 9.98771E-05 0.0731983 9.98771E-05 9.98771E-05 0.465678 9.98771E-05 9.98771E-05 9.98771E-05 9.98771E-05 0.247458 9.98771E-05
9.98684E-05 9.98684E-05 9.98684E-05 9.98684E-05 9.98684E-05 9.98684E-05 9.98684E-05 9.98684E-05 9.98684E-05 0.00482094 0.0270398 9.98684E-05 0.418855 9.98684E-05 9.98684E-05 9.98684E-05 9.98684E-05 0.547786 9.98684E-05
9.9877E-05 9.9877E-05 0.175207 9.9877E-05 0.153899 9.9877E-05 9.9877E-05 0.110799 9.9877E-05 9.9877E-05 9.9877E-05 9.9877E-05 9.9877E-05 9.9877E-05 9.9877E-05 9.9877E-05 9.9877E-05 0.558142 0.000554795
9.98684E-05 9.98684E-05 0.116369 9.98684E-05 9.98684E-05 9.98684E-05 9.98684E-05 9.98684E-05 0.267123 0.0914728 9.98684E-05 9.98684E-05 9.98684E-05 9.98684E-05 9.98684E-05 9.98684E-05 9.98684E-05 0.523537 9.98684E-05
9.99036E-05 0.0336623 0.160436 9.99036E-05 0.0718602 9.99036E-05 9.99036E-05 9.99036E-05 9.99036E-05 0.0431654 9.99036E-05 9.99036E-05 0.0476777 9.99036E-05 9.99036E-05 0.109335 9.99036E-05 0.479017 0.0537477
0.0160655 9.98947E-05 0.262532 9.98947E-05 9.98947E-05 0.00725965 9.98947E-05 0.0855913 9.98947E-05 0.120264 9.98947E-05 9.98947E-05 9.98947E-05 0.0137896 9.98947E-05 9.98947E-05 9.98947E-05 0.493299 9.98947E-05
9.98597E-05 9.98597E-05 9.98597E-05 9.98597E-05 9.98597E-05 9.98597E-05 9.98597E-05 9.98597E-05 9.98597E-05 0.03515 9.98597E-05 9.98597E-05 0.443175 9.98597E-05 9.98597E-05 9.98597E-05 9.98597E-05 0.520077 9.98597E-05
9.98682E-05 9.98682E-05 9.98682E-05 0.150916 9.98682E-05 0.0414398 9.98682E-05 9.98682E-05 9.98682E-05 0.144684 9.98682E-05 9.98682E-05 9.98682E-05 9.98682E-05 9.98682E-05 9.98682E-05 9.98682E-05 0.661462 9.98682E-05
9.98859E-05 9.98859E-05 0.142135 9.98859E-05 9.98859E-05 9.98859E-05 9.98859E-05 9.98859E-05 0.00984544 0.0230687 9.98859E-05 9.98859E-05 0.461253 0.102371 9.98859E-05 9.98859E-05 9.98859E-05 0.260028 9.98859E-05
9.98686E-05 9.98686E-05 0.115052 9.98686E-05 9.98686E-05 9.98686E-05 9.98686E-05 9.98686E-05 9.98686E-05 0.169804 9.98686E-05 9.98686E-05 0.239536 9.98686E-05 9.98686E-05 9.98686E-05 9.98686E-05 0.474109 9.98686E-05
9.98684E-05 9.98684E-05 0.0716975 9.98684E-05 0.0416233 9.98684E-05 9.98684E-05 9.98684E-05 9.98684E-05 9.98684E-05 9.98684E-05 9.98684E-05 9.98684E-05 9.98684E-05 9.98684E-05 0.00768254 9.98684E-05 0.877499 9.98684E-05
0.0366873 9.98683E-05 9.98683E-05 0.0677902 9.98683E-05 9.98683E-05 9.98683E-05 9.98683E-05 9.98683E-05 9.98683E-05 9.98683E-05 9.98683E-05 9.98683E-05 9.98683E-05 9.98683E-05 9.98683E-05 0.0263399 0.867685 9.98683E-05
9.98683E-05 9.98683E-05 0.161116 9.98683E-05 0.214544 9.98683E-05 9.98683E-05 9.98683E-05 9.98683E-05 0.250508 9.98683E-05 9.98683E-05 9.98683E-05 9.98683E-05 9.98683E-05 9.98683E-05 9.98683E-05 0.372334 9.98683E-05
9.98595E-05 9.98595E-05 0.170944 9.98595E-05 9.98595E-05 9.98595E-05 9.98595E-05 9.98595E-05 9.98595E-05 0.131021 9.98595E-05 9.98595E-05 9.98595E-05 9.98595E-05 9.98595E-05 9.98595E-05 9.98595E-05 0.696438 9.98595E-05
9.98683E-05 9.98683E-05 0.0118123 9.98683E-05 9.98683E-05 9.98683E-05 0.039325 9.98683E-05 9.98683E-05 9.98683E-05 9.98683E-05 9.98683E-05 9.98683E-05 9.98683E-05 9.98683E-05 0.035764 9.98683E-05 0.911601 9.98683E-05
9.98685E-05 9.98685E-05 9.98685E-05 9.98685E-05 9.98685E-05 9.98685E-05 9.98685E-05 0.1781 9.98685E-05 0.00845078 9.98685E-05 9.98685E-05 0.015914 9.98685E-05 9.98685E-05 9.98685E-05 9.98685E-05 0.796037 9.98685E-05
9.98684E-05 9.98684E-05 0.122493 9.98684E-05 0.112688 9.98684E-05 9.98684E-05 9.98684E-05 9.98684E-05 9.98684E-05 9.98684E-05 9.98684E-05 0.0271737 9.98684E-05 9.98684E-05 9.98684E-05 9.98684E-05 0.736148 9.98684E-05
9.98418E-05 9.98418E-05 9.98418E-05 9.98418E-05 9.98418E-05 9.98418E-05 9.98418E-05 9.98418E-05 9.98418E-05 0.998203 9.98418E-05 9.98418E-05 9.98418E-05 9.98418E-05 9.98418E-05 9.98418E-05 9.98418E-05 9.98418E-05 9.98418E-05
9.98417E-05 9.98417E-05 0.998203 9.98417E-05 9.98417E-05 9.98417E-05 9.98417E-05 9.98417E-05 9.98417E-05 9.98417E-05 9.98417E-05 9.98417E-05 9.98417E-05 9.98417E-05 9.98417E-05 9.98417E-05 9.98417E-05 9.98417E-05 9.98417E-05
9.98417E-05 9.98417E-05 9.98417E-05 9.98417E-05 9.98417E-05 9.98417E-05 9.98417E-05 9.98417E-05 9.98417E-05 0.998203 9.98417E-05 9.98417E-05 9.98417E-05 9.98417E-05 9.98417E-05 9.98417E-05 9.98417E-05 9.98417E-05 9.98417E-05
9.98417E-05 9.98417E-05 0.998203 9.98417E-05 9.98417E-05 9.98417E-05 9.98417E-05 9.98417E-05 9.98417E-05 9.98417E-05 9.98417E-05 9.98417E-05 9.98417E-05 9.98417E-05 9.98417E-05 9.98417E-05 9.98417E-05 9.98417E-05 9.98417E-05
9.98417E-05 9.98417E-05 0.998203 9.98417E-05 9.98417E-05 9.98417E-05 9.98417E-05 9.98417E-05 9.98417E-05 9.98417E-05 9.98417E-05 9.98417E-05 9.98417E-05 9.98417E-05 9.98417E-05 9.98417E-05 9.98417E-05 9.98417E-05 9.98417E-05
9.98419E-05 9.98419E-05 0.998203 9.98419E-05 9.98419E-05 9.98419E-05 9.98419E-05 9.98419E-05 9.98419E-05 9.98419E-05 9.98419E-05 9.98419E-05 9.98419E-05 9.98419E-05 9.98419E-05 9.98419E-05 9.98419E-05 9.98419E-05 9.98419E-05
9.98418E-05 9.98418E-05 9.98418E-05 9.98418E-05 9.98418E-05 9.98418E-05 9.98418E-05 9.98418E-05 9.98418E-05 0.998203 9.98418E-05 9.98418E-05 9.98418E-05 9.98418E-05 9.98418E-05 9.98418E-05 9.98418E-05 9.98418E-05 9.98418E-05
9.98418E-05 9.98418E-05 0.998203 9.98418E-05 9.98418E-05 9.98418E-05 9.98418E-05 9.98418E-05 9.98418E-05 9.98418E-05 9.98418E-05 9.98418E-05 9.98418E-05 9.98418E-05 9.98418E-05 9.98418E-05 9.98418E-05 9.98418E-05 9.98418E-05
9.98418E-05 9.98418E-05 0.998203 9.98418E-05 9.98418E-05 9.98418E-05 9.98418E-05 9.98418E-05 9.98418E-05 9.98418E-05 9.98418E-05 9.98418E-05 9.98418E-05 9.98418E-05 9.98418E-05 9.98418E-05 9.98418E-05 9.98418E-05 9.98418E-05
9.98417E-05 9.98417E-05 9.98417E-05 9.98417E-05 9.98417E-05 9.98417E-05 9.98417E-05 9.98417E-05 9.98417E-05 0.998203 9.98417E-05 9.98417E-05 9.98417E-05 9.98417E-05 9.98417E-05 9.98417E-05 9.98417E-05 9.98417E-05 9.98417E-05
9.98417E-05 9.98417E-05 9.98417E-05 9.98417E-05 9.98417E-05 9.98417E-05 9.98417E-05 9.98417E-05 9.98417E-05 0.998203 9.98417E-05 9.98417E-05 9.98417E-05 9.98417E-05 9.98417E-05 9.98417E-05 9.98417E-05 9.98417E-05 9.98417E-05
9.98417E-05 9.98417E-05 9.98417E-05 9.98417E-05 9.98417E-05 9.98417E-05 9.98417E-05 9.98417E-05 9.98417E-05 0.998203 9.98417E-05 9.98417E-05 9.98417E-05 9.98417E-05 9.98417E-05 9.98417E-05 9.98417E-05 9.98417E-05 9.98417E-05
9.98417E-05 9.98417E-05 0.998203 9.98417E-05 9.98417E-05 9.98417E-05 9.98417E-05 9.98417E-05 9.98417E-05 9.98417E-05 9.98417E-05 9.98417E-05 9.98417E-05 9.98417E-05 9.98417E-05 9.98417E-05 9.98417E-05 9.98417E-05 9.98417E-05
9.98418E-05 9.98418E-05 0.998203 9.98418E-05 9.98418E-05 9.98418E-05 9.98418E-05 9.98418E-05 9.98418E-05 9.98418E-05 9.98418E-05 9.98418E-05 9.98418E-05 9.98418E-05 9.98418E-05 9.98418E-05 9.98418E-05 9.98418E-05 9.98418E-05
9.98418E-05 9.98418E-05 9.98418E-05 9.98418E-05 9.98418E-05 9.98418E-05 9.98418E-05 9.98418E-05 9.98418E-05 0.998203 9.98418E-05 9.98418E-05 9.98418E-05 9.98418E-05 9.98418E-05 9.98418E-05 9.98418E-05 9.98418E-05 9.98418E-05
9.98417E-05 9.98417E-05 9.98417E-05 9.98417E-05 9.98417E-05 9.98417E-05 9.98417E-05 9.98417E-05 9.98417E-05 0.998203 9.98417E-05 9.98417E-05 9.98417E-05 9.98417E-05 9.98417E-05 9.98417E-05 9.98417E-05 9.98417E-05 9.98417E-05
9.98858E-05 0.0905632 0.0536568 9.98858E-05 9.98858E-05 9.98858E-05 9.98858E-05 0.046259 9.98858E-05 0.0965572 9.98858E-05 9.98858E-05 9.98858E-05 9.98858E-05 9.98858E-05 9.98858E-05 0.157186 0.554479 9.98858E-05
9.98507E-05 9.98507E-05 9.98507E-05 9.98507E-05 9.98507E-05 9.98507E-05 0.0236984 9.98507E-05 9.98507E-05 0.974604 9.98507E-05 9.98507E-05 9.98507E-05 9.98507E-05 9.98507E-05 9.98507E-05 9.98507E-05 9.98507E-05 9.98507E-05
9.98418E-05 9.98418E-05 0.998203 9.98418E-05 9.98418E-05 9.98418E-05 9.98418E-05 9.98418E-05 9.98418E-05 9.98418E-05 9.98418E-05 9.98418E-05 9.98418E-05 9.98418E-05 9.98418E-05 9.98418E-05 9.98418E-05 9.98418E-05 9.98418E-05
9.98417E-05 9.98417E-05 9.98417E-05 9.98417E-05 9.98417E-05 9.98417E-05 9.98417E-05 9.98417E-05 9.98417E-05 0.998203 9.98417E-05 9.98417E-05 9.98417E-05 9.98417E-05 9.98417E-05 9.98417E-05 9.98417E-05 9.98417E-05 9.98417E-05
9.98418E-05 9.98418E-05 9.98418E-05 9.98418E-05 9.98418E-05 9.98418E-05 9.98418E-05 9.98418E-05 9.98418E-05 0.998203 9.98418E-05 9.98418E-05 9.98418E-05 9.98418E-05 9.98418E-05 9.98418E-05 9.98418E-05 9.98418E-05 9.98418E-05
9.98417E-05 9.98417E-05 9.98417E-05 9.98417E-05 9.98417E-05 9.98417E-05 9.98417E-05 9.98417E-05 9.98417E-05 0.998203 9.98417E-05 9.98417E-05 9.98417E-05 9.98417E-05 9.98417E-05 9.98417E-05 9.98417E-05 9.98417E-05 9.98417E-05
9.98417E-05 9.98417E-05 0.998203 9.98417E-05 9.98417E-05 9.98417E-05 9.98417E-05 9.98417E-05 9.98417E-05 9.98417E-05 9.98417E-05 9.98417E-05 9.98417E-05 9.98417E-05 9.98417E-05 9.98417E-05 9.98417E-05 9.98417E-05 9.98417E-05
9.98418E-05 9.98418E-05 9.98418E-05 9.98418E-05 9.98418E-05 9.98418E-05 9.98418E-05 9.98418E-05 9.98418E-05 0.998203 9.98418E-05 9.98418E-05 9.98418E-05 9.98418E-05 9.98418E-05 9.98418E-05 9.98418E-05 9.98418E-05 9.98418E-05
9.98418E-05 9.98418E-05 0.998203 9.98418E-05 9.98418E-05 9.98418E-05 9.98418E-05 9.98418E-05 9.98418E-05 9.98418E-05 9.98418E-05 9.98418E-05 9.98418E-05 9.98418E-05 9.98418E-05 9.98418E-05 9.98418E-05 9.98418E-05 9.98418E-05
9.98418E-05 9.98418E-05 9.98418E-05 9.98418E-05 9.98418E-05 9.98418E-05 9.98418E-05 9.98418E-05 9.98418E-05 0.998203 9.98418E-05 9.98418E-05 9.98418E-05 9.98418E-05 9.98418E-05 9.98418E-05 9.98418E-05 9.98418E-05 9.98418E-05
9.98417E-05 9.98417E-05 9.98417E-05 9.98417E-05 9.98417E-05 9.98417E-05 9.98417E-05 9.98417E-05 9.98417E-05 0.998203 9.98417E-05 9.98417E-05 9.98417E-05 9.98417E-05 9.98417E-05 9.98417E-05 9.98417E-05 9.98417E-05 9.98417E-05
9.98417E-05 9.98417E-05 0.998203 9.98417E-05 9.98417E-05 9.98417E-05 9.98417E-05 9.98417E-05 9.98417E-05 9.98417E-05 9.98417E-05 9.98417E-05 9.98417E-05 9.98417E-05 9.98417E-05 9.98417E-05 9.98417E-05 9.98417E-05 9.98417E-05
9.98417E-05 9.98417E-05 0.998203 9.98417E-05 9.98417E-05 9.98417E-05 9.98417E-05 9.98417E-05 9.98417E-05 9.98417E-05 9.98417E-05 9.98417E-05 9.98417E-05 9.98417E-05 9.98417E-05 9.98417E-05 9.98417E-05 9.98417E-05 9.98417E-05
9.98418E-05 9.98418E-05 0.998203 9.98418E-05 9.98418E-05 9.98418E-05 9.98418E-05 9.98418E-05 9.98418E-05 9.98418E-05 9.98418E-05 9.98418E-05 9.98418E-05 9.98418E-05 9.98418E-05 9.98418E-05 9.98418E-05 9.98418E-05 9.98418E-05
9.98418E-05 9.98418E-05 9.98418E-05 9.98418E-05 9.98418E-05 9.98418E-05 9.98418E-05 9.98418E-05 9.98418E-05 0.998203 9.98418E-05 9.98418E-05 9.98418E-05 9.98418E-05 9.98418E-05 9.98418E-05 9.98418E-05 9.98418E-05 9.98418E-05
9.98418E-05 9.98418E-05 9.98418E-05 9.98418E-05 9.98418E-05 9.98418E-05 9.98418E-05 9.98418E-05 9.98418E-05 0.998203 9.98418E-05 9.98418E-05 9.98418E-05 9.98418E-05 9.98418E-05 9.98418E-05 9.98418E-05 9.98418E-05 9.98418E-05
9.98416E-05 9.98416E-05 9.98416E-05 9.98416E-05 9.98416E-05 9.98416E-05 9.98416E-05 9.98416E-05 9.98416E-05 0.998203 9.98416E-05 9.98416E-05 9.98416E-05 9.98416E-05 9.98416E-05 9.98416E-05 9.98416E-05 9.98416E-05 9.98416E-05
9.98418E-05 9.98418E-05 9.98418E-05 9.98418E-05 9.98418E-05 9.98418E-05 9.98418E-05 9.98418E-05 9.98418E-05 0.998203 9.98418E-05 9.98418E-05 9.98418E-05 9.98418E-05 9.98418E-05 9.98418E-05 9.98418E-05 9.98418E-05 9.98418E-05
9.98418E-05 9.98418E-05 9.98418E-05 9.98418E-05 9.98418E-05 9.98418E-05 9.98418E-05 9.98418E-05 9.98418E-05 0.998203 9.98418E-05 9.98418E-05 9.98418E-05 9.98418E-05 9.98418E-05 9.98418E-05 9.98418E-05 9.98418E-05 9.98418E-05
9.98417E-05 9.98417E-05 0.998203 9.98417E-05 9.98417E-05 9.98417E-05 9.98417E-05 9.98417E-05 9.98417E-05 9.98417E-05 9.98417E-05 9.98417E-05 9.98417E-05 9.98417E-05 9.98417E-05 9.98417E-05 9.98417E-05 9.98417E-05 9.98417E-05
