9.98071E-05 0.00745748 9.98071E-05 0.126434 9.98071E-05 9.98071E-05 0.304242 9.98071E-05 9.98071E-05 9.98071E-05 9.98071E-05 9.98071E-05 0.26732 9.98071E-05 9.98071E-05 9.98071E-05 9.98071E-05 0.151083 9.98071E-05 9.98071E-05 9.98071E-05 9.98071E-05 9.98071E-05 9.98071E-05 9.98071E-05 0.0421399 9.98071E-05 0.0991266 9.98071E-05
9.97808E-05 0.00835503 9.97808E-05 9.97808E-05 9.97808E-05 9.97808E-05 9.97808E-05 9.97808E-05 9.97808E-05 9.97808E-05 0.0973446 9.97808E-05 0.810675 9.97808E-05 9.97808E-05 9.97808E-05 9.97808E-05 9.97808E-05 0.0811306 9.97808E-05 9.97808E-05 9.97808E-05 9.97808E-05 9.97808E-05 9.97808E-05 9.97808E-05 9.97808E-05 9.97808E-05 9.97808E-05
9.97545E-05 9.97545E-05 9.97545E-05 9.97545E-05 9.97545E-05 9.97545E-05 9.97545E-05 9.97545E-05 9.97545E-05 9.97545E-05 9.97545E-05 0.997207 9.97545E-05 9.97545E-05 9.97545E-05 9.97545E-05 9.97545E-05 9.97545E-05 9.97545E-05 9.97545E-05 9.97545E-05 9.97545E-05 9.97545E-05 9.97545E-05 9.97545E-05 9.97545E-05 9.97545E-05 9.97545E-05 9.97545E-05
9.9807E-05 0.215211 9.9807E-05 0.358143 9.9807E-05 9.9807E-05 0.0306738 9.9807E-05 9.9807E-05 0.0278288 9.9807E-05 9.9807E-05 9.9807E-05 0.140973 9.9807E-05 9.9807E-05 9.9807E-05 0.153625 9.9807E-05 9.9807E-05 9.9807E-05 9.9807E-05 9.9807E-05 9.9807E-05 9.9807E-05 9.9807E-05 9.9807E-05 0.07135 9.9807E-05
9.97808E-05 9.97808E-05 9.97808E-05 9.97808E-05 9.97808E-05 9.97808E-05 9.97808E-05 0.019339 9.97808E-05 9.97808E-05 9.97808E-05 9.97808E-05 0.835964 9.97808E-05 0.0288513 9.97808E-05 9.97808E-05 9.97808E-05 9.97808E-05 9.97808E-05 9.97808E-05 9.97808E-05 0.113352 9.97808E-05 9.97808E-05 9.97808E-05 9.97808E-05 9.97808E-05 9.97808E-05
9.98073E-05 9.98073E-05 0.0944397 9.98073E-05 9.98073E-05 0.207057 0.2556 9.98073E-05 9.98073E-05 0.00653293 9.98073E-05 0.277335 9.98073E-05 9.98073E-05 0.0318774 9.98073E-05 9.98073E-05 9.98073E-05 9.98073E-05 9.98073E-05 0.124962 9.98073E-05 9.98073E-05 9.98073E-05 9.98073E-05 9.98073E-05 9.98073E-05 9.98073E-05 9.98073E-05
9.9851E-05 0.0619223 9.9851E-05 0.13737 9.9851E-05 0.00680725 0.208652 9.9851E-05 9.9851E-05 0.0404694 9.9851E-05 9.9851E-05 0.160715 9.9851E-05 0.0263255 9.9851E-05 0.0825505 9.9851E-05 0.0650485 9.9851E-05 0.0961882 0.0759686 9.9851E-05 9.9851E-05 9.9851E-05 9.9851E-05 9.9851E-05 0.0362853 9.9851E-05
9.98333E-05 9.98333E-05 0.114376 0.322109 9.98333E-05 0.0135475 0.173619 9.98333E-05 9.98333E-05 9.98333E-05 9.98333E-05 9.98333E-05 9.98333E-05 9.98333E-05 0.0397328 0.157066 9.98333E-05 9.98333E-05 9.98333E-05 9.98333E-05 0.0367326 9.98333E-05 9.98333E-05 0.0302261 9.98333E-05 0.0173587 9.98333E-05 0.0933352 9.98333E-05
0.225562 9.98158E-05 0.180519 0.240678 9.98158E-05 0.0262996 0.000308219 0.0904577 9.98158E-05 9.98158E-05 9.98158E-05 0.140043 9.98158E-05 9.98158E-05 9.98158E-05 9.98158E-05 9.98158E-05 9.98158E-05 9.98158E-05 9.98158E-05 9.98158E-05 0.0940357 9.98158E-05 9.98158E-05 9.98158E-05 9.98158E-05 9.98158E-05 9.98158E-05 9.98158E-05
0.0262374 9.9772E-05 9.9772E-05 9.9772E-05 9.9772E-05 9.9772E-05 9.9772E-05 9.9772E-05 9.9772E-05 9.9772E-05 9.9772E-05 0.0439503 0.927218 9.9772E-05 9.9772E-05 9.9772E-05 9.9772E-05 9.9772E-05 9.9772E-05 9.9772E-05 9.9772E-05 9.9772E-05 9.9772E-05 9.9772E-05 9.9772E-05 9.9772E-05 9.9772E-05 9.9772E-05 9.9772E-05
0.082273 9.97894E-05 9.97894E-05 0.611185 9.97894E-05 9.97894E-05 0.235898 9.97894E-05 0.00841786 0.0598314 9.97894E-05 9.97894E-05 9.97894E-05 9.97894E-05 9.97894E-05 9.97894E-05 9.97894E-05 9.97894E-05 9.97894E-05 9.97894E-05 9.97894E-05 9.97894E-05 9.97894E-05 9.97894E-05 9.97894E-05 9.97894E-05 9.97894E-05 9.97894E-05 9.97894E-05
9.97809E-05 9.97809E-05 9.97809E-05 9.97809E-05 9.97809E-05 0.0148405 0.0293974 9.97809E-05 9.97809E-05 9.97809E-05 9.97809E-05 0.931776 9.97809E-05 9.97809E-05 9.97809E-05 9.97809E-05 9.97809E-05 9.97809E-05 9.97809E-05 9.97809E-05 0.0214917 9.97809E-05 9.97809E-05 9.97809E-05 9.97809E-05 9.97809E-05 9.97809E-05 9.97809E-05 9.97809E-05
0.00590384 9.97809E-05 0.0445696 9.97809E-05 9.97809E-05 9.97809E-05 9.97809E-05 9.97809E-05 9.97809E-05 9.97809E-05 9.97809E-05 9.97809E-05 0.891293 9.97809E-05 9.97809E-05 9.97809E-05 9.97809E-05 9.97809E-05 9.97809E-05 9.97809E-05 9.97809E-05 9.97809E-05 9.97809E-05 0.0557387 9.97809E-05 9.97809E-05 9.97809E-05 9.97809E-05 9.97809E-05
0.00506043 9.97808E-05 9.97808E-05 0.948328 9.97808E-05 9.97808E-05 9.97808E-05 9.97808E-05 9.97808E-05 9.97808E-05 9.97808E-05 9.97808E-05 9.97808E-05 0.0370831 9.97808E-05 9.97808E-05 9.97808E-05 9.97808E-05 9.97808E-05 9.97808E-05 9.97808E-05 9.97808E-05 9.97808E-05 9.97808E-05 9.97808E-05 9.97808E-05 0.00703345 9.97808E-05 9.97808E-05
0.128093 9.9807E-05 0.0993549 9.9807E-05 9.9807E-05 9.9807E-05 0.257173 9.9807E-05 9.9807E-05 9.9807E-05 9.9807E-05 9.9807E-05 0.417131 9.9807E-05 9.9807E-05 9.9807E-05 9.9807E-05 9.9807E-05 9.9807E-05 9.9807E-05 9.9807E-05 9.9807E-05 0.000824559 9.9807E-05 0.0729513 9.9807E-05 9.9807E-05 0.0222773 9.9807E-05
0.0724158 0.0149088 0.162527 9.98508E-05 9.98508E-05 0.0224015 0.209924 0.0782722 9.98508E-05 9.98508E-05 9.98508E-05 0.0371265 0.157339 9.98508E-05 9.98508E-05 9.98508E-05 9.98508E-05 9.98508E-05 9.98508E-05 0.0310979 9.98508E-05 9.98508E-05 9.98508E-05 0.0755422 9.98508E-05 0.093473 9.98508E-05 0.0432749 9.98508E-05
0.0425138 0.0468533 9.98248E-05 0.0402633 0.10513 9.98248E-05 9.98248E-05 0.0370212 9.98248E-05 0.104971 9.98248E-05 0.595469 9.98248E-05 9.98248E-05 9.98248E-05 9.98248E-05 9.98248E-05 9.98248E-05 0.015541 9.98248E-05 9.98248E-05 9.98248E-05 9.98248E-05 9.98248E-05 9.98248E-05 0.0102404 9.98248E-05 9.98248E-05 9.98248E-05
0.065077 9.97983E-05 9.97983E-05 0.182881 9.97983E-05 9.97983E-05 0.466286 9.97983E-05 0.089245 9.97983E-05 9.97983E-05 9.97983E-05 9.97983E-05 9.97983E-05 9.97983E-05 9.97983E-05 9.97983E-05 9.97983E-05 9.97983E-05 9.97983E-05 9.97983E-05 9.97983E-05 9.97983E-05 9.97983E-05 9.97983E-05 9.97983E-05 9.97983E-05 0.0874505 0.106765
0.136271 9.98246E-05 0.165814 0.0383346 9.98246E-05 9.98246E-05 0.0260819 9.98246E-05 9.98246E-05 9.98246E-05 9.98246E-05 0.107243 0.234099 9.98246E-05 9.98246E-05 9.98246E-05 9.98246E-05 9.98246E-05 9.98246E-05 9.98246E-05 0.157036 0.00799049 9.98246E-05 9.98246E-05 9.98246E-05 9.98246E-05 9.98246E-05 0.125133 9.98246E-05
9.97634E-05 9.97634E-05 9.97634E-05 9.97634E-05 9.97634E-05 9.97634E-05 9.97634E-05 9.97634E-05 9.97634E-05 9.97634E-05 9.97634E-05 0.226187 0.771119 9.97634E-05 9.97634E-05 9.97634E-05 9.97634E-05 9.97634E-05 9.97634E-05 9.97634E-05 9.97634E-05 9.97634E-05 9.97634E-05 9.97634E-05 9.97634E-05 9.97634E-05 9.97634E-05 9.97634E-05 9.97634E-05
0.00702976 9.98156E-05 0.0707827 0.627478 9.98156E-05 0.0047185 9.98156E-05 0.13436 9.98156E-05 0.0561825 9.98156E-05 9.98156E-05 9.98156E-05 0.0415852 9.98156E-05 9.98156E-05 9.98156E-05 9.98156E-05 9.98156E-05 0.0557673 9.98156E-05 9.98156E-05 9.98156E-05 9.98156E-05 9.98156E-05 9.98156E-05 9.98156E-05 9.98156E-05 9.98156E-05
9.98247E-05 0.0380991 0.109804 9.98247E-05 9.98247E-05 9.98247E-05 9.98247E-05 9.98247E-05 9.98247E-05 9.98247E-05 9.98247E-05 0.312339 9.98247E-05 9.98247E-05 0.0921109 0.013738 9.98247E-05 9.98247E-05 9.98247E-05 9.98247E-05 0.0567727 9.98247E-05 9.98247E-05 9.98247E-05 9.98247E-05 9.98247E-05 0.00181921 0.334164 0.0391561
0.00882586 9.97896E-05 9.97896E-05 0.265998 9.97896E-05 0.0443639 0.273651 9.97896E-05 9.97896E-05 9.97896E-05 9.97896E-05 9.97896E-05 0.404766 9.97896E-05 9.97896E-05 9.97896E-05 9.97896E-05 9.97896E-05 9.97896E-05 9.97896E-05 9.97896E-05 9.97896E-05 9.97896E-05 9.97896E-05 9.97896E-05 9.97896E-05 9.97896E-05 9.97896E-05 9.97896E-05
0.200324 9.9807E-05 9.9807E-05 0.275523 9.9807E-05 9.9807E-05 0.19213 9.9807E-05 9.9807E-05 9.9807E-05 9.9807E-05 9.9807E-05 0.103711 9.9807E-05 9.9807E-05 9.9807E-05 9.9807E-05 9.9807E-05 9.9807E-05 9.9807E-05 9.9807E-05 0.0157837 9.9807E-05 0.000548751 9.9807E-05 9.9807E-05 9.9807E-05 0.209784 9.9807E-05
0.166277 9.97981E-05 0.0686258 0.354747 9.97981E-05 0.00857748 9.97981E-05 9.97981E-05 9.97981E-05 9.97981E-05 9.97981E-05 9.97981E-05 9.97981E-05 0.163054 9.97981E-05 9.97981E-05 9.97981E-05 0.236423 9.97981E-05 9.97981E-05 9.97981E-05 9.97981E-05 9.97981E-05 9.97981E-05 9.97981E-05 9.97981E-05 9.97981E-05 9.97981E-05 9.97981E-05
0.0548563 0.0410352 9.97983E-05 0.109042 9.97983E-05 9.97983E-05 9.97983E-05 9.97983E-05 9.97983E-05 9.97983E-05 9.97983E-05 0.618429 9.97983E-05 9.97983E-05 9.97983E-05 9.97983E-05 9.97983E-05 9.97983E-05 9.97983E-05 9.97983E-05 9.97983E-05 9.97983E-05 0.0987953 9.97983E-05 9.97983E-05 9.97983E-05 9.97983E-05 0.0755471 9.97983E-05
0.123889 9.98157E-05 9.98157E-05 9.98157E-05 9.98157E-05 9.98157E-05 9.98157E-05 9.98157E-05 9.98157E-05 9.98157E-05 9.98157E-05 9.98157E-05 0.044683 0.141313 9.98157E-05 9.98157E-05 9.98157E-05 9.98157E-05 9.98157E-05 9.98157E-05 9.98157E-05 9.98157E-05 0.115742 0.0411227 9.98157E-05 9.98157E-05 0.203663 0.221176 0.106315
0.0114484 0.0682033 9.9781E-05 9.9781E-05 9.9781E-05 9.9781E-05 9.9781E-05 9.9781E-05 9.9781E-05 9.9781E-05 9.9781E-05 9.9781E-05 0.873535 0.0443189 9.9781E-05 9.9781E-05 9.9781E-05 9.9781E-05 9.9781E-05 9.9781E-05 9.9781E-05 9.9781E-05 9.9781E-05 9.9781E-05 9.9781E-05 9.9781E-05 9.9781E-05 9.9781E-05 9.9781E-05
0.105629 9.97809E-05 9.97809E-05 9.97809E-05 9.97809E-05 9.97809E-05 9.97809E-05 9.97809E-05 9.97809E-05 0.0417478 9.97809E-05 9.97809E-05 0.75816 0.091968 9.97809E-05 9.97809E-05 9.97809E-05 9.97809E-05 9.97809E-05 9.97809E-05 9.97809E-05 9.97809E-05 9.97809E-05 9.97809E-05 9.97809E-05 9.97809E-05 9.97809E-05 9.97809E-05 9.97809E-05
9.97809E-05 9.97809E-05 9.97809E-05 9.97809E-05 9.97809E-05 9.97809E-05 9.97809E-05 9.97809E-05 9.97809E-05 9.97809E-05 0.0300317 0.0247795 0.639713 9.97809E-05 9.97809E-05 9.97809E-05 9.97809E-05 9.97809E-05 9.97809E-05 9.97809E-05 9.97809E-05 9.97809E-05 9.97809E-05 9.97809E-05 0.302981 9.97809E-05 9.97809E-05 9.97809E-05 9.97809E-05
0.0117351 9.98158E-05 0.0283053 9.98158E-05 9.98158E-05 9.98158E-05 0.0724647 9.98158E-05 0.00796206 0.0765299 9.98158E-05 9.98158E-05 0.773327 9.98158E-05 9.98158E-05 9.98158E-05 9.98158E-05 0.00446218 9.98158E-05 9.98158E-05 0.0231176 9.98158E-05 9.98158E-05 9.98158E-05 9.98158E-05 9.98158E-05 9.98158E-05 9.98158E-05 9.98158E-05
0.065906 9.97983E-05 9.97983E-05 0.645239 9.97983E-05 0.181979 0.000852018 9.97983E-05 9.97983E-05 0.0434602 9.97983E-05 9.97983E-05 9.97983E-05 9.97983E-05 9.97983E-05 9.97983E-05 9.97983E-05 9.97983E-05 9.97983E-05 9.97983E-05 0.060269 9.97983E-05 9.97983E-05 9.97983E-05 9.97983E-05 9.97983E-05 9.97983E-05 9.97983E-05 9.97983E-05
0.0799621 9.97981E-05 9.97981E-05 0.733552 9.97981E-05 9.97981E-05 0.0107472 9.97981E-05 9.97981E-05 0.0308004 9.97981E-05 9.97981E-05 9.97981E-05 0.11257 9.97981E-05 9.97981E-05 9.97981E-05 9.97981E-05 9.97981E-05 9.97981E-05 9.97981E-05 9.97981E-05 9.97981E-05 9.97981E-05 9.97981E-05 9.97981E-05 9.97981E-05 0.0300729 9.97981E-05
0.0880292 9.98246E-05 9.98246E-05 0.595743 0.00103576 9.98246E-05 9.98246E-05 9.98246E-05 9.98246E-05 9.98246E-05 9.98246E-05 0.0844597 9.98246E-05 0.0586865 9.98246E-05 9.98246E-05 9.98246E-05 9.98246E-05 9.98246E-05 9.98246E-05 9.98246E-05 9.98246E-05 0.0397687 9.98246E-05 9.98246E-05 9.98246E-05 0.00610012 0.0552967 0.0688842
9.97633E-05 9.97633E-05 9.97633E-05 9.97633E-05 9.97633E-05 9.97633E-05 9.97633E-05 9.97633E-05 9.97633E-05 9.97633E-05 9.97633E-05 9.97633E-05 0.967004 9.97633E-05 9.97633E-05 9.97633E-05 9.97633E-05 0.030302 9.97633E-05 9.97633E-05 9.97633E-05 9.97633E-05 9.97633E-05 9.97633E-05 9.97633E-05 9.97633E-05 9.97633E-05 9.97633E-05 9.97633E-05
9.97808E-05 0.114627 9.97808E-05 9.97808E-05 9.97808E-05 9.97808E-05 9.97808E-05 9.97808E-05 9.97808E-05 9.97808E-05 9.97808E-05 0.83614 9.97808E-05 9.97808E-05 9.97808E-05 9.97808E-05 9.97808E-05 9.97808E-05 9.97808E-05 9.97808E-05 9.97808E-05 9.97808E-05 9.97808E-05 9.97808E-05 9.97808E-05 9.97808E-05 0.0445524 0.00218623 9.97808E-05
9.97899E-05 9.97899E-05 9.97899E-05 9.97899E-05 9.97899E-05 9.97899E-05 9.97899E-05 9.97899E-05 9.97899E-05 9.97899E-05 9.97899E-05 0.581406 0.274864 9.97899E-05 9.97899E-05 9.97899E-05 0.0393746 9.97899E-05 0.00889269 9.97899E-05 0.0930677 9.97899E-05 9.97899E-05 9.97899E-05 9.97899E-05 9.97899E-05 9.97899E-05 9.97899E-05 9.97899E-05
0.0197534 9.97984E-05 0.0849064 0.772376 9.97984E-05 9.97984E-05 9.97984E-05 9.97984E-05 9.97984E-05 9.97984E-05 0.0199242 9.97984E-05 9.97984E-05 9.97984E-05 9.97984E-05 9.97984E-05 9.97984E-05 0.0447011 0.0560433 9.97984E-05 9.97984E-05 9.97984E-05 9.97984E-05 9.97984E-05 9.97984E-05 9.97984E-05 9.97984E-05 9.97984E-05 9.97984E-05
0.133601 9.98247E-05 0.00537732 9.98247E-05 9.98247E-05 9.98247E-05 9.98247E-05 9.98247E-05 9.98247E-05 0.0101124 9.98247E-05 0.584324 9.98247E-05 9.98247E-05 9.98247E-05 9.98247E-05 9.98247E-05 9.98247E-05 0.0833899 0.00360222 9.98247E-05 9.98247E-05 0.0408609 9.98247E-05 0.134147 9.98247E-05 9.98247E-05 0.00258914 9.98247E-05
0.0946122 9.98157E-05 9.98157E-05 0.560728 9.98157E-05 9.98157E-05 9.98157E-05 9.98157E-05 9.98157E-05 9.98157E-05 9.98157E-05 0.110744 9.98157E-05 9.98157E-05 9.98157E-05 9.98157E-05 0.0291675 9.98157E-05 9.98157E-05 0.006764 0.0623287 9.98157E-05 0.11229 0.0212694 9.98157E-05 9.98157E-05 9.98157E-05 9.98157E-05 9.98157E-05
9.97546E-05 9.97546E-05 9.97546E-05 9.97546E-05 9.97546E-05 9.97546E-05 9.97546E-05 9.97546E-05 9.97546E-05 9.97546E-05 9.97546E-05 0.997207 9.97546E-05 9.97546E-05 9.97546E-05 9.97546E-05 9.97546E-05 9.97546E-05 9.97546E-05 9.97546E-05 9.97546E-05 9.97546E-05 9.97546E-05 9.97546E-05 9.97546E-05 9.97546E-05 9.97546E-05 9.97546E-05 9.97546E-05
0.086429 9.97986E-05 9.97986E-05 9.97986E-05 9.97986E-05 9.97986E-05 0.0253496 9.97986E-05 9.97986E-05 9.97986E-05 9.97986E-05 9.97986E-05 0.633094 9.97986E-05 9.97986E-05 9.97986E-05 9.97986E-05 9.97986E-05 9.97986E-05 9.97986E-05 9.97986E-05 0.0372765 9.97986E-05 9.97986E-05 9.97986E-05 9.97986E-05 0.130286 0.0852695 9.97986E-05
9.97808E-05 9.97808E-05 9.97808E-05 9.97808E-05 9.97808E-05 9.97808E-05 9.97808E-05 9.97808E-05 9.97808E-05 9.97808E-05 0.0216749 9.97808E-05 0.894638 9.97808E-05 9.97808E-05 9.97808E-05 9.97808E-05 9.97808E-05 9.97808E-05 9.97808E-05 9.97808E-05 9.97808E-05 9.97808E-05 9.97808E-05 0.0429583 9.97808E-05 0.0382342 9.97808E-05 9.97808E-05
0.122754 9.98158E-05 0.0975883 9.98158E-05 9.98158E-05 0.0168362 0.197547 9.98158E-05 9.98158E-05 0.00470953 9.98158E-05 0.437886 9.98158E-05 9.98158E-05 9.98158E-05 9.98158E-05 9.98158E-05 9.98158E-05 9.98158E-05 9.98158E-05 9.98158E-05 0.0572121 9.98158E-05 9.98158E-05 9.98158E-05 9.98158E-05 9.98158E-05 0.063371 9.98158E-05
0.16254 0.175576 9.97896E-05 0.363992 9.97896E-05 9.97896E-05 9.97896E-05 9.97896E-05 9.97896E-05 9.97896E-05 9.97896E-05 9.97896E-05 9.97896E-05 9.97896E-05 9.97896E-05 9.97896E-05 9.97896E-05 9.97896E-05 9.97896E-05 9.97896E-05 0.0379543 9.97896E-05 9.97896E-05 9.97896E-05 9.97896E-05 9.97896E-05 9.97896E-05 0.257543 9.97896E-05
9.97807E-05 9.97807E-05 9.97807E-05 9.97807E-05 9.97807E-05 9.97807E-05 9.97807E-05 0.0623338 0.0327822 9.97807E-05 9.97807E-05 0.896524 9.97807E-05 9.97807E-05 9.97807E-05 9.97807E-05 9.97807E-05 9.97807E-05 9.97807E-05 9.97807E-05 9.97807E-05 9.97807E-05 9.97807E-05 9.97807E-05 9.97807E-05 0.00586509 9.97807E-05 9.97807E-05 9.97807E-05
0.0111768 0.0177922 0.0028934 0.518097 9.97895E-05 9.97895E-05 9.97895E-05 9.97895E-05 9.97895E-05 9.97895E-05 9.97895E-05 9.97895E-05 0.447645 9.97895E-05 9.97895E-05 9.97895E-05 9.97895E-05 9.97895E-05 9.97895E-05 9.97895E-05 9.97895E-05 9.97895E-05 9.97895E-05 9.97895E-05 9.97895E-05 9.97895E-05 9.97895E-05 9.97895E-05 9.97895E-05
9.97545E-05 9.97545E-05 9.97545E-05 9.97545E-05 9.97545E-05 9.97545E-05 9.97545E-05 9.97545E-05 9.97545E-05 9.97545E-05 9.97545E-05 0.997207 9.97545E-05 9.97545E-05 9.97545E-05 9.97545E-05 9.97545E-05 9.97545E-05 9.97545E-05 9.97545E-05 9.97545E-05 9.97545E-05 9.97545E-05 9.97545E-05 9.97545E-05 9.97545E-05 9.97545E-05 9.97545E-05 9.97545E-05
0.117861 9.9807E-05 9.9807E-05 9.9807E-05 9.9807E-05 9.9807E-05 0.0115124 9.9807E-05 9.9807E-05 0.0361909 9.9807E-05 9.9807E-05 0.729717 9.9807E-05 9.9807E-05 9.9807E-05 9.9807E-05 9.9807E-05 9.9807E-05 0.0155077 0.0124734 9.9807E-05 9.9807E-05 9.9807E-05 9.9807E-05 9.9807E-05 9.9807E-05 0.0745427 9.9807E-05
9.97723E-05 9.97723E-05 9.97723E-05 0.91787 9.97723E-05 9.97723E-05 9.97723E-05 9.97723E-05 9.97723E-05 9.97723E-05 9.97723E-05 9.97723E-05 9.97723E-05 9.97723E-05 9.97723E-05 9.97723E-05 0.0145009 9.97723E-05 9.97723E-05 9.97723E-05 0.0650345 9.97723E-05 9.97723E-05 9.97723E-05 9.97723E-05 9.97723E-05 9.97723E-05 9.97723E-05 9.97723E-05
0.1392 0.00729378 0.0193752 0.0949545 9.98508E-05 0.102704 0.139685 9.98508E-05 9.98508E-05 0.0719545 9.98508E-05 9.98508E-05 0.274308 9.98508E-05 9.98508E-05 9.98508E-05 9.98508E-05 0.0198616 9.98508E-05 9.98508E-05 9.98508E-05 0.0404264 9.98508E-05 9.98508E-05 9.98508E-05 0.0260306 0.0625091 9.98508E-05 9.98508E-05
9.97893E-05 0.0727433 9.97893E-05 0.783385 9.97893E-05 9.97893E-05 9.97893E-05 9.97893E-05 9.97893E-05 9.97893E-05 9.97893E-05 9.97893E-05 9.97893E-05 9.97893E-05 9.97893E-05 9.97893E-05 9.97893E-05 9.97893E-05 9.97893E-05 0.00353876 9.97893E-05 0.0155659 9.97893E-05 9.97893E-05 9.97893E-05 9.97893E-05 9.97893E-05 0.122372 9.97893E-05
9.97809E-05 9.97809E-05 9.97809E-05 9.97809E-05 9.97809E-05 9.97809E-05 9.97809E-05 9.97809E-05 9.97809E-05 9.97809E-05 9.97809E-05 0.0167406 0.909814 0.0394486 9.97809E-05 9.97809E-05 9.97809E-05 9.97809E-05 9.97809E-05 9.97809E-05 9.97809E-05 9.97809E-05 9.97809E-05 9.97809E-05 9.97809E-05 9.97809E-05 9.97809E-05 9.97809E-05 0.0315024
9.97809E-05 9.97809E-05 9.97809E-05 0.737578 9.97809E-05 9.97809E-05 9.97809E-05 9.97809E-05 9.97809E-05 9.97809E-05 9.97809E-05 9.97809E-05 9.97809E-05 9.97809E-05 9.97809E-05 9.97809E-05 9.97809E-05 9.97809E-05 9.97809E-05 0.0581442 9.97809E-05 9.97809E-05 9.97809E-05 0.141256 9.97809E-05 9.97809E-05 9.97809E-05 9.97809E-05 0.0605274
0.0589251 9.979E-05 9.979E-05 9.979E-05 9.979E-05 9.979E-05 9.979E-05 9.979E-05 9.979E-05 9.979E-05 9.979E-05 0.0154091 0.844593 9.979E-05 0.0468087 9.979E-05 9.979E-05 9.979E-05 9.979E-05 0.0318689 9.979E-05 9.979E-05 9.979E-05 9.979E-05 9.979E-05 9.979E-05 9.979E-05 9.979E-05 9.979E-05
9.97811E-05 9.97811E-05 9.97811E-05 9.97811E-05 9.97811E-05 9.97811E-05 9.97811E-05 9.97811E-05 9.97811E-05 9.97811E-05 0.00395382 0.83838 9.97811E-05 9.97811E-05 9.97811E-05 9.97811E-05 9.97811E-05 0.0613158 9.97811E-05 9.97811E-05 9.97811E-05 9.97811E-05 0.0938554 9.97811E-05 9.97811E-05 9.97811E-05 9.97811E-05 9.97811E-05 9.97811E-05
9.9772E-05 9.9772E-05 9.9772E-05 9.9772E-05 9.9772E-05 9.9772E-05 9.9772E-05 9.9772E-05 9.9772E-05 9.9772E-05 9.9772E-05 0.916362 9.9772E-05 9.9772E-05 9.9772E-05 9.9772E-05 9.9772E-05 9.9772E-05 9.9772E-05 9.9772E-05 0.0129306 9.9772E-05 9.9772E-05 9.9772E-05 9.9772E-05 9.9772E-05 9.9772E-05 9.9772E-05 0.068113
9.97634E-05 0.0666283 9.97634E-05 0.930678 9.97634E-05 9.97634E-05 9.97634E-05 9.97634E-05 9.97634E-05 9.97634E-05 9.97634E-05 9.97634E-05 9.97634E-05 9.97634E-05 9.97634E-05 9.97634E-05 9.97634E-05 9.97634E-05 9.97634E-05 9.97634E-05 9.97634E-05 9.97634E-05 9.97634E-05 9.97634E-05 9.97634E-05 9.97634E-05 9.97634E-05 9.97634E-05 9.97634E-05
0.0164971 9.97809E-05 9.97809E-05 0.217931 9.97809E-05 9.97809E-05 9.97809E-05 9.97809E-05 9.97809E-05 9.97809E-05 9.97809E-05 9.97809E-05 0.697235 9.97809E-05 9.97809E-05 0.0658425 9.97809E-05 9.97809E-05 9.97809E-05 9.97809E-05 9.97809E-05 9.97809E-05 9.97809E-05 9.97809E-05 9.97809E-05 9.97809E-05 9.97809E-05 9.97809E-05 9.97809E-05
0.0841625 9.97894E-05 0.00232324 9.97894E-05 9.97894E-05 9.97894E-05 0.822772 9.97894E-05 9.97894E-05 9.97894E-05 9.97894E-05 9.97894E-05 9.97894E-05 0.0659007 9.97894E-05 0.0224462 9.97894E-05 9.97894E-05 9.97894E-05 9.97894E-05 9.97894E-05 9.97894E-05 9.97894E-05 9.97894E-05 9.97894E-05 9.97894E-05 9.97894E-05 9.97894E-05 9.97894E-05
9.97632E-05 0.00294346 9.97632E-05 9.97632E-05 9.97632E-05 9.97632E-05 9.97632E-05 9.97632E-05 9.97632E-05 9.97632E-05 0.994363 9.97632E-05 9.97632E-05 9.97632E-05 9.97632E-05 9.97632E-05 9.97632E-05 9.97632E-05 9.97632E-05 9.97632E-05 9.97632E-05 9.97632E-05 9.97632E-05 9.97632E-05 9.97632E-05 9.97632E-05 9.97632E-05 9.97632E-05 9.97632E-05
9.97718E-05 9.97718E-05 9.97718E-05 9.97718E-05 9.97718E-05 9.97718E-05 0.217777 9.97718E-05 9.97718E-05 9.97718E-05 0.656138 9.97718E-05 9.97718E-05 9.97718E-05 9.97718E-05 9.97718E-05 9.97718E-05 9.97718E-05 9.97718E-05 9.97718E-05 9.97718E-05 9.97718E-05 9.97718E-05 9.97718E-05 9.97718E-05 9.97718E-05 9.97718E-05 9.97718E-05 0.123491
9.97896E-05 9.97896E-05 0.0832677 9.97896E-05 9.97896E-05 9.97896E-05 0.445087 9.97896E-05 9.97896E-05 9.97896E-05 9.97896E-05 9.97896E-05 9.97896E-05 0.156267 9.97896E-05 9.97896E-05 0.0353462 9.97896E-05 0.277637 9.97896E-05 9.97896E-05 9.97896E-05 9.97896E-05 9.97896E-05 9.97896E-05 9.97896E-05 9.97896E-05 9.97896E-05 9.97896E-05
9.97891E-05 9.97891E-05 0.041361 9.97891E-05 9.97891E-05 9.97891E-05 0.839379 9.97891E-05 0.0530285 9.97891E-05 9.97891E-05 9.97891E-05 9.97891E-05 9.97891E-05 9.97891E-05 9.97891E-05 0.027583 9.97891E-05 9.97891E-05 9.97891E-05 9.97891E-05 9.97891E-05 9.97891E-05 9.97891E-05 9.97891E-05 9.97891E-05 9.97891E-05 0.0362532 9.97891E-05
0.153685 9.97715E-05 9.97715E-05 9.97715E-05 9.97715E-05 9.97715E-05 0.836505 9.97715E-05 9.97715E-05 9.97715E-05 9.97715E-05 9.97715E-05 9.97715E-05 0.00721639 9.97715E-05 9.97715E-05 9.97715E-05 9.97715E-05 9.97715E-05 9.97715E-05 9.97715E-05 9.97715E-05 9.97715E-05 9.97715E-05 9.97715E-05 9.97715E-05 9.97715E-05 9.97715E-05 9.97715E-05
0.0805676 0.0295211 0.0213421 9.97981E-05 9.97981E-05 9.97981E-05 0.712411 9.97981E-05 9.97981E-05 0.0328258 9.97981E-05 9.97981E-05 9.97981E-05 9.97981E-05 9.97981E-05 9.97981E-05 9.97981E-05 9.97981E-05 0.121037 9.97981E-05 9.97981E-05 9.97981E-05 9.97981E-05 9.97981E-05 9.97981E-05 9.97981E-05 9.97981E-05 9.97981E-05 9.97981E-05
0.0589372 9.9798E-05 0.0842146 9.9798E-05 9.9798E-05 9.9798E-05 0.723927 9.9798E-05 9.9798E-05 9.9798E-05 9.9798E-05 9.9798E-05 9.9798E-05 9.9798E-05 9.9798E-05 9.9798E-05 0.0397556 9.9798E-05 0.0317806 9.9798E-05 9.9798E-05 9.9798E-05 9.9798E-05 9.9798E-05 9.9798E-05 9.9798E-05 9.9798E-05 9.9798E-05 0.0590894
9.9772E-05 9.9772E-05 9.9772E-05 9.9772E-05 9.9772E-05 9.9772E-05 0.662555 9.9772E-05 9.9772E-05 9.9772E-05 0.282407 9.9772E-05 9.9772E-05 9.9772E-05 9.9772E-05 9.9772E-05 9.9772E-05 9.9772E-05 9.9772E-05 9.9772E-05 9.9772E-05 9.9772E-05 9.9772E-05 9.9772E-05 9.9772E-05 9.9772E-05 0.0524438 9.9772E-05 9.9772E-05
9.97634E-05 0.0198496 9.97634E-05 9.97634E-05 9.97634E-05 9.97634E-05 0.977457 9.97634E-05 9.97634E-05 9.97634E-05 9.97634E-05 9.97634E-05 9.97634E-05 9.97634E-05 9.97634E-05 9.97634E-05 9.97634E-05 9.97634E-05 9.97634E-05 9.97634E-05 9.97634E-05 9.97634E-05 9.97634E-05 9.97634E-05 9.97634E-05 9.97634E-05 9.97634E-05 9.97634E-05 9.97634E-05
0.150339 9.97803E-05 0.034328 9.97803E-05 9.97803E-05 9.97803E-05 0.71164 9.97803E-05 9.97803E-05 0.101199 9.97803E-05 9.97803E-05 9.97803E-05 9.97803E-05 9.97803E-05 9.97803E-05 9.97803E-05 9.97803E-05 9.97803E-05 9.97803E-05 9.97803E-05 9.97803E-05 9.97803E-05 9.97803E-05 9.97803E-05 9.97803E-05 9.97803E-05 9.97803E-05 9.97803E-05
0.0468196 0.0115391 9.98332E-05 9.98332E-05 9.98332E-05 9.98332E-05 0.570931 9.98332E-05 9.98332E-05 0.0271277 9.98332E-05 9.98332E-05 9.98332E-05 9.98332E-05 9.98332E-05 9.98332E-05 9.98332E-05 0.00870706 0.0529742 0.118876 0.0134649 9.98332E-05 9.98332E-05 9.98332E-05 9.98332E-05 0.0405986 9.98332E-05 0.107065 9.98332E-05
9.9798E-05 9.9798E-05 0.118148 9.9798E-05 9.9798E-05 9.9798E-05 0.610721 9.9798E-05 9.9798E-05 0.0319396 9.9798E-05 9.9798E-05 9.9798E-05 9.9798E-05 0.0636971 9.9798E-05 9.9798E-05 9.9798E-05 9.9798E-05 0.0923891 9.9798E-05 9.9798E-05 9.9798E-05 9.9798E-05 9.9798E-05 0.0808099 9.9798E-05 9.9798E-05 9.9798E-05
0.164515 9.98068E-05 9.98068E-05 9.98068E-05 9.98068E-05 9.98068E-05 0.536689 9.98068E-05 9.98068E-05 9.98068E-05 9.98068E-05 9.98068E-05 9.98068E-05 9.98068E-05 0.0508868 9.98068E-05 9.98068E-05 9.98068E-05 0.0630593 0.0159381 0.020043 9.98068E-05 9.98068E-05 9.98068E-05 9.98068E-05 9.98068E-05 9.98068E-05 0.146673 9.98068E-05
9.97813E-05 9.97813E-05 9.97813E-05 9.97813E-05 9.97813E-05 9.97813E-05 0.677081 9.97813E-05 9.97813E-05 9.97813E-05 0.206275 9.97813E-05 9.97813E-05 9.97813E-05 9.97813E-05 9.97813E-05 9.97813E-05 9.97813E-05 9.97813E-05 9.97813E-05 9.97813E-05 9.97813E-05 9.97813E-05 0.0486797 9.97813E-05 9.97813E-05 0.0654693 9.97813E-05 9.97813E-05
9.97724E-05 9.97724E-05 9.97724E-05 9.97724E-05 0.000570025 9.97724E-05 0.985806 9.97724E-05 9.97724E-05 9.97724E-05 0.0110303 9.97724E-05 9.97724E-05 9.97724E-05 9.97724E-05 9.97724E-05 9.97724E-05 9.97724E-05 9.97724E-05 9.97724E-05 9.97724E-05 9.97724E-05 9.97724E-05 9.97724E-05 9.97724E-05 9.97724E-05 9.97724E-05 9.97724E-05 9.97724E-05
9.97804E-05 9.97804E-05 9.97804E-05 9.97804E-05 9.97804E-05 9.97804E-05 0.75636 9.97804E-05 9.97804E-05 9.97804E-05 9.97804E-05 9.97804E-05 9.97804E-05 9.97804E-05 9.97804E-05 0.214779 0.0222926 9.97804E-05 9.97804E-05 9.97804E-05 0.00407311 9.97804E-05 9.97804E-05 9.97804E-05 9.97804E-05 9.97804E-05 9.97804E-05 9.97804E-05 9.97804E-05
9.97982E-05 0.0109893 9.97982E-05 9.97982E-05 9.97982E-05 9.97982E-05 0.750508 9.97982E-05 9.97982E-05 0.0799828 9.97982E-05 9.97982E-05 9.97982E-05 9.97982E-05 9.97982E-05 9.97982E-05 9.97982E-05 9.97982E-05 9.97982E-05 9.97982E-05 0.0614094 9.97982E-05 9.97982E-05 9.97982E-05 9.97982E-05 0.0599191 9.97982E-05 0.0348964 9.97982E-05
9.97721E-05 9.97721E-05 9.97721E-05 9.97721E-05 9.97721E-05 9.97721E-05 0.955191 9.97721E-05 9.97721E-05 0.0258883 9.97721E-05 9.97721E-05 9.97721E-05 9.97721E-05 9.97721E-05 9.97721E-05 9.97721E-05 9.97721E-05 9.97721E-05 9.97721E-05 9.97721E-05 9.97721E-05 9.97721E-05 9.97721E-05 9.97721E-05 9.97721E-05 9.97721E-05 9.97721E-05 0.0163268
0.128804 9.97979E-05 9.97979E-05 9.97979E-05 9.97979E-05 9.97979E-05 0.739181 9.97979E-05 9.97979E-05 0.0155258 9.97979E-05 9.97979E-05 9.97979E-05 9.97979E-05 9.97979E-05 9.97979E-05 9.97979E-05 0.00796816 9.97979E-05 9.97979E-05 9.97979E-05 9.97979E-05 9.97979E-05 0.105246 9.97979E-05 0.00097909 9.97979E-05 9.97979E-05 9.97979E-05
9.97546E-05 9.97546E-05 9.97546E-05 9.97546E-05 9.97546E-05 9.97546E-05 9.97546E-05 9.97546E-05 9.97546E-05 9.97546E-05 0.997207 9.97546E-05 9.97546E-05 9.97546E-05 9.97546E-05 9.97546E-05 9.97546E-05 9.97546E-05 9.97546E-05 9.97546E-05 9.97546E-05 9.97546E-05 9.97546E-05 9.97546E-05 9.97546E-05 9.97546E-05 9.97546E-05 9.97546E-05 9.97546E-05
9.97805E-05 9.97805E-05 9.97805E-05 9.97805E-05 9.97805E-05 9.97805E-05 0.754268 9.97805E-05 9.97805E-05 9.97805E-05 9.97805E-05 9.97805E-05 9.97805E-05 9.97805E-05 9.97805E-05 9.97805E-05 9.97805E-05 9.97805E-05 0.00970028 9.97805E-05 0.031138 9.97805E-05 9.97805E-05 9.97805E-05 9.97805E-05 9.97805E-05 9.97805E-05 0.2024 9.97805E-05
9.97724E-05 9.97724E-05 9.97724E-05 9.97724E-05 9.97724E-05 0.0689953 0.740374 9.97724E-05 9.97724E-05 9.97724E-05 9.97724E-05 9.97724E-05 9.97724E-05 0.188037 9.97724E-05 9.97724E-05 9.97724E-05 9.97724E-05 9.97724E-05 9.97724E-05 9.97724E-05 9.97724E-05 9.97724E-05 9.97724E-05 9.97724E-05 9.97724E-05 9.97724E-05 9.97724E-05 9.97724E-05
9.97984E-05 9.97984E-05 0.0137608 9.97984E-05 9.97984E-05 0.0494925 0.758214 9.97984E-05 9.97984E-05 9.97984E-05 0.0226236 9.97984E-05 9.97984E-05 9.97984E-05 9.97984E-05 9.97984E-05 9.97984E-05 9.97984E-05 9.97984E-05 9.97984E-05 0.0998448 9.97984E-05 9.97984E-05 9.97984E-05 9.97984E-05 9.97984E-05 9.97984E-05 9.97984E-05 0.0537685
0.00527749 9.97806E-05 9.97806E-05 9.97806E-05 9.97806E-05 9.97806E-05 0.783329 9.97806E-05 9.97806E-05 0.0934494 9.97806E-05 9.97806E-05 9.97806E-05 9.97806E-05 9.97806E-05 9.97806E-05 9.97806E-05 9.97806E-05 9.97806E-05 9.97806E-05 9.97806E-05 9.97806E-05 9.97806E-05 9.97806E-05 9.97806E-05 0.115449 9.97806E-05 9.97806E-05 9.97806E-05
0.00444887 9.9772E-05 0.0210495 9.9772E-05 9.9772E-05 9.9772E-05 9.9772E-05 9.9772E-05 9.9772E-05 9.9772E-05 0.971908 9.9772E-05 9.9772E-05 9.9772E-05 9.9772E-05 9.9772E-05 9.9772E-05 9.9772E-05 9.9772E-05 9.9772E-05 9.9772E-05 9.9772E-05 9.9772E-05 9.9772E-05 9.9772E-05 9.9772E-05 9.9772E-05 9.9772E-05 9.9772E-05
9.97724E-05 9.97724E-05 9.97724E-05 9.97724E-05 9.97724E-05 9.97724E-05 0.975152 9.97724E-05 9.97724E-05 9.97724E-05 9.97724E-05 9.97724E-05 9.97724E-05 9.97724E-05 9.97724E-05 9.97724E-05 9.97724E-05 9.97724E-05 9.97724E-05 9.97724E-05 9.97724E-05 9.97724E-05 9.97724E-05 9.97724E-05 0.00876136 9.97724E-05 9.97724E-05 0.0134927 9.97724E-05
9.97543E-05 9.97543E-05 9.97543E-05 9.97543E-05 9.97543E-05 9.97543E-05 9.97543E-05 9.97543E-05 9.97543E-05 9.97543E-05 0.997207 9.97543E-05 9.97543E-05 9.97543E-05 9.97543E-05 9.97543E-05 9.97543E-05 9.97543E-05 9.97543E-05 9.97543E-05 9.97543E-05 9.97543E-05 9.97543E-05 9.97543E-05 9.97543E-05 9.97543E-05 9.97543E-05 9.97543E-05 9.97543E-05
9.97634E-05 9.97634E-05 9.97634E-05 9.97634E-05 9.97634E-05 9.97634E-05 0.92105 9.97634E-05 9.97634E-05 9.97634E-05 9.97634E-05 9.97634E-05 9.97634E-05 9.97634E-05 9.97634E-05 9.97634E-05 9.97634E-05 9.97634E-05 9.97634E-05 9.97634E-05 9.97634E-05 9.97634E-05 9.97634E-05 9.97634E-05 9.97634E-05 9.97634E-05 9.97634E-05 9.97634E-05 0.0762563
0.116682 9.97808E-05 0.064957 9.97808E-05 9.97808E-05 9.97808E-05 9.97808E-05 9.97808E-05 9.97808E-05 9.97808E-05 0.578215 9.97808E-05 9.97808E-05 9.97808E-05 9.97808E-05 9.97808E-05 9.97808E-05 9.97808E-05 9.97808E-05 9.97808E-05 9.97808E-05 9.97808E-05 9.97808E-05 9.97808E-05 0.237651 9.97808E-05 9.97808E-05 9.97808E-05 9.97808E-05
0.111044 9.97895E-05 0.0454767 9.97895E-05 9.97895E-05 0.265618 9.97895E-05 9.97895E-05 9.97895E-05 9.97895E-05 9.97895E-05 9.97895E-05 9.97895E-05 0.172047 9.97895E-05 9.97895E-05 9.97895E-05 9.97895E-05 9.97895E-05 9.97895E-05 9.97895E-05 9.97895E-05 0.403418 9.97895E-05 9.97895E-05 9.97895E-05 9.97895E-05 9.97895E-05 9.97895E-05
9.9772E-05 9.9772E-05 9.9772E-05 9.9772E-05 9.9772E-05 9.9772E-05 9.9772E-05 9.9772E-05 9.9772E-05 9.9772E-05 9.9772E-05 9.9772E-05 9.9772E-05 0.133144 9.9772E-05 9.9772E-05 9.9772E-05 9.9772E-05 9.9772E-05 9.9772E-05 9.9772E-05 9.9772E-05 0.121448 9.9772E-05 0.742814 9.9772E-05 9.9772E-05 9.9772E-05 9.9772E-05
0.0117406 9.97981E-05 9.97981E-05 9.97981E-05 9.97981E-05 9.97981E-05 9.97981E-05 9.97981E-05 9.97981E-05 9.97981E-05 9.97981E-05 9.97981E-05 9.97981E-05 0.608977 0.00787081 9.97981E-05 9.97981E-05 9.97981E-05 9.97981E-05 9.97981E-05 9.97981E-05 9.97981E-05 0.33821 0.0169794 9.97981E-05 9.97981E-05 9.97981E-05 9.97981E-05 0.0139262
0.138807 9.97893E-05 0.029367 9.97893E-05 9.97893E-05 9.97893E-05 9.97893E-05 9.97893E-05 9.97893E-05 9.97893E-05 9.97893E-05 9.97893E-05 9.97893E-05 0.367857 9.97893E-05 9.97893E-05 9.97893E-05 9.97893E-05 9.97893E-05 9.97893E-05 9.97893E-05 9.97893E-05 0.43107 9.97893E-05 9.97893E-05 9.97893E-05 9.97893E-05 9.97893E-05 0.0305052
9.97891E-05 9.97891E-05 9.97891E-05 9.97891E-05 9.97891E-05 0.209086 9.97891E-05 9.97891E-05 9.97891E-05 9.97891E-05 9.97891E-05 9.97891E-05 9.97891E-05 0.302785 9.97891E-05 9.97891E-05 9.97891E-05 9.97891E-05 9.97891E-05 9.97891E-05 9.97891E-05 9.97891E-05 0.423382 0.00175607 9.97891E-05 0.0605955 9.97891E-05 9.97891E-05 9.97891E-05
0.12008 9.97982E-05 0.0873574 9.97982E-05 0.00123314 0.66877 9.97982E-05 9.97982E-05 9.97982E-05 9.97982E-05 9.97982E-05 9.97982E-05 9.97982E-05 9.97982E-05 9.97982E-05 9.97982E-05 9.97982E-05 9.97982E-05 0.0262605 9.97982E-05 9.97982E-05 9.97982E-05 0.0940041 9.97982E-05 9.97982E-05 9.97982E-05 9.97982E-05 9.97982E-05 9.97982E-05
9.97717E-05 9.97717E-05 9.97717E-05 9.97717E-05 9.97717E-05 9.97717E-05 9.97717E-05 9.97717E-05 9.97717E-05 9.97717E-05 9.97717E-05 9.97717E-05 9.97717E-05 0.989309 9.97717E-05 9.97717E-05 9.97717E-05 9.97717E-05 9.97717E-05 9.97717E-05 9.97717E-05 9.97717E-05 9.97717E-05 9.97717E-05 9.97717E-05 0.00791884 9.97717E-05 9.97717E-05 0.000177859
9.97718E-05 9.97718E-05 0.149524 9.97718E-05 9.97718E-05 0.26106 9.97718E-05 9.97718E-05 9.97718E-05 9.97718E-05 9.97718E-05 9.97718E-05 9.97718E-05 0.586822 9.97718E-05 9.97718E-05 9.97718E-05 9.97718E-05 9.97718E-05 9.97718E-05 9.97718E-05 9.97718E-05 9.97718E-05 9.97718E-05 9.97718E-05 9.97718E-05 9.97718E-05 9.97718E-05 9.97718E-05
9.97891E-05 9.97891E-05 0.281843 9.97891E-05 9.97891E-05 9.97891E-05 9.97891E-05 9.97891E-05 9.97891E-05 9.97891E-05 9.97891E-05 9.97891E-05 9.97891E-05 0.377564 9.97891E-05 9.97891E-05 9.97891E-05 9.97891E-05 0.210943 9.97891E-05 9.97891E-05 9.97891E-05 0.0081923 9.97891E-05 9.97891E-05 9.97891E-05 0.119063 9.97891E-05 9.97891E-05
0.243661 9.97721E-05 0.205132 9.97721E-05 9.97721E-05 9.97721E-05 9.97721E-05 9.97721E-05 9.97721E-05 9.97721E-05 9.97721E-05 9.97721E-05 9.97721E-05 0.548613 9.97721E-05 9.97721E-05 9.97721E-05 9.97721E-05 9.97721E-05 9.97721E-05 9.97721E-05 9.97721E-05 9.97721E-05 9.97721E-05 9.97721E-05 9.97721E-05 9.97721E-05 9.97721E-05 9.97721E-05
0.0504793 9.97896E-05 9.97896E-05 9.97896E-05 0.314049 9.97896E-05 9.97896E-05 9.97896E-05 9.97896E-05 0.0173042 9.97896E-05 9.97896E-05 9.97896E-05 9.97896E-05 9.97896E-05 9.97896E-05 9.97896E-05 9.97896E-05 0.102377 9.97896E-05 9.97896E-05 9.97896E-05 0.513396 9.97896E-05 9.97896E-05 9.97896E-05 9.97896E-05 9.97896E-05 9.97896E-05
0.0600972 9.98071E-05 9.98071E-05 9.98071E-05 0.0300832 0.303739 9.98071E-05 9.98071E-05 9.98071E-05 9.98071E-05 9.98071E-05 9.98071E-05 0.0125523 0.165118 9.98071E-05 9.98071E-05 9.98071E-05 9.98071E-05 9.98071E-05 9.98071E-05 9.98071E-05 9.98071E-05 0.423665 9.98071E-05 9.98071E-05 0.00254974 9.98071E-05 9.98071E-05 9.98071E-05
9.97722E-05 9.97722E-05 9.97722E-05 9.97722E-05 9.97722E-05 0.102801 9.97722E-05 9.97722E-05 9.97722E-05 9.97722E-05 9.97722E-05 9.97722E-05 9.97722E-05 0.805057 9.97722E-05 9.97722E-05 9.97722E-05 9.97722E-05 9.97722E-05 9.97722E-05 9.97722E-05 9.97722E-05 0.089548 9.97722E-05 9.97722E-05 9.97722E-05 9.97722E-05 9.97722E-05 9.97722E-05
0.223884 9.97984E-05 0.124557 9.97984E-05 0.0875197 0.482221 9.97984E-05 9.97984E-05 9.97984E-05 9.97984E-05 9.97984E-05 9.97984E-05 9.97984E-05 0.0165377 9.97984E-05 9.97984E-05 9.97984E-05 9.97984E-05 9.97984E-05 9.97984E-05 9.97984E-05 9.97984E-05 0.0629843 9.97984E-05 9.97984E-05 9.97984E-05 9.97984E-05 9.97984E-05 9.97984E-05
9.9816E-05 9.9816E-05 0.0255593 9.9816E-05 9.9816E-05 9.9816E-05 9.9816E-05 9.9816E-05 9.9816E-05 0.00741126 9.9816E-05 9.9816E-05 9.9816E-05 0.526985 9.9816E-05 9.9816E-05 9.9816E-05 9.9816E-05 9.9816E-05 0.0171881 9.9816E-05 9.9816E-05 0.277325 9.9816E-05 0.0228141 0.0221416 9.9816E-05 9.9816E-05 0.0984788
0.128635 9.98158E-05 9.98158E-05 9.98158E-05 9.98158E-05 9.98158E-05 9.98158E-05 9.98158E-05 0.00478609 0.0250434 9.98158E-05 9.98158E-05 9.98158E-05 0.014227 9.98158E-05 0.0250501 9.98158E-05 9.98158E-05 9.98158E-05 9.98158E-05 9.98158E-05 9.98158E-05 0.701306 9.98158E-05 0.00790036 9.98158E-05 0.0909559 9.98158E-05 9.98158E-05
9.9801E-05 9.9801E-05 9.9801E-05 9.9801E-05 9.9801E-05 0.431799 9.9801E-05 9.9801E-05 9.9801E-05 0.0121758 9.9801E-05 9.9801E-05 9.9801E-05 0.365917 9.9801E-05 9.9801E-05 9.9801E-05 0.00223933 0.172518 9.9801E-05 9.9801E-05 9.9801E-05 0.0130555 9.9801E-05 9.9801E-05 9.9801E-05 9.9801E-05 9.9801E-05 9.9801E-05
9.9816E-05 9.9816E-05 0.0491279 0.0336193 9.9816E-05 0.13228 9.9816E-05 9.9816E-05 9.9816E-05 0.00229757 9.9816E-05 9.9816E-05 9.9816E-05 9.9816E-05 0.0794004 9.9816E-05 0.1032 9.9816E-05 9.9816E-05 9.9816E-05 9.9816E-05 9.9816E-05 0.468339 9.9816E-05 0.12964 9.9816E-05 9.9816E-05 9.9816E-05 9.9816E-05
9.97809E-05 9.97809E-05 9.97809E-05 9.97809E-05 0.102886 9.97809E-05 9.97809E-05 9.97809E-05 9.97809E-05 0.0231677 9.97809E-05 9.97809E-05 9.97809E-05 0.107585 9.97809E-05 9.97809E-05 9.97809E-05 9.97809E-05 9.97809E-05 9.97809E-05 9.97809E-05 9.97809E-05 0.763867 9.97809E-05 9.97809E-05 9.97809E-05 9.97809E-05 9.97809E-05 9.97809E-05
0.0815456 0.0175067 0.0100248 9.98333E-05 9.98333E-05 9.98333E-05 9.98333E-05 9.98333E-05 0.0483518 9.98333E-05 9.98333E-05 9.98333E-05 9.98333E-05 0.0563623 9.98333E-05 9.98333E-05 9.98333E-05 9.98333E-05 9.98333E-05 0.00558992 9.98333E-05 0.0275861 0.396719 9.98333E-05 0.317149 9.98333E-05 0.0372675 9.98333E-05 9.98333E-05
0.153279 0.0239948 0.00279918 9.9807E-05 9.9807E-05 9.9807E-05 9.9807E-05 9.9807E-05 9.9807E-05 9.9807E-05 9.9807E-05 9.9807E-05 9.9807E-05 0.00531062 0.0873146 9.9807E-05 9.9807E-05 9.9807E-05 0.0728168 9.9807E-05 9.9807E-05 9.9807E-05 0.652289 9.9807E-05 9.9807E-05 9.9807E-05 9.9807E-05 9.9807E-05 9.9807E-05
9.97983E-05 9.97983E-05 9.97983E-05 9.97983E-05 9.97983E-05 0.0501685 9.97983E-05 9.97983E-05 9.97983E-05 0.0107236 9.97983E-05 9.97983E-05 9.97983E-05 0.129972 9.97983E-05 9.97983E-05 9.97983E-05 9.97983E-05 9.97983E-05 9.97983E-05 9.97983E-05 9.97983E-05 0.724945 9.97983E-05 9.97983E-05 0.00991641 9.97983E-05 9.97983E-05 0.0719795
0.177658 9.97807E-05 0.15471 9.97807E-05 9.97807E-05 0.647818 9.97807E-05 9.97807E-05 0.0173205 9.97807E-05 9.97807E-05 9.97807E-05 9.97807E-05 9.97807E-05 9.97807E-05 9.97807E-05 9.97807E-05 9.97807E-05 9.97807E-05 9.97807E-05 9.97807E-05 9.97807E-05 9.97807E-05 9.97807E-05 9.97807E-05 9.97807E-05 9.97807E-05 9.97807E-05 9.97807E-05
9.97896E-05 9.97896E-05 0.116885 9.97896E-05 0.0417288 9.97896E-05 9.97896E-05 9.97896E-05 9.97896E-05 9.97896E-05 9.97896E-05 9.97896E-05 9.97896E-05 0.283073 9.97896E-05 9.97896E-05 9.97896E-05 9.97896E-05 9.97896E-05 9.97896E-05 9.97896E-05 9.97896E-05 0.545171 9.97896E-05 0.0107466 9.97896E-05 9.97896E-05 9.97896E-05 9.97896E-05
0.162301 9.97806E-05 0.21065 9.97806E-05 9.97806E-05 0.606225 9.97806E-05 9.97806E-05 0.0183303 9.97806E-05 9.97806E-05 9.97806E-05 9.97806E-05 9.97806E-05 9.97806E-05 9.97806E-05 9.97806E-05 9.97806E-05 9.97806E-05 9.97806E-05 9.97806E-05 9.97806E-05 9.97806E-05 9.97806E-05 9.97806E-05 9.97806E-05 9.97806E-05 9.97806E-05 9.97806E-05
0.071373 9.97984E-05 0.0585193 9.97984E-05 0.146241 9.97984E-05 0.0346811 9.97984E-05 9.97984E-05 9.97984E-05 9.97984E-05 9.97984E-05 9.97984E-05 0.577378 9.97984E-05 9.97984E-05 9.97984E-05 9.97984E-05 0.109512 9.97984E-05 9.97984E-05 9.97984E-05 9.97984E-05 9.97984E-05 9.97984E-05 9.97984E-05 9.97984E-05 9.97984E-05 9.97984E-05
0.0187016 9.98071E-05 9.98071E-05 9.98071E-05 9.98071E-05 0.0403983 9.98071E-05 9.98071E-05 9.98071E-05 9.98071E-05 9.98071E-05 9.98071E-05 9.98071E-05 9.98071E-05 9.98071E-05 9.98071E-05 0.0600699 0.000355679 9.98071E-05 9.98071E-05 9.98071E-05 0.0691435 0.0547194 9.98071E-05 0.754416 9.98071E-05 9.98071E-05 9.98071E-05 9.98071E-05
0.15048 9.98068E-05 0.00745061 9.98068E-05 9.98068E-05 0.208703 9.98068E-05 9.98068E-05 0.0105095 9.98068E-05 9.98068E-05 9.98068E-05 9.98068E-05 0.422933 9.98068E-05 9.98068E-05 9.98068E-05 9.98068E-05 9.98068E-05 9.98068E-05 0.00225047 9.98068E-05 0.195477 9.98068E-05 9.98068E-05 9.98068E-05 9.98068E-05 9.98068E-05 9.98068E-05
0.155599 9.97809E-05 0.236753 9.97809E-05 9.97809E-05 9.97809E-05 9.97809E-05 9.97809E-05 9.97809E-05 9.97809E-05 9.97809E-05 9.97809E-05 9.97809E-05 0.220472 9.97809E-05 9.97809E-05 9.97809E-05 9.97809E-05 9.97809E-05 9.97809E-05 9.97809E-05 9.97809E-05 0.384681 9.97809E-05 9.97809E-05 9.97809E-05 9.97809E-05 9.97809E-05 9.97809E-05
0.0908941 9.98072E-05 9.98072E-05 9.98072E-05 9.98072E-05 0.342304 9.98072E-05 9.98072E-05 0.0530238 0.0212313 9.98072E-05 9.98072E-05 9.98072E-05 0.208489 9.98072E-05 9.98072E-05 9.98072E-05 9.98072E-05 9.98072E-05 9.98072E-05 9.98072E-05 9.98072E-05 0.231197 9.98072E-05 0.0506653 9.98072E-05 9.98072E-05 9.98072E-05 9.98072E-05
0.132063 9.9807E-05 0.032345 9.9807E-05 9.9807E-05 9.9807E-05 9.9807E-05 0.0350124 9.9807E-05 0.016305 9.9807E-05 9.9807E-05 9.9807E-05 0.734957 9.9807E-05 9.9807E-05 9.9807E-05 9.9807E-05 9.9807E-05 0.0123375 9.9807E-05 9.9807E-05 0.0347843 9.9807E-05 9.9807E-05 9.9807E-05 9.9807E-05 9.9807E-05 9.9807E-05
