9.99473E-05 0.00201236 9.99473E-05 0.350093 0.0663858 0.0730734 9.99473E-05 0.0313652 9.99473E-05 9.99473E-05 0.396382 0.0126504 9.99473E-05 0.0674379
9.99122E-05 9.99122E-05 9.99122E-05 0.0740567 0.00598681 9.99122E-05 9.99122E-05 0.171564 9.99122E-05 9.99122E-05 0.747394 9.99122E-05 9.99122E-05 9.99122E-05
9.98947E-05 9.98947E-05 9.98947E-05 9.98947E-05 9.98947E-05 9.98947E-05 9.98947E-05 9.98947E-05 9.98947E-05 9.98947E-05 0.930945 9.98947E-05 9.98947E-05 0.0678564
0.00556614 0.0386834 9.99561E-05 0.0991025 0.0264066 9.99561E-05 9.99561E-05 9.99561E-05 9.99561E-05 0.127388 0.270894 0.340495 0.036702 0.054263
0.0217734 9.99298E-05 0.00884759 9.99298E-05 9.99298E-05 9.99298E-05 9.99298E-05 0.0112451 0.0354336 0.12229 0.799611 9.99298E-05 9.99298E-05 9.99298E-05
9.99299E-05 0.1875 9.99299E-05 0.135069 0.0217205 9.99299E-05 9.99299E-05 0.0710002 0.261291 9.99299E-05 0.32262 9.99299E-05 9.99299E-05 9.99299E-05
9.99386E-05 9.99386E-05 9.99386E-05 0.128962 0.104034 0.02965 0.144655 0.136884 9.99386E-05 9.99386E-05 0.343181 0.111935 9.99386E-05 9.99386E-05
9.99561E-05 0.167208 0.0393472 0.207401 0.00743964 9.99561E-05 0.0997933 9.99561E-05 0.0760508 0.155764 0.236984 0.0095135 9.99561E-05 9.99561E-05
9.9921E-05 0.266179 9.9921E-05 9.9921E-05 9.9921E-05 0.14681 9.9921E-05 9.9921E-05 9.9921E-05 0.0290503 0.315725 9.9921E-05 9.9921E-05 0.241336
9.98946E-05 9.98946E-05 9.98946E-05 9.98946E-05 9.98946E-05 9.98946E-05 9.98946E-05 9.98946E-05 9.98946E-05 9.98946E-05 0.943785 9.98946E-05 9.98946E-05 0.0550166
9.9921E-05 0.0179953 9.9921E-05 0.0969847 0.135773 9.9921E-05 9.9921E-05 9.9921E-05 9.9921E-05 9.9921E-05 0.561789 9.9921E-05 9.9921E-05 0.186559
9.99386E-05 9.99386E-05 9.99386E-05 9.99386E-05 0.00212083 0.00278829 0.0362153 9.99386E-05 0.0273174 0.0292174 0.892512 9.99386E-05 9.99386E-05 0.00912893
9.99034E-05 9.99034E-05 9.99034E-05 0.127052 9.99034E-05 9.99034E-05 9.99034E-05 9.99034E-05 9.99034E-05 9.99034E-05 0.786911 9.99034E-05 9.99034E-05 0.0849376
9.99474E-05 9.99474E-05 9.99474E-05 0.00387584 0.052513 0.00719397 0.0741541 0.0146895 9.99474E-05 9.99474E-05 0.668702 9.99474E-05 0.0854069 0.0928647
9.99473E-05 0.15913 9.99473E-05 0.208715 9.99473E-05 0.00728279 9.99473E-05 0.0121527 0.0707353 9.99473E-05 0.318606 9.99473E-05 0.0560639 0.166715
9.99473E-05 0.197333 0.00893034 0.180412 9.99473E-05 9.99473E-05 0.140814 9.99473E-05 9.99473E-05 0.00948053 0.199329 0.173502 9.99473E-05 0.0895995
9.99386E-05 9.99386E-05 9.99386E-05 9.99386E-05 0.0792881 0.0205731 9.99386E-05 0.10583 9.99386E-05 0.00684549 0.607615 0.161585 9.99386E-05 0.0175637
0.101717 0.0427144 0.175314 0.332133 9.99386E-05 9.99386E-05 9.99386E-05 9.99386E-05 9.99386E-05 0.00283389 0.195096 9.99386E-05 9.99386E-05 0.149492
9.99385E-05 0.28005 0.0503378 0.0121488 0.0240639 9.99385E-05 9.99385E-05 9.99385E-05 0.111563 9.99385E-05 0.383873 9.99385E-05 9.99385E-05 0.137265
9.98859E-05 9.98859E-05 9.98859E-05 9.98859E-05 9.98859E-05 9.98859E-05 9.98859E-05 9.98859E-05 9.98859E-05 9.98859E-05 0.998701 9.98859E-05 9.98859E-05 9.98859E-05
9.99385E-05 0.107146 9.99385E-05 9.99385E-05 0.0791177 0.0151971 9.99385E-05 9.99385E-05 9.99385E-05 0.153104 0.540539 0.0565207 9.99385E-05 0.0476756
9.9921E-05 0.203856 9.9921E-05 0.207588 9.9921E-05 9.9921E-05 9.9921E-05 9.9921E-05 0.268508 0.0515035 0.267646 9.9921E-05 9.9921E-05 9.9921E-05
9.9921E-05 9.9921E-05 9.9921E-05 0.110881 0.045778 9.9921E-05 9.9921E-05 0.0150277 9.9921E-05 9.9921E-05 0.70056 9.9921E-05 9.9921E-05 0.126855
9.99298E-05 9.99298E-05 9.99298E-05 0.2758 9.99298E-05 0.0521957 0.0423505 9.99298E-05 9.99298E-05 9.99298E-05 0.336741 0.0414986 9.99298E-05 0.250615
0.235076 0.138924 9.99297E-05 9.99297E-05 9.99297E-05 0.0228496 9.99297E-05 9.99297E-05 9.99297E-05 9.99297E-05 0.309882 9.99297E-05 0.0428728 0.249597
9.99298E-05 9.99298E-05 9.99298E-05 0.000129627 0.0221038 9.99298E-05 9.99298E-05 9.99298E-05 9.99298E-05 9.99298E-05 0.682985 0.0166309 0.100254 0.177098
9.99473E-05 0.0437098 0.165553 0.394936 9.99473E-05 9.99473E-05 0.0540762 9.99473E-05 9.99473E-05 0.021753 0.0440209 9.99473E-05 0.154639 0.120711
9.99123E-05 9.99123E-05 9.99123E-05 9.99123E-05 9.99123E-05 9.99123E-05 9.99123E-05 9.99123E-05 9.99123E-05 9.99123E-05 0.834825 0.0677841 0.0403425 0.0560495
0.0780398 0.00764718 9.99211E-05 0.0985491 9.99211E-05 9.99211E-05 9.99211E-05 9.99211E-05 9.99211E-05 9.99211E-05 0.674029 9.99211E-05 9.99211E-05 0.140836
9.99123E-05 0.0645617 9.99123E-05 9.99123E-05 9.99123E-05 9.99123E-05 9.99123E-05 9.99123E-05 9.99123E-05 9.99123E-05 0.813029 9.99123E-05 0.0703407 0.0510695
0.00142821 0.0217094 0.0242604 0.180543 0.120098 9.99473E-05 9.99473E-05 9.99473E-05 0.00300325 9.99473E-05 0.623528 9.99473E-05 9.99473E-05 0.0248293
9.99561E-05 0.00588662 9.99561E-05 0.00831133 0.0819813 9.99561E-05 9.99561E-05 9.99561E-05 0.0351403 0.0632859 0.535703 0.0360365 0.0873342 0.145821
9.9921E-05 9.9921E-05 9.9921E-05 0.180316 0.106347 9.9921E-05 0.0778078 9.9921E-05 9.9921E-05 9.9921E-05 0.496762 9.9921E-05 9.9921E-05 0.137868
9.99561E-05 9.99561E-05 0.0413728 9.99561E-05 0.0234383 0.00011279 0.0169656 9.99561E-05 0.044791 9.99561E-05 0.589739 0.00321808 0.104171 0.175692
0.0473073 0.00393282 9.99298E-05 0.0104232 0.019956 9.99298E-05 9.99298E-05 0.0681973 9.99298E-05 9.99298E-05 0.849384 9.99298E-05 9.99298E-05 9.99298E-05
9.99035E-05 9.99035E-05 9.99035E-05 9.99035E-05 9.99035E-05 9.99035E-05 9.99035E-05 0.0923996 9.99035E-05 9.99035E-05 0.763745 0.142757 9.99035E-05 9.99035E-05
9.99211E-05 9.99211E-05 9.99211E-05 9.99211E-05 0.0180962 9.99211E-05 0.0654625 0.00346252 0.127021 9.99211E-05 0.785058 9.99211E-05 9.99211E-05 9.99211E-05
0.0659807 0.165215 9.9921E-05 9.9921E-05 9.9921E-05 9.9921E-05 9.9921E-05 0.0210448 9.9921E-05 9.9921E-05 0.711177 9.9921E-05 9.9921E-05 0.0356836
9.99474E-05 0.0134875 9.99474E-05 9.99474E-05 0.0431588 9.99474E-05 9.99474E-05 0.11481 0.0533396 0.02328 0.553428 9.99474E-05 0.0666045 0.131293
9.99122E-05 9.99122E-05 9.99122E-05 9.99122E-05 9.99122E-05 9.99122E-05 0.259447 9.99122E-05 9.99122E-05 9.99122E-05 0.570793 9.99122E-05 0.0407812 0.12798
9.9921E-05 0.0124247 9.9921E-05 9.9921E-05 0.0418285 9.9921E-05 9.9921E-05 9.9921E-05 9.9921E-05 9.9921E-05 0.846581 0.0271103 9.9921E-05 0.0711561
9.9921E-05 0.0778945 9.9921E-05 0.274542 9.9921E-05 0.024388 9.9921E-05 9.9921E-05 9.9921E-05 9.9921E-05 0.555042 9.9921E-05 9.9921E-05 0.0672338
9.9921E-05 9.9921E-05 9.9921E-05 0.0205436 0.00464654 9.9921E-05 9.9921E-05 0.0418442 9.9921E-05 0.0139166 0.91815 9.9921E-05 9.9921E-05 9.9921E-05
9.99297E-05 0.122681 9.99297E-05 0.267503 0.0373603 0.0678955 9.99297E-05 9.99297E-05 9.99297E-05 9.99297E-05 0.340611 9.99297E-05 9.99297E-05 0.16315
9.9921E-05 9.9921E-05 9.9921E-05 0.113233 9.9921E-05 9.9921E-05 9.9921E-05 9.9921E-05 0.153482 9.9921E-05 0.353704 0.161371 9.9921E-05 0.217311
0.0584384 0.00721153 9.99209E-05 9.99209E-05 9.99209E-05 9.99209E-05 9.99209E-05 9.99209E-05 9.99209E-05 0.0824537 0.841041 0.00995655 9.99209E-05 9.99209E-05
9.9921E-05 0.0309518 0.0137641 9.9921E-05 9.9921E-05 9.9921E-05 9.9921E-05 9.9921E-05 9.9921E-05 9.9921E-05 0.865377 0.0480726 9.9921E-05 0.0409357
0.0339242 9.99123E-05 9.99123E-05 9.99123E-05 9.99123E-05 9.99123E-05 9.99123E-05 9.99123E-05 0.0033315 9.99123E-05 0.926718 9.99123E-05 9.99123E-05 0.0350267
9.99209E-05 9.99209E-05 9.99209E-05 0.141392 0.0413968 9.99209E-05 9.99209E-05 9.99209E-05 9.99209E-05 0.0448096 0.630485 9.99209E-05 9.99209E-05 0.141018
9.99212E-05 0.0530676 0.0728388 9.99212E-05 0.000808723 9.99212E-05 9.99212E-05 9.99212E-05 0.131176 9.99212E-05 0.74121 9.99212E-05 9.99212E-05 9.99212E-05
9.99473E-05 0.0711368 9.99473E-05 0.0382514 0.116755 0.0646374 9.99473E-05 9.99473E-05 9.99473E-05 0.0927638 0.346841 9.99473E-05 0.0378009 0.231214
9.99297E-05 0.00534337 9.99297E-05 9.99297E-05 9.99297E-05 0.0458912 0.0807105 9.99297E-05 9.99297E-05 0.0737246 0.69556 0.0979707 9.99297E-05 9.99297E-05
9.99211E-05 0.0144928 0.0357368 0.0484441 9.99211E-05 9.99211E-05 9.99211E-05 9.99211E-05 9.99211E-05 9.99211E-05 0.825844 9.99211E-05 9.99211E-05 0.0745831
0.015748 0.0436196 0.0260554 9.99386E-05 9.99386E-05 9.99386E-05 0.226859 9.99386E-05 9.99386E-05 0.0659615 0.594779 9.99386E-05 9.99386E-05 0.0262772
9.99299E-05 0.0336509 9.99299E-05 9.99299E-05 9.99299E-05 0.0243261 0.00150339 9.99299E-05 0.106501 9.99299E-05 0.749063 9.99299E-05 9.99299E-05 0.0841563
0.0551019 9.99298E-05 9.99298E-05 0.0443095 0.0105882 9.99298E-05 9.99298E-05 9.99298E-05 0.0645672 9.99298E-05 0.733673 9.99298E-05 0.0909605 9.99298E-05
9.99034E-05 9.99034E-05 0.104568 9.99034E-05 9.99034E-05 9.99034E-05 9.99034E-05 9.99034E-05 0.0689595 9.99034E-05 0.825374 9.99034E-05 9.99034E-05 9.99034E-05
9.99123E-05 9.99123E-05 9.99123E-05 9.99123E-05 0.00594764 9.99123E-05 9.99123E-05 9.99123E-05 9.99123E-05 9.99123E-05 0.825614 0.109043 9.99123E-05 0.0583956
9.9921E-05 0.0228899 9.9921E-05 9.9921E-05 9.9921E-05 9.9921E-05 0.0121084 9.9921E-05 9.9921E-05 9.9921E-05 0.858004 0.0762598 9.9921E-05 0.0298385
9.99297E-05 0.0333361 0.0503842 0.628782 0.00723679 9.99297E-05 9.99297E-05 0.0879204 9.99297E-05 9.99297E-05 9.99297E-05 9.99297E-05 9.99297E-05 0.191541
9.99036E-05 9.99036E-05 9.99036E-05 0.935314 9.99036E-05 9.99036E-05 9.99036E-05 9.99036E-05 0.0521466 9.99036E-05 9.99036E-05 0.0114408 9.99036E-05 9.99036E-05
9.99123E-05 9.99123E-05 0.170324 0.774272 9.99123E-05 9.99123E-05 9.99123E-05 0.0480459 0.00635896 9.99123E-05 9.99123E-05 9.99123E-05 9.99123E-05 9.99123E-05
9.99298E-05 0.143665 0.067135 0.229916 9.99298E-05 9.99298E-05 9.99298E-05 0.36905 9.99298E-05 9.99298E-05 9.99298E-05 9.99298E-05 0.0950314 0.0944035
0.0550889 0.0903972 0.066192 0.64829 9.99296E-05 9.99296E-05 9.99296E-05 9.99296E-05 0.0703946 9.99296E-05 9.99296E-05 9.99296E-05 9.99296E-05 0.0688373
9.99033E-05 0.0324728 9.99033E-05 0.71612 9.99033E-05 9.99033E-05 9.99033E-05 9.99033E-05 9.99033E-05 9.99033E-05 9.99033E-05 9.99033E-05 9.99033E-05 0.250308
9.99298E-05 0.0374425 9.99298E-05 0.273323 0.071703 9.99298E-05 9.99298E-05 0.311237 9.99298E-05 9.99298E-05 9.99298E-05 0.117282 9.99298E-05 0.188213
9.99209E-05 0.119504 0.153532 0.39716 9.99209E-05 9.99209E-05 9.99209E-05 0.149596 9.99209E-05 9.99209E-05 9.99209E-05 9.99209E-05 9.99209E-05 0.17931
9.98947E-05 9.98947E-05 9.98947E-05 0.869091 9.98947E-05 9.98947E-05 9.98947E-05 0.12971 9.98947E-05 9.98947E-05 9.98947E-05 9.98947E-05 9.98947E-05 9.98947E-05
9.99386E-05 0.0132481 9.99386E-05 0.753928 0.0521105 9.99386E-05 9.99386E-05 0.00792236 9.99386E-05 9.99386E-05 0.0401239 0.0883789 9.99386E-05 0.0435889
9.99209E-05 0.0798784 0.000247683 0.441234 0.195643 9.99209E-05 9.99209E-05 9.99209E-05 9.99209E-05 9.99209E-05 9.99209E-05 9.99209E-05 9.99209E-05 0.282098
9.99326E-05 9.99326E-05 9.99326E-05 0.529609 0.0732288 9.99326E-05 0.0914792 0.0872966 0.108731 9.99326E-05 9.99326E-05 9.99326E-05 9.99326E-05 0.108856
0.0466831 0.224852 9.99649E-05 0.424348 0.106368 0.00543475 0.0393015 0.000776326 9.99649E-05 0.117475 9.99649E-05 0.0152833 9.99649E-05 0.019079
9.99121E-05 9.99121E-05 9.99121E-05 0.542177 9.99121E-05 9.99121E-05 9.99121E-05 0.0902843 0.0633576 9.99121E-05 9.99121E-05 9.99121E-05 9.99121E-05 0.303182
9.99212E-05 9.99212E-05 9.99212E-05 0.813885 0.0120259 0.0504506 9.99212E-05 0.0631308 9.99212E-05 9.99212E-05 9.99212E-05 9.99212E-05 0.0596085 9.99212E-05
9.99123E-05 0.0447284 9.99123E-05 0.886886 9.99123E-05 9.99123E-05 9.99123E-05 0.0574261 9.99123E-05 9.99123E-05 9.99123E-05 9.99123E-05 9.99123E-05 0.00996076
9.99473E-05 9.99473E-05 0.069133 0.523833 0.0025982 0.0332957 0.0662748 0.0218215 0.165352 9.99473E-05 9.99473E-05 9.99473E-05 9.99473E-05 0.117092
9.99209E-05 0.065301 0.0270128 0.7111 0.130972 9.99209E-05 9.99209E-05 9.99209E-05 9.99209E-05 9.99209E-05 9.99209E-05 0.0647154 9.99209E-05 9.99209E-05
9.99123E-05 9.99123E-05 0.107013 0.697247 0.0725194 9.99123E-05 9.99123E-05 9.99123E-05 9.99123E-05 9.99123E-05 9.99123E-05 9.99123E-05 9.99123E-05 0.122221
9.99209E-05 9.99209E-05 0.0845572 0.563029 9.99209E-05 9.99209E-05 0.0295769 0.0154747 9.99209E-05 9.99209E-05 9.99209E-05 9.99209E-05 9.99209E-05 0.306463
9.99125E-05 9.99125E-05 9.99125E-05 0.816827 9.99125E-05 9.99125E-05 9.99125E-05 0.12707 9.99125E-05 9.99125E-05 0.0114056 9.99125E-05 9.99125E-05 0.043698
9.99121E-05 9.99121E-05 9.99121E-05 0.77503 9.99121E-05 9.99121E-05 9.99121E-05 0.105075 0.0469031 9.99121E-05 9.99121E-05 9.99121E-05 9.99121E-05 0.0719927
9.99123E-05 9.99123E-05 9.99123E-05 0.646984 9.99123E-05 9.99123E-05 9.99123E-05 0.052846 9.99123E-05 9.99123E-05 9.99123E-05 9.99123E-05 0.181496 0.117675
0.0135003 0.0898466 0.0923962 0.570541 9.99473E-05 0.0366615 9.99473E-05 9.99473E-05 0.0885368 9.99473E-05 9.99473E-05 9.99473E-05 0.00827602 0.0996421
9.99034E-05 9.99034E-05 9.99034E-05 0.662471 0.183439 9.99034E-05 9.99034E-05 9.99034E-05 9.99034E-05 9.99034E-05 9.99034E-05 9.99034E-05 9.99034E-05 0.152991
9.99211E-05 0.0217196 9.99211E-05 0.643157 9.99211E-05 9.99211E-05 9.99211E-05 0.136314 9.99211E-05 9.99211E-05 0.136601 9.99211E-05 9.99211E-05 0.0613086
9.99211E-05 9.99211E-05 0.0263832 0.862821 9.99211E-05 0.0501109 9.99211E-05 0.0410996 9.99211E-05 9.99211E-05 9.99211E-05 9.99211E-05 0.0186864 9.99211E-05
9.99037E-05 9.99037E-05 9.99037E-05 0.862581 9.99037E-05 9.99037E-05 9.99037E-05 0.071746 9.99037E-05 9.99037E-05 9.99037E-05 9.99037E-05 9.99037E-05 0.0645738
9.9921E-05 0.041523 0.17684 0.633549 9.9921E-05 9.9921E-05 9.9921E-05 9.9921E-05 9.9921E-05 9.9921E-05 0.0834635 9.9921E-05 9.9921E-05 0.0637248
9.99331E-05 0.149751 9.99331E-05 0.356452 9.99331E-05 9.99331E-05 9.99331E-05 0.0756278 9.99331E-05 9.99331E-05 0.0883766 9.99331E-05 0.14441 0.184583
9.99122E-05 0.184561 9.99122E-05 9.99122E-05 9.99122E-05 9.99122E-05 9.99122E-05 9.99122E-05 9.99122E-05 0.104522 9.99122E-05 9.99122E-05 0.531109 0.178809
9.99036E-05 0.0811 9.99036E-05 9.99036E-05 9.99036E-05 9.99036E-05 9.99036E-05 9.99036E-05 9.99036E-05 9.99036E-05 0.00727317 9.99036E-05 0.910528 9.99036E-05
9.99297E-05 9.99297E-05 0.0292014 9.99297E-05 0.0651865 9.99297E-05 0.0125003 9.99297E-05 0.0353013 9.99297E-05 9.99297E-05 9.99297E-05 0.612182 0.244829
9.99209E-05 0.19491 0.109825 9.99209E-05 0.0269119 9.99209E-05 9.99209E-05 9.99209E-05 9.99209E-05 9.99209E-05 9.99209E-05 9.99209E-05 0.391851 0.275602
0.0153111 0.166135 0.0390031 9.99296E-05 9.99296E-05 0.0869488 0.0408112 9.99296E-05 9.99296E-05 9.99296E-05 9.99296E-05 9.99296E-05 0.650992 9.99296E-05
9.99209E-05 0.210667 9.99209E-05 9.99209E-05 9.99209E-05 9.99209E-05 9.99209E-05 0.0810128 9.99209E-05 9.99209E-05 9.99209E-05 0.0273944 0.511986 0.168041
9.99297E-05 0.109766 0.0499659 0.0142293 0.0529614 9.99297E-05 9.99297E-05 9.99297E-05 9.99297E-05 9.99297E-05 9.99297E-05 9.99297E-05 0.57787 0.194407
0.00997525 0.282484 9.9921E-05 9.9921E-05 0.00985272 9.9921E-05 9.9921E-05 9.9921E-05 9.9921E-05 9.9921E-05 9.9921E-05 9.9921E-05 0.494946 0.201843
9.99385E-05 0.421301 9.99385E-05 0.0183429 0.028487 9.99385E-05 9.99385E-05 0.220485 9.99385E-05 9.99385E-05 9.99385E-05 0.0129409 0.13967 0.158073
9.99209E-05 0.26324 0.0237526 9.99209E-05 9.99209E-05 9.99209E-05 9.99209E-05 9.99209E-05 9.99209E-05 9.99209E-05 9.99209E-05 0.0412722 0.351136 0.3197
9.99035E-05 9.99035E-05 9.99035E-05 9.99035E-05 9.99035E-05 9.99035E-05 9.99035E-05 0.261836 9.99035E-05 9.99035E-05 9.99035E-05 9.99035E-05 0.617948 0.119117
0.0166561 9.99297E-05 9.99297E-05 9.99297E-05 0.0560483 9.99297E-05 9.99297E-05 0.104979 9.99297E-05 9.99297E-05 0.00415202 9.99297E-05 0.708238 0.109127
9.98947E-05 0.177797 9.98947E-05 9.98947E-05 9.98947E-05 9.98947E-05 9.98947E-05 9.98947E-05 9.98947E-05 9.98947E-05 9.98947E-05 9.98947E-05 0.821004 9.98947E-05
9.99035E-05 0.212701 9.99035E-05 9.99035E-05 9.99035E-05 9.99035E-05 9.99035E-05 9.99035E-05 9.99035E-05 9.99035E-05 9.99035E-05 9.99035E-05 0.486385 0.299815
9.99385E-05 0.126466 0.158164 9.99385E-05 0.0197069 9.99385E-05 0.0386977 9.99385E-05 0.00523931 9.99385E-05 9.99385E-05 9.99385E-05 0.632628 0.0183987
9.99298E-05 0.13404 0.00941471 9.99298E-05 0.0628644 9.99298E-05 0.03074 9.99298E-05 9.99298E-05 9.99298E-05 9.99298E-05 9.99298E-05 0.478633 0.283508
0.0467335 0.0684969 0.0178896 9.99384E-05 0.0337314 9.99384E-05 9.99384E-05 0.158313 9.99384E-05 9.99384E-05 9.99384E-05 9.99384E-05 0.586482 0.0876538
9.99298E-05 0.164473 9.99298E-05 9.99298E-05 0.0706552 9.99298E-05 0.0676212 9.99298E-05 9.99298E-05 0.0539061 9.99298E-05 0.0662884 0.576256 9.99298E-05
9.99209E-05 0.0254678 9.99209E-05 9.99209E-05 0.0809144 9.99209E-05 9.99209E-05 0.0628847 9.99209E-05 0.0165534 9.99209E-05 9.99209E-05 0.81328 9.99209E-05
0.100986 0.0714124 9.99297E-05 9.99297E-05 0.0237491 9.99297E-05 9.99297E-05 9.99297E-05 9.99297E-05 9.99297E-05 9.99297E-05 0.087475 0.583152 0.132426
9.99297E-05 0.0654103 9.99297E-05 9.99297E-05 9.99297E-05 9.99297E-05 9.99297E-05 0.0731647 9.99297E-05 0.126859 9.99297E-05 0.0476343 0.471542 0.21459
9.99209E-05 0.109773 0.0503497 9.99209E-05 0.0503033 9.99209E-05 9.99209E-05 9.99209E-05 9.99209E-05 9.99209E-05 9.99209E-05 9.99209E-05 0.635412 0.153262
0.0842238 0.318839 9.9921E-05 9.9921E-05 9.9921E-05 9.9921E-05 9.9921E-05 0.0841349 9.9921E-05 9.9921E-05 9.9921E-05 9.9921E-05 0.239946 0.271957
9.99034E-05 0.231249 9.99034E-05 9.99034E-05 9.99034E-05 9.99034E-05 9.99034E-05 9.99034E-05 9.99034E-05 9.99034E-05 9.99034E-05 9.99034E-05 0.708387 0.0592657
0.0880441 0.302302 9.99298E-05 9.99298E-05 9.99298E-05 9.99298E-05 9.99298E-05 0.0931764 9.99298E-05 0.0161132 9.99298E-05 9.99298E-05 0.209989 0.289575
9.9921E-05 0.1591 9.9921E-05 0.0133154 9.9921E-05 9.9921E-05 9.9921E-05 0.105499 9.9921E-05 9.9921E-05 9.9921E-05 9.9921E-05 0.505671 0.215516
9.99124E-05 9.99124E-05 9.99124E-05 9.99124E-05 9.99124E-05 0.135305 9.99124E-05 9.99124E-05 9.99124E-05 9.99124E-05 0.0350986 9.99124E-05 0.752741 0.0758557
0.0508793 0.169463 9.99296E-05 9.99296E-05 9.99296E-05 9.99296E-05 9.99296E-05 9.99296E-05 0.0120154 0.0394142 9.99296E-05 9.99296E-05 0.469948 0.257481
9.99035E-05 0.317674 9.99035E-05 9.99035E-05 9.99035E-05 9.99035E-05 9.99035E-05 9.99035E-05 9.99035E-05 9.99035E-05 9.99035E-05 9.99035E-05 0.341154 0.340073
0.101857 0.0163289 9.9921E-05 9.9921E-05 0.0802458 9.9921E-05 9.9921E-05 9.9921E-05 9.9921E-05 9.9921E-05 9.9921E-05 9.9921E-05 0.649951 0.150718
9.9921E-05 0.134338 9.9921E-05 9.9921E-05 0.0538025 9.9921E-05 9.9921E-05 9.9921E-05 9.9921E-05 0.0580718 9.9921E-05 9.9921E-05 0.478993 0.273895
0.0534181 9.99209E-05 9.99209E-05 9.99209E-05 0.0403197 9.99209E-05 0.0136601 9.99209E-05 9.99209E-05 9.99209E-05 9.99209E-05 9.99209E-05 0.698927 0.192775
0.244077 0.353637 9.99297E-05 9.99297E-05 0.0322909 9.99297E-05 0.013336 9.99297E-05 9.99297E-05 9.99297E-05 9.99297E-05 9.99297E-05 0.16218 0.19368
0.0685326 0.164589 0.0134929 0.0789442 9.99385E-05 0.00749942 9.99385E-05 9.99385E-05 9.99385E-05 9.99385E-05 9.99385E-05 9.99385E-05 0.465732 0.20051
9.99122E-05 0.00139103 9.99122E-05 9.99122E-05 9.99122E-05 9.99122E-05 9.99122E-05 9.99122E-05 9.99122E-05 9.99122E-05 9.99122E-05 0.0746871 0.76649 0.156433
9.99297E-05 0.0924592 9.99297E-05 9.99297E-05 0.0480178 9.99297E-05 0.022462 0.0356839 9.99297E-05 9.99297E-05 9.99297E-05 0.101937 0.698641 9.99297E-05
9.99209E-05 0.18188 0.059682 9.99209E-05 0.0365112 9.99209E-05 9.99209E-05 9.99209E-05 9.99209E-05 9.99209E-05 9.99209E-05 9.99209E-05 0.390887 0.33014
0.000886764 0.111865 9.99035E-05 9.99035E-05 9.99035E-05 9.99035E-05 9.99035E-05 9.99035E-05 9.99035E-05 9.99035E-05 9.99035E-05 9.99035E-05 0.886149 9.99035E-05
0.0132552 0.0323757 9.99123E-05 9.99123E-05 9.99123E-05 9.99123E-05 9.99123E-05 9.99123E-05 9.99123E-05 9.99123E-05 9.99123E-05 9.99123E-05 0.838791 0.114578
9.99035E-05 0.0522003 9.99035E-05 9.99035E-05 9.99035E-05 9.99035E-05 9.99035E-05 9.99035E-05 9.99035E-05 9.99035E-05 9.99035E-05 0.00419688 0.942504 9.99035E-05
0.0133133 0.019923 9.99123E-05 9.99123E-05 9.99123E-05 9.99123E-05 9.99123E-05 0.0327001 9.99123E-05 9.99123E-05 9.99123E-05 9.99123E-05 0.933064 9.99123E-05
9.99297E-05 0.114464 9.99297E-05 9.99297E-05 0.0226229 9.99297E-05 9.99297E-05 0.04698 9.99297E-05 0.0575694 9.99297E-05 9.99297E-05 0.341536 0.416028
9.99297E-05 0.225348 0.000854335 9.99297E-05 9.99297E-05 9.99297E-05 0.0266176 9.99297E-05 9.99297E-05 0.0849467 9.99297E-05 9.99297E-05 0.646217 0.015217
0.0354796 0.1232 9.99211E-05 9.99211E-05 9.99211E-05 9.99211E-05 9.99211E-05 0.0403088 9.99211E-05 9.99211E-05 9.99211E-05 9.99211E-05 0.756733 0.0433794
9.99122E-05 9.99122E-05 9.99122E-05 9.99122E-05 9.99122E-05 9.99122E-05 9.99122E-05 0.0831754 9.99122E-05 9.99122E-05 0.0816945 9.99122E-05 0.750488 0.0836425
0.175317 0.261595 0.0308423 0.0799166 0.0120245 9.9956E-05 9.9956E-05 0.156028 0.0161325 9.9956E-05 9.9956E-05 9.9956E-05 0.242166 0.0254779
9.99298E-05 0.194847 0.0207303 0.137381 0.0268977 9.99298E-05 9.99298E-05 9.99298E-05 9.99298E-05 9.99298E-05 9.99298E-05 9.99298E-05 0.446466 0.172879
9.99298E-05 0.106894 9.99298E-05 9.99298E-05 9.99298E-05 0.151993 0.0419964 0.179466 9.99298E-05 9.99298E-05 9.99298E-05 9.99298E-05 0.449635 0.0692161
0.0363365 0.30339 9.99385E-05 0.0242113 0.0321194 9.99385E-05 9.99385E-05 9.99385E-05 9.99385E-05 0.0505776 9.99385E-05 9.99385E-05 0.307528 0.245138
9.99035E-05 9.99035E-05 9.99035E-05 9.99035E-05 9.99035E-05 9.99035E-05 9.99035E-05 0.00554964 9.99035E-05 9.99035E-05 9.99035E-05 9.99035E-05 0.950023 0.0433288
9.99297E-05 0.0517183 9.99297E-05 9.99297E-05 0.0108876 9.99297E-05 0.0231713 9.99297E-05 9.99297E-05 9.99297E-05 9.99297E-05 0.256087 0.432616 0.224721
9.99124E-05 0.106585 9.99124E-05 9.99124E-05 9.99124E-05 9.99124E-05 9.99124E-05 0.0365564 9.99124E-05 9.99124E-05 9.99124E-05 9.99124E-05 0.826105 0.0297552
9.99123E-05 0.149612 9.99123E-05 9.99123E-05 0.0223791 9.99123E-05 9.99123E-05 9.99123E-05 9.99123E-05 9.99123E-05 9.99123E-05 9.99123E-05 0.655673 0.171337
9.99297E-05 0.161103 0.000290485 9.99297E-05 9.99297E-05 9.99297E-05 0.148089 0.0611351 9.99297E-05 9.99297E-05 9.99297E-05 9.99297E-05 0.612374 0.0162092
0.0444311 0.0442887 9.99297E-05 9.99297E-05 0.0958916 9.99297E-05 9.99297E-05 9.99297E-05 9.99297E-05 9.99297E-05 9.99297E-05 0.103399 0.645592 0.0655987
9.99121E-05 0.295057 9.99121E-05 9.99121E-05 9.99121E-05 9.99121E-05 9.99121E-05 0.239293 9.99121E-05 9.99121E-05 9.99121E-05 9.99121E-05 0.21386 0.250791
9.99121E-05 0.2265 9.99121E-05 9.99121E-05 9.99121E-05 0.00578143 9.99121E-05 9.99121E-05 9.99121E-05 9.99121E-05 9.99121E-05 9.99121E-05 0.587614 0.179106
0.0473498 0.158942 9.99384E-05 9.99384E-05 0.0191054 9.99384E-05 0.0487505 9.99384E-05 0.00947911 9.99384E-05 9.99384E-05 9.99384E-05 0.60182 0.113854
0.168037 0.0621885 9.99297E-05 9.99297E-05 0.0152282 9.99297E-05 9.99297E-05 9.99297E-05 9.99297E-05 9.99297E-05 9.99297E-05 0.00852898 0.62821 0.117007
9.99122E-05 0.208961 9.99122E-05 9.99122E-05 9.99122E-05 9.99122E-05 9.99122E-05 0.0500459 9.99122E-05 9.99122E-05 9.99122E-05 9.99122E-05 0.681121 0.0588728
9.98857E-05 9.98857E-05 9.98857E-05 9.98857E-05 9.98857E-05 9.98857E-05 9.98857E-05 9.98857E-05 9.98857E-05 9.98857E-05 9.98857E-05 9.98857E-05 9.98857E-05 0.998701
9.98856E-05 0.998701 9.98856E-05 9.98856E-05 9.98856E-05 9.98856E-05 9.98856E-05 9.98856E-05 9.98856E-05 9.98856E-05 9.98856E-05 9.98856E-05 9.98856E-05 9.98856E-05
9.98856E-05 9.98856E-05 9.98856E-05 9.98856E-05 9.98856E-05 9.98856E-05 9.98856E-05 9.98856E-05 9.98856E-05 9.98856E-05 9.98856E-05 9.98856E-05 9.98856E-05 0.998701
9.98856E-05 0.998701 9.98856E-05 9.98856E-05 9.98856E-05 9.98856E-05 9.98856E-05 9.98856E-05 9.98856E-05 9.98856E-05 9.98856E-05 9.98856E-05 9.98856E-05 9.98856E-05
9.98856E-05 0.998701 9.98856E-05 9.98856E-05 9.98856E-05 9.98856E-05 9.98856E-05 9.98856E-05 9.98856E-05 9.98856E-05 9.98856E-05 9.98856E-05 9.98856E-05 9.98856E-05
9.98856E-05 0.998701 9.98856E-05 9.98856E-05 9.98856E-05 9.98856E-05 9.98856E-05 9.98856E-05 9.98856E-05 9.98856E-05 9.98856E-05 9.98856E-05 9.98856E-05 9.98856E-05
9.98856E-05 9.98856E-05 9.98856E-05 9.98856E-05 9.98856E-05 9.98856E-05 9.98856E-05 9.98856E-05 9.98856E-05 9.98856E-05 9.98856E-05 9.98856E-05 9.98856E-05 0.998701
9.98856E-05 0.998701 9.98856E-05 9.98856E-05 9.98856E-05 9.98856E-05 9.98856E-05 9.98856E-05 9.98856E-05 9.98856E-05 9.98856E-05 9.98856E-05 9.98856E-05 9.98856E-05
9.98856E-05 0.998701 9.98856E-05 9.98856E-05 9.98856E-05 9.98856E-05 9.98856E-05 9.98856E-05 9.98856E-05 9.98856E-05 9.98856E-05 9.98856E-05 9.98856E-05 9.98856E-05
9.98856E-05 9.98856E-05 9.98856E-05 9.98856E-05 9.98856E-05 9.98856E-05 9.98856E-05 9.98856E-05 9.98856E-05 9.98856E-05 9.98856E-05 9.98856E-05 9.98856E-05 0.998701
9.98857E-05 9.98857E-05 9.98857E-05 9.98857E-05 9.98857E-05 9.98857E-05 9.98857E-05 9.98857E-05 9.98857E-05 9.98857E-05 9.98857E-05 9.98857E-05 9.98857E-05 0.998701
9.98856E-05 9.98856E-05 9.98856E-05 9.98856E-05 9.98856E-05 9.98856E-05 9.98856E-05 9.98856E-05 9.98856E-05 9.98856E-05 9.98856E-05 9.98856E-05 9.98856E-05 0.998701
9.98858E-05 0.998701 9.98858E-05 9.98858E-05 9.98858E-05 9.98858E-05 9.98858E-05 9.98858E-05 9.98858E-05 9.98858E-05 9.98858E-05 9.98858E-05 9.98858E-05 9.98858E-05
9.98857E-05 0.998701 9.98857E-05 9.98857E-05 9.98857E-05 9.98857E-05 9.98857E-05 9.98857E-05 9.98857E-05 9.98857E-05 9.98857E-05 9.98857E-05 9.98857E-05 9.98857E-05
9.98856E-05 9.98856E-05 9.98856E-05 9.98856E-05 9.98856E-05 9.98856E-05 9.98856E-05 9.98856E-05 9.98856E-05 9.98856E-05 9.98856E-05 9.98856E-05 9.98856E-05 0.998701
9.98856E-05 9.98856E-05 9.98856E-05 9.98856E-05 9.98856E-05 9.98856E-05 9.98856E-05 9.98856E-05 9.98856E-05 9.98856E-05 9.98856E-05 9.98856E-05 9.98856E-05 0.998701
0.0156076 0.137901 9.9956E-05 9.9956E-05 0.00899129 0.0760562 0.00337297 0.00253709 0.243731 9.9956E-05 9.9956E-05 9.9956E-05 0.311307 0.199996
9.98856E-05 9.98856E-05 9.98856E-05 9.98856E-05 9.98856E-05 9.98856E-05 9.98856E-05 9.98856E-05 9.98856E-05 9.98856E-05 9.98856E-05 9.98856E-05 9.98856E-05 0.998701
9.98857E-05 0.998701 9.98857E-05 9.98857E-05 9.98857E-05 9.98857E-05 9.98857E-05 9.98857E-05 9.98857E-05 9.98857E-05 9.98857E-05 9.98857E-05 9.98857E-05 9.98857E-05
9.98857E-05 9.98857E-05 9.98857E-05 9.98857E-05 9.98857E-05 9.98857E-05 9.98857E-05 9.98857E-05 9.98857E-05 9.98857E-05 9.98857E-05 9.98857E-05 9.98857E-05 0.998701
9.98856E-05 9.98856E-05 9.98856E-05 9.98856E-05 9.98856E-05 9.98856E-05 9.98856E-05 9.98856E-05 9.98856E-05 9.98856E-05 9.98856E-05 9.98856E-05 9.98856E-05 0.998701
9.98856E-05 9.98856E-05 9.98856E-05 9.98856E-05 9.98856E-05 9.98856E-05 9.98856E-05 9.98856E-05 9.98856E-05 9.98856E-05 9.98856E-05 9.98856E-05 9.98856E-05 0.998701
9.98856E-05 0.998701 9.98856E-05 9.98856E-05 9.98856E-05 9.98856E-05 9.98856E-05 9.98856E-05 9.98856E-05 9.98856E-05 9.98856E-05 9.98856E-05 9.98856E-05 9.98856E-05
9.98856E-05 9.98856E-05 9.98856E-05 9.98856E-05 9.98856E-05 9.98856E-05 9.98856E-05 9.98856E-05 9.98856E-05 9.98856E-05 9.98856E-05 9.98856E-05 9.98856E-05 0.998701
9.98856E-05 0.998701 9.98856E-05 9.98856E-05 9.98856E-05 9.98856E-05 9.98856E-05 9.98856E-05 9.98856E-05 9.98856E-05 9.98856E-05 9.98856E-05 9.98856E-05 9.98856E-05
9.98856E-05 9.98856E-05 9.98856E-05 9.98856E-05 9.98856E-05 9.98856E-05 9.98856E-05 9.98856E-05 9.98856E-05 9.98856E-05 9.98856E-05 9.98856E-05 9.98856E-05 0.998701
9.98856E-05 9.98856E-05 9.98856E-05 9.98856E-05 9.98856E-05 9.98856E-05 9.98856E-05 9.98856E-05 9.98856E-05 9.98856E-05 9.98856E-05 9.98856E-05 9.98856E-05 0.998701
9.98856E-05 0.998701 9.98856E-05 9.98856E-05 9.98856E-05 9.98856E-05 9.98856E-05 9.98856E-05 9.98856E-05 9.98856E-05 9.98856E-05 9.98856E-05 9.98856E-05 9.98856E-05
9.98857E-05 0.998701 9.98857E-05 9.98857E-05 9.98857E-05 9.98857E-05 9.98857E-05 9.98857E-05 9.98857E-05 9.98857E-05 9.98857E-05 9.98857E-05 9.98857E-05 9.98857E-05
9.98857E-05 0.998701 9.98857E-05 9.98857E-05 9.98857E-05 9.98857E-05 9.98857E-05 9.98857E-05 9.98857E-05 9.98857E-05 9.98857E-05 9.98857E-05 9.98857E-05 9.98857E-05
9.98856E-05 9.98856E-05 9.98856E-05 9.98856E-05 9.98856E-05 9.98856E-05 9.98856E-05 9.98856E-05 9.98856E-05 9.98856E-05 9.98856E-05 9.98856E-05 9.98856E-05 0.998701
9.98857E-05 9.98857E-05 9.98857E-05 9.98857E-05 9.98857E-05 9.98857E-05 9.98857E-05 9.98857E-05 9.98857E-05 9.98857E-05 9.98857E-05 9.98857E-05 9.98857E-05 0.998701
9.98856E-05 9.98856E-05 9.98856E-05 9.98856E-05 9.98856E-05 9.98856E-05 9.98856E-05 9.98856E-05 9.98856E-05 9.98856E-05 9.98856E-05 9.98856E-05 9.98856E-05 0.998701
9.98856E-05 9.98856E-05 9.98856E-05 9.98856E-05 9.98856E-05 9.98856E-05 9.98856E-05 9.98856E-05 9.98856E-05 9.98856E-05 9.98856E-05 9.98856E-05 9.98856E-05 0.998701
9.98856E-05 9.98856E-05 9.98856E-05 9.98856E-05 9.98856E-05 9.98856E-05 9.98856E-05 9.98856E-05 9.98856E-05 9.98856E-05 9.98856E-05 9.98856E-05 9.98856E-05 0.998701
9.98856E-05 0.998701 9.98856E-05 9.98856E-05 9.98856E-05 9.98856E-05 9.98856E-05 9.98856E-05 9.98856E-05 9.98856E-05 9.98856E-05 9.98856E-05 9.98856E-05 9.98856E-05
9.98857E-05 0.998701 9.98857E-05 9.98857E-05 9.98857E-05 9.98857E-05 9.98857E-05 9.98857E-05 9.98857E-05 9.98857E-05 9.98857E-05 9.98857E-05 9.98857E-05 9.98857E-05
9.98856E-05 0.998701 9.98856E-05 9.98856E-05 9.98856E-05 9.98856E-05 9.98856E-05 9.98856E-05 9.98856E-05 9.98856E-05 9.98856E-05 9.98856E-05 9.98856E-05 9.98856E-05
9.98857E-05 9.98857E-05 9.98857E-05 9.98857E-05 9.98857E-05 9.98857E-05 9.98857E-05 9.98857E-05 9.98857E-05 9.98857E-05 9.98857E-05 9.98857E-05 9.98857E-05 0.998701
9.98857E-05 0.998701 9.98857E-05 9.98857E-05 9.98857E-05 9.98857E-05 9.98857E-05 9.98857E-05 9.98857E-05 9.98857E-05 9.98857E-05 9.98857E-05 9.98857E-05 9.98857E-05
9.98856E-05 0.998701 9.98856E-05 9.98856E-05 9.98856E-05 9.98856E-05 9.98856E-05 9.98856E-05 9.98856E-05 9.98856E-05 9.98856E-05 9.98856E-05 9.98856E-05 9.98856E-05
9.98856E-05 0.998701 9.98856E-05 9.98856E-05 9.98856E-05 9.98856E-05 9.98856E-05 9.98856E-05 9.98856E-05 9.98856E-05 9.98856E-05 9.98856E-05 9.98856E-05 9.98856E-05
9.98857E-05 0.998701 9.98857E-05 9.98857E-05 9.98857E-05 9.98857E-05 9.98857E-05 9.98857E-05 9.98857E-05 9.98857E-05 9.98857E-05 9.98857E-05 9.98857E-05 9.98857E-05
9.98856E-05 9.98856E-05 9.98856E-05 9.98856E-05 9.98856E-05 9.98856E-05 9.98856E-05 9.98856E-05 9.98856E-05 9.98856E-05 9.98856E-05 9.98856E-05 9.98856E-05 0.998701
9.98856E-05 0.998701 9.98856E-05 9.98856E-05 9.98856E-05 9.98856E-05 9.98856E-05 9.98856E-05 9.98856E-05 9.98856E-05 9.98856E-05 9.98856E-05 9.98856E-05 9.98856E-05
9.98856E-05 0.998701 9.98856E-05 9.98856E-05 9.98856E-05 9.98856E-05 9.98856E-05 9.98856E-05 9.98856E-05 9.98856E-05 9.98856E-05 9.98856E-05 9.98856E-05 9.98856E-05
0.0295864 0.129057 9.99385E-05 9.99385E-05 9.99385E-05 0.0871892 0.0286846 9.99385E-05 0.270091 9.99385E-05 9.99385E-05 9.99385E-05 0.278 0.176691
9.98856E-05 9.98856E-05 9.98856E-05 9.98856E-05 9.98856E-05 9.98856E-05 9.98856E-05 9.98856E-05 9.98856E-05 9.98856E-05 9.98856E-05 9.98856E-05 9.98856E-05 0.998701
9.98857E-05 0.998701 9.98857E-05 9.98857E-05 9.98857E-05 9.98857E-05 9.98857E-05 9.98857E-05 9.98857E-05 9.98857E-05 9.98857E-05 9.98857E-05 9.98857E-05 9.98857E-05
9.98856E-05 0.998701 9.98856E-05 9.98856E-05 9.98856E-05 9.98856E-05 9.98856E-05 9.98856E-05 9.98856E-05 9.98856E-05 9.98856E-05 9.98856E-05 9.98856E-05 9.98856E-05
9.98856E-05 0.998701 9.98856E-05 9.98856E-05 9.98856E-05 9.98856E-05 9.98856E-05 9.98856E-05 9.98856E-05 9.98856E-05 9.98856E-05 9.98856E-05 9.98856E-05 9.98856E-05
9.98857E-05 0.998701 9.98857E-05 9.98857E-05 9.98857E-05 9.98857E-05 9.98857E-05 9.98857E-05 9.98857E-05 9.98857E-05 9.98857E-05 9.98857E-05 9.98857E-05 9.98857E-05
9.98856E-05 9.98856E-05 9.98856E-05 9.98856E-05 9.98856E-05 9.98856E-05 9.98856E-05 9.98856E-05 9.98856E-05 9.98856E-05 9.98856E-05 9.98856E-05 9.98856E-05 0.998701
9.98857E-05 0.998701 9.98857E-05 9.98857E-05 9.98857E-05 9.98857E-05 9.98857E-05 9.98857E-05 9.98857E-05 9.98857E-05 9.98857E-05 9.98857E-05 9.98857E-05 9.98857E-05
9.98856E-05 9.98856E-05 9.98856E-05 9.98856E-05 9.98856E-05 9.98856E-05 9.98856E-05 9.98856E-05 9.98856E-05 9.98856E-05 9.98856E-05 9.98856E-05 9.98856E-05 0.998701
9.98857E-05 0.998701 9.98857E-05 9.98857E-05 9.98857E-05 9.98857E-05 9.98857E-05 9.98857E-05 9.98857E-05 9.98857E-05 9.98857E-05 9.98857E-05 9.98857E-05 9.98857E-05
9.98856E-05 9.98856E-05 9.98856E-05 9.98856E-05 9.98856E-05 9.98856E-05 9.98856E-05 9.98856E-05 9.98856E-05 9.98856E-05 9.98856E-05 9.98856E-05 9.98856E-05 0.998701
9.98857E-05 0.998701 9.98857E-05 9.98857E-05 9.98857E-05 9.98857E-05 9.98857E-05 9.98857E-05 9.98857E-05 9.98857E-05 9.98857E-05 9.98857E-05 9.98857E-05 9.98857E-05
9.98856E-05 0.998701 9.98856E-05 9.98856E-05 9.98856E-05 9.98856E-05 9.98856E-05 9.98856E-05 9.98856E-05 9.98856E-05 9.98856E-05 9.98856E-05 9.98856E-05 9.98856E-05
9.98856E-05 0.998701 9.98856E-05 9.98856E-05 9.98856E-05 9.98856E-05 9.98856E-05 9.98856E-05 9.98856E-05 9.98856E-05 9.98856E-05 9.98856E-05 9.98856E-05 9.98856E-05
9.98856E-05 0.998701 9.98856E-05 9.98856E-05 9.98856E-05 9.98856E-05 9.98856E-05 9.98856E-05 9.98856E-05 9.98856E-05 9.98856E-05 9.98856E-05 9.98856E-05 9.98856E-05
9.98857E-05 0.998701 9.98857E-05 9.98857E-05 9.98857E-05 9.98857E-05 9.98857E-05 9.98857E-05 9.98857E-05 9.98857E-05 9.98857E-05 9.98857E-05 9.98857E-05 9.98857E-05
9.98857E-05 0.998701 9.98857E-05 9.98857E-05 9.98857E-05 9.98857E-05 9.98857E-05 9.98857E-05 9.98857E-05 9.98857E-05 9.98857E-05 9.98857E-05 9.98857E-05 9.98857E-05
9.98856E-05 9.98856E-05 9.98856E-05 9.98856E-05 9.98856E-05 9.98856E-05 9.98856E-05 9.98856E-05 9.98856E-05 9.98856E-05 9.98856E-05 9.98856E-05 9.98856E-05 0.998701
9.98856E-05 9.98856E-05 9.98856E-05 9.98856E-05 9.98856E-05 9.98856E-05 9.98856E-05 9.98856E-05 9.98856E-05 9.98856E-05 9.98856E-05 9.98856E-05 9.98856E-05 0.998701
9.98856E-05 9.98856E-05 9.98856E-05 9.98856E-05 9.98856E-05 9.98856E-05 9.98856E-05 9.98856E-05 9.98856E-05 9.98856E-05 9.98856E-05 9.98856E-05 9.98856E-05 0.998701
9.98856E-05 0.998701 9.98856E-05 9.98856E-05 9.98856E-05 9.98856E-05 9.98856E-05 9.98856E-05 9.98856E-05 9.98856E-05 9.98856E-05 9.98856E-05 9.98856E-05 9.98856E-05
9.98856E-05 9.98856E-05 9.98856E-05 9.98856E-05 9.98856E-05 9.98856E-05 9.98856E-05 9.98856E-05 9.98856E-05 9.98856E-05 9.98856E-05 9.98856E-05 9.98856E-05 0.998701
9.98856E-05 9.98856E-05 9.98856E-05 9.98856E-05 9.98856E-05 9.98856E-05 9.98856E-05 9.98856E-05 9.98856E-05 9.98856E-05 9.98856E-05 9.98856E-05 9.98856E-05 0.998701
9.98856E-05 9.98856E-05 9.98856E-05 9.98856E-05 9.98856E-05 9.98856E-05 9.98856E-05 9.98856E-05 9.98856E-05 9.98856E-05 9.98856E-05 9.98856E-05 9.98856E-05 0.998701
9.98856E-05 0.998701 9.98856E-05 9.98856E-05 9.98856E-05 9.98856E-05 9.98856E-05 9.98856E-05 9.98856E-05 9.98856E-05 9.98856E-05 9.98856E-05 9.98856E-05 9.98856E-05
9.98856E-05 0.998701 9.98856E-05 9.98856E-05 9.98856E-05 9.98856E-05 9.98856E-05 9.98856E-05 9.98856E-05 9.98856E-05 9.98856E-05 9.98856E-05 9.98856E-05 9.98856E-05
9.98856E-05 0.998701 9.98856E-05 9.98856E-05 9.98856E-05 9.98856E-05 9.98856E-05 9.98856E-05 9.98856E-05 9.98856E-05 9.98856E-05 9.98856E-05 9.98856E-05 9.98856E-05
9.98855E-05 9.98855E-05 9.98855E-05 9.98855E-05 9.98855E-05 9.98855E-05 9.98855E-05 9.98855E-05 9.98855E-05 9.98855E-05 9.98855E-05 9.98855E-05 9.98855E-05 0.998701
9.98856E-05 0.998701 9.98856E-05 9.98856E-05 9.98856E-05 9.98856E-05 9.98856E-05 9.98856E-05 9.98856E-05 9.98856E-05 9.98856E-05 9.98856E-05 9.98856E-05 9.98856E-05
9.98856E-05 0.998701 9.98856E-05 9.98856E-05 9.98856E-05 9.98856E-05 9.98856E-05 9.98856E-05 9.98856E-05 9.98856E-05 9.98856E-05 9.98856E-05 9.98856E-05 9.98856E-05
9.98856E-05 9.98856E-05 9.98856E-05 9.98856E-05 9.98856E-05 9.98856E-05 9.98856E-05 9.98856E-05 9.98856E-05 9.98856E-05 9.98856E-05 9.98856E-05 9.98856E-05 0.998701
9.98857E-05 0.998701 9.98857E-05 9.98857E-05 9.98857E-05 9.98857E-05 9.98857E-05 9.98857E-05 9.98857E-05 9.98857E-05 9.98857E-05 9.98857E-05 9.98857E-05 9.98857E-05
9.98856E-05 0.998701 9.98856E-05 9.98856E-05 9.98856E-05 9.98856E-05 9.98856E-05 9.98856E-05 9.98856E-05 9.98856E-05 9.98856E-05 9.98856E-05 9.98856E-05 9.98856E-05
0.043853 0.113834 0.123281 9.99472E-05 0.107854 9.99472E-05 0.0318968 9.99472E-05 9.99472E-05 9.99472E-05 9.99472E-05 0.00991877 0.179671 0.389092
9.98856E-05 9.98856E-05 9.98856E-05 9.98856E-05 9.98856E-05 9.98856E-05 9.98856E-05 9.98856E-05 9.98856E-05 9.98856E-05 9.98856E-05 9.98856E-05 9.98856E-05 0.998701
9.98856E-05 0.998701 9.98856E-05 9.98856E-05 9.98856E-05 9.98856E-05 9.98856E-05 9.98856E-05 9.98856E-05 9.98856E-05 9.98856E-05 9.98856E-05 9.98856E-05 9.98856E-05
9.99298E-05 0.462098 9.99298E-05 9.99298E-05 0.0483139 0.11538 0.0368947 9.99298E-05 9.99298E-05 9.99298E-05 9.99298E-05 9.99298E-05 0.306348 0.0301659
9.99297E-05 0.273323 9.99297E-05 9.99297E-05 9.99297E-05 9.99297E-05 9.99297E-05 9.99297E-05 0.0839254 0.0379542 9.99297E-05 0.0907458 0.369516 0.143736
9.99121E-05 0.183172 9.99121E-05 9.99121E-05 9.99121E-05 0.0681579 9.99121E-05 9.99121E-05 9.99121E-05 9.99121E-05 9.99121E-05 9.99121E-05 0.344502 0.403168
9.9912E-05 9.9912E-05 0.107497 9.9912E-05 9.9912E-05 9.9912E-05 9.9912E-05 9.9912E-05 9.9912E-05 9.9912E-05 9.9912E-05 0.098422 0.604752 0.18833
0.021284 0.326767 9.99121E-05 9.99121E-05 9.99121E-05 9.99121E-05 9.99121E-05 9.99121E-05 9.99121E-05 9.99121E-05 9.99121E-05 9.99121E-05 0.323708 0.327241
9.99212E-05 0.159225 9.99212E-05 9.99212E-05 9.99212E-05 9.99212E-05 9.99212E-05 0.0102941 9.99212E-05 0.000900679 9.99212E-05 9.99212E-05 0.813743 0.0149381
0.0412608 0.32441 9.99385E-05 0.204685 0.0195115 0.0192871 9.99385E-05 9.99385E-05 9.99385E-05 9.99385E-05 9.99385E-05 9.99385E-05 0.228345 0.161801
0.0385293 0.210419 0.0295181 9.99385E-05 0.0993831 0.0203589 9.99385E-05 9.99385E-05 9.99385E-05 9.99385E-05 9.99385E-05 9.99385E-05 0.500188 0.100904
9.99035E-05 0.211319 9.99035E-05 9.99035E-05 9.99035E-05 9.99035E-05 9.99035E-05 9.99035E-05 9.99035E-05 9.99035E-05 9.99035E-05 9.99035E-05 0.716894 0.0706884
9.99297E-05 0.00845497 9.99297E-05 9.99297E-05 9.99297E-05 0.0643582 9.99297E-05 9.99297E-05 9.99297E-05 0.0749349 9.99297E-05 0.0184066 0.669869 0.163177
9.99122E-05 0.0918486 9.99122E-05 9.99122E-05 0.105288 9.99122E-05 9.99122E-05 9.99122E-05 9.99122E-05 9.99122E-05 9.99122E-05 9.99122E-05 0.566166 0.235699
9.99121E-05 0.639378 9.99121E-05 0.0128149 9.99121E-05 9.99121E-05 9.99121E-05 9.99121E-05 9.99121E-05 9.99121E-05 9.99121E-05 9.99121E-05 0.291047 0.0557616
9.99386E-05 0.249559 0.0478391 0.0117117 9.99386E-05 9.99386E-05 0.105038 0.0367972 9.99386E-05 9.99386E-05 9.99386E-05 9.99386E-05 0.179165 0.36919
0.0257815 0.0779977 0.152418 9.99384E-05 9.99384E-05 0.0215959 9.99384E-05 9.99384E-05 0.0173948 9.99384E-05 9.99384E-05 9.99384E-05 0.611736 0.0923765
9.9912E-05 0.204453 9.9912E-05 9.9912E-05 0.0841656 9.9912E-05 9.9912E-05 9.9912E-05 9.9912E-05 9.9912E-05 9.9912E-05 9.9912E-05 0.469517 0.240865
9.99385E-05 0.334294 9.99385E-05 0.0828927 0.0217563 9.99385E-05 9.99385E-05 0.0845712 9.99385E-05 0.0948702 9.99385E-05 9.99385E-05 0.218065 0.162851
9.9921E-05 0.18087 9.9921E-05 9.9921E-05 9.9921E-05 0.0254695 9.9921E-05 0.0200781 9.9921E-05 9.9921E-05 9.9921E-05 9.9921E-05 0.69489 0.0777928
0.0135944 0.085027 9.99473E-05 9.99473E-05 0.149764 0.0209188 0.0208533 0.00944629 9.99473E-05 9.99473E-05 9.99473E-05 9.99473E-05 0.269658 0.430138
0.0258392 0.125486 9.99385E-05 9.99385E-05 0.0717579 9.99385E-05 9.99385E-05 0.248149 0.139071 9.99385E-05 9.99385E-05 9.99385E-05 0.330611 0.0583859
9.99209E-05 0.193584 9.99209E-05 9.99209E-05 9.99209E-05 0.00735505 9.99209E-05 9.99209E-05 0.130265 9.99209E-05 9.99209E-05 9.99209E-05 0.409809 0.258088
0.0210048 0.163132 9.99296E-05 9.99296E-05 9.99296E-05 9.99296E-05 9.99296E-05 0.0380209 9.99296E-05 0.0972852 9.99296E-05 9.99296E-05 0.531847 0.147911
9.99209E-05 0.249818 9.99209E-05 9.99209E-05 9.99209E-05 9.99209E-05 0.0546363 0.00241923 9.99209E-05 0.0889881 9.99209E-05 9.99209E-05 0.603239 9.99209E-05
0.0286855 0.303203 0.00968131 9.99385E-05 0.00655397 9.99385E-05 0.0952085 9.99385E-05 9.99385E-05 9.99385E-05 9.99385E-05 9.99385E-05 0.37749 0.178479
