9.99648E-05 0.0274624 0.113931 9.99648E-05 0.284023 0.451535 0.0556339 0.0222275 0.0447861 9.99648E-05 9.99648E-05
9.99385E-05 9.99385E-05 9.99385E-05 9.99385E-05 0.109978 0.689327 0.143553 0.0564417 9.99385E-05 9.99385E-05 9.99385E-05
0.0048671 9.99385E-05 0.0394202 9.99385E-05 9.99385E-05 0.952582 9.99385E-05 0.00243156 9.99385E-05 9.99385E-05 9.99385E-05
9.99561E-05 9.99561E-05 0.0988914 0.373844 0.0499908 0.356538 9.99561E-05 0.100838 9.99561E-05 9.99561E-05 0.0193978
9.9921E-05 9.9921E-05 9.9921E-05 0.108667 9.9921E-05 0.890434 9.9921E-05 9.9921E-05 9.9921E-05 9.9921E-05 9.9921E-05
9.99649E-05 9.99649E-05 0.00929661 0.308907 0.159648 0.243588 0.0947763 9.99649E-05 9.99649E-05 0.0103945 0.17299
0.0630016 9.99649E-05 0.0154725 0.178824 0.151599 0.336772 0.12541 0.128521 9.99649E-05 9.99649E-05 9.99649E-05
0.0785266 9.99737E-05 9.99737E-05 0.286185 0.189927 0.210344 0.028688 0.0246995 0.0262487 9.99737E-05 0.155082
9.99473E-05 0.0349307 0.290681 0.112653 9.99473E-05 0.313058 9.99473E-05 9.99473E-05 9.99473E-05 9.99473E-05 0.248077
9.9921E-05 9.9921E-05 0.0429523 9.9921E-05 9.9921E-05 0.956148 9.9921E-05 9.9921E-05 9.9921E-05 9.9921E-05 9.9921E-05
9.99473E-05 9.99473E-05 0.182171 9.99473E-05 0.056788 0.58518 9.99473E-05 0.127114 9.99473E-05 9.99473E-05 0.0481483
0.00841035 9.99385E-05 9.99385E-05 0.0161652 9.99385E-05 0.94943 9.99385E-05 0.0252945 9.99385E-05 9.99385E-05 9.99385E-05
9.9921E-05 9.9921E-05 0.0784147 9.9921E-05 9.9921E-05 0.920686 9.9921E-05 9.9921E-05 9.9921E-05 9.9921E-05 9.9921E-05
0.030094 9.99474E-05 0.0579043 9.99474E-05 9.99474E-05 0.714289 9.99474E-05 0.0585893 9.99474E-05 0.138524 9.99474E-05
0.025817 0.0158058 0.169489 0.045357 0.121258 0.374379 9.99737E-05 9.99737E-05 9.99737E-05 0.10116 0.146435
0.00676145 9.99736E-05 0.0756702 0.224134 0.141873 0.247341 9.99736E-05 0.0407025 0.0562858 9.99736E-05 0.206932
0.0391293 9.99649E-05 0.089545 0.0116013 9.99649E-05 0.641073 0.119519 0.0593342 9.99649E-05 0.0393989 9.99649E-05
9.99561E-05 0.1219 0.17942 9.99561E-05 0.244338 0.200523 9.99561E-05 9.99561E-05 0.195518 9.99561E-05 0.0578024
0.134323 9.99561E-05 0.214074 0.0319233 0.0855098 0.391232 9.99561E-05 9.99561E-05 9.99561E-05 9.99561E-05 0.142439
9.9921E-05 0.104048 9.9921E-05 9.9921E-05 9.9921E-05 0.895053 9.9921E-05 9.9921E-05 9.9921E-05 9.9921E-05 9.9921E-05
0.00714798 0.00518193 0.0986688 0.281512 9.99561E-05 0.515681 9.99561E-05 0.0913084 9.99561E-05 9.99561E-05 9.99561E-05
9.99561E-05 9.99561E-05 9.99561E-05 0.347963 0.141846 0.294871 9.99561E-05 0.00752509 0.0032499 9.99561E-05 0.204045
9.99474E-05 9.99474E-05 0.154748 9.99474E-05 0.17414 0.638745 0.00686602 0.0249013 9.99474E-05 9.99474E-05 9.99474E-05
0.102845 9.99385E-05 0.283499 9.99385E-05 0.211351 0.401606 9.99385E-05 9.99385E-05 9.99385E-05 9.99385E-05 9.99385E-05
9.99561E-05 0.133838 0.334283 9.99561E-05 9.99561E-05 0.335849 9.99561E-05 0.0594231 9.99561E-05 0.0308228 0.105284
9.99561E-05 9.99561E-05 0.151205 0.0550933 9.99561E-05 0.74379 9.99561E-05 0.0260605 9.99561E-05 0.0126757 0.0106753
0.0174009 0.0195491 0.13604 9.99912E-05 0.349564 0.0466546 0.00890634 0.0495751 0.207855 0.10393 0.0604253
9.99298E-05 9.99298E-05 0.0675156 0.0896203 9.99298E-05 0.842065 9.99298E-05 9.99298E-05 9.99298E-05 9.99298E-05 9.99298E-05
9.99386E-05 0.0067289 0.215249 9.99386E-05 0.151445 0.625878 9.99386E-05 9.99386E-05 9.99386E-05 9.99386E-05 9.99386E-05
9.99386E-05 9.99386E-05 0.0674061 9.99386E-05 9.99386E-05 0.855437 9.99386E-05 9.99386E-05 9.99386E-05 0.0434255 0.0330318
9.99386E-05 9.99386E-05 0.0888236 9.99386E-05 9.99386E-05 0.690409 9.99386E-05 0.0869875 0.13308 9.99386E-05 9.99386E-05
9.99474E-05 9.99474E-05 0.15517 0.115197 9.99474E-05 0.499014 9.99474E-05 0.0808865 9.99474E-05 0.149133 9.99474E-05
0.0693125 9.99561E-05 0.12893 9.99561E-05 0.110553 0.569704 9.99561E-05 0.113285 9.99561E-05 9.99561E-05 0.00771574
0.0830091 9.99649E-05 0.0969644 0.133861 9.99649E-05 0.522272 9.99649E-05 0.00488247 0.080127 0.0784848 9.99649E-05
9.99561E-05 0.00859696 0.0598988 9.99561E-05 9.99561E-05 0.854629 0.0457304 0.0129106 9.99561E-05 9.99561E-05 0.0177346
9.99649E-05 0.0195928 9.99649E-05 0.0270313 0.0706307 0.767384 0.0393022 0.0148492 9.99649E-05 9.99649E-05 0.0608104
0.0581798 9.99298E-05 9.99298E-05 9.99298E-05 9.99298E-05 0.936446 0.00457435 9.99298E-05 9.99298E-05 9.99298E-05 9.99298E-05
9.99473E-05 0.0520119 0.0809972 9.99473E-05 9.99473E-05 0.683156 0.0349144 9.99473E-05 9.99473E-05 9.99473E-05 0.148321
9.99474E-05 9.99474E-05 0.234951 9.99474E-05 9.99474E-05 0.575397 0.0672528 0.00662533 9.99474E-05 0.115174 9.99474E-05
0.202943 9.99561E-05 0.109125 0.00944498 9.99561E-05 0.587868 9.99561E-05 9.99561E-05 9.99561E-05 0.0858273 0.00429123
9.99474E-05 9.99474E-05 0.0497932 0.0473414 9.99474E-05 0.811707 9.99474E-05 0.0512536 9.99474E-05 9.99474E-05 0.0393055
9.99474E-05 9.99474E-05 0.122508 0.00234781 0.283146 0.555462 9.99474E-05 0.0359369 9.99474E-05 9.99474E-05 9.99474E-05
9.99473E-05 9.99473E-05 9.99473E-05 9.99473E-05 0.00240403 0.944938 0.0156594 0.00336795 9.99473E-05 0.0330313 9.99473E-05
9.99561E-05 0.00563947 0.215689 9.99561E-05 0.199572 0.43407 9.99561E-05 0.0719735 9.99561E-05 9.99561E-05 0.0725567
9.99474E-05 9.99474E-05 0.24667 0.278657 0.0654393 0.356927 9.99474E-05 0.0517066 9.99474E-05 9.99474E-05 9.99474E-05
9.99297E-05 9.99297E-05 9.99297E-05 0.173399 9.99297E-05 0.825339 9.99297E-05 9.99297E-05 9.99297E-05 9.99297E-05 0.000462806
9.99473E-05 9.99473E-05 0.110408 9.99473E-05 9.99473E-05 0.844327 9.99473E-05 0.0040247 0.00204226 9.99473E-05 0.038598
9.9921E-05 9.9921E-05 0.0850613 9.9921E-05 9.9921E-05 0.914039 9.9921E-05 9.9921E-05 9.9921E-05 9.9921E-05 9.9921E-05
9.99473E-05 9.99473E-05 0.129377 0.0263747 0.137952 0.663658 9.99473E-05 0.0420386 9.99473E-05 9.99473E-05 9.99473E-05
0.114002 0.00716439 9.9965E-05 9.9965E-05 9.9965E-05 0.785371 0.000657607 0.0389964 0.0356381 9.9965E-05 0.0177706
9.99649E-05 9.99649E-05 0.269079 0.100785 0.034719 0.364673 9.99649E-05 0.136136 9.99649E-05 0.0222913 0.0719168
0.0712386 0.084894 9.99386E-05 0.128914 9.99386E-05 0.714254 9.99386E-05 9.99386E-05 9.99386E-05 9.99386E-05 9.99386E-05
9.99298E-05 9.99298E-05 0.0540937 9.99298E-05 9.99298E-05 0.932275 9.99298E-05 9.99298E-05 0.0128321 9.99298E-05 9.99298E-05
0.174895 0.0355692 0.0560412 9.99649E-05 9.99649E-05 0.596744 9.99649E-05 0.0499628 0.0252085 9.99649E-05 0.0611798
9.99299E-05 9.99299E-05 0.120472 0.0931565 9.99299E-05 0.785572 9.99299E-05 9.99299E-05 9.99299E-05 9.99299E-05 9.99299E-05
9.99474E-05 0.0633328 9.99474E-05 0.0245509 9.99474E-05 0.688579 9.99474E-05 0.0758988 9.99474E-05 0.147039 9.99474E-05
9.99386E-05 9.99386E-05 0.0352277 0.094634 9.99386E-05 0.798322 9.99386E-05 9.99386E-05 0.0711171 9.99386E-05 9.99386E-05
9.99298E-05 9.99298E-05 0.084224 9.99298E-05 9.99298E-05 0.8607 9.99298E-05 0.0542769 9.99298E-05 9.99298E-05 9.99298E-05
9.99385E-05 9.99385E-05 0.0241959 9.99385E-05 9.99385E-05 0.94169 0.0257719 9.99385E-05 9.99385E-05 9.99385E-05 0.00764224
9.99561E-05 9.99561E-05 0.192334 9.99561E-05 0.664547 9.99561E-05 0.056485 0.0148562 0.0425549 9.99561E-05 0.0287226
9.99124E-05 9.99124E-05 9.99124E-05 9.99124E-05 0.999001 9.99124E-05 9.99124E-05 9.99124E-05 9.99124E-05 9.99124E-05 9.99124E-05
9.99474E-05 9.99474E-05 9.99474E-05 9.99474E-05 0.82389 0.0362826 0.0188906 9.99474E-05 0.115195 0.00514206 9.99474E-05
9.99737E-05 0.00104865 0.0793349 9.99737E-05 0.289416 9.99737E-05 0.363268 0.0277003 0.0827152 0.0432183 0.112999
0.0176225 0.0907622 0.0961208 0.0692717 0.560377 9.99736E-05 9.99736E-05 0.00745685 0.0870286 9.99736E-05 0.0710605
9.99384E-05 9.99384E-05 0.263821 9.99384E-05 0.660291 9.99384E-05 9.99384E-05 9.99384E-05 0.029278 9.99384E-05 0.0459106
9.99473E-05 9.99473E-05 0.209651 9.99473E-05 0.364779 9.99473E-05 0.353294 0.0679363 0.00373945 9.99473E-05 9.99473E-05
9.99473E-05 9.99473E-05 0.111221 9.99473E-05 0.32925 9.99473E-05 0.235144 9.99473E-05 0.216047 9.99473E-05 0.107738
9.99386E-05 9.99386E-05 0.0372105 9.99386E-05 0.917275 9.99386E-05 0.024258 9.99386E-05 0.0205572 9.99386E-05 9.99386E-05
9.99385E-05 9.99385E-05 9.99385E-05 9.99385E-05 0.80298 0.0016693 0.0553704 0.139281 9.99385E-05 9.99385E-05 9.99385E-05
9.99384E-05 9.99384E-05 0.328331 9.99384E-05 0.464436 9.99384E-05 9.99384E-05 0.163575 9.99384E-05 9.99384E-05 0.0429581
0.0892046 9.99648E-05 0.0787685 0.133476 0.537755 9.99648E-05 0.0432471 0.104565 0.0125841 9.99648E-05 9.99648E-05
0.0337685 9.99736E-05 0.0492339 0.195383 0.411127 9.99736E-05 0.0382053 0.170296 0.0102828 9.99736E-05 0.0914039
9.99384E-05 9.99384E-05 0.267077 0.0218838 0.694548 9.99384E-05 0.0157911 9.99384E-05 9.99384E-05 9.99384E-05 9.99384E-05
0.0262512 9.99474E-05 0.00614765 9.99474E-05 0.840665 9.99474E-05 9.99474E-05 0.0140359 9.99474E-05 0.112301 9.99474E-05
9.99561E-05 9.99561E-05 0.0997591 9.99561E-05 0.789914 9.99561E-05 0.0250811 0.0582179 9.99561E-05 0.0150129 0.0115152
0.0345693 9.99473E-05 0.123596 0.150729 0.634176 9.99473E-05 9.99473E-05 9.99473E-05 0.0563305 9.99473E-05 9.99473E-05
9.99385E-05 9.99385E-05 9.99385E-05 9.99385E-05 0.745094 9.99385E-05 9.99385E-05 0.142004 0.0228674 9.99385E-05 0.0893354
9.99473E-05 9.99473E-05 0.0902035 9.99473E-05 0.660633 9.99473E-05 9.99473E-05 0.0421329 0.205853 9.99473E-05 0.000577801
0.0379513 0.0345517 0.311618 9.9956E-05 0.571142 9.9956E-05 9.9956E-05 0.0264978 0.0177388 9.9956E-05 9.9956E-05
9.99387E-05 9.99387E-05 0.0411264 9.99387E-05 0.901231 0.00861849 0.0483247 9.99387E-05 9.99387E-05 9.99387E-05 9.99387E-05
9.99208E-05 9.99208E-05 0.122702 9.99208E-05 0.876399 9.99208E-05 9.99208E-05 9.99208E-05 9.99208E-05 9.99208E-05 9.99208E-05
9.99561E-05 0.00474296 0.0181182 9.99561E-05 0.675598 9.99561E-05 0.102677 9.99561E-05 0.0341064 0.164258 9.99561E-05
9.99473E-05 9.99473E-05 0.0416784 0.178547 0.608682 9.99473E-05 9.99473E-05 9.99473E-05 0.125455 9.99473E-05 0.0450384
9.99297E-05 9.99297E-05 0.096727 9.99297E-05 0.703742 9.99297E-05 9.99297E-05 0.198732 9.99297E-05 9.99297E-05 9.99297E-05
9.99562E-05 9.99562E-05 0.0597957 9.99562E-05 0.63122 0.0998033 0.134054 9.99562E-05 9.99562E-05 0.0133081 0.0613195
9.99212E-05 9.99212E-05 9.99212E-05 9.99212E-05 0.97679 9.99212E-05 9.99212E-05 9.99212E-05 0.0223109 9.99212E-05 9.99212E-05
9.99299E-05 9.99299E-05 0.0691677 9.99299E-05 0.91491 9.99299E-05 0.0151227 9.99299E-05 9.99299E-05 9.99299E-05 9.99299E-05
9.99299E-05 9.99299E-05 0.0942205 9.99299E-05 0.759552 9.99299E-05 9.99299E-05 9.99299E-05 0.145428 9.99299E-05 9.99299E-05
9.99562E-05 9.99562E-05 0.146512 9.99562E-05 0.591359 0.0178447 0.0392639 9.99562E-05 9.99562E-05 0.162283 0.0422371
9.99473E-05 9.99473E-05 0.182248 0.00407331 9.99473E-05 9.99473E-05 9.99473E-05 0.00996102 9.99473E-05 0.594607 0.208511
9.99386E-05 9.99386E-05 0.0550344 9.99386E-05 9.99386E-05 0.0013394 9.99386E-05 9.99386E-05 9.99386E-05 0.829008 0.113918
9.99648E-05 9.99648E-05 0.188711 0.048745 0.008971 9.99648E-05 9.99648E-05 0.0728909 0.030405 0.598439 0.0514384
9.99472E-05 9.99472E-05 0.289266 9.99472E-05 9.99472E-05 9.99472E-05 9.99472E-05 0.0670799 0.036728 0.461704 0.144622
9.99472E-05 0.0391779 0.11632 9.99472E-05 9.99472E-05 9.99472E-05 9.99472E-05 9.99472E-05 0.0897771 0.544118 0.210008
9.99385E-05 0.00732719 0.257352 9.99385E-05 9.99385E-05 9.99385E-05 9.99385E-05 9.99385E-05 9.99385E-05 0.499061 0.23556
9.99473E-05 9.99473E-05 0.180811 9.99473E-05 9.99473E-05 9.99473E-05 9.99473E-05 0.0427191 0.0529014 0.547458 0.175511
9.9956E-05 0.0152963 0.0968339 9.9956E-05 9.9956E-05 9.9956E-05 9.9956E-05 0.00571563 0.0370255 0.560459 0.28417
9.99473E-05 9.99473E-05 0.153541 9.99473E-05 9.99473E-05 9.99473E-05 0.216968 0.0312316 9.99473E-05 0.139111 0.458548
9.99473E-05 9.99473E-05 0.328052 0.0571951 9.99473E-05 9.99473E-05 9.99473E-05 9.99473E-05 0.0211038 0.32161 0.271439
9.99386E-05 9.99386E-05 0.00836183 9.99386E-05 9.99386E-05 9.99386E-05 0.265051 9.99386E-05 9.99386E-05 0.691591 0.0342963
9.99473E-05 0.00420326 0.139905 9.99473E-05 9.99473E-05 9.99473E-05 0.213234 0.0665691 9.99473E-05 0.575488 9.99473E-05
9.99297E-05 9.99297E-05 9.99297E-05 9.99297E-05 9.99297E-05 9.99297E-05 9.99297E-05 0.000468444 9.99297E-05 0.8389 0.159832
9.99386E-05 9.99386E-05 0.32712 9.99386E-05 9.99386E-05 9.99386E-05 0.0181176 9.99386E-05 9.99386E-05 0.484639 0.169424
0.061576 0.047077 9.99561E-05 9.99561E-05 9.99561E-05 9.99561E-05 9.99561E-05 0.0268821 0.183597 0.551618 0.12875
0.0464524 0.0257236 0.130664 0.0207859 9.99736E-05 9.99736E-05 0.133662 0.0807499 9.99736E-05 0.487525 0.0741376
9.99473E-05 0.0902644 0.129152 9.99473E-05 9.99473E-05 9.99473E-05 0.265907 9.99473E-05 9.99473E-05 0.477974 0.0361031
0.00061706 9.99649E-05 0.00468078 0.147667 9.99649E-05 0.0123021 9.99649E-05 0.030239 9.99649E-05 0.57591 0.228185
9.9956E-05 0.0275569 9.9956E-05 0.0722065 9.9956E-05 9.9956E-05 0.0153601 0.0364983 9.9956E-05 0.780949 0.066929
9.99386E-05 0.169342 0.142411 9.99386E-05 9.99386E-05 9.99386E-05 9.99386E-05 9.99386E-05 9.99386E-05 0.543155 0.144392
9.99473E-05 9.99473E-05 0.137834 0.0683893 9.99473E-05 9.99473E-05 0.0944692 9.99473E-05 9.99473E-05 0.566034 0.132674
9.9956E-05 0.00246003 0.0741047 9.9956E-05 9.9956E-05 9.9956E-05 9.9956E-05 0.106633 0.0963994 0.606236 0.113667
9.99648E-05 0.0840483 0.298595 0.039504 9.99648E-05 9.99648E-05 0.106336 0.0221524 9.99648E-05 0.226738 0.222226
9.99385E-05 9.99385E-05 0.115843 9.99385E-05 9.99385E-05 9.99385E-05 9.99385E-05 0.0205975 9.99385E-05 0.689336 0.173524
9.99561E-05 0.0907681 0.323089 0.0577605 9.99561E-05 9.99561E-05 0.116957 9.99561E-05 9.99561E-05 0.159884 0.251042
9.99561E-05 9.99561E-05 0.154452 9.99561E-05 0.081815 9.99561E-05 0.134773 9.99561E-05 0.00482664 0.44771 0.175923
9.99387E-05 0.075929 0.119504 9.99387E-05 9.99387E-05 0.0397848 9.99387E-05 9.99387E-05 9.99387E-05 0.764082 9.99387E-05
9.99472E-05 9.99472E-05 0.17243 0.226445 9.99472E-05 9.99472E-05 9.99472E-05 0.027577 9.99472E-05 0.350081 0.222867
9.99385E-05 0.0124721 0.32587 9.99385E-05 9.99385E-05 9.99385E-05 9.99385E-05 9.99385E-05 9.99385E-05 0.338278 0.322681
9.99473E-05 0.0936756 0.163918 9.99473E-05 9.99473E-05 9.99473E-05 9.99473E-05 0.0886209 9.99473E-05 0.642948 0.0102385
0.0067037 9.99561E-05 0.272353 9.99561E-05 9.99561E-05 9.99561E-05 0.022749 0.0840062 9.99561E-05 0.518652 0.0950368
0.00127319 0.0993805 0.169648 9.99648E-05 9.99648E-05 9.99648E-05 9.99648E-05 0.00931243 0.0299125 0.657621 0.0324526
9.99473E-05 0.184303 0.21135 9.99473E-05 9.99473E-05 9.99473E-05 9.99473E-05 0.0728292 9.99473E-05 0.167529 0.363389
9.9956E-05 0.084248 0.229845 9.9956E-05 0.0400015 9.9956E-05 9.9956E-05 0.0180813 9.9956E-05 0.46053 0.166795
9.99297E-05 9.99297E-05 0.194757 9.99297E-05 9.99297E-05 9.99297E-05 9.99297E-05 9.99297E-05 9.99297E-05 0.783376 0.0210678
0.0612909 0.0014078 9.9956E-05 9.9956E-05 9.9956E-05 9.9956E-05 0.105212 0.0610194 9.9956E-05 0.661888 0.108682
9.99472E-05 9.99472E-05 0.345955 9.99472E-05 9.99472E-05 9.99472E-05 9.99472E-05 0.00854869 0.081297 0.359051 0.204549
9.9921E-05 9.9921E-05 9.9921E-05 9.9921E-05 9.9921E-05 9.9921E-05 9.9921E-05 9.9921E-05 9.9921E-05 0.935824 0.0632764
9.99473E-05 0.0130685 0.127448 9.99473E-05 9.99473E-05 9.99473E-05 9.99473E-05 0.00510339 9.99473E-05 0.810619 0.0431618
9.99298E-05 9.99298E-05 9.99298E-05 0.0141439 9.99298E-05 9.99298E-05 9.99298E-05 9.99298E-05 9.99298E-05 0.92938 0.0556767
9.99474E-05 0.0614081 9.99474E-05 9.99474E-05 9.99474E-05 9.99474E-05 0.0201096 9.99474E-05 0.017435 0.86826 0.032188
9.9956E-05 9.9956E-05 0.291618 0.0353465 9.9956E-05 9.9956E-05 0.147323 0.0300885 9.9956E-05 0.293794 0.201329
9.99385E-05 9.99385E-05 0.0244469 0.119754 9.99385E-05 9.99385E-05 9.99385E-05 9.99385E-05 9.99385E-05 0.613788 0.241311
9.99474E-05 0.0299454 0.0439076 9.99474E-05 9.99474E-05 0.0117642 9.99474E-05 9.99474E-05 9.99474E-05 0.798745 0.115038
9.99298E-05 9.99298E-05 9.99298E-05 9.99298E-05 9.99298E-05 0.0296271 0.0400518 9.99298E-05 9.99298E-05 0.929522 9.99298E-05
9.99648E-05 0.149213 0.105013 9.99648E-05 9.99648E-05 9.99648E-05 0.187999 0.0186546 0.0213636 0.25258 0.264776
9.99561E-05 9.99561E-05 0.139281 9.99561E-05 0.163472 9.99561E-05 9.99561E-05 0.0494708 0.0338491 0.456075 0.157352
0.11779 9.99649E-05 0.0615864 9.99649E-05 9.99649E-05 9.99649E-05 0.10774 0.0165975 0.0824857 0.357473 0.255927
9.99473E-05 0.0499017 0.286303 9.99473E-05 0.103898 9.99473E-05 9.99473E-05 9.99473E-05 9.99473E-05 0.215144 0.344154
9.99211E-05 9.99211E-05 0.059148 9.99211E-05 9.99211E-05 9.99211E-05 9.99211E-05 9.99211E-05 9.99211E-05 0.939953 9.99211E-05
0.0387658 0.026526 0.301939 0.184617 9.99648E-05 9.99648E-05 9.99648E-05 0.0465373 9.99648E-05 0.331274 0.0699406
9.99386E-05 9.99386E-05 0.056975 9.99386E-05 9.99386E-05 9.99386E-05 0.121143 9.99386E-05 9.99386E-05 0.747017 0.0741658
9.99386E-05 9.99386E-05 0.19883 9.99386E-05 9.99386E-05 9.99386E-05 9.99386E-05 0.046178 9.99386E-05 0.643935 0.110358
0.203876 9.99561E-05 0.0229497 9.99561E-05 9.99561E-05 9.99561E-05 0.0803979 9.99561E-05 0.0368504 0.464519 0.190908
0.0567153 0.0955932 0.115307 9.99736E-05 0.0129261 9.99736E-05 9.99736E-05 0.0684593 0.0254449 0.557877 0.0673776
9.99473E-05 9.99473E-05 0.243174 0.00607771 9.99473E-05 9.99473E-05 0.272776 9.99473E-05 9.99473E-05 0.196953 0.280421
9.99472E-05 0.0490798 0.196992 9.99472E-05 9.99472E-05 9.99472E-05 9.99472E-05 0.0170232 9.99472E-05 0.490123 0.246183
0.0398381 0.0320165 0.122486 0.000241913 9.99648E-05 9.99648E-05 9.99648E-05 0.0733621 9.99648E-05 0.591761 0.139894
9.99385E-05 0.182293 0.177346 9.99385E-05 9.99385E-05 9.99385E-05 9.99385E-05 9.99385E-05 9.99385E-05 0.60189 0.0377711
9.99385E-05 9.99385E-05 0.0655881 9.99385E-05 9.99385E-05 9.99385E-05 0.0285404 9.99385E-05 9.99385E-05 0.692947 0.212225
9.9912E-05 9.9912E-05 0.999001 9.9912E-05 9.9912E-05 9.9912E-05 9.9912E-05 9.9912E-05 9.9912E-05 9.9912E-05 9.9912E-05
9.9912E-05 9.9912E-05 9.9912E-05 9.9912E-05 9.9912E-05 9.9912E-05 9.9912E-05 9.9912E-05 9.9912E-05 9.9912E-05 0.999001
9.9912E-05 9.9912E-05 0.999001 9.9912E-05 9.9912E-05 9.9912E-05 9.9912E-05 9.9912E-05 9.9912E-05 9.9912E-05 9.9912E-05
9.99119E-05 9.99119E-05 9.99119E-05 9.99119E-05 9.99119E-05 9.99119E-05 9.99119E-05 9.99119E-05 9.99119E-05 9.99119E-05 0.999001
9.9912E-05 9.9912E-05 9.9912E-05 9.9912E-05 9.9912E-05 9.9912E-05 9.9912E-05 9.9912E-05 9.9912E-05 9.9912E-05 0.999001
9.9912E-05 9.9912E-05 9.9912E-05 9.9912E-05 9.9912E-05 9.9912E-05 9.9912E-05 9.9912E-05 9.9912E-05 9.9912E-05 0.999001
9.9912E-05 9.9912E-05 0.999001 9.9912E-05 9.9912E-05 9.9912E-05 9.9912E-05 9.9912E-05 9.9912E-05 9.9912E-05 9.9912E-05
9.9912E-05 9.9912E-05 9.9912E-05 9.9912E-05 9.9912E-05 9.9912E-05 9.9912E-05 9.9912E-05 9.9912E-05 9.9912E-05 0.999001
9.99121E-05 9.99121E-05 9.99121E-05 9.99121E-05 9.99121E-05 9.99121E-05 9.99121E-05 9.99121E-05 9.99121E-05 9.99121E-05 0.999001
9.9912E-05 9.9912E-05 0.999001 9.9912E-05 9.9912E-05 9.9912E-05 9.9912E-05 9.9912E-05 9.9912E-05 9.9912E-05 9.9912E-05
9.99121E-05 9.99121E-05 0.999001 9.99121E-05 9.99121E-05 9.99121E-05 9.99121E-05 9.99121E-05 9.99121E-05 9.99121E-05 9.99121E-05
9.9912E-05 9.9912E-05 0.999001 9.9912E-05 9.9912E-05 9.9912E-05 9.9912E-05 9.9912E-05 9.9912E-05 9.9912E-05 9.9912E-05
9.99119E-05 9.99119E-05 9.99119E-05 9.99119E-05 9.99119E-05 9.99119E-05 9.99119E-05 9.99119E-05 9.99119E-05 9.99119E-05 0.999001
9.9912E-05 9.9912E-05 9.9912E-05 9.9912E-05 9.9912E-05 9.9912E-05 9.9912E-05 9.9912E-05 9.9912E-05 9.9912E-05 0.999001
9.9912E-05 9.9912E-05 0.999001 9.9912E-05 9.9912E-05 9.9912E-05 9.9912E-05 9.9912E-05 9.9912E-05 9.9912E-05 9.9912E-05
9.9912E-05 9.9912E-05 0.999001 9.9912E-05 9.9912E-05 9.9912E-05 9.9912E-05 9.9912E-05 9.9912E-05 9.9912E-05 9.9912E-05
0.101075 0.0880129 0.214269 0.127117 9.99736E-05 9.99736E-05 0.0173209 9.99736E-05 0.00841913 0.297363 0.146123
9.9912E-05 9.9912E-05 0.999001 9.9912E-05 9.9912E-05 9.9912E-05 9.9912E-05 9.9912E-05 9.9912E-05 9.9912E-05 9.9912E-05
9.9912E-05 9.9912E-05 9.9912E-05 9.9912E-05 9.9912E-05 9.9912E-05 9.9912E-05 9.9912E-05 9.9912E-05 9.9912E-05 0.999001
9.9912E-05 9.9912E-05 0.999001 9.9912E-05 9.9912E-05 9.9912E-05 9.9912E-05 9.9912E-05 9.9912E-05 9.9912E-05 9.9912E-05
9.9912E-05 9.9912E-05 0.999001 9.9912E-05 9.9912E-05 9.9912E-05 9.9912E-05 9.9912E-05 9.9912E-05 9.9912E-05 9.9912E-05
9.99119E-05 9.99119E-05 0.999001 9.99119E-05 9.99119E-05 9.99119E-05 9.99119E-05 9.99119E-05 9.99119E-05 9.99119E-05 9.99119E-05
9.9912E-05 9.9912E-05 9.9912E-05 9.9912E-05 9.9912E-05 9.9912E-05 9.9912E-05 9.9912E-05 9.9912E-05 9.9912E-05 0.999001
9.99121E-05 9.99121E-05 0.999001 9.99121E-05 9.99121E-05 9.99121E-05 9.99121E-05 9.99121E-05 9.99121E-05 9.99121E-05 9.99121E-05
9.9912E-05 9.9912E-05 9.9912E-05 9.9912E-05 9.9912E-05 9.9912E-05 9.9912E-05 9.9912E-05 9.9912E-05 9.9912E-05 0.999001
9.9912E-05 9.9912E-05 0.999001 9.9912E-05 9.9912E-05 9.9912E-05 9.9912E-05 9.9912E-05 9.9912E-05 9.9912E-05 9.9912E-05
9.99119E-05 9.99119E-05 0.999001 9.99119E-05 9.99119E-05 9.99119E-05 9.99119E-05 9.99119E-05 9.99119E-05 9.99119E-05 9.99119E-05
9.9912E-05 9.9912E-05 9.9912E-05 9.9912E-05 9.9912E-05 9.9912E-05 9.9912E-05 9.9912E-05 9.9912E-05 9.9912E-05 0.999001
9.9912E-05 9.9912E-05 9.9912E-05 9.9912E-05 9.9912E-05 9.9912E-05 9.9912E-05 9.9912E-05 9.9912E-05 9.9912E-05 0.999001
9.9912E-05 9.9912E-05 9.9912E-05 9.9912E-05 9.9912E-05 9.9912E-05 9.9912E-05 9.9912E-05 9.9912E-05 9.9912E-05 0.999001
9.9912E-05 9.9912E-05 0.999001 9.9912E-05 9.9912E-05 9.9912E-05 9.9912E-05 9.9912E-05 9.9912E-05 9.9912E-05 9.9912E-05
9.9912E-05 9.9912E-05 0.999001 9.9912E-05 9.9912E-05 9.9912E-05 9.9912E-05 9.9912E-05 9.9912E-05 9.9912E-05 9.9912E-05
9.9912E-05 9.9912E-05 0.999001 9.9912E-05 9.9912E-05 9.9912E-05 9.9912E-05 9.9912E-05 9.9912E-05 9.9912E-05 9.9912E-05
9.9912E-05 9.9912E-05 0.999001 9.9912E-05 9.9912E-05 9.9912E-05 9.9912E-05 9.9912E-05 9.9912E-05 9.9912E-05 9.9912E-05
9.9912E-05 9.9912E-05 0.999001 9.9912E-05 9.9912E-05 9.9912E-05 9.9912E-05 9.9912E-05 9.9912E-05 9.9912E-05 9.9912E-05
9.9912E-05 9.9912E-05 9.9912E-05 9.9912E-05 9.9912E-05 9.9912E-05 9.9912E-05 9.9912E-05 9.9912E-05 9.9912E-05 0.999001
9.9912E-05 9.9912E-05 9.9912E-05 9.9912E-05 9.9912E-05 9.9912E-05 9.9912E-05 9.9912E-05 9.9912E-05 9.9912E-05 0.999001
9.9912E-05 9.9912E-05 9.9912E-05 9.9912E-05 9.9912E-05 9.9912E-05 9.9912E-05 9.9912E-05 9.9912E-05 9.9912E-05 0.999001
9.9912E-05 9.9912E-05 0.999001 9.9912E-05 9.9912E-05 9.9912E-05 9.9912E-05 9.9912E-05 9.9912E-05 9.9912E-05 9.9912E-05
9.9912E-05 9.9912E-05 9.9912E-05 9.9912E-05 9.9912E-05 9.9912E-05 9.9912E-05 9.9912E-05 9.9912E-05 9.9912E-05 0.999001
9.9912E-05 9.9912E-05 9.9912E-05 9.9912E-05 9.9912E-05 9.9912E-05 9.9912E-05 9.9912E-05 9.9912E-05 9.9912E-05 0.999001
9.9912E-05 9.9912E-05 9.9912E-05 9.9912E-05 9.9912E-05 9.9912E-05 9.9912E-05 9.9912E-05 9.9912E-05 9.9912E-05 0.999001
9.99119E-05 9.99119E-05 9.99119E-05 9.99119E-05 9.99119E-05 9.99119E-05 9.99119E-05 9.99119E-05 9.99119E-05 9.99119E-05 0.999001
9.9912E-05 9.9912E-05 0.999001 9.9912E-05 9.9912E-05 9.9912E-05 9.9912E-05 9.9912E-05 9.9912E-05 9.9912E-05 9.9912E-05
9.99121E-05 9.99121E-05 9.99121E-05 9.99121E-05 9.99121E-05 9.99121E-05 9.99121E-05 9.99121E-05 9.99121E-05 9.99121E-05 0.999001
9.9912E-05 9.9912E-05 9.9912E-05 9.9912E-05 9.9912E-05 9.9912E-05 9.9912E-05 9.9912E-05 9.9912E-05 9.9912E-05 0.999001
0.0745072 0.0765594 0.236683 0.112402 9.99736E-05 9.99736E-05 0.0484716 0.00924556 9.99736E-05 0.285797 0.156035
9.9912E-05 9.9912E-05 0.999001 9.9912E-05 9.9912E-05 9.9912E-05 9.9912E-05 9.9912E-05 9.9912E-05 9.9912E-05 9.9912E-05
9.9912E-05 9.9912E-05 9.9912E-05 9.9912E-05 9.9912E-05 9.9912E-05 9.9912E-05 9.9912E-05 9.9912E-05 9.9912E-05 0.999001
9.9912E-05 9.9912E-05 9.9912E-05 9.9912E-05 9.9912E-05 9.9912E-05 9.9912E-05 9.9912E-05 9.9912E-05 9.9912E-05 0.999001
9.9912E-05 9.9912E-05 9.9912E-05 9.9912E-05 9.9912E-05 9.9912E-05 9.9912E-05 9.9912E-05 9.9912E-05 9.9912E-05 0.999001
9.9912E-05 9.9912E-05 9.9912E-05 9.9912E-05 9.9912E-05 9.9912E-05 9.9912E-05 9.9912E-05 9.9912E-05 9.9912E-05 0.999001
9.99119E-05 9.99119E-05 0.999001 9.99119E-05 9.99119E-05 9.99119E-05 9.99119E-05 9.99119E-05 9.99119E-05 9.99119E-05 9.99119E-05
9.99121E-05 9.99121E-05 9.99121E-05 9.99121E-05 9.99121E-05 9.99121E-05 9.99121E-05 9.99121E-05 9.99121E-05 9.99121E-05 0.999001
9.9912E-05 9.9912E-05 0.999001 9.9912E-05 9.9912E-05 9.9912E-05 9.9912E-05 9.9912E-05 9.9912E-05 9.9912E-05 9.9912E-05
9.9912E-05 9.9912E-05 9.9912E-05 9.9912E-05 9.9912E-05 9.9912E-05 9.9912E-05 9.9912E-05 9.9912E-05 9.9912E-05 0.999001
9.9912E-05 9.9912E-05 0.999001 9.9912E-05 9.9912E-05 9.9912E-05 9.9912E-05 9.9912E-05 9.9912E-05 9.9912E-05 9.9912E-05
9.9912E-05 9.9912E-05 9.9912E-05 9.9912E-05 9.9912E-05 9.9912E-05 9.9912E-05 9.9912E-05 9.9912E-05 9.9912E-05 0.999001
9.99119E-05 9.99119E-05 9.99119E-05 9.99119E-05 9.99119E-05 9.99119E-05 9.99119E-05 9.99119E-05 9.99119E-05 9.99119E-05 0.999001
9.9912E-05 9.9912E-05 9.9912E-05 9.9912E-05 9.9912E-05 9.9912E-05 9.9912E-05 9.9912E-05 9.9912E-05 9.9912E-05 0.999001
9.9912E-05 9.9912E-05 9.9912E-05 9.9912E-05 9.9912E-05 9.9912E-05 9.9912E-05 9.9912E-05 9.9912E-05 9.9912E-05 0.999001
9.9912E-05 9.9912E-05 9.9912E-05 9.9912E-05 9.9912E-05 9.9912E-05 9.9912E-05 9.9912E-05 9.9912E-05 9.9912E-05 0.999001
9.9912E-05 9.9912E-05 9.9912E-05 9.9912E-05 9.9912E-05 9.9912E-05 9.9912E-05 9.9912E-05 9.9912E-05 9.9912E-05 0.999001
9.9912E-05 9.9912E-05 0.999001 9.9912E-05 9.9912E-05 9.9912E-05 9.9912E-05 9.9912E-05 9.9912E-05 9.9912E-05 9.9912E-05
9.99119E-05 9.99119E-05 0.999001 9.99119E-05 9.99119E-05 9.99119E-05 9.99119E-05 9.99119E-05 9.99119E-05 9.99119E-05 9.99119E-05
9.9912E-05 9.9912E-05 0.999001 9.9912E-05 9.9912E-05 9.9912E-05 9.9912E-05 9.9912E-05 9.9912E-05 9.9912E-05 9.9912E-05
9.9912E-05 9.9912E-05 9.9912E-05 9.9912E-05 9.9912E-05 9.9912E-05 9.9912E-05 9.9912E-05 9.9912E-05 9.9912E-05 0.999001
9.9912E-05 9.9912E-05 0.999001 9.9912E-05 9.9912E-05 9.9912E-05 9.9912E-05 9.9912E-05 9.9912E-05 9.9912E-05 9.9912E-05
9.9912E-05 9.9912E-05 0.999001 9.9912E-05 9.9912E-05 9.9912E-05 9.9912E-05 9.9912E-05 9.9912E-05 9.9912E-05 9.9912E-05
9.99119E-05 9.99119E-05 0.999001 9.99119E-05 9.99119E-05 9.99119E-05 9.99119E-05 9.99119E-05 9.99119E-05 9.99119E-05 9.99119E-05
9.9912E-05 9.9912E-05 9.9912E-05 9.9912E-05 9.9912E-05 9.9912E-05 9.9912E-05 9.9912E-05 9.9912E-05 9.9912E-05 0.999001
9.9912E-05 9.9912E-05 9.9912E-05 9.9912E-05 9.9912E-05 9.9912E-05 9.9912E-05 9.9912E-05 9.9912E-05 9.9912E-05 0.999001
9.9912E-05 9.9912E-05 9.9912E-05 9.9912E-05 9.9912E-05 9.9912E-05 9.9912E-05 9.9912E-05 9.9912E-05 9.9912E-05 0.999001
9.99119E-05 9.99119E-05 0.999001 9.99119E-05 9.99119E-05 9.99119E-05 9.99119E-05 9.99119E-05 9.99119E-05 9.99119E-05 9.99119E-05
9.9912E-05 9.9912E-05 9.9912E-05 9.9912E-05 9.9912E-05 9.9912E-05 9.9912E-05 9.9912E-05 9.9912E-05 9.9912E-05 0.999001
9.9912E-05 9.9912E-05 9.9912E-05 9.9912E-05 9.9912E-05 9.9912E-05 9.9912E-05 9.9912E-05 9.9912E-05 9.9912E-05 0.999001
9.9912E-05 9.9912E-05 0.999001 9.9912E-05 9.9912E-05 9.9912E-05 9.9912E-05 9.9912E-05 9.9912E-05 9.9912E-05 9.9912E-05
9.9912E-05 9.9912E-05 9.9912E-05 9.9912E-05 9.9912E-05 9.9912E-05 9.9912E-05 9.9912E-05 9.9912E-05 9.9912E-05 0.999001
9.9912E-05 9.9912E-05 9.9912E-05 9.9912E-05 9.9912E-05 9.9912E-05 9.9912E-05 9.9912E-05 9.9912E-05 9.9912E-05 0.999001
0.048254 9.99648E-05 0.327022 9.99648E-05 9.99648E-05 9.99648E-05 0.0470203 0.192262 0.0901581 0.183728 0.111156
9.9912E-05 9.9912E-05 0.999001 9.9912E-05 9.9912E-05 9.9912E-05 9.9912E-05 9.9912E-05 9.9912E-05 9.9912E-05 9.9912E-05
9.99121E-05 9.99121E-05 9.99121E-05 9.99121E-05 9.99121E-05 9.99121E-05 9.99121E-05 9.99121E-05 9.99121E-05 9.99121E-05 0.999001
0.00897099 0.029803 0.129462 9.99649E-05 9.99649E-05 9.99649E-05 9.99649E-05 0.0216299 0.0663833 0.281692 0.461658
0.0251126 9.99473E-05 0.217607 0.196329 9.99473E-05 9.99473E-05 9.99473E-05 9.99473E-05 9.99473E-05 0.296315 0.264037
9.99473E-05 0.00824675 0.395117 9.99473E-05 9.99473E-05 9.99473E-05 0.0477628 9.99473E-05 9.99473E-05 0.366422 0.181852
0.0794743 0.061614 0.152881 0.0023077 9.99648E-05 9.99648E-05 9.99648E-05 9.99648E-05 0.0820527 0.592905 0.0283659
9.99385E-05 9.99385E-05 0.332468 9.99385E-05 9.99385E-05 9.99385E-05 0.094413 9.99385E-05 9.99385E-05 0.258157 0.314263
9.99475E-05 9.99475E-05 0.0331583 9.99475E-05 0.052199 9.99475E-05 0.00500804 9.99475E-05 9.99475E-05 0.790594 0.118441
9.99561E-05 0.0626462 0.214441 0.0494634 0.14296 9.99561E-05 9.99561E-05 9.99561E-05 9.99561E-05 0.198935 0.331054
9.9956E-05 0.0672938 0.0633509 9.9956E-05 9.9956E-05 9.9956E-05 9.9956E-05 0.0983508 0.0795144 0.443621 0.24737
9.99298E-05 9.99298E-05 0.0512987 9.99298E-05 9.99298E-05 9.99298E-05 9.99298E-05 9.99298E-05 9.99298E-05 0.720543 0.227359
9.99472E-05 0.00600332 0.205976 0.1771 9.99472E-05 9.99472E-05 9.99472E-05 9.99472E-05 9.99472E-05 0.60936 0.000960791
9.99385E-05 9.99385E-05 0.246212 9.99385E-05 9.99385E-05 9.99385E-05 9.99385E-05 0.089269 9.99385E-05 0.566338 0.0974813
9.99385E-05 9.99385E-05 0.0761174 9.99385E-05 0.0711406 9.99385E-05 9.99385E-05 9.99385E-05 9.99385E-05 0.234989 0.617054
0.0561806 9.9956E-05 0.314875 9.9956E-05 0.13203 9.9956E-05 9.9956E-05 9.9956E-05 0.0993134 0.12298 0.274121
9.99472E-05 0.0210025 0.119544 9.99472E-05 9.99472E-05 9.99472E-05 9.99472E-05 9.99472E-05 0.136276 0.630968 0.0916105
9.99385E-05 9.99385E-05 0.35285 9.99385E-05 9.99385E-05 9.99385E-05 9.99385E-05 0.0643671 9.99385E-05 0.414086 0.167998
9.99561E-05 9.99561E-05 0.181691 9.99561E-05 0.0425313 9.99561E-05 0.185014 0.0523423 9.99561E-05 0.250628 0.287294
9.99561E-05 0.0482821 0.0861365 9.99561E-05 9.99561E-05 9.99561E-05 0.0285459 0.040118 9.99561E-05 0.605779 0.190639
0.0758424 9.99648E-05 0.415299 9.99648E-05 9.99648E-05 9.99648E-05 0.0267423 0.0961322 0.0178996 0.281224 0.0864603
9.99472E-05 0.124675 9.99472E-05 9.99472E-05 9.99472E-05 9.99472E-05 0.273074 0.0574211 9.99472E-05 0.402231 0.142
9.99473E-05 9.99473E-05 0.33091 0.0394728 9.99473E-05 9.99473E-05 9.99473E-05 9.99473E-05 0.0418996 0.350294 0.236824
9.9956E-05 0.00290727 0.258876 0.0895192 9.9956E-05 9.9956E-05 0.0395076 9.9956E-05 9.9956E-05 0.403409 0.205281
0.0720302 9.99561E-05 0.00188505 0.00325972 9.99561E-05 9.99561E-05 0.0211004 9.99561E-05 9.99561E-05 0.606301 0.294924
0.106041 0.0408249 0.220369 9.99648E-05 9.99648E-05 9.99648E-05 9.99648E-05 0.0441468 0.00897834 0.344958 0.234282
9.9956E-05 9.9956E-05 0.168178 0.0100291 9.9956E-05 9.9956E-05 9.9956E-05 0.0233238 0.0490495 0.545518 0.203402
9.99384E-05 9.99384E-05 0.120145 9.99384E-05 9.99384E-05 9.99384E-05 9.99384E-05 9.99384E-05 0.189822 0.594263 0.0950703
9.99211E-05 9.99211E-05 9.99211E-05 9.99211E-05 9.99211E-05 9.99211E-05 0.0974582 9.99211E-05 9.99211E-05 0.901643 9.99211E-05
9.99472E-05 9.99472E-05 0.183028 0.169982 9.99472E-05 9.99472E-05 0.0739985 9.99472E-05 9.99472E-05 0.484448 0.0879429
0.00104895 0.00752481 0.337364 0.0132195 9.99649E-05 9.99649E-05 9.99649E-05 9.99649E-05 0.0626496 0.291392 0.286401
9.99472E-05 0.0830445 0.137224 0.109432 9.99472E-05 9.99472E-05 9.99472E-05 9.99472E-05 0.0712722 0.598427 9.99472E-05
9.99473E-05 0.146884 0.0592835 9.99473E-05 9.99473E-05 9.99473E-05 9.99473E-05 9.99473E-05 0.141137 0.461181 0.190914
9.99561E-05 9.99561E-05 0.188519 0.0865121 9.99561E-05 9.99561E-05 0.0914372 0.0215795 9.99561E-05 0.223103 0.38835
9.99473E-05 9.99473E-05 0.130315 9.99473E-05 9.99473E-05 9.99473E-05 0.0265867 0.0146877 9.99473E-05 0.534854 0.292956
9.99472E-05 9.99472E-05 0.219126 0.0519622 9.99472E-05 9.99472E-05 0.254857 9.99472E-05 9.99472E-05 0.295424 0.178032
9.99561E-05 9.99561E-05 0.254243 0.067571 9.99561E-05 9.99561E-05 9.99561E-05 0.0335757 0.0272039 0.385245 0.231662
9.9956E-05 9.9956E-05 0.184617 0.00861346 9.9956E-05 9.9956E-05 9.9956E-05 0.119334 0.0820729 0.396098 0.208765
9.99385E-05 9.99385E-05 0.320075 0.0493208 9.99385E-05 9.99385E-05 9.99385E-05 9.99385E-05 9.99385E-05 0.542855 0.0870489
9.9921E-05 9.9921E-05 0.00943496 9.9921E-05 9.9921E-05 9.9921E-05 9.9921E-05 9.9921E-05 9.9921E-05 0.989666 9.9921E-05
9.99472E-05 9.99472E-05 0.159592 9.99472E-05 0.280444 9.99472E-05 9.99472E-05 0.216433 9.99472E-05 0.285331 0.0576
0.135415 9.99473E-05 0.17257 9.99473E-05 9.99473E-05 9.99473E-05 9.99473E-05 0.0766384 9.99473E-05 0.610318 0.00445874
9.99385E-05 9.99385E-05 0.122806 0.280774 9.99385E-05 9.99385E-05 9.99385E-05 9.99385E-05 9.99385E-05 0.364961 0.23076
9.99385E-05 9.99385E-05 0.302897 0.0558664 9.99385E-05 9.99385E-05 9.99385E-05 9.99385E-05 9.99385E-05 0.510487 0.13005
9.99649E-05 0.044733 0.0690456 0.127201 0.0628364 9.99649E-05 9.99649E-05 0.0389549 9.99649E-05 0.538378 0.118451
9.99385E-05 9.99385E-05 0.165393 0.261053 9.99385E-05 9.99385E-05 9.99385E-05 9.99385E-05 9.99385E-05 0.323068 0.249786
9.99561E-05 9.99561E-05 0.137186 0.00580327 9.99561E-05 9.99561E-05 0.145993 9.99561E-05 0.0463418 0.174254 0.489923
9.99385E-05 9.99385E-05 0.376142 9.99385E-05 9.99385E-05 9.99385E-05 0.110398 9.99385E-05 9.99385E-05 0.176822 0.335938
9.99736E-05 0.0483154 0.181384 0.11625 9.99736E-05 9.99736E-05 0.0304604 0.0113535 0.00191956 0.44442 0.165598
9.99121E-05 9.99121E-05 9.99121E-05 9.99121E-05 9.99121E-05 9.99121E-05 9.99121E-05 9.99121E-05 9.99121E-05 0.999001 9.99121E-05
9.99472E-05 0.034634 0.0725454 9.99472E-05 9.99472E-05 9.99472E-05 9.99472E-05 0.0574929 9.99472E-05 0.581269 0.253458
9.99123E-05 9.99123E-05 9.99123E-05 9.99123E-05 9.99123E-05 9.99123E-05 9.99123E-05 9.99123E-05 9.99123E-05 0.999001 9.99123E-05
0.0906336 9.9956E-05 0.184746 9.9956E-05 9.9956E-05 9.9956E-05 0.207497 9.9956E-05 0.0916846 0.245877 0.179061
9.99298E-05 9.99298E-05 9.99298E-05 9.99298E-05 9.99298E-05 9.99298E-05 0.0941898 0.0621768 9.99298E-05 0.842834 9.99298E-05
9.99385E-05 9.99385E-05 0.401239 9.99385E-05 9.99385E-05 9.99385E-05 0.0593962 0.0888651 9.99385E-05 0.4498 9.99385E-05
9.9956E-05 9.9956E-05 0.243455 0.128296 0.0810371 9.9956E-05 0.229172 0.0571538 9.9956E-05 0.260385 9.9956E-05
9.99385E-05 9.99385E-05 0.179889 9.99385E-05 9.99385E-05 9.99385E-05 0.185627 9.99385E-05 9.99385E-05 0.427576 0.206209
0.0535984 9.99472E-05 0.120402 0.282271 9.99472E-05 9.99472E-05 9.99472E-05 9.99472E-05 9.99472E-05 0.458343 0.0847857
9.99473E-05 0.0108858 0.02617 9.99473E-05 0.103667 9.99473E-05 9.99473E-05 9.99473E-05 9.99473E-05 0.50069 0.357987
9.99474E-05 9.99474E-05 0.130243 9.99474E-05 9.99474E-05 9.99474E-05 0.174165 0.0127291 9.99474E-05 0.67063 0.0116339
9.99385E-05 9.99385E-05 9.99385E-05 9.99385E-05 9.99385E-05 9.99385E-05 0.0233414 0.0668859 9.99385E-05 0.732615 0.176459
9.99561E-05 0.0302234 0.182553 9.99561E-05 9.99561E-05 9.99561E-05 9.99561E-05 0.0347768 0.00818554 0.51847 0.225291
9.99385E-05 9.99385E-05 0.12333 9.99385E-05 9.99385E-05 9.99385E-05 0.185246 9.99385E-05 9.99385E-05 0.451264 0.23946
9.99297E-05 9.99297E-05 0.0326801 9.99297E-05 9.99297E-05 9.99297E-05 9.99297E-05 9.99297E-05 9.99297E-05 0.862528 0.103993
9.99299E-05 9.99299E-05 9.99299E-05 9.99299E-05 9.99299E-05 0.0211675 9.99299E-05 9.99299E-05 9.99299E-05 0.843997 0.134036
9.99562E-05 0.00979089 0.153493 9.99562E-05 9.99562E-05 0.0153664 9.99562E-05 0.0264178 9.99562E-05 0.791773 0.00265956
9.99473E-05 9.99473E-05 0.208633 9.99473E-05 9.99473E-05 9.99473E-05 9.99473E-05 0.061199 0.0412207 0.557216 0.131132
9.99473E-05 0.142288 0.0961732 9.99473E-05 9.99473E-05 9.99473E-05 9.99473E-05 0.00366729 9.99473E-05 0.524936 0.232336
0.0378249 9.99385E-05 0.0174894 9.99385E-05 9.99385E-05 9.99385E-05 9.99385E-05 9.99385E-05 9.99385E-05 0.628218 0.315768
9.99299E-05 9.99299E-05 0.011493 9.99299E-05 9.99299E-05 9.99299E-05 9.99299E-05 9.99299E-05 9.99299E-05 0.80465 0.183058
9.99737E-05 0.0463329 0.179779 0.00154592 0.0324545 9.99737E-05 0.0556386 0.0287331 9.99737E-05 0.418739 0.236476
9.99472E-05 0.0210508 0.40965 9.99472E-05 9.99472E-05 9.99472E-05 9.99472E-05 0.0753682 9.99472E-05 0.423201 0.0701303
9.99298E-05 9.99298E-05 9.99298E-05 9.99298E-05 9.99298E-05 9.99298E-05 0.327098 0.0529406 9.99298E-05 0.619162 9.99298E-05
9.99473E-05 0.0288034 0.235381 9.99473E-05 9.99473E-05 9.99473E-05 0.241709 9.99473E-05 9.99473E-05 0.43803 0.0554765
9.99387E-05 9.99387E-05 0.0880172 9.99387E-05 9.99387E-05 0.0550269 0.0862075 9.99387E-05 9.99387E-05 0.770049 9.99387E-05
9.99297E-05 9.99297E-05 0.30981 9.99297E-05 9.99297E-05 9.99297E-05 9.99297E-05 9.99297E-05 9.99297E-05 0.362549 0.326842
0.0717214 0.066305 9.99561E-05 9.99561E-05 9.99561E-05 9.99561E-05 0.285056 0.0206913 0.121754 0.433972 9.99561E-05
9.9921E-05 9.9921E-05 0.136444 9.9921E-05 9.9921E-05 9.9921E-05 9.9921E-05 9.9921E-05 9.9921E-05 0.862656 9.9921E-05
9.99473E-05 9.99473E-05 0.144576 9.99473E-05 9.99473E-05 9.99473E-05 0.244952 0.0261493 9.99473E-05 0.430056 0.153667
9.99298E-05 9.99298E-05 9.99298E-05 9.99298E-05 9.99298E-05 0.043422 0.191003 9.99298E-05 9.99298E-05 0.764776 9.99298E-05
9.99384E-05 9.99384E-05 0.247982 0.128417 9.99384E-05 9.99384E-05 9.99384E-05 0.0131349 9.99384E-05 0.609766 9.99384E-05
9.99211E-05 9.99211E-05 9.99211E-05 9.99211E-05 9.99211E-05 9.99211E-05 0.259308 9.99211E-05 9.99211E-05 0.739792 9.99211E-05
9.99385E-05 9.99385E-05 9.99385E-05 9.99385E-05 9.99385E-05 9.99385E-05 0.12591 0.077522 9.99385E-05 0.429638 0.36623
9.99472E-05 9.99472E-05 0.0990233 0.0748349 9.99472E-05 9.99472E-05 9.99472E-05 0.0932753 9.99472E-05 0.501435 0.230832
0.0582162 0.130411 0.107052 0.100608 9.99648E-05 9.99648E-05 0.049973 9.99648E-05 9.99648E-05 0.375689 0.177651
9.99211E-05 9.99211E-05 9.99211E-05 9.99211E-05 9.99211E-05 9.99211E-05 0.0848694 9.99211E-05 9.99211E-05 0.914231 9.99211E-05
9.99561E-05 9.99561E-05 0.0255016 0.0135803 0.0278805 9.99561E-05 9.99561E-05 0.0765789 9.99561E-05 0.590879 0.26508
9.99561E-05 0.121679 0.120291 9.99561E-05 9.99561E-05 9.99561E-05 0.249492 0.0203448 9.99561E-05 0.311868 0.175825
9.99385E-05 9.99385E-05 0.124021 9.99385E-05 9.99385E-05 9.99385E-05 0.110029 0.000597613 9.99385E-05 0.764653 9.99385E-05
9.99472E-05 0.0239407 0.286716 9.99472E-05 9.99472E-05 9.99472E-05 9.99472E-05 0.0460947 0.171425 0.471223 9.99472E-05
9.99385E-05 9.99385E-05 0.214234 9.99385E-05 9.99385E-05 9.99385E-05 9.99385E-05 9.99385E-05 0.00874798 0.317348 0.458971
0.0655282 0.0137517 0.323072 0.0141214 9.99736E-05 9.99736E-05 9.99736E-05 0.0331468 0.0240552 0.393547 0.132478
0.0703498 9.99472E-05 0.28041 0.0948411 9.99472E-05 9.99472E-05 9.99472E-05 9.99472E-05 9.99472E-05 0.336577 0.217223
9.99561E-05 0.234615 0.141089 0.0112108 9.99561E-05 9.99561E-05 0.122489 9.99561E-05 9.99561E-05 0.359595 0.130501
9.99473E-05 9.99473E-05 0.372644 9.99473E-05 9.99473E-05 9.99473E-05 0.293424 9.99473E-05 0.073658 0.202121 0.0575531
9.99474E-05 9.99474E-05 0.139283 0.0616416 0.0154464 9.99474E-05 9.99474E-05 9.99474E-05 9.99474E-05 0.422136 0.360894
0.0118857 0.139223 0.0469013 9.99824E-05 0.0127657 9.99824E-05 0.295691 0.134307 0.0422022 0.26215 0.054674
9.99298E-05 9.99298E-05 9.99298E-05 9.99298E-05 9.99298E-05 9.99298E-05 0.17845 9.99298E-05 9.99298E-05 0.59422 0.22653
9.99474E-05 9.99474E-05 9.99474E-05 0.0226625 0.0357607 9.99474E-05 0.178369 9.99474E-05 0.0562367 0.706371 9.99474E-05
9.99297E-05 9.99297E-05 9.99297E-05 0.265504 9.99297E-05 9.99297E-05 9.99297E-05 9.99297E-05 9.99297E-05 0.405357 0.32834
9.9956E-05 9.9956E-05 0.317391 0.0782534 9.9956E-05 9.9956E-05 0.0373381 0.113589 9.9956E-05 0.373271 0.0796587
9.99298E-05 9.99298E-05 0.555864 9.99298E-05 9.99298E-05 9.99298E-05 9.99298E-05 9.99298E-05 0.104431 0.338905 9.99298E-05
9.99385E-05 9.99385E-05 0.524914 0.0871067 9.99385E-05 9.99385E-05 9.99385E-05 9.99385E-05 9.99385E-05 0.272294 0.114986
0.0494451 0.059277 9.99648E-05 0.165006 9.99648E-05 9.99648E-05 9.99648E-05 0.0645885 0.0809784 0.326672 0.253633
9.99384E-05 9.99384E-05 0.366785 9.99384E-05 0.16585 9.99384E-05 9.99384E-05 9.99384E-05 9.99384E-05 0.379493 0.0871726
0.0663814 0.211085 0.110159 9.99824E-05 0.0513877 9.99824E-05 0.0833763 0.0440755 0.0634035 0.313495 0.0564369
9.99386E-05 9.99386E-05 9.99386E-05 9.99386E-05 9.99386E-05 0.0401897 0.104856 9.99386E-05 9.99386E-05 0.745322 0.108933
9.99649E-05 9.99649E-05 0.0484804 9.99649E-05 0.0116741 0.0265694 0.0563142 9.99649E-05 0.0733708 0.676777 0.106414
