0.0551487 9.99912E-05 0.709451 0.0425025 0.00406961 0.188728
0.0129738 9.99824E-05 0.899732 0.0636769 9.99824E-05 0.0234172
9.996E-05 9.996E-05 0.9995 9.996E-05 9.996E-05 9.996E-05
0.0411946 0.307061 0.375394 0.155996 0.0881116 0.0322425
9.99824E-05 0.0857578 0.899873 0.00528715 0.00888184 9.99824E-05
0.203228 0.261117 0.363812 0.171643 9.99824E-05 9.99824E-05
0.0622007 0.394936 0.403599 0.0501974 9.99912E-05 0.0889666
0.206204 0.404852 0.312974 9.99824E-05 9.99824E-05 0.0757706
0.267635 0.0681382 0.338232 0.192702 0.133193 9.99912E-05
9.996E-05 9.996E-05 0.9995 9.996E-05 9.996E-05 9.996E-05
0.0845257 9.99824E-05 0.70441 9.99824E-05 0.0388889 0.171975
9.996E-05 9.996E-05 0.9995 9.996E-05 9.996E-05 9.996E-05
0.00377505 9.99737E-05 0.96269 0.0332347 9.99737E-05 9.99737E-05
9.99825E-05 0.0364864 0.727018 0.152103 9.99825E-05 0.0841932
0.154434 0.0640874 0.496964 0.267833 0.0165817 9.99912E-05
0.208229 0.304457 0.375138 0.111778 9.99912E-05 0.000297642
9.99825E-05 0.0574038 0.712625 0.223721 0.00604991 9.99825E-05
0.103823 9.99912E-05 0.44508 0.0923176 0.170025 0.188654
0.228376 9.99824E-05 0.589158 9.99824E-05 0.0436942 0.138571
9.996E-05 9.996E-05 0.9995 9.996E-05 9.996E-05 9.996E-05
0.08562 0.269802 0.551969 0.00781044 0.0266379 0.0581602
0.272279 0.314161 0.362467 0.0269317 9.99912E-05 0.0240612
9.99737E-05 9.99737E-05 0.773373 0.126948 9.99737E-05 0.0993788
9.99736E-05 0.163461 0.585114 0.251124 9.99736E-05 9.99736E-05
0.11466 0.088546 0.344477 0.303842 0.148376 9.99912E-05
9.99737E-05 0.14567 0.777566 0.0764647 9.99737E-05 9.99737E-05
0.0326593 0.252043 0.134524 0.405349 9.99912E-05 0.175324
9.99737E-05 0.0875754 0.83484 0.0772847 9.99737E-05 9.99737E-05
9.99649E-05 9.99649E-05 0.733743 0.265857 9.99649E-05 9.99649E-05
0.0560364 9.99737E-05 0.84327 0.100393 9.99737E-05 9.99737E-05
0.0399124 9.99824E-05 0.684073 9.99824E-05 0.0386208 0.237194
9.99824E-05 0.111083 0.48131 0.390746 9.99824E-05 0.0166614
0.0180032 9.99912E-05 0.59092 0.169551 0.0768841 0.144542
9.99824E-05 0.104695 0.526277 0.305743 9.99824E-05 0.063085
0.0138896 9.99737E-05 0.970849 9.99737E-05 0.0149618 9.99737E-05
0.040114 0.0933579 0.778063 9.99912E-05 0.0391054 0.0492592
9.99649E-05 0.0162827 0.983317 9.99649E-05 9.99649E-05 9.99649E-05
0.167474 9.99824E-05 0.689323 0.137445 0.00555814 9.99824E-05
0.0449567 0.0369755 0.638241 0.278673 0.00105378 9.99912E-05
9.99736E-05 0.12383 0.62503 0.25084 9.99736E-05 9.99736E-05
0.0160464 0.00549577 0.971844 9.99824E-05 9.99824E-05 0.0064141
0.0884345 9.99737E-05 0.80521 0.106055 9.99737E-05 9.99737E-05
9.996E-05 9.996E-05 0.9995 9.996E-05 9.996E-05 9.996E-05
0.150724 0.0259136 0.586735 0.131147 0.0442196 0.0612601
9.99824E-05 0.329904 0.487528 0.15805 0.0243183 9.99824E-05
9.99649E-05 9.99649E-05 0.932652 9.99649E-05 0.0669481 9.99649E-05
9.99649E-05 9.99649E-05 0.936514 9.99649E-05 9.99649E-05 0.063086
9.996E-05 9.996E-05 0.9995 9.996E-05 9.996E-05 9.996E-05
9.99824E-05 0.001687 0.782965 0.127772 9.99824E-05 0.0873758
0.0286415 0.0119794 0.878687 9.99912E-05 0.0234821 0.0571103
0.054736 0.060086 0.384597 0.35339 0.0158335 0.131358
0.0307074 0.0899022 0.715556 9.99824E-05 0.163634 9.99824E-05
9.99737E-05 9.99737E-05 0.918863 0.0573394 0.0234982 9.99737E-05
9.99912E-05 0.140963 0.685474 0.0332373 0.111979 0.0282463
0.00883589 0.084399 0.906465 9.99737E-05 9.99737E-05 9.99737E-05
9.99825E-05 0.0123503 0.827149 0.00343929 0.156861 9.99825E-05
0.0106094 0.0981732 0.808849 9.99824E-05 9.99824E-05 0.0821681
0.04618 9.99737E-05 0.912351 9.99737E-05 9.99737E-05 0.0411695
0.063883 0.00539623 0.914991 9.99824E-05 9.99824E-05 0.0155297
0.119411 9.99824E-05 0.18381 0.520468 9.99824E-05 0.176111
0.0862194 0.232431 0.543903 0.137247 9.99825E-05 9.99825E-05
0.0564861 0.0702438 0.342186 0.341145 9.99912E-05 0.189839
0.29704 9.99737E-05 9.99737E-05 0.635885 9.99737E-05 0.0667749
0.188657 0.21316 0.280776 0.159558 0.0528014 0.105048
0.205182 9.99824E-05 0.0514861 0.544894 9.99824E-05 0.198238
0.156074 0.0617291 0.208601 0.409065 9.99912E-05 0.164431
0.159987 0.0594137 0.0286874 0.554587 9.99912E-05 0.197225
0.0272861 9.99825E-05 0.300499 0.577992 9.99825E-05 0.0940236
0.0830279 9.99824E-05 0.469957 0.261087 9.99824E-05 0.185729
0.147282 9.99912E-05 0.00227 0.520845 0.00814534 0.321357
0.0935218 0.352875 0.223323 0.192345 9.99912E-05 0.137835
0.232132 0.174883 0.0976445 0.213776 9.99912E-05 0.281465
0.0953957 0.231078 0.185162 0.488164 9.99824E-05 9.99824E-05
0.0196415 0.112784 0.372393 0.437627 9.99912E-05 0.0574546
0.163694 0.0359208 0.341187 0.358473 9.99912E-05 0.100625
0.0456714 0.383486 0.0646407 0.412701 9.99912E-05 0.0934012
0.251013 0.049106 0.290455 0.00361646 9.99912E-05 0.405709
0.0724723 9.99824E-05 0.371427 0.303107 9.99824E-05 0.252794
9.99824E-05 0.199269 0.00187352 0.681193 9.99824E-05 0.117465
0.0511558 0.0864764 0.394229 0.439455 9.99912E-05 0.0285835
0.0913448 0.285999 0.292551 0.329905 9.99824E-05 9.99824E-05
0.0180852 0.0250862 0.35686 0.495945 0.015809 0.0882144
0.103288 0.279065 0.216623 0.203633 9.99912E-05 0.197291
0.0538149 9.99824E-05 0.366671 0.283284 9.99824E-05 0.29603
0.141224 0.0633507 0.445596 0.297811 0.0412086 0.0108105
0.0479742 0.0830946 0.517802 0.295212 9.99912E-05 0.0558171
0.0912682 0.129637 0.33476 0.377376 0.0334541 0.0335048
0.0902869 0.0457844 0.432705 0.189208 9.99912E-05 0.241916
0.147019 9.99912E-05 0.288593 0.518972 0.0302333 0.0150819
0.13234 9.99648E-05 9.99648E-05 0.86726 9.99648E-05 9.99648E-05
9.996E-05 9.996E-05 9.996E-05 0.9995 9.996E-05 9.996E-05
9.99648E-05 9.99648E-05 9.99648E-05 0.962505 9.99648E-05 0.037095
0.109691 9.99736E-05 9.99736E-05 0.804156 9.99736E-05 0.0858527
0.19011 0.0710071 9.99912E-05 0.694567 0.0239932 0.0202223
0.1745 9.99649E-05 9.99649E-05 0.825101 9.99649E-05 9.99649E-05
0.0787504 9.99736E-05 9.99736E-05 0.829764 9.99736E-05 0.0911858
0.3197 9.99824E-05 9.99824E-05 0.66297 0.0118172 0.00531281
0.438194 9.99736E-05 9.99736E-05 0.488167 9.99736E-05 0.0733385
0.238802 9.99736E-05 9.99736E-05 0.715964 9.99736E-05 0.0449334
0.0717919 9.99649E-05 9.99649E-05 0.927808 9.99649E-05 9.99649E-05
0.043173 9.99649E-05 9.99649E-05 0.956427 9.99649E-05 9.99649E-05
0.1377 9.99737E-05 9.99737E-05 0.852626 9.99737E-05 0.00937471
0.11171 9.996E-05 9.996E-05 0.88789 9.996E-05 9.996E-05
0.0645508 0.0235652 9.99912E-05 0.707507 0.0605994 0.143678
0.111229 9.99737E-05 9.99737E-05 0.816275 9.99737E-05 0.0721961
0.0772487 9.99736E-05 9.99736E-05 0.863832 0.0586195 9.99736E-05
0.148839 0.141641 9.99825E-05 0.704101 9.99825E-05 0.00521966
0.0649093 0.0447868 9.99824E-05 0.889073 9.99824E-05 0.00103051
0.039007 9.99824E-05 9.99824E-05 0.845778 0.108403 0.00661124
0.0808776 9.99649E-05 9.99649E-05 0.918723 9.99649E-05 9.99649E-05
0.0907404 9.99736E-05 9.99736E-05 0.828027 9.99736E-05 0.0809327
0.289146 9.99736E-05 9.99736E-05 0.643801 0.0667533 9.99736E-05
0.200031 9.99649E-05 9.99649E-05 0.799569 9.99649E-05 9.99649E-05
0.249796 9.99736E-05 9.99736E-05 0.687639 0.0622644 9.99736E-05
0.136216 9.9965E-05 9.9965E-05 0.863384 9.9965E-05 9.9965E-05
9.99738E-05 0.00777135 9.99738E-05 0.922079 0.0698498 9.99738E-05
0.175275 9.99736E-05 9.99736E-05 0.734103 0.0903228 9.99736E-05
0.241822 9.99649E-05 9.99649E-05 0.757778 9.99649E-05 9.99649E-05
0.0134978 9.99824E-05 9.99824E-05 0.914144 0.0242849 0.0478732
0.0744735 0.041144 9.99824E-05 0.874045 0.0101374 9.99824E-05
9.99737E-05 9.99737E-05 9.99737E-05 0.933745 0.0464456 0.0195094
0.260439 9.99824E-05 9.99824E-05 0.532179 0.198028 0.00915431
0.142124 9.99824E-05 9.99824E-05 0.713176 0.117893 0.0266076
9.996E-05 9.996E-05 9.996E-05 0.9995 9.996E-05 9.996E-05
0.167505 9.99736E-05 9.99736E-05 0.810183 9.99736E-05 0.0220118
0.111693 9.99736E-05 9.99736E-05 0.831125 9.99736E-05 0.0568822
0.0730505 9.99649E-05 9.99649E-05 0.92655 9.99649E-05 9.99649E-05
9.99649E-05 9.99649E-05 9.99649E-05 0.976877 0.0227232 9.99649E-05
0.0255399 9.9965E-05 9.9965E-05 0.97406 9.9965E-05 9.9965E-05
0.0415476 9.99737E-05 9.99737E-05 0.949267 0.0088856 9.99737E-05
0.180415 9.99648E-05 9.99648E-05 0.819185 9.99648E-05 9.99648E-05
0.205937 0.0838386 9.99824E-05 0.69994 9.99824E-05 0.0100844
0.114958 9.99737E-05 9.99737E-05 0.861629 0.0231131 9.99737E-05
9.996E-05 9.996E-05 9.996E-05 0.9995 9.996E-05 9.996E-05
0.301168 9.99824E-05 9.99824E-05 0.539408 0.138397 0.0208277
0.139847 9.99737E-05 9.99737E-05 0.790899 9.99737E-05 0.0689545
0.214313 0.126803 9.99825E-05 0.623533 0.035151 9.99825E-05
0.353906 9.99824E-05 9.99824E-05 0.531472 0.109889 0.00453378
9.996E-05 9.996E-05 9.996E-05 0.9995 9.996E-05 9.996E-05
0.0434528 0.280696 9.99736E-05 0.675552 9.99736E-05 9.99736E-05
0.121759 9.9965E-05 9.9965E-05 0.877841 9.9965E-05 9.9965E-05
0.123685 9.99649E-05 9.99649E-05 0.875916 9.99649E-05 9.99649E-05
0.170363 0.0781083 9.99737E-05 0.751229 9.99737E-05 9.99737E-05
0.0400443 9.99824E-05 9.99824E-05 0.82864 0.0462159 0.0848999
0.252281 9.99736E-05 9.99736E-05 0.738308 0.00911068 9.99736E-05
0.224917 9.99736E-05 9.99736E-05 0.755678 0.0191054 9.99736E-05
0.12559 0.0385599 9.99912E-05 0.776763 0.0292006 0.0297866
9.99649E-05 9.99649E-05 9.99649E-05 0.796727 0.202873 9.99649E-05
0.198951 9.99649E-05 9.99649E-05 0.80065 9.99649E-05 9.99649E-05
9.99648E-05 9.99648E-05 9.99648E-05 0.948149 0.0514509 9.99648E-05
0.9995 9.996E-05 9.996E-05 9.996E-05 9.996E-05 9.996E-05
9.996E-05 9.996E-05 9.996E-05 0.9995 9.996E-05 9.996E-05
0.9995 9.996E-05 9.996E-05 9.996E-05 9.996E-05 9.996E-05
0.9995 9.996E-05 9.996E-05 9.996E-05 9.996E-05 9.996E-05
0.9995 9.996E-05 9.996E-05 9.996E-05 9.996E-05 9.996E-05
0.00502015 9.99736E-05 9.99736E-05 0.949507 0.0451733 9.99736E-05
0.9995 9.996E-05 9.996E-05 9.996E-05 9.996E-05 9.996E-05
0.9995 9.996E-05 9.996E-05 9.996E-05 9.996E-05 9.996E-05
9.996E-05 9.996E-05 9.996E-05 0.9995 9.996E-05 9.996E-05
0.0218089 9.99736E-05 9.99736E-05 0.966099 0.0117925 9.99736E-05
9.99648E-05 9.99648E-05 9.99648E-05 0.941248 0.0583522 9.99648E-05
0.9995 9.996E-05 9.996E-05 9.996E-05 9.996E-05 9.996E-05
0.9995 9.996E-05 9.996E-05 9.996E-05 9.996E-05 9.996E-05
9.99736E-05 9.99736E-05 9.99736E-05 0.966022 0.0159123 0.0177662
9.99648E-05 9.99648E-05 9.99648E-05 0.977446 0.022154 9.99648E-05
0.119771 0.172948 9.99824E-05 0.596986 0.110096 9.99824E-05
9.99736E-05 0.0267006 9.99736E-05 0.957137 0.0158628 9.99736E-05
0.9995 9.996E-05 9.996E-05 9.996E-05 9.996E-05 9.996E-05
9.99648E-05 9.99648E-05 9.99648E-05 0.952544 0.0470561 9.99648E-05
0.0830133 9.99736E-05 9.99736E-05 0.853963 0.0627237 9.99736E-05
9.99648E-05 9.99648E-05 9.99648E-05 0.981577 0.0180232 9.99648E-05
0.9995 9.996E-05 9.996E-05 9.996E-05 9.996E-05 9.996E-05
0.0774253 9.99736E-05 9.99736E-05 0.912917 0.00935759 9.99736E-05
0.9995 9.996E-05 9.996E-05 9.996E-05 9.996E-05 9.996E-05
9.99648E-05 9.99648E-05 9.99648E-05 0.973142 0.0264586 9.99648E-05
0.0127332 9.99648E-05 9.99648E-05 0.986867 9.99648E-05 9.99648E-05
0.9995 9.996E-05 9.996E-05 9.996E-05 9.996E-05 9.996E-05
0.9995 9.996E-05 9.996E-05 9.996E-05 9.996E-05 9.996E-05
0.9995 9.996E-05 9.996E-05 9.996E-05 9.996E-05 9.996E-05
9.99648E-05 9.99648E-05 9.99648E-05 0.964051 0.0355496 9.99648E-05
9.99648E-05 9.99648E-05 9.99648E-05 0.93951 0.0600897 9.99648E-05
9.99648E-05 9.99648E-05 9.99648E-05 0.990455 0.00914526 9.99648E-05
9.99648E-05 9.99648E-05 9.99648E-05 0.97473 0.0248704 9.99648E-05
0.0438647 9.99736E-05 9.99736E-05 0.873297 0.0825382 9.99736E-05
0.9995 9.996E-05 9.996E-05 9.996E-05 9.996E-05 9.996E-05
0.9995 9.996E-05 9.996E-05 9.996E-05 9.996E-05 9.996E-05
0.9995 9.996E-05 9.996E-05 9.996E-05 9.996E-05 9.996E-05
0.00464033 9.99824E-05 9.99824E-05 0.904302 0.073159 0.0176991
0.9995 9.996E-05 9.996E-05 9.996E-05 9.996E-05 9.996E-05
0.9995 9.996E-05 9.996E-05 9.996E-05 9.996E-05 9.996E-05
0.9995 9.996E-05 9.996E-05 9.996E-05 9.996E-05 9.996E-05
0.9995 9.996E-05 9.996E-05 9.996E-05 9.996E-05 9.996E-05
9.99648E-05 9.99648E-05 9.99648E-05 0.976015 0.0235847 9.99648E-05
0.9995 9.996E-05 9.996E-05 9.996E-05 9.996E-05 9.996E-05
0.9995 9.996E-05 9.996E-05 9.996E-05 9.996E-05 9.996E-05
0.04916 0.24941 9.99824E-05 0.639194 0.0620355 9.99824E-05
9.99648E-05 9.99648E-05 9.99648E-05 0.902258 0.0973422 9.99648E-05
0.9995 9.996E-05 9.996E-05 9.996E-05 9.996E-05 9.996E-05
0.9995 9.996E-05 9.996E-05 9.996E-05 9.996E-05 9.996E-05
0.9995 9.996E-05 9.996E-05 9.996E-05 9.996E-05 9.996E-05
0.9995 9.996E-05 9.996E-05 9.996E-05 9.996E-05 9.996E-05
9.99648E-05 9.99648E-05 9.99648E-05 0.944892 0.0547083 9.99648E-05
0.9995 9.996E-05 9.996E-05 9.996E-05 9.996E-05 9.996E-05
9.99648E-05 9.99648E-05 9.99648E-05 0.947753 0.0518475 9.99648E-05
0.9995 9.996E-05 9.996E-05 9.996E-05 9.996E-05 9.996E-05
9.99648E-05 9.99648E-05 9.99648E-05 0.936634 0.0629661 9.99648E-05
0.9995 9.996E-05 9.996E-05 9.996E-05 9.996E-05 9.996E-05
0.9995 9.996E-05 9.996E-05 9.996E-05 9.996E-05 9.996E-05
0.9995 9.996E-05 9.996E-05 9.996E-05 9.996E-05 9.996E-05
0.9995 9.996E-05 9.996E-05 9.996E-05 9.996E-05 9.996E-05
0.9995 9.996E-05 9.996E-05 9.996E-05 9.996E-05 9.996E-05
0.9995 9.996E-05 9.996E-05 9.996E-05 9.996E-05 9.996E-05
9.99648E-05 9.99648E-05 9.99648E-05 0.986929 0.0126711 9.99648E-05
9.99648E-05 9.99648E-05 9.99648E-05 0.98854 0.0110606 9.99648E-05
9.99648E-05 9.99648E-05 9.99648E-05 0.925144 0.0744557 9.99648E-05
0.9995 9.996E-05 9.996E-05 9.996E-05 9.996E-05 9.996E-05
9.996E-05 9.996E-05 9.996E-05 0.9995 9.996E-05 9.996E-05
0.00576112 9.99736E-05 9.99736E-05 0.952811 0.041128 9.99736E-05
0.00924548 9.99736E-05 9.99736E-05 0.92741 0.0630447 9.99736E-05
0.9995 9.996E-05 9.996E-05 9.996E-05 9.996E-05 9.996E-05
0.9995 9.996E-05 9.996E-05 9.996E-05 9.996E-05 9.996E-05
0.9995 9.996E-05 9.996E-05 9.996E-05 9.996E-05 9.996E-05
9.99736E-05 0.0042187 9.99736E-05 0.955554 0.0399278 9.99736E-05
0.9995 9.996E-05 9.996E-05 9.996E-05 9.996E-05 9.996E-05
0.9995 9.996E-05 9.996E-05 9.996E-05 9.996E-05 9.996E-05
9.99648E-05 9.99648E-05 9.99648E-05 0.966346 0.0332538 9.99648E-05
0.9995 9.996E-05 9.996E-05 9.996E-05 9.996E-05 9.996E-05
0.9995 9.996E-05 9.996E-05 9.996E-05 9.996E-05 9.996E-05
0.0942147 9.99736E-05 9.99736E-05 0.689102 9.99736E-05 0.216383
0.0097422 9.99736E-05 9.99736E-05 0.90507 0.0848878 9.99736E-05
0.9995 9.996E-05 9.996E-05 9.996E-05 9.996E-05 9.996E-05
0.407924 0.00697916 9.99912E-05 0.56288 0.0184786 0.00363821
0.284447 0.0466268 9.99824E-05 0.623895 0.0448308 9.99824E-05
0.154562 9.99736E-05 9.99736E-05 0.789807 0.0553318 9.99736E-05
9.99736E-05 0.0459335 9.99736E-05 0.890193 9.99736E-05 0.0635734
0.277349 9.99648E-05 9.99648E-05 0.722251 9.99648E-05 9.99648E-05
0.178709 9.9965E-05 9.9965E-05 0.820891 9.9965E-05 9.9965E-05
0.275332 0.0470017 9.99824E-05 0.650938 0.0265284 9.99824E-05
0.137253 9.99824E-05 9.99824E-05 0.672663 0.0326014 0.157282
0.192961 9.9965E-05 9.9965E-05 0.806639 9.9965E-05 9.9965E-05
9.99649E-05 0.102459 9.99649E-05 0.897141 9.99649E-05 9.99649E-05
0.111492 9.99737E-05 9.99737E-05 0.81929 9.99737E-05 0.0689188
0.566461 9.99648E-05 9.99648E-05 0.433139 9.99648E-05 9.99648E-05
0.158784 0.230378 9.99736E-05 0.610538 9.99736E-05 9.99736E-05
0.0752342 9.99824E-05 9.99824E-05 0.784788 0.0833148 0.0564632
0.147261 9.99648E-05 9.99648E-05 0.852339 9.99648E-05 9.99648E-05
0.284733 0.0266168 9.99824E-05 0.67144 9.99824E-05 0.0170094
0.220845 9.99737E-05 9.99737E-05 0.767952 0.010903 9.99737E-05
0.0274902 9.99736E-05 9.99736E-05 0.826037 9.99736E-05 0.146173
0.215831 9.99736E-05 9.99736E-05 0.698323 0.085546 9.99736E-05
0.203441 0.227799 9.99736E-05 0.568459 9.99736E-05 9.99736E-05
0.11826 9.99736E-05 9.99736E-05 0.815495 0.065945 9.99736E-05
0.28436 0.0320914 9.99737E-05 0.683249 9.99737E-05 9.99737E-05
0.15001 0.0205831 9.99912E-05 0.585747 0.137425 0.106135
0.155084 9.99736E-05 9.99736E-05 0.795942 9.99736E-05 0.0486744
0.0819218 9.99736E-05 9.99736E-05 0.86193 9.99736E-05 0.0558487
0.0933853 9.9965E-05 9.9965E-05 0.906215 9.9965E-05 9.9965E-05
0.105026 0.123646 9.99736E-05 0.771028 9.99736E-05 9.99736E-05
0.309094 9.99649E-05 9.99649E-05 0.690506 9.99649E-05 9.99649E-05
9.99824E-05 0.0854688 9.99824E-05 0.892846 0.0167329 0.0047524
0.203442 9.99824E-05 9.99824E-05 0.619413 0.13569 0.0412542
0.469081 0.128553 9.99736E-05 0.402066 9.99736E-05 9.99736E-05
0.269811 9.99649E-05 9.99649E-05 0.729789 9.99649E-05 9.99649E-05
0.230341 9.99736E-05 9.99736E-05 0.750665 0.0186937 9.99736E-05
0.199414 9.99824E-05 9.99824E-05 0.688028 0.067061 0.0452963
0.133604 9.99736E-05 9.99736E-05 0.646017 9.99736E-05 0.22008
0.0127261 9.99736E-05 9.99736E-05 0.979394 0.00757997 9.99736E-05
9.996E-05 9.996E-05 9.996E-05 0.9995 9.996E-05 9.996E-05
9.99736E-05 0.0377092 9.99736E-05 0.80617 9.99736E-05 0.155821
0.014149 9.99824E-05 9.99824E-05 0.856125 0.0431161 0.0864105
0.185372 0.0859876 9.99736E-05 0.728341 9.99736E-05 9.99736E-05
0.0785729 9.99648E-05 9.99648E-05 0.921027 9.99648E-05 9.99648E-05
0.0693386 0.00702012 9.99824E-05 0.83715 0.0862909 9.99824E-05
0.239486 0.0771554 9.99824E-05 0.657303 0.0258551 9.99824E-05
0.574118 9.99649E-05 9.99649E-05 0.425482 9.99649E-05 9.99649E-05
0.371827 9.99736E-05 9.99736E-05 0.623455 9.99736E-05 0.00441817
0.181966 9.99736E-05 9.99736E-05 0.780114 9.99736E-05 0.0376201
9.996E-05 9.996E-05 9.996E-05 0.9995 9.996E-05 9.996E-05
0.232453 9.99736E-05 9.99736E-05 0.710414 0.0568334 9.99736E-05
9.996E-05 9.996E-05 9.996E-05 0.9995 9.996E-05 9.996E-05
0.182585 0.0994874 9.99824E-05 0.649219 9.99824E-05 0.0685089
9.996E-05 9.996E-05 9.996E-05 0.9995 9.996E-05 9.996E-05
9.99648E-05 9.99648E-05 9.99648E-05 0.966158 9.99648E-05 0.0334419
0.00273401 0.106833 9.99824E-05 0.877819 9.99824E-05 0.0124135
0.213302 9.99648E-05 9.99648E-05 0.786298 9.99648E-05 9.99648E-05
0.09553 0.138836 9.99737E-05 0.765334 9.99737E-05 9.99737E-05
0.329736 9.99649E-05 9.99649E-05 0.669864 9.99649E-05 9.99649E-05
9.996E-05 9.996E-05 9.996E-05 0.9995 9.996E-05 9.996E-05
0.229478 9.99649E-05 9.99649E-05 0.770123 9.99649E-05 9.99649E-05
0.165848 9.99824E-05 9.99824E-05 0.700388 0.0894455 0.0441188
0.227815 9.99737E-05 9.99737E-05 0.752804 9.99737E-05 0.0190809
0.039826 9.99649E-05 9.99649E-05 0.959774 9.99649E-05 9.99649E-05
0.11241 9.9965E-05 9.9965E-05 0.88719 9.9965E-05 9.9965E-05
9.9965E-05 9.9965E-05 9.9965E-05 0.999459 0.000140732 9.9965E-05
0.120925 9.99736E-05 9.99736E-05 0.777596 9.99736E-05 0.101178
0.2416 9.99736E-05 9.99736E-05 0.66792 0.0901803 9.99736E-05
0.26509 0.0336235 9.99737E-05 0.700986 9.99737E-05 9.99737E-05
0.0521157 9.9965E-05 9.9965E-05 0.947484 9.9965E-05 9.9965E-05
0.265816 9.99649E-05 9.99649E-05 0.733784 9.99649E-05 9.99649E-05
0.0535812 9.99736E-05 9.99736E-05 0.88487 9.99736E-05 0.061249
9.996E-05 9.996E-05 9.996E-05 0.9995 9.996E-05 9.996E-05
0.0358107 9.99736E-05 9.99736E-05 0.948643 0.0152464 9.99736E-05
9.9965E-05 9.9965E-05 0.0798372 0.919763 9.9965E-05 9.9965E-05
0.303144 9.996E-05 9.996E-05 0.696456 9.996E-05 9.996E-05
9.99825E-05 0.111146 9.99825E-05 0.777482 0.00808705 0.103085
9.996E-05 9.996E-05 9.996E-05 0.9995 9.996E-05 9.996E-05
0.149085 9.99649E-05 9.99649E-05 0.850515 9.99649E-05 9.99649E-05
9.9965E-05 9.9965E-05 0.0482171 0.951383 9.9965E-05 9.9965E-05
9.99736E-05 0.00174632 9.99736E-05 0.949449 9.99736E-05 0.0485043
0.0346041 9.9965E-05 9.9965E-05 0.964996 9.9965E-05 9.9965E-05
0.436157 9.99736E-05 9.99736E-05 0.52762 9.99736E-05 0.0359228
0.21994 0.106484 9.99824E-05 0.562417 0.110959 9.99824E-05
0.210409 0.0779294 9.99912E-05 0.574954 0.0428817 0.0937263
9.996E-05 9.996E-05 9.996E-05 0.9995 9.996E-05 9.996E-05
0.336253 9.99737E-05 9.99737E-05 0.657309 9.99737E-05 0.0061376
0.160261 9.99737E-05 9.99737E-05 0.663392 0.176047 9.99737E-05
9.996E-05 9.996E-05 9.996E-05 0.9995 9.996E-05 9.996E-05
0.0168012 9.99736E-05 9.99736E-05 0.834238 9.99736E-05 0.14866
0.375943 9.99736E-05 9.99736E-05 0.614967 9.99736E-05 0.00878961
0.103691 0.0164322 9.99824E-05 0.859833 0.019844 9.99824E-05
0.158273 9.99736E-05 9.99736E-05 0.794069 0.0473582 9.99736E-05
0.107978 9.99737E-05 9.99737E-05 0.704238 0.187484 9.99737E-05
0.0711375 9.99736E-05 9.99736E-05 0.880646 9.99736E-05 0.0479169
0.425252 9.99649E-05 9.99649E-05 0.574348 9.99649E-05 9.99649E-05
0.081315 9.99824E-05 9.99824E-05 0.674371 0.0991327 0.144981
0.268397 9.99649E-05 9.99649E-05 0.731203 9.99649E-05 9.99649E-05
0.018364 9.9965E-05 9.9965E-05 0.981236 9.9965E-05 9.9965E-05
0.253779 0.280204 9.99824E-05 0.394907 0.0709096 9.99824E-05
0.0688409 0.0632953 9.99824E-05 0.693851 9.99824E-05 0.173813
9.99649E-05 9.99649E-05 9.99649E-05 0.856864 9.99649E-05 0.142736
0.145267 9.99649E-05 9.99649E-05 0.854333 9.99649E-05 9.99649E-05
0.279138 0.150913 9.99912E-05 0.359908 0.0654671 0.144474
0.0795505 9.99648E-05 9.99648E-05 0.92005 9.99648E-05 9.99648E-05
0.0653369 9.99824E-05 9.99824E-05 0.643409 0.185212 0.105842
0.0821457 9.9965E-05 9.9965E-05 0.917454 9.9965E-05 9.9965E-05
0.123052 9.9965E-05 9.9965E-05 0.876549 9.9965E-05 9.9965E-05
0.165942 9.99649E-05 9.99649E-05 0.833659 9.99649E-05 9.99649E-05
9.99824E-05 0.0240787 9.99824E-05 0.804082 0.037119 0.13452
0.0851548 9.9965E-05 9.9965E-05 0.914445 9.9965E-05 9.9965E-05
9.996E-05 9.996E-05 9.996E-05 0.9995 9.996E-05 9.996E-05
0.0424955 0.000589773 9.99912E-05 0.736808 0.134501 0.0855056
0.0858135 9.99649E-05 9.99649E-05 0.913787 9.99649E-05 9.99649E-05
9.996E-05 9.996E-05 9.996E-05 0.9995 9.996E-05 9.996E-05
0.0981266 9.99648E-05 9.99648E-05 0.901474 9.99648E-05 9.99648E-05
0.0715597 0.0860824 9.99736E-05 0.842058 9.99736E-05 9.99736E-05
9.99736E-05 9.99736E-05 9.99736E-05 0.715792 0.229501 0.0544069
0.338174 9.99649E-05 9.99649E-05 0.661426 9.99649E-05 9.99649E-05
0.151268 9.99648E-05 9.99648E-05 0.848333 9.99648E-05 9.99648E-05
0.043492 9.99824E-05 9.99824E-05 0.769204 0.0239875 0.163117
9.99737E-05 9.99737E-05 9.99737E-05 0.924126 0.01739 0.0581837
9.99736E-05 0.170915 9.99736E-05 0.764172 0.0646136 9.99736E-05
9.99648E-05 9.99648E-05 9.99648E-05 0.858624 9.99648E-05 0.140976
0.275744 9.99736E-05 9.99736E-05 0.680658 9.99736E-05 0.0432984
0.144694 0.0403949 9.99824E-05 0.800335 0.0143757 9.99824E-05
0.195769 0.127808 9.99824E-05 0.668382 9.99824E-05 0.00783989
0.10442 9.9965E-05 9.9965E-05 0.89518 9.9965E-05 9.9965E-05
0.146882 9.99736E-05 9.99736E-05 0.676188 9.99736E-05 0.17663
9.99649E-05 9.99649E-05 9.99649E-05 0.996333 0.00326668 9.99649E-05
0.114263 9.9965E-05 9.9965E-05 0.885337 9.9965E-05 9.9965E-05
0.231231 0.0545459 9.99912E-05 0.62226 0.0162047 0.0756579
0.139571 0.0080916 9.99824E-05 0.792348 0.0597898 9.99824E-05
0.201452 0.228856 0.0940143 0.475478 9.99824E-05 9.99824E-05
0.173411 0.142113 0.0438648 0.611554 9.99912E-05 0.0289569
0.175951 0.331067 0.0478357 0.42053 9.99912E-05 0.024516
0.0232009 0.212989 9.99825E-05 0.751381 9.99825E-05 0.0122296
0.133919 0.140075 9.99825E-05 0.523991 9.99825E-05 0.201816
0.110572 0.0164296 0.321155 0.551644 9.99825E-05 9.99825E-05
0.185711 0.0557341 0.0170002 0.700093 9.99912E-05 0.0413614
0.178742 0.219301 9.99825E-05 0.517874 9.99825E-05 0.0838826
0.07479 0.20044 0.252495 0.472076 9.99825E-05 9.99825E-05
0.278762 0.126898 9.99736E-05 0.59404 9.99736E-05 9.99736E-05
0.0963749 0.0974117 9.99912E-05 0.627502 0.00795871 0.170652
9.99737E-05 9.99737E-05 0.0985282 0.671534 0.229638 9.99737E-05
0.188751 0.180363 9.99737E-05 0.630587 9.99737E-05 9.99737E-05
0.0172728 9.99825E-05 0.428526 0.539773 0.0142285 9.99825E-05
0.0598031 0.0479478 0.0610587 0.65843 9.99912E-05 0.172661
0.218221 0.29499 0.0851421 0.401447 9.99824E-05 9.99824E-05
0.143653 0.0869653 0.0809399 0.658769 9.99912E-05 0.0295724
9.99825E-05 0.194302 0.0725388 0.696172 0.0367877 9.99825E-05
0.155245 0.236293 9.99912E-05 0.43657 0.0553792 0.116412
0.25345 0.185389 0.111282 0.449679 9.99824E-05 9.99824E-05
0.179116 9.99824E-05 0.123657 0.593928 9.99824E-05 0.103099
0.0865756 0.150203 0.211433 0.551588 9.99824E-05 9.99824E-05
0.0374496 9.99912E-05 0.15454 0.613936 0.109321 0.0846535
0.355337 9.99737E-05 9.99737E-05 0.580792 9.99737E-05 0.0635709
0.378925 9.99824E-05 9.99824E-05 0.546341 0.0731416 0.00139288
0.434178 9.99736E-05 9.99736E-05 0.563923 9.99736E-05 0.00159998
0.355717 0.147485 9.99736E-05 0.496498 9.99736E-05 9.99736E-05
0.257644 9.99649E-05 9.99649E-05 0.741956 9.99649E-05 9.99649E-05
0.403644 9.99649E-05 9.99649E-05 0.595956 9.99649E-05 9.99649E-05
0.370823 9.99737E-05 9.99737E-05 0.408025 9.99737E-05 0.220851
0.213146 9.99737E-05 0.0427369 0.743817 9.99737E-05 9.99737E-05
0.275928 0.0238554 9.99736E-05 0.699917 9.99736E-05 9.99736E-05
0.457625 9.99736E-05 9.99736E-05 0.48564 9.99736E-05 0.0564348
0.202483 0.0606371 9.99824E-05 0.720818 9.99824E-05 0.0158621
0.356119 9.99649E-05 9.99649E-05 0.643481 9.99649E-05 9.99649E-05
0.468334 9.99736E-05 9.99736E-05 0.463693 9.99736E-05 0.0676727
0.366792 9.99649E-05 9.99649E-05 0.632808 9.99649E-05 9.99649E-05
0.238973 9.9965E-05 9.9965E-05 0.760628 9.9965E-05 9.9965E-05
0.288277 0.119168 9.99737E-05 0.592255 9.99737E-05 9.99737E-05
0.28479 9.99736E-05 9.99736E-05 0.699229 9.99736E-05 0.0156815
0.321702 9.99649E-05 9.99649E-05 0.677898 9.99649E-05 9.99649E-05
0.429449 9.99649E-05 9.99649E-05 0.570152 9.99649E-05 9.99649E-05
0.289269 9.99737E-05 9.99737E-05 0.650594 9.99737E-05 0.0598376
0.460298 9.99736E-05 9.99736E-05 0.535068 9.99736E-05 0.00433463
0.291077 9.99649E-05 9.99649E-05 0.708524 9.99649E-05 9.99649E-05
0.398699 0.0350872 9.99736E-05 0.565914 9.99736E-05 9.99736E-05
9.99649E-05 9.99649E-05 9.99649E-05 0.932748 0.0668517 9.99649E-05
0.308097 0.0818039 0.0291665 0.580733 9.99825E-05 9.99825E-05
0.344103 0.00608874 9.99737E-05 0.649509 9.99737E-05 9.99737E-05
0.148099 0.0872686 9.99912E-05 0.747826 0.00959786 0.00710906
0.267112 9.99649E-05 9.99649E-05 0.732488 9.99649E-05 9.99649E-05
0.44839 0.00665061 9.99736E-05 0.54466 9.99736E-05 9.99736E-05
0.271445 9.99649E-05 9.99649E-05 0.728155 9.99649E-05 9.99649E-05
0.399521 9.99737E-05 9.99737E-05 0.509451 9.99737E-05 0.090728
0.273057 0.249338 9.99824E-05 0.471233 0.00617173 9.99824E-05
0.311279 9.99737E-05 9.99737E-05 0.670527 9.99737E-05 0.0178941
0.345001 9.99649E-05 9.99649E-05 0.654599 9.99649E-05 9.99649E-05
0.529856 9.99737E-05 9.99737E-05 0.453953 9.99737E-05 0.0158916
0.266849 9.99737E-05 9.99737E-05 0.676961 0.0558894 9.99737E-05
0.362795 9.99649E-05 9.99649E-05 0.636805 9.99649E-05 9.99649E-05
0.21606 9.99737E-05 9.99737E-05 0.747633 9.99737E-05 0.0360076
0.333145 0.0547736 9.99736E-05 0.611781 9.99736E-05 9.99736E-05
0.322336 9.99649E-05 9.99649E-05 0.677264 9.99649E-05 9.99649E-05
0.253885 9.9965E-05 9.9965E-05 0.745715 9.9965E-05 9.9965E-05
0.275859 9.99737E-05 0.0485697 0.675272 9.99737E-05 9.99737E-05
0.29439 0.00580982 9.99824E-05 0.672457 9.99824E-05 0.0271439
0.395292 9.99736E-05 9.99736E-05 0.558985 9.99736E-05 0.045423
0.103916 0.378248 0.234191 0.0707037 0.031109 0.181832
0.277461 0.594848 0.127391 9.99737E-05 9.99737E-05 9.99737E-05
0.311468 0.307991 0.0601018 0.0279962 0.0245589 0.267884
0.140451 0.401888 0.144336 0.143119 0.0131198 0.157087
0.177454 0.480053 0.112878 0.128364 9.99912E-05 0.101151
0.232353 0.357937 0.207074 9.99824E-05 9.99824E-05 0.202436
0.155203 0.372448 0.210868 0.0553112 9.99912E-05 0.20607
0.0606173 0.434106 0.134257 0.259974 9.99912E-05 0.110947
0.484514 0.291718 0.0388757 9.99824E-05 9.99824E-05 0.184692
0.193602 0.0243748 0.198781 9.99912E-05 0.126455 0.456688
0.190326 0.433114 0.075064 0.190477 9.99912E-05 0.110919
0.261427 0.445186 0.082949 9.99825E-05 9.99825E-05 0.210238
0.111537 0.331437 0.179411 0.183047 0.00227053 0.192297
0.173847 0.405334 0.200057 0.123861 9.99912E-05 0.0968013
0.216311 0.596616 0.147573 9.99824E-05 9.99824E-05 0.0392998
0.0702673 0.414196 0.0896929 0.282999 9.99912E-05 0.142745
0.158933 0.412528 0.156713 0.140813 9.99912E-05 0.130912
0.191833 0.322757 0.0430562 0.268357 9.99912E-05 0.173896
0.192382 0.262161 0.0977774 0.196961 9.99912E-05 0.250618
0.157518 0.195299 0.211964 0.10684 9.99912E-05 0.328279
9.996E-05 9.996E-05 9.996E-05 9.996E-05 9.996E-05 0.9995
9.996E-05 9.996E-05 9.996E-05 9.996E-05 9.996E-05 0.9995
9.996E-05 9.996E-05 9.996E-05 9.996E-05 9.996E-05 0.9995
9.996E-05 9.996E-05 9.996E-05 9.996E-05 9.996E-05 0.9995
9.996E-05 9.996E-05 9.996E-05 9.996E-05 9.996E-05 0.9995
9.996E-05 9.996E-05 9.996E-05 9.996E-05 9.996E-05 0.9995
9.996E-05 9.996E-05 9.996E-05 9.996E-05 9.996E-05 0.9995
9.996E-05 9.996E-05 9.996E-05 9.996E-05 9.996E-05 0.9995
9.996E-05 9.996E-05 9.996E-05 9.996E-05 9.996E-05 0.9995
9.996E-05 9.996E-05 9.996E-05 9.996E-05 9.996E-05 0.9995
9.996E-05 9.996E-05 9.996E-05 9.996E-05 9.996E-05 0.9995
9.996E-05 9.996E-05 9.996E-05 9.996E-05 9.996E-05 0.9995
9.996E-05 9.996E-05 9.996E-05 9.996E-05 9.996E-05 0.9995
9.996E-05 9.996E-05 9.996E-05 9.996E-05 9.996E-05 0.9995
9.996E-05 9.996E-05 9.996E-05 9.996E-05 9.996E-05 0.9995
9.996E-05 9.996E-05 9.996E-05 9.996E-05 9.996E-05 0.9995
9.996E-05 9.996E-05 9.996E-05 9.996E-05 9.996E-05 0.9995
9.996E-05 9.996E-05 9.996E-05 9.996E-05 9.996E-05 0.9995
9.996E-05 9.996E-05 9.996E-05 9.996E-05 9.996E-05 0.9995
9.996E-05 9.996E-05 9.996E-05 9.996E-05 9.996E-05 0.9995
9.996E-05 9.996E-05 9.996E-05 9.996E-05 9.996E-05 0.9995
9.996E-05 9.996E-05 9.996E-05 9.996E-05 9.996E-05 0.9995
9.99648E-05 9.99648E-05 9.99648E-05 9.99648E-05 0.0059084 0.993692
9.996E-05 9.996E-05 9.996E-05 9.996E-05 9.996E-05 0.9995
9.996E-05 9.996E-05 9.996E-05 9.996E-05 9.996E-05 0.9995
9.996E-05 9.996E-05 9.996E-05 9.996E-05 9.996E-05 0.9995
9.996E-05 9.996E-05 9.996E-05 9.996E-05 9.996E-05 0.9995
9.996E-05 9.996E-05 9.996E-05 9.996E-05 9.996E-05 0.9995
9.996E-05 9.996E-05 9.996E-05 9.996E-05 9.996E-05 0.9995
9.996E-05 9.996E-05 9.996E-05 9.996E-05 9.996E-05 0.9995
9.996E-05 9.996E-05 9.996E-05 9.996E-05 9.996E-05 0.9995
9.996E-05 9.996E-05 9.996E-05 9.996E-05 9.996E-05 0.9995
9.996E-05 9.996E-05 9.996E-05 9.996E-05 9.996E-05 0.9995
9.996E-05 9.996E-05 9.996E-05 9.996E-05 9.996E-05 0.9995
9.996E-05 9.996E-05 9.996E-05 9.996E-05 9.996E-05 0.9995
9.996E-05 9.996E-05 9.996E-05 9.996E-05 9.996E-05 0.9995
9.996E-05 9.996E-05 9.996E-05 9.996E-05 9.996E-05 0.9995
9.996E-05 9.996E-05 9.996E-05 9.996E-05 9.996E-05 0.9995
9.996E-05 9.996E-05 9.996E-05 9.996E-05 9.996E-05 0.9995
9.996E-05 9.996E-05 9.996E-05 9.996E-05 9.996E-05 0.9995
9.996E-05 9.996E-05 9.996E-05 9.996E-05 9.996E-05 0.9995
9.996E-05 9.996E-05 9.996E-05 9.996E-05 9.996E-05 0.9995
9.996E-05 9.996E-05 9.996E-05 9.996E-05 9.996E-05 0.9995
9.996E-05 9.996E-05 9.996E-05 9.996E-05 9.996E-05 0.9995
9.996E-05 9.996E-05 9.996E-05 9.996E-05 9.996E-05 0.9995
9.996E-05 9.996E-05 9.996E-05 9.996E-05 9.996E-05 0.9995
9.996E-05 9.996E-05 9.996E-05 9.996E-05 9.996E-05 0.9995
9.996E-05 9.996E-05 9.996E-05 9.996E-05 9.996E-05 0.9995
9.996E-05 9.996E-05 9.996E-05 9.996E-05 9.996E-05 0.9995
9.996E-05 9.996E-05 9.996E-05 9.996E-05 9.996E-05 0.9995
9.996E-05 9.996E-05 9.996E-05 9.996E-05 9.996E-05 0.9995
9.996E-05 9.996E-05 9.996E-05 9.996E-05 9.996E-05 0.9995
9.996E-05 9.996E-05 9.996E-05 9.996E-05 9.996E-05 0.9995
9.996E-05 9.996E-05 9.996E-05 9.996E-05 9.996E-05 0.9995
9.996E-05 9.996E-05 9.996E-05 9.996E-05 9.996E-05 0.9995
9.996E-05 9.996E-05 9.996E-05 9.996E-05 9.996E-05 0.9995
9.996E-05 9.996E-05 9.996E-05 9.996E-05 9.996E-05 0.9995
9.996E-05 9.996E-05 9.996E-05 9.996E-05 9.996E-05 0.9995
9.996E-05 9.996E-05 9.996E-05 9.996E-05 9.996E-05 0.9995
9.996E-05 9.996E-05 9.996E-05 9.996E-05 9.996E-05 0.9995
9.996E-05 9.996E-05 9.996E-05 9.996E-05 9.996E-05 0.9995
9.996E-05 9.996E-05 9.996E-05 9.996E-05 9.996E-05 0.9995
9.996E-05 9.996E-05 9.996E-05 9.996E-05 9.996E-05 0.9995
9.99648E-05 9.99648E-05 9.99648E-05 9.99648E-05 0.0178934 0.981707
9.996E-05 9.996E-05 9.996E-05 9.996E-05 9.996E-05 0.9995
9.99648E-05 0.0562189 9.99648E-05 9.99648E-05 9.99648E-05 0.943381
9.996E-05 9.996E-05 9.996E-05 9.996E-05 9.996E-05 0.9995
9.99736E-05 0.0618305 9.99736E-05 9.99736E-05 0.0646464 0.873223
9.996E-05 9.996E-05 9.996E-05 9.996E-05 9.996E-05 0.9995
9.996E-05 9.996E-05 9.996E-05 9.996E-05 9.996E-05 0.9995
9.996E-05 9.996E-05 9.996E-05 9.996E-05 9.996E-05 0.9995
9.99648E-05 0.0294702 9.99648E-05 9.99648E-05 9.99648E-05 0.97013
9.996E-05 9.996E-05 9.996E-05 9.996E-05 9.996E-05 0.9995
9.996E-05 9.996E-05 9.996E-05 9.996E-05 9.996E-05 0.9995
9.996E-05 9.996E-05 9.996E-05 9.996E-05 9.996E-05 0.9995
9.996E-05 9.996E-05 9.996E-05 9.996E-05 9.996E-05 0.9995
9.996E-05 9.996E-05 9.996E-05 9.996E-05 9.996E-05 0.9995
9.99648E-05 0.0343269 9.99648E-05 9.99648E-05 9.99648E-05 0.965273
9.996E-05 9.996E-05 9.996E-05 9.996E-05 9.996E-05 0.9995
9.996E-05 9.996E-05 9.996E-05 9.996E-05 9.996E-05 0.9995
9.99648E-05 9.99648E-05 9.99648E-05 9.99648E-05 0.0162957 0.983304
9.996E-05 9.996E-05 9.996E-05 9.996E-05 9.996E-05 0.9995
9.996E-05 9.996E-05 9.996E-05 9.996E-05 9.996E-05 0.9995
9.996E-05 9.996E-05 9.996E-05 9.996E-05 9.996E-05 0.9995
9.996E-05 9.996E-05 9.996E-05 9.996E-05 9.996E-05 0.9995
9.99649E-05 0.0272882 9.99649E-05 9.99649E-05 9.99649E-05 0.972312
9.99648E-05 0.135358 9.99648E-05 9.99648E-05 9.99648E-05 0.864242
9.996E-05 9.996E-05 9.996E-05 9.996E-05 9.996E-05 0.9995
9.996E-05 9.996E-05 9.996E-05 9.996E-05 9.996E-05 0.9995
9.99736E-05 0.0340991 9.99736E-05 9.99736E-05 0.0246718 0.940929
9.996E-05 9.996E-05 9.996E-05 9.996E-05 9.996E-05 0.9995
9.996E-05 9.996E-05 9.996E-05 9.996E-05 9.996E-05 0.9995
9.996E-05 9.996E-05 9.996E-05 9.996E-05 9.996E-05 0.9995
9.99648E-05 0.157497 9.99648E-05 9.99648E-05 9.99648E-05 0.842103
9.99648E-05 0.0013034 9.99648E-05 9.99648E-05 9.99648E-05 0.998297
9.996E-05 9.996E-05 9.996E-05 9.996E-05 9.996E-05 0.9995
9.99648E-05 0.0458719 9.99648E-05 9.99648E-05 9.99648E-05 0.953728
9.99736E-05 0.0503886 9.99736E-05 9.99736E-05 0.0392029 0.910109
9.99648E-05 0.0102569 9.99648E-05 9.99648E-05 9.99648E-05 0.989343
9.99648E-05 0.0251557 9.99648E-05 9.99648E-05 9.99648E-05 0.974444
9.996E-05 9.996E-05 9.996E-05 9.996E-05 9.996E-05 0.9995
9.996E-05 9.996E-05 9.996E-05 9.996E-05 9.996E-05 0.9995
9.996E-05 9.996E-05 9.996E-05 9.996E-05 9.996E-05 0.9995
9.99648E-05 0.0402077 9.99648E-05 9.99648E-05 9.99648E-05 0.959392
9.99648E-05 0.0190771 9.99648E-05 9.99648E-05 9.99648E-05 0.980523
9.996E-05 9.996E-05 9.996E-05 9.996E-05 9.996E-05 0.9995
9.99648E-05 0.0148875 9.99648E-05 9.99648E-05 9.99648E-05 0.984713
9.996E-05 9.996E-05 9.996E-05 9.996E-05 9.996E-05 0.9995
9.996E-05 9.996E-05 9.996E-05 9.996E-05 9.996E-05 0.9995
9.996E-05 9.996E-05 9.996E-05 9.996E-05 9.996E-05 0.9995
9.996E-05 9.996E-05 9.996E-05 9.996E-05 9.996E-05 0.9995
9.996E-05 9.996E-05 9.996E-05 9.996E-05 9.996E-05 0.9995
9.996E-05 9.996E-05 9.996E-05 9.996E-05 9.996E-05 0.9995
9.996E-05 9.996E-05 9.996E-05 9.996E-05 9.996E-05 0.9995
9.99648E-05 0.153737 9.99648E-05 9.99648E-05 9.99648E-05 0.845863
9.99649E-05 0.0177561 9.99649E-05 9.99649E-05 9.99649E-05 0.981844
9.996E-05 9.996E-05 9.996E-05 9.996E-05 9.996E-05 0.9995
9.996E-05 9.996E-05 9.996E-05 9.996E-05 9.996E-05 0.9995
9.996E-05 9.996E-05 9.996E-05 9.996E-05 9.996E-05 0.9995
9.996E-05 9.996E-05 9.996E-05 9.996E-05 9.996E-05 0.9995
9.996E-05 9.996E-05 9.996E-05 9.996E-05 9.996E-05 0.9995
9.996E-05 9.996E-05 9.996E-05 9.996E-05 9.996E-05 0.9995
9.996E-05 9.996E-05 9.996E-05 9.996E-05 9.996E-05 0.9995
9.996E-05 9.996E-05 9.996E-05 9.996E-05 9.996E-05 0.9995
9.99649E-05 9.99649E-05 9.99649E-05 9.99649E-05 0.0749546 0.924646
9.996E-05 9.996E-05 9.996E-05 9.996E-05 9.996E-05 0.9995
9.996E-05 9.996E-05 9.996E-05 9.996E-05 9.996E-05 0.9995
9.99648E-05 9.99648E-05 9.99648E-05 9.99648E-05 0.0150271 0.984573
9.99649E-05 0.0391236 9.99649E-05 9.99649E-05 9.99649E-05 0.960477
9.996E-05 9.996E-05 9.996E-05 9.996E-05 9.996E-05 0.9995
0.0122711 0.264086 9.99824E-05 9.99824E-05 0.202934 0.520509
0.0247732 0.211528 9.99824E-05 9.99824E-05 0.17273 0.590769
9.99649E-05 9.99649E-05 9.99649E-05 9.99649E-05 0.218286 0.781315
9.99736E-05 0.0270425 9.99736E-05 9.99736E-05 0.142295 0.830362
9.99736E-05 0.238324 9.99736E-05 9.99736E-05 0.163331 0.598045
9.99736E-05 0.330007 9.99736E-05 9.99736E-05 0.173345 0.496348
9.99736E-05 0.231635 9.99736E-05 9.99736E-05 0.255122 0.512943
9.99649E-05 9.99649E-05 9.99649E-05 9.99649E-05 0.374086 0.625514
9.99736E-05 0.336326 9.99736E-05 9.99736E-05 0.164362 0.499013
9.99736E-05 0.288503 9.99736E-05 9.99736E-05 0.16747 0.543727
9.99736E-05 0.281714 9.99736E-05 9.99736E-05 0.165613 0.552374
9.99649E-05 0.510894 9.99649E-05 9.99649E-05 9.99649E-05 0.488706
9.99649E-05 9.99649E-05 9.99649E-05 9.99649E-05 0.122205 0.877395
9.99649E-05 9.99649E-05 9.99649E-05 9.99649E-05 0.211963 0.787637
9.99648E-05 9.99648E-05 9.99648E-05 9.99648E-05 0.137473 0.862127
9.99736E-05 0.062378 9.99736E-05 9.99736E-05 0.130791 0.806531
9.99649E-05 9.99649E-05 9.99649E-05 9.99649E-05 0.219232 0.780368
9.99736E-05 0.865468 9.99736E-05 9.99736E-05 0.0672151 0.0670165
9.99736E-05 0.48041 9.99736E-05 9.99736E-05 0.171942 0.347349
9.99649E-05 0.872623 9.99649E-05 9.99649E-05 9.99649E-05 0.126977
0.0147328 0.930839 9.99824E-05 9.99824E-05 0.014227 0.0400007
9.99736E-05 0.654363 9.99736E-05 9.99736E-05 0.123023 0.222314
9.99648E-05 0.882088 9.99648E-05 9.99648E-05 9.99648E-05 0.117512
9.99648E-05 0.927461 9.99648E-05 9.99648E-05 0.0721392 9.99648E-05
9.996E-05 0.9995 9.996E-05 9.996E-05 9.996E-05 9.996E-05
0.0631399 0.891356 9.99736E-05 9.99736E-05 9.99736E-05 0.0452046
9.99736E-05 0.514509 9.99736E-05 9.99736E-05 0.0664059 0.418785
0.0155263 0.740399 9.99736E-05 9.99736E-05 0.243775 9.99736E-05
0.0477008 0.951899 9.99649E-05 9.99649E-05 9.99649E-05 9.99649E-05
9.99737E-05 0.365977 9.99737E-05 9.99737E-05 0.240958 0.392764
9.99737E-05 0.489352 9.99737E-05 9.99737E-05 0.364916 0.145432
0.000302922 0.498653 9.99824E-05 9.99824E-05 0.330465 0.170379
0.130193 0.593431 9.998E-05 9.998E-05 0.240632 0.0355443
9.99736E-05 0.555301 9.99736E-05 9.99736E-05 0.297213 0.147186
0.0478829 0.845129 9.99824E-05 9.99824E-05 0.0549461 0.051842
0.0150783 0.538554 9.99824E-05 9.99824E-05 0.119168 0.327
9.99736E-05 0.385768 9.99736E-05 9.99736E-05 0.462165 0.151767
9.99736E-05 0.437038 9.99736E-05 9.99736E-05 0.467593 0.0950699
9.99648E-05 0.770312 9.99648E-05 9.99648E-05 0.229288 9.99648E-05
9.99736E-05 0.450387 9.99736E-05 9.99736E-05 0.462084 0.0872287
9.99649E-05 0.943134 9.99649E-05 0.0564661 9.99649E-05 9.99649E-05
9.99736E-05 0.598372 9.99736E-05 9.99736E-05 0.127761 0.273567
9.99736E-05 0.530825 9.99736E-05 9.99736E-05 0.183755 0.28512
9.99649E-05 0.730467 9.99649E-05 9.99649E-05 9.99649E-05 0.269134
9.99736E-05 0.661105 9.99736E-05 9.99736E-05 0.0187776 0.319818
9.99736E-05 0.788245 9.99736E-05 9.99736E-05 0.165326 0.0461295
9.99736E-05 0.710419 9.99736E-05 9.99736E-05 0.280727 0.00855401
9.99736E-05 0.884906 9.99736E-05 9.99736E-05 0.111889 0.00290539
0.0101609 0.562908 9.99824E-05 9.99824E-05 0.150925 0.275806
0.0103491 0.555589 9.99824E-05 9.99824E-05 0.153532 0.28033
9.99736E-05 0.810677 9.99736E-05 9.99736E-05 0.128279 0.0607448
9.99648E-05 0.695864 9.99648E-05 9.99648E-05 0.303736 9.99648E-05
9.99736E-05 0.8396 9.99736E-05 9.99736E-05 0.145758 0.0143414
9.99736E-05 0.81722 9.99736E-05 9.99736E-05 0.129797 0.0526838
9.99736E-05 0.720494 9.99736E-05 9.99736E-05 0.0983526 0.180854
9.99649E-05 0.547401 9.99649E-05 9.99649E-05 0.452199 9.99649E-05
9.99736E-05 0.84704 9.99736E-05 9.99736E-05 0.043092 0.109568
0.0474015 0.782025 9.99824E-05 0.0109363 9.99824E-05 0.159438
9.99648E-05 0.844949 9.99648E-05 9.99648E-05 0.154651 9.99648E-05
9.99648E-05 0.929033 9.99648E-05 9.99648E-05 0.0705674 9.99648E-05
0.0133026 0.986298 9.99649E-05 9.99649E-05 9.99649E-05 9.99649E-05
9.99648E-05 0.816054 9.99648E-05 9.99648E-05 0.183546 9.99648E-05
9.99736E-05 0.796828 9.99736E-05 9.99736E-05 0.0653345 0.137538
9.99648E-05 0.847851 9.99648E-05 9.99648E-05 0.151749 9.99648E-05
9.99737E-05 0.454911 9.99737E-05 9.99737E-05 0.316336 0.228453
9.99736E-05 0.793765 9.99736E-05 9.99736E-05 0.0738656 0.132069
9.99648E-05 0.839758 9.99648E-05 9.99648E-05 0.159842 9.99648E-05
0.0768655 0.828389 9.99824E-05 0.0187909 9.99824E-05 0.0757546
0.0335362 0.820794 9.99824E-05 0.0825491 9.99824E-05 0.062921
9.99736E-05 0.800709 9.99736E-05 9.99736E-05 0.0964579 0.102533
9.99736E-05 0.861328 9.99736E-05 9.99736E-05 0.0954926 0.0428792
0.0481245 0.843689 9.99824E-05 0.0118599 9.99824E-05 0.0961269
9.99736E-05 0.453383 9.99736E-05 9.99736E-05 0.349175 0.197142
