0.0128782 9.99473E-05 0.0710229 9.99473E-05 0.183914 0.189175 0.104532 0.437879 9.99473E-05 9.99473E-05 9.99473E-05 9.99473E-05
9.99385E-05 9.99385E-05 9.99385E-05 9.99385E-05 0.0504741 0.13332 0.0247931 0.765514 9.99385E-05 9.99385E-05 0.0251987 9.99385E-05
9.99297E-05 9.99297E-05 0.0478622 9.99297E-05 0.0374355 9.99297E-05 0.0606185 0.853284 9.99297E-05 9.99297E-05 9.99297E-05 9.99297E-05
9.99649E-05 9.99649E-05 0.0089994 0.343732 0.0863355 9.99649E-05 0.106305 0.28708 0.0241916 9.99649E-05 0.108455 0.0345013
9.9921E-05 9.9921E-05 9.9921E-05 0.159721 9.9921E-05 9.9921E-05 9.9921E-05 0.834881 9.9921E-05 9.9921E-05 9.9921E-05 0.00449851
9.99561E-05 0.0393146 9.99561E-05 0.301057 0.00667712 0.195583 9.99561E-05 0.22427 0.0950325 9.99561E-05 9.99561E-05 0.137566
0.124648 9.99474E-05 0.0317515 0.194119 9.99474E-05 0.220398 0.13598 0.292504 9.99474E-05 9.99474E-05 9.99474E-05 9.99474E-05
0.0368661 0.0408304 9.99825E-05 0.352229 0.0289381 0.0473069 0.0355821 0.204178 0.0480223 0.0711703 9.99825E-05 0.134677
9.99385E-05 9.99385E-05 0.233203 9.99385E-05 0.30415 0.0149989 9.99385E-05 0.207588 9.99385E-05 9.99385E-05 9.99385E-05 0.23936
9.99121E-05 9.99121E-05 9.99121E-05 9.99121E-05 0.066299 9.99121E-05 9.99121E-05 0.932702 9.99121E-05 9.99121E-05 9.99121E-05 9.99121E-05
9.99385E-05 0.0226174 9.99385E-05 9.99385E-05 0.304444 9.99385E-05 0.143532 0.526322 9.99385E-05 9.99385E-05 9.99385E-05 0.00238496
9.99385E-05 9.99385E-05 9.99385E-05 0.0493405 0.04314 9.99385E-05 0.0192549 0.873911 9.99385E-05 0.0136538 9.99385E-05 9.99385E-05
9.99298E-05 9.99298E-05 9.99298E-05 0.0304678 0.110941 9.99298E-05 9.99298E-05 0.848516 9.99298E-05 9.99298E-05 9.99298E-05 0.00927586
0.00190294 9.99473E-05 9.99473E-05 9.99473E-05 0.0662767 9.99473E-05 0.0781165 0.581485 0.216209 0.0554102 9.99473E-05 9.99473E-05
9.99649E-05 9.99649E-05 0.0110335 0.132543 0.179133 0.0285709 9.99649E-05 0.369483 0.140697 9.99649E-05 0.0121601 0.12598
9.99473E-05 9.99473E-05 9.99473E-05 0.172694 0.196238 9.99473E-05 0.00709517 0.269075 9.99473E-05 0.183027 9.99473E-05 0.17127
0.0255227 9.99562E-05 0.0709138 0.0627664 0.083446 0.0746017 0.0536433 0.628606 9.99562E-05 9.99562E-05 9.99562E-05 9.99562E-05
9.994E-05 0.0976371 9.994E-05 0.144493 0.23236 9.994E-05 9.994E-05 0.287158 9.994E-05 9.994E-05 0.156744 0.0810088
9.9956E-05 9.9956E-05 0.0241911 0.132008 0.25409 9.9956E-05 0.0670538 0.362502 9.9956E-05 9.9956E-05 0.00887727 0.150778
9.99122E-05 9.99122E-05 9.99122E-05 9.99122E-05 9.99122E-05 9.99122E-05 9.99122E-05 0.91329 9.99122E-05 9.99122E-05 0.0857113 9.99122E-05
9.99561E-05 9.99561E-05 0.0145851 0.151687 0.0800912 9.99561E-05 0.0282055 0.466982 9.99561E-05 0.147775 9.99561E-05 0.110174
0.0728609 0.02407 9.99649E-05 0.289226 9.99649E-05 0.0468176 0.0279628 0.341468 0.00340557 9.99649E-05 9.99649E-05 0.193788
9.99298E-05 9.99298E-05 9.99298E-05 9.99298E-05 0.1606 9.99298E-05 0.143499 0.679254 9.99298E-05 9.99298E-05 9.99298E-05 0.0158476
9.99385E-05 9.99385E-05 0.157654 0.0393849 0.384562 9.99385E-05 9.99385E-05 0.400506 9.99385E-05 0.0171927 9.99385E-05 9.99385E-05
9.99649E-05 9.99649E-05 0.0424561 9.99649E-05 0.331424 9.99649E-05 0.0447873 0.270812 0.132362 0.0134334 0.0901076 0.0742178
9.99386E-05 9.99386E-05 9.99386E-05 0.115905 0.157397 9.99386E-05 9.99386E-05 0.650754 0.0676331 9.99386E-05 9.99386E-05 0.00761081
0.0186216 0.0984705 0.0060258 0.0619161 0.273194 0.0906618 0.0536036 0.055929 0.198976 0.0710758 0.0113235 0.0602018
9.99386E-05 9.99386E-05 9.99386E-05 0.101947 0.0954216 9.99386E-05 0.0411825 0.74923 9.99386E-05 9.99386E-05 0.0115185 9.99386E-05
9.99298E-05 9.99298E-05 0.0341781 9.99298E-05 0.277268 9.99298E-05 0.00759822 0.680156 9.99298E-05 9.99298E-05 9.99298E-05 9.99298E-05
0.00814461 9.99649E-05 0.0640875 9.99649E-05 0.0529032 0.054365 0.0352981 0.657458 0.0252205 9.99649E-05 9.99649E-05 0.102124
9.99561E-05 0.02195 9.99561E-05 9.99561E-05 0.0779248 0.0281696 0.132245 0.662951 9.99561E-05 9.99561E-05 0.0436636 0.0325956
9.99386E-05 9.99386E-05 9.99386E-05 0.0726188 0.191457 9.99386E-05 0.0743587 0.576969 0.0838971 9.99386E-05 9.99386E-05 9.99386E-05
9.99385E-05 9.99385E-05 9.99385E-05 9.99385E-05 0.254348 9.99385E-05 0.126054 0.532526 9.99385E-05 0.0803807 9.99385E-05 0.00599232
0.0539211 0.0183224 0.0167694 0.0285482 0.190724 9.99649E-05 0.0239094 0.467309 0.200098 9.99649E-05 9.99649E-05 9.99649E-05
9.99474E-05 0.00189628 9.99474E-05 9.99474E-05 0.0235677 0.0426839 0.0605396 0.784307 9.99474E-05 9.99474E-05 0.0864056 9.99474E-05
9.99473E-05 9.99473E-05 0.0779804 9.99473E-05 0.0344042 0.0704336 0.0828522 0.716686 9.99473E-05 9.99473E-05 9.99473E-05 0.0170438
0.026221 9.99386E-05 9.99386E-05 9.99386E-05 9.99386E-05 0.134918 0.00358447 0.818901 9.99386E-05 0.0156758 9.99386E-05 9.99386E-05
9.99298E-05 9.99298E-05 9.99298E-05 9.99298E-05 0.108952 9.99298E-05 9.99298E-05 0.67849 9.99298E-05 9.99298E-05 0.0601013 0.151657
9.99474E-05 9.99474E-05 9.99474E-05 0.0434539 0.269065 0.033655 0.0772364 0.49009 0.0859 9.99474E-05 9.99474E-05 9.99474E-05
0.0230378 9.99473E-05 9.99473E-05 9.99473E-05 0.210225 9.99473E-05 0.00386012 0.445302 0.160101 0.156875 9.99473E-05 9.99473E-05
9.993E-05 9.993E-05 9.993E-05 0.0320625 0.104344 9.993E-05 0.0376672 0.804004 9.993E-05 9.993E-05 9.993E-05 0.0212227
9.99299E-05 9.99299E-05 0.0596704 9.99299E-05 0.159377 9.99299E-05 9.99299E-05 0.694513 9.99299E-05 9.99299E-05 9.99299E-05 0.08564
9.99297E-05 9.99297E-05 9.99297E-05 0.0576813 9.99297E-05 0.0343274 9.99297E-05 0.899868 0.00732399 9.99297E-05 9.99297E-05 9.99297E-05
9.99561E-05 9.99561E-05 0.0261321 0.0120061 0.213881 0.0787396 0.0845287 0.452007 9.99561E-05 9.99561E-05 9.99561E-05 0.132205
9.99385E-05 9.99385E-05 0.0199441 0.310795 0.315167 9.99385E-05 0.0190019 0.334393 9.99385E-05 9.99385E-05 9.99385E-05 9.99385E-05
9.99297E-05 9.99297E-05 9.99297E-05 0.0560714 0.0635442 9.99297E-05 9.99297E-05 0.81573 9.99297E-05 9.99297E-05 0.0638551 9.99297E-05
9.99385E-05 0.0903782 9.99385E-05 9.99385E-05 0.051926 9.99385E-05 9.99385E-05 0.792999 9.99385E-05 9.99385E-05 0.00270046 0.0612969
0.000985304 9.99298E-05 9.99298E-05 9.99298E-05 0.0508567 9.99298E-05 9.99298E-05 0.899147 9.99298E-05 0.0482119 9.99298E-05 9.99298E-05
9.99473E-05 0.000367166 9.99473E-05 0.0147714 0.25737 9.99473E-05 0.0575045 0.652843 9.99473E-05 0.0165449 9.99473E-05 9.99473E-05
0.157898 0.00869197 9.99737E-05 0.045729 0.0193236 0.00971722 0.0232893 0.72527 9.99737E-05 9.99737E-05 0.00869735 0.00108355
9.995E-05 0.0519984 9.995E-05 0.0331228 0.269077 9.995E-05 0.198542 0.272175 0.14749 9.995E-05 9.995E-05 0.0270958
9.99473E-05 9.99473E-05 0.0708775 0.177093 9.99473E-05 9.99473E-05 9.99473E-05 0.660946 9.99473E-05 0.0232812 0.0418837 0.0253194
9.9921E-05 0.0817733 9.9921E-05 9.9921E-05 0.104493 9.9921E-05 9.9921E-05 0.812834 9.9921E-05 9.9921E-05 9.9921E-05 9.9921E-05
0.0316387 0.0328747 9.99561E-05 9.99561E-05 0.0423874 9.99561E-05 9.99561E-05 0.628973 9.99561E-05 0.184623 0.0270833 0.0519202
9.99561E-05 9.99561E-05 0.0402231 0.104678 0.100901 9.99561E-05 9.99561E-05 0.716498 9.99561E-05 0.0180033 0.00159997 0.017597
9.99386E-05 9.99386E-05 9.99386E-05 0.00727739 9.99386E-05 9.99386E-05 9.99386E-05 0.648643 0.0376591 0.0999753 0.205746 9.99386E-05
9.99473E-05 0.0701894 9.99473E-05 0.0307756 0.00438204 0.153672 9.99473E-05 0.661075 9.99473E-05 9.99473E-05 9.99473E-05 0.079306
9.99211E-05 9.99211E-05 9.99211E-05 9.99211E-05 0.096087 9.99211E-05 0.0750427 0.827971 9.99211E-05 9.99211E-05 9.99211E-05 9.99211E-05
9.99561E-05 9.99561E-05 0.00899014 0.03378 0.0485566 0.0154684 0.0433412 0.840049 9.99561E-05 9.99561E-05 9.99561E-05 0.00931502
9.99473E-05 0.133084 9.99473E-05 9.99473E-05 0.3616 0.253445 0.030848 0.11093 9.99473E-05 9.99473E-05 9.99473E-05 0.109493
9.99474E-05 9.99474E-05 0.102367 0.0322985 0.0870714 0.367223 9.99474E-05 0.331114 9.99474E-05 0.0793262 9.99474E-05 9.99474E-05
0.10276 0.137657 9.99561E-05 9.99561E-05 0.00530835 0.335486 0.0734026 0.343378 0.00150893 9.99561E-05 9.99561E-05 9.99561E-05
0.116066 0.0554811 9.99561E-05 9.99561E-05 0.166904 0.3589 0.0431415 9.99561E-05 0.121204 9.99561E-05 9.99561E-05 0.137804
0.113808 0.0326748 9.99736E-05 0.147336 0.215341 0.134789 0.0387101 0.129731 9.99736E-05 9.99736E-05 0.0106207 0.17669
9.99473E-05 0.00712429 0.0849539 9.99473E-05 0.363706 0.27251 0.134186 9.99473E-05 9.99473E-05 9.99473E-05 9.99473E-05 0.13692
0.0190632 0.0158493 9.99473E-05 9.99473E-05 0.302731 0.554912 0.105575 0.00126911 9.99473E-05 9.99473E-05 9.99473E-05 9.99473E-05
0.0952522 0.253396 9.99386E-05 9.99386E-05 0.272925 0.309846 9.99386E-05 9.99386E-05 9.99386E-05 9.99386E-05 9.99386E-05 0.0678812
0.082677 0.0128649 0.0478161 9.99649E-05 0.192989 0.4015 0.0361531 0.19173 0.0338707 9.99649E-05 9.99649E-05 9.99649E-05
9.99473E-05 0.0430679 9.99473E-05 0.0112666 0.189693 0.237478 0.203036 0.314858 9.99473E-05 9.99473E-05 9.99473E-05 9.99473E-05
9.99385E-05 0.0927463 9.99385E-05 9.99385E-05 0.451913 0.154079 0.186519 9.99385E-05 9.99385E-05 9.99385E-05 9.99385E-05 0.114043
0.0984591 0.0331462 9.99737E-05 0.0656432 0.243062 0.309955 0.0787163 0.0448554 9.99737E-05 0.116857 9.99737E-05 0.00900604
0.0107604 0.010561 9.99824E-05 0.24198 0.163423 0.132582 0.17189 0.0333204 0.00358255 0.0520992 9.99824E-05 0.179602
0.062444 9.99473E-05 9.99473E-05 0.1681 0.422551 0.320795 9.99473E-05 0.0170802 9.99473E-05 9.99473E-05 9.99473E-05 0.00842992
0.050997 9.99649E-05 0.052372 9.99649E-05 0.102928 0.276985 0.0487478 0.284032 0.134957 0.0485825 9.99649E-05 9.99649E-05
9.99562E-05 0.0355952 9.99562E-05 0.0646952 0.248667 0.22138 0.115637 0.230576 9.99562E-05 9.99562E-05 9.99562E-05 0.08295
0.148356 0.113954 9.99473E-05 0.194108 0.254939 0.278628 9.99473E-05 9.99473E-05 0.00941539 9.99473E-05 9.99473E-05 9.99473E-05
9.99649E-05 0.086736 0.0158197 0.121853 0.162255 0.123196 0.21761 0.145619 9.99649E-05 9.99649E-05 9.99649E-05 0.126511
9.99561E-05 0.185846 9.99561E-05 0.00362134 0.271449 0.219761 0.0914929 0.186797 9.99561E-05 9.99561E-05 9.99561E-05 0.0405332
0.00423996 0.00792256 9.99473E-05 9.99473E-05 0.454377 0.218729 0.147415 9.99473E-05 9.99473E-05 0.166717 9.99473E-05 9.99473E-05
0.133452 0.0128429 9.99562E-05 9.99562E-05 0.150721 0.26619 0.0294614 0.364769 0.0420645 9.99562E-05 9.99562E-05 9.99562E-05
0.0577457 9.99649E-05 9.99649E-05 0.119537 0.268143 0.304516 0.0310196 0.126783 9.99649E-05 0.0449843 9.99649E-05 0.0468719
9.99562E-05 9.99562E-05 9.99562E-05 0.0252972 0.257927 0.311883 0.00505654 0.223288 0.169491 9.99562E-05 9.99562E-05 0.00655739
0.0479 0.10926 0.0593238 0.200657 0.173786 0.103226 0.0361707 0.190084 0.00281122 9.99824E-05 9.99824E-05 0.0765818
9.99649E-05 0.00123677 9.99649E-05 0.0375702 0.258361 0.0401182 0.328785 0.251208 0.0313724 9.99649E-05 9.99649E-05 0.0509484
0.000105969 9.99649E-05 9.99649E-05 9.99649E-05 0.167717 0.37258 0.052155 0.352728 0.016152 9.99649E-05 0.0104351 0.0277268
0.0753543 0.100659 0.0423971 9.99562E-05 0.0871725 0.246789 9.99562E-05 0.407255 0.0398735 9.99562E-05 9.99562E-05 9.99562E-05
0.00322031 9.9965E-05 0.0742626 9.9965E-05 0.264918 0.337371 0.0482533 0.238389 9.9965E-05 0.0328755 9.9965E-05 0.000310136
9.99386E-05 0.255727 9.99386E-05 9.99386E-05 0.241576 0.0996831 9.99386E-05 0.316437 9.99386E-05 9.99386E-05 9.99386E-05 0.085878
9.99387E-05 9.99387E-05 9.99387E-05 9.99387E-05 0.224988 0.200878 9.99387E-05 0.260519 0.176853 9.99387E-05 9.99387E-05 0.136062
9.9921E-05 9.9921E-05 9.9921E-05 9.9921E-05 0.208547 9.9921E-05 9.9921E-05 9.9921E-05 0.629748 9.9921E-05 9.9921E-05 0.160807
9.99211E-05 9.99211E-05 9.99211E-05 9.99211E-05 0.0538251 9.99211E-05 9.99211E-05 9.99211E-05 0.934467 9.99211E-05 9.99211E-05 0.0108082
9.99472E-05 9.99472E-05 9.99472E-05 0.0176063 0.200071 9.99472E-05 0.0751183 9.99472E-05 0.678301 0.00538317 9.99472E-05 0.0229212
9.99384E-05 0.0162569 9.99384E-05 9.99384E-05 0.272057 9.99384E-05 0.070094 9.99384E-05 0.533597 9.99384E-05 9.99384E-05 0.107295
0.0633692 9.99384E-05 0.0700459 9.99384E-05 0.0658289 9.99384E-05 9.99384E-05 9.99384E-05 0.627484 9.99384E-05 9.99384E-05 0.172572
9.99297E-05 9.99297E-05 9.99297E-05 9.99297E-05 0.209963 9.99297E-05 9.99297E-05 9.99297E-05 0.575264 9.99297E-05 0.0117585 0.202215
9.99385E-05 0.0442655 9.99385E-05 9.99385E-05 0.212635 9.99385E-05 0.0571319 9.99385E-05 0.567643 9.99385E-05 9.99385E-05 0.117625
9.99209E-05 9.99209E-05 9.99209E-05 9.99209E-05 0.122492 9.99209E-05 9.99209E-05 9.99209E-05 0.567487 9.99209E-05 9.99209E-05 0.309121
9.99385E-05 0.0776384 9.99385E-05 9.99385E-05 0.14428 0.289572 9.99385E-05 9.99385E-05 0.118725 9.99385E-05 9.99385E-05 0.369085
9.99385E-05 0.0114541 9.99385E-05 0.00637752 0.321485 9.99385E-05 9.99385E-05 9.99385E-05 0.382821 9.99385E-05 9.99385E-05 0.277162
9.9921E-05 9.9921E-05 9.9921E-05 9.9921E-05 0.0202946 0.285751 9.9921E-05 9.9921E-05 0.693055 9.9921E-05 9.9921E-05 9.9921E-05
9.99473E-05 9.99473E-05 9.99473E-05 9.99473E-05 0.0857771 0.125915 0.0663007 9.99473E-05 0.673622 9.99473E-05 0.0283212 0.0194639
9.9921E-05 0.0108181 9.9921E-05 9.9921E-05 9.9921E-05 9.9921E-05 9.9921E-05 9.9921E-05 0.846994 9.9921E-05 9.9921E-05 0.141289
9.99386E-05 9.99386E-05 0.0929052 9.99386E-05 0.154109 9.99386E-05 0.00572569 9.99386E-05 0.569589 9.99386E-05 9.99386E-05 0.176971
9.99561E-05 0.162256 9.99561E-05 9.99561E-05 0.0111474 9.99561E-05 0.0244315 9.99561E-05 0.646588 0.0490902 0.0074398 0.0985474
0.0499945 9.99561E-05 9.99561E-05 9.99561E-05 0.139422 0.0997549 0.0683413 9.99561E-05 0.468909 9.99561E-05 0.0297983 0.143281
9.99385E-05 9.99385E-05 9.99385E-05 9.99385E-05 0.166432 0.191476 9.99385E-05 9.99385E-05 0.539694 9.99385E-05 0.0464968 0.055202
0.115002 9.99385E-05 9.99385E-05 0.0124277 9.99385E-05 9.99385E-05 0.0285625 9.99385E-05 0.645539 9.99385E-05 9.99385E-05 0.19777
9.99297E-05 9.99297E-05 9.99297E-05 0.00986985 9.99297E-05 9.99297E-05 0.0656263 9.99297E-05 0.850893 9.99297E-05 9.99297E-05 0.0728116
9.99298E-05 9.99298E-05 9.99298E-05 9.99298E-05 0.117747 9.99298E-05 9.99298E-05 9.99298E-05 0.58736 9.99298E-05 0.159141 0.134953
9.99297E-05 9.99297E-05 9.99297E-05 9.99297E-05 0.185638 0.049117 9.99297E-05 9.99297E-05 0.701655 9.99297E-05 9.99297E-05 0.0627904
9.99384E-05 0.0382701 9.99384E-05 9.99384E-05 0.077622 9.99384E-05 0.0621193 9.99384E-05 0.685758 9.99384E-05 9.99384E-05 0.135531
9.99473E-05 9.99473E-05 9.99473E-05 0.0229821 0.292671 0.00969738 9.99473E-05 9.99473E-05 0.286262 9.99473E-05 0.0916351 0.296153
9.99211E-05 9.99211E-05 9.99211E-05 9.99211E-05 0.0377847 9.99211E-05 9.99211E-05 9.99211E-05 0.755143 9.99211E-05 9.99211E-05 0.206173
9.99473E-05 9.99473E-05 9.99473E-05 0.169893 0.217878 0.0910314 9.99473E-05 9.99473E-05 0.239803 9.99473E-05 0.0943857 0.186409
9.99386E-05 9.99386E-05 9.99386E-05 9.99386E-05 0.168765 0.0824543 9.99386E-05 9.99386E-05 0.503851 0.0688442 9.99386E-05 0.175386
0.0200674 9.99386E-05 0.0911249 9.99386E-05 0.0522154 9.99386E-05 9.99386E-05 0.0146742 0.821219 9.99386E-05 9.99386E-05 9.99386E-05
9.99472E-05 0.00581036 9.99472E-05 0.0669948 0.254458 9.99472E-05 9.99472E-05 9.99472E-05 0.425114 9.99472E-05 0.0458189 0.201205
9.99298E-05 9.99298E-05 9.99298E-05 9.99298E-05 0.272368 0.0707952 9.99298E-05 9.99298E-05 0.383068 9.99298E-05 9.99298E-05 0.272969
9.99298E-05 9.99298E-05 9.99298E-05 9.99298E-05 0.133682 9.99298E-05 0.120677 9.99298E-05 0.692236 9.99298E-05 0.0526057 9.99298E-05
9.99385E-05 9.99385E-05 9.99385E-05 9.99385E-05 0.241244 9.99385E-05 0.0663376 9.99385E-05 0.563456 0.0717968 9.99385E-05 0.0564657
9.99385E-05 9.99385E-05 9.99385E-05 9.99385E-05 0.113661 9.99385E-05 0.022039 9.99385E-05 0.751466 0.0733399 0.0387947 9.99385E-05
9.99385E-05 9.99385E-05 9.99385E-05 9.99385E-05 0.175286 9.99385E-05 9.99385E-05 9.99385E-05 0.258789 0.0145703 0.257561 0.293094
9.99296E-05 9.99296E-05 9.99296E-05 9.99296E-05 0.345776 9.99296E-05 9.99296E-05 9.99296E-05 0.397454 9.99296E-05 0.138068 0.117902
9.99209E-05 9.99209E-05 9.99209E-05 9.99209E-05 0.150566 9.99209E-05 9.99209E-05 9.99209E-05 0.804208 9.99209E-05 9.99209E-05 0.0443269
9.99561E-05 0.0344785 0.00530352 9.99561E-05 9.99561E-05 0.0344669 0.0330807 9.99561E-05 0.73014 0.0503664 9.99561E-05 0.111664
9.99384E-05 0.0321189 9.99384E-05 9.99384E-05 0.317751 9.99384E-05 0.0851878 9.99384E-05 0.412285 9.99384E-05 9.99384E-05 0.151957
9.99123E-05 9.99123E-05 9.99123E-05 9.99123E-05 9.99123E-05 9.99123E-05 9.99123E-05 9.99123E-05 0.96508 9.99123E-05 9.99123E-05 0.0339207
9.99386E-05 0.0140907 9.99386E-05 9.99386E-05 0.0889116 9.99386E-05 9.99386E-05 9.99386E-05 0.86212 9.99386E-05 0.0117482 0.0224303
9.99124E-05 9.99124E-05 9.99124E-05 9.99124E-05 9.99124E-05 9.99124E-05 9.99124E-05 9.99124E-05 0.970477 9.99124E-05 0.0285235 9.99124E-05
9.99211E-05 9.99211E-05 9.99211E-05 9.99211E-05 9.99211E-05 9.99211E-05 9.99211E-05 9.99211E-05 0.845801 9.99211E-05 0.11619 0.0371105
9.99473E-05 9.99473E-05 9.99473E-05 0.0319358 0.389975 0.048121 0.00963433 9.99473E-05 0.377351 9.99473E-05 9.99473E-05 0.142383
9.99473E-05 0.0321732 9.99473E-05 0.0677617 0.00775297 9.99473E-05 9.99473E-05 9.99473E-05 0.65559 0.0135055 9.99473E-05 0.222617
9.99387E-05 9.99387E-05 9.99387E-05 9.99387E-05 0.0384779 9.99387E-05 9.99387E-05 0.044428 0.828097 9.99387E-05 0.0111818 0.0771156
9.99298E-05 9.99298E-05 9.99298E-05 9.99298E-05 9.99298E-05 0.101895 9.99298E-05 0.0140208 0.864251 9.99298E-05 9.99298E-05 0.0190335
9.9956E-05 0.0277096 9.9956E-05 9.9956E-05 0.079115 0.196085 0.0178125 9.9956E-05 0.309104 9.9956E-05 0.156248 0.213426
0.0298539 0.0281854 0.00337757 9.99737E-05 0.279199 9.99737E-05 0.0573831 9.99737E-05 0.406995 0.0273066 0.0320646 0.135335
9.99562E-05 0.0180367 0.152092 9.99562E-05 0.0999287 0.0835202 9.99562E-05 9.99562E-05 0.429108 0.0988894 9.99562E-05 0.117925
9.99473E-05 0.0219754 9.99473E-05 0.0537735 0.263195 9.99473E-05 0.0790846 9.99473E-05 0.29479 9.99473E-05 9.99473E-05 0.286581
9.99123E-05 9.99123E-05 9.99123E-05 9.99123E-05 0.0374363 9.99123E-05 9.99123E-05 9.99123E-05 0.961565 9.99123E-05 9.99123E-05 9.99123E-05
0.0509719 9.99561E-05 9.99561E-05 0.0811093 0.273578 9.99561E-05 0.0192298 9.99561E-05 0.43355 0.103389 9.99561E-05 0.0376715
9.99211E-05 9.99211E-05 9.99211E-05 9.99211E-05 9.99211E-05 0.0376635 9.99211E-05 9.99211E-05 0.869842 9.99211E-05 9.99211E-05 0.0915949
9.99298E-05 9.99298E-05 9.99298E-05 9.99298E-05 0.166556 9.99298E-05 0.0258467 9.99298E-05 0.662815 9.99298E-05 9.99298E-05 0.143982
9.99472E-05 0.0362088 9.99472E-05 9.99472E-05 0.00145303 0.0155119 9.99472E-05 9.99472E-05 0.687715 0.128154 9.99472E-05 0.130358
0.0335683 0.0540265 9.9956E-05 9.9956E-05 0.0854986 9.9956E-05 0.0941069 9.9956E-05 0.669573 9.9956E-05 0.0420615 0.0206657
9.99472E-05 9.99472E-05 9.99472E-05 0.0167063 0.232662 0.25923 9.99472E-05 9.99472E-05 0.213685 9.99472E-05 0.0258525 0.251265
9.99209E-05 9.99209E-05 9.99209E-05 9.99209E-05 0.179828 9.99209E-05 9.99209E-05 9.99209E-05 0.57358 9.99209E-05 9.99209E-05 0.245693
9.99472E-05 9.99472E-05 9.99472E-05 0.0867981 0.0651557 9.99472E-05 0.0323285 9.99472E-05 0.613088 0.0379683 9.99472E-05 0.164061
9.99209E-05 9.99209E-05 9.99209E-05 9.99209E-05 0.105991 9.99209E-05 9.99209E-05 9.99209E-05 0.729865 9.99209E-05 0.163245 9.99209E-05
9.99297E-05 9.99297E-05 9.99297E-05 9.99297E-05 0.0929281 0.0791097 9.99297E-05 9.99297E-05 0.652934 9.99297E-05 9.99297E-05 0.174229
9.99032E-05 9.99032E-05 9.99032E-05 9.99032E-05 0.998901 9.99032E-05 9.99032E-05 9.99032E-05 9.99032E-05 9.99032E-05 9.99032E-05 9.99032E-05
9.99032E-05 9.99032E-05 9.99032E-05 9.99032E-05 9.99032E-05 9.99032E-05 9.99032E-05 9.99032E-05 9.99032E-05 9.99032E-05 9.99032E-05 0.998901
9.99032E-05 9.99032E-05 9.99032E-05 9.99032E-05 0.998901 9.99032E-05 9.99032E-05 9.99032E-05 9.99032E-05 9.99032E-05 9.99032E-05 9.99032E-05
9.99032E-05 9.99032E-05 9.99032E-05 9.99032E-05 9.99032E-05 9.99032E-05 9.99032E-05 9.99032E-05 9.99032E-05 9.99032E-05 9.99032E-05 0.998901
9.99032E-05 9.99032E-05 9.99032E-05 9.99032E-05 9.99032E-05 9.99032E-05 9.99032E-05 9.99032E-05 9.99032E-05 9.99032E-05 9.99032E-05 0.998901
9.99032E-05 9.99032E-05 9.99032E-05 9.99032E-05 9.99032E-05 9.99032E-05 9.99032E-05 9.99032E-05 9.99032E-05 9.99032E-05 9.99032E-05 0.998901
9.99032E-05 9.99032E-05 9.99032E-05 9.99032E-05 0.998901 9.99032E-05 9.99032E-05 9.99032E-05 9.99032E-05 9.99032E-05 9.99032E-05 9.99032E-05
9.99032E-05 9.99032E-05 9.99032E-05 9.99032E-05 9.99032E-05 9.99032E-05 9.99032E-05 9.99032E-05 9.99032E-05 9.99032E-05 9.99032E-05 0.998901
9.99032E-05 9.99032E-05 9.99032E-05 9.99032E-05 9.99032E-05 9.99032E-05 9.99032E-05 9.99032E-05 9.99032E-05 9.99032E-05 9.99032E-05 0.998901
9.99032E-05 9.99032E-05 9.99032E-05 9.99032E-05 0.998901 9.99032E-05 9.99032E-05 9.99032E-05 9.99032E-05 9.99032E-05 9.99032E-05 9.99032E-05
9.99032E-05 9.99032E-05 9.99032E-05 9.99032E-05 0.998901 9.99032E-05 9.99032E-05 9.99032E-05 9.99032E-05 9.99032E-05 9.99032E-05 9.99032E-05
9.99031E-05 9.99031E-05 9.99031E-05 9.99031E-05 0.998901 9.99031E-05 9.99031E-05 9.99031E-05 9.99031E-05 9.99031E-05 9.99031E-05 9.99031E-05
9.99032E-05 9.99032E-05 9.99032E-05 9.99032E-05 9.99032E-05 9.99032E-05 9.99032E-05 9.99032E-05 9.99032E-05 9.99032E-05 9.99032E-05 0.998901
9.99032E-05 9.99032E-05 9.99032E-05 9.99032E-05 9.99032E-05 9.99032E-05 9.99032E-05 9.99032E-05 9.99032E-05 9.99032E-05 9.99032E-05 0.998901
9.99032E-05 9.99032E-05 9.99032E-05 9.99032E-05 0.998901 9.99032E-05 9.99032E-05 9.99032E-05 9.99032E-05 9.99032E-05 9.99032E-05 9.99032E-05
9.99032E-05 9.99032E-05 9.99032E-05 9.99032E-05 0.998901 9.99032E-05 9.99032E-05 9.99032E-05 9.99032E-05 9.99032E-05 9.99032E-05 9.99032E-05
0.0951263 9.9956E-05 0.0766546 0.0670153 0.18124 9.9956E-05 9.9956E-05 9.9956E-05 0.381958 9.9956E-05 0.0669101 0.130596
9.99032E-05 9.99032E-05 9.99032E-05 9.99032E-05 0.998901 9.99032E-05 9.99032E-05 9.99032E-05 9.99032E-05 9.99032E-05 9.99032E-05 9.99032E-05
9.99033E-05 9.99033E-05 9.99033E-05 9.99033E-05 9.99033E-05 9.99033E-05 9.99033E-05 9.99033E-05 9.99033E-05 9.99033E-05 9.99033E-05 0.998901
9.99031E-05 9.99031E-05 9.99031E-05 9.99031E-05 0.998901 9.99031E-05 9.99031E-05 9.99031E-05 9.99031E-05 9.99031E-05 9.99031E-05 9.99031E-05
9.99032E-05 9.99032E-05 9.99032E-05 9.99032E-05 0.998901 9.99032E-05 9.99032E-05 9.99032E-05 9.99032E-05 9.99032E-05 9.99032E-05 9.99032E-05
9.99031E-05 9.99031E-05 9.99031E-05 9.99031E-05 0.998901 9.99031E-05 9.99031E-05 9.99031E-05 9.99031E-05 9.99031E-05 9.99031E-05 9.99031E-05
9.99031E-05 9.99031E-05 9.99031E-05 9.99031E-05 9.99031E-05 9.99031E-05 9.99031E-05 9.99031E-05 9.99031E-05 9.99031E-05 9.99031E-05 0.998901
9.99031E-05 9.99031E-05 9.99031E-05 9.99031E-05 0.998901 9.99031E-05 9.99031E-05 9.99031E-05 9.99031E-05 9.99031E-05 9.99031E-05 9.99031E-05
9.99033E-05 9.99033E-05 9.99033E-05 9.99033E-05 9.99033E-05 9.99033E-05 9.99033E-05 9.99033E-05 9.99033E-05 9.99033E-05 9.99033E-05 0.998901
9.99032E-05 9.99032E-05 9.99032E-05 9.99032E-05 0.998901 9.99032E-05 9.99032E-05 9.99032E-05 9.99032E-05 9.99032E-05 9.99032E-05 9.99032E-05
9.99032E-05 9.99032E-05 9.99032E-05 9.99032E-05 0.998901 9.99032E-05 9.99032E-05 9.99032E-05 9.99032E-05 9.99032E-05 9.99032E-05 9.99032E-05
9.99032E-05 9.99032E-05 9.99032E-05 9.99032E-05 9.99032E-05 9.99032E-05 9.99032E-05 9.99032E-05 9.99032E-05 9.99032E-05 9.99032E-05 0.998901
9.99032E-05 9.99032E-05 9.99032E-05 9.99032E-05 9.99032E-05 9.99032E-05 9.99032E-05 9.99032E-05 9.99032E-05 9.99032E-05 9.99032E-05 0.998901
9.99032E-05 9.99032E-05 9.99032E-05 9.99032E-05 9.99032E-05 9.99032E-05 9.99032E-05 9.99032E-05 9.99032E-05 9.99032E-05 9.99032E-05 0.998901
9.99032E-05 9.99032E-05 9.99032E-05 9.99032E-05 0.998901 9.99032E-05 9.99032E-05 9.99032E-05 9.99032E-05 9.99032E-05 9.99032E-05 9.99032E-05
9.99032E-05 9.99032E-05 9.99032E-05 9.99032E-05 0.998901 9.99032E-05 9.99032E-05 9.99032E-05 9.99032E-05 9.99032E-05 9.99032E-05 9.99032E-05
9.99031E-05 9.99031E-05 9.99031E-05 9.99031E-05 0.998901 9.99031E-05 9.99031E-05 9.99031E-05 9.99031E-05 9.99031E-05 9.99031E-05 9.99031E-05
9.99031E-05 9.99031E-05 9.99031E-05 9.99031E-05 0.998901 9.99031E-05 9.99031E-05 9.99031E-05 9.99031E-05 9.99031E-05 9.99031E-05 9.99031E-05
9.99032E-05 9.99032E-05 9.99032E-05 9.99032E-05 0.998901 9.99032E-05 9.99032E-05 9.99032E-05 9.99032E-05 9.99032E-05 9.99032E-05 9.99032E-05
9.99031E-05 9.99031E-05 9.99031E-05 9.99031E-05 9.99031E-05 9.99031E-05 9.99031E-05 9.99031E-05 9.99031E-05 9.99031E-05 9.99031E-05 0.998901
9.99032E-05 9.99032E-05 9.99032E-05 9.99032E-05 9.99032E-05 9.99032E-05 9.99032E-05 9.99032E-05 9.99032E-05 9.99032E-05 9.99032E-05 0.998901
9.99032E-05 9.99032E-05 9.99032E-05 9.99032E-05 9.99032E-05 9.99032E-05 9.99032E-05 9.99032E-05 9.99032E-05 9.99032E-05 9.99032E-05 0.998901
9.99031E-05 9.99031E-05 9.99031E-05 9.99031E-05 0.998901 9.99031E-05 9.99031E-05 9.99031E-05 9.99031E-05 9.99031E-05 9.99031E-05 9.99031E-05
9.99032E-05 9.99032E-05 9.99032E-05 9.99032E-05 9.99032E-05 9.99032E-05 9.99032E-05 9.99032E-05 9.99032E-05 9.99032E-05 9.99032E-05 0.998901
9.99032E-05 9.99032E-05 9.99032E-05 9.99032E-05 9.99032E-05 9.99032E-05 9.99032E-05 9.99032E-05 9.99032E-05 9.99032E-05 9.99032E-05 0.998901
9.99033E-05 9.99033E-05 9.99033E-05 9.99033E-05 9.99033E-05 9.99033E-05 9.99033E-05 9.99033E-05 9.99033E-05 9.99033E-05 9.99033E-05 0.998901
9.99032E-05 9.99032E-05 9.99032E-05 9.99032E-05 9.99032E-05 9.99032E-05 9.99032E-05 9.99032E-05 9.99032E-05 9.99032E-05 9.99032E-05 0.998901
9.99031E-05 9.99031E-05 9.99031E-05 9.99031E-05 0.998901 9.99031E-05 9.99031E-05 9.99031E-05 9.99031E-05 9.99031E-05 9.99031E-05 9.99031E-05
9.99032E-05 9.99032E-05 9.99032E-05 9.99032E-05 9.99032E-05 9.99032E-05 9.99032E-05 9.99032E-05 9.99032E-05 9.99032E-05 9.99032E-05 0.998901
9.99032E-05 9.99032E-05 9.99032E-05 9.99032E-05 9.99032E-05 9.99032E-05 9.99032E-05 9.99032E-05 9.99032E-05 9.99032E-05 9.99032E-05 0.998901
0.0951842 9.99648E-05 0.0840946 0.110333 0.214718 0.00368544 9.99648E-05 9.99648E-05 0.310097 9.99648E-05 0.0727038 0.108784
9.99032E-05 9.99032E-05 9.99032E-05 9.99032E-05 0.998901 9.99032E-05 9.99032E-05 9.99032E-05 9.99032E-05 9.99032E-05 9.99032E-05 9.99032E-05
9.99032E-05 9.99032E-05 9.99032E-05 9.99032E-05 9.99032E-05 9.99032E-05 9.99032E-05 9.99032E-05 9.99032E-05 9.99032E-05 9.99032E-05 0.998901
9.99032E-05 9.99032E-05 9.99032E-05 9.99032E-05 9.99032E-05 9.99032E-05 9.99032E-05 9.99032E-05 9.99032E-05 9.99032E-05 9.99032E-05 0.998901
9.99032E-05 9.99032E-05 9.99032E-05 9.99032E-05 9.99032E-05 9.99032E-05 9.99032E-05 9.99032E-05 9.99032E-05 9.99032E-05 9.99032E-05 0.998901
9.99033E-05 9.99033E-05 9.99033E-05 9.99033E-05 9.99033E-05 9.99033E-05 9.99033E-05 9.99033E-05 9.99033E-05 9.99033E-05 9.99033E-05 0.998901
9.99032E-05 9.99032E-05 9.99032E-05 9.99032E-05 0.998901 9.99032E-05 9.99032E-05 9.99032E-05 9.99032E-05 9.99032E-05 9.99032E-05 9.99032E-05
9.99032E-05 9.99032E-05 9.99032E-05 9.99032E-05 9.99032E-05 9.99032E-05 9.99032E-05 9.99032E-05 9.99032E-05 9.99032E-05 9.99032E-05 0.998901
9.99031E-05 9.99031E-05 9.99031E-05 9.99031E-05 0.998901 9.99031E-05 9.99031E-05 9.99031E-05 9.99031E-05 9.99031E-05 9.99031E-05 9.99031E-05
9.99031E-05 9.99031E-05 9.99031E-05 9.99031E-05 9.99031E-05 9.99031E-05 9.99031E-05 9.99031E-05 9.99031E-05 9.99031E-05 9.99031E-05 0.998901
9.99032E-05 9.99032E-05 9.99032E-05 9.99032E-05 0.998901 9.99032E-05 9.99032E-05 9.99032E-05 9.99032E-05 9.99032E-05 9.99032E-05 9.99032E-05
9.99032E-05 9.99032E-05 9.99032E-05 9.99032E-05 9.99032E-05 9.99032E-05 9.99032E-05 9.99032E-05 9.99032E-05 9.99032E-05 9.99032E-05 0.998901
9.99032E-05 9.99032E-05 9.99032E-05 9.99032E-05 9.99032E-05 9.99032E-05 9.99032E-05 9.99032E-05 9.99032E-05 9.99032E-05 9.99032E-05 0.998901
9.99032E-05 9.99032E-05 9.99032E-05 9.99032E-05 9.99032E-05 9.99032E-05 9.99032E-05 9.99032E-05 9.99032E-05 9.99032E-05 9.99032E-05 0.998901
9.99032E-05 9.99032E-05 9.99032E-05 9.99032E-05 9.99032E-05 9.99032E-05 9.99032E-05 9.99032E-05 9.99032E-05 9.99032E-05 9.99032E-05 0.998901
9.99032E-05 9.99032E-05 9.99032E-05 9.99032E-05 9.99032E-05 9.99032E-05 9.99032E-05 9.99032E-05 9.99032E-05 9.99032E-05 9.99032E-05 0.998901
9.99032E-05 9.99032E-05 9.99032E-05 9.99032E-05 9.99032E-05 9.99032E-05 9.99032E-05 9.99032E-05 9.99032E-05 9.99032E-05 9.99032E-05 0.998901
9.99031E-05 9.99031E-05 9.99031E-05 9.99031E-05 0.998901 9.99031E-05 9.99031E-05 9.99031E-05 9.99031E-05 9.99031E-05 9.99031E-05 9.99031E-05
9.99031E-05 9.99031E-05 9.99031E-05 9.99031E-05 0.998901 9.99031E-05 9.99031E-05 9.99031E-05 9.99031E-05 9.99031E-05 9.99031E-05 9.99031E-05
9.99031E-05 9.99031E-05 9.99031E-05 9.99031E-05 0.998901 9.99031E-05 9.99031E-05 9.99031E-05 9.99031E-05 9.99031E-05 9.99031E-05 9.99031E-05
9.99032E-05 9.99032E-05 9.99032E-05 9.99032E-05 9.99032E-05 9.99032E-05 9.99032E-05 9.99032E-05 9.99032E-05 9.99032E-05 9.99032E-05 0.998901
9.99031E-05 9.99031E-05 9.99031E-05 9.99031E-05 0.998901 9.99031E-05 9.99031E-05 9.99031E-05 9.99031E-05 9.99031E-05 9.99031E-05 9.99031E-05
9.99032E-05 9.99032E-05 9.99032E-05 9.99032E-05 0.998901 9.99032E-05 9.99032E-05 9.99032E-05 9.99032E-05 9.99032E-05 9.99032E-05 9.99032E-05
9.99031E-05 9.99031E-05 9.99031E-05 9.99031E-05 0.998901 9.99031E-05 9.99031E-05 9.99031E-05 9.99031E-05 9.99031E-05 9.99031E-05 9.99031E-05
9.99032E-05 9.99032E-05 9.99032E-05 9.99032E-05 9.99032E-05 9.99032E-05 9.99032E-05 9.99032E-05 9.99032E-05 9.99032E-05 9.99032E-05 0.998901
9.99032E-05 9.99032E-05 9.99032E-05 9.99032E-05 9.99032E-05 9.99032E-05 9.99032E-05 9.99032E-05 9.99032E-05 9.99032E-05 9.99032E-05 0.998901
9.99032E-05 9.99032E-05 9.99032E-05 9.99032E-05 9.99032E-05 9.99032E-05 9.99032E-05 9.99032E-05 9.99032E-05 9.99032E-05 9.99032E-05 0.998901
9.99032E-05 9.99032E-05 9.99032E-05 9.99032E-05 0.998901 9.99032E-05 9.99032E-05 9.99032E-05 9.99032E-05 9.99032E-05 9.99032E-05 9.99032E-05
9.99032E-05 9.99032E-05 9.99032E-05 9.99032E-05 9.99032E-05 9.99032E-05 9.99032E-05 9.99032E-05 9.99032E-05 9.99032E-05 9.99032E-05 0.998901
9.99032E-05 9.99032E-05 9.99032E-05 9.99032E-05 9.99032E-05 9.99032E-05 9.99032E-05 9.99032E-05 9.99032E-05 9.99032E-05 9.99032E-05 0.998901
9.99032E-05 9.99032E-05 9.99032E-05 9.99032E-05 0.998901 9.99032E-05 9.99032E-05 9.99032E-05 9.99032E-05 9.99032E-05 9.99032E-05 9.99032E-05
9.99032E-05 9.99032E-05 9.99032E-05 9.99032E-05 9.99032E-05 9.99032E-05 9.99032E-05 9.99032E-05 9.99032E-05 9.99032E-05 9.99032E-05 0.998901
9.99032E-05 9.99032E-05 9.99032E-05 9.99032E-05 9.99032E-05 9.99032E-05 9.99032E-05 9.99032E-05 9.99032E-05 9.99032E-05 9.99032E-05 0.998901
0.00906683 0.0793367 9.99648E-05 9.99648E-05 0.400643 0.0500092 0.15659 9.99648E-05 0.176176 0.0193271 9.99648E-05 0.108451
9.99031E-05 9.99031E-05 9.99031E-05 9.99031E-05 0.998901 9.99031E-05 9.99031E-05 9.99031E-05 9.99031E-05 9.99031E-05 9.99031E-05 9.99031E-05
9.99032E-05 9.99032E-05 9.99032E-05 9.99032E-05 9.99032E-05 9.99032E-05 9.99032E-05 9.99032E-05 9.99032E-05 9.99032E-05 9.99032E-05 0.998901
0.0108563 9.99473E-05 0.0779592 9.99473E-05 0.0421299 9.99473E-05 0.0335356 9.99473E-05 0.392612 9.99473E-05 9.99473E-05 0.442307
9.99473E-05 9.99473E-05 0.0324427 0.0537521 0.206298 9.99473E-05 9.99473E-05 9.99473E-05 0.379658 9.99473E-05 0.0428908 0.284359
9.99297E-05 9.99297E-05 0.0647256 9.99297E-05 0.391043 9.99297E-05 9.99297E-05 9.99297E-05 0.377728 9.99297E-05 9.99297E-05 0.165704
9.9956E-05 0.0746507 0.0319724 0.00385414 0.18626 9.9956E-05 9.9956E-05 9.9956E-05 0.596504 0.0452828 0.0609753 9.9956E-05
9.99208E-05 9.99208E-05 9.99208E-05 9.99208E-05 0.354733 9.99208E-05 9.99208E-05 9.99208E-05 0.306336 9.99208E-05 9.99208E-05 0.338032
9.99212E-05 9.99212E-05 9.99212E-05 9.99212E-05 9.99212E-05 0.0180791 9.99212E-05 9.99212E-05 0.869688 9.99212E-05 9.99212E-05 0.111333
9.99561E-05 9.99561E-05 0.0726436 9.99561E-05 0.22844 9.99561E-05 0.0194176 9.99561E-05 0.266213 0.0236728 0.0684187 0.320694
9.99472E-05 0.0633175 9.99472E-05 9.99472E-05 0.0722318 9.99472E-05 0.0624686 9.99472E-05 0.52321 9.99472E-05 0.060427 0.217745
9.99211E-05 9.99211E-05 9.99211E-05 9.99211E-05 0.0550476 9.99211E-05 9.99211E-05 9.99211E-05 0.73585 9.99211E-05 9.99211E-05 0.208203
9.99385E-05 9.99385E-05 0.053349 0.103149 0.177765 9.99385E-05 9.99385E-05 9.99385E-05 0.635336 0.0297015 9.99385E-05 9.99385E-05
9.99297E-05 9.99297E-05 9.99297E-05 9.99297E-05 0.29483 9.99297E-05 0.072837 9.99297E-05 0.560606 9.99297E-05 9.99297E-05 0.0709274
9.99297E-05 9.99297E-05 9.99297E-05 9.99297E-05 0.0960956 0.00853719 9.99297E-05 9.99297E-05 0.346568 9.99297E-05 9.99297E-05 0.547999
9.99473E-05 0.0342164 9.99473E-05 9.99473E-05 0.359836 0.0113936 9.99473E-05 9.99473E-05 0.219323 0.114396 9.99473E-05 0.260236
0.0423667 0.150597 9.99384E-05 9.99384E-05 0.102345 9.99384E-05 9.99384E-05 9.99384E-05 0.602236 9.99384E-05 9.99384E-05 0.101755
9.99296E-05 9.99296E-05 9.99296E-05 9.99296E-05 0.30137 9.99296E-05 0.07521 9.99296E-05 0.477988 9.99296E-05 9.99296E-05 0.144633
9.99473E-05 9.99473E-05 9.99473E-05 0.127772 0.162309 0.106338 0.0955723 9.99473E-05 0.216271 9.99473E-05 9.99473E-05 0.291138
9.99386E-05 9.99386E-05 0.0448313 9.99386E-05 0.0776119 0.00288316 9.99386E-05 9.99386E-05 0.681539 9.99386E-05 9.99386E-05 0.192435
9.99561E-05 0.0147836 0.0161779 9.99561E-05 0.445067 9.99561E-05 0.0913623 9.99561E-05 0.280176 0.0671492 9.99561E-05 0.0847834
0.0569433 9.99472E-05 9.99472E-05 9.99472E-05 9.99472E-05 0.224674 0.105789 9.99472E-05 0.406617 9.99472E-05 0.0885793 0.116797
0.0213902 9.99385E-05 9.99385E-05 0.121583 0.250832 9.99385E-05 9.99385E-05 9.99385E-05 0.446863 9.99385E-05 9.99385E-05 0.158633
9.99384E-05 9.99384E-05 9.99384E-05 0.161609 0.142402 9.99384E-05 9.99384E-05 9.99384E-05 0.592646 9.99384E-05 0.0156431 0.0869996
9.99298E-05 9.99298E-05 9.99298E-05 9.99298E-05 9.99298E-05 0.00812013 9.99298E-05 9.99298E-05 0.564606 0.0970873 9.99298E-05 0.329387
9.9956E-05 0.00999039 9.9956E-05 9.9956E-05 0.232982 9.9956E-05 0.0200892 9.9956E-05 0.342791 0.158446 0.0261836 0.209018
9.99472E-05 9.99472E-05 9.99472E-05 0.181259 0.0307977 9.99472E-05 0.0198945 9.99472E-05 0.602235 9.99472E-05 0.0259371 0.139277
9.99296E-05 0.177243 9.99296E-05 9.99296E-05 0.0539202 9.99296E-05 9.99296E-05 9.99296E-05 0.713318 9.99296E-05 9.99296E-05 0.0547187
9.99123E-05 9.99123E-05 9.99123E-05 9.99123E-05 9.99123E-05 0.0430282 9.99123E-05 9.99123E-05 0.955973 9.99123E-05 9.99123E-05 9.99123E-05
9.99648E-05 0.117979 0.0711207 0.0651399 0.0537212 0.0922287 9.99648E-05 9.99648E-05 0.485501 9.99648E-05 0.0371866 0.0767231
9.99297E-05 9.99297E-05 0.104893 9.99297E-05 0.331251 9.99297E-05 9.99297E-05 9.99297E-05 0.2853 9.99297E-05 9.99297E-05 0.277757
0.00462448 0.11695 9.99384E-05 9.99384E-05 0.165807 9.99384E-05 9.99384E-05 9.99384E-05 0.652959 0.0589601 9.99384E-05 9.99384E-05
9.99385E-05 0.157534 9.99385E-05 9.99385E-05 0.0822375 9.99385E-05 9.99385E-05 9.99385E-05 0.483503 9.99385E-05 0.103791 0.172234
0.0038968 9.99473E-05 9.99473E-05 0.125017 0.162003 9.99473E-05 0.0205257 9.99473E-05 0.246819 9.99473E-05 9.99473E-05 0.441138
9.99298E-05 9.99298E-05 9.99298E-05 9.99298E-05 0.148659 9.99298E-05 0.0138806 9.99298E-05 0.609827 9.99298E-05 9.99298E-05 0.226833
9.99384E-05 9.99384E-05 9.99384E-05 0.133593 0.127909 0.156478 9.99384E-05 9.99384E-05 0.416346 9.99384E-05 9.99384E-05 0.164974
9.99384E-05 9.99384E-05 9.99384E-05 0.0911857 0.226881 9.99384E-05 0.0327189 9.99384E-05 0.435641 9.99384E-05 9.99384E-05 0.212874
9.99472E-05 0.12134 9.99472E-05 0.0248053 0.222755 9.99472E-05 0.0619073 9.99472E-05 0.456142 9.99472E-05 9.99472E-05 0.11245
9.99209E-05 9.99209E-05 9.99209E-05 9.99209E-05 0.277878 9.99209E-05 9.99209E-05 9.99209E-05 0.652124 9.99209E-05 9.99209E-05 0.0690987
9.99034E-05 9.99034E-05 9.99034E-05 9.99034E-05 9.99034E-05 9.99034E-05 9.99034E-05 9.99034E-05 0.998901 9.99034E-05 9.99034E-05 9.99034E-05
0.133044 9.99472E-05 9.99472E-05 9.99472E-05 0.323861 0.0508452 0.0742739 9.99472E-05 0.38148 0.0358958 9.99472E-05 9.99472E-05
0.0885816 0.0386715 9.99561E-05 9.99561E-05 0.108734 9.99561E-05 0.102723 9.99561E-05 0.622836 0.0335953 0.00435914 9.99561E-05
9.99297E-05 9.99297E-05 9.99297E-05 0.29379 0.0679264 9.99297E-05 9.99297E-05 9.99297E-05 0.432993 9.99297E-05 9.99297E-05 0.204491
9.99385E-05 0.073972 9.99385E-05 9.99385E-05 0.375906 9.99385E-05 0.044481 9.99385E-05 0.386416 9.99385E-05 9.99385E-05 0.118526
9.99561E-05 9.99561E-05 0.14266 0.0928842 0.0726051 0.0286602 9.99561E-05 9.99561E-05 0.558207 9.99561E-05 0.0216342 0.082849
9.99384E-05 9.99384E-05 0.0905278 0.10282 0.192788 9.99384E-05 9.99384E-05 9.99384E-05 0.383163 9.99384E-05 9.99384E-05 0.230002
9.99386E-05 9.99386E-05 9.99386E-05 0.102929 0.0712243 0.0260509 9.99386E-05 9.99386E-05 0.305789 9.99386E-05 9.99386E-05 0.493308
9.99297E-05 9.99297E-05 9.99297E-05 9.99297E-05 0.379853 0.0348557 9.99297E-05 9.99297E-05 0.189062 9.99297E-05 9.99297E-05 0.395429
9.99472E-05 0.0652638 9.99472E-05 0.0406504 0.129901 9.99472E-05 0.0260148 9.99472E-05 0.562544 9.99472E-05 9.99472E-05 0.175027
9.99034E-05 9.99034E-05 9.99034E-05 9.99034E-05 9.99034E-05 9.99034E-05 9.99034E-05 9.99034E-05 0.998901 9.99034E-05 9.99034E-05 9.99034E-05
9.9956E-05 9.9956E-05 9.9956E-05 0.0322479 0.0102731 0.00453453 0.0116277 9.9956E-05 0.638653 9.9956E-05 0.0575046 0.244659
9.99035E-05 9.99035E-05 9.99035E-05 9.99035E-05 9.99035E-05 9.99035E-05 9.99035E-05 9.99035E-05 0.998901 9.99035E-05 9.99035E-05 9.99035E-05
0.00660555 9.99736E-05 9.99736E-05 0.0722679 0.137228 0.244429 0.0381098 9.99736E-05 0.209392 0.0824972 0.00535023 0.20382
9.99122E-05 9.99122E-05 9.99122E-05 9.99122E-05 9.99122E-05 0.0867226 9.99122E-05 9.99122E-05 0.912278 9.99122E-05 9.99122E-05 9.99122E-05
9.99298E-05 9.99298E-05 9.99298E-05 9.99298E-05 0.411217 0.0128831 0.0809936 9.99298E-05 0.494107 9.99298E-05 9.99298E-05 9.99298E-05
9.99384E-05 9.99384E-05 9.99384E-05 0.146299 0.271572 0.253987 0.0534334 9.99384E-05 0.274008 9.99384E-05 9.99384E-05 9.99384E-05
9.99297E-05 9.99297E-05 9.99297E-05 9.99297E-05 0.0846519 0.312391 9.99297E-05 9.99297E-05 0.449959 9.99297E-05 9.99297E-05 0.152198
0.0291727 9.9956E-05 0.0177311 0.285483 0.00710339 9.9956E-05 0.02358 9.9956E-05 0.539467 9.9956E-05 9.9956E-05 0.0969626
9.99297E-05 9.99297E-05 0.00645907 9.99297E-05 0.0796745 9.99297E-05 9.99297E-05 9.99297E-05 0.566353 9.99297E-05 9.99297E-05 0.346713
9.99211E-05 9.99211E-05 9.99211E-05 9.99211E-05 0.180569 0.0727874 9.99211E-05 9.99211E-05 0.745745 9.99211E-05 9.99211E-05 9.99211E-05
9.99297E-05 9.99297E-05 9.99297E-05 9.99297E-05 9.99297E-05 0.0721155 0.00622277 9.99297E-05 0.695314 9.99297E-05 9.99297E-05 0.225548
9.99297E-05 9.99297E-05 9.99297E-05 9.99297E-05 0.282964 9.99297E-05 9.99297E-05 9.99297E-05 0.458838 9.99297E-05 0.00757975 0.249819
9.99386E-05 0.0221996 9.99386E-05 9.99386E-05 0.211119 0.138385 9.99386E-05 9.99386E-05 0.386211 9.99386E-05 9.99386E-05 0.241386
9.99034E-05 9.99034E-05 9.99034E-05 9.99034E-05 9.99034E-05 9.99034E-05 9.99034E-05 9.99034E-05 0.998901 9.99034E-05 9.99034E-05 9.99034E-05
9.99299E-05 9.99299E-05 9.99299E-05 0.0349981 9.99299E-05 9.99299E-05 9.99299E-05 0.0236323 0.863673 9.99299E-05 9.99299E-05 0.0768967
9.99474E-05 9.99474E-05 0.000445125 9.99474E-05 0.180295 9.99474E-05 9.99474E-05 0.0206948 0.781978 9.99474E-05 0.0158602 0.000127073
9.99385E-05 0.0264846 9.99385E-05 9.99385E-05 0.234854 9.99385E-05 0.129554 9.99385E-05 0.521268 9.99385E-05 9.99385E-05 0.0871411
9.99384E-05 9.99384E-05 9.99384E-05 9.99384E-05 0.0915652 9.99384E-05 0.00458844 9.99384E-05 0.608201 9.99384E-05 0.102658 0.192288
9.99385E-05 9.99385E-05 0.00475881 9.99385E-05 0.0140081 9.99385E-05 9.99385E-05 9.99385E-05 0.655664 0.0256467 9.99385E-05 0.299223
9.99211E-05 9.99211E-05 9.99211E-05 9.99211E-05 0.0270931 9.99211E-05 9.99211E-05 9.99211E-05 0.926099 9.99211E-05 9.99211E-05 0.045909
9.99561E-05 9.99561E-05 9.99561E-05 0.0277496 0.298026 0.0455551 0.0110585 9.99561E-05 0.277805 9.99561E-05 0.0324415 0.306865
0.0124396 9.99384E-05 9.99384E-05 9.99384E-05 0.336985 9.99384E-05 0.122439 9.99384E-05 0.396073 9.99384E-05 9.99384E-05 0.131363
9.99299E-05 9.99299E-05 9.99299E-05 9.99299E-05 0.106972 0.180409 9.99299E-05 9.99299E-05 0.70076 9.99299E-05 0.0110589 9.99299E-05
