0.129677 9.99474E-05 0.739641 9.99474E-05 9.99474E-05 9.99474E-05 9.99474E-05 0.130083 9.99474E-05
0.050343 9.99475E-05 0.916124 9.99475E-05 9.99475E-05 9.99475E-05 9.99475E-05 0.032933 9.99475E-05
0.0226412 0.021079 0.853733 9.9965E-05 0.0288636 0.0732837 9.9965E-05 9.9965E-05 9.9965E-05
0.0689301 9.99737E-05 0.334015 9.99737E-05 0.00578521 0.0778463 9.99737E-05 0.480177 0.0329472
9.99563E-05 0.00209602 0.730254 9.99563E-05 0.261556 0.00559434 9.99563E-05 9.99563E-05 9.99563E-05
0.0163976 9.99737E-05 0.301015 0.184434 0.2218 0.143149 9.99737E-05 0.132905 9.99737E-05
0.125518 0.072858 0.516568 9.99562E-05 9.99562E-05 9.99562E-05 9.99562E-05 0.284556 9.99562E-05
0.0771103 0.248468 0.230412 0.19937 0.196758 9.99825E-05 0.0375818 0.0101008 9.99825E-05
9.99649E-05 9.99649E-05 0.464993 0.275975 0.116674 9.99649E-05 9.99649E-05 0.0793418 0.0626157
0.01015 9.99475E-05 0.938627 9.99475E-05 9.99475E-05 9.99475E-05 9.99475E-05 0.0506229 9.99475E-05
0.159602 9.99561E-05 0.835774 9.99561E-05 9.99561E-05 9.99561E-05 9.99561E-05 0.00230713 0.00181624
0.0597244 9.99475E-05 0.828154 9.99475E-05 9.99475E-05 9.99475E-05 9.99475E-05 0.111522 9.99475E-05
0.0554935 9.99475E-05 0.918853 9.99475E-05 0.0250538 9.99475E-05 9.99475E-05 9.99475E-05 9.99475E-05
0.0570597 0.0714816 0.658609 9.99562E-05 9.99562E-05 0.21235 9.99562E-05 9.99562E-05 9.99562E-05
9.99561E-05 9.99561E-05 0.588365 0.148413 9.99561E-05 0.0902097 9.99561E-05 0.172513 9.99561E-05
0.032385 0.130886 0.377549 0.238401 9.99737E-05 0.0100108 9.99737E-05 0.210468 9.99737E-05
0.0864063 0.0230705 0.757267 9.9965E-05 9.9965E-05 0.0717672 9.9965E-05 0.0610894 9.9965E-05
0.00574292 9.99824E-05 0.584869 0.0321861 0.00228252 9.99824E-05 0.221205 0.0267539 0.12676
0.0677948 9.99649E-05 0.572906 0.114587 9.99649E-05 9.99649E-05 0.0765097 0.167803 9.99649E-05
0.0192357 9.99563E-05 0.922319 9.99563E-05 9.99563E-05 9.99563E-05 9.99563E-05 0.0159093 0.0420366
0.108124 0.00882499 0.495136 0.050676 0.116366 0.0358705 9.99825E-05 0.184803 9.99825E-05
0.0328002 9.99737E-05 0.369007 0.203496 0.204913 0.00997677 9.99737E-05 0.179507 9.99737E-05
0.0980884 9.99387E-05 0.901212 9.99387E-05 9.99387E-05 9.99387E-05 9.99387E-05 9.99387E-05 9.99387E-05
0.0161866 0.159024 0.800949 9.99561E-05 9.99561E-05 9.99561E-05 9.99561E-05 0.0233409 9.99561E-05
0.0821928 9.99736E-05 0.488974 0.0666855 9.99736E-05 0.0733175 9.99736E-05 0.163084 0.125447
0.00986282 9.9965E-05 0.770879 9.9965E-05 0.0614414 0.0555955 9.9965E-05 0.101821 9.9965E-05
0.029935 0.136465 0.415112 0.0706881 0.0255206 0.151356 0.161141 9.99912E-05 0.00968152
0.0268519 9.99475E-05 0.835079 9.99475E-05 9.99475E-05 9.99475E-05 9.99475E-05 0.13747 9.99475E-05
0.0349403 9.99562E-05 0.925543 9.99562E-05 9.99562E-05 0.0101846 9.99562E-05 0.0288322 9.99562E-05
0.0770778 9.99825E-05 0.763549 0.0271193 0.0283435 0.0452161 0.00226174 0.0562326 9.99825E-05
0.135468 9.99562E-05 0.744636 9.99562E-05 9.99562E-05 9.99562E-05 9.99562E-05 0.106519 0.012877
0.0349645 9.9965E-05 0.421971 9.9965E-05 0.0168602 0.363366 9.9965E-05 0.162439 9.9965E-05
0.202046 9.99387E-05 0.797255 9.99387E-05 9.99387E-05 9.99387E-05 9.99387E-05 9.99387E-05 9.99387E-05
9.99737E-05 0.0876352 0.520323 9.99737E-05 0.0797383 0.245129 0.00183451 0.0650398 9.99737E-05
0.0916257 9.99475E-05 0.863568 9.99475E-05 9.99475E-05 9.99475E-05 9.99475E-05 9.99475E-05 0.0442067
0.0548234 9.99475E-05 0.748063 9.99475E-05 9.99475E-05 9.99475E-05 9.99475E-05 0.196514 9.99475E-05
0.0433629 0.0844403 0.819702 0.00656716 0.0321086 9.99738E-05 9.99738E-05 0.0135195 9.99738E-05
0.00783616 9.9965E-05 0.686486 0.149423 9.9965E-05 0.0657116 9.9965E-05 9.9965E-05 0.0901434
0.0363028 9.99562E-05 0.68009 9.99562E-05 0.10956 0.173547 9.99562E-05 9.99562E-05 9.99562E-05
0.0559193 0.136606 0.697868 9.99561E-05 9.99561E-05 0.109107 9.99561E-05 9.99561E-05 9.99561E-05
0.0760429 9.99475E-05 0.849768 9.99475E-05 9.99475E-05 9.99475E-05 9.99475E-05 0.0735894 9.99475E-05
0.0120049 9.99562E-05 0.877767 0.027673 9.99562E-05 9.99562E-05 9.99562E-05 0.082055 9.99562E-05
0.0108848 0.0456563 0.672116 9.9965E-05 0.160271 0.110671 9.9965E-05 9.9965E-05 9.9965E-05
0.142564 9.99825E-05 0.643207 0.115148 9.99825E-05 0.0144884 0.0127856 0.0684003 0.00320675
0.00435458 9.99561E-05 0.600489 9.99561E-05 0.134861 9.99561E-05 9.99561E-05 0.259796 9.99561E-05
0.0376456 9.9965E-05 0.808081 9.9965E-05 9.9965E-05 9.9965E-05 0.0481543 0.0239518 0.0817679
0.0719713 9.99475E-05 0.899607 9.99475E-05 9.99475E-05 9.99475E-05 9.99475E-05 0.0278218 9.99475E-05
9.99476E-05 0.0501893 0.942112 9.99476E-05 9.99476E-05 9.99476E-05 9.99476E-05 9.99476E-05 0.00709853
0.10464 0.0376558 0.850095 9.99561E-05 0.00710872 9.99561E-05 9.99561E-05 9.99561E-05 9.99561E-05
0.0767183 0.141608 0.669389 0.0102723 0.0935828 9.99738E-05 0.00812958 9.99738E-05 9.99738E-05
0.0691087 9.99824E-05 0.522723 9.99824E-05 0.0312657 0.153051 0.00122087 0.172978 0.049452
9.9965E-05 0.0757587 0.586882 9.9965E-05 0.235721 9.9965E-05 9.9965E-05 0.0876041 0.0136341
9.99563E-05 0.0121915 0.847631 9.99563E-05 9.99563E-05 0.0743169 0.0653613 9.99563E-05 9.99563E-05
0.0181692 0.264109 0.631054 9.9965E-05 0.0472266 0.0390413 9.9965E-05 9.9965E-05 9.9965E-05
9.99476E-05 0.103032 0.85287 9.99476E-05 9.99476E-05 9.99476E-05 9.99476E-05 0.0434983 9.99476E-05
0.0200911 9.9965E-05 0.515374 9.9965E-05 0.238461 0.146466 9.9965E-05 9.9965E-05 0.0792085
0.0269414 0.123192 0.774652 9.9965E-05 0.0199695 9.9965E-05 0.0548443 9.9965E-05 9.9965E-05
0.0552445 9.99475E-05 0.80406 9.99475E-05 9.99475E-05 9.99475E-05 9.99475E-05 0.140096 9.99475E-05
0.0719842 0.0584872 0.80507 9.9965E-05 0.0201661 9.9965E-05 0.0438927 9.9965E-05 9.9965E-05
0.0838155 9.99737E-05 0.482161 0.188266 9.99737E-05 0.0658036 0.115312 0.064342 9.99737E-05
0.0378424 0.097468 0.665602 0.00265877 9.9965E-05 9.9965E-05 9.9965E-05 0.196029 9.9965E-05
0.0606931 0.109058 0.457798 0.0816212 9.99825E-05 0.115954 0.171043 0.00363191 9.99825E-05
0.0219778 0.0049587 0.256049 0.315445 9.99824E-05 0.285965 0.0789069 0.0364976 9.99824E-05
0.0372352 0.0535697 0.48086 0.170419 9.99824E-05 9.99824E-05 0.0818731 0.143488 0.0323556
0.0666803 9.99648E-05 0.632386 0.186575 9.99648E-05 0.00809721 0.105862 9.99648E-05 9.99648E-05
0.0794753 9.99649E-05 0.62674 0.199343 9.99649E-05 9.99649E-05 0.00499413 0.0890469 9.99649E-05
0.0222378 0.0392944 0.405519 0.248658 9.99824E-05 0.0869682 0.180274 0.0168484 9.99824E-05
0.0235337 0.0110218 0.607127 0.0305593 9.99737E-05 0.180207 0.147251 9.99737E-05 9.99737E-05
0.167275 9.99561E-05 0.578541 0.107681 9.99561E-05 9.99561E-05 9.99561E-05 0.146003 9.99561E-05
0.211516 9.99648E-05 0.523306 0.185563 9.99648E-05 9.99648E-05 0.0581856 9.99648E-05 0.0210298
0.0940675 0.161793 0.385724 0.0965747 9.99737E-05 9.99737E-05 0.0377551 0.223786 9.99737E-05
0.163134 0.102324 0.254757 0.211518 0.11724 0.0892155 0.00389007 0.057821 9.99912E-05
9.995E-05 0.124864 0.661956 0.106737 0.105944 9.995E-05 9.995E-05 9.995E-05 9.995E-05
0.0625526 0.229298 0.418026 9.99738E-05 9.99738E-05 0.217799 0.00755632 0.0644681 9.99738E-05
0.0964027 9.9965E-05 0.626356 0.151828 9.9965E-05 0.0396148 9.9965E-05 0.0853988 9.9965E-05
9.99824E-05 0.0314101 0.306994 0.00299584 0.0217111 0.22957 0.196871 0.210248 9.99824E-05
0.23636 9.99649E-05 0.322601 0.096403 9.99649E-05 9.99649E-05 0.022653 0.321583 9.99649E-05
0.102063 9.99649E-05 0.637397 0.0301024 9.99649E-05 9.99649E-05 0.142545 0.0874929 9.99649E-05
0.0659989 0.151372 0.647798 0.0596975 9.99824E-05 9.99824E-05 0.063544 0.00197991 0.0094099
0.0654473 0.0045992 0.67471 9.9965E-05 0.201538 0.0533058 9.9965E-05 9.9965E-05 9.9965E-05
9.99649E-05 9.99649E-05 0.411205 0.0915409 9.99649E-05 0.0552253 0.104529 0.3371 9.99649E-05
0.0372421 0.0336969 0.50367 0.0621183 9.99824E-05 0.284021 0.072178 9.99824E-05 0.00687364
0.0989688 9.99737E-05 0.393158 0.0781959 9.99737E-05 0.0782173 0.0940359 0.257124 9.99737E-05
0.290828 9.99649E-05 0.536802 0.0502477 9.99649E-05 0.0265597 9.99649E-05 0.0951632 9.99649E-05
0.139494 0.0175867 0.694716 0.070516 9.99737E-05 0.0595025 9.99737E-05 9.99737E-05 0.0178848
9.99622E-05 9.99622E-05 0.719216 9.99622E-05 9.99622E-05 0.0773762 0.0655951 0.137312 9.99622E-05
0.0012586 0.0753876 0.733153 0.0596834 9.99737E-05 9.99737E-05 0.0551052 0.0751122 9.99737E-05
9.99562E-05 9.99562E-05 0.569311 0.110494 9.99562E-05 9.99562E-05 0.247469 0.0722264 9.99562E-05
9.99562E-05 0.0349539 0.670926 0.114727 9.99562E-05 0.178893 9.99562E-05 9.99562E-05 9.99562E-05
9.99561E-05 0.0252397 9.99561E-05 0.122563 9.99561E-05 0.83937 0.0123271 9.99561E-05 9.99561E-05
9.993E-05 9.993E-05 9.993E-05 9.993E-05 9.993E-05 0.999201 9.993E-05 9.993E-05 9.993E-05
0.0661637 9.99648E-05 9.99648E-05 0.0416902 0.135042 0.749401 0.00730275 9.99648E-05 9.99648E-05
0.0370514 9.99648E-05 9.99648E-05 0.163815 0.0118506 0.659125 0.127758 9.99648E-05 9.99648E-05
0.0374923 9.996E-05 9.996E-05 0.148647 0.0761406 0.731332 9.996E-05 9.996E-05 0.00598825
9.99561E-05 9.99561E-05 9.99561E-05 0.305784 9.99561E-05 0.600186 9.99561E-05 0.0851913 0.00833967
0.0695629 9.99648E-05 9.99648E-05 0.168979 9.99648E-05 0.64864 0.111711 9.99648E-05 0.000706942
9.99472E-05 9.99472E-05 9.99472E-05 0.288222 9.99472E-05 0.68551 9.99472E-05 9.99472E-05 0.025668
0.0458555 9.99473E-05 9.99473E-05 0.552619 9.99473E-05 0.400926 9.99473E-05 9.99473E-05 9.99473E-05
9.99736E-05 9.99736E-05 0.104054 0.267056 0.0307535 0.544513 0.0213805 0.0319428 9.99736E-05
9.99386E-05 9.99386E-05 9.99386E-05 0.118054 9.99386E-05 0.881246 9.99386E-05 9.99386E-05 9.99386E-05
0.0108987 9.99561E-05 0.0473123 9.99561E-05 9.99561E-05 0.896475 9.99561E-05 9.99561E-05 0.044814
0.0388191 9.99474E-05 9.99474E-05 0.128211 9.99474E-05 0.83237 9.99474E-05 9.99474E-05 9.99474E-05
9.99473E-05 9.99473E-05 0.107311 0.199842 9.99473E-05 0.692247 9.99473E-05 9.99473E-05 9.99473E-05
0.000591528 0.0103166 9.99649E-05 0.160662 9.99649E-05 0.69296 0.13507 9.99649E-05 9.99649E-05
0.0524222 0.0314807 0.0116017 0.127034 9.99736E-05 0.765191 9.99736E-05 9.99736E-05 0.01197
9.99561E-05 9.99561E-05 9.99561E-05 0.171318 9.99561E-05 0.684101 0.0192045 9.99561E-05 0.124876
0.00921817 9.99561E-05 9.99561E-05 0.147604 0.128176 0.714501 9.99561E-05 9.99561E-05 9.99561E-05
0.0487596 9.99561E-05 9.99561E-05 0.104489 0.0692524 0.776999 9.99561E-05 9.99561E-05 9.99561E-05
9.99473E-05 9.99473E-05 9.99473E-05 0.122781 9.99473E-05 0.761649 9.99473E-05 9.99473E-05 0.114971
0.00537224 9.99649E-05 9.99649E-05 0.136584 0.0241564 0.816673 9.99649E-05 0.0168143 9.99649E-05
0.0351817 9.99561E-05 9.99561E-05 0.0693893 9.99561E-05 0.847019 0.0479099 9.99561E-05 9.99561E-05
9.9956E-05 9.9956E-05 9.9956E-05 0.425368 0.0473423 0.377011 9.9956E-05 9.9956E-05 0.149779
9.99385E-05 9.99385E-05 9.99385E-05 0.235713 9.99385E-05 0.763587 9.99385E-05 9.99385E-05 9.99385E-05
9.99561E-05 9.99561E-05 9.99561E-05 0.401988 0.0416101 0.410235 9.99561E-05 9.99561E-05 0.145667
9.99474E-05 9.99474E-05 0.0363702 0.208111 9.99474E-05 0.754919 9.99474E-05 9.99474E-05 9.99474E-05
9.99387E-05 9.99387E-05 9.99387E-05 9.99387E-05 9.99387E-05 0.959712 9.99387E-05 9.99387E-05 0.0395886
9.99472E-05 9.99472E-05 9.99472E-05 0.109868 0.129693 0.759839 9.99472E-05 9.99472E-05 9.99472E-05
9.99473E-05 9.99473E-05 9.99473E-05 0.310745 9.99473E-05 0.607207 9.99473E-05 9.99473E-05 0.0814489
0.0793035 9.99649E-05 9.99649E-05 0.00406646 0.0149751 0.807959 9.99649E-05 9.99649E-05 0.0932956
0.0627683 0.0474477 0.0666601 0.0606209 9.99649E-05 0.762103 9.99649E-05 9.99649E-05 9.99649E-05
0.0344459 0.0380215 9.99561E-05 9.99561E-05 9.99561E-05 0.874174 9.99561E-05 9.99561E-05 0.0528592
9.99648E-05 0.0072715 9.99648E-05 0.382513 0.025041 0.321421 9.99648E-05 9.99648E-05 0.263354
9.99472E-05 9.99472E-05 9.99472E-05 0.124474 9.99472E-05 0.80114 9.99472E-05 9.99472E-05 0.0737861
9.99385E-05 9.99385E-05 9.99385E-05 0.0382784 9.99385E-05 0.961022 9.99385E-05 9.99385E-05 9.99385E-05
0.0782944 9.99473E-05 9.99473E-05 0.168994 9.99473E-05 0.752112 9.99473E-05 9.99473E-05 9.99473E-05
0.0383032 9.9956E-05 9.9956E-05 0.135535 9.9956E-05 0.728421 0.097241 9.9956E-05 9.9956E-05
9.99386E-05 9.99386E-05 9.99386E-05 0.0404654 9.99386E-05 0.958835 9.99386E-05 9.99386E-05 9.99386E-05
0.00553327 9.99561E-05 9.99561E-05 0.0319622 9.99561E-05 0.929693 9.99561E-05 9.99561E-05 0.0323121
9.993E-05 9.993E-05 9.993E-05 9.993E-05 9.993E-05 0.999201 9.993E-05 9.993E-05 9.993E-05
9.99474E-05 9.99474E-05 9.99474E-05 0.00970236 9.99474E-05 0.981423 9.99474E-05 9.99474E-05 0.00827523
9.9956E-05 9.9956E-05 0.245626 0.268172 0.0792115 0.40649 9.9956E-05 9.9956E-05 9.9956E-05
9.99473E-05 9.99473E-05 9.99473E-05 0.225516 0.110443 0.663442 9.99473E-05 9.99473E-05 9.99473E-05
9.99387E-05 9.99387E-05 9.99387E-05 0.135252 9.99387E-05 0.864048 9.99387E-05 9.99387E-05 9.99387E-05
9.993E-05 9.993E-05 9.993E-05 9.993E-05 9.993E-05 0.999201 9.993E-05 9.993E-05 9.993E-05
0.00831091 9.99648E-05 9.99648E-05 0.370279 9.99648E-05 0.441506 0.0276913 9.99648E-05 0.151812
0.0770633 9.99561E-05 9.99561E-05 0.133775 9.99561E-05 0.717293 0.0713689 9.99561E-05 9.99561E-05
0.0169816 0.052204 0.00588782 0.26076 9.99825E-05 0.615139 0.0456202 9.99825E-05 0.00320796
0.0079168 9.99648E-05 0.205086 0.38045 9.99648E-05 0.357071 9.99648E-05 9.99648E-05 0.0490765
9.993E-05 9.993E-05 9.993E-05 9.993E-05 9.993E-05 0.999201 9.993E-05 9.993E-05 9.993E-05
0.0128571 9.99473E-05 9.99473E-05 9.99473E-05 9.99473E-05 0.72147 9.99473E-05 0.265073 9.99473E-05
9.99387E-05 9.99387E-05 9.99387E-05 0.116675 9.99387E-05 0.882625 9.99387E-05 9.99387E-05 9.99387E-05
0.00190474 9.99561E-05 9.99561E-05 0.13281 9.99561E-05 0.790241 0.0745448 9.99561E-05 9.99561E-05
9.99561E-05 0.136532 9.99561E-05 0.132169 9.99561E-05 0.725943 0.0048564 9.99561E-05 9.99561E-05
0.0697571 9.99648E-05 9.99648E-05 0.00758002 9.99648E-05 0.793366 0.0243021 0.104595 9.99648E-05
9.9956E-05 9.9956E-05 0.0389686 0.349206 9.9956E-05 0.584242 9.9956E-05 0.0270836 9.9956E-05
9.99472E-05 9.99472E-05 9.99472E-05 0.19456 9.99472E-05 0.800087 9.99472E-05 9.99472E-05 0.00475345
0.0928802 0.0798872 9.99648E-05 0.0275742 9.99648E-05 0.776332 9.99648E-05 9.99648E-05 0.0229265
9.99473E-05 9.99473E-05 9.99473E-05 0.027947 9.99473E-05 0.795065 9.99473E-05 9.99473E-05 0.176388
9.99385E-05 9.99385E-05 9.99385E-05 0.178041 9.99385E-05 0.82126 9.99385E-05 9.99385E-05 9.99385E-05
9.99559E-05 9.99559E-05 0.828842 0.0770546 9.99559E-05 9.99559E-05 0.0264222 9.99559E-05 0.0671818
9.993E-05 9.993E-05 9.993E-05 0.999201 9.993E-05 9.993E-05 9.993E-05 9.993E-05 9.993E-05
9.99383E-05 9.99383E-05 0.990168 0.00913204 9.99383E-05 9.99383E-05 9.99383E-05 9.99383E-05 9.99383E-05
9.993E-05 9.993E-05 9.993E-05 0.999201 9.993E-05 9.993E-05 9.993E-05 9.993E-05 9.993E-05
9.993E-05 9.993E-05 9.993E-05 0.999201 9.993E-05 9.993E-05 9.993E-05 9.993E-05 9.993E-05
9.993E-05 9.993E-05 9.993E-05 0.999201 9.993E-05 9.993E-05 9.993E-05 9.993E-05 9.993E-05
9.99383E-05 9.99383E-05 0.990168 0.00913204 9.99383E-05 9.99383E-05 9.99383E-05 9.99383E-05 9.99383E-05
9.993E-05 9.993E-05 9.993E-05 0.999201 9.993E-05 9.993E-05 9.993E-05 9.993E-05 9.993E-05
9.993E-05 9.993E-05 9.993E-05 0.999201 9.993E-05 9.993E-05 9.993E-05 9.993E-05 9.993E-05
9.99383E-05 9.99383E-05 0.925495 0.0738053 9.99383E-05 9.99383E-05 9.99383E-05 9.99383E-05 9.99383E-05
9.99471E-05 9.99471E-05 0.882391 0.0925164 9.99471E-05 9.99471E-05 9.99471E-05 9.99471E-05 0.0244931
9.99471E-05 9.99471E-05 0.950044 0.0316132 9.99471E-05 9.99471E-05 9.99471E-05 9.99471E-05 0.0177435
9.993E-05 9.993E-05 9.993E-05 0.999201 9.993E-05 9.993E-05 9.993E-05 9.993E-05 9.993E-05
9.993E-05 9.993E-05 9.993E-05 0.999201 9.993E-05 9.993E-05 9.993E-05 9.993E-05 9.993E-05
9.99471E-05 9.99471E-05 0.895446 0.00303592 9.99471E-05 9.99471E-05 9.99471E-05 9.99471E-05 0.100918
9.99383E-05 9.99383E-05 0.98544 0.0138605 9.99383E-05 9.99383E-05 9.99383E-05 9.99383E-05 9.99383E-05
0.00211973 0.0571867 9.99912E-05 0.114428 0.111554 0.467658 0.0151597 0.166127 0.0656681
9.99383E-05 9.99383E-05 0.959709 9.99383E-05 9.99383E-05 9.99383E-05 9.99383E-05 9.99383E-05 0.0395917
9.993E-05 9.993E-05 9.993E-05 0.999201 9.993E-05 9.993E-05 9.993E-05 9.993E-05 9.993E-05
9.99471E-05 9.99471E-05 0.949539 0.0483131 9.99471E-05 9.99471E-05 9.99471E-05 9.99471E-05 0.00154799
9.99471E-05 9.99471E-05 0.886454 0.043091 9.99471E-05 9.99471E-05 9.99471E-05 9.99471E-05 0.0698557
9.99471E-05 9.99471E-05 0.926028 0.0461637 9.99471E-05 9.99471E-05 9.99471E-05 9.99471E-05 0.0272088
9.993E-05 9.993E-05 9.993E-05 0.999201 9.993E-05 9.993E-05 9.993E-05 9.993E-05 9.993E-05
9.99471E-05 9.99471E-05 0.930829 0.0433184 9.99471E-05 9.99471E-05 9.99471E-05 9.99471E-05 0.0252532
9.993E-05 9.993E-05 9.993E-05 0.999201 9.993E-05 9.993E-05 9.993E-05 9.993E-05 9.993E-05
9.99471E-05 9.99471E-05 0.955524 0.0199962 9.99471E-05 9.99471E-05 9.99471E-05 9.99471E-05 0.0238799
9.99383E-05 9.99383E-05 0.98436 0.0149407 9.99383E-05 9.99383E-05 9.99383E-05 9.99383E-05 9.99383E-05
9.993E-05 9.993E-05 9.993E-05 0.999201 9.993E-05 9.993E-05 9.993E-05 9.993E-05 9.993E-05
9.993E-05 9.993E-05 9.993E-05 0.999201 9.993E-05 9.993E-05 9.993E-05 9.993E-05 9.993E-05
9.993E-05 9.993E-05 9.993E-05 0.999201 9.993E-05 9.993E-05 9.993E-05 9.993E-05 9.993E-05
9.99383E-05 9.99383E-05 0.930862 9.99383E-05 9.99383E-05 9.99383E-05 9.99383E-05 9.99383E-05 0.068438
9.99383E-05 9.99383E-05 0.901955 9.99383E-05 9.99383E-05 9.99383E-05 9.99383E-05 9.99383E-05 0.0973458
9.99382E-05 9.99382E-05 0.992805 9.99382E-05 9.99382E-05 9.99382E-05 9.99382E-05 9.99382E-05 0.00649497
9.99471E-05 9.99471E-05 0.933745 0.0341767 9.99471E-05 9.99471E-05 9.99471E-05 9.99471E-05 0.0314781
9.99383E-05 9.99383E-05 0.951473 0.0478275 9.99383E-05 9.99383E-05 9.99383E-05 9.99383E-05 9.99383E-05
9.993E-05 9.993E-05 9.993E-05 0.999201 9.993E-05 9.993E-05 9.993E-05 9.993E-05 9.993E-05
9.993E-05 9.993E-05 9.993E-05 0.999201 9.993E-05 9.993E-05 9.993E-05 9.993E-05 9.993E-05
9.993E-05 9.993E-05 9.993E-05 0.999201 9.993E-05 9.993E-05 9.993E-05 9.993E-05 9.993E-05
9.99383E-05 9.99383E-05 0.908912 0.0903888 9.99383E-05 9.99383E-05 9.99383E-05 9.99383E-05 9.99383E-05
9.993E-05 9.993E-05 9.993E-05 0.999201 9.993E-05 9.993E-05 9.993E-05 9.993E-05 9.993E-05
9.993E-05 9.993E-05 9.993E-05 0.999201 9.993E-05 9.993E-05 9.993E-05 9.993E-05 9.993E-05
9.993E-05 9.993E-05 9.993E-05 0.999201 9.993E-05 9.993E-05 9.993E-05 9.993E-05 9.993E-05
9.993E-05 9.993E-05 9.993E-05 0.999201 9.993E-05 9.993E-05 9.993E-05 9.993E-05 9.993E-05
9.993E-05 9.993E-05 0.999201 9.993E-05 9.993E-05 9.993E-05 9.993E-05 9.993E-05 9.993E-05
9.993E-05 9.993E-05 9.993E-05 0.999201 9.993E-05 9.993E-05 9.993E-05 9.993E-05 9.993E-05
9.993E-05 9.993E-05 9.993E-05 0.999201 9.993E-05 9.993E-05 9.993E-05 9.993E-05 9.993E-05
9.997E-05 0.0757759 9.997E-05 0.157198 9.997E-05 0.499375 0.0066157 0.180478 0.0802575
9.99471E-05 9.99471E-05 0.842015 9.99471E-05 9.99471E-05 9.99471E-05 0.101123 9.99471E-05 0.0562617
9.993E-05 9.993E-05 9.993E-05 0.999201 9.993E-05 9.993E-05 9.993E-05 9.993E-05 9.993E-05
9.993E-05 9.993E-05 9.993E-05 0.999201 9.993E-05 9.993E-05 9.993E-05 9.993E-05 9.993E-05
9.993E-05 9.993E-05 9.993E-05 0.999201 9.993E-05 9.993E-05 9.993E-05 9.993E-05 9.993E-05
9.993E-05 9.993E-05 9.993E-05 0.999201 9.993E-05 9.993E-05 9.993E-05 9.993E-05 9.993E-05
9.99471E-05 9.99471E-05 0.918809 0.0230412 9.99471E-05 9.99471E-05 9.99471E-05 9.99471E-05 0.0575506
9.993E-05 9.993E-05 9.993E-05 0.999201 9.993E-05 9.993E-05 9.993E-05 9.993E-05 9.993E-05
9.99383E-05 9.99383E-05 0.916444 9.99383E-05 9.99383E-05 9.99383E-05 9.99383E-05 9.99383E-05 0.0828562
9.993E-05 9.993E-05 9.993E-05 0.999201 9.993E-05 9.993E-05 9.993E-05 9.993E-05 9.993E-05
9.99383E-05 9.99383E-05 0.939643 9.99383E-05 9.99383E-05 9.99383E-05 9.99383E-05 9.99383E-05 0.0596577
9.993E-05 9.993E-05 9.993E-05 0.999201 9.993E-05 9.993E-05 9.993E-05 9.993E-05 9.993E-05
9.993E-05 9.993E-05 9.993E-05 0.999201 9.993E-05 9.993E-05 9.993E-05 9.993E-05 9.993E-05
9.993E-05 9.993E-05 9.993E-05 0.999201 9.993E-05 9.993E-05 9.993E-05 9.993E-05 9.993E-05
9.993E-05 9.993E-05 9.993E-05 0.999201 9.993E-05 9.993E-05 9.993E-05 9.993E-05 9.993E-05
9.993E-05 9.993E-05 9.993E-05 0.999201 9.993E-05 9.993E-05 9.993E-05 9.993E-05 9.993E-05
9.993E-05 9.993E-05 9.993E-05 0.999201 9.993E-05 9.993E-05 9.993E-05 9.993E-05 9.993E-05
9.99383E-05 9.99383E-05 0.949195 9.99383E-05 9.99383E-05 9.99383E-05 9.99383E-05 9.99383E-05 0.0501056
9.99471E-05 9.99471E-05 0.942619 0.0168792 9.99471E-05 9.99471E-05 9.99471E-05 9.99471E-05 0.0399021
9.99383E-05 9.99383E-05 0.937662 9.99383E-05 9.99383E-05 9.99383E-05 9.99383E-05 9.99383E-05 0.0616388
9.993E-05 9.993E-05 9.993E-05 0.999201 9.993E-05 9.993E-05 9.993E-05 9.993E-05 9.993E-05
9.99471E-05 9.99471E-05 0.873496 0.061937 9.99471E-05 9.99471E-05 9.99471E-05 9.99471E-05 0.0639669
9.99471E-05 9.99471E-05 0.879544 0.0654567 9.99471E-05 9.99471E-05 9.99471E-05 9.99471E-05 0.0543993
9.99471E-05 9.99471E-05 0.909936 0.0287943 9.99471E-05 9.99471E-05 9.99471E-05 9.99471E-05 0.0606703
9.993E-05 9.993E-05 9.993E-05 0.999201 9.993E-05 9.993E-05 9.993E-05 9.993E-05 9.993E-05
9.993E-05 9.993E-05 9.993E-05 0.999201 9.993E-05 9.993E-05 9.993E-05 9.993E-05 9.993E-05
9.993E-05 9.993E-05 9.993E-05 0.999201 9.993E-05 9.993E-05 9.993E-05 9.993E-05 9.993E-05
9.993E-05 9.993E-05 0.999201 9.993E-05 9.993E-05 9.993E-05 9.993E-05 9.993E-05 9.993E-05
9.993E-05 9.993E-05 9.993E-05 0.999201 9.993E-05 9.993E-05 9.993E-05 9.993E-05 9.993E-05
9.993E-05 9.993E-05 9.993E-05 0.999201 9.993E-05 9.993E-05 9.993E-05 9.993E-05 9.993E-05
9.99471E-05 9.99471E-05 0.942462 0.0401344 9.99471E-05 9.99471E-05 9.99471E-05 9.99471E-05 0.0168044
9.993E-05 9.993E-05 9.993E-05 0.999201 9.993E-05 9.993E-05 9.993E-05 9.993E-05 9.993E-05
9.993E-05 9.993E-05 9.993E-05 0.999201 9.993E-05 9.993E-05 9.993E-05 9.993E-05 9.993E-05
0.105265 0.115875 9.99736E-05 0.233619 9.99736E-05 0.37498 0.11487 9.99736E-05 0.0550919
9.99383E-05 9.99383E-05 0.990168 0.00913204 9.99383E-05 9.99383E-05 9.99383E-05 9.99383E-05 9.99383E-05
9.993E-05 9.993E-05 9.993E-05 0.999201 9.993E-05 9.993E-05 9.993E-05 9.993E-05 9.993E-05
0.0354356 0.0511234 9.99737E-05 0.537882 0.0397675 0.28808 9.99737E-05 9.99737E-05 0.0474119
9.9956E-05 9.9956E-05 9.9956E-05 0.305532 9.9956E-05 0.537943 9.9956E-05 0.0906694 0.065356
9.9956E-05 9.9956E-05 0.0337349 0.234887 9.9956E-05 0.679918 9.9956E-05 9.9956E-05 0.0509605
9.99648E-05 0.0240888 9.99648E-05 9.99648E-05 9.99648E-05 0.817365 0.0492977 0.0860403 0.0228088
9.99472E-05 9.99472E-05 9.99472E-05 0.407479 9.99472E-05 0.560452 9.99472E-05 9.99472E-05 0.0314696
9.99387E-05 9.99387E-05 9.99387E-05 0.0506639 9.99387E-05 0.948637 9.99387E-05 9.99387E-05 9.99387E-05
9.99561E-05 9.99561E-05 0.0585733 0.335196 9.99561E-05 0.40431 9.99561E-05 0.201421 9.99561E-05
0.066517 9.99648E-05 9.99648E-05 0.177087 9.99648E-05 0.669871 0.0595455 9.99648E-05 0.0265793
9.99386E-05 9.99386E-05 9.99386E-05 0.15758 9.99386E-05 0.84172 9.99386E-05 9.99386E-05 9.99386E-05
9.9956E-05 9.9956E-05 9.9956E-05 9.9956E-05 0.0822094 0.784991 9.9956E-05 0.0999398 0.0323601
0.0834687 9.99473E-05 9.99473E-05 0.0711826 9.99473E-05 0.844749 9.99473E-05 9.99473E-05 9.99473E-05
9.99385E-05 9.99385E-05 9.99385E-05 0.608028 9.99385E-05 0.391273 9.99385E-05 9.99385E-05 9.99385E-05
9.99648E-05 0.0130606 0.178921 0.318388 9.99648E-05 0.383548 0.105683 9.99648E-05 9.99648E-05
9.99472E-05 9.99472E-05 9.99472E-05 0.0995822 9.99472E-05 0.758143 0.141676 9.99472E-05 9.99472E-05
9.9956E-05 9.9956E-05 9.9956E-05 0.199951 0.00980688 0.760362 9.9956E-05 9.9956E-05 0.0293799
0.0297736 9.996E-05 0.0428473 0.379227 0.106104 0.441649 9.996E-05 9.996E-05 9.996E-05
9.99386E-05 9.99386E-05 9.99386E-05 0.161763 9.99386E-05 0.837537 9.99386E-05 9.99386E-05 9.99386E-05
0.0661088 0.121678 0.148494 0.123157 9.99736E-05 0.522102 0.0181608 9.99736E-05 9.99736E-05
0.0420441 9.996E-05 9.996E-05 0.221859 0.0551906 0.611254 9.996E-05 9.996E-05 0.0692517
9.99648E-05 9.99648E-05 9.99648E-05 0.178922 0.0713517 0.684349 0.0293202 9.99648E-05 0.0356566
9.99648E-05 9.99648E-05 9.99648E-05 0.151435 0.112732 0.639482 9.99648E-05 0.0416755 0.0542756
9.99473E-05 9.99473E-05 9.99473E-05 0.253023 0.169914 0.576463 9.99473E-05 9.99473E-05 9.99473E-05
0.0138013 0.137182 9.99736E-05 0.1772 9.99736E-05 0.601797 0.0045283 9.99736E-05 0.0651908
0.0119419 9.997E-05 9.997E-05 0.195279 0.0294222 0.660983 0.0620441 9.997E-05 0.0400297
9.9956E-05 9.9956E-05 9.9956E-05 0.0682992 0.0284733 0.718231 0.184496 9.9956E-05 9.9956E-05
9.99386E-05 9.99386E-05 9.99386E-05 0.00557883 9.99386E-05 0.993722 9.99386E-05 9.99386E-05 9.99386E-05
9.99472E-05 9.99472E-05 9.99472E-05 0.110266 0.140161 0.748973 9.99472E-05 9.99472E-05 9.99472E-05
9.99736E-05 0.00495872 0.0994815 0.336432 9.99736E-05 0.421058 0.0861358 9.99736E-05 0.0516338
9.99648E-05 0.041759 9.99648E-05 9.99648E-05 0.0766101 0.815634 0.0503783 9.99648E-05 0.0152191
9.9956E-05 9.9956E-05 9.9956E-05 0.167069 9.9956E-05 0.644132 0.115443 9.9956E-05 0.0728562
0.0545827 9.99736E-05 9.99736E-05 0.460031 0.0513083 0.382234 9.99736E-05 0.0408245 0.0107195
9.99473E-05 9.99473E-05 9.99473E-05 0.302035 0.022038 0.675327 9.99473E-05 9.99473E-05 9.99473E-05
9.99472E-05 9.99472E-05 9.99472E-05 0.278427 9.99472E-05 0.665531 9.99472E-05 0.055442 9.99472E-05
9.995E-05 9.995E-05 9.995E-05 0.239275 0.128344 0.556576 0.0753048 9.995E-05 9.995E-05
0.0272882 9.996E-05 9.996E-05 0.134862 0.205847 0.532571 0.0990326 9.996E-05 9.996E-05
9.99648E-05 9.99648E-05 9.99648E-05 0.0994934 0.00267992 0.861386 9.99648E-05 0.0142558 0.0217851
9.993E-05 9.993E-05 9.993E-05 9.993E-05 9.993E-05 0.999201 9.993E-05 9.993E-05 9.993E-05
0.0884547 0.0847167 0.0215319 0.0811242 9.99824E-05 0.634914 0.00398655 0.0850721 9.99824E-05
0.0825311 0.0734026 9.99736E-05 9.99736E-05 0.0275462 0.767374 0.00829921 9.99736E-05 0.0405469
9.99561E-05 9.99561E-05 9.99561E-05 0.232103 0.251398 0.51494 9.99561E-05 0.00105951 9.99561E-05
9.996E-05 9.996E-05 9.996E-05 0.102063 0.0946816 0.734523 0.0425525 9.996E-05 0.02578
9.99561E-05 9.99561E-05 9.99561E-05 0.143512 0.108877 0.723449 9.99561E-05 9.99561E-05 0.0236622
9.99648E-05 9.99648E-05 9.99648E-05 0.236348 0.0125348 0.520792 9.99648E-05 0.225356 0.0045694
9.99473E-05 9.99473E-05 9.99473E-05 0.537856 0.0619584 0.399586 9.99473E-05 9.99473E-05 9.99473E-05
9.9956E-05 9.9956E-05 0.101539 0.470611 9.9956E-05 0.291285 0.136065 9.9956E-05 9.9956E-05
9.996E-05 9.996E-05 9.996E-05 0.16569 0.179822 0.601719 0.0390419 9.996E-05 0.0133278
9.993E-05 9.993E-05 9.993E-05 9.993E-05 9.993E-05 0.999201 9.993E-05 9.993E-05 9.993E-05
0.0856009 9.99736E-05 9.99736E-05 0.210835 0.0300084 0.645486 0.0249875 9.99736E-05 0.00278245
9.993E-05 9.993E-05 9.993E-05 9.993E-05 9.993E-05 0.999201 9.993E-05 9.993E-05 9.993E-05
9.99736E-05 0.0994708 0.0449349 0.332408 9.99736E-05 0.438021 0.0171282 0.0677375 9.99736E-05
0.0306999 9.99386E-05 9.99386E-05 9.99386E-05 9.99386E-05 0.968601 9.99386E-05 9.99386E-05 9.99386E-05
0.0687554 9.99473E-05 0.0279188 9.99473E-05 9.99473E-05 0.902726 9.99473E-05 9.99473E-05 9.99473E-05
0.0513734 9.99736E-05 0.263195 0.0182347 0.138628 0.46807 9.99736E-05 0.0601999 9.99736E-05
9.99385E-05 9.99385E-05 9.99385E-05 0.314039 9.99385E-05 0.685262 9.99385E-05 9.99385E-05 9.99385E-05
9.99736E-05 0.00257451 9.99736E-05 0.0784398 0.164741 0.71758 9.99736E-05 0.0331504 0.00321389
9.99385E-05 9.99385E-05 9.99385E-05 0.34929 9.99385E-05 0.65001 9.99385E-05 9.99385E-05 9.99385E-05
9.99562E-05 9.99562E-05 0.0693375 0.0152288 9.99562E-05 0.905203 0.00973098 9.99562E-05 9.99562E-05
9.99385E-05 9.99385E-05 9.99385E-05 0.189685 9.99385E-05 0.809616 9.99385E-05 9.99385E-05 9.99385E-05
9.99473E-05 9.99473E-05 9.99473E-05 0.135668 9.99473E-05 0.842401 9.99473E-05 9.99473E-05 0.021331
9.99473E-05 9.99473E-05 0.0276629 0.297745 9.99473E-05 0.673992 9.99473E-05 9.99473E-05 9.99473E-05
9.993E-05 9.993E-05 9.993E-05 9.993E-05 9.993E-05 0.999201 9.993E-05 9.993E-05 9.993E-05
9.99387E-05 9.99387E-05 9.99387E-05 0.0469822 9.99387E-05 0.952318 9.99387E-05 9.99387E-05 9.99387E-05
9.99475E-05 9.99475E-05 0.00646259 9.99475E-05 9.99475E-05 0.959478 9.99475E-05 0.0334594 9.99475E-05
0.116812 9.99561E-05 9.99561E-05 0.157341 9.99561E-05 0.690917 9.99561E-05 0.0344303 9.99561E-05
0.0217208 9.9956E-05 9.9956E-05 0.18288 9.9956E-05 0.668128 9.9956E-05 9.9956E-05 0.126772
9.99561E-05 0.0033069 9.99561E-05 0.249175 0.0212597 0.725759 9.99561E-05 9.99561E-05 9.99561E-05
9.99387E-05 9.99387E-05 9.99387E-05 0.0382041 9.99387E-05 0.961096 9.99387E-05 9.99387E-05 9.99387E-05
9.99561E-05 9.99561E-05 9.99561E-05 0.352046 0.0657879 0.557597 9.99561E-05 9.99561E-05 0.0240694
0.0959497 9.9956E-05 9.9956E-05 0.0390992 9.9956E-05 0.769293 9.9956E-05 9.9956E-05 0.0951585
9.99387E-05 9.99387E-05 9.99387E-05 0.0142245 9.99387E-05 0.985076 9.99387E-05 9.99387E-05 9.99387E-05
9.99561E-05 9.99561E-05 0.105736 0.152932 9.99561E-05 0.70558 9.99561E-05 9.99561E-05 0.0352523
9.99387E-05 9.99387E-05 0.125251 9.99387E-05 9.99387E-05 0.874049 9.99387E-05 9.99387E-05 9.99387E-05
9.99473E-05 9.99473E-05 0.0169889 0.371482 9.99473E-05 0.610929 9.99473E-05 9.99473E-05 9.99473E-05
9.99561E-05 0.163401 9.99561E-05 9.99561E-05 9.99561E-05 0.731607 0.0856032 9.99561E-05 0.0188891
9.993E-05 9.993E-05 9.993E-05 9.993E-05 9.993E-05 0.999201 9.993E-05 9.993E-05 9.993E-05
0.0175486 9.99473E-05 9.99473E-05 0.218644 9.99473E-05 0.763208 9.99473E-05 9.99473E-05 9.99473E-05
9.993E-05 9.993E-05 9.993E-05 9.993E-05 9.993E-05 0.999201 9.993E-05 9.993E-05 9.993E-05
9.99473E-05 9.99473E-05 9.99473E-05 9.99473E-05 0.0911539 0.849403 0.0588438 9.99473E-05 9.99473E-05
9.99387E-05 9.99387E-05 9.99387E-05 0.124268 9.99387E-05 0.875033 9.99387E-05 9.99387E-05 9.99387E-05
0.0567324 9.99561E-05 9.99561E-05 0.422328 0.0286595 0.49178 9.99561E-05 9.99561E-05 9.99561E-05
0.0526018 9.99561E-05 9.99561E-05 0.195287 0.146198 0.605413 9.99561E-05 9.99561E-05 9.99561E-05
0.0255259 9.99736E-05 9.99736E-05 0.235077 0.154622 0.468593 0.0610573 9.99736E-05 0.0548251
9.993E-05 9.993E-05 9.993E-05 9.993E-05 9.993E-05 0.999201 9.993E-05 9.993E-05 9.993E-05
0.0123648 9.99474E-05 9.99474E-05 0.253454 9.99474E-05 0.733581 9.99474E-05 9.99474E-05 9.99474E-05
9.995E-05 9.995E-05 9.995E-05 0.236865 9.995E-05 0.59705 0.0199707 9.995E-05 0.145614
9.99385E-05 9.99385E-05 9.99385E-05 0.0700536 9.99385E-05 0.929247 9.99385E-05 9.99385E-05 9.99385E-05
9.9956E-05 9.9956E-05 9.9956E-05 0.0878694 9.9956E-05 0.662635 0.149145 9.9956E-05 0.0998516
9.9956E-05 9.9956E-05 9.9956E-05 0.390968 0.0871558 0.473222 0.0481546 9.9956E-05 9.9956E-05
9.9956E-05 0.00592223 9.9956E-05 0.139091 9.9956E-05 0.715361 9.9956E-05 0.139126 9.9956E-05
0.0064825 9.9956E-05 9.9956E-05 0.233163 9.9956E-05 0.670343 9.9956E-05 9.9956E-05 0.089512
0.0240944 9.99737E-05 0.0210498 0.0993125 9.99737E-05 0.607396 9.99737E-05 0.0999666 0.14788
9.9956E-05 9.9956E-05 0.257766 0.190404 9.9956E-05 0.407185 0.144145 9.9956E-05 9.9956E-05
9.99473E-05 9.99473E-05 0.0806495 0.39616 9.99473E-05 0.522591 9.99473E-05 9.99473E-05 9.99473E-05
0.0860585 0.0330153 9.99824E-05 0.131672 9.99824E-05 0.609647 0.00426215 0.0117397 0.123405
9.99386E-05 9.99386E-05 9.99386E-05 0.2711 9.99386E-05 0.7282 9.99386E-05 9.99386E-05 9.99386E-05
9.99474E-05 9.99474E-05 9.99474E-05 0.00646623 9.99474E-05 0.984369 9.99474E-05 0.00856541 9.99474E-05
9.9956E-05 9.9956E-05 9.9956E-05 0.298441 0.0461663 0.438027 9.9956E-05 0.216865 9.9956E-05
0.136941 9.99648E-05 0.0405508 0.10039 0.11208 0.609637 9.99648E-05 9.99648E-05 9.99648E-05
9.99473E-05 9.99473E-05 0.159655 9.99473E-05 9.99473E-05 0.797208 0.0425374 9.99473E-05 9.99473E-05
9.99561E-05 9.99561E-05 0.339561 0.180302 9.99561E-05 0.424434 9.99561E-05 0.0552028 9.99561E-05
0.0703578 0.0491997 9.99912E-05 0.186036 0.0900679 0.41948 0.0652523 0.0626607 0.0568458
9.9956E-05 9.9956E-05 0.145833 0.135408 9.9956E-05 0.647493 9.9956E-05 0.0707661 9.9956E-05
0.0267442 9.99648E-05 9.99648E-05 0.21232 9.99648E-05 0.532448 0.0651971 9.99648E-05 0.16289
9.99387E-05 9.99387E-05 9.99387E-05 0.114175 9.99387E-05 0.885125 9.99387E-05 9.99387E-05 9.99387E-05
9.99387E-05 9.99387E-05 9.99387E-05 0.0942521 9.99387E-05 0.905048 9.99387E-05 9.99387E-05 9.99387E-05
9.99473E-05 9.99473E-05 0.099255 0.227956 9.99473E-05 0.67219 9.99473E-05 9.99473E-05 9.99473E-05
0.0483099 0.0156662 0.0854446 0.00313417 9.99824E-05 0.639898 0.172736 9.99824E-05 0.0346109
9.99387E-05 9.99387E-05 9.99387E-05 0.0558123 9.99387E-05 0.943488 9.99387E-05 9.99387E-05 9.99387E-05
9.99387E-05 9.99387E-05 0.0328212 9.99387E-05 9.99387E-05 0.966479 9.99387E-05 9.99387E-05 9.99387E-05
9.996E-05 9.996E-05 9.996E-05 0.0470398 0.0204492 0.872159 0.0150387 9.996E-05 0.0449131
9.99473E-05 9.99473E-05 9.99473E-05 0.0957143 9.99473E-05 0.876536 0.0271502 9.99473E-05 9.99473E-05
9.99473E-05 9.99473E-05 9.99473E-05 9.99473E-05 9.99473E-05 0.967765 9.99473E-05 0.0226254 0.00900984
9.99472E-05 9.99472E-05 9.99472E-05 0.1791 0.051768 0.768532 9.99472E-05 9.99472E-05 9.99472E-05
9.99736E-05 9.99736E-05 0.0376784 0.075711 0.232532 0.622433 9.99736E-05 0.0268359 0.00450987
0.0557332 9.99648E-05 0.194501 9.99648E-05 9.99648E-05 0.537158 9.99648E-05 0.107694 0.104514
9.99385E-05 9.99385E-05 9.99385E-05 0.443595 9.99385E-05 0.555705 9.99385E-05 9.99385E-05 9.99385E-05
9.99472E-05 9.99472E-05 9.99472E-05 0.228659 9.99472E-05 0.67695 9.99472E-05 0.0937908 9.99472E-05
0.00104124 9.99736E-05 0.0790471 0.0272046 9.99736E-05 0.708619 0.161663 9.99736E-05 0.022125
9.99473E-05 9.99473E-05 9.99473E-05 0.0316359 9.99473E-05 0.933815 9.99473E-05 9.99473E-05 0.0339496
0.0467374 0.0260922 0.160593 0.0936624 9.998E-05 0.479312 9.998E-05 0.157401 0.0360019
9.99384E-05 9.99384E-05 9.99384E-05 9.99384E-05 9.99384E-05 0.829011 0.170289 9.99384E-05 9.99384E-05
0.123701 9.9956E-05 9.9956E-05 0.325823 9.9956E-05 0.514219 9.9956E-05 9.9956E-05 0.0357572
9.9956E-05 9.9956E-05 0.177573 0.208286 9.9956E-05 0.534521 9.9956E-05 0.0791203 9.9956E-05
0.0456646 9.99649E-05 9.99649E-05 0.18654 0.136952 0.563791 9.99649E-05 0.0666534 9.99649E-05
9.99386E-05 9.99386E-05 9.99386E-05 0.164333 9.99386E-05 0.834968 9.99386E-05 9.99386E-05 9.99386E-05
0.113742 9.9956E-05 9.9956E-05 0.194617 9.9956E-05 0.627696 0.0634457 9.9956E-05 9.9956E-05
9.99386E-05 9.99386E-05 9.99386E-05 9.99386E-05 9.99386E-05 0.996145 9.99386E-05 9.99386E-05 0.00315543
9.99387E-05 9.99387E-05 9.99387E-05 0.109357 9.99387E-05 0.889943 9.99387E-05 9.99387E-05 9.99387E-05
0.0862494 9.9956E-05 9.9956E-05 0.235873 9.9956E-05 0.513675 9.9956E-05 0.163703 9.9956E-05
0.0463699 9.99648E-05 9.99648E-05 0.236642 9.99648E-05 0.519039 9.99648E-05 0.0805982 0.116951
0.0434115 9.99649E-05 0.403566 0.297934 0.193976 0.0607126 9.99649E-05 9.99649E-05 9.99649E-05
0.0527983 0.0124128 0.452191 0.221867 0.159915 0.0881823 9.99912E-05 0.0110382 0.00149527
9.99736E-05 0.09104 0.352903 0.283965 0.209588 0.0600903 9.99736E-05 0.00211361 9.99736E-05
0.0876511 0.0577248 0.34745 0.0742969 0.0836577 0.34892 9.99737E-05 9.99737E-05 9.99737E-05
0.0119693 0.0847666 0.287394 0.19542 9.99825E-05 0.202559 0.164788 9.99825E-05 0.0529031
9.99562E-05 9.99562E-05 0.677741 0.126188 9.99562E-05 0.132656 9.99562E-05 0.062915 9.99562E-05
0.0132829 9.998E-05 0.499874 0.215627 0.0522231 0.118469 0.0215005 0.0788239 9.998E-05
0.0665285 0.114283 0.345621 0.373391 9.99649E-05 0.0997769 9.99649E-05 9.99649E-05 9.99649E-05
0.149111 0.142132 0.41901 0.0542054 9.9965E-05 0.235142 9.9965E-05 9.9965E-05 9.9965E-05
9.99648E-05 9.99648E-05 0.380942 0.308062 0.134567 0.111929 9.99648E-05 0.0640996 9.99648E-05
0.130501 9.99648E-05 0.394287 0.127281 9.99648E-05 0.127893 9.99648E-05 0.219637 9.99648E-05
0.0032336 9.99649E-05 0.695766 9.99649E-05 9.99649E-05 0.197963 0.0323646 9.99649E-05 0.0702729
0.0186291 0.186119 0.416877 0.234112 0.0155589 0.127834 9.99824E-05 0.000670323 9.99824E-05
0.0246564 9.99738E-05 0.694515 0.057517 0.00359358 0.196342 9.99738E-05 0.0230763 9.99738E-05
0.134664 0.131324 0.506741 0.0718005 9.99824E-05 0.139063 0.011681 0.00452718 9.99824E-05
0.0882625 9.99648E-05 0.445819 0.244766 0.155162 9.99648E-05 9.99648E-05 0.0655912 9.99648E-05
0.144132 9.99648E-05 0.477112 0.185339 9.99648E-05 0.130891 9.99648E-05 0.0621256 9.99648E-05
9.99473E-05 9.99473E-05 0.656977 0.11845 9.99473E-05 9.99473E-05 9.99473E-05 0.223973 9.99473E-05
0.244816 0.0924003 0.421386 0.231768 9.99649E-05 9.99649E-05 9.99649E-05 9.99649E-05 0.00922956
0.0519478 0.00487157 0.558367 0.264411 0.0858697 9.99737E-05 9.99737E-05 0.0342323 9.99737E-05
0.110813 9.99473E-05 0.66287 0.225717 9.99473E-05 9.99473E-05 9.99473E-05 9.99473E-05 9.99473E-05
0.0774952 0.00230271 0.613598 0.112354 0.086867 0.107083 9.99737E-05 9.99737E-05 9.99737E-05
0.0986285 9.997E-05 0.59287 0.159366 0.0134166 9.997E-05 0.0154716 0.119948 9.997E-05
9.99649E-05 9.99649E-05 0.180906 0.524578 9.99649E-05 0.141878 0.142299 0.00993795 9.99649E-05
9.99561E-05 9.99561E-05 0.371657 0.490149 9.99561E-05 9.99561E-05 0.12144 9.99561E-05 0.0162548
9.99561E-05 9.99561E-05 0.372108 0.558253 9.99561E-05 0.0258042 0.0433345 9.99561E-05 9.99561E-05
9.99473E-05 0.0714814 0.420154 0.507765 9.99473E-05 9.99473E-05 9.99473E-05 9.99473E-05 9.99473E-05
9.99473E-05 9.99473E-05 0.487516 0.375055 9.99473E-05 0.136829 9.99473E-05 9.99473E-05 9.99473E-05
9.99474E-05 9.99474E-05 0.449813 0.54188 0.00770777 9.99474E-05 9.99474E-05 9.99474E-05 9.99474E-05
0.00525974 9.99649E-05 0.0849611 0.614301 9.99649E-05 0.0505583 0.24452 9.99649E-05 9.99649E-05
0.00997473 9.99562E-05 0.486219 0.346568 9.99562E-05 0.156738 9.99562E-05 9.99562E-05 9.99562E-05
9.99561E-05 9.99561E-05 0.33073 0.378858 9.99561E-05 0.181244 9.99561E-05 0.108669 9.99561E-05
0.0838639 9.99472E-05 0.367786 0.547751 9.99472E-05 9.99472E-05 9.99472E-05 9.99472E-05 9.99472E-05
9.99648E-05 9.99648E-05 0.296651 0.456074 9.99648E-05 0.0468286 0.0862613 0.113785 9.99648E-05
0.0199504 0.020937 0.433681 0.382625 0.00567668 0.0847364 9.99824E-05 0.0521937 9.99824E-05
0.061763 9.99472E-05 0.28148 0.656157 9.99472E-05 9.99472E-05 9.99472E-05 9.99472E-05 9.99472E-05
9.99649E-05 9.99649E-05 0.179156 0.493984 9.99649E-05 0.312655 0.00771715 9.99649E-05 0.00608822
9.99474E-05 9.99474E-05 0.395292 0.436294 9.99474E-05 0.167814 9.99474E-05 9.99474E-05 9.99474E-05
9.99473E-05 9.99473E-05 0.268044 0.424556 9.99473E-05 0.306801 9.99473E-05 9.99473E-05 9.99473E-05
9.99561E-05 9.99561E-05 0.161813 0.420465 9.99561E-05 0.28177 0.135453 9.99561E-05 9.99561E-05
9.99474E-05 9.99474E-05 0.330572 0.478346 9.99474E-05 0.190483 9.99474E-05 9.99474E-05 9.99474E-05
9.99473E-05 9.99473E-05 0.450295 0.532391 9.99473E-05 0.0167147 9.99473E-05 9.99473E-05 9.99473E-05
0.00631151 0.015272 0.324862 0.490923 9.99737E-05 0.111593 0.0507375 9.99737E-05 9.99737E-05
9.9956E-05 9.9956E-05 0.212575 0.664925 9.9956E-05 0.112974 0.00902677 9.9956E-05 9.9956E-05
9.99561E-05 9.99561E-05 0.503485 0.40929 9.99561E-05 0.0668614 0.0198632 9.99561E-05 9.99561E-05
9.9956E-05 9.9956E-05 0.280327 0.619407 9.9956E-05 0.0594127 9.9956E-05 9.9956E-05 0.0403541
9.99474E-05 0.00234958 9.99474E-05 9.99474E-05 9.99474E-05 0.977017 9.99474E-05 9.99474E-05 0.020034
9.99562E-05 9.99562E-05 0.505114 0.47432 0.00948728 9.99562E-05 0.0105789 9.99562E-05 9.99562E-05
0.0284718 9.99649E-05 0.372496 0.477263 9.99649E-05 0.0786308 0.0427393 9.99649E-05 9.99649E-05
0.0635483 0.0755204 0.505963 0.291443 9.99648E-05 0.0631253 9.99648E-05 9.99648E-05 9.99648E-05
9.99473E-05 9.99473E-05 0.405463 0.43539 9.99473E-05 0.158548 9.99473E-05 9.99473E-05 9.99473E-05
9.99472E-05 9.99472E-05 0.28559 0.669904 0.0439064 9.99472E-05 9.99472E-05 9.99472E-05 9.99472E-05
9.99474E-05 9.99474E-05 0.374294 0.438493 9.99474E-05 0.186614 9.99474E-05 9.99474E-05 9.99474E-05
0.149332 9.99561E-05 0.378397 0.443197 9.99561E-05 0.0285743 9.99561E-05 9.99561E-05 9.99561E-05
9.99561E-05 9.99561E-05 0.567084 0.38758 9.99561E-05 9.99561E-05 9.99561E-05 0.0266496 0.0181866
9.99561E-05 9.99561E-05 0.396203 0.486162 9.99561E-05 0.0297893 0.0873463 9.99561E-05 9.99561E-05
9.99561E-05 9.99561E-05 0.516036 0.462646 0.011539 0.00927902 9.99561E-05 9.99561E-05 9.99561E-05
