0.306332 9.99385E-05 9.99385E-05 0.390906 9.99385E-05 0.101448 9.99385E-05 0.0642188 0.0659856 0.0704096 9.99385E-05 9.99385E-05 9.99385E-05
0.0154152 9.99385E-05 0.00523905 0.721765 9.99385E-05 0.0203181 9.99385E-05 9.99385E-05 0.0528418 0.183722 9.99385E-05 9.99385E-05 9.99385E-05
0.00769229 9.99385E-05 9.99385E-05 0.871301 9.99385E-05 0.0592428 9.99385E-05 0.0115008 0.0126257 9.99385E-05 0.0369377 9.99385E-05 9.99385E-05
0.0602204 0.00883789 0.0172605 0.30632 0.397872 0.12468 0.0122407 9.99561E-05 0.0720679 9.99561E-05 9.99561E-05 9.99561E-05 9.99561E-05
9.99298E-05 0.0247171 0.0264817 0.79995 0.0924236 9.99298E-05 9.99298E-05 9.99298E-05 9.99298E-05 0.0556283 9.99298E-05 9.99298E-05 9.99298E-05
0.0867218 0.169525 9.99385E-05 0.289901 0.329487 9.99385E-05 0.0265927 9.99385E-05 9.99385E-05 0.0970729 9.99385E-05 9.99385E-05 9.99385E-05
0.247647 9.99561E-05 9.99561E-05 0.286694 0.105751 0.0643876 9.99561E-05 0.114472 0.0656311 0.0965528 0.0183656 9.99561E-05 9.99561E-05
0.196915 0.152326 9.99474E-05 0.192549 0.273087 9.99474E-05 9.99474E-05 9.99474E-05 0.0109551 9.99474E-05 0.156413 0.0171541 9.99474E-05
0.00981171 0.265791 0.00497371 0.229732 0.0548116 0.245473 9.99561E-05 0.17703 9.99561E-05 0.0118768 9.99561E-05 9.99561E-05 9.99561E-05
9.99121E-05 9.99121E-05 9.99121E-05 0.889753 9.99121E-05 0.0943174 9.99121E-05 0.0149309 9.99121E-05 9.99121E-05 9.99121E-05 9.99121E-05 9.99121E-05
0.0942186 0.0172156 9.99298E-05 0.528584 9.99298E-05 0.21007 9.99298E-05 9.99298E-05 0.149112 9.99298E-05 9.99298E-05 9.99298E-05 9.99298E-05
9.9921E-05 9.9921E-05 9.9921E-05 0.921576 0.0546831 9.9921E-05 9.9921E-05 9.9921E-05 0.00466732 9.9921E-05 0.0181747 9.9921E-05 9.9921E-05
0.0596987 9.99209E-05 9.99209E-05 0.816016 0.00254172 0.120844 9.99209E-05 9.99209E-05 9.99209E-05 9.99209E-05 9.99209E-05 9.99209E-05 9.99209E-05
9.99298E-05 0.0144152 9.99298E-05 0.63405 9.99298E-05 0.0918436 0.11291 9.99298E-05 9.99298E-05 9.99298E-05 9.99298E-05 9.99298E-05 0.145982
0.0895148 0.115608 9.99561E-05 0.310582 9.99561E-05 0.183953 0.0451603 0.0527369 9.99561E-05 0.0207025 9.99561E-05 9.99561E-05 0.181242
0.186491 0.1894 9.99385E-05 0.248944 0.133328 0.121518 9.99385E-05 9.99385E-05 9.99385E-05 9.99385E-05 0.11962 9.99385E-05 9.99385E-05
9.99386E-05 9.99386E-05 0.0359943 0.594874 9.99386E-05 0.130022 9.99386E-05 9.99386E-05 0.0391886 0.176874 0.0223473 9.99386E-05 9.99386E-05
0.277155 9.99298E-05 0.13555 0.211811 9.99298E-05 0.202904 9.99298E-05 9.99298E-05 9.99298E-05 9.99298E-05 9.99298E-05 0.17178 9.99298E-05
0.0798584 0.122649 0.0323237 0.363872 0.074777 0.177707 9.99649E-05 9.99649E-05 0.0331532 9.99649E-05 9.99649E-05 0.0366845 0.078575
9.99122E-05 9.99122E-05 0.0588247 0.924167 9.99122E-05 0.0160094 9.99122E-05 9.99122E-05 9.99122E-05 9.99122E-05 9.99122E-05 9.99122E-05 9.99122E-05
9.99473E-05 0.101247 9.99473E-05 0.484082 0.235058 0.0560042 9.99473E-05 0.0324403 0.0848074 9.99473E-05 9.99473E-05 9.99473E-05 0.00576061
0.250077 0.12884 9.99298E-05 0.259133 0.347928 9.99298E-05 9.99298E-05 9.99298E-05 9.99298E-05 9.99298E-05 9.99298E-05 0.0132229 9.99298E-05
9.99298E-05 9.99298E-05 9.99298E-05 0.693944 9.99298E-05 0.222942 9.99298E-05 9.99298E-05 0.0533748 0.00565141 9.99298E-05 0.0232878 9.99298E-05
0.324751 9.9921E-05 9.9921E-05 0.344293 9.9921E-05 0.263398 9.9921E-05 0.0666589 9.9921E-05 9.9921E-05 9.9921E-05 9.9921E-05 9.9921E-05
0.0358581 0.136394 0.080222 0.262658 9.99561E-05 0.266093 9.99561E-05 0.00590255 0.0377044 9.99561E-05 9.99561E-05 9.99561E-05 0.174668
0.0549013 0.026517 9.99298E-05 0.666879 9.99298E-05 0.160933 9.99298E-05 9.99298E-05 0.0899704 9.99298E-05 9.99298E-05 9.99298E-05 9.99298E-05
0.394239 0.0229388 0.0149803 0.0142974 9.99648E-05 0.186037 0.103634 9.99648E-05 9.99648E-05 0.022295 0.0961763 0.145002 9.99648E-05
0.0593569 9.99298E-05 9.99298E-05 0.770346 0.0811381 0.0724501 9.99298E-05 9.99298E-05 9.99298E-05 9.99298E-05 9.99298E-05 9.99298E-05 0.0159099
0.102369 9.99386E-05 0.0156386 0.592441 9.99386E-05 0.193838 0.0303379 0.0646754 9.99386E-05 9.99386E-05 9.99386E-05 9.99386E-05 9.99386E-05
9.99386E-05 0.0550675 9.99386E-05 0.719241 9.99386E-05 0.0906693 9.99386E-05 0.0892482 0.00179915 0.0432756 9.99386E-05 9.99386E-05 9.99386E-05
0.0673009 0.0679008 0.130212 0.677459 9.99385E-05 9.99385E-05 9.99385E-05 9.99385E-05 0.0525117 9.99385E-05 9.99385E-05 9.99385E-05 0.00391514
9.99386E-05 0.0274355 9.99386E-05 0.542763 0.155968 0.0573754 0.184537 9.99386E-05 0.0312214 9.99386E-05 9.99386E-05 9.99386E-05 9.99386E-05
0.105037 9.99297E-05 9.99297E-05 0.562423 9.99297E-05 0.163553 9.99297E-05 9.99297E-05 0.131983 9.99297E-05 0.0362051 9.99297E-05 9.99297E-05
0.120476 9.99473E-05 9.99473E-05 0.350513 0.0727907 0.190507 0.16265 9.99473E-05 9.99473E-05 9.99473E-05 0.0891401 0.0133235 9.99473E-05
9.9921E-05 9.9921E-05 0.0967524 0.789094 9.9921E-05 0.0377354 9.9921E-05 9.9921E-05 0.0755193 9.9921E-05 9.9921E-05 9.9921E-05 9.9921E-05
0.107588 0.0233438 9.99473E-05 0.685576 9.99473E-05 0.033324 9.99473E-05 0.094229 0.0263665 0.0289731 9.99473E-05 9.99473E-05 9.99473E-05
9.99123E-05 9.99123E-05 9.99123E-05 0.849961 9.99123E-05 9.99123E-05 9.99123E-05 9.99123E-05 9.99123E-05 0.0915297 0.0575098 9.99123E-05 9.99123E-05
9.99298E-05 0.164388 0.0706251 0.637371 9.99298E-05 0.0884641 9.99298E-05 9.99298E-05 9.99298E-05 0.0383517 9.99298E-05 9.99298E-05 9.99298E-05
9.99474E-05 0.00195989 9.99474E-05 0.490149 0.0983903 0.189662 0.101101 9.99474E-05 0.023413 0.0947251 9.99474E-05 9.99474E-05 9.99474E-05
0.0158615 0.00646669 9.99473E-05 0.56278 9.99473E-05 0.226076 0.0333511 9.99473E-05 0.0379221 9.99473E-05 0.116942 9.99473E-05 9.99473E-05
0.0874983 9.99298E-05 9.99298E-05 0.774092 0.0610566 0.0672233 9.99298E-05 9.99298E-05 9.99298E-05 9.99298E-05 0.00933051 9.99298E-05 9.99298E-05
0.263763 0.0520256 9.99211E-05 0.524861 9.99211E-05 0.158451 9.99211E-05 9.99211E-05 9.99211E-05 9.99211E-05 9.99211E-05 9.99211E-05 9.99211E-05
0.163426 9.9921E-05 9.9921E-05 0.737201 0.0605229 9.9921E-05 0.0379512 9.9921E-05 9.9921E-05 9.9921E-05 9.9921E-05 9.9921E-05 9.9921E-05
0.0546282 0.107799 9.99473E-05 0.337355 9.99473E-05 0.189376 9.99473E-05 0.113594 0.13186 0.0647885 9.99473E-05 9.99473E-05 9.99473E-05
0.296891 9.9921E-05 9.9921E-05 0.214381 0.261571 0.226257 9.9921E-05 9.9921E-05 9.9921E-05 9.9921E-05 9.9921E-05 9.9921E-05 9.9921E-05
9.99385E-05 0.0413951 0.00542168 0.7942 0.0415179 0.0749449 9.99385E-05 9.99385E-05 9.99385E-05 9.99385E-05 9.99385E-05 0.0418205 9.99385E-05
9.99122E-05 9.99122E-05 9.99122E-05 0.830694 9.99122E-05 0.10372 9.99122E-05 9.99122E-05 0.0645865 9.99122E-05 9.99122E-05 9.99122E-05 9.99122E-05
9.99123E-05 9.99123E-05 9.99123E-05 0.946073 9.99123E-05 0.0323859 9.99123E-05 9.99123E-05 9.99123E-05 9.99123E-05 0.0205422 9.99123E-05 9.99123E-05
0.154234 9.99209E-05 9.99209E-05 0.596845 9.99209E-05 0.154843 9.99209E-05 9.99209E-05 0.0931783 9.99209E-05 9.99209E-05 9.99209E-05 9.99209E-05
9.99474E-05 0.0180737 9.99474E-05 0.797869 9.99474E-05 9.99474E-05 9.99474E-05 9.99474E-05 0.0242022 0.0104155 0.0989301 0.0213647 0.0285449
9.99649E-05 0.0995149 0.0291379 0.261484 0.205949 0.185209 0.0550587 0.0460057 0.0709208 9.99649E-05 9.99649E-05 0.0463201 9.99649E-05
0.0534651 0.0429104 0.119565 0.594826 0.188434 9.99298E-05 9.99298E-05 9.99298E-05 9.99298E-05 9.99298E-05 9.99298E-05 9.99298E-05 9.99298E-05
9.99298E-05 9.99298E-05 9.99298E-05 0.860801 9.99298E-05 0.0482885 9.99298E-05 9.99298E-05 9.99298E-05 9.99298E-05 0.0230427 0.0402951 0.0267736
9.99386E-05 9.99386E-05 9.99386E-05 0.604945 9.99386E-05 0.11869 0.0215389 9.99386E-05 9.99386E-05 9.99386E-05 0.202837 0.00748728 0.0438025
9.99123E-05 9.99123E-05 9.99123E-05 0.785076 9.99123E-05 0.0423518 9.99123E-05 9.99123E-05 9.99123E-05 9.99123E-05 9.99123E-05 9.99123E-05 0.171573
9.99386E-05 9.99386E-05 0.13733 0.710034 9.99386E-05 9.99386E-05 0.108075 9.99386E-05 0.00170995 9.99386E-05 0.0133598 0.0287916 9.99386E-05
9.99385E-05 0.0196071 9.99385E-05 0.751827 0.072433 0.0651369 9.99385E-05 9.99385E-05 0.0247085 9.99385E-05 9.99385E-05 0.0655879 9.99385E-05
9.99123E-05 9.99123E-05 9.99123E-05 0.819285 9.99123E-05 0.0882487 9.99123E-05 9.99123E-05 0.0914671 9.99123E-05 9.99123E-05 9.99123E-05 9.99123E-05
9.99473E-05 9.99473E-05 9.99473E-05 0.815264 0.0783132 0.0177161 9.99473E-05 9.99473E-05 0.0559188 0.0155165 0.00676497 0.00990645 9.99473E-05
0.342106 0.0225586 9.99473E-05 9.99473E-05 9.99473E-05 0.17705 9.99473E-05 9.99473E-05 0.0518448 0.258573 9.99473E-05 0.0858183 0.0614485
0.493713 9.99299E-05 9.99299E-05 0.181064 9.99299E-05 0.0374064 9.99299E-05 0.134549 9.99299E-05 0.152469 9.99299E-05 9.99299E-05 9.99299E-05
0.397186 9.99386E-05 9.99386E-05 0.111457 9.99386E-05 9.99386E-05 0.0803174 9.99386E-05 9.99386E-05 0.25143 0.00836518 0.150545 9.99386E-05
0.0228175 0.144099 9.99562E-05 9.99562E-05 9.99562E-05 0.14991 0.107458 9.99562E-05 0.0270154 0.421658 9.99562E-05 0.0443232 0.0822199
0.50342 0.071154 0.0680981 9.99649E-05 0.00575688 0.136407 9.99649E-05 9.99649E-05 0.0283276 0.108282 0.0116586 0.0664961 9.99649E-05
0.542826 0.0351741 9.99385E-05 9.99385E-05 9.99385E-05 0.300843 9.99385E-05 0.0224996 9.99385E-05 0.0889741 9.99385E-05 0.00898333 9.99385E-05
0.226213 0.0123103 9.99298E-05 9.99298E-05 9.99298E-05 0.202597 9.99298E-05 9.99298E-05 0.0638295 0.49425 9.99298E-05 9.99298E-05 9.99298E-05
0.260746 0.0847281 9.99385E-05 9.99385E-05 9.99385E-05 0.18225 9.99385E-05 9.99385E-05 0.0047911 0.3054 9.99385E-05 0.161385 9.99385E-05
0.514364 9.99387E-05 9.99387E-05 9.99387E-05 9.99387E-05 0.0161571 0.105955 0.0702296 9.99387E-05 0.263538 9.99387E-05 0.0290563 9.99387E-05
0.402879 0.0879115 9.99473E-05 0.14153 0.0605113 0.0746365 9.99473E-05 9.99473E-05 0.104176 0.127756 9.99473E-05 9.99473E-05 9.99473E-05
0.299972 0.0832485 9.99385E-05 9.99385E-05 9.99385E-05 0.404315 9.99385E-05 9.99385E-05 0.187931 0.00486063 9.99385E-05 0.0189742 9.99385E-05
0.367693 9.99473E-05 9.99473E-05 9.99473E-05 9.99473E-05 0.133793 9.99473E-05 9.99473E-05 0.0504281 0.162359 0.0985719 0.0325226 0.154032
0.310555 0.142587 9.99473E-05 9.99473E-05 0.133341 0.0899403 9.99473E-05 9.99473E-05 0.137782 0.114013 0.0711815 9.99473E-05 9.99473E-05
0.460752 0.0227444 9.99385E-05 9.99385E-05 0.0728577 0.353511 9.99385E-05 9.99385E-05 9.99385E-05 0.0892787 0.00015671 9.99385E-05 9.99385E-05
0.472254 9.99475E-05 9.99475E-05 0.0860891 9.99475E-05 0.0106977 0.189899 0.0567606 9.99475E-05 0.124909 0.0587918 9.99475E-05 9.99475E-05
0.495146 0.0111551 9.99474E-05 0.0861907 9.99474E-05 0.120573 0.0245711 9.99474E-05 9.99474E-05 0.196764 9.99474E-05 0.0650003 9.99474E-05
0.207742 9.99473E-05 9.99473E-05 9.99473E-05 0.150675 0.130992 0.0411144 9.99473E-05 9.99473E-05 0.211297 0.0489648 0.208616 9.99473E-05
0.68936 0.0563033 9.99385E-05 9.99385E-05 9.99385E-05 0.0065755 9.99385E-05 9.99385E-05 0.193071 0.0192691 9.99385E-05 0.0347217 9.99385E-05
0.445169 9.99386E-05 9.99386E-05 0.0797147 9.99386E-05 0.171734 9.99386E-05 9.99386E-05 0.0939822 0.101676 9.99386E-05 0.107024 9.99386E-05
0.309572 9.99473E-05 0.0476482 9.99473E-05 9.99473E-05 0.415256 9.99473E-05 0.0267165 0.0284648 0.108622 0.0631211 9.99473E-05 9.99473E-05
0.429168 9.99388E-05 9.99388E-05 0.185858 9.99388E-05 0.0950923 0.0141273 9.99388E-05 9.99388E-05 0.244476 0.0305787 9.99388E-05 9.99388E-05
0.609247 9.99473E-05 0.0577084 9.99473E-05 9.99473E-05 0.103732 9.99473E-05 0.037202 9.99473E-05 0.0987526 9.99473E-05 0.032639 0.0601192
0.378699 9.99561E-05 0.00941558 0.10741 9.99561E-05 0.116256 0.146181 9.99561E-05 9.99561E-05 0.187757 9.99561E-05 0.0402948 0.0134871
0.353856 0.0615293 9.99561E-05 0.102013 0.129543 0.108678 9.99561E-05 0.0733006 9.99561E-05 0.0552676 9.99561E-05 0.115313 9.99561E-05
0.570949 0.0221292 9.99297E-05 0.063382 9.99297E-05 0.159569 9.99297E-05 9.99297E-05 0.183171 9.99297E-05 9.99297E-05 9.99297E-05 9.99297E-05
0.235992 0.0402042 0.0553042 0.208937 9.99562E-05 0.0702547 0.115002 9.99562E-05 0.0562536 0.217553 9.99562E-05 9.99562E-05 9.99562E-05
0.602113 9.99386E-05 9.99386E-05 0.210752 9.99386E-05 9.99386E-05 0.00625014 0.0176625 9.99386E-05 0.141848 9.99386E-05 0.0206751 9.99386E-05
0.42943 9.99299E-05 9.99299E-05 0.0767391 9.99299E-05 0.136692 9.99299E-05 0.0949395 9.99299E-05 0.2614 9.99299E-05 9.99299E-05 9.99299E-05
0.481064 0.121211 9.99386E-05 0.116851 9.99386E-05 0.10749 9.99386E-05 9.99386E-05 9.99386E-05 0.0164305 9.99386E-05 0.156253 9.99386E-05
0.0891459 0.120862 9.99475E-05 0.221965 9.99475E-05 0.227515 0.102326 9.99475E-05 9.99475E-05 0.229464 0.00812218 9.99475E-05 9.99475E-05
9.99297E-05 0.122861 9.99297E-05 9.99297E-05 0.000782954 0.268279 0.591196 9.99297E-05 0.0160812 9.99297E-05 9.99297E-05 9.99297E-05 9.99297E-05
9.99211E-05 0.0480401 9.99211E-05 0.00187841 9.99211E-05 0.0616764 0.887506 9.99211E-05 9.99211E-05 9.99211E-05 9.99211E-05 9.99211E-05 9.99211E-05
0.063822 0.0139062 9.99648E-05 9.99648E-05 0.0237591 0.183877 0.568657 9.99648E-05 0.00965592 9.99648E-05 0.0159724 0.0673692 0.052581
9.99296E-05 0.158799 9.99296E-05 9.99296E-05 9.99296E-05 0.269245 0.46172 9.99296E-05 0.0207209 9.99296E-05 9.99296E-05 0.0887156 9.99296E-05
9.99385E-05 0.1887 0.0691105 9.99385E-05 9.99385E-05 0.154315 0.49367 9.99385E-05 9.99385E-05 9.99385E-05 9.99385E-05 0.0456801 0.0478239
9.99297E-05 0.271858 0.0130802 9.99297E-05 0.0335448 0.226326 0.454392 9.99297E-05 9.99297E-05 9.99297E-05 9.99297E-05 9.99297E-05 9.99297E-05
0.0481669 0.182706 9.99385E-05 9.99385E-05 9.99385E-05 0.117694 0.47419 9.99385E-05 0.0637219 9.99385E-05 9.99385E-05 0.112822 9.99385E-05
9.99297E-05 0.299986 0.0340336 9.99297E-05 9.99297E-05 0.147727 0.492771 9.99297E-05 0.024683 9.99297E-05 9.99297E-05 9.99297E-05 9.99297E-05
0.0168122 0.396993 9.99385E-05 9.99385E-05 9.99385E-05 0.164119 0.140803 9.99385E-05 0.0306506 0.249922 9.99385E-05 9.99385E-05 9.99385E-05
0.062575 0.214752 9.99385E-05 9.99385E-05 9.99385E-05 0.338415 0.343119 9.99385E-05 9.99385E-05 9.99385E-05 9.99385E-05 0.0120593 0.0283809
9.9921E-05 0.00956171 9.9921E-05 9.9921E-05 9.9921E-05 0.0875625 0.673288 9.9921E-05 9.9921E-05 0.228688 9.9921E-05 9.9921E-05 9.9921E-05
9.99297E-05 9.99297E-05 0.0378191 9.99297E-05 9.99297E-05 0.10689 0.642407 9.99297E-05 0.0169088 0.195175 9.99297E-05 9.99297E-05 9.99297E-05
9.9921E-05 0.150079 9.9921E-05 9.9921E-05 9.9921E-05 9.9921E-05 0.834323 9.9921E-05 0.00700253 9.9921E-05 9.9921E-05 0.00769622 9.9921E-05
9.99211E-05 0.155255 9.99211E-05 9.99211E-05 9.99211E-05 0.366408 0.457116 0.0203213 9.99211E-05 9.99211E-05 9.99211E-05 9.99211E-05 9.99211E-05
9.99473E-05 0.11243 0.000195209 9.99473E-05 9.99473E-05 0.0142527 0.648056 9.99473E-05 0.0233706 9.99473E-05 0.0423061 0.158789 9.99473E-05
9.99385E-05 0.0437917 9.99385E-05 9.99385E-05 9.99385E-05 0.193106 0.521059 9.99385E-05 0.0287976 0.134214 0.0783329 9.99385E-05 9.99385E-05
9.99297E-05 0.126263 0.102828 9.99297E-05 9.99297E-05 0.129493 0.465038 9.99297E-05 9.99297E-05 0.175577 9.99297E-05 9.99297E-05 9.99297E-05
0.0826483 0.178801 9.99386E-05 9.99386E-05 0.0250901 9.99386E-05 0.621857 9.99386E-05 0.0231374 9.99386E-05 0.0677666 9.99386E-05 9.99386E-05
9.99385E-05 0.0811579 0.00477234 9.99385E-05 0.0824581 9.99385E-05 0.721547 9.99385E-05 0.0950756 0.0142894 9.99385E-05 9.99385E-05 9.99385E-05
9.99386E-05 0.142334 0.0168042 9.99386E-05 9.99386E-05 0.18414 0.529326 9.99386E-05 0.0954303 9.99386E-05 9.99386E-05 0.0312669 9.99386E-05
9.99297E-05 0.0758765 9.99297E-05 9.99297E-05 0.0929664 0.217833 0.609568 9.99297E-05 9.99297E-05 0.00295719 9.99297E-05 9.99297E-05 9.99297E-05
9.99297E-05 0.0747674 9.99297E-05 9.99297E-05 9.99297E-05 0.175276 0.654097 9.99297E-05 0.0592417 9.99297E-05 9.99297E-05 0.0358188 9.99297E-05
9.99297E-05 0.298329 0.0938564 9.99297E-05 0.0775987 0.277344 0.252073 9.99297E-05 9.99297E-05 9.99297E-05 9.99297E-05 9.99297E-05 9.99297E-05
9.99297E-05 0.262882 9.99297E-05 9.99297E-05 9.99297E-05 0.0167812 0.663899 9.99297E-05 0.0068091 9.99297E-05 9.99297E-05 9.99297E-05 0.0488296
9.99385E-05 0.333336 0.0947547 9.99385E-05 0.0419104 0.314558 0.178019 9.99385E-05 9.99385E-05 0.0367221 9.99385E-05 9.99385E-05 9.99385E-05
9.99211E-05 0.151203 9.99211E-05 9.99211E-05 9.99211E-05 0.17382 0.551499 9.99211E-05 9.99211E-05 0.122579 9.99211E-05 9.99211E-05 9.99211E-05
9.99211E-05 9.99211E-05 9.99211E-05 0.0566101 9.99211E-05 0.0498566 0.7397 0.152934 9.99211E-05 9.99211E-05 9.99211E-05 9.99211E-05 9.99211E-05
9.99296E-05 0.217802 0.0124296 9.99296E-05 0.0799331 0.184139 0.504897 9.99296E-05 9.99296E-05 9.99296E-05 9.99296E-05 9.99296E-05 9.99296E-05
9.99297E-05 0.275385 0.0399606 9.99297E-05 9.99297E-05 0.16866 0.436059 9.99297E-05 9.99297E-05 0.0791367 9.99297E-05 9.99297E-05 9.99297E-05
9.99297E-05 0.0234742 0.106176 9.99297E-05 9.99297E-05 0.129595 0.631656 9.99297E-05 0.108299 9.99297E-05 9.99297E-05 9.99297E-05 9.99297E-05
9.99298E-05 0.078008 9.99298E-05 9.99298E-05 9.99298E-05 0.244463 0.590895 9.99298E-05 0.0589814 9.99298E-05 0.0268532 9.99298E-05 9.99298E-05
9.99385E-05 0.0332288 0.00286919 9.99385E-05 9.99385E-05 0.0945285 0.777473 9.99385E-05 9.99385E-05 9.99385E-05 0.067069 9.99385E-05 0.0241324
9.99297E-05 0.342004 0.240657 9.99297E-05 9.99297E-05 0.244763 0.157325 9.99297E-05 9.99297E-05 9.99297E-05 0.0144525 9.99297E-05 9.99297E-05
0.110974 0.0975606 9.99297E-05 9.99297E-05 9.99297E-05 0.168085 0.517695 9.99297E-05 9.99297E-05 9.99297E-05 9.99297E-05 9.99297E-05 0.104885
9.99121E-05 0.111796 9.99121E-05 9.99121E-05 9.99121E-05 0.151031 0.736175 9.99121E-05 9.99121E-05 9.99121E-05 9.99121E-05 9.99121E-05 9.99121E-05
0.00745261 0.123185 9.9956E-05 9.9956E-05 9.9956E-05 9.9956E-05 0.62294 0.0131631 0.0813073 0.126787 0.0241775 0.000487409 9.9956E-05
9.99297E-05 0.102769 9.99297E-05 9.99297E-05 9.99297E-05 0.329419 0.400791 9.99297E-05 0.0756097 9.99297E-05 9.99297E-05 0.0906122 9.99297E-05
9.99123E-05 0.0613038 9.99123E-05 9.99123E-05 9.99123E-05 0.0104739 0.927223 9.99123E-05 9.99123E-05 9.99123E-05 9.99123E-05 9.99123E-05 9.99123E-05
9.99385E-05 0.0716853 0.0308812 9.99385E-05 9.99385E-05 0.124695 0.741104 9.99385E-05 0.0209151 9.99385E-05 9.99385E-05 0.0100195 9.99385E-05
9.99123E-05 0.0642525 9.99123E-05 9.99123E-05 9.99123E-05 9.99123E-05 0.916988 9.99123E-05 9.99123E-05 9.99123E-05 9.99123E-05 9.99123E-05 0.0177606
9.99124E-05 0.0127784 9.99124E-05 9.99124E-05 9.99124E-05 9.99124E-05 0.952995 9.99124E-05 9.99124E-05 0.0332271 9.99124E-05 9.99124E-05 9.99124E-05
9.99385E-05 0.21874 9.99385E-05 9.99385E-05 0.0473372 0.378915 0.254114 9.99385E-05 0.00738396 0.0928104 9.99385E-05 9.99385E-05 9.99385E-05
9.99298E-05 0.206771 9.99298E-05 9.99298E-05 9.99298E-05 0.0814348 0.524354 9.99298E-05 9.99298E-05 0.0522016 9.99298E-05 9.99298E-05 0.134439
9.99211E-05 0.128489 0.0715893 9.99211E-05 9.99211E-05 0.0150628 0.78396 9.99211E-05 9.99211E-05 9.99211E-05 9.99211E-05 9.99211E-05 9.99211E-05
9.99123E-05 9.99123E-05 9.99123E-05 0.0189502 9.99123E-05 0.0535642 0.926487 9.99123E-05 9.99123E-05 9.99123E-05 9.99123E-05 9.99123E-05 9.99123E-05
0.0363521 0.26257 0.16386 9.99561E-05 9.99561E-05 0.0423887 0.279274 9.99561E-05 0.00575557 0.185893 9.99561E-05 0.0234071 9.99561E-05
0.0399252 0.158195 9.99473E-05 9.99473E-05 9.99473E-05 0.182743 0.503796 9.99473E-05 0.0543447 9.99473E-05 0.0205076 0.0398894 9.99473E-05
9.99562E-05 0.200676 9.99562E-05 9.99562E-05 9.99562E-05 0.0633177 0.433297 0.103826 0.00183345 0.0860783 0.0839737 9.99562E-05 0.0264981
0.0951939 0.309038 9.99298E-05 9.99298E-05 9.99298E-05 0.334514 0.208117 9.99298E-05 0.0523386 9.99298E-05 9.99298E-05 9.99298E-05 9.99298E-05
9.99035E-05 9.99035E-05 9.99035E-05 9.99035E-05 9.99035E-05 0.0118485 0.987053 9.99035E-05 9.99035E-05 9.99035E-05 9.99035E-05 9.99035E-05 9.99035E-05
0.0115456 0.0461768 9.99473E-05 9.99473E-05 0.0684773 0.253204 0.43006 9.99473E-05 0.0204437 9.99473E-05 0.169494 9.99473E-05 9.99473E-05
9.99123E-05 0.0989812 9.99123E-05 9.99123E-05 9.99123E-05 9.99123E-05 0.882878 9.99123E-05 9.99123E-05 0.0171421 9.99123E-05 9.99123E-05 9.99123E-05
9.99298E-05 0.122507 9.99298E-05 9.99298E-05 9.99298E-05 0.116055 0.661439 9.99298E-05 0.026622 9.99298E-05 9.99298E-05 0.0725774 9.99298E-05
9.99385E-05 0.149099 9.99385E-05 9.99385E-05 0.0778365 0.00709441 0.633218 9.99385E-05 9.99385E-05 9.99385E-05 0.0797581 0.0522945 9.99385E-05
0.0640304 0.0360421 0.0548174 9.9956E-05 9.9956E-05 0.0350028 0.644657 9.9956E-05 0.0662555 9.9956E-05 9.9956E-05 0.0302573 0.068438
9.99297E-05 0.257872 9.99297E-05 9.99297E-05 9.99297E-05 0.223573 0.294754 9.99297E-05 9.99297E-05 0.201262 9.99297E-05 9.99297E-05 0.0217393
9.99209E-05 0.23515 9.99209E-05 9.99209E-05 9.99209E-05 0.177856 0.583767 9.99209E-05 9.99209E-05 9.99209E-05 9.99209E-05 9.99209E-05 0.00232759
9.99384E-05 0.0427142 0.0130372 9.99384E-05 9.99384E-05 0.1421 0.644663 9.99384E-05 0.084304 9.99384E-05 0.0724825 9.99384E-05 9.99384E-05
9.99473E-05 0.00292172 0.161828 9.99473E-05 9.99473E-05 0.160514 0.597483 0.0402313 0.000533841 9.99473E-05 0.0358892 9.99473E-05 9.99473E-05
9.99298E-05 0.174276 9.99298E-05 9.99298E-05 9.99298E-05 0.0573897 0.707263 9.99298E-05 0.0311212 0.0291506 9.99298E-05 9.99298E-05 9.99298E-05
9.98945E-05 9.98945E-05 9.98945E-05 9.98945E-05 9.98945E-05 0.998801 9.98945E-05 9.98945E-05 9.98945E-05 9.98945E-05 9.98945E-05 9.98945E-05 9.98945E-05
9.98944E-05 0.998801 9.98944E-05 9.98944E-05 9.98944E-05 9.98944E-05 9.98944E-05 9.98944E-05 9.98944E-05 9.98944E-05 9.98944E-05 9.98944E-05 9.98944E-05
9.98944E-05 9.98944E-05 9.98944E-05 9.98944E-05 9.98944E-05 0.998801 9.98944E-05 9.98944E-05 9.98944E-05 9.98944E-05 9.98944E-05 9.98944E-05 9.98944E-05
9.98945E-05 0.998801 9.98945E-05 9.98945E-05 9.98945E-05 9.98945E-05 9.98945E-05 9.98945E-05 9.98945E-05 9.98945E-05 9.98945E-05 9.98945E-05 9.98945E-05
9.98944E-05 0.998801 9.98944E-05 9.98944E-05 9.98944E-05 9.98944E-05 9.98944E-05 9.98944E-05 9.98944E-05 9.98944E-05 9.98944E-05 9.98944E-05 9.98944E-05
9.98945E-05 0.998801 9.98945E-05 9.98945E-05 9.98945E-05 9.98945E-05 9.98945E-05 9.98945E-05 9.98945E-05 9.98945E-05 9.98945E-05 9.98945E-05 9.98945E-05
9.98944E-05 9.98944E-05 9.98944E-05 9.98944E-05 9.98944E-05 0.998801 9.98944E-05 9.98944E-05 9.98944E-05 9.98944E-05 9.98944E-05 9.98944E-05 9.98944E-05
9.98944E-05 0.998801 9.98944E-05 9.98944E-05 9.98944E-05 9.98944E-05 9.98944E-05 9.98944E-05 9.98944E-05 9.98944E-05 9.98944E-05 9.98944E-05 9.98944E-05
9.98945E-05 0.998801 9.98945E-05 9.98945E-05 9.98945E-05 9.98945E-05 9.98945E-05 9.98945E-05 9.98945E-05 9.98945E-05 9.98945E-05 9.98945E-05 9.98945E-05
9.98944E-05 9.98944E-05 9.98944E-05 9.98944E-05 9.98944E-05 0.998801 9.98944E-05 9.98944E-05 9.98944E-05 9.98944E-05 9.98944E-05 9.98944E-05 9.98944E-05
9.98944E-05 9.98944E-05 9.98944E-05 9.98944E-05 9.98944E-05 0.998801 9.98944E-05 9.98944E-05 9.98944E-05 9.98944E-05 9.98944E-05 9.98944E-05 9.98944E-05
9.98944E-05 9.98944E-05 9.98944E-05 9.98944E-05 9.98944E-05 0.998801 9.98944E-05 9.98944E-05 9.98944E-05 9.98944E-05 9.98944E-05 9.98944E-05 9.98944E-05
9.98944E-05 0.998801 9.98944E-05 9.98944E-05 9.98944E-05 9.98944E-05 9.98944E-05 9.98944E-05 9.98944E-05 9.98944E-05 9.98944E-05 9.98944E-05 9.98944E-05
9.98944E-05 0.998801 9.98944E-05 9.98944E-05 9.98944E-05 9.98944E-05 9.98944E-05 9.98944E-05 9.98944E-05 9.98944E-05 9.98944E-05 9.98944E-05 9.98944E-05
9.98944E-05 9.98944E-05 9.98944E-05 9.98944E-05 9.98944E-05 0.998801 9.98944E-05 9.98944E-05 9.98944E-05 9.98944E-05 9.98944E-05 9.98944E-05 9.98944E-05
9.98944E-05 9.98944E-05 9.98944E-05 9.98944E-05 9.98944E-05 0.998801 9.98944E-05 9.98944E-05 9.98944E-05 9.98944E-05 9.98944E-05 9.98944E-05 9.98944E-05
9.99736E-05 0.11051 0.0525826 9.99736E-05 0.0569394 0.175512 0.29403 0.0987389 0.0340598 0.00871722 0.0483084 9.99736E-05 0.120302
9.98944E-05 9.98944E-05 9.98944E-05 9.98944E-05 9.98944E-05 0.998801 9.98944E-05 9.98944E-05 9.98944E-05 9.98944E-05 9.98944E-05 9.98944E-05 9.98944E-05
9.98945E-05 0.998801 9.98945E-05 9.98945E-05 9.98945E-05 9.98945E-05 9.98945E-05 9.98945E-05 9.98945E-05 9.98945E-05 9.98945E-05 9.98945E-05 9.98945E-05
9.98943E-05 9.98943E-05 9.98943E-05 9.98943E-05 9.98943E-05 0.998801 9.98943E-05 9.98943E-05 9.98943E-05 9.98943E-05 9.98943E-05 9.98943E-05 9.98943E-05
9.98944E-05 9.98944E-05 9.98944E-05 9.98944E-05 9.98944E-05 0.998801 9.98944E-05 9.98944E-05 9.98944E-05 9.98944E-05 9.98944E-05 9.98944E-05 9.98944E-05
9.98944E-05 9.98944E-05 9.98944E-05 9.98944E-05 9.98944E-05 0.998801 9.98944E-05 9.98944E-05 9.98944E-05 9.98944E-05 9.98944E-05 9.98944E-05 9.98944E-05
9.98945E-05 0.998801 9.98945E-05 9.98945E-05 9.98945E-05 9.98945E-05 9.98945E-05 9.98945E-05 9.98945E-05 9.98945E-05 9.98945E-05 9.98945E-05 9.98945E-05
9.98944E-05 9.98944E-05 9.98944E-05 9.98944E-05 9.98944E-05 0.998801 9.98944E-05 9.98944E-05 9.98944E-05 9.98944E-05 9.98944E-05 9.98944E-05 9.98944E-05
9.98944E-05 0.998801 9.98944E-05 9.98944E-05 9.98944E-05 9.98944E-05 9.98944E-05 9.98944E-05 9.98944E-05 9.98944E-05 9.98944E-05 9.98944E-05 9.98944E-05
9.98944E-05 9.98944E-05 9.98944E-05 9.98944E-05 9.98944E-05 0.998801 9.98944E-05 9.98944E-05 9.98944E-05 9.98944E-05 9.98944E-05 9.98944E-05 9.98944E-05
9.98943E-05 9.98943E-05 9.98943E-05 9.98943E-05 9.98943E-05 0.998801 9.98943E-05 9.98943E-05 9.98943E-05 9.98943E-05 9.98943E-05 9.98943E-05 9.98943E-05
9.98944E-05 0.998801 9.98944E-05 9.98944E-05 9.98944E-05 9.98944E-05 9.98944E-05 9.98944E-05 9.98944E-05 9.98944E-05 9.98944E-05 9.98944E-05 9.98944E-05
9.98944E-05 0.998801 9.98944E-05 9.98944E-05 9.98944E-05 9.98944E-05 9.98944E-05 9.98944E-05 9.98944E-05 9.98944E-05 9.98944E-05 9.98944E-05 9.98944E-05
9.98944E-05 0.998801 9.98944E-05 9.98944E-05 9.98944E-05 9.98944E-05 9.98944E-05 9.98944E-05 9.98944E-05 9.98944E-05 9.98944E-05 9.98944E-05 9.98944E-05
9.98944E-05 9.98944E-05 9.98944E-05 9.98944E-05 9.98944E-05 0.998801 9.98944E-05 9.98944E-05 9.98944E-05 9.98944E-05 9.98944E-05 9.98944E-05 9.98944E-05
9.98945E-05 9.98945E-05 9.98945E-05 9.98945E-05 9.98945E-05 0.998801 9.98945E-05 9.98945E-05 9.98945E-05 9.98945E-05 9.98945E-05 9.98945E-05 9.98945E-05
9.98944E-05 9.98944E-05 9.98944E-05 9.98944E-05 9.98944E-05 0.998801 9.98944E-05 9.98944E-05 9.98944E-05 9.98944E-05 9.98944E-05 9.98944E-05 9.98944E-05
9.98944E-05 9.98944E-05 9.98944E-05 9.98944E-05 9.98944E-05 0.998801 9.98944E-05 9.98944E-05 9.98944E-05 9.98944E-05 9.98944E-05 9.98944E-05 9.98944E-05
9.98944E-05 9.98944E-05 9.98944E-05 9.98944E-05 9.98944E-05 0.998801 9.98944E-05 9.98944E-05 9.98944E-05 9.98944E-05 9.98944E-05 9.98944E-05 9.98944E-05
9.98944E-05 0.998801 9.98944E-05 9.98944E-05 9.98944E-05 9.98944E-05 9.98944E-05 9.98944E-05 9.98944E-05 9.98944E-05 9.98944E-05 9.98944E-05 9.98944E-05
9.98944E-05 0.998801 9.98944E-05 9.98944E-05 9.98944E-05 9.98944E-05 9.98944E-05 9.98944E-05 9.98944E-05 9.98944E-05 9.98944E-05 9.98944E-05 9.98944E-05
9.98945E-05 0.998801 9.98945E-05 9.98945E-05 9.98945E-05 9.98945E-05 9.98945E-05 9.98945E-05 9.98945E-05 9.98945E-05 9.98945E-05 9.98945E-05 9.98945E-05
9.98944E-05 9.98944E-05 9.98944E-05 9.98944E-05 9.98944E-05 0.998801 9.98944E-05 9.98944E-05 9.98944E-05 9.98944E-05 9.98944E-05 9.98944E-05 9.98944E-05
9.98944E-05 0.998801 9.98944E-05 9.98944E-05 9.98944E-05 9.98944E-05 9.98944E-05 9.98944E-05 9.98944E-05 9.98944E-05 9.98944E-05 9.98944E-05 9.98944E-05
9.98944E-05 0.998801 9.98944E-05 9.98944E-05 9.98944E-05 9.98944E-05 9.98944E-05 9.98944E-05 9.98944E-05 9.98944E-05 9.98944E-05 9.98944E-05 9.98944E-05
9.98945E-05 0.998801 9.98945E-05 9.98945E-05 9.98945E-05 9.98945E-05 9.98945E-05 9.98945E-05 9.98945E-05 9.98945E-05 9.98945E-05 9.98945E-05 9.98945E-05
9.98944E-05 0.998801 9.98944E-05 9.98944E-05 9.98944E-05 9.98944E-05 9.98944E-05 9.98944E-05 9.98944E-05 9.98944E-05 9.98944E-05 9.98944E-05 9.98944E-05
9.98943E-05 9.98943E-05 9.98943E-05 9.98943E-05 9.98943E-05 0.998801 9.98943E-05 9.98943E-05 9.98943E-05 9.98943E-05 9.98943E-05 9.98943E-05 9.98943E-05
9.98945E-05 0.998801 9.98945E-05 9.98945E-05 9.98945E-05 9.98945E-05 9.98945E-05 9.98945E-05 9.98945E-05 9.98945E-05 9.98945E-05 9.98945E-05 9.98945E-05
9.98944E-05 0.998801 9.98944E-05 9.98944E-05 9.98944E-05 9.98944E-05 9.98944E-05 9.98944E-05 9.98944E-05 9.98944E-05 9.98944E-05 9.98944E-05 9.98944E-05
9.99473E-05 0.113942 0.0989771 9.99473E-05 9.99473E-05 0.245255 0.296904 0.111802 9.99473E-05 9.99473E-05 9.99473E-05 0.0197094 0.112811
9.98945E-05 9.98945E-05 9.98945E-05 9.98945E-05 9.98945E-05 0.998801 9.98945E-05 9.98945E-05 9.98945E-05 9.98945E-05 9.98945E-05 9.98945E-05 9.98945E-05
9.98945E-05 0.998801 9.98945E-05 9.98945E-05 9.98945E-05 9.98945E-05 9.98945E-05 9.98945E-05 9.98945E-05 9.98945E-05 9.98945E-05 9.98945E-05 9.98945E-05
9.98944E-05 0.998801 9.98944E-05 9.98944E-05 9.98944E-05 9.98944E-05 9.98944E-05 9.98944E-05 9.98944E-05 9.98944E-05 9.98944E-05 9.98944E-05 9.98944E-05
9.98944E-05 0.998801 9.98944E-05 9.98944E-05 9.98944E-05 9.98944E-05 9.98944E-05 9.98944E-05 9.98944E-05 9.98944E-05 9.98944E-05 9.98944E-05 9.98944E-05
9.98944E-05 0.998801 9.98944E-05 9.98944E-05 9.98944E-05 9.98944E-05 9.98944E-05 9.98944E-05 9.98944E-05 9.98944E-05 9.98944E-05 9.98944E-05 9.98944E-05
9.98944E-05 9.98944E-05 9.98944E-05 9.98944E-05 9.98944E-05 0.998801 9.98944E-05 9.98944E-05 9.98944E-05 9.98944E-05 9.98944E-05 9.98944E-05 9.98944E-05
9.98945E-05 0.998801 9.98945E-05 9.98945E-05 9.98945E-05 9.98945E-05 9.98945E-05 9.98945E-05 9.98945E-05 9.98945E-05 9.98945E-05 9.98945E-05 9.98945E-05
9.98944E-05 9.98944E-05 9.98944E-05 9.98944E-05 9.98944E-05 0.998801 9.98944E-05 9.98944E-05 9.98944E-05 9.98944E-05 9.98944E-05 9.98944E-05 9.98944E-05
9.98944E-05 0.998801 9.98944E-05 9.98944E-05 9.98944E-05 9.98944E-05 9.98944E-05 9.98944E-05 9.98944E-05 9.98944E-05 9.98944E-05 9.98944E-05 9.98944E-05
9.98944E-05 9.98944E-05 9.98944E-05 9.98944E-05 9.98944E-05 0.998801 9.98944E-05 9.98944E-05 9.98944E-05 9.98944E-05 9.98944E-05 9.98944E-05 9.98944E-05
9.98944E-05 0.998801 9.98944E-05 9.98944E-05 9.98944E-05 9.98944E-05 9.98944E-05 9.98944E-05 9.98944E-05 9.98944E-05 9.98944E-05 9.98944E-05 9.98944E-05
9.98944E-05 0.998801 9.98944E-05 9.98944E-05 9.98944E-05 9.98944E-05 9.98944E-05 9.98944E-05 9.98944E-05 9.98944E-05 9.98944E-05 9.98944E-05 9.98944E-05
9.98945E-05 0.998801 9.98945E-05 9.98945E-05 9.98945E-05 9.98945E-05 9.98945E-05 9.98945E-05 9.98945E-05 9.98945E-05 9.98945E-05 9.98945E-05 9.98945E-05
9.98944E-05 0.998801 9.98944E-05 9.98944E-05 9.98944E-05 9.98944E-05 9.98944E-05 9.98944E-05 9.98944E-05 9.98944E-05 9.98944E-05 9.98944E-05 9.98944E-05
9.98945E-05 0.998801 9.98945E-05 9.98945E-05 9.98945E-05 9.98945E-05 9.98945E-05 9.98945E-05 9.98945E-05 9.98945E-05 9.98945E-05 9.98945E-05 9.98945E-05
9.98944E-05 0.998801 9.98944E-05 9.98944E-05 9.98944E-05 9.98944E-05 9.98944E-05 9.98944E-05 9.98944E-05 9.98944E-05 9.98944E-05 9.98944E-05 9.98944E-05
9.98944E-05 9.98944E-05 9.98944E-05 9.98944E-05 9.98944E-05 0.998801 9.98944E-05 9.98944E-05 9.98944E-05 9.98944E-05 9.98944E-05 9.98944E-05 9.98944E-05
9.98944E-05 9.98944E-05 9.98944E-05 9.98944E-05 9.98944E-05 0.998801 9.98944E-05 9.98944E-05 9.98944E-05 9.98944E-05 9.98944E-05 9.98944E-05 9.98944E-05
9.98945E-05 9.98945E-05 9.98945E-05 9.98945E-05 9.98945E-05 0.998801 9.98945E-05 9.98945E-05 9.98945E-05 9.98945E-05 9.98945E-05 9.98945E-05 9.98945E-05
9.98944E-05 0.998801 9.98944E-05 9.98944E-05 9.98944E-05 9.98944E-05 9.98944E-05 9.98944E-05 9.98944E-05 9.98944E-05 9.98944E-05 9.98944E-05 9.98944E-05
9.98945E-05 9.98945E-05 9.98945E-05 9.98945E-05 9.98945E-05 0.998801 9.98945E-05 9.98945E-05 9.98945E-05 9.98945E-05 9.98945E-05 9.98945E-05 9.98945E-05
9.98945E-05 9.98945E-05 9.98945E-05 9.98945E-05 9.98945E-05 0.998801 9.98945E-05 9.98945E-05 9.98945E-05 9.98945E-05 9.98945E-05 9.98945E-05 9.98945E-05
9.98944E-05 9.98944E-05 9.98944E-05 9.98944E-05 9.98944E-05 0.998801 9.98944E-05 9.98944E-05 9.98944E-05 9.98944E-05 9.98944E-05 9.98944E-05 9.98944E-05
9.98944E-05 0.998801 9.98944E-05 9.98944E-05 9.98944E-05 9.98944E-05 9.98944E-05 9.98944E-05 9.98944E-05 9.98944E-05 9.98944E-05 9.98944E-05 9.98944E-05
9.98944E-05 0.998801 9.98944E-05 9.98944E-05 9.98944E-05 9.98944E-05 9.98944E-05 9.98944E-05 9.98944E-05 9.98944E-05 9.98944E-05 9.98944E-05 9.98944E-05
9.98944E-05 0.998801 9.98944E-05 9.98944E-05 9.98944E-05 9.98944E-05 9.98944E-05 9.98944E-05 9.98944E-05 9.98944E-05 9.98944E-05 9.98944E-05 9.98944E-05
9.98944E-05 9.98944E-05 9.98944E-05 9.98944E-05 9.98944E-05 0.998801 9.98944E-05 9.98944E-05 9.98944E-05 9.98944E-05 9.98944E-05 9.98944E-05 9.98944E-05
9.98944E-05 0.998801 9.98944E-05 9.98944E-05 9.98944E-05 9.98944E-05 9.98944E-05 9.98944E-05 9.98944E-05 9.98944E-05 9.98944E-05 9.98944E-05 9.98944E-05
9.98944E-05 0.998801 9.98944E-05 9.98944E-05 9.98944E-05 9.98944E-05 9.98944E-05 9.98944E-05 9.98944E-05 9.98944E-05 9.98944E-05 9.98944E-05 9.98944E-05
9.98944E-05 9.98944E-05 9.98944E-05 9.98944E-05 9.98944E-05 0.998801 9.98944E-05 9.98944E-05 9.98944E-05 9.98944E-05 9.98944E-05 9.98944E-05 9.98944E-05
9.98944E-05 0.998801 9.98944E-05 9.98944E-05 9.98944E-05 9.98944E-05 9.98944E-05 9.98944E-05 9.98944E-05 9.98944E-05 9.98944E-05 9.98944E-05 9.98944E-05
9.98944E-05 0.998801 9.98944E-05 9.98944E-05 9.98944E-05 9.98944E-05 9.98944E-05 9.98944E-05 9.98944E-05 9.98944E-05 9.98944E-05 9.98944E-05 9.98944E-05
9.9956E-05 0.199475 0.0306667 9.9956E-05 9.9956E-05 0.267209 0.16811 9.9956E-05 0.123972 9.9956E-05 0.0179488 0.115971 0.0761471
9.98944E-05 9.98944E-05 9.98944E-05 9.98944E-05 9.98944E-05 0.998801 9.98944E-05 9.98944E-05 9.98944E-05 9.98944E-05 9.98944E-05 9.98944E-05 9.98944E-05
9.98944E-05 0.998801 9.98944E-05 9.98944E-05 9.98944E-05 9.98944E-05 9.98944E-05 9.98944E-05 9.98944E-05 9.98944E-05 9.98944E-05 9.98944E-05 9.98944E-05
9.99386E-05 0.516567 9.99386E-05 9.99386E-05 9.99386E-05 0.0185156 0.244757 0.108855 0.0595333 9.99386E-05 0.0510722 9.99386E-05 9.99386E-05
9.99473E-05 0.337596 0.0336713 9.99473E-05 0.0386815 0.1974 0.30532 0.0220035 9.99473E-05 9.99473E-05 9.99473E-05 9.99473E-05 0.0647282
9.99209E-05 0.18555 9.99209E-05 9.99209E-05 9.99209E-05 0.375058 0.389438 0.0490549 9.99209E-05 9.99209E-05 9.99209E-05 9.99209E-05 9.99209E-05
9.99296E-05 9.99296E-05 0.00199663 9.99296E-05 9.99296E-05 0.223654 0.583913 9.99296E-05 9.99296E-05 9.99296E-05 9.99296E-05 0.0414626 0.148174
9.99209E-05 0.375284 9.99209E-05 9.99209E-05 9.99209E-05 0.319241 0.28826 9.99209E-05 9.99209E-05 0.0163161 9.99209E-05 9.99209E-05 9.99209E-05
9.99299E-05 0.0952319 9.99299E-05 0.047075 9.99299E-05 0.0116324 0.82521 9.99299E-05 9.99299E-05 0.0200516 9.99299E-05 9.99299E-05 9.99299E-05
0.25083 0.321659 0.0248531 9.99385E-05 0.000949491 0.197176 0.203833 9.99385E-05 9.99385E-05 9.99385E-05 9.99385E-05 9.99385E-05 9.99385E-05
9.99472E-05 0.175299 0.00408196 9.99472E-05 9.99472E-05 0.0846112 0.521667 0.0629864 0.0945299 9.99472E-05 9.99472E-05 0.056225 9.99472E-05
9.99122E-05 0.208073 9.99122E-05 9.99122E-05 9.99122E-05 0.0388691 0.752059 9.99122E-05 9.99122E-05 9.99122E-05 9.99122E-05 9.99122E-05 9.99122E-05
9.99209E-05 9.99209E-05 9.99209E-05 9.99209E-05 0.1168 0.193636 0.608855 0.0798096 9.99209E-05 9.99209E-05 9.99209E-05 9.99209E-05 9.99209E-05
9.9921E-05 0.0695051 9.9921E-05 9.9921E-05 9.9921E-05 0.219327 0.570029 9.9921E-05 0.140239 9.9921E-05 9.9921E-05 9.9921E-05 9.9921E-05
0.0481876 0.628856 9.99297E-05 9.99297E-05 0.0209662 0.0153931 0.285797 9.99297E-05 9.99297E-05 9.99297E-05 9.99297E-05 9.99297E-05 9.99297E-05
0.0563693 0.271878 9.99561E-05 9.99561E-05 9.99561E-05 0.339027 0.216665 9.99561E-05 9.99561E-05 0.0127136 0.0038542 0.0899191 0.00907386
9.99296E-05 0.119412 9.99296E-05 9.99296E-05 0.00117662 0.0468267 0.696576 9.99296E-05 9.99296E-05 9.99296E-05 9.99296E-05 0.135209 9.99296E-05
9.99385E-05 0.193361 0.0516 9.99385E-05 9.99385E-05 0.29492 0.447084 9.99385E-05 0.0116339 9.99385E-05 9.99385E-05 9.99385E-05 0.000701383
0.135543 0.325332 9.99385E-05 9.99385E-05 9.99385E-05 0.21526 0.253937 9.99385E-05 0.0293245 0.0399041 9.99385E-05 9.99385E-05 9.99385E-05
9.99385E-05 0.148884 0.0238479 9.99385E-05 9.99385E-05 0.0538491 0.679316 9.99385E-05 9.99385E-05 0.0620879 9.99385E-05 9.99385E-05 0.0313155
9.99473E-05 0.0254985 9.99473E-05 9.99473E-05 9.99473E-05 0.444969 0.27403 9.99473E-05 0.101947 0.0241569 0.000882915 9.99473E-05 0.127915
9.99473E-05 0.102695 0.0746531 9.99473E-05 9.99473E-05 0.0328361 0.431426 9.99473E-05 0.0064571 0.22907 9.99473E-05 9.99473E-05 0.122263
9.99297E-05 0.171311 9.99297E-05 9.99297E-05 9.99297E-05 0.312351 0.390479 0.051124 9.99297E-05 9.99297E-05 9.99297E-05 9.99297E-05 0.0739355
9.99472E-05 0.100755 0.038254 9.99472E-05 0.0972321 0.188049 0.473211 9.99472E-05 0.0126036 0.0892953 9.99472E-05 9.99472E-05 9.99472E-05
9.9921E-05 0.278916 9.9921E-05 9.9921E-05 0.00665044 9.9921E-05 0.636887 9.9921E-05 9.9921E-05 9.9921E-05 0.076647 9.9921E-05 9.9921E-05
9.99473E-05 0.188214 0.0998069 9.99473E-05 9.99473E-05 0.192889 0.361418 9.99473E-05 0.0335957 9.99473E-05 0.11674 0.00673649 9.99473E-05
9.99472E-05 0.194115 0.0173743 9.99472E-05 0.0256111 0.221536 0.482522 9.99472E-05 0.0296896 9.99472E-05 9.99472E-05 0.0285524 9.99472E-05
9.99296E-05 0.0458819 9.99296E-05 9.99296E-05 9.99296E-05 0.0647083 0.666308 0.0217601 9.99296E-05 9.99296E-05 9.99296E-05 0.200543 9.99296E-05
9.99123E-05 0.00134467 9.99123E-05 9.99123E-05 9.99123E-05 9.99123E-05 0.936632 9.99123E-05 9.99123E-05 0.0610242 9.99123E-05 9.99123E-05 9.99123E-05
9.99384E-05 0.0908171 9.99384E-05 9.99384E-05 0.118457 0.16153 0.53835 0.0516065 9.99384E-05 0.0385403 9.99384E-05 9.99384E-05 9.99384E-05
9.99297E-05 0.25557 9.99297E-05 9.99297E-05 9.99297E-05 0.333795 0.289893 0.115046 9.99297E-05 0.00489613 9.99297E-05 9.99297E-05 9.99297E-05
9.99384E-05 9.99384E-05 0.033858 9.99384E-05 9.99384E-05 0.0993838 0.676621 9.99384E-05 9.99384E-05 9.99384E-05 0.0502197 0.0749147 0.0643034
9.99473E-05 0.218938 0.131169 9.99473E-05 0.0130275 0.0363101 0.440497 9.99473E-05 9.99473E-05 9.99473E-05 0.000273024 0.159186 9.99473E-05
9.99561E-05 0.348768 0.0260898 9.99561E-05 0.0251944 0.18196 0.281444 9.99561E-05 0.0445659 0.0831172 0.00836078 9.99561E-05 9.99561E-05
9.99385E-05 0.261723 9.99385E-05 9.99385E-05 0.00775792 0.136717 0.492476 9.99385E-05 0.0618545 0.0387713 9.99385E-05 9.99385E-05 9.99385E-05
9.99297E-05 0.121056 9.99297E-05 9.99297E-05 0.0812309 0.229365 0.331618 9.99297E-05 9.99297E-05 0.23593 9.99297E-05 9.99297E-05 9.99297E-05
9.99385E-05 0.241792 9.99385E-05 9.99385E-05 0.0796989 0.194075 0.409376 9.99385E-05 0.0261035 9.99385E-05 9.99385E-05 0.0482549 9.99385E-05
9.99384E-05 0.166325 9.99384E-05 9.99384E-05 0.0246296 0.20713 0.389622 9.99384E-05 0.117964 9.99384E-05 9.99384E-05 0.0936297 9.99384E-05
9.99209E-05 0.0806059 9.99209E-05 9.99209E-05 0.0133666 0.279648 0.62548 9.99209E-05 9.99209E-05 9.99209E-05 9.99209E-05 9.99209E-05 9.99209E-05
9.99122E-05 0.00150769 9.99122E-05 9.99122E-05 9.99122E-05 0.0286921 0.968801 9.99122E-05 9.99122E-05 9.99122E-05 9.99122E-05 9.99122E-05 9.99122E-05
0.271182 9.99384E-05 9.99384E-05 9.99384E-05 9.99384E-05 0.206499 0.34747 9.99384E-05 0.0748588 9.99384E-05 0.0176093 9.99384E-05 0.0816812
9.99385E-05 0.0330568 0.0629103 9.99385E-05 9.99385E-05 0.0852318 0.67601 9.99385E-05 0.108059 9.99385E-05 0.0340326 9.99385E-05 9.99385E-05
9.9921E-05 0.20206 9.9921E-05 9.9921E-05 0.337659 0.0952935 0.364088 9.9921E-05 9.9921E-05 9.9921E-05 9.9921E-05 9.9921E-05 9.9921E-05
9.99384E-05 0.0826116 0.0191909 9.99384E-05 0.0345019 0.32649 0.497512 9.99384E-05 9.99384E-05 9.99384E-05 9.99384E-05 0.038994 9.99384E-05
0.0562506 0.140811 9.99385E-05 9.99385E-05 0.16392 0.0945334 0.490716 0.0530685 9.99385E-05 9.99385E-05 9.99385E-05 9.99385E-05 9.99385E-05
9.99297E-05 0.270743 9.99297E-05 9.99297E-05 0.0323233 0.130152 0.368377 0.197605 9.99297E-05 9.99297E-05 9.99297E-05 9.99297E-05 9.99297E-05
9.99385E-05 0.470914 9.99385E-05 9.99385E-05 0.0234451 0.0991312 0.270191 9.99385E-05 9.99385E-05 0.108007 9.99385E-05 0.0276129 9.99385E-05
9.99385E-05 0.376675 9.99385E-05 9.99385E-05 9.99385E-05 0.343376 0.118628 9.99385E-05 0.0249785 0.0809301 9.99385E-05 0.0547128 9.99385E-05
