0.0765987 0.0342031 9.9877E-05 9.9877E-05 0.489342 9.9877E-05 9.9877E-05 9.9877E-05 0.0622192 9.9877E-05 9.9877E-05 9.9877E-05 9.9877E-05 9.9877E-05 9.9877E-05 0.0170458 9.9877E-05 0.00558771 9.9877E-05 0.239657 0.0251788 9.9877E-05 0.0487689
0.0981487 9.98333E-05 9.98333E-05 0.622792 9.98333E-05 9.98333E-05 9.98333E-05 0.0861289 9.98333E-05 9.98333E-05 9.98333E-05 9.98333E-05 9.98333E-05 9.98333E-05 9.98333E-05 9.98333E-05 9.98333E-05 9.98333E-05 9.98333E-05 0.191033 9.98333E-05 9.98333E-05 9.98333E-05
9.98246E-05 9.98246E-05 9.98246E-05 9.98246E-05 0.143464 9.98246E-05 9.98246E-05 0.813942 9.98246E-05 9.98246E-05 0.0405974 9.98246E-05 9.98246E-05 9.98246E-05 9.98246E-05 9.98246E-05 9.98246E-05 9.98246E-05 9.98246E-05 9.98246E-05 9.98246E-05 9.98246E-05 9.98246E-05
9.98772E-05 0.0159737 9.98772E-05 0.167923 0.108296 9.98772E-05 9.98772E-05 0.0248505 9.98772E-05 0.151727 9.98772E-05 0.208493 9.98772E-05 9.98772E-05 9.98772E-05 9.98772E-05 0.12153 9.98772E-05 9.98772E-05 9.98772E-05 9.98772E-05 0.0204338 0.179374
9.98158E-05 9.98158E-05 9.98158E-05 0.935677 9.98158E-05 0.062227 9.98158E-05 9.98158E-05 9.98158E-05 9.98158E-05 9.98158E-05 9.98158E-05 9.98158E-05 9.98158E-05 9.98158E-05 9.98158E-05 9.98158E-05 9.98158E-05 9.98158E-05 9.98158E-05 9.98158E-05 9.98158E-05 9.98158E-05
9.98596E-05 9.98596E-05 9.98596E-05 9.98596E-05 0.226908 0.0859394 9.98596E-05 9.98596E-05 0.124692 0.348418 9.98596E-05 0.0265511 9.98596E-05 9.98596E-05 9.98596E-05 9.98596E-05 9.98596E-05 9.98596E-05 9.98596E-05 0.121715 9.98596E-05 0.0641793 9.98596E-05
0.0965671 0.00448281 9.9886E-05 0.305768 0.0418725 9.9886E-05 9.9886E-05 9.9886E-05 9.9886E-05 9.9886E-05 9.9886E-05 0.101227 9.9886E-05 9.9886E-05 9.9886E-05 0.0199085 0.0900305 0.152093 9.9886E-05 0.0909172 9.9886E-05 9.9886E-05 0.095835
9.98772E-05 9.98772E-05 0.0651241 0.327438 9.98772E-05 0.02908 9.98772E-05 9.98772E-05 0.135605 0.162069 9.98772E-05 0.0244349 9.98772E-05 9.98772E-05 9.98772E-05 9.98772E-05 9.98772E-05 9.98772E-05 9.98772E-05 9.98772E-05 0.0540037 0.112958 0.0878904
9.98597E-05 0.205321 9.98597E-05 9.98597E-05 0.304557 9.98597E-05 9.98597E-05 9.98597E-05 9.98597E-05 0.125557 9.98597E-05 9.98597E-05 9.98597E-05 9.98597E-05 9.98597E-05 0.132959 0.0344524 9.98597E-05 9.98597E-05 9.98597E-05 9.98597E-05 0.192259 0.0032981
9.98245E-05 0.00211842 9.98245E-05 0.144494 0.851391 9.98245E-05 9.98245E-05 9.98245E-05 9.98245E-05 9.98245E-05 9.98245E-05 9.98245E-05 9.98245E-05 9.98245E-05 9.98245E-05 9.98245E-05 9.98245E-05 9.98245E-05 9.98245E-05 9.98245E-05 9.98245E-05 9.98245E-05 9.98245E-05
9.98421E-05 0.134631 9.98421E-05 9.98421E-05 0.684636 9.98421E-05 9.98421E-05 9.98421E-05 9.98421E-05 0.0620981 9.98421E-05 9.98421E-05 9.98421E-05 9.98421E-05 9.98421E-05 9.98421E-05 0.115244 9.98421E-05 9.98421E-05 0.00159396 9.98421E-05 9.98421E-05 9.98421E-05
9.9807E-05 9.9807E-05 9.9807E-05 9.9807E-05 9.9807E-05 9.9807E-05 9.9807E-05 0.997804 9.9807E-05 9.9807E-05 9.9807E-05 9.9807E-05 9.9807E-05 9.9807E-05 9.9807E-05 9.9807E-05 9.9807E-05 9.9807E-05 9.9807E-05 9.9807E-05 9.9807E-05 9.9807E-05 9.9807E-05
9.98246E-05 0.0324704 9.98246E-05 0.515332 0.450201 9.98246E-05 9.98246E-05 9.98246E-05 9.98246E-05 9.98246E-05 9.98246E-05 9.98246E-05 9.98246E-05 9.98246E-05 9.98246E-05 9.98246E-05 9.98246E-05 9.98246E-05 9.98246E-05 9.98246E-05 9.98246E-05 9.98246E-05 9.98246E-05
9.98421E-05 0.0400855 9.98421E-05 0.773795 9.98421E-05 9.98421E-05 9.98421E-05 9.98421E-05 9.98421E-05 9.98421E-05 9.98421E-05 9.98421E-05 0.0246675 0.10446 9.98421E-05 9.98421E-05 0.0551947 9.98421E-05 9.98421E-05 9.98421E-05 9.98421E-05 9.98421E-05 9.98421E-05
9.98684E-05 0.106062 9.98684E-05 9.98684E-05 0.401313 9.98684E-05 0.0178198 9.98684E-05 0.00244176 0.129928 9.98684E-05 9.98684E-05 0.0340803 9.98684E-05 9.98684E-05 9.98684E-05 9.98684E-05 9.98684E-05 9.98684E-05 0.185552 9.98684E-05 0.121306 9.98684E-05
9.9877E-05 0.0117348 0.0394187 0.156058 0.0442302 9.9877E-05 9.9877E-05 9.9877E-05 9.9877E-05 0.214094 9.9877E-05 0.150894 9.9877E-05 9.9877E-05 9.9877E-05 9.9877E-05 9.9877E-05 9.9877E-05 9.9877E-05 0.17694 0.113021 0.0922108 9.9877E-05
0.0434661 0.0746091 0.0185015 0.218158 0.389138 9.98684E-05 0.171933 9.98684E-05 9.98684E-05 9.98684E-05 9.98684E-05 9.98684E-05 9.98684E-05 9.98684E-05 9.98684E-05 9.98684E-05 0.0185327 9.98684E-05 9.98684E-05 9.98684E-05 0.0641628 9.98684E-05 9.98684E-05
9.98772E-05 0.147364 9.98772E-05 0.23432 9.98772E-05 9.98772E-05 9.98772E-05 9.98772E-05 9.98772E-05 0.0944793 0.166478 9.98772E-05 9.98772E-05 9.98772E-05 9.98772E-05 0.0261416 9.98772E-05 9.98772E-05 0.075874 0.104086 9.98772E-05 0.0193171 0.130542
9.98683E-05 0.157714 9.98683E-05 9.98683E-05 0.383792 9.98683E-05 9.98683E-05 0.044565 9.98683E-05 9.98683E-05 9.98683E-05 0.0130587 0.0763263 9.98683E-05 9.98683E-05 9.98683E-05 9.98683E-05 9.98683E-05 0.0279097 9.98683E-05 9.98683E-05 0.102272 0.192864
9.98157E-05 9.98157E-05 9.98157E-05 9.98157E-05 0.938651 9.98157E-05 9.98157E-05 9.98157E-05 9.98157E-05 9.98157E-05 9.98157E-05 9.98157E-05 9.98157E-05 9.98157E-05 9.98157E-05 9.98157E-05 9.98157E-05 9.98157E-05 0.0592533 9.98157E-05 9.98157E-05 9.98157E-05 9.98157E-05
9.98771E-05 0.0565406 0.131943 9.98771E-05 0.276357 0.0122752 9.98771E-05 0.286586 9.98771E-05 0.0123475 9.98771E-05 0.136944 9.98771E-05 9.98771E-05 9.98771E-05 9.98771E-05 0.0772343 9.98771E-05 9.98771E-05 9.98771E-05 9.98771E-05 9.98771E-05 0.00837434
9.98333E-05 9.98333E-05 9.98333E-05 9.98333E-05 0.336557 0.218508 9.98333E-05 9.98333E-05 9.98333E-05 9.98333E-05 9.98333E-05 9.98333E-05 9.98333E-05 9.98333E-05 9.98333E-05 9.98333E-05 9.98333E-05 9.98333E-05 9.98333E-05 9.98333E-05 9.98333E-05 0.164518 0.278519
9.98335E-05 9.98335E-05 9.98335E-05 9.98335E-05 9.98335E-05 9.98335E-05 9.98335E-05 0.598875 9.98335E-05 0.132483 9.98335E-05 0.113568 9.98335E-05 9.98335E-05 9.98335E-05 9.98335E-05 9.98335E-05 9.98335E-05 9.98335E-05 0.153177 9.98335E-05 9.98335E-05 9.98335E-05
9.9842E-05 0.208997 9.9842E-05 0.147738 0.261597 9.9842E-05 9.9842E-05 9.9842E-05 9.9842E-05 9.9842E-05 9.9842E-05 9.9842E-05 9.9842E-05 9.9842E-05 9.9842E-05 0.0737802 9.9842E-05 9.9842E-05 9.9842E-05 9.9842E-05 9.9842E-05 9.9842E-05 0.306091
9.98771E-05 0.246172 9.98771E-05 9.98771E-05 0.251676 9.98771E-05 9.98771E-05 0.051758 9.98771E-05 9.98771E-05 9.98771E-05 9.98771E-05 0.128531 9.98771E-05 0.17937 9.98771E-05 0.0064971 9.98771E-05 0.0501276 9.98771E-05 9.98771E-05 0.0210206 0.0634502
9.98335E-05 0.14645 0.00214521 9.98335E-05 0.779626 9.98335E-05 9.98335E-05 9.98335E-05 9.98335E-05 9.98335E-05 9.98335E-05 9.98335E-05 9.98335E-05 9.98335E-05 0.0698824 9.98335E-05 9.98335E-05 9.98335E-05 9.98335E-05 9.98335E-05 9.98335E-05 9.98335E-05 9.98335E-05
9.98508E-05 0.0416712 0.0529731 9.98508E-05 0.0886323 9.98508E-05 9.98508E-05 9.98508E-05 9.98508E-05 9.98508E-05 0.157294 9.98508E-05 9.98508E-05 9.98508E-05 0.314359 9.98508E-05 9.98508E-05 9.98508E-05 9.98508E-05 9.98508E-05 9.98508E-05 9.98508E-05 0.343373
9.98597E-05 0.0300469 9.98597E-05 0.0174877 0.583051 9.98597E-05 9.98597E-05 0.272069 9.98597E-05 0.0228279 9.98597E-05 0.0601393 9.98597E-05 9.98597E-05 9.98597E-05 9.98597E-05 9.98597E-05 9.98597E-05 9.98597E-05 9.98597E-05 9.98597E-05 9.98597E-05 0.0127801
9.98509E-05 0.151227 9.98509E-05 9.98509E-05 9.98509E-05 9.98509E-05 9.98509E-05 0.746401 9.98509E-05 9.98509E-05 9.98509E-05 9.98509E-05 9.98509E-05 9.98509E-05 0.00690991 0.00481359 9.98509E-05 9.98509E-05 9.98509E-05 0.00819725 9.98509E-05 9.98509E-05 0.0807539
9.98422E-05 0.0125294 9.98422E-05 9.98422E-05 0.106399 9.98422E-05 0.0186354 0.827753 9.98422E-05 9.98422E-05 9.98422E-05 9.98422E-05 9.98422E-05 9.98422E-05 9.98422E-05 9.98422E-05 9.98422E-05 9.98422E-05 9.98422E-05 9.98422E-05 9.98422E-05 0.0328859 9.98422E-05
9.98509E-05 9.98509E-05 9.98509E-05 9.98509E-05 0.794662 9.98509E-05 9.98509E-05 9.98509E-05 9.98509E-05 0.0208277 9.98509E-05 9.98509E-05 0.0232435 9.98509E-05 9.98509E-05 9.98509E-05 0.109835 9.98509E-05 0.030266 0.0194679 9.98509E-05 9.98509E-05 9.98509E-05
9.98685E-05 0.0640791 9.98685E-05 9.98685E-05 0.499181 9.98685E-05 0.060745 9.98685E-05 9.98685E-05 0.251233 9.98685E-05 0.0339571 9.98685E-05 9.98685E-05 9.98685E-05 9.98685E-05 0.0697788 0.00535546 9.98685E-05 9.98685E-05 9.98685E-05 0.0141722 9.98685E-05
9.98595E-05 0.107752 0.0113988 0.529336 0.0974992 9.98595E-05 9.98595E-05 9.98595E-05 9.98595E-05 9.98595E-05 9.98595E-05 9.98595E-05 9.98595E-05 9.98595E-05 0.00319448 9.98595E-05 0.0836597 9.98595E-05 9.98595E-05 9.98595E-05 9.98595E-05 9.98595E-05 0.165562
9.98421E-05 0.0588052 9.98421E-05 9.98421E-05 9.98421E-05 9.98421E-05 9.98421E-05 0.705245 9.98421E-05 9.98421E-05 9.98421E-05 9.98421E-05 9.98421E-05 9.98421E-05 0.0837101 9.98421E-05 9.98421E-05 9.98421E-05 9.98421E-05 9.98421E-05 0.0701096 9.98421E-05 0.0803329
0.0156039 9.98247E-05 9.98247E-05 9.98247E-05 9.98247E-05 9.98247E-05 9.98247E-05 0.97235 9.98247E-05 9.98247E-05 9.98247E-05 9.98247E-05 9.98247E-05 9.98247E-05 9.98247E-05 9.98247E-05 9.98247E-05 9.98247E-05 9.98247E-05 9.98247E-05 9.98247E-05 0.0100494 9.98247E-05
0.0104643 9.98509E-05 9.98509E-05 9.98509E-05 0.863139 9.98509E-05 9.98509E-05 9.98509E-05 9.98509E-05 9.98509E-05 9.98509E-05 0.0120818 9.98509E-05 9.98509E-05 9.98509E-05 0.0373355 9.98509E-05 9.98509E-05 9.98509E-05 9.98509E-05 9.98509E-05 0.0368424 0.0384397
0.0156868 9.98336E-05 9.98336E-05 9.98336E-05 0.943861 9.98336E-05 9.98336E-05 9.98336E-05 9.98336E-05 9.98336E-05 9.98336E-05 9.98336E-05 9.98336E-05 9.98336E-05 9.98336E-05 9.98336E-05 0.0325467 0.00600869 9.98336E-05 9.98336E-05 9.98336E-05 9.98336E-05 9.98336E-05
0.0459647 0.101793 9.98422E-05 0.471712 9.98422E-05 9.98422E-05 9.98422E-05 0.272516 9.98422E-05 9.98422E-05 9.98422E-05 9.98422E-05 9.98422E-05 9.98422E-05 9.98422E-05 9.98422E-05 9.98422E-05 9.98422E-05 9.98422E-05 9.98422E-05 9.98422E-05 0.106217 9.98422E-05
0.0794351 0.144319 9.98684E-05 9.98684E-05 9.98684E-05 0.00290781 0.0912589 0.646363 9.98684E-05 9.98684E-05 9.98684E-05 9.98684E-05 9.98684E-05 9.98684E-05 9.98684E-05 9.98684E-05 0.00983092 9.98684E-05 9.98684E-05 9.98684E-05 9.98684E-05 0.0138763 0.0105108
9.98508E-05 0.0430131 0.103194 9.98508E-05 9.98508E-05 9.98508E-05 9.98508E-05 0.629287 9.98508E-05 9.98508E-05 9.98508E-05 9.98508E-05 9.98508E-05 9.98508E-05 0.141608 9.98508E-05 9.98508E-05 0.0188271 9.98508E-05 9.98508E-05 9.98508E-05 9.98508E-05 0.0623738
9.98246E-05 0.0111411 9.98246E-05 9.98246E-05 0.976531 9.98246E-05 9.98246E-05 9.98246E-05 9.98246E-05 9.98246E-05 9.98246E-05 9.98246E-05 9.98246E-05 9.98246E-05 9.98246E-05 9.98246E-05 9.98246E-05 0.0103312 9.98246E-05 9.98246E-05 9.98246E-05 9.98246E-05 9.98246E-05
0.119615 0.0248265 9.98337E-05 9.98337E-05 9.98337E-05 9.98337E-05 9.98337E-05 0.624427 9.98337E-05 9.98337E-05 9.98337E-05 9.98337E-05 9.98337E-05 9.98337E-05 9.98337E-05 9.98337E-05 9.98337E-05 9.98337E-05 9.98337E-05 9.98337E-05 9.98337E-05 9.98337E-05 0.229234
9.98157E-05 9.98157E-05 9.98157E-05 0.901512 9.98157E-05 9.98157E-05 9.98157E-05 9.98157E-05 9.98157E-05 9.98157E-05 9.98157E-05 9.98157E-05 9.98157E-05 0.0963917 9.98157E-05 9.98157E-05 9.98157E-05 9.98157E-05 9.98157E-05 9.98157E-05 9.98157E-05 9.98157E-05 9.98157E-05
9.98684E-05 0.13978 9.98684E-05 9.98684E-05 9.98684E-05 9.98684E-05 9.98684E-05 0.512635 0.0433458 0.0785491 9.98684E-05 9.98684E-05 9.98684E-05 9.98684E-05 9.98684E-05 0.0409687 0.0182927 9.98684E-05 9.98684E-05 9.98684E-05 9.98684E-05 0.0492887 0.115642
9.98421E-05 0.168721 9.98421E-05 0.184017 9.98421E-05 9.98421E-05 9.98421E-05 0.128003 9.98421E-05 9.98421E-05 9.98421E-05 0.151239 9.98421E-05 9.98421E-05 9.98421E-05 9.98421E-05 9.98421E-05 9.98421E-05 9.98421E-05 9.98421E-05 9.98421E-05 9.98421E-05 0.366222
9.9842E-05 9.9842E-05 9.9842E-05 9.9842E-05 0.682409 9.9842E-05 9.9842E-05 0.127814 9.9842E-05 9.9842E-05 9.9842E-05 0.101692 9.9842E-05 9.9842E-05 9.9842E-05 9.9842E-05 9.9842E-05 9.9842E-05 0.0624558 9.9842E-05 0.0238326 9.9842E-05 9.9842E-05
9.98155E-05 0.0355145 9.98155E-05 0.962389 9.98155E-05 9.98155E-05 9.98155E-05 9.98155E-05 9.98155E-05 9.98155E-05 9.98155E-05 9.98155E-05 9.98155E-05 9.98155E-05 9.98155E-05 9.98155E-05 9.98155E-05 9.98155E-05 9.98155E-05 9.98155E-05 9.98155E-05 9.98155E-05 9.98155E-05
9.9807E-05 9.9807E-05 9.9807E-05 9.9807E-05 9.9807E-05 9.9807E-05 9.9807E-05 0.997804 9.9807E-05 9.9807E-05 9.9807E-05 9.9807E-05 9.9807E-05 9.9807E-05 9.9807E-05 9.9807E-05 9.9807E-05 9.9807E-05 9.9807E-05 9.9807E-05 9.9807E-05 9.9807E-05 9.9807E-05
9.98596E-05 0.045928 9.98596E-05 9.98596E-05 0.00774075 9.98596E-05 9.98596E-05 0.69114 9.98596E-05 0.0233529 9.98596E-05 0.0444503 9.98596E-05 9.98596E-05 9.98596E-05 9.98596E-05 0.0308702 9.98596E-05 9.98596E-05 9.98596E-05 9.98596E-05 9.98596E-05 0.15492
9.98249E-05 9.98249E-05 9.98249E-05 0.891151 9.98249E-05 9.98249E-05 9.98249E-05 9.98249E-05 9.98249E-05 9.98249E-05 9.98249E-05 9.98249E-05 9.98249E-05 9.98249E-05 9.98249E-05 9.98249E-05 0.000187579 0.106665 9.98249E-05 9.98249E-05 9.98249E-05 9.98249E-05 9.98249E-05
9.98595E-05 0.152663 9.98595E-05 9.98595E-05 9.98595E-05 9.98595E-05 9.98595E-05 0.397537 9.98595E-05 0.216201 9.98595E-05 0.0327135 9.98595E-05 9.98595E-05 9.98595E-05 9.98595E-05 0.146649 9.98595E-05 9.98595E-05 9.98595E-05 9.98595E-05 0.0106812 0.0419576
9.98421E-05 9.98421E-05 9.98421E-05 0.76041 9.98421E-05 9.98421E-05 9.98421E-05 9.98421E-05 9.98421E-05 9.98421E-05 9.98421E-05 0.0122238 9.98421E-05 9.98421E-05 9.98421E-05 0.127011 9.98421E-05 9.98421E-05 0.0124095 9.98421E-05 9.98421E-05 9.98421E-05 0.0861488
9.9816E-05 9.9816E-05 9.9816E-05 9.9816E-05 0.971511 9.9816E-05 9.9816E-05 9.9816E-05 9.9816E-05 9.9816E-05 0.0263924 9.9816E-05 9.9816E-05 9.9816E-05 9.9816E-05 9.9816E-05 9.9816E-05 9.9816E-05 9.9816E-05 9.9816E-05 9.9816E-05 9.9816E-05 9.9816E-05
9.98597E-05 0.0902548 0.108854 0.524181 9.98597E-05 9.98597E-05 9.98597E-05 0.209138 9.98597E-05 9.98597E-05 0.0281315 9.98597E-05 9.98597E-05 9.98597E-05 9.98597E-05 9.98597E-05 0.0308784 9.98597E-05 9.98597E-05 9.98597E-05 9.98597E-05 0.00696456 9.98597E-05
9.98248E-05 0.0362752 9.98248E-05 9.98248E-05 9.98248E-05 9.98248E-05 9.98248E-05 0.838653 9.98248E-05 9.98248E-05 9.98248E-05 9.98248E-05 0.123075 9.98248E-05 9.98248E-05 9.98248E-05 9.98248E-05 9.98248E-05 9.98248E-05 9.98248E-05 9.98248E-05 9.98248E-05 9.98248E-05
9.9851E-05 9.9851E-05 9.9851E-05 0.00357326 9.9851E-05 0.185739 9.9851E-05 0.74599 9.9851E-05 9.9851E-05 9.9851E-05 9.9851E-05 9.9851E-05 9.9851E-05 0.0117547 9.9851E-05 0.0137437 9.9851E-05 9.9851E-05 9.9851E-05 0.0375027 9.9851E-05 9.9851E-05
9.98508E-05 0.036022 9.98508E-05 9.98508E-05 0.891809 9.98508E-05 9.98508E-05 9.98508E-05 9.98508E-05 9.98508E-05 0.035613 9.98508E-05 9.98508E-05 9.98508E-05 9.98508E-05 9.98508E-05 0.0208814 0.0129038 9.98508E-05 9.98508E-05 9.98508E-05 0.00107386 9.98508E-05
9.98247E-05 0.0778884 9.98247E-05 9.98247E-05 0.910677 9.98247E-05 9.98247E-05 9.98247E-05 9.98247E-05 9.98247E-05 9.98247E-05 9.98247E-05 9.98247E-05 9.98247E-05 9.98247E-05 9.98247E-05 0.00943828 9.98247E-05 9.98247E-05 9.98247E-05 9.98247E-05 9.98247E-05 9.98247E-05
9.98246E-05 9.98246E-05 9.98246E-05 0.192835 9.98246E-05 9.98246E-05 9.98246E-05 0.735927 9.98246E-05 9.98246E-05 9.98246E-05 9.98246E-05 9.98246E-05 9.98246E-05 9.98246E-05 9.98246E-05 9.98246E-05 9.98246E-05 9.98246E-05 9.98246E-05 9.98246E-05 0.0692419 9.98246E-05
0.0489597 0.0878061 9.98595E-05 9.98595E-05 9.98595E-05 9.98595E-05 9.98595E-05 9.98595E-05 0.149802 9.98595E-05 9.98595E-05 9.98595E-05 9.98595E-05 9.98595E-05 0.0274314 9.98595E-05 0.00219576 9.98595E-05 9.98595E-05 0.626236 9.98595E-05 0.0559709 9.98595E-05
9.98073E-05 9.98073E-05 9.98073E-05 9.98073E-05 9.98073E-05 9.98073E-05 9.98073E-05 9.98073E-05 9.98073E-05 9.98073E-05 9.98073E-05 9.98073E-05 9.98073E-05 9.98073E-05 9.98073E-05 9.98073E-05 9.98073E-05 9.98073E-05 9.98073E-05 0.997804 9.98073E-05 9.98073E-05 9.98073E-05
9.98245E-05 9.98245E-05 9.98245E-05 0.00881497 9.98245E-05 9.98245E-05 9.98245E-05 9.98245E-05 9.98245E-05 9.98245E-05 0.0496546 9.98245E-05 9.98245E-05 9.98245E-05 9.98245E-05 9.98245E-05 9.98245E-05 9.98245E-05 9.98245E-05 0.939534 9.98245E-05 9.98245E-05 9.98245E-05
0.248326 0.0106335 9.98684E-05 9.98684E-05 9.98684E-05 9.98684E-05 9.98684E-05 9.98684E-05 9.98684E-05 9.98684E-05 0.0575534 9.98684E-05 9.98684E-05 9.98684E-05 0.184189 9.98684E-05 0.00279244 0.0200671 9.98684E-05 0.364858 9.98684E-05 0.110083 9.98684E-05
9.98594E-05 0.047073 9.98594E-05 9.98594E-05 9.98594E-05 9.98594E-05 9.98594E-05 9.98594E-05 9.98594E-05 9.98594E-05 0.0579288 0.0565326 9.98594E-05 9.98594E-05 9.98594E-05 9.98594E-05 9.98594E-05 0.0523146 0.0674081 0.611196 9.98594E-05 0.105949 9.98594E-05
9.98681E-05 0.131483 9.98681E-05 9.98681E-05 9.98681E-05 9.98681E-05 9.98681E-05 9.98681E-05 0.0261599 0.00756475 9.98681E-05 9.98681E-05 9.98681E-05 9.98681E-05 9.98681E-05 0.0111849 0.0319187 9.98681E-05 9.98681E-05 0.646236 0.0920182 0.0519362 9.98681E-05
0.254321 0.133031 9.98419E-05 9.98419E-05 9.98419E-05 9.98419E-05 9.98419E-05 9.98419E-05 9.98419E-05 9.98419E-05 9.98419E-05 0.0437719 9.98419E-05 9.98419E-05 9.98419E-05 9.98419E-05 0.0304195 9.98419E-05 9.98419E-05 0.536659 9.98419E-05 9.98419E-05 9.98419E-05
0.0849088 0.0319924 9.98594E-05 9.98594E-05 9.98594E-05 9.98594E-05 9.98594E-05 9.98594E-05 9.98594E-05 0.20933 0.172872 9.98594E-05 9.98594E-05 9.98594E-05 9.98594E-05 9.98594E-05 9.98594E-05 0.0222326 9.98594E-05 0.393418 9.98594E-05 0.0836489 9.98594E-05
0.023557 9.98159E-05 9.98159E-05 9.98159E-05 9.98159E-05 9.98159E-05 9.98159E-05 9.98159E-05 9.98159E-05 9.98159E-05 9.98159E-05 9.98159E-05 9.98159E-05 9.98159E-05 9.98159E-05 9.98159E-05 9.98159E-05 9.98159E-05 9.98159E-05 0.974347 9.98159E-05 9.98159E-05 9.98159E-05
9.98157E-05 9.98157E-05 9.98157E-05 9.98157E-05 9.98157E-05 9.98157E-05 9.98157E-05 9.98157E-05 9.98157E-05 9.98157E-05 9.98157E-05 9.98157E-05 9.98157E-05 9.98157E-05 9.98157E-05 9.98157E-05 0.0948167 9.98157E-05 9.98157E-05 0.903087 9.98157E-05 9.98157E-05 9.98157E-05
9.9833E-05 0.277183 9.9833E-05 9.9833E-05 9.9833E-05 9.9833E-05 9.9833E-05 9.9833E-05 9.9833E-05 9.9833E-05 9.9833E-05 9.9833E-05 9.9833E-05 9.9833E-05 9.9833E-05 9.9833E-05 0.156229 9.9833E-05 9.9833E-05 0.511922 9.9833E-05 0.0527692 9.9833E-05
0.0622138 0.0299188 9.98858E-05 9.98858E-05 9.98858E-05 9.98858E-05 9.98858E-05 9.98858E-05 9.98858E-05 9.98858E-05 9.98858E-05 0.0976169 0.0320474 9.98858E-05 9.98858E-05 9.98858E-05 0.00972468 0.0249619 9.98858E-05 0.448031 0.0616882 0.0124627 0.220036
9.98856E-05 9.98856E-05 0.0835142 9.98856E-05 9.98856E-05 0.00432886 9.98856E-05 9.98856E-05 9.98856E-05 0.24921 9.98856E-05 0.0508826 9.98856E-05 9.98856E-05 9.98856E-05 9.98856E-05 0.067725 0.00646416 0.00650443 0.367081 0.0960013 0.0669898 9.98856E-05
9.98331E-05 0.183617 9.98331E-05 9.98331E-05 9.98331E-05 9.98331E-05 9.98331E-05 9.98331E-05 9.98331E-05 0.0710797 9.98331E-05 9.98331E-05 9.98331E-05 9.98331E-05 9.98331E-05 9.98331E-05 9.98331E-05 9.98331E-05 9.98331E-05 0.526814 9.98331E-05 9.98331E-05 0.216593
9.98161E-05 9.98161E-05 9.98161E-05 9.98161E-05 9.98161E-05 9.98161E-05 9.98161E-05 9.98161E-05 9.98161E-05 9.98161E-05 9.98161E-05 9.98161E-05 9.98161E-05 9.98161E-05 0.119882 9.98161E-05 9.98161E-05 9.98161E-05 9.98161E-05 0.878022 9.98161E-05 9.98161E-05 9.98161E-05
9.98334E-05 9.98334E-05 9.98334E-05 9.98334E-05 9.98334E-05 9.98334E-05 9.98334E-05 9.98334E-05 9.98334E-05 9.98334E-05 9.98334E-05 0.0200594 9.98334E-05 9.98334E-05 9.98334E-05 9.98334E-05 0.0411676 9.98334E-05 9.98334E-05 0.904342 9.98334E-05 0.0325342 9.98334E-05
9.9833E-05 0.0146348 9.9833E-05 9.9833E-05 9.9833E-05 9.9833E-05 9.9833E-05 9.9833E-05 0.171154 0.194033 9.9833E-05 9.9833E-05 9.9833E-05 9.9833E-05 9.9833E-05 9.9833E-05 9.9833E-05 9.9833E-05 9.9833E-05 0.618281 9.9833E-05 9.9833E-05 9.9833E-05
9.98506E-05 9.98506E-05 9.98506E-05 9.98506E-05 9.98506E-05 9.98506E-05 9.98506E-05 9.98506E-05 9.98506E-05 9.98506E-05 9.98506E-05 0.0812898 9.98506E-05 9.98506E-05 9.98506E-05 9.98506E-05 0.125233 9.98506E-05 9.98506E-05 0.696301 0.0147936 0.0480044 0.0326808
9.98419E-05 9.98419E-05 9.98419E-05 9.98419E-05 9.98419E-05 9.98419E-05 9.98419E-05 9.98419E-05 9.98419E-05 9.98419E-05 0.112883 9.98419E-05 0.0339422 9.98419E-05 9.98419E-05 9.98419E-05 0.0745963 9.98419E-05 9.98419E-05 0.762664 9.98419E-05 0.0141167 9.98419E-05
9.98505E-05 0.201586 0.0686298 9.98505E-05 9.98505E-05 9.98505E-05 9.98505E-05 9.98505E-05 9.98505E-05 9.98505E-05 9.98505E-05 9.98505E-05 9.98505E-05 9.98505E-05 0.0163565 9.98505E-05 9.98505E-05 9.98505E-05 0.0600391 0.618606 0.0330842 9.98505E-05 9.98505E-05
9.98162E-05 0.0269686 9.98162E-05 9.98162E-05 9.98162E-05 9.98162E-05 9.98162E-05 9.98162E-05 9.98162E-05 9.98162E-05 9.98162E-05 9.98162E-05 9.98162E-05 9.98162E-05 9.98162E-05 9.98162E-05 9.98162E-05 9.98162E-05 9.98162E-05 0.970935 9.98162E-05 9.98162E-05 9.98162E-05
9.9833E-05 0.0541997 9.9833E-05 9.9833E-05 9.9833E-05 9.9833E-05 9.9833E-05 9.9833E-05 9.9833E-05 0.0205926 9.9833E-05 9.9833E-05 9.9833E-05 9.9833E-05 9.9833E-05 9.9833E-05 9.9833E-05 9.9833E-05 9.9833E-05 0.616098 9.9833E-05 9.9833E-05 0.307213
0.0286532 9.98684E-05 9.98684E-05 9.98684E-05 9.98684E-05 9.98684E-05 9.98684E-05 9.98684E-05 9.98684E-05 0.233758 9.98684E-05 9.98684E-05 0.021368 0.0401878 0.0398502 9.98684E-05 0.0397399 9.98684E-05 9.98684E-05 0.483754 9.98684E-05 9.98684E-05 0.111191
9.98596E-05 9.98596E-05 9.98596E-05 9.98596E-05 9.98596E-05 9.98596E-05 9.98596E-05 9.98596E-05 0.0391446 0.227803 0.0783148 0.130203 9.98596E-05 9.98596E-05 9.98596E-05 0.0286365 9.98596E-05 0.000846925 9.98596E-05 0.493454 9.98596E-05 9.98596E-05 9.98596E-05
9.98331E-05 0.0786908 9.98331E-05 9.98331E-05 9.98331E-05 9.98331E-05 9.98331E-05 9.98331E-05 9.98331E-05 9.98331E-05 9.98331E-05 9.98331E-05 9.98331E-05 9.98331E-05 9.98331E-05 9.98331E-05 0.209466 9.98331E-05 9.98331E-05 0.685486 9.98331E-05 0.0244601 9.98331E-05
9.98248E-05 9.98248E-05 9.98248E-05 9.98248E-05 9.98248E-05 9.98248E-05 9.98248E-05 9.98248E-05 9.98248E-05 9.98248E-05 9.98248E-05 9.98248E-05 9.98248E-05 9.98248E-05 9.98248E-05 9.98248E-05 9.98248E-05 9.98248E-05 0.00448534 0.958777 9.98248E-05 0.0347411 9.98248E-05
9.9816E-05 9.9816E-05 9.9816E-05 9.9816E-05 9.9816E-05 9.9816E-05 9.9816E-05 9.9816E-05 9.9816E-05 9.9816E-05 9.9816E-05 9.9816E-05 9.9816E-05 9.9816E-05 9.9816E-05 9.9816E-05 9.9816E-05 9.9816E-05 9.9816E-05 0.980311 0.0175933 9.9816E-05 9.9816E-05
9.98071E-05 9.98071E-05 9.98071E-05 9.98071E-05 9.98071E-05 9.98071E-05 9.98071E-05 9.98071E-05 9.98071E-05 9.98071E-05 9.98071E-05 9.98071E-05 9.98071E-05 9.98071E-05 9.98071E-05 9.98071E-05 9.98071E-05 9.98071E-05 9.98071E-05 0.997804 9.98071E-05 9.98071E-05 9.98071E-05
9.98247E-05 9.98247E-05 9.98247E-05 9.98247E-05 9.98247E-05 9.98247E-05 9.98247E-05 9.98247E-05 9.98247E-05 9.98247E-05 0.102449 9.98247E-05 9.98247E-05 9.98247E-05 9.98247E-05 9.98247E-05 9.98247E-05 9.98247E-05 9.98247E-05 0.847053 9.98247E-05 0.0485013 9.98247E-05
9.98508E-05 0.062632 0.0182525 9.98508E-05 9.98508E-05 0.0130893 9.98508E-05 9.98508E-05 9.98508E-05 9.98508E-05 9.98508E-05 9.98508E-05 9.98508E-05 0.295525 9.98508E-05 9.98508E-05 9.98508E-05 9.98508E-05 9.98508E-05 0.607347 9.98508E-05 0.00145717 9.98508E-05
9.98333E-05 0.083232 9.98333E-05 9.98333E-05 9.98333E-05 9.98333E-05 9.98333E-05 9.98333E-05 9.98333E-05 0.00925799 9.98333E-05 9.98333E-05 9.98333E-05 9.98333E-05 0.825684 9.98333E-05 9.98333E-05 9.98333E-05 9.98333E-05 9.98333E-05 9.98333E-05 0.0799295 9.98333E-05
9.98245E-05 9.98245E-05 9.98245E-05 9.98245E-05 9.98245E-05 9.98245E-05 9.98245E-05 9.98245E-05 9.98245E-05 9.98245E-05 9.98245E-05 9.98245E-05 9.98245E-05 0.585596 0.373917 9.98245E-05 9.98245E-05 9.98245E-05 9.98245E-05 9.98245E-05 9.98245E-05 0.0384909 9.98245E-05
9.98683E-05 0.0438017 9.98683E-05 9.98683E-05 9.98683E-05 0.016738 9.98683E-05 9.98683E-05 9.98683E-05 0.0415106 0.00636225 9.98683E-05 0.0111695 9.98683E-05 0.842751 9.98683E-05 0.000121385 9.98683E-05 9.98683E-05 9.98683E-05 9.98683E-05 9.98683E-05 0.0360477
9.9833E-05 0.101765 9.9833E-05 9.9833E-05 9.9833E-05 9.9833E-05 9.9833E-05 9.9833E-05 9.9833E-05 9.9833E-05 0.0555353 9.9833E-05 9.9833E-05 9.9833E-05 0.824447 9.9833E-05 0.0163552 9.9833E-05 9.9833E-05 9.9833E-05 9.9833E-05 9.9833E-05 9.9833E-05
9.98331E-05 9.98331E-05 9.98331E-05 9.98331E-05 9.98331E-05 9.98331E-05 9.98331E-05 9.98331E-05 9.98331E-05 9.98331E-05 9.98331E-05 9.98331E-05 9.98331E-05 9.98331E-05 0.885128 0.0179466 9.98331E-05 9.98331E-05 9.98331E-05 9.98331E-05 0.0128519 0.0821769 9.98331E-05
9.9842E-05 0.148022 9.9842E-05 9.9842E-05 9.9842E-05 9.9842E-05 9.9842E-05 9.9842E-05 9.9842E-05 0.638101 9.9842E-05 9.9842E-05 9.9842E-05 0.0607553 0.0187948 9.9842E-05 9.9842E-05 9.9842E-05 9.9842E-05 9.9842E-05 9.9842E-05 0.132529 9.9842E-05
9.98421E-05 9.98421E-05 9.98421E-05 9.98421E-05 9.98421E-05 9.98421E-05 9.98421E-05 9.98421E-05 9.98421E-05 9.98421E-05 0.0810095 9.98421E-05 9.98421E-05 0.0673063 0.743086 9.98421E-05 9.98421E-05 9.98421E-05 9.98421E-05 9.98421E-05 9.98421E-05 0.0270844 0.0797162
9.98157E-05 9.98157E-05 9.98157E-05 9.98157E-05 9.98157E-05 9.98157E-05 9.98157E-05 9.98157E-05 9.98157E-05 9.98157E-05 9.98157E-05 9.98157E-05 9.98157E-05 9.98157E-05 0.834318 9.98157E-05 9.98157E-05 9.98157E-05 9.98157E-05 9.98157E-05 9.98157E-05 0.163586 9.98157E-05
0.155747 9.98245E-05 9.98245E-05 9.98245E-05 9.98245E-05 9.98245E-05 9.98245E-05 9.98245E-05 9.98245E-05 9.98245E-05 9.98245E-05 9.98245E-05 9.98245E-05 9.98245E-05 0.510735 9.98245E-05 9.98245E-05 9.98245E-05 9.98245E-05 9.98245E-05 9.98245E-05 0.331522 9.98245E-05
9.9842E-05 0.224153 9.9842E-05 9.9842E-05 9.9842E-05 9.9842E-05 9.9842E-05 9.9842E-05 9.9842E-05 9.9842E-05 9.9842E-05 9.9842E-05 0.0485065 9.9842E-05 0.543701 9.9842E-05 9.9842E-05 9.9842E-05 9.9842E-05 9.9842E-05 0.00423803 0.177604 9.9842E-05
0.119439 9.98333E-05 9.98333E-05 9.98333E-05 9.98333E-05 9.98333E-05 0.432552 9.98333E-05 9.98333E-05 9.98333E-05 9.98333E-05 9.98333E-05 9.98333E-05 9.98333E-05 0.404082 9.98333E-05 9.98333E-05 9.98333E-05 9.98333E-05 9.98333E-05 9.98333E-05 0.0420307 9.98333E-05
0.0570654 0.0632015 9.98507E-05 9.98507E-05 9.98507E-05 9.98507E-05 0.163074 9.98507E-05 9.98507E-05 0.429039 9.98507E-05 9.98507E-05 9.98507E-05 9.98507E-05 0.266835 9.98507E-05 0.019087 9.98507E-05 9.98507E-05 9.98507E-05 9.98507E-05 9.98507E-05 9.98507E-05
9.98248E-05 9.98248E-05 9.98248E-05 9.98248E-05 9.98248E-05 9.98248E-05 9.98248E-05 9.98248E-05 9.98248E-05 9.98248E-05 9.98248E-05 9.98248E-05 9.98248E-05 0.123295 0.834386 9.98248E-05 9.98248E-05 9.98248E-05 9.98248E-05 9.98248E-05 9.98248E-05 0.0403222 9.98248E-05
9.9851E-05 0.233307 9.9851E-05 9.9851E-05 9.9851E-05 9.9851E-05 0.033496 9.9851E-05 9.9851E-05 0.421719 9.9851E-05 9.9851E-05 9.9851E-05 0.0685725 0.146246 9.9851E-05 9.9851E-05 9.9851E-05 9.9851E-05 9.9851E-05 9.9851E-05 0.0949611 9.9851E-05
9.98685E-05 9.98685E-05 0.0661042 9.98685E-05 9.98685E-05 9.98685E-05 9.98685E-05 9.98685E-05 9.98685E-05 9.98685E-05 0.147725 9.98685E-05 0.0241644 0.145541 0.518303 9.98685E-05 9.98685E-05 9.98685E-05 0.0211059 9.98685E-05 0.0334841 0.0420742 9.98685E-05
0.0923307 0.0292388 9.98422E-05 9.98422E-05 9.98422E-05 9.98422E-05 9.98422E-05 9.98422E-05 0.0930363 9.98422E-05 9.98422E-05 9.98422E-05 9.98422E-05 9.98422E-05 0.762928 9.98422E-05 0.0206691 9.98422E-05 9.98422E-05 9.98422E-05 9.98422E-05 9.98422E-05 9.98422E-05
0.205733 0.0953522 9.98596E-05 9.98596E-05 9.98596E-05 9.98596E-05 0.0544688 9.98596E-05 9.98596E-05 0.0611481 9.98596E-05 9.98596E-05 9.98596E-05 9.98596E-05 0.550473 9.98596E-05 9.98596E-05 9.98596E-05 0.0249207 9.98596E-05 9.98596E-05 0.00630592 9.98596E-05
9.98774E-05 9.98774E-05 9.98774E-05 0.0267381 9.98774E-05 9.98774E-05 0.0116422 9.98774E-05 0.00899264 0.410353 9.98774E-05 9.98774E-05 9.98774E-05 9.98774E-05 0.314915 9.98774E-05 0.00509239 0.0508447 9.98774E-05 9.98774E-05 9.98774E-05 0.111965 0.0580588
9.98071E-05 9.98071E-05 9.98071E-05 9.98071E-05 9.98071E-05 9.98071E-05 9.98071E-05 9.98071E-05 9.98071E-05 9.98071E-05 9.98071E-05 9.98071E-05 9.98071E-05 9.98071E-05 0.997804 9.98071E-05 9.98071E-05 9.98071E-05 9.98071E-05 9.98071E-05 9.98071E-05 9.98071E-05 9.98071E-05
9.98509E-05 0.0266602 9.98509E-05 9.98509E-05 9.98509E-05 9.98509E-05 0.144297 9.98509E-05 9.98509E-05 9.98509E-05 9.98509E-05 9.98509E-05 9.98509E-05 9.98509E-05 0.572865 9.98509E-05 9.98509E-05 9.98509E-05 0.0940064 0.0637657 9.98509E-05 0.0967079 9.98509E-05
0.107804 0.0603037 9.98508E-05 9.98508E-05 9.98508E-05 0.00869588 9.98508E-05 9.98508E-05 9.98508E-05 9.98508E-05 9.98508E-05 9.98508E-05 9.98508E-05 0.0962884 0.697383 9.98508E-05 9.98508E-05 9.98508E-05 9.98508E-05 9.98508E-05 9.98508E-05 0.0278271 9.98508E-05
9.98246E-05 9.98246E-05 9.98246E-05 9.98246E-05 9.98246E-05 9.98246E-05 9.98246E-05 9.98246E-05 9.98246E-05 9.98246E-05 9.98246E-05 9.98246E-05 9.98246E-05 9.98246E-05 0.911135 9.98246E-05 0.0758476 9.98246E-05 9.98246E-05 9.98246E-05 9.98246E-05 0.0110211 9.98246E-05
9.98331E-05 0.153535 9.98331E-05 9.98331E-05 9.98331E-05 9.98331E-05 9.98331E-05 9.98331E-05 9.98331E-05 0.746877 9.98331E-05 9.98331E-05 9.98331E-05 9.98331E-05 9.98331E-05 0.00443961 9.98331E-05 9.98331E-05 9.98331E-05 9.98331E-05 9.98331E-05 0.0932514 9.98331E-05
9.98421E-05 0.000355469 9.98421E-05 9.98421E-05 9.98421E-05 9.98421E-05 9.98421E-05 9.98421E-05 9.98421E-05 9.98421E-05 9.98421E-05 9.98421E-05 0.0285841 0.154868 0.73156 9.98421E-05 9.98421E-05 9.98421E-05 9.98421E-05 9.98421E-05 9.98421E-05 0.0828349 9.98421E-05
9.98332E-05 0.207052 9.98332E-05 9.98332E-05 9.98332E-05 9.98332E-05 9.98332E-05 9.98332E-05 9.98332E-05 0.617447 9.98332E-05 9.98332E-05 9.98332E-05 9.98332E-05 9.98332E-05 9.98332E-05 9.98332E-05 9.98332E-05 0.0276024 9.98332E-05 9.98332E-05 0.146002 9.98332E-05
0.0909221 0.106459 0.0106352 9.98772E-05 9.98772E-05 9.98772E-05 0.249776 9.98772E-05 9.98772E-05 9.98772E-05 9.98772E-05 9.98772E-05 0.0461676 0.0161654 0.305278 9.98772E-05 9.98772E-05 9.98772E-05 9.98772E-05 0.0290893 9.98772E-05 0.144108 9.98772E-05
9.98422E-05 0.0831144 9.98422E-05 9.98422E-05 9.98422E-05 9.98422E-05 9.98422E-05 9.98422E-05 9.98422E-05 9.98422E-05 9.98422E-05 9.98422E-05 9.98422E-05 0.731259 0.057443 0.124126 9.98422E-05 0.00226056 9.98422E-05 9.98422E-05 9.98422E-05 9.98422E-05 9.98422E-05
9.98506E-05 0.00779583 9.98506E-05 9.98506E-05 9.98506E-05 0.0320045 9.98506E-05 9.98506E-05 9.98506E-05 0.041798 9.98506E-05 0.0884498 9.98506E-05 9.98506E-05 0.742824 9.98506E-05 9.98506E-05 9.98506E-05 9.98506E-05 9.98506E-05 9.98506E-05 0.0854305 9.98506E-05
9.98247E-05 0.179176 9.98247E-05 9.98247E-05 9.98247E-05 9.98247E-05 9.98247E-05 9.98247E-05 9.98247E-05 9.98247E-05 9.98247E-05 9.98247E-05 9.98247E-05 9.98247E-05 0.58559 9.98247E-05 9.98247E-05 9.98247E-05 9.98247E-05 9.98247E-05 9.98247E-05 0.233237 9.98247E-05
9.98509E-05 0.0627046 9.98509E-05 9.98509E-05 9.98509E-05 9.98509E-05 9.98509E-05 9.98509E-05 9.98509E-05 0.217102 9.98509E-05 9.98509E-05 9.98509E-05 0.234586 0.36154 9.98509E-05 0.0465006 9.98509E-05 0.0758689 9.98509E-05 9.98509E-05 9.98509E-05 9.98509E-05
0.00452993 0.150566 0.0125332 9.98597E-05 9.98597E-05 9.98597E-05 0.00528206 9.98597E-05 9.98597E-05 9.98597E-05 9.98597E-05 9.98597E-05 9.98597E-05 9.98597E-05 0.779961 9.98597E-05 0.0232497 9.98597E-05 9.98597E-05 9.98597E-05 9.98597E-05 0.0222808 9.98597E-05
9.98157E-05 9.98157E-05 0.0343698 9.98157E-05 9.98157E-05 9.98157E-05 9.98157E-05 9.98157E-05 9.98157E-05 9.98157E-05 9.98157E-05 9.98157E-05 9.98157E-05 9.98157E-05 0.963534 9.98157E-05 9.98157E-05 9.98157E-05 9.98157E-05 9.98157E-05 9.98157E-05 9.98157E-05 9.98157E-05
9.98507E-05 0.126282 9.98507E-05 9.98507E-05 9.98507E-05 0.00959258 9.98507E-05 9.98507E-05 9.98507E-05 0.137892 9.98507E-05 9.98507E-05 9.98507E-05 9.98507E-05 0.268651 9.98507E-05 9.98507E-05 9.98507E-05 0.171356 9.98507E-05 9.98507E-05 0.284529 9.98507E-05
9.98333E-05 0.0430576 9.98333E-05 9.98333E-05 9.98333E-05 9.98333E-05 9.98333E-05 9.98333E-05 9.98333E-05 9.98333E-05 9.98333E-05 9.98333E-05 9.98333E-05 9.98333E-05 0.774568 9.98333E-05 9.98333E-05 9.98333E-05 9.98333E-05 9.98333E-05 9.98333E-05 0.0814916 0.0989855
9.98072E-05 9.98072E-05 9.98072E-05 9.98072E-05 9.98072E-05 9.98072E-05 9.98072E-05 9.98072E-05 9.98072E-05 9.98072E-05 9.98072E-05 9.98072E-05 9.98072E-05 9.98072E-05 0.997804 9.98072E-05 9.98072E-05 9.98072E-05 9.98072E-05 9.98072E-05 9.98072E-05 9.98072E-05 9.98072E-05
9.98684E-05 9.98684E-05 9.98684E-05 9.98684E-05 9.98684E-05 9.98684E-05 0.210471 9.98684E-05 9.98684E-05 0.00231694 9.98684E-05 9.98684E-05 9.98684E-05 9.98684E-05 0.654378 9.98684E-05 0.0335446 9.98684E-05 0.00150503 9.98684E-05 0.0656608 0.0296509 0.00097467
9.98419E-05 0.222599 9.98419E-05 9.98419E-05 9.98419E-05 9.98419E-05 9.98419E-05 9.98419E-05 9.98419E-05 9.98419E-05 0.0248351 9.98419E-05 9.98419E-05 9.98419E-05 0.709341 9.98419E-05 9.98419E-05 9.98419E-05 9.98419E-05 9.98419E-05 0.00814361 0.0332839 9.98419E-05
9.98419E-05 9.98419E-05 9.98419E-05 9.98419E-05 9.98419E-05 0.0422855 0.157961 9.98419E-05 9.98419E-05 9.98419E-05 9.98419E-05 9.98419E-05 9.98419E-05 0.599033 0.163006 9.98419E-05 9.98419E-05 9.98419E-05 9.98419E-05 9.98419E-05 9.98419E-05 0.0359181 9.98419E-05
9.98333E-05 0.0478509 9.98333E-05 9.98333E-05 9.98333E-05 9.98333E-05 9.98333E-05 9.98333E-05 9.98333E-05 0.315678 9.98333E-05 9.98333E-05 9.98333E-05 0.374773 0.259801 9.98333E-05 9.98333E-05 9.98333E-05 9.98333E-05 9.98333E-05 9.98333E-05 9.98333E-05 9.98333E-05
9.98158E-05 9.98158E-05 9.98158E-05 9.98158E-05 9.98158E-05 9.98158E-05 9.98158E-05 9.98158E-05 9.98158E-05 9.98158E-05 9.98158E-05 9.98158E-05 9.98158E-05 0.507157 0.490747 9.98158E-05 9.98158E-05 9.98158E-05 9.98158E-05 9.98158E-05 9.98158E-05 9.98158E-05 9.98158E-05
9.98247E-05 9.98247E-05 9.98247E-05 9.98247E-05 9.98247E-05 9.98247E-05 0.451684 9.98247E-05 9.98247E-05 9.98247E-05 9.98247E-05 9.98247E-05 9.98247E-05 9.98247E-05 0.508572 9.98247E-05 9.98247E-05 9.98247E-05 0.0377471 9.98247E-05 9.98247E-05 9.98247E-05 9.98247E-05
0.0697849 0.19551 9.98418E-05 9.98418E-05 9.98418E-05 9.98418E-05 9.98418E-05 9.98418E-05 9.98418E-05 0.537401 9.98418E-05 9.98418E-05 9.98418E-05 9.98418E-05 0.130695 9.98418E-05 9.98418E-05 9.98418E-05 9.98418E-05 9.98418E-05 9.98418E-05 0.0648112 9.98418E-05
9.98246E-05 9.98246E-05 9.98246E-05 9.98246E-05 9.98246E-05 9.98246E-05 9.98246E-05 9.98246E-05 9.98246E-05 9.98246E-05 9.98246E-05 9.98246E-05 0.0279438 9.98246E-05 0.857282 9.98246E-05 9.98246E-05 9.98246E-05 9.98246E-05 9.98246E-05 9.98246E-05 0.112778 9.98246E-05
9.98596E-05 0.0425225 9.98596E-05 9.98596E-05 9.98596E-05 9.98596E-05 0.48867 9.98596E-05 9.98596E-05 0.0610841 9.98596E-05 9.98596E-05 9.98596E-05 0.0990158 0.119461 9.98596E-05 9.98596E-05 9.98596E-05 0.0708332 9.98596E-05 9.98596E-05 0.116816 9.98596E-05
9.98333E-05 0.0110616 9.98333E-05 9.98333E-05 0.0230893 9.98333E-05 0.557948 9.98333E-05 9.98333E-05 9.98333E-05 9.98333E-05 9.98333E-05 9.98333E-05 9.98333E-05 0.406004 9.98333E-05 9.98333E-05 9.98333E-05 9.98333E-05 9.98333E-05 9.98333E-05 9.98333E-05 9.98333E-05
0.059435 9.98595E-05 9.98595E-05 9.98595E-05 9.98595E-05 9.98595E-05 9.98595E-05 9.98595E-05 9.98595E-05 0.320057 0.00830296 9.98595E-05 9.98595E-05 9.98595E-05 0.338719 9.98595E-05 9.98595E-05 9.98595E-05 0.0887318 9.98595E-05 9.98595E-05 0.172473 0.0106834
9.98421E-05 0.0275989 9.98421E-05 9.98421E-05 9.98421E-05 9.98421E-05 9.98421E-05 9.98421E-05 9.98421E-05 9.98421E-05 9.98421E-05 9.98421E-05 9.98421E-05 9.98421E-05 0.66217 9.98421E-05 9.98421E-05 9.98421E-05 9.98421E-05 0.196477 0.0205989 0.0913577 9.98421E-05
0.129402 0.0209497 0.0126837 9.98774E-05 9.98774E-05 9.98774E-05 0.125741 9.98774E-05 9.98774E-05 9.98774E-05 9.98774E-05 9.98774E-05 9.98774E-05 0.0199804 0.350481 0.187195 9.98774E-05 9.98774E-05 9.98774E-05 9.98774E-05 9.98774E-05 0.126155 0.0260136
9.98422E-05 0.185545 9.98422E-05 9.98422E-05 9.98422E-05 9.98422E-05 9.98422E-05 9.98422E-05 9.98422E-05 9.98422E-05 9.98422E-05 9.98422E-05 9.98422E-05 9.98422E-05 0.492767 0.0256143 9.98422E-05 9.98422E-05 9.98422E-05 9.98422E-05 9.98422E-05 0.24431 0.0499662
9.98158E-05 9.98158E-05 9.98158E-05 9.98158E-05 9.98158E-05 9.98158E-05 9.98158E-05 9.98158E-05 9.98158E-05 9.98158E-05 9.98158E-05 9.98158E-05 9.98158E-05 0.687225 0.310679 9.98158E-05 9.98158E-05 9.98158E-05 9.98158E-05 9.98158E-05 9.98158E-05 9.98158E-05 9.98158E-05
9.98332E-05 0.128649 9.98332E-05 9.98332E-05 9.98332E-05 9.98332E-05 9.98332E-05 9.98332E-05 9.98332E-05 9.98332E-05 9.98332E-05 0.117245 9.98332E-05 9.98332E-05 0.734504 9.98332E-05 0.017705 9.98332E-05 9.98332E-05 9.98332E-05 9.98332E-05 9.98332E-05 9.98332E-05
0.072363 0.050612 9.98508E-05 9.98508E-05 9.98508E-05 9.98508E-05 9.98508E-05 9.98508E-05 9.98508E-05 0.05356 9.98508E-05 9.98508E-05 9.98508E-05 0.758782 9.98508E-05 9.98508E-05 0.0345754 9.98508E-05 9.98508E-05 9.98508E-05 9.98508E-05 0.0284101 9.98508E-05
9.98509E-05 0.127092 9.98509E-05 9.98509E-05 9.98509E-05 9.98509E-05 0.010568 9.98509E-05 9.98509E-05 9.98509E-05 9.98509E-05 9.98509E-05 9.98509E-05 0.260693 0.537213 9.98509E-05 0.0182242 9.98509E-05 9.98509E-05 9.98509E-05 9.98509E-05 0.0445133 9.98509E-05
0.0187369 9.98334E-05 0.067318 9.98334E-05 9.98334E-05 9.98334E-05 9.98334E-05 9.98334E-05 9.98334E-05 0.00697056 9.98334E-05 9.98334E-05 9.98334E-05 9.98334E-05 0.905078 9.98334E-05 9.98334E-05 9.98334E-05 9.98334E-05 9.98334E-05 9.98334E-05 9.98334E-05 9.98334E-05
9.9842E-05 9.9842E-05 9.9842E-05 9.9842E-05 9.9842E-05 9.9842E-05 9.9842E-05 9.9842E-05 9.9842E-05 9.9842E-05 9.9842E-05 0.174767 9.9842E-05 9.9842E-05 0.761659 9.9842E-05 0.0151853 0.0362288 9.9842E-05 9.9842E-05 9.9842E-05 9.9842E-05 0.0103624
0.112263 0.11875 9.98419E-05 9.98419E-05 9.98419E-05 9.98419E-05 9.98419E-05 9.98419E-05 9.98419E-05 0.443513 9.98419E-05 9.98419E-05 9.98419E-05 9.98419E-05 0.139147 9.98419E-05 9.98419E-05 9.98419E-05 9.98419E-05 9.98419E-05 9.98419E-05 0.18453 9.98419E-05
9.98331E-05 0.0842506 9.98331E-05 9.98331E-05 9.98331E-05 9.98331E-05 9.98331E-05 9.98331E-05 9.98331E-05 9.98331E-05 9.98331E-05 9.98331E-05 0.0019619 9.98331E-05 0.80776 9.98331E-05 9.98331E-05 9.98331E-05 9.98331E-05 9.98331E-05 9.98331E-05 0.104131 9.98331E-05
9.98157E-05 9.98157E-05 9.98157E-05 9.98157E-05 9.98157E-05 9.98157E-05 9.98157E-05 9.98157E-05 9.98157E-05 9.98157E-05 9.98157E-05 9.98157E-05 9.98157E-05 9.98157E-05 0.980474 9.98157E-05 0.0174302 9.98157E-05 9.98157E-05 9.98157E-05 9.98157E-05 9.98157E-05 9.98157E-05
9.98334E-05 0.06331 9.98334E-05 9.98334E-05 9.98334E-05 9.98334E-05 9.98334E-05 9.98334E-05 9.98334E-05 9.98334E-05 9.98334E-05 9.98334E-05 9.98334E-05 0.0434983 0.723249 9.98334E-05 9.98334E-05 9.98334E-05 0.168046 9.98334E-05 9.98334E-05 9.98334E-05 9.98334E-05
9.98332E-05 9.98332E-05 9.98332E-05 9.98332E-05 9.98332E-05 9.98332E-05 9.98332E-05 9.98332E-05 9.98332E-05 0.0393727 9.98332E-05 9.98332E-05 9.98332E-05 0.282321 0.548772 9.98332E-05 9.98332E-05 9.98332E-05 9.98332E-05 9.98332E-05 9.98332E-05 0.127637 9.98332E-05
9.98067E-05 0.997804 9.98067E-05 9.98067E-05 9.98067E-05 9.98067E-05 9.98067E-05 9.98067E-05 9.98067E-05 9.98067E-05 9.98067E-05 9.98067E-05 9.98067E-05 9.98067E-05 9.98067E-05 9.98067E-05 9.98067E-05 9.98067E-05 9.98067E-05 9.98067E-05 9.98067E-05 9.98067E-05 9.98067E-05
9.98068E-05 9.98068E-05 9.98068E-05 9.98068E-05 9.98068E-05 9.98068E-05 9.98068E-05 9.98068E-05 9.98068E-05 9.98068E-05 9.98068E-05 9.98068E-05 9.98068E-05 9.98068E-05 9.98068E-05 9.98068E-05 9.98068E-05 9.98068E-05 9.98068E-05 9.98068E-05 9.98068E-05 0.997804 9.98068E-05
9.98066E-05 0.997804 9.98066E-05 9.98066E-05 9.98066E-05 9.98066E-05 9.98066E-05 9.98066E-05 9.98066E-05 9.98066E-05 9.98066E-05 9.98066E-05 9.98066E-05 9.98066E-05 9.98066E-05 9.98066E-05 9.98066E-05 9.98066E-05 9.98066E-05 9.98066E-05 9.98066E-05 9.98066E-05 9.98066E-05
