9.99034E-05 9.99034E-05 9.99034E-05 0.0571139 0.0315283 9.99034E-05 9.99034E-05 0.0185762 9.99034E-05 0.369133 0.290821 0.035936 9.99034E-05 9.99034E-05 0.195794 9.99034E-05 9.99034E-05 9.99034E-05
9.9886E-05 9.9886E-05 0.0324258 9.9886E-05 0.0899141 0.0382163 9.9886E-05 9.9886E-05 9.9886E-05 0.693713 0.144433 9.9886E-05 9.9886E-05 9.9886E-05 9.9886E-05 9.9886E-05 9.9886E-05 9.9886E-05
9.99034E-05 9.99034E-05 9.99034E-05 0.00020586 9.99034E-05 9.99034E-05 9.99034E-05 0.0121708 9.99034E-05 0.824183 0.0165734 9.99034E-05 0.0425468 0.0646359 0.0385854 9.99034E-05 9.99034E-05 9.99034E-05
0.0089099 9.99123E-05 0.351668 0.0307692 9.99123E-05 9.99123E-05 9.99123E-05 9.99123E-05 0.00278403 0.245245 9.99123E-05 0.0373336 9.99123E-05 0.131209 0.191083 9.99123E-05 9.99123E-05 9.99123E-05
9.9886E-05 9.9886E-05 9.9886E-05 9.9886E-05 0.0394811 0.00328578 9.9886E-05 9.9886E-05 9.9886E-05 0.773933 9.9886E-05 9.9886E-05 0.162465 0.019536 9.9886E-05 9.9886E-05 9.9886E-05 9.9886E-05
9.98948E-05 9.98948E-05 0.0157663 9.98948E-05 9.98948E-05 9.98948E-05 9.98948E-05 9.98948E-05 0.112898 0.124843 0.439351 9.98948E-05 0.163448 0.142495 9.98948E-05 9.98948E-05 9.98948E-05 9.98948E-05
9.99001E-05 9.99001E-05 0.192602 9.99001E-05 0.0901675 9.99001E-05 9.99001E-05 0.00303413 9.99001E-05 0.152006 0.204676 0.112571 9.99001E-05 9.99001E-05 0.205376 0.0385674 9.99001E-05 9.99001E-05
9.99298E-05 9.99298E-05 9.99298E-05 9.99298E-05 9.99298E-05 9.99298E-05 0.160919 9.99298E-05 0.117314 0.11013 0.203441 0.0189338 0.127329 0.0284819 0.183108 0.00553128 9.99298E-05 0.0440122
9.99035E-05 9.99035E-05 9.99035E-05 0.235646 0.0151171 9.99035E-05 9.99035E-05 0.18506 0.227846 0.258754 9.99035E-05 9.99035E-05 9.99035E-05 0.0123508 0.0641272 9.99035E-05 9.99035E-05 9.99035E-05
9.98771E-05 9.98771E-05 9.98771E-05 0.0471378 9.98771E-05 9.98771E-05 9.98771E-05 0.0493825 9.98771E-05 0.865725 9.98771E-05 9.98771E-05 9.98771E-05 9.98771E-05 9.98771E-05 9.98771E-05 9.98771E-05 0.0363564
9.98947E-05 9.98947E-05 9.98947E-05 0.141065 9.98947E-05 9.98947E-05 9.98947E-05 9.98947E-05 0.0350559 0.489888 0.0736337 0.150384 9.98947E-05 9.98947E-05 0.108774 9.98947E-05 9.98947E-05 9.98947E-05
9.98859E-05 9.98859E-05 0.0351096 9.98859E-05 9.98859E-05 9.98859E-05 0.0193189 9.98859E-05 9.98859E-05 0.896566 0.0390502 0.00865641 9.98859E-05 9.98859E-05 9.98859E-05 9.98859E-05 9.98859E-05 9.98859E-05
9.98771E-05 9.98771E-05 9.98771E-05 0.103368 9.98771E-05 0.00523742 9.98771E-05 9.98771E-05 9.98771E-05 0.77352 9.98771E-05 9.98771E-05 9.98771E-05 9.98771E-05 0.116476 9.98771E-05 9.98771E-05 9.98771E-05
9.99123E-05 0.0582651 9.99123E-05 0.0687947 0.00670847 9.99123E-05 0.00409538 9.99123E-05 9.99123E-05 0.60371 9.99123E-05 0.0755858 9.99123E-05 0.143895 9.99123E-05 9.99123E-05 0.0379468 9.99123E-05
9.98947E-05 0.0772188 9.98947E-05 0.123924 9.98947E-05 9.98947E-05 9.98947E-05 9.98947E-05 0.136046 0.307676 0.245492 9.98947E-05 9.98947E-05 0.108444 9.98947E-05 9.98947E-05 9.98947E-05 9.98947E-05
9.99034E-05 9.99034E-05 0.168669 0.104275 9.99034E-05 9.99034E-05 0.0582195 9.99034E-05 0.122172 0.20804 0.215783 9.99034E-05 9.99034E-05 9.99034E-05 0.121742 9.99034E-05 9.99034E-05 9.99034E-05
9.99122E-05 9.99122E-05 0.00986036 0.120392 0.0151098 9.99122E-05 0.0338089 9.99122E-05 9.99122E-05 0.544201 9.99122E-05 0.0552936 9.99122E-05 9.99122E-05 0.0600084 9.99122E-05 0.160326 9.99122E-05
0.0979678 9.99035E-05 9.99035E-05 0.10203 9.99035E-05 9.99035E-05 9.99035E-05 9.99035E-05 0.0652091 0.0968939 0.362765 9.99035E-05 9.99035E-05 9.99035E-05 0.155373 9.99035E-05 9.99035E-05 0.118663
9.99122E-05 9.99122E-05 0.0489431 0.165136 9.99122E-05 9.99122E-05 9.99122E-05 9.99122E-05 0.0984295 0.287541 0.0646672 0.0162588 9.99122E-05 9.99122E-05 0.27528 9.99122E-05 9.99122E-05 0.0427456
0.00452623 9.98596E-05 9.98596E-05 9.98596E-05 9.98596E-05 9.98596E-05 9.98596E-05 9.98596E-05 9.98596E-05 0.993876 9.98596E-05 9.98596E-05 9.98596E-05 9.98596E-05 9.98596E-05 9.98596E-05 9.98596E-05 9.98596E-05
9.9921E-05 9.9921E-05 0.145311 0.0476816 9.9921E-05 9.9921E-05 0.122483 9.9921E-05 0.0204849 0.46947 9.9921E-05 0.0803668 0.0400503 0.0501006 9.9921E-05 9.9921E-05 9.9921E-05 0.0231523
9.9921E-05 9.9921E-05 0.0575086 9.9921E-05 0.0184329 0.054631 9.9921E-05 9.9921E-05 0.16444 0.161668 9.9921E-05 9.9921E-05 0.111065 0.00297403 0.424576 0.00380502 9.9921E-05 9.9921E-05
9.9886E-05 9.9886E-05 9.9886E-05 0.113555 9.9886E-05 9.9886E-05 9.9886E-05 9.9886E-05 9.9886E-05 0.563504 0.303784 0.00153236 9.9886E-05 0.0163257 9.9886E-05 9.9886E-05 9.9886E-05 9.9886E-05
9.98859E-05 9.98859E-05 9.98859E-05 0.238292 9.98859E-05 9.98859E-05 9.98859E-05 0.0410897 9.98859E-05 0.277344 0.14641 9.98859E-05 9.98859E-05 9.98859E-05 0.295566 9.98859E-05 9.98859E-05 9.98859E-05
0.0264324 0.223325 9.99034E-05 0.232029 9.99034E-05 9.99034E-05 9.99034E-05 9.99034E-05 0.0601712 0.266461 9.99034E-05 9.99034E-05 9.99034E-05 0.148901 0.041582 9.99034E-05 9.99034E-05 9.99034E-05
9.99035E-05 9.99035E-05 0.0681535 0.103507 9.99035E-05 9.99035E-05 0.0176202 9.99035E-05 9.99035E-05 0.674992 9.99035E-05 9.99035E-05 9.99035E-05 0.0593298 0.0704 9.99035E-05 9.99035E-05 0.00489874
9.98947E-05 9.98947E-05 9.98947E-05 0.068321 9.98947E-05 0.309108 0.0983861 9.98947E-05 9.98947E-05 9.98947E-05 9.98947E-05 9.98947E-05 9.98947E-05 0.14525 0.244357 9.98947E-05 9.98947E-05 0.13338
9.98948E-05 9.98948E-05 0.0986714 0.041695 0.0288454 9.98948E-05 9.98948E-05 9.98948E-05 9.98948E-05 0.708405 9.98948E-05 9.98948E-05 9.98948E-05 0.0131931 0.107992 9.98948E-05 9.98948E-05 9.98948E-05
9.99035E-05 9.99035E-05 9.99035E-05 0.15254 9.99035E-05 0.111745 9.99035E-05 9.99035E-05 9.99035E-05 0.561746 0.0457639 0.00920787 9.99035E-05 0.0634616 0.0544368 9.99035E-05 9.99035E-05 9.99035E-05
9.9886E-05 0.0269411 9.9886E-05 0.0896649 9.9886E-05 9.9886E-05 9.9886E-05 9.9886E-05 0.0380766 0.779781 9.9886E-05 9.9886E-05 9.9886E-05 0.0642375 9.9886E-05 9.9886E-05 9.9886E-05 9.9886E-05
0.0478943 9.99035E-05 0.0466087 9.99035E-05 9.99035E-05 9.99035E-05 9.99035E-05 9.99035E-05 0.0591937 0.578541 0.130001 0.131792 9.99035E-05 9.99035E-05 9.99035E-05 9.99035E-05 9.99035E-05 0.00487049
9.99123E-05 9.99123E-05 0.0726407 0.0875949 9.99123E-05 0.0733957 9.99123E-05 9.99123E-05 9.99123E-05 0.376465 0.0305497 0.0851562 9.99123E-05 0.233792 0.0394068 9.99123E-05 9.99123E-05 9.99123E-05
9.99122E-05 9.99122E-05 9.99122E-05 0.136439 9.99122E-05 0.0208363 0.117397 9.99122E-05 0.0380166 0.402428 0.111706 0.0833797 9.99122E-05 9.99122E-05 0.0887984 9.99122E-05 9.99122E-05 9.99122E-05
9.99123E-05 9.99123E-05 9.99123E-05 0.104463 9.99123E-05 9.99123E-05 9.99123E-05 9.99123E-05 9.99123E-05 0.487518 9.99123E-05 0.00520714 0.0491705 0.153413 0.136584 0.0306415 9.99123E-05 0.0320038
0.0224582 9.98948E-05 9.98948E-05 0.0037764 0.0241573 0.0160285 9.98948E-05 9.98948E-05 9.98948E-05 0.845607 9.98948E-05 0.0867739 9.98948E-05 9.98948E-05 9.98948E-05 9.98948E-05 9.98948E-05 9.98948E-05
9.99035E-05 9.99035E-05 0.150421 0.0125302 0.0239045 0.034611 9.99035E-05 9.99035E-05 9.99035E-05 0.580304 9.99035E-05 0.0665457 9.99035E-05 9.99035E-05 0.130585 9.99035E-05 9.99035E-05 9.99035E-05
9.98947E-05 9.98947E-05 0.0357291 9.98947E-05 0.0300911 9.98947E-05 0.0245976 9.98947E-05 9.98947E-05 0.878558 9.98947E-05 0.000647127 9.98947E-05 9.98947E-05 9.98947E-05 0.029178 9.98947E-05 9.98947E-05
0.0544251 9.99035E-05 9.99035E-05 0.0778941 0.0320587 9.99035E-05 9.99035E-05 9.99035E-05 0.15684 0.630146 9.99035E-05 9.99035E-05 9.99035E-05 9.99035E-05 0.00337156 9.99035E-05 0.0441655 9.99035E-05
9.99123E-05 9.99123E-05 9.99123E-05 0.155269 0.0771255 9.99123E-05 9.99123E-05 9.99123E-05 0.0036902 0.566371 9.99123E-05 0.0176729 0.0703946 0.0699298 0.0385478 9.99123E-05 9.99123E-05 9.99123E-05
9.98859E-05 9.98859E-05 9.98859E-05 0.140062 9.98859E-05 9.98859E-05 0.123956 9.98859E-05 9.98859E-05 0.564181 9.98859E-05 9.98859E-05 9.98859E-05 0.142616 0.0278866 9.98859E-05 9.98859E-05 9.98859E-05
9.9886E-05 9.9886E-05 0.0212043 0.0276191 9.9886E-05 0.128255 9.9886E-05 9.9886E-05 9.9886E-05 0.776778 9.9886E-05 9.9886E-05 9.9886E-05 9.9886E-05 0.0448451 9.9886E-05 9.9886E-05 9.9886E-05
9.99035E-05 9.99035E-05 9.99035E-05 0.0593043 9.99035E-05 0.110011 9.99035E-05 0.0391525 0.0163526 0.552313 0.0585241 9.99035E-05 9.99035E-05 9.99035E-05 0.163243 9.99035E-05 9.99035E-05 9.99035E-05
9.98772E-05 9.98772E-05 9.98772E-05 9.98772E-05 9.98772E-05 0.0847775 9.98772E-05 9.98772E-05 9.98772E-05 0.746535 9.98772E-05 9.98772E-05 9.98772E-05 9.98772E-05 0.0753782 9.98772E-05 0.0919115 9.98772E-05
9.99035E-05 9.99035E-05 9.99035E-05 0.159227 0.00197797 9.99035E-05 9.99035E-05 0.0267254 0.0784677 0.280014 0.341829 9.99035E-05 9.99035E-05 9.99035E-05 0.11066 9.99035E-05 9.99035E-05 9.99035E-05
9.98772E-05 9.98772E-05 0.118377 0.16523 9.98772E-05 9.98772E-05 9.98772E-05 9.98772E-05 9.98772E-05 0.225362 9.98772E-05 9.98772E-05 9.98772E-05 9.98772E-05 0.489633 9.98772E-05 9.98772E-05 9.98772E-05
0.0277993 9.98946E-05 0.071145 0.0275765 9.98946E-05 0.0406267 9.98946E-05 9.98946E-05 9.98946E-05 0.804822 9.98946E-05 9.98946E-05 9.98946E-05 9.98946E-05 0.0268319 9.98946E-05 9.98946E-05 9.98946E-05
9.98772E-05 9.98772E-05 9.98772E-05 0.0238269 9.98772E-05 9.98772E-05 9.98772E-05 9.98772E-05 0.0221966 0.861327 9.98772E-05 9.98772E-05 9.98772E-05 9.98772E-05 9.98772E-05 9.98772E-05 9.98772E-05 0.0912512
0.000422381 9.98772E-05 9.98772E-05 0.0901293 9.98772E-05 9.98772E-05 9.98772E-05 9.98772E-05 9.98772E-05 0.895101 0.0129486 9.98772E-05 9.98772E-05 9.98772E-05 9.98772E-05 9.98772E-05 9.98772E-05 9.98772E-05
9.98946E-05 9.98946E-05 0.0443822 0.0875175 9.98946E-05 9.98946E-05 9.98946E-05 9.98946E-05 9.98946E-05 0.551964 0.109392 0.0335113 9.98946E-05 9.98946E-05 0.172034 9.98946E-05 9.98946E-05 9.98946E-05
9.99037E-05 0.0488997 9.99037E-05 9.99037E-05 0.0160848 9.99037E-05 0.00890105 9.99037E-05 0.0232907 0.781038 9.99037E-05 9.99037E-05 9.99037E-05 9.99037E-05 0.0124885 0.108198 9.99037E-05 9.99037E-05
9.99298E-05 9.99298E-05 0.0513386 0.18831 9.99298E-05 0.14174 9.99298E-05 0.027362 0.0376162 0.276457 0.0372302 0.112229 9.99298E-05 0.11618 0.0107384 9.99298E-05 9.99298E-05 9.99298E-05
0.0636094 9.98947E-05 0.0905002 9.98947E-05 9.98947E-05 9.98947E-05 0.0531682 0.00902184 9.98947E-05 0.582886 9.98947E-05 9.98947E-05 9.98947E-05 9.98947E-05 0.199616 9.98947E-05 9.98947E-05 9.98947E-05
9.99123E-05 0.00357957 9.99123E-05 0.0279004 0.0409797 9.99123E-05 9.99123E-05 0.0905101 9.99123E-05 0.797425 9.99123E-05 9.99123E-05 9.99123E-05 0.0145202 9.99123E-05 0.011029 9.99123E-05 0.0130567
0.0467364 0.0556056 9.99211E-05 0.0213529 9.99211E-05 9.99211E-05 0.211064 9.99211E-05 0.0086931 0.630014 9.99211E-05 9.99211E-05 9.99211E-05 0.0153615 0.00044004 9.99211E-05 9.99211E-05 0.00983248
9.98773E-05 0.144994 9.98773E-05 0.0863397 9.98773E-05 9.98773E-05 9.98773E-05 9.98773E-05 9.98773E-05 0.747789 0.0194789 9.98773E-05 9.98773E-05 9.98773E-05 9.98773E-05 9.98773E-05 9.98773E-05 9.98773E-05
0.101873 9.9886E-05 9.9886E-05 9.9886E-05 9.9886E-05 9.9886E-05 0.0153999 9.9886E-05 9.9886E-05 0.691525 9.9886E-05 9.9886E-05 9.9886E-05 0.135346 9.9886E-05 0.0545582 9.9886E-05 9.9886E-05
9.99123E-05 9.99123E-05 9.99123E-05 0.0663209 0.124123 9.99123E-05 9.99123E-05 9.99123E-05 0.0032789 0.670212 9.99123E-05 0.0221379 0.0441802 9.99123E-05 0.0320506 9.99123E-05 9.99123E-05 0.0366969
9.98861E-05 9.98861E-05 0.0675219 0.0655879 9.98861E-05 9.98861E-05 9.98861E-05 9.98861E-05 9.98861E-05 0.800354 9.98861E-05 0.0208131 9.98861E-05 9.98861E-05 0.0444248 9.98861E-05 9.98861E-05 9.98861E-05
9.98948E-05 9.98948E-05 0.0517884 9.98948E-05 0.0531567 0.00835122 9.98948E-05 9.98948E-05 0.0290461 0.784916 9.98948E-05 0.0715433 9.98948E-05 9.98948E-05 9.98948E-05 9.98948E-05 9.98948E-05 9.98948E-05
9.98946E-05 9.98946E-05 9.98946E-05 0.142643 0.0283916 9.98946E-05 9.98946E-05 9.98946E-05 0.0467601 9.98946E-05 0.725509 0.0372051 9.98946E-05 9.98946E-05 9.98946E-05 9.98946E-05 9.98946E-05 0.018293
9.9851E-05 9.9851E-05 9.9851E-05 9.9851E-05 9.9851E-05 9.9851E-05 9.9851E-05 9.9851E-05 9.9851E-05 9.9851E-05 0.998303 9.9851E-05 9.9851E-05 9.9851E-05 9.9851E-05 9.9851E-05 9.9851E-05 9.9851E-05
9.98771E-05 9.98771E-05 9.98771E-05 9.98771E-05 9.98771E-05 9.98771E-05 9.98771E-05 9.98771E-05 9.98771E-05 9.98771E-05 0.828353 9.98771E-05 9.98771E-05 9.98771E-05 9.98771E-05 0.0579881 0.0348891 0.0773718
9.98859E-05 9.98859E-05 9.98859E-05 9.98859E-05 0.332279 9.98859E-05 9.98859E-05 9.98859E-05 0.12506 9.98859E-05 0.429427 9.98859E-05 9.98859E-05 0.0771144 9.98859E-05 0.0348221 9.98859E-05 9.98859E-05
0.0574468 9.99033E-05 9.99033E-05 0.0263629 9.99033E-05 9.99033E-05 9.99033E-05 9.99033E-05 0.0559057 9.99033E-05 0.730073 9.99033E-05 9.99033E-05 9.99033E-05 0.0954662 0.0187586 9.99033E-05 0.014888
9.98769E-05 9.98769E-05 9.98769E-05 0.133658 9.98769E-05 9.98769E-05 9.98769E-05 9.98769E-05 0.102385 9.98769E-05 0.738642 9.98769E-05 9.98769E-05 9.98769E-05 9.98769E-05 9.98769E-05 9.98769E-05 0.023917
9.98858E-05 9.98858E-05 0.0187704 0.15331 0.173361 9.98858E-05 9.98858E-05 9.98858E-05 9.98858E-05 9.98858E-05 0.618796 0.0344642 9.98858E-05 9.98858E-05 9.98858E-05 9.98858E-05 9.98858E-05 9.98858E-05
9.99033E-05 9.99033E-05 9.99033E-05 0.0583199 0.105675 9.99033E-05 9.99033E-05 9.99033E-05 0.0631395 9.99033E-05 0.635719 9.99033E-05 9.99033E-05 0.0322465 9.99033E-05 0.0148804 9.99033E-05 0.0889206
9.98508E-05 9.98508E-05 9.98508E-05 9.98508E-05 9.98508E-05 9.98508E-05 9.98508E-05 9.98508E-05 9.98508E-05 9.98508E-05 0.998303 9.98508E-05 9.98508E-05 9.98508E-05 9.98508E-05 9.98508E-05 9.98508E-05 9.98508E-05
9.98682E-05 9.98682E-05 0.0169747 9.98682E-05 9.98682E-05 9.98682E-05 9.98682E-05 9.98682E-05 9.98682E-05 9.98682E-05 0.951251 0.0302761 9.98682E-05 9.98682E-05 9.98682E-05 9.98682E-05 9.98682E-05 9.98682E-05
9.98768E-05 9.98768E-05 9.98768E-05 0.26925 9.98768E-05 9.98768E-05 9.98768E-05 9.98768E-05 0.0480858 9.98768E-05 0.545919 0.135347 9.98768E-05 9.98768E-05 9.98768E-05 9.98768E-05 9.98768E-05 9.98768E-05
9.99121E-05 0.119025 0.00273598 0.132613 0.0338094 9.99121E-05 0.0152851 9.99121E-05 9.99121E-05 9.99121E-05 0.495431 0.0615838 9.99121E-05 9.99121E-05 0.138518 9.99121E-05 9.99121E-05 9.99121E-05
9.98945E-05 9.98945E-05 9.98945E-05 0.0215183 9.98945E-05 9.98945E-05 0.0905326 9.98945E-05 0.105376 9.98945E-05 0.590342 0.115703 0.0753292 9.98945E-05 9.98945E-05 9.98945E-05 9.98945E-05 9.98945E-05
9.9877E-05 9.9877E-05 9.9877E-05 0.191426 0.033188 9.9877E-05 9.9877E-05 9.9877E-05 9.9877E-05 9.9877E-05 0.608693 9.9877E-05 9.9877E-05 9.9877E-05 0.165295 9.9877E-05 9.9877E-05 9.9877E-05
9.98686E-05 9.98686E-05 9.98686E-05 9.98686E-05 9.98686E-05 9.98686E-05 0.00249191 9.98686E-05 9.98686E-05 9.98686E-05 0.949535 9.98686E-05 9.98686E-05 0.0464754 9.98686E-05 9.98686E-05 9.98686E-05 9.98686E-05
9.98685E-05 9.98685E-05 9.98685E-05 9.98685E-05 9.98685E-05 9.98685E-05 9.98685E-05 9.98685E-05 0.0690605 9.98685E-05 0.92512 9.98685E-05 9.98685E-05 9.98685E-05 9.98685E-05 9.98685E-05 0.00432158 9.98685E-05
9.9877E-05 9.9877E-05 0.0477492 9.9877E-05 9.9877E-05 9.9877E-05 9.9877E-05 9.9877E-05 9.9877E-05 9.9877E-05 0.786608 9.9877E-05 9.9877E-05 9.9877E-05 9.9877E-05 0.0945362 9.9877E-05 0.0697083
9.98858E-05 9.98858E-05 0.0329181 9.98858E-05 9.98858E-05 9.98858E-05 9.98858E-05 9.98858E-05 0.06315 9.98858E-05 0.681572 0.149683 9.98858E-05 9.98858E-05 0.0713787 9.98858E-05 9.98858E-05 9.98858E-05
9.98683E-05 9.98683E-05 9.98683E-05 0.0234801 9.98683E-05 9.98683E-05 9.98683E-05 9.98683E-05 9.98683E-05 9.98683E-05 0.912981 9.98683E-05 9.98683E-05 9.98683E-05 9.98683E-05 9.98683E-05 9.98683E-05 0.0620404
9.98769E-05 9.98769E-05 9.98769E-05 0.205591 9.98769E-05 0.0870103 0.0595474 9.98769E-05 9.98769E-05 9.98769E-05 0.646453 9.98769E-05 9.98769E-05 9.98769E-05 9.98769E-05 9.98769E-05 9.98769E-05 9.98769E-05
9.98774E-05 9.98774E-05 9.98774E-05 0.00899503 9.98774E-05 9.98774E-05 9.98774E-05 9.98774E-05 9.98774E-05 9.98774E-05 0.896493 9.98774E-05 9.98774E-05 9.98774E-05 9.98774E-05 0.0181087 0.0750051 9.98774E-05
9.98946E-05 0.00435757 9.98946E-05 0.093698 9.98946E-05 0.023097 9.98946E-05 9.98946E-05 9.98946E-05 9.98946E-05 0.732464 9.98946E-05 9.98946E-05 9.98946E-05 0.122879 0.0223059 9.98946E-05 9.98946E-05
9.98772E-05 0.00206517 9.98772E-05 0.0222905 9.98772E-05 9.98772E-05 9.98772E-05 9.98772E-05 9.98772E-05 9.98772E-05 0.840244 9.98772E-05 9.98772E-05 0.134002 9.98772E-05 9.98772E-05 9.98772E-05 9.98772E-05
9.9921E-05 9.9921E-05 0.00195646 0.0438493 9.9921E-05 9.9921E-05 9.9921E-05 0.0308651 0.0319059 9.9921E-05 0.530734 9.9921E-05 9.9921E-05 0.0466001 0.0187613 0.145174 9.9921E-05 0.149255
9.98594E-05 9.98594E-05 9.98594E-05 9.98594E-05 9.98594E-05 9.98594E-05 9.98594E-05 9.98594E-05 9.98594E-05 9.98594E-05 0.84901 0.149392 9.98594E-05 9.98594E-05 9.98594E-05 9.98594E-05 9.98594E-05 9.98594E-05
9.98686E-05 9.98686E-05 9.98686E-05 0.0572537 9.98686E-05 9.98686E-05 9.98686E-05 9.98686E-05 0.0205936 9.98686E-05 0.920655 9.98686E-05 9.98686E-05 9.98686E-05 9.98686E-05 9.98686E-05 9.98686E-05 9.98686E-05
9.98509E-05 9.98509E-05 9.98509E-05 9.98509E-05 9.98509E-05 9.98509E-05 9.98509E-05 9.98509E-05 9.98509E-05 9.98509E-05 0.998303 9.98509E-05 9.98509E-05 9.98509E-05 9.98509E-05 9.98509E-05 9.98509E-05 9.98509E-05
0.00689201 9.98685E-05 9.98685E-05 0.0368142 9.98685E-05 9.98685E-05 9.98685E-05 9.98685E-05 9.98685E-05 9.98685E-05 0.954796 9.98685E-05 9.98685E-05 9.98685E-05 9.98685E-05 9.98685E-05 9.98685E-05 9.98685E-05
9.98598E-05 9.98598E-05 9.98598E-05 9.98598E-05 9.98598E-05 9.98598E-05 9.98598E-05 9.98598E-05 9.98598E-05 9.98598E-05 0.879716 9.98598E-05 9.98598E-05 9.98598E-05 9.98598E-05 9.98598E-05 9.98598E-05 0.118686
9.98861E-05 9.98861E-05 9.98861E-05 0.154536 9.98861E-05 0.130546 9.98861E-05 9.98861E-05 0.0819781 9.98861E-05 0.552055 9.98861E-05 9.98861E-05 9.98861E-05 9.98861E-05 9.98861E-05 0.0795863 9.98861E-05
9.98772E-05 9.98772E-05 9.98772E-05 0.112466 9.98772E-05 9.98772E-05 9.98772E-05 9.98772E-05 0.0972623 9.98772E-05 9.98772E-05 9.98772E-05 0.0104632 0.778411 9.98772E-05 9.98772E-05 9.98772E-05 9.98772E-05
9.98772E-05 9.98772E-05 9.98772E-05 0.00566268 9.98772E-05 9.98772E-05 9.98772E-05 9.98772E-05 0.0583085 9.98772E-05 9.98772E-05 9.98772E-05 9.98772E-05 0.62032 9.98772E-05 9.98772E-05 0.314311 9.98772E-05
9.98859E-05 9.98859E-05 9.98859E-05 0.131539 9.98859E-05 9.98859E-05 9.98859E-05 9.98859E-05 9.98859E-05 9.98859E-05 9.98859E-05 0.00142835 9.98859E-05 0.841203 0.0220006 9.98859E-05 9.98859E-05 0.002531
9.98682E-05 9.98682E-05 9.98682E-05 0.141052 9.98682E-05 9.98682E-05 9.98682E-05 9.98682E-05 0.0216674 9.98682E-05 9.98682E-05 9.98682E-05 9.98682E-05 0.835782 9.98682E-05 9.98682E-05 9.98682E-05 9.98682E-05
9.98682E-05 9.98682E-05 9.98682E-05 9.98682E-05 9.98682E-05 9.98682E-05 9.98682E-05 0.0283654 0.082323 9.98682E-05 9.98682E-05 9.98682E-05 9.98682E-05 0.887814 9.98682E-05 9.98682E-05 9.98682E-05 9.98682E-05
9.9886E-05 9.9886E-05 9.9886E-05 0.19904 0.0521139 9.9886E-05 9.9886E-05 9.9886E-05 0.134639 9.9886E-05 9.9886E-05 9.9886E-05 9.9886E-05 0.606005 9.9886E-05 9.9886E-05 0.00690446 9.9886E-05
9.98946E-05 9.98946E-05 9.98946E-05 0.0994386 9.98946E-05 9.98946E-05 9.98946E-05 9.98946E-05 0.0355254 9.98946E-05 9.98946E-05 0.0366051 9.98946E-05 0.749348 0.0334474 9.98946E-05 9.98946E-05 0.0444371
0.0109442 9.98771E-05 9.98771E-05 0.0237406 9.98771E-05 9.98771E-05 9.98771E-05 9.98771E-05 0.301064 9.98771E-05 9.98771E-05 9.98771E-05 9.98771E-05 0.662853 9.98771E-05 9.98771E-05 9.98771E-05 9.98771E-05
9.99033E-05 9.99033E-05 9.99033E-05 0.00640288 0.0998667 0.158218 9.99033E-05 9.99033E-05 0.34212 9.99033E-05 9.99033E-05 0.0196831 9.99033E-05 0.362963 0.00964609 9.99033E-05 9.99033E-05 9.99033E-05
9.98946E-05 0.0313385 9.98946E-05 0.227513 9.98946E-05 9.98946E-05 9.98946E-05 9.98946E-05 0.166898 9.98946E-05 9.98946E-05 9.98946E-05 9.98946E-05 0.551368 0.0145785 9.98946E-05 9.98946E-05 0.00710517
9.98772E-05 9.98772E-05 9.98772E-05 9.98772E-05 0.235888 9.98772E-05 9.98772E-05 9.98772E-05 0.0112774 9.98772E-05 9.98772E-05 9.98772E-05 9.98772E-05 0.603994 9.98772E-05 9.98772E-05 0.147442 9.98772E-05
9.98861E-05 9.98861E-05 9.98861E-05 0.147702 0.090258 9.98861E-05 9.98861E-05 9.98861E-05 9.98861E-05 9.98861E-05 9.98861E-05 9.98861E-05 9.98861E-05 0.728481 9.98861E-05 9.98861E-05 0.0249148 0.00734613
9.98598E-05 9.98598E-05 9.98598E-05 9.98598E-05 9.98598E-05 9.98598E-05 9.98598E-05 9.98598E-05 0.0557061 9.98598E-05 9.98598E-05 9.98598E-05 9.98598E-05 0.942696 9.98598E-05 9.98598E-05 9.98598E-05 9.98598E-05
9.9886E-05 0.00887003 9.9886E-05 0.252892 9.9886E-05 9.9886E-05 9.9886E-05 9.9886E-05 0.113272 9.9886E-05 9.9886E-05 9.9886E-05 9.9886E-05 0.603678 9.9886E-05 9.9886E-05 0.0199899 9.9886E-05
0.0275337 9.98948E-05 9.98948E-05 0.0109708 9.98948E-05 9.98948E-05 9.98948E-05 9.98948E-05 0.0367711 9.98948E-05 9.98948E-05 9.98948E-05 9.98948E-05 0.679957 9.98948E-05 9.98948E-05 0.0681687 0.1754
9.98947E-05 9.98947E-05 9.98947E-05 0.126342 0.0234081 0.113268 9.98947E-05 9.98947E-05 0.0639522 9.98947E-05 9.98947E-05 0.0530396 9.98947E-05 0.618791 9.98947E-05 9.98947E-05 9.98947E-05 9.98947E-05
0.09602 9.98946E-05 9.98946E-05 0.124886 0.280147 9.98946E-05 9.98946E-05 9.98946E-05 9.98946E-05 9.98946E-05 9.98946E-05 9.98946E-05 9.98946E-05 0.473205 9.98946E-05 9.98946E-05 0.0241165 0.000427122
9.98948E-05 9.98948E-05 9.98948E-05 9.98948E-05 9.98948E-05 9.98948E-05 9.98948E-05 9.98948E-05 0.0745743 0.00994721 9.98948E-05 9.98948E-05 0.0276134 0.747745 0.097079 0.0418427 9.98948E-05 9.98948E-05
0.0721043 9.98597E-05 9.98597E-05 9.98597E-05 9.98597E-05 9.98597E-05 9.98597E-05 9.98597E-05 9.98597E-05 9.98597E-05 9.98597E-05 9.98597E-05 9.98597E-05 0.926298 9.98597E-05 9.98597E-05 9.98597E-05 9.98597E-05
0.114787 9.99035E-05 0.0344322 0.180529 9.99035E-05 0.0950182 9.99035E-05 9.99035E-05 0.00904517 9.99035E-05 9.99035E-05 9.99035E-05 9.99035E-05 0.428755 9.99035E-05 9.99035E-05 0.136334 9.99035E-05
9.98859E-05 9.98859E-05 9.98859E-05 0.0551975 0.148684 9.98859E-05 9.98859E-05 9.98859E-05 0.0419065 9.98859E-05 9.98859E-05 9.98859E-05 0.0278441 0.725069 9.98859E-05 9.98859E-05 9.98859E-05 9.98859E-05
9.98683E-05 9.98683E-05 9.98683E-05 9.98683E-05 9.98683E-05 9.98683E-05 9.98683E-05 9.98683E-05 0.0200034 9.98683E-05 9.98683E-05 0.0250248 9.98683E-05 0.953474 9.98683E-05 9.98683E-05 9.98683E-05 9.98683E-05
0.0658063 9.98859E-05 9.98859E-05 0.182119 0.104632 9.98859E-05 9.98859E-05 9.98859E-05 0.252237 9.98859E-05 9.98859E-05 9.98859E-05 9.98859E-05 0.393907 9.98859E-05 9.98859E-05 9.98859E-05 9.98859E-05
9.98684E-05 9.98684E-05 9.98684E-05 9.98684E-05 9.98684E-05 9.98684E-05 9.98684E-05 9.98684E-05 0.16669 9.98684E-05 9.98684E-05 9.98684E-05 9.98684E-05 0.781102 9.98684E-05 9.98684E-05 0.05071 9.98684E-05
0.0523277 9.98858E-05 9.98858E-05 0.212737 0.105735 9.98858E-05 9.98858E-05 9.98858E-05 0.211899 9.98858E-05 9.98858E-05 9.98858E-05 9.98858E-05 0.416002 9.98858E-05 9.98858E-05 9.98858E-05 9.98858E-05
9.98861E-05 9.98861E-05 9.98861E-05 0.111867 0.0751277 9.98861E-05 9.98861E-05 9.98861E-05 0.0954514 9.98861E-05 9.98861E-05 9.98861E-05 9.98861E-05 0.555018 9.98861E-05 9.98861E-05 0.161238 9.98861E-05
9.98947E-05 9.98947E-05 9.98947E-05 0.1158 9.98947E-05 9.98947E-05 9.98947E-05 0.106529 9.98947E-05 9.98947E-05 9.98947E-05 9.98947E-05 0.0245597 0.144034 9.98947E-05 0.00994788 0.59793 9.98947E-05
9.98769E-05 9.98769E-05 9.98769E-05 0.120956 9.98769E-05 9.98769E-05 0.0366984 9.98769E-05 0.101107 9.98769E-05 9.98769E-05 9.98769E-05 9.98769E-05 0.739841 9.98769E-05 9.98769E-05 9.98769E-05 9.98769E-05
9.98685E-05 9.98685E-05 9.98685E-05 0.218986 9.98685E-05 9.98685E-05 9.98685E-05 9.98685E-05 0.205356 9.98685E-05 9.98685E-05 9.98685E-05 9.98685E-05 0.57416 9.98685E-05 9.98685E-05 9.98685E-05 9.98685E-05
9.98773E-05 9.98773E-05 9.98773E-05 0.0754648 9.98773E-05 9.98773E-05 9.98773E-05 9.98773E-05 9.98773E-05 9.98773E-05 9.98773E-05 0.0539985 0.0236247 0.845514 9.98773E-05 9.98773E-05 9.98773E-05 9.98773E-05
9.98948E-05 9.98948E-05 9.98948E-05 0.191662 0.0252292 9.98948E-05 0.0518123 9.98948E-05 0.0376438 9.98948E-05 9.98948E-05 0.0093143 9.98948E-05 0.683139 9.98948E-05 9.98948E-05 9.98948E-05 9.98948E-05
9.98596E-05 9.98596E-05 9.98596E-05 9.98596E-05 9.98596E-05 9.98596E-05 0.0279724 9.98596E-05 9.98596E-05 9.98596E-05 9.98596E-05 9.98596E-05 9.98596E-05 0.97043 9.98596E-05 9.98596E-05 9.98596E-05 9.98596E-05
0.157674 9.98858E-05 9.98858E-05 0.157509 9.98858E-05 9.98858E-05 9.98858E-05 9.98858E-05 0.235178 9.98858E-05 9.98858E-05 9.98858E-05 0.0419021 0.406439 9.98858E-05 9.98858E-05 9.98858E-05 9.98858E-05
9.9877E-05 0.0475181 9.9877E-05 0.0524333 9.9877E-05 9.9877E-05 9.9877E-05 9.9877E-05 9.9877E-05 9.9877E-05 9.9877E-05 9.9877E-05 9.9877E-05 0.80797 0.0906805 9.9877E-05 9.9877E-05 9.9877E-05
9.98597E-05 9.98597E-05 9.98597E-05 0.0761293 9.98597E-05 9.98597E-05 9.98597E-05 9.98597E-05 9.98597E-05 9.98597E-05 9.98597E-05 9.98597E-05 9.98597E-05 0.922273 9.98597E-05 9.98597E-05 9.98597E-05 9.98597E-05
9.98946E-05 9.98946E-05 9.98946E-05 9.98946E-05 9.98946E-05 0.137312 0.0491827 9.98946E-05 0.0541118 9.98946E-05 9.98946E-05 0.0350544 9.98946E-05 0.66595 9.98946E-05 9.98946E-05 0.0571901 9.98946E-05
9.98858E-05 9.98858E-05 9.98858E-05 0.208437 9.98858E-05 9.98858E-05 9.98858E-05 9.98858E-05 0.0940536 9.98858E-05 9.98858E-05 0.0588067 9.98858E-05 0.634357 9.98858E-05 9.98858E-05 9.98858E-05 0.00304708
9.98771E-05 9.98771E-05 0.017602 9.98771E-05 9.98771E-05 9.98771E-05 9.98771E-05 9.98771E-05 0.0472876 9.98771E-05 9.98771E-05 9.98771E-05 9.98771E-05 0.451382 9.98771E-05 9.98771E-05 0.48233 9.98771E-05
9.98685E-05 9.98685E-05 9.98685E-05 0.0522995 9.98685E-05 9.98685E-05 9.98685E-05 9.98685E-05 9.98685E-05 9.98685E-05 9.98685E-05 9.98685E-05 9.98685E-05 0.791121 9.98685E-05 9.98685E-05 0.155082 9.98685E-05
0.003493 9.98861E-05 9.98861E-05 9.98861E-05 9.98861E-05 9.98861E-05 9.98861E-05 9.98861E-05 9.98861E-05 9.98861E-05 9.98861E-05 0.0163242 0.0227123 0.722488 9.98861E-05 9.98861E-05 0.233684 9.98861E-05
0.0373257 9.98947E-05 9.98947E-05 9.98947E-05 0.0037096 9.98947E-05 9.98947E-05 9.98947E-05 0.0124068 9.98947E-05 9.98947E-05 9.98947E-05 9.98947E-05 0.527397 9.98947E-05 9.98947E-05 0.412765 0.0051972
9.98771E-05 9.98771E-05 9.98771E-05 0.318795 0.0720478 9.98771E-05 9.98771E-05 9.98771E-05 0.104521 9.98771E-05 9.98771E-05 9.98771E-05 9.98771E-05 0.503238 9.98771E-05 9.98771E-05 9.98771E-05 9.98771E-05
9.9877E-05 0.0931936 9.9877E-05 9.9877E-05 9.9877E-05 0.0252828 9.9877E-05 9.9877E-05 0.137013 9.9877E-05 9.9877E-05 9.9877E-05 9.9877E-05 0.743112 9.9877E-05 9.9877E-05 9.9877E-05 9.9877E-05
0.103902 9.98947E-05 9.98947E-05 0.120275 9.98947E-05 0.0142328 9.98947E-05 9.98947E-05 0.122627 9.98947E-05 9.98947E-05 9.98947E-05 9.98947E-05 0.209097 9.98947E-05 9.98947E-05 0.428667 9.98947E-05
9.98684E-05 9.98684E-05 9.98684E-05 0.0539653 9.98684E-05 9.98684E-05 9.98684E-05 9.98684E-05 9.98684E-05 9.98684E-05 9.98684E-05 9.98684E-05 9.98684E-05 0.523361 9.98684E-05 9.98684E-05 0.421176 9.98684E-05
0.0727851 9.98946E-05 9.98946E-05 0.0416022 0.125206 9.98946E-05 9.98946E-05 9.98946E-05 0.179581 9.98946E-05 9.98946E-05 9.98946E-05 9.98946E-05 0.528952 9.98946E-05 9.98946E-05 9.98946E-05 0.0506754
9.99034E-05 9.99034E-05 9.99034E-05 0.106027 9.99034E-05 0.0179047 9.99034E-05 9.99034E-05 0.115828 9.99034E-05 0.183271 0.00675072 9.99034E-05 0.509706 9.99034E-05 9.99034E-05 0.0594135 9.99034E-05
9.99211E-05 9.99211E-05 9.99211E-05 0.0246311 0.1324 0.00520155 0.0846521 0.0907355 0.139792 9.99211E-05 9.99211E-05 9.99211E-05 9.99211E-05 0.506845 9.99211E-05 0.00123896 0.0136045 9.99211E-05
0.0846493 9.98947E-05 9.98947E-05 0.130027 9.98947E-05 9.98947E-05 9.98947E-05 9.98947E-05 0.268751 9.98947E-05 9.98947E-05 9.98947E-05 9.98947E-05 0.484135 9.98947E-05 0.0093427 9.98947E-05 0.0218964
9.98684E-05 9.98684E-05 9.98684E-05 0.0189852 9.98684E-05 9.98684E-05 9.98684E-05 9.98684E-05 9.98684E-05 9.98684E-05 9.98684E-05 9.98684E-05 9.98684E-05 0.546416 9.98684E-05 9.98684E-05 0.433101 9.98684E-05
9.9877E-05 9.9877E-05 0.190974 0.120919 9.9877E-05 9.9877E-05 9.9877E-05 9.9877E-05 9.9877E-05 9.9877E-05 9.9877E-05 9.9877E-05 9.9877E-05 0.638395 9.9877E-05 0.0483136 9.9877E-05 9.9877E-05
9.99123E-05 0.0697155 9.99123E-05 0.0310831 9.99123E-05 9.99123E-05 9.99123E-05 9.99123E-05 0.135937 9.99123E-05 9.99123E-05 0.000939575 0.00322068 0.28304 9.99123E-05 0.00343524 0.47163 9.99123E-05
9.98948E-05 9.98948E-05 9.98948E-05 0.174355 9.98948E-05 9.98948E-05 9.98948E-05 9.98948E-05 0.0883963 9.98948E-05 9.98948E-05 0.0181734 9.98948E-05 0.482597 9.98948E-05 9.98948E-05 0.198051 0.0372286
9.98771E-05 9.98771E-05 9.98771E-05 9.98771E-05 0.0594552 9.98771E-05 0.0307699 9.98771E-05 0.0663727 9.98771E-05 9.98771E-05 9.98771E-05 9.98771E-05 0.842004 9.98771E-05 9.98771E-05 9.98771E-05 9.98771E-05
9.98683E-05 9.98683E-05 0.0319654 9.98683E-05 9.98683E-05 9.98683E-05 9.98683E-05 9.98683E-05 9.98683E-05 9.98683E-05 9.98683E-05 9.98683E-05 9.98683E-05 0.86118 9.98683E-05 9.98683E-05 9.98683E-05 0.105357
9.9877E-05 9.9877E-05 9.9877E-05 0.262472 0.2787 9.9877E-05 9.9877E-05 9.9877E-05 0.122292 9.9877E-05 9.9877E-05 9.9877E-05 9.9877E-05 0.335138 9.9877E-05 9.9877E-05 9.9877E-05 9.9877E-05
9.98682E-05 9.98682E-05 9.98682E-05 0.153427 9.98682E-05 9.98682E-05 9.98682E-05 9.98682E-05 0.212241 9.98682E-05 9.98682E-05 9.98682E-05 9.98682E-05 0.632834 9.98682E-05 9.98682E-05 9.98682E-05 9.98682E-05
9.98946E-05 9.98946E-05 0.0187153 9.98946E-05 9.98946E-05 9.98946E-05 0.0416539 0.0128988 0.0298335 9.98946E-05 9.98946E-05 0.0414899 9.98946E-05 0.85421 9.98946E-05 9.98946E-05 9.98946E-05 9.98946E-05
0.182214 9.98772E-05 9.98772E-05 0.0725361 9.98772E-05 9.98772E-05 9.98772E-05 9.98772E-05 9.98772E-05 9.98772E-05 9.98772E-05 9.98772E-05 9.98772E-05 0.705753 9.98772E-05 9.98772E-05 0.0380991 9.98772E-05
9.98859E-05 9.98859E-05 9.98859E-05 0.039814 0.105704 9.98859E-05 9.98859E-05 9.98859E-05 0.176632 9.98859E-05 9.98859E-05 9.98859E-05 9.98859E-05 0.631553 9.98859E-05 9.98859E-05 0.0449983 9.98859E-05
9.98506E-05 9.98506E-05 9.98506E-05 0.998303 9.98506E-05 9.98506E-05 9.98506E-05 9.98506E-05 9.98506E-05 9.98506E-05 9.98506E-05 9.98506E-05 9.98506E-05 9.98506E-05 9.98506E-05 9.98506E-05 9.98506E-05 9.98506E-05
9.98505E-05 9.98505E-05 9.98505E-05 9.98505E-05 9.98505E-05 9.98505E-05 9.98505E-05 9.98505E-05 0.998303 9.98505E-05 9.98505E-05 9.98505E-05 9.98505E-05 9.98505E-05 9.98505E-05 9.98505E-05 9.98505E-05 9.98505E-05
9.98505E-05 9.98505E-05 9.98505E-05 0.998303 9.98505E-05 9.98505E-05 9.98505E-05 9.98505E-05 9.98505E-05 9.98505E-05 9.98505E-05 9.98505E-05 9.98505E-05 9.98505E-05 9.98505E-05 9.98505E-05 9.98505E-05 9.98505E-05
9.98505E-05 9.98505E-05 9.98505E-05 9.98505E-05 9.98505E-05 9.98505E-05 9.98505E-05 9.98505E-05 0.998303 9.98505E-05 9.98505E-05 9.98505E-05 9.98505E-05 9.98505E-05 9.98505E-05 9.98505E-05 9.98505E-05 9.98505E-05
9.98505E-05 9.98505E-05 9.98505E-05 9.98505E-05 9.98505E-05 9.98505E-05 9.98505E-05 9.98505E-05 0.998303 9.98505E-05 9.98505E-05 9.98505E-05 9.98505E-05 9.98505E-05 9.98505E-05 9.98505E-05 9.98505E-05 9.98505E-05
9.98506E-05 9.98506E-05 9.98506E-05 9.98506E-05 9.98506E-05 9.98506E-05 9.98506E-05 9.98506E-05 0.998303 9.98506E-05 9.98506E-05 9.98506E-05 9.98506E-05 9.98506E-05 9.98506E-05 9.98506E-05 9.98506E-05 9.98506E-05
9.98505E-05 9.98505E-05 9.98505E-05 0.998303 9.98505E-05 9.98505E-05 9.98505E-05 9.98505E-05 9.98505E-05 9.98505E-05 9.98505E-05 9.98505E-05 9.98505E-05 9.98505E-05 9.98505E-05 9.98505E-05 9.98505E-05 9.98505E-05
9.98506E-05 9.98506E-05 9.98506E-05 9.98506E-05 9.98506E-05 9.98506E-05 9.98506E-05 9.98506E-05 0.998303 9.98506E-05 9.98506E-05 9.98506E-05 9.98506E-05 9.98506E-05 9.98506E-05 9.98506E-05 9.98506E-05 9.98506E-05
9.98505E-05 9.98505E-05 9.98505E-05 9.98505E-05 9.98505E-05 9.98505E-05 9.98505E-05 9.98505E-05 0.998303 9.98505E-05 9.98505E-05 9.98505E-05 9.98505E-05 9.98505E-05 9.98505E-05 9.98505E-05 9.98505E-05 9.98505E-05
9.98505E-05 9.98505E-05 9.98505E-05 0.998303 9.98505E-05 9.98505E-05 9.98505E-05 9.98505E-05 9.98505E-05 9.98505E-05 9.98505E-05 9.98505E-05 9.98505E-05 9.98505E-05 9.98505E-05 9.98505E-05 9.98505E-05 9.98505E-05
9.98505E-05 9.98505E-05 9.98505E-05 0.998303 9.98505E-05 9.98505E-05 9.98505E-05 9.98505E-05 9.98505E-05 9.98505E-05 9.98505E-05 9.98505E-05 9.98505E-05 9.98505E-05 9.98505E-05 9.98505E-05 9.98505E-05 9.98505E-05
9.98504E-05 9.98504E-05 9.98504E-05 0.998303 9.98504E-05 9.98504E-05 9.98504E-05 9.98504E-05 9.98504E-05 9.98504E-05 9.98504E-05 9.98504E-05 9.98504E-05 9.98504E-05 9.98504E-05 9.98504E-05 9.98504E-05 9.98504E-05
9.98505E-05 9.98505E-05 9.98505E-05 9.98505E-05 9.98505E-05 9.98505E-05 9.98505E-05 9.98505E-05 0.998303 9.98505E-05 9.98505E-05 9.98505E-05 9.98505E-05 9.98505E-05 9.98505E-05 9.98505E-05 9.98505E-05 9.98505E-05
9.98504E-05 9.98504E-05 9.98504E-05 9.98504E-05 9.98504E-05 9.98504E-05 9.98504E-05 9.98504E-05 0.998303 9.98504E-05 9.98504E-05 9.98504E-05 9.98504E-05 9.98504E-05 9.98504E-05 9.98504E-05 9.98504E-05 9.98504E-05
9.98506E-05 9.98506E-05 9.98506E-05 0.998303 9.98506E-05 9.98506E-05 9.98506E-05 9.98506E-05 9.98506E-05 9.98506E-05 9.98506E-05 9.98506E-05 9.98506E-05 9.98506E-05 9.98506E-05 9.98506E-05 9.98506E-05 9.98506E-05
9.98505E-05 9.98505E-05 9.98505E-05 0.998303 9.98505E-05 9.98505E-05 9.98505E-05 9.98505E-05 9.98505E-05 9.98505E-05 9.98505E-05 9.98505E-05 9.98505E-05 9.98505E-05 9.98505E-05 9.98505E-05 9.98505E-05 9.98505E-05
0.0502929 0.0708497 0.0745656 0.0939357 9.99033E-05 9.99033E-05 9.99033E-05 0.0982057 0.055067 9.99033E-05 9.99033E-05 9.99033E-05 9.99033E-05 0.555984 9.99033E-05 9.99033E-05 9.99033E-05 9.99033E-05
9.98682E-05 9.98682E-05 9.98682E-05 0.959837 9.98682E-05 9.98682E-05 0.00505689 9.98682E-05 9.98682E-05 9.98682E-05 9.98682E-05 9.98682E-05 9.98682E-05 9.98682E-05 9.98682E-05 0.0336082 9.98682E-05 9.98682E-05
9.98506E-05 9.98506E-05 9.98506E-05 9.98506E-05 9.98506E-05 9.98506E-05 9.98506E-05 9.98506E-05 0.998303 9.98506E-05 9.98506E-05 9.98506E-05 9.98506E-05 9.98506E-05 9.98506E-05 9.98506E-05 9.98506E-05 9.98506E-05
9.98505E-05 9.98505E-05 9.98505E-05 0.998303 9.98505E-05 9.98505E-05 9.98505E-05 9.98505E-05 9.98505E-05 9.98505E-05 9.98505E-05 9.98505E-05 9.98505E-05 9.98505E-05 9.98505E-05 9.98505E-05 9.98505E-05 9.98505E-05
9.98506E-05 9.98506E-05 9.98506E-05 0.998303 9.98506E-05 9.98506E-05 9.98506E-05 9.98506E-05 9.98506E-05 9.98506E-05 9.98506E-05 9.98506E-05 9.98506E-05 9.98506E-05 9.98506E-05 9.98506E-05 9.98506E-05 9.98506E-05
9.98505E-05 9.98505E-05 9.98505E-05 0.998303 9.98505E-05 9.98505E-05 9.98505E-05 9.98505E-05 9.98505E-05 9.98505E-05 9.98505E-05 9.98505E-05 9.98505E-05 9.98505E-05 9.98505E-05 9.98505E-05 9.98505E-05 9.98505E-05
9.98506E-05 9.98506E-05 9.98506E-05 9.98506E-05 9.98506E-05 9.98506E-05 9.98506E-05 9.98506E-05 0.998303 9.98506E-05 9.98506E-05 9.98506E-05 9.98506E-05 9.98506E-05 9.98506E-05 9.98506E-05 9.98506E-05 9.98506E-05
9.98505E-05 9.98505E-05 9.98505E-05 0.998303 9.98505E-05 9.98505E-05 9.98505E-05 9.98505E-05 9.98505E-05 9.98505E-05 9.98505E-05 9.98505E-05 9.98505E-05 9.98505E-05 9.98505E-05 9.98505E-05 9.98505E-05 9.98505E-05
9.98505E-05 9.98505E-05 9.98505E-05 9.98505E-05 9.98505E-05 9.98505E-05 9.98505E-05 9.98505E-05 0.998303 9.98505E-05 9.98505E-05 9.98505E-05 9.98505E-05 9.98505E-05 9.98505E-05 9.98505E-05 9.98505E-05 9.98505E-05
9.98506E-05 9.98506E-05 9.98506E-05 0.998303 9.98506E-05 9.98506E-05 9.98506E-05 9.98506E-05 9.98506E-05 9.98506E-05 9.98506E-05 9.98506E-05 9.98506E-05 9.98506E-05 9.98506E-05 9.98506E-05 9.98506E-05 9.98506E-05
9.98504E-05 9.98504E-05 9.98504E-05 0.998303 9.98504E-05 9.98504E-05 9.98504E-05 9.98504E-05 9.98504E-05 9.98504E-05 9.98504E-05 9.98504E-05 9.98504E-05 9.98504E-05 9.98504E-05 9.98504E-05 9.98504E-05 9.98504E-05
9.98505E-05 9.98505E-05 9.98505E-05 9.98505E-05 9.98505E-05 9.98505E-05 9.98505E-05 9.98505E-05 0.998303 9.98505E-05 9.98505E-05 9.98505E-05 9.98505E-05 9.98505E-05 9.98505E-05 9.98505E-05 9.98505E-05 9.98505E-05
9.98506E-05 9.98506E-05 9.98506E-05 9.98506E-05 9.98506E-05 9.98506E-05 9.98506E-05 9.98506E-05 0.998303 9.98506E-05 9.98506E-05 9.98506E-05 9.98506E-05 9.98506E-05 9.98506E-05 9.98506E-05 9.98506E-05 9.98506E-05
9.98506E-05 9.98506E-05 9.98506E-05 9.98506E-05 9.98506E-05 9.98506E-05 9.98506E-05 9.98506E-05 0.998303 9.98506E-05 9.98506E-05 9.98506E-05 9.98506E-05 9.98506E-05 9.98506E-05 9.98506E-05 9.98506E-05 9.98506E-05
9.98505E-05 9.98505E-05 9.98505E-05 0.998303 9.98505E-05 9.98505E-05 9.98505E-05 9.98505E-05 9.98505E-05 9.98505E-05 9.98505E-05 9.98505E-05 9.98505E-05 9.98505E-05 9.98505E-05 9.98505E-05 9.98505E-05 9.98505E-05
9.98506E-05 9.98506E-05 9.98506E-05 0.998303 9.98506E-05 9.98506E-05 9.98506E-05 9.98506E-05 9.98506E-05 9.98506E-05 9.98506E-05 9.98506E-05 9.98506E-05 9.98506E-05 9.98506E-05 9.98506E-05 9.98506E-05 9.98506E-05
9.98505E-05 9.98505E-05 9.98505E-05 0.998303 9.98505E-05 9.98505E-05 9.98505E-05 9.98505E-05 9.98505E-05 9.98505E-05 9.98505E-05 9.98505E-05 9.98505E-05 9.98505E-05 9.98505E-05 9.98505E-05 9.98505E-05 9.98505E-05
9.98505E-05 9.98505E-05 9.98505E-05 0.998303 9.98505E-05 9.98505E-05 9.98505E-05 9.98505E-05 9.98505E-05 9.98505E-05 9.98505E-05 9.98505E-05 9.98505E-05 9.98505E-05 9.98505E-05 9.98505E-05 9.98505E-05 9.98505E-05
9.98506E-05 9.98506E-05 9.98506E-05 0.998303 9.98506E-05 9.98506E-05 9.98506E-05 9.98506E-05 9.98506E-05 9.98506E-05 9.98506E-05 9.98506E-05 9.98506E-05 9.98506E-05 9.98506E-05 9.98506E-05 9.98506E-05 9.98506E-05
9.98505E-05 9.98505E-05 9.98505E-05 9.98505E-05 9.98505E-05 9.98505E-05 9.98505E-05 9.98505E-05 0.998303 9.98505E-05 9.98505E-05 9.98505E-05 9.98505E-05 9.98505E-05 9.98505E-05 9.98505E-05 9.98505E-05 9.98505E-05
9.98506E-05 9.98506E-05 9.98506E-05 9.98506E-05 9.98506E-05 9.98506E-05 9.98506E-05 9.98506E-05 0.998303 9.98506E-05 9.98506E-05 9.98506E-05 9.98506E-05 9.98506E-05 9.98506E-05 9.98506E-05 9.98506E-05 9.98506E-05
9.98506E-05 9.98506E-05 9.98506E-05 9.98506E-05 9.98506E-05 9.98506E-05 9.98506E-05 9.98506E-05 0.998303 9.98506E-05 9.98506E-05 9.98506E-05 9.98506E-05 9.98506E-05 9.98506E-05 9.98506E-05 9.98506E-05 9.98506E-05
9.98505E-05 9.98505E-05 9.98505E-05 0.998303 9.98505E-05 9.98505E-05 9.98505E-05 9.98505E-05 9.98505E-05 9.98505E-05 9.98505E-05 9.98505E-05 9.98505E-05 9.98505E-05 9.98505E-05 9.98505E-05 9.98505E-05 9.98505E-05
9.98505E-05 9.98505E-05 9.98505E-05 9.98505E-05 9.98505E-05 9.98505E-05 9.98505E-05 9.98505E-05 0.998303 9.98505E-05 9.98505E-05 9.98505E-05 9.98505E-05 9.98505E-05 9.98505E-05 9.98505E-05 9.98505E-05 9.98505E-05
9.98506E-05 9.98506E-05 9.98506E-05 9.98506E-05 9.98506E-05 9.98506E-05 9.98506E-05 9.98506E-05 0.998303 9.98506E-05 9.98506E-05 9.98506E-05 9.98506E-05 9.98506E-05 9.98506E-05 9.98506E-05 9.98506E-05 9.98506E-05
9.98505E-05 9.98505E-05 9.98505E-05 9.98505E-05 9.98505E-05 9.98505E-05 9.98505E-05 9.98505E-05 0.998303 9.98505E-05 9.98505E-05 9.98505E-05 9.98505E-05 9.98505E-05 9.98505E-05 9.98505E-05 9.98505E-05 9.98505E-05
9.98506E-05 9.98506E-05 9.98506E-05 9.98506E-05 9.98506E-05 9.98506E-05 9.98506E-05 9.98506E-05 0.998303 9.98506E-05 9.98506E-05 9.98506E-05 9.98506E-05 9.98506E-05 9.98506E-05 9.98506E-05 9.98506E-05 9.98506E-05
9.98505E-05 9.98505E-05 9.98505E-05 0.998303 9.98505E-05 9.98505E-05 9.98505E-05 9.98505E-05 9.98505E-05 9.98505E-05 9.98505E-05 9.98505E-05 9.98505E-05 9.98505E-05 9.98505E-05 9.98505E-05 9.98505E-05 9.98505E-05
9.98505E-05 9.98505E-05 9.98505E-05 9.98505E-05 9.98505E-05 9.98505E-05 9.98505E-05 9.98505E-05 0.998303 9.98505E-05 9.98505E-05 9.98505E-05 9.98505E-05 9.98505E-05 9.98505E-05 9.98505E-05 9.98505E-05 9.98505E-05
9.98505E-05 9.98505E-05 9.98505E-05 9.98505E-05 9.98505E-05 9.98505E-05 9.98505E-05 9.98505E-05 0.998303 9.98505E-05 9.98505E-05 9.98505E-05 9.98505E-05 9.98505E-05 9.98505E-05 9.98505E-05 9.98505E-05 9.98505E-05
0.0312556 0.0918923 0.088417 0.105827 9.99033E-05 9.99033E-05 9.99033E-05 0.0872545 9.99033E-05 9.99033E-05 9.99033E-05 9.99033E-05 9.99033E-05 0.575251 9.99033E-05 0.0190038 9.99033E-05 9.99033E-05
