9.98772E-05 0.0242779 9.98772E-05 9.98772E-05 9.98772E-05 0.120713 9.98772E-05 9.98772E-05 0.00550794 9.98772E-05 9.98772E-05 9.98772E-05 0.0802963 0.244615 0.0132008 9.98772E-05 9.98772E-05 0.0477181 9.98772E-05 9.98772E-05 0.462273 9.98772E-05
9.98332E-05 9.98332E-05 9.98332E-05 9.98332E-05 9.98332E-05 9.98332E-05 9.98332E-05 9.98332E-05 0.0730939 9.98332E-05 9.98332E-05 9.98332E-05 9.98332E-05 0.0423144 9.98332E-05 9.98332E-05 9.98332E-05 9.98332E-05 9.98332E-05 9.98332E-05 0.882695 9.98332E-05
9.98157E-05 9.98157E-05 0.997904 9.98157E-05 9.98157E-05 9.98157E-05 9.98157E-05 9.98157E-05 9.98157E-05 9.98157E-05 9.98157E-05 9.98157E-05 9.98157E-05 9.98157E-05 9.98157E-05 9.98157E-05 9.98157E-05 9.98157E-05 9.98157E-05 9.98157E-05 9.98157E-05 9.98157E-05
9.98859E-05 9.98859E-05 0.31013 9.98859E-05 9.98859E-05 0.151415 0.115222 0.210318 9.98859E-05 9.98859E-05 9.98859E-05 9.98859E-05 0.0414 9.98859E-05 0.0211028 9.98859E-05 9.98859E-05 0.00508444 9.98859E-05 0.127294 9.98859E-05 0.0167344
0.00401698 9.98509E-05 9.98509E-05 9.98509E-05 9.98509E-05 9.98509E-05 9.98509E-05 9.98509E-05 0.028139 9.98509E-05 9.98509E-05 9.98509E-05 9.98509E-05 9.98509E-05 9.98509E-05 9.98509E-05 9.98509E-05 9.98509E-05 9.98509E-05 0.0171023 0.90333 0.0457145
0.0773624 0.0139397 0.265678 9.98771E-05 9.98771E-05 9.98771E-05 0.164862 9.98771E-05 0.016455 9.98771E-05 9.98771E-05 9.98771E-05 9.98771E-05 0.1678 9.98771E-05 9.98771E-05 9.98771E-05 9.98771E-05 0.135665 9.98771E-05 9.98771E-05 0.15684
9.9886E-05 9.9886E-05 9.9886E-05 9.9886E-05 9.9886E-05 0.144326 9.9886E-05 0.103709 0.0550461 9.9886E-05 9.9886E-05 0.0807652 0.105584 0.0965708 9.9886E-05 0.0992141 9.9886E-05 0.0099352 9.9886E-05 9.9886E-05 0.303551 9.9886E-05
0.0397498 0.00484245 0.0732262 0.00734888 9.99123E-05 0.286834 0.177479 0.0308951 9.99123E-05 9.99123E-05 0.00933189 0.0600229 9.99123E-05 9.99123E-05 9.99123E-05 9.99123E-05 9.99123E-05 9.99123E-05 0.0889324 9.99123E-05 0.139012 0.0813259
9.98595E-05 9.98595E-05 0.263257 9.98595E-05 9.98595E-05 0.0987896 9.98595E-05 9.98595E-05 9.98595E-05 9.98595E-05 9.98595E-05 9.98595E-05 9.98595E-05 9.98595E-05 9.98595E-05 0.12084 9.98595E-05 0.146125 0.199521 0.16987 9.98595E-05 9.98595E-05
9.98246E-05 9.98246E-05 9.98246E-05 9.98246E-05 9.98246E-05 9.98246E-05 9.98246E-05 9.98246E-05 9.98246E-05 9.98246E-05 9.98246E-05 9.98246E-05 9.98246E-05 9.98246E-05 9.98246E-05 9.98246E-05 9.98246E-05 0.0480506 9.98246E-05 9.98246E-05 0.949953 9.98246E-05
9.98684E-05 9.98684E-05 0.15501 9.98684E-05 9.98684E-05 0.14112 9.98684E-05 9.98684E-05 9.98684E-05 9.98684E-05 9.98684E-05 9.98684E-05 0.0992863 0.154061 9.98684E-05 9.98684E-05 9.98684E-05 0.177033 0.0326539 9.98684E-05 0.239338 9.98684E-05
9.98509E-05 9.98509E-05 0.953282 9.98509E-05 9.98509E-05 9.98509E-05 9.98509E-05 0.0370511 9.98509E-05 9.98509E-05 9.98509E-05 9.98509E-05 0.00394928 9.98509E-05 9.98509E-05 9.98509E-05 9.98509E-05 0.00118895 9.98509E-05 9.98509E-05 9.98509E-05 0.0028313
9.98333E-05 9.98333E-05 9.98333E-05 9.98333E-05 9.98333E-05 0.0422588 9.98333E-05 9.98333E-05 9.98333E-05 9.98333E-05 9.98333E-05 9.98333E-05 9.98333E-05 9.98333E-05 9.98333E-05 9.98333E-05 9.98333E-05 0.0494848 9.98333E-05 9.98333E-05 0.90636 9.98333E-05
9.98596E-05 9.98596E-05 9.98596E-05 0.0714443 9.98596E-05 9.98596E-05 9.98596E-05 9.98596E-05 9.98596E-05 0.0142774 9.98596E-05 9.98596E-05 0.0410067 9.98596E-05 9.98596E-05 9.98596E-05 0.191208 0.0319908 9.98596E-05 9.98596E-05 0.648475 9.98596E-05
9.9886E-05 9.9886E-05 0.201405 9.9886E-05 0.0199044 9.9886E-05 0.12696 9.9886E-05 9.9886E-05 0.0574266 9.9886E-05 9.9886E-05 9.9886E-05 0.208403 9.9886E-05 0.000138222 9.9886E-05 0.173604 0.150882 9.9886E-05 0.0599784 9.9886E-05
9.98859E-05 0.0850019 9.98859E-05 0.184704 9.98859E-05 0.0318804 0.0868181 9.98859E-05 9.98859E-05 0.0300871 9.98859E-05 9.98859E-05 9.98859E-05 0.149478 9.98859E-05 9.98859E-05 9.98859E-05 0.0526537 0.141302 9.98859E-05 0.236776 9.98859E-05
9.98947E-05 0.0491015 0.519567 0.00307563 0.193138 0.000468452 9.98947E-05 9.98947E-05 0.0655861 0.0316618 9.98947E-05 9.98947E-05 0.0413733 9.98947E-05 9.98947E-05 9.98947E-05 9.98947E-05 0.044214 9.98947E-05 9.98947E-05 0.0506157 9.98947E-05
9.98771E-05 9.98771E-05 9.98771E-05 9.98771E-05 9.98771E-05 0.118976 9.98771E-05 9.98771E-05 9.98771E-05 9.98771E-05 0.159834 9.98771E-05 9.98771E-05 0.188205 0.0845862 9.98771E-05 9.98771E-05 0.149619 0.0107664 0.067683 0.218932 9.98771E-05
9.98682E-05 9.98682E-05 0.329177 9.98682E-05 9.98682E-05 0.199343 9.98682E-05 9.98682E-05 9.98682E-05 0.0212977 0.017406 9.98682E-05 9.98682E-05 9.98682E-05 9.98682E-05 9.98682E-05 9.98682E-05 0.188439 0.0479225 9.98682E-05 9.98682E-05 0.194917
9.98334E-05 9.98334E-05 0.816995 9.98334E-05 9.98334E-05 9.98334E-05 9.98334E-05 9.98334E-05 9.98334E-05 9.98334E-05 9.98334E-05 9.98334E-05 9.98334E-05 9.98334E-05 0.018278 9.98334E-05 9.98334E-05 9.98334E-05 9.98334E-05 9.98334E-05 0.16283 9.98334E-05
9.98858E-05 9.98858E-05 0.348111 0.0465188 9.98858E-05 9.98858E-05 9.98858E-05 0.0126681 9.98858E-05 9.98858E-05 9.98858E-05 9.98858E-05 0.060889 9.98858E-05 0.0245084 9.98858E-05 9.98858E-05 0.0334222 0.0468201 0.305775 0.119988 9.98858E-05
0.0835562 9.98597E-05 0.281587 9.98597E-05 9.98597E-05 0.335531 9.98597E-05 9.98597E-05 9.98597E-05 0.0102506 9.98597E-05 9.98597E-05 9.98597E-05 9.98597E-05 9.98597E-05 9.98597E-05 9.98597E-05 9.98597E-05 0.149718 9.98597E-05 9.98597E-05 0.137759
9.9851E-05 9.9851E-05 9.9851E-05 9.9851E-05 9.9851E-05 9.9851E-05 9.9851E-05 0.00713304 9.9851E-05 9.9851E-05 9.9851E-05 9.9851E-05 0.0292917 0.227994 9.9851E-05 9.9851E-05 9.9851E-05 0.137515 9.9851E-05 9.9851E-05 0.596368 9.9851E-05
9.98508E-05 0.00704596 9.98508E-05 9.98508E-05 9.98508E-05 0.328005 9.98508E-05 9.98508E-05 9.98508E-05 9.98508E-05 9.98508E-05 9.98508E-05 9.98508E-05 9.98508E-05 9.98508E-05 0.0635136 9.98508E-05 0.214486 9.98508E-05 9.98508E-05 0.385252 9.98508E-05
9.9877E-05 9.9877E-05 0.0863384 9.9877E-05 9.9877E-05 0.0710366 0.133033 9.9877E-05 9.9877E-05 0.157717 9.9877E-05 9.9877E-05 0.0389512 9.9877E-05 9.9877E-05 9.9877E-05 9.9877E-05 0.277135 0.0182902 9.9877E-05 0.216099 9.9877E-05
9.98597E-05 9.98597E-05 0.759429 9.98597E-05 9.98597E-05 0.0141833 0.0285874 0.112497 9.98597E-05 0.00202405 9.98597E-05 9.98597E-05 9.98597E-05 9.98597E-05 9.98597E-05 9.98597E-05 9.98597E-05 0.0816816 9.98597E-05 9.98597E-05 9.98597E-05 9.98597E-05
9.98684E-05 9.98684E-05 0.0442642 0.0143133 9.98684E-05 0.308093 0.348414 0.136989 9.98684E-05 9.98684E-05 0.0813506 9.98684E-05 9.98684E-05 9.98684E-05 9.98684E-05 9.98684E-05 9.98684E-05 0.0650785 9.98684E-05 9.98684E-05 9.98684E-05 9.98684E-05
9.98509E-05 9.98509E-05 9.98509E-05 9.98509E-05 9.98509E-05 0.0522867 9.98509E-05 0.0561118 9.98509E-05 9.98509E-05 9.98509E-05 9.98509E-05 9.98509E-05 9.98509E-05 9.98509E-05 9.98509E-05 9.98509E-05 0.0261353 9.98509E-05 9.98509E-05 0.845285 0.0184837
9.98422E-05 9.98422E-05 9.98422E-05 9.98422E-05 9.98422E-05 9.98422E-05 0.0752101 9.98422E-05 9.98422E-05 9.98422E-05 9.98422E-05 9.98422E-05 9.98422E-05 0.0137828 9.98422E-05 9.98422E-05 9.98422E-05 0.250897 9.98422E-05 9.98422E-05 0.658313 9.98422E-05
9.98509E-05 9.98509E-05 9.98509E-05 9.98509E-05 0.176993 9.98509E-05 9.98509E-05 9.98509E-05 9.98509E-05 9.98509E-05 9.98509E-05 9.98509E-05 9.98509E-05 9.98509E-05 9.98509E-05 0.0451491 9.98509E-05 0.0469741 9.98509E-05 9.98509E-05 0.633254 0.0959323
9.98508E-05 9.98508E-05 0.177549 9.98508E-05 9.98508E-05 9.98508E-05 9.98508E-05 9.98508E-05 9.98508E-05 0.105044 9.98508E-05 9.98508E-05 0.0682326 0.143257 9.98508E-05 9.98508E-05 9.98508E-05 9.98508E-05 9.98508E-05 9.98508E-05 0.504219 9.98508E-05
0.0330337 9.98861E-05 0.537216 9.98861E-05 0.0225164 0.107384 0.0852229 9.98861E-05 9.98861E-05 9.98861E-05 9.98861E-05 9.98861E-05 0.0612152 0.0162862 9.98861E-05 9.98861E-05 9.98861E-05 0.13036 9.98861E-05 9.98861E-05 9.98861E-05 0.00546699
9.9877E-05 9.9877E-05 0.505451 0.016454 9.9877E-05 0.108837 0.0138941 0.000453184 9.9877E-05 9.9877E-05 9.9877E-05 9.9877E-05 0.0715406 0.142571 9.9877E-05 9.9877E-05 9.9877E-05 0.1394 9.9877E-05 9.9877E-05 9.9877E-05 9.9877E-05
9.98684E-05 9.98684E-05 0.00269809 9.98684E-05 9.98684E-05 0.138863 0.142351 9.98684E-05 9.98684E-05 9.98684E-05 9.98684E-05 0.0378328 0.0148159 9.98684E-05 9.98684E-05 9.98684E-05 9.98684E-05 0.138136 9.98684E-05 9.98684E-05 0.523805 9.98684E-05
9.98597E-05 9.98597E-05 9.98597E-05 9.98597E-05 9.98597E-05 9.98597E-05 9.98597E-05 9.98597E-05 0.0195866 9.98597E-05 9.98597E-05 9.98597E-05 0.0194379 9.98597E-05 0.0248673 9.98597E-05 9.98597E-05 0.0298675 0.00720456 9.98597E-05 0.897438 9.98597E-05
9.98509E-05 9.98509E-05 0.753756 9.98509E-05 9.98509E-05 0.0977446 9.98509E-05 0.0375673 9.98509E-05 9.98509E-05 9.98509E-05 9.98509E-05 9.98509E-05 9.98509E-05 9.98509E-05 0.100792 9.98509E-05 9.98509E-05 0.00844193 9.98509E-05 9.98509E-05 9.98509E-05
9.98335E-05 9.98335E-05 0.899346 9.98335E-05 9.98335E-05 9.98335E-05 9.98335E-05 9.98335E-05 9.98335E-05 9.98335E-05 9.98335E-05 0.0102576 9.98335E-05 9.98335E-05 9.98335E-05 9.98335E-05 9.98335E-05 9.98335E-05 9.98335E-05 9.98335E-05 9.98335E-05 0.0884992
9.98598E-05 9.98598E-05 0.27053 9.98598E-05 9.98598E-05 9.98598E-05 9.98598E-05 9.98598E-05 0.0274434 9.98598E-05 9.98598E-05 9.98598E-05 9.98598E-05 9.98598E-05 0.0602397 9.98598E-05 9.98598E-05 0.0522348 0.143273 9.98598E-05 0.444681 9.98598E-05
0.0429297 9.98685E-05 0.599738 9.98685E-05 0.109547 0.0222015 9.98685E-05 9.98685E-05 0.0621547 9.98685E-05 9.98685E-05 9.98685E-05 0.00861413 9.98685E-05 9.98685E-05 9.98685E-05 9.98685E-05 0.153317 9.98685E-05 9.98685E-05 9.98685E-05 9.98685E-05
9.98771E-05 9.98771E-05 0.207369 0.11635 9.98771E-05 0.0780295 9.98771E-05 9.98771E-05 9.98771E-05 9.98771E-05 9.98771E-05 0.00738033 9.98771E-05 9.98771E-05 9.98771E-05 9.98771E-05 0.102851 0.0908272 9.98771E-05 9.98771E-05 0.355946 0.0398484
9.98508E-05 9.98508E-05 0.787842 9.98508E-05 9.98508E-05 0.106989 9.98508E-05 9.98508E-05 9.98508E-05 0.00408351 9.98508E-05 9.98508E-05 9.98508E-05 9.98508E-05 9.98508E-05 9.98508E-05 9.98508E-05 0.035525 9.98508E-05 9.98508E-05 9.98508E-05 0.0638629
9.98422E-05 9.98422E-05 9.98422E-05 9.98422E-05 9.98422E-05 0.201149 9.98422E-05 9.98422E-05 9.98422E-05 9.98422E-05 9.98422E-05 9.98422E-05 9.98422E-05 9.98422E-05 9.98422E-05 9.98422E-05 9.98422E-05 0.0511627 0.00736702 9.98422E-05 0.738524 9.98422E-05
9.98332E-05 9.98332E-05 9.98332E-05 9.98332E-05 9.98332E-05 9.98332E-05 9.98332E-05 9.98332E-05 9.98332E-05 9.98332E-05 9.98332E-05 9.98332E-05 9.98332E-05 9.98332E-05 9.98332E-05 9.98332E-05 0.072574 9.98332E-05 9.98332E-05 9.98332E-05 0.879184 0.0463446
9.98772E-05 9.98772E-05 0.0371361 9.98772E-05 9.98772E-05 0.112707 9.98772E-05 9.98772E-05 9.98772E-05 9.98772E-05 9.98772E-05 9.98772E-05 0.0585677 0.107477 9.98772E-05 0.0890756 9.98772E-05 0.165957 0.0903328 9.98772E-05 0.337348 9.98772E-05
9.98685E-05 9.98685E-05 0.204251 9.98685E-05 9.98685E-05 0.377872 9.98685E-05 0.0857662 9.98685E-05 9.98685E-05 9.98685E-05 9.98685E-05 9.98685E-05 9.98685E-05 9.98685E-05 0.00240994 9.98685E-05 0.162562 9.98685E-05 9.98685E-05 0.0544921 0.111148
9.98683E-05 9.98683E-05 0.804225 9.98683E-05 9.98683E-05 9.98683E-05 9.98683E-05 0.0215989 9.98683E-05 9.98683E-05 0.076596 9.98683E-05 9.98683E-05 9.98683E-05 0.0358894 9.98683E-05 9.98683E-05 0.0168257 9.98683E-05 9.98683E-05 0.03659 0.00677698
9.98334E-05 9.98334E-05 9.98334E-05 9.98334E-05 9.98334E-05 9.98334E-05 9.98334E-05 0.0253578 9.98334E-05 9.98334E-05 9.98334E-05 9.98334E-05 9.98334E-05 9.98334E-05 9.98334E-05 9.98334E-05 9.98334E-05 0.0840466 9.98334E-05 9.98334E-05 0.888699 9.98334E-05
9.98422E-05 9.98422E-05 0.911815 0.0476275 9.98422E-05 9.98422E-05 9.98422E-05 9.98422E-05 9.98422E-05 9.98422E-05 9.98422E-05 9.98422E-05 9.98422E-05 0.0317904 0.00696939 9.98422E-05 9.98422E-05 9.98422E-05 9.98422E-05 9.98422E-05 9.98422E-05 9.98422E-05
9.98595E-05 9.98595E-05 0.16477 9.98595E-05 9.98595E-05 0.1873 9.98595E-05 9.98595E-05 9.98595E-05 9.98595E-05 9.98595E-05 9.98595E-05 0.0392438 9.98595E-05 9.98595E-05 9.98595E-05 9.98595E-05 0.074752 9.98595E-05 9.98595E-05 0.507939 0.0243976
9.98601E-05 0.0332057 9.98601E-05 9.98601E-05 9.98601E-05 9.98601E-05 9.98601E-05 9.98601E-05 9.98601E-05 9.98601E-05 0.000357606 0.131741 9.98601E-05 9.98601E-05 9.98601E-05 9.98601E-05 9.98601E-05 0.0380213 0.0146295 9.98601E-05 0.780448 9.98601E-05
9.98858E-05 9.98858E-05 9.98858E-05 9.98858E-05 9.98858E-05 0.101433 0.0818371 0.0284918 9.98858E-05 9.98858E-05 9.98858E-05 9.98858E-05 0.136213 9.98858E-05 9.98858E-05 0.116101 9.98858E-05 0.15259 0.050299 9.98858E-05 0.323895 0.00784082
9.98597E-05 9.98597E-05 9.98597E-05 0.0715668 9.98597E-05 0.185539 9.98597E-05 0.0807109 9.98597E-05 9.98597E-05 9.98597E-05 9.98597E-05 9.98597E-05 9.98597E-05 0.0365398 0.014026 9.98597E-05 9.98597E-05 9.98597E-05 9.98597E-05 0.610019 9.98597E-05
9.98597E-05 9.98597E-05 0.119687 9.98597E-05 9.98597E-05 9.98597E-05 9.98597E-05 9.98597E-05 0.00220833 0.0137724 0.0623585 9.98597E-05 9.98597E-05 9.98597E-05 9.98597E-05 9.98597E-05 9.98597E-05 0.034824 9.98597E-05 9.98597E-05 0.765552 9.98597E-05
0.0431999 9.98597E-05 9.98597E-05 0.178266 9.98597E-05 9.98597E-05 9.98597E-05 9.98597E-05 9.98597E-05 9.98597E-05 9.98597E-05 0.0222096 9.98597E-05 9.98597E-05 9.98597E-05 9.98597E-05 9.98597E-05 0.0632533 9.98597E-05 0.00557979 0.685894 9.98597E-05
9.98424E-05 9.98424E-05 0.846763 9.98424E-05 9.98424E-05 9.98424E-05 9.98424E-05 9.98424E-05 9.98424E-05 0.0786859 0.0187914 9.98424E-05 9.98424E-05 9.98424E-05 9.98424E-05 9.98424E-05 9.98424E-05 0.0539624 9.98424E-05 9.98424E-05 9.98424E-05 9.98424E-05
9.98422E-05 9.98422E-05 0.834357 9.98422E-05 9.98422E-05 9.98422E-05 0.0988197 9.98422E-05 9.98422E-05 9.98422E-05 9.98422E-05 9.98422E-05 9.98422E-05 9.98422E-05 0.0205674 9.98422E-05 9.98422E-05 9.98422E-05 9.98422E-05 9.98422E-05 9.98422E-05 0.0444591
9.98683E-05 9.98683E-05 0.737228 0.023194 9.98683E-05 9.98683E-05 9.98683E-05 9.98683E-05 0.0519125 9.98683E-05 0.0876435 9.98683E-05 0.054839 9.98683E-05 9.98683E-05 9.98683E-05 9.98683E-05 0.010558 9.98683E-05 9.98683E-05 9.98683E-05 0.0331268
9.98423E-05 9.98423E-05 0.842535 9.98423E-05 9.98423E-05 9.98423E-05 9.98423E-05 0.104099 9.98423E-05 9.98423E-05 9.98423E-05 9.98423E-05 0.0328911 9.98423E-05 9.98423E-05 9.98423E-05 9.98423E-05 0.0186777 9.98423E-05 9.98423E-05 9.98423E-05 9.98423E-05
9.98245E-05 9.98245E-05 9.98245E-05 9.98245E-05 9.98245E-05 9.98245E-05 9.98245E-05 9.98245E-05 9.98245E-05 9.98245E-05 9.98245E-05 0.0451726 9.98245E-05 9.98245E-05 9.98245E-05 9.98245E-05 9.98245E-05 9.98245E-05 9.98245E-05 9.98245E-05 0.952831 9.98245E-05
9.98684E-05 9.98684E-05 9.98684E-05 9.98684E-05 9.98684E-05 0.00361746 9.98684E-05 9.98684E-05 9.98684E-05 9.98684E-05 0.0279106 0.0357993 0.0357579 0.716116 9.98684E-05 9.98684E-05 9.98684E-05 0.161832 0.0174682 9.98684E-05 9.98684E-05 9.98684E-05
9.98422E-05 9.98422E-05 9.98422E-05 9.98422E-05 9.98422E-05 9.98422E-05 9.98422E-05 9.98422E-05 9.98422E-05 0.0435239 9.98422E-05 9.98422E-05 9.98422E-05 0.872136 9.98422E-05 0.0470491 9.98422E-05 9.98422E-05 9.98422E-05 9.98422E-05 9.98422E-05 0.0354935
9.98421E-05 9.98421E-05 9.98421E-05 9.98421E-05 9.98421E-05 9.98421E-05 9.98421E-05 9.98421E-05 9.98421E-05 9.98421E-05 0.10441 0.0386517 0.0181623 0.836979 9.98421E-05 9.98421E-05 9.98421E-05 9.98421E-05 9.98421E-05 9.98421E-05 9.98421E-05 9.98421E-05
9.98684E-05 9.98684E-05 9.98684E-05 9.98684E-05 9.98684E-05 9.98684E-05 0.169302 9.98684E-05 0.265437 9.98684E-05 0.00217531 0.0518362 9.98684E-05 0.360607 9.98684E-05 9.98684E-05 9.98684E-05 0.0257408 0.123403 9.98684E-05 9.98684E-05 9.98684E-05
9.98769E-05 9.98769E-05 9.98769E-05 9.98769E-05 9.98769E-05 0.0517711 9.98769E-05 9.98769E-05 9.98769E-05 9.98769E-05 0.0392753 0.0449417 9.98769E-05 0.705948 0.0525148 9.98769E-05 9.98769E-05 0.025841 0.0676547 9.98769E-05 9.98769E-05 0.010655
9.98594E-05 0.0503043 9.98594E-05 9.98594E-05 9.98594E-05 0.0248197 9.98594E-05 9.98594E-05 9.98594E-05 9.98594E-05 9.98594E-05 9.98594E-05 9.98594E-05 0.710326 9.98594E-05 0.0266609 9.98594E-05 0.158643 0.0276485 9.98594E-05 9.98594E-05 9.98594E-05
9.98594E-05 9.98594E-05 9.98594E-05 9.98594E-05 9.98594E-05 9.98594E-05 9.98594E-05 0.041515 0.206712 9.98594E-05 9.98594E-05 9.98594E-05 0.0346807 0.626889 9.98594E-05 9.98594E-05 9.98594E-05 0.0804685 9.98594E-05 0.00813696 9.98594E-05 9.98594E-05
9.98506E-05 9.98506E-05 9.98506E-05 9.98506E-05 9.98506E-05 9.98506E-05 9.98506E-05 9.98506E-05 0.0398023 9.98506E-05 0.17808 9.98506E-05 9.98506E-05 0.623456 9.98506E-05 9.98506E-05 9.98506E-05 0.0988349 0.058129 9.98506E-05 9.98506E-05 9.98506E-05
9.98421E-05 9.98421E-05 9.98421E-05 9.98421E-05 9.98421E-05 9.98421E-05 9.98421E-05 9.98421E-05 0.00593242 9.98421E-05 0.024497 9.98421E-05 9.98421E-05 0.923805 9.98421E-05 0.0439683 9.98421E-05 9.98421E-05 9.98421E-05 9.98421E-05 9.98421E-05 9.98421E-05
9.98419E-05 0.012153 9.98419E-05 9.98419E-05 9.98419E-05 9.98419E-05 9.98419E-05 9.98419E-05 9.98419E-05 9.98419E-05 9.98419E-05 9.98419E-05 0.0560853 0.910303 9.98419E-05 9.98419E-05 9.98419E-05 9.98419E-05 0.019662 9.98419E-05 9.98419E-05 9.98419E-05
9.98505E-05 9.98505E-05 9.98505E-05 9.98505E-05 9.98505E-05 9.98505E-05 9.98505E-05 9.98505E-05 9.98505E-05 9.98505E-05 9.98505E-05 9.98505E-05 0.169839 0.600222 9.98505E-05 9.98505E-05 9.98505E-05 0.167274 0.0370103 9.98505E-05 9.98505E-05 0.0239577
9.98858E-05 0.0499682 9.98858E-05 0.0497729 9.98858E-05 0.157289 9.98858E-05 9.98858E-05 9.98858E-05 0.0653546 9.98858E-05 0.0103576 0.0574954 0.408427 9.98858E-05 9.98858E-05 9.98858E-05 0.149769 9.98858E-05 9.98858E-05 9.98858E-05 0.0502668
0.0966811 0.109513 9.9877E-05 0.0596371 9.9877E-05 9.9877E-05 0.108883 9.9877E-05 9.9877E-05 9.9877E-05 9.9877E-05 9.9877E-05 0.0087929 0.36771 9.9877E-05 9.9877E-05 9.9877E-05 9.9877E-05 0.195954 9.9877E-05 9.9877E-05 0.0514306
0.12158 9.98595E-05 9.98595E-05 9.98595E-05 9.98595E-05 0.130463 9.98595E-05 9.98595E-05 0.0187101 0.0112792 9.98595E-05 9.98595E-05 9.98595E-05 0.54049 9.98595E-05 9.98595E-05 9.98595E-05 0.175881 9.98595E-05 9.98595E-05 9.98595E-05 9.98595E-05
9.98249E-05 9.98249E-05 9.98249E-05 0.0696848 9.98249E-05 9.98249E-05 9.98249E-05 9.98249E-05 9.98249E-05 9.98249E-05 9.98249E-05 9.98249E-05 9.98249E-05 0.928319 9.98249E-05 9.98249E-05 9.98249E-05 9.98249E-05 9.98249E-05 9.98249E-05 9.98249E-05 9.98249E-05
9.98509E-05 9.98509E-05 9.98509E-05 9.98509E-05 9.98509E-05 9.98509E-05 9.98509E-05 0.000964433 9.98509E-05 9.98509E-05 9.98509E-05 9.98509E-05 0.00552064 0.970628 9.98509E-05 9.98509E-05 9.98509E-05 0.007141 0.0140489 9.98509E-05 9.98509E-05 9.98509E-05
9.98595E-05 9.98595E-05 9.98595E-05 9.98595E-05 9.98595E-05 9.98595E-05 0.0685659 9.98595E-05 9.98595E-05 9.98595E-05 0.037688 0.0738585 9.98595E-05 0.663246 9.98595E-05 9.98595E-05 9.98595E-05 0.0459237 9.98595E-05 9.98595E-05 9.98595E-05 0.10912
9.98595E-05 0.187358 9.98595E-05 9.98595E-05 9.98595E-05 0.100423 9.98595E-05 9.98595E-05 9.98595E-05 9.98595E-05 9.98595E-05 9.98595E-05 0.0631983 0.536233 9.98595E-05 9.98595E-05 9.98595E-05 9.98595E-05 0.0658815 9.98595E-05 9.98595E-05 0.0453088
9.98508E-05 0.0425414 9.98508E-05 9.98508E-05 9.98508E-05 9.98508E-05 9.98508E-05 9.98508E-05 9.98508E-05 9.98508E-05 0.0260323 9.98508E-05 0.0448029 0.846164 9.98508E-05 9.98508E-05 9.98508E-05 0.0387618 9.98508E-05 9.98508E-05 9.98508E-05 9.98508E-05
9.98417E-05 9.98417E-05 9.98417E-05 0.0766648 9.98417E-05 9.98417E-05 9.98417E-05 9.98417E-05 9.98417E-05 9.98417E-05 9.98417E-05 9.98417E-05 0.00512482 0.729823 9.98417E-05 9.98417E-05 9.98417E-05 0.186591 9.98417E-05 9.98417E-05 9.98417E-05 9.98417E-05
9.98249E-05 9.98249E-05 9.98249E-05 9.98249E-05 9.98249E-05 9.98249E-05 9.98249E-05 9.98249E-05 9.98249E-05 9.98249E-05 9.98249E-05 9.98249E-05 9.98249E-05 0.992403 9.98249E-05 9.98249E-05 0.00560026 9.98249E-05 9.98249E-05 9.98249E-05 9.98249E-05 9.98249E-05
9.98331E-05 9.98331E-05 9.98331E-05 9.98331E-05 9.98331E-05 0.193141 9.98331E-05 9.98331E-05 9.98331E-05 9.98331E-05 9.98331E-05 9.98331E-05 9.98331E-05 0.757381 9.98331E-05 9.98331E-05 9.98331E-05 0.0475816 9.98331E-05 9.98331E-05 9.98331E-05 9.98331E-05
9.98422E-05 9.98422E-05 9.98422E-05 9.98422E-05 9.98422E-05 0.0198679 0.120355 9.98422E-05 0.00928279 9.98422E-05 9.98422E-05 9.98422E-05 9.98422E-05 0.848697 9.98422E-05 9.98422E-05 9.98422E-05 9.98422E-05 9.98422E-05 9.98422E-05 9.98422E-05 9.98422E-05
9.98771E-05 9.98771E-05 9.98771E-05 9.98771E-05 9.98771E-05 9.98771E-05 0.0197432 9.98771E-05 9.98771E-05 9.98771E-05 0.00333735 0.0257667 0.0141802 0.662763 9.98771E-05 0.0575269 9.98771E-05 9.98771E-05 0.0422939 9.98771E-05 9.98771E-05 0.172991
9.98331E-05 0.107855 9.98331E-05 9.98331E-05 9.98331E-05 9.98331E-05 9.98331E-05 9.98331E-05 9.98331E-05 9.98331E-05 9.98331E-05 9.98331E-05 0.094741 0.795507 9.98331E-05 9.98331E-05 9.98331E-05 9.98331E-05 9.98331E-05 9.98331E-05 9.98331E-05 9.98331E-05
9.98424E-05 9.98424E-05 0.0329391 9.98424E-05 9.98424E-05 9.98424E-05 9.98424E-05 9.98424E-05 9.98424E-05 9.98424E-05 9.98424E-05 9.98424E-05 9.98424E-05 0.930869 0.0261434 9.98424E-05 9.98424E-05 9.98424E-05 0.00825126 9.98424E-05 9.98424E-05 9.98424E-05
9.98422E-05 0.043189 9.98422E-05 9.98422E-05 0.0377187 0.0475474 9.98422E-05 9.98422E-05 9.98422E-05 9.98422E-05 9.98422E-05 9.98422E-05 9.98422E-05 0.869748 9.98422E-05 9.98422E-05 9.98422E-05 9.98422E-05 9.98422E-05 9.98422E-05 9.98422E-05 9.98422E-05
9.98422E-05 9.98422E-05 9.98422E-05 9.98422E-05 9.98422E-05 9.98422E-05 9.98422E-05 9.98422E-05 9.98422E-05 9.98422E-05 9.98422E-05 9.98422E-05 9.98422E-05 0.94875 0.000434639 9.98422E-05 9.98422E-05 0.0408655 0.00815305 9.98422E-05 9.98422E-05 9.98422E-05
9.98508E-05 0.00162784 9.98508E-05 9.98508E-05 9.98508E-05 9.98508E-05 9.98508E-05 9.98508E-05 9.98508E-05 9.98508E-05 0.087564 9.98508E-05 9.98508E-05 0.873015 9.98508E-05 9.98508E-05 9.98508E-05 0.014221 0.0218747 9.98508E-05 9.98508E-05 9.98508E-05
9.98421E-05 9.98421E-05 9.98421E-05 9.98421E-05 9.98421E-05 9.98421E-05 9.98421E-05 9.98421E-05 9.98421E-05 9.98421E-05 9.98421E-05 9.98421E-05 9.98421E-05 0.54959 9.98421E-05 9.98421E-05 0.349317 0.0791676 0.0201281 9.98421E-05 9.98421E-05 9.98421E-05
9.98334E-05 9.98334E-05 9.98334E-05 9.98334E-05 9.98334E-05 9.98334E-05 0.736948 9.98334E-05 9.98334E-05 9.98334E-05 9.98334E-05 9.98334E-05 9.98334E-05 9.98334E-05 9.98334E-05 9.98334E-05 9.98334E-05 0.163154 0.0980012 9.98334E-05 9.98334E-05 9.98334E-05
9.98334E-05 9.98334E-05 9.98334E-05 9.98334E-05 0.0198465 9.98334E-05 0.460008 9.98334E-05 9.98334E-05 9.98334E-05 9.98334E-05 9.98334E-05 9.98334E-05 9.98334E-05 9.98334E-05 9.98334E-05 0.518248 9.98334E-05 9.98334E-05 9.98334E-05 9.98334E-05 9.98334E-05
9.98333E-05 9.98333E-05 9.98333E-05 9.98333E-05 9.98333E-05 9.98333E-05 0.855948 9.98333E-05 9.98333E-05 9.98333E-05 0.0065215 9.98333E-05 9.98333E-05 9.98333E-05 9.98333E-05 9.98333E-05 9.98333E-05 0.135633 9.98333E-05 9.98333E-05 9.98333E-05 9.98333E-05
9.98507E-05 9.98507E-05 9.98507E-05 9.98507E-05 9.98507E-05 9.98507E-05 0.80911 9.98507E-05 9.98507E-05 9.98507E-05 0.0351637 9.98507E-05 0.00176342 9.98507E-05 9.98507E-05 9.98507E-05 9.98507E-05 0.0938478 0.0584174 9.98507E-05 9.98507E-05 9.98507E-05
9.98506E-05 0.0340477 9.98506E-05 9.98506E-05 9.98506E-05 9.98506E-05 0.825762 0.0428646 9.98506E-05 9.98506E-05 9.98506E-05 9.98506E-05 0.0037115 9.98506E-05 9.98506E-05 0.0919163 9.98506E-05 9.98506E-05 9.98506E-05 9.98506E-05 9.98506E-05 9.98506E-05
9.98508E-05 9.98508E-05 9.98508E-05 9.98508E-05 0.0901991 9.98508E-05 0.646197 0.0458875 9.98508E-05 9.98508E-05 9.98508E-05 9.98508E-05 9.98508E-05 9.98508E-05 9.98508E-05 9.98508E-05 9.98508E-05 0.0942433 0.121776 9.98508E-05 9.98508E-05 9.98508E-05
9.98771E-05 0.0494883 9.98771E-05 9.98771E-05 9.98771E-05 0.0229528 0.569207 9.98771E-05 9.98771E-05 9.98771E-05 0.0297655 9.98771E-05 0.0474899 9.98771E-05 9.98771E-05 9.98771E-05 0.127899 0.102248 0.0495504 9.98771E-05 9.98771E-05 9.98771E-05
9.98245E-05 9.98245E-05 9.98245E-05 9.98245E-05 9.98245E-05 9.98245E-05 0.798977 9.98245E-05 9.98245E-05 9.98245E-05 9.98245E-05 9.98245E-05 9.98245E-05 9.98245E-05 9.98245E-05 9.98245E-05 9.98245E-05 9.98245E-05 0.199026 9.98245E-05 9.98245E-05 9.98245E-05
9.98595E-05 0.00169017 9.98595E-05 9.98595E-05 9.98595E-05 9.98595E-05 0.295878 9.98595E-05 0.228541 0.0110802 9.98595E-05 9.98595E-05 9.98595E-05 9.98595E-05 9.98595E-05 9.98595E-05 9.98595E-05 0.121668 0.339546 9.98595E-05 9.98595E-05 9.98595E-05
9.98508E-05 0.00413897 9.98508E-05 9.98508E-05 9.98508E-05 9.98508E-05 0.496683 0.027473 9.98508E-05 9.98508E-05 9.98508E-05 9.98508E-05 9.98508E-05 9.98508E-05 9.98508E-05 9.98508E-05 9.98508E-05 0.291542 0.178466 9.98508E-05 9.98508E-05 9.98508E-05
9.98334E-05 9.98334E-05 9.98334E-05 9.98334E-05 0.351329 9.98334E-05 0.489554 9.98334E-05 0.15722 9.98334E-05 9.98334E-05 9.98334E-05 9.98334E-05 9.98334E-05 9.98334E-05 9.98334E-05 9.98334E-05 9.98334E-05 9.98334E-05 9.98334E-05 9.98334E-05 9.98334E-05
9.98507E-05 9.98507E-05 9.98507E-05 9.98507E-05 0.201072 9.98507E-05 0.66978 9.98507E-05 0.0757418 9.98507E-05 9.98507E-05 9.98507E-05 0.0210088 9.98507E-05 9.98507E-05 9.98507E-05 9.98507E-05 0.0307 9.98507E-05 9.98507E-05 9.98507E-05 9.98507E-05
9.98421E-05 9.98421E-05 9.98421E-05 9.98421E-05 9.98421E-05 9.98421E-05 0.705026 0.039123 9.98421E-05 9.98421E-05 9.98421E-05 9.98421E-05 9.98421E-05 9.98421E-05 9.98421E-05 9.98421E-05 0.169358 9.98421E-05 0.0846961 9.98421E-05 9.98421E-05 9.98421E-05
9.98423E-05 9.98423E-05 9.98423E-05 9.98423E-05 9.98423E-05 9.98423E-05 0.599327 9.98423E-05 9.98423E-05 9.98423E-05 9.98423E-05 9.98423E-05 9.98423E-05 9.98423E-05 9.98423E-05 9.98423E-05 0.0235765 0.217881 0.157419 9.98423E-05 9.98423E-05 9.98423E-05
9.98685E-05 0.073771 9.98685E-05 0.0421901 0.143071 9.98685E-05 0.543913 9.98685E-05 9.98685E-05 0.004985 0.122648 9.98685E-05 9.98685E-05 9.98685E-05 9.98685E-05 9.98685E-05 9.98685E-05 9.98685E-05 0.0679232 9.98685E-05 9.98685E-05 9.98685E-05
9.98772E-05 9.98772E-05 9.98772E-05 0.010741 9.98772E-05 9.98772E-05 0.629001 0.0415518 0.121935 9.98772E-05 9.98772E-05 9.98772E-05 0.0187844 9.98772E-05 9.98772E-05 9.98772E-05 0.0116804 0.152018 0.0128908 9.98772E-05 9.98772E-05 9.98772E-05
9.98508E-05 9.98508E-05 9.98508E-05 9.98508E-05 0.0699772 9.98508E-05 0.714938 9.98508E-05 0.173011 9.98508E-05 9.98508E-05 9.98508E-05 9.98508E-05 9.98508E-05 0.00212458 9.98508E-05 9.98508E-05 9.98508E-05 0.038252 9.98508E-05 9.98508E-05 9.98508E-05
9.98511E-05 9.98511E-05 9.98511E-05 9.98511E-05 0.0169467 0.0806039 0.713015 9.98511E-05 9.98511E-05 9.98511E-05 9.98511E-05 0.0635981 9.98511E-05 9.98511E-05 9.98511E-05 9.98511E-05 9.98511E-05 9.98511E-05 0.124139 9.98511E-05 9.98511E-05 9.98511E-05
9.98246E-05 9.98246E-05 9.98246E-05 9.98246E-05 0.0597226 9.98246E-05 0.938281 9.98246E-05 9.98246E-05 9.98246E-05 9.98246E-05 9.98246E-05 9.98246E-05 9.98246E-05 9.98246E-05 9.98246E-05 9.98246E-05 9.98246E-05 9.98246E-05 9.98246E-05 9.98246E-05 9.98246E-05
9.98859E-05 9.98859E-05 9.98859E-05 0.0486092 0.2461 9.98859E-05 0.362974 0.0387792 9.98859E-05 9.98859E-05 9.98859E-05 9.98859E-05 0.00736043 0.00594221 0.123636 9.98859E-05 9.98859E-05 0.12457 0.0407301 9.98859E-05 9.98859E-05 9.98859E-05
0.0240971 9.98684E-05 9.98684E-05 9.98684E-05 0.0479699 9.98684E-05 0.710769 0.0244476 0.0612329 9.98684E-05 9.98684E-05 9.98684E-05 9.98684E-05 9.98684E-05 9.98684E-05 9.98684E-05 9.98684E-05 0.0957134 0.0342725 9.98684E-05 9.98684E-05 9.98684E-05
9.98333E-05 0.0150442 9.98333E-05 9.98333E-05 9.98333E-05 9.98333E-05 0.951884 9.98333E-05 9.98333E-05 9.98333E-05 9.98333E-05 9.98333E-05 9.98333E-05 9.98333E-05 9.98333E-05 9.98333E-05 9.98333E-05 9.98333E-05 0.0311746 9.98333E-05 9.98333E-05 9.98333E-05
9.98596E-05 9.98596E-05 9.98596E-05 9.98596E-05 9.98596E-05 9.98596E-05 0.542034 9.98596E-05 0.0611379 9.98596E-05 9.98596E-05 9.98596E-05 9.98596E-05 9.98596E-05 9.98596E-05 9.98596E-05 9.98596E-05 0.0683185 0.227357 0.0596243 9.98596E-05 0.0399302
9.98509E-05 9.98509E-05 9.98509E-05 9.98509E-05 0.0712536 9.98509E-05 0.66773 9.98509E-05 9.98509E-05 0.0694012 9.98509E-05 9.98509E-05 9.98509E-05 9.98509E-05 9.98509E-05 9.98509E-05 0.0682311 9.98509E-05 0.121687 9.98509E-05 9.98509E-05 9.98509E-05
9.9842E-05 9.9842E-05 9.9842E-05 9.9842E-05 9.9842E-05 9.9842E-05 0.469028 9.9842E-05 9.9842E-05 9.9842E-05 9.9842E-05 9.9842E-05 9.9842E-05 9.9842E-05 0.104783 9.9842E-05 9.9842E-05 0.181603 0.242789 9.9842E-05 9.9842E-05 9.9842E-05
9.98596E-05 9.98596E-05 9.98596E-05 9.98596E-05 9.98596E-05 9.98596E-05 0.252941 9.98596E-05 0.0630108 9.98596E-05 9.98596E-05 9.98596E-05 9.98596E-05 0.0274945 9.98596E-05 9.98596E-05 0.427108 0.115399 0.112449 9.98596E-05 9.98596E-05 9.98596E-05
9.98511E-05 9.98511E-05 9.98511E-05 9.98511E-05 0.753254 9.98511E-05 9.98511E-05 9.98511E-05 9.98511E-05 9.98511E-05 9.98511E-05 0.0354242 9.98511E-05 9.98511E-05 0.0635077 0.0795812 9.98511E-05 0.0665357 9.98511E-05 9.98511E-05 9.98511E-05 9.98511E-05
9.98417E-05 9.98417E-05 9.98417E-05 9.98417E-05 9.98417E-05 9.98417E-05 0.715344 9.98417E-05 9.98417E-05 9.98417E-05 9.98417E-05 9.98417E-05 9.98417E-05 9.98417E-05 9.98417E-05 9.98417E-05 9.98417E-05 0.0415863 0.156912 9.98417E-05 9.98417E-05 0.0843603
9.98423E-05 9.98423E-05 9.98423E-05 9.98423E-05 9.98423E-05 9.98423E-05 0.555846 9.98423E-05 0.0517842 9.98423E-05 9.98423E-05 9.98423E-05 9.98423E-05 9.98423E-05 9.98423E-05 9.98423E-05 9.98423E-05 0.182217 0.208356 9.98423E-05 9.98423E-05 9.98423E-05
0.0660983 9.98686E-05 9.98686E-05 9.98686E-05 0.107042 9.98686E-05 0.678491 9.98686E-05 9.98686E-05 9.98686E-05 0.0353358 9.98686E-05 0.0105257 9.98686E-05 0.0052247 9.98686E-05 9.98686E-05 0.0957838 9.98686E-05 9.98686E-05 9.98686E-05 9.98686E-05
9.98597E-05 9.98597E-05 9.98597E-05 9.98597E-05 9.98597E-05 9.98597E-05 0.707895 9.98597E-05 9.98597E-05 9.98597E-05 9.98597E-05 9.98597E-05 0.013734 9.98597E-05 9.98597E-05 9.98597E-05 0.0327916 0.180606 0.0183856 0.0449903 9.98597E-05 9.98597E-05
9.9842E-05 9.9842E-05 9.9842E-05 0.0705989 9.9842E-05 9.9842E-05 0.799193 9.9842E-05 9.9842E-05 9.9842E-05 9.9842E-05 9.9842E-05 0.00831738 9.9842E-05 9.9842E-05 9.9842E-05 0.120093 9.9842E-05 9.9842E-05 9.9842E-05 9.9842E-05 9.9842E-05
0.118614 9.98507E-05 9.98507E-05 9.98507E-05 9.98507E-05 9.98507E-05 0.304126 9.98507E-05 9.98507E-05 9.98507E-05 9.98507E-05 9.98507E-05 9.98507E-05 9.98507E-05 0.0928997 9.98507E-05 9.98507E-05 0.178437 0.304226 9.98507E-05 9.98507E-05 9.98507E-05
9.98506E-05 9.98506E-05 9.98506E-05 9.98506E-05 9.98506E-05 0.118112 0.774659 9.98506E-05 9.98506E-05 0.00687802 9.98506E-05 9.98506E-05 9.98506E-05 9.98506E-05 9.98506E-05 9.98506E-05 9.98506E-05 0.074464 0.0241898 9.98506E-05 9.98506E-05 9.98506E-05
9.98423E-05 9.98423E-05 9.98423E-05 9.98423E-05 0.0366202 9.98423E-05 0.867694 0.0804648 9.98423E-05 9.98423E-05 9.98423E-05 9.98423E-05 9.98423E-05 9.98423E-05 9.98423E-05 9.98423E-05 9.98423E-05 0.0134239 9.98423E-05 9.98423E-05 9.98423E-05 9.98423E-05
9.98684E-05 0.0480262 9.98684E-05 0.045143 0.0893045 9.98684E-05 0.692319 0.0251611 9.98684E-05 9.98684E-05 9.98684E-05 9.98684E-05 0.0131086 9.98684E-05 9.98684E-05 9.98684E-05 9.98684E-05 9.98684E-05 0.0854393 9.98684E-05 9.98684E-05 9.98684E-05
9.98419E-05 0.0434632 9.98419E-05 9.98419E-05 9.98419E-05 9.98419E-05 0.599647 9.98419E-05 9.98419E-05 9.98419E-05 9.98419E-05 9.98419E-05 9.98419E-05 9.98419E-05 9.98419E-05 9.98419E-05 9.98419E-05 0.280041 0.0750523 9.98419E-05 9.98419E-05 9.98419E-05
9.98419E-05 9.98419E-05 9.98419E-05 9.98419E-05 0.632817 9.98419E-05 0.215939 0.058573 9.98419E-05 9.98419E-05 9.98419E-05 9.98419E-05 9.98419E-05 9.98419E-05 9.98419E-05 9.98419E-05 0.0908741 9.98419E-05 9.98419E-05 9.98419E-05 9.98419E-05 9.98419E-05
9.98685E-05 0.00776947 9.98685E-05 9.98685E-05 0.14566 9.98685E-05 0.591112 9.98685E-05 9.98685E-05 9.98685E-05 0.0037657 9.98685E-05 0.0111071 9.98685E-05 9.98685E-05 9.98685E-05 0.193136 0.0459515 9.98685E-05 9.98685E-05 9.98685E-05 9.98685E-05
0.0118921 9.98334E-05 9.98334E-05 9.98334E-05 9.98334E-05 9.98334E-05 0.52502 9.98334E-05 9.98334E-05 9.98334E-05 9.98334E-05 9.98334E-05 9.98334E-05 9.98334E-05 9.98334E-05 9.98334E-05 0.461191 9.98334E-05 9.98334E-05 9.98334E-05 9.98334E-05 9.98334E-05
9.98423E-05 9.98423E-05 9.98423E-05 9.98423E-05 0.523496 9.98423E-05 0.450344 9.98423E-05 9.98423E-05 9.98423E-05 0.0161742 9.98423E-05 9.98423E-05 9.98423E-05 9.98423E-05 9.98423E-05 9.98423E-05 9.98423E-05 0.00818843 9.98423E-05 9.98423E-05 9.98423E-05
0.0445465 9.98507E-05 9.98507E-05 9.98507E-05 9.98507E-05 9.98507E-05 0.413673 9.98507E-05 0.152983 9.98507E-05 9.98507E-05 9.98507E-05 9.98507E-05 9.98507E-05 9.98507E-05 9.98507E-05 9.98507E-05 0.261778 0.125322 9.98507E-05 9.98507E-05 9.98507E-05
9.98509E-05 9.98509E-05 9.98509E-05 9.98509E-05 9.98509E-05 0.0491875 0.749972 9.98509E-05 9.98509E-05 0.015656 9.98509E-05 9.98509E-05 9.98509E-05 9.98509E-05 0.0398239 9.98509E-05 9.98509E-05 9.98509E-05 0.143663 9.98509E-05 9.98509E-05 9.98509E-05
9.98509E-05 9.98509E-05 9.98509E-05 9.98509E-05 0.658308 9.98509E-05 0.161732 9.98509E-05 9.98509E-05 9.98509E-05 9.98509E-05 9.98509E-05 9.98509E-05 9.98509E-05 0.0628265 9.98509E-05 9.98509E-05 0.053176 0.0622602 9.98509E-05 9.98509E-05 9.98509E-05
9.98334E-05 9.98334E-05 9.98334E-05 9.98334E-05 0.559859 9.98334E-05 0.382192 9.98334E-05 9.98334E-05 9.98334E-05 9.98334E-05 9.98334E-05 9.98334E-05 9.98334E-05 9.98334E-05 9.98334E-05 9.98334E-05 0.0560516 9.98334E-05 9.98334E-05 9.98334E-05 9.98334E-05
9.98595E-05 9.98595E-05 9.98595E-05 9.98595E-05 9.98595E-05 9.98595E-05 0.442299 9.98595E-05 0.227884 9.98595E-05 9.98595E-05 0.0104009 9.98595E-05 9.98595E-05 0.140506 9.98595E-05 9.98595E-05 0.0180629 0.15925 9.98595E-05 9.98595E-05 9.98595E-05
9.98596E-05 0.01226 9.98596E-05 9.98596E-05 9.98596E-05 9.98596E-05 0.667177 9.98596E-05 9.98596E-05 9.98596E-05 9.98596E-05 9.98596E-05 0.00873647 0.196166 9.98596E-05 9.98596E-05 9.98596E-05 0.0323215 0.0817409 9.98596E-05 9.98596E-05 9.98596E-05
9.98861E-05 0.0292423 9.98861E-05 0.0158181 0.0247997 0.0219851 0.499899 9.98861E-05 0.125144 9.98861E-05 9.98861E-05 9.98861E-05 9.98861E-05 9.98861E-05 9.98861E-05 0.105393 9.98861E-05 0.0323439 0.144076 9.98861E-05 9.98861E-05 9.98861E-05
9.98684E-05 9.98684E-05 9.98684E-05 9.98684E-05 9.98684E-05 0.055179 0.399118 9.98684E-05 9.98684E-05 9.98684E-05 9.98684E-05 9.98684E-05 0.000214577 0.0610252 9.98684E-05 9.98684E-05 9.98684E-05 0.179786 0.238077 0.0651021 9.98684E-05 9.98684E-05
9.98244E-05 9.98244E-05 9.98244E-05 9.98244E-05 9.98244E-05 9.98244E-05 0.289743 9.98244E-05 9.98244E-05 9.98244E-05 9.98244E-05 9.98244E-05 9.98244E-05 9.98244E-05 9.98244E-05 9.98244E-05 0.70826 9.98244E-05 9.98244E-05 9.98244E-05 9.98244E-05 9.98244E-05
9.98419E-05 9.98419E-05 9.98419E-05 9.98419E-05 9.98419E-05 9.98419E-05 0.716596 0.156376 9.98419E-05 9.98419E-05 9.98419E-05 0.0126314 9.98419E-05 9.98419E-05 9.98419E-05 9.98419E-05 9.98419E-05 0.112599 9.98419E-05 9.98419E-05 9.98419E-05 9.98419E-05
9.98421E-05 9.98421E-05 9.98421E-05 9.98421E-05 0.477441 9.98421E-05 0.118177 9.98421E-05 9.98421E-05 9.98421E-05 9.98421E-05 9.98421E-05 9.98421E-05 9.98421E-05 9.98421E-05 9.98421E-05 0.249972 9.98421E-05 0.152613 9.98421E-05 9.98421E-05 9.98421E-05
9.98422E-05 9.98422E-05 9.98422E-05 9.98422E-05 0.274966 9.98422E-05 0.478799 9.98422E-05 9.98422E-05 9.98422E-05 9.98422E-05 9.98422E-05 9.98422E-05 9.98422E-05 9.98422E-05 9.98422E-05 9.98422E-05 0.134046 0.110392 9.98422E-05 9.98422E-05 9.98422E-05
9.98333E-05 9.98333E-05 9.98333E-05 0.024145 9.98333E-05 9.98333E-05 0.936453 9.98333E-05 9.98333E-05 9.98333E-05 9.98333E-05 9.98333E-05 9.98333E-05 9.98333E-05 9.98333E-05 9.98333E-05 9.98333E-05 9.98333E-05 0.0375049 9.98333E-05 9.98333E-05 9.98333E-05
9.98331E-05 9.98331E-05 9.98331E-05 9.98331E-05 9.98331E-05 9.98331E-05 0.870904 0.0894919 9.98331E-05 9.98331E-05 9.98331E-05 9.98331E-05 0.0377075 9.98331E-05 9.98331E-05 9.98331E-05 9.98331E-05 9.98331E-05 9.98331E-05 9.98331E-05 9.98331E-05 9.98331E-05
9.98595E-05 9.98595E-05 9.98595E-05 0.0205736 9.98595E-05 9.98595E-05 0.567598 9.98595E-05 0.126288 0.0154198 9.98595E-05 9.98595E-05 9.98595E-05 9.98595E-05 9.98595E-05 9.98595E-05 9.98595E-05 0.0404998 0.228023 9.98595E-05 9.98595E-05 9.98595E-05
9.98331E-05 9.98331E-05 9.98331E-05 9.98331E-05 9.98331E-05 9.98331E-05 0.771462 9.98331E-05 9.98331E-05 9.98331E-05 9.98331E-05 9.98331E-05 9.98331E-05 9.98331E-05 9.98331E-05 9.98331E-05 9.98331E-05 0.112948 0.113693 9.98331E-05 9.98331E-05 9.98331E-05
9.98333E-05 9.98333E-05 9.98333E-05 9.98333E-05 9.98333E-05 9.98333E-05 0.933803 9.98333E-05 9.98333E-05 9.98333E-05 9.98333E-05 9.98333E-05 9.98333E-05 9.98333E-05 9.98333E-05 9.98333E-05 9.98333E-05 0.0470092 0.0172906 9.98333E-05 9.98333E-05 9.98333E-05
9.98423E-05 9.98423E-05 9.98423E-05 9.98423E-05 0.0183745 9.98423E-05 0.867092 9.98423E-05 9.98423E-05 9.98423E-05 9.98423E-05 9.98423E-05 9.98423E-05 9.98423E-05 0.077299 9.98423E-05 9.98423E-05 0.0354372 9.98423E-05 9.98423E-05 9.98423E-05 9.98423E-05
9.98509E-05 9.98509E-05 9.98509E-05 9.98509E-05 9.98509E-05 9.98509E-05 0.459247 9.98509E-05 0.0905668 9.98509E-05 9.98509E-05 9.98509E-05 9.98509E-05 9.98509E-05 9.98509E-05 9.98509E-05 0.253776 0.0225786 0.172134 9.98509E-05 9.98509E-05 9.98509E-05
9.98154E-05 9.98154E-05 9.98154E-05 9.98154E-05 9.98154E-05 9.98154E-05 9.98154E-05 9.98154E-05 9.98154E-05 9.98154E-05 9.98154E-05 9.98154E-05 9.98154E-05 9.98154E-05 9.98154E-05 9.98154E-05 9.98154E-05 0.997904 9.98154E-05 9.98154E-05 9.98154E-05 9.98154E-05
9.98154E-05 9.98154E-05 9.98154E-05 9.98154E-05 9.98154E-05 9.98154E-05 9.98154E-05 9.98154E-05 9.98154E-05 9.98154E-05 9.98154E-05 9.98154E-05 9.98154E-05 9.98154E-05 9.98154E-05 9.98154E-05 9.98154E-05 9.98154E-05 0.997904 9.98154E-05 9.98154E-05 9.98154E-05
9.98156E-05 9.98156E-05 9.98156E-05 9.98156E-05 9.98156E-05 9.98156E-05 9.98156E-05 9.98156E-05 9.98156E-05 9.98156E-05 9.98156E-05 9.98156E-05 9.98156E-05 9.98156E-05 9.98156E-05 9.98156E-05 9.98156E-05 0.997904 9.98156E-05 9.98156E-05 9.98156E-05 9.98156E-05
9.98155E-05 9.98155E-05 9.98155E-05 9.98155E-05 9.98155E-05 9.98155E-05 9.98155E-05 9.98155E-05 9.98155E-05 9.98155E-05 9.98155E-05 9.98155E-05 9.98155E-05 9.98155E-05 9.98155E-05 9.98155E-05 9.98155E-05 9.98155E-05 0.997904 9.98155E-05 9.98155E-05 9.98155E-05
9.98154E-05 9.98154E-05 9.98154E-05 9.98154E-05 9.98154E-05 9.98154E-05 9.98154E-05 9.98154E-05 9.98154E-05 9.98154E-05 9.98154E-05 9.98154E-05 9.98154E-05 9.98154E-05 9.98154E-05 9.98154E-05 9.98154E-05 9.98154E-05 0.997904 9.98154E-05 9.98154E-05 9.98154E-05
9.98155E-05 9.98155E-05 9.98155E-05 9.98155E-05 9.98155E-05 9.98155E-05 9.98155E-05 9.98155E-05 9.98155E-05 9.98155E-05 9.98155E-05 9.98155E-05 9.98155E-05 9.98155E-05 9.98155E-05 9.98155E-05 9.98155E-05 9.98155E-05 0.997904 9.98155E-05 9.98155E-05 9.98155E-05
9.98154E-05 9.98154E-05 9.98154E-05 9.98154E-05 9.98154E-05 9.98154E-05 9.98154E-05 9.98154E-05 9.98154E-05 9.98154E-05 9.98154E-05 9.98154E-05 9.98154E-05 9.98154E-05 9.98154E-05 9.98154E-05 9.98154E-05 0.997904 9.98154E-05 9.98154E-05 9.98154E-05 9.98154E-05
9.98155E-05 9.98155E-05 9.98155E-05 9.98155E-05 9.98155E-05 9.98155E-05 9.98155E-05 9.98155E-05 9.98155E-05 9.98155E-05 9.98155E-05 9.98155E-05 9.98155E-05 9.98155E-05 9.98155E-05 9.98155E-05 9.98155E-05 9.98155E-05 0.997904 9.98155E-05 9.98155E-05 9.98155E-05
9.98154E-05 9.98154E-05 9.98154E-05 9.98154E-05 9.98154E-05 9.98154E-05 9.98154E-05 9.98154E-05 9.98154E-05 9.98154E-05 9.98154E-05 9.98154E-05 9.98154E-05 9.98154E-05 9.98154E-05 9.98154E-05 9.98154E-05 9.98154E-05 0.997904 9.98154E-05 9.98154E-05 9.98154E-05
9.98157E-05 9.98157E-05 9.98157E-05 9.98157E-05 9.98157E-05 9.98157E-05 9.98157E-05 9.98157E-05 9.98157E-05 9.98157E-05 9.98157E-05 9.98157E-05 9.98157E-05 9.98157E-05 9.98157E-05 9.98157E-05 9.98157E-05 0.997904 9.98157E-05 9.98157E-05 9.98157E-05 9.98157E-05
