0.0429635 0.0630403 0.317377 0.0494344 9.98419E-05 9.98419E-05 9.98419E-05 9.98419E-05 9.98419E-05 0.252614 9.98419E-05 0.00806926 9.98419E-05 9.98419E-05 0.141984 0.0748854 9.98419E-05 9.98419E-05 9.98419E-05 0.0478341 9.98419E-05 9.98419E-05 9.98419E-05 9.98419E-05 9.98419E-05 9.98419E-05 9.98419E-05
0.0496344 9.97983E-05 9.97983E-05 9.97983E-05 9.97983E-05 9.97983E-05 9.97983E-05 9.97983E-05 9.97983E-05 0.158943 9.97983E-05 9.97983E-05 9.97983E-05 9.97983E-05 0.439285 9.97983E-05 9.97983E-05 9.97983E-05 9.97983E-05 9.97983E-05 9.97983E-05 9.97983E-05 9.97983E-05 9.97983E-05 9.97983E-05 0.349843 9.97983E-05
9.97809E-05 9.97809E-05 9.97809E-05 9.97809E-05 9.97809E-05 9.97809E-05 9.97809E-05 9.97809E-05 9.97809E-05 9.97809E-05 9.97809E-05 9.97809E-05 9.97809E-05 9.97809E-05 0.153083 9.97809E-05 9.97809E-05 9.97809E-05 9.97809E-05 9.97809E-05 9.97809E-05 9.97809E-05 9.97809E-05 9.97809E-05 9.97809E-05 0.844422 9.97809E-05
9.98332E-05 0.108096 0.506403 9.98332E-05 9.98332E-05 0.202573 9.98332E-05 9.98332E-05 9.98332E-05 9.98332E-05 9.98332E-05 0.0688178 9.98332E-05 9.98332E-05 9.98332E-05 9.98332E-05 0.00130417 9.98332E-05 0.0132421 0.0387601 9.98332E-05 9.98332E-05 9.98332E-05 0.0589066 9.98332E-05 9.98332E-05 9.98332E-05
9.9807E-05 9.9807E-05 9.9807E-05 9.9807E-05 9.9807E-05 9.9807E-05 9.9807E-05 0.0743002 9.9807E-05 9.9807E-05 9.9807E-05 9.9807E-05 9.9807E-05 0.0626172 0.807308 9.9807E-05 9.9807E-05 9.9807E-05 0.027542 9.9807E-05 9.9807E-05 9.9807E-05 9.9807E-05 9.9807E-05 9.9807E-05 0.026037 9.9807E-05
0.0376616 9.9842E-05 0.384021 9.9842E-05 9.9842E-05 9.9842E-05 9.9842E-05 0.0465997 9.9842E-05 0.176815 0.0114988 9.9842E-05 9.9842E-05 9.9842E-05 9.9842E-05 9.9842E-05 9.9842E-05 9.9842E-05 0.170654 9.9842E-05 9.9842E-05 0.0793402 9.9842E-05 0.0899561 9.9842E-05 9.9842E-05 0.00165618
0.130869 9.98597E-05 0.41619 0.0207547 9.98597E-05 9.98597E-05 9.98597E-05 9.98597E-05 9.98597E-05 0.0842636 0.0252384 0.0588257 9.98597E-05 9.98597E-05 9.98597E-05 9.98597E-05 0.0587905 0.0809031 0.0443589 0.0141528 0.0640554 9.98597E-05 9.98597E-05 9.98597E-05 9.98597E-05 9.98597E-05 9.98597E-05
9.98597E-05 9.98597E-05 0.317555 9.98597E-05 9.98597E-05 9.98597E-05 9.98597E-05 9.98597E-05 9.98597E-05 9.98597E-05 0.0904426 0.0388894 9.98597E-05 0.0574809 9.98597E-05 0.0344912 9.98597E-05 9.98597E-05 0.0611876 0.119256 0.00108274 0.161083 9.98597E-05 0.0217175 0.0952162 9.98597E-05 9.98597E-05
0.00512139 0.023029 0.316235 0.227028 9.98421E-05 9.98421E-05 9.98421E-05 9.98421E-05 9.98421E-05 9.98421E-05 9.98421E-05 9.98421E-05 9.98421E-05 0.088526 0.0204548 9.98421E-05 9.98421E-05 0.0951403 9.98421E-05 9.98421E-05 9.98421E-05 0.222532 9.98421E-05 0.000136921 9.98421E-05 9.98421E-05 9.98421E-05
9.97895E-05 9.97895E-05 9.97895E-05 9.97895E-05 0.0228317 0.0283674 9.97895E-05 9.97895E-05 9.97895E-05 9.97895E-05 9.97895E-05 9.97895E-05 9.97895E-05 9.97895E-05 0.946406 9.97895E-05 9.97895E-05 9.97895E-05 9.97895E-05 9.97895E-05 9.97895E-05 9.97895E-05 9.97895E-05 9.97895E-05 9.97895E-05 9.97895E-05 9.97895E-05
9.9798E-05 9.9798E-05 0.832999 0.0865944 9.9798E-05 9.9798E-05 9.9798E-05 9.9798E-05 9.9798E-05 9.9798E-05 9.9798E-05 0.0595065 9.9798E-05 9.9798E-05 9.9798E-05 9.9798E-05 9.9798E-05 9.9798E-05 9.9798E-05 9.9798E-05 9.9798E-05 0.0186046 9.9798E-05 9.9798E-05 9.9798E-05 9.9798E-05 9.9798E-05
9.97807E-05 9.97807E-05 9.97807E-05 9.97807E-05 9.97807E-05 0.0198391 9.97807E-05 9.97807E-05 9.97807E-05 9.97807E-05 9.97807E-05 9.97807E-05 9.97807E-05 9.97807E-05 9.97807E-05 9.97807E-05 9.97807E-05 9.97807E-05 9.97807E-05 9.97807E-05 9.97807E-05 9.97807E-05 9.97807E-05 9.97807E-05 9.97807E-05 0.977666 9.97807E-05
9.97983E-05 9.97983E-05 0.0553235 0.073152 9.97983E-05 9.97983E-05 9.97983E-05 9.97983E-05 9.97983E-05 9.97983E-05 9.97983E-05 9.97983E-05 9.97983E-05 9.97983E-05 0.745367 9.97983E-05 9.97983E-05 9.97983E-05 9.97983E-05 0.123862 9.97983E-05 9.97983E-05 9.97983E-05 9.97983E-05 9.97983E-05 9.97983E-05 9.97983E-05
9.97985E-05 9.97985E-05 0.728227 9.97985E-05 9.97985E-05 9.97985E-05 0.114273 9.97985E-05 9.97985E-05 9.97985E-05 9.97985E-05 0.0360981 9.97985E-05 9.97985E-05 9.97985E-05 9.97985E-05 9.97985E-05 9.97985E-05 9.97985E-05 9.97985E-05 9.97985E-05 9.97985E-05 0.119106 9.97985E-05 9.97985E-05 9.97985E-05 9.97985E-05
9.98335E-05 0.0707855 9.98335E-05 0.0922287 9.98335E-05 9.98335E-05 0.0562283 9.98335E-05 9.98335E-05 0.203261 9.98335E-05 9.98335E-05 9.98335E-05 9.98335E-05 0.330531 9.98335E-05 9.98335E-05 9.98335E-05 9.98335E-05 9.98335E-05 9.98335E-05 0.15656 0.0404343 0.0480751 9.98335E-05 9.98335E-05 9.98335E-05
9.98682E-05 9.98682E-05 0.0433234 0.145915 9.98682E-05 0.0156246 9.98682E-05 9.98682E-05 9.98682E-05 0.21794 9.98682E-05 9.98682E-05 9.98682E-05 0.0669262 0.133876 9.98682E-05 9.98682E-05 9.98682E-05 0.00548649 0.0638682 9.98682E-05 0.0381718 9.98682E-05 9.98682E-05 0.11122 0.0397827 0.116366
0.0486362 9.98421E-05 9.98421E-05 0.0714108 9.98421E-05 9.98421E-05 9.98421E-05 9.98421E-05 0.0494912 9.98421E-05 9.98421E-05 0.030075 9.98421E-05 9.98421E-05 0.38404 0.0445369 9.98421E-05 9.98421E-05 9.98421E-05 9.98421E-05 0.0809025 9.98421E-05 0.0783865 9.98421E-05 9.98421E-05 0.210724 9.98421E-05
9.98333E-05 9.98333E-05 0.402952 0.0720962 0.182623 9.98333E-05 9.98333E-05 9.98333E-05 9.98333E-05 0.14634 9.98333E-05 9.98333E-05 0.119403 9.98333E-05 9.98333E-05 9.98333E-05 9.98333E-05 0.000629865 9.98333E-05 0.0232335 9.98333E-05 0.0508261 9.98333E-05 9.98333E-05 9.98333E-05 9.98333E-05 9.98333E-05
9.98157E-05 9.98157E-05 0.450198 0.0814464 9.98157E-05 9.98157E-05 9.98157E-05 9.98157E-05 9.98157E-05 9.98157E-05 9.98157E-05 9.98157E-05 9.98157E-05 9.98157E-05 9.98157E-05 9.98157E-05 9.98157E-05 9.98157E-05 0.15049 0.164331 9.98157E-05 0.107189 9.98157E-05 9.98157E-05 9.98157E-05 0.0442492 9.98157E-05
9.97808E-05 0.00751976 9.97808E-05 9.97808E-05 9.97808E-05 9.97808E-05 9.97808E-05 9.97808E-05 9.97808E-05 9.97808E-05 9.97808E-05 9.97808E-05 9.97808E-05 9.97808E-05 0.989986 9.97808E-05 9.97808E-05 9.97808E-05 9.97808E-05 9.97808E-05 9.97808E-05 9.97808E-05 9.97808E-05 9.97808E-05 9.97808E-05 9.97808E-05 9.97808E-05
9.98596E-05 9.98596E-05 0.384828 9.98596E-05 9.98596E-05 9.98596E-05 0.0315373 9.98596E-05 9.98596E-05 9.98596E-05 9.98596E-05 0.0642102 0.00972684 0.204893 0.12924 9.98596E-05 9.98596E-05 0.0218523 9.98596E-05 9.98596E-05 9.98596E-05 0.0633016 9.98596E-05 9.98596E-05 0.0820079 0.0061603 0.000644924
9.98159E-05 9.98159E-05 9.98159E-05 9.98159E-05 9.98159E-05 9.98159E-05 9.98159E-05 0.0680434 9.98159E-05 9.98159E-05 9.98159E-05 9.98159E-05 9.98159E-05 9.98159E-05 0.310121 9.98159E-05 9.98159E-05 9.98159E-05 0.128482 0.334643 9.98159E-05 0.150974 9.98159E-05 0.00564139 9.98159E-05 9.98159E-05 9.98159E-05
0.0526916 9.98247E-05 9.98247E-05 0.0733428 9.98247E-05 0.0277836 9.98247E-05 9.98247E-05 9.98247E-05 0.177236 9.98247E-05 0.0229568 9.98247E-05 9.98247E-05 0.0452405 9.98247E-05 9.98247E-05 9.98247E-05 9.98247E-05 9.98247E-05 9.98247E-05 9.98247E-05 9.98247E-05 9.98247E-05 9.98247E-05 0.598752 9.98247E-05
9.98333E-05 9.98333E-05 0.449304 0.180233 9.98333E-05 9.98333E-05 9.98333E-05 9.98333E-05 9.98333E-05 0.0168204 9.98333E-05 9.98333E-05 9.98333E-05 9.98333E-05 0.055087 0.00452344 9.98333E-05 0.0281893 0.0196241 0.244321 9.98333E-05 9.98333E-05 9.98333E-05 9.98333E-05 9.98333E-05 9.98333E-05 9.98333E-05
9.98419E-05 0.0286016 0.360474 0.233394 9.98419E-05 0.0349405 0.0800141 9.98419E-05 9.98419E-05 9.98419E-05 9.98419E-05 9.98419E-05 9.98419E-05 9.98419E-05 9.98419E-05 9.98419E-05 9.98419E-05 0.0501253 9.98419E-05 0.0431912 9.98419E-05 9.98419E-05 9.98419E-05 0.143856 9.98419E-05 0.0236064 9.98419E-05
9.98159E-05 9.98159E-05 0.0318475 0.106394 9.98159E-05 0.121012 9.98159E-05 9.98159E-05 9.98159E-05 9.98159E-05 9.98159E-05 9.98159E-05 9.98159E-05 9.98159E-05 0.708331 9.98159E-05 9.98159E-05 9.98159E-05 9.98159E-05 0.0244607 9.98159E-05 9.98159E-05 9.98159E-05 0.00585889 9.98159E-05 9.98159E-05 9.98159E-05
9.98333E-05 0.0103352 9.98333E-05 0.076279 0.108699 0.00867833 9.98333E-05 9.98333E-05 9.98333E-05 9.98333E-05 9.98333E-05 9.98333E-05 9.98333E-05 9.98333E-05 0.088026 9.98333E-05 9.98333E-05 9.98333E-05 9.98333E-05 0.38691 9.98333E-05 9.98333E-05 9.98333E-05 0.298542 0.0206336 9.98333E-05 9.98333E-05
9.98247E-05 9.98247E-05 0.0692378 0.0204034 9.98247E-05 0.0293879 9.98247E-05 9.98247E-05 9.98247E-05 9.98247E-05 9.98247E-05 0.00340458 9.98247E-05 9.98247E-05 0.764876 9.98247E-05 9.98247E-05 9.98247E-05 0.0954118 9.98247E-05 0.015282 9.98247E-05 9.98247E-05 9.98247E-05 9.98247E-05 9.98247E-05 9.98247E-05
9.97985E-05 9.97985E-05 9.97985E-05 0.143573 9.97985E-05 9.97985E-05 9.97985E-05 9.97985E-05 9.97985E-05 0.0831319 9.97985E-05 9.97985E-05 9.97985E-05 9.97985E-05 9.97985E-05 9.97985E-05 9.97985E-05 9.97985E-05 9.97985E-05 0.0544461 9.97985E-05 9.97985E-05 9.97985E-05 9.97985E-05 9.97985E-05 0.716554 9.97985E-05
9.97982E-05 9.97982E-05 9.97982E-05 9.97982E-05 9.97982E-05 9.97982E-05 9.97982E-05 9.97982E-05 9.97982E-05 9.97982E-05 9.97982E-05 9.97982E-05 9.97982E-05 9.97982E-05 9.97982E-05 9.97982E-05 9.97982E-05 0.00844245 0.0152205 9.97982E-05 9.97982E-05 9.97982E-05 0.155312 9.97982E-05 9.97982E-05 0.81873 9.97982E-05
9.98159E-05 9.98159E-05 9.98159E-05 0.0326275 9.98159E-05 9.98159E-05 9.98159E-05 9.98159E-05 9.98159E-05 0.161992 9.98159E-05 0.203072 9.98159E-05 9.98159E-05 0.567345 9.98159E-05 9.98159E-05 9.98159E-05 0.00997658 9.98159E-05 9.98159E-05 0.0228901 9.98159E-05 9.98159E-05 9.98159E-05 9.98159E-05 9.98159E-05
9.98247E-05 9.98247E-05 0.7484 0.0445291 9.98247E-05 0.0287529 9.98247E-05 0.000932841 0.135223 9.98247E-05 9.98247E-05 0.0383512 9.98247E-05 9.98247E-05 9.98247E-05 9.98247E-05 9.98247E-05 9.98247E-05 0.00181362 9.98247E-05 9.98247E-05 9.98247E-05 9.98247E-05 9.98247E-05 9.98247E-05 9.98247E-05 9.98247E-05
9.9798E-05 9.9798E-05 0.860818 0.0625178 9.9798E-05 9.9798E-05 9.9798E-05 9.9798E-05 9.9798E-05 9.9798E-05 9.9798E-05 0.0728751 9.9798E-05 9.9798E-05 9.9798E-05 9.9798E-05 9.9798E-05 9.9798E-05 9.9798E-05 9.9798E-05 9.9798E-05 9.9798E-05 9.9798E-05 0.00149346 9.9798E-05 9.9798E-05 9.9798E-05
9.98157E-05 9.98157E-05 9.98157E-05 0.0648954 0.00485732 9.98157E-05 9.98157E-05 9.98157E-05 9.98157E-05 9.98157E-05 9.98157E-05 9.98157E-05 9.98157E-05 9.98157E-05 9.98157E-05 9.98157E-05 9.98157E-05 9.98157E-05 9.98157E-05 0.158278 0.0332143 9.98157E-05 9.98157E-05 0.0623515 9.98157E-05 0.674308 9.98157E-05
9.97897E-05 0.0418978 9.97897E-05 9.97897E-05 9.97897E-05 9.97897E-05 9.97897E-05 9.97897E-05 9.97897E-05 9.97897E-05 9.97897E-05 9.97897E-05 9.97897E-05 9.97897E-05 9.97897E-05 9.97897E-05 9.97897E-05 9.97897E-05 9.97897E-05 9.97897E-05 9.97897E-05 0.00563159 9.97897E-05 9.97897E-05 9.97897E-05 0.950076 9.97897E-05
0.0432827 9.98421E-05 0.0582218 0.0508234 9.98421E-05 0.0995095 9.98421E-05 9.98421E-05 9.98421E-05 0.0524133 9.98421E-05 9.98421E-05 9.98421E-05 9.98421E-05 0.598677 0.0243333 9.98421E-05 0.0186962 9.98421E-05 0.0522456 9.98421E-05 9.98421E-05 9.98421E-05 9.98421E-05 9.98421E-05 9.98421E-05 9.98421E-05
9.98073E-05 9.98073E-05 9.98073E-05 9.98073E-05 9.98073E-05 9.98073E-05 9.98073E-05 9.98073E-05 9.98073E-05 9.98073E-05 9.98073E-05 9.98073E-05 9.98073E-05 9.98073E-05 0.849308 9.98073E-05 0.0599552 9.98073E-05 0.0677553 9.98073E-05 9.98073E-05 9.98073E-05 9.98073E-05 9.98073E-05 0.00776364 0.0130222 9.98073E-05
9.98071E-05 0.0208747 0.793435 0.0397752 9.98071E-05 9.98071E-05 9.98071E-05 9.98071E-05 9.98071E-05 9.98071E-05 9.98071E-05 9.98071E-05 9.98071E-05 9.98071E-05 9.98071E-05 9.98071E-05 9.98071E-05 9.98071E-05 9.98071E-05 9.98071E-05 9.98071E-05 0.11887 9.98071E-05 9.98071E-05 9.98071E-05 0.0248492 9.98071E-05
0.0462851 9.98335E-05 9.98335E-05 0.120821 9.98335E-05 9.98335E-05 9.98335E-05 0.0185344 0.0550694 9.98335E-05 9.98335E-05 0.0197676 9.98335E-05 9.98335E-05 9.98335E-05 9.98335E-05 9.98335E-05 9.98335E-05 0.0277415 9.98335E-05 0.0136081 9.98335E-05 9.98335E-05 9.98335E-05 9.98335E-05 0.696276 9.98335E-05
9.98245E-05 9.98245E-05 0.0295185 0.108243 9.98245E-05 9.98245E-05 9.98245E-05 9.98245E-05 9.98245E-05 9.98245E-05 9.98245E-05 9.98245E-05 9.98245E-05 9.98245E-05 9.98245E-05 9.98245E-05 0.0427907 9.98245E-05 9.98245E-05 0.00384254 9.98245E-05 9.98245E-05 9.98245E-05 0.136021 0.0515562 0.626032 9.98245E-05
9.97895E-05 9.97895E-05 9.97895E-05 0.0902404 9.97895E-05 9.97895E-05 9.97895E-05 9.97895E-05 9.97895E-05 9.97895E-05 9.97895E-05 9.97895E-05 9.97895E-05 9.97895E-05 0.898671 0.00869322 9.97895E-05 9.97895E-05 9.97895E-05 9.97895E-05 9.97895E-05 9.97895E-05 9.97895E-05 9.97895E-05 9.97895E-05 9.97895E-05 9.97895E-05
0.0256186 9.9816E-05 9.9816E-05 0.0564418 9.9816E-05 9.9816E-05 9.9816E-05 9.9816E-05 9.9816E-05 9.9816E-05 9.9816E-05 9.9816E-05 9.9816E-05 9.9816E-05 0.528901 9.9816E-05 9.9816E-05 9.9816E-05 9.9816E-05 0.192192 9.9816E-05 0.00656834 9.9816E-05 9.9816E-05 9.9816E-05 0.188182 9.9816E-05
0.015807 9.9807E-05 9.9807E-05 9.9807E-05 0.0104953 9.9807E-05 9.9807E-05 9.9807E-05 9.9807E-05 9.9807E-05 9.9807E-05 9.9807E-05 9.9807E-05 9.9807E-05 0.794284 9.9807E-05 9.9807E-05 9.9807E-05 0.018536 9.9807E-05 9.9807E-05 9.9807E-05 0.158682 9.9807E-05 9.9807E-05 9.9807E-05 9.9807E-05
9.98247E-05 9.98247E-05 9.98247E-05 0.156297 9.98247E-05 0.0266923 9.98247E-05 9.98247E-05 9.98247E-05 0.0556443 9.98247E-05 0.0229622 9.98247E-05 9.98247E-05 9.98247E-05 9.98247E-05 9.98247E-05 9.98247E-05 9.98247E-05 0.0539132 9.98247E-05 0.157736 9.98247E-05 9.98247E-05 9.98247E-05 0.524758 9.98247E-05
9.98158E-05 9.98158E-05 0.316715 0.0926437 9.98158E-05 9.98158E-05 9.98158E-05 9.98158E-05 9.98158E-05 9.98158E-05 9.98158E-05 9.98158E-05 9.98158E-05 9.98158E-05 9.98158E-05 9.98158E-05 9.98158E-05 9.98158E-05 0.0360977 0.358044 0.162734 9.98158E-05 9.98158E-05 9.98158E-05 9.98158E-05 0.03167 9.98158E-05
9.98246E-05 9.98246E-05 0.112718 0.0359071 9.98246E-05 9.98246E-05 9.98246E-05 9.98246E-05 9.98246E-05 9.98246E-05 9.98246E-05 9.98246E-05 0.0478765 9.98246E-05 0.316952 9.98246E-05 9.98246E-05 9.98246E-05 0.0206963 9.98246E-05 0.0025782 9.98246E-05 9.98246E-05 9.98246E-05 9.98246E-05 0.461276 9.98246E-05
9.97982E-05 9.97982E-05 0.615299 9.97982E-05 0.0217897 0.0252907 9.97982E-05 9.97982E-05 9.97982E-05 9.97982E-05 9.97982E-05 9.97982E-05 9.97982E-05 9.97982E-05 0.335325 9.97982E-05 9.97982E-05 9.97982E-05 9.97982E-05 9.97982E-05 9.97982E-05 9.97982E-05 9.97982E-05 9.97982E-05 9.97982E-05 9.97982E-05 9.97982E-05
9.9772E-05 9.9772E-05 9.9772E-05 9.9772E-05 9.9772E-05 9.9772E-05 9.9772E-05 9.9772E-05 9.9772E-05 9.9772E-05 9.9772E-05 9.9772E-05 9.9772E-05 9.9772E-05 9.9772E-05 9.9772E-05 9.9772E-05 9.9772E-05 9.9772E-05 9.9772E-05 9.9772E-05 9.9772E-05 9.9772E-05 9.9772E-05 9.9772E-05 0.997406 9.9772E-05
9.98246E-05 9.98246E-05 9.98246E-05 0.127693 9.98246E-05 0.00620377 9.98246E-05 9.98246E-05 9.98246E-05 0.012121 9.98246E-05 9.98246E-05 9.98246E-05 9.98246E-05 9.98246E-05 9.98246E-05 9.98246E-05 9.98246E-05 9.98246E-05 0.0810807 9.98246E-05 9.98246E-05 9.98246E-05 0.00410521 0.04217 0.72463 9.98246E-05
9.9825E-05 9.9825E-05 0.0192678 9.9825E-05 0.0341358 9.9825E-05 9.9825E-05 9.9825E-05 9.9825E-05 9.9825E-05 0.0199654 0.0168269 9.9825E-05 9.9825E-05 0.403442 9.9825E-05 0.137246 9.9825E-05 9.9825E-05 9.9825E-05 9.9825E-05 9.9825E-05 9.9825E-05 9.9825E-05 9.9825E-05 0.36712 9.9825E-05
9.9842E-05 0.0582297 0.336997 0.176339 9.9842E-05 9.9842E-05 9.9842E-05 9.9842E-05 9.9842E-05 0.0246362 9.9842E-05 0.078753 9.9842E-05 9.9842E-05 9.9842E-05 9.9842E-05 9.9842E-05 9.9842E-05 9.9842E-05 9.9842E-05 0.0107483 0.0404104 9.9842E-05 0.107478 9.9842E-05 0.164612 9.9842E-05
9.98071E-05 9.98071E-05 0.853949 9.98071E-05 9.98071E-05 0.0632684 9.98071E-05 9.98071E-05 9.98071E-05 9.98071E-05 9.98071E-05 9.98071E-05 9.98071E-05 9.98071E-05 9.98071E-05 9.98071E-05 9.98071E-05 9.98071E-05 9.98071E-05 0.0605207 9.98071E-05 9.98071E-05 9.98071E-05 9.98071E-05 0.00613037 9.98071E-05 0.0139354
9.9772E-05 9.9772E-05 9.9772E-05 9.9772E-05 9.9772E-05 9.9772E-05 9.9772E-05 9.9772E-05 9.9772E-05 9.9772E-05 9.9772E-05 9.9772E-05 9.9772E-05 9.9772E-05 0.997406 9.9772E-05 9.9772E-05 9.9772E-05 9.9772E-05 9.9772E-05 9.9772E-05 9.9772E-05 9.9772E-05 9.9772E-05 9.9772E-05 9.9772E-05 9.9772E-05
9.98247E-05 0.0368773 9.98247E-05 9.98247E-05 0.00290911 9.98247E-05 9.98247E-05 0.0232618 9.98247E-05 9.98247E-05 9.98247E-05 9.98247E-05 9.98247E-05 9.98247E-05 9.98247E-05 0.00464063 0.013893 9.98247E-05 9.98247E-05 9.98247E-05 9.98247E-05 9.98247E-05 9.98247E-05 9.98247E-05 0.152053 0.764369 9.98247E-05
9.97898E-05 9.97898E-05 9.97898E-05 0.00611629 9.97898E-05 9.97898E-05 0.0879328 9.97898E-05 9.97898E-05 9.97898E-05 9.97898E-05 9.97898E-05 9.97898E-05 9.97898E-05 9.97898E-05 9.97898E-05 9.97898E-05 9.97898E-05 9.97898E-05 9.97898E-05 9.97898E-05 9.97898E-05 9.97898E-05 9.97898E-05 9.97898E-05 0.903556 9.97898E-05
9.98073E-05 0.0519363 9.98073E-05 9.98073E-05 0.0163321 9.98073E-05 9.98073E-05 9.98073E-05 9.98073E-05 9.98073E-05 9.98073E-05 9.98073E-05 9.98073E-05 9.98073E-05 9.98073E-05 9.98073E-05 9.98073E-05 9.98073E-05 0.0502638 9.98073E-05 9.98073E-05 9.98073E-05 9.98073E-05 0.0333149 9.98073E-05 0.845957 9.98073E-05
0.0724805 9.98157E-05 9.98157E-05 0.0208285 0.0462775 9.98157E-05 9.98157E-05 9.98157E-05 9.98157E-05 9.98157E-05 9.98157E-05 9.98157E-05 9.98157E-05 9.98157E-05 0.787162 9.98157E-05 9.98157E-05 9.98157E-05 0.026743 9.98157E-05 9.98157E-05 9.98157E-05 9.98157E-05 9.98157E-05 9.98157E-05 9.98157E-05 0.0444128
9.97896E-05 9.97896E-05 0.589897 9.97896E-05 9.97896E-05 9.97896E-05 9.97896E-05 9.97896E-05 9.97896E-05 9.97896E-05 9.97896E-05 9.97896E-05 9.97896E-05 9.97896E-05 0.33881 9.97896E-05 9.97896E-05 9.97896E-05 9.97896E-05 9.97896E-05 0.0688978 9.97896E-05 9.97896E-05 9.97896E-05 9.97896E-05 9.97896E-05 9.97896E-05
9.97894E-05 9.97894E-05 0.554247 9.97894E-05 9.97894E-05 9.97894E-05 9.97894E-05 9.97894E-05 9.97894E-05 9.97894E-05 0.03453 9.97894E-05 9.97894E-05 9.97894E-05 9.97894E-05 9.97894E-05 9.97894E-05 9.97894E-05 9.97894E-05 9.97894E-05 9.97894E-05 9.97894E-05 9.97894E-05 9.97894E-05 9.97894E-05 0.408828 9.97894E-05
9.98244E-05 9.98244E-05 9.98244E-05 0.131668 0.00326342 9.98244E-05 9.98244E-05 9.98244E-05 9.98244E-05 0.665896 0.104503 0.0300195 9.98244E-05 9.98244E-05 9.98244E-05 9.98244E-05 9.98244E-05 9.98244E-05 9.98244E-05 9.98244E-05 9.98244E-05 0.0155824 9.98244E-05 0.0470715 9.98244E-05 9.98244E-05 9.98244E-05
9.97897E-05 0.0123776 9.97897E-05 9.97897E-05 9.97897E-05 0.0217327 9.97897E-05 9.97897E-05 9.97897E-05 0.963495 9.97897E-05 9.97897E-05 9.97897E-05 9.97897E-05 9.97897E-05 9.97897E-05 9.97897E-05 9.97897E-05 9.97897E-05 9.97897E-05 9.97897E-05 9.97897E-05 9.97897E-05 9.97897E-05 9.97897E-05 9.97897E-05 9.97897E-05
9.97807E-05 9.97807E-05 9.97807E-05 9.97807E-05 0.123319 9.97807E-05 9.97807E-05 9.97807E-05 9.97807E-05 0.874186 9.97807E-05 9.97807E-05 9.97807E-05 9.97807E-05 9.97807E-05 9.97807E-05 9.97807E-05 9.97807E-05 9.97807E-05 9.97807E-05 9.97807E-05 9.97807E-05 9.97807E-05 9.97807E-05 9.97807E-05 9.97807E-05 9.97807E-05
0.291516 9.98246E-05 9.98246E-05 0.0525162 9.98246E-05 9.98246E-05 9.98246E-05 9.98246E-05 9.98246E-05 0.2939 9.98246E-05 0.0353835 9.98246E-05 9.98246E-05 9.98246E-05 9.98246E-05 0.0487144 9.98246E-05 9.98246E-05 9.98246E-05 9.98246E-05 0.114519 9.98246E-05 0.161454 9.98246E-05 9.98246E-05 9.98246E-05
9.98506E-05 0.0201519 9.98506E-05 0.0643783 0.0622935 9.98506E-05 9.98506E-05 0.0207039 9.98506E-05 0.631374 9.98506E-05 9.98506E-05 0.0348026 9.98506E-05 9.98506E-05 9.98506E-05 0.04209 9.98506E-05 0.0177446 0.0168074 9.98506E-05 0.0879566 9.98506E-05 9.98506E-05 9.98506E-05 9.98506E-05 9.98506E-05
9.98066E-05 9.98066E-05 9.98066E-05 0.204308 9.98066E-05 9.98066E-05 9.98066E-05 9.98066E-05 9.98066E-05 0.548108 9.98066E-05 9.98066E-05 9.98066E-05 9.98066E-05 9.98066E-05 0.0531358 9.98066E-05 9.98066E-05 9.98066E-05 0.106957 9.98066E-05 0.0852959 9.98066E-05 9.98066E-05 9.98066E-05 9.98066E-05 9.98066E-05
0.285644 9.98068E-05 9.98068E-05 0.113851 9.98068E-05 0.0752162 9.98068E-05 9.98068E-05 9.98068E-05 0.471777 9.98068E-05 0.0513168 9.98068E-05 9.98068E-05 9.98068E-05 9.98068E-05 9.98068E-05 9.98068E-05 9.98068E-05 9.98068E-05 9.98068E-05 9.98068E-05 9.98068E-05 9.98068E-05 9.98068E-05 9.98068E-05 9.98068E-05
0.0584724 9.98331E-05 9.98331E-05 0.0631568 0.207457 9.98331E-05 9.98331E-05 9.98331E-05 9.98331E-05 0.505133 9.98331E-05 9.98331E-05 9.98331E-05 9.98331E-05 9.98331E-05 9.98331E-05 0.0423136 9.98331E-05 0.0374926 9.98331E-05 9.98331E-05 0.0714942 9.98331E-05 0.0125843 9.98331E-05 9.98331E-05 9.98331E-05
9.9772E-05 9.9772E-05 9.9772E-05 9.9772E-05 9.9772E-05 9.9772E-05 9.9772E-05 9.9772E-05 9.9772E-05 0.997406 9.9772E-05 9.9772E-05 9.9772E-05 9.9772E-05 9.9772E-05 9.9772E-05 9.9772E-05 9.9772E-05 9.9772E-05 9.9772E-05 9.9772E-05 9.9772E-05 9.9772E-05 9.9772E-05 9.9772E-05 9.9772E-05 9.9772E-05
9.97895E-05 9.97895E-05 9.97895E-05 9.97895E-05 9.97895E-05 9.97895E-05 9.97895E-05 9.97895E-05 9.97895E-05 0.959257 9.97895E-05 0.0279658 9.97895E-05 9.97895E-05 9.97895E-05 9.97895E-05 9.97895E-05 9.97895E-05 9.97895E-05 9.97895E-05 9.97895E-05 0.0103826 9.97895E-05 9.97895E-05 9.97895E-05 9.97895E-05 9.97895E-05
9.98067E-05 9.98067E-05 9.98067E-05 0.265671 9.98067E-05 9.98067E-05 9.98067E-05 9.98067E-05 9.98067E-05 0.528165 9.98067E-05 0.139799 9.98067E-05 9.98067E-05 9.98067E-05 9.98067E-05 9.98067E-05 9.98067E-05 0.0199486 9.98067E-05 9.98067E-05 0.0442217 9.98067E-05 9.98067E-05 9.98067E-05 9.98067E-05 9.98067E-05
0.0407541 9.98507E-05 9.98507E-05 0.0652783 9.98507E-05 9.98507E-05 0.111943 9.98507E-05 9.98507E-05 0.498884 9.98507E-05 0.0299039 9.98507E-05 9.98507E-05 9.98507E-05 0.0941484 0.00544655 9.98507E-05 0.0309544 0.118036 9.98507E-05 9.98507E-05 9.98507E-05 9.98507E-05 0.0029544 9.98507E-05 9.98507E-05
0.025822 9.98418E-05 9.98418E-05 9.98418E-05 9.98418E-05 9.98418E-05 9.98418E-05 0.0190687 9.98418E-05 0.473476 9.98418E-05 0.0644341 9.98418E-05 9.98418E-05 9.98418E-05 0.131982 9.98418E-05 9.98418E-05 0.0732671 9.98418E-05 9.98418E-05 0.127428 9.98418E-05 0.0675576 0.0151667 9.98418E-05 9.98418E-05
0.0472257 9.98067E-05 9.98067E-05 0.209589 9.98067E-05 9.98067E-05 9.98067E-05 9.98067E-05 9.98067E-05 0.515661 9.98067E-05 9.98067E-05 9.98067E-05 9.98067E-05 9.98067E-05 9.98067E-05 9.98067E-05 9.98067E-05 0.0436257 0.181703 9.98067E-05 9.98067E-05 9.98067E-05 9.98067E-05 9.98067E-05 9.98067E-05 9.98067E-05
9.98074E-05 9.98074E-05 9.98074E-05 9.98074E-05 9.98074E-05 9.98074E-05 9.98074E-05 9.98074E-05 9.98074E-05 0.916627 9.98074E-05 0.0212493 9.98074E-05 9.98074E-05 9.98074E-05 0.0091682 9.98074E-05 0.00606826 9.98074E-05 9.98074E-05 9.98074E-05 9.98074E-05 9.98074E-05 9.98074E-05 0.0446913 9.98074E-05 9.98074E-05
9.9816E-05 9.9816E-05 9.9816E-05 0.00969796 9.9816E-05 0.0566968 9.9816E-05 9.9816E-05 9.9816E-05 0.766258 9.9816E-05 0.0590699 9.9816E-05 9.9816E-05 9.9816E-05 0.0838995 9.9816E-05 9.9816E-05 9.9816E-05 9.9816E-05 9.9816E-05 0.0222816 9.9816E-05 9.9816E-05 9.9816E-05 9.9816E-05 9.9816E-05
9.98068E-05 9.98068E-05 9.98068E-05 9.98068E-05 0.0435708 9.98068E-05 9.98068E-05 9.98068E-05 9.98068E-05 0.635036 0.198432 9.98068E-05 9.98068E-05 9.98068E-05 9.98068E-05 9.98068E-05 0.0717987 9.98068E-05 0.0489668 9.98068E-05 9.98068E-05 9.98068E-05 9.98068E-05 9.98068E-05 9.98068E-05 9.98068E-05 9.98068E-05
9.98306E-05 9.98306E-05 9.98306E-05 9.98306E-05 9.98306E-05 0.065908 9.98306E-05 9.98306E-05 9.98306E-05 0.627637 9.98306E-05 0.0832525 9.98306E-05 9.98306E-05 9.98306E-05 0.062542 9.98306E-05 9.98306E-05 0.0474388 0.0735212 9.98306E-05 0.0377038 9.98306E-05 9.98306E-05 9.98306E-05 9.98306E-05 9.98306E-05
9.98068E-05 9.98068E-05 9.98068E-05 0.0419247 0.0838088 9.98068E-05 9.98068E-05 9.98068E-05 9.98068E-05 0.81632 9.98068E-05 0.0467605 9.98068E-05 9.98068E-05 9.98068E-05 9.98068E-05 9.98068E-05 9.98068E-05 0.00899019 9.98068E-05 9.98068E-05 9.98068E-05 9.98068E-05 9.98068E-05 9.98068E-05 9.98068E-05 9.98068E-05
9.97979E-05 0.0492897 9.97979E-05 0.219155 9.97979E-05 9.97979E-05 9.97979E-05 9.97979E-05 9.97979E-05 0.669558 9.97979E-05 9.97979E-05 9.97979E-05 9.97979E-05 9.97979E-05 9.97979E-05 9.97979E-05 9.97979E-05 9.97979E-05 9.97979E-05 9.97979E-05 9.97979E-05 9.97979E-05 9.97979E-05 0.0597014 9.97979E-05 9.97979E-05
9.97812E-05 9.97812E-05 9.97812E-05 9.97812E-05 9.97812E-05 9.97812E-05 9.97812E-05 9.97812E-05 9.97812E-05 0.964647 9.97812E-05 9.97812E-05 9.97812E-05 9.97812E-05 9.97812E-05 9.97812E-05 9.97812E-05 9.97812E-05 9.97812E-05 9.97812E-05 9.97812E-05 9.97812E-05 0.0328587 9.97812E-05 9.97812E-05 9.97812E-05 9.97812E-05
9.9798E-05 9.9798E-05 9.9798E-05 0.0480738 9.9798E-05 9.9798E-05 9.9798E-05 9.9798E-05 9.9798E-05 0.572131 9.9798E-05 9.9798E-05 9.9798E-05 9.9798E-05 9.9798E-05 9.9798E-05 9.9798E-05 9.9798E-05 0.00830371 0.369196 9.9798E-05 9.9798E-05 9.9798E-05 9.9798E-05 9.9798E-05 9.9798E-05 9.9798E-05
9.98071E-05 9.98071E-05 9.98071E-05 9.98071E-05 9.98071E-05 9.98071E-05 0.0416979 9.98071E-05 9.98071E-05 0.683182 9.98071E-05 9.98071E-05 9.98071E-05 9.98071E-05 9.98071E-05 9.98071E-05 9.98071E-05 9.98071E-05 9.98071E-05 0.055305 9.98071E-05 0.00472342 9.98071E-05 0.212896 9.98071E-05 9.98071E-05 9.98071E-05
9.98245E-05 9.98245E-05 0.0294169 9.98245E-05 9.98245E-05 9.98245E-05 9.98245E-05 9.98245E-05 9.98245E-05 0.61834 9.98245E-05 9.98245E-05 9.98245E-05 9.98245E-05 9.98245E-05 9.98245E-05 0.0355165 9.98245E-05 0.0833669 9.98245E-05 9.98245E-05 0.0212317 9.98245E-05 0.0194578 9.98245E-05 9.98245E-05 0.190673
9.9798E-05 9.9798E-05 9.9798E-05 9.9798E-05 9.9798E-05 9.9798E-05 9.9798E-05 9.9798E-05 9.9798E-05 0.741617 9.9798E-05 0.12683 9.9798E-05 0.0268953 9.9798E-05 0.102362 9.9798E-05 9.9798E-05 9.9798E-05 9.9798E-05 9.9798E-05 9.9798E-05 9.9798E-05 9.9798E-05 9.9798E-05 9.9798E-05 9.9798E-05
0.00161521 9.98072E-05 9.98072E-05 9.98072E-05 9.98072E-05 9.98072E-05 9.98072E-05 9.98072E-05 9.98072E-05 0.896146 9.98072E-05 9.98072E-05 0.00951026 9.98072E-05 9.98072E-05 9.98072E-05 9.98072E-05 9.98072E-05 9.98072E-05 9.98072E-05 9.98072E-05 0.052976 9.98072E-05 9.98072E-05 9.98072E-05 0.0375566 9.98072E-05
9.97986E-05 9.97986E-05 9.97986E-05 9.97986E-05 9.97986E-05 0.0123863 9.97986E-05 9.97986E-05 9.97986E-05 0.973807 9.97986E-05 9.97986E-05 9.97986E-05 9.97986E-05 9.97986E-05 0.00971025 9.97986E-05 0.00180106 9.97986E-05 9.97986E-05 9.97986E-05 9.97986E-05 9.97986E-05 9.97986E-05 9.97986E-05 9.97986E-05 9.97986E-05
9.97721E-05 9.97721E-05 9.97721E-05 9.97721E-05 9.97721E-05 9.97721E-05 9.97721E-05 9.97721E-05 9.97721E-05 0.997406 9.97721E-05 9.97721E-05 9.97721E-05 9.97721E-05 9.97721E-05 9.97721E-05 9.97721E-05 9.97721E-05 9.97721E-05 9.97721E-05 9.97721E-05 9.97721E-05 9.97721E-05 9.97721E-05 9.97721E-05 9.97721E-05 9.97721E-05
9.97896E-05 9.97896E-05 9.97896E-05 9.97896E-05 0.104138 9.97896E-05 9.97896E-05 9.97896E-05 9.97896E-05 0.843745 9.97896E-05 9.97896E-05 9.97896E-05 9.97896E-05 9.97896E-05 0.049722 9.97896E-05 9.97896E-05 9.97896E-05 9.97896E-05 9.97896E-05 9.97896E-05 9.97896E-05 9.97896E-05 9.97896E-05 9.97896E-05 9.97896E-05
9.98159E-05 9.98159E-05 9.98159E-05 0.0725265 9.98159E-05 9.98159E-05 9.98159E-05 9.98159E-05 9.98159E-05 0.610756 9.98159E-05 9.98159E-05 9.98159E-05 9.98159E-05 9.98159E-05 9.98159E-05 9.98159E-05 9.98159E-05 9.98159E-05 9.98159E-05 9.98159E-05 0.0276953 0.234681 9.98159E-05 0.0191548 0.0330906 9.98159E-05
9.97896E-05 9.97896E-05 9.97896E-05 0.107179 9.97896E-05 9.97896E-05 9.97896E-05 9.97896E-05 9.97896E-05 9.97896E-05 9.97896E-05 9.97896E-05 9.97896E-05 9.97896E-05 9.97896E-05 9.97896E-05 9.97896E-05 9.97896E-05 9.97896E-05 9.97896E-05 9.97896E-05 0.12958 9.97896E-05 0.760847 9.97896E-05 9.97896E-05 9.97896E-05
9.97808E-05 9.97808E-05 9.97808E-05 9.97808E-05 9.97808E-05 9.97808E-05 9.97808E-05 9.97808E-05 9.97808E-05 9.97808E-05 9.97808E-05 9.97808E-05 9.97808E-05 9.97808E-05 9.97808E-05 9.97808E-05 9.97808E-05 9.97808E-05 9.97808E-05 9.97808E-05 9.97808E-05 9.97808E-05 0.715594 0.281912 9.97808E-05 9.97808E-05 9.97808E-05
9.97895E-05 9.97895E-05 9.97895E-05 0.0894342 9.97895E-05 9.97895E-05 9.97895E-05 9.97895E-05 9.97895E-05 9.97895E-05 9.97895E-05 9.97895E-05 9.97895E-05 9.97895E-05 9.97895E-05 9.97895E-05 9.97895E-05 9.97895E-05 9.97895E-05 9.97895E-05 9.97895E-05 9.97895E-05 9.97895E-05 0.891762 9.97895E-05 9.97895E-05 0.0164085
9.9798E-05 9.9798E-05 9.9798E-05 0.171195 0.00580072 9.9798E-05 9.9798E-05 9.9798E-05 9.9798E-05 9.9798E-05 9.9798E-05 9.9798E-05 9.9798E-05 9.9798E-05 9.9798E-05 9.9798E-05 9.9798E-05 9.9798E-05 9.9798E-05 9.9798E-05 9.9798E-05 0.00131542 9.9798E-05 0.819393 9.9798E-05 9.9798E-05 9.9798E-05
9.97892E-05 9.97892E-05 9.97892E-05 9.97892E-05 9.97892E-05 9.97892E-05 9.97892E-05 9.97892E-05 9.97892E-05 9.97892E-05 9.97892E-05 9.97892E-05 9.97892E-05 9.97892E-05 9.97892E-05 9.97892E-05 9.97892E-05 0.00591609 9.97892E-05 9.97892E-05 9.97892E-05 0.0587867 9.97892E-05 0.932902 9.97892E-05 9.97892E-05 9.97892E-05
0.0517272 9.98158E-05 9.98158E-05 0.155317 9.98158E-05 9.98158E-05 9.98158E-05 9.98158E-05 9.98158E-05 9.98158E-05 9.98158E-05 9.98158E-05 9.98158E-05 9.98158E-05 9.98158E-05 9.98158E-05 9.98158E-05 9.98158E-05 9.98158E-05 9.98158E-05 0.0334812 0.135164 0.0295212 0.592693 9.98158E-05 9.98158E-05 9.98158E-05
9.98247E-05 9.98247E-05 9.98247E-05 0.040246 0.00492365 0.0916952 9.98247E-05 9.98247E-05 9.98247E-05 9.98247E-05 9.98247E-05 9.98247E-05 9.98247E-05 9.98247E-05 9.98247E-05 9.98247E-05 9.98247E-05 9.98247E-05 9.98247E-05 0.0229201 9.98247E-05 0.044587 9.98247E-05 0.786294 0.00733723 9.98247E-05 9.98247E-05
9.97895E-05 9.97895E-05 9.97895E-05 9.97895E-05 0.0170058 9.97895E-05 9.97895E-05 9.97895E-05 9.97895E-05 9.97895E-05 9.97895E-05 9.97895E-05 9.97895E-05 9.97895E-05 9.97895E-05 9.97895E-05 9.97895E-05 9.97895E-05 9.97895E-05 9.97895E-05 9.97895E-05 0.226232 9.97895E-05 0.754368 9.97895E-05 9.97895E-05 9.97895E-05
0.16471 9.98243E-05 9.98243E-05 0.0471379 9.98243E-05 9.98243E-05 9.98243E-05 9.98243E-05 9.98243E-05 9.98243E-05 9.98243E-05 0.00222574 9.98243E-05 9.98243E-05 9.98243E-05 0.00891434 9.98243E-05 9.98243E-05 9.98243E-05 0.0156079 9.98243E-05 0.293197 9.98243E-05 0.466211 9.98243E-05 9.98243E-05 9.98243E-05
9.9807E-05 9.9807E-05 9.9807E-05 0.264478 9.9807E-05 9.9807E-05 9.9807E-05 9.9807E-05 9.9807E-05 9.9807E-05 9.9807E-05 9.9807E-05 9.9807E-05 9.9807E-05 9.9807E-05 0.00881776 9.9807E-05 9.9807E-05 9.9807E-05 9.9807E-05 0.0168672 0.201653 9.9807E-05 0.505989 9.9807E-05 9.9807E-05 9.9807E-05
0.211638 9.97982E-05 9.97982E-05 9.97982E-05 9.97982E-05 9.97982E-05 9.97982E-05 9.97982E-05 0.489631 9.97982E-05 9.97982E-05 0.0367062 9.97982E-05 9.97982E-05 9.97982E-05 9.97982E-05 9.97982E-05 9.97982E-05 9.97982E-05 9.97982E-05 9.97982E-05 9.97982E-05 9.97982E-05 0.25973 9.97982E-05 9.97982E-05 9.97982E-05
0.118044 9.98158E-05 9.98158E-05 0.0433156 9.98158E-05 9.98158E-05 9.98158E-05 9.98158E-05 0.142306 9.98158E-05 9.98158E-05 0.00910748 9.98158E-05 9.98158E-05 0.00117466 9.98158E-05 9.98158E-05 9.98158E-05 9.98158E-05 9.98158E-05 9.98158E-05 9.98158E-05 9.98158E-05 0.683956 9.98158E-05 9.98158E-05 9.98158E-05
9.97898E-05 9.97898E-05 9.97898E-05 9.97898E-05 9.97898E-05 9.97898E-05 9.97898E-05 9.97898E-05 0.0440467 9.97898E-05 9.97898E-05 9.97898E-05 9.97898E-05 9.97898E-05 9.97898E-05 9.97898E-05 9.97898E-05 9.97898E-05 9.97898E-05 9.97898E-05 0.0472532 9.97898E-05 9.97898E-05 0.906305 9.97898E-05 9.97898E-05 9.97898E-05
9.98073E-05 9.98073E-05 9.98073E-05 0.193639 9.98073E-05 9.98073E-05 9.98073E-05 9.98073E-05 0.165302 9.98073E-05 9.98073E-05 9.98073E-05 9.98073E-05 9.98073E-05 9.98073E-05 9.98073E-05 9.98073E-05 0.0241372 9.98073E-05 9.98073E-05 9.98073E-05 0.170444 9.98073E-05 0.444282 9.98073E-05 9.98073E-05 9.98073E-05
9.98421E-05 9.98421E-05 9.98421E-05 9.98421E-05 0.00635997 9.98421E-05 9.98421E-05 9.98421E-05 0.104157 9.98421E-05 9.98421E-05 9.98421E-05 0.0407984 9.98421E-05 9.98421E-05 0.0164559 9.98421E-05 9.98421E-05 0.0130937 9.98421E-05 0.17286 0.05781 9.98421E-05 0.581199 9.98421E-05 9.98421E-05 0.00546881
0.0314939 9.98245E-05 9.98245E-05 0.178249 9.98245E-05 9.98245E-05 9.98245E-05 9.98245E-05 9.98245E-05 9.98245E-05 9.98245E-05 9.98245E-05 0.0223436 9.98245E-05 9.98245E-05 0.0183825 9.98245E-05 9.98245E-05 9.98245E-05 9.98245E-05 9.98245E-05 0.0418758 0.0755309 0.630127 9.98245E-05 9.98245E-05 9.98245E-05
0.205364 9.98157E-05 9.98157E-05 0.0968459 9.98157E-05 9.98157E-05 9.98157E-05 9.98157E-05 0.116014 9.98157E-05 9.98157E-05 9.98157E-05 0.0358479 9.98157E-05 9.98157E-05 9.98157E-05 9.98157E-05 9.98157E-05 9.98157E-05 9.98157E-05 9.98157E-05 0.0131754 9.98157E-05 0.530656 9.98157E-05 9.98157E-05 9.98157E-05
9.98161E-05 9.98161E-05 9.98161E-05 9.98161E-05 9.98161E-05 9.98161E-05 9.98161E-05 9.98161E-05 9.98161E-05 9.98161E-05 9.98161E-05 9.98161E-05 9.98161E-05 9.98161E-05 9.98161E-05 9.98161E-05 9.98161E-05 9.98161E-05 9.98161E-05 0.00174236 0.183432 0.0846008 0.0610652 0.658388 9.98161E-05 9.98161E-05 0.00867506
9.97896E-05 9.97896E-05 9.97896E-05 9.97896E-05 9.97896E-05 9.97896E-05 9.97896E-05 9.97896E-05 0.11438 9.97896E-05 9.97896E-05 0.0123582 9.97896E-05 9.97896E-05 9.97896E-05 9.97896E-05 9.97896E-05 9.97896E-05 9.97896E-05 9.97896E-05 9.97896E-05 9.97896E-05 9.97896E-05 0.870867 9.97896E-05 9.97896E-05 9.97896E-05
9.98246E-05 9.98246E-05 9.98246E-05 0.0754435 9.98246E-05 9.98246E-05 9.98246E-05 9.98246E-05 9.98246E-05 9.98246E-05 9.98246E-05 0.00919393 0.0734153 9.98246E-05 9.98246E-05 9.98246E-05 9.98246E-05 9.98246E-05 9.98246E-05 9.98246E-05 0.0395811 0.102037 0.278253 0.42008 9.98246E-05 9.98246E-05 9.98246E-05
0.163142 9.98158E-05 9.98158E-05 0.0730432 9.98158E-05 9.98158E-05 9.98158E-05 9.98158E-05 0.104335 9.98158E-05 9.98158E-05 9.98158E-05 9.98158E-05 9.98158E-05 9.98158E-05 9.98158E-05 9.98158E-05 9.98158E-05 9.98158E-05 9.98158E-05 0.0445284 9.98158E-05 9.98158E-05 0.559905 9.98158E-05 9.98158E-05 0.0529501
9.9807E-05 9.9807E-05 9.9807E-05 9.9807E-05 9.9807E-05 9.9807E-05 9.9807E-05 9.9807E-05 0.00667662 9.9807E-05 9.9807E-05 0.000106093 9.9807E-05 9.9807E-05 9.9807E-05 0.0665394 9.9807E-05 9.9807E-05 9.9807E-05 9.9807E-05 9.9807E-05 0.0113112 9.9807E-05 0.913171 9.9807E-05 9.9807E-05 9.9807E-05
0.0506571 9.98157E-05 9.98157E-05 0.195912 9.98157E-05 9.98157E-05 9.98157E-05 9.98157E-05 9.98157E-05 9.98157E-05 9.98157E-05 9.98157E-05 0.0456839 0.0358341 9.98157E-05 9.98157E-05 9.98157E-05 9.98157E-05 9.98157E-05 9.98157E-05 9.98157E-05 0.206497 9.98157E-05 0.46332 9.98157E-05 9.98157E-05 9.98157E-05
9.98071E-05 9.98071E-05 9.98071E-05 9.98071E-05 9.98071E-05 9.98071E-05 0.0500118 0.038026 0.158007 9.98071E-05 9.98071E-05 9.98071E-05 9.98071E-05 9.98071E-05 9.98071E-05 9.98071E-05 9.98071E-05 9.98071E-05 9.98071E-05 9.98071E-05 9.98071E-05 0.211954 9.98071E-05 0.539805 9.98071E-05 9.98071E-05 9.98071E-05
9.98158E-05 9.98158E-05 9.98158E-05 0.198083 9.98158E-05 0.013782 9.98158E-05 9.98158E-05 9.98158E-05 9.98158E-05 9.98158E-05 9.98158E-05 0.0361965 0.0322356 9.98158E-05 9.98158E-05 9.98158E-05 9.98158E-05 9.98158E-05 9.98158E-05 9.98158E-05 0.206841 9.98158E-05 0.510765 9.98158E-05 9.98158E-05 9.98158E-05
0.0931348 9.98422E-05 9.98422E-05 0.0661347 9.98422E-05 0.00810903 9.98422E-05 9.98422E-05 0.277915 0.0252979 9.98422E-05 9.98422E-05 9.98422E-05 9.98422E-05 9.98422E-05 0.046337 9.98422E-05 9.98422E-05 9.98422E-05 9.98422E-05 9.98422E-05 0.158751 9.98422E-05 0.299525 0.0229989 9.98422E-05 9.98422E-05
9.98158E-05 0.0318541 9.98158E-05 0.0428927 9.98158E-05 9.98158E-05 9.98158E-05 9.98158E-05 9.98158E-05 9.98158E-05 9.98158E-05 9.98158E-05 9.98158E-05 9.98158E-05 9.98158E-05 9.98158E-05 9.98158E-05 0.0450261 9.98158E-05 9.98158E-05 9.98158E-05 9.98158E-05 0.708976 0.147554 9.98158E-05 9.98158E-05 0.0216008
9.98068E-05 9.98068E-05 9.98068E-05 0.0428387 9.98068E-05 0.0713371 9.98068E-05 9.98068E-05 9.98068E-05 9.98068E-05 9.98068E-05 9.98068E-05 9.98068E-05 9.98068E-05 9.98068E-05 9.98068E-05 9.98068E-05 9.98068E-05 0.0562841 9.98068E-05 9.98068E-05 0.0213707 9.98068E-05 0.805974 9.98068E-05 9.98068E-05 9.98068E-05
9.97897E-05 9.97897E-05 9.97897E-05 0.157968 9.97897E-05 9.97897E-05 9.97897E-05 9.97897E-05 9.97897E-05 9.97897E-05 9.97897E-05 9.97897E-05 9.97897E-05 9.97897E-05 9.97897E-05 9.97897E-05 9.97897E-05 9.97897E-05 9.97897E-05 9.97897E-05 9.97897E-05 0.304179 9.97897E-05 0.535459 9.97897E-05 9.97897E-05 9.97897E-05
9.98248E-05 9.98248E-05 9.98248E-05 0.0680426 0.0526379 9.98248E-05 9.98248E-05 9.98248E-05 9.98248E-05 9.98248E-05 9.98248E-05 9.98248E-05 0.013125 9.98248E-05 9.98248E-05 0.016114 9.98248E-05 9.98248E-05 9.98248E-05 9.98248E-05 9.98248E-05 0.0236849 0.0435389 0.78086 9.98248E-05 9.98248E-05 9.98248E-05
9.9816E-05 9.9816E-05 9.9816E-05 0.208117 9.9816E-05 9.9816E-05 9.9816E-05 9.9816E-05 0.0192038 9.9816E-05 9.9816E-05 0.0281722 9.9816E-05 9.9816E-05 9.9816E-05 9.9816E-05 9.9816E-05 9.9816E-05 9.9816E-05 9.9816E-05 9.9816E-05 0.0233307 9.9816E-05 0.694209 0.0248708 9.9816E-05 9.9816E-05
9.97896E-05 9.97896E-05 9.97896E-05 9.97896E-05 9.97896E-05 0.0666066 9.97896E-05 9.97896E-05 9.97896E-05 9.97896E-05 9.97896E-05 9.97896E-05 9.97896E-05 9.97896E-05 9.97896E-05 9.97896E-05 9.97896E-05 9.97896E-05 9.97896E-05 9.97896E-05 9.97896E-05 9.97896E-05 9.97896E-05 0.87781 0.053189 9.97896E-05 9.97896E-05
9.98069E-05 9.98069E-05 9.98069E-05 0.105996 9.98069E-05 9.98069E-05 9.98069E-05 0.13551 9.98069E-05 9.98069E-05 9.98069E-05 9.98069E-05 0.1602 9.98069E-05 9.98069E-05 9.98069E-05 9.98069E-05 9.98069E-05 9.98069E-05 9.98069E-05 9.98069E-05 0.255755 9.98069E-05 0.340345 9.98069E-05 9.98069E-05 9.98069E-05
9.98069E-05 9.98069E-05 9.98069E-05 9.98069E-05 9.98069E-05 9.98069E-05 0.00658427 9.98069E-05 9.98069E-05 9.98069E-05 9.98069E-05 0.0142745 9.98069E-05 9.98069E-05 9.98069E-05 9.98069E-05 9.98069E-05 9.98069E-05 9.98069E-05 0.132155 9.98069E-05 0.00132994 9.98069E-05 0.84346 9.98069E-05 9.98069E-05 9.98069E-05
9.97984E-05 9.97984E-05 9.97984E-05 0.0893146 9.97984E-05 9.97984E-05 9.97984E-05 9.97984E-05 0.0984376 9.97984E-05 9.97984E-05 9.97984E-05 9.97984E-05 9.97984E-05 9.97984E-05 9.97984E-05 9.97984E-05 9.97984E-05 9.97984E-05 9.97984E-05 9.97984E-05 0.020244 9.97984E-05 0.789708 9.97984E-05 9.97984E-05 9.97984E-05
9.98245E-05 9.98245E-05 9.98245E-05 9.98245E-05 9.98245E-05 9.98245E-05 9.98245E-05 9.98245E-05 0.182494 9.98245E-05 9.98245E-05 0.00591892 9.98245E-05 9.98245E-05 9.98245E-05 0.0897383 9.98245E-05 9.98245E-05 9.98245E-05 9.98245E-05 0.118727 0.0695278 9.98245E-05 0.50865 9.98245E-05 9.98245E-05 0.0229482
9.9798E-05 9.9798E-05 9.9798E-05 0.202379 9.9798E-05 9.9798E-05 9.9798E-05 9.9798E-05 9.9798E-05 9.9798E-05 9.9798E-05 9.9798E-05 9.9798E-05 9.9798E-05 9.9798E-05 0.0398289 9.9798E-05 9.9798E-05 9.9798E-05 9.9798E-05 9.9798E-05 0.0567091 9.9798E-05 0.698788 9.9798E-05 9.9798E-05 9.9798E-05
9.9807E-05 9.9807E-05 9.9807E-05 0.00631821 9.9807E-05 9.9807E-05 9.9807E-05 9.9807E-05 0.635109 9.9807E-05 0.0374288 9.9807E-05 9.9807E-05 9.9807E-05 9.9807E-05 9.9807E-05 9.9807E-05 9.9807E-05 9.9807E-05 9.9807E-05 9.9807E-05 0.0647064 9.9807E-05 0.254241 9.9807E-05 9.9807E-05 9.9807E-05
9.98336E-05 9.98336E-05 9.98336E-05 0.133875 0.0015867 9.98336E-05 9.98336E-05 9.98336E-05 0.158713 9.98336E-05 9.98336E-05 0.0248416 0.0433595 9.98336E-05 9.98336E-05 0.0169202 9.98336E-05 9.98336E-05 9.98336E-05 9.98336E-05 9.98336E-05 9.98336E-05 0.0556097 0.563198 9.98336E-05 9.98336E-05 9.98336E-05
9.97811E-05 9.97811E-05 9.97811E-05 9.97811E-05 9.97811E-05 9.97811E-05 9.97811E-05 9.97811E-05 0.421279 9.97811E-05 9.97811E-05 9.97811E-05 9.97811E-05 9.97811E-05 9.97811E-05 9.97811E-05 9.97811E-05 9.97811E-05 9.97811E-05 9.97811E-05 9.97811E-05 9.97811E-05 9.97811E-05 0.576226 9.97811E-05 9.97811E-05 9.97811E-05
0.0146708 9.97984E-05 9.97984E-05 9.97984E-05 9.97984E-05 9.97984E-05 9.97984E-05 9.97984E-05 0.655868 9.97984E-05 9.97984E-05 9.97984E-05 0.00605153 9.97984E-05 9.97984E-05 9.97984E-05 9.97984E-05 9.97984E-05 9.97984E-05 9.97984E-05 9.97984E-05 9.97984E-05 9.97984E-05 0.321114 9.97984E-05 9.97984E-05 9.97984E-05
