9.97983E-05 9.97983E-05 9.97983E-05 9.97983E-05 9.97983E-05 0.234302 9.97983E-05 9.97983E-05 9.97983E-05 9.97983E-05 9.97983E-05 9.97983E-05 9.97983E-05 9.97983E-05 9.97983E-05 9.97983E-05 0.101219 9.97983E-05 9.97983E-05 0.175552 9.97983E-05 9.97983E-05 0.376258 0.110374 9.97983E-05 9.97983E-05 9.97983E-05 9.97983E-05
9.97982E-05 9.97982E-05 9.97982E-05 9.97982E-05 9.97982E-05 9.97982E-05 9.97982E-05 9.97982E-05 9.97982E-05 0.099888 9.97982E-05 9.97982E-05 9.97982E-05 9.97982E-05 9.97982E-05 9.97982E-05 9.97982E-05 9.97982E-05 9.97982E-05 0.084279 9.97982E-05 9.97982E-05 9.97982E-05 9.97982E-05 0.7782 0.0152135 9.97982E-05 0.0201245
9.97808E-05 9.97808E-05 9.97808E-05 9.97808E-05 9.97808E-05 9.97808E-05 9.97808E-05 9.97808E-05 0.0276928 9.97808E-05 9.97808E-05 9.97808E-05 9.97808E-05 9.97808E-05 0.00156741 9.97808E-05 9.97808E-05 9.97808E-05 9.97808E-05 9.97808E-05 9.97808E-05 9.97808E-05 0.968245 9.97808E-05 9.97808E-05 9.97808E-05 9.97808E-05 9.97808E-05
9.98334E-05 9.98334E-05 9.98334E-05 9.98334E-05 9.98334E-05 0.171253 0.0482535 0.0546925 9.98334E-05 9.98334E-05 9.98334E-05 9.98334E-05 0.200801 0.00958748 0.160866 9.98334E-05 9.98334E-05 9.98334E-05 9.98334E-05 9.98334E-05 9.98334E-05 9.98334E-05 9.98334E-05 0.0214214 0.2513 0.0799279 9.98334E-05 9.98334E-05
9.97894E-05 0.120624 9.97894E-05 9.97894E-05 9.97894E-05 9.97894E-05 9.97894E-05 9.97894E-05 0.0183854 9.97894E-05 0.0272973 9.97894E-05 9.97894E-05 9.97894E-05 9.97894E-05 9.97894E-05 9.97894E-05 9.97894E-05 9.97894E-05 9.97894E-05 9.97894E-05 9.97894E-05 9.97894E-05 9.97894E-05 0.831298 9.97894E-05 9.97894E-05 9.97894E-05
0.0196802 0.122525 9.9816E-05 9.9816E-05 9.9816E-05 9.9816E-05 9.9816E-05 0.179809 0.117519 9.9816E-05 0.179488 9.9816E-05 9.9816E-05 9.9816E-05 9.9816E-05 9.9816E-05 9.9816E-05 9.9816E-05 9.9816E-05 0.109344 9.9816E-05 9.9816E-05 0.269539 9.9816E-05 9.9816E-05 9.9816E-05 9.9816E-05 9.9816E-05
9.98509E-05 9.98509E-05 0.124885 9.98509E-05 9.98509E-05 0.0956398 0.0979806 9.98509E-05 9.98509E-05 0.118172 0.0525677 9.98509E-05 0.0548601 9.98509E-05 9.98509E-05 9.98509E-05 0.0291982 0.0507191 0.0628726 9.98509E-05 0.0190911 9.98509E-05 9.98509E-05 9.98509E-05 0.292316 9.98509E-05 9.98509E-05 9.98509E-05
9.9851E-05 0.0183051 9.9851E-05 9.9851E-05 0.0813787 0.156293 9.9851E-05 0.16452 9.9851E-05 9.9851E-05 0.0412585 9.9851E-05 0.0465829 9.9851E-05 9.9851E-05 9.9851E-05 9.9851E-05 9.9851E-05 9.9851E-05 0.0681454 9.9851E-05 9.9851E-05 9.9851E-05 0.0628257 0.276356 0.0393165 0.0433204 9.9851E-05
9.9816E-05 0.032554 9.9816E-05 9.9816E-05 9.9816E-05 9.9816E-05 0.0103538 0.198085 9.9816E-05 9.9816E-05 9.9816E-05 9.9816E-05 9.9816E-05 9.9816E-05 9.9816E-05 9.9816E-05 0.185224 9.9816E-05 9.9816E-05 0.103478 0.209731 9.9816E-05 0.258479 9.9816E-05 9.9816E-05 9.9816E-05 9.9816E-05 9.9816E-05
9.97808E-05 9.97808E-05 9.97808E-05 9.97808E-05 9.97808E-05 9.97808E-05 9.97808E-05 9.97808E-05 9.97808E-05 9.97808E-05 9.97808E-05 9.97808E-05 9.97808E-05 9.97808E-05 9.97808E-05 9.97808E-05 0.0513086 9.97808E-05 9.97808E-05 9.97808E-05 9.97808E-05 9.97808E-05 0.562634 9.97808E-05 0.383563 9.97808E-05 9.97808E-05 9.97808E-05
9.98159E-05 9.98159E-05 9.98159E-05 9.98159E-05 9.98159E-05 0.110855 0.0642169 9.98159E-05 9.98159E-05 9.98159E-05 9.98159E-05 9.98159E-05 9.98159E-05 9.98159E-05 0.00199232 9.98159E-05 0.205377 9.98159E-05 9.98159E-05 0.146892 9.98159E-05 9.98159E-05 0.429974 9.98159E-05 0.0385973 9.98159E-05 9.98159E-05 9.98159E-05
9.97896E-05 9.97896E-05 0.00467069 9.97896E-05 9.97896E-05 9.97896E-05 9.97896E-05 9.97896E-05 9.97896E-05 9.97896E-05 9.97896E-05 9.97896E-05 9.97896E-05 9.97896E-05 9.97896E-05 9.97896E-05 9.97896E-05 9.97896E-05 9.97896E-05 9.97896E-05 9.97896E-05 9.97896E-05 0.903978 9.97896E-05 9.97896E-05 0.0280742 0.0608818 9.97896E-05
9.9807E-05 9.9807E-05 9.9807E-05 9.9807E-05 9.9807E-05 0.108642 9.9807E-05 9.9807E-05 9.9807E-05 9.9807E-05 9.9807E-05 9.9807E-05 9.9807E-05 9.9807E-05 9.9807E-05 9.9807E-05 0.0237865 0.00719701 9.9807E-05 0.0519609 9.9807E-05 9.9807E-05 0.351927 9.9807E-05 0.45429 9.9807E-05 9.9807E-05 9.9807E-05
9.97983E-05 9.97983E-05 9.97983E-05 9.97983E-05 9.97983E-05 9.97983E-05 9.97983E-05 9.97983E-05 0.0408549 9.97983E-05 9.97983E-05 0.0803108 9.97983E-05 9.97983E-05 9.97983E-05 0.0253668 0.0957416 9.97983E-05 9.97983E-05 9.97983E-05 9.97983E-05 9.97983E-05 9.97983E-05 9.97983E-05 0.755431 9.97983E-05 9.97983E-05 9.97983E-05
9.98333E-05 0.0983744 9.98333E-05 0.102787 9.98333E-05 9.98333E-05 9.98333E-05 0.0959196 9.98333E-05 0.0421033 9.98333E-05 9.98333E-05 9.98333E-05 9.98333E-05 9.98333E-05 0.0615018 0.0980062 9.98333E-05 9.98333E-05 0.26644 0.011337 9.98333E-05 0.221634 9.98333E-05 9.98333E-05 9.98333E-05 9.98333E-05 9.98333E-05
9.98508E-05 0.0118671 9.98508E-05 9.98508E-05 0.0822182 0.0519706 9.98508E-05 0.103336 9.98508E-05 9.98508E-05 9.98508E-05 9.98508E-05 0.0114387 9.98508E-05 9.98508E-05 0.0164269 0.150804 9.98508E-05 9.98508E-05 0.285307 9.98508E-05 9.98508E-05 9.98508E-05 0.0793315 0.162721 9.98508E-05 0.0428812 9.98508E-05
9.98071E-05 9.98071E-05 9.98071E-05 9.98071E-05 9.98071E-05 0.0100398 9.98071E-05 9.98071E-05 9.98071E-05 9.98071E-05 9.98071E-05 0.403906 0.0342894 9.98071E-05 9.98071E-05 9.98071E-05 0.0522229 9.98071E-05 9.98071E-05 9.98071E-05 9.98071E-05 9.98071E-05 0.47448 0.0228656 9.98071E-05 9.98071E-05 9.98071E-05 9.98071E-05
0.149898 9.98334E-05 9.98334E-05 9.98334E-05 9.98334E-05 0.16908 9.98334E-05 0.00219772 9.98334E-05 9.98334E-05 9.98334E-05 9.98334E-05 9.98334E-05 0.00592413 0.123231 9.98334E-05 0.111347 9.98334E-05 9.98334E-05 0.147363 9.98334E-05 9.98334E-05 9.98334E-05 9.98334E-05 0.212433 9.98334E-05 9.98334E-05 0.0766299
9.98069E-05 9.98069E-05 9.98069E-05 9.98069E-05 9.98069E-05 0.166441 9.98069E-05 0.104823 9.98069E-05 9.98069E-05 0.162697 9.98069E-05 9.98069E-05 9.98069E-05 9.98069E-05 0.0108043 0.135727 9.98069E-05 9.98069E-05 9.98069E-05 9.98069E-05 9.98069E-05 0.417312 9.98069E-05 9.98069E-05 9.98069E-05 9.98069E-05 9.98069E-05
9.97635E-05 9.97635E-05 9.97635E-05 9.97635E-05 9.97635E-05 9.97635E-05 9.97635E-05 9.97635E-05 9.97635E-05 9.97635E-05 9.97635E-05 9.97635E-05 9.97635E-05 9.97635E-05 9.97635E-05 9.97635E-05 9.97635E-05 9.97635E-05 9.97635E-05 9.97635E-05 9.97635E-05 9.97635E-05 0.997306 9.97635E-05 9.97635E-05 9.97635E-05 9.97635E-05 9.97635E-05
9.98334E-05 9.98334E-05 9.98334E-05 9.98334E-05 9.98334E-05 0.0521346 0.0280093 0.071937 9.98334E-05 9.98334E-05 9.98334E-05 9.98334E-05 9.98334E-05 0.233339 0.0196242 9.98334E-05 0.0579625 9.98334E-05 9.98334E-05 9.98334E-05 9.98334E-05 9.98334E-05 0.0536345 9.98334E-05 0.383617 9.98334E-05 0.0978447 9.98334E-05
9.98421E-05 0.0672657 9.98421E-05 9.98421E-05 9.98421E-05 0.282983 0.0367409 0.0965819 0.0946234 9.98421E-05 0.00299482 9.98421E-05 9.98421E-05 9.98421E-05 9.98421E-05 0.0474306 9.98421E-05 0.0495034 9.98421E-05 9.98421E-05 9.98421E-05 9.98421E-05 0.289736 9.98421E-05 9.98421E-05 0.030343 9.98421E-05 9.98421E-05
9.97985E-05 0.0661942 9.97985E-05 9.97985E-05 9.97985E-05 9.97985E-05 0.0169846 9.97985E-05 9.97985E-05 9.97985E-05 9.97985E-05 9.97985E-05 9.97985E-05 9.97985E-05 9.97985E-05 9.97985E-05 0.0521381 9.97985E-05 9.97985E-05 0.287097 9.97985E-05 9.97985E-05 0.575291 9.97985E-05 9.97985E-05 9.97985E-05 9.97985E-05 9.97985E-05
9.98248E-05 9.98248E-05 9.98248E-05 9.98248E-05 9.98248E-05 0.252518 9.98248E-05 9.98248E-05 9.98248E-05 9.98248E-05 9.98248E-05 9.98248E-05 9.98248E-05 9.98248E-05 9.98248E-05 9.98248E-05 0.167084 9.98248E-05 9.98248E-05 0.0221755 0.118375 9.98248E-05 0.108765 0.00254586 0.288203 9.98248E-05 0.0383375 9.98248E-05
9.98246E-05 9.98246E-05 9.98246E-05 9.98246E-05 9.98246E-05 9.98246E-05 0.077375 9.98246E-05 9.98246E-05 9.98246E-05 9.98246E-05 9.98246E-05 0.0295008 9.98246E-05 0.160022 0.0605541 0.234415 9.98246E-05 9.98246E-05 9.98246E-05 9.98246E-05 9.98246E-05 0.100186 9.98246E-05 0.17336 9.98246E-05 9.98246E-05 0.162591
9.98072E-05 0.163651 9.98072E-05 9.98072E-05 9.98072E-05 0.011612 9.98072E-05 9.98072E-05 9.98072E-05 9.98072E-05 9.98072E-05 0.0125578 0.0598403 9.98072E-05 9.98072E-05 9.98072E-05 0.0633678 9.98072E-05 9.98072E-05 9.98072E-05 9.98072E-05 9.98072E-05 0.686776 9.98072E-05 9.98072E-05 9.98072E-05 9.98072E-05 9.98072E-05
0.126672 9.97983E-05 9.97983E-05 9.97983E-05 0.018961 0.195888 9.97983E-05 9.97983E-05 9.97983E-05 9.97983E-05 9.97983E-05 9.97983E-05 9.97983E-05 9.97983E-05 0.341125 9.97983E-05 9.97983E-05 0.315059 9.97983E-05 9.97983E-05 9.97983E-05 9.97983E-05 9.97983E-05 9.97983E-05 9.97983E-05 9.97983E-05 9.97983E-05 9.97983E-05
9.98421E-05 9.98421E-05 9.98421E-05 9.98421E-05 9.98421E-05 0.0639495 9.98421E-05 9.98421E-05 9.98421E-05 0.0148459 0.00476561 9.98421E-05 0.0635483 9.98421E-05 0.0328655 9.98421E-05 0.0354843 0.0461005 9.98421E-05 9.98421E-05 9.98421E-05 0.0299779 0.650076 9.98421E-05 0.0565892 9.98421E-05 9.98421E-05 9.98421E-05
9.98159E-05 9.98159E-05 9.98159E-05 9.98159E-05 9.98159E-05 0.0210145 9.98159E-05 9.98159E-05 9.98159E-05 9.98159E-05 9.98159E-05 9.98159E-05 9.98159E-05 9.98159E-05 0.101528 9.98159E-05 0.128855 0.0466856 9.98159E-05 0.0602102 9.98159E-05 9.98159E-05 0.462655 9.98159E-05 0.176955 9.98159E-05 9.98159E-05 9.98159E-05
9.97808E-05 9.97808E-05 9.97808E-05 0.287166 9.97808E-05 9.97808E-05 9.97808E-05 9.97808E-05 9.97808E-05 9.97808E-05 0.00251724 9.97808E-05 9.97808E-05 9.97808E-05 9.97808E-05 9.97808E-05 9.97808E-05 9.97808E-05 9.97808E-05 9.97808E-05 9.97808E-05 9.97808E-05 0.707822 9.97808E-05 9.97808E-05 9.97808E-05 9.97808E-05 9.97808E-05
9.97982E-05 9.97982E-05 9.97982E-05 9.97982E-05 9.97982E-05 9.97982E-05 0.0936789 0.00813289 9.97982E-05 9.97982E-05 9.97982E-05 9.97982E-05 9.97982E-05 9.97982E-05 9.97982E-05 0.0116746 9.97982E-05 9.97982E-05 9.97982E-05 0.17575 9.97982E-05 9.97982E-05 0.708468 9.97982E-05 9.97982E-05 9.97982E-05 9.97982E-05 9.97982E-05
9.98334E-05 0.0188072 9.98334E-05 9.98334E-05 9.98334E-05 0.0177822 0.062495 0.00839942 9.98334E-05 9.98334E-05 9.98334E-05 9.98334E-05 9.98334E-05 9.98334E-05 0.222868 9.98334E-05 0.116758 0.0304818 9.98334E-05 9.98334E-05 9.98334E-05 9.98334E-05 0.262001 9.98334E-05 0.258511 9.98334E-05 9.98334E-05 9.98334E-05
9.98244E-05 9.98244E-05 0.0846024 9.98244E-05 9.98244E-05 0.0925796 0.070503 9.98244E-05 9.98244E-05 9.98244E-05 9.98244E-05 9.98244E-05 9.98244E-05 9.98244E-05 0.0959819 9.98244E-05 0.119575 9.98244E-05 9.98244E-05 9.98244E-05 9.98244E-05 9.98244E-05 0.0952052 9.98244E-05 0.426267 9.98244E-05 0.0132894 9.98244E-05
9.98509E-05 0.063508 9.98509E-05 9.98509E-05 9.98509E-05 0.0567293 0.00453758 9.98509E-05 9.98509E-05 9.98509E-05 9.98509E-05 9.98509E-05 9.98509E-05 9.98509E-05 0.109918 9.98509E-05 0.101183 0.0116411 9.98509E-05 9.98509E-05 0.0343469 0.0630032 0.126435 9.98509E-05 0.358851 9.98509E-05 0.068149 9.98509E-05
9.97985E-05 9.97985E-05 9.97985E-05 9.97985E-05 9.97985E-05 9.97985E-05 0.00889014 9.97985E-05 9.97985E-05 0.0287265 9.97985E-05 9.97985E-05 9.97985E-05 9.97985E-05 9.97985E-05 9.97985E-05 9.97985E-05 0.0516231 9.97985E-05 9.97985E-05 9.97985E-05 9.97985E-05 0.87245 9.97985E-05 9.97985E-05 9.97985E-05 9.97985E-05 0.0360148
9.98072E-05 9.98072E-05 9.98072E-05 9.98072E-05 9.98072E-05 0.171013 9.98072E-05 9.98072E-05 9.98072E-05 0.0355313 9.98072E-05 9.98072E-05 0.0868691 9.98072E-05 9.98072E-05 9.98072E-05 9.98072E-05 0.0119114 9.98072E-05 9.98072E-05 9.98072E-05 9.98072E-05 0.687684 0.00479529 9.98072E-05 9.98072E-05 9.98072E-05 9.98072E-05
9.97897E-05 9.97897E-05 9.97897E-05 9.97897E-05 9.97897E-05 9.97897E-05 9.97897E-05 9.97897E-05 9.97897E-05 0.025488 0.083786 9.97897E-05 9.97897E-05 9.97897E-05 9.97897E-05 9.97897E-05 9.97897E-05 9.97897E-05 0.0132347 9.97897E-05 9.97897E-05 9.97897E-05 0.875096 9.97897E-05 9.97897E-05 9.97897E-05 9.97897E-05 9.97897E-05
9.9816E-05 9.9816E-05 9.9816E-05 9.9816E-05 9.9816E-05 9.9816E-05 9.9816E-05 0.114331 9.9816E-05 9.9816E-05 9.9816E-05 0.156796 0.0168038 9.9816E-05 9.9816E-05 9.9816E-05 0.0697456 9.9816E-05 9.9816E-05 9.9816E-05 9.9816E-05 9.9816E-05 0.310684 9.9816E-05 0.2393 9.9816E-05 9.9816E-05 0.0902433
9.98334E-05 9.98334E-05 9.98334E-05 0.133537 9.98334E-05 0.0535951 9.98334E-05 0.00289495 0.0698177 0.0522065 9.98334E-05 9.98334E-05 9.98334E-05 9.98334E-05 9.98334E-05 9.98334E-05 0.110369 9.98334E-05 9.98334E-05 9.98334E-05 9.98334E-05 0.0125277 0.537369 9.98334E-05 9.98334E-05 9.98334E-05 0.0257864 9.98334E-05
9.98333E-05 9.98333E-05 9.98333E-05 0.00860573 0.00304974 9.98333E-05 9.98333E-05 9.98333E-05 9.98333E-05 9.98333E-05 0.042269 9.98333E-05 9.98333E-05 9.98333E-05 0.14248 9.98333E-05 0.14019 9.98333E-05 0.00411087 9.98333E-05 9.98333E-05 9.98333E-05 0.216895 9.98333E-05 0.391183 9.98333E-05 0.049321 9.98333E-05
9.97982E-05 9.97982E-05 9.97982E-05 9.97982E-05 9.97982E-05 0.0867522 9.97982E-05 9.97982E-05 9.97982E-05 9.97982E-05 9.97982E-05 9.97982E-05 9.97982E-05 9.97982E-05 9.97982E-05 0.0064288 0.0251773 9.97982E-05 0.00618044 9.97982E-05 9.97982E-05 9.97982E-05 0.873166 9.97982E-05 9.97982E-05 9.97982E-05 9.97982E-05 9.97982E-05
9.97986E-05 9.97986E-05 9.97986E-05 9.97986E-05 9.97986E-05 0.151915 9.97986E-05 9.97986E-05 9.97986E-05 9.97986E-05 9.97986E-05 9.97986E-05 9.97986E-05 9.97986E-05 9.97986E-05 9.97986E-05 0.026168 0.189656 9.97986E-05 9.97986E-05 9.97986E-05 9.97986E-05 0.613715 9.97986E-05 0.0162504 9.97986E-05 9.97986E-05 9.97986E-05
9.97807E-05 9.97807E-05 9.97807E-05 9.97807E-05 9.97807E-05 0.00172448 9.97807E-05 9.97807E-05 9.97807E-05 9.97807E-05 9.97807E-05 9.97807E-05 9.97807E-05 9.97807E-05 9.97807E-05 9.97807E-05 9.97807E-05 0.0527996 9.97807E-05 9.97807E-05 9.97807E-05 9.97807E-05 9.97807E-05 9.97807E-05 0.942981 9.97807E-05 9.97807E-05 9.97807E-05
9.98246E-05 9.98246E-05 0.144301 9.98246E-05 9.98246E-05 0.11251 0.00132938 0.0811039 9.98246E-05 9.98246E-05 9.98246E-05 9.98246E-05 9.98246E-05 9.98246E-05 9.98246E-05 9.98246E-05 0.162511 9.98246E-05 9.98246E-05 0.0176989 0.097987 9.98246E-05 0.380563 9.98246E-05 9.98246E-05 9.98246E-05 9.98246E-05 9.98246E-05
9.98159E-05 9.98159E-05 9.98159E-05 9.98159E-05 9.98159E-05 0.421701 9.98159E-05 9.98159E-05 0.118717 9.98159E-05 0.0735286 9.98159E-05 0.00130301 9.98159E-05 9.98159E-05 9.98159E-05 0.158979 9.98159E-05 9.98159E-05 9.98159E-05 9.98159E-05 9.98159E-05 0.0864962 9.98159E-05 0.137179 9.98159E-05 9.98159E-05 9.98159E-05
9.98158E-05 9.98158E-05 9.98158E-05 9.98158E-05 9.98158E-05 0.00428859 9.98158E-05 9.98158E-05 9.98158E-05 9.98158E-05 0.032894 9.98158E-05 9.98158E-05 9.98158E-05 9.98158E-05 9.98158E-05 9.98158E-05 0.023714 9.98158E-05 9.98158E-05 9.98158E-05 9.98158E-05 0.851276 9.98158E-05 0.0041411 0.0264561 9.98158E-05 0.0551344
9.97893E-05 9.97893E-05 9.97893E-05 9.97893E-05 9.97893E-05 9.97893E-05 0.0201359 0.0368228 9.97893E-05 9.97893E-05 9.97893E-05 9.97893E-05 9.97893E-05 9.97893E-05 9.97893E-05 9.97893E-05 0.0408571 9.97893E-05 9.97893E-05 9.97893E-05 9.97893E-05 9.97893E-05 9.97893E-05 9.97893E-05 0.899789 9.97893E-05 9.97893E-05 9.97893E-05
9.97721E-05 9.97721E-05 9.97721E-05 9.97721E-05 9.97721E-05 9.97721E-05 9.97721E-05 9.97721E-05 0.00722935 9.97721E-05 9.97721E-05 9.97721E-05 9.97721E-05 9.97721E-05 9.97721E-05 9.97721E-05 9.97721E-05 9.97721E-05 9.97721E-05 9.97721E-05 9.97721E-05 9.97721E-05 0.990177 9.97721E-05 9.97721E-05 9.97721E-05 9.97721E-05 9.97721E-05
9.98068E-05 9.98068E-05 9.98068E-05 9.98068E-05 9.98068E-05 0.143182 0.024528 9.98068E-05 9.98068E-05 9.98068E-05 9.98068E-05 9.98068E-05 9.98068E-05 9.98068E-05 9.98068E-05 9.98068E-05 0.119283 9.98068E-05 9.98068E-05 0.0745975 9.98068E-05 9.98068E-05 0.3399 9.98068E-05 0.296314 9.98068E-05 9.98068E-05 9.98068E-05
0.0657518 9.97987E-05 9.97987E-05 9.97987E-05 9.97987E-05 9.97987E-05 9.97987E-05 9.97987E-05 0.0022105 9.97987E-05 0.0319398 9.97987E-05 9.97987E-05 9.97987E-05 9.97987E-05 9.97987E-05 9.97987E-05 9.97987E-05 0.0659985 9.97987E-05 9.97987E-05 9.97987E-05 9.97987E-05 9.97987E-05 0.831804 9.97987E-05 9.97987E-05 9.97987E-05
0.00109752 9.98771E-05 9.98771E-05 9.98771E-05 0.0193958 0.0847807 0.150562 0.0140232 9.98771E-05 9.98771E-05 9.98771E-05 9.98771E-05 9.98771E-05 9.98771E-05 0.0570337 9.98771E-05 0.150231 0.0527108 9.98771E-05 0.0735916 0.0376572 9.98771E-05 0.0434706 9.98771E-05 0.254055 0.0577029 9.98771E-05 0.00228955
9.97895E-05 9.97895E-05 9.97895E-05 9.97895E-05 9.97895E-05 0.142872 9.97895E-05 9.97895E-05 9.97895E-05 9.97895E-05 9.97895E-05 9.97895E-05 0.115653 9.97895E-05 9.97895E-05 9.97895E-05 9.97895E-05 9.97895E-05 9.97895E-05 9.97895E-05 9.97895E-05 9.97895E-05 9.97895E-05 9.97895E-05 0.72741 9.97895E-05 0.0116704 9.97895E-05
0.00993874 9.97985E-05 9.97985E-05 9.97985E-05 9.97985E-05 9.97985E-05 9.97985E-05 0.0626223 9.97985E-05 0.0238462 9.97985E-05 9.97985E-05 9.97985E-05 9.97985E-05 9.97985E-05 9.97985E-05 0.0263164 9.97985E-05 9.97985E-05 9.97985E-05 9.97985E-05 9.97985E-05 0.874981 9.97985E-05 9.97985E-05 9.97985E-05 9.97985E-05 9.97985E-05
0.00880313 9.98334E-05 9.98334E-05 9.98334E-05 0.00208124 9.98334E-05 9.98334E-05 0.0185107 0.0163301 9.98334E-05 9.98334E-05 9.98334E-05 9.98334E-05 9.98334E-05 9.98334E-05 9.98334E-05 0.0808988 9.98334E-05 0.0329889 9.98334E-05 9.98334E-05 9.98334E-05 9.98334E-05 9.98334E-05 0.722256 9.98334E-05 0.114165 0.0020695
9.9816E-05 9.9816E-05 9.9816E-05 9.9816E-05 9.9816E-05 9.9816E-05 9.9816E-05 9.9816E-05 9.9816E-05 9.9816E-05 9.9816E-05 0.0333196 9.9816E-05 9.9816E-05 9.9816E-05 0.0155486 0.0893476 9.9816E-05 9.9816E-05 0.0120482 0.011974 9.9816E-05 0.768439 9.9816E-05 9.9816E-05 9.9816E-05 0.0672265 9.9816E-05
9.98334E-05 0.0663838 0.000885723 9.98334E-05 0.00575785 9.98334E-05 9.98334E-05 9.98334E-05 0.019911 9.98334E-05 0.0472095 9.98334E-05 9.98334E-05 9.98334E-05 0.0668218 9.98334E-05 9.98334E-05 9.98334E-05 9.98334E-05 9.98334E-05 9.98334E-05 9.98334E-05 0.667136 9.98334E-05 0.0685597 9.98334E-05 9.98334E-05 0.0554373
0.0227515 9.98071E-05 9.98071E-05 9.98071E-05 9.98071E-05 0.00417049 0.0138157 9.98071E-05 9.98071E-05 9.98071E-05 0.110491 9.98071E-05 9.98071E-05 9.98071E-05 9.98071E-05 9.98071E-05 0.0232625 9.98071E-05 9.98071E-05 9.98071E-05 9.98071E-05 9.98071E-05 0.823313 9.98071E-05 9.98071E-05 9.98071E-05 9.98071E-05 9.98071E-05
9.97984E-05 9.97984E-05 9.97984E-05 9.97984E-05 9.97984E-05 0.0293037 9.97984E-05 9.97984E-05 9.97984E-05 9.97984E-05 9.97984E-05 9.97984E-05 0.105192 9.97984E-05 9.97984E-05 9.97984E-05 0.014382 9.97984E-05 9.97984E-05 9.97984E-05 9.97984E-05 9.97984E-05 0.708089 9.97984E-05 0.140738 9.97984E-05 9.97984E-05 9.97984E-05
9.9807E-05 9.9807E-05 9.9807E-05 9.9807E-05 9.9807E-05 9.9807E-05 9.9807E-05 9.9807E-05 9.9807E-05 0.00553696 9.9807E-05 9.9807E-05 0.00645096 9.9807E-05 9.9807E-05 9.9807E-05 9.9807E-05 0.0981921 0.0423433 9.9807E-05 9.9807E-05 9.9807E-05 0.263374 9.9807E-05 0.581907 9.9807E-05 9.9807E-05 9.9807E-05
0.0359466 9.9807E-05 9.9807E-05 9.9807E-05 9.9807E-05 9.9807E-05 0.0485265 9.9807E-05 9.9807E-05 9.9807E-05 9.9807E-05 9.9807E-05 9.9807E-05 9.9807E-05 0.0223486 9.9807E-05 0.0961972 9.9807E-05 9.9807E-05 0.755018 9.9807E-05 9.9807E-05 9.9807E-05 9.9807E-05 9.9807E-05 9.9807E-05 9.9807E-05 0.0397668
9.97636E-05 9.97636E-05 9.97636E-05 9.97636E-05 9.97636E-05 9.97636E-05 9.97636E-05 9.97636E-05 9.97636E-05 9.97636E-05 9.97636E-05 9.97636E-05 9.97636E-05 9.97636E-05 9.97636E-05 9.97636E-05 9.97636E-05 9.97636E-05 9.97636E-05 0.997306 9.97636E-05 9.97636E-05 9.97636E-05 9.97636E-05 9.97636E-05 9.97636E-05 9.97636E-05 9.97636E-05
0.0215572 9.97894E-05 0.321985 9.97894E-05 9.97894E-05 9.97894E-05 9.97894E-05 9.97894E-05 9.97894E-05 9.97894E-05 9.97894E-05 9.97894E-05 9.97894E-05 9.97894E-05 9.97894E-05 9.97894E-05 9.97894E-05 9.97894E-05 0.0551237 0.598939 9.97894E-05 9.97894E-05 9.97894E-05 9.97894E-05 9.97894E-05 9.97894E-05 9.97894E-05 9.97894E-05
0.00756615 9.98246E-05 0.179007 9.98246E-05 9.98246E-05 9.98246E-05 9.98246E-05 0.104918 9.98246E-05 0.240448 9.98246E-05 9.98246E-05 9.98246E-05 9.98246E-05 0.266988 9.98246E-05 0.0276935 9.98246E-05 0.0550081 0.116374 9.98246E-05 9.98246E-05 9.98246E-05 9.98246E-05 9.98246E-05 9.98246E-05 9.98246E-05 9.98246E-05
0.00188132 9.98331E-05 9.98331E-05 9.98331E-05 9.98331E-05 0.0613106 0.0173565 0.0386921 0.023318 9.98331E-05 9.98331E-05 9.98331E-05 9.98331E-05 9.98331E-05 9.98331E-05 9.98331E-05 0.00427965 9.98331E-05 0.0134729 0.800142 9.98331E-05 9.98331E-05 9.98331E-05 9.98331E-05 9.98331E-05 9.98331E-05 9.98331E-05 0.0376501
9.9798E-05 9.9798E-05 9.9798E-05 9.9798E-05 9.9798E-05 0.0836176 9.9798E-05 9.9798E-05 9.9798E-05 9.9798E-05 9.9798E-05 9.9798E-05 9.9798E-05 9.9798E-05 0.0871677 9.9798E-05 0.150467 9.9798E-05 9.9798E-05 0.663272 0.0131809 9.9798E-05 9.9798E-05 9.9798E-05 9.9798E-05 9.9798E-05 9.9798E-05 9.9798E-05
9.97981E-05 9.97981E-05 9.97981E-05 9.97981E-05 9.97981E-05 9.97981E-05 0.076074 9.97981E-05 9.97981E-05 0.253739 9.97981E-05 9.97981E-05 9.97981E-05 9.97981E-05 9.97981E-05 9.97981E-05 0.124332 9.97981E-05 9.97981E-05 0.538893 9.97981E-05 9.97981E-05 9.97981E-05 9.97981E-05 9.97981E-05 9.97981E-05 0.00466666 9.97981E-05
0.127798 9.98067E-05 9.98067E-05 9.98067E-05 9.98067E-05 9.98067E-05 9.98067E-05 0.0570942 9.98067E-05 0.0666174 9.98067E-05 9.98067E-05 9.98067E-05 9.98067E-05 0.072864 9.98067E-05 0.046763 9.98067E-05 9.98067E-05 0.626668 9.98067E-05 9.98067E-05 9.98067E-05 9.98067E-05 9.98067E-05 9.98067E-05 9.98067E-05 9.98067E-05
9.97719E-05 9.97719E-05 0.415393 9.97719E-05 9.97719E-05 9.97719E-05 9.97719E-05 9.97719E-05 9.97719E-05 9.97719E-05 9.97719E-05 9.97719E-05 9.97719E-05 9.97719E-05 9.97719E-05 9.97719E-05 9.97719E-05 9.97719E-05 9.97719E-05 0.582013 9.97719E-05 9.97719E-05 9.97719E-05 9.97719E-05 9.97719E-05 9.97719E-05 9.97719E-05 9.97719E-05
9.97719E-05 9.97719E-05 9.97719E-05 9.97719E-05 9.97719E-05 9.97719E-05 0.0296005 9.97719E-05 9.97719E-05 9.97719E-05 9.97719E-05 9.97719E-05 9.97719E-05 9.97719E-05 9.97719E-05 9.97719E-05 9.97719E-05 9.97719E-05 9.97719E-05 0.967805 9.97719E-05 9.97719E-05 9.97719E-05 9.97719E-05 9.97719E-05 9.97719E-05 9.97719E-05 9.97719E-05
9.9798E-05 9.9798E-05 9.9798E-05 9.9798E-05 9.9798E-05 9.9798E-05 0.130223 0.0624662 9.9798E-05 9.9798E-05 9.9798E-05 9.9798E-05 9.9798E-05 9.9798E-05 0.00173996 9.9798E-05 0.209161 9.9798E-05 9.9798E-05 0.594115 9.9798E-05 9.9798E-05 9.9798E-05 9.9798E-05 9.9798E-05 9.9798E-05 9.9798E-05 9.9798E-05
9.98244E-05 9.98244E-05 9.98244E-05 9.98244E-05 9.98244E-05 0.176302 0.0440058 9.98244E-05 0.088519 9.98244E-05 9.98244E-05 9.98244E-05 0.0632328 9.98244E-05 9.98244E-05 0.0637014 9.98244E-05 9.98244E-05 9.98244E-05 0.480667 9.98244E-05 9.98244E-05 9.98244E-05 0.0732533 9.98244E-05 9.98244E-05 0.00832225 9.98244E-05
9.98155E-05 0.0757369 9.98155E-05 9.98155E-05 9.98155E-05 9.98155E-05 0.0291393 0.0919278 9.98155E-05 9.98155E-05 9.98155E-05 9.98155E-05 9.98155E-05 9.98155E-05 9.98155E-05 9.98155E-05 9.98155E-05 9.98155E-05 9.98155E-05 0.561828 9.98155E-05 9.98155E-05 9.98155E-05 0.0794242 9.98155E-05 0.0780118 0.0818358 9.98155E-05
9.98155E-05 9.98155E-05 9.98155E-05 9.98155E-05 9.98155E-05 0.123028 9.98155E-05 9.98155E-05 9.98155E-05 0.0989575 0.0118193 9.98155E-05 9.98155E-05 9.98155E-05 9.98155E-05 9.98155E-05 0.0966492 9.98155E-05 0.00186782 0.570682 9.98155E-05 9.98155E-05 9.98155E-05 9.98155E-05 9.98155E-05 0.0949001 9.98155E-05 9.98155E-05
9.97628E-05 9.97628E-05 0.997306 9.97628E-05 9.97628E-05 9.97628E-05 9.97628E-05 9.97628E-05 9.97628E-05 9.97628E-05 9.97628E-05 9.97628E-05 9.97628E-05 9.97628E-05 9.97628E-05 9.97628E-05 9.97628E-05 9.97628E-05 9.97628E-05 9.97628E-05 9.97628E-05 9.97628E-05 9.97628E-05 9.97628E-05 9.97628E-05 9.97628E-05 9.97628E-05 9.97628E-05
9.97811E-05 9.97811E-05 9.97811E-05 9.97811E-05 9.97811E-05 9.97811E-05 0.0150448 9.97811E-05 9.97811E-05 9.97811E-05 9.97811E-05 9.97811E-05 9.97811E-05 9.97811E-05 9.97811E-05 9.97811E-05 9.97811E-05 9.97811E-05 9.97811E-05 0.971821 9.97811E-05 9.97811E-05 9.97811E-05 9.97811E-05 9.97811E-05 0.0106393 9.97811E-05 9.97811E-05
0.019433 9.97979E-05 9.97979E-05 9.97979E-05 9.97979E-05 9.97979E-05 9.97979E-05 9.97979E-05 9.97979E-05 9.97979E-05 0.0794766 9.97979E-05 9.97979E-05 9.97979E-05 0.0407977 9.97979E-05 9.97979E-05 9.97979E-05 0.0527209 0.805276 9.97979E-05 9.97979E-05 9.97979E-05 9.97979E-05 9.97979E-05 9.97979E-05 9.97979E-05 9.97979E-05
9.97805E-05 9.97805E-05 9.97805E-05 9.97805E-05 9.97805E-05 0.0970393 0.0721348 0.0241132 9.97805E-05 9.97805E-05 0.0515302 9.97805E-05 9.97805E-05 9.97805E-05 9.97805E-05 9.97805E-05 9.97805E-05 9.97805E-05 9.97805E-05 0.687436 9.97805E-05 9.97805E-05 9.97805E-05 0.0655514 9.97805E-05 9.97805E-05 9.97805E-05 9.97805E-05
0.0510744 9.9807E-05 9.9807E-05 9.9807E-05 9.9807E-05 9.9807E-05 0.00712327 9.9807E-05 9.9807E-05 9.9807E-05 0.0143802 9.9807E-05 0.0513032 9.9807E-05 9.9807E-05 0.0433131 9.9807E-05 9.9807E-05 9.9807E-05 0.83061 9.9807E-05 9.9807E-05 9.9807E-05 9.9807E-05 9.9807E-05 9.9807E-05 9.9807E-05 9.9807E-05
9.97891E-05 9.97891E-05 9.97891E-05 9.97891E-05 0.0732419 9.97891E-05 9.97891E-05 9.97891E-05 9.97891E-05 9.97891E-05 9.97891E-05 9.97891E-05 9.97891E-05 9.97891E-05 9.97891E-05 9.97891E-05 0.163435 0.0977696 9.97891E-05 0.663158 9.97891E-05 9.97891E-05 9.97891E-05 9.97891E-05 9.97891E-05 9.97891E-05 9.97891E-05 9.97891E-05
9.97902E-05 9.97902E-05 9.97902E-05 9.97902E-05 9.97902E-05 9.97902E-05 9.97902E-05 9.97902E-05 9.97902E-05 9.97902E-05 9.97902E-05 9.97902E-05 9.97902E-05 9.97902E-05 9.97902E-05 9.97902E-05 9.97902E-05 9.97902E-05 0.0181592 0.929626 9.97902E-05 0.0324097 9.97902E-05 9.97902E-05 9.97902E-05 0.0174103 9.97902E-05 9.97902E-05
9.9798E-05 0.0174264 9.9798E-05 9.9798E-05 9.9798E-05 0.149032 9.9798E-05 9.9798E-05 9.9798E-05 9.9798E-05 9.9798E-05 9.9798E-05 9.9798E-05 9.9798E-05 9.9798E-05 9.9798E-05 0.0275771 0.0412785 9.9798E-05 0.76239 9.9798E-05 9.9798E-05 9.9798E-05 9.9798E-05 9.9798E-05 9.9798E-05 9.9798E-05 9.9798E-05
0.00796239 9.98248E-05 0.0436017 9.98248E-05 9.98248E-05 9.98248E-05 9.98248E-05 9.98248E-05 9.98248E-05 0.0123979 9.98248E-05 0.0129767 9.98248E-05 9.98248E-05 0.192629 0.0373 9.98248E-05 9.98248E-05 9.98248E-05 0.680716 9.98248E-05 9.98248E-05 9.98248E-05 9.98248E-05 9.98248E-05 9.98248E-05 9.98248E-05 0.0104192
0.0640359 0.0428894 9.98157E-05 9.98157E-05 9.98157E-05 9.98157E-05 9.98157E-05 0.0146355 9.98157E-05 9.98157E-05 0.0705972 9.98157E-05 9.98157E-05 9.98157E-05 9.98157E-05 9.98157E-05 9.98157E-05 9.98157E-05 9.98157E-05 0.750756 0.0458661 9.98157E-05 9.98157E-05 9.98157E-05 9.98157E-05 0.00912348 9.98157E-05 9.98157E-05
9.97805E-05 9.97805E-05 9.97805E-05 9.97805E-05 9.97805E-05 9.97805E-05 0.0454926 9.97805E-05 9.97805E-05 9.97805E-05 9.97805E-05 9.97805E-05 9.97805E-05 9.97805E-05 9.97805E-05 9.97805E-05 9.97805E-05 9.97805E-05 9.97805E-05 0.832148 9.97805E-05 9.97805E-05 9.97805E-05 0.119865 9.97805E-05 9.97805E-05 9.97805E-05 9.97805E-05
9.97812E-05 9.97812E-05 9.97812E-05 0.0342921 9.97812E-05 9.97812E-05 9.97812E-05 0.0122836 9.97812E-05 9.97812E-05 9.97812E-05 9.97812E-05 9.97812E-05 9.97812E-05 9.97812E-05 9.97812E-05 9.97812E-05 9.97812E-05 9.97812E-05 0.95093 9.97812E-05 9.97812E-05 9.97812E-05 9.97812E-05 9.97812E-05 9.97812E-05 9.97812E-05 9.97812E-05
9.97722E-05 9.97722E-05 0.142616 9.97722E-05 9.97722E-05 9.97722E-05 9.97722E-05 9.97722E-05 9.97722E-05 9.97722E-05 9.97722E-05 9.97722E-05 9.97722E-05 9.97722E-05 9.97722E-05 9.97722E-05 9.97722E-05 9.97722E-05 9.97722E-05 0.85479 9.97722E-05 9.97722E-05 9.97722E-05 9.97722E-05 9.97722E-05 9.97722E-05 9.97722E-05 9.97722E-05
9.97635E-05 9.97635E-05 9.97635E-05 9.97635E-05 9.97635E-05 9.97635E-05 9.97635E-05 9.97635E-05 9.97635E-05 9.97635E-05 9.97635E-05 9.97635E-05 9.97635E-05 9.97635E-05 9.97635E-05 9.97635E-05 9.97635E-05 9.97635E-05 9.97635E-05 0.997306 9.97635E-05 9.97635E-05 9.97635E-05 9.97635E-05 9.97635E-05 9.97635E-05 9.97635E-05 9.97635E-05
0.0694906 9.9781E-05 9.9781E-05 9.9781E-05 9.9781E-05 9.9781E-05 9.9781E-05 9.9781E-05 9.9781E-05 9.9781E-05 9.9781E-05 9.9781E-05 9.9781E-05 9.9781E-05 9.9781E-05 9.9781E-05 0.0415548 9.9781E-05 9.9781E-05 0.88646 9.9781E-05 9.9781E-05 9.9781E-05 9.9781E-05 9.9781E-05 9.9781E-05 9.9781E-05 9.9781E-05
9.97805E-05 9.97805E-05 0.888308 9.97805E-05 9.97805E-05 9.97805E-05 9.97805E-05 0.0611331 9.97805E-05 9.97805E-05 9.97805E-05 9.97805E-05 9.97805E-05 9.97805E-05 9.97805E-05 9.97805E-05 0.0480641 9.97805E-05 9.97805E-05 9.97805E-05 9.97805E-05 9.97805E-05 9.97805E-05 9.97805E-05 9.97805E-05 9.97805E-05 9.97805E-05 9.97805E-05
9.97807E-05 0.524708 9.97807E-05 9.97807E-05 9.97807E-05 9.97807E-05 9.97807E-05 9.97807E-05 9.97807E-05 9.97807E-05 9.97807E-05 9.97807E-05 9.97807E-05 9.97807E-05 0.306445 9.97807E-05 0.166352 9.97807E-05 9.97807E-05 9.97807E-05 9.97807E-05 9.97807E-05 9.97807E-05 9.97807E-05 9.97807E-05 9.97807E-05 9.97807E-05 9.97807E-05
9.9772E-05 9.9772E-05 9.9772E-05 0.669484 9.9772E-05 9.9772E-05 9.9772E-05 9.9772E-05 9.9772E-05 9.9772E-05 9.9772E-05 9.9772E-05 9.9772E-05 9.9772E-05 0.327922 9.9772E-05 9.9772E-05 9.9772E-05 9.9772E-05 9.9772E-05 9.9772E-05 9.9772E-05 9.9772E-05 9.9772E-05 9.9772E-05 9.9772E-05 9.9772E-05 9.9772E-05
0.0121971 0.0291735 9.98157E-05 9.98157E-05 9.98157E-05 9.98157E-05 0.000580655 9.98157E-05 0.021946 9.98157E-05 9.98157E-05 9.98157E-05 9.98157E-05 9.98157E-05 0.829598 9.98157E-05 9.98157E-05 9.98157E-05 9.98157E-05 9.98157E-05 9.98157E-05 9.98157E-05 9.98157E-05 0.00576057 9.98157E-05 0.0986475 9.98157E-05 9.98157E-05
0.0525399 0.0711398 9.9798E-05 9.9798E-05 9.9798E-05 9.9798E-05 0.00427159 9.9798E-05 9.9798E-05 9.9798E-05 9.9798E-05 9.9798E-05 9.9798E-05 9.9798E-05 0.805182 9.9798E-05 0.0645715 9.9798E-05 9.9798E-05 9.9798E-05 9.9798E-05 9.9798E-05 9.9798E-05 9.9798E-05 9.9798E-05 9.9798E-05 9.9798E-05 9.9798E-05
9.97804E-05 0.452051 9.97804E-05 9.97804E-05 9.97804E-05 9.97804E-05 9.97804E-05 9.97804E-05 0.0477416 9.97804E-05 9.97804E-05 9.97804E-05 9.97804E-05 9.97804E-05 0.497713 9.97804E-05 9.97804E-05 9.97804E-05 9.97804E-05 9.97804E-05 9.97804E-05 9.97804E-05 9.97804E-05 9.97804E-05 9.97804E-05 9.97804E-05 9.97804E-05 9.97804E-05
9.98245E-05 0.473777 9.98245E-05 0.00961934 9.98245E-05 9.98245E-05 9.98245E-05 0.135645 9.98245E-05 0.0283043 9.98245E-05 0.0543004 0.022631 9.98245E-05 0.102309 9.98245E-05 0.171417 9.98245E-05 9.98245E-05 9.98245E-05 9.98245E-05 9.98245E-05 9.98245E-05 9.98245E-05 9.98245E-05 9.98245E-05 9.98245E-05 9.98245E-05
0.00394484 9.97894E-05 9.97894E-05 9.97894E-05 9.97894E-05 9.97894E-05 9.97894E-05 9.97894E-05 9.97894E-05 9.97894E-05 9.97894E-05 0.0107053 9.97894E-05 9.97894E-05 0.968574 9.97894E-05 9.97894E-05 9.97894E-05 9.97894E-05 9.97894E-05 9.97894E-05 9.97894E-05 9.97894E-05 0.0143806 9.97894E-05 9.97894E-05 9.97894E-05 9.97894E-05
9.97718E-05 9.97718E-05 9.97718E-05 9.97718E-05 9.97718E-05 9.97718E-05 9.97718E-05 0.14238 9.97718E-05 9.97718E-05 9.97718E-05 9.97718E-05 9.97718E-05 9.97718E-05 0.855026 9.97718E-05 9.97718E-05 9.97718E-05 9.97718E-05 9.97718E-05 9.97718E-05 9.97718E-05 9.97718E-05 9.97718E-05 9.97718E-05 9.97718E-05 9.97718E-05 9.97718E-05
9.98069E-05 9.98069E-05 9.98069E-05 9.98069E-05 9.98069E-05 0.0672206 9.98069E-05 0.262522 9.98069E-05 0.20226 9.98069E-05 9.98069E-05 9.98069E-05 9.98069E-05 0.460575 0.00215491 9.98069E-05 0.00307159 9.98069E-05 9.98069E-05 9.98069E-05 9.98069E-05 9.98069E-05 9.98069E-05 9.98069E-05 9.98069E-05 9.98069E-05 9.98069E-05
9.97808E-05 9.97808E-05 9.97808E-05 9.97808E-05 9.97808E-05 9.97808E-05 9.97808E-05 0.136016 9.97808E-05 9.97808E-05 9.97808E-05 9.97808E-05 9.97808E-05 9.97808E-05 0.688875 9.97808E-05 0.172614 9.97808E-05 9.97808E-05 9.97808E-05 9.97808E-05 9.97808E-05 9.97808E-05 9.97808E-05 9.97808E-05 9.97808E-05 9.97808E-05 9.97808E-05
9.97984E-05 0.348877 9.97984E-05 9.97984E-05 9.97984E-05 9.97984E-05 0.0266922 9.97984E-05 9.97984E-05 0.178653 9.97984E-05 9.97984E-05 9.97984E-05 9.97984E-05 0.132836 9.97984E-05 9.97984E-05 9.97984E-05 9.97984E-05 9.97984E-05 9.97984E-05 0.310647 9.97984E-05 9.97984E-05 9.97984E-05 9.97984E-05 9.97984E-05 9.97984E-05
9.98073E-05 0.506098 9.98073E-05 9.98073E-05 9.98073E-05 9.98073E-05 0.0841627 9.98073E-05 9.98073E-05 0.0263535 9.98073E-05 0.314778 9.98073E-05 9.98073E-05 9.98073E-05 9.98073E-05 0.0642505 9.98073E-05 0.00216194 9.98073E-05 9.98073E-05 9.98073E-05 9.98073E-05 9.98073E-05 9.98073E-05 9.98073E-05 9.98073E-05 9.98073E-05
9.97809E-05 9.97809E-05 9.97809E-05 9.97809E-05 9.97809E-05 9.97809E-05 9.97809E-05 0.0460999 9.97809E-05 9.97809E-05 9.97809E-05 0.073638 9.97809E-05 9.97809E-05 0.877768 9.97809E-05 9.97809E-05 9.97809E-05 9.97809E-05 9.97809E-05 9.97809E-05 9.97809E-05 9.97809E-05 9.97809E-05 9.97809E-05 9.97809E-05 9.97809E-05 9.97809E-05
9.97983E-05 0.358893 9.97983E-05 9.97983E-05 9.97983E-05 9.97983E-05 9.97983E-05 0.146919 9.97983E-05 9.97983E-05 9.97983E-05 0.264465 9.97983E-05 9.97983E-05 9.97983E-05 9.97983E-05 0.222312 9.97983E-05 9.97983E-05 9.97983E-05 0.00511515 9.97983E-05 9.97983E-05 9.97983E-05 9.97983E-05 9.97983E-05 9.97983E-05 9.97983E-05
0.140115 0.200228 9.98159E-05 9.98159E-05 0.0360582 9.98159E-05 9.98159E-05 0.0262346 9.98159E-05 9.98159E-05 9.98159E-05 0.248338 9.98159E-05 9.98159E-05 0.32469 9.98159E-05 9.98159E-05 9.98159E-05 9.98159E-05 9.98159E-05 9.98159E-05 9.98159E-05 9.98159E-05 9.98159E-05 9.98159E-05 9.98159E-05 0.0222406 9.98159E-05
9.98246E-05 0.438909 9.98246E-05 0.0689402 0.0320738 9.98246E-05 0.00557486 9.98246E-05 9.98246E-05 9.98246E-05 9.98246E-05 9.98246E-05 0.0258118 9.98246E-05 0.147447 9.98246E-05 0.122787 0.15646 9.98246E-05 9.98246E-05 9.98246E-05 9.98246E-05 9.98246E-05 9.98246E-05 9.98246E-05 9.98246E-05 9.98246E-05 9.98246E-05
9.9807E-05 0.120269 9.9807E-05 9.9807E-05 9.9807E-05 9.9807E-05 9.9807E-05 9.9807E-05 9.9807E-05 0.250015 9.9807E-05 9.9807E-05 9.9807E-05 9.9807E-05 0.371808 9.9807E-05 0.0637942 9.9807E-05 9.9807E-05 9.9807E-05 9.9807E-05 0.0726319 9.9807E-05 9.9807E-05 9.9807E-05 9.9807E-05 9.9807E-05 0.119286
9.98248E-05 0.433186 0.00510165 9.98248E-05 9.98248E-05 0.0723942 0.0493007 0.0894051 0.0506024 9.98248E-05 9.98248E-05 9.98248E-05 9.98248E-05 9.98248E-05 0.280172 9.98248E-05 9.98248E-05 9.98248E-05 9.98248E-05 9.98248E-05 9.98248E-05 9.98248E-05 0.0178412 9.98248E-05 9.98248E-05 9.98248E-05 9.98248E-05 9.98248E-05
9.97983E-05 0.548449 9.97983E-05 9.97983E-05 9.97983E-05 9.97983E-05 0.0190542 9.97983E-05 0.00827277 9.97983E-05 9.97983E-05 9.97983E-05 9.97983E-05 9.97983E-05 0.249335 9.97983E-05 9.97983E-05 9.97983E-05 9.97983E-05 9.97983E-05 9.97983E-05 0.172593 9.97983E-05 9.97983E-05 9.97983E-05 9.97983E-05 9.97983E-05 9.97983E-05
9.98333E-05 9.98333E-05 9.98333E-05 0.410924 9.98333E-05 9.98333E-05 9.98333E-05 0.0810152 9.98333E-05 9.98333E-05 9.98333E-05 9.98333E-05 0.00738139 9.98333E-05 0.315447 9.98333E-05 0.0549303 0.0816054 9.98333E-05 9.98333E-05 0.0134118 9.98333E-05 9.98333E-05 9.98333E-05 9.98333E-05 9.98333E-05 0.00195933 0.0314289
9.9816E-05 0.629613 9.9816E-05 9.9816E-05 9.9816E-05 0.00315644 9.9816E-05 9.9816E-05 0.110126 0.0589076 9.9816E-05 9.9816E-05 9.9816E-05 9.9816E-05 9.9816E-05 9.9816E-05 0.117159 9.9816E-05 9.9816E-05 9.9816E-05 9.9816E-05 0.066938 9.9816E-05 9.9816E-05 9.9816E-05 9.9816E-05 0.012004 9.9816E-05
9.9807E-05 0.514595 9.9807E-05 9.9807E-05 9.9807E-05 9.9807E-05 0.0288336 0.00884241 9.9807E-05 9.9807E-05 9.9807E-05 9.9807E-05 9.9807E-05 9.9807E-05 0.306266 9.9807E-05 9.9807E-05 9.9807E-05 9.9807E-05 9.9807E-05 9.9807E-05 0.0348586 9.9807E-05 0.104409 9.9807E-05 9.9807E-05 9.9807E-05 9.9807E-05
9.97982E-05 0.529065 9.97982E-05 9.97982E-05 9.97982E-05 9.97982E-05 9.97982E-05 0.158817 9.97982E-05 0.0800475 9.97982E-05 9.97982E-05 9.97982E-05 9.97982E-05 9.97982E-05 9.97982E-05 0.205611 9.97982E-05 9.97982E-05 9.97982E-05 9.97982E-05 9.97982E-05 9.97982E-05 9.97982E-05 9.97982E-05 9.97982E-05 9.97982E-05 0.0241639
9.98071E-05 0.317135 9.98071E-05 0.0875477 9.98071E-05 9.98071E-05 9.98071E-05 0.144244 0.0133829 9.98071E-05 9.98071E-05 9.98071E-05 9.98071E-05 9.98071E-05 0.400877 0.0346175 9.98071E-05 9.98071E-05 9.98071E-05 9.98071E-05 9.98071E-05 9.98071E-05 9.98071E-05 9.98071E-05 9.98071E-05 9.98071E-05 9.98071E-05 9.98071E-05
9.97983E-05 0.557607 9.97983E-05 9.97983E-05 9.97983E-05 9.97983E-05 9.97983E-05 0.158822 9.97983E-05 9.97983E-05 9.97983E-05 9.97983E-05 9.97983E-05 9.97983E-05 9.97983E-05 9.97983E-05 0.240085 9.97983E-05 9.97983E-05 9.97983E-05 0.0138525 9.97983E-05 9.97983E-05 9.97983E-05 9.97983E-05 9.97983E-05 9.97983E-05 0.0273381
0.00241071 9.98246E-05 9.98246E-05 9.98246E-05 9.98246E-05 9.98246E-05 9.98246E-05 0.074893 9.98246E-05 0.0974738 9.98246E-05 0.308584 9.98246E-05 9.98246E-05 0.384468 9.98246E-05 0.0530909 9.98246E-05 9.98246E-05 0.0331151 9.98246E-05 9.98246E-05 9.98246E-05 0.0439673 9.98246E-05 9.98246E-05 9.98246E-05 9.98246E-05
9.97895E-05 0.213541 9.97895E-05 0.294156 9.97895E-05 9.97895E-05 9.97895E-05 9.97895E-05 9.97895E-05 9.97895E-05 9.97895E-05 0.387983 9.97895E-05 9.97895E-05 9.97895E-05 9.97895E-05 9.97895E-05 9.97895E-05 9.97895E-05 9.97895E-05 0.101925 9.97895E-05 9.97895E-05 9.97895E-05 9.97895E-05 9.97895E-05 9.97895E-05 9.97895E-05
9.98068E-05 0.0785608 9.98068E-05 9.98068E-05 9.98068E-05 9.98068E-05 9.98068E-05 0.0693874 9.98068E-05 9.98068E-05 0.0162962 9.98068E-05 9.98068E-05 9.98068E-05 0.715952 9.98068E-05 0.0165634 9.98068E-05 9.98068E-05 9.98068E-05 9.98068E-05 9.98068E-05 9.98068E-05 9.98068E-05 9.98068E-05 0.101044 9.98068E-05 9.98068E-05
9.97983E-05 0.282165 9.97983E-05 9.97983E-05 9.97983E-05 9.97983E-05 9.97983E-05 0.110843 9.97983E-05 9.97983E-05 9.97983E-05 9.97983E-05 9.97983E-05 9.97983E-05 0.424291 9.97983E-05 0.160438 9.97983E-05 9.97983E-05 9.97983E-05 9.97983E-05 9.97983E-05 9.97983E-05 9.97983E-05 9.97983E-05 9.97983E-05 9.97983E-05 0.0199691
9.98072E-05 0.408462 9.98072E-05 9.98072E-05 9.98072E-05 9.98072E-05 9.98072E-05 9.98072E-05 0.0991712 9.98072E-05 9.98072E-05 0.0373393 9.98072E-05 9.98072E-05 0.340304 9.98072E-05 0.074726 9.98072E-05 9.98072E-05 9.98072E-05 9.98072E-05 9.98072E-05 9.98072E-05 9.98072E-05 9.98072E-05 9.98072E-05 9.98072E-05 0.037802
9.97807E-05 9.97807E-05 9.97807E-05 9.97807E-05 9.97807E-05 9.97807E-05 9.97807E-05 9.97807E-05 9.97807E-05 9.97807E-05 9.97807E-05 9.97807E-05 9.97807E-05 9.97807E-05 0.834429 9.97807E-05 0.0906637 9.97807E-05 9.97807E-05 9.97807E-05 9.97807E-05 9.97807E-05 9.97807E-05 9.97807E-05 9.97807E-05 9.97807E-05 0.0724123 9.97807E-05
9.97807E-05 9.97807E-05 9.97807E-05 9.97807E-05 0.0199574 9.97807E-05 9.97807E-05 9.97807E-05 9.97807E-05 9.97807E-05 9.97807E-05 0.0366878 9.97807E-05 9.97807E-05 0.94086 9.97807E-05 9.97807E-05 9.97807E-05 9.97807E-05 9.97807E-05 9.97807E-05 9.97807E-05 9.97807E-05 9.97807E-05 9.97807E-05 9.97807E-05 9.97807E-05 9.97807E-05
9.98157E-05 0.304582 9.98157E-05 9.98157E-05 9.98157E-05 9.98157E-05 9.98157E-05 0.278908 0.122371 9.98157E-05 9.98157E-05 9.98157E-05 9.98157E-05 9.98157E-05 0.0273393 9.98157E-05 0.159505 9.98157E-05 9.98157E-05 9.98157E-05 9.98157E-05 9.98157E-05 9.98157E-05 9.98157E-05 9.98157E-05 0.00323265 9.98157E-05 0.101965
9.97717E-05 9.97717E-05 9.97717E-05 9.97717E-05 9.97717E-05 0.057568 9.97717E-05 9.97717E-05 9.97717E-05 9.97717E-05 9.97717E-05 9.97717E-05 9.97717E-05 9.97717E-05 0.939838 9.97717E-05 9.97717E-05 9.97717E-05 9.97717E-05 9.97717E-05 9.97717E-05 9.97717E-05 9.97717E-05 9.97717E-05 9.97717E-05 9.97717E-05 9.97717E-05 9.97717E-05
9.97632E-05 9.97632E-05 9.97632E-05 9.97632E-05 9.97632E-05 9.97632E-05 9.97632E-05 9.97632E-05 9.97632E-05 9.97632E-05 9.97632E-05 9.97632E-05 9.97632E-05 9.97632E-05 0.997306 9.97632E-05 9.97632E-05 9.97632E-05 9.97632E-05 9.97632E-05 9.97632E-05 9.97632E-05 9.97632E-05 9.97632E-05 9.97632E-05 9.97632E-05 9.97632E-05 9.97632E-05
9.9807E-05 0.421185 9.9807E-05 9.9807E-05 9.9807E-05 9.9807E-05 9.9807E-05 9.9807E-05 9.9807E-05 9.9807E-05 9.9807E-05 9.9807E-05 0.000772344 9.9807E-05 0.281561 0.00408098 9.9807E-05 0.151817 9.9807E-05 9.9807E-05 9.9807E-05 0.138387 9.9807E-05 9.9807E-05 9.9807E-05 9.9807E-05 9.9807E-05 9.9807E-05
