9.98332E-05 9.98332E-05 9.98332E-05 9.98332E-05 0.0778662 9.98332E-05 0.219051 0.141917 9.98332E-05 0.24096 0.229594 9.98332E-05 9.98332E-05 9.98332E-05 9.98332E-05 9.98332E-05 0.0510977 9.98332E-05 9.98332E-05 9.98332E-05 0.00295237 0.00489193 9.98332E-05 9.98332E-05 9.98332E-05 0.0297734 9.98332E-05 9.98332E-05
9.97984E-05 9.97984E-05 9.97984E-05 9.97984E-05 9.97984E-05 9.97984E-05 9.97984E-05 9.97984E-05 9.97984E-05 0.393114 0.159907 0.000738179 9.97984E-05 9.97984E-05 9.97984E-05 9.97984E-05 0.0863599 9.97984E-05 9.97984E-05 9.97984E-05 9.97984E-05 9.97984E-05 9.97984E-05 9.97984E-05 9.97984E-05 9.97984E-05 0.357586 9.97984E-05
9.97808E-05 9.97808E-05 9.97808E-05 9.97808E-05 9.97808E-05 9.97808E-05 9.97808E-05 9.97808E-05 9.97808E-05 0.947384 9.97808E-05 9.97808E-05 9.97808E-05 9.97808E-05 9.97808E-05 9.97808E-05 9.97808E-05 9.97808E-05 9.97808E-05 9.97808E-05 9.97808E-05 9.97808E-05 9.97808E-05 9.97808E-05 0.0272775 0.0228437 9.97808E-05 9.97808E-05
0.0678344 9.98245E-05 0.0538711 9.98245E-05 9.98245E-05 9.98245E-05 0.300768 0.171114 9.98245E-05 9.98245E-05 9.98245E-05 9.98245E-05 9.98245E-05 0.0291157 9.98245E-05 9.98245E-05 9.98245E-05 0.0459733 9.98245E-05 0.0409923 9.98245E-05 9.98245E-05 9.98245E-05 9.98245E-05 0.288334 9.98245E-05 9.98245E-05 9.98245E-05
0.0713387 9.97895E-05 9.97895E-05 0.0178793 9.97895E-05 9.97895E-05 9.97895E-05 9.97895E-05 9.97895E-05 0.45607 9.97895E-05 9.97895E-05 9.97895E-05 9.97895E-05 9.97895E-05 9.97895E-05 9.97895E-05 9.97895E-05 9.97895E-05 9.97895E-05 9.97895E-05 9.97895E-05 9.97895E-05 9.97895E-05 9.97895E-05 9.97895E-05 0.452317 9.97895E-05
0.0467731 9.98159E-05 9.98159E-05 9.98159E-05 9.98159E-05 9.98159E-05 0.298266 9.98159E-05 9.98159E-05 9.98159E-05 0.211885 9.98159E-05 9.98159E-05 0.152222 9.98159E-05 9.98159E-05 9.98159E-05 0.126509 9.98159E-05 0.139303 9.98159E-05 9.98159E-05 0.0229458 9.98159E-05 9.98159E-05 9.98159E-05 9.98159E-05 9.98159E-05
0.0021143 9.98421E-05 9.98421E-05 0.0682577 9.98421E-05 9.98421E-05 9.98421E-05 0.0856775 9.98421E-05 9.98421E-05 0.351575 9.98421E-05 9.98421E-05 9.98421E-05 9.98421E-05 9.98421E-05 0.0264489 9.98421E-05 9.98421E-05 0.063183 0.0956484 0.00436609 0.0305791 9.98421E-05 9.98421E-05 9.98421E-05 0.270353 9.98421E-05
0.116307 9.98511E-05 9.98511E-05 0.0125991 0.145418 9.98511E-05 0.0253422 0.084307 9.98511E-05 9.98511E-05 0.186746 9.98511E-05 9.98511E-05 9.98511E-05 9.98511E-05 0.0253295 9.98511E-05 0.0914541 9.98511E-05 0.0831622 0.0365273 9.98511E-05 9.98511E-05 9.98511E-05 9.98511E-05 9.98511E-05 0.191109 9.98511E-05
9.98159E-05 9.98159E-05 9.98159E-05 9.98159E-05 9.98159E-05 9.98159E-05 0.154921 9.98159E-05 9.98159E-05 0.111952 9.98159E-05 9.98159E-05 0.0186149 9.98159E-05 9.98159E-05 9.98159E-05 9.98159E-05 0.253482 9.98159E-05 9.98159E-05 9.98159E-05 0.144138 9.98159E-05 9.98159E-05 9.98159E-05 0.200836 9.98159E-05 0.11396
9.97721E-05 9.97721E-05 9.97721E-05 9.97721E-05 9.97721E-05 9.97721E-05 9.97721E-05 9.97721E-05 9.97721E-05 0.953836 9.97721E-05 9.97721E-05 9.97721E-05 9.97721E-05 9.97721E-05 9.97721E-05 9.97721E-05 9.97721E-05 9.97721E-05 9.97721E-05 9.97721E-05 0.0435698 9.97721E-05 9.97721E-05 9.97721E-05 9.97721E-05 9.97721E-05 9.97721E-05
9.97982E-05 9.97982E-05 9.97982E-05 9.97982E-05 9.97982E-05 9.97982E-05 0.553766 0.0318574 9.97982E-05 9.97982E-05 0.169567 9.97982E-05 9.97982E-05 9.97982E-05 9.97982E-05 9.97982E-05 9.97982E-05 9.97982E-05 9.97982E-05 9.97982E-05 0.0876582 9.97982E-05 9.97982E-05 9.97982E-05 9.97982E-05 0.154856 9.97982E-05 9.97982E-05
9.97721E-05 0.0698668 9.97721E-05 9.97721E-05 9.97721E-05 9.97721E-05 9.97721E-05 9.97721E-05 9.97721E-05 0.927539 9.97721E-05 9.97721E-05 9.97721E-05 9.97721E-05 9.97721E-05 9.97721E-05 9.97721E-05 9.97721E-05 9.97721E-05 9.97721E-05 9.97721E-05 9.97721E-05 9.97721E-05 9.97721E-05 9.97721E-05 9.97721E-05 9.97721E-05 9.97721E-05
9.97809E-05 9.97809E-05 9.97809E-05 9.97809E-05 9.97809E-05 9.97809E-05 0.654566 9.97809E-05 9.97809E-05 0.232999 9.97809E-05 9.97809E-05 9.97809E-05 9.97809E-05 9.97809E-05 9.97809E-05 9.97809E-05 9.97809E-05 9.97809E-05 9.97809E-05 9.97809E-05 9.97809E-05 9.97809E-05 9.97809E-05 9.97809E-05 0.109941 9.97809E-05 9.97809E-05
9.97983E-05 0.0113434 9.97983E-05 9.97983E-05 9.97983E-05 9.97983E-05 9.97983E-05 9.97983E-05 9.97983E-05 9.97983E-05 9.97983E-05 9.97983E-05 9.97983E-05 9.97983E-05 9.97983E-05 9.97983E-05 9.97983E-05 9.97983E-05 9.97983E-05 9.97983E-05 0.0492755 9.97983E-05 9.97983E-05 0.00865292 9.97983E-05 0.0617777 0.866655 9.97983E-05
9.98246E-05 9.98246E-05 0.0363279 0.115489 9.98246E-05 9.98246E-05 9.98246E-05 9.98246E-05 0.0879414 0.320442 0.170177 9.98246E-05 9.98246E-05 9.98246E-05 9.98246E-05 9.98246E-05 9.98246E-05 0.0404699 9.98246E-05 9.98246E-05 9.98246E-05 9.98246E-05 9.98246E-05 0.127756 9.98246E-05 0.099401 9.98246E-05 9.98246E-05
9.9842E-05 0.0160318 9.9842E-05 9.9842E-05 9.9842E-05 9.9842E-05 0.0897951 0.0851463 9.9842E-05 0.131024 9.9842E-05 9.9842E-05 0.172137 9.9842E-05 9.9842E-05 0.113011 9.9842E-05 0.170969 0.0591362 9.9842E-05 9.9842E-05 9.9842E-05 9.9842E-05 9.9842E-05 0.0769965 0.0839556 9.9842E-05 9.9842E-05
9.98072E-05 9.98072E-05 9.98072E-05 0.0851214 0.0730049 9.98072E-05 0.339849 9.98072E-05 0.228144 0.217837 9.98072E-05 9.98072E-05 9.98072E-05 9.98072E-05 9.98072E-05 9.98072E-05 0.0538468 9.98072E-05 9.98072E-05 9.98072E-05 9.98072E-05 9.98072E-05 9.98072E-05 9.98072E-05 9.98072E-05 9.98072E-05 9.98072E-05 9.98072E-05
9.98247E-05 9.98247E-05 0.123609 9.98247E-05 9.98247E-05 0.133947 9.98247E-05 0.126549 9.98247E-05 0.00981239 0.447309 9.98247E-05 9.98247E-05 9.98247E-05 9.98247E-05 9.98247E-05 9.98247E-05 0.0397801 9.98247E-05 9.98247E-05 9.98247E-05 9.98247E-05 9.98247E-05 9.98247E-05 9.98247E-05 0.0402499 0.0767473 9.98247E-05
9.98245E-05 9.98245E-05 9.98245E-05 9.98245E-05 9.98245E-05 0.0193076 0.160938 0.164466 9.98245E-05 0.241631 9.98245E-05 9.98245E-05 9.98245E-05 9.98245E-05 9.98245E-05 9.98245E-05 9.98245E-05 0.0691801 0.0318194 0.189454 9.98245E-05 9.98245E-05 9.98245E-05 9.98245E-05 9.98245E-05 0.121207 9.98245E-05 9.98245E-05
9.97634E-05 9.97634E-05 9.97634E-05 9.97634E-05 9.97634E-05 9.97634E-05 0.997306 9.97634E-05 9.97634E-05 9.97634E-05 9.97634E-05 9.97634E-05 9.97634E-05 9.97634E-05 9.97634E-05 9.97634E-05 9.97634E-05 9.97634E-05 9.97634E-05 9.97634E-05 9.97634E-05 9.97634E-05 9.97634E-05 9.97634E-05 9.97634E-05 9.97634E-05 9.97634E-05 9.97634E-05
9.98421E-05 0.131283 9.98421E-05 9.98421E-05 9.98421E-05 9.98421E-05 0.603757 9.98421E-05 9.98421E-05 9.98421E-05 0.00335185 9.98421E-05 9.98421E-05 0.00912252 9.98421E-05 9.98421E-05 0.00071794 0.070489 0.0345638 9.98421E-05 0.0183274 9.98421E-05 9.98421E-05 9.98421E-05 9.98421E-05 0.0224779 9.98421E-05 0.104113
9.98335E-05 9.98335E-05 9.98335E-05 0.0710012 9.98335E-05 9.98335E-05 0.00572026 0.248551 9.98335E-05 0.273648 9.98335E-05 0.0906059 9.98335E-05 9.98335E-05 9.98335E-05 9.98335E-05 9.98335E-05 0.12818 0.0939846 0.0832473 0.00316374 9.98335E-05 9.98335E-05 9.98335E-05 9.98335E-05 9.98335E-05 9.98335E-05 9.98335E-05
9.98071E-05 9.98071E-05 9.98071E-05 9.98071E-05 9.98071E-05 9.98071E-05 0.727356 9.98071E-05 9.98071E-05 9.98071E-05 0.166866 0.00726025 9.98071E-05 0.0126693 9.98071E-05 9.98071E-05 0.0499252 9.98071E-05 9.98071E-05 9.98071E-05 0.0337274 9.98071E-05 9.98071E-05 9.98071E-05 9.98071E-05 9.98071E-05 9.98071E-05 9.98071E-05
9.98071E-05 9.98071E-05 9.98071E-05 9.98071E-05 9.98071E-05 9.98071E-05 9.98071E-05 0.142368 9.98071E-05 9.98071E-05 0.138944 9.98071E-05 9.98071E-05 9.98071E-05 9.98071E-05 0.00119206 9.98071E-05 9.98071E-05 9.98071E-05 9.98071E-05 9.98071E-05 0.0618884 9.98071E-05 9.98071E-05 9.98071E-05 0.27506 0.378352 9.98071E-05
9.98333E-05 0.0425398 0.0748057 9.98333E-05 9.98333E-05 9.98333E-05 9.98333E-05 9.98333E-05 9.98333E-05 0.120635 9.98333E-05 9.98333E-05 9.98333E-05 0.12844 9.98333E-05 9.98333E-05 9.98333E-05 9.98333E-05 9.98333E-05 9.98333E-05 0.0703167 9.98333E-05 9.98333E-05 0.0091406 0.146235 0.242889 0.163102 9.98333E-05
9.98159E-05 9.98159E-05 9.98159E-05 9.98159E-05 9.98159E-05 9.98159E-05 0.381462 9.98159E-05 0.0192288 0.159087 9.98159E-05 9.98159E-05 9.98159E-05 0.103746 9.98159E-05 9.98159E-05 9.98159E-05 9.98159E-05 9.98159E-05 9.98159E-05 9.98159E-05 9.98159E-05 9.98159E-05 9.98159E-05 0.114928 0.0722068 0.147246 9.98159E-05
9.98244E-05 9.98244E-05 9.98244E-05 0.00470261 9.98244E-05 0.142894 0.0522151 0.204263 9.98244E-05 9.98244E-05 9.98244E-05 0.282933 9.98244E-05 0.264944 9.98244E-05 0.0397822 9.98244E-05 9.98244E-05 9.98244E-05 9.98244E-05 9.98244E-05 9.98244E-05 9.98244E-05 9.98244E-05 9.98244E-05 0.00626952 9.98244E-05 9.98244E-05
9.97984E-05 9.97984E-05 9.97984E-05 9.97984E-05 9.97984E-05 9.97984E-05 0.214765 0.00961868 9.97984E-05 0.660662 9.97984E-05 9.97984E-05 9.97984E-05 9.97984E-05 9.97984E-05 9.97984E-05 9.97984E-05 9.97984E-05 9.97984E-05 9.97984E-05 9.97984E-05 9.97984E-05 9.97984E-05 9.97984E-05 0.111313 0.001346 9.97984E-05 9.97984E-05
9.97897E-05 9.97897E-05 9.97897E-05 9.97897E-05 9.97897E-05 9.97897E-05 9.97897E-05 9.97897E-05 9.97897E-05 0.658403 9.97897E-05 0.126485 9.97897E-05 9.97897E-05 9.97897E-05 9.97897E-05 9.97897E-05 9.97897E-05 9.97897E-05 9.97897E-05 9.97897E-05 9.97897E-05 9.97897E-05 9.97897E-05 0.110633 0.102085 9.97897E-05 9.97897E-05
9.97984E-05 9.97984E-05 9.97984E-05 9.97984E-05 0.026021 9.97984E-05 0.0441832 9.97984E-05 0.249743 0.664314 9.97984E-05 9.97984E-05 9.97984E-05 9.97984E-05 9.97984E-05 9.97984E-05 9.97984E-05 9.97984E-05 9.97984E-05 9.97984E-05 9.97984E-05 9.97984E-05 9.97984E-05 9.97984E-05 9.97984E-05 0.0134438 9.97984E-05 9.97984E-05
9.98157E-05 9.98157E-05 9.98157E-05 9.98157E-05 9.98157E-05 9.98157E-05 0.187029 9.98157E-05 9.98157E-05 0.603593 0.0247838 0.0486906 9.98157E-05 9.98157E-05 9.98157E-05 9.98157E-05 9.98157E-05 9.98157E-05 9.98157E-05 0.00945845 0.0806702 9.98157E-05 9.98157E-05 0.0436796 9.98157E-05 9.98157E-05 9.98157E-05 9.98157E-05
0.00120999 9.98246E-05 9.98246E-05 9.98246E-05 9.98246E-05 9.98246E-05 0.728302 9.98246E-05 9.98246E-05 9.98246E-05 0.0255625 9.98246E-05 9.98246E-05 0.125507 0.0534816 9.98246E-05 9.98246E-05 9.98246E-05 9.98246E-05 0.0256932 0.00888796 9.98246E-05 9.98246E-05 9.98246E-05 9.98246E-05 0.0293585 9.98246E-05 9.98246E-05
9.98156E-05 9.98156E-05 9.98156E-05 9.98156E-05 9.98156E-05 9.98156E-05 0.123658 0.101537 9.98156E-05 9.98156E-05 0.0908176 9.98156E-05 9.98156E-05 9.98156E-05 9.98156E-05 9.98156E-05 9.98156E-05 9.98156E-05 9.98156E-05 9.98156E-05 0.0530184 9.98156E-05 9.98156E-05 9.98156E-05 0.0502838 0.15054 0.428049 9.98156E-05
9.98157E-05 0.0633419 9.98157E-05 9.98157E-05 9.98157E-05 0.000991191 9.98157E-05 0.0655273 9.98157E-05 0.218023 9.98157E-05 9.98157E-05 9.98157E-05 0.122726 9.98157E-05 9.98157E-05 9.98157E-05 9.98157E-05 9.98157E-05 9.98157E-05 9.98157E-05 9.98157E-05 9.98157E-05 9.98157E-05 9.98157E-05 0.118389 0.408906 9.98157E-05
9.97897E-05 9.97897E-05 0.0155833 9.97897E-05 9.97897E-05 9.97897E-05 9.97897E-05 9.97897E-05 9.97897E-05 0.913721 9.97897E-05 9.97897E-05 9.97897E-05 9.97897E-05 9.97897E-05 9.97897E-05 0.032914 9.97897E-05 9.97897E-05 9.97897E-05 0.0353865 9.97897E-05 9.97897E-05 9.97897E-05 9.97897E-05 9.97897E-05 9.97897E-05 9.97897E-05
9.98159E-05 9.98159E-05 9.98159E-05 9.98159E-05 0.00737609 9.98159E-05 0.70454 0.0326844 9.98159E-05 9.98159E-05 9.98159E-05 9.98159E-05 0.0604772 9.98159E-05 9.98159E-05 9.98159E-05 0.0727066 9.98159E-05 9.98159E-05 9.98159E-05 9.98159E-05 0.0500055 9.98159E-05 9.98159E-05 0.0701144 9.98159E-05 9.98159E-05 9.98159E-05
9.9772E-05 9.9772E-05 9.9772E-05 9.9772E-05 9.9772E-05 9.9772E-05 0.992659 9.9772E-05 9.9772E-05 9.9772E-05 9.9772E-05 9.9772E-05 9.9772E-05 9.9772E-05 9.9772E-05 9.9772E-05 9.9772E-05 9.9772E-05 9.9772E-05 0.00474698 9.9772E-05 9.9772E-05 9.9772E-05 9.9772E-05 9.9772E-05 9.9772E-05 9.9772E-05 9.9772E-05
9.9807E-05 9.9807E-05 0.0139309 9.9807E-05 9.9807E-05 9.9807E-05 9.9807E-05 9.9807E-05 9.9807E-05 9.9807E-05 9.9807E-05 9.9807E-05 9.9807E-05 9.9807E-05 9.9807E-05 9.9807E-05 0.00912835 0.11518 9.9807E-05 9.9807E-05 9.9807E-05 9.9807E-05 9.9807E-05 9.9807E-05 0.00542685 0.0677251 0.786413 9.9807E-05
0.00566708 0.0318114 9.9816E-05 9.9816E-05 9.9816E-05 9.9816E-05 9.9816E-05 9.9816E-05 0.163569 0.618617 9.9816E-05 9.9816E-05 9.9816E-05 9.9816E-05 9.9816E-05 9.9816E-05 0.0601769 9.9816E-05 9.9816E-05 9.9816E-05 0.00719722 9.9816E-05 9.9816E-05 9.9816E-05 9.9816E-05 0.110866 9.9816E-05 9.9816E-05
9.98071E-05 0.080357 9.98071E-05 9.98071E-05 9.98071E-05 9.98071E-05 9.98071E-05 9.98071E-05 9.98071E-05 0.321404 9.98071E-05 9.98071E-05 9.98071E-05 0.0903839 9.98071E-05 9.98071E-05 9.98071E-05 9.98071E-05 9.98071E-05 9.98071E-05 9.98071E-05 9.98071E-05 0.0245856 9.98071E-05 9.98071E-05 0.185102 0.295972 9.98071E-05
9.97721E-05 9.97721E-05 9.97721E-05 9.97721E-05 9.97721E-05 9.97721E-05 9.97721E-05 9.97721E-05 9.97721E-05 0.986062 9.97721E-05 9.97721E-05 9.97721E-05 9.97721E-05 9.97721E-05 9.97721E-05 9.97721E-05 0.0113437 9.97721E-05 9.97721E-05 9.97721E-05 9.97721E-05 9.97721E-05 9.97721E-05 9.97721E-05 9.97721E-05 9.97721E-05 9.97721E-05
9.97986E-05 9.97986E-05 9.97986E-05 9.97986E-05 9.97986E-05 9.97986E-05 9.97986E-05 0.0724848 9.97986E-05 0.765629 9.97986E-05 0.134634 9.97986E-05 9.97986E-05 9.97986E-05 9.97986E-05 9.97986E-05 9.97986E-05 9.97986E-05 9.97986E-05 9.97986E-05 0.0130365 9.97986E-05 9.97986E-05 9.97986E-05 0.0119198 9.97986E-05 9.97986E-05
9.97896E-05 9.97896E-05 9.97896E-05 9.97896E-05 9.97896E-05 9.97896E-05 9.97896E-05 9.97896E-05 0.00324147 9.97896E-05 9.97896E-05 0.107013 9.97896E-05 9.97896E-05 9.97896E-05 9.97896E-05 0.0113636 9.97896E-05 9.97896E-05 9.97896E-05 9.97896E-05 9.97896E-05 9.97896E-05 9.97896E-05 9.97896E-05 9.97896E-05 0.875987 9.97896E-05
9.98158E-05 9.98158E-05 9.98158E-05 9.98158E-05 9.98158E-05 9.98158E-05 9.98158E-05 0.0271652 9.98158E-05 0.540738 0.162234 9.98158E-05 9.98158E-05 9.98158E-05 9.98158E-05 9.98158E-05 9.98158E-05 0.0818267 9.98158E-05 9.98158E-05 0.0230342 0.025546 9.98158E-05 9.98158E-05 9.98158E-05 0.13736 9.98158E-05 9.98158E-05
9.98072E-05 9.98072E-05 9.98072E-05 0.0757658 9.98072E-05 9.98072E-05 9.98072E-05 0.341598 9.98072E-05 9.98072E-05 0.0144335 9.98072E-05 9.98072E-05 9.98072E-05 9.98072E-05 9.98072E-05 9.98072E-05 9.98072E-05 9.98072E-05 0.0429086 9.98072E-05 9.98072E-05 9.98072E-05 9.98072E-05 9.98072E-05 0.221367 0.301732 9.98072E-05
9.97894E-05 9.97894E-05 0.0207842 9.97894E-05 9.97894E-05 9.97894E-05 9.97894E-05 9.97894E-05 9.97894E-05 0.873986 9.97894E-05 9.97894E-05 9.97894E-05 9.97894E-05 9.97894E-05 9.97894E-05 9.97894E-05 9.97894E-05 9.97894E-05 9.97894E-05 9.97894E-05 9.97894E-05 9.97894E-05 9.97894E-05 0.0139207 9.97894E-05 0.0889144 9.97894E-05
9.97981E-05 9.97981E-05 9.97981E-05 9.97981E-05 9.97981E-05 0.00250441 0.346031 9.97981E-05 9.97981E-05 9.97981E-05 9.97981E-05 9.97981E-05 9.97981E-05 9.97981E-05 9.97981E-05 9.97981E-05 9.97981E-05 9.97981E-05 9.97981E-05 9.97981E-05 9.97981E-05 9.97981E-05 9.97981E-05 9.97981E-05 0.0173041 0.0384804 0.593384 9.97981E-05
9.97633E-05 9.97633E-05 9.97633E-05 9.97633E-05 9.97633E-05 9.97633E-05 9.97633E-05 9.97633E-05 9.97633E-05 0.997306 9.97633E-05 9.97633E-05 9.97633E-05 9.97633E-05 9.97633E-05 9.97633E-05 9.97633E-05 9.97633E-05 9.97633E-05 9.97633E-05 9.97633E-05 9.97633E-05 9.97633E-05 9.97633E-05 9.97633E-05 9.97633E-05 9.97633E-05 9.97633E-05
9.98333E-05 0.002567 9.98333E-05 9.98333E-05 9.98333E-05 9.98333E-05 0.224819 0.0962413 9.98333E-05 0.440796 0.0972328 9.98333E-05 0.010516 9.98333E-05 9.98333E-05 9.98333E-05 9.98333E-05 9.98333E-05 9.98333E-05 0.00015679 9.98333E-05 9.98333E-05 9.98333E-05 9.98333E-05 0.0416616 0.0841126 9.98333E-05 9.98333E-05
9.97898E-05 9.97898E-05 9.97898E-05 9.97898E-05 9.97898E-05 9.97898E-05 9.97898E-05 9.97898E-05 9.97898E-05 9.97898E-05 9.97898E-05 9.97898E-05 9.97898E-05 9.97898E-05 9.97898E-05 9.97898E-05 9.97898E-05 9.97898E-05 9.97898E-05 0.0524922 0.0222259 9.97898E-05 0.0299415 9.97898E-05 9.97898E-05 9.97898E-05 0.892946 9.97898E-05
9.9842E-05 9.9842E-05 0.0210018 9.9842E-05 0.000839343 0.00144892 0.327655 9.9842E-05 9.9842E-05 9.9842E-05 0.0290263 0.139466 9.9842E-05 0.185021 9.9842E-05 9.9842E-05 9.9842E-05 9.9842E-05 9.9842E-05 9.9842E-05 0.106604 0.0511016 9.9842E-05 9.9842E-05 9.9842E-05 0.136039 9.9842E-05 9.9842E-05
9.97807E-05 9.97807E-05 9.97807E-05 9.97807E-05 9.97807E-05 9.97807E-05 9.97807E-05 0.108778 9.97807E-05 9.97807E-05 9.97807E-05 9.97807E-05 9.97807E-05 9.97807E-05 9.97807E-05 9.97807E-05 9.97807E-05 9.97807E-05 9.97807E-05 9.97807E-05 9.97807E-05 9.97807E-05 9.97807E-05 9.97807E-05 0.0945403 9.97807E-05 0.794187 9.97807E-05
9.97722E-05 9.97722E-05 9.97722E-05 9.97722E-05 9.97722E-05 0.0173773 9.97722E-05 9.97722E-05 9.97722E-05 0.980029 9.97722E-05 9.97722E-05 9.97722E-05 9.97722E-05 9.97722E-05 9.97722E-05 9.97722E-05 9.97722E-05 9.97722E-05 9.97722E-05 9.97722E-05 9.97722E-05 9.97722E-05 9.97722E-05 9.97722E-05 9.97722E-05 9.97722E-05 9.97722E-05
9.97984E-05 0.0467325 9.97984E-05 9.97984E-05 0.0382125 9.97984E-05 9.97984E-05 9.97984E-05 9.97984E-05 9.97984E-05 9.97984E-05 9.97984E-05 9.97984E-05 9.97984E-05 9.97984E-05 0.0559084 9.97984E-05 9.97984E-05 9.97984E-05 9.97984E-05 9.97984E-05 9.97984E-05 9.97984E-05 9.97984E-05 9.97984E-05 0.0489466 0.807905 9.97984E-05
9.97811E-05 9.97811E-05 9.97811E-05 9.97811E-05 9.97811E-05 9.97811E-05 9.97811E-05 9.97811E-05 9.97811E-05 0.771096 9.97811E-05 9.97811E-05 9.97811E-05 9.97811E-05 9.97811E-05 9.97811E-05 9.97811E-05 9.97811E-05 9.97811E-05 9.97811E-05 9.97811E-05 9.97811E-05 9.97811E-05 0.113704 9.97811E-05 0.112705 9.97811E-05 9.97811E-05
0.0235296 9.98159E-05 0.0503774 9.98159E-05 9.98159E-05 9.98159E-05 9.98159E-05 9.98159E-05 0.0618004 0.609261 9.98159E-05 9.98159E-05 0.114534 0.116415 9.98159E-05 0.0219871 9.98159E-05 9.98159E-05 9.98159E-05 9.98159E-05 9.98159E-05 9.98159E-05 9.98159E-05 9.98159E-05 9.98159E-05 9.98159E-05 9.98159E-05 9.98159E-05
9.9807E-05 9.9807E-05 9.9807E-05 9.9807E-05 9.9807E-05 0.0590992 0.244649 0.00190034 9.9807E-05 0.568582 9.9807E-05 9.9807E-05 9.9807E-05 9.9807E-05 9.9807E-05 9.9807E-05 0.0301137 9.9807E-05 9.9807E-05 0.09346 9.9807E-05 9.9807E-05 9.9807E-05 9.9807E-05 9.9807E-05 9.9807E-05 9.9807E-05 9.9807E-05
9.97633E-05 9.97633E-05 9.97633E-05 9.97633E-05 9.97633E-05 9.97633E-05 0.997306 9.97633E-05 9.97633E-05 9.97633E-05 9.97633E-05 9.97633E-05 9.97633E-05 9.97633E-05 9.97633E-05 9.97633E-05 9.97633E-05 9.97633E-05 9.97633E-05 9.97633E-05 9.97633E-05 9.97633E-05 9.97633E-05 9.97633E-05 9.97633E-05 9.97633E-05 9.97633E-05 9.97633E-05
9.98157E-05 9.98157E-05 9.98157E-05 9.98157E-05 9.98157E-05 9.98157E-05 0.37472 9.98157E-05 9.98157E-05 0.0235955 0.0340614 0.0460559 9.98157E-05 9.98157E-05 9.98157E-05 9.98157E-05 9.98157E-05 9.98157E-05 9.98157E-05 9.98157E-05 9.98157E-05 9.98157E-05 9.98157E-05 9.98157E-05 0.0268159 0.00730126 0.485354 9.98157E-05
9.97894E-05 9.97894E-05 9.97894E-05 9.97894E-05 9.97894E-05 9.97894E-05 9.97894E-05 9.97894E-05 9.97894E-05 9.97894E-05 0.869159 9.97894E-05 9.97894E-05 9.97894E-05 9.97894E-05 9.97894E-05 9.97894E-05 0.031821 9.97894E-05 9.97894E-05 0.00437106 9.97894E-05 9.97894E-05 9.97894E-05 9.97894E-05 0.0922539 9.97894E-05 9.97894E-05
9.97633E-05 9.97633E-05 9.97633E-05 9.97633E-05 9.97633E-05 9.97633E-05 9.97633E-05 9.97633E-05 9.97633E-05 9.97633E-05 9.97633E-05 9.97633E-05 0.997306 9.97633E-05 9.97633E-05 9.97633E-05 9.97633E-05 9.97633E-05 9.97633E-05 9.97633E-05 9.97633E-05 9.97633E-05 9.97633E-05 9.97633E-05 9.97633E-05 9.97633E-05 9.97633E-05 9.97633E-05
9.97808E-05 9.97808E-05 9.97808E-05 9.97808E-05 9.97808E-05 0.0313691 9.97808E-05 9.97808E-05 9.97808E-05 9.97808E-05 0.348251 9.97808E-05 0.617885 9.97808E-05 9.97808E-05 9.97808E-05 9.97808E-05 9.97808E-05 9.97808E-05 9.97808E-05 9.97808E-05 9.97808E-05 9.97808E-05 9.97808E-05 9.97808E-05 9.97808E-05 9.97808E-05 9.97808E-05
9.98159E-05 9.98159E-05 9.98159E-05 9.98159E-05 9.98159E-05 0.015844 9.98159E-05 9.98159E-05 9.98159E-05 9.98159E-05 0.420649 0.0587268 9.98159E-05 0.11314 9.98159E-05 9.98159E-05 0.25604 0.121843 9.98159E-05 9.98159E-05 9.98159E-05 9.98159E-05 9.98159E-05 9.98159E-05 9.98159E-05 0.0116612 9.98159E-05 9.98159E-05
0.173722 9.97981E-05 9.97981E-05 9.97981E-05 9.97981E-05 9.97981E-05 9.97981E-05 0.0106038 9.97981E-05 9.97981E-05 0.731325 9.97981E-05 9.97981E-05 9.97981E-05 9.97981E-05 0.024217 9.97981E-05 0.057837 9.97981E-05 9.97981E-05 9.97981E-05 9.97981E-05 9.97981E-05 9.97981E-05 9.97981E-05 9.97981E-05 9.97981E-05 9.97981E-05
9.97716E-05 9.97716E-05 9.97716E-05 9.97716E-05 9.97716E-05 9.97716E-05 9.97716E-05 9.97716E-05 9.97716E-05 9.97716E-05 0.853984 9.97716E-05 9.97716E-05 9.97716E-05 9.97716E-05 9.97716E-05 9.97716E-05 9.97716E-05 9.97716E-05 9.97716E-05 9.97716E-05 9.97716E-05 9.97716E-05 9.97716E-05 9.97716E-05 0.143421 9.97716E-05 9.97716E-05
9.98068E-05 9.98068E-05 9.98068E-05 9.98068E-05 9.98068E-05 9.98068E-05 9.98068E-05 9.98068E-05 9.98068E-05 9.98068E-05 0.557804 9.98068E-05 0.064708 9.98068E-05 9.98068E-05 9.98068E-05 0.247272 9.98068E-05 9.98068E-05 9.98068E-05 0.00236262 9.98068E-05 9.98068E-05 9.98068E-05 0.0579059 0.0677522 9.98068E-05 9.98068E-05
9.98069E-05 9.98069E-05 9.98069E-05 9.98069E-05 9.98069E-05 0.0568248 9.98069E-05 9.98069E-05 9.98069E-05 9.98069E-05 0.774743 9.98069E-05 9.98069E-05 9.98069E-05 9.98069E-05 9.98069E-05 0.018277 0.0622067 9.98069E-05 0.0053563 9.98069E-05 9.98069E-05 9.98069E-05 9.98069E-05 9.98069E-05 0.0803966 9.98069E-05 9.98069E-05
9.97634E-05 9.97634E-05 9.97634E-05 9.97634E-05 9.97634E-05 9.97634E-05 9.97634E-05 9.97634E-05 9.97634E-05 9.97634E-05 0.997306 9.97634E-05 9.97634E-05 9.97634E-05 9.97634E-05 9.97634E-05 9.97634E-05 9.97634E-05 9.97634E-05 9.97634E-05 9.97634E-05 9.97634E-05 9.97634E-05 9.97634E-05 9.97634E-05 9.97634E-05 9.97634E-05 9.97634E-05
9.97717E-05 9.97717E-05 9.97717E-05 9.97717E-05 9.97717E-05 9.97717E-05 9.97717E-05 9.97717E-05 9.97717E-05 9.97717E-05 9.97717E-05 9.97717E-05 0.946591 9.97717E-05 9.97717E-05 9.97717E-05 9.97717E-05 9.97717E-05 9.97717E-05 9.97717E-05 0.0508154 9.97717E-05 9.97717E-05 9.97717E-05 9.97717E-05 9.97717E-05 9.97717E-05 9.97717E-05
9.97891E-05 9.97891E-05 9.97891E-05 9.97891E-05 9.97891E-05 9.97891E-05 9.97891E-05 9.97891E-05 9.97891E-05 9.97891E-05 0.667218 9.97891E-05 9.97891E-05 9.97891E-05 9.97891E-05 9.97891E-05 9.97891E-05 0.0520847 9.97891E-05 9.97891E-05 0.0925173 9.97891E-05 9.97891E-05 9.97891E-05 9.97891E-05 0.185785 9.97891E-05 9.97891E-05
9.98508E-05 0.029154 9.98508E-05 9.98508E-05 0.0690529 9.98508E-05 9.98508E-05 0.116562 9.98508E-05 9.98508E-05 0.568425 9.98508E-05 9.98508E-05 9.98508E-05 9.98508E-05 9.98508E-05 0.0312059 9.98508E-05 9.98508E-05 0.0164066 0.0239027 9.98508E-05 9.98508E-05 0.00655714 0.0877836 0.0316648 9.98508E-05 0.0175874
0.0226166 0.0981977 9.98067E-05 9.98067E-05 0.0842247 9.98067E-05 9.98067E-05 9.98067E-05 9.98067E-05 9.98067E-05 0.629088 9.98067E-05 9.98067E-05 9.98067E-05 9.98067E-05 9.98067E-05 9.98067E-05 0.118876 9.98067E-05 9.98067E-05 0.0448014 9.98067E-05 9.98067E-05 9.98067E-05 9.98067E-05 9.98067E-05 9.98067E-05 9.98067E-05
0.00194646 9.98068E-05 9.98068E-05 9.98068E-05 9.98068E-05 9.98068E-05 9.98068E-05 0.0795106 9.98068E-05 9.98068E-05 0.704664 9.98068E-05 9.98068E-05 9.98068E-05 9.98068E-05 9.98068E-05 0.0401196 9.98068E-05 9.98068E-05 0.0638965 9.98068E-05 9.98068E-05 9.98068E-05 9.98068E-05 9.98068E-05 0.107667 9.98068E-05 9.98068E-05
9.97726E-05 9.97726E-05 9.97726E-05 9.97726E-05 9.97726E-05 9.97726E-05 9.97726E-05 9.97726E-05 9.97726E-05 9.97726E-05 0.974988 9.97726E-05 9.97726E-05 9.97726E-05 9.97726E-05 0.0224183 9.97726E-05 9.97726E-05 9.97726E-05 9.97726E-05 9.97726E-05 9.97726E-05 9.97726E-05 9.97726E-05 9.97726E-05 9.97726E-05 9.97726E-05 9.97726E-05
9.9816E-05 9.9816E-05 9.9816E-05 9.9816E-05 0.00384997 9.9816E-05 9.9816E-05 9.9816E-05 9.9816E-05 9.9816E-05 0.314482 9.9816E-05 0.6108 9.9816E-05 9.9816E-05 9.9816E-05 0.0140452 0.0239203 9.9816E-05 9.9816E-05 9.9816E-05 9.9816E-05 9.9816E-05 9.9816E-05 0.0170824 0.0137243 9.9816E-05 9.9816E-05
9.97979E-05 9.97979E-05 9.97979E-05 9.97979E-05 9.97979E-05 0.0404301 9.97979E-05 9.97979E-05 9.97979E-05 9.97979E-05 0.712294 9.97979E-05 9.97979E-05 0.0297117 9.97979E-05 9.97979E-05 9.97979E-05 9.97979E-05 9.97979E-05 0.184613 9.97979E-05 9.97979E-05 0.0306561 9.97979E-05 9.97979E-05 9.97979E-05 9.97979E-05 9.97979E-05
9.98157E-05 9.98157E-05 9.98157E-05 9.98157E-05 0.0292933 9.98157E-05 9.98157E-05 0.117576 9.98157E-05 9.98157E-05 0.541986 9.98157E-05 9.98157E-05 9.98157E-05 9.98157E-05 9.98157E-05 9.98157E-05 0.0468561 9.98157E-05 0.0961249 0.0869959 9.98157E-05 9.98157E-05 9.98157E-05 0.0790718 9.98157E-05 9.98157E-05 9.98157E-05
9.98069E-05 9.98069E-05 9.98069E-05 9.98069E-05 9.98069E-05 0.0775506 9.98069E-05 9.98069E-05 9.98069E-05 9.98069E-05 0.660599 9.98069E-05 0.192387 9.98069E-05 9.98069E-05 9.98069E-05 9.98069E-05 9.98069E-05 9.98069E-05 0.0197737 0.0142701 9.98069E-05 9.98069E-05 9.98069E-05 9.98069E-05 0.0332234 9.98069E-05 9.98069E-05
9.9789E-05 9.9789E-05 9.9789E-05 9.9789E-05 9.9789E-05 9.9789E-05 9.9789E-05 9.9789E-05 9.9789E-05 9.9789E-05 0.780106 0.0398948 9.9789E-05 9.9789E-05 9.9789E-05 0.0578269 9.9789E-05 9.9789E-05 9.9789E-05 9.9789E-05 9.9789E-05 9.9789E-05 9.9789E-05 9.9789E-05 9.9789E-05 0.119777 9.9789E-05 9.9789E-05
9.97811E-05 9.97811E-05 9.97811E-05 9.97811E-05 9.97811E-05 9.97811E-05 9.97811E-05 9.97811E-05 9.97811E-05 9.97811E-05 9.97811E-05 9.97811E-05 0.967144 9.97811E-05 9.97811E-05 9.97811E-05 9.97811E-05 9.97811E-05 9.97811E-05 9.97811E-05 9.97811E-05 9.97811E-05 0.0133312 9.97811E-05 9.97811E-05 0.0170301 9.97811E-05 9.97811E-05
9.97893E-05 9.97893E-05 9.97893E-05 9.97893E-05 0.00908701 9.97893E-05 9.97893E-05 0.144693 9.97893E-05 9.97893E-05 0.827372 0.0164524 9.97893E-05 9.97893E-05 9.97893E-05 9.97893E-05 9.97893E-05 9.97893E-05 9.97893E-05 9.97893E-05 9.97893E-05 9.97893E-05 9.97893E-05 9.97893E-05 9.97893E-05 9.97893E-05 9.97893E-05 9.97893E-05
9.97984E-05 9.97984E-05 9.97984E-05 9.97984E-05 9.97984E-05 9.97984E-05 9.97984E-05 9.97984E-05 9.97984E-05 9.97984E-05 0.827122 9.97984E-05 9.97984E-05 0.105219 9.97984E-05 9.97984E-05 0.0246622 9.97984E-05 9.97984E-05 9.97984E-05 9.97984E-05 9.97984E-05 9.97984E-05 0.00106025 0.0396416 9.97984E-05 9.97984E-05 9.97984E-05
9.98245E-05 9.98245E-05 9.98245E-05 9.98245E-05 9.98245E-05 0.0248372 9.98245E-05 9.98245E-05 9.98245E-05 9.98245E-05 0.106537 9.98245E-05 0.569091 9.98245E-05 9.98245E-05 9.98245E-05 9.98245E-05 0.0344026 0.0472735 0.100361 9.98245E-05 0.0102582 0.105242 9.98245E-05 9.98245E-05 9.98245E-05 9.98245E-05 9.98245E-05
9.97803E-05 9.97803E-05 9.97803E-05 9.97803E-05 0.127505 9.97803E-05 9.97803E-05 9.97803E-05 9.97803E-05 9.97803E-05 9.97803E-05 9.97803E-05 0.780463 9.97803E-05 9.97803E-05 9.97803E-05 9.97803E-05 9.97803E-05 9.97803E-05 9.97803E-05 0.0895378 9.97803E-05 9.97803E-05 9.97803E-05 9.97803E-05 9.97803E-05 9.97803E-05 9.97803E-05
9.97896E-05 9.97896E-05 9.97896E-05 9.97896E-05 9.97896E-05 9.97896E-05 9.97896E-05 9.97896E-05 9.97896E-05 9.97896E-05 9.97896E-05 9.97896E-05 0.911119 9.97896E-05 9.97896E-05 9.97896E-05 0.0624518 0.00508762 9.97896E-05 9.97896E-05 9.97896E-05 9.97896E-05 9.97896E-05 9.97896E-05 9.97896E-05 0.018947 9.97896E-05 9.97896E-05
9.97635E-05 9.97635E-05 9.97635E-05 9.97635E-05 9.97635E-05 9.97635E-05 9.97635E-05 9.97635E-05 9.97635E-05 9.97635E-05 0.997306 9.97635E-05 9.97635E-05 9.97635E-05 9.97635E-05 9.97635E-05 9.97635E-05 9.97635E-05 9.97635E-05 9.97635E-05 9.97635E-05 9.97635E-05 9.97635E-05 9.97635E-05 9.97635E-05 9.97635E-05 9.97635E-05 9.97635E-05
9.97631E-05 9.97631E-05 9.97631E-05 9.97631E-05 9.97631E-05 9.97631E-05 9.97631E-05 9.97631E-05 9.97631E-05 9.97631E-05 9.97631E-05 9.97631E-05 0.997306 9.97631E-05 9.97631E-05 9.97631E-05 9.97631E-05 9.97631E-05 9.97631E-05 9.97631E-05 9.97631E-05 9.97631E-05 9.97631E-05 9.97631E-05 9.97631E-05 9.97631E-05 9.97631E-05 9.97631E-05
9.97896E-05 9.97896E-05 9.97896E-05 9.97896E-05 9.97896E-05 0.0596415 9.97896E-05 9.97896E-05 9.97896E-05 0.038455 0.81769 9.97896E-05 0.0818181 9.97896E-05 9.97896E-05 9.97896E-05 9.97896E-05 9.97896E-05 9.97896E-05 9.97896E-05 9.97896E-05 9.97896E-05 9.97896E-05 9.97896E-05 9.97896E-05 9.97896E-05 9.97896E-05 9.97896E-05
9.97899E-05 9.97899E-05 9.97899E-05 9.97899E-05 9.97899E-05 9.97899E-05 9.97899E-05 9.97899E-05 0.204033 9.97899E-05 9.97899E-05 9.97899E-05 0.494276 9.97899E-05 9.97899E-05 9.97899E-05 9.97899E-05 0.196202 9.97899E-05 9.97899E-05 9.97899E-05 9.97899E-05 9.97899E-05 9.97899E-05 9.97899E-05 0.103094 9.97899E-05 9.97899E-05
9.97809E-05 9.97809E-05 9.97809E-05 9.97809E-05 9.97809E-05 9.97809E-05 9.97809E-05 9.97809E-05 9.97809E-05 9.97809E-05 9.97809E-05 9.97809E-05 9.97809E-05 0.85072 9.97809E-05 9.97809E-05 9.97809E-05 0.0761358 9.97809E-05 9.97809E-05 9.97809E-05 9.97809E-05 9.97809E-05 9.97809E-05 9.97809E-05 0.0706493 9.97809E-05 9.97809E-05
9.97721E-05 9.97721E-05 9.97721E-05 9.97721E-05 9.97721E-05 9.97721E-05 9.97721E-05 9.97721E-05 0.574461 9.97721E-05 9.97721E-05 9.97721E-05 9.97721E-05 0.422944 9.97721E-05 9.97721E-05 9.97721E-05 9.97721E-05 9.97721E-05 9.97721E-05 9.97721E-05 9.97721E-05 9.97721E-05 9.97721E-05 9.97721E-05 9.97721E-05 9.97721E-05 9.97721E-05
9.97895E-05 9.97895E-05 9.97895E-05 9.97895E-05 9.97895E-05 9.97895E-05 9.97895E-05 9.97895E-05 9.97895E-05 9.97895E-05 9.97895E-05 9.97895E-05 9.97895E-05 0.935036 9.97895E-05 9.97895E-05 9.97895E-05 9.97895E-05 0.0107035 9.97895E-05 9.97895E-05 9.97895E-05 9.97895E-05 0.0190535 9.97895E-05 0.0328123 9.97895E-05 9.97895E-05
9.97892E-05 9.97892E-05 9.97892E-05 9.97892E-05 9.97892E-05 0.016745 9.97892E-05 9.97892E-05 9.97892E-05 9.97892E-05 9.97892E-05 9.97892E-05 9.97892E-05 0.847085 9.97892E-05 9.97892E-05 9.97892E-05 0.01387 9.97892E-05 9.97892E-05 9.97892E-05 9.97892E-05 9.97892E-05 9.97892E-05 9.97892E-05 0.119905 9.97892E-05 9.97892E-05
9.97805E-05 9.97805E-05 9.97805E-05 9.97805E-05 9.97805E-05 9.97805E-05 9.97805E-05 9.97805E-05 9.97805E-05 9.97805E-05 9.97805E-05 9.97805E-05 9.97805E-05 0.943733 9.97805E-05 9.97805E-05 9.97805E-05 0.0509052 0.00286783 9.97805E-05 9.97805E-05 9.97805E-05 9.97805E-05 9.97805E-05 9.97805E-05 9.97805E-05 9.97805E-05 9.97805E-05
9.98071E-05 9.98071E-05 9.98071E-05 0.0128749 9.98071E-05 9.98071E-05 9.98071E-05 9.98071E-05 9.98071E-05 9.98071E-05 9.98071E-05 9.98071E-05 9.98071E-05 0.598559 9.98071E-05 9.98071E-05 0.0725539 0.156526 9.98071E-05 9.98071E-05 9.98071E-05 9.98071E-05 9.98071E-05 9.98071E-05 0.0332516 0.124038 9.98071E-05 9.98071E-05
9.98158E-05 9.98158E-05 9.98158E-05 9.98158E-05 0.053491 9.98158E-05 9.98158E-05 0.0226668 9.98158E-05 9.98158E-05 0.0378704 9.98158E-05 9.98158E-05 0.63729 9.98158E-05 0.0636792 9.98158E-05 0.116806 9.98158E-05 9.98158E-05 9.98158E-05 9.98158E-05 9.98158E-05 9.98158E-05 9.98158E-05 0.0661006 9.98158E-05 9.98158E-05
9.97719E-05 9.97719E-05 9.97719E-05 9.97719E-05 9.97719E-05 9.97719E-05 9.97719E-05 9.97719E-05 9.97719E-05 9.97719E-05 9.97719E-05 9.97719E-05 9.97719E-05 0.840773 9.97719E-05 9.97719E-05 9.97719E-05 0.156632 9.97719E-05 9.97719E-05 9.97719E-05 9.97719E-05 9.97719E-05 9.97719E-05 9.97719E-05 9.97719E-05 9.97719E-05 9.97719E-05
9.9798E-05 9.9798E-05 9.9798E-05 9.9798E-05 9.9798E-05 9.9798E-05 9.9798E-05 9.9798E-05 9.9798E-05 9.9798E-05 9.9798E-05 0.138846 9.9798E-05 0.293242 9.9798E-05 9.9798E-05 0.22193 0.325941 9.9798E-05 9.9798E-05 9.9798E-05 9.9798E-05 9.9798E-05 0.0177449 9.9798E-05 9.9798E-05 9.9798E-05 9.9798E-05
9.98157E-05 9.98157E-05 9.98157E-05 0.000797917 0.0389368 9.98157E-05 9.98157E-05 0.00846218 9.98157E-05 9.98157E-05 9.98157E-05 9.98157E-05 9.98157E-05 0.488287 9.98157E-05 9.98157E-05 9.98157E-05 0.231203 9.98157E-05 9.98157E-05 9.98157E-05 9.98157E-05 9.98157E-05 0.017865 9.98157E-05 0.212352 9.98157E-05 9.98157E-05
9.97984E-05 9.97984E-05 9.97984E-05 9.97984E-05 9.97984E-05 9.97984E-05 9.97984E-05 9.97984E-05 9.97984E-05 9.97984E-05 9.97984E-05 9.97984E-05 9.97984E-05 0.535894 0.270121 9.97984E-05 0.16876 9.97984E-05 9.97984E-05 9.97984E-05 0.00244246 9.97984E-05 9.97984E-05 9.97984E-05 9.97984E-05 0.0204882 9.97984E-05 9.97984E-05
9.98072E-05 9.98072E-05 0.00145956 9.98072E-05 9.98072E-05 9.98072E-05 9.98072E-05 9.98072E-05 0.151765 9.98072E-05 9.98072E-05 9.98072E-05 9.98072E-05 0.564352 9.98072E-05 9.98072E-05 0.151673 9.98072E-05 9.98072E-05 9.98072E-05 0.0499175 9.98072E-05 9.98072E-05 9.98072E-05 9.98072E-05 0.0786371 9.98072E-05 9.98072E-05
9.97986E-05 9.97986E-05 9.97986E-05 0.0330427 9.97986E-05 9.97986E-05 9.97986E-05 9.97986E-05 9.97986E-05 9.97986E-05 9.97986E-05 9.97986E-05 9.97986E-05 0.727896 0.0838278 9.97986E-05 9.97986E-05 0.137523 9.97986E-05 9.97986E-05 0.0154148 9.97986E-05 9.97986E-05 9.97986E-05 9.97986E-05 9.97986E-05 9.97986E-05 9.97986E-05
9.97985E-05 9.97985E-05 9.97985E-05 9.97985E-05 9.97985E-05 9.97985E-05 9.97985E-05 9.97985E-05 9.97985E-05 9.97985E-05 9.97985E-05 9.97985E-05 9.97985E-05 0.591765 0.126662 9.97985E-05 9.97985E-05 0.0975962 0.018819 9.97985E-05 9.97985E-05 9.97985E-05 9.97985E-05 9.97985E-05 9.97985E-05 0.162862 9.97985E-05 9.97985E-05
9.98158E-05 0.0242517 9.98158E-05 0.0135653 9.98158E-05 0.0755582 9.98158E-05 9.98158E-05 9.98158E-05 9.98158E-05 9.98158E-05 9.98158E-05 9.98158E-05 0.585709 0.14101 9.98158E-05 9.98158E-05 0.0684821 0.0893276 9.98158E-05 9.98158E-05 9.98158E-05 9.98158E-05 9.98158E-05 9.98158E-05 9.98158E-05 9.98158E-05 9.98158E-05
9.97983E-05 9.97983E-05 9.97983E-05 0.0770996 9.97983E-05 9.97983E-05 9.97983E-05 9.97983E-05 9.97983E-05 9.97983E-05 9.97983E-05 0.139495 9.97983E-05 0.656382 9.97983E-05 9.97983E-05 0.0119298 9.97983E-05 9.97983E-05 9.97983E-05 9.97983E-05 9.97983E-05 9.97983E-05 9.97983E-05 9.97983E-05 0.112798 9.97983E-05 9.97983E-05
9.98334E-05 9.98334E-05 0.0828442 9.98334E-05 9.98334E-05 0.0711436 9.98334E-05 0.0414792 9.98334E-05 9.98334E-05 9.98334E-05 9.98334E-05 9.98334E-05 0.289526 0.176055 0.00823868 0.183743 0.0873808 9.98334E-05 9.98334E-05 9.98334E-05 9.98334E-05 9.98334E-05 9.98334E-05 9.98334E-05 0.0576923 9.98334E-05 9.98334E-05
9.98248E-05 9.98248E-05 9.98248E-05 0.18051 9.98248E-05 9.98248E-05 9.98248E-05 0.0519942 0.0420457 9.98248E-05 9.98248E-05 0.011243 9.98248E-05 0.542377 9.98248E-05 9.98248E-05 9.98248E-05 0.103656 0.0538688 9.98248E-05 9.98248E-05 9.98248E-05 9.98248E-05 9.98248E-05 9.98248E-05 9.98248E-05 0.0123084 9.98248E-05
9.97896E-05 9.97896E-05 9.97896E-05 9.97896E-05 9.97896E-05 9.97896E-05 9.97896E-05 9.97896E-05 9.97896E-05 9.97896E-05 9.97896E-05 9.97896E-05 9.97896E-05 0.917328 0.0609721 9.97896E-05 0.00695416 9.97896E-05 9.97896E-05 9.97896E-05 0.0123505 9.97896E-05 9.97896E-05 9.97896E-05 9.97896E-05 9.97896E-05 9.97896E-05 9.97896E-05
9.98244E-05 0.0251254 0.0899299 9.98244E-05 9.98244E-05 9.98244E-05 9.98244E-05 9.98244E-05 0.406061 9.98244E-05 9.98244E-05 9.98244E-05 9.98244E-05 0.331204 9.98244E-05 9.98244E-05 9.98244E-05 0.066824 9.98244E-05 9.98244E-05 0.0147887 9.98244E-05 9.98244E-05 9.98244E-05 9.98244E-05 0.0420778 9.98244E-05 0.0219934
9.98159E-05 9.98159E-05 9.98159E-05 0.0822556 9.98159E-05 9.98159E-05 9.98159E-05 9.98159E-05 9.98159E-05 9.98159E-05 9.98159E-05 9.98159E-05 9.98159E-05 0.679398 0.0544957 9.98159E-05 0.168091 0.0116452 0.00026331 9.98159E-05 9.98159E-05 9.98159E-05 9.98159E-05 9.98159E-05 9.98159E-05 0.00175499 9.98159E-05 9.98159E-05
9.97807E-05 9.97807E-05 9.97807E-05 9.97807E-05 0.0287684 9.97807E-05 9.97807E-05 9.97807E-05 9.97807E-05 9.97807E-05 9.97807E-05 9.97807E-05 9.97807E-05 0.936568 9.97807E-05 9.97807E-05 9.97807E-05 0.0321693 9.97807E-05 9.97807E-05 9.97807E-05 9.97807E-05 9.97807E-05 9.97807E-05 9.97807E-05 9.97807E-05 9.97807E-05 9.97807E-05
9.98071E-05 9.98071E-05 0.0400867 9.98071E-05 9.98071E-05 9.98071E-05 9.98071E-05 9.98071E-05 9.98071E-05 9.98071E-05 9.98071E-05 9.98071E-05 9.98071E-05 0.375274 9.98071E-05 9.98071E-05 0.157601 0.19489 9.98071E-05 0.0405542 9.98071E-05 9.98071E-05 9.98071E-05 9.98071E-05 9.98071E-05 0.189399 9.98071E-05 9.98071E-05
9.98159E-05 9.98159E-05 9.98159E-05 9.98159E-05 9.98159E-05 9.98159E-05 9.98159E-05 9.98159E-05 0.0253644 9.98159E-05 9.98159E-05 9.98159E-05 9.98159E-05 0.650991 0.0845912 9.98159E-05 9.98159E-05 0.101699 9.98159E-05 9.98159E-05 0.0238059 9.98159E-05 9.98159E-05 0.106266 9.98159E-05 0.00518597 9.98159E-05 9.98159E-05
9.98071E-05 9.98071E-05 0.0260891 9.98071E-05 9.98071E-05 9.98071E-05 9.98071E-05 9.98071E-05 9.98071E-05 9.98071E-05 9.98071E-05 9.98071E-05 9.98071E-05 0.498894 9.98071E-05 9.98071E-05 0.00994222 0.175538 9.98071E-05 0.0550607 9.98071E-05 9.98071E-05 9.98071E-05 9.98071E-05 9.98071E-05 0.232281 9.98071E-05 9.98071E-05
9.98072E-05 9.98072E-05 9.98072E-05 9.98072E-05 0.0234874 9.98072E-05 9.98072E-05 9.98072E-05 9.98072E-05 9.98072E-05 0.0416003 9.98072E-05 9.98072E-05 0.377532 0.333821 9.98072E-05 9.98072E-05 0.0831757 9.98072E-05 9.98072E-05 9.98072E-05 9.98072E-05 9.98072E-05 9.98072E-05 9.98072E-05 0.138188 9.98072E-05 9.98072E-05
0.0402011 9.98246E-05 0.0134601 9.98246E-05 9.98246E-05 9.98246E-05 9.98246E-05 9.98246E-05 0.720889 9.98246E-05 9.98246E-05 9.98246E-05 9.98246E-05 0.0754896 9.98246E-05 9.98246E-05 9.98246E-05 9.98246E-05 0.0389468 9.98246E-05 9.98246E-05 0.0958244 9.98246E-05 9.98246E-05 9.98246E-05 0.00541217 9.98246E-05 0.00778035
9.98066E-05 0.000567216 9.98066E-05 9.98066E-05 9.98066E-05 9.98066E-05 9.98066E-05 9.98066E-05 9.98066E-05 9.98066E-05 9.98066E-05 9.98066E-05 9.98066E-05 0.881053 9.98066E-05 9.98066E-05 9.98066E-05 0.0741804 9.98066E-05 0.00895238 9.98066E-05 9.98066E-05 9.98066E-05 9.98066E-05 0.0318801 0.00117117 9.98066E-05 9.98066E-05
9.97898E-05 9.97898E-05 9.97898E-05 9.97898E-05 9.97898E-05 9.97898E-05 9.97898E-05 9.97898E-05 9.97898E-05 9.97898E-05 9.97898E-05 9.97898E-05 9.97898E-05 0.551873 9.97898E-05 9.97898E-05 0.0805066 0.221402 9.97898E-05 9.97898E-05 9.97898E-05 9.97898E-05 9.97898E-05 9.97898E-05 9.97898E-05 0.143824 9.97898E-05 9.97898E-05
9.97984E-05 9.97984E-05 0.0446663 9.97984E-05 9.97984E-05 9.97984E-05 9.97984E-05 9.97984E-05 9.97984E-05 9.97984E-05 9.97984E-05 9.97984E-05 9.97984E-05 0.762496 0.0520172 9.97984E-05 9.97984E-05 9.97984E-05 9.97984E-05 9.97984E-05 0.0308283 9.97984E-05 9.97984E-05 9.97984E-05 9.97984E-05 0.107697 9.97984E-05 9.97984E-05
9.98072E-05 0.0153191 9.98072E-05 9.98072E-05 9.98072E-05 9.98072E-05 9.98072E-05 9.98072E-05 9.98072E-05 9.98072E-05 9.98072E-05 9.98072E-05 9.98072E-05 0.685994 0.0387802 9.98072E-05 9.98072E-05 0.0147209 9.98072E-05 9.98072E-05 0.0709121 9.98072E-05 9.98072E-05 9.98072E-05 9.98072E-05 0.172078 9.98072E-05 9.98072E-05
9.9772E-05 9.9772E-05 9.9772E-05 9.9772E-05 9.9772E-05 9.9772E-05 9.9772E-05 9.9772E-05 9.9772E-05 9.9772E-05 9.9772E-05 9.9772E-05 9.9772E-05 0.902176 9.9772E-05 0.09523 9.9772E-05 9.9772E-05 9.9772E-05 9.9772E-05 9.9772E-05 9.9772E-05 9.9772E-05 9.9772E-05 9.9772E-05 9.9772E-05 9.9772E-05 9.9772E-05
0.0455531 9.97983E-05 0.141092 9.97983E-05 9.97983E-05 9.97983E-05 9.97983E-05 9.97983E-05 9.97983E-05 9.97983E-05 9.97983E-05 9.97983E-05 9.97983E-05 0.39496 9.97983E-05 9.97983E-05 9.97983E-05 0.283231 9.97983E-05 9.97983E-05 9.97983E-05 9.97983E-05 9.97983E-05 9.97983E-05 9.97983E-05 0.132869 9.97983E-05 9.97983E-05
9.9807E-05 9.9807E-05 0.0178129 9.9807E-05 9.9807E-05 9.9807E-05 9.9807E-05 0.0944156 9.9807E-05 9.9807E-05 9.9807E-05 0.0183288 9.9807E-05 0.798659 9.9807E-05 9.9807E-05 9.9807E-05 9.9807E-05 9.9807E-05 9.9807E-05 9.9807E-05 9.9807E-05 9.9807E-05 0.0391666 9.9807E-05 0.029421 9.9807E-05 9.9807E-05
9.97896E-05 9.97896E-05 9.97896E-05 9.97896E-05 9.97896E-05 9.97896E-05 9.97896E-05 9.97896E-05 9.97896E-05 9.97896E-05 9.97896E-05 9.97896E-05 9.97896E-05 0.841271 0.0535993 9.97896E-05 9.97896E-05 9.97896E-05 9.97896E-05 9.97896E-05 9.97896E-05 9.97896E-05 9.97896E-05 9.97896E-05 0.0317381 0.0709964 9.97896E-05 9.97896E-05
