9.98682E-05 0.0381625 9.98682E-05 0.0312651 9.98682E-05 9.98682E-05 0.28333 9.98682E-05 0.180708 0.0949503 9.98682E-05 9.98682E-05 9.98682E-05 0.00159446 9.98682E-05 9.98682E-05 9.98682E-05 0.298622 9.98682E-05 9.98682E-05 9.98682E-05 9.98682E-05 0.0698697
0.179022 9.98508E-05 9.98508E-05 0.0206954 9.98508E-05 9.98508E-05 0.095527 9.98508E-05 9.98508E-05 0.0146363 9.98508E-05 9.98508E-05 9.98508E-05 0.0630479 9.98508E-05 9.98508E-05 9.98508E-05 0.625374 9.98508E-05 9.98508E-05 9.98508E-05 9.98508E-05 9.98508E-05
9.9842E-05 0.0112406 9.9842E-05 9.9842E-05 9.9842E-05 9.9842E-05 9.9842E-05 0.0540054 9.9842E-05 0.0655368 9.9842E-05 9.9842E-05 9.9842E-05 9.9842E-05 9.9842E-05 9.9842E-05 0.0349701 0.83245 9.9842E-05 9.9842E-05 9.9842E-05 9.9842E-05 9.9842E-05
9.98772E-05 9.98772E-05 9.98772E-05 0.0716776 9.98772E-05 9.98772E-05 9.98772E-05 0.119487 0.176198 0.0567582 9.98772E-05 9.98772E-05 0.0374004 0.321599 9.98772E-05 9.98772E-05 0.0258151 0.171441 9.98772E-05 9.98772E-05 9.98772E-05 0.0182256 9.98772E-05
9.98421E-05 9.98421E-05 0.062329 9.98421E-05 9.98421E-05 9.98421E-05 9.98421E-05 0.055895 9.98421E-05 9.98421E-05 9.98421E-05 9.98421E-05 0.0605343 9.98421E-05 0.0093852 9.98421E-05 9.98421E-05 0.810059 9.98421E-05 9.98421E-05 9.98421E-05 9.98421E-05 9.98421E-05
0.0271782 9.98596E-05 0.188687 9.98596E-05 9.98596E-05 9.98596E-05 0.137091 0.218768 9.98596E-05 9.98596E-05 9.98596E-05 9.98596E-05 9.98596E-05 9.98596E-05 9.98596E-05 9.98596E-05 0.078655 0.207258 9.98596E-05 9.98596E-05 9.98596E-05 0.140766 9.98596E-05
0.113767 9.99036E-05 0.0470009 0.103112 0.053947 9.99036E-05 0.0858811 9.99036E-05 0.116626 0.0633699 9.99036E-05 0.017214 0.0504343 0.0154807 9.99036E-05 9.99036E-05 9.99036E-05 0.245037 9.99036E-05 9.99036E-05 0.0870307 9.99036E-05 9.99036E-05
9.9886E-05 9.9886E-05 0.070144 9.9886E-05 9.9886E-05 9.9886E-05 0.121979 0.116675 0.238186 9.9886E-05 9.9886E-05 9.9886E-05 0.0350169 9.9886E-05 9.9886E-05 9.9886E-05 0.0511384 0.109917 9.9886E-05 0.093869 9.9886E-05 0.108565 0.0532109
9.98595E-05 0.116025 9.98595E-05 9.98595E-05 9.98595E-05 9.98595E-05 9.98595E-05 9.98595E-05 0.00792772 0.281434 9.98595E-05 0.0304808 0.128073 9.98595E-05 9.98595E-05 9.98595E-05 9.98595E-05 0.268932 9.98595E-05 9.98595E-05 9.98595E-05 0.165529 9.98595E-05
9.98333E-05 9.98333E-05 0.0127758 9.98333E-05 9.98333E-05 9.98333E-05 9.98333E-05 9.98333E-05 9.98333E-05 0.106687 9.98333E-05 9.98333E-05 9.98333E-05 9.98333E-05 9.98333E-05 9.98333E-05 9.98333E-05 0.831828 0.0468129 9.98333E-05 9.98333E-05 9.98333E-05 9.98333E-05
9.98508E-05 9.98508E-05 9.98508E-05 0.150502 9.98508E-05 9.98508E-05 0.161559 9.98508E-05 0.0308714 0.179689 9.98508E-05 9.98508E-05 9.98508E-05 9.98508E-05 9.98508E-05 9.98508E-05 9.98508E-05 0.410649 9.98508E-05 9.98508E-05 9.98508E-05 0.0650323 9.98508E-05
9.98596E-05 9.98596E-05 0.00591567 0.0132978 9.98596E-05 9.98596E-05 9.98596E-05 9.98596E-05 9.98596E-05 9.98596E-05 9.98596E-05 9.98596E-05 9.98596E-05 0.0525494 9.98596E-05 9.98596E-05 0.0317327 0.855059 9.98596E-05 0.019517 9.98596E-05 0.0203309 9.98596E-05
9.98247E-05 9.98247E-05 9.98247E-05 9.98247E-05 9.98247E-05 9.98247E-05 9.98247E-05 9.98247E-05 0.179127 0.116952 9.98247E-05 9.98247E-05 9.98247E-05 9.98247E-05 9.98247E-05 9.98247E-05 9.98247E-05 0.701924 9.98247E-05 9.98247E-05 9.98247E-05 9.98247E-05 9.98247E-05
9.98684E-05 9.98684E-05 9.98684E-05 0.0643611 9.98684E-05 9.98684E-05 9.98684E-05 9.98684E-05 0.109917 0.0391829 0.229801 0.059545 9.98684E-05 9.98684E-05 9.98684E-05 0.0434362 9.98684E-05 0.441784 9.98684E-05 9.98684E-05 0.0104747 9.98684E-05 9.98684E-05
9.98858E-05 9.98858E-05 9.98858E-05 9.98858E-05 0.01085 9.98858E-05 0.190363 0.105978 0.0362271 0.141833 0.0427596 0.0764273 9.98858E-05 9.98858E-05 9.98858E-05 0.0210047 9.98858E-05 0.239826 9.98858E-05 9.98858E-05 9.98858E-05 0.133432 9.98858E-05
9.98947E-05 9.98947E-05 0.067672 9.98947E-05 0.0878485 9.98947E-05 0.0805943 9.98947E-05 0.0724635 0.16213 9.98947E-05 9.98947E-05 0.0142091 0.0184981 9.98947E-05 9.98947E-05 9.98947E-05 0.195064 9.98947E-05 0.107322 9.98947E-05 0.156724 0.0362762
0.0688034 9.9886E-05 9.9886E-05 0.0249118 0.0406374 0.0224389 9.9886E-05 9.9886E-05 9.9886E-05 0.0624586 0.188341 9.9886E-05 0.0160175 9.9886E-05 9.9886E-05 0.0334407 9.9886E-05 0.49163 9.9886E-05 9.9886E-05 9.9886E-05 9.9886E-05 0.0500226
9.98684E-05 9.98684E-05 9.98684E-05 9.98684E-05 9.98684E-05 9.98684E-05 0.22351 0.0641869 0.203341 0.0851842 9.98684E-05 9.98684E-05 0.0340745 9.98684E-05 0.074306 9.98684E-05 9.98684E-05 0.0988504 0.215049 9.98684E-05 9.98684E-05 9.98684E-05 9.98684E-05
9.98508E-05 9.98508E-05 0.145138 9.98508E-05 9.98508E-05 9.98508E-05 9.98508E-05 9.98508E-05 0.183652 0.19868 9.98508E-05 9.98508E-05 9.98508E-05 9.98508E-05 9.98508E-05 0.0544847 9.98508E-05 0.328599 9.98508E-05 9.98508E-05 9.98508E-05 0.0877494 9.98508E-05
9.98421E-05 9.98421E-05 0.0313716 9.98421E-05 0.0412077 9.98421E-05 9.98421E-05 9.98421E-05 9.98421E-05 0.0137236 9.98421E-05 9.98421E-05 9.98421E-05 9.98421E-05 0.00173522 9.98421E-05 9.98421E-05 0.910165 9.98421E-05 9.98421E-05 9.98421E-05 9.98421E-05 9.98421E-05
9.98771E-05 9.98771E-05 9.98771E-05 0.0550124 9.98771E-05 9.98771E-05 9.98771E-05 0.0190972 9.98771E-05 0.0438837 9.98771E-05 0.0166061 0.301821 0.058935 9.98771E-05 9.98771E-05 9.98771E-05 0.342011 9.98771E-05 0.060815 9.98771E-05 0.100421 9.98771E-05
9.98422E-05 9.98422E-05 0.159071 9.98422E-05 9.98422E-05 9.98422E-05 9.98422E-05 9.98422E-05 0.500708 9.98422E-05 9.98422E-05 9.98422E-05 9.98422E-05 9.98422E-05 9.98422E-05 9.98422E-05 0.067946 0.145157 9.98422E-05 9.98422E-05 9.98422E-05 0.125322 9.98422E-05
9.98596E-05 9.98596E-05 9.98596E-05 0.0120027 9.98596E-05 9.98596E-05 0.283136 0.1261 9.98596E-05 0.0598454 9.98596E-05 9.98596E-05 9.98596E-05 0.0114139 0.0116081 9.98596E-05 9.98596E-05 0.494296 9.98596E-05 9.98596E-05 9.98596E-05 9.98596E-05 9.98596E-05
9.98508E-05 0.0102345 9.98508E-05 9.98508E-05 9.98508E-05 9.98508E-05 0.0234885 9.98508E-05 0.37733 0.272358 9.98508E-05 9.98508E-05 9.98508E-05 9.98508E-05 9.98508E-05 9.98508E-05 9.98508E-05 0.279325 9.98508E-05 0.0355659 9.98508E-05 9.98508E-05 9.98508E-05
9.98683E-05 9.98683E-05 9.98683E-05 0.00625461 9.98683E-05 9.98683E-05 9.98683E-05 0.223767 0.044069 0.279938 9.98683E-05 9.98683E-05 9.98683E-05 0.0701689 0.00422622 0.114253 9.98683E-05 0.255825 9.98683E-05 9.98683E-05 9.98683E-05 9.98683E-05 9.98683E-05
9.98509E-05 9.98509E-05 9.98509E-05 9.98509E-05 9.98509E-05 9.98509E-05 9.98509E-05 0.0575298 0.0704553 0.118472 9.98509E-05 9.98509E-05 9.98509E-05 0.116887 9.98509E-05 9.98509E-05 9.98509E-05 0.634634 9.98509E-05 9.98509E-05 9.98509E-05 0.000324268 9.98509E-05
9.98684E-05 9.98684E-05 9.98684E-05 9.98684E-05 0.0422723 9.98684E-05 9.98684E-05 0.354751 0.362204 0.0751941 9.98684E-05 9.98684E-05 9.98684E-05 0.0415566 9.98684E-05 9.98684E-05 9.98684E-05 0.0212344 0.08865 0.0126395 9.98684E-05 9.98684E-05 9.98684E-05
9.98509E-05 9.98509E-05 9.98509E-05 9.98509E-05 9.98509E-05 0.0256067 9.98509E-05 0.0246857 0.0799254 0.0509728 9.98509E-05 9.98509E-05 9.98509E-05 0.163403 9.98509E-05 9.98509E-05 9.98509E-05 0.653709 9.98509E-05 9.98509E-05 9.98509E-05 9.98509E-05 9.98509E-05
9.9851E-05 9.9851E-05 9.9851E-05 9.9851E-05 9.9851E-05 9.9851E-05 0.119939 0.0973198 0.126717 0.165624 9.9851E-05 9.9851E-05 9.9851E-05 0.0148555 9.9851E-05 9.9851E-05 9.9851E-05 0.473847 9.9851E-05 9.9851E-05 9.9851E-05 9.9851E-05 9.9851E-05
9.98595E-05 0.0546496 9.98595E-05 0.00730245 9.98595E-05 9.98595E-05 9.98595E-05 9.98595E-05 9.98595E-05 9.98595E-05 0.323174 9.98595E-05 9.98595E-05 9.98595E-05 9.98595E-05 0.030007 9.98595E-05 0.530544 9.98595E-05 9.98595E-05 0.00485496 9.98595E-05 0.04787
9.98859E-05 9.98859E-05 0.0529484 0.0859023 0.018349 9.98859E-05 0.0951222 9.98859E-05 0.00324191 0.0185307 9.98859E-05 9.98859E-05 9.98859E-05 9.98859E-05 0.00369348 0.0938618 9.98859E-05 0.556511 9.98859E-05 9.98859E-05 9.98859E-05 0.0705407 9.98859E-05
9.98773E-05 9.98773E-05 0.0116814 0.103472 9.98773E-05 9.98773E-05 0.0575641 0.115523 0.0479543 0.0853756 9.98773E-05 9.98773E-05 0.0693186 0.0266917 9.98773E-05 9.98773E-05 9.98773E-05 0.48102 9.98773E-05 9.98773E-05 9.98773E-05 9.98773E-05 9.98773E-05
9.98684E-05 9.98684E-05 9.98684E-05 0.0697692 9.98684E-05 9.98684E-05 0.125297 0.10992 0.150208 0.10675 9.98684E-05 9.98684E-05 9.98684E-05 0.0677844 9.98684E-05 9.98684E-05 9.98684E-05 0.34703 9.98684E-05 0.0217436 9.98684E-05 9.98684E-05 9.98684E-05
9.98684E-05 9.98684E-05 9.98684E-05 0.0732205 9.98684E-05 0.014421 9.98684E-05 0.226412 0.0170579 0.139497 9.98684E-05 9.98684E-05 9.98684E-05 0.0547131 9.98684E-05 9.98684E-05 9.98684E-05 0.451071 9.98684E-05 0.02211 9.98684E-05 9.98684E-05 9.98684E-05
0.0867636 9.98772E-05 0.0273896 0.0581643 9.98772E-05 9.98772E-05 0.0246642 9.98772E-05 0.0310644 0.0393184 9.98772E-05 9.98772E-05 9.98772E-05 9.98772E-05 0.0482931 9.98772E-05 9.98772E-05 0.681616 9.98772E-05 9.98772E-05 9.98772E-05 0.00132767 9.98772E-05
0.0207121 0.00990093 9.98772E-05 0.00807096 9.98772E-05 9.98772E-05 0.0641559 9.98772E-05 0.0764848 0.0462551 9.98772E-05 9.98772E-05 9.98772E-05 0.17107 9.98772E-05 9.98772E-05 9.98772E-05 0.569241 9.98772E-05 9.98772E-05 9.98772E-05 0.0327115 9.98772E-05
0.00379153 9.98247E-05 0.213975 9.98247E-05 9.98247E-05 9.98247E-05 9.98247E-05 9.98247E-05 9.98247E-05 9.98247E-05 9.98247E-05 9.98247E-05 9.98247E-05 9.98247E-05 9.98247E-05 9.98247E-05 9.98247E-05 0.780237 9.98247E-05 9.98247E-05 9.98247E-05 9.98247E-05 9.98247E-05
0.0470021 9.98596E-05 9.98596E-05 9.98596E-05 9.98596E-05 9.98596E-05 9.98596E-05 9.98596E-05 9.98596E-05 0.0810032 0.012503 9.98596E-05 9.98596E-05 0.0671195 0.0303331 9.98596E-05 9.98596E-05 0.60845 9.98596E-05 9.98596E-05 9.98596E-05 0.151992 9.98596E-05
0.0427884 9.98597E-05 9.98597E-05 0.0209995 9.98597E-05 9.98597E-05 9.98597E-05 9.98597E-05 0.0510308 0.150994 0.170263 9.98597E-05 9.98597E-05 9.98597E-05 9.98597E-05 9.98597E-05 0.103428 0.458898 9.98597E-05 9.98597E-05 9.98597E-05 9.98597E-05 9.98597E-05
9.98596E-05 9.98596E-05 0.029531 9.98596E-05 9.98596E-05 9.98596E-05 9.98596E-05 0.161351 0.0223008 0.151637 9.98596E-05 9.98596E-05 9.98596E-05 9.98596E-05 9.98596E-05 9.98596E-05 9.98596E-05 0.509609 9.98596E-05 0.117808 0.00616487 9.98596E-05 9.98596E-05
9.98421E-05 9.98421E-05 0.0140346 0.00748672 9.98421E-05 9.98421E-05 9.98421E-05 9.98421E-05 0.163704 0.0751584 9.98421E-05 9.98421E-05 9.98421E-05 9.98421E-05 9.98421E-05 9.98421E-05 9.98421E-05 0.737819 9.98421E-05 9.98421E-05 9.98421E-05 9.98421E-05 9.98421E-05
9.98335E-05 0.0488542 9.98335E-05 9.98335E-05 9.98335E-05 9.98335E-05 9.98335E-05 9.98335E-05 0.289275 0.112221 9.98335E-05 9.98335E-05 9.98335E-05 9.98335E-05 9.98335E-05 9.98335E-05 9.98335E-05 0.547753 9.98335E-05 9.98335E-05 9.98335E-05 9.98335E-05 9.98335E-05
9.98333E-05 9.98333E-05 0.0561879 9.98333E-05 9.98333E-05 9.98333E-05 9.98333E-05 9.98333E-05 0.122214 9.98333E-05 0.21353 9.98333E-05 9.98333E-05 9.98333E-05 9.98333E-05 9.98333E-05 9.98333E-05 0.606171 9.98333E-05 9.98333E-05 9.98333E-05 9.98333E-05 9.98333E-05
9.98597E-05 0.0453727 9.98597E-05 0.0306157 9.98597E-05 9.98597E-05 0.249576 9.98597E-05 0.0954421 0.182227 9.98597E-05 9.98597E-05 9.98597E-05 9.98597E-05 9.98597E-05 9.98597E-05 9.98597E-05 0.286814 9.98597E-05 9.98597E-05 9.98597E-05 0.108354 9.98597E-05
9.98422E-05 9.98422E-05 0.0149251 9.98422E-05 0.156754 9.98422E-05 9.98422E-05 9.98422E-05 0.516498 0.127797 9.98422E-05 9.98422E-05 9.98422E-05 9.98422E-05 9.98422E-05 9.98422E-05 9.98422E-05 0.182229 9.98422E-05 9.98422E-05 9.98422E-05 9.98422E-05 9.98422E-05
9.98508E-05 9.98508E-05 0.0301605 9.98508E-05 9.98508E-05 9.98508E-05 9.98508E-05 9.98508E-05 0.0379346 0.0448403 9.98508E-05 9.98508E-05 9.98508E-05 0.00527582 0.0477937 9.98508E-05 9.98508E-05 0.832298 9.98508E-05 9.98508E-05 9.98508E-05 9.98508E-05 9.98508E-05
9.98509E-05 9.98509E-05 9.98509E-05 0.0159562 9.98509E-05 9.98509E-05 9.98509E-05 9.98509E-05 9.98509E-05 0.0827021 9.98509E-05 9.98509E-05 9.98509E-05 0.104975 9.98509E-05 9.98509E-05 9.98509E-05 0.751486 0.0201263 9.98509E-05 9.98509E-05 0.0230568 9.98509E-05
9.98421E-05 9.98421E-05 9.98421E-05 9.98421E-05 9.98421E-05 9.98421E-05 0.130919 9.98421E-05 9.98421E-05 9.98421E-05 9.98421E-05 9.98421E-05 9.98421E-05 9.98421E-05 9.98421E-05 9.98421E-05 0.0274922 0.818424 9.98421E-05 0.0158796 0.00548777 9.98421E-05 9.98421E-05
9.98595E-05 9.98595E-05 0.0207976 0.0265265 9.98595E-05 9.98595E-05 0.0543827 9.98595E-05 0.163785 0.11889 9.98595E-05 9.98595E-05 9.98595E-05 0.0199741 9.98595E-05 9.98595E-05 9.98595E-05 0.594047 9.98595E-05 9.98595E-05 9.98595E-05 9.98595E-05 9.98595E-05
9.98687E-05 9.98687E-05 9.98687E-05 0.0783449 9.98687E-05 9.98687E-05 9.98687E-05 0.0084324 9.98687E-05 9.98687E-05 9.98687E-05 9.98687E-05 9.98687E-05 9.98687E-05 9.98687E-05 0.0238684 0.0188187 0.654168 0.109047 9.98687E-05 0.0359878 0.0698356 9.98687E-05
9.98947E-05 0.0364712 0.00413929 0.133181 9.98947E-05 9.98947E-05 0.0419155 0.116258 0.0720103 0.198212 9.98947E-05 0.0136621 9.98947E-05 0.0498947 9.98947E-05 9.98947E-05 9.98947E-05 0.244808 9.98947E-05 9.98947E-05 9.98947E-05 0.0882493 9.98947E-05
9.9851E-05 0.0604127 9.9851E-05 9.9851E-05 9.9851E-05 9.9851E-05 9.9851E-05 9.9851E-05 0.27563 9.9851E-05 9.9851E-05 9.9851E-05 9.9851E-05 0.0693475 0.0159212 9.9851E-05 9.9851E-05 0.531976 0.0450155 9.9851E-05 9.9851E-05 9.9851E-05 9.9851E-05
9.98597E-05 9.98597E-05 9.98597E-05 9.98597E-05 9.98597E-05 9.98597E-05 9.98597E-05 0.0105263 0.0251912 0.0213141 9.98597E-05 9.98597E-05 9.98597E-05 9.98597E-05 9.98597E-05 0.046189 9.98597E-05 0.798421 0.0577336 9.98597E-05 0.0390268 9.98597E-05 9.98597E-05
9.9886E-05 9.9886E-05 9.9886E-05 9.9886E-05 9.9886E-05 9.9886E-05 9.9886E-05 0.00537844 0.00908475 0.06796 9.9886E-05 0.0103825 9.9886E-05 9.9886E-05 0.0950024 9.9886E-05 0.0313194 0.556212 9.9886E-05 0.127741 0.0700708 0.0255509 9.9886E-05
9.98303E-05 9.98303E-05 9.98303E-05 0.0170004 9.98303E-05 9.98303E-05 9.98303E-05 9.98303E-05 9.98303E-05 0.0566375 9.98303E-05 9.98303E-05 9.98303E-05 9.98303E-05 0.0795369 0.106716 0.0838302 0.654582 9.98303E-05 9.98303E-05 9.98303E-05 9.98303E-05 9.98303E-05
9.98422E-05 9.98422E-05 0.0494185 9.98422E-05 9.98422E-05 9.98422E-05 0.0239196 0.142715 9.98422E-05 9.98422E-05 9.98422E-05 9.98422E-05 9.98422E-05 9.98422E-05 0.108641 9.98422E-05 9.98422E-05 0.673509 9.98422E-05 9.98422E-05 9.98422E-05 9.98422E-05 9.98422E-05
0.0978446 9.98596E-05 0.016939 0.0573015 9.98596E-05 9.98596E-05 9.98596E-05 9.98596E-05 0.058972 0.031614 9.98596E-05 9.98596E-05 9.98596E-05 9.98596E-05 9.98596E-05 9.98596E-05 9.98596E-05 0.64474 0.0909915 9.98596E-05 9.98596E-05 9.98596E-05 9.98596E-05
9.98511E-05 9.98511E-05 9.98511E-05 9.98511E-05 0.107408 9.98511E-05 9.98511E-05 9.98511E-05 9.98511E-05 0.152986 9.98511E-05 9.98511E-05 9.98511E-05 0.0520694 9.98511E-05 9.98511E-05 9.98511E-05 0.656034 0.0104303 9.98511E-05 9.98511E-05 9.98511E-05 0.0193739
0.0105547 9.98596E-05 9.98596E-05 0.0363746 9.98596E-05 9.98596E-05 9.98596E-05 9.98596E-05 0.019389 9.98596E-05 9.98596E-05 9.98596E-05 9.98596E-05 0.0108868 9.98596E-05 9.98596E-05 9.98596E-05 0.827188 9.98596E-05 9.98596E-05 0.0578155 0.0361939 9.98596E-05
9.98332E-05 9.98332E-05 9.98332E-05 9.98332E-05 9.98332E-05 9.98332E-05 0.632399 0.167361 9.98332E-05 0.152976 9.98332E-05 9.98332E-05 9.98332E-05 9.98332E-05 9.98332E-05 9.98332E-05 9.98332E-05 9.98332E-05 9.98332E-05 9.98332E-05 9.98332E-05 0.0453678 9.98332E-05
9.98336E-05 9.98336E-05 0.0125809 9.98336E-05 9.98336E-05 9.98336E-05 0.918624 9.98336E-05 9.98336E-05 9.98336E-05 9.98336E-05 9.98336E-05 9.98336E-05 0.0317241 9.98336E-05 9.98336E-05 9.98336E-05 9.98336E-05 9.98336E-05 0.0351743 9.98336E-05 9.98336E-05 9.98336E-05
9.98333E-05 9.98333E-05 9.98333E-05 9.98333E-05 9.98333E-05 9.98333E-05 0.915572 9.98333E-05 9.98333E-05 9.98333E-05 0.0334248 9.98333E-05 9.98333E-05 9.98333E-05 9.98333E-05 9.98333E-05 9.98333E-05 9.98333E-05 0.039179 9.98333E-05 0.00992757 9.98333E-05 9.98333E-05
0.279063 9.98771E-05 9.98771E-05 0.0022177 9.98771E-05 9.98771E-05 0.296855 0.160239 9.98771E-05 0.0215227 9.98771E-05 9.98771E-05 9.98771E-05 9.98771E-05 9.98771E-05 0.00525241 9.98771E-05 9.98771E-05 0.0285927 9.98771E-05 0.0836091 0.121251 9.98771E-05
9.98681E-05 9.98681E-05 0.0579969 9.98681E-05 9.98681E-05 9.98681E-05 0.613086 9.98681E-05 0.0353965 0.0961884 9.98681E-05 9.98681E-05 9.98681E-05 9.98681E-05 0.0664881 9.98681E-05 0.00266096 9.98681E-05 9.98681E-05 9.98681E-05 0.0677046 0.0589805 9.98681E-05
9.98507E-05 9.98507E-05 9.98507E-05 9.98507E-05 9.98507E-05 9.98507E-05 0.591593 9.98507E-05 0.0871284 0.152021 9.98507E-05 0.0744252 9.98507E-05 9.98507E-05 9.98507E-05 9.98507E-05 9.98507E-05 9.98507E-05 9.98507E-05 9.98507E-05 9.98507E-05 0.0684674 0.0246679
0.261596 9.98418E-05 9.98418E-05 9.98418E-05 9.98418E-05 9.98418E-05 0.495117 9.98418E-05 9.98418E-05 0.0884626 9.98418E-05 9.98418E-05 0.0868301 9.98418E-05 9.98418E-05 9.98418E-05 9.98418E-05 9.98418E-05 9.98418E-05 9.98418E-05 9.98418E-05 0.0661973 9.98418E-05
0.0578999 9.98681E-05 0.00638667 9.98681E-05 9.98681E-05 9.98681E-05 0.573941 0.13609 9.98681E-05 0.0222647 9.98681E-05 9.98681E-05 9.98681E-05 9.98681E-05 9.98681E-05 9.98681E-05 9.98681E-05 9.98681E-05 0.150135 9.98681E-05 0.0113666 0.0404183 9.98681E-05
0.0685326 9.98246E-05 9.98246E-05 9.98246E-05 9.98246E-05 0.00212664 0.927344 9.98246E-05 9.98246E-05 9.98246E-05 9.98246E-05 9.98246E-05 9.98246E-05 9.98246E-05 9.98246E-05 9.98246E-05 9.98246E-05 9.98246E-05 9.98246E-05 9.98246E-05 9.98246E-05 9.98246E-05 9.98246E-05
9.98244E-05 9.98244E-05 9.98244E-05 0.0504133 9.98244E-05 9.98244E-05 0.908743 9.98244E-05 9.98244E-05 9.98244E-05 9.98244E-05 9.98244E-05 9.98244E-05 0.0388471 9.98244E-05 9.98244E-05 9.98244E-05 9.98244E-05 9.98244E-05 9.98244E-05 9.98244E-05 9.98244E-05 9.98244E-05
9.98506E-05 9.98506E-05 0.0336726 0.184738 0.00877847 9.98506E-05 0.455533 9.98506E-05 9.98506E-05 0.271531 9.98506E-05 9.98506E-05 9.98506E-05 9.98506E-05 9.98506E-05 9.98506E-05 9.98506E-05 9.98506E-05 9.98506E-05 9.98506E-05 9.98506E-05 0.0440492 9.98506E-05
0.0134372 9.99209E-05 0.0184108 0.0374026 9.99209E-05 9.99209E-05 0.442588 9.99209E-05 0.201755 0.0350492 9.99209E-05 0.0856631 9.99209E-05 0.0256892 0.000714139 0.043918 9.99209E-05 9.99209E-05 9.99209E-05 0.000499058 0.0187213 0.00987996 0.0653724
9.98681E-05 9.98681E-05 0.0317305 0.0111564 9.98681E-05 9.98681E-05 0.472916 0.0655725 9.98681E-05 9.98681E-05 9.98681E-05 9.98681E-05 9.98681E-05 9.98681E-05 9.98681E-05 9.98681E-05 0.0605917 9.98681E-05 9.98681E-05 0.06309 9.98681E-05 0.126427 0.167018
9.9842E-05 9.9842E-05 0.00910736 9.9842E-05 9.9842E-05 9.9842E-05 0.517511 9.9842E-05 0.169821 0.294186 9.9842E-05 9.9842E-05 9.9842E-05 9.9842E-05 9.9842E-05 9.9842E-05 9.9842E-05 9.9842E-05 9.9842E-05 9.9842E-05 0.00757829 9.9842E-05 9.9842E-05
9.9825E-05 9.9825E-05 9.9825E-05 0.12178 9.9825E-05 9.9825E-05 0.833769 0.0424551 9.9825E-05 9.9825E-05 9.9825E-05 9.9825E-05 9.9825E-05 9.9825E-05 9.9825E-05 9.9825E-05 9.9825E-05 9.9825E-05 9.9825E-05 9.9825E-05 9.9825E-05 9.9825E-05 9.9825E-05
9.98334E-05 9.98334E-05 9.98334E-05 0.00670958 9.98334E-05 9.98334E-05 0.911162 9.98334E-05 9.98334E-05 9.98334E-05 9.98334E-05 9.98334E-05 9.98334E-05 0.0654759 9.98334E-05 9.98334E-05 9.98334E-05 9.98334E-05 9.98334E-05 9.98334E-05 9.98334E-05 0.0147558 9.98334E-05
9.9833E-05 9.9833E-05 0.135163 9.9833E-05 9.9833E-05 9.9833E-05 0.634935 0.11613 9.9833E-05 9.9833E-05 9.9833E-05 9.9833E-05 9.9833E-05 9.9833E-05 9.9833E-05 9.9833E-05 9.9833E-05 9.9833E-05 9.9833E-05 9.9833E-05 0.111875 9.9833E-05 9.9833E-05
9.98595E-05 9.98595E-05 0.0279961 0.109013 9.98595E-05 9.98595E-05 0.583246 9.98595E-05 0.0954123 9.98595E-05 9.98595E-05 9.98595E-05 9.98595E-05 0.072016 9.98595E-05 9.98595E-05 9.98595E-05 9.98595E-05 9.98595E-05 9.98595E-05 9.98595E-05 0.0616026 0.0491168
9.98508E-05 9.98508E-05 0.0388423 0.0385515 9.98508E-05 9.98508E-05 0.776216 9.98508E-05 9.98508E-05 9.98508E-05 9.98508E-05 9.98508E-05 9.98508E-05 0.013245 9.98508E-05 9.98508E-05 9.98508E-05 9.98508E-05 0.0946863 9.98508E-05 9.98508E-05 0.0367616 9.98508E-05
9.98329E-05 9.98329E-05 9.98329E-05 0.0202697 9.98329E-05 9.98329E-05 0.637311 9.98329E-05 9.98329E-05 0.250463 9.98329E-05 9.98329E-05 9.98329E-05 9.98329E-05 9.98329E-05 9.98329E-05 9.98329E-05 9.98329E-05 9.98329E-05 0.0900592 9.98329E-05 9.98329E-05 9.98329E-05
9.98336E-05 9.98336E-05 9.98336E-05 9.98336E-05 9.98336E-05 9.98336E-05 0.901167 9.98336E-05 9.98336E-05 0.0136799 0.0561524 9.98336E-05 9.98336E-05 9.98336E-05 9.98336E-05 9.98336E-05 9.98336E-05 9.98336E-05 9.98336E-05 9.98336E-05 0.027104 9.98336E-05 9.98336E-05
0.0110908 9.98331E-05 9.98331E-05 9.98331E-05 9.98331E-05 9.98331E-05 0.639814 9.98331E-05 0.243728 0.10347 9.98331E-05 9.98331E-05 9.98331E-05 9.98331E-05 9.98331E-05 9.98331E-05 9.98331E-05 9.98331E-05 9.98331E-05 9.98331E-05 9.98331E-05 9.98331E-05 9.98331E-05
0.0432267 9.9851E-05 9.9851E-05 9.9851E-05 9.9851E-05 9.9851E-05 0.663357 0.226121 0.0138261 0.0262227 9.9851E-05 0.0255494 9.9851E-05 9.9851E-05 9.9851E-05 9.9851E-05 9.9851E-05 9.9851E-05 9.9851E-05 9.9851E-05 9.9851E-05 9.9851E-05 9.9851E-05
9.98595E-05 0.0487435 0.184448 9.98595E-05 0.0389773 9.98595E-05 0.639822 9.98595E-05 9.98595E-05 0.0484101 9.98595E-05 9.98595E-05 0.0165771 9.98595E-05 9.98595E-05 9.98595E-05 9.98595E-05 9.98595E-05 9.98595E-05 9.98595E-05 0.0214237 9.98595E-05 9.98595E-05
9.98593E-05 9.98593E-05 0.0204362 0.02763 9.98593E-05 9.98593E-05 0.831244 9.98593E-05 9.98593E-05 0.00608677 9.98593E-05 9.98593E-05 9.98593E-05 0.00721199 9.98593E-05 9.98593E-05 9.98593E-05 9.98593E-05 9.98593E-05 9.98593E-05 9.98593E-05 0.00445003 0.101343
0.00842721 9.98423E-05 9.98423E-05 9.98423E-05 9.98423E-05 9.98423E-05 0.905174 9.98423E-05 9.98423E-05 0.0199369 0.0407367 9.98423E-05 9.98423E-05 9.98423E-05 9.98423E-05 9.98423E-05 9.98423E-05 9.98423E-05 9.98423E-05 9.98423E-05 9.98423E-05 0.0239279 9.98423E-05
9.9816E-05 9.9816E-05 9.9816E-05 9.9816E-05 9.9816E-05 9.9816E-05 0.983194 9.9816E-05 9.9816E-05 9.9816E-05 9.9816E-05 9.9816E-05 9.9816E-05 9.9816E-05 9.9816E-05 9.9816E-05 9.9816E-05 9.9816E-05 9.9816E-05 9.9816E-05 0.0147095 9.9816E-05 9.9816E-05
9.98071E-05 9.98071E-05 9.98071E-05 9.98071E-05 9.98071E-05 9.98071E-05 0.997804 9.98071E-05 9.98071E-05 9.98071E-05 9.98071E-05 9.98071E-05 9.98071E-05 9.98071E-05 9.98071E-05 9.98071E-05 9.98071E-05 9.98071E-05 9.98071E-05 9.98071E-05 9.98071E-05 9.98071E-05 9.98071E-05
9.98245E-05 9.98245E-05 9.98245E-05 9.98245E-05 9.98245E-05 9.98245E-05 0.885551 9.98245E-05 9.98245E-05 9.98245E-05 9.98245E-05 9.98245E-05 9.98245E-05 9.98245E-05 9.98245E-05 9.98245E-05 9.98245E-05 9.98245E-05 0.071715 9.98245E-05 9.98245E-05 0.0407376 9.98245E-05
9.98333E-05 9.98333E-05 9.98333E-05 9.98333E-05 9.98333E-05 9.98333E-05 0.527566 9.98333E-05 9.98333E-05 0.0967384 0.302967 9.98333E-05 9.98333E-05 9.98333E-05 9.98333E-05 9.98333E-05 9.98333E-05 9.98333E-05 9.98333E-05 9.98333E-05 9.98333E-05 0.0708312 9.98333E-05
9.98246E-05 9.98246E-05 9.98246E-05 9.98246E-05 9.98246E-05 9.98246E-05 9.98246E-05 0.816649 9.98246E-05 0.0610943 9.98246E-05 9.98246E-05 9.98246E-05 9.98246E-05 9.98246E-05 9.98246E-05 9.98246E-05 9.98246E-05 9.98246E-05 9.98246E-05 9.98246E-05 0.12026 9.98246E-05
9.98246E-05 9.98246E-05 9.98246E-05 9.98246E-05 9.98246E-05 9.98246E-05 9.98246E-05 0.39476 9.98246E-05 0.0477378 0.555506 9.98246E-05 9.98246E-05 9.98246E-05 9.98246E-05 9.98246E-05 9.98246E-05 9.98246E-05 9.98246E-05 9.98246E-05 9.98246E-05 9.98246E-05 9.98246E-05
9.98333E-05 9.98333E-05 9.98333E-05 9.98333E-05 9.98333E-05 9.98333E-05 9.98333E-05 0.871795 9.98333E-05 0.109089 9.98333E-05 9.98333E-05 9.98333E-05 9.98333E-05 9.98333E-05 0.00463873 0.01258 9.98333E-05 9.98333E-05 9.98333E-05 9.98333E-05 9.98333E-05 9.98333E-05
9.98331E-05 9.98331E-05 9.98331E-05 0.0425917 9.98331E-05 9.98331E-05 9.98331E-05 0.796713 9.98331E-05 0.130485 9.98331E-05 9.98331E-05 9.98331E-05 9.98331E-05 9.98331E-05 9.98331E-05 9.98331E-05 9.98331E-05 9.98331E-05 9.98331E-05 9.98331E-05 0.0283137 9.98331E-05
9.98244E-05 0.0195767 9.98244E-05 9.98244E-05 9.98244E-05 9.98244E-05 9.98244E-05 0.95602 9.98244E-05 9.98244E-05 9.98244E-05 9.98244E-05 9.98244E-05 9.98244E-05 9.98244E-05 9.98244E-05 9.98244E-05 9.98244E-05 9.98244E-05 9.98244E-05 9.98244E-05 0.0224068 9.98244E-05
0.0370398 9.98422E-05 9.98422E-05 9.98422E-05 9.98422E-05 9.98422E-05 9.98422E-05 0.614663 9.98422E-05 0.213764 0.0144072 9.98422E-05 9.98422E-05 9.98422E-05 9.98422E-05 9.98422E-05 9.98422E-05 9.98422E-05 9.98422E-05 9.98422E-05 9.98422E-05 0.118329 9.98422E-05
9.98509E-05 9.98509E-05 9.98509E-05 0.0392006 9.98509E-05 9.98509E-05 9.98509E-05 0.705909 0.0550199 0.0829657 9.98509E-05 9.98509E-05 9.98509E-05 9.98509E-05 9.98509E-05 9.98509E-05 9.98509E-05 9.98509E-05 0.0314921 9.98509E-05 9.98509E-05 0.0837148 9.98509E-05
9.98245E-05 9.98245E-05 9.98245E-05 9.98245E-05 9.98245E-05 9.98245E-05 9.98245E-05 0.80705 9.98245E-05 0.0241712 9.98245E-05 9.98245E-05 9.98245E-05 9.98245E-05 9.98245E-05 9.98245E-05 9.98245E-05 9.98245E-05 9.98245E-05 9.98245E-05 9.98245E-05 0.166782 9.98245E-05
0.260486 9.98331E-05 9.98331E-05 9.98331E-05 9.98331E-05 9.98331E-05 9.98331E-05 0.418647 9.98331E-05 9.98331E-05 9.98331E-05 9.98331E-05 9.98331E-05 9.98331E-05 9.98331E-05 0.0212312 9.98331E-05 9.98331E-05 9.98331E-05 9.98331E-05 9.98331E-05 0.297739 9.98331E-05
9.98421E-05 9.98421E-05 9.98421E-05 9.98421E-05 9.98421E-05 9.98421E-05 9.98421E-05 0.534467 9.98421E-05 0.142325 9.98421E-05 9.98421E-05 9.98421E-05 9.98421E-05 9.98421E-05 0.123865 9.98421E-05 9.98421E-05 9.98421E-05 9.98421E-05 9.98421E-05 0.138587 0.0589584
0.20886 9.98333E-05 9.98333E-05 9.98333E-05 9.98333E-05 0.347775 9.98333E-05 0.40171 9.98333E-05 9.98333E-05 9.98333E-05 9.98333E-05 9.98333E-05 9.98333E-05 9.98333E-05 9.98333E-05 9.98333E-05 9.98333E-05 9.98333E-05 9.98333E-05 9.98333E-05 0.0397582 9.98333E-05
0.125032 9.98422E-05 9.98422E-05 9.98422E-05 9.98422E-05 0.119572 9.98422E-05 0.704561 9.98422E-05 0.0304168 9.98422E-05 9.98422E-05 9.98422E-05 9.98422E-05 0.0186205 9.98422E-05 9.98422E-05 9.98422E-05 9.98422E-05 9.98422E-05 9.98422E-05 9.98422E-05 9.98422E-05
9.98248E-05 9.98248E-05 9.98248E-05 9.98248E-05 9.98248E-05 0.0634751 9.98248E-05 0.877976 9.98248E-05 9.98248E-05 9.98248E-05 9.98248E-05 9.98248E-05 9.98248E-05 9.98248E-05 9.98248E-05 9.98248E-05 9.98248E-05 9.98248E-05 9.98248E-05 9.98248E-05 0.0565521 9.98248E-05
9.98334E-05 9.98334E-05 9.98334E-05 9.98334E-05 9.98334E-05 0.172896 9.98334E-05 0.528333 9.98334E-05 0.151276 9.98334E-05 9.98334E-05 9.98334E-05 9.98334E-05 9.98334E-05 9.98334E-05 9.98334E-05 9.98334E-05 9.98334E-05 9.98334E-05 9.98334E-05 0.145598 9.98334E-05
9.9851E-05 9.9851E-05 9.9851E-05 9.9851E-05 0.0530112 9.9851E-05 9.9851E-05 0.752133 9.9851E-05 9.9851E-05 9.9851E-05 9.9851E-05 9.9851E-05 9.9851E-05 9.9851E-05 9.9851E-05 0.044649 9.9851E-05 0.0579048 9.9851E-05 9.9851E-05 0.0624678 0.0281371
0.108398 9.98509E-05 9.98509E-05 0.0161172 0.124526 9.98509E-05 9.98509E-05 0.659408 9.98509E-05 0.0448154 0.0450381 9.98509E-05 9.98509E-05 9.98509E-05 9.98509E-05 9.98509E-05 9.98509E-05 9.98509E-05 9.98509E-05 9.98509E-05 9.98509E-05 9.98509E-05 9.98509E-05
0.213898 9.98421E-05 9.98421E-05 9.98421E-05 9.98421E-05 0.0174862 9.98421E-05 0.657969 9.98421E-05 0.0991408 9.98421E-05 9.98421E-05 9.98421E-05 9.98421E-05 0.0097088 9.98421E-05 9.98421E-05 9.98421E-05 9.98421E-05 9.98421E-05 9.98421E-05 9.98421E-05 9.98421E-05
9.98336E-05 9.98336E-05 9.98336E-05 9.98336E-05 0.145823 9.98336E-05 9.98336E-05 0.708541 0.0845138 9.98336E-05 9.98336E-05 9.98336E-05 9.98336E-05 9.98336E-05 9.98336E-05 9.98336E-05 9.98336E-05 9.98336E-05 9.98336E-05 9.98336E-05 9.98336E-05 0.059225 9.98336E-05
9.98421E-05 9.98421E-05 9.98421E-05 0.0453176 9.98421E-05 0.00238774 9.98421E-05 0.923228 9.98421E-05 9.98421E-05 9.98421E-05 9.98421E-05 9.98421E-05 0.0105937 9.98421E-05 9.98421E-05 9.98421E-05 9.98421E-05 9.98421E-05 9.98421E-05 9.98421E-05 0.0166757 9.98421E-05
9.98596E-05 0.00575758 9.98596E-05 9.98596E-05 9.98596E-05 9.98596E-05 9.98596E-05 0.354126 9.98596E-05 0.115444 0.34971 0.0217489 9.98596E-05 9.98596E-05 0.0416293 9.98596E-05 9.98596E-05 9.98596E-05 9.98596E-05 9.98596E-05 9.98596E-05 0.109986 9.98596E-05
0.109687 9.98421E-05 9.98421E-05 9.98421E-05 0.0540572 0.053283 9.98421E-05 0.721754 9.98421E-05 0.0594224 9.98421E-05 9.98421E-05 9.98421E-05 9.98421E-05 9.98421E-05 9.98421E-05 9.98421E-05 9.98421E-05 9.98421E-05 9.98421E-05 9.98421E-05 9.98421E-05 9.98421E-05
9.98333E-05 9.98333E-05 9.98333E-05 0.00365605 9.98333E-05 9.98333E-05 9.98333E-05 0.952024 9.98333E-05 9.98333E-05 9.98333E-05 9.98333E-05 9.98333E-05 9.98333E-05 9.98333E-05 9.98333E-05 9.98333E-05 9.98333E-05 9.98333E-05 9.98333E-05 9.98333E-05 0.0042878 0.0381352
0.0348836 9.98508E-05 9.98508E-05 9.98508E-05 9.98508E-05 9.98508E-05 9.98508E-05 0.431963 9.98508E-05 0.216464 9.98508E-05 9.98508E-05 0.0702048 9.98508E-05 0.0209135 9.98508E-05 9.98508E-05 9.98508E-05 9.98508E-05 9.98508E-05 9.98508E-05 0.223874 9.98508E-05
9.98509E-05 9.98509E-05 9.98509E-05 9.98509E-05 9.98509E-05 0.139995 9.98509E-05 0.590523 9.98509E-05 0.0381738 0.0608555 9.98509E-05 9.98509E-05 9.98509E-05 9.98509E-05 0.0380958 9.98509E-05 9.98509E-05 9.98509E-05 9.98509E-05 9.98509E-05 0.130659 9.98509E-05
0.0142478 9.98507E-05 9.98507E-05 9.98507E-05 9.98507E-05 9.98507E-05 9.98507E-05 0.3942 9.98507E-05 0.234085 9.98507E-05 9.98507E-05 0.0848499 9.98507E-05 0.0307422 9.98507E-05 9.98507E-05 9.98507E-05 9.98507E-05 9.98507E-05 9.98507E-05 0.240177 9.98507E-05
9.98597E-05 9.98597E-05 9.98597E-05 9.98597E-05 9.98597E-05 0.270981 9.98597E-05 0.369998 0.00278619 0.148732 9.98597E-05 9.98597E-05 9.98597E-05 9.98597E-05 9.98597E-05 9.98597E-05 9.98597E-05 9.98597E-05 9.98597E-05 0.0327572 9.98597E-05 0.114415 0.058734
9.98334E-05 0.113511 9.98334E-05 9.98334E-05 9.98334E-05 9.98334E-05 9.98334E-05 0.128874 9.98334E-05 9.98334E-05 0.747229 0.00848818 9.98334E-05 9.98334E-05 9.98334E-05 9.98334E-05 9.98334E-05 9.98334E-05 9.98334E-05 9.98334E-05 9.98334E-05 9.98334E-05 9.98334E-05
9.98417E-05 9.98417E-05 0.00779451 9.98417E-05 9.98417E-05 9.98417E-05 9.98417E-05 0.850346 9.98417E-05 0.0916359 9.98417E-05 9.98417E-05 9.98417E-05 0.028592 9.98417E-05 9.98417E-05 9.98417E-05 9.98417E-05 9.98417E-05 9.98417E-05 9.98417E-05 0.0198347 9.98417E-05
0.00185794 9.98335E-05 9.98335E-05 9.98335E-05 9.98335E-05 9.98335E-05 9.98335E-05 0.670077 9.98335E-05 0.158655 9.98335E-05 9.98335E-05 9.98335E-05 9.98335E-05 9.98335E-05 9.98335E-05 9.98335E-05 9.98335E-05 9.98335E-05 9.98335E-05 9.98335E-05 0.167514 9.98335E-05
9.9851E-05 9.9851E-05 9.9851E-05 0.0273737 9.9851E-05 9.9851E-05 9.9851E-05 0.784238 9.9851E-05 0.0672074 0.0462658 9.9851E-05 9.9851E-05 9.9851E-05 0.0543001 9.9851E-05 9.9851E-05 9.9851E-05 0.0189175 9.9851E-05 9.9851E-05 9.9851E-05 9.9851E-05
9.98422E-05 9.98422E-05 9.98422E-05 0.0381494 9.98422E-05 0.0487804 9.98422E-05 0.725221 9.98422E-05 0.151375 9.98422E-05 9.98422E-05 9.98422E-05 9.98422E-05 9.98422E-05 9.98422E-05 9.98422E-05 9.98422E-05 9.98422E-05 0.0346764 9.98422E-05 9.98422E-05 9.98422E-05
9.98158E-05 9.98158E-05 9.98158E-05 9.98158E-05 9.98158E-05 9.98158E-05 9.98158E-05 0.963073 9.98158E-05 9.98158E-05 9.98158E-05 9.98158E-05 9.98158E-05 9.98158E-05 9.98158E-05 9.98158E-05 9.98158E-05 9.98158E-05 9.98158E-05 0.0348313 9.98158E-05 9.98158E-05 9.98158E-05
9.98418E-05 9.98418E-05 9.98418E-05 9.98418E-05 9.98418E-05 9.98418E-05 9.98418E-05 0.306277 9.98418E-05 0.0966228 9.98418E-05 9.98418E-05 9.98418E-05 9.98418E-05 0.155439 9.98418E-05 0.125301 9.98418E-05 9.98418E-05 9.98418E-05 9.98418E-05 0.314563 9.98418E-05
9.98507E-05 9.98507E-05 0.0410849 0.00185826 9.98507E-05 9.98507E-05 9.98507E-05 0.844765 0.0673911 0.0196525 9.98507E-05 0.0235505 9.98507E-05 9.98507E-05 9.98507E-05 9.98507E-05 9.98507E-05 9.98507E-05 9.98507E-05 9.98507E-05 9.98507E-05 9.98507E-05 9.98507E-05
9.98333E-05 9.98333E-05 9.98333E-05 9.98333E-05 9.98333E-05 0.0392601 9.98333E-05 0.87914 9.98333E-05 0.0361484 9.98333E-05 9.98333E-05 9.98333E-05 0.0435548 9.98333E-05 9.98333E-05 9.98333E-05 9.98333E-05 9.98333E-05 9.98333E-05 9.98333E-05 9.98333E-05 9.98333E-05
0.0128342 9.9842E-05 9.9842E-05 9.9842E-05 0.110232 0.130799 9.9842E-05 0.741337 9.9842E-05 9.9842E-05 0.00299934 9.9842E-05 9.9842E-05 9.9842E-05 9.9842E-05 9.9842E-05 9.9842E-05 9.9842E-05 9.9842E-05 9.9842E-05 9.9842E-05 9.9842E-05 9.9842E-05
9.9842E-05 9.9842E-05 9.9842E-05 9.9842E-05 9.9842E-05 9.9842E-05 9.9842E-05 0.698164 9.9842E-05 0.176658 9.9842E-05 9.9842E-05 9.9842E-05 9.9842E-05 9.9842E-05 9.9842E-05 9.9842E-05 9.9842E-05 0.000651616 9.9842E-05 9.9842E-05 0.053147 0.0695823
9.98508E-05 9.98508E-05 9.98508E-05 9.98508E-05 0.0288745 0.520771 9.98508E-05 0.317964 9.98508E-05 9.98508E-05 0.0494958 9.98508E-05 9.98508E-05 9.98508E-05 9.98508E-05 9.98508E-05 0.00835238 9.98508E-05 9.98508E-05 9.98508E-05 9.98508E-05 0.0728451 9.98508E-05
9.98247E-05 9.98247E-05 9.98247E-05 9.98247E-05 9.98247E-05 0.246714 9.98247E-05 0.67768 9.98247E-05 0.0736093 9.98247E-05 9.98247E-05 9.98247E-05 9.98247E-05 9.98247E-05 9.98247E-05 9.98247E-05 9.98247E-05 9.98247E-05 9.98247E-05 9.98247E-05 9.98247E-05 9.98247E-05
9.98162E-05 9.98162E-05 9.98162E-05 9.98162E-05 9.98162E-05 0.421967 9.98162E-05 0.575937 9.98162E-05 9.98162E-05 9.98162E-05 9.98162E-05 9.98162E-05 9.98162E-05 9.98162E-05 9.98162E-05 9.98162E-05 9.98162E-05 9.98162E-05 9.98162E-05 9.98162E-05 9.98162E-05 9.98162E-05
9.98333E-05 9.98333E-05 9.98333E-05 9.98333E-05 9.98333E-05 0.592064 9.98333E-05 0.395381 9.98333E-05 9.98333E-05 9.98333E-05 9.98333E-05 9.98333E-05 0.00144301 0.0092145 9.98333E-05 9.98333E-05 9.98333E-05 9.98333E-05 9.98333E-05 9.98333E-05 9.98333E-05 9.98333E-05
0.0680784 9.98332E-05 9.98332E-05 9.98332E-05 9.98332E-05 9.98332E-05 9.98332E-05 0.535685 9.98332E-05 0.307131 9.98332E-05 9.98332E-05 9.98332E-05 9.98332E-05 9.98332E-05 9.98332E-05 9.98332E-05 9.98332E-05 9.98332E-05 9.98332E-05 9.98332E-05 0.0872088 9.98332E-05
9.98246E-05 9.98246E-05 9.98246E-05 9.98246E-05 9.98246E-05 9.98246E-05 9.98246E-05 0.76465 9.98246E-05 9.98246E-05 9.98246E-05 0.122919 9.98246E-05 9.98246E-05 9.98246E-05 9.98246E-05 9.98246E-05 9.98246E-05 9.98246E-05 9.98246E-05 9.98246E-05 0.110435 9.98246E-05
9.98508E-05 9.98508E-05 9.98508E-05 9.98508E-05 9.98508E-05 0.0262091 9.98508E-05 0.0864952 9.98508E-05 0.0559463 0.70319 9.98508E-05 9.98508E-05 9.98508E-05 0.0123286 9.98508E-05 9.98508E-05 9.98508E-05 9.98508E-05 9.98508E-05 9.98508E-05 0.114133 9.98508E-05
9.98334E-05 9.98334E-05 9.98334E-05 9.98334E-05 9.98334E-05 0.430497 9.98334E-05 0.337396 9.98334E-05 0.0449103 0.1853 9.98334E-05 9.98334E-05 9.98334E-05 9.98334E-05 9.98334E-05 9.98334E-05 9.98334E-05 9.98334E-05 9.98334E-05 9.98334E-05 9.98334E-05 9.98334E-05
0.161721 9.98507E-05 9.98507E-05 9.98507E-05 9.98507E-05 9.98507E-05 9.98507E-05 0.554525 0.00639082 9.98507E-05 9.98507E-05 9.98507E-05 9.98507E-05 9.98507E-05 0.0999568 9.98507E-05 9.98507E-05 9.98507E-05 0.00866685 9.98507E-05 9.98507E-05 0.167042 9.98507E-05
9.98509E-05 9.98509E-05 9.98509E-05 9.98509E-05 9.98509E-05 9.98509E-05 0.152224 0.598489 9.98509E-05 0.081961 0.0668232 9.98509E-05 9.98509E-05 9.98509E-05 9.98509E-05 9.98509E-05 9.98509E-05 9.98509E-05 9.98509E-05 9.98509E-05 9.98509E-05 0.090678 0.00812666
0.156181 0.0209807 9.98773E-05 9.98773E-05 0.000935011 0.0432742 9.98773E-05 0.56229 0.0549882 9.98773E-05 9.98773E-05 9.98773E-05 9.98773E-05 9.98773E-05 9.98773E-05 9.98773E-05 9.98773E-05 9.98773E-05 9.98773E-05 0.0196229 9.98773E-05 0.0721465 0.0681837
9.98333E-05 9.98333E-05 9.98333E-05 9.98333E-05 9.98333E-05 9.98333E-05 9.98333E-05 0.512637 0.123679 0.181135 9.98333E-05 9.98333E-05 9.98333E-05 9.98333E-05 9.98333E-05 9.98333E-05 9.98333E-05 9.98333E-05 9.98333E-05 9.98333E-05 9.98333E-05 0.180652 9.98333E-05
9.98246E-05 9.98246E-05 9.98246E-05 9.98246E-05 9.98246E-05 0.537421 9.98246E-05 0.447472 9.98246E-05 0.0131105 9.98246E-05 9.98246E-05 9.98246E-05 9.98246E-05 9.98246E-05 9.98246E-05 9.98246E-05 9.98246E-05 9.98246E-05 9.98246E-05 9.98246E-05 9.98246E-05 9.98246E-05
9.98332E-05 9.98332E-05 9.98332E-05 9.98332E-05 9.98332E-05 9.98332E-05 9.98332E-05 0.698414 9.98332E-05 0.0628141 9.98332E-05 9.98332E-05 9.98332E-05 0.148181 9.98332E-05 9.98332E-05 9.98332E-05 9.98332E-05 9.98332E-05 9.98332E-05 0.0886938 9.98332E-05 9.98332E-05
9.98399E-05 9.98399E-05 9.98399E-05 9.98399E-05 9.98399E-05 9.98399E-05 9.98399E-05 0.299092 9.98399E-05 9.98399E-05 0.615998 9.98399E-05 9.98399E-05 9.98399E-05 9.98399E-05 9.98399E-05 0.000504024 9.98399E-05 9.98399E-05 9.98399E-05 9.98399E-05 0.0825093 9.98399E-05
9.98511E-05 9.98511E-05 9.98511E-05 9.98511E-05 9.98511E-05 0.214266 9.98511E-05 0.484055 9.98511E-05 0.137182 9.98511E-05 9.98511E-05 9.98511E-05 9.98511E-05 9.98511E-05 9.98511E-05 9.98511E-05 9.98511E-05 0.0780643 9.98511E-05 9.98511E-05 0.0755313 0.00920382
9.98157E-05 9.98157E-05 9.98157E-05 9.98157E-05 0.0567 9.98157E-05 9.98157E-05 0.941204 9.98157E-05 9.98157E-05 9.98157E-05 9.98157E-05 9.98157E-05 9.98157E-05 9.98157E-05 9.98157E-05 9.98157E-05 9.98157E-05 9.98157E-05 9.98157E-05 9.98157E-05 9.98157E-05 9.98157E-05
9.98244E-05 9.98244E-05 9.98244E-05 0.0121282 9.98244E-05 9.98244E-05 9.98244E-05 0.862399 9.98244E-05 9.98244E-05 9.98244E-05 9.98244E-05 9.98244E-05 0.123476 9.98244E-05 9.98244E-05 9.98244E-05 9.98244E-05 9.98244E-05 9.98244E-05 9.98244E-05 9.98244E-05 9.98244E-05
0.127842 9.98332E-05 9.98332E-05 9.98332E-05 9.98332E-05 9.98332E-05 9.98332E-05 0.548303 9.98332E-05 0.168104 9.98332E-05 9.98332E-05 9.98332E-05 9.98332E-05 9.98332E-05 9.98332E-05 9.98332E-05 9.98332E-05 9.98332E-05 9.98332E-05 9.98332E-05 0.153854 9.98332E-05
9.98244E-05 9.98244E-05 9.98244E-05 9.98244E-05 9.98244E-05 9.98244E-05 9.98244E-05 0.785544 9.98244E-05 0.0784641 9.98244E-05 9.98244E-05 9.98244E-05 9.98244E-05 9.98244E-05 9.98244E-05 9.98244E-05 9.98244E-05 9.98244E-05 9.98244E-05 9.98244E-05 0.133995 9.98244E-05
9.98244E-05 9.98244E-05 9.98244E-05 0.0261693 9.98244E-05 9.98244E-05 9.98244E-05 0.969152 9.98244E-05 0.00268251 9.98244E-05 9.98244E-05 9.98244E-05 9.98244E-05 9.98244E-05 9.98244E-05 9.98244E-05 9.98244E-05 9.98244E-05 9.98244E-05 9.98244E-05 9.98244E-05 9.98244E-05
9.98422E-05 9.98422E-05 9.98422E-05 9.98422E-05 9.98422E-05 0.0788855 9.98422E-05 0.664415 9.98422E-05 0.14135 9.98422E-05 9.98422E-05 9.98422E-05 9.98422E-05 0.110785 9.98422E-05 9.98422E-05 9.98422E-05 9.98422E-05 9.98422E-05 9.98422E-05 0.00276805 9.98422E-05
9.98247E-05 9.98247E-05 9.98247E-05 9.98247E-05 9.98247E-05 0.158382 9.98247E-05 0.632016 9.98247E-05 9.98247E-05 9.98247E-05 9.98247E-05 9.98247E-05 9.98247E-05 9.98247E-05 9.98247E-05 9.98247E-05 9.98247E-05 9.98247E-05 9.98247E-05 9.98247E-05 0.207605 9.98247E-05
9.98067E-05 9.98067E-05 9.98067E-05 9.98067E-05 9.98067E-05 9.98067E-05 9.98067E-05 9.98067E-05 9.98067E-05 0.997804 9.98067E-05 9.98067E-05 9.98067E-05 9.98067E-05 9.98067E-05 9.98067E-05 9.98067E-05 9.98067E-05 9.98067E-05 9.98067E-05 9.98067E-05 9.98067E-05 9.98067E-05
9.98068E-05 9.98068E-05 9.98068E-05 9.98068E-05 9.98068E-05 9.98068E-05 9.98068E-05 9.98068E-05 9.98068E-05 9.98068E-05 9.98068E-05 9.98068E-05 9.98068E-05 9.98068E-05 9.98068E-05 9.98068E-05 9.98068E-05 9.98068E-05 9.98068E-05 9.98068E-05 9.98068E-05 0.997804 9.98068E-05
9.98066E-05 9.98066E-05 9.98066E-05 9.98066E-05 9.98066E-05 9.98066E-05 9.98066E-05 9.98066E-05 9.98066E-05 0.997804 9.98066E-05 9.98066E-05 9.98066E-05 9.98066E-05 9.98066E-05 9.98066E-05 9.98066E-05 9.98066E-05 9.98066E-05 9.98066E-05 9.98066E-05 9.98066E-05 9.98066E-05
9.98065E-05 9.98065E-05 9.98065E-05 9.98065E-05 9.98065E-05 9.98065E-05 9.98065E-05 9.98065E-05 9.98065E-05 9.98065E-05 9.98065E-05 9.98065E-05 9.98065E-05 9.98065E-05 9.98065E-05 9.98065E-05 9.98065E-05 9.98065E-05 9.98065E-05 9.98065E-05 9.98065E-05 0.997804 9.98065E-05
