0.00608074 9.98859E-05 0.000839343 9.98859E-05 9.98859E-05 0.116415 9.98859E-05 9.98859E-05 9.98859E-05 9.98859E-05 9.98859E-05 0.000721099 9.98859E-05 9.98859E-05 9.98859E-05 0.340197 0.395795 0.0890349 0.0496185 9.98859E-05 9.98859E-05
0.0266757 9.98683E-05 9.98683E-05 0.0560128 0.0021074 9.98683E-05 9.98683E-05 9.98683E-05 9.98683E-05 9.98683E-05 9.98683E-05 0.0681317 9.98683E-05 9.98683E-05 9.98683E-05 0.648873 0.196701 9.98683E-05 9.98683E-05 9.98683E-05 9.98683E-05
9.98683E-05 9.98683E-05 9.98683E-05 9.98683E-05 0.000635929 9.98683E-05 9.98683E-05 9.98683E-05 0.063572 9.98683E-05 9.98683E-05 9.98683E-05 9.98683E-05 0.026848 9.98683E-05 0.826217 9.98683E-05 9.98683E-05 0.0303253 0.0509034 9.98683E-05
0.036796 0.265895 9.99035E-05 0.0244294 9.99035E-05 0.114602 9.99035E-05 0.0137561 0.0987637 0.0519722 0.0989124 9.99035E-05 9.99035E-05 9.99035E-05 9.99035E-05 0.282774 9.99035E-05 9.99035E-05 0.0110005 9.99035E-05 9.99035E-05
9.98683E-05 9.98683E-05 9.98683E-05 9.98683E-05 9.98683E-05 9.98683E-05 9.98683E-05 0.0429871 9.98683E-05 0.0038845 0.0689715 0.018991 9.98683E-05 0.0338265 9.98683E-05 0.829841 9.98683E-05 9.98683E-05 9.98683E-05 9.98683E-05 9.98683E-05
9.98773E-05 9.98773E-05 9.98773E-05 9.98773E-05 9.98773E-05 9.98773E-05 9.98773E-05 0.144724 0.163942 0.186026 0.0266495 9.98773E-05 9.98773E-05 0.0867873 9.98773E-05 0.171709 0.218764 9.98773E-05 9.98773E-05 9.98773E-05 9.98773E-05
0.138434 0.0447489 0.0324214 9.99036E-05 9.99036E-05 0.109237 9.99036E-05 0.123639 9.99036E-05 9.99036E-05 9.99036E-05 0.124738 9.99036E-05 9.99036E-05 9.99036E-05 0.199349 0.0652084 9.99036E-05 9.99036E-05 0.0859337 0.0751917
9.9921E-05 0.0210191 9.9921E-05 9.9921E-05 9.9921E-05 0.131176 9.9921E-05 0.0814716 0.0293964 0.15118 0.0948772 9.9921E-05 0.0157791 0.0289234 0.050468 0.177007 0.104922 0.112881 9.9921E-05 9.9921E-05 9.9921E-05
9.9886E-05 9.9886E-05 0.116335 0.0595779 9.9886E-05 0.00222578 9.9886E-05 9.9886E-05 0.0243583 0.249606 9.9886E-05 0.0207302 9.9886E-05 9.9886E-05 9.9886E-05 0.259157 9.9886E-05 9.9886E-05 0.266711 9.9886E-05 9.9886E-05
9.98508E-05 9.98508E-05 9.98508E-05 9.98508E-05 0.0221052 9.98508E-05 9.98508E-05 9.98508E-05 9.98508E-05 9.98508E-05 9.98508E-05 9.98508E-05 9.98508E-05 9.98508E-05 9.98508E-05 0.846674 9.98508E-05 9.98508E-05 0.122343 9.98508E-05 0.00717991
0.0452017 0.107753 0.0334192 9.98859E-05 9.98859E-05 0.0404191 9.98859E-05 9.98859E-05 9.98859E-05 9.98859E-05 9.98859E-05 9.98859E-05 9.98859E-05 9.98859E-05 0.0190856 0.423926 0.0815383 9.98859E-05 0.247358 9.98859E-05 9.98859E-05
0.0066046 0.0144451 9.98596E-05 9.98596E-05 9.98596E-05 9.98596E-05 9.98596E-05 9.98596E-05 9.98596E-05 9.98596E-05 0.0721538 9.98596E-05 0.0354098 9.98596E-05 9.98596E-05 0.869789 9.98596E-05 9.98596E-05 9.98596E-05 9.98596E-05 9.98596E-05
9.9842E-05 9.9842E-05 9.9842E-05 9.9842E-05 9.9842E-05 0.127155 9.9842E-05 9.9842E-05 9.9842E-05 9.9842E-05 9.9842E-05 9.9842E-05 9.9842E-05 9.9842E-05 9.9842E-05 0.789951 9.9842E-05 9.9842E-05 0.0810972 9.9842E-05 9.9842E-05
0.0343952 9.9886E-05 9.9886E-05 9.9886E-05 9.9886E-05 0.00764036 0.0489891 9.9886E-05 0.0692086 9.9886E-05 9.9886E-05 9.9886E-05 0.0481689 0.0765434 9.9886E-05 0.652894 9.9886E-05 9.9886E-05 0.0608619 9.9886E-05 9.9886E-05
9.98859E-05 9.98859E-05 0.0356209 9.98859E-05 9.98859E-05 0.0650195 9.98859E-05 0.0151954 0.107019 0.161311 9.98859E-05 9.98859E-05 9.98859E-05 9.98859E-05 9.98859E-05 0.243615 0.207121 9.98859E-05 0.163799 9.98859E-05 9.98859E-05
9.98946E-05 0.0987969 9.98946E-05 9.98946E-05 9.98946E-05 0.0834801 9.98946E-05 9.98946E-05 9.98946E-05 0.184405 9.98946E-05 9.98946E-05 0.00421751 9.98946E-05 0.147842 0.181316 0.188302 0.0268813 0.0835602 9.98946E-05 9.98946E-05
0.0351662 9.98772E-05 9.98772E-05 9.98772E-05 9.98772E-05 9.98772E-05 0.12598 9.98772E-05 9.98772E-05 9.98772E-05 9.98772E-05 0.0921224 9.98772E-05 9.98772E-05 9.98772E-05 0.572194 9.98772E-05 0.0376175 0.0637099 9.98772E-05 0.0718118
9.98947E-05 9.98947E-05 0.0211433 0.116344 0.176036 0.120567 9.98947E-05 9.98947E-05 0.0386602 0.025055 9.98947E-05 9.98947E-05 9.98947E-05 9.98947E-05 9.98947E-05 0.0946748 0.303904 9.98947E-05 0.102417 9.98947E-05 9.98947E-05
0.010999 0.0665105 9.98859E-05 9.98859E-05 9.98859E-05 0.225542 9.98859E-05 0.103025 9.98859E-05 0.120807 9.98859E-05 9.98859E-05 9.98859E-05 9.98859E-05 9.98859E-05 0.230109 9.98859E-05 0.00583095 0.235878 9.98859E-05 9.98859E-05
9.98403E-05 9.98403E-05 9.98403E-05 0.0401686 9.98403E-05 9.98403E-05 9.98403E-05 9.98403E-05 9.98403E-05 9.98403E-05 9.98403E-05 9.98403E-05 9.98403E-05 9.98403E-05 9.98403E-05 0.957934 9.98403E-05 9.98403E-05 9.98403E-05 9.98403E-05 9.98403E-05
0.0081137 0.0351271 9.98684E-05 9.98684E-05 9.98684E-05 9.98684E-05 9.98684E-05 9.98684E-05 9.98684E-05 0.123352 0.290078 9.98684E-05 0.104919 9.98684E-05 9.98684E-05 0.436913 9.98684E-05 9.98684E-05 9.98684E-05 9.98684E-05 9.98684E-05
9.9886E-05 9.9886E-05 9.9886E-05 9.9886E-05 9.9886E-05 0.332835 9.9886E-05 0.0820689 0.040656 0.112897 9.9886E-05 0.101574 9.9886E-05 0.0707983 9.9886E-05 0.241609 9.9886E-05 9.9886E-05 9.9886E-05 9.9886E-05 0.0162631
0.113874 0.0650168 9.98773E-05 0.00868027 0.00427323 9.98773E-05 9.98773E-05 9.98773E-05 9.98773E-05 9.98773E-05 9.98773E-05 9.98773E-05 9.98773E-05 9.98773E-05 9.98773E-05 0.486099 0.211884 9.98773E-05 0.108775 9.98773E-05 9.98773E-05
9.98683E-05 9.98683E-05 0.109965 9.98683E-05 9.98683E-05 0.293296 9.98683E-05 9.98683E-05 9.98683E-05 9.98683E-05 9.98683E-05 9.98683E-05 9.98683E-05 9.98683E-05 0.0509284 0.35325 9.98683E-05 0.00725652 0.183805 9.98683E-05 9.98683E-05
0.00656175 0.0924901 9.98947E-05 0.0646046 9.98947E-05 0.0885634 9.98947E-05 9.98947E-05 0.160897 0.0884931 9.98947E-05 9.98947E-05 0.0235268 9.98947E-05 9.98947E-05 0.236106 9.98947E-05 9.98947E-05 0.237559 9.98947E-05 9.98947E-05
9.98683E-05 0.167959 9.98683E-05 9.98683E-05 9.98683E-05 0.113636 9.98683E-05 9.98683E-05 9.98683E-05 0.00498219 9.98683E-05 9.98683E-05 9.98683E-05 9.98683E-05 9.98683E-05 0.560666 0.033821 9.98683E-05 0.117438 9.98683E-05 9.98683E-05
9.98684E-05 9.98684E-05 9.98684E-05 9.98684E-05 0.178822 0.374573 9.98684E-05 9.98684E-05 0.305903 9.98684E-05 9.98684E-05 9.98684E-05 9.98684E-05 9.98684E-05 9.98684E-05 0.019761 9.98684E-05 9.98684E-05 0.098101 9.98684E-05 0.0213422
9.98684E-05 0.14667 9.98684E-05 9.98684E-05 9.98684E-05 0.136042 9.98684E-05 9.98684E-05 0.0477494 9.98684E-05 9.98684E-05 9.98684E-05 0.00421462 9.98684E-05 9.98684E-05 0.643452 9.98684E-05 9.98684E-05 0.020374 9.98684E-05 9.98684E-05
9.98773E-05 0.0910857 0.00580135 9.98773E-05 9.98773E-05 0.0538137 9.98773E-05 9.98773E-05 0.0109871 9.98773E-05 9.98773E-05 9.98773E-05 9.98773E-05 9.98773E-05 9.98773E-05 0.519183 0.116778 9.98773E-05 0.200953 9.98773E-05 9.98773E-05
0.00148942 9.98947E-05 0.0280268 9.98947E-05 9.98947E-05 9.98947E-05 0.0611764 0.0170534 9.98947E-05 0.0206752 9.98947E-05 0.00478959 9.98947E-05 9.98947E-05 9.98947E-05 0.705826 0.0724103 9.98947E-05 0.0873541 9.98947E-05 9.98947E-05
0.151343 9.98684E-05 9.98684E-05 9.98684E-05 9.98684E-05 9.98684E-05 9.98684E-05 0.0378209 9.98684E-05 0.0535637 9.98684E-05 9.98684E-05 9.98684E-05 9.98684E-05 9.98684E-05 0.604441 0.0699602 9.98684E-05 0.081374 9.98684E-05 9.98684E-05
9.9886E-05 0.0830892 9.9886E-05 9.9886E-05 9.9886E-05 9.9886E-05 9.9886E-05 0.0256376 0.0778876 9.9886E-05 0.0861498 9.9886E-05 9.9886E-05 9.9886E-05 0.0624617 0.411142 0.0558787 9.9886E-05 0.196455 9.9886E-05 9.9886E-05
0.0799838 0.0479868 9.98859E-05 9.98859E-05 9.98859E-05 0.153962 9.98859E-05 9.98859E-05 0.0538402 9.98859E-05 9.98859E-05 9.98859E-05 0.0272001 9.98859E-05 9.98859E-05 0.476119 0.0732654 9.98859E-05 0.0863445 9.98859E-05 9.98859E-05
9.98596E-05 9.98596E-05 9.98596E-05 9.98596E-05 9.98596E-05 0.16245 9.98596E-05 9.98596E-05 0.16285 9.98596E-05 9.98596E-05 9.98596E-05 0.105458 9.98596E-05 9.98596E-05 0.429303 9.98596E-05 9.98596E-05 0.138341 9.98596E-05 9.98596E-05
0.00524062 9.98772E-05 9.98772E-05 9.98772E-05 0.012817 9.98772E-05 9.98772E-05 0.043397 9.98772E-05 0.0029083 9.98772E-05 0.0665154 9.98772E-05 9.98772E-05 9.98772E-05 0.823626 9.98772E-05 9.98772E-05 0.0440976 9.98772E-05 9.98772E-05
0.0510291 0.195222 0.000894101 9.9886E-05 9.9886E-05 0.050966 9.9886E-05 9.9886E-05 9.9886E-05 0.0508859 9.9886E-05 9.9886E-05 9.9886E-05 9.9886E-05 9.9886E-05 0.585144 0.0279236 9.9886E-05 0.0366363 9.9886E-05 9.9886E-05
0.00265309 9.98597E-05 9.98597E-05 9.98597E-05 9.98597E-05 9.98597E-05 9.98597E-05 0.0998381 9.98597E-05 9.98597E-05 9.98597E-05 0.0141677 9.98597E-05 9.98597E-05 9.98597E-05 0.855396 9.98597E-05 9.98597E-05 9.98597E-05 0.0263477 9.98597E-05
9.98685E-05 0.0385451 9.98685E-05 0.0525394 9.98685E-05 9.98685E-05 9.98685E-05 9.98685E-05 9.98685E-05 0.126112 9.98685E-05 0.0413316 9.98685E-05 9.98685E-05 9.98685E-05 0.625905 9.98685E-05 9.98685E-05 0.114069 9.98685E-05 9.98685E-05
0.078654 9.99123E-05 9.99123E-05 0.0436722 9.99123E-05 0.0551008 0.0823345 0.0186623 9.99123E-05 0.0570663 9.99123E-05 0.0574932 0.00308224 0.0686104 9.99123E-05 0.44898 9.99123E-05 9.99123E-05 0.0853453 9.99123E-05 9.99123E-05
9.98859E-05 9.98859E-05 9.98859E-05 9.98859E-05 9.98859E-05 0.00227496 9.98859E-05 0.0758012 0.202528 9.98859E-05 9.98859E-05 9.98859E-05 0.00475365 9.98859E-05 0.0250068 0.518622 9.98859E-05 9.98859E-05 0.106694 0.0630204 9.98859E-05
0.0234769 9.98685E-05 9.98685E-05 9.98685E-05 9.98685E-05 0.137697 9.98685E-05 0.0376745 9.98685E-05 0.0149857 9.98685E-05 9.98685E-05 9.98685E-05 9.98685E-05 9.98685E-05 0.75777 9.98685E-05 9.98685E-05 0.0268983 9.98685E-05 9.98685E-05
9.98772E-05 9.98772E-05 0.00768618 9.98772E-05 0.0167311 0.229794 9.98772E-05 9.98772E-05 9.98772E-05 9.98772E-05 9.98772E-05 0.136814 9.98772E-05 9.98772E-05 9.98772E-05 0.545858 0.0537609 9.98772E-05 0.00795778 9.98772E-05 9.98772E-05
9.98684E-05 9.98684E-05 9.98684E-05 9.98684E-05 9.98684E-05 0.0465237 0.0223038 9.98684E-05 9.98684E-05 9.98684E-05 9.98684E-05 0.0608592 9.98684E-05 0.0150451 9.98684E-05 0.845547 9.98684E-05 9.98684E-05 9.98684E-05 0.00822371 9.98684E-05
0.0261654 0.0155771 0.0975256 9.98947E-05 9.98947E-05 0.123541 9.98947E-05 9.98947E-05 9.98947E-05 0.0435503 0.0153772 9.98947E-05 9.98947E-05 9.98947E-05 9.98947E-05 0.292339 0.117556 9.98947E-05 0.267169 9.98947E-05 9.98947E-05
9.98685E-05 9.98685E-05 9.98685E-05 9.98685E-05 9.98685E-05 0.321453 9.98685E-05 0.0724065 9.98685E-05 9.98685E-05 9.98685E-05 9.98685E-05 9.98685E-05 0.101464 9.98685E-05 0.180645 9.98685E-05 9.98685E-05 0.150246 9.98685E-05 0.172286
9.9877E-05 0.0280361 9.9877E-05 0.0471755 9.9877E-05 9.9877E-05 9.9877E-05 0.000492043 9.9877E-05 9.9877E-05 0.0327029 9.9877E-05 0.0287467 9.9877E-05 9.9877E-05 0.80126 9.9877E-05 9.9877E-05 0.0601887 9.9877E-05 9.9877E-05
9.98684E-05 0.0284879 9.98684E-05 9.98684E-05 0.0333846 9.98684E-05 9.98684E-05 9.98684E-05 9.98684E-05 0.0673164 9.98684E-05 0.0136725 9.98684E-05 9.98684E-05 9.98684E-05 0.789737 9.98684E-05 9.98684E-05 0.0659036 9.98684E-05 9.98684E-05
9.98684E-05 9.98684E-05 9.98684E-05 0.00201846 9.98684E-05 9.98684E-05 9.98684E-05 9.98684E-05 9.98684E-05 9.98684E-05 0.0281926 9.98684E-05 9.98684E-05 9.98684E-05 0.0734587 0.833656 0.0143886 9.98684E-05 0.046788 9.98684E-05 9.98684E-05
0.0390771 0.000128483 9.98771E-05 9.98771E-05 9.98771E-05 0.156602 9.98771E-05 0.0234255 9.98771E-05 9.98771E-05 9.98771E-05 9.98771E-05 9.98771E-05 9.98771E-05 9.98771E-05 0.623186 0.0265279 9.98771E-05 0.129654 9.98771E-05 9.98771E-05
0.0221703 9.98774E-05 9.98774E-05 9.98774E-05 0.0215611 9.98774E-05 9.98774E-05 0.0325047 9.98774E-05 0.0512445 9.98774E-05 9.98774E-05 9.98774E-05 9.98774E-05 9.98774E-05 0.776938 9.98774E-05 9.98774E-05 0.00161547 0.0925674 9.98774E-05
0.063739 0.0473953 0.0465414 9.99035E-05 9.99035E-05 0.0626913 9.99035E-05 0.0643092 0.248787 0.0104367 9.99035E-05 0.0219044 9.99035E-05 9.99035E-05 9.99035E-05 0.238404 9.99035E-05 9.99035E-05 0.194693 9.99035E-05 9.99035E-05
9.98772E-05 0.140024 0.00447919 0.00158879 9.98772E-05 0.179696 9.98772E-05 9.98772E-05 9.98772E-05 9.98772E-05 9.98772E-05 9.98772E-05 0.0373325 0.0545641 9.98772E-05 0.580917 9.98772E-05 9.98772E-05 9.98772E-05 9.98772E-05 9.98772E-05
9.98597E-05 9.98597E-05 0.00202185 9.98597E-05 0.0602258 9.98597E-05 9.98597E-05 9.98597E-05 9.98597E-05 9.98597E-05 9.98597E-05 9.98597E-05 9.98597E-05 9.98597E-05 9.98597E-05 0.893552 9.98597E-05 9.98597E-05 0.0241828 0.0184199 9.98597E-05
9.99036E-05 9.99036E-05 9.99036E-05 9.99036E-05 0.022921 9.99036E-05 0.000195371 9.99036E-05 9.99036E-05 0.00778557 9.99036E-05 9.99036E-05 0.0975794 9.99036E-05 0.108552 0.521828 0.156683 0.00375588 0.0275897 0.0520112 9.99036E-05
9.98686E-05 9.98686E-05 0.0215282 9.98686E-05 9.98686E-05 9.98686E-05 9.98686E-05 0.0181271 9.98686E-05 9.98686E-05 9.98686E-05 9.98686E-05 0.0435651 0.0248759 9.98686E-05 0.73605 9.98686E-05 9.98686E-05 0.154356 9.98686E-05 9.98686E-05
0.0466953 9.98685E-05 9.98685E-05 0.0390184 9.98685E-05 9.98685E-05 9.98685E-05 0.0443664 0.159333 9.98685E-05 9.98685E-05 9.98685E-05 9.98685E-05 9.98685E-05 9.98685E-05 0.623854 0.0852345 9.98685E-05 9.98685E-05 9.98685E-05 9.98685E-05
0.0205126 9.98772E-05 9.98772E-05 9.98772E-05 0.0928727 0.0601521 9.98772E-05 0.0871711 9.98772E-05 0.0187977 9.98772E-05 9.98772E-05 9.98772E-05 9.98772E-05 9.98772E-05 0.60487 9.98772E-05 9.98772E-05 0.114226 9.98772E-05 9.98772E-05
0.0466442 0.0724268 9.98597E-05 9.98597E-05 9.98597E-05 9.98597E-05 9.98597E-05 9.98597E-05 9.98597E-05 9.98597E-05 9.98597E-05 9.98597E-05 9.98597E-05 9.98597E-05 9.98597E-05 0.748014 9.98597E-05 9.98597E-05 0.0472521 9.98597E-05 0.0840653
0.0252873 9.98859E-05 9.98859E-05 9.98859E-05 0.0323854 9.98859E-05 9.98859E-05 9.98859E-05 9.98859E-05 0.00310486 0.00832846 0.0245601 9.98859E-05 9.98859E-05 9.98859E-05 0.839351 9.98859E-05 9.98859E-05 0.037429 0.0282549 9.98859E-05
0.0225795 9.98683E-05 9.98683E-05 9.98683E-05 0.0201136 9.98683E-05 9.98683E-05 9.98683E-05 9.98683E-05 0.0460466 9.98683E-05 0.0158975 9.98683E-05 9.98683E-05 9.98683E-05 9.98683E-05 0.740739 9.98683E-05 0.153125 9.98683E-05 9.98683E-05
9.98422E-05 0.00102115 9.98422E-05 9.98422E-05 9.98422E-05 9.98422E-05 9.98422E-05 0.0253116 9.98422E-05 9.98422E-05 9.98422E-05 9.98422E-05 9.98422E-05 9.98422E-05 9.98422E-05 9.98422E-05 0.97187 9.98422E-05 9.98422E-05 9.98422E-05 9.98422E-05
9.9842E-05 9.9842E-05 9.9842E-05 9.9842E-05 0.0520095 9.9842E-05 9.9842E-05 9.9842E-05 9.9842E-05 9.9842E-05 9.9842E-05 9.9842E-05 9.9842E-05 9.9842E-05 9.9842E-05 9.9842E-05 0.943055 9.9842E-05 9.9842E-05 0.00313854 9.9842E-05
9.98771E-05 9.98771E-05 9.98771E-05 9.98771E-05 0.0213299 9.98771E-05 9.98771E-05 9.98771E-05 0.125632 0.14773 9.98771E-05 0.287191 9.98771E-05 9.98771E-05 9.98771E-05 9.98771E-05 0.341973 9.98771E-05 0.00669676 0.0680491 9.98771E-05
9.98857E-05 9.98857E-05 9.98857E-05 0.0922229 0.0590068 0.0423419 9.98857E-05 9.98857E-05 9.98857E-05 0.0672146 9.98857E-05 9.98857E-05 9.98857E-05 0.0248468 9.98857E-05 9.98857E-05 0.68023 9.98857E-05 0.00872682 0.0241112 9.98857E-05
9.98945E-05 9.98945E-05 0.00401609 9.98945E-05 0.0184317 0.0334423 9.98945E-05 9.98945E-05 0.00477371 0.0602572 9.98945E-05 0.0360254 9.98945E-05 9.98945E-05 9.98945E-05 9.98945E-05 0.624295 0.0528426 0.164717 9.98945E-05 9.98945E-05
0.0278265 0.119331 9.98682E-05 9.98682E-05 9.98682E-05 9.98682E-05 9.98682E-05 9.98682E-05 9.98682E-05 0.0267508 9.98682E-05 0.185778 9.98682E-05 9.98682E-05 9.98682E-05 9.98682E-05 0.528432 9.98682E-05 0.110384 9.98682E-05 9.98682E-05
9.98857E-05 9.98857E-05 9.98857E-05 9.98857E-05 0.0482627 9.98857E-05 9.98857E-05 0.046522 0.156247 0.120783 9.98857E-05 0.0570761 9.98857E-05 9.98857E-05 9.98857E-05 9.98857E-05 0.479436 9.98857E-05 0.0894622 0.000912507 9.98857E-05
9.98421E-05 9.98421E-05 0.0509392 9.98421E-05 9.98421E-05 0.00790811 9.98421E-05 9.98421E-05 9.98421E-05 9.98421E-05 9.98421E-05 9.98421E-05 9.98421E-05 9.98421E-05 9.98421E-05 9.98421E-05 0.939356 9.98421E-05 9.98421E-05 9.98421E-05 9.98421E-05
9.9842E-05 0.00868874 9.9842E-05 9.9842E-05 9.9842E-05 9.9842E-05 9.9842E-05 9.9842E-05 9.9842E-05 9.9842E-05 9.9842E-05 9.9842E-05 9.9842E-05 9.9842E-05 9.9842E-05 9.9842E-05 0.950394 0.0391199 9.9842E-05 9.9842E-05 9.9842E-05
0.117503 9.98857E-05 9.98857E-05 0.025177 0.00801337 9.98857E-05 9.98857E-05 0.0269362 9.98857E-05 0.0277779 9.98857E-05 9.98857E-05 9.98857E-05 9.98857E-05 9.98857E-05 9.98857E-05 0.488616 9.98857E-05 0.299243 9.98857E-05 0.00543488
0.0759272 9.99034E-05 9.99034E-05 9.99034E-05 0.0508554 0.140786 9.99034E-05 0.0601255 9.99034E-05 9.99034E-05 9.99034E-05 0.143409 0.137013 9.99034E-05 9.99034E-05 9.99034E-05 0.382719 0.0053316 0.00223188 0.000501447 9.99034E-05
0.0431106 9.98681E-05 9.98681E-05 9.98681E-05 9.98681E-05 9.98681E-05 9.98681E-05 9.98681E-05 9.98681E-05 0.150121 0.13263 9.98681E-05 0.0941526 9.98681E-05 9.98681E-05 9.98681E-05 0.44708 0.131409 9.98681E-05 9.98681E-05 9.98681E-05
9.98595E-05 9.98595E-05 9.98595E-05 9.98595E-05 9.98595E-05 0.176747 9.98595E-05 0.0309122 9.98595E-05 9.98595E-05 9.98595E-05 0.0638341 9.98595E-05 9.98595E-05 9.98595E-05 9.98595E-05 0.474591 9.98595E-05 0.252318 9.98595E-05 9.98595E-05
9.98423E-05 9.98423E-05 9.98423E-05 9.98423E-05 9.98423E-05 9.98423E-05 9.98423E-05 9.98423E-05 9.98423E-05 9.98423E-05 9.98423E-05 9.98423E-05 9.98423E-05 0.0186302 0.0243278 9.98423E-05 0.955245 9.98423E-05 9.98423E-05 9.98423E-05 9.98423E-05
9.98421E-05 0.110628 9.98421E-05 9.98421E-05 9.98421E-05 9.98421E-05 9.98421E-05 9.98421E-05 9.98421E-05 0.0319286 9.98421E-05 9.98421E-05 9.98421E-05 9.98421E-05 9.98421E-05 9.98421E-05 0.855646 9.98421E-05 9.98421E-05 9.98421E-05 9.98421E-05
9.98681E-05 9.98681E-05 9.98681E-05 9.98681E-05 0.0396785 9.98681E-05 9.98681E-05 0.133579 0.0461894 9.98681E-05 9.98681E-05 9.98681E-05 9.98681E-05 9.98681E-05 9.98681E-05 9.98681E-05 0.724976 9.98681E-05 0.0039346 0.0501446 9.98681E-05
0.0922886 0.0377281 9.9877E-05 9.9877E-05 9.9877E-05 0.0711245 9.9877E-05 0.05229 9.9877E-05 0.0310287 9.9877E-05 9.9877E-05 9.9877E-05 9.9877E-05 9.9877E-05 9.9877E-05 0.66391 0.0502314 9.9877E-05 9.9877E-05 9.9877E-05
9.98596E-05 0.000901328 9.98596E-05 9.98596E-05 0.121209 9.98596E-05 9.98596E-05 0.0761945 9.98596E-05 9.98596E-05 9.98596E-05 9.98596E-05 9.98596E-05 9.98596E-05 9.98596E-05 9.98596E-05 0.745141 9.98596E-05 0.0549568 9.98596E-05 9.98596E-05
0.00752089 9.98593E-05 9.98593E-05 9.98593E-05 9.98593E-05 9.98593E-05 9.98593E-05 9.98593E-05 9.98593E-05 9.98593E-05 9.98593E-05 9.98593E-05 9.98593E-05 9.98593E-05 0.145808 9.98593E-05 0.61553 0.0157706 0.213773 9.98593E-05 9.98593E-05
9.98423E-05 9.98423E-05 9.98423E-05 9.98423E-05 9.98423E-05 9.98423E-05 0.0436207 9.98423E-05 9.98423E-05 9.98423E-05 9.98423E-05 9.98423E-05 9.98423E-05 9.98423E-05 9.98423E-05 9.98423E-05 0.938327 9.98423E-05 9.98423E-05 0.0162556 9.98423E-05
9.98682E-05 9.98682E-05 9.98682E-05 9.98682E-05 0.035977 0.308024 9.98682E-05 0.0152153 9.98682E-05 9.98682E-05 9.98682E-05 9.98682E-05 9.98682E-05 9.98682E-05 9.98682E-05 9.98682E-05 0.562393 9.98682E-05 0.0707515 9.98682E-05 0.00614102
9.98509E-05 9.98509E-05 9.98509E-05 9.98509E-05 9.98509E-05 0.0359228 9.98509E-05 9.98509E-05 0.198726 9.98509E-05 9.98509E-05 9.98509E-05 9.98509E-05 9.98509E-05 9.98509E-05 9.98509E-05 0.719968 9.98509E-05 0.043686 9.98509E-05 9.98509E-05
0.0302811 9.98771E-05 9.98771E-05 9.98771E-05 0.134741 9.98771E-05 9.98771E-05 0.103586 0.0021364 0.0726506 9.98771E-05 9.98771E-05 9.98771E-05 9.98771E-05 9.98771E-05 9.98771E-05 0.582111 9.98771E-05 0.073095 9.98771E-05 9.98771E-05
0.0411513 9.98594E-05 9.98594E-05 9.98594E-05 9.98594E-05 9.98594E-05 9.98594E-05 9.98594E-05 0.00313794 9.98594E-05 9.98594E-05 9.98594E-05 9.98594E-05 9.98594E-05 9.98594E-05 9.98594E-05 0.76741 0.138605 0.0480981 9.98594E-05 9.98594E-05
9.98335E-05 9.98335E-05 9.98335E-05 9.98335E-05 9.98335E-05 9.98335E-05 9.98335E-05 9.98335E-05 9.98335E-05 0.0420635 9.98335E-05 9.98335E-05 9.98335E-05 9.98335E-05 9.98335E-05 9.98335E-05 0.95604 9.98335E-05 9.98335E-05 9.98335E-05 9.98335E-05
9.98247E-05 9.98247E-05 9.98247E-05 9.98247E-05 9.98247E-05 9.98247E-05 9.98247E-05 9.98247E-05 9.98247E-05 9.98247E-05 9.98247E-05 9.98247E-05 9.98247E-05 9.98247E-05 9.98247E-05 9.98247E-05 0.998004 9.98247E-05 9.98247E-05 9.98247E-05 9.98247E-05
9.98246E-05 9.98246E-05 9.98246E-05 9.98246E-05 9.98246E-05 9.98246E-05 9.98246E-05 9.98246E-05 9.98246E-05 9.98246E-05 9.98246E-05 9.98246E-05 9.98246E-05 9.98246E-05 9.98246E-05 9.98246E-05 0.998004 9.98246E-05 9.98246E-05 9.98246E-05 9.98246E-05
9.98597E-05 9.98597E-05 9.98597E-05 9.98597E-05 0.120379 0.0124808 9.98597E-05 9.98597E-05 9.98597E-05 9.98597E-05 9.98597E-05 9.98597E-05 9.98597E-05 9.98597E-05 9.98597E-05 9.98597E-05 0.778833 0.0251303 0.0615788 9.98597E-05 9.98597E-05
9.9851E-05 9.9851E-05 9.9851E-05 9.9851E-05 9.9851E-05 9.9851E-05 0.163523 9.9851E-05 9.9851E-05 0.0967223 9.9851E-05 9.9851E-05 9.9851E-05 9.9851E-05 9.9851E-05 9.9851E-05 0.547452 9.9851E-05 0.190605 9.9851E-05 9.9851E-05
9.9842E-05 9.9842E-05 9.9842E-05 9.9842E-05 9.9842E-05 9.9842E-05 9.9842E-05 9.9842E-05 0.802702 0.0861545 9.9842E-05 9.9842E-05 9.9842E-05 9.9842E-05 9.9842E-05 9.9842E-05 9.9842E-05 9.9842E-05 0.109346 9.9842E-05 9.9842E-05
9.98509E-05 9.98509E-05 9.98509E-05 9.98509E-05 9.98509E-05 9.98509E-05 0.396382 9.98509E-05 0.56953 0.00928277 9.98509E-05 9.98509E-05 9.98509E-05 9.98509E-05 9.98509E-05 9.98509E-05 9.98509E-05 9.98509E-05 0.0231078 9.98509E-05 9.98509E-05
9.9842E-05 9.9842E-05 9.9842E-05 9.9842E-05 9.9842E-05 9.9842E-05 9.9842E-05 9.9842E-05 0.87697 9.9842E-05 9.9842E-05 9.9842E-05 9.9842E-05 0.0148794 9.9842E-05 9.9842E-05 9.9842E-05 9.9842E-05 0.106354 9.9842E-05 9.9842E-05
9.98506E-05 9.98506E-05 9.98506E-05 9.98506E-05 0.00597477 9.98506E-05 9.98506E-05 9.98506E-05 0.782873 0.0170005 9.98506E-05 9.98506E-05 9.98506E-05 9.98506E-05 9.98506E-05 9.98506E-05 9.98506E-05 9.98506E-05 0.192455 9.98506E-05 9.98506E-05
9.98594E-05 9.98594E-05 9.98594E-05 9.98594E-05 0.0338859 9.98594E-05 9.98594E-05 9.98594E-05 0.869158 0.0187194 9.98594E-05 9.98594E-05 9.98594E-05 0.0629398 9.98594E-05 9.98594E-05 9.98594E-05 0.0136992 9.98594E-05 9.98594E-05 9.98594E-05
9.98597E-05 9.98597E-05 9.98597E-05 9.98597E-05 9.98597E-05 9.98597E-05 9.98597E-05 9.98597E-05 0.680179 0.124689 9.98597E-05 0.00765671 9.98597E-05 9.98597E-05 9.98597E-05 9.98597E-05 9.98597E-05 9.98597E-05 0.141696 9.98597E-05 0.0441811
0.00405639 9.98684E-05 9.98684E-05 9.98684E-05 9.98684E-05 0.0472315 9.98684E-05 9.98684E-05 0.752885 0.0786648 9.98684E-05 9.98684E-05 9.98684E-05 9.98684E-05 9.98684E-05 9.98684E-05 9.98684E-05 0.0183534 0.0973106 9.98684E-05 9.98684E-05
9.9842E-05 0.0313693 9.9842E-05 9.9842E-05 9.9842E-05 9.9842E-05 9.9842E-05 9.9842E-05 0.793893 0.17294 9.9842E-05 9.9842E-05 9.9842E-05 9.9842E-05 9.9842E-05 9.9842E-05 9.9842E-05 9.9842E-05 9.9842E-05 9.9842E-05 9.9842E-05
9.98594E-05 9.98594E-05 9.98594E-05 9.98594E-05 9.98594E-05 9.98594E-05 9.98594E-05 9.98594E-05 0.328458 0.386262 9.98594E-05 0.230092 0.0370497 9.98594E-05 9.98594E-05 9.98594E-05 9.98594E-05 9.98594E-05 0.0165402 9.98594E-05 9.98594E-05
9.9842E-05 9.9842E-05 9.9842E-05 9.9842E-05 9.9842E-05 9.9842E-05 9.9842E-05 9.9842E-05 0.514147 0.157037 9.9842E-05 9.9842E-05 9.9842E-05 9.9842E-05 9.9842E-05 9.9842E-05 9.9842E-05 9.9842E-05 0.327019 9.9842E-05 9.9842E-05
9.9851E-05 9.9851E-05 9.9851E-05 9.9851E-05 9.9851E-05 9.9851E-05 0.148735 9.9851E-05 0.488904 9.9851E-05 9.9851E-05 0.352012 9.9851E-05 9.9851E-05 9.9851E-05 9.9851E-05 9.9851E-05 9.9851E-05 0.00865117 9.9851E-05 9.9851E-05
9.9851E-05 9.9851E-05 9.9851E-05 9.9851E-05 9.9851E-05 9.9851E-05 0.0204062 9.9851E-05 0.724231 9.9851E-05 9.9851E-05 0.159592 9.9851E-05 9.9851E-05 9.9851E-05 9.9851E-05 9.9851E-05 9.9851E-05 0.0940732 9.9851E-05 9.9851E-05
9.98423E-05 9.98423E-05 9.98423E-05 9.98423E-05 9.98423E-05 9.98423E-05 9.98423E-05 9.98423E-05 0.805766 0.096117 9.98423E-05 9.98423E-05 9.98423E-05 9.98423E-05 9.98423E-05 9.98423E-05 9.98423E-05 9.98423E-05 9.98423E-05 9.98423E-05 0.0963202
9.98598E-05 9.98598E-05 0.0406375 9.98598E-05 9.98598E-05 9.98598E-05 0.00489766 9.98598E-05 0.649576 0.148069 9.98598E-05 9.98598E-05 9.98598E-05 9.98598E-05 9.98598E-05 9.98598E-05 9.98598E-05 9.98598E-05 0.155222 9.98598E-05 9.98598E-05
9.98685E-05 9.98685E-05 9.98685E-05 9.98685E-05 0.0595743 9.98685E-05 0.0484464 9.98685E-05 0.704688 0.0239007 9.98685E-05 9.98685E-05 0.0716127 9.98685E-05 9.98685E-05 9.98685E-05 9.98685E-05 9.98685E-05 9.98685E-05 9.98685E-05 0.0902802
9.98509E-05 9.98509E-05 9.98509E-05 9.98509E-05 9.98509E-05 9.98509E-05 9.98509E-05 9.98509E-05 0.740432 9.98509E-05 9.98509E-05 0.0819255 9.98509E-05 9.98509E-05 9.98509E-05 9.98509E-05 9.98509E-05 9.98509E-05 0.10404 9.98509E-05 0.0719042
9.98683E-05 9.98683E-05 9.98683E-05 9.98683E-05 0.0580389 9.98683E-05 0.00932893 9.98683E-05 0.680559 0.0271201 9.98683E-05 0.198189 9.98683E-05 9.98683E-05 9.98683E-05 9.98683E-05 9.98683E-05 9.98683E-05 0.025266 9.98683E-05 9.98683E-05
9.98597E-05 9.98597E-05 9.98597E-05 9.98597E-05 9.98597E-05 0.0284936 0.0188774 9.98597E-05 0.647997 0.117523 9.98597E-05 9.98597E-05 9.98597E-05 9.98597E-05 9.98597E-05 9.98597E-05 9.98597E-05 9.98597E-05 9.98597E-05 9.98597E-05 0.185511
9.9851E-05 0.0151229 9.9851E-05 9.9851E-05 9.9851E-05 9.9851E-05 9.9851E-05 9.9851E-05 0.94622 0.0342152 9.9851E-05 0.00274425 9.9851E-05 9.9851E-05 9.9851E-05 9.9851E-05 9.9851E-05 9.9851E-05 9.9851E-05 9.9851E-05 9.9851E-05
9.98772E-05 0.0854496 9.98772E-05 0.0522233 9.98772E-05 9.98772E-05 0.119429 9.98772E-05 0.436096 0.124382 9.98772E-05 9.98772E-05 9.98772E-05 9.98772E-05 9.98772E-05 9.98772E-05 0.0760074 9.98772E-05 0.105014 9.98772E-05 9.98772E-05
9.98597E-05 9.98597E-05 9.98597E-05 9.98597E-05 9.98597E-05 9.98597E-05 9.98597E-05 9.98597E-05 0.692991 9.98597E-05 9.98597E-05 0.0514297 9.98597E-05 0.0245754 9.98597E-05 9.98597E-05 9.98597E-05 9.98597E-05 0.137734 9.98597E-05 0.0916716
0.106752 9.98508E-05 9.98508E-05 9.98508E-05 9.98508E-05 9.98508E-05 9.98508E-05 9.98508E-05 0.832999 0.0555373 9.98508E-05 9.98508E-05 9.98508E-05 9.98508E-05 9.98508E-05 9.98508E-05 9.98508E-05 9.98508E-05 0.00301408 9.98508E-05 9.98508E-05
9.98683E-05 9.98683E-05 9.98683E-05 0.0277871 9.98683E-05 9.98683E-05 9.98683E-05 0.0165012 0.463254 0.20704 9.98683E-05 0.0757006 9.98683E-05 9.98683E-05 9.98683E-05 9.98683E-05 9.98683E-05 9.98683E-05 0.20822 9.98683E-05 9.98683E-05
9.9851E-05 9.9851E-05 9.9851E-05 9.9851E-05 9.9851E-05 9.9851E-05 0.129371 9.9851E-05 0.630029 0.22641 9.9851E-05 9.9851E-05 9.9851E-05 0.012493 9.9851E-05 9.9851E-05 9.9851E-05 9.9851E-05 9.9851E-05 9.9851E-05 9.9851E-05
9.98683E-05 9.98683E-05 9.98683E-05 0.05692 9.98683E-05 9.98683E-05 9.98683E-05 0.00456414 0.479167 0.195346 0.00338527 9.98683E-05 9.98683E-05 9.98683E-05 9.98683E-05 9.98683E-05 9.98683E-05 9.98683E-05 0.25912 9.98683E-05 9.98683E-05
9.98773E-05 9.98773E-05 9.98773E-05 9.98773E-05 9.98773E-05 9.98773E-05 0.245049 9.98773E-05 0.291954 0.173639 9.98773E-05 0.0519997 0.0418645 9.98773E-05 0.00449528 9.98773E-05 9.98773E-05 9.98773E-05 0.189599 9.98773E-05 9.98773E-05
9.98772E-05 9.98772E-05 0.147019 9.98772E-05 9.98772E-05 0.0210978 0.504349 9.98772E-05 0.203299 9.98772E-05 9.98772E-05 9.98772E-05 9.98772E-05 0.0560385 9.98772E-05 9.98772E-05 9.98772E-05 9.98772E-05 0.0620934 0.00470569 9.98772E-05
9.98417E-05 9.98417E-05 9.98417E-05 9.98417E-05 9.98417E-05 9.98417E-05 9.98417E-05 9.98417E-05 0.859916 0.0891662 9.98417E-05 9.98417E-05 9.98417E-05 9.98417E-05 9.98417E-05 9.98417E-05 9.98417E-05 9.98417E-05 0.0491207 9.98417E-05 9.98417E-05
9.9851E-05 9.9851E-05 9.9851E-05 9.9851E-05 9.9851E-05 9.9851E-05 9.9851E-05 9.9851E-05 0.504304 0.224786 9.9851E-05 0.0190508 9.9851E-05 9.9851E-05 9.9851E-05 9.9851E-05 9.9851E-05 9.9851E-05 0.250162 9.9851E-05 9.9851E-05
9.9851E-05 9.9851E-05 9.9851E-05 9.9851E-05 9.9851E-05 9.9851E-05 0.014234 9.9851E-05 0.755556 9.9851E-05 9.9851E-05 9.9851E-05 9.9851E-05 0.125532 9.9851E-05 9.9851E-05 9.9851E-05 9.9851E-05 0.102981 9.9851E-05 9.9851E-05
9.9851E-05 9.9851E-05 9.9851E-05 9.9851E-05 9.9851E-05 9.9851E-05 9.9851E-05 9.9851E-05 0.718624 0.0134621 9.9851E-05 9.9851E-05 0.0941882 9.9851E-05 9.9851E-05 9.9851E-05 9.9851E-05 9.9851E-05 0.172028 9.9851E-05 9.9851E-05
9.9842E-05 9.9842E-05 9.9842E-05 9.9842E-05 9.9842E-05 9.9842E-05 9.9842E-05 9.9842E-05 0.93834 9.9842E-05 9.9842E-05 9.9842E-05 9.9842E-05 9.9842E-05 0.0570491 9.9842E-05 9.9842E-05 9.9842E-05 0.00281361 9.9842E-05 9.9842E-05
9.98594E-05 9.98594E-05 9.98594E-05 0.112821 9.98594E-05 9.98594E-05 9.98594E-05 9.98594E-05 0.402927 0.241633 9.98594E-05 9.98594E-05 9.98594E-05 0.154006 9.98594E-05 9.98594E-05 9.98594E-05 9.98594E-05 0.0870155 9.98594E-05 9.98594E-05
9.98418E-05 9.98418E-05 9.98418E-05 9.98418E-05 9.98418E-05 0.132094 9.98418E-05 9.98418E-05 0.809658 9.98418E-05 9.98418E-05 9.98418E-05 9.98418E-05 9.98418E-05 9.98418E-05 9.98418E-05 9.98418E-05 9.98418E-05 0.0564506 9.98418E-05 9.98418E-05
9.98332E-05 9.98332E-05 9.98332E-05 9.98332E-05 9.98332E-05 9.98332E-05 9.98332E-05 9.98332E-05 0.890755 9.98332E-05 9.98332E-05 9.98332E-05 9.98332E-05 9.98332E-05 9.98332E-05 9.98332E-05 9.98332E-05 9.98332E-05 0.107348 9.98332E-05 9.98332E-05
9.98596E-05 9.98596E-05 9.98596E-05 9.98596E-05 9.98596E-05 0.00671437 0.0897691 9.98596E-05 0.7535 0.0553659 9.98596E-05 9.98596E-05 9.98596E-05 9.98596E-05 9.98596E-05 9.98596E-05 9.98596E-05 9.98596E-05 9.98596E-05 9.98596E-05 0.0930527
0.0021406 9.98682E-05 9.98682E-05 9.98682E-05 0.00915512 9.98682E-05 9.98682E-05 9.98682E-05 0.66068 0.0632124 9.98682E-05 9.98682E-05 9.98682E-05 9.98682E-05 9.98682E-05 9.98682E-05 9.98682E-05 0.0647336 0.198581 9.98682E-05 9.98682E-05
0.00359736 9.98595E-05 9.98595E-05 9.98595E-05 9.98595E-05 9.98595E-05 0.462144 9.98595E-05 0.3657 0.130834 9.98595E-05 9.98595E-05 9.98595E-05 0.0361271 9.98595E-05 9.98595E-05 9.98595E-05 9.98595E-05 9.98595E-05 9.98595E-05 9.98595E-05
9.9851E-05 9.9851E-05 9.9851E-05 9.9851E-05 9.9851E-05 9.9851E-05 0.167865 9.9851E-05 0.732843 0.0326252 9.9851E-05 9.9851E-05 9.9851E-05 9.9851E-05 9.9851E-05 9.9851E-05 9.9851E-05 9.9851E-05 0.0649693 9.9851E-05 9.9851E-05
9.98423E-05 9.98423E-05 9.98423E-05 9.98423E-05 9.98423E-05 9.98423E-05 0.239663 9.98423E-05 0.740955 9.98423E-05 9.98423E-05 9.98423E-05 9.98423E-05 0.0175846 9.98423E-05 9.98423E-05 9.98423E-05 9.98423E-05 9.98423E-05 9.98423E-05 9.98423E-05
9.9851E-05 9.9851E-05 9.9851E-05 9.9851E-05 9.9851E-05 9.9851E-05 0.365337 9.9851E-05 0.603184 0.00694774 9.9851E-05 0.0228341 9.9851E-05 9.9851E-05 9.9851E-05 9.9851E-05 9.9851E-05 9.9851E-05 9.9851E-05 9.9851E-05 9.9851E-05
9.98508E-05 9.98508E-05 9.98508E-05 9.98508E-05 9.98508E-05 9.98508E-05 9.98508E-05 9.98508E-05 0.488962 0.1425 9.98508E-05 0.072426 9.98508E-05 9.98508E-05 9.98508E-05 9.98508E-05 9.98508E-05 9.98508E-05 0.294414 9.98508E-05 9.98508E-05
9.98421E-05 9.98421E-05 9.98421E-05 9.98421E-05 9.98421E-05 9.98421E-05 9.98421E-05 9.98421E-05 0.793771 0.195678 9.98421E-05 9.98421E-05 9.98421E-05 0.00875421 9.98421E-05 9.98421E-05 9.98421E-05 9.98421E-05 9.98421E-05 9.98421E-05 9.98421E-05
9.98597E-05 9.98597E-05 9.98597E-05 0.0548072 9.98597E-05 9.98597E-05 0.544993 9.98597E-05 0.178793 0.136031 9.98597E-05 9.98597E-05 9.98597E-05 9.98597E-05 9.98597E-05 9.98597E-05 9.98597E-05 9.98597E-05 0.0837771 9.98597E-05 9.98597E-05
9.98422E-05 9.98422E-05 9.98422E-05 9.98422E-05 9.98422E-05 9.98422E-05 0.34621 9.98422E-05 0.573102 9.98422E-05 9.98422E-05 9.98422E-05 9.98422E-05 9.98422E-05 9.98422E-05 9.98422E-05 9.98422E-05 9.98422E-05 0.0788909 9.98422E-05 9.98422E-05
9.98858E-05 9.98858E-05 9.98858E-05 0.131375 0.0267803 9.98858E-05 9.98858E-05 9.98858E-05 0.473106 0.174207 9.98858E-05 0.0905236 9.98858E-05 0.0427253 9.98858E-05 9.98858E-05 9.98858E-05 0.0310748 0.0289091 9.98858E-05 9.98858E-05
9.98597E-05 9.98597E-05 9.98597E-05 9.98597E-05 9.98597E-05 9.98597E-05 9.98597E-05 9.98597E-05 0.605033 0.00614411 9.98597E-05 9.98597E-05 9.98597E-05 9.98597E-05 9.98597E-05 9.98597E-05 0.300739 0.0218471 0.0646392 9.98597E-05 9.98597E-05
9.98949E-05 9.98949E-05 0.0166951 0.0189107 9.98949E-05 9.98949E-05 0.0158911 9.98949E-05 0.497236 0.136894 9.98949E-05 0.130531 9.98949E-05 9.98949E-05 0.0737328 9.98949E-05 9.98949E-05 0.0950996 0.0138108 9.98949E-05 9.98949E-05
0.0469365 9.98772E-05 0.00924626 0.0319818 9.98772E-05 0.0209418 9.98772E-05 9.98772E-05 0.396762 0.255607 9.98772E-05 9.98772E-05 9.98772E-05 9.98772E-05 9.98772E-05 9.98772E-05 9.98772E-05 9.98772E-05 0.237126 9.98772E-05 9.98772E-05
9.98419E-05 9.98419E-05 9.98419E-05 9.98419E-05 9.98419E-05 9.98419E-05 0.390592 9.98419E-05 0.571042 9.98419E-05 9.98419E-05 9.98419E-05 9.98419E-05 9.98419E-05 9.98419E-05 9.98419E-05 9.98419E-05 9.98419E-05 0.0365695 9.98419E-05 9.98419E-05
9.98507E-05 0.177666 9.98507E-05 9.98507E-05 9.98507E-05 9.98507E-05 9.98507E-05 9.98507E-05 0.68427 9.98507E-05 9.98507E-05 9.98507E-05 9.98507E-05 9.98507E-05 9.98507E-05 9.98507E-05 9.98507E-05 9.98507E-05 0.0712627 9.98507E-05 0.0651037
9.98683E-05 9.98683E-05 9.98683E-05 9.98683E-05 9.98683E-05 9.98683E-05 0.569161 9.98683E-05 0.200906 0.122554 9.98683E-05 9.98683E-05 9.98683E-05 0.0965079 9.98683E-05 9.98683E-05 0.000445433 9.98683E-05 0.00892767 9.98683E-05 9.98683E-05
9.98598E-05 9.98598E-05 9.98598E-05 9.98598E-05 9.98598E-05 9.98598E-05 0.154971 9.98598E-05 0.581659 0.0606648 9.98598E-05 9.98598E-05 9.98598E-05 9.98598E-05 9.98598E-05 9.98598E-05 9.98598E-05 0.0496273 0.15148 9.98598E-05 9.98598E-05
9.98332E-05 9.98332E-05 9.98332E-05 9.98332E-05 9.98332E-05 9.98332E-05 9.98332E-05 9.98332E-05 0.929698 9.98332E-05 9.98332E-05 9.98332E-05 9.98332E-05 9.98332E-05 9.98332E-05 9.98332E-05 9.98332E-05 9.98332E-05 9.98332E-05 9.98332E-05 0.068405
0.0157294 0.0796209 9.9842E-05 9.9842E-05 9.9842E-05 9.9842E-05 9.9842E-05 9.9842E-05 0.902853 9.9842E-05 9.9842E-05 9.9842E-05 9.9842E-05 9.9842E-05 9.9842E-05 9.9842E-05 9.9842E-05 9.9842E-05 9.9842E-05 9.9842E-05 9.9842E-05
9.98507E-05 9.98507E-05 9.98507E-05 9.98507E-05 9.98507E-05 9.98507E-05 9.98507E-05 9.98507E-05 0.523427 0.158051 9.98507E-05 0.131882 9.98507E-05 9.98507E-05 9.98507E-05 9.98507E-05 9.98507E-05 9.98507E-05 0.184942 9.98507E-05 9.98507E-05
9.9842E-05 9.9842E-05 9.9842E-05 9.9842E-05 9.9842E-05 9.9842E-05 9.9842E-05 9.9842E-05 0.711232 0.167315 9.9842E-05 9.9842E-05 9.9842E-05 9.9842E-05 9.9842E-05 9.9842E-05 9.9842E-05 9.9842E-05 0.119656 9.9842E-05 9.9842E-05
9.9842E-05 9.9842E-05 9.9842E-05 9.9842E-05 9.9842E-05 9.9842E-05 9.9842E-05 9.9842E-05 0.915667 0.00931197 9.9842E-05 9.9842E-05 9.9842E-05 9.9842E-05 0.0732241 9.9842E-05 9.9842E-05 9.9842E-05 9.9842E-05 9.9842E-05 9.9842E-05
9.9851E-05 0.0206709 9.9851E-05 0.0878784 9.9851E-05 9.9851E-05 9.9851E-05 9.9851E-05 0.824486 9.9851E-05 9.9851E-05 9.9851E-05 9.9851E-05 9.9851E-05 9.9851E-05 9.9851E-05 9.9851E-05 9.9851E-05 0.0652673 9.9851E-05 9.9851E-05
9.98509E-05 9.98509E-05 9.98509E-05 9.98509E-05 9.98509E-05 9.98509E-05 0.0908499 9.98509E-05 0.70497 0.15008 9.98509E-05 9.98509E-05 9.98509E-05 9.98509E-05 9.98509E-05 9.98509E-05 9.98509E-05 9.98509E-05 0.0524026 9.98509E-05 9.98509E-05
9.98243E-05 9.98243E-05 9.98243E-05 9.98243E-05 9.98243E-05 9.98243E-05 9.98243E-05 9.98243E-05 9.98243E-05 9.98243E-05 9.98243E-05 9.98243E-05 9.98243E-05 9.98243E-05 9.98243E-05 9.98243E-05 9.98243E-05 9.98243E-05 0.998004 9.98243E-05 9.98243E-05
9.98243E-05 9.98243E-05 9.98243E-05 9.98243E-05 9.98243E-05 9.98243E-05 9.98243E-05 9.98243E-05 9.98243E-05 0.998004 9.98243E-05 9.98243E-05 9.98243E-05 9.98243E-05 9.98243E-05 9.98243E-05 9.98243E-05 9.98243E-05 9.98243E-05 9.98243E-05 9.98243E-05
9.98241E-05 9.98241E-05 9.98241E-05 9.98241E-05 9.98241E-05 9.98241E-05 9.98241E-05 9.98241E-05 9.98241E-05 9.98241E-05 9.98241E-05 9.98241E-05 9.98241E-05 9.98241E-05 9.98241E-05 9.98241E-05 9.98241E-05 9.98241E-05 0.998004 9.98241E-05 9.98241E-05
9.98241E-05 9.98241E-05 9.98241E-05 9.98241E-05 9.98241E-05 9.98241E-05 9.98241E-05 9.98241E-05 9.98241E-05 0.998004 9.98241E-05 9.98241E-05 9.98241E-05 9.98241E-05 9.98241E-05 9.98241E-05 9.98241E-05 9.98241E-05 9.98241E-05 9.98241E-05 9.98241E-05
9.98241E-05 9.98241E-05 9.98241E-05 9.98241E-05 9.98241E-05 9.98241E-05 9.98241E-05 9.98241E-05 9.98241E-05 0.998004 9.98241E-05 9.98241E-05 9.98241E-05 9.98241E-05 9.98241E-05 9.98241E-05 9.98241E-05 9.98241E-05 9.98241E-05 9.98241E-05 9.98241E-05
9.98242E-05 9.98242E-05 9.98242E-05 9.98242E-05 9.98242E-05 9.98242E-05 9.98242E-05 9.98242E-05 9.98242E-05 0.998004 9.98242E-05 9.98242E-05 9.98242E-05 9.98242E-05 9.98242E-05 9.98242E-05 9.98242E-05 9.98242E-05 9.98242E-05 9.98242E-05 9.98242E-05
9.98242E-05 9.98242E-05 9.98242E-05 9.98242E-05 9.98242E-05 9.98242E-05 9.98242E-05 9.98242E-05 9.98242E-05 9.98242E-05 9.98242E-05 9.98242E-05 9.98242E-05 9.98242E-05 9.98242E-05 9.98242E-05 9.98242E-05 9.98242E-05 0.998004 9.98242E-05 9.98242E-05
9.98242E-05 9.98242E-05 9.98242E-05 9.98242E-05 9.98242E-05 9.98242E-05 9.98242E-05 9.98242E-05 9.98242E-05 0.998004 9.98242E-05 9.98242E-05 9.98242E-05 9.98242E-05 9.98242E-05 9.98242E-05 9.98242E-05 9.98242E-05 9.98242E-05 9.98242E-05 9.98242E-05
9.98242E-05 9.98242E-05 9.98242E-05 9.98242E-05 9.98242E-05 9.98242E-05 9.98242E-05 9.98242E-05 9.98242E-05 0.998004 9.98242E-05 9.98242E-05 9.98242E-05 9.98242E-05 9.98242E-05 9.98242E-05 9.98242E-05 9.98242E-05 9.98242E-05 9.98242E-05 9.98242E-05
9.98242E-05 9.98242E-05 9.98242E-05 9.98242E-05 9.98242E-05 9.98242E-05 9.98242E-05 9.98242E-05 9.98242E-05 9.98242E-05 9.98242E-05 9.98242E-05 9.98242E-05 9.98242E-05 9.98242E-05 9.98242E-05 9.98242E-05 9.98242E-05 0.998004 9.98242E-05 9.98242E-05
9.98241E-05 9.98241E-05 9.98241E-05 9.98241E-05 9.98241E-05 9.98241E-05 9.98241E-05 9.98241E-05 9.98241E-05 9.98241E-05 9.98241E-05 9.98241E-05 9.98241E-05 9.98241E-05 9.98241E-05 9.98241E-05 9.98241E-05 9.98241E-05 0.998004 9.98241E-05 9.98241E-05
9.98241E-05 9.98241E-05 9.98241E-05 9.98241E-05 9.98241E-05 9.98241E-05 9.98241E-05 9.98241E-05 9.98241E-05 9.98241E-05 9.98241E-05 9.98241E-05 9.98241E-05 9.98241E-05 9.98241E-05 9.98241E-05 9.98241E-05 9.98241E-05 0.998004 9.98241E-05 9.98241E-05
9.98241E-05 9.98241E-05 9.98241E-05 9.98241E-05 9.98241E-05 9.98241E-05 9.98241E-05 9.98241E-05 9.98241E-05 0.998004 9.98241E-05 9.98241E-05 9.98241E-05 9.98241E-05 9.98241E-05 9.98241E-05 9.98241E-05 9.98241E-05 9.98241E-05 9.98241E-05 9.98241E-05
9.98243E-05 9.98243E-05 9.98243E-05 9.98243E-05 9.98243E-05 9.98243E-05 9.98243E-05 9.98243E-05 9.98243E-05 0.998004 9.98243E-05 9.98243E-05 9.98243E-05 9.98243E-05 9.98243E-05 9.98243E-05 9.98243E-05 9.98243E-05 9.98243E-05 9.98243E-05 9.98243E-05
9.98331E-05 9.98331E-05 9.98331E-05 9.98331E-05 9.98331E-05 9.98331E-05 9.98331E-05 9.98331E-05 9.98331E-05 9.98331E-05 9.98331E-05 9.98331E-05 9.98331E-05 9.98331E-05 9.98331E-05 9.98331E-05 9.98331E-05 0.0476547 0.950448 9.98331E-05 9.98331E-05
9.98242E-05 9.98242E-05 9.98242E-05 9.98242E-05 9.98242E-05 9.98242E-05 9.98242E-05 9.98242E-05 9.98242E-05 9.98242E-05 9.98242E-05 9.98242E-05 9.98242E-05 9.98242E-05 9.98242E-05 9.98242E-05 9.98242E-05 9.98242E-05 0.998004 9.98242E-05 9.98242E-05
9.98682E-05 9.98682E-05 0.0919259 9.98682E-05 9.98682E-05 9.98682E-05 9.98682E-05 0.146593 0.530323 0.0780857 9.98682E-05 9.98682E-05 9.98682E-05 9.98682E-05 9.98682E-05 9.98682E-05 9.98682E-05 9.98682E-05 0.130275 0.0212988 9.98682E-05
9.98243E-05 9.98243E-05 9.98243E-05 9.98243E-05 9.98243E-05 9.98243E-05 9.98243E-05 9.98243E-05 9.98243E-05 9.98243E-05 9.98243E-05 9.98243E-05 9.98243E-05 9.98243E-05 9.98243E-05 9.98243E-05 9.98243E-05 9.98243E-05 0.998004 9.98243E-05 9.98243E-05
9.98243E-05 9.98243E-05 9.98243E-05 9.98243E-05 9.98243E-05 9.98243E-05 9.98243E-05 9.98243E-05 9.98243E-05 0.998004 9.98243E-05 9.98243E-05 9.98243E-05 9.98243E-05 9.98243E-05 9.98243E-05 9.98243E-05 9.98243E-05 9.98243E-05 9.98243E-05 9.98243E-05
