9.99385E-05 0.0490051 9.99385E-05 0.0483064 0.149745 0.517699 9.99385E-05 9.99385E-05 0.12691 9.99385E-05 0.107635 9.99385E-05 9.99385E-05
0.01728 9.99385E-05 9.99385E-05 9.99385E-05 0.164706 0.787399 9.99385E-05 9.99385E-05 0.00807244 9.99385E-05 0.00361883 0.0182236 9.99385E-05
0.0455011 9.99209E-05 9.99209E-05 9.99209E-05 9.99209E-05 0.875559 9.99209E-05 9.99209E-05 9.99209E-05 0.0240373 0.0540033 9.99209E-05 9.99209E-05
9.99473E-05 9.99473E-05 9.99473E-05 0.419788 9.99473E-05 0.231721 0.0272909 9.99473E-05 0.0628014 0.168891 0.0736294 0.0152783 9.99473E-05
0.164781 9.99123E-05 9.99123E-05 9.99123E-05 9.99123E-05 0.794615 0.0396049 9.99123E-05 9.99123E-05 9.99123E-05 9.99123E-05 9.99123E-05 9.99123E-05
0.039421 9.99649E-05 9.99649E-05 0.172922 0.0656528 0.247511 0.171621 0.0437052 0.0590917 0.196235 0.0034396 9.99649E-05 9.99649E-05
9.99474E-05 0.0739061 9.99474E-05 0.162279 0.162644 0.259376 9.99474E-05 9.99474E-05 0.159417 9.99474E-05 0.0684192 9.99474E-05 0.113358
0.122242 9.99561E-05 9.99561E-05 0.22998 9.99561E-05 0.270647 0.18854 0.0318818 9.99561E-05 0.0511604 0.0313034 9.99561E-05 0.073746
0.0145125 0.252926 9.99385E-05 9.99385E-05 9.99385E-05 0.222588 0.21114 9.99385E-05 0.201544 0.0965901 9.99385E-05 9.99385E-05 9.99385E-05
9.99122E-05 9.99122E-05 9.99122E-05 9.99122E-05 9.99122E-05 0.87017 9.99122E-05 0.0583055 0.0705253 9.99122E-05 9.99122E-05 9.99122E-05 9.99122E-05
9.99298E-05 0.00114374 9.99298E-05 9.99298E-05 9.99298E-05 0.548319 0.0791452 9.99298E-05 0.208794 9.99298E-05 0.161799 9.99298E-05 9.99298E-05
0.0800683 9.9921E-05 9.9921E-05 9.9921E-05 9.9921E-05 0.87163 9.9921E-05 9.9921E-05 0.0301425 9.9921E-05 0.0172603 9.9921E-05 9.9921E-05
9.99209E-05 9.99209E-05 9.99209E-05 0.0344065 9.99209E-05 0.853739 0.000824478 9.99209E-05 0.110131 9.99209E-05 9.99209E-05 9.99209E-05 9.99209E-05
9.993E-05 9.993E-05 0.0515007 9.993E-05 9.993E-05 0.617829 9.993E-05 9.993E-05 0.0982935 0.159036 0.0554719 9.993E-05 0.0171691
9.99473E-05 0.00729325 9.99473E-05 0.0961294 0.0665333 0.365435 0.129483 9.99473E-05 0.131667 0.20286 9.99473E-05 9.99473E-05 9.99473E-05
9.99385E-05 9.99385E-05 9.99385E-05 0.210433 9.99385E-05 0.29082 0.187139 9.99385E-05 0.206875 0.0229973 9.99385E-05 9.99385E-05 0.0810359
9.99473E-05 9.99473E-05 0.13682 0.0750806 0.0752211 0.55786 9.99473E-05 9.99473E-05 0.08145 9.99473E-05 0.0608163 9.99473E-05 0.0121522
9.99473E-05 9.99473E-05 9.99473E-05 9.99473E-05 9.99473E-05 0.302384 0.14113 0.171141 0.216845 0.0662273 0.0203001 0.0813738 9.99473E-05
9.99385E-05 9.99385E-05 9.99385E-05 0.17614 9.99385E-05 0.376471 0.156287 0.0354246 0.208389 9.99385E-05 0.0465881 9.99385E-05 9.99385E-05
9.99122E-05 9.99122E-05 9.99122E-05 9.99122E-05 9.99122E-05 0.91394 0.000437372 9.99122E-05 9.99122E-05 9.99122E-05 9.99122E-05 0.084624 9.99122E-05
0.0710161 0.0399882 9.99737E-05 0.138799 9.99737E-05 0.506422 0.100767 9.99737E-05 0.0354235 0.0166188 0.0714857 0.00567603 0.0135031
0.116869 9.99386E-05 9.99386E-05 0.259827 0.0367905 0.307541 0.181986 9.99386E-05 9.99386E-05 0.0962872 9.99386E-05 9.99386E-05 9.99386E-05
9.9921E-05 9.9921E-05 9.9921E-05 9.9921E-05 9.9921E-05 0.625145 9.9921E-05 9.9921E-05 0.196445 0.0803834 0.0971267 9.9921E-05 9.9921E-05
9.99385E-05 0.0849881 9.99385E-05 0.0994574 9.99385E-05 0.446054 9.99385E-05 9.99385E-05 0.327853 0.0339748 9.99385E-05 9.99385E-05 0.00697329
9.99473E-05 0.0917873 9.99473E-05 9.99473E-05 9.99473E-05 0.251198 0.0183874 9.99473E-05 0.22807 0.244882 0.103292 0.0617834 9.99473E-05
0.0728147 0.0470046 9.99385E-05 9.99385E-05 9.99385E-05 0.680988 0.0302526 9.99385E-05 0.0767794 0.091461 9.99385E-05 9.99385E-05 9.99385E-05
9.99473E-05 0.0508217 9.99473E-05 9.99473E-05 9.99473E-05 0.112027 0.0865921 0.118978 0.179433 0.373007 9.99473E-05 9.99473E-05 0.0785413
9.9921E-05 9.9921E-05 9.9921E-05 0.240842 0.00915972 0.649544 9.9921E-05 9.9921E-05 0.099555 9.9921E-05 9.9921E-05 9.9921E-05 9.9921E-05
9.99298E-05 0.0359102 9.99298E-05 9.99298E-05 9.99298E-05 0.597268 9.99298E-05 9.99298E-05 0.22429 0.139484 0.00224802 9.99298E-05 9.99298E-05
9.99473E-05 0.0382357 0.0155434 9.99473E-05 9.99473E-05 0.780977 0.0300237 9.99473E-05 0.0463987 0.0661405 0.0220813 9.99473E-05 9.99473E-05
9.99473E-05 9.99473E-05 9.99473E-05 0.00831615 0.0583756 0.625508 0.0900965 0.0302595 9.99473E-05 9.99473E-05 0.106423 0.0804222 9.99473E-05
9.99298E-05 9.99298E-05 9.99298E-05 0.0830088 9.99298E-05 0.543544 9.99298E-05 9.99298E-05 0.0897796 0.216921 0.065947 9.99298E-05 9.99298E-05
9.99385E-05 9.99385E-05 9.99385E-05 9.99385E-05 9.99385E-05 0.463926 0.0115982 9.99385E-05 0.192328 0.0667348 0.144342 9.99385E-05 0.120371
9.99473E-05 9.99473E-05 9.99473E-05 0.0331976 9.99473E-05 0.485981 9.99473E-05 0.0291178 0.1432 0.25887 0.0136705 9.99473E-05 0.0353623
9.99298E-05 9.99298E-05 9.99298E-05 9.99298E-05 0.0367618 0.722671 9.99298E-05 0.0328067 9.99298E-05 9.99298E-05 0.0980427 0.108918 9.99298E-05
9.99473E-05 0.129381 9.99473E-05 0.0693886 0.0527721 0.66312 0.0378616 9.99473E-05 0.0345049 9.99473E-05 0.0123724 9.99473E-05 9.99473E-05
9.99211E-05 9.99211E-05 9.99211E-05 0.131817 0.00378892 0.829848 9.99211E-05 9.99211E-05 9.99211E-05 9.99211E-05 9.99211E-05 9.99211E-05 0.0336464
9.99386E-05 9.99386E-05 0.0022973 9.99386E-05 0.0528096 0.64798 0.162043 9.99386E-05 0.0706251 9.99386E-05 9.99386E-05 0.0635448 9.99386E-05
0.0464547 9.99649E-05 0.026508 0.0527651 0.076776 0.512489 0.0523459 9.99649E-05 0.116535 0.103337 0.0123894 9.99649E-05 9.99649E-05
9.9921E-05 9.9921E-05 9.9921E-05 9.9921E-05 9.9921E-05 0.444762 9.9921E-05 9.9921E-05 0.157979 0.204089 9.9921E-05 9.9921E-05 0.192271
0.0142766 0.0175448 9.99386E-05 0.121114 9.99386E-05 0.774273 9.99386E-05 9.99386E-05 0.0528783 9.99386E-05 0.0192139 9.99386E-05 9.99386E-05
9.99474E-05 0.105193 9.99474E-05 9.99474E-05 0.0157601 0.689167 0.0919064 0.00505413 0.0824076 9.99474E-05 0.00991156 9.99474E-05 9.99474E-05
9.9921E-05 9.9921E-05 0.0625892 9.9921E-05 0.102322 0.798232 9.9921E-05 9.9921E-05 9.9921E-05 0.0359574 9.9921E-05 9.9921E-05 9.9921E-05
9.99386E-05 0.078957 9.99386E-05 9.99386E-05 0.0528476 0.452974 0.12764 9.99386E-05 0.22515 9.99386E-05 0.0617314 9.99386E-05 9.99386E-05
9.9921E-05 9.9921E-05 9.9921E-05 0.417915 9.9921E-05 0.352284 9.9921E-05 9.9921E-05 0.226978 9.9921E-05 0.0019239 9.9921E-05 9.9921E-05
0.0715565 9.99473E-05 9.99473E-05 0.0311171 0.027804 0.783424 0.02755 9.99473E-05 0.0183957 9.99473E-05 9.99473E-05 0.039553 9.99473E-05
9.99297E-05 9.99297E-05 9.99297E-05 9.99297E-05 9.99297E-05 0.835398 0.0261818 0.036332 0.0838726 9.99297E-05 0.0174163 9.99297E-05 9.99297E-05
9.99122E-05 9.99122E-05 9.99122E-05 9.99122E-05 9.99122E-05 0.900486 9.99122E-05 9.99122E-05 0.0789122 9.99122E-05 9.99122E-05 9.99122E-05 0.0196029
9.9921E-05 9.9921E-05 9.9921E-05 0.129642 9.9921E-05 0.564394 9.9921E-05 9.9921E-05 0.238788 9.9921E-05 0.0662772 9.9921E-05 9.9921E-05
0.0300453 9.99387E-05 9.99387E-05 9.99387E-05 9.99387E-05 0.741319 0.00515434 0.0670433 0.0278811 9.99387E-05 9.99387E-05 9.99387E-05 0.127857
0.00193863 0.0444446 9.99649E-05 0.0723611 0.0108977 0.258282 0.0895292 9.99649E-05 0.288477 0.15964 0.07403 9.99649E-05 9.99649E-05
0.179531 0.0827188 9.99474E-05 0.0863295 9.99474E-05 0.522163 0.0379443 9.99474E-05 9.99474E-05 0.0854993 9.99474E-05 9.99474E-05 0.0052145
9.9921E-05 9.9921E-05 9.9921E-05 9.9921E-05 9.9921E-05 0.863572 0.025144 0.0923234 0.0180614 9.9921E-05 9.9921E-05 9.9921E-05 9.9921E-05
0.0715838 9.99386E-05 9.99386E-05 9.99386E-05 9.99386E-05 0.605978 9.99386E-05 0.0298619 9.99386E-05 0.0172646 0.00580723 9.99386E-05 0.268805
9.99299E-05 9.99299E-05 9.99299E-05 9.99299E-05 9.99299E-05 0.755996 0.015954 9.99299E-05 0.126355 9.99299E-05 9.99299E-05 0.0912776 0.00961815
9.9921E-05 9.9921E-05 9.9921E-05 9.9921E-05 9.9921E-05 0.721226 9.9921E-05 9.9921E-05 9.9921E-05 0.109075 0.0296474 0.139153 9.9921E-05
9.99297E-05 9.99297E-05 9.99297E-05 0.038753 9.99297E-05 0.758493 9.99297E-05 0.0605999 0.0913584 9.99297E-05 0.0499966 9.99297E-05 9.99297E-05
9.9921E-05 9.9921E-05 9.9921E-05 0.0842834 9.9921E-05 0.797516 9.9921E-05 9.9921E-05 0.0815388 9.9921E-05 0.0357628 9.9921E-05 9.9921E-05
9.99297E-05 9.99297E-05 9.99297E-05 9.99297E-05 0.0458919 0.876348 0.0219856 9.99297E-05 0.0435463 9.99297E-05 0.0114285 9.99297E-05 9.99297E-05
9.99561E-05 0.04613 9.99561E-05 9.99561E-05 0.326226 0.0994158 0.00276655 0.127206 0.216292 0.162092 0.0193727 9.99561E-05 9.99561E-05
9.99387E-05 0.0952932 9.99387E-05 0.205039 0.294031 0.3288 9.99387E-05 9.99387E-05 0.07286 9.99387E-05 9.99387E-05 9.99387E-05 0.00327787
9.99561E-05 9.99561E-05 0.0760016 9.99561E-05 0.268965 0.334701 9.99561E-05 0.0836658 0.0329352 0.0104013 0.0810299 9.99561E-05 0.1118
9.99386E-05 9.99386E-05 9.99386E-05 9.99386E-05 0.448844 9.99386E-05 0.0967485 0.0660686 0.0770576 0.310427 0.000154305 9.99386E-05 9.99386E-05
9.99649E-05 9.99649E-05 9.99649E-05 0.183396 0.150607 0.112766 0.150778 0.0707071 0.249504 9.99649E-05 0.0232553 0.0211103 0.0374762
9.99474E-05 0.0200378 9.99474E-05 9.99474E-05 0.212028 9.99474E-05 0.0757099 0.116064 0.401479 0.0674519 0.106631 9.99474E-05 9.99474E-05
9.99298E-05 9.99298E-05 9.99298E-05 0.163962 0.572007 9.99298E-05 9.99298E-05 9.99298E-05 0.190574 0.0379694 0.0346881 9.99298E-05 9.99298E-05
9.99298E-05 9.99298E-05 9.99298E-05 9.99298E-05 0.273505 9.99298E-05 0.015968 0.264429 0.198268 0.247031 9.99298E-05 9.99298E-05 9.99298E-05
9.99386E-05 0.116044 9.99386E-05 9.99386E-05 0.372503 0.175092 9.99386E-05 0.0638701 0.0533965 0.218396 9.99386E-05 9.99386E-05 9.99386E-05
9.99386E-05 9.99386E-05 9.99386E-05 0.150618 0.246265 0.255853 0.0506456 9.99386E-05 0.137084 9.99386E-05 0.158835 9.99386E-05 9.99386E-05
9.99385E-05 9.99385E-05 9.99385E-05 0.0755625 0.079503 9.99385E-05 0.122608 0.0559733 0.435933 9.99385E-05 0.229721 9.99385E-05 9.99385E-05
9.99473E-05 9.99473E-05 9.99473E-05 0.218791 0.251423 0.0247962 0.0603105 9.99473E-05 0.194098 9.99473E-05 0.12298 9.99473E-05 0.127001
0.0764401 0.00188274 9.99736E-05 0.113281 0.118567 9.99736E-05 0.153092 9.99736E-05 0.0877845 0.211905 0.151811 0.0074046 0.0775324
0.0285878 9.99473E-05 9.99473E-05 0.109486 0.329803 0.0237948 9.99473E-05 9.99473E-05 0.351713 0.0952292 9.99473E-05 9.99473E-05 0.0607855
9.99475E-05 0.0744351 9.99475E-05 9.99475E-05 0.24892 0.248517 9.99475E-05 9.99475E-05 0.0255146 0.221719 0.0707794 9.99475E-05 0.109516
9.99474E-05 9.99474E-05 0.0659304 0.113269 0.278181 0.214189 0.0538862 9.99474E-05 0.188701 9.99474E-05 0.0852437 9.99474E-05 9.99474E-05
9.99474E-05 0.0127534 9.99474E-05 0.209409 0.219737 9.99474E-05 9.99474E-05 0.145144 0.139476 0.269168 9.99474E-05 9.99474E-05 0.00371303
9.99474E-05 9.99474E-05 9.99474E-05 0.395686 0.0604679 0.11274 0.158387 9.99474E-05 0.0471622 0.0563407 0.168617 9.99474E-05 9.99474E-05
9.99474E-05 9.99474E-05 9.99474E-05 0.134391 0.208129 0.2206 0.0288226 0.130353 0.212578 9.99474E-05 0.0645265 9.99474E-05 9.99474E-05
9.99298E-05 9.99298E-05 9.99298E-05 9.99298E-05 0.29471 9.99298E-05 9.99298E-05 9.99298E-05 0.286535 0.209344 0.0553394 9.99298E-05 0.153273
0.0165785 9.99562E-05 0.127686 9.99562E-05 0.257165 0.280678 9.99562E-05 0.0240399 0.129516 9.99562E-05 0.0336761 9.99562E-05 0.130161
9.99473E-05 9.99473E-05 9.99473E-05 0.241456 0.255119 0.0890904 9.99473E-05 0.0182987 0.221812 0.16244 9.99473E-05 9.99473E-05 0.0111847
9.99386E-05 9.99386E-05 9.99386E-05 9.99386E-05 0.276384 0.223396 9.99386E-05 0.0450332 0.0866458 0.353423 0.0144186 9.99386E-05 9.99386E-05
9.99561E-05 9.99561E-05 9.99561E-05 0.267008 0.0932945 0.10854 0.0134216 0.0147149 0.121158 0.229791 0.151573 9.99561E-05 9.99561E-05
9.99473E-05 9.99473E-05 9.99473E-05 0.117367 0.0161983 0.258838 0.047972 9.99473E-05 0.211015 0.0926171 0.255393 9.99473E-05 9.99473E-05
9.99561E-05 9.99561E-05 9.99561E-05 0.0225457 0.329434 0.39219 0.0459688 9.99561E-05 0.141558 0.00777532 0.0466907 0.0133378 9.99561E-05
9.99562E-05 0.0684579 0.0305827 9.99562E-05 0.261703 0.415286 0.0487218 0.0916579 0.079363 9.99562E-05 9.99562E-05 9.99562E-05 0.00372831
9.99387E-05 0.0582095 9.99387E-05 0.121748 0.382083 0.235286 9.99387E-05 0.00341545 0.198558 9.99387E-05 9.99387E-05 9.99387E-05 9.99387E-05
9.99474E-05 0.0130567 9.99474E-05 9.99474E-05 0.0956499 0.307883 0.0647482 0.2355 0.261598 0.0209646 9.99474E-05 9.99474E-05 9.99474E-05
9.99474E-05 9.99474E-05 0.217311 9.99474E-05 0.126397 0.162229 0.118135 0.0751266 0.294365 9.99474E-05 0.0058371 9.99474E-05 9.99474E-05
9.99122E-05 9.99122E-05 9.99122E-05 9.99122E-05 9.99122E-05 9.99122E-05 0.10012 9.99122E-05 0.0935246 0.805356 9.99122E-05 9.99122E-05 9.99122E-05
9.99211E-05 9.99211E-05 0.4103 9.99211E-05 9.99211E-05 9.99211E-05 0.0615605 9.99211E-05 0.071766 0.455474 9.99211E-05 9.99211E-05 9.99211E-05
9.99209E-05 9.99209E-05 9.99209E-05 9.99209E-05 9.99209E-05 9.99209E-05 9.99209E-05 0.0206149 0.125603 0.81167 0.0412127 9.99209E-05 9.99209E-05
9.99297E-05 9.99297E-05 9.99297E-05 9.99297E-05 9.99297E-05 9.99297E-05 0.0500233 0.0875042 0.110587 0.749052 0.00203397 9.99297E-05 9.99297E-05
9.99032E-05 9.99032E-05 9.99032E-05 9.99032E-05 9.99032E-05 9.99032E-05 0.0595695 9.99032E-05 9.99032E-05 0.939332 9.99032E-05 9.99032E-05 9.99032E-05
9.99298E-05 9.99298E-05 0.0233513 0.07 9.99298E-05 9.99298E-05 0.124771 9.99298E-05 0.184574 0.596504 9.99298E-05 9.99298E-05 9.99298E-05
9.99298E-05 9.99298E-05 9.99298E-05 9.99298E-05 9.99298E-05 9.99298E-05 0.112635 0.0241156 0.111158 0.725927 0.0253647 9.99298E-05 9.99298E-05
9.99122E-05 0.00213449 9.99122E-05 9.99122E-05 9.99122E-05 9.99122E-05 0.176185 9.99122E-05 9.99122E-05 0.820681 9.99122E-05 9.99122E-05 9.99122E-05
9.99209E-05 9.99209E-05 9.99209E-05 9.99209E-05 0.22825 9.99209E-05 0.343683 9.99209E-05 0.026743 0.400424 9.99209E-05 9.99209E-05 9.99209E-05
9.99122E-05 9.99122E-05 9.99122E-05 9.99122E-05 9.99122E-05 9.99122E-05 0.261372 9.99122E-05 0.247967 0.489662 9.99122E-05 9.99122E-05 9.99122E-05
9.993E-05 9.993E-05 0.134868 9.993E-05 0.294163 9.993E-05 0.00323012 9.993E-05 0.0313471 0.519728 0.0159637 9.993E-05 9.993E-05
9.99298E-05 9.99298E-05 0.0947798 9.99298E-05 0.0866992 9.99298E-05 9.99298E-05 9.99298E-05 0.0134658 0.769007 0.0352488 9.99298E-05 9.99298E-05
9.99036E-05 9.99036E-05 9.99036E-05 9.99036E-05 9.99036E-05 9.99036E-05 0.0343266 9.99036E-05 9.99036E-05 0.964574 9.99036E-05 9.99036E-05 9.99036E-05
9.99299E-05 0.00904946 0.0272808 9.99299E-05 9.99299E-05 9.99299E-05 0.220595 9.99299E-05 0.136059 0.606216 9.99299E-05 9.99299E-05 9.99299E-05
9.99298E-05 9.99298E-05 0.0561863 9.99298E-05 9.99298E-05 9.99298E-05 0.0557794 0.164065 9.99298E-05 0.72133 9.99298E-05 0.00183926 9.99298E-05
9.99298E-05 9.99298E-05 9.99298E-05 9.99298E-05 0.078411 9.99298E-05 0.0282461 9.99298E-05 0.147612 0.719801 0.0251305 9.99298E-05 9.99298E-05
9.99209E-05 9.99209E-05 9.99209E-05 9.99209E-05 0.213932 9.99209E-05 9.99209E-05 9.99209E-05 0.109883 0.625484 9.99209E-05 0.0498007 9.99209E-05
0.13057 9.99211E-05 9.99211E-05 9.99211E-05 9.99211E-05 0.0249148 0.0921042 9.99211E-05 9.99211E-05 0.751512 9.99211E-05 9.99211E-05 9.99211E-05
9.99122E-05 9.99122E-05 9.99122E-05 9.99122E-05 9.99122E-05 9.99122E-05 0.0369616 9.99122E-05 9.99122E-05 0.929057 0.0329825 9.99122E-05 9.99122E-05
9.99298E-05 9.99298E-05 0.181809 9.99298E-05 9.99298E-05 9.99298E-05 0.08792 9.99298E-05 0.0875425 0.501252 9.99298E-05 0.140676 9.99298E-05
0.0436593 9.9921E-05 9.9921E-05 9.9921E-05 0.0358199 9.9921E-05 9.9921E-05 9.9921E-05 0.0935944 0.826027 9.9921E-05 9.9921E-05 9.9921E-05
9.99298E-05 9.99298E-05 9.99298E-05 9.99298E-05 9.99298E-05 9.99298E-05 0.0168539 0.00290178 9.99298E-05 0.957885 0.0112896 0.0102701 9.99298E-05
0.0183953 9.99298E-05 9.99298E-05 9.99298E-05 9.99298E-05 9.99298E-05 0.214668 9.99298E-05 0.151632 0.549238 9.99298E-05 0.0652675 9.99298E-05
9.99123E-05 9.99123E-05 0.0958282 9.99123E-05 9.99123E-05 9.99123E-05 0.197081 9.99123E-05 9.99123E-05 0.706091 9.99123E-05 9.99123E-05 9.99123E-05
0.0238035 9.99385E-05 9.99385E-05 9.99385E-05 9.99385E-05 9.99385E-05 0.247398 9.99385E-05 0.144333 0.561712 0.00761929 0.0144337 9.99385E-05
9.99386E-05 9.99386E-05 0.238171 9.99386E-05 9.99386E-05 9.99386E-05 0.166015 0.0277529 0.177758 0.368599 9.99386E-05 9.99386E-05 0.0210048
9.9921E-05 0.209554 0.449117 9.9921E-05 9.9921E-05 9.9921E-05 9.9921E-05 9.9921E-05 0.0254478 0.314982 9.9921E-05 9.9921E-05 9.9921E-05
9.99208E-05 9.99208E-05 9.99208E-05 0.00173704 9.99208E-05 9.99208E-05 0.101965 9.99208E-05 0.064182 0.831216 9.99208E-05 9.99208E-05 9.99208E-05
9.99123E-05 9.99123E-05 9.99123E-05 9.99123E-05 9.99123E-05 9.99123E-05 0.27149 9.99123E-05 0.164557 0.562954 9.99123E-05 9.99123E-05 9.99123E-05
0.0512795 9.99211E-05 9.99211E-05 9.99211E-05 9.99211E-05 9.99211E-05 9.99211E-05 9.99211E-05 0.0913756 0.840869 9.99211E-05 0.0155766 9.99211E-05
9.99211E-05 9.99211E-05 9.99211E-05 9.99211E-05 9.99211E-05 9.99211E-05 0.0396269 9.99211E-05 0.183811 0.755325 0.0203379 9.99211E-05 9.99211E-05
9.99034E-05 9.99034E-05 9.99034E-05 9.99034E-05 9.99034E-05 9.99034E-05 9.99034E-05 9.99034E-05 9.99034E-05 0.982364 9.99034E-05 0.0165374 9.99034E-05
0.0980094 9.99473E-05 9.99473E-05 9.99473E-05 9.99473E-05 9.99473E-05 0.270138 0.015567 0.0991787 0.397772 0.000449898 0.118285 9.99473E-05
9.99121E-05 9.99121E-05 9.99121E-05 9.99121E-05 9.99121E-05 9.99121E-05 0.0517205 9.99121E-05 0.0922805 0.855 9.99121E-05 9.99121E-05 9.99121E-05
9.99035E-05 9.99035E-05 9.99035E-05 9.99035E-05 9.99035E-05 9.99035E-05 0.00311324 9.99035E-05 9.99035E-05 0.995788 9.99035E-05 9.99035E-05 9.99035E-05
9.99649E-05 0.000642631 0.0710609 0.0800783 0.00347378 9.99649E-05 0.0419589 0.0336151 9.99649E-05 0.690008 0.0305966 0.0481659 9.99649E-05
9.99297E-05 9.99297E-05 9.99297E-05 9.99297E-05 9.99297E-05 9.99297E-05 0.11717 0.0726577 0.165696 0.610855 0.0328222 9.99297E-05 9.99297E-05
0.073387 9.99209E-05 0.394944 9.99209E-05 9.99209E-05 9.99209E-05 0.0751286 9.99209E-05 9.99209E-05 0.455641 9.99209E-05 9.99209E-05 9.99209E-05
9.99298E-05 9.99298E-05 0.223817 9.99298E-05 9.99298E-05 9.99298E-05 0.00986824 0.0273751 0.0725633 0.665577 9.99298E-05 9.99298E-05 9.99298E-05
9.99036E-05 9.99036E-05 0.233497 9.99036E-05 9.99036E-05 9.99036E-05 9.99036E-05 9.99036E-05 9.99036E-05 0.765404 9.99036E-05 9.99036E-05 9.99036E-05
9.99298E-05 9.99298E-05 0.40521 0.0241309 9.99298E-05 9.99298E-05 0.0909603 9.99298E-05 9.99298E-05 0.423604 0.0552951 9.99298E-05 9.99298E-05
9.99209E-05 9.99209E-05 9.99209E-05 9.99209E-05 0.0912999 9.99209E-05 0.0860215 9.99209E-05 0.2833 0.538479 9.99209E-05 9.99209E-05 9.99209E-05
0.0383377 9.99211E-05 9.99211E-05 9.99211E-05 9.99211E-05 9.99211E-05 0.190364 9.99211E-05 9.99211E-05 0.747374 9.99211E-05 9.99211E-05 0.023025
9.99385E-05 9.99385E-05 0.506355 9.99385E-05 0.00126719 9.99385E-05 0.187943 9.99385E-05 0.125984 0.147014 9.99385E-05 0.0307366 9.99385E-05
9.99122E-05 9.99122E-05 0.409715 9.99122E-05 9.99122E-05 9.99122E-05 9.99122E-05 9.99122E-05 0.0520336 0.537253 9.99122E-05 9.99122E-05 9.99122E-05
9.99297E-05 9.99297E-05 9.99297E-05 9.99297E-05 0.13663 9.99297E-05 0.178135 0.0535541 9.99297E-05 0.56403 9.99297E-05 0.0668519 9.99297E-05
9.99386E-05 9.99386E-05 0.047104 9.99386E-05 9.99386E-05 9.99386E-05 0.112106 0.0346551 0.149024 0.608757 0.0476535 9.99386E-05 9.99386E-05
0.0174282 0.0985109 9.99474E-05 9.99474E-05 0.245102 9.99474E-05 0.00463368 0.00541874 9.99474E-05 0.541835 9.99474E-05 9.99474E-05 0.0864722
9.99298E-05 0.0666788 9.99298E-05 9.99298E-05 9.99298E-05 9.99298E-05 0.261002 9.99298E-05 0.19714 0.459355 0.0150253 9.99298E-05 9.99298E-05
9.99035E-05 9.99035E-05 0.431803 9.99035E-05 9.99035E-05 9.99035E-05 9.99035E-05 9.99035E-05 9.99035E-05 0.567098 9.99035E-05 9.99035E-05 9.99035E-05
9.99121E-05 9.99121E-05 9.99121E-05 0.136094 9.99121E-05 9.99121E-05 9.99121E-05 9.99121E-05 0.0916128 0.771294 9.99121E-05 9.99121E-05 9.99121E-05
0.0503056 9.99385E-05 0.426929 9.99385E-05 9.99385E-05 9.99385E-05 0.0584571 9.99385E-05 0.000584535 0.446222 0.0168018 9.99385E-05 9.99385E-05
9.99298E-05 9.99298E-05 0.160546 9.99298E-05 9.99298E-05 9.99298E-05 0.116387 9.99298E-05 0.124991 0.554495 0.0427813 9.99298E-05 9.99298E-05
9.99122E-05 9.99122E-05 9.99122E-05 9.99122E-05 9.99122E-05 9.99122E-05 0.0350099 9.99122E-05 9.99122E-05 0.910373 9.99122E-05 9.99122E-05 0.0536177
9.99034E-05 9.99034E-05 9.99034E-05 0.0431559 9.99034E-05 9.99034E-05 9.99034E-05 9.99034E-05 9.99034E-05 0.955745 9.99034E-05 9.99034E-05 9.99034E-05
9.99209E-05 9.99209E-05 9.99209E-05 9.99209E-05 0.206033 9.99209E-05 0.217305 9.99209E-05 0.163533 0.412231 9.99209E-05 9.99209E-05 9.99209E-05
9.99121E-05 9.99121E-05 9.99121E-05 9.99121E-05 9.99121E-05 9.99121E-05 0.142395 9.99121E-05 0.0470441 0.809562 9.99121E-05 9.99121E-05 9.99121E-05
0.00199705 9.9921E-05 9.9921E-05 9.9921E-05 9.9921E-05 9.9921E-05 0.00952293 9.9921E-05 9.9921E-05 0.946081 0.0415001 9.9921E-05 9.9921E-05
9.9921E-05 9.9921E-05 0.0097231 9.9921E-05 9.9921E-05 9.9921E-05 9.9921E-05 9.9921E-05 0.0394155 0.845944 9.9921E-05 0.104018 9.9921E-05
9.99211E-05 9.99211E-05 0.0663902 9.99211E-05 0.0666487 9.99211E-05 0.164861 9.99211E-05 9.99211E-05 0.701201 9.99211E-05 9.99211E-05 9.99211E-05
9.99032E-05 9.99032E-05 9.99032E-05 9.99032E-05 9.99032E-05 9.99032E-05 9.99032E-05 9.99032E-05 0.975795 9.99032E-05 9.99032E-05 0.0231057 9.99032E-05
9.98944E-05 9.98944E-05 9.98944E-05 9.98944E-05 9.98944E-05 9.98944E-05 0.998801 9.98944E-05 9.98944E-05 9.98944E-05 9.98944E-05 9.98944E-05 9.98944E-05
9.98944E-05 9.98944E-05 9.98944E-05 9.98944E-05 9.98944E-05 9.98944E-05 9.98944E-05 9.98944E-05 0.998801 9.98944E-05 9.98944E-05 9.98944E-05 9.98944E-05
9.98944E-05 9.98944E-05 9.98944E-05 9.98944E-05 9.98944E-05 9.98944E-05 0.998801 9.98944E-05 9.98944E-05 9.98944E-05 9.98944E-05 9.98944E-05 9.98944E-05
9.98945E-05 9.98945E-05 9.98945E-05 9.98945E-05 9.98945E-05 9.98945E-05 0.998801 9.98945E-05 9.98945E-05 9.98945E-05 9.98945E-05 9.98945E-05 9.98945E-05
9.98944E-05 9.98944E-05 9.98944E-05 9.98944E-05 9.98944E-05 9.98944E-05 0.998801 9.98944E-05 9.98944E-05 9.98944E-05 9.98944E-05 9.98944E-05 9.98944E-05
9.98944E-05 9.98944E-05 9.98944E-05 9.98944E-05 9.98944E-05 9.98944E-05 9.98944E-05 9.98944E-05 0.998801 9.98944E-05 9.98944E-05 9.98944E-05 9.98944E-05
9.98945E-05 9.98945E-05 9.98945E-05 9.98945E-05 9.98945E-05 9.98945E-05 0.998801 9.98945E-05 9.98945E-05 9.98945E-05 9.98945E-05 9.98945E-05 9.98945E-05
9.98945E-05 9.98945E-05 9.98945E-05 9.98945E-05 9.98945E-05 9.98945E-05 0.998801 9.98945E-05 9.98945E-05 9.98945E-05 9.98945E-05 9.98945E-05 9.98945E-05
9.98945E-05 9.98945E-05 9.98945E-05 9.98945E-05 9.98945E-05 9.98945E-05 9.98945E-05 9.98945E-05 0.998801 9.98945E-05 9.98945E-05 9.98945E-05 9.98945E-05
9.98944E-05 9.98944E-05 9.98944E-05 9.98944E-05 9.98944E-05 9.98944E-05 9.98944E-05 9.98944E-05 0.998801 9.98944E-05 9.98944E-05 9.98944E-05 9.98944E-05
9.98945E-05 9.98945E-05 9.98945E-05 9.98945E-05 9.98945E-05 9.98945E-05 9.98945E-05 9.98945E-05 0.998801 9.98945E-05 9.98945E-05 9.98945E-05 9.98945E-05
9.98944E-05 9.98944E-05 9.98944E-05 9.98944E-05 9.98944E-05 9.98944E-05 0.998801 9.98944E-05 9.98944E-05 9.98944E-05 9.98944E-05 9.98944E-05 9.98944E-05
9.98945E-05 9.98945E-05 9.98945E-05 9.98945E-05 9.98945E-05 9.98945E-05 0.998801 9.98945E-05 9.98945E-05 9.98945E-05 9.98945E-05 9.98945E-05 9.98945E-05
9.98944E-05 9.98944E-05 9.98944E-05 9.98944E-05 9.98944E-05 9.98944E-05 9.98944E-05 9.98944E-05 0.998801 9.98944E-05 9.98944E-05 9.98944E-05 9.98944E-05
9.98944E-05 9.98944E-05 9.98944E-05 9.98944E-05 9.98944E-05 9.98944E-05 9.98944E-05 9.98944E-05 0.998801 9.98944E-05 9.98944E-05 9.98944E-05 9.98944E-05
9.99472E-05 0.0553699 9.99472E-05 0.131805 9.99472E-05 9.99472E-05 0.049239 9.99472E-05 0.0558518 0.661787 9.99472E-05 0.0221972 0.0231506
9.98944E-05 9.98944E-05 9.98944E-05 9.98944E-05 9.98944E-05 9.98944E-05 9.98944E-05 9.98944E-05 0.998801 9.98944E-05 9.98944E-05 9.98944E-05 9.98944E-05
9.98944E-05 9.98944E-05 9.98944E-05 9.98944E-05 9.98944E-05 9.98944E-05 0.998801 9.98944E-05 9.98944E-05 9.98944E-05 9.98944E-05 9.98944E-05 9.98944E-05
9.98944E-05 9.98944E-05 9.98944E-05 9.98944E-05 9.98944E-05 9.98944E-05 9.98944E-05 9.98944E-05 0.998801 9.98944E-05 9.98944E-05 9.98944E-05 9.98944E-05
9.98944E-05 9.98944E-05 9.98944E-05 9.98944E-05 9.98944E-05 9.98944E-05 9.98944E-05 9.98944E-05 0.998801 9.98944E-05 9.98944E-05 9.98944E-05 9.98944E-05
9.98944E-05 9.98944E-05 9.98944E-05 9.98944E-05 9.98944E-05 9.98944E-05 9.98944E-05 9.98944E-05 0.998801 9.98944E-05 9.98944E-05 9.98944E-05 9.98944E-05
9.98945E-05 9.98945E-05 9.98945E-05 9.98945E-05 9.98945E-05 9.98945E-05 0.998801 9.98945E-05 9.98945E-05 9.98945E-05 9.98945E-05 9.98945E-05 9.98945E-05
9.98944E-05 9.98944E-05 9.98944E-05 9.98944E-05 9.98944E-05 9.98944E-05 9.98944E-05 9.98944E-05 0.998801 9.98944E-05 9.98944E-05 9.98944E-05 9.98944E-05
9.98944E-05 9.98944E-05 9.98944E-05 9.98944E-05 9.98944E-05 9.98944E-05 0.998801 9.98944E-05 9.98944E-05 9.98944E-05 9.98944E-05 9.98944E-05 9.98944E-05
9.98944E-05 9.98944E-05 9.98944E-05 9.98944E-05 9.98944E-05 9.98944E-05 9.98944E-05 9.98944E-05 0.998801 9.98944E-05 9.98944E-05 9.98944E-05 9.98944E-05
9.98944E-05 9.98944E-05 9.98944E-05 9.98944E-05 9.98944E-05 9.98944E-05 9.98944E-05 9.98944E-05 0.998801 9.98944E-05 9.98944E-05 9.98944E-05 9.98944E-05
9.98944E-05 9.98944E-05 9.98944E-05 9.98944E-05 9.98944E-05 9.98944E-05 0.998801 9.98944E-05 9.98944E-05 9.98944E-05 9.98944E-05 9.98944E-05 9.98944E-05
9.98944E-05 9.98944E-05 9.98944E-05 9.98944E-05 9.98944E-05 9.98944E-05 0.998801 9.98944E-05 9.98944E-05 9.98944E-05 9.98944E-05 9.98944E-05 9.98944E-05
9.98945E-05 9.98945E-05 9.98945E-05 9.98945E-05 9.98945E-05 9.98945E-05 0.998801 9.98945E-05 9.98945E-05 9.98945E-05 9.98945E-05 9.98945E-05 9.98945E-05
9.98944E-05 9.98944E-05 9.98944E-05 9.98944E-05 9.98944E-05 9.98944E-05 9.98944E-05 9.98944E-05 0.998801 9.98944E-05 9.98944E-05 9.98944E-05 9.98944E-05
9.98944E-05 9.98944E-05 9.98944E-05 9.98944E-05 9.98944E-05 9.98944E-05 9.98944E-05 9.98944E-05 0.998801 9.98944E-05 9.98944E-05 9.98944E-05 9.98944E-05
9.98944E-05 9.98944E-05 9.98944E-05 9.98944E-05 9.98944E-05 9.98944E-05 9.98944E-05 9.98944E-05 0.998801 9.98944E-05 9.98944E-05 9.98944E-05 9.98944E-05
9.98944E-05 9.98944E-05 9.98944E-05 9.98944E-05 9.98944E-05 9.98944E-05 9.98944E-05 9.98944E-05 0.998801 9.98944E-05 9.98944E-05 9.98944E-05 9.98944E-05
9.98945E-05 9.98945E-05 9.98945E-05 9.98945E-05 9.98945E-05 9.98945E-05 9.98945E-05 9.98945E-05 0.998801 9.98945E-05 9.98945E-05 9.98945E-05 9.98945E-05
9.98945E-05 9.98945E-05 9.98945E-05 9.98945E-05 9.98945E-05 9.98945E-05 0.998801 9.98945E-05 9.98945E-05 9.98945E-05 9.98945E-05 9.98945E-05 9.98945E-05
9.98945E-05 9.98945E-05 9.98945E-05 9.98945E-05 9.98945E-05 9.98945E-05 0.998801 9.98945E-05 9.98945E-05 9.98945E-05 9.98945E-05 9.98945E-05 9.98945E-05
9.98944E-05 9.98944E-05 9.98944E-05 9.98944E-05 9.98944E-05 9.98944E-05 0.998801 9.98944E-05 9.98944E-05 9.98944E-05 9.98944E-05 9.98944E-05 9.98944E-05
9.98944E-05 9.98944E-05 9.98944E-05 9.98944E-05 9.98944E-05 9.98944E-05 9.98944E-05 9.98944E-05 0.998801 9.98944E-05 9.98944E-05 9.98944E-05 9.98944E-05
9.98944E-05 9.98944E-05 9.98944E-05 9.98944E-05 9.98944E-05 9.98944E-05 0.998801 9.98944E-05 9.98944E-05 9.98944E-05 9.98944E-05 9.98944E-05 9.98944E-05
9.98945E-05 9.98945E-05 9.98945E-05 9.98945E-05 9.98945E-05 9.98945E-05 0.998801 9.98945E-05 9.98945E-05 9.98945E-05 9.98945E-05 9.98945E-05 9.98945E-05
9.98944E-05 9.98944E-05 9.98944E-05 9.98944E-05 9.98944E-05 9.98944E-05 0.998801 9.98944E-05 9.98944E-05 9.98944E-05 9.98944E-05 9.98944E-05 9.98944E-05
9.98944E-05 9.98944E-05 9.98944E-05 9.98944E-05 9.98944E-05 9.98944E-05 0.998801 9.98944E-05 9.98944E-05 9.98944E-05 9.98944E-05 9.98944E-05 9.98944E-05
9.98944E-05 9.98944E-05 9.98944E-05 9.98944E-05 9.98944E-05 9.98944E-05 9.98944E-05 9.98944E-05 0.998801 9.98944E-05 9.98944E-05 9.98944E-05 9.98944E-05
9.98945E-05 9.98945E-05 9.98945E-05 9.98945E-05 9.98945E-05 9.98945E-05 0.998801 9.98945E-05 9.98945E-05 9.98945E-05 9.98945E-05 9.98945E-05 9.98945E-05
9.98944E-05 9.98944E-05 9.98944E-05 9.98944E-05 9.98944E-05 9.98944E-05 0.998801 9.98944E-05 9.98944E-05 9.98944E-05 9.98944E-05 9.98944E-05 9.98944E-05
9.99384E-05 0.0502735 9.99384E-05 0.139461 9.99384E-05 9.99384E-05 9.99384E-05 9.99384E-05 0.0665898 0.698774 9.99384E-05 0.0187663 0.0254362
9.99032E-05 9.99032E-05 9.99032E-05 9.99032E-05 9.99032E-05 9.99032E-05 9.99032E-05 9.99032E-05 0.994474 9.99032E-05 9.99032E-05 0.00442682 9.99032E-05
9.98944E-05 9.98944E-05 9.98944E-05 9.98944E-05 9.98944E-05 9.98944E-05 0.998801 9.98944E-05 9.98944E-05 9.98944E-05 9.98944E-05 9.98944E-05 9.98944E-05
9.98945E-05 9.98945E-05 9.98945E-05 9.98945E-05 9.98945E-05 9.98945E-05 0.998801 9.98945E-05 9.98945E-05 9.98945E-05 9.98945E-05 9.98945E-05 9.98945E-05
9.98945E-05 9.98945E-05 9.98945E-05 9.98945E-05 9.98945E-05 9.98945E-05 0.998801 9.98945E-05 9.98945E-05 9.98945E-05 9.98945E-05 9.98945E-05 9.98945E-05
9.98944E-05 9.98944E-05 9.98944E-05 9.98944E-05 9.98944E-05 9.98944E-05 0.998801 9.98944E-05 9.98944E-05 9.98944E-05 9.98944E-05 9.98944E-05 9.98944E-05
9.98945E-05 9.98945E-05 9.98945E-05 9.98945E-05 9.98945E-05 9.98945E-05 9.98945E-05 9.98945E-05 0.998801 9.98945E-05 9.98945E-05 9.98945E-05 9.98945E-05
9.98944E-05 9.98944E-05 9.98944E-05 9.98944E-05 9.98944E-05 9.98944E-05 0.998801 9.98944E-05 9.98944E-05 9.98944E-05 9.98944E-05 9.98944E-05 9.98944E-05
9.98944E-05 9.98944E-05 9.98944E-05 9.98944E-05 9.98944E-05 9.98944E-05 9.98944E-05 9.98944E-05 0.998801 9.98944E-05 9.98944E-05 9.98944E-05 9.98944E-05
9.98944E-05 9.98944E-05 9.98944E-05 9.98944E-05 9.98944E-05 9.98944E-05 0.998801 9.98944E-05 9.98944E-05 9.98944E-05 9.98944E-05 9.98944E-05 9.98944E-05
9.98944E-05 9.98944E-05 9.98944E-05 9.98944E-05 9.98944E-05 9.98944E-05 9.98944E-05 9.98944E-05 0.998801 9.98944E-05 9.98944E-05 9.98944E-05 9.98944E-05
9.98945E-05 9.98945E-05 9.98945E-05 9.98945E-05 9.98945E-05 9.98945E-05 0.998801 9.98945E-05 9.98945E-05 9.98945E-05 9.98945E-05 9.98945E-05 9.98945E-05
9.98944E-05 9.98944E-05 9.98944E-05 9.98944E-05 9.98944E-05 9.98944E-05 0.998801 9.98944E-05 9.98944E-05 9.98944E-05 9.98944E-05 9.98944E-05 9.98944E-05
9.99033E-05 9.99033E-05 9.99033E-05 9.99033E-05 9.99033E-05 9.99033E-05 0.988049 9.99033E-05 0.0108522 9.99033E-05 9.99033E-05 9.99033E-05 9.99033E-05
9.98944E-05 9.98944E-05 9.98944E-05 9.98944E-05 9.98944E-05 9.98944E-05 0.998801 9.98944E-05 9.98944E-05 9.98944E-05 9.98944E-05 9.98944E-05 9.98944E-05
9.98945E-05 9.98945E-05 9.98945E-05 9.98945E-05 9.98945E-05 9.98945E-05 0.998801 9.98945E-05 9.98945E-05 9.98945E-05 9.98945E-05 9.98945E-05 9.98945E-05
9.98944E-05 9.98944E-05 9.98944E-05 9.98944E-05 9.98944E-05 9.98944E-05 0.998801 9.98944E-05 9.98944E-05 9.98944E-05 9.98944E-05 9.98944E-05 9.98944E-05
9.98944E-05 9.98944E-05 9.98944E-05 9.98944E-05 9.98944E-05 9.98944E-05 9.98944E-05 9.98944E-05 0.998801 9.98944E-05 9.98944E-05 9.98944E-05 9.98944E-05
9.98943E-05 9.98943E-05 9.98943E-05 9.98943E-05 9.98943E-05 9.98943E-05 9.98943E-05 9.98943E-05 0.998801 9.98943E-05 9.98943E-05 9.98943E-05 9.98943E-05
9.98945E-05 9.98945E-05 9.98945E-05 9.98945E-05 9.98945E-05 9.98945E-05 9.98945E-05 9.98945E-05 0.998801 9.98945E-05 9.98945E-05 9.98945E-05 9.98945E-05
9.98944E-05 9.98944E-05 9.98944E-05 9.98944E-05 9.98944E-05 9.98944E-05 0.998801 9.98944E-05 9.98944E-05 9.98944E-05 9.98944E-05 9.98944E-05 9.98944E-05
9.98944E-05 9.98944E-05 9.98944E-05 9.98944E-05 9.98944E-05 9.98944E-05 9.98944E-05 9.98944E-05 0.998801 9.98944E-05 9.98944E-05 9.98944E-05 9.98944E-05
9.98944E-05 9.98944E-05 9.98944E-05 9.98944E-05 9.98944E-05 9.98944E-05 9.98944E-05 9.98944E-05 0.998801 9.98944E-05 9.98944E-05 9.98944E-05 9.98944E-05
9.98944E-05 9.98944E-05 9.98944E-05 9.98944E-05 9.98944E-05 9.98944E-05 9.98944E-05 9.98944E-05 0.998801 9.98944E-05 9.98944E-05 9.98944E-05 9.98944E-05
9.98945E-05 9.98945E-05 9.98945E-05 9.98945E-05 9.98945E-05 9.98945E-05 0.998801 9.98945E-05 9.98945E-05 9.98945E-05 9.98945E-05 9.98945E-05 9.98945E-05
9.98944E-05 9.98944E-05 9.98944E-05 9.98944E-05 9.98944E-05 9.98944E-05 0.998801 9.98944E-05 9.98944E-05 9.98944E-05 9.98944E-05 9.98944E-05 9.98944E-05
9.98944E-05 9.98944E-05 9.98944E-05 9.98944E-05 9.98944E-05 9.98944E-05 0.998801 9.98944E-05 9.98944E-05 9.98944E-05 9.98944E-05 9.98944E-05 9.98944E-05
9.98944E-05 9.98944E-05 9.98944E-05 9.98944E-05 9.98944E-05 9.98944E-05 9.98944E-05 9.98944E-05 0.998801 9.98944E-05 9.98944E-05 9.98944E-05 9.98944E-05
9.98944E-05 9.98944E-05 9.98944E-05 9.98944E-05 9.98944E-05 9.98944E-05 0.998801 9.98944E-05 9.98944E-05 9.98944E-05 9.98944E-05 9.98944E-05 9.98944E-05
9.98944E-05 9.98944E-05 9.98944E-05 9.98944E-05 9.98944E-05 9.98944E-05 0.998801 9.98944E-05 9.98944E-05 9.98944E-05 9.98944E-05 9.98944E-05 9.98944E-05
9.98944E-05 9.98944E-05 9.98944E-05 9.98944E-05 9.98944E-05 9.98944E-05 9.98944E-05 9.98944E-05 0.998801 9.98944E-05 9.98944E-05 9.98944E-05 9.98944E-05
9.98945E-05 9.98945E-05 9.98945E-05 9.98945E-05 9.98945E-05 9.98945E-05 0.998801 9.98945E-05 9.98945E-05 9.98945E-05 9.98945E-05 9.98945E-05 9.98945E-05
9.98945E-05 9.98945E-05 9.98945E-05 9.98945E-05 9.98945E-05 9.98945E-05 0.998801 9.98945E-05 9.98945E-05 9.98945E-05 9.98945E-05 9.98945E-05 9.98945E-05
9.99297E-05 9.99297E-05 9.99297E-05 9.99297E-05 9.99297E-05 9.99297E-05 0.137801 0.0459806 0.257542 0.443769 0.114108 9.99297E-05 9.99297E-05
9.98943E-05 9.98943E-05 9.98943E-05 9.98943E-05 9.98943E-05 9.98943E-05 9.98943E-05 9.98943E-05 0.998801 9.98943E-05 9.98943E-05 9.98943E-05 9.98943E-05
9.98944E-05 9.98944E-05 9.98944E-05 9.98944E-05 9.98944E-05 9.98944E-05 0.998801 9.98944E-05 9.98944E-05 9.98944E-05 9.98944E-05 9.98944E-05 9.98944E-05
9.99123E-05 0.102872 9.99123E-05 9.99123E-05 9.99123E-05 9.99123E-05 0.338738 9.99123E-05 9.99123E-05 0.557391 9.99123E-05 9.99123E-05 9.99123E-05
9.99385E-05 0.0193183 9.99385E-05 0.0221477 9.99385E-05 9.99385E-05 0.173788 9.99385E-05 0.0996802 0.68097 9.99385E-05 0.0033966 9.99385E-05
9.99121E-05 9.99121E-05 9.99121E-05 9.99121E-05 9.99121E-05 9.99121E-05 0.0859594 9.99121E-05 0.260664 0.652378 9.99121E-05 9.99121E-05 9.99121E-05
9.9912E-05 9.9912E-05 9.9912E-05 9.9912E-05 9.9912E-05 9.9912E-05 9.9912E-05 0.00436462 0.0256891 0.968947 9.9912E-05 9.9912E-05 9.9912E-05
9.99121E-05 9.99121E-05 9.99121E-05 9.99121E-05 9.99121E-05 9.99121E-05 0.218936 9.99121E-05 0.193573 0.586491 9.99121E-05 9.99121E-05 9.99121E-05
9.99212E-05 9.99212E-05 0.28024 9.99212E-05 9.99212E-05 0.0106029 0.0955812 9.99212E-05 9.99212E-05 0.612676 9.99212E-05 9.99212E-05 9.99212E-05
9.9921E-05 9.9921E-05 9.9921E-05 0.0824538 9.9921E-05 9.9921E-05 0.276341 9.9921E-05 0.159944 0.480362 9.9921E-05 9.9921E-05 9.9921E-05
9.993E-05 0.0301616 9.993E-05 9.993E-05 9.993E-05 9.993E-05 0.181141 0.0332201 9.993E-05 0.625097 0.0554275 0.0742531 9.993E-05
9.9921E-05 9.9921E-05 0.293677 9.9921E-05 9.9921E-05 9.9921E-05 0.205951 9.9921E-05 0.0289615 0.470511 9.9921E-05 9.9921E-05 9.9921E-05
0.00102327 0.117519 9.9921E-05 9.9921E-05 9.9921E-05 9.9921E-05 9.9921E-05 9.9921E-05 0.0674795 0.813079 9.9921E-05 9.9921E-05 9.9921E-05
9.99298E-05 9.99298E-05 0.15011 9.99298E-05 9.99298E-05 9.99298E-05 0.0355806 9.99298E-05 0.159217 0.59156 0.062733 9.99298E-05 9.99298E-05
9.99034E-05 9.99034E-05 9.99034E-05 9.99034E-05 9.99034E-05 9.99034E-05 0.471133 9.99034E-05 9.99034E-05 0.527768 9.99034E-05 9.99034E-05 9.99034E-05
9.99298E-05 9.99298E-05 9.99298E-05 9.99298E-05 9.99298E-05 9.99298E-05 0.208383 0.0237275 0.246542 0.473348 9.99298E-05 9.99298E-05 0.0472003
9.99034E-05 9.99034E-05 9.99034E-05 9.99034E-05 9.99034E-05 9.99034E-05 9.99034E-05 0.0175441 9.99034E-05 0.981357 9.99034E-05 9.99034E-05 9.99034E-05
9.99121E-05 9.99121E-05 9.99121E-05 9.99121E-05 9.99121E-05 9.99121E-05 0.0395176 9.99121E-05 0.110571 0.848913 9.99121E-05 9.99121E-05 9.99121E-05
9.9921E-05 9.9921E-05 9.9921E-05 9.9921E-05 0.0357391 9.9921E-05 0.291078 9.9921E-05 0.146706 0.525577 9.9921E-05 9.9921E-05 9.9921E-05
9.99298E-05 0.000560074 0.0472681 9.99298E-05 9.99298E-05 9.99298E-05 0.148576 9.99298E-05 0.0181158 0.78468 9.99298E-05 9.99298E-05 9.99298E-05
9.99385E-05 9.99385E-05 9.99385E-05 9.99385E-05 9.99385E-05 9.99385E-05 0.00548998 0.00205429 0.313659 0.597241 0.0619957 9.99385E-05 0.0188597
9.99297E-05 9.99297E-05 9.99297E-05 9.99297E-05 0.155434 9.99297E-05 0.0367286 9.99297E-05 9.99297E-05 0.774526 0.000479596 0.0320321 9.99297E-05
0.0361608 9.99209E-05 9.99209E-05 9.99209E-05 9.99209E-05 9.99209E-05 0.0766307 9.99209E-05 0.0586256 0.827684 9.99209E-05 9.99209E-05 9.99209E-05
0.0429986 9.99209E-05 9.99209E-05 9.99209E-05 9.99209E-05 9.99209E-05 0.0717796 9.99209E-05 0.0234129 0.86091 9.99209E-05 9.99209E-05 9.99209E-05
0.066932 9.99123E-05 9.99123E-05 9.99123E-05 9.99123E-05 9.99123E-05 0.150076 9.99123E-05 9.99123E-05 0.781993 9.99123E-05 9.99123E-05 9.99123E-05
9.99297E-05 9.99297E-05 9.99297E-05 9.99297E-05 9.99297E-05 9.99297E-05 0.139753 0.013289 0.0707608 0.691337 9.99297E-05 9.99297E-05 0.084061
9.9912E-05 9.9912E-05 9.9912E-05 9.9912E-05 9.9912E-05 9.9912E-05 0.119666 9.9912E-05 0.0569789 0.822356 9.9912E-05 9.9912E-05 9.9912E-05
9.99033E-05 9.99033E-05 9.99033E-05 9.99033E-05 9.99033E-05 9.99033E-05 9.99033E-05 0.0340804 9.99033E-05 0.964821 9.99033E-05 9.99033E-05 9.99033E-05
9.99122E-05 9.99122E-05 0.566442 9.99122E-05 9.99122E-05 9.99122E-05 0.0375886 9.99122E-05 9.99122E-05 0.39497 9.99122E-05 9.99122E-05 9.99122E-05
0.00302212 9.99121E-05 9.99121E-05 9.99121E-05 9.99121E-05 9.99121E-05 9.99121E-05 9.99121E-05 0.0700147 0.925964 9.99121E-05 9.99121E-05 9.99121E-05
9.99209E-05 0.0627219 9.99209E-05 9.99209E-05 9.99209E-05 9.99209E-05 0.211845 9.99209E-05 0.221988 0.502546 9.99209E-05 9.99209E-05 9.99209E-05
9.99033E-05 9.99033E-05 9.99033E-05 9.99033E-05 9.99033E-05 9.99033E-05 9.99033E-05 0.00145962 9.99033E-05 0.997441 9.99033E-05 9.99033E-05 9.99033E-05
9.99298E-05 9.99298E-05 9.99298E-05 9.99298E-05 9.99298E-05 9.99298E-05 0.139854 0.123591 0.0190543 0.633964 9.99298E-05 0.0827383 9.99298E-05
0.0692024 9.99297E-05 9.99297E-05 9.99297E-05 0.00671978 9.99297E-05 0.373261 9.99297E-05 0.0765689 0.473448 9.99297E-05 9.99297E-05 9.99297E-05
9.99122E-05 9.99122E-05 9.99122E-05 9.99122E-05 9.99122E-05 9.99122E-05 0.190211 9.99122E-05 0.0818978 0.726893 9.99122E-05 9.99122E-05 9.99122E-05
0.0563074 9.99297E-05 9.99297E-05 9.99297E-05 0.168329 9.99297E-05 0.138032 9.99297E-05 0.067993 0.568539 9.99297E-05 9.99297E-05 9.99297E-05
0.0560838 9.99297E-05 9.99297E-05 9.99297E-05 9.99297E-05 9.99297E-05 0.105536 0.0124908 0.0526854 0.772405 9.99297E-05 9.99297E-05 9.99297E-05
9.99297E-05 9.99297E-05 9.99297E-05 9.99297E-05 9.99297E-05 9.99297E-05 0.0338505 0.0345883 0.121675 0.75837 0.0507165 9.99297E-05 9.99297E-05
9.9921E-05 9.9921E-05 9.9921E-05 0.038695 9.9921E-05 9.9921E-05 9.9921E-05 9.9921E-05 0.149173 0.802685 9.9921E-05 0.00854802 9.9921E-05
9.99033E-05 9.99033E-05 0.473572 9.99033E-05 9.99033E-05 9.99033E-05 9.99033E-05 9.99033E-05 9.99033E-05 0.525329 9.99033E-05 9.99033E-05 9.99033E-05
9.99385E-05 9.99385E-05 9.99385E-05 0.0436783 0.0324484 9.99385E-05 9.99385E-05 9.99385E-05 0.132999 0.688704 0.0601791 9.99385E-05 0.0412914
9.9921E-05 9.9921E-05 9.9921E-05 9.9921E-05 9.9921E-05 9.9921E-05 9.9921E-05 9.9921E-05 9.9921E-05 0.879123 0.00843948 0.042991 0.0685472
0.115798 9.99297E-05 9.99297E-05 0.0578463 9.99297E-05 9.99297E-05 0.13774 9.99297E-05 0.00472989 0.683086 9.99297E-05 9.99297E-05 9.99297E-05
9.99121E-05 9.99121E-05 9.99121E-05 9.99121E-05 9.99121E-05 9.99121E-05 0.0406961 9.99121E-05 0.143971 0.814334 9.99121E-05 9.99121E-05 9.99121E-05
0.05767 0.00281956 9.99386E-05 9.99386E-05 0.0302993 9.99386E-05 0.0147602 9.99386E-05 0.0250038 0.868748 9.99386E-05 9.99386E-05 9.99386E-05
9.99297E-05 0.0957645 9.99297E-05 0.018642 9.99297E-05 9.99297E-05 0.147283 9.99297E-05 0.0300816 0.70743 9.99297E-05 9.99297E-05 9.99297E-05
9.99122E-05 9.99122E-05 9.99122E-05 9.99122E-05 9.99122E-05 9.99122E-05 0.50971 9.99122E-05 0.0706444 0.418647 9.99122E-05 9.99122E-05 9.99122E-05
