9.98507E-05 0.0617046 0.112833 0.0217037 0.056921 9.98507E-05 0.0659901 0.189481 9.98507E-05 9.98507E-05 0.338539 9.98507E-05 9.98507E-05 9.98507E-05 9.98507E-05 9.98507E-05 0.0105443 9.98507E-05 9.98507E-05 9.98507E-05 9.98507E-05 9.98507E-05 0.0212465 9.98507E-05 9.98507E-05 9.98507E-05 0.11934
9.98422E-05 9.98422E-05 0.161016 0.0868421 0.0305625 9.98422E-05 9.98422E-05 0.0285749 0.00953772 9.98422E-05 0.638018 9.98422E-05 9.98422E-05 9.98422E-05 9.98422E-05 9.98422E-05 9.98422E-05 9.98422E-05 9.98422E-05 9.98422E-05 9.98422E-05 9.98422E-05 0.00822475 0.00432249 0.0311045 9.98422E-05 9.98422E-05
9.98071E-05 0.0145346 9.98071E-05 0.00938998 0.0733916 9.98071E-05 9.98071E-05 9.98071E-05 9.98071E-05 0.0461325 0.854356 9.98071E-05 9.98071E-05 9.98071E-05 9.98071E-05 9.98071E-05 9.98071E-05 9.98071E-05 9.98071E-05 9.98071E-05 9.98071E-05 9.98071E-05 9.98071E-05 9.98071E-05 9.98071E-05 9.98071E-05 9.98071E-05
9.98507E-05 9.98507E-05 9.98507E-05 0.00864894 0.365684 9.98507E-05 9.98507E-05 9.98507E-05 0.253743 9.98507E-05 9.98507E-05 9.98507E-05 9.98507E-05 0.112521 0.0557413 0.00984551 0.00941597 9.98507E-05 9.98507E-05 9.98507E-05 9.98507E-05 0.0393492 0.0339417 9.98507E-05 9.98507E-05 9.98507E-05 0.109412
9.98159E-05 9.98159E-05 9.98159E-05 9.98159E-05 9.98159E-05 9.98159E-05 9.98159E-05 9.98159E-05 9.98159E-05 0.0422821 0.861638 9.98159E-05 9.98159E-05 0.000201976 0.0471644 9.98159E-05 9.98159E-05 9.98159E-05 9.98159E-05 9.98159E-05 9.98159E-05 0.0351097 9.98159E-05 0.011508 9.98159E-05 9.98159E-05 9.98159E-05
9.98333E-05 9.98333E-05 0.0166628 9.98333E-05 0.270074 0.130902 9.98333E-05 0.232672 9.98333E-05 9.98333E-05 9.98333E-05 9.98333E-05 9.98333E-05 0.159903 9.98333E-05 9.98333E-05 9.98333E-05 9.98333E-05 9.98333E-05 9.98333E-05 9.98333E-05 0.107579 9.98333E-05 0.0340398 9.98333E-05 0.0462702 9.98333E-05
9.98422E-05 9.98422E-05 0.132398 9.98422E-05 0.24471 9.98422E-05 9.98422E-05 0.134312 0.0508422 9.98422E-05 0.078161 9.98422E-05 9.98422E-05 9.98422E-05 9.98422E-05 9.98422E-05 9.98422E-05 9.98422E-05 9.98422E-05 9.98422E-05 0.111812 0.111587 0.0813512 9.98422E-05 9.98422E-05 9.98422E-05 0.0530288
9.98508E-05 9.98508E-05 9.98508E-05 9.98508E-05 0.368615 0.135466 0.119311 9.98508E-05 9.98508E-05 0.0740389 9.98508E-05 9.98508E-05 9.98508E-05 9.98508E-05 9.98508E-05 9.98508E-05 9.98508E-05 9.98508E-05 0.0367365 9.98508E-05 9.98508E-05 0.040918 9.98508E-05 0.0034173 0.00722364 0.0845963 0.127981
9.98158E-05 0.130127 9.98158E-05 0.197406 0.139388 0.211509 9.98158E-05 9.98158E-05 9.98158E-05 9.98158E-05 0.17075 9.98158E-05 9.98158E-05 9.98158E-05 9.98158E-05 9.98158E-05 0.148723 9.98158E-05 9.98158E-05 9.98158E-05 9.98158E-05 9.98158E-05 9.98158E-05 9.98158E-05 9.98158E-05 9.98158E-05 9.98158E-05
9.97982E-05 0.0185923 9.97982E-05 0.00667978 9.97982E-05 9.97982E-05 9.97982E-05 9.97982E-05 9.97982E-05 9.97982E-05 0.953812 9.97982E-05 9.97982E-05 9.97982E-05 9.97982E-05 9.97982E-05 9.97982E-05 9.97982E-05 9.97982E-05 0.0186205 9.97982E-05 9.97982E-05 9.97982E-05 9.97982E-05 9.97982E-05 9.97982E-05 9.97982E-05
9.9816E-05 9.9816E-05 9.9816E-05 0.102913 0.507303 9.9816E-05 9.9816E-05 0.028532 9.9816E-05 9.9816E-05 0.059484 9.9816E-05 9.9816E-05 9.9816E-05 9.9816E-05 9.9816E-05 9.9816E-05 9.9816E-05 9.9816E-05 9.9816E-05 9.9816E-05 9.9816E-05 0.129391 9.9816E-05 9.9816E-05 9.9816E-05 0.170281
9.98159E-05 9.98159E-05 9.98159E-05 9.98159E-05 9.98159E-05 0.0236868 9.98159E-05 9.98159E-05 9.98159E-05 9.98159E-05 0.885002 9.98159E-05 9.98159E-05 0.00508912 9.98159E-05 9.98159E-05 9.98159E-05 9.98159E-05 0.0469969 9.98159E-05 9.98159E-05 9.98159E-05 9.98159E-05 0.0348493 0.00227953 9.98159E-05 9.98159E-05
9.97983E-05 9.97983E-05 9.97983E-05 0.0340058 9.97983E-05 9.97983E-05 9.97983E-05 9.97983E-05 0.0428931 9.97983E-05 0.814892 9.97983E-05 9.97983E-05 9.97983E-05 9.97983E-05 9.97983E-05 9.97983E-05 9.97983E-05 9.97983E-05 9.97983E-05 9.97983E-05 9.97983E-05 9.97983E-05 9.97983E-05 9.97983E-05 9.97983E-05 0.105914
9.98069E-05 9.98069E-05 9.98069E-05 0.0288894 0.842749 9.98069E-05 9.98069E-05 9.98069E-05 9.98069E-05 0.0147269 9.98069E-05 0.0544728 9.98069E-05 9.98069E-05 9.98069E-05 9.98069E-05 9.98069E-05 0.0569663 9.98069E-05 9.98069E-05 9.98069E-05 9.98069E-05 9.98069E-05 9.98069E-05 9.98069E-05 9.98069E-05 9.98069E-05
9.98332E-05 9.98332E-05 9.98332E-05 0.0313105 9.98332E-05 0.104971 0.0166001 0.254147 9.98332E-05 9.98332E-05 0.308672 9.98332E-05 9.98332E-05 0.144386 9.98332E-05 9.98332E-05 9.98332E-05 0.122662 9.98332E-05 9.98332E-05 9.98332E-05 9.98332E-05 9.98332E-05 9.98332E-05 9.98332E-05 9.98332E-05 0.0153549
9.98508E-05 9.98508E-05 9.98508E-05 0.0893246 0.091898 0.177444 9.98508E-05 0.185701 0.0487133 9.98508E-05 0.100653 9.98508E-05 9.98508E-05 9.98508E-05 0.0195821 9.98508E-05 9.98508E-05 9.98508E-05 0.106582 9.98508E-05 9.98508E-05 9.98508E-05 9.98508E-05 9.98508E-05 9.98508E-05 0.142866 0.0355392
9.98247E-05 9.98247E-05 0.0284404 0.0369419 0.352022 9.98247E-05 9.98247E-05 9.98247E-05 9.98247E-05 9.98247E-05 0.220455 9.98247E-05 0.192084 9.98247E-05 9.98247E-05 9.98247E-05 0.14462 9.98247E-05 9.98247E-05 9.98247E-05 9.98247E-05 9.98247E-05 9.98247E-05 9.98247E-05 0.0234409 9.98247E-05 9.98247E-05
9.98421E-05 0.0809841 9.98421E-05 9.98421E-05 0.168528 9.98421E-05 9.98421E-05 0.198069 9.98421E-05 9.98421E-05 9.98421E-05 9.98421E-05 9.98421E-05 0.176147 0.0283706 0.0260745 9.98421E-05 9.98421E-05 9.98421E-05 0.0926 9.98421E-05 9.98421E-05 9.98421E-05 9.98421E-05 9.98421E-05 0.103428 0.124001
0.0273977 9.98332E-05 9.98332E-05 0.193623 0.10913 0.129274 9.98332E-05 9.98332E-05 9.98332E-05 9.98332E-05 0.222849 9.98332E-05 9.98332E-05 9.98332E-05 9.98332E-05 9.98332E-05 9.98332E-05 9.98332E-05 9.98332E-05 9.98332E-05 9.98332E-05 0.146418 9.98332E-05 9.98332E-05 9.98332E-05 0.0128763 0.156535
9.97721E-05 9.97721E-05 9.97721E-05 9.97721E-05 9.97721E-05 9.97721E-05 9.97721E-05 9.97721E-05 9.97721E-05 9.97721E-05 0.997406 9.97721E-05 9.97721E-05 9.97721E-05 9.97721E-05 9.97721E-05 9.97721E-05 9.97721E-05 9.97721E-05 9.97721E-05 9.97721E-05 9.97721E-05 9.97721E-05 9.97721E-05 9.97721E-05 9.97721E-05 9.97721E-05
9.98245E-05 9.98245E-05 9.98245E-05 0.0109771 0.59009 0.0548193 9.98245E-05 9.98245E-05 9.98245E-05 9.98245E-05 9.98245E-05 9.98245E-05 9.98245E-05 9.98245E-05 0.106328 9.98245E-05 0.226166 0.00323139 9.98245E-05 9.98245E-05 9.98245E-05 9.98245E-05 0.00639136 9.98245E-05 9.98245E-05 9.98245E-05 9.98245E-05
9.98334E-05 9.98334E-05 9.98334E-05 9.98334E-05 9.98334E-05 0.157167 9.98334E-05 9.98334E-05 0.0517727 0.0431385 0.218007 9.98334E-05 9.98334E-05 0.0448176 9.98334E-05 9.98334E-05 9.98334E-05 9.98334E-05 9.98334E-05 9.98334E-05 9.98334E-05 0.0509825 9.98334E-05 0.0378995 9.98334E-05 9.98334E-05 0.394318
9.98159E-05 9.98159E-05 9.98159E-05 0.0897913 0.193744 9.98159E-05 9.98159E-05 0.242166 9.98159E-05 9.98159E-05 0.421413 9.98159E-05 9.98159E-05 0.00516419 9.98159E-05 9.98159E-05 9.98159E-05 9.98159E-05 9.98159E-05 9.98159E-05 9.98159E-05 9.98159E-05 0.0456266 9.98159E-05 9.98159E-05 9.98159E-05 9.98159E-05
9.9807E-05 9.9807E-05 9.9807E-05 0.250118 0.0547114 9.9807E-05 9.9807E-05 9.9807E-05 9.9807E-05 9.9807E-05 0.347308 9.9807E-05 9.9807E-05 9.9807E-05 9.9807E-05 9.9807E-05 9.9807E-05 9.9807E-05 0.0335374 9.9807E-05 9.9807E-05 9.9807E-05 9.9807E-05 9.9807E-05 9.9807E-05 9.9807E-05 0.312129
0.0488457 9.98332E-05 9.98332E-05 0.248442 0.395906 0.0351839 9.98332E-05 9.98332E-05 9.98332E-05 9.98332E-05 9.98332E-05 9.98332E-05 9.98332E-05 0.100799 9.98332E-05 9.98332E-05 9.98332E-05 0.109676 9.98332E-05 9.98332E-05 9.98332E-05 9.98332E-05 0.056998 9.98332E-05 9.98332E-05 9.98332E-05 0.00225216
9.9807E-05 9.9807E-05 9.9807E-05 0.118776 9.9807E-05 0.00669793 9.9807E-05 9.9807E-05 9.9807E-05 9.9807E-05 0.702662 9.9807E-05 9.9807E-05 9.9807E-05 9.9807E-05 9.9807E-05 0.115926 9.9807E-05 9.9807E-05 9.9807E-05 9.9807E-05 9.9807E-05 9.9807E-05 9.9807E-05 9.9807E-05 9.9807E-05 0.0537426
9.98245E-05 9.98245E-05 9.98245E-05 0.0584386 9.98245E-05 9.98245E-05 9.98245E-05 9.98245E-05 9.98245E-05 9.98245E-05 0.0688909 9.98245E-05 9.98245E-05 0.342787 9.98245E-05 0.013192 9.98245E-05 9.98245E-05 0.0505338 0.165199 9.98245E-05 9.98245E-05 9.98245E-05 9.98245E-05 9.98245E-05 9.98245E-05 0.298963
9.97898E-05 9.97898E-05 9.97898E-05 9.97898E-05 9.97898E-05 9.97898E-05 9.97898E-05 9.97898E-05 0.146848 9.97898E-05 0.794731 9.97898E-05 9.97898E-05 9.97898E-05 9.97898E-05 9.97898E-05 9.97898E-05 9.97898E-05 9.97898E-05 9.97898E-05 9.97898E-05 9.97898E-05 9.97898E-05 9.97898E-05 9.97898E-05 9.97898E-05 0.0560268
9.98247E-05 0.0324606 9.98247E-05 0.259149 0.00687514 9.98247E-05 9.98247E-05 0.141372 9.98247E-05 9.98247E-05 0.510253 9.98247E-05 9.98247E-05 9.98247E-05 9.98247E-05 0.000823956 9.98247E-05 9.98247E-05 9.98247E-05 9.98247E-05 9.98247E-05 9.98247E-05 9.98247E-05 9.98247E-05 9.98247E-05 9.98247E-05 0.0470698
9.98247E-05 9.98247E-05 9.98247E-05 0.0233669 9.98247E-05 0.104913 9.98247E-05 9.98247E-05 9.98247E-05 9.98247E-05 0.771031 9.98247E-05 0.0323534 9.98247E-05 9.98247E-05 9.98247E-05 9.98247E-05 9.98247E-05 9.98247E-05 9.98247E-05 0.020567 0.00950355 9.98247E-05 9.98247E-05 0.0362688 9.98247E-05 9.98247E-05
0.0710494 9.98333E-05 9.98333E-05 0.0215681 9.98333E-05 0.00547728 9.98333E-05 0.0216909 9.98333E-05 9.98333E-05 0.770434 9.98333E-05 9.98333E-05 9.98333E-05 9.98333E-05 9.98333E-05 9.98333E-05 9.98333E-05 9.98333E-05 9.98333E-05 9.98333E-05 0.00220791 0.0953055 9.98333E-05 9.98333E-05 9.98333E-05 0.0103698
9.98334E-05 9.98334E-05 9.98334E-05 0.00976944 0.613898 9.98334E-05 9.98334E-05 0.018205 0.0375555 9.98334E-05 9.98334E-05 9.98334E-05 9.98334E-05 0.150113 9.98334E-05 9.98334E-05 9.98334E-05 9.98334E-05 9.98334E-05 9.98334E-05 9.98334E-05 0.0663337 0.0660194 0.0362097 9.98334E-05 9.98334E-05 9.98334E-05
9.98068E-05 9.98068E-05 9.98068E-05 0.0915798 0.671915 9.98068E-05 9.98068E-05 0.067646 9.98068E-05 9.98068E-05 9.98068E-05 9.98068E-05 9.98068E-05 9.98068E-05 9.98068E-05 9.98068E-05 9.98068E-05 9.98068E-05 9.98068E-05 9.98068E-05 9.98068E-05 9.98068E-05 0.0692983 9.98068E-05 9.98068E-05 9.98068E-05 0.0973651
9.98421E-05 9.98421E-05 9.98421E-05 0.104576 0.617727 9.98421E-05 9.98421E-05 9.98421E-05 9.98421E-05 0.0401949 9.98421E-05 0.0177203 9.98421E-05 9.98421E-05 9.98421E-05 9.98421E-05 9.98421E-05 9.98421E-05 9.98421E-05 0.0534834 0.028659 0.0753756 0.0197734 9.98421E-05 9.98421E-05 9.98421E-05 0.0406929
9.98161E-05 9.98161E-05 0.0358173 0.0255555 9.98161E-05 0.016511 9.98161E-05 9.98161E-05 9.98161E-05 9.98161E-05 0.845587 9.98161E-05 9.98161E-05 9.98161E-05 9.98161E-05 0.00592273 9.98161E-05 9.98161E-05 9.98161E-05 9.98161E-05 9.98161E-05 9.98161E-05 0.0685103 9.98161E-05 9.98161E-05 9.98161E-05 9.98161E-05
9.97896E-05 9.97896E-05 9.97896E-05 9.97896E-05 9.97896E-05 0.035103 9.97896E-05 9.97896E-05 9.97896E-05 9.97896E-05 0.71358 9.97896E-05 9.97896E-05 9.97896E-05 9.97896E-05 9.97896E-05 0.248922 9.97896E-05 9.97896E-05 9.97896E-05 9.97896E-05 9.97896E-05 9.97896E-05 9.97896E-05 9.97896E-05 9.97896E-05 9.97896E-05
9.97986E-05 9.97986E-05 9.97986E-05 9.97986E-05 9.97986E-05 9.97986E-05 9.97986E-05 9.97986E-05 9.97986E-05 9.97986E-05 0.865452 9.97986E-05 9.97986E-05 9.97986E-05 9.97986E-05 9.97986E-05 9.97986E-05 9.97986E-05 9.97986E-05 9.97986E-05 0.034953 0.0899387 0.00736071 9.97986E-05 9.97986E-05 9.97986E-05 9.97986E-05
9.97897E-05 9.97897E-05 9.97897E-05 0.0120285 0.836697 0.14888 9.97897E-05 9.97897E-05 9.97897E-05 9.97897E-05 9.97897E-05 9.97897E-05 9.97897E-05 9.97897E-05 9.97897E-05 9.97897E-05 9.97897E-05 9.97897E-05 9.97897E-05 9.97897E-05 9.97897E-05 9.97897E-05 9.97897E-05 9.97897E-05 9.97897E-05 9.97897E-05 9.97897E-05
9.98423E-05 9.98423E-05 0.0152278 0.147526 9.98423E-05 9.98423E-05 9.98423E-05 9.98423E-05 9.98423E-05 0.147769 0.54406 9.98423E-05 0.0927275 9.98423E-05 0.00630311 9.98423E-05 9.98423E-05 9.98423E-05 9.98423E-05 9.98423E-05 9.98423E-05 9.98423E-05 0.0190481 0.0178002 9.98423E-05 0.00774175 9.98423E-05
9.98157E-05 9.98157E-05 9.98157E-05 0.104906 0.721551 9.98157E-05 9.98157E-05 9.98157E-05 9.98157E-05 9.98157E-05 9.98157E-05 0.0526794 9.98157E-05 0.0288053 9.98157E-05 9.98157E-05 9.98157E-05 9.98157E-05 0.0384007 9.98157E-05 9.98157E-05 0.0515614 9.98157E-05 9.98157E-05 9.98157E-05 9.98157E-05 9.98157E-05
9.97983E-05 9.97983E-05 9.97983E-05 0.0372494 9.97983E-05 9.97983E-05 9.97983E-05 9.97983E-05 9.97983E-05 9.97983E-05 0.851629 9.97983E-05 9.97983E-05 9.97983E-05 9.97983E-05 9.97983E-05 9.97983E-05 9.97983E-05 9.97983E-05 9.97983E-05 9.97983E-05 0.037777 9.97983E-05 9.97983E-05 9.97983E-05 9.97983E-05 0.0710488
9.98075E-05 0.0646571 9.98075E-05 0.0426184 9.98075E-05 0.0430642 9.98075E-05 9.98075E-05 9.98075E-05 9.98075E-05 0.675831 9.98075E-05 9.98075E-05 9.98075E-05 9.98075E-05 9.98075E-05 9.98075E-05 9.98075E-05 9.98075E-05 9.98075E-05 9.98075E-05 9.98075E-05 9.98075E-05 9.98075E-05 9.98075E-05 9.98075E-05 0.171634
9.98071E-05 9.98071E-05 0.0217357 9.98071E-05 9.98071E-05 9.98071E-05 9.98071E-05 9.98071E-05 9.98071E-05 9.98071E-05 0.791862 9.98071E-05 0.0618225 9.98071E-05 9.98071E-05 9.98071E-05 9.98071E-05 0.0563652 9.98071E-05 9.98071E-05 9.98071E-05 9.98071E-05 9.98071E-05 9.98071E-05 9.98071E-05 9.98071E-05 0.0660184
9.98334E-05 0.143473 9.98334E-05 0.159054 9.98334E-05 0.0615661 9.98334E-05 0.133053 9.98334E-05 9.98334E-05 0.352733 9.98334E-05 9.98334E-05 9.98334E-05 9.98334E-05 9.98334E-05 9.98334E-05 9.98334E-05 9.98334E-05 9.98334E-05 9.98334E-05 9.98334E-05 0.0286026 9.98334E-05 0.000399153 9.98334E-05 0.119223
9.98159E-05 9.98159E-05 9.98159E-05 0.144198 0.326391 9.98159E-05 9.98159E-05 9.98159E-05 0.0397395 0.0280628 9.98159E-05 9.98159E-05 9.98159E-05 9.98159E-05 9.98159E-05 9.98159E-05 9.98159E-05 9.98159E-05 9.98159E-05 9.98159E-05 9.98159E-05 0.0440533 9.98159E-05 9.98159E-05 9.98159E-05 9.98159E-05 0.415459
9.98157E-05 9.98157E-05 9.98157E-05 9.98157E-05 0.130792 9.98157E-05 9.98157E-05 9.98157E-05 9.98157E-05 9.98157E-05 0.763579 9.98157E-05 9.98157E-05 9.98157E-05 0.0168269 0.0533296 9.98157E-05 9.98157E-05 9.98157E-05 9.98157E-05 9.98157E-05 0.0240948 9.98157E-05 9.98157E-05 9.98157E-05 0.00928199 9.98157E-05
9.98071E-05 9.98071E-05 9.98071E-05 0.0102309 0.482265 9.98071E-05 9.98071E-05 9.98071E-05 0.028259 9.98071E-05 0.416287 9.98071E-05 9.98071E-05 9.98071E-05 9.98071E-05 9.98071E-05 9.98071E-05 9.98071E-05 9.98071E-05 0.0607626 9.98071E-05 9.98071E-05 9.98071E-05 9.98071E-05 9.98071E-05 9.98071E-05 9.98071E-05
9.98072E-05 9.98072E-05 9.98072E-05 0.0428883 9.98072E-05 9.98072E-05 9.98072E-05 0.0620888 9.98072E-05 9.98072E-05 0.877702 9.98072E-05 9.98072E-05 9.98072E-05 9.98072E-05 9.98072E-05 9.98072E-05 9.98072E-05 0.00170055 9.98072E-05 0.0134243 9.98072E-05 9.98072E-05 9.98072E-05 9.98072E-05 9.98072E-05 9.98072E-05
9.98245E-05 9.98245E-05 9.98245E-05 0.11777 9.98245E-05 9.98245E-05 9.98245E-05 9.98245E-05 9.98245E-05 9.98245E-05 0.664713 9.98245E-05 9.98245E-05 9.98245E-05 9.98245E-05 9.98245E-05 9.98245E-05 9.98245E-05 0.0397774 9.98245E-05 9.98245E-05 0.014993 0.00469715 0.0201428 9.98245E-05 9.98245E-05 0.13591
9.97897E-05 9.97897E-05 9.97897E-05 9.97897E-05 0.898961 9.97897E-05 9.97897E-05 9.97897E-05 9.97897E-05 9.97897E-05 9.97897E-05 9.97897E-05 9.97897E-05 9.97897E-05 9.97897E-05 9.97897E-05 9.97897E-05 9.97897E-05 9.97897E-05 9.97897E-05 0.0445429 0.0541011 9.97897E-05 9.97897E-05 9.97897E-05 9.97897E-05 9.97897E-05
9.98595E-05 0.0288162 9.98595E-05 0.173287 0.0623806 0.0392276 9.98595E-05 0.0433367 0.0213789 9.98595E-05 0.219034 9.98595E-05 9.98595E-05 0.151081 9.98595E-05 9.98595E-05 9.98595E-05 9.98595E-05 9.98595E-05 9.98595E-05 9.98595E-05 9.98595E-05 0.0967907 0.111311 9.98595E-05 9.98595E-05 0.0517584
9.97982E-05 0.0628393 9.97982E-05 9.97982E-05 0.736013 9.97982E-05 9.97982E-05 9.97982E-05 0.0944497 9.97982E-05 9.97982E-05 9.97982E-05 9.97982E-05 9.97982E-05 9.97982E-05 9.97982E-05 9.97982E-05 9.97982E-05 9.97982E-05 9.97982E-05 9.97982E-05 9.97982E-05 9.97982E-05 9.97982E-05 9.97982E-05 9.97982E-05 0.104403
0.0310706 9.98072E-05 9.98072E-05 0.0793293 9.98072E-05 9.98072E-05 9.98072E-05 9.98072E-05 9.98072E-05 9.98072E-05 0.835375 9.98072E-05 9.98072E-05 0.0330547 9.98072E-05 9.98072E-05 9.98072E-05 0.0189749 9.98072E-05 9.98072E-05 9.98072E-05 9.98072E-05 9.98072E-05 9.98072E-05 9.98072E-05 9.98072E-05 9.98072E-05
9.9807E-05 9.9807E-05 9.9807E-05 9.9807E-05 0.868603 9.9807E-05 9.9807E-05 9.9807E-05 9.9807E-05 9.9807E-05 9.9807E-05 9.9807E-05 9.9807E-05 9.9807E-05 9.9807E-05 9.9807E-05 9.9807E-05 9.9807E-05 0.0103203 0.0414132 0.0465171 9.9807E-05 0.0309511 9.9807E-05 9.9807E-05 9.9807E-05 9.9807E-05
0.0704012 9.9816E-05 9.9816E-05 0.0745865 9.9816E-05 9.9816E-05 9.9816E-05 9.9816E-05 9.9816E-05 0.0100333 0.782808 9.9816E-05 9.9816E-05 9.9816E-05 9.9816E-05 9.9816E-05 9.9816E-05 0.0418908 9.9816E-05 9.9816E-05 9.9816E-05 9.9816E-05 9.9816E-05 0.018184 9.9816E-05 9.9816E-05 9.9816E-05
9.98247E-05 9.98247E-05 9.98247E-05 9.98247E-05 9.98247E-05 9.98247E-05 9.98247E-05 9.98247E-05 9.98247E-05 0.0154984 0.6862 9.98247E-05 9.98247E-05 0.216952 0.00430598 0.00951478 9.98247E-05 9.98247E-05 9.98247E-05 9.98247E-05 9.98247E-05 0.0505834 0.0149485 9.98247E-05 9.98247E-05 9.98247E-05 9.98247E-05
9.98326E-05 9.98326E-05 0.00839769 9.98326E-05 9.98326E-05 0.00265212 9.98326E-05 9.98326E-05 9.98326E-05 9.98326E-05 0.763176 9.98326E-05 9.98326E-05 9.98326E-05 9.98326E-05 9.98326E-05 0.0324972 9.98326E-05 9.98326E-05 0.125618 9.98326E-05 0.00676394 9.98326E-05 9.98326E-05 9.98326E-05 9.98326E-05 0.0588989
9.98071E-05 9.98071E-05 9.98071E-05 0.103316 0.108227 9.98071E-05 9.98071E-05 9.98071E-05 0.0805096 9.98071E-05 0.678508 9.98071E-05 9.98071E-05 9.98071E-05 9.98071E-05 9.98071E-05 9.98071E-05 9.98071E-05 9.98071E-05 9.98071E-05 9.98071E-05 9.98071E-05 0.0272437 9.98071E-05 9.98071E-05 9.98071E-05 9.98071E-05
9.97984E-05 9.97984E-05 9.97984E-05 9.97984E-05 0.327185 9.97984E-05 0.0432126 9.97984E-05 9.97984E-05 9.97984E-05 0.603228 9.97984E-05 9.97984E-05 9.97984E-05 9.97984E-05 9.97984E-05 9.97984E-05 9.97984E-05 9.97984E-05 9.97984E-05 9.97984E-05 9.97984E-05 0.0240795 9.97984E-05 9.97984E-05 9.97984E-05 9.97984E-05
9.98245E-05 9.98245E-05 9.98245E-05 0.0758127 9.98245E-05 0.0823082 0.0763775 0.684097 9.98245E-05 9.98245E-05 9.98245E-05 9.98245E-05 9.98245E-05 0.0493706 9.98245E-05 9.98245E-05 9.98245E-05 9.98245E-05 9.98245E-05 9.98245E-05 9.98245E-05 9.98245E-05 0.0145917 9.98245E-05 9.98245E-05 9.98245E-05 0.0154453
9.97984E-05 0.0564397 9.97984E-05 9.97984E-05 9.97984E-05 9.97984E-05 9.97984E-05 0.859631 9.97984E-05 9.97984E-05 9.97984E-05 9.97984E-05 9.97984E-05 9.97984E-05 9.97984E-05 9.97984E-05 0.0587804 9.97984E-05 9.97984E-05 9.97984E-05 9.97984E-05 9.97984E-05 9.97984E-05 9.97984E-05 9.97984E-05 9.97984E-05 0.022854
9.97895E-05 9.97895E-05 9.97895E-05 9.97895E-05 9.97895E-05 9.97895E-05 9.97895E-05 0.93681 9.97895E-05 9.97895E-05 9.97895E-05 9.97895E-05 9.97895E-05 9.97895E-05 9.97895E-05 9.97895E-05 9.97895E-05 9.97895E-05 9.97895E-05 0.0509568 0.00983847 9.97895E-05 9.97895E-05 9.97895E-05 9.97895E-05 9.97895E-05 9.97895E-05
0.0177913 9.98334E-05 0.269539 0.0181389 9.98334E-05 0.106281 9.98334E-05 0.253331 9.98334E-05 9.98334E-05 9.98334E-05 9.98334E-05 9.98334E-05 0.17417 9.98334E-05 9.98334E-05 9.98334E-05 9.98334E-05 9.98334E-05 0.0529338 0.105918 9.98334E-05 9.98334E-05 9.98334E-05 9.98334E-05 9.98334E-05 9.98334E-05
9.98418E-05 9.98418E-05 9.98418E-05 0.0962049 9.98418E-05 0.0644913 0.0153513 0.637165 9.98418E-05 0.000357097 9.98418E-05 9.98418E-05 9.98418E-05 9.98418E-05 9.98418E-05 0.0552065 9.98418E-05 0.0336303 9.98418E-05 9.98418E-05 9.98418E-05 9.98418E-05 9.98418E-05 0.0343791 9.98418E-05 9.98418E-05 0.0614178
9.98243E-05 0.00781744 9.98243E-05 0.197442 9.98243E-05 0.0378591 9.98243E-05 0.570327 9.98243E-05 9.98243E-05 9.98243E-05 9.98243E-05 9.98243E-05 0.0196972 9.98243E-05 0.0248164 9.98243E-05 0.140044 9.98243E-05 9.98243E-05 9.98243E-05 9.98243E-05 9.98243E-05 9.98243E-05 9.98243E-05 9.98243E-05 9.98243E-05
9.98067E-05 9.98067E-05 0.260514 0.137789 9.98067E-05 9.98067E-05 9.98067E-05 0.46203 9.98067E-05 9.98067E-05 9.98067E-05 9.98067E-05 9.98067E-05 9.98067E-05 9.98067E-05 9.98067E-05 0.115074 9.98067E-05 9.98067E-05 9.98067E-05 9.98067E-05 9.98067E-05 0.0223966 9.98067E-05 9.98067E-05 9.98067E-05 9.98067E-05
9.98243E-05 9.98243E-05 0.0983903 0.0632168 9.98243E-05 0.0639812 9.98243E-05 0.54491 9.98243E-05 9.98243E-05 9.98243E-05 9.98243E-05 9.98243E-05 0.0639169 9.98243E-05 9.98243E-05 9.98243E-05 9.98243E-05 9.98243E-05 0.149836 0.0137529 9.98243E-05 9.98243E-05 9.98243E-05 9.98243E-05 9.98243E-05 9.98243E-05
9.97895E-05 9.97895E-05 0.0523744 9.97895E-05 9.97895E-05 9.97895E-05 9.97895E-05 0.92347 9.97895E-05 9.97895E-05 9.97895E-05 9.97895E-05 9.97895E-05 9.97895E-05 9.97895E-05 9.97895E-05 9.97895E-05 9.97895E-05 9.97895E-05 0.0217602 9.97895E-05 9.97895E-05 9.97895E-05 9.97895E-05 9.97895E-05 9.97895E-05 9.97895E-05
9.98069E-05 9.98069E-05 9.98069E-05 0.01968 9.98069E-05 9.98069E-05 9.98069E-05 0.869648 0.00616524 9.98069E-05 9.98069E-05 9.98069E-05 9.98069E-05 9.98069E-05 9.98069E-05 9.98069E-05 9.98069E-05 9.98069E-05 9.98069E-05 9.98069E-05 9.98069E-05 9.98069E-05 0.0156174 9.98069E-05 0.0866931 9.98069E-05 9.98069E-05
9.98243E-05 9.98243E-05 9.98243E-05 0.239502 9.98243E-05 0.0761829 9.98243E-05 0.441953 9.98243E-05 9.98243E-05 9.98243E-05 9.98243E-05 9.98243E-05 9.98243E-05 9.98243E-05 9.98243E-05 9.98243E-05 9.98243E-05 9.98243E-05 9.98243E-05 9.98243E-05 0.0327149 0.133916 9.98243E-05 0.0437454 0.0299892 9.98243E-05
0.0573412 9.98507E-05 0.0589651 0.0581374 9.98507E-05 9.98507E-05 9.98507E-05 0.400886 9.98507E-05 0.0161721 9.98507E-05 9.98507E-05 9.98507E-05 9.98507E-05 9.98507E-05 9.98507E-05 9.98507E-05 0.116249 9.98507E-05 9.98507E-05 9.98507E-05 0.0725395 0.00201248 9.98507E-05 0.064997 9.98507E-05 0.151002
9.98332E-05 9.98332E-05 9.98332E-05 9.98332E-05 9.98332E-05 0.109788 9.98332E-05 0.443339 9.98332E-05 9.98332E-05 9.98332E-05 9.98332E-05 9.98332E-05 0.0373489 9.98332E-05 9.98332E-05 9.98332E-05 9.98332E-05 0.0823377 9.98332E-05 9.98332E-05 0.0160161 0.0190204 0.191204 0.0990491 9.98332E-05 9.98332E-05
0.00278418 9.98331E-05 9.98331E-05 0.2186 9.98331E-05 9.98331E-05 9.98331E-05 0.517689 9.98331E-05 0.00616234 9.98331E-05 9.98331E-05 9.98331E-05 9.98331E-05 9.98331E-05 9.98331E-05 9.98331E-05 0.0342963 9.98331E-05 9.98331E-05 9.98331E-05 0.0335822 9.98331E-05 0.0117297 9.98331E-05 9.98331E-05 0.173259
9.98072E-05 9.98072E-05 9.98072E-05 9.98072E-05 9.98072E-05 9.98072E-05 9.98072E-05 0.943281 9.98072E-05 0.00756288 9.98072E-05 9.98072E-05 9.98072E-05 0.0153452 9.98072E-05 9.98072E-05 9.98072E-05 9.98072E-05 9.98072E-05 9.98072E-05 9.98072E-05 9.98072E-05 0.0133812 9.98072E-05 0.0182339 9.98072E-05 9.98072E-05
9.97984E-05 9.97984E-05 9.97984E-05 9.97984E-05 9.97984E-05 0.0023585 9.97984E-05 0.96245 9.97984E-05 9.97984E-05 9.97984E-05 9.97984E-05 9.97984E-05 9.97984E-05 9.97984E-05 9.97984E-05 0.01674 9.97984E-05 9.97984E-05 9.97984E-05 9.97984E-05 9.97984E-05 0.0161562 9.97984E-05 9.97984E-05 9.97984E-05 9.97984E-05
9.98156E-05 9.98156E-05 9.98156E-05 0.0584969 9.98156E-05 0.0113942 0.161025 0.541975 9.98156E-05 9.98156E-05 9.98156E-05 9.98156E-05 9.98156E-05 0.145311 9.98156E-05 9.98156E-05 9.98156E-05 9.98156E-05 9.98156E-05 0.0797014 9.98156E-05 9.98156E-05 9.98156E-05 9.98156E-05 9.98156E-05 9.98156E-05 9.98156E-05
9.98156E-05 9.98156E-05 9.98156E-05 9.98156E-05 9.98156E-05 0.0660405 9.98156E-05 0.562254 0.0551062 9.98156E-05 9.98156E-05 9.98156E-05 9.98156E-05 9.98156E-05 9.98156E-05 9.98156E-05 9.98156E-05 9.98156E-05 9.98156E-05 9.98156E-05 9.98156E-05 0.0652463 0.104529 9.98156E-05 9.98156E-05 9.98156E-05 0.144728
9.9807E-05 9.9807E-05 9.9807E-05 0.000278418 9.9807E-05 9.9807E-05 9.9807E-05 0.813744 9.9807E-05 9.9807E-05 9.9807E-05 9.9807E-05 9.9807E-05 9.9807E-05 9.9807E-05 9.9807E-05 9.9807E-05 0.0133355 9.9807E-05 0.0905652 9.9807E-05 9.9807E-05 0.0798809 9.9807E-05 9.9807E-05 9.9807E-05 9.9807E-05
0.00652208 9.98153E-05 9.98153E-05 0.248542 9.98153E-05 9.98153E-05 9.98153E-05 0.629326 9.98153E-05 9.98153E-05 9.98153E-05 9.98153E-05 9.98153E-05 9.98153E-05 9.98153E-05 9.98153E-05 9.98153E-05 9.98153E-05 0.0830513 9.98153E-05 9.98153E-05 9.98153E-05 0.0125718 9.98153E-05 0.0178907 9.98153E-05 9.98153E-05
9.97812E-05 9.97812E-05 9.97812E-05 9.97812E-05 9.97812E-05 9.97812E-05 9.97812E-05 0.975195 9.97812E-05 9.97812E-05 9.97812E-05 9.97812E-05 0.0223108 9.97812E-05 9.97812E-05 9.97812E-05 9.97812E-05 9.97812E-05 9.97812E-05 9.97812E-05 9.97812E-05 9.97812E-05 9.97812E-05 9.97812E-05 9.97812E-05 9.97812E-05 9.97812E-05
9.97979E-05 9.97979E-05 9.97979E-05 0.0623684 9.97979E-05 9.97979E-05 9.97979E-05 0.640783 9.97979E-05 9.97979E-05 9.97979E-05 9.97979E-05 9.97979E-05 9.97979E-05 9.97979E-05 9.97979E-05 9.97979E-05 9.97979E-05 9.97979E-05 9.97979E-05 9.97979E-05 0.0288096 9.97979E-05 9.97979E-05 9.97979E-05 9.97979E-05 0.265744
9.98159E-05 9.98159E-05 0.0426498 0.0262045 9.98159E-05 9.98159E-05 9.98159E-05 0.693489 9.98159E-05 9.98159E-05 9.98159E-05 9.98159E-05 9.98159E-05 0.154483 9.98159E-05 9.98159E-05 9.98159E-05 0.0257608 9.98159E-05 9.98159E-05 9.98159E-05 9.98159E-05 9.98159E-05 9.98159E-05 9.98159E-05 9.98159E-05 0.0553166
9.98421E-05 9.98421E-05 9.98421E-05 9.98421E-05 9.98421E-05 0.0236968 0.0456617 0.606658 9.98421E-05 9.98421E-05 9.98421E-05 9.98421E-05 9.98421E-05 0.0506806 0.00220946 9.98421E-05 9.98421E-05 9.98421E-05 9.98421E-05 0.0883614 0.0239868 0.111006 9.98421E-05 9.98421E-05 9.98421E-05 0.0459416 9.98421E-05
9.97892E-05 9.97892E-05 9.97892E-05 9.97892E-05 9.97892E-05 9.97892E-05 9.97892E-05 0.756622 9.97892E-05 9.97892E-05 9.97892E-05 9.97892E-05 9.97892E-05 9.97892E-05 9.97892E-05 9.97892E-05 9.97892E-05 9.97892E-05 9.97892E-05 9.97892E-05 9.97892E-05 9.97892E-05 0.107018 9.97892E-05 0.133965 9.97892E-05 9.97892E-05
9.98073E-05 9.98073E-05 9.98073E-05 0.00528542 9.98073E-05 0.0255443 9.98073E-05 0.932131 9.98073E-05 0.0117557 9.98073E-05 9.98073E-05 9.98073E-05 9.98073E-05 9.98073E-05 0.0230876 9.98073E-05 9.98073E-05 9.98073E-05 9.98073E-05 9.98073E-05 9.98073E-05 9.98073E-05 9.98073E-05 9.98073E-05 9.98073E-05 9.98073E-05
9.97724E-05 9.97724E-05 9.97724E-05 9.97724E-05 9.97724E-05 9.97724E-05 9.97724E-05 0.997406 9.97724E-05 9.97724E-05 9.97724E-05 9.97724E-05 9.97724E-05 9.97724E-05 9.97724E-05 9.97724E-05 9.97724E-05 9.97724E-05 9.97724E-05 9.97724E-05 9.97724E-05 9.97724E-05 9.97724E-05 9.97724E-05 9.97724E-05 9.97724E-05 9.97724E-05
9.97722E-05 9.97722E-05 9.97722E-05 9.97722E-05 9.97722E-05 9.97722E-05 9.97722E-05 0.997406 9.97722E-05 9.97722E-05 9.97722E-05 9.97722E-05 9.97722E-05 9.97722E-05 9.97722E-05 9.97722E-05 9.97722E-05 9.97722E-05 9.97722E-05 9.97722E-05 9.97722E-05 9.97722E-05 9.97722E-05 9.97722E-05 9.97722E-05 9.97722E-05 9.97722E-05
9.98071E-05 9.98071E-05 9.98071E-05 0.0137228 9.98071E-05 0.0135948 9.98071E-05 0.829908 9.98071E-05 9.98071E-05 9.98071E-05 9.98071E-05 9.98071E-05 9.98071E-05 9.98071E-05 9.98071E-05 9.98071E-05 9.98071E-05 9.98071E-05 0.0938505 9.98071E-05 9.98071E-05 9.98071E-05 9.98071E-05 0.046728 9.98071E-05 9.98071E-05
9.97985E-05 9.97985E-05 9.97985E-05 0.192759 9.97985E-05 0.0351852 9.97985E-05 0.588488 9.97985E-05 9.97985E-05 9.97985E-05 0.181272 9.97985E-05 9.97985E-05 9.97985E-05 9.97985E-05 9.97985E-05 9.97985E-05 9.97985E-05 9.97985E-05 9.97985E-05 9.97985E-05 9.97985E-05 9.97985E-05 9.97985E-05 9.97985E-05 9.97985E-05
9.97897E-05 9.97897E-05 9.97897E-05 0.104589 9.97897E-05 0.125904 9.97897E-05 9.97897E-05 9.97897E-05 9.97897E-05 9.97897E-05 9.97897E-05 9.97897E-05 0.767112 9.97897E-05 9.97897E-05 9.97897E-05 9.97897E-05 9.97897E-05 9.97897E-05 9.97897E-05 9.97897E-05 9.97897E-05 9.97897E-05 9.97897E-05 9.97897E-05 9.97897E-05
0.00876136 9.97982E-05 9.97982E-05 0.00211852 9.97982E-05 9.97982E-05 9.97982E-05 9.97982E-05 9.97982E-05 9.97982E-05 9.97982E-05 0.908716 9.97982E-05 0.0781089 9.97982E-05 9.97982E-05 9.97982E-05 9.97982E-05 9.97982E-05 9.97982E-05 9.97982E-05 9.97982E-05 9.97982E-05 9.97982E-05 9.97982E-05 9.97982E-05 9.97982E-05
0.0332387 9.98158E-05 9.98158E-05 0.0638309 9.98158E-05 9.98158E-05 9.98158E-05 9.98158E-05 9.98158E-05 0.0101871 9.98158E-05 9.98158E-05 9.98158E-05 0.866841 9.98158E-05 9.98158E-05 9.98158E-05 9.98158E-05 9.98158E-05 9.98158E-05 9.98158E-05 9.98158E-05 9.98158E-05 0.0196865 9.98158E-05 0.00411948 9.98158E-05
9.9798E-05 9.9798E-05 9.9798E-05 0.124919 9.9798E-05 0.0264782 9.9798E-05 9.9798E-05 9.9798E-05 9.9798E-05 9.9798E-05 9.9798E-05 9.9798E-05 0.832047 9.9798E-05 9.9798E-05 9.9798E-05 9.9798E-05 9.9798E-05 0.0142606 9.9798E-05 9.9798E-05 9.9798E-05 9.9798E-05 9.9798E-05 9.9798E-05 9.9798E-05
9.97981E-05 9.97981E-05 9.97981E-05 9.97981E-05 9.97981E-05 0.0301797 9.97981E-05 9.97981E-05 9.97981E-05 0.0354167 9.97981E-05 9.97981E-05 9.97981E-05 0.930141 9.97981E-05 9.97981E-05 9.97981E-05 9.97981E-05 9.97981E-05 9.97981E-05 9.97981E-05 9.97981E-05 9.97981E-05 9.97981E-05 9.97981E-05 0.00196705 9.97981E-05
9.98158E-05 9.98158E-05 0.0365894 0.133782 9.98158E-05 0.132893 9.98158E-05 9.98158E-05 0.0886598 9.98158E-05 9.98158E-05 0.0536521 9.98158E-05 0.552327 9.98158E-05 9.98158E-05 9.98158E-05 9.98158E-05 9.98158E-05 9.98158E-05 9.98158E-05 9.98158E-05 9.98158E-05 9.98158E-05 9.98158E-05 9.98158E-05 9.98158E-05
9.98158E-05 9.98158E-05 9.98158E-05 0.0832177 9.98158E-05 0.094692 9.98158E-05 9.98158E-05 9.98158E-05 9.98158E-05 9.98158E-05 0.0642709 9.98158E-05 0.645184 9.98158E-05 9.98158E-05 9.98158E-05 9.98158E-05 9.98158E-05 9.98158E-05 9.98158E-05 9.98158E-05 9.98158E-05 9.98158E-05 0.0664116 9.98158E-05 0.0441275
9.97806E-05 9.97806E-05 9.97806E-05 9.97806E-05 9.97806E-05 0.16567 9.97806E-05 9.97806E-05 9.97806E-05 9.97806E-05 9.97806E-05 9.97806E-05 9.97806E-05 0.831835 9.97806E-05 9.97806E-05 9.97806E-05 9.97806E-05 9.97806E-05 9.97806E-05 9.97806E-05 9.97806E-05 9.97806E-05 9.97806E-05 9.97806E-05 9.97806E-05 9.97806E-05
9.98156E-05 9.98156E-05 0.248918 0.0138942 9.98156E-05 0.264787 9.98156E-05 9.98156E-05 9.98156E-05 9.98156E-05 9.98156E-05 9.98156E-05 9.98156E-05 0.40837 9.98156E-05 9.98156E-05 9.98156E-05 9.98156E-05 9.98156E-05 9.98156E-05 9.98156E-05 9.98156E-05 0.0371675 9.98156E-05 0.0247683 9.98156E-05 9.98156E-05
9.9807E-05 9.9807E-05 9.9807E-05 0.261971 9.9807E-05 0.163159 9.9807E-05 9.9807E-05 0.0163636 9.9807E-05 9.9807E-05 9.9807E-05 9.9807E-05 0.53799 9.9807E-05 9.9807E-05 9.9807E-05 9.9807E-05 9.9807E-05 9.9807E-05 9.9807E-05 9.9807E-05 9.9807E-05 9.9807E-05 0.0183213 9.9807E-05 9.9807E-05
9.98071E-05 9.98071E-05 0.20997 0.00811732 9.98071E-05 0.00368773 9.98071E-05 9.98071E-05 9.98071E-05 9.98071E-05 9.98071E-05 9.98071E-05 0.313423 0.462606 9.98071E-05 9.98071E-05 9.98071E-05 9.98071E-05 9.98071E-05 9.98071E-05 9.98071E-05 9.98071E-05 9.98071E-05 9.98071E-05 9.98071E-05 9.98071E-05 9.98071E-05
9.98159E-05 9.98159E-05 0.12055 0.0771362 9.98159E-05 9.98159E-05 9.98159E-05 9.98159E-05 9.98159E-05 9.98159E-05 0.0170464 9.98159E-05 0.170858 0.57972 9.98159E-05 9.98159E-05 9.98159E-05 9.98159E-05 9.98159E-05 9.98159E-05 9.98159E-05 9.98159E-05 0.0325936 9.98159E-05 9.98159E-05 9.98159E-05 9.98159E-05
9.97983E-05 9.97983E-05 9.97983E-05 9.97983E-05 9.97983E-05 0.139393 9.97983E-05 9.97983E-05 0.0486059 9.97983E-05 9.97983E-05 0.265338 9.97983E-05 0.544368 9.97983E-05 9.97983E-05 9.97983E-05 9.97983E-05 9.97983E-05 9.97983E-05 9.97983E-05 9.97983E-05 9.97983E-05 9.97983E-05 9.97983E-05 9.97983E-05 9.97983E-05
9.98073E-05 9.98073E-05 9.98073E-05 0.20349 9.98073E-05 0.124308 9.98073E-05 9.98073E-05 9.98073E-05 9.98073E-05 9.98073E-05 9.98073E-05 0.127061 0.504173 9.98073E-05 9.98073E-05 9.98073E-05 9.98073E-05 9.98073E-05 9.98073E-05 9.98073E-05 9.98073E-05 9.98073E-05 9.98073E-05 9.98073E-05 0.0387722 9.98073E-05
9.98247E-05 9.98247E-05 9.98247E-05 9.98247E-05 9.98247E-05 0.0734818 9.98247E-05 9.98247E-05 9.98247E-05 9.98247E-05 9.98247E-05 0.0584614 0.0170821 0.595505 9.98247E-05 9.98247E-05 9.98247E-05 9.98247E-05 0.0287837 0.12036 9.98247E-05 9.98247E-05 9.98247E-05 9.98247E-05 9.98247E-05 0.10433 9.98247E-05
9.98158E-05 9.98158E-05 0.109409 0.0677128 9.98158E-05 0.0225366 0.0529787 9.98158E-05 0.0902794 9.98158E-05 9.98158E-05 9.98158E-05 9.98158E-05 0.654988 9.98158E-05 9.98158E-05 9.98158E-05 9.98158E-05 9.98158E-05 9.98158E-05 9.98158E-05 9.98158E-05 9.98158E-05 9.98158E-05 9.98158E-05 9.98158E-05 9.98158E-05
9.98333E-05 9.98333E-05 0.20456 0.000864097 9.98333E-05 0.0450419 9.98333E-05 9.98333E-05 9.98333E-05 9.98333E-05 9.98333E-05 9.98333E-05 0.0858379 0.635344 9.98333E-05 0.0136639 9.98333E-05 9.98333E-05 9.98333E-05 9.98333E-05 0.000625158 9.98333E-05 0.0121667 9.98333E-05 9.98333E-05 9.98333E-05 9.98333E-05
9.98249E-05 9.98249E-05 9.98249E-05 9.98249E-05 0.0234952 0.0604933 9.98249E-05 9.98249E-05 0.0291412 0.0596362 9.98249E-05 9.98249E-05 9.98249E-05 0.697779 9.98249E-05 9.98249E-05 9.98249E-05 9.98249E-05 9.98249E-05 9.98249E-05 9.98249E-05 9.98249E-05 9.98249E-05 0.0632633 9.98249E-05 9.98249E-05 0.0641949
9.97984E-05 9.97984E-05 9.97984E-05 9.97984E-05 9.97984E-05 0.029506 9.97984E-05 9.97984E-05 9.97984E-05 9.97984E-05 9.97984E-05 9.97984E-05 0.124317 0.806379 9.97984E-05 9.97984E-05 9.97984E-05 9.97984E-05 9.97984E-05 9.97984E-05 9.97984E-05 9.97984E-05 0.0375033 9.97984E-05 9.97984E-05 9.97984E-05 9.97984E-05
9.98421E-05 9.98421E-05 9.98421E-05 0.0761002 9.98421E-05 0.113696 9.98421E-05 0.0174282 0.0258023 9.98421E-05 9.98421E-05 9.98421E-05 0.272768 0.382291 9.98421E-05 0.0761474 0.0108484 0.0231212 9.98421E-05 9.98421E-05 9.98421E-05 9.98421E-05 9.98421E-05 9.98421E-05 9.98421E-05 9.98421E-05 9.98421E-05
9.98159E-05 9.98159E-05 0.0757903 0.0817628 9.98159E-05 0.0213407 9.98159E-05 9.98159E-05 9.98159E-05 9.98159E-05 9.98159E-05 9.98159E-05 0.101034 0.543774 9.98159E-05 9.98159E-05 9.98159E-05 9.98159E-05 9.98159E-05 9.98159E-05 9.98159E-05 9.98159E-05 9.98159E-05 9.98159E-05 9.98159E-05 0.174202 9.98159E-05
9.98072E-05 9.98072E-05 9.98072E-05 0.0227379 9.98072E-05 0.00933514 9.98072E-05 9.98072E-05 9.98072E-05 9.98072E-05 9.98072E-05 9.98072E-05 0.0134075 0.942666 9.98072E-05 9.98072E-05 9.98072E-05 9.98072E-05 9.98072E-05 9.98072E-05 9.98072E-05 9.98072E-05 9.98072E-05 9.98072E-05 0.00965747 9.98072E-05 9.98072E-05
9.98157E-05 9.98157E-05 0.0366502 0.188729 9.98157E-05 0.263658 9.98157E-05 9.98157E-05 9.98157E-05 9.98157E-05 9.98157E-05 9.98157E-05 9.98157E-05 0.360114 0.0885585 0.0601936 9.98157E-05 9.98157E-05 9.98157E-05 9.98157E-05 9.98157E-05 9.98157E-05 9.98157E-05 9.98157E-05 9.98157E-05 9.98157E-05 9.98157E-05
0.0488173 9.98071E-05 9.98071E-05 9.98071E-05 9.98071E-05 0.101106 9.98071E-05 9.98071E-05 9.98071E-05 0.103069 9.98071E-05 0.285532 9.98071E-05 0.45928 9.98071E-05 9.98071E-05 9.98071E-05 9.98071E-05 9.98071E-05 9.98071E-05 9.98071E-05 9.98071E-05 9.98071E-05 9.98071E-05 9.98071E-05 9.98071E-05 9.98071E-05
9.98158E-05 0.0538185 0.0309697 0.228287 9.98158E-05 0.186266 9.98158E-05 9.98158E-05 9.98158E-05 9.98158E-05 9.98158E-05 9.98158E-05 9.98158E-05 0.463645 9.98158E-05 0.0349168 9.98158E-05 9.98158E-05 9.98158E-05 9.98158E-05 9.98158E-05 9.98158E-05 9.98158E-05 9.98158E-05 9.98158E-05 9.98158E-05 9.98158E-05
0.043517 9.98408E-05 0.0913101 0.0912617 9.98408E-05 0.0893742 9.98408E-05 9.98408E-05 9.98408E-05 9.98408E-05 9.98408E-05 0.344081 9.98408E-05 0.266921 9.98408E-05 9.98408E-05 9.98408E-05 9.98408E-05 9.98408E-05 9.98408E-05 9.98408E-05 9.98408E-05 9.98408E-05 0.0374166 9.98408E-05 9.98408E-05 0.0342208
9.98159E-05 0.0557119 9.98159E-05 9.98159E-05 9.98159E-05 9.98159E-05 9.98159E-05 9.98159E-05 9.98159E-05 0.0120645 9.98159E-05 9.98159E-05 0.742137 0.103244 9.98159E-05 9.98159E-05 9.98159E-05 0.0599826 9.98159E-05 9.98159E-05 0.0247636 9.98159E-05 9.98159E-05 9.98159E-05 9.98159E-05 9.98159E-05 9.98159E-05
9.97981E-05 9.97981E-05 9.97981E-05 0.0603089 9.97981E-05 0.0554622 9.97981E-05 9.97981E-05 9.97981E-05 9.97981E-05 9.97981E-05 9.97981E-05 9.97981E-05 0.871931 9.97981E-05 9.97981E-05 9.97981E-05 9.97981E-05 9.97981E-05 9.97981E-05 9.97981E-05 9.97981E-05 9.97981E-05 0.0100025 9.97981E-05 9.97981E-05 9.97981E-05
9.97984E-05 9.97984E-05 0.0393062 0.187135 9.97984E-05 0.215018 9.97984E-05 9.97984E-05 9.97984E-05 9.97984E-05 9.97984E-05 9.97984E-05 9.97984E-05 0.556245 9.97984E-05 9.97984E-05 9.97984E-05 9.97984E-05 9.97984E-05 9.97984E-05 9.97984E-05 9.97984E-05 9.97984E-05 9.97984E-05 9.97984E-05 9.97984E-05 9.97984E-05
9.97983E-05 9.97983E-05 9.97983E-05 0.0907189 9.97983E-05 9.97983E-05 9.97983E-05 9.97983E-05 9.97983E-05 0.114697 9.97983E-05 0.254873 9.97983E-05 0.537416 9.97983E-05 9.97983E-05 9.97983E-05 9.97983E-05 9.97983E-05 9.97983E-05 9.97983E-05 9.97983E-05 9.97983E-05 9.97983E-05 9.97983E-05 9.97983E-05 9.97983E-05
9.98247E-05 9.98247E-05 0.0030797 0.211257 9.98247E-05 0.0225031 9.98247E-05 9.98247E-05 9.98247E-05 9.98247E-05 9.98247E-05 0.0878568 9.98247E-05 0.551331 9.98247E-05 9.98247E-05 9.98247E-05 9.98247E-05 0.108021 9.98247E-05 9.98247E-05 9.98247E-05 0.0139555 9.98247E-05 9.98247E-05 9.98247E-05 9.98247E-05
9.98071E-05 9.98071E-05 9.98071E-05 0.00796553 9.98071E-05 9.98071E-05 9.98071E-05 9.98071E-05 9.98071E-05 9.98071E-05 9.98071E-05 0.0385784 9.98071E-05 0.836094 9.98071E-05 0.0208567 9.98071E-05 9.98071E-05 0.0943101 9.98071E-05 9.98071E-05 9.98071E-05 9.98071E-05 9.98071E-05 9.98071E-05 9.98071E-05 9.98071E-05
9.98068E-05 9.98068E-05 9.98068E-05 0.167205 9.98068E-05 0.23272 9.98068E-05 9.98068E-05 9.98068E-05 0.177357 9.98068E-05 9.98068E-05 9.98068E-05 0.363961 9.98068E-05 0.0565615 9.98068E-05 9.98068E-05 9.98068E-05 9.98068E-05 9.98068E-05 9.98068E-05 9.98068E-05 9.98068E-05 9.98068E-05 9.98068E-05 9.98068E-05
0.0345534 9.98244E-05 9.98244E-05 0.0102499 9.98244E-05 0.0389859 9.98244E-05 9.98244E-05 9.98244E-05 9.98244E-05 9.98244E-05 9.98244E-05 9.98244E-05 0.71227 9.98244E-05 0.019655 9.98244E-05 0.0305255 9.98244E-05 9.98244E-05 9.98244E-05 9.98244E-05 9.98244E-05 9.98244E-05 9.98244E-05 9.98244E-05 0.151764
9.97896E-05 9.97896E-05 9.97896E-05 0.0268095 9.97896E-05 9.97896E-05 9.97896E-05 9.97896E-05 9.97896E-05 9.97896E-05 9.97896E-05 0.105711 9.97896E-05 0.865085 9.97896E-05 9.97896E-05 9.97896E-05 9.97896E-05 9.97896E-05 9.97896E-05 9.97896E-05 9.97896E-05 9.97896E-05 9.97896E-05 9.97896E-05 9.97896E-05 9.97896E-05
9.98069E-05 9.98069E-05 9.98069E-05 9.98069E-05 9.98069E-05 0.0144737 9.98069E-05 9.98069E-05 0.120144 9.98069E-05 9.98069E-05 9.98069E-05 0.134514 0.656931 9.98069E-05 9.98069E-05 9.98069E-05 9.98069E-05 9.98069E-05 9.98069E-05 9.98069E-05 9.98069E-05 9.98069E-05 9.98069E-05 9.98069E-05 0.0717417 9.98069E-05
9.97981E-05 9.97981E-05 9.97981E-05 0.245919 9.97981E-05 0.120653 9.97981E-05 9.97981E-05 9.97981E-05 9.97981E-05 9.97981E-05 9.97981E-05 9.97981E-05 0.5922 9.97981E-05 9.97981E-05 9.97981E-05 9.97981E-05 9.97981E-05 0.0389321 9.97981E-05 9.97981E-05 9.97981E-05 9.97981E-05 9.97981E-05 9.97981E-05 9.97981E-05
9.9807E-05 9.9807E-05 9.9807E-05 9.9807E-05 9.9807E-05 0.119866 0.00350405 9.9807E-05 0.0409644 9.9807E-05 9.9807E-05 9.9807E-05 0.711482 0.121988 9.9807E-05 9.9807E-05 9.9807E-05 9.9807E-05 9.9807E-05 9.9807E-05 9.9807E-05 9.9807E-05 9.9807E-05 9.9807E-05 9.9807E-05 9.9807E-05 9.9807E-05
9.97983E-05 9.97983E-05 9.97983E-05 0.0869071 9.97983E-05 0.00783273 9.97983E-05 9.97983E-05 9.97983E-05 9.97983E-05 9.97983E-05 0.407443 9.97983E-05 0.495522 9.97983E-05 9.97983E-05 9.97983E-05 9.97983E-05 9.97983E-05 9.97983E-05 9.97983E-05 9.97983E-05 9.97983E-05 9.97983E-05 9.97983E-05 9.97983E-05 9.97983E-05
9.97896E-05 9.97896E-05 9.97896E-05 9.97896E-05 9.97896E-05 9.97896E-05 9.97896E-05 9.97896E-05 9.97896E-05 0.0115882 9.97896E-05 0.622323 9.97896E-05 0.363694 9.97896E-05 9.97896E-05 9.97896E-05 9.97896E-05 9.97896E-05 9.97896E-05 9.97896E-05 9.97896E-05 9.97896E-05 9.97896E-05 9.97896E-05 9.97896E-05 9.97896E-05
