9.98157E-05 9.98157E-05 0.180366 9.98157E-05 9.98157E-05 0.0819323 9.98157E-05 0.206331 9.98157E-05 9.98157E-05 0.0151487 9.98157E-05 0.0670513 9.98157E-05 9.98157E-05 9.98157E-05 9.98157E-05 9.98157E-05 0.0592161 0.0292567 0.358601 9.98157E-05 9.98157E-05 9.98157E-05 9.98157E-05 9.98157E-05 9.98157E-05 9.98157E-05 9.98157E-05
9.97984E-05 9.97984E-05 9.97984E-05 9.97984E-05 9.97984E-05 0.0680528 9.97984E-05 9.97984E-05 9.97984E-05 0.237528 0.112844 9.97984E-05 9.97984E-05 9.97984E-05 9.97984E-05 9.97984E-05 9.97984E-05 9.97984E-05 0.00433293 9.97984E-05 0.51599 9.97984E-05 9.97984E-05 9.97984E-05 9.97984E-05 9.97984E-05 0.0589572 9.97984E-05 9.97984E-05
9.97896E-05 0.0523746 9.97896E-05 9.97896E-05 9.97896E-05 9.97896E-05 9.97896E-05 9.97896E-05 9.97896E-05 0.904649 9.97896E-05 9.97896E-05 9.97896E-05 9.97896E-05 0.0174211 9.97896E-05 9.97896E-05 9.97896E-05 0.0106371 9.97896E-05 9.97896E-05 9.97896E-05 9.97896E-05 9.97896E-05 9.97896E-05 9.97896E-05 9.97896E-05 9.97896E-05 0.0125236
0.107066 9.98421E-05 0.142096 9.98421E-05 9.98421E-05 9.98421E-05 9.98421E-05 9.98421E-05 9.98421E-05 0.000461042 9.98421E-05 9.98421E-05 0.0386633 9.98421E-05 0.273753 9.98421E-05 9.98421E-05 0.0417124 0.0394861 9.98421E-05 0.25743 0.0849877 9.98421E-05 9.98421E-05 0.00641578 0.00613134 9.98421E-05 9.98421E-05 9.98421E-05
9.9807E-05 0.0176951 9.9807E-05 9.9807E-05 9.9807E-05 9.9807E-05 9.9807E-05 9.9807E-05 9.9807E-05 0.484765 9.9807E-05 9.9807E-05 9.9807E-05 0.00356868 9.9807E-05 9.9807E-05 9.9807E-05 0.0191137 9.9807E-05 9.9807E-05 0.369899 0.019791 9.9807E-05 9.9807E-05 9.9807E-05 9.9807E-05 9.9807E-05 0.0829719 9.9807E-05
9.98247E-05 0.160714 0.00674597 9.98247E-05 9.98247E-05 9.98247E-05 0.00227655 0.158671 9.98247E-05 0.198033 9.98247E-05 9.98247E-05 0.0126899 9.98247E-05 9.98247E-05 9.98247E-05 9.98247E-05 0.0930886 9.98247E-05 9.98247E-05 9.98247E-05 9.98247E-05 9.98247E-05 9.98247E-05 9.98247E-05 0.201771 9.98247E-05 0.164014 9.98247E-05
9.98335E-05 9.98335E-05 0.082596 9.98335E-05 9.98335E-05 0.0504776 9.98335E-05 9.98335E-05 9.98335E-05 9.98335E-05 0.32909 9.98335E-05 0.105901 9.98335E-05 0.0377513 9.98335E-05 9.98335E-05 0.0685312 0.0104224 9.98335E-05 0.171443 0.0577362 9.98335E-05 9.98335E-05 9.98335E-05 9.98335E-05 9.98335E-05 9.98335E-05 0.0841549
9.98422E-05 0.0364498 0.172393 9.98422E-05 9.98422E-05 9.98422E-05 9.98422E-05 9.98422E-05 9.98422E-05 9.98422E-05 0.162 0.0702083 9.98422E-05 0.107407 9.98422E-05 9.98422E-05 9.98422E-05 0.0846182 9.98422E-05 9.98422E-05 0.147083 0.0518376 9.98422E-05 9.98422E-05 9.98422E-05 0.141333 9.98422E-05 0.00917206 0.0157009
9.98159E-05 9.98159E-05 0.0501582 9.98159E-05 9.98159E-05 9.98159E-05 9.98159E-05 9.98159E-05 9.98159E-05 0.122702 9.98159E-05 9.98159E-05 9.98159E-05 9.98159E-05 9.98159E-05 9.98159E-05 9.98159E-05 9.98159E-05 0.228003 0.1371 0.0981226 0.0936003 9.98159E-05 9.98159E-05 9.98159E-05 0.215209 9.98159E-05 0.0530092 9.98159E-05
9.97719E-05 9.97719E-05 9.97719E-05 9.97719E-05 9.97719E-05 9.97719E-05 9.97719E-05 9.97719E-05 9.97719E-05 0.337342 9.97719E-05 9.97719E-05 9.97719E-05 9.97719E-05 9.97719E-05 9.97719E-05 9.97719E-05 9.97719E-05 0.0769715 9.97719E-05 0.583093 9.97719E-05 9.97719E-05 9.97719E-05 9.97719E-05 9.97719E-05 9.97719E-05 9.97719E-05 9.97719E-05
0.0409887 9.98246E-05 0.0357452 9.98246E-05 9.98246E-05 9.98246E-05 9.98246E-05 0.141248 9.98246E-05 9.98246E-05 9.98246E-05 9.98246E-05 0.105442 9.98246E-05 9.98246E-05 9.98246E-05 9.98246E-05 9.98246E-05 0.117602 0.0080839 0.508484 9.98246E-05 9.98246E-05 9.98246E-05 0.00861277 0.0317966 9.98246E-05 9.98246E-05 9.98246E-05
9.97808E-05 9.97808E-05 9.97808E-05 0.0802896 9.97808E-05 9.97808E-05 9.97808E-05 0.0394606 9.97808E-05 0.851048 9.97808E-05 9.97808E-05 0.0267072 9.97808E-05 9.97808E-05 9.97808E-05 9.97808E-05 9.97808E-05 9.97808E-05 9.97808E-05 9.97808E-05 9.97808E-05 9.97808E-05 9.97808E-05 9.97808E-05 9.97808E-05 9.97808E-05 9.97808E-05 9.97808E-05
9.97807E-05 9.97807E-05 0.105284 9.97807E-05 9.97807E-05 9.97807E-05 9.97807E-05 9.97807E-05 9.97807E-05 0.0322139 9.97807E-05 9.97807E-05 9.97807E-05 9.97807E-05 9.97807E-05 9.97807E-05 9.97807E-05 9.97807E-05 0.0540485 9.97807E-05 0.805959 9.97807E-05 9.97807E-05 9.97807E-05 9.97807E-05 9.97807E-05 9.97807E-05 9.97807E-05 9.97807E-05
9.97981E-05 0.0745162 9.97981E-05 9.97981E-05 9.97981E-05 9.97981E-05 9.97981E-05 9.97981E-05 0.072166 9.97981E-05 9.97981E-05 9.97981E-05 0.0069615 9.97981E-05 9.97981E-05 9.97981E-05 0.0280283 9.97981E-05 0.0262052 9.97981E-05 0.789827 9.97981E-05 9.97981E-05 9.97981E-05 9.97981E-05 9.97981E-05 9.97981E-05 9.97981E-05 9.97981E-05
9.98158E-05 9.98158E-05 0.0486321 9.98158E-05 9.98158E-05 9.98158E-05 9.98158E-05 9.98158E-05 9.98158E-05 0.310343 0.179481 9.98158E-05 9.98158E-05 9.98158E-05 9.98158E-05 0.18918 0.0269987 9.98158E-05 0.0802862 9.98158E-05 9.98158E-05 9.98158E-05 9.98158E-05 0.0479507 9.98158E-05 0.115031 9.98158E-05 9.98158E-05 9.98158E-05
9.98333E-05 9.98333E-05 0.0873914 9.98333E-05 9.98333E-05 9.98333E-05 9.98333E-05 0.197856 9.98333E-05 0.0196175 9.98333E-05 9.98333E-05 9.98333E-05 0.117934 0.0661137 9.98333E-05 9.98333E-05 9.98333E-05 0.104297 9.98333E-05 0.144061 9.98333E-05 9.98333E-05 0.00322199 9.98333E-05 0.173804 9.98333E-05 0.0838066 9.98333E-05
9.9816E-05 9.9816E-05 0.0211179 9.9816E-05 9.9816E-05 0.0747081 9.9816E-05 9.9816E-05 9.9816E-05 0.552006 9.9816E-05 0.0793227 0.0236503 9.9816E-05 9.9816E-05 0.186934 9.9816E-05 9.9816E-05 0.0236132 9.9816E-05 9.9816E-05 9.9816E-05 0.0365516 9.9816E-05 9.9816E-05 9.9816E-05 9.9816E-05 9.9816E-05 9.9816E-05
9.98071E-05 9.98071E-05 0.106739 9.98071E-05 0.0798826 9.98071E-05 9.98071E-05 9.98071E-05 9.98071E-05 9.98071E-05 0.327147 9.98071E-05 9.98071E-05 9.98071E-05 9.98071E-05 9.98071E-05 9.98071E-05 9.98071E-05 0.127814 9.98071E-05 0.175591 9.98071E-05 9.98071E-05 9.98071E-05 0.136899 0.0437313 9.98071E-05 9.98071E-05 9.98071E-05
9.97982E-05 9.97982E-05 0.144506 9.97982E-05 9.97982E-05 9.97982E-05 9.97982E-05 0.0555888 9.97982E-05 0.324093 9.97982E-05 9.97982E-05 9.97982E-05 9.97982E-05 9.97982E-05 9.97982E-05 9.97982E-05 0.189485 0.132134 9.97982E-05 9.97982E-05 9.97982E-05 9.97982E-05 9.97982E-05 9.97982E-05 0.151898 9.97982E-05 9.97982E-05 9.97982E-05
9.97632E-05 9.97632E-05 9.97632E-05 9.97632E-05 9.97632E-05 9.97632E-05 9.97632E-05 9.97632E-05 9.97632E-05 0.977427 9.97632E-05 9.97632E-05 9.97632E-05 9.97632E-05 9.97632E-05 9.97632E-05 9.97632E-05 9.97632E-05 9.97632E-05 9.97632E-05 9.97632E-05 9.97632E-05 9.97632E-05 9.97632E-05 0.0198798 9.97632E-05 9.97632E-05 9.97632E-05 9.97632E-05
0.0887522 9.98071E-05 0.0086379 0.0672355 9.98071E-05 9.98071E-05 9.98071E-05 9.98071E-05 9.98071E-05 9.98071E-05 9.98071E-05 9.98071E-05 9.98071E-05 9.98071E-05 0.0532775 9.98071E-05 9.98071E-05 9.98071E-05 9.98071E-05 9.98071E-05 0.486146 0.257377 9.98071E-05 9.98071E-05 9.98071E-05 0.0363773 9.98071E-05 9.98071E-05 9.98071E-05
9.9816E-05 0.0700904 0.254441 9.9816E-05 9.9816E-05 9.9816E-05 0.0842386 9.9816E-05 9.9816E-05 0.291751 9.9816E-05 9.9816E-05 9.9816E-05 9.9816E-05 9.9816E-05 9.9816E-05 9.9816E-05 0.061947 9.9816E-05 9.9816E-05 9.9816E-05 9.9816E-05 9.9816E-05 9.9816E-05 9.9816E-05 0.151131 0.0206847 0.0636196 9.9816E-05
9.98071E-05 9.98071E-05 9.98071E-05 9.98071E-05 9.98071E-05 9.98071E-05 9.98071E-05 0.0645136 9.98071E-05 9.98071E-05 0.145882 9.98071E-05 0.0119129 9.98071E-05 0.0961095 9.98071E-05 9.98071E-05 9.98071E-05 0.0919004 9.98071E-05 0.55157 9.98071E-05 9.98071E-05 9.98071E-05 9.98071E-05 9.98071E-05 9.98071E-05 0.0359162 9.98071E-05
0.044961 9.98246E-05 0.172241 0.0304284 9.98246E-05 9.98246E-05 9.98246E-05 9.98246E-05 9.98246E-05 0.177135 0.0456212 9.98246E-05 9.98246E-05 0.0813054 9.98246E-05 9.98246E-05 9.98246E-05 9.98246E-05 0.208778 0.0559188 0.181615 9.98246E-05 9.98246E-05 9.98246E-05 9.98246E-05 9.98246E-05 9.98246E-05 9.98246E-05 9.98246E-05
0.220532 9.98245E-05 0.0446823 9.98245E-05 9.98245E-05 9.98245E-05 9.98245E-05 9.98245E-05 9.98245E-05 0.0310556 9.98245E-05 9.98245E-05 9.98245E-05 9.98245E-05 0.0679082 9.98245E-05 9.98245E-05 9.98245E-05 0.234539 9.98245E-05 0.259203 9.98245E-05 9.98245E-05 0.0879058 0.0316027 0.0205747 9.98245E-05 9.98245E-05 9.98245E-05
0.0201255 9.98072E-05 0.0255348 9.98072E-05 9.98072E-05 9.98072E-05 9.98072E-05 9.98072E-05 9.98072E-05 0.468884 9.98072E-05 9.98072E-05 9.98072E-05 9.98072E-05 0.0479694 9.98072E-05 9.98072E-05 9.98072E-05 0.141967 9.98072E-05 0.277865 9.98072E-05 9.98072E-05 9.98072E-05 9.98072E-05 9.98072E-05 9.98072E-05 0.0154583 9.98072E-05
0.278806 9.98245E-05 0.238929 0.00279049 0.112275 9.98245E-05 9.98245E-05 9.98245E-05 9.98245E-05 0.0344138 9.98245E-05 0.00360759 9.98245E-05 0.0293369 9.98245E-05 9.98245E-05 9.98245E-05 9.98245E-05 0.0643588 9.98245E-05 9.98245E-05 9.98245E-05 9.98245E-05 9.98245E-05 9.98245E-05 9.98245E-05 0.233487 9.98245E-05 9.98245E-05
0.0810722 9.98159E-05 0.0201562 0.00670751 9.98159E-05 9.98159E-05 9.98159E-05 9.98159E-05 9.98159E-05 0.477694 9.98159E-05 9.98159E-05 9.98159E-05 9.98159E-05 0.0658382 9.98159E-05 9.98159E-05 0.0492593 0.00370703 9.98159E-05 0.293469 9.98159E-05 9.98159E-05 9.98159E-05 9.98159E-05 9.98159E-05 9.98159E-05 9.98159E-05 9.98159E-05
0.110969 9.9816E-05 0.00915606 9.9816E-05 9.9816E-05 9.9816E-05 9.9816E-05 9.9816E-05 9.9816E-05 0.424437 0.0331266 9.9816E-05 9.9816E-05 9.9816E-05 9.9816E-05 9.9816E-05 9.9816E-05 9.9816E-05 0.20881 0.00242157 0.111112 9.9816E-05 9.9816E-05 9.9816E-05 9.9816E-05 9.9816E-05 0.097871 9.9816E-05 9.9816E-05
9.97632E-05 9.97632E-05 9.97632E-05 9.97632E-05 9.97632E-05 9.97632E-05 9.97632E-05 9.97632E-05 9.97632E-05 0.611242 9.97632E-05 9.97632E-05 9.97632E-05 9.97632E-05 9.97632E-05 0.386064 9.97632E-05 9.97632E-05 9.97632E-05 9.97632E-05 9.97632E-05 9.97632E-05 9.97632E-05 9.97632E-05 9.97632E-05 9.97632E-05 9.97632E-05 9.97632E-05 9.97632E-05
9.98158E-05 9.98158E-05 0.0214619 9.98158E-05 9.98158E-05 9.98158E-05 9.98158E-05 9.98158E-05 9.98158E-05 0.751434 0.0524678 9.98158E-05 0.0907154 9.98158E-05 9.98158E-05 9.98158E-05 9.98158E-05 0.00154932 0.0268312 9.98158E-05 9.98158E-05 9.98158E-05 9.98158E-05 0.0449525 9.98158E-05 0.00849184 9.98158E-05 9.98158E-05 9.98158E-05
9.98333E-05 9.98333E-05 0.086702 9.98333E-05 9.98333E-05 9.98333E-05 9.98333E-05 0.0451133 9.98333E-05 0.00949372 0.00604948 9.98333E-05 0.0486082 9.98333E-05 0.0765996 9.98333E-05 9.98333E-05 9.98333E-05 0.0786205 9.98333E-05 0.412277 9.98333E-05 0.15452 9.98333E-05 9.98333E-05 9.98333E-05 9.98333E-05 0.0801189 9.98333E-05
9.98332E-05 9.98332E-05 0.180593 0.0594966 9.98332E-05 9.98332E-05 9.98332E-05 0.234342 9.98332E-05 9.98332E-05 9.98332E-05 9.98332E-05 0.0269819 0.0455672 0.0304595 9.98332E-05 9.98332E-05 9.98332E-05 0.0182904 9.98332E-05 0.333921 9.98332E-05 9.98332E-05 9.98332E-05 9.98332E-05 0.0547128 9.98332E-05 0.0137387 9.98332E-05
0.138608 9.9807E-05 0.159713 0.0768867 9.9807E-05 9.9807E-05 9.9807E-05 9.9807E-05 0.0882797 0.222467 9.9807E-05 9.9807E-05 9.9807E-05 9.9807E-05 9.9807E-05 9.9807E-05 9.9807E-05 9.9807E-05 0.0920976 9.9807E-05 0.219752 9.9807E-05 9.9807E-05 9.9807E-05 9.9807E-05 9.9807E-05 9.9807E-05 9.9807E-05 9.9807E-05
9.97897E-05 9.97897E-05 9.97897E-05 9.97897E-05 0.0447657 0.0155906 9.97897E-05 0.0459668 9.97897E-05 0.835134 9.97897E-05 9.97897E-05 9.97897E-05 9.97897E-05 9.97897E-05 9.97897E-05 9.97897E-05 9.97897E-05 0.0561479 9.97897E-05 9.97897E-05 9.97897E-05 9.97897E-05 9.97897E-05 9.97897E-05 9.97897E-05 9.97897E-05 9.97897E-05 9.97897E-05
9.97983E-05 9.97983E-05 0.0682321 9.97983E-05 9.97983E-05 9.97983E-05 9.97983E-05 0.180697 9.97983E-05 0.594616 9.97983E-05 9.97983E-05 9.97983E-05 9.97983E-05 0.138682 9.97983E-05 9.97983E-05 9.97983E-05 9.97983E-05 9.97983E-05 9.97983E-05 9.97983E-05 9.97983E-05 9.97983E-05 9.97983E-05 0.00705108 0.00842677 9.97983E-05 9.97983E-05
9.9781E-05 9.9781E-05 9.9781E-05 9.9781E-05 9.9781E-05 9.9781E-05 9.9781E-05 0.0257221 9.9781E-05 0.8948 9.9781E-05 9.9781E-05 9.9781E-05 9.9781E-05 9.9781E-05 9.9781E-05 9.9781E-05 0.0711784 9.9781E-05 9.9781E-05 9.9781E-05 9.9781E-05 9.9781E-05 9.9781E-05 9.9781E-05 9.9781E-05 9.9781E-05 9.9781E-05 0.00580518
9.98249E-05 9.98249E-05 0.0344607 9.98249E-05 9.98249E-05 0.0585315 9.98249E-05 9.98249E-05 9.98249E-05 0.362337 9.98249E-05 9.98249E-05 9.98249E-05 9.98249E-05 0.0470851 0.0206987 9.98249E-05 9.98249E-05 0.0387065 9.98249E-05 0.299888 9.98249E-05 9.98249E-05 9.98249E-05 0.042066 0.0942292 9.98249E-05 9.98249E-05 9.98249E-05
9.97985E-05 0.0118453 9.97985E-05 0.0745601 9.97985E-05 9.97985E-05 9.97985E-05 9.97985E-05 9.97985E-05 0.651626 9.97985E-05 9.97985E-05 0.047103 9.97985E-05 9.97985E-05 0.0949841 9.97985E-05 9.97985E-05 0.117586 9.97985E-05 9.97985E-05 9.97985E-05 9.97985E-05 9.97985E-05 9.97985E-05 9.97985E-05 9.97985E-05 9.97985E-05 9.97985E-05
9.98069E-05 9.98069E-05 9.98069E-05 0.0150394 9.98069E-05 9.98069E-05 9.98069E-05 9.98069E-05 0.238662 0.508687 9.98069E-05 9.98069E-05 9.98069E-05 0.0424027 9.98069E-05 9.98069E-05 9.98069E-05 0.0626055 0.107288 9.98069E-05 9.98069E-05 9.98069E-05 9.98069E-05 9.98069E-05 9.98069E-05 9.98069E-05 9.98069E-05 9.98069E-05 0.0231203
9.97896E-05 9.97896E-05 0.0195971 9.97896E-05 9.97896E-05 9.97896E-05 9.97896E-05 9.97896E-05 9.97896E-05 0.841431 9.97896E-05 9.97896E-05 0.0537769 9.97896E-05 9.97896E-05 9.97896E-05 9.97896E-05 9.97896E-05 0.0735726 9.97896E-05 9.97896E-05 9.97896E-05 9.97896E-05 9.97896E-05 9.97896E-05 9.97896E-05 0.00922751 9.97896E-05 9.97896E-05
9.97809E-05 9.97809E-05 0.152359 9.97809E-05 9.97809E-05 9.97809E-05 9.97809E-05 9.97809E-05 9.97809E-05 0.571704 9.97809E-05 9.97809E-05 9.97809E-05 9.97809E-05 9.97809E-05 9.97809E-05 9.97809E-05 9.97809E-05 0.0624317 9.97809E-05 9.97809E-05 9.97809E-05 9.97809E-05 9.97809E-05 9.97809E-05 9.97809E-05 0.211011 9.97809E-05 9.97809E-05
9.97895E-05 9.97895E-05 9.97895E-05 9.97895E-05 9.97895E-05 9.97895E-05 9.97895E-05 9.97895E-05 0.010125 9.97895E-05 9.97895E-05 9.97895E-05 9.97895E-05 9.97895E-05 9.97895E-05 9.97895E-05 9.97895E-05 0.170458 9.97895E-05 9.97895E-05 0.684003 9.97895E-05 0.0603218 9.97895E-05 9.97895E-05 9.97895E-05 0.0726972 9.97895E-05 9.97895E-05
9.98071E-05 9.98071E-05 0.110259 9.98071E-05 9.98071E-05 9.98071E-05 9.98071E-05 9.98071E-05 9.98071E-05 0.371566 0.21992 9.98071E-05 0.00961082 9.98071E-05 9.98071E-05 9.98071E-05 9.98071E-05 9.98071E-05 0.145825 0.0284473 9.98071E-05 9.98071E-05 9.98071E-05 9.98071E-05 9.98071E-05 0.112176 9.98071E-05 9.98071E-05 9.98071E-05
9.97894E-05 9.97894E-05 0.428934 9.97894E-05 9.97894E-05 9.97894E-05 9.97894E-05 9.97894E-05 9.97894E-05 9.97894E-05 9.97894E-05 0.135025 9.97894E-05 9.97894E-05 9.97894E-05 9.97894E-05 9.97894E-05 0.0397422 0.11974 9.97894E-05 0.274164 9.97894E-05 9.97894E-05 9.97894E-05 9.97894E-05 9.97894E-05 9.97894E-05 9.97894E-05 9.97894E-05
9.9772E-05 9.9772E-05 9.9772E-05 9.9772E-05 9.9772E-05 9.9772E-05 9.9772E-05 9.9772E-05 9.9772E-05 0.879787 9.9772E-05 9.9772E-05 9.9772E-05 9.9772E-05 0.0948213 9.9772E-05 9.9772E-05 9.9772E-05 9.9772E-05 9.9772E-05 9.9772E-05 9.9772E-05 9.9772E-05 9.9772E-05 0.0227977 9.9772E-05 9.9772E-05 9.9772E-05 9.9772E-05
9.97718E-05 9.97718E-05 9.97718E-05 9.97718E-05 9.97718E-05 9.97718E-05 9.97718E-05 9.97718E-05 9.97718E-05 9.97718E-05 9.97718E-05 9.97718E-05 9.97718E-05 9.97718E-05 0.0245863 9.97718E-05 9.97718E-05 9.97718E-05 0.107613 9.97718E-05 0.865207 9.97718E-05 9.97718E-05 9.97718E-05 9.97718E-05 9.97718E-05 9.97718E-05 9.97718E-05 9.97718E-05
9.97634E-05 9.97634E-05 9.97634E-05 9.97634E-05 9.97634E-05 9.97634E-05 9.97634E-05 0.0855824 9.97634E-05 0.911724 9.97634E-05 9.97634E-05 9.97634E-05 9.97634E-05 9.97634E-05 9.97634E-05 9.97634E-05 9.97634E-05 9.97634E-05 9.97634E-05 9.97634E-05 9.97634E-05 9.97634E-05 9.97634E-05 9.97634E-05 9.97634E-05 9.97634E-05 9.97634E-05 9.97634E-05
9.98245E-05 9.98245E-05 0.12593 9.98245E-05 9.98245E-05 9.98245E-05 0.00239437 0.0135542 9.98245E-05 0.582084 9.98245E-05 9.98245E-05 0.0182934 9.98245E-05 0.0286531 9.98245E-05 9.98245E-05 0.0113499 0.114822 9.98245E-05 0.100922 9.98245E-05 9.98245E-05 9.98245E-05 9.98245E-05 9.98245E-05 9.98245E-05 9.98245E-05 9.98245E-05
9.97986E-05 9.97986E-05 9.97986E-05 9.97986E-05 9.97986E-05 9.97986E-05 9.97986E-05 9.97986E-05 9.97986E-05 9.97986E-05 9.97986E-05 9.97986E-05 9.97986E-05 9.97986E-05 9.97986E-05 9.97986E-05 0.00966494 0.115109 9.97986E-05 9.97986E-05 0.763454 9.97986E-05 9.97986E-05 9.97986E-05 9.97986E-05 0.00409706 9.97986E-05 0.0289955 0.0763848
0.120807 9.98069E-05 9.98069E-05 9.98069E-05 9.98069E-05 9.98069E-05 0.111692 9.98069E-05 9.98069E-05 9.98069E-05 9.98069E-05 9.98069E-05 0.0940114 9.98069E-05 9.98069E-05 9.98069E-05 9.98069E-05 9.98069E-05 0.189494 9.98069E-05 0.345274 9.98069E-05 9.98069E-05 9.98069E-05 9.98069E-05 0.0404863 0.096039 9.98069E-05 9.98069E-05
9.98158E-05 0.0180371 0.17459 0.0215568 9.98158E-05 9.98158E-05 9.98158E-05 9.98158E-05 9.98158E-05 9.98158E-05 9.98158E-05 9.98158E-05 9.98158E-05 9.98158E-05 0.0670931 9.98158E-05 9.98158E-05 9.98158E-05 9.98158E-05 0.0528585 0.648929 0.00641617 9.98158E-05 9.98158E-05 0.00842323 9.98158E-05 9.98158E-05 9.98158E-05 9.98158E-05
9.97634E-05 9.97634E-05 9.97634E-05 9.97634E-05 0.0220121 9.97634E-05 9.97634E-05 9.97634E-05 9.97634E-05 0.975294 9.97634E-05 9.97634E-05 9.97634E-05 9.97634E-05 9.97634E-05 9.97634E-05 9.97634E-05 9.97634E-05 9.97634E-05 9.97634E-05 9.97634E-05 9.97634E-05 9.97634E-05 9.97634E-05 9.97634E-05 9.97634E-05 9.97634E-05 9.97634E-05 9.97634E-05
9.98246E-05 0.0368017 9.98246E-05 0.110724 9.98246E-05 9.98246E-05 9.98246E-05 0.113486 0.104816 9.98246E-05 9.98246E-05 9.98246E-05 9.98246E-05 0.0234612 9.98246E-05 9.98246E-05 0.0129673 9.98246E-05 0.00364769 9.98246E-05 0.553464 9.98246E-05 9.98246E-05 9.98246E-05 9.98246E-05 9.98246E-05 9.98246E-05 9.98246E-05 0.0386353
9.97812E-05 9.97812E-05 9.97812E-05 9.97812E-05 9.97812E-05 9.97812E-05 9.97812E-05 9.97812E-05 9.97812E-05 0.767312 9.97812E-05 9.97812E-05 9.97812E-05 9.97812E-05 9.97812E-05 9.97812E-05 0.035755 9.97812E-05 0.107907 9.97812E-05 9.97812E-05 9.97812E-05 9.97812E-05 0.086531 9.97812E-05 9.97812E-05 9.97812E-05 9.97812E-05 9.97812E-05
9.97985E-05 9.97985E-05 9.97985E-05 9.97985E-05 9.97985E-05 9.97985E-05 9.97985E-05 0.288718 9.97985E-05 0.548887 9.97985E-05 9.97985E-05 9.97985E-05 0.0106016 9.97985E-05 9.97985E-05 9.97985E-05 0.0370587 9.97985E-05 9.97985E-05 9.97985E-05 9.97985E-05 9.97985E-05 9.97985E-05 0.0846491 9.97985E-05 9.97985E-05 0.0277908 9.97985E-05
9.97982E-05 9.97982E-05 0.0463539 9.97982E-05 0.0522603 9.97982E-05 9.97982E-05 9.97982E-05 9.97982E-05 0.840277 9.97982E-05 9.97982E-05 0.0197604 9.97982E-05 9.97982E-05 9.97982E-05 9.97982E-05 0.0327031 0.00634983 9.97982E-05 9.97982E-05 9.97982E-05 9.97982E-05 9.97982E-05 9.97982E-05 9.97982E-05 9.97982E-05 9.97982E-05 9.97982E-05
9.97896E-05 9.97896E-05 9.97896E-05 9.97896E-05 9.97896E-05 9.97896E-05 9.97896E-05 9.97896E-05 9.97896E-05 9.97896E-05 9.97896E-05 0.112452 0.00808349 9.97896E-05 0.0439396 9.97896E-05 9.97896E-05 9.97896E-05 0.0423895 9.97896E-05 0.790741 9.97896E-05 9.97896E-05 9.97896E-05 9.97896E-05 9.97896E-05 9.97896E-05 9.97896E-05 9.97896E-05
9.97807E-05 9.97807E-05 9.97807E-05 9.97807E-05 9.97807E-05 9.97807E-05 0.084128 9.97807E-05 9.97807E-05 0.130923 9.97807E-05 9.97807E-05 9.97807E-05 9.97807E-05 9.97807E-05 9.97807E-05 9.97807E-05 9.97807E-05 9.97807E-05 9.97807E-05 0.73923 9.97807E-05 9.97807E-05 9.97807E-05 9.97807E-05 0.0432244 9.97807E-05 9.97807E-05 9.97807E-05
9.98069E-05 9.98069E-05 0.00420183 9.98069E-05 0.0106476 9.98069E-05 9.98069E-05 9.98069E-05 9.98069E-05 9.98069E-05 0.804224 9.98069E-05 0.0272886 9.98069E-05 9.98069E-05 9.98069E-05 0.00283535 9.98069E-05 0.0791483 9.98069E-05 9.98069E-05 9.98069E-05 9.98069E-05 9.98069E-05 9.98069E-05 0.069459 9.98069E-05 9.98069E-05 9.98069E-05
9.97886E-05 9.97886E-05 9.97886E-05 9.97886E-05 9.97886E-05 9.97886E-05 9.97886E-05 0.323172 9.97886E-05 9.97886E-05 0.650963 9.97886E-05 9.97886E-05 9.97886E-05 0.00851128 9.97886E-05 9.97886E-05 9.97886E-05 9.97886E-05 0.0148588 9.97886E-05 9.97886E-05 9.97886E-05 9.97886E-05 9.97886E-05 9.97886E-05 9.97886E-05 9.97886E-05 9.97886E-05
9.97634E-05 9.97634E-05 9.97634E-05 9.97634E-05 9.97634E-05 9.97634E-05 9.97634E-05 0.109655 9.97634E-05 9.97634E-05 0.887652 9.97634E-05 9.97634E-05 9.97634E-05 9.97634E-05 9.97634E-05 9.97634E-05 9.97634E-05 9.97634E-05 9.97634E-05 9.97634E-05 9.97634E-05 9.97634E-05 9.97634E-05 9.97634E-05 9.97634E-05 9.97634E-05 9.97634E-05 9.97634E-05
0.0735649 9.98072E-05 9.98072E-05 9.98072E-05 9.98072E-05 0.254712 9.98072E-05 9.98072E-05 9.98072E-05 9.98072E-05 0.368273 9.98072E-05 9.98072E-05 9.98072E-05 0.0212129 9.98072E-05 9.98072E-05 9.98072E-05 0.051378 9.98072E-05 9.98072E-05 9.98072E-05 9.98072E-05 9.98072E-05 9.98072E-05 0.130098 9.98072E-05 9.98072E-05 0.098565
9.9833E-05 0.0227333 0.106109 9.9833E-05 0.00437041 9.9833E-05 9.9833E-05 0.160106 9.9833E-05 9.9833E-05 0.565556 9.9833E-05 9.9833E-05 9.9833E-05 9.9833E-05 9.9833E-05 9.9833E-05 0.00240126 0.0192426 9.9833E-05 9.9833E-05 9.9833E-05 9.9833E-05 9.9833E-05 0.0548351 0.0593792 9.9833E-05 9.9833E-05 0.00337048
0.00799637 9.97714E-05 9.97714E-05 9.97714E-05 9.97714E-05 9.97714E-05 9.97714E-05 9.97714E-05 9.97714E-05 9.97714E-05 0.859366 9.97714E-05 9.97714E-05 9.97714E-05 9.97714E-05 9.97714E-05 9.97714E-05 9.97714E-05 0.130043 9.97714E-05 9.97714E-05 9.97714E-05 9.97714E-05 9.97714E-05 9.97714E-05 9.97714E-05 9.97714E-05 9.97714E-05 9.97714E-05
9.97892E-05 9.97892E-05 9.97892E-05 9.97892E-05 9.97892E-05 0.34267 9.97892E-05 0.253294 9.97892E-05 9.97892E-05 0.317069 9.97892E-05 9.97892E-05 9.97892E-05 0.0438956 9.97892E-05 9.97892E-05 9.97892E-05 0.0406764 9.97892E-05 9.97892E-05 9.97892E-05 9.97892E-05 9.97892E-05 9.97892E-05 9.97892E-05 9.97892E-05 9.97892E-05 9.97892E-05
0.0308844 9.98243E-05 9.98243E-05 9.98243E-05 0.121398 0.112083 9.98243E-05 0.159148 9.98243E-05 9.98243E-05 0.443384 9.98243E-05 9.98243E-05 9.98243E-05 9.98243E-05 9.98243E-05 9.98243E-05 0.00767307 0.0457929 9.98243E-05 9.98243E-05 9.98243E-05 9.98243E-05 9.98243E-05 9.98243E-05 0.0591527 9.98243E-05 0.0184886 9.98243E-05
9.97545E-05 9.97545E-05 9.97545E-05 9.97545E-05 9.97545E-05 9.97545E-05 9.97545E-05 9.97545E-05 9.97545E-05 9.97545E-05 0.997207 9.97545E-05 9.97545E-05 9.97545E-05 9.97545E-05 9.97545E-05 9.97545E-05 9.97545E-05 9.97545E-05 9.97545E-05 9.97545E-05 9.97545E-05 9.97545E-05 9.97545E-05 9.97545E-05 9.97545E-05 9.97545E-05 9.97545E-05 9.97545E-05
9.97628E-05 9.97628E-05 9.97628E-05 9.97628E-05 9.97628E-05 9.97628E-05 9.97628E-05 0.970618 9.97628E-05 9.97628E-05 9.97628E-05 9.97628E-05 0.0266881 9.97628E-05 9.97628E-05 9.97628E-05 9.97628E-05 9.97628E-05 9.97628E-05 9.97628E-05 9.97628E-05 9.97628E-05 9.97628E-05 9.97628E-05 9.97628E-05 9.97628E-05 9.97628E-05 9.97628E-05 9.97628E-05
9.97979E-05 9.97979E-05 9.97979E-05 9.97979E-05 9.97979E-05 9.97979E-05 9.97979E-05 9.97979E-05 9.97979E-05 9.97979E-05 0.539116 0.0300889 0.189186 9.97979E-05 9.97979E-05 9.97979E-05 9.97979E-05 9.97979E-05 0.215541 9.97979E-05 9.97979E-05 9.97979E-05 9.97979E-05 9.97979E-05 0.00896705 0.014806 9.97979E-05 9.97979E-05 9.97979E-05
9.98243E-05 0.000637298 0.0909093 0.0770219 9.98243E-05 0.00960511 9.98243E-05 9.98243E-05 9.98243E-05 9.98243E-05 0.638728 9.98243E-05 0.0583825 9.98243E-05 9.98243E-05 9.98243E-05 0.0573261 0.0196814 0.0457124 9.98243E-05 9.98243E-05 9.98243E-05 9.98243E-05 9.98243E-05 9.98243E-05 9.98243E-05 9.98243E-05 9.98243E-05 9.98243E-05
9.98068E-05 9.98068E-05 9.98068E-05 0.15637 9.98068E-05 9.98068E-05 0.137857 0.0392388 9.98068E-05 9.98068E-05 0.518577 9.98068E-05 0.0602756 9.98068E-05 9.98068E-05 9.98068E-05 9.98068E-05 9.98068E-05 9.98068E-05 9.98068E-05 9.98068E-05 9.98068E-05 9.98068E-05 9.98068E-05 9.98068E-05 0.0698633 9.98068E-05 0.0156226 9.98068E-05
9.97981E-05 9.97981E-05 0.0373259 9.97981E-05 9.97981E-05 0.071076 0.0947043 9.97981E-05 9.97981E-05 9.97981E-05 0.61185 9.97981E-05 9.97981E-05 9.97981E-05 9.97981E-05 9.97981E-05 9.97981E-05 9.97981E-05 0.17116 9.97981E-05 9.97981E-05 9.97981E-05 9.97981E-05 9.97981E-05 9.97981E-05 9.97981E-05 9.97981E-05 9.97981E-05 0.0115885
9.97636E-05 9.97636E-05 9.97636E-05 9.97636E-05 9.97636E-05 9.97636E-05 9.97636E-05 9.97636E-05 9.97636E-05 9.97636E-05 0.990604 9.97636E-05 9.97636E-05 9.97636E-05 9.97636E-05 9.97636E-05 9.97636E-05 9.97636E-05 9.97636E-05 9.97636E-05 9.97636E-05 9.97636E-05 9.97636E-05 9.97636E-05 9.97636E-05 9.97636E-05 0.00670285 9.97636E-05 9.97636E-05
9.97811E-05 9.97811E-05 9.97811E-05 9.97811E-05 9.97811E-05 9.97811E-05 9.97811E-05 0.0688565 9.97811E-05 9.97811E-05 0.766009 9.97811E-05 9.97811E-05 9.97811E-05 0.140546 9.97811E-05 9.97811E-05 9.97811E-05 9.97811E-05 9.97811E-05 9.97811E-05 9.97811E-05 9.97811E-05 9.97811E-05 9.97811E-05 0.0220931 9.97811E-05 9.97811E-05 9.97811E-05
0.0932908 9.97804E-05 9.97804E-05 9.97804E-05 9.97804E-05 9.97804E-05 9.97804E-05 9.97804E-05 9.97804E-05 9.97804E-05 0.797704 9.97804E-05 9.97804E-05 9.97804E-05 9.97804E-05 9.97804E-05 9.97804E-05 0.0929425 9.97804E-05 9.97804E-05 9.97804E-05 9.97804E-05 9.97804E-05 9.97804E-05 9.97804E-05 9.97804E-05 9.97804E-05 9.97804E-05 0.0135682
9.98069E-05 9.98069E-05 0.134447 9.98069E-05 9.98069E-05 9.98069E-05 9.98069E-05 0.0674976 9.98069E-05 9.98069E-05 0.536414 9.98069E-05 0.0990757 9.98069E-05 0.0600552 9.98069E-05 9.98069E-05 0.0631103 9.98069E-05 9.98069E-05 9.98069E-05 9.98069E-05 9.98069E-05 9.98069E-05 9.98069E-05 0.0372041 9.98069E-05 9.98069E-05 9.98069E-05
9.97895E-05 9.97895E-05 9.97895E-05 9.97895E-05 0.0923593 9.97895E-05 9.97895E-05 0.21591 9.97895E-05 9.97895E-05 0.64841 9.97895E-05 0.032916 9.97895E-05 9.97895E-05 9.97895E-05 9.97895E-05 9.97895E-05 0.00801014 9.97895E-05 9.97895E-05 9.97895E-05 9.97895E-05 9.97895E-05 9.97895E-05 9.97895E-05 9.97895E-05 9.97895E-05 9.97895E-05
9.97804E-05 9.97804E-05 9.97804E-05 9.97804E-05 9.97804E-05 9.97804E-05 9.97804E-05 9.97804E-05 9.97804E-05 9.97804E-05 0.702132 9.97804E-05 9.97804E-05 0.10639 9.97804E-05 9.97804E-05 9.97804E-05 9.97804E-05 0.157024 9.97804E-05 9.97804E-05 9.97804E-05 9.97804E-05 9.97804E-05 9.97804E-05 9.97804E-05 0.0319589 9.97804E-05 9.97804E-05
9.97547E-05 9.97547E-05 9.97547E-05 9.97547E-05 9.97547E-05 9.97547E-05 9.97547E-05 0.997207 9.97547E-05 9.97547E-05 9.97547E-05 9.97547E-05 9.97547E-05 9.97547E-05 9.97547E-05 9.97547E-05 9.97547E-05 9.97547E-05 9.97547E-05 9.97547E-05 9.97547E-05 9.97547E-05 9.97547E-05 9.97547E-05 9.97547E-05 9.97547E-05 9.97547E-05 9.97547E-05 9.97547E-05
9.97804E-05 9.97804E-05 0.216873 9.97804E-05 9.97804E-05 9.97804E-05 9.97804E-05 9.97804E-05 9.97804E-05 9.97804E-05 0.741419 9.97804E-05 9.97804E-05 9.97804E-05 9.97804E-05 9.97804E-05 9.97804E-05 0.00707657 0.0321367 9.97804E-05 9.97804E-05 9.97804E-05 9.97804E-05 9.97804E-05 9.97804E-05 9.97804E-05 9.97804E-05 9.97804E-05 9.97804E-05
0.0652287 9.98073E-05 9.98073E-05 9.98073E-05 9.98073E-05 0.0488 9.98073E-05 9.98073E-05 0.0245 9.98073E-05 0.796579 9.98073E-05 9.98073E-05 9.98073E-05 9.98073E-05 9.98073E-05 0.0256673 9.98073E-05 0.0304484 9.98073E-05 9.98073E-05 9.98073E-05 9.98073E-05 9.98073E-05 0.00658086 9.98073E-05 9.98073E-05 9.98073E-05 9.98073E-05
9.98068E-05 9.98068E-05 0.023911 9.98068E-05 0.084427 9.98068E-05 9.98068E-05 0.672078 9.98068E-05 9.98068E-05 9.98068E-05 0.0158304 9.98068E-05 9.98068E-05 9.98068E-05 9.98068E-05 9.98068E-05 0.126395 9.98068E-05 9.98068E-05 9.98068E-05 9.98068E-05 9.98068E-05 9.98068E-05 9.98068E-05 0.0351718 9.98068E-05 0.0399905 9.98068E-05
9.97626E-05 9.97626E-05 9.97626E-05 9.97626E-05 9.97626E-05 9.97626E-05 9.97626E-05 0.93055 9.97626E-05 9.97626E-05 9.97626E-05 9.97626E-05 0.0667564 9.97626E-05 9.97626E-05 9.97626E-05 9.97626E-05 9.97626E-05 9.97626E-05 9.97626E-05 9.97626E-05 9.97626E-05 9.97626E-05 9.97626E-05 9.97626E-05 9.97626E-05 9.97626E-05 9.97626E-05 9.97626E-05
9.97721E-05 9.97721E-05 9.97721E-05 9.97721E-05 9.97721E-05 0.00723373 9.97721E-05 0.988025 9.97721E-05 9.97721E-05 9.97721E-05 9.97721E-05 9.97721E-05 9.97721E-05 9.97721E-05 9.97721E-05 9.97721E-05 9.97721E-05 0.00214697 9.97721E-05 9.97721E-05 9.97721E-05 9.97721E-05 9.97721E-05 9.97721E-05 9.97721E-05 9.97721E-05 9.97721E-05 9.97721E-05
9.97548E-05 9.97548E-05 9.97548E-05 9.97548E-05 9.97548E-05 9.97548E-05 9.97548E-05 9.97548E-05 9.97548E-05 9.97548E-05 0.997207 9.97548E-05 9.97548E-05 9.97548E-05 9.97548E-05 9.97548E-05 9.97548E-05 9.97548E-05 9.97548E-05 9.97548E-05 9.97548E-05 9.97548E-05 9.97548E-05 9.97548E-05 9.97548E-05 9.97548E-05 9.97548E-05 9.97548E-05 9.97548E-05
9.97635E-05 9.97635E-05 9.97635E-05 9.97635E-05 9.97635E-05 9.97635E-05 9.97635E-05 0.198262 9.97635E-05 9.97635E-05 0.799044 9.97635E-05 9.97635E-05 9.97635E-05 9.97635E-05 9.97635E-05 9.97635E-05 9.97635E-05 9.97635E-05 9.97635E-05 9.97635E-05 9.97635E-05 9.97635E-05 9.97635E-05 9.97635E-05 9.97635E-05 9.97635E-05 9.97635E-05 9.97635E-05
9.9781E-05 9.9781E-05 9.9781E-05 9.9781E-05 0.0859284 9.9781E-05 9.9781E-05 9.9781E-05 9.9781E-05 9.9781E-05 0.887756 9.9781E-05 9.9781E-05 9.9781E-05 0.0226455 9.9781E-05 9.9781E-05 0.0011752 9.9781E-05 9.9781E-05 9.9781E-05 9.9781E-05 9.9781E-05 9.9781E-05 9.9781E-05 9.9781E-05 9.9781E-05 9.9781E-05 9.9781E-05
9.97984E-05 9.97984E-05 9.97984E-05 0.0588583 9.97984E-05 9.97984E-05 9.97984E-05 0.667417 0.141782 9.97984E-05 9.97984E-05 9.97984E-05 9.97984E-05 9.97984E-05 9.97984E-05 9.97984E-05 9.97984E-05 9.97984E-05 0.0557556 9.97984E-05 9.97984E-05 9.97984E-05 9.97984E-05 9.97984E-05 9.97984E-05 0.00146974 0.0724226 9.97984E-05 9.97984E-05
0.376297 9.98071E-05 9.98071E-05 9.98071E-05 9.98071E-05 9.98071E-05 0.0396179 9.98071E-05 9.98071E-05 9.98071E-05 9.98071E-05 9.98071E-05 9.98071E-05 9.98071E-05 9.98071E-05 9.98071E-05 0.0143266 9.98071E-05 0.0186428 9.98071E-05 9.98071E-05 9.98071E-05 9.98071E-05 9.98071E-05 0.0026272 0.0711769 9.98071E-05 0.475116 9.98071E-05
0.274095 9.9772E-05 9.9772E-05 9.9772E-05 9.9772E-05 9.9772E-05 9.9772E-05 9.9772E-05 0.376658 9.9772E-05 9.9772E-05 9.9772E-05 9.9772E-05 9.9772E-05 9.9772E-05 0.346653 9.9772E-05 9.9772E-05 9.9772E-05 9.9772E-05 9.9772E-05 9.9772E-05 9.9772E-05 9.9772E-05 9.9772E-05 9.9772E-05 9.9772E-05 9.9772E-05 9.9772E-05
0.642983 0.030424 9.97895E-05 9.97895E-05 9.97895E-05 9.97895E-05 0.0315841 9.97895E-05 9.97895E-05 9.97895E-05 9.97895E-05 9.97895E-05 9.97895E-05 9.97895E-05 9.97895E-05 9.97895E-05 9.97895E-05 9.97895E-05 0.0211665 9.97895E-05 9.97895E-05 9.97895E-05 9.97895E-05 9.97895E-05 9.97895E-05 9.97895E-05 9.97895E-05 0.271447 9.97895E-05
0.611097 9.97892E-05 9.97892E-05 9.97892E-05 0.0476502 9.97892E-05 9.97892E-05 9.97892E-05 9.97892E-05 9.97892E-05 9.97892E-05 9.97892E-05 9.97892E-05 9.97892E-05 9.97892E-05 9.97892E-05 9.97892E-05 9.97892E-05 0.0558206 9.97892E-05 9.97892E-05 9.97892E-05 9.97892E-05 9.97892E-05 9.97892E-05 0.0232654 9.97892E-05 0.259771 9.97892E-05
0.492841 0.0033551 9.97805E-05 9.97805E-05 9.97805E-05 9.97805E-05 9.97805E-05 9.97805E-05 9.97805E-05 9.97805E-05 9.97805E-05 9.97805E-05 9.97805E-05 9.97805E-05 9.97805E-05 9.97805E-05 9.97805E-05 9.97805E-05 9.97805E-05 9.97805E-05 9.97805E-05 9.97805E-05 9.97805E-05 9.97805E-05 9.97805E-05 0.01908 9.97805E-05 0.482229 9.97805E-05
0.100685 9.98158E-05 9.98158E-05 9.98158E-05 9.98158E-05 0.0100338 9.98158E-05 9.98158E-05 0.0614817 9.98158E-05 9.98158E-05 9.98158E-05 9.98158E-05 9.98158E-05 0.0501731 9.98158E-05 9.98158E-05 9.98158E-05 0.166352 9.98158E-05 9.98158E-05 9.98158E-05 0.027808 9.98158E-05 9.98158E-05 0.139236 9.98158E-05 0.442135 9.98158E-05
0.803567 9.97981E-05 0.101679 9.97981E-05 9.97981E-05 9.97981E-05 9.97981E-05 9.97981E-05 0.0303733 9.97981E-05 9.97981E-05 9.97981E-05 9.97981E-05 0.00602865 9.97981E-05 9.97981E-05 9.97981E-05 9.97981E-05 0.0483484 9.97981E-05 9.97981E-05 9.97981E-05 9.97981E-05 9.97981E-05 9.97981E-05 0.00770874 9.97981E-05 9.97981E-05 9.97981E-05
0.869422 9.9763E-05 9.9763E-05 9.9763E-05 9.9763E-05 9.9763E-05 9.9763E-05 9.9763E-05 9.9763E-05 9.9763E-05 9.9763E-05 9.9763E-05 9.9763E-05 9.9763E-05 9.9763E-05 9.9763E-05 9.9763E-05 9.9763E-05 9.9763E-05 9.9763E-05 9.9763E-05 9.9763E-05 9.9763E-05 9.9763E-05 9.9763E-05 0.127885 9.9763E-05 9.9763E-05 9.9763E-05
0.412713 9.97805E-05 9.97805E-05 9.97805E-05 9.97805E-05 0.204931 9.97805E-05 9.97805E-05 9.97805E-05 9.97805E-05 9.97805E-05 9.97805E-05 9.97805E-05 9.97805E-05 9.97805E-05 9.97805E-05 9.97805E-05 9.97805E-05 9.97805E-05 9.97805E-05 9.97805E-05 9.97805E-05 9.97805E-05 9.97805E-05 9.97805E-05 0.319674 0.0601871 9.97805E-05 9.97805E-05
0.429631 9.97895E-05 9.97895E-05 9.97895E-05 9.97895E-05 9.97895E-05 9.97895E-05 9.97895E-05 9.97895E-05 9.97895E-05 9.97895E-05 9.97895E-05 9.97895E-05 9.97895E-05 0.10158 9.97895E-05 9.97895E-05 9.97895E-05 0.16682 9.97895E-05 9.97895E-05 9.97895E-05 9.97895E-05 9.97895E-05 9.97895E-05 0.20877 9.97895E-05 0.0908027 9.97895E-05
9.97808E-05 9.97808E-05 9.97808E-05 9.97808E-05 9.97808E-05 0.155314 9.97808E-05 9.97808E-05 9.97808E-05 9.97808E-05 9.97808E-05 9.97808E-05 9.97808E-05 9.97808E-05 9.97808E-05 0.0170085 9.97808E-05 9.97808E-05 9.97808E-05 9.97808E-05 9.97808E-05 9.97808E-05 0.366194 9.97808E-05 9.97808E-05 9.97808E-05 9.97808E-05 0.458989 9.97808E-05
0.441727 9.97984E-05 9.97984E-05 9.97984E-05 9.97984E-05 0.107675 9.97984E-05 9.97984E-05 9.97984E-05 9.97984E-05 9.97984E-05 9.97984E-05 0.0087676 9.97984E-05 9.97984E-05 0.186603 9.97984E-05 9.97984E-05 0.0163451 9.97984E-05 9.97984E-05 9.97984E-05 9.97984E-05 9.97984E-05 9.97984E-05 9.97984E-05 9.97984E-05 0.236586 9.97984E-05
0.641073 9.97898E-05 9.97898E-05 9.97898E-05 9.97898E-05 9.97898E-05 9.97898E-05 9.97898E-05 9.97898E-05 9.97898E-05 9.97898E-05 0.0444949 9.97898E-05 9.97898E-05 9.97898E-05 9.97898E-05 9.97898E-05 9.97898E-05 9.97898E-05 9.97898E-05 9.97898E-05 9.97898E-05 0.0519674 9.97898E-05 9.97898E-05 0.0267932 9.97898E-05 0.233276 9.97898E-05
0.19169 0.00963323 9.98159E-05 9.98159E-05 9.98159E-05 9.98159E-05 9.98159E-05 9.98159E-05 9.98159E-05 9.98159E-05 9.98159E-05 9.98159E-05 0.0154627 9.98159E-05 9.98159E-05 9.98159E-05 9.98159E-05 9.98159E-05 0.102216 0.0790831 9.98159E-05 9.98159E-05 0.194352 9.98159E-05 9.98159E-05 0.0922514 9.98159E-05 0.313215 9.98159E-05
0.0369717 0.073172 9.98509E-05 0.0523634 0.033018 9.98509E-05 0.0904652 9.98509E-05 0.134242 9.98509E-05 9.98509E-05 0.0036572 0.0190862 9.98509E-05 9.98509E-05 9.98509E-05 0.0099453 9.98509E-05 9.98509E-05 9.98509E-05 9.98509E-05 9.98509E-05 0.0818228 9.98509E-05 9.98509E-05 0.0793495 9.98509E-05 0.384209 9.98509E-05
0.163063 0.0256179 9.98334E-05 9.98334E-05 9.98334E-05 0.00778384 9.98334E-05 9.98334E-05 9.98334E-05 9.98334E-05 9.98334E-05 0.169689 9.98334E-05 0.00336006 9.98334E-05 0.00736695 9.98334E-05 9.98334E-05 0.101294 9.98334E-05 9.98334E-05 9.98334E-05 9.98334E-05 9.98334E-05 9.98334E-05 0.00803777 0.00279699 0.509093 9.98334E-05
0.572892 9.97983E-05 9.97983E-05 9.97983E-05 9.97983E-05 0.21443 9.97983E-05 9.97983E-05 9.97983E-05 9.97983E-05 9.97983E-05 9.97983E-05 9.97983E-05 9.97983E-05 9.97983E-05 9.97983E-05 9.97983E-05 9.97983E-05 0.0552683 9.97983E-05 9.97983E-05 9.97983E-05 0.0882539 9.97983E-05 0.0632205 0.00363964 9.97983E-05 9.97983E-05 9.97983E-05
9.97898E-05 9.97898E-05 0.103509 9.97898E-05 9.97898E-05 9.97898E-05 9.97898E-05 9.97898E-05 9.97898E-05 9.97898E-05 9.97898E-05 0.144986 9.97898E-05 9.97898E-05 9.97898E-05 0.0806003 9.97898E-05 9.97898E-05 9.97898E-05 9.97898E-05 9.97898E-05 9.97898E-05 9.97898E-05 9.97898E-05 9.97898E-05 9.97898E-05 9.97898E-05 0.655719 0.0127907
0.355639 9.97809E-05 9.97809E-05 9.97809E-05 9.97809E-05 9.97809E-05 9.97809E-05 9.97809E-05 9.97809E-05 9.97809E-05 9.97809E-05 9.97809E-05 0.0160213 9.97809E-05 9.97809E-05 9.97809E-05 9.97809E-05 9.97809E-05 9.97809E-05 9.97809E-05 9.97809E-05 9.97809E-05 0.043221 9.97809E-05 9.97809E-05 9.97809E-05 9.97809E-05 0.582624 9.97809E-05
0.302318 9.98332E-05 9.98332E-05 0.0231579 9.98332E-05 9.98332E-05 9.98332E-05 9.98332E-05 9.98332E-05 9.98332E-05 0.0168864 9.98332E-05 0.00615762 9.98332E-05 9.98332E-05 0.341792 0.0205469 9.98332E-05 0.0620271 9.98332E-05 9.98332E-05 9.98332E-05 9.98332E-05 9.98332E-05 0.0645665 0.0359925 9.98332E-05 0.124658 9.98332E-05
9.9807E-05 9.9807E-05 9.9807E-05 9.9807E-05 9.9807E-05 0.110376 9.9807E-05 9.9807E-05 0.0213886 9.9807E-05 9.9807E-05 0.0436129 9.9807E-05 9.9807E-05 9.9807E-05 9.9807E-05 9.9807E-05 9.9807E-05 0.0536838 9.9807E-05 9.9807E-05 9.9807E-05 0.0242225 9.9807E-05 9.9807E-05 0.0208534 9.9807E-05 0.723667 9.9807E-05
0.490304 9.97983E-05 9.97983E-05 9.97983E-05 9.97983E-05 9.97983E-05 9.97983E-05 9.97983E-05 9.97983E-05 9.97983E-05 9.97983E-05 9.97983E-05 0.0193713 9.97983E-05 9.97983E-05 9.97983E-05 9.97983E-05 9.97983E-05 0.0149224 9.97983E-05 9.97983E-05 9.97983E-05 0.020075 9.97983E-05 9.97983E-05 0.0290959 9.97983E-05 0.423936 9.97983E-05
0.141431 9.98159E-05 9.98159E-05 9.98159E-05 9.98159E-05 0.0609208 9.98159E-05 9.98159E-05 9.98159E-05 9.98159E-05 9.98159E-05 9.98159E-05 9.98159E-05 9.98159E-05 9.98159E-05 9.98159E-05 9.98159E-05 9.98159E-05 0.201085 0.0175133 9.98159E-05 0.103303 9.98159E-05 9.98159E-05 0.0464044 0.173169 9.98159E-05 0.254077 9.98159E-05
0.00524195 0.0498637 9.98071E-05 9.98071E-05 9.98071E-05 9.98071E-05 9.98071E-05 9.98071E-05 0.0106745 9.98071E-05 9.98071E-05 9.98071E-05 9.98071E-05 9.98071E-05 9.98071E-05 9.98071E-05 9.98071E-05 9.98071E-05 9.98071E-05 9.98071E-05 9.98071E-05 9.98071E-05 0.225689 0.0436115 9.98071E-05 0.130865 9.98071E-05 0.531858 9.98071E-05
0.155739 9.9807E-05 9.9807E-05 9.9807E-05 9.9807E-05 0.0961639 9.9807E-05 9.9807E-05 9.9807E-05 9.9807E-05 9.9807E-05 9.9807E-05 9.9807E-05 9.9807E-05 9.9807E-05 9.9807E-05 9.9807E-05 9.9807E-05 0.201558 9.9807E-05 9.9807E-05 0.0610753 9.9807E-05 9.9807E-05 0.0280846 0.202356 9.9807E-05 0.252828 9.9807E-05
0.362093 9.98072E-05 9.98072E-05 9.98072E-05 9.98072E-05 0.00281999 9.98072E-05 9.98072E-05 9.98072E-05 9.98072E-05 0.070693 9.98072E-05 9.98072E-05 0.0001779 9.98072E-05 9.98072E-05 9.98072E-05 9.98072E-05 0.0644607 9.98072E-05 9.98072E-05 9.98072E-05 0.368196 9.98072E-05 9.98072E-05 0.129363 9.98072E-05 9.98072E-05 9.98072E-05
9.97894E-05 9.97894E-05 9.97894E-05 9.97894E-05 9.97894E-05 9.97894E-05 9.97894E-05 9.97894E-05 0.662054 9.97894E-05 9.97894E-05 9.97894E-05 9.97894E-05 9.97894E-05 9.97894E-05 0.109107 9.97894E-05 9.97894E-05 0.00122036 0.103847 9.97894E-05 9.97894E-05 9.97894E-05 9.97894E-05 9.97894E-05 9.97894E-05 9.97894E-05 0.121376 9.97894E-05
0.780832 9.97979E-05 9.97979E-05 9.97979E-05 9.97979E-05 9.97979E-05 0.0102684 9.97979E-05 9.97979E-05 9.97979E-05 9.97979E-05 9.97979E-05 9.97979E-05 9.97979E-05 9.97979E-05 9.97979E-05 9.97979E-05 0.0166291 0.0391026 9.97979E-05 9.97979E-05 9.97979E-05 9.97979E-05 9.97979E-05 9.97979E-05 0.0545239 9.97979E-05 0.0963483 9.97979E-05
0.376993 9.97984E-05 9.97984E-05 9.97984E-05 9.97984E-05 0.0147232 9.97984E-05 9.97984E-05 9.97984E-05 9.97984E-05 9.97984E-05 9.97984E-05 9.97984E-05 9.97984E-05 9.97984E-05 0.0548709 9.97984E-05 9.97984E-05 0.20982 9.97984E-05 9.97984E-05 9.97984E-05 9.97984E-05 9.97984E-05 9.97984E-05 0.186184 9.97984E-05 0.155113 9.97984E-05
0.146822 0.0957015 9.97982E-05 9.97982E-05 9.97982E-05 9.97982E-05 9.97982E-05 9.97982E-05 0.245775 9.97982E-05 9.97982E-05 9.97982E-05 9.97982E-05 9.97982E-05 9.97982E-05 9.97982E-05 9.97982E-05 9.97982E-05 0.0789481 9.97982E-05 9.97982E-05 9.97982E-05 9.97982E-05 9.97982E-05 0.00275546 9.97982E-05 9.97982E-05 0.427702 9.97982E-05
0.819733 9.97808E-05 9.97808E-05 0.0768671 9.97808E-05 9.97808E-05 9.97808E-05 9.97808E-05 9.97808E-05 9.97808E-05 9.97808E-05 9.97808E-05 9.97808E-05 9.97808E-05 9.97808E-05 9.97808E-05 9.97808E-05 9.97808E-05 0.0629545 9.97808E-05 9.97808E-05 9.97808E-05 0.0379505 9.97808E-05 9.97808E-05 9.97808E-05 9.97808E-05 9.97808E-05 9.97808E-05
