0.0809442 0.407525 9.99473E-05 0.0117271 9.99473E-05 0.0566284 9.99473E-05 9.99473E-05 0.184945 0.154868 0.102763 9.99473E-05 9.99473E-05
0.177734 0.741772 9.99298E-05 9.99298E-05 9.99298E-05 9.99298E-05 9.99298E-05 9.99298E-05 0.011793 0.0455182 9.99298E-05 0.0223837 9.99298E-05
9.99298E-05 0.871996 9.99298E-05 9.99298E-05 0.00642935 9.99298E-05 9.99298E-05 0.0117209 0.108036 9.99298E-05 9.99298E-05 9.99298E-05 0.00101792
9.995E-05 0.277879 9.995E-05 9.995E-05 9.995E-05 0.289552 0.038525 0.1329 0.0806099 0.0402416 0.113038 0.026755 9.995E-05
0.0123353 0.85901 9.9921E-05 9.9921E-05 0.123768 9.9921E-05 0.00398738 9.9921E-05 9.9921E-05 9.9921E-05 9.9921E-05 9.9921E-05 9.9921E-05
0.0519979 0.251388 9.99561E-05 0.00468762 0.195308 0.0622639 0.111865 0.169602 9.99561E-05 0.152387 9.99561E-05 9.99561E-05 9.99561E-05
0.106843 0.282576 9.99386E-05 9.99386E-05 9.99386E-05 0.189092 9.99386E-05 9.99386E-05 0.010773 0.264444 0.145572 9.99386E-05 9.99386E-05
9.99561E-05 0.229224 9.99561E-05 0.0665454 0.155281 9.99561E-05 0.158301 0.0103527 9.99561E-05 0.190688 0.0386767 9.99561E-05 0.150432
9.99561E-05 0.270447 9.99561E-05 9.99561E-05 0.0206514 0.10476 0.25324 0.0157172 0.240558 0.0605114 9.99561E-05 0.0336156 9.99561E-05
9.99034E-05 0.917859 9.99034E-05 9.99034E-05 9.99034E-05 9.99034E-05 9.99034E-05 9.99034E-05 0.0810418 9.99034E-05 9.99034E-05 9.99034E-05 9.99034E-05
9.9921E-05 0.578264 9.9921E-05 9.9921E-05 9.9921E-05 9.9921E-05 9.9921E-05 9.9921E-05 0.166652 0.141096 0.11309 9.9921E-05 9.9921E-05
9.99298E-05 0.926579 9.99298E-05 9.99298E-05 9.99298E-05 9.99298E-05 0.00611775 0.0588009 9.99298E-05 9.99298E-05 0.00395825 9.99298E-05 0.00374487
9.99123E-05 0.843988 9.99123E-05 9.99123E-05 9.99123E-05 9.99123E-05 9.99123E-05 9.99123E-05 0.100951 0.0540618 9.99123E-05 9.99123E-05 9.99123E-05
9.99386E-05 0.72281 0.0172221 9.99386E-05 9.99386E-05 9.99386E-05 9.99386E-05 0.152118 0.0425643 9.99386E-05 0.0445743 9.99386E-05 0.0200115
9.99386E-05 0.33446 9.99386E-05 9.99386E-05 9.99386E-05 0.122157 0.137559 0.136727 0.143379 0.125018 9.99386E-05 9.99386E-05 9.99386E-05
9.99561E-05 0.248178 9.99561E-05 0.078571 9.99561E-05 0.0561146 0.213243 0.00448101 0.140956 0.163328 9.99561E-05 9.99561E-05 0.0946291
0.139827 0.523948 0.163866 9.99386E-05 0.153092 9.99386E-05 9.99386E-05 9.99386E-05 0.00646713 9.99386E-05 9.99386E-05 9.99386E-05 0.0120996
9.99473E-05 0.173215 9.99473E-05 0.173525 9.99473E-05 0.00989346 0.0415169 9.99473E-05 0.128586 0.272915 9.99473E-05 0.199749 9.99473E-05
9.99472E-05 0.385702 9.99472E-05 0.0353219 9.99472E-05 0.0776474 0.118692 9.99472E-05 0.190428 0.166445 0.0251656 9.99472E-05 9.99472E-05
9.99035E-05 0.964879 9.99035E-05 9.99035E-05 9.99035E-05 9.99035E-05 9.99035E-05 9.99035E-05 9.99035E-05 9.99035E-05 9.99035E-05 0.0340224 9.99035E-05
9.99561E-05 0.468414 9.99561E-05 9.99561E-05 0.118952 0.141734 0.0887836 9.99561E-05 0.0309708 9.99561E-05 0.0983402 0.0185654 0.0337398
9.99386E-05 0.222653 9.99386E-05 9.99386E-05 0.237582 0.104419 0.148558 0.00577715 9.99386E-05 0.280312 9.99386E-05 9.99386E-05 9.99386E-05
9.99211E-05 0.741334 9.99211E-05 9.99211E-05 9.99211E-05 9.99211E-05 9.99211E-05 9.99211E-05 0.110023 0.0539562 0.0937876 9.99211E-05 9.99211E-05
9.9921E-05 0.360733 9.9921E-05 9.9921E-05 9.9921E-05 0.0948134 9.9921E-05 9.9921E-05 0.254167 0.289387 9.9921E-05 9.9921E-05 9.9921E-05
9.99473E-05 0.320984 9.99473E-05 9.99473E-05 9.99473E-05 0.0287733 0.0544493 0.137886 0.324777 9.99473E-05 0.0379701 0.0945609 9.99473E-05
9.99298E-05 0.734895 9.99298E-05 9.99298E-05 0.0590738 9.99298E-05 0.0346642 0.0950025 0.0755652 9.99298E-05 9.99298E-05 9.99298E-05 9.99298E-05
9.99385E-05 0.0279723 9.99385E-05 0.124268 9.99385E-05 9.99385E-05 9.99385E-05 0.323762 0.112713 0.296447 9.99385E-05 9.99385E-05 0.114137
9.9921E-05 0.788607 9.9921E-05 9.9921E-05 9.9921E-05 0.151154 9.9921E-05 9.9921E-05 0.0447417 9.9921E-05 0.0145977 9.9921E-05 9.9921E-05
9.99298E-05 0.611189 9.99298E-05 9.99298E-05 9.99298E-05 9.99298E-05 9.99298E-05 0.10522 0.157438 0.0997835 9.99298E-05 0.0255697 9.99298E-05
9.9921E-05 0.858559 9.9921E-05 9.9921E-05 9.9921E-05 9.9921E-05 0.0471685 0.021137 0.0722366 9.9921E-05 9.9921E-05 9.9921E-05 9.9921E-05
9.99385E-05 0.639396 9.99385E-05 9.99385E-05 9.99385E-05 9.99385E-05 0.0140006 9.99385E-05 0.0904379 0.127455 0.052276 0.0757349 9.99385E-05
9.99386E-05 0.565039 9.99386E-05 9.99386E-05 9.99386E-05 0.0261236 9.99386E-05 0.201202 0.128976 0.0199269 0.0580327 9.99386E-05 9.99386E-05
9.99385E-05 0.547756 9.99385E-05 9.99385E-05 9.99385E-05 9.99385E-05 9.99385E-05 0.0507251 0.123233 0.0929799 0.13682 9.99385E-05 0.0477868
9.99473E-05 0.483049 9.99473E-05 0.0583241 9.99473E-05 0.00400826 9.99473E-05 0.209903 0.135974 0.0715137 9.99473E-05 9.99473E-05 0.0366277
0.0328675 0.88744 9.99298E-05 0.00926946 9.99298E-05 9.99298E-05 9.99298E-05 9.99298E-05 0.00204327 9.99298E-05 0.0675799 9.99298E-05 9.99298E-05
0.0433313 0.750184 9.99474E-05 9.99474E-05 9.99474E-05 0.105795 0.00673325 9.99474E-05 0.01552 0.0302557 0.0475815 9.99474E-05 9.99474E-05
0.0168918 0.915532 9.99123E-05 9.99123E-05 9.99123E-05 9.99123E-05 9.99123E-05 9.99123E-05 9.99123E-05 9.99123E-05 9.99123E-05 9.99123E-05 0.0665766
0.0892909 0.58316 0.0071044 9.99386E-05 9.99386E-05 9.99386E-05 0.23978 9.99386E-05 0.0262752 9.99386E-05 9.99386E-05 0.0536902 9.99386E-05
0.081079 0.601553 0.00496689 9.99561E-05 0.0945174 9.99561E-05 0.00887794 0.0277474 0.162951 9.99561E-05 0.0178074 9.99561E-05 9.99561E-05
9.9921E-05 0.4716 9.9921E-05 9.9921E-05 9.9921E-05 9.9921E-05 9.9921E-05 0.248506 0.132432 9.9921E-05 9.9921E-05 9.9921E-05 0.146563
9.99298E-05 0.822522 9.99298E-05 9.99298E-05 9.99298E-05 0.0775203 0.0562559 9.99298E-05 0.00690764 9.99298E-05 0.0359946 9.99298E-05 9.99298E-05
9.99299E-05 0.651658 9.99299E-05 9.99299E-05 9.99299E-05 9.99299E-05 0.0075348 0.00112354 0.0644934 0.274391 9.99299E-05 9.99299E-05 9.99299E-05
0.0688517 0.759704 0.0184794 9.99297E-05 0.0157645 9.99297E-05 9.99297E-05 9.99297E-05 9.99297E-05 0.136401 9.99297E-05 9.99297E-05 9.99297E-05
9.9921E-05 0.424936 9.9921E-05 9.9921E-05 9.9921E-05 9.9921E-05 0.101864 9.9921E-05 0.274273 0.198027 9.9921E-05 9.9921E-05 9.9921E-05
9.99298E-05 0.293448 9.99298E-05 9.99298E-05 0.062095 0.129272 9.99298E-05 9.99298E-05 0.268382 0.246004 9.99298E-05 9.99298E-05 9.99298E-05
9.99297E-05 0.817223 9.99297E-05 9.99297E-05 0.0340971 9.99297E-05 9.99297E-05 9.99297E-05 0.0601551 0.0170506 9.99297E-05 0.0706743 9.99297E-05
9.99298E-05 0.770839 9.99298E-05 0.0801926 9.99298E-05 9.99298E-05 0.00767667 9.99298E-05 0.082685 9.99298E-05 0.0578074 9.99298E-05 9.99298E-05
9.99123E-05 0.954312 9.99123E-05 9.99123E-05 9.99123E-05 9.99123E-05 9.99123E-05 9.99123E-05 0.0368334 9.99123E-05 9.99123E-05 9.99123E-05 0.00785558
9.99298E-05 0.727988 9.99298E-05 9.99298E-05 0.0823261 9.99298E-05 9.99298E-05 9.99298E-05 0.152247 0.0279245 0.00871506 9.99298E-05 9.99298E-05
9.99212E-05 0.806955 9.99212E-05 0.0704566 9.99212E-05 9.99212E-05 9.99212E-05 9.99212E-05 0.0520227 9.99212E-05 9.99212E-05 0.0696665 9.99212E-05
9.99473E-05 0.353338 9.99473E-05 0.00494421 9.99473E-05 0.0433747 0.0813913 0.144521 0.204332 9.99473E-05 0.1675 9.99473E-05 9.99473E-05
9.99385E-05 0.627337 9.99385E-05 9.99385E-05 0.074153 0.148836 0.00971993 9.99385E-05 9.99385E-05 0.124982 9.99385E-05 9.99385E-05 0.0142726
0.0326296 0.881534 9.9921E-05 0.0668549 9.9921E-05 9.9921E-05 9.9921E-05 0.0180824 9.9921E-05 9.9921E-05 9.9921E-05 9.9921E-05 9.9921E-05
9.99474E-05 0.631392 9.99474E-05 0.0186715 9.99474E-05 9.99474E-05 0.000682796 0.0623667 0.0593427 9.99474E-05 9.99474E-05 0.000408014 0.226537
9.99211E-05 0.83511 9.99211E-05 9.99211E-05 9.99211E-05 9.99211E-05 0.0347449 9.99211E-05 0.0568953 9.99211E-05 9.99211E-05 0.0723504 9.99211E-05
9.9921E-05 0.774151 9.9921E-05 9.9921E-05 0.0587062 9.9921E-05 9.9921E-05 0.108744 9.9921E-05 9.9921E-05 9.9921E-05 0.0574995 9.9921E-05
0.0977706 0.681986 9.99297E-05 0.175196 0.0340882 0.0101596 9.99297E-05 9.99297E-05 9.99297E-05 9.99297E-05 9.99297E-05 9.99297E-05 9.99297E-05
9.99211E-05 0.796321 9.99211E-05 9.99211E-05 9.99211E-05 0.0973393 9.99211E-05 9.99211E-05 0.00804427 9.99211E-05 0.0973964 9.99211E-05 9.99211E-05
0.0015307 0.93327 9.99298E-05 9.99298E-05 9.99298E-05 9.99298E-05 0.00695444 9.99298E-05 0.0271995 9.99298E-05 0.0302459 9.99298E-05 9.99298E-05
0.156734 9.99473E-05 9.99473E-05 0.0530775 9.99473E-05 9.99473E-05 0.0144162 0.0903409 0.217439 0.456775 0.0106174 9.99473E-05 9.99473E-05
0.157268 0.0975791 9.99211E-05 9.99211E-05 9.99211E-05 0.0687103 9.99211E-05 9.99211E-05 9.99211E-05 0.675544 9.99211E-05 9.99211E-05 9.99211E-05
0.173917 0.0714065 0.197258 0.105917 9.99473E-05 0.0490518 9.99473E-05 9.99473E-05 9.99473E-05 0.361156 9.99473E-05 9.99473E-05 0.0406946
0.409812 9.99474E-05 9.99474E-05 0.0829644 9.99474E-05 9.99474E-05 0.143004 0.25131 0.0624557 0.0249178 0.0249365 9.99474E-05 9.99474E-05
0.0190979 9.99561E-05 9.99561E-05 0.10791 9.99561E-05 0.106754 0.0808946 9.99561E-05 0.140718 0.524724 9.99561E-05 0.00850349 0.0108987
9.99297E-05 9.99297E-05 9.99297E-05 9.99297E-05 9.99297E-05 9.99297E-05 0.0178333 0.12257 0.262448 0.574368 0.0219813 9.99297E-05 9.99297E-05
0.430342 9.99298E-05 9.99298E-05 0.0408828 9.99298E-05 9.99298E-05 9.99298E-05 9.99298E-05 0.338865 0.15871 0.0304004 9.99298E-05 9.99298E-05
0.16802 9.99385E-05 9.99385E-05 0.185822 9.99385E-05 9.99385E-05 0.0199557 0.193859 0.177558 0.254087 9.99385E-05 9.99385E-05 9.99385E-05
0.243147 9.99298E-05 0.0462562 0.0494019 9.99298E-05 9.99298E-05 9.99298E-05 9.99298E-05 0.0676301 0.592766 9.99298E-05 9.99298E-05 9.99298E-05
0.128895 0.086631 0.0244255 9.99473E-05 9.99473E-05 0.0470612 9.99473E-05 9.99473E-05 0.01214 0.629743 0.0705039 9.99473E-05 9.99473E-05
9.99385E-05 9.99385E-05 9.99385E-05 0.0422974 9.99385E-05 9.99385E-05 0.0500296 9.99385E-05 0.446775 0.255808 0.199676 0.0047144 9.99385E-05
0.154965 9.99473E-05 9.99473E-05 0.0151421 9.99473E-05 0.00454006 9.99473E-05 9.99473E-05 0.0787984 0.520401 0.0753912 9.99473E-05 0.150162
0.0554054 9.99561E-05 9.99561E-05 9.99561E-05 0.122547 9.99561E-05 0.114132 0.152203 0.0928188 0.289401 0.118342 9.99561E-05 0.0546506
0.157033 9.99385E-05 9.99385E-05 9.99385E-05 0.0291755 9.99385E-05 9.99385E-05 0.0256889 0.273058 0.509925 9.99385E-05 9.99385E-05 0.00441997
0.0228882 0.113335 9.99562E-05 0.0370989 9.99562E-05 9.99562E-05 9.99562E-05 0.143981 0.0769574 0.593088 0.0104738 9.99562E-05 0.00167752
0.0561466 9.99474E-05 0.0953149 0.0418091 9.99474E-05 9.99474E-05 0.0577955 9.99474E-05 0.141284 0.517437 0.0896129 9.99474E-05 9.99474E-05
0.0468071 9.99473E-05 9.99473E-05 0.109982 9.99473E-05 0.0823118 9.99473E-05 0.229948 0.101432 0.405779 9.99473E-05 9.99473E-05 0.0231399
9.99385E-05 9.99385E-05 9.99385E-05 0.038123 9.99385E-05 0.0482485 0.0853742 9.99385E-05 0.00622202 0.681818 0.139515 9.99385E-05 9.99385E-05
0.0681784 0.0699303 9.99386E-05 0.119167 9.99386E-05 9.99386E-05 9.99386E-05 9.99386E-05 0.172527 0.529332 0.0401666 9.99386E-05 9.99386E-05
0.034087 9.99561E-05 9.99561E-05 0.103561 9.99561E-05 9.99561E-05 9.99561E-05 0.0461236 0.222747 0.368749 0.0752862 0.132207 0.0167395
0.118312 0.0316801 0.231037 0.00170379 9.99562E-05 9.99562E-05 9.99562E-05 9.99562E-05 0.0919155 0.476158 0.01644 9.99562E-05 0.0322543
9.99297E-05 9.99297E-05 9.99297E-05 0.0726534 9.99297E-05 9.99297E-05 9.99297E-05 0.155071 0.0715673 0.698248 9.99297E-05 9.99297E-05 0.00166097
0.119919 0.109306 9.99298E-05 9.99298E-05 9.99298E-05 9.99298E-05 9.99298E-05 0.292351 0.0581311 0.419492 9.99298E-05 9.99298E-05 9.99298E-05
0.026585 0.0646433 9.99561E-05 0.149742 9.99561E-05 0.0944778 0.0329081 0.159488 0.0839271 0.387729 9.99561E-05 9.99561E-05 9.99561E-05
9.9921E-05 0.0825974 9.9921E-05 9.9921E-05 9.9921E-05 9.9921E-05 9.9921E-05 9.9921E-05 0.141421 0.533908 0.241174 9.9921E-05 9.9921E-05
0.212206 0.179827 0.0651287 9.99386E-05 9.99386E-05 9.99386E-05 0.0321331 9.99386E-05 0.0673845 0.442622 9.99386E-05 9.99386E-05 9.99386E-05
9.99387E-05 0.0349732 0.13103 0.0548215 9.99387E-05 0.0345838 9.99387E-05 9.99387E-05 9.99387E-05 0.705748 9.99387E-05 9.99387E-05 0.0381438
0.0848853 9.99475E-05 0.0569592 0.0340747 9.99475E-05 0.00251266 9.99475E-05 9.99475E-05 0.214159 0.58879 9.99475E-05 9.99475E-05 0.0180189
9.99387E-05 0.140147 9.99387E-05 0.131248 9.99387E-05 9.99387E-05 0.0526895 0.0572408 0.0840201 0.533955 9.99387E-05 9.99387E-05 9.99387E-05
0.0466804 9.99386E-05 0.282221 9.99386E-05 9.99386E-05 9.99386E-05 0.115118 9.99386E-05 0.249103 0.279772 9.99386E-05 9.99386E-05 0.0264058
9.99122E-05 9.99122E-05 9.99122E-05 9.99122E-05 9.99122E-05 9.99122E-05 0.0614336 0.87766 0.0599077 9.99122E-05 9.99122E-05 9.99122E-05 9.99122E-05
9.9921E-05 9.9921E-05 0.407314 9.9921E-05 9.9921E-05 9.9921E-05 0.0174221 0.539405 0.0349591 9.9921E-05 9.9921E-05 9.9921E-05 9.9921E-05
9.99122E-05 9.99122E-05 9.99122E-05 9.99122E-05 0.0062297 9.99122E-05 9.99122E-05 0.832181 0.16059 9.99122E-05 9.99122E-05 9.99122E-05 9.99122E-05
9.99121E-05 9.99121E-05 9.99121E-05 9.99121E-05 9.99121E-05 9.99121E-05 0.0286798 0.848656 0.121665 9.99121E-05 9.99121E-05 9.99121E-05 9.99121E-05
9.99034E-05 9.99034E-05 9.99034E-05 9.99034E-05 9.99034E-05 9.99034E-05 0.0471178 0.951783 9.99034E-05 9.99034E-05 9.99034E-05 9.99034E-05 9.99034E-05
0.0595454 9.99298E-05 9.99298E-05 9.99298E-05 9.99298E-05 0.0151295 0.0846615 0.607654 0.23221 9.99298E-05 9.99298E-05 9.99298E-05 9.99298E-05
9.99298E-05 9.99298E-05 9.99298E-05 0.0119927 9.99298E-05 9.99298E-05 0.0892308 0.810499 0.0824673 9.99298E-05 0.00501044 9.99298E-05 9.99298E-05
9.99034E-05 9.99034E-05 9.99034E-05 9.99034E-05 9.99034E-05 9.99034E-05 0.211447 0.787454 9.99034E-05 9.99034E-05 9.99034E-05 9.99034E-05 9.99034E-05
0.207998 9.99297E-05 9.99297E-05 9.99297E-05 9.99297E-05 9.99297E-05 0.34827 0.379404 0.0242817 9.99297E-05 0.0392471 9.99297E-05 9.99297E-05
9.99122E-05 9.99122E-05 9.99122E-05 9.99122E-05 9.99122E-05 9.99122E-05 0.212744 0.529065 0.257192 9.99122E-05 9.99122E-05 9.99122E-05 9.99122E-05
0.181461 9.99122E-05 0.147907 9.99122E-05 9.99122E-05 9.99122E-05 9.99122E-05 0.669632 9.99122E-05 9.99122E-05 9.99122E-05 9.99122E-05 9.99122E-05
0.129162 9.99298E-05 0.0162398 9.99298E-05 9.99298E-05 9.99298E-05 9.99298E-05 0.810024 0.0173309 9.99298E-05 0.0264436 9.99298E-05 9.99298E-05
9.99035E-05 9.99035E-05 9.99035E-05 9.99035E-05 9.99035E-05 9.99035E-05 0.0494385 0.949463 9.99035E-05 9.99035E-05 9.99035E-05 9.99035E-05 9.99035E-05
9.99211E-05 9.99211E-05 0.00167447 9.99211E-05 9.99211E-05 9.99211E-05 0.104716 0.679353 0.213357 9.99211E-05 9.99211E-05 9.99211E-05 9.99211E-05
9.99211E-05 9.99211E-05 9.99211E-05 0.0851671 9.99211E-05 9.99211E-05 9.99211E-05 0.815447 0.0573782 9.99211E-05 0.041108 9.99211E-05 9.99211E-05
0.0481832 9.99385E-05 9.99385E-05 9.99385E-05 9.99385E-05 9.99385E-05 0.0330354 0.649128 0.202 9.99385E-05 0.0625302 0.0044236 9.99385E-05
0.240565 9.99297E-05 9.99297E-05 9.99297E-05 9.99297E-05 9.99297E-05 0.010509 0.639106 0.093042 9.99297E-05 9.99297E-05 0.0159791 9.99297E-05
9.99299E-05 9.99299E-05 9.99299E-05 9.99299E-05 0.120882 9.99299E-05 0.122559 0.704732 9.99299E-05 0.0465686 0.00445877 9.99299E-05 9.99299E-05
0.00726265 9.99122E-05 9.99122E-05 9.99122E-05 9.99122E-05 9.99122E-05 9.99122E-05 0.966961 9.99122E-05 9.99122E-05 0.024777 9.99122E-05 9.99122E-05
9.99561E-05 9.99561E-05 0.173218 0.0543062 9.99561E-05 0.00331729 0.120504 0.389349 0.0643486 9.99561E-05 0.0331989 0.161258 9.99561E-05
0.0982855 9.99297E-05 9.99297E-05 9.99297E-05 0.015879 9.99297E-05 0.0269367 0.775339 0.08276 9.99297E-05 9.99297E-05 9.99297E-05 9.99297E-05
9.99209E-05 9.99209E-05 9.99209E-05 0.0192377 9.99209E-05 9.99209E-05 9.99209E-05 0.913671 0.0486746 9.99209E-05 0.0175172 9.99209E-05 9.99209E-05
0.0269633 9.99385E-05 9.99385E-05 9.99385E-05 0.0619532 9.99385E-05 0.203109 0.434917 0.269132 9.99385E-05 9.99385E-05 0.00322546 9.99385E-05
9.99123E-05 9.99123E-05 0.0645694 9.99123E-05 9.99123E-05 9.99123E-05 0.174933 0.759498 9.99123E-05 9.99123E-05 9.99123E-05 9.99123E-05 9.99123E-05
0.0713968 9.99385E-05 9.99385E-05 9.99385E-05 0.0119921 9.99385E-05 0.164326 0.458177 0.20115 9.99385E-05 9.99385E-05 0.0922598 9.99385E-05
0.109195 9.99298E-05 0.160672 9.99298E-05 9.99298E-05 9.99298E-05 0.134998 0.441158 0.153178 9.99298E-05 9.99298E-05 9.99298E-05 9.99298E-05
9.99298E-05 9.99298E-05 0.571839 9.99298E-05 0.0321012 9.99298E-05 9.99298E-05 0.246088 0.0647977 9.99298E-05 9.99298E-05 0.0843743 9.99298E-05
9.99121E-05 9.99121E-05 9.99121E-05 9.99121E-05 9.99121E-05 9.99121E-05 0.0798633 0.814006 0.105131 9.99121E-05 9.99121E-05 9.99121E-05 9.99121E-05
0.00109459 9.99211E-05 9.99211E-05 9.99211E-05 9.99211E-05 9.99211E-05 0.246591 0.512329 0.239087 9.99211E-05 9.99211E-05 9.99211E-05 9.99211E-05
9.99386E-05 9.99386E-05 0.00405934 9.99386E-05 0.0389418 9.99386E-05 0.00143606 0.7288 0.154692 9.99386E-05 0.0713716 9.99386E-05 9.99386E-05
9.9921E-05 9.9921E-05 9.9921E-05 9.9921E-05 9.9921E-05 9.9921E-05 0.0249973 0.759981 0.192469 9.9921E-05 0.0216528 9.9921E-05 9.9921E-05
9.99034E-05 9.99034E-05 9.99034E-05 9.99034E-05 9.99034E-05 9.99034E-05 9.99034E-05 0.945027 9.99034E-05 9.99034E-05 9.99034E-05 0.0538743 9.99034E-05
9.99209E-05 9.99209E-05 9.99209E-05 9.99209E-05 9.99209E-05 9.99209E-05 0.21991 0.459186 0.103439 9.99209E-05 9.99209E-05 0.216565 9.99209E-05
9.99122E-05 9.99122E-05 9.99122E-05 9.99122E-05 9.99122E-05 9.99122E-05 0.00829974 0.877516 0.113185 9.99122E-05 9.99122E-05 9.99122E-05 9.99122E-05
9.99035E-05 9.99035E-05 9.99035E-05 9.99035E-05 9.99035E-05 9.99035E-05 9.99035E-05 0.992099 0.00680251 9.99035E-05 9.99035E-05 9.99035E-05 9.99035E-05
0.00387634 9.99385E-05 0.0160391 9.99385E-05 9.99385E-05 0.0258169 0.11899 0.805376 9.99385E-05 9.99385E-05 0.0292022 9.99385E-05 9.99385E-05
9.99297E-05 9.99297E-05 9.99297E-05 0.0331262 9.99297E-05 9.99297E-05 0.0275191 0.70208 0.207054 9.99297E-05 0.0294221 9.99297E-05 9.99297E-05
9.99121E-05 9.99121E-05 0.523397 9.99121E-05 9.99121E-05 9.99121E-05 0.0618659 0.413738 9.99121E-05 9.99121E-05 9.99121E-05 9.99121E-05 9.99121E-05
9.99298E-05 9.99298E-05 0.103817 9.99298E-05 9.99298E-05 9.99298E-05 0.0354145 0.698936 0.0878797 9.99298E-05 0.0731529 9.99298E-05 9.99298E-05
9.99211E-05 9.99211E-05 0.231653 9.99211E-05 0.0156181 9.99211E-05 9.99211E-05 0.747884 9.99211E-05 9.99211E-05 9.99211E-05 0.00394564 9.99211E-05
0.0488296 9.99298E-05 0.407994 9.99298E-05 9.99298E-05 9.99298E-05 0.0264224 0.448494 9.99298E-05 9.99298E-05 9.99298E-05 0.0674606 9.99298E-05
0.0791399 9.99209E-05 9.99209E-05 9.99209E-05 9.99209E-05 9.99209E-05 0.0935825 0.528008 0.29837 9.99209E-05 9.99209E-05 9.99209E-05 9.99209E-05
9.99122E-05 9.99122E-05 9.99122E-05 9.99122E-05 0.065049 9.99122E-05 0.106295 0.827657 9.99122E-05 9.99122E-05 9.99122E-05 9.99122E-05 9.99122E-05
9.99297E-05 9.99297E-05 0.494521 9.99297E-05 9.99297E-05 9.99297E-05 0.0911361 0.255143 0.0923451 9.99297E-05 9.99297E-05 0.0660553 9.99297E-05
9.99122E-05 9.99122E-05 0.408177 9.99122E-05 9.99122E-05 9.99122E-05 9.99122E-05 0.532562 0.0582611 9.99122E-05 9.99122E-05 9.99122E-05 9.99122E-05
0.181637 9.99385E-05 9.99385E-05 0.00326431 9.99385E-05 9.99385E-05 0.177027 0.456154 0.0288899 9.99385E-05 9.99385E-05 0.152329 9.99385E-05
9.99386E-05 9.99386E-05 0.0390375 0.0258982 9.99386E-05 9.99386E-05 0.103688 0.644506 0.157477 0.0286936 9.99386E-05 9.99386E-05 9.99386E-05
0.129525 9.99387E-05 9.99387E-05 9.99387E-05 9.99387E-05 9.99387E-05 0.126225 0.589312 0.0284918 9.99387E-05 9.99387E-05 0.00890687 0.11684
9.9921E-05 9.9921E-05 9.9921E-05 9.9921E-05 9.9921E-05 9.9921E-05 0.2645 0.464225 0.216591 0.0537857 9.9921E-05 9.9921E-05 9.9921E-05
9.99122E-05 9.99122E-05 0.395341 9.99122E-05 9.99122E-05 9.99122E-05 9.99122E-05 0.557761 0.0458983 9.99122E-05 9.99122E-05 9.99122E-05 9.99122E-05
9.99209E-05 9.99209E-05 9.99209E-05 9.99209E-05 9.99209E-05 0.215964 9.99209E-05 0.636465 0.0928346 9.99209E-05 0.0538366 9.99209E-05 9.99209E-05
9.99297E-05 9.99297E-05 0.541282 9.99297E-05 0.0545808 9.99297E-05 0.141479 0.247527 9.99297E-05 9.99297E-05 9.99297E-05 9.99297E-05 0.0143315
9.99386E-05 9.99386E-05 0.119895 9.99386E-05 0.0340171 9.99386E-05 0.123737 0.62001 0.0791615 9.99386E-05 0.0224795 9.99386E-05 9.99386E-05
9.99034E-05 9.99034E-05 9.99034E-05 9.99034E-05 9.99034E-05 9.99034E-05 0.0591895 0.939712 9.99034E-05 9.99034E-05 9.99034E-05 9.99034E-05 9.99034E-05
9.99121E-05 9.99121E-05 9.99121E-05 9.99121E-05 9.99121E-05 9.99121E-05 9.99121E-05 0.92766 9.99121E-05 9.99121E-05 0.0612815 0.010059 9.99121E-05
0.105659 9.99297E-05 9.99297E-05 9.99297E-05 9.99297E-05 0.0110553 0.134172 0.537428 0.210885 9.99297E-05 9.99297E-05 9.99297E-05 9.99297E-05
9.99121E-05 9.99121E-05 9.99121E-05 9.99121E-05 9.99121E-05 9.99121E-05 0.136297 0.735821 0.126883 9.99121E-05 9.99121E-05 9.99121E-05 9.99121E-05
9.99209E-05 9.99209E-05 9.99209E-05 9.99209E-05 9.99209E-05 9.99209E-05 0.0791622 0.849263 9.99209E-05 9.99209E-05 0.0423294 9.99209E-05 0.0283463
9.99123E-05 9.99123E-05 9.99123E-05 9.99123E-05 9.99123E-05 9.99123E-05 9.99123E-05 0.843151 0.030693 9.99123E-05 9.99123E-05 0.125157 9.99123E-05
0.0131329 9.9921E-05 0.0848287 9.9921E-05 9.9921E-05 9.9921E-05 0.14402 0.757119 9.9921E-05 9.9921E-05 9.9921E-05 9.9921E-05 9.9921E-05
9.98945E-05 9.98945E-05 9.98945E-05 9.98945E-05 9.98945E-05 9.98945E-05 9.98945E-05 9.98945E-05 0.998801 9.98945E-05 9.98945E-05 9.98945E-05 9.98945E-05
9.98944E-05 9.98944E-05 9.98944E-05 9.98944E-05 9.98944E-05 9.98944E-05 0.998801 9.98944E-05 9.98944E-05 9.98944E-05 9.98944E-05 9.98944E-05 9.98944E-05
9.98945E-05 9.98945E-05 9.98945E-05 9.98945E-05 9.98945E-05 9.98945E-05 9.98945E-05 9.98945E-05 0.998801 9.98945E-05 9.98945E-05 9.98945E-05 9.98945E-05
9.98946E-05 9.98946E-05 9.98946E-05 9.98946E-05 9.98946E-05 9.98946E-05 0.998801 9.98946E-05 9.98946E-05 9.98946E-05 9.98946E-05 9.98946E-05 9.98946E-05
9.98945E-05 9.98945E-05 9.98945E-05 9.98945E-05 9.98945E-05 9.98945E-05 0.998801 9.98945E-05 9.98945E-05 9.98945E-05 9.98945E-05 9.98945E-05 9.98945E-05
9.98944E-05 9.98944E-05 9.98944E-05 9.98944E-05 9.98944E-05 9.98944E-05 0.998801 9.98944E-05 9.98944E-05 9.98944E-05 9.98944E-05 9.98944E-05 9.98944E-05
9.98945E-05 9.98945E-05 9.98945E-05 9.98945E-05 9.98945E-05 9.98945E-05 9.98945E-05 9.98945E-05 0.998801 9.98945E-05 9.98945E-05 9.98945E-05 9.98945E-05
9.98944E-05 9.98944E-05 9.98944E-05 9.98944E-05 9.98944E-05 9.98944E-05 0.998801 9.98944E-05 9.98944E-05 9.98944E-05 9.98944E-05 9.98944E-05 9.98944E-05
9.98944E-05 9.98944E-05 9.98944E-05 9.98944E-05 9.98944E-05 9.98944E-05 0.998801 9.98944E-05 9.98944E-05 9.98944E-05 9.98944E-05 9.98944E-05 9.98944E-05
9.98944E-05 9.98944E-05 9.98944E-05 9.98944E-05 9.98944E-05 9.98944E-05 9.98944E-05 9.98944E-05 0.998801 9.98944E-05 9.98944E-05 9.98944E-05 9.98944E-05
9.98944E-05 9.98944E-05 9.98944E-05 9.98944E-05 9.98944E-05 9.98944E-05 9.98944E-05 9.98944E-05 0.998801 9.98944E-05 9.98944E-05 9.98944E-05 9.98944E-05
9.98944E-05 9.98944E-05 9.98944E-05 9.98944E-05 9.98944E-05 9.98944E-05 9.98944E-05 9.98944E-05 0.998801 9.98944E-05 9.98944E-05 9.98944E-05 9.98944E-05
9.98944E-05 9.98944E-05 9.98944E-05 9.98944E-05 9.98944E-05 9.98944E-05 0.998801 9.98944E-05 9.98944E-05 9.98944E-05 9.98944E-05 9.98944E-05 9.98944E-05
9.98944E-05 9.98944E-05 9.98944E-05 9.98944E-05 9.98944E-05 9.98944E-05 0.998801 9.98944E-05 9.98944E-05 9.98944E-05 9.98944E-05 9.98944E-05 9.98944E-05
9.98944E-05 9.98944E-05 9.98944E-05 9.98944E-05 9.98944E-05 9.98944E-05 9.98944E-05 9.98944E-05 0.998801 9.98944E-05 9.98944E-05 9.98944E-05 9.98944E-05
9.98944E-05 9.98944E-05 9.98944E-05 9.98944E-05 9.98944E-05 9.98944E-05 9.98944E-05 9.98944E-05 0.998801 9.98944E-05 9.98944E-05 9.98944E-05 9.98944E-05
0.0213875 9.99297E-05 9.99297E-05 9.99297E-05 9.99297E-05 0.224353 0.0845248 0.595199 0.0737369 9.99297E-05 9.99297E-05 9.99297E-05 9.99297E-05
9.98944E-05 9.98944E-05 9.98944E-05 9.98944E-05 9.98944E-05 9.98944E-05 9.98944E-05 9.98944E-05 0.998801 9.98944E-05 9.98944E-05 9.98944E-05 9.98944E-05
9.98944E-05 9.98944E-05 9.98944E-05 9.98944E-05 9.98944E-05 9.98944E-05 0.998801 9.98944E-05 9.98944E-05 9.98944E-05 9.98944E-05 9.98944E-05 9.98944E-05
9.98944E-05 9.98944E-05 9.98944E-05 9.98944E-05 9.98944E-05 9.98944E-05 9.98944E-05 9.98944E-05 0.998801 9.98944E-05 9.98944E-05 9.98944E-05 9.98944E-05
9.98944E-05 9.98944E-05 9.98944E-05 9.98944E-05 9.98944E-05 9.98944E-05 9.98944E-05 9.98944E-05 0.998801 9.98944E-05 9.98944E-05 9.98944E-05 9.98944E-05
9.98944E-05 9.98944E-05 9.98944E-05 9.98944E-05 9.98944E-05 9.98944E-05 9.98944E-05 9.98944E-05 0.998801 9.98944E-05 9.98944E-05 9.98944E-05 9.98944E-05
9.98945E-05 9.98945E-05 9.98945E-05 9.98945E-05 9.98945E-05 9.98945E-05 0.998801 9.98945E-05 9.98945E-05 9.98945E-05 9.98945E-05 9.98945E-05 9.98945E-05
9.98944E-05 9.98944E-05 9.98944E-05 9.98944E-05 9.98944E-05 9.98944E-05 9.98944E-05 9.98944E-05 0.998801 9.98944E-05 9.98944E-05 9.98944E-05 9.98944E-05
9.98944E-05 9.98944E-05 9.98944E-05 9.98944E-05 9.98944E-05 9.98944E-05 0.998801 9.98944E-05 9.98944E-05 9.98944E-05 9.98944E-05 9.98944E-05 9.98944E-05
9.98944E-05 9.98944E-05 9.98944E-05 9.98944E-05 9.98944E-05 9.98944E-05 9.98944E-05 9.98944E-05 0.998801 9.98944E-05 9.98944E-05 9.98944E-05 9.98944E-05
9.98944E-05 9.98944E-05 9.98944E-05 9.98944E-05 9.98944E-05 9.98944E-05 9.98944E-05 9.98944E-05 0.998801 9.98944E-05 9.98944E-05 9.98944E-05 9.98944E-05
9.98944E-05 9.98944E-05 9.98944E-05 9.98944E-05 9.98944E-05 9.98944E-05 0.998801 9.98944E-05 9.98944E-05 9.98944E-05 9.98944E-05 9.98944E-05 9.98944E-05
9.98945E-05 9.98945E-05 9.98945E-05 9.98945E-05 9.98945E-05 9.98945E-05 0.998801 9.98945E-05 9.98945E-05 9.98945E-05 9.98945E-05 9.98945E-05 9.98945E-05
9.98945E-05 9.98945E-05 9.98945E-05 9.98945E-05 9.98945E-05 9.98945E-05 0.998801 9.98945E-05 9.98945E-05 9.98945E-05 9.98945E-05 9.98945E-05 9.98945E-05
9.98945E-05 9.98945E-05 9.98945E-05 9.98945E-05 9.98945E-05 9.98945E-05 9.98945E-05 9.98945E-05 0.998801 9.98945E-05 9.98945E-05 9.98945E-05 9.98945E-05
9.98944E-05 9.98944E-05 9.98944E-05 9.98944E-05 9.98944E-05 9.98944E-05 9.98944E-05 9.98944E-05 0.998801 9.98944E-05 9.98944E-05 9.98944E-05 9.98944E-05
9.98944E-05 9.98944E-05 9.98944E-05 9.98944E-05 9.98944E-05 9.98944E-05 9.98944E-05 9.98944E-05 0.998801 9.98944E-05 9.98944E-05 9.98944E-05 9.98944E-05
9.98945E-05 9.98945E-05 9.98945E-05 9.98945E-05 9.98945E-05 9.98945E-05 9.98945E-05 9.98945E-05 0.998801 9.98945E-05 9.98945E-05 9.98945E-05 9.98945E-05
9.98945E-05 9.98945E-05 9.98945E-05 9.98945E-05 9.98945E-05 9.98945E-05 9.98945E-05 9.98945E-05 0.998801 9.98945E-05 9.98945E-05 9.98945E-05 9.98945E-05
9.98945E-05 9.98945E-05 9.98945E-05 9.98945E-05 9.98945E-05 9.98945E-05 0.998801 9.98945E-05 9.98945E-05 9.98945E-05 9.98945E-05 9.98945E-05 9.98945E-05
9.98945E-05 9.98945E-05 9.98945E-05 9.98945E-05 9.98945E-05 9.98945E-05 0.998801 9.98945E-05 9.98945E-05 9.98945E-05 9.98945E-05 9.98945E-05 9.98945E-05
9.98944E-05 9.98944E-05 9.98944E-05 9.98944E-05 9.98944E-05 9.98944E-05 0.998801 9.98944E-05 9.98944E-05 9.98944E-05 9.98944E-05 9.98944E-05 9.98944E-05
9.98944E-05 9.98944E-05 9.98944E-05 9.98944E-05 9.98944E-05 9.98944E-05 9.98944E-05 9.98944E-05 0.998801 9.98944E-05 9.98944E-05 9.98944E-05 9.98944E-05
9.98944E-05 9.98944E-05 9.98944E-05 9.98944E-05 9.98944E-05 9.98944E-05 0.998801 9.98944E-05 9.98944E-05 9.98944E-05 9.98944E-05 9.98944E-05 9.98944E-05
9.98945E-05 9.98945E-05 9.98945E-05 9.98945E-05 9.98945E-05 9.98945E-05 0.998801 9.98945E-05 9.98945E-05 9.98945E-05 9.98945E-05 9.98945E-05 9.98945E-05
9.98945E-05 9.98945E-05 9.98945E-05 9.98945E-05 9.98945E-05 9.98945E-05 0.998801 9.98945E-05 9.98945E-05 9.98945E-05 9.98945E-05 9.98945E-05 9.98945E-05
9.98944E-05 9.98944E-05 9.98944E-05 9.98944E-05 9.98944E-05 9.98944E-05 0.998801 9.98944E-05 9.98944E-05 9.98944E-05 9.98944E-05 9.98944E-05 9.98944E-05
9.98944E-05 9.98944E-05 9.98944E-05 9.98944E-05 9.98944E-05 9.98944E-05 9.98944E-05 9.98944E-05 0.998801 9.98944E-05 9.98944E-05 9.98944E-05 9.98944E-05
9.98945E-05 9.98945E-05 9.98945E-05 9.98945E-05 9.98945E-05 9.98945E-05 0.998801 9.98945E-05 9.98945E-05 9.98945E-05 9.98945E-05 9.98945E-05 9.98945E-05
9.98945E-05 9.98945E-05 9.98945E-05 9.98945E-05 9.98945E-05 9.98945E-05 0.998801 9.98945E-05 9.98945E-05 9.98945E-05 9.98945E-05 9.98945E-05 9.98945E-05
9.99297E-05 9.99297E-05 9.99297E-05 0.038206 9.99297E-05 0.293961 9.99297E-05 0.550362 0.0768866 9.99297E-05 9.99297E-05 9.99297E-05 0.039785
9.98944E-05 9.98944E-05 9.98944E-05 9.98944E-05 9.98944E-05 9.98944E-05 9.98944E-05 9.98944E-05 0.998801 9.98944E-05 9.98944E-05 9.98944E-05 9.98944E-05
9.98944E-05 9.98944E-05 9.98944E-05 9.98944E-05 9.98944E-05 9.98944E-05 0.998801 9.98944E-05 9.98944E-05 9.98944E-05 9.98944E-05 9.98944E-05 9.98944E-05
9.98944E-05 9.98944E-05 9.98944E-05 9.98944E-05 9.98944E-05 9.98944E-05 0.998801 9.98944E-05 9.98944E-05 9.98944E-05 9.98944E-05 9.98944E-05 9.98944E-05
9.98944E-05 9.98944E-05 9.98944E-05 9.98944E-05 9.98944E-05 9.98944E-05 0.998801 9.98944E-05 9.98944E-05 9.98944E-05 9.98944E-05 9.98944E-05 9.98944E-05
9.98945E-05 9.98945E-05 9.98945E-05 9.98945E-05 9.98945E-05 9.98945E-05 0.998801 9.98945E-05 9.98945E-05 9.98945E-05 9.98945E-05 9.98945E-05 9.98945E-05
9.98945E-05 9.98945E-05 9.98945E-05 9.98945E-05 9.98945E-05 9.98945E-05 9.98945E-05 9.98945E-05 0.998801 9.98945E-05 9.98945E-05 9.98945E-05 9.98945E-05
9.98944E-05 9.98944E-05 9.98944E-05 9.98944E-05 9.98944E-05 9.98944E-05 0.998801 9.98944E-05 9.98944E-05 9.98944E-05 9.98944E-05 9.98944E-05 9.98944E-05
9.98944E-05 9.98944E-05 9.98944E-05 9.98944E-05 9.98944E-05 9.98944E-05 9.98944E-05 9.98944E-05 0.998801 9.98944E-05 9.98944E-05 9.98944E-05 9.98944E-05
9.98944E-05 9.98944E-05 9.98944E-05 9.98944E-05 9.98944E-05 9.98944E-05 0.998801 9.98944E-05 9.98944E-05 9.98944E-05 9.98944E-05 9.98944E-05 9.98944E-05
9.98945E-05 9.98945E-05 9.98945E-05 9.98945E-05 9.98945E-05 9.98945E-05 9.98945E-05 9.98945E-05 0.998801 9.98945E-05 9.98945E-05 9.98945E-05 9.98945E-05
9.98944E-05 9.98944E-05 9.98944E-05 9.98944E-05 9.98944E-05 9.98944E-05 0.998801 9.98944E-05 9.98944E-05 9.98944E-05 9.98944E-05 9.98944E-05 9.98944E-05
9.98944E-05 9.98944E-05 9.98944E-05 9.98944E-05 9.98944E-05 9.98944E-05 0.998801 9.98944E-05 9.98944E-05 9.98944E-05 9.98944E-05 9.98944E-05 9.98944E-05
9.98944E-05 9.98944E-05 9.98944E-05 9.98944E-05 9.98944E-05 9.98944E-05 0.998801 9.98944E-05 9.98944E-05 9.98944E-05 9.98944E-05 9.98944E-05 9.98944E-05
9.98944E-05 9.98944E-05 9.98944E-05 9.98944E-05 9.98944E-05 9.98944E-05 0.998801 9.98944E-05 9.98944E-05 9.98944E-05 9.98944E-05 9.98944E-05 9.98944E-05
9.99033E-05 9.99033E-05 9.99033E-05 0.000150971 9.99033E-05 9.99033E-05 0.99875 9.99033E-05 9.99033E-05 9.99033E-05 9.99033E-05 9.99033E-05 9.99033E-05
9.98944E-05 9.98944E-05 9.98944E-05 9.98944E-05 9.98944E-05 9.98944E-05 0.998801 9.98944E-05 9.98944E-05 9.98944E-05 9.98944E-05 9.98944E-05 9.98944E-05
9.98945E-05 9.98945E-05 9.98945E-05 9.98945E-05 9.98945E-05 9.98945E-05 9.98945E-05 9.98945E-05 0.998801 9.98945E-05 9.98945E-05 9.98945E-05 9.98945E-05
9.98944E-05 9.98944E-05 9.98944E-05 9.98944E-05 9.98944E-05 9.98944E-05 9.98944E-05 9.98944E-05 0.998801 9.98944E-05 9.98944E-05 9.98944E-05 9.98944E-05
9.98944E-05 9.98944E-05 9.98944E-05 9.98944E-05 9.98944E-05 9.98944E-05 9.98944E-05 9.98944E-05 0.998801 9.98944E-05 9.98944E-05 9.98944E-05 9.98944E-05
9.98945E-05 9.98945E-05 9.98945E-05 9.98945E-05 9.98945E-05 9.98945E-05 0.998801 9.98945E-05 9.98945E-05 9.98945E-05 9.98945E-05 9.98945E-05 9.98945E-05
9.98944E-05 9.98944E-05 9.98944E-05 9.98944E-05 9.98944E-05 9.98944E-05 9.98944E-05 9.98944E-05 0.998801 9.98944E-05 9.98944E-05 9.98944E-05 9.98944E-05
9.98945E-05 9.98945E-05 9.98945E-05 9.98945E-05 9.98945E-05 9.98945E-05 9.98945E-05 9.98945E-05 0.998801 9.98945E-05 9.98945E-05 9.98945E-05 9.98945E-05
9.98944E-05 9.98944E-05 9.98944E-05 9.98944E-05 9.98944E-05 9.98944E-05 9.98944E-05 9.98944E-05 0.998801 9.98944E-05 9.98944E-05 9.98944E-05 9.98944E-05
9.98945E-05 9.98945E-05 9.98945E-05 9.98945E-05 9.98945E-05 9.98945E-05 0.998801 9.98945E-05 9.98945E-05 9.98945E-05 9.98945E-05 9.98945E-05 9.98945E-05
9.98944E-05 9.98944E-05 9.98944E-05 9.98944E-05 9.98944E-05 9.98944E-05 0.998801 9.98944E-05 9.98944E-05 9.98944E-05 9.98944E-05 9.98944E-05 9.98944E-05
9.98946E-05 9.98946E-05 9.98946E-05 9.98946E-05 9.98946E-05 9.98946E-05 0.998801 9.98946E-05 9.98946E-05 9.98946E-05 9.98946E-05 9.98946E-05 9.98946E-05
9.98945E-05 9.98945E-05 9.98945E-05 9.98945E-05 9.98945E-05 9.98945E-05 9.98945E-05 9.98945E-05 0.998801 9.98945E-05 9.98945E-05 9.98945E-05 9.98945E-05
9.98944E-05 9.98944E-05 9.98944E-05 9.98944E-05 9.98944E-05 9.98944E-05 0.998801 9.98944E-05 9.98944E-05 9.98944E-05 9.98944E-05 9.98944E-05 9.98944E-05
9.98944E-05 9.98944E-05 9.98944E-05 9.98944E-05 9.98944E-05 9.98944E-05 0.998801 9.98944E-05 9.98944E-05 9.98944E-05 9.98944E-05 9.98944E-05 9.98944E-05
9.98944E-05 9.98944E-05 9.98944E-05 9.98944E-05 9.98944E-05 9.98944E-05 9.98944E-05 9.98944E-05 0.998801 9.98944E-05 9.98944E-05 9.98944E-05 9.98944E-05
9.98944E-05 9.98944E-05 9.98944E-05 9.98944E-05 9.98944E-05 9.98944E-05 0.998801 9.98944E-05 9.98944E-05 9.98944E-05 9.98944E-05 9.98944E-05 9.98944E-05
9.98944E-05 9.98944E-05 9.98944E-05 9.98944E-05 9.98944E-05 9.98944E-05 0.998801 9.98944E-05 9.98944E-05 9.98944E-05 9.98944E-05 9.98944E-05 9.98944E-05
0.0077277 9.99385E-05 9.99385E-05 0.0581486 9.99385E-05 9.99385E-05 0.0639207 0.459002 0.264725 9.99385E-05 0.145776 9.99385E-05 9.99385E-05
9.98945E-05 9.98945E-05 9.98945E-05 9.98945E-05 9.98945E-05 9.98945E-05 9.98945E-05 9.98945E-05 0.998801 9.98945E-05 9.98945E-05 9.98945E-05 9.98945E-05
9.98946E-05 9.98946E-05 9.98946E-05 9.98946E-05 9.98946E-05 9.98946E-05 0.998801 9.98946E-05 9.98946E-05 9.98946E-05 9.98946E-05 9.98946E-05 9.98946E-05
9.9921E-05 9.9921E-05 9.9921E-05 0.0456548 9.9921E-05 9.9921E-05 0.338145 0.60669 9.9921E-05 9.9921E-05 9.9921E-05 9.9921E-05 0.00861058
9.99473E-05 9.99473E-05 9.99473E-05 9.99473E-05 0.0745301 0.00238113 0.166821 0.598964 0.124967 9.99473E-05 0.0226524 0.00908484 9.99473E-05
9.99209E-05 9.99209E-05 9.99209E-05 9.99209E-05 9.99209E-05 9.99209E-05 0.124343 0.635156 0.219272 9.99209E-05 9.99209E-05 0.0203295 9.99209E-05
9.99384E-05 9.99384E-05 9.99384E-05 0.0507047 9.99384E-05 0.0052347 9.99384E-05 0.84799 0.0313017 9.99384E-05 9.99384E-05 0.0359684 0.0281014
0.0947988 9.99209E-05 9.99209E-05 9.99209E-05 9.99209E-05 9.99209E-05 0.194535 0.573698 0.136069 9.99209E-05 9.99209E-05 9.99209E-05 9.99209E-05
0.00124494 9.99212E-05 0.363123 9.99212E-05 9.99212E-05 9.99212E-05 0.0845537 0.550179 9.99212E-05 9.99212E-05 9.99212E-05 9.99212E-05 9.99212E-05
9.99297E-05 9.99297E-05 9.99297E-05 9.99297E-05 9.99297E-05 0.0319898 0.271541 0.433667 0.147341 0.114661 9.99297E-05 9.99297E-05 9.99297E-05
9.99209E-05 9.99209E-05 9.99209E-05 0.0859115 9.99209E-05 9.99209E-05 0.0716823 0.828345 9.99209E-05 9.99209E-05 0.0131623 9.99209E-05 9.99209E-05
9.99386E-05 9.99386E-05 0.275866 0.000122289 9.99386E-05 9.99386E-05 0.21804 0.448956 0.043633 9.99386E-05 9.99386E-05 0.0126836 9.99386E-05
9.99122E-05 9.99122E-05 9.99122E-05 9.99122E-05 9.99122E-05 0.0515223 9.99122E-05 0.848834 0.0986446 9.99122E-05 9.99122E-05 9.99122E-05 9.99122E-05
9.99298E-05 9.99298E-05 0.101322 9.99298E-05 9.99298E-05 9.99298E-05 0.0173028 0.647454 0.145595 9.99298E-05 0.0875266 9.99298E-05 9.99298E-05
9.99034E-05 9.99034E-05 9.99034E-05 9.99034E-05 9.99034E-05 9.99034E-05 0.53415 0.464751 9.99034E-05 9.99034E-05 9.99034E-05 9.99034E-05 9.99034E-05
9.99385E-05 9.99385E-05 9.99385E-05 0.00982874 9.99385E-05 9.99385E-05 0.202289 0.437688 0.244405 0.0477087 9.99385E-05 9.99385E-05 0.0573813
9.99121E-05 9.99121E-05 9.99121E-05 0.0676838 9.99121E-05 9.99121E-05 9.99121E-05 0.897744 9.99121E-05 9.99121E-05 9.99121E-05 0.0335728 9.99121E-05
9.99121E-05 9.99121E-05 9.99121E-05 9.99121E-05 9.99121E-05 9.99121E-05 0.077441 0.7536 0.167959 9.99121E-05 9.99121E-05 9.99121E-05 9.99121E-05
0.0806616 9.99385E-05 9.99385E-05 9.99385E-05 0.0883414 9.99385E-05 0.243108 0.427286 0.155601 0.00430295 9.99385E-05 9.99385E-05 9.99385E-05
0.10481 9.99298E-05 0.0631952 9.99298E-05 9.99298E-05 9.99298E-05 0.125182 0.688812 0.0172013 9.99298E-05 9.99298E-05 9.99298E-05 9.99298E-05
9.99297E-05 9.99297E-05 9.99297E-05 9.99297E-05 9.99297E-05 9.99297E-05 0.00983509 0.583384 0.325442 9.99297E-05 0.0598251 9.99297E-05 0.0207144
0.125738 9.99384E-05 9.99384E-05 9.99384E-05 0.0110973 9.99384E-05 0.0855458 0.716013 9.99384E-05 9.99384E-05 0.0224999 0.0384073 9.99384E-05
9.99121E-05 9.99121E-05 9.99121E-05 9.99121E-05 9.99121E-05 9.99121E-05 0.0968421 0.756576 0.145583 9.99121E-05 9.99121E-05 9.99121E-05 9.99121E-05
0.0114592 9.99297E-05 9.99297E-05 9.99297E-05 0.056661 9.99297E-05 0.0633881 0.846268 0.0214238 9.99297E-05 9.99297E-05 9.99297E-05 9.99297E-05
9.99123E-05 9.99123E-05 9.99123E-05 9.99123E-05 9.99123E-05 9.99123E-05 0.164719 0.826608 9.99123E-05 9.99123E-05 9.99123E-05 9.99123E-05 0.00767323
9.99385E-05 9.99385E-05 9.99385E-05 0.00201855 9.99385E-05 9.99385E-05 0.115379 0.667312 0.133451 9.99385E-05 9.99385E-05 0.0154289 0.0657099
9.99121E-05 9.99121E-05 9.99121E-05 9.99121E-05 9.99121E-05 9.99121E-05 0.0723853 0.92102 0.00559601 9.99121E-05 9.99121E-05 9.99121E-05 9.99121E-05
9.99121E-05 9.99121E-05 9.99121E-05 0.0266956 9.99121E-05 9.99121E-05 9.99121E-05 0.951947 9.99121E-05 9.99121E-05 9.99121E-05 0.020358 9.99121E-05
9.99122E-05 9.99122E-05 0.454841 9.99122E-05 9.99122E-05 9.99122E-05 0.0673124 0.476847 9.99122E-05 9.99122E-05 9.99122E-05 9.99122E-05 9.99122E-05
9.99296E-05 9.99296E-05 9.99296E-05 0.016923 0.0118319 0.0856572 0.0128119 0.871976 9.99296E-05 9.99296E-05 9.99296E-05 9.99296E-05 9.99296E-05
9.99122E-05 9.99122E-05 9.99122E-05 9.99122E-05 9.99122E-05 9.99122E-05 0.216765 0.535091 0.247145 9.99122E-05 9.99122E-05 9.99122E-05 9.99122E-05
9.99209E-05 9.99209E-05 9.99209E-05 9.99209E-05 0.0685973 9.99209E-05 9.99209E-05 0.895624 0.0153415 9.99209E-05 9.99209E-05 0.0195379 9.99209E-05
9.99297E-05 9.99297E-05 9.99297E-05 0.112669 9.99297E-05 9.99297E-05 0.132456 0.653316 0.0124505 9.99297E-05 9.99297E-05 0.0883103 9.99297E-05
0.0493252 9.99297E-05 9.99297E-05 9.99297E-05 0.0299472 9.99297E-05 0.311326 0.508402 0.1002 9.99297E-05 9.99297E-05 9.99297E-05 9.99297E-05
0.00940769 9.99298E-05 9.99298E-05 9.99298E-05 9.99298E-05 9.99298E-05 0.238838 0.632372 0.0692915 9.99298E-05 0.049291 9.99298E-05 9.99298E-05
0.195095 9.99297E-05 9.99297E-05 9.99297E-05 0.0609911 9.99297E-05 0.128245 0.540203 0.0746667 9.99297E-05 9.99297E-05 9.99297E-05 9.99297E-05
9.99209E-05 9.99209E-05 9.99209E-05 9.99209E-05 0.143172 9.99209E-05 0.0964279 0.615664 0.143838 9.99209E-05 9.99209E-05 9.99209E-05 9.99209E-05
9.99297E-05 9.99297E-05 9.99297E-05 9.99297E-05 0.0539573 9.99297E-05 0.115185 0.666016 0.139615 9.99297E-05 0.0244277 9.99297E-05 9.99297E-05
9.99122E-05 9.99122E-05 9.99122E-05 9.99122E-05 9.99122E-05 9.99122E-05 0.0239665 0.816595 0.158439 9.99122E-05 9.99122E-05 9.99122E-05 9.99122E-05
9.99033E-05 9.99033E-05 0.452451 9.99033E-05 9.99033E-05 9.99033E-05 9.99033E-05 0.54645 9.99033E-05 9.99033E-05 9.99033E-05 9.99033E-05 9.99033E-05
9.99472E-05 9.99472E-05 9.99472E-05 0.00493646 9.99472E-05 0.0250473 9.99472E-05 0.624755 0.0897815 0.126 0.0744808 9.99472E-05 0.0544
9.9921E-05 9.9921E-05 9.9921E-05 9.9921E-05 9.9921E-05 9.9921E-05 9.9921E-05 0.783162 0.0118013 9.9921E-05 0.0783009 9.9921E-05 0.125837
9.99297E-05 9.99297E-05 9.99297E-05 9.99297E-05 0.132938 9.99297E-05 0.169179 0.624518 0.0582782 0.0142874 9.99297E-05 9.99297E-05 9.99297E-05
9.99033E-05 9.99033E-05 9.99033E-05 9.99033E-05 9.99033E-05 9.99033E-05 9.99033E-05 0.765042 0.233859 9.99033E-05 9.99033E-05 9.99033E-05 9.99033E-05
0.0434237 9.99298E-05 9.99298E-05 9.99298E-05 0.0510032 9.99298E-05 0.0119535 0.864351 0.0284695 9.99298E-05 9.99298E-05 9.99298E-05 9.99298E-05
9.99209E-05 9.99209E-05 9.99209E-05 9.99209E-05 9.99209E-05 0.0386312 0.187558 0.674174 0.0987372 9.99209E-05 9.99209E-05 9.99209E-05 9.99209E-05
