9.99034E-05 9.99034E-05 9.99034E-05 9.99034E-05 9.99034E-05 0.269586 0.0504694 9.99034E-05 0.0380246 9.99034E-05 0.100606 0.144066 9.99034E-05 9.99034E-05 0.0376126 9.99034E-05 9.99034E-05 0.358536
9.98946E-05 9.98946E-05 9.98946E-05 9.98946E-05 0.00177131 0.120191 0.00143377 9.98946E-05 9.98946E-05 9.98946E-05 0.123151 9.98946E-05 0.00765444 9.98946E-05 9.98946E-05 9.98946E-05 9.98946E-05 0.7446
9.98859E-05 9.98859E-05 0.00966712 9.98859E-05 9.98859E-05 9.98859E-05 9.98859E-05 0.00717915 0.00606139 9.98859E-05 9.98859E-05 9.98859E-05 9.98859E-05 0.0761746 9.98859E-05 9.98859E-05 9.98859E-05 0.899619
9.9921E-05 0.00827469 0.155513 9.9921E-05 0.0361604 9.9921E-05 0.04622 9.9921E-05 0.0358048 9.9921E-05 9.9921E-05 0.135248 0.0117696 9.9921E-05 9.9921E-05 9.9921E-05 0.337586 0.232525
9.98685E-05 9.98685E-05 9.98685E-05 9.98685E-05 0.127889 9.98685E-05 9.98685E-05 9.98685E-05 9.98685E-05 9.98685E-05 9.98685E-05 9.98685E-05 9.98685E-05 0.0523907 9.98685E-05 9.98685E-05 9.98685E-05 0.818222
9.99124E-05 0.11793 0.18176 9.99124E-05 9.99124E-05 0.184361 9.99124E-05 0.0444957 9.99124E-05 9.99124E-05 0.0315715 9.99124E-05 9.99124E-05 0.185102 9.99124E-05 9.99124E-05 0.0579628 0.195818
9.99123E-05 9.99123E-05 9.99123E-05 9.99123E-05 9.99123E-05 0.127362 0.0573563 0.111773 0.0898029 9.99123E-05 0.173934 0.0201054 9.99123E-05 9.99123E-05 9.99123E-05 9.99123E-05 0.163109 0.255558
9.9921E-05 0.141258 9.9921E-05 9.9921E-05 0.0433883 0.0680554 9.9921E-05 0.0285761 9.9921E-05 9.9921E-05 9.9921E-05 0.256301 9.9921E-05 0.0496163 9.9921E-05 0.161994 0.0612299 0.188681
9.98947E-05 0.234911 9.98947E-05 9.98947E-05 0.0903251 9.98947E-05 9.98947E-05 9.98947E-05 0.147492 9.98947E-05 9.98947E-05 0.101693 9.98947E-05 9.98947E-05 0.199174 9.98947E-05 9.98947E-05 0.225206
9.98683E-05 9.98683E-05 9.98683E-05 9.98683E-05 9.98683E-05 9.98683E-05 9.98683E-05 9.98683E-05 0.0669725 9.98683E-05 9.98683E-05 9.98683E-05 9.98683E-05 9.98683E-05 0.0253522 9.98683E-05 9.98683E-05 0.906177
9.98947E-05 0.0166507 9.98947E-05 9.98947E-05 9.98947E-05 0.0437002 0.135894 9.98947E-05 0.183151 9.98947E-05 9.98947E-05 0.103677 9.98947E-05 9.98947E-05 9.98947E-05 9.98947E-05 9.98947E-05 0.515727
9.98771E-05 9.98771E-05 9.98771E-05 9.98771E-05 9.98771E-05 9.98771E-05 9.98771E-05 9.98771E-05 0.00786659 9.98771E-05 9.98771E-05 9.98771E-05 9.98771E-05 9.98771E-05 9.98771E-05 0.0337507 0.0493646 0.90762
9.98685E-05 9.98685E-05 9.98685E-05 9.98685E-05 9.98685E-05 9.98685E-05 9.98685E-05 9.98685E-05 0.074016 9.98685E-05 9.98685E-05 0.0975821 9.98685E-05 9.98685E-05 9.98685E-05 9.98685E-05 9.98685E-05 0.826904
0.0869718 9.99036E-05 0.104062 0.0444023 9.99036E-05 0.0176986 0.0492579 9.99036E-05 0.0990536 9.99036E-05 9.99036E-05 9.99036E-05 9.99036E-05 9.99036E-05 9.99036E-05 9.99036E-05 9.99036E-05 0.597455
0.0385222 0.216333 0.0710192 0.0516896 9.99123E-05 0.20117 9.99123E-05 9.99123E-05 0.1845 9.99123E-05 9.99123E-05 9.99123E-05 9.99123E-05 9.99123E-05 0.0134753 9.99123E-05 9.99123E-05 0.222291
9.9921E-05 0.157184 0.0553247 9.9921E-05 9.9921E-05 0.164438 9.9921E-05 9.9921E-05 0.0645961 9.9921E-05 9.9921E-05 0.0446606 9.9921E-05 0.0291998 9.9921E-05 0.195122 0.057274 0.231302
9.99035E-05 9.99035E-05 9.99035E-05 0.118534 9.99035E-05 9.99035E-05 0.0536749 9.99035E-05 0.0664747 9.99035E-05 0.107392 9.99035E-05 9.99035E-05 9.99035E-05 9.99035E-05 0.03035 0.0256371 0.596839
9.99298E-05 0.0216545 0.0420575 9.99298E-05 0.0229759 0.205872 9.99298E-05 9.99298E-05 0.118903 0.117101 9.99298E-05 0.158636 0.147567 9.99298E-05 0.0279161 9.99298E-05 9.99298E-05 0.136518
0.0405118 0.151147 9.99034E-05 9.99034E-05 9.99034E-05 0.0199892 9.99034E-05 9.99034E-05 0.168225 9.99034E-05 9.99034E-05 0.183011 9.99034E-05 9.99034E-05 9.99034E-05 9.99034E-05 0.0887594 0.347259
9.98684E-05 9.98684E-05 9.98684E-05 9.98684E-05 9.98684E-05 9.98684E-05 9.98684E-05 9.98684E-05 9.98684E-05 9.98684E-05 9.98684E-05 9.98684E-05 0.0946347 9.98684E-05 9.98684E-05 9.98684E-05 0.00339444 0.900473
9.99035E-05 0.077731 0.00868568 9.99035E-05 0.232619 9.99035E-05 0.0843834 9.99035E-05 0.0297701 9.99035E-05 9.99035E-05 9.99035E-05 9.99035E-05 9.99035E-05 9.99035E-05 0.0794035 9.99035E-05 0.486308
9.99035E-05 0.130888 0.10006 9.99035E-05 9.99035E-05 9.99035E-05 9.99035E-05 9.99035E-05 9.99035E-05 9.99035E-05 0.0748395 0.376478 9.99035E-05 0.0513593 9.99035E-05 9.99035E-05 0.0556243 0.209652
9.98859E-05 9.98859E-05 0.0268487 9.98859E-05 9.98859E-05 0.123823 0.0771918 9.98859E-05 0.164029 9.98859E-05 9.98859E-05 9.98859E-05 9.98859E-05 9.98859E-05 9.98859E-05 9.98859E-05 9.98859E-05 0.606809
9.98771E-05 9.98771E-05 9.98771E-05 9.98771E-05 9.98771E-05 9.98771E-05 9.98771E-05 9.98771E-05 0.241365 9.98771E-05 9.98771E-05 0.306679 9.98771E-05 9.98771E-05 0.0663442 9.98771E-05 9.98771E-05 0.384214
0.0929972 0.0486571 0.118257 9.99122E-05 9.99122E-05 9.99122E-05 0.0436755 9.99122E-05 0.257143 9.99122E-05 9.99122E-05 0.0784166 0.110555 9.99122E-05 9.99122E-05 9.99122E-05 9.99122E-05 0.249299
9.99035E-05 0.0385345 0.0390079 9.99035E-05 9.99035E-05 9.99035E-05 0.00246215 9.99035E-05 0.123753 9.99035E-05 9.99035E-05 0.0150908 9.99035E-05 0.0373744 9.99035E-05 9.99035E-05 9.99035E-05 0.742678
9.98947E-05 9.98947E-05 0.308789 9.98947E-05 9.98947E-05 9.98947E-05 9.98947E-05 9.98947E-05 0.105187 0.106208 9.98947E-05 0.383154 9.98947E-05 9.98947E-05 9.98947E-05 0.0550844 9.98947E-05 0.0403796
0.017136 9.9886E-05 9.9886E-05 9.9886E-05 9.9886E-05 9.9886E-05 9.9886E-05 9.9886E-05 0.0744061 9.9886E-05 9.9886E-05 0.0626869 9.9886E-05 9.9886E-05 9.9886E-05 9.9886E-05 0.10919 0.735282
9.99035E-05 9.99035E-05 0.0406003 9.99035E-05 9.99035E-05 0.0789162 0.00253889 9.99035E-05 0.215569 9.99035E-05 9.99035E-05 0.0551791 9.99035E-05 9.99035E-05 0.0421704 9.99035E-05 9.99035E-05 0.563927
9.98947E-05 0.038794 9.98947E-05 0.0553544 9.98947E-05 9.98947E-05 0.0220785 9.98947E-05 0.0499034 9.98947E-05 9.98947E-05 9.98947E-05 9.98947E-05 9.98947E-05 0.0350549 9.98947E-05 9.98947E-05 0.797616
0.155929 0.108783 0.00147718 9.99297E-05 9.99297E-05 0.0540177 0.0205958 9.99297E-05 9.99297E-05 0.00386331 0.0335081 9.99297E-05 0.0316117 9.99297E-05 0.00712061 9.99297E-05 9.99297E-05 0.582295
9.99123E-05 9.99123E-05 0.19465 9.99123E-05 0.00793344 0.0310439 0.0582619 9.99123E-05 0.0761752 9.99123E-05 9.99123E-05 0.0251167 9.99123E-05 9.99123E-05 9.99123E-05 9.99123E-05 0.0571473 0.548673
9.99034E-05 0.0303716 9.99034E-05 9.99034E-05 9.99034E-05 0.0774724 0.117392 9.99034E-05 0.139854 9.99034E-05 9.99034E-05 0.146838 9.99034E-05 9.99034E-05 9.99034E-05 0.0739157 9.99034E-05 0.413057
9.98947E-05 9.98947E-05 0.223131 9.98947E-05 9.98947E-05 9.98947E-05 9.98947E-05 0.0192121 0.11632 0.0215148 9.98947E-05 0.13639 9.98947E-05 9.98947E-05 9.98947E-05 9.98947E-05 9.98947E-05 0.482234
9.9886E-05 9.9886E-05 9.9886E-05 9.9886E-05 9.9886E-05 9.9886E-05 0.0255844 9.9886E-05 0.0610648 9.9886E-05 0.102261 9.9886E-05 0.0248685 9.9886E-05 9.9886E-05 9.9886E-05 9.9886E-05 0.784922
9.99123E-05 9.99123E-05 9.99123E-05 9.99123E-05 9.99123E-05 0.00485749 0.0255713 9.99123E-05 0.0513503 9.99123E-05 0.031928 0.0772133 9.99123E-05 9.99123E-05 0.0887185 0.0228151 9.99123E-05 0.696547
9.98948E-05 9.98948E-05 9.98948E-05 9.98948E-05 9.98948E-05 9.98948E-05 0.00569481 0.0413015 9.98948E-05 9.98948E-05 0.0162061 9.98948E-05 9.98948E-05 9.98948E-05 9.98948E-05 0.0194528 0.076537 0.839609
9.99036E-05 0.147841 9.99036E-05 0.0206048 9.99036E-05 9.99036E-05 9.99036E-05 9.99036E-05 0.105641 9.99036E-05 0.00509166 9.99036E-05 0.0110369 9.99036E-05 0.0484619 9.99036E-05 9.99036E-05 0.660224
9.9921E-05 0.00844202 0.0104888 0.0374482 9.9921E-05 9.9921E-05 0.0433571 9.9921E-05 0.14637 9.9921E-05 0.104362 0.0835707 9.9921E-05 9.9921E-05 9.9921E-05 9.9921E-05 0.0128602 0.552201
0.00468479 9.99034E-05 0.173246 9.99034E-05 9.99034E-05 9.99034E-05 9.99034E-05 0.0746112 0.141536 9.99034E-05 9.99034E-05 0.0561782 9.99034E-05 9.99034E-05 9.99034E-05 0.0970892 9.99034E-05 0.451555
0.0484934 9.98861E-05 9.98861E-05 9.98861E-05 9.98861E-05 9.98861E-05 9.98861E-05 9.98861E-05 0.0449136 9.98861E-05 9.98861E-05 0.0907127 0.0176844 9.98861E-05 9.98861E-05 9.98861E-05 9.98861E-05 0.796897
9.99035E-05 0.00313392 9.99035E-05 9.99035E-05 9.99035E-05 0.0302935 9.99035E-05 9.99035E-05 0.057185 9.99035E-05 0.0760029 0.238037 9.99035E-05 9.99035E-05 0.0244156 9.99035E-05 9.99035E-05 0.569833
0.000281136 9.98771E-05 9.98771E-05 0.0694015 9.98771E-05 9.98771E-05 9.98771E-05 9.98771E-05 9.98771E-05 9.98771E-05 9.98771E-05 0.0841984 9.98771E-05 9.98771E-05 9.98771E-05 9.98771E-05 9.98771E-05 0.844721
9.99123E-05 0.0938489 9.99123E-05 9.99123E-05 9.99123E-05 0.146266 0.0723692 9.99123E-05 0.192433 9.99123E-05 9.99123E-05 0.066237 9.99123E-05 9.99123E-05 0.0282418 9.99123E-05 0.00417321 0.395432
9.98859E-05 9.98859E-05 9.98859E-05 9.98859E-05 9.98859E-05 9.98859E-05 9.98859E-05 9.98859E-05 0.112493 9.98859E-05 9.98859E-05 0.405766 9.98859E-05 0.0010331 9.98859E-05 9.98859E-05 0.180377 0.299032
9.98946E-05 0.0474794 9.98946E-05 9.98946E-05 0.088201 9.98946E-05 9.98946E-05 9.98946E-05 0.0595133 9.98946E-05 0.0208222 9.98946E-05 0.00593107 9.98946E-05 9.98946E-05 9.98946E-05 9.98946E-05 0.776854
9.98684E-05 9.98684E-05 9.98684E-05 9.98684E-05 9.98684E-05 9.98684E-05 9.98684E-05 9.98684E-05 0.10683 9.98684E-05 9.98684E-05 9.98684E-05 9.98684E-05 9.98684E-05 9.98684E-05 9.98684E-05 0.050858 0.840814
9.98772E-05 9.98772E-05 9.98772E-05 9.98772E-05 9.98772E-05 0.174121 9.98772E-05 9.98772E-05 0.00709319 9.98772E-05 9.98772E-05 9.98772E-05 9.98772E-05 0.0342511 9.98772E-05 9.98772E-05 9.98772E-05 0.783137
9.98771E-05 9.98771E-05 9.98771E-05 9.98771E-05 0.142027 9.98771E-05 9.98771E-05 9.98771E-05 0.17324 9.98771E-05 9.98771E-05 0.152545 9.98771E-05 9.98771E-05 9.98771E-05 9.98771E-05 9.98771E-05 0.53079
9.98949E-05 0.0180901 9.98949E-05 9.98949E-05 9.98949E-05 9.98949E-05 9.98949E-05 0.129633 0.0214934 0.0133221 9.98949E-05 9.98949E-05 9.98949E-05 0.0717774 9.98949E-05 9.98949E-05 9.98949E-05 0.744485
9.99297E-05 0.103638 0.0941844 9.99297E-05 0.074611 0.017858 0.0433511 9.99297E-05 0.198703 9.99297E-05 9.99297E-05 0.0729158 9.99297E-05 9.99297E-05 0.0366051 9.99297E-05 0.0418218 0.315513
9.98947E-05 9.98947E-05 9.98947E-05 9.98947E-05 0.0225633 9.98947E-05 9.98947E-05 9.98947E-05 9.98947E-05 9.98947E-05 9.98947E-05 0.216358 0.0217854 9.98947E-05 0.0863402 9.98947E-05 0.0821608 0.569593
0.0518379 0.00691691 0.00337937 9.9886E-05 9.9886E-05 9.9886E-05 9.9886E-05 9.9886E-05 9.9886E-05 0.054328 9.9886E-05 9.9886E-05 9.9886E-05 9.9886E-05 9.9886E-05 9.9886E-05 9.9886E-05 0.882239
9.99211E-05 0.00022997 0.0349233 9.99211E-05 9.99211E-05 0.00278363 0.0798805 0.0225107 0.0148662 9.99211E-05 9.99211E-05 0.00913895 9.99211E-05 9.99211E-05 9.99211E-05 0.19445 9.99211E-05 0.640317
0.16054 9.98685E-05 9.98685E-05 9.98685E-05 9.98685E-05 9.98685E-05 9.98685E-05 9.98685E-05 0.0978486 9.98685E-05 9.98685E-05 9.98685E-05 9.98685E-05 9.98685E-05 9.98685E-05 9.98685E-05 9.98685E-05 0.740113
9.9886E-05 9.9886E-05 0.13915 9.9886E-05 0.000855619 0.111073 9.9886E-05 9.9886E-05 9.9886E-05 9.9886E-05 9.9886E-05 9.9886E-05 0.0866753 9.9886E-05 9.9886E-05 9.9886E-05 9.9886E-05 0.660948
9.98859E-05 9.98859E-05 9.98859E-05 9.98859E-05 9.98859E-05 9.98859E-05 9.98859E-05 9.98859E-05 9.98859E-05 0.10751 0.0990443 0.0632933 9.98859E-05 9.98859E-05 9.98859E-05 9.98859E-05 0.0109168 0.717937
9.98772E-05 9.98772E-05 9.98772E-05 9.98772E-05 9.98772E-05 9.98772E-05 0.0233436 9.98772E-05 0.0678465 9.98772E-05 9.98772E-05 9.98772E-05 9.98772E-05 9.98772E-05 9.98772E-05 9.98772E-05 0.0824165 0.824995
9.98858E-05 9.98858E-05 9.98858E-05 9.98858E-05 9.98858E-05 9.98858E-05 0.02548 0.0445612 0.0343388 9.98858E-05 9.98858E-05 9.98858E-05 9.98858E-05 9.98858E-05 9.98858E-05 9.98858E-05 0.00273502 0.891587
9.99034E-05 0.0284734 0.0241744 9.99034E-05 9.99034E-05 0.774917 0.00469708 0.0233931 0.113342 9.99034E-05 0.0299043 9.99034E-05 9.99034E-05 9.99034E-05 9.99034E-05 9.99034E-05 9.99034E-05 9.99034E-05
9.98686E-05 9.98686E-05 9.98686E-05 9.98686E-05 9.98686E-05 0.952454 9.98686E-05 9.98686E-05 9.98686E-05 9.98686E-05 9.98686E-05 9.98686E-05 9.98686E-05 9.98686E-05 0.00296319 9.98686E-05 0.043085 9.98686E-05
9.98859E-05 9.98859E-05 9.98859E-05 9.98859E-05 9.98859E-05 0.922728 0.0350518 0.00979613 9.98859E-05 0.00711473 9.98859E-05 9.98859E-05 9.98859E-05 9.98859E-05 9.98859E-05 0.0240114 9.98859E-05 9.98859E-05
9.98947E-05 0.066178 0.277838 9.98947E-05 9.98947E-05 0.246402 9.98947E-05 0.0683458 0.0595755 9.98947E-05 0.280462 9.98947E-05 9.98947E-05 9.98947E-05 9.98947E-05 9.98947E-05 9.98947E-05 9.98947E-05
0.0482482 0.0532814 9.99209E-05 9.99209E-05 0.0434049 0.649993 9.99209E-05 9.99209E-05 0.0221831 9.99209E-05 9.99209E-05 0.0628436 0.0465531 0.045317 9.99209E-05 9.99209E-05 0.0272762 9.99209E-05
9.98856E-05 0.0327771 9.98856E-05 9.98856E-05 9.98856E-05 0.67911 9.98856E-05 9.98856E-05 0.192172 9.98856E-05 9.98856E-05 0.0910892 9.98856E-05 9.98856E-05 0.00355373 9.98856E-05 9.98856E-05 9.98856E-05
9.9877E-05 9.9877E-05 9.9877E-05 9.9877E-05 9.9877E-05 0.496402 9.9877E-05 9.9877E-05 0.0881404 9.9877E-05 0.34648 9.9877E-05 9.9877E-05 9.9877E-05 9.9877E-05 9.9877E-05 0.0675791 9.9877E-05
9.99033E-05 0.0337034 0.126703 9.99033E-05 9.99033E-05 0.489565 9.99033E-05 0.0153592 0.110353 0.152388 0.0708289 9.99033E-05 9.99033E-05 9.99033E-05 9.99033E-05 9.99033E-05 9.99033E-05 9.99033E-05
9.98771E-05 9.98771E-05 9.98771E-05 9.98771E-05 9.98771E-05 0.823523 9.98771E-05 0.0396335 9.98771E-05 9.98771E-05 0.0247206 9.98771E-05 9.98771E-05 9.98771E-05 0.110725 9.98771E-05 9.98771E-05 9.98771E-05
9.98682E-05 0.0386824 9.98682E-05 9.98682E-05 9.98682E-05 0.90528 0.0545391 9.98682E-05 9.98682E-05 9.98682E-05 9.98682E-05 9.98682E-05 9.98682E-05 9.98682E-05 9.98682E-05 9.98682E-05 9.98682E-05 9.98682E-05
9.98857E-05 0.0640956 9.98857E-05 9.98857E-05 9.98857E-05 0.502552 0.149039 9.98857E-05 0.241745 9.98857E-05 9.98857E-05 9.98857E-05 0.0412706 9.98857E-05 9.98857E-05 9.98857E-05 9.98857E-05 9.98857E-05
0.129043 9.99121E-05 9.99121E-05 9.99121E-05 9.99121E-05 0.383786 0.0724315 0.0359299 0.123244 9.99121E-05 0.0638694 0.152119 9.99121E-05 9.99121E-05 9.99121E-05 9.99121E-05 0.0385778 9.99121E-05
9.99033E-05 0.149092 0.0421753 9.99033E-05 0.0779346 0.480585 0.111836 9.99033E-05 9.99033E-05 9.99033E-05 9.99033E-05 9.99033E-05 9.99033E-05 9.99033E-05 9.99033E-05 0.0940942 0.0431848 9.99033E-05
9.98857E-05 9.98857E-05 9.98857E-05 9.98857E-05 0.0328121 0.514211 9.98857E-05 9.98857E-05 0.212223 9.98857E-05 0.0692269 0.170228 9.98857E-05 9.98857E-05 9.98857E-05 9.98857E-05 9.98857E-05 9.98857E-05
9.98685E-05 9.98685E-05 0.00712775 9.98685E-05 9.98685E-05 0.954857 9.98685E-05 9.98685E-05 9.98685E-05 9.98685E-05 9.98685E-05 9.98685E-05 9.98685E-05 0.0365172 9.98685E-05 9.98685E-05 9.98685E-05 9.98685E-05
9.98597E-05 0.0482684 9.98597E-05 9.98597E-05 9.98597E-05 0.950134 9.98597E-05 9.98597E-05 9.98597E-05 9.98597E-05 9.98597E-05 9.98597E-05 9.98597E-05 9.98597E-05 9.98597E-05 9.98597E-05 9.98597E-05 9.98597E-05
9.98944E-05 9.98944E-05 0.0605375 9.98944E-05 9.98944E-05 0.715716 9.98944E-05 0.104369 0.0187956 0.0791218 9.98944E-05 9.98944E-05 9.98944E-05 9.98944E-05 9.98944E-05 9.98944E-05 0.0202616 9.98944E-05
9.98858E-05 0.0233162 9.98858E-05 9.98858E-05 9.98858E-05 0.623412 0.129955 9.98858E-05 9.98858E-05 9.98858E-05 9.98858E-05 0.0222843 9.98858E-05 9.98858E-05 9.98858E-05 9.98858E-05 0.199734 9.98858E-05
9.9877E-05 9.9877E-05 9.9877E-05 9.9877E-05 9.9877E-05 0.857295 0.0157289 9.9877E-05 0.0369621 0.0886159 9.9877E-05 9.9877E-05 9.9877E-05 9.9877E-05 9.9877E-05 9.9877E-05 9.9877E-05 9.9877E-05
9.98856E-05 9.98856E-05 9.98856E-05 9.98856E-05 9.98856E-05 0.707107 9.98856E-05 0.0242342 0.203603 0.024054 9.98856E-05 9.98856E-05 9.98856E-05 9.98856E-05 9.98856E-05 0.0397037 9.98856E-05 9.98856E-05
9.98686E-05 9.98686E-05 9.98686E-05 0.00678348 9.98686E-05 0.975757 9.98686E-05 0.0159613 9.98686E-05 9.98686E-05 9.98686E-05 9.98686E-05 9.98686E-05 9.98686E-05 9.98686E-05 9.98686E-05 9.98686E-05 9.98686E-05
0.0121553 9.98769E-05 9.98769E-05 9.98769E-05 9.98769E-05 0.622618 9.98769E-05 9.98769E-05 0.0712198 9.98769E-05 9.98769E-05 0.292609 9.98769E-05 9.98769E-05 9.98769E-05 9.98769E-05 9.98769E-05 9.98769E-05
9.9886E-05 9.9886E-05 0.281503 9.9886E-05 9.9886E-05 0.687001 9.9886E-05 9.9886E-05 9.9886E-05 9.9886E-05 0.00297402 0.00232722 0.0248955 9.9886E-05 9.9886E-05 9.9886E-05 9.9886E-05 9.9886E-05
9.98947E-05 0.0201464 0.106493 9.98947E-05 0.0261839 0.564217 0.117149 9.98947E-05 9.98947E-05 9.98947E-05 9.98947E-05 9.98947E-05 9.98947E-05 9.98947E-05 9.98947E-05 9.98947E-05 0.164612 9.98947E-05
9.98595E-05 9.98595E-05 9.98595E-05 9.98595E-05 9.98595E-05 0.801224 0.197178 9.98595E-05 9.98595E-05 9.98595E-05 9.98595E-05 9.98595E-05 9.98595E-05 9.98595E-05 9.98595E-05 9.98595E-05 9.98595E-05 9.98595E-05
9.98948E-05 0.0444735 9.98948E-05 9.98948E-05 9.98948E-05 0.842381 9.98948E-05 9.98948E-05 9.98948E-05 9.98948E-05 0.0540485 0.0115571 9.98948E-05 0.0228173 9.98948E-05 9.98948E-05 9.98948E-05 0.0235238
9.98509E-05 9.98509E-05 9.98509E-05 9.98509E-05 9.98509E-05 0.998303 9.98509E-05 9.98509E-05 9.98509E-05 9.98509E-05 9.98509E-05 9.98509E-05 9.98509E-05 9.98509E-05 9.98509E-05 9.98509E-05 9.98509E-05 9.98509E-05
9.98508E-05 9.98508E-05 9.98508E-05 9.98508E-05 9.98508E-05 0.998303 9.98508E-05 9.98508E-05 9.98508E-05 9.98508E-05 9.98508E-05 9.98508E-05 9.98508E-05 9.98508E-05 9.98508E-05 9.98508E-05 9.98508E-05 9.98508E-05
9.98597E-05 9.98597E-05 9.98597E-05 9.98597E-05 9.98597E-05 0.82429 9.98597E-05 9.98597E-05 9.98597E-05 0.174113 9.98597E-05 9.98597E-05 9.98597E-05 9.98597E-05 9.98597E-05 9.98597E-05 9.98597E-05 9.98597E-05
9.98773E-05 0.0911259 9.98773E-05 0.134239 9.98773E-05 0.605429 9.98773E-05 9.98773E-05 0.167808 9.98773E-05 9.98773E-05 9.98773E-05 9.98773E-05 9.98773E-05 9.98773E-05 9.98773E-05 9.98773E-05 9.98773E-05
9.98683E-05 0.0863661 0.792288 9.98683E-05 9.98683E-05 9.98683E-05 9.98683E-05 9.98683E-05 0.119848 9.98683E-05 9.98683E-05 9.98683E-05 9.98683E-05 9.98683E-05 9.98683E-05 9.98683E-05 9.98683E-05 9.98683E-05
9.98772E-05 0.0465912 0.550506 0.391058 9.98772E-05 9.98772E-05 9.98772E-05 9.98772E-05 0.0104461 9.98772E-05 9.98772E-05 9.98772E-05 9.98772E-05 9.98772E-05 9.98772E-05 9.98772E-05 9.98772E-05 9.98772E-05
9.98946E-05 0.0280994 0.760779 9.98946E-05 9.98946E-05 9.98946E-05 0.0486045 9.98946E-05 0.0834672 0.0347034 9.98946E-05 9.98946E-05 9.98946E-05 0.0431476 9.98946E-05 9.98946E-05 9.98946E-05 9.98946E-05
9.98857E-05 0.0102889 0.814202 9.98857E-05 9.98857E-05 9.98857E-05 0.0378819 9.98857E-05 0.0937666 0.0425621 9.98857E-05 9.98857E-05 9.98857E-05 9.98857E-05 9.98857E-05 9.98857E-05 9.98857E-05 9.98857E-05
9.98769E-05 0.108109 0.867797 9.98769E-05 9.98769E-05 9.98769E-05 9.98769E-05 0.0149232 9.98769E-05 9.98769E-05 9.98769E-05 9.98769E-05 9.98769E-05 9.98769E-05 0.00777211 9.98769E-05 9.98769E-05 9.98769E-05
9.99123E-05 0.129882 0.475019 0.0124545 9.99123E-05 9.99123E-05 9.99123E-05 0.000646688 0.198754 9.99123E-05 0.0919217 9.99123E-05 0.0191148 9.99123E-05 9.99123E-05 9.99123E-05 0.0712082 9.99123E-05
9.98947E-05 0.108318 0.66271 9.98947E-05 9.98947E-05 9.98947E-05 9.98947E-05 9.98947E-05 0.0907081 0.050364 9.98947E-05 0.054696 9.98947E-05 9.98947E-05 9.98947E-05 0.0320051 9.98947E-05 9.98947E-05
9.98683E-05 0.171843 0.824479 9.98683E-05 9.98683E-05 9.98683E-05 9.98683E-05 9.98683E-05 0.00217986 9.98683E-05 9.98683E-05 9.98683E-05 9.98683E-05 9.98683E-05 9.98683E-05 9.98683E-05 9.98683E-05 9.98683E-05
9.98946E-05 0.293453 0.332143 9.98946E-05 9.98946E-05 9.98946E-05 0.0346906 9.98946E-05 0.0411508 9.98946E-05 0.220082 0.0772819 9.98946E-05 9.98946E-05 9.98946E-05 9.98946E-05 9.98946E-05 9.98946E-05
9.98683E-05 0.21962 0.510801 9.98683E-05 9.98683E-05 9.98683E-05 9.98683E-05 9.98683E-05 0.268081 9.98683E-05 9.98683E-05 9.98683E-05 9.98683E-05 9.98683E-05 9.98683E-05 9.98683E-05 9.98683E-05 9.98683E-05
9.9886E-05 0.0137775 0.56007 0.148625 9.9886E-05 9.9886E-05 0.0216678 9.9886E-05 9.9886E-05 9.9886E-05 0.254561 9.9886E-05 9.9886E-05 9.9886E-05 9.9886E-05 9.9886E-05 9.9886E-05 9.9886E-05
9.98859E-05 9.98859E-05 0.628441 0.0946773 9.98859E-05 9.98859E-05 0.0435024 9.98859E-05 0.097637 9.98859E-05 0.134443 9.98859E-05 9.98859E-05 9.98859E-05 9.98859E-05 9.98859E-05 9.98859E-05 9.98859E-05
9.98686E-05 0.0464316 0.931097 9.98686E-05 9.98686E-05 9.98686E-05 9.98686E-05 9.98686E-05 9.98686E-05 0.0209729 9.98686E-05 9.98686E-05 9.98686E-05 9.98686E-05 9.98686E-05 9.98686E-05 9.98686E-05 9.98686E-05
9.98773E-05 0.136026 0.659392 0.0134182 9.98773E-05 9.98773E-05 9.98773E-05 9.98773E-05 0.189766 9.98773E-05 9.98773E-05 9.98773E-05 9.98773E-05 9.98773E-05 9.98773E-05 9.98773E-05 9.98773E-05 9.98773E-05
9.99035E-05 0.0530134 0.752194 0.0298134 9.99035E-05 9.99035E-05 0.00398284 9.99035E-05 9.99035E-05 0.129215 9.99035E-05 9.99035E-05 9.99035E-05 0.00690372 9.99035E-05 0.0237784 9.99035E-05 9.99035E-05
9.99123E-05 0.083059 0.59903 0.0419235 9.99123E-05 9.99123E-05 0.0239652 0.0686698 0.132459 9.99123E-05 0.0140639 9.99123E-05 9.99123E-05 0.0358297 9.99123E-05 9.99123E-05 9.99123E-05 9.99123E-05
9.98858E-05 9.98858E-05 0.599113 0.0103943 9.98858E-05 9.98858E-05 9.98858E-05 9.98858E-05 0.088092 9.98858E-05 0.260255 9.98858E-05 0.040847 9.98858E-05 9.98858E-05 9.98858E-05 9.98858E-05 9.98858E-05
9.98948E-05 0.144626 0.638025 0.0323422 9.98948E-05 9.98948E-05 9.98948E-05 0.025748 9.98948E-05 9.98948E-05 9.98948E-05 0.0763874 9.98948E-05 0.0816725 9.98948E-05 9.98948E-05 9.98948E-05 9.98948E-05
9.98771E-05 0.0330341 0.890899 9.98771E-05 9.98771E-05 9.98771E-05 0.0726136 9.98771E-05 9.98771E-05 9.98771E-05 9.98771E-05 9.98771E-05 0.00205551 9.98771E-05 9.98771E-05 9.98771E-05 9.98771E-05 9.98771E-05
9.98947E-05 0.0689587 0.495638 0.216988 9.98947E-05 0.0366102 9.98947E-05 9.98947E-05 0.111294 9.98947E-05 9.98947E-05 9.98947E-05 0.0693122 9.98947E-05 9.98947E-05 9.98947E-05 9.98947E-05 9.98947E-05
9.98859E-05 0.0209186 0.734989 9.98859E-05 9.98859E-05 9.98859E-05 9.98859E-05 9.98859E-05 0.0548662 9.98859E-05 0.135406 9.98859E-05 9.98859E-05 0.052522 9.98859E-05 9.98859E-05 9.98859E-05 9.98859E-05
9.98947E-05 0.0360419 0.893856 9.98947E-05 9.98947E-05 9.98947E-05 0.0272079 9.98947E-05 0.0179318 0.0148251 9.98947E-05 9.98947E-05 0.00893821 9.98947E-05 9.98947E-05 9.98947E-05 9.98947E-05 9.98947E-05
9.98859E-05 0.207671 0.440604 9.98859E-05 9.98859E-05 9.98859E-05 9.98859E-05 9.98859E-05 0.157206 9.98859E-05 0.105882 9.98859E-05 0.087338 9.98859E-05 9.98859E-05 9.98859E-05 9.98859E-05 9.98859E-05
0.080163 0.193027 0.586241 0.123275 9.98859E-05 9.98859E-05 9.98859E-05 9.98859E-05 9.98859E-05 9.98859E-05 9.98859E-05 9.98859E-05 9.98859E-05 0.015995 9.98859E-05 9.98859E-05 9.98859E-05 9.98859E-05
9.98858E-05 0.222253 0.460191 9.98858E-05 9.98858E-05 9.98858E-05 9.98858E-05 9.98858E-05 0.187678 9.98858E-05 0.0791333 9.98858E-05 0.0494464 9.98858E-05 9.98858E-05 9.98858E-05 9.98858E-05 9.98858E-05
9.99035E-05 0.158885 0.373246 0.240897 9.99035E-05 0.00525719 9.99035E-05 9.99035E-05 0.161602 9.99035E-05 0.044718 9.99035E-05 9.99035E-05 9.99035E-05 9.99035E-05 0.0142964 9.99035E-05 9.99035E-05
9.98947E-05 9.98947E-05 0.256762 0.478853 9.98947E-05 9.98947E-05 9.98947E-05 9.98947E-05 0.0755848 9.98947E-05 9.98947E-05 9.98947E-05 0.0087032 0.0612956 0.117603 9.98947E-05 9.98947E-05 9.98947E-05
9.98769E-05 0.117284 0.805478 9.98769E-05 9.98769E-05 9.98769E-05 9.98769E-05 9.98769E-05 0.0413247 9.98769E-05 9.98769E-05 9.98769E-05 9.98769E-05 9.98769E-05 9.98769E-05 9.98769E-05 0.0345148 9.98769E-05
9.98772E-05 0.25949 0.52109 9.98772E-05 9.98772E-05 9.98772E-05 9.98772E-05 9.98772E-05 0.151797 9.98772E-05 0.0662246 9.98772E-05 9.98772E-05 9.98772E-05 9.98772E-05 9.98772E-05 9.98772E-05 9.98772E-05
9.98772E-05 9.98772E-05 0.76237 0.014871 9.98772E-05 9.98772E-05 9.98772E-05 9.98772E-05 0.0887621 9.98772E-05 9.98772E-05 9.98772E-05 9.98772E-05 0.132599 9.98772E-05 9.98772E-05 9.98772E-05 9.98772E-05
9.9886E-05 0.0354451 0.735771 9.9886E-05 9.9886E-05 9.9886E-05 0.0158828 9.9886E-05 0.184962 9.9886E-05 9.9886E-05 9.9886E-05 9.9886E-05 9.9886E-05 9.9886E-05 0.0266409 9.9886E-05 9.9886E-05
9.98771E-05 9.98771E-05 0.864541 9.98771E-05 9.98771E-05 9.98771E-05 0.0221724 9.98771E-05 0.0249098 9.98771E-05 9.98771E-05 9.98771E-05 9.98771E-05 9.98771E-05 9.98771E-05 0.086978 9.98771E-05 9.98771E-05
9.98858E-05 0.277461 0.370056 9.98858E-05 9.98858E-05 9.98858E-05 9.98858E-05 9.98858E-05 0.116812 9.98858E-05 9.98858E-05 9.98858E-05 0.118964 0.11541 9.98858E-05 9.98858E-05 9.98858E-05 9.98858E-05
9.98682E-05 0.0156982 0.771596 9.98682E-05 9.98682E-05 9.98682E-05 9.98682E-05 9.98682E-05 9.98682E-05 9.98682E-05 9.98682E-05 0.211208 9.98682E-05 9.98682E-05 9.98682E-05 9.98682E-05 9.98682E-05 9.98682E-05
9.98772E-05 0.00850584 0.977232 9.98772E-05 9.98772E-05 9.98772E-05 9.98772E-05 9.98772E-05 0.00886573 9.98772E-05 9.98772E-05 9.98772E-05 9.98772E-05 9.98772E-05 9.98772E-05 9.98772E-05 0.00399824 9.98772E-05
9.98947E-05 0.0502875 0.673869 0.0755368 9.98947E-05 9.98947E-05 0.0713339 9.98947E-05 9.98947E-05 9.98947E-05 0.0186819 9.98947E-05 9.98947E-05 9.98947E-05 9.98947E-05 9.98947E-05 0.109093 9.98947E-05
9.98858E-05 0.137056 0.526094 9.98858E-05 9.98858E-05 9.98858E-05 0.0540916 9.98858E-05 0.200362 0.0810979 9.98858E-05 9.98858E-05 9.98858E-05 9.98858E-05 9.98858E-05 9.98858E-05 9.98858E-05 9.98858E-05
9.99034E-05 0.0975805 0.370574 0.437358 0.0464652 9.99034E-05 9.99034E-05 9.99034E-05 0.00306297 9.99034E-05 9.99034E-05 9.99034E-05 9.99034E-05 0.0427412 9.99034E-05 9.99034E-05 0.00111853 9.99034E-05
9.98772E-05 9.98772E-05 0.544599 0.291906 9.98772E-05 9.98772E-05 9.98772E-05 9.98772E-05 0.136189 9.98772E-05 9.98772E-05 9.98772E-05 0.0259075 9.98772E-05 9.98772E-05 9.98772E-05 9.98772E-05 9.98772E-05
9.98686E-05 9.98686E-05 0.724453 0.229006 9.98686E-05 9.98686E-05 9.98686E-05 9.98686E-05 9.98686E-05 9.98686E-05 9.98686E-05 9.98686E-05 9.98686E-05 0.0450436 9.98686E-05 9.98686E-05 9.98686E-05 9.98686E-05
9.9886E-05 0.0668063 0.365702 0.454467 9.9886E-05 9.9886E-05 9.9886E-05 9.9886E-05 9.9886E-05 0.0103839 9.9886E-05 9.9886E-05 0.101342 9.9886E-05 9.9886E-05 9.9886E-05 9.9886E-05 9.9886E-05
9.9877E-05 0.0815908 0.526134 9.9877E-05 9.9877E-05 9.9877E-05 9.9877E-05 9.9877E-05 0.290456 9.9877E-05 0.100421 9.9877E-05 9.9877E-05 9.9877E-05 9.9877E-05 9.9877E-05 9.9877E-05 9.9877E-05
0.111783 0.128584 0.755966 9.98772E-05 9.98772E-05 9.98772E-05 9.98772E-05 9.98772E-05 9.98772E-05 9.98772E-05 9.98772E-05 0.00226915 9.98772E-05 9.98772E-05 9.98772E-05 9.98772E-05 9.98772E-05 9.98772E-05
9.98946E-05 0.173767 0.178372 0.525155 9.98946E-05 9.98946E-05 9.98946E-05 9.98946E-05 0.0325433 9.98946E-05 9.98946E-05 9.98946E-05 0.0726882 0.0162749 9.98946E-05 9.98946E-05 9.98946E-05 9.98946E-05
9.98684E-05 9.98684E-05 0.502992 0.433415 9.98684E-05 9.98684E-05 9.98684E-05 9.98684E-05 0.0620955 9.98684E-05 9.98684E-05 9.98684E-05 9.98684E-05 9.98684E-05 9.98684E-05 9.98684E-05 9.98684E-05 9.98684E-05
9.98946E-05 0.200258 0.461003 9.98946E-05 9.98946E-05 9.98946E-05 9.98946E-05 0.0108173 0.00178724 9.98946E-05 0.165762 9.98946E-05 0.159173 9.98946E-05 9.98946E-05 9.98946E-05 9.98946E-05 9.98946E-05
9.99034E-05 0.109087 0.497067 0.0440178 9.99034E-05 0.185175 0.0423892 9.99034E-05 0.10644 0.0147253 9.99034E-05 9.99034E-05 9.99034E-05 9.99034E-05 9.99034E-05 9.99034E-05 9.99034E-05 9.99034E-05
9.99036E-05 0.062009 0.465294 0.00466531 9.99036E-05 9.99036E-05 9.99036E-05 9.99036E-05 9.99036E-05 9.99036E-05 0.246564 0.095021 9.99036E-05 9.99036E-05 0.0704403 0.0549072 9.99036E-05 9.99036E-05
9.98947E-05 0.273066 0.442176 9.98947E-05 9.98947E-05 9.98947E-05 0.01491 9.98947E-05 0.178352 9.98947E-05 9.98947E-05 0.0186903 9.98947E-05 9.98947E-05 0.0716074 9.98947E-05 9.98947E-05 9.98947E-05
9.98685E-05 9.98685E-05 0.552594 0.438751 9.98685E-05 9.98685E-05 9.98685E-05 9.98685E-05 0.00715622 9.98685E-05 9.98685E-05 9.98685E-05 9.98685E-05 9.98685E-05 9.98685E-05 9.98685E-05 9.98685E-05 9.98685E-05
9.9877E-05 9.9877E-05 0.716226 9.9877E-05 9.9877E-05 9.9877E-05 9.9877E-05 0.0210668 0.123266 9.9877E-05 9.9877E-05 9.9877E-05 9.9877E-05 9.9877E-05 9.9877E-05 9.9877E-05 0.138043 9.9877E-05
9.98859E-05 0.0679021 0.428139 0.437613 9.98859E-05 9.98859E-05 9.98859E-05 9.98859E-05 0.0136426 9.98859E-05 9.98859E-05 9.98859E-05 9.98859E-05 0.0514054 9.98859E-05 9.98859E-05 9.98859E-05 9.98859E-05
9.9886E-05 0.111612 0.524726 0.180509 9.9886E-05 9.9886E-05 0.0513952 9.9886E-05 0.130459 9.9886E-05 9.9886E-05 9.9886E-05 9.9886E-05 9.9886E-05 9.9886E-05 9.9886E-05 9.9886E-05 9.9886E-05
9.98683E-05 0.082698 0.782451 9.98683E-05 9.98683E-05 9.98683E-05 9.98683E-05 9.98683E-05 9.98683E-05 9.98683E-05 9.98683E-05 9.98683E-05 9.98683E-05 9.98683E-05 9.98683E-05 0.133353 9.98683E-05 9.98683E-05
9.98858E-05 9.98858E-05 0.910806 9.98858E-05 9.98858E-05 9.98858E-05 0.0222334 9.98858E-05 0.0174811 0.0112349 9.98858E-05 9.98858E-05 9.98858E-05 9.98858E-05 9.98858E-05 9.98858E-05 0.0369464 9.98858E-05
9.9877E-05 0.189835 0.474755 9.9877E-05 9.9877E-05 9.9877E-05 9.9877E-05 9.9877E-05 0.128521 9.9877E-05 0.205491 9.9877E-05 9.9877E-05 9.9877E-05 9.9877E-05 9.9877E-05 9.9877E-05 9.9877E-05
9.98683E-05 0.157471 0.766902 9.98683E-05 9.98683E-05 9.98683E-05 9.98683E-05 9.98683E-05 0.0741287 9.98683E-05 9.98683E-05 9.98683E-05 9.98683E-05 9.98683E-05 9.98683E-05 9.98683E-05 9.98683E-05 9.98683E-05
9.98946E-05 0.0277626 0.958118 9.98946E-05 9.98946E-05 9.98946E-05 0.00392884 0.00486698 9.98946E-05 9.98946E-05 9.98946E-05 0.00159398 9.98946E-05 0.0025307 9.98946E-05 9.98946E-05 9.98946E-05 9.98946E-05
9.98772E-05 9.98772E-05 0.838626 0.0175317 9.98772E-05 9.98772E-05 9.98772E-05 9.98772E-05 0.0497929 9.98772E-05 9.98772E-05 9.98772E-05 0.0926507 9.98772E-05 9.98772E-05 9.98772E-05 9.98772E-05 9.98772E-05
9.9886E-05 0.18039 0.640406 0.0667787 9.9886E-05 9.9886E-05 9.9886E-05 9.9886E-05 0.019655 9.9886E-05 0.0914716 9.9886E-05 9.9886E-05 9.9886E-05 9.9886E-05 9.9886E-05 9.9886E-05 9.9886E-05
9.98507E-05 9.98507E-05 9.98507E-05 9.98507E-05 9.98507E-05 9.98507E-05 9.98507E-05 9.98507E-05 0.998303 9.98507E-05 9.98507E-05 9.98507E-05 9.98507E-05 9.98507E-05 9.98507E-05 9.98507E-05 9.98507E-05 9.98507E-05
9.98504E-05 0.998303 9.98504E-05 9.98504E-05 9.98504E-05 9.98504E-05 9.98504E-05 9.98504E-05 9.98504E-05 9.98504E-05 9.98504E-05 9.98504E-05 9.98504E-05 9.98504E-05 9.98504E-05 9.98504E-05 9.98504E-05 9.98504E-05
9.98504E-05 9.98504E-05 9.98504E-05 9.98504E-05 9.98504E-05 9.98504E-05 9.98504E-05 9.98504E-05 0.998303 9.98504E-05 9.98504E-05 9.98504E-05 9.98504E-05 9.98504E-05 9.98504E-05 9.98504E-05 9.98504E-05 9.98504E-05
9.98505E-05 0.998303 9.98505E-05 9.98505E-05 9.98505E-05 9.98505E-05 9.98505E-05 9.98505E-05 9.98505E-05 9.98505E-05 9.98505E-05 9.98505E-05 9.98505E-05 9.98505E-05 9.98505E-05 9.98505E-05 9.98505E-05 9.98505E-05
9.98505E-05 0.998303 9.98505E-05 9.98505E-05 9.98505E-05 9.98505E-05 9.98505E-05 9.98505E-05 9.98505E-05 9.98505E-05 9.98505E-05 9.98505E-05 9.98505E-05 9.98505E-05 9.98505E-05 9.98505E-05 9.98505E-05 9.98505E-05
9.98505E-05 0.998303 9.98505E-05 9.98505E-05 9.98505E-05 9.98505E-05 9.98505E-05 9.98505E-05 9.98505E-05 9.98505E-05 9.98505E-05 9.98505E-05 9.98505E-05 9.98505E-05 9.98505E-05 9.98505E-05 9.98505E-05 9.98505E-05
9.98505E-05 9.98505E-05 9.98505E-05 9.98505E-05 9.98505E-05 9.98505E-05 9.98505E-05 9.98505E-05 0.998303 9.98505E-05 9.98505E-05 9.98505E-05 9.98505E-05 9.98505E-05 9.98505E-05 9.98505E-05 9.98505E-05 9.98505E-05
9.98507E-05 0.998303 9.98507E-05 9.98507E-05 9.98507E-05 9.98507E-05 9.98507E-05 9.98507E-05 9.98507E-05 9.98507E-05 9.98507E-05 9.98507E-05 9.98507E-05 9.98507E-05 9.98507E-05 9.98507E-05 9.98507E-05 9.98507E-05
9.98505E-05 0.998303 9.98505E-05 9.98505E-05 9.98505E-05 9.98505E-05 9.98505E-05 9.98505E-05 9.98505E-05 9.98505E-05 9.98505E-05 9.98505E-05 9.98505E-05 9.98505E-05 9.98505E-05 9.98505E-05 9.98505E-05 9.98505E-05
9.98506E-05 9.98506E-05 9.98506E-05 9.98506E-05 9.98506E-05 9.98506E-05 9.98506E-05 9.98506E-05 0.998303 9.98506E-05 9.98506E-05 9.98506E-05 9.98506E-05 9.98506E-05 9.98506E-05 9.98506E-05 9.98506E-05 9.98506E-05
9.98505E-05 9.98505E-05 9.98505E-05 9.98505E-05 9.98505E-05 9.98505E-05 9.98505E-05 9.98505E-05 0.998303 9.98505E-05 9.98505E-05 9.98505E-05 9.98505E-05 9.98505E-05 9.98505E-05 9.98505E-05 9.98505E-05 9.98505E-05
9.98505E-05 9.98505E-05 9.98505E-05 9.98505E-05 9.98505E-05 9.98505E-05 9.98505E-05 9.98505E-05 0.998303 9.98505E-05 9.98505E-05 9.98505E-05 9.98505E-05 9.98505E-05 9.98505E-05 9.98505E-05 9.98505E-05 9.98505E-05
9.98505E-05 0.998303 9.98505E-05 9.98505E-05 9.98505E-05 9.98505E-05 9.98505E-05 9.98505E-05 9.98505E-05 9.98505E-05 9.98505E-05 9.98505E-05 9.98505E-05 9.98505E-05 9.98505E-05 9.98505E-05 9.98505E-05 9.98505E-05
9.98506E-05 0.998303 9.98506E-05 9.98506E-05 9.98506E-05 9.98506E-05 9.98506E-05 9.98506E-05 9.98506E-05 9.98506E-05 9.98506E-05 9.98506E-05 9.98506E-05 9.98506E-05 9.98506E-05 9.98506E-05 9.98506E-05 9.98506E-05
9.98506E-05 9.98506E-05 9.98506E-05 9.98506E-05 9.98506E-05 9.98506E-05 9.98506E-05 9.98506E-05 0.998303 9.98506E-05 9.98506E-05 9.98506E-05 9.98506E-05 9.98506E-05 9.98506E-05 9.98506E-05 9.98506E-05 9.98506E-05
9.98505E-05 9.98505E-05 9.98505E-05 9.98505E-05 9.98505E-05 9.98505E-05 9.98505E-05 9.98505E-05 0.998303 9.98505E-05 9.98505E-05 9.98505E-05 9.98505E-05 9.98505E-05 9.98505E-05 9.98505E-05 9.98505E-05 9.98505E-05
0.00685762 0.0562236 0.615277 9.99121E-05 9.99121E-05 9.99121E-05 9.99121E-05 0.0985013 0.0577017 9.99121E-05 9.99121E-05 9.99121E-05 0.0613767 9.99121E-05 0.0682419 9.99121E-05 0.0348215 9.99121E-05
9.98505E-05 9.98505E-05 9.98505E-05 9.98505E-05 9.98505E-05 9.98505E-05 9.98505E-05 9.98505E-05 0.998303 9.98505E-05 9.98505E-05 9.98505E-05 9.98505E-05 9.98505E-05 9.98505E-05 9.98505E-05 9.98505E-05 9.98505E-05
9.98507E-05 0.998303 9.98507E-05 9.98507E-05 9.98507E-05 9.98507E-05 9.98507E-05 9.98507E-05 9.98507E-05 9.98507E-05 9.98507E-05 9.98507E-05 9.98507E-05 9.98507E-05 9.98507E-05 9.98507E-05 9.98507E-05 9.98507E-05
9.98505E-05 9.98505E-05 9.98505E-05 9.98505E-05 9.98505E-05 9.98505E-05 9.98505E-05 9.98505E-05 0.998303 9.98505E-05 9.98505E-05 9.98505E-05 9.98505E-05 9.98505E-05 9.98505E-05 9.98505E-05 9.98505E-05 9.98505E-05
9.98506E-05 9.98506E-05 9.98506E-05 9.98506E-05 9.98506E-05 9.98506E-05 9.98506E-05 9.98506E-05 0.998303 9.98506E-05 9.98506E-05 9.98506E-05 9.98506E-05 9.98506E-05 9.98506E-05 9.98506E-05 9.98506E-05 9.98506E-05
9.98505E-05 9.98505E-05 9.98505E-05 9.98505E-05 9.98505E-05 9.98505E-05 9.98505E-05 9.98505E-05 0.998303 9.98505E-05 9.98505E-05 9.98505E-05 9.98505E-05 9.98505E-05 9.98505E-05 9.98505E-05 9.98505E-05 9.98505E-05
9.98507E-05 0.998303 9.98507E-05 9.98507E-05 9.98507E-05 9.98507E-05 9.98507E-05 9.98507E-05 9.98507E-05 9.98507E-05 9.98507E-05 9.98507E-05 9.98507E-05 9.98507E-05 9.98507E-05 9.98507E-05 9.98507E-05 9.98507E-05
9.98506E-05 9.98506E-05 9.98506E-05 9.98506E-05 9.98506E-05 9.98506E-05 9.98506E-05 9.98506E-05 0.998303 9.98506E-05 9.98506E-05 9.98506E-05 9.98506E-05 9.98506E-05 9.98506E-05 9.98506E-05 9.98506E-05 9.98506E-05
9.98505E-05 0.998303 9.98505E-05 9.98505E-05 9.98505E-05 9.98505E-05 9.98505E-05 9.98505E-05 9.98505E-05 9.98505E-05 9.98505E-05 9.98505E-05 9.98505E-05 9.98505E-05 9.98505E-05 9.98505E-05 9.98505E-05 9.98505E-05
9.98506E-05 9.98506E-05 9.98506E-05 9.98506E-05 9.98506E-05 9.98506E-05 9.98506E-05 9.98506E-05 0.998303 9.98506E-05 9.98506E-05 9.98506E-05 9.98506E-05 9.98506E-05 9.98506E-05 9.98506E-05 9.98506E-05 9.98506E-05
9.98505E-05 9.98505E-05 9.98505E-05 9.98505E-05 9.98505E-05 9.98505E-05 9.98505E-05 9.98505E-05 0.998303 9.98505E-05 9.98505E-05 9.98505E-05 9.98505E-05 9.98505E-05 9.98505E-05 9.98505E-05 9.98505E-05 9.98505E-05
9.98505E-05 0.998303 9.98505E-05 9.98505E-05 9.98505E-05 9.98505E-05 9.98505E-05 9.98505E-05 9.98505E-05 9.98505E-05 9.98505E-05 9.98505E-05 9.98505E-05 9.98505E-05 9.98505E-05 9.98505E-05 9.98505E-05 9.98505E-05
9.98505E-05 0.998303 9.98505E-05 9.98505E-05 9.98505E-05 9.98505E-05 9.98505E-05 9.98505E-05 9.98505E-05 9.98505E-05 9.98505E-05 9.98505E-05 9.98505E-05 9.98505E-05 9.98505E-05 9.98505E-05 9.98505E-05 9.98505E-05
9.98505E-05 0.998303 9.98505E-05 9.98505E-05 9.98505E-05 9.98505E-05 9.98505E-05 9.98505E-05 9.98505E-05 9.98505E-05 9.98505E-05 9.98505E-05 9.98505E-05 9.98505E-05 9.98505E-05 9.98505E-05 9.98505E-05 9.98505E-05
9.98506E-05 9.98506E-05 9.98506E-05 9.98506E-05 9.98506E-05 9.98506E-05 9.98506E-05 9.98506E-05 0.998303 9.98506E-05 9.98506E-05 9.98506E-05 9.98506E-05 9.98506E-05 9.98506E-05 9.98506E-05 9.98506E-05 9.98506E-05
9.98505E-05 9.98505E-05 9.98505E-05 9.98505E-05 9.98505E-05 9.98505E-05 9.98505E-05 9.98505E-05 0.998303 9.98505E-05 9.98505E-05 9.98505E-05 9.98505E-05 9.98505E-05 9.98505E-05 9.98505E-05 9.98505E-05 9.98505E-05
9.98505E-05 9.98505E-05 9.98505E-05 9.98505E-05 9.98505E-05 9.98505E-05 9.98505E-05 9.98505E-05 0.998303 9.98505E-05 9.98505E-05 9.98505E-05 9.98505E-05 9.98505E-05 9.98505E-05 9.98505E-05 9.98505E-05 9.98505E-05
9.98506E-05 9.98506E-05 9.98506E-05 9.98506E-05 9.98506E-05 9.98506E-05 9.98506E-05 9.98506E-05 0.998303 9.98506E-05 9.98506E-05 9.98506E-05 9.98506E-05 9.98506E-05 9.98506E-05 9.98506E-05 9.98506E-05 9.98506E-05
9.98507E-05 9.98507E-05 9.98507E-05 9.98507E-05 9.98507E-05 9.98507E-05 9.98507E-05 9.98507E-05 0.998303 9.98507E-05 9.98507E-05 9.98507E-05 9.98507E-05 9.98507E-05 9.98507E-05 9.98507E-05 9.98507E-05 9.98507E-05
9.98506E-05 0.998303 9.98506E-05 9.98506E-05 9.98506E-05 9.98506E-05 9.98506E-05 9.98506E-05 9.98506E-05 9.98506E-05 9.98506E-05 9.98506E-05 9.98506E-05 9.98506E-05 9.98506E-05 9.98506E-05 9.98506E-05 9.98506E-05
9.98506E-05 0.998303 9.98506E-05 9.98506E-05 9.98506E-05 9.98506E-05 9.98506E-05 9.98506E-05 9.98506E-05 9.98506E-05 9.98506E-05 9.98506E-05 9.98506E-05 9.98506E-05 9.98506E-05 9.98506E-05 9.98506E-05 9.98506E-05
9.98505E-05 0.998303 9.98505E-05 9.98505E-05 9.98505E-05 9.98505E-05 9.98505E-05 9.98505E-05 9.98505E-05 9.98505E-05 9.98505E-05 9.98505E-05 9.98505E-05 9.98505E-05 9.98505E-05 9.98505E-05 9.98505E-05 9.98505E-05
9.98506E-05 9.98506E-05 9.98506E-05 9.98506E-05 9.98506E-05 9.98506E-05 9.98506E-05 9.98506E-05 0.998303 9.98506E-05 9.98506E-05 9.98506E-05 9.98506E-05 9.98506E-05 9.98506E-05 9.98506E-05 9.98506E-05 9.98506E-05
9.98504E-05 0.998303 9.98504E-05 9.98504E-05 9.98504E-05 9.98504E-05 9.98504E-05 9.98504E-05 9.98504E-05 9.98504E-05 9.98504E-05 9.98504E-05 9.98504E-05 9.98504E-05 9.98504E-05 9.98504E-05 9.98504E-05 9.98504E-05
9.98506E-05 0.998303 9.98506E-05 9.98506E-05 9.98506E-05 9.98506E-05 9.98506E-05 9.98506E-05 9.98506E-05 9.98506E-05 9.98506E-05 9.98506E-05 9.98506E-05 9.98506E-05 9.98506E-05 9.98506E-05 9.98506E-05 9.98506E-05
9.98505E-05 0.998303 9.98505E-05 9.98505E-05 9.98505E-05 9.98505E-05 9.98505E-05 9.98505E-05 9.98505E-05 9.98505E-05 9.98505E-05 9.98505E-05 9.98505E-05 9.98505E-05 9.98505E-05 9.98505E-05 9.98505E-05 9.98505E-05
9.98505E-05 0.998303 9.98505E-05 9.98505E-05 9.98505E-05 9.98505E-05 9.98505E-05 9.98505E-05 9.98505E-05 9.98505E-05 9.98505E-05 9.98505E-05 9.98505E-05 9.98505E-05 9.98505E-05 9.98505E-05 9.98505E-05 9.98505E-05
9.98505E-05 9.98505E-05 9.98505E-05 9.98505E-05 9.98505E-05 9.98505E-05 9.98505E-05 9.98505E-05 0.998303 9.98505E-05 9.98505E-05 9.98505E-05 9.98505E-05 9.98505E-05 9.98505E-05 9.98505E-05 9.98505E-05 9.98505E-05
9.98507E-05 0.998303 9.98507E-05 9.98507E-05 9.98507E-05 9.98507E-05 9.98507E-05 9.98507E-05 9.98507E-05 9.98507E-05 9.98507E-05 9.98507E-05 9.98507E-05 9.98507E-05 9.98507E-05 9.98507E-05 9.98507E-05 9.98507E-05
9.98505E-05 0.998303 9.98505E-05 9.98505E-05 9.98505E-05 9.98505E-05 9.98505E-05 9.98505E-05 9.98505E-05 9.98505E-05 9.98505E-05 9.98505E-05 9.98505E-05 9.98505E-05 9.98505E-05 9.98505E-05 9.98505E-05 9.98505E-05
0.0158438 9.98945E-05 0.667009 9.98945E-05 9.98945E-05 9.98945E-05 9.98945E-05 0.0604449 0.106829 9.98945E-05 9.98945E-05 9.98945E-05 9.98945E-05 9.98945E-05 0.0135886 9.98945E-05 0.135086 9.98945E-05
