9.98333E-05 0.151207 9.98333E-05 9.98333E-05 0.360624 9.98333E-05 9.98333E-05 0.075283 9.98333E-05 9.98333E-05 9.98333E-05 9.98333E-05 9.98333E-05 9.98333E-05 9.98333E-05 9.98333E-05 0.0934937 0.0329332 0.284561 9.98333E-05 9.98333E-05 9.98333E-05 9.98333E-05 9.98333E-05 9.98333E-05
9.98422E-05 9.98422E-05 9.98422E-05 9.98422E-05 0.478301 9.98422E-05 0.013718 9.98422E-05 9.98422E-05 9.98422E-05 9.98422E-05 9.98422E-05 9.98422E-05 0.193553 0.104111 9.98422E-05 9.98422E-05 0.018602 0.126993 9.98422E-05 0.0629245 9.98422E-05 9.98422E-05 9.98422E-05 9.98422E-05
9.98158E-05 9.98158E-05 9.98158E-05 9.98158E-05 0.826621 9.98158E-05 9.98158E-05 0.0451347 9.98158E-05 9.98158E-05 9.98158E-05 9.98158E-05 9.98158E-05 0.0839439 9.98158E-05 9.98158E-05 9.98158E-05 9.98158E-05 9.98158E-05 9.98158E-05 9.98158E-05 9.98158E-05 9.98158E-05 0.042204 9.98158E-05
9.98771E-05 0.203596 9.98771E-05 9.98771E-05 0.0517692 9.98771E-05 0.0374341 0.0201342 0.172175 9.98771E-05 9.98771E-05 9.98771E-05 0.171233 0.148594 9.98771E-05 9.98771E-05 9.98771E-05 0.0893542 0.00817632 9.98771E-05 0.0877056 9.98771E-05 9.98771E-05 0.00842945 9.98771E-05
9.98333E-05 9.98333E-05 9.98333E-05 9.98333E-05 0.594065 0.025632 9.98333E-05 9.98333E-05 0.033068 9.98333E-05 9.98333E-05 9.98333E-05 9.98333E-05 0.297702 9.98333E-05 9.98333E-05 9.98333E-05 9.98333E-05 9.98333E-05 9.98333E-05 0.012429 9.98333E-05 9.98333E-05 0.0352068 9.98333E-05
9.98597E-05 9.98597E-05 0.0173579 9.98597E-05 0.10325 0.147067 9.98597E-05 9.98597E-05 0.267155 9.98597E-05 0.114697 9.98597E-05 9.98597E-05 0.140206 0.0211128 9.98597E-05 9.98597E-05 9.98597E-05 0.12644 9.98597E-05 9.98597E-05 9.98597E-05 9.98597E-05 0.0611159 9.98597E-05
9.98684E-05 0.131844 0.105696 9.98684E-05 0.339579 0.050253 9.98684E-05 0.0136657 9.98684E-05 9.98684E-05 9.98684E-05 9.98684E-05 0.0662343 9.98684E-05 0.0778459 9.98684E-05 9.98684E-05 0.107968 0.0823302 9.98684E-05 0.0230857 9.98684E-05 9.98684E-05 9.98684E-05 9.98684E-05
9.98684E-05 0.196196 9.98684E-05 9.98684E-05 9.98684E-05 0.0566026 9.98684E-05 9.98684E-05 0.0452248 9.98684E-05 0.101271 9.98684E-05 9.98684E-05 0.250421 9.98684E-05 9.98684E-05 0.0798647 9.98684E-05 0.0562693 9.98684E-05 0.0524243 9.98684E-05 0.107297 0.0529313 9.98684E-05
9.98596E-05 0.00354508 9.98596E-05 9.98596E-05 0.126062 9.98596E-05 9.98596E-05 0.215746 0.00684951 0.0143132 0.285127 9.98596E-05 9.98596E-05 0.187967 9.98596E-05 9.98596E-05 9.98596E-05 9.98596E-05 9.98596E-05 9.98596E-05 0.0146106 9.98596E-05 9.98596E-05 9.98596E-05 0.144182
9.97983E-05 9.97983E-05 9.97983E-05 9.97983E-05 0.929781 9.97983E-05 9.97983E-05 0.0679232 9.97983E-05 9.97983E-05 9.97983E-05 9.97983E-05 9.97983E-05 9.97983E-05 9.97983E-05 9.97983E-05 9.97983E-05 9.97983E-05 9.97983E-05 9.97983E-05 9.97983E-05 9.97983E-05 9.97983E-05 9.97983E-05 9.97983E-05
9.9842E-05 0.0427081 9.9842E-05 9.9842E-05 0.350179 9.9842E-05 9.9842E-05 0.191594 9.9842E-05 9.9842E-05 0.00280955 9.9842E-05 9.9842E-05 0.13456 9.9842E-05 9.9842E-05 9.9842E-05 0.14233 0.134022 9.9842E-05 9.9842E-05 9.9842E-05 9.9842E-05 9.9842E-05 9.9842E-05
9.98158E-05 9.98158E-05 9.98158E-05 9.98158E-05 0.940946 0.0215376 9.98158E-05 9.98158E-05 9.98158E-05 9.98158E-05 9.98158E-05 9.98158E-05 9.98158E-05 9.98158E-05 9.98158E-05 9.98158E-05 9.98158E-05 0.0125475 9.98158E-05 9.98158E-05 9.98158E-05 9.98158E-05 0.0228731 9.98158E-05 9.98158E-05
9.9816E-05 0.147538 9.9816E-05 9.9816E-05 0.784387 9.9816E-05 9.9816E-05 0.0547399 9.9816E-05 9.9816E-05 9.9816E-05 9.9816E-05 9.9816E-05 9.9816E-05 9.9816E-05 9.9816E-05 9.9816E-05 0.0112388 9.9816E-05 9.9816E-05 9.9816E-05 9.9816E-05 9.9816E-05 9.9816E-05 9.9816E-05
9.98683E-05 0.0289771 0.00732514 0.0438364 0.58275 9.98683E-05 9.98683E-05 0.0149228 9.98683E-05 0.0687757 9.98683E-05 0.169053 9.98683E-05 9.98683E-05 9.98683E-05 9.98683E-05 9.98683E-05 0.0471042 9.98683E-05 0.0113241 9.98683E-05 9.98683E-05 9.98683E-05 0.0244336 9.98683E-05
0.0993576 9.98684E-05 9.98684E-05 9.98684E-05 0.0319964 0.00704491 9.98684E-05 0.176062 0.0342293 0.158339 0.0968985 9.98684E-05 9.98684E-05 0.17453 9.98684E-05 9.98684E-05 9.98684E-05 9.98684E-05 0.158336 9.98684E-05 9.98684E-05 0.0617086 9.98684E-05 9.98684E-05 9.98684E-05
9.98595E-05 0.152928 9.98595E-05 9.98595E-05 9.98595E-05 9.98595E-05 9.98595E-05 0.074541 0.0399339 9.98595E-05 0.182673 9.98595E-05 0.0378067 0.263817 9.98595E-05 9.98595E-05 0.0547789 9.98595E-05 0.0642951 9.98595E-05 9.98595E-05 9.98595E-05 0.127628 9.98595E-05 9.98595E-05
0.0105804 0.0518906 9.98509E-05 0.187604 9.98509E-05 9.98509E-05 9.98509E-05 0.0282203 9.98509E-05 9.98509E-05 9.98509E-05 9.98509E-05 9.98509E-05 0.616621 0.0507734 9.98509E-05 0.0379478 9.98509E-05 9.98509E-05 0.0146653 9.98509E-05 9.98509E-05 9.98509E-05 9.98509E-05 9.98509E-05
9.98597E-05 0.213433 9.98597E-05 9.98597E-05 0.14835 9.98597E-05 0.0858609 0.0776544 0.0155128 9.98597E-05 0.0236597 9.98597E-05 9.98597E-05 9.98597E-05 9.98597E-05 0.137392 9.98597E-05 9.98597E-05 0.227792 9.98597E-05 0.0687471 9.98597E-05 9.98597E-05 9.98597E-05 9.98597E-05
9.98507E-05 0.155918 9.98507E-05 9.98507E-05 0.0803102 0.128155 9.98507E-05 0.198964 9.98507E-05 9.98507E-05 0.061539 9.98507E-05 9.98507E-05 0.303213 9.98507E-05 9.98507E-05 0.00627573 9.98507E-05 9.98507E-05 0.0639266 9.98507E-05 9.98507E-05 9.98507E-05 9.98507E-05 9.98507E-05
9.9807E-05 9.9807E-05 9.9807E-05 9.9807E-05 9.9807E-05 9.9807E-05 9.9807E-05 0.00476267 9.9807E-05 9.9807E-05 9.9807E-05 9.9807E-05 9.9807E-05 0.972236 9.9807E-05 9.9807E-05 9.9807E-05 9.9807E-05 9.9807E-05 9.9807E-05 9.9807E-05 0.020806 9.9807E-05 9.9807E-05 9.9807E-05
9.98333E-05 9.98333E-05 9.98333E-05 9.98333E-05 9.98333E-05 9.98333E-05 9.98333E-05 0.0474566 9.98333E-05 9.98333E-05 0.11022 9.98333E-05 9.98333E-05 0.519772 9.98333E-05 9.98333E-05 9.98333E-05 0.0235071 9.98333E-05 9.98333E-05 0.244556 9.98333E-05 0.0525906 9.98333E-05 9.98333E-05
9.9851E-05 0.34986 9.9851E-05 9.9851E-05 0.248432 0.122077 9.9851E-05 9.9851E-05 0.155182 9.9851E-05 0.0578125 9.9851E-05 9.9851E-05 9.9851E-05 0.00971207 9.9851E-05 9.9851E-05 9.9851E-05 9.9851E-05 9.9851E-05 9.9851E-05 0.0390095 9.9851E-05 0.0162165 9.9851E-05
9.98157E-05 9.98157E-05 9.98157E-05 9.98157E-05 9.98157E-05 9.98157E-05 9.98157E-05 0.0582318 0.0769279 9.98157E-05 9.98157E-05 9.98157E-05 9.98157E-05 0.76361 9.98157E-05 9.98157E-05 9.98157E-05 9.98157E-05 0.0991346 9.98157E-05 9.98157E-05 9.98157E-05 9.98157E-05 9.98157E-05 9.98157E-05
9.98422E-05 0.263438 9.98422E-05 9.98422E-05 0.341236 9.98422E-05 9.98422E-05 0.220334 0.0164902 9.98422E-05 9.98422E-05 9.98422E-05 9.98422E-05 9.98422E-05 9.98422E-05 9.98422E-05 9.98422E-05 9.98422E-05 0.0287931 9.98422E-05 9.98422E-05 9.98422E-05 0.11232 9.98422E-05 0.0155913
9.98684E-05 0.004961 9.98684E-05 9.98684E-05 0.288004 9.98684E-05 0.0560794 0.203321 0.155884 0.0204237 0.0890666 0.0406386 9.98684E-05 9.98684E-05 9.98684E-05 9.98684E-05 9.98684E-05 0.0174496 9.98684E-05 0.122675 9.98684E-05 9.98684E-05 9.98684E-05 9.98684E-05 9.98684E-05
0.0391343 9.98335E-05 9.98335E-05 9.98335E-05 0.529241 9.98335E-05 9.98335E-05 0.130007 0.0378112 9.98335E-05 9.98335E-05 9.98335E-05 9.98335E-05 0.216328 9.98335E-05 9.98335E-05 9.98335E-05 9.98335E-05 9.98335E-05 9.98335E-05 9.98335E-05 9.98335E-05 9.98335E-05 0.0455821 9.98335E-05
9.98509E-05 0.246892 9.98509E-05 9.98509E-05 9.98509E-05 9.98509E-05 9.98509E-05 0.0703871 0.21012 0.00181006 9.98509E-05 9.98509E-05 9.98509E-05 0.0197509 9.98509E-05 0.171097 9.98509E-05 9.98509E-05 9.98509E-05 9.98509E-05 9.98509E-05 0.262637 0.0156088 9.98509E-05 9.98509E-05
0.00156063 0.0637658 9.98422E-05 9.98422E-05 0.692605 0.0416137 9.98422E-05 0.0548417 9.98422E-05 9.98422E-05 9.98422E-05 9.98422E-05 0.0554641 0.0883516 9.98422E-05 9.98422E-05 9.98422E-05 9.98422E-05 9.98422E-05 9.98422E-05 9.98422E-05 9.98422E-05 9.98422E-05 9.98422E-05 9.98422E-05
9.98859E-05 0.029205 9.98859E-05 9.98859E-05 0.0950628 9.98859E-05 0.00952873 0.176915 9.98859E-05 9.98859E-05 9.98859E-05 0.0434324 0.0109301 0.465629 9.98859E-05 9.98859E-05 9.98859E-05 0.030826 0.0372799 9.98859E-05 0.00461002 0.077153 9.98859E-05 9.98859E-05 0.0181294
0.171806 9.98508E-05 9.98508E-05 9.98508E-05 0.484968 0.00433313 9.98508E-05 0.0530902 9.98508E-05 9.98508E-05 0.0107759 9.98508E-05 9.98508E-05 0.250138 9.98508E-05 9.98508E-05 0.0169135 9.98508E-05 9.98508E-05 9.98508E-05 9.98508E-05 9.98508E-05 9.98508E-05 9.98508E-05 0.00627716
9.98509E-05 9.98509E-05 9.98509E-05 9.98509E-05 0.572299 0.000694428 9.98509E-05 0.00173141 9.98509E-05 9.98509E-05 0.0354022 9.98509E-05 9.98509E-05 9.98509E-05 9.98509E-05 9.98509E-05 0.0129744 0.137082 0.162667 0.0754514 9.98509E-05 9.98509E-05 9.98509E-05 9.98509E-05 9.98509E-05
9.98684E-05 0.031614 9.98684E-05 9.98684E-05 9.98684E-05 0.0386335 9.98684E-05 0.0749362 0.010704 0.0129114 9.98684E-05 0.0491809 9.98684E-05 0.581254 9.98684E-05 9.98684E-05 9.98684E-05 9.98684E-05 9.98684E-05 0.0128287 0.148778 0.037661 9.98684E-05 9.98684E-05 9.98684E-05
9.98334E-05 0.109012 9.98334E-05 9.98334E-05 0.478324 9.98334E-05 9.98334E-05 0.23076 9.98334E-05 9.98334E-05 9.98334E-05 9.98334E-05 9.98334E-05 9.98334E-05 9.98334E-05 9.98334E-05 9.98334E-05 0.0402268 0.0055533 9.98334E-05 9.98334E-05 9.98334E-05 0.134227 9.98334E-05 9.98334E-05
0.0227272 0.0101628 9.98684E-05 9.98684E-05 0.484589 9.98684E-05 9.98684E-05 0.132199 0.211151 9.98684E-05 9.98684E-05 9.98684E-05 0.0386524 0.0438094 9.98684E-05 0.0331931 9.98684E-05 0.014191 9.98684E-05 9.98684E-05 9.98684E-05 9.98684E-05 9.98684E-05 9.98684E-05 0.00782652
9.98422E-05 9.98422E-05 9.98422E-05 9.98422E-05 0.778065 0.0235971 0.0414052 0.0235713 9.98422E-05 9.98422E-05 9.98422E-05 9.98422E-05 9.98422E-05 9.98422E-05 0.0407937 9.98422E-05 9.98422E-05 0.0491708 9.98422E-05 9.98422E-05 9.98422E-05 0.0415995 9.98422E-05 9.98422E-05 9.98422E-05
9.98422E-05 0.0237097 9.98422E-05 9.98422E-05 0.659269 9.98422E-05 9.98422E-05 0.0390494 9.98422E-05 9.98422E-05 0.0228548 9.98422E-05 0.133466 9.98422E-05 9.98422E-05 9.98422E-05 9.98422E-05 0.0587969 9.98422E-05 9.98422E-05 9.98422E-05 0.0610578 9.98422E-05 9.98422E-05 9.98422E-05
9.97983E-05 9.97983E-05 9.97983E-05 9.97983E-05 9.97983E-05 0.0520318 9.97983E-05 9.97983E-05 9.97983E-05 9.97983E-05 9.97983E-05 9.97983E-05 9.97983E-05 0.945673 9.97983E-05 9.97983E-05 9.97983E-05 9.97983E-05 9.97983E-05 9.97983E-05 9.97983E-05 9.97983E-05 9.97983E-05 9.97983E-05 9.97983E-05
9.98598E-05 9.98598E-05 0.00311948 0.00662917 0.626139 9.98598E-05 0.0199938 0.129542 9.98598E-05 9.98598E-05 0.111118 9.98598E-05 0.00600179 0.0384761 0.0573822 9.98598E-05 9.98598E-05 9.98598E-05 9.98598E-05 9.98598E-05 9.98598E-05 9.98598E-05 9.98598E-05 9.98598E-05 9.98598E-05
0.199754 0.0126765 9.98422E-05 9.98422E-05 0.483615 9.98422E-05 9.98422E-05 0.17235 9.98422E-05 9.98422E-05 9.98422E-05 9.98422E-05 9.98422E-05 9.98422E-05 0.0651497 9.98422E-05 9.98422E-05 0.00711433 9.98422E-05 9.98422E-05 9.98422E-05 9.98422E-05 9.98422E-05 0.0575434 9.98422E-05
9.98333E-05 0.0222624 9.98333E-05 9.98333E-05 0.0654688 9.98333E-05 9.98333E-05 0.125397 0.148873 9.98333E-05 9.98333E-05 9.98333E-05 9.98333E-05 0.548678 9.98333E-05 9.98333E-05 9.98333E-05 9.98333E-05 9.98333E-05 9.98333E-05 9.98333E-05 9.98333E-05 0.087423 9.98333E-05 9.98333E-05
9.98071E-05 9.98071E-05 9.98071E-05 9.98071E-05 0.913932 9.98071E-05 9.98071E-05 0.0670485 9.98071E-05 9.98071E-05 9.98071E-05 9.98071E-05 9.98071E-05 9.98071E-05 9.98071E-05 9.98071E-05 9.98071E-05 0.0168239 9.98071E-05 9.98071E-05 9.98071E-05 9.98071E-05 9.98071E-05 9.98071E-05 9.98071E-05
9.98247E-05 0.167188 9.98247E-05 9.98247E-05 0.683 9.98247E-05 9.98247E-05 0.0378153 9.98247E-05 9.98247E-05 0.0362969 9.98247E-05 9.98247E-05 9.98247E-05 9.98247E-05 9.98247E-05 9.98247E-05 9.98247E-05 9.98247E-05 9.98247E-05 9.98247E-05 0.0737028 9.98247E-05 9.98247E-05 9.98247E-05
0.0707939 0.0135431 9.98158E-05 9.98158E-05 0.805975 0.107592 9.98158E-05 9.98158E-05 9.98158E-05 9.98158E-05 9.98158E-05 9.98158E-05 9.98158E-05 9.98158E-05 9.98158E-05 9.98158E-05 9.98158E-05 9.98158E-05 9.98158E-05 9.98158E-05 9.98158E-05 9.98158E-05 9.98158E-05 9.98158E-05 9.98158E-05
9.98421E-05 0.0512758 9.98421E-05 9.98421E-05 0.434653 9.98421E-05 9.98421E-05 0.159967 9.98421E-05 9.98421E-05 0.08806 9.98421E-05 9.98421E-05 9.98421E-05 9.98421E-05 9.98421E-05 9.98421E-05 0.0508376 0.141229 9.98421E-05 9.98421E-05 9.98421E-05 9.98421E-05 9.98421E-05 0.0721802
9.98421E-05 0.470996 9.98421E-05 9.98421E-05 0.138658 0.0707909 9.98421E-05 0.131363 9.98421E-05 9.98421E-05 9.98421E-05 9.98421E-05 0.0257408 0.101481 9.98421E-05 9.98421E-05 9.98421E-05 9.98421E-05 9.98421E-05 9.98421E-05 9.98421E-05 9.98421E-05 9.98421E-05 0.059173 9.98421E-05
9.98157E-05 9.98157E-05 9.98157E-05 9.98157E-05 0.930686 0.00298144 0.0325114 0.0317247 9.98157E-05 9.98157E-05 9.98157E-05 9.98157E-05 9.98157E-05 9.98157E-05 9.98157E-05 9.98157E-05 9.98157E-05 9.98157E-05 9.98157E-05 9.98157E-05 9.98157E-05 9.98157E-05 9.98157E-05 9.98157E-05 9.98157E-05
9.98334E-05 9.98334E-05 9.98334E-05 9.98334E-05 0.347905 9.98334E-05 9.98334E-05 0.0872006 9.98334E-05 9.98334E-05 9.98334E-05 9.98334E-05 0.0615511 0.472533 9.98334E-05 0.0255923 9.98334E-05 0.00332122 9.98334E-05 9.98334E-05 9.98334E-05 9.98334E-05 9.98334E-05 9.98334E-05 9.98334E-05
9.9816E-05 9.9816E-05 0.00984978 9.9816E-05 0.954992 9.9816E-05 9.9816E-05 9.9816E-05 9.9816E-05 9.9816E-05 9.9816E-05 9.9816E-05 9.9816E-05 9.9816E-05 9.9816E-05 9.9816E-05 9.9816E-05 9.9816E-05 9.9816E-05 9.9816E-05 9.9816E-05 9.9816E-05 0.0282823 0.00477938 9.9816E-05
9.98332E-05 0.0466742 9.98332E-05 9.98332E-05 9.98332E-05 0.0219715 9.98332E-05 0.126852 9.98332E-05 9.98332E-05 9.98332E-05 9.98332E-05 9.98332E-05 0.751848 9.98332E-05 9.98332E-05 9.98332E-05 0.0208312 0.029927 9.98332E-05 9.98332E-05 9.98332E-05 9.98332E-05 9.98332E-05 9.98332E-05
9.98247E-05 9.98247E-05 0.0223959 9.98247E-05 9.98247E-05 0.027009 9.98247E-05 9.98247E-05 9.98247E-05 9.98247E-05 0.0150682 9.98247E-05 9.98247E-05 0.907164 9.98247E-05 0.0263661 9.98247E-05 9.98247E-05 9.98247E-05 9.98247E-05 9.98247E-05 9.98247E-05 9.98247E-05 9.98247E-05 9.98247E-05
9.98684E-05 9.98684E-05 9.98684E-05 9.98684E-05 0.0037425 9.98684E-05 9.98684E-05 0.247591 0.106223 9.98684E-05 0.0739401 9.98684E-05 0.029106 0.330999 9.98684E-05 9.98684E-05 9.98684E-05 0.10987 0.0399198 9.98684E-05 9.98684E-05 0.0465417 9.98684E-05 9.98684E-05 0.0105689
9.98423E-05 0.11975 9.98423E-05 9.98423E-05 0.622775 9.98423E-05 0.0398505 9.98423E-05 9.98423E-05 9.98423E-05 9.98423E-05 9.98423E-05 0.0731609 9.98423E-05 9.98423E-05 9.98423E-05 9.98423E-05 9.98423E-05 9.98423E-05 9.98423E-05 9.98423E-05 9.98423E-05 0.0666764 0.0074152 0.0685751
9.98247E-05 9.98247E-05 9.98247E-05 9.98247E-05 0.886866 9.98247E-05 9.98247E-05 9.98247E-05 9.98247E-05 9.98247E-05 0.0276855 9.98247E-05 9.98247E-05 9.98247E-05 0.00956768 0.0213513 9.98247E-05 9.98247E-05 9.98247E-05 0.0525329 9.98247E-05 9.98247E-05 9.98247E-05 9.98247E-05 9.98247E-05
9.98422E-05 0.0256086 9.98422E-05 9.98422E-05 9.98422E-05 9.98422E-05 0.0117394 0.0562652 0.00529001 9.98422E-05 9.98422E-05 9.98422E-05 9.98422E-05 0.64931 9.98422E-05 9.98422E-05 9.98422E-05 9.98422E-05 9.98422E-05 9.98422E-05 9.98422E-05 9.98422E-05 0.157198 0.0927917 9.98422E-05
9.98247E-05 9.98247E-05 9.98247E-05 9.98247E-05 9.98247E-05 9.98247E-05 9.98247E-05 0.0683343 9.98247E-05 9.98247E-05 9.98247E-05 9.98247E-05 9.98247E-05 0.756261 9.98247E-05 9.98247E-05 9.98247E-05 9.98247E-05 9.98247E-05 0.150436 9.98247E-05 9.98247E-05 9.98247E-05 0.00428706 0.0186846
9.98335E-05 9.98335E-05 9.98335E-05 9.98335E-05 0.732149 0.0592962 0.0424189 9.98335E-05 0.119096 9.98335E-05 9.98335E-05 9.98335E-05 9.98335E-05 9.98335E-05 9.98335E-05 9.98335E-05 9.98335E-05 0.00646283 0.0386805 9.98335E-05 9.98335E-05 9.98335E-05 9.98335E-05 9.98335E-05 9.98335E-05
9.98421E-05 0.0548921 9.98421E-05 9.98421E-05 0.626543 0.0581563 9.98421E-05 0.00753876 9.98421E-05 9.98421E-05 9.98421E-05 9.98421E-05 9.98421E-05 0.127227 0.06639 0.0574552 9.98421E-05 9.98421E-05 9.98421E-05 9.98421E-05 9.98421E-05 9.98421E-05 9.98421E-05 9.98421E-05 9.98421E-05
9.98159E-05 0.00769248 9.98159E-05 9.98159E-05 9.98159E-05 9.98159E-05 9.98159E-05 0.0291476 9.98159E-05 9.98159E-05 9.98159E-05 9.98159E-05 0.169272 0.791791 9.98159E-05 9.98159E-05 9.98159E-05 9.98159E-05 9.98159E-05 9.98159E-05 9.98159E-05 9.98159E-05 9.98159E-05 9.98159E-05 9.98159E-05
9.98245E-05 9.98245E-05 0.0291437 9.98245E-05 0.658808 9.98245E-05 9.98245E-05 0.020402 9.98245E-05 9.98245E-05 9.98245E-05 9.98245E-05 9.98245E-05 0.282536 9.98245E-05 9.98245E-05 9.98245E-05 0.00711382 9.98245E-05 9.98245E-05 9.98245E-05 9.98245E-05 9.98245E-05 9.98245E-05 9.98245E-05
9.98332E-05 9.98332E-05 9.98332E-05 9.98332E-05 9.98332E-05 9.98332E-05 9.98332E-05 0.117085 9.98332E-05 9.98332E-05 0.00450736 0.154927 9.98332E-05 9.98332E-05 0.00144955 9.98332E-05 9.98332E-05 0.0106477 0.709487 9.98332E-05 9.98332E-05 9.98332E-05 9.98332E-05 9.98332E-05 9.98332E-05
9.97987E-05 9.97987E-05 9.97987E-05 9.97987E-05 9.97987E-05 9.97987E-05 9.97987E-05 9.97987E-05 9.97987E-05 9.97987E-05 9.97987E-05 9.97987E-05 0.0401042 9.97987E-05 9.97987E-05 9.97987E-05 9.97987E-05 9.97987E-05 0.9576 9.97987E-05 9.97987E-05 9.97987E-05 9.97987E-05 9.97987E-05 9.97987E-05
9.97983E-05 9.97983E-05 9.97983E-05 9.97983E-05 9.97983E-05 9.97983E-05 9.97983E-05 9.97983E-05 9.97983E-05 9.97983E-05 9.97983E-05 9.97983E-05 9.97983E-05 9.97983E-05 9.97983E-05 0.00590793 9.97983E-05 9.97983E-05 0.991797 9.97983E-05 9.97983E-05 9.97983E-05 9.97983E-05 9.97983E-05 9.97983E-05
9.98508E-05 9.98508E-05 0.0597175 9.98508E-05 9.98508E-05 9.98508E-05 9.98508E-05 0.0696497 0.10011 9.98508E-05 0.121085 0.0319516 9.98508E-05 9.98508E-05 0.204104 0.00433507 9.98508E-05 9.98508E-05 0.40735 9.98508E-05 9.98508E-05 9.98508E-05 9.98508E-05 9.98508E-05 9.98508E-05
9.98418E-05 0.132958 0.013246 9.98418E-05 9.98418E-05 9.98418E-05 0.0597715 0.0320176 9.98418E-05 9.98418E-05 0.0488211 9.98418E-05 9.98418E-05 9.98418E-05 9.98418E-05 0.0175631 9.98418E-05 9.98418E-05 0.693825 9.98418E-05 9.98418E-05 9.98418E-05 9.98418E-05 9.98418E-05 9.98418E-05
9.98154E-05 0.0820611 9.98154E-05 9.98154E-05 9.98154E-05 9.98154E-05 9.98154E-05 0.194642 9.98154E-05 9.98154E-05 0.0277957 9.98154E-05 9.98154E-05 9.98154E-05 9.98154E-05 9.98154E-05 9.98154E-05 9.98154E-05 0.693405 9.98154E-05 9.98154E-05 9.98154E-05 9.98154E-05 9.98154E-05 9.98154E-05
9.98243E-05 9.98243E-05 9.98243E-05 9.98243E-05 9.98243E-05 9.98243E-05 0.024048 0.140301 9.98243E-05 9.98243E-05 9.98243E-05 9.98243E-05 9.98243E-05 9.98243E-05 0.261698 9.98243E-05 9.98243E-05 9.98243E-05 0.55038 9.98243E-05 0.0215764 9.98243E-05 9.98243E-05 9.98243E-05 9.98243E-05
9.98418E-05 9.98418E-05 0.038165 9.98418E-05 9.98418E-05 9.98418E-05 9.98418E-05 0.0617657 0.1098 9.98418E-05 0.00849265 9.98418E-05 9.98418E-05 9.98418E-05 0.0287348 0.093335 9.98418E-05 9.98418E-05 0.65791 9.98418E-05 9.98418E-05 9.98418E-05 9.98418E-05 9.98418E-05 9.98418E-05
9.97983E-05 9.97983E-05 9.97983E-05 9.97983E-05 9.97983E-05 9.97983E-05 9.97983E-05 9.97983E-05 9.97983E-05 9.97983E-05 9.97983E-05 9.97983E-05 9.97983E-05 9.97983E-05 0.0153281 9.97983E-05 9.97983E-05 9.97983E-05 0.982377 9.97983E-05 9.97983E-05 9.97983E-05 9.97983E-05 9.97983E-05 9.97983E-05
9.97981E-05 9.97981E-05 9.97981E-05 9.97981E-05 9.97981E-05 9.97981E-05 9.97981E-05 9.97981E-05 9.97981E-05 9.97981E-05 9.97981E-05 9.97981E-05 9.97981E-05 9.97981E-05 9.97981E-05 9.97981E-05 9.97981E-05 0.0490866 0.948618 9.97981E-05 9.97981E-05 9.97981E-05 9.97981E-05 9.97981E-05 9.97981E-05
9.98242E-05 9.98242E-05 9.98242E-05 9.98242E-05 9.98242E-05 0.0324274 9.98242E-05 0.268994 9.98242E-05 9.98242E-05 0.0359574 9.98242E-05 9.98242E-05 9.98242E-05 9.98242E-05 9.98242E-05 9.98242E-05 0.176951 0.483674 9.98242E-05 9.98242E-05 9.98242E-05 9.98242E-05 9.98242E-05 9.98242E-05
9.9877E-05 0.176192 0.015454 9.9877E-05 9.9877E-05 0.0215886 9.9877E-05 0.0246658 9.9877E-05 0.063674 0.0523491 9.9877E-05 9.9877E-05 9.9877E-05 9.9877E-05 9.9877E-05 0.0714424 0.0333533 0.504717 0.0288356 9.9877E-05 9.9877E-05 0.00632998 9.9877E-05 9.9877E-05
9.98506E-05 9.98506E-05 9.98506E-05 9.98506E-05 9.98506E-05 0.02562 9.98506E-05 9.98506E-05 0.101774 9.98506E-05 0.14414 9.98506E-05 9.98506E-05 9.98506E-05 9.98506E-05 9.98506E-05 0.126598 0.0220009 0.470486 9.98506E-05 0.0667125 9.98506E-05 0.040971 9.98506E-05 9.98506E-05
9.98243E-05 0.179539 9.98243E-05 9.98243E-05 9.98243E-05 0.0130483 9.98243E-05 0.196748 9.98243E-05 9.98243E-05 9.98243E-05 9.98243E-05 9.98243E-05 9.98243E-05 0.0436502 9.98243E-05 9.98243E-05 9.98243E-05 0.565018 9.98243E-05 9.98243E-05 9.98243E-05 9.98243E-05 9.98243E-05 9.98243E-05
9.98424E-05 9.98424E-05 0.0212859 9.98424E-05 9.98424E-05 9.98424E-05 9.98424E-05 9.98424E-05 0.018636 9.98424E-05 9.98424E-05 9.98424E-05 9.98424E-05 9.98424E-05 9.98424E-05 9.98424E-05 9.98424E-05 0.0167421 0.870687 9.98424E-05 9.98424E-05 0.049731 0.00530203 0.0158191 9.98424E-05
0.00710744 9.98073E-05 9.98073E-05 9.98073E-05 9.98073E-05 9.98073E-05 9.98073E-05 9.98073E-05 9.98073E-05 9.98073E-05 0.0296188 9.98073E-05 9.98073E-05 9.98073E-05 9.98073E-05 9.98073E-05 9.98073E-05 9.98073E-05 0.961078 9.98073E-05 9.98073E-05 9.98073E-05 9.98073E-05 9.98073E-05 9.98073E-05
9.98242E-05 9.98242E-05 0.105361 9.98242E-05 9.98242E-05 0.0581322 9.98242E-05 9.98242E-05 0.0953562 9.98242E-05 9.98242E-05 9.98242E-05 9.98242E-05 9.98242E-05 9.98242E-05 0.061018 9.98242E-05 9.98242E-05 0.678136 9.98242E-05 9.98242E-05 9.98242E-05 9.98242E-05 9.98242E-05 9.98242E-05
9.98332E-05 0.130421 9.98332E-05 9.98332E-05 9.98332E-05 0.0279869 9.98332E-05 9.98332E-05 9.98332E-05 9.98332E-05 0.0465313 9.98332E-05 9.98332E-05 9.98332E-05 9.98332E-05 9.98332E-05 0.0765584 0.0933392 0.623266 9.98332E-05 9.98332E-05 9.98332E-05 9.98332E-05 9.98332E-05 9.98332E-05
9.98246E-05 9.98246E-05 9.98246E-05 9.98246E-05 9.98246E-05 0.0204152 9.98246E-05 9.98246E-05 9.98246E-05 9.98246E-05 0.0365519 9.98246E-05 9.98246E-05 9.98246E-05 9.98246E-05 0.0771075 9.98246E-05 0.0300631 0.833866 9.98246E-05 9.98246E-05 9.98246E-05 9.98246E-05 9.98246E-05 9.98246E-05
9.98154E-05 9.98154E-05 9.98154E-05 9.98154E-05 9.98154E-05 9.98154E-05 9.98154E-05 0.207693 9.98154E-05 9.98154E-05 9.98154E-05 9.98154E-05 9.98154E-05 9.98154E-05 9.98154E-05 9.98154E-05 9.98154E-05 9.98154E-05 0.58474 9.98154E-05 9.98154E-05 0.145075 0.0603961 9.98154E-05 9.98154E-05
0.0484029 9.98164E-05 9.98164E-05 9.98164E-05 9.98164E-05 9.98164E-05 9.98164E-05 0.0740436 9.98164E-05 9.98164E-05 9.98164E-05 9.98164E-05 9.98164E-05 9.98164E-05 9.98164E-05 9.98164E-05 9.98164E-05 9.98164E-05 0.84643 9.98164E-05 9.98164E-05 9.98164E-05 9.98164E-05 0.0290278 9.98164E-05
9.98155E-05 0.209584 9.98155E-05 9.98155E-05 9.98155E-05 9.98155E-05 9.98155E-05 0.0519236 0.0207095 9.98155E-05 9.98155E-05 9.98155E-05 9.98155E-05 9.98155E-05 9.98155E-05 9.98155E-05 9.98155E-05 9.98155E-05 0.715686 9.98155E-05 9.98155E-05 9.98155E-05 9.98155E-05 9.98155E-05 9.98155E-05
9.98597E-05 0.0204364 9.98597E-05 0.0434363 9.98597E-05 9.98597E-05 9.98597E-05 0.0307926 0.12945 9.98597E-05 9.98597E-05 0.0104357 9.98597E-05 9.98597E-05 0.0450029 9.98597E-05 9.98597E-05 0.025616 0.685535 9.98597E-05 9.98597E-05 0.0076979 9.98597E-05 9.98597E-05 9.98597E-05
9.9842E-05 9.9842E-05 0.0272986 9.9842E-05 9.9842E-05 0.1688 9.9842E-05 0.0533055 9.9842E-05 9.9842E-05 9.9842E-05 9.9842E-05 9.9842E-05 9.9842E-05 9.9842E-05 9.9842E-05 9.9842E-05 9.9842E-05 0.635661 9.9842E-05 0.0421192 0.0150889 9.9842E-05 9.9842E-05 0.0559293
9.98156E-05 9.98156E-05 9.98156E-05 9.98156E-05 9.98156E-05 9.98156E-05 9.98156E-05 9.98156E-05 9.98156E-05 0.0211532 9.98156E-05 9.98156E-05 9.98156E-05 9.98156E-05 9.98156E-05 9.98156E-05 0.100191 0.0328106 0.843749 9.98156E-05 9.98156E-05 9.98156E-05 9.98156E-05 9.98156E-05 9.98156E-05
0.0245813 9.98248E-05 9.98248E-05 9.98248E-05 9.98248E-05 9.98248E-05 9.98248E-05 0.00471424 9.98248E-05 9.98248E-05 9.98248E-05 9.98248E-05 9.98248E-05 0.0524939 0.0253483 9.98248E-05 9.98248E-05 9.98248E-05 0.890866 9.98248E-05 9.98248E-05 9.98248E-05 9.98248E-05 9.98248E-05 9.98248E-05
9.97899E-05 9.97899E-05 9.97899E-05 9.97899E-05 9.97899E-05 9.97899E-05 9.97899E-05 9.97899E-05 9.97899E-05 9.97899E-05 9.97899E-05 9.97899E-05 9.97899E-05 9.97899E-05 9.97899E-05 9.97899E-05 9.97899E-05 9.97899E-05 0.997605 9.97899E-05 9.97899E-05 9.97899E-05 9.97899E-05 9.97899E-05 9.97899E-05
9.97897E-05 9.97897E-05 9.97897E-05 9.97897E-05 9.97897E-05 9.97897E-05 9.97897E-05 9.97897E-05 9.97897E-05 9.97897E-05 9.97897E-05 9.97897E-05 9.97897E-05 9.97897E-05 9.97897E-05 9.97897E-05 9.97897E-05 9.97897E-05 0.997605 9.97897E-05 9.97897E-05 9.97897E-05 9.97897E-05 9.97897E-05 9.97897E-05
9.97983E-05 9.97983E-05 9.97983E-05 9.97983E-05 9.97983E-05 9.97983E-05 9.97983E-05 9.97983E-05 9.97983E-05 9.97983E-05 9.97983E-05 9.97983E-05 9.97983E-05 9.97983E-05 9.97983E-05 0.0926655 9.97983E-05 9.97983E-05 0.905039 9.97983E-05 9.97983E-05 9.97983E-05 9.97983E-05 9.97983E-05 9.97983E-05
9.98246E-05 9.98246E-05 9.98246E-05 0.283402 9.98246E-05 9.98246E-05 9.98246E-05 0.100844 9.98246E-05 9.98246E-05 0.0425645 9.98246E-05 9.98246E-05 9.98246E-05 9.98246E-05 9.98246E-05 9.98246E-05 9.98246E-05 0.47541 9.98246E-05 9.98246E-05 0.0957827 9.98246E-05 9.98246E-05 9.98246E-05
9.98071E-05 9.98071E-05 9.98071E-05 9.98071E-05 9.98071E-05 9.98071E-05 9.98071E-05 0.0441015 0.848056 9.98071E-05 0.105647 9.98071E-05 9.98071E-05 9.98071E-05 9.98071E-05 9.98071E-05 9.98071E-05 9.98071E-05 9.98071E-05 9.98071E-05 9.98071E-05 9.98071E-05 9.98071E-05 9.98071E-05 9.98071E-05
0.4124 9.98334E-05 9.98334E-05 0.0315117 9.98334E-05 9.98334E-05 9.98334E-05 0.101692 0.25006 9.98334E-05 0.0385588 0.163881 9.98334E-05 9.98334E-05 9.98334E-05 9.98334E-05 9.98334E-05 9.98334E-05 9.98334E-05 9.98334E-05 9.98334E-05 9.98334E-05 9.98334E-05 9.98334E-05 9.98334E-05
9.98243E-05 9.98243E-05 9.98243E-05 9.98243E-05 9.98243E-05 9.98243E-05 9.98243E-05 0.0966742 0.50254 9.98243E-05 9.98243E-05 0.362054 9.98243E-05 9.98243E-05 9.98243E-05 0.000819728 9.98243E-05 9.98243E-05 9.98243E-05 9.98243E-05 9.98243E-05 9.98243E-05 9.98243E-05 0.0359154 9.98243E-05
9.98331E-05 9.98331E-05 9.98331E-05 9.98331E-05 9.98331E-05 9.98331E-05 9.98331E-05 0.105429 0.648128 9.98331E-05 0.00618725 0.173064 9.98331E-05 9.98331E-05 9.98331E-05 0.0523067 9.98331E-05 0.0129875 9.98331E-05 9.98331E-05 9.98331E-05 9.98331E-05 9.98331E-05 9.98331E-05 9.98331E-05
9.98157E-05 9.98157E-05 9.98157E-05 9.98157E-05 9.98157E-05 9.98157E-05 9.98157E-05 9.98157E-05 0.972993 9.98157E-05 0.00872581 9.98157E-05 9.98157E-05 9.98157E-05 9.98157E-05 9.98157E-05 0.0043455 9.98157E-05 9.98157E-05 9.98157E-05 9.98157E-05 9.98157E-05 9.98157E-05 9.98157E-05 0.0118394
9.98334E-05 9.98334E-05 9.98334E-05 0.0202113 9.98334E-05 9.98334E-05 9.98334E-05 0.134835 0.642742 9.98334E-05 0.111376 9.98334E-05 0.0285998 9.98334E-05 0.0603386 9.98334E-05 9.98334E-05 9.98334E-05 9.98334E-05 9.98334E-05 9.98334E-05 9.98334E-05 9.98334E-05 9.98334E-05 9.98334E-05
9.98507E-05 9.98507E-05 9.98507E-05 9.98507E-05 9.98507E-05 9.98507E-05 9.98507E-05 0.0207853 0.0461983 9.98507E-05 0.0283162 0.803838 9.98507E-05 9.98507E-05 9.98507E-05 0.0236126 0.0581455 0.00111559 9.98507E-05 9.98507E-05 9.98507E-05 9.98507E-05 9.98507E-05 0.0162906 9.98507E-05
9.9807E-05 9.9807E-05 9.9807E-05 9.9807E-05 9.9807E-05 9.9807E-05 9.9807E-05 9.9807E-05 0.50353 9.9807E-05 0.198297 0.295977 9.9807E-05 9.9807E-05 9.9807E-05 9.9807E-05 9.9807E-05 9.9807E-05 9.9807E-05 9.9807E-05 9.9807E-05 9.9807E-05 9.9807E-05 9.9807E-05 9.9807E-05
9.98419E-05 9.98419E-05 9.98419E-05 9.98419E-05 9.98419E-05 9.98419E-05 9.98419E-05 9.98419E-05 0.20468 9.98419E-05 0.304226 0.252801 9.98419E-05 9.98419E-05 0.148225 9.98419E-05 0.0083774 9.98419E-05 9.98419E-05 0.016253 9.98419E-05 0.0636399 9.98419E-05 9.98419E-05 9.98419E-05
9.98243E-05 9.98243E-05 9.98243E-05 9.98243E-05 9.98243E-05 9.98243E-05 9.98243E-05 0.152911 0.16749 9.98243E-05 0.162797 0.47426 9.98243E-05 9.98243E-05 9.98243E-05 9.98243E-05 0.0405455 9.98243E-05 9.98243E-05 9.98243E-05 9.98243E-05 9.98243E-05 9.98243E-05 9.98243E-05 9.98243E-05
0.302097 9.98245E-05 9.98245E-05 9.98245E-05 9.98245E-05 9.98245E-05 9.98245E-05 9.98245E-05 0.303964 9.98245E-05 0.0260831 0.159719 9.98245E-05 9.98245E-05 0.20614 9.98245E-05 9.98245E-05 9.98245E-05 9.98245E-05 9.98245E-05 9.98245E-05 9.98245E-05 9.98245E-05 9.98245E-05 9.98245E-05
0.196521 9.98159E-05 9.98159E-05 9.98159E-05 9.98159E-05 9.98159E-05 0.0218437 9.98159E-05 0.696638 9.98159E-05 9.98159E-05 9.98159E-05 9.98159E-05 9.98159E-05 0.0829013 9.98159E-05 9.98159E-05 9.98159E-05 9.98159E-05 9.98159E-05 9.98159E-05 9.98159E-05 9.98159E-05 9.98159E-05 9.98159E-05
9.98071E-05 9.98071E-05 9.98071E-05 9.98071E-05 9.98071E-05 9.98071E-05 9.98071E-05 9.98071E-05 0.266279 9.98071E-05 0.00429457 0.72723 9.98071E-05 9.98071E-05 9.98071E-05 9.98071E-05 9.98071E-05 9.98071E-05 9.98071E-05 9.98071E-05 9.98071E-05 9.98071E-05 9.98071E-05 9.98071E-05 9.98071E-05
9.98335E-05 9.98335E-05 9.98335E-05 0.0165145 9.98335E-05 9.98335E-05 9.98335E-05 0.147292 0.395491 9.98335E-05 0.114635 0.321532 9.98335E-05 9.98335E-05 9.98335E-05 9.98335E-05 9.98335E-05 0.00263843 9.98335E-05 9.98335E-05 9.98335E-05 9.98335E-05 9.98335E-05 9.98335E-05 9.98335E-05
9.9851E-05 9.9851E-05 9.9851E-05 0.129088 9.9851E-05 9.9851E-05 9.9851E-05 9.9851E-05 0.594814 9.9851E-05 0.143779 9.9851E-05 9.9851E-05 9.9851E-05 9.9851E-05 0.0389161 0.0261442 0.0508927 9.9851E-05 9.9851E-05 9.9851E-05 9.9851E-05 0.00914911 0.00552005 9.9851E-05
9.98422E-05 9.98422E-05 9.98422E-05 0.0433629 9.98422E-05 9.98422E-05 9.98422E-05 0.0240946 0.613324 9.98422E-05 9.98422E-05 9.98422E-05 0.131868 9.98422E-05 0.0586431 9.98422E-05 9.98422E-05 0.0505011 9.98422E-05 9.98422E-05 9.98422E-05 0.0764095 9.98422E-05 9.98422E-05 9.98422E-05
0.00568941 9.98421E-05 9.98421E-05 9.98421E-05 9.98421E-05 9.98421E-05 0.0377784 0.0778655 0.55773 0.0304384 9.98421E-05 0.0947703 9.98421E-05 9.98421E-05 0.193931 9.98421E-05 9.98421E-05 9.98421E-05 9.98421E-05 9.98421E-05 9.98421E-05 9.98421E-05 9.98421E-05 9.98421E-05 9.98421E-05
9.98511E-05 0.0836161 0.00418838 9.98511E-05 9.98511E-05 9.98511E-05 9.98511E-05 9.98511E-05 0.653966 9.98511E-05 0.0871292 0.130528 0.0274309 9.98511E-05 9.98511E-05 9.98511E-05 9.98511E-05 0.00392434 9.98511E-05 9.98511E-05 9.98511E-05 9.98511E-05 9.98511E-05 0.0075202 9.98511E-05
0.0547315 0.0231347 9.98159E-05 9.98159E-05 9.98159E-05 9.98159E-05 9.98159E-05 9.98159E-05 0.870197 9.98159E-05 9.98159E-05 9.98159E-05 9.98159E-05 9.98159E-05 9.98159E-05 9.98159E-05 9.98159E-05 0.0498406 9.98159E-05 9.98159E-05 9.98159E-05 9.98159E-05 9.98159E-05 9.98159E-05 9.98159E-05
0.346239 9.98333E-05 9.98333E-05 9.98333E-05 9.98333E-05 9.98333E-05 0.0470532 0.0871903 0.387799 0.053867 0.0759546 9.98333E-05 9.98333E-05 9.98333E-05 9.98333E-05 9.98333E-05 9.98333E-05 9.98333E-05 9.98333E-05 9.98333E-05 9.98333E-05 9.98333E-05 9.98333E-05 9.98333E-05 9.98333E-05
0.0153761 9.98246E-05 9.98246E-05 0.0665546 9.98246E-05 9.98246E-05 9.98246E-05 0.0920715 0.711604 9.98246E-05 9.98246E-05 9.98246E-05 9.98246E-05 9.98246E-05 0.112398 9.98246E-05 9.98246E-05 9.98246E-05 9.98246E-05 9.98246E-05 9.98246E-05 9.98246E-05 9.98246E-05 9.98246E-05 9.98246E-05
9.97897E-05 9.97897E-05 9.97897E-05 9.97897E-05 9.97897E-05 9.97897E-05 9.97897E-05 9.97897E-05 0.997605 9.97897E-05 9.97897E-05 9.97897E-05 9.97897E-05 9.97897E-05 9.97897E-05 9.97897E-05 9.97897E-05 9.97897E-05 9.97897E-05 9.97897E-05 9.97897E-05 9.97897E-05 9.97897E-05 9.97897E-05 9.97897E-05
9.98245E-05 9.98245E-05 9.98245E-05 9.98245E-05 9.98245E-05 9.98245E-05 0.0342755 0.214088 0.518987 9.98245E-05 0.220259 9.98245E-05 9.98245E-05 9.98245E-05 0.0103935 9.98245E-05 9.98245E-05 9.98245E-05 9.98245E-05 9.98245E-05 9.98245E-05 9.98245E-05 9.98245E-05 9.98245E-05 9.98245E-05
9.98422E-05 9.98422E-05 9.98422E-05 0.189365 9.98422E-05 9.98422E-05 9.98422E-05 0.0328556 0.478579 9.98422E-05 0.122018 0.122605 9.98422E-05 9.98422E-05 9.98422E-05 9.98422E-05 9.98422E-05 9.98422E-05 9.98422E-05 0.0480568 9.98422E-05 9.98422E-05 9.98422E-05 0.0047237 9.98422E-05
9.98245E-05 9.98245E-05 9.98245E-05 9.98245E-05 9.98245E-05 9.98245E-05 0.0420997 0.277063 0.455621 9.98245E-05 0.219549 9.98245E-05 9.98245E-05 9.98245E-05 0.00367109 9.98245E-05 9.98245E-05 9.98245E-05 9.98245E-05 9.98245E-05 9.98245E-05 9.98245E-05 9.98245E-05 9.98245E-05 9.98245E-05
9.98157E-05 9.98157E-05 9.98157E-05 9.98157E-05 9.98157E-05 9.98157E-05 9.98157E-05 0.0656752 9.98157E-05 9.98157E-05 0.0853586 0.733157 9.98157E-05 9.98157E-05 0.113713 9.98157E-05 9.98157E-05 9.98157E-05 9.98157E-05 9.98157E-05 9.98157E-05 9.98157E-05 9.98157E-05 9.98157E-05 9.98157E-05
0.734802 9.98246E-05 9.98246E-05 9.98246E-05 9.98246E-05 9.98246E-05 9.98246E-05 0.0103869 0.106974 9.98246E-05 9.98246E-05 9.98246E-05 9.98246E-05 9.98246E-05 9.98246E-05 9.98246E-05 9.98246E-05 9.98246E-05 9.98246E-05 9.98246E-05 9.98246E-05 9.98246E-05 9.98246E-05 0.0312606 0.11458
9.98243E-05 9.98243E-05 9.98243E-05 9.98243E-05 9.98243E-05 0.0113566 9.98243E-05 0.0811599 0.879554 9.98243E-05 0.00803262 0.0179007 9.98243E-05 9.98243E-05 9.98243E-05 9.98243E-05 9.98243E-05 9.98243E-05 9.98243E-05 9.98243E-05 9.98243E-05 9.98243E-05 9.98243E-05 9.98243E-05 9.98243E-05
9.98072E-05 9.98072E-05 9.98072E-05 9.98072E-05 9.98072E-05 9.98072E-05 9.98072E-05 0.14269 0.703437 9.98072E-05 0.151678 9.98072E-05 9.98072E-05 9.98072E-05 9.98072E-05 9.98072E-05 9.98072E-05 9.98072E-05 9.98072E-05 9.98072E-05 9.98072E-05 9.98072E-05 9.98072E-05 9.98072E-05 9.98072E-05
9.98334E-05 9.98334E-05 9.98334E-05 0.239635 9.98334E-05 9.98334E-05 0.0491835 0.0452109 0.617561 9.98334E-05 9.98334E-05 9.98334E-05 9.98334E-05 9.98334E-05 9.98334E-05 9.98334E-05 9.98334E-05 0.0270734 9.98334E-05 9.98334E-05 9.98334E-05 9.98334E-05 9.98334E-05 0.0194396 9.98334E-05
9.98332E-05 9.98332E-05 9.98332E-05 9.98332E-05 9.98332E-05 9.98332E-05 9.98332E-05 0.115116 0.216189 9.98332E-05 9.98332E-05 0.587162 9.98332E-05 9.98332E-05 9.98332E-05 9.98332E-05 9.98332E-05 0.026128 9.98332E-05 9.98332E-05 0.0324782 9.98332E-05 0.0210295 9.98332E-05 9.98332E-05
9.98244E-05 9.98244E-05 9.98244E-05 0.0573233 9.98244E-05 9.98244E-05 0.0479752 0.00444876 0.419589 9.98244E-05 9.98244E-05 0.468667 9.98244E-05 9.98244E-05 9.98244E-05 9.98244E-05 9.98244E-05 9.98244E-05 9.98244E-05 9.98244E-05 9.98244E-05 9.98244E-05 9.98244E-05 9.98244E-05 9.98244E-05
9.98244E-05 9.98244E-05 9.98244E-05 9.98244E-05 9.98244E-05 9.98244E-05 0.161906 0.109015 0.293032 9.98244E-05 0.321466 9.98244E-05 9.98244E-05 9.98244E-05 9.98244E-05 9.98244E-05 9.98244E-05 9.98244E-05 9.98244E-05 9.98244E-05 9.98244E-05 9.98244E-05 9.98244E-05 0.112584 9.98244E-05
9.98332E-05 0.0453831 9.98332E-05 9.98332E-05 9.98332E-05 9.98332E-05 9.98332E-05 9.98332E-05 0.761509 0.0807605 0.00584982 0.0649408 9.98332E-05 9.98332E-05 9.98332E-05 9.98332E-05 9.98332E-05 0.0396602 9.98332E-05 9.98332E-05 9.98332E-05 9.98332E-05 9.98332E-05 9.98332E-05 9.98332E-05
9.98157E-05 9.98157E-05 9.98157E-05 9.98157E-05 9.98157E-05 9.98157E-05 9.98157E-05 0.0193725 0.465001 9.98157E-05 9.98157E-05 0.500319 0.013211 9.98157E-05 9.98157E-05 9.98157E-05 9.98157E-05 9.98157E-05 9.98157E-05 9.98157E-05 9.98157E-05 9.98157E-05 9.98157E-05 9.98157E-05 9.98157E-05
0.151667 9.98331E-05 9.98331E-05 9.98331E-05 9.98331E-05 9.98331E-05 9.98331E-05 9.98331E-05 0.516422 9.98331E-05 9.98331E-05 0.127148 0.0535958 9.98331E-05 9.98331E-05 9.98331E-05 9.98331E-05 0.0125895 9.98331E-05 9.98331E-05 9.98331E-05 0.136681 9.98331E-05 9.98331E-05 9.98331E-05
9.98245E-05 9.98245E-05 9.98245E-05 9.98245E-05 9.98245E-05 9.98245E-05 9.98245E-05 0.203937 0.693228 9.98245E-05 0.0659093 0.00655333 9.98245E-05 9.98245E-05 9.98245E-05 9.98245E-05 0.028376 9.98245E-05 9.98245E-05 9.98245E-05 9.98245E-05 9.98245E-05 9.98245E-05 9.98245E-05 9.98245E-05
9.98157E-05 9.98157E-05 9.98157E-05 0.750095 9.98157E-05 9.98157E-05 9.98157E-05 9.98157E-05 9.98157E-05 9.98157E-05 0.111556 9.98157E-05 0.0661118 9.98157E-05 9.98157E-05 9.98157E-05 9.98157E-05 9.98157E-05 9.98157E-05 9.98157E-05 0.0701414 9.98157E-05 9.98157E-05 9.98157E-05 9.98157E-05
9.98245E-05 9.98245E-05 9.98245E-05 0.419347 9.98245E-05 9.98245E-05 0.0137327 0.0750225 0.474464 9.98245E-05 9.98245E-05 9.98245E-05 9.98245E-05 9.98245E-05 9.98245E-05 9.98245E-05 0.0154369 9.98245E-05 9.98245E-05 9.98245E-05 9.98245E-05 9.98245E-05 9.98245E-05 9.98245E-05 9.98245E-05
9.98158E-05 9.98158E-05 9.98158E-05 0.401711 9.98158E-05 9.98158E-05 9.98158E-05 9.98158E-05 0.0773553 9.98158E-05 9.98158E-05 0.504859 9.98158E-05 9.98158E-05 9.98158E-05 9.98158E-05 9.98158E-05 9.98158E-05 9.98158E-05 9.98158E-05 9.98158E-05 9.98158E-05 9.98158E-05 0.0139781 9.98158E-05
9.98246E-05 9.98246E-05 9.98246E-05 0.472974 9.98246E-05 9.98246E-05 9.98246E-05 9.98246E-05 0.221142 9.98246E-05 9.98246E-05 0.261208 0.0284773 9.98246E-05 9.98246E-05 0.0142013 9.98246E-05 9.98246E-05 9.98246E-05 9.98246E-05 9.98246E-05 9.98246E-05 9.98246E-05 9.98246E-05 9.98246E-05
9.98333E-05 9.98333E-05 9.98333E-05 9.98333E-05 9.98333E-05 9.98333E-05 9.98333E-05 0.281128 0.505091 9.98333E-05 0.132542 9.98333E-05 9.98333E-05 9.98333E-05 0.0246842 9.98333E-05 9.98333E-05 0.0422325 9.98333E-05 9.98333E-05 0.0124258 9.98333E-05 9.98333E-05 9.98333E-05 9.98333E-05
9.98246E-05 0.0146784 9.98246E-05 9.98246E-05 9.98246E-05 9.98246E-05 9.98246E-05 9.98246E-05 0.708596 0.148777 0.0741329 0.0518182 9.98246E-05 9.98246E-05 9.98246E-05 9.98246E-05 9.98246E-05 9.98246E-05 9.98246E-05 9.98246E-05 9.98246E-05 9.98246E-05 9.98246E-05 9.98246E-05 9.98246E-05
0.655789 9.98246E-05 9.98246E-05 9.98246E-05 9.98246E-05 9.98246E-05 0.0641858 0.0063613 0.134126 9.98246E-05 0.137541 9.98246E-05 9.98246E-05 9.98246E-05 9.98246E-05 9.98246E-05 9.98246E-05 9.98246E-05 9.98246E-05 9.98246E-05 9.98246E-05 9.98246E-05 9.98246E-05 9.98246E-05 9.98246E-05
0.36499 9.97982E-05 9.97982E-05 9.97982E-05 9.97982E-05 9.97982E-05 9.97982E-05 9.97982E-05 9.97982E-05 9.97982E-05 9.97982E-05 0.632715 9.97982E-05 9.97982E-05 9.97982E-05 9.97982E-05 9.97982E-05 9.97982E-05 9.97982E-05 9.97982E-05 9.97982E-05 9.97982E-05 9.97982E-05 9.97982E-05 9.97982E-05
9.98245E-05 0.0316883 9.98245E-05 9.98245E-05 9.98245E-05 9.98245E-05 0.0960213 9.98245E-05 0.56175 9.98245E-05 0.156641 9.98245E-05 9.98245E-05 9.98245E-05 0.151903 9.98245E-05 9.98245E-05 9.98245E-05 9.98245E-05 9.98245E-05 9.98245E-05 9.98245E-05 9.98245E-05 9.98245E-05 9.98245E-05
9.98333E-05 9.98333E-05 9.98333E-05 9.98333E-05 9.98333E-05 9.98333E-05 9.98333E-05 0.125562 0.144033 9.98333E-05 0.0559302 0.574745 9.98333E-05 9.98333E-05 9.98333E-05 9.98333E-05 0.00450756 9.98333E-05 0.0933247 9.98333E-05 9.98333E-05 9.98333E-05 9.98333E-05 9.98333E-05 9.98333E-05
9.98511E-05 9.98511E-05 9.98511E-05 9.98511E-05 9.98511E-05 9.98511E-05 9.98511E-05 0.0352334 0.253647 9.98511E-05 0.0944436 0.301084 9.98511E-05 9.98511E-05 0.152348 9.98511E-05 0.126897 9.98511E-05 9.98511E-05 9.98511E-05 9.98511E-05 9.98511E-05 9.98511E-05 0.00694934 0.0277
9.98247E-05 0.101187 9.98247E-05 9.98247E-05 9.98247E-05 9.98247E-05 9.98247E-05 0.206213 0.480369 9.98247E-05 0.199703 9.98247E-05 9.98247E-05 9.98247E-05 9.98247E-05 9.98247E-05 9.98247E-05 9.98247E-05 0.0105319 9.98247E-05 9.98247E-05 9.98247E-05 9.98247E-05 9.98247E-05 9.98247E-05
9.98155E-05 9.98155E-05 9.98155E-05 0.860503 9.98155E-05 9.98155E-05 9.98155E-05 9.98155E-05 0.0860688 9.98155E-05 9.98155E-05 0.0418857 9.98155E-05 9.98155E-05 9.98155E-05 9.98155E-05 9.98155E-05 9.98155E-05 9.98155E-05 9.98155E-05 9.98155E-05 9.98155E-05 9.98155E-05 0.0094466 9.98155E-05
9.98157E-05 9.98157E-05 0.0722268 9.98157E-05 9.98157E-05 9.98157E-05 9.98157E-05 0.0573959 0.705293 9.98157E-05 9.98157E-05 9.98157E-05 0.162988 9.98157E-05 9.98157E-05 9.98157E-05 9.98157E-05 9.98157E-05 9.98157E-05 9.98157E-05 9.98157E-05 9.98157E-05 9.98157E-05 9.98157E-05 9.98157E-05
