0.102415 9.99034E-05 9.99034E-05 9.99034E-05 9.99034E-05 0.425982 9.99034E-05 0.0474046 0.151031 9.99034E-05 9.99034E-05 9.99034E-05 0.115758 9.99034E-05 0.128214 0.0280967 9.99034E-05 9.99034E-05
9.98947E-05 9.98947E-05 9.98947E-05 9.98947E-05 9.98947E-05 0.527185 0.216915 9.98947E-05 9.98947E-05 0.0628252 0.00331339 9.98947E-05 0.0689068 9.98947E-05 0.119656 9.98947E-05 9.98947E-05 9.98947E-05
0.00592369 9.99034E-05 9.99034E-05 9.99034E-05 9.99034E-05 0.65685 0.193635 0.00414257 0.0464012 9.99034E-05 9.99034E-05 9.99034E-05 9.99034E-05 0.0734739 9.99034E-05 9.99034E-05 9.99034E-05 0.0184745
9.99034E-05 9.99034E-05 0.169388 0.208495 0.0155662 9.99034E-05 0.373236 0.059351 0.111937 9.99034E-05 0.0609283 9.99034E-05 9.99034E-05 9.99034E-05 9.99034E-05 9.99034E-05 9.99034E-05 9.99034E-05
9.98771E-05 9.98771E-05 9.98771E-05 9.98771E-05 9.98771E-05 0.682183 0.168056 9.98771E-05 9.98771E-05 9.98771E-05 9.98771E-05 9.98771E-05 0.0137234 0.134639 9.98771E-05 9.98771E-05 9.98771E-05 9.98771E-05
9.99001E-05 0.146596 0.157235 9.99001E-05 0.123873 0.0335042 0.233451 9.99001E-05 9.99001E-05 9.99001E-05 9.99001E-05 9.99001E-05 0.0285161 0.0412334 0.234592 9.99001E-05 9.99001E-05 9.99001E-05
0.0112827 9.9921E-05 9.9921E-05 0.210508 9.9921E-05 0.183645 0.106165 0.080786 0.220279 9.9921E-05 9.9921E-05 9.9921E-05 0.0330423 9.9921E-05 0.102268 0.0511262 9.9921E-05 9.9921E-05
9.99298E-05 0.0238192 0.0101038 9.99298E-05 0.137704 9.99298E-05 0.303802 0.0269314 0.177893 9.99298E-05 9.99298E-05 0.0670505 9.99298E-05 0.0531905 0.0654393 9.99298E-05 9.99298E-05 0.133266
0.172486 9.99122E-05 9.99122E-05 9.99122E-05 0.249694 0.190247 0.117792 9.99122E-05 0.0133838 9.99122E-05 0.0163026 9.99122E-05 9.99122E-05 9.99122E-05 0.0192483 0.219847 9.99122E-05 9.99122E-05
0.0102548 9.98684E-05 9.98684E-05 9.98684E-05 9.98684E-05 0.942676 9.98684E-05 9.98684E-05 9.98684E-05 9.98684E-05 9.98684E-05 9.98684E-05 9.98684E-05 9.98684E-05 9.98684E-05 0.045571 9.98684E-05 9.98684E-05
0.147215 9.98947E-05 9.98947E-05 9.98947E-05 9.98947E-05 0.315282 0.143429 0.127808 0.117632 9.98947E-05 9.98947E-05 9.98947E-05 9.98947E-05 9.98947E-05 0.147436 9.98947E-05 9.98947E-05 9.98947E-05
9.98771E-05 0.00560399 9.98771E-05 9.98771E-05 9.98771E-05 0.338841 0.638914 9.98771E-05 9.98771E-05 9.98771E-05 9.98771E-05 9.98771E-05 9.98771E-05 9.98771E-05 0.0152423 9.98771E-05 9.98771E-05 9.98771E-05
0.0705895 9.98683E-05 9.98683E-05 9.98683E-05 9.98683E-05 0.905151 9.98683E-05 9.98683E-05 0.0227612 9.98683E-05 9.98683E-05 9.98683E-05 9.98683E-05 9.98683E-05 9.98683E-05 9.98683E-05 9.98683E-05 9.98683E-05
0.068309 9.9886E-05 0.0720782 9.9886E-05 9.9886E-05 0.0119222 0.831778 9.9886E-05 9.9886E-05 9.9886E-05 9.9886E-05 9.9886E-05 0.0146141 9.9886E-05 9.9886E-05 9.9886E-05 9.9886E-05 9.9886E-05
0.110712 9.99122E-05 0.0817933 0.0899097 0.085073 0.339196 9.99122E-05 9.99122E-05 9.99122E-05 9.99122E-05 0.0253146 9.99122E-05 9.99122E-05 9.99122E-05 0.17468 0.0923226 9.99122E-05 9.99122E-05
0.0816913 9.99386E-05 0.152779 0.0816471 0.170354 0.130962 0.0880001 9.99386E-05 0.067675 9.99386E-05 0.044803 0.00947725 9.99386E-05 9.99386E-05 0.153625 9.99386E-05 9.99386E-05 0.0182862
0.0522543 9.99035E-05 9.99035E-05 0.0983933 9.99035E-05 0.563422 9.99035E-05 0.0438473 9.99035E-05 9.99035E-05 9.99035E-05 9.99035E-05 0.0804152 9.99035E-05 9.99035E-05 9.99035E-05 0.150452 0.0101177
0.107701 9.99122E-05 9.99122E-05 9.99122E-05 0.0200963 9.99122E-05 0.144985 9.99122E-05 0.159158 9.99122E-05 0.115285 0.172729 9.99122E-05 9.99122E-05 0.265193 0.0138545 9.99122E-05 9.99122E-05
0.128303 0.223874 9.99034E-05 9.99034E-05 0.0760431 0.324256 0.030306 9.99034E-05 0.188859 9.99034E-05 9.99034E-05 0.0272591 9.99034E-05 9.99034E-05 9.99034E-05 9.99034E-05 9.99034E-05 9.99034E-05
9.98597E-05 9.98597E-05 9.98597E-05 9.98597E-05 9.98597E-05 0.946251 9.98597E-05 9.98597E-05 9.98597E-05 9.98597E-05 0.0521517 9.98597E-05 9.98597E-05 9.98597E-05 9.98597E-05 9.98597E-05 9.98597E-05 9.98597E-05
9.9921E-05 9.9921E-05 9.9921E-05 0.170057 0.102532 0.0938097 0.407941 0.0357999 0.0265955 9.9921E-05 0.0258015 9.9921E-05 9.9921E-05 0.0703344 9.9921E-05 0.0662295 9.9921E-05 9.9921E-05
9.99211E-05 0.0873383 9.99211E-05 9.99211E-05 0.128173 0.243056 0.000130538 9.99211E-05 0.283715 0.0805053 9.99211E-05 0.00941941 9.99211E-05 0.136466 9.99211E-05 0.0302973 9.99211E-05 9.99211E-05
0.0140493 9.99035E-05 0.0742361 9.99035E-05 9.99035E-05 0.63125 9.99035E-05 0.0824348 9.99035E-05 0.0159853 9.99035E-05 9.99035E-05 0.0511363 9.99035E-05 0.129809 9.99035E-05 9.99035E-05 9.99035E-05
0.292736 9.98948E-05 9.98948E-05 9.98948E-05 9.98948E-05 0.344872 9.98948E-05 9.98948E-05 0.243109 9.98948E-05 9.98948E-05 9.98948E-05 9.98948E-05 9.98948E-05 0.00642973 0.0944327 9.98948E-05 0.0172221
0.244784 9.98946E-05 0.182848 9.98946E-05 9.98946E-05 9.98946E-05 0.349139 0.0976632 0.0461001 9.98946E-05 0.0782673 9.98946E-05 9.98946E-05 9.98946E-05 9.98946E-05 9.98946E-05 9.98946E-05 9.98946E-05
0.0653508 9.9886E-05 0.182404 0.111832 9.9886E-05 0.622552 9.9886E-05 9.9886E-05 0.0165628 9.9886E-05 9.9886E-05 9.9886E-05 9.9886E-05 9.9886E-05 9.9886E-05 9.9886E-05 9.9886E-05 9.9886E-05
9.99034E-05 9.99034E-05 0.315924 0.00351169 9.99034E-05 0.0203441 9.99034E-05 9.99034E-05 0.225017 0.282649 9.99034E-05 0.142367 9.99034E-05 9.99034E-05 9.99034E-05 9.99034E-05 9.99034E-05 0.00908816
0.0218157 0.0173326 0.00332118 0.0591575 9.98947E-05 0.822061 9.98947E-05 9.98947E-05 0.0751129 9.98947E-05 9.98947E-05 9.98947E-05 9.98947E-05 9.98947E-05 9.98947E-05 9.98947E-05 9.98947E-05 9.98947E-05
0.135607 9.99122E-05 0.024325 9.99122E-05 9.99122E-05 0.578258 9.99122E-05 9.99122E-05 0.0657905 0.131357 0.0287 9.99122E-05 9.99122E-05 9.99122E-05 0.00613913 0.0288239 9.99122E-05 9.99122E-05
0.13347 9.98772E-05 9.98772E-05 9.98772E-05 9.98772E-05 0.743794 9.98772E-05 9.98772E-05 9.98772E-05 9.98772E-05 9.98772E-05 0.0487245 9.98772E-05 9.98772E-05 9.98772E-05 9.98772E-05 0.072614 9.98772E-05
0.0137081 0.0658439 9.99121E-05 9.99121E-05 0.0180096 0.725571 9.99121E-05 0.095973 9.99121E-05 0.0144591 0.00751765 9.99121E-05 9.99121E-05 9.99121E-05 0.0579183 9.99121E-05 9.99121E-05 9.99121E-05
0.057718 0.0300354 0.208635 0.0131411 9.99211E-05 0.3318 0.259921 0.0446443 0.0116791 0.0415269 9.99211E-05 9.99211E-05 9.99211E-05 9.99211E-05 9.99211E-05 9.99211E-05 9.99211E-05 9.99211E-05
0.203382 9.9877E-05 9.9877E-05 9.9877E-05 9.9877E-05 9.9877E-05 0.593046 0.0630725 0.139102 9.9877E-05 9.9877E-05 9.9877E-05 9.9877E-05 9.9877E-05 9.9877E-05 9.9877E-05 9.9877E-05 9.9877E-05
0.132112 9.98946E-05 0.0505702 0.00281744 9.98946E-05 9.98946E-05 0.675266 9.98946E-05 0.127282 9.98946E-05 9.98946E-05 0.0107537 9.98946E-05 9.98946E-05 9.98946E-05 9.98946E-05 9.98946E-05 9.98946E-05
9.9886E-05 0.0484707 9.9886E-05 9.9886E-05 9.9886E-05 0.826646 9.9886E-05 9.9886E-05 9.9886E-05 0.0124664 0.0932736 9.9886E-05 0.0178443 9.9886E-05 9.9886E-05 9.9886E-05 9.9886E-05 9.9886E-05
9.98948E-05 9.98948E-05 9.98948E-05 0.297812 0.0123081 0.590056 9.98948E-05 0.066354 9.98948E-05 9.98948E-05 9.98948E-05 9.98948E-05 0.0301833 9.98948E-05 9.98948E-05 0.00208815 9.98948E-05 9.98948E-05
9.98685E-05 0.0792839 9.98685E-05 9.98685E-05 9.98685E-05 0.88834 9.98685E-05 9.98685E-05 9.98685E-05 9.98685E-05 9.98685E-05 9.98685E-05 9.98685E-05 9.98685E-05 9.98685E-05 9.98685E-05 9.98685E-05 0.0308777
0.120232 9.9886E-05 9.9886E-05 9.9886E-05 0.111001 0.222093 0.521301 9.9886E-05 9.9886E-05 9.9886E-05 9.9886E-05 9.9886E-05 0.0240738 9.9886E-05 9.9886E-05 9.9886E-05 9.9886E-05 9.9886E-05
0.189525 9.99123E-05 0.0109456 9.99123E-05 9.99123E-05 0.55212 9.99123E-05 0.0219391 0.00418525 9.99123E-05 9.99123E-05 9.99123E-05 0.0397248 0.101553 9.99123E-05 9.99123E-05 0.0790089 9.99123E-05
0.197571 9.98771E-05 0.0100901 9.98771E-05 9.98771E-05 9.98771E-05 0.739331 9.98771E-05 9.98771E-05 9.98771E-05 9.98771E-05 9.98771E-05 9.98771E-05 9.98771E-05 9.98771E-05 9.98771E-05 9.98771E-05 0.05161
0.0333595 0.00732265 9.98947E-05 9.98947E-05 9.98947E-05 0.886371 9.98947E-05 0.0114287 0.0265758 0.0337433 9.98947E-05 9.98947E-05 9.98947E-05 9.98947E-05 9.98947E-05 9.98947E-05 9.98947E-05 9.98947E-05
0.0644736 9.9886E-05 9.9886E-05 9.9886E-05 0.0419498 0.585566 9.9886E-05 9.9886E-05 0.08771 0.219002 9.9886E-05 9.9886E-05 9.9886E-05 9.9886E-05 9.9886E-05 9.9886E-05 9.9886E-05 9.9886E-05
9.99036E-05 0.00781529 9.99036E-05 9.99036E-05 9.99036E-05 0.74517 0.0273346 9.99036E-05 9.99036E-05 0.0400171 9.99036E-05 9.99036E-05 9.99036E-05 0.00972743 9.99036E-05 9.99036E-05 0.0528927 0.115944
0.182876 9.99123E-05 9.99123E-05 9.99123E-05 0.0977422 0.372599 0.00295823 0.026302 0.112956 9.99123E-05 9.99123E-05 9.99123E-05 9.99123E-05 9.99123E-05 0.170946 0.032622 9.99123E-05 9.99123E-05
0.191475 0.107099 9.98859E-05 9.98859E-05 9.98859E-05 9.98859E-05 0.380663 9.98859E-05 0.312795 9.98859E-05 9.98859E-05 9.98859E-05 9.98859E-05 0.00666863 9.98859E-05 9.98859E-05 9.98859E-05 9.98859E-05
0.0109641 9.98858E-05 9.98858E-05 0.00573909 9.98858E-05 0.552148 0.402192 9.98858E-05 9.98858E-05 9.98858E-05 0.0276587 9.98858E-05 9.98858E-05 9.98858E-05 9.98858E-05 9.98858E-05 9.98858E-05 9.98858E-05
0.071545 9.98859E-05 9.98859E-05 9.98859E-05 0.0226987 0.589442 0.303665 9.98859E-05 9.98859E-05 9.98859E-05 9.98859E-05 0.011351 9.98859E-05 9.98859E-05 9.98859E-05 9.98859E-05 9.98859E-05 9.98859E-05
9.98684E-05 9.98684E-05 9.98684E-05 9.98684E-05 9.98684E-05 0.55344 0.42902 9.98684E-05 9.98684E-05 9.98684E-05 9.98684E-05 9.98684E-05 9.98684E-05 9.98684E-05 0.0160424 9.98684E-05 9.98684E-05 9.98684E-05
0.118741 0.00517991 9.99034E-05 9.99034E-05 9.99034E-05 0.432534 0.226913 0.0487428 0.124912 9.99034E-05 9.99034E-05 9.99034E-05 9.99034E-05 9.99034E-05 0.0418784 9.99034E-05 9.99034E-05 9.99034E-05
9.98685E-05 0.064664 9.98685E-05 9.98685E-05 9.98685E-05 9.98685E-05 0.925867 9.98685E-05 9.98685E-05 9.98685E-05 9.98685E-05 9.98685E-05 0.00797071 9.98685E-05 9.98685E-05 9.98685E-05 9.98685E-05 9.98685E-05
0.151028 9.99122E-05 0.197043 9.99122E-05 0.00138488 0.0495108 0.209603 0.141221 9.99122E-05 0.195306 9.99122E-05 9.99122E-05 9.99122E-05 9.99122E-05 9.99122E-05 0.0539037 9.99122E-05 9.99122E-05
9.98683E-05 9.98683E-05 9.98683E-05 0.0653992 9.98683E-05 9.98683E-05 0.8072 9.98683E-05 0.125903 9.98683E-05 9.98683E-05 9.98683E-05 9.98683E-05 9.98683E-05 9.98683E-05 9.98683E-05 9.98683E-05 9.98683E-05
0.0559813 9.98685E-05 9.98685E-05 9.98685E-05 9.98685E-05 0.914932 9.98685E-05 9.98685E-05 9.98685E-05 9.98685E-05 9.98685E-05 0.0275887 9.98685E-05 9.98685E-05 9.98685E-05 9.98685E-05 9.98685E-05 9.98685E-05
9.98594E-05 9.98594E-05 9.98594E-05 9.98594E-05 9.98594E-05 9.98594E-05 0.992728 9.98594E-05 9.98594E-05 9.98594E-05 9.98594E-05 9.98594E-05 9.98594E-05 9.98594E-05 9.98594E-05 9.98594E-05 9.98594E-05 0.00567447
0.0974342 0.0470233 9.98861E-05 9.98861E-05 9.98861E-05 0.597385 0.191507 9.98861E-05 9.98861E-05 9.98861E-05 9.98861E-05 9.98861E-05 9.98861E-05 0.0653513 9.98861E-05 9.98861E-05 9.98861E-05 9.98861E-05
9.99122E-05 0.0574226 0.14396 9.99122E-05 9.99122E-05 0.0475092 0.648202 9.99122E-05 9.99122E-05 0.00643708 0.0142371 9.99122E-05 9.99122E-05 0.010133 0.0710999 9.99122E-05 9.99122E-05 9.99122E-05
0.042272 0.112899 9.98859E-05 0.0275517 9.98859E-05 0.772665 9.98859E-05 9.98859E-05 9.98859E-05 9.98859E-05 9.98859E-05 0.0433136 9.98859E-05 9.98859E-05 9.98859E-05 9.98859E-05 9.98859E-05 9.98859E-05
0.0406376 9.9886E-05 9.9886E-05 0.156393 9.9886E-05 0.76663 0.00235976 0.0326812 9.9886E-05 9.9886E-05 9.9886E-05 9.9886E-05 9.9886E-05 9.9886E-05 9.9886E-05 9.9886E-05 9.9886E-05 9.9886E-05
9.98947E-05 9.98947E-05 9.98947E-05 9.98947E-05 0.0221774 0.506347 0.353134 0.0452601 0.0143777 0.0575053 9.98947E-05 9.98947E-05 9.98947E-05 9.98947E-05 9.98947E-05 9.98947E-05 9.98947E-05 9.98947E-05
0.160409 9.98946E-05 0.0164261 9.98946E-05 0.0287092 9.98946E-05 9.98946E-05 0.0151756 9.98946E-05 9.98946E-05 9.98946E-05 9.98946E-05 0.0291952 9.98946E-05 0.748887 9.98946E-05 9.98946E-05 9.98946E-05
9.9851E-05 9.9851E-05 9.9851E-05 9.9851E-05 9.9851E-05 9.9851E-05 9.9851E-05 9.9851E-05 9.9851E-05 9.9851E-05 9.9851E-05 9.9851E-05 9.9851E-05 9.9851E-05 0.998303 9.9851E-05 9.9851E-05 9.9851E-05
9.98508E-05 9.98508E-05 9.98508E-05 9.98508E-05 9.98508E-05 9.98508E-05 9.98508E-05 9.98508E-05 9.98508E-05 9.98508E-05 9.98508E-05 9.98508E-05 9.98508E-05 9.98508E-05 0.998303 9.98508E-05 9.98508E-05 9.98508E-05
9.99035E-05 0.0215867 0.127348 9.99035E-05 0.110733 9.99035E-05 9.99035E-05 9.99035E-05 9.99035E-05 0.0904597 9.99035E-05 0.125443 0.318512 9.99035E-05 0.20482 9.99035E-05 9.99035E-05 9.99035E-05
9.99121E-05 0.0311477 9.99121E-05 9.99121E-05 0.0506178 9.99121E-05 9.99121E-05 9.99121E-05 0.0498948 9.99121E-05 0.0361779 0.00240639 9.99121E-05 0.103331 0.662848 9.99121E-05 9.99121E-05 0.0625773
0.198089 9.98857E-05 9.98857E-05 9.98857E-05 0.050228 9.98857E-05 9.98857E-05 9.98857E-05 0.0156528 9.98857E-05 9.98857E-05 9.98857E-05 9.98857E-05 9.98857E-05 0.717938 0.0167938 9.98857E-05 9.98857E-05
0.102527 9.98858E-05 9.98858E-05 0.0495632 9.98858E-05 9.98858E-05 9.98858E-05 0.0333553 9.98858E-05 9.98858E-05 9.98858E-05 9.98858E-05 0.281405 9.98858E-05 0.531851 9.98858E-05 9.98858E-05 9.98858E-05
0.0506524 9.98945E-05 0.018698 9.98945E-05 0.114992 9.98945E-05 9.98945E-05 9.98945E-05 9.98945E-05 9.98945E-05 9.98945E-05 0.157881 0.0873231 9.98945E-05 0.569254 9.98945E-05 9.98945E-05 9.98945E-05
9.98596E-05 9.98596E-05 9.98596E-05 9.98596E-05 9.98596E-05 9.98596E-05 9.98596E-05 9.98596E-05 9.98596E-05 9.98596E-05 9.98596E-05 9.98596E-05 9.98596E-05 9.98596E-05 0.989798 0.00860406 9.98596E-05 9.98596E-05
9.98595E-05 9.98595E-05 9.98595E-05 9.98595E-05 9.98595E-05 9.98595E-05 9.98595E-05 0.0366914 9.98595E-05 9.98595E-05 9.98595E-05 9.98595E-05 9.98595E-05 9.98595E-05 0.961711 9.98595E-05 9.98595E-05 9.98595E-05
0.260174 9.98857E-05 9.98857E-05 9.98857E-05 0.0614043 9.98857E-05 9.98857E-05 0.125733 9.98857E-05 9.98857E-05 0.0260544 9.98857E-05 9.98857E-05 9.98857E-05 0.525336 9.98857E-05 9.98857E-05 9.98857E-05
0.10061 0.0805219 9.99121E-05 0.00147514 9.99121E-05 9.99121E-05 9.99121E-05 0.0794948 0.206255 9.99121E-05 9.99121E-05 9.99121E-05 0.0875674 9.99121E-05 0.38487 9.99121E-05 9.99121E-05 0.0582068
9.98945E-05 9.98945E-05 0.0508409 9.98945E-05 0.131388 9.98945E-05 9.98945E-05 0.101271 9.98945E-05 9.98945E-05 9.98945E-05 9.98945E-05 9.98945E-05 0.080462 0.571528 9.98945E-05 9.98945E-05 0.0633112
0.132567 0.0794533 9.98945E-05 9.98945E-05 9.98945E-05 9.98945E-05 9.98945E-05 9.98945E-05 0.126413 9.98945E-05 9.98945E-05 9.98945E-05 0.0894557 9.98945E-05 0.560834 9.98945E-05 9.98945E-05 0.0100785
9.98774E-05 9.98774E-05 9.98774E-05 9.98774E-05 9.98774E-05 9.98774E-05 9.98774E-05 0.049645 9.98774E-05 0.00314479 9.98774E-05 9.98774E-05 9.98774E-05 9.98774E-05 0.939301 9.98774E-05 9.98774E-05 0.00651107
0.012068 9.98773E-05 9.98773E-05 9.98773E-05 0.054911 9.98773E-05 9.98773E-05 9.98773E-05 9.98773E-05 9.98773E-05 9.98773E-05 9.98773E-05 9.98773E-05 9.98773E-05 0.925988 9.98773E-05 0.00563431 9.98773E-05
9.98857E-05 0.189094 0.125517 9.98857E-05 9.98857E-05 9.98857E-05 9.98857E-05 9.98857E-05 9.98857E-05 9.98857E-05 9.98857E-05 0.0420024 0.071775 9.98857E-05 0.570313 9.98857E-05 9.98857E-05 9.98857E-05
9.98946E-05 0.156788 9.98946E-05 9.98946E-05 0.0237766 9.98946E-05 9.98946E-05 0.112485 0.174281 9.98946E-05 9.98946E-05 0.0300634 9.98946E-05 9.98946E-05 0.501407 9.98946E-05 9.98946E-05 9.98946E-05
0.0609046 0.0412675 9.98858E-05 9.98858E-05 9.98858E-05 9.98858E-05 9.98858E-05 0.0160601 9.98858E-05 9.98858E-05 9.98858E-05 0.0589277 9.98858E-05 9.98858E-05 0.821542 9.98858E-05 9.98858E-05 9.98858E-05
0.200919 9.98769E-05 9.98769E-05 9.98769E-05 9.98769E-05 9.98769E-05 9.98769E-05 9.98769E-05 9.98769E-05 0.144627 9.98769E-05 9.98769E-05 9.98769E-05 9.98769E-05 0.608131 9.98769E-05 9.98769E-05 0.0449245
9.98598E-05 9.98598E-05 9.98598E-05 9.98598E-05 9.98598E-05 9.98598E-05 9.98598E-05 9.98598E-05 9.98598E-05 9.98598E-05 9.98598E-05 9.98598E-05 9.98598E-05 9.98598E-05 0.937076 9.98598E-05 0.0613262 9.98598E-05
0.0248564 0.0316565 0.00604292 9.9912E-05 0.0280512 9.9912E-05 9.9912E-05 9.9912E-05 0.249696 0.00902414 9.9912E-05 9.9912E-05 0.0102105 9.9912E-05 0.639463 9.9912E-05 9.9912E-05 9.9912E-05
0.0989525 9.9886E-05 0.229752 9.9886E-05 9.9886E-05 9.9886E-05 9.9886E-05 9.9886E-05 0.0139563 9.9886E-05 9.9886E-05 0.026145 9.9886E-05 9.9886E-05 0.629896 9.9886E-05 9.9886E-05 9.9886E-05
0.00387018 0.120738 9.9921E-05 9.9921E-05 0.0370094 9.9921E-05 0.00454565 9.9921E-05 9.9921E-05 9.9921E-05 0.0104372 0.0427574 9.9921E-05 0.0217848 0.720725 0.037233 9.9921E-05 9.9921E-05
0.0284871 9.98682E-05 9.98682E-05 9.98682E-05 9.98682E-05 9.98682E-05 9.98682E-05 0.174657 9.98682E-05 9.98682E-05 9.98682E-05 9.98682E-05 9.98682E-05 9.98682E-05 0.795358 9.98682E-05 9.98682E-05 9.98682E-05
0.0474472 9.98949E-05 9.98949E-05 9.98949E-05 0.0388797 9.98949E-05 9.98949E-05 0.00488331 9.98949E-05 9.98949E-05 0.00722709 9.98949E-05 0.0492151 9.98949E-05 0.851149 9.98949E-05 9.98949E-05 9.98949E-05
9.98597E-05 9.98597E-05 9.98597E-05 9.98597E-05 9.98597E-05 9.98597E-05 9.98597E-05 9.98597E-05 0.00883249 9.98597E-05 9.98597E-05 9.98597E-05 9.98597E-05 9.98597E-05 0.98957 9.98597E-05 9.98597E-05 9.98597E-05
9.98509E-05 9.98509E-05 9.98509E-05 9.98509E-05 9.98509E-05 9.98509E-05 9.98509E-05 9.98509E-05 9.98509E-05 9.98509E-05 9.98509E-05 9.98509E-05 9.98509E-05 9.98509E-05 0.998303 9.98509E-05 9.98509E-05 9.98509E-05
0.0128617 9.98772E-05 9.98772E-05 9.98772E-05 0.00307836 9.98772E-05 9.98772E-05 9.98772E-05 9.98772E-05 9.98772E-05 9.98772E-05 0.11593 9.98772E-05 9.98772E-05 0.866731 9.98772E-05 9.98772E-05 9.98772E-05
0.055505 9.98861E-05 9.98861E-05 9.98861E-05 0.176182 9.98861E-05 9.98861E-05 9.98861E-05 9.98861E-05 0.05741 9.98861E-05 9.98861E-05 9.98861E-05 9.98861E-05 0.572339 9.98861E-05 0.137266 9.98861E-05
0.113448 9.98684E-05 0.770433 9.98684E-05 0.114621 9.98684E-05 9.98684E-05 9.98684E-05 9.98684E-05 9.98684E-05 9.98684E-05 9.98684E-05 9.98684E-05 9.98684E-05 9.98684E-05 9.98684E-05 9.98684E-05 9.98684E-05
0.0277066 9.98773E-05 0.525811 9.98773E-05 0.0184897 9.98773E-05 9.98773E-05 9.98773E-05 9.98773E-05 9.98773E-05 9.98773E-05 9.98773E-05 9.98773E-05 9.98773E-05 9.98773E-05 9.98773E-05 0.426594 9.98773E-05
0.0660194 9.98772E-05 0.779084 9.98772E-05 9.98772E-05 9.98772E-05 9.98772E-05 0.0774543 9.98772E-05 9.98772E-05 9.98772E-05 0.0760444 9.98772E-05 9.98772E-05 9.98772E-05 9.98772E-05 9.98772E-05 9.98772E-05
0.0722199 9.9877E-05 0.870215 9.9877E-05 0.0553381 9.9877E-05 9.9877E-05 0.000828787 9.9877E-05 9.9877E-05 9.9877E-05 9.9877E-05 9.9877E-05 9.9877E-05 9.9877E-05 9.9877E-05 9.9877E-05 9.9877E-05
9.98594E-05 9.98594E-05 0.946623 9.98594E-05 0.0517794 9.98594E-05 9.98594E-05 9.98594E-05 9.98594E-05 9.98594E-05 9.98594E-05 9.98594E-05 9.98594E-05 9.98594E-05 9.98594E-05 9.98594E-05 9.98594E-05 9.98594E-05
0.101167 9.9886E-05 0.62414 0.0155052 0.206143 9.9886E-05 9.9886E-05 9.9886E-05 9.9886E-05 9.9886E-05 9.9886E-05 9.9886E-05 0.051746 9.9886E-05 9.9886E-05 9.9886E-05 9.9886E-05 9.9886E-05
0.0579927 9.98859E-05 0.682272 9.98859E-05 0.135896 9.98859E-05 9.98859E-05 9.98859E-05 0.0753999 9.98859E-05 9.98859E-05 0.0471409 9.98859E-05 9.98859E-05 9.98859E-05 9.98859E-05 9.98859E-05 9.98859E-05
0.00315103 9.98683E-05 0.839438 9.98683E-05 0.155913 9.98683E-05 9.98683E-05 9.98683E-05 9.98683E-05 9.98683E-05 9.98683E-05 9.98683E-05 9.98683E-05 9.98683E-05 9.98683E-05 9.98683E-05 9.98683E-05 9.98683E-05
9.98857E-05 9.98857E-05 0.305441 9.98857E-05 0.364771 9.98857E-05 9.98857E-05 0.000249603 9.98857E-05 0.153424 9.98857E-05 9.98857E-05 0.174817 9.98857E-05 9.98857E-05 9.98857E-05 9.98857E-05 9.98857E-05
0.258342 9.98771E-05 0.571826 9.98771E-05 0.155233 9.98771E-05 9.98771E-05 9.98771E-05 9.98771E-05 9.98771E-05 9.98771E-05 0.013201 9.98771E-05 9.98771E-05 9.98771E-05 9.98771E-05 9.98771E-05 9.98771E-05
0.0754992 9.98772E-05 0.534999 9.98772E-05 9.98772E-05 9.98772E-05 9.98772E-05 9.98772E-05 9.98772E-05 9.98772E-05 9.98772E-05 9.98772E-05 0.23523 9.98772E-05 9.98772E-05 9.98772E-05 0.152873 9.98772E-05
0.0243545 9.98859E-05 0.740016 9.98859E-05 9.98859E-05 0.0416886 9.98859E-05 9.98859E-05 9.98859E-05 9.98859E-05 9.98859E-05 9.98859E-05 0.136633 9.98859E-05 9.98859E-05 9.98859E-05 0.0560103 9.98859E-05
9.9886E-05 9.9886E-05 0.826737 9.9886E-05 0.116691 9.9886E-05 9.9886E-05 0.0197384 0.00339633 9.9886E-05 9.9886E-05 9.9886E-05 9.9886E-05 9.9886E-05 9.9886E-05 9.9886E-05 0.0321381 9.9886E-05
0.153026 9.9886E-05 0.708457 9.9886E-05 0.104196 9.9886E-05 9.9886E-05 9.9886E-05 9.9886E-05 9.9886E-05 9.9886E-05 9.9886E-05 9.9886E-05 9.9886E-05 9.9886E-05 0.0130259 0.0199964 9.9886E-05
9.98947E-05 9.98947E-05 0.679824 9.98947E-05 0.0813133 9.98947E-05 9.98947E-05 0.00258864 9.98947E-05 9.98947E-05 9.98947E-05 0.145739 9.98947E-05 9.98947E-05 9.98947E-05 9.98947E-05 0.0834548 0.00588144
0.136635 9.99035E-05 0.687436 0.0129392 0.00267536 9.99035E-05 9.99035E-05 0.0139431 9.99035E-05 0.112285 9.99035E-05 9.99035E-05 0.0329869 9.99035E-05 9.99035E-05 9.99035E-05 9.99035E-05 9.99035E-05
0.14238 9.99035E-05 0.445942 9.99035E-05 0.0189063 9.99035E-05 9.99035E-05 9.99035E-05 9.99035E-05 9.99035E-05 0.0170179 0.102557 0.220859 9.99035E-05 9.99035E-05 9.99035E-05 0.0512379 9.99035E-05
9.99123E-05 9.99123E-05 0.659384 0.0334678 0.0758966 9.99123E-05 0.0409086 9.99123E-05 0.142583 9.99123E-05 9.99123E-05 9.99123E-05 9.99123E-05 0.0153409 9.99123E-05 0.0118137 9.99123E-05 0.0196061
9.98597E-05 9.98597E-05 0.962417 9.98597E-05 0.0359853 9.98597E-05 9.98597E-05 9.98597E-05 9.98597E-05 9.98597E-05 9.98597E-05 9.98597E-05 9.98597E-05 9.98597E-05 9.98597E-05 9.98597E-05 9.98597E-05 9.98597E-05
0.0633138 9.99122E-05 0.466671 0.0528478 0.0717068 9.99122E-05 9.99122E-05 0.00648967 9.99122E-05 0.00869193 0.100734 9.99122E-05 9.99122E-05 9.99122E-05 9.99122E-05 9.99122E-05 0.228546 9.99122E-05
0.0641279 9.98772E-05 0.778066 9.98772E-05 0.00680022 9.98772E-05 9.98772E-05 9.98772E-05 9.98772E-05 9.98772E-05 9.98772E-05 9.98772E-05 0.149607 9.98772E-05 9.98772E-05 9.98772E-05 9.98772E-05 9.98772E-05
0.00249545 9.98683E-05 0.956365 9.98683E-05 0.0396416 9.98683E-05 9.98683E-05 9.98683E-05 9.98683E-05 9.98683E-05 9.98683E-05 9.98683E-05 9.98683E-05 9.98683E-05 9.98683E-05 9.98683E-05 9.98683E-05 9.98683E-05
0.148183 9.98947E-05 0.381649 9.98947E-05 0.286105 9.98947E-05 9.98947E-05 9.98947E-05 9.98947E-05 9.98947E-05 0.0381042 9.98947E-05 0.0759368 0.0688239 9.98947E-05 9.98947E-05 9.98947E-05 9.98947E-05
0.0255606 9.98948E-05 0.736129 9.98948E-05 0.148539 9.98948E-05 9.98948E-05 0.0179439 9.98948E-05 9.98948E-05 9.98948E-05 9.98948E-05 9.98948E-05 9.98948E-05 9.98948E-05 0.00892508 0.0617037 9.98948E-05
0.247763 9.98859E-05 0.504608 9.98859E-05 0.124213 9.98859E-05 9.98859E-05 0.0375921 9.98859E-05 9.98859E-05 9.98859E-05 9.98859E-05 0.0845256 9.98859E-05 9.98859E-05 9.98859E-05 9.98859E-05 9.98859E-05
0.122097 9.99035E-05 0.411693 9.99035E-05 0.142263 9.99035E-05 9.99035E-05 9.99035E-05 0.0352737 9.99035E-05 9.99035E-05 0.0253186 9.99035E-05 9.99035E-05 9.99035E-05 9.99035E-05 0.260586 0.00167026
0.0244532 9.98947E-05 0.189591 9.98947E-05 9.98947E-05 9.98947E-05 9.98947E-05 9.98947E-05 9.98947E-05 9.98947E-05 0.033168 9.98947E-05 9.98947E-05 0.0335179 9.98947E-05 0.16805 0.550021 9.98947E-05
0.00903229 0.00386615 0.901153 9.98769E-05 0.0845506 9.98769E-05 9.98769E-05 9.98769E-05 9.98769E-05 9.98769E-05 9.98769E-05 9.98769E-05 9.98769E-05 9.98769E-05 9.98769E-05 9.98769E-05 9.98769E-05 9.98769E-05
0.134136 9.98773E-05 0.574899 9.98773E-05 0.225635 9.98773E-05 9.98773E-05 9.98773E-05 9.98773E-05 9.98773E-05 9.98773E-05 9.98773E-05 0.0639319 9.98773E-05 9.98773E-05 9.98773E-05 9.98773E-05 9.98773E-05
0.0973611 9.9886E-05 0.814661 9.9886E-05 9.9886E-05 9.9886E-05 9.9886E-05 0.0202744 9.9886E-05 9.9886E-05 0.0322817 9.9886E-05 9.9886E-05 9.9886E-05 9.9886E-05 9.9886E-05 0.0341229 9.9886E-05
0.176976 9.98772E-05 0.773488 9.98772E-05 0.033684 9.98772E-05 9.98772E-05 0.0144538 9.98772E-05 9.98772E-05 9.98772E-05 9.98772E-05 9.98772E-05 9.98772E-05 9.98772E-05 9.98772E-05 9.98772E-05 9.98772E-05
9.98684E-05 9.98684E-05 0.967209 9.98684E-05 9.98684E-05 9.98684E-05 9.98684E-05 0.00759074 9.98684E-05 9.98684E-05 9.98684E-05 9.98684E-05 9.98684E-05 9.98684E-05 9.98684E-05 9.98684E-05 9.98684E-05 0.0237023
0.112483 9.98858E-05 0.459131 9.98858E-05 0.261201 9.98858E-05 9.98858E-05 9.98858E-05 9.98858E-05 9.98858E-05 0.128828 9.98858E-05 9.98858E-05 0.0370577 9.98858E-05 9.98858E-05 9.98858E-05 9.98858E-05
0.014869 0.043481 0.844249 9.98858E-05 9.98858E-05 9.98858E-05 9.98858E-05 9.98858E-05 0.075689 9.98858E-05 0.0204132 9.98858E-05 9.98858E-05 9.98858E-05 9.98858E-05 9.98858E-05 9.98858E-05 9.98858E-05
0.0649626 9.98685E-05 0.921672 9.98685E-05 9.98685E-05 9.98685E-05 9.98685E-05 9.98685E-05 9.98685E-05 9.98685E-05 9.98685E-05 9.98685E-05 9.98685E-05 9.98685E-05 9.98685E-05 9.98685E-05 0.0118669 9.98685E-05
9.98946E-05 9.98946E-05 0.688159 0.0198546 0.0521656 9.98946E-05 9.98946E-05 0.0133384 9.98946E-05 0.188262 9.98946E-05 9.98946E-05 9.98946E-05 9.98946E-05 9.98946E-05 9.98946E-05 0.0370216 9.98946E-05
0.166317 9.9877E-05 0.669915 9.9877E-05 0.116649 9.9877E-05 9.9877E-05 9.9877E-05 9.9877E-05 9.9877E-05 9.9877E-05 0.0457204 9.9877E-05 9.9877E-05 9.9877E-05 9.9877E-05 9.9877E-05 9.9877E-05
9.98771E-05 9.98771E-05 0.308124 9.98771E-05 0.0813397 9.98771E-05 9.98771E-05 9.98771E-05 9.98771E-05 9.98771E-05 9.98771E-05 9.98771E-05 9.98771E-05 0.039693 9.98771E-05 9.98771E-05 0.569445 9.98771E-05
0.028987 9.98859E-05 0.731528 9.98859E-05 0.0194444 9.98859E-05 9.98859E-05 9.98859E-05 9.98859E-05 9.98859E-05 0.00613507 9.98859E-05 9.98859E-05 9.98859E-05 9.98859E-05 9.98859E-05 0.212607 9.98859E-05
9.98685E-05 9.98685E-05 0.748268 9.98685E-05 0.00409805 9.98685E-05 9.98685E-05 9.98685E-05 9.98685E-05 9.98685E-05 9.98685E-05 9.98685E-05 9.98685E-05 9.98685E-05 9.98685E-05 9.98685E-05 0.246136 9.98685E-05
9.98772E-05 9.98772E-05 0.559234 9.98772E-05 0.0239233 9.98772E-05 9.98772E-05 9.98772E-05 9.98772E-05 9.98772E-05 9.98772E-05 9.98772E-05 0.0167575 9.98772E-05 9.98772E-05 9.98772E-05 0.398687 9.98772E-05
0.294882 9.98771E-05 0.489324 9.98771E-05 0.0938485 9.98771E-05 9.98771E-05 9.98771E-05 9.98771E-05 9.98771E-05 9.98771E-05 9.98771E-05 0.120547 9.98771E-05 9.98771E-05 9.98771E-05 9.98771E-05 9.98771E-05
9.98596E-05 9.98596E-05 0.851453 9.98596E-05 0.146949 9.98596E-05 9.98596E-05 9.98596E-05 9.98596E-05 9.98596E-05 9.98596E-05 9.98596E-05 9.98596E-05 9.98596E-05 9.98596E-05 9.98596E-05 9.98596E-05 9.98596E-05
0.114711 9.98859E-05 0.0173302 9.98859E-05 0.215807 9.98859E-05 9.98859E-05 9.98859E-05 9.98859E-05 9.98859E-05 0.0934119 9.98859E-05 9.98859E-05 9.98859E-05 9.98859E-05 9.98859E-05 0.557441 9.98859E-05
0.0313803 9.98859E-05 0.422709 9.98859E-05 0.00883147 0.0704912 9.98859E-05 9.98859E-05 9.98859E-05 9.98859E-05 9.98859E-05 9.98859E-05 9.98859E-05 9.98859E-05 9.98859E-05 9.98859E-05 0.46529 9.98859E-05
0.0351017 9.98946E-05 0.645714 9.98946E-05 0.12295 9.98946E-05 9.98946E-05 9.98946E-05 0.024693 9.98946E-05 0.0875188 9.98946E-05 0.0828236 9.98946E-05 9.98946E-05 9.98946E-05 9.98946E-05 9.98946E-05
0.0747545 9.98859E-05 0.62455 9.98859E-05 0.0691619 9.98859E-05 9.98859E-05 9.98859E-05 9.98859E-05 9.98859E-05 9.98859E-05 9.98859E-05 9.98859E-05 9.98859E-05 0.225549 9.98859E-05 0.00468584 9.98859E-05
0.0051533 9.99211E-05 0.556819 9.99211E-05 0.144776 9.99211E-05 9.99211E-05 9.99211E-05 0.0360785 0.0200129 9.99211E-05 9.99211E-05 0.0959338 9.99211E-05 9.99211E-05 0.0999311 0.0369894 0.00340662
0.23557 9.98859E-05 0.477 9.98859E-05 0.220262 9.98859E-05 9.98859E-05 9.98859E-05 0.0641751 9.98859E-05 0.00169422 9.98859E-05 9.98859E-05 9.98859E-05 9.98859E-05 9.98859E-05 9.98859E-05 9.98859E-05
0.0172704 9.98683E-05 0.5215 9.98683E-05 9.98683E-05 9.98683E-05 9.98683E-05 9.98683E-05 9.98683E-05 9.98683E-05 9.98683E-05 9.98683E-05 9.98683E-05 9.98683E-05 9.98683E-05 9.98683E-05 0.459731 9.98683E-05
0.0874273 9.98683E-05 0.726214 0.18486 9.98683E-05 9.98683E-05 9.98683E-05 9.98683E-05 9.98683E-05 9.98683E-05 9.98683E-05 9.98683E-05 9.98683E-05 9.98683E-05 9.98683E-05 9.98683E-05 9.98683E-05 9.98683E-05
9.98859E-05 9.98859E-05 0.314609 9.98859E-05 0.110578 9.98859E-05 9.98859E-05 9.98859E-05 9.98859E-05 9.98859E-05 9.98859E-05 9.98859E-05 0.05055 9.98859E-05 0.00819973 9.98859E-05 0.514764 9.98859E-05
0.10609 9.9886E-05 0.53769 9.9886E-05 0.105146 9.9886E-05 9.9886E-05 9.9886E-05 9.9886E-05 0.0602903 9.9886E-05 9.9886E-05 9.9886E-05 9.9886E-05 9.9886E-05 9.9886E-05 0.189486 9.9886E-05
9.98771E-05 9.98771E-05 0.851477 9.98771E-05 0.00176444 9.98771E-05 9.98771E-05 9.98771E-05 9.98771E-05 9.98771E-05 9.98771E-05 9.98771E-05 0.105702 9.98771E-05 9.98771E-05 9.98771E-05 9.98771E-05 0.0396582
0.026918 9.98683E-05 0.875872 0.0957124 9.98683E-05 9.98683E-05 9.98683E-05 9.98683E-05 9.98683E-05 9.98683E-05 9.98683E-05 9.98683E-05 9.98683E-05 9.98683E-05 9.98683E-05 9.98683E-05 9.98683E-05 9.98683E-05
0.107736 9.9877E-05 0.433747 9.9877E-05 0.23194 9.9877E-05 9.9877E-05 9.9877E-05 9.9877E-05 9.9877E-05 9.9877E-05 9.9877E-05 0.225179 9.9877E-05 9.9877E-05 9.9877E-05 9.9877E-05 9.9877E-05
0.0672382 9.98683E-05 0.7841 9.98683E-05 0.147164 9.98683E-05 9.98683E-05 9.98683E-05 9.98683E-05 9.98683E-05 9.98683E-05 9.98683E-05 9.98683E-05 9.98683E-05 9.98683E-05 9.98683E-05 9.98683E-05 9.98683E-05
9.98595E-05 9.98595E-05 0.942213 9.98595E-05 0.0561889 9.98595E-05 9.98595E-05 9.98595E-05 9.98595E-05 9.98595E-05 9.98595E-05 9.98595E-05 9.98595E-05 9.98595E-05 9.98595E-05 9.98595E-05 9.98595E-05 9.98595E-05
0.0557179 9.98772E-05 0.838288 9.98772E-05 9.98772E-05 9.98772E-05 9.98772E-05 9.98772E-05 9.98772E-05 9.98772E-05 0.0888425 9.98772E-05 9.98772E-05 9.98772E-05 9.98772E-05 9.98772E-05 0.0157534 9.98772E-05
9.98772E-05 9.98772E-05 0.688011 9.98772E-05 0.147965 9.98772E-05 9.98772E-05 9.98772E-05 9.98772E-05 9.98772E-05 9.98772E-05 9.98772E-05 0.0630225 9.98772E-05 9.98772E-05 9.98772E-05 0.0996029 9.98772E-05
0.998303 9.98506E-05 9.98506E-05 9.98506E-05 9.98506E-05 9.98506E-05 9.98506E-05 9.98506E-05 9.98506E-05 9.98506E-05 9.98506E-05 9.98506E-05 9.98506E-05 9.98506E-05 9.98506E-05 9.98506E-05 9.98506E-05 9.98506E-05
9.98506E-05 9.98506E-05 9.98506E-05 9.98506E-05 0.998303 9.98506E-05 9.98506E-05 9.98506E-05 9.98506E-05 9.98506E-05 9.98506E-05 9.98506E-05 9.98506E-05 9.98506E-05 9.98506E-05 9.98506E-05 9.98506E-05 9.98506E-05
0.998303 9.98505E-05 9.98505E-05 9.98505E-05 9.98505E-05 9.98505E-05 9.98505E-05 9.98505E-05 9.98505E-05 9.98505E-05 9.98505E-05 9.98505E-05 9.98505E-05 9.98505E-05 9.98505E-05 9.98505E-05 9.98505E-05 9.98505E-05
9.98505E-05 9.98505E-05 9.98505E-05 9.98505E-05 0.998303 9.98505E-05 9.98505E-05 9.98505E-05 9.98505E-05 9.98505E-05 9.98505E-05 9.98505E-05 9.98505E-05 9.98505E-05 9.98505E-05 9.98505E-05 9.98505E-05 9.98505E-05
9.98504E-05 9.98504E-05 9.98504E-05 9.98504E-05 0.998303 9.98504E-05 9.98504E-05 9.98504E-05 9.98504E-05 9.98504E-05 9.98504E-05 9.98504E-05 9.98504E-05 9.98504E-05 9.98504E-05 9.98504E-05 9.98504E-05 9.98504E-05
9.98506E-05 9.98506E-05 9.98506E-05 9.98506E-05 0.998303 9.98506E-05 9.98506E-05 9.98506E-05 9.98506E-05 9.98506E-05 9.98506E-05 9.98506E-05 9.98506E-05 9.98506E-05 9.98506E-05 9.98506E-05 9.98506E-05 9.98506E-05
0.998303 9.98505E-05 9.98505E-05 9.98505E-05 9.98505E-05 9.98505E-05 9.98505E-05 9.98505E-05 9.98505E-05 9.98505E-05 9.98505E-05 9.98505E-05 9.98505E-05 9.98505E-05 9.98505E-05 9.98505E-05 9.98505E-05 9.98505E-05
9.98506E-05 9.98506E-05 9.98506E-05 9.98506E-05 0.998303 9.98506E-05 9.98506E-05 9.98506E-05 9.98506E-05 9.98506E-05 9.98506E-05 9.98506E-05 9.98506E-05 9.98506E-05 9.98506E-05 9.98506E-05 9.98506E-05 9.98506E-05
9.98505E-05 9.98505E-05 9.98505E-05 9.98505E-05 0.998303 9.98505E-05 9.98505E-05 9.98505E-05 9.98505E-05 9.98505E-05 9.98505E-05 9.98505E-05 9.98505E-05 9.98505E-05 9.98505E-05 9.98505E-05 9.98505E-05 9.98505E-05
0.998303 9.98505E-05 9.98505E-05 9.98505E-05 9.98505E-05 9.98505E-05 9.98505E-05 9.98505E-05 9.98505E-05 9.98505E-05 9.98505E-05 9.98505E-05 9.98505E-05 9.98505E-05 9.98505E-05 9.98505E-05 9.98505E-05 9.98505E-05
0.998303 9.98506E-05 9.98506E-05 9.98506E-05 9.98506E-05 9.98506E-05 9.98506E-05 9.98506E-05 9.98506E-05 9.98506E-05 9.98506E-05 9.98506E-05 9.98506E-05 9.98506E-05 9.98506E-05 9.98506E-05 9.98506E-05 9.98506E-05
0.998303 9.98506E-05 9.98506E-05 9.98506E-05 9.98506E-05 9.98506E-05 9.98506E-05 9.98506E-05 9.98506E-05 9.98506E-05 9.98506E-05 9.98506E-05 9.98506E-05 9.98506E-05 9.98506E-05 9.98506E-05 9.98506E-05 9.98506E-05
9.98505E-05 9.98505E-05 9.98505E-05 9.98505E-05 0.998303 9.98505E-05 9.98505E-05 9.98505E-05 9.98505E-05 9.98505E-05 9.98505E-05 9.98505E-05 9.98505E-05 9.98505E-05 9.98505E-05 9.98505E-05 9.98505E-05 9.98505E-05
9.98506E-05 9.98506E-05 9.98506E-05 9.98506E-05 0.998303 9.98506E-05 9.98506E-05 9.98506E-05 9.98506E-05 9.98506E-05 9.98506E-05 9.98506E-05 9.98506E-05 9.98506E-05 9.98506E-05 9.98506E-05 9.98506E-05 9.98506E-05
0.998303 9.98505E-05 9.98505E-05 9.98505E-05 9.98505E-05 9.98505E-05 9.98505E-05 9.98505E-05 9.98505E-05 9.98505E-05 9.98505E-05 9.98505E-05 9.98505E-05 9.98505E-05 9.98505E-05 9.98505E-05 9.98505E-05 9.98505E-05
0.998303 9.98505E-05 9.98505E-05 9.98505E-05 9.98505E-05 9.98505E-05 9.98505E-05 9.98505E-05 9.98505E-05 9.98505E-05 9.98505E-05 9.98505E-05 9.98505E-05 9.98505E-05 9.98505E-05 9.98505E-05 9.98505E-05 9.98505E-05
0.0572962 0.182125 0.513418 9.98946E-05 0.142413 9.98946E-05 9.98946E-05 9.98946E-05 9.98946E-05 9.98946E-05 9.98946E-05 0.050294 9.98946E-05 9.98946E-05 9.98946E-05 0.0532552 9.98946E-05 9.98946E-05
0.998303 9.98506E-05 9.98506E-05 9.98506E-05 9.98506E-05 9.98506E-05 9.98506E-05 9.98506E-05 9.98506E-05 9.98506E-05 9.98506E-05 9.98506E-05 9.98506E-05 9.98506E-05 9.98506E-05 9.98506E-05 9.98506E-05 9.98506E-05
9.98505E-05 9.98505E-05 9.98505E-05 9.98505E-05 0.998303 9.98505E-05 9.98505E-05 9.98505E-05 9.98505E-05 9.98505E-05 9.98505E-05 9.98505E-05 9.98505E-05 9.98505E-05 9.98505E-05 9.98505E-05 9.98505E-05 9.98505E-05
0.998303 9.98505E-05 9.98505E-05 9.98505E-05 9.98505E-05 9.98505E-05 9.98505E-05 9.98505E-05 9.98505E-05 9.98505E-05 9.98505E-05 9.98505E-05 9.98505E-05 9.98505E-05 9.98505E-05 9.98505E-05 9.98505E-05 9.98505E-05
0.998303 9.98505E-05 9.98505E-05 9.98505E-05 9.98505E-05 9.98505E-05 9.98505E-05 9.98505E-05 9.98505E-05 9.98505E-05 9.98505E-05 9.98505E-05 9.98505E-05 9.98505E-05 9.98505E-05 9.98505E-05 9.98505E-05 9.98505E-05
0.998303 9.98506E-05 9.98506E-05 9.98506E-05 9.98506E-05 9.98506E-05 9.98506E-05 9.98506E-05 9.98506E-05 9.98506E-05 9.98506E-05 9.98506E-05 9.98506E-05 9.98506E-05 9.98506E-05 9.98506E-05 9.98506E-05 9.98506E-05
9.98505E-05 9.98505E-05 9.98505E-05 9.98505E-05 0.998303 9.98505E-05 9.98505E-05 9.98505E-05 9.98505E-05 9.98505E-05 9.98505E-05 9.98505E-05 9.98505E-05 9.98505E-05 9.98505E-05 9.98505E-05 9.98505E-05 9.98505E-05
0.998303 9.98505E-05 9.98505E-05 9.98505E-05 9.98505E-05 9.98505E-05 9.98505E-05 9.98505E-05 9.98505E-05 9.98505E-05 9.98505E-05 9.98505E-05 9.98505E-05 9.98505E-05 9.98505E-05 9.98505E-05 9.98505E-05 9.98505E-05
9.98506E-05 9.98506E-05 9.98506E-05 9.98506E-05 0.998303 9.98506E-05 9.98506E-05 9.98506E-05 9.98506E-05 9.98506E-05 9.98506E-05 9.98506E-05 9.98506E-05 9.98506E-05 9.98506E-05 9.98506E-05 9.98506E-05 9.98506E-05
0.998303 9.98507E-05 9.98507E-05 9.98507E-05 9.98507E-05 9.98507E-05 9.98507E-05 9.98507E-05 9.98507E-05 9.98507E-05 9.98507E-05 9.98507E-05 9.98507E-05 9.98507E-05 9.98507E-05 9.98507E-05 9.98507E-05 9.98507E-05
0.998303 9.98505E-05 9.98505E-05 9.98505E-05 9.98505E-05 9.98505E-05 9.98505E-05 9.98505E-05 9.98505E-05 9.98505E-05 9.98505E-05 9.98505E-05 9.98505E-05 9.98505E-05 9.98505E-05 9.98505E-05 9.98505E-05 9.98505E-05
9.98506E-05 9.98506E-05 9.98506E-05 9.98506E-05 0.998303 9.98506E-05 9.98506E-05 9.98506E-05 9.98506E-05 9.98506E-05 9.98506E-05 9.98506E-05 9.98506E-05 9.98506E-05 9.98506E-05 9.98506E-05 9.98506E-05 9.98506E-05
9.98505E-05 9.98505E-05 9.98505E-05 9.98505E-05 0.998303 9.98505E-05 9.98505E-05 9.98505E-05 9.98505E-05 9.98505E-05 9.98505E-05 9.98505E-05 9.98505E-05 9.98505E-05 9.98505E-05 9.98505E-05 9.98505E-05 9.98505E-05
9.98506E-05 9.98506E-05 9.98506E-05 9.98506E-05 0.998303 9.98506E-05 9.98506E-05 9.98506E-05 9.98506E-05 9.98506E-05 9.98506E-05 9.98506E-05 9.98506E-05 9.98506E-05 9.98506E-05 9.98506E-05 9.98506E-05 9.98506E-05
0.998303 9.98506E-05 9.98506E-05 9.98506E-05 9.98506E-05 9.98506E-05 9.98506E-05 9.98506E-05 9.98506E-05 9.98506E-05 9.98506E-05 9.98506E-05 9.98506E-05 9.98506E-05 9.98506E-05 9.98506E-05 9.98506E-05 9.98506E-05
0.998303 9.98506E-05 9.98506E-05 9.98506E-05 9.98506E-05 9.98506E-05 9.98506E-05 9.98506E-05 9.98506E-05 9.98506E-05 9.98506E-05 9.98506E-05 9.98506E-05 9.98506E-05 9.98506E-05 9.98506E-05 9.98506E-05 9.98506E-05
0.998303 9.98505E-05 9.98505E-05 9.98505E-05 9.98505E-05 9.98505E-05 9.98505E-05 9.98505E-05 9.98505E-05 9.98505E-05 9.98505E-05 9.98505E-05 9.98505E-05 9.98505E-05 9.98505E-05 9.98505E-05 9.98505E-05 9.98505E-05
0.998303 9.98506E-05 9.98506E-05 9.98506E-05 9.98506E-05 9.98506E-05 9.98506E-05 9.98506E-05 9.98506E-05 9.98506E-05 9.98506E-05 9.98506E-05 9.98506E-05 9.98506E-05 9.98506E-05 9.98506E-05 9.98506E-05 9.98506E-05
0.998303 9.98505E-05 9.98505E-05 9.98505E-05 9.98505E-05 9.98505E-05 9.98505E-05 9.98505E-05 9.98505E-05 9.98505E-05 9.98505E-05 9.98505E-05 9.98505E-05 9.98505E-05 9.98505E-05 9.98505E-05 9.98505E-05 9.98505E-05
9.98505E-05 9.98505E-05 9.98505E-05 9.98505E-05 0.998303 9.98505E-05 9.98505E-05 9.98505E-05 9.98505E-05 9.98505E-05 9.98505E-05 9.98505E-05 9.98505E-05 9.98505E-05 9.98505E-05 9.98505E-05 9.98505E-05 9.98505E-05
9.98505E-05 9.98505E-05 9.98505E-05 9.98505E-05 0.998303 9.98505E-05 9.98505E-05 9.98505E-05 9.98505E-05 9.98505E-05 9.98505E-05 9.98505E-05 9.98505E-05 9.98505E-05 9.98505E-05 9.98505E-05 9.98505E-05 9.98505E-05
9.98506E-05 9.98506E-05 9.98506E-05 9.98506E-05 0.998303 9.98506E-05 9.98506E-05 9.98506E-05 9.98506E-05 9.98506E-05 9.98506E-05 9.98506E-05 9.98506E-05 9.98506E-05 9.98506E-05 9.98506E-05 9.98506E-05 9.98506E-05
0.998303 9.98505E-05 9.98505E-05 9.98505E-05 9.98505E-05 9.98505E-05 9.98505E-05 9.98505E-05 9.98505E-05 9.98505E-05 9.98505E-05 9.98505E-05 9.98505E-05 9.98505E-05 9.98505E-05 9.98505E-05 9.98505E-05 9.98505E-05
9.98505E-05 9.98505E-05 9.98505E-05 9.98505E-05 0.998303 9.98505E-05 9.98505E-05 9.98505E-05 9.98505E-05 9.98505E-05 9.98505E-05 9.98505E-05 9.98505E-05 9.98505E-05 9.98505E-05 9.98505E-05 9.98505E-05 9.98505E-05
9.98506E-05 9.98506E-05 9.98506E-05 9.98506E-05 0.998303 9.98506E-05 9.98506E-05 9.98506E-05 9.98506E-05 9.98506E-05 9.98506E-05 9.98506E-05 9.98506E-05 9.98506E-05 9.98506E-05 9.98506E-05 9.98506E-05 9.98506E-05
9.98504E-05 9.98504E-05 9.98504E-05 9.98504E-05 0.998303 9.98504E-05 9.98504E-05 9.98504E-05 9.98504E-05 9.98504E-05 9.98504E-05 9.98504E-05 9.98504E-05 9.98504E-05 9.98504E-05 9.98504E-05 9.98504E-05 9.98504E-05
9.98505E-05 9.98505E-05 9.98505E-05 9.98505E-05 0.998303 9.98505E-05 9.98505E-05 9.98505E-05 9.98505E-05 9.98505E-05 9.98505E-05 9.98505E-05 9.98505E-05 9.98505E-05 9.98505E-05 9.98505E-05 9.98505E-05 9.98505E-05
0.998303 9.98504E-05 9.98504E-05 9.98504E-05 9.98504E-05 9.98504E-05 9.98504E-05 9.98504E-05 9.98504E-05 9.98504E-05 9.98504E-05 9.98504E-05 9.98504E-05 9.98504E-05 9.98504E-05 9.98504E-05 9.98504E-05 9.98504E-05
9.98507E-05 9.98507E-05 9.98507E-05 9.98507E-05 0.998303 9.98507E-05 9.98507E-05 9.98507E-05 9.98507E-05 9.98507E-05 9.98507E-05 9.98507E-05 9.98507E-05 9.98507E-05 9.98507E-05 9.98507E-05 9.98507E-05 9.98507E-05
9.98505E-05 9.98505E-05 9.98505E-05 9.98505E-05 0.998303 9.98505E-05 9.98505E-05 9.98505E-05 9.98505E-05 9.98505E-05 9.98505E-05 9.98505E-05 9.98505E-05 9.98505E-05 9.98505E-05 9.98505E-05 9.98505E-05 9.98505E-05
0.0977673 0.144716 0.566022 0.0834418 0.056587 9.99033E-05 9.99033E-05 9.99033E-05 9.99033E-05 9.99033E-05 9.99033E-05 9.99033E-05 9.99033E-05 9.99033E-05 9.99033E-05 0.0470907 9.99033E-05 0.00327662
