0.170234 0.0971969 9.99649E-05 0.0530788 9.99649E-05 0.40676 0.0468292 0.108884 9.99649E-05 0.00048591 0.116131 9.99649E-05
0.0206175 0.0440875 9.99298E-05 9.99298E-05 9.99298E-05 0.759299 9.99298E-05 9.99298E-05 9.99298E-05 9.99298E-05 0.175196 9.99298E-05
9.99473E-05 0.0205635 9.99473E-05 9.99473E-05 0.0282105 0.877512 9.99473E-05 0.00806778 9.99473E-05 0.03827 9.99473E-05 0.0267761
0.0279258 0.091479 9.99474E-05 9.99474E-05 9.99474E-05 0.285087 0.259501 9.99474E-05 0.185703 0.149704 9.99474E-05 9.99474E-05
9.99298E-05 9.99298E-05 9.99298E-05 9.99298E-05 9.99298E-05 0.779006 9.99298E-05 0.00109299 0.213852 0.0052503 9.99298E-05 9.99298E-05
9.99561E-05 9.99561E-05 9.99561E-05 0.00572766 9.99561E-05 0.307999 0.0690148 0.119664 0.168941 0.259302 0.0688515 9.99561E-05
0.0408775 0.15733 9.99474E-05 9.99474E-05 0.0231041 0.290851 0.279506 9.99474E-05 9.99474E-05 9.99474E-05 0.207731 9.99474E-05
9.99737E-05 0.00206936 9.99737E-05 0.0567185 0.164724 0.250822 0.155186 0.185461 0.141116 0.0369862 0.00661737 9.99737E-05
0.264914 9.99561E-05 9.99561E-05 9.99561E-05 9.99561E-05 0.298078 0.0216859 0.252649 0.0874935 0.0248585 9.99561E-05 0.049822
0.0969263 9.9921E-05 9.9921E-05 0.0124525 9.9921E-05 0.889722 9.9921E-05 9.9921E-05 9.9921E-05 9.9921E-05 9.9921E-05 9.9921E-05
0.18832 0.193879 9.99298E-05 9.99298E-05 9.99298E-05 0.55616 9.99298E-05 0.0608407 9.99298E-05 9.99298E-05 9.99298E-05 9.99298E-05
9.99386E-05 0.030169 9.99386E-05 9.99386E-05 9.99386E-05 0.921095 9.99386E-05 0.000852139 9.99386E-05 0.000736345 9.99386E-05 0.0464479
0.119351 9.99298E-05 9.99298E-05 9.99298E-05 0.038589 0.834381 9.99298E-05 0.00688018 9.99298E-05 9.99298E-05 9.99298E-05 9.99298E-05
0.073138 0.0588919 0.0838561 9.99474E-05 0.0827763 0.617228 9.99474E-05 9.99474E-05 9.99474E-05 0.0835103 9.99474E-05 9.99474E-05
0.164743 9.99473E-05 9.99473E-05 9.99473E-05 9.99473E-05 0.359714 0.100201 0.157818 9.99473E-05 0.191165 0.025759 9.99473E-05
0.161722 0.0314568 9.99561E-05 9.99561E-05 0.0566313 0.31357 0.144768 0.227302 0.0640494 9.99561E-05 9.99561E-05 9.99561E-05
0.0834728 0.072928 0.172847 9.99561E-05 0.0276694 0.543623 0.0368915 9.99561E-05 9.99561E-05 9.99561E-05 0.0620685 9.99561E-05
0.229479 9.99473E-05 9.99473E-05 0.221102 9.99473E-05 0.277228 9.99473E-05 0.0873168 9.99473E-05 0.0575593 9.99473E-05 0.126715
0.213646 0.0359171 9.99561E-05 0.0728728 9.99561E-05 0.373857 0.11174 0.158643 9.99561E-05 9.99561E-05 9.99561E-05 0.0328245
9.9921E-05 9.9921E-05 9.9921E-05 9.9921E-05 9.9921E-05 0.955896 9.9921E-05 0.0202107 9.9921E-05 9.9921E-05 9.9921E-05 0.022994
0.0763081 0.118081 9.99649E-05 0.102012 9.99649E-05 0.451859 0.00981221 0.146808 0.0865882 9.99649E-05 9.99649E-05 0.00813156
9.99473E-05 9.99473E-05 9.99473E-05 9.99473E-05 9.99473E-05 0.349755 0.13998 0.175604 0.213367 0.0773223 0.043372 9.99473E-05
0.122033 0.12508 9.99386E-05 9.99386E-05 9.99386E-05 0.678918 9.99386E-05 9.99386E-05 9.99386E-05 0.0618589 0.01141 9.99386E-05
0.32315 9.99298E-05 9.99298E-05 9.99298E-05 0.10905 0.400273 0.166727 9.99298E-05 9.99298E-05 9.99298E-05 9.99298E-05 9.99298E-05
0.248425 0.0525824 9.99473E-05 9.99473E-05 9.99473E-05 0.26095 9.99473E-05 0.0631961 9.99473E-05 0.175763 9.99473E-05 0.198484
0.116778 0.0534065 9.99473E-05 9.99473E-05 9.99473E-05 0.632834 0.046363 9.99473E-05 0.00888193 0.141137 9.99473E-05 9.99473E-05
0.138334 9.99561E-05 9.99561E-05 0.135874 0.119014 0.114035 9.99561E-05 0.0429755 9.99561E-05 0.437289 0.011978 9.99561E-05
0.079122 9.99298E-05 9.99298E-05 9.99298E-05 9.99298E-05 0.711569 0.0972358 9.99298E-05 9.99298E-05 0.111274 9.99298E-05 9.99298E-05
0.229155 0.0520128 9.99298E-05 9.99298E-05 9.99298E-05 0.590914 9.99298E-05 9.99298E-05 9.99298E-05 0.127119 9.99298E-05 9.99298E-05
0.0448778 0.00617532 0.0477009 9.99561E-05 9.99561E-05 0.717517 9.99561E-05 0.0633695 9.99561E-05 0.0558029 9.99561E-05 0.0640566
0.0654497 0.121635 9.99473E-05 0.00447161 9.99473E-05 0.729053 9.99473E-05 0.0498508 9.99473E-05 9.99473E-05 9.99473E-05 0.0289403
0.109893 0.0903723 9.99386E-05 9.99386E-05 9.99386E-05 0.533318 0.0354184 9.99386E-05 9.99386E-05 0.230299 9.99386E-05 9.99386E-05
0.183532 0.108031 9.99385E-05 9.99385E-05 0.0492663 0.586374 9.99385E-05 9.99385E-05 9.99385E-05 0.0720968 9.99385E-05 9.99385E-05
0.157583 0.0260554 9.99649E-05 0.0266498 0.0435963 0.539879 0.0296407 9.99649E-05 0.0019856 0.17421 9.99649E-05 9.99649E-05
0.0293004 0.100719 9.99386E-05 9.99386E-05 9.99386E-05 0.777167 9.99386E-05 9.99386E-05 9.99386E-05 9.99386E-05 0.0697377 0.022376
0.0933163 0.0339506 9.99473E-05 9.99473E-05 9.99473E-05 0.689693 0.0956699 0.044702 9.99473E-05 9.99473E-05 9.99473E-05 0.0420686
9.99298E-05 9.99298E-05 9.99298E-05 9.99298E-05 0.124121 0.847357 0.0159206 9.99298E-05 9.99298E-05 9.99298E-05 0.0118018 9.99298E-05
0.0535228 9.99474E-05 0.0420998 9.99474E-05 9.99474E-05 0.652701 9.99474E-05 0.141719 9.99474E-05 9.99474E-05 0.0443733 0.0649849
0.180987 0.0231489 0.082839 9.99649E-05 9.99649E-05 0.505351 9.99649E-05 0.0172054 0.0979115 0.0260657 0.0660921 9.99649E-05
0.0601688 9.99297E-05 9.99297E-05 9.99297E-05 0.152276 0.547376 9.99297E-05 9.99297E-05 9.99297E-05 0.23938 9.99297E-05 9.99297E-05
0.0674502 0.0415596 9.99386E-05 9.99386E-05 9.99386E-05 0.794213 0.0616944 0.0343829 9.99386E-05 9.99386E-05 9.99386E-05 9.99386E-05
0.1507 0.032689 9.99561E-05 9.99561E-05 9.99561E-05 0.638748 0.0782729 9.99561E-05 0.00210292 0.0522294 0.0447583 9.99561E-05
9.99297E-05 9.99297E-05 0.0846263 9.99297E-05 9.99297E-05 0.832649 9.99297E-05 9.99297E-05 0.0369825 9.99297E-05 0.0449426 9.99297E-05
0.286618 0.0611323 9.99473E-05 0.0648967 9.99473E-05 0.46187 0.0353849 0.0894988 9.99473E-05 9.99473E-05 9.99473E-05 9.99473E-05
0.3369 0.0243303 9.99386E-05 9.99386E-05 9.99386E-05 0.301086 0.212282 9.99386E-05 0.124701 9.99386E-05 9.99386E-05 9.99386E-05
0.0354464 9.99297E-05 9.99297E-05 9.99297E-05 9.99297E-05 0.859282 9.99297E-05 9.99297E-05 0.0394666 9.99297E-05 9.99297E-05 0.0650054
0.0871362 0.0282432 9.99385E-05 0.0386398 9.99385E-05 0.812744 9.99385E-05 0.0325373 9.99385E-05 9.99385E-05 9.99385E-05 9.99385E-05
0.0127298 9.9921E-05 9.9921E-05 0.0223818 9.9921E-05 0.963989 9.9921E-05 9.9921E-05 9.9921E-05 9.9921E-05 9.9921E-05 9.9921E-05
0.173209 0.0768467 9.99385E-05 9.99385E-05 0.0137325 0.671409 9.99385E-05 9.99385E-05 0.0641039 9.99385E-05 9.99385E-05 9.99385E-05
9.9965E-05 0.0300478 9.9965E-05 0.0390877 0.139082 0.697336 9.9965E-05 0.010125 0.0500399 9.9965E-05 0.0149973 0.018885
0.228475 0.11297 9.99649E-05 0.029889 9.99649E-05 0.29017 0.0653405 0.0400978 0.00649798 0.226159 9.99649E-05 9.99649E-05
9.99561E-05 9.99561E-05 9.99561E-05 9.99561E-05 0.0423885 0.646733 0.129882 0.0377279 0.103931 0.0149293 9.99561E-05 0.0239091
0.0368328 9.9921E-05 9.9921E-05 0.101278 9.9921E-05 0.86099 9.9921E-05 9.9921E-05 9.9921E-05 9.9921E-05 9.9921E-05 9.9921E-05
0.0717655 0.012313 9.99649E-05 9.99649E-05 0.291638 0.520976 9.99649E-05 0.01396 0.0157854 0.0548833 9.99649E-05 0.0182784
0.113969 9.99386E-05 9.99386E-05 9.99386E-05 9.99386E-05 0.73326 0.0526013 9.99386E-05 0.0761481 9.99386E-05 9.99386E-05 0.0233225
9.99298E-05 0.0450338 9.99298E-05 9.99298E-05 9.99298E-05 0.726429 9.99298E-05 9.99298E-05 9.99298E-05 0.160911 9.99298E-05 0.0668267
0.00420802 9.99473E-05 9.99473E-05 0.153474 9.99473E-05 0.753969 0.00872127 0.0068891 9.99473E-05 9.99473E-05 0.0721396 9.99473E-05
0.0327622 9.99298E-05 9.99298E-05 9.99298E-05 9.99298E-05 0.740077 0.208058 0.018303 9.99298E-05 9.99298E-05 9.99298E-05 9.99298E-05
0.0399368 0.0659881 9.99561E-05 0.00389572 0.0185411 0.800481 9.99561E-05 9.99561E-05 9.99561E-05 0.0189941 0.0516636 9.99561E-05
0.273796 0.0816112 9.99561E-05 0.0820233 9.99561E-05 0.0883115 9.99561E-05 0.0360826 9.99561E-05 0.162517 0.275159 9.99561E-05
0.126461 9.99474E-05 9.99474E-05 9.99474E-05 0.0383577 0.344826 0.236473 9.99474E-05 9.99474E-05 0.0531467 0.200137 9.99474E-05
9.99473E-05 0.0422282 0.0992045 0.167231 0.0367713 0.314456 9.99473E-05 9.99473E-05 9.99473E-05 9.99473E-05 0.339509 9.99473E-05
0.101761 0.0105675 9.99474E-05 0.0610809 9.99474E-05 9.99474E-05 9.99474E-05 0.0484882 9.99474E-05 0.355583 0.42192 9.99474E-05
0.110976 0.0970781 9.99824E-05 0.163152 0.00816756 0.107681 0.0988194 0.113851 0.0296562 9.99824E-05 0.134571 0.135847
0.314048 0.156675 9.99561E-05 0.0359187 9.99561E-05 9.99561E-05 0.0379354 0.0505926 9.99561E-05 0.0890638 0.315267 9.99561E-05
0.239095 0.0815907 9.99385E-05 9.99385E-05 9.99385E-05 0.0161924 0.120429 9.99385E-05 9.99385E-05 9.99385E-05 0.541993 9.99385E-05
0.16172 0.0121615 9.99561E-05 0.24009 9.99561E-05 9.99561E-05 0.020869 0.0436474 9.99561E-05 0.182142 0.33887 9.99561E-05
0.144807 9.99474E-05 0.00434747 9.99474E-05 0.0905659 0.212488 9.99474E-05 9.99474E-05 9.99474E-05 0.0921149 0.455077 9.99474E-05
0.116456 0.111811 9.99649E-05 0.0290873 9.99649E-05 0.270216 0.234699 0.0897287 9.99649E-05 0.0146316 0.132971 9.99649E-05
0.468996 0.231303 9.99473E-05 0.0550515 9.99473E-05 9.99473E-05 0.0217331 0.100337 9.99473E-05 9.99473E-05 0.121979 9.99473E-05
0.20579 0.136873 9.99649E-05 9.99649E-05 0.177404 0.00677611 0.15975 0.00745749 0.00168191 9.99649E-05 0.303867 9.99649E-05
0.0945207 0.13643 9.99736E-05 9.99736E-05 0.12759 0.0218868 9.99736E-05 0.107353 0.0631903 0.23025 0.189014 0.0294654
0.353999 9.99561E-05 9.99561E-05 9.99561E-05 0.0954576 0.0411952 0.0181574 9.99561E-05 0.0892487 0.0812858 0.320157 9.99561E-05
0.0485599 0.0479915 9.99562E-05 0.0172991 0.124638 0.27305 9.99562E-05 9.99562E-05 9.99562E-05 0.240462 0.247501 9.99562E-05
0.140986 0.109961 0.0359059 9.99649E-05 9.99649E-05 0.253952 0.100453 0.0472229 9.99649E-05 0.011484 0.299636 9.99649E-05
0.140807 9.99473E-05 9.99473E-05 0.128839 0.0896724 9.99473E-05 0.147706 9.99473E-05 9.99473E-05 0.265837 0.226539 9.99473E-05
0.123262 0.180916 9.99561E-05 9.99561E-05 9.99561E-05 0.111106 0.331592 0.120501 9.99561E-05 0.0416135 0.0905102 9.99561E-05
0.243193 0.0705113 9.99649E-05 0.14586 9.99649E-05 0.245899 0.00746776 0.0537929 9.99649E-05 0.0260075 0.206869 9.99649E-05
0.414388 0.0653586 9.99473E-05 0.0319207 0.16854 9.99473E-05 9.99473E-05 9.99473E-05 9.99473E-05 0.137976 0.181216 9.99473E-05
0.134119 0.0391996 0.205954 0.00689913 0.152847 0.247526 9.99562E-05 9.99562E-05 9.99562E-05 9.99562E-05 0.212954 9.99562E-05
0.202765 9.99561E-05 9.99561E-05 0.0783763 0.0312784 0.0340303 0.183044 9.99561E-05 9.99561E-05 0.169437 0.300569 9.99561E-05
0.161972 0.0323532 9.99561E-05 0.0384381 0.0274149 0.187991 9.99561E-05 9.99561E-05 9.99561E-05 0.323165 0.228166 9.99561E-05
0.068085 9.99737E-05 9.99737E-05 0.146716 0.140244 0.145604 0.221322 0.0991229 0.0402451 0.0564475 0.0819141 9.99737E-05
0.200141 0.232449 9.99473E-05 9.99473E-05 9.99473E-05 0.181198 0.170697 0.0344962 9.99473E-05 0.180419 9.99473E-05 9.99473E-05
0.136427 0.0518536 0.0589656 9.99649E-05 9.99649E-05 0.347481 9.99649E-05 0.0190626 9.99649E-05 0.00474463 0.364352 0.0167138
0.0619944 9.99562E-05 0.0465164 0.115684 0.048418 0.35939 0.117971 9.99562E-05 9.99562E-05 9.99562E-05 0.249527 9.99562E-05
0.151363 9.99475E-05 9.99475E-05 0.00419732 0.0171219 0.224795 0.209226 9.99475E-05 9.99475E-05 9.99475E-05 0.392697 9.99475E-05
0.205019 9.99474E-05 9.99474E-05 0.246488 9.99474E-05 0.331488 9.99474E-05 0.0794087 9.99474E-05 0.0946209 0.042377 9.99474E-05
0.267376 0.00538906 0.20125 9.99649E-05 0.0532627 0.186762 9.99649E-05 0.101994 0.0233476 9.99649E-05 0.160219 9.99649E-05
0.0824183 9.9921E-05 9.9921E-05 9.9921E-05 9.9921E-05 9.9921E-05 9.9921E-05 0.0869198 9.9921E-05 0.829763 9.9921E-05 9.9921E-05
0.0341282 9.99298E-05 0.402137 9.99298E-05 9.99298E-05 9.99298E-05 9.99298E-05 0.0106664 9.99298E-05 0.552269 9.99298E-05 9.99298E-05
9.99034E-05 9.99034E-05 9.99034E-05 9.99034E-05 9.99034E-05 9.99034E-05 9.99034E-05 9.99034E-05 9.99034E-05 0.998901 9.99034E-05 9.99034E-05
0.11769 9.99209E-05 9.99209E-05 9.99209E-05 9.99209E-05 9.99209E-05 9.99209E-05 0.028218 9.99209E-05 0.853192 9.99209E-05 9.99209E-05
9.99297E-05 9.99297E-05 9.99297E-05 0.0181176 9.99297E-05 9.99297E-05 9.99297E-05 0.113511 9.99297E-05 0.858167 9.99297E-05 0.00940535
0.118055 9.99385E-05 9.99385E-05 9.99385E-05 9.99385E-05 9.99385E-05 0.0220461 0.139738 9.99385E-05 0.641914 0.0775483 9.99385E-05
0.12419 0.0257146 9.99386E-05 0.00160381 9.99386E-05 9.99386E-05 9.99386E-05 0.0436651 9.99386E-05 0.804127 9.99386E-05 9.99386E-05
9.99122E-05 9.99122E-05 9.99122E-05 9.99122E-05 9.99122E-05 9.99122E-05 9.99122E-05 0.17796 9.99122E-05 0.821041 9.99122E-05 9.99122E-05
9.99297E-05 0.0249447 9.99297E-05 9.99297E-05 9.99297E-05 9.99297E-05 9.99297E-05 0.302281 9.99297E-05 0.448835 0.223139 9.99297E-05
0.213953 9.99297E-05 9.99297E-05 0.0236212 9.99297E-05 9.99297E-05 9.99297E-05 0.166367 9.99297E-05 0.595259 9.99297E-05 9.99297E-05
9.9921E-05 9.9921E-05 0.16811 9.9921E-05 9.9921E-05 9.9921E-05 9.9921E-05 9.9921E-05 9.9921E-05 0.53106 0.299931 9.9921E-05
0.0154449 0.018906 0.0319414 9.99386E-05 9.99386E-05 9.99386E-05 9.99386E-05 9.99386E-05 9.99386E-05 0.819051 0.113957 9.99386E-05
9.9921E-05 9.9921E-05 9.9921E-05 0.0920702 9.9921E-05 9.9921E-05 9.9921E-05 0.110575 9.9921E-05 0.796456 9.9921E-05 9.9921E-05
0.174114 9.99298E-05 0.0166811 9.99298E-05 9.99298E-05 9.99298E-05 9.99298E-05 0.168292 9.99298E-05 0.640113 9.99298E-05 9.99298E-05
9.99298E-05 9.99298E-05 9.99298E-05 0.149464 0.00557842 9.99298E-05 9.99298E-05 0.0250605 9.99298E-05 0.819098 9.99298E-05 9.99298E-05
0.103975 0.00143217 9.99385E-05 9.99385E-05 0.0209605 9.99385E-05 9.99385E-05 9.99385E-05 9.99385E-05 0.751499 0.121434 9.99385E-05
0.0550066 9.99473E-05 0.00749297 0.0252544 9.99473E-05 9.99473E-05 9.99473E-05 9.99473E-05 9.99473E-05 0.71493 0.179542 0.017175
9.99386E-05 0.0517477 9.99386E-05 9.99386E-05 0.0636569 9.99386E-05 9.99386E-05 0.127746 0.0114919 0.744657 9.99386E-05 9.99386E-05
9.9921E-05 0.0123484 9.9921E-05 9.9921E-05 9.9921E-05 9.9921E-05 9.9921E-05 0.0438362 9.9921E-05 0.942916 9.9921E-05 9.9921E-05
0.107474 0.0243784 0.15842 9.99474E-05 9.99474E-05 9.99474E-05 9.99474E-05 0.159359 9.99474E-05 0.49405 9.99474E-05 0.0557184
0.0746782 9.99385E-05 9.99385E-05 9.99385E-05 9.99385E-05 9.99385E-05 9.99385E-05 0.023432 0.018778 0.761735 0.120677 9.99385E-05
0.0238791 0.00698535 9.99297E-05 0.0146119 9.99297E-05 9.99297E-05 9.99297E-05 9.99297E-05 9.99297E-05 0.953724 9.99297E-05 9.99297E-05
0.237935 9.99297E-05 9.99297E-05 9.99297E-05 9.99297E-05 9.99297E-05 9.99297E-05 0.269589 9.99297E-05 0.432491 9.99297E-05 0.0591859
0.00376211 9.99298E-05 0.0704266 9.99298E-05 9.99298E-05 9.99298E-05 9.99298E-05 0.0908696 9.99298E-05 0.834142 9.99298E-05 9.99298E-05
0.216816 9.99297E-05 9.99297E-05 9.99297E-05 9.99297E-05 9.99297E-05 9.99297E-05 0.236899 9.99297E-05 0.493166 9.99297E-05 0.0523193
0.164496 9.99386E-05 0.22093 9.99386E-05 9.99386E-05 9.99386E-05 9.99386E-05 0.139597 9.99386E-05 0.400257 0.0740193 9.99386E-05
0.119291 9.99473E-05 0.555578 9.99473E-05 9.99473E-05 9.99473E-05 0.0365516 9.99473E-05 0.0799834 0.180254 9.99473E-05 0.0277421
0.0473111 0.00353142 9.99472E-05 9.99472E-05 9.99472E-05 9.99472E-05 9.99472E-05 0.0474374 0.0084617 0.833096 9.99472E-05 0.0595625
0.183148 9.99298E-05 9.99298E-05 9.99298E-05 9.99298E-05 9.99298E-05 9.99298E-05 0.27574 9.99298E-05 0.538861 0.00145233 9.99298E-05
0.146296 0.0715582 0.0233427 9.99474E-05 9.99474E-05 9.99474E-05 9.99474E-05 9.99474E-05 0.00900609 0.747736 9.99474E-05 0.00146098
0.186376 0.0128541 9.99298E-05 9.99298E-05 9.99298E-05 9.99298E-05 9.99298E-05 0.0235526 9.99298E-05 0.776418 9.99298E-05 9.99298E-05
9.99035E-05 9.99035E-05 9.99035E-05 9.99035E-05 9.99035E-05 9.99035E-05 9.99035E-05 9.99035E-05 9.99035E-05 0.998901 9.99035E-05 9.99035E-05
0.0659041 9.99385E-05 9.99385E-05 9.99385E-05 9.99385E-05 9.99385E-05 9.99385E-05 0.24474 0.0139028 0.493277 9.99385E-05 0.181476
0.113424 9.99121E-05 9.99121E-05 9.99121E-05 9.99121E-05 9.99121E-05 9.99121E-05 9.99121E-05 9.99121E-05 0.885576 9.99121E-05 9.99121E-05
0.0105811 9.99122E-05 9.99122E-05 9.99122E-05 9.99122E-05 9.99122E-05 9.99122E-05 9.99122E-05 9.99122E-05 0.98842 9.99122E-05 9.99122E-05
9.99385E-05 0.0265112 0.0253501 0.00111618 9.99385E-05 9.99385E-05 9.99385E-05 0.104584 9.99385E-05 0.841739 9.99385E-05 9.99385E-05
0.157148 0.00129881 9.99384E-05 0.0331956 9.99384E-05 9.99384E-05 9.99384E-05 0.0424685 9.99384E-05 0.765189 9.99384E-05 9.99384E-05
9.99385E-05 9.99385E-05 0.47121 9.99385E-05 9.99385E-05 9.99385E-05 9.99385E-05 0.0446934 0.0332618 0.382838 9.99385E-05 0.067297
0.0997863 9.99298E-05 0.134859 9.99298E-05 9.99298E-05 9.99298E-05 9.99298E-05 0.0262353 9.99298E-05 0.73832 9.99298E-05 9.99298E-05
9.99124E-05 9.99124E-05 0.172558 9.99124E-05 9.99124E-05 9.99124E-05 9.99124E-05 9.99124E-05 9.99124E-05 0.826443 9.99124E-05 9.99124E-05
9.99298E-05 9.99298E-05 0.350335 9.99298E-05 9.99298E-05 9.99298E-05 9.99298E-05 0.0282349 9.99298E-05 0.603133 0.0174977 9.99298E-05
0.290949 9.99297E-05 9.99297E-05 9.99297E-05 9.99297E-05 9.99297E-05 9.99297E-05 0.0927467 9.99297E-05 0.545605 0.0699002 9.99297E-05
9.9921E-05 9.9921E-05 9.9921E-05 9.9921E-05 0.00790581 9.9921E-05 9.9921E-05 0.126059 9.9921E-05 0.865136 9.9921E-05 9.9921E-05
0.0974246 9.99385E-05 0.549484 9.99385E-05 9.99385E-05 9.99385E-05 9.99385E-05 0.156115 9.99385E-05 0.167733 9.99385E-05 0.0285442
0.0211385 9.9921E-05 0.440529 9.9921E-05 9.9921E-05 9.9921E-05 9.9921E-05 9.9921E-05 9.9921E-05 0.537433 9.9921E-05 9.9921E-05
0.000238421 0.00115411 9.99561E-05 0.0291549 9.99561E-05 9.99561E-05 9.99561E-05 0.265621 9.99561E-05 0.513899 0.130431 0.0590016
0.142557 0.0493404 0.0416037 9.99561E-05 0.00511479 9.99561E-05 9.99561E-05 0.0889213 9.99561E-05 0.667467 0.00449608 9.99561E-05
0.00942992 9.99386E-05 9.99386E-05 9.99386E-05 0.0452522 9.99386E-05 9.99386E-05 0.156472 9.99386E-05 0.643587 0.144559 9.99386E-05
0.149048 0.0129605 9.99386E-05 9.99386E-05 9.99386E-05 9.99386E-05 9.99386E-05 0.223162 9.99386E-05 0.513876 9.99386E-05 0.100254
9.99122E-05 9.99122E-05 0.422768 9.99122E-05 9.99122E-05 9.99122E-05 9.99122E-05 9.99122E-05 9.99122E-05 0.576233 9.99122E-05 9.99122E-05
0.0883179 9.99209E-05 9.99209E-05 9.99209E-05 9.99209E-05 9.99209E-05 0.216343 9.99209E-05 9.99209E-05 0.69444 9.99209E-05 9.99209E-05
9.99385E-05 0.0158802 0.526381 9.99385E-05 9.99385E-05 9.99385E-05 9.99385E-05 0.113086 9.99385E-05 0.308796 0.0351572 9.99385E-05
0.0144613 0.0189387 0.152111 9.99386E-05 9.99386E-05 9.99386E-05 9.99386E-05 0.110703 9.99386E-05 0.703087 9.99386E-05 9.99386E-05
9.99297E-05 9.99297E-05 9.99297E-05 9.99297E-05 0.0193442 9.99297E-05 9.99297E-05 0.0366683 9.99297E-05 0.927821 0.015367 9.99297E-05
9.99121E-05 0.0014688 9.99121E-05 9.99121E-05 9.99121E-05 9.99121E-05 9.99121E-05 9.99121E-05 9.99121E-05 0.997532 9.99121E-05 9.99121E-05
0.140853 9.99297E-05 9.99297E-05 9.99297E-05 9.99297E-05 9.99297E-05 9.99297E-05 0.196523 9.99297E-05 0.506659 0.155165 9.99297E-05
0.0579575 9.99209E-05 9.99209E-05 9.99209E-05 9.99209E-05 9.99209E-05 9.99209E-05 0.146444 9.99209E-05 0.794699 9.99209E-05 9.99209E-05
9.99209E-05 9.99209E-05 9.99209E-05 9.99209E-05 0.0105602 9.99209E-05 9.99209E-05 9.99209E-05 9.99209E-05 0.986725 9.99209E-05 0.00181528
0.0275991 9.99298E-05 0.0296859 9.99298E-05 9.99298E-05 9.99298E-05 9.99298E-05 9.99298E-05 9.99298E-05 0.794284 9.99298E-05 0.147632
0.00533806 9.99386E-05 0.056645 9.99386E-05 9.99386E-05 9.99386E-05 9.99386E-05 0.139609 9.99386E-05 0.745361 0.0523474 9.99386E-05
0.998901 9.99032E-05 9.99032E-05 9.99032E-05 9.99032E-05 9.99032E-05 9.99032E-05 9.99032E-05 9.99032E-05 9.99032E-05 9.99032E-05 9.99032E-05
9.99032E-05 9.99032E-05 9.99032E-05 9.99032E-05 9.99032E-05 9.99032E-05 9.99032E-05 0.998901 9.99032E-05 9.99032E-05 9.99032E-05 9.99032E-05
0.998901 9.99031E-05 9.99031E-05 9.99031E-05 9.99031E-05 9.99031E-05 9.99031E-05 9.99031E-05 9.99031E-05 9.99031E-05 9.99031E-05 9.99031E-05
9.99032E-05 9.99032E-05 9.99032E-05 9.99032E-05 9.99032E-05 9.99032E-05 9.99032E-05 0.998901 9.99032E-05 9.99032E-05 9.99032E-05 9.99032E-05
9.99033E-05 9.99033E-05 9.99033E-05 9.99033E-05 9.99033E-05 9.99033E-05 9.99033E-05 0.998901 9.99033E-05 9.99033E-05 9.99033E-05 9.99033E-05
9.99032E-05 9.99032E-05 9.99032E-05 9.99032E-05 9.99032E-05 9.99032E-05 9.99032E-05 0.998901 9.99032E-05 9.99032E-05 9.99032E-05 9.99032E-05
0.998901 9.99032E-05 9.99032E-05 9.99032E-05 9.99032E-05 9.99032E-05 9.99032E-05 9.99032E-05 9.99032E-05 9.99032E-05 9.99032E-05 9.99032E-05
9.99033E-05 9.99033E-05 9.99033E-05 9.99033E-05 9.99033E-05 9.99033E-05 9.99033E-05 0.998901 9.99033E-05 9.99033E-05 9.99033E-05 9.99033E-05
9.99033E-05 9.99033E-05 9.99033E-05 9.99033E-05 9.99033E-05 9.99033E-05 9.99033E-05 0.998901 9.99033E-05 9.99033E-05 9.99033E-05 9.99033E-05
0.998901 9.99032E-05 9.99032E-05 9.99032E-05 9.99032E-05 9.99032E-05 9.99032E-05 9.99032E-05 9.99032E-05 9.99032E-05 9.99032E-05 9.99032E-05
0.998901 9.99032E-05 9.99032E-05 9.99032E-05 9.99032E-05 9.99032E-05 9.99032E-05 9.99032E-05 9.99032E-05 9.99032E-05 9.99032E-05 9.99032E-05
0.998901 9.99032E-05 9.99032E-05 9.99032E-05 9.99032E-05 9.99032E-05 9.99032E-05 9.99032E-05 9.99032E-05 9.99032E-05 9.99032E-05 9.99032E-05
9.99032E-05 9.99032E-05 9.99032E-05 9.99032E-05 9.99032E-05 9.99032E-05 9.99032E-05 0.998901 9.99032E-05 9.99032E-05 9.99032E-05 9.99032E-05
9.99032E-05 9.99032E-05 9.99032E-05 9.99032E-05 9.99032E-05 9.99032E-05 9.99032E-05 0.998901 9.99032E-05 9.99032E-05 9.99032E-05 9.99032E-05
0.998901 9.99032E-05 9.99032E-05 9.99032E-05 9.99032E-05 9.99032E-05 9.99032E-05 9.99032E-05 9.99032E-05 9.99032E-05 9.99032E-05 9.99032E-05
0.998901 9.99032E-05 9.99032E-05 9.99032E-05 9.99032E-05 9.99032E-05 9.99032E-05 9.99032E-05 9.99032E-05 9.99032E-05 9.99032E-05 9.99032E-05
0.0327538 9.99385E-05 9.99385E-05 9.99385E-05 9.99385E-05 9.99385E-05 0.189619 0.0720612 9.99385E-05 0.69641 9.99385E-05 0.00845586
0.998901 9.99032E-05 9.99032E-05 9.99032E-05 9.99032E-05 9.99032E-05 9.99032E-05 9.99032E-05 9.99032E-05 9.99032E-05 9.99032E-05 9.99032E-05
9.99033E-05 9.99033E-05 9.99033E-05 9.99033E-05 9.99033E-05 9.99033E-05 9.99033E-05 0.998901 9.99033E-05 9.99033E-05 9.99033E-05 9.99033E-05
0.998901 9.99031E-05 9.99031E-05 9.99031E-05 9.99031E-05 9.99031E-05 9.99031E-05 9.99031E-05 9.99031E-05 9.99031E-05 9.99031E-05 9.99031E-05
0.983015 9.99121E-05 9.99121E-05 9.99121E-05 9.99121E-05 9.99121E-05 9.99121E-05 0.0159861 9.99121E-05 9.99121E-05 9.99121E-05 9.99121E-05
0.998901 9.99032E-05 9.99032E-05 9.99032E-05 9.99032E-05 9.99032E-05 9.99032E-05 9.99032E-05 9.99032E-05 9.99032E-05 9.99032E-05 9.99032E-05
9.99033E-05 9.99033E-05 9.99033E-05 9.99033E-05 9.99033E-05 9.99033E-05 9.99033E-05 0.998901 9.99033E-05 9.99033E-05 9.99033E-05 9.99033E-05
0.998901 9.99032E-05 9.99032E-05 9.99032E-05 9.99032E-05 9.99032E-05 9.99032E-05 9.99032E-05 9.99032E-05 9.99032E-05 9.99032E-05 9.99032E-05
9.99032E-05 9.99032E-05 9.99032E-05 9.99032E-05 9.99032E-05 9.99032E-05 9.99032E-05 0.998901 9.99032E-05 9.99032E-05 9.99032E-05 9.99032E-05
0.998901 9.99032E-05 9.99032E-05 9.99032E-05 9.99032E-05 9.99032E-05 9.99032E-05 9.99032E-05 9.99032E-05 9.99032E-05 9.99032E-05 9.99032E-05
0.998901 9.99033E-05 9.99033E-05 9.99033E-05 9.99033E-05 9.99033E-05 9.99033E-05 9.99033E-05 9.99033E-05 9.99033E-05 9.99033E-05 9.99033E-05
9.99033E-05 9.99033E-05 9.99033E-05 9.99033E-05 9.99033E-05 9.99033E-05 9.99033E-05 0.998901 9.99033E-05 9.99033E-05 9.99033E-05 9.99033E-05
9.99032E-05 9.99032E-05 9.99032E-05 9.99032E-05 9.99032E-05 9.99032E-05 9.99032E-05 0.998901 9.99032E-05 9.99032E-05 9.99032E-05 9.99032E-05
9.99033E-05 9.99033E-05 9.99033E-05 9.99033E-05 9.99033E-05 9.99033E-05 9.99033E-05 0.998901 9.99033E-05 9.99033E-05 9.99033E-05 9.99033E-05
0.998901 9.99032E-05 9.99032E-05 9.99032E-05 9.99032E-05 9.99032E-05 9.99032E-05 9.99032E-05 9.99032E-05 9.99032E-05 9.99032E-05 9.99032E-05
0.998901 9.99032E-05 9.99032E-05 9.99032E-05 9.99032E-05 9.99032E-05 9.99032E-05 9.99032E-05 9.99032E-05 9.99032E-05 9.99032E-05 9.99032E-05
0.998901 9.99032E-05 9.99032E-05 9.99032E-05 9.99032E-05 9.99032E-05 9.99032E-05 9.99032E-05 9.99032E-05 9.99032E-05 9.99032E-05 9.99032E-05
0.998901 9.99032E-05 9.99032E-05 9.99032E-05 9.99032E-05 9.99032E-05 9.99032E-05 9.99032E-05 9.99032E-05 9.99032E-05 9.99032E-05 9.99032E-05
0.998901 9.99032E-05 9.99032E-05 9.99032E-05 9.99032E-05 9.99032E-05 9.99032E-05 9.99032E-05 9.99032E-05 9.99032E-05 9.99032E-05 9.99032E-05
9.99032E-05 9.99032E-05 9.99032E-05 9.99032E-05 9.99032E-05 9.99032E-05 9.99032E-05 0.998901 9.99032E-05 9.99032E-05 9.99032E-05 9.99032E-05
9.99032E-05 9.99032E-05 9.99032E-05 9.99032E-05 9.99032E-05 9.99032E-05 9.99032E-05 0.998901 9.99032E-05 9.99032E-05 9.99032E-05 9.99032E-05
9.99032E-05 9.99032E-05 9.99032E-05 9.99032E-05 9.99032E-05 9.99032E-05 9.99032E-05 0.998901 9.99032E-05 9.99032E-05 9.99032E-05 9.99032E-05
0.998901 9.99032E-05 9.99032E-05 9.99032E-05 9.99032E-05 9.99032E-05 9.99032E-05 9.99032E-05 9.99032E-05 9.99032E-05 9.99032E-05 9.99032E-05
9.99032E-05 9.99032E-05 9.99032E-05 9.99032E-05 9.99032E-05 9.99032E-05 9.99032E-05 0.998901 9.99032E-05 9.99032E-05 9.99032E-05 9.99032E-05
9.99032E-05 9.99032E-05 9.99032E-05 9.99032E-05 9.99032E-05 9.99032E-05 9.99032E-05 0.998901 9.99032E-05 9.99032E-05 9.99032E-05 9.99032E-05
9.99032E-05 9.99032E-05 9.99032E-05 9.99032E-05 9.99032E-05 9.99032E-05 9.99032E-05 0.998901 9.99032E-05 9.99032E-05 9.99032E-05 9.99032E-05
9.99032E-05 9.99032E-05 9.99032E-05 9.99032E-05 9.99032E-05 9.99032E-05 9.99032E-05 0.998901 9.99032E-05 9.99032E-05 9.99032E-05 9.99032E-05
0.998901 9.99032E-05 9.99032E-05 9.99032E-05 9.99032E-05 9.99032E-05 9.99032E-05 9.99032E-05 9.99032E-05 9.99032E-05 9.99032E-05 9.99032E-05
9.99032E-05 9.99032E-05 9.99032E-05 9.99032E-05 9.99032E-05 9.99032E-05 9.99032E-05 0.998901 9.99032E-05 9.99032E-05 9.99032E-05 9.99032E-05
9.99032E-05 9.99032E-05 9.99032E-05 9.99032E-05 9.99032E-05 9.99032E-05 9.99032E-05 0.998901 9.99032E-05 9.99032E-05 9.99032E-05 9.99032E-05
0.0752661 9.99473E-05 9.99473E-05 9.99473E-05 0.0212173 9.99473E-05 0.175748 9.99473E-05 9.99473E-05 0.693743 0.00912313 0.0243029
0.998901 9.99032E-05 9.99032E-05 9.99032E-05 9.99032E-05 9.99032E-05 9.99032E-05 9.99032E-05 9.99032E-05 9.99032E-05 9.99032E-05 9.99032E-05
9.99032E-05 9.99032E-05 9.99032E-05 9.99032E-05 9.99032E-05 9.99032E-05 9.99032E-05 0.998901 9.99032E-05 9.99032E-05 9.99032E-05 9.99032E-05
9.99032E-05 9.99032E-05 9.99032E-05 9.99032E-05 9.99032E-05 9.99032E-05 9.99032E-05 0.998901 9.99032E-05 9.99032E-05 9.99032E-05 9.99032E-05
9.99032E-05 9.99032E-05 9.99032E-05 9.99032E-05 9.99032E-05 9.99032E-05 9.99032E-05 0.998901 9.99032E-05 9.99032E-05 9.99032E-05 9.99032E-05
9.99032E-05 9.99032E-05 9.99032E-05 9.99032E-05 9.99032E-05 9.99032E-05 9.99032E-05 0.998901 9.99032E-05 9.99032E-05 9.99032E-05 9.99032E-05
0.998901 9.99032E-05 9.99032E-05 9.99032E-05 9.99032E-05 9.99032E-05 9.99032E-05 9.99032E-05 9.99032E-05 9.99032E-05 9.99032E-05 9.99032E-05
9.99032E-05 9.99032E-05 9.99032E-05 9.99032E-05 9.99032E-05 9.99032E-05 9.99032E-05 0.998901 9.99032E-05 9.99032E-05 9.99032E-05 9.99032E-05
0.998901 9.99033E-05 9.99033E-05 9.99033E-05 9.99033E-05 9.99033E-05 9.99033E-05 9.99033E-05 9.99033E-05 9.99033E-05 9.99033E-05 9.99033E-05
9.99033E-05 9.99033E-05 9.99033E-05 9.99033E-05 9.99033E-05 9.99033E-05 9.99033E-05 0.998901 9.99033E-05 9.99033E-05 9.99033E-05 9.99033E-05
0.998901 9.99032E-05 9.99032E-05 9.99032E-05 9.99032E-05 9.99032E-05 9.99032E-05 9.99032E-05 9.99032E-05 9.99032E-05 9.99032E-05 9.99032E-05
9.99033E-05 9.99033E-05 9.99033E-05 9.99033E-05 9.99033E-05 9.99033E-05 9.99033E-05 0.998901 9.99033E-05 9.99033E-05 9.99033E-05 9.99033E-05
9.99032E-05 9.99032E-05 9.99032E-05 9.99032E-05 9.99032E-05 9.99032E-05 9.99032E-05 0.998901 9.99032E-05 9.99032E-05 9.99032E-05 9.99032E-05
9.99032E-05 9.99032E-05 9.99032E-05 9.99032E-05 9.99032E-05 9.99032E-05 9.99032E-05 0.998901 9.99032E-05 9.99032E-05 9.99032E-05 9.99032E-05
9.99032E-05 9.99032E-05 9.99032E-05 9.99032E-05 9.99032E-05 9.99032E-05 9.99032E-05 0.998901 9.99032E-05 9.99032E-05 9.99032E-05 9.99032E-05
9.99033E-05 9.99033E-05 9.99033E-05 9.99033E-05 9.99033E-05 9.99033E-05 9.99033E-05 0.998901 9.99033E-05 9.99033E-05 9.99033E-05 9.99033E-05
9.99033E-05 9.99033E-05 9.99033E-05 9.99033E-05 9.99033E-05 9.99033E-05 9.99033E-05 0.998901 9.99033E-05 9.99033E-05 9.99033E-05 9.99033E-05
0.998901 9.99032E-05 9.99032E-05 9.99032E-05 9.99032E-05 9.99032E-05 9.99032E-05 9.99032E-05 9.99032E-05 9.99032E-05 9.99032E-05 9.99032E-05
0.998901 9.99031E-05 9.99031E-05 9.99031E-05 9.99031E-05 9.99031E-05 9.99031E-05 9.99031E-05 9.99031E-05 9.99031E-05 9.99031E-05 9.99031E-05
0.998901 9.99032E-05 9.99032E-05 9.99032E-05 9.99032E-05 9.99032E-05 9.99032E-05 9.99032E-05 9.99032E-05 9.99032E-05 9.99032E-05 9.99032E-05
9.99032E-05 9.99032E-05 9.99032E-05 9.99032E-05 9.99032E-05 9.99032E-05 9.99032E-05 0.998901 9.99032E-05 9.99032E-05 9.99032E-05 9.99032E-05
0.998901 9.99032E-05 9.99032E-05 9.99032E-05 9.99032E-05 9.99032E-05 9.99032E-05 9.99032E-05 9.99032E-05 9.99032E-05 9.99032E-05 9.99032E-05
0.998901 9.99033E-05 9.99033E-05 9.99033E-05 9.99033E-05 9.99033E-05 9.99033E-05 9.99033E-05 9.99033E-05 9.99033E-05 9.99033E-05 9.99033E-05
0.998901 9.99033E-05 9.99033E-05 9.99033E-05 9.99033E-05 9.99033E-05 9.99033E-05 9.99033E-05 9.99033E-05 9.99033E-05 9.99033E-05 9.99033E-05
9.99032E-05 9.99032E-05 9.99032E-05 9.99032E-05 9.99032E-05 9.99032E-05 9.99032E-05 0.998901 9.99032E-05 9.99032E-05 9.99032E-05 9.99032E-05
9.99032E-05 9.99032E-05 9.99032E-05 9.99032E-05 9.99032E-05 9.99032E-05 9.99032E-05 0.998901 9.99032E-05 9.99032E-05 9.99032E-05 9.99032E-05
9.99032E-05 9.99032E-05 9.99032E-05 9.99032E-05 9.99032E-05 9.99032E-05 9.99032E-05 0.998901 9.99032E-05 9.99032E-05 9.99032E-05 9.99032E-05
0.998901 9.99032E-05 9.99032E-05 9.99032E-05 9.99032E-05 9.99032E-05 9.99032E-05 9.99032E-05 9.99032E-05 9.99032E-05 9.99032E-05 9.99032E-05
9.99033E-05 9.99033E-05 9.99033E-05 9.99033E-05 9.99033E-05 9.99033E-05 9.99033E-05 0.998901 9.99033E-05 9.99033E-05 9.99033E-05 9.99033E-05
9.99033E-05 9.99033E-05 9.99033E-05 9.99033E-05 9.99033E-05 9.99033E-05 9.99033E-05 0.998901 9.99033E-05 9.99033E-05 9.99033E-05 9.99033E-05
0.998901 9.99031E-05 9.99031E-05 9.99031E-05 9.99031E-05 9.99031E-05 9.99031E-05 9.99031E-05 9.99031E-05 9.99031E-05 9.99031E-05 9.99031E-05
9.99032E-05 9.99032E-05 9.99032E-05 9.99032E-05 9.99032E-05 9.99032E-05 9.99032E-05 0.998901 9.99032E-05 9.99032E-05 9.99032E-05 9.99032E-05
9.99032E-05 9.99032E-05 9.99032E-05 9.99032E-05 9.99032E-05 9.99032E-05 9.99032E-05 0.998901 9.99032E-05 9.99032E-05 9.99032E-05 9.99032E-05
0.232787 0.110173 9.99472E-05 0.103419 9.99472E-05 9.99472E-05 9.99472E-05 0.0835092 9.99472E-05 0.447752 0.0217601 9.99472E-05
0.998901 9.99032E-05 9.99032E-05 9.99032E-05 9.99032E-05 9.99032E-05 9.99032E-05 9.99032E-05 9.99032E-05 9.99032E-05 9.99032E-05 9.99032E-05
9.99032E-05 9.99032E-05 9.99032E-05 9.99032E-05 9.99032E-05 9.99032E-05 9.99032E-05 0.998901 9.99032E-05 9.99032E-05 9.99032E-05 9.99032E-05
9.99298E-05 0.00415802 9.99298E-05 9.99298E-05 0.00406347 9.99298E-05 9.99298E-05 0.375445 9.99298E-05 0.615534 9.99298E-05 9.99298E-05
0.111201 9.99385E-05 9.99385E-05 9.99385E-05 9.99385E-05 9.99385E-05 0.0145687 0.227112 9.99385E-05 0.620524 9.99385E-05 0.0258949
0.245369 9.99209E-05 9.99209E-05 9.99209E-05 9.99209E-05 9.99209E-05 9.99209E-05 0.0728922 9.99209E-05 0.680839 9.99209E-05 9.99209E-05
9.99208E-05 9.99208E-05 9.99208E-05 0.0436817 9.99208E-05 9.99208E-05 9.99208E-05 9.99208E-05 9.99208E-05 0.939119 9.99208E-05 0.0162997
0.259222 9.99297E-05 9.99297E-05 9.99297E-05 9.99297E-05 9.99297E-05 9.99297E-05 0.20372 9.99297E-05 0.444712 0.0915464 9.99297E-05
0.0387646 9.99386E-05 0.357529 9.99386E-05 9.99386E-05 0.0137665 9.99386E-05 0.0250558 9.99386E-05 0.564184 9.99386E-05 9.99386E-05
0.110401 9.99297E-05 9.99297E-05 9.99297E-05 9.99297E-05 9.99297E-05 0.0677174 0.289342 9.99297E-05 0.531741 9.99297E-05 9.99297E-05
9.99385E-05 0.0437621 9.99385E-05 0.0497366 9.99385E-05 9.99385E-05 9.99385E-05 0.115811 9.99385E-05 0.788906 9.99385E-05 0.00108415
0.03838 9.99298E-05 0.281095 9.99298E-05 9.99298E-05 9.99298E-05 9.99298E-05 0.216848 9.99298E-05 0.462877 9.99298E-05 9.99298E-05
0.0969407 9.99298E-05 9.99298E-05 9.99298E-05 9.99298E-05 9.99298E-05 0.0210252 9.99298E-05 0.00320766 0.878027 9.99298E-05 9.99298E-05
0.123195 0.0815336 0.105851 9.99385E-05 9.99385E-05 9.99385E-05 9.99385E-05 0.0405358 9.99385E-05 0.648186 9.99385E-05 9.99385E-05
0.0312775 9.99209E-05 9.99209E-05 9.99209E-05 9.99209E-05 9.99209E-05 9.99209E-05 0.444075 9.99209E-05 0.523748 9.99209E-05 9.99209E-05
0.260905 9.99385E-05 9.99385E-05 0.0204669 0.0566056 9.99385E-05 9.99385E-05 0.203526 9.99385E-05 0.457797 9.99385E-05 9.99385E-05
9.99121E-05 9.99121E-05 9.99121E-05 0.0378175 9.99121E-05 9.99121E-05 9.99121E-05 9.99121E-05 9.99121E-05 0.961183 9.99121E-05 9.99121E-05
0.152637 9.99209E-05 9.99209E-05 9.99209E-05 9.99209E-05 9.99209E-05 9.99209E-05 0.0617322 9.99209E-05 0.784731 9.99209E-05 9.99209E-05
0.110876 0.0285888 9.994E-05 9.994E-05 9.994E-05 9.994E-05 9.994E-05 0.210182 0.0480784 0.540034 0.0616417 9.994E-05
0.0276868 9.99298E-05 0.0836945 9.99298E-05 9.99298E-05 9.99298E-05 9.99298E-05 0.140252 9.99298E-05 0.747568 9.99298E-05 9.99298E-05
0.327783 0.00652545 9.99385E-05 9.99385E-05 0.0558235 9.99385E-05 9.99385E-05 0.00889789 9.99385E-05 0.600271 9.99385E-05 9.99385E-05
9.99297E-05 9.99297E-05 9.99297E-05 9.99297E-05 9.99297E-05 9.99297E-05 9.99297E-05 0.0626822 9.99297E-05 0.681889 0.190263 0.0643663
0.124015 9.99297E-05 9.99297E-05 9.99297E-05 9.99297E-05 9.99297E-05 9.99297E-05 0.0788664 0.00559595 0.790723 9.99297E-05 9.99297E-05
0.0542128 9.99385E-05 9.99385E-05 9.99385E-05 9.99385E-05 9.99385E-05 9.99385E-05 0.0853022 0.0656347 0.75027 0.0438807 9.99385E-05
9.9921E-05 9.9921E-05 9.9921E-05 9.9921E-05 9.9921E-05 9.9921E-05 9.9921E-05 0.164078 0.0390955 0.795928 9.9921E-05 9.9921E-05
0.0807789 9.99297E-05 9.99297E-05 9.99297E-05 0.181261 9.99297E-05 9.99297E-05 0.0560663 9.99297E-05 0.681094 9.99297E-05 9.99297E-05
9.99121E-05 9.99121E-05 9.99121E-05 9.99121E-05 9.99121E-05 9.99121E-05 9.99121E-05 0.0636742 9.99121E-05 0.935327 9.99121E-05 9.99121E-05
9.99121E-05 9.99121E-05 9.99121E-05 0.0863152 9.99121E-05 9.99121E-05 9.99121E-05 9.99121E-05 9.99121E-05 0.912686 9.99121E-05 9.99121E-05
9.99209E-05 9.99209E-05 0.56019 9.99209E-05 9.99209E-05 9.99209E-05 9.99209E-05 0.0456669 9.99209E-05 0.393244 9.99209E-05 9.99209E-05
0.0877962 9.99297E-05 9.99297E-05 9.99297E-05 9.99297E-05 9.99297E-05 9.99297E-05 0.0371496 9.99297E-05 0.814823 0.0594318 9.99297E-05
0.269216 9.99298E-05 9.99298E-05 9.99298E-05 9.99298E-05 9.99298E-05 0.0238763 0.19015 9.99298E-05 0.515958 9.99298E-05 9.99298E-05
9.99121E-05 9.99121E-05 9.99121E-05 0.0200215 9.99121E-05 9.99121E-05 9.99121E-05 9.99121E-05 9.99121E-05 0.978979 9.99121E-05 9.99121E-05
9.99385E-05 0.0301524 9.99385E-05 0.0739263 9.99385E-05 9.99385E-05 9.99385E-05 0.0961112 9.99385E-05 0.683875 9.99385E-05 0.115236
0.129846 9.99297E-05 9.99297E-05 9.99297E-05 9.99297E-05 9.99297E-05 9.99297E-05 0.345806 9.99297E-05 0.485778 0.0377704 9.99297E-05
0.106768 9.99298E-05 9.99298E-05 9.99298E-05 9.99298E-05 9.99298E-05 9.99298E-05 0.133727 9.99298E-05 0.727685 0.031021 9.99298E-05
0.0555738 9.99297E-05 9.99297E-05 9.99297E-05 9.99297E-05 9.99297E-05 9.99297E-05 0.119009 9.99297E-05 0.663183 0.161435 9.99297E-05
0.0854698 9.99385E-05 9.99385E-05 0.0100345 9.99385E-05 9.99385E-05 9.99385E-05 0.175712 0.102672 0.625413 9.99385E-05 9.99385E-05
0.0863589 0.0676666 9.99384E-05 0.0614458 9.99384E-05 9.99384E-05 9.99384E-05 0.135701 9.99384E-05 0.648128 9.99384E-05 9.99384E-05
0.152733 9.99122E-05 9.99122E-05 9.99122E-05 9.99122E-05 9.99122E-05 9.99122E-05 9.99122E-05 9.99122E-05 0.846268 9.99122E-05 9.99122E-05
9.9912E-05 9.9912E-05 0.488309 9.9912E-05 9.9912E-05 9.9912E-05 9.9912E-05 9.9912E-05 9.9912E-05 0.510692 9.9912E-05 9.9912E-05
0.104924 0.0778889 9.994E-05 9.994E-05 0.0736149 9.994E-05 0.0626685 9.994E-05 9.994E-05 0.635614 0.0446896 9.994E-05
9.9921E-05 0.0515678 9.9921E-05 9.9921E-05 0.0944675 9.9921E-05 9.9921E-05 9.9921E-05 9.9921E-05 0.853065 9.9921E-05 9.9921E-05
0.0184006 9.99297E-05 9.99297E-05 9.99297E-05 9.99297E-05 9.99297E-05 9.99297E-05 0.128799 0.219113 0.632888 9.99297E-05 9.99297E-05
0.172138 9.99209E-05 9.99209E-05 9.99209E-05 9.99209E-05 9.99209E-05 9.99209E-05 0.0314288 9.99209E-05 0.795534 9.99209E-05 9.99209E-05
0.0543268 9.99211E-05 9.99211E-05 9.99211E-05 9.99211E-05 9.99211E-05 9.99211E-05 9.99211E-05 0.11382 0.830954 9.99211E-05 9.99211E-05
0.0364348 9.99385E-05 9.99385E-05 9.99385E-05 9.99385E-05 9.99385E-05 0.0558192 0.196055 0.0128574 0.698134 9.99385E-05 9.99385E-05
9.9921E-05 9.9921E-05 9.9921E-05 9.9921E-05 9.9921E-05 9.9921E-05 9.9921E-05 0.49233 9.9921E-05 0.49743 0.00934009 9.9921E-05
0.25928 9.99297E-05 9.99297E-05 9.99297E-05 9.99297E-05 9.99297E-05 9.99297E-05 0.304728 9.99297E-05 0.417787 0.0174057 9.99297E-05
0.034836 9.99209E-05 9.99209E-05 9.99209E-05 9.99209E-05 9.99209E-05 9.99209E-05 0.100953 9.99209E-05 0.863312 9.99209E-05 9.99209E-05
9.99121E-05 9.99121E-05 0.43922 9.99121E-05 9.99121E-05 9.99121E-05 9.99121E-05 9.99121E-05 9.99121E-05 0.559781 9.99121E-05 9.99121E-05
9.99209E-05 0.0286045 9.99209E-05 9.99209E-05 9.99209E-05 9.99209E-05 9.99209E-05 0.207083 9.99209E-05 0.763414 9.99209E-05 9.99209E-05
9.9921E-05 9.9921E-05 0.303439 9.9921E-05 9.9921E-05 9.9921E-05 9.9921E-05 9.9921E-05 0.058121 0.63754 9.9921E-05 9.9921E-05
0.0763472 9.99473E-05 9.99473E-05 9.99473E-05 0.0163709 9.99473E-05 0.0361242 0.157808 9.99473E-05 0.488721 0.224029 9.99473E-05
9.99297E-05 9.99297E-05 0.430484 9.99297E-05 9.99297E-05 9.99297E-05 9.99297E-05 9.99297E-05 0.00571596 0.490396 0.0726042 9.99297E-05
0.227455 9.9921E-05 9.9921E-05 9.9921E-05 9.9921E-05 9.9921E-05 9.9921E-05 9.9921E-05 9.9921E-05 0.754808 0.0168376 9.9921E-05
0.151719 0.0171706 9.99385E-05 9.99385E-05 9.99385E-05 9.99385E-05 9.99385E-05 9.99385E-05 0.0427768 0.601498 0.186136 9.99385E-05
0.0166088 9.99297E-05 9.99297E-05 9.99297E-05 9.99297E-05 9.99297E-05 9.99297E-05 0.127568 9.99297E-05 0.690851 0.164173 9.99297E-05
9.99297E-05 9.99297E-05 9.99297E-05 9.99297E-05 0.0152682 9.99297E-05 0.0122227 9.99297E-05 0.0548078 0.916902 9.99297E-05 9.99297E-05
9.99122E-05 9.99122E-05 9.99122E-05 9.99122E-05 9.99122E-05 9.99122E-05 9.99122E-05 0.287637 9.99122E-05 0.711364 9.99122E-05 9.99122E-05
0.209118 0.00982075 0.466842 9.99473E-05 9.99473E-05 9.99473E-05 9.99473E-05 0.0460066 9.99473E-05 0.244825 0.0227873 9.99473E-05
9.99209E-05 9.99209E-05 0.141091 9.99209E-05 9.99209E-05 9.99209E-05 9.99209E-05 0.16977 9.99209E-05 0.68824 9.99209E-05 9.99209E-05
0.139813 9.9921E-05 9.9921E-05 9.9921E-05 9.9921E-05 9.9921E-05 9.9921E-05 0.195546 9.9921E-05 0.663742 9.9921E-05 9.9921E-05
0.192945 9.99474E-05 0.106004 0.0419785 9.99474E-05 9.99474E-05 9.99474E-05 0.207841 9.99474E-05 0.390196 0.0604358 9.99474E-05
0.0247567 9.99209E-05 0.402558 9.99209E-05 9.99209E-05 9.99209E-05 9.99209E-05 9.99209E-05 9.99209E-05 0.571786 9.99209E-05 9.99209E-05
0.00547865 9.99298E-05 0.41115 9.99298E-05 9.99298E-05 9.99298E-05 9.99298E-05 0.054227 9.99298E-05 0.528345 9.99298E-05 9.99298E-05
0.148197 0.0680733 0.463103 9.99473E-05 9.99473E-05 9.99473E-05 9.99473E-05 0.0797359 9.99473E-05 0.191393 9.99473E-05 0.0488979
0.0688568 0.00249533 9.99298E-05 9.99298E-05 9.99298E-05 9.99298E-05 9.99298E-05 0.0301527 9.99298E-05 0.897696 9.99298E-05 9.99298E-05
9.99121E-05 9.99121E-05 9.99121E-05 9.99121E-05 9.99121E-05 9.99121E-05 9.99121E-05 0.136365 9.99121E-05 0.862636 9.99121E-05 9.99121E-05
9.99122E-05 9.99122E-05 9.99122E-05 9.99122E-05 9.99122E-05 9.99122E-05 9.99122E-05 0.189913 9.99122E-05 0.809088 9.99122E-05 9.99122E-05
9.99211E-05 9.99211E-05 0.333616 9.99211E-05 9.99211E-05 9.99211E-05 9.99211E-05 0.0614929 9.99211E-05 0.603992 9.99211E-05 9.99211E-05
0.180025 9.99298E-05 9.99298E-05 9.99298E-05 9.99298E-05 9.99298E-05 9.99298E-05 0.126308 9.99298E-05 0.623956 0.0689114 9.99298E-05
