0.06235 9.99385E-05 0.0574029 0.303725 9.99385E-05 9.99385E-05 9.99385E-05 9.99385E-05 0.095466 0.420066 9.99385E-05 0.0602904 9.99385E-05
9.9921E-05 9.9921E-05 9.9921E-05 0.0193806 9.9921E-05 9.9921E-05 9.9921E-05 9.9921E-05 0.17083 0.802854 9.9921E-05 0.00603559 9.9921E-05
9.9921E-05 9.9921E-05 0.0252792 0.0369027 9.9921E-05 0.0190831 9.9921E-05 9.9921E-05 9.9921E-05 0.917836 9.9921E-05 9.9921E-05 9.9921E-05
9.99473E-05 9.99473E-05 0.0772526 0.0542749 9.99473E-05 9.99473E-05 0.414542 9.99473E-05 9.99473E-05 0.323663 0.0434487 0.0739584 0.0122613
9.99298E-05 0.02166 9.99298E-05 9.99298E-05 9.99298E-05 0.115098 0.0170664 9.99298E-05 0.0102339 0.835142 9.99298E-05 9.99298E-05 9.99298E-05
9.99561E-05 9.99561E-05 9.99561E-05 0.25233 0.0324917 0.112521 0.124026 9.99561E-05 0.0727964 0.223283 0.156111 0.0259417 9.99561E-05
9.99298E-05 9.99298E-05 9.99298E-05 0.108596 9.99298E-05 9.99298E-05 0.366942 9.99298E-05 0.190272 0.240421 9.99298E-05 0.0929698 9.99298E-05
9.99474E-05 0.0592291 9.99474E-05 0.298937 9.99474E-05 0.161174 9.99474E-05 0.160445 9.99474E-05 0.156826 0.138737 0.0240517 9.99474E-05
0.240531 9.9921E-05 0.265258 9.9921E-05 9.9921E-05 9.9921E-05 9.9921E-05 9.9921E-05 9.9921E-05 0.283449 0.209863 9.9921E-05 9.9921E-05
9.99122E-05 0.00569617 0.0957482 9.99122E-05 9.99122E-05 9.99122E-05 9.99122E-05 9.99122E-05 9.99122E-05 0.897556 9.99122E-05 9.99122E-05 9.99122E-05
9.99298E-05 9.99298E-05 0.179499 0.10513 9.99298E-05 9.99298E-05 9.99298E-05 9.99298E-05 9.99298E-05 0.554977 0.0132643 0.146331 9.99298E-05
9.9921E-05 0.0280468 9.9921E-05 9.9921E-05 9.9921E-05 9.9921E-05 0.000789859 9.9921E-05 9.9921E-05 0.965625 9.9921E-05 0.00463859 9.9921E-05
9.99122E-05 9.99122E-05 0.0898192 0.0834212 9.99122E-05 9.99122E-05 9.99122E-05 9.99122E-05 9.99122E-05 0.825761 9.99122E-05 9.99122E-05 9.99122E-05
9.99298E-05 9.99298E-05 0.0799328 9.99298E-05 0.166995 9.99298E-05 9.99298E-05 9.99298E-05 9.99298E-05 0.67045 0.0261162 0.0557067 9.99298E-05
0.0537515 9.99561E-05 0.0996633 0.24731 0.0274131 9.99561E-05 0.0335921 9.99561E-05 0.0339835 0.374186 0.1296 9.99561E-05 9.99561E-05
9.99473E-05 0.0242021 0.164799 0.105111 9.99473E-05 9.99473E-05 0.163296 0.079467 9.99473E-05 0.225293 0.237232 9.99473E-05 9.99473E-05
9.99649E-05 9.99649E-05 0.0780323 9.99649E-05 0.0833959 9.99649E-05 0.0585575 0.0133136 0.011829 0.660904 0.0616949 0.0267231 0.00515013
9.99386E-05 0.166339 0.160741 0.34763 9.99386E-05 9.99386E-05 9.99386E-05 9.99386E-05 9.99386E-05 0.189254 0.0273446 9.99386E-05 0.107991
9.99385E-05 9.99385E-05 0.182325 0.195627 9.99385E-05 9.99385E-05 0.153323 9.99385E-05 9.99385E-05 0.337803 0.115703 0.0145196 9.99385E-05
9.98947E-05 9.98947E-05 9.98947E-05 9.98947E-05 9.98947E-05 9.98947E-05 9.98947E-05 9.98947E-05 9.98947E-05 0.998801 9.98947E-05 9.98947E-05 9.98947E-05
9.99385E-05 9.99385E-05 0.0592875 9.99385E-05 9.99385E-05 9.99385E-05 0.264372 0.00317723 9.99385E-05 0.519366 0.0623054 0.0907923 9.99385E-05
9.99473E-05 0.0166464 9.99473E-05 0.388976 9.99473E-05 0.224498 0.0228674 9.99473E-05 9.99473E-05 0.178812 0.141879 0.0257217 9.99473E-05
9.99298E-05 9.99298E-05 0.105003 0.0332515 9.99298E-05 9.99298E-05 9.99298E-05 9.99298E-05 0.0626978 0.707551 9.99298E-05 0.0906975 9.99298E-05
0.0619366 9.99297E-05 0.268157 0.307577 9.99297E-05 9.99297E-05 9.99297E-05 0.00976765 9.99297E-05 0.351762 9.99297E-05 9.99297E-05 9.99297E-05
0.00671649 9.99561E-05 0.219916 0.00644806 9.99561E-05 9.99561E-05 0.0385613 9.99561E-05 9.99561E-05 0.390854 0.116763 0.0926592 0.127583
9.9921E-05 9.9921E-05 0.153518 9.9921E-05 9.9921E-05 9.9921E-05 0.0541954 9.9921E-05 9.9921E-05 0.786853 9.9921E-05 0.00453453 9.9921E-05
0.0399797 0.184207 0.120674 0.417972 0.044325 9.99737E-05 0.0277946 0.0383805 0.0695103 0.00950236 0.0473549 9.99737E-05 9.99737E-05
9.9921E-05 9.9921E-05 0.037225 9.9921E-05 9.9921E-05 9.9921E-05 0.134987 9.9921E-05 0.0346319 0.792257 9.9921E-05 9.9921E-05 9.9921E-05
9.99298E-05 9.99298E-05 0.172185 0.148544 9.99298E-05 9.99298E-05 9.99298E-05 9.99298E-05 9.99298E-05 0.646148 0.0126922 0.0196307 9.99298E-05
0.0176046 9.99298E-05 0.023374 9.99298E-05 0.00261613 9.99298E-05 9.99298E-05 9.99298E-05 9.99298E-05 0.839318 0.116288 9.99298E-05 9.99298E-05
9.99473E-05 0.0295299 9.99473E-05 0.0839679 9.99473E-05 9.99473E-05 0.0275201 9.99473E-05 9.99473E-05 0.625063 0.0613959 0.147457 0.0244668
9.99386E-05 9.99386E-05 0.094081 0.118762 0.199369 9.99386E-05 0.0729642 9.99386E-05 9.99386E-05 0.393477 9.99386E-05 0.120648 9.99386E-05
9.99385E-05 9.99385E-05 0.114381 0.147581 9.99385E-05 9.99385E-05 9.99385E-05 0.0876752 9.99385E-05 0.483166 0.00779237 0.158705 9.99385E-05
9.99561E-05 0.0239718 0.14781 0.0341644 0.158788 9.99561E-05 0.0510718 0.0057505 9.99561E-05 0.551034 9.99561E-05 0.0269102 9.99561E-05
9.99211E-05 9.99211E-05 9.99211E-05 9.99211E-05 9.99211E-05 9.99211E-05 9.99211E-05 9.99211E-05 0.155163 0.840262 0.000691406 0.00298379 9.99211E-05
0.0235822 9.99561E-05 0.0477163 0.00589498 9.99561E-05 9.99561E-05 0.159798 9.99561E-05 0.0128877 0.679157 0.0455282 0.0249349 9.99561E-05
9.99211E-05 9.99211E-05 9.99211E-05 9.99211E-05 9.99211E-05 9.99211E-05 0.0109999 0.0515021 0.0117991 0.9248 9.99211E-05 9.99211E-05 9.99211E-05
9.99298E-05 9.99298E-05 0.0714525 9.99298E-05 9.99298E-05 9.99298E-05 9.99298E-05 9.99298E-05 0.0335233 0.693709 0.152069 9.99298E-05 0.0484464
9.99474E-05 9.99474E-05 0.139251 9.99474E-05 0.0468513 0.0585448 9.99474E-05 9.99474E-05 0.0490071 0.628787 0.0590623 0.0178962 9.99474E-05
9.9921E-05 9.9921E-05 0.156025 9.9921E-05 0.070392 9.9921E-05 9.9921E-05 0.148008 9.9921E-05 0.624675 9.9921E-05 9.9921E-05 9.9921E-05
9.99298E-05 9.99298E-05 0.0505306 9.99298E-05 9.99298E-05 9.99298E-05 0.0357915 9.99298E-05 9.99298E-05 0.879871 0.0151779 0.0178297 9.99298E-05
0.00912437 9.99298E-05 0.0828285 0.238685 9.99298E-05 9.99298E-05 9.99298E-05 9.99298E-05 9.99298E-05 0.621474 0.0470888 9.99298E-05 9.99298E-05
9.9921E-05 9.9921E-05 9.9921E-05 9.9921E-05 0.011108 0.0393232 9.9921E-05 9.9921E-05 0.0409401 0.907729 9.9921E-05 9.9921E-05 9.9921E-05
0.0657641 9.99474E-05 0.16229 0.255778 9.99474E-05 9.99474E-05 9.99474E-05 9.99474E-05 0.0315716 0.392579 0.0827009 0.00871706 9.99474E-05
9.99386E-05 9.99386E-05 0.177119 0.301415 9.99386E-05 0.117059 0.119119 9.99386E-05 9.99386E-05 0.260999 9.99386E-05 0.0235893 9.99386E-05
9.99209E-05 9.99209E-05 0.0224473 9.99209E-05 9.99209E-05 9.99209E-05 0.0302518 9.99209E-05 9.99209E-05 0.895289 9.99209E-05 9.99209E-05 0.0511125
9.9921E-05 0.0421879 0.0261021 9.9921E-05 9.9921E-05 9.9921E-05 9.9921E-05 9.9921E-05 9.9921E-05 0.913603 9.9921E-05 0.0172075 9.9921E-05
9.99122E-05 0.0312633 0.0208552 9.99122E-05 9.99122E-05 9.99122E-05 9.99122E-05 9.99122E-05 9.99122E-05 0.946882 9.99122E-05 9.99122E-05 9.99122E-05
9.99297E-05 9.99297E-05 0.0884578 0.198006 9.99297E-05 9.99297E-05 0.0502493 9.99297E-05 9.99297E-05 0.611687 9.99297E-05 0.0507996 9.99297E-05
9.99332E-05 9.99332E-05 9.99332E-05 9.99332E-05 9.99332E-05 0.0373395 9.99332E-05 0.0813397 0.0110863 0.857509 0.0119258 9.99332E-05 9.99332E-05
0.0147006 9.99561E-05 0.244234 0.0587238 0.0264175 9.99561E-05 0.0835935 9.99561E-05 9.99561E-05 0.363888 0.0755454 0.132397 9.99561E-05
9.99298E-05 9.99298E-05 9.99298E-05 9.99298E-05 9.99298E-05 9.99298E-05 0.0839552 0.0324416 9.99298E-05 0.701039 0.0370745 9.99298E-05 0.14469
0.0555964 9.99211E-05 0.0288852 9.99211E-05 9.99211E-05 9.99211E-05 9.99211E-05 9.99211E-05 0.0402086 0.87441 9.99211E-05 9.99211E-05 9.99211E-05
9.99201E-05 9.99201E-05 0.0129677 9.99201E-05 9.99201E-05 9.99201E-05 9.99201E-05 0.173655 9.99201E-05 0.689501 0.0256202 9.99201E-05 0.0974568
0.0597097 0.040122 0.0815315 9.99211E-05 9.99211E-05 9.99211E-05 9.99211E-05 9.99211E-05 9.99211E-05 0.817737 9.99211E-05 9.99211E-05 9.99211E-05
9.99385E-05 9.99385E-05 9.99385E-05 0.00924029 0.0865821 0.0802708 9.99385E-05 9.99385E-05 9.99385E-05 0.745883 9.99385E-05 0.0176777 0.0596468
9.99298E-05 0.100077 0.00963237 9.99298E-05 9.99298E-05 9.99298E-05 0.0190426 9.99298E-05 0.100226 0.770223 9.99298E-05 9.99298E-05 9.99298E-05
9.99211E-05 9.99211E-05 0.0919051 9.99211E-05 9.99211E-05 9.99211E-05 0.00703645 9.99211E-05 9.99211E-05 0.875208 9.99211E-05 0.0249517 9.99211E-05
9.99386E-05 0.00618906 0.0229264 9.99386E-05 9.99386E-05 0.0205819 9.99386E-05 9.99386E-05 9.99386E-05 0.905178 0.0240972 0.0203276 9.99386E-05
9.99385E-05 0.109012 0.18658 0.484523 9.99385E-05 9.99385E-05 9.99385E-05 9.99385E-05 0.127783 9.99385E-05 0.0132371 0.0781667 9.99385E-05
9.99211E-05 9.99211E-05 9.99211E-05 0.877885 9.99211E-05 9.99211E-05 0.0543818 9.99211E-05 0.0222399 0.0445942 9.99211E-05 9.99211E-05 9.99211E-05
9.99386E-05 0.196377 9.99386E-05 0.555302 0.0353756 9.99386E-05 9.99386E-05 0.0417148 0.158127 0.0124036 9.99386E-05 9.99386E-05 9.99386E-05
9.99474E-05 0.0551746 0.117406 0.219146 0.0644931 9.99474E-05 9.99474E-05 9.99474E-05 0.378938 9.99474E-05 0.15314 0.0111027 9.99474E-05
9.99385E-05 0.0591443 0.11159 0.641333 9.99385E-05 9.99385E-05 0.0782744 9.99385E-05 9.99385E-05 9.99385E-05 0.0675894 9.99385E-05 0.0413698
0.0434074 0.00415736 0.227246 0.639302 9.99384E-05 9.99384E-05 9.99384E-05 9.99384E-05 0.0203084 9.99384E-05 0.0648792 9.99384E-05 9.99384E-05
9.99385E-05 0.0280907 0.201562 0.247692 9.99385E-05 9.99385E-05 0.0319668 9.99385E-05 0.435242 9.99385E-05 9.99385E-05 0.0547463 9.99385E-05
9.99297E-05 0.200667 0.209677 0.353672 9.99297E-05 9.99297E-05 9.99297E-05 9.99297E-05 0.181431 9.99297E-05 0.0537552 9.99297E-05 9.99297E-05
0.00596289 9.9921E-05 0.0333887 0.816846 9.9921E-05 9.9921E-05 9.9921E-05 9.9921E-05 0.142904 9.9921E-05 9.9921E-05 9.9921E-05 9.9921E-05
9.99473E-05 9.99473E-05 0.0691474 0.709113 9.99473E-05 9.99473E-05 0.0263082 9.99473E-05 0.0222215 0.102193 0.0103765 0.0600412 9.99473E-05
9.99297E-05 0.0119783 0.357138 0.392761 9.99297E-05 9.99297E-05 9.99297E-05 9.99297E-05 9.99297E-05 9.99297E-05 0.0666566 0.170667 9.99297E-05
9.99473E-05 9.99473E-05 0.0945369 0.571736 9.99473E-05 9.99473E-05 9.99473E-05 0.110657 0.0494283 9.99473E-05 0.0256172 0.12742 0.0200057
0.0487173 0.00061713 0.147016 0.434506 9.99648E-05 0.10268 9.99648E-05 0.0301275 9.99648E-05 9.99648E-05 0.0662023 0.149274 0.02046
9.99209E-05 9.99209E-05 0.252681 0.620993 9.99209E-05 0.0203884 9.99209E-05 9.99209E-05 0.105039 9.99209E-05 9.99209E-05 9.99209E-05 9.99209E-05
0.0413769 9.99474E-05 0.0197064 0.729017 0.0678124 9.99474E-05 9.99474E-05 9.99474E-05 0.0564028 0.0814275 9.99474E-05 0.00365733 9.99474E-05
9.99299E-05 9.99299E-05 0.0962545 0.749748 9.99299E-05 9.99299E-05 9.99299E-05 9.99299E-05 0.107697 9.99299E-05 0.022721 0.0227793 9.99299E-05
0.0581564 0.130096 0.0910779 0.586335 9.99473E-05 9.99473E-05 0.075904 0.00635588 9.99473E-05 9.99473E-05 0.051475 9.99473E-05 9.99473E-05
9.99297E-05 0.0363303 9.99297E-05 0.692073 9.99297E-05 9.99297E-05 0.0542531 9.99297E-05 9.99297E-05 9.99297E-05 0.0750565 0.141488 9.99297E-05
9.99474E-05 0.127106 0.115171 0.680384 9.99474E-05 9.99474E-05 9.99474E-05 9.99474E-05 0.0169005 0.0069441 0.0429653 0.0099296 9.99474E-05
9.99385E-05 0.0244277 0.379409 0.4449 9.99385E-05 9.99385E-05 9.99385E-05 0.0558669 0.0700833 9.99385E-05 9.99385E-05 0.0246136 9.99385E-05
9.99212E-05 9.99212E-05 0.0685038 0.776955 9.99212E-05 9.99212E-05 9.99212E-05 9.99212E-05 0.102684 0.0509574 9.99212E-05 9.99212E-05 9.99212E-05
9.99385E-05 0.00478627 0.06238 0.823673 9.99385E-05 9.99385E-05 0.035332 9.99385E-05 0.0627684 9.99385E-05 0.0103608 9.99385E-05 9.99385E-05
9.99298E-05 0.00619005 0.0682101 0.793517 0.111691 9.99298E-05 9.99298E-05 9.99298E-05 9.99298E-05 9.99298E-05 9.99298E-05 9.99298E-05 0.0195927
9.99386E-05 0.235522 0.139012 0.422487 9.99386E-05 9.99386E-05 0.10614 9.99386E-05 9.99386E-05 9.99386E-05 0.0915551 0.00458323 9.99386E-05
9.99121E-05 9.99121E-05 0.0903894 0.721822 9.99121E-05 9.99121E-05 9.99121E-05 9.99121E-05 9.99121E-05 9.99121E-05 9.99121E-05 0.186789 9.99121E-05
9.99474E-05 9.99474E-05 0.0800384 0.640968 9.99474E-05 9.99474E-05 9.99474E-05 9.99474E-05 0.158441 0.0891335 0.0142554 0.00602917 0.010535
9.99124E-05 0.000465289 9.99124E-05 0.932318 9.99124E-05 9.99124E-05 9.99124E-05 9.99124E-05 9.99124E-05 0.0662172 9.99124E-05 9.99124E-05 9.99124E-05
9.99299E-05 0.0134689 0.145594 0.7667 9.99299E-05 9.99299E-05 0.000841648 9.99299E-05 0.0725955 9.99299E-05 9.99299E-05 9.99299E-05 9.99299E-05
9.99299E-05 0.175797 0.0506777 0.665473 9.99299E-05 0.0499792 9.99299E-05 9.99299E-05 9.99299E-05 0.0572728 9.99299E-05 9.99299E-05 9.99299E-05
9.9965E-05 0.00512257 0.167972 0.354987 0.135086 0.00158899 9.9965E-05 0.0169648 0.141493 0.0714542 0.104931 9.9965E-05 9.9965E-05
9.99209E-05 9.99209E-05 0.187181 9.99209E-05 0.574318 0.0930949 9.99209E-05 9.99209E-05 9.99209E-05 9.99209E-05 0.144507 9.99209E-05 9.99209E-05
9.99299E-05 9.99299E-05 0.000659791 9.99299E-05 0.926519 9.99299E-05 9.99299E-05 9.99299E-05 9.99299E-05 0.00691771 0.047247 9.99299E-05 0.0178575
9.99472E-05 0.0148283 0.228151 0.0314042 0.584412 0.0641885 9.99472E-05 9.99472E-05 9.99472E-05 9.99472E-05 0.0277101 0.0487065 9.99472E-05
9.99296E-05 0.0372877 0.260596 9.99296E-05 0.522081 9.99296E-05 9.99296E-05 9.99296E-05 9.99296E-05 9.99296E-05 0.130069 0.0491659 9.99296E-05
0.123793 0.0274664 0.0421658 9.99472E-05 0.563257 0.091863 9.99472E-05 9.99472E-05 9.99472E-05 9.99472E-05 0.134816 9.99472E-05 0.0160389
9.99209E-05 9.99209E-05 0.25408 9.99209E-05 0.486688 9.99209E-05 9.99209E-05 9.99209E-05 0.0878999 9.99209E-05 0.170433 9.99209E-05 9.99209E-05
9.99297E-05 0.066718 0.163991 9.99297E-05 0.597979 9.99297E-05 9.99297E-05 9.99297E-05 9.99297E-05 9.99297E-05 0.0922064 0.0783068 9.99297E-05
9.99385E-05 0.0325155 0.0665475 9.99385E-05 0.441544 9.99385E-05 0.00193652 9.99385E-05 9.99385E-05 9.99385E-05 0.417394 9.99385E-05 0.0393627
9.99473E-05 9.99473E-05 0.133019 0.0434031 0.184415 9.99473E-05 9.99473E-05 0.0284684 0.139313 9.99473E-05 0.384942 0.085839 9.99473E-05
9.99473E-05 0.0248203 0.336911 0.0420001 0.276393 9.99473E-05 0.0285482 9.99473E-05 9.99473E-05 9.99473E-05 0.281036 0.00969098 9.99473E-05
9.99298E-05 9.99298E-05 0.0118143 9.99298E-05 0.662014 9.99298E-05 9.99298E-05 9.99298E-05 0.251309 9.99298E-05 0.0377184 0.0363443 9.99298E-05
9.9921E-05 9.9921E-05 0.149608 9.9921E-05 0.671217 9.9921E-05 9.9921E-05 9.9921E-05 0.15543 9.9921E-05 9.9921E-05 0.0228459 9.9921E-05
9.99122E-05 9.99122E-05 9.99122E-05 9.99122E-05 0.832649 9.99122E-05 9.99122E-05 9.99122E-05 9.99122E-05 9.99122E-05 0.160531 0.00582043 9.99122E-05
9.99209E-05 9.99209E-05 0.236684 9.99209E-05 0.571419 9.99209E-05 9.99209E-05 9.99209E-05 9.99209E-05 9.99209E-05 0.16211 0.0288874 9.99209E-05
9.99298E-05 0.210785 0.0692969 9.99298E-05 0.620984 9.99298E-05 9.99298E-05 9.99298E-05 9.99298E-05 9.99298E-05 0.0572758 9.99298E-05 0.0408588
9.99473E-05 9.99473E-05 0.218712 9.99473E-05 0.506183 9.99473E-05 9.99473E-05 0.0192446 0.11845 9.99473E-05 0.0693717 0.0670347 0.000403387
9.99385E-05 0.0125026 0.153988 9.99385E-05 0.409384 9.99385E-05 9.99385E-05 9.99385E-05 0.244404 9.99385E-05 0.0699276 9.99385E-05 0.109094
9.99386E-05 9.99386E-05 9.99386E-05 0.0582349 0.618919 0.156501 9.99386E-05 0.00776406 9.99386E-05 9.99386E-05 0.140155 0.0177258 9.99386E-05
9.99297E-05 9.99297E-05 0.0332849 9.99297E-05 0.819541 0.00722315 9.99297E-05 9.99297E-05 9.99297E-05 9.99297E-05 0.0673907 0.071761 9.99297E-05
0.0212209 9.99473E-05 0.147584 9.99473E-05 0.583533 9.99473E-05 0.0401473 9.99473E-05 9.99473E-05 9.99473E-05 0.0525752 0.0532986 0.101041
9.99385E-05 9.99385E-05 0.157869 9.99385E-05 0.603569 0.0444159 0.0325 9.99385E-05 0.0953471 9.99385E-05 0.0656 9.99385E-05 9.99385E-05
9.99209E-05 9.99209E-05 0.0604345 9.99209E-05 0.72363 9.99209E-05 9.99209E-05 9.99209E-05 9.99209E-05 9.99209E-05 0.115179 0.0998568 9.99209E-05
9.99385E-05 9.99385E-05 0.274486 9.99385E-05 0.225835 0.0099771 9.99385E-05 9.99385E-05 0.123751 9.99385E-05 0.288011 9.99385E-05 0.0772408
9.99122E-05 9.99122E-05 0.0627529 9.99122E-05 0.69818 9.99122E-05 9.99122E-05 9.99122E-05 9.99122E-05 9.99122E-05 0.238068 9.99122E-05 9.99122E-05
9.99297E-05 9.99297E-05 0.315353 9.99297E-05 0.214937 9.99297E-05 9.99297E-05 9.99297E-05 0.119617 9.99297E-05 0.265021 9.99297E-05 0.0842723
9.99386E-05 0.0312214 0.200192 9.99386E-05 0.536242 9.99386E-05 9.99386E-05 9.99386E-05 0.0424068 9.99386E-05 0.172762 0.0164763 9.99386E-05
0.154091 9.99212E-05 0.0126513 9.99212E-05 0.828427 9.99212E-05 9.99212E-05 9.99212E-05 9.99212E-05 0.00393207 9.99212E-05 9.99212E-05 9.99212E-05
9.99472E-05 9.99472E-05 0.242416 9.99472E-05 0.42824 0.0266441 0.049927 9.99472E-05 9.99472E-05 9.99472E-05 0.20399 0.00122147 0.0469623
9.9921E-05 9.9921E-05 0.309906 9.9921E-05 0.414927 9.9921E-05 9.9921E-05 9.9921E-05 9.9921E-05 9.9921E-05 0.258382 9.9921E-05 0.0158856
9.99297E-05 9.99297E-05 0.135942 9.99297E-05 0.585535 0.203707 9.99297E-05 9.99297E-05 9.99297E-05 9.99297E-05 0.0180736 0.0559429 9.99297E-05
9.99473E-05 9.99473E-05 0.264391 9.99473E-05 0.499676 9.99473E-05 9.99473E-05 0.0387524 0.0369632 9.99473E-05 0.0904322 0.05652 0.0126664
9.99297E-05 9.99297E-05 0.172178 9.99297E-05 0.727878 9.99297E-05 9.99297E-05 0.0367776 9.99297E-05 9.99297E-05 9.99297E-05 0.0348341 0.027533
9.99297E-05 9.99297E-05 0.202938 9.99297E-05 0.195733 0.0985313 9.99297E-05 9.99297E-05 9.99297E-05 9.99297E-05 0.335452 9.99297E-05 0.166545
9.99472E-05 9.99472E-05 0.142135 0.105096 0.484827 9.99472E-05 0.00172827 9.99472E-05 9.99472E-05 9.99472E-05 0.169411 0.00648163 0.0897217
9.99121E-05 9.99121E-05 0.198978 9.99121E-05 0.773404 9.99121E-05 9.99121E-05 9.99121E-05 9.99121E-05 9.99121E-05 0.0266193 9.99121E-05 9.99121E-05
9.99385E-05 9.99385E-05 9.99385E-05 9.99385E-05 0.638246 9.99385E-05 0.136129 0.0408323 0.0476162 9.99385E-05 0.117922 0.0185551 9.99385E-05
9.99297E-05 0.0248727 0.384919 9.99297E-05 0.426638 9.99297E-05 9.99297E-05 9.99297E-05 9.99297E-05 9.99297E-05 0.132124 0.0306471 9.99297E-05
9.99123E-05 9.99123E-05 9.99123E-05 9.99123E-05 0.959795 9.99123E-05 9.99123E-05 9.99123E-05 9.99123E-05 9.99123E-05 0.030417 9.99123E-05 0.00878851
9.9921E-05 9.9921E-05 0.0982623 9.9921E-05 0.818269 9.9921E-05 9.9921E-05 9.9921E-05 9.9921E-05 9.9921E-05 0.0420789 9.9921E-05 0.0404901
9.99123E-05 9.99123E-05 9.99123E-05 9.99123E-05 0.894686 0.0581369 9.99123E-05 9.99123E-05 9.99123E-05 9.99123E-05 0.0461782 9.99123E-05 9.99123E-05
9.99299E-05 9.99299E-05 9.99299E-05 9.99299E-05 0.9083 9.99299E-05 9.99299E-05 9.99299E-05 0.05438 9.99299E-05 0.00147953 0.0209191 0.0141223
9.99297E-05 9.99297E-05 0.351011 9.99297E-05 0.306887 9.99297E-05 9.99297E-05 9.99297E-05 0.110861 9.99297E-05 0.186385 0.0440562 9.99297E-05
9.99297E-05 0.0192034 9.99297E-05 9.99297E-05 0.66967 0.0763988 9.99297E-05 9.99297E-05 0.021507 9.99297E-05 0.212422 9.99297E-05 9.99297E-05
9.99386E-05 9.99386E-05 0.0530915 9.99386E-05 0.698404 9.99386E-05 9.99386E-05 9.99386E-05 0.0650328 0.00801692 0.107559 9.99386E-05 0.0671959
9.99036E-05 9.99036E-05 0.0249778 9.99036E-05 0.973923 9.99036E-05 9.99036E-05 9.99036E-05 9.99036E-05 9.99036E-05 9.99036E-05 9.99036E-05 9.99036E-05
9.9956E-05 0.0226162 0.0552085 0.017792 0.266011 9.9956E-05 9.9956E-05 9.9956E-05 0.21004 9.9956E-05 0.259213 0.00788523 0.160734
9.99385E-05 0.0238821 0.189039 0.142131 0.427152 9.99385E-05 9.99385E-05 9.99385E-05 9.99385E-05 9.99385E-05 0.175 0.0420957 9.99385E-05
0.0447116 0.0121903 0.0667059 9.99562E-05 0.450249 9.99562E-05 9.99562E-05 0.13477 0.0826909 9.99562E-05 0.207708 9.99562E-05 0.000475019
0.00344294 0.0278204 0.219328 0.0329939 0.250769 9.99473E-05 9.99473E-05 9.99473E-05 9.99473E-05 9.99473E-05 0.358857 9.99473E-05 0.10619
9.99123E-05 9.99123E-05 0.013403 9.99123E-05 0.982863 9.99123E-05 9.99123E-05 9.99123E-05 0.00273441 9.99123E-05 9.99123E-05 9.99123E-05 9.99123E-05
9.99385E-05 9.99385E-05 0.249928 9.99385E-05 0.374837 9.99385E-05 0.241628 0.0667968 9.99385E-05 9.99385E-05 0.0519503 0.014161 9.99385E-05
9.99299E-05 9.99299E-05 9.99299E-05 9.99299E-05 0.725677 0.0755929 9.99299E-05 9.99299E-05 0.103081 9.99299E-05 0.0943863 0.000463197 9.99299E-05
9.99211E-05 0.0236251 0.216597 9.99211E-05 0.637761 9.99211E-05 9.99211E-05 9.99211E-05 9.99211E-05 9.99211E-05 0.121118 9.99211E-05 9.99211E-05
9.99297E-05 9.99297E-05 0.0390673 9.99297E-05 0.568851 9.99297E-05 9.99297E-05 0.161194 0.0689276 9.99297E-05 0.16116 9.99297E-05 9.99297E-05
9.99384E-05 0.104137 0.0651622 9.99384E-05 0.672238 9.99384E-05 0.0547922 9.99384E-05 9.99384E-05 9.99384E-05 0.0240465 0.0789254 9.99384E-05
9.99385E-05 9.99385E-05 0.346613 9.99385E-05 0.167613 9.99385E-05 0.0404678 9.99385E-05 0.236838 9.99385E-05 0.184336 9.99385E-05 0.0234328
9.99121E-05 9.99121E-05 0.214745 9.99121E-05 0.515585 9.99121E-05 9.99121E-05 9.99121E-05 9.99121E-05 9.99121E-05 0.268671 9.99121E-05 9.99121E-05
0.0278707 9.9956E-05 0.0340921 9.9956E-05 0.571505 9.9956E-05 0.0421382 0.0614296 9.9956E-05 9.9956E-05 0.142348 0.0920864 0.0280295
0.054106 9.99297E-05 0.0681278 9.99297E-05 0.622331 9.99297E-05 9.99297E-05 0.00138606 9.99297E-05 9.99297E-05 9.99297E-05 9.99297E-05 0.253249
9.99209E-05 9.99209E-05 0.0700306 9.99209E-05 0.569693 9.99209E-05 9.99209E-05 9.99209E-05 0.161779 9.99209E-05 0.197598 9.99209E-05 9.99209E-05
9.98944E-05 9.98944E-05 0.998801 9.98944E-05 9.98944E-05 9.98944E-05 9.98944E-05 9.98944E-05 9.98944E-05 9.98944E-05 9.98944E-05 9.98944E-05 9.98944E-05
9.98944E-05 9.98944E-05 9.98944E-05 9.98944E-05 9.98944E-05 9.98944E-05 9.98944E-05 9.98944E-05 9.98944E-05 9.98944E-05 0.998801 9.98944E-05 9.98944E-05
9.98944E-05 9.98944E-05 0.998801 9.98944E-05 9.98944E-05 9.98944E-05 9.98944E-05 9.98944E-05 9.98944E-05 9.98944E-05 9.98944E-05 9.98944E-05 9.98944E-05
9.98944E-05 9.98944E-05 9.98944E-05 9.98944E-05 9.98944E-05 9.98944E-05 9.98944E-05 9.98944E-05 9.98944E-05 9.98944E-05 0.998801 9.98944E-05 9.98944E-05
9.98944E-05 9.98944E-05 9.98944E-05 9.98944E-05 9.98944E-05 9.98944E-05 9.98944E-05 9.98944E-05 9.98944E-05 9.98944E-05 0.998801 9.98944E-05 9.98944E-05
9.98945E-05 9.98945E-05 9.98945E-05 9.98945E-05 9.98945E-05 9.98945E-05 9.98945E-05 9.98945E-05 9.98945E-05 9.98945E-05 0.998801 9.98945E-05 9.98945E-05
9.98944E-05 9.98944E-05 0.998801 9.98944E-05 9.98944E-05 9.98944E-05 9.98944E-05 9.98944E-05 9.98944E-05 9.98944E-05 9.98944E-05 9.98944E-05 9.98944E-05
9.98944E-05 9.98944E-05 9.98944E-05 9.98944E-05 9.98944E-05 9.98944E-05 9.98944E-05 9.98944E-05 9.98944E-05 9.98944E-05 0.998801 9.98944E-05 9.98944E-05
9.98944E-05 9.98944E-05 9.98944E-05 9.98944E-05 9.98944E-05 9.98944E-05 9.98944E-05 9.98944E-05 9.98944E-05 9.98944E-05 0.998801 9.98944E-05 9.98944E-05
9.98944E-05 9.98944E-05 0.998801 9.98944E-05 9.98944E-05 9.98944E-05 9.98944E-05 9.98944E-05 9.98944E-05 9.98944E-05 9.98944E-05 9.98944E-05 9.98944E-05
9.98944E-05 9.98944E-05 0.998801 9.98944E-05 9.98944E-05 9.98944E-05 9.98944E-05 9.98944E-05 9.98944E-05 9.98944E-05 9.98944E-05 9.98944E-05 9.98944E-05
9.98944E-05 9.98944E-05 0.998801 9.98944E-05 9.98944E-05 9.98944E-05 9.98944E-05 9.98944E-05 9.98944E-05 9.98944E-05 9.98944E-05 9.98944E-05 9.98944E-05
9.98944E-05 9.98944E-05 9.98944E-05 9.98944E-05 9.98944E-05 9.98944E-05 9.98944E-05 9.98944E-05 9.98944E-05 9.98944E-05 0.998801 9.98944E-05 9.98944E-05
9.98944E-05 9.98944E-05 9.98944E-05 9.98944E-05 9.98944E-05 9.98944E-05 9.98944E-05 9.98944E-05 9.98944E-05 9.98944E-05 0.998801 9.98944E-05 9.98944E-05
9.98945E-05 9.98945E-05 0.998801 9.98945E-05 9.98945E-05 9.98945E-05 9.98945E-05 9.98945E-05 9.98945E-05 9.98945E-05 9.98945E-05 9.98945E-05 9.98945E-05
9.98944E-05 9.98944E-05 0.998801 9.98944E-05 9.98944E-05 9.98944E-05 9.98944E-05 9.98944E-05 9.98944E-05 9.98944E-05 9.98944E-05 9.98944E-05 9.98944E-05
0.0377756 9.99472E-05 0.266668 9.99472E-05 0.281936 9.99472E-05 0.204589 0.0661836 9.99472E-05 9.99472E-05 0.122667 9.99472E-05 0.0195809
9.99033E-05 9.99033E-05 0.996674 9.99033E-05 9.99033E-05 9.99033E-05 9.99033E-05 0.0022274 9.99033E-05 9.99033E-05 9.99033E-05 9.99033E-05 9.99033E-05
9.98944E-05 9.98944E-05 9.98944E-05 9.98944E-05 9.98944E-05 9.98944E-05 9.98944E-05 9.98944E-05 9.98944E-05 9.98944E-05 0.998801 9.98944E-05 9.98944E-05
9.98944E-05 9.98944E-05 0.998801 9.98944E-05 9.98944E-05 9.98944E-05 9.98944E-05 9.98944E-05 9.98944E-05 9.98944E-05 9.98944E-05 9.98944E-05 9.98944E-05
9.98944E-05 9.98944E-05 0.998801 9.98944E-05 9.98944E-05 9.98944E-05 9.98944E-05 9.98944E-05 9.98944E-05 9.98944E-05 9.98944E-05 9.98944E-05 9.98944E-05
9.98944E-05 9.98944E-05 0.998801 9.98944E-05 9.98944E-05 9.98944E-05 9.98944E-05 9.98944E-05 9.98944E-05 9.98944E-05 9.98944E-05 9.98944E-05 9.98944E-05
9.98944E-05 9.98944E-05 9.98944E-05 9.98944E-05 9.98944E-05 9.98944E-05 9.98944E-05 9.98944E-05 9.98944E-05 9.98944E-05 0.998801 9.98944E-05 9.98944E-05
9.98944E-05 9.98944E-05 0.998801 9.98944E-05 9.98944E-05 9.98944E-05 9.98944E-05 9.98944E-05 9.98944E-05 9.98944E-05 9.98944E-05 9.98944E-05 9.98944E-05
9.98944E-05 9.98944E-05 9.98944E-05 9.98944E-05 9.98944E-05 9.98944E-05 9.98944E-05 9.98944E-05 9.98944E-05 9.98944E-05 0.998801 9.98944E-05 9.98944E-05
9.98944E-05 9.98944E-05 0.998801 9.98944E-05 9.98944E-05 9.98944E-05 9.98944E-05 9.98944E-05 9.98944E-05 9.98944E-05 9.98944E-05 9.98944E-05 9.98944E-05
9.98944E-05 9.98944E-05 0.998801 9.98944E-05 9.98944E-05 9.98944E-05 9.98944E-05 9.98944E-05 9.98944E-05 9.98944E-05 9.98944E-05 9.98944E-05 9.98944E-05
9.98944E-05 9.98944E-05 9.98944E-05 9.98944E-05 9.98944E-05 9.98944E-05 9.98944E-05 9.98944E-05 9.98944E-05 9.98944E-05 0.998801 9.98944E-05 9.98944E-05
9.98945E-05 9.98945E-05 9.98945E-05 9.98945E-05 9.98945E-05 9.98945E-05 9.98945E-05 9.98945E-05 9.98945E-05 9.98945E-05 0.998801 9.98945E-05 9.98945E-05
9.98944E-05 9.98944E-05 9.98944E-05 9.98944E-05 9.98944E-05 9.98944E-05 9.98944E-05 9.98944E-05 9.98944E-05 9.98944E-05 0.998801 9.98944E-05 9.98944E-05
9.98944E-05 9.98944E-05 0.998801 9.98944E-05 9.98944E-05 9.98944E-05 9.98944E-05 9.98944E-05 9.98944E-05 9.98944E-05 9.98944E-05 9.98944E-05 9.98944E-05
9.98944E-05 9.98944E-05 0.998801 9.98944E-05 9.98944E-05 9.98944E-05 9.98944E-05 9.98944E-05 9.98944E-05 9.98944E-05 9.98944E-05 9.98944E-05 9.98944E-05
9.98944E-05 9.98944E-05 0.998801 9.98944E-05 9.98944E-05 9.98944E-05 9.98944E-05 9.98944E-05 9.98944E-05 9.98944E-05 9.98944E-05 9.98944E-05 9.98944E-05
9.98944E-05 9.98944E-05 0.998801 9.98944E-05 9.98944E-05 9.98944E-05 9.98944E-05 9.98944E-05 9.98944E-05 9.98944E-05 9.98944E-05 9.98944E-05 9.98944E-05
9.98945E-05 9.98945E-05 0.998801 9.98945E-05 9.98945E-05 9.98945E-05 9.98945E-05 9.98945E-05 9.98945E-05 9.98945E-05 9.98945E-05 9.98945E-05 9.98945E-05
9.98944E-05 9.98944E-05 9.98944E-05 9.98944E-05 9.98944E-05 9.98944E-05 9.98944E-05 9.98944E-05 9.98944E-05 9.98944E-05 0.998801 9.98944E-05 9.98944E-05
9.98945E-05 9.98945E-05 9.98945E-05 9.98945E-05 9.98945E-05 9.98945E-05 9.98945E-05 9.98945E-05 9.98945E-05 9.98945E-05 0.998801 9.98945E-05 9.98945E-05
9.98945E-05 9.98945E-05 9.98945E-05 9.98945E-05 9.98945E-05 9.98945E-05 9.98945E-05 9.98945E-05 9.98945E-05 9.98945E-05 0.998801 9.98945E-05 9.98945E-05
9.98944E-05 9.98944E-05 0.998801 9.98944E-05 9.98944E-05 9.98944E-05 9.98944E-05 9.98944E-05 9.98944E-05 9.98944E-05 9.98944E-05 9.98944E-05 9.98944E-05
9.98944E-05 9.98944E-05 9.98944E-05 9.98944E-05 9.98944E-05 9.98944E-05 9.98944E-05 9.98944E-05 9.98944E-05 9.98944E-05 0.998801 9.98944E-05 9.98944E-05
9.98944E-05 9.98944E-05 9.98944E-05 9.98944E-05 9.98944E-05 9.98944E-05 9.98944E-05 9.98944E-05 9.98944E-05 9.98944E-05 0.998801 9.98944E-05 9.98944E-05
9.98944E-05 9.98944E-05 9.98944E-05 9.98944E-05 9.98944E-05 9.98944E-05 9.98944E-05 9.98944E-05 9.98944E-05 9.98944E-05 0.998801 9.98944E-05 9.98944E-05
9.98944E-05 9.98944E-05 9.98944E-05 9.98944E-05 9.98944E-05 9.98944E-05 9.98944E-05 9.98944E-05 9.98944E-05 9.98944E-05 0.998801 9.98944E-05 9.98944E-05
9.98944E-05 9.98944E-05 0.998801 9.98944E-05 9.98944E-05 9.98944E-05 9.98944E-05 9.98944E-05 9.98944E-05 9.98944E-05 9.98944E-05 9.98944E-05 9.98944E-05
9.98944E-05 9.98944E-05 9.98944E-05 9.98944E-05 9.98944E-05 9.98944E-05 9.98944E-05 9.98944E-05 9.98944E-05 9.98944E-05 0.998801 9.98944E-05 9.98944E-05
9.98944E-05 9.98944E-05 9.98944E-05 9.98944E-05 9.98944E-05 9.98944E-05 9.98944E-05 9.98944E-05 9.98944E-05 9.98944E-05 0.998801 9.98944E-05 9.98944E-05
0.0603143 9.99473E-05 0.22456 9.99473E-05 0.317694 9.99473E-05 0.246973 0.0535731 9.99473E-05 9.99473E-05 0.0863417 9.99473E-05 0.00994485
9.98944E-05 9.98944E-05 0.998801 9.98944E-05 9.98944E-05 9.98944E-05 9.98944E-05 9.98944E-05 9.98944E-05 9.98944E-05 9.98944E-05 9.98944E-05 9.98944E-05
9.98945E-05 9.98945E-05 9.98945E-05 9.98945E-05 9.98945E-05 9.98945E-05 9.98945E-05 9.98945E-05 9.98945E-05 9.98945E-05 0.998801 9.98945E-05 9.98945E-05
9.98945E-05 9.98945E-05 9.98945E-05 9.98945E-05 9.98945E-05 9.98945E-05 9.98945E-05 9.98945E-05 9.98945E-05 9.98945E-05 0.998801 9.98945E-05 9.98945E-05
9.98944E-05 9.98944E-05 9.98944E-05 9.98944E-05 9.98944E-05 9.98944E-05 9.98944E-05 9.98944E-05 9.98944E-05 9.98944E-05 0.998801 9.98944E-05 9.98944E-05
9.98944E-05 9.98944E-05 9.98944E-05 9.98944E-05 9.98944E-05 9.98944E-05 9.98944E-05 9.98944E-05 9.98944E-05 9.98944E-05 0.998801 9.98944E-05 9.98944E-05
9.98944E-05 9.98944E-05 0.998801 9.98944E-05 9.98944E-05 9.98944E-05 9.98944E-05 9.98944E-05 9.98944E-05 9.98944E-05 9.98944E-05 9.98944E-05 9.98944E-05
9.98944E-05 9.98944E-05 9.98944E-05 9.98944E-05 9.98944E-05 9.98944E-05 9.98944E-05 9.98944E-05 9.98944E-05 9.98944E-05 0.998801 9.98944E-05 9.98944E-05
9.98944E-05 9.98944E-05 0.998801 9.98944E-05 9.98944E-05 9.98944E-05 9.98944E-05 9.98944E-05 9.98944E-05 9.98944E-05 9.98944E-05 9.98944E-05 9.98944E-05
9.98944E-05 9.98944E-05 9.98944E-05 9.98944E-05 9.98944E-05 9.98944E-05 9.98944E-05 9.98944E-05 9.98944E-05 9.98944E-05 0.998801 9.98944E-05 9.98944E-05
9.98944E-05 9.98944E-05 0.998801 9.98944E-05 9.98944E-05 9.98944E-05 9.98944E-05 9.98944E-05 9.98944E-05 9.98944E-05 9.98944E-05 9.98944E-05 9.98944E-05
9.98944E-05 9.98944E-05 9.98944E-05 9.98944E-05 9.98944E-05 9.98944E-05 9.98944E-05 9.98944E-05 9.98944E-05 9.98944E-05 0.998801 9.98944E-05 9.98944E-05
9.98945E-05 9.98945E-05 9.98945E-05 9.98945E-05 9.98945E-05 9.98945E-05 9.98945E-05 9.98945E-05 9.98945E-05 9.98945E-05 0.998801 9.98945E-05 9.98945E-05
9.98944E-05 9.98944E-05 9.98944E-05 9.98944E-05 9.98944E-05 9.98944E-05 9.98944E-05 9.98944E-05 9.98944E-05 9.98944E-05 0.998801 9.98944E-05 9.98944E-05
9.98944E-05 9.98944E-05 9.98944E-05 9.98944E-05 9.98944E-05 9.98944E-05 9.98944E-05 9.98944E-05 9.98944E-05 9.98944E-05 0.998801 9.98944E-05 9.98944E-05
9.98944E-05 9.98944E-05 9.98944E-05 9.98944E-05 9.98944E-05 9.98944E-05 9.98944E-05 9.98944E-05 9.98944E-05 9.98944E-05 0.998801 9.98944E-05 9.98944E-05
9.98944E-05 9.98944E-05 9.98944E-05 9.98944E-05 9.98944E-05 9.98944E-05 9.98944E-05 9.98944E-05 9.98944E-05 9.98944E-05 0.998801 9.98944E-05 9.98944E-05
9.98944E-05 9.98944E-05 0.998801 9.98944E-05 9.98944E-05 9.98944E-05 9.98944E-05 9.98944E-05 9.98944E-05 9.98944E-05 9.98944E-05 9.98944E-05 9.98944E-05
9.98944E-05 9.98944E-05 0.998801 9.98944E-05 9.98944E-05 9.98944E-05 9.98944E-05 9.98944E-05 9.98944E-05 9.98944E-05 9.98944E-05 9.98944E-05 9.98944E-05
9.98944E-05 9.98944E-05 0.998801 9.98944E-05 9.98944E-05 9.98944E-05 9.98944E-05 9.98944E-05 9.98944E-05 9.98944E-05 9.98944E-05 9.98944E-05 9.98944E-05
9.98945E-05 9.98945E-05 9.98945E-05 9.98945E-05 9.98945E-05 9.98945E-05 9.98945E-05 9.98945E-05 9.98945E-05 9.98945E-05 0.998801 9.98945E-05 9.98945E-05
9.98944E-05 9.98944E-05 0.998801 9.98944E-05 9.98944E-05 9.98944E-05 9.98944E-05 9.98944E-05 9.98944E-05 9.98944E-05 9.98944E-05 9.98944E-05 9.98944E-05
9.98944E-05 9.98944E-05 0.998801 9.98944E-05 9.98944E-05 9.98944E-05 9.98944E-05 9.98944E-05 9.98944E-05 9.98944E-05 9.98944E-05 9.98944E-05 9.98944E-05
9.98944E-05 9.98944E-05 0.998801 9.98944E-05 9.98944E-05 9.98944E-05 9.98944E-05 9.98944E-05 9.98944E-05 9.98944E-05 9.98944E-05 9.98944E-05 9.98944E-05
9.98944E-05 9.98944E-05 9.98944E-05 9.98944E-05 9.98944E-05 9.98944E-05 9.98944E-05 9.98944E-05 9.98944E-05 9.98944E-05 0.998801 9.98944E-05 9.98944E-05
9.98945E-05 9.98945E-05 9.98945E-05 9.98945E-05 9.98945E-05 9.98945E-05 9.98945E-05 9.98945E-05 9.98945E-05 9.98945E-05 0.998801 9.98945E-05 9.98945E-05
9.98945E-05 9.98945E-05 9.98945E-05 9.98945E-05 9.98945E-05 9.98945E-05 9.98945E-05 9.98945E-05 9.98945E-05 9.98945E-05 0.998801 9.98945E-05 9.98945E-05
9.98944E-05 9.98944E-05 0.998801 9.98944E-05 9.98944E-05 9.98944E-05 9.98944E-05 9.98944E-05 9.98944E-05 9.98944E-05 9.98944E-05 9.98944E-05 9.98944E-05
9.98944E-05 9.98944E-05 9.98944E-05 9.98944E-05 9.98944E-05 9.98944E-05 9.98944E-05 9.98944E-05 9.98944E-05 9.98944E-05 0.998801 9.98944E-05 9.98944E-05
9.98944E-05 9.98944E-05 9.98944E-05 9.98944E-05 9.98944E-05 9.98944E-05 9.98944E-05 9.98944E-05 9.98944E-05 9.98944E-05 0.998801 9.98944E-05 9.98944E-05
9.98945E-05 9.98945E-05 0.998801 9.98945E-05 9.98945E-05 9.98945E-05 9.98945E-05 9.98945E-05 9.98945E-05 9.98945E-05 9.98945E-05 9.98945E-05 9.98945E-05
9.98945E-05 9.98945E-05 9.98945E-05 9.98945E-05 9.98945E-05 9.98945E-05 9.98945E-05 9.98945E-05 9.98945E-05 9.98945E-05 0.998801 9.98945E-05 9.98945E-05
9.98945E-05 9.98945E-05 9.98945E-05 9.98945E-05 9.98945E-05 9.98945E-05 9.98945E-05 9.98945E-05 9.98945E-05 9.98945E-05 0.998801 9.98945E-05 9.98945E-05
9.9956E-05 0.0265326 0.362811 9.9956E-05 0.185985 9.9956E-05 9.9956E-05 0.0888609 0.0514848 9.9956E-05 0.139033 0.133843 0.0109486
9.98944E-05 9.98944E-05 0.998801 9.98944E-05 9.98944E-05 9.98944E-05 9.98944E-05 9.98944E-05 9.98944E-05 9.98944E-05 9.98944E-05 9.98944E-05 9.98944E-05
9.98944E-05 9.98944E-05 9.98944E-05 9.98944E-05 9.98944E-05 9.98944E-05 9.98944E-05 9.98944E-05 9.98944E-05 9.98944E-05 0.998801 9.98944E-05 9.98944E-05
0.0758681 9.99386E-05 0.0283481 9.99386E-05 0.398716 9.99386E-05 9.99386E-05 0.0430761 9.99386E-05 9.99386E-05 0.39814 0.0551522 9.99386E-05
0.00184128 0.00123053 0.173364 9.99561E-05 0.338587 0.08273 0.0293973 9.99561E-05 9.99561E-05 9.99561E-05 0.347989 9.99561E-05 0.0243615
0.109829 9.99209E-05 0.381269 9.99209E-05 0.310028 9.99209E-05 9.99209E-05 9.99209E-05 9.99209E-05 9.99209E-05 0.197975 9.99209E-05 9.99209E-05
9.99208E-05 9.99208E-05 0.241965 9.99208E-05 0.611292 9.99208E-05 0.0356432 0.1102 9.99208E-05 9.99208E-05 9.99208E-05 9.99208E-05 9.99208E-05
9.99209E-05 9.99209E-05 0.338288 9.99209E-05 0.338408 9.99209E-05 9.99209E-05 9.99209E-05 0.0043415 9.99209E-05 0.318063 9.99209E-05 9.99209E-05
9.99212E-05 9.99212E-05 9.99212E-05 9.99212E-05 0.749973 0.0373906 9.99212E-05 9.99212E-05 9.99212E-05 0.0272896 0.184448 9.99212E-05 9.99212E-05
9.99297E-05 9.99297E-05 0.217615 0.155617 0.213957 9.99297E-05 0.124011 9.99297E-05 9.99297E-05 9.99297E-05 0.288001 9.99297E-05 9.99297E-05
0.0797162 0.0625362 0.0652823 9.99472E-05 0.483565 9.99472E-05 9.99472E-05 9.99472E-05 9.99472E-05 9.99472E-05 0.184732 0.0974972 0.026071
9.99123E-05 9.99123E-05 0.0442994 9.99123E-05 0.734631 9.99123E-05 9.99123E-05 9.99123E-05 9.99123E-05 9.99123E-05 0.22007 9.99123E-05 9.99123E-05
0.0570519 9.99209E-05 0.145024 9.99209E-05 0.635487 9.99209E-05 0.161537 9.99209E-05 9.99209E-05 9.99209E-05 9.99209E-05 9.99209E-05 9.99209E-05
9.99297E-05 9.99297E-05 0.288533 0.0160397 0.516752 9.99297E-05 9.99297E-05 9.99297E-05 9.99297E-05 9.99297E-05 0.0665496 0.111327 9.99297E-05
9.9921E-05 9.9921E-05 0.0571436 0.0103735 0.329518 9.9921E-05 9.9921E-05 9.9921E-05 9.9921E-05 9.9921E-05 0.602066 9.9921E-05 9.9921E-05
9.99473E-05 0.140836 0.383971 0.0383288 0.118352 9.99473E-05 9.99473E-05 0.0776358 0.0347886 9.99473E-05 0.205488 9.99473E-05 9.99473E-05
0.072777 0.0763577 0.0247529 9.99472E-05 0.668 0.0326151 9.99472E-05 9.99472E-05 9.99472E-05 9.99472E-05 0.0853773 9.99472E-05 0.0395207
9.99296E-05 9.99296E-05 0.271016 9.99296E-05 0.49876 9.99296E-05 9.99296E-05 0.00561096 9.99296E-05 9.99296E-05 0.15038 0.0734334 9.99296E-05
9.99385E-05 9.99385E-05 0.129221 0.0765262 0.379422 9.99385E-05 9.99385E-05 9.99385E-05 0.0187563 9.99385E-05 0.286617 0.108758 9.99385E-05
0.0339853 9.99385E-05 0.112994 9.99385E-05 0.575223 9.99385E-05 9.99385E-05 9.99385E-05 0.0238075 9.99385E-05 0.233369 9.99385E-05 0.0199208
9.99472E-05 0.0588499 0.323757 9.99472E-05 0.333227 9.99472E-05 9.99472E-05 0.0512044 0.123794 9.99472E-05 0.0408146 0.0677531 9.99472E-05
9.99384E-05 9.99384E-05 9.99384E-05 9.99384E-05 0.445124 0.0735674 9.99384E-05 9.99384E-05 0.256537 9.99384E-05 0.121218 0.00252991 0.100323
0.0437472 0.0189951 0.194875 9.99385E-05 0.321115 0.221326 9.99385E-05 9.99385E-05 9.99385E-05 9.99385E-05 0.199242 9.99385E-05 9.99385E-05
9.99384E-05 9.99384E-05 0.139274 9.99384E-05 0.551841 0.0918929 9.99384E-05 9.99384E-05 0.0666349 9.99384E-05 0.114092 9.99384E-05 0.0355657
9.99297E-05 9.99297E-05 9.99297E-05 9.99297E-05 0.605575 0.077968 9.99297E-05 0.0356373 0.00265108 9.99297E-05 0.277369 9.99297E-05 9.99297E-05
9.99473E-05 0.021454 0.249414 9.99473E-05 0.291985 9.99473E-05 9.99473E-05 0.105242 9.99473E-05 9.99473E-05 0.240633 0.032715 0.0579565
9.99296E-05 9.99296E-05 0.22729 9.99296E-05 0.494448 0.0345655 9.99296E-05 9.99296E-05 9.99296E-05 9.99296E-05 0.177052 0.0658454 9.99296E-05
0.00677263 0.115009 0.150498 9.99384E-05 0.598895 9.99384E-05 9.99384E-05 9.99384E-05 0.0266857 9.99384E-05 0.10144 9.99384E-05 9.99384E-05
9.99123E-05 9.99123E-05 9.99123E-05 9.99123E-05 0.871187 9.99123E-05 9.99123E-05 9.99123E-05 0.109325 9.99123E-05 0.0184891 9.99123E-05 9.99123E-05
0.0835075 9.99385E-05 0.15476 9.99385E-05 0.474198 0.186893 9.99385E-05 9.99385E-05 0.0240081 9.99385E-05 0.0759335 9.99385E-05 9.99385E-05
0.0753455 0.00977394 0.267072 9.99297E-05 0.282729 9.99297E-05 9.99297E-05 9.99297E-05 9.99297E-05 9.99297E-05 0.36428 9.99297E-05 9.99297E-05
9.99384E-05 0.0454715 0.127865 9.99384E-05 0.67002 0.10852 9.99384E-05 0.0384425 9.99384E-05 9.99384E-05 9.99384E-05 9.99384E-05 0.00898099
9.99385E-05 0.255701 0.0617583 9.99385E-05 0.357473 9.99385E-05 9.99385E-05 9.99385E-05 9.99385E-05 9.99385E-05 0.248129 0.0187634 0.0574755
9.99385E-05 9.99385E-05 0.143372 9.99385E-05 0.241311 0.0984606 9.99385E-05 9.99385E-05 0.0975636 9.99385E-05 0.396826 0.0217676 9.99385E-05
9.99297E-05 9.99297E-05 0.14292 9.99297E-05 0.526092 9.99297E-05 9.99297E-05 9.99297E-05 0.0224521 9.99297E-05 0.29337 0.0143658 9.99297E-05
9.99297E-05 9.99297E-05 0.211221 9.99297E-05 0.388731 0.0360453 9.99297E-05 9.99297E-05 0.209146 9.99297E-05 0.154057 9.99297E-05 9.99297E-05
9.99297E-05 9.99297E-05 0.20548 9.99297E-05 0.351475 0.217351 9.99297E-05 9.99297E-05 9.99297E-05 9.99297E-05 0.208359 0.016535 9.99297E-05
9.99384E-05 0.0836536 0.218799 9.99384E-05 0.359787 0.064671 9.99384E-05 9.99384E-05 9.99384E-05 9.99384E-05 0.163526 0.108864 9.99384E-05
9.99385E-05 9.99385E-05 0.28328 9.99385E-05 0.597475 9.99385E-05 0.0444934 0.0174776 9.99385E-05 9.99385E-05 0.0458852 0.0106889 9.99385E-05
9.98946E-05 9.98946E-05 9.98946E-05 9.98946E-05 0.998801 9.98946E-05 9.98946E-05 9.98946E-05 9.98946E-05 9.98946E-05 9.98946E-05 9.98946E-05 9.98946E-05
9.99472E-05 9.99472E-05 0.204745 0.271818 0.327748 9.99472E-05 0.0278755 0.0636087 0.0162667 9.99472E-05 9.99472E-05 0.0873372 9.99472E-05
9.99385E-05 9.99385E-05 0.0515478 9.99385E-05 0.657722 9.99385E-05 9.99385E-05 0.0932304 9.99385E-05 9.99385E-05 0.0760661 0.0545396 0.0661944
9.99473E-05 9.99473E-05 0.131017 0.00188698 0.362159 0.214413 0.0443529 9.99473E-05 0.0176697 9.99473E-05 0.227901 9.99473E-05 9.99473E-05
9.99296E-05 0.0208607 0.348239 9.99296E-05 0.511972 9.99296E-05 9.99296E-05 9.99296E-05 9.99296E-05 9.99296E-05 0.117399 9.99296E-05 0.000729724
0.0592702 9.99385E-05 0.125618 0.0833139 0.637483 0.0501041 9.99385E-05 9.99385E-05 9.99385E-05 9.99385E-05 0.0435111 9.99385E-05 9.99385E-05
0.109333 9.99472E-05 0.0752242 9.99472E-05 0.379713 0.0321996 0.0805439 9.99472E-05 0.00579855 9.99472E-05 0.316588 9.99472E-05 9.99472E-05
9.99386E-05 0.012001 0.0602517 9.99386E-05 0.224356 0.0141476 9.99386E-05 9.99386E-05 0.120248 9.99386E-05 0.568297 9.99386E-05 9.99386E-05
9.99297E-05 0.0242825 0.361681 9.99297E-05 0.17373 9.99297E-05 9.99297E-05 9.99297E-05 0.0539035 9.99297E-05 0.385603 9.99297E-05 9.99297E-05
