9.99034E-05 9.99034E-05 0.0881346 9.99034E-05 0.0572203 9.99034E-05 9.99034E-05 9.99034E-05 9.99034E-05 0.174676 9.99034E-05 9.99034E-05 0.218746 9.99034E-05 9.99034E-05 0.0484935 0.367591 0.0440406
9.98859E-05 9.98859E-05 9.98859E-05 9.98859E-05 0.00742846 9.98859E-05 9.98859E-05 9.98859E-05 9.98859E-05 9.98859E-05 9.98859E-05 0.0496601 0.129214 9.98859E-05 9.98859E-05 9.98859E-05 0.684393 0.128006
9.98772E-05 9.98772E-05 0.0713626 9.98772E-05 9.98772E-05 9.98772E-05 9.98772E-05 9.98772E-05 9.98772E-05 0.0101001 9.98772E-05 9.98772E-05 9.98772E-05 9.98772E-05 9.98772E-05 0.0349898 0.882149 9.98772E-05
9.99211E-05 0.0931789 0.0480257 9.99211E-05 0.000517458 9.99211E-05 9.99211E-05 0.020141 0.0718041 0.163483 9.99211E-05 0.0587305 9.99211E-05 0.2887 9.99211E-05 9.99211E-05 0.25452 9.99211E-05
9.98771E-05 9.98771E-05 9.98771E-05 9.98771E-05 9.98771E-05 9.98771E-05 0.147319 0.00464483 9.98771E-05 9.98771E-05 9.98771E-05 9.98771E-05 9.98771E-05 9.98771E-05 0.0323856 9.98771E-05 0.814253 9.98771E-05
9.99035E-05 9.99035E-05 9.99035E-05 9.99035E-05 9.99035E-05 9.99035E-05 0.257743 0.135664 9.99035E-05 9.99035E-05 0.132739 9.99035E-05 0.174985 9.99035E-05 0.0432023 9.99035E-05 0.23755 0.0170192
0.0506598 9.99123E-05 0.0533789 9.99123E-05 0.0513115 9.99123E-05 9.99123E-05 9.99123E-05 9.99123E-05 0.132156 9.99123E-05 9.99123E-05 0.0926686 0.260071 9.99123E-05 9.99123E-05 0.318254 0.0405003
0.0919149 9.99211E-05 9.99211E-05 9.99211E-05 9.99211E-05 0.0321224 0.0773001 0.0305111 9.99211E-05 0.24736 0.140315 9.99211E-05 9.99211E-05 0.0387215 0.0954686 9.99211E-05 0.245388 9.99211E-05
9.98947E-05 9.98947E-05 0.196493 9.98947E-05 9.98947E-05 9.98947E-05 0.0421127 9.98947E-05 0.180326 9.98947E-05 0.219723 9.98947E-05 9.98947E-05 9.98947E-05 9.98947E-05 0.144555 0.215592 9.98947E-05
9.98595E-05 9.98595E-05 0.0819786 9.98595E-05 9.98595E-05 9.98595E-05 9.98595E-05 9.98595E-05 9.98595E-05 9.98595E-05 9.98595E-05 9.98595E-05 9.98595E-05 9.98595E-05 9.98595E-05 9.98595E-05 0.916424 9.98595E-05
9.99122E-05 0.0178103 0.179652 9.99122E-05 0.0860092 9.99122E-05 9.99122E-05 9.99122E-05 9.99122E-05 0.0771129 0.0155446 9.99122E-05 0.0264946 9.99122E-05 9.99122E-05 0.0335453 0.562832 9.99122E-05
9.98684E-05 9.98684E-05 9.98684E-05 9.98684E-05 0.0280787 9.98684E-05 9.98684E-05 0.0259713 9.98684E-05 9.98684E-05 9.98684E-05 9.98684E-05 9.98684E-05 9.98684E-05 9.98684E-05 9.98684E-05 0.944452 9.98684E-05
9.98684E-05 9.98684E-05 0.125104 9.98684E-05 9.98684E-05 9.98684E-05 9.98684E-05 9.98684E-05 9.98684E-05 0.0765853 9.98684E-05 9.98684E-05 9.98684E-05 9.98684E-05 9.98684E-05 9.98684E-05 0.796813 9.98684E-05
0.0624815 0.16024 0.103888 0.0321702 9.98948E-05 9.98948E-05 9.98948E-05 9.98948E-05 9.98948E-05 0.00507143 9.98948E-05 9.98948E-05 9.98948E-05 9.98948E-05 9.98948E-05 9.98948E-05 0.63495 9.98948E-05
9.99122E-05 0.0781311 0.184583 9.99122E-05 9.99122E-05 9.99122E-05 9.99122E-05 0.00357572 9.99122E-05 0.0299943 0.171271 9.99122E-05 0.229144 9.99122E-05 9.99122E-05 0.0432184 0.259083 9.99122E-05
0.103746 9.9921E-05 0.0758059 9.9921E-05 9.9921E-05 9.9921E-05 0.0634654 0.0337129 9.9921E-05 0.0513793 0.162326 9.9921E-05 0.122796 0.15934 9.9921E-05 9.9921E-05 0.226529 9.9921E-05
0.0185778 9.9921E-05 0.0298189 0.102991 0.0523233 9.9921E-05 9.9921E-05 9.9921E-05 0.0402085 0.00807801 9.9921E-05 9.9921E-05 9.9921E-05 0.0243337 9.9921E-05 9.9921E-05 0.583965 0.138804
9.99034E-05 9.99034E-05 0.167116 9.99034E-05 0.0215735 0.153302 9.99034E-05 9.99034E-05 9.99034E-05 0.126056 9.99034E-05 0.110957 0.203148 9.99034E-05 9.99034E-05 9.99034E-05 0.216749 9.99034E-05
9.99034E-05 9.99034E-05 0.177644 9.99034E-05 9.99034E-05 0.084957 9.99034E-05 0.122242 9.99034E-05 0.107243 0.102037 9.99034E-05 9.99034E-05 9.99034E-05 9.99034E-05 0.0320698 0.372709 9.99034E-05
9.98771E-05 9.98771E-05 0.00776551 9.98771E-05 9.98771E-05 9.98771E-05 9.98771E-05 9.98771E-05 9.98771E-05 9.98771E-05 9.98771E-05 0.0406212 9.98771E-05 0.00149855 9.98771E-05 9.98771E-05 0.948716 9.98771E-05
9.98947E-05 0.0629221 0.0188503 9.98947E-05 0.0518618 9.98947E-05 9.98947E-05 9.98947E-05 0.328949 9.98947E-05 0.0696314 9.98947E-05 9.98947E-05 9.98947E-05 9.98947E-05 9.98947E-05 0.466586 9.98947E-05
9.98947E-05 0.0327594 9.98947E-05 9.98947E-05 9.98947E-05 9.98947E-05 9.98947E-05 0.0975057 9.98947E-05 0.404864 0.121729 9.98947E-05 9.98947E-05 9.98947E-05 0.0683099 9.98947E-05 0.273633 9.98947E-05
9.98947E-05 9.98947E-05 0.077394 9.98947E-05 0.02735 9.98947E-05 0.0450759 9.98947E-05 9.98947E-05 9.98947E-05 9.98947E-05 9.98947E-05 0.172901 9.98947E-05 9.98947E-05 9.98947E-05 0.624931 0.0511489
9.98947E-05 0.00184804 0.210543 9.98947E-05 9.98947E-05 9.98947E-05 9.98947E-05 9.98947E-05 9.98947E-05 0.301681 9.98947E-05 9.98947E-05 0.00880241 9.98947E-05 9.98947E-05 0.0818215 0.394105 9.98947E-05
9.99101E-05 0.251126 0.176869 9.99101E-05 0.0333752 9.99101E-05 9.99101E-05 9.99101E-05 9.99101E-05 0.0105717 0.0843869 0.0815633 9.99101E-05 0.0371043 9.99101E-05 0.0445946 0.27951 9.99101E-05
9.98947E-05 9.98947E-05 0.106596 9.98947E-05 9.98947E-05 9.98947E-05 0.0593324 9.98947E-05 0.0568522 0.0883682 9.98947E-05 9.98947E-05 9.98947E-05 0.0048631 9.98947E-05 9.98947E-05 0.682789 9.98947E-05
0.0446339 0.0698262 0.145145 9.99122E-05 9.99122E-05 0.136224 0.169194 9.99122E-05 9.99122E-05 0.39412 9.99122E-05 9.99122E-05 9.99122E-05 0.00105819 9.99122E-05 9.99122E-05 0.0387999 9.99122E-05
9.9886E-05 0.00846931 0.0513389 9.9886E-05 9.9886E-05 9.9886E-05 9.9886E-05 9.9886E-05 9.9886E-05 0.113173 9.9886E-05 9.9886E-05 9.9886E-05 0.0491805 9.9886E-05 9.9886E-05 0.77654 9.9886E-05
9.98947E-05 0.164908 0.140171 9.98947E-05 9.98947E-05 9.98947E-05 9.98947E-05 9.98947E-05 9.98947E-05 0.00390513 9.98947E-05 9.98947E-05 0.071386 9.98947E-05 9.98947E-05 0.0171546 0.601277 9.98947E-05
9.98947E-05 0.0508125 0.0848898 9.98947E-05 9.98947E-05 9.98947E-05 9.98947E-05 0.0211141 9.98947E-05 9.98947E-05 0.0529333 9.98947E-05 9.98947E-05 9.98947E-05 9.98947E-05 0.061781 0.727271 9.98947E-05
9.98947E-05 9.98947E-05 9.98947E-05 9.98947E-05 0.056515 9.98947E-05 9.98947E-05 0.045442 9.98947E-05 9.98947E-05 0.0987858 0.0322536 0.0698411 9.98947E-05 9.98947E-05 9.98947E-05 0.695964 9.98947E-05
9.98861E-05 0.176264 9.98861E-05 9.98861E-05 9.98861E-05 9.98861E-05 0.137081 0.0966141 0.0778727 9.98861E-05 9.98861E-05 9.98861E-05 9.98861E-05 9.98861E-05 9.98861E-05 9.98861E-05 0.51087 9.98861E-05
0.000381876 0.0930458 0.120294 9.99034E-05 0.0976061 9.99034E-05 9.99034E-05 9.99034E-05 9.99034E-05 0.0900605 9.99034E-05 9.99034E-05 0.0466758 9.99034E-05 9.99034E-05 9.99034E-05 0.550837 9.99034E-05
0.0210716 0.159023 0.139427 9.99298E-05 0.0139951 9.99298E-05 0.0225382 9.99298E-05 9.99298E-05 0.154365 9.99298E-05 0.0104969 9.99298E-05 0.0497122 0.0335398 9.99298E-05 0.395032 9.99298E-05
9.98947E-05 9.98947E-05 0.035686 9.98947E-05 0.0736355 9.98947E-05 9.98947E-05 0.00205445 9.98947E-05 9.98947E-05 9.98947E-05 0.0702711 9.98947E-05 9.98947E-05 9.98947E-05 9.98947E-05 0.812807 0.00434762
9.9921E-05 9.9921E-05 0.00877407 9.9921E-05 9.9921E-05 9.9921E-05 9.9921E-05 9.9921E-05 0.0380441 0.102984 0.0113919 9.9921E-05 0.0107073 0.0915738 9.9921E-05 0.015503 0.686512 0.0336103
9.98685E-05 9.98685E-05 9.98685E-05 9.98685E-05 9.98685E-05 9.98685E-05 9.98685E-05 0.0615179 9.98685E-05 9.98685E-05 9.98685E-05 9.98685E-05 9.98685E-05 9.98685E-05 9.98685E-05 9.98685E-05 0.857665 0.0793196
9.98948E-05 9.98948E-05 0.0834827 0.0193739 9.98948E-05 9.98948E-05 9.98948E-05 9.98948E-05 9.98948E-05 9.98948E-05 0.156385 0.0737343 9.98948E-05 9.98948E-05 9.98948E-05 9.98948E-05 0.589373 0.0764526
9.9886E-05 9.9886E-05 0.238387 0.115062 9.9886E-05 9.9886E-05 0.109899 9.9886E-05 9.9886E-05 9.9886E-05 9.9886E-05 9.9886E-05 9.9886E-05 9.9886E-05 0.0103193 9.9886E-05 0.525034 9.9886E-05
0.0529375 0.0791731 0.178588 9.99122E-05 0.0227298 9.99122E-05 0.0118916 0.0651797 9.99122E-05 0.0313067 9.99122E-05 9.99122E-05 9.99122E-05 9.99122E-05 9.99122E-05 9.99122E-05 0.557194 9.99122E-05
0.0205071 9.98859E-05 0.0418111 9.98859E-05 9.98859E-05 9.98859E-05 9.98859E-05 9.98859E-05 9.98859E-05 0.0889251 0.0390639 9.98859E-05 9.98859E-05 9.98859E-05 9.98859E-05 9.98859E-05 0.808394 9.98859E-05
9.98861E-05 9.98861E-05 0.135735 9.98861E-05 9.98861E-05 9.98861E-05 9.98861E-05 9.98861E-05 9.98861E-05 0.244841 0.0453666 9.98861E-05 0.0259559 9.98861E-05 9.98861E-05 9.98861E-05 0.546803 9.98861E-05
9.99035E-05 9.99035E-05 9.99035E-05 0.12194 9.99035E-05 9.99035E-05 0.0146018 9.99035E-05 9.99035E-05 0.0108496 0.0503425 9.99035E-05 0.0558054 9.99035E-05 9.99035E-05 9.99035E-05 0.691558 0.0538038
9.99101E-05 0.17487 0.179542 9.99101E-05 0.0465791 9.99101E-05 9.99101E-05 9.99101E-05 9.99101E-05 0.0660683 0.0482308 9.99101E-05 0.124926 9.99101E-05 9.99101E-05 0.0714782 0.286282 0.00112361
9.98947E-05 9.98947E-05 0.20482 9.98947E-05 9.98947E-05 9.98947E-05 9.98947E-05 0.042873 9.98947E-05 0.405088 9.98947E-05 9.98947E-05 9.98947E-05 0.0986252 0.00862482 9.98947E-05 0.23877 9.98947E-05
9.98771E-05 9.98771E-05 0.080188 9.98771E-05 9.98771E-05 9.98771E-05 9.98771E-05 9.98771E-05 9.98771E-05 9.98771E-05 9.98771E-05 0.05527 9.98771E-05 0.0305362 9.98771E-05 9.98771E-05 0.832608 9.98771E-05
9.98772E-05 9.98772E-05 0.0631734 9.98772E-05 9.98772E-05 9.98772E-05 9.98772E-05 9.98772E-05 9.98772E-05 9.98772E-05 0.00765601 9.98772E-05 9.98772E-05 0.114858 9.98772E-05 9.98772E-05 0.812914 9.98772E-05
9.98685E-05 9.98685E-05 9.98685E-05 9.98685E-05 9.98685E-05 0.00231368 9.98685E-05 9.98685E-05 9.98685E-05 9.98685E-05 9.98685E-05 9.98685E-05 0.0112231 9.98685E-05 9.98685E-05 9.98685E-05 0.984965 9.98685E-05
9.99121E-05 9.99121E-05 0.115616 9.99121E-05 0.0062662 9.99121E-05 0.00975949 0.0516709 0.0377483 0.10398 9.99121E-05 9.99121E-05 0.0718371 9.99121E-05 9.99121E-05 9.99121E-05 0.602124 9.99121E-05
9.9895E-05 9.9895E-05 9.9895E-05 9.9895E-05 9.9895E-05 0.034943 9.9895E-05 0.0821299 9.9895E-05 0.00311629 0.0093045 0.024113 9.9895E-05 9.9895E-05 9.9895E-05 9.9895E-05 0.845195 9.9895E-05
0.0204812 9.99385E-05 0.18844 9.99385E-05 0.0554891 0.03402 0.121772 9.99385E-05 0.102189 0.0653569 9.99385E-05 0.0228273 0.0374874 9.99385E-05 9.99385E-05 0.0408621 0.310376 9.99385E-05
9.98859E-05 9.98859E-05 9.98859E-05 9.98859E-05 9.98859E-05 9.98859E-05 0.0688294 9.98859E-05 9.98859E-05 0.190729 9.98859E-05 0.0791465 9.98859E-05 0.0809852 9.98859E-05 9.98859E-05 0.579012 9.98859E-05
9.98684E-05 0.0948125 9.98684E-05 9.98684E-05 9.98684E-05 0.0645599 9.98684E-05 9.98684E-05 9.98684E-05 9.98684E-05 9.98684E-05 9.98684E-05 9.98684E-05 9.98684E-05 9.98684E-05 9.98684E-05 0.83913 9.98684E-05
0.210076 0.000264933 0.029924 9.99037E-05 9.99037E-05 9.99037E-05 0.0590149 9.99037E-05 9.99037E-05 9.99037E-05 0.0386671 9.99037E-05 9.99037E-05 9.99037E-05 0.00278411 9.99037E-05 0.65817 9.99037E-05
9.98773E-05 9.98773E-05 0.108299 9.98773E-05 9.98773E-05 9.98773E-05 9.98773E-05 0.0584365 9.98773E-05 9.98773E-05 9.98773E-05 9.98773E-05 9.98773E-05 9.98773E-05 0.0143838 9.98773E-05 0.817482 9.98773E-05
9.9886E-05 0.128265 9.9886E-05 9.9886E-05 9.9886E-05 9.9886E-05 9.9886E-05 0.0352319 9.9886E-05 9.9886E-05 9.9886E-05 0.0793146 9.9886E-05 9.9886E-05 0.0597322 9.9886E-05 0.696158 9.9886E-05
9.99034E-05 9.99034E-05 0.0987137 9.99034E-05 0.00439228 0.0312536 9.99034E-05 9.99034E-05 0.077103 0.0185742 0.033656 9.99034E-05 9.99034E-05 9.99034E-05 9.99034E-05 9.99034E-05 0.735208 9.99034E-05
9.98685E-05 9.98685E-05 0.0540044 9.98685E-05 9.98685E-05 9.98685E-05 9.98685E-05 9.98685E-05 9.98685E-05 9.98685E-05 9.98685E-05 9.98685E-05 9.98685E-05 0.11509 9.98685E-05 9.98685E-05 0.829407 9.98685E-05
9.98772E-05 9.98772E-05 0.0438806 9.98772E-05 9.98772E-05 9.98772E-05 9.98772E-05 9.98772E-05 9.98772E-05 9.98772E-05 0.0301205 9.98772E-05 9.98772E-05 0.0916306 9.98772E-05 9.98772E-05 0.83297 9.98772E-05
9.99033E-05 0.155275 0.0879427 9.99033E-05 0.025549 0.0345707 9.99033E-05 9.99033E-05 9.99033E-05 9.99033E-05 0.050446 9.99033E-05 0.60765 9.99033E-05 9.99033E-05 9.99033E-05 9.99033E-05 0.0374679
9.98596E-05 9.98596E-05 9.98596E-05 9.98596E-05 9.98596E-05 9.98596E-05 9.98596E-05 9.98596E-05 0.0110464 9.98596E-05 9.98596E-05 9.98596E-05 0.987356 9.98596E-05 9.98596E-05 9.98596E-05 9.98596E-05 9.98596E-05
9.98771E-05 9.98771E-05 9.98771E-05 0.00579107 9.98771E-05 0.0655432 9.98771E-05 9.98771E-05 9.98771E-05 9.98771E-05 0.00502955 9.98771E-05 0.922238 9.98771E-05 9.98771E-05 9.98771E-05 9.98771E-05 9.98771E-05
9.99035E-05 0.0992814 0.055028 9.99035E-05 9.99035E-05 9.99035E-05 0.0303113 0.0872246 9.99035E-05 9.99035E-05 0.136561 9.99035E-05 0.341212 9.99035E-05 9.99035E-05 9.99035E-05 9.99035E-05 0.249283
0.0027019 9.99208E-05 0.0521815 9.99208E-05 9.99208E-05 0.033428 9.99208E-05 0.0153049 9.99208E-05 0.109971 0.0812941 0.0808024 0.618173 9.99208E-05 0.00524352 9.99208E-05 9.99208E-05 9.99208E-05
9.98856E-05 0.0335881 0.192757 9.98856E-05 9.98856E-05 9.98856E-05 9.98856E-05 9.98856E-05 9.98856E-05 0.0874962 0.0426178 9.98856E-05 0.642243 9.98856E-05 9.98856E-05 9.98856E-05 9.98856E-05 9.98856E-05
9.98945E-05 9.98945E-05 0.124765 9.98945E-05 0.0203585 9.98945E-05 9.98945E-05 9.98945E-05 0.000455117 9.98945E-05 9.98945E-05 9.98945E-05 0.579259 0.00940503 9.98945E-05 9.98945E-05 9.98945E-05 0.264559
9.99032E-05 9.99032E-05 0.0948849 9.99032E-05 9.99032E-05 0.101596 0.0422274 0.0286556 9.99032E-05 9.99032E-05 0.0915861 9.99032E-05 0.51637 9.99032E-05 9.99032E-05 9.99032E-05 9.99032E-05 0.123581
9.98596E-05 9.98596E-05 9.98596E-05 9.98596E-05 9.98596E-05 9.98596E-05 9.98596E-05 9.98596E-05 9.98596E-05 9.98596E-05 9.98596E-05 9.98596E-05 0.943115 9.98596E-05 9.98596E-05 0.0552873 9.98596E-05 9.98596E-05
9.98859E-05 9.98859E-05 9.98859E-05 9.98859E-05 0.076236 9.98859E-05 9.98859E-05 9.98859E-05 0.0180888 9.98859E-05 0.0834634 9.98859E-05 0.789678 0.031235 9.98859E-05 9.98859E-05 9.98859E-05 9.98859E-05
9.98857E-05 9.98857E-05 0.290458 9.98857E-05 0.161341 9.98857E-05 9.98857E-05 0.0029861 9.98857E-05 9.98857E-05 0.0626755 9.98857E-05 0.48124 9.98857E-05 9.98857E-05 9.98857E-05 9.98857E-05 9.98857E-05
0.130037 9.99209E-05 0.0491124 9.99209E-05 0.0999191 0.00956433 9.99209E-05 0.00862442 9.99209E-05 0.105736 9.99209E-05 9.99209E-05 0.497733 9.99209E-05 0.0113021 9.99209E-05 9.99209E-05 0.0870721
0.0560312 9.98945E-05 9.98945E-05 9.98945E-05 0.0987775 9.98945E-05 0.0570324 9.98945E-05 9.98945E-05 9.98945E-05 0.123155 9.98945E-05 0.558773 9.98945E-05 0.105032 9.98945E-05 9.98945E-05 9.98945E-05
9.98858E-05 9.98858E-05 0.295455 9.98858E-05 9.98858E-05 9.98858E-05 9.98858E-05 9.98858E-05 9.98858E-05 0.22583 9.98858E-05 9.98858E-05 0.403628 9.98858E-05 0.05579 9.98858E-05 9.98858E-05 0.0179994
0.0565028 0.125527 9.98687E-05 9.98687E-05 9.98687E-05 9.98687E-05 9.98687E-05 9.98687E-05 9.98687E-05 9.98687E-05 9.98687E-05 9.98687E-05 0.816472 9.98687E-05 9.98687E-05 9.98687E-05 9.98687E-05 9.98687E-05
9.98772E-05 9.98772E-05 0.0211476 9.98772E-05 0.00361991 9.98772E-05 9.98772E-05 9.98772E-05 9.98772E-05 9.98772E-05 0.0453243 9.98772E-05 0.92851 9.98772E-05 9.98772E-05 9.98772E-05 9.98772E-05 9.98772E-05
9.98857E-05 9.98857E-05 0.0775961 9.98857E-05 9.98857E-05 0.0445672 0.166749 0.124796 9.98857E-05 9.98857E-05 9.98857E-05 9.98857E-05 0.584993 9.98857E-05 9.98857E-05 9.98857E-05 9.98857E-05 9.98857E-05
9.98858E-05 9.98858E-05 9.98858E-05 9.98858E-05 0.125645 9.98858E-05 9.98858E-05 0.0754904 9.98858E-05 0.311649 9.98858E-05 9.98858E-05 0.421132 0.0647852 9.98858E-05 9.98858E-05 9.98858E-05 9.98858E-05
9.98858E-05 9.98858E-05 0.0633772 9.98858E-05 0.033757 0.0827638 9.98858E-05 0.0145963 9.98858E-05 9.98858E-05 9.98858E-05 9.98858E-05 0.804207 9.98858E-05 9.98858E-05 9.98858E-05 9.98858E-05 9.98858E-05
0.0221725 9.98944E-05 0.244042 9.98944E-05 0.0577192 0.0270966 9.98944E-05 0.0274119 9.98944E-05 9.98944E-05 9.98944E-05 9.98944E-05 0.620359 9.98944E-05 9.98944E-05 9.98944E-05 9.98944E-05 9.98944E-05
9.98686E-05 9.98686E-05 9.98686E-05 0.0340948 9.98686E-05 9.98686E-05 9.98686E-05 9.98686E-05 9.98686E-05 9.98686E-05 9.98686E-05 9.98686E-05 0.935028 9.98686E-05 0.0293795 9.98686E-05 9.98686E-05 9.98686E-05
9.98945E-05 9.98945E-05 0.0420524 9.98945E-05 9.98945E-05 9.98945E-05 0.0120491 0.0597072 9.98945E-05 0.223442 9.98945E-05 9.98945E-05 0.616889 9.98945E-05 9.98945E-05 9.98945E-05 9.98945E-05 0.0446619
9.99035E-05 0.245056 0.0408818 9.99035E-05 9.99035E-05 0.0132971 9.99035E-05 9.99035E-05 9.99035E-05 0.0465757 9.99035E-05 0.0262851 0.561058 9.99035E-05 9.99035E-05 9.99035E-05 9.99035E-05 0.0657471
9.99122E-05 9.99122E-05 0.0255609 9.99122E-05 0.00166081 0.0718385 0.0573715 0.141029 9.99122E-05 9.99122E-05 0.0378734 9.99122E-05 0.636339 9.99122E-05 9.99122E-05 0.0273279 9.99122E-05 9.99122E-05
9.98682E-05 9.98682E-05 9.98682E-05 9.98682E-05 0.134613 9.98682E-05 9.98682E-05 9.98682E-05 9.98682E-05 9.98682E-05 0.0783794 9.98682E-05 0.78551 9.98682E-05 9.98682E-05 9.98682E-05 9.98682E-05 9.98682E-05
9.9886E-05 9.9886E-05 0.0122404 9.9886E-05 0.0226913 9.9886E-05 9.9886E-05 9.9886E-05 9.9886E-05 9.9886E-05 0.020367 0.0573776 0.886025 9.9886E-05 9.9886E-05 9.9886E-05 9.9886E-05 9.9886E-05
9.98509E-05 9.98509E-05 9.98509E-05 9.98509E-05 9.98509E-05 9.98509E-05 9.98509E-05 9.98509E-05 9.98509E-05 9.98509E-05 9.98509E-05 9.98509E-05 0.998303 9.98509E-05 9.98509E-05 9.98509E-05 9.98509E-05 9.98509E-05
9.98508E-05 9.98508E-05 9.98508E-05 9.98508E-05 9.98508E-05 9.98508E-05 9.98508E-05 9.98508E-05 9.98508E-05 9.98508E-05 9.98508E-05 9.98508E-05 0.998303 9.98508E-05 9.98508E-05 9.98508E-05 9.98508E-05 9.98508E-05
9.98771E-05 9.98771E-05 0.00594218 9.98771E-05 9.98771E-05 0.10309 9.98771E-05 9.98771E-05 9.98771E-05 9.98771E-05 0.00252811 9.98771E-05 0.887041 9.98771E-05 9.98771E-05 9.98771E-05 9.98771E-05 9.98771E-05
9.98773E-05 9.98773E-05 0.103269 0.104973 9.98773E-05 9.98773E-05 9.98773E-05 9.98773E-05 9.98773E-05 9.98773E-05 0.15454 9.98773E-05 0.63582 9.98773E-05 9.98773E-05 9.98773E-05 9.98773E-05 9.98773E-05
9.98771E-05 0.262823 0.105688 9.98771E-05 9.98771E-05 9.98771E-05 0.573226 9.98771E-05 9.98771E-05 9.98771E-05 0.0568645 9.98771E-05 9.98771E-05 9.98771E-05 9.98771E-05 9.98771E-05 9.98771E-05 9.98771E-05
9.98772E-05 0.584928 0.0204571 0.366981 9.98772E-05 9.98772E-05 9.98772E-05 9.98772E-05 9.98772E-05 9.98772E-05 0.0262353 9.98772E-05 9.98772E-05 9.98772E-05 9.98772E-05 9.98772E-05 9.98772E-05 9.98772E-05
9.98857E-05 0.781027 0.0607706 9.98857E-05 9.98857E-05 0.00572299 0.106432 9.98857E-05 9.98857E-05 9.98857E-05 9.98857E-05 9.98857E-05 9.98857E-05 9.98857E-05 0.0447484 9.98857E-05 9.98857E-05 9.98857E-05
9.98857E-05 0.590318 0.127103 9.98857E-05 9.98857E-05 0.0180223 0.223281 9.98857E-05 9.98857E-05 9.98857E-05 0.0399774 9.98857E-05 9.98857E-05 9.98857E-05 9.98857E-05 9.98857E-05 9.98857E-05 9.98857E-05
9.98858E-05 0.000648827 0.0488221 9.98858E-05 9.98858E-05 9.98858E-05 0.810096 9.98858E-05 9.98858E-05 9.98858E-05 0.112658 9.98858E-05 9.98858E-05 9.98858E-05 0.0264772 9.98858E-05 9.98858E-05 9.98858E-05
9.9886E-05 0.00230334 0.140945 9.9886E-05 9.9886E-05 9.9886E-05 0.604992 9.9886E-05 9.9886E-05 9.9886E-05 0.177664 9.9886E-05 9.9886E-05 0.0727981 9.9886E-05 9.9886E-05 9.9886E-05 9.9886E-05
9.98858E-05 0.793245 9.98858E-05 9.98858E-05 0.0141152 0.0902194 9.98858E-05 9.98858E-05 9.98858E-05 9.98858E-05 0.0893767 9.98858E-05 9.98858E-05 9.98858E-05 0.0117457 9.98858E-05 9.98858E-05 9.98858E-05
9.9877E-05 0.750631 0.0066832 9.9877E-05 9.9877E-05 9.9877E-05 0.0695421 9.9877E-05 9.9877E-05 9.9877E-05 0.171745 9.9877E-05 9.9877E-05 9.9877E-05 9.9877E-05 9.9877E-05 9.9877E-05 9.9877E-05
9.98682E-05 0.436905 9.98682E-05 9.98682E-05 9.98682E-05 9.98682E-05 9.98682E-05 9.98682E-05 9.98682E-05 9.98682E-05 0.32043 9.98682E-05 9.98682E-05 9.98682E-05 9.98682E-05 9.98682E-05 9.98682E-05 0.241168
9.98858E-05 0.579511 0.225473 9.98858E-05 9.98858E-05 9.98858E-05 9.98858E-05 9.98858E-05 9.98858E-05 9.98858E-05 0.13501 9.98858E-05 9.98858E-05 0.0481238 0.010583 9.98858E-05 9.98858E-05 9.98858E-05
9.9886E-05 0.071772 0.0192852 0.224462 9.9886E-05 9.9886E-05 0.47004 9.9886E-05 9.9886E-05 9.9886E-05 9.9886E-05 9.9886E-05 9.9886E-05 9.9886E-05 9.9886E-05 9.9886E-05 9.9886E-05 0.213142
9.9886E-05 0.0942261 0.096035 0.07398 9.9886E-05 9.9886E-05 0.634326 9.9886E-05 9.9886E-05 9.9886E-05 9.9886E-05 9.9886E-05 9.9886E-05 9.9886E-05 9.9886E-05 9.9886E-05 9.9886E-05 0.100135
9.98597E-05 0.934067 9.98597E-05 9.98597E-05 9.98597E-05 9.98597E-05 9.98597E-05 9.98597E-05 9.98597E-05 9.98597E-05 0.0643355 9.98597E-05 9.98597E-05 9.98597E-05 9.98597E-05 9.98597E-05 9.98597E-05 9.98597E-05
9.98861E-05 0.230023 0.20498 0.0158978 9.98861E-05 9.98861E-05 0.429191 9.98861E-05 9.98861E-05 9.98861E-05 0.11861 9.98861E-05 9.98861E-05 9.98861E-05 9.98861E-05 9.98861E-05 9.98861E-05 9.98861E-05
0.0122518 0.425884 9.98948E-05 0.0289847 9.98948E-05 0.133598 0.356903 9.98948E-05 9.98948E-05 9.98948E-05 0.0411796 9.98948E-05 9.98948E-05 9.98948E-05 9.98948E-05 9.98948E-05 9.98948E-05 9.98948E-05
9.98947E-05 0.229577 0.153337 9.98947E-05 9.98947E-05 9.98947E-05 0.442937 9.98947E-05 9.98947E-05 9.98947E-05 0.0143721 9.98947E-05 9.98947E-05 0.0124029 9.98947E-05 9.98947E-05 9.98947E-05 0.146175
9.99034E-05 0.313626 0.083898 0.0242476 9.99034E-05 9.99034E-05 0.209234 9.99034E-05 9.99034E-05 9.99034E-05 0.0743209 0.0829462 9.99034E-05 9.99034E-05 9.99034E-05 9.99034E-05 9.99034E-05 0.210629
9.98949E-05 0.230382 9.98949E-05 0.0140256 9.98949E-05 9.98949E-05 0.497128 9.98949E-05 9.98949E-05 0.0761244 0.0725192 9.98949E-05 9.98949E-05 9.98949E-05 0.108621 9.98949E-05 9.98949E-05 9.98949E-05
9.98772E-05 0.148704 9.98772E-05 0.0140431 0.0708478 9.98772E-05 0.765007 9.98772E-05 9.98772E-05 9.98772E-05 9.98772E-05 9.98772E-05 9.98772E-05 9.98772E-05 9.98772E-05 9.98772E-05 9.98772E-05 9.98772E-05
0.0390464 0.126195 0.130737 0.191568 0.028348 9.99298E-05 0.278556 9.99298E-05 9.99298E-05 9.99298E-05 0.108757 0.0163075 0.0505567 0.0291282 9.99298E-05 9.99298E-05 9.99298E-05 9.99298E-05
9.99035E-05 0.0609228 0.11231 0.00839333 9.99035E-05 9.99035E-05 0.614269 9.99035E-05 9.99035E-05 9.99035E-05 0.0345227 9.99035E-05 9.99035E-05 0.0418104 9.99035E-05 9.99035E-05 9.99035E-05 0.126673
9.98859E-05 0.0996019 0.0631566 9.98859E-05 0.0295947 0.00897883 0.797369 9.98859E-05 9.98859E-05 9.98859E-05 9.98859E-05 9.98859E-05 9.98859E-05 9.98859E-05 9.98859E-05 9.98859E-05 9.98859E-05 9.98859E-05
9.98946E-05 9.98946E-05 0.216325 9.98946E-05 9.98946E-05 9.98946E-05 0.486593 9.98946E-05 0.00130473 9.98946E-05 0.213803 0.077483 9.98946E-05 9.98946E-05 9.98946E-05 9.98946E-05 9.98946E-05 0.00329267
9.98859E-05 0.368438 9.98859E-05 0.087453 9.98859E-05 9.98859E-05 0.337618 9.98859E-05 9.98859E-05 9.98859E-05 0.200039 9.98859E-05 9.98859E-05 9.98859E-05 0.00515365 9.98859E-05 9.98859E-05 9.98859E-05
9.98947E-05 9.98947E-05 0.329188 9.98947E-05 0.00506521 9.98947E-05 0.397462 9.98947E-05 0.00105033 9.98947E-05 0.216767 0.0492681 9.98947E-05 9.98947E-05 9.98947E-05 9.98947E-05 9.98947E-05 9.98947E-05
9.9886E-05 0.716011 0.0523478 0.0690629 9.9886E-05 9.9886E-05 9.9886E-05 9.9886E-05 9.9886E-05 9.9886E-05 0.0635157 9.9886E-05 9.9886E-05 9.9886E-05 9.9886E-05 9.9886E-05 9.9886E-05 0.0977643
9.98947E-05 9.98947E-05 0.0959339 0.475791 9.98947E-05 9.98947E-05 0.259316 9.98947E-05 0.0570893 9.98947E-05 9.98947E-05 9.98947E-05 9.98947E-05 9.98947E-05 9.98947E-05 0.109817 0.000854056 9.98947E-05
9.98768E-05 0.476429 0.0466645 9.98768E-05 9.98768E-05 9.98768E-05 0.410335 9.98768E-05 9.98768E-05 9.98768E-05 0.0651733 9.98768E-05 9.98768E-05 9.98768E-05 9.98768E-05 9.98768E-05 9.98768E-05 9.98768E-05
9.98859E-05 0.287199 0.0861405 9.98859E-05 9.98859E-05 9.98859E-05 0.399338 9.98859E-05 9.98859E-05 9.98859E-05 0.177305 9.98859E-05 9.98859E-05 9.98859E-05 9.98859E-05 9.98859E-05 9.98859E-05 0.0487195
9.98948E-05 0.12506 0.134986 0.0305302 0.0416825 9.98948E-05 0.578819 9.98948E-05 9.98948E-05 9.98948E-05 9.98948E-05 0.0877235 9.98948E-05 9.98948E-05 9.98948E-05 9.98948E-05 9.98948E-05 9.98948E-05
9.98772E-05 0.800273 0.120769 9.98772E-05 0.04946 9.98772E-05 9.98772E-05 9.98772E-05 0.0280995 9.98772E-05 9.98772E-05 9.98772E-05 9.98772E-05 9.98772E-05 9.98772E-05 9.98772E-05 9.98772E-05 9.98772E-05
0.0212121 0.821865 9.98771E-05 9.98771E-05 9.98771E-05 9.98771E-05 0.138589 9.98771E-05 9.98771E-05 9.98771E-05 9.98771E-05 9.98771E-05 9.98771E-05 9.98771E-05 9.98771E-05 0.0169353 9.98771E-05 9.98771E-05
9.98945E-05 0.12396 0.177503 9.98945E-05 9.98945E-05 9.98945E-05 0.188906 9.98945E-05 9.98945E-05 9.98945E-05 0.27348 0.190652 9.98945E-05 9.98945E-05 0.0443022 9.98945E-05 9.98945E-05 9.98945E-05
9.9877E-05 0.651496 0.0206697 9.9877E-05 9.9877E-05 9.9877E-05 0.229604 9.9877E-05 9.9877E-05 0.0968314 9.9877E-05 9.9877E-05 9.9877E-05 9.9877E-05 9.9877E-05 9.9877E-05 9.9877E-05 9.9877E-05
9.98596E-05 0.996019 9.98596E-05 9.98596E-05 9.98596E-05 9.98596E-05 9.98596E-05 9.98596E-05 9.98596E-05 9.98596E-05 0.0023832 9.98596E-05 9.98596E-05 9.98596E-05 9.98596E-05 9.98596E-05 9.98596E-05 9.98596E-05
9.99035E-05 0.159049 9.99035E-05 0.0386947 9.99035E-05 0.0542865 0.619567 9.99035E-05 9.99035E-05 9.99035E-05 0.00384332 9.99035E-05 9.99035E-05 0.0104337 9.99035E-05 9.99035E-05 9.99035E-05 0.113027
9.98945E-05 0.438231 0.220402 9.98945E-05 0.00680445 0.0382048 0.276 9.98945E-05 9.98945E-05 9.98945E-05 0.0191594 9.98945E-05 9.98945E-05 9.98945E-05 9.98945E-05 9.98945E-05 9.98945E-05 9.98945E-05
9.98946E-05 0.0844715 9.98946E-05 0.534692 0.00284835 9.98946E-05 0.24847 9.98946E-05 9.98946E-05 9.98946E-05 0.0655465 9.98946E-05 9.98946E-05 9.98946E-05 0.0627737 9.98946E-05 9.98946E-05 9.98946E-05
9.99035E-05 0.544725 0.0589101 0.0735621 0.00100661 9.99035E-05 0.302687 9.99035E-05 9.99035E-05 9.99035E-05 0.00760789 0.0104022 9.99035E-05 9.99035E-05 9.99035E-05 9.99035E-05 9.99035E-05 9.99035E-05
9.98685E-05 0.805949 9.98685E-05 0.142092 9.98685E-05 9.98685E-05 9.98685E-05 9.98685E-05 9.98685E-05 9.98685E-05 9.98685E-05 9.98685E-05 9.98685E-05 9.98685E-05 0.0504614 9.98685E-05 9.98685E-05 9.98685E-05
9.9886E-05 0.482846 9.9886E-05 0.349229 9.9886E-05 0.0222398 0.135242 9.9886E-05 9.9886E-05 9.9886E-05 9.9886E-05 0.00914516 9.9886E-05 9.9886E-05 9.9886E-05 9.9886E-05 9.9886E-05 9.9886E-05
9.98858E-05 0.0240438 0.32356 9.98858E-05 9.98858E-05 9.98858E-05 0.366 9.98858E-05 9.98858E-05 9.98858E-05 0.09078 9.98858E-05 9.98858E-05 9.98858E-05 9.98858E-05 9.98858E-05 9.98858E-05 0.194317
9.98771E-05 0.167866 9.98771E-05 9.98771E-05 9.98771E-05 9.98771E-05 0.712335 9.98771E-05 0.0326416 9.98771E-05 0.0857591 9.98771E-05 9.98771E-05 9.98771E-05 9.98771E-05 9.98771E-05 9.98771E-05 9.98771E-05
9.98859E-05 9.98859E-05 0.0451718 0.540959 9.98859E-05 9.98859E-05 0.182191 9.98859E-05 9.98859E-05 9.98859E-05 0.178311 0.0520688 9.98859E-05 9.98859E-05 9.98859E-05 9.98859E-05 9.98859E-05 9.98859E-05
9.98596E-05 0.669183 9.98596E-05 0.329219 9.98596E-05 9.98596E-05 9.98596E-05 9.98596E-05 9.98596E-05 9.98596E-05 9.98596E-05 9.98596E-05 9.98596E-05 9.98596E-05 9.98596E-05 9.98596E-05 9.98596E-05 9.98596E-05
9.98946E-05 0.277966 9.98946E-05 9.98946E-05 9.98946E-05 9.98946E-05 0.27334 9.98946E-05 9.98946E-05 0.0247881 0.154254 0.102266 9.98946E-05 9.98946E-05 9.98946E-05 9.98946E-05 9.98946E-05 0.166187
9.98947E-05 0.755211 0.0380319 9.98947E-05 9.98947E-05 0.0191138 9.98947E-05 9.98947E-05 9.98947E-05 9.98947E-05 0.0652957 0.00422489 0.116924 9.98947E-05 9.98947E-05 9.98947E-05 9.98947E-05 9.98947E-05
9.99036E-05 0.357593 0.00725956 9.99036E-05 9.99036E-05 9.99036E-05 0.263978 9.99036E-05 9.99036E-05 0.0453041 0.122904 9.99036E-05 9.99036E-05 9.99036E-05 9.99036E-05 0.106326 9.99036E-05 0.0955373
9.99035E-05 0.215049 0.203189 9.99035E-05 0.0236637 9.99035E-05 0.223239 9.99035E-05 9.99035E-05 0.0558848 0.245226 0.032649 9.99035E-05 9.99035E-05 9.99035E-05 9.99035E-05 9.99035E-05 9.99035E-05
9.98771E-05 0.534671 0.0206825 0.435479 9.98771E-05 9.98771E-05 0.0077691 9.98771E-05 9.98771E-05 9.98771E-05 9.98771E-05 9.98771E-05 9.98771E-05 9.98771E-05 9.98771E-05 9.98771E-05 9.98771E-05 9.98771E-05
0.0368384 0.367415 0.0798546 9.98858E-05 9.98858E-05 9.98858E-05 0.36401 9.98858E-05 9.98858E-05 9.98858E-05 9.98858E-05 9.98858E-05 9.98858E-05 0.150583 9.98858E-05 9.98858E-05 9.98858E-05 9.98858E-05
9.98947E-05 0.126632 0.0114324 0.552111 9.98947E-05 9.98947E-05 0.158588 9.98947E-05 9.98947E-05 9.98947E-05 0.143173 9.98947E-05 9.98947E-05 9.98947E-05 0.00686465 9.98947E-05 9.98947E-05 9.98947E-05
9.98773E-05 9.98773E-05 0.0830841 0.149656 9.98773E-05 9.98773E-05 0.712397 9.98773E-05 9.98773E-05 9.98773E-05 0.0534647 9.98773E-05 9.98773E-05 9.98773E-05 9.98773E-05 9.98773E-05 9.98773E-05 9.98773E-05
0.00075243 0.195666 9.98947E-05 9.98947E-05 9.98947E-05 0.0181251 0.770339 9.98947E-05 9.98947E-05 9.98947E-05 0.00117555 9.98947E-05 9.98947E-05 0.012743 9.98947E-05 9.98947E-05 9.98947E-05 9.98947E-05
9.98857E-05 0.670585 9.98857E-05 9.98857E-05 0.00693511 9.98857E-05 0.23627 0.0468566 9.98857E-05 9.98857E-05 9.98857E-05 9.98857E-05 9.98857E-05 0.0380552 9.98857E-05 9.98857E-05 9.98857E-05 9.98857E-05
9.98858E-05 0.16094 0.117661 9.98858E-05 9.98858E-05 9.98858E-05 0.413597 9.98858E-05 9.98858E-05 9.98858E-05 0.15679 9.98858E-05 9.98858E-05 9.98858E-05 9.98858E-05 9.98858E-05 9.98858E-05 0.149713
9.98771E-05 0.582618 0.0390358 9.98771E-05 9.98771E-05 9.98771E-05 0.26137 9.98771E-05 9.98771E-05 9.98771E-05 0.115578 9.98771E-05 9.98771E-05 9.98771E-05 9.98771E-05 9.98771E-05 9.98771E-05 9.98771E-05
9.9877E-05 0.423111 0.0119811 9.9877E-05 0.0783893 9.9877E-05 0.485121 9.9877E-05 9.9877E-05 9.9877E-05 9.9877E-05 9.9877E-05 9.9877E-05 9.9877E-05 9.9877E-05 9.9877E-05 9.9877E-05 9.9877E-05
9.98859E-05 0.154382 0.0782867 9.98859E-05 0.0177867 9.98859E-05 0.611704 9.98859E-05 9.98859E-05 9.98859E-05 9.98859E-05 0.136542 9.98859E-05 9.98859E-05 9.98859E-05 9.98859E-05 9.98859E-05 9.98859E-05
9.98859E-05 0.561161 9.98859E-05 0.056302 9.98859E-05 9.98859E-05 0.178264 9.98859E-05 9.98859E-05 9.98859E-05 0.1331 9.98859E-05 9.98859E-05 9.98859E-05 9.98859E-05 9.98859E-05 9.98859E-05 0.0698749
9.98506E-05 9.98506E-05 0.998303 9.98506E-05 9.98506E-05 9.98506E-05 9.98506E-05 9.98506E-05 9.98506E-05 9.98506E-05 9.98506E-05 9.98506E-05 9.98506E-05 9.98506E-05 9.98506E-05 9.98506E-05 9.98506E-05 9.98506E-05
9.98504E-05 9.98504E-05 9.98504E-05 9.98504E-05 9.98504E-05 9.98504E-05 9.98504E-05 9.98504E-05 9.98504E-05 9.98504E-05 0.998303 9.98504E-05 9.98504E-05 9.98504E-05 9.98504E-05 9.98504E-05 9.98504E-05 9.98504E-05
9.98505E-05 9.98505E-05 0.998303 9.98505E-05 9.98505E-05 9.98505E-05 9.98505E-05 9.98505E-05 9.98505E-05 9.98505E-05 9.98505E-05 9.98505E-05 9.98505E-05 9.98505E-05 9.98505E-05 9.98505E-05 9.98505E-05 9.98505E-05
9.98505E-05 9.98505E-05 9.98505E-05 9.98505E-05 9.98505E-05 9.98505E-05 9.98505E-05 9.98505E-05 9.98505E-05 9.98505E-05 0.998303 9.98505E-05 9.98505E-05 9.98505E-05 9.98505E-05 9.98505E-05 9.98505E-05 9.98505E-05
9.98505E-05 9.98505E-05 9.98505E-05 9.98505E-05 9.98505E-05 9.98505E-05 9.98505E-05 9.98505E-05 9.98505E-05 9.98505E-05 0.998303 9.98505E-05 9.98505E-05 9.98505E-05 9.98505E-05 9.98505E-05 9.98505E-05 9.98505E-05
9.98507E-05 9.98507E-05 9.98507E-05 9.98507E-05 9.98507E-05 9.98507E-05 9.98507E-05 9.98507E-05 9.98507E-05 9.98507E-05 0.998303 9.98507E-05 9.98507E-05 9.98507E-05 9.98507E-05 9.98507E-05 9.98507E-05 9.98507E-05
9.98505E-05 9.98505E-05 0.998303 9.98505E-05 9.98505E-05 9.98505E-05 9.98505E-05 9.98505E-05 9.98505E-05 9.98505E-05 9.98505E-05 9.98505E-05 9.98505E-05 9.98505E-05 9.98505E-05 9.98505E-05 9.98505E-05 9.98505E-05
9.98506E-05 9.98506E-05 9.98506E-05 9.98506E-05 9.98506E-05 9.98506E-05 9.98506E-05 9.98506E-05 9.98506E-05 9.98506E-05 0.998303 9.98506E-05 9.98506E-05 9.98506E-05 9.98506E-05 9.98506E-05 9.98506E-05 9.98506E-05
9.98506E-05 9.98506E-05 9.98506E-05 9.98506E-05 9.98506E-05 9.98506E-05 9.98506E-05 9.98506E-05 9.98506E-05 9.98506E-05 0.998303 9.98506E-05 9.98506E-05 9.98506E-05 9.98506E-05 9.98506E-05 9.98506E-05 9.98506E-05
9.98505E-05 9.98505E-05 0.998303 9.98505E-05 9.98505E-05 9.98505E-05 9.98505E-05 9.98505E-05 9.98505E-05 9.98505E-05 9.98505E-05 9.98505E-05 9.98505E-05 9.98505E-05 9.98505E-05 9.98505E-05 9.98505E-05 9.98505E-05
9.98505E-05 9.98505E-05 0.998303 9.98505E-05 9.98505E-05 9.98505E-05 9.98505E-05 9.98505E-05 9.98505E-05 9.98505E-05 9.98505E-05 9.98505E-05 9.98505E-05 9.98505E-05 9.98505E-05 9.98505E-05 9.98505E-05 9.98505E-05
9.98504E-05 9.98504E-05 0.998303 9.98504E-05 9.98504E-05 9.98504E-05 9.98504E-05 9.98504E-05 9.98504E-05 9.98504E-05 9.98504E-05 9.98504E-05 9.98504E-05 9.98504E-05 9.98504E-05 9.98504E-05 9.98504E-05 9.98504E-05
9.98504E-05 9.98504E-05 9.98504E-05 9.98504E-05 9.98504E-05 9.98504E-05 9.98504E-05 9.98504E-05 9.98504E-05 9.98504E-05 0.998303 9.98504E-05 9.98504E-05 9.98504E-05 9.98504E-05 9.98504E-05 9.98504E-05 9.98504E-05
9.98505E-05 9.98505E-05 9.98505E-05 9.98505E-05 9.98505E-05 9.98505E-05 9.98505E-05 9.98505E-05 9.98505E-05 9.98505E-05 0.998303 9.98505E-05 9.98505E-05 9.98505E-05 9.98505E-05 9.98505E-05 9.98505E-05 9.98505E-05
9.98507E-05 9.98507E-05 0.998303 9.98507E-05 9.98507E-05 9.98507E-05 9.98507E-05 9.98507E-05 9.98507E-05 9.98507E-05 9.98507E-05 9.98507E-05 9.98507E-05 9.98507E-05 9.98507E-05 9.98507E-05 9.98507E-05 9.98507E-05
9.98505E-05 9.98505E-05 0.998303 9.98505E-05 9.98505E-05 9.98505E-05 9.98505E-05 9.98505E-05 9.98505E-05 9.98505E-05 9.98505E-05 9.98505E-05 9.98505E-05 9.98505E-05 9.98505E-05 9.98505E-05 9.98505E-05 9.98505E-05
9.98945E-05 9.98945E-05 0.0818004 9.98945E-05 0.0155208 9.98945E-05 0.652617 0.172173 9.98945E-05 9.98945E-05 9.98945E-05 0.00728465 9.98945E-05 9.98945E-05 9.98945E-05 0.0694056 9.98945E-05 9.98945E-05
9.98506E-05 9.98506E-05 0.998303 9.98506E-05 9.98506E-05 9.98506E-05 9.98506E-05 9.98506E-05 9.98506E-05 9.98506E-05 9.98506E-05 9.98506E-05 9.98506E-05 9.98506E-05 9.98506E-05 9.98506E-05 9.98506E-05 9.98506E-05
9.98505E-05 9.98505E-05 9.98505E-05 9.98505E-05 9.98505E-05 9.98505E-05 9.98505E-05 9.98505E-05 9.98505E-05 9.98505E-05 0.998303 9.98505E-05 9.98505E-05 9.98505E-05 9.98505E-05 9.98505E-05 9.98505E-05 9.98505E-05
9.98505E-05 9.98505E-05 0.998303 9.98505E-05 9.98505E-05 9.98505E-05 9.98505E-05 9.98505E-05 9.98505E-05 9.98505E-05 9.98505E-05 9.98505E-05 9.98505E-05 9.98505E-05 9.98505E-05 9.98505E-05 9.98505E-05 9.98505E-05
9.98505E-05 9.98505E-05 0.998303 9.98505E-05 9.98505E-05 9.98505E-05 9.98505E-05 9.98505E-05 9.98505E-05 9.98505E-05 9.98505E-05 9.98505E-05 9.98505E-05 9.98505E-05 9.98505E-05 9.98505E-05 9.98505E-05 9.98505E-05
9.98505E-05 9.98505E-05 0.998303 9.98505E-05 9.98505E-05 9.98505E-05 9.98505E-05 9.98505E-05 9.98505E-05 9.98505E-05 9.98505E-05 9.98505E-05 9.98505E-05 9.98505E-05 9.98505E-05 9.98505E-05 9.98505E-05 9.98505E-05
9.98505E-05 9.98505E-05 9.98505E-05 9.98505E-05 9.98505E-05 9.98505E-05 9.98505E-05 9.98505E-05 9.98505E-05 9.98505E-05 0.998303 9.98505E-05 9.98505E-05 9.98505E-05 9.98505E-05 9.98505E-05 9.98505E-05 9.98505E-05
9.98505E-05 9.98505E-05 0.998303 9.98505E-05 9.98505E-05 9.98505E-05 9.98505E-05 9.98505E-05 9.98505E-05 9.98505E-05 9.98505E-05 9.98505E-05 9.98505E-05 9.98505E-05 9.98505E-05 9.98505E-05 9.98505E-05 9.98505E-05
9.98504E-05 9.98504E-05 9.98504E-05 9.98504E-05 9.98504E-05 9.98504E-05 9.98504E-05 9.98504E-05 9.98504E-05 9.98504E-05 0.998303 9.98504E-05 9.98504E-05 9.98504E-05 9.98504E-05 9.98504E-05 9.98504E-05 9.98504E-05
9.98506E-05 9.98506E-05 0.998303 9.98506E-05 9.98506E-05 9.98506E-05 9.98506E-05 9.98506E-05 9.98506E-05 9.98506E-05 9.98506E-05 9.98506E-05 9.98506E-05 9.98506E-05 9.98506E-05 9.98506E-05 9.98506E-05 9.98506E-05
9.98505E-05 9.98505E-05 0.998303 9.98505E-05 9.98505E-05 9.98505E-05 9.98505E-05 9.98505E-05 9.98505E-05 9.98505E-05 9.98505E-05 9.98505E-05 9.98505E-05 9.98505E-05 9.98505E-05 9.98505E-05 9.98505E-05 9.98505E-05
9.98505E-05 9.98505E-05 9.98505E-05 9.98505E-05 9.98505E-05 9.98505E-05 9.98505E-05 9.98505E-05 9.98505E-05 9.98505E-05 0.998303 9.98505E-05 9.98505E-05 9.98505E-05 9.98505E-05 9.98505E-05 9.98505E-05 9.98505E-05
9.98504E-05 9.98504E-05 9.98504E-05 9.98504E-05 9.98504E-05 9.98504E-05 9.98504E-05 9.98504E-05 9.98504E-05 9.98504E-05 0.998303 9.98504E-05 9.98504E-05 9.98504E-05 9.98504E-05 9.98504E-05 9.98504E-05 9.98504E-05
9.98505E-05 9.98505E-05 9.98505E-05 9.98505E-05 9.98505E-05 9.98505E-05 9.98505E-05 9.98505E-05 9.98505E-05 9.98505E-05 0.998303 9.98505E-05 9.98505E-05 9.98505E-05 9.98505E-05 9.98505E-05 9.98505E-05 9.98505E-05
9.98505E-05 9.98505E-05 0.998303 9.98505E-05 9.98505E-05 9.98505E-05 9.98505E-05 9.98505E-05 9.98505E-05 9.98505E-05 9.98505E-05 9.98505E-05 9.98505E-05 9.98505E-05 9.98505E-05 9.98505E-05 9.98505E-05 9.98505E-05
9.98506E-05 9.98506E-05 0.998303 9.98506E-05 9.98506E-05 9.98506E-05 9.98506E-05 9.98506E-05 9.98506E-05 9.98506E-05 9.98506E-05 9.98506E-05 9.98506E-05 9.98506E-05 9.98506E-05 9.98506E-05 9.98506E-05 9.98506E-05
9.98505E-05 9.98505E-05 0.998303 9.98505E-05 9.98505E-05 9.98505E-05 9.98505E-05 9.98505E-05 9.98505E-05 9.98505E-05 9.98505E-05 9.98505E-05 9.98505E-05 9.98505E-05 9.98505E-05 9.98505E-05 9.98505E-05 9.98505E-05
9.98505E-05 9.98505E-05 0.998303 9.98505E-05 9.98505E-05 9.98505E-05 9.98505E-05 9.98505E-05 9.98505E-05 9.98505E-05 9.98505E-05 9.98505E-05 9.98505E-05 9.98505E-05 9.98505E-05 9.98505E-05 9.98505E-05 9.98505E-05
9.98505E-05 9.98505E-05 0.998303 9.98505E-05 9.98505E-05 9.98505E-05 9.98505E-05 9.98505E-05 9.98505E-05 9.98505E-05 9.98505E-05 9.98505E-05 9.98505E-05 9.98505E-05 9.98505E-05 9.98505E-05 9.98505E-05 9.98505E-05
9.98505E-05 9.98505E-05 9.98505E-05 9.98505E-05 9.98505E-05 9.98505E-05 9.98505E-05 9.98505E-05 9.98505E-05 9.98505E-05 0.998303 9.98505E-05 9.98505E-05 9.98505E-05 9.98505E-05 9.98505E-05 9.98505E-05 9.98505E-05
9.98506E-05 9.98506E-05 9.98506E-05 9.98506E-05 9.98506E-05 9.98506E-05 9.98506E-05 9.98506E-05 9.98506E-05 9.98506E-05 0.998303 9.98506E-05 9.98506E-05 9.98506E-05 9.98506E-05 9.98506E-05 9.98506E-05 9.98506E-05
9.98595E-05 9.98595E-05 9.98595E-05 9.98595E-05 0.00338853 9.98595E-05 9.98595E-05 9.98595E-05 9.98595E-05 9.98595E-05 0.995014 9.98595E-05 9.98595E-05 9.98595E-05 9.98595E-05 9.98595E-05 9.98595E-05 9.98595E-05
9.98505E-05 9.98505E-05 0.998303 9.98505E-05 9.98505E-05 9.98505E-05 9.98505E-05 9.98505E-05 9.98505E-05 9.98505E-05 9.98505E-05 9.98505E-05 9.98505E-05 9.98505E-05 9.98505E-05 9.98505E-05 9.98505E-05 9.98505E-05
9.98506E-05 9.98506E-05 9.98506E-05 9.98506E-05 9.98506E-05 9.98506E-05 9.98506E-05 9.98506E-05 9.98506E-05 9.98506E-05 0.998303 9.98506E-05 9.98506E-05 9.98506E-05 9.98506E-05 9.98506E-05 9.98506E-05 9.98506E-05
9.98505E-05 9.98505E-05 9.98505E-05 9.98505E-05 9.98505E-05 9.98505E-05 9.98505E-05 9.98505E-05 9.98505E-05 9.98505E-05 0.998303 9.98505E-05 9.98505E-05 9.98505E-05 9.98505E-05 9.98505E-05 9.98505E-05 9.98505E-05
9.98505E-05 9.98505E-05 9.98505E-05 9.98505E-05 9.98505E-05 9.98505E-05 9.98505E-05 9.98505E-05 9.98505E-05 9.98505E-05 0.998303 9.98505E-05 9.98505E-05 9.98505E-05 9.98505E-05 9.98505E-05 9.98505E-05 9.98505E-05
9.98505E-05 9.98505E-05 9.98505E-05 9.98505E-05 9.98505E-05 9.98505E-05 9.98505E-05 9.98505E-05 9.98505E-05 9.98505E-05 0.998303 9.98505E-05 9.98505E-05 9.98505E-05 9.98505E-05 9.98505E-05 9.98505E-05 9.98505E-05
9.98505E-05 9.98505E-05 0.998303 9.98505E-05 9.98505E-05 9.98505E-05 9.98505E-05 9.98505E-05 9.98505E-05 9.98505E-05 9.98505E-05 9.98505E-05 9.98505E-05 9.98505E-05 9.98505E-05 9.98505E-05 9.98505E-05 9.98505E-05
9.98507E-05 9.98507E-05 9.98507E-05 9.98507E-05 9.98507E-05 9.98507E-05 9.98507E-05 9.98507E-05 9.98507E-05 9.98507E-05 0.998303 9.98507E-05 9.98507E-05 9.98507E-05 9.98507E-05 9.98507E-05 9.98507E-05 9.98507E-05
9.98505E-05 9.98505E-05 9.98505E-05 9.98505E-05 9.98505E-05 9.98505E-05 9.98505E-05 9.98505E-05 9.98505E-05 9.98505E-05 0.998303 9.98505E-05 9.98505E-05 9.98505E-05 9.98505E-05 9.98505E-05 9.98505E-05 9.98505E-05
9.98945E-05 9.98945E-05 0.108042 9.98945E-05 9.98945E-05 9.98945E-05 0.656404 0.159412 9.98945E-05 9.98945E-05 0.0223229 0.00191196 9.98945E-05 9.98945E-05 9.98945E-05 0.0507088 9.98945E-05 9.98945E-05
