9.98245E-05 9.98245E-05 9.98245E-05 9.98245E-05 9.98245E-05 9.98245E-05 0.0539794 9.98245E-05 0.232395 9.98245E-05 9.98245E-05 9.98245E-05 0.0301437 9.98245E-05 0.0436267 9.98245E-05 0.113672 0.0049668 9.98245E-05 0.406925 9.98245E-05 9.98245E-05 0.0356373 9.98245E-05 9.98245E-05 9.98245E-05 0.0766568 9.98245E-05 9.98245E-05
9.97896E-05 9.97896E-05 0.275919 9.97896E-05 9.97896E-05 9.97896E-05 9.97896E-05 9.97896E-05 0.134766 9.97896E-05 9.97896E-05 9.97896E-05 0.526237 9.97896E-05 0.0507038 9.97896E-05 9.97896E-05 9.97896E-05 9.97896E-05 9.97896E-05 9.97896E-05 9.97896E-05 9.97896E-05 9.97896E-05 9.97896E-05 9.97896E-05 0.00997964 9.97896E-05 9.97896E-05
9.97808E-05 9.97808E-05 0.895722 9.97808E-05 9.97808E-05 9.97808E-05 9.97808E-05 9.97808E-05 9.97808E-05 9.97808E-05 9.97808E-05 9.97808E-05 0.0611999 9.97808E-05 9.97808E-05 9.97808E-05 0.0278404 9.97808E-05 9.97808E-05 9.97808E-05 9.97808E-05 0.0127432 9.97808E-05 9.97808E-05 9.97808E-05 9.97808E-05 9.97808E-05 9.97808E-05 9.97808E-05
0.0291094 9.98509E-05 9.98509E-05 9.98509E-05 9.98509E-05 9.98509E-05 0.141405 9.98509E-05 9.98509E-05 9.98509E-05 0.131422 0.20913 0.00577118 0.0393974 0.00833472 0.00132582 0.0835956 9.98509E-05 9.98509E-05 0.293221 9.98509E-05 9.98509E-05 0.047889 9.98509E-05 9.98509E-05 0.00770074 9.98509E-05 9.98509E-05 9.98509E-05
9.97896E-05 9.97896E-05 9.97896E-05 9.97896E-05 9.97896E-05 9.97896E-05 9.97896E-05 9.97896E-05 9.97896E-05 9.97896E-05 0.0163441 9.97896E-05 0.494174 9.97896E-05 9.97896E-05 0.0615647 9.97896E-05 9.97896E-05 9.97896E-05 0.350313 9.97896E-05 0.075209 9.97896E-05 9.97896E-05 9.97896E-05 9.97896E-05 9.97896E-05 9.97896E-05 9.97896E-05
9.98071E-05 9.98071E-05 9.98071E-05 0.150666 9.98071E-05 9.98071E-05 9.98071E-05 9.98071E-05 0.261999 0.0584471 0.117297 9.98071E-05 9.98071E-05 0.118589 9.98071E-05 9.98071E-05 9.98071E-05 9.98071E-05 9.98071E-05 0.210366 9.98071E-05 0.080441 9.98071E-05 9.98071E-05 9.98071E-05 9.98071E-05 9.98071E-05 9.98071E-05 9.98071E-05
0.103057 9.98422E-05 9.98422E-05 0.0537176 9.98422E-05 0.0151556 9.98422E-05 0.0433042 0.155286 0.207625 9.98422E-05 0.0902672 0.101579 9.98422E-05 9.98422E-05 9.98422E-05 0.102985 0.00329181 9.98422E-05 0.121934 9.98422E-05 9.98422E-05 9.98422E-05 9.98422E-05 9.98422E-05 9.98422E-05 9.98422E-05 9.98422E-05 9.98422E-05
9.98334E-05 9.98334E-05 9.98334E-05 0.0221859 9.98334E-05 9.98334E-05 9.98334E-05 9.98334E-05 0.113314 9.98334E-05 9.98334E-05 9.98334E-05 0.217944 0.13147 9.98334E-05 0.066724 0.129381 0.185579 9.98334E-05 9.98334E-05 9.98334E-05 0.0313992 9.98334E-05 9.98334E-05 9.98334E-05 0.0815016 9.98334E-05 0.0186048 9.98334E-05
9.98158E-05 9.98158E-05 9.98158E-05 9.98158E-05 9.98158E-05 9.98158E-05 9.98158E-05 9.98158E-05 9.98158E-05 0.0461913 9.98158E-05 9.98158E-05 0.0995741 0.20665 9.98158E-05 9.98158E-05 0.00348735 9.98158E-05 0.187156 0.197352 9.98158E-05 9.98158E-05 0.201108 9.98158E-05 9.98158E-05 0.0563847 9.98158E-05 9.98158E-05 9.98158E-05
9.97543E-05 9.97543E-05 9.97543E-05 9.97543E-05 9.97543E-05 9.97543E-05 9.97543E-05 9.97543E-05 9.97543E-05 9.97543E-05 9.97543E-05 9.97543E-05 9.97543E-05 9.97543E-05 9.97543E-05 9.97543E-05 9.97543E-05 9.97543E-05 9.97543E-05 0.997207 9.97543E-05 9.97543E-05 9.97543E-05 9.97543E-05 9.97543E-05 9.97543E-05 9.97543E-05 9.97543E-05 9.97543E-05
0.161824 9.97896E-05 9.97896E-05 9.97896E-05 9.97896E-05 9.97896E-05 9.97896E-05 9.97896E-05 9.97896E-05 9.97896E-05 9.97896E-05 9.97896E-05 9.97896E-05 0.0194765 9.97896E-05 9.97896E-05 9.97896E-05 9.97896E-05 9.97896E-05 0.708212 9.97896E-05 9.97896E-05 0.10735 0.000742545 9.97896E-05 9.97896E-05 9.97896E-05 9.97896E-05 9.97896E-05
9.97543E-05 9.97543E-05 0.997207 9.97543E-05 9.97543E-05 9.97543E-05 9.97543E-05 9.97543E-05 9.97543E-05 9.97543E-05 9.97543E-05 9.97543E-05 9.97543E-05 9.97543E-05 9.97543E-05 9.97543E-05 9.97543E-05 9.97543E-05 9.97543E-05 9.97543E-05 9.97543E-05 9.97543E-05 9.97543E-05 9.97543E-05 9.97543E-05 9.97543E-05 9.97543E-05 9.97543E-05 9.97543E-05
9.97808E-05 9.97808E-05 9.97808E-05 9.97808E-05 9.97808E-05 9.97808E-05 9.97808E-05 9.97808E-05 9.97808E-05 9.97808E-05 9.97808E-05 9.97808E-05 0.672417 9.97808E-05 9.97808E-05 9.97808E-05 0.0419075 9.97808E-05 9.97808E-05 0.187745 9.97808E-05 9.97808E-05 0.0954366 9.97808E-05 9.97808E-05 9.97808E-05 9.97808E-05 9.97808E-05 9.97808E-05
0.0130343 9.98247E-05 0.10767 9.98247E-05 9.98247E-05 9.98247E-05 9.98247E-05 9.98247E-05 9.98247E-05 9.98247E-05 9.98247E-05 9.98247E-05 0.594551 9.98247E-05 0.0389783 9.98247E-05 0.0266732 9.98247E-05 9.98247E-05 9.98247E-05 9.98247E-05 0.0804948 0.0394937 9.98247E-05 0.0688246 9.98247E-05 9.98247E-05 9.98247E-05 0.0282829
9.98335E-05 9.98335E-05 9.98335E-05 0.000582309 9.98335E-05 9.98335E-05 9.98335E-05 9.98335E-05 0.126935 0.163172 0.0346416 9.98335E-05 9.98335E-05 0.0515615 9.98335E-05 9.98335E-05 9.98335E-05 9.98335E-05 0.0182282 0.462835 9.98335E-05 9.98335E-05 0.0863381 9.98335E-05 0.0163506 9.98335E-05 9.98335E-05 9.98335E-05 0.0374597
9.98158E-05 9.98158E-05 0.0806757 9.98158E-05 9.98158E-05 9.98158E-05 9.98158E-05 9.98158E-05 0.201821 9.98158E-05 9.98158E-05 0.116059 0.118451 0.13224 9.98158E-05 9.98158E-05 0.124338 9.98158E-05 9.98158E-05 9.98158E-05 9.98158E-05 9.98158E-05 0.112995 9.98158E-05 9.98158E-05 9.98158E-05 9.98158E-05 0.111324 9.98158E-05
0.0474352 9.98158E-05 0.0184647 9.98158E-05 9.98158E-05 9.98158E-05 9.98158E-05 0.00227514 9.98158E-05 9.98158E-05 9.98158E-05 9.98158E-05 9.98158E-05 9.98158E-05 0.0377044 9.98158E-05 9.98158E-05 9.98158E-05 9.98158E-05 0.575929 0.187267 9.98158E-05 0.0210303 9.98158E-05 9.98158E-05 0.107798 9.98158E-05 9.98158E-05 9.98158E-05
9.98071E-05 9.98071E-05 9.98071E-05 9.98071E-05 0.128761 9.98071E-05 9.98071E-05 9.98071E-05 0.326884 9.98071E-05 9.98071E-05 9.98071E-05 9.98071E-05 0.0157933 9.98071E-05 9.98071E-05 0.144064 9.98071E-05 9.98071E-05 0.158209 9.98071E-05 9.98071E-05 0.113332 0.11076 9.98071E-05 9.98071E-05 9.98071E-05 9.98071E-05 9.98071E-05
9.98069E-05 9.98069E-05 9.98069E-05 0.212875 0.00290916 9.98069E-05 9.98069E-05 9.98069E-05 9.98069E-05 0.0570832 9.98069E-05 9.98069E-05 9.98069E-05 0.0480804 9.98069E-05 9.98069E-05 0.140252 9.98069E-05 9.98069E-05 0.424272 9.98069E-05 9.98069E-05 0.112332 9.98069E-05 9.98069E-05 9.98069E-05 9.98069E-05 9.98069E-05 9.98069E-05
9.97632E-05 9.97632E-05 9.97632E-05 9.97632E-05 9.97632E-05 9.97632E-05 9.97632E-05 9.97632E-05 9.97632E-05 9.97632E-05 9.97632E-05 9.97632E-05 0.627609 9.97632E-05 9.97632E-05 9.97632E-05 9.97632E-05 9.97632E-05 9.97632E-05 0.369698 9.97632E-05 9.97632E-05 9.97632E-05 9.97632E-05 9.97632E-05 9.97632E-05 9.97632E-05 9.97632E-05 9.97632E-05
0.0439624 9.98157E-05 9.98157E-05 9.98157E-05 9.98157E-05 9.98157E-05 9.98157E-05 9.98157E-05 9.98157E-05 9.98157E-05 0.0165949 9.98157E-05 0.459709 9.98157E-05 9.98157E-05 0.179135 9.98157E-05 9.98157E-05 9.98157E-05 0.0339241 9.98157E-05 9.98157E-05 0.0223808 9.98157E-05 9.98157E-05 0.158708 9.98157E-05 0.0834905 9.98157E-05
9.97982E-05 9.97982E-05 9.97982E-05 0.108008 9.97982E-05 9.97982E-05 9.97982E-05 9.97982E-05 9.97982E-05 9.97982E-05 9.97982E-05 9.97982E-05 9.97982E-05 0.149122 9.97982E-05 9.97982E-05 0.295303 0.0390051 9.97982E-05 0.363612 9.97982E-05 0.0426552 9.97982E-05 9.97982E-05 9.97982E-05 9.97982E-05 9.97982E-05 9.97982E-05 9.97982E-05
0.0221276 9.97807E-05 9.97807E-05 9.97807E-05 9.97807E-05 9.97807E-05 9.97807E-05 9.97807E-05 0.182681 9.97807E-05 9.97807E-05 9.97807E-05 0.704599 9.97807E-05 9.97807E-05 9.97807E-05 9.97807E-05 9.97807E-05 9.97807E-05 9.97807E-05 9.97807E-05 9.97807E-05 0.0880977 9.97807E-05 9.97807E-05 9.97807E-05 9.97807E-05 9.97807E-05 9.97807E-05
9.9807E-05 9.9807E-05 9.9807E-05 9.9807E-05 9.9807E-05 9.9807E-05 9.9807E-05 9.9807E-05 0.0868478 9.9807E-05 9.9807E-05 9.9807E-05 0.171319 9.9807E-05 9.9807E-05 9.9807E-05 0.264444 9.9807E-05 0.0412186 0.198294 9.9807E-05 9.9807E-05 0.228738 9.9807E-05 9.9807E-05 9.9807E-05 9.9807E-05 0.00694339 9.9807E-05
9.98071E-05 9.98071E-05 9.98071E-05 9.98071E-05 9.98071E-05 9.98071E-05 0.0758893 9.98071E-05 9.98071E-05 9.98071E-05 0.170079 9.98071E-05 9.98071E-05 0.010775 9.98071E-05 9.98071E-05 0.0828999 9.98071E-05 9.98071E-05 0.305532 9.98071E-05 9.98071E-05 0.237122 9.98071E-05 9.98071E-05 9.98071E-05 9.98071E-05 9.98071E-05 0.115507
9.97896E-05 9.97896E-05 9.97896E-05 9.97896E-05 9.97896E-05 9.97896E-05 9.97896E-05 9.97896E-05 9.97896E-05 9.97896E-05 0.134033 9.97896E-05 9.97896E-05 9.97896E-05 9.97896E-05 9.97896E-05 9.97896E-05 9.97896E-05 9.97896E-05 0.767175 9.97896E-05 0.023013 0.0277395 9.97896E-05 9.97896E-05 0.045645 9.97896E-05 9.97896E-05 9.97896E-05
9.98244E-05 0.26155 9.98244E-05 9.98244E-05 0.047366 0.00912476 9.98244E-05 9.98244E-05 9.98244E-05 9.98244E-05 0.216003 9.98244E-05 9.98244E-05 9.98244E-05 9.98244E-05 9.98244E-05 0.245809 9.98244E-05 0.0127845 0.121855 9.98244E-05 9.98244E-05 0.053741 9.98244E-05 9.98244E-05 9.98244E-05 9.98244E-05 0.0297702 9.98244E-05
9.98071E-05 0.00978652 9.98071E-05 0.000253371 9.98071E-05 9.98071E-05 9.98071E-05 9.98071E-05 9.98071E-05 9.98071E-05 9.98071E-05 0.0495804 0.72591 9.98071E-05 9.98071E-05 9.98071E-05 0.0785531 9.98071E-05 9.98071E-05 0.0788497 9.98071E-05 9.98071E-05 0.0548715 9.98071E-05 9.98071E-05 9.98071E-05 9.98071E-05 9.98071E-05 9.98071E-05
9.97985E-05 0.115672 0.509033 9.97985E-05 9.97985E-05 9.97985E-05 9.97985E-05 9.97985E-05 9.97985E-05 9.97985E-05 0.0356806 9.97985E-05 9.97985E-05 9.97985E-05 9.97985E-05 9.97985E-05 0.0100295 9.97985E-05 9.97985E-05 0.150174 9.97985E-05 9.97985E-05 0.177116 9.97985E-05 9.97985E-05 9.97985E-05 9.97985E-05 9.97985E-05 9.97985E-05
9.97982E-05 9.97982E-05 0.587792 0.0153535 9.97982E-05 9.97982E-05 9.97982E-05 9.97982E-05 9.97982E-05 9.97982E-05 9.97982E-05 9.97982E-05 0.225344 0.0145804 9.97982E-05 9.97982E-05 9.97982E-05 9.97982E-05 9.97982E-05 9.97982E-05 0.135156 9.97982E-05 0.0194785 9.97982E-05 9.97982E-05 9.97982E-05 9.97982E-05 9.97982E-05 9.97982E-05
0.108934 0.118458 9.98245E-05 0.0582534 0.00245509 9.98245E-05 0.0197356 9.98245E-05 9.98245E-05 9.98245E-05 9.98245E-05 9.98245E-05 0.266707 0.0116398 9.98245E-05 9.98245E-05 9.98245E-05 9.98245E-05 9.98245E-05 0.390785 9.98245E-05 9.98245E-05 9.98245E-05 0.0210355 9.98245E-05 9.98245E-05 9.98245E-05 9.98245E-05 9.98245E-05
0.0320729 0.0338089 9.98422E-05 0.112176 9.98422E-05 9.98422E-05 9.98422E-05 9.98422E-05 0.0025348 9.98422E-05 0.133218 9.98422E-05 0.0670234 9.98422E-05 9.98422E-05 9.98422E-05 0.0274741 9.98422E-05 9.98422E-05 0.374921 9.98422E-05 9.98422E-05 0.0590021 9.98422E-05 0.0951049 0.0608671 9.98422E-05 9.98422E-05 9.98422E-05
0.131439 9.98333E-05 0.288733 9.98333E-05 9.98333E-05 9.98333E-05 9.98333E-05 9.98333E-05 0.0924731 9.98333E-05 9.98333E-05 0.0102636 0.00802253 0.0151351 9.98333E-05 9.98333E-05 0.00829149 9.98333E-05 9.98333E-05 0.219265 9.98333E-05 9.98333E-05 0.167144 9.98333E-05 9.98333E-05 9.98333E-05 9.98333E-05 0.0573356 9.98333E-05
9.98071E-05 9.98071E-05 0.642863 0.0633308 0.0267226 9.98071E-05 9.98071E-05 0.00621409 9.98071E-05 9.98071E-05 0.112525 9.98071E-05 9.98071E-05 9.98071E-05 9.98071E-05 9.98071E-05 0.0736223 9.98071E-05 9.98071E-05 9.98071E-05 9.98071E-05 9.98071E-05 0.0725264 9.98071E-05 9.98071E-05 9.98071E-05 9.98071E-05 9.98071E-05 9.98071E-05
9.97722E-05 9.97722E-05 0.906916 9.97722E-05 9.97722E-05 9.97722E-05 0.0334984 9.97722E-05 9.97722E-05 9.97722E-05 9.97722E-05 9.97722E-05 9.97722E-05 9.97722E-05 0.0569911 9.97722E-05 9.97722E-05 9.97722E-05 9.97722E-05 9.97722E-05 9.97722E-05 9.97722E-05 9.97722E-05 9.97722E-05 9.97722E-05 9.97722E-05 9.97722E-05 9.97722E-05 9.97722E-05
9.97896E-05 9.97896E-05 9.97896E-05 9.97896E-05 9.97896E-05 0.0909317 9.97896E-05 9.97896E-05 9.97896E-05 9.97896E-05 9.97896E-05 0.124474 9.97896E-05 9.97896E-05 0.0262313 9.97896E-05 9.97896E-05 9.97896E-05 9.97896E-05 0.692329 9.97896E-05 9.97896E-05 9.97896E-05 9.97896E-05 9.97896E-05 0.0636389 9.97896E-05 9.97896E-05 9.97896E-05
9.97809E-05 9.97809E-05 0.0559776 0.0868959 9.97809E-05 9.97809E-05 9.97809E-05 0.00902699 9.97809E-05 9.97809E-05 9.97809E-05 9.97809E-05 0.845605 9.97809E-05 9.97809E-05 9.97809E-05 9.97809E-05 9.97809E-05 9.97809E-05 9.97809E-05 9.97809E-05 9.97809E-05 9.97809E-05 9.97809E-05 9.97809E-05 9.97809E-05 9.97809E-05 9.97809E-05 9.97809E-05
9.97985E-05 9.97985E-05 0.0409632 9.97985E-05 9.97985E-05 9.97985E-05 9.97985E-05 9.97985E-05 9.97985E-05 9.97985E-05 9.97985E-05 9.97985E-05 0.639566 0.192901 0.0321953 9.97985E-05 9.97985E-05 9.97985E-05 9.97985E-05 9.97985E-05 9.97985E-05 9.97985E-05 0.0820788 0.0100005 9.97985E-05 9.97985E-05 9.97985E-05 9.97985E-05 9.97985E-05
9.97984E-05 9.97984E-05 0.732411 9.97984E-05 9.97984E-05 9.97984E-05 9.97984E-05 9.97984E-05 9.97984E-05 9.97984E-05 9.97984E-05 9.97984E-05 9.97984E-05 0.0368258 0.0175889 9.97984E-05 0.0306979 9.97984E-05 9.97984E-05 9.97984E-05 9.97984E-05 0.0472999 0.132881 9.97984E-05 9.97984E-05 9.97984E-05 9.97984E-05 9.97984E-05 9.97984E-05
9.97983E-05 9.97983E-05 0.704991 0.0366755 9.97983E-05 9.97983E-05 9.97983E-05 9.97983E-05 9.97983E-05 9.97983E-05 0.0866552 9.97983E-05 9.97983E-05 9.97983E-05 9.97983E-05 9.97983E-05 0.00365593 9.97983E-05 9.97983E-05 9.97983E-05 9.97983E-05 9.97983E-05 0.115316 9.97983E-05 9.97983E-05 9.97983E-05 9.97983E-05 0.0504108 9.97983E-05
9.97544E-05 9.97544E-05 9.97544E-05 9.97544E-05 9.97544E-05 9.97544E-05 9.97544E-05 9.97544E-05 9.97544E-05 9.97544E-05 9.97544E-05 9.97544E-05 9.97544E-05 9.97544E-05 9.97544E-05 9.97544E-05 9.97544E-05 9.97544E-05 9.97544E-05 0.997207 9.97544E-05 9.97544E-05 9.97544E-05 9.97544E-05 9.97544E-05 9.97544E-05 9.97544E-05 9.97544E-05 9.97544E-05
9.97984E-05 0.129655 9.97984E-05 9.97984E-05 9.97984E-05 9.97984E-05 9.97984E-05 9.97984E-05 0.00703338 9.97984E-05 9.97984E-05 9.97984E-05 9.97984E-05 9.97984E-05 9.97984E-05 9.97984E-05 0.0463024 9.97984E-05 0.0578911 0.696153 9.97984E-05 9.97984E-05 0.0606703 9.97984E-05 9.97984E-05 9.97984E-05 9.97984E-05 9.97984E-05 9.97984E-05
9.97721E-05 9.97721E-05 9.97721E-05 9.97721E-05 9.97721E-05 0.240969 9.97721E-05 9.97721E-05 9.97721E-05 9.97721E-05 9.97721E-05 9.97721E-05 0.50722 9.97721E-05 9.97721E-05 9.97721E-05 9.97721E-05 9.97721E-05 9.97721E-05 0.249217 9.97721E-05 9.97721E-05 9.97721E-05 9.97721E-05 9.97721E-05 9.97721E-05 9.97721E-05 9.97721E-05 9.97721E-05
9.98248E-05 9.98248E-05 0.433053 9.98248E-05 0.00197367 9.98248E-05 9.98248E-05 9.98248E-05 0.0227518 0.0752045 9.98248E-05 9.98248E-05 9.98248E-05 0.0579002 9.98248E-05 9.98248E-05 0.0786087 9.98248E-05 0.110423 0.0272592 9.98248E-05 9.98248E-05 0.19083 9.98248E-05 9.98248E-05 9.98248E-05 9.98248E-05 9.98248E-05 9.98248E-05
9.97984E-05 9.97984E-05 9.97984E-05 0.00636484 9.97984E-05 9.97984E-05 9.97984E-05 9.97984E-05 9.97984E-05 9.97984E-05 9.97984E-05 0.0587493 0.242794 9.97984E-05 9.97984E-05 9.97984E-05 0.465672 9.97984E-05 9.97984E-05 9.97984E-05 9.97984E-05 0.0747618 0.149363 9.97984E-05 9.97984E-05 9.97984E-05 9.97984E-05 9.97984E-05 9.97984E-05
9.97719E-05 9.97719E-05 0.102925 9.97719E-05 9.97719E-05 9.97719E-05 9.97719E-05 9.97719E-05 9.97719E-05 9.97719E-05 9.97719E-05 9.97719E-05 9.97719E-05 9.97719E-05 9.97719E-05 9.97719E-05 9.97719E-05 9.97719E-05 9.97719E-05 0.864709 9.97719E-05 9.97719E-05 9.97719E-05 0.0297719 9.97719E-05 9.97719E-05 9.97719E-05 9.97719E-05 9.97719E-05
9.9763E-05 9.9763E-05 9.9763E-05 9.9763E-05 0.000341563 9.9763E-05 9.9763E-05 9.9763E-05 9.9763E-05 9.9763E-05 9.9763E-05 9.9763E-05 0.996965 9.9763E-05 9.9763E-05 9.9763E-05 9.9763E-05 9.9763E-05 9.9763E-05 9.9763E-05 9.9763E-05 9.9763E-05 9.9763E-05 9.9763E-05 9.9763E-05 9.9763E-05 9.9763E-05 9.9763E-05 9.9763E-05
9.97546E-05 9.97546E-05 0.997207 9.97546E-05 9.97546E-05 9.97546E-05 9.97546E-05 9.97546E-05 9.97546E-05 9.97546E-05 9.97546E-05 9.97546E-05 9.97546E-05 9.97546E-05 9.97546E-05 9.97546E-05 9.97546E-05 9.97546E-05 9.97546E-05 9.97546E-05 9.97546E-05 9.97546E-05 9.97546E-05 9.97546E-05 9.97546E-05 9.97546E-05 9.97546E-05 9.97546E-05 9.97546E-05
0.0226084 0.0408742 0.288694 0.0341972 9.98157E-05 9.98157E-05 9.98157E-05 9.98157E-05 0.0186981 9.98157E-05 9.98157E-05 9.98157E-05 0.373771 9.98157E-05 9.98157E-05 9.98157E-05 0.147296 9.98157E-05 9.98157E-05 9.98157E-05 9.98157E-05 9.98157E-05 0.0717656 9.98157E-05 9.98157E-05 9.98157E-05 9.98157E-05 9.98157E-05 9.98157E-05
9.979E-05 9.979E-05 9.979E-05 9.979E-05 0.0140951 9.979E-05 0.00487462 0.0632676 9.979E-05 9.979E-05 9.979E-05 9.979E-05 0.881286 9.979E-05 9.979E-05 9.979E-05 9.979E-05 9.979E-05 9.979E-05 9.979E-05 9.979E-05 9.979E-05 9.979E-05 9.979E-05 9.979E-05 9.979E-05 9.979E-05 9.979E-05 0.0340814
0.0798836 0.164916 9.98244E-05 9.98244E-05 9.98244E-05 9.98244E-05 0.0702253 9.98244E-05 9.98244E-05 9.98244E-05 0.0827697 9.98244E-05 0.387802 0.0305015 9.98244E-05 0.00904514 9.98244E-05 9.98244E-05 0.0152259 9.98244E-05 9.98244E-05 9.98244E-05 0.157634 9.98244E-05 9.98244E-05 9.98244E-05 9.98244E-05 9.98244E-05 9.98244E-05
9.97983E-05 9.97983E-05 9.97983E-05 9.97983E-05 9.97983E-05 9.97983E-05 0.0528584 9.97983E-05 9.97983E-05 9.97983E-05 9.97983E-05 0.0912628 9.97983E-05 9.97983E-05 9.97983E-05 9.97983E-05 0.071803 9.97983E-05 9.97983E-05 0.702736 9.97983E-05 9.97983E-05 9.97983E-05 0.0622236 9.97983E-05 9.97983E-05 9.97983E-05 0.0168212 9.97983E-05
9.97897E-05 9.97897E-05 0.116571 9.97897E-05 0.0278729 9.97897E-05 9.97897E-05 0.0330391 9.97897E-05 0.0316385 9.97897E-05 9.97897E-05 9.97897E-05 9.97897E-05 9.97897E-05 9.97897E-05 9.97897E-05 9.97897E-05 9.97897E-05 0.788484 9.97897E-05 9.97897E-05 9.97897E-05 9.97897E-05 9.97897E-05 9.97897E-05 9.97897E-05 9.97897E-05 9.97897E-05
9.97898E-05 9.97898E-05 0.687966 9.97898E-05 9.97898E-05 0.0329633 9.97898E-05 9.97898E-05 9.97898E-05 9.97898E-05 9.97898E-05 9.97898E-05 0.053936 9.97898E-05 9.97898E-05 9.97898E-05 9.97898E-05 9.97898E-05 9.97898E-05 9.97898E-05 9.97898E-05 9.97898E-05 9.97898E-05 0.0924533 9.97898E-05 9.97898E-05 9.97898E-05 0.130286 9.97898E-05
9.97811E-05 9.97811E-05 0.814665 9.97811E-05 9.97811E-05 9.97811E-05 9.97811E-05 9.97811E-05 9.97811E-05 9.97811E-05 9.97811E-05 9.97811E-05 0.00513448 9.97811E-05 9.97811E-05 9.97811E-05 9.97811E-05 9.97811E-05 9.97811E-05 9.97811E-05 9.97811E-05 9.97811E-05 0.0901241 9.97811E-05 9.97811E-05 9.97811E-05 9.97811E-05 9.97811E-05 0.0875822
9.97895E-05 9.97895E-05 0.690923 0.0135922 9.97895E-05 9.97895E-05 0.0419599 9.97895E-05 9.97895E-05 9.97895E-05 0.0662192 9.97895E-05 9.97895E-05 9.97895E-05 9.97895E-05 9.97895E-05 9.97895E-05 9.97895E-05 9.97895E-05 0.184911 9.97895E-05 9.97895E-05 9.97895E-05 9.97895E-05 9.97895E-05 9.97895E-05 9.97895E-05 9.97895E-05 9.97895E-05
9.97894E-05 9.97894E-05 9.97894E-05 0.0458958 0.0291728 9.97894E-05 9.97894E-05 9.97894E-05 9.97894E-05 0.00950749 9.97894E-05 9.97894E-05 9.97894E-05 9.97894E-05 9.97894E-05 9.97894E-05 9.97894E-05 9.97894E-05 9.97894E-05 0.899228 9.97894E-05 9.97894E-05 9.97894E-05 9.97894E-05 9.97894E-05 0.0138006 9.97894E-05 9.97894E-05 9.97894E-05
9.9781E-05 9.9781E-05 9.9781E-05 9.9781E-05 9.9781E-05 9.9781E-05 9.9781E-05 9.9781E-05 9.9781E-05 9.9781E-05 9.9781E-05 0.0258962 0.877076 0.0312936 9.9781E-05 9.9781E-05 9.9781E-05 9.9781E-05 9.9781E-05 9.9781E-05 9.9781E-05 9.9781E-05 0.0632392 9.9781E-05 9.9781E-05 9.9781E-05 9.9781E-05 9.9781E-05 9.9781E-05
9.97807E-05 9.97807E-05 0.144295 9.97807E-05 9.97807E-05 9.97807E-05 9.97807E-05 9.97807E-05 9.97807E-05 9.97807E-05 9.97807E-05 9.97807E-05 0.756802 9.97807E-05 9.97807E-05 9.97807E-05 9.97807E-05 0.0776053 9.97807E-05 9.97807E-05 9.97807E-05 9.97807E-05 0.0188039 9.97807E-05 9.97807E-05 9.97807E-05 9.97807E-05 9.97807E-05 9.97807E-05
0.0668839 9.98069E-05 9.98069E-05 9.98069E-05 0.0259322 0.0218691 9.98069E-05 9.98069E-05 0.658948 9.98069E-05 9.98069E-05 9.98069E-05 9.98069E-05 0.0540918 9.98069E-05 9.98069E-05 9.98069E-05 0.0177783 9.98069E-05 9.98069E-05 9.98069E-05 9.98069E-05 0.1523 9.98069E-05 9.98069E-05 9.98069E-05 9.98069E-05 9.98069E-05 9.98069E-05
9.97724E-05 0.0136103 9.97724E-05 0.0361921 9.97724E-05 9.97724E-05 9.97724E-05 9.97724E-05 0.947604 9.97724E-05 9.97724E-05 9.97724E-05 9.97724E-05 9.97724E-05 9.97724E-05 9.97724E-05 9.97724E-05 9.97724E-05 9.97724E-05 9.97724E-05 9.97724E-05 9.97724E-05 9.97724E-05 9.97724E-05 9.97724E-05 9.97724E-05 9.97724E-05 9.97724E-05 9.97724E-05
9.97896E-05 9.97896E-05 9.97896E-05 9.97896E-05 0.0506591 9.97896E-05 9.97896E-05 0.05905 0.837018 9.97896E-05 9.97896E-05 9.97896E-05 9.97896E-05 9.97896E-05 0.0056257 9.97896E-05 9.97896E-05 9.97896E-05 9.97896E-05 9.97896E-05 9.97896E-05 9.97896E-05 9.97896E-05 9.97896E-05 0.0452526 9.97896E-05 9.97896E-05 9.97896E-05 9.97896E-05
9.97808E-05 9.97808E-05 9.97808E-05 9.97808E-05 9.97808E-05 9.97808E-05 9.97808E-05 9.97808E-05 0.423506 0.435309 9.97808E-05 9.97808E-05 9.97808E-05 0.137095 9.97808E-05 9.97808E-05 9.97808E-05 9.97808E-05 9.97808E-05 9.97808E-05 9.97808E-05 9.97808E-05 0.00159538 9.97808E-05 9.97808E-05 9.97808E-05 9.97808E-05 9.97808E-05 9.97808E-05
9.98418E-05 9.98418E-05 9.98418E-05 0.02538 0.00977823 9.98418E-05 9.98418E-05 0.0207413 0.69707 0.0347856 9.98418E-05 9.98418E-05 9.98418E-05 0.0431528 9.98418E-05 0.00177462 0.0938732 9.98418E-05 9.98418E-05 9.98418E-05 9.98418E-05 0.00890847 0.0150585 0.0476804 9.98418E-05 9.98418E-05 9.98418E-05 9.98418E-05 9.98418E-05
9.97979E-05 9.97979E-05 9.97979E-05 9.97979E-05 9.97979E-05 9.97979E-05 9.97979E-05 9.97979E-05 0.711828 0.0517686 9.97979E-05 9.97979E-05 9.97979E-05 0.0411779 9.97979E-05 9.97979E-05 0.0348497 9.97979E-05 0.0406954 9.97979E-05 9.97979E-05 9.97979E-05 0.117385 9.97979E-05 9.97979E-05 9.97979E-05 9.97979E-05 9.97979E-05 9.97979E-05
0.012715 9.97895E-05 9.97895E-05 9.97895E-05 9.97895E-05 9.97895E-05 9.97895E-05 9.97895E-05 0.431771 0.400798 9.97895E-05 9.97895E-05 9.97895E-05 9.97895E-05 9.97895E-05 9.97895E-05 9.97895E-05 9.97895E-05 9.97895E-05 9.97895E-05 9.97895E-05 9.97895E-05 0.143267 9.97895E-05 9.97895E-05 0.00905397 9.97895E-05 9.97895E-05 9.97895E-05
9.98068E-05 9.98068E-05 9.98068E-05 9.98068E-05 0.137193 9.98068E-05 9.98068E-05 0.00907891 0.555085 0.207331 0.000170311 9.98068E-05 9.98068E-05 0.0265837 9.98068E-05 9.98068E-05 9.98068E-05 9.98068E-05 9.98068E-05 9.98068E-05 9.98068E-05 9.98068E-05 0.062363 9.98068E-05 9.98068E-05 9.98068E-05 9.98068E-05 9.98068E-05 9.98068E-05
9.97632E-05 9.97632E-05 9.97632E-05 9.97632E-05 9.97632E-05 0.0740235 9.97632E-05 9.97632E-05 0.923283 9.97632E-05 9.97632E-05 9.97632E-05 9.97632E-05 9.97632E-05 9.97632E-05 9.97632E-05 9.97632E-05 9.97632E-05 9.97632E-05 9.97632E-05 9.97632E-05 9.97632E-05 9.97632E-05 9.97632E-05 9.97632E-05 9.97632E-05 9.97632E-05 9.97632E-05 9.97632E-05
0.0354853 9.97893E-05 9.97893E-05 9.97893E-05 9.97893E-05 9.97893E-05 9.97893E-05 9.97893E-05 0.923642 9.97893E-05 9.97893E-05 0.026278 9.97893E-05 0.00831459 9.97893E-05 9.97893E-05 9.97893E-05 9.97893E-05 9.97893E-05 9.97893E-05 9.97893E-05 9.97893E-05 9.97893E-05 9.97893E-05 9.97893E-05 9.97893E-05 0.00388518 9.97893E-05 9.97893E-05
0.149849 9.97891E-05 9.97891E-05 9.97891E-05 9.97891E-05 9.97891E-05 9.97891E-05 9.97891E-05 0.51523 9.97891E-05 9.97891E-05 9.97891E-05 9.97891E-05 0.0502125 9.97891E-05 9.97891E-05 9.97891E-05 9.97891E-05 9.97891E-05 9.97891E-05 9.97891E-05 9.97891E-05 0.276666 9.97891E-05 9.97891E-05 9.97891E-05 0.00564795 9.97891E-05 9.97891E-05
0.0709665 9.98244E-05 9.98244E-05 9.98244E-05 9.98244E-05 9.98244E-05 9.98244E-05 9.98244E-05 0.452406 0.121914 9.98244E-05 9.98244E-05 9.98244E-05 9.98244E-05 9.98244E-05 9.98244E-05 0.127311 9.98244E-05 9.98244E-05 9.98244E-05 9.98244E-05 0.027664 0.0269091 9.98244E-05 9.98244E-05 9.98244E-05 0.0148114 0.0970559 0.0589657
0.0559925 9.97981E-05 9.97981E-05 9.97981E-05 9.97981E-05 9.97981E-05 9.97981E-05 9.97981E-05 0.617036 9.97981E-05 9.97981E-05 9.97981E-05 9.97981E-05 0.0394786 9.97981E-05 0.158284 9.97981E-05 9.97981E-05 9.97981E-05 9.97981E-05 9.97981E-05 9.97981E-05 9.97981E-05 9.97981E-05 9.97981E-05 9.97981E-05 0.0986904 0.0282235 9.97981E-05
9.97893E-05 0.000107234 9.97893E-05 9.97893E-05 9.97893E-05 9.97893E-05 9.97893E-05 9.97893E-05 0.485927 0.221541 9.97893E-05 9.97893E-05 9.97893E-05 9.97893E-05 9.97893E-05 9.97893E-05 0.100831 9.97893E-05 9.97893E-05 9.97893E-05 9.97893E-05 9.97893E-05 0.189199 9.97893E-05 9.97893E-05 9.97893E-05 9.97893E-05 9.97893E-05 9.97893E-05
9.97722E-05 9.97722E-05 9.97722E-05 9.97722E-05 9.97722E-05 0.191656 9.97722E-05 9.97722E-05 0.783157 9.97722E-05 9.97722E-05 9.97722E-05 9.97722E-05 9.97722E-05 9.97722E-05 9.97722E-05 9.97722E-05 9.97722E-05 9.97722E-05 9.97722E-05 9.97722E-05 0.0225929 9.97722E-05 9.97722E-05 9.97722E-05 9.97722E-05 9.97722E-05 9.97722E-05 9.97722E-05
9.97897E-05 9.97897E-05 9.97897E-05 9.97897E-05 9.97897E-05 9.97897E-05 9.97897E-05 9.97897E-05 0.869764 9.97897E-05 9.97897E-05 9.97897E-05 9.97897E-05 0.0329943 0.044657 9.97897E-05 9.97897E-05 9.97897E-05 9.97897E-05 9.97897E-05 9.97897E-05 9.97897E-05 9.97897E-05 9.97897E-05 0.0141621 0.0360281 9.97897E-05 9.97897E-05 9.97897E-05
9.97892E-05 9.97892E-05 9.97892E-05 0.0992718 0.0160607 9.97892E-05 9.97892E-05 9.97892E-05 0.644416 0.0893639 9.97892E-05 9.97892E-05 9.97892E-05 9.97892E-05 9.97892E-05 9.97892E-05 9.97892E-05 0.148492 9.97892E-05 9.97892E-05 9.97892E-05 9.97892E-05 9.97892E-05 9.97892E-05 9.97892E-05 9.97892E-05 9.97892E-05 9.97892E-05 9.97892E-05
0.0799986 9.98068E-05 9.98068E-05 0.0649662 9.98068E-05 9.98068E-05 9.98068E-05 9.98068E-05 0.647892 9.98068E-05 9.98068E-05 0.000921997 9.98068E-05 0.0302577 9.98068E-05 9.98068E-05 0.115704 9.98068E-05 9.98068E-05 9.98068E-05 9.98068E-05 9.98068E-05 9.98068E-05 9.98068E-05 9.98068E-05 9.98068E-05 0.0580635 9.98068E-05 9.98068E-05
9.97719E-05 9.97719E-05 9.97719E-05 9.97719E-05 0.106721 9.97719E-05 9.97719E-05 9.97719E-05 0.887074 9.97719E-05 9.97719E-05 9.97719E-05 9.97719E-05 9.97719E-05 9.97719E-05 9.97719E-05 9.97719E-05 9.97719E-05 9.97719E-05 9.97719E-05 9.97719E-05 9.97719E-05 0.00361159 9.97719E-05 9.97719E-05 9.97719E-05 9.97719E-05 9.97719E-05 9.97719E-05
9.97892E-05 0.172064 9.97892E-05 9.97892E-05 9.97892E-05 9.97892E-05 0.025552 9.97892E-05 0.562871 9.97892E-05 9.97892E-05 9.97892E-05 9.97892E-05 9.97892E-05 9.97892E-05 9.97892E-05 9.97892E-05 9.97892E-05 9.97892E-05 9.97892E-05 9.97892E-05 9.97892E-05 0.191735 9.97892E-05 9.97892E-05 9.97892E-05 9.97892E-05 0.0453826 9.97892E-05
9.97638E-05 9.97638E-05 9.97638E-05 9.97638E-05 9.97638E-05 9.97638E-05 9.97638E-05 0.0389741 0.958332 9.97638E-05 9.97638E-05 9.97638E-05 9.97638E-05 9.97638E-05 9.97638E-05 9.97638E-05 9.97638E-05 9.97638E-05 9.97638E-05 9.97638E-05 9.97638E-05 9.97638E-05 9.97638E-05 9.97638E-05 9.97638E-05 9.97638E-05 9.97638E-05 9.97638E-05 9.97638E-05
9.97981E-05 0.0405493 9.97981E-05 9.97981E-05 9.97981E-05 9.97981E-05 9.97981E-05 0.00204146 0.576581 0.0899679 9.97981E-05 9.97981E-05 9.97981E-05 9.97981E-05 9.97981E-05 9.97981E-05 0.281338 9.97981E-05 9.97981E-05 9.97981E-05 9.97981E-05 9.97981E-05 9.97981E-05 9.97981E-05 9.97981E-05 9.97981E-05 9.97981E-05 9.97981E-05 0.00722694
9.98072E-05 9.98072E-05 9.98072E-05 9.98072E-05 9.98072E-05 9.98072E-05 0.0131668 9.98072E-05 0.820982 9.98072E-05 0.103777 9.98072E-05 9.98072E-05 0.0116 9.98072E-05 9.98072E-05 0.0397311 9.98072E-05 9.98072E-05 9.98072E-05 9.98072E-05 9.98072E-05 0.00592123 9.98072E-05 9.98072E-05 9.98072E-05 9.98072E-05 9.98072E-05 0.00262617
9.98332E-05 0.0261158 9.98332E-05 0.0862206 0.0718996 9.98332E-05 9.98332E-05 0.00136097 0.558877 9.98332E-05 0.0259393 9.98332E-05 9.98332E-05 0.033897 9.98332E-05 9.98332E-05 9.98332E-05 0.0910847 0.100222 9.98332E-05 9.98332E-05 9.98332E-05 0.00248592 9.98332E-05 9.98332E-05 9.98332E-05 9.98332E-05 9.98332E-05 9.98332E-05
0.1137 9.97716E-05 9.97716E-05 9.97716E-05 9.97716E-05 9.97716E-05 9.97716E-05 9.97716E-05 0.810382 9.97716E-05 9.97716E-05 9.97716E-05 9.97716E-05 9.97716E-05 9.97716E-05 9.97716E-05 9.97716E-05 9.97716E-05 9.97716E-05 9.97716E-05 9.97716E-05 9.97716E-05 9.97716E-05 9.97716E-05 9.97716E-05 9.97716E-05 0.0733243 9.97716E-05 9.97716E-05
9.97899E-05 0.0619665 9.97899E-05 9.97899E-05 9.97899E-05 9.97899E-05 9.97899E-05 9.97899E-05 0.857019 9.97899E-05 9.97899E-05 9.97899E-05 9.97899E-05 0.0378993 0.0297005 9.97899E-05 9.97899E-05 9.97899E-05 9.97899E-05 9.97899E-05 9.97899E-05 9.97899E-05 0.0110196 9.97899E-05 9.97899E-05 9.97899E-05 9.97899E-05 9.97899E-05 9.97899E-05
9.97547E-05 9.97547E-05 9.97547E-05 9.97547E-05 9.97547E-05 9.97547E-05 9.97547E-05 9.97547E-05 0.997207 9.97547E-05 9.97547E-05 9.97547E-05 9.97547E-05 9.97547E-05 9.97547E-05 9.97547E-05 9.97547E-05 9.97547E-05 9.97547E-05 9.97547E-05 9.97547E-05 9.97547E-05 9.97547E-05 9.97547E-05 9.97547E-05 9.97547E-05 9.97547E-05 9.97547E-05 9.97547E-05
9.97635E-05 9.97635E-05 9.97635E-05 9.97635E-05 9.97635E-05 9.97635E-05 9.97635E-05 9.97635E-05 0.933925 9.97635E-05 9.97635E-05 9.97635E-05 9.97635E-05 9.97635E-05 9.97635E-05 9.97635E-05 9.97635E-05 9.97635E-05 9.97635E-05 9.97635E-05 9.97635E-05 9.97635E-05 0.063381 9.97635E-05 9.97635E-05 9.97635E-05 9.97635E-05 9.97635E-05 9.97635E-05
9.9781E-05 9.9781E-05 9.9781E-05 9.9781E-05 0.0958759 9.9781E-05 9.9781E-05 9.9781E-05 0.861751 9.9781E-05 9.9781E-05 9.9781E-05 9.9781E-05 9.9781E-05 9.9781E-05 9.9781E-05 9.9781E-05 9.9781E-05 9.9781E-05 9.9781E-05 9.9781E-05 0.0251698 9.9781E-05 9.9781E-05 9.9781E-05 9.9781E-05 0.0147092 9.9781E-05 9.9781E-05
9.97984E-05 9.97984E-05 0.0459247 9.97984E-05 9.97984E-05 0.301158 9.97984E-05 9.97984E-05 0.396399 9.97984E-05 9.97984E-05 9.97984E-05 9.97984E-05 0.0740366 9.97984E-05 9.97984E-05 9.97984E-05 9.97984E-05 9.97984E-05 9.97984E-05 0.0896074 9.97984E-05 0.0905787 9.97984E-05 9.97984E-05 9.97984E-05 9.97984E-05 9.97984E-05 9.97984E-05
9.97721E-05 9.97721E-05 9.97721E-05 9.97721E-05 9.97721E-05 9.97721E-05 9.97721E-05 9.97721E-05 9.97721E-05 9.97721E-05 0.795997 9.97721E-05 9.97721E-05 0.0866791 9.97721E-05 9.97721E-05 9.97721E-05 9.97721E-05 9.97721E-05 9.97721E-05 9.97721E-05 9.97721E-05 0.11473 9.97721E-05 9.97721E-05 9.97721E-05 9.97721E-05 9.97721E-05 9.97721E-05
9.97718E-05 9.97718E-05 9.97718E-05 9.97718E-05 9.97718E-05 9.97718E-05 9.97718E-05 9.97718E-05 9.97718E-05 9.97718E-05 0.354661 9.97718E-05 9.97718E-05 0.00658299 9.97718E-05 9.97718E-05 9.97718E-05 9.97718E-05 9.97718E-05 9.97718E-05 0.636162 9.97718E-05 9.97718E-05 9.97718E-05 9.97718E-05 9.97718E-05 9.97718E-05 9.97718E-05 9.97718E-05
9.9772E-05 9.9772E-05 9.9772E-05 9.9772E-05 9.9772E-05 9.9772E-05 9.9772E-05 9.9772E-05 9.9772E-05 9.9772E-05 0.883342 9.9772E-05 9.9772E-05 9.9772E-05 9.9772E-05 9.9772E-05 9.9772E-05 9.9772E-05 9.9772E-05 9.9772E-05 9.9772E-05 0.0234433 0.090621 9.9772E-05 9.9772E-05 9.9772E-05 9.9772E-05 9.9772E-05 9.9772E-05
9.97805E-05 9.97805E-05 9.97805E-05 9.97805E-05 0.0155996 9.97805E-05 9.97805E-05 9.97805E-05 9.97805E-05 9.97805E-05 0.836453 9.97805E-05 9.97805E-05 0.0242791 9.97805E-05 9.97805E-05 9.97805E-05 9.97805E-05 9.97805E-05 9.97805E-05 9.97805E-05 9.97805E-05 0.121174 9.97805E-05 9.97805E-05 9.97805E-05 9.97805E-05 9.97805E-05 9.97805E-05
9.97717E-05 9.97717E-05 9.97717E-05 9.97717E-05 9.97717E-05 9.97717E-05 9.97717E-05 9.97717E-05 9.97717E-05 9.97717E-05 0.868059 9.97717E-05 9.97717E-05 0.103305 9.97717E-05 9.97717E-05 9.97717E-05 9.97717E-05 0.0260419 9.97717E-05 9.97717E-05 9.97717E-05 9.97717E-05 9.97717E-05 9.97717E-05 9.97717E-05 9.97717E-05 9.97717E-05 9.97717E-05
9.97983E-05 9.97983E-05 9.97983E-05 9.97983E-05 9.97983E-05 9.97983E-05 9.97983E-05 9.97983E-05 9.97983E-05 0.164042 0.590238 9.97983E-05 9.97983E-05 0.0869934 9.97983E-05 9.97983E-05 9.97983E-05 9.97983E-05 9.97983E-05 9.97983E-05 9.97983E-05 9.97983E-05 0.101941 0.00729772 0.0471922 9.97983E-05 9.97983E-05 9.97983E-05 9.97983E-05
0.0334101 9.9807E-05 9.9807E-05 9.9807E-05 0.00900344 9.9807E-05 9.9807E-05 9.9807E-05 9.9807E-05 9.9807E-05 0.744427 9.9807E-05 9.9807E-05 0.0378973 9.9807E-05 9.9807E-05 0.0396373 9.9807E-05 9.9807E-05 9.9807E-05 9.9807E-05 9.9807E-05 0.0853381 9.9807E-05 9.9807E-05 9.9807E-05 0.0480906 9.9807E-05 9.9807E-05
9.97721E-05 9.97721E-05 9.97721E-05 9.97721E-05 9.97721E-05 9.97721E-05 9.97721E-05 9.97721E-05 9.97721E-05 9.97721E-05 0.707366 9.97721E-05 9.97721E-05 0.258673 9.97721E-05 9.97721E-05 9.97721E-05 9.97721E-05 9.97721E-05 9.97721E-05 9.97721E-05 9.97721E-05 9.97721E-05 0.0313661 9.97721E-05 9.97721E-05 9.97721E-05 9.97721E-05 9.97721E-05
0.00699736 0.223563 9.98068E-05 9.98068E-05 9.98068E-05 9.98068E-05 9.98068E-05 9.98068E-05 9.98068E-05 0.101231 0.31824 9.98068E-05 9.98068E-05 0.336472 9.98068E-05 9.98068E-05 9.98068E-05 9.98068E-05 9.98068E-05 9.98068E-05 9.98068E-05 9.98068E-05 9.98068E-05 9.98068E-05 9.98068E-05 9.98068E-05 0.00389649 9.98068E-05 0.00740542
9.98157E-05 9.98157E-05 9.98157E-05 9.98157E-05 0.00373917 9.98157E-05 9.98157E-05 9.98157E-05 9.98157E-05 9.98157E-05 0.422158 0.0227248 9.98157E-05 0.203209 9.98157E-05 9.98157E-05 0.0408426 9.98157E-05 9.98157E-05 9.98157E-05 9.98157E-05 9.98157E-05 0.258877 9.98157E-05 9.98157E-05 9.98157E-05 0.00829219 9.98157E-05 0.0380616
9.97722E-05 9.97722E-05 9.97722E-05 9.97722E-05 9.97722E-05 9.97722E-05 9.97722E-05 9.97722E-05 9.97722E-05 0.294117 0.292693 9.97722E-05 9.97722E-05 9.97722E-05 9.97722E-05 9.97722E-05 9.97722E-05 9.97722E-05 9.97722E-05 9.97722E-05 9.97722E-05 9.97722E-05 9.97722E-05 9.97722E-05 0.410596 9.97722E-05 9.97722E-05 9.97722E-05 9.97722E-05
0.00339249 9.98072E-05 9.98072E-05 9.98072E-05 9.98072E-05 9.98072E-05 9.98072E-05 9.98072E-05 9.98072E-05 0.227927 0.650259 9.98072E-05 0.0362666 9.98072E-05 9.98072E-05 9.98072E-05 9.98072E-05 9.98072E-05 9.98072E-05 9.98072E-05 9.98072E-05 9.98072E-05 0.00529126 0.00158839 0.0730797 9.98072E-05 9.98072E-05 9.98072E-05 9.98072E-05
9.9781E-05 9.9781E-05 9.9781E-05 9.9781E-05 9.9781E-05 9.9781E-05 9.9781E-05 9.9781E-05 9.9781E-05 9.9781E-05 0.790425 0.0104527 9.9781E-05 0.0603579 9.9781E-05 9.9781E-05 9.9781E-05 9.9781E-05 9.9781E-05 9.9781E-05 0.13627 9.9781E-05 9.9781E-05 9.9781E-05 9.9781E-05 9.9781E-05 9.9781E-05 9.9781E-05 9.9781E-05
9.97809E-05 9.97809E-05 9.97809E-05 9.97809E-05 9.97809E-05 9.97809E-05 9.97809E-05 9.97809E-05 9.97809E-05 9.97809E-05 0.443825 9.97809E-05 9.97809E-05 0.137366 9.97809E-05 9.97809E-05 9.97809E-05 9.97809E-05 9.97809E-05 9.97809E-05 9.97809E-05 9.97809E-05 0.253972 9.97809E-05 0.162343 9.97809E-05 9.97809E-05 9.97809E-05 9.97809E-05
9.98247E-05 9.98247E-05 9.98247E-05 9.98247E-05 0.131343 0.0370867 9.98247E-05 9.98247E-05 9.98247E-05 9.98247E-05 0.548333 9.98247E-05 9.98247E-05 0.0190607 9.98247E-05 9.98247E-05 9.98247E-05 9.98247E-05 9.98247E-05 9.98247E-05 0.00954641 9.98247E-05 0.0255538 0.0135691 0.136166 9.98247E-05 0.0773449 9.98247E-05 9.98247E-05
9.98245E-05 0.160405 9.98245E-05 9.98245E-05 9.98245E-05 9.98245E-05 9.98245E-05 9.98245E-05 9.98245E-05 0.0921187 0.506424 0.017425 9.98245E-05 0.00833799 9.98245E-05 9.98245E-05 9.98245E-05 0.0117384 9.98245E-05 9.98245E-05 9.98245E-05 0.028589 0.104799 9.98245E-05 0.068166 9.98245E-05 9.98245E-05 9.98245E-05 9.98245E-05
9.98157E-05 9.98157E-05 9.98157E-05 9.98157E-05 0.00458162 0.00255572 9.98157E-05 9.98157E-05 9.98157E-05 0.278467 0.317455 9.98157E-05 9.98157E-05 0.0363026 9.98157E-05 9.98157E-05 9.98157E-05 9.98157E-05 9.98157E-05 9.98157E-05 9.98157E-05 9.98157E-05 0.116907 0.0986254 0.143009 9.98157E-05 9.98157E-05 9.98157E-05 9.98157E-05
9.97899E-05 9.97899E-05 9.97899E-05 9.97899E-05 9.97899E-05 9.97899E-05 9.97899E-05 9.97899E-05 9.97899E-05 9.97899E-05 0.598755 9.97899E-05 9.97899E-05 0.044964 9.97899E-05 9.97899E-05 0.156157 9.97899E-05 9.97899E-05 9.97899E-05 9.97899E-05 0.0489051 9.97899E-05 9.97899E-05 0.148824 9.97899E-05 9.97899E-05 9.97899E-05 9.97899E-05
9.97723E-05 9.97723E-05 9.97723E-05 9.97723E-05 9.97723E-05 9.97723E-05 9.97723E-05 9.97723E-05 9.97723E-05 9.97723E-05 0.795004 9.97723E-05 9.97723E-05 9.97723E-05 9.97723E-05 9.97723E-05 9.97723E-05 9.97723E-05 9.97723E-05 9.97723E-05 9.97723E-05 0.0804536 9.97723E-05 9.97723E-05 0.121948 9.97723E-05 9.97723E-05 9.97723E-05 9.97723E-05
0.0522264 9.98158E-05 9.98158E-05 9.98158E-05 9.98158E-05 9.98158E-05 0.0888512 9.98158E-05 9.98158E-05 9.98158E-05 0.304357 0.101086 9.98158E-05 0.111254 9.98158E-05 9.98158E-05 9.98158E-05 9.98158E-05 9.98158E-05 9.98158E-05 0.23908 9.98158E-05 0.0856043 9.98158E-05 9.98158E-05 0.015445 9.98158E-05 9.98158E-05 9.98158E-05
9.9807E-05 9.9807E-05 9.9807E-05 9.9807E-05 9.9807E-05 9.9807E-05 9.9807E-05 9.9807E-05 9.9807E-05 0.107097 0.574473 0.0039765 9.9807E-05 0.0587364 9.9807E-05 9.9807E-05 9.9807E-05 9.9807E-05 9.9807E-05 9.9807E-05 9.9807E-05 0.079902 0.0542502 9.9807E-05 0.11937 9.9807E-05 9.9807E-05 9.9807E-05 9.9807E-05
0.00195169 9.97719E-05 9.97719E-05 9.97719E-05 9.97719E-05 9.97719E-05 9.97719E-05 9.97719E-05 9.97719E-05 9.97719E-05 0.95024 9.97719E-05 9.97719E-05 0.0452146 9.97719E-05 9.97719E-05 9.97719E-05 9.97719E-05 9.97719E-05 9.97719E-05 9.97719E-05 9.97719E-05 9.97719E-05 9.97719E-05 9.97719E-05 9.97719E-05 9.97719E-05 9.97719E-05 9.97719E-05
9.97982E-05 9.97982E-05 9.97982E-05 9.97982E-05 9.97982E-05 9.97982E-05 9.97982E-05 9.97982E-05 9.97982E-05 0.162118 0.338862 9.97982E-05 9.97982E-05 0.197495 9.97982E-05 9.97982E-05 9.97982E-05 9.97982E-05 9.97982E-05 9.97982E-05 9.97982E-05 0.0229921 0.178429 0.0978093 9.97982E-05 9.97982E-05 9.97982E-05 9.97982E-05 9.97982E-05
9.97896E-05 9.97896E-05 9.97896E-05 9.97896E-05 9.97896E-05 9.97896E-05 9.97896E-05 9.97896E-05 9.97896E-05 9.97896E-05 0.679343 9.97896E-05 9.97896E-05 0.169693 9.97896E-05 9.97896E-05 9.97896E-05 9.97896E-05 9.97896E-05 9.97896E-05 0.0333628 0.0100413 9.97896E-05 9.97896E-05 0.105165 9.97896E-05 9.97896E-05 9.97896E-05 9.97896E-05
0.0391767 9.9807E-05 9.9807E-05 9.9807E-05 9.9807E-05 9.9807E-05 9.9807E-05 9.9807E-05 9.9807E-05 0.171452 0.329788 9.9807E-05 9.9807E-05 0.173531 9.9807E-05 9.9807E-05 9.9807E-05 9.9807E-05 9.9807E-05 9.9807E-05 9.9807E-05 0.0169845 0.250198 0.0166744 9.9807E-05 9.9807E-05 9.9807E-05 9.9807E-05 9.9807E-05
9.98071E-05 9.98071E-05 9.98071E-05 9.98071E-05 9.98071E-05 9.98071E-05 9.98071E-05 9.98071E-05 0.00177306 0.0298139 0.308648 9.98071E-05 9.98071E-05 0.141943 9.98071E-05 9.98071E-05 9.98071E-05 9.98071E-05 9.98071E-05 9.98071E-05 0.340947 9.98071E-05 0.13019 9.98071E-05 9.98071E-05 9.98071E-05 0.0444889 9.98071E-05 9.98071E-05
9.97809E-05 9.97809E-05 9.97809E-05 9.97809E-05 9.97809E-05 9.97809E-05 9.97809E-05 9.97809E-05 9.97809E-05 9.97809E-05 9.97809E-05 9.97809E-05 9.97809E-05 9.97809E-05 9.97809E-05 9.97809E-05 9.97809E-05 9.97809E-05 0.151581 9.97809E-05 0.578911 0.0977262 9.97809E-05 9.97809E-05 0.169287 9.97809E-05 9.97809E-05 9.97809E-05 9.97809E-05
9.97803E-05 9.97803E-05 9.97803E-05 0.0459723 9.97803E-05 9.97803E-05 9.97803E-05 9.97803E-05 9.97803E-05 9.97803E-05 0.737964 9.97803E-05 9.97803E-05 0.106328 9.97803E-05 9.97803E-05 9.97803E-05 9.97803E-05 9.97803E-05 9.97803E-05 9.97803E-05 9.97803E-05 0.107241 9.97803E-05 9.97803E-05 9.97803E-05 9.97803E-05 9.97803E-05 9.97803E-05
9.97723E-05 9.97723E-05 9.97723E-05 9.97723E-05 9.97723E-05 9.97723E-05 9.97723E-05 9.97723E-05 9.97723E-05 9.97723E-05 0.575626 9.97723E-05 9.97723E-05 0.189511 9.97723E-05 9.97723E-05 9.97723E-05 9.97723E-05 9.97723E-05 9.97723E-05 9.97723E-05 9.97723E-05 0.232269 9.97723E-05 9.97723E-05 9.97723E-05 9.97723E-05 9.97723E-05 9.97723E-05
9.97897E-05 9.97897E-05 9.97897E-05 9.97897E-05 9.97897E-05 9.97897E-05 9.97897E-05 9.97897E-05 9.97897E-05 9.97897E-05 0.578898 9.97897E-05 9.97897E-05 9.97897E-05 9.97897E-05 9.97897E-05 9.97897E-05 9.97897E-05 9.97897E-05 9.97897E-05 0.041383 0.243439 0.0994627 9.97897E-05 0.0344226 9.97897E-05 9.97897E-05 9.97897E-05 9.97897E-05
9.97986E-05 9.97986E-05 9.97986E-05 9.97986E-05 9.97986E-05 9.97986E-05 9.97986E-05 9.97986E-05 9.97986E-05 9.97986E-05 0.723749 9.97986E-05 9.97986E-05 0.0248482 0.0119375 0.0184651 9.97986E-05 9.97986E-05 9.97986E-05 9.97986E-05 9.97986E-05 9.97986E-05 0.168794 9.97986E-05 9.97986E-05 9.97986E-05 9.97986E-05 0.0499105 9.97986E-05
