0.13914 0.0665231 0.152876 9.99912E-05 0.641361
0.0202672 9.99824E-05 0.0785007 9.99824E-05 0.901032
0.00940672 0.000327956 9.99824E-05 9.99824E-05 0.990065
0.0618628 0.40008 0.190638 9.99912E-05 0.347319
9.99824E-05 0.082159 0.00727077 9.99824E-05 0.91037
0.0131447 0.177507 0.455161 0.0186879 0.3355
0.183657 0.188792 0.212855 9.99912E-05 0.414596
0.119363 0.124313 0.297521 0.168367 0.290436
9.99824E-05 0.219196 0.523436 9.99824E-05 0.257169
9.997E-05 9.997E-05 9.997E-05 9.997E-05 0.9996
0.108972 0.0573152 0.147051 9.99912E-05 0.686561
0.0243877 9.99737E-05 9.99737E-05 9.99737E-05 0.975312
9.99824E-05 0.00274917 0.114399 9.99824E-05 0.882652
0.0993437 9.99825E-05 0.190224 9.99825E-05 0.710232
9.99824E-05 9.99824E-05 0.602884 0.00759709 0.389319
9.999E-05 0.343834 0.363055 0.04918 0.243831
0.0676203 0.0548921 0.187214 9.99912E-05 0.690174
9.999E-05 0.205074 0.281478 0.137717 0.375631
0.0896792 0.0970929 0.269852 0.0255723 0.517803
9.99824E-05 0.0421433 0.0824518 9.99824E-05 0.875205
0.0676252 0.222812 0.137638 0.0342136 0.537711
0.0496046 0.167414 0.351502 0.0521579 0.379322
0.0381852 9.99912E-05 0.172821 0.0124265 0.776468
9.999E-05 0.0646056 0.279263 0.0305201 0.625511
0.0507573 0.226072 0.393003 9.99912E-05 0.330068
9.99736E-05 9.99736E-05 0.184237 9.99736E-05 0.815463
0.0122663 0.120998 0.523381 0.168678 0.174676
0.0475582 0.0556029 0.0599733 9.99912E-05 0.836766
0.0192787 0.0200807 0.244943 9.99912E-05 0.715598
9.99737E-05 9.99737E-05 0.144631 9.99737E-05 0.855069
0.142279 0.0750577 0.0531015 9.99935E-05 0.729462
0.0634973 0.0512377 0.258675 9.99912E-05 0.62649
0.127716 0.0778346 0.14731 9.99912E-05 0.647039
0.0260549 0.128974 0.139481 0.0633874 0.642103
0.0507308 0.025066 0.0142477 9.99912E-05 0.909856
0.0251801 0.139198 0.0757954 9.99912E-05 0.759726
0.0122945 0.0381822 9.99825E-05 9.99825E-05 0.949323
9.99824E-05 0.0313848 0.328864 9.99824E-05 0.639551
0.0226815 0.00628547 0.339688 9.99912E-05 0.631245
0.0525222 0.00835065 0.274569 9.99912E-05 0.664458
0.0980096 0.0141918 9.99824E-05 9.99824E-05 0.887599
9.99737E-05 9.99737E-05 0.155155 9.99737E-05 0.844546
9.99824E-05 0.0219709 0.0134023 9.99824E-05 0.964427
0.0751808 9.99824E-05 0.393347 9.99824E-05 0.531272
0.0471651 0.344828 0.130438 9.99912E-05 0.477469
9.99736E-05 0.074084 9.99736E-05 9.99736E-05 0.925616
0.0265801 9.99912E-05 0.0967158 0.0064907 0.870113
0.00391038 9.99737E-05 9.99737E-05 9.99737E-05 0.99579
0.0520564 0.122504 0.0517809 9.99912E-05 0.773559
9.99912E-05 0.0878363 0.0507273 0.0623115 0.799025
0.118018 0.11098 0.428089 9.99912E-05 0.342813
9.99737E-05 0.266045 9.99737E-05 9.99737E-05 0.733655
9.997E-05 9.997E-05 9.997E-05 9.997E-05 0.9996
9.99912E-05 0.187769 0.0350114 0.0685423 0.708578
9.99825E-05 0.0490557 0.0452101 9.99825E-05 0.905534
0.0585265 0.148319 9.99824E-05 9.99824E-05 0.792954
0.0230987 0.0342823 9.99912E-05 0.110513 0.832006
0.0587876 9.99737E-05 9.99737E-05 9.99737E-05 0.940912
0.0975725 9.99737E-05 9.99737E-05 9.99737E-05 0.902128
0.00643946 9.99912E-05 0.639015 0.188758 0.165688
9.99912E-05 0.187377 0.281184 0.0219192 0.50942
0.0109269 9.99912E-05 0.269217 0.222461 0.497295
9.99737E-05 9.99737E-05 0.907505 0.0921948 9.99737E-05
0.0251606 0.306464 0.341743 0.063863 0.26277
0.0421757 9.99912E-05 0.756721 0.112458 0.0885453
0.0474448 0.100809 0.685049 0.0325105 0.134187
9.99824E-05 9.99824E-05 0.72933 0.255477 0.0149928
9.99825E-05 9.99825E-05 0.532678 0.163057 0.304065
0.110531 9.99912E-05 0.450214 0.0359316 0.403223
0.207424 0.00994141 0.704544 0.0779903 9.99912E-05
0.141405 0.248627 0.324018 0.112354 0.173596
0.167342 0.149361 0.571426 0.0578552 0.0540156
9.99912E-05 0.0972347 0.658248 0.0494167 0.195001
0.0734736 0.011127 0.48394 0.0427936 0.388666
0.0542407 9.99825E-05 0.60617 9.99825E-05 0.339389
9.99912E-05 0.112064 0.562751 0.207378 0.117706
0.237983 0.0558511 0.358036 0.126286 0.221843
0.0567854 9.99912E-05 0.382736 0.190139 0.37024
9.99824E-05 0.212227 0.619704 0.167869 9.99824E-05
9.99912E-05 0.0244162 0.380323 0.104928 0.490232
9.99824E-05 9.99824E-05 0.478276 0.243492 0.278033
0.0880031 9.99912E-05 0.597572 0.00850724 0.305817
0.0207281 0.124311 0.398632 0.195041 0.261288
0.233921 0.0314497 0.419257 0.00322344 0.312149
0.0674572 9.99825E-05 0.491044 9.99825E-05 0.441299
0.0456626 9.99912E-05 0.296291 0.132722 0.525224
9.99912E-05 0.0240659 0.446798 0.0761935 0.452842
9.99824E-05 9.99824E-05 0.351962 0.226499 0.421338
9.99737E-05 9.99737E-05 0.613206 9.99737E-05 0.386494
0.0247937 9.99737E-05 0.974906 9.99737E-05 9.99737E-05
9.99738E-05 9.99738E-05 0.920535 9.99738E-05 0.0791655
0.0639842 9.99824E-05 0.930606 0.00520989 9.99824E-05
0.0393089 9.99824E-05 0.861277 0.0992144 9.99824E-05
9.99824E-05 0.010302 0.95803 0.0314682 9.99824E-05
9.99737E-05 0.00476622 0.994934 9.99737E-05 9.99737E-05
0.136713 9.99737E-05 0.862987 9.99737E-05 9.99737E-05
0.0205676 9.99736E-05 0.979133 9.99736E-05 9.99736E-05
9.997E-05 9.997E-05 0.9996 9.997E-05 9.997E-05
9.997E-05 9.997E-05 0.9996 9.997E-05 9.997E-05
0.0246946 9.99737E-05 0.975005 9.99737E-05 9.99737E-05
0.0425051 9.99737E-05 0.957195 9.99737E-05 9.99737E-05
0.0377833 9.99737E-05 0.961917 9.99737E-05 9.99737E-05
9.997E-05 9.997E-05 0.9996 9.997E-05 9.997E-05
0.0590402 0.0178308 0.74674 0.176289 9.99912E-05
0.0607152 0.0141237 0.924961 9.99824E-05 9.99824E-05
9.99824E-05 0.0373349 0.951046 0.0114195 9.99824E-05
0.0254438 0.125499 0.848857 9.99825E-05 9.99825E-05
0.0826786 9.99737E-05 0.917021 9.99737E-05 9.99737E-05
0.0394304 0.0559077 0.904462 9.99825E-05 9.99825E-05
9.99737E-05 9.99737E-05 0.970467 0.0292332 9.99737E-05
0.0579666 9.99824E-05 0.924098 0.0177351 9.99824E-05
0.0354722 0.106613 0.857715 9.99824E-05 9.99824E-05
9.997E-05 9.997E-05 0.9996 9.997E-05 9.997E-05
9.99736E-05 0.0915017 0.908198 9.99736E-05 9.99736E-05
9.99737E-05 9.99737E-05 0.962569 0.0371311 9.99737E-05
9.99825E-05 0.162262 0.725619 9.99825E-05 0.111919
9.99736E-05 0.0904953 0.909205 9.99736E-05 9.99736E-05
9.997E-05 9.997E-05 0.9996 9.997E-05 9.997E-05
0.0338529 0.0393439 0.926603 9.99825E-05 9.99825E-05
0.0783899 9.99737E-05 0.92131 9.99737E-05 9.99737E-05
0.0201245 0.262219 0.717457 9.99824E-05 9.99824E-05
0.0613682 0.222199 0.716233 9.99824E-05 9.99824E-05
9.99736E-05 0.104779 0.894922 9.99736E-05 9.99736E-05
9.997E-05 9.997E-05 0.9996 9.997E-05 9.997E-05
0.0859972 0.063671 0.850132 9.99824E-05 9.99824E-05
0.0484388 9.99824E-05 0.920165 0.0311965 9.99824E-05
9.997E-05 9.997E-05 0.9996 9.997E-05 9.997E-05
0.063766 0.0105939 0.92544 9.99825E-05 9.99825E-05
0.000412754 9.99738E-05 0.999287 9.99738E-05 9.99738E-05
9.99737E-05 0.0164093 0.983291 9.99737E-05 9.99737E-05
0.0792748 9.99736E-05 0.920425 9.99736E-05 9.99736E-05
9.99737E-05 0.0882304 0.91147 9.99737E-05 9.99737E-05
9.997E-05 9.997E-05 0.9996 9.997E-05 9.997E-05
9.99737E-05 9.99737E-05 0.936339 9.99737E-05 0.0633611
0.0135048 0.0684968 0.88315 0.0347481 9.99912E-05
0.048592 9.99825E-05 0.902919 0.0482886 9.99825E-05
9.99825E-05 0.0259493 0.886927 0.0869235 9.99825E-05
0.0247042 9.99737E-05 0.974996 9.99737E-05 9.99737E-05
9.997E-05 9.997E-05 0.9996 9.997E-05 9.997E-05
0.02536 0.223691 0.750749 9.99824E-05 9.99824E-05
9.997E-05 9.997E-05 0.9996 9.997E-05 9.997E-05
0.0263357 9.99737E-05 0.973364 9.99737E-05 9.99737E-05
9.99824E-05 0.000397211 0.844974 0.154429 9.99824E-05
0.0650821 0.0131073 0.791523 0.130187 9.99912E-05
9.997E-05 9.997E-05 0.9996 9.997E-05 9.997E-05
9.997E-05 9.997E-05 0.9996 9.997E-05 9.997E-05
0.0624545 0.0578514 0.879494 9.99824E-05 9.99824E-05
9.99737E-05 0.153867 0.845833 9.99737E-05 9.99737E-05
9.997E-05 9.997E-05 0.9996 9.997E-05 9.997E-05
9.99736E-05 0.0436965 0.956004 9.99736E-05 9.99736E-05
9.997E-05 9.997E-05 0.9996 9.997E-05 9.997E-05
9.99736E-05 0.0482981 0.951402 9.99736E-05 9.99736E-05
9.997E-05 9.997E-05 0.9996 9.997E-05 9.997E-05
9.997E-05 9.997E-05 0.9996 9.997E-05 9.997E-05
9.997E-05 9.997E-05 0.9996 9.997E-05 9.997E-05
9.99736E-05 0.0556574 0.944043 9.99736E-05 9.99736E-05
9.997E-05 9.997E-05 0.9996 9.997E-05 9.997E-05
9.997E-05 9.997E-05 0.9996 9.997E-05 9.997E-05
9.99736E-05 0.133093 0.866607 9.99736E-05 9.99736E-05
9.99824E-05 0.0469176 0.944868 0.00801411 9.99824E-05
9.99824E-05 0.0287016 0.921037 0.0500614 9.99824E-05
9.997E-05 9.997E-05 0.9996 9.997E-05 9.997E-05
9.997E-05 9.997E-05 0.9996 9.997E-05 9.997E-05
0.0058473 0.0450168 0.929129 0.0199069 9.99912E-05
9.99736E-05 0.0239877 0.975712 9.99736E-05 9.99736E-05
9.99824E-05 0.208478 0.747138 0.0441843 9.99824E-05
9.99736E-05 0.0744331 0.925267 9.99736E-05 9.99736E-05
9.997E-05 9.997E-05 0.9996 9.997E-05 9.997E-05
9.99736E-05 0.039834 0.959866 9.99736E-05 9.99736E-05
9.99736E-05 9.99736E-05 0.957715 0.0419853 9.99736E-05
9.99824E-05 0.0935423 0.894875 0.0113831 9.99824E-05
9.997E-05 9.997E-05 0.9996 9.997E-05 9.997E-05
9.99736E-05 0.133474 0.866226 9.99736E-05 9.99736E-05
9.997E-05 9.997E-05 0.9996 9.997E-05 9.997E-05
9.99736E-05 0.0153595 0.984341 9.99736E-05 9.99736E-05
9.99736E-05 9.99736E-05 0.988896 0.0108038 9.99736E-05
9.997E-05 9.997E-05 0.9996 9.997E-05 9.997E-05
9.997E-05 9.997E-05 0.9996 9.997E-05 9.997E-05
9.997E-05 9.997E-05 0.9996 9.997E-05 9.997E-05
9.99736E-05 0.180622 0.819078 9.99736E-05 9.99736E-05
9.99736E-05 0.117109 0.882591 9.99736E-05 9.99736E-05
9.99736E-05 0.0349936 0.964706 9.99736E-05 9.99736E-05
9.99736E-05 0.0236956 0.976004 9.99736E-05 9.99736E-05
9.99736E-05 0.156023 0.843677 9.99736E-05 9.99736E-05
9.997E-05 9.997E-05 0.9996 9.997E-05 9.997E-05
9.997E-05 9.997E-05 0.9996 9.997E-05 9.997E-05
9.997E-05 9.997E-05 0.9996 9.997E-05 9.997E-05
9.99736E-05 0.0473049 0.952395 9.99736E-05 9.99736E-05
9.997E-05 9.997E-05 0.9996 9.997E-05 9.997E-05
9.997E-05 9.997E-05 0.9996 9.997E-05 9.997E-05
9.997E-05 9.997E-05 0.9996 9.997E-05 9.997E-05
9.997E-05 9.997E-05 0.9996 9.997E-05 9.997E-05
9.99736E-05 0.0756341 0.924066 9.99736E-05 9.99736E-05
9.997E-05 9.997E-05 0.9996 9.997E-05 9.997E-05
9.997E-05 9.997E-05 0.9996 9.997E-05 9.997E-05
9.99824E-05 0.301387 0.694271 0.00414173 9.99824E-05
9.99736E-05 0.105203 0.894497 9.99736E-05 9.99736E-05
9.997E-05 9.997E-05 0.9996 9.997E-05 9.997E-05
9.997E-05 9.997E-05 0.9996 9.997E-05 9.997E-05
9.997E-05 9.997E-05 0.9996 9.997E-05 9.997E-05
9.997E-05 9.997E-05 0.9996 9.997E-05 9.997E-05
9.99736E-05 0.0414541 0.958246 9.99736E-05 9.99736E-05
9.997E-05 9.997E-05 0.9996 9.997E-05 9.997E-05
9.997E-05 9.997E-05 0.9996 9.997E-05 9.997E-05
9.997E-05 9.997E-05 0.9996 9.997E-05 9.997E-05
9.99736E-05 0.0133849 0.986315 9.99736E-05 9.99736E-05
9.997E-05 9.997E-05 0.9996 9.997E-05 9.997E-05
9.997E-05 9.997E-05 0.9996 9.997E-05 9.997E-05
9.997E-05 9.997E-05 0.9996 9.997E-05 9.997E-05
9.997E-05 9.997E-05 0.9996 9.997E-05 9.997E-05
9.997E-05 9.997E-05 0.9996 9.997E-05 9.997E-05
9.997E-05 9.997E-05 0.9996 9.997E-05 9.997E-05
9.99736E-05 0.0655563 0.934144 9.99736E-05 9.99736E-05
9.99736E-05 0.0239877 0.975712 9.99736E-05 9.99736E-05
9.99736E-05 0.0853649 0.914335 9.99736E-05 9.99736E-05
9.997E-05 9.997E-05 0.9996 9.997E-05 9.997E-05
9.99824E-05 0.0621654 0.864558 0.0730764 9.99824E-05
9.99736E-05 0.00898855 0.990712 9.99736E-05 9.99736E-05
9.99736E-05 0.0310556 0.968644 9.99736E-05 9.99736E-05
9.997E-05 9.997E-05 0.9996 9.997E-05 9.997E-05
9.997E-05 9.997E-05 0.9996 9.997E-05 9.997E-05
9.997E-05 9.997E-05 0.9996 9.997E-05 9.997E-05
9.99736E-05 0.0363406 0.963359 9.99736E-05 9.99736E-05
9.997E-05 9.997E-05 0.9996 9.997E-05 9.997E-05
9.997E-05 9.997E-05 0.9996 9.997E-05 9.997E-05
9.99736E-05 0.0473568 0.952343 9.99736E-05 9.99736E-05
9.997E-05 9.997E-05 0.9996 9.997E-05 9.997E-05
9.997E-05 9.997E-05 0.9996 9.997E-05 9.997E-05
0.100854 9.99824E-05 0.660455 0.23849 9.99824E-05
9.99736E-05 0.0173302 0.98237 9.99736E-05 9.99736E-05
9.997E-05 9.997E-05 0.9996 9.997E-05 9.997E-05
0.0137812 9.99824E-05 0.937467 0.0485516 9.99824E-05
9.99736E-05 0.148597 0.851103 9.99736E-05 9.99736E-05
9.99736E-05 0.0264039 0.973296 9.99736E-05 9.99736E-05
9.99824E-05 0.145296 0.821538 0.0329656 9.99824E-05
9.997E-05 9.997E-05 0.9996 9.997E-05 9.997E-05
9.99738E-05 9.99738E-05 0.913125 9.99738E-05 0.0865753
0.0234743 0.0372682 0.939058 9.99824E-05 9.99824E-05
0.0760824 0.0911932 0.759836 0.0727886 9.99912E-05
0.00047144 9.99737E-05 0.999229 9.99737E-05 9.99737E-05
9.99737E-05 0.178863 0.820837 9.99737E-05 9.99737E-05
0.0506773 9.99737E-05 0.949023 9.99737E-05 9.99737E-05
9.997E-05 9.997E-05 0.9996 9.997E-05 9.997E-05
9.99736E-05 9.99736E-05 0.890572 0.109128 9.99736E-05
9.99736E-05 9.99736E-05 0.859292 0.140408 9.99736E-05
0.047355 9.99736E-05 0.952345 9.99736E-05 9.99736E-05
0.0434574 9.99736E-05 0.956243 9.99736E-05 9.99736E-05
9.997E-05 9.997E-05 0.9996 9.997E-05 9.997E-05
0.0883302 9.99824E-05 0.858638 0.0528314 9.99824E-05
0.0546052 0.042518 0.902677 9.99824E-05 9.99824E-05
9.99824E-05 0.0279233 0.90616 0.065717 9.99824E-05
9.99736E-05 0.109155 0.890545 9.99736E-05 9.99736E-05
0.0317336 0.0385172 0.929549 9.99824E-05 9.99824E-05
0.0373967 0.164331 0.765236 0.0329368 9.99912E-05
0.0115327 0.0758971 0.91237 9.99824E-05 9.99824E-05
9.99736E-05 9.99736E-05 0.873665 0.126035 9.99736E-05
9.997E-05 9.997E-05 0.9996 9.997E-05 9.997E-05
9.99824E-05 0.13234 0.805792 0.0616679 9.99824E-05
9.99824E-05 0.0577986 0.884621 0.0573809 9.99824E-05
9.99824E-05 0.14721 0.761622 0.0909677 9.99824E-05
9.99824E-05 0.0587864 0.803093 0.13792 9.99824E-05
0.0133453 9.99736E-05 0.986355 9.99736E-05 9.99736E-05
0.0361181 9.99736E-05 0.963582 9.99736E-05 9.99736E-05
9.99824E-05 0.0570039 0.849962 0.0928345 9.99824E-05
0.057798 9.99824E-05 0.908252 0.0337498 9.99824E-05
0.0983056 9.99824E-05 0.851486 0.0500082 9.99824E-05
9.99737E-05 0.0143528 0.985347 9.99737E-05 9.99737E-05
9.997E-05 9.997E-05 0.9996 9.997E-05 9.997E-05
0.132857 9.99824E-05 0.773544 0.0933986 9.99824E-05
0.0805511 0.128232 0.791017 9.99824E-05 9.99824E-05
9.99736E-05 0.161922 0.837778 9.99736E-05 9.99736E-05
9.997E-05 9.997E-05 0.9996 9.997E-05 9.997E-05
9.99737E-05 0.154933 0.844767 9.99737E-05 9.99737E-05
9.99736E-05 0.147313 0.852387 9.99736E-05 9.99736E-05
9.99737E-05 9.99737E-05 0.997296 0.00240359 9.99737E-05
0.00523341 9.99736E-05 0.994467 9.99736E-05 9.99736E-05
0.0301038 9.99736E-05 0.969596 9.99736E-05 9.99736E-05
9.997E-05 9.997E-05 0.9996 9.997E-05 9.997E-05
0.0361411 9.99736E-05 0.963559 9.99736E-05 9.99736E-05
9.997E-05 9.997E-05 0.9996 9.997E-05 9.997E-05
0.0872597 0.0397787 0.862787 0.0100749 9.99912E-05
0.0171772 9.99825E-05 0.970905 0.0117182 9.99825E-05
0.120221 9.99737E-05 0.879479 9.99737E-05 9.99737E-05
0.0540969 0.219644 0.726059 9.99824E-05 9.99824E-05
9.997E-05 9.997E-05 0.9996 9.997E-05 9.997E-05
9.99737E-05 0.158375 0.841325 9.99737E-05 9.99737E-05
9.997E-05 9.997E-05 0.9996 9.997E-05 9.997E-05
0.00508704 9.99738E-05 0.994613 9.99738E-05 9.99738E-05
9.997E-05 9.997E-05 0.9996 9.997E-05 9.997E-05
0.0219841 9.99737E-05 0.977716 9.99737E-05 9.99737E-05
9.997E-05 9.997E-05 0.9996 9.997E-05 9.997E-05
0.00863495 9.99737E-05 0.991065 9.99737E-05 9.99737E-05
9.997E-05 9.997E-05 0.9996 9.997E-05 9.997E-05
9.99737E-05 9.99737E-05 0.877219 9.99737E-05 0.122481
0.0918126 9.99737E-05 0.907888 9.99737E-05 9.99737E-05
9.99736E-05 0.158726 0.840974 9.99736E-05 9.99736E-05
9.997E-05 9.997E-05 0.9996 9.997E-05 9.997E-05
9.997E-05 9.997E-05 0.9996 9.997E-05 9.997E-05
0.0157853 9.99737E-05 0.983915 9.99737E-05 9.99737E-05
0.014948 0.0765215 0.90833 9.99824E-05 9.99824E-05
0.10221 9.99738E-05 0.89749 9.99738E-05 9.99738E-05
9.99737E-05 0.00484083 0.994859 9.99737E-05 9.99737E-05
9.99737E-05 9.99737E-05 0.77784 9.99737E-05 0.22186
9.997E-05 9.997E-05 0.9996 9.997E-05 9.997E-05
0.000968412 0.0672699 0.764497 0.167164 9.99912E-05
9.997E-05 9.997E-05 0.9996 9.997E-05 9.997E-05
9.997E-05 9.997E-05 0.9996 9.997E-05 9.997E-05
9.99737E-05 9.99737E-05 0.852944 9.99737E-05 0.146756
9.99737E-05 9.99737E-05 0.913337 0.0863632 9.99737E-05
9.997E-05 9.997E-05 0.9996 9.997E-05 9.997E-05
0.124919 9.99736E-05 0.874781 9.99736E-05 9.99736E-05
0.0565452 0.157509 0.785746 9.99824E-05 9.99824E-05
0.0516872 0.132024 0.742718 0.0734713 9.99912E-05
9.99737E-05 9.99737E-05 0.952447 9.99737E-05 0.0472529
0.0123161 9.99737E-05 0.987384 9.99737E-05 9.99737E-05
9.99825E-05 0.0840682 0.817629 0.0981027 9.99825E-05
9.997E-05 9.997E-05 0.9996 9.997E-05 9.997E-05
0.0233202 9.99824E-05 0.829208 0.147272 9.99824E-05
9.997E-05 9.997E-05 0.9996 9.997E-05 9.997E-05
0.0645301 0.0741116 0.836734 0.0245239 9.99912E-05
0.0328457 0.0384965 0.928458 9.99824E-05 9.99824E-05
9.99737E-05 0.210907 0.788793 9.99737E-05 9.99737E-05
9.99736E-05 9.99736E-05 0.8524 0.1473 9.99736E-05
9.997E-05 9.997E-05 0.9996 9.997E-05 9.997E-05
0.169234 0.0427711 0.747041 0.0408544 9.99912E-05
9.997E-05 9.997E-05 0.9996 9.997E-05 9.997E-05
9.99737E-05 9.99737E-05 0.980315 9.99737E-05 0.0193846
9.99736E-05 0.144696 0.855004 9.99736E-05 9.99736E-05
0.122347 9.99736E-05 0.877353 9.99736E-05 9.99736E-05
9.99737E-05 9.99737E-05 0.947381 0.0523193 9.99737E-05
9.99736E-05 0.0700801 0.92962 9.99736E-05 9.99736E-05
0.0686478 0.221974 0.626791 0.0824866 9.99912E-05
9.99736E-05 0.00512518 0.994575 9.99736E-05 9.99736E-05
0.0101102 0.0579053 0.733294 0.19859 9.99912E-05
9.99737E-05 9.99737E-05 0.93276 9.99737E-05 0.0669402
9.99737E-05 9.99737E-05 0.932812 9.99737E-05 0.0668881
0.0264441 9.99737E-05 0.973256 9.99737E-05 9.99737E-05
9.99737E-05 9.99737E-05 0.709059 0.290641 9.99737E-05
9.997E-05 9.997E-05 0.9996 9.997E-05 9.997E-05
9.99738E-05 9.99738E-05 0.964691 9.99738E-05 0.0350086
0.0394734 0.0578503 0.840143 0.0624329 9.99912E-05
9.99825E-05 0.0978738 0.899696 0.00223069 9.99825E-05
0.0632595 0.0129994 0.923541 9.99825E-05 9.99825E-05
9.997E-05 9.997E-05 0.9996 9.997E-05 9.997E-05
0.0285136 0.036293 0.934993 9.99824E-05 9.99824E-05
0.0924344 0.15625 0.751115 9.99824E-05 9.99824E-05
9.997E-05 9.997E-05 0.9996 9.997E-05 9.997E-05
9.997E-05 9.997E-05 0.9996 9.997E-05 9.997E-05
0.0863675 9.99824E-05 0.800123 0.113309 9.99824E-05
0.0191817 0.0336149 0.947003 9.99825E-05 9.99825E-05
0.0310911 0.188945 0.779447 0.000416316 9.99912E-05
0.0105231 0.0337899 0.860473 0.0951138 9.99912E-05
0.0975886 9.99736E-05 0.902112 9.99736E-05 9.99736E-05
9.99736E-05 0.0303061 0.969394 9.99736E-05 9.99736E-05
0.0748861 0.0804011 0.844513 9.99824E-05 9.99824E-05
9.997E-05 9.997E-05 0.9996 9.997E-05 9.997E-05
0.118897 9.99824E-05 0.854062 0.0268412 9.99824E-05
0.00421233 9.99737E-05 0.995488 9.99737E-05 9.99737E-05
9.99738E-05 9.99738E-05 0.944014 9.99738E-05 0.0556862
0.0932739 0.0904577 0.816068 9.99824E-05 9.99824E-05
0.00354668 0.0414321 0.954821 9.99824E-05 9.99824E-05
0.05566 0.11081 0.80737 9.99912E-05 0.0260603
0.107635 0.14153 0.750635 9.99824E-05 9.99824E-05
0.0331437 0.197522 0.732834 9.99912E-05 0.0364003
0.075507 0.026169 0.862509 9.99912E-05 0.0357148
0.0459702 0.134259 0.620899 0.143399 0.0554735
9.99825E-05 0.0869729 0.583258 9.99825E-05 0.329569
0.0603122 9.99912E-05 0.904137 0.00729483 0.0281556
0.0318252 0.147482 0.770799 0.0313189 0.0185745
0.0675933 9.99912E-05 0.580784 0.0523232 0.299199
9.99736E-05 0.170676 0.829025 9.99736E-05 9.99736E-05
0.0788259 0.173262 0.709247 0.0385653 9.99912E-05
9.99825E-05 0.152393 0.623991 9.99825E-05 0.223416
0.0190584 0.17502 0.805721 9.99824E-05 9.99824E-05
9.99737E-05 9.99737E-05 0.635433 9.99737E-05 0.364267
0.1127 0.0221797 0.694774 0.0452965 0.12505
0.0920251 0.135668 0.732992 9.99912E-05 0.0392147
0.0541347 0.0861167 0.784795 9.99912E-05 0.074854
9.99825E-05 0.308986 0.491447 9.99825E-05 0.199367
0.263091 0.0367814 0.699928 9.99824E-05 9.99824E-05
9.99824E-05 0.161303 0.805723 9.99824E-05 0.0327734
0.113846 9.99824E-05 0.807059 9.99824E-05 0.0788943
0.0897843 0.0672183 0.659123 9.99912E-05 0.183775
0.102135 0.0809069 0.57447 0.0393194 0.203168
9.99737E-05 9.99737E-05 0.875663 0.124037 9.99737E-05
9.99736E-05 9.99736E-05 0.943666 0.0560343 9.99736E-05
9.99737E-05 9.99737E-05 0.990989 0.00871157 9.99737E-05
9.99736E-05 9.99736E-05 0.995579 0.00412121 9.99736E-05
9.99737E-05 9.99737E-05 0.953094 0.0466058 9.99737E-05
9.997E-05 9.997E-05 0.9996 9.997E-05 9.997E-05
9.99736E-05 9.99736E-05 0.968909 0.0307915 9.99736E-05
0.00610216 9.99825E-05 0.982531 9.99825E-05 0.0111671
9.997E-05 9.997E-05 0.9996 9.997E-05 9.997E-05
0.0485521 9.99736E-05 0.951148 9.99736E-05 9.99736E-05
9.99736E-05 9.99736E-05 0.930378 0.0693222 9.99736E-05
9.997E-05 9.997E-05 0.9996 9.997E-05 9.997E-05
0.0357094 9.99736E-05 0.963991 9.99736E-05 9.99736E-05
9.997E-05 9.997E-05 0.9996 9.997E-05 9.997E-05
9.997E-05 9.997E-05 0.9996 9.997E-05 9.997E-05
9.997E-05 9.997E-05 0.9996 9.997E-05 9.997E-05
9.99736E-05 9.99736E-05 0.919553 0.0801466 9.99736E-05
9.997E-05 9.997E-05 0.9996 9.997E-05 9.997E-05
9.997E-05 9.997E-05 0.9996 9.997E-05 9.997E-05
0.0721755 9.99737E-05 0.927525 9.99737E-05 9.99737E-05
9.997E-05 9.997E-05 0.9996 9.997E-05 9.997E-05
9.997E-05 9.997E-05 0.9996 9.997E-05 9.997E-05
9.997E-05 9.997E-05 0.9996 9.997E-05 9.997E-05
9.99825E-05 0.0612031 0.930052 9.99825E-05 0.00854528
9.99737E-05 9.99737E-05 0.92392 0.0757799 9.99737E-05
9.99737E-05 9.99737E-05 0.971082 0.0286182 9.99737E-05
0.0947686 0.0757655 0.829266 9.99824E-05 9.99824E-05
0.0048641 9.99736E-05 0.994836 9.99736E-05 9.99736E-05
9.997E-05 9.997E-05 0.9996 9.997E-05 9.997E-05
9.997E-05 9.997E-05 0.9996 9.997E-05 9.997E-05
0.017114 9.99737E-05 0.982586 9.99737E-05 9.99737E-05
9.99737E-05 0.0681405 0.93156 9.99737E-05 9.99737E-05
9.99737E-05 9.99737E-05 0.975449 0.0242511 9.99737E-05
9.997E-05 9.997E-05 0.9996 9.997E-05 9.997E-05
9.99737E-05 9.99737E-05 0.938005 0.061695 9.99737E-05
9.997E-05 9.997E-05 0.9996 9.997E-05 9.997E-05
9.997E-05 9.997E-05 0.9996 9.997E-05 9.997E-05
0.00377054 9.99825E-05 0.93632 0.0597097 9.99825E-05
0.0134122 0.0363522 0.950036 9.99824E-05 9.99824E-05
9.997E-05 9.997E-05 0.9996 9.997E-05 9.997E-05
9.99737E-05 9.99737E-05 0.989375 0.0103255 9.99737E-05
9.99737E-05 9.99737E-05 0.919344 0.080356 9.99737E-05
9.99824E-05 0.0254108 0.967724 0.00666574 9.99824E-05
0.0503674 9.99736E-05 0.949333 9.99736E-05 9.99736E-05
0.117751 0.459218 0.191892 9.99912E-05 0.23104
0.0776295 0.388175 0.403941 9.99912E-05 0.130154
0.352855 0.217769 0.326794 0.102482 9.99912E-05
0.168511 0.354691 0.268968 0.0147072 0.193124
0.165274 0.34614 0.38903 9.99912E-05 0.0994558
0.137682 0.190828 0.339092 0.140288 0.19211
0.159725 0.352351 0.386163 0.00872049 0.09304
0.0907656 0.258872 0.437612 0.0817004 0.13105
0.184682 0.187924 0.580763 0.0303214 0.01631
0.265041 0.0769091 0.248369 0.214615 0.195065
0.145848 0.24597 0.475779 0.0653985 0.0670042
0.196312 0.337015 0.341068 0.0365676 0.0890372
0.194813 0.343783 0.270449 0.0368709 0.154084
0.252065 0.230151 0.333629 9.99912E-05 0.184054
0.100501 0.450579 0.248802 0.034142 0.165976
0.101299 0.253618 0.448342 0.0649029 0.131838
0.170759 0.307001 0.354802 0.0105298 0.156908
0.121779 0.260892 0.494289 0.0447915 0.0782486
0.390261 0.0821047 0.462107 9.99912E-05 0.0654276
0.181585 0.167744 0.315616 0.10735 0.227705
0.9996 9.997E-05 9.997E-05 9.997E-05 9.997E-05
0.9996 9.997E-05 9.997E-05 9.997E-05 9.997E-05
0.9996 9.997E-05 9.997E-05 9.997E-05 9.997E-05
0.9996 9.997E-05 9.997E-05 9.997E-05 9.997E-05
0.9996 9.997E-05 9.997E-05 9.997E-05 9.997E-05
0.9996 9.997E-05 9.997E-05 9.997E-05 9.997E-05
0.9996 9.997E-05 9.997E-05 9.997E-05 9.997E-05
0.9996 9.997E-05 9.997E-05 9.997E-05 9.997E-05
0.9996 9.997E-05 9.997E-05 9.997E-05 9.997E-05
0.9996 9.997E-05 9.997E-05 9.997E-05 9.997E-05
0.9996 9.997E-05 9.997E-05 9.997E-05 9.997E-05
0.9996 9.997E-05 9.997E-05 9.997E-05 9.997E-05
0.9996 9.997E-05 9.997E-05 9.997E-05 9.997E-05
0.9996 9.997E-05 9.997E-05 9.997E-05 9.997E-05
0.9996 9.997E-05 9.997E-05 9.997E-05 9.997E-05
0.9996 9.997E-05 9.997E-05 9.997E-05 9.997E-05
0.9996 9.997E-05 9.997E-05 9.997E-05 9.997E-05
0.9996 9.997E-05 9.997E-05 9.997E-05 9.997E-05
0.9996 9.997E-05 9.997E-05 9.997E-05 9.997E-05
0.9996 9.997E-05 9.997E-05 9.997E-05 9.997E-05
0.9996 9.997E-05 9.997E-05 9.997E-05 9.997E-05
0.9996 9.997E-05 9.997E-05 9.997E-05 9.997E-05
0.9996 9.997E-05 9.997E-05 9.997E-05 9.997E-05
0.9996 9.997E-05 9.997E-05 9.997E-05 9.997E-05
0.9996 9.997E-05 9.997E-05 9.997E-05 9.997E-05
0.9996 9.997E-05 9.997E-05 9.997E-05 9.997E-05
0.9996 9.997E-05 9.997E-05 9.997E-05 9.997E-05
0.9996 9.997E-05 9.997E-05 9.997E-05 9.997E-05
0.9996 9.997E-05 9.997E-05 9.997E-05 9.997E-05
0.9996 9.997E-05 9.997E-05 9.997E-05 9.997E-05
0.9996 9.997E-05 9.997E-05 9.997E-05 9.997E-05
0.9996 9.997E-05 9.997E-05 9.997E-05 9.997E-05
0.9996 9.997E-05 9.997E-05 9.997E-05 9.997E-05
0.9996 9.997E-05 9.997E-05 9.997E-05 9.997E-05
0.9996 9.997E-05 9.997E-05 9.997E-05 9.997E-05
0.9996 9.997E-05 9.997E-05 9.997E-05 9.997E-05
0.9996 9.997E-05 9.997E-05 9.997E-05 9.997E-05
0.9996 9.997E-05 9.997E-05 9.997E-05 9.997E-05
0.9996 9.997E-05 9.997E-05 9.997E-05 9.997E-05
0.9996 9.997E-05 9.997E-05 9.997E-05 9.997E-05
0.9996 9.997E-05 9.997E-05 9.997E-05 9.997E-05
0.9996 9.997E-05 9.997E-05 9.997E-05 9.997E-05
0.9996 9.997E-05 9.997E-05 9.997E-05 9.997E-05
0.9996 9.997E-05 9.997E-05 9.997E-05 9.997E-05
0.9996 9.997E-05 9.997E-05 9.997E-05 9.997E-05
0.9996 9.997E-05 9.997E-05 9.997E-05 9.997E-05
0.9996 9.997E-05 9.997E-05 9.997E-05 9.997E-05
0.9996 9.997E-05 9.997E-05 9.997E-05 9.997E-05
0.9996 9.997E-05 9.997E-05 9.997E-05 9.997E-05
0.9996 9.997E-05 9.997E-05 9.997E-05 9.997E-05
0.9996 9.997E-05 9.997E-05 9.997E-05 9.997E-05
0.9996 9.997E-05 9.997E-05 9.997E-05 9.997E-05
0.9996 9.997E-05 9.997E-05 9.997E-05 9.997E-05
0.9996 9.997E-05 9.997E-05 9.997E-05 9.997E-05
0.9996 9.997E-05 9.997E-05 9.997E-05 9.997E-05
0.9996 9.997E-05 9.997E-05 9.997E-05 9.997E-05
0.9996 9.997E-05 9.997E-05 9.997E-05 9.997E-05
0.9996 9.997E-05 9.997E-05 9.997E-05 9.997E-05
0.9996 9.997E-05 9.997E-05 9.997E-05 9.997E-05
0.9996 9.997E-05 9.997E-05 9.997E-05 9.997E-05
0.9996 9.997E-05 9.997E-05 9.997E-05 9.997E-05
0.9996 9.997E-05 9.997E-05 9.997E-05 9.997E-05
0.9996 9.997E-05 9.997E-05 9.997E-05 9.997E-05
9.997E-05 9.997E-05 9.997E-05 0.9996 9.997E-05
9.997E-05 9.997E-05 9.997E-05 0.9996 9.997E-05
9.997E-05 9.997E-05 9.997E-05 0.9996 9.997E-05
9.997E-05 9.997E-05 9.997E-05 0.9996 9.997E-05
9.997E-05 9.997E-05 9.997E-05 0.9996 9.997E-05
9.997E-05 9.997E-05 9.997E-05 0.9996 9.997E-05
9.997E-05 9.997E-05 9.997E-05 0.9996 9.997E-05
9.997E-05 9.997E-05 9.997E-05 0.9996 9.997E-05
9.997E-05 9.997E-05 9.997E-05 0.9996 9.997E-05
9.997E-05 9.997E-05 9.997E-05 0.9996 9.997E-05
9.997E-05 9.997E-05 9.997E-05 0.9996 9.997E-05
9.997E-05 9.997E-05 9.997E-05 0.9996 9.997E-05
9.997E-05 9.997E-05 9.997E-05 0.9996 9.997E-05
9.997E-05 9.997E-05 9.997E-05 0.9996 9.997E-05
9.997E-05 9.997E-05 9.997E-05 0.9996 9.997E-05
9.997E-05 9.997E-05 9.997E-05 0.9996 9.997E-05
9.997E-05 9.997E-05 9.997E-05 0.9996 9.997E-05
9.997E-05 9.997E-05 9.997E-05 0.9996 9.997E-05
9.997E-05 9.997E-05 9.997E-05 0.9996 9.997E-05
0.00956411 9.99736E-05 9.99736E-05 0.990136 9.99736E-05
9.997E-05 9.997E-05 9.997E-05 0.9996 9.997E-05
9.997E-05 9.997E-05 9.997E-05 0.9996 9.997E-05
9.997E-05 9.997E-05 9.997E-05 0.9996 9.997E-05
9.997E-05 9.997E-05 9.997E-05 0.9996 9.997E-05
9.997E-05 9.997E-05 9.997E-05 0.9996 9.997E-05
9.997E-05 9.997E-05 9.997E-05 0.9996 9.997E-05
9.997E-05 9.997E-05 9.997E-05 0.9996 9.997E-05
9.997E-05 9.997E-05 9.997E-05 0.9996 9.997E-05
9.997E-05 9.997E-05 9.997E-05 0.9996 9.997E-05
9.997E-05 9.997E-05 9.997E-05 0.9996 9.997E-05
9.997E-05 9.997E-05 9.997E-05 0.9996 9.997E-05
9.997E-05 9.997E-05 9.997E-05 0.9996 9.997E-05
9.997E-05 9.997E-05 9.997E-05 0.9996 9.997E-05
9.997E-05 9.997E-05 9.997E-05 0.9996 9.997E-05
9.997E-05 9.997E-05 9.997E-05 0.9996 9.997E-05
9.997E-05 9.997E-05 9.997E-05 0.9996 9.997E-05
9.997E-05 9.997E-05 9.997E-05 0.9996 9.997E-05
9.997E-05 9.997E-05 9.997E-05 0.9996 9.997E-05
9.997E-05 9.997E-05 9.997E-05 0.9996 9.997E-05
9.997E-05 9.997E-05 9.997E-05 0.9996 9.997E-05
9.997E-05 9.997E-05 9.997E-05 0.9996 9.997E-05
9.997E-05 9.997E-05 9.997E-05 0.9996 9.997E-05
9.997E-05 9.997E-05 9.997E-05 0.9996 9.997E-05
0.366439 9.99736E-05 9.99736E-05 0.633261 9.99736E-05
9.997E-05 9.997E-05 9.997E-05 0.9996 9.997E-05
9.997E-05 9.997E-05 9.997E-05 0.9996 9.997E-05
9.997E-05 9.997E-05 9.997E-05 0.9996 9.997E-05
9.997E-05 9.997E-05 9.997E-05 0.9996 9.997E-05
9.997E-05 9.997E-05 9.997E-05 0.9996 9.997E-05
9.997E-05 9.997E-05 9.997E-05 0.9996 9.997E-05
0.279435 9.99736E-05 9.99736E-05 0.720265 9.99736E-05
9.997E-05 9.997E-05 9.997E-05 0.9996 9.997E-05
0.279933 9.99736E-05 9.99736E-05 0.719767 9.99736E-05
0.281265 9.99736E-05 9.99736E-05 0.718435 9.99736E-05
0.238511 9.99736E-05 9.99736E-05 0.761189 9.99736E-05
0.279933 9.99736E-05 9.99736E-05 0.719767 9.99736E-05
0.233624 9.99736E-05 9.99736E-05 0.766076 9.99736E-05
0.246241 9.99736E-05 9.99736E-05 0.753459 9.99736E-05
0.24029 9.99736E-05 9.99736E-05 0.75941 9.99736E-05
0.279933 9.99736E-05 9.99736E-05 0.719767 9.99736E-05
0.33377 9.99736E-05 9.99736E-05 0.66593 9.99736E-05
0.280141 9.99736E-05 9.99736E-05 0.719559 9.99736E-05
0.280928 9.99736E-05 9.99736E-05 0.718772 9.99736E-05
0.252433 9.99736E-05 9.99736E-05 0.747267 9.99736E-05
0.2798 9.99736E-05 9.99736E-05 0.7199 9.99736E-05
0.188943 9.99736E-05 9.99736E-05 0.810758 9.99736E-05
0.282814 9.99736E-05 9.99736E-05 0.716886 9.99736E-05
0.228352 0.438686 9.99824E-05 0.332761 9.99824E-05
0.15515 0.406602 9.99824E-05 0.438048 9.99824E-05
0.346446 0.228493 9.99824E-05 0.424862 9.99824E-05
0.29163 0.28197 9.99824E-05 0.4262 9.99824E-05
0.220232 0.460116 9.99824E-05 0.319452 9.99824E-05
0.229365 0.438773 9.99824E-05 0.331662 9.99824E-05
0.227316 0.412031 9.99824E-05 0.360453 9.99824E-05
0.261033 0.439703 9.99824E-05 0.299064 9.99824E-05
0.218974 0.430661 9.99824E-05 0.350166 9.99824E-05
0.257245 0.486201 9.99824E-05 0.256354 9.99824E-05
0.144437 0.384292 0.0611042 0.410067 9.99912E-05
0.161059 0.359815 9.99825E-05 0.478926 9.99825E-05
0.422937 0.115349 9.99824E-05 0.461514 9.99824E-05
0.306358 0.263651 9.99824E-05 0.429791 9.99824E-05
0.349631 0.258886 9.99824E-05 0.391283 9.99824E-05
0.460522 0.111185 9.99824E-05 0.428093 9.99824E-05
0.364727 0.230514 9.99824E-05 0.404559 9.99824E-05
9.99736E-05 0.592158 9.99736E-05 0.407542 9.99736E-05
0.208064 0.645801 9.99824E-05 0.145935 9.99824E-05
0.307301 0.531614 0.0538496 0.107136 9.99912E-05
0.0395434 0.758767 0.041838 0.159751 9.99912E-05
0.101024 0.562827 9.99824E-05 0.335949 9.99824E-05
0.102367 0.697124 9.99824E-05 0.200309 9.99824E-05
9.99736E-05 0.808468 9.99736E-05 0.191232 9.99736E-05
9.99736E-05 0.905399 9.99736E-05 0.0943007 9.99736E-05
0.193291 0.806275 0.000233577 9.99824E-05 9.99824E-05
0.175644 0.604116 9.99824E-05 0.22004 9.99824E-05
0.0484648 0.935169 0.016166 9.99824E-05 9.99824E-05
0.202172 0.761553 0.0360748 9.99824E-05 9.99824E-05
0.265573 0.734127 9.99736E-05 9.99736E-05 9.99736E-05
0.12273 0.87697 9.99737E-05 9.99737E-05 9.99737E-05
0.0362925 0.882563 9.99824E-05 0.0809449 9.99824E-05
9.99825E-05 0.688368 0.0599101 0.251522 9.99825E-05
0.158991 0.840709 9.99736E-05 9.99736E-05 9.99736E-05
0.105412 0.894289 9.99736E-05 9.99736E-05 9.99736E-05
0.17913 0.45418 0.11083 0.25576 9.99912E-05
9.99736E-05 0.850092 9.99736E-05 0.149608 9.99736E-05
0.0208154 0.883558 9.99824E-05 0.0954262 9.99824E-05
0.116743 0.882957 9.99736E-05 9.99736E-05 9.99736E-05
9.99736E-05 0.869848 9.99736E-05 0.129852 9.99736E-05
0.0276042 0.845204 0.0406578 0.0864341 9.99912E-05
0.118829 0.622843 9.99824E-05 0.258128 9.99824E-05
0.136824 0.5835 9.99824E-05 0.279476 9.99824E-05
0.255001 0.507587 0.00732946 0.229982 9.99912E-05
0.0648262 0.631388 9.99824E-05 0.303586 9.99824E-05
0.106446 0.765685 9.99824E-05 0.127668 9.99824E-05
0.00302242 0.934781 9.99824E-05 0.0619963 9.99824E-05
9.99736E-05 0.754375 9.99736E-05 0.245325 9.99736E-05
0.253262 0.584262 0.115303 0.0470727 9.99912E-05
0.267935 0.724045 0.00782055 9.99824E-05 9.99824E-05
0.0823262 0.758126 9.99824E-05 0.159347 9.99824E-05
0.0760807 0.923619 9.99736E-05 9.99736E-05 9.99736E-05
0.0605002 0.781734 9.99824E-05 0.157566 9.99824E-05
9.99736E-05 0.832632 9.99736E-05 0.167068 9.99736E-05
0.0270794 0.736929 9.99824E-05 0.235792 9.99824E-05
9.99736E-05 0.794463 9.99736E-05 0.205237 9.99736E-05
0.0256032 0.739277 9.99824E-05 0.23492 9.99824E-05
0.0578199 0.50871 0.188121 0.245249 9.99912E-05
9.99736E-05 0.903709 9.99736E-05 0.0959913 9.99736E-05
9.99736E-05 0.922366 9.99736E-05 0.0773342 9.99736E-05
0.0766097 0.790942 0.0919063 0.040442 9.99912E-05
9.99736E-05 0.866335 9.99736E-05 0.133365 9.99736E-05
9.99736E-05 0.835707 9.99736E-05 0.163993 9.99736E-05
9.99736E-05 0.926147 9.99736E-05 0.0735535 9.99736E-05
0.0207217 0.731262 9.99824E-05 0.247817 9.99824E-05
0.0240954 0.744873 9.99824E-05 0.230832 9.99824E-05
9.99736E-05 0.954658 9.99736E-05 0.0450418 9.99736E-05
0.0574815 0.48037 0.214784 0.247264 9.99912E-05
0.0593038 0.533342 0.173479 0.233776 9.99912E-05
0.0267102 0.731314 9.99824E-05 0.241775 9.99824E-05
9.99736E-05 0.868122 9.99736E-05 0.131578 9.99736E-05
0.0718469 0.489789 0.173955 0.264309 9.99912E-05
0.115145 0.853997 0.00432242 0.0264357 9.99912E-05
9.99736E-05 0.905048 9.99736E-05 0.0946518 9.99736E-05
9.99824E-05 0.917588 0.0360854 0.0461261 9.99824E-05
9.99736E-05 0.896128 9.99736E-05 0.103572 9.99736E-05
9.99824E-05 0.886959 0.0294769 0.0833646 9.99824E-05
0.026421 0.739025 9.99824E-05 0.234354 9.99824E-05
0.0825282 0.702011 9.99824E-05 0.215261 9.99824E-05
9.99736E-05 0.841937 9.99736E-05 0.157763 9.99736E-05
9.99736E-05 0.914108 9.99736E-05 0.0855921 9.99736E-05
0.13079 0.612012 0.136135 0.120963 9.99912E-05
9.99736E-05 0.80559 9.99736E-05 0.19411 9.99736E-05
9.99736E-05 0.71056 9.99736E-05 0.28914 9.99736E-05
0.0273517 0.740177 9.99824E-05 0.232271 9.99824E-05
0.00145196 0.998248 9.99736E-05 9.99736E-05 9.99736E-05
9.99736E-05 0.886267 9.99736E-05 0.113433 9.99736E-05
9.99736E-05 0.919511 9.99736E-05 0.0801886 9.99736E-05
0.0515107 0.56908 0.159606 0.219703 9.99912E-05
0.0703112 0.929389 9.99736E-05 9.99736E-05 9.99736E-05
0.059029 0.895358 0.0454129 9.99825E-05 9.99825E-05
0.0190891 0.964232 0.0164789 9.99825E-05 9.99825E-05
0.165757 0.801236 9.99824E-05 0.0328075 9.99824E-05
0.0421358 0.689037 9.99824E-05 0.268627 9.99824E-05
0.0127584 0.802044 9.99824E-05 0.184997 9.99824E-05
0.267643 0.732057 9.99736E-05 9.99736E-05 9.99736E-05
9.99736E-05 0.84479 9.99736E-05 0.15491 9.99736E-05
0.0738126 0.742373 0.183615 9.99824E-05 9.99824E-05
0.232116 0.752465 0.0152188 9.99824E-05 9.99824E-05
0.0997013 0.729872 0.00809172 0.162235 9.99912E-05
0.0800806 0.919619 9.99736E-05 9.99736E-05 9.99736E-05
0.0858085 0.913892 9.99737E-05 9.99737E-05 9.99737E-05
0.188324 0.805208 0.00626732 9.99824E-05 9.99824E-05
0.294651 0.705049 9.99736E-05 9.99736E-05 9.99736E-05
0.251871 0.734639 0.0132899 9.99824E-05 9.99824E-05
0.114928 0.831331 0.0535412 9.99824E-05 9.99824E-05
0.104878 0.742739 0.109349 0.042934 9.99912E-05
0.165269 0.834431 9.99737E-05 9.99737E-05 9.99737E-05
0.0591636 0.892189 9.99824E-05 0.0484475 9.99824E-05
0.072799 0.909683 9.99824E-05 0.0173176 9.99824E-05
0.143819 0.782886 0.0355405 0.037654 9.99912E-05
0.189491 0.810209 9.99736E-05 9.99736E-05 9.99736E-05
0.261966 0.569291 9.99824E-05 0.168543 9.99824E-05
0.165221 0.800407 9.99824E-05 0.0341724 9.99824E-05
0.270949 0.728751 9.99736E-05 9.99736E-05 9.99736E-05
0.301282 0.698418 9.99736E-05 9.99736E-05 9.99736E-05
0.172437 0.783643 9.99824E-05 0.0437204 9.99824E-05
0.111611 0.888089 9.99737E-05 9.99737E-05 9.99737E-05
0.19431 0.753866 9.99824E-05 0.0516234 9.99824E-05
0.288168 0.711532 9.99736E-05 9.99736E-05 9.99736E-05
9.99825E-05 0.677062 0.173837 0.148901 9.99825E-05
0.073232 0.760862 9.99824E-05 0.165706 9.99824E-05
9.99736E-05 0.951973 9.99736E-05 0.0477275 9.99736E-05
0.0428274 0.829731 9.99824E-05 0.127242 9.99824E-05
9.99825E-05 0.851292 0.122741 0.0257667 9.99825E-05
9.99736E-05 0.801264 9.99736E-05 0.198436 9.99736E-05
9.99736E-05 0.791849 9.99736E-05 0.207851 9.99736E-05
0.149418 0.756645 9.99824E-05 0.0937374 9.99824E-05
0.158865 0.828587 9.99824E-05 0.0123477 9.99824E-05
0.0448847 0.89017 9.99824E-05 0.0647448 9.99824E-05
0.178757 0.736833 9.99824E-05 0.0842096 9.99824E-05
0.0642067 0.935493 9.99737E-05 9.99737E-05 9.99737E-05
0.0302231 0.969477 9.99736E-05 9.99736E-05 9.99736E-05
0.242359 0.60003 0.0627919 0.0947196 9.99912E-05
0.143839 0.855862 9.99737E-05 9.99737E-05 9.99737E-05
0.0920369 0.844801 0.0252504 0.037812 9.99912E-05
9.99736E-05 0.675754 9.99736E-05 0.323946 9.99736E-05
0.050606 0.860213 9.99824E-05 0.0889812 9.99824E-05
0.0906455 0.402068 9.99912E-05 0.490965 0.0162217
0.12812 0.87158 9.99737E-05 9.99737E-05 9.99737E-05
0.21333 0.786371 9.99736E-05 9.99736E-05 9.99736E-05
0.0105082 0.763429 9.99824E-05 0.225862 9.99824E-05
0.0473194 0.948873 0.00360773 9.99824E-05 9.99824E-05
0.0123621 0.8614 0.126038 9.99824E-05 9.99824E-05
0.162231 0.812957 9.99824E-05 0.0246116 9.99824E-05
0.0209322 0.749433 9.99824E-05 0.229435 9.99824E-05
0.0275797 0.75904 9.99824E-05 0.21318 9.99824E-05
0.0640182 0.935682 9.99736E-05 9.99736E-05 9.99736E-05
0.0900497 0.907193 9.99824E-05 0.00255686 9.99824E-05
0.120868 0.715152 9.99824E-05 0.16378 9.99824E-05
0.0582618 0.863405 9.99824E-05 0.078133 9.99824E-05
0.0758842 0.923816 9.99736E-05 9.99736E-05 9.99736E-05
0.0405366 0.928568 9.99824E-05 0.0306956 9.99824E-05
0.260008 0.739693 9.99736E-05 9.99736E-05 9.99736E-05
0.110232 0.843152 9.99824E-05 0.0464159 9.99824E-05
0.184261 0.815439 9.99736E-05 9.99736E-05 9.99736E-05
0.0396268 0.960073 9.99737E-05 9.99737E-05 9.99737E-05
0.207375 0.717705 0.0463575 0.0284621 9.99912E-05
0.027375 0.762008 9.99824E-05 0.210417 9.99824E-05
9.99736E-05 0.996001 9.99736E-05 0.00369929 9.99736E-05
0.0888902 0.91081 9.99736E-05 9.99736E-05 9.99736E-05
0.0539467 0.601743 0.0669703 0.27724 9.99912E-05
9.99736E-05 0.752423 9.99736E-05 0.247277 9.99736E-05
0.0273091 0.972391 9.99736E-05 9.99736E-05 9.99736E-05
0.0725113 0.53514 0.0150372 0.377211 9.99912E-05
0.353679 0.488978 9.99824E-05 0.157142 9.99824E-05
0.0990998 0.735726 9.99824E-05 0.164974 9.99824E-05
0.218571 0.426275 9.99824E-05 0.354954 9.99824E-05
0.0465426 0.814156 9.99824E-05 0.139101 9.99824E-05
0.0304282 0.687421 9.99824E-05 0.281951 9.99824E-05
0.0194284 0.698838 9.99824E-05 0.281533 9.99824E-05
0.147597 0.545228 9.99824E-05 0.306975 9.99824E-05
0.125773 0.728746 9.99824E-05 0.145281 9.99824E-05
9.997E-05 0.9996 9.997E-05 9.997E-05 9.997E-05
0.0646669 0.828603 9.99824E-05 0.10653 9.99824E-05
0.158 0.744885 9.99824E-05 0.0969149 9.99824E-05
0.0140931 0.69947 9.99824E-05 0.286237 9.99824E-05
0.198043 0.509037 9.99824E-05 0.292721 9.99824E-05
0.0210639 0.962778 9.99824E-05 0.0159583 9.99824E-05
0.034913 0.889055 9.99824E-05 0.0758318 9.99824E-05
0.00924957 0.673798 9.99824E-05 0.316752 9.99824E-05
9.99736E-05 0.75868 9.99736E-05 0.24102 9.99736E-05
0.259082 0.575327 9.99824E-05 0.165392 9.99824E-05
0.227158 0.508313 9.99824E-05 0.264328 9.99824E-05
0.164026 0.662108 9.99824E-05 0.173666 9.99824E-05
0.30556 0.25985 9.99824E-05 0.434391 9.99824E-05
0.0264106 0.755556 9.99824E-05 0.217834 9.99824E-05
0.252346 0.324461 9.99824E-05 0.422993 9.99824E-05
0.0125466 0.858223 9.99824E-05 0.12903 9.99824E-05
0.00299534 0.818987 0.000874572 0.177043 9.99913E-05
0.0641744 0.822647 9.99824E-05 0.112979 9.99824E-05
0.0328409 0.7793 0.0367403 0.151019 9.99912E-05
9.99736E-05 0.93759 9.99736E-05 0.0621097 9.99736E-05
0.0141732 0.874213 9.99824E-05 0.111414 9.99824E-05
0.141546 0.659121 0.199133 9.99824E-05 9.99824E-05
0.0988215 0.778543 9.99824E-05 0.122436 9.99824E-05
0.0876351 0.736114 9.99824E-05 0.176051 9.99824E-05
0.101079 0.650052 9.99824E-05 0.248669 9.99824E-05
0.120825 0.85814 9.99824E-05 0.0208351 9.99824E-05
0.195615 0.804085 9.99736E-05 9.99736E-05 9.99736E-05
0.0303353 0.903562 9.99824E-05 0.0659024 9.99824E-05
9.997E-05 0.9996 9.997E-05 9.997E-05 9.997E-05
9.99736E-05 0.755402 9.99736E-05 0.244298 9.99736E-05
0.00711139 0.951286 9.99824E-05 0.0414022 9.99824E-05
0.053456 0.920775 9.99825E-05 0.0255686 9.99825E-05
0.152247 0.832207 0.0153458 9.99824E-05 9.99824E-05
0.0311473 0.545973 9.99824E-05 0.42268 9.99824E-05
9.997E-05 0.9996 9.997E-05 9.997E-05 9.997E-05
0.0870531 0.869305 0.0434416 9.99824E-05 9.99824E-05
0.134979 0.545044 9.99824E-05 0.319777 9.99824E-05
