0.111729 0.0280381 9.99561E-05 0.34503 9.99561E-05 9.99561E-05 9.99561E-05 9.99561E-05 0.514704
0.0749762 9.99473E-05 9.99473E-05 0.145214 9.99473E-05 9.99473E-05 9.99473E-05 9.99473E-05 0.77921
9.99473E-05 9.99473E-05 9.99473E-05 0.0814288 9.99473E-05 0.0484766 9.99473E-05 9.99473E-05 0.869495
0.0578099 0.0130072 0.157522 9.99824E-05 0.0567744 0.315418 0.0784508 9.99824E-05 0.320818
9.99385E-05 9.99385E-05 9.99385E-05 9.99385E-05 9.99385E-05 0.128832 9.99385E-05 9.99385E-05 0.870468
0.0448019 9.99737E-05 9.99737E-05 0.0572253 0.176628 0.280399 0.109539 9.99737E-05 0.331107
0.135781 9.99737E-05 0.00928555 0.236206 9.99737E-05 0.228895 9.99737E-05 0.040538 0.348995
0.0554311 0.0636563 9.99825E-05 9.99825E-05 0.240517 0.117826 0.0744815 0.202924 0.244965
0.022013 9.99736E-05 0.147068 0.231415 0.284734 0.0421181 9.99736E-05 9.99736E-05 0.272351
9.99473E-05 0.0368363 0.0618625 9.99473E-05 9.99473E-05 9.99473E-05 9.99473E-05 9.99473E-05 0.900702
0.139643 9.99649E-05 0.0196506 0.268049 0.0680879 9.99649E-05 9.99649E-05 9.99649E-05 0.504169
9.99561E-05 9.99561E-05 0.0304054 9.99561E-05 9.99561E-05 0.0371434 9.99561E-05 0.0692751 0.862676
9.99473E-05 0.00344708 9.99473E-05 0.0751461 9.99473E-05 9.99473E-05 9.99473E-05 9.99473E-05 0.920807
0.0179306 9.99737E-05 0.00365808 0.0772717 9.99737E-05 9.99737E-05 0.224094 0.025234 0.651512
9.99737E-05 9.99737E-05 0.110484 0.194973 0.0768033 0.149981 0.116663 9.99737E-05 0.350795
9.99736E-05 9.99736E-05 0.0790847 0.26945 0.206048 0.103464 9.99736E-05 0.0530816 0.288572
0.0890868 9.99649E-05 9.99649E-05 0.137579 9.99649E-05 9.99649E-05 0.0662629 0.0757502 0.630921
9.99649E-05 0.222442 0.146704 0.263924 0.076613 9.99649E-05 9.99649E-05 9.99649E-05 0.289917
0.015153 0.121619 9.99736E-05 0.226383 0.115177 0.127794 9.99736E-05 9.99736E-05 0.393575
9.99386E-05 9.99386E-05 0.0558385 9.99386E-05 9.99386E-05 9.99386E-05 9.99386E-05 9.99386E-05 0.943462
0.0304309 9.99649E-05 0.0403561 9.99649E-05 0.0812848 0.383198 9.99649E-05 9.99649E-05 0.464331
0.0506291 0.0680843 9.99737E-05 0.10118 0.236528 0.205291 9.99737E-05 9.99737E-05 0.337988
0.0936999 9.99473E-05 9.99473E-05 0.221537 9.99473E-05 9.99473E-05 9.99473E-05 9.99473E-05 0.684164
9.99561E-05 9.99561E-05 9.99561E-05 0.3736 9.99561E-05 0.000635215 9.99561E-05 0.126489 0.498776
0.0713385 9.99824E-05 0.177278 0.194277 0.0358581 0.0636208 0.222041 9.99824E-05 0.235387
9.99561E-05 9.99561E-05 9.99561E-05 9.99561E-05 0.00925369 0.13285 0.22818 9.99561E-05 0.629217
0.0161997 0.147462 9.99912E-05 0.2432 0.0295376 0.0658408 0.312797 0.124815 0.0600482
9.99561E-05 9.99561E-05 9.99561E-05 0.0583093 9.99561E-05 0.10809 0.00788214 9.99561E-05 0.825219
0.0750437 9.99561E-05 0.0484566 0.230564 9.99561E-05 9.99561E-05 9.99561E-05 9.99561E-05 0.645436
0.00203659 9.99649E-05 9.99649E-05 0.0849046 0.0244796 9.99649E-05 0.0938698 9.99649E-05 0.79431
0.118876 0.0189266 0.0256929 0.0699877 0.0288681 9.99736E-05 9.99736E-05 9.99736E-05 0.737349
0.0512913 9.99561E-05 9.99561E-05 9.99561E-05 9.99561E-05 0.113736 0.255296 9.99561E-05 0.579177
0.089225 9.99648E-05 9.99648E-05 0.304038 0.0196692 9.99648E-05 9.99648E-05 0.0655941 0.521074
9.99736E-05 0.047276 9.99736E-05 0.126344 9.99736E-05 0.0724578 0.212562 0.049108 0.491951
0.0722519 9.99649E-05 0.0933193 0.000760904 0.00719693 9.99649E-05 9.99649E-05 9.99649E-05 0.826071
0.0638454 0.0104013 0.00792099 0.0907035 0.0324627 0.137561 9.99912E-05 0.0495162 0.607489
0.0354944 9.99473E-05 9.99473E-05 9.99473E-05 9.99473E-05 9.99473E-05 9.99473E-05 0.068251 0.895655
9.99561E-05 9.99561E-05 0.0486081 0.133941 0.137069 9.99561E-05 9.99561E-05 9.99561E-05 0.679882
0.0333853 9.99649E-05 9.99649E-05 0.216692 9.99649E-05 0.0810115 0.135622 9.99649E-05 0.532889
9.99561E-05 9.99561E-05 9.99561E-05 0.156174 9.99561E-05 9.99561E-05 0.164174 0.148832 0.53032
0.0375533 9.99649E-05 9.99649E-05 0.0530748 0.0145614 0.0292054 9.99649E-05 9.99649E-05 0.865205
9.99474E-05 9.99474E-05 9.99474E-05 0.275009 0.0564428 9.99474E-05 9.99474E-05 9.99474E-05 0.667949
9.99473E-05 9.99473E-05 9.99473E-05 9.99473E-05 9.99473E-05 9.99473E-05 0.0414958 0.0580523 0.899852
0.0803996 0.0136596 9.99649E-05 0.335754 0.112472 9.99649E-05 9.99649E-05 9.99649E-05 0.457316
0.0162714 9.99561E-05 9.99561E-05 0.314495 9.99561E-05 0.326456 9.99561E-05 9.99561E-05 0.342278
9.99473E-05 9.99473E-05 0.0701381 9.99473E-05 9.99473E-05 0.0402005 9.99473E-05 9.99473E-05 0.889062
0.0286816 0.0523389 9.99649E-05 0.0252707 0.0326614 9.99649E-05 9.99649E-05 9.99649E-05 0.860647
9.99473E-05 9.99473E-05 9.99473E-05 0.042812 9.99473E-05 9.99473E-05 9.99473E-05 0.0445886 0.912
0.0343614 9.99648E-05 9.99648E-05 0.139486 9.99648E-05 0.0429294 9.99648E-05 0.0826127 0.70021
0.0347471 9.9965E-05 0.0568842 9.9965E-05 0.00661933 9.9965E-05 9.9965E-05 0.106464 0.794886
0.1632 0.0276908 0.0272618 0.254449 0.025533 0.00978128 0.206624 0.0347291 0.25073
9.99649E-05 9.99649E-05 0.0662304 9.99649E-05 0.0183708 0.220076 9.99649E-05 0.000190046 0.694733
9.99386E-05 0.124206 9.99386E-05 9.99386E-05 9.99386E-05 9.99386E-05 9.99386E-05 9.99386E-05 0.875095
9.99737E-05 0.0566869 0.000886399 0.0681049 9.99737E-05 9.99737E-05 0.0448729 0.225796 0.603353
9.99474E-05 9.99474E-05 9.99474E-05 0.117832 9.99474E-05 0.117152 9.99474E-05 9.99474E-05 0.764416
9.99649E-05 9.99649E-05 0.122677 9.99649E-05 9.99649E-05 0.00289201 0.239919 0.0481249 0.585987
9.99561E-05 0.046217 9.99561E-05 0.0318868 9.99561E-05 0.195198 9.99561E-05 9.99561E-05 0.726198
0.0381388 9.99561E-05 9.99561E-05 0.00774184 9.99561E-05 0.0970076 9.99561E-05 9.99561E-05 0.856612
0.0743883 9.99561E-05 9.99561E-05 0.0704298 9.99561E-05 0.00504102 9.99561E-05 9.99561E-05 0.849641
0.0660148 0.0913724 9.99825E-05 0.691713 0.0466904 9.99825E-05 0.0163633 0.0130928 0.0745533
9.99562E-05 9.99562E-05 9.99562E-05 0.441796 9.99562E-05 0.0796517 9.99562E-05 0.110706 0.367347
0.0184491 0.169718 9.99825E-05 0.290389 0.0499938 9.99825E-05 0.0800778 0.0445504 0.346622
9.99649E-05 0.0489022 0.0413951 0.476445 0.10671 9.99649E-05 0.326148 9.99649E-05 9.99649E-05
0.0244624 0.0952739 0.0161028 0.386608 0.133919 0.254803 9.99912E-05 0.0276258 0.0611045
0.0516601 0.109143 9.99561E-05 0.763994 0.0747034 9.99561E-05 9.99561E-05 9.99561E-05 9.99561E-05
0.103816 0.0246939 9.99649E-05 0.847434 0.0195444 9.99649E-05 9.99649E-05 9.99649E-05 0.00411259
0.0321463 0.165702 9.99737E-05 0.634631 0.10672 9.99737E-05 0.0440955 0.0164053 9.99737E-05
9.99649E-05 0.119356 9.99649E-05 0.545879 9.99649E-05 9.99649E-05 0.108012 0.00522292 0.221131
0.109884 0.0339807 9.99737E-05 0.452975 0.0318687 0.0769338 9.99737E-05 9.99737E-05 0.294058
0.211574 0.0457583 9.99561E-05 0.684494 0.0576734 9.99561E-05 9.99561E-05 9.99561E-05 9.99561E-05
0.127458 0.0318591 9.99824E-05 0.521151 0.0220054 0.176603 9.99824E-05 0.107896 0.012828
0.158619 0.00774195 0.00412993 0.323028 0.167861 0.112925 0.0779688 0.143112 0.00461405
0.0116591 9.99737E-05 9.99737E-05 0.723409 0.00756487 0.103289 9.99737E-05 0.129866 0.0239132
0.0795627 9.99737E-05 9.99737E-05 0.281325 0.0183972 9.99737E-05 0.148719 0.165243 0.306454
0.0910314 0.0375013 9.99737E-05 0.512917 0.0696867 9.99737E-05 0.040845 9.99737E-05 0.247718
9.99649E-05 0.0649551 9.99649E-05 0.529817 9.99649E-05 0.273971 0.0568935 0.0739635 9.99649E-05
0.17406 0.125188 9.99737E-05 0.225812 0.0942745 0.260523 9.99737E-05 9.99737E-05 0.119842
0.083736 0.18415 9.99649E-05 0.51126 0.0336168 9.99649E-05 9.99649E-05 9.99649E-05 0.186837
0.0583153 0.035611 9.99561E-05 0.766807 9.99561E-05 9.99561E-05 9.99561E-05 0.138767 9.99561E-05
9.99563E-05 9.99563E-05 9.99563E-05 0.573916 9.99563E-05 0.0269596 9.99563E-05 0.12474 0.273885
9.99736E-05 0.162588 9.99736E-05 0.562031 0.0248799 9.99736E-05 0.0243893 0.15394 0.071872
0.0423511 0.0701921 9.99649E-05 0.432827 9.99649E-05 9.99649E-05 0.266052 9.99649E-05 0.188178
9.99824E-05 0.160581 9.99824E-05 0.31537 0.0734264 0.2397 0.0182562 0.0246649 0.167803
0.307413 9.99649E-05 9.99649E-05 0.332425 0.0787351 0.029771 9.99649E-05 9.99649E-05 0.251257
0.0811922 9.99737E-05 0.00402273 0.488284 0.0581771 9.99737E-05 0.0219432 9.99737E-05 0.346081
0.0502113 0.0987677 9.99825E-05 0.362399 0.0269906 0.0262011 9.99825E-05 0.0114533 0.423777
9.99563E-05 9.99563E-05 9.99563E-05 0.680092 0.0190639 9.99563E-05 9.99563E-05 0.0692663 0.231078
9.99649E-05 0.273163 9.99649E-05 0.409971 0.0415853 0.00539706 9.99649E-05 9.99649E-05 0.269484
0.00293691 9.99737E-05 0.00711161 0.414373 0.209838 9.99737E-05 9.99737E-05 0.0637477 0.301693
9.99561E-05 9.99561E-05 9.99561E-05 0.0809497 0.16605 0.00193749 0.750563 9.99561E-05 9.99561E-05
9.993E-05 9.993E-05 9.993E-05 9.993E-05 9.993E-05 9.993E-05 0.999201 9.993E-05 9.993E-05
0.0603619 0.0447015 9.99648E-05 0.0397674 0.0165581 9.99648E-05 0.838211 9.99648E-05 9.99648E-05
0.0569594 0.0223345 0.00468949 0.0320967 0.123114 9.99736E-05 0.760506 9.99736E-05 9.99736E-05
9.99472E-05 9.99472E-05 0.0721478 9.99472E-05 0.139997 9.99472E-05 0.787255 9.99472E-05 9.99472E-05
9.99473E-05 9.99473E-05 9.99473E-05 0.173909 0.225242 9.99473E-05 0.600248 9.99473E-05 9.99473E-05
0.0583032 0.0446741 9.99736E-05 0.011149 0.162268 9.99736E-05 0.697896 0.0254104 9.99736E-05
9.99561E-05 9.99561E-05 0.0224289 0.0110668 0.220076 9.99561E-05 0.745929 9.99561E-05 9.99561E-05
0.0371829 9.99561E-05 9.99561E-05 0.218787 0.455019 9.99561E-05 0.288512 9.99561E-05 9.99561E-05
9.99648E-05 0.0323828 9.99648E-05 0.231797 0.237078 0.0436928 0.45465 9.99648E-05 9.99648E-05
9.99473E-05 9.99473E-05 9.99473E-05 0.128084 0.0341288 9.99473E-05 0.837187 9.99473E-05 9.99473E-05
0.0352035 9.99473E-05 9.99473E-05 0.153173 9.99473E-05 9.99473E-05 0.811024 9.99473E-05 9.99473E-05
0.0922408 9.99473E-05 9.99473E-05 9.99473E-05 0.132075 9.99473E-05 0.775084 9.99473E-05 9.99473E-05
0.00548644 9.99561E-05 9.99561E-05 0.126212 0.136809 9.99561E-05 0.730993 9.99561E-05 9.99561E-05
0.0123503 0.139494 9.99649E-05 9.99649E-05 0.0960601 9.99649E-05 0.730016 0.0216798 9.99649E-05
0.0315266 9.99649E-05 9.99649E-05 0.249408 0.0333513 9.99649E-05 0.611692 0.0736227 9.99649E-05
0.0315976 0.102838 0.0146678 0.239576 0.124848 9.99736E-05 0.486173 9.99736E-05 9.99736E-05
0.046076 9.99649E-05 9.99649E-05 9.99649E-05 0.170161 9.99649E-05 0.679292 0.0785644 0.0255074
0.0420956 9.99473E-05 9.99473E-05 9.99473E-05 0.0531327 9.99473E-05 0.904172 9.99473E-05 9.99473E-05
0.0117121 9.99561E-05 0.139549 9.99561E-05 0.104809 9.99561E-05 0.74343 9.99561E-05 9.99561E-05
9.99473E-05 9.99473E-05 9.99473E-05 9.99473E-05 0.0889209 0.129794 0.780686 9.99473E-05 9.99473E-05
0.0422651 9.99473E-05 9.99473E-05 9.99473E-05 0.089065 9.99473E-05 0.86807 9.99473E-05 9.99473E-05
9.99649E-05 9.99649E-05 0.104706 0.252768 0.321249 0.08105 0.239827 9.99649E-05 9.99649E-05
0.0604535 9.99561E-05 0.0487103 9.99561E-05 0.158354 9.99561E-05 0.731982 9.99561E-05 9.99561E-05
9.99561E-05 9.99561E-05 0.16302 0.242019 0.229815 9.99561E-05 0.364645 9.99561E-05 9.99561E-05
9.99649E-05 0.0260731 9.99649E-05 0.124508 0.151775 9.99649E-05 0.691154 0.00609 9.99649E-05
9.99474E-05 9.99474E-05 0.0692053 9.99474E-05 9.99474E-05 9.99474E-05 0.882844 9.99474E-05 0.0473509
9.9956E-05 9.9956E-05 0.00268083 9.9956E-05 0.150964 0.110176 0.735679 9.9956E-05 9.9956E-05
9.99473E-05 9.99473E-05 9.99473E-05 0.229585 0.278725 9.99473E-05 0.49109 9.99473E-05 9.99473E-05
0.0707215 9.99649E-05 0.109294 0.018693 0.010234 9.99649E-05 0.790658 9.99649E-05 9.99649E-05
0.0441193 9.99649E-05 9.99649E-05 0.205848 0.0582552 9.99649E-05 0.670637 0.02074 9.99649E-05
0.0171179 9.9956E-05 0.0462057 9.9956E-05 9.9956E-05 9.9956E-05 0.905954 0.0302224 9.9956E-05
0.0332651 9.99561E-05 0.267429 9.99561E-05 0.348931 9.99561E-05 0.349875 9.99561E-05 9.99561E-05
0.0118204 9.99649E-05 0.183511 0.0514178 0.0940049 9.99649E-05 0.658846 9.99649E-05 9.99649E-05
9.99385E-05 9.99385E-05 9.99385E-05 9.99385E-05 0.00602428 9.99385E-05 0.993276 9.99385E-05 9.99385E-05
0.0307826 9.99649E-05 0.0690528 9.99649E-05 0.0996101 9.99649E-05 0.792112 0.00804318 9.99649E-05
0.0311374 0.0641992 9.99648E-05 0.148052 0.187181 9.99648E-05 0.56903 9.99648E-05 9.99648E-05
9.99386E-05 9.99386E-05 9.99386E-05 9.99386E-05 0.0223105 9.99386E-05 0.97699 9.99386E-05 9.99386E-05
9.99473E-05 9.99473E-05 0.0128453 9.99473E-05 0.0271999 9.99473E-05 0.959355 9.99473E-05 9.99473E-05
9.993E-05 9.993E-05 9.993E-05 9.993E-05 9.993E-05 9.993E-05 0.999201 9.993E-05 9.993E-05
9.99387E-05 9.99387E-05 9.99387E-05 9.99387E-05 0.0362007 9.99387E-05 0.9631 9.99387E-05 9.99387E-05
9.9956E-05 9.9956E-05 9.9956E-05 0.472275 0.137415 0.00277801 0.387032 9.9956E-05 9.9956E-05
9.99473E-05 9.99473E-05 9.99473E-05 9.99473E-05 0.180239 0.090292 0.728869 9.99473E-05 9.99473E-05
9.99474E-05 9.99474E-05 0.0486283 9.99474E-05 0.165115 9.99474E-05 0.785657 9.99474E-05 9.99474E-05
9.99386E-05 9.99386E-05 9.99386E-05 9.99386E-05 9.99386E-05 9.99386E-05 0.915649 9.99386E-05 0.0836513
0.0171585 0.00974498 0.138621 0.225605 0.155552 9.99736E-05 0.453019 9.99736E-05 9.99736E-05
0.00607516 0.109937 0.0433661 0.110701 0.0938627 9.99824E-05 0.634724 0.001134 9.99824E-05
9.99649E-05 9.99649E-05 0.0426138 0.127761 0.188202 9.99649E-05 0.557256 0.0837673 9.99649E-05
0.00198293 9.99649E-05 0.038836 0.1919 0.360941 9.99649E-05 0.405941 9.99649E-05 9.99649E-05
9.993E-05 9.993E-05 9.993E-05 9.993E-05 9.993E-05 9.993E-05 0.999201 9.993E-05 9.993E-05
0.0178847 9.99824E-05 0.0292704 0.143377 0.0174633 0.138085 0.593821 0.0598991 9.99824E-05
9.99387E-05 9.99387E-05 9.99387E-05 9.99387E-05 0.101773 9.99387E-05 0.897528 9.99387E-05 9.99387E-05
0.0112721 9.99561E-05 9.99561E-05 0.020268 0.132668 9.99561E-05 0.835292 9.99561E-05 9.99561E-05
9.99473E-05 9.99473E-05 9.99473E-05 9.99473E-05 0.126437 9.99473E-05 0.751718 0.121245 9.99473E-05
0.0634707 0.0597849 0.0143979 9.99648E-05 0.0204907 9.99648E-05 0.841456 9.99648E-05 9.99648E-05
9.99473E-05 9.99473E-05 9.99473E-05 0.400146 0.252318 9.99473E-05 0.346937 9.99473E-05 9.99473E-05
0.034282 9.99472E-05 9.99472E-05 9.99472E-05 0.176157 9.99472E-05 0.788962 9.99472E-05 9.99472E-05
0.0616414 9.99736E-05 0.0215891 0.00569252 0.11583 9.99736E-05 0.775418 0.0195293 9.99736E-05
9.99385E-05 9.99385E-05 0.16943 9.99385E-05 9.99385E-05 9.99385E-05 0.82987 9.99385E-05 9.99385E-05
9.99386E-05 9.99386E-05 9.99386E-05 9.99386E-05 0.208052 9.99386E-05 0.791249 9.99386E-05 9.99386E-05
9.99384E-05 9.99384E-05 0.0186985 0.980602 9.99384E-05 9.99384E-05 9.99384E-05 9.99384E-05 9.99384E-05
9.993E-05 9.993E-05 9.993E-05 9.993E-05 0.999201 9.993E-05 9.993E-05 9.993E-05 9.993E-05
9.993E-05 9.993E-05 9.993E-05 0.999201 9.993E-05 9.993E-05 9.993E-05 9.993E-05 9.993E-05
9.993E-05 9.993E-05 9.993E-05 9.993E-05 0.999201 9.993E-05 9.993E-05 9.993E-05 9.993E-05
9.993E-05 9.993E-05 9.993E-05 9.993E-05 0.999201 9.993E-05 9.993E-05 9.993E-05 9.993E-05
9.993E-05 9.993E-05 9.993E-05 9.993E-05 0.999201 9.993E-05 9.993E-05 9.993E-05 9.993E-05
9.993E-05 9.993E-05 9.993E-05 0.999201 9.993E-05 9.993E-05 9.993E-05 9.993E-05 9.993E-05
9.993E-05 9.993E-05 9.993E-05 9.993E-05 0.999201 9.993E-05 9.993E-05 9.993E-05 9.993E-05
9.993E-05 9.993E-05 9.993E-05 9.993E-05 0.999201 9.993E-05 9.993E-05 9.993E-05 9.993E-05
9.993E-05 9.993E-05 9.993E-05 0.999201 9.993E-05 9.993E-05 9.993E-05 9.993E-05 9.993E-05
9.993E-05 9.993E-05 9.993E-05 0.999201 9.993E-05 9.993E-05 9.993E-05 9.993E-05 9.993E-05
9.993E-05 9.993E-05 9.993E-05 0.999201 9.993E-05 9.993E-05 9.993E-05 9.993E-05 9.993E-05
9.993E-05 9.993E-05 9.993E-05 9.993E-05 0.999201 9.993E-05 9.993E-05 9.993E-05 9.993E-05
9.993E-05 9.993E-05 9.993E-05 9.993E-05 0.999201 9.993E-05 9.993E-05 9.993E-05 9.993E-05
9.993E-05 9.993E-05 9.993E-05 0.999201 9.993E-05 9.993E-05 9.993E-05 9.993E-05 9.993E-05
9.993E-05 9.993E-05 9.993E-05 0.999201 9.993E-05 9.993E-05 9.993E-05 9.993E-05 9.993E-05
9.99824E-05 0.029356 0.119331 0.0977018 0.11171 0.100748 0.428417 0.112537 9.99824E-05
9.993E-05 9.993E-05 9.993E-05 0.999201 9.993E-05 9.993E-05 9.993E-05 9.993E-05 9.993E-05
9.993E-05 9.993E-05 9.993E-05 9.993E-05 0.999201 9.993E-05 9.993E-05 9.993E-05 9.993E-05
9.993E-05 9.993E-05 9.993E-05 0.999201 9.993E-05 9.993E-05 9.993E-05 9.993E-05 9.993E-05
9.993E-05 9.993E-05 9.993E-05 0.999201 9.993E-05 9.993E-05 9.993E-05 9.993E-05 9.993E-05
9.993E-05 9.993E-05 9.993E-05 0.999201 9.993E-05 9.993E-05 9.993E-05 9.993E-05 9.993E-05
9.993E-05 9.993E-05 9.993E-05 9.993E-05 0.999201 9.993E-05 9.993E-05 9.993E-05 9.993E-05
9.993E-05 9.993E-05 9.993E-05 0.999201 9.993E-05 9.993E-05 9.993E-05 9.993E-05 9.993E-05
9.993E-05 9.993E-05 9.993E-05 9.993E-05 0.999201 9.993E-05 9.993E-05 9.993E-05 9.993E-05
9.993E-05 9.993E-05 9.993E-05 0.999201 9.993E-05 9.993E-05 9.993E-05 9.993E-05 9.993E-05
9.993E-05 9.993E-05 9.993E-05 0.999201 9.993E-05 9.993E-05 9.993E-05 9.993E-05 9.993E-05
9.993E-05 9.993E-05 9.993E-05 9.993E-05 0.999201 9.993E-05 9.993E-05 9.993E-05 9.993E-05
9.993E-05 9.993E-05 9.993E-05 9.993E-05 0.999201 9.993E-05 9.993E-05 9.993E-05 9.993E-05
9.993E-05 9.993E-05 9.993E-05 9.993E-05 0.999201 9.993E-05 9.993E-05 9.993E-05 9.993E-05
9.993E-05 9.993E-05 9.993E-05 0.999201 9.993E-05 9.993E-05 9.993E-05 9.993E-05 9.993E-05
9.993E-05 9.993E-05 9.993E-05 0.999201 9.993E-05 9.993E-05 9.993E-05 9.993E-05 9.993E-05
9.993E-05 9.993E-05 9.993E-05 0.999201 9.993E-05 9.993E-05 9.993E-05 9.993E-05 9.993E-05
9.993E-05 9.993E-05 9.993E-05 0.999201 9.993E-05 9.993E-05 9.993E-05 9.993E-05 9.993E-05
9.993E-05 9.993E-05 9.993E-05 0.999201 9.993E-05 9.993E-05 9.993E-05 9.993E-05 9.993E-05
9.993E-05 9.993E-05 9.993E-05 9.993E-05 0.999201 9.993E-05 9.993E-05 9.993E-05 9.993E-05
9.993E-05 9.993E-05 9.993E-05 9.993E-05 0.999201 9.993E-05 9.993E-05 9.993E-05 9.993E-05
9.993E-05 9.993E-05 9.993E-05 9.993E-05 0.999201 9.993E-05 9.993E-05 9.993E-05 9.993E-05
9.993E-05 9.993E-05 9.993E-05 0.999201 9.993E-05 9.993E-05 9.993E-05 9.993E-05 9.993E-05
9.993E-05 9.993E-05 9.993E-05 9.993E-05 0.999201 9.993E-05 9.993E-05 9.993E-05 9.993E-05
9.993E-05 9.993E-05 9.993E-05 9.993E-05 0.999201 9.993E-05 9.993E-05 9.993E-05 9.993E-05
9.993E-05 9.993E-05 9.993E-05 9.993E-05 0.999201 9.993E-05 9.993E-05 9.993E-05 9.993E-05
9.993E-05 9.993E-05 9.993E-05 9.993E-05 0.999201 9.993E-05 9.993E-05 9.993E-05 9.993E-05
9.993E-05 9.993E-05 9.993E-05 0.999201 9.993E-05 9.993E-05 9.993E-05 9.993E-05 9.993E-05
9.993E-05 9.993E-05 9.993E-05 9.993E-05 0.999201 9.993E-05 9.993E-05 9.993E-05 9.993E-05
9.993E-05 9.993E-05 9.993E-05 9.993E-05 0.999201 9.993E-05 9.993E-05 9.993E-05 9.993E-05
9.99648E-05 9.99648E-05 0.0782572 0.13003 0.15843 9.99648E-05 0.450603 0.18228 9.99648E-05
9.993E-05 9.993E-05 9.993E-05 0.999201 9.993E-05 9.993E-05 9.993E-05 9.993E-05 9.993E-05
9.993E-05 9.993E-05 9.993E-05 9.993E-05 0.999201 9.993E-05 9.993E-05 9.993E-05 9.993E-05
9.993E-05 9.993E-05 9.993E-05 9.993E-05 0.999201 9.993E-05 9.993E-05 9.993E-05 9.993E-05
9.993E-05 9.993E-05 9.993E-05 9.993E-05 0.999201 9.993E-05 9.993E-05 9.993E-05 9.993E-05
9.993E-05 9.993E-05 9.993E-05 9.993E-05 0.999201 9.993E-05 9.993E-05 9.993E-05 9.993E-05
9.993E-05 9.993E-05 9.993E-05 0.999201 9.993E-05 9.993E-05 9.993E-05 9.993E-05 9.993E-05
9.993E-05 9.993E-05 9.993E-05 9.993E-05 0.999201 9.993E-05 9.993E-05 9.993E-05 9.993E-05
9.993E-05 9.993E-05 9.993E-05 0.999201 9.993E-05 9.993E-05 9.993E-05 9.993E-05 9.993E-05
9.993E-05 9.993E-05 9.993E-05 9.993E-05 0.999201 9.993E-05 9.993E-05 9.993E-05 9.993E-05
9.993E-05 9.993E-05 9.993E-05 0.999201 9.993E-05 9.993E-05 9.993E-05 9.993E-05 9.993E-05
9.993E-05 9.993E-05 9.993E-05 9.993E-05 0.999201 9.993E-05 9.993E-05 9.993E-05 9.993E-05
9.993E-05 9.993E-05 9.993E-05 9.993E-05 0.999201 9.993E-05 9.993E-05 9.993E-05 9.993E-05
9.993E-05 9.993E-05 9.993E-05 9.993E-05 0.999201 9.993E-05 9.993E-05 9.993E-05 9.993E-05
9.993E-05 9.993E-05 9.993E-05 9.993E-05 0.999201 9.993E-05 9.993E-05 9.993E-05 9.993E-05
9.993E-05 9.993E-05 9.993E-05 9.993E-05 0.999201 9.993E-05 9.993E-05 9.993E-05 9.993E-05
9.993E-05 9.993E-05 9.993E-05 9.993E-05 0.999201 9.993E-05 9.993E-05 9.993E-05 9.993E-05
9.993E-05 9.993E-05 9.993E-05 0.999201 9.993E-05 9.993E-05 9.993E-05 9.993E-05 9.993E-05
9.993E-05 9.993E-05 9.993E-05 0.999201 9.993E-05 9.993E-05 9.993E-05 9.993E-05 9.993E-05
9.993E-05 9.993E-05 9.993E-05 0.999201 9.993E-05 9.993E-05 9.993E-05 9.993E-05 9.993E-05
9.993E-05 9.993E-05 9.993E-05 9.993E-05 0.999201 9.993E-05 9.993E-05 9.993E-05 9.993E-05
9.993E-05 9.993E-05 9.993E-05 0.999201 9.993E-05 9.993E-05 9.993E-05 9.993E-05 9.993E-05
9.993E-05 9.993E-05 9.993E-05 0.999201 9.993E-05 9.993E-05 9.993E-05 9.993E-05 9.993E-05
9.99384E-05 9.99384E-05 0.0452521 0.954048 9.99384E-05 9.99384E-05 9.99384E-05 9.99384E-05 9.99384E-05
9.993E-05 9.993E-05 9.993E-05 9.993E-05 0.999201 9.993E-05 9.993E-05 9.993E-05 9.993E-05
9.993E-05 9.993E-05 9.993E-05 9.993E-05 0.999201 9.993E-05 9.993E-05 9.993E-05 9.993E-05
9.993E-05 9.993E-05 9.993E-05 9.993E-05 0.999201 9.993E-05 9.993E-05 9.993E-05 9.993E-05
9.993E-05 9.993E-05 9.993E-05 0.999201 9.993E-05 9.993E-05 9.993E-05 9.993E-05 9.993E-05
9.993E-05 9.993E-05 9.993E-05 9.993E-05 0.999201 9.993E-05 9.993E-05 9.993E-05 9.993E-05
9.993E-05 9.993E-05 9.993E-05 9.993E-05 0.999201 9.993E-05 9.993E-05 9.993E-05 9.993E-05
9.993E-05 9.993E-05 9.993E-05 0.999201 9.993E-05 9.993E-05 9.993E-05 9.993E-05 9.993E-05
9.993E-05 9.993E-05 9.993E-05 9.993E-05 0.999201 9.993E-05 9.993E-05 9.993E-05 9.993E-05
9.993E-05 9.993E-05 9.993E-05 9.993E-05 0.999201 9.993E-05 9.993E-05 9.993E-05 9.993E-05
0.0908392 0.11743 0.0162209 0.390195 0.0987713 9.99824E-05 0.269248 0.0170959 9.99824E-05
9.993E-05 9.993E-05 9.993E-05 0.999201 9.993E-05 9.993E-05 9.993E-05 9.993E-05 9.993E-05
9.993E-05 9.993E-05 9.993E-05 9.993E-05 0.999201 9.993E-05 9.993E-05 9.993E-05 9.993E-05
0.0313694 9.99561E-05 9.99561E-05 9.99561E-05 0.384651 9.99561E-05 0.515265 0.0682152 9.99561E-05
9.99648E-05 9.99648E-05 0.0600306 0.0351727 0.286945 0.0722676 0.545184 9.99648E-05 9.99648E-05
9.9956E-05 9.9956E-05 0.0629087 0.351129 0.158262 9.9956E-05 0.4272 9.9956E-05 9.9956E-05
9.99648E-05 9.99648E-05 0.0598554 0.0671368 9.99648E-05 0.0212847 0.749342 0.101981 9.99648E-05
9.99472E-05 9.99472E-05 9.99472E-05 0.382415 0.266925 9.99472E-05 0.350061 9.99472E-05 9.99472E-05
9.99387E-05 9.99387E-05 9.99387E-05 9.99387E-05 0.0900752 9.99387E-05 0.909225 9.99387E-05 9.99387E-05
0.0602903 9.99648E-05 0.0765743 0.204499 0.328173 9.99648E-05 0.330063 9.99648E-05 9.99648E-05
0.0599354 0.0766115 0.0303941 0.0168272 0.168723 9.99736E-05 0.647209 9.99736E-05 9.99736E-05
9.99386E-05 9.99386E-05 9.99386E-05 9.99386E-05 0.179942 9.99386E-05 0.819358 9.99386E-05 9.99386E-05
9.99473E-05 9.99473E-05 0.0678686 9.99473E-05 9.99473E-05 0.107517 0.824015 9.99473E-05 9.99473E-05
0.073939 9.99561E-05 9.99561E-05 0.231129 0.0786622 9.99561E-05 0.61577 9.99561E-05 9.99561E-05
9.99473E-05 9.99473E-05 9.99473E-05 0.0259804 0.526828 9.99473E-05 0.446592 9.99473E-05 9.99473E-05
9.99737E-05 0.0555236 9.99737E-05 0.271479 0.262511 0.0271284 0.298146 0.0849123 9.99737E-05
9.99472E-05 0.119795 9.99472E-05 9.99472E-05 0.0531062 9.99472E-05 0.826499 9.99472E-05 9.99472E-05
0.0854065 9.9956E-05 9.9956E-05 0.154137 0.132904 9.9956E-05 0.627053 9.9956E-05 9.9956E-05
0.0565799 9.99649E-05 9.99649E-05 0.203352 0.287676 0.0538376 0.398155 9.99649E-05 9.99649E-05
9.99561E-05 9.99561E-05 0.0215282 0.0656549 0.0970443 9.99561E-05 0.815273 9.99561E-05 9.99561E-05
0.0915652 0.0347124 9.99736E-05 0.37193 0.0971878 9.99736E-05 0.311309 0.092995 9.99736E-05
0.0624562 9.99648E-05 0.110712 0.158455 0.126153 9.99648E-05 0.541825 9.99648E-05 9.99648E-05
9.9956E-05 9.9956E-05 9.9956E-05 0.141947 0.151994 0.0838747 0.621685 9.9956E-05 9.9956E-05
9.99648E-05 9.99648E-05 0.00185257 0.192314 0.113215 0.0691671 0.623051 9.99648E-05 9.99648E-05
9.99473E-05 9.99473E-05 9.99473E-05 9.99473E-05 0.223086 9.99473E-05 0.739217 0.037098 9.99473E-05
0.00497206 0.0206495 0.0546626 0.0108676 0.186413 9.99824E-05 0.60099 0.121245 9.99824E-05
0.0256985 0.0083011 9.99648E-05 0.037173 0.151301 9.99648E-05 0.777127 9.99648E-05 9.99648E-05
9.9956E-05 0.132536 0.0192154 9.9956E-05 0.0201059 9.9956E-05 0.827643 9.9956E-05 9.9956E-05
9.99387E-05 9.99387E-05 9.99387E-05 9.99387E-05 0.0560626 9.99387E-05 0.943238 9.99387E-05 9.99387E-05
9.9956E-05 9.9956E-05 9.9956E-05 0.122588 0.0825564 0.170954 0.623402 9.9956E-05 9.9956E-05
9.99648E-05 0.0576988 0.018415 0.25956 0.254168 9.99648E-05 0.409759 9.99648E-05 9.99648E-05
9.99648E-05 0.0771352 0.0597894 0.00132745 9.99648E-05 0.0537604 0.807588 9.99648E-05 9.99648E-05
9.99561E-05 0.0847967 0.133691 9.99561E-05 0.173229 9.99561E-05 0.607783 9.99561E-05 9.99561E-05
0.0180414 9.99648E-05 9.99648E-05 0.168544 0.393386 0.0726761 0.346953 9.99648E-05 9.99648E-05
0.0230311 9.99561E-05 9.99561E-05 0.165552 0.237741 9.99561E-05 0.573176 9.99561E-05 9.99561E-05
9.9956E-05 9.9956E-05 9.9956E-05 0.255768 0.213481 0.0381319 0.49212 9.9956E-05 9.9956E-05
0.0172272 0.135652 9.99736E-05 0.107891 0.187535 0.00988966 0.541505 9.99736E-05 9.99736E-05
0.101374 0.0649267 9.99648E-05 0.161735 0.100835 9.99648E-05 0.57073 9.99648E-05 9.99648E-05
9.99472E-05 9.99472E-05 9.99472E-05 0.199631 0.0422455 9.99472E-05 0.757524 9.99472E-05 9.99472E-05
9.993E-05 9.993E-05 9.993E-05 9.993E-05 9.993E-05 9.993E-05 0.999201 9.993E-05 9.993E-05
0.103148 0.00878079 9.99648E-05 0.35556 9.99648E-05 9.99648E-05 0.423485 0.108627 9.99648E-05
0.0788989 9.99648E-05 0.0404249 9.99648E-05 0.0124393 9.99648E-05 0.789422 0.0784147 9.99648E-05
9.9956E-05 9.9956E-05 9.9956E-05 0.0702046 0.203394 0.231469 0.494433 9.9956E-05 9.9956E-05
9.99736E-05 0.0144184 0.0163756 0.0989517 0.0677865 9.99736E-05 0.781405 0.0207634 9.99736E-05
9.99649E-05 9.99649E-05 0.0587435 0.0668842 0.0544236 0.0931959 0.726353 9.99649E-05 9.99649E-05
9.9956E-05 9.9956E-05 9.9956E-05 0.084152 0.267676 0.274266 0.373406 9.9956E-05 9.9956E-05
9.99561E-05 0.0247234 9.99561E-05 0.111863 0.505436 9.99561E-05 0.357477 9.99561E-05 9.99561E-05
9.9956E-05 0.0517973 9.9956E-05 0.383851 0.346916 9.9956E-05 0.216936 9.9956E-05 9.9956E-05
9.9956E-05 0.0880425 9.9956E-05 0.0261599 0.172342 9.9956E-05 0.712956 9.9956E-05 9.9956E-05
9.993E-05 9.993E-05 9.993E-05 9.993E-05 9.993E-05 9.993E-05 0.999201 9.993E-05 9.993E-05
0.0295335 9.9956E-05 0.0198513 9.9956E-05 0.219583 9.9956E-05 0.730533 9.9956E-05 9.9956E-05
9.99386E-05 9.99386E-05 9.99386E-05 9.99386E-05 0.00149731 9.99386E-05 0.997803 9.99386E-05 9.99386E-05
9.99736E-05 9.99736E-05 0.0113304 0.330592 0.156695 0.0518778 0.272112 0.177092 9.99736E-05
9.99386E-05 9.99386E-05 9.99386E-05 9.99386E-05 0.00102388 9.99386E-05 0.998277 9.99386E-05 9.99386E-05
0.0264799 9.99473E-05 9.99473E-05 0.339788 9.99473E-05 9.99473E-05 0.633132 9.99473E-05 9.99473E-05
0.0375376 9.99561E-05 9.99561E-05 0.46495 9.99561E-05 0.13119 0.365823 9.99561E-05 9.99561E-05
9.99473E-05 9.99473E-05 9.99473E-05 0.251942 0.186575 9.99473E-05 0.560883 9.99473E-05 9.99473E-05
9.99648E-05 9.99648E-05 0.0286307 9.99648E-05 0.0752664 0.22282 0.66496 0.00792256 9.99648E-05
9.99473E-05 9.99473E-05 0.0428338 9.99473E-05 0.288332 9.99473E-05 0.668234 9.99473E-05 9.99473E-05
0.0176334 9.99475E-05 9.99475E-05 0.193477 9.99475E-05 9.99475E-05 0.78829 9.99475E-05 9.99475E-05
0.0354319 9.99473E-05 9.99473E-05 9.99473E-05 0.143395 9.99473E-05 0.820574 9.99473E-05 9.99473E-05
9.99561E-05 9.99561E-05 0.0215533 0.0501721 0.213229 9.99561E-05 0.714546 9.99561E-05 9.99561E-05
9.99561E-05 0.0171277 9.99561E-05 0.271928 0.240365 9.99561E-05 0.470079 9.99561E-05 9.99561E-05
9.993E-05 9.993E-05 9.993E-05 9.993E-05 9.993E-05 9.993E-05 0.999201 9.993E-05 9.993E-05
9.99474E-05 9.99474E-05 9.99474E-05 9.99474E-05 0.0634533 9.99474E-05 0.927139 9.99474E-05 0.00880801
9.99562E-05 0.0428228 9.99562E-05 0.00660454 9.99562E-05 9.99562E-05 0.897245 9.99562E-05 0.052828
0.042137 9.99561E-05 9.99561E-05 0.179286 0.127958 9.99561E-05 0.650119 9.99561E-05 9.99561E-05
9.99472E-05 9.99472E-05 0.122855 9.99472E-05 0.172547 9.99472E-05 0.703999 9.99472E-05 9.99472E-05
9.99385E-05 9.99385E-05 9.99385E-05 9.99385E-05 0.288223 9.99385E-05 0.711078 9.99385E-05 9.99385E-05
9.99474E-05 9.99474E-05 9.99474E-05 0.0285192 0.0234606 9.99474E-05 0.947421 9.99474E-05 9.99474E-05
9.99473E-05 9.99473E-05 9.99473E-05 0.210214 0.234818 9.99473E-05 0.554368 9.99473E-05 9.99473E-05
0.122164 9.9956E-05 9.9956E-05 0.258392 0.0537326 9.9956E-05 0.565212 9.9956E-05 9.9956E-05
9.99387E-05 9.99387E-05 9.99387E-05 0.195974 9.99387E-05 9.99387E-05 0.803326 9.99387E-05 9.99387E-05
9.99561E-05 9.99561E-05 0.0518722 0.434879 0.0750115 9.99561E-05 0.437738 9.99561E-05 9.99561E-05
9.99474E-05 9.99474E-05 9.99474E-05 0.0655869 9.99474E-05 9.99474E-05 0.773809 9.99474E-05 0.160005
9.99472E-05 9.99472E-05 9.99472E-05 0.180096 0.29608 9.99472E-05 0.523225 9.99472E-05 9.99472E-05
9.99561E-05 0.0871472 9.99561E-05 0.0655812 9.99561E-05 9.99561E-05 0.718268 0.128504 9.99561E-05
9.99474E-05 9.99474E-05 9.99474E-05 0.141324 0.00946668 9.99474E-05 0.84861 9.99474E-05 9.99474E-05
9.99473E-05 9.99473E-05 9.99473E-05 0.166832 0.202101 9.99473E-05 0.630467 9.99473E-05 9.99473E-05
9.99387E-05 9.99387E-05 9.99387E-05 9.99387E-05 9.99387E-05 9.99387E-05 0.909378 9.99387E-05 0.0899221
0.00304294 0.00535666 9.99648E-05 0.106569 9.99648E-05 0.0374703 0.847161 9.99648E-05 9.99648E-05
9.99475E-05 9.99475E-05 9.99475E-05 0.0430386 0.0231197 9.99475E-05 0.933242 9.99475E-05 9.99475E-05
0.0202953 9.99561E-05 9.99561E-05 0.0426042 0.366542 9.99561E-05 0.570059 9.99561E-05 9.99561E-05
0.0753403 9.99649E-05 0.0302345 9.99649E-05 0.189798 0.0233711 0.680857 9.99649E-05 9.99649E-05
0.0274538 0.040125 0.0402026 9.99824E-05 0.189763 0.0286773 0.581507 0.0920721 9.99824E-05
9.99386E-05 9.99386E-05 9.99386E-05 0.00900081 9.99386E-05 9.99386E-05 0.9903 9.99386E-05 9.99386E-05
9.99386E-05 9.99386E-05 9.99386E-05 9.99386E-05 0.273945 9.99386E-05 0.725356 9.99386E-05 9.99386E-05
9.9956E-05 9.9956E-05 0.188095 0.0806934 0.181637 9.9956E-05 0.549075 9.9956E-05 9.9956E-05
9.99386E-05 9.99386E-05 9.99386E-05 0.107394 9.99386E-05 9.99386E-05 0.891906 9.99386E-05 9.99386E-05
9.9956E-05 0.154833 0.00731914 0.126269 9.9956E-05 9.9956E-05 0.71108 9.9956E-05 9.9956E-05
0.00106352 0.0555954 9.99648E-05 0.0580876 0.417876 9.99648E-05 0.466977 9.99648E-05 9.99648E-05
0.0188295 9.99736E-05 0.0750964 0.258032 0.0712839 9.99736E-05 0.565499 0.0109585 9.99736E-05
0.0351207 9.99736E-05 0.00226238 0.233472 0.19197 9.99736E-05 0.517315 0.01956 9.99736E-05
9.99562E-05 9.99562E-05 0.22373 0.201849 0.0776184 9.99562E-05 0.496303 9.99562E-05 9.99562E-05
9.9956E-05 0.0989564 9.9956E-05 0.509964 0.0556438 9.9956E-05 0.334936 9.9956E-05 9.9956E-05
9.99473E-05 9.99473E-05 9.99473E-05 0.276545 0.352997 9.99473E-05 0.369858 9.99473E-05 9.99473E-05
0.133094 9.99736E-05 0.107937 0.18673 0.0563479 9.99736E-05 0.505362 0.0102288 9.99736E-05
9.99386E-05 9.99386E-05 9.99386E-05 9.99386E-05 0.247204 9.99386E-05 0.752096 9.99386E-05 9.99386E-05
9.99562E-05 0.0398611 9.99562E-05 0.109127 0.00530033 9.99562E-05 0.845212 9.99562E-05 9.99562E-05
9.99473E-05 9.99473E-05 9.99473E-05 9.99473E-05 0.32734 0.178234 0.493826 9.99473E-05 9.99473E-05
0.0758711 9.99648E-05 9.99648E-05 0.339958 0.0150572 0.0487303 0.519984 9.99648E-05 9.99648E-05
0.0174736 9.99473E-05 9.99473E-05 0.377693 9.99473E-05 9.99473E-05 0.604234 9.99473E-05 9.99473E-05
9.99649E-05 9.99649E-05 0.0172172 0.506003 0.0987588 0.0932486 0.284373 9.99649E-05 9.99649E-05
0.0661005 0.0861129 0.0717074 9.99824E-05 0.218399 0.0451865 0.444935 0.0673588 9.99824E-05
9.99472E-05 9.99472E-05 9.99472E-05 0.399677 0.0538489 9.99472E-05 0.545874 9.99472E-05 9.99472E-05
0.0116568 0.122415 0.140048 0.184608 0.0969571 9.99736E-05 0.444016 9.99736E-05 9.99736E-05
9.99562E-05 9.99562E-05 9.99562E-05 0.0245921 0.163568 9.99562E-05 0.770852 9.99562E-05 0.0404884
9.99562E-05 9.99562E-05 9.99562E-05 0.10946 0.118856 9.99562E-05 0.721785 9.99562E-05 0.0493999
9.99562E-05 9.99562E-05 0.029651 0.193594 0.194066 9.99562E-05 0.582189 9.99562E-05 9.99562E-05
9.9956E-05 0.19659 9.9956E-05 0.406512 9.9956E-05 9.9956E-05 0.347385 0.0490127 9.9956E-05
9.99387E-05 9.99387E-05 9.99387E-05 9.99387E-05 0.0518318 9.99387E-05 0.947469 9.99387E-05 9.99387E-05
9.99387E-05 9.99387E-05 9.99387E-05 9.99387E-05 0.027072 9.99387E-05 0.972228 9.99387E-05 9.99387E-05
9.99561E-05 0.0343538 0.0791576 9.99561E-05 0.0779435 9.99561E-05 0.808045 9.99561E-05 9.99561E-05
9.99561E-05 0.0218935 9.99561E-05 0.0434805 0.0347226 9.99561E-05 0.899404 9.99561E-05 9.99561E-05
9.99473E-05 9.99473E-05 9.99473E-05 0.0519105 9.99473E-05 0.0291252 0.918365 9.99473E-05 9.99473E-05
9.9956E-05 9.9956E-05 9.9956E-05 0.251916 0.107223 0.000480241 0.639881 9.9956E-05 9.9956E-05
9.99561E-05 9.99561E-05 9.99561E-05 0.14108 0.0659885 0.119446 0.672986 9.99561E-05 9.99561E-05
0.0579721 9.99561E-05 0.125152 0.461766 9.99561E-05 9.99561E-05 0.35461 9.99561E-05 9.99561E-05
9.99385E-05 9.99385E-05 9.99385E-05 9.99385E-05 0.352057 9.99385E-05 0.647244 9.99385E-05 9.99385E-05
9.9956E-05 9.9956E-05 9.9956E-05 0.177928 0.155385 0.0408574 0.62533 9.9956E-05 9.9956E-05
0.0400043 0.0690678 0.0428819 0.246327 9.99649E-05 9.99649E-05 0.601319 9.99649E-05 9.99649E-05
0.037619 9.99473E-05 0.0573417 9.99473E-05 9.99473E-05 9.99473E-05 0.90444 9.99473E-05 9.99473E-05
0.0269534 9.99648E-05 0.0952091 0.489416 9.99648E-05 9.99648E-05 0.347807 0.0402144 9.99648E-05
0.0210447 0.154393 9.99648E-05 0.0607075 9.99648E-05 0.115484 0.647971 9.99648E-05 9.99648E-05
0.137613 9.99648E-05 0.0359089 0.07343 0.234649 9.99648E-05 0.517998 9.99648E-05 9.99648E-05
9.99561E-05 9.99561E-05 9.99561E-05 0.471756 0.0787359 0.018733 0.430276 9.99561E-05 9.99561E-05
0.0290876 9.99649E-05 9.99649E-05 0.0582955 0.166657 0.1806 0.564961 9.99649E-05 9.99649E-05
9.99474E-05 9.99474E-05 9.99474E-05 0.171519 0.132402 9.99474E-05 0.69548 9.99474E-05 9.99474E-05
0.100301 0.0584385 9.99648E-05 0.142846 0.166906 9.99648E-05 0.53111 9.99648E-05 9.99648E-05
9.99561E-05 0.00497231 0.0334206 0.0835763 9.99561E-05 9.99561E-05 0.877531 9.99561E-05 9.99561E-05
9.99562E-05 9.99562E-05 9.99562E-05 0.0435883 0.0996089 9.99562E-05 0.814845 9.99562E-05 0.0414577
0.103086 9.99648E-05 9.99648E-05 0.147335 0.203685 9.99648E-05 0.498051 0.0474429 9.99648E-05
0.00766556 9.99736E-05 0.0403893 0.372798 0.093829 9.99736E-05 0.478477 0.00654133 9.99736E-05
0.0584889 9.99649E-05 9.99649E-05 0.558412 0.169214 0.211516 0.00197004 9.99649E-05 9.99649E-05
0.0210418 9.99561E-05 9.99561E-05 0.757854 0.024343 0.196261 9.99561E-05 9.99561E-05 9.99561E-05
0.0337401 9.99561E-05 9.99561E-05 0.591186 0.191839 0.182735 9.99561E-05 9.99561E-05 9.99561E-05
0.0919773 9.99562E-05 9.99562E-05 0.586796 9.99562E-05 9.99562E-05 0.208883 0.111844 9.99562E-05
0.0688719 0.112686 0.0142087 0.366872 0.0665186 0.0238054 0.144493 0.183713 0.0188312
9.9965E-05 9.9965E-05 9.9965E-05 0.622976 0.0500113 0.046747 0.059492 9.9965E-05 0.220373
0.061784 9.99649E-05 9.99649E-05 0.74607 0.135287 0.0055319 0.0509276 9.99649E-05 9.99649E-05
0.0653901 9.9965E-05 9.9965E-05 0.592687 0.121698 9.9965E-05 0.0770121 0.142812 9.9965E-05
0.0559601 0.0846689 9.99737E-05 0.329654 9.99737E-05 9.99737E-05 0.290105 0.0762959 0.163016
0.00906981 9.99561E-05 9.99561E-05 0.698045 0.152395 0.13999 9.99561E-05 9.99561E-05 9.99561E-05
0.143089 0.0362999 0.0272348 0.511814 0.0980765 0.134198 0.0490878 9.99824E-05 9.99824E-05
9.99562E-05 9.99562E-05 0.123584 0.781979 9.99562E-05 9.99562E-05 0.0056924 9.99562E-05 0.0882445
0.00603634 9.99649E-05 9.99649E-05 0.606229 0.161104 9.99649E-05 0.0715578 0.154673 9.99649E-05
9.99562E-05 9.99562E-05 9.99562E-05 0.562684 9.99562E-05 0.126906 0.0804356 9.99562E-05 0.229475
0.117962 9.99649E-05 9.99649E-05 0.506944 0.0641204 0.117257 0.193317 9.99649E-05 9.99649E-05
0.0449735 9.99561E-05 9.99561E-05 0.515032 0.13785 0.301645 9.99561E-05 9.99561E-05 9.99561E-05
0.154436 9.99737E-05 9.99737E-05 0.727386 0.0496139 0.0116513 0.0557337 9.99737E-05 0.000878396
0.00627383 9.99737E-05 0.00396309 0.662892 9.99737E-05 0.131614 9.99737E-05 0.0987782 0.0961789
0.192683 9.99561E-05 9.99561E-05 0.613183 0.058181 9.99561E-05 9.99561E-05 0.135454 9.99561E-05
9.99474E-05 9.99474E-05 9.99474E-05 0.684259 0.125198 0.189944 9.99474E-05 9.99474E-05 9.99474E-05
0.11962 9.99562E-05 9.99562E-05 0.733659 0.0998122 9.99562E-05 9.99562E-05 9.99562E-05 0.0464097
0.0315159 9.99737E-05 9.99737E-05 0.518692 0.0620817 0.143979 0.140454 9.99737E-05 0.102977
0.0907073 0.0248857 0.0137189 0.780688 9.99737E-05 0.0533645 9.99737E-05 9.99737E-05 0.036336
9.99561E-05 0.103931 9.99561E-05 0.517782 0.276216 0.101571 9.99561E-05 9.99561E-05 9.99561E-05
9.99473E-05 0.00301196 9.99473E-05 0.797347 0.199042 9.99473E-05 9.99473E-05 9.99473E-05 9.99473E-05
9.99385E-05 9.99385E-05 9.99385E-05 0.729566 0.269734 9.99385E-05 9.99385E-05 9.99385E-05 9.99385E-05
9.99385E-05 9.99385E-05 9.99385E-05 0.816906 0.182395 9.99385E-05 9.99385E-05 9.99385E-05 9.99385E-05
9.99386E-05 9.99386E-05 9.99386E-05 0.91993 0.0793708 9.99386E-05 9.99386E-05 9.99386E-05 9.99386E-05
9.99386E-05 9.99386E-05 9.99386E-05 0.755487 0.243813 9.99386E-05 9.99386E-05 9.99386E-05 9.99386E-05
0.0119058 0.0502646 9.99561E-05 0.742647 0.194683 9.99561E-05 9.99561E-05 9.99561E-05 9.99561E-05
0.0285264 9.99562E-05 9.99562E-05 0.8327 0.135225 9.99562E-05 0.00304876 9.99562E-05 9.99562E-05
9.99561E-05 0.00642305 9.99561E-05 0.727744 0.191333 9.99561E-05 0.0740006 9.99561E-05 9.99561E-05
9.99385E-05 9.99385E-05 9.99385E-05 0.606967 0.392334 9.99385E-05 9.99385E-05 9.99385E-05 9.99385E-05
9.99473E-05 0.0428443 9.99473E-05 0.849501 0.107055 9.99473E-05 9.99473E-05 9.99473E-05 9.99473E-05
9.99386E-05 9.99386E-05 9.99386E-05 0.816662 0.182638 9.99386E-05 9.99386E-05 9.99386E-05 9.99386E-05
0.0619272 9.99472E-05 9.99472E-05 0.62973 0.307743 9.99472E-05 9.99472E-05 9.99472E-05 9.99472E-05
9.99474E-05 9.99474E-05 9.99474E-05 0.657568 0.241389 9.99474E-05 0.100443 9.99474E-05 9.99474E-05
9.99387E-05 9.99387E-05 9.99387E-05 0.877039 0.122262 9.99387E-05 9.99387E-05 9.99387E-05 9.99387E-05
9.99561E-05 9.99561E-05 9.99561E-05 0.635278 0.216839 0.0777591 0.0696236 9.99561E-05 9.99561E-05
9.99561E-05 0.0263832 9.99561E-05 0.699507 0.165685 9.99561E-05 0.107925 9.99561E-05 9.99561E-05
9.99386E-05 9.99386E-05 9.99386E-05 0.786319 0.212981 9.99386E-05 9.99386E-05 9.99386E-05 9.99386E-05
9.99385E-05 9.99385E-05 9.99385E-05 0.730378 0.268922 9.99385E-05 9.99385E-05 9.99385E-05 9.99385E-05
0.0382904 0.0137504 9.99562E-05 0.86834 0.0791192 9.99562E-05 9.99562E-05 9.99562E-05 9.99562E-05
0.00439934 9.99473E-05 9.99473E-05 0.632209 0.362792 9.99473E-05 9.99473E-05 9.99473E-05 9.99473E-05
9.99387E-05 9.99387E-05 9.99387E-05 0.924293 0.0750072 9.99387E-05 9.99387E-05 9.99387E-05 9.99387E-05
9.99385E-05 9.99385E-05 9.99385E-05 0.694211 0.305089 9.99385E-05 9.99385E-05 9.99385E-05 9.99385E-05
9.99474E-05 9.99474E-05 0.0317815 0.045927 9.99474E-05 9.99474E-05 0.921692 9.99474E-05 9.99474E-05
9.99387E-05 9.99387E-05 9.99387E-05 0.877428 0.121872 9.99387E-05 9.99387E-05 9.99387E-05 9.99387E-05
9.99386E-05 9.99386E-05 9.99386E-05 0.810039 0.189262 9.99386E-05 9.99386E-05 9.99386E-05 9.99386E-05
0.0880278 9.9956E-05 9.9956E-05 0.832644 0.0631059 9.9956E-05 9.9956E-05 0.0157223 9.9956E-05
9.99386E-05 9.99386E-05 9.99386E-05 0.874674 0.124627 9.99386E-05 9.99386E-05 9.99386E-05 9.99386E-05
9.99385E-05 9.99385E-05 9.99385E-05 0.672261 0.327039 9.99385E-05 9.99385E-05 9.99385E-05 9.99385E-05
9.99387E-05 9.99387E-05 9.99387E-05 0.864598 0.134703 9.99387E-05 9.99387E-05 9.99387E-05 9.99387E-05
0.0378658 9.99474E-05 9.99474E-05 0.781919 0.179615 9.99474E-05 9.99474E-05 9.99474E-05 9.99474E-05
9.99385E-05 9.99385E-05 9.99385E-05 0.951374 0.0479264 9.99385E-05 9.99385E-05 9.99385E-05 9.99385E-05
9.99474E-05 0.00129208 9.99474E-05 0.831218 0.166891 9.99474E-05 9.99474E-05 9.99474E-05 9.99474E-05
9.99385E-05 9.99385E-05 9.99385E-05 0.765496 0.233804 9.99385E-05 9.99385E-05 9.99385E-05 9.99385E-05
9.99385E-05 9.99385E-05 9.99385E-05 0.730632 0.268669 9.99385E-05 9.99385E-05 9.99385E-05 9.99385E-05
9.99386E-05 9.99386E-05 9.99386E-05 0.862873 0.136427 9.99386E-05 9.99386E-05 9.99386E-05 9.99386E-05
