0.189125 0.453073 9.996E-05 0.0283239 9.996E-05 0.133944 0.161745 9.996E-05 0.0333896 9.996E-05
0.154994 0.754063 9.99561E-05 0.0160662 9.99561E-05 0.0236728 0.0507039 9.99561E-05 9.99561E-05 9.99561E-05
9.99561E-05 0.870673 9.99561E-05 0.0794978 9.99561E-05 9.99561E-05 0.0194911 9.99561E-05 0.00399434 0.025844
9.99737E-05 0.264014 9.99737E-05 0.0577887 0.0895377 0.160681 0.0846382 0.328714 0.0143267 9.99737E-05
9.99385E-05 0.765398 9.99385E-05 9.99385E-05 0.0248717 9.99385E-05 9.99385E-05 0.209031 9.99385E-05 9.99385E-05
0.200277 0.2704 9.99561E-05 9.99561E-05 0.142861 0.0180998 9.99561E-05 0.367863 9.99561E-05 9.99561E-05
0.166156 0.262413 9.99649E-05 9.99649E-05 9.99649E-05 0.114217 0.144721 0.210696 9.99649E-05 0.101397
0.0254864 0.220462 9.99649E-05 9.99649E-05 0.202339 0.111913 9.99649E-05 0.335594 9.99649E-05 0.103805
0.00437763 0.215033 9.99649E-05 0.0517871 0.263724 9.99649E-05 0.336537 0.128141 9.99649E-05 9.99649E-05
9.99473E-05 0.86868 9.99473E-05 0.0261223 9.99473E-05 9.99473E-05 0.0995698 9.99473E-05 0.00502853 9.99473E-05
9.99473E-05 0.467068 9.99473E-05 9.99473E-05 0.0902726 0.172075 0.269985 9.99473E-05 9.99473E-05 9.99473E-05
9.99649E-05 0.783812 9.99649E-05 9.99649E-05 0.0093598 0.0168421 0.0623788 0.111163 9.99649E-05 0.0160437
9.99473E-05 0.762222 9.99473E-05 9.99473E-05 0.0478807 9.99473E-05 0.14513 0.0441681 9.99473E-05 9.99473E-05
9.99561E-05 0.565277 0.0997496 9.99561E-05 9.99561E-05 0.131796 0.103856 9.99561E-05 9.99561E-05 0.0988223
0.0330632 0.385177 0.0516309 0.0269074 0.174411 9.99737E-05 0.21288 0.115631 9.99737E-05 9.99737E-05
9.99648E-05 0.307073 9.99648E-05 9.99648E-05 0.123993 0.0193458 0.232806 0.189925 9.99648E-05 0.126456
0.0993714 0.563007 0.0639533 9.99736E-05 9.99736E-05 0.0757291 0.111336 0.042767 9.99736E-05 0.0435363
9.99649E-05 0.268632 9.99649E-05 0.156933 0.0705142 0.00427812 0.255934 9.99649E-05 0.243309 9.99649E-05
9.99648E-05 0.392202 9.99648E-05 9.99648E-05 0.152384 0.0842904 0.255696 0.108243 0.00678379 9.99648E-05
9.99298E-05 0.908812 9.99298E-05 0.0903886 9.99298E-05 9.99298E-05 9.99298E-05 9.99298E-05 9.99298E-05 9.99298E-05
9.997E-05 0.439638 9.997E-05 0.0639713 0.145218 0.0127803 0.0244192 0.235481 0.0781928 9.997E-05
0.0134098 0.30803 9.99561E-05 9.99561E-05 0.26244 9.99561E-05 0.00322465 0.412396 9.99561E-05 9.99561E-05
0.104844 0.605056 9.99561E-05 0.00131366 9.99561E-05 0.0854409 0.202846 9.99561E-05 9.99561E-05 9.99561E-05
9.99473E-05 0.418655 9.99473E-05 9.99473E-05 9.99473E-05 9.99473E-05 0.444838 0.00626443 9.99473E-05 0.129642
9.996E-05 0.231214 9.996E-05 0.0804292 0.105735 9.996E-05 0.411829 0.113635 9.996E-05 0.0567584
9.99385E-05 0.703672 9.99385E-05 9.99385E-05 9.99385E-05 9.99385E-05 0.166165 0.129463 9.99385E-05 9.99385E-05
0.00086136 0.0940621 0.185171 9.99912E-05 0.0191101 0.0163037 0.240308 0.249036 0.129926 0.0651218
9.99473E-05 0.740326 9.99473E-05 9.99473E-05 9.99473E-05 0.0209303 0.0847846 0.153359 9.99473E-05 9.99473E-05
9.99473E-05 0.641014 9.99473E-05 0.0337801 9.99473E-05 0.0135899 0.311017 9.99473E-05 9.99473E-05 9.99473E-05
9.99561E-05 0.718762 0.0732108 9.99561E-05 0.0464992 9.99561E-05 0.141992 9.99561E-05 9.99561E-05 0.0190361
9.99561E-05 0.584781 9.99561E-05 9.99561E-05 0.142564 0.17026 0.0323422 9.99561E-05 0.069553 9.99561E-05
9.996E-05 0.488116 0.134965 0.0101722 9.996E-05 0.145364 0.104872 0.11611 9.996E-05 9.996E-05
9.99473E-05 0.553183 9.99473E-05 9.99473E-05 9.99473E-05 0.155275 0.251406 9.99473E-05 9.99473E-05 0.0395365
9.99736E-05 0.492626 0.15891 9.99736E-05 9.99736E-05 0.0318888 0.197339 0.0508416 0.0260135 0.0420815
0.00223778 0.750064 9.99649E-05 0.0661772 0.039679 0.0539669 0.0874749 9.99649E-05 9.99649E-05 9.99649E-05
0.0580959 0.648564 9.99824E-05 0.0220941 0.0516685 0.0328417 0.0921042 0.083764 0.010668 9.99824E-05
0.0396319 0.853315 9.99473E-05 9.99473E-05 9.99473E-05 0.0177016 9.99473E-05 9.99473E-05 9.99473E-05 0.0887515
9.99474E-05 0.560853 9.99474E-05 0.0993609 0.147313 9.99474E-05 0.191873 9.99474E-05 9.99474E-05 9.99474E-05
9.99561E-05 0.517745 0.10206 0.0771773 9.99561E-05 9.99561E-05 0.272671 0.0298468 9.99561E-05 9.99561E-05
9.99561E-05 0.469325 0.141422 9.99561E-05 9.99561E-05 0.0218032 0.197636 9.99561E-05 9.99561E-05 0.169314
9.99474E-05 0.721538 9.99474E-05 9.99474E-05 9.99474E-05 0.0755695 0.192182 0.0101108 9.99474E-05 9.99474E-05
0.0428209 0.61728 9.99561E-05 9.99561E-05 0.0698506 9.99561E-05 0.178855 0.0906943 9.99561E-05 9.99561E-05
0.082388 0.791111 0.0321219 9.99561E-05 9.99561E-05 9.99561E-05 9.99561E-05 0.0141904 9.99561E-05 0.0796892
0.0059053 0.433538 9.99649E-05 9.99649E-05 0.150872 0.0952662 0.313328 9.99649E-05 0.000691421 9.99649E-05
9.99473E-05 0.307138 9.99473E-05 9.99473E-05 9.99473E-05 0.0132527 0.285729 0.39328 9.99473E-05 9.99473E-05
9.99473E-05 0.738958 9.99473E-05 0.0686242 9.99473E-05 9.99473E-05 0.104068 0.0877501 9.99473E-05 9.99473E-05
9.99561E-05 0.773641 9.99561E-05 9.99561E-05 0.0439864 0.0570775 0.0512343 9.99561E-05 0.0735608 9.99561E-05
9.99473E-05 0.919889 9.99473E-05 0.014655 9.99473E-05 9.99473E-05 0.0190905 9.99473E-05 9.99473E-05 0.0457657
9.99649E-05 0.598878 0.00332185 9.99649E-05 9.99649E-05 0.0391136 0.267369 0.051649 9.99649E-05 0.0392681
9.99737E-05 0.705732 9.99737E-05 9.99737E-05 0.0358965 0.0288846 0.0456585 0.0348163 0.0182896 0.130422
9.99649E-05 0.293446 0.0537627 9.99649E-05 0.0750319 0.139503 0.318352 0.119505 9.99649E-05 9.99649E-05
9.99561E-05 0.611117 9.99561E-05 0.0766538 0.0864583 9.99561E-05 9.99561E-05 0.215583 9.99561E-05 0.00968754
9.99473E-05 0.894296 9.99473E-05 9.99473E-05 0.0111958 9.99473E-05 0.0736224 9.99473E-05 0.0202857 9.99473E-05
9.99824E-05 0.563302 0.00837713 0.0284556 0.0416697 9.99824E-05 0.0878824 0.0284924 0.00136076 0.24026
9.994E-05 0.739736 9.994E-05 0.0507835 9.994E-05 9.994E-05 0.134816 0.0740651 9.994E-05 9.994E-05
9.99649E-05 0.706527 0.0748501 0.0949401 9.99649E-05 0.0548396 9.99649E-05 0.052501 9.99649E-05 0.015942
9.99473E-05 0.631127 9.99473E-05 9.99473E-05 9.99473E-05 0.0890247 0.15291 0.126339 9.99473E-05 9.99473E-05
9.99473E-05 0.751372 9.99473E-05 9.99473E-05 9.99473E-05 0.0920354 0.0686393 0.0873538 9.99473E-05 9.99473E-05
9.9956E-05 0.774966 9.9956E-05 9.9956E-05 0.0275612 0.00650507 0.109012 0.0814558 9.9956E-05 9.9956E-05
0.322738 0.0383085 9.99825E-05 0.0101126 0.033459 0.0790461 0.328309 0.0195597 0.168267 9.99825E-05
0.336566 0.299535 9.99562E-05 9.99562E-05 9.99562E-05 9.99562E-05 0.0753394 9.99562E-05 0.049682 0.238378
0.34493 0.246073 9.99649E-05 9.99649E-05 9.99649E-05 0.0992752 0.0651232 9.99649E-05 0.154374 0.0898241
0.434972 9.99737E-05 0.13923 0.0433636 0.151508 9.99737E-05 0.088429 9.99737E-05 0.132188 0.0100092
0.17514 0.0573049 9.99912E-05 0.0171266 0.107889 0.0302062 0.286685 0.184652 0.0823299 0.058566
0.203309 9.99649E-05 9.99649E-05 9.99649E-05 0.0989639 0.0858006 0.515223 9.99649E-05 0.0932114 0.00309197
0.562115 9.99473E-05 9.99473E-05 9.99473E-05 9.99473E-05 0.11069 0.309698 9.99473E-05 0.0168979 9.99473E-05
0.293784 9.99561E-05 9.99561E-05 9.99561E-05 0.0594844 0.0154399 0.28913 9.99561E-05 0.341662 9.99561E-05
0.437386 0.214297 0.0101559 9.99649E-05 9.99649E-05 9.99649E-05 0.193996 9.99649E-05 0.0797633 0.064002
0.266855 0.294156 9.99649E-05 9.99649E-05 0.0436636 0.178006 0.204218 9.99649E-05 0.012702 9.99649E-05
0.103529 9.99649E-05 9.99649E-05 0.0425302 0.0931903 0.214402 0.513854 9.99649E-05 0.0320946 9.99649E-05
0.269986 9.99561E-05 9.99561E-05 9.99561E-05 9.99561E-05 0.0789531 0.266051 0.183971 9.99561E-05 0.20054
0.200621 9.99824E-05 0.0604525 9.99824E-05 0.165969 0.211185 0.0805486 0.0731701 0.024407 0.183446
0.339023 9.99561E-05 9.99561E-05 9.99561E-05 0.0477621 9.99561E-05 0.421147 0.0978898 9.99561E-05 0.0936782
0.309944 0.214982 0.0421976 9.9965E-05 9.9965E-05 0.0864223 0.168432 9.9965E-05 9.9965E-05 0.177622
0.307713 0.203577 0.0102416 9.99825E-05 0.0491703 0.110569 0.259729 0.0167323 0.0420675 9.99825E-05
0.29188 9.99561E-05 9.99561E-05 9.99561E-05 9.99561E-05 9.99561E-05 0.271603 0.198144 0.155682 0.0821904
0.138856 0.101998 9.99825E-05 9.99825E-05 0.138571 0.257723 0.152196 0.038495 0.120806 0.0511546
0.225858 0.176823 9.99737E-05 9.99737E-05 0.0621356 0.0549967 0.275725 0.00152426 0.202637 9.99737E-05
0.268296 9.99561E-05 9.99561E-05 9.99561E-05 9.99561E-05 0.0700619 0.476598 9.99561E-05 0.0229013 0.161643
0.361934 0.31741 9.99562E-05 9.99562E-05 9.99562E-05 0.0224661 0.18802 9.99562E-05 9.99562E-05 0.10967
0.30794 0.0625759 9.99649E-05 0.00227142 9.99649E-05 9.99649E-05 0.349236 0.0898933 9.99649E-05 0.187684
0.246009 0.242281 0.15999 9.99825E-05 0.0225969 0.0866641 0.147427 9.99825E-05 0.049537 0.0452954
0.148763 0.170348 9.99912E-05 0.0244972 0.089664 0.0928614 0.115945 0.155454 0.0994033 0.102963
0.00218551 0.238061 9.99649E-05 9.99649E-05 0.0933256 0.28099 0.271773 0.113265 9.99649E-05 9.99649E-05
0.330576 0.308131 9.996E-05 0.020955 0.088593 0.0877869 0.163558 9.996E-05 9.996E-05 9.996E-05
0.361072 0.335233 9.99562E-05 9.99562E-05 9.99562E-05 9.99562E-05 0.153614 9.99562E-05 0.106402 0.0431794
0.417658 0.204863 9.9965E-05 0.00339385 9.9965E-05 9.9965E-05 0.251001 9.9965E-05 0.0214801 0.101204
0.0912375 0.250269 9.99649E-05 9.99649E-05 0.0834656 9.99649E-05 0.2805 0.0547741 0.239354 9.99649E-05
0.26991 0.247384 0.108899 0.0112345 0.0421876 9.997E-05 0.246536 9.997E-05 9.997E-05 0.0735487
9.99473E-05 9.99473E-05 0.60291 9.99473E-05 0.143474 9.99473E-05 0.242377 0.0106392 9.99473E-05 9.99473E-05
9.99387E-05 9.99387E-05 0.917 9.99387E-05 0.0312431 9.99387E-05 0.051057 9.99387E-05 9.99387E-05 9.99387E-05
9.9956E-05 9.9956E-05 0.638783 9.9956E-05 9.9956E-05 0.0764353 0.220748 0.0216998 0.0418341 9.9956E-05
9.99648E-05 9.99648E-05 0.499322 0.0044874 0.118942 0.0474653 0.303323 9.99648E-05 0.0260603 9.99648E-05
9.99736E-05 9.99736E-05 0.568604 0.0815827 0.186065 0.0149016 0.0928997 9.99736E-05 0.0523521 0.00329429
0.00668772 9.99473E-05 0.538979 9.99473E-05 0.206003 9.99473E-05 0.247731 9.99473E-05 9.99473E-05 9.99473E-05
9.997E-05 9.997E-05 0.50882 9.997E-05 0.116979 0.0354763 0.215626 0.0353762 0.0166872 0.0707361
9.99648E-05 9.99648E-05 0.471988 0.0392134 0.316826 0.013733 0.123807 9.99648E-05 0.0340329 9.99648E-05
0.194468 9.9956E-05 0.175702 9.9956E-05 0.377519 0.100693 0.151118 9.9956E-05 9.9956E-05 9.9956E-05
9.99385E-05 9.99385E-05 0.352537 9.99385E-05 0.268486 9.99385E-05 0.378277 9.99385E-05 9.99385E-05 9.99385E-05
0.298443 9.99386E-05 0.656097 9.99386E-05 9.99386E-05 0.0447602 9.99386E-05 9.99386E-05 9.99386E-05 9.99386E-05
0.128562 9.99473E-05 0.699772 9.99473E-05 9.99473E-05 0.0482772 0.12279 9.99473E-05 9.99473E-05 9.99473E-05
9.99473E-05 9.99473E-05 0.848991 9.99473E-05 0.119666 9.99473E-05 9.99473E-05 9.99473E-05 0.017775 0.0129684
0.0321102 9.99561E-05 0.488252 9.99561E-05 0.170403 0.0325219 0.276213 9.99561E-05 9.99561E-05 9.99561E-05
9.99561E-05 9.99561E-05 0.62195 0.153961 0.121418 0.0064571 9.99561E-05 9.99561E-05 0.0957133 9.99561E-05
9.99648E-05 9.99648E-05 0.494399 0.0344187 0.0966046 0.0370979 0.252595 9.99648E-05 9.99648E-05 0.084485
0.17619 9.9956E-05 0.517646 0.0554962 0.0648994 9.9956E-05 0.185268 9.9956E-05 9.9956E-05 9.9956E-05
9.99561E-05 9.99561E-05 0.634941 9.99561E-05 0.20024 0.0482818 9.99561E-05 0.0618405 9.99561E-05 0.0541969
9.99473E-05 9.99473E-05 0.819232 9.99473E-05 0.0827774 0.0798478 9.99473E-05 0.0175433 9.99473E-05 9.99473E-05
9.99561E-05 9.99561E-05 0.512206 0.133186 0.158912 0.0300012 0.165195 9.99561E-05 9.99561E-05 9.99561E-05
0.159208 9.996E-05 0.569656 9.996E-05 0.0744289 9.996E-05 0.133876 0.0349939 0.0274376 9.996E-05
9.9956E-05 9.9956E-05 0.685741 9.9956E-05 0.0992037 0.0758105 0.0820882 9.9956E-05 0.0566572 9.9956E-05
0.0410874 9.99561E-05 0.263836 0.105895 0.295504 9.99561E-05 0.293177 9.99561E-05 9.99561E-05 9.99561E-05
9.99385E-05 9.99385E-05 0.649383 9.99385E-05 0.265112 0.0848062 9.99385E-05 9.99385E-05 9.99385E-05 9.99385E-05
0.0257667 9.99561E-05 0.276445 0.105739 0.295992 9.99561E-05 0.295557 9.99561E-05 9.99561E-05 9.99561E-05
0.181101 9.997E-05 0.462176 9.997E-05 0.164504 0.023143 0.156994 9.997E-05 0.00455164 0.00723017
9.99474E-05 0.0121132 0.829288 0.101073 9.99474E-05 9.99474E-05 0.0569264 9.99474E-05 9.99474E-05 9.99474E-05
9.9956E-05 9.9956E-05 0.459737 0.0316939 0.162562 9.9956E-05 0.292785 0.0527221 9.9956E-05 9.9956E-05
0.000611257 9.99561E-05 0.366655 0.0158493 0.379175 9.99561E-05 0.23721 9.99561E-05 9.99561E-05 9.99561E-05
9.99561E-05 9.99561E-05 0.650392 0.0773947 0.00786864 0.0507954 0.21305 9.99561E-05 9.99561E-05 9.99561E-05
9.99561E-05 9.99561E-05 0.504586 9.99561E-05 0.101649 0.080927 0.304242 9.99561E-05 9.99561E-05 0.00809564
9.996E-05 9.996E-05 0.738238 0.0563411 0.00235173 0.0408284 0.127161 9.996E-05 9.996E-05 0.0346799
9.99561E-05 9.99561E-05 0.186574 0.252246 0.344035 0.0386388 0.178006 9.99561E-05 9.99561E-05 9.99561E-05
9.996E-05 9.996E-05 0.540408 0.040035 0.141736 0.0627583 0.182761 0.0319015 9.996E-05 9.996E-05
9.99385E-05 9.99385E-05 0.725494 9.99385E-05 0.0409338 9.99385E-05 0.232873 9.99385E-05 9.99385E-05 9.99385E-05
0.0861339 9.997E-05 0.620696 0.0376061 0.0925121 0.0751977 0.00265706 9.997E-05 0.0848973 9.997E-05
9.9956E-05 9.9956E-05 0.381002 9.9956E-05 0.145731 0.0447822 0.399878 9.9956E-05 0.0281068 9.9956E-05
9.99385E-05 9.99385E-05 0.913783 0.0137652 0.0717526 9.99385E-05 9.99385E-05 9.99385E-05 9.99385E-05 9.99385E-05
9.99561E-05 9.99561E-05 0.722758 0.13838 0.0190794 9.99561E-05 0.100087 9.99561E-05 0.0191957 9.99561E-05
9.99386E-05 9.99386E-05 0.969101 9.99386E-05 0.0113951 0.0188041 9.99386E-05 9.99386E-05 9.99386E-05 9.99386E-05
0.0764684 9.99298E-05 0.922732 9.99298E-05 9.99298E-05 9.99298E-05 9.99298E-05 9.99298E-05 9.99298E-05 9.99298E-05
0.155275 9.99648E-05 0.261082 9.99648E-05 0.126311 0.0382426 0.384378 0.034312 9.99648E-05 9.99648E-05
9.99472E-05 9.99472E-05 0.622046 9.99472E-05 0.237938 9.99472E-05 0.0304323 0.108985 9.99472E-05 9.99472E-05
9.99562E-05 0.0185468 0.710174 0.0591075 0.114577 9.99562E-05 0.0970943 9.99562E-05 9.99562E-05 9.99562E-05
9.99299E-05 9.99299E-05 0.97316 9.99299E-05 9.99299E-05 9.99299E-05 0.0260409 9.99299E-05 9.99299E-05 9.99299E-05
0.210987 9.997E-05 0.247881 0.164716 0.267526 0.0205894 0.0789271 9.997E-05 0.00907461 9.997E-05
9.99561E-05 9.99561E-05 0.482279 9.99561E-05 0.216378 0.0472223 0.232545 9.99561E-05 0.0210757 9.99561E-05
9.99561E-05 9.99561E-05 0.514327 9.99561E-05 0.223577 9.99561E-05 0.0570722 9.99561E-05 0.0283052 0.176219
9.995E-05 9.995E-05 0.240169 0.0299226 0.342435 0.036078 0.350896 9.995E-05 9.995E-05 9.995E-05
9.99298E-05 9.99298E-05 0.948581 9.99298E-05 9.99298E-05 9.99298E-05 0.0506193 9.99298E-05 9.99298E-05 9.99298E-05
9.997E-05 9.997E-05 0.407795 0.0295679 0.0485497 0.0369244 0.282866 0.131058 9.997E-05 0.062939
0.130438 9.99474E-05 0.733784 9.99474E-05 0.126469 0.00870875 9.99474E-05 9.99474E-05 9.99474E-05 9.99474E-05
9.99561E-05 9.99561E-05 0.684045 9.99561E-05 0.12376 0.00363164 0.178043 9.99561E-05 0.0100199 9.99561E-05
0.0595175 9.99648E-05 0.521883 9.99648E-05 0.231016 9.99648E-05 0.0117197 9.99648E-05 0.0017813 0.173683
9.99648E-05 9.99648E-05 0.640619 0.0470808 0.0150851 0.0340875 0.169967 9.99648E-05 0.0927615 9.99648E-05
0.306212 9.99472E-05 0.176621 9.99472E-05 0.308874 9.99472E-05 0.207694 9.99472E-05 9.99472E-05 9.99472E-05
9.99384E-05 9.99384E-05 0.593433 9.99384E-05 0.24343 9.99384E-05 0.162438 9.99384E-05 9.99384E-05 9.99384E-05
9.99648E-05 9.99648E-05 0.594085 0.00247161 0.154436 0.052601 0.152655 9.99648E-05 9.99648E-05 0.043351
9.99473E-05 9.99473E-05 0.685033 0.190473 0.071756 9.99473E-05 0.0521389 9.99473E-05 9.99473E-05 9.99473E-05
9.99385E-05 9.99385E-05 0.714852 9.99385E-05 0.149873 9.99385E-05 0.134576 9.99385E-05 9.99385E-05 9.99385E-05
9.99208E-05 9.99208E-05 9.99208E-05 9.99208E-05 9.99208E-05 9.99208E-05 0.999101 9.99208E-05 9.99208E-05 9.99208E-05
9.99208E-05 9.99208E-05 9.99208E-05 9.99208E-05 0.999101 9.99208E-05 9.99208E-05 9.99208E-05 9.99208E-05 9.99208E-05
9.99208E-05 9.99208E-05 9.99208E-05 9.99208E-05 9.99208E-05 9.99208E-05 0.999101 9.99208E-05 9.99208E-05 9.99208E-05
9.99207E-05 9.99207E-05 9.99207E-05 9.99207E-05 0.999101 9.99207E-05 9.99207E-05 9.99207E-05 9.99207E-05 9.99207E-05
9.99208E-05 9.99208E-05 9.99208E-05 9.99208E-05 0.999101 9.99208E-05 9.99208E-05 9.99208E-05 9.99208E-05 9.99208E-05
9.99208E-05 9.99208E-05 9.99208E-05 9.99208E-05 0.999101 9.99208E-05 9.99208E-05 9.99208E-05 9.99208E-05 9.99208E-05
9.99207E-05 9.99207E-05 9.99207E-05 9.99207E-05 9.99207E-05 9.99207E-05 0.999101 9.99207E-05 9.99207E-05 9.99207E-05
9.99208E-05 9.99208E-05 9.99208E-05 9.99208E-05 0.999101 9.99208E-05 9.99208E-05 9.99208E-05 9.99208E-05 9.99208E-05
9.99208E-05 9.99208E-05 9.99208E-05 9.99208E-05 0.999101 9.99208E-05 9.99208E-05 9.99208E-05 9.99208E-05 9.99208E-05
9.99207E-05 9.99207E-05 9.99207E-05 9.99207E-05 9.99207E-05 9.99207E-05 0.999101 9.99207E-05 9.99207E-05 9.99207E-05
9.99208E-05 9.99208E-05 9.99208E-05 9.99208E-05 9.99208E-05 9.99208E-05 0.999101 9.99208E-05 9.99208E-05 9.99208E-05
9.99207E-05 9.99207E-05 9.99207E-05 9.99207E-05 9.99207E-05 9.99207E-05 0.999101 9.99207E-05 9.99207E-05 9.99207E-05
9.99207E-05 9.99207E-05 9.99207E-05 9.99207E-05 0.999101 9.99207E-05 9.99207E-05 9.99207E-05 9.99207E-05 9.99207E-05
9.99208E-05 9.99208E-05 9.99208E-05 9.99208E-05 0.999101 9.99208E-05 9.99208E-05 9.99208E-05 9.99208E-05 9.99208E-05
9.99207E-05 9.99207E-05 9.99207E-05 9.99207E-05 9.99207E-05 9.99207E-05 0.999101 9.99207E-05 9.99207E-05 9.99207E-05
9.99207E-05 9.99207E-05 9.99207E-05 9.99207E-05 9.99207E-05 9.99207E-05 0.999101 9.99207E-05 9.99207E-05 9.99207E-05
0.018704 9.998E-05 0.307034 0.134824 0.179814 9.998E-05 0.258916 0.0542877 0.0329818 0.0132388
9.99207E-05 9.99207E-05 9.99207E-05 9.99207E-05 9.99207E-05 9.99207E-05 0.999101 9.99207E-05 9.99207E-05 9.99207E-05
9.99208E-05 9.99208E-05 9.99208E-05 9.99208E-05 0.999101 9.99208E-05 9.99208E-05 9.99208E-05 9.99208E-05 9.99208E-05
9.99207E-05 9.99207E-05 9.99207E-05 9.99207E-05 9.99207E-05 9.99207E-05 0.999101 9.99207E-05 9.99207E-05 9.99207E-05
9.99208E-05 9.99208E-05 9.99208E-05 9.99208E-05 9.99208E-05 9.99208E-05 0.999101 9.99208E-05 9.99208E-05 9.99208E-05
9.99207E-05 9.99207E-05 9.99207E-05 9.99207E-05 9.99207E-05 9.99207E-05 0.999101 9.99207E-05 9.99207E-05 9.99207E-05
9.99208E-05 9.99208E-05 9.99208E-05 9.99208E-05 0.999101 9.99208E-05 9.99208E-05 9.99208E-05 9.99208E-05 9.99208E-05
9.99208E-05 9.99208E-05 9.99208E-05 9.99208E-05 9.99208E-05 9.99208E-05 0.999101 9.99208E-05 9.99208E-05 9.99208E-05
9.99208E-05 9.99208E-05 9.99208E-05 9.99208E-05 0.999101 9.99208E-05 9.99208E-05 9.99208E-05 9.99208E-05 9.99208E-05
9.99208E-05 9.99208E-05 9.99208E-05 9.99208E-05 9.99208E-05 9.99208E-05 0.999101 9.99208E-05 9.99208E-05 9.99208E-05
9.99207E-05 9.99207E-05 9.99207E-05 9.99207E-05 9.99207E-05 9.99207E-05 0.999101 9.99207E-05 9.99207E-05 9.99207E-05
9.99208E-05 9.99208E-05 9.99208E-05 9.99208E-05 0.999101 9.99208E-05 9.99208E-05 9.99208E-05 9.99208E-05 9.99208E-05
9.99208E-05 9.99208E-05 9.99208E-05 9.99208E-05 0.999101 9.99208E-05 9.99208E-05 9.99208E-05 9.99208E-05 9.99208E-05
9.99208E-05 9.99208E-05 9.99208E-05 9.99208E-05 0.999101 9.99208E-05 9.99208E-05 9.99208E-05 9.99208E-05 9.99208E-05
9.99207E-05 9.99207E-05 9.99207E-05 9.99207E-05 9.99207E-05 9.99207E-05 0.999101 9.99207E-05 9.99207E-05 9.99207E-05
9.99208E-05 9.99208E-05 9.99208E-05 9.99208E-05 9.99208E-05 9.99208E-05 0.999101 9.99208E-05 9.99208E-05 9.99208E-05
9.99207E-05 9.99207E-05 9.99207E-05 9.99207E-05 9.99207E-05 9.99207E-05 0.999101 9.99207E-05 9.99207E-05 9.99207E-05
9.99207E-05 9.99207E-05 9.99207E-05 9.99207E-05 9.99207E-05 9.99207E-05 0.999101 9.99207E-05 9.99207E-05 9.99207E-05
9.99207E-05 9.99207E-05 9.99207E-05 9.99207E-05 9.99207E-05 9.99207E-05 0.999101 9.99207E-05 9.99207E-05 9.99207E-05
9.99209E-05 9.99209E-05 9.99209E-05 9.99209E-05 0.999101 9.99209E-05 9.99209E-05 9.99209E-05 9.99209E-05 9.99209E-05
9.99208E-05 9.99208E-05 9.99208E-05 9.99208E-05 0.999101 9.99208E-05 9.99208E-05 9.99208E-05 9.99208E-05 9.99208E-05
9.99208E-05 9.99208E-05 9.99208E-05 9.99208E-05 0.999101 9.99208E-05 9.99208E-05 9.99208E-05 9.99208E-05 9.99208E-05
9.99208E-05 9.99208E-05 9.99208E-05 9.99208E-05 9.99208E-05 9.99208E-05 0.999101 9.99208E-05 9.99208E-05 9.99208E-05
9.99208E-05 9.99208E-05 9.99208E-05 9.99208E-05 0.999101 9.99208E-05 9.99208E-05 9.99208E-05 9.99208E-05 9.99208E-05
9.99208E-05 9.99208E-05 9.99208E-05 9.99208E-05 0.999101 9.99208E-05 9.99208E-05 9.99208E-05 9.99208E-05 9.99208E-05
9.99209E-05 9.99209E-05 9.99209E-05 9.99209E-05 0.999101 9.99209E-05 9.99209E-05 9.99209E-05 9.99209E-05 9.99209E-05
9.99207E-05 9.99207E-05 9.99207E-05 9.99207E-05 0.999101 9.99207E-05 9.99207E-05 9.99207E-05 9.99207E-05 9.99207E-05
9.99208E-05 9.99208E-05 9.99208E-05 9.99208E-05 9.99208E-05 9.99208E-05 0.999101 9.99208E-05 9.99208E-05 9.99208E-05
9.99208E-05 9.99208E-05 9.99208E-05 9.99208E-05 0.999101 9.99208E-05 9.99208E-05 9.99208E-05 9.99208E-05 9.99208E-05
9.99208E-05 9.99208E-05 9.99208E-05 9.99208E-05 0.999101 9.99208E-05 9.99208E-05 9.99208E-05 9.99208E-05 9.99208E-05
0.0604938 9.998E-05 0.241656 0.10129 0.166692 0.00209786 0.230058 0.141752 9.998E-05 0.0557602
9.99208E-05 9.99208E-05 9.99208E-05 9.99208E-05 9.99208E-05 9.99208E-05 0.999101 9.99208E-05 9.99208E-05 9.99208E-05
9.99208E-05 9.99208E-05 9.99208E-05 9.99208E-05 0.999101 9.99208E-05 9.99208E-05 9.99208E-05 9.99208E-05 9.99208E-05
9.99208E-05 9.99208E-05 9.99208E-05 9.99208E-05 0.999101 9.99208E-05 9.99208E-05 9.99208E-05 9.99208E-05 9.99208E-05
9.99209E-05 9.99209E-05 9.99209E-05 9.99209E-05 0.999101 9.99209E-05 9.99209E-05 9.99209E-05 9.99209E-05 9.99209E-05
9.99208E-05 9.99208E-05 9.99208E-05 9.99208E-05 0.999101 9.99208E-05 9.99208E-05 9.99208E-05 9.99208E-05 9.99208E-05
9.99208E-05 9.99208E-05 9.99208E-05 9.99208E-05 9.99208E-05 9.99208E-05 0.999101 9.99208E-05 9.99208E-05 9.99208E-05
9.99208E-05 9.99208E-05 9.99208E-05 9.99208E-05 0.999101 9.99208E-05 9.99208E-05 9.99208E-05 9.99208E-05 9.99208E-05
9.99207E-05 9.99207E-05 9.99207E-05 9.99207E-05 9.99207E-05 9.99207E-05 0.999101 9.99207E-05 9.99207E-05 9.99207E-05
9.99208E-05 9.99208E-05 9.99208E-05 9.99208E-05 0.999101 9.99208E-05 9.99208E-05 9.99208E-05 9.99208E-05 9.99208E-05
9.99208E-05 9.99208E-05 9.99208E-05 9.99208E-05 9.99208E-05 9.99208E-05 0.999101 9.99208E-05 9.99208E-05 9.99208E-05
9.99208E-05 9.99208E-05 9.99208E-05 9.99208E-05 0.999101 9.99208E-05 9.99208E-05 9.99208E-05 9.99208E-05 9.99208E-05
9.99208E-05 9.99208E-05 9.99208E-05 9.99208E-05 0.999101 9.99208E-05 9.99208E-05 9.99208E-05 9.99208E-05 9.99208E-05
9.99208E-05 9.99208E-05 9.99208E-05 9.99208E-05 0.999101 9.99208E-05 9.99208E-05 9.99208E-05 9.99208E-05 9.99208E-05
9.99208E-05 9.99208E-05 9.99208E-05 9.99208E-05 0.999101 9.99208E-05 9.99208E-05 9.99208E-05 9.99208E-05 9.99208E-05
9.99208E-05 9.99208E-05 9.99208E-05 9.99208E-05 0.999101 9.99208E-05 9.99208E-05 9.99208E-05 9.99208E-05 9.99208E-05
9.99208E-05 9.99208E-05 9.99208E-05 9.99208E-05 0.999101 9.99208E-05 9.99208E-05 9.99208E-05 9.99208E-05 9.99208E-05
9.99207E-05 9.99207E-05 9.99207E-05 9.99207E-05 9.99207E-05 9.99207E-05 0.999101 9.99207E-05 9.99207E-05 9.99207E-05
9.99208E-05 9.99208E-05 9.99208E-05 9.99208E-05 9.99208E-05 9.99208E-05 0.999101 9.99208E-05 9.99208E-05 9.99208E-05
9.99207E-05 9.99207E-05 9.99207E-05 9.99207E-05 9.99207E-05 9.99207E-05 0.999101 9.99207E-05 9.99207E-05 9.99207E-05
9.99208E-05 9.99208E-05 9.99208E-05 9.99208E-05 0.999101 9.99208E-05 9.99208E-05 9.99208E-05 9.99208E-05 9.99208E-05
9.99207E-05 9.99207E-05 9.99207E-05 9.99207E-05 9.99207E-05 9.99207E-05 0.999101 9.99207E-05 9.99207E-05 9.99207E-05
9.99208E-05 9.99208E-05 9.99208E-05 9.99208E-05 9.99208E-05 9.99208E-05 0.999101 9.99208E-05 9.99208E-05 9.99208E-05
9.99207E-05 9.99207E-05 9.99207E-05 9.99207E-05 9.99207E-05 9.99207E-05 0.999101 9.99207E-05 9.99207E-05 9.99207E-05
9.99208E-05 9.99208E-05 9.99208E-05 9.99208E-05 0.999101 9.99208E-05 9.99208E-05 9.99208E-05 9.99208E-05 9.99208E-05
9.99208E-05 9.99208E-05 9.99208E-05 9.99208E-05 0.999101 9.99208E-05 9.99208E-05 9.99208E-05 9.99208E-05 9.99208E-05
9.99208E-05 9.99208E-05 9.99208E-05 9.99208E-05 0.999101 9.99208E-05 9.99208E-05 9.99208E-05 9.99208E-05 9.99208E-05
9.99207E-05 9.99207E-05 9.99207E-05 9.99207E-05 9.99207E-05 9.99207E-05 0.999101 9.99207E-05 9.99207E-05 9.99207E-05
9.99208E-05 9.99208E-05 9.99208E-05 9.99208E-05 0.999101 9.99208E-05 9.99208E-05 9.99208E-05 9.99208E-05 9.99208E-05
9.99208E-05 9.99208E-05 9.99208E-05 9.99208E-05 0.999101 9.99208E-05 9.99208E-05 9.99208E-05 9.99208E-05 9.99208E-05
9.99207E-05 9.99207E-05 9.99207E-05 9.99207E-05 9.99207E-05 9.99207E-05 0.999101 9.99207E-05 9.99207E-05 9.99207E-05
9.99208E-05 9.99208E-05 9.99208E-05 9.99208E-05 0.999101 9.99208E-05 9.99208E-05 9.99208E-05 9.99208E-05 9.99208E-05
9.99208E-05 9.99208E-05 9.99208E-05 9.99208E-05 0.999101 9.99208E-05 9.99208E-05 9.99208E-05 9.99208E-05 9.99208E-05
0.019401 9.99736E-05 0.20615 9.99736E-05 0.119211 0.18229 0.374789 9.99736E-05 0.0783288 0.01953
9.99207E-05 9.99207E-05 9.99207E-05 9.99207E-05 9.99207E-05 9.99207E-05 0.999101 9.99207E-05 9.99207E-05 9.99207E-05
9.99208E-05 9.99208E-05 9.99208E-05 9.99208E-05 0.999101 9.99208E-05 9.99208E-05 9.99208E-05 9.99208E-05 9.99208E-05
9.99561E-05 9.99561E-05 0.327176 9.99561E-05 0.498045 0.0315732 0.108065 9.99561E-05 9.99561E-05 0.0346422
9.995E-05 9.995E-05 0.362717 0.0440158 0.295163 9.995E-05 0.217388 0.0802167 9.995E-05 9.995E-05
9.99473E-05 9.99473E-05 0.344581 0.0520619 0.0928398 9.99473E-05 0.509918 9.99473E-05 9.99473E-05 9.99473E-05
9.9956E-05 9.9956E-05 0.587155 0.0352143 9.9956E-05 9.9956E-05 0.255583 9.9956E-05 0.0613157 0.0602326
9.99472E-05 9.99472E-05 0.324478 0.0136861 0.309 9.99472E-05 0.352236 9.99472E-05 9.99472E-05 9.99472E-05
0.0115154 0.0357116 0.769376 9.99474E-05 0.182798 9.99474E-05 9.99474E-05 9.99474E-05 9.99474E-05 9.99474E-05
9.99561E-05 9.99561E-05 0.105084 9.99561E-05 0.278174 0.0131487 0.346945 0.256148 9.99561E-05 9.99561E-05
9.997E-05 9.997E-05 0.492588 0.054173 0.180092 0.102828 0.075 9.997E-05 0.0837316 0.0112871
9.99386E-05 9.99386E-05 0.753485 9.99386E-05 0.196728 9.99386E-05 0.0490873 9.99386E-05 9.99386E-05 9.99386E-05
9.99385E-05 9.99385E-05 0.626692 9.99385E-05 9.99385E-05 9.99385E-05 0.195889 0.176719 9.99385E-05 9.99385E-05
9.99561E-05 9.99561E-05 0.572906 9.99561E-05 0.104378 0.0399851 0.243308 9.99561E-05 0.0389228 9.99561E-05
9.99385E-05 9.99385E-05 0.333992 9.99385E-05 0.597262 9.99385E-05 0.0680462 9.99385E-05 9.99385E-05 9.99385E-05
0.0459658 9.99648E-05 0.211952 9.99648E-05 0.189018 9.99648E-05 0.344315 9.99648E-05 0.119724 0.0886261
9.99472E-05 9.99472E-05 0.703759 9.99472E-05 0.0723191 9.99472E-05 0.0829474 9.99472E-05 0.140374 9.99472E-05
9.99472E-05 9.99472E-05 0.460891 9.99472E-05 0.16186 0.0652585 0.31139 9.99472E-05 9.99472E-05 9.99472E-05
0.0464244 9.996E-05 0.339491 9.996E-05 0.331826 0.00654239 0.222904 0.0524132 9.996E-05 9.996E-05
9.99473E-05 9.99473E-05 0.63916 0.075026 0.215809 9.99473E-05 0.069405 9.99473E-05 9.99473E-05 9.99473E-05
9.99736E-05 9.99736E-05 0.26328 0.0173281 0.119765 0.0510144 0.42073 9.99736E-05 0.0566263 0.0709566
0.241765 9.99736E-05 0.402619 0.0538175 0.154767 0.0851412 0.0293635 9.99736E-05 9.99736E-05 0.0322269
9.9956E-05 9.9956E-05 0.459718 9.9956E-05 0.21033 9.9956E-05 0.225975 0.0874282 9.9956E-05 0.0160485
0.00827793 9.99648E-05 0.561958 0.0203048 0.154495 9.99648E-05 0.13287 0.121695 9.99648E-05 9.99648E-05
0.00222661 9.99648E-05 0.561078 0.0170479 0.276581 9.99648E-05 9.99648E-05 0.00489598 9.99648E-05 0.137771
9.99736E-05 9.99736E-05 0.403258 0.145766 0.201695 0.0215346 0.171346 9.99736E-05 0.00700916 0.0490914
9.99648E-05 9.99648E-05 0.525146 9.99648E-05 0.221199 0.0929693 0.125179 0.019178 0.0159291 9.99648E-05
9.9956E-05 9.9956E-05 0.613924 0.0474412 0.0982406 9.9956E-05 0.153965 9.9956E-05 0.0859292 9.9956E-05
0.0326464 9.99386E-05 0.953 9.99386E-05 0.0136535 9.99386E-05 9.99386E-05 9.99386E-05 9.99386E-05 9.99386E-05
0.0280437 9.9956E-05 0.568788 9.9956E-05 0.083959 9.9956E-05 0.147341 0.171368 9.9956E-05 9.9956E-05
9.99473E-05 9.99473E-05 0.293432 9.99473E-05 0.300465 9.99473E-05 0.363478 9.99473E-05 0.0420249 9.99473E-05
9.99648E-05 9.99648E-05 0.667367 0.0748307 9.99648E-05 9.99648E-05 0.0902866 0.0316664 0.083906 0.0515435
9.996E-05 9.996E-05 0.509493 0.089884 0.144342 0.00995928 0.213688 9.996E-05 0.0322339 9.996E-05
0.110798 9.9956E-05 0.229968 9.9956E-05 0.353382 9.9956E-05 0.171233 0.134119 9.9956E-05 9.9956E-05
0.0603967 9.99561E-05 0.517969 9.99561E-05 0.260489 0.0426636 0.117982 9.99561E-05 9.99561E-05 9.99561E-05
0.152775 9.9956E-05 0.382003 9.9956E-05 0.195038 9.9956E-05 0.204171 0.0655135 9.9956E-05 9.9956E-05
9.9956E-05 9.9956E-05 0.386027 9.9956E-05 0.240953 0.0548964 0.258856 0.0587682 9.9956E-05 9.9956E-05
9.996E-05 9.996E-05 0.420105 9.996E-05 0.116973 0.129295 0.223053 0.0247397 0.0854351 9.996E-05
9.99561E-05 9.99561E-05 0.489929 0.0217159 0.066015 9.99561E-05 0.34546 0.0763802 9.99561E-05 9.99561E-05
9.99209E-05 9.99209E-05 0.999101 9.99209E-05 9.99209E-05 9.99209E-05 9.99209E-05 9.99209E-05 9.99209E-05 9.99209E-05
0.0312387 9.99736E-05 0.386172 9.99736E-05 0.00280014 0.152452 0.299479 9.99736E-05 0.0544076 0.0731503
9.996E-05 9.996E-05 0.632436 0.0479023 0.0510483 0.0917671 0.0497053 9.996E-05 9.996E-05 0.126741
0.0163143 9.9956E-05 0.337187 9.9956E-05 0.283183 9.9956E-05 0.0435992 0.319216 9.9956E-05 9.9956E-05
9.9956E-05 9.9956E-05 0.42288 0.0206616 0.107853 9.9956E-05 0.408342 9.9956E-05 0.0397636 9.9956E-05
0.117814 9.997E-05 0.5301 9.997E-05 0.0431669 0.0162428 0.0908896 0.166219 9.997E-05 0.0352677
9.9956E-05 9.9956E-05 0.339615 0.00386282 0.320595 9.9956E-05 0.138718 0.196709 9.9956E-05 9.9956E-05
0.0653814 9.996E-05 0.22735 9.996E-05 0.584744 9.996E-05 0.027614 0.0260594 0.0684516 9.996E-05
0.0272732 9.99648E-05 0.161319 9.99648E-05 0.352896 0.018742 0.419125 9.99648E-05 0.0202452 9.99648E-05
9.997E-05 9.997E-05 0.572609 0.00368221 0.196762 0.0261652 0.164918 0.00287427 0.0326885 9.997E-05
9.99209E-05 9.99209E-05 0.999101 9.99209E-05 9.99209E-05 9.99209E-05 9.99209E-05 9.99209E-05 9.99209E-05 9.99209E-05
9.9956E-05 9.9956E-05 0.591762 0.0455746 0.202607 0.0717444 0.0878121 9.9956E-05 9.9956E-05 9.9956E-05
9.9921E-05 9.9921E-05 0.999101 9.9921E-05 9.9921E-05 9.9921E-05 9.9921E-05 9.9921E-05 9.9921E-05 9.9921E-05
0.199112 9.99824E-05 0.229186 0.0204942 0.110509 9.99824E-05 0.140278 0.0132456 0.0946401 0.192335
0.0984257 9.99298E-05 0.900775 9.99298E-05 9.99298E-05 9.99298E-05 9.99298E-05 9.99298E-05 9.99298E-05 9.99298E-05
9.99473E-05 9.99473E-05 0.550436 9.99473E-05 9.99473E-05 0.11461 0.33176 9.99473E-05 0.00259459 9.99473E-05
0.211081 9.995E-05 0.244177 9.995E-05 9.995E-05 0.0727997 0.264199 0.207244 9.995E-05 9.995E-05
0.210918 9.99473E-05 0.439845 9.99473E-05 0.181945 9.99473E-05 0.166693 9.99473E-05 9.99473E-05 9.99473E-05
9.99472E-05 9.99472E-05 0.626335 0.0224617 0.0771331 9.99472E-05 9.99472E-05 0.27347 9.99472E-05 9.99472E-05
9.99385E-05 9.99385E-05 0.587781 9.99385E-05 0.266816 9.99385E-05 0.144703 9.99385E-05 9.99385E-05 9.99385E-05
0.0856692 9.99475E-05 0.73931 9.99475E-05 0.0134702 9.99475E-05 0.160951 9.99475E-05 9.99475E-05 9.99475E-05
0.0085144 9.99385E-05 0.736817 9.99385E-05 0.253969 9.99385E-05 9.99385E-05 9.99385E-05 9.99385E-05 9.99385E-05
9.99561E-05 9.99561E-05 0.496983 0.0949122 0.189089 0.0225582 0.195958 9.99561E-05 9.99561E-05 9.99561E-05
0.0619086 9.99649E-05 0.507386 9.99649E-05 0.207967 9.99649E-05 0.170589 0.0344979 0.0172514 9.99649E-05
9.9921E-05 9.9921E-05 0.999101 9.9921E-05 9.9921E-05 9.9921E-05 9.9921E-05 9.9921E-05 9.9921E-05 9.9921E-05
9.99299E-05 9.99299E-05 0.93281 9.99299E-05 0.0663906 9.99299E-05 9.99299E-05 9.99299E-05 9.99299E-05 9.99299E-05
9.99474E-05 0.0692677 0.737429 9.99474E-05 0.0151669 9.99474E-05 0.177536 9.99474E-05 9.99474E-05 9.99474E-05
9.99473E-05 9.99473E-05 0.577788 9.99473E-05 0.111009 0.11934 0.191262 9.99473E-05 9.99473E-05 9.99473E-05
9.9956E-05 9.9956E-05 0.529239 0.0459636 0.261653 0.0352528 0.127391 9.9956E-05 9.9956E-05 9.9956E-05
9.99649E-05 9.99649E-05 0.61551 0.0105841 0.295928 9.99649E-05 0.0373691 0.0217258 9.99649E-05 0.0184831
9.99299E-05 9.99299E-05 0.913363 9.99299E-05 0.0858374 9.99299E-05 9.99299E-05 9.99299E-05 9.99299E-05 9.99299E-05
0.0893109 9.997E-05 0.378579 0.0285072 0.235926 0.0114999 0.232002 0.0238746 9.997E-05 9.997E-05
9.9956E-05 9.9956E-05 0.426837 0.0524702 0.0366858 0.0291207 0.454386 9.9956E-05 9.9956E-05 9.9956E-05
0.254684 9.99474E-05 0.661125 0.0562635 9.99474E-05 9.99474E-05 0.0273277 9.99474E-05 9.99474E-05 9.99474E-05
0.27351 9.99561E-05 0.381284 0.0660758 0.0668713 9.99561E-05 0.211759 9.99561E-05 9.99561E-05 9.99561E-05
0.120188 0.105436 0.698745 9.99474E-05 9.99474E-05 9.99474E-05 0.0750318 9.99474E-05 9.99474E-05 9.99474E-05
9.99385E-05 9.99385E-05 0.418736 9.99385E-05 0.252301 9.99385E-05 0.328263 9.99385E-05 9.99385E-05 9.99385E-05
0.249102 9.99649E-05 0.502764 0.0488001 9.99649E-05 0.0192401 9.99649E-05 9.99649E-05 0.128889 0.050806
0.0245514 9.99473E-05 0.839432 9.99473E-05 0.0314033 9.99473E-05 0.104014 9.99473E-05 9.99473E-05 9.99473E-05
0.257741 9.99473E-05 0.539544 9.99473E-05 0.132404 9.99473E-05 0.069711 9.99473E-05 9.99473E-05 9.99473E-05
0.164713 0.0382706 0.796317 9.99386E-05 9.99386E-05 9.99386E-05 9.99386E-05 9.99386E-05 9.99386E-05 9.99386E-05
9.9956E-05 9.9956E-05 0.669423 9.9956E-05 9.9956E-05 0.0281179 0.215875 0.0743242 0.0117603 9.9956E-05
0.257898 9.99299E-05 0.741303 9.99299E-05 9.99299E-05 9.99299E-05 9.99299E-05 9.99299E-05 9.99299E-05 9.99299E-05
0.0419734 9.9956E-05 0.446517 9.9956E-05 0.371959 0.0323483 0.106703 9.9956E-05 9.9956E-05 9.9956E-05
9.9956E-05 9.9956E-05 0.553004 0.0603986 0.247996 0.0266742 9.9956E-05 0.111427 9.9956E-05 9.9956E-05
9.99736E-05 9.99736E-05 0.442957 0.061456 0.212161 0.0475144 0.0799562 0.104209 0.051446 9.99736E-05
0.104552 9.99299E-05 0.894649 9.99299E-05 9.99299E-05 9.99299E-05 9.99299E-05 9.99299E-05 9.99299E-05 9.99299E-05
0.00674442 9.99561E-05 0.567285 9.99561E-05 0.277561 0.0779475 0.0699625 9.99561E-05 9.99561E-05 9.99561E-05
0.246189 9.9956E-05 0.424051 0.190983 0.121427 9.9956E-05 0.0168495 9.9956E-05 9.9956E-05 9.9956E-05
0.0970509 9.99561E-05 0.78806 0.00555224 9.99561E-05 0.0627525 0.0460849 9.99561E-05 9.99561E-05 9.99561E-05
9.9956E-05 9.9956E-05 0.597065 9.9956E-05 0.0189719 0.0221448 0.245284 9.9956E-05 0.116034 9.9956E-05
9.99472E-05 9.99472E-05 0.301821 9.99472E-05 0.395464 0.0473624 0.254752 9.99472E-05 9.99472E-05 9.99472E-05
9.99649E-05 9.99649E-05 0.413609 0.00599317 0.137588 0.00880696 0.354662 9.99649E-05 9.99649E-05 0.0789409
9.9956E-05 9.9956E-05 0.406467 0.0681625 0.25974 0.0350968 0.230034 9.9956E-05 9.9956E-05 9.9956E-05
0.225939 9.99649E-05 0.367006 0.172839 0.0453052 0.0325206 0.155991 9.99649E-05 9.99649E-05 9.99649E-05
0.175438 9.99472E-05 0.329922 9.99472E-05 9.99472E-05 9.99472E-05 0.35457 9.99472E-05 0.139469 9.99472E-05
0.0652854 9.99561E-05 0.307366 9.99561E-05 0.386625 9.99561E-05 0.232792 9.99561E-05 0.00743162 9.99561E-05
0.173967 9.99736E-05 0.370897 0.14133 9.99736E-05 0.141472 0.0850016 9.99736E-05 0.0239166 0.0631159
0.213032 9.99386E-05 0.551949 9.99386E-05 0.234319 9.99386E-05 9.99386E-05 9.99386E-05 9.99386E-05 9.99386E-05
0.254969 9.99298E-05 0.744231 9.99298E-05 9.99298E-05 9.99298E-05 9.99298E-05 9.99298E-05 9.99298E-05 9.99298E-05
9.99385E-05 9.99385E-05 0.393715 9.99385E-05 0.309783 9.99385E-05 9.99385E-05 0.295802 9.99385E-05 9.99385E-05
9.9956E-05 9.9956E-05 0.396257 9.9956E-05 0.0718176 0.115681 0.362009 0.0537354 9.9956E-05 9.9956E-05
9.99561E-05 9.99561E-05 0.46891 9.99561E-05 0.0134122 0.00180699 0.445485 9.99561E-05 0.0698861 9.99561E-05
9.99473E-05 9.99473E-05 0.23492 9.99473E-05 0.140982 9.99473E-05 0.494818 0.12868 9.99473E-05 9.99473E-05
9.99736E-05 9.99736E-05 0.331516 0.0748155 0.254861 0.0728256 9.99736E-05 0.166597 0.0904252 0.00866008
9.99385E-05 9.99385E-05 0.433548 9.99385E-05 0.103787 9.99385E-05 0.461965 9.99385E-05 9.99385E-05 9.99385E-05
0.186948 9.99736E-05 0.293195 0.181221 0.108267 0.0489173 0.116991 9.99736E-05 0.0641597 9.99736E-05
0.154066 9.99474E-05 0.751654 9.99474E-05 0.0867346 9.99474E-05 0.00694585 9.99474E-05 9.99474E-05 9.99474E-05
0.136973 9.99562E-05 0.704839 9.99562E-05 0.106789 9.99562E-05 0.0349147 9.99562E-05 0.0159848 9.99562E-05
0.0436399 9.99649E-05 0.50727 0.00665249 0.190877 0.0464379 0.204723 9.99649E-05 9.99649E-05 9.99649E-05
0.188485 9.99648E-05 0.298515 9.99648E-05 9.99648E-05 0.0534547 0.280388 9.99648E-05 0.145585 0.0331726
0.10263 9.99299E-05 0.89657 9.99299E-05 9.99299E-05 9.99299E-05 9.99299E-05 9.99299E-05 9.99299E-05 9.99299E-05
0.154829 9.99387E-05 0.788291 9.99387E-05 9.99387E-05 9.99387E-05 0.0561805 9.99387E-05 9.99387E-05 9.99387E-05
9.99473E-05 9.99473E-05 0.70164 9.99473E-05 0.119229 0.122572 0.0559598 9.99473E-05 9.99473E-05 9.99473E-05
9.99561E-05 9.99561E-05 0.594171 0.0344939 0.143539 9.99561E-05 0.172533 9.99561E-05 0.0547626 9.99561E-05
9.99385E-05 9.99385E-05 0.757293 9.99385E-05 9.99385E-05 0.0284897 0.213518 9.99385E-05 9.99385E-05 9.99385E-05
9.99648E-05 9.99648E-05 0.480737 9.99648E-05 0.12163 0.00443206 0.290637 0.0861356 0.0160277 9.99648E-05
9.99473E-05 9.99473E-05 0.431328 9.99473E-05 0.1109 9.99473E-05 0.321595 0.135577 9.99473E-05 9.99473E-05
0.0236842 9.996E-05 0.269813 0.169313 9.996E-05 0.0579818 0.438499 9.996E-05 9.996E-05 0.040309
0.236901 9.99385E-05 0.518175 9.99385E-05 0.244224 9.99385E-05 9.99385E-05 9.99385E-05 9.99385E-05 9.99385E-05
0.0884346 9.9956E-05 0.520197 9.9956E-05 0.154692 9.9956E-05 0.176802 0.0593751 9.9956E-05 9.9956E-05
9.9956E-05 9.9956E-05 0.456825 9.9956E-05 0.0235395 0.0307389 0.366008 9.9956E-05 0.122389 9.9956E-05
9.997E-05 9.997E-05 0.772177 0.0878854 0.0212482 0.054572 0.0452254 0.00726358 9.997E-05 0.0113287
0.10407 9.997E-05 0.215722 0.0313552 9.997E-05 0.0728345 0.351563 0.0948251 9.997E-05 0.129331
9.99472E-05 9.99472E-05 0.53965 9.99472E-05 9.99472E-05 0.0163645 0.33527 9.99472E-05 0.108116 9.99472E-05
9.9956E-05 9.9956E-05 0.405273 0.00905479 0.227954 0.150454 0.206765 9.9956E-05 9.9956E-05 9.9956E-05
0.185713 9.99648E-05 0.308036 0.0361075 0.0664372 9.99648E-05 0.279212 0.124094 9.99648E-05 9.99648E-05
9.99561E-05 9.99561E-05 0.495316 9.99561E-05 0.195107 0.035361 0.112155 0.161561 9.99561E-05 9.99561E-05
0.468691 9.99385E-05 0.505982 9.99385E-05 0.024628 9.99385E-05 9.99385E-05 9.99385E-05 9.99385E-05 9.99385E-05
9.99561E-05 9.99561E-05 0.307005 9.99561E-05 0.200422 0.180123 0.297884 9.99561E-05 0.014066 9.99561E-05
0.0336763 9.99386E-05 0.876305 9.99386E-05 9.99386E-05 9.99386E-05 0.0893196 9.99386E-05 9.99386E-05 9.99386E-05
0.152782 9.996E-05 0.727558 0.035526 0.0773458 9.996E-05 0.00385572 9.996E-05 0.00253359 9.996E-05
9.99824E-05 9.99824E-05 0.380434 0.121362 0.261595 0.0477016 0.161584 0.00738022 0.0157976 0.00394581
0.0549678 9.99736E-05 0.42788 0.0614608 0.212706 0.0114534 0.152565 0.078667 9.99736E-05 9.99736E-05
0.436676 9.995E-05 9.995E-05 9.995E-05 0.108192 0.0513628 0.245282 0.157988 9.995E-05 9.995E-05
0.522401 9.99473E-05 9.99473E-05 9.99473E-05 9.99473E-05 0.0108684 0.278328 0.187803 9.99473E-05 9.99473E-05
0.414825 9.996E-05 9.996E-05 9.996E-05 0.127792 0.0754084 0.238384 0.114928 9.996E-05 0.0282622
0.53651 9.997E-05 0.0747453 9.997E-05 9.997E-05 0.0764432 0.198083 0.0341156 0.00803626 0.0717663
0.399285 9.99824E-05 0.0750892 0.00917131 0.0560023 0.0463388 0.170664 9.99824E-05 0.0726628 0.170587
0.49289 0.199037 9.99562E-05 9.99562E-05 0.0140982 9.99562E-05 0.246714 0.0467607 9.99562E-05 9.99562E-05
0.106229 9.996E-05 9.996E-05 9.996E-05 0.103218 0.142466 0.612104 0.0196495 0.0159345 9.996E-05
0.60427 9.995E-05 9.995E-05 9.995E-05 0.0197627 9.995E-05 0.190382 0.0685006 9.995E-05 0.116585
0.639009 0.165335 9.99562E-05 9.99562E-05 9.99562E-05 0.0316853 9.99562E-05 9.99562E-05 0.0159691 0.147501
0.54014 9.99472E-05 9.99472E-05 9.99472E-05 0.0882449 9.99472E-05 0.212581 0.158434 9.99472E-05 9.99472E-05
