9.99561E-05 0.0995323 0.173357 9.99561E-05 0.151983 0.476512 9.99561E-05 9.99561E-05 0.0672414 0.0236452 0.00722934 9.99561E-05
9.994E-05 0.0150571 0.207709 0.0407938 9.994E-05 0.691708 9.994E-05 9.994E-05 0.0301905 9.994E-05 9.994E-05 0.0139419
9.99385E-05 0.0441435 9.99385E-05 9.99385E-05 9.99385E-05 0.907173 9.99385E-05 0.00304698 0.0318773 0.0130595 9.99385E-05 9.99385E-05
9.996E-05 0.0434158 9.996E-05 0.0325227 0.182547 0.282206 9.996E-05 0.163107 0.0673964 9.996E-05 0.0175822 0.210823
9.9921E-05 9.9921E-05 9.9921E-05 9.9921E-05 9.9921E-05 0.813316 9.9921E-05 9.9921E-05 9.9921E-05 9.9921E-05 0.0396455 0.146139
9.99473E-05 9.99473E-05 0.0829499 9.99473E-05 9.99473E-05 0.305292 9.99473E-05 0.247513 9.99473E-05 0.00731488 0.140466 0.215864
9.99561E-05 0.0418028 0.176849 9.99561E-05 0.185722 0.345346 0.0426454 9.99561E-05 0.150586 9.99561E-05 9.99561E-05 0.0565491
9.99561E-05 9.99561E-05 9.99561E-05 9.99561E-05 9.99561E-05 0.277882 0.107603 0.0915079 0.0171365 0.0361456 0.171771 0.297454
9.99386E-05 0.260435 9.99386E-05 9.99386E-05 0.192691 0.304897 9.99386E-05 0.00945047 9.99386E-05 9.99386E-05 0.231827 9.99386E-05
9.99297E-05 0.0878831 9.99297E-05 9.99297E-05 9.99297E-05 0.880549 9.99297E-05 9.99297E-05 0.0257454 0.00502289 9.99297E-05 9.99297E-05
9.99385E-05 0.221961 9.99385E-05 0.0141327 9.99385E-05 0.541599 9.99385E-05 9.99385E-05 0.192113 9.99385E-05 0.0294949 9.99385E-05
9.99473E-05 9.99473E-05 9.99473E-05 9.99473E-05 0.0453653 0.827324 9.99473E-05 0.0729215 0.0120475 9.99473E-05 0.0384308 0.00331081
9.99297E-05 0.0952545 9.99297E-05 9.99297E-05 9.99297E-05 0.855368 0.0146269 9.99297E-05 9.99297E-05 9.99297E-05 0.0339514 9.99297E-05
0.0238526 0.127604 9.99474E-05 9.99474E-05 9.99474E-05 0.610512 0.109217 0.119746 0.00846861 9.99474E-05 9.99474E-05 9.99474E-05
9.994E-05 0.106083 0.0878162 9.994E-05 0.181204 0.345851 9.994E-05 0.192738 9.994E-05 9.994E-05 0.0857076 9.994E-05
9.996E-05 0.14378 9.996E-05 9.996E-05 0.123055 0.280776 0.118637 0.0685763 0.0167161 9.996E-05 0.21369 0.0343692
0.169339 0.090386 0.0350964 9.99561E-05 0.0775914 0.543554 0.0191769 9.99561E-05 0.0643568 9.99561E-05 9.99561E-05 9.99561E-05
9.995E-05 0.212562 9.995E-05 0.122049 9.995E-05 0.315458 9.995E-05 0.0549103 9.995E-05 0.209651 0.0730995 0.01177
9.99648E-05 0.218922 0.0433657 9.99648E-05 0.0565483 0.37121 9.99648E-05 9.99648E-05 0.0294971 0.0283509 0.124661 0.127045
9.99122E-05 9.99122E-05 9.99122E-05 0.0736876 9.99122E-05 0.925313 9.99122E-05 9.99122E-05 9.99122E-05 9.99122E-05 9.99122E-05 9.99122E-05
9.997E-05 0.0331365 9.997E-05 0.0476144 0.0271514 0.47195 0.00836411 0.00473726 0.0729649 9.997E-05 0.118721 0.21506
9.99298E-05 9.99298E-05 9.99298E-05 9.99298E-05 9.99298E-05 0.312254 9.99298E-05 0.0583543 9.99298E-05 9.99298E-05 0.237469 0.391124
9.99474E-05 0.164662 0.0890658 9.99474E-05 9.99474E-05 0.622567 9.99474E-05 0.0679016 0.0374012 0.0178032 9.99474E-05 9.99474E-05
9.99385E-05 0.339595 9.99385E-05 9.99385E-05 0.0995262 0.459305 0.0599966 0.0408781 9.99385E-05 9.99385E-05 9.99385E-05 9.99385E-05
9.99561E-05 0.313755 9.99561E-05 0.0554696 0.0234078 0.243618 9.99561E-05 0.159044 0.134101 9.99561E-05 0.0701053 9.99561E-05
9.99473E-05 0.149417 9.99473E-05 9.99473E-05 9.99473E-05 0.661124 0.0448327 0.100208 0.023539 9.99473E-05 0.0202794 9.99473E-05
9.99736E-05 0.106827 0.0280734 0.00151415 0.0279642 0.0766454 0.103 0.482232 9.99736E-05 0.155114 0.0183294 9.99736E-05
9.99298E-05 0.0730415 9.99298E-05 0.00305493 0.101836 0.821268 9.99298E-05 9.99298E-05 9.99298E-05 9.99298E-05 9.99298E-05 9.99298E-05
9.99385E-05 0.263179 9.99385E-05 0.0490282 9.99385E-05 0.591446 9.99385E-05 0.0954258 0.000221231 9.99385E-05 9.99385E-05 9.99385E-05
9.99474E-05 0.133909 9.99474E-05 9.99474E-05 9.99474E-05 0.720699 0.000725526 0.0536838 9.99474E-05 0.0161622 0.0742202 9.99474E-05
9.99385E-05 0.0601284 9.99385E-05 0.0361037 9.99385E-05 0.737423 9.99385E-05 9.99385E-05 0.11818 9.99385E-05 0.047465 9.99385E-05
9.99386E-05 0.0163839 9.99386E-05 9.99386E-05 9.99386E-05 0.50461 9.99386E-05 0.189826 0.0666735 9.99386E-05 9.99386E-05 0.221807
9.99385E-05 0.159837 9.99385E-05 9.99385E-05 9.99385E-05 0.577144 0.0497292 0.0695783 0.143011 9.99385E-05 9.99385E-05 9.99385E-05
9.996E-05 0.135521 9.996E-05 9.996E-05 0.0482282 0.492112 0.0183757 0.173996 0.0367211 0.0437516 9.996E-05 0.050895
9.99386E-05 9.99386E-05 0.0736304 0.0790026 9.99386E-05 0.78423 9.99386E-05 9.99386E-05 0.0550354 9.99386E-05 0.00740174 9.99386E-05
9.99473E-05 0.0299325 0.0376024 9.99473E-05 0.153445 0.720396 9.99473E-05 9.99473E-05 0.0267283 9.99473E-05 0.0312962 9.99473E-05
9.99298E-05 9.99298E-05 0.0472423 9.99298E-05 9.99298E-05 0.857678 0.0805269 9.99298E-05 0.013753 9.99298E-05 9.99298E-05 9.99298E-05
0.0007431 0.104365 9.99386E-05 0.0418651 9.99386E-05 0.667601 9.99386E-05 9.99386E-05 9.99386E-05 9.99386E-05 0.184726 9.99386E-05
0.0829105 0.218029 9.99649E-05 0.0866494 9.99649E-05 0.523174 0.000282916 9.99649E-05 0.0257929 9.99649E-05 0.0335797 0.0291815
9.99298E-05 0.129026 9.99298E-05 9.99298E-05 9.99298E-05 0.565321 0.131625 0.173228 9.99298E-05 9.99298E-05 9.99298E-05 9.99298E-05
9.99298E-05 0.0899181 9.99298E-05 9.99298E-05 9.99298E-05 0.795709 9.99298E-05 9.99298E-05 0.0889961 9.99298E-05 0.0245769 9.99298E-05
9.994E-05 0.140048 0.0235631 9.994E-05 0.0503536 0.723549 9.994E-05 0.00516116 9.994E-05 9.994E-05 0.0567249 9.994E-05
0.0502317 9.99297E-05 0.0681256 9.99297E-05 9.99297E-05 0.790768 9.99297E-05 9.99297E-05 9.99297E-05 9.99297E-05 9.99297E-05 0.0900754
9.99474E-05 0.329152 0.0266592 9.99474E-05 0.130606 0.394997 9.99474E-05 9.99474E-05 0.0861654 9.99474E-05 0.0318201 9.99474E-05
9.993E-05 0.29492 9.993E-05 9.993E-05 0.154895 0.353366 9.993E-05 9.993E-05 0.0289362 9.993E-05 9.993E-05 0.167184
9.99297E-05 0.0187246 9.99297E-05 0.0766579 9.99297E-05 0.851139 9.99297E-05 9.99297E-05 9.99297E-05 9.99297E-05 9.99297E-05 0.0526788
9.99298E-05 0.103496 9.99298E-05 9.99298E-05 9.99298E-05 0.806758 9.99298E-05 9.99298E-05 9.99298E-05 0.0456736 0.043273 9.99298E-05
9.9921E-05 0.00896858 9.9921E-05 9.9921E-05 9.9921E-05 0.880614 0.109518 9.9921E-05 9.9921E-05 9.9921E-05 9.9921E-05 9.9921E-05
9.99297E-05 0.164853 9.99297E-05 9.99297E-05 9.99297E-05 0.714814 9.99297E-05 9.99297E-05 0.0882538 9.99297E-05 9.99297E-05 0.0312799
9.996E-05 9.996E-05 0.0360966 0.013377 9.996E-05 0.729582 0.0905449 9.996E-05 0.0113787 0.0260959 0.0238344 0.0686911
9.99473E-05 0.235342 9.99473E-05 9.99473E-05 0.0583341 0.277576 9.99473E-05 0.252323 0.125306 9.99473E-05 0.0505193 9.99473E-05
9.99386E-05 9.99386E-05 9.99386E-05 9.99386E-05 0.272993 0.621467 9.99386E-05 0.00985326 9.99386E-05 9.99386E-05 0.0247684 0.0702189
9.99386E-05 0.149413 9.99386E-05 0.0118622 9.99386E-05 0.757843 9.99386E-05 0.0643202 9.99386E-05 0.015862 9.99386E-05 9.99386E-05
9.99562E-05 0.0765206 9.99562E-05 0.0189686 9.99562E-05 0.583897 0.244725 0.0484412 9.99562E-05 0.0161223 0.0108256 9.99562E-05
9.99473E-05 0.130445 9.99473E-05 0.00131431 0.0515701 0.772734 9.99473E-05 9.99473E-05 9.99473E-05 9.99473E-05 0.0206818 0.0226555
9.99385E-05 9.99385E-05 9.99385E-05 0.0093774 9.99385E-05 0.671809 9.99385E-05 0.175761 0.00142439 9.99385E-05 9.99385E-05 0.140928
9.99385E-05 0.00719745 0.0950117 9.99385E-05 9.99385E-05 0.736389 9.99385E-05 9.99385E-05 9.99385E-05 0.131831 9.99385E-05 0.0288708
9.99297E-05 0.0985293 9.99297E-05 9.99297E-05 0.0875817 0.733192 9.99297E-05 9.99297E-05 0.0798977 9.99297E-05 9.99297E-05 9.99297E-05
9.99385E-05 0.0327265 9.99385E-05 9.99385E-05 9.99385E-05 0.907055 9.99385E-05 9.99385E-05 0.0370541 9.99385E-05 0.0123487 0.0101158
9.99649E-05 0.247716 0.258674 9.99649E-05 0.0383213 0.0718015 9.99649E-05 0.114582 0.103438 0.125355 0.0397125 9.99649E-05
9.994E-05 0.1127 0.243636 9.994E-05 0.246759 0.326123 0.0572389 9.994E-05 0.0129444 9.994E-05 9.994E-05 9.994E-05
0.148292 0.0248417 0.273909 9.99561E-05 9.99561E-05 0.28663 0.0746518 9.99561E-05 0.0261322 0.165044 9.99561E-05 9.99561E-05
9.99561E-05 0.0675667 0.40913 9.99561E-05 0.00573369 9.99561E-05 0.00836575 0.322503 9.99561E-05 0.0987835 0.087417 9.99561E-05
9.99737E-05 0.227312 0.233022 0.196025 9.99737E-05 0.0782143 0.0232693 0.0391499 0.068504 0.0379228 0.0962812 9.99737E-05
9.99473E-05 0.28669 0.154241 9.99473E-05 0.121367 9.99473E-05 9.99473E-05 0.325885 9.99473E-05 0.0647833 0.0464348 9.99473E-05
9.99298E-05 0.203194 0.535224 9.99298E-05 0.155654 9.99298E-05 9.99298E-05 9.99298E-05 0.105129 9.99298E-05 9.99298E-05 9.99298E-05
9.99385E-05 0.150673 0.312961 9.99385E-05 9.99385E-05 9.99385E-05 9.99385E-05 0.30931 9.99385E-05 0.20194 0.0244164 9.99385E-05
0.022791 0.137156 0.360039 9.99474E-05 9.99474E-05 0.212388 9.99474E-05 0.157537 9.99474E-05 0.10949 9.99474E-05 9.99474E-05
9.99473E-05 0.176655 0.229174 9.99473E-05 0.0402061 0.332676 9.99473E-05 0.00438061 0.216308 9.99473E-05 9.99473E-05 9.99473E-05
9.995E-05 0.421948 0.0642075 0.0618313 9.995E-05 9.995E-05 9.995E-05 0.101671 0.230019 0.0546283 0.0651963 9.995E-05
9.997E-05 0.172687 0.334091 9.997E-05 0.0266086 0.0509662 0.180704 9.997E-05 0.115454 0.0172168 0.0276666 0.0743058
9.99649E-05 0.120156 9.99649E-05 9.99649E-05 9.99649E-05 0.0283007 0.119584 0.318151 0.16791 0.00364358 0.155968 0.0858872
9.99473E-05 0.359923 0.244859 9.99473E-05 9.99473E-05 0.0551755 0.0768972 0.127972 9.99473E-05 9.99473E-05 9.99473E-05 0.134573
9.995E-05 0.0894597 0.229253 9.995E-05 0.0261263 0.254552 0.124065 0.201801 0.0742434 9.995E-05 9.995E-05 9.995E-05
0.0552035 0.185846 0.196701 9.99649E-05 0.0655544 0.279093 9.99649E-05 0.0655506 0.121308 9.99649E-05 0.0303437 9.99649E-05
9.99561E-05 0.165042 0.211829 9.99561E-05 0.0193905 9.99561E-05 9.99561E-05 0.312284 9.99561E-05 0.159677 0.0150466 0.116231
9.996E-05 0.0839465 0.157645 9.996E-05 0.221643 0.127971 9.996E-05 0.0422461 0.208939 0.0276973 0.129512 9.996E-05
9.99562E-05 0.165661 0.148302 9.99562E-05 9.99562E-05 0.221495 0.0789546 0.0810227 0.101892 0.202173 9.99562E-05 9.99562E-05
9.99561E-05 0.351497 0.173914 9.99561E-05 0.0194498 9.99561E-05 0.16661 0.17834 0.0663136 0.0433769 9.99561E-05 9.99561E-05
0.199456 0.210876 0.185556 9.9965E-05 9.9965E-05 0.256452 0.0728307 9.9965E-05 0.0250551 0.00591618 9.9965E-05 0.0434587
9.996E-05 0.199893 0.28348 9.996E-05 0.0624373 0.115316 0.0849645 0.184676 0.0442581 0.0245762 9.996E-05 9.996E-05
9.99562E-05 0.129442 0.188827 0.0363012 9.99562E-05 0.247675 9.99562E-05 0.340058 0.0148285 0.0423683 9.99562E-05 9.99562E-05
9.997E-05 0.177866 0.0511094 9.997E-05 0.130649 0.142998 9.997E-05 0.192093 0.0287703 0.121713 0.0416373 0.112863
9.99561E-05 0.195709 9.99561E-05 9.99561E-05 0.0124604 0.313615 9.99561E-05 0.175595 0.267753 0.0193101 0.0150576 9.99561E-05
0.0510433 0.164653 0.309449 0.0234214 9.99649E-05 0.327091 9.99649E-05 0.0182645 0.0651693 9.99649E-05 0.0405089 9.99649E-05
0.0477662 0.0899242 0.253482 9.99562E-05 0.0854814 0.401323 9.99562E-05 0.0211857 9.99562E-05 0.100338 9.99562E-05 9.99562E-05
0.0452752 0.128354 0.345986 0.100219 0.164495 0.175216 0.0106844 0.029371 9.9965E-05 9.9965E-05 9.9965E-05 9.9965E-05
9.99562E-05 0.17885 0.0957336 9.99562E-05 9.99562E-05 0.335535 9.99562E-05 0.0809915 9.99562E-05 0.223432 0.0527018 0.0322558
0.145521 0.296862 0.114135 0.00642662 9.99649E-05 0.242604 0.0568857 9.99649E-05 0.0128181 9.99649E-05 0.124347 9.99649E-05
9.99209E-05 0.174526 9.99209E-05 9.99209E-05 9.99209E-05 9.99209E-05 9.99209E-05 0.718925 9.99209E-05 9.99209E-05 0.10565 9.99209E-05
0.35434 0.0158428 9.99299E-05 9.99299E-05 9.99299E-05 9.99299E-05 9.99299E-05 0.579888 9.99299E-05 9.99299E-05 0.0491297 9.99299E-05
9.99122E-05 0.114342 9.99122E-05 9.99122E-05 9.99122E-05 9.99122E-05 9.99122E-05 0.884659 9.99122E-05 9.99122E-05 9.99122E-05 9.99122E-05
9.99209E-05 0.176836 9.99209E-05 9.99209E-05 9.99209E-05 9.99209E-05 9.99209E-05 0.793445 9.99209E-05 9.99209E-05 0.0288201 9.99209E-05
9.99121E-05 9.99121E-05 9.99121E-05 9.99121E-05 9.99121E-05 9.99121E-05 9.99121E-05 0.976565 9.99121E-05 9.99121E-05 0.0224361 9.99121E-05
9.99386E-05 0.0843147 0.074582 9.99386E-05 0.0103545 9.99386E-05 9.99386E-05 0.686057 9.99386E-05 9.99386E-05 0.143992 9.99386E-05
9.99298E-05 0.123399 9.99298E-05 9.99298E-05 9.99298E-05 9.99298E-05 9.99298E-05 0.744653 9.99298E-05 0.0136928 0.117455 9.99298E-05
9.99122E-05 9.99122E-05 9.99122E-05 9.99122E-05 9.99122E-05 9.99122E-05 9.99122E-05 0.825953 9.99122E-05 9.99122E-05 0.173048 9.99122E-05
9.99297E-05 9.99297E-05 0.269159 9.99297E-05 9.99297E-05 9.99297E-05 9.99297E-05 0.426641 0.0856171 9.99297E-05 0.217783 9.99297E-05
9.99209E-05 0.298196 9.99209E-05 9.99209E-05 9.99209E-05 9.99209E-05 9.99209E-05 0.51782 9.99209E-05 9.99209E-05 0.183084 9.99209E-05
0.192171 9.99298E-05 0.216768 9.99298E-05 9.99298E-05 9.99298E-05 9.99298E-05 0.528452 0.0618095 9.99298E-05 9.99298E-05 9.99298E-05
0.0517062 0.0412888 0.143143 9.99298E-05 9.99298E-05 9.99298E-05 9.99298E-05 0.763062 9.99298E-05 9.99298E-05 9.99298E-05 9.99298E-05
0.0242114 9.99211E-05 9.99211E-05 9.99211E-05 9.99211E-05 9.99211E-05 9.99211E-05 0.856767 9.99211E-05 9.99211E-05 0.118122 9.99211E-05
0.0220212 0.200297 9.99298E-05 9.99298E-05 9.99298E-05 9.99298E-05 9.99298E-05 0.648909 9.99298E-05 9.99298E-05 0.127973 9.99298E-05
9.99386E-05 9.99386E-05 9.99386E-05 0.0129802 9.99386E-05 9.99386E-05 0.00998507 0.744869 9.99386E-05 0.163716 0.06775 9.99386E-05
9.99473E-05 0.194882 0.0777821 0.00469089 9.99473E-05 9.99473E-05 9.99473E-05 0.698724 0.0100378 9.99473E-05 0.0132843 9.99473E-05
0.0371772 0.0225562 0.196161 9.99385E-05 9.99385E-05 9.99385E-05 9.99385E-05 0.628102 9.99385E-05 9.99385E-05 0.115303 9.99385E-05
9.99386E-05 9.99386E-05 9.99386E-05 9.99386E-05 0.052582 0.00455306 9.99386E-05 0.806555 0.0126887 9.99386E-05 0.122922 9.99386E-05
0.0437325 9.99386E-05 0.00580456 9.99386E-05 9.99386E-05 9.99386E-05 9.99386E-05 0.893115 0.0225769 9.99386E-05 0.0340714 9.99386E-05
0.180744 0.0804425 9.99385E-05 0.105534 9.99385E-05 9.99385E-05 9.99385E-05 0.522157 9.99385E-05 9.99385E-05 0.110423 9.99385E-05
0.00448573 0.0729006 0.135645 9.99561E-05 9.99561E-05 9.99561E-05 9.99561E-05 0.724868 9.99561E-05 0.00928211 0.027813 0.0245059
9.99385E-05 0.0203285 9.99385E-05 9.99385E-05 9.99385E-05 9.99385E-05 9.99385E-05 0.953274 0.00178492 0.0167524 0.00716113 9.99385E-05
9.99473E-05 0.189546 0.0203511 0.0985408 9.99473E-05 9.99473E-05 9.99473E-05 0.37863 9.99473E-05 9.99473E-05 0.286369 0.0259636
0.0926835 0.0299466 9.99298E-05 9.99298E-05 9.99298E-05 9.99298E-05 9.99298E-05 0.683211 9.99298E-05 9.99298E-05 0.19336 9.99298E-05
9.99297E-05 0.24603 9.99297E-05 0.126485 9.99297E-05 9.99297E-05 9.99297E-05 0.468637 9.99297E-05 9.99297E-05 0.158049 9.99297E-05
0.141634 0.129085 0.113857 9.99473E-05 9.99473E-05 9.99473E-05 9.99473E-05 0.509199 9.99473E-05 0.00671598 0.0989088 9.99473E-05
0.55782 0.0540667 9.99386E-05 0.0815132 0.0166954 9.99386E-05 9.99386E-05 0.289205 9.99386E-05 9.99386E-05 9.99386E-05 9.99386E-05
9.99208E-05 0.0540604 9.99208E-05 9.99208E-05 9.99208E-05 9.99208E-05 9.99208E-05 0.888151 9.99208E-05 9.99208E-05 0.0568894 9.99208E-05
9.99298E-05 0.157651 0.0453136 9.99298E-05 9.99298E-05 9.99298E-05 9.99298E-05 0.609273 9.99298E-05 9.99298E-05 0.186962 9.99298E-05
0.00271773 0.112074 9.99386E-05 0.0104906 9.99386E-05 9.99386E-05 9.99386E-05 0.865493 0.00852568 9.99386E-05 9.99386E-05 9.99386E-05
9.99298E-05 0.225953 9.99298E-05 9.99298E-05 9.99298E-05 9.99298E-05 0.0587309 0.689062 0.0254545 9.99298E-05 9.99298E-05 9.99298E-05
9.9921E-05 9.9921E-05 9.9921E-05 0.039384 9.9921E-05 9.9921E-05 9.9921E-05 0.920567 9.9921E-05 0.0391495 9.9921E-05 9.9921E-05
9.99385E-05 0.184446 9.99385E-05 0.102982 9.99385E-05 9.99385E-05 9.99385E-05 0.419284 9.99385E-05 9.99385E-05 0.248742 0.0438464
9.99473E-05 0.0455905 9.99473E-05 0.123911 9.99473E-05 9.99473E-05 9.99473E-05 0.687705 0.0117956 0.0278079 0.102591 9.99473E-05
9.99122E-05 0.017535 9.99122E-05 9.99122E-05 9.99122E-05 9.99122E-05 9.99122E-05 0.981466 9.99122E-05 9.99122E-05 9.99122E-05 9.99122E-05
0.0700366 9.99385E-05 9.99385E-05 9.99385E-05 0.025306 9.99385E-05 9.99385E-05 0.76162 0.0770867 9.99385E-05 0.0652514 9.99385E-05
9.99296E-05 0.208602 9.99296E-05 9.99296E-05 9.99296E-05 9.99296E-05 9.99296E-05 0.682589 9.99296E-05 0.0160775 0.0919319 9.99296E-05
0.50569 9.99209E-05 9.99209E-05 9.99209E-05 9.99209E-05 9.99209E-05 9.99209E-05 0.407673 9.99209E-05 9.99209E-05 0.0857372 9.99209E-05
0.15276 0.0457234 9.99211E-05 9.99211E-05 9.99211E-05 9.99211E-05 9.99211E-05 0.800618 9.99211E-05 9.99211E-05 9.99211E-05 9.99211E-05
0.20027 9.99124E-05 9.99124E-05 9.99124E-05 9.99124E-05 9.99124E-05 9.99124E-05 0.79873 9.99124E-05 9.99124E-05 9.99124E-05 9.99124E-05
0.34547 9.9921E-05 9.9921E-05 9.9921E-05 9.9921E-05 9.9921E-05 9.9921E-05 0.61419 9.9921E-05 9.9921E-05 0.0394404 9.9921E-05
9.99473E-05 0.277245 0.0648695 9.99473E-05 9.99473E-05 9.99473E-05 9.99473E-05 0.497861 0.00447238 9.99473E-05 0.141059 0.0138931
9.99298E-05 0.000784092 9.99298E-05 9.99298E-05 9.99298E-05 9.99298E-05 9.99298E-05 0.882336 0.0293126 9.99298E-05 0.0867677 9.99298E-05
0.570002 0.0371224 9.99386E-05 0.103462 9.99386E-05 9.99386E-05 9.99386E-05 0.129487 9.99386E-05 9.99386E-05 0.159228 9.99386E-05
0.432562 0.0633086 9.9921E-05 9.9921E-05 9.9921E-05 9.9921E-05 9.9921E-05 0.50323 9.9921E-05 9.9921E-05 9.9921E-05 9.9921E-05
9.99561E-05 9.99561E-05 0.148562 0.0691828 9.99561E-05 9.99561E-05 0.0365156 0.512766 0.0132933 0.0360465 0.183134 9.99561E-05
0.0793782 0.143569 9.99474E-05 9.99474E-05 9.99474E-05 9.99474E-05 9.99474E-05 0.682932 0.012556 0.00191382 0.0790513 9.99474E-05
0.011535 0.0680525 0.0572672 9.99562E-05 0.0753106 9.99562E-05 9.99562E-05 0.585932 9.99562E-05 0.0189288 0.182474 9.99562E-05
9.9921E-05 0.257662 9.9921E-05 9.9921E-05 9.9921E-05 9.9921E-05 9.9921E-05 0.435902 9.9921E-05 9.9921E-05 0.305537 9.9921E-05
0.369219 0.0226477 9.9921E-05 9.9921E-05 9.9921E-05 9.9921E-05 9.9921E-05 0.607234 9.9921E-05 9.9921E-05 9.9921E-05 9.9921E-05
9.99385E-05 0.0873104 9.99385E-05 9.99385E-05 0.0635538 9.99385E-05 0.152745 0.688922 9.99385E-05 9.99385E-05 0.00676958 9.99385E-05
0.466852 0.0320533 9.99298E-05 9.99298E-05 9.99298E-05 9.99298E-05 9.99298E-05 0.415232 9.99298E-05 9.99298E-05 0.0850642 9.99298E-05
0.182262 0.185773 9.99386E-05 9.99386E-05 9.99386E-05 9.99386E-05 9.99386E-05 0.515633 0.00184731 9.99386E-05 0.113785 9.99386E-05
9.99209E-05 9.99209E-05 9.99209E-05 9.99209E-05 9.99209E-05 9.99209E-05 0.0559935 0.900755 9.99209E-05 9.99209E-05 0.0423521 9.99209E-05
9.99385E-05 9.99385E-05 9.99385E-05 0.0199377 0.0364723 9.99385E-05 0.0114035 0.868852 9.99385E-05 0.0626349 9.99385E-05 9.99385E-05
9.99297E-05 0.142013 0.173084 9.99297E-05 9.99297E-05 9.99297E-05 9.99297E-05 0.48432 9.99297E-05 9.99297E-05 0.199783 9.99297E-05
9.99209E-05 0.0715855 9.99209E-05 9.99209E-05 9.99209E-05 9.99209E-05 9.99209E-05 0.773202 9.99209E-05 9.99209E-05 0.154313 9.99209E-05
9.99209E-05 0.0327783 9.99209E-05 9.99209E-05 9.99209E-05 9.99209E-05 9.99209E-05 0.923967 0.0423553 9.99209E-05 9.99209E-05 9.99209E-05
0.0161058 0.0721785 9.99299E-05 0.0859139 9.99299E-05 9.99299E-05 9.99299E-05 0.825002 9.99299E-05 9.99299E-05 9.99299E-05 9.99299E-05
0.0968032 0.0204682 0.0650349 9.99385E-05 9.99385E-05 9.99385E-05 9.99385E-05 0.703285 9.99385E-05 9.99385E-05 0.113709 9.99385E-05
9.99032E-05 0.998901 9.99032E-05 9.99032E-05 9.99032E-05 9.99032E-05 9.99032E-05 9.99032E-05 9.99032E-05 9.99032E-05 9.99032E-05 9.99032E-05
9.99032E-05 9.99032E-05 9.99032E-05 9.99032E-05 9.99032E-05 9.99032E-05 9.99032E-05 9.99032E-05 9.99032E-05 9.99032E-05 0.998901 9.99032E-05
9.99032E-05 0.998901 9.99032E-05 9.99032E-05 9.99032E-05 9.99032E-05 9.99032E-05 9.99032E-05 9.99032E-05 9.99032E-05 9.99032E-05 9.99032E-05
9.99032E-05 9.99032E-05 9.99032E-05 9.99032E-05 9.99032E-05 9.99032E-05 9.99032E-05 9.99032E-05 9.99032E-05 9.99032E-05 0.998901 9.99032E-05
9.99032E-05 9.99032E-05 9.99032E-05 9.99032E-05 9.99032E-05 9.99032E-05 9.99032E-05 9.99032E-05 9.99032E-05 9.99032E-05 0.998901 9.99032E-05
9.99032E-05 9.99032E-05 9.99032E-05 9.99032E-05 9.99032E-05 9.99032E-05 9.99032E-05 9.99032E-05 9.99032E-05 9.99032E-05 0.998901 9.99032E-05
9.99032E-05 0.998901 9.99032E-05 9.99032E-05 9.99032E-05 9.99032E-05 9.99032E-05 9.99032E-05 9.99032E-05 9.99032E-05 9.99032E-05 9.99032E-05
9.99033E-05 9.99033E-05 9.99033E-05 9.99033E-05 9.99033E-05 9.99033E-05 9.99033E-05 9.99033E-05 9.99033E-05 9.99033E-05 0.998901 9.99033E-05
9.99032E-05 9.99032E-05 9.99032E-05 9.99032E-05 9.99032E-05 9.99032E-05 9.99032E-05 9.99032E-05 9.99032E-05 9.99032E-05 0.998901 9.99032E-05
9.99032E-05 0.998901 9.99032E-05 9.99032E-05 9.99032E-05 9.99032E-05 9.99032E-05 9.99032E-05 9.99032E-05 9.99032E-05 9.99032E-05 9.99032E-05
9.99032E-05 0.998901 9.99032E-05 9.99032E-05 9.99032E-05 9.99032E-05 9.99032E-05 9.99032E-05 9.99032E-05 9.99032E-05 9.99032E-05 9.99032E-05
9.99032E-05 0.998901 9.99032E-05 9.99032E-05 9.99032E-05 9.99032E-05 9.99032E-05 9.99032E-05 9.99032E-05 9.99032E-05 9.99032E-05 9.99032E-05
9.99033E-05 9.99033E-05 9.99033E-05 9.99033E-05 9.99033E-05 9.99033E-05 9.99033E-05 9.99033E-05 9.99033E-05 9.99033E-05 0.998901 9.99033E-05
9.99032E-05 9.99032E-05 9.99032E-05 9.99032E-05 9.99032E-05 9.99032E-05 9.99032E-05 9.99032E-05 9.99032E-05 9.99032E-05 0.998901 9.99032E-05
9.99032E-05 0.998901 9.99032E-05 9.99032E-05 9.99032E-05 9.99032E-05 9.99032E-05 9.99032E-05 9.99032E-05 9.99032E-05 9.99032E-05 9.99032E-05
9.99032E-05 0.998901 9.99032E-05 9.99032E-05 9.99032E-05 9.99032E-05 9.99032E-05 9.99032E-05 9.99032E-05 9.99032E-05 9.99032E-05 9.99032E-05
9.99473E-05 0.101431 9.99473E-05 0.0531606 0.091507 9.99473E-05 0.04237 0.639086 9.99473E-05 9.99473E-05 0.0718447 9.99473E-05
9.99033E-05 0.998901 9.99033E-05 9.99033E-05 9.99033E-05 9.99033E-05 9.99033E-05 9.99033E-05 9.99033E-05 9.99033E-05 9.99033E-05 9.99033E-05
9.99032E-05 9.99032E-05 9.99032E-05 9.99032E-05 9.99032E-05 9.99032E-05 9.99032E-05 9.99032E-05 9.99032E-05 9.99032E-05 0.998901 9.99032E-05
9.99032E-05 0.998901 9.99032E-05 9.99032E-05 9.99032E-05 9.99032E-05 9.99032E-05 9.99032E-05 9.99032E-05 9.99032E-05 9.99032E-05 9.99032E-05
9.99033E-05 0.998901 9.99033E-05 9.99033E-05 9.99033E-05 9.99033E-05 9.99033E-05 9.99033E-05 9.99033E-05 9.99033E-05 9.99033E-05 9.99033E-05
9.99032E-05 0.998901 9.99032E-05 9.99032E-05 9.99032E-05 9.99032E-05 9.99032E-05 9.99032E-05 9.99032E-05 9.99032E-05 9.99032E-05 9.99032E-05
9.99032E-05 9.99032E-05 9.99032E-05 9.99032E-05 9.99032E-05 9.99032E-05 9.99032E-05 9.99032E-05 9.99032E-05 9.99032E-05 0.998901 9.99032E-05
9.99032E-05 0.998901 9.99032E-05 9.99032E-05 9.99032E-05 9.99032E-05 9.99032E-05 9.99032E-05 9.99032E-05 9.99032E-05 9.99032E-05 9.99032E-05
9.99032E-05 9.99032E-05 9.99032E-05 9.99032E-05 9.99032E-05 9.99032E-05 9.99032E-05 9.99032E-05 9.99032E-05 9.99032E-05 0.998901 9.99032E-05
9.99032E-05 0.998901 9.99032E-05 9.99032E-05 9.99032E-05 9.99032E-05 9.99032E-05 9.99032E-05 9.99032E-05 9.99032E-05 9.99032E-05 9.99032E-05
9.99031E-05 0.998901 9.99031E-05 9.99031E-05 9.99031E-05 9.99031E-05 9.99031E-05 9.99031E-05 9.99031E-05 9.99031E-05 9.99031E-05 9.99031E-05
9.99033E-05 9.99033E-05 9.99033E-05 9.99033E-05 9.99033E-05 9.99033E-05 9.99033E-05 9.99033E-05 9.99033E-05 9.99033E-05 0.998901 9.99033E-05
9.99032E-05 9.99032E-05 9.99032E-05 9.99032E-05 9.99032E-05 9.99032E-05 9.99032E-05 9.99032E-05 9.99032E-05 9.99032E-05 0.998901 9.99032E-05
9.99033E-05 9.99033E-05 9.99033E-05 9.99033E-05 9.99033E-05 9.99033E-05 9.99033E-05 9.99033E-05 9.99033E-05 9.99033E-05 0.998901 9.99033E-05
9.99032E-05 0.998901 9.99032E-05 9.99032E-05 9.99032E-05 9.99032E-05 9.99032E-05 9.99032E-05 9.99032E-05 9.99032E-05 9.99032E-05 9.99032E-05
9.99032E-05 0.998901 9.99032E-05 9.99032E-05 9.99032E-05 9.99032E-05 9.99032E-05 9.99032E-05 9.99032E-05 9.99032E-05 9.99032E-05 9.99032E-05
9.99032E-05 0.998901 9.99032E-05 9.99032E-05 9.99032E-05 9.99032E-05 9.99032E-05 9.99032E-05 9.99032E-05 9.99032E-05 9.99032E-05 9.99032E-05
9.99032E-05 0.998901 9.99032E-05 9.99032E-05 9.99032E-05 9.99032E-05 9.99032E-05 9.99032E-05 9.99032E-05 9.99032E-05 9.99032E-05 9.99032E-05
9.99032E-05 0.998901 9.99032E-05 9.99032E-05 9.99032E-05 9.99032E-05 9.99032E-05 9.99032E-05 9.99032E-05 9.99032E-05 9.99032E-05 9.99032E-05
9.99033E-05 9.99033E-05 9.99033E-05 9.99033E-05 9.99033E-05 9.99033E-05 9.99033E-05 9.99033E-05 9.99033E-05 9.99033E-05 0.998901 9.99033E-05
9.99032E-05 9.99032E-05 9.99032E-05 9.99032E-05 9.99032E-05 9.99032E-05 9.99032E-05 9.99032E-05 9.99032E-05 9.99032E-05 0.998901 9.99032E-05
9.99032E-05 9.99032E-05 9.99032E-05 9.99032E-05 9.99032E-05 9.99032E-05 9.99032E-05 9.99032E-05 9.99032E-05 9.99032E-05 0.998901 9.99032E-05
9.99032E-05 0.998901 9.99032E-05 9.99032E-05 9.99032E-05 9.99032E-05 9.99032E-05 9.99032E-05 9.99032E-05 9.99032E-05 9.99032E-05 9.99032E-05
9.99033E-05 9.99033E-05 9.99033E-05 9.99033E-05 9.99033E-05 9.99033E-05 9.99033E-05 9.99033E-05 9.99033E-05 9.99033E-05 0.998901 9.99033E-05
9.99033E-05 9.99033E-05 9.99033E-05 9.99033E-05 9.99033E-05 9.99033E-05 9.99033E-05 9.99033E-05 9.99033E-05 9.99033E-05 0.998901 9.99033E-05
9.99033E-05 9.99033E-05 9.99033E-05 9.99033E-05 9.99033E-05 9.99033E-05 9.99033E-05 9.99033E-05 9.99033E-05 9.99033E-05 0.998901 9.99033E-05
9.99033E-05 9.99033E-05 9.99033E-05 9.99033E-05 9.99033E-05 9.99033E-05 9.99033E-05 9.99033E-05 9.99033E-05 9.99033E-05 0.998901 9.99033E-05
9.99032E-05 0.998901 9.99032E-05 9.99032E-05 9.99032E-05 9.99032E-05 9.99032E-05 9.99032E-05 9.99032E-05 9.99032E-05 9.99032E-05 9.99032E-05
9.99032E-05 9.99032E-05 9.99032E-05 9.99032E-05 9.99032E-05 9.99032E-05 9.99032E-05 9.99032E-05 9.99032E-05 9.99032E-05 0.998901 9.99032E-05
9.99032E-05 9.99032E-05 9.99032E-05 9.99032E-05 9.99032E-05 9.99032E-05 9.99032E-05 9.99032E-05 9.99032E-05 9.99032E-05 0.998901 9.99032E-05
9.99473E-05 0.0768038 9.99473E-05 0.0314894 0.177347 9.99473E-05 0.0105942 0.65777 9.99473E-05 9.99473E-05 0.0453954 9.99473E-05
9.99032E-05 0.998901 9.99032E-05 9.99032E-05 9.99032E-05 9.99032E-05 9.99032E-05 9.99032E-05 9.99032E-05 9.99032E-05 9.99032E-05 9.99032E-05
9.99032E-05 9.99032E-05 9.99032E-05 9.99032E-05 9.99032E-05 9.99032E-05 9.99032E-05 9.99032E-05 9.99032E-05 9.99032E-05 0.998901 9.99032E-05
9.99033E-05 9.99033E-05 9.99033E-05 9.99033E-05 9.99033E-05 9.99033E-05 9.99033E-05 9.99033E-05 9.99033E-05 9.99033E-05 0.998901 9.99033E-05
9.99032E-05 9.99032E-05 9.99032E-05 9.99032E-05 9.99032E-05 9.99032E-05 9.99032E-05 9.99032E-05 9.99032E-05 9.99032E-05 0.998901 9.99032E-05
9.99032E-05 9.99032E-05 9.99032E-05 9.99032E-05 9.99032E-05 9.99032E-05 9.99032E-05 9.99032E-05 9.99032E-05 9.99032E-05 0.998901 9.99032E-05
9.99031E-05 0.998901 9.99031E-05 9.99031E-05 9.99031E-05 9.99031E-05 9.99031E-05 9.99031E-05 9.99031E-05 9.99031E-05 9.99031E-05 9.99031E-05
9.99032E-05 9.99032E-05 9.99032E-05 9.99032E-05 9.99032E-05 9.99032E-05 9.99032E-05 9.99032E-05 9.99032E-05 9.99032E-05 0.998901 9.99032E-05
9.99032E-05 0.998901 9.99032E-05 9.99032E-05 9.99032E-05 9.99032E-05 9.99032E-05 9.99032E-05 9.99032E-05 9.99032E-05 9.99032E-05 9.99032E-05
9.99033E-05 9.99033E-05 9.99033E-05 9.99033E-05 9.99033E-05 9.99033E-05 9.99033E-05 9.99033E-05 9.99033E-05 9.99033E-05 0.998901 9.99033E-05
9.99032E-05 0.998901 9.99032E-05 9.99032E-05 9.99032E-05 9.99032E-05 9.99032E-05 9.99032E-05 9.99032E-05 9.99032E-05 9.99032E-05 9.99032E-05
9.99032E-05 9.99032E-05 9.99032E-05 9.99032E-05 9.99032E-05 9.99032E-05 9.99032E-05 9.99032E-05 9.99032E-05 9.99032E-05 0.998901 9.99032E-05
9.99033E-05 9.99033E-05 9.99033E-05 9.99033E-05 9.99033E-05 9.99033E-05 9.99033E-05 9.99033E-05 9.99033E-05 9.99033E-05 0.998901 9.99033E-05
9.99032E-05 9.99032E-05 9.99032E-05 9.99032E-05 9.99032E-05 9.99032E-05 9.99032E-05 9.99032E-05 9.99032E-05 9.99032E-05 0.998901 9.99032E-05
9.99032E-05 9.99032E-05 9.99032E-05 9.99032E-05 9.99032E-05 9.99032E-05 9.99032E-05 9.99032E-05 9.99032E-05 9.99032E-05 0.998901 9.99032E-05
9.99033E-05 9.99033E-05 9.99033E-05 9.99033E-05 9.99033E-05 9.99033E-05 9.99033E-05 9.99033E-05 9.99033E-05 9.99033E-05 0.998901 9.99033E-05
9.99032E-05 9.99032E-05 9.99032E-05 9.99032E-05 9.99032E-05 9.99032E-05 9.99032E-05 9.99032E-05 9.99032E-05 9.99032E-05 0.998901 9.99032E-05
9.99032E-05 0.998901 9.99032E-05 9.99032E-05 9.99032E-05 9.99032E-05 9.99032E-05 9.99032E-05 9.99032E-05 9.99032E-05 9.99032E-05 9.99032E-05
9.99031E-05 0.998901 9.99031E-05 9.99031E-05 9.99031E-05 9.99031E-05 9.99031E-05 9.99031E-05 9.99031E-05 9.99031E-05 9.99031E-05 9.99031E-05
9.99032E-05 0.998901 9.99032E-05 9.99032E-05 9.99032E-05 9.99032E-05 9.99032E-05 9.99032E-05 9.99032E-05 9.99032E-05 9.99032E-05 9.99032E-05
9.99033E-05 9.99033E-05 9.99033E-05 9.99033E-05 9.99033E-05 9.99033E-05 9.99033E-05 9.99033E-05 9.99033E-05 9.99033E-05 0.998901 9.99033E-05
9.99032E-05 0.998901 9.99032E-05 9.99032E-05 9.99032E-05 9.99032E-05 9.99032E-05 9.99032E-05 9.99032E-05 9.99032E-05 9.99032E-05 9.99032E-05
9.99032E-05 0.998901 9.99032E-05 9.99032E-05 9.99032E-05 9.99032E-05 9.99032E-05 9.99032E-05 9.99032E-05 9.99032E-05 9.99032E-05 9.99032E-05
9.99032E-05 0.998901 9.99032E-05 9.99032E-05 9.99032E-05 9.99032E-05 9.99032E-05 9.99032E-05 9.99032E-05 9.99032E-05 9.99032E-05 9.99032E-05
9.99032E-05 9.99032E-05 9.99032E-05 9.99032E-05 9.99032E-05 9.99032E-05 9.99032E-05 9.99032E-05 9.99032E-05 9.99032E-05 0.998901 9.99032E-05
9.99032E-05 9.99032E-05 9.99032E-05 9.99032E-05 9.99032E-05 9.99032E-05 9.99032E-05 9.99032E-05 9.99032E-05 9.99032E-05 0.998901 9.99032E-05
9.99033E-05 9.99033E-05 9.99033E-05 9.99033E-05 9.99033E-05 9.99033E-05 9.99033E-05 9.99033E-05 9.99033E-05 9.99033E-05 0.998901 9.99033E-05
9.99032E-05 0.998901 9.99032E-05 9.99032E-05 9.99032E-05 9.99032E-05 9.99032E-05 9.99032E-05 9.99032E-05 9.99032E-05 9.99032E-05 9.99032E-05
9.99032E-05 9.99032E-05 9.99032E-05 9.99032E-05 9.99032E-05 9.99032E-05 9.99032E-05 9.99032E-05 9.99032E-05 9.99032E-05 0.998901 9.99032E-05
9.99032E-05 9.99032E-05 9.99032E-05 9.99032E-05 9.99032E-05 9.99032E-05 9.99032E-05 9.99032E-05 9.99032E-05 9.99032E-05 0.998901 9.99032E-05
9.99032E-05 0.998901 9.99032E-05 9.99032E-05 9.99032E-05 9.99032E-05 9.99032E-05 9.99032E-05 9.99032E-05 9.99032E-05 9.99032E-05 9.99032E-05
9.99032E-05 9.99032E-05 9.99032E-05 9.99032E-05 9.99032E-05 9.99032E-05 9.99032E-05 9.99032E-05 9.99032E-05 9.99032E-05 0.998901 9.99032E-05
9.99032E-05 9.99032E-05 9.99032E-05 9.99032E-05 9.99032E-05 9.99032E-05 9.99032E-05 9.99032E-05 9.99032E-05 9.99032E-05 0.998901 9.99032E-05
9.99472E-05 0.206022 9.99472E-05 9.99472E-05 9.99472E-05 9.99472E-05 0.0900312 0.4795 0.136222 0.0473577 0.0402671 9.99472E-05
9.99032E-05 0.998901 9.99032E-05 9.99032E-05 9.99032E-05 9.99032E-05 9.99032E-05 9.99032E-05 9.99032E-05 9.99032E-05 9.99032E-05 9.99032E-05
9.99032E-05 9.99032E-05 9.99032E-05 9.99032E-05 9.99032E-05 9.99032E-05 9.99032E-05 9.99032E-05 9.99032E-05 9.99032E-05 0.998901 9.99032E-05
9.99211E-05 9.99211E-05 9.99211E-05 9.99211E-05 9.99211E-05 9.99211E-05 9.99211E-05 0.569685 0.0597743 9.99211E-05 0.369641 9.99211E-05
9.9921E-05 0.120615 9.9921E-05 9.9921E-05 9.9921E-05 9.9921E-05 9.9921E-05 0.644533 9.9921E-05 9.9921E-05 0.233952 9.9921E-05
9.99209E-05 0.309191 9.99209E-05 9.99209E-05 9.99209E-05 9.99209E-05 9.99209E-05 0.673781 9.99209E-05 9.99209E-05 0.0161289 9.99209E-05
9.99296E-05 0.0496437 9.99296E-05 9.99296E-05 0.0155944 9.99296E-05 9.99296E-05 0.927719 9.99296E-05 0.00624393 9.99296E-05 9.99296E-05
9.99209E-05 0.227135 9.99209E-05 9.99209E-05 9.99209E-05 9.99209E-05 9.99209E-05 0.591292 9.99209E-05 9.99209E-05 0.180674 9.99209E-05
0.325663 9.99387E-05 0.0172434 9.99387E-05 9.99387E-05 9.99387E-05 9.99387E-05 0.532698 9.99387E-05 9.99387E-05 0.0310507 0.0926446
9.99298E-05 0.102434 9.99298E-05 9.99298E-05 0.0735116 9.99298E-05 9.99298E-05 0.544684 9.99298E-05 9.99298E-05 0.278572 9.99298E-05
9.99297E-05 9.99297E-05 9.99297E-05 9.99297E-05 9.99297E-05 9.99297E-05 9.99297E-05 0.765177 0.0343075 0.0834616 0.116254 9.99297E-05
0.235671 0.0387092 9.99473E-05 0.0539972 9.99473E-05 9.99473E-05 9.99473E-05 0.495049 0.00777618 9.99473E-05 0.168197 9.99473E-05
9.9921E-05 0.0821343 9.9921E-05 9.9921E-05 0.0359575 9.9921E-05 9.9921E-05 0.881009 9.9921E-05 9.9921E-05 9.9921E-05 9.9921E-05
0.104605 0.0938618 9.99385E-05 9.99385E-05 9.99385E-05 9.99385E-05 9.99385E-05 0.600661 0.0618314 9.99385E-05 0.138341 9.99385E-05
9.99121E-05 9.99121E-05 9.99121E-05 9.99121E-05 9.99121E-05 9.99121E-05 9.99121E-05 0.496749 9.99121E-05 9.99121E-05 0.502252 9.99121E-05
9.99297E-05 0.24787 9.99297E-05 9.99297E-05 9.99297E-05 9.99297E-05 9.99297E-05 0.511637 9.99297E-05 0.0454595 0.194234 9.99297E-05
9.99121E-05 9.99121E-05 9.99121E-05 9.99121E-05 9.99121E-05 9.99121E-05 9.99121E-05 0.965103 9.99121E-05 0.0338979 9.99121E-05 9.99121E-05
9.99209E-05 0.121179 9.99209E-05 9.99209E-05 9.99209E-05 9.99209E-05 9.99209E-05 0.82342 9.99209E-05 9.99209E-05 0.0545011 9.99209E-05
9.99473E-05 0.128404 0.0726596 9.99473E-05 9.99473E-05 9.99473E-05 9.99473E-05 0.63986 0.00614542 9.99473E-05 0.137421 0.0149105
0.094858 0.114439 0.00169839 0.0211334 9.99473E-05 9.99473E-05 9.99473E-05 0.615829 9.99473E-05 9.99473E-05 0.151443 9.99473E-05
9.99385E-05 0.312341 9.99385E-05 9.99385E-05 9.99385E-05 9.99385E-05 0.013368 0.608068 0.0584779 0.00704609 9.99385E-05 9.99385E-05
9.99297E-05 9.99297E-05 0.168949 0.0332607 9.99297E-05 9.99297E-05 9.99297E-05 0.763932 9.99297E-05 9.99297E-05 0.0330587 9.99297E-05
9.99297E-05 0.185107 9.99297E-05 9.99297E-05 9.99297E-05 9.99297E-05 9.99297E-05 0.716918 9.99297E-05 9.99297E-05 0.0648828 0.0322932
9.99297E-05 9.99297E-05 0.0209264 9.99297E-05 9.99297E-05 9.99297E-05 9.99297E-05 0.846496 9.99297E-05 9.99297E-05 0.0845658 0.0472124
9.9921E-05 9.9921E-05 9.9921E-05 9.9921E-05 9.9921E-05 9.9921E-05 0.0259126 0.829574 9.9921E-05 9.9921E-05 0.143614 9.9921E-05
9.994E-05 0.120908 9.994E-05 9.994E-05 9.994E-05 9.994E-05 0.11739 0.609798 0.0998506 0.00461825 0.0468352 9.994E-05
9.99121E-05 9.99121E-05 9.99121E-05 9.99121E-05 9.99121E-05 9.99121E-05 9.99121E-05 0.937256 9.99121E-05 9.99121E-05 0.0617444 9.99121E-05
9.99122E-05 9.99122E-05 9.99122E-05 9.99122E-05 9.99122E-05 9.99122E-05 9.99122E-05 0.962783 9.99122E-05 0.036218 9.99122E-05 9.99122E-05
0.552374 9.99209E-05 9.99209E-05 9.99209E-05 9.99209E-05 9.99209E-05 9.99209E-05 0.373399 9.99209E-05 9.99209E-05 0.0733269 9.99209E-05
9.99297E-05 0.0425646 9.99297E-05 9.99297E-05 9.99297E-05 9.99297E-05 9.99297E-05 0.914779 9.99297E-05 9.99297E-05 0.0146041 0.0272529
9.99297E-05 0.268664 9.99297E-05 9.99297E-05 0.0695966 9.99297E-05 9.99297E-05 0.417187 9.99297E-05 9.99297E-05 0.243753 9.99297E-05
9.99121E-05 9.99121E-05 9.99121E-05 0.0530212 9.99121E-05 9.99121E-05 9.99121E-05 0.94598 9.99121E-05 9.99121E-05 9.99121E-05 9.99121E-05
9.993E-05 0.0251861 9.993E-05 0.0413667 9.993E-05 9.993E-05 9.993E-05 0.714156 9.993E-05 0.0868304 0.131761 9.993E-05
9.99297E-05 0.120094 9.99297E-05 9.99297E-05 9.99297E-05 9.99297E-05 9.99297E-05 0.490502 9.99297E-05 9.99297E-05 0.337444 0.0511609
9.9921E-05 0.0534709 9.9921E-05 9.9921E-05 9.9921E-05 9.9921E-05 9.9921E-05 0.714194 9.9921E-05 9.9921E-05 0.231436 9.9921E-05
9.99384E-05 0.120212 0.184518 9.99384E-05 9.99384E-05 9.99384E-05 9.99384E-05 0.498202 9.99384E-05 9.99384E-05 0.192968 0.00340013
9.99385E-05 0.103892 9.99385E-05 9.99385E-05 9.99385E-05 9.99385E-05 9.99385E-05 0.674368 9.99385E-05 0.0175129 0.135468 0.0680592
9.99384E-05 0.150646 9.99384E-05 9.99384E-05 9.99384E-05 9.99384E-05 9.99384E-05 0.726125 0.0379655 0.0175424 0.0670214 9.99384E-05
9.99122E-05 0.13674 9.99122E-05 9.99122E-05 9.99122E-05 9.99122E-05 9.99122E-05 0.862261 9.99122E-05 9.99122E-05 9.99122E-05 9.99122E-05
0.536476 9.99121E-05 9.99121E-05 9.99121E-05 9.99121E-05 9.99121E-05 9.99121E-05 0.462525 9.99121E-05 9.99121E-05 9.99121E-05 9.99121E-05
9.99385E-05 0.154502 9.99385E-05 9.99385E-05 0.0207711 9.99385E-05 0.0485294 0.6996 0.0758986 9.99385E-05 9.99385E-05 9.99385E-05
9.9921E-05 9.9921E-05 9.9921E-05 9.9921E-05 9.9921E-05 9.9921E-05 0.0403476 0.95691 0.0018433 9.9921E-05 9.9921E-05 9.9921E-05
9.99297E-05 0.0292336 9.99297E-05 9.99297E-05 9.99297E-05 9.99297E-05 9.99297E-05 0.659589 9.99297E-05 9.99297E-05 0.151013 0.159365
9.99209E-05 0.20452 9.99209E-05 9.99209E-05 9.99209E-05 9.99209E-05 9.99209E-05 0.768581 9.99209E-05 9.99209E-05 0.0260003 9.99209E-05
9.99299E-05 0.00034057 9.99299E-05 0.0472833 9.99299E-05 9.99299E-05 9.99299E-05 0.907744 9.99299E-05 9.99299E-05 0.0438327 9.99299E-05
9.99385E-05 0.0352311 9.99385E-05 9.99385E-05 0.0948029 9.99385E-05 9.99385E-05 0.640055 9.99385E-05 9.99385E-05 0.206556 0.0226555
9.99298E-05 0.00142185 0.0162435 9.99298E-05 9.99298E-05 9.99298E-05 9.99298E-05 0.487469 9.99298E-05 9.99298E-05 0.494066 9.99298E-05
9.99297E-05 0.25837 9.99297E-05 9.99297E-05 9.99297E-05 9.99297E-05 9.99297E-05 0.37563 9.99297E-05 0.00882472 0.356376 9.99297E-05
9.99209E-05 0.0493954 9.99209E-05 9.99209E-05 9.99209E-05 9.99209E-05 9.99209E-05 0.776965 9.99209E-05 9.99209E-05 0.17274 9.99209E-05
0.432814 9.99209E-05 9.99209E-05 9.99209E-05 9.99209E-05 9.99209E-05 9.99209E-05 0.5603 9.99209E-05 0.00598616 9.99209E-05 9.99209E-05
9.99385E-05 0.0448248 9.99385E-05 0.00369627 9.99385E-05 9.99385E-05 9.99385E-05 0.70561 0.00721795 9.99385E-05 0.237952 9.99385E-05
0.353875 9.9921E-05 9.9921E-05 9.9921E-05 9.9921E-05 9.9921E-05 9.9921E-05 0.635485 9.9921E-05 9.9921E-05 9.9921E-05 0.00974099
9.99561E-05 0.100292 0.150375 9.99561E-05 0.0400134 9.99561E-05 0.170458 0.355932 9.99561E-05 0.0118583 0.170572 9.99561E-05
0.396408 9.99297E-05 0.0996573 9.99297E-05 9.99297E-05 9.99297E-05 9.99297E-05 0.489042 9.99297E-05 0.0140934 9.99297E-05 9.99297E-05
9.99122E-05 0.27857 9.99122E-05 9.99122E-05 9.99122E-05 9.99122E-05 9.99122E-05 0.720431 9.99122E-05 9.99122E-05 9.99122E-05 9.99122E-05
9.99384E-05 0.149969 0.186352 9.99384E-05 9.99384E-05 9.99384E-05 9.99384E-05 0.574912 0.010632 9.99384E-05 9.99384E-05 0.0774352
9.99209E-05 9.99209E-05 0.210529 9.99209E-05 9.99209E-05 9.99209E-05 9.99209E-05 0.671863 9.99209E-05 9.99209E-05 0.116708 9.99209E-05
9.99201E-05 9.99201E-05 9.99201E-05 9.99201E-05 9.99201E-05 9.99201E-05 0.0452284 0.796404 9.99201E-05 9.99201E-05 0.0447309 0.112837
9.99122E-05 9.99122E-05 9.99122E-05 9.99122E-05 9.99122E-05 9.99122E-05 9.99122E-05 0.738037 9.99122E-05 9.99122E-05 0.260964 9.99122E-05
0.578967 0.192034 0.0186972 9.99561E-05 9.99561E-05 9.99561E-05 9.99561E-05 0.131322 0.0556464 0.0222038 0.000628745 9.99561E-05
0.207041 9.99209E-05 9.99209E-05 9.99209E-05 9.99209E-05 9.99209E-05 9.99209E-05 0.653509 9.99209E-05 9.99209E-05 0.138551 9.99209E-05
9.9921E-05 0.165324 9.9921E-05 9.9921E-05 9.9921E-05 9.9921E-05 9.9921E-05 0.67545 9.9921E-05 9.9921E-05 0.158327 9.9921E-05
0.0980505 0.169442 0.105006 9.99385E-05 9.99385E-05 9.99385E-05 9.99385E-05 0.441016 9.99385E-05 9.99385E-05 0.185785 9.99385E-05
0.416262 9.99209E-05 9.99209E-05 9.99209E-05 9.99209E-05 9.99209E-05 9.99209E-05 0.575663 9.99209E-05 9.99209E-05 0.00717595 9.99209E-05
0.511434 9.9921E-05 9.9921E-05 9.9921E-05 9.9921E-05 9.9921E-05 9.9921E-05 0.372274 9.9921E-05 9.9921E-05 0.115392 9.9921E-05
0.557721 0.159968 9.99473E-05 9.99473E-05 0.0272041 9.99473E-05 9.99473E-05 0.211303 0.0257593 9.99473E-05 0.0174458 9.99473E-05
9.99298E-05 0.0628742 9.99298E-05 9.99298E-05 9.99298E-05 9.99298E-05 9.99298E-05 0.848094 0.0440266 9.99298E-05 0.0442057 9.99298E-05
9.99209E-05 9.99209E-05 9.99209E-05 0.0116274 9.99209E-05 9.99209E-05 9.99209E-05 0.892847 9.99209E-05 9.99209E-05 0.094626 9.99209E-05
9.99123E-05 9.99123E-05 9.99123E-05 9.99123E-05 9.99123E-05 9.99123E-05 9.99123E-05 0.819716 9.99123E-05 9.99123E-05 0.179285 9.99123E-05
0.426768 0.0564404 9.99298E-05 9.99298E-05 9.99298E-05 9.99298E-05 9.99298E-05 0.442957 9.99298E-05 9.99298E-05 0.0730353 9.99298E-05
9.99298E-05 0.107858 0.0712882 9.99298E-05 9.99298E-05 9.99298E-05 9.99298E-05 0.610236 9.99298E-05 9.99298E-05 0.209819 9.99298E-05
9.99208E-05 0.20302 9.99208E-05 9.99208E-05 9.99208E-05 9.99208E-05 9.99208E-05 0.782489 0.0135919 9.99208E-05 9.99208E-05 9.99208E-05
