9.99297E-05 0.147939 9.99297E-05 9.99297E-05 0.403367 9.99297E-05 0.221581 0.0598049 9.99297E-05 9.99297E-05 9.99297E-05 0.0983744 0.0681342 9.99297E-05
9.99298E-05 0.161333 9.99298E-05 9.99298E-05 0.740085 0.0189209 0.0470398 9.99298E-05 9.99298E-05 9.99298E-05 9.99298E-05 0.020625 0.0111965 9.99298E-05
9.99209E-05 9.99209E-05 9.99209E-05 0.0509178 0.871738 9.99209E-05 9.99209E-05 0.0265828 9.99209E-05 9.99209E-05 0.00206737 0.0477947 9.99209E-05 9.99209E-05
9.994E-05 9.994E-05 9.994E-05 0.124384 0.25658 0.0285187 0.0847434 9.994E-05 0.0257918 0.367039 9.994E-05 0.0484672 0.0638764 9.994E-05
9.99122E-05 0.0111795 9.99122E-05 9.99122E-05 0.859975 9.99122E-05 9.99122E-05 9.99122E-05 0.00292389 9.99122E-05 0.124923 9.99122E-05 9.99122E-05 9.99122E-05
9.99473E-05 0.0850889 9.99473E-05 0.364897 0.287855 9.99473E-05 0.0259812 9.99473E-05 0.0404757 0.109806 0.0635241 9.99473E-05 9.99473E-05 0.0217731
9.99474E-05 0.0825529 0.0480225 9.99474E-05 0.265773 9.99474E-05 0.174569 0.104183 9.99474E-05 0.132262 9.99474E-05 0.00390312 0.188134 9.99474E-05
9.99474E-05 9.99474E-05 0.0601158 0.0293442 0.201472 9.99474E-05 0.251236 9.99474E-05 0.149636 0.118965 0.140873 9.99474E-05 9.99474E-05 0.0477588
9.99298E-05 0.0314677 9.99298E-05 9.99298E-05 0.212993 9.99298E-05 9.99298E-05 0.18805 0.223573 9.99298E-05 0.0878241 0.255293 9.99298E-05 9.99298E-05
9.99034E-05 9.99034E-05 9.99034E-05 9.99034E-05 0.835247 9.99034E-05 9.99034E-05 9.99034E-05 9.99034E-05 0.0088006 9.99034E-05 0.154854 9.99034E-05 9.99034E-05
9.9921E-05 9.9921E-05 9.9921E-05 9.9921E-05 0.487154 9.9921E-05 0.155359 9.9921E-05 0.0185671 9.9921E-05 9.9921E-05 0.203171 0.13485 9.9921E-05
9.99034E-05 9.99034E-05 0.0500118 9.99034E-05 0.934104 9.99034E-05 9.99034E-05 9.99034E-05 9.99034E-05 0.014785 9.99034E-05 9.99034E-05 9.99034E-05 9.99034E-05
9.99034E-05 9.99034E-05 9.99034E-05 9.99034E-05 0.791328 9.99034E-05 0.130915 9.99034E-05 9.99034E-05 9.99034E-05 9.99034E-05 0.0766573 9.99034E-05 9.99034E-05
0.015983 9.99386E-05 0.0713668 0.124597 0.681715 9.99386E-05 0.0138522 9.99386E-05 9.99386E-05 9.99386E-05 9.99386E-05 0.0315389 0.0602475 9.99386E-05
9.99473E-05 0.025291 9.99473E-05 0.13988 0.305042 9.99473E-05 0.168677 0.0372139 0.142709 0.0284003 9.99473E-05 0.152187 9.99473E-05 9.99473E-05
9.99385E-05 9.99385E-05 0.13422 0.0301557 0.257351 9.99385E-05 0.0770292 9.99385E-05 0.183217 0.217954 9.99385E-05 0.0993737 9.99385E-05 9.99385E-05
0.0587879 0.10939 0.0070849 9.99386E-05 0.518095 9.99386E-05 9.99386E-05 9.99386E-05 9.99386E-05 0.120449 9.99386E-05 0.118249 0.0672444 9.99386E-05
9.99386E-05 9.99386E-05 9.99386E-05 9.99386E-05 0.11719 0.126718 0.360667 0.0195816 0.0679806 9.99386E-05 9.99386E-05 0.122243 9.99386E-05 0.18492
9.99473E-05 9.99473E-05 9.99473E-05 9.99473E-05 0.287155 0.00703068 0.146525 0.0616392 0.217008 0.121858 9.99473E-05 0.108208 9.99473E-05 0.0499761
9.99123E-05 9.99123E-05 9.99123E-05 9.99123E-05 0.88345 0.0616113 9.99123E-05 9.99123E-05 9.99123E-05 0.0463432 9.99123E-05 9.99123E-05 0.00759621 9.99123E-05
9.99473E-05 9.99473E-05 0.0174713 9.99473E-05 0.519242 0.0242561 9.99473E-05 0.0216994 0.100518 0.18488 9.99473E-05 0.0403438 0.0909902 9.99473E-05
9.99386E-05 9.99386E-05 9.99386E-05 0.169297 0.20034 9.99386E-05 0.324016 9.99386E-05 0.085256 0.032534 0.160319 9.99386E-05 0.0275387 9.99386E-05
9.99211E-05 9.99211E-05 9.99211E-05 0.0963722 0.612748 9.99211E-05 9.99211E-05 9.99211E-05 9.99211E-05 9.99211E-05 9.99211E-05 0.200441 0.0512579 0.0382819
9.99122E-05 9.99122E-05 9.99122E-05 9.99122E-05 0.338545 9.99122E-05 0.343578 0.0659983 9.99122E-05 9.99122E-05 9.99122E-05 0.25088 9.99122E-05 9.99122E-05
9.99561E-05 9.99561E-05 9.99561E-05 0.191393 0.280795 0.0998279 0.0793281 0.00130528 0.0799138 0.0189527 9.99561E-05 0.231525 0.0164596 9.99561E-05
9.9921E-05 9.9921E-05 9.9921E-05 0.073047 0.653958 9.9921E-05 0.0867963 9.9921E-05 9.9921E-05 9.9921E-05 0.1154 0.0699 9.9921E-05 9.9921E-05
9.99385E-05 9.99385E-05 0.0572284 0.218774 0.00730158 9.99385E-05 0.448385 9.99385E-05 0.0267912 9.99385E-05 9.99385E-05 0.112891 9.99385E-05 0.12793
9.99123E-05 9.99123E-05 9.99123E-05 9.99123E-05 0.733168 9.99123E-05 0.0472568 9.99123E-05 9.99123E-05 0.0930549 9.99123E-05 0.125521 9.99123E-05 9.99123E-05
9.9921E-05 9.9921E-05 9.9921E-05 0.0391392 0.601391 9.9921E-05 0.116132 0.0281678 9.9921E-05 9.9921E-05 9.9921E-05 0.214271 9.9921E-05 9.9921E-05
0.0242539 9.99386E-05 9.99386E-05 0.113237 0.75672 0.0230582 9.99386E-05 9.99386E-05 0.0605048 9.99386E-05 9.99386E-05 0.0138787 9.99386E-05 0.00764755
9.99297E-05 9.99297E-05 9.99297E-05 9.99297E-05 0.672004 0.0338427 0.106716 9.99297E-05 0.0240318 9.99297E-05 9.99297E-05 0.0734747 0.0891317 9.99297E-05
9.99298E-05 9.99298E-05 9.99298E-05 0.233642 0.474059 9.99298E-05 0.00364726 9.99298E-05 9.99298E-05 0.229787 9.99298E-05 0.0327902 0.0252753 9.99298E-05
9.99297E-05 9.99297E-05 0.0142722 0.0615333 0.513295 9.99297E-05 0.195201 9.99297E-05 9.99297E-05 9.99297E-05 9.99297E-05 0.14888 0.0660187 9.99297E-05
9.99298E-05 9.99298E-05 9.99298E-05 0.187532 0.472152 9.99298E-05 0.120072 9.99298E-05 9.99298E-05 0.00496398 9.99298E-05 0.14267 9.99298E-05 0.0718095
9.9921E-05 9.9921E-05 9.9921E-05 9.9921E-05 0.802195 0.0512805 9.9921E-05 9.9921E-05 0.040258 9.9921E-05 9.9921E-05 0.0608747 0.0444929 9.9921E-05
9.99298E-05 9.99298E-05 9.99298E-05 9.99298E-05 0.680716 9.99298E-05 0.115613 0.0271437 0.0268343 0.112977 9.99298E-05 0.0359161 9.99298E-05 9.99298E-05
9.99298E-05 0.00921702 0.0165961 9.99298E-05 0.734047 9.99298E-05 0.0679771 9.99298E-05 9.99298E-05 0.149604 9.99298E-05 9.99298E-05 0.021759 9.99298E-05
0.0315778 0.104827 9.99298E-05 9.99298E-05 0.589687 0.121447 9.99298E-05 9.99298E-05 0.116103 9.99298E-05 9.99298E-05 0.0355593 9.99298E-05 9.99298E-05
0.0164616 0.17419 9.99561E-05 0.046263 0.567246 9.99561E-05 9.99561E-05 9.99561E-05 0.0185272 0.00497462 0.0422539 0.10393 0.0256531 9.99561E-05
9.9921E-05 9.9921E-05 0.109017 0.20877 0.547447 9.9921E-05 9.9921E-05 9.9921E-05 9.9921E-05 9.9921E-05 9.9921E-05 0.125295 0.00857148 9.9921E-05
9.99298E-05 9.99298E-05 9.99298E-05 9.99298E-05 0.800825 9.99298E-05 0.0492441 9.99298E-05 0.0206078 0.0390347 9.99298E-05 0.0771446 0.0123443 9.99298E-05
9.99123E-05 9.99123E-05 9.99123E-05 9.99123E-05 0.566294 9.99123E-05 0.325173 9.99123E-05 0.0212178 9.99123E-05 9.99123E-05 0.086317 9.99123E-05 9.99123E-05
0.0698278 9.99035E-05 9.99035E-05 9.99035E-05 0.817567 9.99035E-05 0.111506 9.99035E-05 9.99035E-05 9.99035E-05 9.99035E-05 9.99035E-05 9.99035E-05 9.99035E-05
9.99386E-05 0.0232267 9.99386E-05 9.99386E-05 0.360147 9.99386E-05 0.150205 0.0775786 0.0676293 9.99386E-05 9.99386E-05 0.305114 0.0153995 9.99386E-05
9.99298E-05 9.99298E-05 9.99298E-05 9.99298E-05 0.193612 9.99298E-05 0.320049 0.0573131 9.99298E-05 0.1631 0.0787873 0.18634 9.99298E-05 9.99298E-05
9.99297E-05 9.99297E-05 9.99297E-05 9.99297E-05 0.815413 0.0601219 9.99297E-05 9.99297E-05 0.000316258 0.0328141 0.0347539 0.0557818 9.99297E-05 9.99297E-05
9.99298E-05 9.99298E-05 9.99298E-05 9.99298E-05 0.71007 9.99298E-05 9.99298E-05 9.99298E-05 0.0188586 0.0445746 9.99298E-05 0.0915932 0.0588933 0.0752104
9.99035E-05 9.99035E-05 0.00207988 9.99035E-05 0.969161 9.99035E-05 9.99035E-05 9.99035E-05 9.99035E-05 9.99035E-05 9.99035E-05 0.0276606 9.99035E-05 9.99035E-05
9.99209E-05 9.99209E-05 9.99209E-05 9.99209E-05 0.660678 9.99209E-05 0.0752337 9.99209E-05 9.99209E-05 0.0856157 9.99209E-05 0.118936 0.0586374 9.99209E-05
9.99387E-05 0.0890521 0.109002 9.99387E-05 0.669912 9.99387E-05 9.99387E-05 9.99387E-05 0.0177684 9.99387E-05 0.064601 9.99387E-05 0.0146118 0.0343536
9.99385E-05 9.99385E-05 9.99385E-05 0.121861 0.316717 9.99385E-05 0.064295 9.99385E-05 0.0384071 0.121647 9.99385E-05 0.1938 0.142574 9.99385E-05
9.99737E-05 9.99737E-05 0.0339035 0.0163277 0.531171 0.00628414 0.135624 0.073249 0.0104393 0.102717 0.0634884 0.013428 9.99737E-05 0.0130682
9.99211E-05 0.0275856 9.99211E-05 0.060962 0.757157 9.99211E-05 9.99211E-05 9.99211E-05 9.99211E-05 9.99211E-05 9.99211E-05 0.0478397 9.99211E-05 0.105557
9.99299E-05 9.99299E-05 0.252367 0.0197305 0.628512 9.99299E-05 9.99299E-05 9.99299E-05 0.0174234 9.99299E-05 0.022074 0.0590937 9.99299E-05 9.99299E-05
9.99298E-05 9.99298E-05 0.009165 9.99298E-05 0.765037 9.99298E-05 9.99298E-05 0.0264347 0.012473 0.0304314 9.99298E-05 0.155659 9.99298E-05 9.99298E-05
9.99123E-05 9.99123E-05 9.99123E-05 0.114646 0.712119 0.0688171 9.99123E-05 9.99123E-05 9.99123E-05 9.99123E-05 0.103419 9.99123E-05 9.99123E-05 9.99123E-05
9.99473E-05 0.0174405 0.00953128 9.99473E-05 0.717681 9.99473E-05 0.0437663 9.99473E-05 9.99473E-05 0.0684286 9.99473E-05 0.0325038 0.00164014 0.108409
9.99123E-05 9.99123E-05 9.99123E-05 9.99123E-05 0.70745 9.99123E-05 9.99123E-05 9.99123E-05 9.99123E-05 0.137981 9.99123E-05 0.102606 0.0509647 9.99123E-05
9.99298E-05 9.99298E-05 0.00241683 9.99298E-05 0.847903 9.99298E-05 9.99298E-05 0.00773048 9.99298E-05 0.0569219 0.0433266 9.99298E-05 9.99298E-05 0.0409021
9.99386E-05 0.135769 9.99386E-05 0.0451359 9.99386E-05 9.99386E-05 0.382876 9.99386E-05 0.0189092 9.99386E-05 9.99386E-05 0.211721 0.0703009 0.134589
9.99212E-05 0.195755 0.0432357 9.99212E-05 0.0946784 9.99212E-05 0.589047 0.0763839 9.99212E-05 9.99212E-05 9.99212E-05 9.99212E-05 9.99212E-05 9.99212E-05
0.147317 0.221891 0.0374407 9.99474E-05 0.11487 9.99474E-05 0.264434 9.99474E-05 9.99474E-05 9.99474E-05 9.99474E-05 0.0324222 0.00858588 0.17244
9.99299E-05 0.415688 9.99299E-05 0.258516 9.99299E-05 9.99299E-05 0.0881161 9.99299E-05 0.101214 9.99299E-05 9.99299E-05 0.0779979 9.99299E-05 0.0576687
9.99385E-05 0.0641555 9.99385E-05 9.99385E-05 9.99385E-05 0.027894 0.449424 9.99385E-05 0.0528126 0.129339 9.99385E-05 0.173031 9.99385E-05 0.102644
9.99209E-05 0.0594882 9.99209E-05 0.0739884 9.99209E-05 9.99209E-05 0.553001 9.99209E-05 0.0348865 9.99209E-05 9.99209E-05 0.277736 9.99209E-05 9.99209E-05
9.99297E-05 0.492535 9.99297E-05 9.99297E-05 9.99297E-05 9.99297E-05 0.0248014 9.99297E-05 0.0333784 0.22511 9.99297E-05 0.139788 0.0835885 9.99297E-05
9.99297E-05 0.187454 9.99297E-05 0.171914 9.99297E-05 9.99297E-05 0.187652 9.99297E-05 0.0418159 9.99297E-05 9.99297E-05 0.189912 9.99297E-05 0.220453
0.0916708 0.162353 9.99474E-05 9.99474E-05 0.0282916 9.99474E-05 0.492541 0.134715 0.00190688 9.99474E-05 9.99474E-05 0.0316027 9.99474E-05 0.0563187
9.99385E-05 0.159633 9.99385E-05 9.99385E-05 0.207673 9.99385E-05 0.365958 9.99385E-05 0.00964473 0.0709806 9.99385E-05 0.0972733 0.0881382 9.99385E-05
9.99385E-05 0.00560854 9.99385E-05 9.99385E-05 9.99385E-05 0.0110867 0.347073 9.99385E-05 0.0747469 0.0596707 9.99385E-05 0.299265 0.201849 9.99385E-05
9.993E-05 0.166227 0.0849272 9.993E-05 9.993E-05 9.993E-05 0.443386 9.993E-05 9.993E-05 0.0922302 9.993E-05 0.118927 0.0698674 0.023735
9.99561E-05 0.079794 0.0156771 0.19791 9.99561E-05 9.99561E-05 0.247633 9.99561E-05 0.110863 0.060194 0.0734651 0.0372337 0.176731 9.99561E-05
9.99121E-05 0.193526 9.99121E-05 9.99121E-05 9.99121E-05 9.99121E-05 0.513217 9.99121E-05 9.99121E-05 9.99121E-05 0.0336659 0.258591 9.99121E-05 9.99121E-05
9.99475E-05 0.154508 0.0145151 0.202577 0.137403 9.99475E-05 0.40501 0.0626705 9.99475E-05 9.99475E-05 9.99475E-05 0.00771982 0.0149978 9.99475E-05
0.119107 0.21294 9.99386E-05 9.99386E-05 0.0516276 9.99386E-05 0.428115 9.99386E-05 9.99386E-05 0.0215448 9.99386E-05 0.114783 9.99386E-05 0.0511836
9.99473E-05 0.23056 0.0169353 0.101956 9.99473E-05 9.99473E-05 0.280292 0.0587442 9.99473E-05 0.178004 9.99473E-05 0.0529207 9.99473E-05 0.0799875
9.99386E-05 0.0226137 9.99386E-05 9.99386E-05 9.99386E-05 9.99386E-05 0.562583 9.99386E-05 0.0856606 0.157173 9.99386E-05 0.0115615 0.126861 0.0328474
0.00737302 0.104641 9.99649E-05 0.0180189 0.119294 9.99649E-05 0.280301 9.99649E-05 0.0036346 0.00942162 9.99649E-05 0.165227 0.0820248 0.209665
9.99297E-05 0.095468 0.0565067 0.0786133 9.99297E-05 9.99297E-05 0.353446 9.99297E-05 9.99297E-05 9.99297E-05 9.99297E-05 0.321785 9.99297E-05 0.0933814
0.268561 0.0710249 9.99475E-05 9.99475E-05 0.0863411 9.99475E-05 0.347546 0.00148419 9.99475E-05 9.99475E-05 0.0911774 0.0925446 9.99475E-05 0.0407206
9.99209E-05 0.197623 9.99209E-05 0.0524911 9.99209E-05 9.99209E-05 0.691148 9.99209E-05 9.99209E-05 9.99209E-05 9.99209E-05 0.0408362 9.99209E-05 0.0170021
9.99299E-05 0.155949 9.99299E-05 0.306657 0.115329 9.99299E-05 0.363918 9.99299E-05 9.99299E-05 9.99299E-05 9.99299E-05 0.018563 9.99299E-05 0.0387856
9.99473E-05 0.0236147 9.99473E-05 0.162435 0.0655834 9.99473E-05 0.326327 0.112069 9.99473E-05 0.0735481 9.99473E-05 0.090224 9.99473E-05 0.145599
0.024245 9.99473E-05 9.99473E-05 0.0648132 0.090363 9.99473E-05 0.421035 9.99473E-05 0.0407283 0.0304297 9.99473E-05 0.186749 0.141037 9.99473E-05
0.0734631 0.252152 9.99474E-05 9.99474E-05 0.255664 0.0990717 0.210935 9.99474E-05 0.0180085 9.99474E-05 9.99474E-05 0.068723 0.021384 9.99474E-05
0.18617 0.0510727 9.99386E-05 9.99386E-05 0.101247 9.99386E-05 0.584733 0.00297266 9.99386E-05 9.99386E-05 9.99386E-05 0.00896111 9.99386E-05 0.0641444
0.0948947 0.242472 9.99387E-05 9.99387E-05 9.99387E-05 9.99387E-05 0.494084 0.028429 9.99387E-05 0.0120153 9.99387E-05 0.124437 9.99387E-05 0.00296806
9.99299E-05 0.0613302 9.99299E-05 9.99299E-05 0.15514 9.99299E-05 0.412198 9.99299E-05 0.00524918 9.99299E-05 9.99299E-05 0.183527 9.99299E-05 0.181756
0.216186 0.0750813 9.99474E-05 9.99474E-05 0.117567 0.00956963 0.179323 9.99474E-05 0.117226 9.99474E-05 9.99474E-05 0.25778 9.99474E-05 0.0266679
9.99034E-05 9.99034E-05 9.99034E-05 0.852792 9.99034E-05 9.99034E-05 9.99034E-05 9.99034E-05 0.0812034 9.99034E-05 9.99034E-05 0.0649058 9.99034E-05 9.99034E-05
0.389388 9.99122E-05 9.99122E-05 0.55545 9.99122E-05 9.99122E-05 9.99122E-05 9.99122E-05 0.03144 9.99122E-05 9.99122E-05 0.0227227 9.99122E-05 9.99122E-05
9.98946E-05 9.98946E-05 9.98946E-05 0.92411 9.98946E-05 9.98946E-05 9.98946E-05 9.98946E-05 9.98946E-05 9.98946E-05 9.98946E-05 0.074691 9.98946E-05 9.98946E-05
9.99121E-05 9.99121E-05 9.99121E-05 0.778457 9.99121E-05 9.99121E-05 9.99121E-05 9.99121E-05 9.99121E-05 9.99121E-05 9.99121E-05 0.182937 0.026128 0.0114786
9.99033E-05 9.99033E-05 9.99033E-05 0.940483 9.99033E-05 9.99033E-05 9.99033E-05 9.99033E-05 0.0544251 9.99033E-05 9.99033E-05 9.99033E-05 9.99033E-05 0.00399338
9.9921E-05 0.0697834 9.9921E-05 0.607684 9.9921E-05 9.9921E-05 9.9921E-05 9.9921E-05 0.153849 0.0145792 9.9921E-05 0.153204 9.9921E-05 9.9921E-05
9.9921E-05 9.9921E-05 9.9921E-05 0.839549 9.9921E-05 9.9921E-05 0.0118865 9.9921E-05 0.0324482 9.9921E-05 9.9921E-05 0.0637954 0.0514213 9.9921E-05
9.98946E-05 9.98946E-05 9.98946E-05 0.831119 9.98946E-05 9.98946E-05 9.98946E-05 9.98946E-05 0.167682 9.98946E-05 9.98946E-05 9.98946E-05 9.98946E-05 9.98946E-05
9.99121E-05 0.213692 9.99121E-05 0.43333 9.99121E-05 9.99121E-05 9.99121E-05 9.99121E-05 0.338521 9.99121E-05 9.99121E-05 0.0134572 9.99121E-05 9.99121E-05
9.99122E-05 9.99122E-05 9.99122E-05 0.521602 9.99122E-05 9.99122E-05 9.99122E-05 9.99122E-05 0.158248 0.00312153 9.99122E-05 0.316029 9.99122E-05 9.99122E-05
0.161024 0.232385 9.99123E-05 0.594634 9.99123E-05 9.99123E-05 9.99123E-05 9.99123E-05 0.010958 9.99123E-05 9.99123E-05 9.99123E-05 9.99123E-05 9.99123E-05
9.99036E-05 0.243929 9.99036E-05 0.729857 9.99036E-05 9.99036E-05 9.99036E-05 9.99036E-05 9.99036E-05 9.99036E-05 9.99036E-05 0.0251154 9.99036E-05 9.99036E-05
0.0624483 9.99035E-05 9.99035E-05 0.8509 9.99035E-05 9.99035E-05 9.99035E-05 9.99035E-05 0.0855529 9.99035E-05 9.99035E-05 9.99035E-05 9.99035E-05 9.99035E-05
0.0262666 9.99211E-05 9.99211E-05 0.567293 9.99211E-05 9.99211E-05 9.99211E-05 0.0231931 0.0932212 9.99211E-05 9.99211E-05 0.289126 9.99211E-05 9.99211E-05
9.99299E-05 9.99299E-05 9.99299E-05 0.772628 9.99299E-05 0.00216201 9.99299E-05 9.99299E-05 0.0549987 0.00885895 9.99299E-05 9.99299E-05 0.000514927 0.160038
9.9921E-05 0.118491 9.9921E-05 0.73631 9.9921E-05 9.9921E-05 9.9921E-05 9.9921E-05 0.00286167 9.9921E-05 9.9921E-05 0.125609 0.0158295 9.9921E-05
9.9921E-05 0.20175 9.9921E-05 0.609061 9.9921E-05 0.0561804 9.9921E-05 9.9921E-05 9.9921E-05 9.9921E-05 9.9921E-05 0.0938879 9.9921E-05 0.0382217
9.99212E-05 9.99212E-05 9.99212E-05 0.72805 0.0437388 9.99212E-05 0.014088 9.99212E-05 0.166784 9.99212E-05 0.0464397 9.99212E-05 9.99212E-05 9.99212E-05
9.99123E-05 0.0306638 9.99123E-05 0.961335 9.99123E-05 0.00264459 9.99123E-05 9.99123E-05 9.99123E-05 9.99123E-05 9.99123E-05 9.99123E-05 0.00435789 9.99123E-05
0.173661 9.9921E-05 9.9921E-05 0.540602 9.9921E-05 0.0927693 9.9921E-05 9.9921E-05 0.0917139 9.9921E-05 9.9921E-05 0.100355 9.9921E-05 9.9921E-05
9.9921E-05 0.140997 9.9921E-05 0.794617 9.9921E-05 9.9921E-05 9.9921E-05 9.9921E-05 0.0217459 0.0177709 9.9921E-05 0.0239705 9.9921E-05 9.9921E-05
9.99209E-05 9.99209E-05 9.99209E-05 0.872336 9.99209E-05 9.99209E-05 9.99209E-05 9.99209E-05 0.0590764 9.99209E-05 9.99209E-05 0.0446383 0.00147762 0.0215719
9.99385E-05 0.0740241 9.99385E-05 0.456267 9.99385E-05 0.0380634 9.99385E-05 9.99385E-05 0.258955 9.99385E-05 0.0209473 0.129784 0.0212596 9.99385E-05
0.0606865 9.99122E-05 9.99122E-05 0.800171 9.99122E-05 9.99122E-05 9.99122E-05 9.99122E-05 0.137901 9.99122E-05 9.99122E-05 0.000241804 9.99122E-05 9.99122E-05
9.99298E-05 0.0471363 9.99298E-05 0.348873 9.99298E-05 0.000216279 9.99298E-05 9.99298E-05 0.244164 9.99298E-05 0.158344 0.200466 9.99298E-05 9.99298E-05
0.210231 0.0886487 9.99211E-05 0.418789 9.99211E-05 9.99211E-05 9.99211E-05 9.99211E-05 0.154893 9.99211E-05 9.99211E-05 0.126539 9.99211E-05 9.99211E-05
0.507555 9.99298E-05 9.99298E-05 0.309413 9.99298E-05 0.0420327 9.99298E-05 0.0966082 9.99298E-05 9.99298E-05 0.0035854 0.0400064 9.99298E-05 9.99298E-05
9.9912E-05 9.9912E-05 9.9912E-05 0.837639 9.9912E-05 9.9912E-05 9.9912E-05 9.9912E-05 0.0549222 9.9912E-05 0.0164188 0.0900208 9.9912E-05 9.9912E-05
9.99123E-05 0.0162454 9.99123E-05 0.600279 9.99123E-05 9.99123E-05 9.99123E-05 9.99123E-05 0.199145 9.99123E-05 9.99123E-05 0.183331 9.99123E-05 9.99123E-05
9.99123E-05 9.99123E-05 9.99123E-05 0.877966 9.99123E-05 0.0317597 9.99123E-05 9.99123E-05 9.99123E-05 9.99123E-05 9.99123E-05 0.066949 0.0223258 9.99123E-05
9.99211E-05 9.99211E-05 0.0172293 0.709528 9.99211E-05 9.99211E-05 9.99211E-05 9.99211E-05 0.0620995 9.99211E-05 9.99211E-05 0.132731 0.0775134 9.99211E-05
9.99035E-05 9.99035E-05 9.99035E-05 0.939577 9.99035E-05 0.0503897 9.99035E-05 9.99035E-05 9.99035E-05 9.99035E-05 9.99035E-05 9.99035E-05 0.00893437 9.99035E-05
9.99297E-05 9.99297E-05 9.99297E-05 0.383179 9.99297E-05 0.100357 9.99297E-05 9.99297E-05 0.290979 9.99297E-05 0.0849856 0.1384 0.00129965 9.99297E-05
9.99033E-05 9.99033E-05 9.99033E-05 0.905018 9.99033E-05 0.0380051 0.0558776 9.99033E-05 9.99033E-05 9.99033E-05 9.99033E-05 9.99033E-05 9.99033E-05 9.99033E-05
9.99123E-05 9.99123E-05 9.99123E-05 0.927546 9.99123E-05 0.00349896 9.99123E-05 9.99123E-05 0.0134076 9.99123E-05 9.99123E-05 0.0545484 9.99123E-05 9.99123E-05
0.108776 9.9921E-05 9.9921E-05 0.782678 9.9921E-05 9.9921E-05 9.9921E-05 9.9921E-05 0.0606018 0.0381509 9.9921E-05 9.9921E-05 0.00889356 9.9921E-05
9.99121E-05 9.99121E-05 9.99121E-05 0.649553 9.99121E-05 9.99121E-05 9.99121E-05 9.99121E-05 0.101887 9.99121E-05 9.99121E-05 0.174126 9.99121E-05 0.0734349
0.464302 9.99034E-05 9.99034E-05 0.452343 9.99034E-05 9.99034E-05 9.99034E-05 9.99034E-05 0.082256 9.99034E-05 9.99034E-05 9.99034E-05 9.99034E-05 9.99034E-05
0.140238 9.9921E-05 9.9921E-05 0.784644 9.9921E-05 9.9921E-05 9.9921E-05 9.9921E-05 0.00219937 9.9921E-05 9.9921E-05 0.0689222 0.00309693 9.9921E-05
0.242722 9.99036E-05 9.99036E-05 0.755333 9.99036E-05 9.99036E-05 9.99036E-05 9.99036E-05 9.99036E-05 9.99036E-05 0.000846067 9.99036E-05 9.99036E-05 9.99036E-05
0.383586 9.99035E-05 9.99035E-05 0.594493 9.99035E-05 9.99035E-05 9.99035E-05 9.99035E-05 0.0208216 9.99035E-05 9.99035E-05 9.99035E-05 9.99035E-05 9.99035E-05
9.99121E-05 0.101082 9.99121E-05 0.513023 9.99121E-05 9.99121E-05 9.99121E-05 9.99121E-05 0.0937208 9.99121E-05 9.99121E-05 0.291175 9.99121E-05 9.99121E-05
9.99034E-05 9.99034E-05 9.99034E-05 0.862561 9.99034E-05 9.99034E-05 9.99034E-05 9.99034E-05 0.133556 9.99034E-05 0.00278423 9.99034E-05 9.99034E-05 9.99034E-05
0.533762 9.9921E-05 9.9921E-05 0.163626 9.9921E-05 0.116284 9.9921E-05 9.9921E-05 0.132245 9.9921E-05 9.9921E-05 0.0531843 9.9921E-05 9.9921E-05
0.381809 9.99035E-05 9.99035E-05 0.583333 9.99035E-05 9.99035E-05 9.99035E-05 9.99035E-05 9.99035E-05 9.99035E-05 9.99035E-05 0.0337587 9.99035E-05 9.99035E-05
9.99297E-05 0.131739 9.99297E-05 0.584477 9.99297E-05 0.120169 9.99297E-05 9.99297E-05 0.151661 9.99297E-05 9.99297E-05 0.00125091 9.99297E-05 0.00990398
0.0722907 9.99211E-05 9.99211E-05 0.668432 9.99211E-05 9.99211E-05 9.99211E-05 9.99211E-05 0.0787726 9.99211E-05 9.99211E-05 0.0943257 0.0852798 9.99211E-05
0.0367857 0.0746042 0.0223437 0.547215 9.99387E-05 9.99387E-05 9.99387E-05 0.144322 0.148695 9.99387E-05 9.99387E-05 0.0253346 9.99387E-05 9.99387E-05
9.99122E-05 9.99122E-05 9.99122E-05 0.543418 9.99122E-05 9.99122E-05 0.0421761 9.99122E-05 0.237077 9.99122E-05 9.99122E-05 0.17633 9.99122E-05 9.99122E-05
0.372499 9.99035E-05 9.99035E-05 0.604897 9.99035E-05 9.99035E-05 9.99035E-05 9.99035E-05 9.99035E-05 9.99035E-05 9.99035E-05 0.0215054 9.99035E-05 9.99035E-05
9.99034E-05 9.99034E-05 9.99034E-05 0.734332 9.99034E-05 9.99034E-05 9.99034E-05 9.99034E-05 9.99034E-05 0.1509 9.99034E-05 0.113669 9.99034E-05 9.99034E-05
0.439173 0.00635152 9.99298E-05 0.412258 9.99298E-05 0.00526469 9.99298E-05 9.99298E-05 0.0958504 9.99298E-05 9.99298E-05 0.040303 9.99298E-05 9.99298E-05
0.0676429 9.99211E-05 9.99211E-05 0.681243 9.99211E-05 9.99211E-05 9.99211E-05 9.99211E-05 0.0839004 9.99211E-05 9.99211E-05 0.165446 0.000867632 9.99211E-05
9.98947E-05 9.98947E-05 9.98947E-05 0.952835 9.98947E-05 9.98947E-05 9.98947E-05 9.98947E-05 0.0459664 9.98947E-05 9.98947E-05 9.98947E-05 9.98947E-05 9.98947E-05
9.99033E-05 9.99033E-05 9.99033E-05 0.910517 9.99033E-05 9.99033E-05 9.99033E-05 9.99033E-05 9.99033E-05 0.0625419 9.99033E-05 9.99033E-05 0.0258421 9.99033E-05
9.99121E-05 0.149916 9.99121E-05 0.55849 9.99121E-05 9.99121E-05 9.99121E-05 9.99121E-05 0.181923 9.99121E-05 9.99121E-05 0.108671 9.99121E-05 9.99121E-05
9.99034E-05 9.99034E-05 9.99034E-05 0.783015 9.99034E-05 9.99034E-05 9.99034E-05 9.99034E-05 0.153326 9.99034E-05 9.99034E-05 0.06256 9.99034E-05 9.99034E-05
9.99034E-05 9.99034E-05 9.99034E-05 0.971213 9.99034E-05 9.99034E-05 9.99034E-05 9.99034E-05 0.0268154 9.99034E-05 9.99034E-05 9.99034E-05 0.000872388 9.99034E-05
0.0344851 9.99122E-05 9.99122E-05 0.829517 9.99122E-05 0.111721 9.99122E-05 9.99122E-05 9.99122E-05 9.99122E-05 9.99122E-05 0.0232775 9.99122E-05 9.99122E-05
0.0623396 9.99035E-05 9.99035E-05 0.785856 9.99035E-05 9.99035E-05 9.99035E-05 9.99035E-05 0.150705 9.99035E-05 9.99035E-05 9.99035E-05 9.99035E-05 9.99035E-05
9.98945E-05 9.98945E-05 9.98945E-05 9.98945E-05 9.98945E-05 0.000890828 9.98945E-05 9.98945E-05 9.98945E-05 9.98945E-05 9.98945E-05 0.99791 9.98945E-05 9.98945E-05
9.98857E-05 9.98857E-05 9.98857E-05 9.98857E-05 9.98857E-05 9.98857E-05 9.98857E-05 9.98857E-05 0.998701 9.98857E-05 9.98857E-05 9.98857E-05 9.98857E-05 9.98857E-05
9.98856E-05 9.98856E-05 9.98856E-05 9.98856E-05 9.98856E-05 9.98856E-05 9.98856E-05 9.98856E-05 9.98856E-05 9.98856E-05 9.98856E-05 0.998701 9.98856E-05 9.98856E-05
9.98856E-05 9.98856E-05 9.98856E-05 9.98856E-05 9.98856E-05 9.98856E-05 9.98856E-05 9.98856E-05 0.998701 9.98856E-05 9.98856E-05 9.98856E-05 9.98856E-05 9.98856E-05
9.98857E-05 9.98857E-05 9.98857E-05 9.98857E-05 9.98857E-05 9.98857E-05 9.98857E-05 9.98857E-05 0.998701 9.98857E-05 9.98857E-05 9.98857E-05 9.98857E-05 9.98857E-05
9.98857E-05 9.98857E-05 9.98857E-05 9.98857E-05 9.98857E-05 9.98857E-05 9.98857E-05 9.98857E-05 0.998701 9.98857E-05 9.98857E-05 9.98857E-05 9.98857E-05 9.98857E-05
9.98857E-05 9.98857E-05 9.98857E-05 9.98857E-05 9.98857E-05 9.98857E-05 9.98857E-05 9.98857E-05 9.98857E-05 9.98857E-05 9.98857E-05 0.998701 9.98857E-05 9.98857E-05
9.98856E-05 9.98856E-05 9.98856E-05 9.98856E-05 9.98856E-05 9.98856E-05 9.98856E-05 9.98856E-05 0.998701 9.98856E-05 9.98856E-05 9.98856E-05 9.98856E-05 9.98856E-05
9.98856E-05 9.98856E-05 9.98856E-05 9.98856E-05 9.98856E-05 9.98856E-05 9.98856E-05 9.98856E-05 0.998701 9.98856E-05 9.98856E-05 9.98856E-05 9.98856E-05 9.98856E-05
9.98856E-05 9.98856E-05 9.98856E-05 9.98856E-05 9.98856E-05 9.98856E-05 9.98856E-05 9.98856E-05 9.98856E-05 9.98856E-05 9.98856E-05 0.998701 9.98856E-05 9.98856E-05
9.98857E-05 9.98857E-05 9.98857E-05 9.98857E-05 9.98857E-05 9.98857E-05 9.98857E-05 9.98857E-05 9.98857E-05 9.98857E-05 9.98857E-05 0.998701 9.98857E-05 9.98857E-05
9.98856E-05 9.98856E-05 9.98856E-05 9.98856E-05 9.98856E-05 9.98856E-05 9.98856E-05 9.98856E-05 9.98856E-05 9.98856E-05 9.98856E-05 0.998701 9.98856E-05 9.98856E-05
9.98857E-05 9.98857E-05 9.98857E-05 9.98857E-05 9.98857E-05 9.98857E-05 9.98857E-05 9.98857E-05 0.998701 9.98857E-05 9.98857E-05 9.98857E-05 9.98857E-05 9.98857E-05
9.98857E-05 9.98857E-05 9.98857E-05 9.98857E-05 9.98857E-05 9.98857E-05 9.98857E-05 9.98857E-05 0.998701 9.98857E-05 9.98857E-05 9.98857E-05 9.98857E-05 9.98857E-05
9.98857E-05 9.98857E-05 9.98857E-05 9.98857E-05 9.98857E-05 9.98857E-05 9.98857E-05 9.98857E-05 9.98857E-05 9.98857E-05 9.98857E-05 0.998701 9.98857E-05 9.98857E-05
9.98857E-05 9.98857E-05 9.98857E-05 9.98857E-05 9.98857E-05 9.98857E-05 9.98857E-05 9.98857E-05 9.98857E-05 9.98857E-05 9.98857E-05 0.998701 9.98857E-05 9.98857E-05
9.99384E-05 0.024974 0.0247957 0.563817 9.99384E-05 0.0318396 9.99384E-05 9.99384E-05 0.081291 0.21398 9.99384E-05 0.0586032 9.99384E-05 9.99384E-05
9.98857E-05 9.98857E-05 9.98857E-05 9.98857E-05 9.98857E-05 9.98857E-05 9.98857E-05 9.98857E-05 9.98857E-05 9.98857E-05 9.98857E-05 0.998701 9.98857E-05 9.98857E-05
9.98856E-05 9.98856E-05 9.98856E-05 9.98856E-05 9.98856E-05 9.98856E-05 9.98856E-05 9.98856E-05 0.998701 9.98856E-05 9.98856E-05 9.98856E-05 9.98856E-05 9.98856E-05
9.98856E-05 9.98856E-05 9.98856E-05 9.98856E-05 9.98856E-05 9.98856E-05 9.98856E-05 9.98856E-05 9.98856E-05 9.98856E-05 9.98856E-05 0.998701 9.98856E-05 9.98856E-05
9.98856E-05 9.98856E-05 9.98856E-05 9.98856E-05 9.98856E-05 9.98856E-05 9.98856E-05 9.98856E-05 9.98856E-05 9.98856E-05 9.98856E-05 0.998701 9.98856E-05 9.98856E-05
9.98856E-05 9.98856E-05 9.98856E-05 9.98856E-05 9.98856E-05 9.98856E-05 9.98856E-05 9.98856E-05 9.98856E-05 9.98856E-05 9.98856E-05 0.998701 9.98856E-05 9.98856E-05
9.98856E-05 9.98856E-05 9.98856E-05 9.98856E-05 9.98856E-05 9.98856E-05 9.98856E-05 9.98856E-05 0.998701 9.98856E-05 9.98856E-05 9.98856E-05 9.98856E-05 9.98856E-05
9.98857E-05 9.98857E-05 9.98857E-05 9.98857E-05 9.98857E-05 9.98857E-05 9.98857E-05 9.98857E-05 9.98857E-05 9.98857E-05 9.98857E-05 0.998701 9.98857E-05 9.98857E-05
9.98856E-05 9.98856E-05 9.98856E-05 9.98856E-05 9.98856E-05 9.98856E-05 9.98856E-05 9.98856E-05 0.998701 9.98856E-05 9.98856E-05 9.98856E-05 9.98856E-05 9.98856E-05
9.98857E-05 9.98857E-05 9.98857E-05 9.98857E-05 9.98857E-05 9.98857E-05 9.98857E-05 9.98857E-05 9.98857E-05 9.98857E-05 9.98857E-05 0.998701 9.98857E-05 9.98857E-05
9.98856E-05 9.98856E-05 9.98856E-05 9.98856E-05 9.98856E-05 9.98856E-05 9.98856E-05 9.98856E-05 9.98856E-05 9.98856E-05 9.98856E-05 0.998701 9.98856E-05 9.98856E-05
9.98857E-05 9.98857E-05 9.98857E-05 9.98857E-05 9.98857E-05 9.98857E-05 9.98857E-05 9.98857E-05 0.998701 9.98857E-05 9.98857E-05 9.98857E-05 9.98857E-05 9.98857E-05
9.98856E-05 9.98856E-05 9.98856E-05 9.98856E-05 9.98856E-05 9.98856E-05 9.98856E-05 9.98856E-05 0.998701 9.98856E-05 9.98856E-05 9.98856E-05 9.98856E-05 9.98856E-05
9.98857E-05 9.98857E-05 9.98857E-05 9.98857E-05 9.98857E-05 9.98857E-05 9.98857E-05 9.98857E-05 0.998701 9.98857E-05 9.98857E-05 9.98857E-05 9.98857E-05 9.98857E-05
9.98857E-05 9.98857E-05 9.98857E-05 9.98857E-05 9.98857E-05 9.98857E-05 9.98857E-05 9.98857E-05 9.98857E-05 9.98857E-05 9.98857E-05 0.998701 9.98857E-05 9.98857E-05
9.98857E-05 9.98857E-05 9.98857E-05 9.98857E-05 9.98857E-05 9.98857E-05 9.98857E-05 9.98857E-05 9.98857E-05 9.98857E-05 9.98857E-05 0.998701 9.98857E-05 9.98857E-05
9.98857E-05 9.98857E-05 9.98857E-05 9.98857E-05 9.98857E-05 9.98857E-05 9.98857E-05 9.98857E-05 9.98857E-05 9.98857E-05 9.98857E-05 0.998701 9.98857E-05 9.98857E-05
9.98856E-05 9.98856E-05 9.98856E-05 9.98856E-05 9.98856E-05 9.98856E-05 9.98856E-05 9.98856E-05 9.98856E-05 9.98856E-05 9.98856E-05 0.998701 9.98856E-05 9.98856E-05
9.98856E-05 9.98856E-05 9.98856E-05 9.98856E-05 9.98856E-05 9.98856E-05 9.98856E-05 9.98856E-05 9.98856E-05 9.98856E-05 9.98856E-05 0.998701 9.98856E-05 9.98856E-05
9.98856E-05 9.98856E-05 9.98856E-05 9.98856E-05 9.98856E-05 9.98856E-05 9.98856E-05 9.98856E-05 0.998701 9.98856E-05 9.98856E-05 9.98856E-05 9.98856E-05 9.98856E-05
9.98856E-05 9.98856E-05 9.98856E-05 9.98856E-05 9.98856E-05 9.98856E-05 9.98856E-05 9.98856E-05 0.998701 9.98856E-05 9.98856E-05 9.98856E-05 9.98856E-05 9.98856E-05
9.98857E-05 9.98857E-05 9.98857E-05 9.98857E-05 9.98857E-05 9.98857E-05 9.98857E-05 9.98857E-05 0.998701 9.98857E-05 9.98857E-05 9.98857E-05 9.98857E-05 9.98857E-05
9.98856E-05 9.98856E-05 9.98856E-05 9.98856E-05 9.98856E-05 9.98856E-05 9.98856E-05 9.98856E-05 9.98856E-05 9.98856E-05 9.98856E-05 0.998701 9.98856E-05 9.98856E-05
9.98857E-05 9.98857E-05 9.98857E-05 9.98857E-05 9.98857E-05 9.98857E-05 9.98857E-05 9.98857E-05 0.998701 9.98857E-05 9.98857E-05 9.98857E-05 9.98857E-05 9.98857E-05
9.98856E-05 9.98856E-05 9.98856E-05 9.98856E-05 9.98856E-05 9.98856E-05 9.98856E-05 9.98856E-05 0.998701 9.98856E-05 9.98856E-05 9.98856E-05 9.98856E-05 9.98856E-05
9.98856E-05 9.98856E-05 9.98856E-05 9.98856E-05 9.98856E-05 9.98856E-05 9.98856E-05 9.98856E-05 0.998701 9.98856E-05 9.98856E-05 9.98856E-05 9.98856E-05 9.98856E-05
9.98857E-05 9.98857E-05 9.98857E-05 9.98857E-05 9.98857E-05 9.98857E-05 9.98857E-05 9.98857E-05 0.998701 9.98857E-05 9.98857E-05 9.98857E-05 9.98857E-05 9.98857E-05
9.98857E-05 9.98857E-05 9.98857E-05 9.98857E-05 9.98857E-05 9.98857E-05 9.98857E-05 9.98857E-05 9.98857E-05 9.98857E-05 9.98857E-05 0.998701 9.98857E-05 9.98857E-05
9.98858E-05 9.98858E-05 9.98858E-05 9.98858E-05 9.98858E-05 9.98858E-05 9.98858E-05 9.98858E-05 0.998701 9.98858E-05 9.98858E-05 9.98858E-05 9.98858E-05 9.98858E-05
9.98857E-05 9.98857E-05 9.98857E-05 9.98857E-05 9.98857E-05 9.98857E-05 9.98857E-05 9.98857E-05 0.998701 9.98857E-05 9.98857E-05 9.98857E-05 9.98857E-05 9.98857E-05
9.99297E-05 9.99297E-05 0.0820852 0.568386 9.99297E-05 9.99297E-05 9.99297E-05 0.0449002 0.095273 0.084196 9.99297E-05 0.12436 9.99297E-05 9.99297E-05
9.98857E-05 9.98857E-05 9.98857E-05 9.98857E-05 9.98857E-05 9.98857E-05 9.98857E-05 9.98857E-05 9.98857E-05 9.98857E-05 9.98857E-05 0.998701 9.98857E-05 9.98857E-05
9.98858E-05 9.98858E-05 9.98858E-05 9.98858E-05 9.98858E-05 9.98858E-05 9.98858E-05 9.98858E-05 0.998701 9.98858E-05 9.98858E-05 9.98858E-05 9.98858E-05 9.98858E-05
9.98857E-05 9.98857E-05 9.98857E-05 9.98857E-05 9.98857E-05 9.98857E-05 9.98857E-05 9.98857E-05 0.998701 9.98857E-05 9.98857E-05 9.98857E-05 9.98857E-05 9.98857E-05
9.98857E-05 9.98857E-05 9.98857E-05 9.98857E-05 9.98857E-05 9.98857E-05 9.98857E-05 9.98857E-05 0.998701 9.98857E-05 9.98857E-05 9.98857E-05 9.98857E-05 9.98857E-05
9.98857E-05 9.98857E-05 9.98857E-05 9.98857E-05 9.98857E-05 9.98857E-05 9.98857E-05 9.98857E-05 0.998701 9.98857E-05 9.98857E-05 9.98857E-05 9.98857E-05 9.98857E-05
9.98856E-05 9.98856E-05 9.98856E-05 9.98856E-05 9.98856E-05 9.98856E-05 9.98856E-05 9.98856E-05 9.98856E-05 9.98856E-05 9.98856E-05 0.998701 9.98856E-05 9.98856E-05
9.98857E-05 9.98857E-05 9.98857E-05 9.98857E-05 9.98857E-05 9.98857E-05 9.98857E-05 9.98857E-05 0.998701 9.98857E-05 9.98857E-05 9.98857E-05 9.98857E-05 9.98857E-05
9.98856E-05 9.98856E-05 9.98856E-05 9.98856E-05 9.98856E-05 9.98856E-05 9.98856E-05 9.98856E-05 9.98856E-05 9.98856E-05 9.98856E-05 0.998701 9.98856E-05 9.98856E-05
9.98856E-05 9.98856E-05 9.98856E-05 9.98856E-05 9.98856E-05 9.98856E-05 9.98856E-05 9.98856E-05 0.998701 9.98856E-05 9.98856E-05 9.98856E-05 9.98856E-05 9.98856E-05
9.98856E-05 9.98856E-05 9.98856E-05 9.98856E-05 9.98856E-05 9.98856E-05 9.98856E-05 9.98856E-05 9.98856E-05 9.98856E-05 9.98856E-05 0.998701 9.98856E-05 9.98856E-05
9.98858E-05 9.98858E-05 9.98858E-05 9.98858E-05 9.98858E-05 9.98858E-05 9.98858E-05 9.98858E-05 0.998701 9.98858E-05 9.98858E-05 9.98858E-05 9.98858E-05 9.98858E-05
9.98856E-05 9.98856E-05 9.98856E-05 9.98856E-05 9.98856E-05 9.98856E-05 9.98856E-05 9.98856E-05 0.998701 9.98856E-05 9.98856E-05 9.98856E-05 9.98856E-05 9.98856E-05
9.98857E-05 9.98857E-05 9.98857E-05 9.98857E-05 9.98857E-05 9.98857E-05 9.98857E-05 9.98857E-05 0.998701 9.98857E-05 9.98857E-05 9.98857E-05 9.98857E-05 9.98857E-05
9.98856E-05 9.98856E-05 9.98856E-05 9.98856E-05 9.98856E-05 9.98856E-05 9.98856E-05 9.98856E-05 0.998701 9.98856E-05 9.98856E-05 9.98856E-05 9.98856E-05 9.98856E-05
9.98857E-05 9.98857E-05 9.98857E-05 9.98857E-05 9.98857E-05 9.98857E-05 9.98857E-05 9.98857E-05 0.998701 9.98857E-05 9.98857E-05 9.98857E-05 9.98857E-05 9.98857E-05
9.98857E-05 9.98857E-05 9.98857E-05 9.98857E-05 9.98857E-05 9.98857E-05 9.98857E-05 9.98857E-05 0.998701 9.98857E-05 9.98857E-05 9.98857E-05 9.98857E-05 9.98857E-05
9.98857E-05 9.98857E-05 9.98857E-05 9.98857E-05 9.98857E-05 9.98857E-05 9.98857E-05 9.98857E-05 9.98857E-05 9.98857E-05 9.98857E-05 0.998701 9.98857E-05 9.98857E-05
9.98856E-05 9.98856E-05 9.98856E-05 9.98856E-05 9.98856E-05 9.98856E-05 9.98856E-05 9.98856E-05 9.98856E-05 9.98856E-05 9.98856E-05 0.998701 9.98856E-05 9.98856E-05
9.98857E-05 9.98857E-05 9.98857E-05 9.98857E-05 9.98857E-05 9.98857E-05 9.98857E-05 9.98857E-05 9.98857E-05 9.98857E-05 9.98857E-05 0.998701 9.98857E-05 9.98857E-05
9.98856E-05 9.98856E-05 9.98856E-05 9.98856E-05 9.98856E-05 9.98856E-05 9.98856E-05 9.98856E-05 0.998701 9.98856E-05 9.98856E-05 9.98856E-05 9.98856E-05 9.98856E-05
9.98856E-05 9.98856E-05 9.98856E-05 9.98856E-05 9.98856E-05 9.98856E-05 9.98856E-05 9.98856E-05 9.98856E-05 9.98856E-05 9.98856E-05 0.998701 9.98856E-05 9.98856E-05
9.98857E-05 9.98857E-05 9.98857E-05 9.98857E-05 9.98857E-05 9.98857E-05 9.98857E-05 9.98857E-05 9.98857E-05 9.98857E-05 9.98857E-05 0.998701 9.98857E-05 9.98857E-05
9.98856E-05 9.98856E-05 9.98856E-05 9.98856E-05 9.98856E-05 9.98856E-05 9.98856E-05 9.98856E-05 9.98856E-05 9.98856E-05 9.98856E-05 0.998701 9.98856E-05 9.98856E-05
9.98857E-05 9.98857E-05 9.98857E-05 9.98857E-05 9.98857E-05 9.98857E-05 9.98857E-05 9.98857E-05 0.998701 9.98857E-05 9.98857E-05 9.98857E-05 9.98857E-05 9.98857E-05
9.98856E-05 9.98856E-05 9.98856E-05 9.98856E-05 9.98856E-05 9.98856E-05 9.98856E-05 9.98856E-05 0.998701 9.98856E-05 9.98856E-05 9.98856E-05 9.98856E-05 9.98856E-05
9.98856E-05 9.98856E-05 9.98856E-05 9.98856E-05 9.98856E-05 9.98856E-05 9.98856E-05 9.98856E-05 0.998701 9.98856E-05 9.98856E-05 9.98856E-05 9.98856E-05 9.98856E-05
9.98856E-05 9.98856E-05 9.98856E-05 9.98856E-05 9.98856E-05 9.98856E-05 9.98856E-05 9.98856E-05 9.98856E-05 9.98856E-05 9.98856E-05 0.998701 9.98856E-05 9.98856E-05
9.98856E-05 9.98856E-05 9.98856E-05 9.98856E-05 9.98856E-05 9.98856E-05 9.98856E-05 9.98856E-05 0.998701 9.98856E-05 9.98856E-05 9.98856E-05 9.98856E-05 9.98856E-05
9.98856E-05 9.98856E-05 9.98856E-05 9.98856E-05 9.98856E-05 9.98856E-05 9.98856E-05 9.98856E-05 0.998701 9.98856E-05 9.98856E-05 9.98856E-05 9.98856E-05 9.98856E-05
9.98856E-05 9.98856E-05 9.98856E-05 9.98856E-05 9.98856E-05 9.98856E-05 9.98856E-05 9.98856E-05 9.98856E-05 9.98856E-05 9.98856E-05 0.998701 9.98856E-05 9.98856E-05
9.98857E-05 9.98857E-05 9.98857E-05 9.98857E-05 9.98857E-05 9.98857E-05 9.98857E-05 9.98857E-05 0.998701 9.98857E-05 9.98857E-05 9.98857E-05 9.98857E-05 9.98857E-05
9.98857E-05 9.98857E-05 9.98857E-05 9.98857E-05 9.98857E-05 9.98857E-05 9.98857E-05 9.98857E-05 0.998701 9.98857E-05 9.98857E-05 9.98857E-05 9.98857E-05 9.98857E-05
9.99209E-05 9.99209E-05 9.99209E-05 0.456788 9.99209E-05 9.99209E-05 9.99209E-05 9.99209E-05 0.0820434 9.99209E-05 9.99209E-05 0.263818 0.166599 0.0298523
9.98857E-05 9.98857E-05 9.98857E-05 9.98857E-05 9.98857E-05 9.98857E-05 9.98857E-05 9.98857E-05 9.98857E-05 9.98857E-05 9.98857E-05 0.998701 9.98857E-05 9.98857E-05
9.98856E-05 9.98856E-05 9.98856E-05 9.98856E-05 9.98856E-05 9.98856E-05 9.98856E-05 9.98856E-05 0.998701 9.98856E-05 9.98856E-05 9.98856E-05 9.98856E-05 9.98856E-05
9.99123E-05 9.99123E-05 9.99123E-05 0.573691 9.99123E-05 9.99123E-05 9.99123E-05 0.0460806 0.366912 9.99123E-05 9.99123E-05 0.0123174 9.99123E-05 9.99123E-05
9.9921E-05 9.9921E-05 9.9921E-05 0.674534 9.9921E-05 0.00426278 9.9921E-05 9.9921E-05 0.17287 0.0444568 9.9921E-05 0.102978 9.9921E-05 9.9921E-05
9.99122E-05 9.99122E-05 9.99122E-05 0.620597 9.99122E-05 9.99122E-05 9.99122E-05 0.00294298 0.166081 9.99122E-05 9.99122E-05 0.20938 9.99122E-05 9.99122E-05
9.99121E-05 9.99121E-05 9.99121E-05 0.940914 9.99121E-05 9.99121E-05 9.99121E-05 9.99121E-05 9.99121E-05 0.0161162 9.99121E-05 0.0391025 9.99121E-05 0.00286854
9.99033E-05 9.99033E-05 9.99033E-05 0.586836 9.99033E-05 9.99033E-05 9.99033E-05 9.99033E-05 0.235675 9.99033E-05 9.99033E-05 0.17639 9.99033E-05 9.99033E-05
0.268077 9.99036E-05 9.99036E-05 0.653002 9.99036E-05 9.99036E-05 9.99036E-05 9.99036E-05 0.077822 9.99036E-05 9.99036E-05 9.99036E-05 9.99036E-05 9.99036E-05
9.9921E-05 9.9921E-05 9.9921E-05 0.406377 9.9921E-05 9.9921E-05 0.211783 9.9921E-05 0.244759 0.0371077 9.9921E-05 0.0990733 9.9921E-05 9.9921E-05
9.99209E-05 9.99209E-05 9.99209E-05 0.856679 9.99209E-05 9.99209E-05 9.99209E-05 0.0464132 0.0292244 9.99209E-05 9.99209E-05 9.99209E-05 0.036935 0.0298491
0.24827 9.99123E-05 9.99123E-05 0.545622 9.99123E-05 9.99123E-05 9.99123E-05 9.99123E-05 0.182736 9.99123E-05 9.99123E-05 0.0223727 9.99123E-05 9.99123E-05
9.99122E-05 9.99122E-05 9.99122E-05 0.817225 9.99122E-05 9.99122E-05 9.99122E-05 0.0558091 9.99122E-05 9.99122E-05 9.99122E-05 0.120572 9.99122E-05 0.00539518
0.0715351 9.9921E-05 9.9921E-05 0.645239 9.9921E-05 9.9921E-05 9.9921E-05 9.9921E-05 0.033689 9.9921E-05 9.9921E-05 0.185232 0.0634056 9.9921E-05
9.98947E-05 9.98947E-05 9.98947E-05 0.464421 9.98947E-05 9.98947E-05 9.98947E-05 9.98947E-05 0.53438 9.98947E-05 9.98947E-05 9.98947E-05 9.98947E-05 9.98947E-05
9.99298E-05 9.99298E-05 0.0492889 0.456776 9.99298E-05 9.99298E-05 0.00423784 9.99298E-05 0.207634 9.99298E-05 9.99298E-05 0.249415 9.99298E-05 0.0318491
9.98946E-05 9.98946E-05 9.98946E-05 0.906979 9.98946E-05 9.98946E-05 9.98946E-05 9.98946E-05 9.98946E-05 9.98946E-05 9.98946E-05 9.98946E-05 9.98946E-05 0.0918219
9.99033E-05 9.99033E-05 9.99033E-05 0.744702 9.99033E-05 9.99033E-05 9.99033E-05 9.99033E-05 0.127277 9.99033E-05 9.99033E-05 0.126922 9.99033E-05 9.99033E-05
9.99298E-05 0.133368 9.99298E-05 0.501912 9.99298E-05 9.99298E-05 0.0741981 9.99298E-05 0.21742 9.99298E-05 0.0131227 0.0591794 9.99298E-05 9.99298E-05
0.0863667 0.00343028 9.99211E-05 0.706936 9.99211E-05 9.99211E-05 9.99211E-05 9.99211E-05 0.161402 9.99211E-05 9.99211E-05 0.0409659 9.99211E-05 9.99211E-05
9.99297E-05 9.99297E-05 0.0163373 0.60274 9.99297E-05 9.99297E-05 9.99297E-05 9.99297E-05 0.0129372 9.99297E-05 9.99297E-05 0.299283 0.0626604 0.0052425
9.99121E-05 0.192987 9.99121E-05 0.707232 9.99121E-05 0.0786154 9.99121E-05 9.99121E-05 0.0201664 9.99121E-05 9.99121E-05 9.99121E-05 9.99121E-05 9.99121E-05
9.99121E-05 9.99121E-05 9.99121E-05 0.769877 9.99121E-05 9.99121E-05 9.99121E-05 0.0177338 0.0868135 9.99121E-05 9.99121E-05 0.124576 9.99121E-05 9.99121E-05
9.99209E-05 0.0341509 9.99209E-05 0.800404 9.99209E-05 9.99209E-05 9.99209E-05 9.99209E-05 0.0671003 9.99209E-05 0.0773054 0.0201404 9.99209E-05 9.99209E-05
9.99123E-05 0.00725198 9.99123E-05 0.770672 9.99123E-05 9.99123E-05 9.99123E-05 9.99123E-05 0.197967 9.99123E-05 0.0231105 9.99123E-05 9.99123E-05 9.99123E-05
9.99297E-05 9.99297E-05 0.104884 0.676335 9.99297E-05 9.99297E-05 9.99297E-05 9.99297E-05 0.0851367 9.99297E-05 9.99297E-05 0.0772802 0.0249545 0.0306104
