9.98246E-05 9.98246E-05 0.108236 0.306103 9.98246E-05 9.98246E-05 9.98246E-05 9.98246E-05 9.98246E-05 9.98246E-05 9.98246E-05 9.98246E-05 9.98246E-05 9.98246E-05 0.0543186 0.144175 9.98246E-05 0.380161 9.98246E-05 9.98246E-05 0.0050108 9.98246E-05 9.98246E-05 9.98246E-05 9.98246E-05 9.98246E-05
0.213155 9.98158E-05 9.98158E-05 0.137568 9.98158E-05 9.98158E-05 9.98158E-05 9.98158E-05 9.98158E-05 0.423788 9.98158E-05 9.98158E-05 0.12861 9.98158E-05 0.0947838 9.98158E-05 9.98158E-05 9.98158E-05 9.98158E-05 9.98158E-05 9.98158E-05 9.98158E-05 9.98158E-05 9.98158E-05 9.98158E-05 9.98158E-05
0.997505 9.97808E-05 9.97808E-05 9.97808E-05 9.97808E-05 9.97808E-05 9.97808E-05 9.97808E-05 9.97808E-05 9.97808E-05 9.97808E-05 9.97808E-05 9.97808E-05 9.97808E-05 9.97808E-05 9.97808E-05 9.97808E-05 9.97808E-05 9.97808E-05 9.97808E-05 9.97808E-05 9.97808E-05 9.97808E-05 9.97808E-05 9.97808E-05 9.97808E-05
9.9807E-05 9.9807E-05 0.00181553 9.9807E-05 9.9807E-05 9.9807E-05 9.9807E-05 9.9807E-05 9.9807E-05 9.9807E-05 9.9807E-05 9.9807E-05 9.9807E-05 9.9807E-05 9.9807E-05 0.619345 9.9807E-05 9.9807E-05 9.9807E-05 0.37425 9.9807E-05 0.00239361 9.9807E-05 9.9807E-05 9.9807E-05 9.9807E-05
9.97983E-05 9.97983E-05 9.97983E-05 0.49921 9.97983E-05 9.97983E-05 9.97983E-05 9.97983E-05 9.97983E-05 0.410628 9.97983E-05 9.97983E-05 9.97983E-05 0.0878667 9.97983E-05 9.97983E-05 9.97983E-05 9.97983E-05 9.97983E-05 9.97983E-05 9.97983E-05 9.97983E-05 9.97983E-05 9.97983E-05 9.97983E-05 9.97983E-05
9.98157E-05 0.140625 9.98157E-05 9.98157E-05 9.98157E-05 0.0383783 9.98157E-05 9.98157E-05 9.98157E-05 9.98157E-05 9.98157E-05 9.98157E-05 9.98157E-05 9.98157E-05 9.98157E-05 0.702066 9.98157E-05 0.0050243 0.11181 9.98157E-05 9.98157E-05 9.98157E-05 9.98157E-05 9.98157E-05 9.98157E-05 9.98157E-05
9.98509E-05 9.98509E-05 0.0357763 0.156416 9.98509E-05 9.98509E-05 9.98509E-05 9.98509E-05 9.98509E-05 0.0263069 9.98509E-05 9.98509E-05 9.98509E-05 9.98509E-05 0.157578 9.98509E-05 0.064574 0.343258 0.0864006 0.0433467 0.0846454 9.98509E-05 9.98509E-05 9.98509E-05 9.98509E-05 9.98509E-05
9.98684E-05 0.0919674 0.0953726 9.98684E-05 0.128474 9.98684E-05 9.98684E-05 9.98684E-05 9.98684E-05 0.111123 9.98684E-05 9.98684E-05 9.98684E-05 0.147114 9.98684E-05 0.0765585 0.00583305 0.304954 0.0111963 9.98684E-05 0.00403852 9.98684E-05 0.0218719 9.98684E-05 9.98684E-05 9.98684E-05
0.0347375 0.168376 9.98246E-05 9.98246E-05 9.98246E-05 9.98246E-05 9.98246E-05 9.98246E-05 9.98246E-05 9.98246E-05 9.98246E-05 0.0890736 9.98246E-05 9.98246E-05 9.98246E-05 0.386139 9.98246E-05 9.98246E-05 9.98246E-05 9.98246E-05 9.98246E-05 0.214751 9.98246E-05 9.98246E-05 0.104927 9.98246E-05
9.97808E-05 9.97808E-05 9.97808E-05 0.997505 9.97808E-05 9.97808E-05 9.97808E-05 9.97808E-05 9.97808E-05 9.97808E-05 9.97808E-05 9.97808E-05 9.97808E-05 9.97808E-05 9.97808E-05 9.97808E-05 9.97808E-05 9.97808E-05 9.97808E-05 9.97808E-05 9.97808E-05 9.97808E-05 9.97808E-05 9.97808E-05 9.97808E-05 9.97808E-05
9.97892E-05 9.97892E-05 9.97892E-05 9.97892E-05 9.97892E-05 9.97892E-05 9.97892E-05 9.97892E-05 9.97892E-05 9.97892E-05 9.97892E-05 9.97892E-05 9.97892E-05 9.97892E-05 9.97892E-05 0.994803 9.97892E-05 9.97892E-05 9.97892E-05 9.97892E-05 0.00280194 9.97892E-05 9.97892E-05 9.97892E-05 9.97892E-05 9.97892E-05
0.997505 9.97806E-05 9.97806E-05 9.97806E-05 9.97806E-05 9.97806E-05 9.97806E-05 9.97806E-05 9.97806E-05 9.97806E-05 9.97806E-05 9.97806E-05 9.97806E-05 9.97806E-05 9.97806E-05 9.97806E-05 9.97806E-05 9.97806E-05 9.97806E-05 9.97806E-05 9.97806E-05 9.97806E-05 9.97806E-05 9.97806E-05 9.97806E-05 9.97806E-05
9.98071E-05 9.98071E-05 0.112478 0.0633542 9.98071E-05 9.98071E-05 9.98071E-05 9.98071E-05 9.98071E-05 0.776497 9.98071E-05 9.98071E-05 9.98071E-05 9.98071E-05 9.98071E-05 9.98071E-05 9.98071E-05 9.98071E-05 9.98071E-05 9.98071E-05 9.98071E-05 0.0454748 9.98071E-05 9.98071E-05 9.98071E-05 9.98071E-05
9.97806E-05 9.97806E-05 9.97806E-05 9.97806E-05 9.97806E-05 9.97806E-05 9.97806E-05 9.97806E-05 9.97806E-05 9.97806E-05 0.997505 9.97806E-05 9.97806E-05 9.97806E-05 9.97806E-05 9.97806E-05 9.97806E-05 9.97806E-05 9.97806E-05 9.97806E-05 9.97806E-05 9.97806E-05 9.97806E-05 9.97806E-05 9.97806E-05 9.97806E-05
9.98509E-05 0.0763387 9.98509E-05 0.132313 9.98509E-05 0.00541925 9.98509E-05 9.98509E-05 0.0296887 9.98509E-05 9.98509E-05 9.98509E-05 9.98509E-05 9.98509E-05 9.98509E-05 0.445231 9.98509E-05 0.201925 9.98509E-05 9.98509E-05 9.98509E-05 0.0588588 9.98509E-05 0.044664 9.98509E-05 0.00386391
0.100465 0.170566 0.0759107 9.98683E-05 0.143378 9.98683E-05 9.98683E-05 9.98683E-05 9.98683E-05 0.0427681 0.0267779 9.98683E-05 0.019947 9.98683E-05 9.98683E-05 0.0583671 9.98683E-05 0.172791 9.98683E-05 0.0928136 9.98683E-05 0.0947172 9.98683E-05 9.98683E-05 9.98683E-05 9.98683E-05
9.98333E-05 9.98333E-05 9.98333E-05 0.491165 9.98333E-05 9.98333E-05 9.98333E-05 0.14757 9.98333E-05 9.98333E-05 0.239979 0.0425478 9.98333E-05 9.98333E-05 0.00052799 9.98333E-05 9.98333E-05 9.98333E-05 9.98333E-05 9.98333E-05 0.0460451 0.0302693 9.98333E-05 9.98333E-05 9.98333E-05 9.98333E-05
9.98245E-05 9.98245E-05 0.0445163 9.98245E-05 9.98245E-05 9.98245E-05 0.0727932 9.98245E-05 9.98245E-05 9.98245E-05 9.98245E-05 9.98245E-05 9.98245E-05 9.98245E-05 9.98245E-05 0.3337 9.98245E-05 0.368022 9.98245E-05 9.98245E-05 9.98245E-05 0.0737195 0.105252 9.98245E-05 9.98245E-05 9.98245E-05
9.98156E-05 0.037262 0.0515485 9.98156E-05 9.98156E-05 9.98156E-05 9.98156E-05 9.98156E-05 9.98156E-05 9.98156E-05 9.98156E-05 9.98156E-05 9.98156E-05 9.98156E-05 9.98156E-05 0.733689 9.98156E-05 9.98156E-05 0.0739505 9.98156E-05 9.98156E-05 0.101454 9.98156E-05 9.98156E-05 9.98156E-05 9.98156E-05
9.97895E-05 9.97895E-05 9.97895E-05 0.0885325 9.97895E-05 9.97895E-05 9.97895E-05 9.97895E-05 9.97895E-05 0.909073 9.97895E-05 9.97895E-05 9.97895E-05 9.97895E-05 9.97895E-05 9.97895E-05 9.97895E-05 9.97895E-05 9.97895E-05 9.97895E-05 9.97895E-05 9.97895E-05 9.97895E-05 9.97895E-05 9.97895E-05 9.97895E-05
9.98421E-05 0.00252991 9.98421E-05 9.98421E-05 0.112904 9.98421E-05 9.98421E-05 9.98421E-05 9.98421E-05 0.112403 0.120946 0.117056 9.98421E-05 9.98421E-05 9.98421E-05 0.49833 9.98421E-05 9.98421E-05 9.98421E-05 9.98421E-05 0.0015228 9.98421E-05 0.0325098 9.98421E-05 9.98421E-05 9.98421E-05
9.98244E-05 0.0865587 0.269278 0.0618921 9.98244E-05 9.98244E-05 9.98244E-05 9.98244E-05 9.98244E-05 9.98244E-05 9.98244E-05 9.98244E-05 9.98244E-05 0.0804924 9.98244E-05 0.370996 9.98244E-05 9.98244E-05 0.128787 9.98244E-05 9.98244E-05 9.98244E-05 9.98244E-05 9.98244E-05 9.98244E-05 9.98244E-05
9.98246E-05 0.00461337 9.98246E-05 9.98246E-05 9.98246E-05 0.00921758 9.98246E-05 9.98246E-05 9.98246E-05 0.754661 9.98246E-05 9.98246E-05 9.98246E-05 9.98246E-05 9.98246E-05 9.98246E-05 9.98246E-05 0.152623 9.98246E-05 9.98246E-05 0.0151449 0.0617433 9.98246E-05 9.98246E-05 9.98246E-05 9.98246E-05
9.98335E-05 9.98335E-05 0.19286 0.159578 0.0257953 9.98335E-05 9.98335E-05 9.98335E-05 9.98335E-05 0.111182 0.0682011 9.98335E-05 9.98335E-05 9.98335E-05 9.98335E-05 9.98335E-05 9.98335E-05 0.152791 9.98335E-05 9.98335E-05 9.98335E-05 0.287695 9.98335E-05 9.98335E-05 9.98335E-05 9.98335E-05
9.98331E-05 0.0215095 9.98331E-05 9.98331E-05 9.98331E-05 9.98331E-05 0.144223 9.98331E-05 9.98331E-05 9.98331E-05 0.397984 9.98331E-05 9.98331E-05 9.98331E-05 9.98331E-05 0.228418 9.98331E-05 9.98331E-05 9.98331E-05 9.98331E-05 0.0338259 0.115737 9.98331E-05 0.0564048 9.98331E-05 9.98331E-05
9.98071E-05 9.98071E-05 9.98071E-05 0.742766 9.98071E-05 0.122679 9.98071E-05 9.98071E-05 9.98071E-05 9.98071E-05 0.08932 9.98071E-05 9.98071E-05 9.98071E-05 9.98071E-05 9.98071E-05 9.98071E-05 9.98071E-05 9.98071E-05 9.98071E-05 9.98071E-05 0.0430389 9.98071E-05 9.98071E-05 9.98071E-05 9.98071E-05
9.9842E-05 9.9842E-05 0.216015 0.0982615 0.0433937 0.132692 9.9842E-05 9.9842E-05 0.303899 9.9842E-05 9.9842E-05 9.9842E-05 9.9842E-05 9.9842E-05 9.9842E-05 9.9842E-05 9.9842E-05 9.9842E-05 9.9842E-05 0.0587486 9.9842E-05 0.047106 0.0980867 9.9842E-05 9.9842E-05 9.9842E-05
9.98246E-05 9.98246E-05 0.0834315 0.168417 9.98246E-05 0.0196749 9.98246E-05 9.98246E-05 9.98246E-05 0.654464 9.98246E-05 9.98246E-05 9.98246E-05 9.98246E-05 9.98246E-05 9.98246E-05 9.98246E-05 9.98246E-05 0.0420244 9.98246E-05 9.98246E-05 0.0299914 9.98246E-05 9.98246E-05 9.98246E-05 9.98246E-05
0.555959 9.98422E-05 0.0314028 0.000804611 9.98422E-05 0.0256671 9.98422E-05 9.98422E-05 0.098794 0.0223879 9.98422E-05 9.98422E-05 9.98422E-05 9.98422E-05 9.98422E-05 0.138596 9.98422E-05 9.98422E-05 9.98422E-05 9.98422E-05 9.98422E-05 0.124591 9.98422E-05 9.98422E-05 9.98422E-05 9.98422E-05
0.737158 0.033855 9.9807E-05 9.9807E-05 9.9807E-05 9.9807E-05 9.9807E-05 9.9807E-05 9.9807E-05 0.169835 9.9807E-05 9.9807E-05 9.9807E-05 9.9807E-05 9.9807E-05 9.9807E-05 9.9807E-05 9.9807E-05 9.9807E-05 9.9807E-05 9.9807E-05 9.9807E-05 9.9807E-05 9.9807E-05 9.9807E-05 0.0569558
0.0109045 9.9842E-05 9.9842E-05 9.9842E-05 9.9842E-05 9.9842E-05 9.9842E-05 9.9842E-05 9.9842E-05 0.353972 9.9842E-05 9.9842E-05 0.0432356 9.9842E-05 9.9842E-05 0.361685 9.9842E-05 9.9842E-05 0.089063 9.9842E-05 0.113074 9.9842E-05 0.0234438 0.00282515 9.9842E-05 9.9842E-05
9.97982E-05 9.97982E-05 9.97982E-05 9.97982E-05 9.97982E-05 9.97982E-05 9.97982E-05 0.0977488 9.97982E-05 9.97982E-05 9.97982E-05 9.97982E-05 9.97982E-05 9.97982E-05 9.97982E-05 0.88551 9.97982E-05 9.97982E-05 9.97982E-05 9.97982E-05 9.97982E-05 0.0144462 9.97982E-05 9.97982E-05 9.97982E-05 9.97982E-05
9.98244E-05 9.98244E-05 9.98244E-05 9.98244E-05 0.0765825 9.98244E-05 9.98244E-05 9.98244E-05 9.98244E-05 9.98244E-05 0.24445 9.98244E-05 9.98244E-05 9.98244E-05 9.98244E-05 0.55923 9.98244E-05 9.98244E-05 9.98244E-05 0.0537612 0.0307575 0.0332217 9.98244E-05 9.98244E-05 9.98244E-05 9.98244E-05
0.388494 9.98245E-05 0.141742 9.98245E-05 9.98245E-05 0.0676971 9.98245E-05 9.98245E-05 9.98245E-05 9.98245E-05 0.324216 9.98245E-05 9.98245E-05 9.98245E-05 9.98245E-05 9.98245E-05 9.98245E-05 9.98245E-05 9.98245E-05 0.000500499 9.98245E-05 0.0753535 9.98245E-05 9.98245E-05 9.98245E-05 9.98245E-05
0.997101 9.97898E-05 9.97898E-05 9.97898E-05 9.97898E-05 9.97898E-05 9.97898E-05 9.97898E-05 9.97898E-05 9.97898E-05 9.97898E-05 9.97898E-05 9.97898E-05 9.97898E-05 9.97898E-05 9.97898E-05 9.97898E-05 9.97898E-05 9.97898E-05 9.97898E-05 0.000504401 9.97898E-05 9.97898E-05 9.97898E-05 9.97898E-05 9.97898E-05
9.97984E-05 9.97984E-05 9.97984E-05 0.276266 9.97984E-05 9.97984E-05 9.97984E-05 9.97984E-05 9.97984E-05 9.97984E-05 9.97984E-05 9.97984E-05 9.97984E-05 9.97984E-05 9.97984E-05 0.596502 9.97984E-05 9.97984E-05 9.97984E-05 0.124937 9.97984E-05 9.97984E-05 9.97984E-05 9.97984E-05 9.97984E-05 9.97984E-05
9.97984E-05 9.97984E-05 9.97984E-05 9.97984E-05 9.97984E-05 9.97984E-05 9.97984E-05 9.97984E-05 9.97984E-05 0.838996 9.97984E-05 9.97984E-05 0.131801 9.97984E-05 9.97984E-05 9.97984E-05 9.97984E-05 9.97984E-05 0.0269074 9.97984E-05 9.97984E-05 9.97984E-05 9.97984E-05 9.97984E-05 9.97984E-05 9.97984E-05
0.198089 0.0984299 9.98422E-05 9.98422E-05 9.98422E-05 9.98422E-05 0.00983585 9.98422E-05 9.98422E-05 0.24212 0.314846 9.98422E-05 9.98422E-05 9.98422E-05 0.10485 9.98422E-05 9.98422E-05 9.98422E-05 9.98422E-05 0.00678201 9.98422E-05 0.0232507 9.98422E-05 9.98422E-05 9.98422E-05 9.98422E-05
0.813222 0.0237443 0.025075 9.98246E-05 9.98246E-05 9.98246E-05 9.98246E-05 9.98246E-05 9.98246E-05 9.98246E-05 9.98246E-05 9.98246E-05 9.98246E-05 0.00854672 9.98246E-05 9.98246E-05 9.98246E-05 9.98246E-05 9.98246E-05 9.98246E-05 0.00959285 0.117823 9.98246E-05 9.98246E-05 9.98246E-05 9.98246E-05
9.98069E-05 9.98069E-05 9.98069E-05 9.98069E-05 9.98069E-05 9.98069E-05 9.98069E-05 9.98069E-05 9.98069E-05 9.98069E-05 0.822926 9.98069E-05 9.98069E-05 9.98069E-05 9.98069E-05 0.0458073 9.98069E-05 9.98069E-05 0.0427736 9.98069E-05 9.98069E-05 0.0862978 9.98069E-05 9.98069E-05 9.98069E-05 9.98069E-05
9.97807E-05 9.97807E-05 9.97807E-05 0.997505 9.97807E-05 9.97807E-05 9.97807E-05 9.97807E-05 9.97807E-05 9.97807E-05 9.97807E-05 9.97807E-05 9.97807E-05 9.97807E-05 9.97807E-05 9.97807E-05 9.97807E-05 9.97807E-05 9.97807E-05 9.97807E-05 9.97807E-05 9.97807E-05 9.97807E-05 9.97807E-05 9.97807E-05 9.97807E-05
9.98159E-05 0.0125836 0.0913906 0.787504 9.98159E-05 9.98159E-05 9.98159E-05 9.98159E-05 0.0501867 9.98159E-05 9.98159E-05 9.98159E-05 9.98159E-05 9.98159E-05 9.98159E-05 9.98159E-05 9.98159E-05 9.98159E-05 9.98159E-05 9.98159E-05 9.98159E-05 0.0562392 9.98159E-05 9.98159E-05 9.98159E-05 9.98159E-05
9.98071E-05 9.98071E-05 9.98071E-05 0.553691 9.98071E-05 9.98071E-05 9.98071E-05 9.98071E-05 0.0213063 0.354346 9.98071E-05 9.98071E-05 9.98071E-05 9.98071E-05 9.98071E-05 9.98071E-05 9.98071E-05 9.98071E-05 9.98071E-05 9.98071E-05 9.98071E-05 9.98071E-05 9.98071E-05 9.98071E-05 9.98071E-05 0.0684611
0.463295 0.113972 0.0716943 9.98335E-05 9.98335E-05 9.98335E-05 9.98335E-05 9.98335E-05 9.98335E-05 9.98335E-05 9.98335E-05 9.98335E-05 9.98335E-05 9.98335E-05 9.98335E-05 0.103501 9.98335E-05 0.0950703 9.98335E-05 9.98335E-05 9.98335E-05 0.0942909 9.98335E-05 9.98335E-05 0.0562802 9.98335E-05
9.98421E-05 9.98421E-05 0.371725 9.98421E-05 9.98421E-05 9.98421E-05 9.98421E-05 9.98421E-05 9.98421E-05 0.270349 0.000650998 9.98421E-05 9.98421E-05 0.00320757 9.98421E-05 0.0945647 9.98421E-05 9.98421E-05 9.98421E-05 0.0776003 9.98421E-05 0.179093 9.98421E-05 9.98421E-05 0.00101223 9.98421E-05
9.97894E-05 9.97894E-05 9.97894E-05 0.691896 9.97894E-05 9.97894E-05 9.97894E-05 9.97894E-05 9.97894E-05 9.97894E-05 9.97894E-05 9.97894E-05 9.97894E-05 9.97894E-05 9.97894E-05 0.305709 9.97894E-05 9.97894E-05 9.97894E-05 9.97894E-05 9.97894E-05 9.97894E-05 9.97894E-05 9.97894E-05 9.97894E-05 9.97894E-05
9.97982E-05 9.97982E-05 9.97982E-05 9.97982E-05 9.97982E-05 9.97982E-05 9.97982E-05 9.97982E-05 9.97982E-05 0.944258 9.97982E-05 9.97982E-05 9.97982E-05 9.97982E-05 9.97982E-05 9.97982E-05 9.97982E-05 9.97982E-05 9.97982E-05 9.97982E-05 9.97982E-05 0.0405451 0.0129014 9.97982E-05 9.97982E-05 9.97982E-05
0.997505 9.97807E-05 9.97807E-05 9.97807E-05 9.97807E-05 9.97807E-05 9.97807E-05 9.97807E-05 9.97807E-05 9.97807E-05 9.97807E-05 9.97807E-05 9.97807E-05 9.97807E-05 9.97807E-05 9.97807E-05 9.97807E-05 9.97807E-05 9.97807E-05 9.97807E-05 9.97807E-05 9.97807E-05 9.97807E-05 9.97807E-05 9.97807E-05 9.97807E-05
9.98332E-05 9.98332E-05 0.143909 9.98332E-05 9.98332E-05 9.98332E-05 9.98332E-05 9.98332E-05 9.98332E-05 0.566325 9.98332E-05 9.98332E-05 9.98332E-05 9.98332E-05 9.98332E-05 0.108955 9.98332E-05 0.0414321 0.0471584 9.98332E-05 0.00923975 0.0810835 9.98332E-05 9.98332E-05 9.98332E-05 9.98332E-05
9.98074E-05 9.98074E-05 9.98074E-05 9.98074E-05 9.98074E-05 9.98074E-05 9.98074E-05 9.98074E-05 9.98074E-05 0.70948 0.208206 9.98074E-05 9.98074E-05 9.98074E-05 9.98074E-05 9.98074E-05 0.0671466 9.98074E-05 9.98074E-05 9.98074E-05 9.98074E-05 9.98074E-05 0.0129715 9.98074E-05 9.98074E-05 9.98074E-05
9.9842E-05 0.0247099 9.9842E-05 9.9842E-05 9.9842E-05 0.100717 0.0136692 9.9842E-05 0.043162 0.413065 9.9842E-05 9.9842E-05 9.9842E-05 9.9842E-05 9.9842E-05 9.9842E-05 9.9842E-05 9.9842E-05 9.9842E-05 9.9842E-05 0.0848414 0.228694 9.9842E-05 9.9842E-05 0.0893446 9.9842E-05
9.98245E-05 9.98245E-05 0.0236938 0.453988 9.98245E-05 9.98245E-05 0.100617 9.98245E-05 9.98245E-05 9.98245E-05 0.202637 9.98245E-05 9.98245E-05 9.98245E-05 9.98245E-05 0.160106 9.98245E-05 9.98245E-05 9.98245E-05 0.056961 9.98245E-05 9.98245E-05 9.98245E-05 9.98245E-05 9.98245E-05 9.98245E-05
0.0587833 9.97983E-05 9.97983E-05 0.936104 9.97983E-05 9.97983E-05 9.97983E-05 9.97983E-05 9.97983E-05 9.97983E-05 9.97983E-05 9.97983E-05 9.97983E-05 9.97983E-05 9.97983E-05 9.97983E-05 9.97983E-05 9.97983E-05 9.97983E-05 9.97983E-05 9.97983E-05 9.97983E-05 0.0028168 9.97983E-05 9.97983E-05 9.97983E-05
9.97805E-05 9.97805E-05 9.97805E-05 9.97805E-05 9.97805E-05 9.97805E-05 9.97805E-05 9.97805E-05 9.97805E-05 9.97805E-05 0.997505 9.97805E-05 9.97805E-05 9.97805E-05 9.97805E-05 9.97805E-05 9.97805E-05 9.97805E-05 9.97805E-05 9.97805E-05 9.97805E-05 9.97805E-05 9.97805E-05 9.97805E-05 9.97805E-05 9.97805E-05
0.706597 9.98072E-05 9.98072E-05 9.98072E-05 9.98072E-05 9.98072E-05 9.98072E-05 9.98072E-05 9.98072E-05 0.137238 9.98072E-05 9.98072E-05 9.98072E-05 9.98072E-05 9.98072E-05 9.98072E-05 9.98072E-05 9.98072E-05 9.98072E-05 9.98072E-05 9.98072E-05 0.0612368 9.98072E-05 0.0927322 9.98072E-05 9.98072E-05
0.450067 9.97895E-05 9.97895E-05 9.97895E-05 9.97895E-05 9.97895E-05 9.97895E-05 9.97895E-05 9.97895E-05 9.97895E-05 9.97895E-05 9.97895E-05 9.97895E-05 9.97895E-05 9.97895E-05 0.547538 9.97895E-05 9.97895E-05 9.97895E-05 9.97895E-05 9.97895E-05 9.97895E-05 9.97895E-05 9.97895E-05 9.97895E-05 9.97895E-05
9.9807E-05 9.9807E-05 9.9807E-05 0.948075 9.9807E-05 9.9807E-05 9.9807E-05 9.9807E-05 9.9807E-05 9.9807E-05 9.9807E-05 9.9807E-05 9.9807E-05 9.9807E-05 0.0137691 9.9807E-05 9.9807E-05 9.9807E-05 0.0104305 9.9807E-05 9.9807E-05 0.0255301 9.9807E-05 9.9807E-05 9.9807E-05 9.9807E-05
9.98071E-05 9.98071E-05 9.98071E-05 9.98071E-05 9.98071E-05 9.98071E-05 9.98071E-05 9.98071E-05 9.98071E-05 0.87549 9.98071E-05 9.98071E-05 9.98071E-05 9.98071E-05 9.98071E-05 0.0148415 9.98071E-05 9.98071E-05 9.98071E-05 0.0721923 9.98071E-05 0.0352808 9.98071E-05 9.98071E-05 9.98071E-05 9.98071E-05
0.0118532 0.0265645 9.98333E-05 9.98333E-05 9.98333E-05 9.98333E-05 9.98333E-05 9.98333E-05 9.98333E-05 0.639544 0.285235 9.98333E-05 9.98333E-05 9.98333E-05 9.98333E-05 9.98333E-05 0.00115813 9.98333E-05 0.0130954 0.0206526 9.98333E-05 9.98333E-05 9.98333E-05 9.98333E-05 9.98333E-05 9.98333E-05
9.98158E-05 0.0273597 9.98158E-05 9.98158E-05 9.98158E-05 9.98158E-05 9.98158E-05 9.98158E-05 9.98158E-05 9.98158E-05 9.98158E-05 9.98158E-05 9.98158E-05 9.98158E-05 9.98158E-05 9.98158E-05 9.98158E-05 0.778989 9.98158E-05 9.98158E-05 0.0212903 0.115634 0.0546304 9.98158E-05 9.98158E-05 9.98158E-05
9.97807E-05 9.97807E-05 9.97807E-05 9.97807E-05 9.97807E-05 9.97807E-05 9.97807E-05 9.97807E-05 9.97807E-05 9.97807E-05 9.97807E-05 9.97807E-05 0.997505 9.97807E-05 9.97807E-05 9.97807E-05 9.97807E-05 9.97807E-05 9.97807E-05 9.97807E-05 9.97807E-05 9.97807E-05 9.97807E-05 9.97807E-05 9.97807E-05 9.97807E-05
9.9807E-05 9.9807E-05 9.9807E-05 9.9807E-05 9.9807E-05 9.9807E-05 9.9807E-05 9.9807E-05 9.9807E-05 9.9807E-05 9.9807E-05 9.9807E-05 0.567084 9.9807E-05 9.9807E-05 9.9807E-05 0.0428719 0.293385 9.9807E-05 9.9807E-05 9.9807E-05 9.9807E-05 0.0944632 9.9807E-05 9.9807E-05 9.9807E-05
9.98072E-05 0.103556 9.98072E-05 9.98072E-05 9.98072E-05 0.22427 9.98072E-05 9.98072E-05 9.98072E-05 9.98072E-05 9.98072E-05 9.98072E-05 9.98072E-05 9.98072E-05 0.207138 9.98072E-05 9.98072E-05 0.46284 9.98072E-05 9.98072E-05 9.98072E-05 9.98072E-05 9.98072E-05 9.98072E-05 9.98072E-05 9.98072E-05
9.98331E-05 0.0392341 0.0601372 9.98331E-05 9.98331E-05 9.98331E-05 0.0742525 9.98331E-05 9.98331E-05 9.98331E-05 9.98331E-05 9.98331E-05 9.98331E-05 9.98331E-05 9.98331E-05 0.00396556 0.00579682 0.800621 9.98331E-05 9.98331E-05 9.98331E-05 0.014096 9.98331E-05 9.98331E-05 9.98331E-05 9.98331E-05
9.97979E-05 0.0451377 9.97979E-05 9.97979E-05 9.97979E-05 9.97979E-05 9.97979E-05 9.97979E-05 9.97979E-05 9.97979E-05 9.97979E-05 9.97979E-05 9.97979E-05 9.97979E-05 9.97979E-05 9.97979E-05 9.97979E-05 0.898586 9.97979E-05 9.97979E-05 9.97979E-05 0.053981 9.97979E-05 9.97979E-05 9.97979E-05 9.97979E-05
9.98244E-05 9.98244E-05 9.98244E-05 9.98244E-05 9.98244E-05 9.98244E-05 9.98244E-05 9.98244E-05 9.98244E-05 9.98244E-05 9.98244E-05 0.0398553 0.0735885 9.98244E-05 0.203831 9.98244E-05 9.98244E-05 0.512798 9.98244E-05 9.98244E-05 0.0736532 0.094278 9.98244E-05 9.98244E-05 9.98244E-05 9.98244E-05
9.98155E-05 0.0438022 9.98155E-05 9.98155E-05 9.98155E-05 9.98155E-05 9.98155E-05 9.98155E-05 9.98155E-05 9.98155E-05 9.98155E-05 9.98155E-05 9.98155E-05 9.98155E-05 0.0534763 9.98155E-05 9.98155E-05 0.811675 9.98155E-05 9.98155E-05 9.98155E-05 0.0361055 0.0528446 9.98155E-05 9.98155E-05 9.98155E-05
9.97896E-05 9.97896E-05 9.97896E-05 9.97896E-05 9.97896E-05 9.97896E-05 9.97896E-05 9.97896E-05 9.97896E-05 9.97896E-05 9.97896E-05 9.97896E-05 0.046998 9.97896E-05 9.97896E-05 9.97896E-05 9.97896E-05 0.950607 9.97896E-05 9.97896E-05 9.97896E-05 9.97896E-05 9.97896E-05 9.97896E-05 9.97896E-05 9.97896E-05
9.98068E-05 9.98068E-05 9.98068E-05 9.98068E-05 9.98068E-05 9.98068E-05 9.98068E-05 9.98068E-05 9.98068E-05 9.98068E-05 9.98068E-05 9.98068E-05 0.685167 9.98068E-05 9.98068E-05 0.1501 9.98068E-05 0.0700478 9.98068E-05 0.0924893 9.98068E-05 9.98068E-05 9.98068E-05 9.98068E-05 9.98068E-05 9.98068E-05
9.98154E-05 0.01336 9.98154E-05 9.98154E-05 9.98154E-05 9.98154E-05 0.0124539 9.98154E-05 9.98154E-05 9.98154E-05 9.98154E-05 9.98154E-05 9.98154E-05 9.98154E-05 9.98154E-05 9.98154E-05 9.98154E-05 0.645808 9.98154E-05 9.98154E-05 0.101017 0.225265 9.98154E-05 9.98154E-05 9.98154E-05 9.98154E-05
9.98244E-05 9.98244E-05 0.0512179 9.98244E-05 0.0871917 9.98244E-05 9.98244E-05 9.98244E-05 9.98244E-05 9.98244E-05 9.98244E-05 9.98244E-05 9.98244E-05 9.98244E-05 9.98244E-05 9.98244E-05 9.98244E-05 0.697409 9.98244E-05 9.98244E-05 0.0720658 0.0668464 9.98244E-05 0.0232726 9.98244E-05 9.98244E-05
9.98157E-05 0.124474 9.98157E-05 9.98157E-05 0.0421798 9.98157E-05 9.98157E-05 9.98157E-05 9.98157E-05 9.98157E-05 9.98157E-05 9.98157E-05 9.98157E-05 0.074264 9.98157E-05 9.98157E-05 9.98157E-05 0.605633 9.98157E-05 9.98157E-05 0.151353 9.98157E-05 9.98157E-05 9.98157E-05 9.98157E-05 9.98157E-05
9.98068E-05 9.98068E-05 0.0932562 9.98068E-05 9.98068E-05 9.98068E-05 9.98068E-05 9.98068E-05 9.98068E-05 9.98068E-05 9.98068E-05 9.98068E-05 9.98068E-05 9.98068E-05 9.98068E-05 9.98068E-05 9.98068E-05 0.717979 0.0157896 9.98068E-05 9.98068E-05 0.170779 9.98068E-05 9.98068E-05 9.98068E-05 9.98068E-05
0.0184367 9.97986E-05 9.97986E-05 9.97986E-05 9.97986E-05 9.97986E-05 9.97986E-05 9.97986E-05 9.97986E-05 9.97986E-05 9.97986E-05 9.97986E-05 9.97986E-05 9.97986E-05 9.97986E-05 9.97986E-05 9.97986E-05 0.973094 9.97986E-05 9.97986E-05 9.97986E-05 9.97986E-05 9.97986E-05 9.97986E-05 9.97986E-05 0.00617401
9.98072E-05 0.023502 9.98072E-05 9.98072E-05 9.98072E-05 9.98072E-05 9.98072E-05 0.0438746 9.98072E-05 9.98072E-05 9.98072E-05 9.98072E-05 0.163154 9.98072E-05 9.98072E-05 9.98072E-05 9.98072E-05 0.767274 9.98072E-05 9.98072E-05 9.98072E-05 9.98072E-05 9.98072E-05 9.98072E-05 9.98072E-05 9.98072E-05
9.97979E-05 9.97979E-05 9.97979E-05 9.97979E-05 9.97979E-05 9.97979E-05 9.97979E-05 9.97979E-05 9.97979E-05 9.97979E-05 9.97979E-05 9.97979E-05 9.97979E-05 9.97979E-05 9.97979E-05 9.97979E-05 0.0501341 0.857882 0.0896884 9.97979E-05 9.97979E-05 9.97979E-05 9.97979E-05 9.97979E-05 9.97979E-05 9.97979E-05
9.98157E-05 9.98157E-05 0.0456108 9.98157E-05 9.98157E-05 9.98157E-05 9.98157E-05 9.98157E-05 9.98157E-05 9.98157E-05 9.98157E-05 9.98157E-05 9.98157E-05 9.98157E-05 9.98157E-05 9.98157E-05 9.98157E-05 0.797676 0.0524211 0.0169837 0.0852123 9.98157E-05 9.98157E-05 9.98157E-05 9.98157E-05 9.98157E-05
9.9807E-05 9.9807E-05 9.9807E-05 9.9807E-05 9.9807E-05 9.9807E-05 9.9807E-05 9.9807E-05 9.9807E-05 9.9807E-05 9.9807E-05 9.9807E-05 0.121628 9.9807E-05 9.9807E-05 9.9807E-05 9.9807E-05 0.841389 9.9807E-05 9.9807E-05 9.9807E-05 0.00426179 0.0305254 9.9807E-05 9.9807E-05 9.9807E-05
9.98154E-05 9.98154E-05 9.98154E-05 9.98154E-05 0.00687812 9.98154E-05 9.98154E-05 9.98154E-05 0.0218316 9.98154E-05 9.98154E-05 9.98154E-05 9.98154E-05 9.98154E-05 9.98154E-05 9.98154E-05 9.98154E-05 0.770829 9.98154E-05 9.98154E-05 0.025302 0.173064 9.98154E-05 9.98154E-05 9.98154E-05 9.98154E-05
9.97808E-05 9.97808E-05 9.97808E-05 9.97808E-05 9.97808E-05 9.97808E-05 9.97808E-05 9.97808E-05 9.97808E-05 9.97808E-05 9.97808E-05 9.97808E-05 0.997505 9.97808E-05 9.97808E-05 9.97808E-05 9.97808E-05 9.97808E-05 9.97808E-05 9.97808E-05 9.97808E-05 9.97808E-05 9.97808E-05 9.97808E-05 9.97808E-05 9.97808E-05
9.98156E-05 9.98156E-05 0.100311 9.98156E-05 9.98156E-05 9.98156E-05 9.98156E-05 9.98156E-05 0.0421648 9.98156E-05 9.98156E-05 9.98156E-05 9.98156E-05 9.98156E-05 9.98156E-05 9.98156E-05 0.00711988 0.766569 9.98156E-05 9.98156E-05 9.98156E-05 0.0817388 9.98156E-05 9.98156E-05 9.98156E-05 9.98156E-05
9.97984E-05 9.97984E-05 0.0165669 9.97984E-05 9.97984E-05 9.97984E-05 9.97984E-05 9.97984E-05 9.97984E-05 9.97984E-05 0.0831415 9.97984E-05 9.97984E-05 9.97984E-05 9.97984E-05 9.97984E-05 9.97984E-05 0.897996 9.97984E-05 9.97984E-05 9.97984E-05 9.97984E-05 9.97984E-05 9.97984E-05 9.97984E-05 9.97984E-05
9.98421E-05 0.0609721 9.98421E-05 9.98421E-05 9.98421E-05 9.98421E-05 9.98421E-05 9.98421E-05 9.98421E-05 9.98421E-05 9.98421E-05 9.98421E-05 0.0885956 9.98421E-05 9.98421E-05 0.0322837 9.98421E-05 0.483324 0.0554538 9.98421E-05 9.98421E-05 0.0196941 0.116283 9.98421E-05 0.141597 9.98421E-05
9.98155E-05 9.98155E-05 9.98155E-05 9.98155E-05 9.98155E-05 9.98155E-05 9.98155E-05 9.98155E-05 9.98155E-05 9.98155E-05 9.98155E-05 0.0144777 0.592704 9.98155E-05 9.98155E-05 0.0807619 9.98155E-05 0.176561 9.98155E-05 9.98155E-05 0.133399 9.98155E-05 9.98155E-05 9.98155E-05 9.98155E-05 9.98155E-05
9.97983E-05 0.0231485 9.97983E-05 9.97983E-05 9.97983E-05 9.97983E-05 9.97983E-05 9.97983E-05 9.97983E-05 9.97983E-05 9.97983E-05 9.97983E-05 0.947045 9.97983E-05 9.97983E-05 9.97983E-05 9.97983E-05 9.97983E-05 9.97983E-05 9.97983E-05 9.97983E-05 0.0275111 9.97983E-05 9.97983E-05 9.97983E-05 9.97983E-05
9.9781E-05 9.9781E-05 9.9781E-05 9.9781E-05 9.9781E-05 9.9781E-05 9.9781E-05 9.9781E-05 9.9781E-05 9.9781E-05 9.9781E-05 9.9781E-05 9.9781E-05 9.9781E-05 9.9781E-05 9.9781E-05 9.9781E-05 0.997505 9.9781E-05 9.9781E-05 9.9781E-05 9.9781E-05 9.9781E-05 9.9781E-05 9.9781E-05 9.9781E-05
9.97806E-05 9.97806E-05 9.97806E-05 9.97806E-05 9.97806E-05 9.97806E-05 9.97806E-05 9.97806E-05 9.97806E-05 9.97806E-05 9.97806E-05 9.97806E-05 0.997505 9.97806E-05 9.97806E-05 9.97806E-05 9.97806E-05 9.97806E-05 9.97806E-05 9.97806E-05 9.97806E-05 9.97806E-05 9.97806E-05 9.97806E-05 9.97806E-05 9.97806E-05
9.97898E-05 9.97898E-05 9.97898E-05 9.97898E-05 9.97898E-05 9.97898E-05 9.97898E-05 9.97898E-05 9.97898E-05 9.97898E-05 9.97898E-05 9.97898E-05 9.97898E-05 9.97898E-05 9.97898E-05 9.97898E-05 9.97898E-05 0.919637 9.97898E-05 9.97898E-05 9.97898E-05 9.97898E-05 0.077968 9.97898E-05 9.97898E-05 9.97898E-05
9.9816E-05 0.0693261 9.9816E-05 9.9816E-05 9.9816E-05 9.9816E-05 9.9816E-05 9.9816E-05 0.0540216 9.9816E-05 9.9816E-05 9.9816E-05 0.622314 9.9816E-05 9.9816E-05 9.9816E-05 9.9816E-05 9.9816E-05 9.9816E-05 9.9816E-05 9.9816E-05 0.143559 9.9816E-05 9.9816E-05 9.9816E-05 0.108683
9.98073E-05 0.0553994 9.98073E-05 9.98073E-05 9.98073E-05 0.790867 9.98073E-05 9.98073E-05 9.98073E-05 9.98073E-05 9.98073E-05 9.98073E-05 9.98073E-05 9.98073E-05 9.98073E-05 9.98073E-05 9.98073E-05 9.98073E-05 0.00974817 9.98073E-05 9.98073E-05 0.14179 9.98073E-05 9.98073E-05 9.98073E-05 9.98073E-05
9.97984E-05 0.0381011 9.97984E-05 9.97984E-05 9.97984E-05 0.318219 9.97984E-05 9.97984E-05 9.97984E-05 9.97984E-05 9.97984E-05 9.97984E-05 9.97984E-05 9.97984E-05 9.97984E-05 9.97984E-05 9.97984E-05 9.97984E-05 9.97984E-05 9.97984E-05 9.97984E-05 9.97984E-05 9.97984E-05 9.97984E-05 9.97984E-05 0.641385
9.98069E-05 9.98069E-05 9.98069E-05 9.98069E-05 9.98069E-05 0.836355 9.98069E-05 9.98069E-05 9.98069E-05 9.98069E-05 9.98069E-05 9.98069E-05 9.98069E-05 9.98069E-05 9.98069E-05 9.98069E-05 9.98069E-05 0.0313317 9.98069E-05 9.98069E-05 9.98069E-05 0.112099 9.98069E-05 0.0180188 9.98069E-05 9.98069E-05
9.9798E-05 0.039414 9.9798E-05 9.9798E-05 9.9798E-05 0.877299 9.9798E-05 9.9798E-05 9.9798E-05 9.9798E-05 9.9798E-05 9.9798E-05 9.9798E-05 9.9798E-05 9.9798E-05 9.9798E-05 9.9798E-05 9.9798E-05 9.9798E-05 9.9798E-05 9.9798E-05 0.0809917 9.9798E-05 9.9798E-05 9.9798E-05 9.9798E-05
9.9798E-05 0.00585005 9.9798E-05 9.9798E-05 9.9798E-05 0.943245 9.9798E-05 9.9798E-05 9.9798E-05 9.9798E-05 9.9798E-05 9.9798E-05 9.9798E-05 9.9798E-05 9.9798E-05 9.9798E-05 9.9798E-05 9.9798E-05 9.9798E-05 9.9798E-05 9.9798E-05 9.9798E-05 9.9798E-05 9.9798E-05 0.0486099 9.9798E-05
9.98246E-05 0.0968805 9.98246E-05 9.98246E-05 9.98246E-05 0.645898 9.98246E-05 0.076317 9.98246E-05 9.98246E-05 9.98246E-05 9.98246E-05 9.98246E-05 9.98246E-05 0.0523071 0.00357096 9.98246E-05 9.98246E-05 9.98246E-05 9.98246E-05 9.98246E-05 0.123029 9.98246E-05 9.98246E-05 9.98246E-05 9.98246E-05
9.98246E-05 0.0604687 0.0416639 9.98246E-05 9.98246E-05 0.782222 9.98246E-05 9.98246E-05 9.98246E-05 9.98246E-05 9.98246E-05 9.98246E-05 9.98246E-05 9.98246E-05 9.98246E-05 9.98246E-05 9.98246E-05 9.98246E-05 9.98246E-05 9.98246E-05 0.00209112 0.0928437 0.0187138 9.98246E-05 9.98246E-05 9.98246E-05
9.97983E-05 0.260289 9.97983E-05 9.97983E-05 9.97983E-05 0.714268 9.97983E-05 9.97983E-05 9.97983E-05 9.97983E-05 9.97983E-05 9.97983E-05 9.97983E-05 9.97983E-05 9.97983E-05 9.97983E-05 9.97983E-05 9.97983E-05 9.97983E-05 9.97983E-05 9.97983E-05 9.97983E-05 0.0231477 9.97983E-05 9.97983E-05 9.97983E-05
9.98155E-05 0.321289 9.98155E-05 9.98155E-05 9.98155E-05 0.328834 9.98155E-05 9.98155E-05 0.242671 9.98155E-05 9.98155E-05 9.98155E-05 9.98155E-05 9.98155E-05 0.0708012 9.98155E-05 9.98155E-05 9.98155E-05 9.98155E-05 9.98155E-05 9.98155E-05 9.98155E-05 9.98155E-05 0.0343088 9.98155E-05 9.98155E-05
9.98421E-05 0.177607 0.0332124 9.98421E-05 9.98421E-05 0.467986 9.98421E-05 9.98421E-05 9.98421E-05 9.98421E-05 9.98421E-05 9.98421E-05 9.98421E-05 9.98421E-05 9.98421E-05 0.000536084 9.98421E-05 9.98421E-05 9.98421E-05 0.00462607 0.0289177 0.234718 9.98421E-05 0.0505993 9.98421E-05 9.98421E-05
9.98159E-05 0.0278178 9.98159E-05 9.98159E-05 9.98159E-05 0.420479 9.98159E-05 0.441565 9.98159E-05 9.98159E-05 9.98159E-05 9.98159E-05 9.98159E-05 9.98159E-05 0.0844477 9.98159E-05 9.98159E-05 9.98159E-05 9.98159E-05 9.98159E-05 9.98159E-05 0.0235939 9.98159E-05 9.98159E-05 9.98159E-05 9.98159E-05
9.98159E-05 9.98159E-05 9.98159E-05 9.98159E-05 9.98159E-05 0.720555 9.98159E-05 0.0959756 9.98159E-05 0.0453422 9.98159E-05 9.98159E-05 9.98159E-05 9.98159E-05 0.0804531 9.98159E-05 9.98159E-05 9.98159E-05 9.98159E-05 9.98159E-05 9.98159E-05 0.0555778 9.98159E-05 9.98159E-05 9.98159E-05 9.98159E-05
9.97986E-05 0.0569178 9.97986E-05 9.97986E-05 9.97986E-05 0.846619 9.97986E-05 0.0941676 9.97986E-05 9.97986E-05 9.97986E-05 9.97986E-05 9.97986E-05 9.97986E-05 9.97986E-05 9.97986E-05 9.97986E-05 9.97986E-05 9.97986E-05 9.97986E-05 9.97986E-05 9.97986E-05 9.97986E-05 9.97986E-05 9.97986E-05 9.97986E-05
9.98159E-05 0.112735 9.98159E-05 9.98159E-05 9.98159E-05 0.47106 9.98159E-05 0.181126 9.98159E-05 9.98159E-05 9.98159E-05 9.98159E-05 9.98159E-05 9.98159E-05 9.98159E-05 9.98159E-05 9.98159E-05 9.98159E-05 9.98159E-05 9.98159E-05 0.0110534 0.221931 9.98159E-05 9.98159E-05 9.98159E-05 9.98159E-05
9.98422E-05 0.00711322 9.98422E-05 9.98422E-05 9.98422E-05 0.615997 0.0133161 0.107429 9.98422E-05 9.98422E-05 9.98422E-05 9.98422E-05 9.98422E-05 9.98422E-05 9.98422E-05 9.98422E-05 9.98422E-05 9.98422E-05 9.98422E-05 0.00236494 9.98422E-05 0.0345369 0.188309 9.98422E-05 9.98422E-05 0.0291365
9.98421E-05 0.00769474 9.98421E-05 9.98421E-05 9.98421E-05 0.616967 9.98421E-05 9.98421E-05 0.12053 9.98421E-05 9.98421E-05 9.98421E-05 9.98421E-05 9.98421E-05 0.0554203 9.98421E-05 9.98421E-05 9.98421E-05 9.98421E-05 0.0394429 0.00178055 0.124378 9.98421E-05 9.98421E-05 9.98421E-05 0.0319903
9.98157E-05 9.98157E-05 9.98157E-05 9.98157E-05 9.98157E-05 0.401095 0.0834315 0.118222 9.98157E-05 9.98157E-05 9.98157E-05 9.98157E-05 9.98157E-05 9.98157E-05 0.265276 9.98157E-05 9.98157E-05 9.98157E-05 9.98157E-05 9.98157E-05 9.98157E-05 0.12988 9.98157E-05 9.98157E-05 9.98157E-05 9.98157E-05
9.98423E-05 0.0708552 0.0636411 9.98423E-05 9.98423E-05 0.636954 9.98423E-05 9.98423E-05 9.98423E-05 0.00844269 9.98423E-05 9.98423E-05 9.98423E-05 0.0547467 9.98423E-05 9.98423E-05 0.0086589 9.98423E-05 9.98423E-05 0.0283963 9.98423E-05 9.98423E-05 9.98423E-05 9.98423E-05 9.98423E-05 0.126508
9.97984E-05 9.97984E-05 9.97984E-05 9.97984E-05 9.97984E-05 0.87299 9.97984E-05 0.0915807 9.97984E-05 9.97984E-05 9.97984E-05 9.97984E-05 9.97984E-05 9.97984E-05 9.97984E-05 9.97984E-05 9.97984E-05 9.97984E-05 9.97984E-05 9.97984E-05 0.033134 9.97984E-05 9.97984E-05 9.97984E-05 9.97984E-05 9.97984E-05
9.98508E-05 0.0181029 9.98508E-05 9.98508E-05 9.98508E-05 0.399339 0.0399257 9.98508E-05 9.98508E-05 9.98508E-05 9.98508E-05 0.0243749 9.98508E-05 9.98508E-05 9.98508E-05 9.98508E-05 9.98508E-05 0.0251274 9.98508E-05 0.104236 0.042908 0.0537994 9.98508E-05 9.98508E-05 9.98508E-05 0.290489
9.98334E-05 0.0430883 9.98334E-05 9.98334E-05 9.98334E-05 0.653341 9.98334E-05 0.0642361 9.98334E-05 9.98334E-05 9.98334E-05 9.98334E-05 9.98334E-05 0.0253006 0.0596 9.98334E-05 9.98334E-05 9.98334E-05 9.98334E-05 9.98334E-05 9.98334E-05 0.122508 0.0300292 9.98334E-05 9.98334E-05 9.98334E-05
9.97895E-05 0.0213427 9.97895E-05 9.97895E-05 9.97895E-05 0.976262 9.97895E-05 9.97895E-05 9.97895E-05 9.97895E-05 9.97895E-05 9.97895E-05 9.97895E-05 9.97895E-05 9.97895E-05 9.97895E-05 9.97895E-05 9.97895E-05 9.97895E-05 9.97895E-05 9.97895E-05 9.97895E-05 9.97895E-05 9.97895E-05 9.97895E-05 9.97895E-05
9.98158E-05 0.229239 9.98158E-05 9.98158E-05 9.98158E-05 0.355882 0.094155 9.98158E-05 9.98158E-05 9.98158E-05 9.98158E-05 9.98158E-05 9.98158E-05 9.98158E-05 0.117292 9.98158E-05 9.98158E-05 9.98158E-05 9.98158E-05 9.98158E-05 9.98158E-05 0.201336 9.98158E-05 9.98158E-05 9.98158E-05 9.98158E-05
9.98071E-05 0.148585 9.98071E-05 9.98071E-05 9.98071E-05 0.645203 9.98071E-05 0.198177 9.98071E-05 9.98071E-05 9.98071E-05 9.98071E-05 9.98071E-05 9.98071E-05 9.98071E-05 9.98071E-05 9.98071E-05 9.98071E-05 9.98071E-05 9.98071E-05 9.98071E-05 9.98071E-05 9.98071E-05 0.00583975 9.98071E-05 9.98071E-05
9.98246E-05 0.19469 9.98246E-05 9.98246E-05 9.98246E-05 0.452009 0.0167009 9.98246E-05 9.98246E-05 9.98246E-05 9.98246E-05 9.98246E-05 9.98246E-05 0.0429381 0.0897823 9.98246E-05 9.98246E-05 9.98246E-05 9.98246E-05 9.98246E-05 9.98246E-05 0.201884 9.98246E-05 9.98246E-05 9.98246E-05 9.98246E-05
9.9816E-05 0.131202 9.9816E-05 9.9816E-05 9.9816E-05 0.260606 9.9816E-05 0.328811 9.9816E-05 9.9816E-05 9.9816E-05 9.9816E-05 9.9816E-05 9.9816E-05 9.9816E-05 9.9816E-05 9.9816E-05 0.150383 9.9816E-05 9.9816E-05 9.9816E-05 0.126902 9.9816E-05 9.9816E-05 9.9816E-05 9.9816E-05
9.9807E-05 9.9807E-05 9.9807E-05 9.9807E-05 9.9807E-05 9.9807E-05 9.9807E-05 9.9807E-05 9.9807E-05 9.9807E-05 0.0463528 9.9807E-05 9.9807E-05 9.9807E-05 9.9807E-05 9.9807E-05 0.0323789 9.9807E-05 9.9807E-05 9.9807E-05 9.9807E-05 9.9807E-05 9.9807E-05 9.9807E-05 0.139951 0.779121
9.98067E-05 0.0915741 9.98067E-05 9.98067E-05 9.98067E-05 0.768485 9.98067E-05 9.98067E-05 9.98067E-05 9.98067E-05 9.98067E-05 9.98067E-05 9.98067E-05 9.98067E-05 9.98067E-05 9.98067E-05 9.98067E-05 9.98067E-05 0.0323798 9.98067E-05 9.98067E-05 0.105366 9.98067E-05 9.98067E-05 9.98067E-05 9.98067E-05
9.97984E-05 0.184688 9.97984E-05 9.97984E-05 9.97984E-05 0.586802 9.97984E-05 9.97984E-05 9.97984E-05 9.97984E-05 9.97984E-05 9.97984E-05 9.97984E-05 9.97984E-05 9.97984E-05 9.97984E-05 9.97984E-05 9.97984E-05 9.97984E-05 9.97984E-05 9.97984E-05 0.226214 9.97984E-05 9.97984E-05 9.97984E-05 9.97984E-05
9.9807E-05 9.9807E-05 9.9807E-05 9.9807E-05 9.9807E-05 0.614089 9.9807E-05 9.9807E-05 9.9807E-05 9.9807E-05 9.9807E-05 9.9807E-05 9.9807E-05 0.12299 9.9807E-05 9.9807E-05 9.9807E-05 9.9807E-05 9.9807E-05 9.9807E-05 9.9807E-05 0.0732618 9.9807E-05 9.9807E-05 9.9807E-05 0.187463
9.98335E-05 0.0335914 9.98335E-05 9.98335E-05 0.00146264 0.62057 9.98335E-05 0.111637 9.98335E-05 9.98335E-05 9.98335E-05 9.98335E-05 9.98335E-05 9.98335E-05 0.00239863 9.98335E-05 9.98335E-05 9.98335E-05 9.98335E-05 9.98335E-05 0.0289909 0.199452 9.98335E-05 9.98335E-05 9.98335E-05 9.98335E-05
9.97985E-05 9.97985E-05 9.97985E-05 9.97985E-05 0.00039125 0.945876 9.97985E-05 9.97985E-05 9.97985E-05 9.97985E-05 9.97985E-05 9.97985E-05 9.97985E-05 9.97985E-05 9.97985E-05 9.97985E-05 9.97985E-05 9.97985E-05 9.97985E-05 9.97985E-05 9.97985E-05 0.0514377 9.97985E-05 9.97985E-05 9.97985E-05 9.97985E-05
9.98156E-05 0.221457 9.98156E-05 9.98156E-05 9.98156E-05 0.418112 0.143785 9.98156E-05 9.98156E-05 9.98156E-05 9.98156E-05 9.98156E-05 9.98156E-05 0.0614012 9.98156E-05 9.98156E-05 9.98156E-05 9.98156E-05 9.98156E-05 9.98156E-05 9.98156E-05 0.153148 9.98156E-05 9.98156E-05 9.98156E-05 9.98156E-05
9.98069E-05 0.0361882 0.176705 9.98069E-05 9.98069E-05 0.76961 9.98069E-05 9.98069E-05 9.98069E-05 9.98069E-05 9.98069E-05 9.98069E-05 9.98069E-05 9.98069E-05 9.98069E-05 9.98069E-05 9.98069E-05 9.98069E-05 9.98069E-05 9.98069E-05 9.98069E-05 0.015301 9.98069E-05 9.98069E-05 9.98069E-05 9.98069E-05
9.97984E-05 9.97984E-05 9.97984E-05 9.97984E-05 9.97984E-05 0.889173 9.97984E-05 0.02658 9.97984E-05 9.97984E-05 9.97984E-05 9.97984E-05 9.97984E-05 9.97984E-05 9.97984E-05 9.97984E-05 9.97984E-05 9.97984E-05 9.97984E-05 9.97984E-05 9.97984E-05 0.081952 9.97984E-05 9.97984E-05 9.97984E-05 9.97984E-05
9.98156E-05 0.0692015 9.98156E-05 9.98156E-05 9.98156E-05 0.543475 9.98156E-05 0.228174 0.146879 9.98156E-05 9.98156E-05 9.98156E-05 9.98156E-05 9.98156E-05 9.98156E-05 9.98156E-05 9.98156E-05 9.98156E-05 9.98156E-05 0.0101736 9.98156E-05 9.98156E-05 9.98156E-05 9.98156E-05 9.98156E-05 9.98156E-05
9.98156E-05 0.092995 9.98156E-05 9.98156E-05 9.98156E-05 0.679477 9.98156E-05 9.98156E-05 9.98156E-05 9.98156E-05 9.98156E-05 9.98156E-05 9.98156E-05 9.98156E-05 9.98156E-05 9.98156E-05 9.98156E-05 9.98156E-05 9.98156E-05 9.98156E-05 0.00521754 0.195698 0.0245161 9.98156E-05 9.98156E-05 9.98156E-05
9.9807E-05 0.0694583 9.9807E-05 9.9807E-05 9.9807E-05 0.207058 9.9807E-05 0.462622 9.9807E-05 9.9807E-05 9.9807E-05 9.9807E-05 9.9807E-05 9.9807E-05 9.9807E-05 9.9807E-05 9.9807E-05 9.9807E-05 9.9807E-05 9.9807E-05 9.9807E-05 9.9807E-05 9.9807E-05 9.9807E-05 9.9807E-05 0.258665
9.98247E-05 9.98247E-05 9.98247E-05 9.98247E-05 9.98247E-05 0.531198 0.00477836 0.102658 9.98247E-05 9.98247E-05 9.98247E-05 9.98247E-05 9.98247E-05 9.98247E-05 9.98247E-05 9.98247E-05 9.98247E-05 9.98247E-05 9.98247E-05 9.98247E-05 0.0110033 0.111134 9.98247E-05 9.98247E-05 9.98247E-05 0.237231
9.98072E-05 9.98072E-05 9.98072E-05 9.98072E-05 9.98072E-05 0.541921 9.98072E-05 9.98072E-05 9.98072E-05 9.98072E-05 9.98072E-05 9.98072E-05 9.98072E-05 0.0389215 9.98072E-05 9.98072E-05 9.98072E-05 9.98072E-05 9.98072E-05 9.98072E-05 0.0051373 9.98072E-05 9.98072E-05 9.98072E-05 9.98072E-05 0.411825
9.97984E-05 9.97984E-05 9.97984E-05 9.97984E-05 9.97984E-05 0.219656 0.0491265 0.728923 9.97984E-05 9.97984E-05 9.97984E-05 9.97984E-05 9.97984E-05 9.97984E-05 9.97984E-05 9.97984E-05 9.97984E-05 9.97984E-05 9.97984E-05 9.97984E-05 9.97984E-05 9.97984E-05 9.97984E-05 9.97984E-05 9.97984E-05 9.97984E-05
9.98069E-05 0.154249 9.98069E-05 9.98069E-05 9.98069E-05 0.508016 9.98069E-05 9.98069E-05 9.98069E-05 9.98069E-05 9.98069E-05 9.98069E-05 9.98069E-05 9.98069E-05 0.104206 9.98069E-05 9.98069E-05 9.98069E-05 9.98069E-05 9.98069E-05 9.98069E-05 0.231333 9.98069E-05 9.98069E-05 9.98069E-05 9.98069E-05
9.98071E-05 0.109761 9.98071E-05 9.98071E-05 9.98071E-05 0.822757 9.98071E-05 9.98071E-05 9.98071E-05 9.98071E-05 9.98071E-05 9.98071E-05 9.98071E-05 0.0259071 9.98071E-05 9.98071E-05 9.98071E-05 9.98071E-05 9.98071E-05 9.98071E-05 9.98071E-05 9.98071E-05 9.98071E-05 0.0393788 9.98071E-05 9.98071E-05
9.98335E-05 0.157658 9.98335E-05 9.98335E-05 9.98335E-05 0.0997421 0.0952315 0.358279 9.98335E-05 9.98335E-05 0.00661041 9.98335E-05 9.98335E-05 9.98335E-05 9.98335E-05 9.98335E-05 9.98335E-05 9.98335E-05 9.98335E-05 9.98335E-05 9.98335E-05 0.0267087 9.98335E-05 9.98335E-05 9.98335E-05 0.253874
9.98071E-05 9.98071E-05 9.98071E-05 0.0189045 9.98071E-05 0.287763 9.98071E-05 0.685386 9.98071E-05 9.98071E-05 9.98071E-05 9.98071E-05 9.98071E-05 9.98071E-05 9.98071E-05 9.98071E-05 9.98071E-05 9.98071E-05 9.98071E-05 9.98071E-05 9.98071E-05 0.00575048 9.98071E-05 9.98071E-05 9.98071E-05 9.98071E-05
