9.99297E-05 0.352315 9.99297E-05 9.99297E-05 9.99297E-05 0.0916691 0.0886167 0.143726 0.0338484 0.0102897 9.99297E-05 9.99297E-05 9.99297E-05 9.99297E-05 0.0401438 0.238592
9.99123E-05 0.703843 9.99123E-05 9.99123E-05 0.0148369 9.99123E-05 0.0131475 9.99123E-05 0.0194639 9.99123E-05 9.99123E-05 9.99123E-05 9.99123E-05 9.99123E-05 0.144768 0.102941
9.98946E-05 0.92418 9.98946E-05 0.0263821 0.0307216 9.98946E-05 0.0175172 9.98946E-05 9.98946E-05 9.98946E-05 9.98946E-05 9.98946E-05 9.98946E-05 9.98946E-05 9.98946E-05 9.98946E-05
0.015124 0.25737 9.99386E-05 0.108141 9.99386E-05 9.99386E-05 0.0507943 0.136228 0.0262932 0.354051 9.99386E-05 0.0143703 9.99386E-05 0.0369288 9.99386E-05 9.99386E-05
9.9886E-05 0.851679 9.9886E-05 9.9886E-05 9.9886E-05 9.9886E-05 9.9886E-05 9.9886E-05 9.9886E-05 9.9886E-05 9.9886E-05 0.0449177 9.9886E-05 0.102105 9.9886E-05 9.9886E-05
0.131737 0.224495 9.99386E-05 0.170678 0.116279 9.99386E-05 9.99386E-05 9.99386E-05 0.0132771 0.0804641 9.99386E-05 9.99386E-05 9.99386E-05 0.0158936 0.0267841 0.219692
9.99386E-05 0.29205 9.99386E-05 9.99386E-05 9.99386E-05 0.046464 9.99386E-05 0.128447 0.171582 0.120605 0.00782669 9.99386E-05 9.99386E-05 0.0144832 0.120727 0.0971163
0.136888 0.195443 9.99386E-05 9.99386E-05 0.0532671 9.99386E-05 9.99386E-05 0.168682 9.99386E-05 0.0210109 0.0668175 0.105674 9.99386E-05 0.105335 9.99386E-05 0.146182
0.218448 0.305342 0.00828586 9.99122E-05 9.99122E-05 0.213856 0.246474 0.00659449 9.99122E-05 9.99122E-05 9.99122E-05 9.99122E-05 9.99122E-05 9.99122E-05 9.99122E-05 9.99122E-05
9.98771E-05 0.931057 9.98771E-05 9.98771E-05 9.98771E-05 9.98771E-05 0.0675446 9.98771E-05 9.98771E-05 9.98771E-05 9.98771E-05 9.98771E-05 9.98771E-05 9.98771E-05 9.98771E-05 9.98771E-05
0.00633511 0.52481 0.0302801 0.00192038 9.99298E-05 9.99298E-05 0.164011 0.0558657 0.114551 9.99298E-05 9.99298E-05 9.99298E-05 9.99298E-05 9.99298E-05 9.99298E-05 0.101427
9.99035E-05 0.850692 9.99035E-05 9.99035E-05 9.99035E-05 9.99035E-05 0.038559 9.99035E-05 9.99035E-05 0.0808071 0.00897756 9.99035E-05 9.99035E-05 0.0198653 9.99035E-05 9.99035E-05
0.0374562 0.791788 9.99123E-05 0.0196764 0.0344942 9.99123E-05 0.0229965 0.0925896 9.99123E-05 9.99123E-05 9.99123E-05 9.99123E-05 9.99123E-05 9.99123E-05 9.99123E-05 9.99123E-05
9.99298E-05 0.665459 9.99298E-05 0.105345 0.0452261 9.99298E-05 0.0874331 0.016261 0.0535261 9.99298E-05 0.0179222 9.99298E-05 9.99298E-05 9.99298E-05 0.0080283 9.99298E-05
0.133215 0.275946 9.99122E-05 0.112424 9.99122E-05 0.00142641 0.17206 9.99122E-05 9.99122E-05 9.99122E-05 9.99122E-05 9.99122E-05 9.99122E-05 9.99122E-05 9.99122E-05 0.303929
0.167262 0.177212 9.99561E-05 0.0547732 0.010955 9.99561E-05 0.0797214 0.0179224 0.0343965 0.0730441 0.213496 0.0254417 9.99561E-05 9.99561E-05 9.99561E-05 0.145276
9.9921E-05 0.5365 9.9921E-05 9.9921E-05 9.9921E-05 0.0298721 0.0461232 9.9921E-05 0.0980389 0.122585 9.9921E-05 9.9921E-05 0.130227 9.9921E-05 0.0357544 9.9921E-05
0.0306389 0.156913 0.0937158 9.9921E-05 9.9921E-05 9.9921E-05 0.127132 0.176545 9.9921E-05 9.9921E-05 9.9921E-05 0.156901 9.9921E-05 9.9921E-05 9.9921E-05 0.257255
0.160752 0.328752 0.0359588 9.9921E-05 9.9921E-05 9.9921E-05 0.135186 0.228907 9.9921E-05 0.0864664 9.9921E-05 0.0230782 9.9921E-05 9.9921E-05 9.9921E-05 9.9921E-05
9.98771E-05 0.982142 0.0164596 9.98771E-05 9.98771E-05 9.98771E-05 9.98771E-05 9.98771E-05 9.98771E-05 9.98771E-05 9.98771E-05 9.98771E-05 9.98771E-05 9.98771E-05 9.98771E-05 9.98771E-05
0.107089 0.52342 9.99297E-05 0.00252458 9.99297E-05 9.99297E-05 0.0598037 0.00684658 0.0952638 0.00614044 9.99297E-05 9.99297E-05 9.99297E-05 0.198113 9.99297E-05 9.99297E-05
0.102691 0.222983 9.99211E-05 9.99211E-05 0.137417 9.99211E-05 9.99211E-05 0.407744 9.99211E-05 0.0827464 9.99211E-05 0.022889 9.99211E-05 0.022631 9.99211E-05 9.99211E-05
9.99035E-05 0.609227 9.99035E-05 0.0104612 9.99035E-05 9.99035E-05 0.0897717 9.99035E-05 0.0283265 9.99035E-05 9.99035E-05 9.99035E-05 9.99035E-05 9.99035E-05 9.99035E-05 0.261115
9.99034E-05 0.365831 9.99034E-05 9.99034E-05 9.99034E-05 0.105523 0.146117 0.368327 9.99034E-05 9.99034E-05 0.0131024 9.99034E-05 9.99034E-05 9.99034E-05 9.99034E-05 9.99034E-05
0.0694901 0.297093 0.0730728 0.157848 9.99297E-05 0.000567716 0.273355 0.117687 0.0100869 9.99297E-05 9.99297E-05 9.99297E-05 9.99297E-05 9.99297E-05 9.99297E-05 9.99297E-05
0.029262 0.638017 9.99122E-05 0.0687247 9.99122E-05 9.99122E-05 0.0802947 0.129919 9.99122E-05 0.0527834 9.99122E-05 9.99122E-05 9.99122E-05 9.99122E-05 9.99122E-05 9.99122E-05
9.99123E-05 0.0456518 9.99123E-05 0.357958 9.99123E-05 0.00228575 0.0706327 0.390298 9.99123E-05 9.99123E-05 9.99123E-05 0.132174 9.99123E-05 9.99123E-05 9.99123E-05 9.99123E-05
9.99035E-05 0.782386 0.0107332 0.0848444 9.99035E-05 9.99035E-05 0.0914269 9.99035E-05 9.99035E-05 0.0295104 9.99035E-05 9.99035E-05 9.99035E-05 9.99035E-05 9.99035E-05 9.99035E-05
9.99123E-05 0.656744 9.99123E-05 0.0230632 9.99123E-05 0.0187312 0.191841 0.0607339 9.99123E-05 9.99123E-05 9.99123E-05 9.99123E-05 9.99123E-05 9.99123E-05 9.99123E-05 0.0478878
0.0619812 0.757069 9.99123E-05 0.0353947 9.99123E-05 9.99123E-05 0.0604454 9.99123E-05 9.99123E-05 9.99123E-05 9.99123E-05 9.99123E-05 0.0805857 9.99123E-05 9.99123E-05 0.00352451
0.00561695 0.567078 9.9921E-05 9.9921E-05 9.9921E-05 9.9921E-05 0.0125101 0.18013 0.102101 9.9921E-05 9.9921E-05 0.000109478 9.9921E-05 9.9921E-05 9.9921E-05 0.131555
9.99123E-05 0.55384 9.99123E-05 0.166949 9.99123E-05 9.99123E-05 0.108043 0.0509228 0.0433448 0.0759008 9.99123E-05 9.99123E-05 9.99123E-05 9.99123E-05 9.99123E-05 9.99123E-05
9.9921E-05 0.455098 9.9921E-05 0.110049 9.9921E-05 9.9921E-05 0.0838318 0.156398 0.081487 9.9921E-05 0.0325929 9.9921E-05 9.9921E-05 9.9921E-05 9.9921E-05 0.079644
9.99122E-05 0.543379 9.99122E-05 0.178371 9.99122E-05 0.00219109 0.109649 0.135164 9.99122E-05 9.99122E-05 9.99122E-05 0.0302464 9.99122E-05 9.99122E-05 9.99122E-05 9.99122E-05
9.99123E-05 0.8285 0.0421379 9.99123E-05 9.99123E-05 9.99123E-05 0.0289323 9.99123E-05 0.0311888 9.99123E-05 9.99123E-05 9.99123E-05 9.99123E-05 9.99123E-05 0.0435306 0.0247118
0.0353845 0.709182 9.99386E-05 9.99386E-05 9.99386E-05 0.0623667 0.0214402 0.0749312 0.00179673 0.0379332 9.99386E-05 9.99386E-05 9.99386E-05 9.99386E-05 0.0093837 0.0468818
9.99035E-05 0.84869 9.99035E-05 9.99035E-05 9.99035E-05 9.99035E-05 9.99035E-05 0.00959101 9.99035E-05 0.0350734 0.0434617 9.99035E-05 9.99035E-05 9.99035E-05 0.0620847 9.99035E-05
0.134854 0.677271 0.0756567 9.99123E-05 9.99123E-05 9.99123E-05 0.0950266 9.99123E-05 9.99123E-05 9.99123E-05 9.99123E-05 9.99123E-05 0.0113797 9.99123E-05 0.00481334 9.99123E-05
0.0131983 0.508003 9.99474E-05 0.00896486 0.0805764 9.99474E-05 0.129954 0.0627823 0.0308791 0.0030031 9.99474E-05 9.99474E-05 0.0692775 9.99474E-05 0.0927613 9.99474E-05
9.99034E-05 0.511344 9.99034E-05 0.0919431 9.99034E-05 9.99034E-05 0.131393 0.0896503 9.99034E-05 9.99034E-05 0.174571 9.99034E-05 9.99034E-05 9.99034E-05 9.99034E-05 9.99034E-05
0.0204943 0.7768 9.98948E-05 9.98948E-05 9.98948E-05 9.98948E-05 0.086764 0.114743 9.98948E-05 9.98948E-05 9.98948E-05 9.98948E-05 9.98948E-05 9.98948E-05 9.98948E-05 9.98948E-05
0.0244552 0.526829 9.99124E-05 9.99124E-05 9.99124E-05 0.0636139 0.17135 0.204774 9.99124E-05 9.99124E-05 9.99124E-05 9.99124E-05 9.99124E-05 9.99124E-05 9.99124E-05 0.00797871
9.99034E-05 0.875482 9.99034E-05 9.99034E-05 9.99034E-05 9.99034E-05 9.99034E-05 0.0583894 9.99034E-05 9.99034E-05 9.99034E-05 9.99034E-05 0.0281136 0.0027063 0.0342099 9.99034E-05
0.10091 0.34052 9.9921E-05 9.9921E-05 9.9921E-05 0.0451495 0.202583 0.0848114 0.0229669 9.9921E-05 9.9921E-05 9.9921E-05 9.9921E-05 9.9921E-05 9.9921E-05 0.202159
9.99035E-05 0.245397 9.99035E-05 9.99035E-05 0.0524398 9.99035E-05 0.223268 0.342814 9.99035E-05 0.134982 9.99035E-05 9.99035E-05 9.99035E-05 9.99035E-05 9.99035E-05 9.99035E-05
0.00516951 0.809533 0.0582728 9.99034E-05 9.99034E-05 9.99034E-05 9.99034E-05 0.043362 9.99034E-05 9.99034E-05 9.99034E-05 9.99034E-05 9.99034E-05 0.0825635 9.99034E-05 9.99034E-05
0.0245458 0.840697 9.99034E-05 9.99034E-05 9.99034E-05 9.99034E-05 0.0836562 9.99034E-05 0.0180038 9.99034E-05 9.99034E-05 0.0319982 9.99034E-05 9.99034E-05 9.99034E-05 9.99034E-05
9.98947E-05 0.918147 9.98947E-05 9.98947E-05 0.0250004 9.98947E-05 0.0524876 9.98947E-05 9.98947E-05 9.98947E-05 0.00316593 9.98947E-05 9.98947E-05 9.98947E-05 9.98947E-05 9.98947E-05
9.99209E-05 0.640755 9.99209E-05 9.99209E-05 9.99209E-05 9.99209E-05 0.139654 0.141748 0.0330523 0.016199 9.99209E-05 9.99209E-05 9.99209E-05 0.0144672 9.99209E-05 0.0132254
0.0313252 0.771205 9.99124E-05 9.99124E-05 0.0859082 9.99124E-05 9.99124E-05 9.99124E-05 9.99124E-05 9.99124E-05 0.0783262 0.0308423 9.99124E-05 9.99124E-05 0.00139405 9.99124E-05
0.037153 0.304462 9.99473E-05 0.175486 9.99473E-05 0.0750625 0.178171 0.0135019 0.0999248 9.99473E-05 9.99473E-05 0.00361995 9.99473E-05 0.0362187 9.99473E-05 0.0758003
9.99122E-05 0.576583 9.99122E-05 9.99122E-05 0.105769 0.040153 9.99122E-05 0.238378 9.99122E-05 0.0148352 9.99122E-05 9.99122E-05 9.99122E-05 0.0232825 9.99122E-05 9.99122E-05
9.99035E-05 0.812209 9.99035E-05 0.00676827 9.99035E-05 9.99035E-05 0.0432712 0.0748242 9.99035E-05 9.99035E-05 9.99035E-05 0.0618288 9.99035E-05 9.99035E-05 9.99035E-05 9.99035E-05
9.99211E-05 0.631661 0.000379209 9.99211E-05 0.0463376 9.99211E-05 0.0288541 9.99211E-05 0.0225611 9.99211E-05 0.255605 0.013702 9.99211E-05 9.99211E-05 9.99211E-05 9.99211E-05
0.0189373 0.747097 9.99123E-05 9.99123E-05 0.0515047 0.0157423 0.0872446 9.99123E-05 9.99123E-05 0.0784749 9.99123E-05 9.99123E-05 9.99123E-05 9.99123E-05 9.99123E-05 9.99123E-05
9.99123E-05 0.726532 0.057213 0.15553 0.0256748 9.99123E-05 9.99123E-05 9.99123E-05 0.00328267 9.99123E-05 9.99123E-05 9.99123E-05 9.99123E-05 9.99123E-05 9.99123E-05 0.0307681
9.98859E-05 0.809853 9.98859E-05 9.98859E-05 9.98859E-05 9.98859E-05 9.98859E-05 0.0830923 9.98859E-05 9.98859E-05 9.98859E-05 0.105756 9.98859E-05 9.98859E-05 9.98859E-05 9.98859E-05
9.99035E-05 0.808853 9.99035E-05 9.99035E-05 9.99035E-05 9.99035E-05 0.0249968 9.99035E-05 0.101177 0.0626882 9.99035E-05 0.00118562 9.99035E-05 9.99035E-05 9.99035E-05 9.99035E-05
0.0161835 0.887162 9.99297E-05 9.99297E-05 9.99297E-05 9.99297E-05 0.0117635 9.99297E-05 0.00975356 0.00607657 0.0095927 0.0419837 9.99297E-05 9.99297E-05 0.0166849 9.99297E-05
0.0494324 9.99209E-05 9.99209E-05 0.0174197 9.99209E-05 9.99209E-05 0.13623 9.99209E-05 0.0271158 9.99209E-05 9.99209E-05 0.0141077 9.99209E-05 9.99209E-05 0.0153122 0.739483
9.9886E-05 9.9886E-05 9.9886E-05 9.9886E-05 9.9886E-05 9.9886E-05 9.9886E-05 0.0151604 9.9886E-05 0.0122673 9.9886E-05 9.9886E-05 9.9886E-05 9.9886E-05 9.9886E-05 0.971274
9.9877E-05 9.9877E-05 9.9877E-05 9.9877E-05 9.9877E-05 9.9877E-05 9.9877E-05 9.9877E-05 9.9877E-05 9.9877E-05 9.9877E-05 0.0592812 9.9877E-05 9.9877E-05 9.9877E-05 0.93932
0.117894 9.99122E-05 9.99122E-05 0.210185 9.99122E-05 9.99122E-05 0.0239876 9.99122E-05 9.99122E-05 9.99122E-05 9.99122E-05 0.0147867 9.99122E-05 9.99122E-05 0.273109 0.359039
0.0948031 9.9912E-05 0.078204 9.9912E-05 0.0571851 9.9912E-05 9.9912E-05 0.115316 9.9912E-05 9.9912E-05 9.9912E-05 0.0361505 9.9912E-05 9.9912E-05 9.9912E-05 0.617343
0.0193911 9.99032E-05 9.99032E-05 0.066526 9.99032E-05 9.99032E-05 0.216457 0.0278682 9.99032E-05 9.99032E-05 9.99032E-05 9.99032E-05 9.99032E-05 9.99032E-05 9.99032E-05 0.668659
9.99033E-05 9.99033E-05 9.99033E-05 9.99033E-05 9.99033E-05 9.99033E-05 0.0868386 9.99033E-05 0.0377858 0.0405043 9.99033E-05 9.99033E-05 9.99033E-05 9.99033E-05 0.207007 0.626766
0.079889 9.99209E-05 9.99209E-05 0.0674272 9.99209E-05 9.99209E-05 0.0936186 9.99209E-05 0.114503 9.99209E-05 9.99209E-05 0.0456911 9.99209E-05 9.99209E-05 0.116669 0.481302
9.98684E-05 9.98684E-05 9.98684E-05 9.98684E-05 9.98684E-05 9.98684E-05 9.98684E-05 9.98684E-05 9.98684E-05 9.98684E-05 9.98684E-05 9.98684E-05 9.98684E-05 9.98684E-05 9.98684E-05 0.998502
0.0394176 9.98946E-05 9.98946E-05 9.98946E-05 9.98946E-05 9.98946E-05 9.98946E-05 9.98946E-05 0.0417244 0.0119031 9.98946E-05 9.98946E-05 9.98946E-05 9.98946E-05 9.98946E-05 0.905756
0.0679002 9.98944E-05 9.98944E-05 9.98944E-05 9.98944E-05 9.98944E-05 0.207169 9.98944E-05 0.20186 9.98944E-05 9.98944E-05 9.98944E-05 9.98944E-05 9.98944E-05 9.98944E-05 0.521872
9.99297E-05 9.99297E-05 9.99297E-05 9.99297E-05 0.0125937 9.99297E-05 0.10536 0.11128 0.0609745 0.0628976 0.0803002 9.99297E-05 9.99297E-05 9.99297E-05 0.0354196 0.530374
0.148402 9.99033E-05 9.99033E-05 9.99033E-05 9.99033E-05 9.99033E-05 9.99033E-05 9.99033E-05 0.0877857 9.99033E-05 0.0959114 9.99033E-05 9.99033E-05 0.157854 9.99033E-05 0.508948
0.0187981 9.9912E-05 9.9912E-05 9.9912E-05 9.9912E-05 9.9912E-05 0.178476 0.215107 9.9912E-05 9.9912E-05 9.9912E-05 9.9912E-05 9.9912E-05 0.0661338 0.101668 0.418818
9.98949E-05 9.98949E-05 9.98949E-05 9.98949E-05 0.0025024 0.0326267 9.98949E-05 9.98949E-05 9.98949E-05 9.98949E-05 0.0323046 9.98949E-05 9.98949E-05 9.98949E-05 9.98949E-05 0.931368
0.0725241 9.98772E-05 9.98772E-05 9.98772E-05 9.98772E-05 9.98772E-05 9.98772E-05 9.98772E-05 9.98772E-05 9.98772E-05 9.98772E-05 9.98772E-05 9.98772E-05 9.98772E-05 9.98772E-05 0.926078
9.98945E-05 9.98945E-05 9.98945E-05 0.101609 9.98945E-05 9.98945E-05 9.98945E-05 9.98945E-05 9.98945E-05 9.98945E-05 0.0416663 0.142601 9.98945E-05 9.98945E-05 9.98945E-05 0.712925
0.0841073 9.99034E-05 9.99034E-05 9.99034E-05 9.99034E-05 9.99034E-05 9.99034E-05 0.109005 0.167129 0.0471077 9.99034E-05 9.99034E-05 9.99034E-05 9.99034E-05 9.99034E-05 0.591552
9.98947E-05 9.98947E-05 9.98947E-05 9.98947E-05 9.98947E-05 9.98947E-05 0.0154394 9.98947E-05 0.130126 9.98947E-05 9.98947E-05 0.0197143 9.98947E-05 9.98947E-05 9.98947E-05 0.833521
9.98944E-05 9.98944E-05 0.015701 9.98944E-05 9.98944E-05 9.98944E-05 0.219469 9.98944E-05 9.98944E-05 9.98944E-05 0.102228 9.98944E-05 9.98944E-05 9.98944E-05 9.98944E-05 0.661403
9.98774E-05 9.98774E-05 9.98774E-05 9.98774E-05 9.98774E-05 9.98774E-05 9.98774E-05 9.98774E-05 9.98774E-05 9.98774E-05 9.98774E-05 9.98774E-05 0.0459282 9.98774E-05 9.98774E-05 0.952674
0.00451729 9.99033E-05 9.99033E-05 9.99033E-05 9.99033E-05 9.99033E-05 9.99033E-05 0.302441 9.99033E-05 9.99033E-05 0.0309154 9.99033E-05 9.99033E-05 9.99033E-05 0.0492639 0.611763
9.99035E-05 9.99035E-05 9.99035E-05 0.300491 9.99035E-05 9.99035E-05 0.000586986 0.0271805 9.99035E-05 9.99035E-05 9.99035E-05 9.99035E-05 9.99035E-05 9.99035E-05 0.017486 0.653156
0.0256209 9.99298E-05 0.00669857 9.99298E-05 9.99298E-05 0.0562708 0.04668 9.99298E-05 9.99298E-05 0.0608832 0.0146447 9.99298E-05 9.99298E-05 0.108449 9.99298E-05 0.679953
9.98857E-05 9.98857E-05 9.98857E-05 9.98857E-05 9.98857E-05 9.98857E-05 0.0813309 9.98857E-05 0.180056 9.98857E-05 9.98857E-05 9.98857E-05 9.98857E-05 9.98857E-05 9.98857E-05 0.737315
0.0307993 9.9886E-05 0.00224981 9.9886E-05 9.9886E-05 9.9886E-05 9.9886E-05 9.9886E-05 9.9886E-05 9.9886E-05 9.9886E-05 9.9886E-05 9.9886E-05 9.9886E-05 9.9886E-05 0.965652
9.99035E-05 9.99035E-05 9.99035E-05 9.99035E-05 0.0297139 9.99035E-05 9.99035E-05 0.0172453 9.99035E-05 9.99035E-05 9.99035E-05 0.0138829 0.0308294 9.99035E-05 9.99035E-05 0.90723
9.98684E-05 9.98684E-05 9.98684E-05 9.98684E-05 9.98684E-05 9.98684E-05 9.98684E-05 9.98684E-05 9.98684E-05 9.98684E-05 9.98684E-05 9.98684E-05 9.98684E-05 9.98684E-05 9.98684E-05 0.998502
0.0236005 9.98947E-05 9.98947E-05 9.98947E-05 9.98947E-05 9.98947E-05 0.01199 9.98947E-05 9.98947E-05 9.98947E-05 9.98947E-05 0.118501 9.98947E-05 9.98947E-05 9.98947E-05 0.84471
0.094516 9.98948E-05 9.98948E-05 9.98948E-05 9.98948E-05 9.98948E-05 0.151252 9.98948E-05 9.98948E-05 9.98948E-05 9.98948E-05 9.98948E-05 0.177104 9.98948E-05 9.98948E-05 0.575929
0.11334 9.98947E-05 9.98947E-05 0.797092 9.98947E-05 9.98947E-05 0.0782982 9.98947E-05 9.98947E-05 9.98947E-05 9.98947E-05 9.98947E-05 9.98947E-05 0.0100711 9.98947E-05 9.98947E-05
0.0574651 9.9886E-05 9.9886E-05 0.524263 9.9886E-05 9.9886E-05 9.9886E-05 9.9886E-05 9.9886E-05 9.9886E-05 9.9886E-05 9.9886E-05 0.416973 9.9886E-05 9.9886E-05 9.9886E-05
9.98859E-05 9.98859E-05 9.98859E-05 0.907582 0.0233296 9.98859E-05 0.0677897 9.98859E-05 9.98859E-05 9.98859E-05 9.98859E-05 9.98859E-05 9.98859E-05 9.98859E-05 9.98859E-05 9.98859E-05
0.0342668 9.98857E-05 9.98857E-05 0.845428 9.98857E-05 9.98857E-05 0.119006 9.98857E-05 9.98857E-05 9.98857E-05 9.98857E-05 9.98857E-05 9.98857E-05 9.98857E-05 9.98857E-05 9.98857E-05
0.0239152 9.99033E-05 9.99033E-05 0.945734 0.00290763 0.0114056 9.99033E-05 9.99033E-05 9.99033E-05 9.99033E-05 9.99033E-05 0.0149389 9.99033E-05 9.99033E-05 9.99033E-05 9.99033E-05
0.157665 9.98947E-05 9.98947E-05 0.642862 9.98947E-05 9.98947E-05 0.110659 9.98947E-05 9.98947E-05 9.98947E-05 9.98947E-05 9.98947E-05 9.98947E-05 9.98947E-05 0.0876152 9.98947E-05
0.0310352 9.99034E-05 9.99034E-05 0.787769 0.0225612 9.99034E-05 0.0908367 0.066699 9.99034E-05 9.99034E-05 9.99034E-05 9.99034E-05 9.99034E-05 9.99034E-05 9.99034E-05 9.99034E-05
0.1967 9.98771E-05 9.98771E-05 0.801901 9.98771E-05 9.98771E-05 9.98771E-05 9.98771E-05 9.98771E-05 9.98771E-05 9.98771E-05 9.98771E-05 9.98771E-05 9.98771E-05 9.98771E-05 9.98771E-05
0.355003 9.99033E-05 9.99033E-05 0.27854 9.99033E-05 9.99033E-05 0.107619 0.0393401 9.99033E-05 9.99033E-05 9.99033E-05 9.99033E-05 9.99033E-05 9.99033E-05 0.218399 9.99033E-05
0.19384 9.98859E-05 9.98859E-05 0.555995 9.98859E-05 9.98859E-05 0.248866 9.98859E-05 9.98859E-05 9.98859E-05 9.98859E-05 9.98859E-05 9.98859E-05 9.98859E-05 9.98859E-05 9.98859E-05
0.00957335 9.99122E-05 9.99122E-05 0.530904 9.99122E-05 9.99122E-05 0.0515437 9.99122E-05 0.0158932 9.99122E-05 9.99122E-05 9.99122E-05 0.222668 9.99122E-05 0.168419 9.99122E-05
9.99035E-05 0.0260545 9.99035E-05 0.827596 9.99035E-05 9.99035E-05 0.0318027 9.99035E-05 0.00821419 9.99035E-05 9.99035E-05 9.99035E-05 9.99035E-05 9.99035E-05 0.105234 9.99035E-05
0.0342232 9.9886E-05 9.9886E-05 0.954873 9.9886E-05 9.9886E-05 9.9886E-05 9.9886E-05 9.9886E-05 9.9886E-05 9.9886E-05 9.9886E-05 0.0096049 9.9886E-05 9.9886E-05 9.9886E-05
0.166145 9.98948E-05 9.98948E-05 0.555558 9.98948E-05 9.98948E-05 0.25469 9.98948E-05 9.98948E-05 9.98948E-05 9.98948E-05 9.98948E-05 0.022409 9.98948E-05 9.98948E-05 9.98948E-05
0.0693088 9.98948E-05 9.98948E-05 0.741501 9.98948E-05 9.98948E-05 9.98948E-05 9.98948E-05 9.98948E-05 9.98948E-05 9.98948E-05 0.138243 0.0497487 9.98948E-05 9.98948E-05 9.98948E-05
0.0243116 9.98947E-05 9.98947E-05 0.684152 9.98947E-05 9.98947E-05 0.211077 9.98947E-05 0.0792608 9.98947E-05 9.98947E-05 9.98947E-05 9.98947E-05 9.98947E-05 9.98947E-05 9.98947E-05
0.00424352 9.99122E-05 0.0124313 0.80633 9.99122E-05 9.99122E-05 0.015711 0.00992117 9.99122E-05 9.99122E-05 9.99122E-05 9.99122E-05 9.99122E-05 9.99122E-05 0.150363 9.99122E-05
0.0984199 9.99036E-05 9.99036E-05 0.723047 0.0926896 9.99036E-05 9.99036E-05 0.0655352 9.99036E-05 9.99036E-05 9.99036E-05 9.99036E-05 0.0192091 9.99036E-05 9.99036E-05 9.99036E-05
9.98948E-05 9.98948E-05 9.98948E-05 0.961851 9.98948E-05 9.98948E-05 9.98948E-05 9.98948E-05 0.0119452 9.98948E-05 9.98948E-05 9.98948E-05 0.00265551 9.98948E-05 0.0223492 9.98948E-05
0.03975 9.9921E-05 0.071128 0.544224 9.9921E-05 9.9921E-05 0.176671 9.9921E-05 0.00916558 0.0153197 9.9921E-05 9.9921E-05 0.142842 9.9921E-05 9.9921E-05 9.9921E-05
0.0548681 9.9921E-05 9.9921E-05 0.732642 0.0160411 9.9921E-05 0.115317 9.9921E-05 9.9921E-05 0.0420677 9.9921E-05 0.00207128 9.9921E-05 9.9921E-05 0.0360931 9.9921E-05
0.043475 9.98946E-05 9.98946E-05 0.930432 9.98946E-05 9.98946E-05 0.00753176 9.98946E-05 0.0173625 9.98946E-05 9.98946E-05 9.98946E-05 9.98946E-05 9.98946E-05 9.98946E-05 9.98946E-05
0.221102 9.99034E-05 0.0461538 0.463379 9.99034E-05 9.99034E-05 0.208036 9.99034E-05 9.99034E-05 9.99034E-05 9.99034E-05 9.99034E-05 9.99034E-05 9.99034E-05 0.0602303 9.99034E-05
0.214238 9.98859E-05 9.98859E-05 0.703962 9.98859E-05 9.98859E-05 9.98859E-05 9.98859E-05 9.98859E-05 9.98859E-05 9.98859E-05 9.98859E-05 0.0805013 9.98859E-05 9.98859E-05 9.98859E-05
0.222981 9.99034E-05 0.049991 0.451147 9.99034E-05 9.99034E-05 0.20911 9.99034E-05 9.99034E-05 9.99034E-05 9.99034E-05 9.99034E-05 9.99034E-05 9.99034E-05 0.0656713 9.99034E-05
0.113447 9.99122E-05 9.99122E-05 0.362207 9.99122E-05 9.99122E-05 0.125195 9.99122E-05 9.99122E-05 9.99122E-05 9.99122E-05 9.99122E-05 0.183051 9.99122E-05 0.0813221 0.133778
9.99034E-05 9.99034E-05 9.99034E-05 0.124645 0.16549 0.0728757 0.0870901 9.99034E-05 9.99034E-05 9.99034E-05 9.99034E-05 9.99034E-05 0.5488 9.99034E-05 9.99034E-05 9.99034E-05
0.0314698 9.98858E-05 9.98858E-05 0.859203 9.98858E-05 9.98858E-05 0.108029 9.98858E-05 9.98858E-05 9.98858E-05 9.98858E-05 9.98858E-05 9.98858E-05 9.98858E-05 9.98858E-05 9.98858E-05
0.234519 9.98859E-05 9.98859E-05 0.590361 9.98859E-05 9.98859E-05 0.173822 9.98859E-05 9.98859E-05 9.98859E-05 9.98859E-05 9.98859E-05 9.98859E-05 9.98859E-05 9.98859E-05 9.98859E-05
9.99035E-05 9.99035E-05 0.000273421 0.756147 0.108838 9.99035E-05 0.0940993 9.99035E-05 9.99035E-05 9.99035E-05 9.99035E-05 9.99035E-05 0.039543 9.99035E-05 9.99035E-05 9.99035E-05
0.0347704 9.98948E-05 9.98948E-05 0.705064 9.98948E-05 9.98948E-05 0.217179 9.98948E-05 0.0417877 9.98948E-05 9.98948E-05 9.98948E-05 9.98948E-05 9.98948E-05 9.98948E-05 9.98948E-05
9.98772E-05 9.98772E-05 0.0175995 0.981002 9.98772E-05 9.98772E-05 9.98772E-05 9.98772E-05 9.98772E-05 9.98772E-05 9.98772E-05 9.98772E-05 9.98772E-05 9.98772E-05 9.98772E-05 9.98772E-05
0.27101 9.99033E-05 0.148271 0.330778 0.144994 9.99033E-05 0.103847 9.99033E-05 9.99033E-05 9.99033E-05 9.99033E-05 9.99033E-05 9.99033E-05 9.99033E-05 9.99033E-05 9.99033E-05
0.0370888 9.98946E-05 9.98946E-05 0.753027 9.98946E-05 9.98946E-05 0.0638546 0.144831 9.98946E-05 9.98946E-05 9.98946E-05 9.98946E-05 9.98946E-05 9.98946E-05 9.98946E-05 9.98946E-05
9.98772E-05 9.98772E-05 9.98772E-05 0.989417 9.98772E-05 9.98772E-05 0.00918442 9.98772E-05 9.98772E-05 9.98772E-05 9.98772E-05 9.98772E-05 9.98772E-05 9.98772E-05 9.98772E-05 9.98772E-05
0.0346566 9.99122E-05 9.99122E-05 0.788321 9.99122E-05 9.99122E-05 9.99122E-05 9.99122E-05 0.0694289 0.0183115 9.99122E-05 9.99122E-05 0.0720652 9.99122E-05 0.0162182 9.99122E-05
0.0807306 9.98946E-05 9.98946E-05 0.707575 9.98946E-05 9.98946E-05 0.200058 9.98946E-05 9.98946E-05 9.98946E-05 9.98946E-05 0.0104376 9.98946E-05 9.98946E-05 9.98946E-05 9.98946E-05
0.108318 9.98879E-05 9.98879E-05 0.404845 9.98879E-05 9.98879E-05 9.98879E-05 9.98879E-05 9.98879E-05 9.98879E-05 9.98879E-05 9.98879E-05 0.485539 9.98879E-05 9.98879E-05 9.98879E-05
0.00609668 9.98947E-05 9.98947E-05 0.680506 9.98947E-05 9.98947E-05 0.0946861 9.98947E-05 9.98947E-05 9.98947E-05 9.98947E-05 9.98947E-05 0.217513 9.98947E-05 9.98947E-05 9.98947E-05
9.98773E-05 9.98773E-05 9.98773E-05 0.693996 9.98773E-05 9.98773E-05 9.98773E-05 9.98773E-05 9.98773E-05 9.98773E-05 9.98773E-05 9.98773E-05 0.304606 9.98773E-05 9.98773E-05 9.98773E-05
9.9886E-05 9.9886E-05 9.9886E-05 0.625995 9.9886E-05 9.9886E-05 9.9886E-05 9.9886E-05 9.9886E-05 9.9886E-05 9.9886E-05 9.9886E-05 0.352979 9.9886E-05 0.0197283 9.9886E-05
0.037582 9.99122E-05 9.99122E-05 0.55959 9.99122E-05 9.99122E-05 0.315509 9.99122E-05 0.000773845 9.99122E-05 9.99122E-05 9.99122E-05 9.99122E-05 0.0713567 0.0141892 9.99122E-05
0.130941 9.98947E-05 9.98947E-05 0.842848 0.0141497 9.98947E-05 9.98947E-05 0.010863 9.98947E-05 9.98947E-05 9.98947E-05 9.98947E-05 9.98947E-05 9.98947E-05 9.98947E-05 9.98947E-05
0.141053 9.99034E-05 0.0378763 0.233351 9.99034E-05 9.99034E-05 0.0743315 9.99034E-05 9.99034E-05 9.99034E-05 9.99034E-05 9.99034E-05 0.512289 9.99034E-05 9.99034E-05 9.99034E-05
9.99034E-05 0.0600051 9.99034E-05 0.532941 9.99034E-05 9.99034E-05 0.0549865 9.99034E-05 9.99034E-05 9.99034E-05 9.99034E-05 9.99034E-05 0.308852 9.99034E-05 0.0421162 9.99034E-05
0.136843 9.99121E-05 0.101868 0.53733 0.0287007 9.99121E-05 9.99121E-05 0.0130044 9.99121E-05 9.99121E-05 9.99121E-05 9.99121E-05 9.99121E-05 9.99121E-05 0.181255 9.99121E-05
0.0962826 9.99035E-05 9.99035E-05 0.514734 9.99035E-05 9.99035E-05 0.0807704 9.99035E-05 9.99035E-05 9.99035E-05 9.99035E-05 0.0214412 9.99035E-05 9.99035E-05 9.99035E-05 0.285673
0.0853306 9.99211E-05 9.99211E-05 0.55611 9.99211E-05 0.115134 0.0200238 0.0288441 9.99211E-05 9.99211E-05 9.99211E-05 9.99211E-05 0.0416607 9.99211E-05 0.151997 9.99211E-05
0.200909 9.99122E-05 0.0281003 0.45966 9.99122E-05 9.99122E-05 0.201441 0.0919558 0.0169348 9.99122E-05 9.99122E-05 9.99122E-05 9.99122E-05 9.99122E-05 9.99122E-05 9.99122E-05
9.98859E-05 9.98859E-05 9.98859E-05 0.496025 9.98859E-05 9.98859E-05 0.0535545 9.98859E-05 9.98859E-05 9.98859E-05 9.98859E-05 9.98859E-05 0.449122 9.98859E-05 9.98859E-05 9.98859E-05
9.98858E-05 9.98858E-05 9.98858E-05 0.755639 9.98858E-05 9.98858E-05 0.105277 9.98858E-05 9.98858E-05 0.137785 9.98858E-05 9.98858E-05 9.98858E-05 9.98858E-05 9.98858E-05 9.98858E-05
0.123042 9.99034E-05 9.99034E-05 0.266845 0.0256713 9.99034E-05 0.0396474 9.99034E-05 9.99034E-05 9.99034E-05 9.99034E-05 9.99034E-05 0.543695 9.99034E-05 9.99034E-05 9.99034E-05
0.1077 9.99035E-05 9.99035E-05 0.559244 9.99035E-05 9.99035E-05 0.129152 9.99035E-05 0.00586678 9.99035E-05 9.99035E-05 9.99035E-05 0.196939 9.99035E-05 9.99035E-05 9.99035E-05
9.98859E-05 9.98859E-05 9.98859E-05 0.952697 9.98859E-05 9.98859E-05 9.98859E-05 9.98859E-05 9.98859E-05 9.98859E-05 0.0398819 9.98859E-05 9.98859E-05 9.98859E-05 0.00612306 9.98859E-05
9.9877E-05 9.9877E-05 9.9877E-05 0.971105 9.9877E-05 9.9877E-05 9.9877E-05 0.0274969 9.9877E-05 9.9877E-05 9.9877E-05 9.9877E-05 9.9877E-05 9.9877E-05 9.9877E-05 9.9877E-05
0.195407 9.98946E-05 9.98946E-05 0.506833 9.98946E-05 9.98946E-05 0.132467 9.98946E-05 9.98946E-05 9.98946E-05 9.98946E-05 9.98946E-05 9.98946E-05 9.98946E-05 0.164095 9.98946E-05
0.137617 9.98859E-05 9.98859E-05 0.79722 9.98859E-05 9.98859E-05 0.0638652 9.98859E-05 9.98859E-05 9.98859E-05 9.98859E-05 9.98859E-05 9.98859E-05 9.98859E-05 9.98859E-05 9.98859E-05
0.0380489 9.9877E-05 9.9877E-05 0.960553 9.9877E-05 9.9877E-05 9.9877E-05 9.9877E-05 9.9877E-05 9.9877E-05 9.9877E-05 9.9877E-05 9.9877E-05 9.9877E-05 9.9877E-05 9.9877E-05
9.98947E-05 9.98947E-05 0.142521 0.752089 9.98947E-05 9.98947E-05 0.0965805 9.98947E-05 0.00761076 9.98947E-05 9.98947E-05 9.98947E-05 9.98947E-05 9.98947E-05 9.98947E-05 9.98947E-05
0.171987 9.99035E-05 9.99035E-05 0.648611 9.99035E-05 9.99035E-05 0.0151067 9.99035E-05 9.99035E-05 9.99035E-05 9.99035E-05 9.99035E-05 0.127922 9.99035E-05 0.0352742 9.99035E-05
9.98681E-05 9.98681E-05 9.98681E-05 9.98681E-05 9.98681E-05 9.98681E-05 0.998502 9.98681E-05 9.98681E-05 9.98681E-05 9.98681E-05 9.98681E-05 9.98681E-05 9.98681E-05 9.98681E-05 9.98681E-05
0.998502 9.98681E-05 9.98681E-05 9.98681E-05 9.98681E-05 9.98681E-05 9.98681E-05 9.98681E-05 9.98681E-05 9.98681E-05 9.98681E-05 9.98681E-05 9.98681E-05 9.98681E-05 9.98681E-05 9.98681E-05
9.98681E-05 9.98681E-05 9.98681E-05 9.98681E-05 9.98681E-05 9.98681E-05 0.998502 9.98681E-05 9.98681E-05 9.98681E-05 9.98681E-05 9.98681E-05 9.98681E-05 9.98681E-05 9.98681E-05 9.98681E-05
0.998502 9.98681E-05 9.98681E-05 9.98681E-05 9.98681E-05 9.98681E-05 9.98681E-05 9.98681E-05 9.98681E-05 9.98681E-05 9.98681E-05 9.98681E-05 9.98681E-05 9.98681E-05 9.98681E-05 9.98681E-05
0.998502 9.98602E-05 9.98602E-05 9.98602E-05 9.98602E-05 9.98602E-05 9.98602E-05 9.98602E-05 9.98602E-05 9.98602E-05 9.98602E-05 9.98602E-05 9.98602E-05 9.98602E-05 9.98602E-05 9.98602E-05
0.998502 9.98682E-05 9.98682E-05 9.98682E-05 9.98682E-05 9.98682E-05 9.98682E-05 9.98682E-05 9.98682E-05 9.98682E-05 9.98682E-05 9.98682E-05 9.98682E-05 9.98682E-05 9.98682E-05 9.98682E-05
9.98681E-05 9.98681E-05 9.98681E-05 9.98681E-05 9.98681E-05 9.98681E-05 0.998502 9.98681E-05 9.98681E-05 9.98681E-05 9.98681E-05 9.98681E-05 9.98681E-05 9.98681E-05 9.98681E-05 9.98681E-05
0.998502 9.98681E-05 9.98681E-05 9.98681E-05 9.98681E-05 9.98681E-05 9.98681E-05 9.98681E-05 9.98681E-05 9.98681E-05 9.98681E-05 9.98681E-05 9.98681E-05 9.98681E-05 9.98681E-05 9.98681E-05
0.998502 9.9868E-05 9.9868E-05 9.9868E-05 9.9868E-05 9.9868E-05 9.9868E-05 9.9868E-05 9.9868E-05 9.9868E-05 9.9868E-05 9.9868E-05 9.9868E-05 9.9868E-05 9.9868E-05 9.9868E-05
9.98681E-05 9.98681E-05 9.98681E-05 9.98681E-05 9.98681E-05 9.98681E-05 0.998502 9.98681E-05 9.98681E-05 9.98681E-05 9.98681E-05 9.98681E-05 9.98681E-05 9.98681E-05 9.98681E-05 9.98681E-05
9.98682E-05 9.98682E-05 9.98682E-05 9.98682E-05 9.98682E-05 9.98682E-05 0.998502 9.98682E-05 9.98682E-05 9.98682E-05 9.98682E-05 9.98682E-05 9.98682E-05 9.98682E-05 9.98682E-05 9.98682E-05
9.98681E-05 9.98681E-05 9.98681E-05 9.98681E-05 9.98681E-05 9.98681E-05 0.998502 9.98681E-05 9.98681E-05 9.98681E-05 9.98681E-05 9.98681E-05 9.98681E-05 9.98681E-05 9.98681E-05 9.98681E-05
0.998502 9.98682E-05 9.98682E-05 9.98682E-05 9.98682E-05 9.98682E-05 9.98682E-05 9.98682E-05 9.98682E-05 9.98682E-05 9.98682E-05 9.98682E-05 9.98682E-05 9.98682E-05 9.98682E-05 9.98682E-05
0.998502 9.98681E-05 9.98681E-05 9.98681E-05 9.98681E-05 9.98681E-05 9.98681E-05 9.98681E-05 9.98681E-05 9.98681E-05 9.98681E-05 9.98681E-05 9.98681E-05 9.98681E-05 9.98681E-05 9.98681E-05
9.98681E-05 9.98681E-05 9.98681E-05 9.98681E-05 9.98681E-05 9.98681E-05 0.998502 9.98681E-05 9.98681E-05 9.98681E-05 9.98681E-05 9.98681E-05 9.98681E-05 9.98681E-05 9.98681E-05 9.98681E-05
9.9868E-05 9.9868E-05 9.9868E-05 9.9868E-05 9.9868E-05 9.9868E-05 0.998502 9.9868E-05 9.9868E-05 9.9868E-05 9.9868E-05 9.9868E-05 9.9868E-05 9.9868E-05 9.9868E-05 9.9868E-05
0.039039 9.99121E-05 9.99121E-05 0.653946 9.99121E-05 0.0608581 0.0749901 9.99121E-05 9.99121E-05 0.169018 0.0011489 9.99121E-05 9.99121E-05 9.99121E-05 9.99121E-05 9.99121E-05
9.98681E-05 9.98681E-05 9.98681E-05 9.98681E-05 9.98681E-05 9.98681E-05 0.998502 9.98681E-05 9.98681E-05 9.98681E-05 9.98681E-05 9.98681E-05 9.98681E-05 9.98681E-05 9.98681E-05 9.98681E-05
0.998502 9.98681E-05 9.98681E-05 9.98681E-05 9.98681E-05 9.98681E-05 9.98681E-05 9.98681E-05 9.98681E-05 9.98681E-05 9.98681E-05 9.98681E-05 9.98681E-05 9.98681E-05 9.98681E-05 9.98681E-05
9.98681E-05 9.98681E-05 9.98681E-05 9.98681E-05 9.98681E-05 9.98681E-05 0.998502 9.98681E-05 9.98681E-05 9.98681E-05 9.98681E-05 9.98681E-05 9.98681E-05 9.98681E-05 9.98681E-05 9.98681E-05
9.98682E-05 9.98682E-05 9.98682E-05 9.98682E-05 9.98682E-05 9.98682E-05 0.998502 9.98682E-05 9.98682E-05 9.98682E-05 9.98682E-05 9.98682E-05 9.98682E-05 9.98682E-05 9.98682E-05 9.98682E-05
9.9868E-05 9.9868E-05 9.9868E-05 9.9868E-05 9.9868E-05 9.9868E-05 0.998502 9.9868E-05 9.9868E-05 9.9868E-05 9.9868E-05 9.9868E-05 9.9868E-05 9.9868E-05 9.9868E-05 9.9868E-05
0.998502 9.9868E-05 9.9868E-05 9.9868E-05 9.9868E-05 9.9868E-05 9.9868E-05 9.9868E-05 9.9868E-05 9.9868E-05 9.9868E-05 9.9868E-05 9.9868E-05 9.9868E-05 9.9868E-05 9.9868E-05
9.98681E-05 9.98681E-05 9.98681E-05 9.98681E-05 9.98681E-05 9.98681E-05 0.998502 9.98681E-05 9.98681E-05 9.98681E-05 9.98681E-05 9.98681E-05 9.98681E-05 9.98681E-05 9.98681E-05 9.98681E-05
0.998502 9.98682E-05 9.98682E-05 9.98682E-05 9.98682E-05 9.98682E-05 9.98682E-05 9.98682E-05 9.98682E-05 9.98682E-05 9.98682E-05 9.98682E-05 9.98682E-05 9.98682E-05 9.98682E-05 9.98682E-05
9.98681E-05 9.98681E-05 9.98681E-05 9.98681E-05 9.98681E-05 9.98681E-05 0.998502 9.98681E-05 9.98681E-05 9.98681E-05 9.98681E-05 9.98681E-05 9.98681E-05 9.98681E-05 9.98681E-05 9.98681E-05
9.98681E-05 9.98681E-05 9.98681E-05 9.98681E-05 9.98681E-05 9.98681E-05 0.998502 9.98681E-05 9.98681E-05 9.98681E-05 9.98681E-05 9.98681E-05 9.98681E-05 9.98681E-05 9.98681E-05 9.98681E-05
0.998502 9.98681E-05 9.98681E-05 9.98681E-05 9.98681E-05 9.98681E-05 9.98681E-05 9.98681E-05 9.98681E-05 9.98681E-05 9.98681E-05 9.98681E-05 9.98681E-05 9.98681E-05 9.98681E-05 9.98681E-05
0.998502 9.98681E-05 9.98681E-05 9.98681E-05 9.98681E-05 9.98681E-05 9.98681E-05 9.98681E-05 9.98681E-05 9.98681E-05 9.98681E-05 9.98681E-05 9.98681E-05 9.98681E-05 9.98681E-05 9.98681E-05
0.998502 9.98681E-05 9.98681E-05 9.98681E-05 9.98681E-05 9.98681E-05 9.98681E-05 9.98681E-05 9.98681E-05 9.98681E-05 9.98681E-05 9.98681E-05 9.98681E-05 9.98681E-05 9.98681E-05 9.98681E-05
9.98682E-05 9.98682E-05 9.98682E-05 9.98682E-05 9.98682E-05 9.98682E-05 0.998502 9.98682E-05 9.98682E-05 9.98682E-05 9.98682E-05 9.98682E-05 9.98682E-05 9.98682E-05 9.98682E-05 9.98682E-05
9.98858E-05 9.98858E-05 0.00138513 9.98858E-05 9.98858E-05 9.98858E-05 0.98694 9.98858E-05 0.0103761 9.98858E-05 9.98858E-05 9.98858E-05 9.98858E-05 9.98858E-05 9.98858E-05 9.98858E-05
9.98681E-05 9.98681E-05 9.98681E-05 9.98681E-05 9.98681E-05 9.98681E-05 0.998502 9.98681E-05 9.98681E-05 9.98681E-05 9.98681E-05 9.98681E-05 9.98681E-05 9.98681E-05 9.98681E-05 9.98681E-05
9.98681E-05 9.98681E-05 9.98681E-05 9.98681E-05 9.98681E-05 9.98681E-05 0.998502 9.98681E-05 9.98681E-05 9.98681E-05 9.98681E-05 9.98681E-05 9.98681E-05 9.98681E-05 9.98681E-05 9.98681E-05
9.98681E-05 9.98681E-05 9.98681E-05 9.98681E-05 9.98681E-05 9.98681E-05 0.998502 9.98681E-05 9.98681E-05 9.98681E-05 9.98681E-05 9.98681E-05 9.98681E-05 9.98681E-05 9.98681E-05 9.98681E-05
0.998502 9.98681E-05 9.98681E-05 9.98681E-05 9.98681E-05 9.98681E-05 9.98681E-05 9.98681E-05 9.98681E-05 9.98681E-05 9.98681E-05 9.98681E-05 9.98681E-05 9.98681E-05 9.98681E-05 9.98681E-05
0.998502 9.98682E-05 9.98682E-05 9.98682E-05 9.98682E-05 9.98682E-05 9.98682E-05 9.98682E-05 9.98682E-05 9.98682E-05 9.98682E-05 9.98682E-05 9.98682E-05 9.98682E-05 9.98682E-05 9.98682E-05
0.998502 9.98681E-05 9.98681E-05 9.98681E-05 9.98681E-05 9.98681E-05 9.98681E-05 9.98681E-05 9.98681E-05 9.98681E-05 9.98681E-05 9.98681E-05 9.98681E-05 9.98681E-05 9.98681E-05 9.98681E-05
9.98681E-05 9.98681E-05 9.98681E-05 9.98681E-05 9.98681E-05 9.98681E-05 0.998502 9.98681E-05 9.98681E-05 9.98681E-05 9.98681E-05 9.98681E-05 9.98681E-05 9.98681E-05 9.98681E-05 9.98681E-05
0.998502 9.98681E-05 9.98681E-05 9.98681E-05 9.98681E-05 9.98681E-05 9.98681E-05 9.98681E-05 9.98681E-05 9.98681E-05 9.98681E-05 9.98681E-05 9.98681E-05 9.98681E-05 9.98681E-05 9.98681E-05
0.998502 9.98681E-05 9.98681E-05 9.98681E-05 9.98681E-05 9.98681E-05 9.98681E-05 9.98681E-05 9.98681E-05 9.98681E-05 9.98681E-05 9.98681E-05 9.98681E-05 9.98681E-05 9.98681E-05 9.98681E-05
0.998502 9.98681E-05 9.98681E-05 9.98681E-05 9.98681E-05 9.98681E-05 9.98681E-05 9.98681E-05 9.98681E-05 9.98681E-05 9.98681E-05 9.98681E-05 9.98681E-05 9.98681E-05 9.98681E-05 9.98681E-05
0.998502 9.98681E-05 9.98681E-05 9.98681E-05 9.98681E-05 9.98681E-05 9.98681E-05 9.98681E-05 9.98681E-05 9.98681E-05 9.98681E-05 9.98681E-05 9.98681E-05 9.98681E-05 9.98681E-05 9.98681E-05
9.98681E-05 9.98681E-05 9.98681E-05 9.98681E-05 9.98681E-05 9.98681E-05 0.998502 9.98681E-05 9.98681E-05 9.98681E-05 9.98681E-05 9.98681E-05 9.98681E-05 9.98681E-05 9.98681E-05 9.98681E-05
0.998502 9.98681E-05 9.98681E-05 9.98681E-05 9.98681E-05 9.98681E-05 9.98681E-05 9.98681E-05 9.98681E-05 9.98681E-05 9.98681E-05 9.98681E-05 9.98681E-05 9.98681E-05 9.98681E-05 9.98681E-05
0.998502 9.98681E-05 9.98681E-05 9.98681E-05 9.98681E-05 9.98681E-05 9.98681E-05 9.98681E-05 9.98681E-05 9.98681E-05 9.98681E-05 9.98681E-05 9.98681E-05 9.98681E-05 9.98681E-05 9.98681E-05
0.0551033 9.99209E-05 0.029799 0.657772 9.99209E-05 9.99209E-05 0.0316039 9.99209E-05 9.99209E-05 0.200724 0.0158221 9.99209E-05 9.99209E-05 9.99209E-05 0.00827691 9.99209E-05
9.98681E-05 9.98681E-05 9.98681E-05 9.98681E-05 9.98681E-05 9.98681E-05 0.998502 9.98681E-05 9.98681E-05 9.98681E-05 9.98681E-05 9.98681E-05 9.98681E-05 9.98681E-05 9.98681E-05 9.98681E-05
0.998502 9.98682E-05 9.98682E-05 9.98682E-05 9.98682E-05 9.98682E-05 9.98682E-05 9.98682E-05 9.98682E-05 9.98682E-05 9.98682E-05 9.98682E-05 9.98682E-05 9.98682E-05 9.98682E-05 9.98682E-05
0.998502 9.98682E-05 9.98682E-05 9.98682E-05 9.98682E-05 9.98682E-05 9.98682E-05 9.98682E-05 9.98682E-05 9.98682E-05 9.98682E-05 9.98682E-05 9.98682E-05 9.98682E-05 9.98682E-05 9.98682E-05
0.998502 9.98681E-05 9.98681E-05 9.98681E-05 9.98681E-05 9.98681E-05 9.98681E-05 9.98681E-05 9.98681E-05 9.98681E-05 9.98681E-05 9.98681E-05 9.98681E-05 9.98681E-05 9.98681E-05 9.98681E-05
0.998502 9.98681E-05 9.98681E-05 9.98681E-05 9.98681E-05 9.98681E-05 9.98681E-05 9.98681E-05 9.98681E-05 9.98681E-05 9.98681E-05 9.98681E-05 9.98681E-05 9.98681E-05 9.98681E-05 9.98681E-05
9.98681E-05 9.98681E-05 9.98681E-05 9.98681E-05 9.98681E-05 9.98681E-05 0.998502 9.98681E-05 9.98681E-05 9.98681E-05 9.98681E-05 9.98681E-05 9.98681E-05 9.98681E-05 9.98681E-05 9.98681E-05
0.998502 9.98681E-05 9.98681E-05 9.98681E-05 9.98681E-05 9.98681E-05 9.98681E-05 9.98681E-05 9.98681E-05 9.98681E-05 9.98681E-05 9.98681E-05 9.98681E-05 9.98681E-05 9.98681E-05 9.98681E-05
9.98681E-05 9.98681E-05 9.98681E-05 9.98681E-05 9.98681E-05 9.98681E-05 0.998502 9.98681E-05 9.98681E-05 9.98681E-05 9.98681E-05 9.98681E-05 9.98681E-05 9.98681E-05 9.98681E-05 9.98681E-05
0.998502 9.98681E-05 9.98681E-05 9.98681E-05 9.98681E-05 9.98681E-05 9.98681E-05 9.98681E-05 9.98681E-05 9.98681E-05 9.98681E-05 9.98681E-05 9.98681E-05 9.98681E-05 9.98681E-05 9.98681E-05
9.9868E-05 9.9868E-05 9.9868E-05 9.9868E-05 9.9868E-05 9.9868E-05 0.998502 9.9868E-05 9.9868E-05 9.9868E-05 9.9868E-05 9.9868E-05 9.9868E-05 9.9868E-05 9.9868E-05 9.9868E-05
0.998502 9.98681E-05 9.98681E-05 9.98681E-05 9.98681E-05 9.98681E-05 9.98681E-05 9.98681E-05 9.98681E-05 9.98681E-05 9.98681E-05 9.98681E-05 9.98681E-05 9.98681E-05 9.98681E-05 9.98681E-05
0.998502 9.9868E-05 9.9868E-05 9.9868E-05 9.9868E-05 9.9868E-05 9.9868E-05 9.9868E-05 9.9868E-05 9.9868E-05 9.9868E-05 9.9868E-05 9.9868E-05 9.9868E-05 9.9868E-05 9.9868E-05
0.998502 9.9868E-05 9.9868E-05 9.9868E-05 9.9868E-05 9.9868E-05 9.9868E-05 9.9868E-05 9.9868E-05 9.9868E-05 9.9868E-05 9.9868E-05 9.9868E-05 9.9868E-05 9.9868E-05 9.9868E-05
0.998502 9.9868E-05 9.9868E-05 9.9868E-05 9.9868E-05 9.9868E-05 9.9868E-05 9.9868E-05 9.9868E-05 9.9868E-05 9.9868E-05 9.9868E-05 9.9868E-05 9.9868E-05 9.9868E-05 9.9868E-05
0.998502 9.98681E-05 9.98681E-05 9.98681E-05 9.98681E-05 9.98681E-05 9.98681E-05 9.98681E-05 9.98681E-05 9.98681E-05 9.98681E-05 9.98681E-05 9.98681E-05 9.98681E-05 9.98681E-05 9.98681E-05
0.998502 9.98682E-05 9.98682E-05 9.98682E-05 9.98682E-05 9.98682E-05 9.98682E-05 9.98682E-05 9.98682E-05 9.98682E-05 9.98682E-05 9.98682E-05 9.98682E-05 9.98682E-05 9.98682E-05 9.98682E-05
9.98681E-05 9.98681E-05 9.98681E-05 9.98681E-05 9.98681E-05 9.98681E-05 0.998502 9.98681E-05 9.98681E-05 9.98681E-05 9.98681E-05 9.98681E-05 9.98681E-05 9.98681E-05 9.98681E-05 9.98681E-05
9.98681E-05 9.98681E-05 9.98681E-05 9.98681E-05 9.98681E-05 9.98681E-05 0.998502 9.98681E-05 9.98681E-05 9.98681E-05 9.98681E-05 9.98681E-05 9.98681E-05 9.98681E-05 9.98681E-05 9.98681E-05
9.98681E-05 9.98681E-05 9.98681E-05 9.98681E-05 9.98681E-05 9.98681E-05 0.998502 9.98681E-05 9.98681E-05 9.98681E-05 9.98681E-05 9.98681E-05 9.98681E-05 9.98681E-05 9.98681E-05 9.98681E-05
0.998502 9.98681E-05 9.98681E-05 9.98681E-05 9.98681E-05 9.98681E-05 9.98681E-05 9.98681E-05 9.98681E-05 9.98681E-05 9.98681E-05 9.98681E-05 9.98681E-05 9.98681E-05 9.98681E-05 9.98681E-05
9.98681E-05 9.98681E-05 9.98681E-05 9.98681E-05 9.98681E-05 9.98681E-05 0.998502 9.98681E-05 9.98681E-05 9.98681E-05 9.98681E-05 9.98681E-05 9.98681E-05 9.98681E-05 9.98681E-05 9.98681E-05
9.98682E-05 9.98682E-05 9.98682E-05 9.98682E-05 9.98682E-05 9.98682E-05 0.998502 9.98682E-05 9.98682E-05 9.98682E-05 9.98682E-05 9.98682E-05 9.98682E-05 9.98682E-05 9.98682E-05 9.98682E-05
9.98681E-05 9.98681E-05 9.98681E-05 9.98681E-05 9.98681E-05 9.98681E-05 0.998502 9.98681E-05 9.98681E-05 9.98681E-05 9.98681E-05 9.98681E-05 9.98681E-05 9.98681E-05 9.98681E-05 9.98681E-05
0.998502 9.98681E-05 9.98681E-05 9.98681E-05 9.98681E-05 9.98681E-05 9.98681E-05 9.98681E-05 9.98681E-05 9.98681E-05 9.98681E-05 9.98681E-05 9.98681E-05 9.98681E-05 9.98681E-05 9.98681E-05
0.998502 9.98681E-05 9.98681E-05 9.98681E-05 9.98681E-05 9.98681E-05 9.98681E-05 9.98681E-05 9.98681E-05 9.98681E-05 9.98681E-05 9.98681E-05 9.98681E-05 9.98681E-05 9.98681E-05 9.98681E-05
