9.98683E-05 9.98683E-05 0.00496333 0.0388439 9.98683E-05 0.0124585 9.98683E-05 0.0900874 9.98683E-05 9.98683E-05 0.0948558 9.98683E-05 9.98683E-05 0.24775 0.00121753 9.98683E-05 9.98683E-05 0.00196009 9.98683E-05 9.98683E-05 0.488649 9.98683E-05 9.98683E-05 9.98683E-05 0.00716046 0.010556
9.98158E-05 9.98158E-05 9.98158E-05 9.98158E-05 9.98158E-05 0.0457401 9.98158E-05 9.98158E-05 9.98158E-05 9.98158E-05 9.98158E-05 9.98158E-05 9.98158E-05 0.0835217 9.98158E-05 9.98158E-05 0.042158 9.98158E-05 9.98158E-05 9.98158E-05 0.812823 9.98158E-05 9.98158E-05 9.98158E-05 9.98158E-05 0.0136608
9.97806E-05 9.97806E-05 9.97806E-05 9.97806E-05 9.97806E-05 9.97806E-05 9.97806E-05 9.97806E-05 9.97806E-05 9.97806E-05 9.97806E-05 9.97806E-05 9.97806E-05 9.97806E-05 9.97806E-05 9.97806E-05 9.97806E-05 9.97806E-05 9.97806E-05 0.997505 9.97806E-05 9.97806E-05 9.97806E-05 9.97806E-05 9.97806E-05 9.97806E-05
9.98597E-05 0.0519576 9.98597E-05 9.98597E-05 9.98597E-05 9.98597E-05 9.98597E-05 0.0694204 9.98597E-05 0.119885 9.98597E-05 9.98597E-05 0.106332 9.98597E-05 0.241597 0.0457703 0.00253629 9.98597E-05 9.98597E-05 0.25837 9.98597E-05 9.98597E-05 9.98597E-05 9.98597E-05 0.0792169 0.0233171
9.98159E-05 0.35213 9.98159E-05 9.98159E-05 9.98159E-05 9.98159E-05 9.98159E-05 9.98159E-05 9.98159E-05 9.98159E-05 9.98159E-05 9.98159E-05 0.0184167 9.98159E-05 9.98159E-05 9.98159E-05 9.98159E-05 9.98159E-05 9.98159E-05 0.0531649 0.527625 0.0465675 9.98159E-05 9.98159E-05 9.98159E-05 9.98159E-05
9.98333E-05 9.98333E-05 0.0109086 9.98333E-05 9.98333E-05 9.98333E-05 9.98333E-05 9.98333E-05 0.0696267 0.148103 9.98333E-05 9.98333E-05 9.98333E-05 0.194207 9.98333E-05 9.98333E-05 9.98333E-05 9.98333E-05 9.98333E-05 0.339163 9.98333E-05 0.118414 9.98333E-05 9.98333E-05 0.117681 9.98333E-05
9.9851E-05 9.9851E-05 9.9851E-05 9.9851E-05 9.9851E-05 0.131968 9.9851E-05 0.0837116 9.9851E-05 9.9851E-05 9.9851E-05 9.9851E-05 9.9851E-05 9.9851E-05 0.0599313 9.9851E-05 9.9851E-05 0.0592706 9.9851E-05 9.9851E-05 0.289564 0.0624395 0.105442 0.0549794 9.9851E-05 0.150996
9.98508E-05 0.352571 0.11761 9.98508E-05 9.98508E-05 9.98508E-05 9.98508E-05 0.0983446 9.98508E-05 9.98508E-05 0.0561202 9.98508E-05 0.0542071 0.0293344 9.98508E-05 9.98508E-05 9.98508E-05 9.98508E-05 0.0403077 9.98508E-05 9.98508E-05 0.0966895 9.98508E-05 9.98508E-05 0.153118 9.98508E-05
9.98597E-05 0.0152751 0.0290508 0.225574 9.98597E-05 0.0109626 9.98597E-05 0.00784545 9.98597E-05 9.98597E-05 9.98597E-05 9.98597E-05 0.050762 9.98597E-05 9.98597E-05 9.98597E-05 9.98597E-05 0.135679 9.98597E-05 0.177467 0.129293 9.98597E-05 9.98597E-05 9.98597E-05 0.216492 9.98597E-05
9.97983E-05 0.0484175 9.97983E-05 0.0485591 9.97983E-05 9.97983E-05 9.97983E-05 9.97983E-05 9.97983E-05 9.97983E-05 9.97983E-05 9.97983E-05 9.97983E-05 9.97983E-05 9.97983E-05 9.97983E-05 9.97983E-05 9.97983E-05 9.97983E-05 9.97983E-05 0.900728 9.97983E-05 9.97983E-05 9.97983E-05 9.97983E-05 9.97983E-05
9.98245E-05 9.98245E-05 9.98245E-05 0.145077 9.98245E-05 9.98245E-05 9.98245E-05 0.0158633 9.98245E-05 9.98245E-05 9.98245E-05 9.98245E-05 9.98245E-05 9.98245E-05 0.0832562 9.98245E-05 9.98245E-05 9.98245E-05 9.98245E-05 9.98245E-05 0.632916 9.98245E-05 9.98245E-05 9.98245E-05 0.0654918 0.0553994
9.97895E-05 9.97895E-05 9.97895E-05 9.97895E-05 9.97895E-05 9.97895E-05 9.97895E-05 9.97895E-05 9.97895E-05 9.97895E-05 9.97895E-05 9.97895E-05 9.97895E-05 9.97895E-05 0.00546286 9.97895E-05 9.97895E-05 9.97895E-05 9.97895E-05 0.992142 9.97895E-05 9.97895E-05 9.97895E-05 9.97895E-05 9.97895E-05 9.97895E-05
9.97983E-05 9.97983E-05 9.97983E-05 0.00629195 9.97983E-05 9.97983E-05 9.97983E-05 0.0107528 9.97983E-05 9.97983E-05 9.97983E-05 9.97983E-05 9.97983E-05 9.97983E-05 9.97983E-05 9.97983E-05 9.97983E-05 9.97983E-05 9.97983E-05 9.97983E-05 0.98066 9.97983E-05 9.97983E-05 9.97983E-05 9.97983E-05 9.97983E-05
9.97894E-05 0.988923 9.97894E-05 9.97894E-05 9.97894E-05 9.97894E-05 9.97894E-05 9.97894E-05 0.00868177 9.97894E-05 9.97894E-05 9.97894E-05 9.97894E-05 9.97894E-05 9.97894E-05 9.97894E-05 9.97894E-05 9.97894E-05 9.97894E-05 9.97894E-05 9.97894E-05 9.97894E-05 9.97894E-05 9.97894E-05 9.97894E-05 9.97894E-05
9.98421E-05 9.98421E-05 9.98421E-05 0.101553 9.98421E-05 9.98421E-05 9.98421E-05 9.98421E-05 0.0242881 0.15622 9.98421E-05 0.0607896 9.98421E-05 0.154316 9.98421E-05 9.98421E-05 9.98421E-05 0.0355466 9.98421E-05 9.98421E-05 0.320741 9.98421E-05 9.98421E-05 9.98421E-05 0.144748 9.98421E-05
9.98683E-05 0.159263 9.98683E-05 0.0703611 9.98683E-05 9.98683E-05 9.98683E-05 0.0665054 9.98683E-05 9.98683E-05 0.0250854 9.98683E-05 0.0381463 0.17174 0.0559197 9.98683E-05 9.98683E-05 9.98683E-05 0.152847 9.98683E-05 0.0791562 0.00719688 9.98683E-05 9.98683E-05 0.172281 9.98683E-05
9.98422E-05 0.479808 9.98422E-05 0.0144981 0.094538 0.111202 9.98422E-05 9.98422E-05 9.98422E-05 9.98422E-05 0.0113125 9.98422E-05 9.98422E-05 9.98422E-05 9.98422E-05 9.98422E-05 9.98422E-05 9.98422E-05 0.0128958 0.244772 9.98422E-05 9.98422E-05 9.98422E-05 0.0291762 9.98422E-05 9.98422E-05
0.23001 9.98597E-05 9.98597E-05 0.104274 9.98597E-05 9.98597E-05 9.98597E-05 0.107583 9.98597E-05 0.00960291 9.98597E-05 9.98597E-05 9.98597E-05 0.228704 9.98597E-05 9.98597E-05 0.0954522 0.0123069 9.98597E-05 9.98597E-05 0.197425 9.98597E-05 9.98597E-05 9.98597E-05 0.00852491 0.00452025
9.98595E-05 9.98595E-05 9.98595E-05 0.181462 9.98595E-05 9.98595E-05 9.98595E-05 0.250725 9.98595E-05 9.98595E-05 0.0195942 0.0380397 9.98595E-05 9.98595E-05 0.00654524 9.98595E-05 0.0282839 9.98595E-05 9.98595E-05 0.0886198 0.182024 0.077438 9.98595E-05 9.98595E-05 0.125671 9.98595E-05
9.97896E-05 9.97896E-05 9.97896E-05 9.97896E-05 9.97896E-05 9.97896E-05 9.97896E-05 9.97896E-05 9.97896E-05 9.97896E-05 9.97896E-05 9.97896E-05 9.97896E-05 9.97896E-05 9.97896E-05 9.97896E-05 9.97896E-05 9.97896E-05 9.97896E-05 0.428424 0.569181 9.97896E-05 9.97896E-05 9.97896E-05 9.97896E-05 9.97896E-05
9.98333E-05 0.492298 9.98333E-05 9.98333E-05 9.98333E-05 9.98333E-05 9.98333E-05 9.98333E-05 9.98333E-05 9.98333E-05 9.98333E-05 9.98333E-05 0.319952 9.98333E-05 9.98333E-05 0.00767879 9.98333E-05 9.98333E-05 0.0108481 0.0719808 9.98333E-05 9.98333E-05 9.98333E-05 9.98333E-05 0.0940835 0.00126234
9.98334E-05 9.98334E-05 9.98334E-05 9.98334E-05 9.98334E-05 0.00188711 9.98334E-05 0.283505 0.0314015 9.98334E-05 9.98334E-05 9.98334E-05 9.98334E-05 9.98334E-05 9.98334E-05 0.00508014 9.98334E-05 9.98334E-05 9.98334E-05 0.400174 9.98334E-05 0.106954 9.98334E-05 9.98334E-05 0.169101 9.98334E-05
9.98336E-05 0.393105 9.98336E-05 0.0623123 9.98336E-05 9.98336E-05 9.98336E-05 9.98336E-05 9.98336E-05 9.98336E-05 9.98336E-05 9.98336E-05 9.98336E-05 0.1245 0.0514208 9.98336E-05 9.98336E-05 9.98336E-05 9.98336E-05 9.98336E-05 0.277389 9.98336E-05 9.98336E-05 9.98336E-05 0.00749554 0.0818802
9.98245E-05 0.128473 9.98245E-05 0.169732 9.98245E-05 9.98245E-05 9.98245E-05 0.289502 9.98245E-05 9.98245E-05 9.98245E-05 9.98245E-05 9.98245E-05 9.98245E-05 9.98245E-05 9.98245E-05 9.98245E-05 0.0747718 0.00974022 9.98245E-05 0.325785 9.98245E-05 9.98245E-05 9.98245E-05 9.98245E-05 9.98245E-05
9.98595E-05 0.331772 9.98595E-05 0.218757 9.98595E-05 9.98595E-05 9.98595E-05 0.0804207 9.98595E-05 0.0826186 9.98595E-05 0.120186 9.98595E-05 9.98595E-05 0.0823522 9.98595E-05 0.0370853 9.98595E-05 9.98595E-05 9.98595E-05 0.0268258 9.98595E-05 9.98595E-05 9.98595E-05 0.00956331 0.00882194
9.98333E-05 0.0459882 9.98333E-05 0.0473674 9.98333E-05 9.98333E-05 9.98333E-05 0.162615 9.98333E-05 0.0502552 9.98333E-05 9.98333E-05 9.98333E-05 0.00669966 0.0983481 9.98333E-05 9.98333E-05 9.98333E-05 9.98333E-05 0.586829 9.98333E-05 9.98333E-05 9.98333E-05 9.98333E-05 9.98333E-05 9.98333E-05
0.125595 9.98333E-05 9.98333E-05 0.0611111 9.98333E-05 9.98333E-05 9.98333E-05 0.302688 9.98333E-05 0.292774 9.98333E-05 9.98333E-05 9.98333E-05 9.98333E-05 9.98333E-05 9.98333E-05 9.98333E-05 9.98333E-05 0.0766205 9.98333E-05 0.108713 9.98333E-05 9.98333E-05 0.030602 9.98333E-05 9.98333E-05
9.98159E-05 9.98159E-05 9.98159E-05 0.0481797 9.98159E-05 9.98159E-05 0.0256772 9.98159E-05 9.98159E-05 9.98159E-05 9.98159E-05 9.98159E-05 9.98159E-05 9.98159E-05 0.103738 9.98159E-05 9.98159E-05 9.98159E-05 9.98159E-05 9.98159E-05 0.795025 9.98159E-05 9.98159E-05 9.98159E-05 0.0252838 9.98159E-05
9.98159E-05 9.98159E-05 9.98159E-05 0.180248 9.98159E-05 9.98159E-05 9.98159E-05 0.0013413 9.98159E-05 9.98159E-05 9.98159E-05 9.98159E-05 9.98159E-05 9.98159E-05 0.0349325 9.98159E-05 9.98159E-05 0.0176971 9.98159E-05 9.98159E-05 0.763685 9.98159E-05 9.98159E-05 9.98159E-05 9.98159E-05 9.98159E-05
9.97983E-05 9.97983E-05 9.97983E-05 9.97983E-05 9.97983E-05 9.97983E-05 0.288683 9.97983E-05 9.97983E-05 9.97983E-05 9.97983E-05 9.97983E-05 9.97983E-05 9.97983E-05 9.97983E-05 9.97983E-05 9.97983E-05 9.97983E-05 9.97983E-05 0.45735 0.251672 9.97983E-05 9.97983E-05 9.97983E-05 9.97983E-05 9.97983E-05
9.98157E-05 9.98157E-05 9.98157E-05 9.98157E-05 9.98157E-05 9.98157E-05 9.98157E-05 9.98157E-05 9.98157E-05 9.98157E-05 9.98157E-05 0.0462429 9.98157E-05 9.98157E-05 9.98157E-05 9.98157E-05 9.98157E-05 9.98157E-05 9.98157E-05 9.98157E-05 0.843797 0.0121659 9.98157E-05 9.98157E-05 0.00667628 0.0890221
9.98422E-05 0.0515147 9.98422E-05 0.16283 9.98422E-05 9.98422E-05 9.98422E-05 9.98422E-05 9.98422E-05 0.140153 9.98422E-05 9.98422E-05 9.98422E-05 0.0636043 0.0286524 0.0859273 9.98422E-05 9.98422E-05 9.98422E-05 0.27562 0.189901 9.98422E-05 9.98422E-05 9.98422E-05 9.98422E-05 9.98422E-05
9.98419E-05 0.472161 9.98419E-05 0.0611028 9.98419E-05 9.98419E-05 9.98419E-05 0.118967 9.98419E-05 0.011913 9.98419E-05 9.98419E-05 9.98419E-05 0.0752956 0.0457652 9.98419E-05 9.98419E-05 9.98419E-05 9.98419E-05 0.157873 9.98419E-05 9.98419E-05 9.98419E-05 9.98419E-05 9.98419E-05 0.0551248
0.00962571 0.373967 9.98595E-05 0.0816933 9.98595E-05 9.98595E-05 0.152047 0.160826 9.98595E-05 9.98595E-05 9.98595E-05 9.98595E-05 9.98595E-05 9.98595E-05 0.0534101 9.98595E-05 9.98595E-05 0.0443168 9.98595E-05 0.0970312 9.98595E-05 9.98595E-05 9.98595E-05 0.0234383 9.98595E-05 0.00204787
9.9781E-05 9.9781E-05 9.9781E-05 9.9781E-05 9.9781E-05 9.9781E-05 9.9781E-05 9.9781E-05 9.9781E-05 9.9781E-05 9.9781E-05 9.9781E-05 9.9781E-05 9.9781E-05 9.9781E-05 9.9781E-05 9.9781E-05 9.9781E-05 9.9781E-05 9.9781E-05 0.997505 9.9781E-05 9.9781E-05 9.9781E-05 9.9781E-05 9.9781E-05
9.98246E-05 9.98246E-05 9.98246E-05 0.0334465 9.98246E-05 9.98246E-05 9.98246E-05 0.051304 9.98246E-05 9.98246E-05 0.0189996 9.98246E-05 9.98246E-05 9.98246E-05 0.156837 9.98246E-05 9.98246E-05 9.98246E-05 9.98246E-05 0.735832 9.98246E-05 9.98246E-05 9.98246E-05 0.00158431 9.98246E-05 9.98246E-05
9.98073E-05 9.98073E-05 9.98073E-05 9.98073E-05 9.98073E-05 9.98073E-05 9.98073E-05 9.98073E-05 9.98073E-05 9.98073E-05 9.98073E-05 9.98073E-05 9.98073E-05 9.98073E-05 9.98073E-05 9.98073E-05 9.98073E-05 9.98073E-05 9.98073E-05 0.62464 0.29822 0.0658004 0.009144 9.98073E-05 9.98073E-05 9.98073E-05
9.98158E-05 0.768333 9.98158E-05 0.0542662 9.98158E-05 0.0463367 9.98158E-05 9.98158E-05 9.98158E-05 9.98158E-05 9.98158E-05 9.98158E-05 9.98158E-05 9.98158E-05 9.98158E-05 9.98158E-05 0.0292331 9.98158E-05 9.98158E-05 9.98158E-05 9.98158E-05 9.98158E-05 9.98158E-05 9.98158E-05 0.099735 9.98158E-05
9.98597E-05 9.98597E-05 9.98597E-05 0.0823574 0.0550851 0.0596648 0.0155915 0.00973431 0.0678199 9.98597E-05 9.98597E-05 9.98597E-05 9.98597E-05 9.98597E-05 9.98597E-05 9.98597E-05 9.98597E-05 9.98597E-05 9.98597E-05 0.596992 9.98597E-05 9.98597E-05 9.98597E-05 0.0196506 0.0555294 0.0359775
9.9842E-05 0.153838 9.9842E-05 0.104047 9.9842E-05 9.9842E-05 9.9842E-05 0.0126253 9.9842E-05 0.106383 9.9842E-05 9.9842E-05 9.9842E-05 9.9842E-05 9.9842E-05 9.9842E-05 9.9842E-05 9.9842E-05 0.0760813 0.52264 9.9842E-05 0.00429282 0.0182948 9.9842E-05 9.9842E-05 9.9842E-05
9.97896E-05 9.97896E-05 9.97896E-05 9.97896E-05 9.97896E-05 9.97896E-05 9.97896E-05 0.0188588 9.97896E-05 9.97896E-05 9.97896E-05 9.97896E-05 9.97896E-05 9.97896E-05 9.97896E-05 9.97896E-05 9.97896E-05 9.97896E-05 9.97896E-05 0.978746 9.97896E-05 9.97896E-05 9.97896E-05 9.97896E-05 9.97896E-05 9.97896E-05
9.98071E-05 9.98071E-05 9.98071E-05 0.0368292 9.98071E-05 9.98071E-05 9.98071E-05 0.176719 9.98071E-05 9.98071E-05 9.98071E-05 9.98071E-05 9.98071E-05 9.98071E-05 9.98071E-05 9.98071E-05 9.98071E-05 9.98071E-05 9.98071E-05 9.98071E-05 0.772082 9.98071E-05 9.98071E-05 9.98071E-05 0.0121743 9.98071E-05
9.9792E-05 9.9792E-05 9.9792E-05 9.9792E-05 0.106101 9.9792E-05 9.9792E-05 9.9792E-05 9.9792E-05 9.9792E-05 9.9792E-05 9.9792E-05 9.9792E-05 9.9792E-05 9.9792E-05 9.9792E-05 9.9792E-05 9.9792E-05 9.9792E-05 9.9792E-05 0.891504 9.9792E-05 9.9792E-05 9.9792E-05 9.9792E-05 9.9792E-05
9.98508E-05 9.98508E-05 9.98508E-05 0.132619 9.98508E-05 9.98508E-05 9.98508E-05 0.00999344 9.98508E-05 9.98508E-05 9.98508E-05 9.98508E-05 9.98508E-05 0.198074 0.014331 9.98508E-05 9.98508E-05 0.0924768 9.98508E-05 0.254221 0.196438 9.98508E-05 9.98508E-05 9.98508E-05 0.0960699 0.00408081
9.98333E-05 0.331644 9.98333E-05 0.144045 9.98333E-05 9.98333E-05 9.98333E-05 0.250547 0.0323986 9.98333E-05 9.98333E-05 9.98333E-05 9.98333E-05 9.98333E-05 9.98333E-05 9.98333E-05 9.98333E-05 0.019536 9.98333E-05 9.98333E-05 9.98333E-05 0.0679782 9.98333E-05 0.151955 9.98333E-05 9.98333E-05
9.98157E-05 9.98157E-05 9.98157E-05 0.0250479 9.98157E-05 9.98157E-05 9.98157E-05 9.98157E-05 9.98157E-05 9.98157E-05 9.98157E-05 9.98157E-05 9.98157E-05 9.98157E-05 0.00982818 9.98157E-05 0.0372367 9.98157E-05 9.98157E-05 0.792386 0.133405 9.98157E-05 9.98157E-05 9.98157E-05 9.98157E-05 9.98157E-05
0.00240757 0.611296 9.98158E-05 0.0328894 9.98158E-05 9.98158E-05 9.98158E-05 9.98158E-05 9.98158E-05 9.98158E-05 9.98158E-05 9.98158E-05 9.98158E-05 9.98158E-05 9.98158E-05 9.98158E-05 9.98158E-05 9.98158E-05 9.98158E-05 9.98158E-05 0.301633 9.98158E-05 9.98158E-05 9.98158E-05 0.0496781 9.98158E-05
9.97809E-05 9.97809E-05 9.97809E-05 9.97809E-05 9.97809E-05 9.97809E-05 9.97809E-05 9.97809E-05 9.97809E-05 9.97809E-05 9.97809E-05 9.97809E-05 9.97809E-05 9.97809E-05 9.97809E-05 9.97809E-05 9.97809E-05 9.97809E-05 9.97809E-05 0.997505 9.97809E-05 9.97809E-05 9.97809E-05 9.97809E-05 9.97809E-05 9.97809E-05
9.98246E-05 9.98246E-05 9.98246E-05 0.0817986 9.98246E-05 9.98246E-05 9.98246E-05 0.0848266 9.98246E-05 9.98246E-05 9.98246E-05 9.98246E-05 9.98246E-05 9.98246E-05 0.0141196 9.98246E-05 9.98246E-05 9.98246E-05 9.98246E-05 9.98246E-05 0.769837 0.0251922 9.98246E-05 9.98246E-05 9.98246E-05 0.02223
9.97897E-05 0.997484 9.97897E-05 9.97897E-05 9.97897E-05 9.97897E-05 9.97897E-05 9.97897E-05 9.97897E-05 9.97897E-05 9.97897E-05 9.97897E-05 9.97897E-05 9.97897E-05 9.97897E-05 9.97897E-05 9.97897E-05 9.97897E-05 9.97897E-05 9.97897E-05 9.97897E-05 9.97897E-05 0.000121499 9.97897E-05 9.97897E-05 9.97897E-05
9.98508E-05 9.98508E-05 9.98508E-05 0.185643 9.98508E-05 9.98508E-05 9.98508E-05 9.98508E-05 9.98508E-05 0.125022 9.98508E-05 9.98508E-05 9.98508E-05 9.98508E-05 0.00277618 0.126875 0.00961841 9.98508E-05 0.0106054 9.98508E-05 0.411585 9.98508E-05 9.98508E-05 9.98508E-05 0.0218709 0.104307
9.97982E-05 0.753589 9.97982E-05 9.97982E-05 9.97982E-05 9.97982E-05 9.97982E-05 0.0976543 9.97982E-05 9.97982E-05 9.97982E-05 9.97982E-05 9.97982E-05 9.97982E-05 0.146461 9.97982E-05 9.97982E-05 9.97982E-05 9.97982E-05 9.97982E-05 9.97982E-05 9.97982E-05 9.97982E-05 9.97982E-05 9.97982E-05 9.97982E-05
9.97897E-05 9.97897E-05 9.97897E-05 9.97897E-05 9.97897E-05 9.97897E-05 9.97897E-05 9.97897E-05 9.97897E-05 9.97897E-05 9.97897E-05 0.00516928 9.97897E-05 9.97897E-05 9.97897E-05 9.97897E-05 9.97897E-05 9.97897E-05 9.97897E-05 9.97897E-05 0.992436 9.97897E-05 9.97897E-05 9.97897E-05 9.97897E-05 9.97897E-05
9.9807E-05 0.789988 9.9807E-05 9.9807E-05 9.9807E-05 9.9807E-05 0.0791359 9.9807E-05 9.9807E-05 9.9807E-05 9.9807E-05 9.9807E-05 9.9807E-05 9.9807E-05 9.9807E-05 9.9807E-05 9.9807E-05 9.9807E-05 0.0930837 9.9807E-05 9.9807E-05 9.9807E-05 0.035597 9.9807E-05 9.9807E-05 9.9807E-05
9.98073E-05 9.98073E-05 9.98073E-05 0.044743 9.98073E-05 9.98073E-05 9.98073E-05 9.98073E-05 9.98073E-05 9.98073E-05 9.98073E-05 0.0593661 9.98073E-05 9.98073E-05 9.98073E-05 9.98073E-05 9.98073E-05 9.98073E-05 9.98073E-05 0.838039 9.98073E-05 0.0556556 9.98073E-05 9.98073E-05 9.98073E-05 9.98073E-05
9.98072E-05 9.98072E-05 9.98072E-05 9.98072E-05 9.98072E-05 9.98072E-05 9.98072E-05 9.98072E-05 0.02848 0.159691 9.98072E-05 9.98072E-05 9.98072E-05 9.98072E-05 9.98072E-05 9.98072E-05 0.0103739 9.98072E-05 9.98072E-05 0.79926 9.98072E-05 9.98072E-05 9.98072E-05 9.98072E-05 9.98072E-05 9.98072E-05
0.10057 9.98157E-05 9.98157E-05 0.0313236 9.98157E-05 9.98157E-05 9.98157E-05 9.98157E-05 9.98157E-05 9.98157E-05 9.98157E-05 9.98157E-05 9.98157E-05 9.98157E-05 9.98157E-05 9.98157E-05 9.98157E-05 9.98157E-05 9.98157E-05 0.827096 9.98157E-05 0.0251065 9.98157E-05 9.98157E-05 0.0138079 9.98157E-05
9.98159E-05 0.738613 9.98159E-05 0.034876 9.98159E-05 9.98159E-05 9.98159E-05 9.98159E-05 9.98159E-05 9.98159E-05 9.98159E-05 9.98159E-05 9.98159E-05 9.98159E-05 9.98159E-05 9.98159E-05 9.98159E-05 9.98159E-05 9.98159E-05 0.055999 0.0718213 9.98159E-05 9.98159E-05 0.0965942 9.98159E-05 9.98159E-05
9.98159E-05 9.98159E-05 0.00849225 9.98159E-05 9.98159E-05 9.98159E-05 9.98159E-05 9.98159E-05 9.98159E-05 9.98159E-05 9.98159E-05 9.98159E-05 9.98159E-05 9.98159E-05 0.00715772 9.98159E-05 9.98159E-05 9.98159E-05 9.98159E-05 9.98159E-05 0.968417 9.98159E-05 0.0132325 9.98159E-05 9.98159E-05 0.000604025
9.98244E-05 9.98244E-05 0.0673999 0.145465 9.98244E-05 0.0135455 9.98244E-05 9.98244E-05 9.98244E-05 9.98244E-05 9.98244E-05 9.98244E-05 9.98244E-05 0.711647 9.98244E-05 9.98244E-05 9.98244E-05 9.98244E-05 9.98244E-05 9.98244E-05 9.98244E-05 9.98244E-05 9.98244E-05 9.98244E-05 0.0477356 0.0122109
9.97898E-05 9.97898E-05 9.97898E-05 9.97898E-05 9.97898E-05 9.97898E-05 9.97898E-05 9.97898E-05 9.97898E-05 9.97898E-05 9.97898E-05 9.97898E-05 9.97898E-05 0.992307 0.00529821 9.97898E-05 9.97898E-05 9.97898E-05 9.97898E-05 9.97898E-05 9.97898E-05 9.97898E-05 9.97898E-05 9.97898E-05 9.97898E-05 9.97898E-05
0.049425 9.97982E-05 9.97982E-05 9.97982E-05 9.97982E-05 9.97982E-05 9.97982E-05 9.97982E-05 9.97982E-05 9.97982E-05 9.97982E-05 9.97982E-05 9.97982E-05 0.94344 9.97982E-05 9.97982E-05 9.97982E-05 9.97982E-05 9.97982E-05 9.97982E-05 9.97982E-05 9.97982E-05 0.00483948 9.97982E-05 9.97982E-05 9.97982E-05
0.0199818 9.98334E-05 9.98334E-05 0.00358994 9.98334E-05 0.297612 9.98334E-05 9.98334E-05 9.98334E-05 0.119523 9.98334E-05 9.98334E-05 9.98334E-05 0.326692 9.98334E-05 9.98334E-05 9.98334E-05 9.98334E-05 9.98334E-05 9.98334E-05 9.98334E-05 9.98334E-05 0.0822793 9.98334E-05 0.148425 9.98334E-05
0.0409282 9.98418E-05 0.0450882 9.98418E-05 9.98418E-05 9.98418E-05 9.98418E-05 0.0991097 9.98418E-05 9.98418E-05 9.98418E-05 9.98418E-05 9.98418E-05 0.629024 9.98418E-05 9.98418E-05 0.0762679 9.98418E-05 0.033939 9.98418E-05 9.98418E-05 9.98418E-05 0.0152541 9.98418E-05 0.0585921 9.98418E-05
9.98155E-05 9.98155E-05 9.98155E-05 0.170466 9.98155E-05 0.0153718 9.98155E-05 0.0531263 9.98155E-05 9.98155E-05 9.98155E-05 9.98155E-05 9.98155E-05 0.678267 9.98155E-05 9.98155E-05 9.98155E-05 9.98155E-05 9.98155E-05 9.98155E-05 9.98155E-05 9.98155E-05 9.98155E-05 9.98155E-05 0.0806731 9.98155E-05
9.98331E-05 9.98331E-05 9.98331E-05 0.112394 9.98331E-05 0.203503 9.98331E-05 9.98331E-05 9.98331E-05 9.98331E-05 9.98331E-05 9.98331E-05 0.00307081 0.505527 0.115055 9.98331E-05 9.98331E-05 9.98331E-05 9.98331E-05 9.98331E-05 9.98331E-05 9.98331E-05 9.98331E-05 9.98331E-05 0.0281229 0.0304304
0.107051 9.9833E-05 9.9833E-05 0.103699 9.9833E-05 0.0545179 9.9833E-05 9.9833E-05 9.9833E-05 0.0828252 9.9833E-05 9.9833E-05 9.9833E-05 0.513029 9.9833E-05 9.9833E-05 9.9833E-05 9.9833E-05 9.9833E-05 9.9833E-05 9.9833E-05 0.0470378 9.9833E-05 9.9833E-05 0.0899437 9.9833E-05
9.97895E-05 9.97895E-05 9.97895E-05 9.97895E-05 9.97895E-05 9.97895E-05 9.97895E-05 9.97895E-05 9.97895E-05 9.97895E-05 9.97895E-05 9.97895E-05 9.97895E-05 0.96284 9.97895E-05 9.97895E-05 9.97895E-05 0.0347648 9.97895E-05 9.97895E-05 9.97895E-05 9.97895E-05 9.97895E-05 9.97895E-05 9.97895E-05 9.97895E-05
9.98069E-05 9.98069E-05 9.98069E-05 9.98069E-05 9.98069E-05 9.98069E-05 9.98069E-05 9.98069E-05 9.98069E-05 9.98069E-05 9.98069E-05 9.98069E-05 9.98069E-05 0.927087 0.0181443 9.98069E-05 9.98069E-05 9.98069E-05 9.98069E-05 9.98069E-05 9.98069E-05 0.0253199 9.98069E-05 9.98069E-05 9.98069E-05 0.0272532
9.98242E-05 9.98242E-05 9.98242E-05 0.248589 9.98242E-05 9.98242E-05 9.98242E-05 9.98242E-05 9.98242E-05 9.98242E-05 0.0357312 9.98242E-05 9.98242E-05 0.509151 9.98242E-05 9.98242E-05 9.98242E-05 9.98242E-05 9.98242E-05 9.98242E-05 9.98242E-05 0.00145217 9.98242E-05 9.98242E-05 0.0855033 0.117577
9.98594E-05 9.98594E-05 9.98594E-05 0.0137961 9.98594E-05 0.0858477 9.98594E-05 0.153245 9.98594E-05 9.98594E-05 9.98594E-05 0.0690746 0.0169101 0.412261 0.0167375 9.98594E-05 9.98594E-05 9.98594E-05 0.00389658 9.98594E-05 9.98594E-05 9.98594E-05 0.143697 9.98594E-05 9.98594E-05 0.0829364
9.98331E-05 9.98331E-05 9.98331E-05 9.98331E-05 9.98331E-05 9.98331E-05 9.98331E-05 9.98331E-05 9.98331E-05 0.00341602 0.102612 9.98331E-05 9.98331E-05 0.546629 9.98331E-05 0.159242 9.98331E-05 9.98331E-05 0.0245925 9.98331E-05 9.98331E-05 9.98331E-05 9.98331E-05 9.98331E-05 0.122015 0.0395958
9.98243E-05 9.98243E-05 9.98243E-05 0.197805 9.98243E-05 0.0597388 9.98243E-05 0.174372 9.98243E-05 9.98243E-05 9.98243E-05 9.98243E-05 9.98243E-05 0.503619 9.98243E-05 0.0466579 9.98243E-05 9.98243E-05 9.98243E-05 9.98243E-05 9.98243E-05 0.0158109 9.98243E-05 9.98243E-05 9.98243E-05 9.98243E-05
9.97899E-05 9.97899E-05 9.97899E-05 9.97899E-05 9.97899E-05 9.97899E-05 9.97899E-05 9.97899E-05 0.0297883 9.97899E-05 9.97899E-05 9.97899E-05 9.97899E-05 0.967817 9.97899E-05 9.97899E-05 9.97899E-05 9.97899E-05 9.97899E-05 9.97899E-05 9.97899E-05 9.97899E-05 9.97899E-05 9.97899E-05 9.97899E-05 9.97899E-05
9.97985E-05 9.97985E-05 9.97985E-05 9.97985E-05 9.97985E-05 9.97985E-05 9.97985E-05 9.97985E-05 9.97985E-05 9.97985E-05 9.97985E-05 9.97985E-05 9.97985E-05 0.844619 0.0791314 9.97985E-05 9.97985E-05 9.97985E-05 9.97985E-05 9.97985E-05 9.97985E-05 9.97985E-05 9.97985E-05 9.97985E-05 0.073954 9.97985E-05
9.98068E-05 9.98068E-05 0.205041 9.98068E-05 9.98068E-05 9.98068E-05 9.98068E-05 9.98068E-05 9.98068E-05 0.0426541 9.98068E-05 9.98068E-05 9.98068E-05 0.697381 9.98068E-05 9.98068E-05 9.98068E-05 9.98068E-05 9.98068E-05 9.98068E-05 9.98068E-05 0.0527284 9.98068E-05 9.98068E-05 9.98068E-05 9.98068E-05
9.98333E-05 9.98333E-05 9.98333E-05 9.98333E-05 9.98333E-05 9.98333E-05 9.98333E-05 0.0722407 9.98333E-05 9.98333E-05 0.110979 9.98333E-05 9.98333E-05 0.597492 0.107366 9.98333E-05 9.98333E-05 9.98333E-05 9.98333E-05 9.98333E-05 9.98333E-05 0.0444992 9.98333E-05 9.98333E-05 0.0504692 0.0150573
0.0938493 9.98157E-05 9.98157E-05 0.0622712 9.98157E-05 9.98157E-05 9.98157E-05 9.98157E-05 9.98157E-05 9.98157E-05 9.98157E-05 9.98157E-05 9.98157E-05 0.783512 9.98157E-05 9.98157E-05 9.98157E-05 9.98157E-05 9.98157E-05 9.98157E-05 9.98157E-05 0.034327 9.98157E-05 9.98157E-05 9.98157E-05 0.0239446
9.98154E-05 9.98154E-05 9.98154E-05 0.209612 9.98154E-05 9.98154E-05 9.98154E-05 9.98154E-05 9.98154E-05 9.98154E-05 9.98154E-05 9.98154E-05 9.98154E-05 0.644546 9.98154E-05 9.98154E-05 0.0110756 9.98154E-05 0.110043 9.98154E-05 9.98154E-05 9.98154E-05 9.98154E-05 9.98154E-05 9.98154E-05 0.0226274
9.97987E-05 9.97987E-05 9.97987E-05 9.97987E-05 0.0443728 9.97987E-05 9.97987E-05 9.97987E-05 9.97987E-05 9.97987E-05 9.97987E-05 9.97987E-05 9.97987E-05 0.952813 9.97987E-05 9.97987E-05 9.97987E-05 9.97987E-05 9.97987E-05 9.97987E-05 9.97987E-05 9.97987E-05 0.000518664 9.97987E-05 9.97987E-05 9.97987E-05
9.98068E-05 9.98068E-05 9.98068E-05 0.0727796 9.98068E-05 9.98068E-05 9.98068E-05 0.32155 9.98068E-05 9.98068E-05 9.98068E-05 9.98068E-05 9.98068E-05 0.575808 9.98068E-05 9.98068E-05 9.98068E-05 9.98068E-05 9.98068E-05 9.98068E-05 9.98068E-05 0.0276666 9.98068E-05 9.98068E-05 9.98068E-05 9.98068E-05
0.00185154 9.98246E-05 9.98246E-05 0.0270039 9.98246E-05 0.0415992 9.98246E-05 0.05533 9.98246E-05 0.145864 9.98246E-05 9.98246E-05 9.98246E-05 0.726354 9.98246E-05 9.98246E-05 9.98246E-05 9.98246E-05 9.98246E-05 9.98246E-05 9.98246E-05 9.98246E-05 9.98246E-05 9.98246E-05 9.98246E-05 9.98246E-05
0.109931 9.9842E-05 0.0300941 0.0474878 9.9842E-05 9.9842E-05 9.9842E-05 9.9842E-05 9.9842E-05 0.00977015 9.9842E-05 9.9842E-05 9.9842E-05 0.579493 9.9842E-05 9.9842E-05 9.9842E-05 9.9842E-05 9.9842E-05 9.9842E-05 9.9842E-05 0.127249 9.9842E-05 9.9842E-05 0.0742665 0.0199114
9.98068E-05 9.98068E-05 9.98068E-05 9.98068E-05 9.98068E-05 9.98068E-05 9.98068E-05 9.98068E-05 9.98068E-05 9.98068E-05 0.126771 9.98068E-05 9.98068E-05 0.819901 0.0239734 9.98068E-05 9.98068E-05 9.98068E-05 9.98068E-05 9.98068E-05 9.98068E-05 9.98068E-05 9.98068E-05 9.98068E-05 9.98068E-05 0.0271584
9.97985E-05 9.97985E-05 9.97985E-05 9.97985E-05 9.97985E-05 9.97985E-05 9.97985E-05 9.97985E-05 9.97985E-05 9.97985E-05 9.97985E-05 9.97985E-05 9.97985E-05 0.944212 9.97985E-05 9.97985E-05 9.97985E-05 9.97985E-05 9.97985E-05 0.0456063 9.97985E-05 9.97985E-05 9.97985E-05 9.97985E-05 0.00788683 9.97985E-05
9.97896E-05 9.97896E-05 9.97896E-05 9.97896E-05 9.97896E-05 9.97896E-05 0.154019 9.97896E-05 9.97896E-05 9.97896E-05 9.97896E-05 9.97896E-05 9.97896E-05 0.843586 9.97896E-05 9.97896E-05 9.97896E-05 9.97896E-05 9.97896E-05 9.97896E-05 9.97896E-05 9.97896E-05 9.97896E-05 9.97896E-05 9.97896E-05 9.97896E-05
9.97809E-05 9.97809E-05 9.97809E-05 9.97809E-05 9.97809E-05 9.97809E-05 9.97809E-05 9.97809E-05 9.97809E-05 9.97809E-05 9.97809E-05 9.97809E-05 9.97809E-05 0.997505 9.97809E-05 9.97809E-05 9.97809E-05 9.97809E-05 9.97809E-05 9.97809E-05 9.97809E-05 9.97809E-05 9.97809E-05 9.97809E-05 9.97809E-05 9.97809E-05
0.157946 9.98159E-05 9.98159E-05 0.04214 9.98159E-05 9.98159E-05 9.98159E-05 9.98159E-05 0.00455871 9.98159E-05 0.0304324 9.98159E-05 9.98159E-05 0.762827 9.98159E-05 9.98159E-05 9.98159E-05 9.98159E-05 9.98159E-05 9.98159E-05 9.98159E-05 9.98159E-05 9.98159E-05 9.98159E-05 9.98159E-05 9.98159E-05
9.98423E-05 9.98423E-05 9.98423E-05 0.15964 0.141565 9.98423E-05 0.0229122 9.98423E-05 0.0052579 9.98423E-05 9.98423E-05 9.98423E-05 9.98423E-05 0.504555 9.98423E-05 0.0295386 9.98423E-05 9.98423E-05 9.98423E-05 0.0549325 9.98423E-05 9.98423E-05 9.98423E-05 9.98423E-05 0.0798019 9.98423E-05
9.97983E-05 9.97983E-05 9.97983E-05 0.0978118 9.97983E-05 9.97983E-05 9.97983E-05 9.97983E-05 9.97983E-05 0.817953 9.97983E-05 9.97983E-05 9.97983E-05 9.97983E-05 9.97983E-05 9.97983E-05 9.97983E-05 9.97983E-05 9.97983E-05 9.97983E-05 9.97983E-05 9.97983E-05 9.97983E-05 9.97983E-05 0.0819401 9.97983E-05
9.98071E-05 9.98071E-05 9.98071E-05 0.000651397 0.32137 9.98071E-05 0.262656 9.98071E-05 9.98071E-05 0.413127 9.98071E-05 9.98071E-05 9.98071E-05 9.98071E-05 9.98071E-05 9.98071E-05 9.98071E-05 9.98071E-05 9.98071E-05 9.98071E-05 9.98071E-05 9.98071E-05 9.98071E-05 9.98071E-05 9.98071E-05 9.98071E-05
9.9807E-05 9.9807E-05 9.9807E-05 0.0840903 9.9807E-05 9.9807E-05 9.9807E-05 9.9807E-05 0.013737 0.871207 9.9807E-05 9.9807E-05 9.9807E-05 9.9807E-05 9.9807E-05 0.0287697 9.9807E-05 9.9807E-05 9.9807E-05 9.9807E-05 9.9807E-05 9.9807E-05 9.9807E-05 9.9807E-05 9.9807E-05 9.9807E-05
9.98068E-05 9.98068E-05 9.98068E-05 0.174239 9.98068E-05 9.98068E-05 9.98068E-05 9.98068E-05 9.98068E-05 0.775066 9.98068E-05 9.98068E-05 9.98068E-05 9.98068E-05 9.98068E-05 9.98068E-05 9.98068E-05 9.98068E-05 9.98068E-05 9.98068E-05 9.98068E-05 9.98068E-05 9.98068E-05 9.98068E-05 0.0098572 0.0386423
9.9798E-05 9.9798E-05 9.9798E-05 9.9798E-05 9.9798E-05 9.9798E-05 9.9798E-05 9.9798E-05 0.0325085 0.902162 9.9798E-05 9.9798E-05 9.9798E-05 9.9798E-05 9.9798E-05 9.9798E-05 9.9798E-05 9.9798E-05 9.9798E-05 9.9798E-05 9.9798E-05 9.9798E-05 9.9798E-05 9.9798E-05 0.0630345 9.9798E-05
9.98334E-05 9.98334E-05 9.98334E-05 0.162471 0.00362493 0.0321875 9.98334E-05 9.98334E-05 9.98334E-05 0.624219 9.98334E-05 9.98334E-05 9.98334E-05 9.98334E-05 0.00578183 9.98334E-05 9.98334E-05 9.98334E-05 9.98334E-05 9.98334E-05 9.98334E-05 9.98334E-05 9.98334E-05 0.0210931 0.148726 9.98334E-05
9.98334E-05 9.98334E-05 9.98334E-05 0.0778641 9.98334E-05 9.98334E-05 9.98334E-05 0.0243907 0.00620242 0.71473 0.0538909 9.98334E-05 9.98334E-05 9.98334E-05 9.98334E-05 9.98334E-05 9.98334E-05 9.98334E-05 9.98334E-05 9.98334E-05 9.98334E-05 9.98334E-05 9.98334E-05 9.98334E-05 0.0898001 0.0312247
9.97895E-05 9.97895E-05 9.97895E-05 9.97895E-05 9.97895E-05 9.97895E-05 9.97895E-05 9.97895E-05 9.97895E-05 0.824828 9.97895E-05 9.97895E-05 9.97895E-05 9.97895E-05 9.97895E-05 9.97895E-05 9.97895E-05 9.97895E-05 9.97895E-05 9.97895E-05 9.97895E-05 9.97895E-05 9.97895E-05 9.97895E-05 0.172778 9.97895E-05
9.98155E-05 9.98155E-05 9.98155E-05 0.0546348 9.98155E-05 0.23086 9.98155E-05 9.98155E-05 9.98155E-05 0.289175 9.98155E-05 0.0728045 9.98155E-05 9.98155E-05 9.98155E-05 9.98155E-05 9.98155E-05 9.98155E-05 9.98155E-05 9.98155E-05 9.98155E-05 9.98155E-05 9.98155E-05 9.98155E-05 0.350429 9.98155E-05
9.9807E-05 9.9807E-05 9.9807E-05 0.238374 9.9807E-05 9.9807E-05 9.9807E-05 9.9807E-05 9.9807E-05 0.567774 9.9807E-05 0.0455891 9.9807E-05 9.9807E-05 9.9807E-05 9.9807E-05 9.9807E-05 9.9807E-05 9.9807E-05 9.9807E-05 9.9807E-05 9.9807E-05 9.9807E-05 9.9807E-05 0.146067 9.9807E-05
9.98247E-05 9.98247E-05 9.98247E-05 0.0166112 0.199855 0.279475 9.98247E-05 9.98247E-05 9.98247E-05 0.447768 9.98247E-05 0.00991217 9.98247E-05 9.98247E-05 9.98247E-05 9.98247E-05 9.98247E-05 9.98247E-05 9.98247E-05 9.98247E-05 9.98247E-05 9.98247E-05 9.98247E-05 9.98247E-05 9.98247E-05 0.0443818
9.98159E-05 9.98159E-05 9.98159E-05 0.0708368 0.0630655 0.108601 9.98159E-05 9.98159E-05 9.98159E-05 0.754953 9.98159E-05 9.98159E-05 9.98159E-05 9.98159E-05 9.98159E-05 9.98159E-05 9.98159E-05 9.98159E-05 9.98159E-05 9.98159E-05 9.98159E-05 9.98159E-05 9.98159E-05 9.98159E-05 9.98159E-05 0.000447163
9.98073E-05 9.98073E-05 9.98073E-05 9.98073E-05 0.0202308 9.98073E-05 9.98073E-05 9.98073E-05 9.98073E-05 0.844139 9.98073E-05 9.98073E-05 9.98073E-05 9.98073E-05 9.98073E-05 9.98073E-05 9.98073E-05 9.98073E-05 9.98073E-05 9.98073E-05 9.98073E-05 9.98073E-05 9.98073E-05 0.0706761 0.0627582 9.98073E-05
9.98074E-05 9.98074E-05 9.98074E-05 0.286479 0.0835612 9.98074E-05 9.98074E-05 9.98074E-05 9.98074E-05 0.568525 9.98074E-05 9.98074E-05 9.98074E-05 9.98074E-05 9.98074E-05 9.98074E-05 9.98074E-05 9.98074E-05 9.98074E-05 9.98074E-05 9.98074E-05 9.98074E-05 9.98074E-05 9.98074E-05 0.0592394 9.98074E-05
0.0854795 9.98247E-05 9.98247E-05 9.98247E-05 0.0959361 9.98247E-05 9.98247E-05 9.98247E-05 9.98247E-05 0.619884 0.0450484 9.98247E-05 9.98247E-05 9.98247E-05 9.98247E-05 9.98247E-05 9.98247E-05 9.98247E-05 9.98247E-05 9.98247E-05 9.98247E-05 9.98247E-05 9.98247E-05 0.0555737 0.0960813 9.98247E-05
9.98335E-05 9.98335E-05 9.98335E-05 0.0813166 0.0209965 0.0550954 9.98335E-05 9.98335E-05 0.0174226 0.718251 9.98335E-05 9.98335E-05 9.98335E-05 9.98335E-05 9.98335E-05 9.98335E-05 0.0118898 9.98335E-05 9.98335E-05 9.98335E-05 9.98335E-05 9.98335E-05 9.98335E-05 0.0931312 9.98335E-05 9.98335E-05
0.0448425 9.9842E-05 9.9842E-05 0.101439 9.9842E-05 0.19202 0.0660168 9.9842E-05 9.9842E-05 0.585723 9.9842E-05 9.9842E-05 9.9842E-05 9.9842E-05 0.00247914 9.9842E-05 0.00183567 9.9842E-05 9.9842E-05 9.9842E-05 9.9842E-05 9.9842E-05 9.9842E-05 9.9842E-05 0.00384683 9.9842E-05
9.9816E-05 0.0581535 9.9816E-05 9.9816E-05 0.0468819 9.9816E-05 9.9816E-05 9.9816E-05 9.9816E-05 0.562739 9.9816E-05 9.9816E-05 9.9816E-05 9.9816E-05 9.9816E-05 9.9816E-05 9.9816E-05 9.9816E-05 9.9816E-05 9.9816E-05 9.9816E-05 9.9816E-05 9.9816E-05 0.171809 0.158321 9.9816E-05
9.97984E-05 9.97984E-05 9.97984E-05 9.97984E-05 0.0166605 9.97984E-05 9.97984E-05 9.97984E-05 9.97984E-05 0.974829 9.97984E-05 9.97984E-05 9.97984E-05 9.97984E-05 9.97984E-05 9.97984E-05 9.97984E-05 9.97984E-05 9.97984E-05 9.97984E-05 9.97984E-05 9.97984E-05 9.97984E-05 9.97984E-05 9.97984E-05 0.00621544
9.98772E-05 9.98772E-05 9.98772E-05 0.0483841 0.106735 9.98772E-05 0.0184761 9.98772E-05 9.98772E-05 0.467327 9.98772E-05 9.98772E-05 9.98772E-05 0.0931082 0.049215 9.98772E-05 0.0394551 0.00748036 0.0331806 9.98772E-05 9.98772E-05 9.98772E-05 9.98772E-05 0.0213158 0.0830021 0.0309225
9.98334E-05 9.98334E-05 9.98334E-05 0.133387 0.0238337 0.0425985 9.98334E-05 9.98334E-05 0.0166379 0.667253 9.98334E-05 9.98334E-05 9.98334E-05 9.98334E-05 9.98334E-05 0.0291452 9.98334E-05 9.98334E-05 9.98334E-05 9.98334E-05 9.98334E-05 9.98334E-05 9.98334E-05 0.0852484 9.98334E-05 9.98334E-05
9.9807E-05 9.9807E-05 9.9807E-05 0.0465928 9.9807E-05 9.9807E-05 9.9807E-05 9.9807E-05 9.9807E-05 0.887589 0.0249233 9.9807E-05 9.9807E-05 9.9807E-05 9.9807E-05 9.9807E-05 9.9807E-05 9.9807E-05 9.9807E-05 9.9807E-05 9.9807E-05 9.9807E-05 9.9807E-05 9.9807E-05 0.0386992 9.9807E-05
9.98157E-05 9.98157E-05 9.98157E-05 0.221362 9.98157E-05 0.0369066 9.98157E-05 9.98157E-05 9.98157E-05 0.462538 9.98157E-05 9.98157E-05 9.98157E-05 9.98157E-05 9.98157E-05 9.98157E-05 0.0498865 9.98157E-05 9.98157E-05 9.98157E-05 9.98157E-05 9.98157E-05 9.98157E-05 9.98157E-05 0.227211 9.98157E-05
9.98246E-05 9.98246E-05 9.98246E-05 0.00113018 0.117575 9.98246E-05 9.98246E-05 9.98246E-05 0.0124825 0.703137 9.98246E-05 0.0276738 9.98246E-05 9.98246E-05 9.98246E-05 9.98246E-05 9.98246E-05 9.98246E-05 9.98246E-05 9.98246E-05 9.98246E-05 9.98246E-05 9.98246E-05 9.98246E-05 0.136004 9.98246E-05
9.98158E-05 9.98158E-05 9.98158E-05 0.245147 9.98158E-05 9.98158E-05 9.98158E-05 9.98158E-05 9.98158E-05 0.475262 9.98158E-05 9.98158E-05 0.0753677 9.98158E-05 9.98158E-05 9.98158E-05 0.0244208 9.98158E-05 9.98158E-05 9.98158E-05 9.98158E-05 9.98158E-05 9.98158E-05 9.98158E-05 0.177706 9.98158E-05
9.98335E-05 9.98335E-05 9.98335E-05 0.0874529 0.230427 0.0148452 9.98335E-05 9.98335E-05 9.98335E-05 0.501585 9.98335E-05 9.98335E-05 9.98335E-05 0.0397269 0.0364798 9.98335E-05 9.98335E-05 9.98335E-05 9.98335E-05 9.98335E-05 9.98335E-05 9.98335E-05 9.98335E-05 9.98335E-05 0.0875868 9.98335E-05
9.98333E-05 9.98333E-05 9.98333E-05 0.0572185 0.449463 9.98333E-05 0.291675 9.98333E-05 0.0159393 0.00929562 9.98333E-05 9.98333E-05 9.98333E-05 9.98333E-05 9.98333E-05 9.98333E-05 9.98333E-05 0.100768 9.98333E-05 9.98333E-05 9.98333E-05 9.98333E-05 0.0737435 9.98333E-05 9.98333E-05 9.98333E-05
9.98067E-05 9.98067E-05 9.98067E-05 0.0589524 9.98067E-05 9.98067E-05 9.98067E-05 9.98067E-05 9.98067E-05 0.80707 9.98067E-05 9.98067E-05 9.98067E-05 9.98067E-05 0.0700399 9.98067E-05 9.98067E-05 9.98067E-05 9.98067E-05 9.98067E-05 9.98067E-05 9.98067E-05 9.98067E-05 9.98067E-05 0.0617424 9.98067E-05
9.97984E-05 9.97984E-05 9.97984E-05 0.190128 9.97984E-05 9.97984E-05 9.97984E-05 9.97984E-05 9.97984E-05 0.567386 9.97984E-05 9.97984E-05 9.97984E-05 9.97984E-05 9.97984E-05 9.97984E-05 9.97984E-05 9.97984E-05 9.97984E-05 9.97984E-05 9.97984E-05 9.97984E-05 9.97984E-05 9.97984E-05 0.240191 9.97984E-05
9.9807E-05 9.9807E-05 9.9807E-05 0.0900247 9.9807E-05 9.9807E-05 0.246606 9.9807E-05 0.117247 0.543926 9.9807E-05 9.9807E-05 9.9807E-05 9.9807E-05 9.9807E-05 9.9807E-05 9.9807E-05 9.9807E-05 9.9807E-05 9.9807E-05 9.9807E-05 9.9807E-05 9.9807E-05 9.9807E-05 9.9807E-05 9.9807E-05
9.98072E-05 9.98072E-05 9.98072E-05 0.181463 9.98072E-05 9.98072E-05 9.98072E-05 9.98072E-05 9.98072E-05 0.757323 9.98072E-05 9.98072E-05 9.98072E-05 9.98072E-05 9.98072E-05 9.98072E-05 9.98072E-05 9.98072E-05 0.0347716 9.98072E-05 9.98072E-05 9.98072E-05 9.98072E-05 9.98072E-05 0.0242465 9.98072E-05
0.0298147 9.97983E-05 9.97983E-05 9.97983E-05 9.97983E-05 9.97983E-05 9.97983E-05 9.97983E-05 9.97983E-05 0.954912 9.97983E-05 9.97983E-05 9.97983E-05 9.97983E-05 9.97983E-05 9.97983E-05 9.97983E-05 9.97983E-05 0.0129785 9.97983E-05 9.97983E-05 9.97983E-05 9.97983E-05 9.97983E-05 9.97983E-05 9.97983E-05
9.98244E-05 9.98244E-05 9.98244E-05 0.11099 9.98244E-05 9.98244E-05 0.0230123 9.98244E-05 0.212009 0.35878 9.98244E-05 9.98244E-05 9.98244E-05 9.98244E-05 9.98244E-05 9.98244E-05 0.0685136 9.98244E-05 9.98244E-05 9.98244E-05 9.98244E-05 9.98244E-05 9.98244E-05 9.98244E-05 0.224699 9.98244E-05
9.98068E-05 9.98068E-05 9.98068E-05 0.0522785 9.98068E-05 9.98068E-05 9.98068E-05 0.135544 9.98068E-05 0.80543 9.98068E-05 9.98068E-05 9.98068E-05 9.98068E-05 9.98068E-05 9.98068E-05 9.98068E-05 9.98068E-05 9.98068E-05 9.98068E-05 9.98068E-05 9.98068E-05 9.98068E-05 9.98068E-05 0.00455178 9.98068E-05
9.98071E-05 9.98071E-05 9.98071E-05 0.0950322 0.00444494 9.98071E-05 0.0120773 9.98071E-05 9.98071E-05 0.88625 9.98071E-05 9.98071E-05 9.98071E-05 9.98071E-05 9.98071E-05 9.98071E-05 9.98071E-05 9.98071E-05 9.98071E-05 9.98071E-05 9.98071E-05 9.98071E-05 9.98071E-05 9.98071E-05 9.98071E-05 9.98071E-05
9.98158E-05 9.98158E-05 9.98158E-05 9.98158E-05 0.123733 9.98158E-05 9.98158E-05 0.0048273 9.98158E-05 0.645658 9.98158E-05 9.98158E-05 9.98158E-05 9.98158E-05 9.98158E-05 9.98158E-05 9.98158E-05 9.98158E-05 9.98158E-05 9.98158E-05 9.98158E-05 9.98158E-05 9.98158E-05 0.107508 0.116177 9.98158E-05
0.0236528 9.98156E-05 9.98156E-05 0.209886 9.98156E-05 9.98156E-05 9.98156E-05 9.98156E-05 9.98156E-05 0.605787 0.0703287 9.98156E-05 9.98156E-05 9.98156E-05 9.98156E-05 9.98156E-05 9.98156E-05 9.98156E-05 9.98156E-05 9.98156E-05 9.98156E-05 9.98156E-05 9.98156E-05 9.98156E-05 0.0882489 9.98156E-05
9.98069E-05 9.98069E-05 9.98069E-05 9.98069E-05 0.607957 9.98069E-05 9.98069E-05 9.98069E-05 0.019521 0.248241 9.98069E-05 9.98069E-05 9.98069E-05 9.98069E-05 9.98069E-05 9.98069E-05 9.98069E-05 9.98069E-05 9.98069E-05 9.98069E-05 9.98069E-05 9.98069E-05 9.98069E-05 9.98069E-05 0.122085 9.98069E-05
9.98335E-05 9.98335E-05 9.98335E-05 0.101907 0.206342 9.98335E-05 0.0231965 9.98335E-05 9.98335E-05 0.643894 0.00210937 9.98335E-05 9.98335E-05 9.98335E-05 9.98335E-05 9.98335E-05 9.98335E-05 9.98335E-05 9.98335E-05 9.98335E-05 9.98335E-05 9.98335E-05 9.98335E-05 9.98335E-05 0.0182394 0.00241497
9.97896E-05 9.97896E-05 9.97896E-05 9.97896E-05 9.97896E-05 9.97896E-05 0.682252 9.97896E-05 9.97896E-05 0.315353 9.97896E-05 9.97896E-05 9.97896E-05 9.97896E-05 9.97896E-05 9.97896E-05 9.97896E-05 9.97896E-05 9.97896E-05 9.97896E-05 9.97896E-05 9.97896E-05 9.97896E-05 9.97896E-05 9.97896E-05 9.97896E-05
9.98072E-05 9.98072E-05 9.98072E-05 9.98072E-05 0.436446 0.030579 9.98072E-05 9.98072E-05 9.98072E-05 0.522571 9.98072E-05 9.98072E-05 9.98072E-05 9.98072E-05 9.98072E-05 9.98072E-05 0.0082084 9.98072E-05 9.98072E-05 9.98072E-05 9.98072E-05 9.98072E-05 9.98072E-05 9.98072E-05 9.98072E-05 9.98072E-05
9.98156E-05 9.98156E-05 9.98156E-05 0.31201 9.98156E-05 0.0390389 9.98156E-05 9.98156E-05 9.98156E-05 0.477999 9.98156E-05 9.98156E-05 9.98156E-05 9.98156E-05 9.98156E-05 0.07086 9.98156E-05 9.98156E-05 9.98156E-05 9.98156E-05 9.98156E-05 9.98156E-05 9.98156E-05 9.98156E-05 0.0979961 9.98156E-05
9.98071E-05 9.98071E-05 9.98071E-05 9.98071E-05 9.98071E-05 9.98071E-05 9.98071E-05 0.00784331 0.0329921 0.864231 9.98071E-05 9.98071E-05 9.98071E-05 9.98071E-05 9.98071E-05 9.98071E-05 9.98071E-05 9.98071E-05 9.98071E-05 9.98071E-05 9.98071E-05 9.98071E-05 9.98071E-05 9.98071E-05 0.0927381 9.98071E-05
9.98333E-05 0.00396999 9.98333E-05 0.0633595 0.619516 9.98333E-05 9.98333E-05 9.98333E-05 9.98333E-05 0.128988 9.98333E-05 9.98333E-05 0.00179863 9.98333E-05 9.98333E-05 9.98333E-05 0.0612586 9.98333E-05 9.98333E-05 9.98333E-05 9.98333E-05 9.98333E-05 9.98333E-05 9.98333E-05 0.119213 9.98333E-05
9.97984E-05 9.97984E-05 9.97984E-05 0.0963506 0.422758 9.97984E-05 9.97984E-05 9.97984E-05 9.97984E-05 0.478597 9.97984E-05 9.97984E-05 9.97984E-05 9.97984E-05 9.97984E-05 9.97984E-05 9.97984E-05 9.97984E-05 9.97984E-05 9.97984E-05 9.97984E-05 9.97984E-05 9.97984E-05 9.97984E-05 9.97984E-05 9.97984E-05
