9.98859E-05 9.98859E-05 9.98859E-05 9.98859E-05 9.98859E-05 0.181908 0.123864 9.98859E-05 0.0419258 9.98859E-05 9.98859E-05 0.389108 9.98859E-05 0.0942202 9.98859E-05 9.98859E-05 9.98859E-05 0.0877846 9.98859E-05 0.0169589 0.00249694 0.0604353
9.98685E-05 9.98685E-05 0.0874015 0.0039307 0.333789 0.0117256 9.98685E-05 9.98685E-05 9.98685E-05 9.98685E-05 9.98685E-05 0.440302 9.98685E-05 9.98685E-05 9.98685E-05 9.98685E-05 9.98685E-05 0.117689 9.98685E-05 9.98685E-05 0.00366422 9.98685E-05
9.98157E-05 9.98157E-05 9.98157E-05 9.98157E-05 0.997904 9.98157E-05 9.98157E-05 9.98157E-05 9.98157E-05 9.98157E-05 9.98157E-05 9.98157E-05 9.98157E-05 9.98157E-05 9.98157E-05 9.98157E-05 9.98157E-05 9.98157E-05 9.98157E-05 9.98157E-05 9.98157E-05 9.98157E-05
0.0959087 9.98859E-05 0.029556 0.0494861 9.98859E-05 9.98859E-05 0.111574 9.98859E-05 9.98859E-05 9.98859E-05 9.98859E-05 0.31089 0.297913 9.98859E-05 9.98859E-05 9.98859E-05 9.98859E-05 9.98859E-05 0.00860032 9.98859E-05 0.0514699 0.0433028
9.98597E-05 9.98597E-05 9.98597E-05 0.045819 0.613905 9.98597E-05 9.98597E-05 0.0151297 9.98597E-05 9.98597E-05 9.98597E-05 0.318704 0.00200767 9.98597E-05 9.98597E-05 9.98597E-05 9.98597E-05 0.00283609 9.98597E-05 9.98597E-05 9.98597E-05 9.98597E-05
0.186292 9.9886E-05 9.9886E-05 0.00560425 0.291232 0.223193 9.9886E-05 0.0745807 9.9886E-05 9.9886E-05 9.9886E-05 9.9886E-05 0.0772792 0.0275028 9.9886E-05 9.9886E-05 9.9886E-05 9.9886E-05 0.0857613 9.9886E-05 0.027255 9.9886E-05
9.9886E-05 9.9886E-05 9.9886E-05 9.9886E-05 9.9886E-05 0.0573297 0.0893568 9.9886E-05 9.9886E-05 9.9886E-05 9.9886E-05 0.359132 0.189023 9.9886E-05 0.0595338 9.9886E-05 9.9886E-05 0.0200049 9.9886E-05 0.0858 0.100971 0.0375499
0.124171 0.0648565 9.98861E-05 0.0892556 9.98861E-05 0.00875577 0.142268 9.98861E-05 0.0318609 9.98861E-05 9.98861E-05 0.189267 9.98861E-05 0.144195 9.98861E-05 9.98861E-05 9.98861E-05 9.98861E-05 0.204073 9.98861E-05 9.98861E-05 9.98861E-05
9.98772E-05 9.98772E-05 9.98772E-05 0.0162332 0.22785 9.98772E-05 0.00728698 9.98772E-05 9.98772E-05 9.98772E-05 9.98772E-05 0.0873539 9.98772E-05 9.98772E-05 9.98772E-05 9.98772E-05 9.98772E-05 0.0031019 0.256509 0.184825 9.98772E-05 0.215441
9.98332E-05 9.98332E-05 9.98332E-05 9.98332E-05 0.453834 9.98332E-05 9.98332E-05 9.98332E-05 9.98332E-05 9.98332E-05 9.98332E-05 0.461504 9.98332E-05 9.98332E-05 9.98332E-05 9.98332E-05 9.98332E-05 9.98332E-05 9.98332E-05 9.98332E-05 9.98332E-05 0.0827651
9.98684E-05 9.98684E-05 9.98684E-05 9.98684E-05 0.0182177 0.0940192 0.0554115 9.98684E-05 9.98684E-05 9.98684E-05 9.98684E-05 0.498731 9.98684E-05 9.98684E-05 9.98684E-05 9.98684E-05 9.98684E-05 9.98684E-05 0.0640377 9.98684E-05 0.110215 0.15787
9.98157E-05 9.98157E-05 9.98157E-05 9.98157E-05 0.997904 9.98157E-05 9.98157E-05 9.98157E-05 9.98157E-05 9.98157E-05 9.98157E-05 9.98157E-05 9.98157E-05 9.98157E-05 9.98157E-05 9.98157E-05 9.98157E-05 9.98157E-05 9.98157E-05 9.98157E-05 9.98157E-05 9.98157E-05
9.98332E-05 9.98332E-05 9.98332E-05 9.98332E-05 9.98332E-05 9.98332E-05 0.0709849 9.98332E-05 9.98332E-05 9.98332E-05 9.98332E-05 0.883177 9.98332E-05 9.98332E-05 9.98332E-05 9.98332E-05 9.98332E-05 9.98332E-05 9.98332E-05 9.98332E-05 9.98332E-05 0.0439415
9.98684E-05 9.98684E-05 9.98684E-05 9.98684E-05 9.98684E-05 9.98684E-05 0.0105908 0.131421 9.98684E-05 9.98684E-05 9.98684E-05 0.690983 9.98684E-05 9.98684E-05 9.98684E-05 0.121839 0.0390507 9.98684E-05 9.98684E-05 9.98684E-05 0.00152406 0.0030928
0.0474677 9.98859E-05 9.98859E-05 9.98859E-05 0.360142 0.164653 0.0378379 9.98859E-05 9.98859E-05 9.98859E-05 9.98859E-05 9.98859E-05 9.98859E-05 0.0149584 9.98859E-05 9.98859E-05 0.0796269 0.0204475 0.135822 9.98859E-05 9.98859E-05 0.137746
9.98859E-05 0.155815 9.98859E-05 9.98859E-05 0.170207 0.14035 0.0506441 9.98859E-05 0.0297968 9.98859E-05 9.98859E-05 0.104248 0.0653021 9.98859E-05 9.98859E-05 9.98859E-05 9.98859E-05 9.98859E-05 0.184 9.98859E-05 9.98859E-05 0.0983377
9.9886E-05 0.0250523 0.0175962 9.9886E-05 0.202505 9.9886E-05 9.9886E-05 9.9886E-05 0.0704103 9.9886E-05 0.184987 0.302029 9.9886E-05 9.9886E-05 9.9886E-05 9.9886E-05 9.9886E-05 0.144674 9.9886E-05 9.9886E-05 0.0265735 0.0248738
9.98859E-05 9.98859E-05 0.108675 0.0345876 9.98859E-05 0.124373 0.216898 9.98859E-05 9.98859E-05 0.171909 9.98859E-05 0.149312 9.98859E-05 9.98859E-05 9.98859E-05 9.98859E-05 9.98859E-05 9.98859E-05 0.0592441 0.0216985 9.98859E-05 0.112004
9.98859E-05 9.98859E-05 9.98859E-05 0.0170018 0.335589 9.98859E-05 0.239209 9.98859E-05 9.98859E-05 0.0296349 9.98859E-05 0.024922 0.0225426 9.98859E-05 9.98859E-05 9.98859E-05 0.077556 9.98859E-05 0.164156 9.98859E-05 9.98859E-05 0.0880894
9.98334E-05 9.98334E-05 9.98334E-05 9.98334E-05 0.0404172 9.98334E-05 9.98334E-05 9.98334E-05 9.98334E-05 0.0158941 9.98334E-05 0.941792 9.98334E-05 9.98334E-05 9.98334E-05 9.98334E-05 9.98334E-05 9.98334E-05 9.98334E-05 9.98334E-05 9.98334E-05 9.98334E-05
9.98683E-05 0.137465 0.00207803 0.116304 9.98683E-05 9.98683E-05 9.98683E-05 9.98683E-05 9.98683E-05 9.98683E-05 9.98683E-05 0.584664 9.98683E-05 9.98683E-05 9.98683E-05 9.98683E-05 9.98683E-05 9.98683E-05 0.0683677 0.0344504 0.0551727 9.98683E-05
9.98509E-05 9.98509E-05 9.98509E-05 9.98509E-05 0.309341 9.98509E-05 0.424908 0.0720237 9.98509E-05 9.98509E-05 9.98509E-05 9.98509E-05 0.0645 9.98509E-05 9.98509E-05 9.98509E-05 9.98509E-05 9.98509E-05 0.12753 9.98509E-05 9.98509E-05 9.98509E-05
0.0512026 9.98509E-05 9.98509E-05 9.98509E-05 9.98509E-05 0.158786 9.98509E-05 9.98509E-05 9.98509E-05 9.98509E-05 9.98509E-05 0.67302 9.98509E-05 9.98509E-05 9.98509E-05 9.98509E-05 9.98509E-05 9.98509E-05 9.98509E-05 9.98509E-05 0.031552 0.0837419
9.98684E-05 0.0330863 9.98684E-05 9.98684E-05 0.165589 9.98684E-05 0.263613 9.98684E-05 0.0115265 9.98684E-05 9.98684E-05 0.252937 9.98684E-05 9.98684E-05 9.98684E-05 9.98684E-05 9.98684E-05 9.98684E-05 9.98684E-05 0.0113979 9.98684E-05 0.260353
0.113143 9.98771E-05 0.120275 9.98771E-05 0.215018 9.98771E-05 0.0672044 9.98771E-05 9.98771E-05 9.98771E-05 9.98771E-05 0.0962092 9.98771E-05 9.98771E-05 9.98771E-05 9.98771E-05 0.0950844 9.98771E-05 0.049946 9.98771E-05 9.98771E-05 0.241722
0.0110592 9.98684E-05 9.98684E-05 9.98684E-05 0.576519 9.98684E-05 0.0899198 9.98684E-05 0.02858 9.98684E-05 9.98684E-05 0.210931 0.00291666 9.98684E-05 9.98684E-05 9.98684E-05 9.98684E-05 9.98684E-05 9.98684E-05 9.98684E-05 9.98684E-05 0.0785764
0.233711 0.0479641 9.98595E-05 9.98595E-05 9.98595E-05 9.98595E-05 0.420741 9.98595E-05 9.98595E-05 0.130608 9.98595E-05 0.0498101 9.98595E-05 9.98595E-05 9.98595E-05 9.98595E-05 9.98595E-05 9.98595E-05 9.98595E-05 9.98595E-05 9.98595E-05 0.115568
9.98421E-05 9.98421E-05 9.98421E-05 9.98421E-05 9.98421E-05 9.98421E-05 0.00787029 9.98421E-05 9.98421E-05 9.98421E-05 9.98421E-05 0.886616 0.0511602 9.98421E-05 9.98421E-05 9.98421E-05 9.98421E-05 9.98421E-05 9.98421E-05 9.98421E-05 9.98421E-05 0.052556
0.0644885 9.98597E-05 9.98597E-05 9.98597E-05 0.286131 0.0545401 0.0745285 9.98597E-05 9.98597E-05 9.98597E-05 9.98597E-05 0.346613 9.98597E-05 9.98597E-05 9.98597E-05 9.98597E-05 9.98597E-05 9.98597E-05 9.98597E-05 9.98597E-05 9.98597E-05 0.172101
9.98596E-05 9.98596E-05 9.98596E-05 9.98596E-05 0.723765 9.98596E-05 9.98596E-05 9.98596E-05 9.98596E-05 9.98596E-05 0.164873 0.0368268 9.98596E-05 9.98596E-05 9.98596E-05 9.98596E-05 9.98596E-05 9.98596E-05 0.0506002 0.0208006 9.98596E-05 0.0015359
9.98684E-05 9.98684E-05 9.98684E-05 9.98684E-05 0.00589053 0.145705 9.98684E-05 9.98684E-05 9.98684E-05 9.98684E-05 9.98684E-05 0.718533 9.98684E-05 9.98684E-05 9.98684E-05 9.98684E-05 0.0342245 9.98684E-05 0.0183681 9.98684E-05 0.065884 0.00989724
0.146841 9.98772E-05 9.98772E-05 0.0574779 9.98772E-05 9.98772E-05 0.0404675 9.98772E-05 9.98772E-05 9.98772E-05 9.98772E-05 0.559682 0.0913802 9.98772E-05 9.98772E-05 0.0649402 9.98772E-05 9.98772E-05 9.98772E-05 9.98772E-05 0.0147401 0.0230731
0.0307423 0.0188838 9.98771E-05 9.98771E-05 0.32783 0.0920525 0.128504 9.98771E-05 9.98771E-05 9.98771E-05 9.98771E-05 0.222034 9.98771E-05 9.98771E-05 9.98771E-05 9.98771E-05 9.98771E-05 9.98771E-05 9.98771E-05 9.98771E-05 0.0565085 0.122047
0.134744 9.98684E-05 9.98684E-05 9.98684E-05 0.600373 9.98684E-05 0.144109 9.98684E-05 9.98684E-05 0.0203405 9.98684E-05 9.98684E-05 9.98684E-05 9.98684E-05 0.0259811 9.98684E-05 9.98684E-05 9.98684E-05 9.98684E-05 9.98684E-05 0.00396629 0.0689889
9.98597E-05 9.98597E-05 0.026272 9.98597E-05 0.408265 9.98597E-05 9.98597E-05 9.98597E-05 9.98597E-05 9.98597E-05 9.98597E-05 0.458234 9.98597E-05 9.98597E-05 9.98597E-05 9.98597E-05 9.98597E-05 9.98597E-05 0.021142 9.98597E-05 0.0406179 0.0438713
9.98685E-05 9.98685E-05 9.98685E-05 9.98685E-05 0.317818 0.123896 0.0494361 9.98685E-05 9.98685E-05 9.98685E-05 9.98685E-05 0.377863 0.0348648 9.98685E-05 9.98685E-05 9.98685E-05 9.98685E-05 9.98685E-05 0.0499086 0.0447155 9.98685E-05 9.98685E-05
9.98508E-05 9.98508E-05 0.0189439 9.98508E-05 9.98508E-05 9.98508E-05 0.0258096 9.98508E-05 9.98508E-05 9.98508E-05 9.98508E-05 0.853711 0.0889668 9.98508E-05 0.0108714 9.98508E-05 9.98508E-05 9.98508E-05 9.98508E-05 9.98508E-05 9.98508E-05 9.98508E-05
9.98772E-05 9.98772E-05 0.0613309 9.98772E-05 0.648263 9.98772E-05 9.98772E-05 9.98772E-05 9.98772E-05 9.98772E-05 9.98772E-05 0.0579002 0.0304382 9.98772E-05 9.98772E-05 9.98772E-05 9.98772E-05 0.0691047 0.0961799 9.98772E-05 0.026921 0.00846374
9.9851E-05 9.9851E-05 9.9851E-05 9.9851E-05 0.686521 9.9851E-05 9.9851E-05 9.9851E-05 9.9851E-05 9.9851E-05 0.0552157 9.9851E-05 9.9851E-05 9.9851E-05 9.9851E-05 9.9851E-05 9.9851E-05 0.171518 9.9851E-05 9.9851E-05 0.0314617 0.0535858
0.124554 0.0727355 9.98421E-05 9.98421E-05 0.707744 9.98421E-05 9.98421E-05 9.98421E-05 9.98421E-05 9.98421E-05 9.98421E-05 9.98421E-05 9.98421E-05 9.98421E-05 9.98421E-05 9.98421E-05 9.98421E-05 9.98421E-05 9.98421E-05 9.98421E-05 9.98421E-05 0.0931692
9.98421E-05 9.98421E-05 9.98421E-05 9.98421E-05 0.934846 9.98421E-05 0.0550121 9.98421E-05 9.98421E-05 9.98421E-05 9.98421E-05 9.98421E-05 9.98421E-05 9.98421E-05 9.98421E-05 9.98421E-05 9.98421E-05 9.98421E-05 9.98421E-05 9.98421E-05 0.000173624 0.00817109
9.9851E-05 9.9851E-05 9.9851E-05 9.9851E-05 0.684585 9.9851E-05 0.236144 9.9851E-05 9.9851E-05 9.9851E-05 9.9851E-05 9.9851E-05 9.9851E-05 9.9851E-05 9.9851E-05 9.9851E-05 9.9851E-05 0.0206675 0.0015118 9.9851E-05 9.9851E-05 0.0553941
9.9842E-05 9.9842E-05 9.9842E-05 9.9842E-05 0.0150009 9.9842E-05 0.0358274 9.9842E-05 9.9842E-05 9.9842E-05 9.9842E-05 0.826334 9.9842E-05 9.9842E-05 9.9842E-05 0.12104 9.9842E-05 9.9842E-05 9.9842E-05 9.9842E-05 9.9842E-05 9.9842E-05
9.98947E-05 9.98947E-05 9.98947E-05 9.98947E-05 0.286318 0.168268 0.153562 9.98947E-05 9.98947E-05 0.00957556 9.98947E-05 0.0531139 9.98947E-05 0.0198937 9.98947E-05 9.98947E-05 9.98947E-05 9.98947E-05 0.0724954 0.00209015 0.0123075 0.221177
9.98508E-05 9.98508E-05 9.98508E-05 9.98508E-05 0.280533 9.98508E-05 0.457878 0.0737385 9.98508E-05 9.98508E-05 9.98508E-05 9.98508E-05 0.121803 9.98508E-05 9.98508E-05 9.98508E-05 9.98508E-05 9.98508E-05 9.98508E-05 9.98508E-05 9.98508E-05 0.0643497
9.98331E-05 9.98331E-05 0.00604501 9.98331E-05 0.958086 9.98331E-05 9.98331E-05 9.98331E-05 9.98331E-05 9.98331E-05 9.98331E-05 9.98331E-05 0.0339726 9.98331E-05 9.98331E-05 9.98331E-05 9.98331E-05 9.98331E-05 9.98331E-05 9.98331E-05 9.98331E-05 9.98331E-05
9.98596E-05 9.98596E-05 9.98596E-05 9.98596E-05 9.98596E-05 9.98596E-05 9.98596E-05 9.98596E-05 9.98596E-05 0.0624723 9.98596E-05 0.823361 0.00276475 9.98596E-05 9.98596E-05 9.98596E-05 9.98596E-05 9.98596E-05 0.0299761 9.98596E-05 0.00863019 0.0711983
9.98158E-05 9.98158E-05 9.98158E-05 9.98158E-05 0.997904 9.98158E-05 9.98158E-05 9.98158E-05 9.98158E-05 9.98158E-05 9.98158E-05 9.98158E-05 9.98158E-05 9.98158E-05 9.98158E-05 9.98158E-05 9.98158E-05 9.98158E-05 9.98158E-05 9.98158E-05 9.98158E-05 9.98158E-05
9.98771E-05 0.036183 9.98771E-05 0.00461328 0.0884254 9.98771E-05 0.103189 9.98771E-05 0.0126764 9.98771E-05 9.98771E-05 0.618973 0.0381974 9.98771E-05 9.98771E-05 9.98771E-05 9.98771E-05 9.98771E-05 9.98771E-05 9.98771E-05 9.98771E-05 0.0963447
9.98688E-05 9.98688E-05 9.98688E-05 9.98688E-05 9.98688E-05 9.98688E-05 9.98688E-05 0.0946142 9.98688E-05 0.000255311 9.98688E-05 0.712627 9.98688E-05 0.00764807 0.122701 9.98688E-05 9.98688E-05 0.0431819 0.0174743 9.98688E-05 9.98688E-05 9.98688E-05
0.0532102 0.00339756 9.9877E-05 0.0815613 9.9877E-05 9.9877E-05 0.0243551 9.9877E-05 9.9877E-05 9.9877E-05 9.9877E-05 0.471396 9.9877E-05 9.9877E-05 9.9877E-05 9.9877E-05 9.9877E-05 9.9877E-05 0.0737186 9.9877E-05 0.0979012 0.193062
9.98772E-05 0.0275881 9.98772E-05 9.98772E-05 0.329898 9.98772E-05 0.191071 0.00480914 0.0424008 9.98772E-05 9.98772E-05 0.292417 0.0449141 9.98772E-05 9.98772E-05 9.98772E-05 9.98772E-05 9.98772E-05 9.98772E-05 0.0655025 9.98772E-05 9.98772E-05
9.98597E-05 9.98597E-05 9.98597E-05 9.98597E-05 0.863772 9.98597E-05 9.98597E-05 9.98597E-05 9.98597E-05 0.0680147 0.00404842 9.98597E-05 9.98597E-05 9.98597E-05 9.98597E-05 9.98597E-05 0.0274804 0.0232337 9.98597E-05 9.98597E-05 9.98597E-05 0.0118531
9.98773E-05 0.140088 9.98773E-05 9.98773E-05 0.652248 9.98773E-05 9.98773E-05 0.0616511 9.98773E-05 0.0157274 9.98773E-05 0.0512673 9.98773E-05 9.98773E-05 0.03564 9.98773E-05 9.98773E-05 9.98773E-05 0.00408702 9.98773E-05 9.98773E-05 0.0378937
9.98422E-05 9.98422E-05 9.98422E-05 9.98422E-05 0.308962 9.98422E-05 9.98422E-05 9.98422E-05 9.98422E-05 9.98422E-05 9.98422E-05 0.472076 9.98422E-05 9.98422E-05 9.98422E-05 9.98422E-05 0.113139 9.98422E-05 9.98422E-05 9.98422E-05 9.98422E-05 0.104026
0.0340855 0.0121859 0.0805005 9.98509E-05 0.843007 9.98509E-05 9.98509E-05 0.0285241 9.98509E-05 9.98509E-05 9.98509E-05 9.98509E-05 9.98509E-05 9.98509E-05 9.98509E-05 9.98509E-05 9.98509E-05 9.98509E-05 9.98509E-05 9.98509E-05 9.98509E-05 9.98509E-05
9.98509E-05 9.98509E-05 9.98509E-05 9.98509E-05 0.802593 9.98509E-05 0.0890617 9.98509E-05 0.00190577 0.0669625 9.98509E-05 9.98509E-05 9.98509E-05 9.98509E-05 9.98509E-05 9.98509E-05 9.98509E-05 9.98509E-05 9.98509E-05 9.98509E-05 9.98509E-05 0.0377794
9.98421E-05 9.98421E-05 9.98421E-05 9.98421E-05 9.98421E-05 9.98421E-05 9.98421E-05 9.98421E-05 9.98421E-05 9.98421E-05 9.98421E-05 0.907188 0.0715781 9.98421E-05 9.98421E-05 9.98421E-05 9.98421E-05 9.98421E-05 9.98421E-05 9.98421E-05 0.00865095 0.0107859
9.98333E-05 9.98333E-05 9.98333E-05 9.98333E-05 9.98333E-05 9.98333E-05 9.98333E-05 9.98333E-05 9.98333E-05 9.98333E-05 9.98333E-05 0.915521 9.98333E-05 0.0671862 0.0153955 9.98333E-05 9.98333E-05 9.98333E-05 9.98333E-05 9.98333E-05 9.98333E-05 9.98333E-05
9.98595E-05 9.98595E-05 9.98595E-05 9.98595E-05 9.98595E-05 0.636842 9.98595E-05 9.98595E-05 9.98595E-05 0.0677276 9.98595E-05 9.98595E-05 9.98595E-05 0.0532617 9.98595E-05 9.98595E-05 9.98595E-05 9.98595E-05 0.0408946 9.98595E-05 0.0738077 0.125868
9.98423E-05 0.0022507 9.98423E-05 9.98423E-05 9.98423E-05 0.956011 0.0226394 9.98423E-05 9.98423E-05 9.98423E-05 9.98423E-05 9.98423E-05 0.017302 9.98423E-05 9.98423E-05 9.98423E-05 9.98423E-05 9.98423E-05 9.98423E-05 9.98423E-05 9.98423E-05 9.98423E-05
9.98245E-05 9.98245E-05 9.98245E-05 9.98245E-05 9.98245E-05 0.966055 9.98245E-05 9.98245E-05 9.98245E-05 0.0319485 9.98245E-05 9.98245E-05 9.98245E-05 9.98245E-05 9.98245E-05 9.98245E-05 9.98245E-05 9.98245E-05 9.98245E-05 9.98245E-05 9.98245E-05 9.98245E-05
0.176634 9.98684E-05 9.98684E-05 9.98684E-05 9.98684E-05 0.361661 9.98684E-05 9.98684E-05 9.98684E-05 0.00657726 9.98684E-05 9.98684E-05 9.98684E-05 9.98684E-05 0.0478518 9.98684E-05 9.98684E-05 0.264123 0.127437 9.98684E-05 9.98684E-05 0.0142178
9.98856E-05 9.98856E-05 0.0341616 9.98856E-05 9.98856E-05 0.607818 0.0454407 0.0223148 9.98856E-05 0.0698218 9.98856E-05 9.98856E-05 0.0463232 9.98856E-05 0.0445772 9.98856E-05 9.98856E-05 9.98856E-05 0.0454348 9.98856E-05 9.98856E-05 0.0828096
9.98505E-05 9.98505E-05 9.98505E-05 9.98505E-05 9.98505E-05 0.64416 0.116223 9.98505E-05 9.98505E-05 9.98505E-05 9.98505E-05 9.98505E-05 9.98505E-05 9.98505E-05 9.98505E-05 9.98505E-05 0.000192424 9.98505E-05 0.042337 9.98505E-05 9.98505E-05 0.19539
9.98682E-05 9.98682E-05 9.98682E-05 9.98682E-05 9.98682E-05 0.444683 9.98682E-05 9.98682E-05 9.98682E-05 9.98682E-05 9.98682E-05 9.98682E-05 0.0380239 9.98682E-05 0.0101949 9.98682E-05 9.98682E-05 0.289998 0.0365681 9.98682E-05 0.118 0.0610346
0.089763 9.98594E-05 9.98594E-05 9.98594E-05 9.98594E-05 0.417214 9.98594E-05 9.98594E-05 9.98594E-05 0.18007 9.98594E-05 9.98594E-05 9.98594E-05 9.98594E-05 9.98594E-05 9.98594E-05 9.98594E-05 0.100433 0.125179 9.98594E-05 9.98594E-05 0.0857445
9.98246E-05 9.98246E-05 9.98246E-05 9.98246E-05 9.98246E-05 0.972177 9.98246E-05 9.98246E-05 9.98246E-05 9.98246E-05 9.98246E-05 9.98246E-05 9.98246E-05 9.98246E-05 9.98246E-05 9.98246E-05 9.98246E-05 9.98246E-05 9.98246E-05 0.0258263 9.98246E-05 9.98246E-05
9.98331E-05 9.98331E-05 9.98331E-05 9.98331E-05 9.98331E-05 0.93798 9.98331E-05 9.98331E-05 9.98331E-05 9.98331E-05 9.98331E-05 9.98331E-05 0.00282079 9.98331E-05 9.98331E-05 9.98331E-05 9.98331E-05 9.98331E-05 9.98331E-05 9.98331E-05 0.0573024 9.98331E-05
9.98593E-05 9.98593E-05 0.00748369 9.98593E-05 9.98593E-05 0.501119 9.98593E-05 9.98593E-05 9.98593E-05 9.98593E-05 9.98593E-05 9.98593E-05 0.0152583 9.98593E-05 9.98593E-05 9.98593E-05 9.98593E-05 9.98593E-05 0.0809822 9.98593E-05 0.168236 0.225323
9.98858E-05 0.0421331 9.98858E-05 9.98858E-05 9.98858E-05 0.46534 0.104409 9.98858E-05 0.0490345 9.98858E-05 9.98858E-05 9.98858E-05 0.111786 9.98858E-05 9.98858E-05 9.98858E-05 0.135133 0.0355488 9.98858E-05 9.98858E-05 0.00624775 0.0490696
0.193641 0.0129044 9.98857E-05 0.0545126 9.98857E-05 0.533855 9.98857E-05 9.98857E-05 0.104391 9.98857E-05 9.98857E-05 9.98857E-05 9.98857E-05 9.98857E-05 9.98857E-05 9.98857E-05 9.98857E-05 0.0143232 0.047063 9.98857E-05 0.0249962 0.0130157
9.98682E-05 9.98682E-05 9.98682E-05 0.0808332 9.98682E-05 0.476326 0.188753 9.98682E-05 9.98682E-05 9.98682E-05 9.98682E-05 9.98682E-05 9.98682E-05 9.98682E-05 0.00171172 9.98682E-05 9.98682E-05 0.0669211 0.0364395 9.98682E-05 9.98682E-05 0.147517
0.0106514 0.00247175 9.98424E-05 9.98424E-05 9.98424E-05 0.945187 9.98424E-05 0.0398927 9.98424E-05 9.98424E-05 9.98424E-05 9.98424E-05 9.98424E-05 9.98424E-05 9.98424E-05 9.98424E-05 9.98424E-05 9.98424E-05 9.98424E-05 9.98424E-05 9.98424E-05 9.98424E-05
9.98508E-05 9.98508E-05 9.98508E-05 9.98508E-05 9.98508E-05 0.851018 9.98508E-05 9.98508E-05 0.0102359 9.98508E-05 9.98508E-05 9.98508E-05 0.0170193 9.98508E-05 9.98508E-05 9.98508E-05 9.98508E-05 9.98508E-05 0.0643769 9.98508E-05 9.98508E-05 0.0556524
0.0479777 9.98418E-05 9.98418E-05 9.98418E-05 9.98418E-05 0.617016 9.98418E-05 0.0142875 9.98418E-05 9.98418E-05 9.98418E-05 9.98418E-05 9.98418E-05 0.318921 9.98418E-05 9.98418E-05 9.98418E-05 9.98418E-05 9.98418E-05 9.98418E-05 9.98418E-05 9.98418E-05
9.98595E-05 9.98595E-05 9.98595E-05 9.98595E-05 9.98595E-05 0.58332 0.0753688 9.98595E-05 0.0531393 9.98595E-05 9.98595E-05 9.98595E-05 0.177126 9.98595E-05 9.98595E-05 9.98595E-05 9.98595E-05 9.98595E-05 0.0345754 9.98595E-05 0.0748728 9.98595E-05
9.98596E-05 9.98596E-05 9.98596E-05 9.98596E-05 9.98596E-05 0.728102 9.98596E-05 9.98596E-05 9.98596E-05 0.131917 9.98596E-05 9.98596E-05 9.98596E-05 9.98596E-05 0.00962127 9.98596E-05 9.98596E-05 9.98596E-05 0.0109188 9.98596E-05 0.0488707 0.0689724
0.00432058 0.0768408 0.0119318 9.98681E-05 9.98681E-05 0.686316 9.98681E-05 9.98681E-05 0.00156766 9.98681E-05 9.98681E-05 9.98681E-05 9.98681E-05 9.98681E-05 9.98681E-05 9.98681E-05 9.98681E-05 9.98681E-05 9.98681E-05 9.98681E-05 0.00862372 0.208901
9.98249E-05 9.98249E-05 9.98249E-05 9.98249E-05 9.98249E-05 0.994556 9.98249E-05 9.98249E-05 9.98249E-05 9.98249E-05 9.98249E-05 9.98249E-05 9.98249E-05 9.98249E-05 9.98249E-05 0.00344724 9.98249E-05 9.98249E-05 9.98249E-05 9.98249E-05 9.98249E-05 9.98249E-05
9.98418E-05 9.98418E-05 9.98418E-05 9.98418E-05 9.98418E-05 0.631843 0.310465 9.98418E-05 9.98418E-05 9.98418E-05 9.98418E-05 9.98418E-05 9.98418E-05 9.98418E-05 9.98418E-05 9.98418E-05 0.00114618 0.0547482 9.98418E-05 9.98418E-05 9.98418E-05 9.98418E-05
0.223697 9.98422E-05 9.98422E-05 9.98422E-05 0.0251437 0.722389 9.98422E-05 9.98422E-05 9.98422E-05 0.0269739 9.98422E-05 9.98422E-05 9.98422E-05 9.98422E-05 9.98422E-05 9.98422E-05 9.98422E-05 9.98422E-05 9.98422E-05 9.98422E-05 9.98422E-05 9.98422E-05
0.0368339 9.98859E-05 9.98859E-05 0.024518 9.98859E-05 0.615928 9.98859E-05 9.98859E-05 9.98859E-05 0.111894 9.98859E-05 9.98859E-05 9.98859E-05 0.0740262 9.98859E-05 9.98859E-05 9.98859E-05 9.98859E-05 0.0040098 0.0723988 0.0166021 0.0424909
9.98331E-05 9.98331E-05 9.98331E-05 9.98331E-05 9.98331E-05 0.794742 9.98331E-05 9.98331E-05 0.152652 9.98331E-05 9.98331E-05 9.98331E-05 9.98331E-05 9.98331E-05 9.98331E-05 9.98331E-05 9.98331E-05 9.98331E-05 9.98331E-05 9.98331E-05 0.0507093 9.98331E-05
9.98511E-05 9.98511E-05 0.0301634 9.98511E-05 0.0271176 0.879842 9.98511E-05 9.98511E-05 9.98511E-05 9.98511E-05 9.98511E-05 9.98511E-05 9.98511E-05 9.98511E-05 9.98511E-05 9.98511E-05 9.98511E-05 0.0535516 0.00762817 9.98511E-05 9.98511E-05 9.98511E-05
9.98246E-05 9.98246E-05 9.98246E-05 9.98246E-05 9.98246E-05 0.990748 0.00725585 9.98246E-05 9.98246E-05 9.98246E-05 9.98246E-05 9.98246E-05 9.98246E-05 9.98246E-05 9.98246E-05 9.98246E-05 9.98246E-05 9.98246E-05 9.98246E-05 9.98246E-05 9.98246E-05 9.98246E-05
9.98158E-05 9.98158E-05 9.98158E-05 9.98158E-05 9.98158E-05 0.997904 9.98158E-05 9.98158E-05 9.98158E-05 9.98158E-05 9.98158E-05 9.98158E-05 9.98158E-05 9.98158E-05 9.98158E-05 9.98158E-05 9.98158E-05 9.98158E-05 9.98158E-05 9.98158E-05 9.98158E-05 9.98158E-05
9.98422E-05 9.98422E-05 9.98422E-05 9.98422E-05 9.98422E-05 0.855145 9.98422E-05 9.98422E-05 9.98422E-05 0.104027 9.98422E-05 9.98422E-05 9.98422E-05 9.98422E-05 9.98422E-05 9.98422E-05 9.98422E-05 9.98422E-05 0.00539354 9.98422E-05 9.98422E-05 0.033637
9.98423E-05 9.98423E-05 9.98423E-05 9.98423E-05 9.98423E-05 0.708853 9.98423E-05 9.98423E-05 9.98423E-05 9.98423E-05 9.98423E-05 9.98423E-05 9.98423E-05 9.98423E-05 9.98423E-05 0.103666 9.98423E-05 9.98423E-05 0.103323 9.98423E-05 9.98423E-05 0.0823601
0.862385 9.98333E-05 9.98333E-05 9.98333E-05 9.98333E-05 9.98333E-05 9.98333E-05 9.98333E-05 9.98333E-05 9.98333E-05 9.98333E-05 9.98333E-05 9.98333E-05 9.98333E-05 9.98333E-05 9.98333E-05 9.98333E-05 9.98333E-05 0.0703037 9.98333E-05 9.98333E-05 0.0654149
0.453505 9.98421E-05 9.98421E-05 9.98421E-05 9.98421E-05 9.98421E-05 9.98421E-05 9.98421E-05 9.98421E-05 9.98421E-05 0.449141 9.98421E-05 9.98421E-05 9.98421E-05 9.98421E-05 0.0790274 9.98421E-05 9.98421E-05 0.0165301 9.98421E-05 9.98421E-05 9.98421E-05
0.875887 9.9842E-05 9.9842E-05 9.9842E-05 9.9842E-05 9.9842E-05 9.9842E-05 9.9842E-05 9.9842E-05 0.00727059 9.9842E-05 9.9842E-05 9.9842E-05 9.9842E-05 9.9842E-05 9.9842E-05 9.9842E-05 9.9842E-05 9.9842E-05 9.9842E-05 0.012991 0.102054
0.781303 9.98331E-05 9.98331E-05 9.98331E-05 9.98331E-05 9.98331E-05 9.98331E-05 9.98331E-05 9.98331E-05 0.0968599 9.98331E-05 9.98331E-05 9.98331E-05 9.98331E-05 9.98331E-05 9.98331E-05 9.98331E-05 9.98331E-05 9.98331E-05 9.98331E-05 9.98331E-05 0.11994
0.949372 9.98243E-05 9.98243E-05 9.98243E-05 9.98243E-05 9.98243E-05 9.98243E-05 9.98243E-05 9.98243E-05 9.98243E-05 9.98243E-05 9.98243E-05 9.98243E-05 9.98243E-05 9.98243E-05 9.98243E-05 9.98243E-05 9.98243E-05 0.0486318 9.98243E-05 9.98243E-05 9.98243E-05
0.544027 9.98597E-05 9.98597E-05 9.98597E-05 9.98597E-05 9.98597E-05 9.98597E-05 9.98597E-05 9.98597E-05 0.0197465 9.98597E-05 9.98597E-05 9.98597E-05 9.98597E-05 9.98597E-05 0.0272933 9.98597E-05 0.0658583 0.199581 9.98597E-05 9.98597E-05 0.141895
0.804425 9.98509E-05 9.98509E-05 9.98509E-05 9.98509E-05 9.98509E-05 9.98509E-05 9.98509E-05 9.98509E-05 0.0378503 9.98509E-05 9.98509E-05 9.98509E-05 9.98509E-05 9.98509E-05 9.98509E-05 9.98509E-05 9.98509E-05 0.0394618 9.98509E-05 0.0393427 0.0772232
0.801972 9.98245E-05 9.98245E-05 9.98245E-05 9.98245E-05 9.98245E-05 9.98245E-05 9.98245E-05 9.98245E-05 9.98245E-05 9.98245E-05 9.98245E-05 9.98245E-05 9.98245E-05 9.98245E-05 9.98245E-05 9.98245E-05 9.98245E-05 0.196031 9.98245E-05 9.98245E-05 9.98245E-05
0.438372 9.98507E-05 9.98507E-05 9.98507E-05 9.98507E-05 9.98507E-05 9.98507E-05 9.98507E-05 0.0208224 9.98507E-05 9.98507E-05 9.98507E-05 9.98507E-05 9.98507E-05 9.98507E-05 9.98507E-05 9.98507E-05 0.201391 0.322837 9.98507E-05 0.0148794 9.98507E-05
0.526946 9.9842E-05 9.9842E-05 9.9842E-05 9.9842E-05 9.9842E-05 9.9842E-05 9.9842E-05 9.9842E-05 9.9842E-05 9.9842E-05 9.9842E-05 9.9842E-05 9.9842E-05 9.9842E-05 9.9842E-05 0.0275677 9.9842E-05 0.158958 9.9842E-05 9.9842E-05 0.284731
0.457608 9.9842E-05 9.9842E-05 9.9842E-05 9.9842E-05 9.9842E-05 9.9842E-05 9.9842E-05 9.9842E-05 9.9842E-05 0.32622 9.9842E-05 9.9842E-05 9.9842E-05 9.9842E-05 9.9842E-05 9.9842E-05 0.184901 0.029474 9.9842E-05 9.9842E-05 9.9842E-05
0.66072 9.98508E-05 9.98508E-05 9.98508E-05 9.98508E-05 9.98508E-05 9.98508E-05 9.98508E-05 9.98508E-05 9.98508E-05 0.181606 9.98508E-05 9.98508E-05 9.98508E-05 9.98508E-05 9.98508E-05 9.98508E-05 0.138808 9.98508E-05 9.98508E-05 0.013053 0.0041162
0.79367 9.98334E-05 9.98334E-05 9.98334E-05 9.98334E-05 9.98334E-05 9.98334E-05 9.98334E-05 9.98334E-05 9.98334E-05 0.125196 9.98334E-05 9.98334E-05 9.98334E-05 9.98334E-05 9.98334E-05 9.98334E-05 9.98334E-05 0.0792379 9.98334E-05 9.98334E-05 9.98334E-05
0.509668 9.98423E-05 9.98423E-05 9.98423E-05 9.98423E-05 9.98423E-05 9.98423E-05 9.98423E-05 9.98423E-05 9.98423E-05 9.98423E-05 9.98423E-05 9.98423E-05 9.98423E-05 9.98423E-05 0.151199 9.98423E-05 9.98423E-05 0.134377 9.98423E-05 9.98423E-05 0.202959
0.678267 0.00927465 0.000226653 9.9886E-05 9.9886E-05 9.9886E-05 9.9886E-05 0.0249611 9.9886E-05 0.080961 0.0885578 9.9886E-05 9.9886E-05 9.9886E-05 9.9886E-05 9.9886E-05 0.000880479 9.9886E-05 0.0890554 9.9886E-05 0.0265169 9.9886E-05
0.686855 9.98684E-05 9.98684E-05 9.98684E-05 9.98684E-05 9.98684E-05 9.98684E-05 9.98684E-05 9.98684E-05 9.98684E-05 0.0078601 9.98684E-05 9.98684E-05 0.0410422 9.98684E-05 9.98684E-05 9.98684E-05 0.103091 0.0110137 9.98684E-05 0.0116431 0.136997
0.510154 9.98595E-05 0.0488879 9.98595E-05 9.98595E-05 9.98595E-05 9.98595E-05 9.98595E-05 0.0188362 9.98595E-05 9.98595E-05 9.98595E-05 9.98595E-05 9.98595E-05 9.98595E-05 0.0527343 9.98595E-05 0.242352 9.98595E-05 9.98595E-05 9.98595E-05 0.125437
0.677169 9.98599E-05 9.98599E-05 9.98599E-05 9.98599E-05 9.98599E-05 0.0765893 0.0745131 9.98599E-05 9.98599E-05 0.0128812 9.98599E-05 9.98599E-05 9.98599E-05 0.0354105 9.98599E-05 9.98599E-05 9.98599E-05 0.121839 9.98599E-05 9.98599E-05 9.98599E-05
0.902985 9.98509E-05 0.0118872 9.98509E-05 9.98509E-05 9.98509E-05 9.98509E-05 9.98509E-05 9.98509E-05 9.98509E-05 9.98509E-05 9.98509E-05 9.98509E-05 9.98509E-05 9.98509E-05 0.0559831 9.98509E-05 0.0222091 9.98509E-05 9.98509E-05 0.00523774 9.98509E-05
0.401742 9.98596E-05 0.0810679 9.98596E-05 9.98596E-05 9.98596E-05 9.98596E-05 9.98596E-05 9.98596E-05 9.98596E-05 0.334535 9.98596E-05 9.98596E-05 9.98596E-05 9.98596E-05 9.98596E-05 9.98596E-05 9.98596E-05 0.0870216 9.98596E-05 0.0123818 0.0816536
0.632307 9.98684E-05 9.98684E-05 9.98684E-05 9.98684E-05 9.98684E-05 9.98684E-05 0.00338608 9.98684E-05 9.98684E-05 9.98684E-05 9.98684E-05 0.064474 0.0330361 9.98684E-05 0.129041 9.98684E-05 0.0440133 9.98684E-05 9.98684E-05 9.98684E-05 0.092244
0.784514 9.9842E-05 9.9842E-05 9.9842E-05 9.9842E-05 9.9842E-05 9.9842E-05 9.9842E-05 0.0121964 9.9842E-05 9.9842E-05 9.9842E-05 9.9842E-05 9.9842E-05 9.9842E-05 9.9842E-05 9.9842E-05 9.9842E-05 0.136805 9.9842E-05 9.9842E-05 0.064687
0.477187 9.98684E-05 0.0326034 0.0290574 9.98684E-05 9.98684E-05 9.98684E-05 9.98684E-05 9.98684E-05 9.98684E-05 9.98684E-05 9.98684E-05 9.98684E-05 9.98684E-05 9.98684E-05 9.98684E-05 9.98684E-05 0.0828345 0.177378 9.98684E-05 0.0455169 0.153925
0.715831 9.98422E-05 9.98422E-05 9.98422E-05 9.98422E-05 9.98422E-05 9.98422E-05 0.0130708 9.98422E-05 9.98422E-05 0.138474 9.98422E-05 9.98422E-05 9.98422E-05 9.98422E-05 9.98422E-05 9.98422E-05 9.98422E-05 0.130827 9.98422E-05 9.98422E-05 9.98422E-05
0.323604 9.98859E-05 0.00121292 0.0620372 9.98859E-05 9.98859E-05 9.98859E-05 0.0625368 9.98859E-05 9.98859E-05 9.98859E-05 9.98859E-05 0.0157571 9.98859E-05 9.98859E-05 9.98859E-05 9.98859E-05 0.00616826 0.30113 0.0005468 9.98859E-05 0.225708
0.286588 0.0336429 9.9886E-05 9.9886E-05 9.9886E-05 0.0469775 9.9886E-05 9.9886E-05 0.0256403 9.9886E-05 0.206587 9.9886E-05 9.9886E-05 9.9886E-05 9.9886E-05 0.0954883 9.9886E-05 0.0494745 0.139047 9.9886E-05 9.9886E-05 0.115256
0.0339503 9.98509E-05 9.98509E-05 9.98509E-05 9.98509E-05 9.98509E-05 9.98509E-05 0.0705397 9.98509E-05 9.98509E-05 9.98509E-05 9.98509E-05 9.98509E-05 9.98509E-05 9.98509E-05 0.76024 9.98509E-05 9.98509E-05 9.98509E-05 0.109277 9.98509E-05 0.024296
0.915721 9.9833E-05 9.9833E-05 9.9833E-05 9.9833E-05 9.9833E-05 9.9833E-05 9.9833E-05 9.9833E-05 9.9833E-05 9.9833E-05 9.9833E-05 9.9833E-05 9.9833E-05 9.9833E-05 9.9833E-05 9.9833E-05 9.9833E-05 0.017125 9.9833E-05 9.9833E-05 0.0652567
0.576793 9.98423E-05 9.98423E-05 9.98423E-05 9.98423E-05 9.98423E-05 9.98423E-05 9.98423E-05 9.98423E-05 9.98423E-05 9.98423E-05 9.98423E-05 9.98423E-05 9.98423E-05 9.98423E-05 9.98423E-05 9.98423E-05 0.0103127 0.253008 9.98423E-05 9.98423E-05 0.158089
0.680374 9.98421E-05 9.98421E-05 9.98421E-05 9.98421E-05 9.98421E-05 9.98421E-05 0.136378 9.98421E-05 9.98421E-05 9.98421E-05 9.98421E-05 9.98421E-05 9.98421E-05 9.98421E-05 0.120856 9.98421E-05 9.98421E-05 9.98421E-05 9.98421E-05 9.98421E-05 0.0605944
0.656354 0.032782 9.98597E-05 9.98597E-05 9.98597E-05 9.98597E-05 9.98597E-05 9.98597E-05 9.98597E-05 9.98597E-05 0.0278921 9.98597E-05 9.98597E-05 9.98597E-05 9.98597E-05 9.98597E-05 9.98597E-05 9.98597E-05 0.116343 9.98597E-05 0.0348991 0.130132
0.911163 0.02961 0.0335633 9.98422E-05 9.98422E-05 9.98422E-05 9.98422E-05 9.98422E-05 9.98422E-05 0.0238667 9.98422E-05 9.98422E-05 9.98422E-05 9.98422E-05 9.98422E-05 9.98422E-05 9.98422E-05 9.98422E-05 9.98422E-05 9.98422E-05 9.98422E-05 9.98422E-05
0.318636 9.98595E-05 0.0928296 9.98595E-05 9.98595E-05 9.98595E-05 9.98595E-05 0.13541 9.98595E-05 9.98595E-05 9.98595E-05 9.98595E-05 9.98595E-05 9.98595E-05 9.98595E-05 9.98595E-05 9.98595E-05 9.98595E-05 0.212 9.98595E-05 0.00544816 0.234079
0.85126 9.9833E-05 0.0194694 9.9833E-05 9.9833E-05 9.9833E-05 0.127374 9.9833E-05 9.9833E-05 9.9833E-05 9.9833E-05 9.9833E-05 9.9833E-05 9.9833E-05 9.9833E-05 9.9833E-05 9.9833E-05 9.9833E-05 9.9833E-05 9.9833E-05 9.9833E-05 9.9833E-05
0.891216 9.98596E-05 0.0165504 9.98596E-05 9.98596E-05 9.98596E-05 9.98596E-05 9.98596E-05 9.98596E-05 9.98596E-05 9.98596E-05 9.98596E-05 0.0117463 9.98596E-05 9.98596E-05 0.0274446 9.98596E-05 9.98596E-05 0.0412774 9.98596E-05 9.98596E-05 0.0101679
0.670412 0.00892033 9.98858E-05 9.98858E-05 9.98858E-05 9.98858E-05 0.0210058 9.98858E-05 0.0286125 9.98858E-05 0.156814 9.98858E-05 9.98858E-05 9.98858E-05 9.98858E-05 0.0314629 9.98858E-05 0.0005152 0.0675235 9.98858E-05 0.0134348 9.98858E-05
0.6697 9.98418E-05 9.98418E-05 9.98418E-05 9.98418E-05 9.98418E-05 9.98418E-05 9.98418E-05 0.0522456 9.98418E-05 9.98418E-05 9.98418E-05 9.98418E-05 9.98418E-05 9.98418E-05 9.98418E-05 9.98418E-05 9.98418E-05 0.0953159 9.98418E-05 9.98418E-05 0.180942
0.0959819 9.9842E-05 9.9842E-05 9.9842E-05 9.9842E-05 9.9842E-05 9.9842E-05 9.9842E-05 9.9842E-05 9.9842E-05 9.9842E-05 9.9842E-05 9.9842E-05 9.9842E-05 9.9842E-05 0.832876 9.9842E-05 9.9842E-05 0.0677464 9.9842E-05 0.00159832 9.9842E-05
0.637357 9.98422E-05 9.98422E-05 9.98422E-05 9.98422E-05 9.98422E-05 9.98422E-05 9.98422E-05 9.98422E-05 9.98422E-05 9.98422E-05 9.98422E-05 9.98422E-05 9.98422E-05 9.98422E-05 0.247077 9.98422E-05 9.98422E-05 0.0136829 9.98422E-05 9.98422E-05 0.100085
0.578406 9.98335E-05 9.98335E-05 9.98335E-05 9.98335E-05 9.98335E-05 9.98335E-05 0.0195135 9.98335E-05 9.98335E-05 9.98335E-05 9.98335E-05 9.98335E-05 9.98335E-05 9.98335E-05 0.400184 9.98335E-05 9.98335E-05 9.98335E-05 9.98335E-05 9.98335E-05 9.98335E-05
0.454941 9.98423E-05 9.98423E-05 9.98423E-05 9.98423E-05 9.98423E-05 9.98423E-05 9.98423E-05 9.98423E-05 0.0200187 0.143637 9.98423E-05 9.98423E-05 9.98423E-05 9.98423E-05 0.379606 9.98423E-05 9.98423E-05 9.98423E-05 9.98423E-05 9.98423E-05 9.98423E-05
0.562633 9.98595E-05 9.98595E-05 9.98595E-05 9.98595E-05 9.98595E-05 9.98595E-05 9.98595E-05 0.0207876 9.98595E-05 9.98595E-05 9.98595E-05 9.98595E-05 9.98595E-05 9.98595E-05 9.98595E-05 9.98595E-05 0.105923 0.0481576 9.98595E-05 0.0262026 0.234698
0.825784 9.98421E-05 9.98421E-05 9.98421E-05 9.98421E-05 9.98421E-05 9.98421E-05 9.98421E-05 9.98421E-05 9.98421E-05 9.98421E-05 9.98421E-05 9.98421E-05 9.98421E-05 9.98421E-05 0.00793946 0.0543552 9.98421E-05 0.110124 9.98421E-05 9.98421E-05 9.98421E-05
9.98508E-05 9.98508E-05 0.071266 9.98508E-05 9.98508E-05 9.98508E-05 9.98508E-05 9.98508E-05 9.98508E-05 9.98508E-05 0.239622 9.98508E-05 9.98508E-05 9.98508E-05 9.98508E-05 0.511483 9.98508E-05 9.98508E-05 0.0882954 9.98508E-05 9.98508E-05 0.0876362
0.313243 9.98244E-05 9.98244E-05 9.98244E-05 9.98244E-05 9.98244E-05 9.98244E-05 9.98244E-05 9.98244E-05 9.98244E-05 0.684761 9.98244E-05 9.98244E-05 9.98244E-05 9.98244E-05 9.98244E-05 9.98244E-05 9.98244E-05 9.98244E-05 9.98244E-05 9.98244E-05 9.98244E-05
0.539394 9.98595E-05 0.109046 9.98595E-05 9.98595E-05 9.98595E-05 0.0215734 9.98595E-05 9.98595E-05 0.00690899 9.98595E-05 9.98595E-05 9.98595E-05 9.98595E-05 9.98595E-05 9.98595E-05 9.98595E-05 0.148852 0.172628 9.98595E-05 9.98595E-05 9.98595E-05
0.663483 9.98509E-05 9.98509E-05 9.98509E-05 9.98509E-05 0.209904 9.98509E-05 9.98509E-05 9.98509E-05 9.98509E-05 0.0435162 9.98509E-05 9.98509E-05 9.98509E-05 9.98509E-05 9.98509E-05 9.98509E-05 9.98509E-05 0.057489 9.98509E-05 9.98509E-05 0.0239101
0.485751 0.0145055 9.98861E-05 9.98861E-05 9.98861E-05 9.98861E-05 0.0126532 9.98861E-05 0.0662364 9.98861E-05 0.0969487 9.98861E-05 9.98861E-05 9.98861E-05 9.98861E-05 9.98861E-05 9.98861E-05 0.0567646 0.132295 0.114639 9.98861E-05 0.0189088
0.548187 9.98422E-05 9.98422E-05 9.98422E-05 9.98422E-05 9.98422E-05 0.042013 9.98422E-05 9.98422E-05 9.98422E-05 9.98422E-05 9.98422E-05 9.98422E-05 9.98422E-05 9.98422E-05 9.98422E-05 9.98422E-05 9.98422E-05 0.227564 9.98422E-05 9.98422E-05 0.180439
0.377259 9.98247E-05 9.98247E-05 9.98247E-05 9.98247E-05 9.98247E-05 9.98247E-05 9.98247E-05 9.98247E-05 9.98247E-05 9.98247E-05 9.98247E-05 9.98247E-05 9.98247E-05 9.98247E-05 0.620744 9.98247E-05 9.98247E-05 9.98247E-05 9.98247E-05 9.98247E-05 9.98247E-05
0.774827 9.98419E-05 9.98419E-05 9.98419E-05 9.98419E-05 9.98419E-05 9.98419E-05 9.98419E-05 9.98419E-05 9.98419E-05 9.98419E-05 9.98419E-05 0.088684 9.98419E-05 0.0101329 9.98419E-05 9.98419E-05 9.98419E-05 9.98419E-05 9.98419E-05 9.98419E-05 0.124558
0.136609 9.98422E-05 9.98422E-05 9.98422E-05 9.98422E-05 9.98422E-05 9.98422E-05 0.050441 9.98422E-05 9.98422E-05 9.98422E-05 9.98422E-05 9.98422E-05 9.98422E-05 9.98422E-05 0.678155 9.98422E-05 9.98422E-05 0.132997 9.98422E-05 9.98422E-05 9.98422E-05
0.530808 9.9851E-05 9.9851E-05 9.9851E-05 9.9851E-05 9.9851E-05 9.9851E-05 9.9851E-05 9.9851E-05 9.9851E-05 9.9851E-05 9.9851E-05 9.9851E-05 9.9851E-05 9.9851E-05 0.212731 9.9851E-05 9.9851E-05 0.104213 9.9851E-05 0.023237 0.127314
0.857633 0.084496 9.98333E-05 9.98333E-05 9.98333E-05 9.98333E-05 9.98333E-05 9.98333E-05 9.98333E-05 9.98333E-05 9.98333E-05 9.98333E-05 9.98333E-05 9.98333E-05 9.98333E-05 9.98333E-05 9.98333E-05 9.98333E-05 0.0559742 9.98333E-05 9.98333E-05 9.98333E-05
0.884868 9.98419E-05 9.98419E-05 9.98419E-05 9.98419E-05 9.98419E-05 9.98419E-05 9.98419E-05 0.00109532 9.98419E-05 9.98419E-05 9.98419E-05 0.0968974 9.98419E-05 9.98419E-05 9.98419E-05 9.98419E-05 9.98419E-05 9.98419E-05 9.98419E-05 0.0153426 9.98419E-05
0.564045 9.98419E-05 9.98419E-05 9.98419E-05 9.98419E-05 9.98419E-05 9.98419E-05 9.98419E-05 9.98419E-05 9.98419E-05 9.98419E-05 9.98419E-05 9.98419E-05 9.98419E-05 9.98419E-05 9.98419E-05 9.98419E-05 0.139822 0.184941 9.98419E-05 9.98419E-05 0.109395
0.792867 9.98332E-05 9.98332E-05 9.98332E-05 9.98332E-05 9.98332E-05 9.98332E-05 9.98332E-05 9.98332E-05 9.98332E-05 9.98332E-05 9.98332E-05 9.98332E-05 9.98332E-05 9.98332E-05 9.98332E-05 9.98332E-05 9.98332E-05 0.143358 9.98332E-05 9.98332E-05 0.0618774
0.879277 0.0700713 9.9842E-05 9.9842E-05 9.9842E-05 9.9842E-05 9.9842E-05 9.9842E-05 9.9842E-05 9.9842E-05 9.9842E-05 9.9842E-05 9.9842E-05 9.9842E-05 9.9842E-05 9.9842E-05 9.9842E-05 9.9842E-05 0.0383802 9.9842E-05 0.0104741 9.9842E-05
0.739307 0.0191674 0.0874451 9.98509E-05 9.98509E-05 9.98509E-05 9.98509E-05 9.98509E-05 9.98509E-05 9.98509E-05 9.98509E-05 9.98509E-05 9.98509E-05 9.98509E-05 9.98509E-05 0.110893 9.98509E-05 9.98509E-05 9.98509E-05 9.98509E-05 9.98509E-05 0.04149
0.709332 9.98421E-05 9.98421E-05 9.98421E-05 9.98421E-05 9.98421E-05 9.98421E-05 9.98421E-05 9.98421E-05 9.98421E-05 0.16851 9.98421E-05 9.98421E-05 9.98421E-05 9.98421E-05 9.98421E-05 9.98421E-05 9.98421E-05 0.0924331 9.98421E-05 9.98421E-05 0.0279271
9.98155E-05 9.98155E-05 9.98155E-05 9.98155E-05 9.98155E-05 9.98155E-05 9.98155E-05 9.98155E-05 9.98155E-05 9.98155E-05 9.98155E-05 9.98155E-05 9.98155E-05 9.98155E-05 9.98155E-05 9.98155E-05 9.98155E-05 9.98155E-05 9.98155E-05 9.98155E-05 9.98155E-05 0.997904
9.98154E-05 9.98154E-05 9.98154E-05 9.98154E-05 9.98154E-05 9.98154E-05 9.98154E-05 9.98154E-05 9.98154E-05 9.98154E-05 9.98154E-05 9.98154E-05 9.98154E-05 9.98154E-05 9.98154E-05 9.98154E-05 9.98154E-05 9.98154E-05 0.997904 9.98154E-05 9.98154E-05 9.98154E-05
9.98153E-05 9.98153E-05 9.98153E-05 9.98153E-05 9.98153E-05 9.98153E-05 9.98153E-05 9.98153E-05 9.98153E-05 9.98153E-05 9.98153E-05 9.98153E-05 9.98153E-05 9.98153E-05 9.98153E-05 9.98153E-05 9.98153E-05 9.98153E-05 9.98153E-05 9.98153E-05 9.98153E-05 0.997904
9.98154E-05 9.98154E-05 9.98154E-05 9.98154E-05 9.98154E-05 9.98154E-05 9.98154E-05 9.98154E-05 9.98154E-05 9.98154E-05 9.98154E-05 9.98154E-05 9.98154E-05 9.98154E-05 9.98154E-05 9.98154E-05 9.98154E-05 9.98154E-05 0.997904 9.98154E-05 9.98154E-05 9.98154E-05
9.98153E-05 9.98153E-05 9.98153E-05 9.98153E-05 9.98153E-05 9.98153E-05 9.98153E-05 9.98153E-05 9.98153E-05 9.98153E-05 9.98153E-05 9.98153E-05 9.98153E-05 9.98153E-05 9.98153E-05 9.98153E-05 9.98153E-05 9.98153E-05 0.997904 9.98153E-05 9.98153E-05 9.98153E-05
9.98155E-05 9.98155E-05 9.98155E-05 9.98155E-05 9.98155E-05 9.98155E-05 9.98155E-05 9.98155E-05 9.98155E-05 9.98155E-05 9.98155E-05 9.98155E-05 9.98155E-05 9.98155E-05 9.98155E-05 9.98155E-05 9.98155E-05 9.98155E-05 0.997904 9.98155E-05 9.98155E-05 9.98155E-05
9.98155E-05 9.98155E-05 9.98155E-05 9.98155E-05 9.98155E-05 9.98155E-05 9.98155E-05 9.98155E-05 9.98155E-05 9.98155E-05 9.98155E-05 9.98155E-05 9.98155E-05 9.98155E-05 9.98155E-05 9.98155E-05 9.98155E-05 9.98155E-05 9.98155E-05 9.98155E-05 9.98155E-05 0.997904
9.98154E-05 9.98154E-05 9.98154E-05 9.98154E-05 9.98154E-05 9.98154E-05 9.98154E-05 9.98154E-05 9.98154E-05 9.98154E-05 9.98154E-05 9.98154E-05 9.98154E-05 9.98154E-05 9.98154E-05 9.98154E-05 9.98154E-05 9.98154E-05 0.997904 9.98154E-05 9.98154E-05 9.98154E-05
9.98155E-05 9.98155E-05 9.98155E-05 9.98155E-05 9.98155E-05 9.98155E-05 9.98155E-05 9.98155E-05 9.98155E-05 9.98155E-05 9.98155E-05 9.98155E-05 9.98155E-05 9.98155E-05 9.98155E-05 9.98155E-05 9.98155E-05 9.98155E-05 0.997904 9.98155E-05 9.98155E-05 9.98155E-05
9.98154E-05 9.98154E-05 9.98154E-05 9.98154E-05 9.98154E-05 9.98154E-05 9.98154E-05 9.98154E-05 9.98154E-05 9.98154E-05 9.98154E-05 9.98154E-05 9.98154E-05 9.98154E-05 9.98154E-05 9.98154E-05 9.98154E-05 9.98154E-05 9.98154E-05 9.98154E-05 9.98154E-05 0.997904
9.98153E-05 9.98153E-05 9.98153E-05 9.98153E-05 9.98153E-05 9.98153E-05 9.98153E-05 9.98153E-05 9.98153E-05 9.98153E-05 9.98153E-05 9.98153E-05 9.98153E-05 9.98153E-05 9.98153E-05 9.98153E-05 9.98153E-05 9.98153E-05 9.98153E-05 9.98153E-05 9.98153E-05 0.997904
