0.48622 0.177295 0.00558671 0.0111037 9.99824E-05 0.175069 9.99824E-05 0.00372293 0.140802
0.740094 0.176961 9.99649E-05 9.99649E-05 0.0220483 0.0461367 9.99649E-05 9.99649E-05 0.01436
0.912794 9.99385E-05 9.99385E-05 9.99385E-05 9.99385E-05 9.99385E-05 9.99385E-05 9.99385E-05 0.0865064
0.288278 9.99824E-05 9.99824E-05 0.259218 0.15322 0.129722 0.0440214 0.0375147 0.0878257
0.805546 0.00551061 0.0275706 0.140825 9.99737E-05 9.99737E-05 9.99737E-05 0.01076 0.00948793
0.325148 0.0686116 0.0049531 0.290519 0.0366405 9.99825E-05 0.0260218 0.247905 9.99825E-05
0.323968 0.173203 9.99737E-05 0.416888 0.0250856 0.059509 9.99737E-05 9.99737E-05 0.00104596
0.310266 9.99652E-05 0.0274046 0.409074 9.99652E-05 0.0453902 9.99652E-05 0.207466 9.99652E-05
0.322358 9.99649E-05 9.99649E-05 0.0446581 0.0738593 9.99649E-05 9.99649E-05 0.246949 0.311776
0.914152 9.99385E-05 9.99385E-05 9.99385E-05 9.99385E-05 9.99385E-05 9.99385E-05 9.99385E-05 0.0851484
0.584553 9.99649E-05 9.99649E-05 9.99649E-05 0.044882 0.123209 9.99649E-05 0.0222487 0.224707
0.879368 9.99561E-05 9.99561E-05 0.0775938 9.99561E-05 0.0226515 9.99561E-05 9.99561E-05 0.0198871
0.861778 9.99561E-05 9.99561E-05 0.00470097 9.99561E-05 9.99561E-05 9.99561E-05 0.0379854 0.095036
0.670331 9.99561E-05 9.99561E-05 9.99561E-05 9.99561E-05 0.0951103 0.119509 9.99561E-05 0.114549
0.382388 0.0491124 9.99737E-05 9.99737E-05 0.0760418 9.99737E-05 0.0828425 0.153125 0.25619
0.25133 9.99736E-05 0.0181552 0.353378 9.99736E-05 0.0286682 9.99736E-05 0.20881 0.139358
0.599434 0.0946306 0.0130789 0.112631 0.0315524 0.0981041 9.99912E-05 0.00342616 0.0470428
0.322917 9.99649E-05 0.205137 9.99649E-05 0.126768 9.99649E-05 9.99649E-05 0.0937459 0.251032
0.39865 9.99736E-05 0.058338 9.99736E-05 0.139964 0.0112198 9.99736E-05 0.233292 0.158237
0.973915 9.99385E-05 9.99385E-05 9.99385E-05 0.0253857 9.99385E-05 9.99385E-05 9.99385E-05 9.99385E-05
0.500867 9.99649E-05 9.99649E-05 0.173522 9.99649E-05 0.11544 9.99649E-05 0.120746 0.0890252
0.348069 0.033715 0.010927 0.340114 9.99825E-05 0.0338088 9.99825E-05 0.199946 0.0332197
0.71947 0.0488273 0.0204562 9.99912E-05 0.00734841 0.0326743 0.00300306 0.0320268 0.136094
0.436143 9.99473E-05 9.99473E-05 0.208742 9.99473E-05 9.99473E-05 9.99473E-05 9.99473E-05 0.354515
0.28296 9.99736E-05 9.99736E-05 0.0113976 0.165784 9.99736E-05 0.063777 0.161147 0.314634
0.639445 9.99649E-05 9.99649E-05 0.0811627 9.99649E-05 9.99649E-05 0.0798765 0.0210544 0.178061
0.127707 0.0256087 0.115889 0.262401 9.99912E-05 0.00387171 0.142022 0.0422714 0.280129
0.809783 9.99473E-05 9.99473E-05 0.0920709 9.99473E-05 9.99473E-05 9.99473E-05 9.99473E-05 0.0975468
0.710973 9.99649E-05 9.99649E-05 9.99649E-05 0.0492772 0.000628536 9.99649E-05 0.0235894 0.215132
0.784804 9.99561E-05 9.99561E-05 9.99561E-05 9.99561E-05 9.99561E-05 0.0718771 0.0686022 0.0742169
0.687 9.99736E-05 0.0337183 9.99736E-05 0.0129344 0.140112 9.99736E-05 0.0467868 0.0791482
0.492821 9.99649E-05 9.99649E-05 0.126078 9.99649E-05 0.0777607 0.0893279 9.99649E-05 0.213612
0.566272 9.99649E-05 9.99649E-05 9.99649E-05 0.00884386 0.121272 9.99649E-05 0.0147163 0.288495
0.535965 9.99736E-05 0.0530403 0.0623282 9.99736E-05 0.0246248 0.121338 9.99736E-05 0.202404
0.8188 0.03934 9.99649E-05 9.99649E-05 0.0562861 0.0396942 9.99649E-05 9.99649E-05 0.0454796
0.769072 0.0313034 9.99824E-05 0.0302076 0.0443569 0.0352737 9.99824E-05 0.0430756 0.0465111
0.798172 0.0434786 9.99561E-05 0.12549 9.99561E-05 0.0323598 9.99561E-05 9.99561E-05 9.99561E-05
0.675964 9.99561E-05 9.99561E-05 9.99561E-05 0.138133 9.99561E-05 9.99561E-05 0.163171 0.0222322
0.511637 0.0654242 9.99824E-05 0.101555 9.99824E-05 0.0435341 0.0999723 0.0227387 0.154938
0.5017 9.99649E-05 9.99649E-05 0.191403 9.99649E-05 0.012168 0.127235 9.99649E-05 0.167095
0.797012 9.99561E-05 9.99561E-05 0.110105 9.99561E-05 9.99561E-05 9.99561E-05 0.0107202 0.0816626
0.650984 0.0417529 0.00987467 9.99649E-05 9.99649E-05 9.99649E-05 9.99649E-05 0.0595748 0.237414
0.916233 0.0588295 9.99561E-05 0.00826966 9.99561E-05 0.0161677 9.99561E-05 9.99561E-05 9.99561E-05
0.472277 0.00792108 9.99649E-05 9.99649E-05 9.99649E-05 0.0663997 9.99649E-05 0.157612 0.295391
0.318719 9.99561E-05 9.99561E-05 0.311554 9.99561E-05 0.0065951 9.99561E-05 9.99561E-05 0.362633
0.807244 9.99736E-05 9.99736E-05 0.0738335 0.0771712 0.00555325 9.99736E-05 0.0270697 0.00882851
0.832294 9.99649E-05 0.0236279 9.99649E-05 9.99649E-05 0.0179583 9.99649E-05 0.0666813 0.0590383
0.947102 9.99473E-05 9.99473E-05 0.0109856 9.99473E-05 9.99473E-05 9.99473E-05 9.99473E-05 0.0413125
0.707283 9.99561E-05 9.99561E-05 0.0279625 9.99561E-05 0.0635556 9.99561E-05 9.99561E-05 0.200699
0.742399 9.99737E-05 0.126495 0.0225829 0.0031881 0.0265499 9.99737E-05 0.0784851 9.99737E-05
0.323244 9.99736E-05 9.99736E-05 0.0984282 9.99736E-05 0.144231 0.0634978 0.0719997 0.2983
0.674814 9.99649E-05 9.99649E-05 0.249951 0.0684863 9.99649E-05 9.99649E-05 0.00278557 0.003563
0.825763 9.99561E-05 0.0364042 9.99561E-05 9.99561E-05 9.99561E-05 9.99561E-05 0.0300416 0.107292
0.61084 9.99737E-05 0.0728906 0.190184 0.058809 9.99737E-05 9.99737E-05 0.0445152 0.0224605
0.73355 9.99649E-05 9.99649E-05 0.134262 0.0169432 9.99649E-05 9.99649E-05 0.0167898 0.0980553
0.755887 9.99649E-05 9.99649E-05 0.0105586 0.0786877 0.0327688 0.121698 9.99649E-05 9.99649E-05
0.836328 9.99561E-05 0.0673454 0.0676214 9.99561E-05 0.0282055 9.99561E-05 9.99561E-05 9.99561E-05
0.827126 9.99561E-05 0.0242517 9.99561E-05 9.99561E-05 0.103655 9.99561E-05 9.99561E-05 0.0444672
0.873672 9.99561E-05 9.99561E-05 9.99561E-05 9.99561E-05 0.0508787 9.99561E-05 0.0318633 0.0430859
0.0947622 0.324684 0.107356 9.99737E-05 9.99737E-05 0.0761534 9.99737E-05 0.0621853 0.334559
0.344111 0.327122 9.99562E-05 0.188241 9.99562E-05 9.99562E-05 9.99562E-05 9.99562E-05 0.140026
0.308886 0.2585 0.292106 9.99649E-05 9.99649E-05 0.0169924 9.99649E-05 9.99649E-05 0.123115
9.99649E-05 0.427248 0.0713777 9.99649E-05 9.99649E-05 9.99649E-05 0.13695 0.178257 0.185768
0.125377 0.177716 0.115399 0.179979 0.0353081 0.013179 9.99912E-05 0.115979 0.236963
9.99649E-05 0.289108 0.0865889 9.99649E-05 9.99649E-05 0.0697046 9.99649E-05 0.0921414 0.462058
0.0740101 0.432276 0.0526252 0.0183019 0.0006661 0.112658 9.99912E-05 0.031551 0.277811
9.99736E-05 0.323843 0.18558 0.0190764 9.99736E-05 0.048086 9.99736E-05 0.138503 0.284612
0.173891 0.472231 0.159556 9.99737E-05 9.99737E-05 0.00853774 0.0206333 9.99737E-05 0.164851
0.319704 0.272796 0.00143026 0.0521234 9.99824E-05 0.15389 9.99824E-05 0.041183 0.158674
9.99649E-05 0.148742 0.0595954 9.99649E-05 9.99649E-05 0.234297 9.99649E-05 0.119558 0.437409
9.99649E-05 0.321985 0.00664234 0.2763 9.99649E-05 0.171795 9.99649E-05 9.99649E-05 0.222878
0.0167475 0.250754 9.99824E-05 0.285254 0.0188454 0.163609 9.99824E-05 0.168913 0.0956775
9.99649E-05 0.318817 9.99649E-05 0.261103 9.99649E-05 0.00702806 9.99649E-05 0.0411121 0.37154
0.269156 0.380132 0.0122564 0.089036 9.99825E-05 0.0884172 0.0473918 9.99825E-05 0.11341
0.244555 0.346191 0.0148773 0.017102 9.99912E-05 0.0833536 0.0136353 0.0907743 0.189412
9.99561E-05 0.294256 0.152806 0.291028 9.99561E-05 9.99561E-05 9.99561E-05 9.99561E-05 0.26141
0.15396 0.138132 0.0494065 0.103819 9.99824E-05 0.282118 9.99824E-05 0.14633 0.126036
0.23677 0.207525 0.148565 9.99737E-05 9.99737E-05 0.138787 9.99737E-05 0.030423 0.23763
9.99649E-05 0.256332 0.0872726 0.193903 0.0459014 9.99649E-05 9.99649E-05 9.99649E-05 0.416191
0.314143 0.458951 0.0144764 0.0481983 9.99737E-05 0.0375434 9.99737E-05 9.99737E-05 0.126388
0.0961034 0.329681 0.0721519 0.1842 9.99824E-05 0.00116846 9.99824E-05 0.0344531 0.282043
0.174664 0.24958 0.0303641 9.99825E-05 0.0189863 0.0104595 0.243102 9.99825E-05 0.272644
0.209026 0.112884 0.153911 0.241592 9.99912E-05 0.0264423 0.00135942 0.0954955 0.159189
0.258396 9.99649E-05 9.99649E-05 0.0529576 9.99649E-05 0.307256 9.99649E-05 0.0830821 0.297908
0.389584 0.352616 9.99737E-05 9.99737E-05 0.0305333 0.00362672 9.99737E-05 0.0585835 0.164757
0.332951 0.319884 0.185898 0.0585017 9.99737E-05 9.99737E-05 0.0196017 9.99737E-05 0.0828638
0.231348 0.415622 0.0336634 0.0931351 9.9965E-05 9.9965E-05 9.9965E-05 9.9965E-05 0.225832
0.317309 0.106376 0.240959 9.99649E-05 9.99649E-05 9.99649E-05 9.99649E-05 0.098242 0.236715
0.200013 0.227006 9.99737E-05 0.0744501 9.99737E-05 9.99737E-05 0.152413 0.0955681 0.25025
9.99473E-05 9.99473E-05 9.99473E-05 9.99473E-05 9.99473E-05 9.99473E-05 0.613207 0.157119 0.229074
9.99386E-05 9.99386E-05 9.99386E-05 9.99386E-05 9.99386E-05 9.99386E-05 0.957312 0.0419881 9.99386E-05
9.99736E-05 9.99736E-05 0.024347 0.013339 9.99736E-05 0.0666481 0.680749 0.010931 0.203686
9.99648E-05 9.99648E-05 0.0443659 9.99648E-05 9.99648E-05 0.0734541 0.487755 0.177017 0.217007
9.99736E-05 9.99736E-05 0.0570127 9.99736E-05 0.0747149 0.00992126 0.636155 0.203757 0.0181391
9.99473E-05 9.99473E-05 9.99473E-05 9.99473E-05 9.99473E-05 9.99473E-05 0.500857 0.274779 0.223764
9.99649E-05 9.99649E-05 0.0151811 9.99649E-05 9.99649E-05 0.055486 0.578139 0.155121 0.195673
9.99561E-05 9.99561E-05 9.99561E-05 9.99561E-05 9.99561E-05 0.0169188 0.52077 0.290944 0.170867
9.99648E-05 0.276146 9.99648E-05 9.99648E-05 9.99648E-05 0.0378705 0.159914 0.374533 0.151137
9.99473E-05 9.99473E-05 9.99473E-05 9.99473E-05 9.99473E-05 9.99473E-05 0.366589 0.269959 0.362853
9.99561E-05 0.22908 9.99561E-05 9.99561E-05 9.99561E-05 9.99561E-05 0.639428 0.0151957 0.115796
9.99561E-05 0.0562356 9.99561E-05 9.99561E-05 9.99561E-05 0.0536166 0.704055 9.99561E-05 0.185593
9.99385E-05 9.99385E-05 9.99385E-05 9.99385E-05 9.99385E-05 9.99385E-05 0.830759 0.168541 9.99385E-05
9.99473E-05 9.99473E-05 9.99473E-05 9.99473E-05 9.99473E-05 9.99473E-05 0.541686 0.189724 0.267991
9.99649E-05 9.99649E-05 0.0852995 9.99649E-05 0.0781326 0.0880817 0.636219 0.111867 9.99649E-05
9.99736E-05 0.0457042 9.99736E-05 9.99736E-05 0.00491145 0.0727295 0.537649 0.10328 0.235426
9.99736E-05 0.104476 0.0308714 9.99736E-05 0.0511124 9.99736E-05 0.617827 0.085029 0.110384
9.99561E-05 9.99561E-05 9.99561E-05 0.158552 9.99561E-05 0.0813747 0.596119 0.163454 9.99561E-05
9.99561E-05 0.00845373 9.99561E-05 9.99561E-05 9.99561E-05 0.0707448 0.859854 0.0604476 9.99561E-05
9.99649E-05 9.99649E-05 9.99649E-05 9.99649E-05 0.110982 0.00939558 0.578685 0.0843676 0.216169
9.99648E-05 0.0518626 9.99648E-05 0.102315 9.99648E-05 9.99648E-05 0.577292 0.0896567 0.178474
9.99736E-05 9.99736E-05 0.00120641 9.99736E-05 0.00168523 0.130932 0.641176 0.126559 0.0981418
9.99649E-05 0.0233506 9.99649E-05 9.99649E-05 0.101082 9.99649E-05 0.269758 0.318869 0.286541
9.99473E-05 9.99473E-05 9.99473E-05 9.99473E-05 9.99473E-05 9.99473E-05 0.731621 0.225154 0.0426251
9.99648E-05 0.00305804 9.99648E-05 9.99648E-05 0.097521 9.99648E-05 0.251191 0.373711 0.274119
9.99649E-05 0.199912 0.00240715 9.99649E-05 9.99649E-05 9.99649E-05 0.484858 0.124916 0.187508
0.0334505 9.99562E-05 9.99562E-05 9.99562E-05 0.0629197 9.99562E-05 0.833528 9.99562E-05 0.0696024
9.99648E-05 9.99648E-05 9.99648E-05 0.0430879 9.99648E-05 0.033085 0.544599 0.16043 0.218398
9.99473E-05 9.99473E-05 9.99473E-05 9.99473E-05 9.99473E-05 9.99473E-05 0.399817 0.354997 0.244587
9.99649E-05 9.99649E-05 9.99649E-05 9.99649E-05 0.0530719 0.0581156 0.68377 0.0229338 0.181709
9.99561E-05 9.99561E-05 9.99561E-05 9.99561E-05 9.99561E-05 0.0813474 0.514934 0.0870136 0.316205
9.9956E-05 9.9956E-05 9.9956E-05 9.9956E-05 0.0936486 0.0495175 0.783116 9.9956E-05 0.0732185
9.99648E-05 9.99648E-05 9.99648E-05 9.99648E-05 0.189537 0.0653868 0.20466 0.353571 0.186445
9.99649E-05 9.99649E-05 9.99649E-05 9.99649E-05 0.0482748 0.00484976 0.436243 0.202843 0.307389
9.99649E-05 9.99649E-05 9.99649E-05 0.0112597 0.0642364 9.99649E-05 0.771481 0.00548103 0.147142
9.99824E-05 0.0429226 0.000927617 0.0274554 0.0207609 0.0736088 0.737879 0.0962456 9.99824E-05
9.99648E-05 9.99648E-05 0.0284193 9.99648E-05 9.99648E-05 0.0473483 0.434867 0.169111 0.319855
9.99386E-05 9.99386E-05 9.99386E-05 9.99386E-05 9.99386E-05 9.99386E-05 0.916639 0.0826611 9.99386E-05
9.99561E-05 9.99561E-05 9.99561E-05 9.99561E-05 0.00559352 9.99561E-05 0.885387 0.023386 0.0851341
9.99386E-05 9.99386E-05 9.99386E-05 9.99386E-05 9.99386E-05 9.99386E-05 0.960096 0.0392041 9.99386E-05
9.99474E-05 0.0432789 9.99474E-05 9.99474E-05 9.99474E-05 9.99474E-05 0.955128 0.00099363 9.99474E-05
9.99824E-05 0.0522048 9.99824E-05 0.0288119 0.00379643 0.0857177 0.289831 0.0903375 0.449101
9.9956E-05 9.9956E-05 9.9956E-05 0.0849806 9.9956E-05 9.9956E-05 0.654676 0.234137 0.0257061
0.00169114 9.99561E-05 9.99561E-05 9.99561E-05 0.0438571 9.99561E-05 0.810367 0.143585 9.99561E-05
0.0548245 0.0265217 9.99561E-05 9.99561E-05 9.99561E-05 9.99561E-05 0.800108 9.99561E-05 0.118046
9.99736E-05 0.225575 9.99736E-05 9.99736E-05 0.235403 0.00410377 0.285537 0.244159 0.00492342
9.99649E-05 9.99649E-05 0.0412064 9.99649E-05 9.99649E-05 0.0604572 0.44996 0.1745 0.273477
9.99824E-05 0.117651 0.0841392 0.0689692 0.0223657 9.99824E-05 0.525269 0.1019 0.079505
9.99736E-05 9.99736E-05 0.029453 9.99736E-05 0.0396532 0.0260375 0.324402 0.329962 0.250192
9.99386E-05 9.99386E-05 9.99386E-05 9.99386E-05 9.99386E-05 9.99386E-05 0.990397 9.99386E-05 0.00890342
9.99736E-05 9.99736E-05 9.99736E-05 0.217086 0.0380101 0.048846 0.448908 0.019575 0.227275
9.99474E-05 0.0389919 9.99474E-05 9.99474E-05 9.99474E-05 9.99474E-05 0.847807 0.112601 9.99474E-05
9.99561E-05 9.99561E-05 9.99561E-05 9.99561E-05 9.99561E-05 0.0149033 0.68742 0.146824 0.150353
9.99648E-05 9.99648E-05 0.0163591 0.182674 9.99648E-05 9.99648E-05 0.664419 0.1154 0.0207474
9.99736E-05 9.99736E-05 0.0571489 9.99736E-05 0.0313462 0.105985 0.654808 0.0381845 0.112228
9.9956E-05 0.196459 9.9956E-05 9.9956E-05 9.9956E-05 9.9956E-05 0.240603 0.295004 0.267434
9.99561E-05 9.99561E-05 9.99561E-05 9.99561E-05 0.0336391 9.99561E-05 0.588038 0.20681 0.171013
9.99736E-05 9.99736E-05 9.99736E-05 0.0309601 0.0612857 0.0152238 0.637041 0.150594 0.104596
9.9956E-05 9.9956E-05 9.9956E-05 9.9956E-05 0.172189 9.9956E-05 0.652508 0.0576566 0.117147
9.99561E-05 0.0109052 9.99561E-05 9.99561E-05 9.99561E-05 9.99561E-05 0.713393 0.228681 0.0465208
9.993E-05 9.993E-05 9.993E-05 9.993E-05 9.993E-05 9.993E-05 9.993E-05 9.993E-05 0.999201
9.993E-05 9.993E-05 9.993E-05 9.993E-05 9.993E-05 9.993E-05 9.993E-05 0.999201 9.993E-05
9.993E-05 9.993E-05 9.993E-05 9.993E-05 9.993E-05 9.993E-05 9.993E-05 9.993E-05 0.999201
9.993E-05 9.993E-05 9.993E-05 9.993E-05 9.993E-05 9.993E-05 9.993E-05 0.999201 9.993E-05
9.993E-05 9.993E-05 9.993E-05 9.993E-05 9.993E-05 9.993E-05 9.993E-05 0.999201 9.993E-05
9.993E-05 9.993E-05 9.993E-05 9.993E-05 9.993E-05 9.993E-05 9.993E-05 0.999201 9.993E-05
9.993E-05 9.993E-05 9.993E-05 9.993E-05 9.993E-05 9.993E-05 9.993E-05 9.993E-05 0.999201
9.993E-05 9.993E-05 9.993E-05 9.993E-05 9.993E-05 9.993E-05 9.993E-05 0.999201 9.993E-05
9.993E-05 9.993E-05 9.993E-05 9.993E-05 9.993E-05 9.993E-05 9.993E-05 0.999201 9.993E-05
9.993E-05 9.993E-05 9.993E-05 9.993E-05 9.993E-05 9.993E-05 9.993E-05 9.993E-05 0.999201
9.993E-05 9.993E-05 9.993E-05 9.993E-05 9.993E-05 9.993E-05 9.993E-05 9.993E-05 0.999201
9.993E-05 9.993E-05 9.993E-05 9.993E-05 9.993E-05 9.993E-05 9.993E-05 9.993E-05 0.999201
9.993E-05 9.993E-05 9.993E-05 9.993E-05 9.993E-05 9.993E-05 9.993E-05 0.999201 9.993E-05
9.993E-05 9.993E-05 9.993E-05 9.993E-05 9.993E-05 9.993E-05 9.993E-05 0.999201 9.993E-05
9.993E-05 9.993E-05 9.993E-05 9.993E-05 9.993E-05 9.993E-05 9.993E-05 9.993E-05 0.999201
9.993E-05 9.993E-05 9.993E-05 9.993E-05 9.993E-05 9.993E-05 9.993E-05 9.993E-05 0.999201
9.99824E-05 0.0171247 0.0401282 0.17013 0.103386 9.99824E-05 0.360416 0.129828 0.178787
9.993E-05 9.993E-05 9.993E-05 9.993E-05 9.993E-05 9.993E-05 9.993E-05 9.993E-05 0.999201
9.993E-05 9.993E-05 9.993E-05 9.993E-05 9.993E-05 9.993E-05 9.993E-05 0.999201 9.993E-05
9.993E-05 9.993E-05 9.993E-05 9.993E-05 9.993E-05 9.993E-05 9.993E-05 9.993E-05 0.999201
9.993E-05 9.993E-05 9.993E-05 9.993E-05 9.993E-05 9.993E-05 9.993E-05 9.993E-05 0.999201
9.993E-05 9.993E-05 9.993E-05 9.993E-05 9.993E-05 9.993E-05 9.993E-05 9.993E-05 0.999201
9.993E-05 9.993E-05 9.993E-05 9.993E-05 9.993E-05 9.993E-05 9.993E-05 0.999201 9.993E-05
9.993E-05 9.993E-05 9.993E-05 9.993E-05 9.993E-05 9.993E-05 9.993E-05 9.993E-05 0.999201
9.993E-05 9.993E-05 9.993E-05 9.993E-05 9.993E-05 9.993E-05 9.993E-05 0.999201 9.993E-05
9.993E-05 9.993E-05 9.993E-05 9.993E-05 9.993E-05 9.993E-05 9.993E-05 9.993E-05 0.999201
9.993E-05 9.993E-05 9.993E-05 9.993E-05 9.993E-05 9.993E-05 9.993E-05 9.993E-05 0.999201
9.993E-05 9.993E-05 9.993E-05 9.993E-05 9.993E-05 9.993E-05 9.993E-05 0.999201 9.993E-05
9.993E-05 9.993E-05 9.993E-05 9.993E-05 9.993E-05 9.993E-05 9.993E-05 0.999201 9.993E-05
9.993E-05 9.993E-05 9.993E-05 9.993E-05 9.993E-05 9.993E-05 9.993E-05 0.999201 9.993E-05
9.993E-05 9.993E-05 9.993E-05 9.993E-05 9.993E-05 9.993E-05 9.993E-05 9.993E-05 0.999201
9.993E-05 9.993E-05 9.993E-05 9.993E-05 9.993E-05 9.993E-05 9.993E-05 9.993E-05 0.999201
9.993E-05 9.993E-05 9.993E-05 9.993E-05 9.993E-05 9.993E-05 9.993E-05 9.993E-05 0.999201
9.993E-05 9.993E-05 9.993E-05 9.993E-05 9.993E-05 9.993E-05 9.993E-05 9.993E-05 0.999201
9.993E-05 9.993E-05 9.993E-05 9.993E-05 9.993E-05 9.993E-05 9.993E-05 9.993E-05 0.999201
9.993E-05 9.993E-05 9.993E-05 9.993E-05 9.993E-05 9.993E-05 9.993E-05 0.999201 9.993E-05
9.993E-05 9.993E-05 9.993E-05 9.993E-05 9.993E-05 9.993E-05 9.993E-05 0.999201 9.993E-05
9.993E-05 9.993E-05 9.993E-05 9.993E-05 9.993E-05 9.993E-05 9.993E-05 0.999201 9.993E-05
9.993E-05 9.993E-05 9.993E-05 9.993E-05 9.993E-05 9.993E-05 9.993E-05 9.993E-05 0.999201
9.993E-05 9.993E-05 9.993E-05 9.993E-05 9.993E-05 9.993E-05 9.993E-05 0.999201 9.993E-05
9.993E-05 9.993E-05 9.993E-05 9.993E-05 9.993E-05 9.993E-05 9.993E-05 0.999201 9.993E-05
9.993E-05 9.993E-05 9.993E-05 9.993E-05 9.993E-05 9.993E-05 9.993E-05 0.999201 9.993E-05
9.993E-05 9.993E-05 9.993E-05 9.993E-05 9.993E-05 9.993E-05 9.993E-05 0.999201 9.993E-05
9.993E-05 9.993E-05 9.993E-05 9.993E-05 9.993E-05 9.993E-05 9.993E-05 9.993E-05 0.999201
9.993E-05 9.993E-05 9.993E-05 9.993E-05 9.993E-05 9.993E-05 9.993E-05 0.999201 9.993E-05
9.993E-05 9.993E-05 9.993E-05 9.993E-05 9.993E-05 9.993E-05 9.993E-05 0.999201 9.993E-05
9.99736E-05 0.0408456 9.99736E-05 0.225828 0.155554 9.99736E-05 0.316819 0.18066 0.0799943
9.993E-05 9.993E-05 9.993E-05 9.993E-05 9.993E-05 9.993E-05 9.993E-05 9.993E-05 0.999201
9.993E-05 9.993E-05 9.993E-05 9.993E-05 9.993E-05 9.993E-05 9.993E-05 0.999201 9.993E-05
9.993E-05 9.993E-05 9.993E-05 9.993E-05 9.993E-05 9.993E-05 9.993E-05 0.999201 9.993E-05
9.993E-05 9.993E-05 9.993E-05 9.993E-05 9.993E-05 9.993E-05 9.993E-05 0.999201 9.993E-05
9.993E-05 9.993E-05 9.993E-05 9.993E-05 9.993E-05 9.993E-05 9.993E-05 0.999201 9.993E-05
9.993E-05 9.993E-05 9.993E-05 9.993E-05 9.993E-05 9.993E-05 9.993E-05 9.993E-05 0.999201
9.993E-05 9.993E-05 9.993E-05 9.993E-05 9.993E-05 9.993E-05 9.993E-05 0.999201 9.993E-05
9.993E-05 9.993E-05 9.993E-05 9.993E-05 9.993E-05 9.993E-05 9.993E-05 9.993E-05 0.999201
9.993E-05 9.993E-05 9.993E-05 9.993E-05 9.993E-05 9.993E-05 9.993E-05 0.999201 9.993E-05
9.993E-05 9.993E-05 9.993E-05 9.993E-05 9.993E-05 9.993E-05 9.993E-05 9.993E-05 0.999201
9.993E-05 9.993E-05 9.993E-05 9.993E-05 9.993E-05 9.993E-05 9.993E-05 0.999201 9.993E-05
9.993E-05 9.993E-05 9.993E-05 9.993E-05 9.993E-05 9.993E-05 9.993E-05 0.999201 9.993E-05
9.993E-05 9.993E-05 9.993E-05 9.993E-05 9.993E-05 9.993E-05 9.993E-05 0.999201 9.993E-05
9.993E-05 9.993E-05 9.993E-05 9.993E-05 9.993E-05 9.993E-05 9.993E-05 0.999201 9.993E-05
9.993E-05 9.993E-05 9.993E-05 9.993E-05 9.993E-05 9.993E-05 9.993E-05 0.999201 9.993E-05
9.993E-05 9.993E-05 9.993E-05 9.993E-05 9.993E-05 9.993E-05 9.993E-05 0.999201 9.993E-05
9.993E-05 9.993E-05 9.993E-05 9.993E-05 9.993E-05 9.993E-05 9.993E-05 9.993E-05 0.999201
9.993E-05 9.993E-05 9.993E-05 9.993E-05 9.993E-05 9.993E-05 9.993E-05 9.993E-05 0.999201
9.993E-05 9.993E-05 9.993E-05 9.993E-05 9.993E-05 9.993E-05 9.993E-05 9.993E-05 0.999201
9.993E-05 9.993E-05 9.993E-05 9.993E-05 9.993E-05 9.993E-05 9.993E-05 0.999201 9.993E-05
9.993E-05 9.993E-05 9.993E-05 9.993E-05 9.993E-05 9.993E-05 9.993E-05 9.993E-05 0.999201
9.993E-05 9.993E-05 9.993E-05 9.993E-05 9.993E-05 9.993E-05 9.993E-05 9.993E-05 0.999201
9.993E-05 9.993E-05 9.993E-05 9.993E-05 9.993E-05 9.993E-05 9.993E-05 9.993E-05 0.999201
9.993E-05 9.993E-05 9.993E-05 9.993E-05 9.993E-05 9.993E-05 9.993E-05 0.999201 9.993E-05
9.993E-05 9.993E-05 9.993E-05 9.993E-05 9.993E-05 9.993E-05 9.993E-05 0.999201 9.993E-05
9.993E-05 9.993E-05 9.993E-05 9.993E-05 9.993E-05 9.993E-05 9.993E-05 0.999201 9.993E-05
9.993E-05 9.993E-05 9.993E-05 9.993E-05 9.993E-05 9.993E-05 9.993E-05 9.993E-05 0.999201
9.993E-05 9.993E-05 9.993E-05 9.993E-05 9.993E-05 9.993E-05 9.993E-05 0.999201 9.993E-05
9.993E-05 9.993E-05 9.993E-05 9.993E-05 9.993E-05 9.993E-05 9.993E-05 0.999201 9.993E-05
9.993E-05 9.993E-05 9.993E-05 9.993E-05 9.993E-05 9.993E-05 9.993E-05 9.993E-05 0.999201
9.993E-05 9.993E-05 9.993E-05 9.993E-05 9.993E-05 9.993E-05 9.993E-05 0.999201 9.993E-05
9.993E-05 9.993E-05 9.993E-05 9.993E-05 9.993E-05 9.993E-05 9.993E-05 0.999201 9.993E-05
9.99736E-05 9.99736E-05 0.0940432 9.99736E-05 0.0272018 0.162716 0.243875 0.131966 0.339898
9.993E-05 9.993E-05 9.993E-05 9.993E-05 9.993E-05 9.993E-05 9.993E-05 9.993E-05 0.999201
9.993E-05 9.993E-05 9.993E-05 9.993E-05 9.993E-05 9.993E-05 9.993E-05 0.999201 9.993E-05
9.99649E-05 9.99649E-05 0.0380794 9.99649E-05 9.99649E-05 0.0442098 0.383798 0.467715 0.0657982
9.99649E-05 9.99649E-05 9.99649E-05 0.101501 0.0537491 9.99649E-05 0.409562 0.274921 0.159866
9.99472E-05 9.99472E-05 9.99472E-05 9.99472E-05 9.99472E-05 9.99472E-05 0.413546 0.207029 0.378825
9.99472E-05 9.99472E-05 0.183906 9.99472E-05 9.99472E-05 9.99472E-05 0.586663 9.99472E-05 0.228831
9.99648E-05 0.00236866 9.99648E-05 9.99648E-05 0.00217311 9.99648E-05 0.3383 0.321642 0.335117
9.99474E-05 0.0127482 9.99474E-05 9.99474E-05 9.99474E-05 9.99474E-05 0.835454 0.151199 9.99474E-05
9.996E-05 9.996E-05 9.996E-05 9.996E-05 0.0574702 0.0557416 0.246702 0.331391 0.308296
9.99736E-05 9.99736E-05 0.0276219 9.99736E-05 0.0277198 0.0939555 0.515255 0.181752 0.153396
9.99473E-05 9.99473E-05 9.99473E-05 9.99473E-05 9.99473E-05 9.99473E-05 0.760211 0.190473 0.0487167
9.99561E-05 9.99561E-05 9.99561E-05 0.0363405 9.99561E-05 9.99561E-05 0.654367 0.0496943 0.259098
9.99561E-05 9.99561E-05 9.99561E-05 9.99561E-05 9.99561E-05 0.0950529 0.584189 0.0864559 0.233803
9.99473E-05 9.99473E-05 9.99473E-05 9.99473E-05 9.99473E-05 9.99473E-05 0.269167 0.61118 0.119052
9.99736E-05 0.0516652 0.0829074 0.0517782 9.99736E-05 9.99736E-05 0.176583 0.252069 0.384697
9.99648E-05 9.99648E-05 0.21272 9.99648E-05 0.0118217 9.99648E-05 0.674479 0.0642856 0.0362941
9.9956E-05 9.9956E-05 9.9956E-05 9.9956E-05 9.9956E-05 0.0715673 0.513152 0.191556 0.223226
9.99736E-05 0.0920991 9.99736E-05 0.00516597 9.99736E-05 0.0611532 0.296651 0.337507 0.207124
9.99473E-05 9.99473E-05 9.99473E-05 9.99473E-05 9.99473E-05 9.99473E-05 0.6397 0.17646 0.18324
9.99912E-05 0.00646908 0.0388267 0.00639356 0.0212399 0.0930203 0.303626 0.0840173 0.446307
9.99648E-05 0.214184 9.99648E-05 9.99648E-05 0.122462 0.0511297 0.443205 0.168619 9.99648E-05
9.9956E-05 9.9956E-05 0.0683786 9.9956E-05 9.9956E-05 9.9956E-05 0.480223 0.191249 0.25965
9.99736E-05 0.0221427 0.0683202 9.99736E-05 0.0735826 9.99736E-05 0.595866 0.14608 0.0937082
9.99561E-05 9.99561E-05 9.99561E-05 0.0893185 9.99561E-05 0.0202733 0.643731 0.246178 9.99561E-05
9.99736E-05 9.99736E-05 0.0758576 0.088265 0.00380328 9.99736E-05 0.356045 0.228839 0.246891
9.99648E-05 9.99648E-05 0.0314358 9.99648E-05 0.121326 9.99648E-05 0.556039 0.148419 0.14238
9.9956E-05 9.9956E-05 0.151963 9.9956E-05 9.9956E-05 9.9956E-05 0.671637 0.0949243 0.0809758
9.99474E-05 0.0481627 9.99474E-05 9.99474E-05 9.99474E-05 9.99474E-05 0.945889 0.00534874 9.99474E-05
9.99736E-05 0.0441478 9.99736E-05 0.0956449 0.0227159 9.99736E-05 0.587615 0.0978122 0.151765
9.99561E-05 9.99561E-05 0.0554379 9.99561E-05 9.99561E-05 9.99561E-05 0.356417 0.272803 0.314842
9.99648E-05 9.99648E-05 0.0752684 0.0434677 0.0598404 9.99648E-05 0.698494 9.99648E-05 0.12253
9.99561E-05 9.99561E-05 0.130124 9.99561E-05 0.127689 9.99561E-05 0.487559 0.254127 9.99561E-05
9.99648E-05 9.99648E-05 9.99648E-05 9.99648E-05 0.0754661 0.0609571 0.275682 0.33998 0.247515
9.99561E-05 9.99561E-05 9.99561E-05 9.99561E-05 9.99561E-05 0.00688508 0.551437 0.303984 0.137194
9.99736E-05 0.183623 9.99736E-05 9.99736E-05 0.0729603 0.00959536 0.351131 0.196591 0.185799
9.99648E-05 9.99648E-05 0.0378836 9.99648E-05 9.99648E-05 0.053972 0.405995 0.254807 0.246942
9.99736E-05 9.99736E-05 0.108948 0.0582773 9.99736E-05 0.151668 0.406435 0.124194 0.150179
9.99561E-05 9.99561E-05 9.99561E-05 9.99561E-05 0.00139072 9.99561E-05 0.590661 0.10404 0.303409
9.993E-05 9.993E-05 9.993E-05 9.993E-05 9.993E-05 9.993E-05 0.999201 9.993E-05 9.993E-05
9.99824E-05 0.0656416 0.125718 0.0169587 9.99824E-05 0.0870958 0.384613 0.0526751 0.267098
9.99736E-05 9.99736E-05 0.112003 9.99736E-05 0.124477 0.0550568 0.583352 0.0127054 0.112106
9.99736E-05 0.0249453 9.99736E-05 0.200876 0.00952122 9.99736E-05 0.424704 0.254924 0.0847299
9.99648E-05 9.99648E-05 0.0135761 9.99648E-05 0.00120056 9.99648E-05 0.520357 0.133291 0.331175
9.99736E-05 0.0180517 9.99736E-05 0.0846026 0.0516438 9.99736E-05 0.612613 0.0962568 0.136532
9.99648E-05 9.99648E-05 9.99648E-05 0.140622 0.0488014 9.99648E-05 0.372493 0.218543 0.219141
9.99736E-05 0.0266336 0.0177974 0.0203341 9.99736E-05 9.99736E-05 0.350826 0.549435 0.0346744
9.99648E-05 0.0317546 9.99648E-05 9.99648E-05 9.99648E-05 0.00416057 0.18899 0.405043 0.369653
9.99648E-05 9.99648E-05 0.050657 9.99648E-05 9.99648E-05 0.0635238 0.573943 0.147751 0.163726
9.99385E-05 9.99385E-05 9.99385E-05 9.99385E-05 9.99385E-05 9.99385E-05 0.993571 0.00572893 9.99385E-05
9.99648E-05 9.99648E-05 9.99648E-05 9.99648E-05 0.02382 0.0301864 0.649986 0.224165 0.0714426
9.99561E-05 9.99561E-05 9.99561E-05 0.0318535 9.99561E-05 9.99561E-05 0.919755 0.0454221 0.00246977
9.99736E-05 0.154125 9.99736E-05 0.0909103 0.0370343 9.99736E-05 0.235967 0.212598 0.269065
9.99386E-05 0.1399 9.99386E-05 9.99386E-05 9.99386E-05 9.99386E-05 0.859401 9.99386E-05 9.99386E-05
9.994E-05 9.994E-05 9.994E-05 9.994E-05 9.994E-05 0.0909072 0.557363 9.994E-05 0.351131
9.99736E-05 0.164251 9.99736E-05 0.0731572 9.99736E-05 0.0621194 0.357517 0.0116724 0.330982
9.9956E-05 0.23853 9.9956E-05 9.9956E-05 9.9956E-05 9.9956E-05 0.441405 0.205356 0.11421
9.99648E-05 9.99648E-05 9.99648E-05 0.271182 0.0240479 9.99648E-05 0.567292 0.111594 0.0254843
9.99473E-05 9.99473E-05 9.99473E-05 9.99473E-05 9.99473E-05 9.99473E-05 0.50817 0.397684 0.0935464
9.99562E-05 0.0632819 9.99562E-05 9.99562E-05 9.99562E-05 0.00931119 0.7785 9.99562E-05 0.148407
9.99473E-05 0.0292146 9.99473E-05 9.99473E-05 9.99473E-05 9.99473E-05 0.774585 0.195601 9.99473E-05
9.995E-05 9.995E-05 9.995E-05 9.995E-05 0.0594319 9.995E-05 0.483249 0.219818 0.237002
9.99561E-05 0.126952 9.99561E-05 9.99561E-05 9.99561E-05 9.99561E-05 0.442194 0.237859 0.192495
9.99473E-05 9.99473E-05 9.99473E-05 9.99473E-05 9.99473E-05 9.99473E-05 0.957734 0.0393285 0.00233744
9.99474E-05 9.99474E-05 9.99474E-05 9.99474E-05 9.99474E-05 9.99474E-05 0.795869 0.155838 0.0476936
0.0274779 9.9965E-05 9.9965E-05 9.9965E-05 0.0169612 0.0113917 0.792008 9.9965E-05 0.151761
9.99561E-05 9.99561E-05 9.99561E-05 9.99561E-05 9.99561E-05 0.0992683 0.506568 0.164555 0.229109
9.99648E-05 9.99648E-05 9.99648E-05 9.99648E-05 0.106522 0.000437375 0.58673 0.212663 0.0932485
9.99561E-05 9.99561E-05 0.0118224 9.99561E-05 9.99561E-05 9.99561E-05 0.654026 0.176346 0.157305
9.99474E-05 9.99474E-05 9.99474E-05 9.99474E-05 9.99474E-05 9.99474E-05 0.834177 0.0862488 0.078975
9.99824E-05 0.025815 9.99824E-05 0.0231544 0.0382646 0.0240661 0.349317 0.281918 0.257265
9.9956E-05 9.9956E-05 9.9956E-05 9.9956E-05 9.9956E-05 0.11283 0.455534 0.0479262 0.38321
9.99474E-05 0.223694 9.99474E-05 9.99474E-05 9.99474E-05 9.99474E-05 0.724035 9.99474E-05 0.0516711
9.99649E-05 0.262421 9.99649E-05 9.99649E-05 0.0141334 9.99649E-05 0.432479 0.0428262 0.24774
0.11921 0.116328 9.99561E-05 9.99561E-05 9.99561E-05 9.99561E-05 0.693881 9.99561E-05 0.0700804
9.994E-05 9.994E-05 9.994E-05 9.994E-05 9.994E-05 9.994E-05 0.391274 0.311229 0.296897
9.99736E-05 0.22401 0.140766 0.0632966 0.0720718 9.99736E-05 0.48492 9.99736E-05 0.0146354
9.99561E-05 0.120581 9.99561E-05 9.99561E-05 9.99561E-05 9.99561E-05 0.726979 0.00463648 0.147304
9.99561E-05 0.308589 9.99561E-05 9.99561E-05 9.99561E-05 9.99561E-05 0.525101 0.116433 0.0493777
0.0497448 0.139673 9.99474E-05 9.99474E-05 9.99474E-05 9.99474E-05 0.809983 9.99474E-05 9.99474E-05
9.99648E-05 9.99648E-05 0.00426935 0.0340966 9.99648E-05 0.0218053 0.718032 9.99648E-05 0.221397
9.99474E-05 0.283218 9.99474E-05 9.99474E-05 9.99474E-05 9.99474E-05 0.684382 0.0318005 9.99474E-05
9.99648E-05 0.00315581 9.99648E-05 9.99648E-05 9.99648E-05 0.0523087 0.440598 0.433995 0.0695424
9.99648E-05 9.99648E-05 9.99648E-05 9.99648E-05 0.0312664 0.0918207 0.576911 0.269273 0.0303294
9.99824E-05 9.99824E-05 0.0422144 0.0479332 0.127256 0.0407913 0.450702 0.232686 0.0582161
9.99474E-05 0.155258 9.99474E-05 9.99474E-05 9.99474E-05 9.99474E-05 0.83359 9.99474E-05 0.0105524
9.99649E-05 9.99649E-05 0.00718181 9.99649E-05 9.99649E-05 0.0226195 0.633125 0.253129 0.0835447
9.9956E-05 0.150296 9.9956E-05 9.9956E-05 0.196021 9.9956E-05 0.499505 0.153678 9.9956E-05
9.99561E-05 0.095123 9.99561E-05 9.99561E-05 9.99561E-05 9.99561E-05 0.78457 0.00543227 0.114375
9.99648E-05 9.99648E-05 0.134499 9.99648E-05 9.99648E-05 0.0131978 0.556159 0.024088 0.271656
9.99472E-05 9.99472E-05 9.99472E-05 9.99472E-05 9.99472E-05 9.99472E-05 0.35432 0.403299 0.241781
9.99736E-05 9.99736E-05 9.99736E-05 0.0812406 0.00960382 0.0163157 0.45874 0.0668601 0.36694
9.99648E-05 9.99648E-05 9.99648E-05 9.99648E-05 0.0838511 0.0462818 0.395746 0.211305 0.262416
9.99737E-05 0.131811 9.99737E-05 0.0207786 0.1877 9.99737E-05 0.447188 0.0654321 0.14679
9.99648E-05 0.256916 0.0867895 9.99648E-05 9.99648E-05 9.99648E-05 0.262779 0.0474809 0.345635
0.0069879 9.99649E-05 0.0850322 9.99649E-05 9.99649E-05 9.99649E-05 0.374647 0.353113 0.17982
9.99824E-05 0.251252 9.99824E-05 0.0158763 0.158156 0.120145 0.344024 0.0389803 0.0713666
9.994E-05 0.101907 9.994E-05 9.994E-05 9.994E-05 9.994E-05 0.620641 0.276852 9.994E-05
9.99386E-05 0.26134 9.99386E-05 9.99386E-05 9.99386E-05 9.99386E-05 0.73796 9.99386E-05 9.99386E-05
9.99736E-05 9.99736E-05 0.0165904 0.141807 0.0398018 0.00741774 0.429972 0.364111 9.99736E-05
9.99648E-05 9.99648E-05 9.99648E-05 0.00874061 9.99648E-05 0.114906 0.408889 0.0742909 0.392774
9.99473E-05 9.99473E-05 0.0993179 9.99473E-05 9.99473E-05 9.99473E-05 0.44468 9.99473E-05 0.455403
9.99737E-05 0.0411009 9.99737E-05 0.0689182 0.033089 9.99737E-05 0.234869 0.150372 0.471351
9.99736E-05 9.99736E-05 0.0693532 0.151259 0.076785 0.0821239 0.365811 0.254367 9.99736E-05
9.99473E-05 9.99473E-05 9.99473E-05 9.99473E-05 9.99473E-05 9.99473E-05 0.468283 0.102297 0.428821
9.99824E-05 0.18979 0.0969167 9.99824E-05 0.120523 0.0624362 0.322704 0.0772551 0.130175
0.0191393 0.14865 9.99562E-05 9.99562E-05 9.99562E-05 9.99562E-05 0.735182 0.0965283 9.99562E-05
9.99562E-05 0.131443 9.99562E-05 9.99562E-05 9.99562E-05 9.99562E-05 0.705903 0.107346 0.0548083
9.99561E-05 0.0595952 9.99561E-05 9.99561E-05 9.99561E-05 9.99561E-05 0.502205 0.197047 0.240653
9.9956E-05 0.223516 0.202794 9.9956E-05 9.9956E-05 9.9956E-05 0.306491 9.9956E-05 0.266699
9.99386E-05 0.0866693 9.99386E-05 9.99386E-05 9.99386E-05 9.99386E-05 0.912631 9.99386E-05 9.99386E-05
9.99474E-05 0.106393 9.99474E-05 9.99474E-05 9.99474E-05 9.99474E-05 0.862869 9.99474E-05 0.0301378
9.99736E-05 9.99736E-05 0.0113002 9.99736E-05 0.0599953 0.0577556 0.753591 0.0921043 0.0249534
9.99736E-05 9.99736E-05 0.0188398 9.99736E-05 0.00350674 0.00397605 0.73896 0.100176 0.134241
9.99473E-05 9.99473E-05 9.99473E-05 9.99473E-05 9.99473E-05 0.04439 0.752726 9.99473E-05 0.202285
9.99473E-05 9.99473E-05 9.99473E-05 9.99473E-05 9.99473E-05 9.99473E-05 0.532463 0.15494 0.311998
9.99649E-05 9.99649E-05 9.99649E-05 0.135438 0.0250913 9.99649E-05 0.426526 0.0405677 0.371976
9.99649E-05 0.0329101 9.99649E-05 9.99649E-05 0.105914 0.147737 0.308501 9.99649E-05 0.404537
9.995E-05 0.143692 9.995E-05 9.995E-05 9.995E-05 0.0541023 0.448688 0.353019 9.995E-05
9.99736E-05 0.0208626 0.0602906 0.174638 9.99736E-05 9.99736E-05 0.399594 0.259 0.0853141
9.99736E-05 9.99736E-05 0.194827 9.99736E-05 0.0121954 0.00196982 0.456307 0.022779 0.311622
9.99649E-05 9.99649E-05 9.99649E-05 9.99649E-05 0.0639553 0.0335118 0.847509 0.0394988 0.0151258
9.99648E-05 0.119332 9.99648E-05 9.99648E-05 0.119388 0.0445099 0.377739 9.99648E-05 0.338633
9.99824E-05 9.99824E-05 0.0753036 0.0575514 0.0384618 0.0490245 0.50764 0.0141569 0.257662
9.99648E-05 9.99648E-05 9.99648E-05 9.99648E-05 0.0381725 0.155573 0.382761 0.274157 0.148937
9.99648E-05 0.303307 9.99648E-05 9.99648E-05 0.0366161 9.99648E-05 0.330047 0.0976233 0.232007
9.99649E-05 9.99649E-05 9.99649E-05 0.107803 9.99649E-05 0.0350062 0.483436 0.184632 0.188723
9.99473E-05 0.380278 9.99473E-05 9.99473E-05 9.99473E-05 9.99473E-05 0.55184 0.067282 9.99473E-05
9.99648E-05 9.99648E-05 0.0620278 9.99648E-05 9.99648E-05 0.1371 0.310068 0.230232 0.260172
9.99649E-05 0.059705 9.99649E-05 9.99649E-05 0.0562577 0.00125301 0.827789 9.99649E-05 0.0545954
9.99474E-05 0.177174 9.99474E-05 9.99474E-05 9.99474E-05 9.99474E-05 0.73722 0.0850066 9.99474E-05
9.99736E-05 0.00684073 9.99736E-05 0.105879 9.99736E-05 0.0941009 0.42984 0.229615 0.133424
9.99736E-05 0.127202 9.99736E-05 0.0993864 9.99736E-05 0.0159504 0.350263 0.196135 0.210764
9.99649E-05 0.396056 9.99649E-05 0.172504 9.99649E-05 0.0558825 9.99649E-05 0.139613 0.235544
9.99649E-05 0.489277 9.99649E-05 0.140748 9.99649E-05 0.0630994 9.99649E-05 0.0659073 0.240568
9.99649E-05 0.365019 9.99649E-05 0.189545 9.99649E-05 0.163296 9.99649E-05 0.10702 0.174719
9.99649E-05 0.552803 9.99649E-05 0.0857558 9.99649E-05 0.0791761 0.150123 9.99649E-05 0.131743
9.99912E-05 0.419278 0.19248 0.0440763 0.0315711 0.0249186 0.0591922 0.0657862 0.162597
0.159686 0.487835 0.0495062 0.0272184 0.0520526 0.00134921 9.99825E-05 9.99825E-05 0.222153
9.99649E-05 0.149116 9.99649E-05 0.0302699 9.99649E-05 0.0578147 9.99649E-05 0.241015 0.521385
9.99737E-05 0.558057 9.99737E-05 0.206266 0.0280315 0.021703 9.99737E-05 0.0670893 0.118553
0.16613 0.726649 0.0161272 0.0301598 9.9965E-05 0.0605336 9.9965E-05 9.9965E-05 9.9965E-05
9.99648E-05 0.433679 9.99648E-05 0.175052 9.99648E-05 0.0323162 9.99648E-05 0.122391 0.236161
9.99824E-05 0.107349 9.99824E-05 0.046631 0.0757753 0.195241 0.0204498 0.160645 0.393709
0.0842685 0.393365 9.99737E-05 9.99737E-05 0.115478 0.00433215 0.035644 9.99737E-05 0.366613
9.99649E-05 0.340307 9.99649E-05 0.238532 9.99649E-05 0.0232927 9.99649E-05 0.131118 0.26635
0.307063 0.556783 9.99474E-05 9.99474E-05 9.99474E-05 9.99474E-05 9.99474E-05 9.99474E-05 0.135554
0.0127502 0.370262 0.0197661 0.0329742 9.99912E-05 0.152809 0.0538974 0.0039915 0.353449
9.99649E-05 0.356886 9.99649E-05 0.177699 9.99649E-05 0.0528792 9.99649E-05 0.1782 0.233936
9.99649E-05 0.486328 9.99649E-05 0.0126315 9.99649E-05 0.152506 9.99649E-05 0.0195776 0.328558
9.99649E-05 0.539265 9.99649E-05 0.10152 0.0771435 0.0157539 9.99649E-05 9.99649E-05 0.265918
9.99737E-05 0.443139 9.99737E-05 0.0444063 0.0169558 0.202409 9.99737E-05 0.031441 0.261349
9.99649E-05 0.51847 9.99649E-05 0.0579934 9.99649E-05 0.0593018 9.99649E-05 0.121079 0.242756
0.0104261 0.388907 0.011849 0.0243301 9.99825E-05 0.0811662 9.99825E-05 0.0911993 0.391923
0.116959 0.348398 9.99824E-05 0.134974 9.99824E-05 0.0664372 0.0271118 0.0299956 0.275925
0.0605388 0.141801 0.043393 0.0464816 0.0569816 0.0421979 0.0275903 0.142609 0.438407
9.99472E-05 0.891268 0.070201 9.99472E-05 9.99472E-05 9.99472E-05 9.99472E-05 0.0379312 9.99472E-05
9.99384E-05 0.895536 9.99384E-05 9.99384E-05 9.99384E-05 9.99384E-05 9.99384E-05 0.103765 9.99384E-05
9.99472E-05 0.882919 9.99472E-05 9.99472E-05 9.99472E-05 9.99472E-05 9.99472E-05 0.107572 0.00890961
9.99472E-05 0.794174 9.99472E-05 9.99472E-05 9.99472E-05 9.99472E-05 9.99472E-05 0.0778441 0.127382
9.993E-05 0.999201 9.993E-05 9.993E-05 9.993E-05 9.993E-05 9.993E-05 9.993E-05 9.993E-05
9.99473E-05 0.933262 9.99473E-05 9.99473E-05 9.99473E-05 9.99473E-05 9.99473E-05 0.0511218 0.0150164
9.99384E-05 0.932216 9.99384E-05 9.99384E-05 9.99384E-05 9.99384E-05 9.99384E-05 0.0670843 9.99384E-05
9.99474E-05 0.88137 9.99474E-05 9.99474E-05 0.00985976 9.99474E-05 9.99474E-05 9.99474E-05 0.10817
9.99561E-05 0.754106 9.99561E-05 9.99561E-05 0.012649 9.99561E-05 9.99561E-05 0.116742 0.116004
9.99648E-05 0.685265 9.99648E-05 9.99648E-05 0.0148725 0.0246741 9.99648E-05 0.243768 0.0310203
9.99472E-05 0.938872 0.0302606 9.99472E-05 0.0302681 9.99472E-05 9.99472E-05 9.99472E-05 9.99472E-05
9.99385E-05 0.970956 9.99385E-05 0.0283444 9.99385E-05 9.99385E-05 9.99385E-05 9.99385E-05 9.99385E-05
9.99472E-05 0.625912 9.99472E-05 9.99472E-05 9.99472E-05 9.99472E-05 9.99472E-05 0.283149 0.0903396
9.99385E-05 0.970675 9.99385E-05 9.99385E-05 9.99385E-05 9.99385E-05 9.99385E-05 0.0286252 9.99385E-05
9.993E-05 0.999201 9.993E-05 9.993E-05 9.993E-05 9.993E-05 9.993E-05 9.993E-05 9.993E-05
9.99473E-05 0.834948 0.0455926 9.99473E-05 9.99473E-05 9.99473E-05 9.99473E-05 0.118859 9.99473E-05
9.99384E-05 0.961639 9.99384E-05 9.99384E-05 9.99384E-05 9.99384E-05 9.99384E-05 0.0376618 9.99384E-05
9.993E-05 0.999201 9.993E-05 9.993E-05 9.993E-05 9.993E-05 9.993E-05 9.993E-05 9.993E-05
9.99472E-05 0.861235 9.99472E-05 9.99472E-05 9.99472E-05 9.99472E-05 9.99472E-05 0.135854 0.00231154
9.993E-05 0.999201 9.993E-05 9.993E-05 9.993E-05 9.993E-05 9.993E-05 9.993E-05 9.993E-05
9.99472E-05 0.63587 9.99472E-05 9.99472E-05 9.99472E-05 9.99472E-05 9.99472E-05 0.257645 0.105885
9.993E-05 0.999201 9.993E-05 9.993E-05 9.993E-05 9.993E-05 9.993E-05 9.993E-05 9.993E-05
9.99472E-05 0.655199 9.99472E-05 9.99472E-05 9.99472E-05 9.99472E-05 9.99472E-05 0.217114 0.127088
9.99474E-05 9.99474E-05 9.99474E-05 9.99474E-05 0.135037 9.99474E-05 0.684262 9.99474E-05 0.180101
9.993E-05 0.999201 9.993E-05 9.993E-05 9.993E-05 9.993E-05 9.993E-05 9.993E-05 9.993E-05
9.993E-05 0.999201 9.993E-05 9.993E-05 9.993E-05 9.993E-05 9.993E-05 9.993E-05 9.993E-05
9.99472E-05 0.67387 9.99472E-05 9.99472E-05 9.99472E-05 0.0630706 9.99472E-05 9.99472E-05 0.26246
9.993E-05 0.999201 9.993E-05 9.993E-05 9.993E-05 9.993E-05 9.993E-05 9.993E-05 9.993E-05
9.99472E-05 0.677582 9.99472E-05 9.99472E-05 9.99472E-05 9.99472E-05 9.99472E-05 0.240334 0.0814844
9.993E-05 0.999201 9.993E-05 9.993E-05 9.993E-05 9.993E-05 9.993E-05 9.993E-05 9.993E-05
9.99385E-05 0.985997 9.99385E-05 9.99385E-05 9.99385E-05 0.0133031 9.99385E-05 9.99385E-05 9.99385E-05
9.99385E-05 0.870958 9.99385E-05 9.99385E-05 9.99385E-05 9.99385E-05 9.99385E-05 9.99385E-05 0.128343
9.99473E-05 0.945891 9.99473E-05 9.99473E-05 9.99473E-05 9.99473E-05 9.99473E-05 0.00661769 0.0468917
9.9956E-05 0.893083 9.9956E-05 9.9956E-05 0.00861337 9.9956E-05 9.9956E-05 0.0469016 0.0509021
9.99472E-05 0.980898 0.00747093 9.99472E-05 9.99472E-05 9.99472E-05 9.99472E-05 0.0110313 9.99472E-05
9.99384E-05 0.899687 9.99384E-05 9.99384E-05 9.99384E-05 9.99384E-05 9.99384E-05 9.99384E-05 0.0996134
9.99736E-05 0.596657 9.99736E-05 9.99736E-05 0.0818196 0.0058128 0.0576777 0.217808 0.0399252
9.99385E-05 0.950713 9.99385E-05 9.99385E-05 9.99385E-05 9.99385E-05 9.99385E-05 9.99385E-05 0.0485871
9.9956E-05 0.855623 9.9956E-05 0.0345289 9.9956E-05 9.9956E-05 9.9956E-05 0.0506903 0.0586579
9.993E-05 0.999201 9.993E-05 9.993E-05 9.993E-05 9.993E-05 9.993E-05 9.993E-05 9.993E-05
9.993E-05 0.999201 9.993E-05 9.993E-05 9.993E-05 9.993E-05 9.993E-05 9.993E-05 9.993E-05
9.993E-05 0.999201 9.993E-05 9.993E-05 9.993E-05 9.993E-05 9.993E-05 9.993E-05 9.993E-05
