9.99034E-05 9.99034E-05 0.285156 0.0439975 9.99034E-05 9.99034E-05 0.0419596 0.0885463 0.312312 9.99034E-05 9.99034E-05 9.99034E-05 9.99034E-05 0.0129273 9.99034E-05 0.0585329 9.99034E-05 0.15547 9.99034E-05
9.98858E-05 9.98858E-05 0.698951 0.0200183 9.98858E-05 9.98858E-05 0.00676995 9.98858E-05 0.153262 9.98858E-05 9.98858E-05 9.98858E-05 9.98858E-05 9.98858E-05 0.0109144 0.108786 9.98858E-05 9.98858E-05 9.98858E-05
9.98859E-05 9.98859E-05 0.835062 0.035176 0.00545726 0.0267729 0.0431907 9.98859E-05 0.0530427 9.98859E-05 9.98859E-05 9.98859E-05 9.98859E-05 9.98859E-05 9.98859E-05 9.98859E-05 9.98859E-05 9.98859E-05 9.98859E-05
0.046515 0.0139632 0.212325 0.128566 9.99123E-05 0.0281436 9.99123E-05 9.99123E-05 9.99123E-05 0.0787869 9.99123E-05 9.99123E-05 0.225081 9.99123E-05 0.0460734 9.99123E-05 9.99123E-05 0.219547 9.99123E-05
0.0126383 0.12872 0.763744 9.98947E-05 9.98947E-05 0.0203887 9.98947E-05 9.98947E-05 9.98947E-05 9.98947E-05 0.0021496 9.98947E-05 9.98947E-05 9.98947E-05 9.98947E-05 9.98947E-05 0.0417895 0.0293707 9.98947E-05
0.084744 0.0444663 0.159456 9.99123E-05 9.99123E-05 9.99123E-05 9.99123E-05 9.99123E-05 0.152276 0.140307 9.99123E-05 0.0232742 9.99123E-05 9.99123E-05 9.99123E-05 0.139 0.172128 0.0833496 9.99123E-05
9.99298E-05 0.0217601 0.231239 0.0922597 0.100188 9.99298E-05 0.00395366 9.99298E-05 0.0426161 9.99298E-05 9.99298E-05 0.0755047 0.124304 9.99298E-05 9.99298E-05 0.167781 0.00803265 0.131561 9.99298E-05
0.1866 0.0934291 0.173748 9.99123E-05 9.99123E-05 9.99123E-05 9.99123E-05 0.0958859 9.99123E-05 0.0248469 0.090153 9.99123E-05 9.99123E-05 9.99123E-05 9.99123E-05 0.047929 0.0675505 0.218859 9.99123E-05
0.23989 9.98947E-05 0.21876 9.98947E-05 0.0656498 9.98947E-05 0.270295 9.98947E-05 9.98947E-05 0.000182103 9.98947E-05 9.98947E-05 9.98947E-05 0.160393 9.98947E-05 9.98947E-05 9.98947E-05 0.043631 9.98947E-05
9.98771E-05 9.98771E-05 0.86746 9.98771E-05 9.98771E-05 0.0212197 0.0422427 9.98771E-05 9.98771E-05 9.98771E-05 9.98771E-05 9.98771E-05 0.045595 9.98771E-05 9.98771E-05 9.98771E-05 0.0220845 9.98771E-05 9.98771E-05
0.0629488 9.98772E-05 0.473213 0.144298 9.98772E-05 9.98772E-05 0.191002 9.98772E-05 9.98772E-05 9.98772E-05 9.98772E-05 9.98772E-05 9.98772E-05 9.98772E-05 9.98772E-05 9.98772E-05 9.98772E-05 0.127141 9.98772E-05
0.0399338 9.99122E-05 0.791624 0.00871165 9.99122E-05 9.99122E-05 0.0117895 9.99122E-05 0.0419095 0.0158009 0.0543734 9.99122E-05 0.00226247 9.99122E-05 9.99122E-05 9.99122E-05 0.0325958 9.99122E-05 9.99122E-05
0.000993247 9.98772E-05 0.67058 9.98772E-05 9.98772E-05 9.98772E-05 0.129249 9.98772E-05 9.98772E-05 9.98772E-05 9.98772E-05 9.98772E-05 9.98772E-05 9.98772E-05 9.98772E-05 9.98772E-05 9.98772E-05 0.184675 0.0131037
9.99123E-05 9.99123E-05 0.547393 0.12861 0.00180665 9.99123E-05 0.086885 9.99123E-05 0.0241324 0.0979253 0.0791065 0.011666 9.99123E-05 9.99123E-05 9.99123E-05 9.99123E-05 9.99123E-05 9.99123E-05 0.0214755
0.111704 9.99035E-05 0.273171 9.99035E-05 9.99035E-05 9.99035E-05 0.159632 9.99035E-05 0.189372 0.0840235 9.99035E-05 9.99035E-05 9.99035E-05 0.134146 0.0245735 9.99035E-05 0.0222795 9.99035E-05 9.99035E-05
0.0393754 9.99121E-05 0.186108 9.99121E-05 9.99121E-05 9.99121E-05 0.141702 0.0465271 0.182709 0.0108563 0.236048 9.99121E-05 9.99121E-05 0.00390993 9.99121E-05 9.99121E-05 9.99121E-05 0.151764 9.99121E-05
9.99209E-05 9.99209E-05 0.493739 0.0513007 9.99209E-05 9.99209E-05 0.0919493 0.0538012 9.99209E-05 9.99209E-05 0.00611602 9.99209E-05 0.0235644 0.0516759 9.99209E-05 0.0585361 9.99209E-05 0.0347024 0.133716
0.0418384 9.98948E-05 0.157453 9.98948E-05 9.98948E-05 0.182486 0.155062 9.98948E-05 0.191834 9.98948E-05 9.98948E-05 9.98948E-05 9.98948E-05 9.98948E-05 0.109839 9.98948E-05 9.98948E-05 0.160289 9.98948E-05
0.0879814 9.98858E-05 0.291515 9.98858E-05 9.98858E-05 9.98858E-05 0.226953 0.0241728 9.98858E-05 9.98858E-05 9.98858E-05 9.98858E-05 9.98858E-05 9.98858E-05 9.98858E-05 9.98858E-05 0.150206 0.217873 9.98858E-05
9.98508E-05 9.98508E-05 0.931372 9.98508E-05 9.98508E-05 9.98508E-05 9.98508E-05 9.98508E-05 9.98508E-05 9.98508E-05 9.98508E-05 9.98508E-05 9.98508E-05 9.98508E-05 0.0669305 9.98508E-05 9.98508E-05 9.98508E-05 9.98508E-05
0.0898123 0.0925307 0.448138 0.0135209 0.00506235 0.0212547 9.9921E-05 9.9921E-05 9.9921E-05 9.9921E-05 0.109116 9.9921E-05 9.9921E-05 0.0710347 0.0872879 9.9921E-05 9.9921E-05 0.0613428 9.9921E-05
0.13118 9.9886E-05 0.182978 9.9886E-05 9.9886E-05 9.9886E-05 9.9886E-05 9.9886E-05 9.9886E-05 0.0447835 9.9886E-05 9.9886E-05 9.9886E-05 9.9886E-05 9.9886E-05 0.0439625 0.109372 0.486425 9.9886E-05
9.98772E-05 9.98772E-05 0.483438 0.0462622 9.98772E-05 9.98772E-05 0.0954383 9.98772E-05 0.342952 0.030511 9.98772E-05 9.98772E-05 9.98772E-05 9.98772E-05 9.98772E-05 9.98772E-05 9.98772E-05 9.98772E-05 9.98772E-05
9.9886E-05 9.9886E-05 0.339022 9.9886E-05 0.0452251 9.9886E-05 0.221461 9.9886E-05 0.0207104 0.00690947 9.9886E-05 9.9886E-05 9.9886E-05 9.9886E-05 9.9886E-05 9.9886E-05 9.9886E-05 0.365374 9.9886E-05
0.143183 9.98946E-05 0.207112 9.98946E-05 0.0823447 9.98946E-05 0.239268 9.98946E-05 9.98946E-05 0.164596 9.98946E-05 9.98946E-05 9.98946E-05 9.98946E-05 0.0246751 9.98946E-05 9.98946E-05 0.137622 9.98946E-05
0.00583716 9.98947E-05 0.631576 9.98947E-05 9.98947E-05 9.98947E-05 0.119171 9.98947E-05 9.98947E-05 0.0345393 9.98947E-05 9.98947E-05 0.0405368 0.0258144 9.98947E-05 9.98947E-05 9.98947E-05 0.141327 9.98947E-05
9.98947E-05 9.98947E-05 0.0111543 9.98947E-05 9.98947E-05 0.124468 0.0598527 9.98947E-05 9.98947E-05 0.275333 0.0256871 9.98947E-05 0.0613012 9.98947E-05 9.98947E-05 9.98947E-05 9.98947E-05 0.441005 9.98947E-05
9.98859E-05 9.98859E-05 0.765573 0.00344295 9.98859E-05 9.98859E-05 0.0290654 9.98859E-05 9.98859E-05 9.98859E-05 9.98859E-05 9.98859E-05 0.0612043 9.98859E-05 9.98859E-05 9.98859E-05 0.0906152 0.0488008 9.98859E-05
9.98947E-05 9.98947E-05 0.554984 9.98947E-05 0.0146162 9.98947E-05 0.180193 9.98947E-05 0.130122 0.045697 9.98947E-05 9.98947E-05 9.98947E-05 9.98947E-05 0.00100159 9.98947E-05 9.98947E-05 0.0721877 9.98947E-05
9.99035E-05 9.99035E-05 0.666994 0.00868053 0.063693 9.99035E-05 0.0483161 9.99035E-05 0.0273929 0.0908008 9.99035E-05 9.99035E-05 9.99035E-05 9.99035E-05 9.99035E-05 9.99035E-05 0.0856271 9.99035E-05 0.00739706
0.0366029 9.98946E-05 0.494954 0.114616 9.98946E-05 0.000600052 9.98946E-05 9.98946E-05 0.205953 9.98946E-05 9.98946E-05 9.98946E-05 9.98946E-05 9.98946E-05 9.98946E-05 9.98946E-05 0.0746832 0.0713925 9.98946E-05
9.98861E-05 9.98861E-05 0.480497 0.0670869 9.98861E-05 9.98861E-05 0.0481702 9.98861E-05 9.98861E-05 0.200445 9.98861E-05 9.98861E-05 0.146428 9.98861E-05 9.98861E-05 9.98861E-05 9.98861E-05 0.0560745 9.98861E-05
9.98858E-05 9.98858E-05 0.533798 0.104823 9.98858E-05 9.98858E-05 0.128667 9.98858E-05 9.98858E-05 0.0546375 0.015498 9.98858E-05 9.98858E-05 9.98858E-05 9.98858E-05 9.98858E-05 9.98858E-05 0.161278 9.98858E-05
9.98947E-05 9.98947E-05 0.476894 0.00421582 9.98947E-05 0.0323335 0.099847 9.98947E-05 9.98947E-05 0.184571 9.98947E-05 0.02792 9.98947E-05 9.98947E-05 9.98947E-05 9.98947E-05 9.98947E-05 0.17302 9.98947E-05
0.0275551 9.99035E-05 0.766624 0.058242 9.99035E-05 9.99035E-05 0.0599961 9.99035E-05 0.00089909 9.99035E-05 9.99035E-05 9.99035E-05 9.99035E-05 9.99035E-05 0.0396931 0.0104751 0.0354167 9.99035E-05 9.99035E-05
0.000151071 9.99123E-05 0.557863 9.99123E-05 9.99123E-05 9.99123E-05 0.0769965 9.99123E-05 0.0414805 9.99123E-05 0.0100195 9.99123E-05 0.117738 0.0278364 9.99123E-05 0.0485853 9.99123E-05 0.118331 9.99123E-05
9.98597E-05 9.98597E-05 0.820593 9.98597E-05 9.98597E-05 9.98597E-05 9.98597E-05 9.98597E-05 9.98597E-05 9.98597E-05 9.98597E-05 0.0545718 9.98597E-05 9.98597E-05 9.98597E-05 9.98597E-05 0.123238 9.98597E-05 9.98597E-05
0.11568 9.99036E-05 0.578601 9.99036E-05 9.99036E-05 0.0225721 0.152276 9.99036E-05 9.99036E-05 0.00736467 9.99036E-05 9.99036E-05 0.0667331 9.99036E-05 0.0174128 0.0382615 9.99036E-05 9.99036E-05 9.99036E-05
9.99123E-05 0.0918112 0.519086 0.0399742 9.99123E-05 9.99123E-05 0.186259 9.99123E-05 9.99123E-05 0.0291438 9.99123E-05 9.99123E-05 9.99123E-05 9.99123E-05 9.99123E-05 0.0426042 0.00443407 0.0319952 0.053693
9.98947E-05 9.98947E-05 0.496537 0.00162728 9.98947E-05 9.98947E-05 0.141883 9.98947E-05 9.98947E-05 0.182387 0.102401 0.0403141 9.98947E-05 9.98947E-05 9.98947E-05 9.98947E-05 9.98947E-05 0.0336521 9.98947E-05
9.98947E-05 9.98947E-05 0.719813 0.0058142 9.98947E-05 9.98947E-05 0.0937892 9.98947E-05 9.98947E-05 9.98947E-05 9.98947E-05 9.98947E-05 0.0166451 0.004507 9.98947E-05 9.98947E-05 0.00151412 0.156718 9.98947E-05
0.00240379 9.98774E-05 0.544352 9.98774E-05 0.0831618 9.98774E-05 0.110459 9.98774E-05 9.98774E-05 9.98774E-05 9.98774E-05 9.98774E-05 9.98774E-05 9.98774E-05 9.98774E-05 9.98774E-05 9.98774E-05 0.258225 9.98774E-05
9.98771E-05 0.0820018 0.717803 9.98771E-05 9.98771E-05 9.98771E-05 9.98771E-05 9.98771E-05 9.98771E-05 9.98771E-05 9.98771E-05 9.98771E-05 9.98771E-05 9.98771E-05 9.98771E-05 0.0334227 9.98771E-05 0.095418 0.0699564
0.111113 9.98947E-05 0.349409 0.103194 9.98947E-05 9.98947E-05 0.199024 9.98947E-05 0.143273 9.98947E-05 9.98947E-05 9.98947E-05 9.98947E-05 9.98947E-05 9.98947E-05 0.00292895 9.98947E-05 0.0898595 9.98947E-05
9.98948E-05 0.144618 0.195761 9.98948E-05 9.98948E-05 9.98948E-05 0.124701 9.98948E-05 9.98948E-05 9.98948E-05 9.98948E-05 9.98948E-05 0.0828032 9.98948E-05 0.0104528 9.98948E-05 0.00547108 0.434994 9.98948E-05
0.00691202 9.98946E-05 0.734879 9.98946E-05 9.98946E-05 0.0135734 0.0920255 9.98946E-05 9.98946E-05 9.98946E-05 9.98946E-05 9.98946E-05 0.0172908 9.98946E-05 0.0613348 9.98946E-05 9.98946E-05 0.0727861 9.98946E-05
0.0126407 9.98771E-05 0.765048 9.98771E-05 9.98771E-05 0.0441362 0.0705713 9.98771E-05 9.98771E-05 9.98771E-05 9.98771E-05 9.98771E-05 0.106206 9.98771E-05 9.98771E-05 9.98771E-05 9.98771E-05 9.98771E-05 9.98771E-05
9.98947E-05 0.0245854 0.88327 9.98947E-05 9.98947E-05 0.00409661 0.00245511 0.0103966 0.062444 9.98947E-05 9.98947E-05 9.98947E-05 9.98947E-05 9.98947E-05 9.98947E-05 0.011554 9.98947E-05 9.98947E-05 9.98947E-05
9.99034E-05 9.99034E-05 0.540319 0.0242935 9.99034E-05 9.99034E-05 0.132494 9.99034E-05 0.0581868 9.99034E-05 0.0494273 9.99034E-05 0.0184246 9.99034E-05 9.99034E-05 9.99034E-05 0.0225899 0.153166 9.99034E-05
0.0146994 9.98949E-05 0.700464 9.98949E-05 9.98949E-05 0.0468281 0.00603441 9.98949E-05 9.98949E-05 9.98949E-05 9.98949E-05 0.119795 9.98949E-05 9.98949E-05 9.98949E-05 9.98949E-05 0.0634138 0.0475658 9.98949E-05
0.0452705 9.99122E-05 0.285968 0.118334 0.0121159 9.99122E-05 0.204784 9.99122E-05 0.0354706 0.173812 9.99122E-05 9.99122E-05 0.072695 9.99122E-05 9.99122E-05 9.99122E-05 9.99122E-05 0.0505518 9.99122E-05
9.98773E-05 0.0710008 0.507373 9.98773E-05 0.00948684 9.98773E-05 9.98773E-05 9.98773E-05 9.98773E-05 9.98773E-05 9.98773E-05 9.98773E-05 0.146138 9.98773E-05 9.98773E-05 9.98773E-05 9.98773E-05 0.264603 9.98773E-05
0.0035706 9.98947E-05 0.885956 9.98947E-05 9.98947E-05 0.0332949 0.042113 9.98947E-05 9.98947E-05 0.000894355 9.98947E-05 0.00351652 9.98947E-05 9.98947E-05 9.98947E-05 9.98947E-05 9.98947E-05 0.0294558 9.98947E-05
0.00644703 0.144822 0.508691 9.99123E-05 9.99123E-05 0.0120621 0.0351894 9.99123E-05 0.0693961 9.99123E-05 0.168556 0.0367912 9.99123E-05 9.99123E-05 0.0170459 9.99123E-05 9.99123E-05 9.99123E-05 9.99123E-05
9.98948E-05 0.0468962 0.716751 9.98948E-05 9.98948E-05 0.0232503 0.140162 9.98948E-05 9.98948E-05 9.98948E-05 0.00728808 0.0186358 9.98948E-05 9.98948E-05 9.98948E-05 9.98948E-05 0.0458185 9.98948E-05 9.98948E-05
9.99035E-05 0.0228071 0.665973 0.0219674 9.99035E-05 9.99035E-05 9.99035E-05 9.99035E-05 0.0418715 0.13136 9.99035E-05 9.99035E-05 9.99035E-05 9.99035E-05 0.0512572 9.99035E-05 0.0616176 0.00204709 9.99035E-05
9.98771E-05 9.98771E-05 0.668926 9.98771E-05 9.98771E-05 0.0618564 0.0927539 9.98771E-05 9.98771E-05 9.98771E-05 9.98771E-05 9.98771E-05 9.98771E-05 9.98771E-05 9.98771E-05 0.134458 0.0406071 9.98771E-05 9.98771E-05
9.98685E-05 9.98685E-05 0.733889 0.0373844 9.98685E-05 9.98685E-05 9.98685E-05 9.98685E-05 9.98685E-05 9.98685E-05 9.98685E-05 9.98685E-05 0.188685 9.98685E-05 9.98685E-05 9.98685E-05 9.98685E-05 0.0385441 9.98685E-05
0.0233783 0.0146518 0.756248 0.0410186 9.99034E-05 9.99034E-05 0.0581585 9.99034E-05 0.00784625 9.99034E-05 9.99034E-05 0.0713763 9.99034E-05 9.99034E-05 9.99034E-05 9.99034E-05 9.99034E-05 0.0262233 9.99034E-05
0.0154237 9.99034E-05 9.99034E-05 0.00748323 9.99034E-05 0.0906929 0.121174 9.99034E-05 0.629964 0.0876397 9.99034E-05 0.0129459 9.99034E-05 0.0335775 9.99034E-05 9.99034E-05 9.99034E-05 9.99034E-05 9.99034E-05
9.98597E-05 9.98597E-05 9.98597E-05 9.98597E-05 9.98597E-05 9.98597E-05 9.98597E-05 9.98597E-05 0.910244 9.98597E-05 0.0224582 9.98597E-05 0.0656998 9.98597E-05 9.98597E-05 9.98597E-05 9.98597E-05 9.98597E-05 9.98597E-05
9.98596E-05 9.98596E-05 9.98596E-05 9.98596E-05 9.98596E-05 0.115343 9.98596E-05 9.98596E-05 0.854132 9.98596E-05 9.98596E-05 0.0289266 9.98596E-05 9.98596E-05 9.98596E-05 9.98596E-05 9.98596E-05 9.98596E-05 9.98596E-05
0.106102 9.99034E-05 9.99034E-05 9.99034E-05 9.99034E-05 0.0333422 0.0336867 9.99034E-05 0.262254 0.199617 9.99034E-05 0.073788 0.0115715 9.99034E-05 9.99034E-05 0.27854 9.99034E-05 9.99034E-05 9.99034E-05
0.0911094 0.0167097 9.9912E-05 9.9912E-05 9.9912E-05 0.0647801 0.0626881 9.9912E-05 0.619388 9.9912E-05 9.9912E-05 0.0413239 9.9912E-05 9.9912E-05 0.0628486 9.9912E-05 0.00577126 0.034382 9.9912E-05
0.0253066 9.98857E-05 9.98857E-05 9.98857E-05 9.98857E-05 9.98857E-05 0.263022 0.0310601 0.568961 0.0440362 9.98857E-05 9.98857E-05 9.98857E-05 9.98857E-05 9.98857E-05 9.98857E-05 9.98857E-05 0.0663155 9.98857E-05
9.98945E-05 9.98945E-05 9.98945E-05 0.0975579 9.98945E-05 0.0106297 0.112925 0.0168043 0.490856 9.98945E-05 9.98945E-05 9.98945E-05 0.00325115 9.98945E-05 9.98945E-05 0.266778 9.98945E-05 9.98945E-05 9.98945E-05
0.0566799 9.98769E-05 9.98769E-05 9.98769E-05 9.98769E-05 0.232454 0.1228 9.98769E-05 0.542669 9.98769E-05 9.98769E-05 9.98769E-05 9.98769E-05 9.98769E-05 9.98769E-05 0.043999 9.98769E-05 9.98769E-05 9.98769E-05
9.98509E-05 9.98509E-05 9.98509E-05 9.98509E-05 9.98509E-05 9.98509E-05 9.98509E-05 9.98509E-05 0.977944 9.98509E-05 9.98509E-05 9.98509E-05 9.98509E-05 9.98509E-05 9.98509E-05 0.0203586 9.98509E-05 9.98509E-05 9.98509E-05
0.014324 9.98595E-05 9.98595E-05 0.033337 9.98595E-05 9.98595E-05 9.98595E-05 9.98595E-05 0.950741 9.98595E-05 9.98595E-05 9.98595E-05 9.98595E-05 9.98595E-05 9.98595E-05 9.98595E-05 9.98595E-05 9.98595E-05 9.98595E-05
0.0481303 9.98769E-05 9.98769E-05 0.149996 9.98769E-05 9.98769E-05 0.274693 9.98769E-05 0.51946 9.98769E-05 9.98769E-05 9.98769E-05 9.98769E-05 9.98769E-05 9.98769E-05 9.98769E-05 0.00632266 9.98769E-05 9.98769E-05
9.99297E-05 0.0291702 9.99297E-05 0.0310468 9.99297E-05 9.99297E-05 0.112176 9.99297E-05 0.417991 9.99297E-05 0.0459873 0.0603755 0.0246206 0.0533921 9.99297E-05 0.0497441 0.0574904 0.117207 9.99297E-05
0.152948 0.0130692 9.99121E-05 0.0605054 9.99121E-05 9.99121E-05 9.99121E-05 0.143965 0.461719 0.0829301 0.0197005 9.99121E-05 9.99121E-05 9.99121E-05 9.99121E-05 0.0116184 0.052545 9.99121E-05 9.99121E-05
9.98857E-05 0.00107159 9.98857E-05 9.98857E-05 9.98857E-05 9.98857E-05 0.21699 9.98857E-05 0.511609 9.98857E-05 9.98857E-05 9.98857E-05 9.98857E-05 9.98857E-05 9.98857E-05 0.0566516 0.0359645 0.176414 9.98857E-05
9.98598E-05 9.98598E-05 9.98598E-05 9.98598E-05 9.98598E-05 9.98598E-05 9.98598E-05 9.98598E-05 0.980037 9.98598E-05 0.00997362 0.00839116 9.98598E-05 9.98598E-05 9.98598E-05 9.98598E-05 9.98598E-05 9.98598E-05 9.98598E-05
0.0771896 9.9886E-05 9.9886E-05 0.0521478 9.9886E-05 9.9886E-05 0.00625798 9.9886E-05 0.804653 9.9886E-05 9.9886E-05 9.9886E-05 0.0451824 0.0132706 9.9886E-05 9.9886E-05 9.9886E-05 9.9886E-05 9.9886E-05
9.98858E-05 9.98858E-05 9.98858E-05 9.98858E-05 9.98858E-05 0.0603931 0.0338755 9.98858E-05 0.694563 0.0115994 9.98858E-05 0.0669542 9.98858E-05 9.98858E-05 9.98858E-05 9.98858E-05 0.131316 9.98858E-05 9.98858E-05
0.0348728 9.98858E-05 9.98858E-05 0.109205 9.98858E-05 9.98858E-05 9.98858E-05 0.133409 0.593257 9.98858E-05 9.98858E-05 9.98858E-05 9.98858E-05 9.98858E-05 9.98858E-05 9.98858E-05 0.0501034 0.0778546 9.98858E-05
9.9877E-05 9.9877E-05 9.9877E-05 0.0473747 9.9877E-05 0.0854571 0.0426136 9.9877E-05 0.813916 9.9877E-05 9.9877E-05 9.9877E-05 9.9877E-05 9.9877E-05 9.9877E-05 9.9877E-05 0.0092401 9.9877E-05 9.9877E-05
9.98681E-05 9.98681E-05 9.98681E-05 0.0158368 9.98681E-05 9.98681E-05 0.231354 9.98681E-05 0.667544 9.98681E-05 0.0837675 9.98681E-05 9.98681E-05 9.98681E-05 9.98681E-05 9.98681E-05 9.98681E-05 9.98681E-05 9.98681E-05
9.98511E-05 9.98511E-05 9.98511E-05 9.98511E-05 9.98511E-05 9.98511E-05 9.98511E-05 9.98511E-05 0.98338 9.98511E-05 9.98511E-05 9.98511E-05 9.98511E-05 9.98511E-05 9.98511E-05 9.98511E-05 9.98511E-05 9.98511E-05 0.014922
9.9877E-05 9.9877E-05 9.9877E-05 9.9877E-05 9.9877E-05 9.9877E-05 0.101992 9.9877E-05 0.546659 9.9877E-05 9.9877E-05 9.9877E-05 0.0757195 9.9877E-05 9.9877E-05 9.9877E-05 0.0657815 0.20845 9.9877E-05
0.0146719 9.98772E-05 9.98772E-05 9.98772E-05 9.98772E-05 9.98772E-05 9.98772E-05 9.98772E-05 0.671036 0.235029 0.0123658 9.98772E-05 9.98772E-05 9.98772E-05 9.98772E-05 9.98772E-05 9.98772E-05 0.0654991 9.98772E-05
0.0439543 9.99034E-05 9.99034E-05 0.0671852 0.030202 9.99034E-05 9.99034E-05 9.99034E-05 0.630494 0.025603 9.99034E-05 0.0663716 9.99034E-05 9.99034E-05 0.011951 9.99034E-05 0.12314 9.99034E-05 9.99034E-05
9.98681E-05 9.98681E-05 9.98681E-05 0.132264 9.98681E-05 9.98681E-05 9.98681E-05 0.0791414 0.741657 9.98681E-05 9.98681E-05 9.98681E-05 9.98681E-05 0.045439 9.98681E-05 9.98681E-05 9.98681E-05 9.98681E-05 9.98681E-05
0.0417196 9.98598E-05 9.98598E-05 9.98598E-05 9.98598E-05 9.98598E-05 9.98598E-05 9.98598E-05 0.948217 9.98598E-05 9.98598E-05 9.98598E-05 9.98598E-05 9.98598E-05 0.00846601 9.98598E-05 9.98598E-05 9.98598E-05 9.98598E-05
9.98423E-05 9.98423E-05 9.98423E-05 9.98423E-05 9.98423E-05 9.98423E-05 9.98423E-05 9.98423E-05 0.998203 9.98423E-05 9.98423E-05 9.98423E-05 9.98423E-05 9.98423E-05 9.98423E-05 9.98423E-05 9.98423E-05 9.98423E-05 9.98423E-05
9.98422E-05 9.98422E-05 9.98422E-05 9.98422E-05 9.98422E-05 9.98422E-05 9.98422E-05 9.98422E-05 0.998203 9.98422E-05 9.98422E-05 9.98422E-05 9.98422E-05 9.98422E-05 9.98422E-05 9.98422E-05 9.98422E-05 9.98422E-05 9.98422E-05
9.98596E-05 9.98596E-05 9.98596E-05 9.98596E-05 9.98596E-05 0.122208 9.98596E-05 0.0295578 0.846637 9.98596E-05 9.98596E-05 9.98596E-05 9.98596E-05 9.98596E-05 9.98596E-05 9.98596E-05 9.98596E-05 9.98596E-05 9.98596E-05
0.045145 9.98772E-05 9.98772E-05 9.98772E-05 9.98772E-05 9.98772E-05 0.0879603 9.98772E-05 0.736941 9.98772E-05 0.0281041 9.98772E-05 9.98772E-05 9.98772E-05 9.98772E-05 9.98772E-05 9.98772E-05 9.98772E-05 0.100452
0.148972 0.0397314 9.98772E-05 9.98772E-05 9.98772E-05 9.98772E-05 0.0741551 9.98772E-05 9.98772E-05 0.714725 9.98772E-05 9.98772E-05 9.98772E-05 9.98772E-05 0.0210181 9.98772E-05 9.98772E-05 9.98772E-05 9.98772E-05
0.0342789 9.98685E-05 9.98685E-05 9.98685E-05 9.98685E-05 9.98685E-05 0.0287651 9.98685E-05 9.98685E-05 0.488518 9.98685E-05 9.98685E-05 9.98685E-05 9.98685E-05 9.98685E-05 9.98685E-05 9.98685E-05 9.98685E-05 0.44694
9.98508E-05 9.98508E-05 9.98508E-05 9.98508E-05 9.98508E-05 9.98508E-05 0.0795966 9.98508E-05 9.98508E-05 0.918706 9.98508E-05 9.98508E-05 9.98508E-05 9.98508E-05 9.98508E-05 9.98508E-05 9.98508E-05 9.98508E-05 9.98508E-05
0.063459 9.98594E-05 9.98594E-05 9.98594E-05 9.98594E-05 9.98594E-05 0.103919 9.98594E-05 9.98594E-05 0.831024 9.98594E-05 9.98594E-05 9.98594E-05 9.98594E-05 9.98594E-05 9.98594E-05 9.98594E-05 9.98594E-05 9.98594E-05
0.0733168 9.98594E-05 9.98594E-05 9.98594E-05 9.98594E-05 9.98594E-05 9.98594E-05 0.0015054 9.98594E-05 0.92358 9.98594E-05 9.98594E-05 9.98594E-05 9.98594E-05 9.98594E-05 9.98594E-05 9.98594E-05 9.98594E-05 9.98594E-05
0.140104 9.98772E-05 9.98772E-05 9.98772E-05 9.98772E-05 9.98772E-05 0.16654 9.98772E-05 9.98772E-05 0.605168 9.98772E-05 9.98772E-05 0.0322986 9.98772E-05 9.98772E-05 0.0544911 9.98772E-05 9.98772E-05 9.98772E-05
0.106758 9.98771E-05 9.98771E-05 9.98771E-05 9.98771E-05 0.00723222 0.062267 9.98771E-05 9.98771E-05 0.789853 9.98771E-05 9.98771E-05 9.98771E-05 9.98771E-05 9.98771E-05 9.98771E-05 9.98771E-05 0.0324916 9.98771E-05
0.19315 9.98596E-05 9.98596E-05 9.98596E-05 9.98596E-05 0.0589832 9.98596E-05 9.98596E-05 9.98596E-05 0.746269 9.98596E-05 9.98596E-05 9.98596E-05 9.98596E-05 9.98596E-05 9.98596E-05 9.98596E-05 9.98596E-05 9.98596E-05
0.286195 9.9877E-05 9.9877E-05 0.00272427 9.9877E-05 9.9877E-05 0.0266118 9.9877E-05 9.9877E-05 0.461098 9.9877E-05 9.9877E-05 9.9877E-05 9.9877E-05 9.9877E-05 0.221973 9.9877E-05 9.9877E-05 9.9877E-05
0.211424 9.98684E-05 9.98684E-05 9.98684E-05 9.98684E-05 9.98684E-05 0.264263 9.98684E-05 9.98684E-05 0.522164 9.98684E-05 9.98684E-05 0.000650277 9.98684E-05 9.98684E-05 9.98684E-05 9.98684E-05 9.98684E-05 9.98684E-05
0.00985376 9.98772E-05 9.98772E-05 0.0948241 9.98772E-05 9.98772E-05 9.98772E-05 9.98772E-05 9.98772E-05 0.412756 9.98772E-05 9.98772E-05 9.98772E-05 9.98772E-05 9.98772E-05 0.228914 9.98772E-05 9.98772E-05 0.252254
9.98684E-05 9.98684E-05 9.98684E-05 9.98684E-05 9.98684E-05 9.98684E-05 0.035419 9.98684E-05 9.98684E-05 0.767196 9.98684E-05 9.98684E-05 9.98684E-05 9.98684E-05 9.98684E-05 0.13308 9.98684E-05 9.98684E-05 0.0628072
0.0773064 9.9851E-05 9.9851E-05 9.9851E-05 9.9851E-05 9.9851E-05 9.9851E-05 9.9851E-05 9.9851E-05 0.920996 9.9851E-05 9.9851E-05 9.9851E-05 9.9851E-05 9.9851E-05 9.9851E-05 9.9851E-05 9.9851E-05 9.9851E-05
0.12228 9.9886E-05 9.9886E-05 9.9886E-05 0.0345309 9.9886E-05 0.200776 9.9886E-05 9.9886E-05 0.581198 9.9886E-05 9.9886E-05 9.9886E-05 9.9886E-05 9.9886E-05 0.052276 9.9886E-05 9.9886E-05 0.00764011
0.0856151 9.99034E-05 9.99034E-05 9.99034E-05 9.99034E-05 0.0582895 9.99034E-05 0.0732404 9.99034E-05 0.701817 9.99034E-05 9.99034E-05 0.00729874 9.99034E-05 0.0288173 9.99034E-05 0.0199986 9.99034E-05 0.0238242
0.0361604 9.99034E-05 9.99034E-05 0.0104537 9.99034E-05 9.99034E-05 0.1615 0.010743 9.99034E-05 0.729571 9.99034E-05 9.99034E-05 0.0349222 9.99034E-05 0.0134748 0.00207539 9.99034E-05 9.99034E-05 9.99034E-05
0.00807471 9.98947E-05 9.98947E-05 9.98947E-05 9.98947E-05 0.0160152 0.101709 9.98947E-05 9.98947E-05 0.60759 9.98947E-05 9.98947E-05 9.98947E-05 9.98947E-05 0.00921454 0.242293 9.98947E-05 9.98947E-05 0.0139053
0.103415 0.00390371 9.98949E-05 9.98949E-05 9.98949E-05 9.98949E-05 9.98949E-05 9.98949E-05 9.98949E-05 0.724676 9.98949E-05 0.000503287 0.0817058 9.98949E-05 9.98949E-05 9.98949E-05 9.98949E-05 0.0722349 0.0123631
0.00147149 9.98597E-05 9.98597E-05 0.00492627 9.98597E-05 9.98597E-05 9.98597E-05 9.98597E-05 9.98597E-05 0.992004 9.98597E-05 9.98597E-05 9.98597E-05 9.98597E-05 9.98597E-05 9.98597E-05 9.98597E-05 9.98597E-05 9.98597E-05
0.117723 9.99035E-05 9.99035E-05 0.0130963 9.99035E-05 9.99035E-05 0.0987496 9.99035E-05 9.99035E-05 0.463552 9.99035E-05 9.99035E-05 0.0210505 0.0199102 0.091806 9.99035E-05 9.99035E-05 9.99035E-05 0.173013
0.0256953 9.98859E-05 9.98859E-05 9.98859E-05 9.98859E-05 9.98859E-05 0.0846705 9.98859E-05 9.98859E-05 0.733877 9.98859E-05 9.98859E-05 0.0259112 9.98859E-05 9.98859E-05 0.122339 9.98859E-05 9.98859E-05 0.0062079
0.033987 9.98596E-05 9.98596E-05 9.98596E-05 9.98596E-05 9.98596E-05 9.98596E-05 0.0081289 9.98596E-05 0.956286 9.98596E-05 9.98596E-05 9.98596E-05 9.98596E-05 9.98596E-05 9.98596E-05 9.98596E-05 9.98596E-05 9.98596E-05
0.20381 9.98771E-05 9.98771E-05 9.98771E-05 9.98771E-05 9.98771E-05 0.214 9.98771E-05 9.98771E-05 0.439029 9.98771E-05 9.98771E-05 9.98771E-05 9.98771E-05 0.0380745 0.10369 9.98771E-05 9.98771E-05 9.98771E-05
0.237554 0.0106606 9.988E-05 0.0200319 9.988E-05 9.988E-05 9.988E-05 9.988E-05 9.988E-05 0.656568 9.988E-05 9.988E-05 9.988E-05 9.988E-05 9.988E-05 9.988E-05 9.988E-05 9.988E-05 0.0737867
0.237103 9.98772E-05 9.98772E-05 9.98772E-05 9.98772E-05 9.98772E-05 0.227647 9.98772E-05 9.98772E-05 0.446603 9.98772E-05 9.98772E-05 9.98772E-05 9.98772E-05 0.0835508 9.98772E-05 0.00369839 9.98772E-05 9.98772E-05
0.159507 9.99035E-05 9.99035E-05 9.99035E-05 9.99035E-05 9.99035E-05 0.0849306 0.0337767 9.99035E-05 0.360896 0.0155377 9.99035E-05 9.99035E-05 9.99035E-05 9.99035E-05 0.100282 9.99035E-05 0.0327984 0.211174
9.9886E-05 9.9886E-05 9.9886E-05 9.9886E-05 0.182987 9.9886E-05 0.00783044 9.9886E-05 9.9886E-05 0.251714 9.9886E-05 0.014453 9.9886E-05 9.9886E-05 0.0295819 9.9886E-05 9.9886E-05 9.9886E-05 0.512136
0.0641457 9.98681E-05 9.98681E-05 9.98681E-05 9.98681E-05 9.98681E-05 0.0705186 9.98681E-05 9.98681E-05 0.815122 9.98681E-05 9.98681E-05 9.98681E-05 9.98681E-05 9.98681E-05 9.98681E-05 0.0487152 9.98681E-05 9.98681E-05
0.319223 9.98686E-05 9.98686E-05 9.98686E-05 9.98686E-05 9.98686E-05 0.15992 9.98686E-05 9.98686E-05 0.500125 9.98686E-05 9.98686E-05 9.98686E-05 9.98686E-05 0.0192343 9.98686E-05 9.98686E-05 9.98686E-05 9.98686E-05
9.98685E-05 9.98685E-05 9.98685E-05 0.0439362 9.98685E-05 9.98685E-05 0.0978578 9.98685E-05 9.98685E-05 0.848718 9.98685E-05 9.98685E-05 9.98685E-05 9.98685E-05 0.00798985 9.98685E-05 9.98685E-05 9.98685E-05 9.98685E-05
0.0477242 9.98773E-05 9.98773E-05 0.0393148 9.98773E-05 9.98773E-05 0.207489 9.98773E-05 9.98773E-05 0.687322 0.0167517 9.98773E-05 9.98773E-05 9.98773E-05 9.98773E-05 9.98773E-05 9.98773E-05 9.98773E-05 9.98773E-05
9.98595E-05 9.98595E-05 9.98595E-05 9.98595E-05 9.98595E-05 9.98595E-05 0.000743441 9.98595E-05 9.98595E-05 0.969786 0.0278726 9.98595E-05 9.98595E-05 9.98595E-05 9.98595E-05 9.98595E-05 9.98595E-05 9.98595E-05 9.98595E-05
0.283166 0.020319 9.9877E-05 9.9877E-05 9.9877E-05 9.9877E-05 0.143731 9.9877E-05 9.9877E-05 0.393125 9.9877E-05 9.9877E-05 9.9877E-05 9.9877E-05 0.15826 9.9877E-05 9.9877E-05 9.9877E-05 9.9877E-05
9.98682E-05 9.98682E-05 9.98682E-05 9.98682E-05 9.98682E-05 9.98682E-05 0.0262858 9.98682E-05 9.98682E-05 0.897645 9.98682E-05 9.98682E-05 9.98682E-05 9.98682E-05 0.00673642 9.98682E-05 9.98682E-05 0.0678347 9.98682E-05
9.98596E-05 9.98596E-05 9.98596E-05 9.98596E-05 9.98596E-05 9.98596E-05 0.0682719 9.98596E-05 9.98596E-05 0.895597 9.98596E-05 9.98596E-05 9.98596E-05 9.98596E-05 9.98596E-05 9.98596E-05 9.98596E-05 9.98596E-05 0.034533
0.0235362 9.98947E-05 9.98947E-05 0.0248422 9.98947E-05 9.98947E-05 9.98947E-05 0.149386 9.98947E-05 0.658189 9.98947E-05 9.98947E-05 0.0288264 9.98947E-05 9.98947E-05 0.051128 9.98947E-05 9.98947E-05 0.0628931
0.0661656 9.98683E-05 9.98683E-05 9.98683E-05 9.98683E-05 9.98683E-05 0.203285 0.0137905 9.98683E-05 0.71526 9.98683E-05 9.98683E-05 9.98683E-05 9.98683E-05 9.98683E-05 9.98683E-05 9.98683E-05 9.98683E-05 9.98683E-05
0.072453 9.98683E-05 9.98683E-05 9.98683E-05 9.98683E-05 9.98683E-05 9.98683E-05 9.98683E-05 9.98683E-05 0.511233 9.98683E-05 9.98683E-05 0.00974393 9.98683E-05 9.98683E-05 9.98683E-05 9.98683E-05 9.98683E-05 0.405072
9.98861E-05 9.98861E-05 9.98861E-05 0.0539676 9.98861E-05 0.041857 0.0156983 0.0557602 9.98861E-05 0.696088 9.98861E-05 9.98861E-05 9.98861E-05 9.98861E-05 9.98861E-05 9.98861E-05 9.98861E-05 9.98861E-05 0.13533
0.0138466 9.98599E-05 9.98599E-05 9.98599E-05 9.98599E-05 9.98599E-05 9.98599E-05 9.98599E-05 9.98599E-05 0.760639 9.98599E-05 9.98599E-05 9.98599E-05 9.98599E-05 9.98599E-05 9.98599E-05 9.98599E-05 9.98599E-05 0.223916
0.00757194 9.98684E-05 9.98684E-05 9.98684E-05 9.98684E-05 9.98684E-05 9.98684E-05 9.98684E-05 9.98684E-05 0.57125 9.98684E-05 9.98684E-05 9.98684E-05 9.98684E-05 9.98684E-05 0.0360618 9.98684E-05 9.98684E-05 0.383618
0.0759355 9.98683E-05 9.98683E-05 9.98683E-05 9.98683E-05 9.98683E-05 0.289393 9.98683E-05 9.98683E-05 0.490539 9.98683E-05 9.98683E-05 9.98683E-05 9.98683E-05 9.98683E-05 0.142634 9.98683E-05 9.98683E-05 9.98683E-05
0.203902 0.0387852 9.98596E-05 9.98596E-05 9.98596E-05 9.98596E-05 9.98596E-05 9.98596E-05 9.98596E-05 0.755715 9.98596E-05 9.98596E-05 9.98596E-05 9.98596E-05 9.98596E-05 9.98596E-05 9.98596E-05 9.98596E-05 9.98596E-05
0.142566 9.98772E-05 9.98772E-05 9.98772E-05 9.98772E-05 9.98772E-05 0.0575473 9.98772E-05 9.98772E-05 0.0917867 9.98772E-05 9.98772E-05 9.98772E-05 9.98772E-05 0.115211 9.98772E-05 9.98772E-05 9.98772E-05 0.591491
9.98685E-05 9.98685E-05 9.98685E-05 0.00916432 9.98685E-05 9.98685E-05 0.0493768 9.98685E-05 9.98685E-05 0.445846 9.98685E-05 9.98685E-05 9.98685E-05 9.98685E-05 9.98685E-05 9.98685E-05 9.98685E-05 9.98685E-05 0.494115
0.173744 9.98858E-05 9.98858E-05 0.0318255 9.98858E-05 9.98858E-05 9.98858E-05 9.98858E-05 9.98858E-05 0.551196 9.98858E-05 9.98858E-05 9.98858E-05 9.98858E-05 0.093168 0.143877 9.98858E-05 0.00489102 9.98858E-05
0.111481 9.98772E-05 9.98772E-05 9.98772E-05 9.98772E-05 9.98772E-05 0.0881471 0.00933721 0.204469 0.585167 9.98772E-05 9.98772E-05 9.98772E-05 9.98772E-05 9.98772E-05 9.98772E-05 9.98772E-05 9.98772E-05 9.98772E-05
0.142045 9.98949E-05 9.98949E-05 9.98949E-05 0.0334415 9.98949E-05 9.98949E-05 0.0796895 9.98949E-05 0.640748 0.0558855 9.98949E-05 9.98949E-05 9.98949E-05 0.0126929 0.0342989 9.98949E-05 9.98949E-05 9.98949E-05
0.273515 9.98773E-05 9.98773E-05 9.98773E-05 9.98773E-05 0.0143266 0.139334 9.98773E-05 9.98773E-05 0.525163 9.98773E-05 9.98773E-05 9.98773E-05 9.98773E-05 9.98773E-05 9.98773E-05 9.98773E-05 0.0462633 9.98773E-05
9.98596E-05 9.98596E-05 9.98596E-05 9.98596E-05 9.98596E-05 9.98596E-05 0.0168307 9.98596E-05 9.98596E-05 0.617992 9.98596E-05 9.98596E-05 9.98596E-05 9.98596E-05 9.98596E-05 9.98596E-05 9.98596E-05 9.98596E-05 0.363579
9.98683E-05 9.98683E-05 9.98683E-05 9.98683E-05 9.98683E-05 9.98683E-05 0.11924 9.98683E-05 9.98683E-05 0.715608 9.98683E-05 0.010902 0.152753 9.98683E-05 9.98683E-05 9.98683E-05 9.98683E-05 9.98683E-05 9.98683E-05
0.216682 9.98859E-05 9.98859E-05 0.0458718 9.98859E-05 9.98859E-05 0.0185 9.98859E-05 9.98859E-05 0.213317 9.98859E-05 9.98859E-05 9.98859E-05 9.98859E-05 9.98859E-05 0.0211054 9.98859E-05 9.98859E-05 0.483225
0.0994107 9.98773E-05 9.98773E-05 9.98773E-05 9.98773E-05 0.00666799 0.146296 9.98773E-05 9.98773E-05 0.610799 9.98773E-05 9.98773E-05 9.98773E-05 9.98773E-05 9.98773E-05 9.98773E-05 9.98773E-05 9.98773E-05 0.135428
0.101724 9.98684E-05 9.98684E-05 9.98684E-05 9.98684E-05 0.0203529 9.98684E-05 9.98684E-05 9.98684E-05 0.846189 0.0302361 9.98684E-05 9.98684E-05 9.98684E-05 9.98684E-05 9.98684E-05 9.98684E-05 9.98684E-05 9.98684E-05
9.98507E-05 9.98507E-05 9.98507E-05 9.98507E-05 9.98507E-05 9.98507E-05 9.98507E-05 9.98507E-05 9.98507E-05 0.881012 9.98507E-05 9.98507E-05 0.11729 9.98507E-05 9.98507E-05 9.98507E-05 9.98507E-05 9.98507E-05 9.98507E-05
0.228602 9.9877E-05 9.9877E-05 9.9877E-05 9.9877E-05 9.9877E-05 0.116816 9.9877E-05 9.9877E-05 0.398898 9.9877E-05 9.9877E-05 9.9877E-05 0.000682633 9.9877E-05 0.253604 9.9877E-05 9.9877E-05 9.9877E-05
0.179829 9.98595E-05 9.98595E-05 9.98595E-05 9.98595E-05 9.98595E-05 0.0698035 9.98595E-05 9.98595E-05 0.74877 9.98595E-05 9.98595E-05 9.98595E-05 9.98595E-05 9.98595E-05 9.98595E-05 9.98595E-05 9.98595E-05 9.98595E-05
0.0398039 9.98683E-05 9.98683E-05 9.98683E-05 0.00662204 9.98683E-05 0.0883644 9.98683E-05 9.98683E-05 0.863712 9.98683E-05 9.98683E-05 9.98683E-05 9.98683E-05 9.98683E-05 9.98683E-05 9.98683E-05 9.98683E-05 9.98683E-05
9.98685E-05 9.98685E-05 9.98685E-05 9.98685E-05 9.98685E-05 9.98685E-05 0.0492172 9.98685E-05 9.98685E-05 0.866027 9.98685E-05 9.98685E-05 9.98685E-05 9.98685E-05 0.081047 9.98685E-05 9.98685E-05 9.98685E-05 0.00221066
0.107007 9.98772E-05 9.98772E-05 9.98772E-05 9.98772E-05 9.98772E-05 0.0861691 9.98772E-05 9.98772E-05 0.677882 9.98772E-05 9.98772E-05 9.98772E-05 9.98772E-05 9.98772E-05 0.0156145 9.98772E-05 9.98772E-05 0.11193
9.98418E-05 9.98418E-05 9.98418E-05 9.98418E-05 9.98418E-05 9.98418E-05 0.998203 9.98418E-05 9.98418E-05 9.98418E-05 9.98418E-05 9.98418E-05 9.98418E-05 9.98418E-05 9.98418E-05 9.98418E-05 9.98418E-05 9.98418E-05 9.98418E-05
0.998203 9.98417E-05 9.98417E-05 9.98417E-05 9.98417E-05 9.98417E-05 9.98417E-05 9.98417E-05 9.98417E-05 9.98417E-05 9.98417E-05 9.98417E-05 9.98417E-05 9.98417E-05 9.98417E-05 9.98417E-05 9.98417E-05 9.98417E-05 9.98417E-05
9.98418E-05 9.98418E-05 9.98418E-05 9.98418E-05 9.98418E-05 9.98418E-05 0.998203 9.98418E-05 9.98418E-05 9.98418E-05 9.98418E-05 9.98418E-05 9.98418E-05 9.98418E-05 9.98418E-05 9.98418E-05 9.98418E-05 9.98418E-05 9.98418E-05
0.998203 9.98417E-05 9.98417E-05 9.98417E-05 9.98417E-05 9.98417E-05 9.98417E-05 9.98417E-05 9.98417E-05 9.98417E-05 9.98417E-05 9.98417E-05 9.98417E-05 9.98417E-05 9.98417E-05 9.98417E-05 9.98417E-05 9.98417E-05 9.98417E-05
0.998203 9.98419E-05 9.98419E-05 9.98419E-05 9.98419E-05 9.98419E-05 9.98419E-05 9.98419E-05 9.98419E-05 9.98419E-05 9.98419E-05 9.98419E-05 9.98419E-05 9.98419E-05 9.98419E-05 9.98419E-05 9.98419E-05 9.98419E-05 9.98419E-05
0.998203 9.98419E-05 9.98419E-05 9.98419E-05 9.98419E-05 9.98419E-05 9.98419E-05 9.98419E-05 9.98419E-05 9.98419E-05 9.98419E-05 9.98419E-05 9.98419E-05 9.98419E-05 9.98419E-05 9.98419E-05 9.98419E-05 9.98419E-05 9.98419E-05
9.98417E-05 9.98417E-05 9.98417E-05 9.98417E-05 9.98417E-05 9.98417E-05 0.998203 9.98417E-05 9.98417E-05 9.98417E-05 9.98417E-05 9.98417E-05 9.98417E-05 9.98417E-05 9.98417E-05 9.98417E-05 9.98417E-05 9.98417E-05 9.98417E-05
0.998203 9.98417E-05 9.98417E-05 9.98417E-05 9.98417E-05 9.98417E-05 9.98417E-05 9.98417E-05 9.98417E-05 9.98417E-05 9.98417E-05 9.98417E-05 9.98417E-05 9.98417E-05 9.98417E-05 9.98417E-05 9.98417E-05 9.98417E-05 9.98417E-05
0.998203 9.98419E-05 9.98419E-05 9.98419E-05 9.98419E-05 9.98419E-05 9.98419E-05 9.98419E-05 9.98419E-05 9.98419E-05 9.98419E-05 9.98419E-05 9.98419E-05 9.98419E-05 9.98419E-05 9.98419E-05 9.98419E-05 9.98419E-05 9.98419E-05
9.98417E-05 9.98417E-05 9.98417E-05 9.98417E-05 9.98417E-05 9.98417E-05 0.998203 9.98417E-05 9.98417E-05 9.98417E-05 9.98417E-05 9.98417E-05 9.98417E-05 9.98417E-05 9.98417E-05 9.98417E-05 9.98417E-05 9.98417E-05 9.98417E-05
9.98417E-05 9.98417E-05 9.98417E-05 9.98417E-05 9.98417E-05 9.98417E-05 0.998203 9.98417E-05 9.98417E-05 9.98417E-05 9.98417E-05 9.98417E-05 9.98417E-05 9.98417E-05 9.98417E-05 9.98417E-05 9.98417E-05 9.98417E-05 9.98417E-05
9.98418E-05 9.98418E-05 9.98418E-05 9.98418E-05 9.98418E-05 9.98418E-05 0.998203 9.98418E-05 9.98418E-05 9.98418E-05 9.98418E-05 9.98418E-05 9.98418E-05 9.98418E-05 9.98418E-05 9.98418E-05 9.98418E-05 9.98418E-05 9.98418E-05
0.998203 9.98417E-05 9.98417E-05 9.98417E-05 9.98417E-05 9.98417E-05 9.98417E-05 9.98417E-05 9.98417E-05 9.98417E-05 9.98417E-05 9.98417E-05 9.98417E-05 9.98417E-05 9.98417E-05 9.98417E-05 9.98417E-05 9.98417E-05 9.98417E-05
0.998203 9.98418E-05 9.98418E-05 9.98418E-05 9.98418E-05 9.98418E-05 9.98418E-05 9.98418E-05 9.98418E-05 9.98418E-05 9.98418E-05 9.98418E-05 9.98418E-05 9.98418E-05 9.98418E-05 9.98418E-05 9.98418E-05 9.98418E-05 9.98418E-05
9.98417E-05 9.98417E-05 9.98417E-05 9.98417E-05 9.98417E-05 9.98417E-05 0.998203 9.98417E-05 9.98417E-05 9.98417E-05 9.98417E-05 9.98417E-05 9.98417E-05 9.98417E-05 9.98417E-05 9.98417E-05 9.98417E-05 9.98417E-05 9.98417E-05
9.98417E-05 9.98417E-05 9.98417E-05 9.98417E-05 9.98417E-05 9.98417E-05 0.998203 9.98417E-05 9.98417E-05 9.98417E-05 9.98417E-05 9.98417E-05 9.98417E-05 9.98417E-05 9.98417E-05 9.98417E-05 9.98417E-05 9.98417E-05 9.98417E-05
0.129721 9.98946E-05 9.98946E-05 9.98946E-05 9.98946E-05 0.0250098 0.211963 9.98946E-05 9.98946E-05 0.468193 9.98946E-05 9.98946E-05 0.0338322 9.98946E-05 0.031249 9.98946E-05 0.0988331 9.98946E-05 9.98946E-05
9.98418E-05 9.98418E-05 9.98418E-05 9.98418E-05 9.98418E-05 9.98418E-05 0.998203 9.98418E-05 9.98418E-05 9.98418E-05 9.98418E-05 9.98418E-05 9.98418E-05 9.98418E-05 9.98418E-05 9.98418E-05 9.98418E-05 9.98418E-05 9.98418E-05
0.998203 9.98418E-05 9.98418E-05 9.98418E-05 9.98418E-05 9.98418E-05 9.98418E-05 9.98418E-05 9.98418E-05 9.98418E-05 9.98418E-05 9.98418E-05 9.98418E-05 9.98418E-05 9.98418E-05 9.98418E-05 9.98418E-05 9.98418E-05 9.98418E-05
9.98417E-05 9.98417E-05 9.98417E-05 9.98417E-05 9.98417E-05 9.98417E-05 0.998203 9.98417E-05 9.98417E-05 9.98417E-05 9.98417E-05 9.98417E-05 9.98417E-05 9.98417E-05 9.98417E-05 9.98417E-05 9.98417E-05 9.98417E-05 9.98417E-05
9.98418E-05 9.98418E-05 9.98418E-05 9.98418E-05 9.98418E-05 9.98418E-05 0.998203 9.98418E-05 9.98418E-05 9.98418E-05 9.98418E-05 9.98418E-05 9.98418E-05 9.98418E-05 9.98418E-05 9.98418E-05 9.98418E-05 9.98418E-05 9.98418E-05
9.98417E-05 9.98417E-05 9.98417E-05 9.98417E-05 9.98417E-05 9.98417E-05 0.998203 9.98417E-05 9.98417E-05 9.98417E-05 9.98417E-05 9.98417E-05 9.98417E-05 9.98417E-05 9.98417E-05 9.98417E-05 9.98417E-05 9.98417E-05 9.98417E-05
0.998203 9.98417E-05 9.98417E-05 9.98417E-05 9.98417E-05 9.98417E-05 9.98417E-05 9.98417E-05 9.98417E-05 9.98417E-05 9.98417E-05 9.98417E-05 9.98417E-05 9.98417E-05 9.98417E-05 9.98417E-05 9.98417E-05 9.98417E-05 9.98417E-05
9.98418E-05 9.98418E-05 9.98418E-05 9.98418E-05 9.98418E-05 9.98418E-05 0.998203 9.98418E-05 9.98418E-05 9.98418E-05 9.98418E-05 9.98418E-05 9.98418E-05 9.98418E-05 9.98418E-05 9.98418E-05 9.98418E-05 9.98418E-05 9.98418E-05
0.998203 9.98417E-05 9.98417E-05 9.98417E-05 9.98417E-05 9.98417E-05 9.98417E-05 9.98417E-05 9.98417E-05 9.98417E-05 9.98417E-05 9.98417E-05 9.98417E-05 9.98417E-05 9.98417E-05 9.98417E-05 9.98417E-05 9.98417E-05 9.98417E-05
9.98418E-05 9.98418E-05 9.98418E-05 9.98418E-05 9.98418E-05 9.98418E-05 0.998203 9.98418E-05 9.98418E-05 9.98418E-05 9.98418E-05 9.98418E-05 9.98418E-05 9.98418E-05 9.98418E-05 9.98418E-05 9.98418E-05 9.98418E-05 9.98418E-05
9.98417E-05 9.98417E-05 9.98417E-05 9.98417E-05 9.98417E-05 9.98417E-05 0.998203 9.98417E-05 9.98417E-05 9.98417E-05 9.98417E-05 9.98417E-05 9.98417E-05 9.98417E-05 9.98417E-05 9.98417E-05 9.98417E-05 9.98417E-05 9.98417E-05
0.998203 9.98417E-05 9.98417E-05 9.98417E-05 9.98417E-05 9.98417E-05 9.98417E-05 9.98417E-05 9.98417E-05 9.98417E-05 9.98417E-05 9.98417E-05 9.98417E-05 9.98417E-05 9.98417E-05 9.98417E-05 9.98417E-05 9.98417E-05 9.98417E-05
0.998203 9.98419E-05 9.98419E-05 9.98419E-05 9.98419E-05 9.98419E-05 9.98419E-05 9.98419E-05 9.98419E-05 9.98419E-05 9.98419E-05 9.98419E-05 9.98419E-05 9.98419E-05 9.98419E-05 9.98419E-05 9.98419E-05 9.98419E-05 9.98419E-05
0.998203 9.98418E-05 9.98418E-05 9.98418E-05 9.98418E-05 9.98418E-05 9.98418E-05 9.98418E-05 9.98418E-05 9.98418E-05 9.98418E-05 9.98418E-05 9.98418E-05 9.98418E-05 9.98418E-05 9.98418E-05 9.98418E-05 9.98418E-05 9.98418E-05
9.98418E-05 9.98418E-05 9.98418E-05 9.98418E-05 9.98418E-05 9.98418E-05 0.998203 9.98418E-05 9.98418E-05 9.98418E-05 9.98418E-05 9.98418E-05 9.98418E-05 9.98418E-05 9.98418E-05 9.98418E-05 9.98418E-05 9.98418E-05 9.98418E-05
9.98418E-05 9.98418E-05 9.98418E-05 9.98418E-05 9.98418E-05 9.98418E-05 0.998203 9.98418E-05 9.98418E-05 9.98418E-05 9.98418E-05 9.98418E-05 9.98418E-05 9.98418E-05 9.98418E-05 9.98418E-05 9.98418E-05 9.98418E-05 9.98418E-05
9.98416E-05 9.98416E-05 9.98416E-05 9.98416E-05 9.98416E-05 9.98416E-05 0.998203 9.98416E-05 9.98416E-05 9.98416E-05 9.98416E-05 9.98416E-05 9.98416E-05 9.98416E-05 9.98416E-05 9.98416E-05 9.98416E-05 9.98416E-05 9.98416E-05
9.98417E-05 9.98417E-05 9.98417E-05 9.98417E-05 9.98417E-05 9.98417E-05 0.998203 9.98417E-05 9.98417E-05 9.98417E-05 9.98417E-05 9.98417E-05 9.98417E-05 9.98417E-05 9.98417E-05 9.98417E-05 9.98417E-05 9.98417E-05 9.98417E-05
9.98418E-05 9.98418E-05 9.98418E-05 9.98418E-05 9.98418E-05 9.98418E-05 0.998203 9.98418E-05 9.98418E-05 9.98418E-05 9.98418E-05 9.98418E-05 9.98418E-05 9.98418E-05 9.98418E-05 9.98418E-05 9.98418E-05 9.98418E-05 9.98418E-05
0.998203 9.98419E-05 9.98419E-05 9.98419E-05 9.98419E-05 9.98419E-05 9.98419E-05 9.98419E-05 9.98419E-05 9.98419E-05 9.98419E-05 9.98419E-05 9.98419E-05 9.98419E-05 9.98419E-05 9.98419E-05 9.98419E-05 9.98419E-05 9.98419E-05
