9.9842E-05 9.9842E-05 0.350592 9.9842E-05 9.9842E-05 0.299359 9.9842E-05 0.0023096 9.9842E-05 0.0333966 9.9842E-05 0.0964762 9.9842E-05 9.9842E-05 0.0195003 9.9842E-05 9.9842E-05 0.138376 9.9842E-05 9.9842E-05 9.9842E-05 9.9842E-05 9.9842E-05 9.9842E-05 9.9842E-05 0.0581936
9.98246E-05 9.98246E-05 0.708393 9.98246E-05 9.98246E-05 0.0456802 9.98246E-05 0.0801552 9.98246E-05 0.0539335 9.98246E-05 9.98246E-05 9.98246E-05 9.98246E-05 9.98246E-05 9.98246E-05 0.0926877 9.98246E-05 0.017154 9.98246E-05 9.98246E-05 9.98246E-05 9.98246E-05 9.98246E-05 9.98246E-05 9.98246E-05
0.0130838 9.97895E-05 9.97895E-05 9.97895E-05 9.97895E-05 9.97895E-05 9.97895E-05 9.97895E-05 9.97895E-05 9.97895E-05 9.97895E-05 9.97895E-05 0.984521 9.97895E-05 9.97895E-05 9.97895E-05 9.97895E-05 9.97895E-05 9.97895E-05 9.97895E-05 9.97895E-05 9.97895E-05 9.97895E-05 9.97895E-05 9.97895E-05 9.97895E-05
0.204682 9.98333E-05 9.98333E-05 0.0401989 9.98333E-05 9.98333E-05 9.98333E-05 9.98333E-05 9.98333E-05 0.0685281 9.98333E-05 9.98333E-05 0.235344 9.98333E-05 0.109727 9.98333E-05 9.98333E-05 0.202997 0.136626 9.98333E-05 9.98333E-05 9.98333E-05 9.98333E-05 9.98333E-05 9.98333E-05 9.98333E-05
9.97983E-05 9.97983E-05 0.863729 9.97983E-05 9.97983E-05 9.97983E-05 9.97983E-05 9.97983E-05 9.97983E-05 9.97983E-05 9.97983E-05 9.97983E-05 9.97983E-05 0.0214447 9.97983E-05 0.112531 9.97983E-05 9.97983E-05 9.97983E-05 9.97983E-05 9.97983E-05 9.97983E-05 9.97983E-05 9.97983E-05 9.97983E-05 9.97983E-05
9.98335E-05 0.154569 9.98335E-05 9.98335E-05 9.98335E-05 0.108075 9.98335E-05 9.98335E-05 0.151451 9.98335E-05 9.98335E-05 9.98335E-05 0.321332 0.0435777 0.0129633 0.206136 9.98335E-05 9.98335E-05 9.98335E-05 9.98335E-05 9.98335E-05 9.98335E-05 9.98335E-05 9.98335E-05 9.98335E-05 9.98335E-05
9.98598E-05 9.98598E-05 0.264976 0.0215718 9.98598E-05 0.0648248 0.046676 0.136777 9.98598E-05 0.113178 9.98598E-05 9.98598E-05 0.00658789 9.98598E-05 9.98598E-05 9.98598E-05 9.98598E-05 0.143002 0.100898 9.98598E-05 9.98598E-05 9.98598E-05 9.98598E-05 9.98598E-05 9.98598E-05 0.0999104
9.98685E-05 0.00264949 0.16174 0.121313 9.98685E-05 0.118388 0.104823 9.98685E-05 0.105631 9.98685E-05 9.98685E-05 0.0733619 9.98685E-05 0.0534609 9.98685E-05 0.0477377 9.98685E-05 0.206715 0.00268265 9.98685E-05 9.98685E-05 9.98685E-05 9.98685E-05 9.98685E-05 9.98685E-05 9.98685E-05
9.98509E-05 9.98509E-05 0.018668 9.98509E-05 9.98509E-05 9.98509E-05 9.98509E-05 0.00185564 0.187932 9.98509E-05 9.98509E-05 9.98509E-05 0.28358 9.98509E-05 9.98509E-05 0.131671 0.00612661 0.0243471 9.98509E-05 9.98509E-05 9.98509E-05 9.98509E-05 9.98509E-05 0.107802 9.98509E-05 0.236319
9.97982E-05 9.97982E-05 0.893666 9.97982E-05 9.97982E-05 9.97982E-05 9.97982E-05 9.97982E-05 9.97982E-05 9.97982E-05 0.035588 9.97982E-05 9.97982E-05 9.97982E-05 9.97982E-05 9.97982E-05 9.97982E-05 9.97982E-05 9.97982E-05 9.97982E-05 9.97982E-05 9.97982E-05 9.97982E-05 9.97982E-05 9.97982E-05 0.0684507
0.0214084 9.98333E-05 0.296077 9.98333E-05 9.98333E-05 0.160705 9.98333E-05 9.98333E-05 9.98333E-05 0.132801 9.98333E-05 9.98333E-05 0.157842 9.98333E-05 9.98333E-05 9.98333E-05 9.98333E-05 0.0539633 9.98333E-05 9.98333E-05 9.98333E-05 9.98333E-05 9.98333E-05 9.98333E-05 9.98333E-05 0.175305
9.97807E-05 9.97807E-05 9.97807E-05 9.97807E-05 9.97807E-05 9.97807E-05 9.97807E-05 9.97807E-05 9.97807E-05 9.97807E-05 9.97807E-05 9.97807E-05 0.997505 9.97807E-05 9.97807E-05 9.97807E-05 9.97807E-05 9.97807E-05 9.97807E-05 9.97807E-05 9.97807E-05 9.97807E-05 9.97807E-05 9.97807E-05 9.97807E-05 9.97807E-05
9.97983E-05 9.97983E-05 0.806003 9.97983E-05 9.97983E-05 9.97983E-05 9.97983E-05 9.97983E-05 9.97983E-05 9.97983E-05 9.97983E-05 9.97983E-05 9.97983E-05 9.97983E-05 9.97983E-05 9.97983E-05 9.97983E-05 0.107137 9.97983E-05 9.97983E-05 9.97983E-05 9.97983E-05 9.97983E-05 9.97983E-05 9.97983E-05 0.0845644
0.119208 9.98597E-05 0.193334 9.98597E-05 9.98597E-05 9.98597E-05 9.98597E-05 9.98597E-05 9.98597E-05 0.0397225 9.98597E-05 9.98597E-05 0.323064 0.012074 9.98597E-05 9.98597E-05 9.98597E-05 0.0459314 9.98597E-05 9.98597E-05 0.144277 0.0504271 9.98597E-05 9.98597E-05 0.0252642 0.0450995
0.0372558 9.98507E-05 0.255715 9.98507E-05 9.98507E-05 0.185967 9.98507E-05 9.98507E-05 0.123768 9.98507E-05 9.98507E-05 9.98507E-05 9.98507E-05 9.98507E-05 9.98507E-05 0.0738514 9.98507E-05 0.052805 9.98507E-05 9.98507E-05 0.0734429 0.0763621 9.98507E-05 9.98507E-05 9.98507E-05 0.119136
9.98684E-05 0.0131327 0.220676 9.98684E-05 9.98684E-05 0.109025 0.0751518 9.98684E-05 0.141268 9.98684E-05 9.98684E-05 0.00595247 9.98684E-05 9.98684E-05 0.0363519 0.0700366 9.98684E-05 0.0766166 0.0777762 9.98684E-05 9.98684E-05 9.98684E-05 9.98684E-05 9.98684E-05 9.98684E-05 0.172515
9.98422E-05 9.98422E-05 0.296777 9.98422E-05 9.98422E-05 9.98422E-05 0.0140555 0.101291 9.98422E-05 9.98422E-05 9.98422E-05 0.144884 0.187567 9.98422E-05 9.98422E-05 9.98422E-05 9.98422E-05 0.0110851 9.98422E-05 9.98422E-05 0.241629 9.98422E-05 9.98422E-05 9.98422E-05 9.98422E-05 0.000914406
0.0313196 9.98509E-05 0.111679 0.0952673 9.98509E-05 0.222897 9.98509E-05 9.98509E-05 9.98509E-05 9.98509E-05 0.0896219 9.98509E-05 9.98509E-05 9.98509E-05 9.98509E-05 9.98509E-05 9.98509E-05 0.166218 9.98509E-05 0.128959 9.98509E-05 9.98509E-05 9.98509E-05 0.0293432 9.98509E-05 0.122997
9.98332E-05 0.182636 0.303866 9.98332E-05 9.98332E-05 0.0922924 9.98332E-05 9.98332E-05 0.0504023 9.98332E-05 9.98332E-05 9.98332E-05 0.0278483 9.98332E-05 9.98332E-05 9.98332E-05 9.98332E-05 0.155619 9.98332E-05 9.98332E-05 9.98332E-05 9.98332E-05 9.98332E-05 9.98332E-05 9.98332E-05 0.185439
9.97983E-05 9.97983E-05 0.985403 9.97983E-05 9.97983E-05 9.97983E-05 9.97983E-05 9.97983E-05 0.000619199 9.97983E-05 9.97983E-05 9.97983E-05 9.97983E-05 9.97983E-05 0.0116829 9.97983E-05 9.97983E-05 9.97983E-05 9.97983E-05 9.97983E-05 9.97983E-05 9.97983E-05 9.97983E-05 9.97983E-05 9.97983E-05 9.97983E-05
0.120017 9.98597E-05 0.306852 0.325024 9.98597E-05 9.98597E-05 9.98597E-05 9.98597E-05 0.0714454 0.0376299 9.98597E-05 9.98597E-05 0.0690758 9.98597E-05 9.98597E-05 9.98597E-05 9.98597E-05 0.0300055 9.98597E-05 9.98597E-05 9.98597E-05 0.0142724 9.98597E-05 0.0153888 9.98597E-05 0.00869181
9.98248E-05 0.181934 9.98248E-05 9.98248E-05 9.98248E-05 9.98248E-05 9.98248E-05 9.98248E-05 0.100317 9.98248E-05 9.98248E-05 9.98248E-05 0.213647 0.0352786 9.98248E-05 9.98248E-05 0.0325673 0.43426 9.98248E-05 9.98248E-05 9.98248E-05 9.98248E-05 9.98248E-05 9.98248E-05 9.98248E-05 9.98248E-05
9.98158E-05 9.98158E-05 0.579248 9.98158E-05 9.98158E-05 0.244801 9.98158E-05 9.98158E-05 9.98158E-05 9.98158E-05 9.98158E-05 9.98158E-05 9.98158E-05 9.98158E-05 9.98158E-05 0.128292 9.98158E-05 9.98158E-05 9.98158E-05 0.00767484 9.98158E-05 9.98158E-05 9.98158E-05 9.98158E-05 9.98158E-05 0.0378886
9.98334E-05 9.98334E-05 0.312993 9.98334E-05 9.98334E-05 0.0362546 0.0124046 9.98334E-05 9.98334E-05 9.98334E-05 9.98334E-05 9.98334E-05 9.98334E-05 9.98334E-05 9.98334E-05 9.98334E-05 9.98334E-05 0.300477 9.98334E-05 9.98334E-05 9.98334E-05 9.98334E-05 0.0247148 0.0906871 9.98334E-05 0.220572
0.208048 9.98508E-05 0.025163 9.98508E-05 9.98508E-05 9.98508E-05 9.98508E-05 9.98508E-05 0.0554468 0.00989959 9.98508E-05 9.98508E-05 0.269259 9.98508E-05 0.154455 9.98508E-05 9.98508E-05 0.0432476 9.98508E-05 9.98508E-05 9.98508E-05 0.0377132 9.98508E-05 9.98508E-05 9.98508E-05 0.19507
9.98334E-05 9.98334E-05 0.142013 9.98334E-05 9.98334E-05 9.98334E-05 9.98334E-05 9.98334E-05 9.98334E-05 9.98334E-05 9.98334E-05 9.98334E-05 0.554311 9.98334E-05 9.98334E-05 0.00946339 9.98334E-05 0.094777 0.0395204 9.98334E-05 0.0550975 9.98334E-05 9.98334E-05 9.98334E-05 9.98334E-05 0.102921
0.368833 9.98334E-05 9.98334E-05 9.98334E-05 9.98334E-05 9.98334E-05 0.0452105 9.98334E-05 9.98334E-05 9.98334E-05 0.10418 9.98334E-05 9.98334E-05 9.98334E-05 9.98334E-05 9.98334E-05 0.230221 0.21403 0.0133292 9.98334E-05 9.98334E-05 9.98334E-05 9.98334E-05 9.98334E-05 9.98334E-05 0.0222988
0.0842178 9.98246E-05 0.717006 9.98246E-05 0.0471819 9.98246E-05 9.98246E-05 9.98246E-05 9.98246E-05 9.98246E-05 9.98246E-05 9.98246E-05 9.98246E-05 9.98246E-05 9.98246E-05 9.98246E-05 9.98246E-05 0.0610529 0.0708762 9.98246E-05 9.98246E-05 9.98246E-05 9.98246E-05 9.98246E-05 9.98246E-05 0.0176682
0.17754 9.98334E-05 0.583538 9.98334E-05 9.98334E-05 0.0313333 9.98334E-05 9.98334E-05 9.98334E-05 0.0196381 9.98334E-05 9.98334E-05 9.98334E-05 9.98334E-05 0.00419148 9.98334E-05 9.98334E-05 9.98334E-05 9.98334E-05 9.98334E-05 9.98334E-05 9.98334E-05 9.98334E-05 0.0499618 9.98334E-05 0.131901
9.9807E-05 9.9807E-05 0.425342 9.9807E-05 9.9807E-05 9.9807E-05 9.9807E-05 9.9807E-05 9.9807E-05 0.0495201 9.9807E-05 9.9807E-05 0.110203 9.9807E-05 9.9807E-05 9.9807E-05 9.9807E-05 9.9807E-05 9.9807E-05 9.9807E-05 0.412739 9.9807E-05 9.9807E-05 9.9807E-05 9.9807E-05 9.9807E-05
9.98334E-05 0.108278 0.591076 9.98334E-05 9.98334E-05 0.0420713 9.98334E-05 9.98334E-05 0.0820526 0.12117 0.0123857 9.98334E-05 9.98334E-05 9.98334E-05 9.98334E-05 9.98334E-05 9.98334E-05 9.98334E-05 0.0410701 9.98334E-05 9.98334E-05 9.98334E-05 9.98334E-05 9.98334E-05 9.98334E-05 9.98334E-05
0.127486 9.98423E-05 0.486396 0.144954 9.98423E-05 9.98423E-05 9.98423E-05 9.98423E-05 9.98423E-05 0.0622452 9.98423E-05 0.0394686 0.0368152 9.98423E-05 9.98423E-05 9.98423E-05 9.98423E-05 0.0267247 9.98423E-05 9.98423E-05 9.98423E-05 9.98423E-05 9.98423E-05 9.98423E-05 9.98423E-05 0.074114
0.218103 9.98333E-05 9.98333E-05 9.98333E-05 9.98333E-05 0.0353591 9.98333E-05 9.98333E-05 9.98333E-05 0.0339562 9.98333E-05 9.98333E-05 0.453086 9.98333E-05 9.98333E-05 9.98333E-05 9.98333E-05 0.0770193 9.98333E-05 0.0157278 9.98333E-05 9.98333E-05 9.98333E-05 9.98333E-05 9.98333E-05 0.164852
0.149548 9.98157E-05 9.98157E-05 9.98157E-05 9.98157E-05 9.98157E-05 9.98157E-05 9.98157E-05 9.98157E-05 9.98157E-05 0.0201749 9.98157E-05 0.693396 9.98157E-05 9.98157E-05 9.98157E-05 9.98157E-05 0.037606 9.98157E-05 9.98157E-05 9.98157E-05 9.98157E-05 9.98157E-05 9.98157E-05 9.98157E-05 0.0971785
9.98246E-05 9.98246E-05 0.754386 9.98246E-05 9.98246E-05 9.98246E-05 9.98246E-05 0.0597114 9.98246E-05 0.00671283 9.98246E-05 9.98246E-05 9.98246E-05 9.98246E-05 0.0719567 9.98246E-05 0.0717283 9.98246E-05 9.98246E-05 9.98246E-05 9.98246E-05 9.98246E-05 9.98246E-05 9.98246E-05 9.98246E-05 0.0335083
9.9851E-05 9.9851E-05 0.193803 9.9851E-05 9.9851E-05 0.0120546 9.9851E-05 9.9851E-05 0.0169162 0.0429068 9.9851E-05 9.9851E-05 0.457086 9.9851E-05 9.9851E-05 9.9851E-05 0.104713 0.0316451 0.121258 9.9851E-05 9.9851E-05 9.9851E-05 9.9851E-05 9.9851E-05 9.9851E-05 0.0179204
9.97984E-05 0.0732301 0.863609 9.97984E-05 9.97984E-05 9.97984E-05 0.0608658 9.97984E-05 9.97984E-05 9.97984E-05 9.97984E-05 9.97984E-05 9.97984E-05 9.97984E-05 9.97984E-05 9.97984E-05 9.97984E-05 9.97984E-05 9.97984E-05 9.97984E-05 9.97984E-05 9.97984E-05 9.97984E-05 9.97984E-05 9.97984E-05 9.97984E-05
9.98248E-05 9.98248E-05 9.98248E-05 9.98248E-05 9.98248E-05 9.98248E-05 9.98248E-05 9.98248E-05 0.0819174 9.98248E-05 9.98248E-05 9.98248E-05 0.642899 9.98248E-05 0.0125418 9.98248E-05 9.98248E-05 9.98248E-05 0.0106048 9.98248E-05 9.98248E-05 9.98248E-05 0.0931304 9.98248E-05 9.98248E-05 0.15691
9.98247E-05 9.98247E-05 9.98247E-05 9.98247E-05 9.98247E-05 9.98247E-05 9.98247E-05 0.0981203 9.98247E-05 9.98247E-05 9.98247E-05 9.98247E-05 0.533091 0.0377218 9.98247E-05 9.98247E-05 9.98247E-05 0.0108451 9.98247E-05 9.98247E-05 0.16718 9.98247E-05 9.98247E-05 9.98247E-05 9.98247E-05 0.151046
0.129362 9.98157E-05 9.98157E-05 9.98157E-05 9.98157E-05 9.98157E-05 0.0782807 9.98157E-05 9.98157E-05 0.0168248 9.98157E-05 9.98157E-05 0.657135 9.98157E-05 9.98157E-05 9.98157E-05 9.98157E-05 9.98157E-05 9.98157E-05 9.98157E-05 9.98157E-05 9.98157E-05 9.98157E-05 9.98157E-05 9.98157E-05 0.116301
9.98158E-05 9.98158E-05 9.98158E-05 9.98158E-05 9.98158E-05 9.98158E-05 9.98158E-05 9.98158E-05 0.00959685 9.98158E-05 9.98158E-05 9.98158E-05 0.902931 9.98158E-05 9.98158E-05 9.98158E-05 0.00609797 0.050379 9.98158E-05 9.98158E-05 9.98158E-05 9.98158E-05 9.98158E-05 9.98158E-05 9.98158E-05 0.028899
9.98161E-05 9.98161E-05 0.504313 9.98161E-05 9.98161E-05 9.98161E-05 9.98161E-05 9.98161E-05 9.98161E-05 9.98161E-05 9.98161E-05 9.98161E-05 0.126531 9.98161E-05 9.98161E-05 9.98161E-05 0.136629 0.186929 9.98161E-05 9.98161E-05 9.98161E-05 9.98161E-05 9.98161E-05 9.98161E-05 9.98161E-05 0.0435033
9.98246E-05 0.0118663 0.715846 9.98246E-05 9.98246E-05 9.98246E-05 9.98246E-05 9.98246E-05 9.98246E-05 9.98246E-05 9.98246E-05 9.98246E-05 9.98246E-05 0.0289385 9.98246E-05 9.98246E-05 0.00865608 0.0980925 9.98246E-05 9.98246E-05 0.134604 9.98246E-05 9.98246E-05 9.98246E-05 9.98246E-05 9.98246E-05
9.98333E-05 9.98333E-05 9.98333E-05 9.98333E-05 9.98333E-05 0.192832 9.98333E-05 9.98333E-05 0.0849024 0.00898066 9.98333E-05 9.98333E-05 0.425833 9.98333E-05 9.98333E-05 9.98333E-05 9.98333E-05 0.110722 9.98333E-05 9.98333E-05 9.98333E-05 9.98333E-05 9.98333E-05 0.00893212 9.98333E-05 0.165902
9.98159E-05 9.98159E-05 9.98159E-05 9.98159E-05 9.98159E-05 9.98159E-05 9.98159E-05 9.98159E-05 9.98159E-05 9.98159E-05 9.98159E-05 9.98159E-05 0.22493 0.0426346 9.98159E-05 9.98159E-05 9.98159E-05 0.564839 0.0535685 9.98159E-05 9.98159E-05 9.98159E-05 9.98159E-05 9.98159E-05 9.98159E-05 0.111932
9.97807E-05 9.97807E-05 9.97807E-05 9.97807E-05 9.97807E-05 9.97807E-05 9.97807E-05 9.97807E-05 9.97807E-05 9.97807E-05 9.97807E-05 9.97807E-05 0.997505 9.97807E-05 9.97807E-05 9.97807E-05 9.97807E-05 9.97807E-05 9.97807E-05 9.97807E-05 9.97807E-05 9.97807E-05 9.97807E-05 9.97807E-05 9.97807E-05 9.97807E-05
9.98158E-05 9.98158E-05 0.819825 9.98158E-05 9.98158E-05 9.98158E-05 9.98158E-05 9.98158E-05 9.98158E-05 0.0159272 0.0161583 9.98158E-05 9.98158E-05 9.98158E-05 9.98158E-05 9.98158E-05 9.98158E-05 9.98158E-05 0.0583389 9.98158E-05 9.98158E-05 9.98158E-05 9.98158E-05 9.98158E-05 9.98158E-05 0.0876548
9.97808E-05 9.97808E-05 9.97808E-05 9.97808E-05 9.97808E-05 9.97808E-05 9.97808E-05 9.97808E-05 9.97808E-05 9.97808E-05 9.97808E-05 9.97808E-05 0.997505 9.97808E-05 9.97808E-05 9.97808E-05 9.97808E-05 9.97808E-05 9.97808E-05 9.97808E-05 9.97808E-05 9.97808E-05 9.97808E-05 9.97808E-05 9.97808E-05 9.97808E-05
9.9842E-05 9.9842E-05 0.669954 9.9842E-05 9.9842E-05 0.0994267 0.0332968 9.9842E-05 9.9842E-05 0.0353395 9.9842E-05 0.0430308 9.9842E-05 9.9842E-05 9.9842E-05 9.9842E-05 9.9842E-05 0.00523881 0.0182456 9.9842E-05 9.9842E-05 9.9842E-05 9.9842E-05 9.9842E-05 9.9842E-05 0.0936702
9.98162E-05 9.98162E-05 0.785838 9.98162E-05 9.98162E-05 9.98162E-05 0.130959 9.98162E-05 9.98162E-05 9.98162E-05 9.98162E-05 9.98162E-05 9.98162E-05 9.98162E-05 9.98162E-05 0.0527261 9.98162E-05 0.017969 9.98162E-05 9.98162E-05 9.98162E-05 0.0104118 9.98162E-05 9.98162E-05 9.98162E-05 9.98162E-05
0.0949866 9.98508E-05 0.351374 9.98508E-05 9.98508E-05 9.98508E-05 9.98508E-05 9.98508E-05 0.0385806 0.0821155 9.98508E-05 9.98508E-05 9.98508E-05 9.98508E-05 0.107149 9.98508E-05 0.0678565 9.98508E-05 9.98508E-05 9.98508E-05 0.0188473 9.98508E-05 9.98508E-05 0.0316705 9.98508E-05 0.205723
9.9816E-05 9.9816E-05 9.9816E-05 9.9816E-05 9.9816E-05 9.9816E-05 9.9816E-05 9.9816E-05 9.9816E-05 9.9816E-05 9.9816E-05 9.9816E-05 0.67246 9.9816E-05 9.9816E-05 0.0346592 9.9816E-05 0.157387 0.0901574 9.9816E-05 9.9816E-05 9.9816E-05 9.9816E-05 0.0432396 9.9816E-05 9.9816E-05
9.9807E-05 9.9807E-05 0.776501 9.9807E-05 9.9807E-05 9.9807E-05 9.9807E-05 9.9807E-05 9.9807E-05 9.9807E-05 0.0966664 9.9807E-05 0.0067216 9.9807E-05 9.9807E-05 9.9807E-05 9.9807E-05 9.9807E-05 9.9807E-05 9.9807E-05 9.9807E-05 9.9807E-05 0.117915 9.9807E-05 9.9807E-05 9.9807E-05
9.98334E-05 9.98334E-05 9.98334E-05 9.98334E-05 9.98334E-05 9.98334E-05 0.163895 9.98334E-05 9.98334E-05 9.98334E-05 0.0406022 9.98334E-05 0.688453 9.98334E-05 0.000824847 9.98334E-05 9.98334E-05 9.98334E-05 9.98334E-05 9.98334E-05 9.98334E-05 0.0161876 9.98334E-05 9.98334E-05 0.0817966 0.00634344
9.98598E-05 0.102247 0.271873 9.98598E-05 9.98598E-05 9.98598E-05 9.98598E-05 9.98598E-05 0.00224038 9.98598E-05 9.98598E-05 9.98598E-05 0.508421 0.0127276 0.00422612 9.98598E-05 9.98598E-05 9.98598E-05 9.98598E-05 9.98598E-05 0.000171049 0.0132223 9.98598E-05 0.00916292 9.98598E-05 0.0741106
0.117116 9.97985E-05 9.97985E-05 9.97985E-05 9.97985E-05 9.97985E-05 9.97985E-05 9.97985E-05 9.97985E-05 9.97985E-05 9.97985E-05 9.97985E-05 0.797718 9.97985E-05 0.0828706 9.97985E-05 9.97985E-05 9.97985E-05 9.97985E-05 9.97985E-05 9.97985E-05 9.97985E-05 9.97985E-05 9.97985E-05 9.97985E-05 9.97985E-05
9.98246E-05 0.00679067 0.0175575 9.98246E-05 9.98246E-05 9.98246E-05 9.98246E-05 0.0381113 9.98246E-05 9.98246E-05 0.109983 9.98246E-05 0.752321 9.98246E-05 9.98246E-05 9.98246E-05 9.98246E-05 0.0732401 9.98246E-05 9.98246E-05 9.98246E-05 9.98246E-05 9.98246E-05 9.98246E-05 9.98246E-05 9.98246E-05
9.98073E-05 9.98073E-05 0.772951 9.98073E-05 9.98073E-05 9.98073E-05 9.98073E-05 9.98073E-05 9.98073E-05 9.98073E-05 9.98073E-05 9.98073E-05 9.98073E-05 9.98073E-05 9.98073E-05 9.98073E-05 9.98073E-05 0.00837564 0.175839 9.98073E-05 9.98073E-05 9.98073E-05 9.98073E-05 9.98073E-05 9.98073E-05 0.0406385
9.98245E-05 9.98245E-05 0.791278 9.98245E-05 9.98245E-05 9.98245E-05 0.0263482 9.98245E-05 0.0131121 0.0293597 9.98245E-05 9.98245E-05 0.117861 9.98245E-05 9.98245E-05 9.98245E-05 0.0200451 9.98245E-05 9.98245E-05 9.98245E-05 9.98245E-05 9.98245E-05 9.98245E-05 9.98245E-05 9.98245E-05 9.98245E-05
0.266484 9.9807E-05 9.9807E-05 9.9807E-05 9.9807E-05 0.652791 9.9807E-05 9.9807E-05 9.9807E-05 9.9807E-05 9.9807E-05 9.9807E-05 9.9807E-05 9.9807E-05 9.9807E-05 9.9807E-05 9.9807E-05 9.9807E-05 9.9807E-05 9.9807E-05 9.9807E-05 0.0145821 9.9807E-05 9.9807E-05 9.9807E-05 0.0639474
9.97811E-05 9.97811E-05 9.97811E-05 9.97811E-05 9.97811E-05 0.997505 9.97811E-05 9.97811E-05 9.97811E-05 9.97811E-05 9.97811E-05 9.97811E-05 9.97811E-05 9.97811E-05 9.97811E-05 9.97811E-05 9.97811E-05 9.97811E-05 9.97811E-05 9.97811E-05 9.97811E-05 9.97811E-05 9.97811E-05 9.97811E-05 9.97811E-05 9.97811E-05
9.97983E-05 9.97983E-05 9.97983E-05 9.97983E-05 9.97983E-05 0.960544 9.97983E-05 9.97983E-05 9.97983E-05 9.97983E-05 0.0109574 9.97983E-05 9.97983E-05 9.97983E-05 9.97983E-05 9.97983E-05 9.97983E-05 9.97983E-05 9.97983E-05 9.97983E-05 0.0262036 9.97983E-05 9.97983E-05 9.97983E-05 9.97983E-05 9.97983E-05
0.198437 0.00775151 9.98508E-05 9.98508E-05 9.98508E-05 0.357394 9.98508E-05 0.214343 0.115611 0.0110172 0.0471428 9.98508E-05 9.98508E-05 9.98508E-05 9.98508E-05 9.98508E-05 9.98508E-05 9.98508E-05 0.0174894 9.98508E-05 9.98508E-05 9.98508E-05 9.98508E-05 9.98508E-05 9.98508E-05 0.0291172
9.9833E-05 9.9833E-05 9.9833E-05 9.9833E-05 9.9833E-05 0.709612 0.0203433 9.9833E-05 0.027962 9.9833E-05 9.9833E-05 9.9833E-05 9.9833E-05 0.0586912 9.9833E-05 9.9833E-05 9.9833E-05 0.0459608 9.9833E-05 0.0768379 9.9833E-05 9.9833E-05 9.9833E-05 9.9833E-05 9.9833E-05 0.0586959
9.98155E-05 9.98155E-05 9.98155E-05 9.98155E-05 9.98155E-05 0.688995 9.98155E-05 9.98155E-05 9.98155E-05 9.98155E-05 9.98155E-05 9.98155E-05 9.98155E-05 9.98155E-05 9.98155E-05 9.98155E-05 9.98155E-05 0.113608 9.98155E-05 9.98155E-05 9.98155E-05 0.0169565 9.98155E-05 0.040758 9.98155E-05 0.137587
9.98156E-05 9.98156E-05 9.98156E-05 9.98156E-05 9.98156E-05 0.590291 9.98156E-05 0.249546 0.0141975 9.98156E-05 9.98156E-05 9.98156E-05 9.98156E-05 9.98156E-05 9.98156E-05 9.98156E-05 9.98156E-05 9.98156E-05 9.98156E-05 0.0550264 9.98156E-05 9.98156E-05 9.98156E-05 9.98156E-05 9.98156E-05 0.0888431
0.0562237 9.98331E-05 9.98331E-05 9.98331E-05 9.98331E-05 0.674842 9.98331E-05 0.0284916 0.025722 9.98331E-05 0.125853 9.98331E-05 9.98331E-05 9.98331E-05 9.98331E-05 0.0758629 9.98331E-05 9.98331E-05 9.98331E-05 9.98331E-05 9.98331E-05 9.98331E-05 9.98331E-05 9.98331E-05 9.98331E-05 0.0111082
9.97984E-05 9.97984E-05 9.97984E-05 9.97984E-05 0.0147991 0.910065 9.97984E-05 9.97984E-05 9.97984E-05 9.97984E-05 9.97984E-05 9.97984E-05 9.97984E-05 9.97984E-05 9.97984E-05 9.97984E-05 0.0728406 9.97984E-05 9.97984E-05 9.97984E-05 9.97984E-05 9.97984E-05 9.97984E-05 9.97984E-05 9.97984E-05 9.97984E-05
9.97893E-05 9.97893E-05 9.97893E-05 9.97893E-05 9.97893E-05 0.966703 9.97893E-05 9.97893E-05 9.97893E-05 0.0309022 9.97893E-05 9.97893E-05 9.97893E-05 9.97893E-05 9.97893E-05 9.97893E-05 9.97893E-05 9.97893E-05 9.97893E-05 9.97893E-05 9.97893E-05 9.97893E-05 9.97893E-05 9.97893E-05 9.97893E-05 9.97893E-05
9.98154E-05 9.98154E-05 9.98154E-05 9.98154E-05 9.98154E-05 0.510305 9.98154E-05 9.98154E-05 0.0394878 0.178831 9.98154E-05 9.98154E-05 9.98154E-05 9.98154E-05 9.98154E-05 9.98154E-05 9.98154E-05 9.98154E-05 9.98154E-05 0.00708119 9.98154E-05 9.98154E-05 9.98154E-05 9.98154E-05 9.98154E-05 0.262199
9.98507E-05 0.00882245 9.98507E-05 9.98507E-05 9.98507E-05 0.489402 0.00516848 9.98507E-05 9.98507E-05 0.0134369 9.98507E-05 0.0510084 9.98507E-05 9.98507E-05 0.0697132 9.98507E-05 9.98507E-05 0.256743 9.98507E-05 9.98507E-05 9.98507E-05 0.0507311 9.98507E-05 9.98507E-05 9.98507E-05 0.0532773
9.98418E-05 9.98418E-05 9.98418E-05 0.0784227 9.98418E-05 0.439579 0.00688342 9.98418E-05 0.191152 0.0237465 9.98418E-05 0.09819 9.98418E-05 9.98418E-05 0.0653514 0.0948777 9.98418E-05 9.98418E-05 9.98418E-05 9.98418E-05 9.98418E-05 9.98418E-05 9.98418E-05 9.98418E-05 9.98418E-05 9.98418E-05
9.9798E-05 9.9798E-05 9.9798E-05 9.9798E-05 9.9798E-05 0.592531 9.9798E-05 9.9798E-05 9.9798E-05 9.9798E-05 9.9798E-05 9.9798E-05 9.9798E-05 9.9798E-05 9.9798E-05 9.9798E-05 9.9798E-05 0.181627 9.9798E-05 9.9798E-05 9.9798E-05 9.9798E-05 9.9798E-05 9.9798E-05 9.9798E-05 0.223547
0.0945279 9.98162E-05 9.98162E-05 9.98162E-05 9.98162E-05 0.748912 9.98162E-05 9.98162E-05 9.98162E-05 0.0394576 9.98162E-05 9.98162E-05 9.98162E-05 0.0222201 9.98162E-05 9.98162E-05 0.092786 9.98162E-05 9.98162E-05 9.98162E-05 9.98162E-05 9.98162E-05 9.98162E-05 9.98162E-05 9.98162E-05 9.98162E-05
9.98073E-05 9.98073E-05 9.98073E-05 9.98073E-05 0.0798589 0.896581 9.98073E-05 9.98073E-05 0.00134391 0.0200205 9.98073E-05 9.98073E-05 9.98073E-05 9.98073E-05 9.98073E-05 9.98073E-05 9.98073E-05 9.98073E-05 9.98073E-05 9.98073E-05 9.98073E-05 9.98073E-05 9.98073E-05 9.98073E-05 9.98073E-05 9.98073E-05
0.138685 0.103249 9.98067E-05 9.98067E-05 9.98067E-05 0.707689 0.0481813 9.98067E-05 9.98067E-05 9.98067E-05 9.98067E-05 9.98067E-05 9.98067E-05 9.98067E-05 9.98067E-05 9.98067E-05 9.98067E-05 9.98067E-05 9.98067E-05 9.98067E-05 9.98067E-05 9.98067E-05 9.98067E-05 9.98067E-05 9.98067E-05 9.98067E-05
9.98156E-05 9.98156E-05 9.98156E-05 9.98156E-05 9.98156E-05 0.643687 9.98156E-05 9.98156E-05 0.0322496 0.0655761 9.98156E-05 0.13279 9.98156E-05 9.98156E-05 9.98156E-05 9.98156E-05 9.98156E-05 0.123601 9.98156E-05 9.98156E-05 9.98156E-05 9.98156E-05 9.98156E-05 9.98156E-05 9.98156E-05 9.98156E-05
9.98158E-05 0.0218296 9.98158E-05 9.98158E-05 9.98158E-05 0.91045 9.98158E-05 9.98158E-05 0.00934349 0.0217958 0.0344852 9.98158E-05 9.98158E-05 9.98158E-05 9.98158E-05 9.98158E-05 9.98158E-05 9.98158E-05 9.98158E-05 9.98158E-05 9.98158E-05 9.98158E-05 9.98158E-05 9.98158E-05 9.98158E-05 9.98158E-05
9.98154E-05 9.98154E-05 9.98154E-05 9.98154E-05 9.98154E-05 0.577023 0.0315163 9.98154E-05 9.98154E-05 9.98154E-05 9.98154E-05 9.98154E-05 9.98154E-05 9.98154E-05 0.0307002 9.98154E-05 0.161699 9.98154E-05 9.98154E-05 9.98154E-05 9.98154E-05 9.98154E-05 9.98154E-05 9.98154E-05 9.98154E-05 0.196965
9.97987E-05 9.97987E-05 9.97987E-05 9.97987E-05 9.97987E-05 0.959501 9.97987E-05 9.97987E-05 9.97987E-05 9.97987E-05 9.97987E-05 9.97987E-05 9.97987E-05 9.97987E-05 9.97987E-05 9.97987E-05 9.97987E-05 9.97987E-05 9.97987E-05 9.97987E-05 0.0359681 9.97987E-05 9.97987E-05 9.97987E-05 9.97987E-05 0.00223534
9.98155E-05 9.98155E-05 9.98155E-05 9.98155E-05 9.98155E-05 0.6553 9.98155E-05 9.98155E-05 9.98155E-05 9.98155E-05 9.98155E-05 9.98155E-05 9.98155E-05 9.98155E-05 9.98155E-05 0.02599 0.0885172 0.150394 9.98155E-05 9.98155E-05 9.98155E-05 9.98155E-05 9.98155E-05 9.98155E-05 9.98155E-05 0.0777028
0.149703 9.98421E-05 9.98421E-05 9.98421E-05 9.98421E-05 0.616304 9.98421E-05 0.0299305 9.98421E-05 9.98421E-05 9.98421E-05 9.98421E-05 9.98421E-05 9.98421E-05 0.00870492 9.98421E-05 0.0548579 0.00710686 9.98421E-05 9.98421E-05 9.98421E-05 9.98421E-05 9.98421E-05 9.98421E-05 0.116559 0.0150363
9.98421E-05 0.0250692 9.98421E-05 0.0721068 9.98421E-05 0.712903 9.98421E-05 9.98421E-05 9.98421E-05 9.98421E-05 0.0957143 9.98421E-05 9.98421E-05 9.98421E-05 9.98421E-05 0.00389541 9.98421E-05 9.98421E-05 0.0198998 9.98421E-05 9.98421E-05 9.98421E-05 9.98421E-05 0.0310852 9.98421E-05 0.0375287
9.97979E-05 9.97979E-05 9.97979E-05 9.97979E-05 9.97979E-05 0.88466 9.97979E-05 9.97979E-05 9.97979E-05 0.0161007 9.97979E-05 0.0969441 9.97979E-05 9.97979E-05 9.97979E-05 9.97979E-05 9.97979E-05 9.97979E-05 9.97979E-05 9.97979E-05 9.97979E-05 9.97979E-05 9.97979E-05 9.97979E-05 9.97979E-05 9.97979E-05
9.98073E-05 9.98073E-05 9.98073E-05 9.98073E-05 9.98073E-05 0.914851 9.98073E-05 0.00899178 0.0140111 9.98073E-05 9.98073E-05 9.98073E-05 9.98073E-05 9.98073E-05 9.98073E-05 9.98073E-05 9.98073E-05 9.98073E-05 9.98073E-05 9.98073E-05 9.98073E-05 9.98073E-05 0.0599508 9.98073E-05 9.98073E-05 9.98073E-05
9.97811E-05 9.97811E-05 9.97811E-05 9.97811E-05 9.97811E-05 0.997505 9.97811E-05 9.97811E-05 9.97811E-05 9.97811E-05 9.97811E-05 9.97811E-05 9.97811E-05 9.97811E-05 9.97811E-05 9.97811E-05 9.97811E-05 9.97811E-05 9.97811E-05 9.97811E-05 9.97811E-05 9.97811E-05 9.97811E-05 9.97811E-05 9.97811E-05 9.97811E-05
9.97811E-05 9.97811E-05 9.97811E-05 9.97811E-05 9.97811E-05 0.997505 9.97811E-05 9.97811E-05 9.97811E-05 9.97811E-05 9.97811E-05 9.97811E-05 9.97811E-05 9.97811E-05 9.97811E-05 9.97811E-05 9.97811E-05 9.97811E-05 9.97811E-05 9.97811E-05 9.97811E-05 9.97811E-05 9.97811E-05 9.97811E-05 9.97811E-05 9.97811E-05
9.97985E-05 9.97985E-05 9.97985E-05 9.97985E-05 9.97985E-05 0.966993 9.97985E-05 9.97985E-05 0.000336105 9.97985E-05 0.0303759 9.97985E-05 9.97985E-05 9.97985E-05 9.97985E-05 9.97985E-05 9.97985E-05 9.97985E-05 9.97985E-05 9.97985E-05 9.97985E-05 9.97985E-05 9.97985E-05 9.97985E-05 9.97985E-05 9.97985E-05
9.98158E-05 9.98158E-05 9.98158E-05 9.98158E-05 9.98158E-05 0.412302 9.98158E-05 9.98158E-05 0.000732841 9.98158E-05 9.98158E-05 9.98158E-05 9.98158E-05 9.98158E-05 9.98158E-05 9.98158E-05 0.101112 9.98158E-05 9.98158E-05 9.98158E-05 9.98158E-05 9.98158E-05 9.98158E-05 9.98158E-05 0.410988 0.0727691
0.254091 9.98072E-05 9.98072E-05 9.98072E-05 9.98072E-05 9.98072E-05 9.98072E-05 9.98072E-05 0.0777927 9.98072E-05 9.98072E-05 9.98072E-05 9.98072E-05 9.98072E-05 9.98072E-05 0.570353 9.98072E-05 9.98072E-05 9.98072E-05 9.98072E-05 9.98072E-05 9.98072E-05 9.98072E-05 9.98072E-05 9.98072E-05 0.0955673
0.0818422 9.98069E-05 9.98069E-05 9.98069E-05 9.98069E-05 9.98069E-05 9.98069E-05 9.98069E-05 9.98069E-05 9.98069E-05 9.98069E-05 9.98069E-05 9.98069E-05 9.98069E-05 9.98069E-05 9.98069E-05 9.98069E-05 9.98069E-05 9.98069E-05 9.98069E-05 9.98069E-05 9.98069E-05 0.231391 9.98069E-05 0.612093 0.0724781
0.900877 9.98055E-05 9.98055E-05 9.98055E-05 9.98055E-05 9.98055E-05 9.98055E-05 9.98055E-05 9.98055E-05 9.98055E-05 9.98055E-05 9.98055E-05 9.98055E-05 0.0716135 9.98055E-05 9.98055E-05 9.98055E-05 9.98055E-05 9.98055E-05 9.98055E-05 9.98055E-05 9.98055E-05 9.98055E-05 9.98055E-05 9.98055E-05 0.0252138
0.783942 9.98155E-05 9.98155E-05 9.98155E-05 9.98155E-05 9.98155E-05 9.98155E-05 9.98155E-05 0.00069479 9.98155E-05 0.00037885 9.98155E-05 9.98155E-05 9.98155E-05 9.98155E-05 0.128059 9.98155E-05 9.98155E-05 9.98155E-05 9.98155E-05 9.98155E-05 9.98155E-05 9.98155E-05 9.98155E-05 9.98155E-05 0.084829
0.662326 9.98068E-05 9.98068E-05 9.98068E-05 9.98068E-05 9.98068E-05 9.98068E-05 9.98068E-05 0.0596562 9.98068E-05 9.98068E-05 9.98068E-05 9.98068E-05 0.0901522 9.98068E-05 0.18567 9.98068E-05 9.98068E-05 9.98068E-05 9.98068E-05 9.98068E-05 9.98068E-05 9.98068E-05 9.98068E-05 9.98068E-05 9.98068E-05
0.0165347 9.98332E-05 9.98332E-05 9.98332E-05 9.98332E-05 9.98332E-05 9.98332E-05 0.0101606 0.103164 9.98332E-05 9.98332E-05 9.98332E-05 9.98332E-05 9.98332E-05 9.98332E-05 0.461409 9.98332E-05 9.98332E-05 0.046223 9.98332E-05 9.98332E-05 9.98332E-05 9.98332E-05 9.98332E-05 0.213937 0.146674
0.799507 9.98333E-05 9.98333E-05 9.98333E-05 9.98333E-05 9.98333E-05 9.98333E-05 9.98333E-05 0.0507545 0.0292774 0.0491557 9.98333E-05 9.98333E-05 0.0487751 9.98333E-05 9.98333E-05 9.98333E-05 9.98333E-05 9.98333E-05 9.98333E-05 9.98333E-05 9.98333E-05 0.00810945 9.98333E-05 9.98333E-05 0.0125236
0.859214 9.97894E-05 9.97894E-05 9.97894E-05 9.97894E-05 9.97894E-05 9.97894E-05 9.97894E-05 0.138391 9.97894E-05 9.97894E-05 9.97894E-05 9.97894E-05 9.97894E-05 9.97894E-05 9.97894E-05 9.97894E-05 9.97894E-05 9.97894E-05 9.97894E-05 9.97894E-05 9.97894E-05 9.97894E-05 9.97894E-05 9.97894E-05 9.97894E-05
0.426564 9.9807E-05 9.9807E-05 9.9807E-05 9.9807E-05 9.9807E-05 9.9807E-05 0.205419 0.317532 9.9807E-05 9.9807E-05 9.9807E-05 9.9807E-05 9.9807E-05 9.9807E-05 9.9807E-05 0.0482898 9.9807E-05 9.9807E-05 9.9807E-05 9.9807E-05 9.9807E-05 9.9807E-05 9.9807E-05 9.9807E-05 9.9807E-05
0.657768 9.98244E-05 9.98244E-05 9.98244E-05 9.98244E-05 9.98244E-05 9.98244E-05 9.98244E-05 0.1539 9.98244E-05 0.0293489 0.0399792 9.98244E-05 9.98244E-05 9.98244E-05 9.98244E-05 9.98244E-05 9.98244E-05 9.98244E-05 9.98244E-05 9.98244E-05 0.012211 9.98244E-05 9.98244E-05 9.98244E-05 0.104796
9.98156E-05 9.98156E-05 9.98156E-05 9.98156E-05 0.0385313 9.98156E-05 9.98156E-05 0.0805627 0.0189342 9.98156E-05 9.98156E-05 9.98156E-05 9.98156E-05 9.98156E-05 9.98156E-05 0.345804 9.98156E-05 9.98156E-05 9.98156E-05 9.98156E-05 9.98156E-05 9.98156E-05 0.514071 9.98156E-05 9.98156E-05 9.98156E-05
9.97982E-05 9.97982E-05 9.97982E-05 9.97982E-05 9.97982E-05 9.97982E-05 9.97982E-05 9.97982E-05 9.97982E-05 9.97982E-05 9.97982E-05 9.97982E-05 9.97982E-05 9.97982E-05 9.97982E-05 0.699178 9.97982E-05 9.97982E-05 9.97982E-05 9.97982E-05 0.144557 9.97982E-05 0.15397 9.97982E-05 9.97982E-05 9.97982E-05
0.844092 9.98072E-05 9.98072E-05 9.98072E-05 9.98072E-05 9.98072E-05 9.98072E-05 9.98072E-05 0.0406989 9.98072E-05 9.98072E-05 9.98072E-05 9.98072E-05 9.98072E-05 9.98072E-05 9.98072E-05 9.98072E-05 9.98072E-05 9.98072E-05 9.98072E-05 9.98072E-05 9.98072E-05 0.050121 9.98072E-05 0.0628927 9.98072E-05
0.215052 9.98159E-05 9.98159E-05 9.98159E-05 0.149173 9.98159E-05 9.98159E-05 9.98159E-05 0.114747 9.98159E-05 9.98159E-05 9.98159E-05 9.98159E-05 9.98159E-05 9.98159E-05 0.371034 9.98159E-05 9.98159E-05 9.98159E-05 9.98159E-05 9.98159E-05 9.98159E-05 9.98159E-05 9.98159E-05 9.98159E-05 0.147898
0.203437 9.98333E-05 9.98333E-05 9.98333E-05 9.98333E-05 9.98333E-05 9.98333E-05 9.98333E-05 0.0698429 0.0177754 0.0562975 0.0351869 9.98333E-05 9.98333E-05 9.98333E-05 0.302353 9.98333E-05 9.98333E-05 9.98333E-05 9.98333E-05 9.98333E-05 9.98333E-05 9.98333E-05 9.98333E-05 0.31321 9.98333E-05
0.330563 9.98684E-05 9.98684E-05 9.98684E-05 0.0695931 9.98684E-05 9.98684E-05 0.0724364 0.00399871 0.0564097 9.98684E-05 0.00130276 9.98684E-05 0.00917479 9.98684E-05 0.213646 0.0995115 9.98684E-05 0.140873 9.98684E-05 9.98684E-05 9.98684E-05 9.98684E-05 9.98684E-05 9.98684E-05 0.000992726
0.526106 9.98245E-05 9.98245E-05 9.98245E-05 9.98245E-05 9.98245E-05 9.98245E-05 0.221132 9.98245E-05 9.98245E-05 9.98245E-05 9.98245E-05 9.98245E-05 9.98245E-05 9.98245E-05 0.134543 9.98245E-05 9.98245E-05 9.98245E-05 0.0120888 9.98245E-05 9.98245E-05 9.98245E-05 9.98245E-05 0.0517033 0.0524307
0.433426 9.98336E-05 9.98336E-05 9.98336E-05 0.0416616 9.98336E-05 9.98336E-05 9.98336E-05 0.0691339 0.00719526 9.98336E-05 9.98336E-05 9.98336E-05 0.0183207 9.98336E-05 0.342352 9.98336E-05 0.0860139 9.98336E-05 9.98336E-05 9.98336E-05 9.98336E-05 9.98336E-05 9.98336E-05 9.98336E-05 9.98336E-05
0.410529 9.9807E-05 9.9807E-05 9.9807E-05 0.0832501 9.9807E-05 9.9807E-05 9.9807E-05 9.9807E-05 0.0313767 9.9807E-05 9.9807E-05 9.9807E-05 9.9807E-05 9.9807E-05 0.472649 9.9807E-05 9.9807E-05 9.9807E-05 9.9807E-05 9.9807E-05 9.9807E-05 9.9807E-05 9.9807E-05 9.9807E-05 9.9807E-05
0.249977 9.98332E-05 9.98332E-05 9.98332E-05 9.98332E-05 9.98332E-05 9.98332E-05 9.98332E-05 0.0864007 9.98332E-05 9.98332E-05 9.98332E-05 9.98332E-05 9.98332E-05 9.98332E-05 0.0975061 9.98332E-05 9.98332E-05 9.98332E-05 0.0490465 0.42997 0.0374307 9.98332E-05 9.98332E-05 9.98332E-05 0.047772
0.0658997 9.98332E-05 9.98332E-05 9.98332E-05 0.0587615 9.98332E-05 9.98332E-05 0.0650875 9.98332E-05 9.98332E-05 9.98332E-05 9.98332E-05 9.98332E-05 9.98332E-05 9.98332E-05 0.598491 9.98332E-05 9.98332E-05 0.0317895 9.98332E-05 9.98332E-05 9.98332E-05 9.98332E-05 9.98332E-05 0.0990427 0.079031
0.404702 9.9807E-05 9.9807E-05 9.9807E-05 0.0864435 9.9807E-05 9.9807E-05 9.9807E-05 9.9807E-05 0.02115 9.9807E-05 9.9807E-05 9.9807E-05 9.9807E-05 9.9807E-05 0.485508 9.9807E-05 9.9807E-05 9.9807E-05 9.9807E-05 9.9807E-05 9.9807E-05 9.9807E-05 9.9807E-05 9.9807E-05 9.9807E-05
9.98158E-05 9.98158E-05 9.98158E-05 9.98158E-05 9.98158E-05 9.98158E-05 9.98158E-05 9.98158E-05 0.192929 9.98158E-05 9.98158E-05 9.98158E-05 9.98158E-05 9.98158E-05 9.98158E-05 0.536971 9.98158E-05 9.98158E-05 9.98158E-05 0.0388657 9.98158E-05 9.98158E-05 9.98158E-05 0.0233626 9.98158E-05 0.205775
0.242509 9.98421E-05 9.98421E-05 9.98421E-05 0.16274 9.98421E-05 9.98421E-05 9.98421E-05 0.11716 9.98421E-05 9.98421E-05 9.98421E-05 9.98421E-05 0.0273601 9.98421E-05 0.210362 9.98421E-05 9.98421E-05 9.98421E-05 9.98421E-05 9.98421E-05 9.98421E-05 0.052386 9.98421E-05 0.101706 0.0839803
9.98245E-05 9.98245E-05 9.98245E-05 0.0339992 9.98245E-05 9.98245E-05 9.98245E-05 9.98245E-05 0.194296 9.98245E-05 9.98245E-05 9.98245E-05 9.98245E-05 9.98245E-05 9.98245E-05 0.516543 9.98245E-05 9.98245E-05 9.98245E-05 0.0355877 9.98245E-05 9.98245E-05 9.98245E-05 0.0117303 9.98245E-05 0.205847
0.17793 9.98332E-05 9.98332E-05 9.98332E-05 9.98332E-05 9.98332E-05 0.0534541 9.98332E-05 0.116604 9.98332E-05 9.98332E-05 0.0583814 9.98332E-05 9.98332E-05 9.98332E-05 9.98332E-05 9.98332E-05 0.0278054 9.98332E-05 9.98332E-05 9.98332E-05 9.98332E-05 0.517585 9.98332E-05 9.98332E-05 0.0463433
9.9807E-05 9.9807E-05 9.9807E-05 9.9807E-05 9.9807E-05 9.9807E-05 9.9807E-05 9.9807E-05 9.9807E-05 9.9807E-05 9.9807E-05 9.9807E-05 9.9807E-05 0.0387243 9.9807E-05 0.119989 9.9807E-05 9.9807E-05 9.9807E-05 9.9807E-05 0.809343 9.9807E-05 9.9807E-05 0.0297484 9.9807E-05 9.9807E-05
0.775723 9.98154E-05 9.98154E-05 0.00124969 9.98154E-05 9.98154E-05 9.98154E-05 9.98154E-05 0.0219152 9.98154E-05 9.98154E-05 9.98154E-05 9.98154E-05 9.98154E-05 9.98154E-05 0.120135 9.98154E-05 9.98154E-05 9.98154E-05 9.98154E-05 9.98154E-05 9.98154E-05 9.98154E-05 9.98154E-05 9.98154E-05 0.0788811
9.9807E-05 9.9807E-05 9.9807E-05 9.9807E-05 9.9807E-05 9.9807E-05 9.9807E-05 9.9807E-05 0.169435 9.9807E-05 9.9807E-05 9.9807E-05 9.9807E-05 9.9807E-05 9.9807E-05 0.564396 9.9807E-05 9.9807E-05 9.9807E-05 9.9807E-05 9.9807E-05 9.9807E-05 0.159444 9.9807E-05 9.9807E-05 0.104529
9.98158E-05 9.98158E-05 9.98158E-05 9.98158E-05 9.98158E-05 9.98158E-05 9.98158E-05 9.98158E-05 9.98158E-05 9.98158E-05 9.98158E-05 9.98158E-05 9.98158E-05 0.0853472 9.98158E-05 0.409251 9.98158E-05 9.98158E-05 9.98158E-05 0.0857483 9.98158E-05 9.98158E-05 9.98158E-05 9.98158E-05 0.347265 0.0702925
0.453059 9.98068E-05 9.98068E-05 9.98068E-05 9.98068E-05 9.98068E-05 9.98068E-05 9.98068E-05 9.98068E-05 0.0532335 9.98068E-05 9.98068E-05 9.98068E-05 9.98068E-05 9.98068E-05 9.98068E-05 9.98068E-05 9.98068E-05 9.98068E-05 9.98068E-05 9.98068E-05 9.98068E-05 0.412267 9.98068E-05 9.98068E-05 0.0792453
0.919595 9.97982E-05 9.97982E-05 9.97982E-05 9.97982E-05 9.97982E-05 9.97982E-05 9.97982E-05 9.97982E-05 9.97982E-05 9.97982E-05 9.97982E-05 9.97982E-05 9.97982E-05 9.97982E-05 9.97982E-05 9.97982E-05 9.97982E-05 9.97982E-05 0.0101789 9.97982E-05 9.97982E-05 9.97982E-05 9.97982E-05 0.0679305 9.97982E-05
0.256178 9.98243E-05 9.98243E-05 9.98243E-05 9.98243E-05 9.98243E-05 9.98243E-05 9.98243E-05 0.286541 9.98243E-05 9.98243E-05 9.98243E-05 9.98243E-05 0.142502 9.98243E-05 0.0607822 9.98243E-05 9.98243E-05 9.98243E-05 0.131829 9.98243E-05 9.98243E-05 9.98243E-05 9.98243E-05 9.98243E-05 0.120172
0.850378 0.0119621 9.98157E-05 9.98157E-05 9.98157E-05 9.98157E-05 9.98157E-05 9.98157E-05 0.0126757 9.98157E-05 9.98157E-05 9.98157E-05 9.98157E-05 9.98157E-05 9.98157E-05 9.98157E-05 9.98157E-05 0.0510747 9.98157E-05 9.98157E-05 9.98157E-05 0.0718133 9.98157E-05 9.98157E-05 9.98157E-05 9.98157E-05
0.968811 9.98071E-05 9.98071E-05 9.98071E-05 9.98071E-05 9.98071E-05 9.98071E-05 9.98071E-05 9.98071E-05 9.98071E-05 9.98071E-05 9.98071E-05 9.98071E-05 9.98071E-05 9.98071E-05 9.98071E-05 9.98071E-05 9.98071E-05 9.98071E-05 9.98071E-05 0.0136137 9.98071E-05 0.0151426 9.98071E-05 0.000236993 9.98071E-05
0.519594 9.98244E-05 9.98244E-05 9.98244E-05 0.228588 9.98244E-05 9.98244E-05 9.98244E-05 9.98244E-05 0.0158395 9.98244E-05 9.98244E-05 9.98244E-05 9.98244E-05 9.98244E-05 0.0606092 0.153418 9.98244E-05 0.0199554 9.98244E-05 9.98244E-05 9.98244E-05 9.98244E-05 9.98244E-05 9.98244E-05 9.98244E-05
0.743932 9.98069E-05 9.98069E-05 9.98069E-05 9.98069E-05 9.98069E-05 9.98069E-05 9.98069E-05 0.0668842 9.98069E-05 9.98069E-05 0.011204 9.98069E-05 9.98069E-05 9.98069E-05 9.98069E-05 9.98069E-05 9.98069E-05 9.98069E-05 9.98069E-05 9.98069E-05 9.98069E-05 9.98069E-05 9.98069E-05 9.98069E-05 0.175784
9.98158E-05 9.98158E-05 9.98158E-05 9.98158E-05 0.569356 9.98158E-05 9.98158E-05 9.98158E-05 0.113137 9.98158E-05 9.98158E-05 9.98158E-05 9.98158E-05 9.98158E-05 9.98158E-05 0.0860429 9.98158E-05 9.98158E-05 0.0395331 9.98158E-05 9.98158E-05 9.98158E-05 9.98158E-05 9.98158E-05 0.189834 9.98158E-05
0.107783 9.98071E-05 9.98071E-05 9.98071E-05 9.98071E-05 9.98071E-05 9.98071E-05 9.98071E-05 9.98071E-05 9.98071E-05 9.98071E-05 9.98071E-05 9.98071E-05 9.98071E-05 9.98071E-05 0.421234 9.98071E-05 9.98071E-05 9.98071E-05 9.98071E-05 9.98071E-05 9.98071E-05 9.98071E-05 9.98071E-05 0.433104 0.0356838
0.197612 9.97894E-05 9.97894E-05 9.97894E-05 9.97894E-05 9.97894E-05 9.97894E-05 9.97894E-05 9.97894E-05 9.97894E-05 9.97894E-05 9.97894E-05 9.97894E-05 9.97894E-05 9.97894E-05 9.97894E-05 9.97894E-05 9.97894E-05 9.97894E-05 9.97894E-05 9.97894E-05 9.97894E-05 9.97894E-05 9.97894E-05 0.799993 9.97894E-05
0.128087 9.97984E-05 9.97984E-05 9.97984E-05 0.841582 9.97984E-05 9.97984E-05 9.97984E-05 9.97984E-05 9.97984E-05 9.97984E-05 9.97984E-05 9.97984E-05 9.97984E-05 0.0280361 9.97984E-05 9.97984E-05 9.97984E-05 9.97984E-05 9.97984E-05 9.97984E-05 9.97984E-05 9.97984E-05 9.97984E-05 9.97984E-05 9.97984E-05
0.221675 9.9842E-05 9.9842E-05 0.0303348 9.9842E-05 9.9842E-05 9.9842E-05 0.047583 0.119796 0.0190732 9.9842E-05 9.9842E-05 9.9842E-05 9.9842E-05 0.0465038 0.256256 9.9842E-05 9.9842E-05 9.9842E-05 9.9842E-05 9.9842E-05 9.9842E-05 9.9842E-05 9.9842E-05 9.9842E-05 0.25698
0.401378 9.98158E-05 9.98158E-05 9.98158E-05 0.0010801 9.98158E-05 9.98158E-05 9.98158E-05 0.101899 9.98158E-05 9.98158E-05 9.98158E-05 9.98158E-05 9.98158E-05 9.98158E-05 0.42376 9.98158E-05 9.98158E-05 9.98158E-05 9.98158E-05 9.98158E-05 0.0697864 9.98158E-05 9.98158E-05 9.98158E-05 9.98158E-05
9.98157E-05 9.98157E-05 9.98157E-05 9.98157E-05 9.98157E-05 9.98157E-05 9.98157E-05 9.98157E-05 0.0717382 9.98157E-05 9.98157E-05 9.98157E-05 9.98157E-05 9.98157E-05 9.98157E-05 0.181108 9.98157E-05 9.98157E-05 9.98157E-05 9.98157E-05 0.547887 9.98157E-05 0.148741 9.98157E-05 9.98157E-05 0.0484291
0.254754 9.97982E-05 9.97982E-05 9.97982E-05 9.97982E-05 9.97982E-05 9.97982E-05 9.97982E-05 9.97982E-05 9.97982E-05 9.97982E-05 9.97982E-05 9.97982E-05 9.97982E-05 9.97982E-05 9.97982E-05 9.97982E-05 9.97982E-05 9.97982E-05 9.97982E-05 0.446591 9.97982E-05 0.296359 9.97982E-05 9.97982E-05 9.97982E-05
0.317767 9.98332E-05 9.98332E-05 9.98332E-05 9.98332E-05 9.98332E-05 9.98332E-05 0.149762 0.155109 9.98332E-05 9.98332E-05 9.98332E-05 9.98332E-05 0.0139279 9.98332E-05 0.247682 9.98332E-05 0.0104554 9.98332E-05 0.1034 9.98332E-05 9.98332E-05 9.98332E-05 9.98332E-05 9.98332E-05 9.98332E-05
