9.99034E-05 0.0872355 0.356497 9.99034E-05 9.99034E-05 9.99034E-05 0.0154686 9.99034E-05 0.275521 9.99034E-05 9.99034E-05 9.99034E-05 9.99034E-05 9.99034E-05 0.181325 0.0218004 0.0610543 9.99034E-05
9.99034E-05 0.0818848 0.148241 9.99034E-05 9.99034E-05 9.99034E-05 9.99034E-05 0.0452346 0.706945 9.99034E-05 0.0025188 9.99034E-05 9.99034E-05 9.99034E-05 9.99034E-05 0.00735391 0.00672308 9.99034E-05
0.0222262 9.99035E-05 0.0858887 9.99035E-05 9.99035E-05 9.99035E-05 0.0266962 9.99035E-05 0.828624 0.00912695 9.99035E-05 9.99035E-05 9.99035E-05 0.011616 9.99035E-05 0.0147227 9.99035E-05 9.99035E-05
9.9921E-05 9.9921E-05 9.9921E-05 9.9921E-05 9.9921E-05 9.9921E-05 0.341124 9.9921E-05 0.238117 0.161876 0.0306498 9.9921E-05 0.0091777 9.9921E-05 0.161659 0.0139184 0.0368408 0.00573696
0.0106013 9.98859E-05 9.98859E-05 9.98859E-05 9.98859E-05 9.98859E-05 9.98859E-05 9.98859E-05 0.76421 0.0535647 9.98859E-05 9.98859E-05 0.146669 9.98859E-05 0.0236568 9.98859E-05 9.98859E-05 9.98859E-05
0.0257207 0.0931861 0.313576 0.153065 9.99101E-05 9.99101E-05 9.99101E-05 9.99101E-05 0.097907 0.186215 0.0105145 9.99101E-05 0.0382363 9.99101E-05 9.99101E-05 9.99101E-05 9.99101E-05 0.0806802
9.99298E-05 0.118072 0.067429 0.00125473 9.99298E-05 9.99298E-05 0.169833 0.0871954 0.249571 9.99298E-05 9.99298E-05 0.0304007 9.99298E-05 0.0570348 0.120202 9.99298E-05 0.0982081 9.99298E-05
9.99211E-05 9.99211E-05 0.0580223 9.99211E-05 9.99211E-05 9.99211E-05 0.110342 9.99211E-05 0.147167 0.0591177 9.99211E-05 0.105251 0.10163 9.99211E-05 0.221038 9.99211E-05 0.0620623 0.134471
9.99035E-05 9.99035E-05 9.99035E-05 9.99035E-05 9.99035E-05 9.99035E-05 9.99035E-05 9.99035E-05 0.222822 0.0483955 0.0734557 9.99035E-05 9.99035E-05 0.0958443 0.0619014 0.251566 9.99035E-05 0.244916
9.98859E-05 9.98859E-05 9.98859E-05 9.98859E-05 9.98859E-05 9.98859E-05 0.0844582 9.98859E-05 0.85668 0.000474328 9.98859E-05 9.98859E-05 9.98859E-05 0.0349759 9.98859E-05 0.0221134 9.98859E-05 9.98859E-05
9.99035E-05 9.99035E-05 0.0360056 9.99035E-05 9.99035E-05 9.99035E-05 9.99035E-05 9.99035E-05 0.456518 0.0212813 9.99035E-05 9.99035E-05 9.99035E-05 9.99035E-05 0.128813 0.172643 0.128755 0.0548849
9.9921E-05 9.9921E-05 0.0740643 0.00425166 9.9921E-05 9.9921E-05 0.017378 9.9921E-05 0.768981 9.9921E-05 0.0376349 0.059188 9.9921E-05 9.9921E-05 9.9921E-05 0.0277416 0.00248949 0.00737165
9.98683E-05 9.98683E-05 9.98683E-05 9.98683E-05 9.98683E-05 9.98683E-05 9.98683E-05 9.98683E-05 0.705029 9.98683E-05 9.98683E-05 9.98683E-05 9.98683E-05 9.98683E-05 0.159637 0.133836 9.98683E-05 9.98683E-05
9.99036E-05 9.99036E-05 9.99036E-05 9.99036E-05 9.99036E-05 0.127834 9.99036E-05 9.99036E-05 0.505005 0.050817 9.99036E-05 0.143344 9.99036E-05 0.0222449 9.99036E-05 0.0583654 0.0912902 9.99036E-05
9.99211E-05 9.99211E-05 0.242236 0.0484346 9.99211E-05 0.0689081 9.99211E-05 9.99211E-05 0.240687 0.0811229 0.0910341 9.99211E-05 9.99211E-05 9.99211E-05 0.0592183 0.0705865 9.99211E-05 0.0968732
9.99297E-05 9.99297E-05 0.241159 0.0570715 9.99297E-05 9.99297E-05 0.107766 9.99297E-05 0.176413 0.0234504 9.99297E-05 0.0867108 0.00885864 9.99297E-05 0.103396 0.120079 9.99297E-05 0.0742957
9.99035E-05 0.0945846 9.99035E-05 9.99035E-05 9.99035E-05 0.182296 0.0755257 9.99035E-05 0.453998 9.99035E-05 9.99035E-05 9.99035E-05 9.99035E-05 9.99035E-05 0.0869843 0.0654201 0.0400918 9.99035E-05
0.126151 9.99123E-05 0.333198 9.99123E-05 9.99123E-05 9.99123E-05 9.99123E-05 9.99123E-05 0.102636 0.0227099 0.0742757 9.99123E-05 9.99123E-05 9.99123E-05 0.153397 0.158086 9.99123E-05 0.028548
9.9886E-05 9.9886E-05 9.9886E-05 0.15993 9.9886E-05 9.9886E-05 9.9886E-05 9.9886E-05 0.324756 9.9886E-05 9.9886E-05 9.9886E-05 9.9886E-05 9.9886E-05 0.138751 0.303037 9.9886E-05 0.0722267
9.98596E-05 9.98596E-05 9.98596E-05 9.98596E-05 9.98596E-05 9.98596E-05 9.98596E-05 9.98596E-05 0.938321 9.98596E-05 0.0600808 9.98596E-05 9.98596E-05 9.98596E-05 9.98596E-05 9.98596E-05 9.98596E-05 9.98596E-05
0.0225835 9.9921E-05 9.9921E-05 9.9921E-05 9.9921E-05 9.9921E-05 9.9921E-05 9.9921E-05 0.439652 9.9921E-05 0.089321 0.0159292 0.0924663 0.0853624 0.0893112 9.9921E-05 0.0479951 0.11648
9.98947E-05 9.98947E-05 9.98947E-05 0.166415 9.98947E-05 9.98947E-05 9.98947E-05 0.0746982 0.231694 9.98947E-05 9.98947E-05 9.98947E-05 0.0395571 9.98947E-05 0.354952 9.98947E-05 9.98947E-05 0.131485
9.98947E-05 0.0227887 0.284529 9.98947E-05 9.98947E-05 9.98947E-05 9.98947E-05 9.98947E-05 0.513699 0.0148457 9.98947E-05 9.98947E-05 9.98947E-05 9.98947E-05 9.98947E-05 0.115391 0.0475485 9.98947E-05
9.98859E-05 9.98859E-05 0.0816679 9.98859E-05 9.98859E-05 9.98859E-05 9.98859E-05 9.98859E-05 0.282969 9.98859E-05 9.98859E-05 9.98859E-05 9.98859E-05 0.0594227 0.316633 0.258009 9.98859E-05 9.98859E-05
9.9921E-05 9.9921E-05 9.9921E-05 0.0291616 9.9921E-05 9.9921E-05 0.021429 9.9921E-05 0.16299 0.111022 0.0706395 9.9921E-05 9.9921E-05 0.0691916 0.158821 0.31741 9.9921E-05 0.0584352
9.98946E-05 9.98946E-05 9.98946E-05 9.98946E-05 9.98946E-05 9.98946E-05 0.0643189 9.98946E-05 0.671864 0.0385735 9.98946E-05 9.98946E-05 0.00668764 9.98946E-05 0.127805 0.089553 9.98946E-05 9.98946E-05
0.113708 9.99123E-05 9.99123E-05 9.99123E-05 9.99123E-05 9.99123E-05 0.035148 0.166671 0.0204164 0.216828 9.99123E-05 0.0243239 9.99123E-05 9.99123E-05 0.3929 0.0290057 9.99123E-05 9.99123E-05
9.99035E-05 9.99035E-05 9.99035E-05 0.0815431 0.00630455 9.99035E-05 0.0546776 9.99035E-05 0.727105 9.99035E-05 9.99035E-05 9.99035E-05 9.99035E-05 9.99035E-05 0.0740772 0.0510154 0.0041784 9.99035E-05
9.99035E-05 9.99035E-05 0.126322 9.99035E-05 9.99035E-05 9.99035E-05 9.99035E-05 0.0384489 0.560778 0.0395929 9.99035E-05 9.99035E-05 9.99035E-05 0.00598559 0.0495534 0.17822 9.99035E-05 9.99035E-05
9.98859E-05 9.98859E-05 9.98859E-05 0.0313097 9.98859E-05 0.282584 9.98859E-05 9.98859E-05 0.598258 9.98859E-05 9.98859E-05 9.98859E-05 9.98859E-05 0.0124462 9.98859E-05 0.0741044 9.98859E-05 9.98859E-05
9.99034E-05 9.99034E-05 0.140522 0.124443 9.99034E-05 9.99034E-05 9.99034E-05 0.0863651 0.509469 9.99034E-05 9.99034E-05 9.99034E-05 9.99034E-05 9.99034E-05 0.0261526 9.99034E-05 0.0777488 0.0342005
9.99123E-05 9.99123E-05 0.0175904 0.0462369 0.0650963 9.99123E-05 9.99123E-05 9.99123E-05 0.475108 0.15644 9.99123E-05 9.99123E-05 9.99123E-05 9.99123E-05 0.0509152 0.0807873 0.106826 9.99123E-05
9.99122E-05 9.99122E-05 0.142008 9.99122E-05 9.99122E-05 9.99122E-05 9.99122E-05 9.99122E-05 0.431351 0.0381743 0.0323806 0.0070504 9.99122E-05 9.99122E-05 0.149873 0.12971 0.0684526 9.99122E-05
9.99035E-05 9.99035E-05 9.99035E-05 9.99035E-05 0.0399002 9.99035E-05 9.99035E-05 0.0411248 0.469944 0.0710755 0.0549349 9.99035E-05 9.99035E-05 9.99035E-05 0.19399 0.127932 9.99035E-05 9.99035E-05
9.99211E-05 0.00765048 0.0270403 0.0328208 9.99211E-05 9.99211E-05 9.99211E-05 0.0166126 0.75988 9.99211E-05 0.0352938 9.99211E-05 9.99211E-05 9.99211E-05 9.99211E-05 0.0501727 0.0418544 0.0277758
9.99034E-05 9.99034E-05 0.0612637 9.99034E-05 9.99034E-05 9.99034E-05 0.175329 0.122793 0.539526 9.99034E-05 9.99034E-05 9.99034E-05 9.99034E-05 9.99034E-05 0.0789783 0.0102667 9.99034E-05 0.0107445
9.98773E-05 0.0680099 9.98773E-05 9.98773E-05 9.98773E-05 9.98773E-05 9.98773E-05 9.98773E-05 0.825002 9.98773E-05 9.98773E-05 0.0765262 9.98773E-05 9.98773E-05 9.98773E-05 9.98773E-05 0.0290634 9.98773E-05
9.9886E-05 9.9886E-05 9.9886E-05 9.9886E-05 9.9886E-05 9.9886E-05 9.9886E-05 9.9886E-05 0.575507 9.9886E-05 0.0560429 9.9886E-05 9.9886E-05 9.9886E-05 0.0804911 0.103343 9.9886E-05 0.183318
9.99036E-05 0.0377482 9.99036E-05 9.99036E-05 0.0980208 0.0284567 9.99036E-05 9.99036E-05 0.526651 9.99036E-05 9.99036E-05 9.99036E-05 0.0604555 9.99036E-05 9.99036E-05 0.211144 0.0364246 9.99036E-05
9.98947E-05 9.98947E-05 9.98947E-05 9.98947E-05 9.98947E-05 0.0227243 9.98947E-05 9.98947E-05 0.489052 0.187373 9.98947E-05 0.1137 9.98947E-05 9.98947E-05 0.0107569 0.175195 9.98947E-05 9.98947E-05
9.98859E-05 9.98859E-05 9.98859E-05 9.98859E-05 9.98859E-05 9.98859E-05 0.00486385 0.0251191 0.751422 9.98859E-05 9.98859E-05 9.98859E-05 9.98859E-05 9.98859E-05 0.127943 0.0893542 9.98859E-05 9.98859E-05
9.98948E-05 9.98948E-05 9.98948E-05 9.98948E-05 9.98948E-05 9.98948E-05 0.149721 0.155133 0.533401 9.98948E-05 9.98948E-05 9.98948E-05 9.98948E-05 9.98948E-05 0.111706 0.0431793 9.98948E-05 0.0056609
9.98772E-05 9.98772E-05 9.98772E-05 9.98772E-05 9.98772E-05 0.151663 9.98772E-05 0.0405537 0.676987 9.98772E-05 9.98772E-05 9.98772E-05 9.98772E-05 9.98772E-05 0.129398 9.98772E-05 9.98772E-05 9.98772E-05
9.98947E-05 9.98947E-05 0.196829 9.98947E-05 9.98947E-05 9.98947E-05 9.98947E-05 9.98947E-05 0.34964 9.98947E-05 9.98947E-05 9.98947E-05 9.98947E-05 9.98947E-05 0.115788 0.196959 0.0352748 0.10431
9.98947E-05 9.98947E-05 9.98947E-05 0.022472 9.98947E-05 9.98947E-05 0.0952491 9.98947E-05 0.225084 9.98947E-05 9.98947E-05 9.98947E-05 0.0203521 9.98947E-05 0.489003 0.146641 9.98947E-05 9.98947E-05
0.0360808 9.98946E-05 9.98946E-05 9.98946E-05 9.98946E-05 9.98946E-05 9.98946E-05 0.0824758 0.77384 9.98946E-05 0.0472326 9.98946E-05 9.98946E-05 9.98946E-05 0.0282348 0.0309373 9.98946E-05 9.98946E-05
0.0442216 9.98859E-05 9.98859E-05 9.98859E-05 9.98859E-05 9.98859E-05 0.0829926 9.98859E-05 0.767919 9.98859E-05 9.98859E-05 9.98859E-05 9.98859E-05 9.98859E-05 9.98859E-05 0.0828822 9.98859E-05 0.0206862
0.0347186 9.98772E-05 0.068399 9.98772E-05 9.98772E-05 9.98772E-05 9.98772E-05 9.98772E-05 0.883208 9.98772E-05 9.98772E-05 9.98772E-05 0.0122764 9.98772E-05 9.98772E-05 9.98772E-05 9.98772E-05 9.98772E-05
9.98859E-05 9.98859E-05 0.113123 9.98859E-05 9.98859E-05 9.98859E-05 9.98859E-05 9.98859E-05 0.556762 9.98859E-05 9.98859E-05 9.98859E-05 9.98859E-05 9.98859E-05 0.145638 0.152693 0.0304859 9.98859E-05
0.0123067 0.000582662 9.99211E-05 0.150067 9.99211E-05 9.99211E-05 9.99211E-05 9.99211E-05 0.700864 9.99211E-05 0.0163883 0.0476421 9.99211E-05 9.99211E-05 0.0357232 0.00212632 0.0334009 9.99211E-05
9.9921E-05 9.9921E-05 0.0344759 9.9921E-05 9.9921E-05 9.9921E-05 0.0995585 0.079471 0.27969 0.177346 9.9921E-05 9.9921E-05 9.9921E-05 9.9921E-05 0.00884683 0.185761 0.101472 0.0324802
9.9886E-05 9.9886E-05 9.9886E-05 9.9886E-05 9.9886E-05 9.9886E-05 0.116049 9.9886E-05 0.524225 9.9886E-05 9.9886E-05 9.9886E-05 0.0624211 0.0176862 0.278321 9.9886E-05 9.9886E-05 9.9886E-05
9.98772E-05 9.98772E-05 9.98772E-05 9.98772E-05 9.98772E-05 9.98772E-05 9.98772E-05 9.98772E-05 0.865902 0.046284 9.98772E-05 9.98772E-05 9.98772E-05 9.98772E-05 0.0703463 9.98772E-05 9.98772E-05 0.0160694
0.00708428 9.99123E-05 0.0677121 9.99123E-05 9.99123E-05 0.0599059 9.99123E-05 9.99123E-05 0.491873 9.99123E-05 0.0198916 0.205345 0.124572 9.99123E-05 9.99123E-05 0.0226167 9.99123E-05 9.99123E-05
9.98774E-05 9.98774E-05 9.98774E-05 0.0398911 9.98774E-05 9.98774E-05 9.98774E-05 9.98774E-05 0.73093 9.98774E-05 9.98774E-05 0.113099 9.98774E-05 9.98774E-05 9.98774E-05 0.114681 9.98774E-05 9.98774E-05
9.99035E-05 9.99035E-05 0.0569626 0.0132687 9.99035E-05 9.99035E-05 9.99035E-05 9.99035E-05 0.678766 0.145244 0.0601039 9.99035E-05 0.02832 9.99035E-05 9.99035E-05 9.99035E-05 0.0162361 9.99035E-05
0.0966711 0.0127272 9.99033E-05 0.0678939 9.99033E-05 9.99033E-05 9.99033E-05 9.99033E-05 0.65388 9.99033E-05 9.99033E-05 9.99033E-05 9.99033E-05 9.99033E-05 0.082272 0.0839255 0.00153089 9.99033E-05
9.9886E-05 9.9886E-05 9.9886E-05 9.9886E-05 9.9886E-05 9.9886E-05 0.150268 9.9886E-05 0.734922 9.9886E-05 9.9886E-05 9.9886E-05 9.9886E-05 9.9886E-05 0.0475371 0.0479031 0.0180716 9.9886E-05
9.99297E-05 9.99297E-05 0.0156655 9.99297E-05 9.99297E-05 9.99297E-05 0.0338078 0.0509541 0.789133 0.0183989 9.99297E-05 0.011357 0.0166932 9.99297E-05 0.0121515 0.0420466 9.99297E-05 0.00899268
0.129836 9.98859E-05 0.698769 9.98859E-05 9.98859E-05 9.98859E-05 9.98859E-05 9.98859E-05 9.98859E-05 0.0427713 9.98859E-05 9.98859E-05 9.98859E-05 9.98859E-05 9.98859E-05 0.120613 9.98859E-05 0.0067129
9.98598E-05 9.98598E-05 0.99352 9.98598E-05 9.98598E-05 9.98598E-05 0.00488265 9.98598E-05 9.98598E-05 9.98598E-05 9.98598E-05 9.98598E-05 9.98598E-05 9.98598E-05 9.98598E-05 9.98598E-05 9.98598E-05 9.98598E-05
0.0820681 9.98596E-05 0.916334 9.98596E-05 9.98596E-05 9.98596E-05 9.98596E-05 9.98596E-05 9.98596E-05 9.98596E-05 9.98596E-05 9.98596E-05 9.98596E-05 9.98596E-05 9.98596E-05 9.98596E-05 9.98596E-05 9.98596E-05
0.0363869 0.302946 0.305418 9.98947E-05 9.98947E-05 9.98947E-05 9.98947E-05 9.98947E-05 9.98947E-05 0.222126 9.98947E-05 9.98947E-05 9.98947E-05 9.98947E-05 9.98947E-05 0.00305006 9.98947E-05 0.128874
0.0350012 9.99121E-05 0.703205 0.0194458 9.99121E-05 9.99121E-05 9.99121E-05 9.99121E-05 9.99121E-05 9.99121E-05 0.0752995 9.99121E-05 0.00145243 9.99121E-05 0.0520248 0.0447364 9.99121E-05 0.0678352
9.98769E-05 9.98769E-05 0.66848 9.98769E-05 9.98769E-05 9.98769E-05 9.98769E-05 9.98769E-05 9.98769E-05 9.98769E-05 9.98769E-05 9.98769E-05 9.98769E-05 9.98769E-05 0.0943492 0.208873 9.98769E-05 0.0268997
9.98858E-05 0.282968 0.493213 9.98858E-05 9.98858E-05 9.98858E-05 0.0133658 9.98858E-05 9.98858E-05 9.98858E-05 9.98858E-05 9.98858E-05 9.98858E-05 9.98858E-05 9.98858E-05 0.109019 0.100136 9.98858E-05
0.175719 0.0692583 0.585604 0.00343425 9.99033E-05 9.99033E-05 9.99033E-05 9.99033E-05 9.99033E-05 0.0627068 9.99033E-05 9.99033E-05 9.99033E-05 9.99033E-05 9.99033E-05 0.0865495 9.99033E-05 0.0156298
9.98596E-05 9.98596E-05 0.962301 9.98596E-05 9.98596E-05 9.98596E-05 9.98596E-05 0.0361015 9.98596E-05 9.98596E-05 9.98596E-05 9.98596E-05 9.98596E-05 9.98596E-05 9.98596E-05 9.98596E-05 9.98596E-05 9.98596E-05
9.98507E-05 9.98507E-05 0.998303 9.98507E-05 9.98507E-05 9.98507E-05 9.98507E-05 9.98507E-05 9.98507E-05 9.98507E-05 9.98507E-05 9.98507E-05 9.98507E-05 9.98507E-05 9.98507E-05 9.98507E-05 9.98507E-05 9.98507E-05
9.98857E-05 9.98857E-05 0.57549 9.98857E-05 9.98857E-05 9.98857E-05 9.98857E-05 9.98857E-05 9.98857E-05 9.98857E-05 0.0199514 9.98857E-05 9.98857E-05 9.98857E-05 9.98857E-05 0.254479 0.119872 0.0289092
9.99033E-05 0.0449449 0.530824 0.0917166 9.99033E-05 9.99033E-05 9.99033E-05 9.99033E-05 9.99033E-05 9.99033E-05 9.99033E-05 0.0552191 9.99033E-05 9.99033E-05 0.155383 0.0642569 0.0565558 9.99033E-05
9.98945E-05 9.98945E-05 0.526661 9.98945E-05 9.98945E-05 9.98945E-05 9.98945E-05 9.98945E-05 9.98945E-05 0.109468 9.98945E-05 0.0710436 0.0025025 9.98945E-05 9.98945E-05 9.98945E-05 0.196822 0.0923046
9.98857E-05 0.0517718 0.566724 0.00583846 9.98857E-05 9.98857E-05 9.98857E-05 9.98857E-05 9.98857E-05 9.98857E-05 9.98857E-05 9.98857E-05 9.98857E-05 9.98857E-05 0.167364 0.207003 9.98857E-05 9.98857E-05
9.98598E-05 9.98598E-05 0.990749 9.98598E-05 9.98598E-05 9.98598E-05 9.98598E-05 9.98598E-05 9.98598E-05 9.98598E-05 9.98598E-05 0.00765279 9.98598E-05 9.98598E-05 9.98598E-05 9.98598E-05 9.98598E-05 9.98598E-05
9.98772E-05 9.98772E-05 0.91464 9.98772E-05 9.98772E-05 9.98772E-05 0.0117741 9.98772E-05 9.98772E-05 9.98772E-05 9.98772E-05 9.98772E-05 9.98772E-05 9.98772E-05 9.98772E-05 0.00254665 9.98772E-05 0.069641
0.0966212 9.98857E-05 0.753158 0.0997947 9.98857E-05 9.98857E-05 9.98857E-05 9.98857E-05 9.98857E-05 0.00365303 9.98857E-05 0.0454745 9.98857E-05 9.98857E-05 9.98857E-05 9.98857E-05 9.98857E-05 9.98857E-05
9.98946E-05 9.98946E-05 0.67218 0.0550138 9.98946E-05 9.98946E-05 0.00177964 9.98946E-05 9.98946E-05 9.98946E-05 9.98946E-05 9.98946E-05 9.98946E-05 9.98946E-05 0.123422 9.98946E-05 0.115821 0.0305852
0.0586405 9.9877E-05 0.858341 9.9877E-05 9.9877E-05 9.9877E-05 9.9877E-05 9.9877E-05 9.9877E-05 9.9877E-05 9.9877E-05 9.9877E-05 9.9877E-05 9.9877E-05 9.9877E-05 0.0434052 0.0382153 9.9877E-05
9.98769E-05 9.98769E-05 0.718296 9.98769E-05 9.98769E-05 9.98769E-05 9.98769E-05 0.0774773 9.98769E-05 9.98769E-05 9.98769E-05 0.0252244 9.98769E-05 9.98769E-05 9.98769E-05 0.177604 9.98769E-05 9.98769E-05
9.98513E-05 9.98513E-05 0.998303 9.98513E-05 9.98513E-05 9.98513E-05 9.98513E-05 9.98513E-05 9.98513E-05 9.98513E-05 9.98513E-05 9.98513E-05 9.98513E-05 9.98513E-05 9.98513E-05 9.98513E-05 9.98513E-05 9.98513E-05
9.98682E-05 9.98682E-05 0.67756 9.98682E-05 9.98682E-05 9.98682E-05 9.98682E-05 9.98682E-05 9.98682E-05 9.98682E-05 9.98682E-05 9.98682E-05 9.98682E-05 9.98682E-05 0.238677 0.0822644 9.98682E-05 9.98682E-05
9.9886E-05 0.0329666 0.706956 9.9886E-05 9.9886E-05 9.9886E-05 9.9886E-05 9.9886E-05 9.9886E-05 0.189388 9.9886E-05 9.9886E-05 9.9886E-05 9.9886E-05 0.045939 9.9886E-05 0.0234518 9.9886E-05
9.99122E-05 9.99122E-05 0.718456 0.136735 9.99122E-05 9.99122E-05 0.00387415 9.99122E-05 9.99122E-05 0.0593741 9.99122E-05 9.99122E-05 0.00780869 0.0212293 9.99122E-05 9.99122E-05 0.0272522 0.0242713
9.98682E-05 9.98682E-05 0.814784 9.98682E-05 9.98682E-05 9.98682E-05 0.00887976 9.98682E-05 9.98682E-05 9.98682E-05 9.98682E-05 9.98682E-05 9.98682E-05 9.98682E-05 9.98682E-05 9.98682E-05 0.174838 9.98682E-05
9.98773E-05 0.0049988 0.932458 9.98773E-05 9.98773E-05 9.98773E-05 9.98773E-05 9.98773E-05 9.98773E-05 9.98773E-05 9.98773E-05 9.98773E-05 9.98773E-05 9.98773E-05 9.98773E-05 0.00216005 9.98773E-05 0.0589853
9.9851E-05 9.9851E-05 0.998303 9.9851E-05 9.9851E-05 9.9851E-05 9.9851E-05 9.9851E-05 9.9851E-05 9.9851E-05 9.9851E-05 9.9851E-05 9.9851E-05 9.9851E-05 9.9851E-05 9.9851E-05 9.9851E-05 9.9851E-05
9.98597E-05 9.98597E-05 0.981569 9.98597E-05 9.98597E-05 9.98597E-05 9.98597E-05 9.98597E-05 9.98597E-05 9.98597E-05 9.98597E-05 9.98597E-05 9.98597E-05 9.98597E-05 9.98597E-05 0.0168329 9.98597E-05 9.98597E-05
0.0518323 9.98596E-05 0.94657 9.98596E-05 9.98596E-05 9.98596E-05 9.98596E-05 9.98596E-05 9.98596E-05 9.98596E-05 9.98596E-05 9.98596E-05 9.98596E-05 9.98596E-05 9.98596E-05 9.98596E-05 9.98596E-05 9.98596E-05
9.9886E-05 9.9886E-05 0.547941 9.9886E-05 9.9886E-05 0.238696 9.9886E-05 0.09336 9.9886E-05 9.9886E-05 9.9886E-05 9.9886E-05 9.9886E-05 9.9886E-05 9.9886E-05 0.0882111 9.9886E-05 0.0304937
9.98684E-05 9.98684E-05 9.98684E-05 9.98684E-05 9.98684E-05 9.98684E-05 9.98684E-05 9.98684E-05 9.98684E-05 0.740443 9.98684E-05 9.98684E-05 9.98684E-05 9.98684E-05 9.98684E-05 0.13043 9.98684E-05 0.127629
9.98596E-05 9.98596E-05 9.98596E-05 9.98596E-05 9.98596E-05 0.746191 9.98596E-05 9.98596E-05 9.98596E-05 0.252211 9.98596E-05 9.98596E-05 9.98596E-05 9.98596E-05 9.98596E-05 9.98596E-05 9.98596E-05 9.98596E-05
9.98683E-05 9.98683E-05 9.98683E-05 9.98683E-05 9.98683E-05 9.98683E-05 9.98683E-05 9.98683E-05 9.98683E-05 0.861581 9.98683E-05 9.98683E-05 9.98683E-05 9.98683E-05 0.0155791 0.121342 9.98683E-05 9.98683E-05
9.98682E-05 9.98682E-05 9.98682E-05 9.98682E-05 9.98682E-05 9.98682E-05 9.98682E-05 9.98682E-05 9.98682E-05 0.837437 9.98682E-05 9.98682E-05 9.98682E-05 9.98682E-05 9.98682E-05 0.156128 0.0049373 9.98682E-05
0.00275855 9.9877E-05 9.9877E-05 9.9877E-05 9.9877E-05 9.9877E-05 9.9877E-05 9.9877E-05 9.9877E-05 0.928616 0.00349039 9.9877E-05 9.9877E-05 9.9877E-05 9.9877E-05 9.9877E-05 9.9877E-05 0.0637367
9.98947E-05 0.0887783 9.98947E-05 9.98947E-05 9.98947E-05 0.0353022 0.00351394 9.98947E-05 9.98947E-05 0.58528 9.98947E-05 9.98947E-05 9.98947E-05 9.98947E-05 9.98947E-05 0.154378 9.98947E-05 0.131548
0.025256 9.98859E-05 9.98859E-05 9.98859E-05 9.98859E-05 9.98859E-05 9.98859E-05 9.98859E-05 9.98859E-05 0.755492 9.98859E-05 9.98859E-05 9.98859E-05 9.98859E-05 0.0579712 0.0961866 9.98859E-05 0.0637956
9.98596E-05 9.98596E-05 9.98596E-05 9.98596E-05 9.98596E-05 9.98596E-05 9.98596E-05 9.98596E-05 9.98596E-05 0.810205 9.98596E-05 9.98596E-05 9.98596E-05 9.98596E-05 9.98596E-05 9.98596E-05 9.98596E-05 0.188197
9.98945E-05 0.131385 9.98945E-05 9.98945E-05 9.98945E-05 9.98945E-05 9.98945E-05 0.0842721 9.98945E-05 0.428989 9.98945E-05 9.98945E-05 9.98945E-05 9.98945E-05 9.98945E-05 0.0218758 0.0361108 0.296168
9.98683E-05 9.98683E-05 9.98683E-05 9.98683E-05 9.98683E-05 9.98683E-05 9.98683E-05 9.98683E-05 9.98683E-05 0.526375 9.98683E-05 9.98683E-05 9.98683E-05 9.98683E-05 9.98683E-05 0.26588 9.98683E-05 0.206247
9.98772E-05 0.235994 9.98772E-05 9.98772E-05 0.45968 9.98772E-05 9.98772E-05 9.98772E-05 9.98772E-05 0.269592 9.98772E-05 9.98772E-05 9.98772E-05 9.98772E-05 9.98772E-05 9.98772E-05 0.0333357 9.98772E-05
9.98771E-05 0.118329 9.98771E-05 9.98771E-05 0.154017 9.98771E-05 9.98771E-05 9.98771E-05 9.98771E-05 0.684924 9.98771E-05 9.98771E-05 9.98771E-05 9.98771E-05 9.98771E-05 0.0413317 9.98771E-05 9.98771E-05
9.98686E-05 9.98686E-05 9.98686E-05 9.98686E-05 0.0499893 9.98686E-05 9.98686E-05 9.98686E-05 9.98686E-05 0.876451 9.98686E-05 9.98686E-05 9.98686E-05 9.98686E-05 9.98686E-05 9.98686E-05 9.98686E-05 0.0720622
9.9886E-05 9.9886E-05 9.9886E-05 9.9886E-05 0.177172 9.9886E-05 9.9886E-05 9.9886E-05 9.9886E-05 0.41924 9.9886E-05 9.9886E-05 9.9886E-05 0.0257419 9.9886E-05 0.267222 9.9886E-05 0.109325
0.114657 9.99034E-05 9.99034E-05 0.0314924 0.0965731 9.99034E-05 9.99034E-05 0.0642717 9.99034E-05 0.623728 9.99034E-05 9.99034E-05 9.99034E-05 9.99034E-05 9.99034E-05 9.99034E-05 0.00334378 0.0648353
9.98947E-05 9.98947E-05 9.98947E-05 9.98947E-05 9.98947E-05 0.0819585 0.0678553 9.98947E-05 9.98947E-05 0.63572 9.98947E-05 0.0290447 9.98947E-05 9.98947E-05 9.98947E-05 0.152697 9.98947E-05 0.0315256
9.98946E-05 0.229376 9.98946E-05 9.98946E-05 0.0864594 9.98946E-05 9.98946E-05 9.98946E-05 9.98946E-05 0.553064 0.0175664 9.98946E-05 9.98946E-05 9.98946E-05 9.98946E-05 0.102992 9.98946E-05 0.00934361
9.98861E-05 9.98861E-05 9.98861E-05 9.98861E-05 9.98861E-05 0.0933084 9.98861E-05 9.98861E-05 9.98861E-05 0.684857 9.98861E-05 9.98861E-05 0.00459157 9.98861E-05 0.115989 9.98861E-05 9.98861E-05 0.0999547
9.98684E-05 0.00816654 9.98684E-05 9.98684E-05 0.0940783 9.98684E-05 9.98684E-05 9.98684E-05 9.98684E-05 0.896257 9.98684E-05 9.98684E-05 9.98684E-05 9.98684E-05 9.98684E-05 9.98684E-05 9.98684E-05 9.98684E-05
0.0117505 9.9921E-05 9.9921E-05 9.9921E-05 9.9921E-05 0.261617 0.00445272 0.0837964 9.9921E-05 0.361275 0.0682897 9.9921E-05 9.9921E-05 0.00386451 9.9921E-05 0.120943 9.9921E-05 0.0831126
9.98947E-05 0.181434 9.98947E-05 9.98947E-05 0.105511 9.98947E-05 0.00787533 9.98947E-05 9.98947E-05 0.594954 9.98947E-05 9.98947E-05 9.98947E-05 9.98947E-05 9.98947E-05 0.0920357 9.98947E-05 0.0169912
0.0485327 9.98772E-05 9.98772E-05 9.98772E-05 9.98772E-05 9.98772E-05 9.98772E-05 9.98772E-05 9.98772E-05 0.904722 9.98772E-05 9.98772E-05 9.98772E-05 9.98772E-05 9.98772E-05 9.98772E-05 0.0390584 0.00628861
9.98859E-05 0.0823159 9.98859E-05 9.98859E-05 9.98859E-05 9.98859E-05 9.98859E-05 9.98859E-05 9.98859E-05 0.481906 0.0355836 9.98859E-05 9.98859E-05 9.98859E-05 9.98859E-05 0.198475 9.98859E-05 0.200421
9.9886E-05 9.9886E-05 9.9886E-05 9.9886E-05 0.167324 9.9886E-05 9.9886E-05 9.9886E-05 9.9886E-05 0.575414 9.9886E-05 9.9886E-05 0.0115812 9.9886E-05 9.9886E-05 9.9886E-05 0.0136333 0.230749
9.98859E-05 0.00429822 9.98859E-05 9.98859E-05 9.98859E-05 9.98859E-05 9.98859E-05 9.98859E-05 9.98859E-05 0.559062 0.0266869 9.98859E-05 9.98859E-05 9.98859E-05 9.98859E-05 0.203557 9.98859E-05 0.205098
0.0141498 0.107445 0.0535722 9.99122E-05 0.268314 9.99122E-05 9.99122E-05 9.99122E-05 9.99122E-05 0.316085 9.99122E-05 0.013823 9.99122E-05 9.99122E-05 9.99122E-05 0.0653534 9.99122E-05 0.160259
9.9886E-05 9.9886E-05 9.9886E-05 9.9886E-05 0.0532983 0.71883 9.9886E-05 9.9886E-05 9.9886E-05 0.0942517 9.9886E-05 9.9886E-05 9.9886E-05 0.113114 9.9886E-05 0.0192076 9.9886E-05 9.9886E-05
9.98682E-05 9.98682E-05 9.98682E-05 9.98682E-05 9.98682E-05 9.98682E-05 9.98682E-05 9.98682E-05 9.98682E-05 0.824782 9.98682E-05 9.98682E-05 9.98682E-05 9.98682E-05 9.98682E-05 0.0936429 9.98682E-05 0.0800771
9.9886E-05 0.00419479 9.9886E-05 9.9886E-05 9.9886E-05 0.0125869 9.9886E-05 9.9886E-05 9.9886E-05 0.521495 9.9886E-05 9.9886E-05 9.9886E-05 9.9886E-05 9.9886E-05 0.156764 9.9886E-05 0.303661
9.98948E-05 9.98948E-05 9.98948E-05 9.98948E-05 0.0246937 0.0012784 9.98948E-05 9.98948E-05 9.98948E-05 0.78794 0.0563234 9.98948E-05 9.98948E-05 9.98948E-05 9.98948E-05 0.126762 0.00180318 9.98948E-05
9.98772E-05 9.98772E-05 9.98772E-05 9.98772E-05 9.98772E-05 9.98772E-05 9.98772E-05 9.98772E-05 9.98772E-05 0.711506 9.98772E-05 9.98772E-05 9.98772E-05 9.98772E-05 9.98772E-05 0.213383 0.0299646 0.0437482
9.98684E-05 9.98684E-05 9.98684E-05 9.98684E-05 9.98684E-05 9.98684E-05 9.98684E-05 9.98684E-05 9.98684E-05 0.986957 0.00312142 9.98684E-05 9.98684E-05 9.98684E-05 9.98684E-05 0.00842329 9.98684E-05 9.98684E-05
9.98859E-05 9.98859E-05 9.98859E-05 9.98859E-05 9.98859E-05 9.98859E-05 9.98859E-05 9.98859E-05 9.98859E-05 0.361904 0.18322 9.98859E-05 0.0421594 9.98859E-05 9.98859E-05 0.148309 9.98859E-05 0.263109
9.98682E-05 9.98682E-05 9.98682E-05 9.98682E-05 9.98682E-05 9.98682E-05 9.98682E-05 9.98682E-05 9.98682E-05 0.865017 9.98682E-05 9.98682E-05 9.98682E-05 9.98682E-05 0.129076 9.98682E-05 9.98682E-05 0.00440852
9.98684E-05 9.98684E-05 9.98684E-05 9.98684E-05 0.0794129 9.98684E-05 9.98684E-05 9.98684E-05 9.98684E-05 0.844443 9.98684E-05 9.98684E-05 9.98684E-05 9.98684E-05 9.98684E-05 0.074646 9.98684E-05 9.98684E-05
9.98859E-05 9.98859E-05 9.98859E-05 9.98859E-05 0.178546 9.98859E-05 0.0686739 0.174475 9.98859E-05 0.535809 9.98859E-05 9.98859E-05 9.98859E-05 9.98859E-05 9.98859E-05 9.98859E-05 9.98859E-05 0.0411981
0.00605306 9.9877E-05 9.9877E-05 9.9877E-05 9.9877E-05 9.9877E-05 9.9877E-05 9.9877E-05 9.9877E-05 0.711958 9.9877E-05 9.9877E-05 9.9877E-05 9.9877E-05 9.9877E-05 0.212527 9.9877E-05 0.0680637
9.9877E-05 9.9877E-05 9.9877E-05 9.9877E-05 0.635715 9.9877E-05 9.9877E-05 9.9877E-05 9.9877E-05 0.298427 9.9877E-05 9.9877E-05 9.9877E-05 9.9877E-05 9.9877E-05 0.00570116 9.9877E-05 0.0587584
0.0350557 9.98949E-05 9.98949E-05 9.98949E-05 0.13318 0.0666572 9.98949E-05 9.98949E-05 9.98949E-05 0.635018 9.98949E-05 9.98949E-05 9.98949E-05 9.98949E-05 9.98949E-05 0.0922718 0.0366188 9.98949E-05
9.98686E-05 9.98686E-05 9.98686E-05 9.98686E-05 0.443717 9.98686E-05 9.98686E-05 9.98686E-05 9.98686E-05 0.544322 9.98686E-05 9.98686E-05 9.98686E-05 9.98686E-05 9.98686E-05 9.98686E-05 9.98686E-05 0.0104627
9.98597E-05 9.98597E-05 9.98597E-05 9.98597E-05 0.609928 9.98597E-05 9.98597E-05 9.98597E-05 9.98597E-05 0.388474 9.98597E-05 9.98597E-05 9.98597E-05 9.98597E-05 9.98597E-05 9.98597E-05 9.98597E-05 9.98597E-05
9.98946E-05 0.164131 9.98946E-05 9.98946E-05 9.98946E-05 9.98946E-05 9.98946E-05 0.00187909 9.98946E-05 0.487198 9.98946E-05 9.98946E-05 9.98946E-05 9.98946E-05 9.98946E-05 0.274615 0.00827235 0.0627061
9.98771E-05 9.98771E-05 9.98771E-05 9.98771E-05 9.98771E-05 9.98771E-05 9.98771E-05 0.0700917 9.98771E-05 0.757429 9.98771E-05 9.98771E-05 0.0198599 9.98771E-05 9.98771E-05 9.98771E-05 9.98771E-05 0.151221
9.98859E-05 9.98859E-05 9.98859E-05 9.98859E-05 0.171773 0.637953 9.98859E-05 9.98859E-05 9.98859E-05 9.98859E-05 0.0745158 9.98859E-05 9.98859E-05 9.98859E-05 9.98859E-05 0.0278371 9.98859E-05 0.0866227
9.98948E-05 9.98948E-05 9.98948E-05 9.98948E-05 0.61067 0.0453692 9.98948E-05 9.98948E-05 9.98948E-05 0.287174 9.98948E-05 9.98948E-05 9.98948E-05 9.98948E-05 9.98948E-05 0.0344847 0.00420183 0.0169016
9.98946E-05 0.141491 9.98946E-05 9.98946E-05 9.98946E-05 9.98946E-05 9.98946E-05 9.98946E-05 9.98946E-05 0.583069 0.0834549 9.98946E-05 9.98946E-05 9.98946E-05 0.011008 9.98946E-05 0.0210917 0.158687
9.98772E-05 9.98772E-05 0.161358 9.98772E-05 9.98772E-05 9.98772E-05 9.98772E-05 9.98772E-05 9.98772E-05 0.709956 9.98772E-05 9.98772E-05 9.98772E-05 9.98772E-05 9.98772E-05 0.0570865 9.98772E-05 0.0702017
0.00414829 0.0216368 9.99123E-05 9.99123E-05 0.102611 9.99123E-05 9.99123E-05 0.0143033 9.99123E-05 0.568739 9.99123E-05 0.0927705 9.99123E-05 0.0650391 9.99123E-05 9.99123E-05 9.99123E-05 0.129753
9.9886E-05 9.9886E-05 0.0224669 9.9886E-05 9.9886E-05 9.9886E-05 9.9886E-05 9.9886E-05 9.9886E-05 0.502437 9.9886E-05 9.9886E-05 9.9886E-05 9.9886E-05 0.0690868 0.136536 9.9886E-05 0.268175
9.98684E-05 9.98684E-05 9.98684E-05 9.98684E-05 0.547047 9.98684E-05 9.98684E-05 9.98684E-05 9.98684E-05 0.438001 9.98684E-05 9.98684E-05 9.98684E-05 9.98684E-05 9.98684E-05 0.0134538 9.98684E-05 9.98684E-05
9.98683E-05 9.98683E-05 9.98683E-05 9.98683E-05 9.98683E-05 9.98683E-05 0.180856 9.98683E-05 9.98683E-05 0.716615 9.98683E-05 9.98683E-05 9.98683E-05 9.98683E-05 9.98683E-05 0.101031 9.98683E-05 9.98683E-05
9.98858E-05 0.00966583 9.98858E-05 9.98858E-05 9.98858E-05 0.813642 9.98858E-05 9.98858E-05 9.98858E-05 0.00977043 9.98858E-05 9.98858E-05 9.98858E-05 9.98858E-05 9.98858E-05 9.98858E-05 0.0184627 0.147161
9.98948E-05 9.98948E-05 9.98948E-05 9.98948E-05 0.109992 0.0936275 9.98948E-05 0.0152839 9.98948E-05 0.59112 9.98948E-05 9.98948E-05 9.98948E-05 9.98948E-05 9.98948E-05 0.0834732 9.98948E-05 0.105305
9.98684E-05 9.98684E-05 9.98684E-05 9.98684E-05 9.98684E-05 9.98684E-05 9.98684E-05 9.98684E-05 9.98684E-05 0.840393 9.98684E-05 0.0735955 9.98684E-05 9.98684E-05 9.98684E-05 9.98684E-05 9.98684E-05 0.0845131
9.98595E-05 9.98595E-05 9.98595E-05 9.98595E-05 9.98595E-05 9.98595E-05 0.0569922 9.98595E-05 9.98595E-05 0.94141 9.98595E-05 9.98595E-05 9.98595E-05 9.98595E-05 9.98595E-05 9.98595E-05 9.98595E-05 9.98595E-05
9.9877E-05 0.210934 9.9877E-05 9.9877E-05 9.9877E-05 9.9877E-05 9.9877E-05 9.9877E-05 9.9877E-05 0.492773 9.9877E-05 9.9877E-05 9.9877E-05 9.9877E-05 9.9877E-05 0.120501 9.9877E-05 0.174394
9.98682E-05 9.98682E-05 9.98682E-05 9.98682E-05 9.98682E-05 9.98682E-05 9.98682E-05 9.98682E-05 9.98682E-05 0.765708 9.98682E-05 9.98682E-05 9.98682E-05 9.98682E-05 9.98682E-05 0.0646223 9.98682E-05 0.168171
9.98684E-05 9.98684E-05 9.98684E-05 9.98684E-05 9.98684E-05 9.98684E-05 9.98684E-05 9.98684E-05 9.98684E-05 0.950961 9.98684E-05 0.0204796 9.98684E-05 9.98684E-05 9.98684E-05 0.0270613 9.98684E-05 9.98684E-05
9.98772E-05 9.98772E-05 9.98772E-05 9.98772E-05 0.133428 9.98772E-05 9.98772E-05 9.98772E-05 9.98772E-05 0.695409 0.13934 9.98772E-05 9.98772E-05 9.98772E-05 9.98772E-05 0.0304243 9.98772E-05 9.98772E-05
9.98947E-05 0.0842298 9.98947E-05 9.98947E-05 0.184286 0.00801899 9.98947E-05 9.98947E-05 9.98947E-05 0.55676 9.98947E-05 9.98947E-05 9.98947E-05 9.98947E-05 9.98947E-05 0.046045 9.98947E-05 0.119461
9.98505E-05 9.98505E-05 9.98505E-05 9.98505E-05 9.98505E-05 9.98505E-05 9.98505E-05 9.98505E-05 9.98505E-05 9.98505E-05 9.98505E-05 9.98505E-05 9.98505E-05 9.98505E-05 9.98505E-05 0.998303 9.98505E-05 9.98505E-05
9.98505E-05 9.98505E-05 9.98505E-05 9.98505E-05 9.98505E-05 9.98505E-05 9.98505E-05 9.98505E-05 9.98505E-05 9.98505E-05 9.98505E-05 9.98505E-05 9.98505E-05 9.98505E-05 9.98505E-05 9.98505E-05 9.98505E-05 0.998303
9.98506E-05 9.98506E-05 9.98506E-05 9.98506E-05 9.98506E-05 9.98506E-05 9.98506E-05 9.98506E-05 9.98506E-05 9.98506E-05 9.98506E-05 9.98506E-05 9.98506E-05 9.98506E-05 9.98506E-05 0.998303 9.98506E-05 9.98506E-05
9.98504E-05 9.98504E-05 9.98504E-05 9.98504E-05 9.98504E-05 9.98504E-05 9.98504E-05 9.98504E-05 9.98504E-05 9.98504E-05 9.98504E-05 9.98504E-05 9.98504E-05 9.98504E-05 9.98504E-05 9.98504E-05 9.98504E-05 0.998303
9.98507E-05 9.98507E-05 9.98507E-05 9.98507E-05 9.98507E-05 9.98507E-05 9.98507E-05 9.98507E-05 9.98507E-05 9.98507E-05 9.98507E-05 9.98507E-05 9.98507E-05 9.98507E-05 9.98507E-05 9.98507E-05 9.98507E-05 0.998303
9.98506E-05 9.98506E-05 9.98506E-05 9.98506E-05 9.98506E-05 9.98506E-05 9.98506E-05 9.98506E-05 9.98506E-05 9.98506E-05 9.98506E-05 9.98506E-05 9.98506E-05 9.98506E-05 9.98506E-05 9.98506E-05 9.98506E-05 0.998303
9.98506E-05 9.98506E-05 9.98506E-05 9.98506E-05 9.98506E-05 9.98506E-05 9.98506E-05 9.98506E-05 9.98506E-05 9.98506E-05 9.98506E-05 9.98506E-05 9.98506E-05 9.98506E-05 9.98506E-05 0.998303 9.98506E-05 9.98506E-05
9.98505E-05 9.98505E-05 9.98505E-05 9.98505E-05 9.98505E-05 9.98505E-05 9.98505E-05 9.98505E-05 9.98505E-05 9.98505E-05 9.98505E-05 9.98505E-05 9.98505E-05 9.98505E-05 9.98505E-05 9.98505E-05 9.98505E-05 0.998303
9.98506E-05 9.98506E-05 9.98506E-05 9.98506E-05 9.98506E-05 9.98506E-05 9.98506E-05 9.98506E-05 9.98506E-05 9.98506E-05 9.98506E-05 9.98506E-05 9.98506E-05 9.98506E-05 9.98506E-05 9.98506E-05 9.98506E-05 0.998303
9.98504E-05 9.98504E-05 9.98504E-05 9.98504E-05 9.98504E-05 9.98504E-05 9.98504E-05 9.98504E-05 9.98504E-05 9.98504E-05 9.98504E-05 9.98504E-05 9.98504E-05 9.98504E-05 9.98504E-05 0.998303 9.98504E-05 9.98504E-05
9.98505E-05 9.98505E-05 9.98505E-05 9.98505E-05 9.98505E-05 9.98505E-05 9.98505E-05 9.98505E-05 9.98505E-05 9.98505E-05 9.98505E-05 9.98505E-05 9.98505E-05 9.98505E-05 9.98505E-05 0.998303 9.98505E-05 9.98505E-05
9.98505E-05 9.98505E-05 9.98505E-05 9.98505E-05 9.98505E-05 9.98505E-05 9.98505E-05 9.98505E-05 9.98505E-05 9.98505E-05 9.98505E-05 9.98505E-05 9.98505E-05 9.98505E-05 9.98505E-05 0.998303 9.98505E-05 9.98505E-05
9.98504E-05 9.98504E-05 9.98504E-05 9.98504E-05 9.98504E-05 9.98504E-05 9.98504E-05 9.98504E-05 9.98504E-05 9.98504E-05 9.98504E-05 9.98504E-05 9.98504E-05 9.98504E-05 9.98504E-05 9.98504E-05 9.98504E-05 0.998303
9.98506E-05 9.98506E-05 9.98506E-05 9.98506E-05 9.98506E-05 9.98506E-05 9.98506E-05 9.98506E-05 9.98506E-05 9.98506E-05 9.98506E-05 9.98506E-05 9.98506E-05 9.98506E-05 9.98506E-05 9.98506E-05 9.98506E-05 0.998303
9.98506E-05 9.98506E-05 9.98506E-05 9.98506E-05 9.98506E-05 9.98506E-05 9.98506E-05 9.98506E-05 9.98506E-05 9.98506E-05 9.98506E-05 9.98506E-05 9.98506E-05 9.98506E-05 9.98506E-05 0.998303 9.98506E-05 9.98506E-05
9.98505E-05 9.98505E-05 9.98505E-05 9.98505E-05 9.98505E-05 9.98505E-05 9.98505E-05 9.98505E-05 9.98505E-05 9.98505E-05 9.98505E-05 9.98505E-05 9.98505E-05 9.98505E-05 9.98505E-05 0.998303 9.98505E-05 9.98505E-05
9.98946E-05 9.98946E-05 9.98946E-05 0.161829 9.98946E-05 9.98946E-05 9.98946E-05 9.98946E-05 9.98946E-05 0.528128 9.98946E-05 9.98946E-05 9.98946E-05 0.00202457 9.98946E-05 0.189549 0.0127865 0.104485
9.98506E-05 9.98506E-05 9.98506E-05 9.98506E-05 9.98506E-05 9.98506E-05 9.98506E-05 9.98506E-05 9.98506E-05 9.98506E-05 9.98506E-05 9.98506E-05 9.98506E-05 9.98506E-05 9.98506E-05 0.998303 9.98506E-05 9.98506E-05
9.98506E-05 9.98506E-05 9.98506E-05 9.98506E-05 9.98506E-05 9.98506E-05 9.98506E-05 9.98506E-05 9.98506E-05 9.98506E-05 9.98506E-05 9.98506E-05 9.98506E-05 9.98506E-05 9.98506E-05 9.98506E-05 9.98506E-05 0.998303
9.98505E-05 9.98505E-05 9.98505E-05 9.98505E-05 9.98505E-05 9.98505E-05 9.98505E-05 9.98505E-05 9.98505E-05 9.98505E-05 9.98505E-05 9.98505E-05 9.98505E-05 9.98505E-05 9.98505E-05 0.998303 9.98505E-05 9.98505E-05
9.98507E-05 9.98507E-05 9.98507E-05 9.98507E-05 9.98507E-05 9.98507E-05 9.98507E-05 9.98507E-05 9.98507E-05 9.98507E-05 9.98507E-05 9.98507E-05 9.98507E-05 9.98507E-05 9.98507E-05 0.998303 9.98507E-05 9.98507E-05
9.98505E-05 9.98505E-05 9.98505E-05 9.98505E-05 9.98505E-05 9.98505E-05 9.98505E-05 9.98505E-05 9.98505E-05 9.98505E-05 9.98505E-05 9.98505E-05 9.98505E-05 9.98505E-05 9.98505E-05 0.998303 9.98505E-05 9.98505E-05
9.98505E-05 9.98505E-05 9.98505E-05 9.98505E-05 9.98505E-05 9.98505E-05 9.98505E-05 9.98505E-05 9.98505E-05 9.98505E-05 9.98505E-05 9.98505E-05 9.98505E-05 9.98505E-05 9.98505E-05 9.98505E-05 9.98505E-05 0.998303
9.98505E-05 9.98505E-05 9.98505E-05 9.98505E-05 9.98505E-05 9.98505E-05 9.98505E-05 9.98505E-05 9.98505E-05 9.98505E-05 9.98505E-05 9.98505E-05 9.98505E-05 9.98505E-05 9.98505E-05 0.998303 9.98505E-05 9.98505E-05
9.98506E-05 9.98506E-05 9.98506E-05 9.98506E-05 9.98506E-05 9.98506E-05 9.98506E-05 9.98506E-05 9.98506E-05 9.98506E-05 9.98506E-05 9.98506E-05 9.98506E-05 9.98506E-05 9.98506E-05 9.98506E-05 9.98506E-05 0.998303
9.98506E-05 9.98506E-05 9.98506E-05 9.98506E-05 9.98506E-05 9.98506E-05 9.98506E-05 9.98506E-05 9.98506E-05 9.98506E-05 9.98506E-05 9.98506E-05 9.98506E-05 9.98506E-05 9.98506E-05 0.998303 9.98506E-05 9.98506E-05
9.98507E-05 9.98507E-05 9.98507E-05 9.98507E-05 9.98507E-05 9.98507E-05 9.98507E-05 9.98507E-05 9.98507E-05 9.98507E-05 9.98507E-05 9.98507E-05 9.98507E-05 9.98507E-05 9.98507E-05 0.998303 9.98507E-05 9.98507E-05
9.98505E-05 9.98505E-05 9.98505E-05 9.98505E-05 9.98505E-05 9.98505E-05 9.98505E-05 9.98505E-05 9.98505E-05 9.98505E-05 9.98505E-05 9.98505E-05 9.98505E-05 9.98505E-05 9.98505E-05 9.98505E-05 9.98505E-05 0.998303
9.98506E-05 9.98506E-05 9.98506E-05 9.98506E-05 9.98506E-05 9.98506E-05 9.98506E-05 9.98506E-05 9.98506E-05 9.98506E-05 9.98506E-05 9.98506E-05 9.98506E-05 9.98506E-05 9.98506E-05 9.98506E-05 9.98506E-05 0.998303
9.98506E-05 9.98506E-05 9.98506E-05 9.98506E-05 9.98506E-05 9.98506E-05 9.98506E-05 9.98506E-05 9.98506E-05 9.98506E-05 9.98506E-05 9.98506E-05 9.98506E-05 9.98506E-05 9.98506E-05 9.98506E-05 9.98506E-05 0.998303
9.98506E-05 9.98506E-05 9.98506E-05 9.98506E-05 9.98506E-05 9.98506E-05 9.98506E-05 9.98506E-05 9.98506E-05 9.98506E-05 9.98506E-05 9.98506E-05 9.98506E-05 9.98506E-05 9.98506E-05 0.998303 9.98506E-05 9.98506E-05
9.98506E-05 9.98506E-05 9.98506E-05 9.98506E-05 9.98506E-05 9.98506E-05 9.98506E-05 9.98506E-05 9.98506E-05 9.98506E-05 9.98506E-05 9.98506E-05 9.98506E-05 9.98506E-05 9.98506E-05 0.998303 9.98506E-05 9.98506E-05
9.98505E-05 9.98505E-05 9.98505E-05 9.98505E-05 9.98505E-05 9.98505E-05 9.98505E-05 9.98505E-05 9.98505E-05 9.98505E-05 9.98505E-05 9.98505E-05 9.98505E-05 9.98505E-05 9.98505E-05 0.998303 9.98505E-05 9.98505E-05
9.98505E-05 9.98505E-05 9.98505E-05 9.98505E-05 9.98505E-05 9.98505E-05 9.98505E-05 9.98505E-05 9.98505E-05 9.98505E-05 9.98505E-05 9.98505E-05 9.98505E-05 9.98505E-05 9.98505E-05 0.998303 9.98505E-05 9.98505E-05
9.98505E-05 9.98505E-05 9.98505E-05 9.98505E-05 9.98505E-05 9.98505E-05 9.98505E-05 9.98505E-05 9.98505E-05 9.98505E-05 9.98505E-05 9.98505E-05 9.98505E-05 9.98505E-05 9.98505E-05 0.998303 9.98505E-05 9.98505E-05
9.98506E-05 9.98506E-05 9.98506E-05 9.98506E-05 9.98506E-05 9.98506E-05 9.98506E-05 9.98506E-05 9.98506E-05 9.98506E-05 9.98506E-05 9.98506E-05 9.98506E-05 9.98506E-05 9.98506E-05 9.98506E-05 9.98506E-05 0.998303
9.98504E-05 9.98504E-05 9.98504E-05 9.98504E-05 9.98504E-05 9.98504E-05 9.98504E-05 9.98504E-05 9.98504E-05 9.98504E-05 9.98504E-05 9.98504E-05 9.98504E-05 9.98504E-05 9.98504E-05 9.98504E-05 9.98504E-05 0.998303
9.98505E-05 9.98505E-05 9.98505E-05 9.98505E-05 9.98505E-05 9.98505E-05 9.98505E-05 9.98505E-05 9.98505E-05 9.98505E-05 9.98505E-05 9.98505E-05 9.98505E-05 9.98505E-05 9.98505E-05 9.98505E-05 9.98505E-05 0.998303
9.98506E-05 9.98506E-05 9.98506E-05 9.98506E-05 9.98506E-05 9.98506E-05 9.98506E-05 9.98506E-05 9.98506E-05 9.98506E-05 9.98506E-05 9.98506E-05 9.98506E-05 9.98506E-05 9.98506E-05 0.998303 9.98506E-05 9.98506E-05
9.98505E-05 9.98505E-05 9.98505E-05 9.98505E-05 9.98505E-05 9.98505E-05 9.98505E-05 9.98505E-05 9.98505E-05 9.98505E-05 9.98505E-05 9.98505E-05 9.98505E-05 9.98505E-05 9.98505E-05 9.98505E-05 9.98505E-05 0.998303
9.98505E-05 9.98505E-05 9.98505E-05 9.98505E-05 9.98505E-05 9.98505E-05 9.98505E-05 9.98505E-05 9.98505E-05 9.98505E-05 9.98505E-05 9.98505E-05 9.98505E-05 9.98505E-05 9.98505E-05 9.98505E-05 9.98505E-05 0.998303
9.98506E-05 9.98506E-05 9.98506E-05 9.98506E-05 9.98506E-05 9.98506E-05 9.98506E-05 9.98506E-05 9.98506E-05 9.98506E-05 9.98506E-05 9.98506E-05 9.98506E-05 9.98506E-05 9.98506E-05 9.98506E-05 9.98506E-05 0.998303
9.98506E-05 9.98506E-05 9.98506E-05 9.98506E-05 9.98506E-05 9.98506E-05 9.98506E-05 9.98506E-05 9.98506E-05 9.98506E-05 9.98506E-05 9.98506E-05 9.98506E-05 9.98506E-05 9.98506E-05 9.98506E-05 9.98506E-05 0.998303
9.98505E-05 9.98505E-05 9.98505E-05 9.98505E-05 9.98505E-05 9.98505E-05 9.98505E-05 9.98505E-05 9.98505E-05 9.98505E-05 9.98505E-05 9.98505E-05 9.98505E-05 9.98505E-05 9.98505E-05 0.998303 9.98505E-05 9.98505E-05
9.98507E-05 9.98507E-05 9.98507E-05 9.98507E-05 9.98507E-05 9.98507E-05 9.98507E-05 9.98507E-05 9.98507E-05 9.98507E-05 9.98507E-05 9.98507E-05 9.98507E-05 9.98507E-05 9.98507E-05 9.98507E-05 9.98507E-05 0.998303
9.98506E-05 9.98506E-05 9.98506E-05 9.98506E-05 9.98506E-05 9.98506E-05 9.98506E-05 9.98506E-05 9.98506E-05 9.98506E-05 9.98506E-05 9.98506E-05 9.98506E-05 9.98506E-05 9.98506E-05 9.98506E-05 9.98506E-05 0.998303
9.98858E-05 9.98858E-05 9.98858E-05 0.183431 9.98858E-05 9.98858E-05 9.98858E-05 9.98858E-05 9.98858E-05 0.611717 9.98858E-05 9.98858E-05 9.98858E-05 0.0502995 9.98858E-05 0.111211 9.98858E-05 0.0420436
