9.98859E-05 9.98859E-05 0.0744545 9.98859E-05 9.98859E-05 9.98859E-05 9.98859E-05 9.98859E-05 0.242927 9.98859E-05 0.130668 9.98859E-05 9.98859E-05 0.0590228 0.107966 9.98859E-05 9.98859E-05 0.327086 9.98859E-05 0.0565778
9.98597E-05 9.98597E-05 9.98597E-05 9.98597E-05 9.98597E-05 9.98597E-05 9.98597E-05 0.0139472 0.166426 9.98597E-05 9.98597E-05 9.98597E-05 9.98597E-05 9.98597E-05 0.118608 9.98597E-05 9.98597E-05 0.699421 9.98597E-05 9.98597E-05
9.98595E-05 9.98595E-05 9.98595E-05 9.98595E-05 0.0489042 9.98595E-05 9.98595E-05 9.98595E-05 9.98595E-05 9.98595E-05 0.0500701 9.98595E-05 9.98595E-05 9.98595E-05 9.98595E-05 9.98595E-05 0.0478808 0.851547 9.98595E-05 9.98595E-05
9.9886E-05 9.9886E-05 0.190447 9.9886E-05 0.152161 9.9886E-05 9.9886E-05 9.9886E-05 9.9886E-05 9.9886E-05 0.143194 9.9886E-05 0.00480971 0.0560862 9.9886E-05 0.205492 9.9886E-05 0.246512 9.9886E-05 9.9886E-05
9.98597E-05 9.98597E-05 9.98597E-05 0.0974503 0.0529253 9.98597E-05 9.98597E-05 9.98597E-05 9.98597E-05 9.98597E-05 9.98597E-05 9.98597E-05 0.0170787 9.98597E-05 9.98597E-05 9.98597E-05 9.98597E-05 0.830948 9.98597E-05 9.98597E-05
0.0864967 9.9886E-05 9.9886E-05 0.145655 0.206016 9.9886E-05 9.9886E-05 9.9886E-05 0.280463 9.9886E-05 9.9886E-05 9.9886E-05 0.106715 9.9886E-05 0.033063 9.9886E-05 9.9886E-05 0.140292 9.9886E-05 9.9886E-05
9.99001E-05 9.99001E-05 9.99001E-05 0.00250245 9.99001E-05 9.99001E-05 0.0993043 0.0232711 0.0941289 9.99001E-05 0.0943254 9.99001E-05 9.99001E-05 0.128715 0.0835903 0.149325 0.0507728 0.273066 9.99001E-05 9.99001E-05
0.128319 0.0622113 9.99124E-05 0.0581562 0.110483 9.99124E-05 9.99124E-05 9.99124E-05 0.0402096 9.99124E-05 0.230878 0.0723974 0.0808513 9.99124E-05 9.99124E-05 0.0435349 9.99124E-05 0.17196 9.99124E-05 9.99124E-05
0.00155795 9.99035E-05 9.99035E-05 9.99035E-05 0.0126656 9.99035E-05 9.99035E-05 0.00129466 9.99035E-05 9.99035E-05 0.0298426 9.99035E-05 0.216938 9.99035E-05 0.0608992 9.99035E-05 0.194011 0.288498 9.99035E-05 0.193194
9.9842E-05 9.9842E-05 9.9842E-05 9.9842E-05 9.9842E-05 9.9842E-05 9.9842E-05 9.9842E-05 9.9842E-05 9.9842E-05 9.9842E-05 9.9842E-05 9.9842E-05 9.9842E-05 9.9842E-05 9.9842E-05 9.9842E-05 0.952806 9.9842E-05 0.0453972
9.98684E-05 9.98684E-05 9.98684E-05 9.98684E-05 9.98684E-05 9.98684E-05 9.98684E-05 9.98684E-05 0.170414 9.98684E-05 0.0556057 9.98684E-05 9.98684E-05 0.117656 9.98684E-05 9.98684E-05 9.98684E-05 0.492228 9.98684E-05 0.162597
0.0628111 9.98684E-05 9.98684E-05 0.00452736 9.98684E-05 9.98684E-05 9.98684E-05 9.98684E-05 9.98684E-05 9.98684E-05 9.98684E-05 0.0318134 9.98684E-05 9.98684E-05 9.98684E-05 9.98684E-05 9.98684E-05 0.859326 9.98684E-05 0.0400245
9.98509E-05 9.98509E-05 9.98509E-05 9.98509E-05 9.98509E-05 9.98509E-05 9.98509E-05 9.98509E-05 9.98509E-05 9.98509E-05 0.0539645 9.98509E-05 9.98509E-05 9.98509E-05 9.98509E-05 9.98509E-05 9.98509E-05 0.8042 9.98509E-05 0.140138
9.98771E-05 9.98771E-05 9.98771E-05 9.98771E-05 9.98771E-05 9.98771E-05 9.98771E-05 9.98771E-05 9.98771E-05 9.98771E-05 0.104382 0.0430946 9.98771E-05 0.0654668 9.98771E-05 9.98771E-05 9.98771E-05 0.460979 0.292865 0.0318142
9.99122E-05 9.99122E-05 0.0227029 0.0552101 0.0677075 9.99122E-05 9.99122E-05 9.99122E-05 0.180924 9.99122E-05 0.0690998 9.99122E-05 0.0606849 9.99122E-05 9.99122E-05 9.99122E-05 0.000622889 0.348781 0.108082 0.0851848
9.99034E-05 9.99034E-05 0.0291881 0.0056027 9.99034E-05 9.99034E-05 9.99034E-05 9.99034E-05 0.182342 9.99034E-05 0.108736 0.143423 0.161681 9.99034E-05 9.99034E-05 0.137103 9.99034E-05 0.167542 9.99034E-05 0.0632836
9.99035E-05 9.99035E-05 0.0313143 0.0244912 9.99035E-05 9.99035E-05 9.99035E-05 9.99035E-05 9.99035E-05 0.0831204 0.028079 9.99035E-05 9.99035E-05 0.0350504 0.0330577 0.0343815 9.99035E-05 0.640883 9.99035E-05 0.0885232
9.98859E-05 0.101252 9.98859E-05 9.98859E-05 9.98859E-05 0.128106 9.98859E-05 9.98859E-05 0.313916 9.98859E-05 0.19873 9.98859E-05 0.0203593 9.98859E-05 9.98859E-05 9.98859E-05 9.98859E-05 0.113926 9.98859E-05 0.122412
9.98771E-05 9.98771E-05 0.0804598 0.150789 9.98771E-05 9.98771E-05 9.98771E-05 9.98771E-05 9.98771E-05 9.98771E-05 0.236174 9.98771E-05 0.0892678 9.98771E-05 9.98771E-05 9.98771E-05 9.98771E-05 0.294363 9.98771E-05 0.147548
9.98509E-05 9.98509E-05 0.0490428 9.98509E-05 9.98509E-05 9.98509E-05 9.98509E-05 9.98509E-05 9.98509E-05 9.98509E-05 9.98509E-05 9.98509E-05 9.98509E-05 9.98509E-05 9.98509E-05 9.98509E-05 9.98509E-05 0.908989 9.98509E-05 0.0402706
0.0594444 9.99122E-05 9.99122E-05 0.0237327 9.99122E-05 9.99122E-05 9.99122E-05 9.99122E-05 9.99122E-05 9.99122E-05 0.0510383 0.154996 0.111093 0.0193903 9.99122E-05 0.00611277 0.0294567 0.49665 9.99122E-05 0.0470868
0.0433075 9.9886E-05 9.9886E-05 0.135401 0.0924514 9.9886E-05 9.9886E-05 0.101984 9.9886E-05 9.9886E-05 0.320499 9.9886E-05 0.0932237 9.9886E-05 9.9886E-05 9.9886E-05 9.9886E-05 0.211835 9.9886E-05 9.9886E-05
9.98684E-05 9.98684E-05 9.98684E-05 9.98684E-05 0.0769757 9.98684E-05 9.98684E-05 9.98684E-05 0.22982 9.98684E-05 9.98684E-05 9.98684E-05 9.98684E-05 0.0217287 9.98684E-05 9.98684E-05 9.98684E-05 0.590978 9.98684E-05 0.0789996
9.98684E-05 9.98684E-05 9.98684E-05 9.98684E-05 9.98684E-05 9.98684E-05 9.98684E-05 9.98684E-05 9.98684E-05 9.98684E-05 0.270147 9.98684E-05 9.98684E-05 9.98684E-05 9.98684E-05 0.00724628 0.102588 0.367439 9.98684E-05 0.251081
9.99035E-05 9.99035E-05 0.175265 9.99035E-05 0.167506 9.99035E-05 9.99035E-05 9.99035E-05 9.99035E-05 9.99035E-05 0.0577363 9.99035E-05 0.0268579 0.0290435 9.99035E-05 0.0210022 0.00445962 0.280401 9.99035E-05 0.23663
0.00201068 9.9886E-05 9.9886E-05 9.9886E-05 0.130118 9.9886E-05 9.9886E-05 9.9886E-05 9.9886E-05 9.9886E-05 0.0604849 9.9886E-05 9.9886E-05 0.014611 9.9886E-05 0.0356155 9.9886E-05 0.657334 9.9886E-05 0.0985266
9.98946E-05 0.0844225 0.00281645 9.98946E-05 0.3244 9.98946E-05 9.98946E-05 0.217255 9.98946E-05 9.98946E-05 0.228188 9.98946E-05 0.00372727 9.98946E-05 9.98946E-05 0.0128815 9.98946E-05 9.98946E-05 9.98946E-05 0.12511
9.98772E-05 9.98772E-05 9.98772E-05 0.0145621 9.98772E-05 9.98772E-05 9.98772E-05 9.98772E-05 9.98772E-05 9.98772E-05 0.0836697 9.98772E-05 9.98772E-05 0.0100856 9.98772E-05 0.10356 9.98772E-05 0.741091 9.98772E-05 0.0456332
9.9886E-05 9.9886E-05 9.9886E-05 9.9886E-05 0.106798 9.9886E-05 9.9886E-05 0.00315162 0.0387061 9.9886E-05 0.0569582 9.9886E-05 9.9886E-05 0.0105295 9.9886E-05 9.9886E-05 9.9886E-05 0.618298 9.9886E-05 0.164261
9.98946E-05 9.98946E-05 9.98946E-05 0.0486074 9.98946E-05 9.98946E-05 9.98946E-05 9.98946E-05 9.98946E-05 9.98946E-05 0.00151089 9.98946E-05 0.0469228 0.0182351 9.98946E-05 9.98946E-05 0.0250287 0.542149 0.249541 0.0668062
9.98859E-05 0.0376095 9.98859E-05 0.0661535 9.98859E-05 9.98859E-05 9.98859E-05 0.0963774 0.0848831 9.98859E-05 9.98859E-05 9.98859E-05 9.98859E-05 0.0709917 9.98859E-05 9.98859E-05 9.98859E-05 0.587208 9.98859E-05 0.0554778
9.98948E-05 9.98948E-05 9.98948E-05 0.0190458 0.102009 9.98948E-05 9.98948E-05 9.98948E-05 9.98948E-05 0.0453781 0.144532 9.98948E-05 9.98948E-05 0.0164781 9.98948E-05 0.0289617 9.98948E-05 0.543092 9.98948E-05 0.0993041
9.98858E-05 9.98858E-05 9.98858E-05 9.98858E-05 0.0807347 9.98858E-05 9.98858E-05 9.98858E-05 0.110196 9.98858E-05 0.169696 0.0207311 9.98858E-05 0.0689524 9.98858E-05 9.98858E-05 9.98858E-05 0.420852 9.98858E-05 0.127539
9.98947E-05 0.0100503 0.0500273 9.98947E-05 0.186523 9.98947E-05 0.0198998 9.98947E-05 9.98947E-05 9.98947E-05 0.142587 9.98947E-05 9.98947E-05 9.98947E-05 9.98947E-05 9.98947E-05 9.98947E-05 0.43306 0.0322461 0.124407
9.98772E-05 9.98772E-05 0.0911705 9.98772E-05 9.98772E-05 9.98772E-05 9.98772E-05 0.0174041 9.98772E-05 9.98772E-05 9.98772E-05 9.98772E-05 9.98772E-05 0.00658943 0.0696052 9.98772E-05 9.98772E-05 0.801861 9.98772E-05 0.0119716
9.98772E-05 9.98772E-05 9.98772E-05 9.98772E-05 9.98772E-05 9.98772E-05 9.98772E-05 0.120698 9.98772E-05 9.98772E-05 0.0577074 9.98772E-05 9.98772E-05 0.0140763 0.00268678 0.143711 9.98772E-05 0.659722 9.98772E-05 9.98772E-05
9.98509E-05 9.98509E-05 9.98509E-05 0.122818 9.98509E-05 9.98509E-05 0.0436028 9.98509E-05 9.98509E-05 9.98509E-05 9.98509E-05 9.98509E-05 9.98509E-05 9.98509E-05 9.98509E-05 9.98509E-05 9.98509E-05 0.831881 9.98509E-05 9.98509E-05
9.98948E-05 9.98948E-05 0.115874 9.98948E-05 9.98948E-05 0.0141342 9.98948E-05 9.98948E-05 9.98948E-05 9.98948E-05 9.98948E-05 9.98948E-05 0.0706406 9.98948E-05 0.00748414 0.0541907 9.98948E-05 0.57604 0.10603 0.0544077
0.094437 9.9886E-05 9.9886E-05 9.9886E-05 9.9886E-05 9.9886E-05 9.9886E-05 9.9886E-05 9.9886E-05 0.131438 0.0249622 9.9886E-05 9.9886E-05 0.0110606 0.0458509 9.9886E-05 9.9886E-05 0.510939 9.9886E-05 0.180013
9.98946E-05 9.98946E-05 9.98946E-05 0.0657528 0.0867757 9.98946E-05 0.00575614 9.98946E-05 9.98946E-05 9.98946E-05 0.142957 0.104301 9.98946E-05 9.98946E-05 9.98946E-05 9.98946E-05 9.98946E-05 0.409112 0.0630761 0.121071
9.98685E-05 9.98685E-05 9.98685E-05 0.0543837 9.98685E-05 9.98685E-05 9.98685E-05 0.061088 9.98685E-05 9.98685E-05 0.0599194 9.98685E-05 9.98685E-05 9.98685E-05 9.98685E-05 9.98685E-05 9.98685E-05 0.783154 9.98685E-05 0.0399569
9.98598E-05 9.98598E-05 9.98598E-05 9.98598E-05 9.98598E-05 9.98598E-05 9.98598E-05 0.119699 9.98598E-05 9.98598E-05 0.154161 9.98598E-05 9.98598E-05 9.98598E-05 9.98598E-05 9.98598E-05 9.98598E-05 0.608282 9.98598E-05 0.11626
9.98596E-05 9.98596E-05 9.98596E-05 0.0270426 9.98596E-05 9.98596E-05 9.98596E-05 0.0646746 9.98596E-05 9.98596E-05 9.98596E-05 9.98596E-05 9.98596E-05 9.98596E-05 9.98596E-05 9.98596E-05 9.98596E-05 0.777241 0.129444 9.98596E-05
9.9886E-05 9.9886E-05 9.9886E-05 9.9886E-05 9.9886E-05 9.9886E-05 9.9886E-05 9.9886E-05 0.229828 9.9886E-05 0.0937764 9.9886E-05 0.135111 0.00606592 9.9886E-05 9.9886E-05 0.0360102 0.322396 9.9886E-05 0.175513
0.0162409 9.98772E-05 9.98772E-05 9.98772E-05 9.98772E-05 0.029764 9.98772E-05 9.98772E-05 9.98772E-05 9.98772E-05 0.461077 9.98772E-05 9.98772E-05 9.98772E-05 9.98772E-05 0.0577964 9.98772E-05 0.256419 9.98772E-05 0.177305
9.98771E-05 0.00632052 9.98771E-05 9.98771E-05 9.98771E-05 0.114125 9.98771E-05 0.0102928 9.98771E-05 9.98771E-05 0.0106996 9.98771E-05 9.98771E-05 9.98771E-05 9.98771E-05 9.98771E-05 9.98771E-05 0.839021 9.98771E-05 0.0181433
9.98771E-05 0.0178191 9.98771E-05 9.98771E-05 9.98771E-05 9.98771E-05 9.98771E-05 9.98771E-05 9.98771E-05 9.98771E-05 9.98771E-05 9.98771E-05 0.0347888 0.010171 9.98771E-05 0.0491179 9.98771E-05 0.8125 9.98771E-05 0.0742051
9.98597E-05 9.98597E-05 9.98597E-05 9.98597E-05 9.98597E-05 9.98597E-05 0.0178935 9.98597E-05 0.0160747 9.98597E-05 9.98597E-05 0.0268847 9.98597E-05 9.98597E-05 9.98597E-05 9.98597E-05 9.98597E-05 0.937549 9.98597E-05 9.98597E-05
9.98771E-05 9.98771E-05 9.98771E-05 9.98771E-05 9.98771E-05 9.98771E-05 9.98771E-05 9.98771E-05 0.0181303 9.98771E-05 0.16364 0.00276645 9.98771E-05 0.0328918 9.98771E-05 9.98771E-05 9.98771E-05 0.650677 9.98771E-05 0.130496
9.98774E-05 9.98774E-05 9.98774E-05 0.0764733 0.0255739 9.98774E-05 0.124873 9.98774E-05 9.98774E-05 9.98774E-05 9.98774E-05 9.98774E-05 9.98774E-05 9.98774E-05 0.0591074 9.98774E-05 9.98774E-05 0.694808 9.98774E-05 0.0177661
9.9921E-05 9.9921E-05 0.081266 9.9921E-05 0.129263 9.9921E-05 9.9921E-05 0.0992639 0.0587122 9.9921E-05 0.00365922 9.9921E-05 0.092054 0.0968461 9.9921E-05 0.00105468 0.0010202 0.268686 9.9921E-05 0.167275
0.0339691 9.98772E-05 9.98772E-05 9.98772E-05 9.98772E-05 0.0209972 9.98772E-05 9.98772E-05 9.98772E-05 9.98772E-05 0.20785 9.98772E-05 9.98772E-05 9.98772E-05 9.98772E-05 0.101501 0.0469606 0.587324 9.98772E-05 9.98772E-05
9.98597E-05 0.0589336 9.98597E-05 9.98597E-05 0.0444993 9.98597E-05 9.98597E-05 9.98597E-05 9.98597E-05 9.98597E-05 9.98597E-05 9.98597E-05 9.98597E-05 9.98597E-05 9.98597E-05 9.98597E-05 9.98597E-05 0.86291 9.98597E-05 0.0320593
0.0215417 0.0228673 0.0338521 9.98948E-05 9.98948E-05 9.98948E-05 0.0542879 9.98948E-05 9.98948E-05 9.98948E-05 0.00225059 0.171546 9.98948E-05 9.98948E-05 9.98948E-05 9.98948E-05 9.98948E-05 0.572959 0.119497 9.98948E-05
0.0025629 9.99036E-05 0.00716656 0.119261 9.99036E-05 9.99036E-05 9.99036E-05 9.99036E-05 9.99036E-05 9.99036E-05 9.99036E-05 9.99036E-05 0.00611849 0.00954401 9.99036E-05 9.99036E-05 0.0125393 0.725614 0.0277378 0.0883569
0.0144143 9.9884E-05 0.160696 0.0330568 0.115689 9.9884E-05 9.9884E-05 9.9884E-05 9.9884E-05 9.9884E-05 9.9884E-05 0.0423048 9.9884E-05 9.9884E-05 9.9884E-05 9.9884E-05 9.9884E-05 0.632441 9.9884E-05 9.9884E-05
9.98771E-05 0.0354759 9.98771E-05 0.0753819 9.98771E-05 9.98771E-05 9.98771E-05 9.98771E-05 9.98771E-05 9.98771E-05 0.104434 9.98771E-05 9.98771E-05 9.98771E-05 0.0321997 9.98771E-05 9.98771E-05 0.724585 9.98771E-05 0.0265246
9.9851E-05 9.9851E-05 9.9851E-05 9.9851E-05 9.9851E-05 9.9851E-05 9.9851E-05 9.9851E-05 9.9851E-05 9.9851E-05 9.9851E-05 9.9851E-05 9.9851E-05 9.9851E-05 9.9851E-05 0.123188 9.9851E-05 0.830094 9.9851E-05 0.0450208
9.98684E-05 9.98684E-05 9.98684E-05 9.98684E-05 9.98684E-05 9.98684E-05 0.00464434 0.0587909 9.98684E-05 9.98684E-05 9.98684E-05 9.98684E-05 9.98684E-05 9.98684E-05 0.102428 9.98684E-05 9.98684E-05 0.830935 9.98684E-05 0.00170401
9.9877E-05 0.00952633 9.9877E-05 9.9877E-05 0.0375325 9.9877E-05 9.9877E-05 9.9877E-05 0.7288 9.9877E-05 0.0224724 9.9877E-05 0.0702967 9.9877E-05 9.9877E-05 9.9877E-05 9.9877E-05 9.9877E-05 9.9877E-05 0.129974
9.98335E-05 9.98335E-05 9.98335E-05 9.98335E-05 9.98335E-05 9.98335E-05 9.98335E-05 9.98335E-05 0.998103 9.98335E-05 9.98335E-05 9.98335E-05 9.98335E-05 9.98335E-05 9.98335E-05 9.98335E-05 9.98335E-05 9.98335E-05 9.98335E-05 9.98335E-05
9.98596E-05 0.0132565 9.98596E-05 9.98596E-05 9.98596E-05 9.98596E-05 0.00148713 9.98596E-05 0.982881 9.98596E-05 9.98596E-05 9.98596E-05 9.98596E-05 9.98596E-05 9.98596E-05 9.98596E-05 9.98596E-05 9.98596E-05 0.000777482 9.98596E-05
9.98946E-05 0.0117462 9.98946E-05 9.98946E-05 0.228139 9.98946E-05 0.0767744 9.98946E-05 0.324902 9.98946E-05 9.98946E-05 9.98946E-05 0.0979853 0.00710543 0.222 9.98946E-05 9.98946E-05 9.98946E-05 9.98946E-05 0.0301495
0.017931 0.00498642 9.99033E-05 0.0047232 9.99033E-05 0.0656892 0.00523977 9.99033E-05 0.688643 9.99033E-05 0.121819 9.99033E-05 0.0590294 9.99033E-05 9.99033E-05 9.99033E-05 9.99033E-05 9.99033E-05 9.99033E-05 0.0308401
9.98857E-05 9.98857E-05 9.98857E-05 9.98857E-05 0.014859 9.98857E-05 9.98857E-05 9.98857E-05 0.636223 9.98857E-05 0.0986363 9.98857E-05 0.0608256 0.000159042 9.98857E-05 9.98857E-05 0.00144106 9.98857E-05 9.98857E-05 0.186558
9.98682E-05 9.98682E-05 9.98682E-05 9.98682E-05 9.98682E-05 9.98682E-05 9.98682E-05 9.98682E-05 0.577971 9.98682E-05 9.98682E-05 9.98682E-05 9.98682E-05 0.00764854 0.28317 0.0313991 9.98682E-05 9.98682E-05 9.98682E-05 0.0983137
9.98858E-05 0.127437 9.98858E-05 0.0145192 0.0387403 9.98858E-05 9.98858E-05 9.98858E-05 0.603275 9.98858E-05 9.98858E-05 9.98858E-05 0.037392 9.98858E-05 0.134397 9.98858E-05 9.98858E-05 9.98858E-05 9.98858E-05 0.0429412
9.9842E-05 9.9842E-05 9.9842E-05 9.9842E-05 9.9842E-05 9.9842E-05 9.9842E-05 0.0578133 0.94039 9.9842E-05 9.9842E-05 9.9842E-05 9.9842E-05 9.9842E-05 9.9842E-05 9.9842E-05 9.9842E-05 9.9842E-05 9.9842E-05 9.9842E-05
9.98508E-05 9.98508E-05 9.98508E-05 9.98508E-05 9.98508E-05 9.98508E-05 9.98508E-05 9.98508E-05 0.903436 9.98508E-05 9.98508E-05 9.98508E-05 9.98508E-05 0.0146937 9.98508E-05 0.0801727 9.98508E-05 9.98508E-05 9.98508E-05 9.98508E-05
9.98593E-05 9.98593E-05 9.98593E-05 9.98593E-05 9.98593E-05 9.98593E-05 9.98593E-05 9.98593E-05 0.550864 9.98593E-05 9.98593E-05 9.98593E-05 0.0430534 0.138455 9.98593E-05 9.98593E-05 9.98593E-05 9.98593E-05 9.98593E-05 0.26603
9.99121E-05 9.99121E-05 0.0323388 0.0818091 9.99121E-05 9.99121E-05 0.0170227 9.99121E-05 0.509534 9.99121E-05 0.184025 0.0465907 9.99121E-05 0.000330628 0.0713879 0.0027938 9.99121E-05 9.99121E-05 9.99121E-05 0.0531686
0.132978 9.98857E-05 9.98857E-05 9.98857E-05 0.054132 9.98857E-05 9.98857E-05 9.98857E-05 0.502197 9.98857E-05 9.98857E-05 0.0516129 0.142855 0.111765 9.98857E-05 9.98857E-05 9.98857E-05 9.98857E-05 9.98857E-05 0.0031609
0.0106803 9.98682E-05 9.98682E-05 9.98682E-05 9.98682E-05 9.98682E-05 9.98682E-05 9.98682E-05 0.573608 9.98682E-05 0.187347 9.98682E-05 9.98682E-05 9.98682E-05 0.0430336 9.98682E-05 9.98682E-05 9.98682E-05 9.98682E-05 0.183833
9.98598E-05 9.98598E-05 9.98598E-05 9.98598E-05 0.0370983 9.98598E-05 9.98598E-05 0.0755803 0.883012 9.98598E-05 9.98598E-05 0.00271214 9.98598E-05 9.98598E-05 9.98598E-05 9.98598E-05 9.98598E-05 9.98598E-05 9.98598E-05 9.98598E-05
9.9886E-05 9.9886E-05 9.9886E-05 9.9886E-05 9.9886E-05 9.9886E-05 9.9886E-05 0.0330459 0.839891 9.9886E-05 0.0158605 9.9886E-05 0.0230334 0.0149946 9.9886E-05 0.03927 9.9886E-05 9.9886E-05 9.9886E-05 0.0326062
9.98769E-05 0.00773398 9.98769E-05 0.109022 0.0890183 9.98769E-05 0.0484757 9.98769E-05 0.734936 9.98769E-05 9.98769E-05 9.98769E-05 9.98769E-05 9.98769E-05 9.98769E-05 9.98769E-05 9.98769E-05 9.98769E-05 9.98769E-05 0.00941552
9.9877E-05 9.9877E-05 9.9877E-05 0.0472181 9.9877E-05 9.9877E-05 9.9877E-05 9.9877E-05 0.628368 9.9877E-05 0.168143 9.9877E-05 0.0303854 0.113084 9.9877E-05 0.0114033 9.9877E-05 9.9877E-05 9.9877E-05 9.9877E-05
9.98683E-05 0.0298593 9.98683E-05 0.00195115 9.98683E-05 9.98683E-05 9.98683E-05 9.98683E-05 0.818833 9.98683E-05 9.98683E-05 9.98683E-05 0.0524777 9.98683E-05 9.98683E-05 9.98683E-05 9.98683E-05 9.98683E-05 9.98683E-05 0.0953809
9.98769E-05 9.98769E-05 0.0442636 9.98769E-05 9.98769E-05 9.98769E-05 9.98769E-05 0.120334 0.567725 9.98769E-05 9.98769E-05 0.0542358 9.98769E-05 0.00373412 9.98769E-05 9.98769E-05 9.98769E-05 9.98769E-05 9.98769E-05 0.20831
9.98424E-05 9.98424E-05 9.98424E-05 9.98424E-05 9.98424E-05 9.98424E-05 9.98424E-05 9.98424E-05 0.988653 9.98424E-05 9.98424E-05 9.98424E-05 9.98424E-05 9.98424E-05 9.98424E-05 9.98424E-05 9.98424E-05 9.98424E-05 0.00954978 9.98424E-05
9.98769E-05 9.98769E-05 9.98769E-05 0.0198872 0.00685207 9.98769E-05 9.98769E-05 9.98769E-05 0.626212 9.98769E-05 0.315302 9.98769E-05 9.98769E-05 9.98769E-05 0.0155807 9.98769E-05 9.98769E-05 9.98769E-05 9.98769E-05 0.0147667
9.98773E-05 9.98773E-05 0.0471042 9.98773E-05 0.171472 9.98773E-05 9.98773E-05 9.98773E-05 0.724151 9.98773E-05 0.0197236 9.98773E-05 9.98773E-05 9.98773E-05 0.0357743 9.98773E-05 9.98773E-05 9.98773E-05 9.98773E-05 0.000376596
0.00694361 0.0424062 9.98859E-05 0.112265 0.0248707 9.98859E-05 9.98859E-05 9.98859E-05 0.743426 9.98859E-05 9.98859E-05 9.98859E-05 0.0188004 9.98859E-05 9.98859E-05 9.98859E-05 0.0499893 9.98859E-05 9.98859E-05 9.98859E-05
9.98419E-05 9.98419E-05 9.98419E-05 9.98419E-05 9.98419E-05 9.98419E-05 9.98419E-05 9.98419E-05 0.77221 9.98419E-05 9.98419E-05 9.98419E-05 9.98419E-05 0.225993 9.98419E-05 9.98419E-05 9.98419E-05 9.98419E-05 9.98419E-05 9.98419E-05
9.98686E-05 9.98686E-05 9.98686E-05 9.98686E-05 9.98686E-05 0.00624196 9.98686E-05 9.98686E-05 0.953607 9.98686E-05 9.98686E-05 9.98686E-05 0.0209109 9.98686E-05 0.0148302 9.98686E-05 9.98686E-05 9.98686E-05 9.98686E-05 0.00291218
9.98335E-05 9.98335E-05 9.98335E-05 9.98335E-05 9.98335E-05 9.98335E-05 9.98335E-05 9.98335E-05 0.998103 9.98335E-05 9.98335E-05 9.98335E-05 9.98335E-05 9.98335E-05 9.98335E-05 9.98335E-05 9.98335E-05 9.98335E-05 9.98335E-05 9.98335E-05
9.98334E-05 9.98334E-05 9.98334E-05 9.98334E-05 9.98334E-05 9.98334E-05 9.98334E-05 9.98334E-05 0.998103 9.98334E-05 9.98334E-05 9.98334E-05 9.98334E-05 9.98334E-05 9.98334E-05 9.98334E-05 9.98334E-05 9.98334E-05 9.98334E-05 9.98334E-05
9.98509E-05 0.084253 9.98509E-05 9.98509E-05 9.98509E-05 9.98509E-05 9.98509E-05 9.98509E-05 0.849043 9.98509E-05 9.98509E-05 9.98509E-05 9.98509E-05 9.98509E-05 9.98509E-05 9.98509E-05 9.98509E-05 9.98509E-05 9.98509E-05 0.0650063
9.98685E-05 9.98685E-05 9.98685E-05 9.98685E-05 9.98685E-05 9.98685E-05 9.98685E-05 0.0366422 0.542211 9.98685E-05 9.98685E-05 9.98685E-05 0.045839 9.98685E-05 9.98685E-05 9.98685E-05 9.98685E-05 9.98685E-05 0.281927 0.0918828
9.98509E-05 9.98509E-05 9.98509E-05 9.98509E-05 0.81399 9.98509E-05 9.98509E-05 9.98509E-05 9.98509E-05 9.98509E-05 9.98509E-05 9.98509E-05 0.0898686 9.98509E-05 9.98509E-05 9.98509E-05 9.98509E-05 9.98509E-05 9.98509E-05 0.0944439
9.98421E-05 9.98421E-05 9.98421E-05 9.98421E-05 0.350325 9.98421E-05 9.98421E-05 9.98421E-05 9.98421E-05 9.98421E-05 9.98421E-05 9.98421E-05 9.98421E-05 9.98421E-05 9.98421E-05 9.98421E-05 9.98421E-05 9.98421E-05 0.647878 9.98421E-05
9.98508E-05 9.98508E-05 9.98508E-05 9.98508E-05 0.945257 9.98508E-05 9.98508E-05 9.98508E-05 9.98508E-05 9.98508E-05 0.0117303 9.98508E-05 9.98508E-05 9.98508E-05 9.98508E-05 9.98508E-05 9.98508E-05 9.98508E-05 9.98508E-05 0.0413151
9.98506E-05 9.98506E-05 9.98506E-05 9.98506E-05 0.807893 9.98506E-05 9.98506E-05 9.98506E-05 9.98506E-05 9.98506E-05 9.98506E-05 9.98506E-05 9.98506E-05 0.0195922 9.98506E-05 9.98506E-05 9.98506E-05 9.98506E-05 9.98506E-05 0.170817
9.98595E-05 0.0373979 9.98595E-05 9.98595E-05 0.898641 9.98595E-05 9.98595E-05 9.98595E-05 9.98595E-05 9.98595E-05 9.98595E-05 9.98595E-05 0.0451 9.98595E-05 9.98595E-05 9.98595E-05 0.0172636 9.98595E-05 9.98595E-05 9.98595E-05
9.98772E-05 9.98772E-05 9.98772E-05 9.98772E-05 0.581215 9.98772E-05 9.98772E-05 9.98772E-05 9.98772E-05 9.98772E-05 9.98772E-05 9.98772E-05 0.102708 9.98772E-05 0.115843 0.115032 9.98772E-05 9.98772E-05 0.00443605 0.0793682
9.98771E-05 0.00826492 9.98771E-05 9.98771E-05 0.77893 9.98771E-05 9.98771E-05 9.98771E-05 9.98771E-05 9.98771E-05 0.0611239 9.98771E-05 0.0529674 0.00793246 9.98771E-05 9.98771E-05 9.98771E-05 9.98771E-05 9.98771E-05 0.0893832
9.9842E-05 9.9842E-05 9.9842E-05 9.9842E-05 0.81529 9.9842E-05 9.9842E-05 9.9842E-05 9.9842E-05 9.9842E-05 9.9842E-05 9.9842E-05 0.182913 9.9842E-05 9.9842E-05 9.9842E-05 9.9842E-05 9.9842E-05 9.9842E-05 9.9842E-05
9.98682E-05 9.98682E-05 9.98682E-05 9.98682E-05 0.367177 9.98682E-05 9.98682E-05 0.0909258 9.98682E-05 9.98682E-05 9.98682E-05 9.98682E-05 0.288335 9.98682E-05 0.218383 9.98682E-05 9.98682E-05 9.98682E-05 9.98682E-05 0.0336816
9.98508E-05 9.98508E-05 9.98508E-05 9.98508E-05 0.558514 9.98508E-05 9.98508E-05 9.98508E-05 9.98508E-05 9.98508E-05 9.98508E-05 9.98508E-05 0.186261 9.98508E-05 9.98508E-05 9.98508E-05 9.98508E-05 9.98508E-05 9.98508E-05 0.253528
9.98596E-05 9.98596E-05 9.98596E-05 9.98596E-05 0.361459 9.98596E-05 9.98596E-05 9.98596E-05 9.98596E-05 0.457314 9.98596E-05 9.98596E-05 0.000367782 9.98596E-05 0.179262 9.98596E-05 9.98596E-05 9.98596E-05 9.98596E-05 9.98596E-05
9.98685E-05 9.98685E-05 9.98685E-05 9.98685E-05 0.573474 9.98685E-05 9.98685E-05 9.98685E-05 9.98685E-05 0.140246 9.98685E-05 9.98685E-05 9.98685E-05 0.0621303 0.16329 9.98685E-05 9.98685E-05 9.98685E-05 9.98685E-05 0.0593625
9.9851E-05 9.9851E-05 9.9851E-05 9.9851E-05 0.873236 9.9851E-05 9.9851E-05 9.9851E-05 9.9851E-05 0.0676804 9.9851E-05 9.9851E-05 0.0573866 9.9851E-05 9.9851E-05 9.9851E-05 9.9851E-05 9.9851E-05 9.9851E-05 9.9851E-05
9.98772E-05 9.98772E-05 9.98772E-05 9.98772E-05 0.418636 9.98772E-05 9.98772E-05 9.98772E-05 9.98772E-05 0.190363 9.98772E-05 9.98772E-05 0.145497 9.98772E-05 0.0021245 9.98772E-05 0.0717185 9.98772E-05 9.98772E-05 0.170262
9.98773E-05 0.202716 9.98773E-05 9.98773E-05 0.59985 9.98773E-05 9.98773E-05 9.98773E-05 9.98773E-05 0.132049 9.98773E-05 0.016311 0.0367164 0.0109598 9.98773E-05 9.98773E-05 9.98773E-05 9.98773E-05 9.98773E-05 9.98773E-05
9.98947E-05 9.98947E-05 9.98947E-05 9.98947E-05 0.571646 9.98947E-05 9.98947E-05 0.159805 9.98947E-05 9.98947E-05 9.98947E-05 9.98947E-05 0.0827333 0.0344741 0.027337 0.0144767 9.98947E-05 9.98947E-05 0.0512989 0.0570302
9.98683E-05 9.98683E-05 9.98683E-05 9.98683E-05 0.565235 0.0235175 9.98683E-05 9.98683E-05 9.98683E-05 0.0795418 9.98683E-05 9.98683E-05 9.98683E-05 9.98683E-05 0.247556 9.98683E-05 9.98683E-05 9.98683E-05 9.98683E-05 0.0826509
9.98686E-05 9.98686E-05 9.98686E-05 9.98686E-05 0.871513 9.98686E-05 0.0233321 9.98686E-05 9.98686E-05 9.98686E-05 0.0213642 9.98686E-05 0.0733392 9.98686E-05 9.98686E-05 9.98686E-05 9.98686E-05 9.98686E-05 0.00895338 9.98686E-05
9.98422E-05 9.98422E-05 9.98422E-05 9.98422E-05 0.900666 9.98422E-05 9.98422E-05 9.98422E-05 9.98422E-05 0.0975367 9.98422E-05 9.98422E-05 9.98422E-05 9.98422E-05 9.98422E-05 9.98422E-05 9.98422E-05 9.98422E-05 9.98422E-05 9.98422E-05
9.98947E-05 9.98947E-05 0.0477858 9.98947E-05 0.245493 0.045704 9.98947E-05 0.113568 9.98947E-05 9.98947E-05 9.98947E-05 9.98947E-05 0.101147 0.0507308 9.98947E-05 9.98947E-05 9.98947E-05 9.98947E-05 0.336366 0.0580064
0.0272899 9.98684E-05 9.98684E-05 9.98684E-05 0.697323 9.98684E-05 9.98684E-05 9.98684E-05 9.98684E-05 0.0578881 9.98684E-05 9.98684E-05 9.98684E-05 9.98684E-05 0.151617 9.98684E-05 9.98684E-05 9.98684E-05 9.98684E-05 0.0643836
9.98596E-05 0.0270734 9.98596E-05 9.98596E-05 0.871983 9.98596E-05 9.98596E-05 9.98596E-05 9.98596E-05 9.98596E-05 9.98596E-05 9.98596E-05 0.056552 0.0427934 9.98596E-05 9.98596E-05 9.98596E-05 9.98596E-05 9.98596E-05 9.98596E-05
9.98683E-05 9.98683E-05 9.98683E-05 9.98683E-05 0.452852 0.0579985 9.98683E-05 9.98683E-05 9.98683E-05 9.98683E-05 9.98683E-05 9.98683E-05 0.191677 9.98683E-05 0.103638 9.98683E-05 9.98683E-05 9.98683E-05 9.98683E-05 0.192336
9.98684E-05 9.98684E-05 9.98684E-05 9.98684E-05 0.630911 9.98684E-05 9.98684E-05 9.98684E-05 9.98684E-05 0.0712894 9.98684E-05 9.98684E-05 0.143139 9.98684E-05 9.98684E-05 9.98684E-05 9.98684E-05 9.98684E-05 0.122266 0.0308962
0.0439761 9.98771E-05 9.98771E-05 9.98771E-05 0.488095 0.0938643 9.98771E-05 9.98771E-05 9.98771E-05 9.98771E-05 9.98771E-05 9.98771E-05 0.146157 9.98771E-05 0.100298 9.98771E-05 9.98771E-05 9.98771E-05 9.98771E-05 0.126211
9.9886E-05 9.9886E-05 9.9886E-05 9.9886E-05 0.282586 9.9886E-05 9.9886E-05 9.9886E-05 0.0647764 0.285609 9.9886E-05 0.0881679 0.135135 9.9886E-05 0.0395784 9.9886E-05 9.9886E-05 9.9886E-05 9.9886E-05 0.10285
9.98771E-05 9.98771E-05 0.0168308 9.98771E-05 0.0884061 9.98771E-05 0.0212308 9.98771E-05 9.98771E-05 9.98771E-05 9.98771E-05 9.98771E-05 9.98771E-05 9.98771E-05 9.98771E-05 9.98771E-05 0.0971885 9.98771E-05 0.766576 0.00836944
9.98682E-05 9.98682E-05 9.98682E-05 0.0178181 0.7504 0.0496228 9.98682E-05 9.98682E-05 9.98682E-05 9.98682E-05 9.98682E-05 9.98682E-05 0.0552735 9.98682E-05 9.98682E-05 9.98682E-05 9.98682E-05 9.98682E-05 9.98682E-05 0.125388
9.98597E-05 9.98597E-05 9.98597E-05 9.98597E-05 0.553684 9.98597E-05 9.98597E-05 9.98597E-05 9.98597E-05 9.98597E-05 9.98597E-05 9.98597E-05 0.210135 9.98597E-05 0.0351607 9.98597E-05 9.98597E-05 9.98597E-05 9.98597E-05 0.199422
0.045578 9.98773E-05 9.98773E-05 9.98773E-05 0.735543 0.0307461 9.98773E-05 9.98773E-05 9.98773E-05 9.98773E-05 9.98773E-05 9.98773E-05 9.98773E-05 0.0574263 9.98773E-05 9.98773E-05 9.98773E-05 9.98773E-05 0.0788047 0.0505039
9.98685E-05 9.98685E-05 9.98685E-05 9.98685E-05 0.762754 9.98685E-05 9.98685E-05 9.98685E-05 9.98685E-05 0.0246664 9.98685E-05 0.028882 9.98685E-05 0.0308656 9.98685E-05 9.98685E-05 9.98685E-05 9.98685E-05 9.98685E-05 0.151334
9.98595E-05 9.98595E-05 9.98595E-05 9.98595E-05 0.946109 0.00247857 9.98595E-05 9.98595E-05 9.98595E-05 9.98595E-05 9.98595E-05 0.0276358 9.98595E-05 9.98595E-05 9.98595E-05 9.98595E-05 9.98595E-05 9.98595E-05 9.98595E-05 0.0221788
0.052118 9.9877E-05 9.9877E-05 9.9877E-05 0.471564 0.141091 9.9877E-05 9.9877E-05 9.9877E-05 9.9877E-05 9.9877E-05 0.0171763 0.170641 9.9877E-05 9.9877E-05 9.9877E-05 9.9877E-05 9.9877E-05 9.9877E-05 0.146012
9.9877E-05 9.9877E-05 9.9877E-05 0.00298993 0.712486 0.0493285 9.9877E-05 9.9877E-05 9.9877E-05 9.9877E-05 0.0561363 9.9877E-05 0.00787985 9.9877E-05 9.9877E-05 9.9877E-05 9.9877E-05 9.9877E-05 9.9877E-05 0.169781
9.98509E-05 9.98509E-05 9.98509E-05 9.98509E-05 0.916349 9.98509E-05 9.98509E-05 9.98509E-05 9.98509E-05 0.0455241 9.98509E-05 9.98509E-05 9.98509E-05 9.98509E-05 9.98509E-05 9.98509E-05 9.98509E-05 9.98509E-05 9.98509E-05 0.0364299
9.98771E-05 9.98771E-05 9.98771E-05 9.98771E-05 0.531324 9.98771E-05 9.98771E-05 0.119242 9.98771E-05 0.234392 9.98771E-05 9.98771E-05 0.0911504 0.0101334 9.98771E-05 0.0123603 9.98771E-05 9.98771E-05 9.98771E-05 9.98771E-05
9.98507E-05 9.98507E-05 9.98507E-05 9.98507E-05 0.661168 9.98507E-05 9.98507E-05 9.98507E-05 9.98507E-05 9.98507E-05 9.98507E-05 9.98507E-05 0.0457077 9.98507E-05 9.98507E-05 9.98507E-05 9.98507E-05 9.98507E-05 9.98507E-05 0.291426
9.98683E-05 9.98683E-05 9.98683E-05 9.98683E-05 0.212952 9.98683E-05 9.98683E-05 9.98683E-05 9.98683E-05 0.726703 9.98683E-05 9.98683E-05 0.0142508 9.98683E-05 9.98683E-05 0.0377731 9.98683E-05 9.98683E-05 9.98683E-05 0.00682329
9.98597E-05 9.98597E-05 9.98597E-05 9.98597E-05 0.640193 9.98597E-05 9.98597E-05 9.98597E-05 9.98597E-05 0.1096 9.98597E-05 9.98597E-05 9.98597E-05 9.98597E-05 9.98597E-05 9.98597E-05 9.98597E-05 9.98597E-05 0.188203 0.0604059
9.98511E-05 9.98511E-05 9.98511E-05 9.98511E-05 0.671893 9.98511E-05 9.98511E-05 9.98511E-05 9.98511E-05 0.263314 9.98511E-05 9.98511E-05 9.98511E-05 9.98511E-05 9.98511E-05 9.98511E-05 9.98511E-05 9.98511E-05 0.0630954 9.98511E-05
9.98597E-05 9.98597E-05 9.98597E-05 9.98597E-05 0.27438 0.133502 9.98597E-05 9.98597E-05 9.98597E-05 0.571771 9.98597E-05 9.98597E-05 0.0187486 9.98597E-05 9.98597E-05 9.98597E-05 9.98597E-05 9.98597E-05 9.98597E-05 9.98597E-05
9.98682E-05 9.98682E-05 9.98682E-05 9.98682E-05 0.616962 9.98682E-05 9.98682E-05 9.98682E-05 9.98682E-05 9.98682E-05 9.98682E-05 9.98682E-05 0.0612225 0.00402499 0.0316716 9.98682E-05 9.98682E-05 9.98682E-05 9.98682E-05 0.284621
0.00328674 9.98596E-05 9.98596E-05 9.98596E-05 0.806959 9.98596E-05 9.98596E-05 0.0561398 9.98596E-05 9.98596E-05 9.98596E-05 9.98596E-05 0.132016 9.98596E-05 9.98596E-05 9.98596E-05 9.98596E-05 9.98596E-05 9.98596E-05 9.98596E-05
9.98772E-05 9.98772E-05 9.98772E-05 9.98772E-05 0.0342709 0.0564436 9.98772E-05 9.98772E-05 9.98772E-05 0.300264 9.98772E-05 9.98772E-05 0.0812282 9.98772E-05 9.98772E-05 9.98772E-05 9.98772E-05 9.98772E-05 0.479867 0.046529
9.98771E-05 9.98771E-05 9.98771E-05 9.98771E-05 0.335577 9.98771E-05 9.98771E-05 9.98771E-05 9.98771E-05 0.566768 9.98771E-05 9.98771E-05 0.0200382 0.0101782 0.061496 9.98771E-05 9.98771E-05 0.00454525 9.98771E-05 9.98771E-05
9.9877E-05 9.9877E-05 9.9877E-05 9.9877E-05 0.533051 0.154327 9.9877E-05 9.9877E-05 9.9877E-05 9.9877E-05 0.0259707 9.9877E-05 0.12163 0.0143687 0.149253 9.9877E-05 9.9877E-05 9.9877E-05 9.9877E-05 9.9877E-05
9.98947E-05 0.000296937 9.98947E-05 9.98947E-05 0.466929 9.98947E-05 9.98947E-05 0.0809696 0.176748 9.98947E-05 9.98947E-05 9.98947E-05 0.100732 0.0105983 9.98947E-05 9.98947E-05 9.98947E-05 9.98947E-05 0.0442974 0.11823
9.98948E-05 9.98948E-05 9.98948E-05 9.98948E-05 0.452774 9.98948E-05 9.98948E-05 9.98948E-05 9.98948E-05 0.0973652 0.07732 0.0437386 0.126103 9.98948E-05 0.0211451 9.98948E-05 0.138357 9.98948E-05 9.98948E-05 0.0419985
9.98684E-05 9.98684E-05 9.98684E-05 9.98684E-05 0.499435 9.98684E-05 9.98684E-05 9.98684E-05 0.00114813 9.98684E-05 0.174836 9.98684E-05 0.182357 9.98684E-05 9.98684E-05 9.98684E-05 9.98684E-05 9.98684E-05 9.98684E-05 0.140726
9.98597E-05 9.98597E-05 9.98597E-05 9.98597E-05 0.442433 9.98597E-05 9.98597E-05 9.98597E-05 9.98597E-05 0.53552 9.98597E-05 9.98597E-05 9.98597E-05 9.98597E-05 9.98597E-05 9.98597E-05 9.98597E-05 9.98597E-05 0.0059786 0.0144703
9.98595E-05 9.98595E-05 9.98595E-05 9.98595E-05 0.746733 9.98595E-05 0.000753969 9.98595E-05 9.98595E-05 9.98595E-05 9.98595E-05 9.98595E-05 9.98595E-05 9.98595E-05 9.98595E-05 0.168741 9.98595E-05 9.98595E-05 9.98595E-05 0.0821742
9.98507E-05 9.98507E-05 9.98507E-05 9.98507E-05 0.0798468 9.98507E-05 9.98507E-05 9.98507E-05 9.98507E-05 9.98507E-05 9.98507E-05 9.98507E-05 0.0827456 9.98507E-05 9.98507E-05 9.98507E-05 9.98507E-05 9.98507E-05 0.83571 9.98507E-05
9.9886E-05 9.9886E-05 9.9886E-05 9.9886E-05 0.410851 9.9886E-05 9.9886E-05 0.0382697 9.9886E-05 0.126034 9.9886E-05 9.9886E-05 0.119945 0.0566747 9.9886E-05 9.9886E-05 9.9886E-05 9.9886E-05 0.109686 0.137242
9.98595E-05 9.98595E-05 9.98595E-05 9.98595E-05 0.957968 9.98595E-05 9.98595E-05 9.98595E-05 9.98595E-05 9.98595E-05 9.98595E-05 0.0189266 0.0211492 9.98595E-05 0.000358588 9.98595E-05 9.98595E-05 9.98595E-05 9.98595E-05 9.98595E-05
9.98682E-05 0.0280971 9.98682E-05 9.98682E-05 0.876656 0.0200687 9.98682E-05 9.98682E-05 9.98682E-05 9.98682E-05 9.98682E-05 9.98682E-05 9.98682E-05 0.0528506 9.98682E-05 0.0208294 9.98682E-05 9.98682E-05 9.98682E-05 9.98682E-05
9.98594E-05 9.98594E-05 9.98594E-05 9.98594E-05 0.484289 9.98594E-05 9.98594E-05 9.98594E-05 9.98594E-05 9.98594E-05 9.98594E-05 9.98594E-05 0.169061 9.98594E-05 0.236116 9.98594E-05 9.98594E-05 9.98594E-05 9.98594E-05 0.108936
9.98507E-05 9.98507E-05 9.98507E-05 9.98507E-05 0.761994 9.98507E-05 9.98507E-05 9.98507E-05 9.98507E-05 9.98507E-05 9.98507E-05 9.98507E-05 0.152254 9.98507E-05 9.98507E-05 9.98507E-05 9.98507E-05 9.98507E-05 9.98507E-05 0.084054
9.98507E-05 9.98507E-05 9.98507E-05 9.98507E-05 0.981957 9.98507E-05 9.98507E-05 9.98507E-05 9.98507E-05 9.98507E-05 9.98507E-05 9.98507E-05 0.0150961 0.00124919 9.98507E-05 9.98507E-05 9.98507E-05 9.98507E-05 9.98507E-05 9.98507E-05
9.98596E-05 9.98596E-05 9.98596E-05 9.98596E-05 0.730527 0.124114 9.98596E-05 9.98596E-05 9.98596E-05 0.091898 9.98596E-05 9.98596E-05 9.98596E-05 9.98596E-05 9.98596E-05 9.98596E-05 9.98596E-05 9.98596E-05 9.98596E-05 0.0518629
9.98772E-05 9.98772E-05 9.98772E-05 9.98772E-05 0.606432 9.98772E-05 9.98772E-05 9.98772E-05 9.98772E-05 0.0809303 9.98772E-05 9.98772E-05 0.0752638 9.98772E-05 0.195604 9.98772E-05 9.98772E-05 9.98772E-05 0.0325848 0.00778661
9.98331E-05 9.98331E-05 9.98331E-05 9.98331E-05 9.98331E-05 9.98331E-05 9.98331E-05 9.98331E-05 9.98331E-05 9.98331E-05 9.98331E-05 9.98331E-05 9.98331E-05 9.98331E-05 9.98331E-05 9.98331E-05 9.98331E-05 9.98331E-05 9.98331E-05 0.998103
9.9833E-05 9.9833E-05 9.9833E-05 9.9833E-05 9.9833E-05 9.9833E-05 9.9833E-05 9.9833E-05 9.9833E-05 9.9833E-05 9.9833E-05 9.9833E-05 0.998103 9.9833E-05 9.9833E-05 9.9833E-05 9.9833E-05 9.9833E-05 9.9833E-05 9.9833E-05
9.98329E-05 9.98329E-05 9.98329E-05 9.98329E-05 9.98329E-05 9.98329E-05 9.98329E-05 9.98329E-05 9.98329E-05 9.98329E-05 9.98329E-05 9.98329E-05 9.98329E-05 9.98329E-05 9.98329E-05 9.98329E-05 9.98329E-05 9.98329E-05 9.98329E-05 0.998103
9.9833E-05 9.9833E-05 9.9833E-05 9.9833E-05 9.9833E-05 9.9833E-05 9.9833E-05 9.9833E-05 9.9833E-05 9.9833E-05 9.9833E-05 9.9833E-05 0.998103 9.9833E-05 9.9833E-05 9.9833E-05 9.9833E-05 9.9833E-05 9.9833E-05 9.9833E-05
9.9833E-05 9.9833E-05 9.9833E-05 9.9833E-05 9.9833E-05 9.9833E-05 9.9833E-05 9.9833E-05 9.9833E-05 9.9833E-05 9.9833E-05 9.9833E-05 0.998103 9.9833E-05 9.9833E-05 9.9833E-05 9.9833E-05 9.9833E-05 9.9833E-05 9.9833E-05
9.9833E-05 9.9833E-05 9.9833E-05 9.9833E-05 9.9833E-05 9.9833E-05 9.9833E-05 9.9833E-05 9.9833E-05 9.9833E-05 9.9833E-05 9.9833E-05 0.998103 9.9833E-05 9.9833E-05 9.9833E-05 9.9833E-05 9.9833E-05 9.9833E-05 9.9833E-05
9.9842E-05 9.9842E-05 9.9842E-05 9.9842E-05 9.9842E-05 9.9842E-05 9.9842E-05 9.9842E-05 9.9842E-05 9.9842E-05 9.9842E-05 9.9842E-05 0.000855252 9.9842E-05 9.9842E-05 9.9842E-05 9.9842E-05 9.9842E-05 9.9842E-05 0.997348
9.98329E-05 9.98329E-05 9.98329E-05 9.98329E-05 9.98329E-05 9.98329E-05 9.98329E-05 9.98329E-05 9.98329E-05 9.98329E-05 9.98329E-05 9.98329E-05 0.998103 9.98329E-05 9.98329E-05 9.98329E-05 9.98329E-05 9.98329E-05 9.98329E-05 9.98329E-05
9.98331E-05 9.98331E-05 9.98331E-05 9.98331E-05 9.98331E-05 9.98331E-05 9.98331E-05 9.98331E-05 9.98331E-05 9.98331E-05 9.98331E-05 9.98331E-05 0.998103 9.98331E-05 9.98331E-05 9.98331E-05 9.98331E-05 9.98331E-05 9.98331E-05 9.98331E-05
9.98331E-05 9.98331E-05 9.98331E-05 9.98331E-05 9.98331E-05 9.98331E-05 9.98331E-05 9.98331E-05 9.98331E-05 9.98331E-05 9.98331E-05 9.98331E-05 9.98331E-05 9.98331E-05 9.98331E-05 9.98331E-05 9.98331E-05 9.98331E-05 9.98331E-05 0.998103
9.98331E-05 9.98331E-05 9.98331E-05 9.98331E-05 9.98331E-05 9.98331E-05 9.98331E-05 9.98331E-05 9.98331E-05 9.98331E-05 9.98331E-05 9.98331E-05 9.98331E-05 9.98331E-05 9.98331E-05 9.98331E-05 9.98331E-05 9.98331E-05 9.98331E-05 0.998103
9.9833E-05 9.9833E-05 9.9833E-05 9.9833E-05 9.9833E-05 9.9833E-05 9.9833E-05 9.9833E-05 9.9833E-05 9.9833E-05 9.9833E-05 9.9833E-05 9.9833E-05 9.9833E-05 9.9833E-05 9.9833E-05 9.9833E-05 9.9833E-05 9.9833E-05 0.998103
9.98329E-05 9.98329E-05 9.98329E-05 9.98329E-05 9.98329E-05 9.98329E-05 9.98329E-05 9.98329E-05 9.98329E-05 9.98329E-05 9.98329E-05 9.98329E-05 0.998103 9.98329E-05 9.98329E-05 9.98329E-05 9.98329E-05 9.98329E-05 9.98329E-05 9.98329E-05
9.98329E-05 9.98329E-05 9.98329E-05 9.98329E-05 9.98329E-05 9.98329E-05 9.98329E-05 9.98329E-05 9.98329E-05 9.98329E-05 9.98329E-05 9.98329E-05 0.998103 9.98329E-05 9.98329E-05 9.98329E-05 9.98329E-05 9.98329E-05 9.98329E-05 9.98329E-05
9.9833E-05 9.9833E-05 9.9833E-05 9.9833E-05 9.9833E-05 9.9833E-05 9.9833E-05 9.9833E-05 9.9833E-05 9.9833E-05 9.9833E-05 9.9833E-05 9.9833E-05 9.9833E-05 9.9833E-05 9.9833E-05 9.9833E-05 9.9833E-05 9.9833E-05 0.998103
9.9833E-05 9.9833E-05 9.9833E-05 9.9833E-05 9.9833E-05 9.9833E-05 9.9833E-05 9.9833E-05 9.9833E-05 9.9833E-05 9.9833E-05 9.9833E-05 9.9833E-05 9.9833E-05 9.9833E-05 9.9833E-05 9.9833E-05 9.9833E-05 9.9833E-05 0.998103
9.98858E-05 9.98858E-05 9.98858E-05 0.084121 0.550545 9.98858E-05 0.0469482 9.98858E-05 9.98858E-05 9.98858E-05 9.98858E-05 9.98858E-05 0.0841279 9.98858E-05 9.98858E-05 0.0756649 0.0254076 9.98858E-05 9.98858E-05 0.131887
9.9833E-05 9.9833E-05 9.9833E-05 9.9833E-05 9.9833E-05 9.9833E-05 9.9833E-05 9.9833E-05 9.9833E-05 9.9833E-05 9.9833E-05 9.9833E-05 9.9833E-05 9.9833E-05 9.9833E-05 9.9833E-05 9.9833E-05 9.9833E-05 9.9833E-05 0.998103
9.98331E-05 9.98331E-05 9.98331E-05 9.98331E-05 9.98331E-05 9.98331E-05 9.98331E-05 9.98331E-05 9.98331E-05 9.98331E-05 9.98331E-05 9.98331E-05 0.998103 9.98331E-05 9.98331E-05 9.98331E-05 9.98331E-05 9.98331E-05 9.98331E-05 9.98331E-05
9.98329E-05 9.98329E-05 9.98329E-05 9.98329E-05 9.98329E-05 9.98329E-05 9.98329E-05 9.98329E-05 9.98329E-05 9.98329E-05 9.98329E-05 9.98329E-05 9.98329E-05 9.98329E-05 9.98329E-05 9.98329E-05 9.98329E-05 9.98329E-05 9.98329E-05 0.998103
9.9833E-05 9.9833E-05 9.9833E-05 9.9833E-05 9.9833E-05 9.9833E-05 9.9833E-05 9.9833E-05 9.9833E-05 9.9833E-05 9.9833E-05 9.9833E-05 9.9833E-05 9.9833E-05 9.9833E-05 9.9833E-05 9.9833E-05 9.9833E-05 9.9833E-05 0.998103
9.98329E-05 9.98329E-05 9.98329E-05 9.98329E-05 9.98329E-05 9.98329E-05 9.98329E-05 9.98329E-05 9.98329E-05 9.98329E-05 9.98329E-05 9.98329E-05 9.98329E-05 9.98329E-05 9.98329E-05 9.98329E-05 9.98329E-05 9.98329E-05 9.98329E-05 0.998103
9.9833E-05 9.9833E-05 9.9833E-05 9.9833E-05 9.9833E-05 9.9833E-05 9.9833E-05 9.9833E-05 9.9833E-05 9.9833E-05 9.9833E-05 9.9833E-05 0.998103 9.9833E-05 9.9833E-05 9.9833E-05 9.9833E-05 9.9833E-05 9.9833E-05 9.9833E-05
9.98329E-05 9.98329E-05 9.98329E-05 9.98329E-05 9.98329E-05 9.98329E-05 9.98329E-05 9.98329E-05 9.98329E-05 9.98329E-05 9.98329E-05 9.98329E-05 9.98329E-05 9.98329E-05 9.98329E-05 9.98329E-05 9.98329E-05 9.98329E-05 9.98329E-05 0.998103
9.9833E-05 9.9833E-05 9.9833E-05 9.9833E-05 9.9833E-05 9.9833E-05 9.9833E-05 9.9833E-05 9.9833E-05 9.9833E-05 9.9833E-05 9.9833E-05 0.998103 9.9833E-05 9.9833E-05 9.9833E-05 9.9833E-05 9.9833E-05 9.9833E-05 9.9833E-05
9.98331E-05 9.98331E-05 9.98331E-05 9.98331E-05 9.98331E-05 9.98331E-05 9.98331E-05 9.98331E-05 9.98331E-05 9.98331E-05 9.98331E-05 9.98331E-05 9.98331E-05 9.98331E-05 9.98331E-05 9.98331E-05 9.98331E-05 9.98331E-05 9.98331E-05 0.998103
9.98329E-05 9.98329E-05 9.98329E-05 9.98329E-05 9.98329E-05 9.98329E-05 9.98329E-05 9.98329E-05 9.98329E-05 9.98329E-05 9.98329E-05 9.98329E-05 9.98329E-05 9.98329E-05 9.98329E-05 9.98329E-05 9.98329E-05 9.98329E-05 9.98329E-05 0.998103
9.9833E-05 9.9833E-05 9.9833E-05 9.9833E-05 9.9833E-05 9.9833E-05 9.9833E-05 9.9833E-05 9.9833E-05 9.9833E-05 9.9833E-05 9.9833E-05 0.998103 9.9833E-05 9.9833E-05 9.9833E-05 9.9833E-05 9.9833E-05 9.9833E-05 9.9833E-05
