0.365807 0.0643439 9.98158E-05 9.98158E-05 9.98158E-05 9.98158E-05 0.259601 9.98158E-05 9.98158E-05 9.98158E-05 9.98158E-05 0.00952846 9.98158E-05 9.98158E-05 9.98158E-05 0.104966 0.0463162 9.98158E-05 9.98158E-05 9.98158E-05 9.98158E-05 9.98158E-05 0.0426541 9.98158E-05 9.98158E-05 9.98158E-05 9.98158E-05 9.98158E-05 0.104687
9.97808E-05 0.0567579 0.464319 9.97808E-05 9.97808E-05 0.355276 0.121153 9.97808E-05 9.97808E-05 9.97808E-05 9.97808E-05 9.97808E-05 9.97808E-05 9.97808E-05 9.97808E-05 9.97808E-05 9.97808E-05 9.97808E-05 9.97808E-05 9.97808E-05 9.97808E-05 9.97808E-05 9.97808E-05 9.97808E-05 9.97808E-05 9.97808E-05 9.97808E-05 9.97808E-05 9.97808E-05
9.97545E-05 9.97545E-05 0.997207 9.97545E-05 9.97545E-05 9.97545E-05 9.97545E-05 9.97545E-05 9.97545E-05 9.97545E-05 9.97545E-05 9.97545E-05 9.97545E-05 9.97545E-05 9.97545E-05 9.97545E-05 9.97545E-05 9.97545E-05 9.97545E-05 9.97545E-05 9.97545E-05 9.97545E-05 9.97545E-05 9.97545E-05 9.97545E-05 9.97545E-05 9.97545E-05 9.97545E-05 9.97545E-05
0.219625 0.00154775 0.0602973 0.0166755 9.98684E-05 0.0158872 9.98684E-05 0.161694 9.98684E-05 0.00424446 9.98684E-05 0.0274127 0.0814922 9.98684E-05 9.98684E-05 0.096245 9.98684E-05 0.0244136 9.98684E-05 0.199335 0.0546956 9.98684E-05 9.98684E-05 9.98684E-05 0.0349372 9.98684E-05 9.98684E-05 9.98684E-05 9.98684E-05
9.97809E-05 9.97809E-05 9.97809E-05 9.97809E-05 9.97809E-05 0.910587 9.97809E-05 9.97809E-05 9.97809E-05 9.97809E-05 9.97809E-05 9.97809E-05 9.97809E-05 9.97809E-05 9.97809E-05 9.97809E-05 9.97809E-05 0.0425646 9.97809E-05 9.97809E-05 9.97809E-05 0.00660636 9.97809E-05 9.97809E-05 9.97809E-05 0.0377475 9.97809E-05 9.97809E-05 9.97809E-05
0.0752066 0.0175062 0.15146 9.98246E-05 9.98246E-05 9.98246E-05 0.242195 9.98246E-05 9.98246E-05 9.98246E-05 9.98246E-05 0.0082852 9.98246E-05 9.98246E-05 9.98246E-05 9.98246E-05 9.98246E-05 0.134351 9.98246E-05 9.98246E-05 9.98246E-05 0.166372 9.98246E-05 9.98246E-05 0.123986 0.078643 9.98246E-05 9.98246E-05 9.98246E-05
9.98335E-05 0.0761448 9.98335E-05 0.0997343 9.98335E-05 0.25193 0.126791 0.124694 9.98335E-05 9.98335E-05 0.0409781 0.079248 9.98335E-05 0.0281729 9.98335E-05 0.0913313 9.98335E-05 0.0790781 9.98335E-05 9.98335E-05 9.98335E-05 9.98335E-05 9.98335E-05 9.98335E-05 9.98335E-05 9.98335E-05 9.98335E-05 9.98335E-05 9.98335E-05
0.126288 9.98422E-05 9.98422E-05 9.98422E-05 9.98422E-05 0.0748734 0.0396469 9.98422E-05 0.0626598 9.98422E-05 9.98422E-05 9.98422E-05 0.131702 9.98422E-05 0.0536897 0.156065 9.98422E-05 0.122884 9.98422E-05 0.0665251 9.98422E-05 9.98422E-05 9.98422E-05 9.98422E-05 0.113121 9.98422E-05 9.98422E-05 9.98422E-05 0.0507479
0.172262 9.98158E-05 0.126056 9.98158E-05 9.98158E-05 9.98158E-05 9.98158E-05 9.98158E-05 0.0508823 9.98158E-05 0.104135 9.98158E-05 0.0473948 9.98158E-05 9.98158E-05 9.98158E-05 0.206725 9.98158E-05 9.98158E-05 9.98158E-05 9.98158E-05 0.094944 9.98158E-05 9.98158E-05 0.195505 9.98158E-05 9.98158E-05 9.98158E-05 9.98158E-05
9.97631E-05 9.97631E-05 9.97631E-05 9.97631E-05 9.97631E-05 0.972308 9.97631E-05 9.97631E-05 9.97631E-05 9.97631E-05 9.97631E-05 9.97631E-05 9.97631E-05 9.97631E-05 9.97631E-05 9.97631E-05 0.0249981 9.97631E-05 9.97631E-05 9.97631E-05 9.97631E-05 9.97631E-05 9.97631E-05 9.97631E-05 9.97631E-05 9.97631E-05 9.97631E-05 9.97631E-05 9.97631E-05
0.678458 9.97982E-05 9.97982E-05 9.97982E-05 9.97982E-05 9.97982E-05 0.037302 9.97982E-05 9.97982E-05 9.97982E-05 9.97982E-05 0.111384 9.97982E-05 9.97982E-05 9.97982E-05 0.0697102 0.0867673 9.97982E-05 9.97982E-05 9.97982E-05 9.97982E-05 9.97982E-05 9.97982E-05 9.97982E-05 0.0140832 9.97982E-05 9.97982E-05 9.97982E-05 9.97982E-05
9.97721E-05 9.97721E-05 0.923215 9.97721E-05 9.97721E-05 9.97721E-05 9.97721E-05 9.97721E-05 9.97721E-05 9.97721E-05 9.97721E-05 9.97721E-05 9.97721E-05 9.97721E-05 9.97721E-05 9.97721E-05 0.0385725 0.0356188 9.97721E-05 9.97721E-05 9.97721E-05 9.97721E-05 9.97721E-05 9.97721E-05 9.97721E-05 9.97721E-05 9.97721E-05 9.97721E-05 9.97721E-05
0.953546 9.97719E-05 9.97719E-05 9.97719E-05 9.97719E-05 9.97719E-05 9.97719E-05 9.97719E-05 9.97719E-05 9.97719E-05 9.97719E-05 9.97719E-05 9.97719E-05 9.97719E-05 9.97719E-05 0.0261644 0.017695 9.97719E-05 9.97719E-05 9.97719E-05 9.97719E-05 9.97719E-05 9.97719E-05 9.97719E-05 9.97719E-05 9.97719E-05 9.97719E-05 9.97719E-05 9.97719E-05
0.607098 9.97896E-05 0.0537644 0.0264041 0.171697 9.97896E-05 9.97896E-05 9.97896E-05 9.97896E-05 9.97896E-05 9.97896E-05 9.97896E-05 9.97896E-05 9.97896E-05 9.97896E-05 9.97896E-05 9.97896E-05 9.97896E-05 9.97896E-05 9.97896E-05 9.97896E-05 9.97896E-05 9.97896E-05 9.97896E-05 9.97896E-05 0.138642 9.97896E-05 9.97896E-05 9.97896E-05
0.089959 9.98421E-05 9.98421E-05 9.98421E-05 9.98421E-05 0.244196 0.0957963 9.98421E-05 9.98421E-05 9.98421E-05 9.98421E-05 9.98421E-05 9.98421E-05 9.98421E-05 9.98421E-05 0.0302829 0.0861054 9.98421E-05 0.0178698 0.114867 9.98421E-05 0.0330928 9.98421E-05 0.128097 0.146667 0.0112687 9.98421E-05 9.98421E-05 9.98421E-05
9.9807E-05 9.9807E-05 9.9807E-05 9.9807E-05 9.9807E-05 0.164848 0.288197 0.100925 9.9807E-05 9.9807E-05 9.9807E-05 9.9807E-05 9.9807E-05 9.9807E-05 0.143316 0.0198396 9.9807E-05 9.9807E-05 9.9807E-05 9.9807E-05 9.9807E-05 0.123367 9.9807E-05 9.9807E-05 0.157312 9.9807E-05 9.9807E-05 9.9807E-05 9.9807E-05
9.97984E-05 9.97984E-05 9.97984E-05 9.97984E-05 9.97984E-05 0.681001 9.97984E-05 9.97984E-05 9.97984E-05 9.97984E-05 9.97984E-05 0.0367032 0.0662802 9.97984E-05 9.97984E-05 9.97984E-05 0.0861946 9.97984E-05 0.00082764 9.97984E-05 9.97984E-05 9.97984E-05 9.97984E-05 0.126698 9.97984E-05 9.97984E-05 9.97984E-05 9.97984E-05 9.97984E-05
0.0179976 9.98246E-05 9.98246E-05 9.98246E-05 9.98246E-05 0.138423 0.290575 9.98246E-05 0.0718749 0.120637 9.98246E-05 9.98246E-05 9.98246E-05 9.98246E-05 9.98246E-05 0.146729 0.109326 9.98246E-05 9.98246E-05 9.98246E-05 9.98246E-05 9.98246E-05 9.98246E-05 9.98246E-05 0.0266799 9.98246E-05 0.0757606 9.98246E-05 9.98246E-05
0.331438 9.98245E-05 0.0157532 0.00235751 9.98245E-05 9.98245E-05 9.98245E-05 9.98245E-05 9.98245E-05 9.98245E-05 9.98245E-05 9.98245E-05 9.98245E-05 9.98245E-05 9.98245E-05 0.144259 0.196851 0.123762 0.039644 9.98245E-05 9.98245E-05 9.98245E-05 9.98245E-05 9.98245E-05 0.0754511 9.98245E-05 9.98245E-05 9.98245E-05 0.0684886
0.981012 9.97632E-05 9.97632E-05 9.97632E-05 9.97632E-05 9.97632E-05 9.97632E-05 9.97632E-05 9.97632E-05 9.97632E-05 9.97632E-05 9.97632E-05 9.97632E-05 9.97632E-05 9.97632E-05 9.97632E-05 9.97632E-05 9.97632E-05 9.97632E-05 9.97632E-05 9.97632E-05 9.97632E-05 0.0162947 9.97632E-05 9.97632E-05 9.97632E-05 9.97632E-05 9.97632E-05 9.97632E-05
0.48492 9.98158E-05 9.98158E-05 9.98158E-05 9.98158E-05 9.98158E-05 9.98158E-05 9.98158E-05 0.185729 0.0144826 9.98158E-05 0.0115513 0.0683123 9.98158E-05 0.0494988 9.98158E-05 9.98158E-05 9.98158E-05 0.0107657 0.172645 9.98158E-05 9.98158E-05 9.98158E-05 9.98158E-05 9.98158E-05 9.98158E-05 9.98158E-05 9.98158E-05 9.98158E-05
9.98071E-05 9.98071E-05 9.98071E-05 9.98071E-05 9.98071E-05 0.347807 9.98071E-05 9.98071E-05 9.98071E-05 9.98071E-05 9.98071E-05 9.98071E-05 9.98071E-05 9.98071E-05 9.98071E-05 0.244811 9.98071E-05 0.0492014 0.0416557 0.195638 9.98071E-05 9.98071E-05 9.98071E-05 9.98071E-05 0.0663728 0.0523185 9.98071E-05 9.98071E-05 9.98071E-05
0.499119 0.00173309 0.204353 9.98158E-05 9.98158E-05 9.98158E-05 0.218549 9.98158E-05 9.98158E-05 9.98158E-05 9.98158E-05 0.0210689 9.98158E-05 9.98158E-05 9.98158E-05 9.98158E-05 0.0484637 9.98158E-05 9.98158E-05 0.00420703 9.98158E-05 0.000409428 9.98158E-05 9.98158E-05 9.98158E-05 9.98158E-05 9.98158E-05 9.98158E-05 9.98158E-05
0.193486 9.97984E-05 9.97984E-05 9.97984E-05 9.97984E-05 0.256756 9.97984E-05 9.97984E-05 9.97984E-05 9.97984E-05 0.111776 9.97984E-05 9.97984E-05 9.97984E-05 0.0553545 0.190077 0.190256 9.97984E-05 9.97984E-05 9.97984E-05 9.97984E-05 9.97984E-05 9.97984E-05 9.97984E-05 9.97984E-05 9.97984E-05 9.97984E-05 9.97984E-05 9.97984E-05
0.228793 9.98245E-05 0.00435919 9.98245E-05 9.98245E-05 0.0756193 9.98245E-05 9.98245E-05 9.98245E-05 9.98245E-05 9.98245E-05 9.98245E-05 9.98245E-05 9.98245E-05 9.98245E-05 0.00837894 0.223016 9.98245E-05 0.104912 0.246432 9.98245E-05 9.98245E-05 0.101053 9.98245E-05 0.00543905 9.98245E-05 9.98245E-05 9.98245E-05 9.98245E-05
9.97983E-05 9.97983E-05 9.97983E-05 9.97983E-05 9.97983E-05 0.833869 9.97983E-05 0.0152517 9.97983E-05 9.97983E-05 9.97983E-05 9.97983E-05 0.042861 9.97983E-05 9.97983E-05 9.97983E-05 0.0869123 9.97983E-05 9.97983E-05 0.0137278 9.97983E-05 0.00508304 9.97983E-05 9.97983E-05 9.97983E-05 9.97983E-05 9.97983E-05 9.97983E-05 9.97983E-05
9.98068E-05 9.98068E-05 9.98068E-05 9.98068E-05 9.98068E-05 0.0428214 9.98068E-05 0.0137228 9.98068E-05 0.0662946 9.98068E-05 9.98068E-05 9.98068E-05 0.277093 0.0840368 0.192344 9.98068E-05 9.98068E-05 9.98068E-05 0.321491 9.98068E-05 9.98068E-05 9.98068E-05 9.98068E-05 9.98068E-05 9.98068E-05 9.98068E-05 9.98068E-05 9.98068E-05
0.822227 9.9781E-05 9.9781E-05 9.9781E-05 9.9781E-05 9.9781E-05 9.9781E-05 9.9781E-05 9.9781E-05 9.9781E-05 9.9781E-05 9.9781E-05 9.9781E-05 9.9781E-05 9.9781E-05 0.00925787 9.9781E-05 0.105545 9.9781E-05 0.0604756 9.9781E-05 9.9781E-05 9.9781E-05 9.9781E-05 9.9781E-05 9.9781E-05 9.9781E-05 9.9781E-05 9.9781E-05
9.98247E-05 9.98247E-05 0.17411 9.98247E-05 9.98247E-05 0.472782 0.0958917 9.98247E-05 9.98247E-05 9.98247E-05 0.00632826 9.98247E-05 9.98247E-05 0.14021 9.98247E-05 0.0225417 0.0513925 9.98247E-05 9.98247E-05 0.00929783 9.98247E-05 9.98247E-05 0.0254489 9.98247E-05 9.98247E-05 9.98247E-05 9.98247E-05 9.98247E-05 9.98247E-05
0.0192237 9.97984E-05 0.827974 9.97984E-05 9.97984E-05 9.97984E-05 0.0014923 9.97984E-05 9.97984E-05 9.97984E-05 9.97984E-05 9.97984E-05 9.97984E-05 9.97984E-05 9.97984E-05 9.97984E-05 0.0444054 9.97984E-05 9.97984E-05 9.97984E-05 9.97984E-05 9.97984E-05 9.97984E-05 0.0694127 0.0351967 9.97984E-05 9.97984E-05 9.97984E-05 9.97984E-05
0.741816 9.98157E-05 9.98157E-05 9.98157E-05 9.98157E-05 9.98157E-05 0.107182 9.98157E-05 9.98157E-05 9.98157E-05 9.98157E-05 0.0366309 9.98157E-05 9.98157E-05 9.98157E-05 9.98157E-05 0.00410412 0.0206454 0.0774194 9.98157E-05 9.98157E-05 9.98157E-05 0.00235622 9.98157E-05 0.00774951 9.98157E-05 9.98157E-05 9.98157E-05 9.98157E-05
0.622705 9.98071E-05 9.98071E-05 9.98071E-05 9.98071E-05 9.98071E-05 9.98071E-05 9.98071E-05 9.98071E-05 9.98071E-05 9.98071E-05 0.026614 0.0955544 9.98071E-05 9.98071E-05 9.98071E-05 0.0107085 0.000612351 0.0190003 9.98071E-05 9.98071E-05 0.222609 9.98071E-05 9.98071E-05 9.98071E-05 9.98071E-05 9.98071E-05 9.98071E-05 9.98071E-05
0.307695 9.98071E-05 0.294143 9.98071E-05 9.98071E-05 9.98071E-05 9.98071E-05 9.98071E-05 9.98071E-05 9.98071E-05 9.98071E-05 0.112247 9.98071E-05 9.98071E-05 0.0011399 0.101845 0.114079 9.98071E-05 9.98071E-05 0.0666551 9.98071E-05 9.98071E-05 9.98071E-05 9.98071E-05 9.98071E-05 9.98071E-05 9.98071E-05 9.98071E-05 9.98071E-05
9.9807E-05 9.9807E-05 0.610697 9.9807E-05 9.9807E-05 9.9807E-05 9.9807E-05 0.011974 9.9807E-05 0.0317342 9.9807E-05 9.9807E-05 9.9807E-05 9.9807E-05 9.9807E-05 0.0183035 0.0956617 0.00751573 9.9807E-05 0.221918 9.9807E-05 9.9807E-05 9.9807E-05 9.9807E-05 9.9807E-05 9.9807E-05 9.9807E-05 9.9807E-05 9.9807E-05
0.230463 0.0444846 0.653241 9.97897E-05 9.97897E-05 9.97897E-05 9.97897E-05 9.97897E-05 9.97897E-05 9.97897E-05 9.97897E-05 9.97897E-05 9.97897E-05 0.0152908 9.97897E-05 9.97897E-05 9.97897E-05 9.97897E-05 9.97897E-05 9.97897E-05 9.97897E-05 9.97897E-05 0.0541257 9.97897E-05 9.97897E-05 9.97897E-05 9.97897E-05 9.97897E-05 9.97897E-05
0.7405 9.97984E-05 9.97984E-05 9.97984E-05 9.97984E-05 9.97984E-05 9.97984E-05 0.0896039 9.97984E-05 9.97984E-05 9.97984E-05 9.97984E-05 0.109778 0.0110078 9.97984E-05 9.97984E-05 0.0241602 9.97984E-05 9.97984E-05 9.97984E-05 9.97984E-05 9.97984E-05 9.97984E-05 9.97984E-05 9.97984E-05 9.97984E-05 9.97984E-05 9.97984E-05 0.022655
0.930597 9.97723E-05 9.97723E-05 0.000577962 9.97723E-05 9.97723E-05 9.97723E-05 9.97723E-05 9.97723E-05 9.97723E-05 9.97723E-05 9.97723E-05 9.97723E-05 9.97723E-05 9.97723E-05 9.97723E-05 9.97723E-05 0.0662309 9.97723E-05 9.97723E-05 9.97723E-05 9.97723E-05 9.97723E-05 9.97723E-05 9.97723E-05 9.97723E-05 9.97723E-05 9.97723E-05 9.97723E-05
9.97722E-05 0.149634 0.821359 9.97722E-05 9.97722E-05 9.97722E-05 9.97722E-05 9.97722E-05 9.97722E-05 9.97722E-05 9.97722E-05 9.97722E-05 9.97722E-05 9.97722E-05 9.97722E-05 9.97722E-05 9.97722E-05 9.97722E-05 9.97722E-05 9.97722E-05 9.97722E-05 9.97722E-05 9.97722E-05 9.97722E-05 0.0264123 9.97722E-05 9.97722E-05 9.97722E-05 9.97722E-05
9.98159E-05 0.00729577 0.696524 9.98159E-05 9.98159E-05 9.98159E-05 9.98159E-05 0.0172745 9.98159E-05 9.98159E-05 9.98159E-05 9.98159E-05 9.98159E-05 9.98159E-05 9.98159E-05 0.00186306 0.113407 9.98159E-05 9.98159E-05 9.98159E-05 9.98159E-05 9.98159E-05 9.98159E-05 0.0920307 0.0604794 0.00902965 9.98159E-05 9.98159E-05 9.98159E-05
9.98158E-05 9.98158E-05 0.624441 9.98158E-05 9.98158E-05 0.0862649 9.98158E-05 9.98158E-05 9.98158E-05 9.98158E-05 9.98158E-05 9.98158E-05 9.98158E-05 9.98158E-05 0.038396 0.0362778 0.0955431 0.0147088 9.98158E-05 0.0287974 9.98158E-05 0.0734748 9.98158E-05 9.98158E-05 9.98158E-05 9.98158E-05 9.98158E-05 9.98158E-05 9.98158E-05
9.9807E-05 9.9807E-05 9.9807E-05 9.9807E-05 9.9807E-05 0.848256 9.9807E-05 0.0036327 9.9807E-05 9.9807E-05 9.9807E-05 0.0426651 9.9807E-05 9.9807E-05 9.9807E-05 0.0741961 0.00686005 0.018299 9.9807E-05 9.9807E-05 9.9807E-05 9.9807E-05 9.9807E-05 9.9807E-05 0.00389535 9.9807E-05 9.9807E-05 9.9807E-05 9.9807E-05
9.97807E-05 9.97807E-05 9.97807E-05 9.97807E-05 9.97807E-05 0.841086 9.97807E-05 9.97807E-05 9.97807E-05 9.97807E-05 9.97807E-05 9.97807E-05 9.97807E-05 0.0469639 9.97807E-05 0.028503 0.080953 9.97807E-05 9.97807E-05 9.97807E-05 9.97807E-05 9.97807E-05 9.97807E-05 9.97807E-05 9.97807E-05 9.97807E-05 9.97807E-05 9.97807E-05 9.97807E-05
9.97633E-05 9.97633E-05 9.97633E-05 9.97633E-05 0.0888133 0.908493 9.97633E-05 9.97633E-05 9.97633E-05 9.97633E-05 9.97633E-05 9.97633E-05 9.97633E-05 9.97633E-05 9.97633E-05 9.97633E-05 9.97633E-05 9.97633E-05 9.97633E-05 9.97633E-05 9.97633E-05 9.97633E-05 9.97633E-05 9.97633E-05 9.97633E-05 9.97633E-05 9.97633E-05 9.97633E-05 9.97633E-05
0.0848759 9.98246E-05 0.273563 9.98246E-05 9.98246E-05 0.00188164 0.165627 9.98246E-05 9.98246E-05 9.98246E-05 0.0742981 0.00521449 9.98246E-05 9.98246E-05 9.98246E-05 0.160155 0.129117 9.98246E-05 9.98246E-05 9.98246E-05 9.98246E-05 9.98246E-05 9.98246E-05 9.98246E-05 0.103271 9.98246E-05 9.98246E-05 9.98246E-05 9.98246E-05
0.0290854 9.97984E-05 0.248182 9.97984E-05 9.97984E-05 9.97984E-05 9.97984E-05 0.181829 9.97984E-05 9.97984E-05 9.97984E-05 9.97984E-05 9.97984E-05 9.97984E-05 9.97984E-05 0.312196 0.200245 9.97984E-05 9.97984E-05 9.97984E-05 9.97984E-05 9.97984E-05 9.97984E-05 9.97984E-05 9.97984E-05 0.0261675 9.97984E-05 9.97984E-05 9.97984E-05
9.97982E-05 9.97982E-05 0.336471 9.97982E-05 9.97982E-05 0.584164 9.97982E-05 0.00513941 9.97982E-05 9.97982E-05 9.97982E-05 9.97982E-05 9.97982E-05 9.97982E-05 9.97982E-05 9.97982E-05 0.0171295 0.00328191 9.97982E-05 9.97982E-05 9.97982E-05 9.97982E-05 9.97982E-05 9.97982E-05 9.97982E-05 9.97982E-05 0.0515189 9.97982E-05 9.97982E-05
0.771729 9.97808E-05 9.97808E-05 9.97808E-05 9.97808E-05 0.176158 9.97808E-05 9.97808E-05 9.97808E-05 0.0210183 9.97808E-05 9.97808E-05 9.97808E-05 9.97808E-05 9.97808E-05 9.97808E-05 0.0286004 9.97808E-05 9.97808E-05 9.97808E-05 9.97808E-05 9.97808E-05 9.97808E-05 9.97808E-05 9.97808E-05 9.97808E-05 9.97808E-05 9.97808E-05 9.97808E-05
9.97543E-05 9.97543E-05 0.997207 9.97543E-05 9.97543E-05 9.97543E-05 9.97543E-05 9.97543E-05 9.97543E-05 9.97543E-05 9.97543E-05 9.97543E-05 9.97543E-05 9.97543E-05 9.97543E-05 9.97543E-05 9.97543E-05 9.97543E-05 9.97543E-05 9.97543E-05 9.97543E-05 9.97543E-05 9.97543E-05 9.97543E-05 9.97543E-05 9.97543E-05 9.97543E-05 9.97543E-05 9.97543E-05
0.497983 9.98158E-05 0.215101 9.98158E-05 9.98158E-05 0.000821517 9.98158E-05 9.98158E-05 9.98158E-05 9.98158E-05 9.98158E-05 9.98158E-05 9.98158E-05 9.98158E-05 9.98158E-05 0.094823 0.135495 9.98158E-05 9.98158E-05 0.00719294 0.0438155 9.98158E-05 9.98158E-05 9.98158E-05 9.98158E-05 9.98158E-05 9.98158E-05 9.98158E-05 0.00267176
9.98076E-05 9.98076E-05 0.386686 0.0598569 9.98076E-05 0.366514 9.98076E-05 9.98076E-05 9.98076E-05 0.0306865 9.98076E-05 9.98076E-05 9.98076E-05 9.98076E-05 9.98076E-05 9.98076E-05 9.98076E-05 0.138708 0.00263737 9.98076E-05 9.98076E-05 9.98076E-05 9.98076E-05 9.98076E-05 9.98076E-05 9.98076E-05 9.98076E-05 0.0127149 9.98076E-05
0.357093 9.9842E-05 0.0921564 9.9842E-05 9.9842E-05 9.9842E-05 9.9842E-05 9.9842E-05 9.9842E-05 9.9842E-05 9.9842E-05 0.0731694 9.9842E-05 0.0373036 0.0566788 0.0142075 0.131792 9.9842E-05 9.9842E-05 0.0828529 0.0888646 9.9842E-05 0.0472699 9.9842E-05 0.0168145 9.9842E-05 9.9842E-05 9.9842E-05 9.9842E-05
9.98071E-05 9.98071E-05 9.98071E-05 9.98071E-05 9.98071E-05 0.7361 9.98071E-05 0.0604004 0.0413794 9.98071E-05 0.000173297 9.98071E-05 9.98071E-05 9.98071E-05 0.035867 0.0700526 9.98071E-05 9.98071E-05 9.98071E-05 9.98071E-05 9.98071E-05 9.98071E-05 9.98071E-05 9.98071E-05 9.98071E-05 0.0538311 9.98071E-05 9.98071E-05 9.98071E-05
9.97547E-05 9.97547E-05 9.97547E-05 9.97547E-05 9.97547E-05 0.997207 9.97547E-05 9.97547E-05 9.97547E-05 9.97547E-05 9.97547E-05 9.97547E-05 9.97547E-05 9.97547E-05 9.97547E-05 9.97547E-05 9.97547E-05 9.97547E-05 9.97547E-05 9.97547E-05 9.97547E-05 9.97547E-05 9.97547E-05 9.97547E-05 9.97547E-05 9.97547E-05 9.97547E-05 9.97547E-05 9.97547E-05
9.97721E-05 9.97721E-05 0.889956 9.97721E-05 9.97721E-05 9.97721E-05 9.97721E-05 9.97721E-05 9.97721E-05 9.97721E-05 9.97721E-05 9.97721E-05 9.97721E-05 9.97721E-05 0.0929308 9.97721E-05 9.97721E-05 9.97721E-05 9.97721E-05 9.97721E-05 9.97721E-05 9.97721E-05 9.97721E-05 9.97721E-05 9.97721E-05 9.97721E-05 9.97721E-05 0.0145195 9.97721E-05
0.301478 9.97811E-05 0.555271 9.97811E-05 9.97811E-05 9.97811E-05 9.97811E-05 9.97811E-05 9.97811E-05 9.97811E-05 9.97811E-05 9.97811E-05 9.97811E-05 9.97811E-05 9.97811E-05 9.97811E-05 0.0283893 9.97811E-05 0.112367 9.97811E-05 9.97811E-05 9.97811E-05 9.97811E-05 9.97811E-05 9.97811E-05 9.97811E-05 9.97811E-05 9.97811E-05 9.97811E-05
9.98161E-05 9.98161E-05 0.273036 9.98161E-05 0.0284304 0.473862 0.0528168 9.98161E-05 9.98161E-05 9.98161E-05 9.98161E-05 0.0252627 9.98161E-05 9.98161E-05 9.98161E-05 9.98161E-05 9.98161E-05 0.0499403 9.98161E-05 0.00354477 9.98161E-05 9.98161E-05 0.0910112 9.98161E-05 9.98161E-05 9.98161E-05 9.98161E-05 9.98161E-05 9.98161E-05
9.97983E-05 9.97983E-05 9.97983E-05 9.97983E-05 9.97983E-05 0.876914 9.97983E-05 9.97983E-05 9.97983E-05 0.0259766 9.97983E-05 9.97983E-05 0.0100386 9.97983E-05 9.97983E-05 9.97983E-05 0.0338404 0.00822086 9.97983E-05 9.97983E-05 9.97983E-05 9.97983E-05 9.97983E-05 9.97983E-05 9.97983E-05 0.0427138 9.97983E-05 9.97983E-05 9.97983E-05
0.917998 9.97722E-05 9.97722E-05 9.97722E-05 9.97722E-05 9.97722E-05 9.97722E-05 0.0790209 9.97722E-05 9.97722E-05 9.97722E-05 9.97722E-05 9.97722E-05 9.97722E-05 9.97722E-05 9.97722E-05 0.000386719 9.97722E-05 9.97722E-05 9.97722E-05 9.97722E-05 9.97722E-05 9.97722E-05 9.97722E-05 9.97722E-05 9.97722E-05 9.97722E-05 9.97722E-05 9.97722E-05
0.335374 9.97807E-05 0.626421 0.0290517 9.97807E-05 9.97807E-05 9.97807E-05 9.97807E-05 9.97807E-05 9.97807E-05 9.97807E-05 9.97807E-05 9.97807E-05 0.00665909 9.97807E-05 9.97807E-05 9.97807E-05 9.97807E-05 9.97807E-05 9.97807E-05 9.97807E-05 9.97807E-05 9.97807E-05 9.97807E-05 9.97807E-05 9.97807E-05 9.97807E-05 9.97807E-05 9.97807E-05
9.97982E-05 9.97982E-05 9.97982E-05 9.97982E-05 9.97982E-05 9.97982E-05 0.741509 9.97982E-05 9.97982E-05 9.97982E-05 9.97982E-05 0.0423421 0.0221522 9.97982E-05 9.97982E-05 9.97982E-05 0.138053 9.97982E-05 9.97982E-05 0.00616028 9.97982E-05 9.97982E-05 9.97982E-05 9.97982E-05 0.0474883 9.97982E-05 9.97982E-05 9.97982E-05 9.97982E-05
9.97724E-05 9.97724E-05 9.97724E-05 9.97724E-05 9.97724E-05 9.97724E-05 0.972667 0.0162576 9.97724E-05 9.97724E-05 9.97724E-05 9.97724E-05 9.97724E-05 9.97724E-05 0.0084814 9.97724E-05 9.97724E-05 9.97724E-05 9.97724E-05 9.97724E-05 9.97724E-05 9.97724E-05 9.97724E-05 9.97724E-05 9.97724E-05 9.97724E-05 9.97724E-05 9.97724E-05 9.97724E-05
9.97634E-05 9.97634E-05 9.97634E-05 9.97634E-05 9.97634E-05 9.97634E-05 0.984481 9.97634E-05 9.97634E-05 0.0128253 9.97634E-05 9.97634E-05 9.97634E-05 9.97634E-05 9.97634E-05 9.97634E-05 9.97634E-05 9.97634E-05 9.97634E-05 9.97634E-05 9.97634E-05 9.97634E-05 9.97634E-05 9.97634E-05 9.97634E-05 9.97634E-05 9.97634E-05 9.97634E-05 9.97634E-05
9.98422E-05 0.228631 9.98422E-05 0.0610926 9.98422E-05 9.98422E-05 0.317487 9.98422E-05 9.98422E-05 0.00665098 0.00722134 0.0464675 9.98422E-05 0.0447439 9.98422E-05 9.98422E-05 0.0324155 9.98422E-05 0.000735977 0.150839 9.98422E-05 9.98422E-05 9.98422E-05 9.98422E-05 0.101918 9.98422E-05 9.98422E-05 9.98422E-05 9.98422E-05
9.98155E-05 9.98155E-05 9.98155E-05 0.0105035 9.98155E-05 9.98155E-05 0.710979 9.98155E-05 9.98155E-05 0.0220759 9.98155E-05 9.98155E-05 9.98155E-05 9.98155E-05 9.98155E-05 0.090726 0.0252583 9.98155E-05 9.98155E-05 9.98155E-05 9.98155E-05 9.98155E-05 9.98155E-05 9.98155E-05 0.0515495 0.0396429 0.0471683 9.98155E-05 9.98155E-05
9.97979E-05 9.97979E-05 9.97979E-05 9.97979E-05 9.97979E-05 9.97979E-05 0.691367 9.97979E-05 9.97979E-05 9.97979E-05 9.97979E-05 9.97979E-05 9.97979E-05 9.97979E-05 9.97979E-05 0.0329496 0.143537 9.97979E-05 9.97979E-05 0.0652142 9.97979E-05 9.97979E-05 9.97979E-05 9.97979E-05 0.0585448 9.97979E-05 9.97979E-05 0.00609211 9.97979E-05
9.97893E-05 0.302982 9.97893E-05 9.97893E-05 9.97893E-05 9.97893E-05 0.53062 9.97893E-05 0.0146305 9.97893E-05 9.97893E-05 9.97893E-05 0.0052112 9.97893E-05 9.97893E-05 9.97893E-05 0.144162 9.97893E-05 9.97893E-05 9.97893E-05 9.97893E-05 9.97893E-05 9.97893E-05 9.97893E-05 9.97893E-05 9.97893E-05 9.97893E-05 9.97893E-05 9.97893E-05
9.98156E-05 0.106328 9.98156E-05 0.0825032 9.98156E-05 9.98156E-05 0.551126 9.98156E-05 9.98156E-05 0.0768448 9.98156E-05 9.98156E-05 9.98156E-05 9.98156E-05 9.98156E-05 9.98156E-05 0.107681 0.0205883 9.98156E-05 0.00768084 9.98156E-05 9.98156E-05 9.98156E-05 9.98156E-05 0.045152 9.98156E-05 9.98156E-05 9.98156E-05 9.98156E-05
9.97633E-05 9.97633E-05 9.97633E-05 9.97633E-05 9.97633E-05 9.97633E-05 0.9243 9.97633E-05 9.97633E-05 9.97633E-05 9.97633E-05 9.97633E-05 9.97633E-05 0.0730065 9.97633E-05 9.97633E-05 9.97633E-05 9.97633E-05 9.97633E-05 9.97633E-05 9.97633E-05 9.97633E-05 9.97633E-05 9.97633E-05 9.97633E-05 9.97633E-05 9.97633E-05 9.97633E-05 9.97633E-05
9.97632E-05 9.97632E-05 9.97632E-05 9.97632E-05 9.97632E-05 9.97632E-05 0.982534 9.97632E-05 9.97632E-05 9.97632E-05 9.97632E-05 0.0147724 9.97632E-05 9.97632E-05 9.97632E-05 9.97632E-05 9.97632E-05 9.97632E-05 9.97632E-05 9.97632E-05 9.97632E-05 9.97632E-05 9.97632E-05 9.97632E-05 9.97632E-05 9.97632E-05 9.97632E-05 9.97632E-05 9.97632E-05
9.97979E-05 9.97979E-05 9.97979E-05 9.97979E-05 9.97979E-05 9.97979E-05 0.494367 9.97979E-05 9.97979E-05 9.97979E-05 9.97979E-05 0.109715 9.97979E-05 9.97979E-05 9.97979E-05 9.97979E-05 0.311377 0.00969291 9.97979E-05 9.97979E-05 9.97979E-05 9.97979E-05 9.97979E-05 9.97979E-05 0.0319846 9.97979E-05 9.97979E-05 9.97979E-05 0.0405678
9.9842E-05 0.0666017 9.9842E-05 9.9842E-05 9.9842E-05 9.9842E-05 0.453602 0.00932731 9.9842E-05 9.9842E-05 9.9842E-05 0.0372247 9.9842E-05 9.9842E-05 0.0182985 0.138156 0.071853 0.0494991 0.0216287 9.9842E-05 9.9842E-05 9.9842E-05 9.9842E-05 9.9842E-05 9.9842E-05 9.9842E-05 9.9842E-05 0.0627131 0.0692993
9.98154E-05 9.98154E-05 9.98154E-05 9.98154E-05 9.98154E-05 9.98154E-05 0.541361 9.98154E-05 9.98154E-05 9.98154E-05 9.98154E-05 0.0823561 9.98154E-05 9.98154E-05 0.0100594 9.98154E-05 9.98154E-05 9.98154E-05 9.98154E-05 9.98154E-05 0.160549 0.0636334 0.00599918 9.98154E-05 0.11808 9.98154E-05 9.98154E-05 9.98154E-05 0.0158655
9.97981E-05 0.0168679 9.97981E-05 9.97981E-05 9.97981E-05 9.97981E-05 0.59688 9.97981E-05 9.97981E-05 9.97981E-05 9.97981E-05 9.97981E-05 9.97981E-05 9.97981E-05 9.97981E-05 0.223149 0.157055 9.97981E-05 0.000743702 9.97981E-05 0.00300814 9.97981E-05 9.97981E-05 9.97981E-05 9.97981E-05 9.97981E-05 9.97981E-05 9.97981E-05 9.97981E-05
9.97899E-05 9.97899E-05 9.97899E-05 9.97899E-05 9.97899E-05 9.97899E-05 0.832031 9.97899E-05 9.97899E-05 9.97899E-05 9.97899E-05 9.97899E-05 9.97899E-05 0.0607014 0.00321086 9.97899E-05 9.97899E-05 9.97899E-05 9.97899E-05 0.0581014 9.97899E-05 9.97899E-05 9.97899E-05 9.97899E-05 9.97899E-05 0.0435607 9.97899E-05 9.97899E-05 9.97899E-05
9.97724E-05 9.97724E-05 9.97724E-05 9.97724E-05 9.97724E-05 9.97724E-05 0.958756 9.97724E-05 9.97724E-05 9.97724E-05 9.97724E-05 0.0227669 9.97724E-05 9.97724E-05 9.97724E-05 9.97724E-05 9.97724E-05 9.97724E-05 9.97724E-05 9.97724E-05 9.97724E-05 9.97724E-05 9.97724E-05 9.97724E-05 0.0158826 9.97724E-05 9.97724E-05 9.97724E-05 9.97724E-05
9.97979E-05 9.97979E-05 9.97979E-05 0.0493433 9.97979E-05 9.97979E-05 0.706897 9.97979E-05 9.97979E-05 0.0280388 9.97979E-05 9.97979E-05 0.0142422 9.97979E-05 9.97979E-05 9.97979E-05 9.97979E-05 0.0962375 9.97979E-05 0.102945 9.97979E-05 9.97979E-05 9.97979E-05 9.97979E-05 9.97979E-05 9.97979E-05 9.97979E-05 9.97979E-05 9.97979E-05
9.97892E-05 9.97892E-05 9.97892E-05 9.97892E-05 9.97892E-05 9.97892E-05 0.667529 9.97892E-05 9.97892E-05 9.97892E-05 9.97892E-05 9.97892E-05 9.97892E-05 9.97892E-05 9.97892E-05 0.0586771 9.97892E-05 0.0252244 9.97892E-05 9.97892E-05 9.97892E-05 9.97892E-05 9.97892E-05 9.97892E-05 0.0674905 9.97892E-05 9.97892E-05 9.97892E-05 0.178684
9.97719E-05 9.97719E-05 9.97719E-05 9.97719E-05 9.97719E-05 9.97719E-05 0.892883 9.97719E-05 9.97719E-05 0.0505938 9.97719E-05 9.97719E-05 9.97719E-05 9.97719E-05 9.97719E-05 9.97719E-05 0.0539291 9.97719E-05 9.97719E-05 9.97719E-05 9.97719E-05 9.97719E-05 9.97719E-05 9.97719E-05 9.97719E-05 9.97719E-05 9.97719E-05 9.97719E-05 9.97719E-05
9.97979E-05 9.97979E-05 9.97979E-05 9.97979E-05 9.97979E-05 9.97979E-05 0.58207 9.97979E-05 9.97979E-05 9.97979E-05 9.97979E-05 9.97979E-05 9.97979E-05 0.145674 0.0390598 9.97979E-05 0.184129 9.97979E-05 9.97979E-05 9.97979E-05 9.97979E-05 9.97979E-05 0.0149312 9.97979E-05 9.97979E-05 9.97979E-05 9.97979E-05 9.97979E-05 0.0318413
9.97725E-05 9.97725E-05 0.0123936 9.97725E-05 9.97725E-05 9.97725E-05 0.981676 9.97725E-05 9.97725E-05 9.97725E-05 9.97725E-05 9.97725E-05 9.97725E-05 9.97725E-05 9.97725E-05 9.97725E-05 9.97725E-05 9.97725E-05 9.97725E-05 9.97725E-05 9.97725E-05 9.97725E-05 9.97725E-05 0.00333669 9.97725E-05 9.97725E-05 9.97725E-05 9.97725E-05 9.97725E-05
9.98155E-05 0.0181161 9.98155E-05 9.98155E-05 9.98155E-05 9.98155E-05 0.646623 9.98155E-05 9.98155E-05 9.98155E-05 9.98155E-05 9.98155E-05 9.98155E-05 0.0890763 9.98155E-05 0.12159 0.0731657 0.0231089 9.98155E-05 9.98155E-05 9.98155E-05 9.98155E-05 0.0226862 9.98155E-05 9.98155E-05 9.98155E-05 9.98155E-05 0.00353705 9.98155E-05
9.98072E-05 0.0224506 9.98072E-05 9.98072E-05 0.0157494 9.98072E-05 0.729079 9.98072E-05 9.98072E-05 9.98072E-05 9.98072E-05 9.98072E-05 9.98072E-05 9.98072E-05 9.98072E-05 9.98072E-05 0.0212539 9.98072E-05 9.98072E-05 0.182185 9.98072E-05 9.98072E-05 0.000595041 9.98072E-05 9.98072E-05 9.98072E-05 9.98072E-05 0.0264913 9.98072E-05
9.9807E-05 9.9807E-05 9.9807E-05 9.9807E-05 9.9807E-05 9.9807E-05 0.687055 9.9807E-05 0.0020841 0.0553214 0.0179779 9.9807E-05 9.9807E-05 9.9807E-05 9.9807E-05 9.9807E-05 9.9807E-05 0.141368 9.9807E-05 9.9807E-05 9.9807E-05 0.029147 9.9807E-05 9.9807E-05 0.0648508 9.9807E-05 9.9807E-05 9.9807E-05 9.9807E-05
9.97718E-05 9.97718E-05 9.97718E-05 9.97718E-05 9.97718E-05 9.97718E-05 0.79822 9.97718E-05 9.97718E-05 9.97718E-05 9.97718E-05 0.177152 9.97718E-05 9.97718E-05 9.97718E-05 0.0220341 9.97718E-05 9.97718E-05 9.97718E-05 9.97718E-05 9.97718E-05 9.97718E-05 9.97718E-05 9.97718E-05 9.97718E-05 9.97718E-05 9.97718E-05 9.97718E-05 9.97718E-05
9.97723E-05 9.97723E-05 0.0129936 9.97723E-05 9.97723E-05 9.97723E-05 0.940406 9.97723E-05 9.97723E-05 9.97723E-05 9.97723E-05 9.97723E-05 9.97723E-05 9.97723E-05 9.97723E-05 9.97723E-05 9.97723E-05 9.97723E-05 9.97723E-05 9.97723E-05 9.97723E-05 9.97723E-05 9.97723E-05 0.0440064 9.97723E-05 9.97723E-05 9.97723E-05 9.97723E-05 9.97723E-05
9.97548E-05 9.97548E-05 9.97548E-05 9.97548E-05 9.97548E-05 9.97548E-05 0.997207 9.97548E-05 9.97548E-05 9.97548E-05 9.97548E-05 9.97548E-05 9.97548E-05 9.97548E-05 9.97548E-05 9.97548E-05 9.97548E-05 9.97548E-05 9.97548E-05 9.97548E-05 9.97548E-05 9.97548E-05 9.97548E-05 9.97548E-05 9.97548E-05 9.97548E-05 9.97548E-05 9.97548E-05 9.97548E-05
9.97635E-05 9.97635E-05 9.97635E-05 9.97635E-05 9.97635E-05 9.97635E-05 0.973864 9.97635E-05 9.97635E-05 9.97635E-05 9.97635E-05 9.97635E-05 9.97635E-05 9.97635E-05 9.97635E-05 9.97635E-05 0.0234421 9.97635E-05 9.97635E-05 9.97635E-05 9.97635E-05 9.97635E-05 9.97635E-05 9.97635E-05 9.97635E-05 9.97635E-05 9.97635E-05 9.97635E-05 9.97635E-05
9.97722E-05 9.97722E-05 9.97722E-05 9.97722E-05 9.97722E-05 9.97722E-05 0.865888 9.97722E-05 9.97722E-05 0.0863342 9.97722E-05 9.97722E-05 9.97722E-05 9.97722E-05 9.97722E-05 9.97722E-05 9.97722E-05 9.97722E-05 9.97722E-05 9.97722E-05 9.97722E-05 9.97722E-05 9.97722E-05 9.97722E-05 9.97722E-05 9.97722E-05 9.97722E-05 9.97722E-05 0.0451838
9.97984E-05 9.97984E-05 0.0562563 9.97984E-05 0.262174 9.97984E-05 0.422802 9.97984E-05 9.97984E-05 9.97984E-05 9.97984E-05 9.97984E-05 9.97984E-05 0.146483 9.97984E-05 9.97984E-05 0.0583563 9.97984E-05 9.97984E-05 9.97984E-05 9.97984E-05 9.97984E-05 9.97984E-05 9.97984E-05 0.0516335 9.97984E-05 9.97984E-05 9.97984E-05 9.97984E-05
9.97809E-05 9.97809E-05 9.97809E-05 9.97809E-05 9.97809E-05 9.97809E-05 9.97809E-05 9.97809E-05 9.97809E-05 9.97809E-05 9.97809E-05 9.97809E-05 9.97809E-05 9.97809E-05 9.97809E-05 9.97809E-05 0.0375684 9.97809E-05 9.97809E-05 0.60126 9.97809E-05 0.318991 9.97809E-05 9.97809E-05 0.0396867 9.97809E-05 9.97809E-05 9.97809E-05 9.97809E-05
9.97809E-05 9.97809E-05 9.97809E-05 9.97809E-05 0.165631 9.97809E-05 9.97809E-05 9.97809E-05 9.97809E-05 9.97809E-05 9.97809E-05 9.97809E-05 9.97809E-05 9.97809E-05 9.97809E-05 9.97809E-05 9.97809E-05 9.97809E-05 9.97809E-05 0.444153 9.97809E-05 9.97809E-05 9.97809E-05 0.364856 0.0228646 9.97809E-05 9.97809E-05 9.97809E-05 9.97809E-05
9.97807E-05 9.97807E-05 9.97807E-05 9.97807E-05 9.97807E-05 9.97807E-05 9.97807E-05 9.97807E-05 9.97807E-05 9.97807E-05 9.97807E-05 9.97807E-05 9.97807E-05 9.97807E-05 9.97807E-05 9.97807E-05 0.00681603 9.97807E-05 9.97807E-05 0.648705 9.97807E-05 0.317133 9.97807E-05 9.97807E-05 9.97807E-05 0.0248509 9.97807E-05 9.97807E-05 9.97807E-05
9.98067E-05 9.98067E-05 9.98067E-05 9.98067E-05 9.98067E-05 9.98067E-05 9.98067E-05 9.98067E-05 9.98067E-05 0.0514961 9.98067E-05 0.00784131 9.98067E-05 9.98067E-05 9.98067E-05 9.98067E-05 0.104038 9.98067E-05 9.98067E-05 0.750193 9.98067E-05 0.0531786 9.98067E-05 9.98067E-05 0.0220302 0.00902745 9.98067E-05 9.98067E-05 9.98067E-05
9.97894E-05 9.97894E-05 9.97894E-05 0.018586 9.97894E-05 9.97894E-05 9.97894E-05 9.97894E-05 9.97894E-05 9.97894E-05 9.97894E-05 9.97894E-05 9.97894E-05 9.97894E-05 9.97894E-05 9.97894E-05 9.97894E-05 9.97894E-05 9.97894E-05 0.726113 9.97894E-05 0.0583784 9.97894E-05 9.97894E-05 0.0608182 0.133709 9.97894E-05 9.97894E-05 9.97894E-05
9.97983E-05 0.0776381 9.97983E-05 9.97983E-05 0.149704 9.97983E-05 9.97983E-05 0.0255991 9.97983E-05 9.97983E-05 9.97983E-05 9.97983E-05 9.97983E-05 9.97983E-05 9.97983E-05 9.97983E-05 0.291808 9.97983E-05 9.97983E-05 9.97983E-05 9.97983E-05 0.360762 9.97983E-05 9.97983E-05 0.0921938 9.97983E-05 9.97983E-05 9.97983E-05 9.97983E-05
9.98157E-05 9.98157E-05 9.98157E-05 9.98157E-05 0.110434 9.98157E-05 9.98157E-05 9.98157E-05 9.98157E-05 0.0115339 9.98157E-05 0.019612 9.98157E-05 9.98157E-05 9.98157E-05 9.98157E-05 0.0200102 9.98157E-05 9.98157E-05 0.739186 9.98157E-05 9.98157E-05 9.98157E-05 9.98157E-05 0.0541779 0.00370456 9.98157E-05 9.98157E-05 0.0392453
9.9763E-05 9.9763E-05 9.9763E-05 9.9763E-05 9.9763E-05 9.9763E-05 9.9763E-05 9.9763E-05 9.9763E-05 9.9763E-05 9.9763E-05 9.9763E-05 9.9763E-05 9.9763E-05 9.9763E-05 9.9763E-05 9.9763E-05 9.9763E-05 9.9763E-05 0.854723 9.9763E-05 9.9763E-05 9.9763E-05 9.9763E-05 0.142583 9.9763E-05 9.9763E-05 9.9763E-05 9.9763E-05
9.98155E-05 0.139248 9.98155E-05 9.98155E-05 9.98155E-05 9.98155E-05 9.98155E-05 9.98155E-05 9.98155E-05 9.98155E-05 9.98155E-05 0.0104775 9.98155E-05 0.118455 9.98155E-05 9.98155E-05 0.0109532 9.98155E-05 0.0567362 0.361837 9.98155E-05 9.98155E-05 9.98155E-05 9.98155E-05 0.284332 9.98155E-05 9.98155E-05 9.98155E-05 0.0158648
9.9807E-05 9.9807E-05 9.9807E-05 9.9807E-05 9.9807E-05 9.9807E-05 9.9807E-05 9.9807E-05 9.9807E-05 9.9807E-05 9.9807E-05 0.00691686 9.9807E-05 9.9807E-05 9.9807E-05 9.9807E-05 0.23535 9.9807E-05 9.9807E-05 0.4008 9.9807E-05 0.165698 9.9807E-05 9.9807E-05 0.159845 0.000121653 9.9807E-05 9.9807E-05 0.0290727
9.97721E-05 0.210372 9.97721E-05 9.97721E-05 9.97721E-05 9.97721E-05 9.97721E-05 9.97721E-05 9.97721E-05 9.97721E-05 9.97721E-05 9.97721E-05 9.97721E-05 9.97721E-05 9.97721E-05 9.97721E-05 9.97721E-05 9.97721E-05 9.97721E-05 9.97721E-05 9.97721E-05 0.428106 9.97721E-05 0.358928 9.97721E-05 9.97721E-05 9.97721E-05 9.97721E-05 9.97721E-05
9.98071E-05 0.00120744 9.98071E-05 9.98071E-05 9.98071E-05 9.98071E-05 9.98071E-05 9.98071E-05 9.98071E-05 0.00170558 9.98071E-05 0.0621612 9.98071E-05 9.98071E-05 9.98071E-05 9.98071E-05 0.0446195 9.98071E-05 9.98071E-05 0.457913 9.98071E-05 0.234934 9.98071E-05 0.195263 9.98071E-05 9.98071E-05 9.98071E-05 9.98071E-05 9.98071E-05
9.98072E-05 9.98072E-05 9.98072E-05 9.98072E-05 0.130014 9.98072E-05 9.98072E-05 0.00895907 9.98072E-05 0.0307332 9.98072E-05 0.0217395 9.98072E-05 9.98072E-05 9.98072E-05 9.98072E-05 9.98072E-05 9.98072E-05 9.98072E-05 0.714563 9.98072E-05 9.98072E-05 9.98072E-05 9.98072E-05 0.0659913 0.0258036 9.98072E-05 9.98072E-05 9.98072E-05
0.0332655 9.98071E-05 9.98071E-05 9.98071E-05 0.0862379 9.98071E-05 9.98071E-05 9.98071E-05 9.98071E-05 9.98071E-05 0.00418802 9.98071E-05 9.98071E-05 9.98071E-05 9.98071E-05 9.98071E-05 0.189331 9.98071E-05 9.98071E-05 0.179643 9.98071E-05 0.459923 9.98071E-05 9.98071E-05 0.0452153 9.98071E-05 9.98071E-05 9.98071E-05 9.98071E-05
9.98246E-05 9.98246E-05 9.98246E-05 9.98246E-05 0.184162 9.98246E-05 9.98246E-05 9.98246E-05 9.98246E-05 0.110616 9.98246E-05 0.0162311 9.98246E-05 9.98246E-05 0.0221991 9.98246E-05 9.98246E-05 9.98246E-05 9.98246E-05 0.169485 9.98246E-05 0.383082 9.98246E-05 9.98246E-05 0.0408723 9.98246E-05 0.013537 9.98246E-05 0.057819
9.98071E-05 0.00847465 9.98071E-05 9.98071E-05 9.98071E-05 9.98071E-05 9.98071E-05 0.0295218 9.98071E-05 9.98071E-05 9.98071E-05 9.98071E-05 9.98071E-05 0.167976 9.98071E-05 9.98071E-05 0.126954 9.98071E-05 9.98071E-05 0.124996 9.98071E-05 0.527258 9.98071E-05 9.98071E-05 9.98071E-05 0.0126238 9.98071E-05 9.98071E-05 9.98071E-05
9.98069E-05 0.162696 9.98069E-05 9.98069E-05 9.98069E-05 9.98069E-05 9.98069E-05 9.98069E-05 9.98069E-05 9.98069E-05 9.98069E-05 9.98069E-05 9.98069E-05 9.98069E-05 9.98069E-05 9.98069E-05 0.0149512 9.98069E-05 9.98069E-05 0.629605 9.98069E-05 9.98069E-05 9.98069E-05 0.104047 0.0171299 9.98069E-05 0.00736226 0.0620124 9.98069E-05
9.98161E-05 9.98161E-05 9.98161E-05 9.98161E-05 0.016049 9.98161E-05 9.98161E-05 0.0145624 9.98161E-05 9.98161E-05 9.98161E-05 9.98161E-05 9.98161E-05 9.98161E-05 9.98161E-05 0.00435335 0.0256418 9.98161E-05 9.98161E-05 0.239615 9.98161E-05 0.570346 9.98161E-05 9.98161E-05 0.0245988 0.102738 9.98161E-05 9.98161E-05 9.98161E-05
9.97898E-05 9.97898E-05 9.97898E-05 9.97898E-05 9.97898E-05 9.97898E-05 9.97898E-05 9.97898E-05 0.00252645 9.97898E-05 9.97898E-05 0.0265757 9.97898E-05 9.97898E-05 9.97898E-05 9.97898E-05 9.97898E-05 9.97898E-05 9.97898E-05 0.454329 9.97898E-05 0.395958 9.97898E-05 0.118216 9.97898E-05 9.97898E-05 9.97898E-05 9.97898E-05 9.97898E-05
9.98246E-05 9.98246E-05 9.98246E-05 9.98246E-05 9.98246E-05 9.98246E-05 9.98246E-05 9.98246E-05 9.98246E-05 9.98246E-05 9.98246E-05 9.98246E-05 0.0157753 0.0795114 9.98246E-05 9.98246E-05 0.0715027 9.98246E-05 9.98246E-05 0.366695 9.98246E-05 0.0200956 9.98246E-05 0.294538 0.0573223 9.98246E-05 0.0716107 0.0209526 9.98246E-05
9.98071E-05 0.186401 9.98071E-05 9.98071E-05 0.0624854 9.98071E-05 9.98071E-05 0.007662 9.98071E-05 0.00925019 9.98071E-05 9.98071E-05 9.98071E-05 9.98071E-05 9.98071E-05 9.98071E-05 0.0606624 9.98071E-05 9.98071E-05 0.0162618 9.98071E-05 0.655081 9.98071E-05 9.98071E-05 9.98071E-05 9.98071E-05 9.98071E-05 9.98071E-05 9.98071E-05
9.97895E-05 9.97895E-05 9.97895E-05 9.97895E-05 9.97895E-05 9.97895E-05 9.97895E-05 9.97895E-05 9.97895E-05 9.97895E-05 9.97895E-05 0.0081277 9.97895E-05 9.97895E-05 9.97895E-05 9.97895E-05 9.97895E-05 9.97895E-05 9.97895E-05 0.536543 9.97895E-05 0.410214 9.97895E-05 9.97895E-05 0.00150598 9.97895E-05 9.97895E-05 9.97895E-05 0.0412144
9.9807E-05 0.0855579 9.9807E-05 9.9807E-05 9.9807E-05 9.9807E-05 9.9807E-05 9.9807E-05 0.0243011 9.9807E-05 9.9807E-05 9.9807E-05 9.9807E-05 9.9807E-05 9.9807E-05 9.9807E-05 0.189807 9.9807E-05 9.9807E-05 0.150132 9.9807E-05 0.2896 9.9807E-05 9.9807E-05 0.202453 9.9807E-05 0.0559539 9.9807E-05 9.9807E-05
9.97897E-05 9.97897E-05 9.97897E-05 9.97897E-05 9.97897E-05 9.97897E-05 9.97897E-05 9.97897E-05 9.97897E-05 9.97897E-05 9.97897E-05 9.97897E-05 9.97897E-05 9.97897E-05 9.97897E-05 9.97897E-05 9.97897E-05 9.97897E-05 0.0351114 0.124195 9.97897E-05 0.541862 9.97897E-05 0.171759 0.124678 9.97897E-05 9.97897E-05 9.97897E-05 9.97897E-05
9.9807E-05 0.108401 9.9807E-05 9.9807E-05 9.9807E-05 9.9807E-05 9.9807E-05 9.9807E-05 0.00539383 9.9807E-05 9.9807E-05 9.9807E-05 9.9807E-05 9.9807E-05 9.9807E-05 9.9807E-05 0.196277 9.9807E-05 9.9807E-05 0.170106 9.9807E-05 0.226632 9.9807E-05 9.9807E-05 0.2163 9.9807E-05 0.0746937 9.9807E-05 9.9807E-05
9.9816E-05 0.105796 9.9816E-05 9.9816E-05 0.0314743 9.9816E-05 0.056688 9.9816E-05 9.9816E-05 9.9816E-05 9.9816E-05 9.9816E-05 9.9816E-05 9.9816E-05 9.9816E-05 9.9816E-05 0.0549797 9.9816E-05 9.9816E-05 0.507925 9.9816E-05 9.9816E-05 9.9816E-05 0.158806 0.0750832 9.9816E-05 9.9816E-05 9.9816E-05 0.00715182
9.98246E-05 9.98246E-05 9.98246E-05 0.0407292 0.559451 9.98246E-05 9.98246E-05 9.98246E-05 9.98246E-05 9.98246E-05 0.0350754 9.98246E-05 9.98246E-05 9.98246E-05 9.98246E-05 9.98246E-05 0.0488375 9.98246E-05 9.98246E-05 9.98246E-05 9.98246E-05 0.184564 0.00750794 0.0668773 9.98246E-05 0.00727602 9.98246E-05 0.0476846 9.98246E-05
9.98067E-05 9.98067E-05 9.98067E-05 9.98067E-05 9.98067E-05 9.98067E-05 9.98067E-05 9.98067E-05 9.98067E-05 9.98067E-05 9.98067E-05 9.98067E-05 9.98067E-05 9.98067E-05 9.98067E-05 9.98067E-05 0.025208 0.0145872 9.98067E-05 0.77805 0.0109109 0.0422894 9.98067E-05 9.98067E-05 0.110983 9.98067E-05 0.0157762 9.98067E-05 9.98067E-05
9.97985E-05 0.059868 9.97985E-05 9.97985E-05 9.97985E-05 9.97985E-05 9.97985E-05 9.97985E-05 9.97985E-05 9.97985E-05 9.97985E-05 9.97985E-05 9.97985E-05 9.97985E-05 9.97985E-05 9.97985E-05 0.171214 9.97985E-05 9.97985E-05 0.239403 9.97985E-05 0.233727 0.0222771 9.97985E-05 0.271215 9.97985E-05 9.97985E-05 9.97985E-05 9.97985E-05
9.97984E-05 9.97984E-05 9.97984E-05 9.97984E-05 0.207112 9.97984E-05 9.97984E-05 9.97984E-05 9.97984E-05 9.97984E-05 9.97984E-05 0.0144345 9.97984E-05 9.97984E-05 9.97984E-05 9.97984E-05 0.127132 9.97984E-05 9.97984E-05 0.239618 9.97984E-05 0.235435 9.97984E-05 9.97984E-05 9.97984E-05 0.173973 9.97984E-05 9.97984E-05 9.97984E-05
9.98071E-05 0.0220058 9.98071E-05 9.98071E-05 9.98071E-05 9.98071E-05 9.98071E-05 9.98071E-05 0.018986 9.98071E-05 9.98071E-05 0.0243171 9.98071E-05 9.98071E-05 0.0128187 9.98071E-05 0.0973522 9.98071E-05 9.98071E-05 0.817515 9.98071E-05 9.98071E-05 9.98071E-05 9.98071E-05 0.00480992 9.98071E-05 9.98071E-05 9.98071E-05 9.98071E-05
