9.99034E-05 9.99034E-05 0.0335387 9.99034E-05 9.99034E-05 0.0413026 0.0712429 0.268632 9.99034E-05 9.99034E-05 9.99034E-05 0.0556734 9.99034E-05 9.99034E-05 0.0132374 9.99034E-05 0.349633 9.99034E-05 0.165641
9.98946E-05 9.98946E-05 0.0748192 9.98946E-05 9.98946E-05 9.98946E-05 0.0723581 0.145981 0.0148848 0.0093098 9.98946E-05 0.0260711 9.98946E-05 9.98946E-05 9.98946E-05 9.98946E-05 0.655378 9.98946E-05 9.98946E-05
9.9877E-05 9.9877E-05 9.9877E-05 9.9877E-05 9.9877E-05 9.9877E-05 9.9877E-05 9.9877E-05 9.9877E-05 9.9877E-05 0.108632 9.9877E-05 9.9877E-05 9.9877E-05 9.9877E-05 0.0429706 0.831098 0.00405013 0.0118513
0.121089 0.0217362 9.99123E-05 9.99123E-05 9.99123E-05 0.0326182 0.0486409 9.99123E-05 9.99123E-05 0.165593 9.99123E-05 0.150554 9.99123E-05 9.99123E-05 9.99123E-05 0.0958025 0.235325 9.99123E-05 0.127642
9.98859E-05 0.0116238 0.0261744 9.98859E-05 9.98859E-05 9.98859E-05 9.98859E-05 9.98859E-05 0.0511531 0.0324214 0.0634643 9.98859E-05 9.98859E-05 9.98859E-05 9.98859E-05 9.98859E-05 0.813864 9.98859E-05 9.98859E-05
9.99035E-05 0.138202 0.00553622 9.99035E-05 9.99035E-05 0.0466823 9.99035E-05 0.395112 9.99035E-05 0.137169 0.060764 9.99035E-05 9.99035E-05 9.99035E-05 9.99035E-05 0.0621952 0.153242 9.99035E-05 9.99035E-05
9.99123E-05 9.99123E-05 0.117916 9.99123E-05 9.99123E-05 0.117444 9.99123E-05 0.154325 0.0202326 0.175363 9.99123E-05 9.99123E-05 0.000638369 9.99123E-05 0.0510194 9.99123E-05 0.192801 9.99123E-05 0.169262
9.99211E-05 0.194594 9.99211E-05 9.99211E-05 0.136544 0.00716603 9.99211E-05 0.119087 0.11815 0.0690495 0.0930741 9.99211E-05 0.0148987 9.99211E-05 9.99211E-05 9.99211E-05 0.167546 9.99211E-05 0.0789909
0.0683056 0.253693 0.0115194 9.98947E-05 9.98947E-05 9.98947E-05 0.268407 9.98947E-05 9.98947E-05 9.98947E-05 9.98947E-05 9.98947E-05 9.98947E-05 9.98947E-05 0.126658 0.0297783 0.24044 9.98947E-05 9.98947E-05
9.98684E-05 9.98684E-05 9.98684E-05 9.98684E-05 0.0189545 9.98684E-05 0.111573 9.98684E-05 9.98684E-05 0.0764421 9.98684E-05 9.98684E-05 9.98684E-05 9.98684E-05 9.98684E-05 9.98684E-05 0.791533 9.98684E-05 9.98684E-05
9.98858E-05 0.0225609 9.98858E-05 9.98858E-05 9.98858E-05 0.0783624 0.19071 0.135321 9.98858E-05 9.98858E-05 9.98858E-05 9.98858E-05 9.98858E-05 9.98858E-05 9.98858E-05 9.98858E-05 0.454336 9.98858E-05 0.117411
0.00787325 9.98947E-05 9.98947E-05 9.98947E-05 0.00531501 0.00469747 0.0153822 9.98947E-05 0.0538536 9.98947E-05 9.98947E-05 9.98947E-05 0.0880643 9.98947E-05 9.98947E-05 9.98947E-05 0.823615 9.98947E-05 9.98947E-05
9.98596E-05 9.98596E-05 9.98596E-05 9.98596E-05 9.98596E-05 9.98596E-05 0.111306 9.98596E-05 9.98596E-05 9.98596E-05 9.98596E-05 9.98596E-05 9.98596E-05 9.98596E-05 9.98596E-05 9.98596E-05 0.765406 9.98596E-05 0.12169
9.98948E-05 9.98948E-05 9.98948E-05 9.98948E-05 9.98948E-05 0.0874008 0.0626137 9.98948E-05 9.98948E-05 9.98948E-05 0.0509294 9.98948E-05 9.98948E-05 0.0549763 9.98948E-05 0.0876591 0.623415 0.0318066 9.98948E-05
9.99123E-05 0.155214 0.0124016 9.99123E-05 9.99123E-05 9.99123E-05 0.151837 0.209389 9.99123E-05 9.99123E-05 9.99123E-05 9.99123E-05 9.99123E-05 9.99123E-05 0.0133983 0.115071 0.257263 0.083728 0.000699272
0.10332 0.186156 9.99122E-05 9.99122E-05 9.99122E-05 9.99122E-05 0.0906427 0.206834 9.99122E-05 0.0643485 9.99122E-05 0.0127097 0.0844562 9.99122E-05 9.99122E-05 9.99122E-05 0.159728 9.99122E-05 0.0908062
0.152656 9.9886E-05 0.0685609 9.9886E-05 9.9886E-05 0.0702768 0.048938 9.9886E-05 9.9886E-05 9.9886E-05 9.9886E-05 9.9886E-05 9.9886E-05 0.110964 9.9886E-05 9.9886E-05 0.547305 9.9886E-05 9.9886E-05
9.99035E-05 0.0511994 9.99035E-05 0.0979923 0.143118 9.99035E-05 0.136042 0.265996 9.99035E-05 9.99035E-05 9.99035E-05 9.99035E-05 9.99035E-05 9.99035E-05 0.0813911 9.99035E-05 0.117149 9.99035E-05 0.106013
9.99035E-05 0.0964404 9.99035E-05 9.99035E-05 9.99035E-05 0.00786956 0.253637 9.99035E-05 9.99035E-05 0.0516802 9.99035E-05 0.0129557 9.99035E-05 9.99035E-05 9.99035E-05 9.99035E-05 0.188022 0.134853 0.253443
9.98595E-05 9.98595E-05 9.98595E-05 9.98595E-05 9.98595E-05 9.98595E-05 0.0167995 9.98595E-05 9.98595E-05 9.98595E-05 9.98595E-05 0.0665809 9.98595E-05 9.98595E-05 9.98595E-05 9.98595E-05 0.915022 9.98595E-05 9.98595E-05
0.294192 0.114042 9.9886E-05 9.9886E-05 9.9886E-05 0.0408166 0.0024741 9.9886E-05 0.115558 9.9886E-05 9.9886E-05 9.9886E-05 9.9886E-05 9.9886E-05 9.9886E-05 9.9886E-05 0.431618 9.9886E-05 9.9886E-05
9.99122E-05 0.13597 0.0463877 9.99122E-05 9.99122E-05 9.99122E-05 9.99122E-05 9.99122E-05 0.0538208 0.014444 0.0761432 9.99122E-05 9.99122E-05 9.99122E-05 9.99122E-05 0.0445081 0.262647 0.0358177 0.329263
9.98772E-05 9.98772E-05 9.98772E-05 9.98772E-05 9.98772E-05 0.056633 0.135288 0.276873 9.98772E-05 9.98772E-05 9.98772E-05 9.98772E-05 9.98772E-05 9.98772E-05 9.98772E-05 0.0368015 0.493006 9.98772E-05 9.98772E-05
9.98859E-05 9.98859E-05 9.98859E-05 9.98859E-05 9.98859E-05 9.98859E-05 0.185192 0.0161818 9.98859E-05 9.98859E-05 9.98859E-05 9.98859E-05 0.0138 9.98859E-05 0.135444 9.98859E-05 0.32085 9.98859E-05 0.327233
9.99035E-05 0.0103027 9.99035E-05 9.99035E-05 9.99035E-05 0.0675485 0.300492 9.99035E-05 9.99035E-05 9.99035E-05 9.99035E-05 0.103179 9.99035E-05 9.99035E-05 9.99035E-05 0.0794657 0.224992 0.111163 0.101758
0.104533 9.98946E-05 9.98946E-05 9.98946E-05 9.98946E-05 9.98946E-05 0.0504441 0.0923802 9.98946E-05 0.0163706 9.98946E-05 9.98946E-05 9.98946E-05 9.98946E-05 9.98946E-05 0.0704769 0.492313 9.98946E-05 0.172283
9.98772E-05 9.98772E-05 9.98772E-05 9.98772E-05 0.178873 9.98772E-05 0.102662 9.98772E-05 9.98772E-05 9.98772E-05 9.98772E-05 9.98772E-05 9.98772E-05 9.98772E-05 9.98772E-05 0.310226 0.0160641 9.98772E-05 0.390777
9.9886E-05 9.9886E-05 0.0900176 9.9886E-05 9.9886E-05 9.9886E-05 0.0102846 9.9886E-05 9.9886E-05 0.08744 9.9886E-05 9.9886E-05 9.9886E-05 9.9886E-05 9.9886E-05 0.104986 0.634507 9.9886E-05 0.0714661
0.0141927 9.99035E-05 9.99035E-05 9.99035E-05 9.99035E-05 9.99035E-05 0.206393 0.135654 9.99035E-05 9.99035E-05 9.99035E-05 0.00969767 9.99035E-05 9.99035E-05 0.0308597 0.0288985 0.499117 9.99035E-05 0.074089
9.99123E-05 0.0370187 0.0355697 9.99123E-05 9.99123E-05 0.024739 0.0752175 0.0761947 9.99123E-05 9.99123E-05 9.99123E-05 9.99123E-05 9.99123E-05 0.0402159 0.00976097 0.00801721 0.692267 9.99123E-05 9.99123E-05
9.98947E-05 0.0202263 9.98947E-05 9.98947E-05 9.98947E-05 0.147644 0.043077 0.119254 9.98947E-05 9.98947E-05 9.98947E-05 9.98947E-05 9.98947E-05 9.98947E-05 9.98947E-05 9.98947E-05 0.579099 0.0660984 0.0234029
0.132021 9.99211E-05 9.99211E-05 9.99211E-05 9.99211E-05 9.99211E-05 0.101605 0.0204493 0.0642835 0.00146013 0.0341937 9.99211E-05 9.99211E-05 9.99211E-05 9.99211E-05 0.153525 0.42417 0.0622869 0.00510619
9.98946E-05 9.98946E-05 9.98946E-05 9.98946E-05 9.98946E-05 0.0820493 0.0956173 0.103211 9.98946E-05 9.98946E-05 9.98946E-05 9.98946E-05 0.0375725 9.98946E-05 9.98946E-05 0.0690195 0.437503 9.98946E-05 0.173828
9.99034E-05 9.99034E-05 9.99034E-05 9.99034E-05 0.0375885 9.99034E-05 0.101278 9.99034E-05 9.99034E-05 0.0137023 9.99034E-05 9.99034E-05 0.00922754 9.99034E-05 0.0213649 0.208147 0.395473 9.99034E-05 0.21212
9.9886E-05 0.00496545 0.058332 9.9886E-05 9.9886E-05 0.0236962 0.0291914 9.9886E-05 9.9886E-05 9.9886E-05 9.9886E-05 0.0925946 9.9886E-05 9.9886E-05 9.9886E-05 9.9886E-05 0.789922 9.9886E-05 9.9886E-05
0.164915 0.0111803 9.99035E-05 0.0196067 9.99035E-05 0.0606466 0.0589243 0.0514773 9.99035E-05 9.99035E-05 9.99035E-05 9.99035E-05 9.99035E-05 9.99035E-05 9.99035E-05 9.99035E-05 0.541777 9.99035E-05 0.0903734
9.98772E-05 9.98772E-05 0.0439344 9.98772E-05 9.98772E-05 0.00307852 9.98772E-05 9.98772E-05 9.98772E-05 0.0751095 9.98772E-05 9.98772E-05 0.0631126 9.98772E-05 9.98772E-05 9.98772E-05 0.813367 9.98772E-05 9.98772E-05
9.98773E-05 0.146846 0.0694329 9.98773E-05 9.98773E-05 9.98773E-05 0.111639 9.98773E-05 9.98773E-05 9.98773E-05 9.98773E-05 0.0708239 9.98773E-05 9.98773E-05 9.98773E-05 9.98773E-05 0.59986 9.98773E-05 9.98773E-05
9.9921E-05 0.0234012 0.0972372 9.9921E-05 9.9921E-05 0.0224632 0.130491 9.9921E-05 9.9921E-05 0.0173786 0.0979325 9.9921E-05 9.9921E-05 0.11305 9.9921E-05 0.0406763 0.425798 9.9921E-05 0.0306729
9.98772E-05 9.98772E-05 9.98772E-05 9.98772E-05 9.98772E-05 9.98772E-05 0.236144 9.98772E-05 9.98772E-05 9.98772E-05 0.0313179 9.98772E-05 0.13951 9.98772E-05 9.98772E-05 0.0794631 0.512166 9.98772E-05 9.98772E-05
0.0480791 0.0151842 9.9886E-05 9.9886E-05 9.9886E-05 0.0587665 0.0229736 9.9886E-05 9.9886E-05 9.9886E-05 9.9886E-05 9.9886E-05 9.9886E-05 9.9886E-05 9.9886E-05 9.9886E-05 0.725385 9.9886E-05 0.128313
9.98859E-05 0.00953753 0.0724007 9.98859E-05 9.98859E-05 9.98859E-05 0.044791 0.0785163 9.98859E-05 9.98859E-05 9.98859E-05 9.98859E-05 9.98859E-05 9.98859E-05 9.98859E-05 9.98859E-05 0.518472 9.98859E-05 0.274984
9.98859E-05 9.98859E-05 0.0601459 9.98859E-05 9.98859E-05 9.98859E-05 9.98859E-05 9.98859E-05 9.98859E-05 9.98859E-05 9.98859E-05 9.98859E-05 0.026797 0.0279026 9.98859E-05 9.98859E-05 0.807873 0.0562587 0.0197241
9.99122E-05 0.0935554 0.015547 9.99122E-05 9.99122E-05 0.0569068 0.165812 0.187092 9.99122E-05 9.99122E-05 9.99122E-05 0.000654572 9.99122E-05 9.99122E-05 0.0845157 9.99122E-05 0.294592 9.99122E-05 0.100325
9.9886E-05 9.9886E-05 9.9886E-05 9.9886E-05 9.9886E-05 0.012552 0.150005 9.9886E-05 9.9886E-05 0.174821 0.198942 9.9886E-05 9.9886E-05 9.9886E-05 9.9886E-05 9.9886E-05 0.191213 9.9886E-05 0.271168
9.98858E-05 9.98858E-05 9.98858E-05 0.057092 9.98858E-05 9.98858E-05 0.0624189 9.98858E-05 0.0215005 0.0428371 9.98858E-05 9.98858E-05 9.98858E-05 9.98858E-05 9.98858E-05 9.98858E-05 0.783936 9.98858E-05 0.0309169
9.98772E-05 0.0313556 9.98772E-05 9.98772E-05 0.0144463 0.0608397 0.0919518 9.98772E-05 9.98772E-05 9.98772E-05 9.98772E-05 9.98772E-05 9.98772E-05 9.98772E-05 9.98772E-05 9.98772E-05 0.800008 9.98772E-05 9.98772E-05
0.0231134 9.98947E-05 9.98947E-05 0.0289133 9.98947E-05 9.98947E-05 0.049713 0.0178278 0.0477781 9.98947E-05 9.98947E-05 9.98947E-05 0.0178801 9.98947E-05 9.98947E-05 9.98947E-05 0.813575 9.98947E-05 9.98947E-05
9.98946E-05 9.98946E-05 9.98946E-05 9.98946E-05 9.98946E-05 0.0337923 0.137921 0.0191285 0.00533855 0.0276451 9.98946E-05 9.98946E-05 9.98946E-05 9.98946E-05 9.98946E-05 9.98946E-05 0.600012 9.98946E-05 0.174963
9.98863E-05 0.0567869 9.98863E-05 0.114262 9.98863E-05 0.00119655 0.0082255 9.98863E-05 9.98863E-05 9.98863E-05 9.98863E-05 9.98863E-05 9.98863E-05 9.98863E-05 9.98863E-05 9.98863E-05 0.672253 9.98863E-05 0.145978
9.9921E-05 0.0182551 9.9921E-05 9.9921E-05 9.9921E-05 0.109254 0.275449 0.010855 0.0274414 0.0790668 9.9921E-05 0.0559978 9.9921E-05 9.9921E-05 9.9921E-05 0.142428 0.2456 9.9921E-05 0.0347533
9.98859E-05 9.98859E-05 9.98859E-05 0.0208097 9.98859E-05 9.98859E-05 9.98859E-05 9.98859E-05 9.98859E-05 0.0968013 0.0342679 9.98859E-05 9.98859E-05 9.98859E-05 0.0458644 9.98859E-05 0.56442 9.98859E-05 0.236538
9.98773E-05 9.98773E-05 9.98773E-05 0.0107257 0.0107255 9.98773E-05 0.114264 9.98773E-05 9.98773E-05 9.98773E-05 9.98773E-05 9.98773E-05 9.98773E-05 9.98773E-05 9.98773E-05 9.98773E-05 0.830511 0.0323762 9.98773E-05
9.99123E-05 0.0338563 9.99123E-05 9.99123E-05 0.00650192 9.99123E-05 0.0617645 0.0535875 9.99123E-05 9.99123E-05 0.0294713 9.99123E-05 0.223234 0.0219774 9.99123E-05 9.99123E-05 0.534298 9.99123E-05 0.0343092
9.98685E-05 9.98685E-05 9.98685E-05 9.98685E-05 9.98685E-05 9.98685E-05 0.106283 0.0187031 9.98685E-05 9.98685E-05 9.98685E-05 9.98685E-05 9.98685E-05 9.98685E-05 9.98685E-05 9.98685E-05 0.704793 0.168723 9.98685E-05
9.9886E-05 9.9886E-05 9.9886E-05 9.9886E-05 9.9886E-05 0.0011077 9.9886E-05 0.0423797 0.0923042 9.9886E-05 9.9886E-05 0.0664488 9.9886E-05 9.9886E-05 9.9886E-05 0.208113 0.588348 9.9886E-05 9.9886E-05
0.215531 9.98858E-05 0.0633419 9.98858E-05 0.0453698 9.98858E-05 0.016458 9.98858E-05 9.98858E-05 9.98858E-05 9.98858E-05 9.98858E-05 9.98858E-05 9.98858E-05 9.98858E-05 9.98858E-05 0.598078 9.98858E-05 0.0599225
9.98685E-05 9.98685E-05 9.98685E-05 9.98685E-05 9.98685E-05 0.10921 0.0532184 9.98685E-05 9.98685E-05 0.103794 9.98685E-05 9.98685E-05 9.98685E-05 9.98685E-05 9.98685E-05 9.98685E-05 0.732279 9.98685E-05 9.98685E-05
9.99035E-05 0.00613215 0.0315162 9.99035E-05 9.99035E-05 0.033473 0.0444005 9.99035E-05 0.0371217 0.0211073 9.99035E-05 9.99035E-05 9.99035E-05 9.99035E-05 9.99035E-05 9.99035E-05 0.815049 9.99035E-05 0.0101013
9.98858E-05 0.042533 0.0553966 9.98858E-05 0.00708433 0.0166996 0.134815 0.742173 9.98858E-05 9.98858E-05 9.98858E-05 9.98858E-05 9.98858E-05 9.98858E-05 9.98858E-05 9.98858E-05 9.98858E-05 9.98858E-05 9.98858E-05
9.98597E-05 9.98597E-05 9.98597E-05 9.98597E-05 9.98597E-05 9.98597E-05 9.98597E-05 0.949882 9.98597E-05 0.0127217 9.98597E-05 0.0357986 9.98597E-05 9.98597E-05 9.98597E-05 9.98597E-05 9.98597E-05 9.98597E-05 9.98597E-05
9.98598E-05 9.98598E-05 9.98598E-05 9.98598E-05 0.0356718 9.98598E-05 9.98598E-05 0.958997 9.98598E-05 9.98598E-05 9.98598E-05 9.98598E-05 9.98598E-05 0.00373338 9.98598E-05 9.98598E-05 9.98598E-05 9.98598E-05 9.98598E-05
9.9886E-05 0.183739 0.262631 9.9886E-05 9.9886E-05 9.9886E-05 0.0827419 0.348419 9.9886E-05 9.9886E-05 9.9886E-05 9.9886E-05 0.0589762 9.9886E-05 9.9886E-05 0.0621944 9.9886E-05 9.9886E-05 9.9886E-05
9.99121E-05 0.0762913 9.99121E-05 0.0790501 0.0461365 0.0152739 9.99121E-05 0.694096 9.99121E-05 9.99121E-05 0.00819139 0.0323977 0.010682 9.99121E-05 9.99121E-05 9.99121E-05 9.99121E-05 9.99121E-05 0.0368818
9.98681E-05 0.0379536 9.98681E-05 9.98681E-05 9.98681E-05 9.98681E-05 0.196769 0.703613 9.98681E-05 9.98681E-05 9.98681E-05 9.98681E-05 9.98681E-05 9.98681E-05 9.98681E-05 9.98681E-05 9.98681E-05 9.98681E-05 0.0601661
0.194366 0.0316604 0.182325 9.98858E-05 9.98858E-05 0.0520733 0.0336975 0.504579 9.98858E-05 9.98858E-05 9.98858E-05 9.98858E-05 9.98858E-05 9.98858E-05 9.98858E-05 9.98858E-05 9.98858E-05 9.98858E-05 9.98858E-05
9.98944E-05 0.0961726 0.0505136 9.98944E-05 0.039663 0.0178716 0.109799 0.573149 9.98944E-05 9.98944E-05 9.98944E-05 9.98944E-05 9.98944E-05 9.98944E-05 9.98944E-05 0.111633 9.98944E-05 9.98944E-05 9.98944E-05
9.98596E-05 9.98596E-05 9.98596E-05 9.98596E-05 9.98596E-05 9.98596E-05 9.98596E-05 0.946214 9.98596E-05 9.98596E-05 9.98596E-05 9.98596E-05 9.98596E-05 9.98596E-05 0.0448787 9.98596E-05 9.98596E-05 9.98596E-05 0.00730976
9.98507E-05 9.98507E-05 9.98507E-05 9.98507E-05 9.98507E-05 0.00675378 9.98507E-05 0.991549 9.98507E-05 9.98507E-05 9.98507E-05 9.98507E-05 9.98507E-05 9.98507E-05 9.98507E-05 9.98507E-05 9.98507E-05 9.98507E-05 9.98507E-05
9.98945E-05 0.0477804 9.98945E-05 0.0102006 0.0134944 0.115972 0.270214 0.497632 9.98945E-05 0.0435075 9.98945E-05 9.98945E-05 9.98945E-05 9.98945E-05 9.98945E-05 9.98945E-05 9.98945E-05 9.98945E-05 9.98945E-05
9.99033E-05 9.99033E-05 0.141592 9.99033E-05 0.0598043 0.0742199 0.00443942 0.400958 9.99033E-05 9.99033E-05 9.99033E-05 9.99033E-05 0.0833803 9.99033E-05 9.99033E-05 9.99033E-05 9.99033E-05 0.088859 0.145648
9.99033E-05 0.133322 9.99033E-05 9.99033E-05 9.99033E-05 0.0911997 0.01861 0.521401 0.15632 9.99033E-05 9.99033E-05 0.0226117 0.0328538 9.99033E-05 9.99033E-05 0.0225826 9.99033E-05 9.99033E-05 9.99033E-05
9.9877E-05 9.9877E-05 0.0601864 9.9877E-05 9.9877E-05 9.9877E-05 0.208022 0.522778 0.0359112 9.9877E-05 9.9877E-05 9.9877E-05 9.9877E-05 9.9877E-05 9.9877E-05 9.9877E-05 9.9877E-05 9.9877E-05 0.171704
9.98598E-05 9.98598E-05 9.98598E-05 9.98598E-05 9.98598E-05 9.98598E-05 9.98598E-05 0.971437 9.98598E-05 9.98598E-05 0.0191695 9.98598E-05 9.98598E-05 9.98598E-05 9.98598E-05 0.00779558 9.98598E-05 9.98598E-05 9.98598E-05
0.0900858 0.0357706 9.98597E-05 9.98597E-05 9.98597E-05 9.98597E-05 9.98597E-05 0.872546 9.98597E-05 9.98597E-05 9.98597E-05 9.98597E-05 9.98597E-05 9.98597E-05 9.98597E-05 9.98597E-05 9.98597E-05 9.98597E-05 9.98597E-05
9.98594E-05 9.98594E-05 9.98594E-05 9.98594E-05 0.122233 9.98594E-05 9.98594E-05 0.810064 9.98594E-05 9.98594E-05 9.98594E-05 9.98594E-05 9.98594E-05 9.98594E-05 9.98594E-05 0.0661044 9.98594E-05 9.98594E-05 9.98594E-05
9.9877E-05 0.0354902 9.9877E-05 9.9877E-05 9.9877E-05 0.10789 9.9877E-05 0.682761 9.9877E-05 0.0938612 9.9877E-05 9.9877E-05 9.9877E-05 9.9877E-05 9.9877E-05 9.9877E-05 9.9877E-05 9.9877E-05 0.0785996
9.98683E-05 9.98683E-05 9.98683E-05 9.98683E-05 0.0890369 9.98683E-05 0.0231229 0.833092 9.98683E-05 0.0532506 9.98683E-05 9.98683E-05 9.98683E-05 9.98683E-05 9.98683E-05 9.98683E-05 9.98683E-05 9.98683E-05 9.98683E-05
9.98681E-05 9.98681E-05 9.98681E-05 9.98681E-05 9.98681E-05 9.98681E-05 0.228322 0.680965 9.98681E-05 9.98681E-05 9.98681E-05 0.0517095 0.0375055 9.98681E-05 9.98681E-05 9.98681E-05 9.98681E-05 9.98681E-05 9.98681E-05
9.98599E-05 9.98599E-05 9.98599E-05 9.98599E-05 9.98599E-05 9.98599E-05 9.98599E-05 0.919388 9.98599E-05 9.98599E-05 9.98599E-05 9.98599E-05 0.00918867 0.069826 9.98599E-05 9.98599E-05 9.98599E-05 9.98599E-05 9.98599E-05
9.98682E-05 9.98682E-05 9.98682E-05 9.98682E-05 9.98682E-05 9.98682E-05 0.0788213 0.607727 9.98682E-05 0.0142006 9.98682E-05 9.98682E-05 9.98682E-05 9.98682E-05 9.98682E-05 9.98682E-05 9.98682E-05 9.98682E-05 0.297753
9.9886E-05 9.9886E-05 0.0169516 9.9886E-05 9.9886E-05 9.9886E-05 0.0500854 0.711004 9.9886E-05 9.9886E-05 9.9886E-05 0.0210074 9.9886E-05 9.9886E-05 9.9886E-05 0.175862 9.9886E-05 9.9886E-05 0.0237905
9.99034E-05 0.0311979 9.99034E-05 9.99034E-05 0.0488168 9.99034E-05 0.00234234 0.65527 0.084077 0.123822 9.99034E-05 9.99034E-05 9.99034E-05 9.99034E-05 0.0135963 0.0397792 9.99034E-05 9.99034E-05 9.99034E-05
9.98506E-05 9.98506E-05 9.98506E-05 9.98506E-05 9.98506E-05 0.146494 9.98506E-05 0.851808 9.98506E-05 9.98506E-05 9.98506E-05 9.98506E-05 9.98506E-05 9.98506E-05 9.98506E-05 9.98506E-05 9.98506E-05 9.98506E-05 9.98506E-05
9.9851E-05 0.0491573 9.9851E-05 9.9851E-05 9.9851E-05 9.9851E-05 9.9851E-05 0.949145 9.9851E-05 9.9851E-05 9.9851E-05 9.9851E-05 9.9851E-05 9.9851E-05 9.9851E-05 9.9851E-05 9.9851E-05 9.9851E-05 9.9851E-05
9.98423E-05 9.98423E-05 9.98423E-05 9.98423E-05 9.98423E-05 9.98423E-05 9.98423E-05 0.998203 9.98423E-05 9.98423E-05 9.98423E-05 9.98423E-05 9.98423E-05 9.98423E-05 9.98423E-05 9.98423E-05 9.98423E-05 9.98423E-05 9.98423E-05
9.98422E-05 9.98422E-05 9.98422E-05 9.98422E-05 9.98422E-05 9.98422E-05 9.98422E-05 0.998203 9.98422E-05 9.98422E-05 9.98422E-05 9.98422E-05 9.98422E-05 9.98422E-05 9.98422E-05 9.98422E-05 9.98422E-05 9.98422E-05 9.98422E-05
9.98684E-05 9.98684E-05 9.98684E-05 9.98684E-05 0.124782 9.98684E-05 0.0497151 0.800301 9.98684E-05 9.98684E-05 9.98684E-05 9.98684E-05 9.98684E-05 9.98684E-05 9.98684E-05 9.98684E-05 9.98684E-05 9.98684E-05 0.0237047
9.98773E-05 0.0991984 9.98773E-05 9.98773E-05 9.98773E-05 9.98773E-05 0.198278 0.504611 9.98773E-05 9.98773E-05 9.98773E-05 0.00287294 9.98773E-05 0.193641 9.98773E-05 9.98773E-05 9.98773E-05 9.98773E-05 9.98773E-05
9.98596E-05 0.0936876 9.98596E-05 9.98596E-05 9.98596E-05 9.98596E-05 0.11476 9.98596E-05 9.98596E-05 9.98596E-05 9.98596E-05 9.98596E-05 9.98596E-05 9.98596E-05 9.98596E-05 0.789955 9.98596E-05 9.98596E-05 9.98596E-05
9.98684E-05 0.0118531 9.98684E-05 9.98684E-05 9.98684E-05 9.98684E-05 0.0139198 9.98684E-05 9.98684E-05 9.98684E-05 9.98684E-05 9.98684E-05 9.98684E-05 0.411799 9.98684E-05 0.56093 9.98684E-05 9.98684E-05 9.98684E-05
9.98772E-05 9.98772E-05 9.98772E-05 9.98772E-05 0.00514663 0.0223595 0.0908504 9.98772E-05 9.98772E-05 9.98772E-05 9.98772E-05 9.98772E-05 9.98772E-05 9.98772E-05 9.98772E-05 0.871692 9.98772E-05 9.98772E-05 0.00855303
9.98594E-05 0.0312674 9.98594E-05 9.98594E-05 9.98594E-05 9.98594E-05 0.125599 9.98594E-05 9.98594E-05 9.98594E-05 9.98594E-05 9.98594E-05 9.98594E-05 9.98594E-05 9.98594E-05 0.841536 9.98594E-05 9.98594E-05 9.98594E-05
9.98683E-05 0.0604064 9.98683E-05 9.98683E-05 9.98683E-05 9.98683E-05 9.98683E-05 9.98683E-05 9.98683E-05 9.98683E-05 0.0398767 9.98683E-05 9.98683E-05 9.98683E-05 0.00638466 0.891834 9.98683E-05 9.98683E-05 9.98683E-05
9.98685E-05 0.149063 0.0358679 9.98685E-05 9.98685E-05 9.98685E-05 0.169379 9.98685E-05 9.98685E-05 9.98685E-05 9.98685E-05 9.98685E-05 9.98685E-05 9.98685E-05 9.98685E-05 0.644192 9.98685E-05 9.98685E-05 9.98685E-05
9.98771E-05 0.143115 9.98771E-05 9.98771E-05 9.98771E-05 0.0133366 0.0845517 9.98771E-05 9.98771E-05 9.98771E-05 9.98771E-05 9.98771E-05 9.98771E-05 9.98771E-05 9.98771E-05 0.732042 9.98771E-05 9.98771E-05 0.0255557
0.00539995 0.175122 9.98772E-05 9.98772E-05 0.0157419 9.98772E-05 0.0266766 9.98772E-05 9.98772E-05 9.98772E-05 9.98772E-05 9.98772E-05 9.98772E-05 9.98772E-05 9.98772E-05 0.775661 9.98772E-05 9.98772E-05 9.98772E-05
9.98769E-05 0.397153 0.197386 9.98769E-05 9.98769E-05 9.98769E-05 0.0213078 9.98769E-05 9.98769E-05 9.98769E-05 9.98769E-05 9.98769E-05 9.98769E-05 9.98769E-05 9.98769E-05 0.370634 9.98769E-05 0.0121212 9.98769E-05
9.98596E-05 0.235564 9.98596E-05 9.98596E-05 9.98596E-05 9.98596E-05 0.252784 9.98596E-05 9.98596E-05 9.98596E-05 9.98596E-05 9.98596E-05 9.98596E-05 9.98596E-05 9.98596E-05 0.510054 9.98596E-05 9.98596E-05 9.98596E-05
9.98772E-05 9.98772E-05 0.285082 9.98772E-05 9.98772E-05 0.0400107 0.0113441 9.98772E-05 9.98772E-05 9.98772E-05 9.98772E-05 9.98772E-05 9.98772E-05 0.142174 9.98772E-05 0.519991 9.98772E-05 9.98772E-05 9.98772E-05
9.98772E-05 9.98772E-05 0.149501 0.0223604 9.98772E-05 9.98772E-05 0.0842874 9.98772E-05 9.98772E-05 9.98772E-05 9.98772E-05 9.98772E-05 9.98772E-05 0.0175316 9.98772E-05 0.724922 9.98772E-05 9.98772E-05 9.98772E-05
9.98598E-05 0.121837 9.98598E-05 9.98598E-05 9.98598E-05 9.98598E-05 9.98598E-05 9.98598E-05 9.98598E-05 9.98598E-05 0.0194388 9.98598E-05 9.98598E-05 9.98598E-05 9.98598E-05 0.857127 9.98598E-05 9.98598E-05 9.98598E-05
9.98685E-05 0.135847 9.98685E-05 9.98685E-05 9.98685E-05 9.98685E-05 0.14583 9.98685E-05 9.98685E-05 9.98685E-05 9.98685E-05 9.98685E-05 9.98685E-05 9.98685E-05 0.0330196 0.683805 9.98685E-05 9.98685E-05 9.98685E-05
9.98947E-05 9.98947E-05 9.98947E-05 0.0105295 0.0772906 9.98947E-05 9.98947E-05 9.98947E-05 9.98947E-05 0.0646819 0.0178944 9.98947E-05 0.0578443 0.0305236 9.98947E-05 0.740037 9.98947E-05 9.98947E-05 9.98947E-05
9.98702E-05 9.98702E-05 0.0602142 0.0251869 9.98702E-05 9.98702E-05 0.0875532 9.98702E-05 9.98702E-05 0.090272 0.00844482 9.98702E-05 9.98702E-05 9.98702E-05 9.98702E-05 0.727031 9.98702E-05 9.98702E-05 9.98702E-05
9.98858E-05 9.98858E-05 0.162718 0.0264596 0.00493313 9.98858E-05 0.0436385 9.98858E-05 9.98858E-05 9.98858E-05 9.98858E-05 9.98858E-05 9.98858E-05 0.0537985 9.98858E-05 0.707154 9.98858E-05 9.98858E-05 9.98858E-05
9.98774E-05 0.164604 9.98774E-05 9.98774E-05 9.98774E-05 0.0408118 9.98774E-05 9.98774E-05 9.98774E-05 9.98774E-05 9.98774E-05 9.98774E-05 9.98774E-05 9.98774E-05 9.98774E-05 0.698539 0.00609787 9.98774E-05 0.0885493
9.98598E-05 9.98598E-05 9.98598E-05 9.98598E-05 9.98598E-05 9.98598E-05 9.98598E-05 9.98598E-05 9.98598E-05 9.98598E-05 0.0181496 9.98598E-05 9.98598E-05 0.00020057 9.98598E-05 0.980052 9.98598E-05 9.98598E-05 9.98598E-05
0.115435 0.122855 9.98772E-05 9.98772E-05 9.98772E-05 9.98772E-05 0.195406 9.98772E-05 9.98772E-05 9.98772E-05 9.98772E-05 9.98772E-05 9.98772E-05 0.132812 9.98772E-05 0.432094 9.98772E-05 9.98772E-05 9.98772E-05
9.9886E-05 0.113285 0.0303241 9.9886E-05 9.9886E-05 9.9886E-05 0.0597114 9.9886E-05 9.9886E-05 0.0514037 0.022116 9.9886E-05 9.9886E-05 9.9886E-05 9.9886E-05 0.721861 9.9886E-05 9.9886E-05 9.9886E-05
9.98682E-05 0.0292861 9.98682E-05 9.98682E-05 0.00243782 9.98682E-05 0.0389328 9.98682E-05 9.98682E-05 9.98682E-05 9.98682E-05 9.98682E-05 9.98682E-05 9.98682E-05 9.98682E-05 0.927845 9.98682E-05 9.98682E-05 9.98682E-05
9.98859E-05 0.223637 0.0380963 0.103401 9.98859E-05 9.98859E-05 0.203335 9.98859E-05 0.00596182 9.98859E-05 9.98859E-05 9.98859E-05 9.98859E-05 9.98859E-05 9.98859E-05 0.424271 9.98859E-05 9.98859E-05 9.98859E-05
9.98684E-05 0.157545 9.98684E-05 9.98684E-05 9.98684E-05 9.98684E-05 9.98684E-05 9.98684E-05 9.98684E-05 9.98684E-05 0.0200093 9.98684E-05 9.98684E-05 0.140466 9.98684E-05 0.680482 9.98684E-05 9.98684E-05 9.98684E-05
9.98771E-05 0.179489 9.98771E-05 0.050111 9.98771E-05 9.98771E-05 0.300019 9.98771E-05 9.98771E-05 9.98771E-05 9.98771E-05 9.98771E-05 9.98771E-05 9.98771E-05 0.0165474 0.452435 9.98771E-05 9.98771E-05 9.98771E-05
9.9886E-05 0.112008 0.0548144 9.9886E-05 9.9886E-05 9.9886E-05 0.119934 0.0209928 9.9886E-05 9.9886E-05 9.9886E-05 9.9886E-05 9.9886E-05 0.218547 9.9886E-05 0.472406 9.9886E-05 9.9886E-05 9.9886E-05
9.98859E-05 9.98859E-05 9.98859E-05 9.98859E-05 9.98859E-05 9.98859E-05 0.0642481 9.98859E-05 9.98859E-05 9.98859E-05 0.0659545 0.0410324 9.98859E-05 0.538942 0.122974 0.16555 9.98859E-05 9.98859E-05 9.98859E-05
9.98593E-05 0.101823 9.98593E-05 9.98593E-05 9.98593E-05 9.98593E-05 0.0487934 9.98593E-05 9.98593E-05 9.98593E-05 9.98593E-05 9.98593E-05 9.98593E-05 9.98593E-05 9.98593E-05 0.847786 9.98593E-05 9.98593E-05 9.98593E-05
9.98684E-05 0.256246 0.00386242 9.98684E-05 9.98684E-05 9.98684E-05 0.169137 9.98684E-05 9.98684E-05 9.98684E-05 9.98684E-05 9.98684E-05 9.98684E-05 9.98684E-05 9.98684E-05 0.569256 9.98684E-05 9.98684E-05 9.98684E-05
9.98772E-05 9.98772E-05 9.98772E-05 0.0224633 9.98772E-05 9.98772E-05 0.100599 9.98772E-05 9.98772E-05 9.98772E-05 0.110496 9.98772E-05 9.98772E-05 0.0243655 9.98772E-05 0.740678 9.98772E-05 9.98772E-05 9.98772E-05
9.98773E-05 0.0213668 9.98773E-05 9.98773E-05 9.98773E-05 0.00400362 0.184412 9.98773E-05 9.98773E-05 9.98773E-05 9.98773E-05 9.98773E-05 0.0474263 9.98773E-05 9.98773E-05 0.741393 9.98773E-05 9.98773E-05 9.98773E-05
9.98508E-05 9.98508E-05 9.98508E-05 9.98508E-05 0.0461223 9.98508E-05 9.98508E-05 9.98508E-05 9.98508E-05 9.98508E-05 9.98508E-05 9.98508E-05 9.98508E-05 9.98508E-05 9.98508E-05 0.95218 9.98508E-05 9.98508E-05 9.98508E-05
9.9877E-05 0.24399 9.9877E-05 0.129279 9.9877E-05 9.9877E-05 0.097639 9.9877E-05 9.9877E-05 9.9877E-05 0.146092 9.9877E-05 9.9877E-05 9.9877E-05 9.9877E-05 0.381601 9.9877E-05 9.9877E-05 9.9877E-05
9.98682E-05 0.00298169 9.98682E-05 9.98682E-05 9.98682E-05 9.98682E-05 0.0520006 9.98682E-05 9.98682E-05 9.98682E-05 9.98682E-05 9.98682E-05 9.98682E-05 9.98682E-05 9.98682E-05 0.823781 9.98682E-05 9.98682E-05 0.119738
9.98508E-05 9.98508E-05 9.98508E-05 9.98508E-05 9.98508E-05 9.98508E-05 0.0858671 9.98508E-05 9.98508E-05 9.98508E-05 9.98508E-05 9.98508E-05 9.98508E-05 9.98508E-05 9.98508E-05 0.912435 9.98508E-05 9.98508E-05 9.98508E-05
9.98772E-05 0.0573998 9.98772E-05 9.98772E-05 9.98772E-05 0.0641777 9.98772E-05 9.98772E-05 9.98772E-05 9.98772E-05 9.98772E-05 9.98772E-05 9.98772E-05 0.0522659 9.98772E-05 0.822225 9.98772E-05 9.98772E-05 0.00253352
9.98682E-05 0.0982397 9.98682E-05 9.98682E-05 0.0630389 9.98682E-05 0.198967 9.98682E-05 9.98682E-05 9.98682E-05 9.98682E-05 9.98682E-05 9.98682E-05 9.98682E-05 9.98682E-05 0.638257 9.98682E-05 9.98682E-05 9.98682E-05
9.98683E-05 0.120421 9.98683E-05 9.98683E-05 9.98683E-05 0.00492826 9.98683E-05 9.98683E-05 9.98683E-05 9.98683E-05 9.98683E-05 9.98683E-05 9.98683E-05 0.462932 9.98683E-05 0.41022 9.98683E-05 9.98683E-05 9.98683E-05
9.98685E-05 0.0195263 9.98685E-05 9.98685E-05 9.98685E-05 9.98685E-05 0.10423 9.98685E-05 9.98685E-05 9.98685E-05 9.98685E-05 9.98685E-05 9.98685E-05 0.184018 9.98685E-05 0.690728 9.98685E-05 9.98685E-05 9.98685E-05
9.98598E-05 9.98598E-05 9.98598E-05 9.98598E-05 9.98598E-05 9.98598E-05 9.98598E-05 9.98598E-05 9.98598E-05 9.98598E-05 0.0562025 9.98598E-05 9.98598E-05 0.255505 9.98598E-05 0.686695 9.98598E-05 9.98598E-05 9.98598E-05
9.98773E-05 9.98773E-05 0.0366649 0.0506646 0.0030015 9.98773E-05 9.98773E-05 9.98773E-05 9.98773E-05 9.98773E-05 9.98773E-05 9.98773E-05 9.98773E-05 0.367559 9.98773E-05 0.540712 9.98773E-05 9.98773E-05 9.98773E-05
9.98683E-05 0.0941219 0.00700516 9.98683E-05 9.98683E-05 9.98683E-05 0.296841 9.98683E-05 9.98683E-05 9.98683E-05 9.98683E-05 9.98683E-05 9.98683E-05 9.98683E-05 9.98683E-05 0.600534 9.98683E-05 9.98683E-05 9.98683E-05
9.98597E-05 0.171625 9.98597E-05 9.98597E-05 9.98597E-05 9.98597E-05 9.98597E-05 9.98597E-05 9.98597E-05 9.98597E-05 9.98597E-05 9.98597E-05 9.98597E-05 9.98597E-05 9.98597E-05 0.777441 9.98597E-05 0.0493363 9.98597E-05
9.98772E-05 0.119688 9.98772E-05 0.0655518 9.98772E-05 9.98772E-05 0.0629075 9.98772E-05 9.98772E-05 9.98772E-05 9.98772E-05 9.98772E-05 9.98772E-05 0.558466 9.98772E-05 0.191988 9.98772E-05 9.98772E-05 9.98772E-05
9.98597E-05 9.98597E-05 9.98597E-05 9.98597E-05 9.98597E-05 9.98597E-05 0.0759812 9.98597E-05 9.98597E-05 9.98597E-05 9.98597E-05 9.98597E-05 9.98597E-05 0.335041 9.98597E-05 0.58738 9.98597E-05 9.98597E-05 9.98597E-05
0.0463499 0.189772 0.0995181 0.129634 9.98858E-05 9.98858E-05 9.98858E-05 9.98858E-05 9.98858E-05 9.98858E-05 0.0434671 9.98858E-05 9.98858E-05 9.98858E-05 9.98858E-05 0.489961 9.98858E-05 9.98858E-05 9.98858E-05
9.98772E-05 0.0552757 9.98772E-05 9.98772E-05 9.98772E-05 9.98772E-05 0.102543 0.243469 9.98772E-05 9.98772E-05 9.98772E-05 9.98772E-05 9.98772E-05 0.0122994 9.98772E-05 0.585014 9.98772E-05 9.98772E-05 9.98772E-05
9.99036E-05 0.144598 0.123695 9.99036E-05 9.99036E-05 9.99036E-05 0.0249051 9.99036E-05 9.99036E-05 9.99036E-05 9.99036E-05 9.99036E-05 0.0124882 0.00273872 0.0945546 0.553281 9.99036E-05 9.99036E-05 0.0426413
0.0492133 0.28923 9.98948E-05 0.0180637 9.98948E-05 0.00582991 0.184969 9.98948E-05 9.98948E-05 9.98948E-05 9.98948E-05 9.98948E-05 9.98948E-05 9.98948E-05 9.98948E-05 0.405484 9.98948E-05 9.98948E-05 0.046012
9.98595E-05 9.98595E-05 9.98595E-05 9.98595E-05 9.98595E-05 9.98595E-05 0.0326543 9.98595E-05 9.98595E-05 9.98595E-05 9.98595E-05 9.98595E-05 9.98595E-05 0.403074 9.98595E-05 0.562674 9.98595E-05 9.98595E-05 9.98595E-05
0.0976999 9.9877E-05 9.9877E-05 9.9877E-05 9.9877E-05 0.0030042 0.100416 9.9877E-05 9.9877E-05 0.12195 9.9877E-05 9.9877E-05 9.9877E-05 9.9877E-05 9.9877E-05 0.675532 9.9877E-05 9.9877E-05 9.9877E-05
9.98771E-05 0.117648 9.98771E-05 9.98771E-05 9.98771E-05 9.98771E-05 0.00290837 9.98771E-05 9.98771E-05 9.98771E-05 0.107553 9.98771E-05 9.98771E-05 0.58349 9.98771E-05 0.187002 9.98771E-05 9.98771E-05 9.98771E-05
9.98773E-05 0.0622798 9.98773E-05 9.98773E-05 9.98773E-05 0.0152048 0.151071 9.98773E-05 9.98773E-05 9.98773E-05 9.98773E-05 9.98773E-05 9.98773E-05 0.144903 9.98773E-05 0.625143 9.98773E-05 9.98773E-05 9.98773E-05
9.98596E-05 0.0409841 9.98596E-05 9.98596E-05 9.98596E-05 9.98596E-05 9.98596E-05 9.98596E-05 9.98596E-05 9.98596E-05 9.98596E-05 9.98596E-05 0.0063794 9.98596E-05 9.98596E-05 0.951039 9.98596E-05 9.98596E-05 9.98596E-05
9.98595E-05 9.98595E-05 9.98595E-05 9.98595E-05 9.98595E-05 0.0405291 9.98595E-05 9.98595E-05 9.98595E-05 0.0435787 9.98595E-05 9.98595E-05 9.98595E-05 9.98595E-05 9.98595E-05 0.914294 9.98595E-05 9.98595E-05 9.98595E-05
0.0167846 0.164654 0.11333 9.9877E-05 9.9877E-05 9.9877E-05 0.180898 9.9877E-05 9.9877E-05 9.9877E-05 9.9877E-05 9.9877E-05 9.9877E-05 9.9877E-05 9.9877E-05 0.522935 9.9877E-05 9.9877E-05 9.9877E-05
9.98595E-05 0.133758 9.98595E-05 9.98595E-05 9.98595E-05 9.98595E-05 0.0753635 9.98595E-05 9.98595E-05 9.98595E-05 9.98595E-05 9.98595E-05 9.98595E-05 9.98595E-05 9.98595E-05 0.789281 9.98595E-05 9.98595E-05 9.98595E-05
9.98508E-05 9.98508E-05 9.98508E-05 9.98508E-05 9.98508E-05 0.0272393 9.98508E-05 9.98508E-05 9.98508E-05 9.98508E-05 9.98508E-05 9.98508E-05 9.98508E-05 9.98508E-05 9.98508E-05 0.971063 9.98508E-05 9.98508E-05 9.98508E-05
9.98686E-05 9.98686E-05 9.98686E-05 0.104544 9.98686E-05 9.98686E-05 0.0585061 9.98686E-05 9.98686E-05 9.98686E-05 9.98686E-05 9.98686E-05 9.98686E-05 0.0209484 9.98686E-05 0.814503 9.98686E-05 9.98686E-05 9.98686E-05
9.98684E-05 0.140514 9.98684E-05 9.98684E-05 9.98684E-05 9.98684E-05 0.0340257 9.98684E-05 9.98684E-05 9.98684E-05 9.98684E-05 9.98684E-05 9.98684E-05 0.104132 9.98684E-05 0.71983 9.98684E-05 9.98684E-05 9.98684E-05
9.98418E-05 9.98418E-05 9.98418E-05 9.98418E-05 9.98418E-05 9.98418E-05 0.998203 9.98418E-05 9.98418E-05 9.98418E-05 9.98418E-05 9.98418E-05 9.98418E-05 9.98418E-05 9.98418E-05 9.98418E-05 9.98418E-05 9.98418E-05 9.98418E-05
9.98418E-05 0.998203 9.98418E-05 9.98418E-05 9.98418E-05 9.98418E-05 9.98418E-05 9.98418E-05 9.98418E-05 9.98418E-05 9.98418E-05 9.98418E-05 9.98418E-05 9.98418E-05 9.98418E-05 9.98418E-05 9.98418E-05 9.98418E-05 9.98418E-05
9.98417E-05 9.98417E-05 9.98417E-05 9.98417E-05 9.98417E-05 9.98417E-05 0.998203 9.98417E-05 9.98417E-05 9.98417E-05 9.98417E-05 9.98417E-05 9.98417E-05 9.98417E-05 9.98417E-05 9.98417E-05 9.98417E-05 9.98417E-05 9.98417E-05
9.98418E-05 0.998203 9.98418E-05 9.98418E-05 9.98418E-05 9.98418E-05 9.98418E-05 9.98418E-05 9.98418E-05 9.98418E-05 9.98418E-05 9.98418E-05 9.98418E-05 9.98418E-05 9.98418E-05 9.98418E-05 9.98418E-05 9.98418E-05 9.98418E-05
9.98418E-05 0.998203 9.98418E-05 9.98418E-05 9.98418E-05 9.98418E-05 9.98418E-05 9.98418E-05 9.98418E-05 9.98418E-05 9.98418E-05 9.98418E-05 9.98418E-05 9.98418E-05 9.98418E-05 9.98418E-05 9.98418E-05 9.98418E-05 9.98418E-05
9.98418E-05 0.998203 9.98418E-05 9.98418E-05 9.98418E-05 9.98418E-05 9.98418E-05 9.98418E-05 9.98418E-05 9.98418E-05 9.98418E-05 9.98418E-05 9.98418E-05 9.98418E-05 9.98418E-05 9.98418E-05 9.98418E-05 9.98418E-05 9.98418E-05
9.98417E-05 9.98417E-05 9.98417E-05 9.98417E-05 9.98417E-05 9.98417E-05 0.998203 9.98417E-05 9.98417E-05 9.98417E-05 9.98417E-05 9.98417E-05 9.98417E-05 9.98417E-05 9.98417E-05 9.98417E-05 9.98417E-05 9.98417E-05 9.98417E-05
9.98418E-05 0.998203 9.98418E-05 9.98418E-05 9.98418E-05 9.98418E-05 9.98418E-05 9.98418E-05 9.98418E-05 9.98418E-05 9.98418E-05 9.98418E-05 9.98418E-05 9.98418E-05 9.98418E-05 9.98418E-05 9.98418E-05 9.98418E-05 9.98418E-05
9.98418E-05 0.998203 9.98418E-05 9.98418E-05 9.98418E-05 9.98418E-05 9.98418E-05 9.98418E-05 9.98418E-05 9.98418E-05 9.98418E-05 9.98418E-05 9.98418E-05 9.98418E-05 9.98418E-05 9.98418E-05 9.98418E-05 9.98418E-05 9.98418E-05
9.98418E-05 9.98418E-05 9.98418E-05 9.98418E-05 9.98418E-05 9.98418E-05 0.998203 9.98418E-05 9.98418E-05 9.98418E-05 9.98418E-05 9.98418E-05 9.98418E-05 9.98418E-05 9.98418E-05 9.98418E-05 9.98418E-05 9.98418E-05 9.98418E-05
9.98418E-05 9.98418E-05 9.98418E-05 9.98418E-05 9.98418E-05 9.98418E-05 0.998203 9.98418E-05 9.98418E-05 9.98418E-05 9.98418E-05 9.98418E-05 9.98418E-05 9.98418E-05 9.98418E-05 9.98418E-05 9.98418E-05 9.98418E-05 9.98418E-05
9.98416E-05 9.98416E-05 9.98416E-05 9.98416E-05 9.98416E-05 9.98416E-05 0.998203 9.98416E-05 9.98416E-05 9.98416E-05 9.98416E-05 9.98416E-05 9.98416E-05 9.98416E-05 9.98416E-05 9.98416E-05 9.98416E-05 9.98416E-05 9.98416E-05
9.98417E-05 0.998203 9.98417E-05 9.98417E-05 9.98417E-05 9.98417E-05 9.98417E-05 9.98417E-05 9.98417E-05 9.98417E-05 9.98417E-05 9.98417E-05 9.98417E-05 9.98417E-05 9.98417E-05 9.98417E-05 9.98417E-05 9.98417E-05 9.98417E-05
9.98418E-05 0.998203 9.98418E-05 9.98418E-05 9.98418E-05 9.98418E-05 9.98418E-05 9.98418E-05 9.98418E-05 9.98418E-05 9.98418E-05 9.98418E-05 9.98418E-05 9.98418E-05 9.98418E-05 9.98418E-05 9.98418E-05 9.98418E-05 9.98418E-05
9.98419E-05 9.98419E-05 9.98419E-05 9.98419E-05 9.98419E-05 9.98419E-05 0.998203 9.98419E-05 9.98419E-05 9.98419E-05 9.98419E-05 9.98419E-05 9.98419E-05 9.98419E-05 9.98419E-05 9.98419E-05 9.98419E-05 9.98419E-05 9.98419E-05
9.98417E-05 9.98417E-05 9.98417E-05 9.98417E-05 9.98417E-05 9.98417E-05 0.998203 9.98417E-05 9.98417E-05 9.98417E-05 9.98417E-05 9.98417E-05 9.98417E-05 9.98417E-05 9.98417E-05 9.98417E-05 9.98417E-05 9.98417E-05 9.98417E-05
9.99122E-05 0.0305129 0.0333478 0.0106984 9.99122E-05 9.99122E-05 0.144698 9.99122E-05 9.99122E-05 0.123172 9.99122E-05 0.031033 9.99122E-05 9.99122E-05 0.0778159 0.547412 9.99122E-05 0.000310907 9.99122E-05
9.98506E-05 9.98506E-05 9.98506E-05 0.00826668 9.98506E-05 9.98506E-05 0.990036 9.98506E-05 9.98506E-05 9.98506E-05 9.98506E-05 9.98506E-05 9.98506E-05 9.98506E-05 9.98506E-05 9.98506E-05 9.98506E-05 9.98506E-05 9.98506E-05
9.98419E-05 0.998203 9.98419E-05 9.98419E-05 9.98419E-05 9.98419E-05 9.98419E-05 9.98419E-05 9.98419E-05 9.98419E-05 9.98419E-05 9.98419E-05 9.98419E-05 9.98419E-05 9.98419E-05 9.98419E-05 9.98419E-05 9.98419E-05 9.98419E-05
9.98418E-05 9.98418E-05 9.98418E-05 9.98418E-05 9.98418E-05 9.98418E-05 0.998203 9.98418E-05 9.98418E-05 9.98418E-05 9.98418E-05 9.98418E-05 9.98418E-05 9.98418E-05 9.98418E-05 9.98418E-05 9.98418E-05 9.98418E-05 9.98418E-05
9.98418E-05 9.98418E-05 9.98418E-05 9.98418E-05 9.98418E-05 9.98418E-05 0.998203 9.98418E-05 9.98418E-05 9.98418E-05 9.98418E-05 9.98418E-05 9.98418E-05 9.98418E-05 9.98418E-05 9.98418E-05 9.98418E-05 9.98418E-05 9.98418E-05
9.98418E-05 9.98418E-05 9.98418E-05 9.98418E-05 9.98418E-05 9.98418E-05 0.998203 9.98418E-05 9.98418E-05 9.98418E-05 9.98418E-05 9.98418E-05 9.98418E-05 9.98418E-05 9.98418E-05 9.98418E-05 9.98418E-05 9.98418E-05 9.98418E-05
9.98418E-05 0.998203 9.98418E-05 9.98418E-05 9.98418E-05 9.98418E-05 9.98418E-05 9.98418E-05 9.98418E-05 9.98418E-05 9.98418E-05 9.98418E-05 9.98418E-05 9.98418E-05 9.98418E-05 9.98418E-05 9.98418E-05 9.98418E-05 9.98418E-05
9.98417E-05 9.98417E-05 9.98417E-05 9.98417E-05 9.98417E-05 9.98417E-05 0.998203 9.98417E-05 9.98417E-05 9.98417E-05 9.98417E-05 9.98417E-05 9.98417E-05 9.98417E-05 9.98417E-05 9.98417E-05 9.98417E-05 9.98417E-05 9.98417E-05
9.98418E-05 0.998203 9.98418E-05 9.98418E-05 9.98418E-05 9.98418E-05 9.98418E-05 9.98418E-05 9.98418E-05 9.98418E-05 9.98418E-05 9.98418E-05 9.98418E-05 9.98418E-05 9.98418E-05 9.98418E-05 9.98418E-05 9.98418E-05 9.98418E-05
9.98419E-05 9.98419E-05 9.98419E-05 9.98419E-05 9.98419E-05 9.98419E-05 0.998203 9.98419E-05 9.98419E-05 9.98419E-05 9.98419E-05 9.98419E-05 9.98419E-05 9.98419E-05 9.98419E-05 9.98419E-05 9.98419E-05 9.98419E-05 9.98419E-05
9.98417E-05 9.98417E-05 9.98417E-05 9.98417E-05 9.98417E-05 9.98417E-05 0.998203 9.98417E-05 9.98417E-05 9.98417E-05 9.98417E-05 9.98417E-05 9.98417E-05 9.98417E-05 9.98417E-05 9.98417E-05 9.98417E-05 9.98417E-05 9.98417E-05
9.98417E-05 0.998203 9.98417E-05 9.98417E-05 9.98417E-05 9.98417E-05 9.98417E-05 9.98417E-05 9.98417E-05 9.98417E-05 9.98417E-05 9.98417E-05 9.98417E-05 9.98417E-05 9.98417E-05 9.98417E-05 9.98417E-05 9.98417E-05 9.98417E-05
9.98417E-05 0.998203 9.98417E-05 9.98417E-05 9.98417E-05 9.98417E-05 9.98417E-05 9.98417E-05 9.98417E-05 9.98417E-05 9.98417E-05 9.98417E-05 9.98417E-05 9.98417E-05 9.98417E-05 9.98417E-05 9.98417E-05 9.98417E-05 9.98417E-05
9.98418E-05 0.998203 9.98418E-05 9.98418E-05 9.98418E-05 9.98418E-05 9.98418E-05 9.98418E-05 9.98418E-05 9.98418E-05 9.98418E-05 9.98418E-05 9.98418E-05 9.98418E-05 9.98418E-05 9.98418E-05 9.98418E-05 9.98418E-05 9.98418E-05
9.98418E-05 9.98418E-05 9.98418E-05 9.98418E-05 9.98418E-05 9.98418E-05 0.998203 9.98418E-05 9.98418E-05 9.98418E-05 9.98418E-05 9.98418E-05 9.98418E-05 9.98418E-05 9.98418E-05 9.98418E-05 9.98418E-05 9.98418E-05 9.98418E-05
9.98417E-05 9.98417E-05 9.98417E-05 9.98417E-05 9.98417E-05 9.98417E-05 0.998203 9.98417E-05 9.98417E-05 9.98417E-05 9.98417E-05 9.98417E-05 9.98417E-05 9.98417E-05 9.98417E-05 9.98417E-05 9.98417E-05 9.98417E-05 9.98417E-05
9.98417E-05 9.98417E-05 9.98417E-05 9.98417E-05 9.98417E-05 9.98417E-05 0.998203 9.98417E-05 9.98417E-05 9.98417E-05 9.98417E-05 9.98417E-05 9.98417E-05 9.98417E-05 9.98417E-05 9.98417E-05 9.98417E-05 9.98417E-05 9.98417E-05
9.98417E-05 9.98417E-05 9.98417E-05 9.98417E-05 9.98417E-05 9.98417E-05 0.998203 9.98417E-05 9.98417E-05 9.98417E-05 9.98417E-05 9.98417E-05 9.98417E-05 9.98417E-05 9.98417E-05 9.98417E-05 9.98417E-05 9.98417E-05 9.98417E-05
9.98418E-05 9.98418E-05 9.98418E-05 9.98418E-05 9.98418E-05 9.98418E-05 0.998203 9.98418E-05 9.98418E-05 9.98418E-05 9.98418E-05 9.98418E-05 9.98418E-05 9.98418E-05 9.98418E-05 9.98418E-05 9.98418E-05 9.98418E-05 9.98418E-05
9.98417E-05 0.998203 9.98417E-05 9.98417E-05 9.98417E-05 9.98417E-05 9.98417E-05 9.98417E-05 9.98417E-05 9.98417E-05 9.98417E-05 9.98417E-05 9.98417E-05 9.98417E-05 9.98417E-05 9.98417E-05 9.98417E-05 9.98417E-05 9.98417E-05
