0.255268 9.98858E-05 0.0383749 9.98858E-05 0.0120997 9.98858E-05 9.98858E-05 9.98858E-05 9.98858E-05 9.98858E-05 9.98858E-05 9.98858E-05 9.98858E-05 0.0890238 9.98858E-05 0.0773558 9.98858E-05 0.352443 9.98858E-05 0.174136
0.0401683 9.98947E-05 0.0350818 9.98947E-05 0.0180407 9.98947E-05 9.98947E-05 0.0537278 9.98947E-05 9.98947E-05 9.98947E-05 9.98947E-05 0.115169 0.0297449 9.98947E-05 0.0355513 9.98947E-05 0.671318 9.98947E-05 9.98947E-05
9.98771E-05 9.98771E-05 9.98771E-05 9.98771E-05 0.0226818 9.98771E-05 0.00857908 9.98771E-05 0.0472466 9.98771E-05 9.98771E-05 9.98771E-05 9.98771E-05 0.0320835 9.98771E-05 9.98771E-05 9.98771E-05 0.862785 9.98771E-05 0.0252256
0.0163593 9.99385E-05 0.0707945 9.99385E-05 9.99385E-05 0.0379489 0.0127791 0.169303 0.0739245 0.0562694 0.122587 9.99385E-05 9.99385E-05 0.00898043 0.001508 0.103931 9.99385E-05 0.180744 9.99385E-05 0.144172
9.98684E-05 9.98684E-05 9.98684E-05 0.0198102 9.98684E-05 9.98684E-05 0.0272175 9.98684E-05 0.122187 9.98684E-05 9.98684E-05 9.98684E-05 9.98684E-05 9.98684E-05 9.98684E-05 0.00708232 9.98684E-05 0.822205 9.98684E-05 9.98684E-05
0.123128 9.98859E-05 9.98859E-05 0.186199 9.98859E-05 9.98859E-05 0.0542889 9.98859E-05 0.262437 9.98859E-05 9.98859E-05 9.98859E-05 0.0194307 9.98859E-05 0.13056 9.98859E-05 9.98859E-05 0.222658 9.98859E-05 9.98859E-05
0.0878411 9.99035E-05 0.11169 0.0708544 9.99035E-05 9.99035E-05 9.99035E-05 0.0889183 9.99035E-05 0.101826 9.99035E-05 9.99035E-05 0.10227 0.0109983 9.99035E-05 9.99035E-05 9.99035E-05 0.276047 9.99035E-05 0.148457
0.120264 9.99035E-05 9.99035E-05 0.0610249 9.99035E-05 0.0225307 0.0939316 9.99035E-05 0.145699 9.99035E-05 9.99035E-05 0.0989933 9.99035E-05 9.99035E-05 0.0979601 9.99035E-05 9.99035E-05 0.120069 9.99035E-05 0.238429
9.98859E-05 9.98859E-05 9.98859E-05 9.98859E-05 0.165082 9.98859E-05 0.0343278 9.98859E-05 0.0373645 9.98859E-05 9.98859E-05 9.98859E-05 9.98859E-05 0.268635 0.162943 9.98859E-05 9.98859E-05 0.288988 9.98859E-05 0.0413607
9.98596E-05 9.98596E-05 9.98596E-05 9.98596E-05 0.00678231 0.0252949 9.98596E-05 9.98596E-05 9.98596E-05 9.98596E-05 9.98596E-05 9.98596E-05 9.98596E-05 0.0959287 9.98596E-05 9.98596E-05 9.98596E-05 0.870396 9.98596E-05 9.98596E-05
0.11976 9.98771E-05 0.144457 9.98771E-05 9.98771E-05 9.98771E-05 9.98771E-05 9.98771E-05 9.98771E-05 9.98771E-05 9.98771E-05 9.98771E-05 9.98771E-05 0.180984 0.00889748 9.98771E-05 9.98771E-05 0.479485 9.98771E-05 0.0650184
9.98772E-05 9.98772E-05 0.0166685 0.0290829 9.98772E-05 9.98772E-05 0.0199024 0.0300803 9.98772E-05 9.98772E-05 9.98772E-05 0.00678248 9.98772E-05 9.98772E-05 9.98772E-05 9.98772E-05 9.98772E-05 0.896085 9.98772E-05 9.98772E-05
9.98508E-05 9.98508E-05 9.98508E-05 9.98508E-05 9.98508E-05 9.98508E-05 9.98508E-05 9.98508E-05 9.98508E-05 9.98508E-05 9.98508E-05 9.98508E-05 9.98508E-05 0.0492408 9.98508E-05 9.98508E-05 9.98508E-05 0.730547 9.98508E-05 0.218515
9.98947E-05 9.98947E-05 0.0546942 9.98947E-05 9.98947E-05 9.98947E-05 9.98947E-05 9.98947E-05 9.98947E-05 0.0244508 0.221385 9.98947E-05 9.98947E-05 0.0138434 9.98947E-05 9.98947E-05 0.0812883 0.544829 0.0114916 0.0468187
0.135245 9.99035E-05 9.99035E-05 9.99035E-05 0.0235638 9.99035E-05 9.99035E-05 0.0411821 0.0878832 9.99035E-05 9.99035E-05 9.99035E-05 9.99035E-05 0.190603 0.146128 0.00866987 0.111465 0.254161 9.99035E-05 9.99035E-05
0.0850241 9.99122E-05 9.99122E-05 0.00715433 9.99122E-05 9.99122E-05 9.99122E-05 0.105737 0.0412923 9.99122E-05 9.99122E-05 0.158863 9.99122E-05 0.117468 0.166557 0.00761518 9.99122E-05 0.214712 9.99122E-05 0.0945764
9.98947E-05 9.98947E-05 0.0629123 9.98947E-05 9.98947E-05 9.98947E-05 9.98947E-05 0.0318278 9.98947E-05 9.98947E-05 9.98947E-05 0.0396562 0.077313 0.076402 9.98947E-05 9.98947E-05 9.98947E-05 0.509401 0.171278 0.0300113
0.227714 0.176011 9.98947E-05 9.98947E-05 0.0263161 0.126046 9.98947E-05 9.98947E-05 0.0628124 9.98947E-05 9.98947E-05 9.98947E-05 9.98947E-05 0.0698144 9.98947E-05 9.98947E-05 9.98947E-05 0.116923 9.98947E-05 0.193164
9.98771E-05 9.98771E-05 9.98771E-05 0.159587 9.98771E-05 9.98771E-05 9.98771E-05 9.98771E-05 9.98771E-05 9.98771E-05 9.98771E-05 9.98771E-05 9.98771E-05 0.184556 0.116971 9.98771E-05 0.0196981 0.337897 9.98771E-05 0.179894
9.98509E-05 9.98509E-05 9.98509E-05 0.0216284 9.98509E-05 9.98509E-05 9.98509E-05 0.0485607 9.98509E-05 9.98509E-05 9.98509E-05 9.98509E-05 9.98509E-05 9.98509E-05 9.98509E-05 9.98509E-05 9.98509E-05 0.928113 9.98509E-05 9.98509E-05
9.99035E-05 9.99035E-05 0.0576473 9.99035E-05 0.00463388 9.99035E-05 0.0652115 0.0335464 9.99035E-05 9.99035E-05 0.0887794 0.236684 9.99035E-05 0.0205228 0.10889 9.99035E-05 9.99035E-05 0.382985 9.99035E-05 9.99035E-05
9.9886E-05 9.9886E-05 9.9886E-05 0.145896 9.9886E-05 9.9886E-05 0.030496 9.9886E-05 0.0487003 9.9886E-05 0.0525396 9.9886E-05 9.9886E-05 9.9886E-05 0.0801699 9.9886E-05 9.9886E-05 0.214995 9.9886E-05 0.425904
0.289801 0.014366 9.98684E-05 9.98684E-05 9.98684E-05 9.98684E-05 9.98684E-05 9.98684E-05 0.141881 9.98684E-05 9.98684E-05 9.98684E-05 9.98684E-05 0.0403531 9.98684E-05 9.98684E-05 9.98684E-05 0.512101 9.98684E-05 9.98684E-05
0.020287 9.98684E-05 9.98684E-05 9.98684E-05 9.98684E-05 9.98684E-05 9.98684E-05 9.98684E-05 9.98684E-05 9.98684E-05 9.98684E-05 0.0579551 9.98684E-05 0.254486 9.98684E-05 9.98684E-05 9.98684E-05 0.327398 9.98684E-05 0.338376
9.98771E-05 9.98771E-05 9.98771E-05 9.98771E-05 9.98771E-05 9.98771E-05 9.98771E-05 9.98771E-05 9.98771E-05 9.98771E-05 0.245475 9.98771E-05 9.98771E-05 0.258933 0.0346063 0.116563 0.062491 0.280534 9.98771E-05 9.98771E-05
9.98684E-05 9.98684E-05 9.98684E-05 9.98684E-05 9.98684E-05 9.98684E-05 9.98684E-05 0.0627431 0.0714203 9.98684E-05 9.98684E-05 9.98684E-05 9.98684E-05 0.109475 9.98684E-05 9.98684E-05 9.98684E-05 0.695906 9.98684E-05 0.0589578
9.98859E-05 9.98859E-05 9.98859E-05 9.98859E-05 9.98859E-05 0.0955539 9.98859E-05 9.98859E-05 0.257476 9.98859E-05 0.0908942 0.0422472 9.98859E-05 0.0823289 9.98859E-05 9.98859E-05 9.98859E-05 0.00673855 9.98859E-05 0.423463
9.98859E-05 9.98859E-05 0.0166133 0.0258147 9.98859E-05 9.98859E-05 9.98859E-05 0.0511515 9.98859E-05 9.98859E-05 0.0381586 9.98859E-05 9.98859E-05 0.0139104 9.98859E-05 9.98859E-05 9.98859E-05 0.713332 9.98859E-05 0.139721
0.0580938 9.98773E-05 0.0447524 9.98773E-05 9.98773E-05 9.98773E-05 9.98773E-05 9.98773E-05 9.98773E-05 9.98773E-05 0.125313 9.98773E-05 9.98773E-05 0.187327 9.98773E-05 9.98773E-05 9.98773E-05 0.498048 9.98773E-05 0.0850682
9.98947E-05 9.98947E-05 0.0547989 9.98947E-05 0.0756787 9.98947E-05 9.98947E-05 9.98947E-05 0.0836961 0.0147693 9.98947E-05 9.98947E-05 9.98947E-05 0.0279561 9.98947E-05 9.98947E-05 0.00554223 0.67691 0.0594499 9.98947E-05
0.0666387 9.99034E-05 0.129031 0.0175184 9.99034E-05 0.0451729 9.99034E-05 9.99034E-05 9.99034E-05 9.99034E-05 9.99034E-05 9.99034E-05 9.99034E-05 0.0174956 0.0577086 0.0261022 0.0596939 0.57954 9.99034E-05 9.99034E-05
9.98948E-05 9.98948E-05 0.0482028 0.0676187 9.98948E-05 9.98948E-05 9.98948E-05 9.98948E-05 9.98948E-05 0.015564 0.255722 9.98948E-05 9.98948E-05 0.0508381 0.0131531 9.98948E-05 9.98948E-05 0.492503 9.98948E-05 0.0551997
0.105367 9.99035E-05 0.0602737 9.99035E-05 9.99035E-05 9.99035E-05 9.99035E-05 0.00666749 9.99035E-05 0.00258736 0.0545453 0.0715691 9.99035E-05 0.166066 9.99035E-05 9.99035E-05 9.99035E-05 0.399569 9.99035E-05 0.132256
9.99122E-05 9.99122E-05 0.000707448 9.99122E-05 0.00450671 0.0211281 9.99122E-05 0.0151851 0.121713 0.0268008 0.0706899 9.99122E-05 9.99122E-05 0.120722 9.99122E-05 9.99122E-05 9.99122E-05 0.490495 9.99122E-05 0.127054
9.98772E-05 9.98772E-05 0.0347751 9.98772E-05 9.98772E-05 9.98772E-05 9.98772E-05 9.98772E-05 9.98772E-05 9.98772E-05 9.98772E-05 9.98772E-05 0.100066 0.0183825 9.98772E-05 0.124186 9.98772E-05 0.715153 9.98772E-05 0.00603971
0.00767085 0.0334369 9.98948E-05 9.98948E-05 9.98948E-05 9.98948E-05 9.98948E-05 0.137081 9.98948E-05 9.98948E-05 9.98948E-05 9.98948E-05 0.0680184 0.077843 0.00655468 9.98948E-05 9.98948E-05 0.593055 9.98948E-05 0.0751407
9.98597E-05 9.98597E-05 9.98597E-05 0.108829 9.98597E-05 9.98597E-05 9.98597E-05 9.98597E-05 9.98597E-05 0.0250452 9.98597E-05 9.98597E-05 0.0305092 9.98597E-05 9.98597E-05 9.98597E-05 9.98597E-05 0.834019 9.98597E-05 9.98597E-05
9.98685E-05 9.98685E-05 9.98685E-05 9.98685E-05 9.98685E-05 9.98685E-05 9.98685E-05 9.98685E-05 9.98685E-05 9.98685E-05 9.98685E-05 9.98685E-05 9.98685E-05 0.1137 0.18422 0.0560052 9.98685E-05 0.633768 0.0108088 9.98685E-05
9.99035E-05 9.99035E-05 0.0229634 0.00205879 9.99035E-05 9.99035E-05 0.0875163 9.99035E-05 0.00157973 9.99035E-05 9.99035E-05 9.99035E-05 0.0778773 0.156735 9.99035E-05 9.99035E-05 9.99035E-05 0.523652 0.0727796 0.0537383
9.98771E-05 9.98771E-05 9.98771E-05 0.0265079 9.98771E-05 9.98771E-05 9.98771E-05 9.98771E-05 0.131309 9.98771E-05 9.98771E-05 0.121915 9.98771E-05 0.156048 9.98771E-05 9.98771E-05 9.98771E-05 0.553138 9.98771E-05 0.00968482
9.98597E-05 9.98597E-05 9.98597E-05 0.0247399 9.98597E-05 9.98597E-05 9.98597E-05 9.98597E-05 9.98597E-05 9.98597E-05 9.98597E-05 9.98597E-05 9.98597E-05 0.0583161 9.98597E-05 9.98597E-05 9.98597E-05 0.775875 9.98597E-05 0.139471
9.98687E-05 9.98687E-05 9.98687E-05 9.98687E-05 9.98687E-05 9.98687E-05 9.98687E-05 9.98687E-05 9.98687E-05 9.98687E-05 9.98687E-05 9.98687E-05 0.0651617 0.0578359 0.00929001 9.98687E-05 9.98687E-05 0.60481 9.98687E-05 0.261404
9.98859E-05 9.98859E-05 9.98859E-05 0.0194779 9.98859E-05 9.98859E-05 9.98859E-05 9.98859E-05 0.00351787 9.98859E-05 0.00424806 9.98859E-05 0.00108438 9.98859E-05 9.98859E-05 9.98859E-05 9.98859E-05 0.759133 0.0547565 0.156484
0.22052 9.98859E-05 0.0288979 9.98859E-05 0.0391902 9.98859E-05 9.98859E-05 9.98859E-05 9.98859E-05 9.98859E-05 9.98859E-05 9.98859E-05 9.98859E-05 0.176109 0.108624 9.98859E-05 9.98859E-05 0.331037 9.98859E-05 0.0943243
9.98685E-05 9.98685E-05 9.98685E-05 0.0840127 9.98685E-05 9.98685E-05 0.0157607 9.98685E-05 9.98685E-05 9.98685E-05 9.98685E-05 9.98685E-05 9.98685E-05 0.201376 9.98685E-05 9.98685E-05 9.98685E-05 0.217774 9.98685E-05 0.479579
9.98771E-05 0.04346 9.98771E-05 0.0141635 9.98771E-05 9.98771E-05 9.98771E-05 0.0353834 9.98771E-05 9.98771E-05 9.98771E-05 9.98771E-05 9.98771E-05 0.034381 9.98771E-05 9.98771E-05 9.98771E-05 0.831349 9.98771E-05 0.0398651
9.98771E-05 9.98771E-05 0.020182 9.98771E-05 9.98771E-05 0.0230524 9.98771E-05 0.088123 9.98771E-05 9.98771E-05 9.98771E-05 9.98771E-05 9.98771E-05 0.0834672 0.0127458 9.98771E-05 9.98771E-05 0.771031 9.98771E-05 9.98771E-05
9.98597E-05 9.98597E-05 9.98597E-05 9.98597E-05 9.98597E-05 0.00240714 9.98597E-05 9.98597E-05 9.98597E-05 0.0388228 9.98597E-05 9.98597E-05 9.98597E-05 0.0627666 9.98597E-05 9.98597E-05 9.98597E-05 0.894406 9.98597E-05 9.98597E-05
0.0414717 9.98771E-05 0.0422879 0.0391007 9.98771E-05 9.98771E-05 9.98771E-05 9.98771E-05 9.98771E-05 9.98771E-05 9.98771E-05 9.98771E-05 9.98771E-05 0.138134 9.98771E-05 9.98771E-05 9.98771E-05 0.626175 9.98771E-05 0.111432
9.98862E-05 9.98862E-05 0.0744411 9.98862E-05 9.98862E-05 0.0990264 9.98862E-05 9.98862E-05 0.0417773 0.0431406 9.98862E-05 9.98862E-05 9.98862E-05 9.98862E-05 0.0553079 9.98862E-05 0.0140246 0.670984 9.98862E-05 9.98862E-05
0.0520556 9.99035E-05 0.175809 9.99035E-05 9.99035E-05 9.99035E-05 9.99035E-05 0.00671435 0.135 9.99035E-05 9.99035E-05 9.99035E-05 9.99035E-05 0.220906 0.0449533 0.0485957 9.99035E-05 0.275828 9.99035E-05 0.0390393
9.98772E-05 0.0165037 9.98772E-05 9.98772E-05 0.0739248 9.98772E-05 9.98772E-05 0.141105 0.0556353 9.98772E-05 9.98772E-05 9.98772E-05 9.98772E-05 9.98772E-05 9.98772E-05 9.98772E-05 9.98772E-05 0.5368 9.98772E-05 0.174633
9.98772E-05 9.98772E-05 9.98772E-05 9.98772E-05 9.98772E-05 0.0233111 9.98772E-05 9.98772E-05 9.98772E-05 9.98772E-05 0.153462 9.98772E-05 9.98772E-05 9.98772E-05 0.00568202 9.98772E-05 0.0256414 0.788048 9.98772E-05 0.00245741
0.0354945 9.99123E-05 9.99123E-05 9.99123E-05 9.99123E-05 9.99123E-05 0.0196631 9.99123E-05 0.0526689 9.99123E-05 9.99123E-05 0.225104 9.99123E-05 0.0324977 0.0124824 0.00486002 0.0121337 0.600843 9.99123E-05 0.0032538
9.98598E-05 9.98598E-05 9.98598E-05 9.98598E-05 9.98598E-05 9.98598E-05 9.98598E-05 9.98598E-05 9.98598E-05 9.98598E-05 9.98598E-05 9.98598E-05 9.98598E-05 0.12697 9.98598E-05 0.0130632 0.190821 0.667547 9.98598E-05 9.98598E-05
0.0374343 9.98685E-05 0.0381696 9.98685E-05 9.98685E-05 9.98685E-05 9.98685E-05 9.98685E-05 0.101786 9.98685E-05 9.98685E-05 9.98685E-05 9.98685E-05 9.98685E-05 9.98685E-05 0.142639 9.98685E-05 0.678472 9.98685E-05 9.98685E-05
9.98859E-05 9.98859E-05 9.98859E-05 0.0413504 9.98859E-05 0.105463 9.98859E-05 9.98859E-05 9.98859E-05 9.98859E-05 9.98859E-05 0.0206073 0.0414097 0.00327794 9.98859E-05 9.98859E-05 9.98859E-05 0.686171 9.98859E-05 0.100422
9.98685E-05 9.98685E-05 0.00715959 9.98685E-05 9.98685E-05 9.98685E-05 9.98685E-05 0.221515 9.98685E-05 9.98685E-05 0.0147676 9.98685E-05 9.98685E-05 0.0634344 9.98685E-05 9.98685E-05 9.98685E-05 0.691626 9.98685E-05 9.98685E-05
9.98859E-05 9.98859E-05 0.0188498 9.98859E-05 9.98859E-05 9.98859E-05 9.98859E-05 9.98859E-05 9.98859E-05 0.0441336 9.98859E-05 0.0092721 0.0102709 0.0330421 0.00714077 9.98859E-05 9.98859E-05 0.875992 9.98859E-05 9.98859E-05
0.730691 9.98682E-05 0.00407745 9.98682E-05 9.98682E-05 9.98682E-05 9.98682E-05 9.98682E-05 9.98682E-05 9.98682E-05 0.146699 9.98682E-05 9.98682E-05 0.0957066 0.0213282 9.98682E-05 9.98682E-05 9.98682E-05 9.98682E-05 9.98682E-05
0.970736 9.98423E-05 9.98423E-05 9.98423E-05 9.98423E-05 9.98423E-05 9.98423E-05 9.98423E-05 9.98423E-05 9.98423E-05 9.98423E-05 9.98423E-05 9.98423E-05 9.98423E-05 9.98423E-05 0.0274664 9.98423E-05 9.98423E-05 9.98423E-05 9.98423E-05
0.962175 9.98596E-05 9.98596E-05 9.98596E-05 9.98596E-05 0.0247275 9.98596E-05 9.98596E-05 9.98596E-05 0.00101802 9.98596E-05 9.98596E-05 9.98596E-05 9.98596E-05 9.98596E-05 9.98596E-05 9.98596E-05 9.98596E-05 0.0104818 9.98596E-05
0.294461 9.98859E-05 0.0462145 9.98859E-05 9.98859E-05 9.98859E-05 9.98859E-05 9.98859E-05 9.98859E-05 0.0584122 0.15597 9.98859E-05 0.251902 0.0530927 0.138649 9.98859E-05 9.98859E-05 9.98859E-05 9.98859E-05 9.98859E-05
0.653883 0.0612099 9.98944E-05 0.0360703 9.98944E-05 0.0130826 9.98944E-05 9.98944E-05 9.98944E-05 0.0292826 9.98944E-05 9.98944E-05 9.98944E-05 0.0376691 0.0804792 9.98944E-05 9.98944E-05 9.98944E-05 9.98944E-05 0.0871249
0.670827 9.98769E-05 9.98769E-05 9.98769E-05 0.070437 9.98769E-05 9.98769E-05 9.98769E-05 9.98769E-05 9.98769E-05 9.98769E-05 9.98769E-05 9.98769E-05 0.14153 0.0199984 9.98769E-05 0.0011433 9.98769E-05 9.98769E-05 0.0946667
0.550892 9.98682E-05 0.0276051 9.98682E-05 9.98682E-05 9.98682E-05 9.98682E-05 0.0173392 9.98682E-05 9.98682E-05 9.98682E-05 9.98682E-05 0.208979 0.193686 9.98682E-05 9.98682E-05 9.98682E-05 9.98682E-05 9.98682E-05 9.98682E-05
0.579102 9.98945E-05 9.98945E-05 0.0198105 9.98945E-05 0.11733 9.98945E-05 9.98945E-05 0.128917 0.00680454 9.98945E-05 9.98945E-05 0.0958264 0.0167082 0.0343027 9.98945E-05 9.98945E-05 9.98945E-05 9.98945E-05 9.98945E-05
0.86997 9.98597E-05 9.98597E-05 9.98597E-05 9.98597E-05 9.98597E-05 9.98597E-05 9.98597E-05 9.98597E-05 9.98597E-05 0.0737879 9.98597E-05 0.0109954 9.98597E-05 0.0436487 9.98597E-05 9.98597E-05 9.98597E-05 9.98597E-05 9.98597E-05
0.927787 9.98507E-05 0.0482416 9.98507E-05 9.98507E-05 9.98507E-05 9.98507E-05 9.98507E-05 9.98507E-05 9.98507E-05 9.98507E-05 9.98507E-05 9.98507E-05 0.0222735 9.98507E-05 9.98507E-05 9.98507E-05 9.98507E-05 9.98507E-05 9.98507E-05
0.466549 9.98682E-05 0.178761 0.0412368 9.98682E-05 9.98682E-05 9.98682E-05 9.98682E-05 9.98682E-05 9.98682E-05 9.98682E-05 9.98682E-05 9.98682E-05 0.263161 0.0487939 9.98682E-05 9.98682E-05 9.98682E-05 9.98682E-05 9.98682E-05
0.483087 9.99143E-05 0.0702712 0.0205542 9.99143E-05 9.99143E-05 9.99143E-05 0.000774588 9.99143E-05 0.0425493 9.99143E-05 9.99143E-05 0.021927 0.0398846 0.00872835 9.99143E-05 0.146017 9.99143E-05 9.99143E-05 0.165207
0.447713 9.99209E-05 0.0847062 0.00970435 9.99209E-05 0.0180894 0.0339353 0.0129837 0.115968 0.00464135 9.99209E-05 0.0678727 9.99209E-05 9.99209E-05 0.131149 0.0723375 9.99209E-05 9.99209E-05 9.99209E-05 9.99209E-05
0.508074 9.9877E-05 9.9877E-05 0.0212665 9.9877E-05 9.9877E-05 9.9877E-05 9.9877E-05 9.9877E-05 0.0313113 9.9877E-05 9.9877E-05 0.0273835 0.267765 9.9877E-05 9.9877E-05 9.9877E-05 9.9877E-05 9.9877E-05 0.142801
0.965597 9.9851E-05 0.0142498 9.9851E-05 9.9851E-05 9.9851E-05 9.9851E-05 9.9851E-05 9.9851E-05 9.9851E-05 9.9851E-05 0.0184562 9.9851E-05 9.9851E-05 9.9851E-05 9.9851E-05 9.9851E-05 9.9851E-05 9.9851E-05 9.9851E-05
0.941321 9.9851E-05 9.9851E-05 9.9851E-05 9.9851E-05 9.9851E-05 9.9851E-05 0.00593577 9.9851E-05 9.9851E-05 9.9851E-05 9.9851E-05 9.9851E-05 9.9851E-05 0.0510456 9.9851E-05 9.9851E-05 9.9851E-05 9.9851E-05 9.9851E-05
0.652818 9.98594E-05 9.98594E-05 0.169319 9.98594E-05 9.98594E-05 9.98594E-05 9.98594E-05 0.0980454 0.0782192 9.98594E-05 9.98594E-05 9.98594E-05 9.98594E-05 9.98594E-05 9.98594E-05 9.98594E-05 9.98594E-05 9.98594E-05 9.98594E-05
0.603481 9.9877E-05 0.140736 0.0709767 9.9877E-05 9.9877E-05 9.9877E-05 0.00107357 9.9877E-05 9.9877E-05 9.9877E-05 9.9877E-05 9.9877E-05 9.9877E-05 0.0696374 9.9877E-05 9.9877E-05 9.9877E-05 9.9877E-05 0.112697
0.788136 9.98683E-05 0.021448 0.0404753 9.98683E-05 0.076509 9.98683E-05 9.98683E-05 9.98683E-05 9.98683E-05 9.98683E-05 9.98683E-05 9.98683E-05 9.98683E-05 0.0719338 9.98683E-05 9.98683E-05 9.98683E-05 9.98683E-05 9.98683E-05
0.612927 9.98593E-05 9.98593E-05 9.98593E-05 9.98593E-05 9.98593E-05 9.98593E-05 9.98593E-05 9.98593E-05 9.98593E-05 9.98593E-05 0.057224 9.98593E-05 0.272635 9.98593E-05 0.0556161 9.98593E-05 9.98593E-05 9.98593E-05 9.98593E-05
0.89753 9.98599E-05 9.98599E-05 9.98599E-05 9.98599E-05 9.98599E-05 9.98599E-05 9.98599E-05 9.98599E-05 0.0163697 9.98599E-05 9.98599E-05 9.98599E-05 0.0558609 9.98599E-05 9.98599E-05 9.98599E-05 9.98599E-05 0.0286421 9.98599E-05
0.688746 9.98681E-05 9.98681E-05 0.00243445 9.98681E-05 9.98681E-05 9.98681E-05 9.98681E-05 0.0219996 9.98681E-05 9.98681E-05 9.98681E-05 9.98681E-05 0.0613932 9.98681E-05 9.98681E-05 9.98681E-05 9.98681E-05 9.98681E-05 0.223928
0.639368 9.98859E-05 9.98859E-05 9.98859E-05 9.98859E-05 9.98859E-05 9.98859E-05 9.98859E-05 9.98859E-05 9.98859E-05 0.247885 9.98859E-05 0.0535418 0.0163876 9.98859E-05 0.0210611 0.00579158 9.98859E-05 9.98859E-05 0.0146671
0.634152 9.98771E-05 9.98771E-05 0.217759 0.0568995 9.98771E-05 0.00105911 9.98771E-05 9.98771E-05 0.0283285 9.98771E-05 9.98771E-05 9.98771E-05 0.0604042 9.98771E-05 9.98771E-05 9.98771E-05 9.98771E-05 9.98771E-05 9.98771E-05
0.83564 9.98507E-05 0.159478 0.00318506 9.98507E-05 9.98507E-05 9.98507E-05 9.98507E-05 9.98507E-05 9.98507E-05 9.98507E-05 9.98507E-05 9.98507E-05 9.98507E-05 9.98507E-05 9.98507E-05 9.98507E-05 9.98507E-05 9.98507E-05 9.98507E-05
0.88795 0.0613848 9.98773E-05 9.98773E-05 9.98773E-05 9.98773E-05 9.98773E-05 9.98773E-05 0.00379907 9.98773E-05 9.98773E-05 9.98773E-05 9.98773E-05 0.00910315 0.0127364 9.98773E-05 9.98773E-05 9.98773E-05 0.0236278 9.98773E-05
0.998103 9.98334E-05 9.98334E-05 9.98334E-05 9.98334E-05 9.98334E-05 9.98334E-05 9.98334E-05 9.98334E-05 9.98334E-05 9.98334E-05 9.98334E-05 9.98334E-05 9.98334E-05 9.98334E-05 9.98334E-05 9.98334E-05 9.98334E-05 9.98334E-05 9.98334E-05
0.998103 9.98335E-05 9.98335E-05 9.98335E-05 9.98335E-05 9.98335E-05 9.98335E-05 9.98335E-05 9.98335E-05 9.98335E-05 9.98335E-05 9.98335E-05 9.98335E-05 9.98335E-05 9.98335E-05 9.98335E-05 9.98335E-05 9.98335E-05 9.98335E-05 9.98335E-05
0.917811 9.98421E-05 9.98421E-05 9.98421E-05 9.98421E-05 0.0803916 9.98421E-05 9.98421E-05 9.98421E-05 9.98421E-05 9.98421E-05 9.98421E-05 9.98421E-05 9.98421E-05 9.98421E-05 9.98421E-05 9.98421E-05 9.98421E-05 9.98421E-05 9.98421E-05
0.650537 9.98597E-05 9.98597E-05 9.98597E-05 9.98597E-05 9.98597E-05 9.98597E-05 9.98597E-05 9.98597E-05 9.98597E-05 9.98597E-05 9.98597E-05 9.98597E-05 0.132487 0.106542 9.98597E-05 9.98597E-05 9.98597E-05 0.108837 9.98597E-05
9.98597E-05 9.98597E-05 9.98597E-05 9.98597E-05 9.98597E-05 9.98597E-05 9.98597E-05 9.98597E-05 0.736313 9.98597E-05 0.0539297 9.98597E-05 9.98597E-05 0.14216 0.0659991 9.98597E-05 9.98597E-05 9.98597E-05 9.98597E-05 9.98597E-05
9.98685E-05 9.98685E-05 9.98685E-05 9.98685E-05 9.98685E-05 9.98685E-05 9.98685E-05 9.98685E-05 0.0229582 9.98685E-05 0.587878 9.98685E-05 9.98685E-05 0.0457945 0.0810064 9.98685E-05 9.98685E-05 9.98685E-05 0.260865 9.98685E-05
9.98682E-05 9.98682E-05 9.98682E-05 9.98682E-05 9.98682E-05 0.0107867 0.0182682 9.98682E-05 0.372541 9.98682E-05 0.496482 9.98682E-05 9.98682E-05 0.100424 9.98682E-05 9.98682E-05 9.98682E-05 9.98682E-05 9.98682E-05 9.98682E-05
9.9877E-05 9.9877E-05 0.0207086 9.9877E-05 9.9877E-05 0.0425161 9.9877E-05 9.9877E-05 0.486012 9.9877E-05 0.321542 9.9877E-05 9.9877E-05 0.112017 0.0158054 9.9877E-05 9.9877E-05 9.9877E-05 9.9877E-05 9.9877E-05
9.98594E-05 0.0149408 9.98594E-05 9.98594E-05 9.98594E-05 9.98594E-05 9.98594E-05 9.98594E-05 0.769343 9.98594E-05 0.164142 9.98594E-05 9.98594E-05 9.98594E-05 0.0499765 9.98594E-05 9.98594E-05 9.98594E-05 9.98594E-05 9.98594E-05
9.98684E-05 9.98684E-05 9.98684E-05 9.98684E-05 9.98684E-05 9.98684E-05 9.98684E-05 0.0345716 0.63574 9.98684E-05 9.98684E-05 9.98684E-05 0.043857 0.151691 0.132643 9.98684E-05 9.98684E-05 9.98684E-05 9.98684E-05 9.98684E-05
9.98858E-05 9.98858E-05 0.0276046 9.98858E-05 9.98858E-05 0.0461937 0.0287588 9.98858E-05 9.98858E-05 9.98858E-05 0.806363 9.98858E-05 9.98858E-05 0.0269756 0.0577083 9.98858E-05 9.98858E-05 9.98858E-05 9.98858E-05 0.0050975
9.98595E-05 9.98595E-05 9.98595E-05 9.98595E-05 9.98595E-05 9.98595E-05 9.98595E-05 9.98595E-05 0.32154 9.98595E-05 0.509152 9.98595E-05 9.98595E-05 0.00593719 0.161773 9.98595E-05 9.98595E-05 9.98595E-05 9.98595E-05 9.98595E-05
9.98682E-05 9.98682E-05 9.98682E-05 9.98682E-05 9.98682E-05 9.98682E-05 9.98682E-05 9.98682E-05 0.0374666 0.00610131 0.451111 9.98682E-05 0.194773 9.98682E-05 0.30905 9.98682E-05 9.98682E-05 9.98682E-05 9.98682E-05 9.98682E-05
9.98594E-05 9.98594E-05 9.98594E-05 9.98594E-05 9.98594E-05 0.0244621 9.98594E-05 9.98594E-05 9.98594E-05 9.98594E-05 0.559193 9.98594E-05 9.98594E-05 0.230859 0.183888 9.98594E-05 9.98594E-05 9.98594E-05 9.98594E-05 9.98594E-05
9.98596E-05 9.98596E-05 9.98596E-05 9.98596E-05 9.98596E-05 9.98596E-05 9.98596E-05 9.98596E-05 0.296898 9.98596E-05 0.239279 9.98596E-05 0.280248 9.98596E-05 9.98596E-05 9.98596E-05 9.98596E-05 9.98596E-05 0.181976 9.98596E-05
9.98772E-05 0.0313289 9.98772E-05 9.98772E-05 9.98772E-05 9.98772E-05 9.98772E-05 9.98772E-05 0.72926 9.98772E-05 0.0295396 9.98772E-05 0.105778 0.0301902 9.98772E-05 9.98772E-05 9.98772E-05 9.98772E-05 0.0725046 9.98772E-05
9.98421E-05 9.98421E-05 9.98421E-05 9.98421E-05 9.98421E-05 9.98421E-05 9.98421E-05 9.98421E-05 9.98421E-05 9.98421E-05 0.984865 9.98421E-05 9.98421E-05 9.98421E-05 0.0133378 9.98421E-05 9.98421E-05 9.98421E-05 9.98421E-05 9.98421E-05
9.98685E-05 9.98685E-05 0.03798 9.98685E-05 9.98685E-05 9.98685E-05 9.98685E-05 9.98685E-05 0.35572 9.98685E-05 0.338512 9.98685E-05 9.98685E-05 0.146969 0.11932 9.98685E-05 9.98685E-05 9.98685E-05 9.98685E-05 9.98685E-05
9.98773E-05 0.0127574 0.0154549 9.98773E-05 9.98773E-05 0.115939 9.98773E-05 9.98773E-05 0.51165 9.98773E-05 0.206771 9.98773E-05 9.98773E-05 9.98773E-05 0.136029 9.98773E-05 9.98773E-05 9.98773E-05 9.98773E-05 9.98773E-05
9.9886E-05 9.9886E-05 0.0601329 9.9886E-05 9.9886E-05 9.9886E-05 9.9886E-05 0.118024 0.508135 9.9886E-05 0.0826951 9.9886E-05 0.166787 0.0347255 0.0282015 9.9886E-05 9.9886E-05 9.9886E-05 9.9886E-05 9.9886E-05
9.98683E-05 0.0200083 9.98683E-05 9.98683E-05 9.98683E-05 9.98683E-05 9.98683E-05 9.98683E-05 0.459639 9.98683E-05 0.227686 9.98683E-05 0.214218 0.0769503 9.98683E-05 9.98683E-05 9.98683E-05 9.98683E-05 9.98683E-05 9.98683E-05
9.98599E-05 9.98599E-05 9.98599E-05 9.98599E-05 9.98599E-05 9.98599E-05 9.98599E-05 9.98599E-05 0.632009 9.98599E-05 0.142871 9.98599E-05 9.98599E-05 9.98599E-05 0.0908483 9.98599E-05 9.98599E-05 9.98599E-05 9.98599E-05 0.132674
9.98508E-05 9.98508E-05 0.0343454 9.98508E-05 9.98508E-05 9.98508E-05 9.98508E-05 9.98508E-05 0.843501 9.98508E-05 0.120456 9.98508E-05 9.98508E-05 9.98508E-05 9.98508E-05 9.98508E-05 9.98508E-05 9.98508E-05 9.98508E-05 9.98508E-05
0.0270929 0.0212626 9.9886E-05 9.9886E-05 9.9886E-05 9.9886E-05 9.9886E-05 0.104866 0.515251 9.9886E-05 9.9886E-05 9.9886E-05 9.9886E-05 0.0839742 0.0693379 9.9886E-05 9.9886E-05 9.9886E-05 0.176917 9.9886E-05
9.98685E-05 9.98685E-05 9.98685E-05 9.98685E-05 9.98685E-05 9.98685E-05 9.98685E-05 9.98685E-05 0.525971 9.98685E-05 0.0949197 9.98685E-05 0.210449 0.116212 0.0509507 9.98685E-05 9.98685E-05 9.98685E-05 9.98685E-05 9.98685E-05
9.98684E-05 9.98684E-05 0.0389487 9.98684E-05 9.98684E-05 9.98684E-05 9.98684E-05 9.98684E-05 0.929537 9.98684E-05 0.0086771 9.98684E-05 9.98684E-05 0.00135998 0.0199792 9.98684E-05 9.98684E-05 9.98684E-05 9.98684E-05 9.98684E-05
9.98771E-05 0.0459822 9.98771E-05 0.00545368 9.98771E-05 9.98771E-05 9.98771E-05 9.98771E-05 0.494634 9.98771E-05 9.98771E-05 9.98771E-05 0.0377031 0.20588 0.208949 9.98771E-05 9.98771E-05 9.98771E-05 9.98771E-05 9.98771E-05
9.98685E-05 9.98685E-05 9.98685E-05 9.98685E-05 9.98685E-05 9.98685E-05 9.98685E-05 9.98685E-05 0.388098 9.98685E-05 0.448501 9.98685E-05 9.98685E-05 0.00849582 0.10902 9.98685E-05 9.98685E-05 9.98685E-05 0.044388 9.98685E-05
9.98684E-05 0.0530972 9.98684E-05 0.0382178 9.98684E-05 9.98684E-05 9.98684E-05 9.98684E-05 0.429437 9.98684E-05 9.98684E-05 9.98684E-05 9.98684E-05 0.233038 0.244712 9.98684E-05 9.98684E-05 9.98684E-05 9.98684E-05 9.98684E-05
9.98772E-05 9.98772E-05 9.98772E-05 9.98772E-05 9.98772E-05 0.0217631 9.98772E-05 9.98772E-05 9.98772E-05 9.98772E-05 0.731811 0.0183848 0.0696034 0.0528205 0.104219 9.98772E-05 9.98772E-05 9.98772E-05 9.98772E-05 9.98772E-05
9.98596E-05 9.98596E-05 9.98596E-05 9.98596E-05 0.137392 9.98596E-05 9.98596E-05 9.98596E-05 0.295778 9.98596E-05 9.98596E-05 9.98596E-05 9.98596E-05 0.0416478 9.98596E-05 9.98596E-05 9.98596E-05 9.98596E-05 0.523585 9.98596E-05
9.9868E-05 9.9868E-05 9.9868E-05 0.0392399 9.9868E-05 9.9868E-05 9.9868E-05 9.9868E-05 0.548181 9.9868E-05 0.291872 9.9868E-05 9.9868E-05 0.0947609 0.0244474 9.9868E-05 9.9868E-05 9.9868E-05 9.9868E-05 9.9868E-05
9.98685E-05 0.0169212 9.98685E-05 9.98685E-05 9.98685E-05 9.98685E-05 9.98685E-05 9.98685E-05 0.617617 9.98685E-05 0.0063397 9.98685E-05 9.98685E-05 0.175875 0.181749 9.98685E-05 9.98685E-05 9.98685E-05 9.98685E-05 9.98685E-05
9.98598E-05 0.105398 9.98598E-05 9.98598E-05 9.98598E-05 9.98598E-05 9.98598E-05 9.98598E-05 0.633688 9.98598E-05 9.98598E-05 9.98598E-05 9.98598E-05 0.17578 9.98598E-05 9.98598E-05 9.98598E-05 9.98598E-05 0.0835371 9.98598E-05
9.98508E-05 9.98508E-05 0.0601108 9.98508E-05 9.98508E-05 9.98508E-05 9.98508E-05 9.98508E-05 9.98508E-05 9.98508E-05 0.809237 9.98508E-05 9.98508E-05 0.128955 9.98508E-05 9.98508E-05 9.98508E-05 9.98508E-05 9.98508E-05 9.98508E-05
9.9877E-05 0.000410423 0.0296792 9.9877E-05 9.9877E-05 9.9877E-05 9.9877E-05 9.9877E-05 0.137038 9.9877E-05 0.811037 0.0134188 9.9877E-05 0.00701811 9.9877E-05 9.9877E-05 9.9877E-05 9.9877E-05 9.9877E-05 9.9877E-05
9.98682E-05 0.185535 9.98682E-05 9.98682E-05 9.98682E-05 9.98682E-05 0.0130426 9.98682E-05 0.35694 9.98682E-05 9.98682E-05 9.98682E-05 9.98682E-05 0.14284 0.300145 9.98682E-05 9.98682E-05 9.98682E-05 9.98682E-05 9.98682E-05
9.98681E-05 9.98681E-05 9.98681E-05 0.0608825 9.98681E-05 9.98681E-05 9.98681E-05 9.98681E-05 0.408243 9.98681E-05 0.362436 9.98681E-05 9.98681E-05 9.98681E-05 9.98681E-05 9.98681E-05 0.036276 9.98681E-05 9.98681E-05 0.130664
9.98507E-05 9.98507E-05 9.98507E-05 9.98507E-05 9.98507E-05 9.98507E-05 9.98507E-05 9.98507E-05 0.0741997 9.98507E-05 0.898191 9.98507E-05 9.98507E-05 0.0259115 9.98507E-05 9.98507E-05 9.98507E-05 9.98507E-05 9.98507E-05 9.98507E-05
9.98946E-05 9.98946E-05 0.0250064 9.98946E-05 9.98946E-05 9.98946E-05 9.98946E-05 0.0605453 0.517403 9.98946E-05 0.265427 0.00218016 0.0374798 9.98946E-05 9.98946E-05 9.98946E-05 9.98946E-05 9.98946E-05 0.0564032 0.0343567
9.98682E-05 9.98682E-05 9.98682E-05 9.98682E-05 9.98682E-05 0.0484771 9.98682E-05 9.98682E-05 0.432577 9.98682E-05 0.316276 9.98682E-05 9.98682E-05 0.16321 0.0379627 9.98682E-05 9.98682E-05 9.98682E-05 9.98682E-05 9.98682E-05
9.98771E-05 9.98771E-05 9.98771E-05 9.98771E-05 9.98771E-05 9.98771E-05 0.0997139 0.0637213 0.117223 9.98771E-05 0.21523 9.98771E-05 9.98771E-05 9.98771E-05 0.0904002 9.98771E-05 9.98771E-05 9.98771E-05 0.412313 9.98771E-05
9.98772E-05 9.98772E-05 9.98772E-05 9.98772E-05 9.98772E-05 0.0102823 9.98772E-05 9.98772E-05 0.581013 9.98772E-05 0.136496 9.98772E-05 9.98772E-05 0.0796764 0.00868206 9.98772E-05 9.98772E-05 9.98772E-05 0.182451 9.98772E-05
9.98598E-05 9.98598E-05 9.98598E-05 9.98598E-05 9.98598E-05 9.98598E-05 0.0291952 9.98598E-05 0.0700235 9.98598E-05 0.828444 9.98598E-05 9.98598E-05 9.98598E-05 9.98598E-05 9.98598E-05 9.98598E-05 9.98598E-05 0.0707393 9.98598E-05
9.98685E-05 9.98685E-05 9.98685E-05 9.98685E-05 9.98685E-05 0.0320803 9.98685E-05 0.0100942 0.197261 9.98685E-05 0.470478 9.98685E-05 9.98685E-05 9.98685E-05 9.98685E-05 9.98685E-05 9.98685E-05 9.98685E-05 0.288588 9.98685E-05
9.98684E-05 9.98684E-05 0.0543523 9.98684E-05 9.98684E-05 9.98684E-05 9.98684E-05 9.98684E-05 0.478519 9.98684E-05 9.98684E-05 9.98684E-05 0.0204107 0.297968 0.147251 9.98684E-05 9.98684E-05 9.98684E-05 9.98684E-05 9.98684E-05
9.98684E-05 9.98684E-05 9.98684E-05 9.98684E-05 9.98684E-05 9.98684E-05 9.98684E-05 9.98684E-05 0.423202 9.98684E-05 0.382696 9.98684E-05 9.98684E-05 9.98684E-05 0.1237 0.000300509 0.0686026 9.98684E-05 9.98684E-05 9.98684E-05
9.98683E-05 0.0192318 9.98683E-05 9.98683E-05 9.98683E-05 9.98683E-05 9.98683E-05 9.98683E-05 0.335524 9.98683E-05 9.98683E-05 9.98683E-05 9.98683E-05 0.0599725 0.104225 9.98683E-05 9.98683E-05 9.98683E-05 0.479549 9.98683E-05
9.98421E-05 9.98421E-05 9.98421E-05 9.98421E-05 9.98421E-05 9.98421E-05 9.98421E-05 9.98421E-05 9.98421E-05 9.98421E-05 0.703753 9.98421E-05 9.98421E-05 9.98421E-05 9.98421E-05 9.98421E-05 9.98421E-05 9.98421E-05 0.29445 9.98421E-05
9.9877E-05 0.111946 9.9877E-05 9.9877E-05 9.9877E-05 9.9877E-05 9.9877E-05 9.9877E-05 0.406079 9.9877E-05 0.122581 9.9877E-05 0.192474 0.00741992 0.158101 9.9877E-05 9.9877E-05 9.9877E-05 9.9877E-05 9.9877E-05
0.0513903 9.98684E-05 0.0367982 9.98684E-05 9.98684E-05 9.98684E-05 9.98684E-05 9.98684E-05 9.98684E-05 9.98684E-05 0.801611 9.98684E-05 9.98684E-05 0.053333 0.0553695 9.98684E-05 9.98684E-05 9.98684E-05 9.98684E-05 9.98684E-05
9.98948E-05 9.98948E-05 9.98948E-05 9.98948E-05 0.0261372 9.98948E-05 9.98948E-05 9.98948E-05 0.393452 9.98948E-05 0.1744 0.0804394 0.213709 0.0167687 0.0551166 9.98948E-05 9.98948E-05 9.98948E-05 9.98948E-05 0.0387786
9.98685E-05 9.98685E-05 9.98685E-05 9.98685E-05 9.98685E-05 9.98685E-05 9.98685E-05 9.98685E-05 0.460738 9.98685E-05 9.98685E-05 9.98685E-05 9.98685E-05 0.216754 0.219538 0.00780491 9.98685E-05 9.98685E-05 9.98685E-05 0.0936675
9.98596E-05 9.98596E-05 9.98596E-05 9.98596E-05 9.98596E-05 9.98596E-05 9.98596E-05 9.98596E-05 0.154684 9.98596E-05 0.542002 9.98596E-05 0.00331403 9.98596E-05 9.98596E-05 9.98596E-05 9.98596E-05 9.98596E-05 0.298402 9.98596E-05
9.9877E-05 9.9877E-05 9.9877E-05 9.9877E-05 9.9877E-05 9.9877E-05 9.9877E-05 0.195257 0.480091 0.00205081 0.210155 0.0470176 9.9877E-05 0.0640303 9.9877E-05 9.9877E-05 9.9877E-05 9.9877E-05 9.9877E-05 9.9877E-05
9.98684E-05 9.98684E-05 0.0151848 9.98684E-05 9.98684E-05 9.98684E-05 9.98684E-05 9.98684E-05 0.418949 9.98684E-05 9.98684E-05 9.98684E-05 9.98684E-05 0.0220149 0.148136 9.98684E-05 9.98684E-05 9.98684E-05 0.394217 9.98684E-05
9.98685E-05 9.98685E-05 9.98685E-05 9.98685E-05 9.98685E-05 0.0840005 9.98685E-05 9.98685E-05 0.605589 9.98685E-05 9.98685E-05 9.98685E-05 9.98685E-05 0.0872299 0.0750328 9.98685E-05 9.98685E-05 9.98685E-05 0.146649 9.98685E-05
9.98509E-05 9.98509E-05 9.98509E-05 9.98509E-05 9.98509E-05 9.98509E-05 9.98509E-05 9.98509E-05 0.841709 9.98509E-05 0.106926 0.0496671 9.98509E-05 9.98509E-05 9.98509E-05 9.98509E-05 9.98509E-05 9.98509E-05 9.98509E-05 9.98509E-05
9.98857E-05 0.00748943 0.05517 0.0707932 9.98857E-05 0.0314419 9.98857E-05 0.031814 0.386867 9.98857E-05 0.415126 9.98857E-05 9.98857E-05 9.98857E-05 9.98857E-05 9.98857E-05 9.98857E-05 9.98857E-05 9.98857E-05 9.98857E-05
9.98595E-05 9.98595E-05 9.98595E-05 9.98595E-05 9.98595E-05 9.98595E-05 9.98595E-05 9.98595E-05 0.547618 9.98595E-05 9.98595E-05 9.98595E-05 0.117727 0.13822 0.194836 9.98595E-05 9.98595E-05 9.98595E-05 9.98595E-05 9.98595E-05
9.98595E-05 9.98595E-05 9.98595E-05 9.98595E-05 9.98595E-05 9.98595E-05 9.98595E-05 9.98595E-05 0.470583 9.98595E-05 0.342077 9.98595E-05 9.98595E-05 0.0652581 0.120484 9.98595E-05 9.98595E-05 9.98595E-05 9.98595E-05 9.98595E-05
9.9877E-05 9.9877E-05 0.0502305 0.00187634 9.9877E-05 9.9877E-05 9.9877E-05 9.9877E-05 0.507179 9.9877E-05 0.40466 9.9877E-05 0.0117033 0.0229522 9.9877E-05 9.9877E-05 9.9877E-05 9.9877E-05 9.9877E-05 9.9877E-05
9.98596E-05 0.122138 9.98596E-05 9.98596E-05 9.98596E-05 9.98596E-05 9.98596E-05 9.98596E-05 0.731631 9.98596E-05 9.98596E-05 9.98596E-05 9.98596E-05 0.0613265 9.98596E-05 9.98596E-05 9.98596E-05 9.98596E-05 0.0833068 9.98596E-05
9.98597E-05 9.98597E-05 9.98597E-05 9.98597E-05 9.98597E-05 9.98597E-05 9.98597E-05 9.98597E-05 0.321442 9.98597E-05 0.408372 9.98597E-05 9.98597E-05 9.98597E-05 0.21124 9.98597E-05 9.98597E-05 9.98597E-05 0.0573481 9.98597E-05
9.9833E-05 9.9833E-05 9.9833E-05 9.9833E-05 9.9833E-05 9.9833E-05 9.9833E-05 9.9833E-05 9.9833E-05 9.9833E-05 9.9833E-05 9.9833E-05 9.9833E-05 0.998103 9.9833E-05 9.9833E-05 9.9833E-05 9.9833E-05 9.9833E-05 9.9833E-05
9.9833E-05 9.9833E-05 9.9833E-05 9.9833E-05 9.9833E-05 9.9833E-05 9.9833E-05 9.9833E-05 9.9833E-05 9.9833E-05 9.9833E-05 9.9833E-05 9.9833E-05 9.9833E-05 0.998103 9.9833E-05 9.9833E-05 9.9833E-05 9.9833E-05 9.9833E-05
9.98329E-05 9.98329E-05 9.98329E-05 9.98329E-05 9.98329E-05 9.98329E-05 9.98329E-05 9.98329E-05 9.98329E-05 9.98329E-05 9.98329E-05 9.98329E-05 9.98329E-05 0.998103 9.98329E-05 9.98329E-05 9.98329E-05 9.98329E-05 9.98329E-05 9.98329E-05
9.98329E-05 9.98329E-05 9.98329E-05 9.98329E-05 9.98329E-05 9.98329E-05 9.98329E-05 9.98329E-05 9.98329E-05 9.98329E-05 9.98329E-05 9.98329E-05 9.98329E-05 9.98329E-05 0.998103 9.98329E-05 9.98329E-05 9.98329E-05 9.98329E-05 9.98329E-05
9.98329E-05 9.98329E-05 9.98329E-05 9.98329E-05 9.98329E-05 9.98329E-05 9.98329E-05 9.98329E-05 9.98329E-05 9.98329E-05 9.98329E-05 9.98329E-05 9.98329E-05 9.98329E-05 0.998103 9.98329E-05 9.98329E-05 9.98329E-05 9.98329E-05 9.98329E-05
9.98331E-05 9.98331E-05 9.98331E-05 9.98331E-05 9.98331E-05 9.98331E-05 9.98331E-05 9.98331E-05 9.98331E-05 9.98331E-05 9.98331E-05 9.98331E-05 9.98331E-05 9.98331E-05 0.998103 9.98331E-05 9.98331E-05 9.98331E-05 9.98331E-05 9.98331E-05
9.9833E-05 9.9833E-05 9.9833E-05 9.9833E-05 9.9833E-05 9.9833E-05 9.9833E-05 9.9833E-05 9.9833E-05 9.9833E-05 9.9833E-05 9.9833E-05 9.9833E-05 0.998103 9.9833E-05 9.9833E-05 9.9833E-05 9.9833E-05 9.9833E-05 9.9833E-05
9.9833E-05 9.9833E-05 9.9833E-05 9.9833E-05 9.9833E-05 9.9833E-05 9.9833E-05 9.9833E-05 9.9833E-05 9.9833E-05 9.9833E-05 9.9833E-05 9.9833E-05 9.9833E-05 0.998103 9.9833E-05 9.9833E-05 9.9833E-05 9.9833E-05 9.9833E-05
9.98331E-05 9.98331E-05 9.98331E-05 9.98331E-05 9.98331E-05 9.98331E-05 9.98331E-05 9.98331E-05 9.98331E-05 9.98331E-05 9.98331E-05 9.98331E-05 9.98331E-05 9.98331E-05 0.998103 9.98331E-05 9.98331E-05 9.98331E-05 9.98331E-05 9.98331E-05
9.98329E-05 9.98329E-05 9.98329E-05 9.98329E-05 9.98329E-05 9.98329E-05 9.98329E-05 9.98329E-05 9.98329E-05 9.98329E-05 9.98329E-05 9.98329E-05 9.98329E-05 0.998103 9.98329E-05 9.98329E-05 9.98329E-05 9.98329E-05 9.98329E-05 9.98329E-05
9.98419E-05 9.98419E-05 9.98419E-05 9.98419E-05 9.98419E-05 9.98419E-05 9.98419E-05 9.98419E-05 9.98419E-05 9.98419E-05 9.98419E-05 9.98419E-05 9.98419E-05 0.934909 9.98419E-05 9.98419E-05 0.0632934 9.98419E-05 9.98419E-05 9.98419E-05
9.98328E-05 9.98328E-05 9.98328E-05 9.98328E-05 9.98328E-05 9.98328E-05 9.98328E-05 9.98328E-05 9.98328E-05 9.98328E-05 9.98328E-05 9.98328E-05 9.98328E-05 0.998103 9.98328E-05 9.98328E-05 9.98328E-05 9.98328E-05 9.98328E-05 9.98328E-05
9.98329E-05 9.98329E-05 9.98329E-05 9.98329E-05 9.98329E-05 9.98329E-05 9.98329E-05 9.98329E-05 9.98329E-05 9.98329E-05 9.98329E-05 9.98329E-05 9.98329E-05 9.98329E-05 0.998103 9.98329E-05 9.98329E-05 9.98329E-05 9.98329E-05 9.98329E-05
9.9833E-05 9.9833E-05 9.9833E-05 9.9833E-05 9.9833E-05 9.9833E-05 9.9833E-05 9.9833E-05 9.9833E-05 9.9833E-05 9.9833E-05 9.9833E-05 9.9833E-05 9.9833E-05 0.998103 9.9833E-05 9.9833E-05 9.9833E-05 9.9833E-05 9.9833E-05
9.9833E-05 9.9833E-05 9.9833E-05 9.9833E-05 9.9833E-05 9.9833E-05 9.9833E-05 9.9833E-05 9.9833E-05 9.9833E-05 9.9833E-05 9.9833E-05 9.9833E-05 0.998103 9.9833E-05 9.9833E-05 9.9833E-05 9.9833E-05 9.9833E-05 9.9833E-05
9.98331E-05 9.98331E-05 9.98331E-05 9.98331E-05 9.98331E-05 9.98331E-05 9.98331E-05 9.98331E-05 9.98331E-05 9.98331E-05 9.98331E-05 9.98331E-05 9.98331E-05 0.998103 9.98331E-05 9.98331E-05 9.98331E-05 9.98331E-05 9.98331E-05 9.98331E-05
9.98946E-05 9.98946E-05 9.98946E-05 0.0821533 0.0684896 9.98946E-05 9.98946E-05 9.98946E-05 0.598926 9.98946E-05 9.98946E-05 0.0487232 9.98946E-05 0.0852278 0.0322628 0.0701585 0.0128598 9.98946E-05 9.98946E-05 9.98946E-05
9.9833E-05 9.9833E-05 9.9833E-05 9.9833E-05 9.9833E-05 9.9833E-05 9.9833E-05 9.9833E-05 9.9833E-05 9.9833E-05 9.9833E-05 9.9833E-05 9.9833E-05 0.998103 9.9833E-05 9.9833E-05 9.9833E-05 9.9833E-05 9.9833E-05 9.9833E-05
9.9833E-05 9.9833E-05 9.9833E-05 9.9833E-05 9.9833E-05 9.9833E-05 9.9833E-05 9.9833E-05 9.9833E-05 9.9833E-05 9.9833E-05 9.9833E-05 9.9833E-05 9.9833E-05 0.998103 9.9833E-05 9.9833E-05 9.9833E-05 9.9833E-05 9.9833E-05
9.9833E-05 9.9833E-05 9.9833E-05 9.9833E-05 9.9833E-05 9.9833E-05 9.9833E-05 9.9833E-05 9.9833E-05 9.9833E-05 9.9833E-05 9.9833E-05 9.9833E-05 0.998103 9.9833E-05 9.9833E-05 9.9833E-05 9.9833E-05 9.9833E-05 9.9833E-05
9.98418E-05 9.98418E-05 9.98418E-05 9.98418E-05 9.98418E-05 9.98418E-05 9.98418E-05 9.98418E-05 9.98418E-05 9.98418E-05 9.98418E-05 9.98418E-05 9.98418E-05 0.995343 0.00286007 9.98418E-05 9.98418E-05 9.98418E-05 9.98418E-05 9.98418E-05
9.98331E-05 9.98331E-05 9.98331E-05 9.98331E-05 9.98331E-05 9.98331E-05 9.98331E-05 9.98331E-05 9.98331E-05 9.98331E-05 9.98331E-05 9.98331E-05 9.98331E-05 0.998103 9.98331E-05 9.98331E-05 9.98331E-05 9.98331E-05 9.98331E-05 9.98331E-05
9.9833E-05 9.9833E-05 9.9833E-05 9.9833E-05 9.9833E-05 9.9833E-05 9.9833E-05 9.9833E-05 9.9833E-05 9.9833E-05 9.9833E-05 9.9833E-05 9.9833E-05 9.9833E-05 0.998103 9.9833E-05 9.9833E-05 9.9833E-05 9.9833E-05 9.9833E-05
9.9833E-05 9.9833E-05 9.9833E-05 9.9833E-05 9.9833E-05 9.9833E-05 9.9833E-05 9.9833E-05 9.9833E-05 9.9833E-05 9.9833E-05 9.9833E-05 9.9833E-05 0.998103 9.9833E-05 9.9833E-05 9.9833E-05 9.9833E-05 9.9833E-05 9.9833E-05
9.98329E-05 9.98329E-05 9.98329E-05 9.98329E-05 9.98329E-05 9.98329E-05 9.98329E-05 9.98329E-05 9.98329E-05 9.98329E-05 9.98329E-05 9.98329E-05 9.98329E-05 9.98329E-05 0.998103 9.98329E-05 9.98329E-05 9.98329E-05 9.98329E-05 9.98329E-05
9.9833E-05 9.9833E-05 9.9833E-05 9.9833E-05 9.9833E-05 9.9833E-05 9.9833E-05 9.9833E-05 9.9833E-05 9.9833E-05 9.9833E-05 9.9833E-05 9.9833E-05 0.998103 9.9833E-05 9.9833E-05 9.9833E-05 9.9833E-05 9.9833E-05 9.9833E-05
9.98329E-05 9.98329E-05 9.98329E-05 9.98329E-05 9.98329E-05 9.98329E-05 9.98329E-05 9.98329E-05 9.98329E-05 9.98329E-05 9.98329E-05 9.98329E-05 9.98329E-05 0.998103 9.98329E-05 9.98329E-05 9.98329E-05 9.98329E-05 9.98329E-05 9.98329E-05
9.98331E-05 9.98331E-05 9.98331E-05 9.98331E-05 9.98331E-05 9.98331E-05 9.98331E-05 9.98331E-05 9.98331E-05 9.98331E-05 9.98331E-05 9.98331E-05 9.98331E-05 9.98331E-05 0.998103 9.98331E-05 9.98331E-05 9.98331E-05 9.98331E-05 9.98331E-05
