9.99561E-05 0.0897428 9.99561E-05 0.0613044 9.99561E-05 0.296042 0.552411 9.99561E-05 9.99561E-05
9.99649E-05 0.0181193 9.99649E-05 0.00153456 9.99649E-05 0.131098 0.819626 0.0292228 9.99649E-05
9.99473E-05 9.99473E-05 9.99473E-05 9.99473E-05 0.0113332 9.99473E-05 0.948843 0.0392239 9.99473E-05
0.00248532 9.99737E-05 9.99737E-05 0.0642392 0.412147 9.99737E-05 0.349053 0.0429041 0.128871
9.99473E-05 9.99473E-05 9.99473E-05 9.99473E-05 0.171695 0.0108756 0.81683 9.99473E-05 9.99473E-05
0.0703892 9.99649E-05 9.99649E-05 9.99649E-05 0.323008 0.121437 0.291495 9.99649E-05 0.19327
9.99649E-05 9.99649E-05 0.067185 0.107287 0.27425 0.195292 0.355586 9.99649E-05 9.99649E-05
9.99824E-05 0.0994155 0.172731 0.0473357 0.210518 0.0819217 0.257885 9.99824E-05 0.129993
9.99561E-05 9.99561E-05 9.99561E-05 9.99561E-05 0.0983315 9.99561E-05 0.311005 0.112876 0.477288
9.99473E-05 0.0606435 9.99473E-05 9.99473E-05 9.99473E-05 9.99473E-05 0.932922 9.99473E-05 0.00583474
9.99561E-05 9.99561E-05 9.99561E-05 0.170478 9.99561E-05 9.99561E-05 0.621537 0.0217184 0.185766
9.99561E-05 9.99561E-05 0.00266954 0.0137789 0.00287917 9.99561E-05 0.980173 9.99561E-05 9.99561E-05
9.99385E-05 9.99385E-05 9.99385E-05 9.99385E-05 9.99385E-05 9.99385E-05 0.897169 9.99385E-05 0.102132
0.112724 9.99649E-05 0.059675 0.0307487 9.99649E-05 9.99649E-05 0.715777 9.99649E-05 0.0806753
0.0168271 9.99737E-05 9.99737E-05 9.99737E-05 0.0927669 0.0732362 0.522619 0.014706 0.279544
9.99649E-05 9.99649E-05 0.11276 0.0188512 0.185804 9.99649E-05 0.322749 9.99649E-05 0.359436
0.101098 9.99824E-05 0.0472633 0.0695848 0.00508538 0.0757475 0.670202 9.99824E-05 0.030819
9.99649E-05 0.160027 9.99649E-05 0.084878 9.99649E-05 9.99649E-05 0.371929 0.0983512 0.284415
9.99649E-05 0.0264591 9.99649E-05 0.0112182 0.159424 9.99649E-05 0.497945 9.99649E-05 0.304553
9.993E-05 9.993E-05 9.993E-05 9.993E-05 9.993E-05 9.993E-05 0.999201 9.993E-05 9.993E-05
9.99649E-05 9.99649E-05 9.99649E-05 0.091898 0.322706 9.99649E-05 0.524067 0.0086319 0.0522975
9.99737E-05 0.00267601 9.99737E-05 0.0683336 0.344207 0.122431 0.29505 9.99737E-05 0.167002
9.99561E-05 9.99561E-05 9.99561E-05 0.138035 9.99561E-05 0.0595541 0.73844 9.99561E-05 0.0634708
9.9956E-05 9.9956E-05 0.154278 9.9956E-05 0.0078368 9.9956E-05 0.549758 9.9956E-05 0.287628
9.99648E-05 9.99648E-05 9.99648E-05 0.0598997 0.0654745 9.99648E-05 0.397 0.135357 0.341869
0.0625637 9.99561E-05 9.99561E-05 9.99561E-05 0.0852779 9.99561E-05 0.750609 9.99561E-05 0.10105
0.109847 0.0791777 0.145434 0.0250804 0.0458557 0.139588 0.194501 0.00639551 0.254121
9.99474E-05 9.99474E-05 9.99474E-05 9.99474E-05 0.120713 9.99474E-05 0.836755 9.99474E-05 0.0419328
0.0425131 9.99649E-05 9.99649E-05 0.0449268 9.99649E-05 9.99649E-05 0.743082 0.0103675 0.158711
0.0301467 9.99649E-05 9.99649E-05 9.99649E-05 9.99649E-05 0.00665083 0.819379 0.0194817 0.123942
9.99736E-05 0.0314699 9.99736E-05 0.233805 9.99736E-05 0.00952814 0.657774 0.0365158 0.0306079
0.233318 9.99649E-05 9.99649E-05 0.080536 0.115218 9.99649E-05 0.466321 9.99649E-05 0.104207
9.99561E-05 9.99561E-05 0.0891267 0.122464 9.99561E-05 9.99561E-05 0.55592 9.99561E-05 0.231989
0.237799 0.0492217 0.0192028 0.017613 0.0698876 9.99824E-05 0.593118 9.99824E-05 0.0129579
9.99561E-05 9.99561E-05 9.99561E-05 0.052599 9.99561E-05 0.0141678 0.874907 0.0578268 9.99561E-05
9.99649E-05 9.99649E-05 9.99649E-05 0.0223942 0.0944862 0.0420948 0.708434 9.99649E-05 0.132191
9.99561E-05 9.99561E-05 0.0542553 0.00201619 9.99561E-05 0.00266205 0.940567 9.99561E-05 9.99561E-05
0.0180553 9.99561E-05 9.99561E-05 9.99561E-05 9.99561E-05 9.99561E-05 0.677976 0.0099312 0.293538
0.101949 9.99649E-05 9.99649E-05 0.0367121 0.0826794 9.99649E-05 0.618642 9.99649E-05 0.159617
0.13447 9.99561E-05 0.163108 9.99561E-05 9.99561E-05 9.99561E-05 0.636862 9.99561E-05 0.0650607
9.99561E-05 9.99561E-05 9.99561E-05 0.024153 0.0223447 9.99561E-05 0.884303 9.99561E-05 0.0686996
9.99561E-05 9.99561E-05 9.99561E-05 0.0279571 9.99561E-05 0.023413 0.74733 9.99561E-05 0.2008
0.0669838 0.0207758 9.99561E-05 9.99561E-05 9.99561E-05 0.0119923 0.899748 9.99561E-05 9.99561E-05
9.99737E-05 0.0207425 9.99737E-05 0.0729417 9.99737E-05 0.077753 0.51677 0.0393952 0.272098
9.99649E-05 9.99649E-05 9.99649E-05 9.99649E-05 0.338176 0.0502513 0.447529 0.000588041 0.163055
9.99473E-05 9.99473E-05 9.99473E-05 9.99473E-05 0.0161603 9.99473E-05 0.907578 0.0756621 9.99473E-05
9.99561E-05 0.0409896 9.99561E-05 0.0242222 9.99561E-05 9.99561E-05 0.914765 9.99561E-05 0.0195235
9.99473E-05 0.000688585 9.99473E-05 9.99473E-05 9.99473E-05 9.99473E-05 0.987899 0.0108131 9.99473E-05
9.99561E-05 9.99561E-05 9.99561E-05 0.0803086 0.0465893 9.99561E-05 0.795629 9.99561E-05 0.0769736
9.99737E-05 0.0418404 0.0567505 0.0340809 9.99737E-05 0.011352 0.82733 0.0283465 9.99737E-05
0.0667534 9.99736E-05 9.99736E-05 0.123482 0.10769 9.99736E-05 0.395486 0.0273886 0.278899
9.99561E-05 9.99561E-05 0.0317955 9.99561E-05 0.193193 9.99561E-05 0.712317 0.0621946 9.99561E-05
9.99561E-05 0.0552574 9.99561E-05 9.99561E-05 9.99561E-05 0.00349129 0.926991 9.99561E-05 0.0137603
9.99562E-05 9.99562E-05 0.176246 9.99562E-05 9.99562E-05 9.99562E-05 0.682185 0.0950283 0.0460417
9.99737E-05 0.0436623 0.0255412 9.99737E-05 0.0271328 0.0276052 0.866285 9.99737E-05 0.00947329
0.110844 9.99649E-05 0.00937939 0.0387077 9.99649E-05 9.99649E-05 0.770848 0.0698205 9.99649E-05
9.99649E-05 0.0583922 9.99649E-05 0.0504226 0.117765 0.0165157 0.756505 9.99649E-05 9.99649E-05
9.99561E-05 9.99561E-05 9.99561E-05 0.0543571 0.0192108 9.99561E-05 0.909395 9.99561E-05 0.0165371
9.99561E-05 0.029397 9.99561E-05 0.0311814 9.99561E-05 9.99561E-05 0.835039 9.99561E-05 0.103883
9.99649E-05 0.116146 9.99649E-05 0.0799061 9.99649E-05 0.324607 0.160477 9.99649E-05 0.318465
9.99649E-05 9.99649E-05 0.128175 9.99649E-05 0.0992519 0.328786 0.436743 9.99649E-05 0.00664352
0.129476 0.195292 0.142129 9.99737E-05 9.99737E-05 0.263732 0.268009 9.99737E-05 0.00106107
0.132655 0.112361 0.0194935 0.0173586 9.99737E-05 0.478592 9.99737E-05 9.99737E-05 0.23924
9.999E-05 0.0971562 0.0559813 0.00363578 0.144417 0.17556 0.212973 0.0389201 0.271256
9.99649E-05 0.133866 9.99649E-05 0.0492798 9.99649E-05 0.351305 0.0639907 9.99649E-05 0.401159
9.99736E-05 0.0408281 9.99736E-05 0.0933995 9.99736E-05 0.547197 0.0867126 0.0239109 0.207652
9.99561E-05 0.263248 0.0487415 9.99561E-05 9.99561E-05 0.385204 9.99561E-05 9.99561E-05 0.302307
0.0471112 0.0941078 0.0778393 9.99737E-05 9.99737E-05 0.493463 0.238226 9.99737E-05 0.0489532
9.99736E-05 0.0288164 9.99736E-05 0.111657 0.0696983 0.209521 0.415965 9.99736E-05 0.164042
9.99649E-05 0.0784498 9.99649E-05 0.211688 9.99649E-05 0.177692 9.99649E-05 0.0520869 0.479684
9.99824E-05 9.99824E-05 0.154717 0.184872 0.0834525 0.274801 0.0950409 0.0408945 0.166022
0.0225071 0.0325333 0.107501 0.174414 0.207532 0.189412 0.0483378 9.99912E-05 0.217663
9.99737E-05 9.99737E-05 0.0759397 0.0158676 0.0824593 0.441992 0.0967339 9.99737E-05 0.286708
0.0923029 0.00245268 0.124488 0.0631738 9.99825E-05 0.272835 0.388918 9.99825E-05 0.055629
0.109286 0.0691794 9.99825E-05 0.0225375 0.0156222 0.245101 0.306157 9.99825E-05 0.231917
0.0193997 0.160132 0.105063 9.99824E-05 0.183601 0.321413 0.0613609 9.99824E-05 0.14883
9.99737E-05 0.0825851 9.99737E-05 0.205819 0.140328 0.151363 0.184761 9.99737E-05 0.234844
9.99649E-05 0.240477 9.99649E-05 0.0248735 9.99649E-05 0.150166 0.33632 9.99649E-05 0.247764
9.99824E-05 0.0600783 0.162991 0.0482895 9.99824E-05 0.333598 0.0571052 0.0375951 0.300143
0.123741 0.0294862 0.106293 0.0160629 0.0120254 0.327147 0.342788 9.99912E-05 0.0423555
9.99824E-05 0.109694 0.103535 0.00209009 0.0322267 0.368616 0.156066 9.99824E-05 0.227572
0.1973 0.0843291 9.99737E-05 0.0417522 9.99737E-05 0.310088 0.280445 9.99737E-05 0.0857858
9.99824E-05 0.145808 0.0199501 0.0157939 0.251456 0.0964175 0.260407 9.99824E-05 0.209968
9.99649E-05 9.99649E-05 9.99649E-05 0.242607 0.119877 0.0368897 0.361025 9.99649E-05 0.239202
9.99737E-05 9.99737E-05 9.99737E-05 0.0657808 0.00456668 0.350649 0.369332 0.0455649 0.163807
0.00143702 0.0745139 0.0702364 9.99737E-05 9.99737E-05 0.349156 0.457036 9.99737E-05 0.0473206
9.99825E-05 0.0155932 0.0820539 9.99825E-05 0.0272756 0.324476 0.302063 0.0413507 0.206987
9.99649E-05 0.268787 9.99649E-05 9.99649E-05 0.0873176 0.0687664 0.373736 9.99649E-05 0.200993
0.112339 0.00533717 0.0120042 9.99825E-05 9.99825E-05 0.218215 0.297106 0.0528518 0.301947
0.656937 9.99385E-05 9.99385E-05 9.99385E-05 9.99385E-05 9.99385E-05 9.99385E-05 9.99385E-05 0.342363
0.933092 9.99386E-05 9.99386E-05 9.99386E-05 9.99386E-05 9.99386E-05 9.99386E-05 9.99386E-05 0.0662089
0.639154 0.0338682 0.020763 0.0643452 9.99648E-05 9.99648E-05 9.99648E-05 9.99648E-05 0.24147
0.57732 0.0333768 9.99648E-05 0.032928 9.99648E-05 9.99648E-05 9.99648E-05 0.0431947 0.312781
0.664284 0.0442031 9.9956E-05 9.9956E-05 9.9956E-05 9.9956E-05 9.9956E-05 0.0522618 0.238751
0.601531 9.99561E-05 9.99561E-05 9.99561E-05 9.99561E-05 0.010078 9.99561E-05 0.00925019 0.378642
0.628639 0.0704094 9.99561E-05 0.0722829 9.99561E-05 9.99561E-05 9.99561E-05 9.99561E-05 0.228169
0.482688 9.99473E-05 9.99473E-05 9.99473E-05 9.99473E-05 9.99473E-05 9.99473E-05 0.0672916 0.449421
0.158106 9.9956E-05 9.9956E-05 0.0835657 9.9956E-05 0.209618 9.9956E-05 9.9956E-05 0.548211
0.358749 0.0683729 9.99648E-05 0.0302083 9.99648E-05 9.99648E-05 9.99648E-05 0.0105745 0.531696
0.724536 9.99561E-05 9.99561E-05 0.00194802 9.99561E-05 0.162655 9.99561E-05 9.99561E-05 0.110362
0.715124 9.99649E-05 9.99649E-05 0.0516822 9.99649E-05 0.157924 9.99649E-05 0.0184229 0.0564469
0.894897 9.99385E-05 9.99385E-05 9.99385E-05 9.99385E-05 9.99385E-05 9.99385E-05 9.99385E-05 0.104403
0.626169 9.99473E-05 9.99473E-05 0.0299624 9.99473E-05 9.99473E-05 9.99473E-05 9.99473E-05 0.343269
0.662599 0.108545 0.086561 0.00375557 9.99737E-05 9.99737E-05 9.99737E-05 0.0272084 0.111032
0.51864 9.99736E-05 0.00690928 0.0491304 9.99736E-05 0.0883566 9.99736E-05 0.0216276 0.315037
0.438109 9.99648E-05 9.99648E-05 0.0187039 9.99648E-05 0.264756 9.99648E-05 0.0927016 0.185329
0.631509 9.99649E-05 0.00944905 0.0315298 0.0655998 9.99649E-05 9.99649E-05 9.99649E-05 0.261512
0.811197 9.99561E-05 9.99561E-05 0.068639 0.111838 9.99561E-05 9.99561E-05 9.99561E-05 0.00782617
0.583453 0.0855952 0.0228284 0.0152924 9.99824E-05 0.00841833 9.99824E-05 0.0730354 0.211177
0.667696 9.9956E-05 9.9956E-05 9.9956E-05 0.0824813 0.0578172 9.9956E-05 9.9956E-05 0.191505
0.749629 9.99472E-05 9.99472E-05 0.0653659 9.99472E-05 9.99472E-05 9.99472E-05 9.99472E-05 0.184406
0.218858 9.99561E-05 9.99561E-05 9.99561E-05 9.99561E-05 0.0994454 9.99561E-05 0.120325 0.560871
0.732769 9.99386E-05 9.99386E-05 9.99386E-05 9.99386E-05 9.99386E-05 9.99386E-05 9.99386E-05 0.266532
0.264636 9.99736E-05 9.99736E-05 0.0122862 0.0712195 0.0576019 9.99736E-05 0.0813976 0.512559
0.569641 0.000996561 9.99561E-05 9.99561E-05 9.99561E-05 0.0503586 9.99561E-05 9.99561E-05 0.378504
0.865237 9.99562E-05 9.99562E-05 9.99562E-05 0.0537371 9.99562E-05 0.0361911 0.0443349 9.99562E-05
0.473898 9.99472E-05 9.99472E-05 9.99472E-05 9.99472E-05 9.99472E-05 9.99472E-05 0.109009 0.416493
0.445662 9.99385E-05 9.99385E-05 9.99385E-05 9.99385E-05 9.99385E-05 9.99385E-05 9.99385E-05 0.553639
0.746841 9.99648E-05 9.99648E-05 0.0481339 0.0413429 9.99648E-05 9.99648E-05 0.0480322 0.11525
0.563581 9.99737E-05 0.0289783 0.0465911 9.99737E-05 0.00981472 9.99737E-05 0.0422238 0.308511
0.811801 9.99648E-05 0.0321542 0.0288198 9.99648E-05 9.99648E-05 9.99648E-05 0.0462717 0.0805538
0.242373 9.9956E-05 9.9956E-05 0.0117497 9.9956E-05 9.9956E-05 9.9956E-05 0.216767 0.52861
0.479116 9.99648E-05 9.99648E-05 0.0141164 0.0485757 9.99648E-05 9.99648E-05 0.158886 0.298906
0.832583 9.99473E-05 9.99473E-05 9.99473E-05 9.99473E-05 9.99473E-05 9.99473E-05 0.00573359 0.161084
0.660004 9.99648E-05 0.0436109 0.144433 9.99648E-05 0.0553047 9.99648E-05 9.99648E-05 0.0962479
0.430507 0.0652164 9.9956E-05 0.0562085 9.9956E-05 9.9956E-05 9.9956E-05 9.9956E-05 0.447568
0.999201 9.993E-05 9.993E-05 9.993E-05 9.993E-05 9.993E-05 9.993E-05 9.993E-05 9.993E-05
0.854783 0.000435331 9.99561E-05 9.99561E-05 9.99561E-05 9.99561E-05 9.99561E-05 0.0618827 0.0823997
0.945784 9.99474E-05 9.99474E-05 0.00864732 9.99474E-05 9.99474E-05 9.99474E-05 9.99474E-05 0.0449694
0.978082 9.99474E-05 9.99474E-05 9.99474E-05 9.99474E-05 0.00683929 9.99474E-05 0.0144794 9.99474E-05
0.356043 9.9956E-05 9.9956E-05 0.0362976 9.9956E-05 0.157661 9.9956E-05 9.9956E-05 0.449499
0.611808 9.99561E-05 9.99561E-05 9.99561E-05 0.130386 0.0166278 9.99561E-05 9.99561E-05 0.240679
0.707813 9.99562E-05 9.99562E-05 9.99562E-05 9.99562E-05 0.0555031 9.99562E-05 0.0646465 0.171538
0.999201 9.993E-05 9.993E-05 9.993E-05 9.993E-05 9.993E-05 9.993E-05 9.993E-05 9.993E-05
0.26427 9.99561E-05 9.99561E-05 9.99561E-05 9.99561E-05 0.207818 9.99561E-05 0.196691 0.330721
0.52385 0.0381301 0.0127316 0.048351 9.99649E-05 9.99649E-05 9.99649E-05 9.99649E-05 0.376537
0.436157 9.99649E-05 0.157453 9.99649E-05 9.99649E-05 0.0768017 9.99649E-05 0.0040777 0.325111
0.27469 9.99561E-05 9.99561E-05 0.0454807 9.99561E-05 9.99561E-05 9.99561E-05 0.0612862 0.618043
0.999201 9.993E-05 9.993E-05 9.993E-05 9.993E-05 9.993E-05 9.993E-05 9.993E-05 9.993E-05
0.455957 9.99736E-05 0.0462801 0.0230401 0.164911 9.99736E-05 9.99736E-05 0.039911 0.269601
0.778721 9.99562E-05 9.99562E-05 0.0201768 9.99562E-05 0.0986861 9.99562E-05 9.99562E-05 0.101916
0.661263 9.99474E-05 9.99474E-05 0.00345988 9.99474E-05 9.99474E-05 9.99474E-05 9.99474E-05 0.334678
0.617028 0.0167926 0.181763 9.99648E-05 9.99648E-05 0.00506618 9.99648E-05 9.99648E-05 0.17895
0.693202 0.086824 0.020927 0.0193803 9.99736E-05 9.99736E-05 9.99736E-05 0.0668702 0.112497
0.230894 9.9956E-05 9.9956E-05 9.9956E-05 9.9956E-05 0.250689 9.9956E-05 0.0253631 0.492554
0.512528 9.99472E-05 9.99472E-05 9.99472E-05 9.99472E-05 9.99472E-05 9.99472E-05 0.00142132 0.485451
0.603083 9.99736E-05 0.0442608 0.079737 0.000853468 9.99736E-05 9.99736E-05 0.0195376 0.252228
0.721068 9.99649E-05 0.00761122 0.0012824 9.99649E-05 9.99649E-05 9.99649E-05 0.205974 0.0636647
0.699404 9.99385E-05 9.99385E-05 9.99385E-05 9.99385E-05 9.99385E-05 9.99385E-05 9.99385E-05 0.299896
9.99473E-05 0.0340528 9.99473E-05 9.99473E-05 9.99473E-05 9.99473E-05 9.99473E-05 0.153783 0.811564
9.993E-05 9.993E-05 9.993E-05 9.993E-05 9.993E-05 9.993E-05 9.993E-05 9.993E-05 0.999201
9.99385E-05 9.99385E-05 9.99385E-05 9.99385E-05 9.99385E-05 9.99385E-05 9.99385E-05 0.134085 0.865215
9.993E-05 9.993E-05 9.993E-05 9.993E-05 9.993E-05 9.993E-05 9.993E-05 9.993E-05 0.999201
9.993E-05 9.993E-05 9.993E-05 9.993E-05 9.993E-05 9.993E-05 9.993E-05 9.993E-05 0.999201
9.993E-05 9.993E-05 9.993E-05 9.993E-05 9.993E-05 9.993E-05 9.993E-05 9.993E-05 0.999201
9.99385E-05 9.99385E-05 9.99385E-05 9.99385E-05 9.99385E-05 9.99385E-05 9.99385E-05 0.109918 0.889383
9.993E-05 9.993E-05 9.993E-05 9.993E-05 9.993E-05 9.993E-05 9.993E-05 9.993E-05 0.999201
9.993E-05 9.993E-05 9.993E-05 9.993E-05 9.993E-05 9.993E-05 9.993E-05 9.993E-05 0.999201
9.99472E-05 0.0070378 9.99472E-05 9.99472E-05 9.99472E-05 9.99472E-05 9.99472E-05 0.081869 0.910494
9.99385E-05 9.99385E-05 9.99385E-05 9.99385E-05 9.99385E-05 9.99385E-05 9.99385E-05 0.0725144 0.926786
9.99385E-05 9.99385E-05 9.99385E-05 9.99385E-05 9.99385E-05 9.99385E-05 9.99385E-05 0.138959 0.860341
9.993E-05 9.993E-05 9.993E-05 9.993E-05 9.993E-05 9.993E-05 9.993E-05 9.993E-05 0.999201
9.993E-05 9.993E-05 9.993E-05 9.993E-05 9.993E-05 9.993E-05 9.993E-05 9.993E-05 0.999201
9.99561E-05 0.00556816 9.99561E-05 9.99561E-05 9.99561E-05 0.0356222 9.99561E-05 0.211281 0.747029
9.99385E-05 9.99385E-05 9.99385E-05 9.99385E-05 9.99385E-05 9.99385E-05 9.99385E-05 0.157138 0.842163
0.356845 0.0370431 0.0666202 9.99736E-05 0.143134 9.99736E-05 9.99736E-05 0.141528 0.254529
0.0406168 9.99648E-05 0.000611015 9.99648E-05 9.99648E-05 0.0293093 9.99648E-05 0.23586 0.693203
9.993E-05 9.993E-05 9.993E-05 9.993E-05 9.993E-05 9.993E-05 9.993E-05 9.993E-05 0.999201
9.99385E-05 9.99385E-05 9.99385E-05 9.99385E-05 9.99385E-05 9.99385E-05 9.99385E-05 0.112664 0.886636
9.99385E-05 9.99385E-05 9.99385E-05 9.99385E-05 9.99385E-05 9.99385E-05 9.99385E-05 0.108049 0.891252
9.99385E-05 9.99385E-05 9.99385E-05 9.99385E-05 9.99385E-05 9.99385E-05 9.99385E-05 0.0973204 0.90198
9.993E-05 9.993E-05 9.993E-05 9.993E-05 9.993E-05 9.993E-05 9.993E-05 9.993E-05 0.999201
9.99385E-05 9.99385E-05 9.99385E-05 9.99385E-05 9.99385E-05 9.99385E-05 9.99385E-05 0.122583 0.876717
9.993E-05 9.993E-05 9.993E-05 9.993E-05 9.993E-05 9.993E-05 9.993E-05 9.993E-05 0.999201
9.99385E-05 9.99385E-05 9.99385E-05 9.99385E-05 9.99385E-05 9.99385E-05 9.99385E-05 0.0985671 0.900733
9.99385E-05 9.99385E-05 9.99385E-05 9.99385E-05 9.99385E-05 9.99385E-05 9.99385E-05 0.127624 0.871676
9.993E-05 9.993E-05 9.993E-05 9.993E-05 9.993E-05 9.993E-05 9.993E-05 9.993E-05 0.999201
9.993E-05 9.993E-05 9.993E-05 9.993E-05 9.993E-05 9.993E-05 9.993E-05 9.993E-05 0.999201
9.993E-05 9.993E-05 9.993E-05 9.993E-05 9.993E-05 9.993E-05 9.993E-05 9.993E-05 0.999201
9.99473E-05 9.99473E-05 9.99473E-05 9.99473E-05 9.99473E-05 0.00980848 9.99473E-05 0.156632 0.83296
9.99385E-05 9.99385E-05 9.99385E-05 9.99385E-05 9.99385E-05 9.99385E-05 9.99385E-05 0.194272 0.805028
9.99385E-05 9.99385E-05 9.99385E-05 9.99385E-05 9.99385E-05 9.99385E-05 9.99385E-05 0.0932132 0.906087
9.99385E-05 9.99385E-05 9.99385E-05 9.99385E-05 9.99385E-05 9.99385E-05 9.99385E-05 0.130295 0.869005
9.99384E-05 9.99384E-05 9.99384E-05 9.99384E-05 9.99384E-05 9.99384E-05 9.99384E-05 0.086943 0.912357
9.993E-05 9.993E-05 9.993E-05 9.993E-05 9.993E-05 9.993E-05 9.993E-05 9.993E-05 0.999201
9.993E-05 9.993E-05 9.993E-05 9.993E-05 9.993E-05 9.993E-05 9.993E-05 9.993E-05 0.999201
9.993E-05 9.993E-05 9.993E-05 9.993E-05 9.993E-05 9.993E-05 9.993E-05 9.993E-05 0.999201
9.99385E-05 9.99385E-05 9.99385E-05 9.99385E-05 9.99385E-05 9.99385E-05 9.99385E-05 0.113604 0.885696
9.993E-05 9.993E-05 9.993E-05 9.993E-05 9.993E-05 9.993E-05 9.993E-05 9.993E-05 0.999201
9.993E-05 9.993E-05 9.993E-05 9.993E-05 9.993E-05 9.993E-05 9.993E-05 9.993E-05 0.999201
9.993E-05 9.993E-05 9.993E-05 9.993E-05 9.993E-05 9.993E-05 9.993E-05 9.993E-05 0.999201
9.993E-05 9.993E-05 9.993E-05 9.993E-05 9.993E-05 9.993E-05 9.993E-05 9.993E-05 0.999201
9.99384E-05 9.99384E-05 9.99384E-05 9.99384E-05 9.99384E-05 9.99384E-05 9.99384E-05 0.104866 0.894434
9.993E-05 9.993E-05 9.993E-05 9.993E-05 9.993E-05 9.993E-05 9.993E-05 9.993E-05 0.999201
9.993E-05 9.993E-05 9.993E-05 9.993E-05 9.993E-05 9.993E-05 9.993E-05 9.993E-05 0.999201
0.385843 0.0170542 0.117999 9.99824E-05 0.116788 0.0158833 9.99824E-05 0.104941 0.241291
9.99385E-05 9.99385E-05 9.99385E-05 9.99385E-05 9.99385E-05 9.99385E-05 9.99385E-05 0.208354 0.790946
9.993E-05 9.993E-05 9.993E-05 9.993E-05 9.993E-05 9.993E-05 9.993E-05 9.993E-05 0.999201
9.993E-05 9.993E-05 9.993E-05 9.993E-05 9.993E-05 9.993E-05 9.993E-05 9.993E-05 0.999201
9.993E-05 9.993E-05 9.993E-05 9.993E-05 9.993E-05 9.993E-05 9.993E-05 9.993E-05 0.999201
9.993E-05 9.993E-05 9.993E-05 9.993E-05 9.993E-05 9.993E-05 9.993E-05 9.993E-05 0.999201
9.99385E-05 9.99385E-05 9.99385E-05 9.99385E-05 9.99385E-05 9.99385E-05 9.99385E-05 0.120769 0.878531
9.993E-05 9.993E-05 9.993E-05 9.993E-05 9.993E-05 9.993E-05 9.993E-05 9.993E-05 0.999201
9.99385E-05 9.99385E-05 9.99385E-05 9.99385E-05 9.99385E-05 9.99385E-05 9.99385E-05 0.14591 0.85339
9.993E-05 9.993E-05 9.993E-05 9.993E-05 9.993E-05 9.993E-05 9.993E-05 9.993E-05 0.999201
9.99385E-05 9.99385E-05 9.99385E-05 9.99385E-05 9.99385E-05 9.99385E-05 9.99385E-05 0.142524 0.856777
9.993E-05 9.993E-05 9.993E-05 9.993E-05 9.993E-05 9.993E-05 9.993E-05 9.993E-05 0.999201
9.993E-05 9.993E-05 9.993E-05 9.993E-05 9.993E-05 9.993E-05 9.993E-05 9.993E-05 0.999201
9.993E-05 9.993E-05 9.993E-05 9.993E-05 9.993E-05 9.993E-05 9.993E-05 9.993E-05 0.999201
9.993E-05 9.993E-05 9.993E-05 9.993E-05 9.993E-05 9.993E-05 9.993E-05 9.993E-05 0.999201
9.993E-05 9.993E-05 9.993E-05 9.993E-05 9.993E-05 9.993E-05 9.993E-05 9.993E-05 0.999201
9.993E-05 9.993E-05 9.993E-05 9.993E-05 9.993E-05 9.993E-05 9.993E-05 9.993E-05 0.999201
9.99385E-05 9.99385E-05 9.99385E-05 9.99385E-05 9.99385E-05 9.99385E-05 9.99385E-05 0.085397 0.913903
9.99384E-05 9.99384E-05 9.99384E-05 9.99384E-05 9.99384E-05 9.99384E-05 9.99384E-05 0.107963 0.891338
9.99473E-05 9.99473E-05 9.99473E-05 9.99473E-05 9.99473E-05 0.0313373 9.99473E-05 0.176994 0.791069
9.993E-05 9.993E-05 9.993E-05 9.993E-05 9.993E-05 9.993E-05 9.993E-05 9.993E-05 0.999201
9.99385E-05 9.99385E-05 9.99385E-05 9.99385E-05 9.99385E-05 9.99385E-05 9.99385E-05 0.138293 0.861007
9.99385E-05 9.99385E-05 9.99385E-05 9.99385E-05 9.99385E-05 9.99385E-05 9.99385E-05 0.105169 0.894131
9.99385E-05 9.99385E-05 9.99385E-05 9.99385E-05 9.99385E-05 9.99385E-05 9.99385E-05 0.150436 0.848864
9.993E-05 9.993E-05 9.993E-05 9.993E-05 9.993E-05 9.993E-05 9.993E-05 9.993E-05 0.999201
9.993E-05 9.993E-05 9.993E-05 9.993E-05 9.993E-05 9.993E-05 9.993E-05 9.993E-05 0.999201
9.993E-05 9.993E-05 9.993E-05 9.993E-05 9.993E-05 9.993E-05 9.993E-05 9.993E-05 0.999201
9.99472E-05 0.013578 9.99472E-05 9.99472E-05 9.99472E-05 9.99472E-05 9.99472E-05 0.113536 0.872287
9.993E-05 9.993E-05 9.993E-05 9.993E-05 9.993E-05 9.993E-05 9.993E-05 9.993E-05 0.999201
9.993E-05 9.993E-05 9.993E-05 9.993E-05 9.993E-05 9.993E-05 9.993E-05 9.993E-05 0.999201
9.99385E-05 9.99385E-05 9.99385E-05 9.99385E-05 9.99385E-05 9.99385E-05 9.99385E-05 0.101813 0.897487
9.993E-05 9.993E-05 9.993E-05 9.993E-05 9.993E-05 9.993E-05 9.993E-05 9.993E-05 0.999201
9.993E-05 9.993E-05 9.993E-05 9.993E-05 9.993E-05 9.993E-05 9.993E-05 9.993E-05 0.999201
0.232912 0.0296222 0.0831969 0.120886 9.99824E-05 0.0785412 9.99824E-05 0.0500271 0.404615
9.99385E-05 9.99385E-05 9.99385E-05 9.99385E-05 9.99385E-05 9.99385E-05 9.99385E-05 0.153104 0.846197
9.993E-05 9.993E-05 9.993E-05 9.993E-05 9.993E-05 9.993E-05 9.993E-05 9.993E-05 0.999201
0.392721 9.99473E-05 0.0845892 9.99473E-05 9.99473E-05 9.99473E-05 9.99473E-05 9.99473E-05 0.522091
0.397828 9.99561E-05 9.99561E-05 9.99561E-05 0.0866316 9.99561E-05 9.99561E-05 0.0445546 0.470486
0.405196 9.9956E-05 9.9956E-05 9.9956E-05 9.9956E-05 0.0352999 9.9956E-05 0.0587009 0.500303
0.640454 0.036098 0.109279 9.9956E-05 9.9956E-05 9.9956E-05 9.9956E-05 9.9956E-05 0.213669
0.372793 9.99385E-05 9.99385E-05 9.99385E-05 9.99385E-05 9.99385E-05 9.99385E-05 9.99385E-05 0.626507
0.762952 9.9965E-05 9.9965E-05 9.9965E-05 0.00901228 0.00273967 0.0336088 9.9965E-05 0.191288
0.260923 9.99649E-05 9.99649E-05 0.0270421 0.0608787 9.99649E-05 9.99649E-05 0.0102707 0.640485
0.545273 0.0205687 0.0725361 0.0529393 9.99648E-05 9.99648E-05 9.99648E-05 9.99648E-05 0.308283
0.784012 9.99386E-05 9.99386E-05 9.99386E-05 9.99386E-05 9.99386E-05 9.99386E-05 9.99386E-05 0.215289
0.724366 9.9956E-05 9.9956E-05 9.9956E-05 0.142767 9.9956E-05 9.9956E-05 0.0184416 0.113926
0.659581 9.99473E-05 9.99473E-05 0.0593245 9.99473E-05 9.99473E-05 9.99473E-05 9.99473E-05 0.280495
0.290898 9.99385E-05 9.99385E-05 9.99385E-05 9.99385E-05 9.99385E-05 9.99385E-05 9.99385E-05 0.708402
0.217077 0.0729512 0.146554 9.99648E-05 9.99648E-05 0.0390939 9.99648E-05 9.99648E-05 0.523924
0.7202 0.142252 9.9956E-05 9.9956E-05 9.9956E-05 9.9956E-05 9.9956E-05 0.0663904 0.0706573
0.554907 9.99472E-05 9.99472E-05 0.0568415 9.99472E-05 9.99472E-05 9.99472E-05 9.99472E-05 0.387651
0.383495 9.99561E-05 9.99561E-05 0.0924078 9.99561E-05 0.0683805 9.99561E-05 9.99561E-05 0.455217
0.61138 9.99473E-05 9.99473E-05 9.99473E-05 9.99473E-05 9.99473E-05 9.99473E-05 0.0343073 0.353713
0.382162 0.0787817 0.0572584 0.0601313 9.99736E-05 0.122578 9.99736E-05 9.99736E-05 0.298789
0.431162 9.99648E-05 9.99648E-05 0.0301706 9.99648E-05 0.292129 9.99648E-05 0.0763732 0.169765
0.466576 9.99472E-05 9.99472E-05 9.99472E-05 0.114623 9.99472E-05 9.99472E-05 9.99472E-05 0.418201
0.530704 9.9956E-05 9.9956E-05 9.9956E-05 0.14973 0.0416614 9.9956E-05 9.9956E-05 0.277405
0.661414 9.99473E-05 0.0599882 9.99473E-05 9.99473E-05 9.99473E-05 9.99473E-05 9.99473E-05 0.277998
0.330371 0.0650399 0.00436992 0.120492 9.99736E-05 9.99736E-05 9.99736E-05 0.106047 0.373381
0.647446 9.99472E-05 9.99472E-05 0.0650771 9.99472E-05 9.99472E-05 9.99472E-05 9.99472E-05 0.286877
0.724225 0.149335 9.99472E-05 9.99472E-05 9.99472E-05 9.99472E-05 9.99472E-05 9.99472E-05 0.12584
0.920374 9.99386E-05 9.99386E-05 9.99386E-05 9.99386E-05 0.078926 9.99386E-05 9.99386E-05 9.99386E-05
0.653256 0.0800495 9.9956E-05 9.9956E-05 0.112621 9.9956E-05 9.9956E-05 9.9956E-05 0.153573
0.374028 9.99561E-05 0.0304753 9.99561E-05 9.99561E-05 0.0519886 9.99561E-05 9.99561E-05 0.543009
0.75027 0.0996335 0.0516589 9.99648E-05 0.0677657 9.99648E-05 9.99648E-05 9.99648E-05 0.0302719
0.425257 0.115831 9.99561E-05 9.99561E-05 9.99561E-05 9.99561E-05 9.99561E-05 0.158635 0.299778
0.267298 9.99648E-05 9.99648E-05 0.0306286 0.0936705 0.0264665 9.99648E-05 9.99648E-05 0.581537
0.540788 9.99473E-05 9.99473E-05 0.0112523 9.99473E-05 9.99473E-05 9.99473E-05 9.99473E-05 0.44736
0.395396 9.99648E-05 9.99648E-05 9.99648E-05 0.0996781 0.15467 9.99648E-05 0.00741251 0.342444
0.390183 9.9956E-05 9.9956E-05 0.058556 0.15114 9.9956E-05 9.9956E-05 9.9956E-05 0.399622
0.408135 0.0653635 9.99648E-05 0.113599 0.0756615 9.99648E-05 9.99648E-05 9.99648E-05 0.336841
0.671494 9.9956E-05 9.9956E-05 9.9956E-05 0.0465916 9.9956E-05 9.9956E-05 0.0350632 0.246351
0.999201 9.993E-05 9.993E-05 9.993E-05 9.993E-05 9.993E-05 9.993E-05 9.993E-05 9.993E-05
0.360106 0.0256964 0.13974 0.117736 9.99736E-05 0.140964 9.99736E-05 9.99736E-05 0.215457
0.692667 9.996E-05 0.0892572 0.0909829 9.996E-05 9.996E-05 9.996E-05 0.0265179 0.100175
0.327021 9.99561E-05 9.99561E-05 9.99561E-05 0.306825 0.000415719 9.99561E-05 9.99561E-05 0.365238
0.575784 0.0187209 9.9956E-05 9.9956E-05 9.9956E-05 9.9956E-05 9.9956E-05 0.0238416 0.381154
0.663797 9.99561E-05 9.99561E-05 9.99561E-05 0.0788492 9.99561E-05 9.99561E-05 0.0712502 0.185603
0.371146 9.99472E-05 9.99472E-05 9.99472E-05 0.221877 9.99472E-05 9.99472E-05 9.99472E-05 0.406378
0.212524 9.99561E-05 9.99561E-05 9.99561E-05 0.0354186 0.0464661 9.99561E-05 9.99561E-05 0.705091
0.202247 0.014172 9.99648E-05 0.0144805 9.99648E-05 0.0552947 9.99648E-05 9.99648E-05 0.713406
0.633259 0.0270602 9.99648E-05 0.0203067 9.99648E-05 9.99648E-05 9.99648E-05 0.00135851 0.317616
0.999201 9.993E-05 9.993E-05 9.993E-05 9.993E-05 9.993E-05 9.993E-05 9.993E-05 9.993E-05
0.636637 9.9956E-05 9.9956E-05 0.0556225 9.9956E-05 9.9956E-05 9.9956E-05 0.00866674 0.298574
0.999201 9.993E-05 9.993E-05 9.993E-05 9.993E-05 9.993E-05 9.993E-05 9.993E-05 9.993E-05
0.265073 0.0415522 0.0867123 9.99736E-05 0.041307 0.249525 9.99736E-05 9.99736E-05 0.315531
0.901435 9.99386E-05 9.99386E-05 9.99386E-05 9.99386E-05 0.0978657 9.99386E-05 9.99386E-05 9.99386E-05
0.519646 9.99649E-05 9.99649E-05 0.113929 9.99649E-05 0.0514796 9.99649E-05 0.00246226 0.312083
0.340848 9.99648E-05 9.99648E-05 0.063722 0.158353 0.299481 9.99648E-05 9.99648E-05 0.137196
0.484017 9.99472E-05 9.99472E-05 9.99472E-05 9.99472E-05 0.281896 9.99472E-05 9.99472E-05 0.233487
0.648494 9.99472E-05 9.99472E-05 9.99472E-05 0.23841 9.99472E-05 9.99472E-05 9.99472E-05 0.112496
0.551157 9.99385E-05 9.99385E-05 9.99385E-05 9.99385E-05 9.99385E-05 9.99385E-05 9.99385E-05 0.448143
0.738857 0.000829229 9.99562E-05 9.99562E-05 9.99562E-05 0.082938 9.99562E-05 9.99562E-05 0.176876
0.737437 9.99561E-05 9.99561E-05 0.04422 9.99561E-05 0.00195285 9.99561E-05 9.99561E-05 0.215891
0.54683 9.99473E-05 9.99473E-05 9.99473E-05 9.99473E-05 9.99473E-05 9.99473E-05 0.0112458 0.441325
0.487803 9.99473E-05 9.99473E-05 9.99473E-05 9.99473E-05 0.132851 9.99473E-05 9.99473E-05 0.378746
0.999201 9.993E-05 9.993E-05 9.993E-05 9.993E-05 9.993E-05 9.993E-05 9.993E-05 9.993E-05
0.92853 9.99386E-05 9.99386E-05 9.99386E-05 9.99386E-05 9.99386E-05 9.99386E-05 9.99386E-05 0.0707704
0.878649 9.99562E-05 9.99562E-05 9.99562E-05 9.99562E-05 9.99562E-05 0.0211315 0.0357404 0.0639796
0.583539 0.0617693 9.9956E-05 0.06483 9.9956E-05 9.9956E-05 9.9956E-05 9.9956E-05 0.289362
0.554089 9.99648E-05 0.00508331 0.0366879 9.99648E-05 9.99648E-05 9.99648E-05 0.140928 0.262812
0.583624 9.99561E-05 0.0298864 9.99561E-05 0.0696533 9.99561E-05 9.99561E-05 9.99561E-05 0.316337
0.875801 9.99386E-05 9.99386E-05 9.99386E-05 9.99386E-05 9.99386E-05 9.99386E-05 9.99386E-05 0.123499
0.322285 9.99649E-05 9.99649E-05 0.00629816 0.0898609 0.0935003 9.99649E-05 9.99649E-05 0.487656
0.510671 9.995E-05 9.995E-05 0.0913751 9.995E-05 9.995E-05 9.995E-05 0.0232954 0.374158
0.768605 9.99562E-05 9.99562E-05 0.00980288 9.99562E-05 0.21886 9.99562E-05 0.00223198 9.99562E-05
0.56738 9.99561E-05 9.99561E-05 9.99561E-05 9.99561E-05 0.208823 9.99561E-05 0.0601569 0.16314
0.780174 9.99474E-05 9.99474E-05 9.99474E-05 9.99474E-05 0.105736 0.113489 9.99474E-05 9.99474E-05
0.405646 9.99385E-05 9.99385E-05 9.99385E-05 9.99385E-05 9.99385E-05 9.99385E-05 9.99385E-05 0.593654
0.475365 0.142612 0.147384 9.99649E-05 9.99649E-05 0.214783 9.99649E-05 0.0194559 9.99649E-05
0.894931 9.99473E-05 9.99473E-05 9.99473E-05 9.99473E-05 0.044902 9.99473E-05 9.99473E-05 0.059567
0.524308 9.99473E-05 9.99473E-05 9.99473E-05 9.99473E-05 0.27814 9.99473E-05 9.99473E-05 0.196953
0.867779 9.99474E-05 9.99474E-05 9.99474E-05 9.99474E-05 0.097191 0.0344306 9.99474E-05 9.99474E-05
0.750555 0.0324927 9.99736E-05 0.0214991 0.110797 0.0267691 9.99736E-05 9.99736E-05 0.0575872
0.747162 9.99386E-05 9.99386E-05 9.99386E-05 9.99386E-05 0.252139 9.99386E-05 9.99386E-05 9.99386E-05
0.412809 9.99473E-05 9.99473E-05 0.0984695 9.99473E-05 9.99473E-05 9.99473E-05 9.99473E-05 0.488122
0.609534 9.99648E-05 9.99648E-05 0.111721 0.0457561 9.99648E-05 9.99648E-05 0.0263558 0.206233
0.391892 0.0476784 9.99736E-05 0.0719023 0.143384 9.99736E-05 9.99736E-05 0.0160348 0.328809
0.841003 9.99386E-05 9.99386E-05 9.99386E-05 9.99386E-05 0.158298 9.99386E-05 9.99386E-05 9.99386E-05
0.6001 9.99473E-05 9.99473E-05 0.0761102 9.99473E-05 9.99473E-05 9.99473E-05 9.99473E-05 0.32319
0.411137 9.99561E-05 9.99561E-05 9.99561E-05 9.99561E-05 0.240089 9.99561E-05 0.258481 0.0897933
0.800049 9.99473E-05 9.99473E-05 9.99473E-05 9.99473E-05 0.120376 9.99473E-05 9.99473E-05 0.0789748
0.554141 0.186287 9.99648E-05 0.00343228 9.99648E-05 9.99648E-05 9.99648E-05 0.029338 0.226402
0.376551 0.000410758 9.99473E-05 9.99473E-05 9.99473E-05 9.99473E-05 9.99473E-05 9.99473E-05 0.622438
0.517552 9.99561E-05 0.0630775 9.99561E-05 9.99561E-05 9.99561E-05 9.99561E-05 0.0369103 0.381961
0.429182 9.9956E-05 9.9956E-05 0.0230654 9.9956E-05 9.9956E-05 9.9956E-05 0.0864784 0.460774
0.495636 0.00461565 9.99649E-05 9.99649E-05 9.99649E-05 0.0878029 9.99649E-05 0.230449 0.181097
0.295519 0.16078 9.9956E-05 9.9956E-05 9.9956E-05 0.250912 9.9956E-05 9.9956E-05 0.29229
0.295894 9.99561E-05 9.99561E-05 9.99561E-05 0.0673035 0.107032 9.99561E-05 9.99561E-05 0.529271
0.410353 9.99736E-05 0.0322066 0.135883 9.99736E-05 0.270231 9.99736E-05 0.10871 0.0423166
0.641971 9.99474E-05 9.99474E-05 9.99474E-05 9.99474E-05 0.125378 9.99474E-05 9.99474E-05 0.232051
0.754507 9.99386E-05 9.99386E-05 9.99386E-05 9.99386E-05 0.244794 9.99386E-05 9.99386E-05 9.99386E-05
0.433473 9.99472E-05 9.99472E-05 9.99472E-05 0.293013 9.99472E-05 9.99472E-05 9.99472E-05 0.272914
0.404716 9.99648E-05 9.99648E-05 0.169622 0.114063 0.0497636 9.99648E-05 9.99648E-05 0.261436
0.518419 0.133233 9.99649E-05 0.0601272 9.99649E-05 0.0694863 9.99649E-05 9.99649E-05 0.218335
0.228228 9.99649E-05 9.99649E-05 9.99649E-05 0.0352582 0.122398 9.99649E-05 0.0900799 0.523636
0.399837 0.0743274 9.99736E-05 0.0547807 0.260757 9.99736E-05 9.99736E-05 0.0404657 0.169532
0.536134 9.99473E-05 9.99473E-05 9.99473E-05 0.0469012 9.99473E-05 9.99473E-05 9.99473E-05 0.416365
0.325429 0.0663162 9.99736E-05 0.0391506 9.99736E-05 0.220979 9.99736E-05 0.178593 0.169232
0.790899 9.99474E-05 9.99474E-05 9.99474E-05 9.99474E-05 0.130811 9.99474E-05 9.99474E-05 0.0776902
0.667865 0.00319393 9.99737E-05 9.99737E-05 9.99737E-05 0.0696278 0.015563 0.0496369 0.193813
0.533242 9.99473E-05 9.99473E-05 9.99473E-05 9.99473E-05 0.102461 9.99473E-05 9.99473E-05 0.363698
0.366395 0.215701 0.0427437 9.99736E-05 9.99736E-05 0.311148 9.99736E-05 0.0347608 0.0289522
0.845173 9.99386E-05 9.99386E-05 9.99386E-05 9.99386E-05 0.154128 9.99386E-05 9.99386E-05 9.99386E-05
0.948034 9.99387E-05 9.99387E-05 9.99387E-05 9.99387E-05 0.0512669 9.99387E-05 9.99387E-05 9.99387E-05
0.681528 0.0289082 9.99736E-05 0.0403337 0.0661601 9.99736E-05 9.99736E-05 0.117414 0.0653556
0.754819 0.0340213 9.99561E-05 9.99561E-05 9.99561E-05 9.99561E-05 9.99561E-05 0.00205715 0.208603
0.814129 9.99473E-05 9.99473E-05 0.0677289 9.99473E-05 9.99473E-05 9.99473E-05 9.99473E-05 0.117542
0.521032 9.9956E-05 9.9956E-05 9.9956E-05 0.0104369 9.9956E-05 9.9956E-05 0.00214618 0.465885
0.526725 9.99561E-05 9.99561E-05 9.99561E-05 0.166733 9.99561E-05 9.99561E-05 0.0282662 0.277776
0.41284 9.99736E-05 0.0339631 0.110666 9.99736E-05 0.0717613 9.99736E-05 0.215902 0.154568
0.513418 9.99473E-05 9.99473E-05 9.99473E-05 9.99473E-05 0.147626 9.99473E-05 9.99473E-05 0.338356
0.587586 9.9956E-05 9.9956E-05 9.9956E-05 0.0658431 0.0709275 9.9956E-05 9.9956E-05 0.275144
0.448753 0.158797 9.99648E-05 0.0268127 9.99648E-05 9.99648E-05 9.99648E-05 0.0557467 0.309491
0.904107 9.99473E-05 9.99473E-05 0.0498424 9.99473E-05 9.99473E-05 9.99473E-05 9.99473E-05 0.045451
0.329184 9.99824E-05 0.0312607 0.00152973 0.22231 0.158289 9.99824E-05 0.0141737 0.243054
0.575031 0.169023 9.9956E-05 9.9956E-05 0.0578288 9.9956E-05 9.9956E-05 9.9956E-05 0.197617
0.419746 9.99472E-05 9.99472E-05 0.0895332 9.99472E-05 9.99472E-05 9.99472E-05 9.99472E-05 0.490121
0.328787 9.99648E-05 9.99648E-05 9.99648E-05 0.0972296 0.314183 9.99648E-05 0.0320716 0.227329
0.511188 9.99561E-05 9.99561E-05 0.0291519 0.170944 9.99561E-05 9.99561E-05 9.99561E-05 0.288216
0.639745 9.99386E-05 9.99386E-05 9.99386E-05 9.99386E-05 0.359555 9.99386E-05 9.99386E-05 9.99386E-05
0.363993 0.0814249 9.99561E-05 0.137513 9.99561E-05 9.99561E-05 9.99561E-05 9.99561E-05 0.416569
0.84321 9.99649E-05 9.99649E-05 0.00453094 9.99649E-05 0.0194854 9.99649E-05 0.0573302 0.0750437
0.766598 9.99474E-05 9.99474E-05 9.99474E-05 9.99474E-05 0.228252 9.99474E-05 9.99474E-05 0.00455028
0.376127 9.99648E-05 0.0418029 0.175915 9.99648E-05 0.00929034 9.99648E-05 9.99648E-05 0.396465
0.480918 9.99648E-05 9.99648E-05 9.99648E-05 0.038256 0.160905 9.99648E-05 0.0560423 0.263478
9.99649E-05 9.99649E-05 9.99649E-05 0.109735 0.203888 0.378699 0.0178646 9.99649E-05 0.289414
9.99649E-05 9.99649E-05 9.99649E-05 0.0465647 0.169187 0.616489 9.99649E-05 0.00640796 0.160951
9.99736E-05 9.99736E-05 0.214539 0.0479608 0.0948832 0.456201 9.99736E-05 0.0177133 0.168402
0.18748 9.99737E-05 0.140234 0.0397915 0.044197 0.586752 9.99737E-05 0.00124594 9.99737E-05
0.0619581 0.101124 0.146301 0.050378 9.99825E-05 0.41865 9.99825E-05 0.0320559 0.189334
9.9965E-05 9.9965E-05 9.9965E-05 9.9965E-05 0.108709 0.506924 0.239961 0.0427267 0.101279
9.99649E-05 9.99649E-05 9.99649E-05 0.0665286 0.0830735 0.234114 0.0409999 9.99649E-05 0.574884
9.99561E-05 9.99561E-05 0.226792 0.0688909 9.99561E-05 0.543861 9.99561E-05 9.99561E-05 0.159956
0.00215828 9.9965E-05 0.0286432 0.126518 9.9965E-05 0.641823 0.200458 9.9965E-05 9.9965E-05
9.99473E-05 9.99473E-05 9.99473E-05 9.99473E-05 0.169187 0.62601 9.99473E-05 9.99473E-05 0.204203
0.0378591 0.0145211 9.99824E-05 0.14974 0.140517 0.21578 9.99824E-05 0.0725656 0.368817
9.99649E-05 9.99649E-05 9.99649E-05 0.00171938 9.99649E-05 0.542153 0.0918654 0.275696 0.0881666
0.0324937 9.99737E-05 0.160968 9.99737E-05 0.0831364 0.360225 9.99737E-05 0.0282052 0.334672
9.99562E-05 9.99562E-05 9.99562E-05 0.0247726 9.99562E-05 0.594191 0.339175 9.99562E-05 0.0413608
0.0301142 0.0373707 0.0738436 0.164635 9.99912E-05 0.312892 0.0631977 0.0498293 0.268017
9.99561E-05 9.99561E-05 9.99561E-05 0.0696451 0.301368 0.395788 9.99561E-05 9.99561E-05 0.2327
0.00300443 9.99824E-05 9.99824E-05 0.145353 0.0472411 0.569473 0.0344119 0.00603854 0.194278
0.0315808 9.99737E-05 0.122975 9.99737E-05 9.99737E-05 0.611471 0.044325 0.117068 0.072281
9.99649E-05 9.99649E-05 0.130993 0.188682 9.99649E-05 0.493445 9.99649E-05 0.0179851 0.168495
9.99473E-05 9.99473E-05 9.99473E-05 9.99473E-05 0.180244 0.540325 9.99473E-05 9.99473E-05 0.278831
9.99649E-05 9.99649E-05 0.0221448 0.123866 9.99649E-05 0.422761 0.0648244 9.99649E-05 0.366004
0.0044469 9.99737E-05 9.99737E-05 0.0631974 0.150722 0.44372 0.15307 9.99737E-05 0.184544
9.99824E-05 0.0182091 9.99824E-05 0.0712238 0.0654627 0.226704 0.182827 0.10897 0.326404
9.99384E-05 0.0172204 9.99384E-05 9.99384E-05 9.99384E-05 0.98208 9.99384E-05 9.99384E-05 9.99384E-05
9.99472E-05 9.99472E-05 9.99472E-05 9.99472E-05 9.99472E-05 0.850373 9.99472E-05 0.00888569 0.140142
9.99384E-05 9.99384E-05 9.99384E-05 9.99384E-05 9.99384E-05 0.906582 9.99384E-05 9.99384E-05 0.0927186
9.99472E-05 9.99472E-05 9.99472E-05 9.99472E-05 9.99472E-05 0.855764 9.99472E-05 0.0490611 0.0945753
9.993E-05 9.993E-05 9.993E-05 9.993E-05 9.993E-05 0.999201 9.993E-05 9.993E-05 9.993E-05
9.99385E-05 9.99385E-05 9.99385E-05 9.99385E-05 9.99385E-05 0.877963 9.99385E-05 9.99385E-05 0.121337
9.99472E-05 0.119676 9.99472E-05 0.0172844 9.99472E-05 0.86244 9.99472E-05 9.99472E-05 9.99472E-05
9.993E-05 9.993E-05 9.993E-05 9.993E-05 9.993E-05 0.999201 9.993E-05 9.993E-05 9.993E-05
9.9956E-05 0.00881714 9.9956E-05 9.9956E-05 9.9956E-05 0.803845 9.9956E-05 0.00211129 0.184727
9.99472E-05 9.99472E-05 9.99472E-05 0.00216787 9.99472E-05 0.76521 9.99472E-05 9.99472E-05 0.232022
9.99384E-05 9.99384E-05 9.99384E-05 9.99384E-05 9.99384E-05 0.956665 9.99384E-05 0.0426358 9.99384E-05
9.99385E-05 9.99385E-05 9.99385E-05 9.99385E-05 9.99385E-05 0.963491 9.99385E-05 9.99385E-05 0.0358092
9.99472E-05 9.99472E-05 9.99472E-05 0.0128364 9.99472E-05 0.750862 9.99472E-05 9.99472E-05 0.235702
9.993E-05 9.993E-05 9.993E-05 9.993E-05 9.993E-05 0.999201 9.993E-05 9.993E-05 9.993E-05
9.993E-05 9.993E-05 9.993E-05 9.993E-05 9.993E-05 0.999201 9.993E-05 9.993E-05 9.993E-05
9.99385E-05 9.99385E-05 9.99385E-05 9.99385E-05 0.0785162 0.920784 9.99385E-05 9.99385E-05 9.99385E-05
9.99384E-05 0.026001 9.99384E-05 9.99384E-05 9.99384E-05 0.973299 9.99384E-05 9.99384E-05 9.99384E-05
9.993E-05 9.993E-05 9.993E-05 9.993E-05 9.993E-05 0.999201 9.993E-05 9.993E-05 9.993E-05
9.99385E-05 9.99385E-05 9.99385E-05 9.99385E-05 9.99385E-05 0.921864 9.99385E-05 9.99385E-05 0.0774368
9.993E-05 9.993E-05 9.993E-05 9.993E-05 9.993E-05 0.999201 9.993E-05 9.993E-05 9.993E-05
9.99472E-05 0.0151306 9.99472E-05 9.99472E-05 9.99472E-05 0.635367 9.99472E-05 9.99472E-05 0.348903
9.993E-05 9.993E-05 9.993E-05 9.993E-05 9.993E-05 0.999201 9.993E-05 9.993E-05 9.993E-05
9.99384E-05 9.99384E-05 9.99384E-05 9.99384E-05 9.99384E-05 0.662158 9.99384E-05 9.99384E-05 0.337143
0.861085 0.00791715 9.99561E-05 9.99561E-05 9.99561E-05 9.99561E-05 9.99561E-05 0.103608 0.0268903
9.993E-05 9.993E-05 9.993E-05 9.993E-05 9.993E-05 0.999201 9.993E-05 9.993E-05 9.993E-05
9.993E-05 9.993E-05 9.993E-05 9.993E-05 9.993E-05 0.999201 9.993E-05 9.993E-05 9.993E-05
9.9956E-05 9.9956E-05 0.0579943 0.0524665 9.9956E-05 0.768548 9.9956E-05 9.9956E-05 0.120491
9.993E-05 9.993E-05 9.993E-05 9.993E-05 9.993E-05 0.999201 9.993E-05 9.993E-05 9.993E-05
9.99384E-05 9.99384E-05 9.99384E-05 9.99384E-05 9.99384E-05 0.695146 9.99384E-05 9.99384E-05 0.304155
9.993E-05 9.993E-05 9.993E-05 9.993E-05 9.993E-05 0.999201 9.993E-05 9.993E-05 9.993E-05
9.993E-05 9.993E-05 9.993E-05 9.993E-05 9.993E-05 0.999201 9.993E-05 9.993E-05 9.993E-05
9.99385E-05 9.99385E-05 9.99385E-05 9.99385E-05 0.0637831 0.935517 9.99385E-05 9.99385E-05 9.99385E-05
9.993E-05 9.993E-05 9.993E-05 9.993E-05 9.993E-05 0.999201 9.993E-05 9.993E-05 9.993E-05
9.99384E-05 9.99384E-05 9.99384E-05 9.99384E-05 9.99384E-05 0.907637 9.99384E-05 9.99384E-05 0.0916634
