9.9842E-05 0.387055 9.9842E-05 9.9842E-05 9.9842E-05 0.0384357 9.9842E-05 9.9842E-05 9.9842E-05 0.164852 9.9842E-05 9.9842E-05 9.9842E-05 9.9842E-05 0.0148599 9.9842E-05 0.0723706 9.9842E-05 9.9842E-05 9.9842E-05 9.9842E-05 0.0628106 0.241023 9.9842E-05 9.9842E-05 0.00823866 0.00855671
9.98159E-05 0.693745 9.98159E-05 9.98159E-05 9.98159E-05 0.149935 9.98159E-05 9.98159E-05 0.00466868 0.00864047 9.98159E-05 9.98159E-05 9.98159E-05 9.98159E-05 9.98159E-05 9.98159E-05 9.98159E-05 9.98159E-05 9.98159E-05 9.98159E-05 9.98159E-05 9.98159E-05 0.116444 9.98159E-05 0.024471 9.98159E-05 9.98159E-05
9.98071E-05 0.867524 0.0133798 9.98071E-05 9.98071E-05 9.98071E-05 9.98071E-05 9.98071E-05 9.98071E-05 0.0302845 9.98071E-05 9.98071E-05 9.98071E-05 9.98071E-05 0.0148113 9.98071E-05 9.98071E-05 9.98071E-05 9.98071E-05 9.98071E-05 9.98071E-05 0.071804 9.98071E-05 9.98071E-05 9.98071E-05 9.98071E-05 9.98071E-05
9.9851E-05 0.261896 0.141978 0.0033873 9.9851E-05 9.9851E-05 9.9851E-05 9.9851E-05 0.0689737 0.07355 9.9851E-05 9.9851E-05 9.9851E-05 9.9851E-05 9.9851E-05 9.9851E-05 9.9851E-05 0.0251338 9.9851E-05 0.0170759 9.9851E-05 0.119457 9.9851E-05 9.9851E-05 0.257453 0.0293987 9.9851E-05
0.0126967 0.817636 9.98158E-05 0.136574 9.98158E-05 0.00587914 9.98158E-05 0.0101375 9.98158E-05 9.98158E-05 9.98158E-05 9.98158E-05 9.98158E-05 9.98158E-05 9.98158E-05 9.98158E-05 9.98158E-05 0.0149808 9.98158E-05 9.98158E-05 9.98158E-05 9.98158E-05 9.98158E-05 9.98158E-05 9.98158E-05 9.98158E-05 9.98158E-05
9.98509E-05 0.199956 0.144859 0.0899165 9.98509E-05 0.00392181 9.98509E-05 9.98509E-05 9.98509E-05 0.00717525 9.98509E-05 9.98509E-05 9.98509E-05 9.98509E-05 9.98509E-05 9.98509E-05 9.98509E-05 0.159417 0.011537 0.13798 9.98509E-05 9.98509E-05 0.229658 9.98509E-05 9.98509E-05 9.98509E-05 0.0138816
0.0279833 0.286526 9.98685E-05 9.98685E-05 9.98685E-05 0.0269824 0.14072 9.98685E-05 9.98685E-05 0.0791116 9.98685E-05 9.98685E-05 0.0852117 9.98685E-05 0.0124896 9.98685E-05 9.98685E-05 0.00646383 9.98685E-05 9.98685E-05 9.98685E-05 0.0210514 0.155963 9.98685E-05 0.0653591 0.0906402 9.98685E-05
0.0519972 0.179796 9.98598E-05 0.0497615 9.98598E-05 0.00276202 9.98598E-05 9.98598E-05 9.98598E-05 0.149935 9.98598E-05 9.98598E-05 9.98598E-05 9.98598E-05 9.98598E-05 9.98598E-05 0.0566661 0.0798893 9.98598E-05 0.181065 0.0752904 9.98598E-05 0.0812035 9.98598E-05 9.98598E-05 9.98598E-05 0.0900369
0.00670797 0.157855 9.98422E-05 9.98422E-05 9.98422E-05 0.0825079 9.98422E-05 9.98422E-05 9.98422E-05 9.98422E-05 9.98422E-05 9.98422E-05 9.98422E-05 9.98422E-05 0.215595 9.98422E-05 9.98422E-05 9.98422E-05 9.98422E-05 0.213026 9.98422E-05 0.127998 0.13522 0.000408397 9.98422E-05 9.98422E-05 0.0588846
9.97806E-05 0.889071 9.97806E-05 9.97806E-05 9.97806E-05 9.97806E-05 9.97806E-05 9.97806E-05 9.97806E-05 9.97806E-05 9.97806E-05 9.97806E-05 9.97806E-05 9.97806E-05 9.97806E-05 9.97806E-05 9.97806E-05 9.97806E-05 9.97806E-05 9.97806E-05 9.97806E-05 0.108435 9.97806E-05 9.97806E-05 9.97806E-05 9.97806E-05 9.97806E-05
9.98157E-05 0.520228 9.98157E-05 9.98157E-05 9.98157E-05 9.98157E-05 9.98157E-05 9.98157E-05 9.98157E-05 0.0877077 9.98157E-05 9.98157E-05 9.98157E-05 9.98157E-05 9.98157E-05 9.98157E-05 9.98157E-05 9.98157E-05 9.98157E-05 0.0119485 9.98157E-05 0.175543 0.109858 9.98157E-05 9.98157E-05 0.0926196 9.98157E-05
9.97983E-05 0.899189 9.97983E-05 9.97983E-05 9.97983E-05 9.97983E-05 9.97983E-05 9.97983E-05 9.97983E-05 9.97983E-05 9.97983E-05 9.97983E-05 9.97983E-05 9.97983E-05 9.97983E-05 0.0340586 9.97983E-05 9.97983E-05 9.97983E-05 9.97983E-05 9.97983E-05 9.97983E-05 0.0193545 9.97983E-05 0.045102 9.97983E-05 9.97983E-05
9.97894E-05 0.858005 9.97894E-05 9.97894E-05 9.97894E-05 9.97894E-05 9.97894E-05 9.97894E-05 9.97894E-05 0.0655149 9.97894E-05 9.97894E-05 9.97894E-05 9.97894E-05 9.97894E-05 9.97894E-05 9.97894E-05 9.97894E-05 9.97894E-05 9.97894E-05 9.97894E-05 0.0740855 9.97894E-05 9.97894E-05 9.97894E-05 9.97894E-05 9.97894E-05
9.98246E-05 0.517901 9.98246E-05 0.0823737 9.98246E-05 9.98246E-05 9.98246E-05 9.98246E-05 9.98246E-05 0.0563793 0.257291 9.98246E-05 9.98246E-05 9.98246E-05 9.98246E-05 9.98246E-05 9.98246E-05 9.98246E-05 9.98246E-05 9.98246E-05 0.0140945 0.0433074 9.98246E-05 0.026656 9.98246E-05 9.98246E-05 9.98246E-05
9.98598E-05 0.248269 0.0250206 9.98598E-05 0.0485625 9.98598E-05 0.0438452 9.98598E-05 9.98598E-05 9.98598E-05 9.98598E-05 9.98598E-05 9.98598E-05 9.98598E-05 0.0501926 9.98598E-05 9.98598E-05 0.000105188 9.98598E-05 0.131071 9.98598E-05 0.205344 0.190459 0.0318257 9.98598E-05 9.98598E-05 0.0237076
0.0157 0.197144 0.0122227 9.98509E-05 9.98509E-05 9.98509E-05 9.98509E-05 9.98509E-05 9.98509E-05 0.135254 9.98509E-05 9.98509E-05 9.98509E-05 9.98509E-05 9.98509E-05 9.98509E-05 9.98509E-05 9.98509E-05 0.0417347 0.158527 0.15809 0.0901028 0.139034 9.98509E-05 0.0504931 9.98509E-05 9.98509E-05
9.98335E-05 0.564448 9.98335E-05 9.98335E-05 9.98335E-05 0.102908 0.0744745 9.98335E-05 9.98335E-05 0.0211634 9.98335E-05 9.98335E-05 9.98335E-05 0.14384 9.98335E-05 9.98335E-05 0.00250343 9.98335E-05 9.98335E-05 9.98335E-05 9.98335E-05 0.0101281 9.98335E-05 9.98335E-05 9.98335E-05 0.0786382 9.98335E-05
0.0228633 0.205602 9.98246E-05 9.98246E-05 9.98246E-05 9.98246E-05 9.98246E-05 9.98246E-05 0.0923041 0.115384 9.98246E-05 0.161317 9.98246E-05 9.98246E-05 9.98246E-05 9.98246E-05 9.98246E-05 9.98246E-05 9.98246E-05 9.98246E-05 9.98246E-05 0.150205 0.250329 9.98246E-05 9.98246E-05 9.98246E-05 9.98246E-05
9.98246E-05 0.349477 9.98246E-05 9.98246E-05 0.046615 9.98246E-05 9.98246E-05 9.98246E-05 9.98246E-05 0.148792 9.98246E-05 9.98246E-05 9.98246E-05 9.98246E-05 9.98246E-05 9.98246E-05 9.98246E-05 0.0788451 0.0406881 0.106611 9.98246E-05 0.226975 9.98246E-05 9.98246E-05 9.98246E-05 9.98246E-05 9.98246E-05
9.97983E-05 0.934738 9.97983E-05 9.97983E-05 9.97983E-05 9.97983E-05 9.97983E-05 9.97983E-05 0.050749 9.97983E-05 9.97983E-05 9.97983E-05 9.97983E-05 9.97983E-05 9.97983E-05 9.97983E-05 9.97983E-05 9.97983E-05 9.97983E-05 0.00153249 9.97983E-05 0.0106853 9.97983E-05 9.97983E-05 9.97983E-05 9.97983E-05 9.97983E-05
0.22006 0.486482 9.98334E-05 9.98334E-05 9.98334E-05 9.98334E-05 9.98334E-05 9.98334E-05 9.98334E-05 9.98334E-05 9.98334E-05 0.0196954 9.98334E-05 9.98334E-05 9.98334E-05 9.98334E-05 9.98334E-05 9.98334E-05 9.98334E-05 0.0764502 0.0585218 0.024846 9.98334E-05 9.98334E-05 0.0705596 0.0414881 9.98334E-05
9.98422E-05 0.255401 0.00904188 9.98422E-05 9.98422E-05 9.98422E-05 9.98422E-05 0.0290478 9.98422E-05 0.295381 0.0238566 9.98422E-05 9.98422E-05 9.98422E-05 9.98422E-05 0.110944 9.98422E-05 0.14414 0.0393497 0.0910418 9.98422E-05 9.98422E-05 9.98422E-05 9.98422E-05 9.98422E-05 9.98422E-05 9.98422E-05
9.98336E-05 0.608221 0.0132515 9.98336E-05 9.98336E-05 0.0440679 9.98336E-05 9.98336E-05 9.98336E-05 9.98336E-05 9.98336E-05 0.00018697 9.98336E-05 9.98336E-05 9.98336E-05 9.98336E-05 9.98336E-05 9.98336E-05 9.98336E-05 9.98336E-05 9.98336E-05 0.140904 0.157674 9.98336E-05 0.0115145 0.0222829 9.98336E-05
9.98071E-05 0.372583 9.98071E-05 9.98071E-05 9.98071E-05 9.98071E-05 9.98071E-05 9.98071E-05 9.98071E-05 0.280968 9.98071E-05 9.98071E-05 9.98071E-05 9.98071E-05 0.0519267 9.98071E-05 9.98071E-05 9.98071E-05 9.98071E-05 9.98071E-05 9.98071E-05 0.231297 0.061029 9.98071E-05 9.98071E-05 9.98071E-05 9.98071E-05
9.98421E-05 0.25727 0.0405115 9.98421E-05 0.00236329 9.98421E-05 9.98421E-05 9.98421E-05 0.0394295 0.0159959 9.98421E-05 9.98421E-05 9.98421E-05 9.98421E-05 9.98421E-05 9.98421E-05 9.98421E-05 9.98421E-05 9.98421E-05 0.193875 9.98421E-05 0.218463 9.98421E-05 9.98421E-05 0.160317 0.0699778 9.98421E-05
9.98071E-05 0.660895 0.0863305 9.98071E-05 9.98071E-05 9.98071E-05 9.98071E-05 9.98071E-05 9.98071E-05 0.0750421 9.98071E-05 9.98071E-05 9.98071E-05 9.98071E-05 9.98071E-05 9.98071E-05 9.98071E-05 9.98071E-05 9.98071E-05 9.98071E-05 9.98071E-05 0.0778862 9.98071E-05 9.98071E-05 0.0976508 9.98071E-05 9.98071E-05
9.98245E-05 0.00110204 0.15128 9.98245E-05 9.98245E-05 9.98245E-05 9.98245E-05 0.296717 9.98245E-05 0.226865 9.98245E-05 0.149727 9.98245E-05 9.98245E-05 9.98245E-05 9.98245E-05 9.98245E-05 9.98245E-05 9.98245E-05 9.98245E-05 0.0642548 0.108057 9.98245E-05 9.98245E-05 9.98245E-05 9.98245E-05 9.98245E-05
9.97985E-05 0.755255 9.97985E-05 9.97985E-05 9.97985E-05 9.97985E-05 9.97985E-05 9.97985E-05 9.97985E-05 0.0977435 9.97985E-05 9.97985E-05 9.97985E-05 9.97985E-05 9.97985E-05 9.97985E-05 9.97985E-05 9.97985E-05 9.97985E-05 9.97985E-05 9.97985E-05 0.0484395 9.97985E-05 9.97985E-05 0.0962671 9.97985E-05 9.97985E-05
9.98423E-05 0.579515 0.0623464 9.98423E-05 9.98423E-05 9.98423E-05 9.98423E-05 0.0232945 0.0259966 0.00612412 9.98423E-05 9.98423E-05 9.98423E-05 9.98423E-05 0.088861 9.98423E-05 9.98423E-05 9.98423E-05 0.0194576 9.98423E-05 9.98423E-05 0.144898 0.0477099 9.98423E-05 9.98423E-05 9.98423E-05 9.98423E-05
9.98422E-05 0.638475 9.98422E-05 9.98422E-05 9.98422E-05 9.98422E-05 9.98422E-05 0.12079 9.98422E-05 0.0307644 0.0749824 9.98422E-05 9.98422E-05 9.98422E-05 0.0184694 9.98422E-05 0.0188847 0.0141406 9.98422E-05 0.0364386 9.98422E-05 0.0452577 9.98422E-05 9.98422E-05 9.98422E-05 9.98422E-05 9.98422E-05
9.98421E-05 0.645673 9.98421E-05 9.98421E-05 0.0470428 9.98421E-05 9.98421E-05 0.00212918 0.0498271 9.98421E-05 9.98421E-05 9.98421E-05 9.98421E-05 9.98421E-05 9.98421E-05 9.98421E-05 9.98421E-05 9.98421E-05 0.0329419 0.00243089 9.98421E-05 0.0793621 0.124975 9.98421E-05 9.98421E-05 0.0138204 9.98421E-05
9.98335E-05 0.55778 0.187288 9.98335E-05 9.98335E-05 9.98335E-05 9.98335E-05 9.98335E-05 9.98335E-05 0.0294198 9.98335E-05 9.98335E-05 9.98335E-05 0.0133846 9.98335E-05 9.98335E-05 9.98335E-05 0.0388339 9.98335E-05 9.98335E-05 9.98335E-05 0.0650666 9.98335E-05 9.98335E-05 0.056912 0.0494184 9.98335E-05
9.98246E-05 0.559939 9.98246E-05 9.98246E-05 9.98246E-05 9.98246E-05 9.98246E-05 9.98246E-05 9.98246E-05 0.0739569 9.98246E-05 9.98246E-05 0.0145966 9.98246E-05 9.98246E-05 9.98246E-05 9.98246E-05 9.98246E-05 9.98246E-05 9.98246E-05 9.98246E-05 0.122475 0.0812398 9.98246E-05 0.0394208 0.106375 9.98246E-05
9.98509E-05 0.362709 0.148683 0.00190412 9.98509E-05 9.98509E-05 0.0318157 0.0228467 9.98509E-05 0.204842 0.00864307 9.98509E-05 0.0234873 9.98509E-05 0.0272141 9.98509E-05 9.98509E-05 9.98509E-05 9.98509E-05 9.98509E-05 9.98509E-05 0.166158 9.98509E-05 9.98509E-05 9.98509E-05 9.98509E-05 9.98509E-05
9.98247E-05 0.768706 9.98247E-05 9.98247E-05 0.0149359 0.00934377 0.00181201 0.0912377 0.0572088 9.98247E-05 9.98247E-05 9.98247E-05 9.98247E-05 9.98247E-05 9.98247E-05 9.98247E-05 9.98247E-05 9.98247E-05 9.98247E-05 9.98247E-05 9.98247E-05 9.98247E-05 9.98247E-05 9.98247E-05 9.98247E-05 0.0547591 9.98247E-05
9.98509E-05 0.66101 9.98509E-05 9.98509E-05 9.98509E-05 0.0237031 9.98509E-05 0.0313242 9.98509E-05 0.0749257 9.98509E-05 9.98509E-05 9.98509E-05 9.98509E-05 0.0138665 9.98509E-05 0.0128547 9.98509E-05 9.98509E-05 0.0134476 9.98509E-05 0.00527718 0.0102694 9.98509E-05 0.151624 9.98509E-05 9.98509E-05
9.97985E-05 0.867024 9.97985E-05 9.97985E-05 9.97985E-05 0.0124398 9.97985E-05 9.97985E-05 9.97985E-05 9.97985E-05 9.97985E-05 9.97985E-05 0.0123123 9.97985E-05 9.97985E-05 9.97985E-05 9.97985E-05 0.105928 9.97985E-05 9.97985E-05 9.97985E-05 9.97985E-05 9.97985E-05 9.97985E-05 9.97985E-05 9.97985E-05 9.97985E-05
9.98335E-05 0.572229 9.98335E-05 9.98335E-05 9.98335E-05 0.0922858 9.98335E-05 9.98335E-05 0.0620711 0.0169252 9.98335E-05 9.98335E-05 9.98335E-05 0.000804295 9.98335E-05 9.98335E-05 9.98335E-05 9.98335E-05 9.98335E-05 0.152743 9.98335E-05 0.0767211 9.98335E-05 9.98335E-05 0.0243243 9.98335E-05 9.98335E-05
9.98159E-05 0.446349 9.98159E-05 0.0276949 9.98159E-05 0.0149163 9.98159E-05 9.98159E-05 9.98159E-05 0.0475634 9.98159E-05 9.98159E-05 9.98159E-05 0.203105 9.98159E-05 9.98159E-05 9.98159E-05 9.98159E-05 9.98159E-05 9.98159E-05 9.98159E-05 0.258275 9.98159E-05 9.98159E-05 9.98159E-05 9.98159E-05 9.98159E-05
9.98332E-05 0.497033 0.0515086 9.98332E-05 9.98332E-05 9.98332E-05 9.98332E-05 9.98332E-05 9.98332E-05 0.0182752 0.0753214 9.98332E-05 0.0506845 9.98332E-05 9.98332E-05 9.98332E-05 9.98332E-05 0.0942247 9.98332E-05 9.98332E-05 0.0529703 0.158086 9.98332E-05 9.98332E-05 9.98332E-05 9.98332E-05 9.98332E-05
9.98071E-05 0.759597 9.98071E-05 9.98071E-05 9.98071E-05 9.98071E-05 9.98071E-05 0.0713336 9.98071E-05 0.0687399 9.98071E-05 9.98071E-05 9.98071E-05 9.98071E-05 9.98071E-05 9.98071E-05 9.98071E-05 9.98071E-05 9.98071E-05 9.98071E-05 9.98071E-05 0.0544497 9.98071E-05 0.0436845 9.98071E-05 9.98071E-05 9.98071E-05
9.98074E-05 0.545413 9.98074E-05 9.98074E-05 9.98074E-05 9.98074E-05 9.98074E-05 0.096979 9.98074E-05 0.0847094 9.98074E-05 9.98074E-05 9.98074E-05 9.98074E-05 9.98074E-05 9.98074E-05 9.98074E-05 9.98074E-05 9.98074E-05 0.119087 9.98074E-05 0.151615 9.98074E-05 9.98074E-05 9.98074E-05 9.98074E-05 9.98074E-05
9.98158E-05 0.616962 9.98158E-05 9.98158E-05 9.98158E-05 9.98158E-05 9.98158E-05 0.0694228 9.98158E-05 0.00615267 0.236576 9.98158E-05 9.98158E-05 9.98158E-05 9.98158E-05 9.98158E-05 9.98158E-05 0.0598299 9.98158E-05 9.98158E-05 9.98158E-05 9.98158E-05 9.98158E-05 0.00896099 9.98158E-05 9.98158E-05 9.98158E-05
9.98422E-05 0.278775 9.98422E-05 9.98422E-05 9.98422E-05 0.0230337 9.98422E-05 9.98422E-05 9.98422E-05 0.0650951 9.98422E-05 9.98422E-05 9.98422E-05 9.98422E-05 0.141274 9.98422E-05 0.033761 9.98422E-05 9.98422E-05 0.148238 9.98422E-05 0.135274 0.130569 9.98422E-05 9.98422E-05 0.0421833 9.98422E-05
9.98159E-05 0.209027 9.98159E-05 0.0444518 9.98159E-05 9.98159E-05 0.157487 9.98159E-05 9.98159E-05 0.377004 9.98159E-05 9.98159E-05 9.98159E-05 9.98159E-05 9.98159E-05 9.98159E-05 9.98159E-05 0.0200081 9.98159E-05 9.98159E-05 9.98159E-05 0.189926 9.98159E-05 9.98159E-05 9.98159E-05 9.98159E-05 9.98159E-05
9.9807E-05 0.824832 9.9807E-05 9.9807E-05 9.9807E-05 9.9807E-05 9.9807E-05 9.9807E-05 0.0249878 0.0516512 9.9807E-05 9.9807E-05 9.9807E-05 9.9807E-05 9.9807E-05 0.0670012 9.9807E-05 9.9807E-05 9.9807E-05 9.9807E-05 9.9807E-05 0.0293324 9.9807E-05 9.9807E-05 9.9807E-05 9.9807E-05 9.9807E-05
9.97983E-05 0.785253 9.97983E-05 9.97983E-05 9.97983E-05 9.97983E-05 9.97983E-05 9.97983E-05 9.97983E-05 9.97983E-05 9.97983E-05 9.97983E-05 9.97983E-05 9.97983E-05 9.97983E-05 9.97983E-05 9.97983E-05 9.97983E-05 9.97983E-05 0.00737062 9.97983E-05 0.0638037 9.97983E-05 9.97983E-05 0.141277 9.97983E-05 9.97983E-05
9.98071E-05 0.927351 9.98071E-05 0.0174509 9.98071E-05 9.98071E-05 9.98071E-05 9.98071E-05 9.98071E-05 9.98071E-05 9.98071E-05 9.98071E-05 0.0117414 9.98071E-05 9.98071E-05 9.98071E-05 9.98071E-05 9.98071E-05 9.98071E-05 9.98071E-05 0.00575909 0.0355023 9.98071E-05 9.98071E-05 9.98071E-05 9.98071E-05 9.98071E-05
9.98157E-05 0.609597 9.98157E-05 9.98157E-05 9.98157E-05 9.98157E-05 9.98157E-05 9.98157E-05 9.98157E-05 0.123364 9.98157E-05 9.98157E-05 9.98157E-05 9.98157E-05 9.98157E-05 0.00312694 9.98157E-05 0.145464 9.98157E-05 9.98157E-05 9.98157E-05 0.105057 0.0112949 9.98157E-05 9.98157E-05 9.98157E-05 9.98157E-05
9.98162E-05 0.740478 9.98162E-05 0.0578572 9.98162E-05 9.98162E-05 9.98162E-05 9.98162E-05 9.98162E-05 0.00244503 9.98162E-05 0.0385756 0.0785547 9.98162E-05 9.98162E-05 9.98162E-05 9.98162E-05 0.0799937 9.98162E-05 9.98162E-05 9.98162E-05 9.98162E-05 9.98162E-05 9.98162E-05 9.98162E-05 9.98162E-05 9.98162E-05
9.98508E-05 0.321936 0.185509 9.98508E-05 9.98508E-05 9.98508E-05 9.98508E-05 0.0738117 9.98508E-05 9.98508E-05 9.98508E-05 9.98508E-05 9.98508E-05 9.98508E-05 0.0720083 0.101393 9.98508E-05 9.98508E-05 9.98508E-05 0.0346118 0.00611577 0.150035 9.98508E-05 0.0139513 9.98508E-05 0.03893 9.98508E-05
9.98073E-05 0.522623 9.98073E-05 9.98073E-05 9.98073E-05 9.98073E-05 9.98073E-05 0.100951 0.127462 0.174712 9.98073E-05 9.98073E-05 9.98073E-05 9.98073E-05 9.98073E-05 9.98073E-05 9.98073E-05 9.98073E-05 9.98073E-05 9.98073E-05 9.98073E-05 9.98073E-05 9.98073E-05 9.98073E-05 0.0720562 9.98073E-05 9.98073E-05
9.98071E-05 0.854812 0.059971 9.98071E-05 0.000223407 9.98071E-05 9.98071E-05 9.98071E-05 9.98071E-05 9.98071E-05 9.98071E-05 0.058801 9.98071E-05 9.98071E-05 9.98071E-05 9.98071E-05 9.98071E-05 9.98071E-05 9.98071E-05 9.98071E-05 9.98071E-05 0.023997 9.98071E-05 9.98071E-05 9.98071E-05 9.98071E-05 9.98071E-05
9.98335E-05 0.531009 9.98335E-05 0.0442397 9.98335E-05 9.98335E-05 9.98335E-05 9.98335E-05 9.98335E-05 0.0312346 0.157718 0.0141235 0.042897 9.98335E-05 9.98335E-05 9.98335E-05 9.98335E-05 9.98335E-05 9.98335E-05 9.98335E-05 0.160013 0.0168681 9.98335E-05 9.98335E-05 9.98335E-05 9.98335E-05 9.98335E-05
9.97985E-05 0.77258 9.97985E-05 9.97985E-05 0.117837 9.97985E-05 9.97985E-05 9.97985E-05 9.97985E-05 9.97985E-05 9.97985E-05 9.97985E-05 9.97985E-05 9.97985E-05 9.97985E-05 9.97985E-05 9.97985E-05 9.97985E-05 9.97985E-05 9.97985E-05 9.97985E-05 0.0567181 9.97985E-05 0.0505695 9.97985E-05 9.97985E-05 9.97985E-05
0.0668492 0.69744 0.0552847 9.98248E-05 9.98248E-05 9.98248E-05 9.98248E-05 9.98248E-05 0.0626281 9.98248E-05 9.98248E-05 9.98248E-05 9.98248E-05 9.98248E-05 9.98248E-05 9.98248E-05 9.98248E-05 0.0893081 0.00233685 9.98248E-05 0.0241564 9.98248E-05 9.98248E-05 9.98248E-05 9.98248E-05 9.98248E-05 9.98248E-05
9.98333E-05 0.733821 9.98333E-05 0.0170291 9.98333E-05 9.98333E-05 9.98333E-05 9.98333E-05 9.98333E-05 0.0975728 9.98333E-05 0.0291243 9.98333E-05 9.98333E-05 9.98333E-05 9.98333E-05 9.98333E-05 0.0235181 0.0399876 9.98333E-05 0.000869581 0.056181 9.98333E-05 9.98333E-05 9.98333E-05 9.98333E-05 9.98333E-05
9.98071E-05 0.803641 9.98071E-05 9.98071E-05 9.98071E-05 9.98071E-05 0.132676 9.98071E-05 9.98071E-05 0.00360634 9.98071E-05 9.98071E-05 9.98071E-05 9.98071E-05 9.98071E-05 9.98071E-05 9.98071E-05 9.98071E-05 9.98071E-05 9.98071E-05 9.98071E-05 0.0552611 9.98071E-05 9.98071E-05 0.00261944 9.98071E-05 9.98071E-05
9.98158E-05 0.806346 9.98158E-05 9.98158E-05 9.98158E-05 0.078016 9.98158E-05 9.98158E-05 9.98158E-05 9.98158E-05 9.98158E-05 9.98158E-05 9.98158E-05 9.98158E-05 9.98158E-05 9.98158E-05 0.0304832 9.98158E-05 9.98158E-05 9.98158E-05 9.98158E-05 0.0405741 9.98158E-05 9.98158E-05 0.00589744 9.98158E-05 0.0365875
9.98419E-05 9.98419E-05 9.98419E-05 9.98419E-05 9.98419E-05 0.0244423 9.98419E-05 9.98419E-05 9.98419E-05 9.98419E-05 9.98419E-05 0.00544489 9.98419E-05 9.98419E-05 9.98419E-05 9.98419E-05 0.00226571 9.98419E-05 9.98419E-05 0.0456148 9.98419E-05 0.0876375 0.688274 0.00938003 9.98419E-05 0.0401376 0.095006
0.0366443 9.97897E-05 9.97897E-05 9.97897E-05 9.97897E-05 9.97897E-05 9.97897E-05 9.97897E-05 9.97897E-05 9.97897E-05 9.97897E-05 9.97897E-05 9.97897E-05 9.97897E-05 9.97897E-05 9.97897E-05 9.97897E-05 9.97897E-05 9.97897E-05 9.97897E-05 9.97897E-05 9.97897E-05 0.954939 9.97897E-05 0.00602127 9.97897E-05 9.97897E-05
9.97983E-05 9.97983E-05 9.97983E-05 9.97983E-05 9.97983E-05 9.97983E-05 9.97983E-05 9.97983E-05 9.97983E-05 9.97983E-05 0.00387431 0.0418708 0.0764318 9.97983E-05 9.97983E-05 9.97983E-05 9.97983E-05 9.97983E-05 9.97983E-05 9.97983E-05 9.97983E-05 9.97983E-05 0.875528 9.97983E-05 9.97983E-05 9.97983E-05 9.97983E-05
9.98158E-05 9.98158E-05 0.159021 9.98158E-05 9.98158E-05 0.226478 9.98158E-05 9.98158E-05 9.98158E-05 9.98158E-05 9.98158E-05 9.98158E-05 0.0628772 9.98158E-05 9.98158E-05 9.98158E-05 9.98158E-05 9.98158E-05 9.98158E-05 0.141168 9.98158E-05 0.0445268 0.363833 9.98158E-05 9.98158E-05 9.98158E-05 9.98158E-05
9.9833E-05 9.9833E-05 9.9833E-05 0.0261919 9.9833E-05 9.9833E-05 9.9833E-05 9.9833E-05 0.0457422 0.0930257 9.9833E-05 0.0200035 0.0150372 9.9833E-05 9.9833E-05 9.9833E-05 9.9833E-05 9.9833E-05 9.9833E-05 0.0497666 9.9833E-05 0.0586072 0.689729 9.9833E-05 9.9833E-05 9.9833E-05 9.9833E-05
9.98066E-05 9.98066E-05 9.98066E-05 9.98066E-05 9.98066E-05 9.98066E-05 9.98066E-05 9.98066E-05 9.98066E-05 0.0813456 9.98066E-05 9.98066E-05 9.98066E-05 9.98066E-05 9.98066E-05 9.98066E-05 0.0188823 9.98066E-05 9.98066E-05 0.0323439 9.98066E-05 0.190518 0.674715 9.98066E-05 9.98066E-05 9.98066E-05 9.98066E-05
9.9798E-05 9.9798E-05 9.9798E-05 9.9798E-05 9.9798E-05 0.291777 9.9798E-05 9.9798E-05 9.9798E-05 9.9798E-05 9.9798E-05 9.9798E-05 9.9798E-05 9.9798E-05 9.9798E-05 9.9798E-05 9.9798E-05 9.9798E-05 9.9798E-05 9.9798E-05 9.9798E-05 0.0952842 0.567725 9.9798E-05 0.0429189 9.9798E-05 9.9798E-05
9.98242E-05 9.98242E-05 0.029965 9.98242E-05 9.98242E-05 0.115641 9.98242E-05 9.98242E-05 9.98242E-05 9.98242E-05 9.98242E-05 0.103666 0.0252557 9.98242E-05 9.98242E-05 9.98242E-05 9.98242E-05 9.98242E-05 9.98242E-05 0.0813424 9.98242E-05 0.0742446 0.567888 9.98242E-05 9.98242E-05 9.98242E-05 9.98242E-05
9.97984E-05 9.97984E-05 9.97984E-05 9.97984E-05 9.97984E-05 0.0395569 9.97984E-05 0.00225705 9.97984E-05 9.97984E-05 9.97984E-05 9.97984E-05 9.97984E-05 9.97984E-05 0.0017316 9.97984E-05 9.97984E-05 9.97984E-05 9.97984E-05 9.97984E-05 9.97984E-05 9.97984E-05 0.954159 9.97984E-05 9.97984E-05 9.97984E-05 9.97984E-05
0.00589218 9.98158E-05 9.98158E-05 9.98158E-05 9.98158E-05 9.98158E-05 9.98158E-05 9.98158E-05 9.98158E-05 9.98158E-05 9.98158E-05 9.98158E-05 9.98158E-05 9.98158E-05 9.98158E-05 9.98158E-05 0.0228603 9.98158E-05 9.98158E-05 0.0773181 9.98158E-05 9.98158E-05 0.79504 9.98158E-05 0.0435313 0.0532623 9.98158E-05
9.98154E-05 9.98154E-05 9.98154E-05 9.98154E-05 9.98154E-05 9.98154E-05 9.98154E-05 9.98154E-05 9.98154E-05 9.98154E-05 9.98154E-05 9.98154E-05 9.98154E-05 9.98154E-05 9.98154E-05 9.98154E-05 9.98154E-05 0.0034643 0.0139961 0.0480892 9.98154E-05 0.2782 0.513387 9.98154E-05 9.98154E-05 0.140767 9.98154E-05
9.98419E-05 9.98419E-05 9.98419E-05 0.0225679 9.98419E-05 0.0509284 9.98419E-05 9.98419E-05 9.98419E-05 0.0929099 9.98419E-05 9.98419E-05 0.0414181 9.98419E-05 9.98419E-05 9.98419E-05 0.103566 9.98419E-05 9.98419E-05 9.98419E-05 9.98419E-05 0.0575671 0.467226 0.10877 9.98419E-05 0.0532489 9.98419E-05
9.98243E-05 9.98243E-05 0.0158199 9.98243E-05 9.98243E-05 9.98243E-05 9.98243E-05 9.98243E-05 9.98243E-05 9.98243E-05 9.98243E-05 9.98243E-05 9.98243E-05 9.98243E-05 9.98243E-05 0.129294 0.118373 9.98243E-05 9.98243E-05 0.115436 0.0169554 9.98243E-05 0.568317 9.98243E-05 9.98243E-05 0.0338072 9.98243E-05
9.97982E-05 9.97982E-05 9.97982E-05 9.97982E-05 9.97982E-05 9.97982E-05 9.97982E-05 9.97982E-05 9.97982E-05 0.10437 9.97982E-05 9.97982E-05 9.97982E-05 9.97982E-05 9.97982E-05 0.074851 9.97982E-05 9.97982E-05 9.97982E-05 9.97982E-05 9.97982E-05 0.368106 0.450377 9.97982E-05 9.97982E-05 9.97982E-05 9.97982E-05
9.98074E-05 9.98074E-05 0.030666 0.0642273 9.98074E-05 9.98074E-05 9.98074E-05 9.98074E-05 9.98074E-05 9.98074E-05 9.98074E-05 9.98074E-05 9.98074E-05 9.98074E-05 9.98074E-05 9.98074E-05 0.0025843 9.98074E-05 9.98074E-05 9.98074E-05 0.0268018 9.98074E-05 0.873525 9.98074E-05 9.98074E-05 9.98074E-05 9.98074E-05
9.97984E-05 9.97984E-05 9.97984E-05 9.97984E-05 9.97984E-05 9.97984E-05 9.97984E-05 9.97984E-05 9.97984E-05 9.97984E-05 9.97984E-05 9.97984E-05 9.97984E-05 9.97984E-05 9.97984E-05 9.97984E-05 9.97984E-05 9.97984E-05 9.97984E-05 0.0245998 9.97984E-05 0.0211757 0.931593 9.97984E-05 0.0203363 9.97984E-05 9.97984E-05
9.98242E-05 9.98242E-05 0.110575 9.98242E-05 9.98242E-05 9.98242E-05 9.98242E-05 9.98242E-05 9.98242E-05 9.98242E-05 9.98242E-05 0.00843898 0.00952444 9.98242E-05 9.98242E-05 9.98242E-05 9.98242E-05 0.100847 9.98242E-05 9.98242E-05 9.98242E-05 0.0430002 0.511218 9.98242E-05 9.98242E-05 9.98242E-05 0.214399
9.98244E-05 9.98244E-05 9.98244E-05 9.98244E-05 9.98244E-05 9.98244E-05 9.98244E-05 9.98244E-05 9.98244E-05 0.170015 9.98244E-05 9.98244E-05 9.98244E-05 9.98244E-05 9.98244E-05 9.98244E-05 0.0429607 0.060245 0.00313029 9.98244E-05 9.98244E-05 9.98244E-05 0.495171 9.98244E-05 0.0730669 0.153415 9.98244E-05
9.98156E-05 9.98156E-05 9.98156E-05 9.98156E-05 9.98156E-05 9.98156E-05 9.98156E-05 9.98156E-05 9.98156E-05 0.00207815 9.98156E-05 0.0604007 9.98156E-05 9.98156E-05 9.98156E-05 9.98156E-05 9.98156E-05 0.0295152 9.98156E-05 9.98156E-05 9.98156E-05 0.0386834 0.853788 9.98156E-05 9.98156E-05 0.0134389 9.98156E-05
9.9833E-05 9.9833E-05 9.9833E-05 9.9833E-05 9.9833E-05 9.9833E-05 9.9833E-05 0.169852 9.9833E-05 9.9833E-05 9.9833E-05 0.00968957 9.9833E-05 9.9833E-05 9.9833E-05 9.9833E-05 0.0384131 9.9833E-05 0.014169 9.9833E-05 0.0214057 0.191758 0.535457 9.9833E-05 9.9833E-05 0.0173597 9.9833E-05
9.97726E-05 9.97726E-05 9.97726E-05 9.97726E-05 9.97726E-05 9.97726E-05 9.97726E-05 9.97726E-05 9.97726E-05 9.97726E-05 9.97726E-05 9.97726E-05 9.97726E-05 9.97726E-05 9.97726E-05 9.97726E-05 9.97726E-05 9.97726E-05 9.97726E-05 9.97726E-05 9.97726E-05 9.97726E-05 0.997406 9.97726E-05 9.97726E-05 9.97726E-05 9.97726E-05
9.98068E-05 9.98068E-05 9.98068E-05 9.98068E-05 0.0308995 9.98068E-05 9.98068E-05 9.98068E-05 9.98068E-05 0.209092 9.98068E-05 9.98068E-05 9.98068E-05 9.98068E-05 9.98068E-05 9.98068E-05 9.98068E-05 0.08223 9.98068E-05 9.98068E-05 9.98068E-05 0.0561556 0.619427 9.98068E-05 9.98068E-05 9.98068E-05 9.98068E-05
9.98159E-05 9.98159E-05 0.224211 9.98159E-05 9.98159E-05 0.0470736 9.98159E-05 9.98159E-05 9.98159E-05 0.0422497 9.98159E-05 9.98159E-05 9.98159E-05 9.98159E-05 9.98159E-05 9.98159E-05 9.98159E-05 9.98159E-05 9.98159E-05 9.98159E-05 9.98159E-05 0.0439825 0.61153 0.0288564 9.98159E-05 9.98159E-05 9.98159E-05
9.98334E-05 9.98334E-05 9.98334E-05 9.98334E-05 9.98334E-05 9.98334E-05 0.0106768 9.98334E-05 9.98334E-05 9.98334E-05 9.98334E-05 0.0530494 9.98334E-05 9.98334E-05 0.0109406 0.0338329 9.98334E-05 0.061997 0.109848 0.0594281 9.98334E-05 9.98334E-05 0.65833 9.98334E-05 9.98334E-05 9.98334E-05 9.98334E-05
9.97892E-05 9.97892E-05 9.97892E-05 9.97892E-05 9.97892E-05 9.97892E-05 9.97892E-05 9.97892E-05 9.97892E-05 9.97892E-05 9.97892E-05 9.97892E-05 9.97892E-05 9.97892E-05 9.97892E-05 9.97892E-05 0.0994849 9.97892E-05 9.97892E-05 9.97892E-05 9.97892E-05 9.97892E-05 0.8119 9.97892E-05 9.97892E-05 0.0862199 9.97892E-05
9.98073E-05 9.98073E-05 9.98073E-05 9.98073E-05 9.98073E-05 0.00558515 9.98073E-05 9.98073E-05 9.98073E-05 9.98073E-05 9.98073E-05 9.98073E-05 9.98073E-05 9.98073E-05 9.98073E-05 9.98073E-05 9.98073E-05 9.98073E-05 9.98073E-05 0.0219034 9.98073E-05 0.0805903 0.877079 9.98073E-05 9.98073E-05 0.0126459 9.98073E-05
9.97723E-05 9.97723E-05 9.97723E-05 9.97723E-05 9.97723E-05 9.97723E-05 9.97723E-05 9.97723E-05 9.97723E-05 9.97723E-05 9.97723E-05 9.97723E-05 9.97723E-05 9.97723E-05 9.97723E-05 9.97723E-05 9.97723E-05 9.97723E-05 9.97723E-05 9.97723E-05 9.97723E-05 9.97723E-05 0.997406 9.97723E-05 9.97723E-05 9.97723E-05 9.97723E-05
9.97722E-05 9.97722E-05 9.97722E-05 9.97722E-05 9.97722E-05 9.97722E-05 9.97722E-05 9.97722E-05 9.97722E-05 9.97722E-05 9.97722E-05 9.97722E-05 9.97722E-05 9.97722E-05 9.97722E-05 9.97722E-05 9.97722E-05 9.97722E-05 9.97722E-05 9.97722E-05 9.97722E-05 9.97722E-05 0.997406 9.97722E-05 9.97722E-05 9.97722E-05 9.97722E-05
9.97896E-05 9.97896E-05 9.97896E-05 9.97896E-05 9.97896E-05 9.97896E-05 9.97896E-05 9.97896E-05 9.97896E-05 9.97896E-05 9.97896E-05 0.0736061 9.97896E-05 9.97896E-05 9.97896E-05 9.97896E-05 9.97896E-05 9.97896E-05 9.97896E-05 0.0265466 9.97896E-05 9.97896E-05 0.897452 9.97896E-05 9.97896E-05 9.97896E-05 9.97896E-05
9.98073E-05 9.98073E-05 9.98073E-05 9.98073E-05 9.98073E-05 9.98073E-05 0.0027811 9.98073E-05 9.98073E-05 9.98073E-05 0.274043 9.98073E-05 9.98073E-05 9.98073E-05 9.98073E-05 9.98073E-05 9.98073E-05 9.98073E-05 9.98073E-05 0.00728032 9.98073E-05 0.192813 0.520887 9.98073E-05 9.98073E-05 9.98073E-05 9.98073E-05
9.97985E-05 9.97985E-05 0.785704 9.97985E-05 9.97985E-05 9.97985E-05 9.97985E-05 9.97985E-05 9.97985E-05 9.97985E-05 9.97985E-05 9.97985E-05 9.97985E-05 9.97985E-05 9.97985E-05 9.97985E-05 0.00465829 9.97985E-05 9.97985E-05 0.0117294 9.97985E-05 0.195613 9.97985E-05 9.97985E-05 9.97985E-05 9.97985E-05 9.97985E-05
9.97981E-05 9.97981E-05 0.13383 9.97981E-05 9.97981E-05 9.97981E-05 9.97981E-05 9.97981E-05 9.97981E-05 9.97981E-05 0.828276 9.97981E-05 9.97981E-05 9.97981E-05 9.97981E-05 9.97981E-05 9.97981E-05 9.97981E-05 9.97981E-05 0.000560537 9.97981E-05 0.0350385 9.97981E-05 9.97981E-05 9.97981E-05 9.97981E-05 9.97981E-05
9.98244E-05 9.98244E-05 0.747092 0.00408327 0.0420867 9.98244E-05 9.98244E-05 9.98244E-05 9.98244E-05 0.0213308 9.98244E-05 9.98244E-05 9.98244E-05 9.98244E-05 9.98244E-05 0.038716 9.98244E-05 9.98244E-05 0.00932307 9.98244E-05 9.98244E-05 0.135372 9.98244E-05 9.98244E-05 9.98244E-05 9.98244E-05 9.98244E-05
9.98068E-05 9.98068E-05 0.747048 9.98068E-05 9.98068E-05 9.98068E-05 9.98068E-05 9.98068E-05 9.98068E-05 9.98068E-05 9.98068E-05 0.0229038 9.98068E-05 9.98068E-05 9.98068E-05 9.98068E-05 9.98068E-05 9.98068E-05 9.98068E-05 0.0701331 9.98068E-05 0.11425 9.98068E-05 9.98068E-05 9.98068E-05 0.0434694 9.98068E-05
9.98068E-05 9.98068E-05 0.818916 0.0111439 9.98068E-05 9.98068E-05 9.98068E-05 9.98068E-05 9.98068E-05 9.98068E-05 9.98068E-05 9.98068E-05 9.98068E-05 9.98068E-05 0.038169 9.98068E-05 9.98068E-05 9.98068E-05 0.0482359 0.0813396 9.98068E-05 9.98068E-05 9.98068E-05 9.98068E-05 9.98068E-05 9.98068E-05 9.98068E-05
9.98158E-05 9.98158E-05 0.519523 9.98158E-05 9.98158E-05 9.98158E-05 0.0442224 9.98158E-05 9.98158E-05 9.98158E-05 0.0291017 9.98158E-05 9.98158E-05 9.98158E-05 9.98158E-05 9.98158E-05 9.98158E-05 9.98158E-05 9.98158E-05 0.204006 9.98158E-05 0.153646 9.98158E-05 9.98158E-05 0.0474053 9.98158E-05 9.98158E-05
9.98245E-05 9.98245E-05 0.64881 9.98245E-05 9.98245E-05 9.98245E-05 9.98245E-05 9.98245E-05 9.98245E-05 0.0545848 0.0303172 9.98245E-05 9.98245E-05 9.98245E-05 9.98245E-05 9.98245E-05 0.0907381 9.98245E-05 9.98245E-05 0.098997 9.98245E-05 0.0300583 9.98245E-05 9.98245E-05 9.98245E-05 0.0444985 9.98245E-05
9.97808E-05 9.97808E-05 0.803996 9.97808E-05 9.97808E-05 9.97808E-05 9.97808E-05 9.97808E-05 9.97808E-05 9.97808E-05 9.97808E-05 9.97808E-05 9.97808E-05 9.97808E-05 9.97808E-05 9.97808E-05 9.97808E-05 9.97808E-05 9.97808E-05 0.19351 9.97808E-05 9.97808E-05 9.97808E-05 9.97808E-05 9.97808E-05 9.97808E-05 9.97808E-05
9.98157E-05 9.98157E-05 0.376591 9.98157E-05 9.98157E-05 0.197354 9.98157E-05 0.0612645 9.98157E-05 9.98157E-05 9.98157E-05 9.98157E-05 9.98157E-05 9.98157E-05 9.98157E-05 9.98157E-05 0.0215357 9.98157E-05 9.98157E-05 0.336276 9.98157E-05 0.00488223 9.98157E-05 9.98157E-05 9.98157E-05 9.98157E-05 9.98157E-05
9.98071E-05 9.98071E-05 0.40848 9.98071E-05 9.98071E-05 9.98071E-05 0.0554524 9.98071E-05 9.98071E-05 9.98071E-05 9.98071E-05 9.98071E-05 9.98071E-05 9.98071E-05 9.98071E-05 9.98071E-05 0.0512211 9.98071E-05 9.98071E-05 0.224234 9.98071E-05 0.258418 9.98071E-05 9.98071E-05 9.98071E-05 9.98071E-05 9.98071E-05
9.97984E-05 9.97984E-05 0.301789 9.97984E-05 9.97984E-05 0.121373 9.97984E-05 9.97984E-05 9.97984E-05 9.97984E-05 9.97984E-05 9.97984E-05 9.97984E-05 0.468012 9.97984E-05 9.97984E-05 9.97984E-05 9.97984E-05 9.97984E-05 9.97984E-05 9.97984E-05 0.106531 9.97984E-05 9.97984E-05 9.97984E-05 9.97984E-05 9.97984E-05
9.98072E-05 9.98072E-05 0.65674 9.98072E-05 9.98072E-05 0.154849 9.98072E-05 9.98072E-05 0.016052 9.98072E-05 9.98072E-05 9.98072E-05 9.98072E-05 0.113687 9.98072E-05 9.98072E-05 9.98072E-05 9.98072E-05 9.98072E-05 9.98072E-05 9.98072E-05 0.0564752 9.98072E-05 9.98072E-05 9.98072E-05 9.98072E-05 9.98072E-05
9.98159E-05 9.98159E-05 0.702023 9.98159E-05 9.98159E-05 9.98159E-05 0.00382108 9.98159E-05 9.98159E-05 9.98159E-05 0.178474 0.0108132 9.98159E-05 9.98159E-05 9.98159E-05 9.98159E-05 9.98159E-05 9.98159E-05 9.98159E-05 0.0916339 9.98159E-05 9.98159E-05 9.98159E-05 9.98159E-05 9.98159E-05 0.0111387 9.98159E-05
9.97985E-05 9.97985E-05 0.491464 9.97985E-05 9.97985E-05 9.97985E-05 9.97985E-05 9.97985E-05 9.97985E-05 9.97985E-05 9.97985E-05 9.97985E-05 9.97985E-05 0.117421 9.97985E-05 9.97985E-05 9.97985E-05 9.97985E-05 9.97985E-05 0.186223 9.97985E-05 0.202596 9.97985E-05 9.97985E-05 9.97985E-05 9.97985E-05 9.97985E-05
9.98334E-05 9.98334E-05 0.586888 9.98334E-05 9.98334E-05 9.98334E-05 0.0312404 9.98334E-05 9.98334E-05 9.98334E-05 0.0213629 0.0863563 9.98334E-05 0.126733 9.98334E-05 9.98334E-05 0.000877239 9.98334E-05 0.0789226 0.0657234 9.98334E-05 9.98334E-05 9.98334E-05 9.98334E-05 9.98334E-05 9.98334E-05 9.98334E-05
9.98159E-05 9.98159E-05 0.581843 9.98159E-05 9.98159E-05 0.0825316 0.0306568 0.143279 9.98159E-05 9.98159E-05 9.98159E-05 9.98159E-05 9.98159E-05 9.98159E-05 9.98159E-05 9.98159E-05 9.98159E-05 9.98159E-05 9.98159E-05 0.0283923 9.98159E-05 0.131201 9.98159E-05 9.98159E-05 9.98159E-05 9.98159E-05 9.98159E-05
9.98245E-05 9.98245E-05 0.464696 9.98245E-05 9.98245E-05 0.173489 9.98245E-05 9.98245E-05 0.0839621 9.98245E-05 9.98245E-05 9.98245E-05 9.98245E-05 0.0887368 9.98245E-05 9.98245E-05 9.98245E-05 9.98245E-05 9.98245E-05 0.0687577 9.98245E-05 0.06272 9.98245E-05 0.0556419 9.98245E-05 9.98245E-05 9.98245E-05
9.98248E-05 9.98248E-05 0.614649 0.0567015 9.98248E-05 9.98248E-05 0.14361 9.98248E-05 9.98248E-05 0.00735266 9.98248E-05 9.98248E-05 0.00722126 0.0769192 9.98248E-05 9.98248E-05 9.98248E-05 9.98248E-05 9.98248E-05 0.0915499 9.98248E-05 9.98248E-05 9.98248E-05 9.98248E-05 9.98248E-05 9.98248E-05 9.98248E-05
9.98071E-05 9.98071E-05 0.876125 9.98071E-05 9.98071E-05 0.0170431 9.98071E-05 9.98071E-05 9.98071E-05 9.98071E-05 9.98071E-05 9.98071E-05 9.98071E-05 0.0729635 9.98071E-05 9.98071E-05 9.98071E-05 9.98071E-05 9.98071E-05 0.007978 9.98071E-05 9.98071E-05 9.98071E-05 9.98071E-05 9.98071E-05 0.0236941 9.98071E-05
9.98334E-05 9.98334E-05 0.269019 9.98334E-05 9.98334E-05 9.98334E-05 9.98334E-05 0.0867745 9.98334E-05 9.98334E-05 9.98334E-05 9.98334E-05 9.98334E-05 0.267336 9.98334E-05 9.98334E-05 9.98334E-05 9.98334E-05 9.98334E-05 0.108038 9.98334E-05 0.124397 0.00783537 0.0655747 9.98334E-05 0.0691276 9.98334E-05
9.98158E-05 9.98158E-05 0.620343 9.98158E-05 9.98158E-05 0.0952466 0.0844498 9.98158E-05 9.98158E-05 9.98158E-05 9.98158E-05 9.98158E-05 9.98158E-05 0.0717327 9.98158E-05 9.98158E-05 9.98158E-05 9.98158E-05 9.98158E-05 0.0345324 9.98158E-05 0.0915991 9.98158E-05 9.98158E-05 9.98158E-05 9.98158E-05 9.98158E-05
9.98158E-05 9.98158E-05 0.899592 9.98158E-05 9.98158E-05 9.98158E-05 9.98158E-05 9.98158E-05 9.98158E-05 9.98158E-05 9.98158E-05 0.000772775 9.98158E-05 0.00762512 9.98158E-05 9.98158E-05 0.0453605 9.98158E-05 9.98158E-05 9.98158E-05 9.98158E-05 0.0444269 9.98158E-05 9.98158E-05 9.98158E-05 0.00012643 9.98158E-05
9.9807E-05 9.9807E-05 0.434359 9.9807E-05 9.9807E-05 0.0837561 9.9807E-05 9.9807E-05 0.0289384 9.9807E-05 9.9807E-05 9.9807E-05 9.9807E-05 9.9807E-05 9.9807E-05 9.9807E-05 9.9807E-05 9.9807E-05 9.9807E-05 0.262357 9.9807E-05 0.188394 9.9807E-05 9.9807E-05 9.9807E-05 9.9807E-05 9.9807E-05
9.98071E-05 9.98071E-05 0.518397 0.0704609 9.98071E-05 9.98071E-05 9.98071E-05 9.98071E-05 9.98071E-05 9.98071E-05 0.17723 9.98071E-05 9.98071E-05 0.0284803 9.98071E-05 9.98071E-05 9.98071E-05 9.98071E-05 9.98071E-05 0.203236 9.98071E-05 9.98071E-05 9.98071E-05 9.98071E-05 9.98071E-05 9.98071E-05 9.98071E-05
0.0719133 9.98158E-05 0.296481 9.98158E-05 9.98158E-05 0.0384295 9.98158E-05 9.98158E-05 0.0579303 9.98158E-05 9.98158E-05 9.98158E-05 9.98158E-05 9.98158E-05 9.98158E-05 9.98158E-05 9.98158E-05 9.98158E-05 9.98158E-05 0.221584 9.98158E-05 0.311565 9.98158E-05 9.98158E-05 9.98158E-05 9.98158E-05 9.98158E-05
9.98334E-05 9.98334E-05 0.294989 9.98334E-05 9.98334E-05 0.107158 9.98334E-05 9.98334E-05 9.98334E-05 9.98334E-05 0.280776 9.98334E-05 9.98334E-05 0.0501282 9.98334E-05 9.98334E-05 0.00644475 9.98334E-05 9.98334E-05 0.104907 9.98334E-05 0.12858 0.0251202 9.98334E-05 9.98334E-05 9.98334E-05 9.98334E-05
9.98245E-05 9.98245E-05 9.98245E-05 0.0281634 9.98245E-05 9.98245E-05 9.98245E-05 9.98245E-05 9.98245E-05 9.98245E-05 0.62603 9.98245E-05 9.98245E-05 0.128498 0.125111 9.98245E-05 9.98245E-05 9.98245E-05 9.98245E-05 9.98245E-05 9.98245E-05 0.0320975 9.98245E-05 0.0208115 9.98245E-05 9.98245E-05 0.037293
9.98067E-05 9.98067E-05 0.876663 9.98067E-05 9.98067E-05 9.98067E-05 9.98067E-05 9.98067E-05 9.98067E-05 9.98067E-05 9.98067E-05 9.98067E-05 9.98067E-05 9.98067E-05 9.98067E-05 9.98067E-05 9.98067E-05 0.00160827 9.98067E-05 0.0521049 9.98067E-05 0.0606771 9.98067E-05 9.98067E-05 0.00675064 9.98067E-05 9.98067E-05
9.97982E-05 9.97982E-05 0.609082 9.97982E-05 9.97982E-05 0.095397 9.97982E-05 9.97982E-05 9.97982E-05 9.97982E-05 9.97982E-05 9.97982E-05 9.97982E-05 9.97982E-05 9.97982E-05 9.97982E-05 9.97982E-05 9.97982E-05 9.97982E-05 0.162359 9.97982E-05 0.130866 9.97982E-05 9.97982E-05 9.97982E-05 9.97982E-05 9.97982E-05
9.97984E-05 9.97984E-05 0.758628 0.141583 9.97984E-05 9.97984E-05 9.97984E-05 9.97984E-05 9.97984E-05 9.97984E-05 0.0401188 9.97984E-05 9.97984E-05 9.97984E-05 9.97984E-05 9.97984E-05 9.97984E-05 9.97984E-05 9.97984E-05 9.97984E-05 9.97984E-05 0.0573749 9.97984E-05 9.97984E-05 9.97984E-05 9.97984E-05 9.97984E-05
9.97985E-05 9.97985E-05 0.766109 9.97985E-05 9.97985E-05 9.97985E-05 9.97985E-05 9.97985E-05 9.97985E-05 9.97985E-05 9.97985E-05 9.97985E-05 9.97985E-05 9.97985E-05 9.97985E-05 9.97985E-05 9.97985E-05 9.97985E-05 9.97985E-05 0.00217511 0.0684797 0.160941 9.97985E-05 9.97985E-05 9.97985E-05 9.97985E-05 9.97985E-05
9.97984E-05 9.97984E-05 0.949118 9.97984E-05 9.97984E-05 9.97984E-05 9.97984E-05 9.97984E-05 0.00432561 9.97984E-05 9.97984E-05 9.97984E-05 9.97984E-05 9.97984E-05 9.97984E-05 9.97984E-05 9.97984E-05 9.97984E-05 9.97984E-05 9.97984E-05 0.0156749 0.0285865 9.97984E-05 9.97984E-05 9.97984E-05 9.97984E-05 9.97984E-05
9.98068E-05 9.98068E-05 0.327777 0.0872482 9.98068E-05 9.98068E-05 9.98068E-05 9.98068E-05 0.153572 9.98068E-05 9.98068E-05 9.98068E-05 9.98068E-05 9.98068E-05 9.98068E-05 9.98068E-05 9.98068E-05 9.98068E-05 9.98068E-05 0.260462 9.98068E-05 0.168745 9.98068E-05 9.98068E-05 9.98068E-05 9.98068E-05 9.98068E-05
9.97893E-05 9.97893E-05 0.832495 9.97893E-05 9.97893E-05 9.97893E-05 9.97893E-05 9.97893E-05 9.97893E-05 0.120114 9.97893E-05 9.97893E-05 9.97893E-05 9.97893E-05 9.97893E-05 9.97893E-05 9.97893E-05 9.97893E-05 9.97893E-05 9.97893E-05 9.97893E-05 0.0449961 9.97893E-05 9.97893E-05 9.97893E-05 9.97893E-05 9.97893E-05
9.97983E-05 9.97983E-05 0.798938 9.97983E-05 9.97983E-05 9.97983E-05 9.97983E-05 9.97983E-05 9.97983E-05 9.97983E-05 0.0861135 9.97983E-05 9.97983E-05 9.97983E-05 9.97983E-05 9.97983E-05 9.97983E-05 9.97983E-05 9.97983E-05 0.0367804 9.97983E-05 0.0758729 9.97983E-05 9.97983E-05 9.97983E-05 9.97983E-05 9.97983E-05
9.98156E-05 9.98156E-05 0.522897 9.98156E-05 9.98156E-05 9.98156E-05 0.0487294 0.160331 9.98156E-05 9.98156E-05 9.98156E-05 9.98156E-05 9.98156E-05 0.172264 9.98156E-05 9.98156E-05 9.98156E-05 9.98156E-05 9.98156E-05 0.0752129 9.98156E-05 9.98156E-05 9.98156E-05 9.98156E-05 9.98156E-05 0.0184698 9.98156E-05
9.97981E-05 9.97981E-05 0.666306 9.97981E-05 9.97981E-05 9.97981E-05 9.97981E-05 9.97981E-05 9.97981E-05 9.97981E-05 9.97981E-05 9.97981E-05 9.97981E-05 9.97981E-05 9.97981E-05 9.97981E-05 0.0830018 9.97981E-05 9.97981E-05 0.0595857 9.97981E-05 0.188811 9.97981E-05 9.97981E-05 9.97981E-05 9.97981E-05 9.97981E-05
9.97982E-05 9.97982E-05 0.202637 9.97982E-05 9.97982E-05 9.97982E-05 0.0150057 9.97982E-05 9.97982E-05 9.97982E-05 9.97982E-05 9.97982E-05 9.97982E-05 0.690037 9.97982E-05 9.97982E-05 9.97982E-05 9.97982E-05 9.97982E-05 0.0900252 9.97982E-05 9.97982E-05 9.97982E-05 9.97982E-05 9.97982E-05 9.97982E-05 9.97982E-05
9.98159E-05 9.98159E-05 0.620088 9.98159E-05 9.98159E-05 9.98159E-05 9.98159E-05 9.98159E-05 0.0569671 9.98159E-05 0.187239 9.98159E-05 9.98159E-05 0.0568368 9.98159E-05 9.98159E-05 9.98159E-05 9.98159E-05 9.98159E-05 0.0148775 9.98159E-05 0.0618957 9.98159E-05 9.98159E-05 9.98159E-05 9.98159E-05 9.98159E-05
9.97982E-05 9.97982E-05 0.375438 0.00384404 9.97982E-05 9.97982E-05 9.97982E-05 9.97982E-05 9.97982E-05 9.97982E-05 0.614202 9.97982E-05 9.97982E-05 9.97982E-05 9.97982E-05 9.97982E-05 9.97982E-05 9.97982E-05 9.97982E-05 9.97982E-05 9.97982E-05 9.97982E-05 9.97982E-05 9.97982E-05 0.00422041 9.97982E-05 9.97982E-05
