0.501244 0.0348043 9.99736E-05 0.038484 9.99736E-05 0.110471 0.314697 9.99736E-05
0.736368 0.0533195 9.99649E-05 9.99649E-05 9.99649E-05 0.0592864 0.150627 9.99649E-05
0.943121 0.00103786 0.0178429 9.99648E-05 0.0375985 9.99648E-05 9.99648E-05 9.99648E-05
0.287651 0.0747907 0.372347 9.99912E-05 0.036419 0.0833605 0.0901687 0.0551625
0.891602 0.0171044 0.0907935 9.99561E-05 9.99561E-05 9.99561E-05 9.99561E-05 9.99561E-05
0.284478 9.99825E-05 0.279578 9.99825E-05 0.172776 0.0330721 0.0675124 0.162383
0.374648 9.99649E-05 0.219692 9.99649E-05 9.99649E-05 0.191624 0.213635 9.99649E-05
0.304119 9.99737E-05 0.436918 0.0291158 9.99737E-05 0.0359264 9.99737E-05 0.193621
0.329602 0.0952164 0.04474 9.99736E-05 9.99736E-05 9.99736E-05 0.305086 0.225056
0.929778 9.99561E-05 9.99561E-05 0.0455439 9.99561E-05 9.99561E-05 0.0241781 9.99561E-05
0.544512 9.99649E-05 9.99649E-05 9.99649E-05 9.99649E-05 0.213541 0.230074 0.0114735
0.963056 9.99561E-05 0.0241996 9.99561E-05 9.99561E-05 0.0122449 9.99561E-05 9.99561E-05
0.802859 9.99561E-05 0.0402749 9.99561E-05 9.99561E-05 9.99561E-05 0.156366 9.99561E-05
0.631516 9.99737E-05 0.0266101 9.99737E-05 0.235751 0.096796 0.00902701 9.99737E-05
0.373074 0.0472548 9.99736E-05 9.99736E-05 0.180297 9.99736E-05 0.205326 0.193748
0.252042 9.99649E-05 0.276282 9.99649E-05 9.99649E-05 9.99649E-05 0.297689 0.173588
0.62077 9.99825E-05 0.0487036 0.0496491 0.104905 0.0388286 0.136944 9.99825E-05
0.242237 0.225997 0.0896437 0.154967 9.99824E-05 9.99824E-05 0.285208 0.00174736
0.499004 0.0435739 0.0119489 0.0691558 9.999E-05 0.0279392 0.200396 0.147882
0.949652 0.0207686 9.99649E-05 9.99649E-05 9.99649E-05 9.99649E-05 0.0171594 0.0120203
0.447378 0.0255283 0.268293 9.998E-05 9.998E-05 0.0826782 0.0753697 0.100552
0.345339 9.99737E-05 0.389696 9.99737E-05 9.99737E-05 0.00892187 0.0652452 0.190498
0.707911 9.99737E-05 9.99737E-05 0.0322775 0.0346112 0.0522521 0.172648 9.99737E-05
0.389219 9.99649E-05 0.268768 9.99649E-05 9.99649E-05 0.0159575 0.325655 9.99649E-05
0.288207 0.14239 0.0383995 9.99912E-05 0.246748 0.0205947 0.161605 0.101956
0.738981 9.99737E-05 0.086683 9.99737E-05 0.0624437 9.99737E-05 0.111174 0.000418556
0.092754 9.99737E-05 0.215243 0.168713 0.235642 9.99737E-05 0.287348 9.99737E-05
0.820513 0.00500099 0.0621198 9.99737E-05 9.99737E-05 0.0644485 0.0476178 9.99737E-05
0.634952 0.017358 9.99737E-05 9.99737E-05 0.0466442 0.0721169 0.228629 9.99737E-05
0.757715 0.0293147 9.99737E-05 0.0162258 0.153922 0.0425226 9.99737E-05 9.99737E-05
0.684955 0.0449227 9.99824E-05 0.0587194 9.99824E-05 0.126471 0.0404375 0.0442946
0.586438 9.99824E-05 0.0912066 9.99824E-05 0.0733228 0.17919 0.0678014 0.0018409
0.541946 9.99824E-05 0.063748 0.011602 0.00591213 0.129063 0.247529 9.99824E-05
0.517154 9.99736E-05 9.99736E-05 0.0716768 0.285381 0.0378206 0.0876671 9.99736E-05
0.783178 0.0409933 9.99649E-05 9.99649E-05 9.99649E-05 0.0369054 0.138524 9.99649E-05
0.681707 0.0875573 9.99737E-05 9.99737E-05 9.99737E-05 0.0316996 0.179488 0.0192482
0.830552 0.0445952 0.124353 9.99561E-05 9.99561E-05 9.99561E-05 9.99561E-05 9.99561E-05
0.663608 0.0598189 9.99737E-05 9.99737E-05 0.0122509 9.99737E-05 0.103958 0.160064
0.545755 9.99825E-05 0.0184396 9.99825E-05 0.161983 0.0198175 0.2324 0.0214052
0.581215 9.99648E-05 0.157776 9.99648E-05 0.190376 9.99648E-05 0.0702329 9.99648E-05
0.881546 9.99737E-05 0.0167337 9.99737E-05 9.99737E-05 0.0245979 0.0110671 0.0657555
0.733751 9.99562E-05 9.99562E-05 9.99562E-05 9.99562E-05 9.99562E-05 0.163735 0.102015
0.8325 9.99649E-05 0.0150526 9.99649E-05 0.127583 0.0244644 9.99649E-05 9.99649E-05
0.448201 0.0143137 9.99824E-05 0.0299707 9.99824E-05 0.100326 0.30857 0.0984188
0.341561 9.99649E-05 0.299116 9.99649E-05 9.99649E-05 0.0475964 0.311327 9.99649E-05
0.91237 0.0870305 9.99473E-05 9.99473E-05 9.99473E-05 9.99473E-05 9.99473E-05 9.99473E-05
0.831037 9.99736E-05 9.99736E-05 0.0499006 9.99736E-05 0.0428454 0.0691295 0.00678707
0.9993 9.994E-05 9.994E-05 9.994E-05 9.994E-05 9.994E-05 9.994E-05 9.994E-05
0.742538 9.99648E-05 0.10939 9.99648E-05 9.99648E-05 0.0491589 0.0985132 9.99648E-05
0.782717 0.00671496 0.104024 0.0457036 9.99825E-05 0.0193149 9.99825E-05 0.0413251
0.317684 0.0343456 0.109021 9.99912E-05 0.0687377 0.136708 0.203307 0.130096
0.661935 9.99561E-05 0.298626 9.99561E-05 9.99561E-05 9.99561E-05 9.99561E-05 0.0389398
0.872401 9.99561E-05 9.99561E-05 0.115324 9.99561E-05 9.99561E-05 9.99561E-05 0.0117755
0.638044 9.99912E-05 0.269276 0.0159235 0.0177518 0.0128871 0.037735 0.00828272
0.767019 0.0447594 0.157571 9.996E-05 9.996E-05 9.996E-05 0.0302506 9.996E-05
0.767576 0.0832141 0.00455029 9.99737E-05 0.110574 0.0337852 9.99737E-05 9.99737E-05
0.767649 9.99649E-05 0.105103 0.0606341 9.99649E-05 9.99649E-05 0.0662134 9.99649E-05
0.788919 9.99649E-05 9.99649E-05 0.0734633 9.99649E-05 0.0582912 0.0789263 9.99649E-05
0.911912 9.99649E-05 9.99649E-05 0.000742117 9.99649E-05 0.0458331 9.99649E-05 0.0411124
0.124749 9.99824E-05 9.99824E-05 0.0430488 0.0575458 0.115704 0.571276 0.087477
0.326608 9.9965E-05 0.315495 0.0153656 9.9965E-05 9.9965E-05 0.342131 9.9965E-05
0.325414 9.99912E-05 0.0249874 0.194407 0.0823894 0.0299627 0.323345 0.0193947
9.99737E-05 9.99737E-05 9.99737E-05 0.0886419 0.207158 0.0272294 0.476484 0.200186
0.040602 0.0295303 0.331562 0.023083 9.998E-05 9.998E-05 0.460066 0.114957
9.99649E-05 9.99649E-05 9.99649E-05 0.0908269 9.99649E-05 0.043091 0.757844 0.107838
0.022353 0.0829271 9.99824E-05 0.0480572 9.99824E-05 0.0386919 0.72772 0.0800505
9.99824E-05 9.99824E-05 0.00739556 0.244602 0.13282 0.00873499 0.530831 0.0754166
0.182061 9.99825E-05 9.99825E-05 0.125776 0.215072 0.0026839 0.457383 0.016824
0.306446 9.99649E-05 9.99649E-05 0.0948774 9.99649E-05 0.131227 0.467049 9.99649E-05
9.99736E-05 0.0164085 9.99736E-05 0.0625564 9.99736E-05 0.227204 0.590578 0.102953
0.0366037 9.998E-05 0.318796 0.046069 9.998E-05 0.12675 0.421987 0.0495947
9.99912E-05 0.0640115 0.309106 0.0186324 0.188016 0.0973782 0.0984391 0.224317
0.0124492 9.99737E-05 0.238531 0.00415188 9.99737E-05 9.99737E-05 0.735767 0.00880179
0.265713 9.99825E-05 0.0892376 0.00100744 0.240961 0.0879735 0.314908 9.99825E-05
0.271192 0.0174425 0.00230184 0.0241552 0.0651589 0.0975315 0.418078 0.104141
0.0162849 9.99737E-05 0.369527 0.0760573 0.107984 9.99737E-05 0.429847 9.99737E-05
0.113884 9.998E-05 0.0812823 0.0940333 9.998E-05 0.241473 0.30749 0.161637
0.253898 9.998E-05 0.0586067 0.200602 9.998E-05 0.0845501 0.309565 0.0925783
9.99649E-05 9.99649E-05 0.14154 0.0517298 9.99649E-05 0.0645316 0.741799 9.99649E-05
0.200602 9.998E-05 0.151257 0.041889 0.0996453 0.0411656 0.465241 9.998E-05
0.105204 9.99824E-05 0.0935824 0.066082 0.00184001 9.99824E-05 0.685127 0.0479652
0.138335 0.00976233 9.99825E-05 0.0379279 0.269284 0.0346577 0.509833 9.99825E-05
0.18313 9.99912E-05 0.271729 0.142948 0.0675963 0.0216973 0.29865 0.0141484
0.296959 9.99824E-05 0.00328916 9.99824E-05 0.0539946 0.243049 0.348253 0.0542555
0.368682 0.0949827 9.99755E-05 9.99755E-05 0.162349 9.99755E-05 0.334813 0.0388728
0.421292 9.99825E-05 0.0747051 0.15361 0.0303127 9.99825E-05 0.316534 0.00334633
0.174607 9.9965E-05 0.113454 0.036976 9.9965E-05 9.9965E-05 0.674563 9.9965E-05
0.312255 9.99649E-05 9.99649E-05 0.222916 9.99649E-05 9.99649E-05 0.375102 0.089327
0.288375 9.99649E-05 9.99649E-05 9.99649E-05 0.178618 9.99649E-05 0.417476 0.115131
9.99473E-05 9.99473E-05 9.99473E-05 9.99473E-05 0.827452 9.99473E-05 9.99473E-05 0.171948
9.99562E-05 9.99562E-05 9.99562E-05 9.99562E-05 0.941162 9.99562E-05 0.0493738 0.00896476
9.99648E-05 9.99648E-05 0.043451 0.04489 0.794874 9.99648E-05 0.116386 9.99648E-05
9.99736E-05 0.0323648 9.99736E-05 0.0585932 0.725925 0.0649619 9.99736E-05 0.117855
9.99736E-05 0.054604 0.0279344 0.0172342 0.758189 9.99736E-05 9.99736E-05 0.141739
9.99561E-05 9.99561E-05 9.99561E-05 9.99561E-05 0.630706 9.99561E-05 0.189358 0.179436
9.99649E-05 9.99649E-05 9.99649E-05 0.0507794 0.718623 0.0627597 9.99649E-05 0.167438
9.99561E-05 9.99561E-05 9.99561E-05 0.0162112 0.725082 9.99561E-05 9.99561E-05 0.258207
9.99648E-05 9.99648E-05 9.99648E-05 9.99648E-05 0.322769 0.0135119 0.24976 0.413559
9.99736E-05 9.99736E-05 0.0424796 0.052606 0.430422 9.99736E-05 0.213625 0.260567
9.99561E-05 9.99561E-05 9.99561E-05 9.99561E-05 0.841215 9.99561E-05 0.0493063 0.108979
9.99649E-05 0.0693724 9.99649E-05 9.99649E-05 0.892942 9.99649E-05 0.0292065 0.00807882
9.99473E-05 9.99473E-05 9.99473E-05 9.99473E-05 0.884338 9.99473E-05 9.99473E-05 0.115063
9.99649E-05 9.99649E-05 9.99649E-05 9.99649E-05 0.677243 0.0179626 0.141731 0.162664
9.99824E-05 0.0233438 0.0476733 0.136155 0.658373 0.0386267 9.99824E-05 0.0956286
9.99736E-05 0.0284472 9.99736E-05 9.99736E-05 0.636974 0.0802138 0.196722 0.0573431
9.99648E-05 0.024602 9.99648E-05 9.99648E-05 0.669602 9.99648E-05 0.242405 0.0629909
9.99562E-05 9.99562E-05 0.103137 9.99562E-05 0.738546 9.99562E-05 9.99562E-05 0.157818
9.99736E-05 0.038593 0.00942942 9.99736E-05 0.820647 0.111371 9.99736E-05 0.0196599
9.99649E-05 0.0989025 9.99649E-05 9.99649E-05 0.751326 9.99649E-05 0.0508871 0.0984842
9.996E-05 9.996E-05 0.00257836 9.996E-05 0.731162 9.996E-05 0.208946 0.056914
9.99648E-05 9.99648E-05 9.99648E-05 0.0150092 0.879275 0.0275288 9.99648E-05 0.0777872
9.99648E-05 0.094584 9.99648E-05 9.99648E-05 0.352193 9.99648E-05 0.281178 0.271646
9.99649E-05 9.99649E-05 9.99649E-05 9.99649E-05 0.807344 0.00464329 0.0211598 0.166453
9.99648E-05 0.115047 9.99648E-05 9.99648E-05 0.287215 9.99648E-05 0.309156 0.288182
9.99649E-05 9.99649E-05 9.99649E-05 0.00687567 0.561422 9.99649E-05 0.24114 0.190162
0.028073 0.0373841 9.99562E-05 9.99562E-05 0.934043 9.99562E-05 9.99562E-05 9.99562E-05
9.99648E-05 0.0114545 0.0707625 9.99648E-05 0.782762 9.99648E-05 9.99648E-05 0.134621
9.99561E-05 9.99561E-05 9.99561E-05 9.99561E-05 0.493736 9.99561E-05 0.250088 0.255677
9.99649E-05 0.0917219 9.99649E-05 9.99649E-05 0.787759 9.99649E-05 0.0937299 0.0263895
9.99649E-05 9.99649E-05 9.99649E-05 9.99649E-05 0.694412 0.0451195 0.205329 0.0547394
9.99561E-05 0.0523325 9.99561E-05 9.99561E-05 0.93327 0.0138981 9.99561E-05 9.99561E-05
9.99736E-05 0.31986 9.99736E-05 9.99736E-05 0.265584 0.00464006 0.00678671 0.40283
9.99736E-05 9.99736E-05 0.0635444 9.99736E-05 0.702644 0.074695 0.0504242 0.108392
9.99473E-05 9.99473E-05 9.99473E-05 9.99473E-05 0.961809 9.99473E-05 9.99473E-05 0.037591
9.99736E-05 0.00043917 0.0441726 9.99736E-05 0.83294 0.0544211 9.99736E-05 0.067727
9.99736E-05 9.99736E-05 9.99736E-05 0.0446179 0.615955 0.0277282 0.177293 0.134106
9.99474E-05 9.99474E-05 9.99474E-05 9.99474E-05 0.921672 9.99474E-05 9.99474E-05 0.0777285
9.99649E-05 0.03469 9.99649E-05 0.00963003 0.937764 9.99649E-05 9.99649E-05 0.0175159
9.994E-05 9.994E-05 9.994E-05 9.994E-05 0.9993 9.994E-05 9.994E-05 9.994E-05
9.99474E-05 9.99474E-05 9.99474E-05 0.0106601 0.98874 9.99474E-05 9.99474E-05 9.99474E-05
9.99648E-05 9.99648E-05 9.99648E-05 9.99648E-05 0.410047 0.0390548 0.371515 0.178984
9.99649E-05 9.99649E-05 0.0902833 0.0166535 0.678793 9.99649E-05 9.99649E-05 0.21387
0.0124203 9.99562E-05 9.99562E-05 9.99562E-05 0.886087 9.99562E-05 9.99562E-05 0.100993
9.994E-05 9.994E-05 9.994E-05 9.994E-05 0.9993 9.994E-05 9.994E-05 9.994E-05
9.99824E-05 0.152543 9.99824E-05 0.0108458 0.403037 0.00613584 0.145215 0.282023
9.99824E-05 0.0109851 9.99824E-05 0.0232562 0.700989 0.00263211 0.0856855 0.176252
9.99825E-05 0.00367445 0.0601561 0.0658104 0.584512 9.99825E-05 0.121434 0.164213
9.99824E-05 0.065037 0.0135726 9.99824E-05 0.40067 0.00591827 0.257519 0.257083
9.994E-05 9.994E-05 9.994E-05 9.994E-05 0.9993 9.994E-05 9.994E-05 9.994E-05
9.99824E-05 0.0646504 0.184288 9.99824E-05 0.608452 0.00497814 0.132726 0.00470589
9.99562E-05 9.99562E-05 9.99562E-05 9.99562E-05 0.854273 9.99562E-05 0.0410545 0.104172
9.99737E-05 9.99737E-05 9.99737E-05 0.0488672 0.741861 0.0310767 0.0392622 0.138633
9.99648E-05 9.99648E-05 0.108638 0.00656165 0.813207 9.99648E-05 9.99648E-05 0.0711936
9.99736E-05 0.0218749 0.00239805 0.0563466 0.849611 0.06947 9.99736E-05 9.99736E-05
9.9956E-05 9.9956E-05 9.9956E-05 9.9956E-05 0.396398 9.9956E-05 0.389732 0.21337
9.99473E-05 9.99473E-05 9.99473E-05 9.99473E-05 0.75636 9.99473E-05 9.99473E-05 0.24304
9.99736E-05 0.0165351 9.99736E-05 9.99736E-05 0.77184 0.0799188 0.00831375 0.123092
9.9956E-05 0.154374 9.9956E-05 9.9956E-05 0.823882 9.9956E-05 0.0212452 9.9956E-05
9.99473E-05 9.99473E-05 9.99473E-05 9.99473E-05 0.811337 9.99473E-05 9.99473E-05 0.188063
9.994E-05 9.994E-05 9.994E-05 9.994E-05 9.994E-05 9.994E-05 0.9993 9.994E-05
9.994E-05 9.994E-05 9.994E-05 9.994E-05 9.994E-05 9.994E-05 9.994E-05 0.9993
9.994E-05 9.994E-05 9.994E-05 9.994E-05 9.994E-05 9.994E-05 0.9993 9.994E-05
9.994E-05 9.994E-05 9.994E-05 9.994E-05 9.994E-05 9.994E-05 9.994E-05 0.9993
9.994E-05 9.994E-05 9.994E-05 9.994E-05 9.994E-05 9.994E-05 9.994E-05 0.9993
9.994E-05 9.994E-05 9.994E-05 9.994E-05 9.994E-05 9.994E-05 9.994E-05 0.9993
9.994E-05 9.994E-05 9.994E-05 9.994E-05 9.994E-05 9.994E-05 0.9993 9.994E-05
9.994E-05 9.994E-05 9.994E-05 9.994E-05 9.994E-05 9.994E-05 9.994E-05 0.9993
9.994E-05 9.994E-05 9.994E-05 9.994E-05 9.994E-05 9.994E-05 9.994E-05 0.9993
9.994E-05 9.994E-05 9.994E-05 9.994E-05 9.994E-05 9.994E-05 0.9993 9.994E-05
9.9956E-05 0.0199011 9.9956E-05 9.9956E-05 9.9956E-05 9.9956E-05 0.975934 0.0036656
9.994E-05 9.994E-05 9.994E-05 9.994E-05 9.994E-05 9.994E-05 0.9993 9.994E-05
9.994E-05 9.994E-05 9.994E-05 9.994E-05 9.994E-05 9.994E-05 9.994E-05 0.9993
9.994E-05 9.994E-05 9.994E-05 9.994E-05 9.994E-05 9.994E-05 9.994E-05 0.9993
9.994E-05 9.994E-05 9.994E-05 9.994E-05 9.994E-05 9.994E-05 0.9993 9.994E-05
9.994E-05 9.994E-05 9.994E-05 9.994E-05 9.994E-05 9.994E-05 0.9993 9.994E-05
9.99736E-05 0.16309 0.201393 9.99736E-05 0.439129 9.99736E-05 0.0778852 0.118204
9.99472E-05 0.00198944 9.99472E-05 9.99472E-05 9.99472E-05 9.99472E-05 0.997411 9.99472E-05
9.994E-05 9.994E-05 9.994E-05 9.994E-05 9.994E-05 9.994E-05 9.994E-05 0.9993
9.994E-05 9.994E-05 9.994E-05 9.994E-05 9.994E-05 9.994E-05 0.9993 9.994E-05
9.994E-05 9.994E-05 9.994E-05 9.994E-05 9.994E-05 9.994E-05 0.9993 9.994E-05
9.994E-05 9.994E-05 9.994E-05 9.994E-05 9.994E-05 9.994E-05 0.9993 9.994E-05
9.994E-05 9.994E-05 9.994E-05 9.994E-05 9.994E-05 9.994E-05 9.994E-05 0.9993
9.994E-05 9.994E-05 9.994E-05 9.994E-05 9.994E-05 9.994E-05 0.9993 9.994E-05
9.994E-05 9.994E-05 9.994E-05 9.994E-05 9.994E-05 9.994E-05 9.994E-05 0.9993
9.994E-05 9.994E-05 9.994E-05 9.994E-05 9.994E-05 9.994E-05 0.9993 9.994E-05
9.994E-05 9.994E-05 9.994E-05 9.994E-05 9.994E-05 9.994E-05 0.9993 9.994E-05
9.994E-05 9.994E-05 9.994E-05 9.994E-05 9.994E-05 9.994E-05 9.994E-05 0.9993
9.994E-05 9.994E-05 9.994E-05 9.994E-05 9.994E-05 9.994E-05 9.994E-05 0.9993
9.994E-05 9.994E-05 9.994E-05 9.994E-05 9.994E-05 9.994E-05 9.994E-05 0.9993
9.994E-05 9.994E-05 9.994E-05 9.994E-05 9.994E-05 9.994E-05 0.9993 9.994E-05
9.99471E-05 0.051529 9.99471E-05 9.99471E-05 9.99471E-05 9.99471E-05 0.947871 9.99471E-05
9.994E-05 9.994E-05 9.994E-05 9.994E-05 9.994E-05 9.994E-05 0.9993 9.994E-05
9.994E-05 9.994E-05 9.994E-05 9.994E-05 9.994E-05 9.994E-05 0.9993 9.994E-05
9.994E-05 9.994E-05 9.994E-05 9.994E-05 9.994E-05 9.994E-05 0.9993 9.994E-05
9.994E-05 9.994E-05 9.994E-05 9.994E-05 9.994E-05 9.994E-05 9.994E-05 0.9993
9.994E-05 9.994E-05 9.994E-05 9.994E-05 9.994E-05 9.994E-05 9.994E-05 0.9993
9.994E-05 9.994E-05 9.994E-05 9.994E-05 9.994E-05 9.994E-05 9.994E-05 0.9993
9.994E-05 9.994E-05 9.994E-05 9.994E-05 9.994E-05 9.994E-05 0.9993 9.994E-05
9.994E-05 9.994E-05 9.994E-05 9.994E-05 9.994E-05 9.994E-05 9.994E-05 0.9993
9.994E-05 9.994E-05 9.994E-05 9.994E-05 9.994E-05 9.994E-05 9.994E-05 0.9993
9.994E-05 9.994E-05 9.994E-05 9.994E-05 9.994E-05 9.994E-05 9.994E-05 0.9993
9.994E-05 9.994E-05 9.994E-05 9.994E-05 9.994E-05 9.994E-05 9.994E-05 0.9993
9.994E-05 9.994E-05 9.994E-05 9.994E-05 9.994E-05 9.994E-05 0.9993 9.994E-05
9.994E-05 9.994E-05 9.994E-05 9.994E-05 9.994E-05 9.994E-05 9.994E-05 0.9993
9.994E-05 9.994E-05 9.994E-05 9.994E-05 9.994E-05 9.994E-05 9.994E-05 0.9993
9.99824E-05 0.101666 0.176993 0.0238016 0.464617 9.99824E-05 0.123293 0.109429
9.994E-05 9.994E-05 9.994E-05 9.994E-05 9.994E-05 9.994E-05 0.9993 9.994E-05
9.994E-05 9.994E-05 9.994E-05 9.994E-05 9.994E-05 9.994E-05 9.994E-05 0.9993
9.994E-05 9.994E-05 9.994E-05 9.994E-05 9.994E-05 9.994E-05 9.994E-05 0.9993
9.994E-05 9.994E-05 9.994E-05 9.994E-05 9.994E-05 9.994E-05 9.994E-05 0.9993
9.994E-05 9.994E-05 9.994E-05 9.994E-05 9.994E-05 9.994E-05 9.994E-05 0.9993
9.994E-05 9.994E-05 9.994E-05 9.994E-05 9.994E-05 9.994E-05 0.9993 9.994E-05
9.994E-05 9.994E-05 9.994E-05 9.994E-05 9.994E-05 9.994E-05 9.994E-05 0.9993
9.994E-05 9.994E-05 9.994E-05 9.994E-05 9.994E-05 9.994E-05 0.9993 9.994E-05
9.994E-05 9.994E-05 9.994E-05 9.994E-05 9.994E-05 9.994E-05 9.994E-05 0.9993
9.994E-05 9.994E-05 9.994E-05 9.994E-05 9.994E-05 9.994E-05 0.9993 9.994E-05
9.994E-05 9.994E-05 9.994E-05 9.994E-05 9.994E-05 9.994E-05 9.994E-05 0.9993
9.994E-05 9.994E-05 9.994E-05 9.994E-05 9.994E-05 9.994E-05 9.994E-05 0.9993
9.994E-05 9.994E-05 9.994E-05 9.994E-05 9.994E-05 9.994E-05 9.994E-05 0.9993
9.994E-05 9.994E-05 9.994E-05 9.994E-05 9.994E-05 9.994E-05 9.994E-05 0.9993
9.994E-05 9.994E-05 9.994E-05 9.994E-05 9.994E-05 9.994E-05 9.994E-05 0.9993
9.994E-05 9.994E-05 9.994E-05 9.994E-05 9.994E-05 9.994E-05 9.994E-05 0.9993
9.994E-05 9.994E-05 9.994E-05 9.994E-05 9.994E-05 9.994E-05 0.9993 9.994E-05
9.994E-05 9.994E-05 9.994E-05 9.994E-05 9.994E-05 9.994E-05 0.9993 9.994E-05
9.994E-05 9.994E-05 9.994E-05 9.994E-05 9.994E-05 9.994E-05 0.9993 9.994E-05
9.994E-05 9.994E-05 9.994E-05 9.994E-05 9.994E-05 9.994E-05 9.994E-05 0.9993
9.994E-05 9.994E-05 9.994E-05 9.994E-05 9.994E-05 9.994E-05 0.9993 9.994E-05
9.994E-05 9.994E-05 9.994E-05 9.994E-05 9.994E-05 9.994E-05 0.9993 9.994E-05
9.994E-05 9.994E-05 9.994E-05 9.994E-05 9.994E-05 9.994E-05 0.9993 9.994E-05
9.994E-05 9.994E-05 9.994E-05 9.994E-05 9.994E-05 9.994E-05 9.994E-05 0.9993
9.994E-05 9.994E-05 9.994E-05 9.994E-05 9.994E-05 9.994E-05 9.994E-05 0.9993
9.994E-05 9.994E-05 9.994E-05 9.994E-05 9.994E-05 9.994E-05 9.994E-05 0.9993
9.994E-05 9.994E-05 9.994E-05 9.994E-05 9.994E-05 9.994E-05 0.9993 9.994E-05
9.994E-05 9.994E-05 9.994E-05 9.994E-05 9.994E-05 9.994E-05 9.994E-05 0.9993
9.994E-05 9.994E-05 9.994E-05 9.994E-05 9.994E-05 9.994E-05 9.994E-05 0.9993
9.994E-05 9.994E-05 9.994E-05 9.994E-05 9.994E-05 9.994E-05 0.9993 9.994E-05
9.994E-05 9.994E-05 9.994E-05 9.994E-05 9.994E-05 9.994E-05 9.994E-05 0.9993
9.994E-05 9.994E-05 9.994E-05 9.994E-05 9.994E-05 9.994E-05 9.994E-05 0.9993
9.99824E-05 0.0848525 9.99824E-05 0.102509 0.42122 0.0793054 0.187518 0.124395
9.994E-05 9.994E-05 9.994E-05 9.994E-05 9.994E-05 9.994E-05 0.9993 9.994E-05
9.994E-05 9.994E-05 9.994E-05 9.994E-05 9.994E-05 9.994E-05 9.994E-05 0.9993
9.99649E-05 9.99649E-05 9.99649E-05 0.0296236 0.502037 0.0313329 9.99649E-05 0.436607
9.99649E-05 0.0631902 0.166276 9.99649E-05 0.497554 9.99649E-05 9.99649E-05 0.272581
9.99648E-05 0.0309256 9.99648E-05 9.99648E-05 0.513435 9.99648E-05 0.335524 0.119716
9.99736E-05 0.0382534 0.0757496 0.0573298 0.816981 9.99736E-05 0.0113863 9.99736E-05
9.9956E-05 9.9956E-05 9.9956E-05 9.9956E-05 0.545781 9.9956E-05 0.20624 0.24748
9.99475E-05 9.99475E-05 9.99475E-05 9.99475E-05 0.935691 9.99475E-05 9.99475E-05 0.0637095
9.99824E-05 0.0429552 0.0131226 9.99824E-05 0.353399 0.0157847 0.202409 0.372129
9.99736E-05 0.023531 9.99736E-05 0.11451 0.690299 0.0136703 9.99736E-05 0.15769
9.99473E-05 9.99473E-05 9.99473E-05 9.99473E-05 0.746219 9.99473E-05 9.99473E-05 0.253182
9.99736E-05 0.0802659 0.146619 9.99736E-05 0.684038 9.99736E-05 0.0367191 0.0520579
9.99649E-05 9.99649E-05 9.99649E-05 9.99649E-05 0.71297 0.0606917 0.170566 0.0553725
9.99473E-05 9.99473E-05 9.99473E-05 9.99473E-05 0.405163 9.99473E-05 9.99473E-05 0.594237
9.99736E-05 9.99736E-05 0.0466541 0.0742341 0.341495 9.99736E-05 0.286707 0.25061
9.99648E-05 0.0143468 9.99648E-05 0.1018 0.819322 9.99648E-05 9.99648E-05 0.0641318
9.99736E-05 0.0932996 9.99736E-05 9.99736E-05 0.624307 0.0312682 0.127682 0.123143
9.99736E-05 9.99736E-05 0.0308377 9.99736E-05 0.348179 0.0587053 0.283835 0.278143
9.997E-05 0.0408353 9.997E-05 0.0696698 0.711938 9.997E-05 0.0290294 0.148228
9.99736E-05 0.0446186 9.99736E-05 9.99736E-05 0.387064 0.155917 0.377023 0.0350772
9.99736E-05 0.0915146 9.99736E-05 9.99736E-05 0.62142 0.0427246 0.0840477 0.159993
9.99736E-05 0.00416077 0.0491031 9.99736E-05 0.56279 9.99736E-05 0.162049 0.221598
9.99648E-05 0.0635349 9.99648E-05 9.99648E-05 0.721508 9.99648E-05 0.0643268 0.150231
9.99649E-05 0.0325209 0.0708354 9.99649E-05 0.667051 9.99649E-05 9.99649E-05 0.229192
9.99736E-05 0.0706557 0.0316823 0.095256 0.618945 9.99736E-05 9.99736E-05 0.183161
9.9956E-05 9.9956E-05 9.9956E-05 0.0095881 0.773468 9.9956E-05 9.9956E-05 0.216445
9.99648E-05 0.0313786 9.99648E-05 0.059825 0.846475 9.99648E-05 9.99648E-05 0.0619211
9.99474E-05 9.99474E-05 9.99474E-05 9.99474E-05 0.956425 9.99474E-05 9.99474E-05 0.0429755
9.99736E-05 0.011622 0.134526 9.99736E-05 0.733795 9.99736E-05 0.0252912 0.0944657
9.99648E-05 9.99648E-05 9.99648E-05 0.0676748 0.440522 9.99648E-05 0.205296 0.286107
9.99648E-05 0.101736 0.0359801 0.101352 0.760533 9.99648E-05 9.99648E-05 9.99648E-05
9.99648E-05 0.0753116 9.99648E-05 0.17712 0.618217 9.99648E-05 9.99648E-05 0.128952
9.99736E-05 9.99736E-05 0.0541801 9.99736E-05 0.36293 0.0206444 0.182681 0.379265
9.99561E-05 9.99561E-05 9.99561E-05 9.99561E-05 0.65736 9.99561E-05 0.0804934 0.261647
9.99736E-05 0.0640837 9.99736E-05 0.0398024 0.468613 9.99736E-05 0.239749 0.187452
9.99824E-05 0.0239313 0.15453 9.99824E-05 0.384635 0.0215063 0.294503 0.120694
9.99648E-05 9.99648E-05 0.197725 9.99648E-05 0.610853 9.99648E-05 0.148425 0.0425971
9.99561E-05 9.99561E-05 9.99561E-05 9.99561E-05 0.82564 9.99561E-05 0.128966 0.0448949
9.994E-05 9.994E-05 9.994E-05 9.994E-05 0.9993 9.994E-05 9.994E-05 9.994E-05
9.99736E-05 9.99736E-05 0.0733303 0.0384914 0.54198 0.100676 0.245222 9.99736E-05
9.99561E-05 0.11441 9.99561E-05 9.99561E-05 0.741383 0.143707 9.99561E-05 9.99561E-05
9.99736E-05 0.0855651 0.146632 9.99736E-05 0.434982 9.99736E-05 0.0386098 0.293911
9.99736E-05 0.00579338 9.99736E-05 0.0122427 0.73969 9.99736E-05 0.14005 0.101924
9.99737E-05 0.0664979 0.120979 9.99737E-05 0.712498 9.99737E-05 0.0512587 0.0484661
9.99736E-05 0.12592 0.0297621 9.99736E-05 0.511672 9.99736E-05 0.140345 0.192002
9.99737E-05 9.99737E-05 0.00870606 0.0372427 0.346474 9.99737E-05 0.0492898 0.557988
9.99648E-05 9.99648E-05 9.99648E-05 0.0645258 0.189597 9.99648E-05 0.42675 0.318728
9.99736E-05 0.0220413 9.99736E-05 0.0356514 0.777507 0.0183268 9.99736E-05 0.146174
9.994E-05 9.994E-05 9.994E-05 9.994E-05 0.9993 9.994E-05 9.994E-05 9.994E-05
9.99648E-05 0.0364146 9.99648E-05 9.99648E-05 0.699799 0.0337246 9.99648E-05 0.229662
9.994E-05 9.994E-05 9.994E-05 9.994E-05 0.9993 9.994E-05 9.994E-05 9.994E-05
9.99736E-05 9.99736E-05 0.133601 0.00816753 0.354122 9.99736E-05 0.28593 0.21788
9.994E-05 9.994E-05 9.994E-05 9.994E-05 0.9993 9.994E-05 9.994E-05 9.994E-05
9.99561E-05 9.99561E-05 9.99561E-05 9.99561E-05 0.589692 0.084897 0.324911 9.99561E-05
9.99648E-05 9.99648E-05 0.0693985 9.99648E-05 0.385483 0.135163 0.409556 9.99648E-05
9.9956E-05 9.9956E-05 9.9956E-05 9.9956E-05 0.641384 9.9956E-05 0.181845 0.17627
9.99648E-05 0.00208066 0.183097 9.99648E-05 0.712584 9.99648E-05 9.99648E-05 0.101839
9.99473E-05 9.99473E-05 9.99473E-05 9.99473E-05 0.691728 9.99473E-05 9.99473E-05 0.307672
9.99475E-05 9.99475E-05 9.99475E-05 9.99475E-05 0.752838 9.99475E-05 0.246563 9.99475E-05
9.99561E-05 9.99561E-05 9.99561E-05 9.99561E-05 0.796953 0.0224086 9.99561E-05 0.180139
9.99649E-05 0.0420275 9.99649E-05 9.99649E-05 0.67248 9.99649E-05 0.0697755 0.215317
9.99561E-05 9.99561E-05 9.99561E-05 9.99561E-05 0.551362 9.99561E-05 0.230297 0.217841
9.99473E-05 9.99473E-05 9.99473E-05 9.99473E-05 0.992664 9.99473E-05 9.99473E-05 0.00673672
9.99474E-05 9.99474E-05 9.99474E-05 9.99474E-05 0.901463 9.99474E-05 9.99474E-05 0.0979377
9.99563E-05 0.0583567 9.99563E-05 9.99563E-05 0.803416 9.99563E-05 0.137728 9.99563E-05
9.99648E-05 9.99648E-05 9.99648E-05 9.99648E-05 0.797049 0.0510481 0.0671485 0.0843541
9.9956E-05 0.0977055 9.9956E-05 9.9956E-05 0.754682 9.9956E-05 9.9956E-05 0.147113
9.99473E-05 9.99473E-05 9.99473E-05 9.99473E-05 0.76586 9.99473E-05 9.99473E-05 0.233541
9.99474E-05 9.99474E-05 9.99474E-05 9.99474E-05 0.96749 9.99474E-05 9.99474E-05 0.0319107
9.99649E-05 0.104207 9.99649E-05 9.99649E-05 0.530675 9.99649E-05 0.139269 0.225449
9.99648E-05 0.103166 9.99648E-05 9.99648E-05 0.62235 0.0762939 0.197791 9.99648E-05
9.99562E-05 0.00745865 9.99562E-05 9.99562E-05 0.870413 9.99562E-05 0.121628 9.99562E-05
9.99561E-05 9.99561E-05 9.99561E-05 9.99561E-05 0.476338 9.99561E-05 0.487365 0.0357974
0.120956 9.99562E-05 9.99562E-05 9.99562E-05 0.790794 9.99562E-05 0.087751 9.99562E-05
9.9956E-05 9.9956E-05 9.9956E-05 9.9956E-05 0.551762 9.9956E-05 0.183509 0.26423
9.997E-05 0.0638865 0.179941 0.0544894 0.590423 9.997E-05 0.110961 9.997E-05
9.99474E-05 9.99474E-05 9.99474E-05 9.99474E-05 0.979325 9.99474E-05 0.0200753 9.99474E-05
9.99561E-05 9.99561E-05 9.99561E-05 9.99561E-05 0.695581 9.99561E-05 0.151435 0.152484
0.117922 9.99474E-05 9.99474E-05 9.99474E-05 0.881478 9.99474E-05 9.99474E-05 9.99474E-05
9.99648E-05 9.99648E-05 9.99648E-05 0.0194016 0.858846 0.00374289 0.11761 9.99648E-05
9.99562E-05 9.99562E-05 9.99562E-05 9.99562E-05 0.852136 9.99562E-05 0.134799 0.0125653
9.99648E-05 9.99648E-05 9.99648E-05 9.99648E-05 0.591719 0.028546 0.000235883 0.3791
9.99648E-05 9.99648E-05 0.145476 9.99648E-05 0.650351 0.0105981 9.99648E-05 0.193175
9.99824E-05 0.106056 0.0855204 0.0633123 0.523307 0.0431269 9.99824E-05 0.178477
9.994E-05 9.994E-05 9.994E-05 9.994E-05 0.9993 9.994E-05 9.994E-05 9.994E-05
9.99561E-05 9.99561E-05 9.99561E-05 9.99561E-05 0.724109 0.0490602 9.99561E-05 0.226331
9.99649E-05 0.224282 9.99649E-05 9.99649E-05 0.5721 9.99649E-05 0.0370318 0.166187
9.99561E-05 9.99561E-05 9.99561E-05 9.99561E-05 0.860793 9.99561E-05 0.123964 0.0147437
9.99736E-05 9.99736E-05 9.99736E-05 0.175292 0.671829 0.00347518 0.109088 0.0400155
9.99736E-05 9.99736E-05 9.99736E-05 0.0385587 0.51264 0.0141721 0.0590543 0.375275
9.99736E-05 0.0301191 0.0403734 9.99736E-05 0.620573 9.99736E-05 0.26327 0.0453647
9.99648E-05 0.103683 9.99648E-05 9.99648E-05 0.544487 9.99648E-05 0.182688 0.168743
0.017899 0.232195 0.0411415 9.999E-05 0.41514 0.0044541 0.199666 0.0894041
9.99648E-05 9.99648E-05 9.99648E-05 0.0849058 0.384394 9.99648E-05 0.483987 0.0463137
0.0281206 9.99737E-05 9.99737E-05 0.00101148 0.346727 9.99737E-05 0.293855 0.329986
9.99736E-05 0.119423 9.99736E-05 9.99736E-05 0.54835 0.132009 0.145398 0.0545206
9.99474E-05 9.99474E-05 9.99474E-05 9.99474E-05 0.770142 9.99474E-05 9.99474E-05 0.229259
9.99562E-05 9.99562E-05 9.99562E-05 0.0223025 0.894815 9.99562E-05 0.0823826 9.99562E-05
9.99648E-05 9.99648E-05 0.182149 9.99648E-05 0.499263 0.00525843 9.99648E-05 0.312929
9.99648E-05 9.99648E-05 9.99648E-05 9.99648E-05 0.477374 0.118028 0.35508 0.049118
9.99561E-05 9.99561E-05 9.99561E-05 0.064616 0.474254 9.99561E-05 0.46063 9.99561E-05
9.99649E-05 0.00924529 9.99649E-05 9.99649E-05 0.284178 9.99649E-05 0.614086 0.0920907
9.99824E-05 0.060886 0.14197 0.0790238 0.444154 0.0609643 9.99824E-05 0.212801
9.9956E-05 9.9956E-05 9.9956E-05 9.9956E-05 0.530916 9.9956E-05 0.397907 0.0706765
9.99824E-05 0.170537 9.99824E-05 0.0745267 0.423218 0.0312945 0.17943 0.120794
0.0510121 9.99649E-05 9.99649E-05 9.99649E-05 0.822919 9.99649E-05 0.11088 0.0147885
0.0302731 9.9965E-05 9.9965E-05 9.9965E-05 0.775384 9.9965E-05 0.087312 0.106631
9.99649E-05 9.99649E-05 9.99649E-05 9.99649E-05 0.626421 0.0056591 0.221952 0.145568
9.996E-05 9.996E-05 9.996E-05 0.191859 0.527191 0.00887812 0.271672 9.996E-05
9.99474E-05 9.99474E-05 9.99474E-05 9.99474E-05 0.935815 9.99474E-05 9.99474E-05 0.0635854
9.99475E-05 9.99475E-05 9.99475E-05 9.99475E-05 0.972425 9.99475E-05 0.0269752 9.99475E-05
9.99649E-05 0.0607345 9.99649E-05 0.0151594 0.868021 9.99649E-05 9.99649E-05 0.0556851
9.99649E-05 0.0060956 9.99649E-05 0.113465 0.806668 9.99649E-05 9.99649E-05 0.0733712
9.99561E-05 9.99561E-05 9.99561E-05 9.99561E-05 0.912585 0.00198431 0.0849307 9.99561E-05
9.99648E-05 9.99648E-05 0.105854 9.99648E-05 0.684599 9.99648E-05 0.182927 0.0262203
9.997E-05 0.0203849 0.168455 9.997E-05 0.637862 9.997E-05 0.123146 0.0498523
9.99648E-05 0.172042 9.99648E-05 9.99648E-05 0.384306 0.0858162 0.357436 9.99648E-05
9.99473E-05 9.99473E-05 9.99473E-05 9.99473E-05 0.645982 9.99473E-05 9.99473E-05 0.353418
9.99648E-05 0.00522829 9.99648E-05 9.99648E-05 0.725129 9.99648E-05 0.13234 0.136903
9.99824E-05 0.107885 9.99824E-05 0.0384753 0.564185 0.0192702 0.258755 0.0112297
9.99473E-05 0.0194397 9.99473E-05 9.99473E-05 0.979961 9.99473E-05 9.99473E-05 9.99473E-05
9.99648E-05 0.0542374 0.189777 9.99648E-05 0.274242 9.99648E-05 0.481344 9.99648E-05
9.99736E-05 9.99736E-05 9.99736E-05 0.159601 0.689375 0.0313288 0.084553 0.0348418
9.99736E-05 0.0380691 9.99736E-05 9.99736E-05 0.563798 0.0741881 0.0632064 0.260439
9.99648E-05 0.0608665 9.99648E-05 9.99648E-05 0.449734 9.99648E-05 0.406026 0.082974
9.997E-05 9.997E-05 0.108728 9.997E-05 0.658029 0.0342386 0.00971919 0.188986
9.99562E-05 9.99562E-05 9.99562E-05 9.99562E-05 0.820173 9.99562E-05 0.0717535 0.107574
9.99736E-05 9.99736E-05 9.99736E-05 0.0523841 0.511412 0.187859 0.105109 0.142936
9.99474E-05 9.99474E-05 9.99474E-05 9.99474E-05 0.813903 9.99474E-05 0.185497 9.99474E-05
9.99562E-05 9.99562E-05 9.99562E-05 9.99562E-05 0.85193 9.99562E-05 0.0680303 0.0795396
9.99736E-05 9.99736E-05 0.0240154 9.99736E-05 0.543972 0.152535 0.0917223 0.187455
9.99736E-05 0.0453842 9.99736E-05 9.99736E-05 0.57734 0.00132544 0.276679 0.0989723
9.99737E-05 9.99737E-05 0.146811 9.99737E-05 0.0317861 0.0946687 0.494288 0.232147
9.99737E-05 9.99737E-05 0.19884 9.99737E-05 0.0114077 0.0612882 0.617169 0.110995
9.99736E-05 9.99736E-05 0.245874 9.99736E-05 0.0763127 0.0506914 0.498181 0.128642
9.99737E-05 9.99737E-05 0.12128 9.99737E-05 0.222411 0.00829556 0.521508 0.126205
9.99825E-05 9.99825E-05 0.221097 0.134525 0.134941 0.0784358 0.342225 0.0885761
0.166083 9.99563E-05 0.0802356 9.99563E-05 9.99563E-05 9.99563E-05 0.753181 9.99563E-05
9.99736E-05 9.99736E-05 0.0187626 9.99736E-05 0.0489105 0.0734067 0.702804 0.155816
9.99737E-05 0.0324865 0.200481 9.99737E-05 0.18249 9.99737E-05 0.424075 0.160168
0.251666 9.99737E-05 0.165785 9.99737E-05 9.99737E-05 0.0634221 0.413413 0.105414
9.99737E-05 9.99737E-05 0.189244 9.99737E-05 0.0127603 0.0190886 0.624126 0.154481
9.99824E-05 9.99824E-05 0.171452 0.015913 0.0473021 0.169876 0.540552 0.054705
0.120318 0.142062 9.99649E-05 9.99649E-05 0.112283 9.99649E-05 0.624938 9.99649E-05
9.99824E-05 0.00557428 0.362894 9.99824E-05 0.00404245 0.0983461 0.475626 0.0533177
0.358345 9.9965E-05 9.9965E-05 9.9965E-05 0.0549632 9.9965E-05 0.582747 0.00354479
0.0108513 0.0435566 9.99912E-05 0.00403316 0.19225 0.138793 0.604386 0.00602999
0.0112008 9.99824E-05 0.220115 9.99824E-05 0.00611656 0.0688815 0.514316 0.17917
9.99649E-05 9.99649E-05 0.0704056 9.99649E-05 0.0602194 0.134858 0.734118 9.99649E-05
0.00833376 9.99825E-05 0.236542 9.99825E-05 0.0209967 0.0285159 0.67955 0.0258617
9.99737E-05 0.0532249 0.0444022 9.99737E-05 9.99737E-05 0.249791 0.565655 0.0866266
9.99561E-05 9.99561E-05 0.238912 9.99561E-05 9.99561E-05 9.99561E-05 0.511291 0.249298
0.0166562 9.99737E-05 9.99737E-05 9.99737E-05 0.069118 0.130186 0.663067 0.120672
0.12711 9.99825E-05 0.217364 9.99825E-05 0.0197258 0.0933765 0.477814 0.06441
0.0667868 0.0524533 0.0392277 0.023961 0.0153539 0.116771 0.672414 0.0130325
9.99644E-05 9.99644E-05 9.99644E-05 0.0664568 9.99644E-05 9.99644E-05 0.667303 0.26574
9.99473E-05 9.99473E-05 9.99473E-05 9.99473E-05 9.99473E-05 9.99473E-05 0.722775 0.276626
9.99473E-05 9.99473E-05 9.99473E-05 9.99473E-05 9.99473E-05 9.99473E-05 0.688928 0.310472
9.99473E-05 9.99473E-05 9.99473E-05 9.99473E-05 9.99473E-05 9.99473E-05 0.824566 0.174834
9.99474E-05 9.99474E-05 9.99474E-05 9.99474E-05 9.99474E-05 9.99474E-05 0.858087 0.141313
9.99473E-05 9.99473E-05 9.99473E-05 9.99473E-05 9.99473E-05 9.99473E-05 0.739479 0.259921
9.99649E-05 9.99649E-05 9.99649E-05 0.062045 0.0529226 9.99649E-05 0.611619 0.273014
9.99562E-05 9.99562E-05 9.99562E-05 9.99562E-05 0.0878954 9.99562E-05 0.779735 0.131869
9.99649E-05 9.99649E-05 9.99649E-05 0.0523894 0.0975229 9.99649E-05 0.680491 0.169197
9.9956E-05 9.9956E-05 9.9956E-05 9.9956E-05 9.9956E-05 0.0328068 0.64852 0.318174
9.99561E-05 9.99561E-05 9.99561E-05 0.0325834 9.99561E-05 9.99561E-05 0.823081 0.143836
9.99474E-05 9.99474E-05 9.99474E-05 9.99474E-05 9.99474E-05 9.99474E-05 0.774158 0.225242
9.99561E-05 9.99561E-05 9.99561E-05 9.99561E-05 9.99561E-05 0.0645616 0.623893 0.311046
9.99562E-05 9.99562E-05 9.99562E-05 9.99562E-05 0.148278 9.99562E-05 0.579825 0.271397
9.99475E-05 9.99475E-05 9.99475E-05 9.99475E-05 9.99475E-05 9.99475E-05 0.867977 0.131423
9.99561E-05 9.99561E-05 9.99561E-05 9.99561E-05 0.146268 9.99561E-05 0.637648 0.215584
9.99649E-05 9.99649E-05 9.99649E-05 0.0531596 0.0678102 9.99649E-05 0.660379 0.218252
9.99474E-05 9.99474E-05 9.99474E-05 9.99474E-05 9.99474E-05 9.99474E-05 0.780323 0.219077
9.99474E-05 9.99474E-05 9.99474E-05 9.99474E-05 9.99474E-05 9.99474E-05 0.747998 0.251402
9.99562E-05 9.99562E-05 9.99562E-05 9.99562E-05 9.99562E-05 0.0873576 0.786141 0.126001
9.99472E-05 9.99472E-05 9.99472E-05 9.99472E-05 9.99472E-05 9.99472E-05 0.595112 0.404289
9.99474E-05 9.99474E-05 9.99474E-05 9.99474E-05 9.99474E-05 9.99474E-05 0.874909 0.124491
9.99472E-05 9.99472E-05 9.99472E-05 9.99472E-05 9.99472E-05 9.99472E-05 0.662439 0.336961
9.99474E-05 0.031633 9.99474E-05 9.99474E-05 0.967767 9.99474E-05 9.99474E-05 9.99474E-05
9.99562E-05 9.99562E-05 9.99562E-05 9.99562E-05 9.99562E-05 0.062313 0.769391 0.167796
9.99474E-05 9.99474E-05 9.99474E-05 9.99474E-05 9.99474E-05 9.99474E-05 0.766174 0.233226
9.99561E-05 9.99561E-05 9.99561E-05 9.99561E-05 9.99561E-05 0.0571041 0.87942 0.0629758
9.99474E-05 9.99474E-05 9.99474E-05 9.99474E-05 9.99474E-05 9.99474E-05 0.88062 0.11878
9.99472E-05 9.99472E-05 9.99472E-05 9.99472E-05 9.99472E-05 9.99472E-05 0.670837 0.328564
9.99562E-05 9.99562E-05 9.99562E-05 9.99562E-05 0.0527266 9.99562E-05 0.772914 0.17386
9.99562E-05 9.99562E-05 9.99562E-05 9.99562E-05 9.99562E-05 0.0928896 0.709783 0.196827
9.99473E-05 9.99473E-05 0.0203505 9.99473E-05 9.99473E-05 9.99473E-05 0.97905 9.99473E-05
9.99561E-05 9.99561E-05 9.99561E-05 9.99561E-05 0.00630269 9.99561E-05 0.756608 0.236589
9.99473E-05 9.99473E-05 9.99473E-05 9.99473E-05 9.99473E-05 9.99473E-05 0.796772 0.202628
9.99561E-05 9.99561E-05 9.99561E-05 0.0440048 9.99561E-05 9.99561E-05 0.604555 0.350941
9.99473E-05 9.99473E-05 9.99473E-05 9.99473E-05 9.99473E-05 9.99473E-05 0.830829 0.168571
9.99561E-05 9.99561E-05 9.99561E-05 9.99561E-05 0.154244 9.99561E-05 0.651265 0.193991
9.99562E-05 9.99562E-05 9.99562E-05 9.99562E-05 9.99562E-05 0.0205067 0.895425 0.083569
9.99561E-05 9.99561E-05 0.0127391 9.99561E-05 9.99561E-05 9.99561E-05 0.776858 0.209903
9.99562E-05 9.99562E-05 9.99562E-05 9.99562E-05 0.0546124 9.99562E-05 0.707061 0.237827
9.99475E-05 9.99475E-05 9.99475E-05 9.99475E-05 9.99475E-05 9.99475E-05 0.800101 0.199299
9.99474E-05 9.99474E-05 9.99474E-05 9.99474E-05 9.99474E-05 9.99474E-05 0.836372 0.163028
9.99648E-05 0.00865068 9.99648E-05 0.114841 9.99648E-05 9.99648E-05 0.623372 0.252737
9.99561E-05 9.99561E-05 9.99561E-05 9.99561E-05 9.99561E-05 0.0705939 0.700844 0.228062
0.0201582 9.998E-05 0.337824 0.0143843 9.998E-05 0.143995 0.369751 0.113687
9.99649E-05 9.99649E-05 0.479495 9.99649E-05 9.99649E-05 0.0832851 0.209458 0.227362
9.99825E-05 0.00410567 0.356995 0.0243418 9.99825E-05 0.288963 0.0404388 0.284956
0.0358124 9.99737E-05 0.481145 9.99737E-05 9.99737E-05 0.119959 0.225472 0.137312
0.0602582 9.997E-05 0.397177 9.997E-05 9.997E-05 0.123701 0.288175 0.13039
0.0292435 9.998E-05 0.298648 0.0885323 9.998E-05 0.110857 0.291029 0.18149
0.0349057 9.99737E-05 0.339968 9.99737E-05 9.99737E-05 0.226548 0.296697 0.101582
9.99649E-05 9.99649E-05 0.369638 9.99649E-05 9.99649E-05 0.0634572 0.549043 0.0174617
0.0278798 9.997E-05 0.355731 9.997E-05 9.997E-05 0.132826 0.0331957 0.450068
0.0640771 0.0180931 0.114684 0.238505 9.99912E-05 0.249115 0.217066 0.0983595
9.99649E-05 9.99649E-05 0.43073 9.99649E-05 9.99649E-05 0.149599 0.304005 0.115266
9.99649E-05 9.99649E-05 0.421295 9.99649E-05 9.99649E-05 0.165068 0.281051 0.132186
0.0596512 0.00358901 0.378153 9.99824E-05 9.99824E-05 0.190769 0.289597 0.0780407
0.0556312 9.99737E-05 0.362378 9.99737E-05 9.99737E-05 0.19818 0.303073 0.0804367
0.0519345 9.998E-05 0.487883 0.0275346 9.998E-05 0.0857837 0.216577 0.130087
9.99737E-05 9.99737E-05 0.395166 0.0138146 9.99737E-05 0.11666 0.390266 0.0837937
0.0135148 9.99737E-05 0.369376 9.99737E-05 9.99737E-05 0.122383 0.394325 0.100101
9.99561E-05 9.99561E-05 0.629025 9.99561E-05 9.99561E-05 9.99561E-05 0.196324 0.174151
9.99649E-05 9.99649E-05 0.177276 9.99649E-05 9.99649E-05 0.307391 0.296481 0.218452
0.0570818 9.998E-05 0.318469 0.0282091 9.998E-05 0.178944 0.373803 0.0432939
9.994E-05 9.994E-05 9.994E-05 9.994E-05 9.994E-05 0.9993 9.994E-05 9.994E-05
9.994E-05 9.994E-05 9.994E-05 9.994E-05 9.994E-05 0.9993 9.994E-05 9.994E-05
9.994E-05 9.994E-05 9.994E-05 9.994E-05 9.994E-05 0.9993 9.994E-05 9.994E-05
9.994E-05 9.994E-05 9.994E-05 9.994E-05 9.994E-05 0.9993 9.994E-05 9.994E-05
9.994E-05 9.994E-05 9.994E-05 9.994E-05 9.994E-05 0.9993 9.994E-05 9.994E-05
9.994E-05 9.994E-05 9.994E-05 9.994E-05 9.994E-05 0.9993 9.994E-05 9.994E-05
9.994E-05 9.994E-05 9.994E-05 9.994E-05 9.994E-05 0.9993 9.994E-05 9.994E-05
9.994E-05 9.994E-05 9.994E-05 9.994E-05 9.994E-05 0.9993 9.994E-05 9.994E-05
9.994E-05 9.994E-05 9.994E-05 9.994E-05 9.994E-05 0.9993 9.994E-05 9.994E-05
9.994E-05 9.994E-05 9.994E-05 9.994E-05 9.994E-05 0.9993 9.994E-05 9.994E-05
9.994E-05 9.994E-05 9.994E-05 9.994E-05 9.994E-05 0.9993 9.994E-05 9.994E-05
9.994E-05 9.994E-05 9.994E-05 9.994E-05 9.994E-05 0.9993 9.994E-05 9.994E-05
9.994E-05 9.994E-05 9.994E-05 9.994E-05 9.994E-05 0.9993 9.994E-05 9.994E-05
9.994E-05 9.994E-05 9.994E-05 9.994E-05 9.994E-05 0.9993 9.994E-05 9.994E-05
9.994E-05 9.994E-05 9.994E-05 9.994E-05 9.994E-05 0.9993 9.994E-05 9.994E-05
9.994E-05 9.994E-05 9.994E-05 9.994E-05 9.994E-05 0.9993 9.994E-05 9.994E-05
9.994E-05 9.994E-05 9.994E-05 9.994E-05 9.994E-05 0.9993 9.994E-05 9.994E-05
9.994E-05 9.994E-05 9.994E-05 9.994E-05 9.994E-05 0.9993 9.994E-05 9.994E-05
9.99472E-05 9.99472E-05 9.99472E-05 0.00838305 9.99472E-05 0.991017 9.99472E-05 9.99472E-05
9.994E-05 9.994E-05 9.994E-05 9.994E-05 9.994E-05 0.9993 9.994E-05 9.994E-05
9.994E-05 9.994E-05 9.994E-05 9.994E-05 9.994E-05 0.9993 9.994E-05 9.994E-05
9.994E-05 9.994E-05 9.994E-05 9.994E-05 9.994E-05 0.9993 9.994E-05 9.994E-05
9.994E-05 9.994E-05 9.994E-05 9.994E-05 9.994E-05 0.9993 9.994E-05 9.994E-05
9.994E-05 9.994E-05 9.994E-05 9.994E-05 9.994E-05 0.9993 9.994E-05 9.994E-05
9.994E-05 9.994E-05 9.994E-05 9.994E-05 9.994E-05 0.9993 9.994E-05 9.994E-05
9.994E-05 9.994E-05 9.994E-05 9.994E-05 9.994E-05 0.9993 9.994E-05 9.994E-05
9.994E-05 9.994E-05 9.994E-05 9.994E-05 9.994E-05 0.9993 9.994E-05 9.994E-05
9.994E-05 9.994E-05 9.994E-05 9.994E-05 9.994E-05 0.9993 9.994E-05 9.994E-05
9.994E-05 9.994E-05 9.994E-05 9.994E-05 9.994E-05 0.9993 9.994E-05 9.994E-05
9.994E-05 9.994E-05 9.994E-05 9.994E-05 9.994E-05 0.9993 9.994E-05 9.994E-05
9.994E-05 9.994E-05 9.994E-05 9.994E-05 9.994E-05 0.9993 9.994E-05 9.994E-05
9.994E-05 9.994E-05 9.994E-05 9.994E-05 9.994E-05 0.9993 9.994E-05 9.994E-05
9.994E-05 9.994E-05 9.994E-05 9.994E-05 9.994E-05 0.9993 9.994E-05 9.994E-05
9.994E-05 9.994E-05 9.994E-05 9.994E-05 9.994E-05 0.9993 9.994E-05 9.994E-05
9.994E-05 9.994E-05 9.994E-05 9.994E-05 9.994E-05 0.9993 9.994E-05 9.994E-05
