9.98507E-05 0.00740349 0.152696 9.98507E-05 9.98507E-05 9.98507E-05 9.98507E-05 0.170322 9.98507E-05 9.98507E-05 9.98507E-05 0.0255677 0.198899 9.98507E-05 0.249463 9.98507E-05 9.98507E-05 9.98507E-05 9.98507E-05 9.98507E-05 0.0729062 0.0596542 0.0613918 9.98507E-05 9.98507E-05 9.98507E-05
9.98421E-05 0.0581946 9.98421E-05 9.98421E-05 9.98421E-05 0.0117729 9.98421E-05 0.487715 9.98421E-05 9.98421E-05 9.98421E-05 0.00267362 0.207459 9.98421E-05 0.107152 9.98421E-05 9.98421E-05 9.98421E-05 0.00275269 9.98421E-05 0.120483 9.98421E-05 9.98421E-05 9.98421E-05 9.98421E-05 9.98421E-05
9.97984E-05 0.0154029 9.97984E-05 9.97984E-05 9.97984E-05 9.97984E-05 9.97984E-05 9.97984E-05 9.97984E-05 9.97984E-05 9.97984E-05 9.97984E-05 0.90906 9.97984E-05 9.97984E-05 9.97984E-05 0.0732414 9.97984E-05 9.97984E-05 9.97984E-05 9.97984E-05 9.97984E-05 9.97984E-05 9.97984E-05 9.97984E-05 9.97984E-05
0.0186627 0.0299542 0.120276 0.0310455 9.98595E-05 9.98595E-05 9.98595E-05 0.356882 0.133486 0.0132129 9.98595E-05 0.00134564 9.98595E-05 9.98595E-05 9.98595E-05 9.98595E-05 9.98595E-05 0.00449378 0.289043 9.98595E-05 9.98595E-05 9.98595E-05 9.98595E-05 9.98595E-05 9.98595E-05 9.98595E-05
9.98072E-05 9.98072E-05 9.98072E-05 0.0637061 0.0670769 9.98072E-05 9.98072E-05 0.0824805 9.98072E-05 9.98072E-05 9.98072E-05 9.98072E-05 0.784541 9.98072E-05 9.98072E-05 9.98072E-05 9.98072E-05 9.98072E-05 9.98072E-05 9.98072E-05 9.98072E-05 9.98072E-05 9.98072E-05 9.98072E-05 9.98072E-05 9.98072E-05
9.98246E-05 9.98246E-05 9.98246E-05 0.14911 9.98246E-05 9.98246E-05 9.98246E-05 0.242052 0.195653 9.98246E-05 9.98246E-05 9.98246E-05 9.98246E-05 9.98246E-05 0.251564 9.98246E-05 9.98246E-05 0.117904 9.98246E-05 9.98246E-05 0.04172 9.98246E-05 9.98246E-05 9.98246E-05 9.98246E-05 9.98246E-05
9.98596E-05 0.0947174 0.129423 0.0646063 9.98596E-05 9.98596E-05 9.98596E-05 0.353287 9.98596E-05 9.98596E-05 9.98596E-05 9.98596E-05 9.98596E-05 9.98596E-05 0.103242 9.98596E-05 9.98596E-05 9.98596E-05 0.0509671 9.98596E-05 0.0854752 0.0303689 9.98596E-05 0.0673553 9.98596E-05 0.0189604
9.98421E-05 9.98421E-05 0.151573 9.98421E-05 9.98421E-05 0.00835534 9.98421E-05 0.308952 0.0255112 0.103593 9.98421E-05 9.98421E-05 9.98421E-05 9.98421E-05 9.98421E-05 9.98421E-05 9.98421E-05 0.122871 9.98421E-05 0.149392 9.98421E-05 9.98421E-05 0.127955 9.98421E-05 9.98421E-05 9.98421E-05
9.98508E-05 9.98508E-05 0.0014155 9.98508E-05 9.98508E-05 9.98508E-05 9.98508E-05 0.160752 9.98508E-05 0.0759429 0.0118452 0.226263 0.165366 9.98508E-05 9.98508E-05 9.98508E-05 9.98508E-05 0.225142 9.98508E-05 9.98508E-05 0.00016022 0.131415 9.98508E-05 9.98508E-05 9.98508E-05 9.98508E-05
9.98069E-05 9.98069E-05 9.98069E-05 9.98069E-05 9.98069E-05 9.98069E-05 9.98069E-05 9.98069E-05 9.98069E-05 9.98069E-05 9.98069E-05 0.0206038 0.954375 9.98069E-05 9.98069E-05 0.00293805 9.98069E-05 9.98069E-05 9.98069E-05 9.98069E-05 9.98069E-05 0.0198879 9.98069E-05 9.98069E-05 9.98069E-05 9.98069E-05
9.98158E-05 0.147389 0.0699947 9.98158E-05 9.98158E-05 9.98158E-05 9.98158E-05 0.579754 9.98158E-05 9.98158E-05 9.98158E-05 0.151763 9.98158E-05 9.98158E-05 0.0490029 9.98158E-05 9.98158E-05 9.98158E-05 9.98158E-05 9.98158E-05 9.98158E-05 9.98158E-05 9.98158E-05 9.98158E-05 9.98158E-05 9.98158E-05
9.98421E-05 0.00832551 9.98421E-05 9.98421E-05 0.00160929 0.000185477 9.98421E-05 9.98421E-05 0.0376491 9.98421E-05 9.98421E-05 9.98421E-05 0.880588 9.98421E-05 0.0482287 9.98421E-05 9.98421E-05 9.98421E-05 0.00974168 0.0118755 9.98421E-05 9.98421E-05 9.98421E-05 9.98421E-05 9.98421E-05 9.98421E-05
9.98246E-05 9.98246E-05 0.0920309 9.98246E-05 9.98246E-05 9.98246E-05 9.98246E-05 0.188393 9.98246E-05 9.98246E-05 0.00852191 0.0345563 0.674092 9.98246E-05 9.98246E-05 9.98246E-05 9.98246E-05 0.000409391 9.98246E-05 9.98246E-05 9.98246E-05 9.98246E-05 9.98246E-05 9.98246E-05 9.98246E-05 9.98246E-05
9.98157E-05 9.98157E-05 9.98157E-05 9.98157E-05 9.98157E-05 9.98157E-05 0.00485756 0.827 9.98157E-05 9.98157E-05 0.0559863 0.00993951 9.98157E-05 9.98157E-05 9.98157E-05 0.100121 9.98157E-05 9.98157E-05 9.98157E-05 9.98157E-05 9.98157E-05 9.98157E-05 9.98157E-05 9.98157E-05 9.98157E-05 9.98157E-05
9.98508E-05 9.98508E-05 9.98508E-05 9.98508E-05 9.98508E-05 9.98508E-05 9.98508E-05 9.98508E-05 0.0429558 9.98508E-05 0.0157693 0.0181805 0.33789 9.98508E-05 0.229094 9.98508E-05 9.98508E-05 0.127055 9.98508E-05 9.98508E-05 0.0433421 0.0766561 9.98508E-05 9.98508E-05 9.98508E-05 0.10736
9.98596E-05 9.98596E-05 0.0989274 9.98596E-05 9.98596E-05 0.0215654 9.98596E-05 0.0159592 9.98596E-05 0.066824 9.98596E-05 0.101022 0.155388 9.98596E-05 0.18064 9.98596E-05 9.98596E-05 0.127996 0.106337 0.123744 9.98596E-05 9.98596E-05 9.98596E-05 9.98596E-05 9.98596E-05 9.98596E-05
9.98685E-05 0.0255914 9.98685E-05 9.98685E-05 9.98685E-05 0.0461085 9.98685E-05 0.13776 9.98685E-05 0.037501 9.98685E-05 0.0599675 0.437536 0.0174441 9.98685E-05 0.0239874 9.98685E-05 9.98685E-05 9.98685E-05 0.000918114 0.0713932 9.98685E-05 9.98685E-05 9.98685E-05 0.140294 9.98685E-05
0.0840059 9.98421E-05 0.143682 9.98421E-05 9.98421E-05 9.98421E-05 9.98421E-05 0.202502 0.14625 9.98421E-05 9.98421E-05 9.98421E-05 9.98421E-05 9.98421E-05 0.243662 9.98421E-05 0.137161 9.98421E-05 9.98421E-05 0.0280148 9.98421E-05 0.012926 9.98421E-05 9.98421E-05 9.98421E-05 9.98421E-05
9.98333E-05 9.98333E-05 0.183343 0.20711 9.98333E-05 9.98333E-05 9.98333E-05 0.100446 9.98333E-05 9.98333E-05 9.98333E-05 0.207173 0.192501 0.0261635 9.98333E-05 9.98333E-05 9.98333E-05 0.0813677 9.98333E-05 9.98333E-05 9.98333E-05 9.98333E-05 9.98333E-05 9.98333E-05 9.98333E-05 9.98333E-05
0.0101567 9.97897E-05 9.97897E-05 9.97897E-05 9.97897E-05 9.97897E-05 9.97897E-05 9.97897E-05 9.97897E-05 9.97897E-05 9.97897E-05 9.97897E-05 0.987448 9.97897E-05 9.97897E-05 9.97897E-05 9.97897E-05 9.97897E-05 9.97897E-05 9.97897E-05 9.97897E-05 9.97897E-05 9.97897E-05 9.97897E-05 9.97897E-05 9.97897E-05
9.98158E-05 0.0298658 9.98158E-05 9.98158E-05 9.98158E-05 9.98158E-05 9.98158E-05 0.577555 9.98158E-05 0.23702 9.98158E-05 9.98158E-05 9.98158E-05 9.98158E-05 9.98158E-05 9.98158E-05 9.98158E-05 0.0770165 9.98158E-05 0.0764469 9.98158E-05 9.98158E-05 9.98158E-05 9.98158E-05 9.98158E-05 9.98158E-05
9.98334E-05 9.98334E-05 0.285395 0.0650878 0.0515177 9.98334E-05 9.98334E-05 9.98334E-05 0.0474236 9.98334E-05 9.98334E-05 9.98334E-05 0.239463 9.98334E-05 9.98334E-05 9.98334E-05 9.98334E-05 0.153012 9.98334E-05 9.98334E-05 9.98334E-05 9.98334E-05 9.98334E-05 9.98334E-05 9.98334E-05 0.156204
9.9816E-05 0.0081087 9.9816E-05 9.9816E-05 9.9816E-05 9.9816E-05 9.9816E-05 0.44788 9.9816E-05 9.9816E-05 9.9816E-05 0.127154 0.165476 9.9816E-05 0.249285 9.9816E-05 9.9816E-05 9.9816E-05 9.9816E-05 9.9816E-05 9.9816E-05 9.9816E-05 9.9816E-05 9.9816E-05 9.9816E-05 9.9816E-05
9.98158E-05 9.98158E-05 0.331914 9.98158E-05 9.98158E-05 9.98158E-05 9.98158E-05 0.0419931 9.98158E-05 9.98158E-05 9.98158E-05 0.285035 0.337082 9.98158E-05 9.98158E-05 9.98158E-05 9.98158E-05 9.98158E-05 9.98158E-05 0.00188022 9.98158E-05 9.98158E-05 9.98158E-05 9.98158E-05 9.98158E-05 9.98158E-05
0.0534173 0.0495335 0.0787484 9.98683E-05 9.98683E-05 9.98683E-05 9.98683E-05 0.317837 0.104971 9.98683E-05 0.0181878 0.264328 0.00182852 0.0427224 9.98683E-05 9.98683E-05 9.98683E-05 0.0461242 0.0208044 9.98683E-05 9.98683E-05 9.98683E-05 9.98683E-05 9.98683E-05 9.98683E-05 9.98683E-05
9.98245E-05 9.98245E-05 0.100133 9.98245E-05 9.98245E-05 9.98245E-05 9.98245E-05 9.98245E-05 9.98245E-05 9.98245E-05 9.98245E-05 0.13424 0.685174 9.98245E-05 9.98245E-05 9.98245E-05 9.98245E-05 0.0125726 0.0495088 9.98245E-05 9.98245E-05 9.98245E-05 9.98245E-05 9.98245E-05 0.0163763 9.98245E-05
9.98333E-05 9.98333E-05 0.179664 9.98333E-05 9.98333E-05 9.98333E-05 9.98333E-05 9.98333E-05 0.288813 9.98333E-05 9.98333E-05 0.0201465 0.0294384 9.98333E-05 9.98333E-05 9.98333E-05 0.112646 9.98333E-05 9.98333E-05 0.133231 9.98333E-05 9.98333E-05 9.98333E-05 9.98333E-05 9.98333E-05 0.234165
9.98073E-05 9.98073E-05 0.0498783 9.98073E-05 9.98073E-05 9.98073E-05 9.98073E-05 9.98073E-05 9.98073E-05 9.98073E-05 0.0449786 9.98073E-05 0.795672 9.98073E-05 9.98073E-05 9.98073E-05 9.98073E-05 9.98073E-05 0.107275 9.98073E-05 9.98073E-05 9.98073E-05 9.98073E-05 9.98073E-05 9.98073E-05 9.98073E-05
9.98248E-05 9.98248E-05 0.0524745 9.98248E-05 9.98248E-05 9.98248E-05 0.0401818 9.98248E-05 9.98248E-05 9.98248E-05 9.98248E-05 0.298481 0.493821 9.98248E-05 0.106834 9.98248E-05 9.98248E-05 9.98248E-05 9.98248E-05 9.98248E-05 9.98248E-05 0.00621119 9.98248E-05 9.98248E-05 9.98248E-05 9.98248E-05
9.98247E-05 0.0150911 9.98247E-05 9.98247E-05 9.98247E-05 9.98247E-05 9.98247E-05 9.98247E-05 9.98247E-05 9.98247E-05 9.98247E-05 0.1184 0.698944 9.98247E-05 9.98247E-05 9.98247E-05 9.98247E-05 0.0447207 9.98247E-05 9.98247E-05 9.98247E-05 0.0230081 9.98247E-05 9.98247E-05 0.0978394 9.98247E-05
9.98334E-05 0.063864 9.98334E-05 9.98334E-05 9.98334E-05 0.00610874 9.98334E-05 9.98334E-05 9.98334E-05 9.98334E-05 9.98334E-05 9.98334E-05 0.806789 0.0106276 9.98334E-05 9.98334E-05 0.0528332 0.0107411 9.98334E-05 9.98334E-05 9.98334E-05 9.98334E-05 9.98334E-05 9.98334E-05 9.98334E-05 0.0471393
9.98509E-05 0.0563937 0.0240639 0.0547399 9.98509E-05 9.98509E-05 0.0352044 0.616129 0.121445 9.98509E-05 9.98509E-05 0.0154574 9.98509E-05 9.98509E-05 0.0360346 9.98509E-05 9.98509E-05 9.98509E-05 0.0388346 9.98509E-05 9.98509E-05 9.98509E-05 9.98509E-05 9.98509E-05 9.98509E-05 9.98509E-05
9.98156E-05 0.074752 0.086595 9.98156E-05 9.98156E-05 9.98156E-05 9.98156E-05 0.665086 9.98156E-05 9.98156E-05 9.98156E-05 0.101123 9.98156E-05 9.98156E-05 0.070348 9.98156E-05 9.98156E-05 9.98156E-05 9.98156E-05 9.98156E-05 9.98156E-05 9.98156E-05 9.98156E-05 9.98156E-05 9.98156E-05 9.98156E-05
9.98508E-05 0.00734426 0.112485 0.0519295 9.98508E-05 9.98508E-05 9.98508E-05 0.526561 9.98508E-05 9.98508E-05 9.98508E-05 0.102245 0.00845944 9.98508E-05 9.98508E-05 9.98508E-05 0.0363607 9.98508E-05 9.98508E-05 9.98508E-05 9.98508E-05 9.98508E-05 9.98508E-05 0.0332693 0.119648 9.98508E-05
0.0128651 0.0621638 9.98248E-05 9.98248E-05 9.98248E-05 9.98248E-05 9.98248E-05 9.98248E-05 9.98248E-05 9.98248E-05 9.98248E-05 0.0178065 0.857567 9.98248E-05 9.98248E-05 9.98248E-05 9.98248E-05 0.0102906 9.98248E-05 9.98248E-05 0.0373109 9.98248E-05 9.98248E-05 9.98248E-05 9.98248E-05 9.98248E-05
0.017507 9.98421E-05 0.0731288 9.98421E-05 9.98421E-05 9.98421E-05 9.98421E-05 9.98421E-05 9.98421E-05 0.0293783 9.98421E-05 9.98421E-05 0.686599 9.98421E-05 0.00791328 9.98421E-05 9.98421E-05 0.0433696 0.106096 9.98421E-05 0.0342109 9.98421E-05 9.98421E-05 9.98421E-05 9.98421E-05 9.98421E-05
9.98161E-05 9.98161E-05 0.0567729 0.0705216 9.98161E-05 9.98161E-05 9.98161E-05 9.98161E-05 9.98161E-05 9.98161E-05 9.98161E-05 9.98161E-05 0.804169 9.98161E-05 9.98161E-05 9.98161E-05 9.98161E-05 9.98161E-05 9.98161E-05 9.98161E-05 0.0508802 9.98161E-05 9.98161E-05 0.0155606 9.98161E-05 9.98161E-05
9.97983E-05 9.97983E-05 9.97983E-05 9.97983E-05 9.97983E-05 9.97983E-05 9.97983E-05 0.812758 9.97983E-05 9.97983E-05 9.97983E-05 0.0297337 9.97983E-05 9.97983E-05 9.97983E-05 9.97983E-05 9.97983E-05 0.155213 9.97983E-05 9.97983E-05 9.97983E-05 9.97983E-05 9.97983E-05 9.97983E-05 9.97983E-05 9.97983E-05
9.98422E-05 0.0136543 9.98422E-05 0.0169016 0.150398 9.98422E-05 9.98422E-05 9.98422E-05 9.98422E-05 9.98422E-05 9.98422E-05 0.124063 0.462523 9.98422E-05 9.98422E-05 9.98422E-05 9.98422E-05 9.98422E-05 9.98422E-05 0.00575123 0.0408924 9.98422E-05 9.98422E-05 9.98422E-05 0.18402 9.98422E-05
9.98332E-05 9.98332E-05 9.98332E-05 0.0179612 9.98332E-05 9.98332E-05 0.0390173 0.645964 0.024828 9.98332E-05 9.98332E-05 0.101294 9.98332E-05 9.98332E-05 9.98332E-05 9.98332E-05 9.98332E-05 9.98332E-05 9.98332E-05 0.0845235 9.98332E-05 9.98332E-05 9.98332E-05 9.98332E-05 0.0845156 9.98332E-05
9.98158E-05 0.00361676 0.0318208 9.98158E-05 9.98158E-05 9.98158E-05 9.98158E-05 9.98158E-05 9.98158E-05 9.98158E-05 9.98158E-05 0.0377081 0.89364 9.98158E-05 9.98158E-05 9.98158E-05 9.98158E-05 9.98158E-05 9.98158E-05 9.98158E-05 9.98158E-05 9.98158E-05 9.98158E-05 9.98158E-05 9.98158E-05 0.0311184
9.98161E-05 9.98161E-05 0.120871 9.98161E-05 9.98161E-05 9.98161E-05 9.98161E-05 9.98161E-05 9.98161E-05 9.98161E-05 9.98161E-05 0.0293137 0.635023 9.98161E-05 9.98161E-05 9.98161E-05 9.98161E-05 9.98161E-05 9.98161E-05 9.98161E-05 9.98161E-05 0.0434314 9.98161E-05 9.98161E-05 9.98161E-05 0.169265
9.98158E-05 9.98158E-05 0.0228226 9.98158E-05 9.98158E-05 9.98158E-05 0.214107 9.98158E-05 9.98158E-05 9.98158E-05 0.01484 9.98158E-05 0.710247 9.98158E-05 9.98158E-05 9.98158E-05 9.98158E-05 9.98158E-05 9.98158E-05 9.98158E-05 9.98158E-05 9.98158E-05 9.98158E-05 9.98158E-05 9.98158E-05 0.0358874
9.98422E-05 0.0422657 0.0902559 9.98422E-05 9.98422E-05 9.98422E-05 9.98422E-05 0.136494 9.98422E-05 9.98422E-05 9.98422E-05 0.13684 0.213236 9.98422E-05 0.155852 9.98422E-05 9.98422E-05 0.0513951 9.98422E-05 9.98422E-05 9.98422E-05 0.171865 9.98422E-05 9.98422E-05 9.98422E-05 9.98422E-05
9.98245E-05 9.98245E-05 0.398133 0.0523116 0.00110293 9.98245E-05 9.98245E-05 0.341129 9.98245E-05 9.98245E-05 9.98245E-05 0.183829 9.98245E-05 9.98245E-05 9.98245E-05 9.98245E-05 9.98245E-05 9.98245E-05 0.0214973 9.98245E-05 9.98245E-05 9.98245E-05 9.98245E-05 9.98245E-05 9.98245E-05 9.98245E-05
0.0442598 9.98333E-05 0.0174335 0.0162014 9.98333E-05 9.98333E-05 9.98333E-05 0.19869 9.98333E-05 9.98333E-05 9.98333E-05 0.000151176 0.694129 9.98333E-05 9.98333E-05 9.98333E-05 0.0272377 9.98333E-05 9.98333E-05 9.98333E-05 9.98333E-05 9.98333E-05 9.98333E-05 9.98333E-05 9.98333E-05 9.98333E-05
9.97984E-05 9.97984E-05 9.97984E-05 9.97984E-05 9.97984E-05 9.97984E-05 9.97984E-05 0.802954 9.97984E-05 9.97984E-05 9.97984E-05 9.97984E-05 9.97984E-05 9.97984E-05 9.97984E-05 9.97984E-05 0.00341005 9.97984E-05 0.191341 9.97984E-05 9.97984E-05 9.97984E-05 9.97984E-05 9.97984E-05 9.97984E-05 9.97984E-05
0.023736 9.97985E-05 9.97985E-05 9.97985E-05 9.97985E-05 9.97985E-05 9.97985E-05 9.97985E-05 9.97985E-05 9.97985E-05 9.97985E-05 9.97985E-05 0.886646 9.97985E-05 9.97985E-05 9.97985E-05 9.97985E-05 9.97985E-05 9.97985E-05 9.97985E-05 9.97985E-05 9.97985E-05 9.97985E-05 0.0873223 9.97985E-05 9.97985E-05
9.98245E-05 9.98245E-05 0.122779 9.98245E-05 9.98245E-05 9.98245E-05 9.98245E-05 0.0518752 9.98245E-05 9.98245E-05 9.98245E-05 0.103474 0.59158 9.98245E-05 0.0419083 9.98245E-05 9.98245E-05 9.98245E-05 0.0863867 9.98245E-05 9.98245E-05 9.98245E-05 9.98245E-05 9.98245E-05 9.98245E-05 9.98245E-05
9.97985E-05 9.97985E-05 9.97985E-05 0.0598896 9.97985E-05 9.97985E-05 9.97985E-05 0.873557 9.97985E-05 9.97985E-05 9.97985E-05 9.97985E-05 9.97985E-05 9.97985E-05 9.97985E-05 9.97985E-05 9.97985E-05 9.97985E-05 9.97985E-05 9.97985E-05 9.97985E-05 9.97985E-05 9.97985E-05 0.0642577 9.97985E-05 9.97985E-05
9.98684E-05 0.0840905 0.0132537 0.0404092 9.98684E-05 9.98684E-05 9.98684E-05 0.299623 0.0886591 9.98684E-05 9.98684E-05 0.137341 9.98684E-05 9.98684E-05 0.0304915 9.98684E-05 9.98684E-05 0.121707 0.0605304 9.98684E-05 9.98684E-05 0.00946436 9.98684E-05 9.98684E-05 9.98684E-05 0.112932
9.9807E-05 9.9807E-05 0.147517 9.9807E-05 9.9807E-05 9.9807E-05 9.9807E-05 0.703683 9.9807E-05 9.9807E-05 9.9807E-05 9.9807E-05 9.9807E-05 9.9807E-05 9.9807E-05 9.9807E-05 9.9807E-05 9.9807E-05 0.128559 9.9807E-05 9.9807E-05 0.0180456 9.9807E-05 9.9807E-05 9.9807E-05 9.9807E-05
9.98072E-05 9.98072E-05 9.98072E-05 9.98072E-05 9.98072E-05 9.98072E-05 9.98072E-05 9.98072E-05 0.00482025 9.98072E-05 9.98072E-05 0.0273938 0.893661 0.0719291 9.98072E-05 9.98072E-05 9.98072E-05 9.98072E-05 9.98072E-05 9.98072E-05 9.98072E-05 9.98072E-05 9.98072E-05 9.98072E-05 9.98072E-05 9.98072E-05
9.9807E-05 9.9807E-05 9.9807E-05 9.9807E-05 0.00873878 9.9807E-05 9.9807E-05 0.900748 9.9807E-05 9.9807E-05 9.9807E-05 9.9807E-05 9.9807E-05 9.9807E-05 9.9807E-05 9.9807E-05 0.0441892 9.9807E-05 9.9807E-05 0.0441284 9.9807E-05 9.9807E-05 9.9807E-05 9.9807E-05 9.9807E-05 9.9807E-05
9.98248E-05 9.98248E-05 9.98248E-05 9.98248E-05 0.0429406 9.98248E-05 0.0336395 9.98248E-05 9.98248E-05 9.98248E-05 9.98248E-05 0.0488159 0.770691 0.100205 9.98248E-05 9.98248E-05 0.00171153 9.98248E-05 9.98248E-05 9.98248E-05 9.98248E-05 9.98248E-05 9.98248E-05 9.98248E-05 9.98248E-05 9.98248E-05
0.077814 0.0585404 9.98247E-05 0.0108383 0.0209757 9.98247E-05 9.98247E-05 9.98247E-05 0.105244 9.98247E-05 9.98247E-05 9.98247E-05 0.724591 9.98247E-05 9.98247E-05 9.98247E-05 9.98247E-05 9.98247E-05 9.98247E-05 9.98247E-05 9.98247E-05 9.98247E-05 9.98247E-05 9.98247E-05 9.98247E-05 9.98247E-05
9.98244E-05 9.98244E-05 0.0559969 0.0323133 9.98244E-05 9.98244E-05 9.98244E-05 9.98244E-05 9.98244E-05 9.98244E-05 9.98244E-05 0.0126844 0.801663 9.98244E-05 9.98244E-05 9.98244E-05 0.0707997 9.98244E-05 9.98244E-05 9.98244E-05 0.0245463 9.98244E-05 9.98244E-05 9.98244E-05 9.98244E-05 9.98244E-05
9.98158E-05 9.98158E-05 0.0452515 9.98158E-05 9.98158E-05 9.98158E-05 9.98158E-05 0.491165 9.98158E-05 9.98158E-05 9.98158E-05 0.0588259 0.302938 9.98158E-05 9.98158E-05 9.98158E-05 9.98158E-05 9.98158E-05 0.0997234 9.98158E-05 9.98158E-05 9.98158E-05 9.98158E-05 9.98158E-05 9.98158E-05 9.98158E-05
9.97984E-05 9.97984E-05 9.97984E-05 9.97984E-05 9.97984E-05 9.97984E-05 9.97984E-05 0.817818 9.97984E-05 9.97984E-05 9.97984E-05 9.97984E-05 0.170426 9.97984E-05 9.97984E-05 9.97984E-05 9.97984E-05 9.97984E-05 9.97984E-05 9.97984E-05 9.97984E-05 9.97984E-05 9.97984E-05 9.97984E-05 9.97984E-05 0.00946062
9.98245E-05 0.023739 0.0645716 9.98245E-05 9.98245E-05 9.98245E-05 9.98245E-05 9.98245E-05 9.98245E-05 9.98245E-05 9.98245E-05 0.072124 9.98245E-05 9.98245E-05 0.701065 9.98245E-05 9.98245E-05 0.0490849 9.98245E-05 9.98245E-05 9.98245E-05 9.98245E-05 0.0874187 9.98245E-05 9.98245E-05 9.98245E-05
9.98248E-05 9.98248E-05 0.0054579 9.98248E-05 9.98248E-05 9.98248E-05 9.98248E-05 9.98248E-05 9.98248E-05 9.98248E-05 0.0213021 9.98248E-05 9.98248E-05 9.98248E-05 0.874208 9.98248E-05 9.98248E-05 9.98248E-05 9.98248E-05 0.00503701 9.98248E-05 0.0767504 9.98248E-05 9.98248E-05 9.98248E-05 0.0152485
9.97983E-05 9.97983E-05 9.97983E-05 9.97983E-05 9.97983E-05 9.97983E-05 9.97983E-05 9.97983E-05 9.97983E-05 9.97983E-05 9.97983E-05 9.97983E-05 9.97983E-05 9.97983E-05 0.974831 9.97983E-05 0.0227636 9.97983E-05 9.97983E-05 9.97983E-05 9.97983E-05 9.97983E-05 9.97983E-05 0.000109634 9.97983E-05 9.97983E-05
9.98247E-05 9.98247E-05 9.98247E-05 9.98247E-05 9.98247E-05 9.98247E-05 9.98247E-05 9.98247E-05 0.159814 9.98247E-05 9.98247E-05 0.0387588 9.98247E-05 9.98247E-05 0.355391 9.98247E-05 9.98247E-05 0.10596 9.98247E-05 9.98247E-05 0.286649 9.98247E-05 9.98247E-05 0.051431 9.98247E-05 9.98247E-05
0.0299191 9.98505E-05 0.156662 9.98505E-05 9.98505E-05 9.98505E-05 9.98505E-05 9.98505E-05 9.98505E-05 9.98505E-05 9.98505E-05 0.0625466 9.98505E-05 9.98505E-05 0.684611 9.98505E-05 0.0141694 0.0266365 9.98505E-05 9.98505E-05 9.98505E-05 0.00755933 0.0149058 0.00129235 9.98505E-05 9.98505E-05
9.98242E-05 9.98242E-05 0.0183767 9.98242E-05 9.98242E-05 9.98242E-05 9.98242E-05 9.98242E-05 0.0626068 9.98242E-05 0.0796938 0.136708 9.98242E-05 9.98242E-05 0.651955 9.98242E-05 9.98242E-05 0.0486636 9.98242E-05 9.98242E-05 9.98242E-05 9.98242E-05 9.98242E-05 9.98242E-05 9.98242E-05 9.98242E-05
9.98243E-05 9.98243E-05 9.98243E-05 9.98243E-05 9.98243E-05 9.98243E-05 9.98243E-05 9.98243E-05 9.98243E-05 9.98243E-05 9.98243E-05 0.117335 9.98243E-05 9.98243E-05 0.494798 9.98243E-05 9.98243E-05 9.98243E-05 0.114616 9.98243E-05 0.247246 9.98243E-05 9.98243E-05 0.0235118 9.98243E-05 0.000497115
9.98419E-05 9.98419E-05 9.98419E-05 0.0215285 9.98419E-05 9.98419E-05 9.98419E-05 9.98419E-05 0.115006 9.98419E-05 9.98419E-05 0.0312333 9.98419E-05 9.98419E-05 0.604709 9.98419E-05 0.103717 0.0299063 9.98419E-05 9.98419E-05 0.0612979 9.98419E-05 9.98419E-05 9.98419E-05 9.98419E-05 0.0308047
9.97984E-05 9.97984E-05 9.97984E-05 9.97984E-05 9.97984E-05 9.97984E-05 0.00645386 9.97984E-05 9.97984E-05 9.97984E-05 9.97984E-05 9.97984E-05 9.97984E-05 9.97984E-05 0.947739 9.97984E-05 9.97984E-05 9.97984E-05 9.97984E-05 9.97984E-05 0.0435121 9.97984E-05 9.97984E-05 9.97984E-05 9.97984E-05 9.97984E-05
9.97981E-05 0.067899 9.97981E-05 9.97981E-05 9.97981E-05 9.97981E-05 9.97981E-05 9.97981E-05 9.97981E-05 9.97981E-05 9.97981E-05 9.97981E-05 9.97981E-05 9.97981E-05 0.918538 9.97981E-05 9.97981E-05 9.97981E-05 0.0112674 9.97981E-05 9.97981E-05 9.97981E-05 9.97981E-05 9.97981E-05 9.97981E-05 9.97981E-05
9.98243E-05 0.163181 9.98243E-05 0.0203964 9.98243E-05 9.98243E-05 9.98243E-05 9.98243E-05 9.98243E-05 9.98243E-05 9.98243E-05 0.199133 9.98243E-05 9.98243E-05 0.455122 9.98243E-05 9.98243E-05 0.0917191 0.0684527 9.98243E-05 9.98243E-05 9.98243E-05 9.98243E-05 9.98243E-05 9.98243E-05 9.98243E-05
9.98595E-05 0.0381291 0.135942 0.0175409 9.98595E-05 0.0526589 9.98595E-05 9.98595E-05 9.98595E-05 9.98595E-05 0.093872 0.0565025 9.98595E-05 0.0246264 0.520627 9.98595E-05 9.98595E-05 9.98595E-05 9.98595E-05 9.98595E-05 0.044786 9.98595E-05 9.98595E-05 0.0137173 9.98595E-05 9.98595E-05
9.98419E-05 0.0824792 9.98419E-05 0.0539689 0.0294505 0.106225 9.98419E-05 9.98419E-05 0.0596033 9.98419E-05 9.98419E-05 9.98419E-05 9.98419E-05 9.98419E-05 0.481608 9.98419E-05 9.98419E-05 0.125378 9.98419E-05 0.0594897 9.98419E-05 9.98419E-05 9.98419E-05 9.98419E-05 9.98419E-05 9.98419E-05
9.98244E-05 9.98244E-05 0.126248 9.98244E-05 0.110958 9.98244E-05 9.98244E-05 9.98244E-05 9.98244E-05 9.98244E-05 9.98244E-05 0.162516 9.98244E-05 9.98244E-05 0.55203 9.98244E-05 9.98244E-05 9.98244E-05 9.98244E-05 9.98244E-05 0.0307879 0.0154631 9.98244E-05 9.98244E-05 9.98244E-05 9.98244E-05
9.98073E-05 9.98073E-05 9.98073E-05 9.98073E-05 9.98073E-05 9.98073E-05 9.98073E-05 9.98073E-05 0.00649696 9.98073E-05 9.98073E-05 9.98073E-05 9.98073E-05 9.98073E-05 0.928781 9.98073E-05 9.98073E-05 9.98073E-05 9.98073E-05 0.0081435 9.98073E-05 9.98073E-05 9.98073E-05 9.98073E-05 9.98073E-05 0.0543824
9.97985E-05 9.97985E-05 9.97985E-05 9.97985E-05 9.97985E-05 9.97985E-05 9.97985E-05 9.97985E-05 9.97985E-05 9.97985E-05 9.97985E-05 0.00538694 9.97985E-05 9.97985E-05 0.987882 9.97985E-05 9.97985E-05 0.00443578 9.97985E-05 9.97985E-05 9.97985E-05 9.97985E-05 9.97985E-05 9.97985E-05 9.97985E-05 9.97985E-05
9.98156E-05 9.98156E-05 9.98156E-05 0.0625252 9.98156E-05 9.98156E-05 9.98156E-05 9.98156E-05 0.0152785 9.98156E-05 9.98156E-05 0.0835087 9.98156E-05 9.98156E-05 0.672607 9.98156E-05 9.98156E-05 9.98156E-05 9.98156E-05 9.98156E-05 9.98156E-05 9.98156E-05 0.163985 9.98156E-05 9.98156E-05 9.98156E-05
9.98331E-05 0.0965339 0.146036 0.0508538 9.98331E-05 0.00662522 9.98331E-05 9.98331E-05 9.98331E-05 9.98331E-05 9.98331E-05 9.98331E-05 9.98331E-05 9.98331E-05 0.621008 9.98331E-05 9.98331E-05 0.0502501 0.0267965 9.98331E-05 9.98331E-05 9.98331E-05 9.98331E-05 9.98331E-05 9.98331E-05 9.98331E-05
9.98069E-05 0.00852055 9.98069E-05 9.98069E-05 9.98069E-05 9.98069E-05 9.98069E-05 9.98069E-05 9.98069E-05 9.98069E-05 9.98069E-05 0.0114225 9.98069E-05 9.98069E-05 0.906788 9.98069E-05 0.0710735 9.98069E-05 9.98069E-05 9.98069E-05 9.98069E-05 9.98069E-05 9.98069E-05 9.98069E-05 9.98069E-05 9.98069E-05
0.00501171 0.00334138 9.98329E-05 9.98329E-05 9.98329E-05 0.0178491 9.98329E-05 9.98329E-05 9.98329E-05 9.98329E-05 9.98329E-05 0.166246 9.98329E-05 9.98329E-05 0.658223 9.98329E-05 9.98329E-05 9.98329E-05 9.98329E-05 0.0868403 9.98329E-05 9.98329E-05 9.98329E-05 9.98329E-05 9.98329E-05 0.0605915
9.979E-05 9.979E-05 9.979E-05 9.979E-05 9.979E-05 9.979E-05 0.0611954 9.979E-05 9.979E-05 9.979E-05 9.979E-05 9.979E-05 9.979E-05 9.979E-05 0.93641 9.979E-05 9.979E-05 9.979E-05 9.979E-05 9.979E-05 9.979E-05 9.979E-05 9.979E-05 9.979E-05 9.979E-05 9.979E-05
9.98068E-05 9.98068E-05 0.252764 9.98068E-05 9.98068E-05 9.98068E-05 9.98068E-05 9.98068E-05 9.98068E-05 9.98068E-05 9.98068E-05 0.0434285 9.98068E-05 9.98068E-05 0.690978 9.98068E-05 9.98068E-05 9.98068E-05 9.98068E-05 9.98068E-05 0.0106341 9.98068E-05 9.98068E-05 9.98068E-05 9.98068E-05 9.98068E-05
9.98422E-05 9.98422E-05 0.00950934 9.98422E-05 9.98422E-05 9.98422E-05 9.98422E-05 9.98422E-05 0.1251 9.98422E-05 0.0597932 0.00188132 9.98422E-05 0.00558076 0.72588 9.98422E-05 9.98422E-05 9.98422E-05 9.98422E-05 9.98422E-05 0.0612544 9.98422E-05 9.98422E-05 9.98422E-05 9.98422E-05 0.00920401
9.98596E-05 9.98596E-05 0.0541575 0.121535 9.98596E-05 9.98596E-05 9.98596E-05 9.98596E-05 0.0231638 9.98596E-05 9.98596E-05 0.000649021 9.98596E-05 9.98596E-05 0.609934 9.98596E-05 0.0381793 0.0385054 9.98596E-05 9.98596E-05 9.98596E-05 0.0352391 0.0328009 0.0442378 9.98596E-05 9.98596E-05
9.98068E-05 0.11017 0.0119926 9.98068E-05 9.98068E-05 0.112326 9.98068E-05 9.98068E-05 9.98068E-05 9.98068E-05 9.98068E-05 9.98068E-05 9.98068E-05 9.98068E-05 0.763315 9.98068E-05 9.98068E-05 9.98068E-05 9.98068E-05 9.98068E-05 9.98068E-05 9.98068E-05 9.98068E-05 9.98068E-05 9.98068E-05 9.98068E-05
9.98073E-05 9.98073E-05 9.98073E-05 9.98073E-05 9.98073E-05 9.98073E-05 9.98073E-05 9.98073E-05 9.98073E-05 9.98073E-05 9.98073E-05 9.98073E-05 9.98073E-05 9.98073E-05 0.973871 0.00242997 9.98073E-05 0.0144686 9.98073E-05 9.98073E-05 0.00703485 9.98073E-05 9.98073E-05 9.98073E-05 9.98073E-05 9.98073E-05
9.9781E-05 9.9781E-05 9.9781E-05 9.9781E-05 9.9781E-05 9.9781E-05 9.9781E-05 9.9781E-05 9.9781E-05 9.9781E-05 9.9781E-05 9.9781E-05 9.9781E-05 9.9781E-05 0.997505 9.9781E-05 9.9781E-05 9.9781E-05 9.9781E-05 9.9781E-05 9.9781E-05 9.9781E-05 9.9781E-05 9.9781E-05 9.9781E-05 9.9781E-05
9.97809E-05 9.97809E-05 9.97809E-05 9.97809E-05 9.97809E-05 9.97809E-05 9.97809E-05 9.97809E-05 9.97809E-05 9.97809E-05 9.97809E-05 9.97809E-05 9.97809E-05 9.97809E-05 0.997505 9.97809E-05 9.97809E-05 9.97809E-05 9.97809E-05 9.97809E-05 9.97809E-05 9.97809E-05 9.97809E-05 9.97809E-05 9.97809E-05 9.97809E-05
9.97985E-05 9.97985E-05 9.97985E-05 9.97985E-05 9.97985E-05 9.97985E-05 9.97985E-05 9.97985E-05 9.97985E-05 9.97985E-05 9.97985E-05 9.97985E-05 9.97985E-05 9.97985E-05 0.876174 9.97985E-05 0.109492 0.0120386 9.97985E-05 9.97985E-05 9.97985E-05 9.97985E-05 9.97985E-05 9.97985E-05 9.97985E-05 9.97985E-05
9.98071E-05 9.98071E-05 9.98071E-05 9.98071E-05 9.98071E-05 9.98071E-05 0.181807 9.98071E-05 9.98071E-05 9.98071E-05 9.98071E-05 0.120903 9.98071E-05 9.98071E-05 0.647814 9.98071E-05 9.98071E-05 0.0472804 9.98071E-05 9.98071E-05 9.98071E-05 9.98071E-05 9.98071E-05 9.98071E-05 9.98071E-05 9.98071E-05
9.97982E-05 9.97982E-05 9.97982E-05 9.97982E-05 9.97982E-05 9.97982E-05 9.97982E-05 9.97982E-05 0.771836 9.97982E-05 9.97982E-05 0.150823 9.97982E-05 9.97982E-05 9.97982E-05 9.97982E-05 9.97982E-05 0.0750455 9.97982E-05 9.97982E-05 9.97982E-05 9.97982E-05 9.97982E-05 9.97982E-05 9.97982E-05 9.97982E-05
9.97983E-05 9.97983E-05 9.97983E-05 9.97983E-05 9.97983E-05 9.97983E-05 0.28819 9.97983E-05 0.254877 9.97983E-05 9.97983E-05 9.97983E-05 9.97983E-05 9.97983E-05 9.97983E-05 0.454638 9.97983E-05 9.97983E-05 9.97983E-05 9.97983E-05 9.97983E-05 9.97983E-05 9.97983E-05 9.97983E-05 9.97983E-05 9.97983E-05
9.98158E-05 0.0127174 0.00552183 9.98158E-05 9.98158E-05 9.98158E-05 9.98158E-05 9.98158E-05 0.840982 9.98158E-05 9.98158E-05 0.115238 9.98158E-05 0.0234448 9.98158E-05 9.98158E-05 9.98158E-05 9.98158E-05 9.98158E-05 9.98158E-05 9.98158E-05 9.98158E-05 9.98158E-05 9.98158E-05 9.98158E-05 9.98158E-05
9.97981E-05 9.97981E-05 9.97981E-05 9.97981E-05 9.97981E-05 9.97981E-05 9.97981E-05 9.97981E-05 0.828004 9.97981E-05 9.97981E-05 0.16454 9.97981E-05 9.97981E-05 9.97981E-05 9.97981E-05 9.97981E-05 0.0051607 9.97981E-05 9.97981E-05 9.97981E-05 9.97981E-05 9.97981E-05 9.97981E-05 9.97981E-05 9.97981E-05
9.98068E-05 9.98068E-05 9.98068E-05 9.98068E-05 9.98068E-05 0.0122235 9.98068E-05 9.98068E-05 0.945989 9.98068E-05 9.98068E-05 9.98068E-05 9.98068E-05 9.98068E-05 9.98068E-05 9.98068E-05 9.98068E-05 0.0300861 9.98068E-05 9.98068E-05 9.98068E-05 0.00950527 9.98068E-05 9.98068E-05 9.98068E-05 9.98068E-05
9.98247E-05 9.98247E-05 9.98247E-05 9.98247E-05 9.98247E-05 9.98247E-05 9.98247E-05 9.98247E-05 0.548114 9.98247E-05 9.98247E-05 0.0881654 9.98247E-05 9.98247E-05 9.98247E-05 9.98247E-05 9.98247E-05 0.11561 0.0846997 9.98247E-05 0.0877019 9.98247E-05 9.98247E-05 9.98247E-05 0.0737123 9.98247E-05
9.98333E-05 9.98333E-05 0.0597398 9.98333E-05 9.98333E-05 0.0396107 9.98333E-05 9.98333E-05 0.640844 9.98333E-05 9.98333E-05 0.0789138 9.98333E-05 9.98333E-05 9.98333E-05 0.0403506 0.00384547 0.134799 9.98333E-05 9.98333E-05 9.98333E-05 9.98333E-05 9.98333E-05 9.98333E-05 9.98333E-05 9.98333E-05
9.97895E-05 9.97895E-05 9.97895E-05 9.97895E-05 9.97895E-05 9.97895E-05 9.97895E-05 9.97895E-05 0.829094 9.97895E-05 9.97895E-05 9.97895E-05 9.97895E-05 9.97895E-05 9.97895E-05 9.97895E-05 9.97895E-05 0.168511 9.97895E-05 9.97895E-05 9.97895E-05 9.97895E-05 9.97895E-05 9.97895E-05 9.97895E-05 9.97895E-05
9.98243E-05 0.01253 9.98243E-05 9.98243E-05 9.98243E-05 0.0272431 9.98243E-05 9.98243E-05 0.421321 9.98243E-05 9.98243E-05 9.98243E-05 9.98243E-05 9.98243E-05 9.98243E-05 9.98243E-05 9.98243E-05 0.193954 9.98243E-05 9.98243E-05 0.291909 9.98243E-05 9.98243E-05 9.98243E-05 9.98243E-05 0.0510469
9.98157E-05 9.98157E-05 9.98157E-05 9.98157E-05 9.98157E-05 0.0623309 9.98157E-05 9.98157E-05 0.377837 9.98157E-05 9.98157E-05 0.302442 9.98157E-05 9.98157E-05 9.98157E-05 0.0920843 9.98157E-05 0.16321 9.98157E-05 9.98157E-05 9.98157E-05 9.98157E-05 9.98157E-05 9.98157E-05 9.98157E-05 9.98157E-05
9.98245E-05 0.0120244 9.98245E-05 9.98245E-05 9.98245E-05 9.98245E-05 9.98245E-05 9.98245E-05 0.273199 9.98245E-05 9.98245E-05 9.98245E-05 9.98245E-05 9.98245E-05 9.98245E-05 0.284386 9.98245E-05 0.00330583 9.98245E-05 9.98245E-05 0.269376 9.98245E-05 9.98245E-05 9.98245E-05 0.155712 9.98245E-05
9.98158E-05 0.0339003 9.98158E-05 9.98158E-05 9.98158E-05 9.98158E-05 9.98158E-05 9.98158E-05 0.515674 9.98158E-05 9.98158E-05 0.0670858 9.98158E-05 9.98158E-05 9.98158E-05 9.98158E-05 9.98158E-05 9.98158E-05 9.98158E-05 9.98158E-05 0.121196 9.98158E-05 9.98158E-05 9.98158E-05 0.260048 9.98158E-05
9.97983E-05 9.97983E-05 9.97983E-05 9.97983E-05 9.97983E-05 9.97983E-05 9.97983E-05 9.97983E-05 0.628107 9.97983E-05 9.97983E-05 9.97983E-05 9.97983E-05 9.97983E-05 9.97983E-05 0.279433 9.97983E-05 0.0901642 9.97983E-05 9.97983E-05 9.97983E-05 9.97983E-05 9.97983E-05 9.97983E-05 9.97983E-05 9.97983E-05
9.98073E-05 9.98073E-05 9.98073E-05 9.98073E-05 9.98073E-05 9.98073E-05 9.98073E-05 9.98073E-05 0.552858 9.98073E-05 9.98073E-05 0.199846 9.98073E-05 9.98073E-05 9.98073E-05 9.98073E-05 9.98073E-05 0.132687 9.98073E-05 9.98073E-05 9.98073E-05 9.98073E-05 9.98073E-05 9.98073E-05 0.112413 9.98073E-05
0.00299706 9.98335E-05 9.98335E-05 9.98335E-05 9.98335E-05 9.98335E-05 0.0769079 9.98335E-05 0.635641 9.98335E-05 9.98335E-05 9.98335E-05 9.98335E-05 0.0210393 9.98335E-05 9.98335E-05 0.148566 0.0682723 9.98335E-05 0.0446802 9.98335E-05 9.98335E-05 9.98335E-05 9.98335E-05 9.98335E-05 9.98335E-05
9.98421E-05 9.98421E-05 9.98421E-05 9.98421E-05 9.98421E-05 9.98421E-05 0.0302003 9.98421E-05 0.550137 9.98421E-05 9.98421E-05 0.099164 9.98421E-05 9.98421E-05 9.98421E-05 9.98421E-05 9.98421E-05 0.00316952 0.0350488 9.98421E-05 0.0807424 9.98421E-05 0.0506292 9.98421E-05 9.98421E-05 0.149112
9.9807E-05 9.9807E-05 9.9807E-05 9.9807E-05 9.9807E-05 9.9807E-05 9.9807E-05 9.9807E-05 0.624238 9.9807E-05 9.9807E-05 9.9807E-05 9.9807E-05 9.9807E-05 9.9807E-05 9.9807E-05 9.9807E-05 0.033752 9.9807E-05 9.9807E-05 0.224867 9.9807E-05 9.9807E-05 9.9807E-05 0.114948 9.9807E-05
9.98249E-05 9.98249E-05 0.090246 9.98249E-05 0.0370735 9.98249E-05 9.98249E-05 9.98249E-05 0.73527 9.98249E-05 9.98249E-05 9.98249E-05 0.00446207 9.98249E-05 9.98249E-05 9.98249E-05 9.98249E-05 0.0993485 9.98249E-05 9.98249E-05 9.98249E-05 9.98249E-05 9.98249E-05 0.0316037 9.98249E-05 9.98249E-05
9.98158E-05 0.0221484 9.98158E-05 9.98158E-05 9.98158E-05 9.98158E-05 9.98158E-05 9.98158E-05 0.796629 9.98158E-05 9.98158E-05 9.98158E-05 9.98158E-05 9.98158E-05 9.98158E-05 9.98158E-05 9.98158E-05 0.0117902 9.98158E-05 9.98158E-05 0.0238664 9.98158E-05 9.98158E-05 9.98158E-05 0.14347 9.98158E-05
0.078857 9.9842E-05 9.9842E-05 9.9842E-05 9.9842E-05 9.9842E-05 9.9842E-05 9.9842E-05 0.267482 9.9842E-05 0.0169057 0.0392729 9.9842E-05 9.9842E-05 9.9842E-05 9.9842E-05 9.9842E-05 0.0905446 0.00824756 9.9842E-05 9.9842E-05 9.9842E-05 9.9842E-05 9.9842E-05 0.332315 0.164579
9.98246E-05 9.98246E-05 9.98246E-05 9.98246E-05 9.98246E-05 9.98246E-05 0.0547736 9.98246E-05 0.672824 9.98246E-05 9.98246E-05 0.0938786 9.98246E-05 9.98246E-05 9.98246E-05 9.98246E-05 9.98246E-05 9.98246E-05 0.030849 9.98246E-05 0.135554 9.98246E-05 9.98246E-05 9.98246E-05 0.0101233 9.98246E-05
9.9807E-05 9.9807E-05 9.9807E-05 9.9807E-05 9.9807E-05 0.0210091 9.9807E-05 9.9807E-05 0.927928 9.9807E-05 9.9807E-05 0.00751478 9.9807E-05 9.9807E-05 9.9807E-05 9.9807E-05 9.9807E-05 9.9807E-05 9.9807E-05 9.9807E-05 9.9807E-05 9.9807E-05 9.9807E-05 9.9807E-05 0.0413527 9.9807E-05
0.0561067 9.98244E-05 9.98244E-05 9.98244E-05 9.98244E-05 9.98244E-05 9.98244E-05 9.98244E-05 0.416979 0.0392492 9.98244E-05 0.194513 9.98244E-05 9.98244E-05 9.98244E-05 9.98244E-05 9.98244E-05 0.232114 9.98244E-05 9.98244E-05 0.0590422 9.98244E-05 9.98244E-05 9.98244E-05 9.98244E-05 9.98244E-05
9.98245E-05 9.98245E-05 9.98245E-05 9.98245E-05 0.068776 9.98245E-05 9.98245E-05 9.98245E-05 0.384252 9.98245E-05 9.98245E-05 0.00956269 9.98245E-05 0.0468407 9.98245E-05 0.376157 9.98245E-05 0.112415 9.98245E-05 9.98245E-05 9.98245E-05 9.98245E-05 9.98245E-05 9.98245E-05 9.98245E-05 9.98245E-05
0.0610989 9.98158E-05 9.98158E-05 9.98158E-05 9.98158E-05 9.98158E-05 9.98158E-05 9.98158E-05 0.440748 9.98158E-05 9.98158E-05 0.223088 9.98158E-05 9.98158E-05 9.98158E-05 9.98158E-05 9.98158E-05 0.168114 9.98158E-05 9.98158E-05 0.104855 9.98158E-05 9.98158E-05 9.98158E-05 9.98158E-05 9.98158E-05
9.98507E-05 9.98507E-05 0.126348 9.98507E-05 9.98507E-05 0.0280065 9.98507E-05 9.98507E-05 0.122516 9.98507E-05 9.98507E-05 0.0370498 9.98507E-05 9.98507E-05 0.0197259 0.493518 9.98507E-05 0.0808649 9.98507E-05 0.0422105 0.0480632 9.98507E-05 9.98507E-05 9.98507E-05 9.98507E-05 9.98507E-05
9.98246E-05 9.98246E-05 9.98246E-05 9.98246E-05 9.98246E-05 9.98246E-05 0.00627494 9.98246E-05 9.98246E-05 9.98246E-05 0.072765 0.00155336 9.98246E-05 9.98246E-05 9.98246E-05 9.98246E-05 9.98246E-05 9.98246E-05 9.98246E-05 9.98246E-05 9.98246E-05 0.0428505 0.0136858 9.98246E-05 0.860874 9.98246E-05
9.9798E-05 9.9798E-05 9.9798E-05 9.9798E-05 9.9798E-05 9.9798E-05 9.9798E-05 9.9798E-05 0.879766 9.9798E-05 9.9798E-05 0.0634431 9.9798E-05 9.9798E-05 9.9798E-05 9.9798E-05 9.9798E-05 0.0544958 9.9798E-05 9.9798E-05 9.9798E-05 9.9798E-05 9.9798E-05 9.9798E-05 9.9798E-05 9.9798E-05
9.98159E-05 9.98159E-05 9.98159E-05 9.98159E-05 9.98159E-05 9.98159E-05 9.98159E-05 9.98159E-05 0.458717 9.98159E-05 9.98159E-05 0.182283 9.98159E-05 9.98159E-05 9.98159E-05 0.130513 9.98159E-05 0.178421 9.98159E-05 9.98159E-05 0.0479698 9.98159E-05 9.98159E-05 9.98159E-05 9.98159E-05 9.98159E-05
0.0200874 0.000737787 0.00168336 9.98247E-05 9.98247E-05 9.98247E-05 0.166816 9.98247E-05 0.717577 9.98247E-05 9.98247E-05 0.0911014 9.98247E-05 9.98247E-05 9.98247E-05 9.98247E-05 9.98247E-05 9.98247E-05 9.98247E-05 9.98247E-05 9.98247E-05 9.98247E-05 9.98247E-05 9.98247E-05 9.98247E-05 9.98247E-05
9.98158E-05 0.0100035 9.98158E-05 9.98158E-05 9.98158E-05 9.98158E-05 9.98158E-05 9.98158E-05 0.364864 9.98158E-05 9.98158E-05 0.16935 9.98158E-05 9.98158E-05 9.98158E-05 0.337605 9.98158E-05 9.98158E-05 9.98158E-05 0.11608 9.98158E-05 9.98158E-05 9.98158E-05 9.98158E-05 9.98158E-05 9.98158E-05
9.98157E-05 9.98157E-05 9.98157E-05 9.98157E-05 9.98157E-05 9.98157E-05 0.0691819 9.98157E-05 0.84259 9.98157E-05 9.98157E-05 0.0200806 9.98157E-05 9.98157E-05 9.98157E-05 0.0115788 9.98157E-05 9.98157E-05 9.98157E-05 0.054473 9.98157E-05 9.98157E-05 9.98157E-05 9.98157E-05 9.98157E-05 9.98157E-05
0.0577619 9.98156E-05 9.98156E-05 9.98156E-05 0.146411 9.98156E-05 9.98156E-05 9.98156E-05 0.403524 9.98156E-05 9.98156E-05 0.150225 9.98156E-05 9.98156E-05 9.98156E-05 9.98156E-05 9.98156E-05 0.239982 9.98156E-05 9.98156E-05 9.98156E-05 9.98156E-05 9.98156E-05 9.98156E-05 9.98156E-05 9.98156E-05
0.0703529 9.98332E-05 0.0954448 9.98332E-05 9.98332E-05 9.98332E-05 9.98332E-05 9.98332E-05 0.625843 9.98332E-05 0.0993989 0.0244097 9.98332E-05 9.98332E-05 9.98332E-05 9.98332E-05 9.98332E-05 0.0700669 9.98332E-05 9.98332E-05 9.98332E-05 9.98332E-05 9.98332E-05 9.98332E-05 9.98332E-05 0.0125868
9.97981E-05 9.97981E-05 9.97981E-05 9.97981E-05 9.97981E-05 9.97981E-05 9.97981E-05 9.97981E-05 0.719058 9.97981E-05 9.97981E-05 0.0156533 9.97981E-05 9.97981E-05 9.97981E-05 0.262993 9.97981E-05 9.97981E-05 9.97981E-05 9.97981E-05 9.97981E-05 9.97981E-05 9.97981E-05 9.97981E-05 9.97981E-05 9.97981E-05
9.98332E-05 0.0351224 9.98332E-05 9.98332E-05 9.98332E-05 0.0184058 9.98332E-05 9.98332E-05 0.526488 9.98332E-05 9.98332E-05 9.98332E-05 9.98332E-05 9.98332E-05 9.98332E-05 9.98332E-05 9.98332E-05 0.0758632 0.0840357 9.98332E-05 9.98332E-05 9.98332E-05 9.98332E-05 9.98332E-05 0.160743 0.0974454
9.98069E-05 9.98069E-05 9.98069E-05 9.98069E-05 9.98069E-05 9.98069E-05 9.98069E-05 9.98069E-05 0.59884 9.98069E-05 9.98069E-05 0.245528 9.98069E-05 9.98069E-05 9.98069E-05 9.98069E-05 0.0361933 0.117243 9.98069E-05 9.98069E-05 9.98069E-05 9.98069E-05 9.98069E-05 9.98069E-05 9.98069E-05 9.98069E-05
9.98069E-05 9.98069E-05 9.98069E-05 9.98069E-05 9.98069E-05 9.98069E-05 0.458575 9.98069E-05 0.189567 9.98069E-05 9.98069E-05 9.98069E-05 9.98069E-05 9.98069E-05 9.98069E-05 9.98069E-05 9.98069E-05 0.0482348 9.98069E-05 9.98069E-05 9.98069E-05 9.98069E-05 9.98069E-05 9.98069E-05 0.301427 9.98069E-05
9.98071E-05 9.98071E-05 9.98071E-05 9.98071E-05 9.98071E-05 9.98071E-05 0.16892 9.98071E-05 0.62543 9.98071E-05 9.98071E-05 0.0534839 9.98071E-05 9.98071E-05 9.98071E-05 0.14997 9.98071E-05 9.98071E-05 9.98071E-05 9.98071E-05 9.98071E-05 9.98071E-05 9.98071E-05 9.98071E-05 9.98071E-05 9.98071E-05
9.98072E-05 9.98072E-05 9.98072E-05 9.98072E-05 0.0181861 9.98072E-05 0.289309 9.98072E-05 0.385315 9.98072E-05 9.98072E-05 9.98072E-05 9.98072E-05 9.98072E-05 9.98072E-05 0.304994 9.98072E-05 9.98072E-05 9.98072E-05 9.98072E-05 9.98072E-05 9.98072E-05 9.98072E-05 9.98072E-05 9.98072E-05 9.98072E-05
0.0185649 9.98159E-05 9.98159E-05 9.98159E-05 9.98159E-05 9.98159E-05 9.98159E-05 9.98159E-05 0.372697 9.98159E-05 9.98159E-05 9.98159E-05 9.98159E-05 9.98159E-05 9.98159E-05 0.378969 9.98159E-05 9.98159E-05 9.98159E-05 9.98159E-05 0.0252326 9.98159E-05 9.98159E-05 9.98159E-05 0.20244 9.98159E-05
9.9807E-05 9.9807E-05 9.9807E-05 9.9807E-05 9.9807E-05 9.9807E-05 9.9807E-05 9.9807E-05 0.50384 9.9807E-05 9.9807E-05 0.333335 9.9807E-05 9.9807E-05 9.9807E-05 9.9807E-05 9.9807E-05 0.0702062 9.9807E-05 9.9807E-05 0.0904228 9.9807E-05 9.9807E-05 9.9807E-05 9.9807E-05 9.9807E-05
9.98071E-05 9.98071E-05 9.98071E-05 9.98071E-05 0.0213687 9.98071E-05 9.98071E-05 9.98071E-05 0.764316 9.98071E-05 0.129629 9.98071E-05 9.98071E-05 9.98071E-05 9.98071E-05 9.98071E-05 9.98071E-05 0.0824909 9.98071E-05 9.98071E-05 9.98071E-05 9.98071E-05 9.98071E-05 9.98071E-05 9.98071E-05 9.98071E-05
0.0418361 9.9816E-05 9.9816E-05 9.9816E-05 9.9816E-05 9.9816E-05 9.9816E-05 9.9816E-05 9.9816E-05 9.9816E-05 9.9816E-05 0.0446012 9.9816E-05 9.9816E-05 9.9816E-05 0.00375066 9.9816E-05 0.0717956 9.9816E-05 9.9816E-05 9.9816E-05 9.9816E-05 9.9816E-05 9.9816E-05 0.83592 9.9816E-05
9.98157E-05 9.98157E-05 9.98157E-05 9.98157E-05 9.98157E-05 9.98157E-05 9.98157E-05 9.98157E-05 0.121751 9.98157E-05 9.98157E-05 0.0370762 9.98157E-05 0.00184313 9.98157E-05 0.335219 9.98157E-05 9.98157E-05 9.98157E-05 9.98157E-05 9.98157E-05 9.98157E-05 9.98157E-05 9.98157E-05 0.502015 9.98157E-05
0.0670613 0.001362 0.12082 9.98332E-05 9.98332E-05 9.98332E-05 9.98332E-05 9.98332E-05 0.464915 9.98332E-05 9.98332E-05 9.98332E-05 9.98332E-05 9.98332E-05 9.98332E-05 9.98332E-05 0.0415647 0.153879 9.98332E-05 9.98332E-05 0.148502 9.98332E-05 9.98332E-05 9.98332E-05 9.98332E-05 9.98332E-05
