9.9921E-05 9.9921E-05 9.9921E-05 0.217124 9.9921E-05 0.111498 9.9921E-05 9.9921E-05 0.170632 0.41592 9.9921E-05 9.9921E-05 0.0839258 9.9921E-05
9.99386E-05 9.99386E-05 9.99386E-05 0.13049 0.00159869 0.0344578 9.99386E-05 9.99386E-05 0.0208395 0.784531 9.99386E-05 0.013433 9.99386E-05 0.0139502
9.99297E-05 9.99297E-05 9.99297E-05 9.99297E-05 0.0201305 0.0126124 9.99297E-05 9.99297E-05 0.00422914 0.848215 0.0631433 9.99297E-05 0.0508704 9.99297E-05
9.99649E-05 9.99649E-05 9.99649E-05 9.99649E-05 0.0431697 0.0265857 0.0205825 0.024136 0.0535461 0.256754 0.178291 0.0390621 0.0424589 0.315015
9.9921E-05 9.9921E-05 9.9921E-05 0.0165863 0.126319 9.9921E-05 0.0115283 0.0495403 9.9921E-05 0.795126 9.9921E-05 9.9921E-05 9.9921E-05 9.9921E-05
9.99298E-05 9.99298E-05 9.99298E-05 0.13868 0.0342957 9.99298E-05 0.104154 0.22838 9.99298E-05 0.216736 0.276953 9.99298E-05 9.99298E-05 9.99298E-05
0.0563478 9.99474E-05 9.99474E-05 0.181837 9.99474E-05 0.038794 9.99474E-05 0.0272096 0.145074 0.32485 9.99474E-05 9.99474E-05 0.0526297 0.172658
0.131335 9.99561E-05 0.0287801 9.99561E-05 0.164023 9.99561E-05 0.136547 0.0423362 0.0291544 0.201452 0.136253 9.99561E-05 9.99561E-05 0.129621
9.99298E-05 9.99298E-05 9.99298E-05 9.99298E-05 0.00613046 0.178788 0.271383 9.99298E-05 9.99298E-05 0.207167 0.140043 9.99298E-05 0.195689 9.99298E-05
9.98946E-05 9.98946E-05 9.98946E-05 9.98946E-05 9.98946E-05 0.0550005 9.98946E-05 9.98946E-05 9.98946E-05 0.943801 9.98946E-05 9.98946E-05 9.98946E-05 9.98946E-05
9.99298E-05 9.99298E-05 9.99298E-05 9.99298E-05 9.99298E-05 0.220876 0.0209508 9.99298E-05 0.163255 0.558075 0.0216029 9.99298E-05 9.99298E-05 0.0144405
9.99122E-05 9.99122E-05 9.99122E-05 9.99122E-05 9.99122E-05 9.99122E-05 9.99122E-05 0.0922868 0.0265446 0.867044 9.99122E-05 0.0131259 9.99122E-05 9.99122E-05
9.99122E-05 9.99122E-05 9.99122E-05 9.99122E-05 9.99122E-05 0.0940499 0.0185191 9.99122E-05 9.99122E-05 0.851042 9.99122E-05 9.99122E-05 9.99122E-05 0.03539
0.0485117 0.0789317 9.99386E-05 9.99386E-05 9.99386E-05 0.0521392 9.99386E-05 9.99386E-05 0.071239 0.550446 0.151006 9.99386E-05 9.99386E-05 0.0470267
9.99386E-05 9.99386E-05 9.99386E-05 0.0230909 9.99386E-05 0.193412 0.0757299 0.15769 9.99386E-05 0.323318 0.218891 9.99386E-05 9.99386E-05 0.00716833
0.119076 9.99473E-05 9.99473E-05 9.99473E-05 9.99473E-05 0.129587 0.176855 0.0730419 0.0121686 0.271834 0.0519817 9.99473E-05 9.99473E-05 0.164855
0.0443913 0.0603703 9.99386E-05 0.0459478 9.99386E-05 0.048013 9.99386E-05 9.99386E-05 0.0734642 0.601255 9.99386E-05 9.99386E-05 9.99386E-05 0.125858
9.99561E-05 9.99561E-05 0.09461 9.99561E-05 9.99561E-05 0.178145 0.0918602 0.0619131 0.0645525 0.243376 0.0597158 0.127837 9.99561E-05 0.0774907
9.99297E-05 9.99297E-05 9.99297E-05 9.99297E-05 9.99297E-05 0.266685 0.164224 0.16352 0.0474876 0.343096 9.99297E-05 9.99297E-05 9.99297E-05 0.0141883
9.98947E-05 9.98947E-05 9.98947E-05 9.98947E-05 9.98947E-05 9.98947E-05 9.98947E-05 9.98947E-05 9.98947E-05 0.871955 9.98947E-05 0.126846 9.98947E-05 9.98947E-05
9.99473E-05 9.99473E-05 9.99473E-05 9.99473E-05 0.15377 0.0595771 0.108811 0.0244519 0.0888112 0.485269 9.99473E-05 0.0234752 0.0552359 9.99473E-05
9.99298E-05 9.99298E-05 9.99298E-05 0.0198855 0.217342 9.99298E-05 0.182425 0.141601 9.99298E-05 0.305611 0.132336 9.99298E-05 9.99298E-05 9.99298E-05
9.99122E-05 9.99122E-05 9.99122E-05 9.99122E-05 9.99122E-05 0.144845 9.99122E-05 9.99122E-05 0.100261 0.689633 0.0642623 9.99122E-05 9.99122E-05 9.99122E-05
0.0664987 9.99297E-05 9.99297E-05 9.99297E-05 9.99297E-05 0.267813 0.0593059 9.99297E-05 9.99297E-05 0.405803 9.99297E-05 9.99297E-05 0.0689733 0.130806
9.99385E-05 9.99385E-05 9.99385E-05 9.99385E-05 9.99385E-05 0.243159 0.0243465 9.99385E-05 0.0208052 0.243824 0.305106 0.0707617 9.99385E-05 0.0912979
9.99123E-05 9.99123E-05 9.99123E-05 9.99123E-05 9.99123E-05 0.111932 9.99123E-05 9.99123E-05 9.99123E-05 0.631648 0.127262 9.99123E-05 9.99123E-05 0.128158
0.0346149 9.99561E-05 0.0669894 0.0616317 9.99561E-05 0.162739 0.00749358 9.99561E-05 0.0217909 0.035666 0.422634 9.99561E-05 9.99561E-05 0.185941
9.99122E-05 9.99122E-05 9.99122E-05 9.99122E-05 9.99122E-05 0.0402299 9.99122E-05 0.0564313 9.99122E-05 0.706906 9.99122E-05 9.99122E-05 9.99122E-05 0.195433
9.99298E-05 9.99298E-05 9.99298E-05 9.99298E-05 9.99298E-05 0.22799 9.99298E-05 9.99298E-05 0.00764389 0.653238 0.0868917 0.0167318 0.00670513 9.99298E-05
9.99473E-05 0.00384766 9.99473E-05 0.0120052 9.99473E-05 0.0674509 0.105848 0.0842661 0.0362446 0.64673 0.0430077 9.99473E-05 9.99473E-05 9.99473E-05
9.99297E-05 9.99297E-05 9.99297E-05 9.99297E-05 9.99297E-05 0.0737229 0.0274886 0.0953916 0.129178 0.664694 9.99297E-05 0.00872561 9.99297E-05 9.99297E-05
9.99211E-05 9.99211E-05 9.99211E-05 9.99211E-05 9.99211E-05 0.110984 9.99211E-05 0.0384232 0.101541 0.489275 0.258878 9.99211E-05 9.99211E-05 9.99211E-05
0.0380017 9.99297E-05 9.99297E-05 9.99297E-05 9.99297E-05 0.176409 9.99297E-05 9.99297E-05 0.093125 0.494182 0.113007 9.99297E-05 9.99297E-05 0.0844758
9.99386E-05 9.99386E-05 9.99386E-05 9.99386E-05 9.99386E-05 0.116755 9.99386E-05 0.0546806 9.99386E-05 0.40274 0.336412 0.0119526 0.0470619 0.0296986
9.99211E-05 9.99211E-05 9.99211E-05 0.0511923 9.99211E-05 0.0767081 9.99211E-05 9.99211E-05 0.0825086 0.787289 9.99211E-05 0.00140284 9.99211E-05 9.99211E-05
9.99298E-05 9.99298E-05 9.99298E-05 0.0568885 9.99298E-05 0.00294779 0.00957873 9.99298E-05 0.0432388 0.690854 9.99298E-05 9.99298E-05 9.99298E-05 0.195693
0.0261551 9.9921E-05 9.9921E-05 0.0192131 9.9921E-05 9.9921E-05 9.9921E-05 0.101679 0.00418174 0.847872 9.9921E-05 9.9921E-05 9.9921E-05 9.9921E-05
9.99211E-05 9.99211E-05 9.99211E-05 9.99211E-05 9.99211E-05 0.076981 0.177271 9.99211E-05 9.99211E-05 0.648292 9.99211E-05 0.09098 9.99211E-05 0.00557644
9.99474E-05 0.064896 9.99474E-05 0.047958 0.0978731 0.192858 0.0459559 9.99474E-05 0.0236004 0.494906 0.0313533 9.99474E-05 9.99474E-05 9.99474E-05
0.176322 9.99297E-05 9.99297E-05 9.99297E-05 9.99297E-05 0.138458 9.99297E-05 0.0541887 0.00661812 0.452199 0.171414 9.99297E-05 9.99297E-05 9.99297E-05
9.99298E-05 9.99298E-05 9.99298E-05 9.99298E-05 9.99298E-05 0.081542 0.00521859 0.105654 0.00188709 0.779816 9.99298E-05 9.99298E-05 9.99298E-05 0.025083
9.99124E-05 9.99124E-05 9.99124E-05 9.99124E-05 9.99124E-05 0.235519 0.0426079 9.99124E-05 9.99124E-05 0.65634 9.99124E-05 9.99124E-05 0.0645338 9.99124E-05
9.99122E-05 0.055913 9.99122E-05 0.0525107 9.99122E-05 9.99122E-05 9.99122E-05 0.0513763 9.99122E-05 0.839201 9.99122E-05 9.99122E-05 9.99122E-05 9.99122E-05
9.99298E-05 9.99298E-05 9.99298E-05 0.0538096 9.99298E-05 0.239453 0.117456 9.99298E-05 0.0663079 0.454206 9.99298E-05 9.99298E-05 0.067968 9.99298E-05
9.99298E-05 9.99298E-05 9.99298E-05 9.99298E-05 0.0523957 0.268467 9.99298E-05 0.0541609 0.0545207 0.319269 9.99298E-05 9.99298E-05 9.99298E-05 0.250388
9.99209E-05 9.99209E-05 9.99209E-05 9.99209E-05 0.0154053 0.0364398 9.99209E-05 9.99209E-05 9.99209E-05 0.838539 9.99209E-05 0.100215 9.99209E-05 0.00850189
9.99297E-05 9.99297E-05 0.0416548 9.99297E-05 9.99297E-05 0.0351699 0.0593166 9.99297E-05 9.99297E-05 0.765386 9.99297E-05 0.0669158 9.99297E-05 0.0307572
9.99122E-05 9.99122E-05 9.99122E-05 9.99122E-05 0.0223405 0.0808774 9.99122E-05 9.99122E-05 9.99122E-05 0.880674 9.99122E-05 0.0151089 9.99122E-05 9.99122E-05
9.99121E-05 9.99121E-05 9.99121E-05 9.99121E-05 9.99121E-05 0.198727 9.99121E-05 9.99121E-05 0.0664937 0.678483 9.99121E-05 9.99121E-05 9.99121E-05 0.0552978
0.0722082 9.99474E-05 0.00227354 0.036923 9.99474E-05 0.049394 9.99474E-05 0.105832 0.0269086 0.671125 0.0347358 9.99474E-05 9.99474E-05 9.99474E-05
9.99473E-05 9.99473E-05 0.0122822 9.99473E-05 9.99473E-05 0.223935 0.0361595 9.99473E-05 0.175746 0.27607 0.244238 9.99473E-05 0.0194543 0.0115155
9.99298E-05 9.99298E-05 9.99298E-05 9.99298E-05 0.0817961 9.99298E-05 0.0165439 9.99298E-05 9.99298E-05 0.630878 9.99298E-05 0.0172535 0.0494072 0.203322
9.99122E-05 9.99122E-05 0.0923326 9.99122E-05 9.99122E-05 0.0718171 9.99122E-05 9.99122E-05 9.99122E-05 0.822498 0.0123529 9.99122E-05 9.99122E-05 9.99122E-05
0.208256 9.99298E-05 9.99298E-05 9.99298E-05 0.0611895 0.0716613 0.0148652 9.99298E-05 9.99298E-05 0.637496 0.00573269 9.99298E-05 9.99298E-05 9.99298E-05
9.99386E-05 9.99386E-05 9.99386E-05 9.99386E-05 0.0420494 0.10473 0.0172373 0.072149 9.99386E-05 0.721148 9.99386E-05 0.0130259 0.0289616 9.99386E-05
0.0458018 9.99474E-05 0.000146151 9.99474E-05 0.0358633 9.99474E-05 9.99474E-05 0.0619705 0.00198796 0.63648 0.0994494 0.117701 9.99474E-05 9.99474E-05
9.99385E-05 9.99385E-05 0.0444943 0.0317619 9.99385E-05 0.0554024 0.0037219 0.143568 0.00393174 0.716421 9.99385E-05 9.99385E-05 9.99385E-05 9.99385E-05
9.99123E-05 9.99123E-05 9.99123E-05 9.99123E-05 9.99123E-05 0.0397483 9.99123E-05 9.99123E-05 0.0742245 0.757883 9.99123E-05 9.99123E-05 9.99123E-05 0.127145
0.00526261 9.99473E-05 9.99473E-05 0.0194496 0.0425225 0.0404038 0.00328359 9.99473E-05 0.0345974 0.852963 9.99473E-05 9.99473E-05 9.99473E-05 0.000918116
9.99473E-05 9.99473E-05 0.10531 0.242179 9.99473E-05 0.339567 0.0145117 9.99473E-05 0.0190469 0.108685 0.134612 9.99473E-05 9.99473E-05 0.0354887
0.0326241 9.99299E-05 9.99299E-05 0.302742 9.99299E-05 0.0647702 9.99299E-05 9.99299E-05 9.99299E-05 0.313852 9.99299E-05 9.99299E-05 0.0685147 0.216698
0.079665 0.126459 0.164007 0.263812 9.99473E-05 0.0343938 9.99473E-05 0.000252985 0.0322477 0.298562 9.99473E-05 9.99473E-05 9.99473E-05 9.99473E-05
9.99649E-05 9.99649E-05 0.0494995 0.280973 9.99649E-05 0.189467 0.107052 0.00127849 0.0217994 9.99649E-05 0.311059 0.00627625 0.0288725 0.00332286
0.122888 9.99561E-05 0.012278 0.207963 9.99561E-05 0.176377 0.148278 0.147394 0.0749198 0.108689 9.99561E-05 9.99561E-05 9.99561E-05 0.000712545
9.99385E-05 9.99385E-05 9.99385E-05 0.284908 9.99385E-05 0.228606 0.0729903 9.99385E-05 0.0906384 9.99385E-05 0.206241 9.99385E-05 0.0897969 0.0261193
9.9921E-05 9.9921E-05 9.9921E-05 0.538538 9.9921E-05 0.193159 0.00410397 9.9921E-05 0.0876618 9.9921E-05 9.9921E-05 9.9921E-05 9.9921E-05 0.175638
0.0258832 9.99473E-05 0.198376 0.374374 9.99473E-05 0.152218 0.0167766 0.0603244 0.00581495 9.99473E-05 0.165633 9.99473E-05 9.99473E-05 9.99473E-05
9.99386E-05 0.0176661 0.0685977 0.402259 9.99386E-05 0.119394 9.99386E-05 9.99386E-05 9.99386E-05 0.207307 0.105844 9.99386E-05 0.0782324 9.99386E-05
9.9921E-05 9.9921E-05 9.9921E-05 0.233641 9.9921E-05 0.174112 9.9921E-05 9.9921E-05 0.102955 0.262359 9.9921E-05 9.9921E-05 9.9921E-05 0.226033
9.99385E-05 9.99385E-05 9.99385E-05 0.129684 9.99385E-05 0.472008 0.0433387 0.0747265 0.174757 9.99385E-05 9.99385E-05 0.0293307 9.99385E-05 0.0754562
0.139319 9.99561E-05 0.00583639 0.324463 9.99561E-05 0.180041 0.00197233 0.0860038 0.064836 0.0195739 9.99561E-05 9.99561E-05 9.99561E-05 0.177455
0.083917 9.99561E-05 0.0161927 0.108136 0.11271 0.0983108 0.17363 9.99561E-05 0.146075 9.99561E-05 0.186257 9.99561E-05 9.99561E-05 0.0742716
0.0655651 9.99386E-05 9.99386E-05 0.320713 0.0217943 0.347958 9.99386E-05 0.11525 9.99386E-05 0.0301473 0.0978725 9.99386E-05 9.99386E-05 9.99386E-05
0.210166 9.99299E-05 9.99299E-05 0.233692 9.99299E-05 0.0456916 9.99299E-05 9.99299E-05 0.00111963 0.255564 0.252967 9.99299E-05 9.99299E-05 9.99299E-05
9.99387E-05 0.0805073 9.99387E-05 0.189444 9.99387E-05 0.188534 0.0491915 9.99387E-05 0.091729 0.160601 9.99387E-05 9.99387E-05 9.99387E-05 0.239294
0.0291834 9.99298E-05 0.113719 0.203046 9.99298E-05 0.163064 9.99298E-05 0.204928 9.99298E-05 9.99298E-05 0.285261 9.99298E-05 9.99298E-05 9.99298E-05
9.99386E-05 9.99386E-05 9.99386E-05 0.14539 9.99386E-05 0.0617727 0.114262 0.063366 0.184746 0.104495 9.99386E-05 9.99386E-05 9.99386E-05 0.325269
9.99474E-05 9.99474E-05 0.119303 0.156831 9.99474E-05 0.288588 0.0949718 0.0819722 0.0487937 0.203218 9.99474E-05 9.99474E-05 9.99474E-05 0.00572171
0.156267 9.99385E-05 0.0407986 0.179133 9.99385E-05 0.360991 9.99385E-05 0.0175309 0.0660789 9.99385E-05 0.178501 9.99385E-05 9.99385E-05 9.99385E-05
0.118582 0.128983 0.0243287 0.20005 0.0400565 0.12186 9.99474E-05 9.99474E-05 0.0403044 0.325235 9.99474E-05 9.99474E-05 9.99474E-05 9.99474E-05
9.99298E-05 9.99298E-05 9.99298E-05 0.309256 9.99298E-05 0.143019 9.99298E-05 0.0919338 9.99298E-05 0.0688549 0.168361 9.99298E-05 9.99298E-05 0.217776
9.99299E-05 9.99299E-05 0.00652649 0.269355 9.99299E-05 0.106243 9.99299E-05 9.99299E-05 9.99299E-05 0.20684 0.263319 9.99299E-05 9.99299E-05 0.146917
9.99562E-05 9.99562E-05 0.105774 0.0515963 9.99562E-05 0.0775765 0.138677 0.16056 0.0140108 0.146038 0.226797 9.99562E-05 0.0784709 9.99562E-05
9.99297E-05 9.99297E-05 9.99297E-05 9.99297E-05 9.99297E-05 0.170717 0.0413314 9.99297E-05 0.216432 0.25446 0.102742 9.99297E-05 9.99297E-05 0.213519
9.99474E-05 0.0241008 9.99474E-05 0.282555 9.99474E-05 0.180673 0.0574644 9.99474E-05 0.074038 0.335494 0.0223931 0.0226811 9.99474E-05 9.99474E-05
9.99386E-05 0.0527183 0.0800529 0.268212 9.99386E-05 0.0741425 9.99386E-05 9.99386E-05 9.99386E-05 0.395916 9.99386E-05 9.99386E-05 0.0349524 0.0933056
0.0283218 0.0154024 9.99475E-05 0.366521 9.99475E-05 0.195651 9.99475E-05 9.99475E-05 0.0133711 0.225139 9.99475E-05 9.99475E-05 0.0371783 0.117816
9.99386E-05 9.99386E-05 0.251868 0.105262 9.99386E-05 0.204566 0.0765814 9.99386E-05 9.99386E-05 0.31883 0.0223729 9.99386E-05 9.99386E-05 0.0198206
0.0316696 0.209419 9.99299E-05 0.127789 9.99299E-05 0.250703 0.162009 9.99299E-05 9.99299E-05 0.217611 9.99299E-05 9.99299E-05 9.99299E-05 9.99299E-05
9.99035E-05 9.99035E-05 9.99035E-05 9.99035E-05 9.99035E-05 0.0620517 0.141199 9.99035E-05 9.99035E-05 9.99035E-05 0.795651 9.99035E-05 9.99035E-05 9.99035E-05
9.99035E-05 0.359654 9.99035E-05 9.99035E-05 9.99035E-05 9.99035E-05 0.0743817 9.99035E-05 9.99035E-05 9.99035E-05 0.564866 9.99035E-05 9.99035E-05 9.99035E-05
9.98946E-05 9.98946E-05 9.98946E-05 9.98946E-05 9.98946E-05 0.0718212 9.98946E-05 9.98946E-05 9.98946E-05 9.98946E-05 0.92698 9.98946E-05 9.98946E-05 9.98946E-05
9.99033E-05 9.99033E-05 9.99033E-05 9.99033E-05 9.99033E-05 0.151859 9.99033E-05 9.99033E-05 0.0616363 9.99033E-05 0.785406 9.99033E-05 9.99033E-05 9.99033E-05
9.99033E-05 9.99033E-05 9.99033E-05 9.99033E-05 9.99033E-05 9.99033E-05 0.054226 9.99033E-05 9.99033E-05 9.99033E-05 0.905965 9.99033E-05 0.03871 9.99033E-05
9.9921E-05 9.9921E-05 9.9921E-05 0.0132895 9.9921E-05 0.125045 0.146847 9.9921E-05 9.9921E-05 9.9921E-05 0.71255 9.9921E-05 9.9921E-05 0.00136971
9.9921E-05 9.9921E-05 0.0147998 9.9921E-05 9.9921E-05 0.128107 0.0565339 9.9921E-05 0.0155111 9.9921E-05 0.784149 9.9921E-05 9.9921E-05 9.9921E-05
9.99034E-05 9.99034E-05 9.99034E-05 9.99034E-05 9.99034E-05 0.0207514 0.169504 9.99034E-05 9.99034E-05 9.99034E-05 0.808646 9.99034E-05 9.99034E-05 9.99034E-05
9.99121E-05 9.99121E-05 9.99121E-05 0.225843 9.99121E-05 0.0181309 0.321718 9.99121E-05 9.99121E-05 9.99121E-05 0.433309 9.99121E-05 9.99121E-05 9.99121E-05
9.99121E-05 9.99121E-05 9.99121E-05 9.99121E-05 9.99121E-05 0.194375 0.200164 9.99121E-05 9.99121E-05 9.99121E-05 0.579263 9.99121E-05 9.99121E-05 0.025199
9.99035E-05 0.156722 9.99035E-05 0.248224 9.99035E-05 9.99035E-05 9.99035E-05 9.99035E-05 9.99035E-05 9.99035E-05 0.593955 9.99035E-05 9.99035E-05 9.99035E-05
9.99211E-05 0.0158173 9.99211E-05 0.109753 9.99211E-05 0.0109261 9.99211E-05 9.99211E-05 0.0673339 9.99211E-05 0.795271 9.99211E-05 9.99211E-05 9.99211E-05
9.98948E-05 9.98948E-05 9.98948E-05 9.98948E-05 9.98948E-05 9.98948E-05 0.0286355 9.98948E-05 9.98948E-05 9.98948E-05 0.970166 9.98948E-05 9.98948E-05 9.98948E-05
9.99211E-05 9.99211E-05 9.99211E-05 0.00307579 9.99211E-05 0.16856 0.1414 9.99211E-05 0.00468261 9.99211E-05 0.681383 9.99211E-05 9.99211E-05 9.99211E-05
9.99123E-05 0.0276655 0.173793 9.99123E-05 9.99123E-05 9.99123E-05 0.0773338 9.99123E-05 9.99123E-05 9.99123E-05 0.720208 9.99123E-05 9.99123E-05 9.99123E-05
9.99298E-05 9.99298E-05 9.99298E-05 0.0865154 9.99298E-05 0.126499 0.00515708 9.99298E-05 0.0382133 9.99298E-05 0.740943 9.99298E-05 9.99298E-05 0.00187291
9.9921E-05 9.9921E-05 9.9921E-05 0.210941 9.9921E-05 0.085998 0.0114306 9.9921E-05 9.9921E-05 9.9921E-05 0.675841 0.0148901 9.9921E-05 9.9921E-05
9.99211E-05 9.99211E-05 9.99211E-05 9.99211E-05 0.0129456 9.99211E-05 0.0931275 9.99211E-05 9.99211E-05 0.00549946 0.880192 9.99211E-05 9.99211E-05 0.0073363
9.99035E-05 0.00835717 9.99035E-05 9.99035E-05 9.99035E-05 9.99035E-05 0.000315439 9.99035E-05 9.99035E-05 9.99035E-05 0.990228 9.99035E-05 9.99035E-05 9.99035E-05
0.0122928 0.145657 9.99386E-05 9.99386E-05 9.99386E-05 0.10658 0.124951 9.99386E-05 0.0669019 9.99386E-05 0.46628 0.0766387 9.99386E-05 9.99386E-05
9.99122E-05 9.99122E-05 9.99122E-05 0.138253 9.99122E-05 0.0863456 0.042205 9.99122E-05 9.99122E-05 9.99122E-05 0.732197 9.99122E-05 9.99122E-05 9.99122E-05
9.99122E-05 9.99122E-05 0.0472292 9.99122E-05 9.99122E-05 0.0287813 0.0543648 9.99122E-05 9.99122E-05 9.99122E-05 0.868625 9.99122E-05 9.99122E-05 9.99122E-05
9.9921E-05 9.9921E-05 9.9921E-05 0.0121804 9.9921E-05 0.190282 0.220016 9.9921E-05 9.9921E-05 9.9921E-05 0.48638 0.0902422 9.9921E-05 9.9921E-05
9.99123E-05 0.101176 9.99123E-05 9.99123E-05 9.99123E-05 0.0262547 0.15105 9.99123E-05 9.99123E-05 9.99123E-05 0.72052 9.99123E-05 9.99123E-05 9.99123E-05
9.99385E-05 9.99385E-05 9.99385E-05 0.0263509 0.0642687 0.111094 0.163445 9.99385E-05 9.99385E-05 9.99385E-05 0.500084 0.117652 0.0164063 9.99385E-05
9.9921E-05 0.169063 9.9921E-05 0.0725103 9.9921E-05 0.151309 0.130613 9.9921E-05 9.9921E-05 9.9921E-05 0.475606 9.9921E-05 9.9921E-05 9.9921E-05
9.9921E-05 0.481996 9.9921E-05 9.9921E-05 9.9921E-05 0.0314821 9.9921E-05 9.9921E-05 9.9921E-05 9.9921E-05 0.328022 0.0133106 0.144289 9.9921E-05
9.9912E-05 9.9912E-05 9.9912E-05 9.9912E-05 9.9912E-05 0.133553 0.0683956 9.9912E-05 9.9912E-05 9.9912E-05 0.777375 0.0196779 9.9912E-05 9.9912E-05
9.99123E-05 9.99123E-05 9.99123E-05 0.00436111 9.99123E-05 0.20749 0.22001 9.99123E-05 9.99123E-05 9.99123E-05 0.567141 9.99123E-05 9.99123E-05 9.99123E-05
9.99211E-05 0.00236936 9.99211E-05 9.99211E-05 9.99211E-05 0.0560712 9.99211E-05 9.99211E-05 0.0704609 9.99211E-05 0.831808 0.0383912 9.99211E-05 9.99211E-05
9.99123E-05 9.99123E-05 9.99123E-05 9.99123E-05 9.99123E-05 0.148108 0.00932982 9.99123E-05 0.0398578 9.99123E-05 0.801706 9.99123E-05 9.99123E-05 9.99123E-05
0.0541485 9.99034E-05 9.99034E-05 9.99034E-05 9.99034E-05 9.99034E-05 9.99034E-05 9.99034E-05 0.0137354 9.99034E-05 0.931017 9.99034E-05 9.99034E-05 9.99034E-05
9.99209E-05 9.99209E-05 9.99209E-05 9.99209E-05 0.00204643 0.0375981 0.165358 9.99209E-05 9.99209E-05 9.99209E-05 0.577272 0.216826 9.99209E-05 9.99209E-05
9.99121E-05 9.99121E-05 9.99121E-05 9.99121E-05 9.99121E-05 0.181871 0.0155644 9.99121E-05 9.99121E-05 9.99121E-05 0.741193 0.0603724 9.99121E-05 9.99121E-05
9.98947E-05 9.98947E-05 9.98947E-05 9.98947E-05 9.98947E-05 0.0315194 9.98947E-05 9.98947E-05 9.98947E-05 9.98947E-05 0.967282 9.98947E-05 9.98947E-05 9.98947E-05
9.9921E-05 0.102823 9.9921E-05 9.9921E-05 9.9921E-05 9.9921E-05 0.087112 9.9921E-05 0.017728 9.9921E-05 0.761543 9.9921E-05 9.9921E-05 0.0298953
9.99121E-05 9.99121E-05 9.99121E-05 9.99121E-05 9.99121E-05 0.24723 0.0610651 9.99121E-05 0.0367765 9.99121E-05 0.653929 9.99121E-05 9.99121E-05 9.99121E-05
9.99122E-05 0.405245 9.99122E-05 9.99122E-05 0.0227646 9.99122E-05 0.0452084 9.99122E-05 9.99122E-05 9.99122E-05 0.525783 9.99122E-05 9.99122E-05 9.99122E-05
9.99035E-05 0.146872 9.99035E-05 9.99035E-05 9.99035E-05 0.0511247 9.99035E-05 9.99035E-05 9.99035E-05 9.99035E-05 0.800904 9.99035E-05 9.99035E-05 9.99035E-05
9.98948E-05 0.180146 9.98948E-05 9.98948E-05 9.98948E-05 9.98948E-05 9.98948E-05 9.98948E-05 9.98948E-05 9.98948E-05 0.818655 9.98948E-05 9.98948E-05 9.98948E-05
9.99123E-05 0.333812 9.99123E-05 9.99123E-05 9.99123E-05 9.99123E-05 0.0298678 9.99123E-05 9.99123E-05 9.99123E-05 0.611031 0.0242894 9.99123E-05 9.99123E-05
9.9921E-05 9.9921E-05 9.9921E-05 0.0216158 9.9921E-05 0.277091 0.0559711 9.9921E-05 0.0416383 9.9921E-05 0.602785 9.9921E-05 9.9921E-05 9.9921E-05
9.99034E-05 9.99034E-05 9.99034E-05 9.99034E-05 0.00267592 9.99034E-05 0.144009 9.99034E-05 9.99034E-05 9.99034E-05 0.852216 9.99034E-05 9.99034E-05 9.99034E-05
9.9921E-05 0.486916 9.9921E-05 9.9921E-05 9.9921E-05 0.100071 0.128731 9.9921E-05 9.9921E-05 9.9921E-05 0.25605 0.0273332 9.9921E-05 9.9921E-05
9.99035E-05 0.315465 9.99035E-05 9.99035E-05 9.99035E-05 0.019238 9.99035E-05 9.99035E-05 9.99035E-05 9.99035E-05 0.664198 9.99035E-05 9.99035E-05 9.99035E-05
9.99201E-05 9.99201E-05 0.0242396 0.15811 9.99201E-05 0.0355139 0.125922 9.99201E-05 9.99201E-05 9.99201E-05 0.502066 0.153349 9.99201E-05 9.99201E-05
9.99298E-05 0.0801477 0.0561842 9.99298E-05 9.99298E-05 0.165297 0.106394 9.99298E-05 0.0608438 9.99298E-05 0.530334 9.99298E-05 9.99298E-05 9.99298E-05
0.0587163 9.99299E-05 9.99299E-05 0.0410015 9.99299E-05 0.0388912 0.134972 9.99299E-05 9.99299E-05 9.99299E-05 0.58372 9.99299E-05 0.1419 9.99299E-05
9.9921E-05 9.9921E-05 9.9921E-05 9.9921E-05 0.00321321 0.193219 0.222188 9.9921E-05 0.100571 9.9921E-05 0.47991 9.9921E-05 9.9921E-05 9.9921E-05
9.99035E-05 0.33827 9.99035E-05 9.99035E-05 9.99035E-05 0.0205531 9.99035E-05 9.99035E-05 9.99035E-05 9.99035E-05 0.640078 9.99035E-05 9.99035E-05 9.99035E-05
9.99034E-05 9.99034E-05 9.99034E-05 9.99034E-05 9.99034E-05 0.0827153 9.99034E-05 9.99034E-05 9.99034E-05 9.99034E-05 0.744619 9.99034E-05 9.99034E-05 0.171567
9.99122E-05 0.521144 9.99122E-05 0.00606538 9.99122E-05 9.99122E-05 0.114115 9.99122E-05 9.99122E-05 9.99122E-05 0.357677 9.99122E-05 9.99122E-05 9.99122E-05
9.99123E-05 0.104018 9.99123E-05 9.99123E-05 9.99123E-05 0.175579 0.0970361 9.99123E-05 9.99123E-05 9.99123E-05 0.622368 9.99123E-05 9.99123E-05 9.99123E-05
0.0299329 9.99034E-05 9.99034E-05 9.99034E-05 9.99034E-05 9.99034E-05 0.0215432 9.99034E-05 9.99034E-05 9.99034E-05 0.947425 9.99034E-05 9.99034E-05 9.99034E-05
9.99033E-05 9.99033E-05 9.99033E-05 9.99033E-05 9.99033E-05 9.99033E-05 9.99033E-05 9.99033E-05 0.0180704 9.99033E-05 0.895202 9.99033E-05 9.99033E-05 0.0856291
9.99209E-05 9.99209E-05 9.99209E-05 0.246561 9.99209E-05 0.115094 0.170483 0.0151871 9.99209E-05 9.99209E-05 0.451775 9.99209E-05 9.99209E-05 9.99209E-05
9.99033E-05 9.99033E-05 9.99033E-05 9.99033E-05 9.99033E-05 0.0748715 0.157918 9.99033E-05 9.99033E-05 9.99033E-05 0.766112 9.99033E-05 9.99033E-05 9.99033E-05
0.00931637 9.99209E-05 9.99209E-05 9.99209E-05 0.027272 9.99209E-05 0.0995711 9.99209E-05 9.99209E-05 9.99209E-05 0.850068 9.99209E-05 9.99209E-05 0.0128732
9.99122E-05 0.0325901 9.99122E-05 9.99122E-05 9.99122E-05 0.0538951 9.99122E-05 9.99122E-05 9.99122E-05 9.99122E-05 0.7982 0.114316 9.99122E-05 9.99122E-05
9.9921E-05 0.0575565 9.9921E-05 0.0695097 9.9921E-05 0.0469946 0.129651 9.9921E-05 9.9921E-05 9.9921E-05 0.695389 9.9921E-05 9.9921E-05 9.9921E-05
9.98857E-05 9.98857E-05 9.98857E-05 9.98857E-05 9.98857E-05 0.998701 9.98857E-05 9.98857E-05 9.98857E-05 9.98857E-05 9.98857E-05 9.98857E-05 9.98857E-05 9.98857E-05
9.98856E-05 9.98856E-05 9.98856E-05 9.98856E-05 9.98856E-05 9.98856E-05 0.998701 9.98856E-05 9.98856E-05 9.98856E-05 9.98856E-05 9.98856E-05 9.98856E-05 9.98856E-05
9.98857E-05 9.98857E-05 9.98857E-05 9.98857E-05 9.98857E-05 0.998701 9.98857E-05 9.98857E-05 9.98857E-05 9.98857E-05 9.98857E-05 9.98857E-05 9.98857E-05 9.98857E-05
9.98857E-05 9.98857E-05 9.98857E-05 9.98857E-05 9.98857E-05 9.98857E-05 0.998701 9.98857E-05 9.98857E-05 9.98857E-05 9.98857E-05 9.98857E-05 9.98857E-05 9.98857E-05
9.98856E-05 9.98856E-05 9.98856E-05 9.98856E-05 9.98856E-05 9.98856E-05 0.998701 9.98856E-05 9.98856E-05 9.98856E-05 9.98856E-05 9.98856E-05 9.98856E-05 9.98856E-05
9.98857E-05 9.98857E-05 9.98857E-05 9.98857E-05 9.98857E-05 9.98857E-05 0.998701 9.98857E-05 9.98857E-05 9.98857E-05 9.98857E-05 9.98857E-05 9.98857E-05 9.98857E-05
9.98857E-05 9.98857E-05 9.98857E-05 9.98857E-05 9.98857E-05 0.998701 9.98857E-05 9.98857E-05 9.98857E-05 9.98857E-05 9.98857E-05 9.98857E-05 9.98857E-05 9.98857E-05
9.98857E-05 9.98857E-05 9.98857E-05 9.98857E-05 9.98857E-05 9.98857E-05 0.998701 9.98857E-05 9.98857E-05 9.98857E-05 9.98857E-05 9.98857E-05 9.98857E-05 9.98857E-05
9.98856E-05 9.98856E-05 9.98856E-05 9.98856E-05 9.98856E-05 9.98856E-05 0.998701 9.98856E-05 9.98856E-05 9.98856E-05 9.98856E-05 9.98856E-05 9.98856E-05 9.98856E-05
9.98856E-05 9.98856E-05 9.98856E-05 9.98856E-05 9.98856E-05 0.998701 9.98856E-05 9.98856E-05 9.98856E-05 9.98856E-05 9.98856E-05 9.98856E-05 9.98856E-05 9.98856E-05
9.98857E-05 9.98857E-05 9.98857E-05 9.98857E-05 9.98857E-05 0.998701 9.98857E-05 9.98857E-05 9.98857E-05 9.98857E-05 9.98857E-05 9.98857E-05 9.98857E-05 9.98857E-05
9.98856E-05 9.98856E-05 9.98856E-05 9.98856E-05 9.98856E-05 0.998701 9.98856E-05 9.98856E-05 9.98856E-05 9.98856E-05 9.98856E-05 9.98856E-05 9.98856E-05 9.98856E-05
9.98857E-05 9.98857E-05 9.98857E-05 9.98857E-05 9.98857E-05 9.98857E-05 0.998701 9.98857E-05 9.98857E-05 9.98857E-05 9.98857E-05 9.98857E-05 9.98857E-05 9.98857E-05
9.98856E-05 9.98856E-05 9.98856E-05 9.98856E-05 9.98856E-05 9.98856E-05 0.998701 9.98856E-05 9.98856E-05 9.98856E-05 9.98856E-05 9.98856E-05 9.98856E-05 9.98856E-05
9.98857E-05 9.98857E-05 9.98857E-05 9.98857E-05 9.98857E-05 0.998701 9.98857E-05 9.98857E-05 9.98857E-05 9.98857E-05 9.98857E-05 9.98857E-05 9.98857E-05 9.98857E-05
9.98856E-05 9.98856E-05 9.98856E-05 9.98856E-05 9.98856E-05 0.998701 9.98856E-05 9.98856E-05 9.98856E-05 9.98856E-05 9.98856E-05 9.98856E-05 9.98856E-05 9.98856E-05
0.0121487 9.99297E-05 9.99297E-05 9.99297E-05 9.99297E-05 0.0858822 0.0546963 0.0962793 9.99297E-05 9.99297E-05 0.637235 9.99297E-05 0.112959 9.99297E-05
9.98857E-05 9.98857E-05 9.98857E-05 9.98857E-05 9.98857E-05 0.998701 9.98857E-05 9.98857E-05 9.98857E-05 9.98857E-05 9.98857E-05 9.98857E-05 9.98857E-05 9.98857E-05
9.98857E-05 9.98857E-05 9.98857E-05 9.98857E-05 9.98857E-05 9.98857E-05 0.998701 9.98857E-05 9.98857E-05 9.98857E-05 9.98857E-05 9.98857E-05 9.98857E-05 9.98857E-05
9.98856E-05 9.98856E-05 9.98856E-05 9.98856E-05 9.98856E-05 0.998701 9.98856E-05 9.98856E-05 9.98856E-05 9.98856E-05 9.98856E-05 9.98856E-05 9.98856E-05 9.98856E-05
9.98857E-05 9.98857E-05 9.98857E-05 9.98857E-05 9.98857E-05 0.998701 9.98857E-05 9.98857E-05 9.98857E-05 9.98857E-05 9.98857E-05 9.98857E-05 9.98857E-05 9.98857E-05
9.98857E-05 9.98857E-05 9.98857E-05 9.98857E-05 9.98857E-05 0.998701 9.98857E-05 9.98857E-05 9.98857E-05 9.98857E-05 9.98857E-05 9.98857E-05 9.98857E-05 9.98857E-05
9.98856E-05 9.98856E-05 9.98856E-05 9.98856E-05 9.98856E-05 9.98856E-05 0.998701 9.98856E-05 9.98856E-05 9.98856E-05 9.98856E-05 9.98856E-05 9.98856E-05 9.98856E-05
9.98856E-05 9.98856E-05 9.98856E-05 9.98856E-05 9.98856E-05 0.998701 9.98856E-05 9.98856E-05 9.98856E-05 9.98856E-05 9.98856E-05 9.98856E-05 9.98856E-05 9.98856E-05
9.98857E-05 9.98857E-05 9.98857E-05 9.98857E-05 9.98857E-05 9.98857E-05 0.998701 9.98857E-05 9.98857E-05 9.98857E-05 9.98857E-05 9.98857E-05 9.98857E-05 9.98857E-05
9.98857E-05 9.98857E-05 9.98857E-05 9.98857E-05 9.98857E-05 0.998701 9.98857E-05 9.98857E-05 9.98857E-05 9.98857E-05 9.98857E-05 9.98857E-05 9.98857E-05 9.98857E-05
9.98855E-05 9.98855E-05 9.98855E-05 9.98855E-05 9.98855E-05 0.998701 9.98855E-05 9.98855E-05 9.98855E-05 9.98855E-05 9.98855E-05 9.98855E-05 9.98855E-05 9.98855E-05
9.98857E-05 9.98857E-05 9.98857E-05 9.98857E-05 9.98857E-05 9.98857E-05 0.998701 9.98857E-05 9.98857E-05 9.98857E-05 9.98857E-05 9.98857E-05 9.98857E-05 9.98857E-05
9.98856E-05 9.98856E-05 9.98856E-05 9.98856E-05 9.98856E-05 9.98856E-05 0.998701 9.98856E-05 9.98856E-05 9.98856E-05 9.98856E-05 9.98856E-05 9.98856E-05 9.98856E-05
9.98857E-05 9.98857E-05 9.98857E-05 9.98857E-05 9.98857E-05 9.98857E-05 0.998701 9.98857E-05 9.98857E-05 9.98857E-05 9.98857E-05 9.98857E-05 9.98857E-05 9.98857E-05
9.98945E-05 9.98945E-05 9.98945E-05 9.98945E-05 9.98945E-05 0.948365 9.98945E-05 9.98945E-05 9.98945E-05 9.98945E-05 9.98945E-05 0.0504358 9.98945E-05 9.98945E-05
9.98857E-05 9.98857E-05 9.98857E-05 9.98857E-05 9.98857E-05 0.998701 9.98857E-05 9.98857E-05 9.98857E-05 9.98857E-05 9.98857E-05 9.98857E-05 9.98857E-05 9.98857E-05
9.98856E-05 9.98856E-05 9.98856E-05 9.98856E-05 9.98856E-05 0.998701 9.98856E-05 9.98856E-05 9.98856E-05 9.98856E-05 9.98856E-05 9.98856E-05 9.98856E-05 9.98856E-05
9.98856E-05 9.98856E-05 9.98856E-05 9.98856E-05 9.98856E-05 0.998701 9.98856E-05 9.98856E-05 9.98856E-05 9.98856E-05 9.98856E-05 9.98856E-05 9.98856E-05 9.98856E-05
9.98857E-05 9.98857E-05 9.98857E-05 9.98857E-05 9.98857E-05 0.998701 9.98857E-05 9.98857E-05 9.98857E-05 9.98857E-05 9.98857E-05 9.98857E-05 9.98857E-05 9.98857E-05
9.98856E-05 9.98856E-05 9.98856E-05 9.98856E-05 9.98856E-05 9.98856E-05 0.998701 9.98856E-05 9.98856E-05 9.98856E-05 9.98856E-05 9.98856E-05 9.98856E-05 9.98856E-05
9.98857E-05 9.98857E-05 9.98857E-05 9.98857E-05 9.98857E-05 9.98857E-05 0.998701 9.98857E-05 9.98857E-05 9.98857E-05 9.98857E-05 9.98857E-05 9.98857E-05 9.98857E-05
9.98857E-05 9.98857E-05 9.98857E-05 9.98857E-05 9.98857E-05 9.98857E-05 0.998701 9.98857E-05 9.98857E-05 9.98857E-05 9.98857E-05 9.98857E-05 9.98857E-05 9.98857E-05
9.98856E-05 9.98856E-05 9.98856E-05 9.98856E-05 9.98856E-05 0.998701 9.98856E-05 9.98856E-05 9.98856E-05 9.98856E-05 9.98856E-05 9.98856E-05 9.98856E-05 9.98856E-05
9.98857E-05 9.98857E-05 9.98857E-05 9.98857E-05 9.98857E-05 9.98857E-05 0.998701 9.98857E-05 9.98857E-05 9.98857E-05 9.98857E-05 9.98857E-05 9.98857E-05 9.98857E-05
9.98856E-05 9.98856E-05 9.98856E-05 9.98856E-05 9.98856E-05 9.98856E-05 0.998701 9.98856E-05 9.98856E-05 9.98856E-05 9.98856E-05 9.98856E-05 9.98856E-05 9.98856E-05
9.98857E-05 9.98857E-05 9.98857E-05 9.98857E-05 9.98857E-05 9.98857E-05 0.998701 9.98857E-05 9.98857E-05 9.98857E-05 9.98857E-05 9.98857E-05 9.98857E-05 9.98857E-05
9.98856E-05 9.98856E-05 9.98856E-05 9.98856E-05 9.98856E-05 9.98856E-05 0.998701 9.98856E-05 9.98856E-05 9.98856E-05 9.98856E-05 9.98856E-05 9.98856E-05 9.98856E-05
9.98856E-05 9.98856E-05 9.98856E-05 9.98856E-05 9.98856E-05 0.998701 9.98856E-05 9.98856E-05 9.98856E-05 9.98856E-05 9.98856E-05 9.98856E-05 9.98856E-05 9.98856E-05
9.98857E-05 9.98857E-05 9.98857E-05 9.98857E-05 9.98857E-05 9.98857E-05 0.998701 9.98857E-05 9.98857E-05 9.98857E-05 9.98857E-05 9.98857E-05 9.98857E-05 9.98857E-05
9.98857E-05 9.98857E-05 9.98857E-05 9.98857E-05 9.98857E-05 9.98857E-05 0.998701 9.98857E-05 9.98857E-05 9.98857E-05 9.98857E-05 9.98857E-05 9.98857E-05 9.98857E-05
9.99209E-05 9.99209E-05 9.99209E-05 9.99209E-05 9.99209E-05 0.108243 0.00230135 0.191757 9.99209E-05 9.99209E-05 0.614679 9.99209E-05 0.08212 9.99209E-05
9.98858E-05 9.98858E-05 9.98858E-05 9.98858E-05 9.98858E-05 0.998701 9.98858E-05 9.98858E-05 9.98858E-05 9.98858E-05 9.98858E-05 9.98858E-05 9.98858E-05 9.98858E-05
9.98857E-05 9.98857E-05 9.98857E-05 9.98857E-05 9.98857E-05 9.98857E-05 0.998701 9.98857E-05 9.98857E-05 9.98857E-05 9.98857E-05 9.98857E-05 9.98857E-05 9.98857E-05
9.98857E-05 9.98857E-05 9.98857E-05 9.98857E-05 9.98857E-05 9.98857E-05 0.998701 9.98857E-05 9.98857E-05 9.98857E-05 9.98857E-05 9.98857E-05 9.98857E-05 9.98857E-05
9.98856E-05 9.98856E-05 9.98856E-05 9.98856E-05 9.98856E-05 9.98856E-05 0.998701 9.98856E-05 9.98856E-05 9.98856E-05 9.98856E-05 9.98856E-05 9.98856E-05 9.98856E-05
9.98856E-05 9.98856E-05 9.98856E-05 9.98856E-05 9.98856E-05 9.98856E-05 0.998701 9.98856E-05 9.98856E-05 9.98856E-05 9.98856E-05 9.98856E-05 9.98856E-05 9.98856E-05
9.98856E-05 9.98856E-05 9.98856E-05 9.98856E-05 9.98856E-05 0.998701 9.98856E-05 9.98856E-05 9.98856E-05 9.98856E-05 9.98856E-05 9.98856E-05 9.98856E-05 9.98856E-05
9.98857E-05 9.98857E-05 9.98857E-05 9.98857E-05 9.98857E-05 9.98857E-05 0.998701 9.98857E-05 9.98857E-05 9.98857E-05 9.98857E-05 9.98857E-05 9.98857E-05 9.98857E-05
9.98856E-05 9.98856E-05 9.98856E-05 9.98856E-05 9.98856E-05 0.998701 9.98856E-05 9.98856E-05 9.98856E-05 9.98856E-05 9.98856E-05 9.98856E-05 9.98856E-05 9.98856E-05
9.98856E-05 9.98856E-05 9.98856E-05 9.98856E-05 9.98856E-05 9.98856E-05 0.998701 9.98856E-05 9.98856E-05 9.98856E-05 9.98856E-05 9.98856E-05 9.98856E-05 9.98856E-05
9.98856E-05 9.98856E-05 9.98856E-05 9.98856E-05 9.98856E-05 0.998701 9.98856E-05 9.98856E-05 9.98856E-05 9.98856E-05 9.98856E-05 9.98856E-05 9.98856E-05 9.98856E-05
9.98856E-05 9.98856E-05 9.98856E-05 9.98856E-05 9.98856E-05 9.98856E-05 0.998701 9.98856E-05 9.98856E-05 9.98856E-05 9.98856E-05 9.98856E-05 9.98856E-05 9.98856E-05
9.98857E-05 9.98857E-05 9.98857E-05 9.98857E-05 9.98857E-05 9.98857E-05 0.998701 9.98857E-05 9.98857E-05 9.98857E-05 9.98857E-05 9.98857E-05 9.98857E-05 9.98857E-05
9.98857E-05 9.98857E-05 9.98857E-05 9.98857E-05 9.98857E-05 9.98857E-05 0.998701 9.98857E-05 9.98857E-05 9.98857E-05 9.98857E-05 9.98857E-05 9.98857E-05 9.98857E-05
9.98856E-05 9.98856E-05 9.98856E-05 9.98856E-05 9.98856E-05 9.98856E-05 0.998701 9.98856E-05 9.98856E-05 9.98856E-05 9.98856E-05 9.98856E-05 9.98856E-05 9.98856E-05
9.98856E-05 9.98856E-05 9.98856E-05 9.98856E-05 9.98856E-05 9.98856E-05 0.998701 9.98856E-05 9.98856E-05 9.98856E-05 9.98856E-05 9.98856E-05 9.98856E-05 9.98856E-05
9.98857E-05 9.98857E-05 9.98857E-05 9.98857E-05 9.98857E-05 9.98857E-05 0.998701 9.98857E-05 9.98857E-05 9.98857E-05 9.98857E-05 9.98857E-05 9.98857E-05 9.98857E-05
9.98856E-05 9.98856E-05 9.98856E-05 9.98856E-05 9.98856E-05 0.998701 9.98856E-05 9.98856E-05 9.98856E-05 9.98856E-05 9.98856E-05 9.98856E-05 9.98856E-05 9.98856E-05
9.98856E-05 9.98856E-05 9.98856E-05 9.98856E-05 9.98856E-05 0.998701 9.98856E-05 9.98856E-05 9.98856E-05 9.98856E-05 9.98856E-05 9.98856E-05 9.98856E-05 9.98856E-05
9.98856E-05 9.98856E-05 9.98856E-05 9.98856E-05 9.98856E-05 0.998701 9.98856E-05 9.98856E-05 9.98856E-05 9.98856E-05 9.98856E-05 9.98856E-05 9.98856E-05 9.98856E-05
9.98945E-05 9.98945E-05 9.98945E-05 9.98945E-05 9.98945E-05 9.98945E-05 0.982702 9.98945E-05 0.0160995 9.98945E-05 9.98945E-05 9.98945E-05 9.98945E-05 9.98945E-05
9.98856E-05 9.98856E-05 9.98856E-05 9.98856E-05 9.98856E-05 0.998701 9.98856E-05 9.98856E-05 9.98856E-05 9.98856E-05 9.98856E-05 9.98856E-05 9.98856E-05 9.98856E-05
9.98856E-05 9.98856E-05 9.98856E-05 9.98856E-05 9.98856E-05 0.998701 9.98856E-05 9.98856E-05 9.98856E-05 9.98856E-05 9.98856E-05 9.98856E-05 9.98856E-05 9.98856E-05
9.98856E-05 9.98856E-05 9.98856E-05 9.98856E-05 9.98856E-05 0.998701 9.98856E-05 9.98856E-05 9.98856E-05 9.98856E-05 9.98856E-05 9.98856E-05 9.98856E-05 9.98856E-05
9.98857E-05 9.98857E-05 9.98857E-05 9.98857E-05 9.98857E-05 9.98857E-05 0.998701 9.98857E-05 9.98857E-05 9.98857E-05 9.98857E-05 9.98857E-05 9.98857E-05 9.98857E-05
9.98856E-05 9.98856E-05 9.98856E-05 9.98856E-05 9.98856E-05 9.98856E-05 0.998701 9.98856E-05 9.98856E-05 9.98856E-05 9.98856E-05 9.98856E-05 9.98856E-05 9.98856E-05
9.98856E-05 9.98856E-05 9.98856E-05 9.98856E-05 9.98856E-05 9.98856E-05 0.998701 9.98856E-05 9.98856E-05 9.98856E-05 9.98856E-05 9.98856E-05 9.98856E-05 9.98856E-05
9.98856E-05 9.98856E-05 9.98856E-05 9.98856E-05 9.98856E-05 0.998701 9.98856E-05 9.98856E-05 9.98856E-05 9.98856E-05 9.98856E-05 9.98856E-05 9.98856E-05 9.98856E-05
9.98857E-05 9.98857E-05 9.98857E-05 9.98857E-05 9.98857E-05 9.98857E-05 0.998701 9.98857E-05 9.98857E-05 9.98857E-05 9.98857E-05 9.98857E-05 9.98857E-05 9.98857E-05
9.98856E-05 9.98856E-05 9.98856E-05 9.98856E-05 9.98856E-05 9.98856E-05 0.998701 9.98856E-05 9.98856E-05 9.98856E-05 9.98856E-05 9.98856E-05 9.98856E-05 9.98856E-05
9.98856E-05 9.98856E-05 9.98856E-05 9.98856E-05 9.98856E-05 0.998701 9.98856E-05 9.98856E-05 9.98856E-05 9.98856E-05 9.98856E-05 9.98856E-05 9.98856E-05 9.98856E-05
9.98857E-05 9.98857E-05 9.98857E-05 9.98857E-05 9.98857E-05 9.98857E-05 0.998701 9.98857E-05 9.98857E-05 9.98857E-05 9.98857E-05 9.98857E-05 9.98857E-05 9.98857E-05
9.98857E-05 9.98857E-05 9.98857E-05 9.98857E-05 9.98857E-05 9.98857E-05 0.998701 9.98857E-05 9.98857E-05 9.98857E-05 9.98857E-05 9.98857E-05 9.98857E-05 9.98857E-05
0.0169383 9.99385E-05 0.0519921 0.0061208 9.99385E-05 0.269908 0.0689612 9.99385E-05 0.121977 9.99385E-05 0.463403 9.99385E-05 9.99385E-05 9.99385E-05
9.98856E-05 9.98856E-05 9.98856E-05 9.98856E-05 9.98856E-05 0.998701 9.98856E-05 9.98856E-05 9.98856E-05 9.98856E-05 9.98856E-05 9.98856E-05 9.98856E-05 9.98856E-05
9.98856E-05 9.98856E-05 9.98856E-05 9.98856E-05 9.98856E-05 9.98856E-05 0.998701 9.98856E-05 9.98856E-05 9.98856E-05 9.98856E-05 9.98856E-05 9.98856E-05 9.98856E-05
9.99123E-05 9.99123E-05 9.99123E-05 9.99123E-05 9.99123E-05 9.99123E-05 0.342186 9.99123E-05 0.00948459 9.99123E-05 0.57508 9.99123E-05 0.0722499 9.99123E-05
9.9921E-05 9.9921E-05 9.9921E-05 9.9921E-05 9.9921E-05 0.140404 0.230741 0.0773722 9.9921E-05 9.9921E-05 0.5481 0.00248435 9.9921E-05 9.9921E-05
9.99121E-05 9.99121E-05 9.99121E-05 9.99121E-05 9.99121E-05 0.233511 0.0594294 9.99121E-05 9.99121E-05 9.99121E-05 0.651658 9.99121E-05 0.0544028 9.99121E-05
9.9912E-05 9.9912E-05 0.00791914 9.9912E-05 9.9912E-05 0.00854864 9.9912E-05 9.9912E-05 9.9912E-05 9.9912E-05 0.889069 9.9912E-05 9.9912E-05 0.0934639
9.99033E-05 9.99033E-05 9.99033E-05 9.99033E-05 9.99033E-05 0.242351 0.240009 9.99033E-05 9.99033E-05 9.99033E-05 0.516542 9.99033E-05 9.99033E-05 9.99033E-05
9.99036E-05 0.346651 9.99036E-05 9.99036E-05 9.99036E-05 9.99036E-05 0.0667266 9.99036E-05 9.99036E-05 9.99036E-05 0.585524 9.99036E-05 9.99036E-05 9.99036E-05
9.99122E-05 9.99122E-05 9.99122E-05 9.99122E-05 9.99122E-05 0.140644 0.26104 9.99122E-05 9.99122E-05 9.99122E-05 0.479462 9.99122E-05 9.99122E-05 0.117854
9.99122E-05 9.99122E-05 9.99122E-05 9.99122E-05 9.99122E-05 0.00960107 0.102821 9.99122E-05 0.0730555 9.99122E-05 0.813523 9.99122E-05 9.99122E-05 9.99122E-05
9.99122E-05 0.257258 9.99122E-05 9.99122E-05 9.99122E-05 0.0108625 0.181892 9.99122E-05 9.99122E-05 9.99122E-05 0.548988 9.99122E-05 9.99122E-05 9.99122E-05
9.99298E-05 9.99298E-05 0.00486117 9.99298E-05 0.0361558 0.0681612 9.99298E-05 9.99298E-05 9.99298E-05 9.99298E-05 0.816441 9.99298E-05 0.0678318 0.00574962
9.9921E-05 0.109253 9.9921E-05 9.9921E-05 9.9921E-05 0.188336 0.0564847 9.9921E-05 0.0595664 9.9921E-05 0.58546 9.9921E-05 9.9921E-05 9.9921E-05
9.98946E-05 9.98946E-05 9.98946E-05 9.98946E-05 9.98946E-05 9.98946E-05 0.444547 9.98946E-05 9.98946E-05 9.98946E-05 0.554254 9.98946E-05 9.98946E-05 9.98946E-05
0.04924 9.9921E-05 0.0294479 9.9921E-05 9.9921E-05 0.248833 0.197702 9.9921E-05 9.9921E-05 9.9921E-05 0.473878 9.9921E-05 9.9921E-05 9.9921E-05
9.99121E-05 9.99121E-05 0.112513 9.99121E-05 9.99121E-05 0.0204034 0.029489 9.99121E-05 9.99121E-05 9.99121E-05 0.836596 9.99121E-05 9.99121E-05 9.99121E-05
9.99121E-05 9.99121E-05 9.99121E-05 9.99121E-05 9.99121E-05 0.155541 0.0784998 9.99121E-05 0.0914398 9.99121E-05 0.67352 9.99121E-05 9.99121E-05 9.99121E-05
9.99298E-05 9.99298E-05 9.99298E-05 0.0436264 0.0684684 0.135617 0.20807 9.99298E-05 0.0440026 9.99298E-05 0.499416 9.99298E-05 9.99298E-05 9.99298E-05
9.99211E-05 0.0965897 9.99211E-05 9.99211E-05 9.99211E-05 0.0307526 0.138996 9.99211E-05 9.99211E-05 9.99211E-05 0.732179 9.99211E-05 0.000583459 9.99211E-05
0.0241616 9.99297E-05 0.0150362 9.99297E-05 9.99297E-05 0.326369 0.0186075 9.99297E-05 0.0659899 9.99297E-05 0.549036 9.99297E-05 9.99297E-05 9.99297E-05
9.99209E-05 9.99209E-05 9.99209E-05 0.146579 9.99209E-05 9.99209E-05 0.0238143 9.99209E-05 0.0480842 9.99209E-05 0.679798 0.100825 9.99209E-05 9.99209E-05
9.99122E-05 9.99122E-05 9.99122E-05 9.99122E-05 9.99122E-05 0.0936519 0.0506232 0.064788 9.99122E-05 9.99122E-05 0.789938 9.99122E-05 9.99122E-05 9.99122E-05
9.99209E-05 9.99209E-05 9.99209E-05 9.99209E-05 0.105128 0.0343835 0.0179212 9.99209E-05 9.99209E-05 9.99209E-05 0.812639 0.0290286 9.99209E-05 9.99209E-05
9.99035E-05 9.99035E-05 9.99035E-05 9.99035E-05 0.140391 9.99035E-05 0.173297 9.99035E-05 9.99035E-05 9.99035E-05 0.685213 9.99035E-05 9.99035E-05 9.99035E-05
0.117017 9.9921E-05 9.9921E-05 9.9921E-05 9.9921E-05 0.140503 0.135085 9.9921E-05 9.9921E-05 9.9921E-05 0.602753 0.00374266 9.9921E-05 9.9921E-05
