9.9877E-05 9.9877E-05 9.9877E-05 0.0440561 0.162594 9.9877E-05 0.0331623 0.0266803 9.9877E-05 9.9877E-05 9.9877E-05 9.9877E-05 0.0637792 9.9877E-05 9.9877E-05 9.9877E-05 0.277357 0.330554 9.9877E-05 9.9877E-05 9.9877E-05 0.0604183
9.98509E-05 9.98509E-05 9.98509E-05 0.108892 9.98509E-05 9.98509E-05 9.98509E-05 9.98509E-05 9.98509E-05 9.98509E-05 9.98509E-05 9.98509E-05 9.98509E-05 9.98509E-05 9.98509E-05 9.98509E-05 0.172837 0.695579 0.011631 9.98509E-05 0.00936399 9.98509E-05
9.98595E-05 9.98595E-05 9.98595E-05 9.98595E-05 0.0387771 9.98595E-05 9.98595E-05 0.0163173 9.98595E-05 9.98595E-05 0.0438114 9.98595E-05 0.0103638 0.0414628 9.98595E-05 9.98595E-05 9.98595E-05 0.84767 9.98595E-05 9.98595E-05 9.98595E-05 9.98595E-05
9.99035E-05 0.0300759 9.99035E-05 9.99035E-05 0.162971 0.332217 9.99035E-05 9.99035E-05 9.99035E-05 9.99035E-05 9.99035E-05 9.99035E-05 0.0192527 0.168877 0.00922767 0.0136732 9.99035E-05 0.210063 0.00910704 0.00639198 9.99035E-05 0.0370451
9.98421E-05 9.98421E-05 9.98421E-05 9.98421E-05 9.98421E-05 9.98421E-05 9.98421E-05 9.98421E-05 9.98421E-05 9.98421E-05 0.0805266 9.98421E-05 9.98421E-05 0.0496396 9.98421E-05 0.109424 9.98421E-05 0.758613 9.98421E-05 9.98421E-05 9.98421E-05 9.98421E-05
9.98685E-05 9.98685E-05 9.98685E-05 9.98685E-05 0.00680513 9.98685E-05 9.98685E-05 9.98685E-05 9.98685E-05 9.98685E-05 0.0790439 9.98685E-05 9.98685E-05 0.291244 0.131219 9.98685E-05 0.178947 0.181308 9.98685E-05 0.129935 9.98685E-05 9.98685E-05
9.9886E-05 9.9886E-05 0.093905 0.149791 0.155206 0.0633359 9.9886E-05 9.9886E-05 9.9886E-05 9.9886E-05 9.9886E-05 9.9886E-05 0.0620742 9.9886E-05 9.9886E-05 9.9886E-05 0.0917449 0.230807 9.9886E-05 0.0437882 9.9886E-05 0.108049
0.0832884 9.99035E-05 9.99035E-05 9.99035E-05 0.226462 9.99035E-05 0.165915 9.99035E-05 9.99035E-05 9.99035E-05 0.0369855 9.99035E-05 9.99035E-05 0.0433425 0.140451 9.99035E-05 0.037725 0.1943 0.0510968 0.0141671 9.99035E-05 0.00516782
9.98684E-05 9.98684E-05 9.98684E-05 9.98684E-05 0.0403485 9.98684E-05 9.98684E-05 0.2276 9.98684E-05 9.98684E-05 9.98684E-05 9.98684E-05 0.149294 0.0138784 0.22521 0.121858 9.98684E-05 0.220314 9.98684E-05 9.98684E-05 9.98684E-05 9.98684E-05
9.9842E-05 9.9842E-05 9.9842E-05 9.9842E-05 9.9842E-05 9.9842E-05 9.9842E-05 9.9842E-05 9.9842E-05 9.9842E-05 9.9842E-05 9.9842E-05 0.0613173 9.9842E-05 9.9842E-05 9.9842E-05 9.9842E-05 0.86369 9.9842E-05 0.0514341 0.0217612 9.9842E-05
9.98596E-05 9.98596E-05 9.98596E-05 9.98596E-05 0.176997 9.98596E-05 9.98596E-05 9.98596E-05 9.98596E-05 9.98596E-05 9.98596E-05 9.98596E-05 0.157906 9.98596E-05 0.0395988 9.98596E-05 0.0446459 0.460319 9.98596E-05 9.98596E-05 9.98596E-05 0.118936
9.98421E-05 9.98421E-05 9.98421E-05 9.98421E-05 9.98421E-05 9.98421E-05 9.98421E-05 9.98421E-05 9.98421E-05 9.98421E-05 9.98421E-05 9.98421E-05 9.98421E-05 9.98421E-05 0.0188172 9.98421E-05 9.98421E-05 0.874621 0.0996695 9.98421E-05 9.98421E-05 0.00509482
9.98509E-05 9.98509E-05 9.98509E-05 9.98509E-05 0.119208 0.120073 9.98509E-05 9.98509E-05 9.98509E-05 9.98509E-05 9.98509E-05 9.98509E-05 0.0107534 9.98509E-05 9.98509E-05 9.98509E-05 9.98509E-05 0.742636 0.00563118 9.98509E-05 9.98509E-05 9.98509E-05
0.00720309 9.9886E-05 9.9886E-05 0.0297798 9.9886E-05 9.9886E-05 9.9886E-05 9.9886E-05 0.0691767 0.0852912 0.0315133 9.9886E-05 0.079469 0.0499881 9.9886E-05 9.9886E-05 9.9886E-05 0.572313 9.9886E-05 9.9886E-05 9.9886E-05 0.0739672
9.98684E-05 9.98684E-05 9.98684E-05 9.98684E-05 0.0214028 9.98684E-05 9.98684E-05 9.98684E-05 9.98684E-05 0.065551 9.98684E-05 9.98684E-05 0.124483 0.126199 0.134126 9.98684E-05 0.236089 0.290651 9.98684E-05 9.98684E-05 9.98684E-05 9.98684E-05
0.174595 9.98859E-05 9.98859E-05 9.98859E-05 0.0613245 0.0134543 9.98859E-05 9.98859E-05 9.98859E-05 9.98859E-05 9.98859E-05 9.98859E-05 0.103292 9.98859E-05 0.163542 0.0735293 0.156735 0.191144 9.98859E-05 0.061086 9.98859E-05 9.98859E-05
0.00858121 9.98685E-05 9.98685E-05 0.100045 9.98685E-05 0.0450572 9.98685E-05 9.98685E-05 0.120384 9.98685E-05 9.98685E-05 9.98685E-05 0.0830281 9.98685E-05 9.98685E-05 9.98685E-05 9.98685E-05 0.594582 9.98685E-05 9.98685E-05 9.98685E-05 0.046825
9.9886E-05 0.107919 9.9886E-05 9.9886E-05 0.204834 9.9886E-05 9.9886E-05 0.0340818 9.9886E-05 9.9886E-05 9.9886E-05 0.0948601 0.131086 0.0791445 0.0226704 9.9886E-05 0.199632 0.124474 9.9886E-05 9.9886E-05 9.9886E-05 9.9886E-05
9.98596E-05 9.98596E-05 9.98596E-05 9.98596E-05 0.205851 9.98596E-05 9.98596E-05 9.98596E-05 9.98596E-05 9.98596E-05 9.98596E-05 9.98596E-05 0.215753 9.98596E-05 0.082005 9.98596E-05 0.0273696 0.309952 9.98596E-05 0.157471 9.98596E-05 9.98596E-05
9.9842E-05 0.0779094 9.9842E-05 9.9842E-05 9.9842E-05 0.00736069 9.9842E-05 9.9842E-05 9.9842E-05 9.9842E-05 9.9842E-05 9.9842E-05 0.0172196 9.9842E-05 9.9842E-05 9.9842E-05 9.9842E-05 0.895713 9.9842E-05 9.9842E-05 9.9842E-05 9.9842E-05
0.0693368 9.9886E-05 9.9886E-05 0.0118784 0.070587 9.9886E-05 9.9886E-05 9.9886E-05 9.9886E-05 9.9886E-05 9.9886E-05 9.9886E-05 0.00739052 9.9886E-05 0.0435396 0.269139 9.9886E-05 0.430223 9.9886E-05 9.9886E-05 0.0714973 0.0251104
9.9886E-05 9.9886E-05 9.9886E-05 9.9886E-05 0.340601 9.9886E-05 0.0010971 9.9886E-05 9.9886E-05 9.9886E-05 0.0647689 9.9886E-05 9.9886E-05 0.101812 0.104859 9.9886E-05 9.9886E-05 0.192158 0.0184565 0.0996503 0.0752988 9.9886E-05
9.98684E-05 9.98684E-05 9.98684E-05 0.00352894 9.98684E-05 9.98684E-05 9.98684E-05 9.98684E-05 9.98684E-05 9.98684E-05 9.98684E-05 0.0275328 0.182367 0.0396569 9.98684E-05 9.98684E-05 0.167182 0.535904 9.98684E-05 9.98684E-05 9.98684E-05 0.0423303
9.98421E-05 9.98421E-05 9.98421E-05 9.98421E-05 0.329178 9.98421E-05 9.98421E-05 0.0639626 9.98421E-05 9.98421E-05 9.98421E-05 9.98421E-05 0.253917 9.98421E-05 9.98421E-05 9.98421E-05 9.98421E-05 0.351145 9.98421E-05 9.98421E-05 9.98421E-05 9.98421E-05
9.98947E-05 0.14832 9.98947E-05 9.98947E-05 0.0623363 9.98947E-05 9.98947E-05 0.0568728 9.98947E-05 0.0425814 9.98947E-05 9.98947E-05 0.235081 0.0308988 0.0497262 9.98947E-05 9.98947E-05 0.219766 9.98947E-05 9.98947E-05 0.0757054 0.077514
9.98684E-05 9.98684E-05 9.98684E-05 9.98684E-05 9.98684E-05 0.0302613 9.98684E-05 0.0111865 9.98684E-05 9.98684E-05 0.0785022 9.98684E-05 0.0791868 0.117615 0.0310424 9.98684E-05 9.98684E-05 0.650708 9.98684E-05 9.98684E-05 9.98684E-05 9.98684E-05
0.0531436 9.98597E-05 9.98597E-05 9.98597E-05 0.40029 9.98597E-05 9.98597E-05 9.98597E-05 9.98597E-05 9.98597E-05 9.98597E-05 0.100414 0.0960168 0.320072 9.98597E-05 9.98597E-05 9.98597E-05 0.0284666 9.98597E-05 9.98597E-05 9.98597E-05 9.98597E-05
9.98597E-05 9.98597E-05 9.98597E-05 0.00658542 0.140227 0.114028 9.98597E-05 9.98597E-05 9.98597E-05 0.0404369 9.98597E-05 9.98597E-05 0.0265353 9.98597E-05 9.98597E-05 9.98597E-05 9.98597E-05 0.670589 9.98597E-05 9.98597E-05 9.98597E-05 9.98597E-05
9.98597E-05 9.98597E-05 9.98597E-05 9.98597E-05 0.114456 9.98597E-05 9.98597E-05 0.0249356 9.98597E-05 9.98597E-05 9.98597E-05 9.98597E-05 0.172294 9.98597E-05 9.98597E-05 9.98597E-05 0.074855 0.475038 9.98597E-05 9.98597E-05 0.136824 9.98597E-05
9.98801E-05 9.98801E-05 0.00544189 9.98801E-05 9.98801E-05 9.98801E-05 9.98801E-05 0.00633509 0.0409114 9.98801E-05 9.98801E-05 9.98801E-05 0.0776851 0.0305204 0.0438026 9.98801E-05 0.00313949 0.77948 9.98801E-05 0.00874637 9.98801E-05 0.00273915
9.98771E-05 0.0226724 9.98771E-05 9.98771E-05 0.0127763 9.98771E-05 9.98771E-05 9.98771E-05 9.98771E-05 9.98771E-05 9.98771E-05 9.98771E-05 0.00938107 9.98771E-05 0.059172 9.98771E-05 0.12944 0.572174 9.98771E-05 0.130002 9.98771E-05 0.0629843
9.98861E-05 9.98861E-05 9.98861E-05 9.98861E-05 0.0528623 0.0271047 9.98861E-05 9.98861E-05 9.98861E-05 9.98861E-05 9.98861E-05 9.98861E-05 0.086703 0.175352 9.98861E-05 9.98861E-05 0.0262969 0.510314 9.98861E-05 0.0317405 0.0255226 0.0628052
0.0563357 9.9877E-05 9.9877E-05 9.9877E-05 0.164544 9.9877E-05 9.9877E-05 9.9877E-05 9.9877E-05 9.9877E-05 9.9877E-05 9.9877E-05 0.149337 0.0621055 0.00160541 9.9877E-05 0.0384834 0.425286 9.9877E-05 9.9877E-05 9.9877E-05 0.100904
9.98947E-05 9.98947E-05 9.98947E-05 9.98947E-05 0.10672 0.0256348 9.98947E-05 0.0396662 9.98947E-05 9.98947E-05 0.0462062 0.0360795 0.105546 0.0463753 9.98947E-05 9.98947E-05 9.98947E-05 0.432641 9.98947E-05 9.98947E-05 0.138325 0.0216074
9.9851E-05 0.062084 9.9851E-05 0.0612419 9.9851E-05 9.9851E-05 9.9851E-05 9.9851E-05 9.9851E-05 9.9851E-05 9.9851E-05 9.9851E-05 9.9851E-05 9.9851E-05 9.9851E-05 9.9851E-05 9.9851E-05 0.707995 9.9851E-05 0.0845555 9.9851E-05 0.0824265
9.98685E-05 0.0186801 9.98685E-05 0.0422575 0.0691291 0.120858 9.98685E-05 0.101131 9.98685E-05 9.98685E-05 9.98685E-05 9.98685E-05 9.98685E-05 9.98685E-05 9.98685E-05 9.98685E-05 0.0646702 0.581776 9.98685E-05 9.98685E-05 9.98685E-05 9.98685E-05
9.98598E-05 9.98598E-05 0.00281929 0.140288 9.98598E-05 9.98598E-05 9.98598E-05 9.98598E-05 9.98598E-05 9.98598E-05 9.98598E-05 9.98598E-05 9.98598E-05 9.98598E-05 0.00147061 9.98598E-05 9.98598E-05 0.771291 9.98598E-05 0.0468018 9.98598E-05 0.0357322
9.98684E-05 0.0615062 9.98684E-05 0.0264343 0.00336599 9.98684E-05 9.98684E-05 9.98684E-05 0.0177035 9.98684E-05 9.98684E-05 9.98684E-05 0.083132 9.98684E-05 0.160859 9.98684E-05 9.98684E-05 0.645501 9.98684E-05 9.98684E-05 9.98684E-05 9.98684E-05
9.9886E-05 9.9886E-05 9.9886E-05 0.0881597 0.0191197 0.0124881 9.9886E-05 9.9886E-05 0.029636 9.9886E-05 9.9886E-05 9.9886E-05 0.077516 0.204658 0.00562432 9.9886E-05 9.9886E-05 0.498256 9.9886E-05 0.0632436 9.9886E-05 9.9886E-05
0.0819603 9.98771E-05 0.010816 9.98771E-05 0.0177635 9.98771E-05 9.98771E-05 9.98771E-05 9.98771E-05 9.98771E-05 9.98771E-05 9.98771E-05 0.173039 0.170045 9.98771E-05 9.98771E-05 9.98771E-05 0.455628 9.98771E-05 0.0471519 0.0421983 9.98771E-05
9.98597E-05 0.0117942 9.98597E-05 9.98597E-05 0.0960983 0.0428777 9.98597E-05 9.98597E-05 9.98597E-05 9.98597E-05 9.98597E-05 9.98597E-05 0.0473654 9.98597E-05 9.98597E-05 9.98597E-05 9.98597E-05 0.766201 9.98597E-05 9.98597E-05 9.98597E-05 0.0340662
9.98597E-05 9.98597E-05 9.98597E-05 9.98597E-05 0.238856 9.98597E-05 9.98597E-05 0.0778866 9.98597E-05 9.98597E-05 9.98597E-05 9.98597E-05 0.0648881 9.98597E-05 0.0107566 9.98597E-05 0.085165 0.52085 9.98597E-05 9.98597E-05 9.98597E-05 9.98597E-05
9.98508E-05 9.98508E-05 9.98508E-05 9.98508E-05 0.10761 9.98508E-05 9.98508E-05 9.98508E-05 0.0834378 0.013163 9.98508E-05 9.98508E-05 9.98508E-05 9.98508E-05 9.98508E-05 9.98508E-05 9.98508E-05 0.779067 9.98508E-05 0.015025 9.98508E-05 9.98508E-05
9.98947E-05 9.98947E-05 9.98947E-05 9.98947E-05 0.0995564 9.98947E-05 0.000623692 0.0380207 9.98947E-05 9.98947E-05 9.98947E-05 9.98947E-05 0.175327 9.98947E-05 0.0909106 9.98947E-05 0.170869 0.371779 0.00694282 9.98947E-05 0.000845705 0.0439273
9.98596E-05 9.98596E-05 9.98596E-05 9.98596E-05 0.427758 0.12477 9.98596E-05 9.98596E-05 9.98596E-05 9.98596E-05 0.036779 9.98596E-05 0.128888 9.98596E-05 9.98596E-05 9.98596E-05 9.98596E-05 0.245288 9.98596E-05 0.0349186 9.98596E-05 9.98596E-05
9.98946E-05 0.0210887 9.98946E-05 0.030349 0.039279 9.98946E-05 9.98946E-05 9.98946E-05 9.98946E-05 9.98946E-05 9.98946E-05 9.98946E-05 0.021187 0.0137885 0.00396361 0.0137295 9.98946E-05 0.763609 0.072434 0.0193723 9.98946E-05 9.98946E-05
9.98596E-05 9.98596E-05 9.98596E-05 9.98596E-05 9.98596E-05 0.0845926 9.98596E-05 9.98596E-05 9.98596E-05 9.98596E-05 9.98596E-05 0.00583867 0.0716702 9.98596E-05 0.0143498 9.98596E-05 9.98596E-05 0.818043 9.98596E-05 9.98596E-05 9.98596E-05 0.00390811
0.0145807 9.98685E-05 0.0295426 9.98685E-05 9.98685E-05 9.98685E-05 9.98685E-05 9.98685E-05 9.98685E-05 9.98685E-05 0.0575673 9.98685E-05 0.0672574 9.98685E-05 9.98685E-05 9.98685E-05 0.0278479 0.789885 0.0118209 9.98685E-05 9.98685E-05 9.98685E-05
9.98771E-05 9.98771E-05 9.98771E-05 9.98771E-05 0.19345 0.00909245 9.98771E-05 9.98771E-05 9.98771E-05 9.98771E-05 9.98771E-05 9.98771E-05 0.195658 9.98771E-05 9.98771E-05 9.98771E-05 0.0305981 0.484962 0.0434484 0.00357665 9.98771E-05 0.0378164
9.98686E-05 9.98686E-05 0.0754767 9.98686E-05 9.98686E-05 9.98686E-05 9.98686E-05 9.98686E-05 9.98686E-05 9.98686E-05 0.0538503 9.98686E-05 9.98686E-05 0.00476475 0.0247638 9.98686E-05 9.98686E-05 0.723035 9.98686E-05 0.107313 9.98686E-05 0.00929808
9.99034E-05 9.99034E-05 9.99034E-05 9.99034E-05 0.086102 0.0312111 9.99034E-05 0.0101124 9.99034E-05 9.99034E-05 9.99034E-05 9.99034E-05 0.235965 0.0410282 0.0102086 9.99034E-05 0.147311 0.208529 0.0814887 9.99034E-05 0.0703734 0.076572
9.9886E-05 0.018537 9.9886E-05 9.9886E-05 0.168299 0.0495114 9.9886E-05 0.0787612 9.9886E-05 9.9886E-05 9.9886E-05 9.9886E-05 0.00512282 0.0343501 0.0556227 0.0527864 9.9886E-05 0.535711 9.9886E-05 9.9886E-05 9.9886E-05 9.9886E-05
9.98335E-05 9.98335E-05 9.98335E-05 9.98335E-05 9.98335E-05 9.98335E-05 9.98335E-05 9.98335E-05 9.98335E-05 9.98335E-05 9.98335E-05 0.0451466 9.98335E-05 9.98335E-05 9.98335E-05 9.98335E-05 9.98335E-05 0.879529 9.98335E-05 9.98335E-05 0.0734278 9.98335E-05
0.171061 9.98773E-05 0.0690177 9.98773E-05 0.0308554 9.98773E-05 9.98773E-05 9.98773E-05 9.98773E-05 9.98773E-05 9.98773E-05 9.98773E-05 0.00930273 0.0901163 9.98773E-05 9.98773E-05 0.00121953 0.580709 9.98773E-05 9.98773E-05 9.98773E-05 0.0463197
9.98773E-05 0.00990374 9.98773E-05 9.98773E-05 9.98773E-05 9.98773E-05 9.98773E-05 9.98773E-05 9.98773E-05 0.0841331 9.98773E-05 9.98773E-05 0.0988648 9.98773E-05 0.0148279 9.98773E-05 0.0494847 0.708314 0.0100748 0.0229988 9.98773E-05 9.98773E-05
9.98772E-05 0.0921458 9.98772E-05 9.98772E-05 9.98772E-05 9.98772E-05 9.98772E-05 9.98772E-05 9.98772E-05 0.00168576 0.00776918 9.98772E-05 9.98772E-05 0.138359 9.98772E-05 9.98772E-05 0.0935965 0.653408 9.98772E-05 0.00829178 9.98772E-05 0.00334609
9.98595E-05 9.98595E-05 9.98595E-05 0.0066542 0.0792064 9.98595E-05 9.98595E-05 9.98595E-05 9.98595E-05 9.98595E-05 9.98595E-05 0.0714876 0.0489226 9.98595E-05 9.98595E-05 9.98595E-05 9.98595E-05 0.722047 9.98595E-05 0.0700841 9.98595E-05 9.98595E-05
9.98421E-05 9.98421E-05 9.98421E-05 9.98421E-05 9.98421E-05 0.164396 9.98421E-05 9.98421E-05 9.98421E-05 9.98421E-05 9.98421E-05 9.98421E-05 0.0606209 9.98421E-05 9.98421E-05 9.98421E-05 9.98421E-05 0.769215 9.98421E-05 9.98421E-05 9.98421E-05 0.00397072
9.98771E-05 9.98771E-05 0.0101472 0.0182753 9.98771E-05 9.98771E-05 0.0456447 9.98771E-05 9.98771E-05 9.98771E-05 9.98771E-05 9.98771E-05 0.0357653 9.98771E-05 0.0330151 9.98771E-05 9.98771E-05 0.841598 0.00201343 9.98771E-05 9.98771E-05 0.0121429
9.98507E-05 9.98507E-05 9.98507E-05 0.030118 9.98507E-05 9.98507E-05 0.147297 9.98507E-05 9.98507E-05 9.98507E-05 9.98507E-05 9.98507E-05 0.0721182 9.98507E-05 9.98507E-05 9.98507E-05 0.720005 9.98507E-05 9.98507E-05 9.98507E-05 0.0287648 9.98507E-05
0.0187605 9.98335E-05 9.98335E-05 9.98335E-05 9.98335E-05 0.0324362 9.98335E-05 9.98335E-05 9.98335E-05 9.98335E-05 9.98335E-05 9.98335E-05 9.98335E-05 9.98335E-05 9.98335E-05 9.98335E-05 0.946906 9.98335E-05 9.98335E-05 9.98335E-05 9.98335E-05 9.98335E-05
0.0152685 9.98508E-05 0.0322985 9.98508E-05 9.98508E-05 9.98508E-05 9.98508E-05 9.98508E-05 9.98508E-05 9.98508E-05 9.98508E-05 0.00518469 9.98508E-05 9.98508E-05 9.98508E-05 9.98508E-05 0.914843 9.98508E-05 9.98508E-05 9.98508E-05 9.98508E-05 0.0307084
9.98684E-05 9.98684E-05 0.0457098 0.353806 9.98684E-05 9.98684E-05 9.98684E-05 9.98684E-05 9.98684E-05 9.98684E-05 9.98684E-05 9.98684E-05 0.0488036 0.142218 0.11661 9.98684E-05 0.200518 9.98684E-05 9.98684E-05 9.98684E-05 0.0908358 9.98684E-05
9.98858E-05 0.0195672 0.0279827 9.98858E-05 0.0584415 9.98858E-05 9.98858E-05 9.98858E-05 9.98858E-05 9.98858E-05 0.0139995 9.98858E-05 0.0703543 9.98858E-05 0.081126 9.98858E-05 0.613558 9.98858E-05 9.98858E-05 0.101165 9.98858E-05 0.0125075
9.98593E-05 9.98593E-05 9.98593E-05 9.98593E-05 0.126902 9.98593E-05 0.00491191 9.98593E-05 9.98593E-05 0.0257705 9.98593E-05 9.98593E-05 0.210715 9.98593E-05 0.046718 9.98593E-05 0.583385 9.98593E-05 9.98593E-05 9.98593E-05 9.98593E-05 9.98593E-05
9.98507E-05 9.98507E-05 9.98507E-05 0.341307 9.98507E-05 0.0702292 9.98507E-05 9.98507E-05 9.98507E-05 9.98507E-05 9.98507E-05 9.98507E-05 0.0829035 9.98507E-05 9.98507E-05 0.01176 0.492103 9.98507E-05 9.98507E-05 9.98507E-05 9.98507E-05 9.98507E-05
9.9877E-05 9.9877E-05 0.036843 0.066383 9.9877E-05 9.9877E-05 9.9877E-05 9.9877E-05 9.9877E-05 9.9877E-05 9.9877E-05 0.140463 0.112045 0.135923 0.0357422 9.9877E-05 0.467892 9.9877E-05 9.9877E-05 0.00330991 9.9877E-05 9.9877E-05
9.98421E-05 9.98421E-05 0.0416066 9.98421E-05 9.98421E-05 9.98421E-05 9.98421E-05 0.087086 9.98421E-05 9.98421E-05 9.98421E-05 9.98421E-05 9.98421E-05 9.98421E-05 9.98421E-05 9.98421E-05 0.799267 9.98421E-05 9.98421E-05 9.98421E-05 0.0702436 9.98421E-05
9.98332E-05 9.98332E-05 9.98332E-05 9.98332E-05 9.98332E-05 9.98332E-05 9.98332E-05 9.98332E-05 9.98332E-05 9.98332E-05 9.98332E-05 9.98332E-05 9.98332E-05 9.98332E-05 0.0213151 9.98332E-05 0.914802 9.98332E-05 9.98332E-05 9.98332E-05 9.98332E-05 0.0619862
9.98681E-05 0.0202191 9.98681E-05 9.98681E-05 9.98681E-05 0.016432 9.98681E-05 9.98681E-05 9.98681E-05 9.98681E-05 9.98681E-05 0.00438073 0.234071 9.98681E-05 0.0603319 9.98681E-05 0.46952 9.98681E-05 9.98681E-05 9.98681E-05 9.98681E-05 0.193547
9.99122E-05 9.99122E-05 0.03247 0.0331793 0.134394 0.0213783 9.99122E-05 9.99122E-05 9.99122E-05 0.0619801 0.00291621 9.99122E-05 0.120056 9.99122E-05 0.00775388 0.0155429 0.412428 9.99122E-05 9.99122E-05 0.101984 9.99122E-05 0.0549177
0.0894376 9.98593E-05 9.98593E-05 9.98593E-05 9.98593E-05 9.98593E-05 9.98593E-05 9.98593E-05 9.98593E-05 9.98593E-05 9.98593E-05 9.98593E-05 9.98593E-05 0.0714461 0.146976 9.98593E-05 0.485588 9.98593E-05 0.0917263 9.98593E-05 9.98593E-05 0.113228
9.98594E-05 9.98594E-05 9.98594E-05 0.0752583 0.171506 9.98594E-05 9.98594E-05 9.98594E-05 9.98594E-05 9.98594E-05 9.98594E-05 9.98594E-05 0.211683 9.98594E-05 9.98594E-05 9.98594E-05 0.470167 9.98594E-05 0.0515685 0.0182198 9.98594E-05 9.98594E-05
9.98335E-05 9.98335E-05 9.98335E-05 9.98335E-05 9.98335E-05 9.98335E-05 9.98335E-05 9.98335E-05 9.98335E-05 9.98335E-05 0.0572647 9.98335E-05 9.98335E-05 0.00615192 9.98335E-05 9.98335E-05 0.934687 9.98335E-05 9.98335E-05 9.98335E-05 9.98335E-05 9.98335E-05
9.98246E-05 9.98246E-05 9.98246E-05 9.98246E-05 9.98246E-05 9.98246E-05 9.98246E-05 9.98246E-05 9.98246E-05 9.98246E-05 9.98246E-05 9.98246E-05 9.98246E-05 9.98246E-05 0.033678 9.98246E-05 0.964325 9.98246E-05 9.98246E-05 9.98246E-05 9.98246E-05 9.98246E-05
9.98505E-05 9.98505E-05 9.98505E-05 9.98505E-05 9.98505E-05 9.98505E-05 0.219146 9.98505E-05 9.98505E-05 9.98505E-05 9.98505E-05 9.98505E-05 0.0156188 0.0439318 9.98505E-05 9.98505E-05 0.643055 9.98505E-05 9.98505E-05 0.0765503 9.98505E-05 9.98505E-05
9.98508E-05 9.98508E-05 9.98508E-05 9.98508E-05 0.156531 9.98508E-05 9.98508E-05 9.98508E-05 9.98508E-05 9.98508E-05 9.98508E-05 9.98508E-05 9.98508E-05 9.98508E-05 0.0755719 9.98508E-05 0.541478 9.98508E-05 9.98508E-05 0.134578 9.98508E-05 0.0901437
9.98508E-05 9.98508E-05 9.98508E-05 9.98508E-05 9.98508E-05 9.98508E-05 9.98508E-05 9.98508E-05 9.98508E-05 9.98508E-05 9.98508E-05 0.0596094 0.0331028 9.98508E-05 9.98508E-05 9.98508E-05 0.838884 9.98508E-05 9.98508E-05 0.0664249 9.98508E-05 0.000281457
0.0864222 9.98505E-05 9.98505E-05 9.98505E-05 9.98505E-05 9.98505E-05 9.98505E-05 9.98505E-05 9.98505E-05 9.98505E-05 9.98505E-05 9.98505E-05 0.232015 0.00311844 9.98505E-05 9.98505E-05 0.664214 9.98505E-05 9.98505E-05 9.98505E-05 9.98505E-05 0.012533
9.98336E-05 9.98336E-05 0.025822 9.98336E-05 9.98336E-05 9.98336E-05 9.98336E-05 9.98336E-05 0.0168936 9.98336E-05 9.98336E-05 9.98336E-05 9.98336E-05 9.98336E-05 9.98336E-05 9.98336E-05 0.955388 9.98336E-05 9.98336E-05 9.98336E-05 9.98336E-05 9.98336E-05
9.98506E-05 9.98506E-05 9.98506E-05 9.98506E-05 0.270348 9.98506E-05 9.98506E-05 9.98506E-05 9.98506E-05 9.98506E-05 9.98506E-05 9.98506E-05 0.0743427 0.00633764 9.98506E-05 9.98506E-05 0.606262 9.98506E-05 9.98506E-05 0.041012 9.98506E-05 9.98506E-05
9.98597E-05 9.98597E-05 9.98597E-05 0.04155 0.0249347 9.98597E-05 9.98597E-05 9.98597E-05 9.98597E-05 0.0511986 9.98597E-05 9.98597E-05 9.98597E-05 0.134896 9.98597E-05 9.98597E-05 0.736918 9.98597E-05 9.98597E-05 9.98597E-05 0.00890504 9.98597E-05
9.98858E-05 9.98858E-05 0.0355505 9.98858E-05 9.98858E-05 0.0506516 0.011724 9.98858E-05 9.98858E-05 9.98858E-05 9.98858E-05 9.98858E-05 0.0370422 0.0183239 0.023846 9.98858E-05 0.646507 9.98858E-05 9.98858E-05 0.115469 9.98858E-05 0.0595871
9.9833E-05 9.9833E-05 9.9833E-05 9.9833E-05 9.9833E-05 9.9833E-05 9.9833E-05 9.9833E-05 9.9833E-05 0.0313897 9.9833E-05 9.9833E-05 9.9833E-05 9.9833E-05 9.9833E-05 9.9833E-05 0.814371 9.9833E-05 9.9833E-05 9.9833E-05 9.9833E-05 0.152343
9.98422E-05 0.0155439 9.98422E-05 0.0367011 9.98422E-05 9.98422E-05 9.98422E-05 9.98422E-05 9.98422E-05 9.98422E-05 9.98422E-05 9.98422E-05 9.98422E-05 9.98422E-05 0.0619495 9.98422E-05 0.884008 9.98422E-05 9.98422E-05 9.98422E-05 9.98422E-05 9.98422E-05
9.98159E-05 9.98159E-05 9.98159E-05 9.98159E-05 9.98159E-05 9.98159E-05 9.98159E-05 9.98159E-05 9.98159E-05 9.98159E-05 9.98159E-05 9.98159E-05 9.98159E-05 9.98159E-05 9.98159E-05 9.98159E-05 0.997904 9.98159E-05 9.98159E-05 9.98159E-05 9.98159E-05 9.98159E-05
9.98158E-05 9.98158E-05 9.98158E-05 9.98158E-05 9.98158E-05 9.98158E-05 9.98158E-05 9.98158E-05 9.98158E-05 9.98158E-05 9.98158E-05 9.98158E-05 9.98158E-05 9.98158E-05 9.98158E-05 9.98158E-05 0.997904 9.98158E-05 9.98158E-05 9.98158E-05 9.98158E-05 9.98158E-05
9.98421E-05 9.98421E-05 9.98421E-05 9.98421E-05 9.98421E-05 9.98421E-05 9.98421E-05 9.98421E-05 9.98421E-05 9.98421E-05 0.00915408 0.103984 0.0620013 9.98421E-05 9.98421E-05 9.98421E-05 0.823064 9.98421E-05 9.98421E-05 9.98421E-05 9.98421E-05 9.98421E-05
9.98423E-05 9.98423E-05 9.98423E-05 9.98423E-05 9.98423E-05 9.98423E-05 9.98423E-05 9.98423E-05 0.091754 9.98423E-05 9.98423E-05 9.98423E-05 0.10432 9.98423E-05 0.0680552 9.98423E-05 0.734073 9.98423E-05 9.98423E-05 9.98423E-05 9.98423E-05 9.98423E-05
9.98333E-05 9.98333E-05 9.98333E-05 9.98333E-05 9.98333E-05 9.98333E-05 9.98333E-05 9.98333E-05 9.98333E-05 9.98333E-05 9.98333E-05 9.98333E-05 0.151104 0.744275 0.102723 9.98333E-05 9.98333E-05 9.98333E-05 9.98333E-05 9.98333E-05 9.98333E-05 9.98333E-05
9.98509E-05 9.98509E-05 9.98509E-05 9.98509E-05 9.98509E-05 9.98509E-05 9.98509E-05 9.98509E-05 0.257362 9.98509E-05 0.00573126 9.98509E-05 0.00953464 0.0713949 9.98509E-05 9.98509E-05 9.98509E-05 9.98509E-05 9.98509E-05 9.98509E-05 0.654279 9.98509E-05
9.98682E-05 9.98682E-05 9.98682E-05 9.98682E-05 0.00837167 9.98682E-05 9.98682E-05 9.98682E-05 9.98682E-05 9.98682E-05 9.98682E-05 0.000921415 0.098294 0.538541 9.98682E-05 9.98682E-05 9.98682E-05 9.98682E-05 0.068196 9.98682E-05 0.276427 0.00775067
9.98594E-05 9.98594E-05 9.98594E-05 9.98594E-05 9.98594E-05 9.98594E-05 9.98594E-05 9.98594E-05 9.98594E-05 9.98594E-05 0.00515309 0.0552726 0.105932 0.609542 0.0151198 9.98594E-05 9.98594E-05 9.98594E-05 9.98594E-05 9.98594E-05 0.207382 9.98594E-05
9.98508E-05 9.98508E-05 0.0256781 9.98508E-05 9.98508E-05 9.98508E-05 9.98508E-05 0.000813813 9.98508E-05 9.98508E-05 0.0215573 9.98508E-05 9.98508E-05 0.854351 0.0959022 9.98508E-05 9.98508E-05 9.98508E-05 9.98508E-05 9.98508E-05 9.98508E-05 9.98508E-05
9.98596E-05 9.98596E-05 9.98596E-05 0.0553973 9.98596E-05 0.0804717 9.98596E-05 9.98596E-05 0.0114019 9.98596E-05 9.98596E-05 9.98596E-05 0.157162 0.548205 0.145764 9.98596E-05 9.98596E-05 9.98596E-05 9.98596E-05 9.98596E-05 9.98596E-05 9.98596E-05
9.98682E-05 9.98682E-05 9.98682E-05 9.98682E-05 0.0339503 9.98682E-05 9.98682E-05 9.98682E-05 9.98682E-05 9.98682E-05 0.0214497 0.0463823 0.0586345 9.98682E-05 0.0883795 9.98682E-05 9.98682E-05 9.98682E-05 9.98682E-05 9.98682E-05 0.733796 0.0159096
9.98331E-05 9.98331E-05 9.98331E-05 9.98331E-05 9.98331E-05 9.98331E-05 9.98331E-05 9.98331E-05 9.98331E-05 9.98331E-05 9.98331E-05 9.98331E-05 9.98331E-05 0.472472 0.158492 9.98331E-05 9.98331E-05 9.98331E-05 9.98331E-05 9.98331E-05 0.367139 9.98331E-05
9.98595E-05 9.98595E-05 9.98595E-05 0.21226 0.0877394 9.98595E-05 9.98595E-05 9.98595E-05 9.98595E-05 9.98595E-05 9.98595E-05 9.98595E-05 0.0432407 0.329309 0.290463 9.98595E-05 9.98595E-05 9.98595E-05 9.98595E-05 9.98595E-05 9.98595E-05 0.0353899
9.98595E-05 9.98595E-05 9.98595E-05 9.98595E-05 9.98595E-05 0.0630847 9.98595E-05 9.98595E-05 9.98595E-05 9.98595E-05 0.00558564 9.98595E-05 0.222336 0.149231 0.253113 9.98595E-05 9.98595E-05 9.98595E-05 9.98595E-05 9.98595E-05 0.305053 9.98595E-05
9.9851E-05 9.9851E-05 9.9851E-05 0.254288 9.9851E-05 9.9851E-05 9.9851E-05 9.9851E-05 0.209149 9.9851E-05 9.9851E-05 9.9851E-05 0.0127608 0.517745 9.9851E-05 9.9851E-05 9.9851E-05 9.9851E-05 9.9851E-05 9.9851E-05 0.00435911 9.9851E-05
9.98685E-05 9.98685E-05 0.00255396 0.0968208 9.98685E-05 9.98685E-05 9.98685E-05 9.98685E-05 0.129892 9.98685E-05 9.98685E-05 9.98685E-05 0.121814 0.611271 9.98685E-05 9.98685E-05 9.98685E-05 9.98685E-05 9.98685E-05 9.98685E-05 0.00301807 0.0331327
9.98245E-05 9.98245E-05 9.98245E-05 9.98245E-05 9.98245E-05 9.98245E-05 9.98245E-05 9.98245E-05 9.98245E-05 9.98245E-05 9.98245E-05 9.98245E-05 9.98245E-05 0.150423 9.98245E-05 9.98245E-05 9.98245E-05 9.98245E-05 9.98245E-05 9.98245E-05 0.84758 9.98245E-05
9.9851E-05 9.9851E-05 9.9851E-05 9.9851E-05 9.9851E-05 9.9851E-05 9.9851E-05 0.00777067 9.9851E-05 9.9851E-05 9.9851E-05 9.9851E-05 0.152275 0.472316 0.158736 9.9851E-05 9.9851E-05 9.9851E-05 9.9851E-05 9.9851E-05 0.207204 9.9851E-05
0.0169322 9.98685E-05 9.98685E-05 9.98685E-05 9.98685E-05 9.98685E-05 9.98685E-05 9.98685E-05 9.98685E-05 9.98685E-05 0.0039756 0.134271 9.98685E-05 0.457768 0.0795051 9.98685E-05 9.98685E-05 9.98685E-05 9.98685E-05 9.98685E-05 0.304241 0.00180975
9.98947E-05 9.98947E-05 0.00807493 0.0250467 9.98947E-05 0.013047 0.00761277 9.98947E-05 0.0363153 9.98947E-05 0.043234 9.98947E-05 0.13841 0.613562 0.0760088 9.98947E-05 9.98947E-05 9.98947E-05 9.98947E-05 9.98947E-05 9.98947E-05 0.0374902
9.98595E-05 0.0253135 9.98595E-05 0.201846 9.98595E-05 9.98595E-05 9.98595E-05 9.98595E-05 9.98595E-05 9.98595E-05 9.98595E-05 9.98595E-05 0.102394 0.384345 0.0231828 9.98595E-05 9.98595E-05 9.98595E-05 9.98595E-05 9.98595E-05 0.26132 9.98595E-05
9.98655E-05 9.98655E-05 0.0326221 9.98655E-05 0.0889024 9.98655E-05 9.98655E-05 9.98655E-05 0.0602579 9.98655E-05 0.0793087 9.98655E-05 9.98655E-05 0.651343 0.0859684 9.98655E-05 9.98655E-05 9.98655E-05 9.98655E-05 9.98655E-05 9.98655E-05 9.98655E-05
9.98421E-05 9.98421E-05 9.98421E-05 9.98421E-05 9.98421E-05 9.98421E-05 9.98421E-05 9.98421E-05 9.98421E-05 9.98421E-05 9.98421E-05 9.98421E-05 9.98421E-05 0.82687 0.0294299 9.98421E-05 9.98421E-05 9.98421E-05 9.98421E-05 9.98421E-05 0.106997 0.0349057
9.98684E-05 0.0649017 9.98684E-05 9.98684E-05 9.98684E-05 0.0290025 9.98684E-05 9.98684E-05 0.238385 0.0165799 9.98684E-05 9.98684E-05 0.0973983 0.469716 0.0825193 9.98684E-05 9.98684E-05 9.98684E-05 9.98684E-05 9.98684E-05 9.98684E-05 9.98684E-05
9.98684E-05 9.98684E-05 9.98684E-05 0.113923 9.98684E-05 0.0418575 9.98684E-05 9.98684E-05 9.98684E-05 9.98684E-05 0.0389357 9.98684E-05 0.0627287 0.707865 0.013806 9.98684E-05 9.98684E-05 9.98684E-05 0.0193864 9.98684E-05 9.98684E-05 9.98684E-05
9.98509E-05 9.98509E-05 9.98509E-05 9.98509E-05 9.98509E-05 9.98509E-05 9.98509E-05 9.98509E-05 9.98509E-05 9.98509E-05 9.98509E-05 0.00113119 0.0109072 0.954404 0.00932211 9.98509E-05 9.98509E-05 9.98509E-05 9.98509E-05 9.98509E-05 9.98509E-05 0.0225378
9.98596E-05 0.0506866 9.98596E-05 0.0215748 9.98596E-05 9.98596E-05 9.98596E-05 9.98596E-05 9.98596E-05 9.98596E-05 9.98596E-05 9.98596E-05 0.172858 0.484998 0.205517 0.0627677 9.98596E-05 9.98596E-05 9.98596E-05 9.98596E-05 9.98596E-05 9.98596E-05
9.98509E-05 9.98509E-05 9.98509E-05 9.98509E-05 9.98509E-05 9.98509E-05 9.98509E-05 9.98509E-05 0.0265963 9.98509E-05 0.0386588 9.98509E-05 9.98509E-05 0.369964 0.200304 9.98509E-05 9.98509E-05 9.98509E-05 9.98509E-05 9.98509E-05 0.36278 9.98509E-05
9.9842E-05 9.9842E-05 9.9842E-05 9.9842E-05 9.9842E-05 9.9842E-05 9.9842E-05 9.9842E-05 9.9842E-05 9.9842E-05 9.9842E-05 9.9842E-05 0.138926 0.570963 0.219588 0.0687259 9.9842E-05 9.9842E-05 9.9842E-05 9.9842E-05 9.9842E-05 9.9842E-05
9.98421E-05 9.98421E-05 9.98421E-05 0.0184916 9.98421E-05 9.98421E-05 9.98421E-05 9.98421E-05 9.98421E-05 9.98421E-05 9.98421E-05 9.98421E-05 0.083136 9.98421E-05 0.0948595 9.98421E-05 9.98421E-05 9.98421E-05 9.98421E-05 9.98421E-05 0.801716 9.98421E-05
9.98684E-05 9.98684E-05 9.98684E-05 9.98684E-05 9.98684E-05 9.98684E-05 0.00438588 0.149334 0.481353 0.00322466 0.0727928 9.98684E-05 0.0525443 0.234867 9.98684E-05 9.98684E-05 9.98684E-05 9.98684E-05 9.98684E-05 9.98684E-05 9.98684E-05 9.98684E-05
9.98506E-05 9.98506E-05 9.98506E-05 9.98506E-05 9.98506E-05 9.98506E-05 9.98506E-05 9.98506E-05 9.98506E-05 9.98506E-05 9.98506E-05 9.98506E-05 0.0489843 0.743627 0.110626 9.98506E-05 9.98506E-05 9.98506E-05 0.0538436 9.98506E-05 0.0412217 9.98506E-05
9.98509E-05 9.98509E-05 9.98509E-05 0.009613 9.98509E-05 9.98509E-05 9.98509E-05 9.98509E-05 9.98509E-05 9.98509E-05 9.98509E-05 9.98509E-05 0.162354 0.438896 0.251738 9.98509E-05 9.98509E-05 9.98509E-05 9.98509E-05 9.98509E-05 0.135702 9.98509E-05
9.9851E-05 0.0152058 9.9851E-05 9.9851E-05 9.9851E-05 9.9851E-05 9.9851E-05 9.9851E-05 0.0571564 9.9851E-05 0.0964053 9.9851E-05 0.125062 0.704473 9.9851E-05 9.9851E-05 9.9851E-05 9.9851E-05 9.9851E-05 9.9851E-05 9.9851E-05 9.9851E-05
9.98596E-05 9.98596E-05 9.98596E-05 9.98596E-05 9.98596E-05 9.98596E-05 9.98596E-05 9.98596E-05 9.98596E-05 9.98596E-05 9.98596E-05 9.98596E-05 0.156409 0.0475178 0.0154495 0.0129002 9.98596E-05 9.98596E-05 9.98596E-05 9.98596E-05 0.724962 0.041164
0.027776 0.0201846 9.98595E-05 9.98595E-05 9.98595E-05 0.00565074 9.98595E-05 9.98595E-05 9.98595E-05 9.98595E-05 9.98595E-05 9.98595E-05 0.0609905 0.406719 9.98595E-05 9.98595E-05 9.98595E-05 9.98595E-05 9.98595E-05 9.98595E-05 0.477081 9.98595E-05
9.98507E-05 0.088894 9.98507E-05 9.98507E-05 9.98507E-05 9.98507E-05 9.98507E-05 9.98507E-05 9.98507E-05 9.98507E-05 0.171411 9.98507E-05 0.113044 0.357971 0.266983 9.98507E-05 9.98507E-05 9.98507E-05 9.98507E-05 9.98507E-05 9.98507E-05 9.98507E-05
9.98506E-05 0.0391923 9.98506E-05 9.98506E-05 0.129722 9.98506E-05 9.98506E-05 9.98506E-05 9.98506E-05 9.98506E-05 9.98506E-05 9.98506E-05 9.98506E-05 0.550773 0.0282402 9.98506E-05 9.98506E-05 9.98506E-05 9.98506E-05 9.98506E-05 0.250375 9.98506E-05
9.98243E-05 9.98243E-05 9.98243E-05 9.98243E-05 9.98243E-05 9.98243E-05 9.98243E-05 9.98243E-05 9.98243E-05 9.98243E-05 9.98243E-05 9.98243E-05 9.98243E-05 0.207488 9.98243E-05 9.98243E-05 9.98243E-05 9.98243E-05 9.98243E-05 9.98243E-05 0.790515 9.98243E-05
9.98684E-05 0.0497272 9.98684E-05 9.98684E-05 9.98684E-05 0.169427 9.98684E-05 9.98684E-05 0.10436 9.98684E-05 9.98684E-05 9.98684E-05 9.98684E-05 0.567126 0.0213196 9.98684E-05 9.98684E-05 9.98684E-05 9.98684E-05 9.98684E-05 0.0340496 0.052494
9.98596E-05 9.98596E-05 9.98596E-05 9.98596E-05 9.98596E-05 9.98596E-05 9.98596E-05 9.98596E-05 9.98596E-05 9.98596E-05 9.98596E-05 0.0490362 0.200417 0.580369 0.136395 9.98596E-05 9.98596E-05 9.98596E-05 9.98596E-05 9.98596E-05 0.0117677 0.0204176
0.00258559 9.98507E-05 9.98507E-05 9.98507E-05 9.98507E-05 9.98507E-05 9.98507E-05 9.98507E-05 0.428084 9.98507E-05 9.98507E-05 9.98507E-05 9.98507E-05 0.448539 0.0564768 9.98507E-05 9.98507E-05 9.98507E-05 0.0626174 9.98507E-05 9.98507E-05 9.98507E-05
9.98597E-05 0.0199853 9.98597E-05 9.98597E-05 9.98597E-05 9.98597E-05 9.98597E-05 9.98597E-05 0.268922 9.98597E-05 9.98597E-05 9.98597E-05 0.117075 0.391516 0.0290124 9.98597E-05 9.98597E-05 9.98597E-05 9.98597E-05 9.98597E-05 0.171892 9.98597E-05
9.98423E-05 9.98423E-05 9.98423E-05 9.98423E-05 9.98423E-05 9.98423E-05 9.98423E-05 9.98423E-05 0.0562108 9.98423E-05 0.0814711 9.98423E-05 9.98423E-05 0.0827801 9.98423E-05 9.98423E-05 9.98423E-05 9.98423E-05 9.98423E-05 9.98423E-05 0.777741 9.98423E-05
9.98685E-05 9.98685E-05 9.98685E-05 9.98685E-05 9.98685E-05 0.0585426 9.98685E-05 9.98685E-05 0.412316 9.98685E-05 9.98685E-05 0.00157882 9.98685E-05 0.22545 0.120652 9.98685E-05 9.98685E-05 9.98685E-05 9.98685E-05 9.98685E-05 0.105436 0.0745267
9.98508E-05 9.98508E-05 9.98508E-05 0.0578127 9.98508E-05 9.98508E-05 9.98508E-05 9.98508E-05 9.98508E-05 9.98508E-05 9.98508E-05 9.98508E-05 0.316364 0.510148 0.0691407 9.98508E-05 9.98508E-05 9.98508E-05 0.0448377 9.98508E-05 9.98508E-05 9.98508E-05
9.98421E-05 9.98421E-05 9.98421E-05 9.98421E-05 0.0590106 9.98421E-05 9.98421E-05 9.98421E-05 9.98421E-05 0.130502 9.98421E-05 9.98421E-05 9.98421E-05 0.678014 0.130676 9.98421E-05 9.98421E-05 9.98421E-05 9.98421E-05 9.98421E-05 9.98421E-05 9.98421E-05
9.98683E-05 0.0531756 9.98683E-05 9.98683E-05 9.98683E-05 9.98683E-05 9.98683E-05 9.98683E-05 0.585298 9.98683E-05 0.00112129 9.98683E-05 0.0484257 0.103385 0.184285 0.022811 9.98683E-05 9.98683E-05 9.98683E-05 9.98683E-05 9.98683E-05 9.98683E-05
9.98245E-05 9.98245E-05 9.98245E-05 9.98245E-05 9.98245E-05 9.98245E-05 9.98245E-05 9.98245E-05 0.207644 9.98245E-05 9.98245E-05 9.98245E-05 9.98245E-05 9.98245E-05 9.98245E-05 9.98245E-05 9.98245E-05 9.98245E-05 9.98245E-05 9.98245E-05 0.790359 9.98245E-05
9.98682E-05 0.0957828 9.98682E-05 0.143518 9.98682E-05 9.98682E-05 9.98682E-05 9.98682E-05 9.98682E-05 9.98682E-05 0.0150462 9.98682E-05 9.98682E-05 0.386777 0.15371 9.98682E-05 9.98682E-05 9.98682E-05 9.98682E-05 9.98682E-05 0.171187 0.0324816
9.98683E-05 9.98683E-05 9.98683E-05 9.98683E-05 9.98683E-05 9.98683E-05 9.98683E-05 9.98683E-05 9.98683E-05 9.98683E-05 9.98683E-05 0.0372392 0.0692516 0.0280582 0.0876767 9.98683E-05 0.152318 9.98683E-05 9.98683E-05 9.98683E-05 0.586353 0.0376048
9.98686E-05 0.0391021 0.0556649 0.309603 9.98686E-05 9.98686E-05 9.98686E-05 0.0555777 9.98686E-05 9.98686E-05 9.98686E-05 0.0416995 9.98686E-05 0.441233 9.98686E-05 9.98686E-05 9.98686E-05 9.98686E-05 9.98686E-05 9.98686E-05 0.055622 9.98686E-05
9.98597E-05 0.043725 9.98597E-05 9.98597E-05 0.0931287 9.98597E-05 9.98597E-05 9.98597E-05 9.98597E-05 9.98597E-05 9.98597E-05 9.98597E-05 0.149229 0.492555 0.216465 9.98597E-05 0.00329972 9.98597E-05 9.98597E-05 9.98597E-05 9.98597E-05 9.98597E-05
9.98333E-05 9.98333E-05 9.98333E-05 9.98333E-05 9.98333E-05 9.98333E-05 9.98333E-05 9.98333E-05 0.37918 9.98333E-05 9.98333E-05 9.98333E-05 9.98333E-05 0.229498 9.98333E-05 9.98333E-05 9.98333E-05 9.98333E-05 9.98333E-05 9.98333E-05 0.389426 9.98333E-05
9.9842E-05 9.9842E-05 0.0138763 9.9842E-05 9.9842E-05 0.172474 9.9842E-05 9.9842E-05 9.9842E-05 9.9842E-05 9.9842E-05 9.9842E-05 0.111379 0.700473 9.9842E-05 9.9842E-05 9.9842E-05 9.9842E-05 9.9842E-05 9.9842E-05 9.9842E-05 9.9842E-05
9.98597E-05 9.98597E-05 9.98597E-05 9.98597E-05 9.98597E-05 9.98597E-05 9.98597E-05 9.98597E-05 0.487055 9.98597E-05 0.06047 9.98597E-05 0.017337 0.276057 0.149775 9.98597E-05 9.98597E-05 9.98597E-05 9.98597E-05 9.98597E-05 0.00770822 9.98597E-05
9.98598E-05 9.98598E-05 9.98598E-05 9.98598E-05 9.98598E-05 9.98598E-05 9.98598E-05 9.98598E-05 0.201215 9.98598E-05 9.98598E-05 0.00207959 0.100561 0.534576 0.0825314 9.98598E-05 9.98598E-05 9.98598E-05 9.98598E-05 9.98598E-05 9.98598E-05 0.0774401
0.0831908 9.98333E-05 9.98333E-05 9.98333E-05 9.98333E-05 9.98333E-05 9.98333E-05 9.98333E-05 9.98333E-05 9.98333E-05 9.98333E-05 9.98333E-05 9.98333E-05 0.845314 0.069598 9.98333E-05 9.98333E-05 9.98333E-05 9.98333E-05 9.98333E-05 9.98333E-05 9.98333E-05
9.98332E-05 9.98332E-05 9.98332E-05 9.98332E-05 9.98332E-05 0.0779742 9.98332E-05 9.98332E-05 9.98332E-05 9.98332E-05 9.98332E-05 9.98332E-05 9.98332E-05 0.58591 9.98332E-05 9.98332E-05 9.98332E-05 9.98332E-05 9.98332E-05 9.98332E-05 0.334219 9.98332E-05
9.9842E-05 9.9842E-05 9.9842E-05 0.263455 9.9842E-05 9.9842E-05 9.9842E-05 9.9842E-05 9.9842E-05 9.9842E-05 9.9842E-05 9.9842E-05 0.141211 0.394243 0.199294 9.9842E-05 9.9842E-05 9.9842E-05 9.9842E-05 9.9842E-05 9.9842E-05 9.9842E-05
9.98419E-05 9.98419E-05 9.98419E-05 9.98419E-05 9.98419E-05 9.98419E-05 9.98419E-05 9.98419E-05 9.98419E-05 9.98419E-05 9.98419E-05 9.98419E-05 0.0735289 0.513 0.155759 9.98419E-05 9.98419E-05 9.98419E-05 9.98419E-05 9.98419E-05 0.255915 9.98419E-05
0.00268905 9.98507E-05 9.98507E-05 9.98507E-05 9.98507E-05 9.98507E-05 9.98507E-05 9.98507E-05 9.98507E-05 9.98507E-05 9.98507E-05 9.98507E-05 9.98507E-05 0.597206 0.00901315 9.98507E-05 9.98507E-05 9.98507E-05 9.98507E-05 9.98507E-05 0.375536 0.0138577
9.98422E-05 0.0912256 9.98422E-05 9.98422E-05 9.98422E-05 9.98422E-05 9.98422E-05 9.98422E-05 0.0365519 9.98422E-05 9.98422E-05 9.98422E-05 0.0615159 0.808909 9.98422E-05 9.98422E-05 9.98422E-05 9.98422E-05 9.98422E-05 9.98422E-05 9.98422E-05 9.98422E-05
9.98596E-05 9.98596E-05 9.98596E-05 0.0324403 9.98596E-05 9.98596E-05 9.98596E-05 9.98596E-05 0.0793579 9.98596E-05 9.98596E-05 9.98596E-05 0.0134784 0.618462 0.152607 9.98596E-05 9.98596E-05 9.98596E-05 9.98596E-05 9.98596E-05 0.102057 9.98596E-05
9.98155E-05 9.98155E-05 9.98155E-05 9.98155E-05 9.98155E-05 9.98155E-05 9.98155E-05 9.98155E-05 9.98155E-05 9.98155E-05 9.98155E-05 9.98155E-05 0.997904 9.98155E-05 9.98155E-05 9.98155E-05 9.98155E-05 9.98155E-05 9.98155E-05 9.98155E-05 9.98155E-05 9.98155E-05
9.98154E-05 9.98154E-05 9.98154E-05 9.98154E-05 9.98154E-05 9.98154E-05 9.98154E-05 9.98154E-05 9.98154E-05 9.98154E-05 9.98154E-05 9.98154E-05 9.98154E-05 9.98154E-05 0.997904 9.98154E-05 9.98154E-05 9.98154E-05 9.98154E-05 9.98154E-05 9.98154E-05 9.98154E-05
9.98155E-05 9.98155E-05 9.98155E-05 9.98155E-05 9.98155E-05 9.98155E-05 9.98155E-05 9.98155E-05 9.98155E-05 9.98155E-05 9.98155E-05 9.98155E-05 0.997904 9.98155E-05 9.98155E-05 9.98155E-05 9.98155E-05 9.98155E-05 9.98155E-05 9.98155E-05 9.98155E-05 9.98155E-05
9.98154E-05 9.98154E-05 9.98154E-05 9.98154E-05 9.98154E-05 9.98154E-05 9.98154E-05 9.98154E-05 9.98154E-05 9.98154E-05 9.98154E-05 9.98154E-05 9.98154E-05 9.98154E-05 0.997904 9.98154E-05 9.98154E-05 9.98154E-05 9.98154E-05 9.98154E-05 9.98154E-05 9.98154E-05
9.98155E-05 9.98155E-05 9.98155E-05 9.98155E-05 9.98155E-05 9.98155E-05 9.98155E-05 9.98155E-05 9.98155E-05 9.98155E-05 9.98155E-05 9.98155E-05 9.98155E-05 9.98155E-05 0.997904 9.98155E-05 9.98155E-05 9.98155E-05 9.98155E-05 9.98155E-05 9.98155E-05 9.98155E-05
9.98154E-05 9.98154E-05 9.98154E-05 9.98154E-05 9.98154E-05 9.98154E-05 9.98154E-05 9.98154E-05 9.98154E-05 9.98154E-05 9.98154E-05 9.98154E-05 9.98154E-05 9.98154E-05 0.997904 9.98154E-05 9.98154E-05 9.98154E-05 9.98154E-05 9.98154E-05 9.98154E-05 9.98154E-05
9.98154E-05 9.98154E-05 9.98154E-05 9.98154E-05 9.98154E-05 9.98154E-05 9.98154E-05 9.98154E-05 9.98154E-05 9.98154E-05 9.98154E-05 9.98154E-05 0.997904 9.98154E-05 9.98154E-05 9.98154E-05 9.98154E-05 9.98154E-05 9.98154E-05 9.98154E-05 9.98154E-05 9.98154E-05
9.98155E-05 9.98155E-05 9.98155E-05 9.98155E-05 9.98155E-05 9.98155E-05 9.98155E-05 9.98155E-05 9.98155E-05 9.98155E-05 9.98155E-05 9.98155E-05 9.98155E-05 9.98155E-05 0.997904 9.98155E-05 9.98155E-05 9.98155E-05 9.98155E-05 9.98155E-05 9.98155E-05 9.98155E-05
9.98155E-05 9.98155E-05 9.98155E-05 9.98155E-05 9.98155E-05 9.98155E-05 9.98155E-05 9.98155E-05 9.98155E-05 9.98155E-05 9.98155E-05 9.98155E-05 9.98155E-05 9.98155E-05 0.997904 9.98155E-05 9.98155E-05 9.98155E-05 9.98155E-05 9.98155E-05 9.98155E-05 9.98155E-05
9.98154E-05 9.98154E-05 9.98154E-05 9.98154E-05 9.98154E-05 9.98154E-05 9.98154E-05 9.98154E-05 9.98154E-05 9.98154E-05 9.98154E-05 9.98154E-05 0.997904 9.98154E-05 9.98154E-05 9.98154E-05 9.98154E-05 9.98154E-05 9.98154E-05 9.98154E-05 9.98154E-05 9.98154E-05
9.98155E-05 9.98155E-05 9.98155E-05 9.98155E-05 9.98155E-05 9.98155E-05 9.98155E-05 9.98155E-05 9.98155E-05 9.98155E-05 9.98155E-05 9.98155E-05 0.997904 9.98155E-05 9.98155E-05 9.98155E-05 9.98155E-05 9.98155E-05 9.98155E-05 9.98155E-05 9.98155E-05 9.98155E-05
9.98155E-05 9.98155E-05 9.98155E-05 9.98155E-05 9.98155E-05 9.98155E-05 9.98155E-05 9.98155E-05 9.98155E-05 9.98155E-05 9.98155E-05 9.98155E-05 0.997904 9.98155E-05 9.98155E-05 9.98155E-05 9.98155E-05 9.98155E-05 9.98155E-05 9.98155E-05 9.98155E-05 9.98155E-05
