9.99736E-05 0.093125 0.00384181 0.135387 9.99736E-05 0.0676083 0.204142 0.0886749 0.406921 9.99736E-05
9.99385E-05 9.99385E-05 9.99385E-05 0.0588626 9.99385E-05 9.99385E-05 9.99385E-05 0.191985 0.748452 9.99385E-05
9.99385E-05 9.99385E-05 0.0833939 9.99385E-05 9.99385E-05 9.99385E-05 0.0579198 9.99385E-05 0.857987 9.99385E-05
9.99649E-05 9.99649E-05 9.99649E-05 0.000492609 0.0442061 0.0604392 0.00396631 9.99649E-05 0.235258 0.655238
9.99385E-05 9.99385E-05 9.99385E-05 9.99385E-05 9.99385E-05 0.00638589 9.99385E-05 9.99385E-05 0.7561 0.236815
9.99737E-05 0.0197505 9.99737E-05 0.00961379 0.0618194 0.164617 9.99737E-05 0.0938212 0.307779 0.342299
0.0965175 9.99649E-05 9.99649E-05 0.146622 9.99649E-05 9.99649E-05 0.0697225 0.205918 0.271483 0.209338
0.136909 0.0400749 9.99649E-05 0.0565993 9.99649E-05 0.188109 9.99649E-05 9.99649E-05 0.233638 0.34427
9.99561E-05 9.99561E-05 0.0534168 9.99561E-05 9.99561E-05 0.261282 0.291866 9.99561E-05 0.280149 0.112786
9.99385E-05 0.0354353 9.99385E-05 9.99385E-05 9.99385E-05 9.99385E-05 0.110872 9.99385E-05 0.852993 9.99385E-05
9.99473E-05 9.99473E-05 9.99473E-05 0.150344 9.99473E-05 0.0712576 0.2176 9.99473E-05 0.560198 9.99473E-05
9.99473E-05 9.99473E-05 0.0739535 9.99473E-05 9.99473E-05 0.015335 9.99473E-05 9.99473E-05 0.893144 0.016968
9.99473E-05 9.99473E-05 9.99473E-05 0.0281174 9.99473E-05 0.0278837 0.117533 9.99473E-05 0.825866 9.99473E-05
0.0457863 9.99561E-05 9.99561E-05 0.0745408 0.160565 9.99561E-05 0.0861863 9.99561E-05 0.632422 9.99561E-05
9.99649E-05 9.99649E-05 9.99649E-05 9.99649E-05 0.0174992 0.181373 0.209589 0.0285193 0.390396 0.172223
0.0198897 9.99737E-05 9.99737E-05 0.013732 9.99737E-05 0.269732 0.150552 0.00629891 0.279392 0.260103
0.0579679 9.99737E-05 9.99737E-05 0.0472251 0.0513241 9.99737E-05 0.107845 0.0997111 0.609571 0.0260558
9.99649E-05 0.206674 0.106572 9.99649E-05 9.99649E-05 0.0777639 0.297818 9.99649E-05 0.284222 0.0265501
9.99736E-05 0.0507713 0.0528558 0.037497 9.99736E-05 0.182096 0.291498 9.99736E-05 0.326913 0.0580688
9.99297E-05 9.99297E-05 0.0363719 9.99297E-05 9.99297E-05 9.99297E-05 9.99297E-05 9.99297E-05 0.962829 9.99297E-05
9.99649E-05 9.99649E-05 0.00948382 0.0878392 9.99649E-05 0.096012 0.124403 9.99649E-05 0.413629 0.268233
9.99561E-05 9.99561E-05 9.99561E-05 0.00440571 9.99561E-05 0.203786 9.99561E-05 0.0521276 0.338314 0.400868
9.99473E-05 9.99473E-05 9.99473E-05 0.107532 9.99473E-05 0.0354717 0.174591 9.99473E-05 0.681806 9.99473E-05
0.142247 9.99473E-05 9.99473E-05 9.99473E-05 9.99473E-05 9.99473E-05 0.38431 9.99473E-05 0.401291 0.0715527
9.99736E-05 9.99736E-05 0.109043 0.0414871 0.124585 0.132577 0.308592 9.99736E-05 0.25674 0.0266753
9.99561E-05 9.99561E-05 9.99561E-05 9.99561E-05 0.0272411 0.0274145 0.17145 9.99561E-05 0.657118 0.116276
0.122508 0.128403 9.99912E-05 0.0292249 0.157509 0.0455009 0.255548 0.0747041 0.110895 0.0756066
9.99562E-05 9.99562E-05 0.0115929 0.0774789 9.99562E-05 9.99562E-05 0.07572 9.99562E-05 0.739724 0.0949847
9.99561E-05 9.99561E-05 0.00692645 0.0759143 0.0234679 9.99561E-05 0.306041 9.99561E-05 0.587151 9.99561E-05
9.99737E-05 0.00831312 0.0267575 9.99737E-05 0.0982259 0.0729215 0.059449 9.99737E-05 0.732532 0.00150153
9.99561E-05 9.99561E-05 0.0305809 0.134308 9.99561E-05 0.0486843 0.090875 9.99561E-05 0.695052 9.99561E-05
9.99649E-05 9.99649E-05 9.99649E-05 0.0951215 0.0980556 0.00851421 0.20548 9.99649E-05 0.513773 0.0786556
0.0785185 9.99561E-05 9.99561E-05 0.125987 9.99561E-05 0.0225042 0.170141 9.99561E-05 0.602349 9.99561E-05
0.0425128 0.0309018 9.99736E-05 0.0242306 0.0911156 9.99736E-05 0.209215 9.99736E-05 0.523651 0.0780737
9.99474E-05 9.99474E-05 0.15015 0.0324763 9.99474E-05 9.99474E-05 9.99474E-05 0.0370534 0.77972 9.99474E-05
9.99561E-05 9.99561E-05 9.99561E-05 0.00498658 9.99561E-05 0.0218287 0.0807685 9.99561E-05 0.703841 0.188075
0.0972093 9.99473E-05 9.99473E-05 0.0250881 9.99473E-05 9.99473E-05 9.99473E-05 0.0290314 0.848071 9.99473E-05
9.99561E-05 9.99561E-05 0.0563873 9.99561E-05 9.99561E-05 0.158058 0.0652079 0.0169933 0.702853 9.99561E-05
9.99737E-05 9.99737E-05 9.99737E-05 0.0584093 0.07828 0.0119614 0.167627 0.0575183 0.516431 0.109472
0.172428 9.99473E-05 9.99473E-05 9.99473E-05 0.103816 9.99473E-05 0.157465 9.99473E-05 0.565692 9.99473E-05
9.99561E-05 9.99561E-05 9.99561E-05 0.089518 9.99561E-05 0.0291785 0.0765543 9.99561E-05 0.758213 0.0460366
9.99649E-05 9.99649E-05 9.99649E-05 0.00151722 9.99649E-05 0.00689661 0.235371 0.0502592 0.616115 0.0894407
9.99473E-05 9.99473E-05 9.99473E-05 9.99473E-05 0.0242091 9.99473E-05 9.99473E-05 0.0706704 0.875131 0.0293899
9.99561E-05 9.99561E-05 9.99561E-05 0.0973471 9.99561E-05 0.0937294 0.324663 9.99561E-05 0.44078 0.0429804
9.99474E-05 9.99474E-05 9.99474E-05 0.0195607 9.99474E-05 9.99474E-05 0.272115 9.99474E-05 0.281328 0.426397
9.99473E-05 9.99473E-05 0.0606144 9.99473E-05 9.99473E-05 9.99473E-05 0.0496126 9.99473E-05 0.837687 0.0514864
9.99473E-05 0.127313 9.99473E-05 9.99473E-05 9.99473E-05 0.0086403 0.0586202 9.99473E-05 0.804827 9.99473E-05
0.00647175 9.99385E-05 9.99385E-05 9.99385E-05 9.99385E-05 9.99385E-05 0.0325586 9.99385E-05 0.96027 9.99385E-05
9.99473E-05 9.99473E-05 9.99473E-05 0.0564246 9.99473E-05 9.99473E-05 0.129481 9.99473E-05 0.614713 0.198782
0.140802 0.0410025 0.0345865 0.0498292 9.99737E-05 0.0179985 9.99737E-05 0.00439679 0.711084 9.99737E-05
9.99649E-05 9.99649E-05 9.99649E-05 0.131542 0.0661374 0.0737797 0.301647 9.99649E-05 0.296376 0.130118
9.99561E-05 9.99561E-05 0.111319 9.99561E-05 9.99561E-05 0.0259376 0.00506705 9.99561E-05 0.654211 0.202965
9.99385E-05 0.0662753 9.99385E-05 9.99385E-05 9.99385E-05 9.99385E-05 0.0700949 9.99385E-05 0.86293 9.99385E-05
0.178847 9.99737E-05 0.0107023 0.00360684 9.99737E-05 0.0328767 0.104526 9.99737E-05 0.582498 0.0866428
0.00694102 9.99561E-05 0.00196169 9.99561E-05 9.99561E-05 9.99561E-05 0.103021 9.99561E-05 0.771608 0.115968
9.99561E-05 9.99561E-05 0.000337246 0.0616409 0.0695223 9.99561E-05 9.99561E-05 9.99561E-05 0.743384 0.124616
9.99649E-05 0.070862 9.99649E-05 9.99649E-05 9.99649E-05 0.018442 0.0326133 0.0956415 0.727429 0.0546123
9.99561E-05 9.99561E-05 0.0291101 0.00996692 9.99561E-05 9.99561E-05 0.0747203 9.99561E-05 0.774863 0.11084
9.99648E-05 9.99648E-05 9.99648E-05 0.0502941 9.99648E-05 0.0264706 0.0202539 0.0127148 0.8511 0.038767
0.0437343 0.0734561 9.99737E-05 0.0860261 9.99737E-05 0.0689782 0.340694 0.293783 0.0930281 9.99737E-05
0.128592 9.99562E-05 9.99562E-05 9.99562E-05 9.99562E-05 9.99562E-05 0.149757 0.289597 0.324973 0.106581
0.0330334 0.177831 9.99561E-05 0.0362845 9.99561E-05 9.99561E-05 9.99561E-05 0.396517 0.355834 9.99561E-05
0.00961049 0.0880041 9.99737E-05 0.0268493 0.145039 0.0904816 0.180158 0.459558 9.99737E-05 9.99737E-05
0.00320084 0.159703 0.0462876 0.096104 9.99912E-05 0.112441 0.172087 0.149612 0.0955571 0.164908
9.99561E-05 0.00537466 9.99561E-05 0.172036 9.99561E-05 0.0851824 0.407879 0.329028 9.99561E-05 9.99561E-05
0.000805875 0.0339554 9.99736E-05 0.111865 9.99736E-05 9.99736E-05 0.272685 0.53142 0.02023 0.0287393
9.99561E-05 0.283009 9.99561E-05 0.0172081 9.99561E-05 0.0674406 0.209667 0.422175 9.99561E-05 9.99561E-05
0.104633 9.99474E-05 9.99474E-05 9.99474E-05 9.99474E-05 9.99474E-05 0.198294 0.49063 0.205843 9.99474E-05
9.99649E-05 0.0369755 9.99649E-05 0.146622 9.99649E-05 9.99649E-05 0.223271 0.262139 0.289298 0.0412948
9.99561E-05 0.00919958 9.99561E-05 0.285488 9.99561E-05 0.0751395 0.553506 0.076167 9.99561E-05 9.99561E-05
0.188457 9.99561E-05 9.99561E-05 0.111981 9.99561E-05 9.99561E-05 0.205521 0.339991 9.99561E-05 0.153551
0.117753 9.99736E-05 9.99736E-05 0.170345 0.0041802 0.164332 0.116087 0.253306 9.99736E-05 0.173697
0.18125 9.99649E-05 9.99649E-05 9.99649E-05 9.99649E-05 0.000608897 0.411168 0.329034 0.0124413 0.0650977
0.145402 9.9965E-05 9.9965E-05 0.07221 0.0870588 9.9965E-05 0.1142 0.306218 0.274511 9.9965E-05
9.99649E-05 9.99649E-05 9.99649E-05 0.113082 9.99649E-05 0.0408561 0.19893 0.332095 0.262965 0.0516716
0.100834 0.137046 9.99649E-05 9.99649E-05 9.99649E-05 0.00904706 0.246935 0.304972 9.99649E-05 0.200766
0.0199584 0.0579599 9.99825E-05 0.197169 9.99825E-05 0.117648 0.153733 0.0739603 0.121651 0.257721
9.99737E-05 0.172961 9.99737E-05 0.0923495 9.99737E-05 0.0372681 0.260296 0.206273 0.220545 0.0100077
0.197551 0.0466877 9.99561E-05 0.0908617 9.99561E-05 9.99561E-05 0.479534 0.184866 9.99561E-05 9.99561E-05
9.9965E-05 0.0497538 9.9965E-05 0.0376239 9.9965E-05 9.9965E-05 0.142941 0.307976 0.372737 0.0885687
0.0836724 0.0518497 9.99824E-05 0.0100054 9.99824E-05 0.0480979 0.333307 0.373896 0.0382324 0.0607392
0.00814346 0.04409 0.0412027 0.0406646 0.239261 9.99824E-05 0.208965 0.268794 0.148679 9.99824E-05
0.0126965 0.18144 9.99737E-05 9.99737E-05 9.99737E-05 0.0910708 0.093653 0.101731 0.157569 0.36154
9.99649E-05 9.99649E-05 9.99649E-05 0.326623 0.0334806 0.0702654 0.289585 9.99649E-05 0.213922 0.065724
9.99737E-05 9.99737E-05 0.00040607 0.0520997 0.000292871 0.0555869 0.179073 0.352999 0.359242 9.99737E-05
0.0682936 0.108237 9.99737E-05 9.99737E-05 0.0302954 0.00605909 0.102983 0.286546 0.397285 9.99737E-05
0.0985904 0.0319865 0.0153445 9.99737E-05 9.99737E-05 9.99737E-05 0.171867 0.428007 0.230918 0.0229861
9.99561E-05 0.248889 9.99561E-05 9.99561E-05 9.99561E-05 0.0689735 0.297449 0.0839102 0.300279 9.99561E-05
0.00496584 9.9965E-05 9.9965E-05 9.9965E-05 0.0725583 0.126428 0.275876 0.250081 0.269691 9.9965E-05
9.99385E-05 9.99385E-05 9.99385E-05 9.99385E-05 0.554094 0.20138 0.243827 9.99385E-05 9.99385E-05 9.99385E-05
9.99474E-05 9.99474E-05 9.99474E-05 9.99474E-05 0.888655 0.0242274 0.0630993 9.99474E-05 0.0234187 9.99474E-05
9.99473E-05 9.99473E-05 9.99473E-05 0.0813916 0.69289 9.99473E-05 0.185939 9.99473E-05 9.99473E-05 0.0391793
9.99648E-05 0.0115886 0.0339731 0.0428954 0.491361 0.117546 0.302236 9.99648E-05 9.99648E-05 9.99648E-05
9.9956E-05 0.0411538 0.0619385 9.9956E-05 0.58394 0.203854 0.108614 9.9956E-05 9.9956E-05 9.9956E-05
9.99561E-05 9.99561E-05 9.99561E-05 9.99561E-05 0.525472 0.204489 0.174473 0.0845379 9.99561E-05 0.0105286
9.99649E-05 0.118375 9.99649E-05 0.0642993 0.510229 0.11338 0.144142 9.99649E-05 9.99649E-05 0.0491733
9.99385E-05 9.99385E-05 9.99385E-05 9.99385E-05 0.568744 0.340348 0.0902089 9.99385E-05 9.99385E-05 9.99385E-05
9.9956E-05 9.9956E-05 9.9956E-05 0.0253491 0.126109 0.38254 0.108158 0.357343 9.9956E-05 9.9956E-05
9.99473E-05 0.0315901 9.99473E-05 9.99473E-05 0.41073 0.252646 0.304435 9.99473E-05 9.99473E-05 9.99473E-05
9.99473E-05 9.99473E-05 9.99473E-05 9.99473E-05 0.667767 0.0341196 0.00514884 0.292364 9.99473E-05 9.99473E-05
9.99473E-05 9.99473E-05 9.99473E-05 0.0418243 0.684523 9.99473E-05 0.123956 0.149097 9.99473E-05 9.99473E-05
9.99385E-05 9.99385E-05 9.99385E-05 0.0446082 0.771824 0.182868 9.99385E-05 9.99385E-05 9.99385E-05 9.99385E-05
9.99385E-05 9.99385E-05 9.99385E-05 9.99385E-05 0.567215 0.177161 0.254924 9.99385E-05 9.99385E-05 9.99385E-05
9.99648E-05 0.182515 0.010159 0.039233 0.642553 0.0871875 0.0379529 9.99648E-05 9.99648E-05 9.99648E-05
0.0768497 9.99648E-05 9.99648E-05 0.0308924 0.514009 0.0507217 0.195461 0.131667 9.99648E-05 9.99648E-05
9.9956E-05 9.9956E-05 0.0761764 9.9956E-05 0.592342 0.0441738 0.153921 0.132888 9.9956E-05 9.9956E-05
0.0216947 9.99561E-05 9.99561E-05 0.0523451 0.632412 0.192161 9.99561E-05 9.99561E-05 9.99561E-05 0.100887
9.99473E-05 9.99473E-05 0.0132724 0.115374 0.752469 0.118284 9.99473E-05 9.99473E-05 9.99473E-05 9.99473E-05
9.99561E-05 9.99561E-05 0.143333 0.0262542 0.539467 0.172117 0.118329 9.99561E-05 9.99561E-05 9.99561E-05
9.9956E-05 9.9956E-05 9.9956E-05 9.9956E-05 0.585187 0.0894155 0.143754 0.0917718 9.9956E-05 0.0893711
9.9956E-05 0.0776882 9.9956E-05 0.00730156 0.596786 0.0888915 0.228833 9.9956E-05 9.9956E-05 9.9956E-05
9.99649E-05 9.99649E-05 0.0952113 9.99649E-05 0.275318 0.27927 0.259999 0.00891362 9.99649E-05 0.0808887
9.99473E-05 9.99473E-05 0.0469609 9.99473E-05 0.655964 0.1562 0.140275 9.99473E-05 9.99473E-05 9.99473E-05
9.99473E-05 9.99473E-05 0.15293 9.99473E-05 0.246886 0.314575 0.285009 9.99473E-05 9.99473E-05 9.99473E-05
9.99474E-05 9.99474E-05 9.99474E-05 9.99474E-05 0.526472 0.159541 0.201445 0.111942 9.99474E-05 9.99474E-05
9.99474E-05 9.99474E-05 0.0593322 9.99474E-05 0.821321 9.99474E-05 0.0652028 9.99474E-05 0.0535439 9.99474E-05
9.99648E-05 9.99648E-05 0.0495159 0.0193425 0.462007 0.13653 0.188802 9.99648E-05 9.99648E-05 0.143403
9.99386E-05 9.99386E-05 9.99386E-05 9.99386E-05 0.381198 0.415219 0.202883 9.99386E-05 9.99386E-05 9.99386E-05
9.99561E-05 9.99561E-05 0.0748701 0.0596613 0.612424 0.0633873 0.189158 9.99561E-05 9.99561E-05 9.99561E-05
9.99473E-05 9.99473E-05 9.99473E-05 0.0695928 0.55645 0.0871072 0.286251 9.99473E-05 9.99473E-05 9.99473E-05
0.100639 9.9956E-05 0.0406463 0.00145791 0.765061 9.9956E-05 0.0916959 9.9956E-05 9.9956E-05 9.9956E-05
9.9956E-05 9.9956E-05 0.231149 0.0251269 0.271962 0.323564 0.147698 9.9956E-05 9.9956E-05 9.9956E-05
9.9956E-05 9.9956E-05 0.0523467 0.0117721 0.546425 0.13458 0.254377 9.9956E-05 9.9956E-05 9.9956E-05
9.99473E-05 0.0735815 9.99473E-05 9.99473E-05 0.728433 0.0595053 0.13788 9.99473E-05 9.99473E-05 9.99473E-05
0.108543 9.99648E-05 0.0192969 0.014508 0.673138 0.142769 9.99648E-05 0.0413455 9.99648E-05 9.99648E-05
9.9956E-05 0.0547833 9.9956E-05 0.0473574 0.442466 0.186027 0.268867 9.9956E-05 9.9956E-05 9.9956E-05
9.99298E-05 9.99298E-05 9.99298E-05 9.99298E-05 0.92478 0.0744205 9.99298E-05 9.99298E-05 9.99298E-05 9.99298E-05
9.99561E-05 9.99561E-05 0.0135541 0.00719544 0.803964 0.0165801 0.158207 9.99561E-05 9.99561E-05 9.99561E-05
9.99298E-05 9.99298E-05 9.99298E-05 9.99298E-05 0.946633 0.0525681 9.99298E-05 9.99298E-05 9.99298E-05 9.99298E-05
9.99386E-05 9.99386E-05 9.99386E-05 9.99386E-05 0.895167 0.0313806 9.99386E-05 0.0727526 9.99386E-05 9.99386E-05
9.99736E-05 9.99736E-05 0.0061515 0.00439803 0.291499 0.150558 0.459151 0.0795979 9.99736E-05 0.00834421
0.0609298 0.0377903 9.99648E-05 9.99648E-05 0.599864 0.205466 0.0759719 9.99648E-05 9.99648E-05 0.0195773
9.99562E-05 9.99562E-05 0.0021128 9.99562E-05 0.807148 0.0942227 0.0317982 0.0642185 9.99562E-05 9.99562E-05
9.99299E-05 9.99299E-05 9.99299E-05 9.99299E-05 0.9521 9.99299E-05 0.0471009 9.99299E-05 9.99299E-05 9.99299E-05
0.0105282 0.0373045 0.0923853 0.0483103 0.202107 0.29302 0.111217 0.204928 9.99824E-05 9.99824E-05
9.99589E-05 0.0731719 9.99589E-05 0.0387804 0.453683 0.180149 0.253715 9.99589E-05 9.99589E-05 9.99589E-05
0.0873543 0.0350877 0.0587379 9.99737E-05 0.382742 0.176935 0.105435 0.153407 9.99737E-05 9.99737E-05
9.99561E-05 9.99561E-05 0.0817259 0.0726222 0.268416 0.303233 0.273503 9.99561E-05 9.99561E-05 9.99561E-05
9.99386E-05 9.99386E-05 0.00976675 9.99386E-05 0.983729 9.99386E-05 0.00580473 9.99386E-05 9.99386E-05 9.99386E-05
0.160849 9.99648E-05 9.99648E-05 0.026876 0.359537 0.0212114 0.292023 9.99648E-05 9.99648E-05 0.139104
9.99386E-05 9.99386E-05 9.99386E-05 9.99386E-05 0.851464 0.102025 9.99386E-05 0.0458118 9.99386E-05 9.99386E-05
9.99473E-05 9.99473E-05 9.99473E-05 0.0888071 0.648937 0.0795651 0.182091 9.99473E-05 9.99473E-05 9.99473E-05
0.129232 9.99473E-05 9.99473E-05 9.99473E-05 0.656909 0.149404 9.99473E-05 0.0638544 9.99473E-05 9.99473E-05
0.0162081 0.041428 0.00652566 0.0792515 0.694002 0.0241988 0.138086 9.99736E-05 9.99736E-05 9.99736E-05
9.99473E-05 9.99473E-05 9.99473E-05 9.99473E-05 0.215818 0.320783 0.239412 0.223387 9.99473E-05 9.99473E-05
9.99385E-05 9.99385E-05 9.99385E-05 9.99385E-05 0.635608 0.203201 0.160491 9.99385E-05 9.99385E-05 9.99385E-05
0.0391296 9.99648E-05 0.107806 0.052869 0.637889 0.106524 0.0553832 9.99648E-05 9.99648E-05 9.99648E-05
0.00478121 9.99561E-05 0.195469 0.00433337 0.677917 9.99561E-05 0.117 9.99561E-05 9.99561E-05 9.99561E-05
9.99473E-05 9.99473E-05 9.99473E-05 9.99473E-05 0.723994 0.183962 0.0627273 0.0287178 9.99473E-05 9.99473E-05
9.99207E-05 9.99207E-05 9.99207E-05 9.99207E-05 9.99207E-05 9.99207E-05 0.999101 9.99207E-05 9.99207E-05 9.99207E-05
9.99208E-05 9.99208E-05 9.99208E-05 9.99208E-05 9.99208E-05 0.999101 9.99208E-05 9.99208E-05 9.99208E-05 9.99208E-05
9.99208E-05 9.99208E-05 9.99208E-05 9.99208E-05 9.99208E-05 9.99208E-05 0.999101 9.99208E-05 9.99208E-05 9.99208E-05
9.99208E-05 9.99208E-05 9.99208E-05 9.99208E-05 9.99208E-05 0.999101 9.99208E-05 9.99208E-05 9.99208E-05 9.99208E-05
9.99208E-05 9.99208E-05 9.99208E-05 9.99208E-05 9.99208E-05 0.999101 9.99208E-05 9.99208E-05 9.99208E-05 9.99208E-05
9.99208E-05 9.99208E-05 9.99208E-05 9.99208E-05 9.99208E-05 0.999101 9.99208E-05 9.99208E-05 9.99208E-05 9.99208E-05
9.99208E-05 9.99208E-05 9.99208E-05 9.99208E-05 9.99208E-05 9.99208E-05 0.999101 9.99208E-05 9.99208E-05 9.99208E-05
9.99208E-05 9.99208E-05 9.99208E-05 9.99208E-05 9.99208E-05 0.999101 9.99208E-05 9.99208E-05 9.99208E-05 9.99208E-05
9.99208E-05 9.99208E-05 9.99208E-05 9.99208E-05 9.99208E-05 0.999101 9.99208E-05 9.99208E-05 9.99208E-05 9.99208E-05
9.99208E-05 9.99208E-05 9.99208E-05 9.99208E-05 9.99208E-05 9.99208E-05 0.999101 9.99208E-05 9.99208E-05 9.99208E-05
9.99208E-05 9.99208E-05 9.99208E-05 9.99208E-05 9.99208E-05 9.99208E-05 0.999101 9.99208E-05 9.99208E-05 9.99208E-05
9.99208E-05 9.99208E-05 9.99208E-05 9.99208E-05 9.99208E-05 9.99208E-05 0.999101 9.99208E-05 9.99208E-05 9.99208E-05
9.99208E-05 9.99208E-05 9.99208E-05 9.99208E-05 9.99208E-05 0.999101 9.99208E-05 9.99208E-05 9.99208E-05 9.99208E-05
9.99208E-05 9.99208E-05 9.99208E-05 9.99208E-05 9.99208E-05 0.999101 9.99208E-05 9.99208E-05 9.99208E-05 9.99208E-05
9.99207E-05 9.99207E-05 9.99207E-05 9.99207E-05 9.99207E-05 9.99207E-05 0.999101 9.99207E-05 9.99207E-05 9.99207E-05
9.99207E-05 9.99207E-05 9.99207E-05 9.99207E-05 9.99207E-05 9.99207E-05 0.999101 9.99207E-05 9.99207E-05 9.99207E-05
0.0694101 9.99648E-05 0.0826998 9.99648E-05 0.339881 0.132271 0.201878 9.99648E-05 9.99648E-05 0.17346
9.99208E-05 9.99208E-05 9.99208E-05 9.99208E-05 9.99208E-05 9.99208E-05 0.999101 9.99208E-05 9.99208E-05 9.99208E-05
9.99209E-05 9.99209E-05 9.99209E-05 9.99209E-05 9.99209E-05 0.999101 9.99209E-05 9.99209E-05 9.99209E-05 9.99209E-05
9.99207E-05 9.99207E-05 9.99207E-05 9.99207E-05 9.99207E-05 9.99207E-05 0.999101 9.99207E-05 9.99207E-05 9.99207E-05
9.99208E-05 9.99208E-05 9.99208E-05 9.99208E-05 9.99208E-05 9.99208E-05 0.999101 9.99208E-05 9.99208E-05 9.99208E-05
9.99208E-05 9.99208E-05 9.99208E-05 9.99208E-05 9.99208E-05 9.99208E-05 0.999101 9.99208E-05 9.99208E-05 9.99208E-05
9.99208E-05 9.99208E-05 9.99208E-05 9.99208E-05 9.99208E-05 0.999101 9.99208E-05 9.99208E-05 9.99208E-05 9.99208E-05
9.99208E-05 9.99208E-05 9.99208E-05 9.99208E-05 9.99208E-05 9.99208E-05 0.999101 9.99208E-05 9.99208E-05 9.99208E-05
9.99208E-05 9.99208E-05 9.99208E-05 9.99208E-05 9.99208E-05 0.999101 9.99208E-05 9.99208E-05 9.99208E-05 9.99208E-05
9.99208E-05 9.99208E-05 9.99208E-05 9.99208E-05 9.99208E-05 9.99208E-05 0.999101 9.99208E-05 9.99208E-05 9.99208E-05
9.99208E-05 9.99208E-05 9.99208E-05 9.99208E-05 9.99208E-05 9.99208E-05 0.999101 9.99208E-05 9.99208E-05 9.99208E-05
9.99208E-05 9.99208E-05 9.99208E-05 9.99208E-05 9.99208E-05 0.999101 9.99208E-05 9.99208E-05 9.99208E-05 9.99208E-05
9.99207E-05 9.99207E-05 9.99207E-05 9.99207E-05 9.99207E-05 0.999101 9.99207E-05 9.99207E-05 9.99207E-05 9.99207E-05
9.99208E-05 9.99208E-05 9.99208E-05 9.99208E-05 9.99208E-05 0.999101 9.99208E-05 9.99208E-05 9.99208E-05 9.99208E-05
9.99208E-05 9.99208E-05 9.99208E-05 9.99208E-05 9.99208E-05 9.99208E-05 0.999101 9.99208E-05 9.99208E-05 9.99208E-05
9.99207E-05 9.99207E-05 9.99207E-05 9.99207E-05 9.99207E-05 9.99207E-05 0.999101 9.99207E-05 9.99207E-05 9.99207E-05
9.99208E-05 9.99208E-05 9.99208E-05 9.99208E-05 9.99208E-05 9.99208E-05 0.999101 9.99208E-05 9.99208E-05 9.99208E-05
9.99208E-05 9.99208E-05 9.99208E-05 9.99208E-05 9.99208E-05 9.99208E-05 0.999101 9.99208E-05 9.99208E-05 9.99208E-05
9.99207E-05 9.99207E-05 9.99207E-05 9.99207E-05 9.99207E-05 9.99207E-05 0.999101 9.99207E-05 9.99207E-05 9.99207E-05
9.99208E-05 9.99208E-05 9.99208E-05 9.99208E-05 9.99208E-05 0.999101 9.99208E-05 9.99208E-05 9.99208E-05 9.99208E-05
9.99208E-05 9.99208E-05 9.99208E-05 9.99208E-05 9.99208E-05 0.999101 9.99208E-05 9.99208E-05 9.99208E-05 9.99208E-05
9.99208E-05 9.99208E-05 9.99208E-05 9.99208E-05 9.99208E-05 0.999101 9.99208E-05 9.99208E-05 9.99208E-05 9.99208E-05
9.99207E-05 9.99207E-05 9.99207E-05 9.99207E-05 9.99207E-05 9.99207E-05 0.999101 9.99207E-05 9.99207E-05 9.99207E-05
9.99208E-05 9.99208E-05 9.99208E-05 9.99208E-05 9.99208E-05 0.999101 9.99208E-05 9.99208E-05 9.99208E-05 9.99208E-05
9.99208E-05 9.99208E-05 9.99208E-05 9.99208E-05 9.99208E-05 0.999101 9.99208E-05 9.99208E-05 9.99208E-05 9.99208E-05
9.99208E-05 9.99208E-05 9.99208E-05 9.99208E-05 9.99208E-05 0.999101 9.99208E-05 9.99208E-05 9.99208E-05 9.99208E-05
9.99208E-05 9.99208E-05 9.99208E-05 9.99208E-05 9.99208E-05 0.999101 9.99208E-05 9.99208E-05 9.99208E-05 9.99208E-05
9.99207E-05 9.99207E-05 9.99207E-05 9.99207E-05 9.99207E-05 9.99207E-05 0.999101 9.99207E-05 9.99207E-05 9.99207E-05
9.99208E-05 9.99208E-05 9.99208E-05 9.99208E-05 9.99208E-05 0.999101 9.99208E-05 9.99208E-05 9.99208E-05 9.99208E-05
9.99208E-05 9.99208E-05 9.99208E-05 9.99208E-05 9.99208E-05 0.999101 9.99208E-05 9.99208E-05 9.99208E-05 9.99208E-05
0.117052 9.99736E-05 0.0788744 9.99736E-05 0.348408 0.0869247 0.224274 0.00774912 9.99736E-05 0.136418
9.99207E-05 9.99207E-05 9.99207E-05 9.99207E-05 9.99207E-05 9.99207E-05 0.999101 9.99207E-05 9.99207E-05 9.99207E-05
9.99208E-05 9.99208E-05 9.99208E-05 9.99208E-05 9.99208E-05 0.999101 9.99208E-05 9.99208E-05 9.99208E-05 9.99208E-05
9.99208E-05 9.99208E-05 9.99208E-05 9.99208E-05 9.99208E-05 0.999101 9.99208E-05 9.99208E-05 9.99208E-05 9.99208E-05
9.99208E-05 9.99208E-05 9.99208E-05 9.99208E-05 9.99208E-05 0.999101 9.99208E-05 9.99208E-05 9.99208E-05 9.99208E-05
9.99208E-05 9.99208E-05 9.99208E-05 9.99208E-05 9.99208E-05 0.999101 9.99208E-05 9.99208E-05 9.99208E-05 9.99208E-05
9.99207E-05 9.99207E-05 9.99207E-05 9.99207E-05 9.99207E-05 9.99207E-05 0.999101 9.99207E-05 9.99207E-05 9.99207E-05
9.99208E-05 9.99208E-05 9.99208E-05 9.99208E-05 9.99208E-05 0.999101 9.99208E-05 9.99208E-05 9.99208E-05 9.99208E-05
9.99207E-05 9.99207E-05 9.99207E-05 9.99207E-05 9.99207E-05 9.99207E-05 0.999101 9.99207E-05 9.99207E-05 9.99207E-05
9.99208E-05 9.99208E-05 9.99208E-05 9.99208E-05 9.99208E-05 0.999101 9.99208E-05 9.99208E-05 9.99208E-05 9.99208E-05
9.99208E-05 9.99208E-05 9.99208E-05 9.99208E-05 9.99208E-05 9.99208E-05 0.999101 9.99208E-05 9.99208E-05 9.99208E-05
9.99297E-05 9.99297E-05 9.99297E-05 9.99297E-05 9.99297E-05 0.95804 0.0411605 9.99297E-05 9.99297E-05 9.99297E-05
9.99208E-05 9.99208E-05 9.99208E-05 9.99208E-05 9.99208E-05 0.999101 9.99208E-05 9.99208E-05 9.99208E-05 9.99208E-05
9.99208E-05 9.99208E-05 9.99208E-05 9.99208E-05 9.99208E-05 0.999101 9.99208E-05 9.99208E-05 9.99208E-05 9.99208E-05
9.99208E-05 9.99208E-05 9.99208E-05 9.99208E-05 9.99208E-05 0.999101 9.99208E-05 9.99208E-05 9.99208E-05 9.99208E-05
9.99208E-05 9.99208E-05 9.99208E-05 9.99208E-05 9.99208E-05 0.999101 9.99208E-05 9.99208E-05 9.99208E-05 9.99208E-05
9.99208E-05 9.99208E-05 9.99208E-05 9.99208E-05 9.99208E-05 0.999101 9.99208E-05 9.99208E-05 9.99208E-05 9.99208E-05
9.99208E-05 9.99208E-05 9.99208E-05 9.99208E-05 9.99208E-05 9.99208E-05 0.999101 9.99208E-05 9.99208E-05 9.99208E-05
9.99207E-05 9.99207E-05 9.99207E-05 9.99207E-05 9.99207E-05 9.99207E-05 0.999101 9.99207E-05 9.99207E-05 9.99207E-05
9.99208E-05 9.99208E-05 9.99208E-05 9.99208E-05 9.99208E-05 9.99208E-05 0.999101 9.99208E-05 9.99208E-05 9.99208E-05
9.99208E-05 9.99208E-05 9.99208E-05 9.99208E-05 9.99208E-05 0.999101 9.99208E-05 9.99208E-05 9.99208E-05 9.99208E-05
9.99207E-05 9.99207E-05 9.99207E-05 9.99207E-05 9.99207E-05 9.99207E-05 0.999101 9.99207E-05 9.99207E-05 9.99207E-05
9.99296E-05 9.99296E-05 9.99296E-05 9.99296E-05 9.99296E-05 0.00967252 0.989528 9.99296E-05 9.99296E-05 9.99296E-05
9.99207E-05 9.99207E-05 9.99207E-05 9.99207E-05 9.99207E-05 9.99207E-05 0.999101 9.99207E-05 9.99207E-05 9.99207E-05
9.99207E-05 9.99207E-05 9.99207E-05 9.99207E-05 9.99207E-05 0.999101 9.99207E-05 9.99207E-05 9.99207E-05 9.99207E-05
9.99208E-05 9.99208E-05 9.99208E-05 9.99208E-05 9.99208E-05 0.999101 9.99208E-05 9.99208E-05 9.99208E-05 9.99208E-05
9.99208E-05 9.99208E-05 9.99208E-05 9.99208E-05 9.99208E-05 0.999101 9.99208E-05 9.99208E-05 9.99208E-05 9.99208E-05
9.99207E-05 9.99207E-05 9.99207E-05 9.99207E-05 9.99207E-05 9.99207E-05 0.999101 9.99207E-05 9.99207E-05 9.99207E-05
9.99208E-05 9.99208E-05 9.99208E-05 9.99208E-05 9.99208E-05 0.999101 9.99208E-05 9.99208E-05 9.99208E-05 9.99208E-05
9.99208E-05 9.99208E-05 9.99208E-05 9.99208E-05 9.99208E-05 0.999101 9.99208E-05 9.99208E-05 9.99208E-05 9.99208E-05
9.99207E-05 9.99207E-05 9.99207E-05 9.99207E-05 9.99207E-05 9.99207E-05 0.999101 9.99207E-05 9.99207E-05 9.99207E-05
9.99208E-05 9.99208E-05 9.99208E-05 9.99208E-05 9.99208E-05 0.999101 9.99208E-05 9.99208E-05 9.99208E-05 9.99208E-05
9.99208E-05 9.99208E-05 9.99208E-05 9.99208E-05 9.99208E-05 0.999101 9.99208E-05 9.99208E-05 9.99208E-05 9.99208E-05
9.99648E-05 0.0594966 9.99648E-05 0.231667 0.211981 0.126754 0.351032 0.0186695 9.99648E-05 9.99648E-05
9.99208E-05 9.99208E-05 9.99208E-05 9.99208E-05 9.99208E-05 9.99208E-05 0.999101 9.99208E-05 9.99208E-05 9.99208E-05
9.99208E-05 9.99208E-05 9.99208E-05 9.99208E-05 9.99208E-05 0.999101 9.99208E-05 9.99208E-05 9.99208E-05 9.99208E-05
0.0993231 0.0599795 9.99649E-05 0.00371661 0.332223 0.477893 0.0264652 9.99649E-05 9.99649E-05 9.99649E-05
9.99561E-05 9.99561E-05 0.0612889 9.99561E-05 0.34079 0.310706 0.220588 9.99561E-05 9.99561E-05 0.0661268
9.99561E-05 9.99561E-05 0.0187541 9.99561E-05 0.345416 0.221267 0.367191 9.99561E-05 9.99561E-05 0.0468713
0.0701248 0.0696396 0.0445038 9.9956E-05 0.603536 9.9956E-05 0.211696 9.9956E-05 9.9956E-05 9.9956E-05
9.9956E-05 9.9956E-05 0.0527273 9.9956E-05 0.161643 0.281178 0.361215 0.142737 9.9956E-05 9.9956E-05
9.99562E-05 9.99562E-05 9.99562E-05 9.99562E-05 0.810995 0.132686 0.0103095 0.00397462 0.0415346 9.99562E-05
9.99561E-05 9.99561E-05 0.0457937 9.99561E-05 0.331476 0.35459 0.175189 9.99561E-05 9.99561E-05 0.0924517
9.99736E-05 0.0553201 0.0103054 0.0689083 0.505921 0.227618 0.0961643 9.99736E-05 9.99736E-05 0.0354631
9.99474E-05 9.99474E-05 0.0110982 9.99474E-05 0.738752 0.213072 0.0364784 9.99474E-05 9.99474E-05 9.99474E-05
9.99472E-05 9.99472E-05 0.00303238 9.99472E-05 0.622251 9.99472E-05 0.214956 9.99472E-05 9.99472E-05 0.159161
9.99473E-05 9.99473E-05 9.99473E-05 0.120378 0.615966 0.0568374 0.206219 9.99473E-05 9.99473E-05 9.99473E-05
9.99472E-05 9.99472E-05 9.99472E-05 9.99472E-05 0.313586 0.520129 0.136547 9.99472E-05 9.99472E-05 0.0291384
0.0629514 0.0917055 9.99649E-05 9.99649E-05 0.19175 0.284406 0.363181 0.0056064 9.99649E-05 9.99649E-05
9.9956E-05 0.131936 0.00738694 9.9956E-05 0.689837 0.112794 0.0575464 9.9956E-05 9.9956E-05 9.9956E-05
9.99472E-05 9.99472E-05 9.99472E-05 0.0596826 0.477566 0.165109 0.297043 9.99472E-05 9.99472E-05 9.99472E-05
9.99648E-05 9.99648E-05 9.99648E-05 0.0701501 0.320464 0.250894 0.159571 0.147617 9.99648E-05 0.0509028
9.99561E-05 9.99561E-05 0.0151891 9.99561E-05 0.673293 0.202657 0.106392 0.00196937 9.99561E-05 9.99561E-05
0.0455357 9.99561E-05 9.99561E-05 0.0650962 0.331276 0.0907997 0.466793 9.99561E-05 9.99561E-05 9.99561E-05
9.9956E-05 9.9956E-05 0.138337 0.0515659 0.365293 0.164315 9.9956E-05 0.279989 9.9956E-05 9.9956E-05
9.99648E-05 0.0169648 0.00518676 9.99648E-05 0.409267 0.183257 0.273187 9.99648E-05 9.99648E-05 0.111737
9.99648E-05 9.99648E-05 0.0198922 9.99648E-05 0.46666 0.165204 0.148436 0.0535471 9.99648E-05 0.145861
0.0473192 9.99473E-05 9.99473E-05 0.0346155 0.627718 0.289748 9.99473E-05 9.99473E-05 9.99473E-05 9.99473E-05
0.0959187 0.0209085 0.0519679 0.0290207 0.388825 0.222146 0.190913 9.99736E-05 9.99736E-05 9.99736E-05
9.99648E-05 0.0260915 0.00437094 0.0168382 0.588534 0.191535 0.17223 9.99648E-05 9.99648E-05 9.99648E-05
9.9956E-05 0.169819 0.0345517 9.9956E-05 0.725018 0.00851276 0.0615987 9.9956E-05 9.9956E-05 9.9956E-05
9.99386E-05 9.99386E-05 9.99386E-05 9.99386E-05 0.916852 0.0107773 9.99386E-05 0.0716711 9.99386E-05 9.99386E-05
9.9956E-05 9.9956E-05 9.9956E-05 9.9956E-05 0.526068 0.0944451 0.184949 0.0358423 9.9956E-05 0.158196
0.0586638 9.99561E-05 9.99561E-05 9.99561E-05 0.211015 0.268492 0.374339 9.99561E-05 9.99561E-05 0.0869909
0.0398392 0.0688399 0.0438694 9.99648E-05 0.671893 9.99648E-05 0.1369 9.99648E-05 9.99648E-05 0.0382585
9.99561E-05 0.142101 0.169807 0.0278694 0.368451 0.291272 9.99561E-05 9.99561E-05 9.99561E-05 9.99561E-05
9.9956E-05 9.9956E-05 9.9956E-05 0.010713 0.251381 0.416244 0.196108 9.9956E-05 9.9956E-05 0.125054
9.9956E-05 9.9956E-05 9.9956E-05 0.00120047 0.554567 0.279215 0.134041 0.0304771 9.9956E-05 9.9956E-05
9.9956E-05 9.9956E-05 9.9956E-05 9.9956E-05 0.336143 0.150585 0.28336 0.189939 9.9956E-05 0.0394729
9.99648E-05 0.0489362 9.99648E-05 0.0327356 0.376342 0.263699 0.184083 9.99648E-05 9.99648E-05 0.0938047
9.99648E-05 0.0793534 9.99648E-05 0.119456 0.357595 0.226632 0.203146 9.99648E-05 9.99648E-05 0.0134185
9.99385E-05 9.99385E-05 9.99385E-05 9.99385E-05 0.633514 0.0750064 0.29078 9.99385E-05 9.99385E-05 9.99385E-05
9.99209E-05 9.99209E-05 9.99209E-05 9.99209E-05 0.999101 9.99209E-05 9.99209E-05 9.99209E-05 9.99209E-05 9.99209E-05
0.148129 9.99648E-05 9.99648E-05 0.118054 0.310639 0.0776209 0.287572 0.0575851 9.99648E-05 9.99648E-05
0.152883 9.9956E-05 9.9956E-05 0.0995388 0.625963 0.0624066 0.0587089 9.9956E-05 9.9956E-05 9.9956E-05
9.99472E-05 9.99472E-05 9.99472E-05 9.99472E-05 0.384209 0.214512 0.137605 9.99472E-05 9.99472E-05 0.263075
9.99472E-05 9.99472E-05 0.0134772 9.99472E-05 0.492938 0.189826 0.303159 9.99472E-05 9.99472E-05 9.99472E-05
0.0599451 9.99649E-05 0.0341558 9.99649E-05 0.591294 0.0656615 0.129824 9.99649E-05 9.99649E-05 0.11872
9.9956E-05 9.9956E-05 9.9956E-05 9.9956E-05 0.297863 0.226111 0.15426 0.010856 9.9956E-05 0.31041
9.99561E-05 0.0159044 9.99561E-05 9.99561E-05 0.249695 0.58335 0.0884267 0.062125 9.99561E-05 9.99561E-05
9.99648E-05 0.00174371 9.99648E-05 0.00585334 0.171381 0.394558 0.375864 0.0502009 9.99648E-05 9.99648E-05
9.99648E-05 0.0260915 0.00437094 0.0168382 0.588534 0.191535 0.17223 9.99648E-05 9.99648E-05 9.99648E-05
9.99209E-05 9.99209E-05 9.99209E-05 9.99209E-05 0.999101 9.99209E-05 9.99209E-05 9.99209E-05 9.99209E-05 9.99209E-05
9.9956E-05 9.9956E-05 0.015411 0.0371186 0.615381 0.15326 0.17833 9.9956E-05 9.9956E-05 9.9956E-05
9.99385E-05 9.99385E-05 9.99385E-05 9.99385E-05 0.987895 0.000415993 9.99385E-05 9.99385E-05 9.99385E-05 0.0109893
0.100462 9.99736E-05 9.99736E-05 0.00665176 0.23112 0.171127 0.1647 0.285497 9.99736E-05 0.0401421
9.99298E-05 9.99298E-05 9.99298E-05 9.99298E-05 0.919741 9.99298E-05 9.99298E-05 0.0794596 9.99298E-05 9.99298E-05
0.0104542 9.99649E-05 9.99649E-05 0.0213176 0.528742 9.99649E-05 0.348648 0.0224242 9.99649E-05 0.0680139
9.9956E-05 9.9956E-05 9.9956E-05 0.0111527 0.318075 9.9956E-05 0.297215 0.197567 9.9956E-05 0.175491
9.99472E-05 9.99472E-05 9.99472E-05 9.99472E-05 0.46942 0.206654 0.137863 0.185463 9.99472E-05 9.99472E-05
9.9956E-05 9.9956E-05 9.9956E-05 0.00975138 0.617172 0.0980842 0.0355999 9.9956E-05 9.9956E-05 0.238893
9.99385E-05 9.99385E-05 9.99385E-05 9.99385E-05 0.516011 0.381995 0.101295 9.99385E-05 9.99385E-05 9.99385E-05
9.99387E-05 9.99387E-05 9.99387E-05 9.99387E-05 0.703101 9.99387E-05 0.240726 0.0554734 9.99387E-05 9.99387E-05
9.9956E-05 9.9956E-05 9.9956E-05 0.000643866 0.690646 0.269705 0.00329568 0.0352101 9.9956E-05 9.9956E-05
9.99473E-05 9.99473E-05 0.0119299 9.99473E-05 0.512693 0.238589 0.236189 9.99473E-05 9.99473E-05 9.99473E-05
9.99474E-05 9.99474E-05 9.99474E-05 9.99474E-05 0.47159 0.240205 0.167905 0.119701 9.99474E-05 9.99474E-05
9.99386E-05 9.99386E-05 9.99386E-05 9.99386E-05 0.849229 0.0552682 0.0948029 9.99386E-05 9.99386E-05 9.99386E-05
9.99386E-05 9.99386E-05 9.99386E-05 9.99386E-05 0.867219 0.0938794 0.0382019 9.99386E-05 9.99386E-05 9.99386E-05
9.99649E-05 9.99649E-05 0.0235051 0.00416139 0.688422 0.0756975 0.168985 9.99649E-05 0.0388289 9.99649E-05
9.99561E-05 0.0269872 9.99561E-05 0.0616295 0.608123 0.112434 0.190327 9.99561E-05 9.99561E-05 9.99561E-05
9.9956E-05 9.9956E-05 0.107134 0.00208771 0.587146 0.206574 0.0965583 9.9956E-05 9.9956E-05 9.9956E-05
0.0515115 9.99561E-05 9.99561E-05 9.99561E-05 0.59548 0.303688 0.0417422 9.99561E-05 9.99561E-05 0.00707837
9.99386E-05 9.99386E-05 9.99386E-05 9.99386E-05 0.873837 0.0879179 0.037546 9.99386E-05 9.99386E-05 9.99386E-05
9.99736E-05 9.99736E-05 0.0143506 0.00792252 0.378247 0.196696 0.277249 0.099521 9.99736E-05 0.0257139
9.9956E-05 9.9956E-05 0.0156736 0.058734 0.469529 0.0536228 0.40194 9.9956E-05 9.9956E-05 9.9956E-05
9.99386E-05 9.99386E-05 9.99386E-05 9.99386E-05 0.769344 9.99386E-05 0.0231489 0.206808 9.99386E-05 9.99386E-05
9.99561E-05 9.99561E-05 0.0174514 9.99561E-05 0.429667 0.0469503 0.254353 0.251079 9.99561E-05 9.99561E-05
9.99474E-05 9.99474E-05 9.99474E-05 9.99474E-05 0.722953 9.99474E-05 0.166038 0.0222756 0.0881337 9.99474E-05
9.99384E-05 9.99384E-05 9.99384E-05 9.99384E-05 0.412392 0.293302 0.293606 9.99384E-05 9.99384E-05 9.99384E-05
0.106279 0.0187581 0.0649456 0.0227404 0.494067 9.99649E-05 9.99649E-05 0.29281 9.99649E-05 9.99649E-05
9.99385E-05 9.99385E-05 9.99385E-05 9.99385E-05 0.860504 9.99385E-05 0.09768 0.0411169 9.99385E-05 9.99385E-05
9.99473E-05 9.99473E-05 9.99473E-05 9.99473E-05 0.554364 0.14842 0.085182 0.211434 9.99473E-05 9.99473E-05
9.99386E-05 9.99386E-05 9.99386E-05 9.99386E-05 0.798727 9.99386E-05 9.99386E-05 0.159421 0.0411523 9.99386E-05
9.99473E-05 9.99473E-05 9.99473E-05 0.000656395 0.654904 9.99473E-05 0.224037 9.99473E-05 9.99473E-05 0.119803
9.99299E-05 9.99299E-05 9.99299E-05 9.99299E-05 0.778931 9.99299E-05 9.99299E-05 0.220269 9.99299E-05 9.99299E-05
9.99561E-05 9.99561E-05 9.99561E-05 0.0864506 0.320604 0.459939 0.109984 0.0225227 9.99561E-05 9.99561E-05
9.99648E-05 9.99648E-05 0.0727637 0.0255503 0.497825 0.227908 0.0736885 9.99648E-05 9.99648E-05 0.101864
9.99736E-05 0.00559035 0.0497228 0.0906585 0.419509 0.240288 0.0965203 9.99736E-05 9.99736E-05 0.0974117
9.99298E-05 9.99298E-05 9.99298E-05 9.99298E-05 0.841349 9.99298E-05 9.99298E-05 0.157851 9.99298E-05 9.99298E-05
9.99561E-05 0.0439605 9.99561E-05 0.0370842 0.621692 0.229438 0.0673255 9.99561E-05 9.99561E-05 9.99561E-05
9.99472E-05 9.99472E-05 0.204743 9.99472E-05 0.443544 0.153007 9.99472E-05 0.198107 9.99472E-05 9.99472E-05
9.99473E-05 9.99473E-05 9.99473E-05 0.0100045 0.729384 9.99473E-05 0.0853522 0.17466 9.99473E-05 9.99473E-05
9.9956E-05 0.141137 9.9956E-05 0.0131167 0.540518 0.0240974 0.280631 9.9956E-05 9.9956E-05 9.9956E-05
9.99561E-05 0.0282777 9.99561E-05 0.00891422 0.335536 0.428463 0.19831 9.99561E-05 9.99561E-05 9.99561E-05
0.064992 9.99648E-05 0.0166609 0.00649712 0.500674 0.139648 0.271129 9.99648E-05 9.99648E-05 9.99648E-05
9.99648E-05 9.99648E-05 0.131026 0.0734795 0.237646 0.269074 0.257153 9.99648E-05 9.99648E-05 0.0312211
9.99649E-05 9.99649E-05 0.212358 9.99649E-05 0.447385 0.0884074 0.0980317 0.145378 9.99649E-05 0.00804015
9.9956E-05 0.109534 9.9956E-05 9.9956E-05 0.212134 0.0409601 0.406087 0.230785 9.9956E-05 9.9956E-05
9.99561E-05 9.99561E-05 9.99561E-05 9.99561E-05 0.282351 0.365297 0.236218 0.107577 9.99561E-05 0.00805784
0.0219593 9.99736E-05 0.129452 0.139407 0.352615 0.0411576 0.052318 0.262791 9.99736E-05 9.99736E-05
9.99386E-05 9.99386E-05 9.99386E-05 9.99386E-05 0.595634 0.27189 9.99386E-05 0.131777 9.99386E-05 9.99386E-05
9.99561E-05 0.0271693 9.99561E-05 9.99561E-05 0.701496 9.99561E-05 0.000967423 0.205763 9.99561E-05 0.0641053
9.99473E-05 9.99473E-05 0.00111711 9.99473E-05 0.355839 0.300484 9.99473E-05 9.99473E-05 9.99473E-05 0.34196
9.9956E-05 9.9956E-05 9.9956E-05 0.106865 0.368061 0.10894 0.385484 9.9956E-05 9.9956E-05 0.0301506
9.99474E-05 0.0627289 9.99474E-05 0.0477618 0.4153 9.99474E-05 0.473609 9.99474E-05 9.99474E-05 9.99474E-05
9.99561E-05 9.99561E-05 9.99561E-05 9.99561E-05 0.153269 0.176417 0.462004 0.0261105 9.99561E-05 0.181699
0.00392449 0.151599 0.0557353 0.134146 0.309785 0.222351 9.99736E-05 9.99736E-05 9.99736E-05 0.122159
9.9956E-05 9.9956E-05 0.00181777 9.9956E-05 0.433449 0.123363 0.428765 9.9956E-05 9.9956E-05 0.0121062
0.0687392 0.128744 0.0985275 0.0443324 0.267262 0.132439 0.0555872 0.204169 9.99824E-05 9.99824E-05
9.99387E-05 9.99387E-05 9.99387E-05 9.99387E-05 0.725881 0.144844 9.99387E-05 0.128575 9.99387E-05 9.99387E-05
9.9965E-05 0.0199799 9.9965E-05 0.0368917 0.670367 0.11837 0.103268 0.050723 9.9965E-05 9.9965E-05
9.99561E-05 9.99561E-05 9.99561E-05 0.00118337 0.434948 0.212052 0.256242 0.0950742 9.99561E-05 9.99561E-05
0.0365429 0.165728 9.9956E-05 9.9956E-05 0.319426 9.9956E-05 0.275763 0.202041 9.9956E-05 9.9956E-05
9.99386E-05 9.99386E-05 9.99386E-05 9.99386E-05 0.867181 0.00697789 9.99386E-05 0.125141 9.99386E-05 9.99386E-05
9.99387E-05 9.99387E-05 9.99387E-05 9.99387E-05 0.850364 9.99387E-05 0.00643528 0.142501 9.99387E-05 9.99387E-05
9.99824E-05 0.0756457 0.0487904 0.0154713 0.67044 0.131426 0.0136101 0.0328013 9.99824E-05 0.0116156
9.99561E-05 0.0331969 0.0164238 9.99561E-05 0.684247 0.112153 0.15348 9.99561E-05 9.99561E-05 9.99561E-05
9.99473E-05 9.99473E-05 9.99473E-05 0.0113529 0.709962 9.99473E-05 0.212934 9.99473E-05 9.99473E-05 0.0651519
9.99473E-05 9.99473E-05 9.99473E-05 9.99473E-05 0.430913 0.147663 0.316687 9.99473E-05 9.99473E-05 0.104138
0.0161468 9.99649E-05 0.0457717 9.99649E-05 0.440687 0.120028 0.234051 9.99649E-05 9.99649E-05 0.142915
9.99561E-05 9.99561E-05 0.127664 0.146158 0.267202 9.99561E-05 0.425356 0.0331193 9.99561E-05 9.99561E-05
9.99385E-05 9.99385E-05 9.99385E-05 9.99385E-05 0.486422 0.444098 9.99385E-05 0.06878 9.99385E-05 9.99385E-05
9.99648E-05 9.99648E-05 0.0320449 9.99648E-05 0.520117 0.1771 0.186056 0.00687282 9.99648E-05 0.0774093
9.99648E-05 0.138926 0.00833966 0.0355074 0.456042 0.0505101 0.310275 9.99648E-05 9.99648E-05 9.99648E-05
9.99473E-05 9.99473E-05 0.0334102 9.99473E-05 0.87415 0.060657 0.0311836 9.99473E-05 9.99473E-05 9.99473E-05
0.176739 9.99648E-05 0.0350773 0.0694602 0.307289 9.99648E-05 0.333923 0.0771112 9.99648E-05 9.99648E-05
9.99472E-05 0.120368 9.99472E-05 0.0160574 0.522665 9.99472E-05 0.34031 9.99472E-05 9.99472E-05 9.99472E-05
9.9956E-05 9.9956E-05 0.00537773 0.145209 0.362088 0.224019 0.262806 9.9956E-05 9.9956E-05 9.9956E-05
9.99648E-05 9.99648E-05 0.0108219 9.99648E-05 0.29532 0.150691 0.229515 0.256059 9.99648E-05 0.0571925
9.99561E-05 9.99561E-05 9.99561E-05 0.0214966 0.486165 0.203746 0.0543842 9.99561E-05 9.99561E-05 0.233708
9.99386E-05 9.99386E-05 9.99386E-05 9.99386E-05 0.588094 0.0263337 9.99386E-05 0.384873 9.99386E-05 9.99386E-05
9.9956E-05 0.0294299 9.9956E-05 0.112466 0.341293 0.208431 0.307879 9.9956E-05 9.9956E-05 9.9956E-05
9.99474E-05 9.99474E-05 0.0613171 0.00789651 0.850471 9.99474E-05 0.0797158 9.99474E-05 9.99474E-05 9.99474E-05
9.99387E-05 9.99387E-05 9.99387E-05 9.99387E-05 0.711409 0.0763266 9.99387E-05 0.211565 9.99387E-05 9.99387E-05
0.0580657 9.99824E-05 0.00628063 0.116425 0.384661 0.248774 0.163408 0.00743391 9.99824E-05 0.0147521
9.99736E-05 9.99736E-05 0.0423851 0.0240788 0.40451 0.183503 0.146584 0.162098 9.99736E-05 0.0365413
9.99561E-05 9.99561E-05 9.99561E-05 0.0567131 9.99561E-05 0.201878 0.172514 0.32298 9.99561E-05 0.245415
9.99474E-05 9.99474E-05 9.99474E-05 0.0270975 9.99474E-05 9.99474E-05 0.228201 0.56053 9.99474E-05 0.183572
0.0692223 9.99649E-05 9.99649E-05 0.00595679 9.99649E-05 0.0631368 0.204647 0.47737 9.99649E-05 0.179267
0.0945432 9.9965E-05 9.9965E-05 0.101357 0.0931629 9.9965E-05 0.11215 0.546573 9.9965E-05 0.0518131
0.127054 0.0683124 0.0566481 0.0414099 0.0796621 0.0385926 0.14174 0.446381 9.99824E-05 9.99824E-05
9.9965E-05 0.0180761 9.9965E-05 9.9965E-05 9.9965E-05 0.0204613 0.259267 0.476146 0.209492 0.0161582
9.99561E-05 9.99561E-05 9.99561E-05 0.0631521 9.99561E-05 0.229104 0.538582 0.144249 9.99561E-05 0.0244137
