0.681397 9.99562E-05 9.99562E-05 0.0199955 9.99562E-05 0.133796 0.164312 9.99562E-05 9.99562E-05
0.763383 9.99475E-05 9.99475E-05 9.99475E-05 9.99475E-05 0.0492042 0.186813 9.99475E-05 9.99475E-05
0.965309 9.99563E-05 0.000307167 9.99563E-05 9.99563E-05 0.00461921 9.99563E-05 0.0292646 9.99563E-05
0.362469 9.99562E-05 0.109555 9.99562E-05 9.99562E-05 0.0663238 9.99562E-05 0.461152 9.99562E-05
0.60195 0.0294714 9.99563E-05 9.99563E-05 9.99563E-05 9.99563E-05 0.0588144 0.309265 9.99563E-05
0.237561 0.13164 0.169889 9.99649E-05 9.99649E-05 9.99649E-05 0.11351 0.346999 9.99649E-05
0.427679 9.99649E-05 9.99649E-05 9.99649E-05 0.0986544 0.155218 0.115316 0.202733 9.99649E-05
0.209644 0.16811 0.0114002 0.0379103 0.083096 0.0612154 0.0799632 0.348561 9.99912E-05
0.475614 0.226238 9.99561E-05 9.99561E-05 9.99561E-05 9.99561E-05 9.99561E-05 0.231909 0.0657394
0.961901 9.99388E-05 9.99388E-05 0.037399 9.99388E-05 9.99388E-05 9.99388E-05 9.99388E-05 9.99388E-05
0.690879 0.0694978 9.99562E-05 9.99562E-05 9.99562E-05 0.214309 9.99562E-05 0.0248135 9.99562E-05
0.780824 9.99475E-05 9.99475E-05 9.99475E-05 9.99475E-05 0.0968571 9.99475E-05 0.121719 9.99475E-05
0.960079 9.99388E-05 9.99388E-05 9.99388E-05 9.99388E-05 0.0392215 9.99388E-05 9.99388E-05 9.99388E-05
0.628684 9.99562E-05 0.246605 9.99562E-05 0.0394194 0.0847915 9.99562E-05 9.99562E-05 9.99562E-05
0.572592 0.143237 0.204566 9.99562E-05 9.99562E-05 9.99562E-05 9.99562E-05 9.99562E-05 0.0791047
0.481987 0.190623 9.99649E-05 9.99649E-05 0.0959182 0.000866949 9.99649E-05 0.230205 9.99649E-05
0.529073 9.99825E-05 0.138789 9.99825E-05 0.00220941 0.0792142 0.0652371 0.179881 0.00539574
0.496371 9.99649E-05 9.99649E-05 0.217002 9.99649E-05 0.0302261 9.99649E-05 0.111958 0.144043
0.658208 0.0660888 9.99561E-05 9.99561E-05 9.99561E-05 0.162004 9.99561E-05 0.113199 9.99561E-05
0.965396 9.99476E-05 9.99476E-05 9.99476E-05 9.99476E-05 0.0152398 9.99476E-05 9.99476E-05 0.0187649
0.499829 0.00145439 9.9965E-05 9.9965E-05 9.9965E-05 0.106414 9.9965E-05 0.356976 0.0349269
0.234026 0.182138 9.9965E-05 9.9965E-05 9.9965E-05 0.0135261 0.107294 0.462616 9.9965E-05
0.830195 9.99475E-05 9.99475E-05 9.99475E-05 9.99475E-05 0.120478 0.0487279 9.99475E-05 9.99475E-05
0.837367 9.99474E-05 9.99474E-05 9.99474E-05 0.128556 9.99474E-05 9.99474E-05 0.0334771 9.99474E-05
0.640911 0.0765822 0.107966 9.99649E-05 9.99649E-05 0.0565768 9.99649E-05 9.99649E-05 0.117564
0.819 9.99475E-05 0.0796075 9.99475E-05 9.99475E-05 9.99475E-05 9.99475E-05 0.100793 9.99475E-05
0.374096 0.00265374 0.212653 0.122709 0.134188 0.0141447 0.112758 9.99912E-05 0.0266975
0.832108 9.99563E-05 0.0212474 9.99563E-05 9.99563E-05 0.00360557 9.99563E-05 0.142539 9.99563E-05
0.901979 9.99562E-05 0.0172721 9.99562E-05 9.99562E-05 0.0561365 9.99562E-05 9.99562E-05 0.0241129
0.673612 9.99563E-05 0.190625 9.99563E-05 9.99563E-05 9.99563E-05 0.0461256 0.0891373 9.99563E-05
0.814882 9.99475E-05 9.99475E-05 9.99475E-05 9.99475E-05 0.168298 0.0162205 9.99475E-05 9.99475E-05
0.559002 9.99562E-05 0.172247 9.99562E-05 9.99562E-05 0.0758359 9.99562E-05 0.192416 9.99562E-05
0.814617 9.99474E-05 9.99474E-05 9.99474E-05 0.0711094 0.113674 9.99474E-05 9.99474E-05 9.99474E-05
0.592587 9.99825E-05 0.25075 0.0416099 0.00579588 0.0055152 9.99825E-05 0.0615218 0.0420204
0.805209 9.99563E-05 9.99563E-05 9.99563E-05 9.99563E-05 0.0887486 0.0983439 9.99563E-05 0.0071985
0.702538 9.99738E-05 9.99738E-05 9.99738E-05 0.0764194 0.0657615 0.11433 0.0176984 0.0229525
0.665552 9.99651E-05 9.99651E-05 9.99651E-05 0.107077 0.0580272 0.098233 0.0707109 9.99651E-05
0.675683 0.0909993 0.0256531 9.9965E-05 9.9965E-05 9.9965E-05 0.174022 9.9965E-05 0.0332424
0.695871 9.9965E-05 0.124529 9.9965E-05 9.9965E-05 0.0348431 0.0884997 0.0558581 9.9965E-05
0.553907 9.9965E-05 0.260765 9.9965E-05 0.14375 0.0324954 9.9965E-05 0.00868224 9.9965E-05
0.801584 9.99475E-05 9.99475E-05 9.99475E-05 9.99475E-05 0.0456766 9.99475E-05 0.15214 9.99475E-05
0.858936 9.99475E-05 9.99475E-05 9.99475E-05 9.99475E-05 9.99475E-05 0.132609 0.00785557 9.99475E-05
0.708332 9.99563E-05 0.0762866 9.99563E-05 9.99563E-05 9.99563E-05 0.0572741 0.157608 9.99563E-05
0.681883 0.119821 9.99737E-05 9.99737E-05 9.99737E-05 0.0567313 0.00677278 0.0993538 0.0351384
0.63927 9.99386E-05 9.99386E-05 9.99386E-05 9.99386E-05 9.99386E-05 9.99386E-05 0.36003 9.99386E-05
0.843239 9.99387E-05 9.99387E-05 9.99387E-05 9.99387E-05 9.99387E-05 9.99387E-05 0.156062 9.99387E-05
0.896426 9.99563E-05 9.99563E-05 0.0446684 9.99563E-05 0.0547561 0.00365016 9.99563E-05 9.99563E-05
0.897841 9.99476E-05 9.99476E-05 9.99476E-05 0.047431 9.99476E-05 9.99476E-05 0.0541279 9.99476E-05
0.798187 9.99474E-05 9.99474E-05 9.99474E-05 9.99474E-05 0.0850483 9.99474E-05 0.116165 9.99474E-05
0.76323 9.99738E-05 9.99738E-05 0.0500067 0.0685409 0.0900365 9.99738E-05 0.0267876 0.00109792
0.595915 0.0977507 0.0170881 9.99737E-05 9.99737E-05 0.14752 0.00678845 0.134637 9.99737E-05
0.60207 0.0147714 9.99562E-05 9.99562E-05 0.0380942 9.99562E-05 9.99562E-05 0.344565 9.99562E-05
0.856722 9.99475E-05 9.99475E-05 0.0839975 9.99475E-05 9.99475E-05 0.0586809 9.99475E-05 9.99475E-05
0.691775 9.99563E-05 9.99563E-05 9.99563E-05 0.243287 0.0015448 9.99563E-05 0.0628933 9.99563E-05
0.903097 9.99388E-05 9.99388E-05 9.99388E-05 9.99388E-05 9.99388E-05 9.99388E-05 0.0962032 9.99388E-05
0.587575 9.99738E-05 0.232651 9.99738E-05 0.015922 0.0632784 9.99738E-05 0.0894655 0.0108082
0.685421 9.99737E-05 9.99737E-05 0.181462 0.0357254 0.0221087 0.0730419 0.00194029 9.99737E-05
0.875324 9.99388E-05 9.99388E-05 9.99388E-05 9.99388E-05 0.123977 9.99388E-05 9.99388E-05 9.99388E-05
0.840521 9.99563E-05 9.99563E-05 9.99563E-05 9.99563E-05 0.0421117 0.0447212 0.0721461 9.99563E-05
0.438449 0.0523654 9.99649E-05 0.120145 9.99649E-05 0.0915557 0.297085 9.99649E-05 9.99649E-05
0.427122 9.99562E-05 9.99562E-05 9.99562E-05 0.0631436 9.99562E-05 0.33101 0.178225 9.99562E-05
0.348098 9.99737E-05 0.0568261 0.188369 0.0963811 0.0211483 0.288877 9.99737E-05 9.99737E-05
0.0388357 0.138654 0.205675 0.076665 0.00622903 0.015581 0.51816 9.99824E-05 9.99824E-05
0.419347 0.102243 9.99912E-05 0.0803775 0.0514842 0.0225564 0.159567 0.136311 0.028014
0.43288 0.106037 9.99824E-05 0.127807 0.042196 0.0594928 0.228299 9.99824E-05 0.00308842
0.354868 9.99736E-05 9.99736E-05 0.0304503 9.99736E-05 0.122318 0.450377 0.0288656 0.0128213
0.222131 0.0977486 0.034226 0.218336 0.0189475 9.99736E-05 0.408311 9.99736E-05 9.99736E-05
0.281935 9.99562E-05 0.121731 0.121291 9.99562E-05 9.99562E-05 0.474543 9.99562E-05 9.99562E-05
0.440817 0.036158 9.99737E-05 0.00692377 9.99737E-05 0.172068 0.322079 0.0216544 9.99737E-05
0.444366 0.118966 9.99648E-05 9.99648E-05 9.99648E-05 0.254629 0.129707 9.99648E-05 0.0519319
0.328941 0.0681241 9.998E-05 0.0124239 0.146998 0.115812 0.198406 0.129094 9.998E-05
0.131445 0.238758 0.0533306 9.99824E-05 0.0989091 0.158241 0.177155 0.141961 9.99824E-05
0.505722 0.0181712 9.99648E-05 9.99648E-05 0.0562058 9.99648E-05 0.296606 0.122895 9.99648E-05
0.328978 9.9965E-05 0.179997 9.9965E-05 0.144598 0.041037 0.304991 9.9965E-05 9.9965E-05
0.493723 0.0264459 9.99737E-05 0.0225583 9.99737E-05 0.100161 0.344662 0.0121496 9.99737E-05
0.250309 9.99737E-05 0.0667859 0.134782 0.0722662 9.99737E-05 0.274583 0.200975 9.99737E-05
0.257838 0.106681 9.99737E-05 0.0815218 9.99737E-05 0.236974 0.140059 0.176626 9.99737E-05
0.539337 0.0387878 9.99649E-05 0.113813 9.99649E-05 0.121112 0.186551 9.99649E-05 9.99649E-05
0.412301 9.99648E-05 9.99648E-05 0.0789604 0.161582 9.99648E-05 0.285539 9.99648E-05 0.0612172
0.482178 9.99738E-05 9.99738E-05 0.00524707 0.0972567 0.0333507 0.364527 0.0171414 9.99738E-05
0.44492 0.0447727 9.997E-05 0.038246 0.0775459 0.0524964 0.341719 9.997E-05 9.997E-05
0.252462 9.99737E-05 0.257836 0.0605304 0.00421225 0.122669 0.30199 9.99737E-05 9.99737E-05
0.363782 0.0599809 0.0542667 0.0709325 0.0380792 0.044944 0.119522 0.248393 9.99912E-05
0.513328 0.0550464 0.0785544 9.99649E-05 9.99649E-05 0.273139 0.0795326 9.99649E-05 9.99649E-05
0.497045 0.0623361 9.99562E-05 9.99562E-05 9.99562E-05 0.121831 0.318288 9.99562E-05 9.99562E-05
0.486837 0.0401822 0.0103741 0.114027 0.0342965 9.99737E-05 0.313983 9.99737E-05 9.99737E-05
0.456175 9.99737E-05 9.99737E-05 0.00739433 0.0339347 0.0183277 0.419626 9.99737E-05 0.0642427
0.572684 0.0677581 9.99562E-05 0.244428 9.99562E-05 9.99562E-05 0.11463 9.99562E-05 9.99562E-05
0.486541 0.0718279 0.204432 9.99737E-05 9.99737E-05 0.00865428 0.223298 9.99737E-05 0.00494638
9.99385E-05 0.193317 0.805983 9.99385E-05 9.99385E-05 9.99385E-05 9.99385E-05 9.99385E-05 9.99385E-05
9.99387E-05 0.00224547 0.997055 9.99387E-05 9.99387E-05 9.99387E-05 9.99387E-05 9.99387E-05 9.99387E-05
9.9956E-05 0.00173944 0.901486 9.9956E-05 9.9956E-05 0.0873686 9.9956E-05 0.00890611 9.9956E-05
9.99736E-05 0.152747 0.707816 0.0301056 9.99736E-05 0.0279305 9.99736E-05 0.021137 0.0599645
9.99736E-05 0.0479903 0.701848 0.0915052 9.99736E-05 0.0461634 9.99736E-05 0.0769845 0.0352091
9.99473E-05 0.256761 0.711525 9.99473E-05 9.99473E-05 9.99473E-05 0.0311145 9.99473E-05 9.99473E-05
9.99561E-05 0.132147 0.755249 0.0462004 9.99561E-05 0.0659031 9.99561E-05 9.99561E-05 9.99561E-05
9.99473E-05 0.273244 0.707198 9.99473E-05 9.99473E-05 9.99473E-05 9.99473E-05 9.99473E-05 0.0189578
9.9956E-05 0.293997 0.224033 9.9956E-05 9.9956E-05 0.0781566 0.403313 9.9956E-05 9.9956E-05
0.263884 0.251584 0.427319 0.056713 9.9956E-05 9.9956E-05 9.9956E-05 9.9956E-05 9.9956E-05
9.99386E-05 9.99386E-05 0.813414 9.99386E-05 9.99386E-05 9.99386E-05 0.185887 9.99386E-05 9.99386E-05
9.99473E-05 9.99473E-05 0.780809 9.99473E-05 9.99473E-05 0.0504162 0.168175 9.99473E-05 9.99473E-05
9.99561E-05 0.150148 0.836151 0.0031618 9.99561E-05 0.0100395 9.99561E-05 9.99561E-05 9.99561E-05
0.107797 0.210047 0.681557 9.99473E-05 9.99473E-05 9.99473E-05 9.99473E-05 9.99473E-05 9.99473E-05
9.99561E-05 0.0940212 0.665962 0.17306 0.0664571 9.99561E-05 9.99561E-05 9.99561E-05 9.99561E-05
9.99649E-05 0.100783 0.599725 9.99649E-05 0.0673322 0.0412231 0.190536 9.99649E-05 9.99649E-05
9.99561E-05 0.0635945 0.711842 9.99561E-05 9.99561E-05 9.99561E-05 0.11425 9.99561E-05 0.109813
9.995E-05 0.164925 0.699942 9.995E-05 0.0808094 0.0538235 9.995E-05 9.995E-05 9.995E-05
9.99473E-05 0.0307068 0.937083 9.99473E-05 9.99473E-05 0.0316104 9.99473E-05 9.99473E-05 9.99473E-05
9.99737E-05 0.113746 0.715769 0.0242582 9.99737E-05 0.023633 0.0126313 9.99737E-05 0.109663
9.99561E-05 0.0784861 0.758474 9.99561E-05 9.99561E-05 9.99561E-05 0.0197271 0.142813 9.99561E-05
9.99561E-05 0.082666 0.87717 0.0152694 9.99561E-05 0.0243952 9.99561E-05 9.99561E-05 9.99561E-05
9.99561E-05 0.298142 0.514574 9.99561E-05 9.99561E-05 9.99561E-05 0.0461157 0.140668 9.99561E-05
9.99386E-05 0.193842 0.805459 9.99386E-05 9.99386E-05 9.99386E-05 9.99386E-05 9.99386E-05 9.99386E-05
9.9956E-05 0.286723 0.496267 9.9956E-05 9.9956E-05 9.9956E-05 0.0577583 9.9956E-05 0.158752
0.00998116 0.150748 0.700059 9.99562E-05 9.99562E-05 9.99562E-05 0.138712 9.99562E-05 9.99562E-05
0.0550688 9.99475E-05 0.906335 9.99475E-05 9.99475E-05 9.99475E-05 9.99475E-05 9.99475E-05 0.0379969
9.99472E-05 0.224225 0.584125 9.99472E-05 9.99472E-05 9.99472E-05 9.99472E-05 0.19105 9.99472E-05
0.017122 0.303061 0.571737 9.996E-05 9.996E-05 9.996E-05 0.105675 9.996E-05 0.00200469
9.99649E-05 0.055407 0.806427 9.99649E-05 9.99649E-05 0.0836016 9.99649E-05 0.00681443 0.0473505
0.121489 0.0759984 0.721841 9.99561E-05 9.99561E-05 0.0801726 9.99561E-05 9.99561E-05 9.99561E-05
9.99473E-05 9.99473E-05 0.87648 9.99473E-05 0.0783536 0.0445669 9.99473E-05 9.99473E-05 9.99473E-05
9.99648E-05 0.354111 0.353549 9.99648E-05 0.00592489 0.0662075 9.99648E-05 9.99648E-05 0.219807
9.9956E-05 0.21394 0.730394 9.9956E-05 9.9956E-05 9.9956E-05 9.9956E-05 0.0250051 0.030161
9.99561E-05 0.0351691 0.911734 9.99561E-05 9.99561E-05 9.99561E-05 9.99561E-05 0.0354473 0.0171502
9.99736E-05 0.133242 0.694729 0.0352548 0.0147167 0.11925 0.00250801 9.99736E-05 9.99736E-05
0.0101086 0.225078 0.643295 0.0403592 9.996E-05 0.0807594 9.996E-05 9.996E-05 9.996E-05
9.993E-05 9.993E-05 0.999201 9.993E-05 9.993E-05 9.993E-05 9.993E-05 9.993E-05 9.993E-05
9.99386E-05 0.00335654 0.995944 9.99386E-05 9.99386E-05 9.99386E-05 9.99386E-05 9.99386E-05 9.99386E-05
9.993E-05 9.993E-05 0.999201 9.993E-05 9.993E-05 9.993E-05 9.993E-05 9.993E-05 9.993E-05
9.99387E-05 9.99387E-05 0.989089 9.99387E-05 9.99387E-05 9.99387E-05 0.0102117 9.99387E-05 9.99387E-05
0.147622 0.179949 0.315906 9.99648E-05 9.99648E-05 0.0782246 0.277899 9.99648E-05 9.99648E-05
9.99736E-05 0.194964 0.6473 0.0374189 0.0168409 9.99736E-05 0.0328128 9.99736E-05 0.070363
0.021963 0.0578013 0.914772 9.99562E-05 9.99562E-05 9.99562E-05 0.00496378 9.99562E-05 9.99562E-05
9.993E-05 9.993E-05 0.999201 9.993E-05 9.993E-05 9.993E-05 9.993E-05 9.993E-05 9.993E-05
9.9956E-05 0.257769 0.384206 9.9956E-05 9.9956E-05 9.9956E-05 0.23449 9.9956E-05 0.123035
9.99737E-05 0.136427 0.720079 0.00411298 0.031219 0.0988207 9.99737E-05 9.99737E-05 0.00904056
9.99649E-05 0.255116 0.487731 0.0236089 0.11981 9.99649E-05 0.113335 9.99649E-05 9.99649E-05
0.217731 0.322099 0.350838 0.0281918 9.99736E-05 0.0244881 9.99736E-05 9.99736E-05 0.0563525
9.993E-05 9.993E-05 0.999201 9.993E-05 9.993E-05 9.993E-05 9.993E-05 9.993E-05 9.993E-05
0.0999082 0.045582 0.624636 9.99824E-05 0.10334 0.0236113 9.99824E-05 0.0777177 0.0250049
9.99474E-05 0.0649894 0.845524 9.99474E-05 9.99474E-05 9.99474E-05 0.0888866 9.99474E-05 9.99474E-05
9.99474E-05 0.159612 0.83553 0.00425767 9.99474E-05 9.99474E-05 9.99474E-05 9.99474E-05 9.99474E-05
9.99473E-05 0.133321 0.78112 9.99473E-05 0.0849599 9.99473E-05 9.99473E-05 9.99473E-05 9.99473E-05
9.99736E-05 0.0196121 0.851974 9.99736E-05 0.024451 0.0808364 9.99736E-05 0.00320657 0.0196202
9.99648E-05 0.365385 0.411397 9.99648E-05 9.99648E-05 0.0412029 0.150396 9.99648E-05 0.0312187
9.99384E-05 0.199408 0.799892 9.99384E-05 9.99384E-05 9.99384E-05 9.99384E-05 9.99384E-05 9.99384E-05
9.99648E-05 0.0868066 0.837273 9.99648E-05 0.0217654 0.049406 9.99648E-05 9.99648E-05 0.00434885
9.99473E-05 9.99473E-05 0.872157 9.99473E-05 9.99473E-05 0.000450328 9.99473E-05 9.99473E-05 0.126793
9.99473E-05 0.185532 0.793031 9.99473E-05 9.99473E-05 9.99473E-05 0.0208382 9.99473E-05 9.99473E-05
0.999201 9.993E-05 9.993E-05 9.993E-05 9.993E-05 9.993E-05 9.993E-05 9.993E-05 9.993E-05
9.993E-05 0.999201 9.993E-05 9.993E-05 9.993E-05 9.993E-05 9.993E-05 9.993E-05 9.993E-05
0.999201 9.993E-05 9.993E-05 9.993E-05 9.993E-05 9.993E-05 9.993E-05 9.993E-05 9.993E-05
9.993E-05 0.999201 9.993E-05 9.993E-05 9.993E-05 9.993E-05 9.993E-05 9.993E-05 9.993E-05
9.993E-05 0.999201 9.993E-05 9.993E-05 9.993E-05 9.993E-05 9.993E-05 9.993E-05 9.993E-05
9.993E-05 0.999201 9.993E-05 9.993E-05 9.993E-05 9.993E-05 9.993E-05 9.993E-05 9.993E-05
0.999201 9.993E-05 9.993E-05 9.993E-05 9.993E-05 9.993E-05 9.993E-05 9.993E-05 9.993E-05
9.993E-05 0.999201 9.993E-05 9.993E-05 9.993E-05 9.993E-05 9.993E-05 9.993E-05 9.993E-05
9.993E-05 0.999201 9.993E-05 9.993E-05 9.993E-05 9.993E-05 9.993E-05 9.993E-05 9.993E-05
0.972695 9.99383E-05 9.99383E-05 9.99383E-05 9.99383E-05 9.99383E-05 9.99383E-05 9.99383E-05 0.026605
0.968995 0.0303052 9.99383E-05 9.99383E-05 9.99383E-05 9.99383E-05 9.99383E-05 9.99383E-05 9.99383E-05
0.999201 9.993E-05 9.993E-05 9.993E-05 9.993E-05 9.993E-05 9.993E-05 9.993E-05 9.993E-05
9.993E-05 0.999201 9.993E-05 9.993E-05 9.993E-05 9.993E-05 9.993E-05 9.993E-05 9.993E-05
9.993E-05 0.999201 9.993E-05 9.993E-05 9.993E-05 9.993E-05 9.993E-05 9.993E-05 9.993E-05
0.999201 9.993E-05 9.993E-05 9.993E-05 9.993E-05 9.993E-05 9.993E-05 9.993E-05 9.993E-05
0.989967 0.00933364 9.99383E-05 9.99383E-05 9.99383E-05 9.99383E-05 9.99383E-05 9.99383E-05 9.99383E-05
9.99736E-05 0.110222 0.536318 0.0231739 0.0568379 9.99736E-05 9.99736E-05 0.143832 0.129316
0.996128 9.99383E-05 9.99383E-05 9.99383E-05 9.99383E-05 9.99383E-05 9.99383E-05 9.99383E-05 0.00317225
9.993E-05 0.999201 9.993E-05 9.993E-05 9.993E-05 9.993E-05 9.993E-05 9.993E-05 9.993E-05
0.999201 9.993E-05 9.993E-05 9.993E-05 9.993E-05 9.993E-05 9.993E-05 9.993E-05 9.993E-05
0.93736 0.0619407 9.99383E-05 9.99383E-05 9.99383E-05 9.99383E-05 9.99383E-05 9.99383E-05 9.99383E-05
0.924895 0.0744054 9.99383E-05 9.99383E-05 9.99383E-05 9.99383E-05 9.99383E-05 9.99383E-05 9.99383E-05
9.993E-05 0.999201 9.993E-05 9.993E-05 9.993E-05 9.993E-05 9.993E-05 9.993E-05 9.993E-05
0.975543 0.0237575 9.99383E-05 9.99383E-05 9.99383E-05 9.99383E-05 9.99383E-05 9.99383E-05 9.99383E-05
9.993E-05 0.999201 9.993E-05 9.993E-05 9.993E-05 9.993E-05 9.993E-05 9.993E-05 9.993E-05
0.975447 0.0238538 9.99383E-05 9.99383E-05 9.99383E-05 9.99383E-05 9.99383E-05 9.99383E-05 9.99383E-05
0.999201 9.993E-05 9.993E-05 9.993E-05 9.993E-05 9.993E-05 9.993E-05 9.993E-05 9.993E-05
9.993E-05 0.999201 9.993E-05 9.993E-05 9.993E-05 9.993E-05 9.993E-05 9.993E-05 9.993E-05
9.993E-05 0.999201 9.993E-05 9.993E-05 9.993E-05 9.993E-05 9.993E-05 9.993E-05 9.993E-05
9.993E-05 0.999201 9.993E-05 9.993E-05 9.993E-05 9.993E-05 9.993E-05 9.993E-05 9.993E-05
0.984603 9.99383E-05 9.99383E-05 9.99383E-05 9.99383E-05 9.99383E-05 9.99383E-05 9.99383E-05 0.0146971
0.999201 9.993E-05 9.993E-05 9.993E-05 9.993E-05 9.993E-05 9.993E-05 9.993E-05 9.993E-05
0.955742 0.00161011 9.99471E-05 9.99471E-05 9.99471E-05 9.99471E-05 9.99471E-05 9.99471E-05 0.0420485
0.999201 9.993E-05 9.993E-05 9.993E-05 9.993E-05 9.993E-05 9.993E-05 9.993E-05 9.993E-05
0.940689 0.0586114 9.99383E-05 9.99383E-05 9.99383E-05 9.99383E-05 9.99383E-05 9.99383E-05 9.99383E-05
9.993E-05 0.999201 9.993E-05 9.993E-05 9.993E-05 9.993E-05 9.993E-05 9.993E-05 9.993E-05
9.993E-05 0.999201 9.993E-05 9.993E-05 9.993E-05 9.993E-05 9.993E-05 9.993E-05 9.993E-05
9.993E-05 0.999201 9.993E-05 9.993E-05 9.993E-05 9.993E-05 9.993E-05 9.993E-05 9.993E-05
0.92845 0.0708499 9.99383E-05 9.99383E-05 9.99383E-05 9.99383E-05 9.99383E-05 9.99383E-05 9.99383E-05
9.993E-05 0.999201 9.993E-05 9.993E-05 9.993E-05 9.993E-05 9.993E-05 9.993E-05 9.993E-05
9.993E-05 0.999201 9.993E-05 9.993E-05 9.993E-05 9.993E-05 9.993E-05 9.993E-05 9.993E-05
9.993E-05 0.999201 9.993E-05 9.993E-05 9.993E-05 9.993E-05 9.993E-05 9.993E-05 9.993E-05
9.993E-05 0.999201 9.993E-05 9.993E-05 9.993E-05 9.993E-05 9.993E-05 9.993E-05 9.993E-05
0.986936 0.0123639 9.99383E-05 9.99383E-05 9.99383E-05 9.99383E-05 9.99383E-05 9.99383E-05 9.99383E-05
9.993E-05 0.999201 9.993E-05 9.993E-05 9.993E-05 9.993E-05 9.993E-05 9.993E-05 9.993E-05
9.993E-05 0.999201 9.993E-05 9.993E-05 9.993E-05 9.993E-05 9.993E-05 9.993E-05 9.993E-05
9.99824E-05 0.138586 0.448821 0.0130273 0.0847883 9.99824E-05 0.0954453 0.0896769 0.129455
0.982322 9.99383E-05 9.99383E-05 9.99383E-05 9.99383E-05 9.99383E-05 9.99383E-05 9.99383E-05 0.0169784
9.993E-05 0.999201 9.993E-05 9.993E-05 9.993E-05 9.993E-05 9.993E-05 9.993E-05 9.993E-05
9.993E-05 0.999201 9.993E-05 9.993E-05 9.993E-05 9.993E-05 9.993E-05 9.993E-05 9.993E-05
9.993E-05 0.999201 9.993E-05 9.993E-05 9.993E-05 9.993E-05 9.993E-05 9.993E-05 9.993E-05
9.993E-05 0.999201 9.993E-05 9.993E-05 9.993E-05 9.993E-05 9.993E-05 9.993E-05 9.993E-05
0.999201 9.993E-05 9.993E-05 9.993E-05 9.993E-05 9.993E-05 9.993E-05 9.993E-05 9.993E-05
9.993E-05 0.999201 9.993E-05 9.993E-05 9.993E-05 9.993E-05 9.993E-05 9.993E-05 9.993E-05
0.986924 0.0123765 9.99383E-05 9.99383E-05 9.99383E-05 9.99383E-05 9.99383E-05 9.99383E-05 9.99383E-05
9.993E-05 0.999201 9.993E-05 9.993E-05 9.993E-05 9.993E-05 9.993E-05 9.993E-05 9.993E-05
0.995412 0.00388878 9.99383E-05 9.99383E-05 9.99383E-05 9.99383E-05 9.99383E-05 9.99383E-05 9.99383E-05
9.993E-05 0.999201 9.993E-05 9.993E-05 9.993E-05 9.993E-05 9.993E-05 9.993E-05 9.993E-05
9.993E-05 0.999201 9.993E-05 9.993E-05 9.993E-05 9.993E-05 9.993E-05 9.993E-05 9.993E-05
9.993E-05 0.999201 9.993E-05 9.993E-05 9.993E-05 9.993E-05 9.993E-05 9.993E-05 9.993E-05
9.993E-05 0.999201 9.993E-05 9.993E-05 9.993E-05 9.993E-05 9.993E-05 9.993E-05 9.993E-05
9.993E-05 0.999201 9.993E-05 9.993E-05 9.993E-05 9.993E-05 9.993E-05 9.993E-05 9.993E-05
9.993E-05 0.999201 9.993E-05 9.993E-05 9.993E-05 9.993E-05 9.993E-05 9.993E-05 9.993E-05
0.999201 9.99332E-05 9.99332E-05 9.99332E-05 9.99332E-05 9.99332E-05 9.99332E-05 9.99332E-05 9.99332E-05
0.999201 9.993E-05 9.993E-05 9.993E-05 9.993E-05 9.993E-05 9.993E-05 9.993E-05 9.993E-05
0.883145 0.00537175 0.0438393 9.99559E-05 9.99559E-05 9.99559E-05 9.99559E-05 9.99559E-05 0.0671443
9.993E-05 0.999201 9.993E-05 9.993E-05 9.993E-05 9.993E-05 9.993E-05 9.993E-05 9.993E-05
0.97566 0.0153953 9.99471E-05 9.99471E-05 9.99471E-05 9.99471E-05 9.99471E-05 9.99471E-05 0.00834493
0.977279 0.0220216 9.99383E-05 9.99383E-05 9.99383E-05 9.99383E-05 9.99383E-05 9.99383E-05 9.99383E-05
0.978858 0.0204426 9.99383E-05 9.99383E-05 9.99383E-05 9.99383E-05 9.99383E-05 9.99383E-05 9.99383E-05
9.993E-05 0.999201 9.993E-05 9.993E-05 9.993E-05 9.993E-05 9.993E-05 9.993E-05 9.993E-05
9.993E-05 0.999201 9.993E-05 9.993E-05 9.993E-05 9.993E-05 9.993E-05 9.993E-05 9.993E-05
9.993E-05 0.999201 9.993E-05 9.993E-05 9.993E-05 9.993E-05 9.993E-05 9.993E-05 9.993E-05
0.999201 9.993E-05 9.993E-05 9.993E-05 9.993E-05 9.993E-05 9.993E-05 9.993E-05 9.993E-05
9.993E-05 0.999201 9.993E-05 9.993E-05 9.993E-05 9.993E-05 9.993E-05 9.993E-05 9.993E-05
9.993E-05 0.999201 9.993E-05 9.993E-05 9.993E-05 9.993E-05 9.993E-05 9.993E-05 9.993E-05
0.97713 0.0221702 9.99383E-05 9.99383E-05 9.99383E-05 9.99383E-05 9.99383E-05 9.99383E-05 9.99383E-05
9.993E-05 0.999201 9.993E-05 9.993E-05 9.993E-05 9.993E-05 9.993E-05 9.993E-05 9.993E-05
9.993E-05 0.999201 9.993E-05 9.993E-05 9.993E-05 9.993E-05 9.993E-05 9.993E-05 9.993E-05
0.0966521 0.107099 0.395376 0.0808305 0.0926516 0.117111 0.103673 9.999E-05 0.00650608
0.999201 9.993E-05 9.993E-05 9.993E-05 9.993E-05 9.993E-05 9.993E-05 9.993E-05 9.993E-05
9.993E-05 0.999201 9.993E-05 9.993E-05 9.993E-05 9.993E-05 9.993E-05 9.993E-05 9.993E-05
9.99649E-05 0.505839 0.394562 0.00601809 0.066114 0.0270673 9.99649E-05 9.99649E-05 9.99649E-05
9.99561E-05 0.284843 0.516123 9.99561E-05 9.99561E-05 9.99561E-05 9.99561E-05 0.11953 0.0790046
0.118832 0.0423667 0.744203 9.997E-05 9.997E-05 9.997E-05 0.0216761 0.0327152 0.0399064
0.0062886 9.99648E-05 0.845423 0.071036 0.0313585 9.99648E-05 9.99648E-05 9.99648E-05 0.0454939
0.0517575 0.312386 0.560723 9.9956E-05 9.9956E-05 9.9956E-05 0.0746333 9.9956E-05 9.9956E-05
9.99387E-05 0.0999529 0.899348 9.99387E-05 9.99387E-05 9.99387E-05 9.99387E-05 9.99387E-05 9.99387E-05
0.208725 0.296033 0.381386 9.99736E-05 9.99736E-05 0.0213766 9.99736E-05 0.0753308 0.0168488
9.99648E-05 0.163002 0.68182 0.0687889 9.99648E-05 0.0658211 9.99648E-05 9.99648E-05 0.0201686
9.99386E-05 0.223606 0.775695 9.99386E-05 9.99386E-05 9.99386E-05 9.99386E-05 9.99386E-05 9.99386E-05
9.9956E-05 0.00676963 0.786775 9.9956E-05 9.9956E-05 9.9956E-05 9.9956E-05 0.197063 0.00889269
0.123668 0.0957534 0.663782 9.9956E-05 9.9956E-05 0.116296 9.9956E-05 9.9956E-05 9.9956E-05
9.99385E-05 0.572768 0.426533 9.99385E-05 9.99385E-05 9.99385E-05 9.99385E-05 9.99385E-05 9.99385E-05
0.259326 0.215822 0.303573 0.0650219 0.155856 9.99648E-05 9.99648E-05 9.99648E-05 9.99648E-05
9.99472E-05 0.0721271 0.832627 0.0946461 9.99472E-05 9.99472E-05 9.99472E-05 9.99472E-05 9.99472E-05
9.9956E-05 0.159794 0.790445 9.9956E-05 9.9956E-05 0.0480832 9.9956E-05 9.9956E-05 0.00117798
9.99649E-05 0.311713 0.409305 9.99649E-05 9.99649E-05 0.0676647 0.128081 0.0828374 9.99649E-05
9.99561E-05 0.169078 0.755205 9.99561E-05 9.99561E-05 9.99561E-05 0.0358702 9.99561E-05 0.0393468
0.215538 0.0907812 0.517777 0.00662578 0.06796 0.0448124 0.0563054 9.998E-05 9.998E-05
9.99648E-05 0.145097 0.523753 9.99648E-05 9.99648E-05 0.017509 0.23452 9.99648E-05 0.0787215
9.99472E-05 0.18425 0.716843 9.99472E-05 9.99472E-05 9.99472E-05 9.99472E-05 0.0983065 9.99472E-05
9.9956E-05 0.158169 0.646331 9.9956E-05 9.9956E-05 9.9956E-05 0.0407542 0.154246 9.9956E-05
9.99561E-05 0.240539 0.68315 9.99561E-05 0.0306313 9.99561E-05 0.0451796 9.99561E-05 9.99561E-05
0.0248917 0.193244 0.576281 0.0176688 0.122902 0.0162786 9.998E-05 9.998E-05 0.0485343
9.99736E-05 0.221225 0.662072 0.0309216 9.99736E-05 0.0117348 9.99736E-05 0.0489735 0.0247736
9.99472E-05 0.0418473 0.849495 0.108058 9.99472E-05 9.99472E-05 9.99472E-05 9.99472E-05 9.99472E-05
9.99386E-05 9.99386E-05 0.86535 9.99386E-05 9.99386E-05 9.99386E-05 0.13395 9.99386E-05 9.99386E-05
9.9956E-05 0.0330736 0.794776 9.9956E-05 9.9956E-05 9.9956E-05 0.000671851 0.170979 9.9956E-05
0.0791966 0.311984 0.547534 0.0415457 9.99649E-05 9.99649E-05 9.99649E-05 9.99649E-05 0.0193396
9.99648E-05 9.99648E-05 0.83588 0.0485361 0.0704854 9.99648E-05 9.99648E-05 0.0205494 0.0241489
9.99561E-05 0.133825 0.700344 0.108397 9.99561E-05 9.99561E-05 9.99561E-05 9.99561E-05 0.0569339
9.99648E-05 0.405805 0.41639 9.99648E-05 9.99648E-05 0.0110266 0.0578272 0.108551 9.99648E-05
9.99561E-05 0.290695 0.643663 9.99561E-05 9.99561E-05 0.0415357 0.0236062 9.99561E-05 9.99561E-05
9.9956E-05 0.197744 0.548778 9.9956E-05 9.9956E-05 9.9956E-05 0.189403 0.0635754 9.9956E-05
9.99561E-05 0.234931 0.568362 0.167502 9.99561E-05 0.0287053 9.99561E-05 9.99561E-05 9.99561E-05
9.9956E-05 0.175901 0.661177 0.0733779 9.9956E-05 0.089044 9.9956E-05 9.9956E-05 9.9956E-05
9.99473E-05 0.0646604 0.887156 9.99473E-05 9.99473E-05 9.99473E-05 9.99473E-05 0.0475835 9.99473E-05
9.993E-05 9.993E-05 0.999201 9.993E-05 9.993E-05 9.993E-05 9.993E-05 9.993E-05 9.993E-05
0.0602958 9.99648E-05 0.563326 9.99648E-05 0.164832 0.0806897 0.130457 9.99648E-05 9.99648E-05
9.99561E-05 0.0640688 0.81489 9.99561E-05 0.0924971 0.0280447 9.99561E-05 9.99561E-05 9.99561E-05
9.99561E-05 0.227172 0.461314 9.99561E-05 9.99561E-05 9.99561E-05 0.0376725 0.273342 9.99561E-05
9.99648E-05 0.112096 0.803429 0.0363081 9.99648E-05 9.99648E-05 9.99648E-05 0.00605426 0.0417129
9.99736E-05 0.0133997 0.731454 9.99736E-05 0.00760165 9.99736E-05 0.0730781 0.0791483 0.0950184
9.9956E-05 0.20311 0.52806 9.9956E-05 9.9956E-05 9.9956E-05 9.9956E-05 0.240355 0.0279754
9.996E-05 0.557371 0.335055 0.0507359 9.996E-05 9.996E-05 0.045897 0.0105417 9.996E-05
0.139161 0.414672 0.300856 0.0592968 9.998E-05 0.0133785 0.0672383 0.00519771 9.998E-05
9.9956E-05 0.21389 0.719733 9.9956E-05 9.9956E-05 0.026248 9.9956E-05 0.0396288 9.9956E-05
9.993E-05 9.993E-05 0.999201 9.993E-05 9.993E-05 9.993E-05 9.993E-05 9.993E-05 9.993E-05
9.9956E-05 0.177782 0.694238 9.9956E-05 9.9956E-05 0.0790099 9.9956E-05 9.9956E-05 0.0484701
9.993E-05 9.993E-05 0.999201 9.993E-05 9.993E-05 9.993E-05 9.993E-05 9.993E-05 9.993E-05
9.99736E-05 0.192685 0.390858 0.0235751 0.109393 9.99736E-05 0.244852 0.0383361 9.99736E-05
9.99386E-05 9.99386E-05 0.944049 9.99386E-05 9.99386E-05 9.99386E-05 0.055251 9.99386E-05 9.99386E-05
0.0452839 0.0142604 0.859583 9.99736E-05 9.99736E-05 0.0186566 0.0398473 0.0220693 9.99736E-05
0.0795932 9.996E-05 0.452919 9.996E-05 9.996E-05 0.050042 0.283472 0.133574 9.996E-05
9.99473E-05 0.157658 0.56839 9.99473E-05 9.99473E-05 9.99473E-05 0.273352 9.99473E-05 9.99473E-05
9.99561E-05 0.0553092 0.646492 9.99561E-05 0.013141 9.99561E-05 9.99561E-05 0.284558 9.99561E-05
9.99473E-05 0.317654 0.652298 9.99473E-05 9.99473E-05 9.99473E-05 9.99473E-05 9.99473E-05 0.0294487
9.99475E-05 0.0172189 0.8152 9.99475E-05 9.99475E-05 9.99475E-05 0.166981 9.99475E-05 9.99475E-05
9.99386E-05 0.186437 0.812863 9.99386E-05 9.99386E-05 9.99386E-05 9.99386E-05 9.99386E-05 9.99386E-05
9.99561E-05 0.218538 0.713166 9.99561E-05 9.99561E-05 9.99561E-05 9.99561E-05 0.026745 0.0410515
0.0941039 0.253672 0.534107 9.99561E-05 9.99561E-05 9.99561E-05 0.117618 9.99561E-05 9.99561E-05
9.993E-05 9.993E-05 0.999201 9.993E-05 9.993E-05 9.993E-05 9.993E-05 9.993E-05 9.993E-05
9.99387E-05 0.0954049 0.903895 9.99387E-05 9.99387E-05 9.99387E-05 9.99387E-05 9.99387E-05 9.99387E-05
0.12373 0.0406682 0.835002 9.99474E-05 9.99474E-05 9.99474E-05 9.99474E-05 9.99474E-05 9.99474E-05
9.99473E-05 0.0987597 0.848411 9.99473E-05 9.99473E-05 0.0522295 9.99473E-05 9.99473E-05 9.99473E-05
9.9956E-05 0.231067 0.500267 9.9956E-05 9.9956E-05 0.0606662 9.9956E-05 9.9956E-05 0.2075
9.996E-05 0.255889 0.700286 9.996E-05 0.000673029 0.00353878 9.996E-05 9.996E-05 0.039214
9.99386E-05 0.0158578 0.983443 9.99386E-05 9.99386E-05 9.99386E-05 9.99386E-05 9.99386E-05 9.99386E-05
0.152179 0.287753 0.471242 9.99736E-05 9.99736E-05 9.99736E-05 0.0607121 0.00362285 0.0241903
0.0600108 0.066365 0.755289 9.99648E-05 9.99648E-05 0.00627014 9.99648E-05 9.99648E-05 0.111665
9.99387E-05 9.99387E-05 0.760807 9.99387E-05 9.99387E-05 9.99387E-05 0.238493 9.99387E-05 9.99387E-05
9.99561E-05 0.0768804 0.52338 9.99561E-05 9.99561E-05 9.99561E-05 0.350705 9.99561E-05 0.0485344
0.0950905 9.99474E-05 0.781209 9.99474E-05 9.99474E-05 9.99474E-05 0.123101 9.99474E-05 9.99474E-05
0.088776 0.382185 0.510581 9.9956E-05 9.9956E-05 9.9956E-05 9.9956E-05 0.0179582 9.9956E-05
9.99649E-05 9.99649E-05 0.474045 0.0186231 0.195735 9.99649E-05 0.288726 9.99649E-05 0.0224706
9.993E-05 9.993E-05 0.999201 9.993E-05 9.993E-05 9.993E-05 9.993E-05 9.993E-05 9.993E-05
9.99473E-05 0.136676 0.52087 9.99473E-05 9.99473E-05 9.99473E-05 0.341854 9.99473E-05 9.99473E-05
9.99387E-05 9.99387E-05 0.813725 9.99387E-05 9.99387E-05 9.99387E-05 0.185576 9.99387E-05 9.99387E-05
9.99473E-05 9.99473E-05 0.960217 0.00650832 9.99473E-05 9.99473E-05 9.99473E-05 0.032675 9.99473E-05
9.99386E-05 9.99386E-05 0.744454 9.99386E-05 9.99386E-05 9.99386E-05 0.254846 9.99386E-05 9.99386E-05
9.9956E-05 0.423062 0.440868 9.9956E-05 9.9956E-05 0.0275181 0.108051 9.9956E-05 9.9956E-05
9.99561E-05 0.154255 0.645564 9.99561E-05 9.99561E-05 0.0311081 9.99561E-05 0.168573 9.99561E-05
9.99736E-05 0.171004 0.455958 0.0689934 9.99736E-05 0.0641822 9.99736E-05 0.167458 0.0721048
9.99387E-05 9.99387E-05 0.916014 9.99387E-05 9.99387E-05 9.99387E-05 0.0832868 9.99387E-05 9.99387E-05
9.99473E-05 0.171402 0.802085 9.99473E-05 9.99473E-05 0.0259136 9.99473E-05 9.99473E-05 9.99473E-05
9.99561E-05 0.0985291 0.571751 9.99561E-05 9.99561E-05 9.99561E-05 0.136108 9.99561E-05 0.193112
9.99385E-05 9.99385E-05 0.817118 9.99385E-05 9.99385E-05 9.99385E-05 0.182183 9.99385E-05 9.99385E-05
9.9956E-05 0.0821475 0.741352 0.126009 9.9956E-05 0.0499921 9.9956E-05 9.9956E-05 9.9956E-05
9.99472E-05 0.366972 0.580669 0.0517598 9.99472E-05 9.99472E-05 9.99472E-05 9.99472E-05 9.99472E-05
0.15585 0.136707 0.546261 9.99649E-05 0.0908472 9.99649E-05 9.99649E-05 9.99649E-05 0.0699345
0.106687 0.197316 0.642288 9.9956E-05 9.9956E-05 9.9956E-05 9.9956E-05 9.9956E-05 0.0532095
0.0481919 0.101683 0.476557 0.0152588 9.99824E-05 9.99824E-05 0.138208 0.0645569 0.155345
0.125439 0.0548921 0.406179 0.112742 9.99648E-05 9.99648E-05 0.300348 9.99648E-05 9.99648E-05
0.17777 0.354455 0.401972 9.99561E-05 9.99561E-05 9.99561E-05 0.0653038 9.99561E-05 9.99561E-05
9.99648E-05 0.0506074 0.530311 9.99648E-05 9.99648E-05 0.123095 0.181635 9.99648E-05 0.113952
9.99473E-05 0.200479 0.664842 9.99473E-05 9.99473E-05 9.99473E-05 0.134079 9.99473E-05 9.99473E-05
9.99474E-05 9.99474E-05 0.891832 0.0137613 9.99474E-05 9.99474E-05 0.0938075 9.99474E-05 9.99474E-05
9.996E-05 0.206086 0.562416 0.0201968 9.996E-05 9.996E-05 9.996E-05 0.173369 0.037532
0.0647915 0.0868423 0.624906 9.997E-05 9.997E-05 0.102871 0.0484348 0.0718548 9.997E-05
0.159723 0.0182769 0.660938 0.0754157 0.00121956 0.0189021 0.0653253 9.99824E-05 9.99824E-05
0.256398 0.0532169 0.422664 9.99736E-05 9.99736E-05 9.99736E-05 0.157144 0.050108 0.06017
9.998E-05 0.202539 0.452085 0.0769919 0.0387211 0.0602361 9.998E-05 0.125686 0.0435407
0.254691 0.0840124 0.660697 9.99472E-05 9.99472E-05 9.99472E-05 9.99472E-05 9.99472E-05 9.99472E-05
9.99824E-05 0.117358 0.47512 0.111791 0.0434281 0.0078345 0.104125 9.99824E-05 0.140143
9.99475E-05 0.0709592 0.810572 9.99475E-05 9.99475E-05 9.99475E-05 0.117869 9.99475E-05 9.99475E-05
0.0207033 0.139142 0.740614 9.9965E-05 9.9965E-05 9.9965E-05 0.0957377 9.9965E-05 0.00340358
0.0550652 0.181783 0.642547 9.99561E-05 9.99561E-05 9.99561E-05 0.120106 9.99561E-05 9.99561E-05
9.99648E-05 9.99648E-05 0.502615 0.190927 0.0593438 9.99648E-05 0.197416 9.99648E-05 0.0492996
9.99474E-05 0.0207961 0.844772 9.99474E-05 9.99474E-05 9.99474E-05 0.133832 9.99474E-05 9.99474E-05
9.99387E-05 9.99387E-05 0.915291 9.99387E-05 9.99387E-05 9.99387E-05 0.0840091 9.99387E-05 9.99387E-05
9.99561E-05 0.0641206 0.861851 0.0222877 9.99561E-05 9.99561E-05 9.99561E-05 9.99561E-05 0.0512411
9.99561E-05 0.082203 0.841861 0.00322748 9.99561E-05 9.99561E-05 9.99561E-05 9.99561E-05 0.0722089
0.0279938 9.99386E-05 0.971307 9.99386E-05 9.99386E-05 9.99386E-05 9.99386E-05 9.99386E-05 9.99386E-05
0.0301671 0.153421 0.776232 9.9956E-05 9.9956E-05 9.9956E-05 9.9956E-05 0.0396801 9.9956E-05
0.125983 0.0968888 0.702803 9.99561E-05 9.99561E-05 9.99561E-05 9.99561E-05 0.0738258 9.99561E-05
0.159984 9.99648E-05 0.495146 9.99648E-05 9.99648E-05 0.0962129 0.0511673 9.99648E-05 0.19709
9.99473E-05 0.309677 0.600181 9.99473E-05 9.99473E-05 9.99473E-05 0.0895422 9.99473E-05 9.99473E-05
0.00211182 0.17678 0.677179 0.0136605 9.998E-05 9.998E-05 0.0890854 0.0326389 0.00834446
0.116469 9.99648E-05 0.6199 0.181915 9.99648E-05 9.99648E-05 0.00201067 9.99648E-05 0.0793042
9.99386E-05 9.99386E-05 0.962597 9.99386E-05 9.99386E-05 0.0367031 9.99386E-05 9.99386E-05 9.99386E-05
0.0821195 9.99736E-05 0.409134 9.99736E-05 0.0666235 9.99736E-05 0.293248 0.137223 0.011352
0.115339 0.0246991 0.713065 0.140932 9.99648E-05 0.00556448 9.99648E-05 9.99648E-05 9.99648E-05
9.99472E-05 0.234192 0.662373 9.99472E-05 9.99472E-05 0.102835 9.99472E-05 9.99472E-05 9.99472E-05
9.99648E-05 0.060631 0.503538 9.99648E-05 9.99648E-05 9.99648E-05 0.346691 0.05169 0.0370505
9.99649E-05 0.198141 0.564922 9.99649E-05 9.99649E-05 0.00251382 9.99649E-05 0.21012 0.023904
9.99474E-05 0.0468004 0.53893 9.99474E-05 9.99474E-05 9.99474E-05 0.41367 9.99474E-05 9.99474E-05
0.0983994 0.157366 0.558619 0.0643401 9.99736E-05 0.106783 9.99736E-05 9.99736E-05 0.0141932
9.99474E-05 9.99474E-05 0.888504 9.99474E-05 9.99474E-05 9.99474E-05 0.0635075 9.99474E-05 0.0473887
9.99387E-05 9.99387E-05 0.727183 9.99387E-05 9.99387E-05 9.99387E-05 0.272117 9.99387E-05 9.99387E-05
0.0320316 0.246371 0.617677 9.99824E-05 0.00854761 0.0780775 0.00879217 0.00830318 9.99824E-05
9.99648E-05 0.0666156 0.584506 9.99648E-05 9.99648E-05 9.99648E-05 0.197684 0.143464 0.00733007
0.186391 0.0945335 0.00164223 9.99736E-05 9.99736E-05 0.0575514 0.44747 0.212112 9.99736E-05
0.178622 9.99649E-05 0.0942807 9.99649E-05 9.99649E-05 0.0433614 0.479997 0.203338 9.99649E-05
0.100494 0.109227 0.0162241 9.99912E-05 0.0461849 0.0921289 0.487395 0.145091 0.00315483
0.0359655 9.997E-05 0.165543 9.997E-05 0.138235 0.086157 0.530538 0.0432624 9.997E-05
0.064265 0.0308665 0.0971898 0.182619 9.99825E-05 0.0336735 0.443865 9.99825E-05 0.147322
0.410665 9.99562E-05 0.0237806 9.99562E-05 9.99562E-05 9.99562E-05 0.529713 0.0353418 9.99562E-05
0.635752 0.168668 9.99736E-05 0.0272801 9.99736E-05 0.00747557 0.137502 0.0230224 9.99736E-05
0.0717533 0.0566163 9.99825E-05 9.99825E-05 0.160084 0.0370898 0.654637 0.00871783 0.010902
0.105401 9.99737E-05 0.0199116 0.00658856 0.065382 0.0862145 0.716202 9.99737E-05 9.99737E-05
0.0781634 0.113143 0.0136422 9.99736E-05 9.99736E-05 0.021424 0.642238 0.131089 9.99736E-05
0.313806 0.0724116 0.107001 0.00117501 9.99912E-05 0.139563 0.232118 0.102887 0.0309388
0.239973 0.012762 0.00150053 9.99825E-05 0.0198791 0.0517324 0.456681 9.99825E-05 0.217272
0.267026 0.108861 0.0852629 9.99824E-05 0.118636 0.0221408 0.343842 0.0540327 9.99824E-05
0.284644 9.99563E-05 9.99563E-05 9.99563E-05 9.99563E-05 0.0138881 0.557685 0.143284 9.99563E-05
0.408096 9.99737E-05 0.09106 0.0241414 0.0234257 0.127871 0.325106 9.99737E-05 9.99737E-05
0.186393 0.125858 9.997E-05 9.997E-05 0.0233504 0.0989343 0.415762 0.149402 9.997E-05
0.272787 0.0332767 0.0448172 9.99736E-05 9.99736E-05 0.145597 0.491414 0.0118076 9.99736E-05
0.219988 9.99825E-05 0.0113459 9.99825E-05 0.124038 0.00277542 0.583255 0.0132771 0.0451205
0.143954 0.0453809 9.997E-05 9.997E-05 0.137755 0.178524 0.483178 9.997E-05 0.0109087
0.146907 0.15458 9.99561E-05 9.99561E-05 9.99561E-05 9.99561E-05 0.472461 0.225553 9.99561E-05
0.407704 0.171967 9.99561E-05 9.99561E-05 9.99561E-05 0.126914 0.292915 9.99561E-05 9.99561E-05
0.338341 0.0404597 9.99649E-05 9.99649E-05 9.99649E-05 0.0978768 0.384466 0.138456 9.99649E-05
0.580509 0.0317531 9.996E-05 9.996E-05 9.996E-05 0.132494 0.175791 9.996E-05 0.0790524
9.99385E-05 9.99385E-05 9.99385E-05 0.0435206 9.99385E-05 9.99385E-05 0.95578 9.99385E-05 9.99385E-05
9.99384E-05 0.130371 9.99384E-05 9.99384E-05 9.99384E-05 9.99384E-05 0.868929 9.99384E-05 9.99384E-05
9.99384E-05 0.0791996 9.99384E-05 9.99384E-05 9.99384E-05 9.99384E-05 0.920101 9.99384E-05 9.99384E-05
9.99384E-05 9.99384E-05 9.99384E-05 9.99384E-05 0.0362843 9.99384E-05 0.963016 9.99384E-05 9.99384E-05
9.993E-05 9.993E-05 9.993E-05 9.993E-05 9.993E-05 9.993E-05 0.999201 9.993E-05 9.993E-05
9.99385E-05 0.0843196 9.99385E-05 9.99385E-05 9.99385E-05 9.99385E-05 0.914981 9.99385E-05 9.99385E-05
9.99385E-05 0.0606396 9.99385E-05 9.99385E-05 9.99385E-05 9.99385E-05 0.938661 9.99385E-05 9.99385E-05
9.993E-05 9.993E-05 9.993E-05 9.993E-05 9.993E-05 9.993E-05 0.999201 9.993E-05 9.993E-05
0.0108054 0.0357468 0.0575518 9.99736E-05 0.071541 9.99736E-05 0.788994 0.0350613 9.99736E-05
9.99472E-05 0.199972 9.99472E-05 9.99472E-05 9.99472E-05 0.014797 0.784631 9.99472E-05 9.99472E-05
9.99384E-05 9.99384E-05 9.99384E-05 9.99384E-05 9.99384E-05 9.99384E-05 0.981499 9.99384E-05 0.0178018
9.993E-05 9.993E-05 9.993E-05 9.993E-05 9.993E-05 9.993E-05 0.999201 9.993E-05 9.993E-05
9.99472E-05 0.200243 9.99472E-05 9.99472E-05 9.99472E-05 0.0157089 0.783448 9.99472E-05 9.99472E-05
9.99385E-05 0.0590619 9.99385E-05 9.99385E-05 9.99385E-05 9.99385E-05 0.940239 9.99385E-05 9.99385E-05
9.993E-05 9.993E-05 9.993E-05 9.993E-05 9.993E-05 9.993E-05 0.999201 9.993E-05 9.993E-05
9.99385E-05 0.0461654 9.99385E-05 9.99385E-05 9.99385E-05 9.99385E-05 0.953135 9.99385E-05 9.99385E-05
9.99384E-05 9.99384E-05 9.99384E-05 0.0297841 9.99384E-05 9.99384E-05 0.969516 9.99384E-05 9.99384E-05
9.99385E-05 0.00653935 9.99385E-05 9.99385E-05 9.99385E-05 9.99385E-05 0.992761 9.99385E-05 9.99385E-05
9.99384E-05 0.0930556 9.99384E-05 9.99384E-05 9.99384E-05 9.99384E-05 0.906245 9.99384E-05 9.99384E-05
9.993E-05 9.993E-05 9.993E-05 9.993E-05 9.993E-05 9.993E-05 0.999201 9.993E-05 9.993E-05
9.9956E-05 0.314952 9.9956E-05 0.00536098 9.9956E-05 0.000400912 0.678786 9.9956E-05 9.9956E-05
9.993E-05 9.993E-05 9.993E-05 9.993E-05 9.993E-05 9.993E-05 0.999201 9.993E-05 9.993E-05
9.99472E-05 0.287837 9.99472E-05 9.99472E-05 9.99472E-05 9.99472E-05 0.700302 9.99472E-05 0.0112613
9.99387E-05 9.99387E-05 0.988488 9.99387E-05 9.99387E-05 9.99387E-05 9.99387E-05 9.99387E-05 0.010812
9.993E-05 9.993E-05 9.993E-05 9.993E-05 9.993E-05 9.993E-05 0.999201 9.993E-05 9.993E-05
9.993E-05 9.993E-05 9.993E-05 9.993E-05 9.993E-05 9.993E-05 0.999201 9.993E-05 9.993E-05
0.0220168 9.9956E-05 9.9956E-05 9.9956E-05 0.1174 0.123788 0.736296 9.9956E-05 9.9956E-05
9.993E-05 9.993E-05 9.993E-05 9.993E-05 9.993E-05 9.993E-05 0.999201 9.993E-05 9.993E-05
9.99384E-05 0.223879 9.99384E-05 9.99384E-05 9.99384E-05 9.99384E-05 0.775421 9.99384E-05 9.99384E-05
9.993E-05 9.993E-05 9.993E-05 9.993E-05 9.993E-05 9.993E-05 0.999201 9.993E-05 9.993E-05
9.99385E-05 9.99385E-05 9.99385E-05 9.99385E-05 9.99385E-05 0.00129857 0.998002 9.99385E-05 9.99385E-05
9.993E-05 9.993E-05 9.993E-05 9.993E-05 9.993E-05 9.993E-05 0.999201 9.993E-05 9.993E-05
9.993E-05 9.993E-05 9.993E-05 9.993E-05 9.993E-05 9.993E-05 0.999201 9.993E-05 9.993E-05
9.99384E-05 0.117546 9.99384E-05 9.99384E-05 9.99384E-05 9.99384E-05 0.881754 9.99384E-05 9.99384E-05
9.993E-05 9.993E-05 9.993E-05 9.993E-05 9.993E-05 9.993E-05 0.999201 9.993E-05 9.993E-05
9.993E-05 9.993E-05 9.993E-05 9.993E-05 9.993E-05 9.993E-05 0.999201 9.993E-05 9.993E-05
9.99472E-05 0.0994587 0.00512071 9.99472E-05 9.99472E-05 9.99472E-05 0.894821 9.99472E-05 9.99472E-05
