9.98333E-05 0.0423753 9.98333E-05 0.0285372 9.98333E-05 9.98333E-05 9.98333E-05 9.98333E-05 9.98333E-05 9.98333E-05 0.345202 9.98333E-05 9.98333E-05 0.0202413 0.0776888 9.98333E-05 0.141254 0.116264 9.98333E-05 0.226334 9.98333E-05 9.98333E-05 9.98333E-05 9.98333E-05 9.98333E-05 9.98333E-05 0.000207362 9.98333E-05
9.98246E-05 9.98246E-05 0.0127213 9.98246E-05 9.98246E-05 0.00850666 9.98246E-05 9.98246E-05 9.98246E-05 9.98246E-05 0.196863 9.98246E-05 0.0136445 9.98246E-05 0.551155 9.98246E-05 9.98246E-05 9.98246E-05 0.108822 9.98246E-05 9.98246E-05 9.98246E-05 9.98246E-05 9.98246E-05 9.98246E-05 9.98246E-05 0.0275615 0.0787298
9.9772E-05 9.9772E-05 9.9772E-05 9.9772E-05 9.9772E-05 9.9772E-05 9.9772E-05 9.9772E-05 9.9772E-05 9.9772E-05 9.9772E-05 9.9772E-05 9.9772E-05 9.9772E-05 0.640463 9.9772E-05 9.9772E-05 9.9772E-05 9.9772E-05 9.9772E-05 9.9772E-05 9.9772E-05 9.9772E-05 9.9772E-05 9.9772E-05 9.9772E-05 9.9772E-05 0.356943
9.98246E-05 0.150724 0.18587 9.98246E-05 9.98246E-05 9.98246E-05 9.98246E-05 9.98246E-05 9.98246E-05 9.98246E-05 0.314613 9.98246E-05 0.0849866 9.98246E-05 9.98246E-05 9.98246E-05 0.130628 0.0202651 9.98246E-05 9.98246E-05 9.98246E-05 9.98246E-05 9.98246E-05 0.110428 9.98246E-05 0.000487913 9.98246E-05 9.98246E-05
9.97809E-05 9.97809E-05 9.97809E-05 9.97809E-05 9.97809E-05 9.97809E-05 9.97809E-05 9.97809E-05 9.97809E-05 9.97809E-05 0.158746 9.97809E-05 9.97809E-05 9.97809E-05 0.777709 9.97809E-05 9.97809E-05 9.97809E-05 9.97809E-05 9.97809E-05 9.97809E-05 9.97809E-05 0.0610512 9.97809E-05 9.97809E-05 9.97809E-05 9.97809E-05 9.97809E-05
9.9851E-05 0.0193992 9.9851E-05 9.9851E-05 9.9851E-05 9.9851E-05 9.9851E-05 9.9851E-05 9.9851E-05 0.00465029 0.0198809 0.0372741 9.9851E-05 0.0276535 0.238574 9.9851E-05 9.9851E-05 9.9851E-05 0.0619327 0.181663 9.9851E-05 0.0431488 0.179524 0.184602 9.9851E-05 9.9851E-05 9.9851E-05 9.9851E-05
9.98422E-05 9.98422E-05 0.0554471 9.98422E-05 9.98422E-05 9.98422E-05 0.0597795 9.98422E-05 0.129187 9.98422E-05 0.232805 0.0145372 0.162028 9.98422E-05 9.98422E-05 9.98422E-05 0.105115 9.98422E-05 0.0667705 0.0321808 9.98422E-05 9.98422E-05 9.98422E-05 9.98422E-05 9.98422E-05 9.98422E-05 9.98422E-05 0.140352
9.98511E-05 9.98511E-05 9.98511E-05 0.0282962 9.98511E-05 9.98511E-05 9.98511E-05 9.98511E-05 9.98511E-05 9.98511E-05 0.200626 9.98511E-05 9.98511E-05 0.123869 9.98511E-05 0.0546211 0.151397 9.98511E-05 0.0597508 0.0602566 0.101349 0.169928 0.0345322 0.0136755 9.98511E-05 9.98511E-05 9.98511E-05 9.98511E-05
9.98246E-05 9.98246E-05 9.98246E-05 9.98246E-05 9.98246E-05 9.98246E-05 0.156972 9.98246E-05 9.98246E-05 9.98246E-05 0.188487 9.98246E-05 9.98246E-05 9.98246E-05 0.0223555 9.98246E-05 9.98246E-05 0.240818 0.0391248 9.98246E-05 9.98246E-05 0.19907 9.98246E-05 9.98246E-05 9.98246E-05 0.108984 9.98246E-05 0.0421921
9.97984E-05 9.97984E-05 0.0392269 9.97984E-05 9.97984E-05 9.97984E-05 9.97984E-05 9.97984E-05 9.97984E-05 0.014868 0.0272384 9.97984E-05 9.97984E-05 9.97984E-05 0.866276 9.97984E-05 9.97984E-05 0.0500949 9.97984E-05 9.97984E-05 9.97984E-05 9.97984E-05 9.97984E-05 9.97984E-05 9.97984E-05 9.97984E-05 9.97984E-05 9.97984E-05
9.9807E-05 9.9807E-05 9.9807E-05 9.9807E-05 9.9807E-05 9.9807E-05 9.9807E-05 9.9807E-05 9.9807E-05 9.9807E-05 0.56373 9.9807E-05 0.106629 9.9807E-05 9.9807E-05 9.9807E-05 0.104811 0.162917 9.9807E-05 0.0542225 9.9807E-05 0.0054938 9.9807E-05 9.9807E-05 9.9807E-05 9.9807E-05 9.9807E-05 9.9807E-05
9.9772E-05 9.9772E-05 9.9772E-05 9.9772E-05 9.9772E-05 9.9772E-05 9.9772E-05 9.9772E-05 9.9772E-05 9.9772E-05 9.9772E-05 9.9772E-05 9.9772E-05 9.9772E-05 0.984318 9.9772E-05 9.9772E-05 9.9772E-05 9.9772E-05 9.9772E-05 0.0130882 9.9772E-05 9.9772E-05 9.9772E-05 9.9772E-05 9.9772E-05 9.9772E-05 9.9772E-05
9.97893E-05 9.97893E-05 9.97893E-05 9.97893E-05 9.97893E-05 9.97893E-05 9.97893E-05 9.97893E-05 9.97893E-05 9.97893E-05 0.827293 9.97893E-05 9.97893E-05 9.97893E-05 0.0727484 9.97893E-05 0.0678029 0.0297602 9.97893E-05 9.97893E-05 9.97893E-05 9.97893E-05 9.97893E-05 9.97893E-05 9.97893E-05 9.97893E-05 9.97893E-05 9.97893E-05
9.97895E-05 9.97895E-05 9.97895E-05 9.97895E-05 9.97895E-05 9.97895E-05 9.97895E-05 9.97895E-05 9.97895E-05 9.97895E-05 9.97895E-05 9.97895E-05 0.00745785 9.97895E-05 9.97895E-05 9.97895E-05 9.97895E-05 9.97895E-05 9.97895E-05 9.97895E-05 9.97895E-05 9.97895E-05 9.97895E-05 9.97895E-05 0.0134203 9.97895E-05 0.00612717 0.9706
9.98333E-05 9.98333E-05 9.98333E-05 9.98333E-05 0.0934842 9.98333E-05 0.027255 9.98333E-05 9.98333E-05 9.98333E-05 9.98333E-05 9.98333E-05 9.98333E-05 0.0470203 0.356768 9.98333E-05 0.055626 0.130214 0.055694 0.0955823 9.98333E-05 0.136459 9.98333E-05 9.98333E-05 9.98333E-05 9.98333E-05 9.98333E-05 9.98333E-05
9.9842E-05 9.9842E-05 0.0755645 0.0153383 9.9842E-05 9.9842E-05 9.9842E-05 9.9842E-05 9.9842E-05 9.9842E-05 0.0361869 9.9842E-05 9.9842E-05 9.9842E-05 0.217146 0.103324 0.0730857 0.0922519 9.9842E-05 0.171467 0.0392277 0.17461 9.9842E-05 9.9842E-05 9.9842E-05 9.9842E-05 9.9842E-05 9.9842E-05
9.98422E-05 9.98422E-05 9.98422E-05 0.0557143 0.277926 9.98422E-05 9.98422E-05 9.98422E-05 9.98422E-05 9.98422E-05 0.209022 9.98422E-05 0.0395607 9.98422E-05 0.104109 0.0513504 0.0436723 0.0300273 9.98422E-05 9.98422E-05 9.98422E-05 9.98422E-05 9.98422E-05 9.98422E-05 9.98422E-05 9.98422E-05 0.0136021 0.173218
9.98422E-05 9.98422E-05 9.98422E-05 9.98422E-05 9.98422E-05 9.98422E-05 0.0221687 0.0692983 9.98422E-05 0.200912 0.164067 9.98422E-05 9.98422E-05 9.98422E-05 9.98422E-05 9.98422E-05 0.241418 0.0904527 9.98422E-05 0.111174 0.00511346 0.0414025 9.98422E-05 9.98422E-05 9.98422E-05 0.0521961 9.98422E-05 9.98422E-05
9.98157E-05 9.98157E-05 9.98157E-05 9.98157E-05 9.98157E-05 9.98157E-05 9.98157E-05 9.98157E-05 9.98157E-05 9.98157E-05 9.98157E-05 0.18672 9.98157E-05 9.98157E-05 0.378654 9.98157E-05 0.0717048 0.219913 0.0494067 9.98157E-05 9.98157E-05 0.0813091 9.98157E-05 9.98157E-05 9.98157E-05 9.98157E-05 9.98157E-05 0.010196
9.97807E-05 0.0175892 9.97807E-05 9.97807E-05 9.97807E-05 9.97807E-05 9.97807E-05 9.97807E-05 9.97807E-05 9.97807E-05 0.705963 9.97807E-05 9.97807E-05 9.97807E-05 0.273953 9.97807E-05 9.97807E-05 9.97807E-05 9.97807E-05 9.97807E-05 9.97807E-05 9.97807E-05 9.97807E-05 9.97807E-05 9.97807E-05 9.97807E-05 9.97807E-05 9.97807E-05
9.98069E-05 9.98069E-05 9.98069E-05 9.98069E-05 9.98069E-05 9.98069E-05 9.98069E-05 0.0104513 9.98069E-05 9.98069E-05 0.607283 9.98069E-05 0.0446294 9.98069E-05 9.98069E-05 9.98069E-05 9.98069E-05 9.98069E-05 9.98069E-05 9.98069E-05 0.183262 0.0536165 9.98069E-05 9.98069E-05 9.98069E-05 0.0985629 9.98069E-05 9.98069E-05
9.98159E-05 9.98159E-05 9.98159E-05 9.98159E-05 9.98159E-05 0.0796079 9.98159E-05 9.98159E-05 9.98159E-05 9.98159E-05 9.98159E-05 0.101233 9.98159E-05 9.98159E-05 0.256922 9.98159E-05 0.317583 9.98159E-05 9.98159E-05 9.98159E-05 9.98159E-05 0.0744737 0.0874924 0.0805914 9.98159E-05 9.98159E-05 9.98159E-05 9.98159E-05
9.98072E-05 9.98072E-05 9.98072E-05 9.98072E-05 9.98072E-05 9.98072E-05 9.98072E-05 9.98072E-05 9.98072E-05 0.00787127 0.700063 9.98072E-05 0.00122883 9.98072E-05 9.98072E-05 9.98072E-05 9.98072E-05 0.163236 0.0065512 0.118854 9.98072E-05 9.98072E-05 9.98072E-05 9.98072E-05 9.98072E-05 9.98072E-05 9.98072E-05 9.98072E-05
9.98159E-05 9.98159E-05 9.98159E-05 0.103145 9.98159E-05 9.98159E-05 0.0074509 9.98159E-05 9.98159E-05 9.98159E-05 0.337947 9.98159E-05 9.98159E-05 9.98159E-05 9.98159E-05 9.98159E-05 0.190777 0.167423 9.98159E-05 9.98159E-05 0.0320699 9.98159E-05 9.98159E-05 9.98159E-05 9.98159E-05 9.98159E-05 9.98159E-05 0.15909
9.98157E-05 0.0988324 9.98157E-05 9.98157E-05 9.98157E-05 9.98157E-05 9.98157E-05 9.98157E-05 9.98157E-05 9.98157E-05 9.98157E-05 9.98157E-05 9.98157E-05 9.98157E-05 0.0504588 9.98157E-05 0.0722487 0.198351 9.98157E-05 9.98157E-05 9.98157E-05 0.0627545 9.98157E-05 0.199515 9.98157E-05 9.98157E-05 9.98157E-05 0.315744
9.98159E-05 9.98159E-05 0.0161692 9.98159E-05 9.98159E-05 9.98159E-05 9.98159E-05 9.98159E-05 9.98159E-05 9.98159E-05 0.263597 9.98159E-05 9.98159E-05 9.98159E-05 0.4102 9.98159E-05 0.0535493 0.0939164 9.98159E-05 9.98159E-05 9.98159E-05 9.98159E-05 9.98159E-05 0.103716 9.98159E-05 9.98159E-05 9.98159E-05 0.056756
9.98157E-05 9.98157E-05 9.98157E-05 9.98157E-05 9.98157E-05 0.278576 9.98157E-05 9.98157E-05 9.98157E-05 0.113972 0.0530657 9.98157E-05 9.98157E-05 9.98157E-05 9.98157E-05 9.98157E-05 0.242877 0.056365 9.98157E-05 9.98157E-05 0.060584 9.98157E-05 9.98157E-05 0.192463 9.98157E-05 9.98157E-05 9.98157E-05 9.98157E-05
9.98071E-05 9.98071E-05 0.058894 9.98071E-05 9.98071E-05 9.98071E-05 9.98071E-05 9.98071E-05 9.98071E-05 9.98071E-05 0.854876 0.036754 9.98071E-05 9.98071E-05 9.98071E-05 9.98071E-05 9.98071E-05 0.00796612 9.98071E-05 9.98071E-05 0.0261452 9.98071E-05 9.98071E-05 9.98071E-05 0.0131688 9.98071E-05 9.98071E-05 9.98071E-05
9.98159E-05 9.98159E-05 9.98159E-05 9.98159E-05 0.0816699 9.98159E-05 0.0265799 9.98159E-05 9.98159E-05 9.98159E-05 0.0497936 9.98159E-05 9.98159E-05 9.98159E-05 0.590614 9.98159E-05 0.0366737 0.165296 9.98159E-05 0.0472766 9.98159E-05 9.98159E-05 9.98159E-05 9.98159E-05 9.98159E-05 9.98159E-05 9.98159E-05 9.98159E-05
9.97721E-05 9.97721E-05 9.97721E-05 9.97721E-05 0.347271 9.97721E-05 9.97721E-05 9.97721E-05 9.97721E-05 9.97721E-05 9.97721E-05 9.97721E-05 9.97721E-05 9.97721E-05 0.650135 9.97721E-05 9.97721E-05 9.97721E-05 9.97721E-05 9.97721E-05 9.97721E-05 9.97721E-05 9.97721E-05 9.97721E-05 9.97721E-05 9.97721E-05 9.97721E-05 9.97721E-05
9.98158E-05 9.98158E-05 9.98158E-05 9.98158E-05 9.98158E-05 9.98158E-05 9.98158E-05 9.98158E-05 9.98158E-05 9.98158E-05 0.27335 0.0547978 0.0864794 9.98158E-05 0.477511 9.98158E-05 0.0338516 9.98158E-05 9.98158E-05 0.0516781 9.98158E-05 0.0202355 9.98158E-05 9.98158E-05 9.98158E-05 9.98158E-05 9.98158E-05 9.98158E-05
9.98333E-05 0.0343144 0.0229303 9.98333E-05 9.98333E-05 9.98333E-05 9.98333E-05 9.98333E-05 9.98333E-05 9.98333E-05 0.581269 0.0904321 9.98333E-05 9.98333E-05 9.98333E-05 9.98333E-05 0.0139116 0.0182541 9.98333E-05 9.98333E-05 9.98333E-05 9.98333E-05 9.98333E-05 0.0698858 0.12746 0.0396462 9.98333E-05 9.98333E-05
9.98245E-05 9.98245E-05 0.00362369 9.98245E-05 9.98245E-05 9.98245E-05 9.98245E-05 9.98245E-05 9.98245E-05 9.98245E-05 0.0658976 9.98245E-05 0.101125 9.98245E-05 9.98245E-05 0.00387972 0.0218465 0.0784107 9.98245E-05 0.109035 9.98245E-05 9.98245E-05 9.98245E-05 9.98245E-05 9.98245E-05 9.98245E-05 9.98245E-05 0.614186
9.9807E-05 9.9807E-05 9.9807E-05 9.9807E-05 9.9807E-05 9.9807E-05 9.9807E-05 9.9807E-05 9.9807E-05 9.9807E-05 9.9807E-05 9.9807E-05 9.9807E-05 9.9807E-05 0.0959369 9.9807E-05 0.093121 0.0754603 9.9807E-05 9.9807E-05 0.0326567 9.9807E-05 9.9807E-05 0.104841 9.9807E-05 9.9807E-05 9.9807E-05 0.595788
9.98159E-05 0.0683762 9.98159E-05 9.98159E-05 9.98159E-05 0.0109017 9.98159E-05 9.98159E-05 9.98159E-05 9.98159E-05 0.0356228 9.98159E-05 0.028043 9.98159E-05 0.843666 9.98159E-05 9.98159E-05 0.0106052 9.98159E-05 9.98159E-05 9.98159E-05 0.000689271 9.98159E-05 9.98159E-05 9.98159E-05 9.98159E-05 9.98159E-05 9.98159E-05
9.98159E-05 9.98159E-05 0.130004 9.98159E-05 9.98159E-05 0.0282017 0.0317707 9.98159E-05 9.98159E-05 9.98159E-05 0.504327 9.98159E-05 9.98159E-05 9.98159E-05 0.257718 9.98159E-05 0.0187632 9.98159E-05 9.98159E-05 9.98159E-05 9.98159E-05 9.98159E-05 9.98159E-05 9.98159E-05 9.98159E-05 0.0271197 9.98159E-05 9.98159E-05
9.97807E-05 9.97807E-05 9.97807E-05 9.97807E-05 9.97807E-05 9.97807E-05 9.97807E-05 9.97807E-05 0.04595 9.97807E-05 0.8583 0.0932553 9.97807E-05 9.97807E-05 9.97807E-05 9.97807E-05 9.97807E-05 9.97807E-05 9.97807E-05 9.97807E-05 9.97807E-05 9.97807E-05 9.97807E-05 9.97807E-05 9.97807E-05 9.97807E-05 9.97807E-05 9.97807E-05
9.97895E-05 9.97895E-05 9.97895E-05 9.97895E-05 9.97895E-05 9.97895E-05 9.97895E-05 9.97895E-05 9.97895E-05 9.97895E-05 9.97895E-05 9.97895E-05 9.97895E-05 9.97895E-05 9.97895E-05 9.97895E-05 9.97895E-05 0.0433362 9.97895E-05 9.97895E-05 9.97895E-05 0.121062 9.97895E-05 9.97895E-05 9.97895E-05 9.97895E-05 0.00258163 0.830625
0.0767832 9.98072E-05 9.98072E-05 9.98072E-05 9.98072E-05 9.98072E-05 9.98072E-05 9.98072E-05 9.98072E-05 9.98072E-05 9.98072E-05 9.98072E-05 0.0146445 9.98072E-05 0.648521 9.98072E-05 9.98072E-05 0.0527764 9.98072E-05 9.98072E-05 0.0413065 9.98072E-05 9.98072E-05 9.98072E-05 9.98072E-05 9.98072E-05 0.163773 9.98072E-05
9.98245E-05 9.98245E-05 9.98245E-05 9.98245E-05 0.0524956 9.98245E-05 9.98245E-05 9.98245E-05 0.0384493 9.98245E-05 9.98245E-05 0.0127449 9.98245E-05 9.98245E-05 0.307269 9.98245E-05 9.98245E-05 0.097461 9.98245E-05 9.98245E-05 0.0451144 9.98245E-05 9.98245E-05 0.0934571 9.98245E-05 9.98245E-05 9.98245E-05 0.351012
9.97808E-05 9.97808E-05 9.97808E-05 9.97808E-05 9.97808E-05 9.97808E-05 9.97808E-05 9.97808E-05 0.00184301 9.97808E-05 9.97808E-05 9.97808E-05 9.97808E-05 9.97808E-05 0.986732 9.97808E-05 0.00893047 9.97808E-05 9.97808E-05 9.97808E-05 9.97808E-05 9.97808E-05 9.97808E-05 9.97808E-05 9.97808E-05 9.97808E-05 9.97808E-05 9.97808E-05
9.98074E-05 9.98074E-05 9.98074E-05 9.98074E-05 9.98074E-05 0.0446417 0.0187793 9.98074E-05 9.98074E-05 9.98074E-05 9.98074E-05 9.98074E-05 9.98074E-05 9.98074E-05 0.709243 9.98074E-05 0.139715 0.0051974 0.0802276 9.98074E-05 9.98074E-05 9.98074E-05 9.98074E-05 9.98074E-05 9.98074E-05 9.98074E-05 9.98074E-05 9.98074E-05
0.137889 9.9807E-05 9.9807E-05 9.9807E-05 9.9807E-05 0.00518991 9.9807E-05 9.9807E-05 9.9807E-05 9.9807E-05 0.787649 0.0336765 9.9807E-05 9.9807E-05 0.0175798 9.9807E-05 9.9807E-05 9.9807E-05 9.9807E-05 9.9807E-05 9.9807E-05 9.9807E-05 9.9807E-05 9.9807E-05 9.9807E-05 9.9807E-05 9.9807E-05 0.0158198
9.98246E-05 9.98246E-05 9.98246E-05 9.98246E-05 9.98246E-05 9.98246E-05 9.98246E-05 9.98246E-05 9.98246E-05 9.98246E-05 9.98246E-05 9.98246E-05 0.00230474 0.00963175 0.368304 9.98246E-05 0.104696 0.256884 0.0799776 0.149597 9.98246E-05 0.0266091 9.98246E-05 9.98246E-05 9.98246E-05 9.98246E-05 9.98246E-05 9.98246E-05
9.97983E-05 9.97983E-05 0.143698 9.97983E-05 9.97983E-05 9.97983E-05 9.97983E-05 9.97983E-05 9.97983E-05 9.97983E-05 9.97983E-05 9.97983E-05 9.97983E-05 9.97983E-05 9.97983E-05 9.97983E-05 0.352299 0.084635 9.97983E-05 9.97983E-05 9.97983E-05 9.97983E-05 0.0515285 9.97983E-05 9.97983E-05 9.97983E-05 9.97983E-05 0.365544
9.97981E-05 9.97981E-05 0.0169668 9.97981E-05 9.97981E-05 9.97981E-05 9.97981E-05 0.0238656 9.97981E-05 9.97981E-05 9.97981E-05 9.97981E-05 9.97981E-05 9.97981E-05 0.672673 9.97981E-05 9.97981E-05 9.97981E-05 9.97981E-05 9.97981E-05 9.97981E-05 9.97981E-05 9.97981E-05 9.97981E-05 9.97981E-05 0.0338872 9.97981E-05 0.250312
9.98157E-05 9.98157E-05 0.0256545 9.98157E-05 9.98157E-05 9.98157E-05 9.98157E-05 9.98157E-05 9.98157E-05 0.055494 0.727243 9.98157E-05 0.00328927 9.98157E-05 9.98157E-05 9.98157E-05 9.98157E-05 0.0644986 9.98157E-05 9.98157E-05 9.98157E-05 0.021662 9.98157E-05 9.98157E-05 9.98157E-05 9.98157E-05 9.98157E-05 0.100063
9.97633E-05 9.97633E-05 9.97633E-05 9.97633E-05 9.97633E-05 9.97633E-05 9.97633E-05 9.97633E-05 9.97633E-05 9.97633E-05 9.97633E-05 9.97633E-05 9.97633E-05 9.97633E-05 0.997306 9.97633E-05 9.97633E-05 9.97633E-05 9.97633E-05 9.97633E-05 9.97633E-05 9.97633E-05 9.97633E-05 9.97633E-05 9.97633E-05 9.97633E-05 9.97633E-05 9.97633E-05
9.98245E-05 0.0108985 9.98245E-05 9.98245E-05 9.98245E-05 9.98245E-05 9.98245E-05 9.98245E-05 9.98245E-05 9.98245E-05 0.156652 0.0169398 0.0304325 9.98245E-05 0.599217 9.98245E-05 0.0171096 0.0918846 9.98245E-05 9.98245E-05 0.0748692 9.98245E-05 9.98245E-05 9.98245E-05 9.98245E-05 9.98245E-05 9.98245E-05 9.98245E-05
9.97812E-05 9.97812E-05 9.97812E-05 9.97812E-05 9.97812E-05 9.97812E-05 9.97812E-05 9.97812E-05 0.0147472 9.97812E-05 9.97812E-05 0.0224748 9.97812E-05 9.97812E-05 9.97812E-05 9.97812E-05 9.97812E-05 9.97812E-05 9.97812E-05 9.97812E-05 9.97812E-05 9.97812E-05 9.97812E-05 9.97812E-05 9.97812E-05 9.97812E-05 9.97812E-05 0.960283
9.98156E-05 0.0910533 9.98156E-05 9.98156E-05 9.98156E-05 9.98156E-05 9.98156E-05 9.98156E-05 9.98156E-05 9.98156E-05 0.500448 9.98156E-05 0.0641519 9.98156E-05 9.98156E-05 0.054508 9.98156E-05 0.166534 9.98156E-05 0.0454046 9.98156E-05 0.0758036 9.98156E-05 9.98156E-05 9.98156E-05 9.98156E-05 9.98156E-05 9.98156E-05
9.97807E-05 9.97807E-05 0.0943939 9.97807E-05 9.97807E-05 9.97807E-05 9.97807E-05 9.97807E-05 9.97807E-05 9.97807E-05 9.97807E-05 9.97807E-05 9.97807E-05 9.97807E-05 9.97807E-05 9.97807E-05 0.0913723 9.97807E-05 9.97807E-05 9.97807E-05 9.97807E-05 9.97807E-05 9.97807E-05 9.97807E-05 9.97807E-05 9.97807E-05 9.97807E-05 0.811739
9.9781E-05 9.9781E-05 9.9781E-05 9.9781E-05 9.9781E-05 9.9781E-05 9.9781E-05 9.9781E-05 9.9781E-05 0.0895278 9.9781E-05 9.9781E-05 9.9781E-05 9.9781E-05 0.892481 9.9781E-05 9.9781E-05 9.9781E-05 0.0154969 9.9781E-05 9.9781E-05 9.9781E-05 9.9781E-05 9.9781E-05 9.9781E-05 9.9781E-05 9.9781E-05 9.9781E-05
9.97806E-05 9.97806E-05 9.97806E-05 9.97806E-05 9.97806E-05 9.97806E-05 9.97806E-05 9.97806E-05 9.97806E-05 9.97806E-05 9.97806E-05 9.97806E-05 9.97806E-05 9.97806E-05 9.97806E-05 0.00699668 9.97806E-05 9.97806E-05 9.97806E-05 9.97806E-05 0.00176782 9.97806E-05 9.97806E-05 9.97806E-05 9.97806E-05 9.97806E-05 9.97806E-05 0.988741
9.98072E-05 9.98072E-05 9.98072E-05 9.98072E-05 9.98072E-05 9.98072E-05 0.00526776 9.98072E-05 9.98072E-05 9.98072E-05 0.356822 0.0847998 9.98072E-05 9.98072E-05 0.455337 9.98072E-05 9.98072E-05 0.0716514 9.98072E-05 9.98072E-05 9.98072E-05 9.98072E-05 0.0239262 9.98072E-05 9.98072E-05 9.98072E-05 9.98072E-05 9.98072E-05
0.028345 0.068197 9.97984E-05 9.97984E-05 9.97984E-05 9.97984E-05 9.97984E-05 9.97984E-05 9.97984E-05 9.97984E-05 9.97984E-05 9.97984E-05 9.97984E-05 9.97984E-05 0.779049 0.0253188 9.97984E-05 9.97984E-05 9.97984E-05 9.97984E-05 9.97984E-05 9.97984E-05 9.97984E-05 0.096795 9.97984E-05 9.97984E-05 9.97984E-05 9.97984E-05
9.98071E-05 9.98071E-05 9.98071E-05 9.98071E-05 9.98071E-05 9.98071E-05 9.98071E-05 9.98071E-05 9.98071E-05 0.0660069 0.0184759 0.0376527 9.98071E-05 9.98071E-05 0.764473 9.98071E-05 0.0475813 9.98071E-05 0.0636142 9.98071E-05 9.98071E-05 9.98071E-05 9.98071E-05 9.98071E-05 9.98071E-05 9.98071E-05 9.98071E-05 9.98071E-05
9.97808E-05 9.97808E-05 0.0533133 9.97808E-05 9.97808E-05 9.97808E-05 9.97808E-05 9.97808E-05 9.97808E-05 9.97808E-05 0.939008 9.97808E-05 9.97808E-05 9.97808E-05 9.97808E-05 9.97808E-05 9.97808E-05 0.00518432 9.97808E-05 9.97808E-05 9.97808E-05 9.97808E-05 9.97808E-05 9.97808E-05 9.97808E-05 9.97808E-05 9.97808E-05 9.97808E-05
9.97895E-05 9.97895E-05 9.97895E-05 9.97895E-05 9.97895E-05 9.97895E-05 9.97895E-05 9.97895E-05 0.00303528 9.97895E-05 0.620779 9.97895E-05 9.97895E-05 0.0349914 9.97895E-05 9.97895E-05 9.97895E-05 9.97895E-05 9.97895E-05 9.97895E-05 9.97895E-05 9.97895E-05 9.97895E-05 9.97895E-05 9.97895E-05 9.97895E-05 9.97895E-05 0.338799
9.98245E-05 9.98245E-05 9.98245E-05 9.98245E-05 9.98245E-05 9.98245E-05 9.98245E-05 9.98245E-05 9.98245E-05 0.0478665 9.98245E-05 9.98245E-05 0.061078 0.0608947 9.98245E-05 9.98245E-05 0.0159828 0.119946 0.0387618 0.59103 9.98245E-05 0.0624435 9.98245E-05 9.98245E-05 9.98245E-05 9.98245E-05 9.98245E-05 9.98245E-05
9.97722E-05 9.97722E-05 9.97722E-05 9.97722E-05 9.97722E-05 9.97722E-05 9.97722E-05 9.97722E-05 9.97722E-05 9.97722E-05 9.97722E-05 9.97722E-05 9.97722E-05 9.97722E-05 9.97722E-05 0.0224589 9.97722E-05 9.97722E-05 9.97722E-05 0.974947 9.97722E-05 9.97722E-05 9.97722E-05 9.97722E-05 9.97722E-05 9.97722E-05 9.97722E-05 9.97722E-05
9.9772E-05 9.9772E-05 9.9772E-05 9.9772E-05 9.9772E-05 9.9772E-05 9.9772E-05 9.9772E-05 9.9772E-05 0.0466701 9.9772E-05 9.9772E-05 9.9772E-05 9.9772E-05 9.9772E-05 9.9772E-05 9.9772E-05 9.9772E-05 9.9772E-05 0.950736 9.9772E-05 9.9772E-05 9.9772E-05 9.9772E-05 9.9772E-05 9.9772E-05 9.9772E-05 9.9772E-05
9.98247E-05 9.98247E-05 9.98247E-05 9.98247E-05 9.98247E-05 0.0413061 9.98247E-05 0.000502369 0.0329797 9.98247E-05 9.98247E-05 9.98247E-05 9.98247E-05 9.98247E-05 9.98247E-05 9.98247E-05 9.98247E-05 0.0297929 0.332443 0.359695 9.98247E-05 0.10458 9.98247E-05 0.0967045 9.98247E-05 9.98247E-05 9.98247E-05 9.98247E-05
9.98417E-05 9.98417E-05 9.98417E-05 9.98417E-05 9.98417E-05 9.98417E-05 9.98417E-05 0.0422037 0.040503 0.0531102 9.98417E-05 0.0224784 9.98417E-05 9.98417E-05 9.98417E-05 9.98417E-05 0.0887328 0.0872418 0.0282304 0.580494 9.98417E-05 0.0334119 0.021797 9.98417E-05 9.98417E-05 9.98417E-05 9.98417E-05 9.98417E-05
9.97979E-05 9.97979E-05 9.97979E-05 9.97979E-05 9.97979E-05 9.97979E-05 9.97979E-05 9.97979E-05 9.97979E-05 9.97979E-05 9.97979E-05 9.97979E-05 9.97979E-05 9.97979E-05 9.97979E-05 9.97979E-05 0.107271 0.192849 0.0535778 0.617453 9.97979E-05 0.0265539 9.97979E-05 9.97979E-05 9.97979E-05 9.97979E-05 9.97979E-05 9.97979E-05
9.98155E-05 9.98155E-05 0.0221476 9.98155E-05 9.98155E-05 9.98155E-05 9.98155E-05 9.98155E-05 9.98155E-05 9.98155E-05 9.98155E-05 9.98155E-05 0.0584334 9.98155E-05 9.98155E-05 9.98155E-05 9.98155E-05 0.0835639 0.331663 0.436263 0.0494902 0.0163427 9.98155E-05 9.98155E-05 9.98155E-05 9.98155E-05 9.98155E-05 9.98155E-05
9.98067E-05 9.98067E-05 9.98067E-05 9.98067E-05 9.98067E-05 9.98067E-05 9.98067E-05 9.98067E-05 9.98067E-05 0.171526 9.98067E-05 9.98067E-05 9.98067E-05 9.98067E-05 9.98067E-05 9.98067E-05 9.98067E-05 0.0876152 0.270582 0.427065 9.98067E-05 0.0357399 9.98067E-05 0.00527572 9.98067E-05 9.98067E-05 9.98067E-05 9.98067E-05
9.97897E-05 9.97897E-05 9.97897E-05 9.97897E-05 9.97897E-05 9.97897E-05 0.0582052 9.97897E-05 9.97897E-05 0.0550516 9.97897E-05 9.97897E-05 9.97897E-05 9.97897E-05 9.97897E-05 9.97897E-05 0.00896043 9.97897E-05 9.97897E-05 0.875388 9.97897E-05 9.97897E-05 9.97897E-05 9.97897E-05 9.97897E-05 9.97897E-05 9.97897E-05 9.97897E-05
9.97718E-05 9.97718E-05 9.97718E-05 9.97718E-05 9.97718E-05 9.97718E-05 9.97718E-05 9.97718E-05 9.97718E-05 9.97718E-05 9.97718E-05 9.97718E-05 0.0384663 9.97718E-05 9.97718E-05 9.97718E-05 9.97718E-05 9.97718E-05 9.97718E-05 0.95894 9.97718E-05 9.97718E-05 9.97718E-05 9.97718E-05 9.97718E-05 9.97718E-05 9.97718E-05 9.97718E-05
9.98155E-05 9.98155E-05 0.00832747 9.98155E-05 9.98155E-05 9.98155E-05 9.98155E-05 0.0177443 9.98155E-05 9.98155E-05 9.98155E-05 0.0231976 0.176733 9.98155E-05 9.98155E-05 9.98155E-05 9.98155E-05 0.204494 9.98155E-05 0.511694 9.98155E-05 0.0557138 9.98155E-05 9.98155E-05 9.98155E-05 9.98155E-05 9.98155E-05 9.98155E-05
9.98332E-05 9.98332E-05 0.0698332 0.00816613 9.98332E-05 9.98332E-05 9.98332E-05 9.98332E-05 9.98332E-05 9.98332E-05 9.98332E-05 0.0721306 0.0200742 9.98332E-05 9.98332E-05 9.98332E-05 0.105984 0.0364051 0.115319 0.444896 0.125295 9.98332E-05 9.98332E-05 9.98332E-05 9.98332E-05 9.98332E-05 9.98332E-05 9.98332E-05
9.98067E-05 9.98067E-05 9.98067E-05 0.0427828 9.98067E-05 9.98067E-05 9.98067E-05 9.98067E-05 9.98067E-05 9.98067E-05 9.98067E-05 9.98067E-05 0.0887904 9.98067E-05 9.98067E-05 9.98067E-05 9.98067E-05 9.98067E-05 9.98067E-05 0.524004 0.162213 0.0874435 9.98067E-05 0.0925713 9.98067E-05 9.98067E-05 9.98067E-05 9.98067E-05
9.9798E-05 9.9798E-05 9.9798E-05 9.9798E-05 9.9798E-05 9.9798E-05 9.9798E-05 9.9798E-05 9.9798E-05 9.9798E-05 9.9798E-05 9.9798E-05 9.9798E-05 9.9798E-05 9.9798E-05 9.9798E-05 0.160581 0.16405 0.195574 0.461232 9.9798E-05 9.9798E-05 0.0162677 9.9798E-05 9.9798E-05 9.9798E-05 9.9798E-05 9.9798E-05
9.97899E-05 9.97899E-05 9.97899E-05 9.97899E-05 9.97899E-05 0.114656 9.97899E-05 9.97899E-05 9.97899E-05 9.97899E-05 9.97899E-05 9.97899E-05 9.97899E-05 9.97899E-05 9.97899E-05 0.0164197 9.97899E-05 9.97899E-05 9.97899E-05 0.856584 9.97899E-05 9.97899E-05 9.97899E-05 0.00994527 9.97899E-05 9.97899E-05 9.97899E-05 9.97899E-05
9.97896E-05 9.97896E-05 0.000809265 9.97896E-05 9.97896E-05 9.97896E-05 9.97896E-05 9.97896E-05 9.97896E-05 9.97896E-05 9.97896E-05 9.97896E-05 9.97896E-05 9.97896E-05 9.97896E-05 9.97896E-05 9.97896E-05 0.113693 9.97896E-05 0.844459 9.97896E-05 0.038644 9.97896E-05 9.97896E-05 9.97896E-05 9.97896E-05 9.97896E-05 9.97896E-05
9.97979E-05 9.97979E-05 9.97979E-05 9.97979E-05 9.97979E-05 9.97979E-05 9.97979E-05 9.97979E-05 9.97979E-05 9.97979E-05 9.97979E-05 0.0863758 9.97979E-05 0.257212 9.97979E-05 9.97979E-05 9.97979E-05 9.97979E-05 0.102807 0.547198 0.00411134 9.97979E-05 9.97979E-05 9.97979E-05 9.97979E-05 9.97979E-05 9.97979E-05 9.97979E-05
9.98156E-05 9.98156E-05 0.081223 0.0518716 9.98156E-05 9.98156E-05 9.98156E-05 9.98156E-05 9.98156E-05 9.98156E-05 9.98156E-05 0.0620971 0.0624315 9.98156E-05 9.98156E-05 9.98156E-05 0.0928803 9.98156E-05 9.98156E-05 0.625689 9.98156E-05 0.0217108 9.98156E-05 9.98156E-05 9.98156E-05 9.98156E-05 9.98156E-05 9.98156E-05
9.97895E-05 9.97895E-05 9.97895E-05 9.97895E-05 9.97895E-05 9.97895E-05 9.97895E-05 9.97895E-05 9.97895E-05 0.14878 9.97895E-05 9.97895E-05 0.0653082 9.97895E-05 9.97895E-05 9.97895E-05 9.97895E-05 0.0714273 9.97895E-05 0.712089 9.97895E-05 9.97895E-05 9.97895E-05 9.97895E-05 9.97895E-05 9.97895E-05 9.97895E-05 9.97895E-05
9.98068E-05 0.0564997 9.98068E-05 9.98068E-05 9.98068E-05 0.0697907 9.98068E-05 9.98068E-05 9.98068E-05 9.98068E-05 9.98068E-05 9.98068E-05 0.058766 9.98068E-05 9.98068E-05 0.0530776 9.98068E-05 0.228294 9.98068E-05 0.531377 9.98068E-05 9.98068E-05 9.98068E-05 9.98068E-05 9.98068E-05 9.98068E-05 9.98068E-05 9.98068E-05
9.97813E-05 9.97813E-05 9.97813E-05 9.97813E-05 9.97813E-05 9.97813E-05 9.97813E-05 9.97813E-05 9.97813E-05 9.97813E-05 9.97813E-05 9.97813E-05 9.97813E-05 9.97813E-05 9.97813E-05 9.97813E-05 9.97813E-05 9.97813E-05 9.97813E-05 0.946474 9.97813E-05 9.97813E-05 0.0042441 9.97813E-05 9.97813E-05 9.97813E-05 9.97813E-05 0.0467875
9.97981E-05 9.97981E-05 9.97981E-05 9.97981E-05 9.97981E-05 0.00313408 9.97981E-05 9.97981E-05 9.97981E-05 9.97981E-05 9.97981E-05 9.97981E-05 9.97981E-05 9.97981E-05 9.97981E-05 9.97981E-05 0.175787 0.0423006 0.130483 0.646 9.97981E-05 9.97981E-05 9.97981E-05 9.97981E-05 9.97981E-05 9.97981E-05 9.97981E-05 9.97981E-05
0.0351246 0.0108839 9.98072E-05 9.98072E-05 9.98072E-05 9.98072E-05 9.98072E-05 9.98072E-05 9.98072E-05 9.98072E-05 9.98072E-05 9.98072E-05 9.98072E-05 9.98072E-05 9.98072E-05 9.98072E-05 0.0539501 9.98072E-05 0.00505491 0.711045 9.98072E-05 9.98072E-05 9.98072E-05 0.181746 9.98072E-05 9.98072E-05 9.98072E-05 9.98072E-05
9.98246E-05 9.98246E-05 9.98246E-05 9.98246E-05 9.98246E-05 9.98246E-05 0.109342 9.98246E-05 0.00371367 0.0669819 9.98246E-05 0.0504689 0.0298739 0.0235303 9.98246E-05 9.98246E-05 9.98246E-05 9.98246E-05 9.98246E-05 0.670459 9.98246E-05 9.98246E-05 9.98246E-05 0.0436334 9.98246E-05 9.98246E-05 9.98246E-05 9.98246E-05
9.97981E-05 9.97981E-05 9.97981E-05 0.171087 9.97981E-05 9.97981E-05 9.97981E-05 9.97981E-05 9.97981E-05 9.97981E-05 9.97981E-05 9.97981E-05 0.0399884 9.97981E-05 9.97981E-05 9.97981E-05 9.97981E-05 9.97981E-05 9.97981E-05 0.782734 9.97981E-05 0.00103714 9.97981E-05 9.97981E-05 9.97981E-05 0.00285794 9.97981E-05 9.97981E-05
9.97812E-05 9.97812E-05 9.97812E-05 9.97812E-05 9.97812E-05 9.97812E-05 9.97812E-05 9.97812E-05 9.97812E-05 9.97812E-05 9.97812E-05 9.97812E-05 9.97812E-05 9.97812E-05 0.0117125 9.97812E-05 9.97812E-05 9.97812E-05 9.97812E-05 0.882633 9.97812E-05 9.97812E-05 9.97812E-05 9.97812E-05 9.97812E-05 9.97812E-05 0.10316 9.97812E-05
9.9781E-05 9.9781E-05 9.9781E-05 9.9781E-05 9.9781E-05 9.9781E-05 9.9781E-05 9.9781E-05 9.9781E-05 9.9781E-05 0.0182893 9.9781E-05 9.9781E-05 9.9781E-05 9.9781E-05 9.9781E-05 0.00676571 9.9781E-05 9.9781E-05 0.97245 9.9781E-05 9.9781E-05 9.9781E-05 9.9781E-05 9.9781E-05 9.9781E-05 9.9781E-05 9.9781E-05
9.97635E-05 9.97635E-05 9.97635E-05 9.97635E-05 9.97635E-05 9.97635E-05 9.97635E-05 9.97635E-05 9.97635E-05 9.97635E-05 9.97635E-05 9.97635E-05 9.97635E-05 9.97635E-05 9.97635E-05 9.97635E-05 9.97635E-05 9.97635E-05 9.97635E-05 0.997306 9.97635E-05 9.97635E-05 9.97635E-05 9.97635E-05 9.97635E-05 9.97635E-05 9.97635E-05 9.97635E-05
9.97722E-05 9.97722E-05 9.97722E-05 9.97722E-05 9.97722E-05 9.97722E-05 9.97722E-05 9.97722E-05 9.97722E-05 0.0793617 9.97722E-05 9.97722E-05 9.97722E-05 9.97722E-05 9.97722E-05 9.97722E-05 9.97722E-05 9.97722E-05 9.97722E-05 0.918044 9.97722E-05 9.97722E-05 9.97722E-05 9.97722E-05 9.97722E-05 9.97722E-05 9.97722E-05 9.97722E-05
0.125906 9.98073E-05 9.98073E-05 9.98073E-05 9.98073E-05 0.0572746 9.98073E-05 9.98073E-05 9.98073E-05 9.98073E-05 9.98073E-05 9.98073E-05 9.98073E-05 9.98073E-05 9.98073E-05 9.98073E-05 9.98073E-05 0.0672452 9.98073E-05 0.592448 9.98073E-05 0.067833 9.98073E-05 9.98073E-05 9.98073E-05 9.98073E-05 0.0870979 9.98073E-05
0.0341307 9.97895E-05 9.97895E-05 9.97895E-05 9.97895E-05 9.97895E-05 9.97895E-05 9.97895E-05 9.97895E-05 9.97895E-05 9.97895E-05 9.97895E-05 9.97895E-05 9.97895E-05 9.97895E-05 9.97895E-05 9.97895E-05 0.0637282 9.97895E-05 9.97895E-05 9.97895E-05 0.0702536 9.97895E-05 0.829493 9.97895E-05 9.97895E-05 9.97895E-05 9.97895E-05
0.00894874 9.97807E-05 9.97807E-05 9.97807E-05 0.790739 9.97807E-05 9.97807E-05 9.97807E-05 9.97807E-05 9.97807E-05 9.97807E-05 9.97807E-05 9.97807E-05 9.97807E-05 9.97807E-05 9.97807E-05 9.97807E-05 9.97807E-05 9.97807E-05 9.97807E-05 9.97807E-05 9.97807E-05 9.97807E-05 0.197818 9.97807E-05 9.97807E-05 9.97807E-05 9.97807E-05
9.97895E-05 9.97895E-05 9.97895E-05 9.97895E-05 9.97895E-05 9.97895E-05 9.97895E-05 9.97895E-05 9.97895E-05 0.0352774 9.97895E-05 9.97895E-05 0.00479793 9.97895E-05 9.97895E-05 9.97895E-05 9.97895E-05 0.0687174 9.97895E-05 9.97895E-05 9.97895E-05 9.97895E-05 9.97895E-05 0.888812 9.97895E-05 9.97895E-05 9.97895E-05 9.97895E-05
9.98069E-05 9.98069E-05 9.98069E-05 9.98069E-05 9.98069E-05 9.98069E-05 9.98069E-05 0.0165129 9.98069E-05 0.0396393 9.98069E-05 9.98069E-05 9.98069E-05 9.98069E-05 9.98069E-05 9.98069E-05 9.98069E-05 0.160335 9.98069E-05 9.98069E-05 0.0282139 9.98069E-05 0.0514552 0.701648 9.98069E-05 9.98069E-05 9.98069E-05 9.98069E-05
9.97805E-05 9.97805E-05 9.97805E-05 9.97805E-05 9.97805E-05 9.97805E-05 9.97805E-05 9.97805E-05 9.97805E-05 9.97805E-05 9.97805E-05 9.97805E-05 9.97805E-05 9.97805E-05 9.97805E-05 9.97805E-05 9.97805E-05 0.00106937 9.97805E-05 9.97805E-05 9.97805E-05 0.0342672 9.97805E-05 0.962169 9.97805E-05 9.97805E-05 9.97805E-05 9.97805E-05
0.0570548 9.98158E-05 0.0617363 9.98158E-05 9.98158E-05 9.98158E-05 9.98158E-05 9.98158E-05 9.98158E-05 9.98158E-05 9.98158E-05 9.98158E-05 9.98158E-05 9.98158E-05 9.98158E-05 9.98158E-05 9.98158E-05 0.148193 0.202948 9.98158E-05 9.98158E-05 0.138459 9.98158E-05 0.353271 0.0362425 9.98158E-05 9.98158E-05 9.98158E-05
0.114646 9.9807E-05 9.9807E-05 0.0248859 9.9807E-05 9.9807E-05 9.9807E-05 9.9807E-05 9.9807E-05 9.9807E-05 9.9807E-05 9.9807E-05 9.9807E-05 9.9807E-05 9.9807E-05 9.9807E-05 0.0640809 0.0647657 9.9807E-05 9.9807E-05 9.9807E-05 0.0300011 9.9807E-05 0.699424 9.9807E-05 9.9807E-05 9.9807E-05 9.9807E-05
9.97719E-05 9.97719E-05 9.97719E-05 9.97719E-05 9.97719E-05 9.97719E-05 9.97719E-05 9.97719E-05 9.97719E-05 9.97719E-05 9.97719E-05 9.97719E-05 9.97719E-05 9.97719E-05 9.97719E-05 9.97719E-05 9.97719E-05 9.97719E-05 9.97719E-05 9.97719E-05 9.97719E-05 0.2123 9.97719E-05 0.785106 9.97719E-05 9.97719E-05 9.97719E-05 9.97719E-05
9.97893E-05 9.97893E-05 9.97893E-05 9.97893E-05 9.97893E-05 0.155995 9.97893E-05 9.97893E-05 9.97893E-05 9.97893E-05 9.97893E-05 9.97893E-05 9.97893E-05 9.97893E-05 9.97893E-05 9.97893E-05 9.97893E-05 9.97893E-05 0.172057 9.97893E-05 9.97893E-05 0.325564 9.97893E-05 0.343989 9.97893E-05 9.97893E-05 9.97893E-05 9.97893E-05
9.97895E-05 9.97895E-05 0.0644867 9.97895E-05 9.97895E-05 9.97895E-05 9.97895E-05 9.97895E-05 9.97895E-05 9.97895E-05 9.97895E-05 9.97895E-05 9.97895E-05 9.97895E-05 9.97895E-05 9.97895E-05 9.97895E-05 0.300627 9.97895E-05 9.97895E-05 9.97895E-05 0.14703 9.97895E-05 0.485461 9.97895E-05 9.97895E-05 9.97895E-05 9.97895E-05
9.97983E-05 9.97983E-05 9.97983E-05 9.97983E-05 9.97983E-05 9.97983E-05 9.97983E-05 9.97983E-05 9.97983E-05 9.97983E-05 0.0276581 9.97983E-05 9.97983E-05 9.97983E-05 9.97983E-05 9.97983E-05 9.97983E-05 9.97983E-05 0.152706 9.97983E-05 9.97983E-05 0.0188378 9.97983E-05 0.251556 0.546947 9.97983E-05 9.97983E-05 9.97983E-05
0.0463663 9.97983E-05 9.97983E-05 9.97983E-05 9.97983E-05 9.97983E-05 9.97983E-05 9.97983E-05 9.97983E-05 9.97983E-05 0.0166223 9.97983E-05 9.97983E-05 9.97983E-05 9.97983E-05 9.97983E-05 9.97983E-05 9.97983E-05 0.298426 9.97983E-05 9.97983E-05 9.97983E-05 9.97983E-05 0.57639 0.0599 9.97983E-05 9.97983E-05 9.97983E-05
9.9781E-05 9.9781E-05 9.9781E-05 9.9781E-05 9.9781E-05 9.9781E-05 9.9781E-05 9.9781E-05 9.9781E-05 9.9781E-05 9.9781E-05 9.9781E-05 9.9781E-05 9.9781E-05 9.9781E-05 9.9781E-05 9.9781E-05 9.9781E-05 9.9781E-05 9.9781E-05 9.9781E-05 0.0699986 9.9781E-05 0.780758 0.146749 9.9781E-05 9.9781E-05 9.9781E-05
9.97896E-05 9.97896E-05 9.97896E-05 9.97896E-05 9.97896E-05 9.97896E-05 9.97896E-05 9.97896E-05 9.97896E-05 9.97896E-05 9.97896E-05 9.97896E-05 9.97896E-05 9.97896E-05 9.97896E-05 9.97896E-05 9.97896E-05 0.23849 9.97896E-05 9.97896E-05 9.97896E-05 0.092084 9.97896E-05 0.408876 0.258155 9.97896E-05 9.97896E-05 9.97896E-05
0.238042 9.98247E-05 9.98247E-05 0.0108417 9.98247E-05 9.98247E-05 9.98247E-05 9.98247E-05 9.98247E-05 0.0773635 9.98247E-05 0.0647729 0.00405182 9.98247E-05 9.98247E-05 9.98247E-05 9.98247E-05 9.98247E-05 9.98247E-05 9.98247E-05 0.00363131 0.0606245 9.98247E-05 0.538675 9.98247E-05 9.98247E-05 9.98247E-05 9.98247E-05
9.98158E-05 9.98158E-05 9.98158E-05 9.98158E-05 0.0933639 0.128024 9.98158E-05 9.98158E-05 9.98158E-05 9.98158E-05 9.98158E-05 9.98158E-05 0.00476995 0.0263465 9.98158E-05 9.98158E-05 9.98158E-05 0.103024 0.0966657 9.98158E-05 9.98158E-05 9.98158E-05 9.98158E-05 0.545709 9.98158E-05 9.98158E-05 9.98158E-05 9.98158E-05
0.0374699 9.98157E-05 9.98157E-05 9.98157E-05 9.98157E-05 9.98157E-05 9.98157E-05 0.102644 9.98157E-05 0.00912399 9.98157E-05 9.98157E-05 9.98157E-05 9.98157E-05 9.98157E-05 9.98157E-05 9.98157E-05 0.103115 0.308535 9.98157E-05 9.98157E-05 9.98157E-05 9.98157E-05 0.365948 0.0710676 9.98157E-05 9.98157E-05 9.98157E-05
9.98248E-05 9.98248E-05 9.98248E-05 9.98248E-05 0.12147 9.98248E-05 9.98248E-05 9.98248E-05 0.0427609 9.98248E-05 9.98248E-05 9.98248E-05 9.98248E-05 0.0101598 9.98248E-05 9.98248E-05 0.0349048 9.98248E-05 9.98248E-05 9.98248E-05 9.98248E-05 0.162871 0.0256725 0.582222 9.98248E-05 9.98248E-05 9.98248E-05 0.0179419
0.165779 9.97895E-05 9.97895E-05 9.97895E-05 9.97895E-05 9.97895E-05 9.97895E-05 9.97895E-05 9.97895E-05 9.97895E-05 9.97895E-05 9.97895E-05 0.0909435 9.97895E-05 9.97895E-05 9.97895E-05 9.97895E-05 9.97895E-05 0.135113 9.97895E-05 9.97895E-05 9.97895E-05 9.97895E-05 0.60577 9.97895E-05 9.97895E-05 9.97895E-05 9.97895E-05
0.330521 9.98333E-05 0.0131092 9.98333E-05 0.0289037 0.0885239 9.98333E-05 0.068533 9.98333E-05 9.98333E-05 9.98333E-05 9.98333E-05 9.98333E-05 9.98333E-05 9.98333E-05 9.98333E-05 9.98333E-05 0.0735026 9.98333E-05 9.98333E-05 0.0117461 0.0765959 9.98333E-05 0.306667 9.98333E-05 9.98333E-05 9.98333E-05 9.98333E-05
9.98246E-05 9.98246E-05 0.0829845 9.98246E-05 9.98246E-05 9.98246E-05 9.98246E-05 9.98246E-05 9.98246E-05 0.00440706 9.98246E-05 0.00831963 9.98246E-05 9.98246E-05 9.98246E-05 9.98246E-05 9.98246E-05 0.0246554 0.0855142 9.98246E-05 9.98246E-05 0.0472736 9.98246E-05 0.622943 0.121906 9.98246E-05 9.98246E-05 9.98246E-05
9.97982E-05 0.0120722 9.97982E-05 9.97982E-05 9.97982E-05 9.97982E-05 9.97982E-05 9.97982E-05 9.97982E-05 9.97982E-05 9.97982E-05 9.97982E-05 0.00956208 9.97982E-05 9.97982E-05 9.97982E-05 9.97982E-05 0.0345265 9.97982E-05 9.97982E-05 9.97982E-05 0.112606 9.97982E-05 0.828938 9.97982E-05 9.97982E-05 9.97982E-05 9.97982E-05
9.98158E-05 9.98158E-05 9.98158E-05 9.98158E-05 9.98158E-05 9.98158E-05 9.98158E-05 0.0611648 9.98158E-05 9.98158E-05 9.98158E-05 9.98158E-05 9.98158E-05 9.98158E-05 9.98158E-05 9.98158E-05 9.98158E-05 0.119985 0.185141 9.98158E-05 9.98158E-05 0.220363 0.0497831 0.349059 9.98158E-05 0.0124072 9.98158E-05 9.98158E-05
9.97895E-05 9.97895E-05 9.97895E-05 9.97895E-05 9.97895E-05 9.97895E-05 9.97895E-05 9.97895E-05 9.97895E-05 9.97895E-05 9.97895E-05 9.97895E-05 9.97895E-05 9.97895E-05 9.97895E-05 9.97895E-05 9.97895E-05 0.00215552 9.97895E-05 9.97895E-05 9.97895E-05 0.124813 9.97895E-05 0.651055 0.219582 9.97895E-05 9.97895E-05 9.97895E-05
9.9807E-05 9.9807E-05 9.9807E-05 9.9807E-05 9.9807E-05 9.9807E-05 9.9807E-05 0.035017 9.9807E-05 9.9807E-05 9.9807E-05 9.9807E-05 9.9807E-05 9.9807E-05 9.9807E-05 9.9807E-05 9.9807E-05 0.117217 0.200127 9.9807E-05 9.9807E-05 0.189881 9.9807E-05 0.376126 9.9807E-05 0.0794358 9.9807E-05 9.9807E-05
9.98247E-05 9.98247E-05 9.98247E-05 9.98247E-05 0.0155855 9.98247E-05 9.98247E-05 9.98247E-05 9.98247E-05 9.98247E-05 9.98247E-05 9.98247E-05 9.98247E-05 0.0351147 9.98247E-05 9.98247E-05 9.98247E-05 0.107592 0.0698305 0.0918873 9.98247E-05 0.137289 9.98247E-05 0.21209 0.328615 9.98247E-05 9.98247E-05 9.98247E-05
0.870751 0.0242368 9.97983E-05 9.97983E-05 9.97983E-05 9.97983E-05 0.100523 9.97983E-05 0.000376786 9.97983E-05 9.97983E-05 9.97983E-05 9.97983E-05 0.0018164 9.97983E-05 9.97983E-05 9.97983E-05 9.97983E-05 9.97983E-05 9.97983E-05 9.97983E-05 9.97983E-05 9.97983E-05 9.97983E-05 9.97983E-05 9.97983E-05 9.97983E-05 9.97983E-05
9.97804E-05 9.97804E-05 9.97804E-05 9.97804E-05 9.97804E-05 9.97804E-05 9.97804E-05 9.97804E-05 9.97804E-05 9.97804E-05 9.97804E-05 9.97804E-05 9.97804E-05 9.97804E-05 9.97804E-05 9.97804E-05 9.97804E-05 0.104806 9.97804E-05 9.97804E-05 9.97804E-05 0.0539246 9.97804E-05 0.838775 9.97804E-05 9.97804E-05 9.97804E-05 9.97804E-05
9.98072E-05 9.98072E-05 9.98072E-05 9.98072E-05 0.0684853 9.98072E-05 9.98072E-05 9.98072E-05 9.98072E-05 9.98072E-05 9.98072E-05 9.98072E-05 9.98072E-05 9.98072E-05 9.98072E-05 9.98072E-05 9.98072E-05 0.189874 0.0574208 9.98072E-05 9.98072E-05 0.19768 9.98072E-05 0.462392 9.98072E-05 9.98072E-05 0.0219514 9.98072E-05
0.170115 9.98072E-05 9.98072E-05 9.98072E-05 9.98072E-05 9.98072E-05 9.98072E-05 0.0351508 9.98072E-05 9.98072E-05 9.98072E-05 9.98072E-05 0.0218108 9.98072E-05 9.98072E-05 9.98072E-05 9.98072E-05 0.0767007 9.98072E-05 9.98072E-05 9.98072E-05 9.98072E-05 0.0381231 0.655904 9.98072E-05 9.98072E-05 9.98072E-05 9.98072E-05
9.98247E-05 9.98247E-05 9.98247E-05 9.98247E-05 9.98247E-05 9.98247E-05 9.98247E-05 9.98247E-05 9.98247E-05 9.98247E-05 9.98247E-05 9.98247E-05 0.0105116 9.98247E-05 9.98247E-05 9.98247E-05 0.0486714 0.0629544 9.98247E-05 9.98247E-05 0.0492702 0.0760902 9.98247E-05 0.63113 0.0942666 0.0251095 9.98247E-05 9.98247E-05
9.97808E-05 9.97808E-05 9.97808E-05 9.97808E-05 9.97808E-05 9.97808E-05 9.97808E-05 9.97808E-05 9.97808E-05 9.97808E-05 9.97808E-05 9.97808E-05 9.97808E-05 9.97808E-05 9.97808E-05 0.00770606 9.97808E-05 0.0219082 9.97808E-05 9.97808E-05 9.97808E-05 9.97808E-05 9.97808E-05 0.967891 9.97808E-05 9.97808E-05 9.97808E-05 9.97808E-05
9.98245E-05 9.98245E-05 9.98245E-05 9.98245E-05 9.98245E-05 9.98245E-05 0.00122519 0.0699168 9.98245E-05 0.0349987 9.98245E-05 9.98245E-05 9.98245E-05 0.091134 9.98245E-05 9.98245E-05 9.98245E-05 0.2244 9.98245E-05 9.98245E-05 9.98245E-05 0.223283 0.0175812 0.335465 9.98245E-05 9.98245E-05 9.98245E-05 9.98245E-05
9.97805E-05 9.97805E-05 9.97805E-05 9.97805E-05 9.97805E-05 9.97805E-05 9.97805E-05 0.0153668 9.97805E-05 9.97805E-05 9.97805E-05 9.97805E-05 9.97805E-05 9.97805E-05 9.97805E-05 9.97805E-05 0.132143 9.97805E-05 9.97805E-05 9.97805E-05 9.97805E-05 9.97805E-05 9.97805E-05 0.849996 9.97805E-05 9.97805E-05 9.97805E-05 9.97805E-05
0.0478651 9.9807E-05 0.0514236 9.9807E-05 0.0192426 9.9807E-05 9.9807E-05 9.9807E-05 9.9807E-05 9.9807E-05 9.9807E-05 9.9807E-05 9.9807E-05 9.9807E-05 9.9807E-05 9.9807E-05 9.9807E-05 0.0329864 9.9807E-05 9.9807E-05 9.9807E-05 0.00153435 9.9807E-05 0.844752 9.9807E-05 9.9807E-05 9.9807E-05 9.9807E-05
9.98069E-05 9.98069E-05 0.0263698 0.00228797 9.98069E-05 0.178723 9.98069E-05 9.98069E-05 9.98069E-05 9.98069E-05 9.98069E-05 9.98069E-05 9.98069E-05 9.98069E-05 9.98069E-05 9.98069E-05 9.98069E-05 9.98069E-05 9.98069E-05 9.98069E-05 9.98069E-05 0.0408075 9.98069E-05 0.481019 0.268597 9.98069E-05 9.98069E-05 9.98069E-05
