9.99297E-05 0.0512368 9.99297E-05 0.0806571 0.0911513 0.0219862 9.99297E-05 0.206443 0.339865 9.99297E-05 0.199696 9.99297E-05 9.99297E-05 0.00816638 9.99297E-05 9.99297E-05
9.99035E-05 0.110966 9.99035E-05 0.006706 9.99035E-05 0.0248585 9.99035E-05 0.214114 0.642257 9.99035E-05 9.99035E-05 9.99035E-05 9.99035E-05 9.99035E-05 9.99035E-05 9.99035E-05
9.99122E-05 9.99122E-05 9.99122E-05 0.031739 9.99122E-05 9.99122E-05 9.99122E-05 0.0660981 0.808788 0.0313923 0.0306776 9.99122E-05 9.99122E-05 0.030306 9.99122E-05 9.99122E-05
9.9921E-05 9.9921E-05 0.356593 0.0414205 9.9921E-05 0.0628647 9.9921E-05 9.9921E-05 0.247621 0.163099 0.119094 9.9921E-05 9.9921E-05 9.9921E-05 9.9921E-05 0.00840853
9.98947E-05 0.0498777 9.98947E-05 9.98947E-05 9.98947E-05 9.98947E-05 9.98947E-05 9.98947E-05 0.853694 9.98947E-05 9.98947E-05 0.0151368 9.98947E-05 9.98947E-05 0.0800925 9.98947E-05
9.99386E-05 0.0933052 0.103792 9.99386E-05 9.99386E-05 9.99386E-05 9.99386E-05 0.178046 0.191331 0.174047 0.0274435 0.0825998 9.99386E-05 9.99386E-05 0.139101 0.0096363
9.99211E-05 0.177606 0.113074 9.99211E-05 9.99211E-05 0.216003 9.99211E-05 0.126571 0.228626 9.99211E-05 0.130814 9.99211E-05 9.99211E-05 0.00640732 9.99211E-05 9.99211E-05
9.99474E-05 9.99474E-05 0.000829768 9.99474E-05 0.133554 0.00375371 0.153086 0.0381188 0.210621 0.0334255 0.140988 0.191524 9.99474E-05 9.99474E-05 0.0934997 9.99474E-05
9.99122E-05 9.99122E-05 9.99122E-05 0.230079 9.99122E-05 9.99122E-05 9.99122E-05 9.99122E-05 0.240943 0.0194431 0.0651199 0.243756 9.99122E-05 0.19966 9.99122E-05 9.99122E-05
0.00571801 9.98859E-05 9.98859E-05 0.100626 9.98859E-05 9.98859E-05 9.98859E-05 9.98859E-05 0.892357 9.98859E-05 9.98859E-05 9.98859E-05 9.98859E-05 9.98859E-05 9.98859E-05 9.98859E-05
9.9921E-05 9.9921E-05 9.9921E-05 0.175422 9.9921E-05 0.179976 9.9921E-05 0.087847 0.503591 9.9921E-05 0.0417377 0.00264154 9.9921E-05 0.0078861 9.9921E-05 9.9921E-05
9.98947E-05 9.98947E-05 0.0155515 0.0767812 9.98947E-05 9.98947E-05 9.98947E-05 0.0814575 0.825011 9.98947E-05 9.98947E-05 9.98947E-05 9.98947E-05 9.98947E-05 9.98947E-05 9.98947E-05
0.0496441 9.99035E-05 9.99035E-05 0.0468275 9.99035E-05 0.00949181 9.99035E-05 9.99035E-05 0.762511 9.99035E-05 0.130426 9.99035E-05 9.99035E-05 9.99035E-05 9.99035E-05 9.99035E-05
9.99211E-05 9.99211E-05 9.99211E-05 0.0694737 9.99211E-05 0.0580196 0.0364875 9.99211E-05 0.666745 0.0969 0.0145286 9.99211E-05 0.056946 9.99211E-05 9.99211E-05 9.99211E-05
9.9921E-05 9.9921E-05 9.9921E-05 0.132234 9.9921E-05 9.9921E-05 9.9921E-05 0.184045 0.280075 0.143341 0.0707516 0.143541 9.9921E-05 0.045114 9.9921E-05 9.9921E-05
0.00316464 9.99385E-05 0.106228 0.107367 9.99385E-05 9.99385E-05 0.156171 0.158396 0.215814 0.00025018 0.0626985 0.189211 9.99385E-05 9.99385E-05 9.99385E-05 9.99385E-05
9.99298E-05 0.106307 9.99298E-05 0.0401516 0.0204562 0.00737473 0.00801023 9.99298E-05 0.565528 9.99298E-05 9.99298E-05 9.99298E-05 0.148277 9.99298E-05 0.103096 9.99298E-05
0.126654 9.99298E-05 9.99298E-05 0.115501 9.99298E-05 9.99298E-05 9.99298E-05 0.277504 0.107338 9.99298E-05 0.158661 0.0295179 9.99298E-05 0.0396071 9.99298E-05 0.144417
0.00274544 9.99121E-05 0.0447058 0.145917 9.99121E-05 9.99121E-05 9.99121E-05 9.99121E-05 0.308724 9.99121E-05 0.437161 0.0597482 9.99121E-05 9.99121E-05 9.99121E-05 9.99121E-05
9.9886E-05 9.9886E-05 9.9886E-05 0.00289621 9.9886E-05 9.9886E-05 9.9886E-05 9.9886E-05 0.951853 9.9886E-05 9.9886E-05 9.9886E-05 9.9886E-05 9.9886E-05 9.9886E-05 0.0439526
9.99386E-05 9.99386E-05 0.162681 0.0485801 9.99386E-05 0.114404 0.0454777 9.99386E-05 0.444932 9.99386E-05 9.99386E-05 0.0878876 9.99386E-05 0.0468122 0.0433111 0.00521386
9.99035E-05 9.99035E-05 0.166797 9.99035E-05 9.99035E-05 9.99035E-05 9.99035E-05 9.99035E-05 0.227256 9.99035E-05 0.344071 0.130219 9.99035E-05 9.99035E-05 0.130557 9.99035E-05
9.98947E-05 9.98947E-05 9.98947E-05 0.0851711 9.98947E-05 0.0537107 9.98947E-05 0.243034 0.616886 9.98947E-05 9.98947E-05 9.98947E-05 9.98947E-05 9.98947E-05 9.98947E-05 9.98947E-05
9.99035E-05 9.99035E-05 9.99035E-05 0.249255 9.99035E-05 9.99035E-05 9.99035E-05 0.0116004 0.374802 9.99035E-05 0.314352 9.99035E-05 9.99035E-05 0.0488906 9.99035E-05 9.99035E-05
9.99297E-05 9.99297E-05 9.99297E-05 0.258913 9.99297E-05 0.0203189 9.99297E-05 9.99297E-05 0.272284 0.142291 0.142431 0.0491224 9.99297E-05 0.0103344 9.99297E-05 0.103507
9.99122E-05 9.99122E-05 0.0266265 0.119056 9.99122E-05 9.99122E-05 9.99122E-05 9.99122E-05 0.71036 0.0629594 0.0756247 0.00437459 9.99122E-05 9.99122E-05 9.99122E-05 9.99122E-05
0.139625 9.99122E-05 9.99122E-05 0.142628 9.99122E-05 9.99122E-05 0.0257283 9.99122E-05 0.0433606 0.337519 0.31014 9.99122E-05 9.99122E-05 9.99122E-05 9.99122E-05 9.99122E-05
9.98947E-05 9.98947E-05 0.0767635 0.0599979 9.98947E-05 9.98947E-05 9.98947E-05 9.98947E-05 0.739157 9.98947E-05 0.122883 9.98947E-05 9.98947E-05 9.98947E-05 9.98947E-05 9.98947E-05
9.99035E-05 9.99035E-05 9.99035E-05 0.176019 9.99035E-05 9.99035E-05 9.99035E-05 0.123253 0.547909 0.030526 0.121195 9.99035E-05 9.99035E-05 9.99035E-05 9.99035E-05 9.99035E-05
9.99035E-05 9.99035E-05 9.99035E-05 0.0851017 9.99035E-05 9.99035E-05 9.99035E-05 9.99035E-05 0.829719 0.0356812 9.99035E-05 0.0479144 9.99035E-05 0.000484724 9.99035E-05 9.99035E-05
9.9921E-05 9.9921E-05 9.9921E-05 0.0746776 9.9921E-05 0.102281 9.9921E-05 0.0866032 0.601044 9.9921E-05 0.0760683 0.0109473 9.9921E-05 9.9921E-05 9.9921E-05 0.0474798
9.99299E-05 9.99299E-05 0.0496377 0.0526637 9.99299E-05 0.0413981 9.99299E-05 9.99299E-05 0.570903 0.202624 0.0301296 0.0449736 0.00687121 9.99299E-05 9.99299E-05 9.99299E-05
9.99122E-05 9.99122E-05 9.99122E-05 0.116604 9.99122E-05 0.187037 9.99122E-05 0.126264 0.470087 0.00982105 0.0891882 9.99122E-05 9.99122E-05 9.99122E-05 9.99122E-05 9.99122E-05
0.0213513 9.99298E-05 0.000450664 0.151954 9.99298E-05 9.99298E-05 0.0137381 9.99298E-05 0.427019 0.189561 0.181539 9.99298E-05 9.99298E-05 0.0135888 9.99298E-05 9.99298E-05
0.0238559 9.9921E-05 9.9921E-05 0.0219731 9.9921E-05 0.0675002 9.9921E-05 9.9921E-05 0.852898 9.9921E-05 0.0224806 0.00472749 9.9921E-05 9.9921E-05 9.9921E-05 0.00566584
9.99211E-05 9.99211E-05 0.0846672 0.023623 9.99211E-05 9.99211E-05 9.99211E-05 0.0275038 0.731664 9.99211E-05 0.0722011 0.0211299 9.99211E-05 0.0383121 9.99211E-05 9.99211E-05
9.98948E-05 9.98948E-05 0.073943 9.98948E-05 9.98948E-05 0.0195779 0.0585289 9.98948E-05 0.846751 9.98948E-05 9.98948E-05 9.98948E-05 9.98948E-05 9.98948E-05 9.98948E-05 9.98948E-05
9.99211E-05 0.0326765 9.99211E-05 0.0383789 9.99211E-05 9.99211E-05 9.99211E-05 9.99211E-05 0.553555 0.0998716 0.00197305 0.215122 9.99211E-05 9.99211E-05 9.99211E-05 0.0575229
9.99211E-05 0.0829056 9.99211E-05 0.169204 9.99211E-05 0.0813265 9.99211E-05 9.99211E-05 0.533425 9.99211E-05 0.0214278 9.99211E-05 0.04668 9.99211E-05 0.0641316 9.99211E-05
9.99035E-05 9.99035E-05 9.99035E-05 0.211699 9.99035E-05 0.0486965 0.100667 9.99035E-05 0.432052 0.205786 9.99035E-05 9.99035E-05 9.99035E-05 9.99035E-05 9.99035E-05 9.99035E-05
9.98947E-05 9.98947E-05 0.102493 9.98947E-05 9.98947E-05 9.98947E-05 9.98947E-05 9.98947E-05 0.765238 9.98947E-05 0.0973549 0.0337157 9.98947E-05 9.98947E-05 9.98947E-05 9.98947E-05
9.99123E-05 9.99123E-05 9.99123E-05 0.0787966 9.99123E-05 9.99123E-05 9.99123E-05 0.0130816 0.641898 9.99123E-05 0.245808 0.0123726 9.99123E-05 0.00704388 9.99123E-05 9.99123E-05
0.0127933 0.0479589 9.99122E-05 9.99122E-05 9.99122E-05 9.99122E-05 9.99122E-05 9.99122E-05 0.772183 9.99122E-05 0.0336389 9.99122E-05 0.048394 9.99122E-05 0.0840328 9.99122E-05
9.99122E-05 9.99122E-05 9.99122E-05 0.236351 9.99122E-05 9.99122E-05 9.99122E-05 0.204852 0.356986 9.99122E-05 0.0762115 0.08789 9.99122E-05 0.0367111 9.99122E-05 9.99122E-05
9.98947E-05 9.98947E-05 0.108258 0.253583 9.98947E-05 9.98947E-05 9.98947E-05 9.98947E-05 0.250732 9.98947E-05 0.386227 9.98947E-05 9.98947E-05 9.98947E-05 9.98947E-05 9.98947E-05
9.98946E-05 9.98946E-05 9.98946E-05 0.0583775 9.98946E-05 9.98946E-05 9.98946E-05 9.98946E-05 0.793425 9.98946E-05 0.0699085 9.98946E-05 9.98946E-05 9.98946E-05 9.98946E-05 0.0770901
0.0790082 9.99035E-05 9.99035E-05 0.0915361 9.99035E-05 0.0713671 9.99035E-05 9.99035E-05 0.747404 9.99035E-05 9.99035E-05 0.00958606 9.99035E-05 9.99035E-05 9.99035E-05 9.99035E-05
9.9886E-05 9.9886E-05 9.9886E-05 0.0477173 9.9886E-05 9.9886E-05 0.00600621 9.9886E-05 0.944978 9.9886E-05 9.9886E-05 9.9886E-05 9.9886E-05 9.9886E-05 9.9886E-05 9.9886E-05
9.99034E-05 9.99034E-05 9.99034E-05 0.137035 9.99034E-05 0.0333921 9.99034E-05 0.0298352 0.645844 9.99034E-05 0.152794 9.99034E-05 9.99034E-05 9.99034E-05 9.99034E-05 9.99034E-05
9.99125E-05 0.0277228 9.99125E-05 0.0212324 9.99125E-05 9.99125E-05 0.128665 9.99125E-05 0.700322 9.99125E-05 9.99125E-05 9.99125E-05 9.99125E-05 9.99125E-05 0.0801701 0.0408885
0.00741812 9.99561E-05 0.0152648 0.211649 0.00364492 0.157356 9.99561E-05 0.0129334 0.306154 0.157981 0.0843765 0.0329437 9.99561E-05 0.00977952 9.99561E-05 9.99561E-05
9.99034E-05 9.99034E-05 0.0616012 9.99034E-05 9.99034E-05 9.99034E-05 9.99034E-05 9.99034E-05 0.568082 9.99034E-05 0.275123 9.99034E-05 9.99034E-05 0.0589577 0.035137 9.99034E-05
0.0999763 0.00198832 9.98948E-05 9.98948E-05 9.98948E-05 9.98948E-05 9.98948E-05 9.98948E-05 0.864855 0.0319815 9.98948E-05 9.98948E-05 9.98948E-05 9.98948E-05 9.98948E-05 9.98948E-05
0.00329007 9.99036E-05 9.99036E-05 0.117662 9.99036E-05 9.99036E-05 0.176898 9.99036E-05 0.629777 9.99036E-05 9.99036E-05 9.99036E-05 9.99036E-05 9.99036E-05 0.071275 9.99036E-05
9.99035E-05 9.99035E-05 0.00550632 0.124309 9.99035E-05 9.99035E-05 9.99035E-05 9.99035E-05 0.788681 9.99035E-05 9.99035E-05 9.99035E-05 9.99035E-05 0.0798208 0.000583637 9.99035E-05
9.99123E-05 9.99123E-05 9.99123E-05 9.99123E-05 9.99123E-05 0.00464169 9.99123E-05 0.00229519 0.737293 0.130806 9.99123E-05 9.99123E-05 9.99123E-05 9.99123E-05 0.0616812 0.0622838
0.165284 0.0204178 9.99035E-05 0.0766233 9.99035E-05 9.99035E-05 9.99035E-05 9.99035E-05 0.695213 9.99035E-05 0.0413632 9.99035E-05 9.99035E-05 9.99035E-05 9.99035E-05 9.99035E-05
9.99035E-05 9.99035E-05 0.0737205 0.0492571 9.99035E-05 0.0698579 9.99035E-05 9.99035E-05 0.742249 9.99035E-05 0.0638166 9.99035E-05 9.99035E-05 9.99035E-05 9.99035E-05 9.99035E-05
9.99122E-05 0.0105129 9.99122E-05 0.0391951 9.99122E-05 0.0356518 9.99122E-05 9.99122E-05 0.898281 9.99122E-05 0.0115594 0.00380078 9.99122E-05 9.99122E-05 9.99122E-05 9.99122E-05
0.00291361 0.0294216 9.99121E-05 0.142132 9.99121E-05 0.0128662 9.99121E-05 0.757684 9.99121E-05 9.99121E-05 9.99121E-05 0.053984 9.99121E-05 9.99121E-05 9.99121E-05 9.99121E-05
9.98772E-05 9.98772E-05 9.98772E-05 9.98772E-05 9.98772E-05 9.98772E-05 9.98772E-05 0.967744 9.98772E-05 9.98772E-05 9.98772E-05 9.98772E-05 9.98772E-05 0.0308578 9.98772E-05 9.98772E-05
0.0637822 9.98947E-05 9.98947E-05 9.98947E-05 9.98947E-05 9.98947E-05 0.0493843 0.881349 9.98947E-05 9.98947E-05 9.98947E-05 9.98947E-05 0.00428569 9.98947E-05 9.98947E-05 9.98947E-05
0.0423006 0.332293 9.99122E-05 0.026144 9.99122E-05 9.99122E-05 9.99122E-05 0.331907 9.99122E-05 0.164037 9.99122E-05 0.102319 9.99122E-05 9.99122E-05 9.99122E-05 9.99122E-05
0.0414586 9.99121E-05 9.99121E-05 0.0258081 9.99121E-05 9.99121E-05 9.99121E-05 0.705382 9.99121E-05 9.99121E-05 0.0807775 0.0677 9.99121E-05 9.99121E-05 9.99121E-05 0.077875
9.9912E-05 9.9912E-05 9.9912E-05 0.186908 9.9912E-05 0.0182723 9.9912E-05 0.585572 9.9912E-05 0.0140043 0.166453 0.0277909 9.9912E-05 9.9912E-05 9.9912E-05 9.9912E-05
9.98945E-05 0.234538 9.98945E-05 0.158134 9.98945E-05 0.0055899 9.98945E-05 0.600539 9.98945E-05 9.98945E-05 9.98945E-05 9.98945E-05 9.98945E-05 9.98945E-05 9.98945E-05 9.98945E-05
0.215177 0.0539 9.99121E-05 0.106803 9.99121E-05 9.99121E-05 9.99121E-05 0.503408 9.99121E-05 0.0821751 9.99121E-05 0.0375379 9.99121E-05 9.99121E-05 9.99121E-05 9.99121E-05
9.98946E-05 0.0265151 9.98946E-05 0.0201438 9.98946E-05 9.98946E-05 9.98946E-05 0.943395 9.98946E-05 9.98946E-05 9.98946E-05 9.98946E-05 9.98946E-05 0.00874698 9.98946E-05 9.98946E-05
9.9877E-05 9.9877E-05 9.9877E-05 9.9877E-05 9.9877E-05 0.0819349 9.9877E-05 0.916667 9.9877E-05 9.9877E-05 9.9877E-05 9.9877E-05 9.9877E-05 9.9877E-05 9.9877E-05 9.9877E-05
0.00421565 9.9912E-05 9.9912E-05 0.283824 9.9912E-05 0.185142 9.9912E-05 0.481418 9.9912E-05 9.9912E-05 9.9912E-05 0.0405468 9.9912E-05 9.9912E-05 9.9912E-05 0.0038539
9.99385E-05 0.14172 0.0337819 9.99385E-05 0.0496984 0.0136876 0.162989 0.360031 9.99385E-05 9.99385E-05 0.0919668 0.0380993 9.99385E-05 9.99385E-05 0.107326 9.99385E-05
9.99209E-05 9.99209E-05 9.99209E-05 0.0307712 0.0766856 0.0546402 9.99209E-05 0.601498 9.99209E-05 0.048393 9.99209E-05 0.0929229 9.99209E-05 9.99209E-05 0.0941894 9.99209E-05
9.99034E-05 0.155588 9.99034E-05 0.218671 9.99034E-05 9.99034E-05 9.99034E-05 0.414448 9.99034E-05 9.99034E-05 0.189966 9.99034E-05 9.99034E-05 9.99034E-05 0.0202277 9.99034E-05
9.98773E-05 9.98773E-05 9.98773E-05 9.98773E-05 9.98773E-05 9.98773E-05 9.98773E-05 0.965303 9.98773E-05 9.98773E-05 9.98773E-05 9.98773E-05 9.98773E-05 0.0332987 9.98773E-05 9.98773E-05
9.98947E-05 9.98947E-05 9.98947E-05 0.0257936 9.98947E-05 0.0623273 9.98947E-05 0.816143 9.98947E-05 9.98947E-05 9.98947E-05 0.0945379 9.98947E-05 9.98947E-05 9.98947E-05 9.98947E-05
0.0206518 9.99296E-05 0.110258 0.00515806 9.99296E-05 9.99296E-05 0.0158748 0.702155 9.99296E-05 0.119376 9.99296E-05 0.00227684 9.99296E-05 9.99296E-05 0.0234498 9.99296E-05
9.99122E-05 9.99122E-05 0.0764496 9.99122E-05 0.0363523 0.0806907 9.99122E-05 0.668317 9.99122E-05 9.99122E-05 0.020322 0.116869 9.99122E-05 9.99122E-05 9.99122E-05 9.99122E-05
0.076327 9.99034E-05 0.0173493 0.0292338 9.99034E-05 0.024844 9.99034E-05 0.851147 9.99034E-05 9.99034E-05 9.99034E-05 9.99034E-05 9.99034E-05 9.99034E-05 9.99034E-05 9.99034E-05
0.010288 9.99208E-05 9.99208E-05 0.158572 0.0502268 0.050231 9.99208E-05 0.642228 9.99208E-05 9.99208E-05 9.99208E-05 9.99208E-05 9.99208E-05 0.0127251 9.99208E-05 0.0748307
9.98773E-05 9.98773E-05 9.98773E-05 9.98773E-05 9.98773E-05 9.98773E-05 9.98773E-05 0.963012 9.98773E-05 9.98773E-05 9.98773E-05 9.98773E-05 0.0355892 9.98773E-05 9.98773E-05 9.98773E-05
9.98857E-05 9.98857E-05 9.98857E-05 0.0527825 9.98857E-05 9.98857E-05 9.98857E-05 0.647851 9.98857E-05 9.98857E-05 0.298068 9.98857E-05 9.98857E-05 9.98857E-05 9.98857E-05 9.98857E-05
0.00470434 0.0538926 9.99123E-05 0.0133412 9.99123E-05 9.99123E-05 9.99123E-05 0.650034 9.99123E-05 0.219823 0.0572064 9.99123E-05 9.99123E-05 9.99123E-05 9.99123E-05 9.99123E-05
0.0913023 9.9921E-05 0.072568 9.9921E-05 9.9921E-05 9.9921E-05 9.9921E-05 0.711783 9.9921E-05 0.0155041 9.9921E-05 0.0337362 9.9921E-05 0.0237152 0.0504915 9.9921E-05
9.98857E-05 9.98857E-05 9.98857E-05 9.98857E-05 0.0360398 0.180375 9.98857E-05 0.782286 9.98857E-05 9.98857E-05 9.98857E-05 9.98857E-05 9.98857E-05 9.98857E-05 9.98857E-05 9.98857E-05
9.98773E-05 9.98773E-05 9.98773E-05 9.98773E-05 9.98773E-05 9.98773E-05 9.98773E-05 0.971944 9.98773E-05 9.98773E-05 9.98773E-05 0.0266574 9.98773E-05 9.98773E-05 9.98773E-05 9.98773E-05
9.9886E-05 9.9886E-05 9.9886E-05 9.9886E-05 0.0120667 9.9886E-05 9.9886E-05 0.974471 9.9886E-05 9.9886E-05 0.0121634 9.9886E-05 9.9886E-05 9.9886E-05 9.9886E-05 9.9886E-05
9.98772E-05 9.98772E-05 9.98772E-05 0.030525 9.98772E-05 9.98772E-05 9.98772E-05 0.968077 9.98772E-05 9.98772E-05 9.98772E-05 9.98772E-05 9.98772E-05 9.98772E-05 9.98772E-05 9.98772E-05
0.0777137 9.98772E-05 9.98772E-05 9.98772E-05 9.98772E-05 9.98772E-05 9.98772E-05 0.920888 9.98772E-05 9.98772E-05 9.98772E-05 9.98772E-05 9.98772E-05 9.98772E-05 9.98772E-05 9.98772E-05
9.99035E-05 0.0254472 9.99035E-05 0.100501 9.99035E-05 9.99035E-05 9.99035E-05 0.643769 9.99035E-05 9.99035E-05 9.99035E-05 0.111419 0.117765 9.99035E-05 9.99035E-05 9.99035E-05
9.98859E-05 9.98859E-05 9.98859E-05 0.0952418 9.98859E-05 9.98859E-05 9.98859E-05 9.98859E-05 9.98859E-05 0.826329 9.98859E-05 0.0771304 9.98859E-05 9.98859E-05 9.98859E-05 9.98859E-05
9.98947E-05 9.98947E-05 9.98947E-05 0.0439129 9.98947E-05 9.98947E-05 9.98947E-05 9.98947E-05 9.98947E-05 0.478378 9.98947E-05 0.0358643 0.440646 9.98947E-05 9.98947E-05 9.98947E-05
9.98771E-05 9.98771E-05 9.98771E-05 0.131186 9.98771E-05 9.98771E-05 9.98771E-05 9.98771E-05 9.98771E-05 0.867416 9.98771E-05 9.98771E-05 9.98771E-05 9.98771E-05 9.98771E-05 9.98771E-05
0.0398318 9.99033E-05 9.99033E-05 0.111082 9.99033E-05 0.0147846 9.99033E-05 9.99033E-05 9.99033E-05 0.80813 9.99033E-05 0.0250731 9.99033E-05 9.99033E-05 9.99033E-05 9.99033E-05
9.98858E-05 9.98858E-05 9.98858E-05 9.98858E-05 0.0373057 9.98858E-05 9.98858E-05 9.98858E-05 9.98858E-05 0.92155 9.98858E-05 0.039846 9.98858E-05 9.98858E-05 9.98858E-05 9.98858E-05
9.99034E-05 0.0412236 0.0432979 0.187598 9.99034E-05 9.99034E-05 9.99034E-05 9.99034E-05 9.99034E-05 0.627891 9.99034E-05 0.0988913 9.99034E-05 9.99034E-05 9.99034E-05 9.99034E-05
0.00451864 9.9921E-05 9.9921E-05 0.0832511 0.0278257 0.0169533 9.9921E-05 9.9921E-05 9.9921E-05 0.766227 0.0167163 0.0836085 9.9921E-05 9.9921E-05 9.9921E-05 9.9921E-05
9.98771E-05 9.98771E-05 9.98771E-05 9.98771E-05 9.98771E-05 9.98771E-05 9.98771E-05 9.98771E-05 9.98771E-05 0.80022 9.98771E-05 0.198382 9.98771E-05 9.98771E-05 9.98771E-05 9.98771E-05
9.99121E-05 0.177189 9.99121E-05 9.99121E-05 0.0268574 0.0313335 9.99121E-05 9.99121E-05 9.99121E-05 0.355316 0.0902046 0.3181 9.99121E-05 9.99121E-05 9.99121E-05 9.99121E-05
9.98946E-05 9.98946E-05 9.98946E-05 0.258341 0.025799 9.98946E-05 9.98946E-05 9.98946E-05 9.98946E-05 0.507508 9.98946E-05 0.207153 9.98946E-05 9.98946E-05 9.98946E-05 9.98946E-05
9.98947E-05 0.237741 9.98947E-05 9.98947E-05 9.98947E-05 9.98947E-05 9.98947E-05 9.98947E-05 9.98947E-05 0.543636 9.98947E-05 0.0135092 0.203915 9.98947E-05 9.98947E-05 9.98947E-05
9.99035E-05 0.153431 9.99035E-05 9.99035E-05 9.99035E-05 0.00722739 9.99035E-05 9.99035E-05 0.00633318 0.79259 9.99035E-05 9.99035E-05 0.0393202 9.99035E-05 9.99035E-05 9.99035E-05
9.98773E-05 9.98773E-05 9.98773E-05 9.98773E-05 9.98773E-05 9.98773E-05 9.98773E-05 9.98773E-05 9.98773E-05 0.958677 9.98773E-05 0.0399245 9.98773E-05 9.98773E-05 9.98773E-05 9.98773E-05
9.98948E-05 9.98948E-05 9.98948E-05 0.214236 9.98948E-05 9.98948E-05 9.98948E-05 9.98948E-05 9.98948E-05 0.658513 9.98948E-05 0.110598 0.0154542 9.98948E-05 9.98948E-05 9.98948E-05
0.169195 9.99211E-05 9.99211E-05 0.0181434 9.99211E-05 0.049601 0.0501274 9.99211E-05 9.99211E-05 0.667293 9.99211E-05 0.0112772 0.0334636 9.99211E-05 9.99211E-05 9.99211E-05
9.99122E-05 0.0943552 9.99122E-05 0.191568 9.99122E-05 0.0510635 0.0129827 9.99122E-05 9.99122E-05 0.632583 9.99122E-05 0.0164488 9.99122E-05 9.99122E-05 9.99122E-05 9.99122E-05
9.99034E-05 0.190405 9.99034E-05 0.124065 9.99034E-05 9.99034E-05 9.99034E-05 9.99034E-05 9.99034E-05 0.625998 9.99034E-05 0.0317233 9.99034E-05 9.99034E-05 9.99034E-05 0.0267096
9.99036E-05 9.99036E-05 9.99036E-05 9.99036E-05 9.99036E-05 9.99036E-05 9.99036E-05 9.99036E-05 9.99036E-05 0.675975 0.12409 0.106549 0.00557724 9.99036E-05 0.0867097 9.99036E-05
9.98772E-05 9.98772E-05 9.98772E-05 9.98772E-05 9.98772E-05 9.98772E-05 9.98772E-05 9.98772E-05 9.98772E-05 0.995548 9.98772E-05 0.00305376 9.98772E-05 9.98772E-05 9.98772E-05 9.98772E-05
9.9921E-05 9.9921E-05 9.9921E-05 0.0949367 9.9921E-05 0.0617025 9.9921E-05 0.029752 9.9921E-05 0.414629 9.9921E-05 0.138012 0.18501 9.9921E-05 9.9921E-05 0.0750587
9.99034E-05 0.125548 9.99034E-05 0.0989438 9.99034E-05 9.99034E-05 9.99034E-05 9.99034E-05 9.99034E-05 0.730996 9.99034E-05 0.0170381 9.99034E-05 9.99034E-05 0.026375 9.99034E-05
0.0140842 9.98946E-05 9.98946E-05 0.0423847 9.98946E-05 0.0176581 9.98946E-05 9.98946E-05 9.98946E-05 0.924674 9.98946E-05 9.98946E-05 9.98946E-05 9.98946E-05 9.98946E-05 9.98946E-05
9.99034E-05 0.0667588 9.99034E-05 0.214136 9.99034E-05 9.99034E-05 9.99034E-05 9.99034E-05 9.99034E-05 0.459157 9.99034E-05 0.213707 9.99034E-05 9.99034E-05 9.99034E-05 0.0451429
9.98948E-05 9.98948E-05 9.98948E-05 9.98948E-05 9.98948E-05 9.98948E-05 9.98948E-05 9.98948E-05 9.98948E-05 0.71886 9.98948E-05 0.20824 0.0667873 0.00491405 9.98948E-05 9.98948E-05
9.99034E-05 0.0887385 9.99034E-05 0.221275 9.99034E-05 9.99034E-05 9.99034E-05 9.99034E-05 9.99034E-05 0.481961 9.99034E-05 0.159845 9.99034E-05 9.99034E-05 9.99034E-05 0.0470819
9.99123E-05 0.0915823 9.99123E-05 0.147387 9.99123E-05 9.99123E-05 9.99123E-05 0.0405048 9.99123E-05 0.40054 9.99123E-05 0.136423 0.182565 9.99123E-05 9.99123E-05 9.99123E-05
9.99035E-05 9.99035E-05 9.99035E-05 0.0493109 9.99035E-05 9.99035E-05 9.99035E-05 9.99035E-05 9.99035E-05 0.193975 9.99035E-05 9.99035E-05 0.608595 0.136721 9.99035E-05 0.0102993
9.98945E-05 9.98945E-05 0.00986854 0.130433 9.98945E-05 9.98945E-05 9.98945E-05 9.98945E-05 9.98945E-05 0.825461 9.98945E-05 0.0330387 9.98945E-05 9.98945E-05 9.98945E-05 9.98945E-05
9.9886E-05 9.9886E-05 9.9886E-05 0.153041 9.9886E-05 9.9886E-05 9.9886E-05 9.9886E-05 9.9886E-05 0.601632 9.9886E-05 0.244028 9.9886E-05 9.9886E-05 9.9886E-05 9.9886E-05
9.9921E-05 9.9921E-05 9.9921E-05 0.168828 9.9921E-05 0.0762789 9.9921E-05 9.9921E-05 9.9921E-05 0.709693 0.00163336 0.0126515 0.0293718 9.9921E-05 9.9921E-05 0.000644365
9.98948E-05 9.98948E-05 9.98948E-05 0.184004 9.98948E-05 0.0649073 9.98948E-05 9.98948E-05 9.98948E-05 0.738638 9.98948E-05 0.011252 9.98948E-05 9.98948E-05 9.98948E-05 9.98948E-05
9.98947E-05 9.98947E-05 9.98947E-05 0.0688146 9.98947E-05 9.98947E-05 0.0272732 9.98947E-05 9.98947E-05 0.871988 9.98947E-05 9.98947E-05 9.98947E-05 9.98947E-05 9.98947E-05 0.0307259
9.99121E-05 9.99121E-05 9.99121E-05 0.122271 9.99121E-05 0.000907793 9.99121E-05 9.99121E-05 9.99121E-05 0.491175 9.99121E-05 0.223667 9.99121E-05 9.99121E-05 0.0692111 0.0917689
9.98946E-05 9.98946E-05 9.98946E-05 0.0430763 9.98946E-05 9.98946E-05 9.98946E-05 9.98946E-05 9.98946E-05 0.804218 0.145661 0.00584627 9.98946E-05 9.98946E-05 9.98946E-05 9.98946E-05
9.9886E-05 9.9886E-05 0.00452866 0.0142051 9.9886E-05 9.9886E-05 9.9886E-05 9.9886E-05 9.9886E-05 0.979968 9.9886E-05 9.9886E-05 9.9886E-05 9.9886E-05 9.9886E-05 9.9886E-05
9.99297E-05 0.0767571 0.0435661 9.99297E-05 0.00545209 9.99297E-05 0.0169685 9.99297E-05 9.99297E-05 0.730041 0.0122072 0.0694052 0.0448037 9.99297E-05 9.99297E-05 9.99297E-05
0.0558683 9.99033E-05 9.99033E-05 0.243279 9.99033E-05 0.0420686 9.99033E-05 9.99033E-05 9.99033E-05 0.606141 9.99033E-05 0.0515437 9.99033E-05 9.99033E-05 9.99033E-05 9.99033E-05
9.98858E-05 9.98858E-05 9.98858E-05 9.98858E-05 9.98858E-05 9.98858E-05 9.98858E-05 9.98858E-05 9.98858E-05 0.319409 9.98858E-05 0.0789875 0.600305 9.98858E-05 9.98858E-05 9.98858E-05
9.99123E-05 9.99123E-05 9.99123E-05 0.00216532 0.00325475 9.99123E-05 9.99123E-05 9.99123E-05 9.99123E-05 0.771293 9.99123E-05 0.0881209 0.119749 9.99123E-05 9.99123E-05 0.0144178
9.98773E-05 9.98773E-05 9.98773E-05 9.98773E-05 9.98773E-05 9.98773E-05 9.98773E-05 9.98773E-05 9.98773E-05 0.766016 9.98773E-05 9.98773E-05 0.232585 9.98773E-05 9.98773E-05 9.98773E-05
0.0272264 0.027441 9.9921E-05 9.9921E-05 9.9921E-05 0.0229388 9.9921E-05 9.9921E-05 9.9921E-05 0.335219 9.9921E-05 0.0301422 0.467671 9.9921E-05 9.9921E-05 0.0884623
9.98946E-05 0.123744 9.98946E-05 0.260769 9.98946E-05 9.98946E-05 9.98946E-05 9.98946E-05 9.98946E-05 0.504354 9.98946E-05 0.109934 9.98946E-05 9.98946E-05 9.98946E-05 9.98946E-05
9.98947E-05 9.98947E-05 9.98947E-05 9.98947E-05 9.98947E-05 9.98947E-05 9.98947E-05 9.98947E-05 9.98947E-05 0.869586 0.0341372 0.079896 9.98947E-05 9.98947E-05 0.0151824 9.98947E-05
9.99034E-05 9.99034E-05 9.99034E-05 0.0937789 9.99034E-05 9.99034E-05 9.99034E-05 9.99034E-05 9.99034E-05 0.190639 9.99034E-05 0.0918223 0.561602 9.99034E-05 9.99034E-05 0.0610591
9.9886E-05 9.9886E-05 9.9886E-05 0.0664071 9.9886E-05 9.9886E-05 9.9886E-05 9.9886E-05 9.9886E-05 0.446287 9.9886E-05 9.9886E-05 0.486007 9.9886E-05 9.9886E-05 9.9886E-05
0.00764124 0.148657 9.99121E-05 9.99121E-05 9.99121E-05 9.99121E-05 9.99121E-05 9.99121E-05 9.99121E-05 0.48965 0.0497827 0.19087 9.99121E-05 9.99121E-05 9.99121E-05 0.112399
9.98947E-05 9.98947E-05 9.98947E-05 0.0636562 9.98947E-05 9.98947E-05 9.98947E-05 0.181005 9.98947E-05 0.633473 9.98947E-05 0.120667 9.98947E-05 9.98947E-05 9.98947E-05 9.98947E-05
9.99124E-05 0.142663 9.99124E-05 0.0139589 9.99124E-05 9.99124E-05 0.0150951 9.99124E-05 9.99124E-05 0.535904 9.99124E-05 0.116314 9.99124E-05 0.175066 9.99124E-05 9.99124E-05
9.98947E-05 9.98947E-05 9.98947E-05 0.220077 9.98947E-05 9.98947E-05 9.98947E-05 9.98947E-05 9.98947E-05 0.450342 0.06754 0.260842 9.98947E-05 9.98947E-05 9.98947E-05 9.98947E-05
9.98859E-05 9.98859E-05 9.98859E-05 0.00344974 9.98859E-05 9.98859E-05 9.98859E-05 9.98859E-05 9.98859E-05 0.544117 9.98859E-05 9.98859E-05 0.451134 9.98859E-05 9.98859E-05 9.98859E-05
9.99033E-05 9.99033E-05 0.199327 0.123832 9.99033E-05 0.0131868 9.99033E-05 9.99033E-05 9.99033E-05 0.658817 0.00373811 9.99033E-05 9.99033E-05 9.99033E-05 9.99033E-05 9.99033E-05
9.99123E-05 9.99123E-05 9.99123E-05 9.99123E-05 0.00960255 9.99123E-05 0.00308856 0.0109363 9.99123E-05 0.299312 9.99123E-05 0.128328 0.547733 9.99123E-05 9.99123E-05 9.99123E-05
9.99124E-05 9.99124E-05 9.99124E-05 0.0719393 9.99124E-05 0.0775042 9.99124E-05 9.99124E-05 9.99124E-05 0.620616 9.99124E-05 0.110336 0.118108 9.99124E-05 9.99124E-05 0.000496833
9.9886E-05 0.0225945 9.9886E-05 9.9886E-05 9.9886E-05 9.9886E-05 9.9886E-05 9.9886E-05 9.9886E-05 0.929486 9.9886E-05 0.0466205 9.9886E-05 9.9886E-05 9.9886E-05 9.9886E-05
9.98859E-05 9.98859E-05 9.98859E-05 9.98859E-05 9.98859E-05 0.0642626 9.98859E-05 9.98859E-05 9.98859E-05 0.917205 9.98859E-05 9.98859E-05 9.98859E-05 9.98859E-05 9.98859E-05 0.0172342
9.99122E-05 0.0449318 0.0439846 0.251472 9.99122E-05 9.99122E-05 9.99122E-05 9.99122E-05 9.99122E-05 0.449765 0.00768469 0.201163 9.99122E-05 9.99122E-05 9.99122E-05 9.99122E-05
9.98858E-05 9.98858E-05 9.98858E-05 0.108196 9.98858E-05 9.98858E-05 9.98858E-05 9.98858E-05 9.98858E-05 0.733258 9.98858E-05 0.157248 9.98858E-05 9.98858E-05 9.98858E-05 9.98858E-05
9.98946E-05 9.98946E-05 9.98946E-05 9.98946E-05 9.98946E-05 0.0312438 0.0729404 9.98946E-05 9.98946E-05 0.840523 9.98946E-05 0.0540937 9.98946E-05 9.98946E-05 9.98946E-05 9.98946E-05
9.98947E-05 9.98947E-05 9.98947E-05 0.0507853 9.98947E-05 9.98947E-05 9.98947E-05 9.98947E-05 9.98947E-05 0.839121 9.98947E-05 9.98947E-05 0.0173141 9.98947E-05 9.98947E-05 0.0915809
9.98947E-05 0.0274578 9.98947E-05 9.98947E-05 9.98947E-05 9.98947E-05 9.98947E-05 9.98947E-05 9.98947E-05 0.709182 9.98947E-05 0.150669 0.111492 9.98947E-05 9.98947E-05 9.98947E-05
9.98682E-05 9.98682E-05 9.98682E-05 0.998502 9.98682E-05 9.98682E-05 9.98682E-05 9.98682E-05 9.98682E-05 9.98682E-05 9.98682E-05 9.98682E-05 9.98682E-05 9.98682E-05 9.98682E-05 9.98682E-05
9.98681E-05 9.98681E-05 9.98681E-05 9.98681E-05 9.98681E-05 9.98681E-05 9.98681E-05 9.98681E-05 9.98681E-05 9.98681E-05 9.98681E-05 0.998502 9.98681E-05 9.98681E-05 9.98681E-05 9.98681E-05
9.98681E-05 9.98681E-05 9.98681E-05 0.998502 9.98681E-05 9.98681E-05 9.98681E-05 9.98681E-05 9.98681E-05 9.98681E-05 9.98681E-05 9.98681E-05 9.98681E-05 9.98681E-05 9.98681E-05 9.98681E-05
9.9877E-05 9.9877E-05 0.0124544 9.9877E-05 9.9877E-05 9.9877E-05 9.9877E-05 9.9877E-05 9.9877E-05 9.9877E-05 9.9877E-05 0.986147 9.9877E-05 9.9877E-05 9.9877E-05 9.9877E-05
9.98681E-05 9.98681E-05 9.98681E-05 9.98681E-05 9.98681E-05 9.98681E-05 9.98681E-05 9.98681E-05 9.98681E-05 9.98681E-05 9.98681E-05 0.998502 9.98681E-05 9.98681E-05 9.98681E-05 9.98681E-05
9.98681E-05 9.98681E-05 9.98681E-05 9.98681E-05 9.98681E-05 9.98681E-05 9.98681E-05 9.98681E-05 9.98681E-05 9.98681E-05 9.98681E-05 0.998502 9.98681E-05 9.98681E-05 9.98681E-05 9.98681E-05
9.98682E-05 9.98682E-05 9.98682E-05 0.998502 9.98682E-05 9.98682E-05 9.98682E-05 9.98682E-05 9.98682E-05 9.98682E-05 9.98682E-05 9.98682E-05 9.98682E-05 9.98682E-05 9.98682E-05 9.98682E-05
9.98681E-05 9.98681E-05 9.98681E-05 9.98681E-05 9.98681E-05 9.98681E-05 9.98681E-05 9.98681E-05 9.98681E-05 9.98681E-05 9.98681E-05 0.998502 9.98681E-05 9.98681E-05 9.98681E-05 9.98681E-05
9.9868E-05 9.9868E-05 9.9868E-05 9.9868E-05 9.9868E-05 9.9868E-05 9.9868E-05 9.9868E-05 9.9868E-05 9.9868E-05 9.9868E-05 0.998502 9.9868E-05 9.9868E-05 9.9868E-05 9.9868E-05
9.9868E-05 9.9868E-05 9.9868E-05 0.998502 9.9868E-05 9.9868E-05 9.9868E-05 9.9868E-05 9.9868E-05 9.9868E-05 9.9868E-05 9.9868E-05 9.9868E-05 9.9868E-05 9.9868E-05 9.9868E-05
9.98681E-05 9.98681E-05 9.98681E-05 0.998502 9.98681E-05 9.98681E-05 9.98681E-05 9.98681E-05 9.98681E-05 9.98681E-05 9.98681E-05 9.98681E-05 9.98681E-05 9.98681E-05 9.98681E-05 9.98681E-05
9.98681E-05 9.98681E-05 9.98681E-05 0.998502 9.98681E-05 9.98681E-05 9.98681E-05 9.98681E-05 9.98681E-05 9.98681E-05 9.98681E-05 9.98681E-05 9.98681E-05 9.98681E-05 9.98681E-05 9.98681E-05
9.9868E-05 9.9868E-05 9.9868E-05 9.9868E-05 9.9868E-05 9.9868E-05 9.9868E-05 9.9868E-05 9.9868E-05 9.9868E-05 9.9868E-05 0.998502 9.9868E-05 9.9868E-05 9.9868E-05 9.9868E-05
9.98681E-05 9.98681E-05 9.98681E-05 9.98681E-05 9.98681E-05 9.98681E-05 9.98681E-05 9.98681E-05 9.98681E-05 9.98681E-05 9.98681E-05 0.998502 9.98681E-05 9.98681E-05 9.98681E-05 9.98681E-05
9.98681E-05 9.98681E-05 9.98681E-05 0.998502 9.98681E-05 9.98681E-05 9.98681E-05 9.98681E-05 9.98681E-05 9.98681E-05 9.98681E-05 9.98681E-05 9.98681E-05 9.98681E-05 9.98681E-05 9.98681E-05
9.98681E-05 9.98681E-05 9.98681E-05 0.998502 9.98681E-05 9.98681E-05 9.98681E-05 9.98681E-05 9.98681E-05 9.98681E-05 9.98681E-05 9.98681E-05 9.98681E-05 9.98681E-05 9.98681E-05 9.98681E-05
9.99297E-05 0.0246992 0.193629 0.0546183 9.99297E-05 9.99297E-05 0.00770755 9.99297E-05 9.99297E-05 0.627257 9.99297E-05 0.0541834 9.99297E-05 0.0100272 9.99297E-05 0.0270791
9.98681E-05 9.98681E-05 9.98681E-05 0.998502 9.98681E-05 9.98681E-05 9.98681E-05 9.98681E-05 9.98681E-05 9.98681E-05 9.98681E-05 9.98681E-05 9.98681E-05 9.98681E-05 9.98681E-05 9.98681E-05
9.98681E-05 9.98681E-05 9.98681E-05 9.98681E-05 9.98681E-05 9.98681E-05 9.98681E-05 9.98681E-05 9.98681E-05 9.98681E-05 9.98681E-05 0.998502 9.98681E-05 9.98681E-05 9.98681E-05 9.98681E-05
9.98681E-05 9.98681E-05 9.98681E-05 0.998502 9.98681E-05 9.98681E-05 9.98681E-05 9.98681E-05 9.98681E-05 9.98681E-05 9.98681E-05 9.98681E-05 9.98681E-05 9.98681E-05 9.98681E-05 9.98681E-05
9.98681E-05 9.98681E-05 9.98681E-05 0.998502 9.98681E-05 9.98681E-05 9.98681E-05 9.98681E-05 9.98681E-05 9.98681E-05 9.98681E-05 9.98681E-05 9.98681E-05 9.98681E-05 9.98681E-05 9.98681E-05
9.98681E-05 9.98681E-05 9.98681E-05 0.998502 9.98681E-05 9.98681E-05 9.98681E-05 9.98681E-05 9.98681E-05 9.98681E-05 9.98681E-05 9.98681E-05 9.98681E-05 9.98681E-05 9.98681E-05 9.98681E-05
9.98682E-05 9.98682E-05 9.98682E-05 9.98682E-05 9.98682E-05 9.98682E-05 9.98682E-05 9.98682E-05 9.98682E-05 9.98682E-05 9.98682E-05 0.998502 9.98682E-05 9.98682E-05 9.98682E-05 9.98682E-05
9.98681E-05 9.98681E-05 9.98681E-05 0.998502 9.98681E-05 9.98681E-05 9.98681E-05 9.98681E-05 9.98681E-05 9.98681E-05 9.98681E-05 9.98681E-05 9.98681E-05 9.98681E-05 9.98681E-05 9.98681E-05
9.9868E-05 9.9868E-05 9.9868E-05 9.9868E-05 9.9868E-05 9.9868E-05 9.9868E-05 9.9868E-05 9.9868E-05 9.9868E-05 9.9868E-05 0.998502 9.9868E-05 9.9868E-05 9.9868E-05 9.9868E-05
9.98681E-05 9.98681E-05 9.98681E-05 0.998502 9.98681E-05 9.98681E-05 9.98681E-05 9.98681E-05 9.98681E-05 9.98681E-05 9.98681E-05 9.98681E-05 9.98681E-05 9.98681E-05 9.98681E-05 9.98681E-05
9.9868E-05 9.9868E-05 9.9868E-05 0.998502 9.9868E-05 9.9868E-05 9.9868E-05 9.9868E-05 9.9868E-05 9.9868E-05 9.9868E-05 9.9868E-05 9.9868E-05 9.9868E-05 9.9868E-05 9.9868E-05
9.9868E-05 9.9868E-05 9.9868E-05 9.9868E-05 9.9868E-05 9.9868E-05 9.9868E-05 9.9868E-05 9.9868E-05 9.9868E-05 9.9868E-05 0.998502 9.9868E-05 9.9868E-05 9.9868E-05 9.9868E-05
9.98681E-05 9.98681E-05 9.98681E-05 9.98681E-05 9.98681E-05 9.98681E-05 9.98681E-05 9.98681E-05 9.98681E-05 9.98681E-05 9.98681E-05 0.998502 9.98681E-05 9.98681E-05 9.98681E-05 9.98681E-05
9.98682E-05 9.98682E-05 9.98682E-05 9.98682E-05 9.98682E-05 9.98682E-05 9.98682E-05 9.98682E-05 9.98682E-05 9.98682E-05 9.98682E-05 0.998502 9.98682E-05 9.98682E-05 9.98682E-05 9.98682E-05
9.98681E-05 9.98681E-05 9.98681E-05 0.998502 9.98681E-05 9.98681E-05 9.98681E-05 9.98681E-05 9.98681E-05 9.98681E-05 9.98681E-05 9.98681E-05 9.98681E-05 9.98681E-05 9.98681E-05 9.98681E-05
9.98681E-05 9.98681E-05 9.98681E-05 0.998502 9.98681E-05 9.98681E-05 9.98681E-05 9.98681E-05 9.98681E-05 9.98681E-05 9.98681E-05 9.98681E-05 9.98681E-05 9.98681E-05 9.98681E-05 9.98681E-05
9.98681E-05 9.98681E-05 9.98681E-05 0.998502 9.98681E-05 9.98681E-05 9.98681E-05 9.98681E-05 9.98681E-05 9.98681E-05 9.98681E-05 9.98681E-05 9.98681E-05 9.98681E-05 9.98681E-05 9.98681E-05
9.98681E-05 9.98681E-05 9.98681E-05 0.998502 9.98681E-05 9.98681E-05 9.98681E-05 9.98681E-05 9.98681E-05 9.98681E-05 9.98681E-05 9.98681E-05 9.98681E-05 9.98681E-05 9.98681E-05 9.98681E-05
9.98682E-05 9.98682E-05 9.98682E-05 0.998502 9.98682E-05 9.98682E-05 9.98682E-05 9.98682E-05 9.98682E-05 9.98682E-05 9.98682E-05 9.98682E-05 9.98682E-05 9.98682E-05 9.98682E-05 9.98682E-05
9.9868E-05 9.9868E-05 9.9868E-05 9.9868E-05 9.9868E-05 9.9868E-05 9.9868E-05 9.9868E-05 9.9868E-05 9.9868E-05 9.9868E-05 0.998502 9.9868E-05 9.9868E-05 9.9868E-05 9.9868E-05
9.98681E-05 9.98681E-05 9.98681E-05 9.98681E-05 9.98681E-05 9.98681E-05 9.98681E-05 9.98681E-05 9.98681E-05 9.98681E-05 9.98681E-05 0.998502 9.98681E-05 9.98681E-05 9.98681E-05 9.98681E-05
9.9868E-05 9.9868E-05 9.9868E-05 9.9868E-05 9.9868E-05 9.9868E-05 9.9868E-05 9.9868E-05 9.9868E-05 9.9868E-05 9.9868E-05 0.998502 9.9868E-05 9.9868E-05 9.9868E-05 9.9868E-05
9.98681E-05 9.98681E-05 9.98681E-05 0.998502 9.98681E-05 9.98681E-05 9.98681E-05 9.98681E-05 9.98681E-05 9.98681E-05 9.98681E-05 9.98681E-05 9.98681E-05 9.98681E-05 9.98681E-05 9.98681E-05
9.98681E-05 9.98681E-05 9.98681E-05 9.98681E-05 9.98681E-05 9.98681E-05 9.98681E-05 9.98681E-05 9.98681E-05 9.98681E-05 9.98681E-05 0.998502 9.98681E-05 9.98681E-05 9.98681E-05 9.98681E-05
9.98681E-05 9.98681E-05 9.98681E-05 9.98681E-05 9.98681E-05 9.98681E-05 9.98681E-05 9.98681E-05 9.98681E-05 9.98681E-05 9.98681E-05 0.998502 9.98681E-05 9.98681E-05 9.98681E-05 9.98681E-05
9.98682E-05 9.98682E-05 9.98682E-05 9.98682E-05 9.98682E-05 9.98682E-05 9.98682E-05 9.98682E-05 9.98682E-05 9.98682E-05 9.98682E-05 0.998502 9.98682E-05 9.98682E-05 9.98682E-05 9.98682E-05
9.9868E-05 9.9868E-05 9.9868E-05 9.9868E-05 9.9868E-05 9.9868E-05 9.9868E-05 9.9868E-05 9.9868E-05 9.9868E-05 9.9868E-05 0.998502 9.9868E-05 9.9868E-05 9.9868E-05 9.9868E-05
9.9868E-05 9.9868E-05 9.9868E-05 0.998502 9.9868E-05 9.9868E-05 9.9868E-05 9.9868E-05 9.9868E-05 9.9868E-05 9.9868E-05 9.9868E-05 9.9868E-05 9.9868E-05 9.9868E-05 9.9868E-05
9.98682E-05 9.98682E-05 9.98682E-05 9.98682E-05 9.98682E-05 9.98682E-05 9.98682E-05 9.98682E-05 9.98682E-05 9.98682E-05 9.98682E-05 0.998502 9.98682E-05 9.98682E-05 9.98682E-05 9.98682E-05
9.98681E-05 9.98681E-05 9.98681E-05 9.98681E-05 9.98681E-05 9.98681E-05 9.98681E-05 9.98681E-05 9.98681E-05 9.98681E-05 9.98681E-05 0.998502 9.98681E-05 9.98681E-05 9.98681E-05 9.98681E-05
0.00399245 9.99122E-05 0.295326 0.0750932 9.99122E-05 9.99122E-05 0.0240441 9.99122E-05 9.99122E-05 0.521215 9.99122E-05 9.99122E-05 9.99122E-05 0.0793306 9.99122E-05 9.99122E-05
9.98681E-05 9.98681E-05 9.98681E-05 0.998502 9.98681E-05 9.98681E-05 9.98681E-05 9.98681E-05 9.98681E-05 9.98681E-05 9.98681E-05 9.98681E-05 9.98681E-05 9.98681E-05 9.98681E-05 9.98681E-05
9.98681E-05 9.98681E-05 9.98681E-05 9.98681E-05 9.98681E-05 9.98681E-05 9.98681E-05 9.98681E-05 9.98681E-05 9.98681E-05 9.98681E-05 0.998502 9.98681E-05 9.98681E-05 9.98681E-05 9.98681E-05
9.9868E-05 9.9868E-05 9.9868E-05 9.9868E-05 9.9868E-05 9.9868E-05 9.9868E-05 9.9868E-05 9.9868E-05 9.9868E-05 9.9868E-05 0.998502 9.9868E-05 9.9868E-05 9.9868E-05 9.9868E-05
9.98681E-05 9.98681E-05 9.98681E-05 9.98681E-05 9.98681E-05 9.98681E-05 9.98681E-05 9.98681E-05 9.98681E-05 9.98681E-05 9.98681E-05 0.998502 9.98681E-05 9.98681E-05 9.98681E-05 9.98681E-05
9.98681E-05 9.98681E-05 9.98681E-05 9.98681E-05 9.98681E-05 9.98681E-05 9.98681E-05 9.98681E-05 9.98681E-05 9.98681E-05 9.98681E-05 0.998502 9.98681E-05 9.98681E-05 9.98681E-05 9.98681E-05
9.98681E-05 9.98681E-05 9.98681E-05 0.998502 9.98681E-05 9.98681E-05 9.98681E-05 9.98681E-05 9.98681E-05 9.98681E-05 9.98681E-05 9.98681E-05 9.98681E-05 9.98681E-05 9.98681E-05 9.98681E-05
9.98681E-05 9.98681E-05 9.98681E-05 9.98681E-05 9.98681E-05 9.98681E-05 9.98681E-05 9.98681E-05 9.98681E-05 9.98681E-05 9.98681E-05 0.998502 9.98681E-05 9.98681E-05 9.98681E-05 9.98681E-05
9.9868E-05 9.9868E-05 9.9868E-05 0.998502 9.9868E-05 9.9868E-05 9.9868E-05 9.9868E-05 9.9868E-05 9.9868E-05 9.9868E-05 9.9868E-05 9.9868E-05 9.9868E-05 9.9868E-05 9.9868E-05
9.98681E-05 9.98681E-05 9.98681E-05 9.98681E-05 9.98681E-05 9.98681E-05 9.98681E-05 9.98681E-05 9.98681E-05 9.98681E-05 9.98681E-05 0.998502 9.98681E-05 9.98681E-05 9.98681E-05 9.98681E-05
9.98681E-05 9.98681E-05 9.98681E-05 0.998502 9.98681E-05 9.98681E-05 9.98681E-05 9.98681E-05 9.98681E-05 9.98681E-05 9.98681E-05 9.98681E-05 9.98681E-05 9.98681E-05 9.98681E-05 9.98681E-05
9.98681E-05 9.98681E-05 9.98681E-05 9.98681E-05 9.98681E-05 9.98681E-05 9.98681E-05 9.98681E-05 9.98681E-05 9.98681E-05 9.98681E-05 0.998502 9.98681E-05 9.98681E-05 9.98681E-05 9.98681E-05
9.98681E-05 9.98681E-05 9.98681E-05 9.98681E-05 9.98681E-05 9.98681E-05 9.98681E-05 9.98681E-05 9.98681E-05 9.98681E-05 9.98681E-05 0.998502 9.98681E-05 9.98681E-05 9.98681E-05 9.98681E-05
9.98681E-05 9.98681E-05 9.98681E-05 9.98681E-05 9.98681E-05 9.98681E-05 9.98681E-05 9.98681E-05 9.98681E-05 9.98681E-05 9.98681E-05 0.998502 9.98681E-05 9.98681E-05 9.98681E-05 9.98681E-05
9.9868E-05 9.9868E-05 9.9868E-05 9.9868E-05 9.9868E-05 9.9868E-05 9.9868E-05 9.9868E-05 9.9868E-05 9.9868E-05 9.9868E-05 0.998502 9.9868E-05 9.9868E-05 9.9868E-05 9.9868E-05
9.98682E-05 9.98682E-05 9.98682E-05 9.98682E-05 9.98682E-05 9.98682E-05 9.98682E-05 9.98682E-05 9.98682E-05 9.98682E-05 9.98682E-05 0.998502 9.98682E-05 9.98682E-05 9.98682E-05 9.98682E-05
9.98682E-05 9.98682E-05 9.98682E-05 9.98682E-05 9.98682E-05 9.98682E-05 9.98682E-05 9.98682E-05 9.98682E-05 9.98682E-05 9.98682E-05 0.998502 9.98682E-05 9.98682E-05 9.98682E-05 9.98682E-05
9.98681E-05 9.98681E-05 9.98681E-05 0.998502 9.98681E-05 9.98681E-05 9.98681E-05 9.98681E-05 9.98681E-05 9.98681E-05 9.98681E-05 9.98681E-05 9.98681E-05 9.98681E-05 9.98681E-05 9.98681E-05
9.9868E-05 9.9868E-05 9.9868E-05 0.998502 9.9868E-05 9.9868E-05 9.9868E-05 9.9868E-05 9.9868E-05 9.9868E-05 9.9868E-05 9.9868E-05 9.9868E-05 9.9868E-05 9.9868E-05 9.9868E-05
9.98681E-05 9.98681E-05 9.98681E-05 0.998502 9.98681E-05 9.98681E-05 9.98681E-05 9.98681E-05 9.98681E-05 9.98681E-05 9.98681E-05 9.98681E-05 9.98681E-05 9.98681E-05 9.98681E-05 9.98681E-05
9.98682E-05 9.98682E-05 9.98682E-05 9.98682E-05 9.98682E-05 9.98682E-05 9.98682E-05 9.98682E-05 9.98682E-05 9.98682E-05 9.98682E-05 0.998502 9.98682E-05 9.98682E-05 9.98682E-05 9.98682E-05
9.98681E-05 9.98681E-05 9.98681E-05 0.998502 9.98681E-05 9.98681E-05 9.98681E-05 9.98681E-05 9.98681E-05 9.98681E-05 9.98681E-05 9.98681E-05 9.98681E-05 9.98681E-05 9.98681E-05 9.98681E-05
9.98681E-05 9.98681E-05 9.98681E-05 0.998502 9.98681E-05 9.98681E-05 9.98681E-05 9.98681E-05 9.98681E-05 9.98681E-05 9.98681E-05 9.98681E-05 9.98681E-05 9.98681E-05 9.98681E-05 9.98681E-05
9.98681E-05 9.98681E-05 9.98681E-05 0.998502 9.98681E-05 9.98681E-05 9.98681E-05 9.98681E-05 9.98681E-05 9.98681E-05 9.98681E-05 9.98681E-05 9.98681E-05 9.98681E-05 9.98681E-05 9.98681E-05
9.98681E-05 9.98681E-05 9.98681E-05 9.98681E-05 9.98681E-05 9.98681E-05 9.98681E-05 9.98681E-05 9.98681E-05 9.98681E-05 9.98681E-05 0.998502 9.98681E-05 9.98681E-05 9.98681E-05 9.98681E-05
9.9868E-05 9.9868E-05 9.9868E-05 9.9868E-05 9.9868E-05 9.9868E-05 9.9868E-05 9.9868E-05 9.9868E-05 9.9868E-05 9.9868E-05 0.998502 9.9868E-05 9.9868E-05 9.9868E-05 9.9868E-05
