0.423891 0.111895 9.99561E-05 9.99561E-05 9.99561E-05 0.347548 9.99561E-05 0.0346693 0.0814969 9.99561E-05
0.710254 0.00446631 9.99473E-05 9.99473E-05 9.99473E-05 0.226283 9.99473E-05 0.0583968 9.99473E-05 9.99473E-05
0.846723 0.0109973 0.0658537 9.99648E-05 9.99648E-05 0.0464091 9.99648E-05 9.99648E-05 0.0127442 0.0168725
0.279561 0.0799102 9.99737E-05 0.104609 9.99737E-05 0.05774 0.00614992 0.408161 0.0635694 9.99737E-05
0.793142 9.99385E-05 0.192291 9.99385E-05 9.99385E-05 9.99385E-05 0.0138678 9.99385E-05 9.99385E-05 9.99385E-05
0.251315 9.99649E-05 0.150561 0.2713 0.0611666 0.11754 9.99649E-05 0.147718 9.99649E-05 9.99649E-05
0.302779 0.105162 9.99649E-05 9.99649E-05 9.99649E-05 0.265632 9.99649E-05 0.27459 0.000233052 0.0512046
0.238026 0.0323128 0.218637 0.198647 0.0390513 9.99737E-05 9.99737E-05 0.146305 9.99737E-05 0.126721
0.171556 0.001859 9.99737E-05 0.269122 9.99737E-05 0.260494 0.00242949 0.027041 0.267198 9.99737E-05
0.895437 9.9956E-05 9.9956E-05 9.9956E-05 0.00604122 0.0294379 9.9956E-05 0.0123809 0.0562034 9.9956E-05
0.524113 0.186207 9.99473E-05 9.99473E-05 9.99473E-05 0.284854 9.99473E-05 9.99473E-05 0.00422675 9.99473E-05
0.917501 0.0308987 0.0067172 9.99561E-05 9.99561E-05 9.99561E-05 9.99561E-05 0.022629 9.99561E-05 0.0217542
0.799781 9.99473E-05 9.99473E-05 9.99473E-05 9.99473E-05 0.153294 9.99473E-05 0.011629 9.99473E-05 0.0346969
0.654587 0.0182465 9.99649E-05 0.0865941 9.99649E-05 0.110205 0.0616106 9.99649E-05 9.99649E-05 0.0683568
0.32104 9.99561E-05 9.99561E-05 0.282202 9.99561E-05 0.255234 9.99561E-05 0.091328 0.0496958 9.99561E-05
0.224538 9.99561E-05 9.99561E-05 0.245739 9.99561E-05 0.120066 9.99561E-05 0.309053 9.99561E-05 0.100104
0.65492 0.0565964 9.99561E-05 9.99561E-05 9.99561E-05 0.185238 9.99561E-05 0.0639348 9.99561E-05 0.0388111
0.255607 0.0632677 9.99737E-05 9.99737E-05 0.175237 0.324365 0.114048 0.0243884 0.0427864 9.99737E-05
0.337557 0.103102 9.99561E-05 9.99561E-05 0.0459177 0.305675 9.99561E-05 0.207248 9.99561E-05 9.99561E-05
0.896226 9.99473E-05 9.99473E-05 9.99473E-05 9.99473E-05 0.00240936 0.0772318 0.0235328 9.99473E-05 9.99473E-05
0.450692 0.0989801 0.10413 0.10323 9.99737E-05 0.0318469 9.99737E-05 0.167376 0.043445 9.99737E-05
0.316472 0.0242216 0.181166 0.233346 9.99649E-05 0.0131042 9.99649E-05 0.231289 9.99649E-05 9.99649E-05
0.646524 0.0689686 9.99473E-05 9.99473E-05 0.0241441 0.259764 9.99473E-05 9.99473E-05 9.99473E-05 9.99473E-05
0.394454 0.000990373 9.99561E-05 9.99561E-05 9.99561E-05 0.371445 9.99561E-05 9.99561E-05 0.152211 0.0804003
0.210272 0.0871141 9.99736E-05 0.298207 9.99736E-05 0.175089 0.127272 0.0745949 0.0271522 9.99736E-05
0.653657 0.128756 9.99561E-05 0.075885 9.99561E-05 0.121961 9.99561E-05 0.0192406 9.99561E-05 9.99561E-05
0.0727821 0.0321985 0.0349044 0.135033 0.144399 0.412774 0.00245618 0.0206186 9.99912E-05 0.144734
0.743704 9.99386E-05 9.99386E-05 9.99386E-05 9.99386E-05 0.055583 9.99386E-05 0.200014 9.99386E-05 9.99386E-05
0.590083 9.99473E-05 9.99473E-05 9.99473E-05 9.99473E-05 0.227376 0.074312 9.99473E-05 0.107629 9.99473E-05
0.652031 0.0433773 0.0287295 0.0860213 0.0212133 0.136087 9.99737E-05 9.99737E-05 0.0322404 9.99737E-05
0.677333 0.197392 9.99561E-05 9.99561E-05 9.99561E-05 0.0944951 0.0165034 0.0137766 9.99561E-05 9.99561E-05
0.553491 0.0365433 0.0495153 0.235527 9.99561E-05 9.99561E-05 9.99561E-05 0.124423 9.99561E-05 9.99561E-05
0.559268 0.14856 9.99473E-05 9.99473E-05 9.99473E-05 0.231815 9.99473E-05 9.99473E-05 9.99473E-05 0.0597573
0.393553 9.99649E-05 9.99649E-05 0.0420157 9.99649E-05 0.330906 9.99649E-05 0.129347 0.0480242 0.0557542
0.767232 0.0691387 9.99473E-05 9.99473E-05 9.99473E-05 0.0952834 0.0677461 9.99473E-05 9.99473E-05 9.99473E-05
0.673659 0.0398059 9.99561E-05 9.99561E-05 9.99561E-05 0.101079 9.99561E-05 0.131346 0.0536101 9.99561E-05
0.812094 0.0501341 9.99386E-05 9.99386E-05 9.99386E-05 9.99386E-05 9.99386E-05 0.137072 9.99386E-05 9.99386E-05
0.574092 0.0125894 9.995E-05 0.164099 9.995E-05 0.207519 0.0412009 9.995E-05 9.995E-05 9.995E-05
0.492621 0.0629075 0.0806712 0.0429494 9.99649E-05 0.309547 0.0109048 9.99649E-05 9.99649E-05 9.99649E-05
0.568028 0.0422762 9.9956E-05 0.0662028 9.9956E-05 0.187425 9.9956E-05 9.9956E-05 9.9956E-05 0.135569
0.758011 9.99385E-05 9.99385E-05 9.99385E-05 9.99385E-05 0.0833773 9.99385E-05 0.157912 9.99385E-05 9.99385E-05
0.583166 9.99474E-05 9.99474E-05 0.0577117 9.99474E-05 0.281253 9.99474E-05 9.99474E-05 0.0772702 9.99474E-05
0.808968 9.99473E-05 0.0938545 0.0288972 9.99473E-05 9.99473E-05 9.99473E-05 0.0676807 9.99473E-05 9.99473E-05
0.311265 0.0907677 9.99561E-05 0.0604119 9.99561E-05 0.42473 9.99561E-05 9.99561E-05 0.112326 9.99561E-05
0.219465 9.99561E-05 0.0561577 9.99561E-05 9.99561E-05 0.377466 0.0133358 0.333076 9.99561E-05 9.99561E-05
0.822237 9.99561E-05 0.0618264 9.99561E-05 9.99561E-05 0.0122863 0.0588261 0.0443248 9.99561E-05 9.99561E-05
0.781168 0.0610349 9.99561E-05 9.99561E-05 0.0263882 0.102579 9.99561E-05 0.0283302 9.99561E-05 9.99561E-05
0.936576 9.99473E-05 9.99473E-05 9.99473E-05 9.99473E-05 0.0138229 0.00385549 9.99473E-05 9.99473E-05 0.0451455
0.628699 0.020409 0.108486 9.9956E-05 9.9956E-05 0.134145 9.9956E-05 0.107762 9.9956E-05 9.9956E-05
0.738988 0.0317855 0.0604453 9.99737E-05 0.0355441 0.0011958 0.0444496 9.99737E-05 9.99737E-05 0.0872921
0.260256 0.101711 0.0355373 0.104918 9.99824E-05 0.342285 0.0345653 0.0871205 0.0334063 9.99824E-05
0.610353 9.99561E-05 9.99561E-05 0.0698765 9.99561E-05 9.99561E-05 0.0593048 0.226058 0.0339081 9.99561E-05
0.842498 9.99473E-05 9.99473E-05 0.00495042 0.0590732 0.0928788 9.99473E-05 9.99473E-05 9.99473E-05 9.99473E-05
0.610357 9.99737E-05 0.0561405 0.0586297 0.0151098 0.0220218 0.00887903 9.99737E-05 9.99737E-05 0.228563
0.809833 9.99649E-05 0.0493471 9.99649E-05 9.99649E-05 0.00744933 9.99649E-05 0.0922697 0.0365113 0.0041898
0.659879 9.99386E-05 0.121779 9.99386E-05 9.99386E-05 9.99386E-05 0.217642 9.99386E-05 9.99386E-05 9.99386E-05
0.714681 0.0254587 0.030928 9.99649E-05 0.0490075 0.113121 9.99649E-05 0.066404 9.99649E-05 9.99649E-05
0.787967 0.0361327 9.99385E-05 9.99385E-05 9.99385E-05 9.99385E-05 9.99385E-05 0.175201 9.99385E-05 9.99385E-05
0.734451 0.0497749 0.00438391 9.99561E-05 0.00500236 0.205888 9.99561E-05 9.99561E-05 9.99561E-05 9.99561E-05
0.0295309 0.0719517 9.99649E-05 0.0412742 0.0771586 0.703244 9.99649E-05 0.0764404 9.99649E-05 9.99649E-05
0.274973 0.0214402 9.99649E-05 9.99649E-05 9.99649E-05 0.421368 9.99649E-05 0.190313 0.0212007 0.0703049
0.296382 0.0372503 9.99649E-05 0.0291498 0.182765 0.38125 9.99649E-05 9.99649E-05 9.99649E-05 0.0728032
9.99561E-05 0.0185232 9.99561E-05 0.314811 0.0637324 0.556442 9.99561E-05 0.0459917 9.99561E-05 9.99561E-05
0.0565325 0.0374522 9.99737E-05 9.99737E-05 0.0833454 0.563737 0.0179532 0.195445 9.99737E-05 0.0452352
9.99473E-05 0.0634691 9.99473E-05 9.99473E-05 0.0418332 0.816687 9.99473E-05 9.99473E-05 0.0774114 9.99473E-05
9.99386E-05 0.0705402 9.99386E-05 9.99386E-05 9.99386E-05 0.826581 9.99386E-05 0.102179 9.99386E-05 9.99386E-05
9.99561E-05 0.0127648 9.99561E-05 0.0928091 0.160514 0.665352 9.99561E-05 9.99561E-05 9.99561E-05 0.0680597
0.16488 0.0196885 9.99562E-05 9.99562E-05 0.093251 0.625313 9.99562E-05 9.99562E-05 0.0963678 9.99562E-05
0.227017 0.158818 9.99473E-05 9.99473E-05 9.99473E-05 0.433346 9.99473E-05 0.180219 9.99473E-05 9.99473E-05
9.995E-05 0.240521 9.995E-05 9.995E-05 0.0130684 0.697276 0.0287876 0.0198469 9.995E-05 9.995E-05
9.995E-05 0.10778 9.995E-05 9.995E-05 0.0714296 0.464991 9.995E-05 0.200093 9.995E-05 0.155207
9.99649E-05 0.158773 0.11055 0.180775 9.99649E-05 0.377084 9.99649E-05 0.0815518 9.99649E-05 0.0908669
9.99473E-05 9.99473E-05 0.136808 9.99473E-05 9.99473E-05 0.766768 9.99473E-05 9.99473E-05 0.0437573 0.0520664
0.226513 0.0797497 9.997E-05 0.0665154 9.997E-05 0.354233 9.997E-05 0.0410355 0.0845498 0.147104
0.207029 0.0887888 9.9965E-05 0.0485504 0.000468223 0.553441 9.9965E-05 0.101323 9.9965E-05 9.9965E-05
9.99561E-05 9.99561E-05 0.0246461 9.99561E-05 0.178078 0.53547 9.99561E-05 0.182166 9.99561E-05 0.0791398
0.0167743 0.214949 9.99649E-05 0.0706261 0.0148399 0.338988 9.99649E-05 0.343423 9.99649E-05 9.99649E-05
0.145393 0.0687244 9.99561E-05 9.99561E-05 0.124318 0.535442 9.99561E-05 0.125623 9.99561E-05 9.99561E-05
9.99473E-05 0.040433 9.99473E-05 9.99473E-05 0.0406632 0.810342 9.99473E-05 9.99473E-05 9.99473E-05 0.107963
0.316997 0.0131079 0.0729401 9.9965E-05 0.0202887 0.510948 9.9965E-05 9.9965E-05 9.9965E-05 0.0653178
9.99474E-05 9.99474E-05 9.99474E-05 9.99474E-05 0.130771 0.608569 9.99474E-05 0.237319 0.0227404 9.99474E-05
0.157046 0.0936942 9.99737E-05 0.128003 0.063517 0.543737 0.0109042 9.99737E-05 9.99737E-05 0.0027986
0.120892 0.08143 9.99825E-05 0.063055 0.0865773 0.379686 9.99825E-05 0.18389 0.0558436 0.0284266
0.192034 0.261814 9.99561E-05 0.082928 9.99561E-05 0.321522 9.99561E-05 0.141203 9.99561E-05 9.99561E-05
0.271167 0.0363938 0.0290653 0.173942 9.99562E-05 0.488932 9.99562E-05 9.99562E-05 9.99562E-05 9.99562E-05
0.39766 9.99649E-05 9.99649E-05 0.0134507 0.0922116 0.437762 9.99649E-05 0.020906 0.0376097 9.99649E-05
0.18164 9.99562E-05 9.99562E-05 9.99562E-05 0.000996848 0.656069 9.99562E-05 0.124564 0.0362305 9.99562E-05
0.223445 9.99562E-05 9.99562E-05 0.0441488 0.238631 0.492001 9.99562E-05 0.00127537 9.99562E-05 9.99562E-05
0.256032 9.99475E-05 9.99475E-05 0.155035 9.99475E-05 0.549378 9.99475E-05 9.99475E-05 9.99475E-05 0.0389548
9.99385E-05 9.99385E-05 0.0622797 0.74113 9.99385E-05 0.195891 9.99385E-05 9.99385E-05 9.99385E-05 9.99385E-05
0.163125 9.99387E-05 9.99387E-05 0.784957 9.99387E-05 0.0512186 9.99387E-05 9.99387E-05 9.99387E-05 9.99387E-05
9.995E-05 9.995E-05 0.133171 0.572581 0.0724229 0.183323 9.995E-05 9.995E-05 9.995E-05 0.0380026
9.996E-05 0.0209496 0.018789 0.698558 0.138368 0.115389 0.00754765 9.996E-05 9.996E-05 9.996E-05
9.9956E-05 9.9956E-05 9.9956E-05 0.839012 0.0269453 9.9956E-05 0.042479 9.9956E-05 0.0876508 0.00341365
9.99385E-05 9.99385E-05 9.99385E-05 0.738608 9.99385E-05 0.164847 9.99385E-05 0.0958456 9.99385E-05 9.99385E-05
9.99561E-05 0.0704408 9.99561E-05 0.703768 0.1301 0.0607029 0.0344882 9.99561E-05 9.99561E-05 9.99561E-05
9.99385E-05 9.99385E-05 9.99385E-05 0.780178 9.99385E-05 0.163608 0.0555139 9.99385E-05 9.99385E-05 9.99385E-05
9.99384E-05 0.0574577 9.99384E-05 0.722075 9.99384E-05 0.219768 9.99384E-05 9.99384E-05 9.99384E-05 9.99384E-05
9.99385E-05 9.99385E-05 9.99385E-05 0.606753 9.99385E-05 0.24805 9.99385E-05 0.144497 9.99385E-05 9.99385E-05
0.00891647 0.00689935 9.99474E-05 0.717718 9.99474E-05 0.265866 9.99474E-05 9.99474E-05 9.99474E-05 9.99474E-05
0.0152868 0.0232665 9.99561E-05 0.494111 9.99561E-05 0.390982 0.0758538 9.99561E-05 9.99561E-05 9.99561E-05
9.99387E-05 0.024079 9.99387E-05 0.951363 0.0238584 9.99387E-05 9.99387E-05 9.99387E-05 9.99387E-05 9.99387E-05
9.99474E-05 0.000692372 9.99474E-05 0.641722 9.99474E-05 0.295072 9.99474E-05 9.99474E-05 0.061914 9.99474E-05
9.99562E-05 0.0437551 9.99562E-05 0.735837 0.168817 9.99562E-05 0.0120683 9.99562E-05 9.99562E-05 0.0390226
9.99561E-05 0.0411303 9.99561E-05 0.504129 9.99561E-05 0.449082 0.00286216 9.99561E-05 9.99561E-05 0.00229768
9.99473E-05 9.99473E-05 9.99473E-05 0.566883 9.99473E-05 0.269741 0.147997 9.99473E-05 0.0147803 9.99473E-05
0.0388699 0.00520515 0.156075 0.756423 9.99562E-05 9.99562E-05 9.99562E-05 9.99562E-05 9.99562E-05 0.0429272
9.99474E-05 0.0779928 0.128984 0.761029 9.99474E-05 9.99474E-05 0.031395 9.99474E-05 9.99474E-05 9.99474E-05
9.99562E-05 0.0354933 9.99562E-05 0.647667 9.99562E-05 0.199646 0.079095 9.99562E-05 9.99562E-05 0.0375985
9.99561E-05 9.99561E-05 0.0447639 0.63715 0.00644334 0.257038 9.99561E-05 0.0541043 9.99561E-05 9.99561E-05
9.99561E-05 0.0684099 9.99561E-05 0.612237 0.0796898 0.214873 0.0242899 9.99561E-05 9.99561E-05 9.99561E-05
9.99472E-05 9.99472E-05 0.00036325 0.587607 9.99472E-05 0.301187 0.110243 9.99472E-05 9.99472E-05 9.99472E-05
9.99386E-05 0.0724158 9.99386E-05 0.921078 9.99386E-05 9.99386E-05 9.99386E-05 9.99386E-05 0.00580679 9.99386E-05
9.99385E-05 9.99385E-05 9.99385E-05 0.544105 9.99385E-05 0.315947 0.139248 9.99385E-05 9.99385E-05 9.99385E-05
9.99299E-05 9.99299E-05 9.99299E-05 0.625317 9.99299E-05 0.373884 9.99299E-05 9.99299E-05 9.99299E-05 9.99299E-05
0.204258 9.99474E-05 9.99474E-05 0.532184 9.99474E-05 9.99474E-05 0.178265 9.99474E-05 0.0846928 9.99474E-05
9.9956E-05 9.9956E-05 0.0752032 0.780396 9.9956E-05 0.013404 0.0289785 0.101519 9.9956E-05 9.9956E-05
9.993E-05 9.993E-05 9.993E-05 0.657255 9.993E-05 0.290909 0.0511369 9.993E-05 9.993E-05 9.993E-05
9.99561E-05 0.0318667 0.0866 0.627677 9.99561E-05 0.179256 0.074101 9.99561E-05 9.99561E-05 9.99561E-05
9.99474E-05 0.0482961 9.99474E-05 0.560602 9.99474E-05 0.260148 9.99474E-05 9.99474E-05 9.99474E-05 0.130355
9.99474E-05 9.99474E-05 9.99474E-05 0.744555 9.99474E-05 9.99474E-05 0.0868745 9.99474E-05 0.0342138 0.133757
9.9956E-05 0.0182638 0.0351861 0.617267 9.9956E-05 0.0899357 0.238847 9.9956E-05 9.9956E-05 9.9956E-05
9.99561E-05 0.00439682 9.99561E-05 0.680868 9.99561E-05 0.204106 0.096527 0.013602 9.99561E-05 9.99561E-05
9.99474E-05 9.99474E-05 9.99474E-05 0.860644 0.00867315 0.113745 9.99474E-05 9.99474E-05 9.99474E-05 0.0163382
9.996E-05 0.0840441 9.996E-05 0.775818 9.996E-05 0.0624165 0.048711 0.00539363 9.996E-05 0.0232172
9.99473E-05 0.0521917 9.99473E-05 0.593789 0.110733 0.242686 9.99473E-05 9.99473E-05 9.99473E-05 9.99473E-05
0.0188378 9.99387E-05 9.99387E-05 0.940971 9.99387E-05 9.99387E-05 0.0394913 9.99387E-05 9.99387E-05 9.99387E-05
9.99387E-05 0.0369453 9.99387E-05 0.84098 9.99387E-05 9.99387E-05 0.121375 9.99387E-05 9.99387E-05 9.99387E-05
0.0864244 0.00279309 0.0779189 0.819403 0.0129611 9.99562E-05 9.99562E-05 9.99562E-05 9.99562E-05 9.99562E-05
9.99475E-05 9.99475E-05 9.99475E-05 0.86315 0.0458253 9.99475E-05 0.0845256 9.99475E-05 9.99475E-05 0.00589986
9.99385E-05 9.99385E-05 0.0236466 0.492481 9.99385E-05 0.483173 9.99385E-05 9.99385E-05 9.99385E-05 9.99385E-05
9.99386E-05 9.99386E-05 0.156804 0.758894 9.99386E-05 0.0836023 9.99386E-05 9.99386E-05 9.99386E-05 9.99386E-05
0.0686402 9.99388E-05 9.99388E-05 0.758568 9.99388E-05 9.99388E-05 0.172092 9.99388E-05 9.99388E-05 9.99388E-05
0.159215 9.993E-05 9.993E-05 0.839985 9.993E-05 9.993E-05 9.993E-05 9.993E-05 9.993E-05 9.993E-05
9.99561E-05 0.0101899 9.99561E-05 0.605527 0.0247436 0.214095 0.144945 9.99561E-05 9.99561E-05 9.99561E-05
9.996E-05 0.049232 9.996E-05 0.625179 0.043309 0.241356 0.0151794 9.996E-05 9.996E-05 0.0253451
9.99474E-05 9.99474E-05 9.99474E-05 0.682004 0.00591713 0.159912 9.99474E-05 9.99474E-05 0.151568 9.99474E-05
9.99649E-05 0.0518627 9.99649E-05 0.580399 0.00193446 0.267451 0.0740259 9.99649E-05 0.0239262 9.99649E-05
0.0724849 9.99475E-05 9.99475E-05 0.81611 9.99475E-05 0.0911115 0.0196941 9.99475E-05 9.99475E-05 9.99475E-05
9.99649E-05 0.0154722 9.99649E-05 0.481376 9.99649E-05 0.181364 0.0071375 0.292641 9.99649E-05 0.0216084
0.0354578 9.99387E-05 9.99387E-05 0.899317 9.99387E-05 0.0645257 9.99387E-05 9.99387E-05 9.99387E-05 9.99387E-05
9.99387E-05 0.0887618 9.99387E-05 0.779699 9.99387E-05 0.13084 9.99387E-05 9.99387E-05 9.99387E-05 9.99387E-05
9.99561E-05 9.99561E-05 9.99561E-05 0.775087 0.0293445 0.00776406 0.00444969 9.99561E-05 9.99561E-05 0.182855
9.99561E-05 0.0464777 9.99561E-05 0.668957 0.0662533 0.0318774 9.99561E-05 0.185935 9.99561E-05 9.99561E-05
9.9956E-05 0.00300247 9.9956E-05 0.56703 9.9956E-05 0.39231 0.0251121 0.0120456 9.9956E-05 9.9956E-05
9.99561E-05 0.000286093 9.99561E-05 0.94994 9.99561E-05 0.0168045 0.0186221 9.99561E-05 0.0138475 9.99561E-05
9.99649E-05 0.0476596 0.0748889 0.564448 9.99649E-05 0.210604 0.0172119 9.99649E-05 9.99649E-05 0.084788
9.99561E-05 0.000623877 9.99561E-05 0.580373 9.99561E-05 0.136966 0.251339 9.99561E-05 9.99561E-05 0.0301989
9.99299E-05 9.99299E-05 9.99299E-05 0.923846 9.99299E-05 0.0753544 9.99299E-05 9.99299E-05 9.99299E-05 9.99299E-05
9.99295E-05 9.99295E-05 9.99295E-05 9.99295E-05 9.99295E-05 0.972435 0.026766 9.99295E-05 9.99295E-05 9.99295E-05
9.99207E-05 9.99207E-05 9.99207E-05 0.999101 9.99207E-05 9.99207E-05 9.99207E-05 9.99207E-05 9.99207E-05 9.99207E-05
9.99207E-05 9.99207E-05 9.99207E-05 9.99207E-05 9.99207E-05 0.999101 9.99207E-05 9.99207E-05 9.99207E-05 9.99207E-05
9.99208E-05 9.99208E-05 9.99208E-05 0.999101 9.99208E-05 9.99208E-05 9.99208E-05 9.99208E-05 9.99208E-05 9.99208E-05
9.99207E-05 9.99207E-05 9.99207E-05 0.999101 9.99207E-05 9.99207E-05 9.99207E-05 9.99207E-05 9.99207E-05 9.99207E-05
9.99208E-05 9.99208E-05 9.99208E-05 0.999101 9.99208E-05 9.99208E-05 9.99208E-05 9.99208E-05 9.99208E-05 9.99208E-05
9.99207E-05 9.99207E-05 9.99207E-05 9.99207E-05 9.99207E-05 0.999101 9.99207E-05 9.99207E-05 9.99207E-05 9.99207E-05
9.99207E-05 9.99207E-05 9.99207E-05 0.999101 9.99207E-05 9.99207E-05 9.99207E-05 9.99207E-05 9.99207E-05 9.99207E-05
9.99208E-05 9.99208E-05 9.99208E-05 0.999101 9.99208E-05 9.99208E-05 9.99208E-05 9.99208E-05 9.99208E-05 9.99208E-05
9.99207E-05 9.99207E-05 9.99207E-05 9.99207E-05 9.99207E-05 0.999101 9.99207E-05 9.99207E-05 9.99207E-05 9.99207E-05
9.99207E-05 9.99207E-05 9.99207E-05 9.99207E-05 9.99207E-05 0.999101 9.99207E-05 9.99207E-05 9.99207E-05 9.99207E-05
9.99208E-05 9.99208E-05 9.99208E-05 9.99208E-05 9.99208E-05 0.999101 9.99208E-05 9.99208E-05 9.99208E-05 9.99208E-05
9.99207E-05 9.99207E-05 9.99207E-05 0.999101 9.99207E-05 9.99207E-05 9.99207E-05 9.99207E-05 9.99207E-05 9.99207E-05
9.99208E-05 9.99208E-05 9.99208E-05 0.999101 9.99208E-05 9.99208E-05 9.99208E-05 9.99208E-05 9.99208E-05 9.99208E-05
9.99296E-05 9.99296E-05 9.99296E-05 9.99296E-05 9.99296E-05 0.929188 0.0700125 9.99296E-05 9.99296E-05 9.99296E-05
9.99207E-05 9.99207E-05 9.99207E-05 9.99207E-05 9.99207E-05 0.999101 9.99207E-05 9.99207E-05 9.99207E-05 9.99207E-05
9.99648E-05 9.99648E-05 9.99648E-05 0.4186 9.99648E-05 0.153884 0.0370637 0.202324 0.172043 0.0156859
9.99207E-05 9.99207E-05 9.99207E-05 9.99207E-05 9.99207E-05 0.999101 9.99207E-05 9.99207E-05 9.99207E-05 9.99207E-05
9.99207E-05 9.99207E-05 9.99207E-05 0.999101 9.99207E-05 9.99207E-05 9.99207E-05 9.99207E-05 9.99207E-05 9.99207E-05
9.99207E-05 9.99207E-05 9.99207E-05 9.99207E-05 9.99207E-05 0.999101 9.99207E-05 9.99207E-05 9.99207E-05 9.99207E-05
9.99207E-05 9.99207E-05 9.99207E-05 9.99207E-05 9.99207E-05 0.999101 9.99207E-05 9.99207E-05 9.99207E-05 9.99207E-05
9.99208E-05 9.99208E-05 9.99208E-05 9.99208E-05 9.99208E-05 0.999101 9.99208E-05 9.99208E-05 9.99208E-05 9.99208E-05
9.99208E-05 9.99208E-05 9.99208E-05 0.999101 9.99208E-05 9.99208E-05 9.99208E-05 9.99208E-05 9.99208E-05 9.99208E-05
9.99208E-05 9.99208E-05 9.99208E-05 9.99208E-05 9.99208E-05 0.999101 9.99208E-05 9.99208E-05 9.99208E-05 9.99208E-05
9.99207E-05 9.99207E-05 9.99207E-05 0.999101 9.99207E-05 9.99207E-05 9.99207E-05 9.99207E-05 9.99207E-05 9.99207E-05
9.99208E-05 9.99208E-05 9.99208E-05 9.99208E-05 9.99208E-05 0.999101 9.99208E-05 9.99208E-05 9.99208E-05 9.99208E-05
9.99207E-05 9.99207E-05 9.99207E-05 9.99207E-05 9.99207E-05 0.999101 9.99207E-05 9.99207E-05 9.99207E-05 9.99207E-05
9.99207E-05 9.99207E-05 9.99207E-05 0.999101 9.99207E-05 9.99207E-05 9.99207E-05 9.99207E-05 9.99207E-05 9.99207E-05
9.99207E-05 9.99207E-05 9.99207E-05 0.999101 9.99207E-05 9.99207E-05 9.99207E-05 9.99207E-05 9.99207E-05 9.99207E-05
9.99208E-05 9.99208E-05 9.99208E-05 0.999101 9.99208E-05 9.99208E-05 9.99208E-05 9.99208E-05 9.99208E-05 9.99208E-05
9.99295E-05 9.99295E-05 9.99295E-05 9.99295E-05 9.99295E-05 0.996055 0.00314531 9.99295E-05 9.99295E-05 9.99295E-05
9.99295E-05 9.99295E-05 9.99295E-05 9.99295E-05 9.99295E-05 0.982396 0.0168047 9.99295E-05 9.99295E-05 9.99295E-05
9.99207E-05 9.99207E-05 9.99207E-05 9.99207E-05 9.99207E-05 0.999101 9.99207E-05 9.99207E-05 9.99207E-05 9.99207E-05
9.99208E-05 9.99208E-05 9.99208E-05 9.99208E-05 9.99208E-05 0.999101 9.99208E-05 9.99208E-05 9.99208E-05 9.99208E-05
9.99207E-05 9.99207E-05 9.99207E-05 9.99207E-05 9.99207E-05 0.999101 9.99207E-05 9.99207E-05 9.99207E-05 9.99207E-05
9.99207E-05 9.99207E-05 9.99207E-05 0.999101 9.99207E-05 9.99207E-05 9.99207E-05 9.99207E-05 9.99207E-05 9.99207E-05
9.99207E-05 9.99207E-05 9.99207E-05 0.999101 9.99207E-05 9.99207E-05 9.99207E-05 9.99207E-05 9.99207E-05 9.99207E-05
9.99207E-05 9.99207E-05 9.99207E-05 0.999101 9.99207E-05 9.99207E-05 9.99207E-05 9.99207E-05 9.99207E-05 9.99207E-05
9.99207E-05 9.99207E-05 9.99207E-05 9.99207E-05 9.99207E-05 0.999101 9.99207E-05 9.99207E-05 9.99207E-05 9.99207E-05
9.99208E-05 9.99208E-05 9.99208E-05 0.999101 9.99208E-05 9.99208E-05 9.99208E-05 9.99208E-05 9.99208E-05 9.99208E-05
9.99207E-05 9.99207E-05 9.99207E-05 0.999101 9.99207E-05 9.99207E-05 9.99207E-05 9.99207E-05 9.99207E-05 9.99207E-05
9.99208E-05 9.99208E-05 9.99208E-05 0.999101 9.99208E-05 9.99208E-05 9.99208E-05 9.99208E-05 9.99208E-05 9.99208E-05
9.99207E-05 9.99207E-05 9.99207E-05 0.999101 9.99207E-05 9.99207E-05 9.99207E-05 9.99207E-05 9.99207E-05 9.99207E-05
9.99208E-05 9.99208E-05 9.99208E-05 9.99208E-05 9.99208E-05 0.999101 9.99208E-05 9.99208E-05 9.99208E-05 9.99208E-05
9.99208E-05 9.99208E-05 9.99208E-05 0.999101 9.99208E-05 9.99208E-05 9.99208E-05 9.99208E-05 9.99208E-05 9.99208E-05
9.99207E-05 9.99207E-05 9.99207E-05 0.999101 9.99207E-05 9.99207E-05 9.99207E-05 9.99207E-05 9.99207E-05 9.99207E-05
9.99648E-05 9.99648E-05 9.99648E-05 0.476217 9.99648E-05 0.15765 0.0623446 0.173738 0.0919272 0.0377239
9.99296E-05 9.99296E-05 9.99296E-05 9.99296E-05 9.99296E-05 0.936166 0.063035 9.99296E-05 9.99296E-05 9.99296E-05
9.99208E-05 9.99208E-05 9.99208E-05 0.999101 9.99208E-05 9.99208E-05 9.99208E-05 9.99208E-05 9.99208E-05 9.99208E-05
9.99207E-05 9.99207E-05 9.99207E-05 0.999101 9.99207E-05 9.99207E-05 9.99207E-05 9.99207E-05 9.99207E-05 9.99207E-05
9.99207E-05 9.99207E-05 9.99207E-05 0.999101 9.99207E-05 9.99207E-05 9.99207E-05 9.99207E-05 9.99207E-05 9.99207E-05
9.99208E-05 9.99208E-05 9.99208E-05 0.999101 9.99208E-05 9.99208E-05 9.99208E-05 9.99208E-05 9.99208E-05 9.99208E-05
9.99208E-05 9.99208E-05 9.99208E-05 9.99208E-05 9.99208E-05 0.999101 9.99208E-05 9.99208E-05 9.99208E-05 9.99208E-05
9.99296E-05 9.99296E-05 9.99296E-05 0.970785 0.0284157 9.99296E-05 9.99296E-05 9.99296E-05 9.99296E-05 9.99296E-05
9.99207E-05 9.99207E-05 9.99207E-05 9.99207E-05 9.99207E-05 0.999101 9.99207E-05 9.99207E-05 9.99207E-05 9.99207E-05
9.99207E-05 9.99207E-05 9.99207E-05 0.999101 9.99207E-05 9.99207E-05 9.99207E-05 9.99207E-05 9.99207E-05 9.99207E-05
9.99207E-05 9.99207E-05 9.99207E-05 9.99207E-05 9.99207E-05 0.999101 9.99207E-05 9.99207E-05 9.99207E-05 9.99207E-05
9.99207E-05 9.99207E-05 9.99207E-05 0.999101 9.99207E-05 9.99207E-05 9.99207E-05 9.99207E-05 9.99207E-05 9.99207E-05
9.99207E-05 9.99207E-05 9.99207E-05 0.999101 9.99207E-05 9.99207E-05 9.99207E-05 9.99207E-05 9.99207E-05 9.99207E-05
9.99207E-05 9.99207E-05 9.99207E-05 0.999101 9.99207E-05 9.99207E-05 9.99207E-05 9.99207E-05 9.99207E-05 9.99207E-05
9.99207E-05 9.99207E-05 9.99207E-05 0.999101 9.99207E-05 9.99207E-05 9.99207E-05 9.99207E-05 9.99207E-05 9.99207E-05
9.99207E-05 9.99207E-05 9.99207E-05 0.999101 9.99207E-05 9.99207E-05 9.99207E-05 9.99207E-05 9.99207E-05 9.99207E-05
9.99208E-05 9.99208E-05 9.99208E-05 0.999101 9.99208E-05 9.99208E-05 9.99208E-05 9.99208E-05 9.99208E-05 9.99208E-05
9.99296E-05 9.99296E-05 9.99296E-05 9.99296E-05 9.99296E-05 0.992263 0.00693786 9.99296E-05 9.99296E-05 9.99296E-05
9.99207E-05 9.99207E-05 9.99207E-05 9.99207E-05 9.99207E-05 0.999101 9.99207E-05 9.99207E-05 9.99207E-05 9.99207E-05
9.99207E-05 9.99207E-05 9.99207E-05 9.99207E-05 9.99207E-05 0.999101 9.99207E-05 9.99207E-05 9.99207E-05 9.99207E-05
9.99207E-05 9.99207E-05 9.99207E-05 0.999101 9.99207E-05 9.99207E-05 9.99207E-05 9.99207E-05 9.99207E-05 9.99207E-05
9.99207E-05 9.99207E-05 9.99207E-05 9.99207E-05 9.99207E-05 0.999101 9.99207E-05 9.99207E-05 9.99207E-05 9.99207E-05
9.99296E-05 9.99296E-05 9.99296E-05 9.99296E-05 9.99296E-05 0.956163 0.0430372 9.99296E-05 9.99296E-05 9.99296E-05
9.99207E-05 9.99207E-05 9.99207E-05 9.99207E-05 9.99207E-05 0.999101 9.99207E-05 9.99207E-05 9.99207E-05 9.99207E-05
9.99207E-05 9.99207E-05 9.99207E-05 0.999101 9.99207E-05 9.99207E-05 9.99207E-05 9.99207E-05 9.99207E-05 9.99207E-05
9.99208E-05 9.99208E-05 9.99208E-05 0.999101 9.99208E-05 9.99208E-05 9.99208E-05 9.99208E-05 9.99208E-05 9.99208E-05
9.99207E-05 9.99207E-05 9.99207E-05 0.999101 9.99207E-05 9.99207E-05 9.99207E-05 9.99207E-05 9.99207E-05 9.99207E-05
9.99207E-05 9.99207E-05 9.99207E-05 9.99207E-05 9.99207E-05 0.999101 9.99207E-05 9.99207E-05 9.99207E-05 9.99207E-05
9.99207E-05 9.99207E-05 9.99207E-05 0.999101 9.99207E-05 9.99207E-05 9.99207E-05 9.99207E-05 9.99207E-05 9.99207E-05
9.99207E-05 9.99207E-05 9.99207E-05 0.999101 9.99207E-05 9.99207E-05 9.99207E-05 9.99207E-05 9.99207E-05 9.99207E-05
9.99207E-05 9.99207E-05 9.99207E-05 9.99207E-05 9.99207E-05 0.999101 9.99207E-05 9.99207E-05 9.99207E-05 9.99207E-05
9.99208E-05 9.99208E-05 9.99208E-05 0.999101 9.99208E-05 9.99208E-05 9.99208E-05 9.99208E-05 9.99208E-05 9.99208E-05
9.99208E-05 9.99208E-05 9.99208E-05 0.999101 9.99208E-05 9.99208E-05 9.99208E-05 9.99208E-05 9.99208E-05 9.99208E-05
9.99648E-05 0.234902 9.99648E-05 0.338129 0.0942823 0.301401 0.0156853 9.99648E-05 9.99648E-05 0.0152008
9.99208E-05 9.99208E-05 9.99208E-05 9.99208E-05 9.99208E-05 0.999101 9.99208E-05 9.99208E-05 9.99208E-05 9.99208E-05
9.99208E-05 9.99208E-05 9.99208E-05 0.999101 9.99208E-05 9.99208E-05 9.99208E-05 9.99208E-05 9.99208E-05 9.99208E-05
9.99473E-05 0.0361079 9.99473E-05 0.836451 9.99473E-05 0.0149372 9.99473E-05 9.99473E-05 0.111904 9.99473E-05
9.99561E-05 9.99561E-05 9.99561E-05 0.735696 9.99561E-05 0.0616271 0.0441954 0.111723 0.0462586 9.99561E-05
9.99385E-05 9.99385E-05 9.99385E-05 0.575736 9.99385E-05 0.361354 9.99385E-05 9.99385E-05 0.0622105 9.99385E-05
9.996E-05 9.996E-05 9.996E-05 0.607275 0.0638842 0.106674 0.0620118 0.128399 9.996E-05 0.0313555
9.99385E-05 9.99385E-05 9.99385E-05 0.601219 9.99385E-05 0.388835 0.00924556 9.99385E-05 9.99385E-05 9.99385E-05
0.13946 9.99562E-05 0.00326001 0.804439 9.99562E-05 0.0388663 9.99562E-05 9.99562E-05 9.99562E-05 0.0134743
9.99561E-05 0.0366513 9.99561E-05 0.632317 9.99561E-05 0.235763 0.0274656 0.0673038 9.99561E-05 9.99561E-05
9.99648E-05 0.0581794 9.99648E-05 0.665881 0.130332 0.0797607 0.0112607 9.99648E-05 0.0541866 9.99648E-05
9.99299E-05 9.99299E-05 9.99299E-05 0.932248 9.99299E-05 0.0669525 9.99299E-05 9.99299E-05 9.99299E-05 9.99299E-05
9.99649E-05 9.99649E-05 0.101849 0.557433 9.99649E-05 0.165477 0.0502701 0.00813577 0.116436 9.99649E-05
9.99386E-05 0.116283 9.99386E-05 0.619541 9.99386E-05 0.263477 9.99386E-05 9.99386E-05 9.99386E-05 9.99386E-05
9.99297E-05 9.99297E-05 9.99297E-05 0.984816 9.99297E-05 0.0143843 9.99297E-05 9.99297E-05 9.99297E-05 9.99297E-05
9.99473E-05 9.99473E-05 9.99473E-05 0.487041 0.12242 0.35395 9.99473E-05 9.99473E-05 9.99473E-05 0.0359895
9.99473E-05 9.99473E-05 0.0263889 0.773912 0.145047 9.99473E-05 0.0540526 9.99473E-05 9.99473E-05 9.99473E-05
9.99472E-05 0.0213132 9.99472E-05 0.690257 9.99472E-05 0.273066 0.0147639 9.99472E-05 9.99472E-05 9.99472E-05
9.99473E-05 0.0349942 0.058171 0.554374 9.99473E-05 0.351861 9.99473E-05 9.99473E-05 9.99473E-05 9.99473E-05
9.99386E-05 9.99386E-05 9.99386E-05 0.822409 9.99386E-05 0.136415 0.0404759 9.99386E-05 9.99386E-05 9.99386E-05
9.99648E-05 0.0818907 9.99648E-05 0.243893 0.00190075 0.549633 9.99648E-05 9.99648E-05 0.01274 0.109544
9.996E-05 0.0277055 0.0419951 0.583232 9.996E-05 0.253438 0.0803508 9.996E-05 0.0128779 9.996E-05
9.99473E-05 9.99473E-05 0.108902 0.583266 9.99473E-05 0.240895 9.99473E-05 9.99473E-05 0.0663376 9.99473E-05
9.99473E-05 9.99473E-05 0.0913 0.635881 9.99473E-05 0.159035 0.113184 9.99473E-05 9.99473E-05 9.99473E-05
9.99386E-05 9.99386E-05 0.111316 0.860127 9.99386E-05 9.99386E-05 9.99386E-05 9.99386E-05 9.99386E-05 0.0278582
9.996E-05 0.0185732 9.996E-05 0.715725 0.0244742 0.0250834 0.0811157 9.996E-05 9.996E-05 0.134629
9.996E-05 0.00101503 0.0810831 0.767692 0.0526341 0.0494722 0.0477039 9.996E-05 9.996E-05 9.996E-05
9.99561E-05 9.99561E-05 0.0110616 0.732345 0.158237 9.99561E-05 0.0593537 9.99561E-05 0.038503 9.99561E-05
9.99213E-05 9.99213E-05 9.99213E-05 0.999101 9.99213E-05 9.99213E-05 9.99213E-05 9.99213E-05 9.99213E-05 9.99213E-05
9.99472E-05 9.99472E-05 0.154871 0.631236 9.99472E-05 0.161025 9.99472E-05 9.99472E-05 0.0522681 9.99472E-05
9.99385E-05 9.99385E-05 9.99385E-05 0.554661 9.99385E-05 0.361065 9.99385E-05 9.99385E-05 0.0835746 9.99385E-05
9.99649E-05 9.99649E-05 0.127949 0.562496 0.12818 0.10345 0.0241355 9.99649E-05 9.99649E-05 0.0533908
9.99473E-05 9.99473E-05 9.99473E-05 0.687195 0.166242 9.99473E-05 0.12682 9.99473E-05 9.99473E-05 0.0191432
9.99561E-05 0.0407591 0.00884488 0.707986 9.99561E-05 0.212802 9.99561E-05 0.0291076 9.99561E-05 9.99561E-05
9.994E-05 0.0150343 0.0761986 0.757276 9.994E-05 0.150892 9.994E-05 9.994E-05 9.994E-05 9.994E-05
9.99473E-05 9.99473E-05 0.0483951 0.632818 9.99473E-05 0.307176 0.0110116 9.99473E-05 9.99473E-05 9.99473E-05
9.99473E-05 9.99473E-05 0.132506 0.664256 0.0514376 0.151201 9.99473E-05 9.99473E-05 9.99473E-05 9.99473E-05
9.995E-05 0.0824176 0.129975 0.568231 0.0848008 0.134076 9.995E-05 9.995E-05 9.995E-05 9.995E-05
9.99386E-05 9.99386E-05 9.99386E-05 0.655325 9.99386E-05 0.285249 0.0587271 9.99386E-05 9.99386E-05 9.99386E-05
0.088792 9.99386E-05 9.99386E-05 0.829954 9.99386E-05 0.0805545 9.99386E-05 9.99386E-05 9.99386E-05 9.99386E-05
9.996E-05 0.103561 9.996E-05 0.292352 0.00025949 0.430126 9.996E-05 0.0996892 9.996E-05 0.0736129
9.99649E-05 0.126204 0.0548207 0.577139 9.99649E-05 0.0665819 0.0507049 9.99649E-05 9.99649E-05 0.124149
9.99561E-05 9.99561E-05 0.281415 0.537289 0.0132103 0.142476 9.99561E-05 0.0251101 9.99561E-05 9.99561E-05
9.9956E-05 9.9956E-05 0.0855875 0.579517 0.0394203 0.235228 0.0597477 9.9956E-05 9.9956E-05 9.9956E-05
9.995E-05 9.995E-05 0.100773 0.593457 9.995E-05 0.150548 0.0024337 9.995E-05 0.152289 9.995E-05
9.995E-05 9.995E-05 0.0381602 0.648956 9.995E-05 0.0606616 9.995E-05 0.0945155 0.157207 9.995E-05
9.99297E-05 9.99297E-05 9.99297E-05 0.798457 9.99297E-05 0.200743 9.99297E-05 9.99297E-05 9.99297E-05 9.99297E-05
9.99384E-05 9.99384E-05 9.99384E-05 0.552386 0.0493325 0.397582 9.99384E-05 9.99384E-05 9.99384E-05 9.99384E-05
9.99472E-05 9.99472E-05 0.193674 0.714344 0.0487157 9.99472E-05 0.0426662 9.99472E-05 9.99472E-05 9.99472E-05
0.0284537 9.99299E-05 9.99299E-05 0.970747 9.99299E-05 9.99299E-05 9.99299E-05 9.99299E-05 9.99299E-05 9.99299E-05
9.99473E-05 0.00833493 0.212623 0.774957 9.99473E-05 9.99473E-05 9.99473E-05 9.99473E-05 0.00348596 9.99473E-05
0.0270678 9.99474E-05 0.0849381 0.869708 9.99474E-05 0.0176865 9.99474E-05 9.99474E-05 9.99474E-05 9.99474E-05
9.99473E-05 9.99473E-05 9.99473E-05 0.450252 9.99473E-05 0.310571 9.99473E-05 0.107352 9.99473E-05 0.131225
9.99475E-05 0.132036 9.99475E-05 0.698082 0.0574462 0.111836 9.99475E-05 9.99475E-05 9.99475E-05 9.99475E-05
9.99386E-05 0.100908 9.99386E-05 0.475689 9.99386E-05 0.422704 9.99386E-05 9.99386E-05 9.99386E-05 9.99386E-05
9.9956E-05 0.0933768 0.0150975 0.149818 9.9956E-05 0.65526 9.9956E-05 0.085948 9.9956E-05 9.9956E-05
9.99297E-05 9.99297E-05 9.99297E-05 0.674405 9.99297E-05 0.324796 9.99297E-05 9.99297E-05 9.99297E-05 9.99297E-05
9.99473E-05 9.99473E-05 0.124216 0.74833 9.99473E-05 9.99473E-05 0.00383592 9.99473E-05 0.123019 9.99473E-05
9.99298E-05 9.99298E-05 9.99298E-05 0.937301 9.99298E-05 0.0618998 9.99298E-05 9.99298E-05 9.99298E-05 9.99298E-05
9.99475E-05 0.000328813 9.99475E-05 0.555182 0.00363019 0.440259 9.99475E-05 9.99475E-05 9.99475E-05 9.99475E-05
9.99386E-05 0.0148424 9.99386E-05 0.982583 9.99386E-05 0.00187544 9.99386E-05 9.99386E-05 9.99386E-05 9.99386E-05
9.99386E-05 9.99386E-05 9.99386E-05 0.799348 9.99386E-05 0.106509 0.0934434 9.99386E-05 9.99386E-05 9.99386E-05
9.99298E-05 9.99298E-05 9.99298E-05 0.647759 9.99298E-05 0.351442 9.99298E-05 9.99298E-05 9.99298E-05 9.99298E-05
9.993E-05 9.993E-05 9.993E-05 0.918747 9.993E-05 9.993E-05 9.993E-05 9.993E-05 9.993E-05 0.0804534
0.156332 9.99475E-05 9.99475E-05 0.82394 9.99475E-05 0.0103855 9.99475E-05 9.99475E-05 9.99475E-05 0.00874263
0.237869 0.0155447 9.9965E-05 0.675936 9.9965E-05 0.033374 0.000238931 0.0366373 9.9965E-05 9.9965E-05
9.99561E-05 0.10884 9.99561E-05 0.679608 9.99561E-05 0.166501 0.000131765 9.99561E-05 0.0444195 9.99561E-05
9.99473E-05 0.0120938 9.99473E-05 0.784801 9.99473E-05 0.0612769 0.141229 9.99473E-05 9.99473E-05 9.99473E-05
9.99386E-05 9.99386E-05 0.0317021 0.885316 9.99386E-05 9.99386E-05 9.99386E-05 9.99386E-05 0.0822827 9.99386E-05
0.0301244 9.99388E-05 9.99388E-05 0.965198 9.99388E-05 0.00397813 9.99388E-05 9.99388E-05 9.99388E-05 9.99388E-05
9.99473E-05 0.00248437 9.99473E-05 0.595332 9.99473E-05 0.345769 0.0558152 9.99473E-05 9.99473E-05 9.99473E-05
9.995E-05 0.0910214 9.995E-05 0.500376 9.995E-05 0.269512 0.103842 9.995E-05 9.995E-05 0.0347491
0.0285557 9.99475E-05 9.99475E-05 0.610524 9.99475E-05 0.323516 0.0368049 9.99475E-05 9.99475E-05 9.99475E-05
9.99386E-05 9.99386E-05 9.99386E-05 0.457347 9.99386E-05 0.509181 0.0327728 9.99386E-05 9.99386E-05 9.99386E-05
0.219327 9.99388E-05 9.99388E-05 0.473098 9.99388E-05 0.306876 9.99388E-05 9.99388E-05 9.99388E-05 9.99388E-05
9.99297E-05 9.99297E-05 9.99297E-05 0.721402 9.99297E-05 0.277799 9.99297E-05 9.99297E-05 9.99297E-05 9.99297E-05
9.99562E-05 9.99562E-05 9.99562E-05 0.37957 0.06746 0.293322 0.0205166 9.99562E-05 9.99562E-05 0.238632
0.00198482 9.99387E-05 9.99387E-05 0.735208 9.99387E-05 0.262107 9.99387E-05 9.99387E-05 9.99387E-05 9.99387E-05
9.99298E-05 9.99298E-05 9.99298E-05 0.637257 9.99298E-05 0.361944 9.99298E-05 9.99298E-05 9.99298E-05 9.99298E-05
0.211836 9.99387E-05 9.99387E-05 0.641278 9.99387E-05 0.146187 9.99387E-05 9.99387E-05 9.99387E-05 9.99387E-05
9.99561E-05 9.99561E-05 0.143793 0.531151 0.0309453 0.26255 0.0310605 9.99561E-05 9.99561E-05 9.99561E-05
9.99387E-05 9.99387E-05 9.99387E-05 0.700437 0.0102475 0.288616 9.99387E-05 9.99387E-05 9.99387E-05 9.99387E-05
9.99473E-05 0.0465261 0.074318 0.860418 9.99473E-05 0.018138 9.99473E-05 9.99473E-05 9.99473E-05 9.99473E-05
9.99473E-05 0.0482463 0.0709991 0.806329 9.99473E-05 9.99473E-05 9.99473E-05 9.99473E-05 0.0738255 9.99473E-05
9.99649E-05 0.0260236 0.174715 0.615412 0.0622156 0.063585 0.057649 9.99649E-05 9.99649E-05 9.99649E-05
0.132845 9.99475E-05 9.99475E-05 0.612498 0.10521 0.148848 9.99475E-05 9.99475E-05 9.99475E-05 9.99475E-05
9.99387E-05 0.0485828 9.99387E-05 0.89547 9.99387E-05 0.0552474 9.99387E-05 9.99387E-05 9.99387E-05 9.99387E-05
9.99473E-05 9.99473E-05 9.99473E-05 0.592701 9.99473E-05 0.179036 0.0709129 9.99473E-05 0.15675 9.99473E-05
9.99386E-05 0.0083557 9.99386E-05 0.603189 9.99386E-05 0.387755 9.99386E-05 9.99386E-05 9.99386E-05 9.99386E-05
9.99561E-05 9.99561E-05 9.99561E-05 0.52676 0.0781387 0.27152 0.0337519 9.99561E-05 0.089329 9.99561E-05
9.99473E-05 0.000489892 0.094113 0.855977 0.0488204 9.99473E-05 9.99473E-05 9.99473E-05 9.99473E-05 9.99473E-05
9.99561E-05 9.99561E-05 9.99561E-05 0.566316 9.99561E-05 0.289521 0.0182178 0.1159 9.99561E-05 0.00954581
9.99472E-05 0.0757127 0.0761805 0.609019 9.99472E-05 0.238488 9.99472E-05 9.99472E-05 9.99472E-05 9.99472E-05
9.99474E-05 9.99474E-05 9.99474E-05 0.472844 9.99474E-05 0.240658 0.159583 0.126315 9.99474E-05 9.99474E-05
9.99385E-05 9.99385E-05 9.99385E-05 0.241717 0.134249 0.623335 9.99385E-05 9.99385E-05 9.99385E-05 9.99385E-05
9.99298E-05 9.99298E-05 9.99298E-05 0.712329 9.99298E-05 0.286872 9.99298E-05 9.99298E-05 9.99298E-05 9.99298E-05
9.99824E-05 0.0546127 9.99824E-05 0.422612 0.0526728 0.230273 0.166373 0.0365274 0.0102705 0.0264592
9.99299E-05 9.99299E-05 9.99299E-05 0.943891 9.99299E-05 0.0553097 9.99299E-05 9.99299E-05 9.99299E-05 9.99299E-05
0.0473133 0.0289576 9.99474E-05 0.664311 9.99474E-05 0.258818 9.99474E-05 9.99474E-05 9.99474E-05 9.99474E-05
9.99648E-05 9.99648E-05 0.128275 0.726455 0.0356129 9.99648E-05 0.066623 0.0246508 0.0179839 9.99648E-05
9.99472E-05 0.105864 0.136321 0.398632 9.99472E-05 0.358583 9.99472E-05 9.99472E-05 9.99472E-05 9.99472E-05
9.99474E-05 0.0268692 9.99474E-05 0.358294 0.0766466 0.537591 9.99474E-05 9.99474E-05 9.99474E-05 9.99474E-05
9.99385E-05 9.99385E-05 9.99385E-05 0.407461 9.99385E-05 0.557776 9.99385E-05 0.0340628 9.99385E-05 9.99385E-05
9.99736E-05 0.0707125 0.0830447 0.60604 0.0775262 9.99736E-05 0.0526479 9.99736E-05 0.0525138 0.0572148
9.99561E-05 0.0138892 9.99561E-05 0.487609 9.99561E-05 0.43814 9.99561E-05 0.0341938 0.0256676 9.99561E-05
9.99649E-05 0.00907732 9.99649E-05 0.393006 0.142849 0.309356 0.130497 9.99649E-05 9.99649E-05 0.0148159
0.155401 9.99387E-05 9.99387E-05 0.75026 9.99387E-05 0.0936389 9.99387E-05 9.99387E-05 9.99387E-05 9.99387E-05
0.10527 9.99562E-05 9.99562E-05 0.712956 0.00885578 0.166624 0.00579484 9.99562E-05 9.99562E-05 9.99562E-05
9.99298E-05 9.99298E-05 9.99298E-05 0.649588 9.99298E-05 0.349613 9.99298E-05 9.99298E-05 9.99298E-05 9.99298E-05
9.99473E-05 9.99473E-05 9.99473E-05 0.162035 0.180858 0.629358 9.99473E-05 9.99473E-05 9.99473E-05 0.0271502
9.99301E-05 9.99301E-05 9.99301E-05 0.869486 9.99301E-05 0.129715 9.99301E-05 9.99301E-05 9.99301E-05 9.99301E-05
0.221856 9.99387E-05 9.99387E-05 0.681777 9.99387E-05 0.0956679 9.99387E-05 9.99387E-05 9.99387E-05 9.99387E-05
9.99474E-05 9.99474E-05 0.0118093 0.808681 0.0828733 9.99474E-05 0.0960363 9.99474E-05 9.99474E-05 9.99474E-05
9.99473E-05 9.99473E-05 9.99473E-05 0.806883 0.0770765 0.0973505 0.0180902 9.99473E-05 9.99473E-05 9.99473E-05
0.0107934 0.0362373 9.99562E-05 0.588353 9.99562E-05 0.303808 9.99562E-05 0.060308 9.99562E-05 9.99562E-05
9.99385E-05 9.99385E-05 0.0436705 0.520315 9.99385E-05 0.435315 9.99385E-05 9.99385E-05 9.99385E-05 9.99385E-05
9.99561E-05 9.99561E-05 0.10332 0.522418 9.99561E-05 0.270595 0.0116465 9.99561E-05 0.0915213 9.99561E-05
9.99561E-05 0.0948212 9.99561E-05 0.117964 9.99561E-05 0.579036 0.186099 9.99561E-05 0.0215791 9.99561E-05
9.99298E-05 9.99298E-05 9.99298E-05 0.969276 9.99298E-05 0.0299242 9.99298E-05 9.99298E-05 9.99298E-05 9.99298E-05
9.99473E-05 9.99473E-05 9.99473E-05 0.686554 9.99473E-05 0.20811 0.00306485 0.101671 9.99473E-05 9.99473E-05
9.99473E-05 9.99473E-05 9.99473E-05 0.383634 0.149198 0.413544 0.0530242 9.99473E-05 9.99473E-05 9.99473E-05
9.99562E-05 0.0414366 9.99562E-05 0.81346 9.99562E-05 0.00824835 0.128772 9.99562E-05 0.00758366 9.99562E-05
9.997E-05 0.0182441 9.997E-05 0.122124 9.997E-05 0.594092 0.0589777 0.0498168 0.0652098 0.0912359
9.99473E-05 9.99473E-05 0.00398746 0.504159 0.200006 0.291248 9.99473E-05 9.99473E-05 9.99473E-05 9.99473E-05
9.9956E-05 0.147372 9.9956E-05 0.650165 0.00548857 0.136405 0.0600702 9.9956E-05 9.9956E-05 9.9956E-05
9.99473E-05 9.99473E-05 9.99473E-05 0.399071 9.99473E-05 0.561705 0.014093 9.99473E-05 0.0245313 9.99473E-05
9.997E-05 0.0603374 0.123478 0.582439 9.997E-05 0.138491 0.0129706 0.053408 9.997E-05 0.0285763
0.0869036 9.99387E-05 9.99387E-05 0.69555 9.99387E-05 0.216846 9.99387E-05 9.99387E-05 9.99387E-05 9.99387E-05
9.99473E-05 0.125848 9.99473E-05 0.60431 0.0510487 0.218194 9.99473E-05 9.99473E-05 9.99473E-05 9.99473E-05
9.99387E-05 9.99387E-05 9.99387E-05 0.625708 9.99387E-05 0.297148 0.0764444 9.99387E-05 9.99387E-05 9.99387E-05
0.0850513 9.99388E-05 9.99388E-05 0.724036 9.99388E-05 0.190214 9.99388E-05 9.99388E-05 9.99388E-05 9.99388E-05
9.99472E-05 0.0704563 9.99472E-05 0.602126 9.99472E-05 0.124598 9.99472E-05 0.20222 9.99472E-05 9.99472E-05
9.9956E-05 0.0272364 0.0374903 0.569069 9.9956E-05 0.252837 0.112867 9.9956E-05 9.9956E-05 9.9956E-05
9.99473E-05 0.0404556 0.166025 0.149513 9.99473E-05 0.643407 9.99473E-05 9.99473E-05 9.99473E-05 9.99473E-05
9.99473E-05 0.0397039 0.0767909 9.99473E-05 9.99473E-05 0.849675 9.99473E-05 0.0332309 9.99473E-05 9.99473E-05
9.996E-05 0.0279011 0.0885044 0.118577 9.996E-05 0.670767 9.996E-05 0.0456904 9.996E-05 0.0481606
9.9965E-05 0.060039 0.0992531 0.0876015 9.9965E-05 0.617999 9.9965E-05 9.9965E-05 0.0828791 0.0518289
