0.0112132 9.99824E-05 0.204794 0.0171102 0.110613 0.532362 0.0459689 0.0777389 9.99824E-05
9.99473E-05 9.99473E-05 0.18143 0.011463 9.99473E-05 0.806507 9.99473E-05 9.99473E-05 9.99473E-05
9.99473E-05 9.99473E-05 9.99473E-05 0.0359902 9.99473E-05 0.901601 0.0618089 9.99473E-05 9.99473E-05
0.0127736 9.99737E-05 9.99737E-05 0.0283582 0.0552686 0.36584 0.12867 9.99737E-05 0.408789
0.0456125 9.99474E-05 9.99474E-05 9.99474E-05 9.99474E-05 0.874889 9.99474E-05 9.99474E-05 0.0788986
0.143869 9.99737E-05 0.103784 9.99737E-05 0.00627416 0.332187 0.0628421 9.99737E-05 0.350743
9.99649E-05 0.0191865 0.188829 9.99649E-05 0.140669 0.40678 9.99649E-05 9.99649E-05 0.244135
0.199865 0.0853735 9.99737E-05 9.99737E-05 0.0359316 0.34186 9.99737E-05 0.034733 0.301936
0.322281 9.99649E-05 9.99649E-05 0.080875 9.99649E-05 0.335946 0.164451 9.99649E-05 0.0960467
9.99385E-05 9.99385E-05 9.99385E-05 9.99385E-05 9.99385E-05 0.997291 9.99385E-05 0.00200987 9.99385E-05
0.0552802 9.99648E-05 9.99648E-05 0.0169439 0.149245 0.720112 0.0580194 9.99648E-05 9.99648E-05
9.99473E-05 9.99473E-05 9.99473E-05 9.99473E-05 0.0160226 0.976789 9.99473E-05 9.99473E-05 0.00658877
0.0150393 9.99385E-05 9.99385E-05 9.99385E-05 9.99385E-05 0.984261 9.99385E-05 9.99385E-05 9.99385E-05
9.99562E-05 9.99562E-05 9.99562E-05 9.99562E-05 0.0711999 0.719233 0.204356 0.00471089 9.99562E-05
0.158659 0.0524152 0.0135907 0.0202157 9.99824E-05 0.433614 0.267026 9.99824E-05 0.05428
0.224216 0.117405 9.99648E-05 9.99648E-05 9.99648E-05 0.35829 0.115986 9.99648E-05 0.183704
9.99562E-05 9.99562E-05 0.121449 9.99562E-05 0.0651203 0.63369 0.179241 9.99562E-05 9.99562E-05
0.0976463 9.99737E-05 9.99737E-05 0.235065 9.99737E-05 0.379511 0.0553063 0.214408 0.0177634
0.182341 9.99824E-05 9.99824E-05 0.0246259 0.0211617 0.554498 0.0208089 0.0612949 0.135069
9.99386E-05 9.99386E-05 9.99386E-05 0.0137715 9.99386E-05 0.985529 9.99386E-05 9.99386E-05 9.99386E-05
0.0816106 0.00635416 9.99737E-05 0.0314633 0.0924925 0.489287 9.99737E-05 9.99737E-05 0.298493
0.212238 9.99561E-05 0.0352325 9.99561E-05 9.99561E-05 0.36804 9.99561E-05 9.99561E-05 0.383989
9.99561E-05 9.99561E-05 9.99561E-05 0.022783 0.0894021 0.840409 0.0469058 9.99561E-05 9.99561E-05
9.99473E-05 0.117783 9.99473E-05 9.99473E-05 9.99473E-05 0.628536 0.253082 9.99473E-05 9.99473E-05
0.0636125 9.99561E-05 9.99561E-05 0.165729 9.99561E-05 0.400719 0.36944 9.99561E-05 9.99561E-05
0.00416925 9.99561E-05 9.99561E-05 9.99561E-05 9.99561E-05 0.795215 0.196395 9.99561E-05 0.00372097
0.088385 0.0549645 0.025843 9.99912E-05 0.0029855 0.194991 0.362222 0.132833 0.137676
9.99561E-05 9.99561E-05 9.99561E-05 9.99561E-05 0.0318209 0.873727 0.0333217 9.99561E-05 0.0606302
9.99561E-05 9.99561E-05 9.99561E-05 0.00960828 0.00527755 0.746749 0.237865 9.99561E-05 9.99561E-05
0.0283681 9.99473E-05 9.99473E-05 9.99473E-05 9.99473E-05 0.914918 0.0561138 9.99473E-05 9.99473E-05
0.0300778 9.99561E-05 9.99561E-05 0.0467102 0.0897345 0.832978 9.99561E-05 9.99561E-05 9.99561E-05
9.99561E-05 9.99561E-05 9.99561E-05 9.99561E-05 0.0554575 0.633847 0.270334 9.99561E-05 0.0398617
9.99648E-05 0.0513886 9.99648E-05 0.00127674 0.142999 0.646064 0.157872 9.99648E-05 9.99648E-05
9.99561E-05 0.0290509 9.99561E-05 9.99561E-05 9.99561E-05 0.461758 0.459647 0.0490435 9.99561E-05
9.99474E-05 9.99474E-05 9.99474E-05 9.99474E-05 0.0598059 0.932284 9.99474E-05 0.00730994 9.99474E-05
0.021268 9.99737E-05 0.0313678 0.0160563 0.0075829 0.837142 9.99737E-05 9.99737E-05 0.0862828
9.99561E-05 0.0563252 0.0204503 9.99561E-05 0.00435202 0.918373 9.99561E-05 9.99561E-05 9.99561E-05
0.165274 9.99649E-05 0.0760667 0.0532248 9.99649E-05 0.625915 0.0791198 9.99649E-05 9.99649E-05
9.99649E-05 9.99649E-05 0.0609253 9.99649E-05 0.00872543 0.630447 0.208509 9.99649E-05 0.0909942
9.99473E-05 0.146308 9.99473E-05 9.99473E-05 9.99473E-05 0.5135 0.339593 9.99473E-05 9.99473E-05
0.0415737 9.99561E-05 9.99561E-05 9.99561E-05 0.0322291 0.907253 9.99561E-05 9.99561E-05 0.018444
0.0518802 9.99649E-05 0.0224952 9.99649E-05 9.99649E-05 0.850416 0.069019 0.00579029 9.99649E-05
9.99561E-05 9.99561E-05 0.0126733 9.99561E-05 9.99561E-05 0.878935 9.99561E-05 0.00334978 0.104542
0.0767685 9.99824E-05 0.114753 0.0252773 0.0132256 0.615043 0.148787 9.99824E-05 0.00594604
9.99561E-05 9.99561E-05 9.99561E-05 9.99561E-05 0.000290016 0.478534 0.118145 9.99561E-05 0.402532
9.99649E-05 9.99649E-05 9.99649E-05 0.0668903 9.99649E-05 0.903541 0.0101581 0.0117812 0.00722929
0.0472756 9.99649E-05 9.99649E-05 9.99649E-05 0.0157123 0.853401 0.0488197 0.0343916 9.99649E-05
9.993E-05 9.993E-05 9.993E-05 9.993E-05 9.993E-05 0.999201 9.993E-05 9.993E-05 9.993E-05
9.99561E-05 9.99561E-05 9.99561E-05 9.99561E-05 0.0758584 0.812217 0.0144107 9.99561E-05 0.0970142
0.0239074 0.0162973 9.9965E-05 0.0328902 9.9965E-05 0.865377 9.9965E-05 0.0611286 9.9965E-05
0.0481018 9.99736E-05 9.99736E-05 0.00316735 0.119857 0.374408 0.368548 9.99736E-05 0.0856174
0.0223621 0.0228152 9.99561E-05 9.99561E-05 9.99561E-05 0.727903 9.99561E-05 9.99561E-05 0.22642
9.99386E-05 9.99386E-05 9.99386E-05 9.99386E-05 9.99386E-05 0.914989 9.99386E-05 0.0843116 9.99386E-05
9.99649E-05 0.2238 9.99649E-05 0.0299686 9.99649E-05 0.681714 0.032509 0.0316089 9.99649E-05
9.99386E-05 0.0872501 9.99386E-05 9.99386E-05 9.99386E-05 0.91205 9.99386E-05 9.99386E-05 9.99386E-05
9.99561E-05 9.99561E-05 9.99561E-05 0.0824292 0.0309173 0.842817 0.0433371 9.99561E-05 9.99561E-05
9.99649E-05 9.99649E-05 0.00414519 9.99649E-05 0.0354787 0.74387 9.99649E-05 0.093644 0.122462
9.99474E-05 9.99474E-05 9.99474E-05 9.99474E-05 0.0540909 0.857903 9.99474E-05 9.99474E-05 0.0874068
9.99385E-05 9.99385E-05 9.99385E-05 9.99385E-05 0.0163942 0.982906 9.99385E-05 9.99385E-05 9.99385E-05
0.0353021 9.99737E-05 0.344033 9.99737E-05 0.0485529 0.137574 0.326926 0.107311 9.99737E-05
9.9965E-05 0.123722 0.389362 0.00731532 9.9965E-05 0.404369 9.9965E-05 9.9965E-05 0.0748326
9.999E-05 0.0081058 0.320867 0.0054888 0.000327464 0.385818 0.0724408 0.177352 0.0294996
0.115846 9.99649E-05 0.48102 9.99649E-05 0.0022214 9.99649E-05 0.325178 0.0753349 9.99649E-05
0.126928 9.99824E-05 0.206796 0.08146 9.99824E-05 0.199119 0.117023 0.0313309 0.237143
0.120611 9.99736E-05 0.332916 9.99736E-05 0.0525417 0.0350378 0.378789 0.0798041 9.99736E-05
9.99736E-05 9.99736E-05 0.642593 0.104061 0.00146441 9.99736E-05 0.171644 0.040699 0.0392375
0.0917313 9.99649E-05 0.277184 9.99649E-05 9.99649E-05 9.99649E-05 0.301034 0.325847 0.00380474
9.99649E-05 0.00888499 0.398203 9.99649E-05 9.99649E-05 0.200224 0.222753 0.169536 9.99649E-05
9.99649E-05 9.99649E-05 0.445094 9.99649E-05 0.0693209 0.273843 0.0692116 9.99649E-05 0.142131
0.139751 9.99736E-05 0.201176 0.0836137 0.1802 9.99736E-05 0.342284 0.0526744 9.99736E-05
0.0165319 0.190688 0.378108 9.99824E-05 0.110591 0.111394 9.99824E-05 0.0146183 0.177868
0.14875 0.139026 0.190448 9.99824E-05 0.152978 0.0434053 0.194708 9.99824E-05 0.130485
0.002592 0.0655384 0.347404 9.99736E-05 9.99736E-05 0.0989072 0.320984 9.99736E-05 0.164274
9.9965E-05 0.13251 0.27413 9.9965E-05 0.0600075 0.316509 0.216444 9.9965E-05 9.9965E-05
0.0706285 9.99737E-05 0.290604 9.99737E-05 0.144332 0.27149 0.199293 0.0233528 9.99737E-05
0.0495954 0.0620361 0.283883 9.99737E-05 9.99737E-05 9.99737E-05 0.21617 0.165469 0.222547
0.139092 9.99824E-05 0.165112 9.99824E-05 0.199701 0.223688 0.0562227 0.0862553 0.12973
0.00828029 0.0343934 0.226783 9.99912E-05 0.0386265 0.304066 0.158423 0.207241 0.0220871
9.99736E-05 0.163292 0.217218 9.99736E-05 0.0521173 9.99736E-05 0.473161 0.0503172 0.0435941
9.9965E-05 0.045039 0.346958 9.9965E-05 9.9965E-05 0.362093 0.217174 0.0283364 9.9965E-05
0.0128921 0.12012 0.290456 9.99824E-05 0.0036703 0.232279 0.217983 0.122399 9.99824E-05
9.99737E-05 0.0236399 0.207537 9.99737E-05 0.0447507 0.274866 0.390136 0.0587705 9.99737E-05
0.0802753 0.0309752 0.0825496 9.999E-05 0.0182355 0.236606 0.214696 0.152881 0.183681
0.00753469 9.99824E-05 0.0839656 9.99824E-05 0.253781 0.35061 0.24494 0.0345345 0.0244342
0.0554253 9.9965E-05 0.411878 9.9965E-05 0.065321 0.434033 0.0329422 9.9965E-05 9.9965E-05
0.0379707 0.0616814 0.222846 9.99825E-05 9.99825E-05 0.431029 0.0775311 0.119597 0.049144
9.99825E-05 0.0680604 0.393689 0.0333922 9.99825E-05 0.28085 0.115761 0.0513997 0.0566478
0.0910166 9.99737E-05 0.10189 9.99737E-05 9.99737E-05 0.363635 0.241207 0.200908 0.00104296
0.118569 0.0647605 0.295758 9.99825E-05 0.00381195 0.214927 0.28996 9.99825E-05 0.0120138
0.15179 9.99385E-05 9.99385E-05 9.99385E-05 9.99385E-05 9.99385E-05 0.847511 9.99385E-05 9.99385E-05
0.0189929 9.99475E-05 9.99475E-05 9.99475E-05 9.99475E-05 0.0211311 0.959276 9.99475E-05 9.99475E-05
9.99561E-05 0.0139823 9.99561E-05 9.99561E-05 0.0597969 9.99561E-05 0.915428 0.0102934 9.99561E-05
0.0990384 9.9949E-05 9.9949E-05 9.9949E-05 0.034689 9.9949E-05 0.865673 9.9949E-05 9.9949E-05
0.148791 0.032667 9.99648E-05 9.99648E-05 0.0120063 9.99648E-05 0.77672 0.0294164 9.99648E-05
0.141266 9.99561E-05 9.99561E-05 0.0214061 9.99561E-05 9.99561E-05 0.815468 9.99561E-05 0.0213604
0.13333 9.99561E-05 9.99561E-05 9.99561E-05 0.0411473 9.99561E-05 0.814897 0.0101264 9.99561E-05
0.269065 9.99385E-05 9.99385E-05 9.99385E-05 9.99385E-05 9.99385E-05 0.730235 9.99385E-05 9.99385E-05
0.333268 0.0126174 0.233411 9.99648E-05 0.0893462 9.99648E-05 0.330958 9.99648E-05 9.99648E-05
0.248508 9.99385E-05 9.99385E-05 9.99385E-05 9.99385E-05 9.99385E-05 0.750793 9.99385E-05 9.99385E-05
9.99474E-05 9.99474E-05 0.199157 9.99474E-05 0.030201 9.99474E-05 0.770042 9.99474E-05 9.99474E-05
9.99474E-05 9.99474E-05 0.0866177 9.99474E-05 0.0644539 9.99474E-05 0.848329 9.99474E-05 9.99474E-05
0.0961098 9.99386E-05 9.99386E-05 9.99386E-05 9.99386E-05 9.99386E-05 0.903191 9.99386E-05 9.99386E-05
0.131492 9.99386E-05 9.99386E-05 9.99386E-05 9.99386E-05 9.99386E-05 0.867809 9.99386E-05 9.99386E-05
0.0283411 0.0231696 9.996E-05 9.996E-05 0.0356907 9.996E-05 0.756523 0.155876 9.996E-05
0.0624948 9.99561E-05 0.00435369 9.99561E-05 0.0630571 9.99561E-05 0.869595 9.99561E-05 9.99561E-05
0.0663217 9.99561E-05 0.139267 0.032356 9.99561E-05 9.99561E-05 0.761555 9.99561E-05 9.99561E-05
0.237141 9.99474E-05 9.99474E-05 9.99474E-05 0.0776207 9.99474E-05 0.684639 9.99474E-05 9.99474E-05
0.0578704 9.99473E-05 9.99473E-05 9.99473E-05 0.0743357 9.99473E-05 0.867194 9.99473E-05 9.99473E-05
0.10047 9.99562E-05 9.99562E-05 0.126941 0.0320616 9.99562E-05 0.740028 9.99562E-05 9.99562E-05
0.0682864 9.99473E-05 0.0865281 9.99473E-05 9.99473E-05 9.99473E-05 0.844586 9.99473E-05 9.99473E-05
0.00115617 9.99561E-05 9.99561E-05 9.99561E-05 0.0529676 9.99561E-05 0.942272 0.00310419 9.99561E-05
0.267117 9.99736E-05 0.0195743 0.0559144 0.00687712 9.99736E-05 0.611445 9.99736E-05 0.0387716
0.240317 9.99386E-05 9.99386E-05 9.99386E-05 9.99386E-05 9.99386E-05 0.758984 9.99386E-05 9.99386E-05
0.212296 9.99648E-05 0.0403102 0.118424 9.99648E-05 9.99648E-05 0.607351 9.99648E-05 0.021219
0.138215 9.99474E-05 0.0867558 9.99474E-05 9.99474E-05 9.99474E-05 0.77443 9.99474E-05 9.99474E-05
9.99475E-05 9.99475E-05 9.99475E-05 0.0187921 9.99475E-05 0.0593333 0.921275 9.99475E-05 9.99475E-05
0.134003 9.99472E-05 9.99472E-05 9.99472E-05 9.99472E-05 9.99472E-05 0.836922 9.99472E-05 0.0284749
0.308969 9.99385E-05 9.99385E-05 9.99385E-05 9.99385E-05 9.99385E-05 0.690331 9.99385E-05 9.99385E-05
9.99474E-05 9.99474E-05 9.99474E-05 0.00962052 0.0981415 9.99474E-05 0.891638 9.99474E-05 9.99474E-05
0.0212222 9.99473E-05 9.99473E-05 9.99473E-05 0.110023 9.99473E-05 0.868155 9.99473E-05 9.99473E-05
9.99473E-05 0.0375924 9.99473E-05 0.0427553 9.99473E-05 9.99473E-05 0.919053 9.99473E-05 9.99473E-05
0.288863 9.9956E-05 9.9956E-05 0.206115 0.00673039 9.9956E-05 0.497792 9.9956E-05 9.9956E-05
0.104568 9.99473E-05 9.99473E-05 0.019461 9.99473E-05 9.99473E-05 0.875371 9.99473E-05 9.99473E-05
0.0333749 9.99386E-05 9.99386E-05 9.99386E-05 9.99386E-05 9.99386E-05 0.965926 9.99386E-05 9.99386E-05
0.127153 0.0414969 0.0606988 9.99649E-05 0.0581444 9.99649E-05 0.712107 9.99649E-05 9.99649E-05
0.135208 9.9956E-05 9.9956E-05 9.9956E-05 0.0376654 9.9956E-05 0.763584 0.0630433 9.9956E-05
0.0686084 9.99387E-05 9.99387E-05 9.99387E-05 9.99387E-05 9.99387E-05 0.930692 9.99387E-05 9.99387E-05
0.0415975 9.99474E-05 9.99474E-05 0.0389246 9.99474E-05 9.99474E-05 0.918878 9.99474E-05 9.99474E-05
0.0165116 9.99475E-05 9.99475E-05 9.99475E-05 0.0197574 9.99475E-05 0.963131 9.99475E-05 9.99475E-05
0.0744562 9.99563E-05 0.169199 0.0320174 9.99563E-05 9.99563E-05 0.723828 9.99563E-05 9.99563E-05
0.118477 9.99561E-05 0.0904197 9.99561E-05 9.99561E-05 9.99561E-05 0.772346 9.99561E-05 0.0182573
0.178708 9.99474E-05 9.99474E-05 9.99474E-05 9.99474E-05 9.99474E-05 0.751285 9.99474E-05 0.0694074
0.0769784 9.99388E-05 9.99388E-05 9.99388E-05 9.99388E-05 9.99388E-05 0.922322 9.99388E-05 9.99388E-05
9.99387E-05 9.99387E-05 9.99387E-05 9.99387E-05 9.99387E-05 0.00334031 0.99596 9.99387E-05 9.99387E-05
0.276269 9.99561E-05 0.190837 0.175025 9.99561E-05 9.99561E-05 0.35737 9.99561E-05 9.99561E-05
0.15474 9.99473E-05 9.99473E-05 9.99473E-05 0.036985 9.99473E-05 0.807676 9.99473E-05 9.99473E-05
0.182761 0.165053 0.105395 0.0119006 9.99649E-05 9.99649E-05 0.534491 9.99649E-05 9.99649E-05
0.32909 9.99561E-05 9.99561E-05 0.0258271 0.011045 9.99561E-05 0.633538 9.99561E-05 9.99561E-05
9.993E-05 9.993E-05 9.993E-05 9.993E-05 9.993E-05 9.993E-05 0.999201 9.993E-05 9.993E-05
9.99561E-05 0.0164813 9.99561E-05 9.99561E-05 0.0622351 9.99561E-05 0.647031 9.99561E-05 0.273753
0.0980015 9.99475E-05 0.145684 9.99475E-05 9.99475E-05 9.99475E-05 0.755715 9.99475E-05 9.99475E-05
0.14836 9.99386E-05 9.99386E-05 9.99386E-05 9.99386E-05 9.99386E-05 0.85094 9.99386E-05 9.99386E-05
0.164188 0.0363995 9.99561E-05 9.99561E-05 9.99561E-05 9.99561E-05 0.792608 9.99561E-05 0.00630463
0.00682613 9.99561E-05 9.99561E-05 9.99561E-05 0.0700606 9.99561E-05 0.898592 0.0240212 9.99561E-05
0.141853 9.9956E-05 0.161979 9.9956E-05 0.044038 9.9956E-05 0.651631 9.9956E-05 9.9956E-05
0.200907 9.99385E-05 9.99385E-05 9.99385E-05 9.99385E-05 9.99385E-05 0.798394 9.99385E-05 9.99385E-05
0.0999263 0.0420671 9.99561E-05 9.99561E-05 0.0677198 9.99561E-05 0.789787 9.99561E-05 9.99561E-05
9.99386E-05 9.99386E-05 9.99386E-05 0.104114 9.99386E-05 9.99386E-05 0.895187 9.99386E-05 9.99386E-05
0.186027 9.99386E-05 9.99386E-05 9.99386E-05 9.99386E-05 9.99386E-05 0.813274 9.99386E-05 9.99386E-05
9.99384E-05 9.99384E-05 9.99384E-05 0.0461816 9.99384E-05 9.99384E-05 0.953119 9.99384E-05 9.99384E-05
0.999201 9.993E-05 9.993E-05 9.993E-05 9.993E-05 9.993E-05 9.993E-05 9.993E-05 9.993E-05
9.99472E-05 9.99472E-05 9.99472E-05 0.0282855 9.99472E-05 9.99472E-05 0.932052 0.0390626 9.99472E-05
0.999201 9.993E-05 9.993E-05 9.993E-05 9.993E-05 9.993E-05 9.993E-05 9.993E-05 9.993E-05
0.999201 9.993E-05 9.993E-05 9.993E-05 9.993E-05 9.993E-05 9.993E-05 9.993E-05 9.993E-05
0.999201 9.993E-05 9.993E-05 9.993E-05 9.993E-05 9.993E-05 9.993E-05 9.993E-05 9.993E-05
9.99384E-05 9.99384E-05 9.99384E-05 0.0198728 9.99384E-05 9.99384E-05 0.979428 9.99384E-05 9.99384E-05
0.999201 9.993E-05 9.993E-05 9.993E-05 9.993E-05 9.993E-05 9.993E-05 9.993E-05 9.993E-05
0.999201 9.993E-05 9.993E-05 9.993E-05 9.993E-05 9.993E-05 9.993E-05 9.993E-05 9.993E-05
0.0310853 9.99648E-05 0.0153896 0.0375012 9.99648E-05 9.99648E-05 0.910124 0.00549995 9.99648E-05
0.0049053 9.99384E-05 9.99384E-05 9.99384E-05 9.99384E-05 9.99384E-05 0.994395 9.99384E-05 9.99384E-05
0.0148895 9.9956E-05 9.9956E-05 0.0377068 9.9956E-05 9.9956E-05 0.912664 0.0342395 9.9956E-05
0.999201 9.993E-05 9.993E-05 9.993E-05 9.993E-05 9.993E-05 9.993E-05 9.993E-05 9.993E-05
0.999201 9.993E-05 9.993E-05 9.993E-05 9.993E-05 9.993E-05 9.993E-05 9.993E-05 9.993E-05
9.99384E-05 9.99384E-05 9.99384E-05 0.0634369 9.99384E-05 9.99384E-05 0.935864 9.99384E-05 9.99384E-05
9.99384E-05 9.99384E-05 9.99384E-05 0.0318901 9.99384E-05 9.99384E-05 0.96741 9.99384E-05 9.99384E-05
0.15873 0.0643938 0.0724039 0.0864723 9.99824E-05 9.99824E-05 0.528115 0.041957 0.0477282
9.99384E-05 9.99384E-05 9.99384E-05 0.0567374 9.99384E-05 9.99384E-05 0.942563 9.99384E-05 9.99384E-05
0.999201 9.993E-05 9.993E-05 9.993E-05 9.993E-05 9.993E-05 9.993E-05 9.993E-05 9.993E-05
9.99472E-05 9.99472E-05 0.00619957 0.0165053 9.99472E-05 9.99472E-05 0.976695 9.99472E-05 9.99472E-05
9.993E-05 9.993E-05 9.993E-05 9.993E-05 9.993E-05 9.993E-05 0.999201 9.993E-05 9.993E-05
9.99384E-05 9.99384E-05 9.99384E-05 0.0981442 9.99384E-05 9.99384E-05 0.901156 9.99384E-05 9.99384E-05
0.999201 9.993E-05 9.993E-05 9.993E-05 9.993E-05 9.993E-05 9.993E-05 9.993E-05 9.993E-05
0.00999121 9.99384E-05 9.99384E-05 9.99384E-05 9.99384E-05 9.99384E-05 0.989309 9.99384E-05 9.99384E-05
0.999201 9.993E-05 9.993E-05 9.993E-05 9.993E-05 9.993E-05 9.993E-05 9.993E-05 9.993E-05
9.99384E-05 9.99384E-05 9.99384E-05 0.0137197 9.99384E-05 9.99384E-05 0.985581 9.99384E-05 9.99384E-05
9.99472E-05 9.99472E-05 9.99472E-05 0.0368644 9.99472E-05 9.99472E-05 0.962201 0.000334783 9.99472E-05
0.999201 9.993E-05 9.993E-05 9.993E-05 9.993E-05 9.993E-05 9.993E-05 9.993E-05 9.993E-05
0.999201 9.993E-05 9.993E-05 9.993E-05 9.993E-05 9.993E-05 9.993E-05 9.993E-05 9.993E-05
0.999201 9.993E-05 9.993E-05 9.993E-05 9.993E-05 9.993E-05 9.993E-05 9.993E-05 9.993E-05
9.99472E-05 9.99472E-05 9.99472E-05 0.00592033 9.99472E-05 9.99472E-05 0.981256 0.012224 9.99472E-05
9.99384E-05 9.99384E-05 9.99384E-05 0.0273771 9.99384E-05 9.99384E-05 0.971923 9.99384E-05 9.99384E-05
9.99384E-05 9.99384E-05 9.99384E-05 0.0188586 9.99384E-05 9.99384E-05 0.980442 9.99384E-05 9.99384E-05
0.0196828 9.99472E-05 9.99472E-05 0.0688093 9.99472E-05 9.99472E-05 0.910908 9.99472E-05 9.99472E-05
9.99384E-05 9.99384E-05 9.99384E-05 0.0461608 9.99384E-05 9.99384E-05 0.95314 9.99384E-05 9.99384E-05
0.999201 9.993E-05 9.993E-05 9.993E-05 9.993E-05 9.993E-05 9.993E-05 9.993E-05 9.993E-05
0.999201 9.993E-05 9.993E-05 9.993E-05 9.993E-05 9.993E-05 9.993E-05 9.993E-05 9.993E-05
0.999201 9.993E-05 9.993E-05 9.993E-05 9.993E-05 9.993E-05 9.993E-05 9.993E-05 9.993E-05
0.0408795 9.99472E-05 9.99472E-05 0.0174359 9.99472E-05 9.99472E-05 0.941085 9.99472E-05 9.99472E-05
0.999201 9.993E-05 9.993E-05 9.993E-05 9.993E-05 9.993E-05 9.993E-05 9.993E-05 9.993E-05
0.999201 9.993E-05 9.993E-05 9.993E-05 9.993E-05 9.993E-05 9.993E-05 9.993E-05 9.993E-05
0.999201 9.993E-05 9.993E-05 9.993E-05 9.993E-05 9.993E-05 9.993E-05 9.993E-05 9.993E-05
0.999201 9.993E-05 9.993E-05 9.993E-05 9.993E-05 9.993E-05 9.993E-05 9.993E-05 9.993E-05
9.993E-05 9.993E-05 9.993E-05 9.993E-05 9.993E-05 9.993E-05 0.999201 9.993E-05 9.993E-05
0.999201 9.993E-05 9.993E-05 9.993E-05 9.993E-05 9.993E-05 9.993E-05 9.993E-05 9.993E-05
0.999201 9.993E-05 9.993E-05 9.993E-05 9.993E-05 9.993E-05 9.993E-05 9.993E-05 9.993E-05
0.0459998 0.109447 9.99736E-05 0.0129815 9.99736E-05 9.99736E-05 0.591051 0.0354853 0.204736
9.99384E-05 9.99384E-05 9.99384E-05 0.00672655 9.99384E-05 9.99384E-05 0.992574 9.99384E-05 9.99384E-05
0.999201 9.993E-05 9.993E-05 9.993E-05 9.993E-05 9.993E-05 9.993E-05 9.993E-05 9.993E-05
0.999201 9.993E-05 9.993E-05 9.993E-05 9.993E-05 9.993E-05 9.993E-05 9.993E-05 9.993E-05
0.999201 9.993E-05 9.993E-05 9.993E-05 9.993E-05 9.993E-05 9.993E-05 9.993E-05 9.993E-05
0.999201 9.993E-05 9.993E-05 9.993E-05 9.993E-05 9.993E-05 9.993E-05 9.993E-05 9.993E-05
0.00701216 9.9956E-05 9.9956E-05 0.04934 9.9956E-05 9.9956E-05 0.926306 0.0168419 9.9956E-05
0.999201 9.993E-05 9.993E-05 9.993E-05 9.993E-05 9.993E-05 9.993E-05 9.993E-05 9.993E-05
9.99384E-05 9.99384E-05 9.99384E-05 0.0184018 9.99384E-05 9.99384E-05 0.980899 9.99384E-05 9.99384E-05
0.999201 9.993E-05 9.993E-05 9.993E-05 9.993E-05 9.993E-05 9.993E-05 9.993E-05 9.993E-05
9.99472E-05 9.99472E-05 0.0185596 0.0275347 9.99472E-05 9.99472E-05 0.953306 9.99472E-05 9.99472E-05
0.999201 9.993E-05 9.993E-05 9.993E-05 9.993E-05 9.993E-05 9.993E-05 9.993E-05 9.993E-05
0.999201 9.993E-05 9.993E-05 9.993E-05 9.993E-05 9.993E-05 9.993E-05 9.993E-05 9.993E-05
0.999201 9.993E-05 9.993E-05 9.993E-05 9.993E-05 9.993E-05 9.993E-05 9.993E-05 9.993E-05
0.999201 9.993E-05 9.993E-05 9.993E-05 9.993E-05 9.993E-05 9.993E-05 9.993E-05 9.993E-05
0.984504 9.99385E-05 9.99385E-05 0.0147964 9.99385E-05 9.99385E-05 9.99385E-05 9.99385E-05 9.99385E-05
0.999201 9.993E-05 9.993E-05 9.993E-05 9.993E-05 9.993E-05 9.993E-05 9.993E-05 9.993E-05
9.99384E-05 9.99384E-05 9.99384E-05 9.99384E-05 9.99384E-05 9.99384E-05 0.983829 0.0154715 9.99384E-05
9.99384E-05 9.99384E-05 9.99384E-05 0.0281996 9.99384E-05 9.99384E-05 0.971101 9.99384E-05 9.99384E-05
9.99384E-05 9.99384E-05 9.99384E-05 0.0683464 9.99384E-05 9.99384E-05 0.930954 9.99384E-05 9.99384E-05
0.999201 9.993E-05 9.993E-05 9.993E-05 9.993E-05 9.993E-05 9.993E-05 9.993E-05 9.993E-05
9.99384E-05 9.99384E-05 9.99384E-05 0.000209932 9.99384E-05 9.99384E-05 0.99909 9.99384E-05 9.99384E-05
0.00457934 9.99472E-05 9.99472E-05 0.0908122 9.99472E-05 9.99472E-05 0.904009 9.99472E-05 9.99472E-05
0.0412163 9.9956E-05 9.9956E-05 0.0133709 9.9956E-05 9.9956E-05 0.944123 0.000789785 9.9956E-05
0.999201 9.993E-05 9.993E-05 9.993E-05 9.993E-05 9.993E-05 9.993E-05 9.993E-05 9.993E-05
0.999201 9.993E-05 9.993E-05 9.993E-05 9.993E-05 9.993E-05 9.993E-05 9.993E-05 9.993E-05
0.999201 9.993E-05 9.993E-05 9.993E-05 9.993E-05 9.993E-05 9.993E-05 9.993E-05 9.993E-05
9.99384E-05 9.99384E-05 9.99384E-05 0.0124519 9.99384E-05 9.99384E-05 0.986848 9.99384E-05 9.99384E-05
0.999201 9.993E-05 9.993E-05 9.993E-05 9.993E-05 9.993E-05 9.993E-05 9.993E-05 9.993E-05
0.999201 9.993E-05 9.993E-05 9.993E-05 9.993E-05 9.993E-05 9.993E-05 9.993E-05 9.993E-05
9.99472E-05 9.99472E-05 9.99472E-05 0.118085 9.99472E-05 9.99472E-05 0.879475 0.00184077 9.99472E-05
0.999201 9.993E-05 9.993E-05 9.993E-05 9.993E-05 9.993E-05 9.993E-05 9.993E-05 9.993E-05
0.999201 9.993E-05 9.993E-05 9.993E-05 9.993E-05 9.993E-05 9.993E-05 9.993E-05 9.993E-05
0.096918 0.00486275 0.0201419 9.99736E-05 0.147304 9.99736E-05 0.643736 0.0867376 9.99736E-05
0.0120944 9.99384E-05 9.99384E-05 9.99384E-05 9.99384E-05 9.99384E-05 0.987206 9.99384E-05 9.99384E-05
0.999201 9.993E-05 9.993E-05 9.993E-05 9.993E-05 9.993E-05 9.993E-05 9.993E-05 9.993E-05
0.394435 0.0476713 9.99649E-05 9.99649E-05 0.0341953 9.99649E-05 0.516898 0.00640016 9.99649E-05
0.245092 0.0188115 9.99561E-05 9.99561E-05 9.99561E-05 9.99561E-05 0.529914 9.99561E-05 0.205683
0.166524 9.99473E-05 9.99473E-05 9.99473E-05 9.99473E-05 9.99473E-05 0.795628 9.99473E-05 0.0372484
9.9956E-05 0.0765166 9.9956E-05 0.0475929 9.9956E-05 9.9956E-05 0.81433 0.0610605 9.9956E-05
0.325239 9.99385E-05 9.99385E-05 9.99385E-05 9.99385E-05 9.99385E-05 0.674061 9.99385E-05 9.99385E-05
0.10911 9.99475E-05 0.0284667 9.99475E-05 9.99475E-05 9.99475E-05 0.861824 9.99475E-05 9.99475E-05
0.334264 9.99648E-05 9.99648E-05 0.0171748 0.0172286 9.99648E-05 0.586746 9.99648E-05 0.0441866
0.17711 9.99561E-05 9.99561E-05 9.99561E-05 0.0944613 9.99561E-05 0.631481 0.0964479 9.99561E-05
0.227133 9.99387E-05 9.99387E-05 9.99387E-05 9.99387E-05 9.99387E-05 0.772168 9.99387E-05 9.99387E-05
9.99385E-05 9.99385E-05 9.99385E-05 9.99385E-05 9.99385E-05 9.99385E-05 0.8323 9.99385E-05 0.167
0.0217516 9.99473E-05 9.99473E-05 9.99473E-05 0.086109 9.99473E-05 0.89154 9.99473E-05 9.99473E-05
0.577265 9.99473E-05 9.99473E-05 9.99473E-05 9.99473E-05 9.99473E-05 0.375527 9.99473E-05 0.0466088
0.249136 0.0804972 0.0121678 9.99648E-05 9.99648E-05 9.99648E-05 0.627131 0.0306686 9.99648E-05
9.99473E-05 9.99473E-05 9.99473E-05 0.013698 9.99473E-05 9.99473E-05 0.869968 0.115734 9.99473E-05
0.139519 9.99472E-05 9.99472E-05 9.99472E-05 0.0363388 9.99472E-05 0.823543 9.99472E-05 9.99472E-05
0.287867 9.99561E-05 0.105556 9.99561E-05 9.99561E-05 9.99561E-05 0.51327 9.99561E-05 0.0928065
0.158219 9.99474E-05 0.0934964 9.99474E-05 9.99474E-05 9.99474E-05 0.747684 9.99474E-05 9.99474E-05
0.0379324 0.0718143 0.0103418 9.99736E-05 0.0533197 9.99736E-05 0.820403 0.00588896 9.99736E-05
0.113289 9.99648E-05 0.25321 0.0714593 0.0376036 9.99648E-05 0.524038 9.99648E-05 9.99648E-05
0.167477 9.99473E-05 9.99473E-05 0.0275224 9.99473E-05 9.99473E-05 0.804401 9.99473E-05 9.99473E-05
0.121181 9.99473E-05 9.99473E-05 9.99473E-05 9.99473E-05 9.99473E-05 0.779663 9.99473E-05 0.0985569
0.249548 0.0580735 0.0144311 9.99561E-05 9.99561E-05 9.99561E-05 0.677448 9.99561E-05 9.99561E-05
0.179496 0.0737745 9.99649E-05 0.0501907 0.0138748 9.99649E-05 0.682264 9.99649E-05 9.99649E-05
0.167891 9.99648E-05 9.99648E-05 0.0042403 0.0293163 9.99648E-05 0.773632 0.0245211 9.99648E-05
0.121791 9.9956E-05 9.9956E-05 0.0231685 9.9956E-05 9.9956E-05 0.80688 0.0476599 9.9956E-05
0.0259821 9.99475E-05 0.0974472 9.99475E-05 9.99475E-05 9.99475E-05 0.875971 9.99475E-05 9.99475E-05
0.116099 9.99472E-05 9.99472E-05 9.99472E-05 9.99472E-05 9.99472E-05 0.704397 9.99472E-05 0.178904
0.250064 9.99473E-05 9.99473E-05 9.99473E-05 9.99473E-05 9.99473E-05 0.696171 0.0531659 9.99473E-05
9.99561E-05 9.99561E-05 9.99561E-05 9.99561E-05 0.00115861 9.99561E-05 0.806264 0.130863 0.0612153
0.197393 9.99561E-05 9.99561E-05 0.0883071 9.99561E-05 9.99561E-05 0.655806 0.0579943 9.99561E-05
0.388892 9.99648E-05 0.014293 9.99648E-05 0.0137587 9.99648E-05 0.524753 9.99648E-05 0.057903
0.277018 9.99473E-05 9.99473E-05 9.99473E-05 0.0761128 9.99473E-05 0.646269 9.99473E-05 9.99473E-05
0.200822 9.9956E-05 0.182633 9.9956E-05 9.9956E-05 9.9956E-05 0.566939 9.9956E-05 0.0491066
0.181913 9.99473E-05 9.99473E-05 9.99473E-05 9.99473E-05 9.99473E-05 0.624161 9.99473E-05 0.193327
0.168123 9.99648E-05 9.99648E-05 9.99648E-05 0.0667714 9.99648E-05 0.730423 0.00474797 0.0295342
0.107117 9.99473E-05 9.99473E-05 9.99473E-05 9.99473E-05 9.99473E-05 0.798155 9.99473E-05 0.0941284
9.993E-05 9.993E-05 9.993E-05 9.993E-05 9.993E-05 9.993E-05 0.999201 9.993E-05 9.993E-05
0.0118892 0.127259 0.0604458 9.99648E-05 0.0678877 9.99648E-05 0.732118 9.99648E-05 9.99648E-05
9.99473E-05 0.139895 9.99473E-05 9.99473E-05 0.114007 9.99473E-05 0.745498 9.99473E-05 9.99473E-05
0.176059 9.99473E-05 9.99473E-05 9.99473E-05 9.99473E-05 9.99473E-05 0.620065 9.99473E-05 0.203276
0.0254294 9.99473E-05 9.99473E-05 9.99473E-05 9.99473E-05 9.99473E-05 0.963006 0.0109649 9.99473E-05
0.0820701 9.99561E-05 0.0187982 9.99561E-05 9.99561E-05 9.99561E-05 0.816907 9.99561E-05 0.0817248
0.224085 9.99473E-05 9.99473E-05 9.99473E-05 9.99473E-05 9.99473E-05 0.645259 9.99473E-05 0.130056
0.52544 9.99473E-05 0.0282192 9.99473E-05 9.99473E-05 9.99473E-05 0.445741 9.99473E-05 9.99473E-05
0.293571 9.99648E-05 0.019868 9.99648E-05 9.99648E-05 9.99648E-05 0.585428 0.00563038 0.0951033
0.168016 9.99473E-05 9.99473E-05 9.99473E-05 0.00336129 9.99473E-05 0.828023 9.99473E-05 9.99473E-05
0.00186395 9.99386E-05 9.99386E-05 9.99386E-05 9.99386E-05 9.99386E-05 0.997436 9.99386E-05 9.99386E-05
0.169329 9.99561E-05 9.99561E-05 0.0425017 0.0300295 9.99561E-05 0.75764 9.99561E-05 9.99561E-05
0.0378975 9.994E-05 9.994E-05 9.994E-05 9.994E-05 9.994E-05 0.837719 9.994E-05 0.123784
0.140297 0.0996514 0.114318 9.99648E-05 9.99648E-05 9.99648E-05 0.628769 9.99648E-05 0.0165644
9.99387E-05 9.99387E-05 0.0498773 9.99387E-05 9.99387E-05 9.99387E-05 0.949423 9.99387E-05 9.99387E-05
9.99385E-05 9.99385E-05 9.99385E-05 9.99385E-05 0.0779493 9.99385E-05 0.921351 9.99385E-05 9.99385E-05
9.9956E-05 9.9956E-05 0.18212 9.9956E-05 0.0462419 9.9956E-05 0.583696 9.9956E-05 0.187442
0.156807 9.99473E-05 0.233168 9.99473E-05 9.99473E-05 9.99473E-05 0.609426 9.99473E-05 9.99473E-05
0.0937514 0.00574862 9.99649E-05 0.00603161 9.99649E-05 9.99649E-05 0.64815 9.99649E-05 0.245919
0.272734 9.99386E-05 9.99386E-05 9.99386E-05 9.99386E-05 9.99386E-05 0.726566 9.99386E-05 9.99386E-05
9.99475E-05 9.99475E-05 0.0695394 9.99475E-05 9.99475E-05 9.99475E-05 0.903134 0.0267267 9.99475E-05
0.143012 9.99473E-05 9.99473E-05 9.99473E-05 0.0266252 9.99473E-05 0.829763 9.99473E-05 9.99473E-05
0.170331 9.99386E-05 9.99386E-05 9.99386E-05 9.99386E-05 9.99386E-05 0.82897 9.99386E-05 9.99386E-05
0.183124 9.99474E-05 0.132228 9.99474E-05 9.99474E-05 9.99474E-05 0.684048 9.99474E-05 9.99474E-05
9.993E-05 9.993E-05 9.993E-05 9.993E-05 9.993E-05 9.993E-05 0.999201 9.993E-05 9.993E-05
0.112137 9.99387E-05 9.99387E-05 9.99387E-05 9.99387E-05 9.99387E-05 0.887163 9.99387E-05 9.99387E-05
9.99388E-05 9.99388E-05 9.99388E-05 9.99388E-05 9.99388E-05 0.0871908 0.91211 9.99388E-05 9.99388E-05
0.123932 9.99561E-05 9.99561E-05 0.0242008 0.0795597 9.99561E-05 0.771808 9.99561E-05 9.99561E-05
0.200466 9.99473E-05 9.99473E-05 0.0833905 9.99473E-05 9.99473E-05 0.715544 9.99473E-05 9.99473E-05
0.27536 9.99386E-05 9.99386E-05 9.99386E-05 9.99386E-05 9.99386E-05 0.72394 9.99386E-05 9.99386E-05
0.0784661 9.99387E-05 9.99387E-05 9.99387E-05 9.99387E-05 9.99387E-05 0.920834 9.99387E-05 9.99387E-05
0.268887 9.99473E-05 0.014355 9.99473E-05 9.99473E-05 9.99473E-05 0.716158 9.99473E-05 9.99473E-05
0.0255061 9.99472E-05 9.99472E-05 9.99472E-05 0.0304269 9.99472E-05 0.943467 9.99472E-05 9.99472E-05
9.99474E-05 9.99474E-05 0.255909 9.99474E-05 0.00104183 9.99474E-05 0.74245 9.99474E-05 9.99474E-05
0.0165032 9.99473E-05 0.25726 9.99473E-05 9.99473E-05 9.99473E-05 0.725637 9.99473E-05 9.99473E-05
9.99475E-05 9.99475E-05 0.0599143 9.99475E-05 9.99475E-05 0.0784704 0.861016 9.99475E-05 9.99475E-05
0.274954 9.99385E-05 9.99385E-05 9.99385E-05 9.99385E-05 9.99385E-05 0.724347 9.99385E-05 9.99385E-05
9.99649E-05 0.127883 0.230225 9.99649E-05 0.00146087 9.99649E-05 0.572095 0.067936 9.99649E-05
9.99386E-05 9.99386E-05 0.0631652 9.99386E-05 9.99386E-05 9.99386E-05 0.936135 9.99386E-05 9.99386E-05
0.149303 9.99473E-05 0.25857 9.99473E-05 9.99473E-05 9.99473E-05 0.591528 9.99473E-05 9.99473E-05
9.99475E-05 9.99475E-05 0.197104 9.99475E-05 9.99475E-05 0.0365018 0.765795 9.99475E-05 9.99475E-05
9.99385E-05 9.99385E-05 9.99385E-05 9.99385E-05 9.99385E-05 9.99385E-05 0.976278 0.0230221 9.99385E-05
9.99387E-05 9.99387E-05 0.298612 9.99387E-05 9.99387E-05 9.99387E-05 0.700688 9.99387E-05 9.99387E-05
0.33603 9.99561E-05 0.00732424 9.99561E-05 0.0801234 9.99561E-05 0.576023 9.99561E-05 9.99561E-05
0.206346 9.99561E-05 9.99561E-05 9.99561E-05 0.0599277 9.99561E-05 0.580733 9.99561E-05 0.152493
0.176383 9.99561E-05 9.99561E-05 9.99561E-05 0.111041 9.99561E-05 0.623493 9.99561E-05 0.0885829
9.99387E-05 9.99387E-05 0.0794856 9.99387E-05 9.99387E-05 9.99387E-05 0.919815 9.99387E-05 9.99387E-05
0.255408 9.99475E-05 9.99475E-05 9.99475E-05 9.99475E-05 9.99475E-05 0.669069 0.074923 9.99475E-05
0.113188 9.99561E-05 0.198274 0.150796 9.99561E-05 9.99561E-05 0.537242 9.99561E-05 9.99561E-05
0.00995639 9.99474E-05 0.146124 9.99474E-05 9.99474E-05 9.99474E-05 0.84332 9.99474E-05 9.99474E-05
9.99561E-05 9.99561E-05 9.99561E-05 0.0150943 0.041069 9.99561E-05 0.858442 0.0848948 9.99561E-05
0.345471 9.99473E-05 9.99473E-05 9.99473E-05 0.0265461 9.99473E-05 0.627383 9.99473E-05 9.99473E-05
0.058573 0.00208787 9.99561E-05 9.99561E-05 0.0362792 9.99561E-05 0.90256 9.99561E-05 9.99561E-05
0.201319 9.99561E-05 9.99561E-05 0.0511946 0.00845428 9.99561E-05 0.738533 9.99561E-05 9.99561E-05
0.105611 9.99561E-05 0.226669 0.167948 9.99561E-05 9.99561E-05 0.499272 9.99561E-05 9.99561E-05
9.99472E-05 9.99472E-05 0.149374 9.99472E-05 9.99472E-05 9.99472E-05 0.760383 0.0896431 9.99472E-05
0.352419 9.99386E-05 9.99386E-05 9.99386E-05 9.99386E-05 9.99386E-05 0.646882 9.99386E-05 9.99386E-05
0.0356551 0.0550237 0.258367 0.0351538 0.149719 9.99736E-05 0.465782 9.99736E-05 9.99736E-05
0.298836 9.99474E-05 0.155626 9.99474E-05 9.99474E-05 9.99474E-05 0.544938 9.99474E-05 9.99474E-05
9.99387E-05 9.99387E-05 0.255045 9.99387E-05 9.99387E-05 9.99387E-05 0.744256 9.99387E-05 9.99387E-05
0.33907 9.99473E-05 9.99473E-05 9.99473E-05 9.99473E-05 9.99473E-05 0.458042 9.99473E-05 0.202288
0.0459622 9.9956E-05 9.9956E-05 9.9956E-05 0.0951642 9.9956E-05 0.835156 9.9956E-05 0.0232181
9.99473E-05 9.99473E-05 9.99473E-05 9.99473E-05 0.0210305 9.99473E-05 0.937397 0.0409731 9.99473E-05
0.102121 9.99561E-05 0.0171689 0.0271525 9.99561E-05 9.99561E-05 0.853058 9.99561E-05 9.99561E-05
0.219999 0.109829 9.99824E-05 0.0980649 0.094456 9.99824E-05 0.350754 0.0939651 0.0327316
0.0750865 9.99473E-05 9.99473E-05 9.99473E-05 9.99473E-05 9.99473E-05 0.864037 9.99473E-05 0.0602764
0.0899869 0.0712882 0.119154 0.122154 0.0319436 9.998E-05 0.540028 0.0252448 9.998E-05
0.0818073 9.99562E-05 0.102731 9.99562E-05 9.99562E-05 0.0252603 0.789702 9.99562E-05 9.99562E-05
0.153617 9.99563E-05 0.128909 0.00431906 9.99563E-05 9.99563E-05 0.712655 9.99563E-05 9.99563E-05
0.148587 9.99474E-05 0.12404 9.99474E-05 9.99474E-05 9.99474E-05 0.726774 9.99474E-05 9.99474E-05
9.99649E-05 0.0140743 0.161847 9.99649E-05 0.0246241 9.99649E-05 0.648228 0.150827 9.99649E-05
0.030159 9.99475E-05 0.238872 9.99475E-05 9.99475E-05 9.99475E-05 0.730369 9.99475E-05 9.99475E-05
9.99475E-05 9.99475E-05 0.109347 9.99475E-05 9.99475E-05 0.013932 0.876121 9.99475E-05 9.99475E-05
0.102861 9.99561E-05 9.99561E-05 0.0347485 0.0294395 9.99561E-05 0.832452 9.99561E-05 9.99561E-05
0.0659527 9.99386E-05 9.99386E-05 9.99386E-05 9.99386E-05 9.99386E-05 0.933348 9.99386E-05 9.99386E-05
9.99386E-05 9.99386E-05 9.99386E-05 9.99386E-05 0.000543239 9.99386E-05 0.998757 9.99386E-05 9.99386E-05
0.119978 9.99385E-05 9.99385E-05 9.99385E-05 9.99385E-05 9.99385E-05 0.879322 9.99385E-05 9.99385E-05
0.0781344 9.99473E-05 9.99473E-05 9.99473E-05 9.99473E-05 9.99473E-05 0.851407 9.99473E-05 0.0698589
9.99561E-05 0.0718147 9.99561E-05 0.115226 9.99561E-05 9.99561E-05 0.789849 0.0226106 9.99561E-05
0.323479 9.99473E-05 0.0769432 9.99473E-05 9.99473E-05 9.99473E-05 0.598978 9.99473E-05 9.99473E-05
0.138069 9.994E-05 9.994E-05 9.994E-05 9.994E-05 9.994E-05 0.849701 9.994E-05 0.01163
0.0384655 9.99561E-05 9.99561E-05 9.99561E-05 0.0630745 9.99561E-05 0.81301 0.0849506 9.99561E-05
9.99474E-05 9.99474E-05 9.99474E-05 9.99474E-05 0.0439126 9.99474E-05 0.943426 9.99474E-05 0.0120621
9.99736E-05 0.0948695 0.143857 0.00326883 0.0232238 9.99736E-05 0.690014 9.99736E-05 0.0444673
9.99384E-05 9.99384E-05 9.99384E-05 9.99384E-05 9.99384E-05 9.99384E-05 0.916675 0.0826257 9.99384E-05
0.238949 9.9956E-05 9.9956E-05 0.00350277 0.0572667 9.9956E-05 0.699782 9.9956E-05 9.9956E-05
0.0992877 9.99561E-05 0.317581 9.99561E-05 9.99561E-05 9.99561E-05 0.577105 9.99561E-05 0.00552639
0.164998 9.99561E-05 9.99561E-05 9.99561E-05 0.0267369 9.99561E-05 0.647359 9.99561E-05 0.160406
0.0814236 9.99475E-05 0.403582 9.99475E-05 9.99475E-05 9.99475E-05 0.514395 9.99475E-05 9.99475E-05
0.0898498 9.99561E-05 9.99561E-05 9.99561E-05 0.163347 9.99561E-05 0.642699 0.103604 9.99561E-05
9.99474E-05 9.99474E-05 0.0786039 0.0105112 9.99474E-05 9.99474E-05 0.910285 9.99474E-05 9.99474E-05
0.106225 9.99475E-05 0.241255 9.99475E-05 9.99475E-05 9.99475E-05 0.65192 9.99475E-05 9.99475E-05
0.197634 0.156461 0.0530574 0.0295266 0.0301559 9.99824E-05 0.519291 9.99824E-05 0.0136751
0.0988147 9.99648E-05 0.134143 0.0336661 9.99648E-05 9.99648E-05 0.714293 9.99648E-05 0.0186832
0.189433 9.99649E-05 0.433448 9.99649E-05 0.0537125 9.99649E-05 0.0778457 9.99649E-05 0.245161
9.99561E-05 9.99561E-05 0.537072 9.99561E-05 0.00762837 9.99561E-05 0.201798 9.99561E-05 0.253002
0.107789 0.0623136 0.429816 0.123365 0.0105794 9.99824E-05 0.100878 9.99824E-05 0.165059
9.99562E-05 0.0900756 0.505694 9.99562E-05 0.0463464 9.99562E-05 0.357385 9.99562E-05 9.99562E-05
0.0615569 0.0959634 0.375811 0.0848984 0.0950276 9.998E-05 0.234311 0.0522319 9.998E-05
9.99649E-05 9.99649E-05 0.544116 0.00246252 9.99649E-05 0.220157 0.211837 9.99649E-05 0.0210278
0.199595 9.99736E-05 0.198232 0.00518549 0.0288549 9.99736E-05 0.506579 9.99736E-05 0.0612534
0.0624495 0.149558 0.627956 0.0365311 0.0335524 9.99737E-05 0.0896539 9.99737E-05 9.99737E-05
9.99562E-05 0.084042 0.685817 9.99562E-05 0.045225 0.184416 9.99562E-05 9.99562E-05 9.99562E-05
0.122573 9.99648E-05 0.611208 9.99648E-05 0.0351987 9.99648E-05 0.072643 9.99648E-05 0.157978
0.0713212 9.99736E-05 0.290385 9.99736E-05 0.13462 9.99736E-05 0.303095 0.0334405 0.166838
9.99561E-05 9.99561E-05 0.371432 0.155158 9.99561E-05 0.112952 0.359958 9.99561E-05 9.99561E-05
0.121942 0.154032 0.270084 9.99736E-05 0.00984656 9.99736E-05 0.374646 9.99736E-05 0.0691491
9.99474E-05 9.99474E-05 0.582471 9.99474E-05 9.99474E-05 0.327804 0.0891254 9.99474E-05 9.99474E-05
9.99561E-05 9.99561E-05 0.298499 9.99561E-05 0.204819 9.99561E-05 0.462372 0.0338099 9.99561E-05
0.102532 9.99649E-05 0.389339 9.99649E-05 0.132228 9.99649E-05 0.224952 9.99649E-05 0.15055
0.0515015 9.99561E-05 0.459555 9.99561E-05 0.129795 9.99561E-05 0.358649 9.99561E-05 9.99561E-05
9.99649E-05 0.0691435 0.52905 0.150004 9.99649E-05 0.0304241 0.220978 9.99649E-05 9.99649E-05
0.0283013 0.120686 0.560031 0.0312134 0.21511 9.99737E-05 0.0443579 9.99737E-05 9.99737E-05
0.106444 9.99649E-05 0.603539 9.99649E-05 9.99649E-05 0.00211601 0.00661427 9.99649E-05 0.280887
0.188992 0.0818852 0.394756 9.99737E-05 0.0717747 0.0142209 0.248072 9.99737E-05 9.99737E-05
0.0197631 9.99737E-05 0.396069 9.99737E-05 0.0588367 0.160847 0.240245 9.99737E-05 0.123939
0.0160804 9.99912E-05 0.173564 0.0407092 0.142972 0.138925 0.470471 0.00645718 0.0107201
0.00985413 9.99472E-05 0.944792 9.99472E-05 9.99472E-05 9.99472E-05 9.99472E-05 0.0447544 9.99472E-05
0.00222089 9.9956E-05 0.877998 0.0744636 9.9956E-05 9.9956E-05 9.9956E-05 0.0448179 9.9956E-05
0.0696938 9.99384E-05 0.929607 9.99384E-05 9.99384E-05 9.99384E-05 9.99384E-05 9.99384E-05 9.99384E-05
0.0427363 0.0290773 0.924406 9.9956E-05 9.9956E-05 9.9956E-05 9.9956E-05 9.9956E-05 0.00328062
9.993E-05 9.993E-05 0.999201 9.993E-05 9.993E-05 9.993E-05 9.993E-05 9.993E-05 9.993E-05
0.0521479 9.99385E-05 0.947153 9.99385E-05 9.99385E-05 9.99385E-05 9.99385E-05 9.99385E-05 9.99385E-05
0.0548405 9.99472E-05 0.943116 9.99472E-05 9.99472E-05 9.99472E-05 9.99472E-05 0.00144344 9.99472E-05
9.993E-05 9.993E-05 0.999201 9.993E-05 9.993E-05 9.993E-05 9.993E-05 9.993E-05 9.993E-05
0.0342707 0.0166865 0.820686 0.026363 9.99648E-05 9.99648E-05 0.101594 9.99648E-05 9.99648E-05
0.21077 9.99472E-05 0.761603 9.99472E-05 0.0270272 9.99472E-05 9.99472E-05 9.99472E-05 9.99472E-05
9.99384E-05 9.99384E-05 0.981249 9.99384E-05 9.99384E-05 9.99384E-05 9.99384E-05 0.018051 9.99384E-05
9.993E-05 9.993E-05 0.999201 9.993E-05 9.993E-05 9.993E-05 9.993E-05 9.993E-05 9.993E-05
0.105595 9.99472E-05 0.823824 9.99472E-05 0.0699812 9.99472E-05 9.99472E-05 9.99472E-05 9.99472E-05
0.0335028 9.99385E-05 0.965798 9.99385E-05 9.99385E-05 9.99385E-05 9.99385E-05 9.99385E-05 9.99385E-05
9.993E-05 9.993E-05 0.999201 9.993E-05 9.993E-05 9.993E-05 9.993E-05 9.993E-05 9.993E-05
0.0465901 9.99473E-05 0.925963 9.99473E-05 9.99473E-05 9.99473E-05 9.99473E-05 9.99473E-05 0.0268469
9.99384E-05 9.99384E-05 0.943806 9.99384E-05 9.99384E-05 9.99384E-05 9.99384E-05 0.0554946 9.99384E-05
0.0159666 9.99385E-05 0.983334 9.99385E-05 9.99385E-05 9.99385E-05 9.99385E-05 9.99385E-05 9.99385E-05
0.015897 9.99384E-05 0.983403 9.99384E-05 9.99384E-05 9.99384E-05 9.99384E-05 9.99384E-05 9.99384E-05
9.99385E-05 9.99385E-05 0.961745 9.99385E-05 9.99385E-05 9.99385E-05 9.99385E-05 0.0375552 9.99385E-05
0.243132 9.99472E-05 0.740684 9.99472E-05 9.99472E-05 9.99472E-05 9.99472E-05 0.0155845 9.99472E-05
9.993E-05 9.993E-05 0.999201 9.993E-05 9.993E-05 9.993E-05 9.993E-05 9.993E-05 9.993E-05
0.179299 9.9956E-05 0.686931 0.0179442 9.9956E-05 9.9956E-05 0.115326 9.9956E-05 9.9956E-05
9.99387E-05 9.99387E-05 9.99387E-05 0.0167388 9.99387E-05 9.99387E-05 0.982562 9.99387E-05 9.99387E-05
9.993E-05 9.993E-05 0.999201 9.993E-05 9.993E-05 9.993E-05 9.993E-05 9.993E-05 9.993E-05
9.993E-05 9.993E-05 0.999201 9.993E-05 9.993E-05 9.993E-05 9.993E-05 9.993E-05 9.993E-05
9.9956E-05 0.0606401 0.741912 9.9956E-05 0.0523182 9.9956E-05 0.14463 9.9956E-05 9.9956E-05
9.993E-05 9.993E-05 0.999201 9.993E-05 9.993E-05 9.993E-05 9.993E-05 9.993E-05 9.993E-05
0.193371 9.99384E-05 0.80593 9.99384E-05 9.99384E-05 9.99384E-05 9.99384E-05 9.99384E-05 9.99384E-05
9.993E-05 9.993E-05 0.999201 9.993E-05 9.993E-05 9.993E-05 9.993E-05 9.993E-05 9.993E-05
