0.246051 9.99122E-05 9.99122E-05 9.99122E-05 9.99122E-05 9.99122E-05 9.99122E-05 0.0440637 9.99122E-05 0.161903 9.99122E-05 0.0507829 0.368558 9.99122E-05 0.0599396 0.0677027 9.99122E-05
0.10327 9.99034E-05 9.99034E-05 9.99034E-05 9.99034E-05 0.0128284 9.99034E-05 9.99034E-05 9.99034E-05 9.99034E-05 9.99034E-05 0.124962 0.724768 9.99034E-05 0.0168103 0.0162625 9.99034E-05
9.98859E-05 9.98859E-05 9.98859E-05 0.0956078 9.98859E-05 0.000187118 9.98859E-05 9.98859E-05 9.98859E-05 9.98859E-05 9.98859E-05 9.98859E-05 0.833285 9.98859E-05 9.98859E-05 0.0696216 9.98859E-05
9.9921E-05 0.365546 9.9921E-05 0.169271 0.00785867 0.0112509 9.9921E-05 9.9921E-05 9.9921E-05 0.150232 9.9921E-05 9.9921E-05 0.23364 9.9921E-05 0.0489992 0.0123033 9.9921E-05
9.98947E-05 0.0352346 9.98947E-05 9.98947E-05 0.0379935 9.98947E-05 9.98947E-05 9.98947E-05 0.133054 0.00738305 9.98947E-05 9.98947E-05 0.785136 9.98947E-05 9.98947E-05 9.98947E-05 9.98947E-05
0.277749 0.105486 9.99122E-05 0.184773 0.129551 9.99122E-05 9.99122E-05 9.99122E-05 0.143968 9.99122E-05 9.99122E-05 0.0348097 0.122664 9.99122E-05 9.99122E-05 9.99122E-05 9.99122E-05
0.101061 0.140614 9.99298E-05 9.99298E-05 9.99298E-05 9.99298E-05 9.99298E-05 0.0555616 9.99298E-05 0.173974 0.0872554 0.0577152 0.232475 9.99298E-05 0.111119 0.0394255 9.99298E-05
0.0858155 0.0867028 0.0812283 0.0810178 0.160901 9.99298E-05 9.99298E-05 9.99298E-05 0.0513505 0.220248 9.99298E-05 9.99298E-05 0.184308 0.0476287 9.99298E-05 9.99298E-05 9.99298E-05
9.99122E-05 9.99122E-05 9.99122E-05 9.99122E-05 0.24398 0.0293871 9.99122E-05 0.161693 0.0298532 0.218402 9.99122E-05 9.99122E-05 0.161081 9.99122E-05 9.99122E-05 0.154605 9.99122E-05
9.98859E-05 9.98859E-05 9.98859E-05 9.98859E-05 9.98859E-05 9.98859E-05 9.98859E-05 0.0103774 9.98859E-05 9.98859E-05 9.98859E-05 9.98859E-05 0.867215 0.0230404 9.98859E-05 0.098069 9.98859E-05
0.192841 9.99035E-05 9.99035E-05 9.99035E-05 9.99035E-05 0.0274903 9.99035E-05 9.99035E-05 9.99035E-05 0.18561 9.99035E-05 9.99035E-05 0.349198 9.99035E-05 0.084442 0.15932 9.99035E-05
9.99035E-05 0.0776256 9.99035E-05 0.0225177 9.99035E-05 0.0448347 9.99035E-05 9.99035E-05 0.030362 9.99035E-05 9.99035E-05 9.99035E-05 0.747064 9.99035E-05 0.0764967 9.99035E-05 9.99035E-05
9.98771E-05 9.98771E-05 9.98771E-05 9.98771E-05 9.98771E-05 9.98771E-05 9.98771E-05 9.98771E-05 9.98771E-05 0.153236 9.98771E-05 9.98771E-05 0.75335 9.98771E-05 9.98771E-05 0.0920165 9.98771E-05
9.99035E-05 9.99035E-05 9.99035E-05 0.0864077 9.99035E-05 9.99035E-05 0.0838008 9.99035E-05 9.99035E-05 9.99035E-05 9.99035E-05 9.99035E-05 0.574204 9.99035E-05 0.0572576 0.0840321 0.113199
0.27219 9.99035E-05 9.99035E-05 0.11713 0.125859 9.99035E-05 9.99035E-05 9.99035E-05 9.99035E-05 9.99035E-05 9.99035E-05 9.99035E-05 0.215058 9.99035E-05 9.99035E-05 0.130832 0.137833
0.190926 0.0953193 0.161835 9.99122E-05 0.178007 9.99122E-05 9.99122E-05 9.99122E-05 9.99122E-05 0.0864477 9.99122E-05 9.99122E-05 0.187776 9.99122E-05 9.99122E-05 0.0986894 9.99122E-05
9.99122E-05 0.164271 9.99122E-05 9.99122E-05 0.0381457 9.99122E-05 0.173895 9.99122E-05 9.99122E-05 9.99122E-05 9.99122E-05 0.0335289 0.515395 9.99122E-05 0.0332766 0.0404887 9.99122E-05
0.233667 9.9921E-05 9.9921E-05 9.9921E-05 0.003917 0.119343 9.9921E-05 0.0199847 9.9921E-05 0.155598 9.9921E-05 9.9921E-05 0.129485 0.167178 9.9921E-05 0.169927 9.9921E-05
9.99121E-05 0.0286277 9.99121E-05 9.99121E-05 0.0436614 9.99121E-05 9.99121E-05 9.99121E-05 9.99121E-05 0.268836 9.99121E-05 9.99121E-05 0.281144 9.99121E-05 0.0662514 0.216151 0.0943298
9.98771E-05 9.98771E-05 9.98771E-05 9.98771E-05 9.98771E-05 0.0639008 9.98771E-05 9.98771E-05 9.98771E-05 9.98771E-05 9.98771E-05 9.98771E-05 0.89848 9.98771E-05 9.98771E-05 0.0362211 9.98771E-05
9.9921E-05 0.285809 0.0745124 9.9921E-05 0.0570347 0.0858762 9.9921E-05 0.0334242 9.9921E-05 9.9921E-05 9.9921E-05 9.9921E-05 0.398795 9.9921E-05 0.0536896 0.00996002 9.9921E-05
9.99123E-05 0.0193622 9.99123E-05 9.99123E-05 0.136999 9.99123E-05 9.99123E-05 9.99123E-05 0.174518 0.38254 9.99123E-05 0.00895313 0.228009 9.99123E-05 9.99123E-05 9.99123E-05 0.0486195
0.218768 9.99035E-05 9.99035E-05 9.99035E-05 9.99035E-05 9.99035E-05 9.99035E-05 9.99035E-05 9.99035E-05 9.99035E-05 0.0299838 0.0206073 0.550336 9.99035E-05 0.0268054 0.152401 9.99035E-05
0.0141191 9.99035E-05 0.0404002 9.99035E-05 9.99035E-05 9.99035E-05 9.99035E-05 0.064586 9.99035E-05 0.295106 9.99035E-05 9.99035E-05 0.264662 9.99035E-05 9.99035E-05 0.320027 9.99035E-05
9.99121E-05 9.99121E-05 9.99121E-05 0.13619 0.0323454 9.99121E-05 9.99121E-05 9.99121E-05 9.99121E-05 0.111444 9.99121E-05 9.99121E-05 0.251668 9.99121E-05 0.0301285 0.280566 0.156659
9.99034E-05 0.0497122 9.99034E-05 0.0813463 0.000422086 9.99034E-05 9.99034E-05 9.99034E-05 9.99034E-05 0.0852386 9.99034E-05 9.99034E-05 0.650187 9.99034E-05 9.99034E-05 0.131994 9.99034E-05
9.98947E-05 9.98947E-05 0.0792454 0.309684 9.98947E-05 9.98947E-05 9.98947E-05 9.98947E-05 9.98947E-05 0.401025 9.98947E-05 9.98947E-05 9.98947E-05 0.106776 9.98947E-05 0.102071 9.98947E-05
9.98947E-05 0.120599 9.98947E-05 9.98947E-05 9.98947E-05 9.98947E-05 9.98947E-05 9.98947E-05 9.98947E-05 0.104276 9.98947E-05 9.98947E-05 0.720986 9.98947E-05 0.00491205 0.0480277 9.98947E-05
0.123849 9.99035E-05 9.99035E-05 0.089908 9.99035E-05 9.99035E-05 9.99035E-05 0.0313336 9.99035E-05 0.0884152 9.99035E-05 9.99035E-05 0.472432 9.99035E-05 9.99035E-05 0.192963 9.99035E-05
0.016089 0.0878739 9.99298E-05 0.0132425 0.0175995 0.0287106 0.0924261 0.0958222 9.99298E-05 9.99298E-05 9.99298E-05 9.99298E-05 0.614248 9.99298E-05 9.99298E-05 0.0331889 9.99298E-05
0.138457 9.9921E-05 9.9921E-05 9.9921E-05 0.0186759 0.0219398 9.9921E-05 9.9921E-05 9.9921E-05 0.0315223 9.9921E-05 9.9921E-05 0.624718 9.9921E-05 0.110211 0.017452 0.0361245
0.0608091 0.139785 9.99211E-05 0.159366 9.99211E-05 9.99211E-05 9.99211E-05 9.99211E-05 0.00812358 0.0785743 9.99211E-05 9.99211E-05 0.437108 9.99211E-05 0.033743 0.081592 9.99211E-05
0.158351 9.99122E-05 0.0283982 0.040759 9.99122E-05 9.99122E-05 9.99122E-05 9.99122E-05 9.99122E-05 0.119618 9.99122E-05 9.99122E-05 0.423526 9.99122E-05 0.0838821 0.144467 9.99122E-05
9.99122E-05 9.99122E-05 0.0145459 0.251062 9.99122E-05 0.0715688 9.99122E-05 9.99122E-05 9.99122E-05 0.0607348 9.99122E-05 9.99122E-05 0.437747 0.040429 9.99122E-05 0.122913 9.99122E-05
9.99034E-05 9.99034E-05 9.99034E-05 9.99034E-05 9.99034E-05 0.0582502 9.99034E-05 9.99034E-05 9.99034E-05 0.0103182 9.99034E-05 0.0744899 0.806011 9.99034E-05 0.0437089 0.0061227 9.99034E-05
0.0761517 0.147916 9.99122E-05 9.99122E-05 0.0124887 9.99122E-05 9.99122E-05 0.0125642 9.99122E-05 0.136207 9.99122E-05 9.99122E-05 0.589633 9.99122E-05 9.99122E-05 0.0240414 9.99122E-05
9.99123E-05 0.0599774 0.0168165 9.99123E-05 9.99123E-05 9.99123E-05 9.99123E-05 9.99123E-05 9.99123E-05 0.00807037 0.0284104 0.052873 0.826049 9.99123E-05 0.00680386 9.99123E-05 9.99123E-05
9.98948E-05 9.98948E-05 9.98948E-05 9.98948E-05 0.139379 0.0558058 9.98948E-05 9.98948E-05 9.98948E-05 9.98948E-05 9.98948E-05 0.105322 0.642037 9.98948E-05 9.98948E-05 0.0562574 9.98948E-05
9.9921E-05 9.9921E-05 9.9921E-05 9.9921E-05 9.9921E-05 0.0261837 0.084826 9.9921E-05 0.0278948 0.0543971 9.9921E-05 0.0440416 0.527016 9.9921E-05 0.00731611 0.227425 9.9921E-05
9.99123E-05 0.00473944 0.101026 0.242002 9.99123E-05 9.99123E-05 9.99123E-05 0.00226604 9.99123E-05 0.0258612 9.99123E-05 9.99123E-05 0.517953 9.99123E-05 9.99123E-05 0.105153 9.99123E-05
9.99034E-05 0.0697888 9.99034E-05 9.99034E-05 0.0037339 9.99034E-05 9.99034E-05 9.99034E-05 9.99034E-05 0.169148 9.99034E-05 9.99034E-05 0.635455 9.99034E-05 0.0288884 0.0918871 9.99034E-05
9.99035E-05 9.99035E-05 9.99035E-05 9.99035E-05 0.00913478 9.99035E-05 9.99035E-05 0.0729676 9.99035E-05 0.277056 9.99035E-05 0.00441635 0.572201 9.99035E-05 9.99035E-05 0.0631254 9.99035E-05
9.98947E-05 9.98947E-05 9.98947E-05 9.98947E-05 9.98947E-05 9.98947E-05 0.0603995 0.0995045 0.049872 0.0606886 9.98947E-05 9.98947E-05 0.728337 9.98947E-05 9.98947E-05 9.98947E-05 9.98947E-05
0.0781855 9.99035E-05 9.99035E-05 9.99035E-05 0.0880356 9.99035E-05 9.99035E-05 0.181667 9.99035E-05 0.106185 9.99035E-05 9.99035E-05 0.361276 9.99035E-05 9.99035E-05 0.183552 9.99035E-05
9.9886E-05 0.143054 9.9886E-05 9.9886E-05 9.9886E-05 9.9886E-05 9.9886E-05 9.9886E-05 9.9886E-05 0.447837 9.9886E-05 9.9886E-05 0.225521 9.9886E-05 9.9886E-05 0.182289 9.9886E-05
9.99034E-05 0.120106 9.99034E-05 9.99034E-05 9.99034E-05 0.0708109 9.99034E-05 9.99034E-05 9.99034E-05 0.0260739 9.99034E-05 9.99034E-05 0.725556 0.000778637 9.99034E-05 0.0555757 9.99034E-05
9.98947E-05 9.98947E-05 9.98947E-05 9.98947E-05 0.0250266 9.98947E-05 9.98947E-05 9.98947E-05 9.98947E-05 9.98947E-05 9.98947E-05 9.98947E-05 0.843578 0.0382313 0.0168638 0.0751012 9.98947E-05
9.9886E-05 9.9886E-05 0.0909759 9.9886E-05 9.9886E-05 0.0329994 9.9886E-05 9.9886E-05 9.9886E-05 9.9886E-05 9.9886E-05 9.9886E-05 0.834197 9.9886E-05 9.9886E-05 0.0405288 9.9886E-05
9.99033E-05 0.0321025 0.01156 9.99033E-05 9.99033E-05 9.99033E-05 9.99033E-05 9.99033E-05 9.99033E-05 0.249973 9.99033E-05 9.99033E-05 0.55487 9.99033E-05 0.0466194 0.103775 9.99033E-05
9.98862E-05 9.98862E-05 9.98862E-05 9.98862E-05 9.98862E-05 9.98862E-05 9.98862E-05 9.98862E-05 9.98862E-05 9.98862E-05 0.129283 9.98862E-05 0.651284 0.0921619 9.98862E-05 0.125973 9.98862E-05
0.0240312 0.0895598 0.00316211 0.0873756 0.0423759 9.99385E-05 9.99385E-05 0.0564188 9.99385E-05 0.141864 9.99385E-05 9.99385E-05 0.238911 9.99385E-05 0.141792 0.173809 9.99385E-05
9.98948E-05 0.0277915 9.98948E-05 9.98948E-05 9.98948E-05 9.98948E-05 9.98948E-05 0.135502 0.0452258 0.329665 9.98948E-05 9.98948E-05 0.460616 9.98948E-05 9.98948E-05 9.98948E-05 9.98948E-05
9.99035E-05 9.99035E-05 9.99035E-05 0.00222801 0.0178261 9.99035E-05 9.99035E-05 9.99035E-05 9.99035E-05 9.99035E-05 9.99035E-05 9.99035E-05 0.779713 0.0899239 9.99035E-05 0.083929 0.0252809
9.99035E-05 9.99035E-05 0.166585 9.99035E-05 9.99035E-05 9.99035E-05 9.99035E-05 9.99035E-05 0.0454767 9.99035E-05 9.99035E-05 9.99035E-05 0.603726 0.0553939 9.99035E-05 0.085138 0.0425814
9.98773E-05 9.98773E-05 9.98773E-05 9.98773E-05 9.98773E-05 9.98773E-05 9.98773E-05 9.98773E-05 9.98773E-05 9.98773E-05 9.98773E-05 9.98773E-05 0.725561 9.98773E-05 9.98773E-05 0.102166 0.170874
0.0196722 9.99036E-05 9.99036E-05 0.149421 9.99036E-05 0.0783556 9.99036E-05 9.99036E-05 0.0032123 9.99036E-05 9.99036E-05 9.99036E-05 0.657174 9.99036E-05 0.0910667 9.99036E-05 9.99036E-05
9.9921E-05 9.9921E-05 0.0650192 9.9921E-05 9.9921E-05 9.9921E-05 9.9921E-05 9.9921E-05 9.9921E-05 0.0537988 9.9921E-05 0.0856635 0.590915 0.126425 0.0202509 0.0528721 0.00415576
9.98948E-05 0.0273951 9.98948E-05 9.98948E-05 9.98948E-05 9.98948E-05 9.98948E-05 0.0171427 9.98948E-05 9.98948E-05 9.98948E-05 9.98948E-05 0.747985 9.98948E-05 0.0319865 0.174292 9.98948E-05
9.99035E-05 9.99035E-05 0.0251501 9.99035E-05 9.99035E-05 9.99035E-05 9.99035E-05 9.99035E-05 9.99035E-05 9.99035E-05 0.0173752 0.0248653 0.794894 9.99035E-05 0.0891237 0.047493 9.99035E-05
0.746387 9.98946E-05 9.98946E-05 9.98946E-05 0.0211873 9.98946E-05 9.98946E-05 9.98946E-05 9.98946E-05 9.98946E-05 9.98946E-05 9.98946E-05 9.98946E-05 0.0299326 0.0363858 0.164908 9.98946E-05
0.959019 9.98773E-05 9.98773E-05 9.98773E-05 9.98773E-05 9.98773E-05 9.98773E-05 0.0181491 9.98773E-05 9.98773E-05 9.98773E-05 9.98773E-05 9.98773E-05 9.98773E-05 0.0214337 9.98773E-05 9.98773E-05
0.918077 9.98771E-05 9.98771E-05 9.98771E-05 9.98771E-05 9.98771E-05 9.98771E-05 9.98771E-05 9.98771E-05 9.98771E-05 0.027625 9.98771E-05 9.98771E-05 0.0528998 9.98771E-05 9.98771E-05 9.98771E-05
0.338678 9.99122E-05 9.99122E-05 0.167014 0.104282 9.99122E-05 9.99122E-05 9.99122E-05 9.99122E-05 9.99122E-05 0.0755763 0.27895 9.99122E-05 0.0200828 9.99122E-05 0.0144183 9.99122E-05
0.700602 0.045819 9.99208E-05 9.99208E-05 0.0782468 0.0263662 9.99208E-05 9.99208E-05 9.99208E-05 0.0295735 0.0263039 9.99208E-05 9.99208E-05 0.0162928 9.99208E-05 9.99208E-05 0.0758969
0.6991 9.9912E-05 9.9912E-05 9.9912E-05 0.0423662 9.9912E-05 9.9912E-05 0.0273176 9.9912E-05 0.0143223 9.9912E-05 9.9912E-05 9.9912E-05 9.9912E-05 0.00729372 0.129461 0.0791395
0.549432 0.0751893 9.98946E-05 9.98946E-05 9.98946E-05 9.98946E-05 9.98946E-05 9.98946E-05 9.98946E-05 9.98946E-05 9.98946E-05 0.206615 9.98946E-05 9.98946E-05 0.0476449 0.11992 9.98946E-05
0.623446 9.99121E-05 9.99121E-05 0.034358 0.0641321 9.99121E-05 9.99121E-05 9.99121E-05 9.99121E-05 9.99121E-05 0.00687439 0.0964047 9.99121E-05 0.115678 9.99121E-05 0.0581073 9.99121E-05
0.924816 9.98771E-05 9.98771E-05 9.98771E-05 9.98771E-05 9.98771E-05 9.98771E-05 0.0432034 9.98771E-05 9.98771E-05 9.98771E-05 0.0305826 9.98771E-05 9.98771E-05 9.98771E-05 9.98771E-05 9.98771E-05
0.916133 9.98682E-05 9.98682E-05 9.98682E-05 9.98682E-05 9.98682E-05 9.98682E-05 9.98682E-05 9.98682E-05 9.98682E-05 9.98682E-05 9.98682E-05 9.98682E-05 9.98682E-05 0.0823686 9.98682E-05 9.98682E-05
0.553924 9.98944E-05 9.98944E-05 9.98944E-05 0.0517784 0.0157053 9.98944E-05 9.98944E-05 9.98944E-05 9.98944E-05 9.98944E-05 9.98944E-05 9.98944E-05 9.98944E-05 0.180866 0.196527 9.98944E-05
0.437491 0.10624 9.99121E-05 9.99121E-05 9.99121E-05 9.99121E-05 9.99121E-05 9.99121E-05 9.99121E-05 0.203054 0.0107066 9.99121E-05 9.99121E-05 9.99121E-05 0.0572385 0.0832501 0.101021
0.460559 9.99121E-05 0.0932098 0.065553 0.156576 9.99121E-05 9.99121E-05 9.99121E-05 0.171667 9.99121E-05 9.99121E-05 9.99121E-05 9.99121E-05 0.000743346 0.0506931 9.99121E-05 9.99121E-05
0.54672 9.98946E-05 9.98946E-05 9.98946E-05 9.98946E-05 9.98946E-05 9.98946E-05 9.98946E-05 0.109793 0.124731 9.98946E-05 0.0630697 9.98946E-05 9.98946E-05 9.98946E-05 0.154487 9.98946E-05
0.97634 9.98686E-05 9.98686E-05 9.98686E-05 9.98686E-05 9.98686E-05 9.98686E-05 9.98686E-05 9.98686E-05 9.98686E-05 0.0221624 9.98686E-05 9.98686E-05 9.98686E-05 9.98686E-05 9.98686E-05 9.98686E-05
0.938492 9.98685E-05 9.98685E-05 9.98685E-05 9.98685E-05 9.98685E-05 9.98685E-05 9.98685E-05 9.98685E-05 9.98685E-05 9.98685E-05 9.98685E-05 9.98685E-05 9.98685E-05 9.98685E-05 0.0600103 9.98685E-05
0.707079 0.0092749 0.00970859 0.077963 9.99033E-05 9.99033E-05 9.99033E-05 9.99033E-05 9.99033E-05 9.99033E-05 0.167473 9.99033E-05 9.99033E-05 0.0274023 9.99033E-05 9.99033E-05 9.99033E-05
0.624017 0.0575379 9.99033E-05 9.99033E-05 0.044831 9.99033E-05 9.99033E-05 9.99033E-05 9.99033E-05 0.118084 9.99033E-05 9.99033E-05 9.99033E-05 0.0464138 0.108018 9.99033E-05 9.99033E-05
0.857144 9.98771E-05 9.98771E-05 9.98771E-05 9.98771E-05 9.98771E-05 9.98771E-05 9.98771E-05 9.98771E-05 9.98771E-05 9.98771E-05 9.98771E-05 9.98771E-05 9.98771E-05 0.126953 0.0145053 9.98771E-05
0.724675 9.98769E-05 0.0716438 9.98769E-05 9.98769E-05 9.98769E-05 9.98769E-05 9.98769E-05 9.98769E-05 9.98769E-05 9.98769E-05 9.98769E-05 9.98769E-05 9.98769E-05 9.98769E-05 0.202282 9.98769E-05
0.998402 9.98599E-05 9.98599E-05 9.98599E-05 9.98599E-05 9.98599E-05 9.98599E-05 9.98599E-05 9.98599E-05 9.98599E-05 9.98599E-05 9.98599E-05 9.98599E-05 9.98599E-05 9.98599E-05 9.98599E-05 9.98599E-05
0.689945 9.98769E-05 9.98769E-05 9.98769E-05 9.98769E-05 9.98769E-05 9.98769E-05 9.98769E-05 9.98769E-05 0.255701 9.98769E-05 9.98769E-05 9.98769E-05 9.98769E-05 9.98769E-05 0.0529561 9.98769E-05
0.771753 9.98948E-05 9.98948E-05 0.168068 9.98948E-05 0.00650586 9.98948E-05 9.98948E-05 9.98948E-05 9.98948E-05 9.98948E-05 0.0299112 9.98948E-05 9.98948E-05 9.98948E-05 9.98948E-05 0.0225624
0.714627 0.113042 9.9921E-05 0.00261592 0.0316158 9.9921E-05 9.9921E-05 0.071768 0.00606135 9.9921E-05 0.00358366 9.9921E-05 9.9921E-05 0.0557874 9.9921E-05 9.9921E-05 9.9921E-05
0.870914 9.98769E-05 9.98769E-05 9.98769E-05 9.98769E-05 9.98769E-05 9.98769E-05 9.98769E-05 9.98769E-05 9.98769E-05 9.98769E-05 9.98769E-05 9.98769E-05 9.98769E-05 0.122619 0.00506781 9.98769E-05
0.96076 9.98685E-05 9.98685E-05 9.98685E-05 9.98685E-05 9.98685E-05 9.98685E-05 9.98685E-05 9.98685E-05 9.98685E-05 9.98685E-05 9.98685E-05 9.98685E-05 9.98685E-05 9.98685E-05 0.0377424 9.98685E-05
0.940156 9.98773E-05 9.98773E-05 9.98773E-05 9.98773E-05 9.98773E-05 0.011646 9.98773E-05 9.98773E-05 9.98773E-05 9.98773E-05 9.98773E-05 9.98773E-05 0.0467994 9.98773E-05 9.98773E-05 9.98773E-05
0.981613 9.98685E-05 9.98685E-05 9.98685E-05 9.98685E-05 9.98685E-05 9.98685E-05 9.98685E-05 9.98685E-05 9.98685E-05 9.98685E-05 9.98685E-05 9.98685E-05 9.98685E-05 9.98685E-05 0.016889 9.98685E-05
0.907294 9.98684E-05 9.98684E-05 9.98684E-05 9.98684E-05 9.98684E-05 9.98684E-05 9.98684E-05 9.98684E-05 9.98684E-05 9.98684E-05 9.98684E-05 9.98684E-05 0.0912078 9.98684E-05 9.98684E-05 9.98684E-05
0.673567 9.98861E-05 9.98861E-05 9.98861E-05 0.0695393 9.98861E-05 0.133666 9.98861E-05 9.98861E-05 9.98861E-05 9.98861E-05 9.98861E-05 9.98861E-05 9.98861E-05 9.98861E-05 0.121929 9.98861E-05
9.98772E-05 9.98772E-05 9.98772E-05 0.701459 0.141714 9.98772E-05 9.98772E-05 9.98772E-05 9.98772E-05 9.98772E-05 9.98772E-05 9.98772E-05 9.98772E-05 9.98772E-05 9.98772E-05 0.155429 9.98772E-05
9.98773E-05 9.98773E-05 9.98773E-05 0.585771 9.98773E-05 9.98773E-05 0.388132 9.98773E-05 9.98773E-05 9.98773E-05 9.98773E-05 9.98773E-05 9.98773E-05 9.98773E-05 9.98773E-05 0.0246988 9.98773E-05
9.98683E-05 9.98683E-05 9.98683E-05 0.899944 9.98683E-05 9.98683E-05 9.98683E-05 9.98683E-05 9.98683E-05 9.98683E-05 9.98683E-05 9.98683E-05 9.98683E-05 9.98683E-05 9.98683E-05 0.0985581 9.98683E-05
9.99033E-05 9.99033E-05 9.99033E-05 0.685759 0.0786003 9.99033E-05 9.99033E-05 9.99033E-05 0.00597345 9.99033E-05 9.99033E-05 9.99033E-05 9.99033E-05 0.0209058 0.0236797 0.183983 9.99033E-05
9.99122E-05 0.0321563 9.99122E-05 0.829017 9.99122E-05 0.0027616 9.99122E-05 0.0950628 9.99122E-05 9.99122E-05 9.99122E-05 9.99122E-05 9.99122E-05 0.0321248 0.00343739 9.99122E-05 0.00444092
9.98859E-05 9.98859E-05 9.98859E-05 0.70928 0.144023 9.98859E-05 9.98859E-05 9.98859E-05 9.98859E-05 9.98859E-05 9.98859E-05 0.062219 9.98859E-05 9.98859E-05 9.98859E-05 0.083179 9.98859E-05
9.99122E-05 9.99122E-05 0.0308102 0.66692 0.0490139 9.99122E-05 9.99122E-05 9.99122E-05 9.99122E-05 0.0219712 9.99122E-05 9.99122E-05 9.99122E-05 0.0947272 0.0204633 0.115095 9.99122E-05
9.98683E-05 9.98683E-05 9.98683E-05 0.763795 0.234707 9.98683E-05 9.98683E-05 9.98683E-05 9.98683E-05 9.98683E-05 9.98683E-05 9.98683E-05 9.98683E-05 9.98683E-05 9.98683E-05 9.98683E-05 9.98683E-05
9.98945E-05 9.98945E-05 9.98945E-05 0.309478 0.234654 9.98945E-05 9.98945E-05 9.98945E-05 9.98945E-05 9.98945E-05 9.98945E-05 0.329522 9.98945E-05 9.98945E-05 0.0733688 0.0517795 9.98945E-05
9.98858E-05 9.98858E-05 9.98858E-05 0.462222 0.187245 9.98858E-05 9.98858E-05 9.98858E-05 9.98858E-05 0.0314365 9.98858E-05 9.98858E-05 9.98858E-05 9.98858E-05 9.98858E-05 0.317798 9.98858E-05
9.98772E-05 9.98772E-05 9.98772E-05 0.528491 9.98772E-05 9.98772E-05 0.21991 9.98772E-05 9.98772E-05 9.98772E-05 9.98772E-05 0.2502 9.98772E-05 9.98772E-05 9.98772E-05 9.98772E-05 9.98772E-05
9.98859E-05 9.98859E-05 9.98859E-05 0.726498 9.98859E-05 9.98859E-05 0.0489189 9.98859E-05 9.98859E-05 9.98859E-05 9.98859E-05 0.150572 9.98859E-05 9.98859E-05 0.0727126 9.98859E-05 9.98859E-05
9.98773E-05 9.98773E-05 9.98773E-05 0.894054 0.0904443 9.98773E-05 9.98773E-05 9.98773E-05 9.98773E-05 9.98773E-05 9.98773E-05 9.98773E-05 9.98773E-05 9.98773E-05 0.0141033 9.98773E-05 9.98773E-05
9.98773E-05 9.98773E-05 9.98773E-05 0.719493 0.11086 9.98773E-05 9.98773E-05 9.98773E-05 9.98773E-05 9.98773E-05 9.98773E-05 9.98773E-05 9.98773E-05 9.98773E-05 9.98773E-05 0.168249 9.98773E-05
9.98947E-05 9.98947E-05 0.0538512 0.603539 0.073318 9.98947E-05 0.0904007 9.98947E-05 9.98947E-05 9.98947E-05 9.98947E-05 9.98947E-05 9.98947E-05 0.177693 9.98947E-05 9.98947E-05 9.98947E-05
9.9921E-05 0.00829928 0.0533962 0.553379 0.0645795 0.0490642 9.9921E-05 9.9921E-05 9.9921E-05 9.9921E-05 9.9921E-05 0.15246 9.9921E-05 9.9921E-05 0.0299806 0.0879421 9.9921E-05
9.99034E-05 9.99034E-05 9.99034E-05 0.613333 0.0113303 0.0226634 0.0155772 9.99034E-05 9.99034E-05 9.99034E-05 9.99034E-05 0.233306 9.99034E-05 9.99034E-05 9.99034E-05 0.102691 9.99034E-05
9.98949E-05 9.98949E-05 9.98949E-05 0.755117 0.125275 9.98949E-05 9.98949E-05 9.98949E-05 0.00203373 0.0779137 0.038462 9.98949E-05 9.98949E-05 9.98949E-05 9.98949E-05 9.98949E-05 9.98949E-05
9.98685E-05 9.98685E-05 9.98685E-05 0.996321 9.98685E-05 9.98685E-05 9.98685E-05 9.98685E-05 9.98685E-05 9.98685E-05 9.98685E-05 9.98685E-05 9.98685E-05 9.98685E-05 0.0021807 9.98685E-05 9.98685E-05
9.99122E-05 9.99122E-05 9.99122E-05 0.470676 0.00315047 0.0333607 0.154149 9.99122E-05 9.99122E-05 0.0408296 9.99122E-05 9.99122E-05 9.99122E-05 9.99122E-05 0.0892095 0.207625 9.99122E-05
9.99123E-05 9.99123E-05 9.99123E-05 0.696846 0.0828798 9.99123E-05 0.0110041 9.99123E-05 0.0781159 9.99123E-05 9.99123E-05 0.027102 9.99123E-05 0.0287798 9.99123E-05 0.0742734 9.99123E-05
9.98771E-05 9.98771E-05 9.98771E-05 0.958716 0.033122 9.98771E-05 9.98771E-05 9.98771E-05 9.98771E-05 9.98771E-05 9.98771E-05 9.98771E-05 9.98771E-05 0.00676337 9.98771E-05 9.98771E-05 9.98771E-05
9.99034E-05 9.99034E-05 9.99034E-05 0.503797 0.247374 0.0494612 9.99034E-05 0.0043603 9.99034E-05 9.99034E-05 9.99034E-05 0.0459229 9.99034E-05 9.99034E-05 9.99034E-05 0.147985 9.99034E-05
9.9886E-05 9.9886E-05 9.9886E-05 0.723896 0.149432 9.9886E-05 0.0847751 9.9886E-05 9.9886E-05 9.9886E-05 9.9886E-05 9.9886E-05 9.9886E-05 9.9886E-05 9.9886E-05 9.9886E-05 0.0405985
9.99034E-05 9.99034E-05 9.99034E-05 0.370312 0.229502 0.140632 9.99034E-05 9.99034E-05 0.0291066 9.99034E-05 9.99034E-05 0.0594526 9.99034E-05 9.99034E-05 9.99034E-05 0.169896 9.99034E-05
0.0604707 9.99123E-05 0.0359444 0.361201 0.125262 9.99123E-05 0.241474 9.99123E-05 9.99123E-05 9.99123E-05 9.99123E-05 0.0526723 9.99123E-05 9.99123E-05 9.99123E-05 0.121977 9.99123E-05
9.98947E-05 9.98947E-05 9.98947E-05 0.0958155 9.98947E-05 0.0334824 0.640213 0.118661 9.98947E-05 9.98947E-05 9.98947E-05 9.98947E-05 9.98947E-05 9.98947E-05 9.98947E-05 0.11063 9.98947E-05
9.98857E-05 0.112633 9.98857E-05 0.678053 0.115632 9.98857E-05 9.98857E-05 9.98857E-05 9.98857E-05 9.98857E-05 9.98857E-05 9.98857E-05 9.98857E-05 9.98857E-05 9.98857E-05 0.0923836 9.98857E-05
9.9886E-05 9.9886E-05 9.9886E-05 0.566743 0.223005 9.9886E-05 9.9886E-05 9.9886E-05 9.9886E-05 9.9886E-05 9.9886E-05 0.017276 9.9886E-05 9.9886E-05 9.9886E-05 0.191677 9.9886E-05
9.98948E-05 9.98948E-05 9.98948E-05 0.763312 9.98948E-05 0.0460507 0.0473325 9.98948E-05 9.98948E-05 9.98948E-05 9.98948E-05 9.98948E-05 9.98948E-05 9.98948E-05 0.0240433 0.118063 9.98948E-05
9.98948E-05 9.98948E-05 0.0194805 0.754093 0.0293127 9.98948E-05 9.98948E-05 9.98948E-05 9.98948E-05 9.98948E-05 9.98948E-05 9.98948E-05 9.98948E-05 9.98948E-05 0.0116612 0.184254 9.98948E-05
9.98771E-05 9.98771E-05 0.0303823 0.964165 9.98771E-05 9.98771E-05 9.98771E-05 9.98771E-05 9.98771E-05 9.98771E-05 9.98771E-05 9.98771E-05 9.98771E-05 9.98771E-05 9.98771E-05 0.00405479 9.98771E-05
9.98946E-05 9.98946E-05 9.98946E-05 0.267672 0.304495 0.1379 9.98946E-05 9.98946E-05 0.127377 9.98946E-05 9.98946E-05 9.98946E-05 9.98946E-05 9.98946E-05 9.98946E-05 0.161357 9.98946E-05
9.98945E-05 9.98945E-05 9.98945E-05 0.799095 0.011835 9.98945E-05 9.98945E-05 9.98945E-05 9.98945E-05 0.117899 9.98945E-05 9.98945E-05 9.98945E-05 9.98945E-05 9.98945E-05 0.0684342 0.00153827
9.98772E-05 0.0187242 9.98772E-05 0.94509 9.98772E-05 9.98772E-05 9.98772E-05 9.98772E-05 9.98772E-05 9.98772E-05 9.98772E-05 9.98772E-05 9.98772E-05 9.98772E-05 9.98772E-05 0.0347877 9.98772E-05
9.98947E-05 9.98947E-05 9.98947E-05 0.656396 0.114935 9.98947E-05 0.0704917 9.98947E-05 9.98947E-05 9.98947E-05 9.98947E-05 9.98947E-05 9.98947E-05 0.0446703 0.112308 9.98947E-05 9.98947E-05
9.98946E-05 9.98946E-05 9.98946E-05 0.645668 0.091567 9.98946E-05 9.98946E-05 9.98946E-05 9.98946E-05 9.98946E-05 9.98946E-05 9.98946E-05 9.98946E-05 0.0289948 0.00282038 0.229751 9.98946E-05
9.98858E-05 0.0572642 0.0178052 0.363214 9.98858E-05 9.98858E-05 0.560418 9.98858E-05 9.98858E-05 9.98858E-05 9.98858E-05 9.98858E-05 9.98858E-05 9.98858E-05 9.98858E-05 9.98858E-05 9.98858E-05
9.9886E-05 9.9886E-05 9.9886E-05 0.706018 9.9886E-05 0.00269696 0.218676 9.9886E-05 9.9886E-05 9.9886E-05 9.9886E-05 9.9886E-05 9.9886E-05 9.9886E-05 9.9886E-05 0.0713103 9.9886E-05
9.98774E-05 9.98774E-05 9.98774E-05 0.764388 0.0241114 9.98774E-05 0.210103 9.98774E-05 9.98774E-05 9.98774E-05 9.98774E-05 9.98774E-05 9.98774E-05 9.98774E-05 9.98774E-05 9.98774E-05 9.98774E-05
9.9886E-05 9.9886E-05 9.9886E-05 0.55037 9.9886E-05 0.0249389 0.396094 9.9886E-05 9.9886E-05 9.9886E-05 9.9886E-05 0.0272988 9.9886E-05 9.9886E-05 9.9886E-05 9.9886E-05 9.9886E-05
9.98945E-05 9.98945E-05 9.98945E-05 0.392331 0.138974 9.98945E-05 9.98945E-05 9.98945E-05 0.00685614 9.98945E-05 9.98945E-05 0.182467 9.98945E-05 9.98945E-05 9.98945E-05 0.278174 9.98945E-05
9.99035E-05 9.99035E-05 9.99035E-05 0.749877 0.130667 9.99035E-05 9.99035E-05 0.0481344 9.99035E-05 0.00131277 9.99035E-05 0.0376138 9.99035E-05 9.99035E-05 9.99035E-05 9.99035E-05 0.0312958
9.98947E-05 9.98947E-05 9.98947E-05 0.18005 0.107745 0.0490828 0.563371 9.98947E-05 9.98947E-05 9.98947E-05 9.98947E-05 9.98947E-05 9.98947E-05 9.98947E-05 9.98947E-05 0.0985527 9.98947E-05
9.98771E-05 9.98771E-05 9.98771E-05 0.550399 9.98771E-05 9.98771E-05 0.368893 9.98771E-05 9.98771E-05 9.98771E-05 9.98771E-05 9.98771E-05 9.98771E-05 9.98771E-05 9.98771E-05 0.0793092 9.98771E-05
9.98946E-05 9.98946E-05 9.98946E-05 0.448638 0.152378 0.0996563 9.98946E-05 9.98946E-05 0.0364037 9.98946E-05 9.98946E-05 0.261725 9.98946E-05 9.98946E-05 9.98946E-05 9.98946E-05 9.98946E-05
0.290185 9.98859E-05 9.98859E-05 0.564119 0.101374 9.98859E-05 9.98859E-05 9.98859E-05 9.98859E-05 9.98859E-05 9.98859E-05 9.98859E-05 9.98859E-05 9.98859E-05 9.98859E-05 0.0430237 9.98859E-05
9.99124E-05 9.99124E-05 0.0230645 0.529835 0.142252 9.99124E-05 9.99124E-05 0.121547 9.99124E-05 0.0101284 9.99124E-05 0.128786 9.99124E-05 9.99124E-05 9.99124E-05 0.0433877 9.99124E-05
0.0506894 9.9921E-05 9.9921E-05 0.404359 0.249218 0.0205285 9.9921E-05 9.9921E-05 9.9921E-05 0.0801665 9.9921E-05 9.9921E-05 9.9921E-05 0.0120248 0.000920031 0.181194 9.9921E-05
9.98771E-05 9.98771E-05 9.98771E-05 0.511522 9.98771E-05 9.98771E-05 0.472935 9.98771E-05 9.98771E-05 9.98771E-05 9.98771E-05 9.98771E-05 9.98771E-05 9.98771E-05 9.98771E-05 0.0141441 9.98771E-05
9.98859E-05 0.124044 9.98859E-05 0.681875 9.98859E-05 9.98859E-05 9.98859E-05 9.98859E-05 9.98859E-05 9.98859E-05 0.0756893 9.98859E-05 9.98859E-05 9.98859E-05 9.98859E-05 0.117094 9.98859E-05
9.98772E-05 9.98772E-05 9.98772E-05 0.247969 0.162621 9.98772E-05 0.588012 9.98772E-05 9.98772E-05 9.98772E-05 9.98772E-05 9.98772E-05 9.98772E-05 9.98772E-05 9.98772E-05 9.98772E-05 9.98772E-05
9.9886E-05 9.9886E-05 9.9886E-05 0.54953 0.112405 9.9886E-05 0.212718 9.9886E-05 9.9886E-05 9.9886E-05 9.9886E-05 9.9886E-05 9.9886E-05 9.9886E-05 9.9886E-05 0.124048 9.9886E-05
9.98771E-05 9.98771E-05 0.0420409 0.91255 0.0440112 9.98771E-05 9.98771E-05 9.98771E-05 9.98771E-05 9.98771E-05 9.98771E-05 9.98771E-05 9.98771E-05 9.98771E-05 9.98771E-05 9.98771E-05 9.98771E-05
9.9877E-05 0.139586 9.9877E-05 0.806317 9.9877E-05 9.9877E-05 9.9877E-05 9.9877E-05 9.9877E-05 9.9877E-05 9.9877E-05 9.9877E-05 9.9877E-05 9.9877E-05 0.0526985 9.9877E-05 9.9877E-05
9.98858E-05 9.98858E-05 9.98858E-05 0.521242 0.188433 9.98858E-05 9.98858E-05 9.98858E-05 9.98858E-05 9.98858E-05 9.98858E-05 0.219987 9.98858E-05 9.98858E-05 9.98858E-05 0.0690394 9.98858E-05
9.9877E-05 9.9877E-05 9.9877E-05 0.800963 0.101242 9.9877E-05 9.9877E-05 9.9877E-05 9.9877E-05 9.9877E-05 9.9877E-05 9.9877E-05 9.9877E-05 9.9877E-05 9.9877E-05 0.0963974 9.9877E-05
9.98771E-05 9.98771E-05 0.00727559 0.969985 9.98771E-05 9.98771E-05 9.98771E-05 9.98771E-05 9.98771E-05 9.98771E-05 9.98771E-05 9.98771E-05 9.98771E-05 9.98771E-05 9.98771E-05 0.0213407 9.98771E-05
9.98859E-05 9.98859E-05 9.98859E-05 0.822495 9.98859E-05 0.0927086 0.0309153 9.98859E-05 9.98859E-05 9.98859E-05 9.98859E-05 9.98859E-05 9.98859E-05 9.98859E-05 9.98859E-05 0.052583 9.98859E-05
9.98947E-05 9.98947E-05 9.98947E-05 0.648947 0.160101 9.98947E-05 0.137241 9.98947E-05 9.98947E-05 9.98947E-05 9.98947E-05 0.0444963 9.98947E-05 9.98947E-05 9.98947E-05 0.00801633 9.98947E-05
9.98593E-05 9.98593E-05 9.98593E-05 9.98593E-05 9.98593E-05 9.98593E-05 9.98593E-05 9.98593E-05 9.98593E-05 9.98593E-05 9.98593E-05 9.98593E-05 9.98593E-05 9.98593E-05 9.98593E-05 0.998402 9.98593E-05
9.98594E-05 9.98594E-05 9.98594E-05 9.98594E-05 0.998402 9.98594E-05 9.98594E-05 9.98594E-05 9.98594E-05 9.98594E-05 9.98594E-05 9.98594E-05 9.98594E-05 9.98594E-05 9.98594E-05 9.98594E-05 9.98594E-05
9.98593E-05 9.98593E-05 9.98593E-05 9.98593E-05 9.98593E-05 9.98593E-05 9.98593E-05 9.98593E-05 9.98593E-05 9.98593E-05 9.98593E-05 9.98593E-05 9.98593E-05 9.98593E-05 9.98593E-05 0.998402 9.98593E-05
9.98593E-05 9.98593E-05 9.98593E-05 9.98593E-05 0.998402 9.98593E-05 9.98593E-05 9.98593E-05 9.98593E-05 9.98593E-05 9.98593E-05 9.98593E-05 9.98593E-05 9.98593E-05 9.98593E-05 9.98593E-05 9.98593E-05
9.98593E-05 9.98593E-05 9.98593E-05 9.98593E-05 0.998402 9.98593E-05 9.98593E-05 9.98593E-05 9.98593E-05 9.98593E-05 9.98593E-05 9.98593E-05 9.98593E-05 9.98593E-05 9.98593E-05 9.98593E-05 9.98593E-05
9.98594E-05 9.98594E-05 9.98594E-05 9.98594E-05 0.998402 9.98594E-05 9.98594E-05 9.98594E-05 9.98594E-05 9.98594E-05 9.98594E-05 9.98594E-05 9.98594E-05 9.98594E-05 9.98594E-05 9.98594E-05 9.98594E-05
9.98593E-05 9.98593E-05 9.98593E-05 9.98593E-05 9.98593E-05 9.98593E-05 9.98593E-05 9.98593E-05 9.98593E-05 9.98593E-05 9.98593E-05 9.98593E-05 9.98593E-05 9.98593E-05 9.98593E-05 0.998402 9.98593E-05
9.98593E-05 9.98593E-05 9.98593E-05 9.98593E-05 0.998402 9.98593E-05 9.98593E-05 9.98593E-05 9.98593E-05 9.98593E-05 9.98593E-05 9.98593E-05 9.98593E-05 9.98593E-05 9.98593E-05 9.98593E-05 9.98593E-05
9.98594E-05 9.98594E-05 9.98594E-05 9.98594E-05 0.998402 9.98594E-05 9.98594E-05 9.98594E-05 9.98594E-05 9.98594E-05 9.98594E-05 9.98594E-05 9.98594E-05 9.98594E-05 9.98594E-05 9.98594E-05 9.98594E-05
9.98594E-05 9.98594E-05 9.98594E-05 9.98594E-05 9.98594E-05 9.98594E-05 9.98594E-05 9.98594E-05 9.98594E-05 9.98594E-05 9.98594E-05 9.98594E-05 9.98594E-05 9.98594E-05 9.98594E-05 0.998402 9.98594E-05
9.98593E-05 9.98593E-05 9.98593E-05 9.98593E-05 9.98593E-05 9.98593E-05 9.98593E-05 9.98593E-05 9.98593E-05 9.98593E-05 9.98593E-05 9.98593E-05 9.98593E-05 9.98593E-05 9.98593E-05 0.998402 9.98593E-05
9.98593E-05 9.98593E-05 9.98593E-05 9.98593E-05 9.98593E-05 9.98593E-05 9.98593E-05 9.98593E-05 9.98593E-05 9.98593E-05 9.98593E-05 9.98593E-05 9.98593E-05 9.98593E-05 9.98593E-05 0.998402 9.98593E-05
9.98593E-05 9.98593E-05 9.98593E-05 9.98593E-05 0.998402 9.98593E-05 9.98593E-05 9.98593E-05 9.98593E-05 9.98593E-05 9.98593E-05 9.98593E-05 9.98593E-05 9.98593E-05 9.98593E-05 9.98593E-05 9.98593E-05
9.98594E-05 9.98594E-05 9.98594E-05 9.98594E-05 0.998402 9.98594E-05 9.98594E-05 9.98594E-05 9.98594E-05 9.98594E-05 9.98594E-05 9.98594E-05 9.98594E-05 9.98594E-05 9.98594E-05 9.98594E-05 9.98594E-05
9.98593E-05 9.98593E-05 9.98593E-05 9.98593E-05 9.98593E-05 9.98593E-05 9.98593E-05 9.98593E-05 9.98593E-05 9.98593E-05 9.98593E-05 9.98593E-05 9.98593E-05 9.98593E-05 9.98593E-05 0.998402 9.98593E-05
9.98593E-05 9.98593E-05 9.98593E-05 9.98593E-05 9.98593E-05 9.98593E-05 9.98593E-05 9.98593E-05 9.98593E-05 9.98593E-05 9.98593E-05 9.98593E-05 9.98593E-05 9.98593E-05 9.98593E-05 0.998402 9.98593E-05
9.99209E-05 0.130491 9.99209E-05 0.63333 0.0606488 0.0451935 9.99209E-05 0.103617 9.99209E-05 9.99209E-05 0.0201753 9.99209E-05 9.99209E-05 9.99209E-05 9.99209E-05 0.000142573 0.00550244
9.98594E-05 9.98594E-05 9.98594E-05 9.98594E-05 9.98594E-05 9.98594E-05 9.98594E-05 9.98594E-05 9.98594E-05 9.98594E-05 9.98594E-05 9.98594E-05 9.98594E-05 9.98594E-05 9.98594E-05 0.998402 9.98594E-05
9.98593E-05 9.98593E-05 9.98593E-05 9.98593E-05 0.998402 9.98593E-05 9.98593E-05 9.98593E-05 9.98593E-05 9.98593E-05 9.98593E-05 9.98593E-05 9.98593E-05 9.98593E-05 9.98593E-05 9.98593E-05 9.98593E-05
9.98593E-05 9.98593E-05 9.98593E-05 9.98593E-05 9.98593E-05 9.98593E-05 9.98593E-05 9.98593E-05 9.98593E-05 9.98593E-05 9.98593E-05 9.98593E-05 9.98593E-05 9.98593E-05 9.98593E-05 0.998402 9.98593E-05
9.98593E-05 9.98593E-05 9.98593E-05 9.98593E-05 9.98593E-05 9.98593E-05 9.98593E-05 9.98593E-05 9.98593E-05 9.98593E-05 9.98593E-05 9.98593E-05 9.98593E-05 9.98593E-05 9.98593E-05 0.998402 9.98593E-05
9.98594E-05 9.98594E-05 9.98594E-05 9.98594E-05 9.98594E-05 9.98594E-05 9.98594E-05 9.98594E-05 9.98594E-05 9.98594E-05 9.98594E-05 9.98594E-05 9.98594E-05 9.98594E-05 9.98594E-05 0.998402 9.98594E-05
9.98593E-05 9.98593E-05 9.98593E-05 9.98593E-05 0.998402 9.98593E-05 9.98593E-05 9.98593E-05 9.98593E-05 9.98593E-05 9.98593E-05 9.98593E-05 9.98593E-05 9.98593E-05 9.98593E-05 9.98593E-05 9.98593E-05
9.98593E-05 9.98593E-05 9.98593E-05 9.98593E-05 9.98593E-05 9.98593E-05 9.98593E-05 9.98593E-05 9.98593E-05 9.98593E-05 9.98593E-05 9.98593E-05 9.98593E-05 9.98593E-05 9.98593E-05 0.998402 9.98593E-05
9.98593E-05 9.98593E-05 9.98593E-05 9.98593E-05 0.998402 9.98593E-05 9.98593E-05 9.98593E-05 9.98593E-05 9.98593E-05 9.98593E-05 9.98593E-05 9.98593E-05 9.98593E-05 9.98593E-05 9.98593E-05 9.98593E-05
9.98593E-05 9.98593E-05 9.98593E-05 9.98593E-05 9.98593E-05 9.98593E-05 9.98593E-05 9.98593E-05 9.98593E-05 9.98593E-05 9.98593E-05 9.98593E-05 9.98593E-05 9.98593E-05 9.98593E-05 0.998402 9.98593E-05
9.98593E-05 9.98593E-05 9.98593E-05 9.98593E-05 9.98593E-05 9.98593E-05 9.98593E-05 9.98593E-05 9.98593E-05 9.98593E-05 9.98593E-05 9.98593E-05 9.98593E-05 9.98593E-05 9.98593E-05 0.998402 9.98593E-05
9.98593E-05 9.98593E-05 9.98593E-05 9.98593E-05 0.998402 9.98593E-05 9.98593E-05 9.98593E-05 9.98593E-05 9.98593E-05 9.98593E-05 9.98593E-05 9.98593E-05 9.98593E-05 9.98593E-05 9.98593E-05 9.98593E-05
9.98594E-05 9.98594E-05 9.98594E-05 9.98594E-05 0.998402 9.98594E-05 9.98594E-05 9.98594E-05 9.98594E-05 9.98594E-05 9.98594E-05 9.98594E-05 9.98594E-05 9.98594E-05 9.98594E-05 9.98594E-05 9.98594E-05
9.98594E-05 9.98594E-05 9.98594E-05 9.98594E-05 0.998402 9.98594E-05 9.98594E-05 9.98594E-05 9.98594E-05 9.98594E-05 9.98594E-05 9.98594E-05 9.98594E-05 9.98594E-05 9.98594E-05 9.98594E-05 9.98594E-05
9.98594E-05 9.98594E-05 9.98594E-05 9.98594E-05 9.98594E-05 9.98594E-05 9.98594E-05 9.98594E-05 9.98594E-05 9.98594E-05 9.98594E-05 9.98594E-05 9.98594E-05 9.98594E-05 9.98594E-05 0.998402 9.98594E-05
9.98593E-05 9.98593E-05 9.98593E-05 9.98593E-05 9.98593E-05 9.98593E-05 9.98593E-05 9.98593E-05 9.98593E-05 9.98593E-05 9.98593E-05 9.98593E-05 9.98593E-05 9.98593E-05 9.98593E-05 0.998402 9.98593E-05
9.98594E-05 9.98594E-05 9.98594E-05 9.98594E-05 9.98594E-05 9.98594E-05 9.98594E-05 9.98594E-05 9.98594E-05 9.98594E-05 9.98594E-05 9.98594E-05 9.98594E-05 9.98594E-05 9.98594E-05 0.998402 9.98594E-05
9.98592E-05 9.98592E-05 9.98592E-05 9.98592E-05 9.98592E-05 9.98592E-05 9.98592E-05 9.98592E-05 9.98592E-05 9.98592E-05 9.98592E-05 9.98592E-05 9.98592E-05 9.98592E-05 9.98592E-05 0.998402 9.98592E-05
9.98594E-05 9.98594E-05 9.98594E-05 9.98594E-05 9.98594E-05 9.98594E-05 9.98594E-05 9.98594E-05 9.98594E-05 9.98594E-05 9.98594E-05 9.98594E-05 9.98594E-05 9.98594E-05 9.98594E-05 0.998402 9.98594E-05
9.98594E-05 9.98594E-05 9.98594E-05 9.98594E-05 0.998402 9.98594E-05 9.98594E-05 9.98594E-05 9.98594E-05 9.98594E-05 9.98594E-05 9.98594E-05 9.98594E-05 9.98594E-05 9.98594E-05 9.98594E-05 9.98594E-05
9.98593E-05 9.98593E-05 9.98593E-05 9.98593E-05 0.998402 9.98593E-05 9.98593E-05 9.98593E-05 9.98593E-05 9.98593E-05 9.98593E-05 9.98593E-05 9.98593E-05 9.98593E-05 9.98593E-05 9.98593E-05 9.98593E-05
9.98594E-05 9.98594E-05 9.98594E-05 9.98594E-05 0.998402 9.98594E-05 9.98594E-05 9.98594E-05 9.98594E-05 9.98594E-05 9.98594E-05 9.98594E-05 9.98594E-05 9.98594E-05 9.98594E-05 9.98594E-05 9.98594E-05
9.98681E-05 9.98681E-05 9.98681E-05 9.98681E-05 0.000568761 9.98681E-05 9.98681E-05 9.98681E-05 9.98681E-05 9.98681E-05 9.98681E-05 9.98681E-05 9.98681E-05 9.98681E-05 9.98681E-05 0.997933 9.98681E-05
9.98593E-05 9.98593E-05 9.98593E-05 9.98593E-05 0.998402 9.98593E-05 9.98593E-05 9.98593E-05 9.98593E-05 9.98593E-05 9.98593E-05 9.98593E-05 9.98593E-05 9.98593E-05 9.98593E-05 9.98593E-05 9.98593E-05
9.98593E-05 9.98593E-05 9.98593E-05 9.98593E-05 0.998402 9.98593E-05 9.98593E-05 9.98593E-05 9.98593E-05 9.98593E-05 9.98593E-05 9.98593E-05 9.98593E-05 9.98593E-05 9.98593E-05 9.98593E-05 9.98593E-05
9.98593E-05 9.98593E-05 9.98593E-05 9.98593E-05 0.998402 9.98593E-05 9.98593E-05 9.98593E-05 9.98593E-05 9.98593E-05 9.98593E-05 9.98593E-05 9.98593E-05 9.98593E-05 9.98593E-05 9.98593E-05 9.98593E-05
9.98593E-05 9.98593E-05 9.98593E-05 9.98593E-05 0.998402 9.98593E-05 9.98593E-05 9.98593E-05 9.98593E-05 9.98593E-05 9.98593E-05 9.98593E-05 9.98593E-05 9.98593E-05 9.98593E-05 9.98593E-05 9.98593E-05
9.98592E-05 9.98592E-05 9.98592E-05 9.98592E-05 9.98592E-05 9.98592E-05 9.98592E-05 9.98592E-05 9.98592E-05 9.98592E-05 9.98592E-05 9.98592E-05 9.98592E-05 9.98592E-05 9.98592E-05 0.998402 9.98592E-05
9.98595E-05 9.98595E-05 9.98595E-05 9.98595E-05 0.998402 9.98595E-05 9.98595E-05 9.98595E-05 9.98595E-05 9.98595E-05 9.98595E-05 9.98595E-05 9.98595E-05 9.98595E-05 9.98595E-05 9.98595E-05 9.98595E-05
9.98593E-05 9.98593E-05 9.98593E-05 9.98593E-05 0.998402 9.98593E-05 9.98593E-05 9.98593E-05 9.98593E-05 9.98593E-05 9.98593E-05 9.98593E-05 9.98593E-05 9.98593E-05 9.98593E-05 9.98593E-05 9.98593E-05
9.99121E-05 0.0781731 9.99121E-05 0.545521 0.0791129 0.0858663 9.99121E-05 0.0103735 9.99121E-05 9.99121E-05 0.113906 9.99121E-05 9.99121E-05 9.99121E-05 9.99121E-05 0.0860478 9.99121E-05
9.98593E-05 9.98593E-05 9.98593E-05 9.98593E-05 9.98593E-05 9.98593E-05 9.98593E-05 9.98593E-05 9.98593E-05 9.98593E-05 9.98593E-05 9.98593E-05 9.98593E-05 9.98593E-05 9.98593E-05 0.998402 9.98593E-05
9.98683E-05 9.98683E-05 9.98683E-05 9.98683E-05 0.99567 9.98683E-05 9.98683E-05 9.98683E-05 9.98683E-05 9.98683E-05 9.98683E-05 9.98683E-05 9.98683E-05 9.98683E-05 9.98683E-05 0.00283199 9.98683E-05
9.98593E-05 9.98593E-05 9.98593E-05 9.98593E-05 0.998402 9.98593E-05 9.98593E-05 9.98593E-05 9.98593E-05 9.98593E-05 9.98593E-05 9.98593E-05 9.98593E-05 9.98593E-05 9.98593E-05 9.98593E-05 9.98593E-05
9.98594E-05 9.98594E-05 9.98594E-05 9.98594E-05 0.998402 9.98594E-05 9.98594E-05 9.98594E-05 9.98594E-05 9.98594E-05 9.98594E-05 9.98594E-05 9.98594E-05 9.98594E-05 9.98594E-05 9.98594E-05 9.98594E-05
9.98593E-05 9.98593E-05 9.98593E-05 9.98593E-05 0.998402 9.98593E-05 9.98593E-05 9.98593E-05 9.98593E-05 9.98593E-05 9.98593E-05 9.98593E-05 9.98593E-05 9.98593E-05 9.98593E-05 9.98593E-05 9.98593E-05
9.98592E-05 9.98592E-05 9.98592E-05 9.98592E-05 9.98592E-05 9.98592E-05 9.98592E-05 9.98592E-05 9.98592E-05 9.98592E-05 9.98592E-05 9.98592E-05 9.98592E-05 9.98592E-05 9.98592E-05 0.998402 9.98592E-05
9.98593E-05 9.98593E-05 9.98593E-05 9.98593E-05 0.998402 9.98593E-05 9.98593E-05 9.98593E-05 9.98593E-05 9.98593E-05 9.98593E-05 9.98593E-05 9.98593E-05 9.98593E-05 9.98593E-05 9.98593E-05 9.98593E-05
9.98593E-05 9.98593E-05 9.98593E-05 9.98593E-05 9.98593E-05 9.98593E-05 9.98593E-05 9.98593E-05 9.98593E-05 9.98593E-05 9.98593E-05 9.98593E-05 9.98593E-05 9.98593E-05 9.98593E-05 0.998402 9.98593E-05
9.98594E-05 9.98594E-05 9.98594E-05 9.98594E-05 0.998402 9.98594E-05 9.98594E-05 9.98594E-05 9.98594E-05 9.98594E-05 9.98594E-05 9.98594E-05 9.98594E-05 9.98594E-05 9.98594E-05 9.98594E-05 9.98594E-05
9.98593E-05 9.98593E-05 9.98593E-05 9.98593E-05 9.98593E-05 9.98593E-05 9.98593E-05 9.98593E-05 9.98593E-05 9.98593E-05 9.98593E-05 9.98593E-05 9.98593E-05 9.98593E-05 9.98593E-05 0.998402 9.98593E-05
9.98593E-05 9.98593E-05 9.98593E-05 9.98593E-05 0.998402 9.98593E-05 9.98593E-05 9.98593E-05 9.98593E-05 9.98593E-05 9.98593E-05 9.98593E-05 9.98593E-05 9.98593E-05 9.98593E-05 9.98593E-05 9.98593E-05
