9.99473E-05 9.99473E-05 0.234917 0.416304 0.0791128 9.99473E-05 9.99473E-05 0.0899707 9.99473E-05 0.0362243 9.99473E-05 0.142872
9.99386E-05 9.99386E-05 0.0758639 0.750385 0.141492 9.99386E-05 9.99386E-05 0.0101981 9.99386E-05 9.99386E-05 9.99386E-05 0.021361
0.0766763 9.99298E-05 9.99298E-05 0.882779 9.99298E-05 9.99298E-05 9.99298E-05 0.0185821 9.99298E-05 9.99298E-05 9.99298E-05 0.0211628
0.132552 9.99561E-05 0.0812176 0.314208 9.99561E-05 0.363613 9.99561E-05 0.0508683 0.0212613 9.99561E-05 9.99561E-05 0.0357798
9.9921E-05 9.9921E-05 9.9921E-05 0.836839 0.0141631 0.148098 9.9921E-05 9.9921E-05 9.9921E-05 9.9921E-05 9.9921E-05 9.9921E-05
0.211887 9.99473E-05 0.125127 0.266874 0.0536612 0.256083 9.99473E-05 9.99473E-05 9.99473E-05 9.99473E-05 0.0857682 9.99473E-05
9.995E-05 9.995E-05 0.211554 0.277231 0.110167 0.153221 0.0846282 0.136726 9.995E-05 9.995E-05 9.995E-05 0.025973
9.99561E-05 9.99561E-05 0.271959 0.207277 9.99561E-05 0.258754 0.0692772 0.0150296 9.99561E-05 0.0268232 0.15038 9.99561E-05
0.0266008 9.99649E-05 0.0966057 0.250138 0.0473523 0.0778022 9.99649E-05 9.99649E-05 0.0532344 9.99649E-05 0.226879 0.220988
9.99122E-05 9.99122E-05 9.99122E-05 0.91773 9.99122E-05 9.99122E-05 9.99122E-05 9.99122E-05 9.99122E-05 9.99122E-05 9.99122E-05 0.0812713
9.99385E-05 9.99385E-05 0.0864988 0.551904 9.99385E-05 9.99385E-05 9.99385E-05 0.175559 0.00714381 9.99385E-05 9.99385E-05 0.178195
9.99123E-05 9.99123E-05 9.99123E-05 0.920441 9.99123E-05 0.0785595 9.99123E-05 9.99123E-05 9.99123E-05 9.99123E-05 9.99123E-05 9.99123E-05
0.0159743 9.99474E-05 0.0180785 0.818537 9.99474E-05 9.99474E-05 9.99474E-05 0.044518 9.99474E-05 9.99474E-05 0.0397452 0.0625474
0.107612 0.0364651 9.99474E-05 0.71408 9.99474E-05 9.99474E-05 0.030756 0.052314 9.99474E-05 9.99474E-05 9.99474E-05 0.0581726
0.13825 9.99561E-05 0.15976 0.340899 9.99561E-05 0.0706135 9.99561E-05 9.99561E-05 0.0112156 9.99561E-05 0.135503 0.14326
0.00243178 9.99649E-05 0.181216 0.227035 9.99649E-05 9.99649E-05 0.137633 0.0568459 9.99649E-05 0.0335566 0.216422 0.144459
9.99561E-05 0.11913 9.99561E-05 0.587123 0.065201 0.114496 0.0463911 9.99561E-05 9.99561E-05 0.0317455 9.99561E-05 0.0354136
9.99474E-05 9.99474E-05 0.379651 0.150238 9.99474E-05 9.99474E-05 9.99474E-05 9.99474E-05 0.110561 0.156103 0.0770398 0.125808
9.99648E-05 9.99648E-05 0.136227 0.394936 9.99648E-05 0.034327 9.99648E-05 0.0147828 0.00110604 0.0381158 0.207029 0.173077
9.99123E-05 9.99123E-05 9.99123E-05 0.975005 9.99123E-05 9.99123E-05 9.99123E-05 9.99123E-05 0.0239958 9.99123E-05 9.99123E-05 9.99123E-05
9.99561E-05 9.99561E-05 9.99561E-05 0.4629 9.99561E-05 0.266029 0.0354706 0.0994629 0.0185695 9.99561E-05 0.0799897 0.0370785
0.0271847 9.99386E-05 0.320207 0.227109 9.99386E-05 0.268661 9.99386E-05 9.99386E-05 9.99386E-05 9.99386E-05 0.156139 9.99386E-05
0.0503923 9.99386E-05 0.0504236 0.70377 9.99386E-05 9.99386E-05 9.99386E-05 0.0664904 9.99386E-05 9.99386E-05 9.99386E-05 0.128224
9.9921E-05 9.9921E-05 0.370299 0.361213 9.9921E-05 9.9921E-05 9.9921E-05 9.9921E-05 9.9921E-05 9.9921E-05 9.9921E-05 0.267588
0.141011 9.99561E-05 0.000933711 0.330113 9.99561E-05 9.99561E-05 9.99561E-05 0.0149822 0.183204 9.99561E-05 0.0747339 0.254521
0.0537474 9.99473E-05 0.0234007 0.743317 9.99473E-05 0.0418895 9.99473E-05 9.99473E-05 9.99473E-05 9.99473E-05 0.0153979 0.121648
0.270843 9.99473E-05 0.448332 0.0164783 9.99473E-05 0.0476299 9.99473E-05 9.99473E-05 9.99473E-05 0.0841552 9.99473E-05 0.131963
9.99298E-05 9.99298E-05 9.99298E-05 0.784491 9.99298E-05 0.143186 9.99298E-05 0.0148591 9.99298E-05 9.99298E-05 9.99298E-05 0.0566643
0.0899375 9.99385E-05 0.107078 0.605214 9.99385E-05 9.99385E-05 9.99385E-05 9.99385E-05 0.0498574 9.99385E-05 9.99385E-05 0.147213
0.0264663 9.99298E-05 9.99298E-05 0.849135 9.99298E-05 9.99298E-05 9.99298E-05 9.99298E-05 9.99298E-05 9.99298E-05 0.0480108 0.0755882
9.99385E-05 9.99385E-05 0.206602 0.623599 9.99385E-05 9.99385E-05 9.99385E-05 0.122712 9.99385E-05 9.99385E-05 0.0162577 0.0301296
0.29641 9.99386E-05 0.0126791 0.560905 9.99386E-05 9.99386E-05 9.99386E-05 0.0386927 9.99386E-05 9.99386E-05 9.99386E-05 0.0906128
0.0526174 9.99473E-05 0.113014 0.532206 9.99473E-05 9.99473E-05 0.0321628 0.144774 9.99473E-05 9.99473E-05 9.99473E-05 0.124626
0.184235 0.00661488 0.0623858 0.494729 9.99649E-05 0.00784136 0.0701075 9.99649E-05 9.99649E-05 0.00583527 9.99649E-05 0.167852
9.99386E-05 9.99386E-05 9.99386E-05 0.906726 9.99386E-05 9.99386E-05 9.99386E-05 0.0490379 0.0186283 9.99386E-05 0.0100208 0.014887
9.99561E-05 9.99561E-05 0.0798865 0.738486 0.0428533 0.0414743 9.99561E-05 0.060159 9.99561E-05 9.99561E-05 0.0140113 0.0226301
9.99298E-05 9.99298E-05 9.99298E-05 0.847754 0.0136188 9.99298E-05 0.114612 0.0232154 9.99298E-05 9.99298E-05 9.99298E-05 9.99298E-05
9.99386E-05 9.99386E-05 9.99386E-05 0.568516 0.0423891 9.99386E-05 9.99386E-05 9.99386E-05 0.140719 9.99386E-05 0.164028 0.0836486
0.0595461 0.00140494 9.99561E-05 0.577467 0.0888263 0.0258441 9.99561E-05 0.0896128 9.99561E-05 9.99561E-05 9.99561E-05 0.156799
0.211769 9.99298E-05 9.99298E-05 0.455963 9.99298E-05 9.99298E-05 0.119045 9.99298E-05 9.99298E-05 9.99298E-05 9.99298E-05 0.212423
9.99473E-05 9.99473E-05 0.0483284 0.816294 9.99473E-05 0.0215356 9.99473E-05 0.0286571 9.99473E-05 9.99473E-05 0.030215 0.0543707
9.99298E-05 9.99298E-05 0.346274 0.599566 9.99298E-05 9.99298E-05 9.99298E-05 9.99298E-05 9.99298E-05 9.99298E-05 0.00551006 0.0478502
9.99298E-05 0.0418099 0.21057 0.716545 0.0302757 9.99298E-05 9.99298E-05 9.99298E-05 9.99298E-05 9.99298E-05 9.99298E-05 9.99298E-05
9.99298E-05 9.99298E-05 0.223397 0.417591 9.99298E-05 9.99298E-05 9.99298E-05 9.99298E-05 9.99298E-05 9.99298E-05 0.0962641 0.261948
9.99298E-05 9.99298E-05 0.248874 0.280094 9.99298E-05 0.249146 9.99298E-05 9.99298E-05 9.99298E-05 9.99298E-05 9.99298E-05 0.221087
9.99385E-05 9.99385E-05 0.0222472 0.834767 9.99385E-05 0.0325654 9.99385E-05 9.99385E-05 0.0592058 9.99385E-05 9.99385E-05 0.0505151
9.99298E-05 9.99298E-05 9.99298E-05 0.764095 9.99298E-05 9.99298E-05 9.99298E-05 9.99298E-05 9.99298E-05 0.113682 0.0256297 0.0957936
9.99035E-05 9.99035E-05 9.99035E-05 0.998901 9.99035E-05 9.99035E-05 9.99035E-05 9.99035E-05 9.99035E-05 9.99035E-05 9.99035E-05 9.99035E-05
9.99385E-05 9.99385E-05 0.0596448 0.64616 9.99385E-05 0.154094 9.99385E-05 0.0387996 9.99385E-05 9.99385E-05 9.99385E-05 0.100601
9.99387E-05 9.99387E-05 9.99387E-05 0.741381 0.0386025 0.106521 0.0956492 9.99387E-05 9.99387E-05 9.99387E-05 9.99387E-05 0.0171464
0.178617 9.99561E-05 0.0621226 0.308693 9.99561E-05 0.0712899 9.99561E-05 0.122207 9.99561E-05 9.99561E-05 0.0385741 0.217997
9.99473E-05 9.99473E-05 0.113801 0.627148 9.99473E-05 0.228561 0.00380063 9.99473E-05 9.99473E-05 0.0214546 0.00463531 9.99473E-05
0.0314405 9.99298E-05 9.99298E-05 0.861009 0.00157588 9.99298E-05 9.99298E-05 9.99298E-05 9.99298E-05 0.105175 9.99298E-05 9.99298E-05
0.0649787 9.99386E-05 9.99386E-05 0.646072 9.99386E-05 9.99386E-05 0.186145 9.99386E-05 9.99386E-05 9.99386E-05 0.0174868 0.0846177
9.99298E-05 9.99298E-05 9.99298E-05 0.805064 9.99298E-05 0.0519781 0.0238933 9.99298E-05 9.99298E-05 9.99298E-05 9.99298E-05 0.118265
0.0795469 9.99299E-05 9.99299E-05 0.744898 9.99299E-05 9.99299E-05 9.99299E-05 0.0924926 0.0822628 9.99299E-05 9.99299E-05 9.99299E-05
9.99473E-05 9.99473E-05 9.99473E-05 0.715488 0.0594419 0.0847403 9.99473E-05 0.0297633 9.99473E-05 0.083544 9.99473E-05 0.0264225
9.99298E-05 9.99298E-05 9.99298E-05 0.827928 9.99298E-05 0.0434538 9.99298E-05 0.0590073 9.99298E-05 9.99298E-05 9.99298E-05 0.0688118
9.99473E-05 9.99473E-05 9.99473E-05 0.921068 0.0140452 0.00163167 9.99473E-05 0.0332625 9.99473E-05 9.99473E-05 0.00313489 0.0262578
9.99386E-05 9.99386E-05 0.544344 9.99386E-05 0.170897 9.99386E-05 9.99386E-05 9.99386E-05 9.99386E-05 0.021504 0.0293363 0.233219
9.99212E-05 9.99212E-05 0.811327 0.0860894 0.101684 9.99212E-05 9.99212E-05 9.99212E-05 9.99212E-05 9.99212E-05 9.99212E-05 9.99212E-05
9.99561E-05 0.231197 0.435378 0.0507211 0.097703 9.99561E-05 0.038154 9.99561E-05 9.99561E-05 0.105356 9.99561E-05 0.0409916
0.270486 9.99474E-05 0.10044 9.99474E-05 0.423976 9.99474E-05 9.99474E-05 9.99474E-05 9.99474E-05 0.0468728 0.0879258 0.0697001
9.99473E-05 9.99473E-05 0.590007 9.99473E-05 0.00147641 0.100501 9.99473E-05 9.99473E-05 9.99473E-05 0.0728908 0.083243 0.151282
0.0828041 9.99385E-05 0.652385 9.99385E-05 0.0125288 9.99385E-05 9.99385E-05 9.99385E-05 9.99385E-05 9.99385E-05 0.0196771 0.231906
0.0512013 9.99473E-05 0.182695 9.99473E-05 0.439222 9.99473E-05 9.99473E-05 9.99473E-05 0.0573721 0.0525108 9.99473E-05 0.2164
0.179926 9.99473E-05 0.311289 9.99473E-05 0.151418 9.99473E-05 9.99473E-05 9.99473E-05 9.99473E-05 0.175231 0.0111803 0.170355
9.99386E-05 0.0535235 0.63932 9.99386E-05 0.126879 9.99386E-05 9.99386E-05 9.99386E-05 9.99386E-05 0.0663814 9.99386E-05 0.113197
9.99473E-05 0.0293457 0.690249 9.99473E-05 0.117126 9.99473E-05 9.99473E-05 0.0426786 9.99473E-05 9.99473E-05 0.0583642 0.0616369
9.99385E-05 9.99385E-05 0.331791 9.99385E-05 9.99385E-05 9.99385E-05 9.99385E-05 0.194919 9.99385E-05 0.0448771 0.0516756 0.376037
9.99561E-05 9.99561E-05 0.446079 9.99561E-05 0.151856 0.0706279 0.205218 0.0295035 9.99561E-05 9.99561E-05 0.00182548 0.0943898
0.206423 9.99561E-05 0.380789 9.99561E-05 9.99561E-05 0.0469325 0.0290126 0.117944 9.99561E-05 9.99561E-05 0.147048 0.0713509
0.0179019 9.99473E-05 0.555511 9.99473E-05 0.142202 0.00897943 0.00367133 9.99473E-05 9.99473E-05 9.99473E-05 9.99473E-05 0.271135
0.130477 9.99474E-05 0.675266 0.0899623 9.99474E-05 9.99474E-05 0.0065317 9.99474E-05 9.99474E-05 0.0360229 9.99474E-05 0.0611402
9.99474E-05 0.055623 0.542966 9.99474E-05 0.100755 9.99474E-05 9.99474E-05 0.0990984 9.99474E-05 9.99474E-05 0.0418989 0.159059
0.222687 9.99561E-05 0.491802 9.99561E-05 0.002973 0.0431149 0.0419105 9.99561E-05 9.99561E-05 0.0929003 9.99561E-05 0.104113
9.99297E-05 9.99297E-05 0.755943 9.99297E-05 9.99297E-05 9.99297E-05 9.99297E-05 0.126457 9.99297E-05 0.0484104 0.0683907 9.99297E-05
9.99474E-05 9.99474E-05 0.577565 0.0415429 0.0440431 9.99474E-05 9.99474E-05 9.99474E-05 9.99474E-05 0.17457 0.00497084 0.156708
0.0624258 9.99648E-05 0.445661 9.99648E-05 0.0105965 0.000170525 9.99648E-05 0.0535367 0.0546105 0.089984 9.99648E-05 0.282615
9.99387E-05 0.254267 0.599475 9.99387E-05 0.0133595 9.99387E-05 9.99387E-05 9.99387E-05 9.99387E-05 0.0224029 9.99387E-05 0.109797
0.0250228 9.99297E-05 0.820906 9.99297E-05 0.0310364 9.99297E-05 9.99297E-05 9.99297E-05 9.99297E-05 9.99297E-05 9.99297E-05 0.122235
0.258368 9.99474E-05 0.425471 0.111697 0.11857 9.99474E-05 9.99474E-05 9.99474E-05 9.99474E-05 0.0203723 9.99474E-05 0.0649223
0.192552 9.99561E-05 0.475549 0.0191592 9.99561E-05 0.0990182 9.99561E-05 9.99561E-05 9.99561E-05 0.129386 0.0132706 0.0705656
9.99385E-05 0.0132696 0.647068 0.0265383 9.99385E-05 9.99385E-05 9.99385E-05 0.186138 9.99385E-05 9.99385E-05 9.99385E-05 0.126286
9.99562E-05 0.0738516 0.542041 0.125315 0.182248 9.99562E-05 9.99562E-05 9.99562E-05 0.0173315 9.99562E-05 0.0151141 0.0435985
9.99386E-05 0.109928 0.777933 0.0257247 9.99386E-05 9.99386E-05 9.99386E-05 9.99386E-05 9.99386E-05 0.0626664 9.99386E-05 0.0230484
9.99299E-05 0.0458909 0.698812 9.99299E-05 0.130326 9.99299E-05 9.99299E-05 9.99299E-05 9.99299E-05 9.99299E-05 9.99299E-05 0.124172
0.0813308 9.99562E-05 0.623536 0.0658417 0.034238 9.99562E-05 9.99562E-05 9.99562E-05 9.99562E-05 0.118057 0.02244 0.0540567
9.995E-05 0.243672 0.327322 9.995E-05 0.0371338 9.995E-05 9.995E-05 9.995E-05 0.0184151 0.027817 0.093463 0.251678
0.828954 9.9921E-05 9.9921E-05 9.9921E-05 9.9921E-05 9.9921E-05 9.9921E-05 9.9921E-05 9.9921E-05 9.9921E-05 0.0790381 0.0911082
0.50571 0.418362 9.99298E-05 9.99298E-05 9.99298E-05 9.99298E-05 9.99298E-05 9.99298E-05 9.99298E-05 9.99298E-05 0.0258667 0.0492627
0.865804 9.99297E-05 9.99297E-05 9.99297E-05 9.99297E-05 9.99297E-05 9.99297E-05 0.0276181 9.99297E-05 0.0133474 9.99297E-05 0.0924311
0.834831 9.99208E-05 9.99208E-05 9.99208E-05 9.99208E-05 9.99208E-05 9.99208E-05 9.99208E-05 9.99208E-05 9.99208E-05 0.0380606 0.12621
0.889751 9.99297E-05 9.99297E-05 9.99297E-05 9.99297E-05 9.99297E-05 0.00552475 9.99297E-05 9.99297E-05 0.0471136 0.0568112 9.99297E-05
0.651852 9.99297E-05 9.99297E-05 9.99297E-05 0.0390608 9.99297E-05 9.99297E-05 9.99297E-05 9.99297E-05 9.99297E-05 0.10965 0.198637
0.76826 9.99385E-05 9.99385E-05 9.99385E-05 9.99385E-05 9.99385E-05 9.99385E-05 0.0176605 9.99385E-05 0.0164511 0.101226 0.0957032
0.759807 9.99209E-05 9.99209E-05 9.99209E-05 9.99209E-05 9.99209E-05 9.99209E-05 9.99209E-05 9.99209E-05 9.99209E-05 0.209961 0.0293326
0.367072 9.99472E-05 0.0151275 9.99472E-05 0.247698 9.99472E-05 9.99472E-05 0.046956 9.99472E-05 9.99472E-05 0.297806 0.0247412
0.522221 9.9921E-05 9.9921E-05 9.9921E-05 9.9921E-05 9.9921E-05 9.9921E-05 9.9921E-05 9.9921E-05 9.9921E-05 0.216773 0.260107
0.595938 0.155259 9.99298E-05 9.99298E-05 0.242885 9.99298E-05 9.99298E-05 9.99298E-05 9.99298E-05 9.99298E-05 0.00511775 9.99298E-05
0.791416 9.99298E-05 9.99298E-05 9.99298E-05 0.177953 9.99298E-05 9.99298E-05 0.022249 9.99298E-05 9.99298E-05 9.99298E-05 0.00758328
0.945322 0.00769459 9.99211E-05 9.99211E-05 9.99211E-05 9.99211E-05 9.99211E-05 9.99211E-05 9.99211E-05 9.99211E-05 0.046084 9.99211E-05
0.630222 0.0219446 9.99386E-05 9.99386E-05 0.000846127 9.99386E-05 9.99386E-05 9.99386E-05 9.99386E-05 9.99386E-05 0.0864616 0.259826
0.695661 0.0141638 9.99561E-05 9.99561E-05 0.0421446 9.99561E-05 0.0378748 0.0234725 9.99561E-05 0.160656 0.0255279 9.99561E-05
0.74104 9.99385E-05 9.99385E-05 9.99385E-05 0.0114073 9.99385E-05 9.99385E-05 0.0382636 9.99385E-05 9.99385E-05 0.0239973 0.184592
0.625917 9.99385E-05 9.99385E-05 9.99385E-05 0.19176 9.99385E-05 9.99385E-05 9.99385E-05 0.0249958 9.99385E-05 0.0335509 0.123077
0.721077 9.99387E-05 0.0520474 9.99387E-05 9.99387E-05 9.99387E-05 0.00347768 0.0682443 9.99387E-05 9.99387E-05 0.154454 9.99387E-05
0.94146 9.9921E-05 9.9921E-05 9.9921E-05 0.0287611 9.9921E-05 9.9921E-05 0.0288795 9.9921E-05 9.9921E-05 9.9921E-05 9.9921E-05
0.527199 0.162193 9.99386E-05 9.99386E-05 9.99386E-05 9.99386E-05 9.99386E-05 9.99386E-05 0.128618 9.99386E-05 0.0799158 0.101375
0.763789 9.99305E-05 9.99305E-05 9.99305E-05 0.116642 9.99305E-05 9.99305E-05 9.99305E-05 9.99305E-05 9.99305E-05 0.0334878 0.0852825
0.915995 9.99297E-05 9.99297E-05 9.99297E-05 9.99297E-05 9.99297E-05 9.99297E-05 0.0224168 9.99297E-05 0.00745914 9.99297E-05 0.0533295
0.450149 9.99473E-05 9.99473E-05 9.99473E-05 0.046381 0.00849939 9.99473E-05 9.99473E-05 0.020523 9.99473E-05 0.202384 0.271464
0.712117 0.0720257 9.99298E-05 9.99298E-05 9.99298E-05 9.99298E-05 9.99298E-05 9.99298E-05 9.99298E-05 9.99298E-05 0.208048 0.00700988
0.482318 9.99385E-05 9.99385E-05 9.99385E-05 0.0953514 9.99385E-05 9.99385E-05 9.99385E-05 0.0455484 9.99385E-05 0.16002 0.216063
0.425997 0.187696 9.99474E-05 9.99474E-05 0.0436273 9.99474E-05 9.99474E-05 9.99474E-05 9.99474E-05 0.0327239 0.180027 0.129329
0.264266 0.563781 9.99473E-05 9.99473E-05 9.99473E-05 0.00656229 0.00183014 9.99473E-05 0.0986636 9.99473E-05 9.99473E-05 0.0642977
0.834266 9.99208E-05 9.99208E-05 9.99208E-05 9.99208E-05 9.99208E-05 9.99208E-05 9.99208E-05 9.99208E-05 9.99208E-05 0.0394104 0.125424
0.535193 9.9921E-05 9.9921E-05 9.9921E-05 9.9921E-05 9.9921E-05 9.9921E-05 9.9921E-05 9.9921E-05 9.9921E-05 0.270136 0.193771
0.780752 9.99298E-05 9.99298E-05 9.99298E-05 9.99298E-05 9.99298E-05 9.99298E-05 0.0849531 0.0102558 9.99298E-05 9.99298E-05 0.12324
0.763691 9.99298E-05 9.99298E-05 9.99298E-05 9.99298E-05 9.99298E-05 9.99298E-05 0.0719092 9.99298E-05 9.99298E-05 0.0289041 0.134696
0.887295 9.99297E-05 9.99297E-05 9.99297E-05 9.99297E-05 9.99297E-05 0.0125664 9.99297E-05 0.0398285 9.99297E-05 9.99297E-05 0.0595105
0.459589 9.99472E-05 9.99472E-05 9.99472E-05 9.99472E-05 9.99472E-05 0.00360621 0.0292711 0.136719 9.99472E-05 0.266309 0.103905
0.886286 9.99297E-05 0.0115469 9.99297E-05 9.99297E-05 9.99297E-05 9.99297E-05 9.99297E-05 9.99297E-05 9.99297E-05 0.030365 0.0710028
0.97089 9.99122E-05 9.99122E-05 9.99122E-05 9.99122E-05 9.99122E-05 9.99122E-05 9.99122E-05 9.99122E-05 9.99122E-05 9.99122E-05 0.0281105
0.834135 0.00237463 9.99298E-05 9.99298E-05 9.99298E-05 9.99298E-05 9.99298E-05 0.0561189 9.99298E-05 9.99298E-05 0.106572 9.99298E-05
0.687443 9.99384E-05 9.99384E-05 9.99384E-05 9.99384E-05 9.99384E-05 9.99384E-05 0.0316084 9.99384E-05 0.0334143 0.0373444 0.20949
0.401886 0.516017 9.99209E-05 9.99209E-05 9.99209E-05 9.99209E-05 9.99209E-05 9.99209E-05 9.99209E-05 9.99209E-05 0.0811971 9.99209E-05
0.803591 0.0761343 9.99386E-05 9.99386E-05 9.99386E-05 9.99386E-05 9.99386E-05 9.99386E-05 0.0482125 9.99386E-05 0.0208597 0.0505029
0.787494 0.208556 9.99211E-05 9.99211E-05 9.99211E-05 9.99211E-05 9.99211E-05 0.00304996 9.99211E-05 9.99211E-05 9.99211E-05 9.99211E-05
0.379516 0.391047 9.99386E-05 9.99386E-05 0.0873447 9.99386E-05 9.99386E-05 9.99386E-05 0.0955846 9.99386E-05 0.0458089 9.99386E-05
0.518844 9.99297E-05 9.99297E-05 9.99297E-05 0.0906549 9.99297E-05 9.99297E-05 9.99297E-05 9.99297E-05 9.99297E-05 0.0858298 0.303872
0.844996 9.99298E-05 0.00370253 9.99298E-05 9.99298E-05 0.0294876 9.99298E-05 9.99298E-05 9.99298E-05 9.99298E-05 0.121015 9.99298E-05
0.270874 0.490474 9.99385E-05 9.99385E-05 9.99385E-05 9.99385E-05 9.99385E-05 9.99385E-05 0.0557794 9.99385E-05 0.0912176 0.0909548
0.530497 0.401095 9.9921E-05 9.9921E-05 9.9921E-05 9.9921E-05 9.9921E-05 9.9921E-05 9.9921E-05 9.9921E-05 9.9921E-05 0.0675086
0.488456 9.99297E-05 9.99297E-05 9.99297E-05 0.227183 9.99297E-05 9.99297E-05 9.99297E-05 0.126475 9.99297E-05 0.157086 9.99297E-05
0.607686 0.0494506 0.0743896 9.99474E-05 9.99474E-05 9.99474E-05 9.99474E-05 9.99474E-05 9.99474E-05 0.0179796 0.102495 0.1474
0.583561 9.99386E-05 9.99386E-05 9.99386E-05 0.141881 9.99386E-05 0.0969718 9.99386E-05 9.99386E-05 9.99386E-05 0.138487 0.0383995
0.443651 9.99386E-05 0.060315 9.99386E-05 9.99386E-05 9.99386E-05 9.99386E-05 0.0102602 9.99386E-05 9.99386E-05 0.303694 0.181379
0.616108 0.381017 9.9921E-05 9.9921E-05 9.9921E-05 9.9921E-05 9.9921E-05 9.9921E-05 9.9921E-05 9.9921E-05 9.9921E-05 0.00197637
0.638423 9.99473E-05 0.0390936 9.99473E-05 9.99473E-05 0.188269 0.0126437 0.0288671 9.99473E-05 9.99473E-05 9.99473E-05 0.0921036
0.29499 0.525507 9.99473E-05 9.99473E-05 0.021818 9.99473E-05 9.99473E-05 0.0359703 9.99473E-05 9.99473E-05 0.120219 0.000896362
0.697482 0.0866349 9.99386E-05 9.99386E-05 9.99386E-05 9.99386E-05 9.99386E-05 0.0630463 9.99386E-05 9.99386E-05 0.105436 0.0467009
0.940186 9.9921E-05 9.9921E-05 9.9921E-05 9.9921E-05 9.9921E-05 0.0127423 9.9921E-05 9.9921E-05 9.9921E-05 0.0461721 9.9921E-05
0.965311 9.99297E-05 9.99297E-05 9.99297E-05 9.99297E-05 9.99297E-05 9.99297E-05 0.00942098 9.99297E-05 0.0152213 9.99297E-05 0.00924694
0.583856 9.99297E-05 9.99297E-05 9.99297E-05 0.0908383 9.99297E-05 9.99297E-05 9.99297E-05 9.99297E-05 9.99297E-05 0.120072 0.204434
0.67917 9.99209E-05 9.99209E-05 9.99209E-05 9.99209E-05 9.99209E-05 9.99209E-05 9.99209E-05 9.99209E-05 9.99209E-05 0.201269 0.118661
0.875026 9.99385E-05 9.99385E-05 9.99385E-05 9.99385E-05 9.99385E-05 0.0229395 0.0432067 9.99385E-05 9.99385E-05 0.0479824 0.0101462
0.848352 9.9921E-05 9.9921E-05 9.9921E-05 9.9921E-05 9.9921E-05 9.9921E-05 9.9921E-05 0.117813 9.9921E-05 9.9921E-05 0.0329355
0.743993 0.0840721 9.99298E-05 9.99298E-05 0.0281113 9.99298E-05 9.99298E-05 9.99298E-05 9.99298E-05 9.99298E-05 0.143024 9.99298E-05
9.99032E-05 9.99032E-05 9.99032E-05 9.99032E-05 9.99032E-05 9.99032E-05 9.99032E-05 9.99032E-05 9.99032E-05 9.99032E-05 9.99032E-05 0.998901
9.99032E-05 9.99032E-05 9.99032E-05 9.99032E-05 9.99032E-05 9.99032E-05 9.99032E-05 9.99032E-05 9.99032E-05 9.99032E-05 0.998901 9.99032E-05
9.99033E-05 9.99033E-05 9.99033E-05 9.99033E-05 9.99033E-05 9.99033E-05 9.99033E-05 9.99033E-05 9.99033E-05 9.99033E-05 9.99033E-05 0.998901
9.99033E-05 9.99033E-05 9.99033E-05 9.99033E-05 9.99033E-05 9.99033E-05 9.99033E-05 9.99033E-05 9.99033E-05 9.99033E-05 0.998901 9.99033E-05
9.99033E-05 9.99033E-05 9.99033E-05 9.99033E-05 9.99033E-05 9.99033E-05 9.99033E-05 9.99033E-05 9.99033E-05 9.99033E-05 0.998901 9.99033E-05
9.99033E-05 9.99033E-05 9.99033E-05 9.99033E-05 9.99033E-05 9.99033E-05 9.99033E-05 9.99033E-05 9.99033E-05 9.99033E-05 0.998901 9.99033E-05
9.99033E-05 9.99033E-05 9.99033E-05 9.99033E-05 9.99033E-05 9.99033E-05 9.99033E-05 9.99033E-05 9.99033E-05 9.99033E-05 9.99033E-05 0.998901
9.99032E-05 9.99032E-05 9.99032E-05 9.99032E-05 9.99032E-05 9.99032E-05 9.99032E-05 9.99032E-05 9.99032E-05 9.99032E-05 0.998901 9.99032E-05
9.99032E-05 9.99032E-05 9.99032E-05 9.99032E-05 9.99032E-05 9.99032E-05 9.99032E-05 9.99032E-05 9.99032E-05 9.99032E-05 0.998901 9.99032E-05
9.99032E-05 9.99032E-05 9.99032E-05 9.99032E-05 9.99032E-05 9.99032E-05 9.99032E-05 9.99032E-05 9.99032E-05 9.99032E-05 9.99032E-05 0.998901
9.99032E-05 9.99032E-05 9.99032E-05 9.99032E-05 9.99032E-05 9.99032E-05 9.99032E-05 9.99032E-05 9.99032E-05 9.99032E-05 9.99032E-05 0.998901
9.99032E-05 9.99032E-05 9.99032E-05 9.99032E-05 9.99032E-05 9.99032E-05 9.99032E-05 9.99032E-05 9.99032E-05 9.99032E-05 9.99032E-05 0.998901
9.99032E-05 9.99032E-05 9.99032E-05 9.99032E-05 9.99032E-05 9.99032E-05 9.99032E-05 9.99032E-05 9.99032E-05 9.99032E-05 0.998901 9.99032E-05
9.99032E-05 9.99032E-05 9.99032E-05 9.99032E-05 9.99032E-05 9.99032E-05 9.99032E-05 9.99032E-05 9.99032E-05 9.99032E-05 0.998901 9.99032E-05
9.99033E-05 9.99033E-05 9.99033E-05 9.99033E-05 9.99033E-05 9.99033E-05 9.99033E-05 9.99033E-05 9.99033E-05 9.99033E-05 9.99033E-05 0.998901
9.99032E-05 9.99032E-05 9.99032E-05 9.99032E-05 9.99032E-05 9.99032E-05 9.99032E-05 9.99032E-05 9.99032E-05 9.99032E-05 9.99032E-05 0.998901
0.660738 9.9956E-05 9.9956E-05 9.9956E-05 9.9956E-05 0.0610745 0.0639801 9.9956E-05 0.0774647 0.00711794 0.0664809 0.0626439
9.99032E-05 9.99032E-05 9.99032E-05 9.99032E-05 9.99032E-05 9.99032E-05 9.99032E-05 9.99032E-05 9.99032E-05 9.99032E-05 9.99032E-05 0.998901
9.99033E-05 9.99033E-05 9.99033E-05 9.99033E-05 9.99033E-05 9.99033E-05 9.99033E-05 9.99033E-05 9.99033E-05 9.99033E-05 0.998901 9.99033E-05
9.99032E-05 9.99032E-05 9.99032E-05 9.99032E-05 9.99032E-05 9.99032E-05 9.99032E-05 9.99032E-05 9.99032E-05 9.99032E-05 9.99032E-05 0.998901
9.99033E-05 9.99033E-05 9.99033E-05 9.99033E-05 9.99033E-05 9.99033E-05 9.99033E-05 9.99033E-05 9.99033E-05 9.99033E-05 9.99033E-05 0.998901
9.99032E-05 9.99032E-05 9.99032E-05 9.99032E-05 9.99032E-05 9.99032E-05 9.99032E-05 9.99032E-05 9.99032E-05 9.99032E-05 9.99032E-05 0.998901
9.99032E-05 9.99032E-05 9.99032E-05 9.99032E-05 9.99032E-05 9.99032E-05 9.99032E-05 9.99032E-05 9.99032E-05 9.99032E-05 0.998901 9.99032E-05
9.99032E-05 9.99032E-05 9.99032E-05 9.99032E-05 9.99032E-05 9.99032E-05 9.99032E-05 9.99032E-05 9.99032E-05 9.99032E-05 9.99032E-05 0.998901
9.99032E-05 9.99032E-05 9.99032E-05 9.99032E-05 9.99032E-05 9.99032E-05 9.99032E-05 9.99032E-05 9.99032E-05 9.99032E-05 0.998901 9.99032E-05
9.99032E-05 9.99032E-05 9.99032E-05 9.99032E-05 9.99032E-05 9.99032E-05 9.99032E-05 9.99032E-05 9.99032E-05 9.99032E-05 9.99032E-05 0.998901
9.99032E-05 9.99032E-05 9.99032E-05 9.99032E-05 9.99032E-05 9.99032E-05 9.99032E-05 9.99032E-05 9.99032E-05 9.99032E-05 9.99032E-05 0.998901
9.99032E-05 9.99032E-05 9.99032E-05 9.99032E-05 9.99032E-05 9.99032E-05 9.99032E-05 9.99032E-05 9.99032E-05 9.99032E-05 0.998901 9.99032E-05
9.99033E-05 9.99033E-05 9.99033E-05 9.99033E-05 9.99033E-05 9.99033E-05 9.99033E-05 9.99033E-05 9.99033E-05 9.99033E-05 0.998901 9.99033E-05
9.99033E-05 9.99033E-05 9.99033E-05 9.99033E-05 9.99033E-05 9.99033E-05 9.99033E-05 9.99033E-05 9.99033E-05 9.99033E-05 0.998901 9.99033E-05
9.99032E-05 9.99032E-05 9.99032E-05 9.99032E-05 9.99032E-05 9.99032E-05 9.99032E-05 9.99032E-05 9.99032E-05 9.99032E-05 9.99032E-05 0.998901
9.99032E-05 9.99032E-05 9.99032E-05 9.99032E-05 9.99032E-05 9.99032E-05 9.99032E-05 9.99032E-05 9.99032E-05 9.99032E-05 9.99032E-05 0.998901
9.99032E-05 9.99032E-05 9.99032E-05 9.99032E-05 9.99032E-05 9.99032E-05 9.99032E-05 9.99032E-05 9.99032E-05 9.99032E-05 9.99032E-05 0.998901
9.99032E-05 9.99032E-05 9.99032E-05 9.99032E-05 9.99032E-05 9.99032E-05 9.99032E-05 9.99032E-05 9.99032E-05 9.99032E-05 9.99032E-05 0.998901
9.99032E-05 9.99032E-05 9.99032E-05 9.99032E-05 9.99032E-05 9.99032E-05 9.99032E-05 9.99032E-05 9.99032E-05 9.99032E-05 9.99032E-05 0.998901
9.99032E-05 9.99032E-05 9.99032E-05 9.99032E-05 9.99032E-05 9.99032E-05 9.99032E-05 9.99032E-05 9.99032E-05 9.99032E-05 0.998901 9.99032E-05
9.99032E-05 9.99032E-05 9.99032E-05 9.99032E-05 9.99032E-05 9.99032E-05 9.99032E-05 9.99032E-05 9.99032E-05 9.99032E-05 0.998901 9.99032E-05
9.99032E-05 9.99032E-05 9.99032E-05 9.99032E-05 9.99032E-05 9.99032E-05 9.99032E-05 9.99032E-05 9.99032E-05 9.99032E-05 0.998901 9.99032E-05
9.99033E-05 9.99033E-05 9.99033E-05 9.99033E-05 9.99033E-05 9.99033E-05 9.99033E-05 9.99033E-05 9.99033E-05 9.99033E-05 9.99033E-05 0.998901
9.99033E-05 9.99033E-05 9.99033E-05 9.99033E-05 9.99033E-05 9.99033E-05 9.99033E-05 9.99033E-05 9.99033E-05 9.99033E-05 0.998901 9.99033E-05
9.99032E-05 9.99032E-05 9.99032E-05 9.99032E-05 9.99032E-05 9.99032E-05 9.99032E-05 9.99032E-05 9.99032E-05 9.99032E-05 0.998901 9.99032E-05
9.99033E-05 9.99033E-05 9.99033E-05 9.99033E-05 9.99033E-05 9.99033E-05 9.99033E-05 9.99033E-05 9.99033E-05 9.99033E-05 0.998901 9.99033E-05
9.99032E-05 9.99032E-05 9.99032E-05 9.99032E-05 9.99032E-05 9.99032E-05 9.99032E-05 9.99032E-05 9.99032E-05 9.99032E-05 0.998901 9.99032E-05
9.99032E-05 9.99032E-05 9.99032E-05 9.99032E-05 9.99032E-05 9.99032E-05 9.99032E-05 9.99032E-05 9.99032E-05 9.99032E-05 9.99032E-05 0.998901
9.99032E-05 9.99032E-05 9.99032E-05 9.99032E-05 9.99032E-05 9.99032E-05 9.99032E-05 9.99032E-05 9.99032E-05 9.99032E-05 0.998901 9.99032E-05
9.99032E-05 9.99032E-05 9.99032E-05 9.99032E-05 9.99032E-05 9.99032E-05 9.99032E-05 9.99032E-05 9.99032E-05 9.99032E-05 0.998901 9.99032E-05
0.598142 9.99385E-05 9.99385E-05 9.99385E-05 9.99385E-05 0.164033 0.095351 9.99385E-05 9.99385E-05 0.0310606 9.99385E-05 0.110714
9.99032E-05 9.99032E-05 9.99032E-05 9.99032E-05 9.99032E-05 9.99032E-05 9.99032E-05 9.99032E-05 9.99032E-05 9.99032E-05 9.99032E-05 0.998901
9.99032E-05 9.99032E-05 9.99032E-05 9.99032E-05 9.99032E-05 9.99032E-05 9.99032E-05 9.99032E-05 9.99032E-05 9.99032E-05 0.998901 9.99032E-05
9.99032E-05 9.99032E-05 9.99032E-05 9.99032E-05 9.99032E-05 9.99032E-05 9.99032E-05 9.99032E-05 9.99032E-05 9.99032E-05 0.998901 9.99032E-05
9.99033E-05 9.99033E-05 9.99033E-05 9.99033E-05 9.99033E-05 9.99033E-05 9.99033E-05 9.99033E-05 9.99033E-05 9.99033E-05 0.998901 9.99033E-05
9.99032E-05 9.99032E-05 9.99032E-05 9.99032E-05 9.99032E-05 9.99032E-05 9.99032E-05 9.99032E-05 9.99032E-05 9.99032E-05 0.998901 9.99032E-05
9.99033E-05 9.99033E-05 9.99033E-05 9.99033E-05 9.99033E-05 9.99033E-05 9.99033E-05 9.99033E-05 9.99033E-05 9.99033E-05 9.99033E-05 0.998901
9.99032E-05 9.99032E-05 9.99032E-05 9.99032E-05 9.99032E-05 9.99032E-05 9.99032E-05 9.99032E-05 9.99032E-05 9.99032E-05 0.998901 9.99032E-05
9.99032E-05 9.99032E-05 9.99032E-05 9.99032E-05 9.99032E-05 9.99032E-05 9.99032E-05 9.99032E-05 9.99032E-05 9.99032E-05 9.99032E-05 0.998901
9.99032E-05 9.99032E-05 9.99032E-05 9.99032E-05 9.99032E-05 9.99032E-05 9.99032E-05 9.99032E-05 9.99032E-05 9.99032E-05 0.998901 9.99032E-05
9.99033E-05 9.99033E-05 9.99033E-05 9.99033E-05 9.99033E-05 9.99033E-05 9.99033E-05 9.99033E-05 9.99033E-05 9.99033E-05 9.99033E-05 0.998901
9.99032E-05 9.99032E-05 9.99032E-05 9.99032E-05 9.99032E-05 9.99032E-05 9.99032E-05 9.99032E-05 9.99032E-05 9.99032E-05 0.998901 9.99032E-05
9.99032E-05 9.99032E-05 9.99032E-05 9.99032E-05 9.99032E-05 9.99032E-05 9.99032E-05 9.99032E-05 9.99032E-05 9.99032E-05 0.998901 9.99032E-05
9.99032E-05 9.99032E-05 9.99032E-05 9.99032E-05 9.99032E-05 9.99032E-05 9.99032E-05 9.99032E-05 9.99032E-05 9.99032E-05 0.998901 9.99032E-05
9.99032E-05 9.99032E-05 9.99032E-05 9.99032E-05 9.99032E-05 9.99032E-05 9.99032E-05 9.99032E-05 9.99032E-05 9.99032E-05 0.998901 9.99032E-05
9.99033E-05 9.99033E-05 9.99033E-05 9.99033E-05 9.99033E-05 9.99033E-05 9.99033E-05 9.99033E-05 9.99033E-05 9.99033E-05 0.998901 9.99033E-05
9.99032E-05 9.99032E-05 9.99032E-05 9.99032E-05 9.99032E-05 9.99032E-05 9.99032E-05 9.99032E-05 9.99032E-05 9.99032E-05 0.998901 9.99032E-05
9.99033E-05 9.99033E-05 9.99033E-05 9.99033E-05 9.99033E-05 9.99033E-05 9.99033E-05 9.99033E-05 9.99033E-05 9.99033E-05 9.99033E-05 0.998901
9.99032E-05 9.99032E-05 9.99032E-05 9.99032E-05 9.99032E-05 9.99032E-05 9.99032E-05 9.99032E-05 9.99032E-05 9.99032E-05 9.99032E-05 0.998901
9.99032E-05 9.99032E-05 9.99032E-05 9.99032E-05 9.99032E-05 9.99032E-05 9.99032E-05 9.99032E-05 9.99032E-05 9.99032E-05 9.99032E-05 0.998901
9.99121E-05 9.99121E-05 9.99121E-05 9.99121E-05 9.99121E-05 9.99121E-05 9.99121E-05 0.0178312 9.99121E-05 9.99121E-05 0.98117 9.99121E-05
9.99032E-05 9.99032E-05 9.99032E-05 9.99032E-05 9.99032E-05 9.99032E-05 9.99032E-05 9.99032E-05 9.99032E-05 9.99032E-05 9.99032E-05 0.998901
9.99032E-05 9.99032E-05 9.99032E-05 9.99032E-05 9.99032E-05 9.99032E-05 9.99032E-05 9.99032E-05 9.99032E-05 9.99032E-05 9.99032E-05 0.998901
9.99032E-05 9.99032E-05 9.99032E-05 9.99032E-05 9.99032E-05 9.99032E-05 9.99032E-05 9.99032E-05 9.99032E-05 9.99032E-05 9.99032E-05 0.998901
9.99032E-05 9.99032E-05 9.99032E-05 9.99032E-05 9.99032E-05 9.99032E-05 9.99032E-05 9.99032E-05 9.99032E-05 9.99032E-05 0.998901 9.99032E-05
9.99032E-05 9.99032E-05 9.99032E-05 9.99032E-05 9.99032E-05 9.99032E-05 9.99032E-05 9.99032E-05 9.99032E-05 9.99032E-05 0.998901 9.99032E-05
9.99033E-05 9.99033E-05 9.99033E-05 9.99033E-05 9.99033E-05 9.99033E-05 9.99033E-05 9.99033E-05 9.99033E-05 9.99033E-05 0.998901 9.99033E-05
9.99032E-05 9.99032E-05 9.99032E-05 9.99032E-05 9.99032E-05 9.99032E-05 9.99032E-05 9.99032E-05 9.99032E-05 9.99032E-05 9.99032E-05 0.998901
9.99033E-05 9.99033E-05 9.99033E-05 9.99033E-05 9.99033E-05 9.99033E-05 9.99033E-05 9.99033E-05 9.99033E-05 9.99033E-05 0.998901 9.99033E-05
9.99032E-05 9.99032E-05 9.99032E-05 9.99032E-05 9.99032E-05 9.99032E-05 9.99032E-05 9.99032E-05 9.99032E-05 9.99032E-05 0.998901 9.99032E-05
9.99033E-05 9.99033E-05 9.99033E-05 9.99033E-05 9.99033E-05 9.99033E-05 9.99033E-05 9.99033E-05 9.99033E-05 9.99033E-05 9.99033E-05 0.998901
9.99032E-05 9.99032E-05 9.99032E-05 9.99032E-05 9.99032E-05 9.99032E-05 9.99032E-05 9.99032E-05 9.99032E-05 9.99032E-05 0.998901 9.99032E-05
9.99032E-05 9.99032E-05 9.99032E-05 9.99032E-05 9.99032E-05 9.99032E-05 9.99032E-05 9.99032E-05 9.99032E-05 9.99032E-05 0.998901 9.99032E-05
0.454593 9.99385E-05 9.99385E-05 9.99385E-05 9.99385E-05 9.99385E-05 9.99385E-05 0.128781 9.99385E-05 0.0480823 0.0453629 0.32248
9.99032E-05 9.99032E-05 9.99032E-05 9.99032E-05 9.99032E-05 9.99032E-05 9.99032E-05 9.99032E-05 9.99032E-05 9.99032E-05 9.99032E-05 0.998901
9.99114E-05 9.99114E-05 9.99114E-05 9.99114E-05 9.99114E-05 9.99114E-05 9.99114E-05 9.99114E-05 9.99114E-05 9.99114E-05 0.998901 9.99114E-05
0.570484 9.99298E-05 9.99298E-05 9.99298E-05 9.99298E-05 9.99298E-05 0.0529719 9.99298E-05 9.99298E-05 0.0269881 0.348757 9.99298E-05
0.497963 9.99385E-05 9.99385E-05 9.99385E-05 9.99385E-05 0.170422 0.0166462 9.99385E-05 9.99385E-05 9.99385E-05 0.21564 0.0986297
0.645132 9.99297E-05 9.99297E-05 9.99297E-05 9.99297E-05 0.0068827 9.99297E-05 9.99297E-05 9.99297E-05 9.99297E-05 0.124486 0.222699
0.889287 9.99384E-05 9.99384E-05 9.99384E-05 9.99384E-05 9.99384E-05 0.00961072 9.99384E-05 0.0220292 0.0279273 9.99384E-05 0.0504459
0.59806 9.99297E-05 9.99297E-05 9.99297E-05 0.0800818 9.99297E-05 9.99297E-05 9.99297E-05 9.99297E-05 9.99297E-05 0.153686 0.167373
0.502249 0.388117 9.99299E-05 9.99299E-05 0.023704 9.99299E-05 9.99299E-05 9.99299E-05 9.99299E-05 9.99299E-05 0.0851302 9.99299E-05
0.446183 9.99297E-05 0.143381 9.99297E-05 9.99297E-05 9.99297E-05 9.99297E-05 9.99297E-05 9.99297E-05 9.99297E-05 0.264743 0.144894
0.797108 9.99385E-05 9.99385E-05 9.99385E-05 9.99385E-05 9.99385E-05 9.99385E-05 0.0509081 9.99385E-05 0.0452115 0.0917997 0.0142732
0.45988 0.272259 9.99298E-05 9.99298E-05 9.99298E-05 9.99298E-05 9.99298E-05 9.99298E-05 9.99298E-05 9.99298E-05 0.220096 0.0469653
0.768432 9.9921E-05 9.9921E-05 9.9921E-05 9.9921E-05 0.111167 9.9921E-05 9.9921E-05 9.9921E-05 9.9921E-05 9.9921E-05 0.119502
0.62128 0.10326 9.99385E-05 9.99385E-05 9.99385E-05 9.99385E-05 9.99385E-05 0.0645339 9.99385E-05 9.99385E-05 0.0355587 0.174668
0.448757 9.99122E-05 9.99122E-05 9.99122E-05 9.99122E-05 9.99122E-05 9.99122E-05 9.99122E-05 9.99122E-05 9.99122E-05 0.550244 9.99122E-05
0.436162 9.99473E-05 0.0630725 9.99473E-05 9.99473E-05 9.99473E-05 0.0403841 9.99473E-05 9.99473E-05 0.0191605 0.200881 0.23974
0.89526 9.99209E-05 9.99209E-05 9.99209E-05 9.99209E-05 9.99209E-05 9.99209E-05 9.99209E-05 0.0326586 0.0711822 9.99209E-05 9.99209E-05
0.742917 9.99297E-05 9.99297E-05 9.99297E-05 9.99297E-05 9.99297E-05 9.99297E-05 0.00367083 9.99297E-05 9.99297E-05 0.0307472 0.221865
0.488225 9.99473E-05 0.076684 9.99473E-05 0.070792 9.99473E-05 9.99473E-05 0.00438985 9.99473E-05 9.99473E-05 0.252988 0.106321
0.739373 0.0622623 9.99386E-05 9.99386E-05 0.0591422 9.99386E-05 9.99386E-05 9.99386E-05 9.99386E-05 9.99386E-05 0.0881502 0.0503726
0.563088 9.99385E-05 9.99385E-05 9.99385E-05 9.99385E-05 9.99385E-05 9.99385E-05 0.0887672 9.99385E-05 0.0411967 0.00211102 0.304138
0.70613 9.99385E-05 9.99385E-05 9.99385E-05 0.131452 9.99385E-05 9.99385E-05 0.030711 0.083282 9.99385E-05 0.047725 9.99385E-05
0.750164 9.99385E-05 9.99385E-05 9.99385E-05 9.99385E-05 9.99385E-05 9.99385E-05 9.99385E-05 0.00196501 0.00482964 0.0977313 0.144611
0.86466 9.99385E-05 9.99385E-05 9.99385E-05 0.0169269 0.0313333 9.99385E-05 9.99385E-05 9.99385E-05 9.99385E-05 0.0658284 0.0205522
0.805557 9.9921E-05 9.9921E-05 9.9921E-05 9.9921E-05 9.9921E-05 0.0195471 9.9921E-05 9.9921E-05 9.9921E-05 0.173996 9.9921E-05
0.658798 9.99297E-05 9.99297E-05 9.99297E-05 9.99297E-05 9.99297E-05 0.0962137 9.99297E-05 9.99297E-05 9.99297E-05 0.117472 0.126717
0.881186 9.99296E-05 9.99296E-05 9.99296E-05 9.99296E-05 9.99296E-05 9.99296E-05 9.99296E-05 9.99296E-05 0.0104433 0.0960729 0.0114984
0.959871 9.99209E-05 9.99209E-05 9.99209E-05 9.99209E-05 9.99209E-05 9.99209E-05 9.99209E-05 9.99209E-05 0.036768 0.00246188 9.99209E-05
0.410263 0.483138 9.9921E-05 9.9921E-05 9.9921E-05 9.9921E-05 9.9921E-05 9.9921E-05 9.9921E-05 9.9921E-05 0.1057 9.9921E-05
0.866264 9.99208E-05 9.99208E-05 9.99208E-05 9.99208E-05 0.0887492 9.99208E-05 9.99208E-05 9.99208E-05 9.99208E-05 0.0440872 9.99208E-05
0.510104 9.99298E-05 9.99298E-05 9.99298E-05 9.99298E-05 9.99298E-05 9.99298E-05 9.99298E-05 9.99298E-05 0.0222371 0.221311 0.245549
0.876644 9.993E-05 9.993E-05 9.993E-05 9.993E-05 0.0490867 0.0652939 9.993E-05 9.993E-05 0.00161351 9.993E-05 0.00666269
0.661351 9.99385E-05 9.99385E-05 9.99385E-05 9.99385E-05 9.99385E-05 9.99385E-05 9.99385E-05 0.0702624 0.0442293 0.14387 0.0795878
0.585071 9.99297E-05 9.99297E-05 9.99297E-05 0.0176559 9.99297E-05 9.99297E-05 9.99297E-05 9.99297E-05 9.99297E-05 0.309587 0.0868873
0.678626 9.99297E-05 9.99297E-05 9.99297E-05 0.0530313 9.99297E-05 9.99297E-05 9.99297E-05 9.99297E-05 9.99297E-05 0.183393 0.08415
0.539791 9.99384E-05 9.99384E-05 9.99384E-05 0.245285 9.99384E-05 9.99384E-05 9.99384E-05 9.99384E-05 0.00959512 0.129843 0.0747862
0.647509 9.99297E-05 9.99297E-05 9.99297E-05 9.99297E-05 0.0692198 9.99297E-05 9.99297E-05 9.99297E-05 9.99297E-05 0.151604 0.130868
0.711636 9.99473E-05 9.99473E-05 9.99473E-05 9.99473E-05 0.00821848 9.99473E-05 0.0320304 9.99473E-05 0.00063056 0.108904 0.137981
0.841421 9.99122E-05 9.99122E-05 9.99122E-05 9.99122E-05 9.99122E-05 9.99122E-05 9.99122E-05 9.99122E-05 9.99122E-05 9.99122E-05 0.15758
0.557611 0.44139 9.99121E-05 9.99121E-05 9.99121E-05 9.99121E-05 9.99121E-05 9.99121E-05 9.99121E-05 9.99121E-05 9.99121E-05 9.99121E-05
0.567025 9.995E-05 0.169856 9.995E-05 0.00181297 9.995E-05 0.145605 0.0117089 9.995E-05 0.0341138 9.995E-05 0.0693787
0.781855 9.99298E-05 9.99298E-05 9.99298E-05 9.99298E-05 9.99298E-05 0.0689177 0.127049 9.99298E-05 9.99298E-05 9.99298E-05 0.021379
0.656992 9.99297E-05 9.99297E-05 9.99297E-05 9.99297E-05 0.158349 9.99297E-05 9.99297E-05 9.99297E-05 9.99297E-05 0.149655 0.0342051
0.76833 9.99121E-05 9.99121E-05 9.99121E-05 9.99121E-05 9.99121E-05 9.99121E-05 9.99121E-05 9.99121E-05 9.99121E-05 9.99121E-05 0.230671
0.89213 9.99386E-05 9.99386E-05 9.99386E-05 0.0265396 0.038152 9.99386E-05 9.99386E-05 0.0258597 9.99386E-05 9.99386E-05 0.0166187
0.694567 9.99297E-05 9.99297E-05 9.99297E-05 9.99297E-05 0.0657591 9.99297E-05 9.99297E-05 9.99297E-05 9.99297E-05 0.163019 0.0758562
0.492875 9.99297E-05 9.99297E-05 9.99297E-05 0.0545495 9.99297E-05 9.99297E-05 9.99297E-05 9.99297E-05 9.99297E-05 0.439583 0.012193
0.438575 9.99473E-05 9.99473E-05 9.99473E-05 0.0113299 0.0295988 9.99473E-05 9.99473E-05 9.99473E-05 0.00384776 0.24649 0.269559
0.863772 9.99209E-05 9.99209E-05 9.99209E-05 9.99209E-05 9.99209E-05 9.99209E-05 9.99209E-05 9.99209E-05 0.000392877 0.134936 9.99209E-05
0.542055 0.452476 9.99101E-05 9.99101E-05 9.99101E-05 9.99101E-05 9.99101E-05 9.99101E-05 9.99101E-05 9.99101E-05 0.00457029 9.99101E-05
0.797787 9.99122E-05 9.99122E-05 9.99122E-05 9.99122E-05 9.99122E-05 9.99122E-05 9.99122E-05 9.99122E-05 9.99122E-05 0.201214 9.99122E-05
0.570821 0.323141 9.99561E-05 9.99561E-05 9.99561E-05 0.0426778 9.99561E-05 0.0157359 0.00896219 0.00929034 0.0288715 9.99561E-05
0.360711 9.99473E-05 9.99473E-05 9.99473E-05 0.164716 9.99473E-05 0.112594 9.99473E-05 9.99473E-05 0.00839674 0.138451 0.214532
0.568645 0.371703 9.99298E-05 9.99298E-05 0.0119955 9.99298E-05 9.99298E-05 9.99298E-05 9.99298E-05 0.0468574 9.99298E-05 9.99298E-05
0.678636 9.9921E-05 9.9921E-05 9.9921E-05 9.9921E-05 9.9921E-05 9.9921E-05 0.0480887 9.9921E-05 9.9921E-05 9.9921E-05 0.272376
0.589511 9.994E-05 0.0932289 9.994E-05 0.151059 0.00102871 9.994E-05 0.0290739 9.994E-05 9.994E-05 9.994E-05 0.135499
0.638302 9.99297E-05 9.99297E-05 9.99297E-05 0.231197 9.99297E-05 9.99297E-05 9.99297E-05 9.99297E-05 9.99297E-05 0.0950845 0.034617
0.814984 9.99209E-05 9.99209E-05 9.99209E-05 9.99209E-05 0.172182 9.99209E-05 9.99209E-05 9.99209E-05 9.99209E-05 0.0119351 9.99209E-05
0.695029 9.9921E-05 9.9921E-05 9.9921E-05 9.9921E-05 9.9921E-05 9.9921E-05 9.9921E-05 9.9921E-05 9.9921E-05 0.209655 0.0944174
0.230441 0.486509 9.994E-05 9.994E-05 0.0110103 9.994E-05 9.994E-05 0.00737745 9.994E-05 0.0577621 9.994E-05 0.2063
0.883601 0.0498361 9.99385E-05 9.99385E-05 0.00165348 9.99385E-05 9.99385E-05 0.0224347 9.99385E-05 9.99385E-05 0.0417754 9.99385E-05
0.69452 9.9921E-05 9.9921E-05 9.9921E-05 9.9921E-05 9.9921E-05 9.9921E-05 9.9921E-05 9.9921E-05 9.9921E-05 0.0959097 0.208671
0.403043 0.0921899 9.99386E-05 9.99386E-05 0.153911 9.99386E-05 9.99386E-05 9.99386E-05 9.99386E-05 9.99386E-05 0.157573 0.192584
0.598253 0.362267 9.99209E-05 9.99209E-05 9.99209E-05 9.99209E-05 9.99209E-05 0.038581 9.99209E-05 9.99209E-05 9.99209E-05 9.99209E-05
0.46681 0.381831 9.9921E-05 9.9921E-05 9.9921E-05 9.9921E-05 9.9921E-05 9.9921E-05 9.9921E-05 9.9921E-05 0.15046 9.9921E-05
0.184101 0.575349 9.99473E-05 9.99473E-05 9.99473E-05 9.99473E-05 9.99473E-05 0.0281261 0.00734182 9.99473E-05 0.0124097 0.192072
0.861479 9.99386E-05 9.99386E-05 9.99386E-05 0.0478075 9.99386E-05 9.99386E-05 0.0178962 9.99386E-05 9.99386E-05 0.0494003 0.0227173
0.803244 9.99209E-05 9.99209E-05 9.99209E-05 9.99209E-05 9.99209E-05 9.99209E-05 9.99209E-05 0.0569928 9.99209E-05 0.138864 9.99209E-05
0.812639 9.99123E-05 9.99123E-05 9.99123E-05 9.99123E-05 9.99123E-05 9.99123E-05 9.99123E-05 9.99123E-05 9.99123E-05 0.186362 9.99123E-05
0.69109 0.242504 9.99298E-05 9.99298E-05 9.99298E-05 9.99298E-05 9.99298E-05 9.99298E-05 9.99298E-05 9.99298E-05 0.0199247 0.0456822
0.60884 9.99298E-05 9.99298E-05 9.99298E-05 0.0485386 9.99298E-05 9.99298E-05 9.99298E-05 9.99298E-05 9.99298E-05 0.198127 0.143695
