0.00422768 9.98946E-05 9.98946E-05 9.98946E-05 9.98946E-05 0.333918 9.98946E-05 0.277632 9.98946E-05 0.0697451 9.98946E-05 9.98946E-05 9.98946E-05 9.98946E-05 9.98946E-05 0.0597303 0.0909227 0.1326 9.98946E-05 0.0300256
9.98771E-05 9.98771E-05 9.98771E-05 0.046827 0.0032137 0.69994 9.98771E-05 0.122064 9.98771E-05 9.98771E-05 9.98771E-05 9.98771E-05 9.98771E-05 9.98771E-05 9.98771E-05 9.98771E-05 0.049306 9.98771E-05 9.98771E-05 0.0772511
0.00738758 9.98771E-05 9.98771E-05 9.98771E-05 0.0272223 0.883688 9.98771E-05 9.98771E-05 9.98771E-05 9.98771E-05 9.98771E-05 9.98771E-05 9.98771E-05 0.0332087 9.98771E-05 0.0145491 0.0325465 9.98771E-05 9.98771E-05 9.98771E-05
9.99122E-05 9.99122E-05 9.99122E-05 0.0750903 9.99122E-05 0.233313 9.99122E-05 9.99122E-05 9.99122E-05 0.0840361 0.223968 0.0689855 0.00165706 0.124837 0.0039424 9.99122E-05 0.0102059 0.172965 9.99122E-05 9.99122E-05
9.98771E-05 9.98771E-05 9.98771E-05 9.98771E-05 0.0306362 0.756187 9.98771E-05 9.98771E-05 9.98771E-05 9.98771E-05 9.98771E-05 0.0805337 0.0422259 0.0423566 9.98771E-05 9.98771E-05 9.98771E-05 9.98771E-05 9.98771E-05 0.0466626
9.98947E-05 9.98947E-05 9.98947E-05 9.98947E-05 0.0241611 0.130924 9.98947E-05 0.279323 9.98947E-05 9.98947E-05 9.98947E-05 0.00998105 0.247937 0.164726 0.133309 9.98947E-05 9.98947E-05 9.98947E-05 9.98947E-05 0.00844045
0.0997962 9.99123E-05 9.99123E-05 9.99123E-05 9.99123E-05 0.253962 9.99123E-05 0.0301914 9.99123E-05 0.137729 0.125703 9.99123E-05 0.0436068 9.99123E-05 9.99123E-05 0.00814102 0.0311863 0.078047 9.99123E-05 0.190638
0.104225 0.0214259 0.0253652 9.99386E-05 0.00183923 0.151354 9.99386E-05 0.0115918 9.99386E-05 0.00361217 9.99386E-05 0.155246 0.0875946 0.0490381 0.175593 9.99386E-05 9.99386E-05 0.200848 9.99386E-05 0.0115671
9.9897E-05 9.9897E-05 9.9897E-05 0.0302263 9.9897E-05 0.220022 9.9897E-05 9.9897E-05 9.9897E-05 9.9897E-05 9.9897E-05 0.0758236 9.9897E-05 0.0399664 0.256485 0.0752468 0.287893 9.9897E-05 9.9897E-05 0.0131383
9.98683E-05 9.98683E-05 0.0218141 9.98683E-05 9.98683E-05 0.862204 9.98683E-05 9.98683E-05 9.98683E-05 9.98683E-05 0.0447053 9.98683E-05 9.98683E-05 9.98683E-05 9.98683E-05 0.0295729 0.0402057 9.98683E-05 9.98683E-05 9.98683E-05
9.98772E-05 9.98772E-05 9.98772E-05 9.98772E-05 9.98772E-05 0.467305 9.98772E-05 9.98772E-05 9.98772E-05 0.134676 9.98772E-05 0.0448543 9.98772E-05 9.98772E-05 0.0646942 9.98772E-05 0.189427 0.0976453 9.98772E-05 9.98772E-05
9.98771E-05 0.0559639 9.98771E-05 9.98771E-05 0.0611303 0.753773 9.98771E-05 9.98771E-05 9.98771E-05 9.98771E-05 0.0233342 9.98771E-05 0.0429222 9.98771E-05 9.98771E-05 9.98771E-05 0.0614786 9.98771E-05 9.98771E-05 9.98771E-05
9.98509E-05 9.98509E-05 9.98509E-05 9.98509E-05 9.98509E-05 0.67857 9.98509E-05 9.98509E-05 9.98509E-05 9.98509E-05 9.98509E-05 9.98509E-05 9.98509E-05 9.98509E-05 9.98509E-05 9.98509E-05 0.085616 0.234116 9.98509E-05 9.98509E-05
9.99124E-05 0.11314 9.99124E-05 9.99124E-05 9.99124E-05 0.510435 0.0312773 0.0230137 0.0474748 0.0350479 0.0277547 9.99124E-05 9.99124E-05 9.99124E-05 9.99124E-05 9.99124E-05 0.0823247 9.99124E-05 0.0751438 0.0533883
9.98947E-05 9.98947E-05 9.98947E-05 9.98947E-05 9.98947E-05 0.261396 0.0646558 0.175157 0.0460894 9.98947E-05 9.98947E-05 9.98947E-05 9.98947E-05 0.0602742 0.105416 9.98947E-05 0.174844 9.98947E-05 0.110968 9.98947E-05
9.99122E-05 0.0918104 9.99122E-05 9.99122E-05 9.99122E-05 0.194619 9.99122E-05 0.216609 9.99122E-05 9.99122E-05 0.068482 0.0690393 0.0996648 0.00524418 0.0921207 9.99122E-05 0.130012 0.0313991 9.99122E-05 9.99122E-05
9.98946E-05 0.0153957 9.98946E-05 9.98946E-05 9.98946E-05 0.50215 0.124545 9.98946E-05 0.0450422 0.0709936 0.0611608 9.98946E-05 9.98946E-05 9.98946E-05 9.98946E-05 9.98946E-05 0.102747 9.98946E-05 9.98946E-05 0.0767674
9.98947E-05 9.98947E-05 0.135695 0.0723531 9.98947E-05 0.12831 9.98947E-05 0.266649 9.98947E-05 9.98947E-05 9.98947E-05 9.98947E-05 9.98947E-05 0.0289116 0.0324539 9.98947E-05 0.142131 0.192297 9.98947E-05 9.98947E-05
9.98771E-05 9.98771E-05 9.98771E-05 9.98771E-05 9.98771E-05 0.329284 9.98771E-05 9.98771E-05 0.0198274 9.98771E-05 9.98771E-05 9.98771E-05 0.154405 9.98771E-05 0.103707 9.98771E-05 0.205244 0.186134 9.98771E-05 9.98771E-05
9.98509E-05 9.98509E-05 9.98509E-05 0.0508539 9.98509E-05 0.941671 9.98509E-05 9.98509E-05 9.98509E-05 9.98509E-05 9.98509E-05 9.98509E-05 9.98509E-05 0.00577718 9.98509E-05 9.98509E-05 9.98509E-05 9.98509E-05 9.98509E-05 9.98509E-05
9.99122E-05 0.0725739 9.99122E-05 0.012292 9.99122E-05 0.404169 9.99122E-05 9.99122E-05 0.0144499 0.0932256 9.99122E-05 0.24414 9.99122E-05 9.99122E-05 0.0975804 0.0358615 9.99122E-05 0.00295884 0.02175 9.99122E-05
9.98773E-05 9.98773E-05 9.98773E-05 9.98773E-05 0.0487492 0.198823 9.98773E-05 9.98773E-05 9.98773E-05 9.98773E-05 9.98773E-05 9.98773E-05 0.1324 9.98773E-05 0.156427 9.98773E-05 9.98773E-05 0.391956 9.98773E-05 0.070247
9.9886E-05 9.9886E-05 0.00445609 9.9886E-05 9.9886E-05 0.48635 9.9886E-05 0.253872 9.9886E-05 0.054854 9.9886E-05 9.9886E-05 9.9886E-05 0.0256643 9.9886E-05 9.9886E-05 0.102722 9.9886E-05 9.9886E-05 0.0707832
9.98684E-05 9.98684E-05 9.98684E-05 9.98684E-05 9.98684E-05 0.28073 9.98684E-05 0.114632 9.98684E-05 9.98684E-05 9.98684E-05 9.98684E-05 9.98684E-05 9.98684E-05 9.98684E-05 0.0690444 0.241979 0.292117 9.98684E-05 9.98684E-05
9.98858E-05 9.98858E-05 9.98858E-05 9.98858E-05 9.98858E-05 0.225613 9.98858E-05 9.98858E-05 0.141693 9.98858E-05 9.98858E-05 9.98858E-05 9.98858E-05 0.176926 0.0228287 0.030695 0.280533 0.120413 9.98858E-05 9.98858E-05
9.98771E-05 9.98771E-05 9.98771E-05 9.98771E-05 9.98771E-05 0.653942 9.98771E-05 9.98771E-05 9.98771E-05 9.98771E-05 0.0346728 0.0522007 9.98771E-05 0.0235533 9.98771E-05 9.98771E-05 0.088638 0.145595 9.98771E-05 9.98771E-05
9.98859E-05 0.0137392 0.103844 9.98859E-05 9.98859E-05 0.00826079 9.98859E-05 9.98859E-05 9.98859E-05 9.98859E-05 9.98859E-05 9.98859E-05 9.98859E-05 0.352347 9.98859E-05 9.98859E-05 0.0727092 0.416068 0.0317336 9.98859E-05
9.98772E-05 9.98772E-05 9.98772E-05 9.98772E-05 9.98772E-05 0.726465 9.98772E-05 9.98772E-05 9.98772E-05 0.0129507 0.0697629 9.98772E-05 0.0738003 9.98772E-05 9.98772E-05 9.98772E-05 0.0431691 0.0724539 9.98772E-05 9.98772E-05
9.98685E-05 9.98685E-05 9.98685E-05 9.98685E-05 9.98685E-05 0.522974 9.98685E-05 0.215511 9.98685E-05 9.98685E-05 9.98685E-05 9.98685E-05 9.98685E-05 0.0195695 9.98685E-05 9.98685E-05 0.154461 0.085986 9.98685E-05 9.98685E-05
9.98859E-05 9.98859E-05 9.98859E-05 9.98859E-05 9.98859E-05 0.68219 9.98859E-05 0.00666828 9.98859E-05 0.00498405 9.98859E-05 9.98859E-05 0.081995 0.0941805 9.98859E-05 0.0770204 0.0516636 9.98859E-05 9.98859E-05 9.98859E-05
9.99034E-05 9.99034E-05 9.99034E-05 0.0018256 9.99034E-05 0.543989 9.99034E-05 0.145142 0.0394647 0.0964042 9.99034E-05 9.99034E-05 0.0438186 9.99034E-05 0.0476417 9.99034E-05 0.0122283 0.0683874 9.99034E-05 9.99034E-05
9.99036E-05 9.99036E-05 9.99036E-05 9.99036E-05 9.99036E-05 0.492829 9.99036E-05 0.00688536 0.0135457 0.0546287 0.00158325 9.99036E-05 0.0496804 0.216089 9.99036E-05 9.99036E-05 0.0868022 0.0768578 9.99036E-05 9.99036E-05
9.98771E-05 0.0259292 9.98771E-05 9.98771E-05 9.98771E-05 0.449222 9.98771E-05 9.98771E-05 9.98771E-05 0.0751711 9.98771E-05 9.98771E-05 9.98771E-05 0.0421895 9.98771E-05 9.98771E-05 0.136536 0.269554 9.98771E-05 9.98771E-05
0.00586307 9.98947E-05 0.00954244 9.98947E-05 0.0304443 0.475431 9.98947E-05 9.98947E-05 9.98947E-05 9.98947E-05 9.98947E-05 9.98947E-05 9.98947E-05 0.113393 9.98947E-05 0.0451929 0.159094 0.15984 9.98947E-05 9.98947E-05
9.98948E-05 9.98948E-05 9.98948E-05 0.0497549 9.98948E-05 0.749413 9.98948E-05 9.98948E-05 0.00210252 0.0501297 9.98948E-05 9.98948E-05 0.0281686 9.98948E-05 0.029444 9.98948E-05 0.0635537 9.98948E-05 9.98948E-05 0.0262344
9.98947E-05 9.98947E-05 9.98947E-05 9.98947E-05 9.98947E-05 0.561141 9.98947E-05 0.0766004 9.98947E-05 9.98947E-05 0.141789 9.98947E-05 9.98947E-05 9.98947E-05 0.0224103 0.0286562 0.0198971 0.130585 9.98947E-05 0.0177219
0.0632639 9.98598E-05 9.98598E-05 9.98598E-05 9.98598E-05 0.828387 9.98598E-05 9.98598E-05 9.98598E-05 0.0317007 9.98598E-05 9.98598E-05 0.0750506 9.98598E-05 9.98598E-05 9.98598E-05 9.98598E-05 9.98598E-05 9.98598E-05 9.98598E-05
9.98685E-05 9.98685E-05 9.98685E-05 0.0923617 9.98685E-05 0.590775 9.98685E-05 9.98685E-05 9.98685E-05 9.98685E-05 9.98685E-05 9.98685E-05 9.98685E-05 9.98685E-05 0.170751 9.98685E-05 0.0644637 9.98685E-05 9.98685E-05 0.0801507
9.99035E-05 9.99035E-05 9.99035E-05 9.99035E-05 0.0604476 0.489941 0.0681766 9.99035E-05 9.99035E-05 0.00862389 9.99035E-05 9.99035E-05 0.0470829 9.99035E-05 0.0241014 9.99035E-05 0.146584 0.0914327 9.99035E-05 0.0625109
0.0246341 0.0875966 9.98859E-05 9.98859E-05 9.98859E-05 0.522653 9.98859E-05 9.98859E-05 0.0137723 9.98859E-05 9.98859E-05 9.98859E-05 9.98859E-05 0.150795 9.98859E-05 9.98859E-05 0.185215 0.0140356 9.98859E-05 9.98859E-05
9.98684E-05 9.98684E-05 9.98684E-05 9.98684E-05 9.98684E-05 0.725904 9.98684E-05 9.98684E-05 9.98684E-05 9.98684E-05 0.00741589 9.98684E-05 0.0147917 9.98684E-05 9.98684E-05 9.98684E-05 0.0907889 0.159601 9.98684E-05 9.98684E-05
9.98772E-05 9.98772E-05 9.98772E-05 9.98772E-05 9.98772E-05 0.564169 9.98772E-05 9.98772E-05 9.98772E-05 9.98772E-05 9.98772E-05 9.98772E-05 9.98772E-05 9.98772E-05 0.0276629 0.00992975 0.0876897 0.285271 9.98772E-05 0.0238799
9.98771E-05 9.98771E-05 9.98771E-05 9.98771E-05 9.98771E-05 0.720182 0.047473 9.98771E-05 9.98771E-05 9.98771E-05 9.98771E-05 9.98771E-05 0.0404657 9.98771E-05 9.98771E-05 9.98771E-05 9.98771E-05 0.112349 0.0223262 0.0558059
9.9886E-05 9.9886E-05 9.9886E-05 9.9886E-05 9.9886E-05 0.354387 9.9886E-05 0.134188 9.9886E-05 0.0394842 9.9886E-05 9.9886E-05 9.9886E-05 9.9886E-05 0.117373 0.0503452 0.199427 0.103498 9.9886E-05 9.9886E-05
9.98772E-05 9.98772E-05 9.98772E-05 9.98772E-05 0.0343258 0.219703 9.98772E-05 9.98772E-05 9.98772E-05 9.98772E-05 0.101298 9.98772E-05 0.075697 9.98772E-05 9.98772E-05 9.98772E-05 0.138268 0.429309 9.98772E-05 9.98772E-05
9.98684E-05 9.98684E-05 9.98684E-05 0.0533339 9.98684E-05 0.757044 9.98684E-05 9.98684E-05 9.98684E-05 9.98684E-05 0.0118865 9.98684E-05 9.98684E-05 9.98684E-05 9.98684E-05 9.98684E-05 0.0642758 0.111962 9.98684E-05 9.98684E-05
9.98684E-05 9.98684E-05 0.04613 9.98684E-05 9.98684E-05 0.739659 9.98684E-05 9.98684E-05 9.98684E-05 9.98684E-05 0.131426 9.98684E-05 9.98684E-05 9.98684E-05 0.0328586 9.98684E-05 0.0484275 9.98684E-05 9.98684E-05 9.98684E-05
9.98422E-05 9.98422E-05 9.98422E-05 9.98422E-05 0.112042 0.886161 9.98422E-05 9.98422E-05 9.98422E-05 9.98422E-05 9.98422E-05 9.98422E-05 9.98422E-05 9.98422E-05 9.98422E-05 9.98422E-05 9.98422E-05 9.98422E-05 9.98422E-05 9.98422E-05
9.98946E-05 0.0287574 9.98946E-05 9.98946E-05 9.98946E-05 0.530514 9.98946E-05 0.0942154 9.98946E-05 0.03439 9.98946E-05 9.98946E-05 0.00471086 0.00407696 9.98946E-05 9.98946E-05 0.128165 0.173971 9.98946E-05 9.98946E-05
0.140291 9.98861E-05 9.98861E-05 9.98861E-05 9.98861E-05 0.684962 9.98861E-05 9.98861E-05 9.98861E-05 0.00899293 9.98861E-05 9.98861E-05 0.0871596 9.98861E-05 0.0268485 9.98861E-05 0.017675 0.0327731 9.98861E-05 9.98861E-05
9.99122E-05 9.99122E-05 9.99122E-05 9.99122E-05 9.99122E-05 0.265686 9.99122E-05 0.0580726 9.99122E-05 0.111667 0.0530801 9.99122E-05 9.99122E-05 0.158002 0.0452938 0.0266062 0.202587 0.0728426 0.00516428 9.99122E-05
9.98772E-05 0.011043 9.98772E-05 9.98772E-05 0.052921 0.522736 9.98772E-05 9.98772E-05 9.98772E-05 9.98772E-05 0.141158 9.98772E-05 9.98772E-05 9.98772E-05 9.98772E-05 0.0317636 9.98772E-05 0.238981 9.98772E-05 9.98772E-05
9.98771E-05 9.98771E-05 0.00706066 9.98771E-05 9.98771E-05 0.891737 9.98771E-05 9.98771E-05 0.0481746 9.98771E-05 9.98771E-05 9.98771E-05 9.98771E-05 0.0013716 9.98771E-05 9.98771E-05 0.0447381 0.00551949 9.98771E-05 9.98771E-05
9.99036E-05 0.159362 0.0488864 9.99036E-05 0.0960044 0.520273 9.99036E-05 0.0212908 9.99036E-05 0.0771994 9.99036E-05 0.00272764 9.99036E-05 0.0616898 9.99036E-05 9.99036E-05 0.0114671 9.99036E-05 9.99036E-05 9.99036E-05
9.98598E-05 9.98598E-05 9.98598E-05 9.98598E-05 0.0526598 0.708857 9.98598E-05 9.98598E-05 0.136467 9.98598E-05 9.98598E-05 9.98598E-05 9.98598E-05 9.98598E-05 9.98598E-05 9.98598E-05 0.100419 9.98598E-05 9.98598E-05 9.98598E-05
9.9886E-05 9.9886E-05 9.9886E-05 0.0514847 0.0324235 0.665539 9.9886E-05 9.9886E-05 9.9886E-05 0.0185077 9.9886E-05 9.9886E-05 0.0852463 0.121856 9.9886E-05 9.9886E-05 9.9886E-05 0.0236443 9.9886E-05 9.9886E-05
9.98772E-05 0.0706869 0.0213758 9.98772E-05 9.98772E-05 0.646558 9.98772E-05 9.98772E-05 9.98772E-05 9.98772E-05 9.98772E-05 0.0403081 0.112409 9.98772E-05 9.98772E-05 9.98772E-05 0.107265 9.98772E-05 9.98772E-05 9.98772E-05
9.98685E-05 9.98685E-05 9.98685E-05 9.98685E-05 9.98685E-05 0.731761 9.98685E-05 9.98685E-05 9.98685E-05 0.0337881 0.216023 9.98685E-05 9.98685E-05 9.98685E-05 9.98685E-05 9.98685E-05 0.00747757 0.00945276 9.98685E-05 9.98685E-05
0.0744317 9.98946E-05 9.98946E-05 9.98946E-05 0.00857655 0.774142 9.98946E-05 9.98946E-05 9.98946E-05 0.037555 9.98946E-05 9.98946E-05 9.98946E-05 0.00498019 0.0207352 9.98946E-05 0.0493373 0.0290432 9.98946E-05 9.98946E-05
9.9877E-05 9.9877E-05 0.0454299 9.9877E-05 9.9877E-05 9.9877E-05 9.9877E-05 0.688242 9.9877E-05 0.0443214 9.9877E-05 9.9877E-05 9.9877E-05 0.0603842 0.0276649 9.9877E-05 0.132559 9.9877E-05 9.9877E-05 9.9877E-05
9.9851E-05 0.033663 9.9851E-05 0.00898869 9.9851E-05 9.9851E-05 9.9851E-05 0.955651 9.9851E-05 9.9851E-05 9.9851E-05 9.9851E-05 9.9851E-05 9.9851E-05 9.9851E-05 9.9851E-05 9.9851E-05 9.9851E-05 9.9851E-05 9.9851E-05
0.0287074 9.98508E-05 0.16988 9.98508E-05 9.98508E-05 9.98508E-05 9.98508E-05 0.799715 9.98508E-05 9.98508E-05 9.98508E-05 9.98508E-05 9.98508E-05 9.98508E-05 9.98508E-05 9.98508E-05 9.98508E-05 9.98508E-05 9.98508E-05 9.98508E-05
0.017194 9.98946E-05 0.0506114 9.98946E-05 9.98946E-05 9.98946E-05 9.98946E-05 0.251421 0.000482314 9.98946E-05 9.98946E-05 9.98946E-05 9.98946E-05 0.214393 0.147798 9.98946E-05 0.0114575 9.98946E-05 9.98946E-05 0.305444
0.0463687 9.99121E-05 0.029128 0.0617766 0.00888879 9.99121E-05 9.99121E-05 0.632713 0.0280478 9.99121E-05 9.99121E-05 9.99121E-05 0.020603 9.99121E-05 0.0890425 9.99121E-05 0.0591759 0.0232564 9.99121E-05 9.99121E-05
9.98769E-05 9.98769E-05 9.98769E-05 9.98769E-05 9.98769E-05 9.98769E-05 9.98769E-05 0.575102 9.98769E-05 0.0474592 9.98769E-05 9.98769E-05 9.98769E-05 9.98769E-05 0.0506566 9.98769E-05 0.219684 0.0951739 0.0105252 9.98769E-05
9.98682E-05 9.98682E-05 9.98682E-05 9.98682E-05 9.98682E-05 9.98682E-05 9.98682E-05 0.512227 9.98682E-05 0.0515221 0.0510363 9.98682E-05 9.98682E-05 9.98682E-05 9.98682E-05 9.98682E-05 0.107186 9.98682E-05 9.98682E-05 0.27653
0.0515942 9.98857E-05 0.171719 9.98857E-05 9.98857E-05 9.98857E-05 9.98857E-05 0.498058 9.98857E-05 9.98857E-05 9.98857E-05 9.98857E-05 0.0643231 9.98857E-05 0.0787578 9.98857E-05 0.071513 9.98857E-05 9.98857E-05 0.0627364
9.98332E-05 9.98332E-05 9.98332E-05 9.98332E-05 9.98332E-05 9.98332E-05 9.98332E-05 0.998103 9.98332E-05 9.98332E-05 9.98332E-05 9.98332E-05 9.98332E-05 9.98332E-05 9.98332E-05 9.98332E-05 9.98332E-05 9.98332E-05 9.98332E-05 9.98332E-05
9.9842E-05 9.9842E-05 9.9842E-05 9.9842E-05 9.9842E-05 9.9842E-05 9.9842E-05 0.965828 9.9842E-05 0.0323751 9.9842E-05 9.9842E-05 9.9842E-05 9.9842E-05 9.9842E-05 9.9842E-05 9.9842E-05 9.9842E-05 9.9842E-05 9.9842E-05
9.98681E-05 9.98681E-05 9.98681E-05 9.98681E-05 9.98681E-05 9.98681E-05 9.98681E-05 0.506554 9.98681E-05 0.143947 9.98681E-05 9.98681E-05 0.0190077 9.98681E-05 0.0517405 9.98681E-05 0.277252 9.98681E-05 9.98681E-05 9.98681E-05
0.0522169 0.0227243 9.99121E-05 9.99121E-05 0.0454155 9.99121E-05 9.99121E-05 0.435276 9.99121E-05 0.0240091 9.99121E-05 9.99121E-05 0.0482877 9.99121E-05 9.99121E-05 9.99121E-05 0.106778 0.0965279 0.111758 0.0560072
9.98946E-05 0.159864 9.98946E-05 9.98946E-05 0.0822232 9.98946E-05 9.98946E-05 0.526088 9.98946E-05 0.0654407 9.98946E-05 9.98946E-05 0.00289743 0.0193693 0.114776 9.98946E-05 9.98946E-05 9.98946E-05 9.98946E-05 0.0281418
9.98682E-05 9.98682E-05 9.98682E-05 9.98682E-05 9.98682E-05 9.98682E-05 9.98682E-05 0.496545 9.98682E-05 9.98682E-05 9.98682E-05 9.98682E-05 0.0581057 9.98682E-05 9.98682E-05 9.98682E-05 0.216567 0.180481 9.98682E-05 0.046804
9.98598E-05 0.066893 9.98598E-05 9.98598E-05 9.98598E-05 9.98598E-05 9.98598E-05 0.900791 9.98598E-05 0.0257422 9.98598E-05 9.98598E-05 9.98598E-05 9.98598E-05 9.98598E-05 0.00497574 9.98598E-05 9.98598E-05 9.98598E-05 9.98598E-05
9.98684E-05 9.98684E-05 9.98684E-05 9.98684E-05 9.98684E-05 9.98684E-05 9.98684E-05 0.834067 9.98684E-05 0.0375249 0.0496361 9.98684E-05 9.98684E-05 9.98684E-05 0.00902798 9.98684E-05 0.0682458 9.98684E-05 9.98684E-05 9.98684E-05
0.154611 9.98647E-05 0.0145093 9.98647E-05 9.98647E-05 9.98647E-05 9.98647E-05 0.69603 9.98647E-05 9.98647E-05 9.98647E-05 9.98647E-05 0.133252 9.98647E-05 9.98647E-05 9.98647E-05 9.98647E-05 9.98647E-05 9.98647E-05 9.98647E-05
9.9877E-05 9.9877E-05 9.9877E-05 9.9877E-05 9.9877E-05 9.9877E-05 9.9877E-05 0.602739 9.9877E-05 0.124301 0.0260182 9.9877E-05 0.0905795 9.9877E-05 0.0551272 9.9877E-05 9.9877E-05 0.0998371 9.9877E-05 9.9877E-05
9.9877E-05 9.9877E-05 0.111778 9.9877E-05 9.9877E-05 9.9877E-05 9.9877E-05 0.783988 9.9877E-05 0.00458 9.9877E-05 9.9877E-05 0.0572564 9.9877E-05 0.0116861 9.9877E-05 0.0293132 9.9877E-05 9.9877E-05 9.9877E-05
9.98593E-05 0.0878911 9.98593E-05 9.98593E-05 9.98593E-05 9.98593E-05 9.98593E-05 0.678157 9.98593E-05 0.0063936 9.98593E-05 9.98593E-05 9.98593E-05 9.98593E-05 9.98593E-05 9.98593E-05 0.22596 9.98593E-05 9.98593E-05 9.98593E-05
9.98512E-05 9.98512E-05 9.98512E-05 9.98512E-05 9.98512E-05 9.98512E-05 0.0222067 0.968115 9.98512E-05 9.98512E-05 9.98512E-05 9.98512E-05 9.98512E-05 9.98512E-05 9.98512E-05 9.98512E-05 9.98512E-05 9.98512E-05 0.00798105 9.98512E-05
9.98683E-05 9.98683E-05 9.98683E-05 9.98683E-05 9.98683E-05 9.98683E-05 9.98683E-05 0.542735 9.98683E-05 9.98683E-05 9.98683E-05 9.98683E-05 0.0756639 9.98683E-05 9.98683E-05 9.98683E-05 0.0974017 0.222353 0.0603481 9.98683E-05
9.98772E-05 9.98772E-05 9.98772E-05 9.98772E-05 9.98772E-05 9.98772E-05 9.98772E-05 0.660082 0.0206091 9.98772E-05 9.98772E-05 9.98772E-05 9.98772E-05 0.240527 0.00112672 9.98772E-05 9.98772E-05 0.0669152 0.00934152 9.98772E-05
9.98859E-05 9.98859E-05 0.00120437 9.98859E-05 9.98859E-05 9.98859E-05 9.98859E-05 0.640949 9.98859E-05 0.00317753 9.98859E-05 0.0477431 0.219025 9.98859E-05 0.0456879 0.0409145 9.98859E-05 9.98859E-05 9.98859E-05 9.98859E-05
9.98506E-05 9.98506E-05 9.98506E-05 9.98506E-05 9.98506E-05 9.98506E-05 9.98506E-05 0.776055 9.98506E-05 0.177178 9.98506E-05 9.98506E-05 9.98506E-05 9.98506E-05 9.98506E-05 9.98506E-05 0.0450688 9.98506E-05 9.98506E-05 9.98506E-05
9.98685E-05 9.98685E-05 9.98685E-05 0.0170606 9.98685E-05 9.98685E-05 9.98685E-05 0.895992 9.98685E-05 9.98685E-05 9.98685E-05 9.98685E-05 0.00636966 9.98685E-05 0.0586899 9.98685E-05 9.98685E-05 9.98685E-05 9.98685E-05 0.0203897
9.98334E-05 9.98334E-05 9.98334E-05 9.98334E-05 9.98334E-05 9.98334E-05 9.98334E-05 0.998103 9.98334E-05 9.98334E-05 9.98334E-05 9.98334E-05 9.98334E-05 9.98334E-05 9.98334E-05 9.98334E-05 9.98334E-05 9.98334E-05 9.98334E-05 9.98334E-05
9.98334E-05 9.98334E-05 9.98334E-05 9.98334E-05 9.98334E-05 9.98334E-05 9.98334E-05 0.998103 9.98334E-05 9.98334E-05 9.98334E-05 9.98334E-05 9.98334E-05 9.98334E-05 9.98334E-05 9.98334E-05 9.98334E-05 9.98334E-05 9.98334E-05 9.98334E-05
9.98421E-05 9.98421E-05 0.0988058 9.98421E-05 9.98421E-05 9.98421E-05 9.98421E-05 0.899397 9.98421E-05 9.98421E-05 9.98421E-05 9.98421E-05 9.98421E-05 9.98421E-05 9.98421E-05 9.98421E-05 9.98421E-05 9.98421E-05 9.98421E-05 9.98421E-05
9.98686E-05 9.98686E-05 9.98686E-05 9.98686E-05 9.98686E-05 9.98686E-05 0.0909812 0.655561 9.98686E-05 0.0102916 9.98686E-05 9.98686E-05 9.98686E-05 9.98686E-05 0.125666 9.98686E-05 0.116002 9.98686E-05 9.98686E-05 9.98686E-05
9.98509E-05 9.98509E-05 9.98509E-05 9.98509E-05 9.98509E-05 9.98509E-05 9.98509E-05 9.98509E-05 9.98509E-05 9.98509E-05 9.98509E-05 9.98509E-05 9.98509E-05 0.762969 0.131902 9.98509E-05 0.103432 9.98509E-05 9.98509E-05 9.98509E-05
9.98597E-05 9.98597E-05 9.98597E-05 9.98597E-05 9.98597E-05 9.98597E-05 0.43277 9.98597E-05 9.98597E-05 9.98597E-05 9.98597E-05 9.98597E-05 9.98597E-05 0.505261 0.0300041 9.98597E-05 0.0303676 9.98597E-05 9.98597E-05 9.98597E-05
9.98596E-05 9.98596E-05 9.98596E-05 9.98596E-05 0.0088299 9.98596E-05 9.98596E-05 9.98596E-05 0.0223399 9.98596E-05 9.98596E-05 9.98596E-05 9.98596E-05 0.840177 9.98596E-05 9.98596E-05 0.127056 9.98596E-05 9.98596E-05 9.98596E-05
9.98506E-05 9.98506E-05 9.98506E-05 9.98506E-05 9.98506E-05 9.98506E-05 9.98506E-05 9.98506E-05 9.98506E-05 9.98506E-05 9.98506E-05 9.98506E-05 9.98506E-05 0.864047 0.0124864 9.98506E-05 0.121769 9.98506E-05 9.98506E-05 9.98506E-05
9.98506E-05 9.98506E-05 9.98506E-05 9.98506E-05 9.98506E-05 9.98506E-05 9.98506E-05 9.98506E-05 9.98506E-05 9.98506E-05 9.98506E-05 9.98506E-05 9.98506E-05 0.918183 0.0669969 0.0131227 9.98506E-05 9.98506E-05 9.98506E-05 9.98506E-05
9.98684E-05 9.98684E-05 9.98684E-05 9.98684E-05 9.98684E-05 9.98684E-05 9.98684E-05 9.98684E-05 9.98684E-05 9.98684E-05 0.0423502 9.98684E-05 9.98684E-05 0.606752 0.13837 9.98684E-05 0.150508 9.98684E-05 9.98684E-05 0.0605215
9.98859E-05 0.0414338 0.0238584 9.98859E-05 9.98859E-05 9.98859E-05 9.98859E-05 9.98859E-05 9.98859E-05 9.98859E-05 0.0201812 9.98859E-05 9.98859E-05 0.751418 0.0764777 9.98859E-05 0.0688269 0.0165055 9.98859E-05 9.98859E-05
9.98595E-05 9.98595E-05 0.00140424 9.98595E-05 9.98595E-05 9.98595E-05 9.98595E-05 9.98595E-05 9.98595E-05 9.98595E-05 9.98595E-05 9.98595E-05 9.98595E-05 0.761532 0.22272 9.98595E-05 0.0127461 9.98595E-05 9.98595E-05 9.98595E-05
9.98682E-05 9.98682E-05 9.98682E-05 9.98682E-05 9.98682E-05 9.98682E-05 9.98682E-05 9.98682E-05 0.0130196 9.98682E-05 9.98682E-05 9.98682E-05 9.98682E-05 0.414587 0.3328 9.98682E-05 0.0211131 9.98682E-05 9.98682E-05 0.216982
9.98596E-05 9.98596E-05 9.98596E-05 9.98596E-05 9.98596E-05 9.98596E-05 9.98596E-05 9.98596E-05 9.98596E-05 9.98596E-05 0.0187842 9.98596E-05 9.98596E-05 0.498573 0.21063 9.98596E-05 0.270415 9.98596E-05 9.98596E-05 9.98596E-05
9.98508E-05 9.98508E-05 9.98508E-05 9.98508E-05 9.98508E-05 9.98508E-05 0.1935 9.98508E-05 9.98508E-05 9.98508E-05 9.98508E-05 9.98508E-05 9.98508E-05 0.552876 9.98508E-05 9.98508E-05 9.98508E-05 9.98508E-05 9.98508E-05 0.251927
9.98684E-05 9.98684E-05 9.98684E-05 9.98684E-05 9.98684E-05 9.98684E-05 0.0513986 9.98684E-05 9.98684E-05 0.00104443 9.98684E-05 9.98684E-05 9.98684E-05 0.75006 9.98684E-05 9.98684E-05 0.0408374 9.98684E-05 9.98684E-05 0.155161
9.98423E-05 9.98423E-05 9.98423E-05 9.98423E-05 9.98423E-05 9.98423E-05 9.98423E-05 9.98423E-05 9.98423E-05 9.98423E-05 9.98423E-05 9.98423E-05 9.98423E-05 0.925809 0.072394 9.98423E-05 9.98423E-05 9.98423E-05 9.98423E-05 9.98423E-05
9.98685E-05 9.98685E-05 9.98685E-05 9.98685E-05 9.98685E-05 9.98685E-05 9.98685E-05 9.98685E-05 9.98685E-05 9.98685E-05 9.98685E-05 9.98685E-05 9.98685E-05 0.679222 0.101557 0.0147776 0.186656 9.98685E-05 9.98685E-05 0.0162891
9.98859E-05 0.0229591 0.0950513 0.036008 9.98859E-05 9.98859E-05 0.0471828 9.98859E-05 9.98859E-05 9.98859E-05 0.0425845 9.98859E-05 9.98859E-05 0.668032 0.086884 9.98859E-05 9.98859E-05 9.98859E-05 9.98859E-05 9.98859E-05
0.0262582 9.98859E-05 9.98859E-05 9.98859E-05 9.98859E-05 9.98859E-05 0.00850191 0.0621298 9.98859E-05 9.98859E-05 9.98859E-05 9.98859E-05 9.98859E-05 0.675181 0.0400924 9.98859E-05 0.156862 9.98859E-05 0.029676 9.98859E-05
9.98772E-05 9.98772E-05 9.98772E-05 0.0202529 9.98772E-05 9.98772E-05 0.00691054 9.98772E-05 9.98772E-05 9.98772E-05 9.98772E-05 9.98772E-05 9.98772E-05 0.614278 0.0135948 9.98772E-05 0.107623 9.98772E-05 9.98772E-05 0.235942
0.0302367 9.98774E-05 9.98774E-05 9.98774E-05 0.0380608 9.98774E-05 9.98774E-05 9.98774E-05 9.98774E-05 9.98774E-05 0.00247544 9.98774E-05 9.98774E-05 0.718766 0.108773 9.98774E-05 9.98774E-05 0.10029 9.98774E-05 9.98774E-05
9.98509E-05 9.98509E-05 9.98509E-05 9.98509E-05 9.98509E-05 9.98509E-05 9.98509E-05 9.98509E-05 9.98509E-05 0.00753013 9.98509E-05 9.98509E-05 9.98509E-05 0.985644 0.00512872 9.98509E-05 9.98509E-05 9.98509E-05 9.98509E-05 9.98509E-05
9.98947E-05 9.98947E-05 9.98947E-05 0.0938868 9.98947E-05 9.98947E-05 0.144071 9.98947E-05 9.98947E-05 0.0036219 0.030064 9.98947E-05 9.98947E-05 0.452324 0.132727 9.98947E-05 0.108347 9.98947E-05 0.0337604 9.98947E-05
9.98684E-05 9.98684E-05 9.98684E-05 9.98684E-05 9.98684E-05 9.98684E-05 9.98684E-05 9.98684E-05 9.98684E-05 9.98684E-05 0.047627 9.98684E-05 9.98684E-05 0.680237 0.0254322 9.98684E-05 0.0863635 9.98684E-05 9.98684E-05 0.158842
9.98596E-05 9.98596E-05 0.0365695 9.98596E-05 9.98596E-05 9.98596E-05 9.98596E-05 9.98596E-05 9.98596E-05 0.0179877 9.98596E-05 9.98596E-05 9.98596E-05 0.922071 0.0217739 9.98596E-05 9.98596E-05 9.98596E-05 9.98596E-05 9.98596E-05
9.98771E-05 9.98771E-05 9.98771E-05 0.00440724 9.98771E-05 9.98771E-05 9.98771E-05 9.98771E-05 9.98771E-05 9.98771E-05 9.98771E-05 0.0514366 9.98771E-05 0.500296 0.248596 9.98771E-05 0.182829 9.98771E-05 9.98771E-05 0.0110367
9.98597E-05 9.98597E-05 9.98597E-05 9.98597E-05 9.98597E-05 9.98597E-05 0.063144 9.98597E-05 0.0511471 9.98597E-05 9.98597E-05 9.98597E-05 9.98597E-05 0.728818 0.155294 9.98597E-05 9.98597E-05 9.98597E-05 9.98597E-05 9.98597E-05
9.98771E-05 9.98771E-05 9.98771E-05 0.0691656 9.98771E-05 9.98771E-05 9.98771E-05 9.98771E-05 9.98771E-05 9.98771E-05 9.98771E-05 0.0353033 9.98771E-05 0.423074 0.214178 9.98771E-05 0.200433 9.98771E-05 9.98771E-05 0.0564476
9.98947E-05 0.0420391 0.00588171 9.98947E-05 9.98947E-05 9.98947E-05 0.162088 0.0454003 9.98947E-05 9.98947E-05 9.98947E-05 9.98947E-05 9.98947E-05 0.391389 0.16917 9.98947E-05 0.0624931 9.98947E-05 9.98947E-05 0.120339
0.00311432 9.98947E-05 9.98947E-05 0.0229199 0.00657531 9.98947E-05 0.51874 9.98947E-05 9.98947E-05 9.98947E-05 9.98947E-05 9.98947E-05 9.98947E-05 0.223094 9.98947E-05 0.0889227 0.0500983 9.98947E-05 0.0853364 9.98947E-05
9.98593E-05 9.98593E-05 9.98593E-05 9.98593E-05 9.98593E-05 9.98593E-05 9.98593E-05 9.98593E-05 9.98593E-05 9.98593E-05 9.98593E-05 9.98593E-05 0.00783956 0.872932 0.0535257 9.98593E-05 0.0641046 9.98593E-05 9.98593E-05 9.98593E-05
9.98597E-05 9.98597E-05 9.98597E-05 9.98597E-05 9.98597E-05 9.98597E-05 9.98597E-05 9.98597E-05 9.98597E-05 9.98597E-05 9.98597E-05 9.98597E-05 9.98597E-05 0.535193 0.261932 9.98597E-05 0.176552 9.98597E-05 9.98597E-05 0.0247256
9.98597E-05 9.98597E-05 9.98597E-05 0.0148684 0.0918709 9.98597E-05 9.98597E-05 9.98597E-05 9.98597E-05 9.98597E-05 9.98597E-05 9.98597E-05 9.98597E-05 0.815772 9.98597E-05 9.98597E-05 0.0758914 9.98597E-05 9.98597E-05 9.98597E-05
9.98685E-05 0.038801 9.98685E-05 9.98685E-05 9.98685E-05 9.98685E-05 9.98685E-05 9.98685E-05 9.98685E-05 0.0189446 9.98685E-05 9.98685E-05 9.98685E-05 0.683818 0.0505949 9.98685E-05 0.206344 9.98685E-05 9.98685E-05 9.98685E-05
9.98508E-05 0.0410654 9.98508E-05 9.98508E-05 9.98508E-05 9.98508E-05 9.98508E-05 9.98508E-05 9.98508E-05 9.98508E-05 9.98508E-05 9.98508E-05 9.98508E-05 0.953799 9.98508E-05 9.98508E-05 0.00343766 9.98508E-05 9.98508E-05 9.98508E-05
9.98683E-05 9.98683E-05 9.98683E-05 0.147734 0.147504 9.98683E-05 9.98683E-05 9.98683E-05 9.98683E-05 9.98683E-05 9.98683E-05 9.98683E-05 9.98683E-05 0.337085 0.257557 9.98683E-05 0.108622 9.98683E-05 9.98683E-05 9.98683E-05
9.98684E-05 9.98684E-05 9.98684E-05 9.98684E-05 9.98684E-05 9.98684E-05 9.98684E-05 9.98684E-05 9.98684E-05 0.0558407 9.98684E-05 9.98684E-05 9.98684E-05 0.791923 0.0152772 9.98684E-05 9.98684E-05 0.116031 0.0194298 9.98684E-05
9.9851E-05 9.9851E-05 9.9851E-05 9.9851E-05 9.9851E-05 9.9851E-05 0.0087548 9.9851E-05 9.9851E-05 9.9851E-05 9.9851E-05 9.9851E-05 9.9851E-05 0.844421 9.9851E-05 9.9851E-05 0.145126 9.9851E-05 9.9851E-05 9.9851E-05
9.98859E-05 9.98859E-05 0.0208032 9.98859E-05 9.98859E-05 9.98859E-05 0.110652 9.98859E-05 9.98859E-05 0.0165456 0.116329 9.98859E-05 9.98859E-05 0.621797 0.0901277 9.98859E-05 9.98859E-05 0.0224473 9.98859E-05 9.98859E-05
9.98595E-05 9.98595E-05 0.015503 9.98595E-05 9.98595E-05 9.98595E-05 9.98595E-05 9.98595E-05 9.98595E-05 9.98595E-05 9.98595E-05 9.98595E-05 9.98595E-05 0.693126 0.0742468 9.98595E-05 0.215526 9.98595E-05 9.98595E-05 9.98595E-05
9.98595E-05 9.98595E-05 9.98595E-05 9.98595E-05 9.98595E-05 9.98595E-05 0.410045 9.98595E-05 9.98595E-05 9.98595E-05 0.000680275 9.98595E-05 9.98595E-05 0.472189 0.115488 9.98595E-05 9.98595E-05 9.98595E-05 9.98595E-05 9.98595E-05
9.98686E-05 9.98686E-05 0.0305459 0.0558183 9.98686E-05 9.98686E-05 0.121713 9.98686E-05 9.98686E-05 9.98686E-05 9.98686E-05 9.98686E-05 9.98686E-05 0.708585 9.98686E-05 9.98686E-05 0.081839 9.98686E-05 9.98686E-05 9.98686E-05
9.98424E-05 9.98424E-05 9.98424E-05 9.98424E-05 9.98424E-05 9.98424E-05 0.201543 9.98424E-05 9.98424E-05 9.98424E-05 9.98424E-05 9.98424E-05 9.98424E-05 0.79666 9.98424E-05 9.98424E-05 9.98424E-05 9.98424E-05 9.98424E-05 9.98424E-05
9.98509E-05 9.98509E-05 9.98509E-05 9.98509E-05 9.98509E-05 9.98509E-05 0.372097 9.98509E-05 9.98509E-05 9.98509E-05 9.98509E-05 9.98509E-05 9.98509E-05 0.582559 9.98509E-05 9.98509E-05 9.98509E-05 9.98509E-05 9.98509E-05 0.0436467
9.9877E-05 9.9877E-05 9.9877E-05 9.9877E-05 0.0288648 9.9877E-05 9.9877E-05 9.9877E-05 9.9877E-05 0.00319656 9.9877E-05 9.9877E-05 9.9877E-05 0.461421 0.070367 9.9877E-05 0.288806 9.9877E-05 9.9877E-05 0.145946
9.98508E-05 9.98508E-05 9.98508E-05 9.98508E-05 9.98508E-05 9.98508E-05 9.98508E-05 9.98508E-05 9.98508E-05 9.98508E-05 9.98508E-05 9.98508E-05 9.98508E-05 0.763602 0.143863 9.98508E-05 9.98508E-05 9.98508E-05 0.090838 9.98508E-05
9.98771E-05 9.98771E-05 9.98771E-05 0.0874208 9.98771E-05 9.98771E-05 0.60537 9.98771E-05 9.98771E-05 9.98771E-05 9.98771E-05 0.0251321 9.98771E-05 0.0105876 0.181372 9.98771E-05 0.0887187 9.98771E-05 9.98771E-05 9.98771E-05
9.98772E-05 9.98772E-05 9.98772E-05 9.98772E-05 9.98772E-05 9.98772E-05 0.459963 9.98772E-05 0.0482171 0.0286049 9.98772E-05 9.98772E-05 9.98772E-05 0.434917 0.00812481 9.98772E-05 0.0187745 9.98772E-05 9.98772E-05 9.98772E-05
9.98683E-05 9.98683E-05 9.98683E-05 0.122648 9.98683E-05 9.98683E-05 9.98683E-05 9.98683E-05 9.98683E-05 9.98683E-05 9.98683E-05 9.98683E-05 9.98683E-05 0.508187 0.18402 9.98683E-05 9.98683E-05 0.0195223 9.98683E-05 0.164126
9.98597E-05 9.98597E-05 9.98597E-05 9.98597E-05 9.98597E-05 9.98597E-05 9.98597E-05 0.138078 9.98597E-05 9.98597E-05 9.98597E-05 9.98597E-05 9.98597E-05 0.676485 0.0940248 9.98597E-05 0.0898147 9.98597E-05 9.98597E-05 9.98597E-05
9.98686E-05 0.059639 9.98686E-05 9.98686E-05 9.98686E-05 9.98686E-05 9.98686E-05 9.98686E-05 9.98686E-05 9.98686E-05 9.98686E-05 9.98686E-05 9.98686E-05 0.619658 0.135458 0.100764 9.98686E-05 9.98686E-05 9.98686E-05 0.0829838
9.98597E-05 9.98597E-05 9.98597E-05 9.98597E-05 9.98597E-05 9.98597E-05 9.98597E-05 9.98597E-05 9.98597E-05 9.98597E-05 9.98597E-05 9.98597E-05 9.98597E-05 0.44908 0.264877 9.98597E-05 0.215279 0.0691662 9.98597E-05 9.98597E-05
9.98509E-05 9.98509E-05 9.98509E-05 9.98509E-05 9.98509E-05 9.98509E-05 0.353969 9.98509E-05 9.98509E-05 9.98509E-05 9.98509E-05 9.98509E-05 9.98509E-05 0.618401 9.98509E-05 9.98509E-05 0.0259325 9.98509E-05 9.98509E-05 9.98509E-05
0.0246793 9.98595E-05 9.98595E-05 9.98595E-05 9.98595E-05 9.98595E-05 9.98595E-05 9.98595E-05 9.98595E-05 9.98595E-05 0.158939 9.98595E-05 9.98595E-05 0.697547 9.98595E-05 9.98595E-05 0.117237 9.98595E-05 9.98595E-05 9.98595E-05
9.98771E-05 9.98771E-05 9.98771E-05 9.98771E-05 9.98771E-05 9.98771E-05 0.455292 9.98771E-05 9.98771E-05 9.98771E-05 9.98771E-05 9.98771E-05 9.98771E-05 0.355933 0.146057 9.98771E-05 0.00907076 9.98771E-05 0.00584085 0.0264082
9.98686E-05 9.98686E-05 9.98686E-05 9.98686E-05 9.98686E-05 9.98686E-05 0.111718 9.98686E-05 9.98686E-05 0.00126183 9.98686E-05 9.98686E-05 9.98686E-05 0.670244 0.118542 9.98686E-05 0.0967369 9.98686E-05 9.98686E-05 9.98686E-05
9.98508E-05 0.102576 9.98508E-05 9.98508E-05 9.98508E-05 9.98508E-05 9.98508E-05 9.98508E-05 9.98508E-05 9.98508E-05 9.98508E-05 9.98508E-05 9.98508E-05 0.793917 0.101809 9.98508E-05 9.98508E-05 9.98508E-05 9.98508E-05 9.98508E-05
9.98419E-05 9.98419E-05 9.98419E-05 9.98419E-05 9.98419E-05 9.98419E-05 9.98419E-05 9.98419E-05 9.98419E-05 9.98419E-05 0.135018 9.98419E-05 9.98419E-05 0.863185 9.98419E-05 9.98419E-05 9.98419E-05 9.98419E-05 9.98419E-05 9.98419E-05
9.98682E-05 9.98682E-05 9.98682E-05 9.98682E-05 9.98682E-05 9.98682E-05 9.98682E-05 9.98682E-05 0.0391962 9.98682E-05 9.98682E-05 9.98682E-05 9.98682E-05 0.381617 0.216432 9.98682E-05 0.113549 9.98682E-05 9.98682E-05 0.247708
9.98595E-05 9.98595E-05 9.98595E-05 9.98595E-05 9.98595E-05 9.98595E-05 9.98595E-05 9.98595E-05 0.0170305 9.98595E-05 9.98595E-05 9.98595E-05 9.98595E-05 0.774233 0.153497 9.98595E-05 0.0536418 9.98595E-05 9.98595E-05 9.98595E-05
9.98507E-05 0.0209777 9.98507E-05 9.98507E-05 9.98507E-05 9.98507E-05 9.98507E-05 9.98507E-05 9.98507E-05 9.98507E-05 9.98507E-05 9.98507E-05 9.98507E-05 0.94602 0.0313044 9.98507E-05 9.98507E-05 9.98507E-05 9.98507E-05 9.98507E-05
9.98597E-05 9.98597E-05 9.98597E-05 0.142483 9.98597E-05 9.98597E-05 0.0140319 9.98597E-05 9.98597E-05 9.98597E-05 9.98597E-05 9.98597E-05 9.98597E-05 0.808573 9.98597E-05 9.98597E-05 0.0333141 9.98597E-05 9.98597E-05 9.98597E-05
9.98685E-05 9.98685E-05 9.98685E-05 9.98685E-05 9.98685E-05 9.98685E-05 0.0956362 9.98685E-05 9.98685E-05 9.98685E-05 9.98685E-05 9.98685E-05 9.98685E-05 0.697138 0.102998 9.98685E-05 0.0866791 9.98685E-05 9.98685E-05 0.0160508
9.98329E-05 9.98329E-05 9.98329E-05 9.98329E-05 9.98329E-05 9.98329E-05 9.98329E-05 9.98329E-05 9.98329E-05 9.98329E-05 9.98329E-05 9.98329E-05 9.98329E-05 9.98329E-05 9.98329E-05 9.98329E-05 0.998103 9.98329E-05 9.98329E-05 9.98329E-05
9.98329E-05 9.98329E-05 9.98329E-05 9.98329E-05 9.98329E-05 9.98329E-05 9.98329E-05 9.98329E-05 9.98329E-05 9.98329E-05 9.98329E-05 9.98329E-05 9.98329E-05 9.98329E-05 0.998103 9.98329E-05 9.98329E-05 9.98329E-05 9.98329E-05 9.98329E-05
9.9833E-05 9.9833E-05 9.9833E-05 9.9833E-05 9.9833E-05 9.9833E-05 9.9833E-05 9.9833E-05 9.9833E-05 9.9833E-05 9.9833E-05 9.9833E-05 9.9833E-05 9.9833E-05 9.9833E-05 9.9833E-05 0.998103 9.9833E-05 9.9833E-05 9.9833E-05
9.9833E-05 9.9833E-05 9.9833E-05 9.9833E-05 9.9833E-05 9.9833E-05 9.9833E-05 9.9833E-05 9.9833E-05 9.9833E-05 9.9833E-05 9.9833E-05 9.9833E-05 9.9833E-05 0.998103 9.9833E-05 9.9833E-05 9.9833E-05 9.9833E-05 9.9833E-05
9.98331E-05 9.98331E-05 9.98331E-05 9.98331E-05 9.98331E-05 9.98331E-05 9.98331E-05 9.98331E-05 9.98331E-05 9.98331E-05 9.98331E-05 9.98331E-05 9.98331E-05 9.98331E-05 0.998103 9.98331E-05 9.98331E-05 9.98331E-05 9.98331E-05 9.98331E-05
9.9833E-05 9.9833E-05 9.9833E-05 9.9833E-05 9.9833E-05 9.9833E-05 9.9833E-05 9.9833E-05 9.9833E-05 9.9833E-05 9.9833E-05 9.9833E-05 9.9833E-05 9.9833E-05 0.998103 9.9833E-05 9.9833E-05 9.9833E-05 9.9833E-05 9.9833E-05
9.9833E-05 9.9833E-05 9.9833E-05 9.9833E-05 9.9833E-05 9.9833E-05 9.9833E-05 9.9833E-05 9.9833E-05 9.9833E-05 9.9833E-05 9.9833E-05 9.9833E-05 9.9833E-05 9.9833E-05 9.9833E-05 0.998103 9.9833E-05 9.9833E-05 9.9833E-05
9.98329E-05 9.98329E-05 9.98329E-05 9.98329E-05 9.98329E-05 9.98329E-05 9.98329E-05 9.98329E-05 9.98329E-05 9.98329E-05 9.98329E-05 9.98329E-05 9.98329E-05 9.98329E-05 0.998103 9.98329E-05 9.98329E-05 9.98329E-05 9.98329E-05 9.98329E-05
9.98329E-05 9.98329E-05 9.98329E-05 9.98329E-05 9.98329E-05 9.98329E-05 9.98329E-05 9.98329E-05 9.98329E-05 9.98329E-05 9.98329E-05 9.98329E-05 9.98329E-05 9.98329E-05 0.998103 9.98329E-05 9.98329E-05 9.98329E-05 9.98329E-05 9.98329E-05
9.98329E-05 9.98329E-05 9.98329E-05 9.98329E-05 9.98329E-05 9.98329E-05 9.98329E-05 9.98329E-05 9.98329E-05 9.98329E-05 9.98329E-05 9.98329E-05 9.98329E-05 9.98329E-05 9.98329E-05 9.98329E-05 0.998103 9.98329E-05 9.98329E-05 9.98329E-05
9.98331E-05 9.98331E-05 9.98331E-05 9.98331E-05 9.98331E-05 9.98331E-05 9.98331E-05 9.98331E-05 9.98331E-05 9.98331E-05 9.98331E-05 9.98331E-05 9.98331E-05 9.98331E-05 9.98331E-05 9.98331E-05 0.998103 9.98331E-05 9.98331E-05 9.98331E-05
9.9833E-05 9.9833E-05 9.9833E-05 9.9833E-05 9.9833E-05 9.9833E-05 9.9833E-05 9.9833E-05 9.9833E-05 9.9833E-05 9.9833E-05 9.9833E-05 9.9833E-05 9.9833E-05 9.9833E-05 9.9833E-05 0.998103 9.9833E-05 9.9833E-05 9.9833E-05
9.98329E-05 9.98329E-05 9.98329E-05 9.98329E-05 9.98329E-05 9.98329E-05 9.98329E-05 9.98329E-05 9.98329E-05 9.98329E-05 9.98329E-05 9.98329E-05 9.98329E-05 9.98329E-05 0.998103 9.98329E-05 9.98329E-05 9.98329E-05 9.98329E-05 9.98329E-05
9.98331E-05 9.98331E-05 9.98331E-05 9.98331E-05 9.98331E-05 9.98331E-05 9.98331E-05 9.98331E-05 9.98331E-05 9.98331E-05 9.98331E-05 9.98331E-05 9.98331E-05 9.98331E-05 0.998103 9.98331E-05 9.98331E-05 9.98331E-05 9.98331E-05 9.98331E-05
9.9833E-05 9.9833E-05 9.9833E-05 9.9833E-05 9.9833E-05 9.9833E-05 9.9833E-05 9.9833E-05 9.9833E-05 9.9833E-05 9.9833E-05 9.9833E-05 9.9833E-05 9.9833E-05 9.9833E-05 9.9833E-05 0.998103 9.9833E-05 9.9833E-05 9.9833E-05
9.98329E-05 9.98329E-05 9.98329E-05 9.98329E-05 9.98329E-05 9.98329E-05 9.98329E-05 9.98329E-05 9.98329E-05 9.98329E-05 9.98329E-05 9.98329E-05 9.98329E-05 9.98329E-05 9.98329E-05 9.98329E-05 0.998103 9.98329E-05 9.98329E-05 9.98329E-05
0.00432966 9.99034E-05 0.0182619 0.0351415 9.99034E-05 9.99034E-05 9.99034E-05 9.99034E-05 9.99034E-05 9.99034E-05 0.100461 9.99034E-05 0.0835111 0.487825 0.0684854 0.0262161 0.174669 9.99034E-05 9.99034E-05 9.99034E-05
9.98331E-05 9.98331E-05 9.98331E-05 9.98331E-05 9.98331E-05 9.98331E-05 9.98331E-05 9.98331E-05 9.98331E-05 9.98331E-05 9.98331E-05 9.98331E-05 9.98331E-05 9.98331E-05 9.98331E-05 9.98331E-05 0.998103 9.98331E-05 9.98331E-05 9.98331E-05
9.9833E-05 9.9833E-05 9.9833E-05 9.9833E-05 9.9833E-05 9.9833E-05 9.9833E-05 9.9833E-05 9.9833E-05 9.9833E-05 9.9833E-05 9.9833E-05 9.9833E-05 9.9833E-05 0.998103 9.9833E-05 9.9833E-05 9.9833E-05 9.9833E-05 9.9833E-05
9.98329E-05 9.98329E-05 9.98329E-05 9.98329E-05 9.98329E-05 9.98329E-05 9.98329E-05 9.98329E-05 9.98329E-05 9.98329E-05 9.98329E-05 9.98329E-05 9.98329E-05 9.98329E-05 9.98329E-05 9.98329E-05 0.998103 9.98329E-05 9.98329E-05 9.98329E-05
9.98331E-05 9.98331E-05 9.98331E-05 9.98331E-05 9.98331E-05 9.98331E-05 9.98331E-05 9.98331E-05 9.98331E-05 9.98331E-05 9.98331E-05 9.98331E-05 9.98331E-05 9.98331E-05 9.98331E-05 9.98331E-05 0.998103 9.98331E-05 9.98331E-05 9.98331E-05
9.9833E-05 9.9833E-05 9.9833E-05 9.9833E-05 9.9833E-05 9.9833E-05 9.9833E-05 9.9833E-05 9.9833E-05 9.9833E-05 9.9833E-05 9.9833E-05 9.9833E-05 9.9833E-05 9.9833E-05 9.9833E-05 0.998103 9.9833E-05 9.9833E-05 9.9833E-05
9.98329E-05 9.98329E-05 9.98329E-05 9.98329E-05 9.98329E-05 9.98329E-05 9.98329E-05 9.98329E-05 9.98329E-05 9.98329E-05 9.98329E-05 9.98329E-05 9.98329E-05 9.98329E-05 0.998103 9.98329E-05 9.98329E-05 9.98329E-05 9.98329E-05 9.98329E-05
9.9833E-05 9.9833E-05 9.9833E-05 9.9833E-05 9.9833E-05 9.9833E-05 9.9833E-05 9.9833E-05 9.9833E-05 9.9833E-05 9.9833E-05 9.9833E-05 9.9833E-05 9.9833E-05 9.9833E-05 9.9833E-05 0.998103 9.9833E-05 9.9833E-05 9.9833E-05
9.98329E-05 9.98329E-05 9.98329E-05 9.98329E-05 9.98329E-05 9.98329E-05 9.98329E-05 9.98329E-05 9.98329E-05 9.98329E-05 9.98329E-05 9.98329E-05 9.98329E-05 9.98329E-05 0.998103 9.98329E-05 9.98329E-05 9.98329E-05 9.98329E-05 9.98329E-05
9.9833E-05 9.9833E-05 9.9833E-05 9.9833E-05 9.9833E-05 9.9833E-05 9.9833E-05 9.9833E-05 9.9833E-05 9.9833E-05 9.9833E-05 9.9833E-05 9.9833E-05 9.9833E-05 9.9833E-05 9.9833E-05 0.998103 9.9833E-05 9.9833E-05 9.9833E-05
9.98331E-05 9.98331E-05 9.98331E-05 9.98331E-05 9.98331E-05 9.98331E-05 9.98331E-05 9.98331E-05 9.98331E-05 9.98331E-05 9.98331E-05 9.98331E-05 9.98331E-05 9.98331E-05 9.98331E-05 9.98331E-05 0.998103 9.98331E-05 9.98331E-05 9.98331E-05
9.9833E-05 9.9833E-05 9.9833E-05 9.9833E-05 9.9833E-05 9.9833E-05 9.9833E-05 9.9833E-05 9.9833E-05 9.9833E-05 9.9833E-05 9.9833E-05 9.9833E-05 9.9833E-05 0.998103 9.9833E-05 9.9833E-05 9.9833E-05 9.9833E-05 9.9833E-05
