0.487112 9.9842E-05 9.9842E-05 9.9842E-05 9.9842E-05 0.164661 9.9842E-05 0.011939 9.9842E-05 9.9842E-05 9.9842E-05 9.9842E-05 0.0685626 9.9842E-05 9.9842E-05 0.0624708 0.0710435 9.9842E-05 9.9842E-05 9.9842E-05 9.9842E-05 9.9842E-05 9.9842E-05 9.9842E-05 0.132414
0.835462 9.98247E-05 9.98247E-05 0.0854292 9.98247E-05 0.0436315 9.98247E-05 9.98247E-05 9.98247E-05 9.98247E-05 9.98247E-05 9.98247E-05 0.0331424 9.98247E-05 9.98247E-05 9.98247E-05 9.98247E-05 9.98247E-05 9.98247E-05 9.98247E-05 0.0003384 9.98247E-05 9.98247E-05 9.98247E-05 9.98247E-05
9.97894E-05 9.97894E-05 9.97894E-05 9.97894E-05 9.97894E-05 9.97894E-05 9.97894E-05 9.97894E-05 9.97894E-05 9.97894E-05 9.97894E-05 9.97894E-05 9.97894E-05 9.97894E-05 9.97894E-05 9.97894E-05 9.97894E-05 9.97894E-05 9.97894E-05 9.97894E-05 9.97894E-05 0.997605 9.97894E-05 9.97894E-05 9.97894E-05
0.304407 9.98596E-05 9.98596E-05 9.98596E-05 9.98596E-05 9.98596E-05 9.98596E-05 9.98596E-05 0.0230731 9.98596E-05 9.98596E-05 0.0131901 0.00787944 9.98596E-05 0.122117 0.091611 0.125882 9.98596E-05 9.98596E-05 9.98596E-05 9.98596E-05 9.98596E-05 0.195373 9.98596E-05 0.11487
0.843866 9.98159E-05 9.98159E-05 0.0419529 9.98159E-05 9.98159E-05 9.98159E-05 9.98159E-05 9.98159E-05 0.0263717 9.98159E-05 9.98159E-05 9.98159E-05 9.98159E-05 9.98159E-05 9.98159E-05 9.98159E-05 9.98159E-05 9.98159E-05 0.0857135 9.98159E-05 9.98159E-05 9.98159E-05 9.98159E-05 9.98159E-05
0.213838 9.98685E-05 9.98685E-05 9.98685E-05 9.98685E-05 0.105116 9.98685E-05 0.014462 9.98685E-05 0.122463 9.98685E-05 0.159316 0.0437897 9.98685E-05 0.122388 9.98685E-05 0.00406116 9.98685E-05 9.98685E-05 0.11333 9.98685E-05 0.0997383 9.98685E-05 9.98685E-05 9.98685E-05
0.330758 0.0941652 9.98685E-05 0.104023 9.98685E-05 0.10994 0.030503 9.98685E-05 0.100739 0.041333 9.98685E-05 9.98685E-05 9.98685E-05 9.98685E-05 9.98685E-05 0.0824233 9.98685E-05 9.98685E-05 9.98685E-05 9.98685E-05 9.98685E-05 9.98685E-05 0.0980612 9.98685E-05 0.00655497
9.9886E-05 0.00600591 9.9886E-05 9.9886E-05 9.9886E-05 0.0581101 9.9886E-05 0.0229534 9.9886E-05 0.0582252 9.9886E-05 0.129134 9.9886E-05 0.0573104 0.0195809 0.197173 9.9886E-05 9.9886E-05 0.0530963 0.062476 9.9886E-05 0.227824 9.9886E-05 9.9886E-05 0.106812
0.118963 9.98334E-05 9.98334E-05 9.98334E-05 9.98334E-05 9.98334E-05 0.158246 9.98334E-05 9.98334E-05 9.98334E-05 9.98334E-05 0.214044 0.201721 9.98334E-05 9.98334E-05 9.98334E-05 9.98334E-05 9.98334E-05 9.98334E-05 9.98334E-05 9.98334E-05 0.175162 9.98334E-05 9.98334E-05 0.129968
0.979686 9.97982E-05 9.97982E-05 9.97982E-05 9.97982E-05 9.97982E-05 9.97982E-05 9.97982E-05 9.97982E-05 9.97982E-05 9.97982E-05 9.97982E-05 0.0180185 9.97982E-05 9.97982E-05 9.97982E-05 9.97982E-05 9.97982E-05 9.97982E-05 9.97982E-05 9.97982E-05 9.97982E-05 9.97982E-05 9.97982E-05 9.97982E-05
0.585237 9.98246E-05 9.98246E-05 9.98246E-05 9.98246E-05 9.98246E-05 9.98246E-05 9.98246E-05 0.0866647 9.98246E-05 9.98246E-05 9.98246E-05 0.184028 9.98246E-05 9.98246E-05 0.0986644 9.98246E-05 9.98246E-05 9.98246E-05 9.98246E-05 9.98246E-05 9.98246E-05 9.98246E-05 0.0434098 9.98246E-05
9.98158E-05 9.98158E-05 9.98158E-05 9.98158E-05 9.98158E-05 0.010561 9.98158E-05 9.98158E-05 9.98158E-05 0.020544 9.98158E-05 9.98158E-05 9.98158E-05 9.98158E-05 9.98158E-05 9.98158E-05 0.00823413 9.98158E-05 9.98158E-05 9.98158E-05 9.98158E-05 0.958565 9.98158E-05 9.98158E-05 9.98158E-05
0.931597 9.9807E-05 9.9807E-05 9.9807E-05 9.9807E-05 9.9807E-05 9.9807E-05 9.9807E-05 9.9807E-05 9.9807E-05 9.9807E-05 9.9807E-05 0.0129872 9.9807E-05 9.9807E-05 0.0532198 9.9807E-05 9.9807E-05 9.9807E-05 9.9807E-05 9.9807E-05 9.9807E-05 9.9807E-05 9.9807E-05 9.9807E-05
9.98247E-05 9.98247E-05 9.98247E-05 9.98247E-05 0.206653 9.98247E-05 0.0135619 9.98247E-05 0.0694703 9.98247E-05 9.98247E-05 9.98247E-05 0.0118728 9.98247E-05 9.98247E-05 9.98247E-05 9.98247E-05 9.98247E-05 9.98247E-05 9.98247E-05 9.98247E-05 0.696446 9.98247E-05 9.98247E-05 9.98247E-05
0.23923 9.9851E-05 0.0878849 9.9851E-05 9.9851E-05 0.138021 9.9851E-05 9.9851E-05 9.9851E-05 9.9851E-05 9.9851E-05 0.117438 0.127017 9.9851E-05 9.9851E-05 0.0205682 9.9851E-05 0.0849291 9.9851E-05 9.9851E-05 0.183214 9.9851E-05 9.9851E-05 9.9851E-05 9.9851E-05
0.111863 9.98684E-05 9.98684E-05 9.98684E-05 9.98684E-05 0.158666 9.98684E-05 9.98684E-05 9.98684E-05 0.00539362 9.98684E-05 0.185725 0.0761601 9.98684E-05 9.98684E-05 0.0465861 0.112644 9.98684E-05 0.108567 9.98684E-05 9.98684E-05 0.121837 0.0710584 9.98684E-05 9.98684E-05
9.98336E-05 9.98336E-05 9.98336E-05 0.0609566 9.98336E-05 9.98336E-05 9.98336E-05 9.98336E-05 9.98336E-05 9.98336E-05 9.98336E-05 9.98336E-05 9.98336E-05 9.98336E-05 9.98336E-05 9.98336E-05 0.0575596 0.054555 9.98336E-05 9.98336E-05 0.179104 0.639753 9.98336E-05 9.98336E-05 0.00617532
0.240679 9.98509E-05 9.98509E-05 9.98509E-05 9.98509E-05 0.0968066 9.98509E-05 0.156617 9.98509E-05 9.98509E-05 9.98509E-05 0.0479992 0.136186 9.98509E-05 9.98509E-05 0.185395 9.98509E-05 9.98509E-05 9.98509E-05 9.98509E-05 9.98509E-05 9.98509E-05 9.98509E-05 0.111895 0.0227247
0.383146 9.98421E-05 0.0456375 9.98421E-05 9.98421E-05 9.98421E-05 9.98421E-05 9.98421E-05 9.98421E-05 0.179421 9.98421E-05 0.131258 0.118291 9.98421E-05 9.98421E-05 0.0615521 9.98421E-05 0.078898 9.98421E-05 9.98421E-05 9.98421E-05 9.98421E-05 9.98421E-05 9.98421E-05 9.98421E-05
0.780239 9.98071E-05 9.98071E-05 9.98071E-05 9.98071E-05 9.98071E-05 9.98071E-05 9.98071E-05 9.98071E-05 9.98071E-05 9.98071E-05 9.98071E-05 9.98071E-05 9.98071E-05 9.98071E-05 9.98071E-05 0.0310467 9.98071E-05 9.98071E-05 9.98071E-05 9.98071E-05 0.186519 9.98071E-05 9.98071E-05 9.98071E-05
9.98421E-05 9.98421E-05 9.98421E-05 9.98421E-05 9.98421E-05 9.98421E-05 9.98421E-05 9.98421E-05 0.0202862 9.98421E-05 9.98421E-05 0.0860706 0.000290573 0.120986 9.98421E-05 9.98421E-05 9.98421E-05 9.98421E-05 0.0563656 9.98421E-05 9.98421E-05 0.507811 9.98421E-05 9.98421E-05 0.206393
0.278357 9.98598E-05 0.0456699 9.98598E-05 9.98598E-05 9.98598E-05 9.98598E-05 9.98598E-05 9.98598E-05 9.98598E-05 9.98598E-05 0.0856453 9.98598E-05 0.0580304 0.0798908 0.240914 9.98598E-05 0.0871282 9.98598E-05 0.0879546 9.98598E-05 9.98598E-05 9.98598E-05 9.98598E-05 0.0348124
9.9807E-05 9.9807E-05 9.9807E-05 9.9807E-05 9.9807E-05 0.173989 9.9807E-05 9.9807E-05 9.9807E-05 9.9807E-05 9.9807E-05 9.9807E-05 0.0548483 9.9807E-05 9.9807E-05 9.9807E-05 9.9807E-05 9.9807E-05 9.9807E-05 9.9807E-05 9.9807E-05 0.768967 9.9807E-05 9.9807E-05 9.9807E-05
0.412282 9.98334E-05 9.98334E-05 9.98334E-05 9.98334E-05 9.98334E-05 0.10654 9.98334E-05 9.98334E-05 9.98334E-05 9.98334E-05 9.98334E-05 0.18966 9.98334E-05 9.98334E-05 0.242074 9.98334E-05 9.98334E-05 0.0317575 9.98334E-05 9.98334E-05 0.0157908 9.98334E-05 9.98334E-05 9.98334E-05
0.130479 9.98771E-05 0.0088751 9.98771E-05 9.98771E-05 9.98771E-05 0.025359 9.98771E-05 0.0025594 9.98771E-05 9.98771E-05 0.0881449 0.237494 9.98771E-05 0.121599 0.0342896 0.0966716 0.0482865 9.98771E-05 9.98771E-05 9.98771E-05 0.204844 9.98771E-05 9.98771E-05 9.98771E-05
0.37923 9.98508E-05 9.98508E-05 9.98508E-05 9.98508E-05 9.98508E-05 9.98508E-05 9.98508E-05 9.98508E-05 9.98508E-05 9.98508E-05 0.000271475 0.101528 9.98508E-05 9.98508E-05 0.0381962 9.98508E-05 9.98508E-05 9.98508E-05 0.00419265 0.0894963 0.347874 9.98508E-05 9.98508E-05 0.0375142
0.105537 9.98421E-05 9.98421E-05 9.98421E-05 9.98421E-05 9.98421E-05 9.98421E-05 0.0709621 9.98421E-05 9.98421E-05 9.98421E-05 9.98421E-05 0.103657 9.98421E-05 0.383798 0.29538 9.98421E-05 9.98421E-05 0.0297445 9.98421E-05 9.98421E-05 9.98421E-05 9.98421E-05 0.00912384 9.98421E-05
0.197196 9.98509E-05 9.98509E-05 0.101369 9.98509E-05 9.98509E-05 9.98509E-05 9.98509E-05 9.98509E-05 9.98509E-05 0.00615108 0.009834 0.0522941 9.98509E-05 9.98509E-05 0.0641209 9.98509E-05 9.98509E-05 9.98509E-05 9.98509E-05 9.98509E-05 0.514041 0.0532961 9.98509E-05 9.98509E-05
0.679847 9.98597E-05 9.98597E-05 9.98597E-05 0.0305064 0.0449426 0.00796669 9.98597E-05 9.98597E-05 9.98597E-05 9.98597E-05 9.98597E-05 0.171787 9.98597E-05 0.0145881 0.0149192 9.98597E-05 9.98597E-05 9.98597E-05 9.98597E-05 9.98597E-05 9.98597E-05 0.00819639 0.0256489 9.98597E-05
9.9807E-05 9.9807E-05 9.9807E-05 9.9807E-05 9.9807E-05 9.9807E-05 9.9807E-05 9.9807E-05 9.9807E-05 0.0017287 9.9807E-05 9.9807E-05 9.9807E-05 9.9807E-05 9.9807E-05 9.9807E-05 9.9807E-05 9.9807E-05 9.9807E-05 9.9807E-05 0.248296 0.74778 9.9807E-05 9.9807E-05 9.9807E-05
0.694821 9.98334E-05 9.98334E-05 9.98334E-05 9.98334E-05 0.0932929 9.98334E-05 9.98334E-05 0.0955253 9.98334E-05 9.98334E-05 0.0402967 0.051377 9.98334E-05 9.98334E-05 9.98334E-05 9.98334E-05 0.0227903 9.98334E-05 9.98334E-05 9.98334E-05 9.98334E-05 9.98334E-05 9.98334E-05 9.98334E-05
0.411751 9.98597E-05 9.98597E-05 9.98597E-05 9.98597E-05 9.98597E-05 9.98597E-05 9.98597E-05 0.0549199 9.98597E-05 0.097605 0.00891084 0.125277 9.98597E-05 0.140788 0.0136902 9.98597E-05 9.98597E-05 9.98597E-05 9.98597E-05 9.98597E-05 0.103646 9.98597E-05 9.98597E-05 0.0418156
0.513808 0.0193428 9.98595E-05 9.98595E-05 9.98595E-05 0.128636 9.98595E-05 9.98595E-05 0.0769717 9.98595E-05 9.98595E-05 9.98595E-05 0.121851 9.98595E-05 0.0100766 0.0411828 9.98595E-05 9.98595E-05 0.0347235 9.98595E-05 9.98595E-05 0.0518101 9.98595E-05 9.98595E-05 9.98595E-05
9.98333E-05 9.98333E-05 9.98333E-05 9.98333E-05 9.98333E-05 9.98333E-05 9.98333E-05 0.024907 9.98333E-05 0.0339991 9.98333E-05 9.98333E-05 0.089136 9.98333E-05 0.21631 0.0704219 9.98333E-05 9.98333E-05 9.98333E-05 9.98333E-05 9.98333E-05 0.563329 9.98333E-05 9.98333E-05 9.98333E-05
0.517056 9.98247E-05 9.98247E-05 0.0610087 9.98247E-05 9.98247E-05 9.98247E-05 9.98247E-05 0.000571417 9.98247E-05 9.98247E-05 9.98247E-05 9.98247E-05 9.98247E-05 9.98247E-05 9.98247E-05 0.0857935 9.98247E-05 9.98247E-05 9.98247E-05 9.98247E-05 0.333574 9.98247E-05 9.98247E-05 9.98247E-05
0.778977 9.98335E-05 9.98335E-05 9.98335E-05 9.98335E-05 9.98335E-05 9.98335E-05 9.98335E-05 0.0114959 9.98335E-05 9.98335E-05 0.0386704 9.98335E-05 9.98335E-05 9.98335E-05 0.00409099 9.98335E-05 9.98335E-05 9.98335E-05 9.98335E-05 9.98335E-05 9.98335E-05 0.162275 9.98335E-05 0.00259411
9.98071E-05 0.0240242 9.98071E-05 9.98071E-05 9.98071E-05 9.98071E-05 9.98071E-05 9.98071E-05 9.98071E-05 0.0695688 9.98071E-05 9.98071E-05 9.98071E-05 9.98071E-05 9.98071E-05 9.98071E-05 9.98071E-05 9.98071E-05 9.98071E-05 9.98071E-05 9.98071E-05 0.904211 9.98071E-05 9.98071E-05 9.98071E-05
9.98247E-05 9.98247E-05 9.98247E-05 0.0424543 9.98247E-05 9.98247E-05 9.98247E-05 9.98247E-05 9.98247E-05 9.98247E-05 9.98247E-05 0.124823 0.0673899 9.98247E-05 9.98247E-05 9.98247E-05 0.0774587 9.98247E-05 9.98247E-05 9.98247E-05 9.98247E-05 0.685877 9.98247E-05 9.98247E-05 9.98247E-05
9.98422E-05 9.98422E-05 9.98422E-05 0.046229 9.98422E-05 9.98422E-05 9.98422E-05 9.98422E-05 9.98422E-05 9.98422E-05 9.98422E-05 0.00891104 0.116049 9.98422E-05 9.98422E-05 0.0681154 9.98422E-05 9.98422E-05 9.98422E-05 0.0677972 0.192475 0.498626 9.98422E-05 9.98422E-05 9.98422E-05
9.9842E-05 9.9842E-05 9.9842E-05 9.9842E-05 0.102158 9.9842E-05 9.9842E-05 9.9842E-05 9.9842E-05 0.0344 9.9842E-05 9.9842E-05 0.10429 9.9842E-05 0.0571465 0.00889763 9.9842E-05 9.9842E-05 0.0700527 9.9842E-05 9.9842E-05 0.621257 9.9842E-05 9.9842E-05 9.9842E-05
0.814809 9.98246E-05 9.98246E-05 9.98246E-05 9.98246E-05 9.98246E-05 9.98246E-05 9.98246E-05 0.0264088 0.0211378 9.98246E-05 9.98246E-05 0.0739165 9.98246E-05 9.98246E-05 0.0617311 9.98246E-05 9.98246E-05 9.98246E-05 9.98246E-05 9.98246E-05 9.98246E-05 9.98246E-05 9.98246E-05 9.98246E-05
0.764782 9.98248E-05 9.98248E-05 0.034337 9.98248E-05 9.98248E-05 0.0508149 9.98248E-05 9.98248E-05 9.98248E-05 9.98248E-05 9.98248E-05 0.0235063 9.98248E-05 9.98248E-05 0.124564 9.98248E-05 9.98248E-05 9.98248E-05 9.98248E-05 9.98248E-05 9.98248E-05 9.98248E-05 9.98248E-05 9.98248E-05
0.917037 9.97984E-05 9.97984E-05 9.97984E-05 0.0806673 9.97984E-05 9.97984E-05 9.97984E-05 9.97984E-05 9.97984E-05 9.97984E-05 9.97984E-05 9.97984E-05 9.97984E-05 9.97984E-05 9.97984E-05 9.97984E-05 9.97984E-05 9.97984E-05 9.97984E-05 9.97984E-05 9.97984E-05 9.97984E-05 9.97984E-05 9.97984E-05
0.177655 9.98509E-05 9.98509E-05 9.98509E-05 9.98509E-05 0.140475 0.103306 9.98509E-05 9.98509E-05 9.98509E-05 9.98509E-05 0.105796 0.156359 9.98509E-05 9.98509E-05 0.0742003 9.98509E-05 9.98509E-05 9.98509E-05 9.98509E-05 9.98509E-05 0.235806 0.00470513 9.98509E-05 9.98509E-05
9.98333E-05 9.98333E-05 9.98333E-05 9.98333E-05 9.98333E-05 9.98333E-05 9.98333E-05 9.98333E-05 9.98333E-05 0.0713479 9.98333E-05 9.98333E-05 0.149618 9.98333E-05 9.98333E-05 0.384165 9.98333E-05 9.98333E-05 9.98333E-05 0.075514 9.98333E-05 0.275671 0.0417881 9.98333E-05 9.98333E-05
0.871574 9.98333E-05 9.98333E-05 9.98333E-05 9.98333E-05 9.98333E-05 9.98333E-05 9.98333E-05 9.98333E-05 0.0359253 9.98333E-05 9.98333E-05 0.00912084 0.0244912 9.98333E-05 9.98333E-05 9.98333E-05 9.98333E-05 9.98333E-05 9.98333E-05 9.98333E-05 0.00321816 9.98333E-05 0.053774 9.98333E-05
0.806222 9.98247E-05 9.98247E-05 9.98247E-05 9.98247E-05 9.98247E-05 9.98247E-05 9.98247E-05 0.0652612 9.98247E-05 9.98247E-05 0.0528873 0.0517355 9.98247E-05 9.98247E-05 9.98247E-05 9.98247E-05 9.98247E-05 9.98247E-05 9.98247E-05 9.98247E-05 9.98247E-05 0.0218969 9.98247E-05 9.98247E-05
9.97895E-05 9.97895E-05 9.97895E-05 9.97895E-05 9.97895E-05 9.97895E-05 9.97895E-05 9.97895E-05 9.97895E-05 9.97895E-05 9.97895E-05 9.97895E-05 9.97895E-05 9.97895E-05 9.97895E-05 9.97895E-05 9.97895E-05 9.97895E-05 9.97895E-05 9.97895E-05 9.97895E-05 0.997605 9.97895E-05 9.97895E-05 9.97895E-05
0.585699 9.98419E-05 9.98419E-05 9.98419E-05 9.98419E-05 0.0157788 9.98419E-05 9.98419E-05 0.0448559 0.0129909 9.98419E-05 9.98419E-05 0.135514 9.98419E-05 9.98419E-05 0.126259 9.98419E-05 9.98419E-05 9.98419E-05 9.98419E-05 9.98419E-05 0.0771053 9.98419E-05 9.98419E-05 9.98419E-05
9.98513E-05 0.0406196 0.00650825 9.98513E-05 9.98513E-05 9.98513E-05 9.98513E-05 0.00371535 9.98513E-05 0.13671 9.98513E-05 0.0176345 9.98513E-05 9.98513E-05 9.98513E-05 9.98513E-05 9.98513E-05 9.98513E-05 9.98513E-05 9.98513E-05 0.0111478 0.778249 9.98513E-05 0.00371842 9.98513E-05
0.0321898 9.98859E-05 9.98859E-05 9.98859E-05 9.98859E-05 0.0173222 0.00298328 9.98859E-05 0.0826794 9.98859E-05 9.98859E-05 0.016274 0.231929 0.0273602 0.197329 0.0233896 0.0470155 9.98859E-05 9.98859E-05 9.98859E-05 9.98859E-05 0.306088 0.01414 9.98859E-05 9.98859E-05
0.667527 9.98246E-05 9.98246E-05 9.98246E-05 9.98246E-05 9.98246E-05 9.98246E-05 9.98246E-05 9.98246E-05 9.98246E-05 9.98246E-05 9.98246E-05 9.98246E-05 9.98246E-05 9.98246E-05 0.117027 9.98246E-05 9.98246E-05 0.0172144 0.0471043 9.98246E-05 9.98246E-05 0.149131 9.98246E-05 9.98246E-05
0.928489 9.9816E-05 9.9816E-05 0.0199271 9.9816E-05 9.9816E-05 9.9816E-05 9.9816E-05 9.9816E-05 9.9816E-05 9.9816E-05 0.00859416 9.9816E-05 9.9816E-05 9.9816E-05 9.9816E-05 9.9816E-05 0.0408939 9.9816E-05 9.9816E-05 9.9816E-05 9.9816E-05 9.9816E-05 9.9816E-05 9.9816E-05
9.98509E-05 0.0224193 0.0223416 9.98509E-05 9.98509E-05 9.98509E-05 9.98509E-05 0.0038008 9.98509E-05 9.98509E-05 9.98509E-05 9.98509E-05 0.0106462 9.98509E-05 9.98509E-05 9.98509E-05 0.0155045 9.98509E-05 0.144919 0.0248607 9.98509E-05 0.753811 9.98509E-05 9.98509E-05 9.98509E-05
9.98159E-05 9.98159E-05 0.0138373 9.98159E-05 9.98159E-05 9.98159E-05 9.98159E-05 9.98159E-05 9.98159E-05 9.98159E-05 9.98159E-05 9.98159E-05 0.0941728 9.98159E-05 9.98159E-05 9.98159E-05 9.98159E-05 0.0583299 9.98159E-05 9.98159E-05 9.98159E-05 0.831564 9.98159E-05 9.98159E-05 9.98159E-05
0.77578 9.98334E-05 9.98334E-05 9.98334E-05 9.98334E-05 9.98334E-05 9.98334E-05 9.98334E-05 0.0272201 0.0358229 9.98334E-05 9.98334E-05 9.98334E-05 9.98334E-05 0.109652 9.98334E-05 0.0434567 9.98334E-05 9.98334E-05 0.00617187 9.98334E-05 9.98334E-05 9.98334E-05 9.98334E-05 9.98334E-05
0.804028 9.98246E-05 9.98246E-05 9.98246E-05 9.98246E-05 9.98246E-05 9.98246E-05 0.0424204 9.98246E-05 0.0329059 9.98246E-05 9.98246E-05 0.0331218 9.98246E-05 9.98246E-05 9.98246E-05 9.98246E-05 9.98246E-05 9.98246E-05 9.98246E-05 9.98246E-05 9.98246E-05 9.98246E-05 9.98246E-05 0.0855272
9.98159E-05 9.98159E-05 9.98159E-05 9.98159E-05 9.98159E-05 9.98159E-05 9.98159E-05 9.98159E-05 0.00603716 9.98159E-05 9.98159E-05 9.98159E-05 0.00193501 9.98159E-05 9.98159E-05 9.98159E-05 9.98159E-05 9.98159E-05 9.98159E-05 9.98159E-05 9.98159E-05 0.912607 0.0773249 9.98159E-05 9.98159E-05
0.723307 0.0713863 9.98334E-05 0.0314032 9.98334E-05 9.98334E-05 9.98334E-05 9.98334E-05 9.98334E-05 9.98334E-05 9.98334E-05 0.00509775 9.98334E-05 9.98334E-05 9.98334E-05 9.98334E-05 9.98334E-05 9.98334E-05 9.98334E-05 9.98334E-05 9.98334E-05 0.139722 0.0271867 9.98334E-05 9.98334E-05
9.98507E-05 9.98507E-05 0.0237413 9.98507E-05 9.98507E-05 0.683517 9.98507E-05 0.0493293 9.98507E-05 9.98507E-05 9.98507E-05 0.0407853 0.0758127 9.98507E-05 0.00569333 0.0271066 9.98507E-05 9.98507E-05 9.98507E-05 9.98507E-05 9.98507E-05 9.98507E-05 9.98507E-05 9.98507E-05 0.0923174
9.97985E-05 9.97985E-05 9.97985E-05 9.97985E-05 9.97985E-05 0.973089 9.97985E-05 9.97985E-05 9.97985E-05 9.97985E-05 9.97985E-05 9.97985E-05 9.97985E-05 9.97985E-05 9.97985E-05 9.97985E-05 9.97985E-05 9.97985E-05 0.0246154 9.97985E-05 9.97985E-05 9.97985E-05 9.97985E-05 9.97985E-05 9.97985E-05
9.9807E-05 0.0109882 9.9807E-05 9.9807E-05 9.9807E-05 0.92974 9.9807E-05 0.0570758 9.9807E-05 9.9807E-05 9.9807E-05 9.9807E-05 9.9807E-05 9.9807E-05 9.9807E-05 9.9807E-05 9.9807E-05 9.9807E-05 9.9807E-05 9.9807E-05 9.9807E-05 9.9807E-05 9.9807E-05 9.9807E-05 9.9807E-05
9.98333E-05 0.0454221 9.98333E-05 0.239311 9.98333E-05 0.358305 9.98333E-05 9.98333E-05 9.98333E-05 9.98333E-05 9.98333E-05 0.131819 0.0348105 9.98333E-05 0.188435 9.98333E-05 9.98333E-05 9.98333E-05 9.98333E-05 9.98333E-05 9.98333E-05 9.98333E-05 9.98333E-05 9.98333E-05 9.98333E-05
9.98593E-05 0.0315646 9.98593E-05 9.98593E-05 9.98593E-05 0.654178 9.98593E-05 0.0185197 9.98593E-05 0.0090864 9.98593E-05 0.0729347 0.0324968 9.98593E-05 9.98593E-05 0.0854232 9.98593E-05 9.98593E-05 9.98593E-05 0.0387894 9.98593E-05 9.98593E-05 9.98593E-05 0.0554094 9.98593E-05
9.98331E-05 9.98331E-05 0.0278012 9.98331E-05 9.98331E-05 0.722362 0.0115518 9.98331E-05 9.98331E-05 9.98331E-05 9.98331E-05 0.0440493 0.11267 9.98331E-05 9.98331E-05 0.0796691 9.98331E-05 9.98331E-05 9.98331E-05 9.98331E-05 9.98331E-05 9.98331E-05 9.98331E-05 9.98331E-05 9.98331E-05
9.98155E-05 9.98155E-05 9.98155E-05 0.249855 9.98155E-05 0.4926 9.98155E-05 9.98155E-05 0.0789283 9.98155E-05 9.98155E-05 9.98155E-05 0.17652 9.98155E-05 9.98155E-05 9.98155E-05 9.98155E-05 9.98155E-05 9.98155E-05 9.98155E-05 9.98155E-05 9.98155E-05 9.98155E-05 9.98155E-05 9.98155E-05
9.98506E-05 0.00647669 9.98506E-05 0.088203 9.98506E-05 0.552967 9.98506E-05 0.115502 9.98506E-05 0.00621699 9.98506E-05 0.117899 0.0546893 9.98506E-05 0.0563484 9.98506E-05 9.98506E-05 9.98506E-05 9.98506E-05 9.98506E-05 9.98506E-05 9.98506E-05 9.98506E-05 9.98506E-05 9.98506E-05
9.97982E-05 9.97982E-05 9.97982E-05 0.0236789 9.97982E-05 0.974026 9.97982E-05 9.97982E-05 9.97982E-05 9.97982E-05 9.97982E-05 9.97982E-05 9.97982E-05 9.97982E-05 9.97982E-05 9.97982E-05 9.97982E-05 9.97982E-05 9.97982E-05 9.97982E-05 9.97982E-05 9.97982E-05 9.97982E-05 9.97982E-05 9.97982E-05
9.9807E-05 9.9807E-05 9.9807E-05 9.9807E-05 9.9807E-05 0.876728 9.9807E-05 9.9807E-05 0.102187 0.0188897 9.9807E-05 9.9807E-05 9.9807E-05 9.9807E-05 9.9807E-05 9.9807E-05 9.9807E-05 9.9807E-05 9.9807E-05 9.9807E-05 9.9807E-05 9.9807E-05 9.9807E-05 9.9807E-05 9.9807E-05
9.98242E-05 9.98242E-05 9.98242E-05 9.98242E-05 9.98242E-05 0.545773 9.98242E-05 9.98242E-05 0.154193 0.0185697 9.98242E-05 0.0359743 0.243494 9.98242E-05 9.98242E-05 9.98242E-05 9.98242E-05 9.98242E-05 9.98242E-05 9.98242E-05 9.98242E-05 9.98242E-05 9.98242E-05 9.98242E-05 9.98242E-05
9.9877E-05 9.9877E-05 0.0365811 0.000632043 9.9877E-05 0.401813 9.9877E-05 9.9877E-05 0.0877304 9.9877E-05 9.9877E-05 0.0173885 0.0170125 9.9877E-05 9.9877E-05 0.181241 0.0809266 0.0325965 9.9877E-05 0.0491722 9.9877E-05 9.9877E-05 0.0935076 9.9877E-05 9.9877E-05
9.98243E-05 9.98243E-05 9.98243E-05 9.98243E-05 9.98243E-05 0.567699 9.98243E-05 9.98243E-05 0.0936014 9.98243E-05 9.98243E-05 0.123196 9.98243E-05 0.169383 0.0441232 9.98243E-05 9.98243E-05 9.98243E-05 9.98243E-05 9.98243E-05 9.98243E-05 9.98243E-05 9.98243E-05 9.98243E-05 9.98243E-05
9.98506E-05 9.98506E-05 9.98506E-05 0.0572626 9.98506E-05 0.52624 9.98506E-05 9.98506E-05 9.98506E-05 0.027995 9.98506E-05 0.0469441 0.0956644 0.0610316 9.98506E-05 0.157007 9.98506E-05 0.0261574 9.98506E-05 9.98506E-05 9.98506E-05 9.98506E-05 9.98506E-05 9.98506E-05 9.98506E-05
9.98161E-05 9.98161E-05 9.98161E-05 9.98161E-05 9.98161E-05 0.881418 9.98161E-05 9.98161E-05 9.98161E-05 9.98161E-05 9.98161E-05 9.98161E-05 9.98161E-05 9.98161E-05 0.0548001 9.98161E-05 9.98161E-05 0.00555669 9.98161E-05 0.0561286 9.98161E-05 9.98161E-05 9.98161E-05 9.98161E-05 9.98161E-05
9.9816E-05 9.9816E-05 9.9816E-05 9.9816E-05 9.9816E-05 0.875692 9.9816E-05 9.9816E-05 9.9816E-05 9.9816E-05 9.9816E-05 9.9816E-05 9.9816E-05 9.9816E-05 9.9816E-05 0.00689017 0.0193466 9.9816E-05 9.9816E-05 9.9816E-05 9.9816E-05 9.9816E-05 9.9816E-05 9.9816E-05 0.095975
9.98418E-05 0.05652 9.98418E-05 9.98418E-05 9.98418E-05 0.725433 9.98418E-05 0.00703554 9.98418E-05 0.0971308 9.98418E-05 9.98418E-05 0.00754353 9.98418E-05 0.0705977 9.98418E-05 9.98418E-05 9.98418E-05 9.98418E-05 9.98418E-05 9.98418E-05 9.98418E-05 9.98418E-05 9.98418E-05 0.0339426
9.98332E-05 9.98332E-05 9.98332E-05 9.98332E-05 9.98332E-05 0.623715 9.98332E-05 9.98332E-05 0.116191 0.0773947 9.98332E-05 0.0451896 9.98332E-05 9.98332E-05 9.98332E-05 0.110734 9.98332E-05 9.98332E-05 9.98332E-05 9.98332E-05 9.98332E-05 9.98332E-05 0.0248785 9.98332E-05 9.98332E-05
9.98333E-05 9.98333E-05 9.98333E-05 9.98333E-05 9.98333E-05 0.735265 9.98333E-05 0.0565494 0.0833521 9.98333E-05 9.98333E-05 0.00568216 9.98333E-05 0.0357884 9.98333E-05 9.98333E-05 9.98333E-05 9.98333E-05 9.98333E-05 9.98333E-05 9.98333E-05 9.98333E-05 0.0814663 9.98333E-05 9.98333E-05
9.98243E-05 0.0379473 9.98243E-05 9.98243E-05 9.98243E-05 0.632325 9.98243E-05 9.98243E-05 9.98243E-05 9.98243E-05 9.98243E-05 9.98243E-05 0.229176 9.98243E-05 9.98243E-05 9.98243E-05 0.0357306 9.98243E-05 0.0628242 9.98243E-05 9.98243E-05 9.98243E-05 9.98243E-05 9.98243E-05 9.98243E-05
9.98075E-05 0.0574376 9.98075E-05 9.98075E-05 0.0587113 0.881655 9.98075E-05 9.98075E-05 9.98075E-05 9.98075E-05 9.98075E-05 9.98075E-05 9.98075E-05 9.98075E-05 9.98075E-05 9.98075E-05 9.98075E-05 9.98075E-05 9.98075E-05 9.98075E-05 9.98075E-05 9.98075E-05 9.98075E-05 9.98075E-05 9.98075E-05
9.98243E-05 9.98243E-05 0.0153328 0.0190099 9.98243E-05 0.672396 9.98243E-05 9.98243E-05 9.98243E-05 9.98243E-05 9.98243E-05 9.98243E-05 0.0591471 9.98243E-05 9.98243E-05 0.232117 9.98243E-05 9.98243E-05 9.98243E-05 9.98243E-05 9.98243E-05 9.98243E-05 9.98243E-05 9.98243E-05 9.98243E-05
9.98247E-05 9.98247E-05 0.00524072 9.98247E-05 9.98247E-05 0.767955 9.98247E-05 9.98247E-05 9.98247E-05 9.98247E-05 9.98247E-05 9.98247E-05 0.0313703 9.98247E-05 0.146853 0.0465847 9.98247E-05 9.98247E-05 9.98247E-05 9.98247E-05 9.98247E-05 9.98247E-05 9.98247E-05 9.98247E-05 9.98247E-05
9.98507E-05 9.98507E-05 9.98507E-05 9.98507E-05 9.98507E-05 0.679526 0.017947 0.113035 0.0179761 0.0608242 9.98507E-05 0.0874458 0.0151547 0.00639354 9.98507E-05 9.98507E-05 9.98507E-05 9.98507E-05 9.98507E-05 9.98507E-05 9.98507E-05 9.98507E-05 9.98507E-05 9.98507E-05 9.98507E-05
9.98155E-05 9.98155E-05 0.0450827 9.98155E-05 9.98155E-05 0.790588 9.98155E-05 9.98155E-05 0.159141 9.98155E-05 9.98155E-05 9.98155E-05 0.00309238 9.98155E-05 9.98155E-05 9.98155E-05 9.98155E-05 9.98155E-05 9.98155E-05 9.98155E-05 9.98155E-05 9.98155E-05 9.98155E-05 9.98155E-05 9.98155E-05
9.98247E-05 9.98247E-05 9.98247E-05 9.98247E-05 9.98247E-05 0.901177 9.98247E-05 9.98247E-05 9.98247E-05 9.98247E-05 9.98247E-05 0.00666855 0.0124346 9.98247E-05 9.98247E-05 9.98247E-05 9.98247E-05 9.98247E-05 9.98247E-05 9.98247E-05 9.98247E-05 0.0750754 9.98247E-05 0.00264823 9.98247E-05
9.97898E-05 9.97898E-05 9.97898E-05 9.97898E-05 9.97898E-05 0.997605 9.97898E-05 9.97898E-05 9.97898E-05 9.97898E-05 9.97898E-05 9.97898E-05 9.97898E-05 9.97898E-05 9.97898E-05 9.97898E-05 9.97898E-05 9.97898E-05 9.97898E-05 9.97898E-05 9.97898E-05 9.97898E-05 9.97898E-05 9.97898E-05 9.97898E-05
9.97897E-05 9.97897E-05 9.97897E-05 9.97897E-05 9.97897E-05 0.997605 9.97897E-05 9.97897E-05 9.97897E-05 9.97897E-05 9.97897E-05 9.97897E-05 9.97897E-05 9.97897E-05 9.97897E-05 9.97897E-05 9.97897E-05 9.97897E-05 9.97897E-05 9.97897E-05 9.97897E-05 9.97897E-05 9.97897E-05 9.97897E-05 9.97897E-05
9.98159E-05 9.98159E-05 9.98159E-05 9.98159E-05 9.98159E-05 0.825899 9.98159E-05 0.113496 9.98159E-05 9.98159E-05 9.98159E-05 0.0297288 0.0287802 9.98159E-05 9.98159E-05 9.98159E-05 9.98159E-05 9.98159E-05 9.98159E-05 9.98159E-05 9.98159E-05 9.98159E-05 9.98159E-05 9.98159E-05 9.98159E-05
9.9816E-05 9.9816E-05 9.9816E-05 9.9816E-05 0.304098 0.534234 9.9816E-05 9.9816E-05 9.9816E-05 9.9816E-05 9.9816E-05 0.0936265 0.0659453 9.9816E-05 9.9816E-05 9.9816E-05 9.9816E-05 9.9816E-05 9.9816E-05 9.9816E-05 9.9816E-05 9.9816E-05 9.9816E-05 9.9816E-05 9.9816E-05
9.9807E-05 9.9807E-05 9.9807E-05 9.9807E-05 9.9807E-05 9.9807E-05 9.9807E-05 9.9807E-05 9.9807E-05 9.9807E-05 9.9807E-05 0.0203795 0.108476 9.9807E-05 0.868949 9.9807E-05 9.9807E-05 9.9807E-05 9.9807E-05 9.9807E-05 9.9807E-05 9.9807E-05 9.9807E-05 9.9807E-05 9.9807E-05
9.9807E-05 9.9807E-05 9.9807E-05 9.9807E-05 0.704105 9.9807E-05 9.9807E-05 9.9807E-05 9.9807E-05 9.9807E-05 9.9807E-05 9.9807E-05 9.9807E-05 9.9807E-05 0.165224 9.9807E-05 9.9807E-05 9.9807E-05 9.9807E-05 9.9807E-05 0.128475 9.9807E-05 9.9807E-05 9.9807E-05 9.9807E-05
9.9842E-05 9.9842E-05 9.9842E-05 9.9842E-05 9.9842E-05 9.9842E-05 9.9842E-05 0.021618 0.0223732 9.9842E-05 9.9842E-05 9.9842E-05 0.0229386 9.9842E-05 0.851253 0.0111603 9.9842E-05 0.00947531 9.9842E-05 0.0593848 9.9842E-05 9.9842E-05 9.9842E-05 9.9842E-05 9.9842E-05
9.98243E-05 9.98243E-05 9.98243E-05 9.98243E-05 9.98243E-05 9.98243E-05 9.98243E-05 0.00817655 0.000348862 9.98243E-05 9.98243E-05 0.0132147 0.0975039 9.98243E-05 0.87876 9.98243E-05 9.98243E-05 9.98243E-05 9.98243E-05 9.98243E-05 9.98243E-05 9.98243E-05 9.98243E-05 9.98243E-05 9.98243E-05
9.98068E-05 9.98068E-05 9.98068E-05 9.98068E-05 9.98068E-05 9.98068E-05 9.98068E-05 9.98068E-05 9.98068E-05 9.98068E-05 9.98068E-05 0.0419545 9.98068E-05 9.98068E-05 0.930872 9.98068E-05 9.98068E-05 9.98068E-05 9.98068E-05 0.0249779 9.98068E-05 9.98068E-05 9.98068E-05 9.98068E-05 9.98068E-05
9.98508E-05 9.98508E-05 9.98508E-05 0.00107024 0.143083 9.98508E-05 9.98508E-05 9.98508E-05 9.98508E-05 9.98508E-05 9.98508E-05 0.161636 0.142904 9.98508E-05 0.470648 9.98508E-05 9.98508E-05 9.98508E-05 9.98508E-05 0.011089 9.98508E-05 9.98508E-05 0.0525292 0.0153436 9.98508E-05
9.9842E-05 9.9842E-05 9.9842E-05 9.9842E-05 0.0475071 9.9842E-05 9.9842E-05 0.0111226 0.00651957 9.9842E-05 9.9842E-05 0.0623862 0.0519836 9.9842E-05 0.739713 0.0789707 9.9842E-05 9.9842E-05 9.9842E-05 9.9842E-05 9.9842E-05 9.9842E-05 9.9842E-05 9.9842E-05 9.9842E-05
9.97983E-05 9.97983E-05 9.97983E-05 9.97983E-05 9.97983E-05 9.97983E-05 9.97983E-05 9.97983E-05 9.97983E-05 9.97983E-05 9.97983E-05 0.219599 9.97983E-05 9.97983E-05 0.778106 9.97983E-05 9.97983E-05 9.97983E-05 9.97983E-05 9.97983E-05 9.97983E-05 9.97983E-05 9.97983E-05 9.97983E-05 9.97983E-05
9.98244E-05 9.98244E-05 9.98244E-05 0.224009 9.98244E-05 9.98244E-05 9.98244E-05 9.98244E-05 9.98244E-05 9.98244E-05 9.98244E-05 0.321815 0.0134818 9.98244E-05 0.417885 9.98244E-05 9.98244E-05 0.0208129 9.98244E-05 9.98244E-05 9.98244E-05 9.98244E-05 9.98244E-05 9.98244E-05 9.98244E-05
9.98157E-05 9.98157E-05 9.98157E-05 9.98157E-05 9.98157E-05 9.98157E-05 9.98157E-05 9.98157E-05 9.98157E-05 9.98157E-05 9.98157E-05 0.206237 0.254612 9.98157E-05 0.519575 9.98157E-05 9.98157E-05 0.0174795 9.98157E-05 9.98157E-05 9.98157E-05 9.98157E-05 9.98157E-05 9.98157E-05 9.98157E-05
9.98247E-05 9.98247E-05 9.98247E-05 0.145698 9.98247E-05 9.98247E-05 9.98247E-05 9.98247E-05 9.98247E-05 9.98247E-05 0.461206 0.0132053 0.00840347 9.98247E-05 0.369491 9.98247E-05 9.98247E-05 9.98247E-05 9.98247E-05 9.98247E-05 9.98247E-05 9.98247E-05 9.98247E-05 9.98247E-05 9.98247E-05
9.98158E-05 9.98158E-05 9.98158E-05 0.0768114 9.98158E-05 9.98158E-05 9.98158E-05 9.98158E-05 0.00244568 9.98158E-05 9.98158E-05 9.98158E-05 9.98158E-05 9.98158E-05 0.619538 9.98158E-05 9.98158E-05 9.98158E-05 9.98158E-05 9.98158E-05 0.299109 9.98158E-05 9.98158E-05 9.98158E-05 9.98158E-05
9.98072E-05 9.98072E-05 9.98072E-05 9.98072E-05 0.26778 9.98072E-05 9.98072E-05 9.98072E-05 9.98072E-05 9.98072E-05 9.98072E-05 0.110904 9.98072E-05 9.98072E-05 0.619121 9.98072E-05 9.98072E-05 9.98072E-05 9.98072E-05 9.98072E-05 9.98072E-05 9.98072E-05 9.98072E-05 9.98072E-05 9.98072E-05
9.98334E-05 9.98334E-05 9.98334E-05 0.01319 9.98334E-05 9.98334E-05 0.0614402 9.98334E-05 9.98334E-05 9.98334E-05 0.103571 0.204769 0.15951 9.98334E-05 0.455624 9.98334E-05 9.98334E-05 9.98334E-05 9.98334E-05 9.98334E-05 9.98334E-05 9.98334E-05 9.98334E-05 9.98334E-05 9.98334E-05
9.98598E-05 9.98598E-05 9.98598E-05 0.0198298 0.163164 9.98598E-05 9.98598E-05 0.0679755 0.033118 9.98598E-05 0.0379265 0.0477889 9.98598E-05 9.98598E-05 0.530814 9.98598E-05 9.98598E-05 9.98598E-05 0.000267014 9.98598E-05 9.98598E-05 9.98598E-05 9.98598E-05 0.0975192 9.98598E-05
9.9851E-05 9.9851E-05 0.00666563 0.106584 0.0314383 9.9851E-05 9.9851E-05 9.9851E-05 0.00572969 9.9851E-05 9.9851E-05 9.9851E-05 0.14365 9.9851E-05 0.627061 9.9851E-05 9.9851E-05 9.9851E-05 9.9851E-05 0.0126716 9.9851E-05 9.9851E-05 0.0645033 9.9851E-05 9.9851E-05
9.98421E-05 9.98421E-05 0.026706 0.19374 9.98421E-05 9.98421E-05 9.98421E-05 9.98421E-05 9.98421E-05 9.98421E-05 0.113995 0.00487459 0.0788492 9.98421E-05 0.519279 9.98421E-05 9.98421E-05 9.98421E-05 9.98421E-05 9.98421E-05 9.98421E-05 9.98421E-05 9.98421E-05 0.0607589 9.98421E-05
9.98423E-05 9.98423E-05 9.98423E-05 9.98423E-05 9.98423E-05 9.98423E-05 0.0103814 9.98423E-05 9.98423E-05 9.98423E-05 0.0115109 0.112259 9.98423E-05 0.0681861 0.652877 0.0860752 9.98423E-05 9.98423E-05 9.98423E-05 0.0569135 9.98423E-05 9.98423E-05 9.98423E-05 9.98423E-05 9.98423E-05
9.9807E-05 9.9807E-05 9.9807E-05 9.9807E-05 9.9807E-05 9.9807E-05 9.9807E-05 9.9807E-05 0.000386912 9.9807E-05 0.255845 9.9807E-05 9.9807E-05 9.9807E-05 0.741573 9.9807E-05 9.9807E-05 9.9807E-05 9.9807E-05 9.9807E-05 9.9807E-05 9.9807E-05 9.9807E-05 9.9807E-05 9.9807E-05
9.9842E-05 9.9842E-05 0.00342489 9.9842E-05 9.9842E-05 9.9842E-05 9.9842E-05 9.9842E-05 0.0359441 9.9842E-05 9.9842E-05 0.0717409 0.0520428 9.9842E-05 0.341058 9.9842E-05 9.9842E-05 9.9842E-05 9.9842E-05 9.9842E-05 0.492329 9.9842E-05 9.9842E-05 0.00166398 9.9842E-05
9.98597E-05 9.98597E-05 9.98597E-05 0.0371358 9.98597E-05 9.98597E-05 9.98597E-05 9.98597E-05 9.98597E-05 0.0160262 0.149346 0.0338413 0.0749605 0.0818847 0.506782 9.98597E-05 9.98597E-05 9.98597E-05 9.98597E-05 0.0617999 9.98597E-05 9.98597E-05 0.0366249 9.98597E-05 9.98597E-05
9.98158E-05 9.98158E-05 9.98158E-05 9.98158E-05 9.98158E-05 9.98158E-05 9.98158E-05 0.0649661 0.0444701 9.98158E-05 9.98158E-05 0.0346904 9.98158E-05 9.98158E-05 0.853777 9.98158E-05 9.98158E-05 9.98158E-05 9.98158E-05 9.98158E-05 9.98158E-05 9.98158E-05 9.98158E-05 9.98158E-05 9.98158E-05
9.98245E-05 9.98245E-05 9.98245E-05 0.0993269 9.98245E-05 9.98245E-05 9.98245E-05 9.98245E-05 9.98245E-05 9.98245E-05 9.98245E-05 0.161381 0.191208 9.98245E-05 0.488404 9.98245E-05 9.98245E-05 9.98245E-05 9.98245E-05 9.98245E-05 9.98245E-05 9.98245E-05 9.98245E-05 0.0576838 9.98245E-05
9.98158E-05 9.98158E-05 9.98158E-05 9.98158E-05 0.253285 9.98158E-05 9.98158E-05 9.98158E-05 9.98158E-05 9.98158E-05 9.98158E-05 0.157957 9.98158E-05 9.98158E-05 0.530858 9.98158E-05 9.98158E-05 0.0558042 9.98158E-05 9.98158E-05 9.98158E-05 9.98158E-05 9.98158E-05 9.98158E-05 9.98158E-05
9.98596E-05 9.98596E-05 9.98596E-05 0.0198417 9.98596E-05 9.98596E-05 9.98596E-05 9.98596E-05 0.0182148 0.00940595 9.98596E-05 0.189344 0.140966 0.0199838 0.49831 9.98596E-05 9.98596E-05 9.98596E-05 9.98596E-05 0.00552628 9.98596E-05 9.98596E-05 9.98596E-05 0.0968096 9.98596E-05
9.98508E-05 9.98508E-05 9.98508E-05 0.0524631 0.221676 0.0306719 9.98508E-05 9.98508E-05 9.98508E-05 9.98508E-05 0.159012 0.115285 0.122556 9.98508E-05 0.287205 9.98508E-05 9.98508E-05 9.98508E-05 0.009435 9.98508E-05 9.98508E-05 9.98508E-05 9.98508E-05 9.98508E-05 9.98508E-05
9.98421E-05 9.98421E-05 0.0753272 9.98421E-05 0.197703 9.98421E-05 0.0393585 9.98421E-05 9.98421E-05 9.98421E-05 9.98421E-05 9.98421E-05 9.98421E-05 9.98421E-05 0.0642499 9.98421E-05 0.0125046 9.98421E-05 9.98421E-05 0.0227748 0.586285 9.98421E-05 9.98421E-05 9.98421E-05 9.98421E-05
9.98067E-05 9.98067E-05 9.98067E-05 9.98067E-05 9.98067E-05 9.98067E-05 9.98067E-05 9.98067E-05 9.98067E-05 9.98067E-05 9.98067E-05 0.103057 0.0394565 9.98067E-05 0.85529 9.98067E-05 9.98067E-05 9.98067E-05 9.98067E-05 9.98067E-05 9.98067E-05 9.98067E-05 9.98067E-05 9.98067E-05 9.98067E-05
9.98333E-05 9.98333E-05 9.98333E-05 0.0308031 9.98333E-05 9.98333E-05 9.98333E-05 9.98333E-05 9.98333E-05 9.98333E-05 9.98333E-05 0.126414 0.161422 9.98333E-05 0.620139 0.0479617 9.98333E-05 9.98333E-05 9.98333E-05 9.98333E-05 9.98333E-05 9.98333E-05 9.98333E-05 0.0113633 9.98333E-05
9.98246E-05 9.98246E-05 9.98246E-05 9.98246E-05 0.108567 9.98246E-05 9.98246E-05 9.98246E-05 9.98246E-05 9.98246E-05 9.98246E-05 9.98246E-05 0.137561 9.98246E-05 0.64637 9.98246E-05 9.98246E-05 9.98246E-05 9.98246E-05 0.104871 9.98246E-05 9.98246E-05 9.98246E-05 0.00063391 9.98246E-05
9.98246E-05 9.98246E-05 9.98246E-05 9.98246E-05 9.98246E-05 9.98246E-05 9.98246E-05 9.98246E-05 9.98246E-05 9.98246E-05 0.00859234 0.0358923 0.140888 9.98246E-05 0.720438 9.98246E-05 9.98246E-05 9.98246E-05 0.0921934 9.98246E-05 9.98246E-05 9.98246E-05 9.98246E-05 9.98246E-05 9.98246E-05
9.98158E-05 9.98158E-05 9.98158E-05 9.98158E-05 0.0297472 9.98158E-05 9.98158E-05 9.98158E-05 0.0220577 9.98158E-05 9.98158E-05 9.98158E-05 9.98158E-05 9.98158E-05 0.911148 9.98158E-05 9.98158E-05 9.98158E-05 0.0349509 9.98158E-05 9.98158E-05 9.98158E-05 9.98158E-05 9.98158E-05 9.98158E-05
9.98245E-05 9.98245E-05 9.98245E-05 9.98245E-05 9.98245E-05 9.98245E-05 9.98245E-05 9.98245E-05 9.98245E-05 9.98245E-05 9.98245E-05 0.304478 0.158098 9.98245E-05 0.330262 9.98245E-05 9.98245E-05 9.98245E-05 9.98245E-05 0.106648 9.98245E-05 9.98245E-05 9.98245E-05 0.0985171 9.98245E-05
9.98156E-05 9.98156E-05 9.98156E-05 9.98156E-05 9.98156E-05 9.98156E-05 9.98156E-05 9.98156E-05 9.98156E-05 9.98156E-05 9.98156E-05 9.98156E-05 0.025717 9.98156E-05 0.825471 0.139502 9.98156E-05 0.00721401 9.98156E-05 9.98156E-05 9.98156E-05 9.98156E-05 9.98156E-05 9.98156E-05 9.98156E-05
9.9816E-05 9.9816E-05 9.9816E-05 9.9816E-05 0.0160253 9.9816E-05 9.9816E-05 9.9816E-05 9.9816E-05 9.9816E-05 0.0224567 9.9816E-05 0.0306524 9.9816E-05 0.928769 9.9816E-05 9.9816E-05 9.9816E-05 9.9816E-05 9.9816E-05 9.9816E-05 9.9816E-05 9.9816E-05 9.9816E-05 9.9816E-05
9.98245E-05 9.98245E-05 9.98245E-05 9.98245E-05 9.98245E-05 9.98245E-05 9.98245E-05 9.98245E-05 9.98245E-05 9.98245E-05 0.275661 0.039514 9.98245E-05 9.98245E-05 0.546576 9.98245E-05 9.98245E-05 9.98245E-05 9.98245E-05 9.98245E-05 0.034561 9.98245E-05 0.101692 9.98245E-05 9.98245E-05
9.98157E-05 9.98157E-05 9.98157E-05 9.98157E-05 9.98157E-05 9.98157E-05 9.98157E-05 0.0107231 9.98157E-05 9.98157E-05 9.98157E-05 0.0789499 0.196497 9.98157E-05 0.711734 9.98157E-05 9.98157E-05 9.98157E-05 9.98157E-05 9.98157E-05 9.98157E-05 9.98157E-05 9.98157E-05 9.98157E-05 9.98157E-05
9.9842E-05 9.9842E-05 9.9842E-05 9.9842E-05 0.285415 9.9842E-05 9.9842E-05 9.9842E-05 9.9842E-05 9.9842E-05 0.566254 0.0331953 0.00866593 9.9842E-05 0.0745971 9.9842E-05 9.9842E-05 9.9842E-05 9.9842E-05 9.9842E-05 9.9842E-05 9.9842E-05 9.9842E-05 0.00385809 0.0262171
9.98247E-05 9.98247E-05 9.98247E-05 9.98247E-05 0.36817 9.98247E-05 9.98247E-05 9.98247E-05 9.98247E-05 9.98247E-05 0.0392496 9.98247E-05 0.0594966 9.98247E-05 0.484958 9.98247E-05 9.98247E-05 9.98247E-05 9.98247E-05 9.98247E-05 9.98247E-05 9.98247E-05 9.98247E-05 0.0461289 9.98247E-05
9.98072E-05 9.98072E-05 9.98072E-05 9.98072E-05 0.563244 9.98072E-05 9.98072E-05 9.98072E-05 9.98072E-05 9.98072E-05 9.98072E-05 9.98072E-05 9.98072E-05 9.98072E-05 0.404187 9.98072E-05 9.98072E-05 9.98072E-05 9.98072E-05 0.0303733 9.98072E-05 9.98072E-05 9.98072E-05 9.98072E-05 9.98072E-05
9.9816E-05 9.9816E-05 9.9816E-05 9.9816E-05 9.9816E-05 9.9816E-05 0.062864 9.9816E-05 9.9816E-05 9.9816E-05 0.640102 9.9816E-05 9.9816E-05 9.9816E-05 0.277387 9.9816E-05 9.9816E-05 9.9816E-05 9.9816E-05 9.9816E-05 9.9816E-05 9.9816E-05 9.9816E-05 0.0175506 9.9816E-05
9.98333E-05 9.98333E-05 9.98333E-05 0.109603 9.98333E-05 9.98333E-05 9.98333E-05 9.98333E-05 0.0422031 9.98333E-05 9.98333E-05 0.0626426 0.313788 9.98333E-05 0.462252 9.98333E-05 9.98333E-05 0.00761454 9.98333E-05 9.98333E-05 9.98333E-05 9.98333E-05 9.98333E-05 9.98333E-05 9.98333E-05
9.98158E-05 9.98158E-05 0.111413 9.98158E-05 0.00426321 9.98158E-05 9.98158E-05 9.98158E-05 9.98158E-05 9.98158E-05 9.98158E-05 0.12998 9.98158E-05 9.98158E-05 0.752248 9.98158E-05 9.98158E-05 9.98158E-05 9.98158E-05 9.98158E-05 9.98158E-05 9.98158E-05 9.98158E-05 9.98158E-05 9.98158E-05
9.98157E-05 9.98157E-05 9.98157E-05 9.98157E-05 9.98157E-05 9.98157E-05 9.98157E-05 9.98157E-05 9.98157E-05 9.98157E-05 0.213951 0.099792 9.98157E-05 9.98157E-05 9.98157E-05 9.98157E-05 9.98157E-05 9.98157E-05 9.98157E-05 9.98157E-05 0.649924 9.98157E-05 9.98157E-05 0.0342371 9.98157E-05
9.9807E-05 9.9807E-05 9.9807E-05 9.9807E-05 9.9807E-05 9.9807E-05 9.9807E-05 9.9807E-05 9.9807E-05 9.9807E-05 0.162479 9.9807E-05 9.9807E-05 9.9807E-05 0.331426 9.9807E-05 9.9807E-05 9.9807E-05 9.9807E-05 9.9807E-05 0.503899 9.9807E-05 9.9807E-05 9.9807E-05 9.9807E-05
9.98333E-05 9.98333E-05 9.98333E-05 0.137969 9.98333E-05 9.98333E-05 9.98333E-05 9.98333E-05 9.98333E-05 9.98333E-05 9.98333E-05 0.180643 0.0138555 9.98333E-05 0.49491 9.98333E-05 9.98333E-05 9.98333E-05 9.98333E-05 0.0148385 9.98333E-05 9.98333E-05 9.98333E-05 0.155887 9.98333E-05
9.98334E-05 9.98334E-05 9.98334E-05 9.98334E-05 9.98334E-05 0.211451 9.98334E-05 0.05917 0.0288389 9.98334E-05 9.98334E-05 0.0779673 0.0156575 9.98334E-05 0.605018 9.98334E-05 9.98334E-05 9.98334E-05 9.98334E-05 9.98334E-05 9.98334E-05 9.98334E-05 9.98334E-05 9.98334E-05 9.98334E-05
9.98423E-05 9.98423E-05 9.98423E-05 0.104981 9.98423E-05 9.98423E-05 0.122178 9.98423E-05 9.98423E-05 9.98423E-05 9.98423E-05 0.108354 9.98423E-05 9.98423E-05 0.432571 0.0815758 9.98423E-05 9.98423E-05 0.0372451 9.98423E-05 0.111298 9.98423E-05 9.98423E-05 9.98423E-05 9.98423E-05
9.98246E-05 9.98246E-05 9.98246E-05 9.98246E-05 9.98246E-05 9.98246E-05 9.98246E-05 9.98246E-05 0.0263755 9.98246E-05 9.98246E-05 0.247184 0.158099 9.98246E-05 0.535374 0.0309722 9.98246E-05 9.98246E-05 9.98246E-05 9.98246E-05 9.98246E-05 9.98246E-05 9.98246E-05 9.98246E-05 9.98246E-05
9.98069E-05 9.98069E-05 9.98069E-05 9.98069E-05 0.654053 9.98069E-05 9.98069E-05 9.98069E-05 9.98069E-05 9.98069E-05 0.143277 9.98069E-05 9.98069E-05 9.98069E-05 0.200474 9.98069E-05 9.98069E-05 9.98069E-05 9.98069E-05 9.98069E-05 9.98069E-05 9.98069E-05 9.98069E-05 9.98069E-05 9.98069E-05
9.98157E-05 0.0102773 9.98157E-05 9.98157E-05 9.98157E-05 9.98157E-05 9.98157E-05 9.98157E-05 9.98157E-05 9.98157E-05 9.98157E-05 9.98157E-05 0.0861401 9.98157E-05 0.739556 9.98157E-05 9.98157E-05 9.98157E-05 9.98157E-05 9.98157E-05 9.98157E-05 9.98157E-05 0.161931 9.98157E-05 9.98157E-05
9.98244E-05 9.98244E-05 9.98244E-05 0.0138992 0.896228 9.98244E-05 9.98244E-05 9.98244E-05 9.98244E-05 9.98244E-05 9.98244E-05 0.0785146 0.00280052 9.98244E-05 9.98244E-05 9.98244E-05 9.98244E-05 9.98244E-05 9.98244E-05 9.98244E-05 0.00656102 9.98244E-05 9.98244E-05 9.98244E-05 9.98244E-05
