0.0224016 9.99561E-05 0.0753747 9.99561E-05 0.16499 0.108952 9.99561E-05 0.452806 9.99561E-05 9.99561E-05 0.0281802 0.146796
9.99385E-05 9.99385E-05 9.99385E-05 9.99385E-05 0.180259 0.00793691 9.99385E-05 0.760215 9.99385E-05 0.00971302 9.99385E-05 0.0411759
9.99385E-05 9.99385E-05 0.0309945 9.99385E-05 9.99385E-05 9.99385E-05 0.00561006 0.79419 0.117707 9.99385E-05 9.99385E-05 0.0507981
0.186199 9.99561E-05 9.99561E-05 0.0341619 9.99561E-05 0.112006 9.99561E-05 0.240449 0.0208894 9.99561E-05 0.370418 0.0353765
9.99122E-05 9.99122E-05 9.99122E-05 9.99122E-05 9.99122E-05 9.99122E-05 9.99122E-05 0.841303 0.157697 9.99122E-05 9.99122E-05 9.99122E-05
0.248048 0.0258027 9.99737E-05 0.0474808 0.037563 9.99737E-05 9.99737E-05 0.235185 0.369669 0.00648203 0.0171463 0.0123227
9.995E-05 9.995E-05 0.0963108 9.995E-05 0.234417 0.1934 0.0776649 0.216776 9.995E-05 9.995E-05 0.132502 0.0484293
0.208202 9.99562E-05 9.99562E-05 9.99562E-05 0.0106614 0.0237695 0.153129 0.262017 0.0778472 9.99562E-05 0.263874 9.99562E-05
0.202865 9.99737E-05 0.174872 0.0322577 0.0720378 0.00515555 9.99737E-05 0.165023 0.0537581 0.038267 9.99737E-05 0.255464
9.99209E-05 0.0200226 9.99209E-05 9.99209E-05 9.99209E-05 9.99209E-05 9.99209E-05 0.826658 9.99209E-05 9.99209E-05 9.99209E-05 0.15242
0.0842833 9.99473E-05 0.0244362 9.99473E-05 9.99473E-05 0.146598 9.99473E-05 0.489894 9.99473E-05 0.0385635 9.99473E-05 0.215626
0.0116275 9.99473E-05 0.0451858 9.99473E-05 9.99473E-05 0.0491198 0.0835416 0.807969 9.99473E-05 9.99473E-05 9.99473E-05 0.00195664
0.0211751 9.99297E-05 9.99297E-05 9.99297E-05 9.99297E-05 9.99297E-05 9.99297E-05 0.789377 9.99297E-05 9.99297E-05 0.0570966 0.131552
9.99385E-05 9.99385E-05 9.99385E-05 0.155111 9.99385E-05 0.0511975 0.0452776 0.649332 9.99385E-05 9.99385E-05 9.99385E-05 0.0983825
0.193313 9.99561E-05 0.0504393 0.0579229 0.0260238 9.99561E-05 9.99561E-05 0.386813 9.99561E-05 9.99561E-05 0.0669856 0.218004
0.203672 9.99385E-05 9.99385E-05 9.99385E-05 9.99385E-05 9.99385E-05 0.0857531 0.263012 9.99385E-05 9.99385E-05 0.235027 0.211836
9.99561E-05 9.99561E-05 9.99561E-05 0.0819161 0.101836 0.0583822 0.0262284 0.611765 9.99561E-05 9.99561E-05 0.0445639 0.0748086
0.0893716 0.296064 9.99386E-05 9.99386E-05 9.99386E-05 9.99386E-05 9.99386E-05 0.263291 9.99386E-05 0.090859 9.99386E-05 0.259715
0.173592 9.99385E-05 9.99385E-05 9.99385E-05 9.99385E-05 0.0260565 9.99385E-05 0.322407 9.99385E-05 9.99385E-05 0.218898 0.258347
9.99209E-05 9.99209E-05 9.99209E-05 9.99209E-05 9.99209E-05 9.99209E-05 9.99209E-05 0.884735 9.99209E-05 0.0836408 9.99209E-05 0.0307251
0.107228 9.99649E-05 9.99649E-05 9.99649E-05 9.99649E-05 0.130278 0.00691056 0.440093 0.0687949 0.0896611 0.0856084 0.0710264
0.189536 9.99474E-05 9.99474E-05 9.99474E-05 9.99474E-05 0.0073065 9.99474E-05 0.30566 0.241563 9.99474E-05 0.216508 0.0388273
9.99386E-05 9.99386E-05 9.99386E-05 9.99386E-05 0.0909016 0.0837841 9.99386E-05 0.585746 9.99386E-05 0.0127756 9.99386E-05 0.226093
9.99386E-05 9.99386E-05 0.0660758 9.99386E-05 9.99386E-05 9.99386E-05 0.17247 0.357433 0.0369433 9.99386E-05 9.99386E-05 0.366378
0.0943671 9.99649E-05 9.99649E-05 0.000346527 9.99649E-05 0.0473077 0.00619863 0.294794 9.99649E-05 0.104974 0.0593081 0.392304
0.03187 9.99385E-05 9.99385E-05 9.99385E-05 9.99385E-05 0.010662 9.99385E-05 0.657812 9.99385E-05 9.99385E-05 0.0750346 0.223922
0.0343339 0.161201 0.0167172 0.162096 0.0907947 0.0498394 0.148951 0.0849664 9.998E-05 0.0193569 9.998E-05 0.231544
9.99386E-05 9.99386E-05 9.99386E-05 0.0132373 9.99386E-05 9.99386E-05 9.99386E-05 0.697931 0.0142125 9.99386E-05 0.158682 0.115237
9.99473E-05 9.99473E-05 0.0330432 0.0250366 9.99473E-05 0.0336809 9.99473E-05 0.567592 9.99473E-05 0.0234641 9.99473E-05 0.316583
0.084274 9.99561E-05 0.019653 0.0537669 0.06103 0.0204079 9.99561E-05 0.692512 9.99561E-05 9.99561E-05 9.99561E-05 0.0678563
0.052512 9.99473E-05 9.99473E-05 9.99473E-05 9.99473E-05 0.11934 9.99473E-05 0.66623 9.99473E-05 0.0791113 0.00339223 0.0788145
9.99385E-05 9.99385E-05 9.99385E-05 0.157192 9.99385E-05 0.0702486 9.99385E-05 0.465155 9.99385E-05 9.99385E-05 0.122285 0.18442
0.153987 9.99649E-05 9.99649E-05 0.0433523 9.99649E-05 0.0743849 0.100974 0.433678 0.0564784 0.0147507 9.99649E-05 0.121995
9.996E-05 0.0172459 0.0108334 0.175839 9.996E-05 0.0429041 0.0489579 0.407473 9.996E-05 9.996E-05 0.0692126 0.227135
0.00187571 0.0659554 9.99473E-05 9.99473E-05 0.070672 0.00568997 9.99473E-05 0.730344 9.99473E-05 9.99473E-05 9.99473E-05 0.124863
0.0161901 9.99473E-05 9.99473E-05 9.99473E-05 9.99473E-05 0.0099903 9.99473E-05 0.656844 9.99473E-05 0.0179145 0.169923 0.128539
9.99385E-05 9.99385E-05 9.99385E-05 9.99385E-05 0.00957143 0.0230444 0.0707753 0.835575 9.99385E-05 9.99385E-05 0.0603347 9.99385E-05
0.151376 9.99386E-05 9.99386E-05 9.99386E-05 0.0899985 9.99386E-05 9.99386E-05 0.576302 9.99386E-05 0.145908 9.99386E-05 0.0357166
0.0254004 9.99649E-05 9.99649E-05 0.110295 0.0401464 0.0212734 9.99649E-05 0.532758 0.0472304 0.0320899 9.99649E-05 0.190407
9.99297E-05 9.99297E-05 9.99297E-05 0.110065 9.99297E-05 9.99297E-05 0.174953 0.520505 9.99297E-05 9.99297E-05 9.99297E-05 0.193677
0.0951222 9.99386E-05 9.99386E-05 9.99386E-05 9.99386E-05 0.0224722 9.99386E-05 0.643994 9.99386E-05 9.99386E-05 0.105901 0.131811
0.114444 9.99386E-05 0.0598304 9.99386E-05 0.119059 9.99386E-05 9.99386E-05 0.56178 9.99386E-05 9.99386E-05 9.99386E-05 0.144188
9.995E-05 9.995E-05 0.0371406 0.101559 0.0111378 9.995E-05 0.00585262 0.718496 0.0678714 9.995E-05 0.0574431 9.995E-05
0.128613 9.99473E-05 0.0649697 9.99473E-05 0.0575775 0.0736382 9.99473E-05 0.408947 9.99473E-05 9.99473E-05 9.99473E-05 0.265655
9.99385E-05 9.99385E-05 9.99385E-05 9.99385E-05 9.99385E-05 0.0413033 9.99385E-05 0.268276 0.0349388 9.99385E-05 0.394797 0.259985
0.00643275 9.99473E-05 9.99473E-05 9.99473E-05 9.99473E-05 9.99473E-05 9.99473E-05 0.758983 0.0610346 0.0765496 0.00819393 0.088206
0.0507965 0.0148012 9.99473E-05 9.99473E-05 9.99473E-05 0.0661743 9.99473E-05 0.69258 9.99473E-05 9.99473E-05 0.0431468 0.131902
9.99297E-05 9.99297E-05 9.99297E-05 9.99297E-05 9.99297E-05 9.99297E-05 0.0582301 0.850124 0.00538019 9.99297E-05 9.99297E-05 0.0854667
9.99297E-05 9.99297E-05 9.99297E-05 9.99297E-05 9.99297E-05 0.069473 9.99297E-05 0.64524 9.99297E-05 9.99297E-05 0.0818008 0.202687
0.0207937 9.99562E-05 9.99562E-05 9.99562E-05 9.99562E-05 0.0109229 0.0502538 0.724082 0.116544 0.0617808 9.99562E-05 0.0151226
0.0776411 9.99561E-05 0.00817893 0.0994549 9.99561E-05 0.147878 9.99561E-05 0.246253 9.99561E-05 9.99561E-05 0.114217 0.305877
0.0349496 9.99561E-05 0.0760617 9.99561E-05 9.99561E-05 9.99561E-05 9.99561E-05 0.572654 0.140236 0.00713092 0.156754 0.0117138
9.99298E-05 0.0748703 9.99298E-05 9.99298E-05 0.000383139 9.99298E-05 9.99298E-05 0.888221 9.99298E-05 9.99298E-05 9.99298E-05 0.0357261
0.0238849 0.0181582 9.99474E-05 9.99474E-05 9.99474E-05 9.99474E-05 0.228668 0.575894 0.0859785 9.99474E-05 9.99474E-05 0.0668161
9.99474E-05 9.99474E-05 0.0547632 9.99474E-05 9.99474E-05 9.99474E-05 9.99474E-05 0.652959 0.157059 0.024798 0.00625841 0.103562
9.99474E-05 9.99474E-05 9.99474E-05 0.0924156 9.99474E-05 0.0866392 0.096804 0.613478 0.0142452 0.0958187 9.99474E-05 9.99474E-05
0.01509 0.111103 9.99561E-05 9.99561E-05 9.99561E-05 0.0173315 9.99561E-05 0.684312 0.0177696 9.99561E-05 0.0166843 0.13721
9.99298E-05 9.99298E-05 9.99298E-05 9.99298E-05 9.99298E-05 0.103826 9.99298E-05 0.706189 9.99298E-05 9.99298E-05 0.0998977 0.0892879
9.99297E-05 0.00783192 9.99297E-05 9.99297E-05 9.99297E-05 0.0521915 9.99297E-05 0.776057 0.16312 9.99297E-05 9.99297E-05 9.99297E-05
0.102542 0.0344359 9.99561E-05 9.99561E-05 0.341487 0.0767568 9.99561E-05 0.044376 9.99561E-05 9.99561E-05 0.107011 0.292891
9.99474E-05 9.99474E-05 0.0780938 9.99474E-05 0.398495 9.99474E-05 0.0067488 0.253846 9.99474E-05 9.99474E-05 0.204706 0.0575096
9.99474E-05 0.250885 9.99474E-05 9.99474E-05 0.258645 0.014452 0.0459883 0.354333 9.99474E-05 9.99474E-05 9.99474E-05 0.0750968
0.149741 0.0263821 0.00947443 0.0468196 0.556618 9.99737E-05 0.0324809 9.99737E-05 9.99737E-05 0.00393088 0.0288233 0.14543
0.0923635 0.150114 9.99737E-05 9.99737E-05 0.282437 0.0040058 0.0170894 0.0185108 9.99737E-05 0.00473718 0.214593 0.215848
0.0105176 0.0423093 0.0824269 9.99473E-05 0.36528 0.0689219 9.99473E-05 9.99473E-05 9.99473E-05 9.99473E-05 9.99473E-05 0.429945
9.99298E-05 9.99298E-05 9.99298E-05 9.99298E-05 0.65378 0.11004 9.99298E-05 9.99298E-05 9.99298E-05 9.99298E-05 0.0987008 0.136679
0.137765 0.2125 0.000932392 9.99473E-05 0.402436 9.99473E-05 9.99473E-05 9.99473E-05 9.99473E-05 9.99473E-05 0.041585 0.204183
9.99562E-05 0.159907 0.0197469 0.033167 0.474554 0.0413115 9.99562E-05 0.136049 9.99562E-05 9.99562E-05 9.99562E-05 0.134765
9.99474E-05 0.0590625 9.99474E-05 9.99474E-05 0.319467 0.164716 9.99474E-05 0.20713 9.99474E-05 9.99474E-05 0.13997 0.109055
0.112828 0.0943274 9.99561E-05 9.99561E-05 0.106571 0.175178 9.99561E-05 9.99561E-05 9.99561E-05 0.030669 0.0828303 0.397097
9.99386E-05 9.99386E-05 9.99386E-05 9.99386E-05 0.333502 0.122802 0.135955 9.99386E-05 9.99386E-05 9.99386E-05 0.198388 0.208653
0.122268 9.99737E-05 0.0612029 0.000678847 0.271116 0.047942 0.261159 9.99737E-05 0.153398 9.99737E-05 0.040373 0.0415623
0.00665517 9.99385E-05 9.99385E-05 9.99385E-05 0.37545 9.99385E-05 0.0948916 9.99385E-05 9.99385E-05 9.99385E-05 0.196701 0.325602
9.99562E-05 9.99562E-05 0.0689698 0.103419 0.330835 0.0663853 0.104416 0.231596 9.99562E-05 9.99562E-05 9.99562E-05 0.0938791
0.0389362 0.0413635 9.9965E-05 0.0130556 0.378744 0.0741371 9.9965E-05 0.163497 9.9965E-05 9.9965E-05 0.143797 0.14607
9.99474E-05 0.129196 9.99474E-05 0.0196748 0.363725 9.99474E-05 0.178205 9.99474E-05 9.99474E-05 9.99474E-05 0.132765 0.175835
0.0798117 9.99474E-05 9.99474E-05 9.99474E-05 0.13641 0.194524 9.99474E-05 0.0532924 9.99474E-05 9.99474E-05 0.41965 0.115712
9.99474E-05 0.0929177 9.99474E-05 9.99474E-05 0.165576 0.0589596 9.99474E-05 0.146429 9.99474E-05 9.99474E-05 0.285776 0.249742
9.99473E-05 0.0462816 9.99473E-05 9.99473E-05 0.367493 0.0253828 0.154312 9.99473E-05 9.99473E-05 9.99473E-05 0.0192303 0.386701
9.994E-05 9.994E-05 9.994E-05 9.994E-05 0.333789 0.0254404 0.144409 0.308662 0.027846 9.994E-05 9.994E-05 0.159253
9.99561E-05 0.0673755 9.99561E-05 9.99561E-05 0.348758 0.0227246 0.0840493 0.046489 9.99561E-05 9.99561E-05 0.147064 0.28304
9.99649E-05 0.0543656 9.99649E-05 0.202096 0.304832 0.0411352 0.0210194 0.178953 9.99649E-05 9.99649E-05 0.00430594 0.192893
0.110513 0.141986 0.00176468 0.00920205 0.202749 0.045584 9.99737E-05 0.0828154 9.99737E-05 9.99737E-05 0.282552 0.122534
0.0500396 9.99473E-05 9.99473E-05 9.99473E-05 0.109995 0.257502 9.99473E-05 0.217697 9.99473E-05 9.99473E-05 0.142698 0.221469
0.0201801 9.99562E-05 9.99562E-05 9.99562E-05 0.341012 0.111423 9.99562E-05 0.344465 0.0632524 0.00108395 9.99562E-05 0.118083
9.99474E-05 0.0408205 0.234438 0.00122568 0.310471 9.99474E-05 9.99474E-05 0.308982 9.99474E-05 9.99474E-05 9.99474E-05 0.103463
9.99387E-05 9.99387E-05 0.0499091 9.99387E-05 0.410308 9.99387E-05 9.99387E-05 0.126304 9.99387E-05 9.99387E-05 0.204064 0.208715
0.139271 0.233669 9.99474E-05 9.99474E-05 0.213033 9.99474E-05 9.99474E-05 0.215487 9.99474E-05 9.99474E-05 0.0784516 0.11949
0.120968 9.99649E-05 9.99649E-05 0.0803491 0.197534 0.0305694 0.0697902 0.272858 9.99649E-05 0.0576095 9.99649E-05 0.169922
0.154052 9.99385E-05 9.99385E-05 0.571326 9.99385E-05 0.00132087 9.99385E-05 9.99385E-05 0.155838 9.99385E-05 9.99385E-05 0.116764
0.0476773 9.99211E-05 9.99211E-05 0.927825 9.99211E-05 9.99211E-05 9.99211E-05 9.99211E-05 9.99211E-05 9.99211E-05 9.99211E-05 0.0235983
9.99385E-05 0.0335114 9.99385E-05 0.650902 9.99385E-05 0.0797194 0.0134467 9.99385E-05 9.99385E-05 9.99385E-05 9.99385E-05 0.221721
0.152611 0.0142742 9.99384E-05 0.504777 9.99384E-05 0.125751 9.99384E-05 9.99384E-05 9.99384E-05 9.99384E-05 9.99384E-05 0.201886
0.181595 0.0310426 9.99384E-05 0.597102 9.99384E-05 9.99384E-05 9.99384E-05 9.99384E-05 9.99384E-05 0.0364941 9.99384E-05 0.153067
0.192233 9.99297E-05 9.99297E-05 0.526363 9.99297E-05 9.99297E-05 9.99297E-05 9.99297E-05 9.99297E-05 0.00653495 9.99297E-05 0.274069
0.0632246 0.0479409 9.99473E-05 0.595348 9.99473E-05 0.0687414 0.0148091 9.99473E-05 9.99473E-05 9.99473E-05 9.99473E-05 0.209336
0.304859 9.99473E-05 0.0226599 0.507722 9.99473E-05 0.0261355 9.99473E-05 9.99473E-05 9.99473E-05 0.0313747 9.99473E-05 0.106649
0.383333 9.99472E-05 9.99472E-05 0.17788 0.326354 0.0187809 0.0160738 9.99472E-05 9.99472E-05 9.99472E-05 9.99472E-05 0.0769777
0.27698 0.000142863 9.99385E-05 0.356307 9.99385E-05 9.99385E-05 9.99385E-05 9.99385E-05 9.99385E-05 9.99385E-05 0.00773872 0.358131
0.0570108 9.9921E-05 9.9921E-05 0.701847 0.240243 9.9921E-05 9.9921E-05 9.9921E-05 9.9921E-05 9.9921E-05 9.9921E-05 9.9921E-05
9.99385E-05 9.99385E-05 9.99385E-05 0.65414 0.166479 0.0480354 9.99385E-05 9.99385E-05 9.99385E-05 0.0126195 9.99385E-05 0.118026
0.14546 0.0136876 9.99297E-05 0.822771 9.99297E-05 0.0172818 9.99297E-05 9.99297E-05 9.99297E-05 9.99297E-05 9.99297E-05 9.99297E-05
0.169534 9.99473E-05 0.119525 0.49078 0.00861642 0.0441894 9.99473E-05 9.99473E-05 9.99473E-05 9.99473E-05 9.99473E-05 0.166756
0.0862967 0.155537 9.99561E-05 0.590791 9.99561E-05 0.0855841 0.0331141 9.99561E-05 0.0195424 9.99561E-05 9.99561E-05 0.0286348
0.0979483 9.99561E-05 9.99561E-05 0.456988 0.0352506 0.107803 0.0857719 9.99561E-05 9.99561E-05 0.0222211 9.99561E-05 0.193517
0.0732101 9.99385E-05 9.99385E-05 0.540891 0.152701 9.99385E-05 9.99385E-05 9.99385E-05 9.99385E-05 0.0518978 9.99385E-05 0.180601
0.167628 9.99561E-05 0.0207157 0.627572 9.99561E-05 0.0573821 0.00399428 9.99561E-05 0.00845315 9.99561E-05 0.113754 9.99561E-05
0.0756512 9.99297E-05 9.99297E-05 0.822402 9.99297E-05 0.0559469 9.99297E-05 9.99297E-05 0.0452003 9.99297E-05 9.99297E-05 9.99297E-05
0.0832899 9.99473E-05 9.99473E-05 0.609885 9.99473E-05 0.017762 9.99473E-05 9.99473E-05 9.99473E-05 0.122908 0.00547054 0.160085
0.132097 0.0454538 9.99561E-05 0.600204 9.99561E-05 9.99561E-05 0.00808211 9.99561E-05 0.103572 9.99561E-05 0.000333815 0.109758
0.134521 0.0303438 9.99472E-05 0.689174 9.99472E-05 0.0194464 9.99472E-05 9.99472E-05 9.99472E-05 0.00748388 9.99472E-05 0.118431
0.215838 9.99473E-05 9.99473E-05 0.242431 0.0578027 9.99473E-05 9.99473E-05 9.99473E-05 0.086687 0.0835968 9.99473E-05 0.313045
0.233381 9.99209E-05 9.99209E-05 0.708337 9.99209E-05 9.99209E-05 9.99209E-05 9.99209E-05 9.99209E-05 9.99209E-05 9.99209E-05 0.0573825
0.288524 9.99649E-05 0.0168982 0.220713 0.0635398 0.0365089 9.99649E-05 9.99649E-05 0.0189756 0.101896 9.99649E-05 0.252544
0.156484 9.99298E-05 9.99298E-05 0.55335 0.132665 9.99298E-05 9.99298E-05 9.99298E-05 9.99298E-05 9.99298E-05 9.99298E-05 0.156702
9.99299E-05 9.99299E-05 0.124031 0.812782 9.99299E-05 9.99299E-05 9.99299E-05 0.0441768 9.99299E-05 9.99299E-05 9.99299E-05 0.0182106
0.166113 9.99472E-05 9.99472E-05 0.522114 9.99472E-05 9.99472E-05 9.99472E-05 9.99472E-05 0.0476862 0.00614093 0.0442415 0.213104
0.235347 9.9921E-05 9.9921E-05 0.410543 9.9921E-05 9.9921E-05 9.9921E-05 9.9921E-05 9.9921E-05 9.9921E-05 9.9921E-05 0.353211
0.0341378 9.99473E-05 9.99473E-05 0.664288 9.99473E-05 0.0552387 9.99473E-05 9.99473E-05 0.0144374 0.0754302 9.99473E-05 0.155869
0.0801628 9.99385E-05 9.99385E-05 0.549475 9.99385E-05 0.0611524 0.0240832 9.99385E-05 9.99385E-05 9.99385E-05 9.99385E-05 0.284427
0.0429304 9.9956E-05 0.0216465 0.684685 9.9956E-05 0.0460466 0.0591816 9.9956E-05 9.9956E-05 0.0673144 9.9956E-05 0.0776954
0.309818 9.99472E-05 9.99472E-05 0.28093 9.99472E-05 0.00539139 9.99472E-05 9.99472E-05 0.0754707 0.18506 9.99472E-05 0.14273
0.0702204 9.99385E-05 9.99385E-05 0.521241 9.99385E-05 0.0386486 9.99385E-05 9.99385E-05 9.99385E-05 0.0939031 9.99385E-05 0.275287
0.0400575 9.99209E-05 9.99209E-05 0.833478 9.99209E-05 9.99209E-05 9.99209E-05 9.99209E-05 9.99209E-05 9.99209E-05 9.99209E-05 0.125565
0.0823205 9.99473E-05 9.99473E-05 0.699307 0.0627351 0.0240124 0.0475949 9.99473E-05 9.99473E-05 9.99473E-05 0.0834304 9.99473E-05
0.156888 0.159664 9.99297E-05 0.342624 9.99297E-05 9.99297E-05 9.99297E-05 9.99297E-05 9.99297E-05 9.99297E-05 9.99297E-05 0.340025
0.0467571 0.00562113 9.99211E-05 0.946723 9.99211E-05 9.99211E-05 9.99211E-05 9.99211E-05 9.99211E-05 9.99211E-05 9.99211E-05 9.99211E-05
0.0512859 0.0137191 9.99386E-05 0.838754 9.99386E-05 9.99386E-05 9.99386E-05 9.99386E-05 9.99386E-05 0.00674937 9.99386E-05 0.088792
9.99123E-05 9.99123E-05 9.99123E-05 0.989597 9.99123E-05 0.00940419 9.99123E-05 9.99123E-05 9.99123E-05 9.99123E-05 9.99123E-05 9.99123E-05
0.0232108 9.99298E-05 9.99298E-05 0.894643 0.05986 9.99298E-05 9.99298E-05 9.99298E-05 9.99298E-05 0.0214868 9.99298E-05 9.99298E-05
0.173739 9.99473E-05 9.99473E-05 0.290062 0.077388 0.0225543 9.99473E-05 9.99473E-05 0.0347918 9.99473E-05 9.99473E-05 0.400866
0.223864 9.99297E-05 9.99297E-05 0.63126 9.99297E-05 9.99297E-05 9.99297E-05 9.99297E-05 0.123276 9.99297E-05 9.99297E-05 0.0208007
0.144368 9.99299E-05 9.99299E-05 0.732548 9.99299E-05 9.99299E-05 9.99299E-05 9.99299E-05 9.99299E-05 0.105191 9.99299E-05 0.0170927
9.99298E-05 9.99298E-05 0.0236059 0.901348 9.99298E-05 9.99298E-05 9.99298E-05 0.0277692 9.99298E-05 9.99298E-05 9.99298E-05 0.0464775
0.299072 9.99473E-05 9.99473E-05 0.259588 0.150464 0.0260968 9.99473E-05 9.99473E-05 9.99473E-05 0.179439 9.99473E-05 0.0847398
0.145775 0.0262445 9.99386E-05 0.538953 9.99386E-05 0.0422738 9.99386E-05 9.99386E-05 9.99386E-05 9.99386E-05 9.99386E-05 0.246054
0.183337 0.0773603 0.0656102 0.379987 0.088285 9.9965E-05 9.9965E-05 9.9965E-05 0.0429289 9.9965E-05 0.11008 0.0520123
0.32924 9.99386E-05 9.99386E-05 0.277174 9.99386E-05 0.0317412 9.99386E-05 9.99386E-05 9.99386E-05 0.0125986 9.99386E-05 0.348547
9.99035E-05 9.99035E-05 9.99035E-05 0.998901 9.99035E-05 9.99035E-05 9.99035E-05 9.99035E-05 9.99035E-05 9.99035E-05 9.99035E-05 9.99035E-05
0.0616457 9.99473E-05 9.99473E-05 0.438459 9.99473E-05 0.0261423 0.0267217 9.99473E-05 9.99473E-05 9.99473E-05 0.204572 0.24186
0.0960732 9.99211E-05 9.99211E-05 0.869651 0.033377 9.99211E-05 9.99211E-05 9.99211E-05 9.99211E-05 9.99211E-05 9.99211E-05 9.99211E-05
0.15886 9.99298E-05 9.99298E-05 0.695348 9.99298E-05 0.0341269 9.99298E-05 9.99298E-05 9.99298E-05 9.99298E-05 9.99298E-05 0.110866
0.203906 0.0487294 9.99298E-05 0.581233 9.99298E-05 9.99298E-05 0.165333 9.99298E-05 9.99298E-05 9.99298E-05 9.99298E-05 9.99298E-05
0.0544146 0.0308043 9.99472E-05 0.641561 9.99472E-05 0.0615947 9.99472E-05 9.99472E-05 9.99472E-05 9.99472E-05 0.164857 0.0461692
0.278614 9.99297E-05 9.99297E-05 0.258816 0.207489 9.99297E-05 9.99297E-05 9.99297E-05 9.99297E-05 9.99297E-05 9.99297E-05 0.254281
0.178939 9.99472E-05 0.0180198 0.600467 9.99472E-05 0.00341568 9.99472E-05 9.99472E-05 0.00305378 9.99472E-05 9.99472E-05 0.195505
0.144446 9.99473E-05 9.99473E-05 0.613682 9.99473E-05 9.99473E-05 0.0378345 9.99473E-05 0.0531994 0.0490212 9.99473E-05 0.101217
9.99209E-05 9.99209E-05 9.99209E-05 0.783009 9.99209E-05 9.99209E-05 9.99209E-05 9.99209E-05 9.99209E-05 0.180631 9.99209E-05 0.0354607
0.212189 9.99297E-05 9.99297E-05 0.722955 0.0366676 9.99297E-05 9.99297E-05 9.99297E-05 9.99297E-05 9.99297E-05 9.99297E-05 0.0273892
9.99032E-05 9.99032E-05 9.99032E-05 9.99032E-05 9.99032E-05 9.99032E-05 9.99032E-05 9.99032E-05 9.99032E-05 9.99032E-05 9.99032E-05 0.998901
0.998901 9.99033E-05 9.99033E-05 9.99033E-05 9.99033E-05 9.99033E-05 9.99033E-05 9.99033E-05 9.99033E-05 9.99033E-05 9.99033E-05 9.99033E-05
9.99032E-05 9.99032E-05 9.99032E-05 9.99032E-05 9.99032E-05 9.99032E-05 9.99032E-05 9.99032E-05 9.99032E-05 9.99032E-05 9.99032E-05 0.998901
0.998901 9.99032E-05 9.99032E-05 9.99032E-05 9.99032E-05 9.99032E-05 9.99032E-05 9.99032E-05 9.99032E-05 9.99032E-05 9.99032E-05 9.99032E-05
0.998901 9.99032E-05 9.99032E-05 9.99032E-05 9.99032E-05 9.99032E-05 9.99032E-05 9.99032E-05 9.99032E-05 9.99032E-05 9.99032E-05 9.99032E-05
0.998901 9.99032E-05 9.99032E-05 9.99032E-05 9.99032E-05 9.99032E-05 9.99032E-05 9.99032E-05 9.99032E-05 9.99032E-05 9.99032E-05 9.99032E-05
9.99031E-05 9.99031E-05 9.99031E-05 9.99031E-05 9.99031E-05 9.99031E-05 9.99031E-05 9.99031E-05 9.99031E-05 9.99031E-05 9.99031E-05 0.998901
0.998901 9.99032E-05 9.99032E-05 9.99032E-05 9.99032E-05 9.99032E-05 9.99032E-05 9.99032E-05 9.99032E-05 9.99032E-05 9.99032E-05 9.99032E-05
0.998901 9.99032E-05 9.99032E-05 9.99032E-05 9.99032E-05 9.99032E-05 9.99032E-05 9.99032E-05 9.99032E-05 9.99032E-05 9.99032E-05 9.99032E-05
9.99031E-05 9.99031E-05 9.99031E-05 9.99031E-05 9.99031E-05 9.99031E-05 9.99031E-05 9.99031E-05 9.99031E-05 9.99031E-05 9.99031E-05 0.998901
9.99032E-05 9.99032E-05 9.99032E-05 9.99032E-05 9.99032E-05 9.99032E-05 9.99032E-05 9.99032E-05 9.99032E-05 9.99032E-05 9.99032E-05 0.998901
9.99032E-05 9.99032E-05 9.99032E-05 9.99032E-05 9.99032E-05 9.99032E-05 9.99032E-05 9.99032E-05 9.99032E-05 9.99032E-05 9.99032E-05 0.998901
0.998901 9.99032E-05 9.99032E-05 9.99032E-05 9.99032E-05 9.99032E-05 9.99032E-05 9.99032E-05 9.99032E-05 9.99032E-05 9.99032E-05 9.99032E-05
0.998901 9.99032E-05 9.99032E-05 9.99032E-05 9.99032E-05 9.99032E-05 9.99032E-05 9.99032E-05 9.99032E-05 9.99032E-05 9.99032E-05 9.99032E-05
9.99032E-05 9.99032E-05 9.99032E-05 9.99032E-05 9.99032E-05 9.99032E-05 9.99032E-05 9.99032E-05 9.99032E-05 9.99032E-05 9.99032E-05 0.998901
9.99031E-05 9.99031E-05 9.99031E-05 9.99031E-05 9.99031E-05 9.99031E-05 9.99031E-05 9.99031E-05 9.99031E-05 9.99031E-05 9.99031E-05 0.998901
0.118251 9.9956E-05 0.122573 0.28535 9.9956E-05 9.9956E-05 0.0321062 9.9956E-05 9.9956E-05 0.123848 0.115355 0.202019
9.99032E-05 9.99032E-05 9.99032E-05 9.99032E-05 9.99032E-05 9.99032E-05 9.99032E-05 9.99032E-05 9.99032E-05 9.99032E-05 9.99032E-05 0.998901
0.998901 9.99032E-05 9.99032E-05 9.99032E-05 9.99032E-05 9.99032E-05 9.99032E-05 9.99032E-05 9.99032E-05 9.99032E-05 9.99032E-05 9.99032E-05
9.99032E-05 9.99032E-05 9.99032E-05 9.99032E-05 9.99032E-05 9.99032E-05 9.99032E-05 9.99032E-05 9.99032E-05 9.99032E-05 9.99032E-05 0.998901
9.99032E-05 9.99032E-05 9.99032E-05 9.99032E-05 9.99032E-05 9.99032E-05 9.99032E-05 9.99032E-05 9.99032E-05 9.99032E-05 9.99032E-05 0.998901
9.99032E-05 9.99032E-05 9.99032E-05 9.99032E-05 9.99032E-05 9.99032E-05 9.99032E-05 9.99032E-05 9.99032E-05 9.99032E-05 9.99032E-05 0.998901
0.998901 9.99032E-05 9.99032E-05 9.99032E-05 9.99032E-05 9.99032E-05 9.99032E-05 9.99032E-05 9.99032E-05 9.99032E-05 9.99032E-05 9.99032E-05
9.99032E-05 9.99032E-05 9.99032E-05 9.99032E-05 9.99032E-05 9.99032E-05 9.99032E-05 9.99032E-05 9.99032E-05 9.99032E-05 9.99032E-05 0.998901
0.998901 9.99032E-05 9.99032E-05 9.99032E-05 9.99032E-05 9.99032E-05 9.99032E-05 9.99032E-05 9.99032E-05 9.99032E-05 9.99032E-05 9.99032E-05
9.99032E-05 9.99032E-05 9.99032E-05 9.99032E-05 9.99032E-05 9.99032E-05 9.99032E-05 9.99032E-05 9.99032E-05 9.99032E-05 9.99032E-05 0.998901
9.99031E-05 9.99031E-05 9.99031E-05 9.99031E-05 9.99031E-05 9.99031E-05 9.99031E-05 9.99031E-05 9.99031E-05 9.99031E-05 9.99031E-05 0.998901
0.998901 9.99031E-05 9.99031E-05 9.99031E-05 9.99031E-05 9.99031E-05 9.99031E-05 9.99031E-05 9.99031E-05 9.99031E-05 9.99031E-05 9.99031E-05
0.998901 9.99032E-05 9.99032E-05 9.99032E-05 9.99032E-05 9.99032E-05 9.99032E-05 9.99032E-05 9.99032E-05 9.99032E-05 9.99032E-05 9.99032E-05
0.998901 9.99032E-05 9.99032E-05 9.99032E-05 9.99032E-05 9.99032E-05 9.99032E-05 9.99032E-05 9.99032E-05 9.99032E-05 9.99032E-05 9.99032E-05
9.99032E-05 9.99032E-05 9.99032E-05 9.99032E-05 9.99032E-05 9.99032E-05 9.99032E-05 9.99032E-05 9.99032E-05 9.99032E-05 9.99032E-05 0.998901
9.99032E-05 9.99032E-05 9.99032E-05 9.99032E-05 9.99032E-05 9.99032E-05 9.99032E-05 9.99032E-05 9.99032E-05 9.99032E-05 9.99032E-05 0.998901
9.99031E-05 9.99031E-05 9.99031E-05 9.99031E-05 9.99031E-05 9.99031E-05 9.99031E-05 9.99031E-05 9.99031E-05 9.99031E-05 9.99031E-05 0.998901
9.99031E-05 9.99031E-05 9.99031E-05 9.99031E-05 9.99031E-05 9.99031E-05 9.99031E-05 9.99031E-05 9.99031E-05 9.99031E-05 9.99031E-05 0.998901
9.99031E-05 9.99031E-05 9.99031E-05 9.99031E-05 9.99031E-05 9.99031E-05 9.99031E-05 9.99031E-05 9.99031E-05 9.99031E-05 9.99031E-05 0.998901
0.998901 9.99032E-05 9.99032E-05 9.99032E-05 9.99032E-05 9.99032E-05 9.99032E-05 9.99032E-05 9.99032E-05 9.99032E-05 9.99032E-05 9.99032E-05
0.998901 9.99032E-05 9.99032E-05 9.99032E-05 9.99032E-05 9.99032E-05 9.99032E-05 9.99032E-05 9.99032E-05 9.99032E-05 9.99032E-05 9.99032E-05
0.998901 9.99032E-05 9.99032E-05 9.99032E-05 9.99032E-05 9.99032E-05 9.99032E-05 9.99032E-05 9.99032E-05 9.99032E-05 9.99032E-05 9.99032E-05
9.99032E-05 9.99032E-05 9.99032E-05 9.99032E-05 9.99032E-05 9.99032E-05 9.99032E-05 9.99032E-05 9.99032E-05 9.99032E-05 9.99032E-05 0.998901
0.998901 9.99032E-05 9.99032E-05 9.99032E-05 9.99032E-05 9.99032E-05 9.99032E-05 9.99032E-05 9.99032E-05 9.99032E-05 9.99032E-05 9.99032E-05
0.998901 9.99032E-05 9.99032E-05 9.99032E-05 9.99032E-05 9.99032E-05 9.99032E-05 9.99032E-05 9.99032E-05 9.99032E-05 9.99032E-05 9.99032E-05
0.998901 9.99032E-05 9.99032E-05 9.99032E-05 9.99032E-05 9.99032E-05 9.99032E-05 9.99032E-05 9.99032E-05 9.99032E-05 9.99032E-05 9.99032E-05
0.998901 9.99032E-05 9.99032E-05 9.99032E-05 9.99032E-05 9.99032E-05 9.99032E-05 9.99032E-05 9.99032E-05 9.99032E-05 9.99032E-05 9.99032E-05
9.99032E-05 9.99032E-05 9.99032E-05 9.99032E-05 9.99032E-05 9.99032E-05 9.99032E-05 9.99032E-05 9.99032E-05 9.99032E-05 9.99032E-05 0.998901
0.998901 9.99033E-05 9.99033E-05 9.99033E-05 9.99033E-05 9.99033E-05 9.99033E-05 9.99033E-05 9.99033E-05 9.99033E-05 9.99033E-05 9.99033E-05
0.998901 9.99031E-05 9.99031E-05 9.99031E-05 9.99031E-05 9.99031E-05 9.99031E-05 9.99031E-05 9.99031E-05 9.99031E-05 9.99031E-05 9.99031E-05
0.137049 0.00955612 9.9956E-05 0.296473 9.9956E-05 9.9956E-05 0.0936237 9.9956E-05 9.9956E-05 0.0954763 0.192861 0.174461
9.99032E-05 9.99032E-05 9.99032E-05 9.99032E-05 9.99032E-05 9.99032E-05 9.99032E-05 9.99032E-05 9.99032E-05 9.99032E-05 9.99032E-05 0.998901
0.998901 9.99033E-05 9.99033E-05 9.99033E-05 9.99033E-05 9.99033E-05 9.99033E-05 9.99033E-05 9.99033E-05 9.99033E-05 9.99033E-05 9.99033E-05
0.998901 9.99032E-05 9.99032E-05 9.99032E-05 9.99032E-05 9.99032E-05 9.99032E-05 9.99032E-05 9.99032E-05 9.99032E-05 9.99032E-05 9.99032E-05
0.998901 9.99032E-05 9.99032E-05 9.99032E-05 9.99032E-05 9.99032E-05 9.99032E-05 9.99032E-05 9.99032E-05 9.99032E-05 9.99032E-05 9.99032E-05
0.998901 9.99032E-05 9.99032E-05 9.99032E-05 9.99032E-05 9.99032E-05 9.99032E-05 9.99032E-05 9.99032E-05 9.99032E-05 9.99032E-05 9.99032E-05
9.99031E-05 9.99031E-05 9.99031E-05 9.99031E-05 9.99031E-05 9.99031E-05 9.99031E-05 9.99031E-05 9.99031E-05 9.99031E-05 9.99031E-05 0.998901
0.998901 9.99032E-05 9.99032E-05 9.99032E-05 9.99032E-05 9.99032E-05 9.99032E-05 9.99032E-05 9.99032E-05 9.99032E-05 9.99032E-05 9.99032E-05
9.99031E-05 9.99031E-05 9.99031E-05 9.99031E-05 9.99031E-05 9.99031E-05 9.99031E-05 9.99031E-05 9.99031E-05 9.99031E-05 9.99031E-05 0.998901
0.998901 9.99032E-05 9.99032E-05 9.99032E-05 9.99032E-05 9.99032E-05 9.99032E-05 9.99032E-05 9.99032E-05 9.99032E-05 9.99032E-05 9.99032E-05
9.99032E-05 9.99032E-05 9.99032E-05 9.99032E-05 9.99032E-05 9.99032E-05 9.99032E-05 9.99032E-05 9.99032E-05 9.99032E-05 9.99032E-05 0.998901
0.998901 9.99033E-05 9.99033E-05 9.99033E-05 9.99033E-05 9.99033E-05 9.99033E-05 9.99033E-05 9.99033E-05 9.99033E-05 9.99033E-05 9.99033E-05
0.998901 9.99031E-05 9.99031E-05 9.99031E-05 9.99031E-05 9.99031E-05 9.99031E-05 9.99031E-05 9.99031E-05 9.99031E-05 9.99031E-05 9.99031E-05
0.998901 9.99032E-05 9.99032E-05 9.99032E-05 9.99032E-05 9.99032E-05 9.99032E-05 9.99032E-05 9.99032E-05 9.99032E-05 9.99032E-05 9.99032E-05
0.998901 9.99032E-05 9.99032E-05 9.99032E-05 9.99032E-05 9.99032E-05 9.99032E-05 9.99032E-05 9.99032E-05 9.99032E-05 9.99032E-05 9.99032E-05
0.998901 9.99033E-05 9.99033E-05 9.99033E-05 9.99033E-05 9.99033E-05 9.99033E-05 9.99033E-05 9.99033E-05 9.99033E-05 9.99033E-05 9.99033E-05
0.998901 9.99032E-05 9.99032E-05 9.99032E-05 9.99032E-05 9.99032E-05 9.99032E-05 9.99032E-05 9.99032E-05 9.99032E-05 9.99032E-05 9.99032E-05
9.99032E-05 9.99032E-05 9.99032E-05 9.99032E-05 9.99032E-05 9.99032E-05 9.99032E-05 9.99032E-05 9.99032E-05 9.99032E-05 9.99032E-05 0.998901
9.99032E-05 9.99032E-05 9.99032E-05 9.99032E-05 9.99032E-05 9.99032E-05 9.99032E-05 9.99032E-05 9.99032E-05 9.99032E-05 9.99032E-05 0.998901
9.99032E-05 9.99032E-05 9.99032E-05 9.99032E-05 9.99032E-05 9.99032E-05 9.99032E-05 9.99032E-05 9.99032E-05 9.99032E-05 9.99032E-05 0.998901
0.998901 9.99032E-05 9.99032E-05 9.99032E-05 9.99032E-05 9.99032E-05 9.99032E-05 9.99032E-05 9.99032E-05 9.99032E-05 9.99032E-05 9.99032E-05
9.99031E-05 9.99031E-05 9.99031E-05 9.99031E-05 9.99031E-05 9.99031E-05 9.99031E-05 9.99031E-05 9.99031E-05 9.99031E-05 9.99031E-05 0.998901
9.99032E-05 9.99032E-05 9.99032E-05 9.99032E-05 9.99032E-05 9.99032E-05 9.99032E-05 9.99032E-05 9.99032E-05 9.99032E-05 9.99032E-05 0.998901
9.99032E-05 9.99032E-05 9.99032E-05 9.99032E-05 9.99032E-05 9.99032E-05 9.99032E-05 9.99032E-05 9.99032E-05 9.99032E-05 9.99032E-05 0.998901
0.998901 9.99032E-05 9.99032E-05 9.99032E-05 9.99032E-05 9.99032E-05 9.99032E-05 9.99032E-05 9.99032E-05 9.99032E-05 9.99032E-05 9.99032E-05
0.998901 9.99032E-05 9.99032E-05 9.99032E-05 9.99032E-05 9.99032E-05 9.99032E-05 9.99032E-05 9.99032E-05 9.99032E-05 9.99032E-05 9.99032E-05
0.998901 9.99032E-05 9.99032E-05 9.99032E-05 9.99032E-05 9.99032E-05 9.99032E-05 9.99032E-05 9.99032E-05 9.99032E-05 9.99032E-05 9.99032E-05
9.99032E-05 9.99032E-05 9.99032E-05 9.99032E-05 9.99032E-05 9.99032E-05 9.99032E-05 9.99032E-05 9.99032E-05 9.99032E-05 9.99032E-05 0.998901
0.998901 9.99032E-05 9.99032E-05 9.99032E-05 9.99032E-05 9.99032E-05 9.99032E-05 9.99032E-05 9.99032E-05 9.99032E-05 9.99032E-05 9.99032E-05
0.998901 9.99032E-05 9.99032E-05 9.99032E-05 9.99032E-05 9.99032E-05 9.99032E-05 9.99032E-05 9.99032E-05 9.99032E-05 9.99032E-05 9.99032E-05
9.99031E-05 9.99031E-05 9.99031E-05 9.99031E-05 9.99031E-05 9.99031E-05 9.99031E-05 9.99031E-05 9.99031E-05 9.99031E-05 9.99031E-05 0.998901
0.998901 9.99032E-05 9.99032E-05 9.99032E-05 9.99032E-05 9.99032E-05 9.99032E-05 9.99032E-05 9.99032E-05 9.99032E-05 9.99032E-05 9.99032E-05
0.998901 9.99032E-05 9.99032E-05 9.99032E-05 9.99032E-05 9.99032E-05 9.99032E-05 9.99032E-05 9.99032E-05 9.99032E-05 9.99032E-05 9.99032E-05
0.0889594 0.0663202 9.997E-05 0.164557 0.0651134 0.0766423 0.0397137 9.997E-05 9.997E-05 0.137956 0.0316264 0.328812
9.99032E-05 9.99032E-05 9.99032E-05 9.99032E-05 9.99032E-05 9.99032E-05 9.99032E-05 9.99032E-05 9.99032E-05 9.99032E-05 9.99032E-05 0.998901
0.998901 9.99032E-05 9.99032E-05 9.99032E-05 9.99032E-05 9.99032E-05 9.99032E-05 9.99032E-05 9.99032E-05 9.99032E-05 9.99032E-05 9.99032E-05
0.470841 9.99474E-05 0.110942 0.326123 9.99474E-05 0.0306316 0.00778336 9.99474E-05 9.99474E-05 9.99474E-05 9.99474E-05 0.0530797
0.275138 9.99473E-05 0.024534 0.325928 9.99473E-05 9.99473E-05 9.99473E-05 9.99473E-05 9.99473E-05 0.0663562 0.0786944 0.22875
0.182989 9.99297E-05 0.0364405 0.382207 9.99297E-05 9.99297E-05 9.99297E-05 9.99297E-05 9.99297E-05 9.99297E-05 9.99297E-05 0.397564
9.99384E-05 0.0385933 9.99384E-05 0.606914 9.99384E-05 9.99384E-05 9.99384E-05 9.99384E-05 9.99384E-05 0.000745153 0.157906 0.195142
0.252625 9.99297E-05 9.99297E-05 0.307254 0.161203 9.99297E-05 9.99297E-05 9.99297E-05 9.99297E-05 9.99297E-05 9.99297E-05 0.278119
0.0923258 9.993E-05 9.993E-05 0.880699 9.993E-05 9.993E-05 9.993E-05 0.00604601 9.993E-05 9.993E-05 9.993E-05 0.0201293
0.429641 9.99474E-05 9.99474E-05 0.124733 0.0337355 0.0315963 9.99474E-05 9.99474E-05 9.99474E-05 9.99474E-05 0.219154 0.16054
0.149265 0.0514492 0.0638961 0.545246 9.9956E-05 0.0935809 9.9956E-05 9.9956E-05 9.9956E-05 0.00943295 9.9956E-05 0.0866301
0.214125 9.9921E-05 9.9921E-05 0.747596 9.9921E-05 9.9921E-05 9.9921E-05 9.9921E-05 9.9921E-05 9.9921E-05 9.9921E-05 0.0373804
9.99385E-05 9.99385E-05 0.0768618 0.668702 9.99385E-05 9.99385E-05 9.99385E-05 9.99385E-05 0.0169127 9.99385E-05 0.0512685 0.185556
0.1334 9.99297E-05 9.99297E-05 0.554523 9.99297E-05 0.0537091 9.99297E-05 9.99297E-05 9.99297E-05 9.99297E-05 9.99297E-05 0.257568
0.51859 9.99297E-05 9.99297E-05 0.362359 9.99297E-05 9.99297E-05 9.99297E-05 9.99297E-05 9.99297E-05 9.99297E-05 0.0125841 0.105667
0.22291 0.0793316 9.995E-05 0.186536 0.0237305 9.995E-05 0.144638 9.995E-05 9.995E-05 9.995E-05 0.0702388 0.272116
0.0698842 0.136648 0.0181567 0.66796 9.99384E-05 9.99384E-05 9.99384E-05 9.99384E-05 0.106651 9.99384E-05 9.99384E-05 9.99384E-05
0.156354 9.99296E-05 9.99296E-05 0.502921 9.99296E-05 0.0579035 9.99296E-05 9.99296E-05 9.99296E-05 9.99296E-05 9.99296E-05 0.282022
0.274145 9.99473E-05 9.99473E-05 0.276141 0.165912 0.0410934 9.99473E-05 9.99473E-05 0.0585406 9.99473E-05 9.99473E-05 0.183569
0.201324 9.99473E-05 0.109886 0.564888 0.00807449 9.99473E-05 9.99473E-05 9.99473E-05 9.99473E-05 0.0308957 9.99473E-05 0.0843319
0.0783806 0.0210491 0.00188065 0.298056 0.00817991 0.0951108 0.0590186 9.996E-05 9.996E-05 9.996E-05 9.996E-05 0.437925
0.168848 9.99472E-05 9.99472E-05 0.409165 0.208972 0.0653912 9.99472E-05 9.99472E-05 0.0974602 0.0495644 9.99472E-05 9.99472E-05
0.190537 9.99384E-05 0.0409138 0.421532 9.99384E-05 9.99384E-05 9.99384E-05 9.99384E-05 0.0650423 9.99384E-05 9.99384E-05 0.281276
0.199986 9.99384E-05 9.99384E-05 0.540459 9.99384E-05 9.99384E-05 9.99384E-05 9.99384E-05 0.0690073 0.0321661 9.99384E-05 0.157682
0.243197 9.99385E-05 9.99385E-05 0.534443 0.072367 9.99385E-05 0.0600049 9.99385E-05 0.0892883 9.99385E-05 9.99385E-05 9.99385E-05
0.213227 0.00912833 9.99561E-05 0.374898 9.99561E-05 0.0240993 0.108707 9.99561E-05 9.99561E-05 0.0391021 9.99561E-05 0.230339
0.174405 0.0424662 9.995E-05 0.521969 9.995E-05 0.0006583 9.995E-05 9.995E-05 0.126706 0.00356078 9.995E-05 0.129735
0.0413401 0.148051 0.11426 0.60033 0.00130835 9.99472E-05 9.99472E-05 9.99472E-05 9.99472E-05 9.99472E-05 9.99472E-05 0.0941111
0.0014309 9.99211E-05 9.99211E-05 0.965003 0.0326664 9.99211E-05 9.99211E-05 9.99211E-05 9.99211E-05 9.99211E-05 9.99211E-05 9.99211E-05
0.116479 9.99472E-05 0.0371274 0.505009 0.0292563 9.99472E-05 9.99472E-05 9.99472E-05 0.192319 9.99472E-05 9.99472E-05 0.119209
0.328059 0.0191472 0.138988 0.301938 9.99385E-05 9.99385E-05 9.99385E-05 9.99385E-05 9.99385E-05 9.99385E-05 9.99385E-05 0.211168
9.99296E-05 0.0353603 9.99296E-05 0.64864 9.99296E-05 9.99296E-05 9.99296E-05 9.99296E-05 0.150231 9.99296E-05 9.99296E-05 0.16497
0.21155 0.153665 9.99385E-05 0.495366 9.99385E-05 9.99385E-05 9.99385E-05 9.99385E-05 9.99385E-05 0.107257 9.99385E-05 0.0314636
0.403352 9.99561E-05 9.99561E-05 0.26268 0.0283873 0.00248168 0.0331322 9.99561E-05 0.0866364 9.99561E-05 9.99561E-05 0.182831
0.245765 9.99385E-05 9.99385E-05 0.564757 9.99385E-05 0.0195944 9.99385E-05 9.99385E-05 0.0113944 9.99385E-05 9.99385E-05 0.157789
0.219466 9.99384E-05 9.99384E-05 0.373325 0.175076 9.99384E-05 9.99384E-05 9.99384E-05 0.0643151 9.99384E-05 9.99384E-05 0.167118
0.218998 0.0222641 9.99385E-05 0.410848 9.99385E-05 9.99385E-05 9.99385E-05 9.99385E-05 0.13113 9.99385E-05 9.99385E-05 0.21606
0.169073 0.11824 9.99472E-05 0.368773 9.99472E-05 0.0321111 9.99472E-05 9.99472E-05 0.103446 9.99472E-05 9.99472E-05 0.207756
0.0785818 9.99385E-05 9.99385E-05 0.644817 9.99385E-05 9.99385E-05 9.99385E-05 9.99385E-05 0.0100651 9.99385E-05 0.0529389 0.212898
9.99034E-05 9.99034E-05 9.99034E-05 0.998901 9.99034E-05 9.99034E-05 9.99034E-05 9.99034E-05 9.99034E-05 9.99034E-05 9.99034E-05 9.99034E-05
9.99473E-05 9.99473E-05 9.99473E-05 0.391464 0.0167126 0.103106 0.0659439 9.99473E-05 9.99473E-05 9.99473E-05 0.185261 0.236913
0.0112514 9.994E-05 9.994E-05 0.663959 9.994E-05 0.129758 0.106359 9.994E-05 9.994E-05 0.00420506 9.994E-05 0.0838684
0.25311 9.9956E-05 9.9956E-05 0.39555 0.0186989 9.9956E-05 9.9956E-05 9.9956E-05 0.144473 0.0105176 0.0919949 0.0851562
0.0909272 0.0164863 9.99472E-05 0.53474 9.99472E-05 0.0253447 9.99472E-05 9.99472E-05 0.0586268 9.99472E-05 9.99472E-05 0.273275
0.0741116 9.99473E-05 0.0911898 0.586085 0.043224 9.99473E-05 9.99473E-05 9.99473E-05 0.0961464 9.99473E-05 9.99473E-05 0.108643
0.238388 9.995E-05 0.0421464 0.420558 9.995E-05 9.995E-05 9.995E-05 9.995E-05 0.0163122 0.00810726 0.121637 0.152351
0.550653 9.99386E-05 9.99386E-05 0.204053 0.156961 9.99386E-05 9.99386E-05 9.99386E-05 0.0356859 9.99386E-05 9.99386E-05 0.051947
0.308594 0.0458756 9.99472E-05 0.125047 0.0905503 0.0158145 9.99472E-05 9.99472E-05 9.99472E-05 9.99472E-05 9.99472E-05 0.413519
0.178256 0.0170049 9.994E-05 0.575733 9.994E-05 9.994E-05 9.994E-05 9.994E-05 0.0780067 0.014376 9.994E-05 0.136024
0.0250942 9.99122E-05 9.99122E-05 0.973907 9.99122E-05 9.99122E-05 9.99122E-05 9.99122E-05 9.99122E-05 9.99122E-05 9.99122E-05 9.99122E-05
0.268747 9.99385E-05 9.99385E-05 0.562824 9.99385E-05 0.0451914 9.99385E-05 9.99385E-05 0.111216 9.99385E-05 9.99385E-05 0.0113216
9.99123E-05 9.99123E-05 9.99123E-05 0.951309 9.99123E-05 9.99123E-05 9.99123E-05 9.99123E-05 0.0476921 9.99123E-05 9.99123E-05 9.99123E-05
0.18119 0.0541861 9.99561E-05 0.216367 0.156401 9.99561E-05 9.99561E-05 9.99561E-05 9.99561E-05 0.0619954 0.0253351 0.304025
9.9921E-05 9.9921E-05 9.9921E-05 0.908941 0.0858628 9.9921E-05 9.9921E-05 9.9921E-05 9.9921E-05 9.9921E-05 9.9921E-05 0.00429714
9.99297E-05 9.99297E-05 9.99297E-05 0.581216 0.0154067 0.0494948 9.99297E-05 9.99297E-05 9.99297E-05 9.99297E-05 9.99297E-05 0.353083
9.99472E-05 9.99472E-05 9.99472E-05 0.275933 0.251108 0.0375664 9.99472E-05 9.99472E-05 0.146253 9.99472E-05 0.0305984 0.257942
0.142992 9.99296E-05 9.99296E-05 0.338442 0.385897 9.99296E-05 9.99296E-05 9.99296E-05 9.99296E-05 9.99296E-05 9.99296E-05 0.13187
0.0736164 9.99561E-05 0.0288268 0.604529 9.99561E-05 9.99561E-05 0.106407 9.99561E-05 9.99561E-05 0.0149391 0.0690229 0.102158
0.272131 9.99385E-05 0.0396921 0.488152 0.0478812 9.99385E-05 9.99385E-05 9.99385E-05 9.99385E-05 9.99385E-05 9.99385E-05 0.151444
9.99212E-05 9.99212E-05 9.99212E-05 0.687241 0.133898 9.99212E-05 9.99212E-05 9.99212E-05 9.99212E-05 9.99212E-05 9.99212E-05 0.177963
0.222359 9.99297E-05 9.99297E-05 0.738502 0.0225068 0.0158331 9.99297E-05 9.99297E-05 9.99297E-05 9.99297E-05 9.99297E-05 9.99297E-05
0.228505 9.99385E-05 9.99385E-05 0.444768 9.99385E-05 9.99385E-05 9.99385E-05 9.99385E-05 9.99385E-05 0.0517482 0.0227296 0.25155
0.201451 9.99298E-05 9.99298E-05 0.452733 0.116416 9.99298E-05 9.99298E-05 9.99298E-05 9.99298E-05 9.99298E-05 9.99298E-05 0.228601
9.99034E-05 9.99034E-05 9.99034E-05 0.998901 9.99034E-05 9.99034E-05 9.99034E-05 9.99034E-05 9.99034E-05 9.99034E-05 9.99034E-05 9.99034E-05
0.118859 9.99123E-05 9.99123E-05 0.880142 9.99123E-05 9.99123E-05 9.99123E-05 9.99123E-05 9.99123E-05 9.99123E-05 9.99123E-05 9.99123E-05
0.018563 9.99299E-05 9.99299E-05 0.754637 9.99299E-05 9.99299E-05 9.99299E-05 0.0504025 9.99299E-05 9.99299E-05 9.99299E-05 0.175598
0.0764014 9.99297E-05 9.99297E-05 0.622991 9.99297E-05 0.0919559 9.99297E-05 9.99297E-05 9.99297E-05 9.99297E-05 9.99297E-05 0.207853
0.296299 9.99546E-05 9.99546E-05 0.463169 9.99546E-05 0.0428415 9.99546E-05 9.99546E-05 9.99546E-05 0.161259 0.0106732 0.0251585
0.24884 9.99298E-05 9.99298E-05 0.63836 9.99298E-05 9.99298E-05 0.022063 9.99298E-05 0.0899381 9.99298E-05 9.99298E-05 9.99298E-05
0.0624859 9.99211E-05 9.99211E-05 0.898254 9.99211E-05 9.99211E-05 9.99211E-05 9.99211E-05 9.99211E-05 9.99211E-05 9.99211E-05 0.0383605
0.257887 9.99561E-05 9.99561E-05 0.279669 0.130466 0.0041064 9.99561E-05 9.99561E-05 0.0637026 0.0425699 9.99561E-05 0.221099
0.0788279 9.99472E-05 0.018805 0.39396 9.99472E-05 0.0204339 9.99472E-05 9.99472E-05 9.99472E-05 0.026643 9.99472E-05 0.46073
9.99298E-05 9.99298E-05 9.99298E-05 0.794521 0.141329 9.99298E-05 9.99298E-05 9.99298E-05 9.99298E-05 0.0353417 9.99298E-05 0.0280089
0.0616794 9.99385E-05 9.99385E-05 0.471192 0.233972 9.99385E-05 9.99385E-05 9.99385E-05 9.99385E-05 0.0105241 9.99385E-05 0.221932
