0.334372 9.98948E-05 9.98948E-05 0.017907 9.98948E-05 9.98948E-05 9.98948E-05 9.98948E-05 0.167328 9.98948E-05 9.98948E-05 9.98948E-05 0.0691081 0.0177282 0.0197398 9.98948E-05 9.98948E-05 0.0624937 9.98948E-05 0.310124
0.66091 9.98684E-05 0.0335761 9.98684E-05 0.034009 9.98684E-05 9.98684E-05 9.98684E-05 9.98684E-05 9.98684E-05 9.98684E-05 9.98684E-05 0.144072 9.98684E-05 9.98684E-05 9.98684E-05 9.98684E-05 9.98684E-05 9.98684E-05 0.125934
0.76589 9.98683E-05 9.98683E-05 9.98683E-05 9.98683E-05 9.98683E-05 9.98683E-05 9.98683E-05 0.0388585 0.0528272 9.98683E-05 9.98683E-05 9.98683E-05 9.98683E-05 9.98683E-05 0.106915 9.98683E-05 9.98683E-05 9.98683E-05 0.0340109
0.237712 9.99123E-05 0.319187 0.000863747 9.99123E-05 9.99123E-05 9.99123E-05 9.99123E-05 0.179035 0.00584192 9.99123E-05 9.99123E-05 9.99123E-05 9.99123E-05 0.0425353 0.147676 0.039324 0.0169967 0.00982857 9.99123E-05
0.754213 9.98772E-05 9.98772E-05 9.98772E-05 9.98772E-05 9.98772E-05 0.0522628 0.00961951 9.98772E-05 0.0780435 9.98772E-05 9.98772E-05 9.98772E-05 9.98772E-05 9.98772E-05 0.0337694 9.98772E-05 9.98772E-05 0.0706937 9.98772E-05
0.12779 9.98773E-05 9.98773E-05 0.159499 9.98773E-05 9.98773E-05 9.98773E-05 9.98773E-05 9.98773E-05 9.98773E-05 9.98773E-05 9.98773E-05 0.0145496 9.98773E-05 9.98773E-05 0.160245 9.98773E-05 9.98773E-05 0.269812 0.266707
0.1677 9.99035E-05 9.99035E-05 9.99035E-05 9.99035E-05 0.0718995 0.0448392 0.0207622 0.0874998 9.99035E-05 9.99035E-05 9.99035E-05 0.149753 9.99035E-05 0.0904663 9.99035E-05 9.99035E-05 9.99035E-05 0.128173 0.237808
0.136603 0.145681 9.99211E-05 0.120294 0.051725 0.00420134 9.99211E-05 9.99211E-05 0.170376 0.114847 9.99211E-05 9.99211E-05 9.99211E-05 9.99211E-05 0.0229747 0.0600853 9.99211E-05 9.99211E-05 0.0128014 0.15951
0.228915 9.98772E-05 9.98772E-05 0.229768 9.98772E-05 9.98772E-05 9.98772E-05 9.98772E-05 0.0616985 9.98772E-05 9.98772E-05 9.98772E-05 0.00979288 0.236181 9.98772E-05 9.98772E-05 9.98772E-05 0.232246 9.98772E-05 9.98772E-05
0.819231 9.98683E-05 9.98683E-05 9.98683E-05 0.042148 9.98683E-05 9.98683E-05 9.98683E-05 0.0466287 9.98683E-05 9.98683E-05 9.98683E-05 9.98683E-05 0.0362363 9.98683E-05 9.98683E-05 9.98683E-05 0.0542581 9.98683E-05 9.98683E-05
0.432915 9.98772E-05 9.98772E-05 0.00354985 9.98772E-05 9.98772E-05 9.98772E-05 9.98772E-05 0.132953 9.98772E-05 9.98772E-05 9.98772E-05 9.98772E-05 9.98772E-05 0.126629 9.98772E-05 9.98772E-05 0.161263 9.98772E-05 0.141292
0.84258 9.98596E-05 0.0980885 9.98596E-05 9.98596E-05 9.98596E-05 9.98596E-05 9.98596E-05 9.98596E-05 9.98596E-05 9.98596E-05 9.98596E-05 9.98596E-05 9.98596E-05 9.98596E-05 0.0415026 9.98596E-05 9.98596E-05 9.98596E-05 0.0162315
0.738061 9.98683E-05 9.98683E-05 9.98683E-05 9.98683E-05 9.98683E-05 0.00630465 9.98683E-05 0.126447 9.98683E-05 9.98683E-05 9.98683E-05 9.98683E-05 9.98683E-05 0.0130146 9.98683E-05 9.98683E-05 0.114675 9.98683E-05 9.98683E-05
0.580343 0.0367427 9.99036E-05 0.00121866 9.99036E-05 9.99036E-05 9.99036E-05 9.99036E-05 9.99036E-05 9.99036E-05 0.00959443 0.0114503 0.016113 9.99036E-05 0.0835651 0.194675 9.99036E-05 0.0651984 9.99036E-05 9.99036E-05
0.301725 9.98947E-05 9.98947E-05 0.131274 9.98947E-05 9.98947E-05 0.0210458 0.019304 9.98947E-05 9.98947E-05 0.0378386 9.98947E-05 9.98947E-05 9.98947E-05 9.98947E-05 0.116638 9.98947E-05 0.108459 9.98947E-05 0.262517
0.150734 0.0831904 0.155953 0.135908 9.98947E-05 9.98947E-05 9.98947E-05 9.98947E-05 0.120948 9.98947E-05 9.98947E-05 9.98947E-05 9.98947E-05 9.98947E-05 0.0124575 9.98947E-05 9.98947E-05 0.126171 9.98947E-05 0.213439
0.492556 9.9921E-05 9.9921E-05 0.0461405 9.9921E-05 0.0159497 9.9921E-05 0.100929 0.0728208 9.9921E-05 0.0267142 0.172893 0.0223116 0.00458927 0.0145093 9.9921E-05 9.9921E-05 0.0296872 9.9921E-05 9.9921E-05
0.0816374 9.9886E-05 9.9886E-05 0.00535784 0.121852 9.9886E-05 9.9886E-05 9.9886E-05 0.181777 9.9886E-05 9.9886E-05 9.9886E-05 9.9886E-05 9.9886E-05 9.9886E-05 9.9886E-05 0.104817 0.123518 9.9886E-05 0.379743
0.234469 9.99034E-05 0.0734092 0.111306 9.99034E-05 9.99034E-05 0.0501598 9.99034E-05 0.186251 9.99034E-05 9.99034E-05 9.99034E-05 9.99034E-05 9.99034E-05 0.00273418 9.99034E-05 9.99034E-05 0.195687 0.0934718 0.0514136
0.967816 9.98508E-05 9.98508E-05 0.0136958 9.98508E-05 9.98508E-05 9.98508E-05 9.98508E-05 9.98508E-05 9.98508E-05 9.98508E-05 9.98508E-05 9.98508E-05 9.98508E-05 9.98508E-05 9.98508E-05 0.0167905 9.98508E-05 9.98508E-05 9.98508E-05
0.448176 0.147091 0.165382 0.0184301 9.98947E-05 9.98947E-05 9.98947E-05 9.98947E-05 9.98947E-05 0.0507059 9.98947E-05 9.98947E-05 9.98947E-05 9.98947E-05 0.0786669 0.0539055 9.98947E-05 0.0364439 9.98947E-05 9.98947E-05
0.151995 9.98947E-05 9.98947E-05 0.125958 9.98947E-05 9.98947E-05 0.0657551 0.0462253 0.414881 0.0376945 9.98947E-05 9.98947E-05 9.98947E-05 9.98947E-05 9.98947E-05 0.0343152 9.98947E-05 9.98947E-05 0.121977 9.98947E-05
0.526016 9.9886E-05 0.0214848 9.9886E-05 9.9886E-05 9.9886E-05 0.0132128 9.9886E-05 9.9886E-05 9.9886E-05 9.9886E-05 9.9886E-05 9.9886E-05 9.9886E-05 0.0782053 0.0116101 9.9886E-05 0.0900993 9.9886E-05 0.258073
0.254401 0.0130381 9.98772E-05 9.98772E-05 9.98772E-05 9.98772E-05 9.98772E-05 9.98772E-05 0.309804 9.98772E-05 9.98772E-05 9.98772E-05 9.98772E-05 0.0264282 9.98772E-05 9.98772E-05 9.98772E-05 0.289318 9.98772E-05 0.105613
0.246966 9.98947E-05 0.131583 0.0869458 9.98947E-05 9.98947E-05 9.98947E-05 9.98947E-05 0.0642593 9.98947E-05 0.144269 9.98947E-05 9.98947E-05 9.98947E-05 9.98947E-05 0.106278 0.040624 0.177876 9.98947E-05 9.98947E-05
0.619198 9.98683E-05 0.169053 9.98683E-05 9.98683E-05 9.98683E-05 9.98683E-05 9.98683E-05 0.040177 9.98683E-05 9.98683E-05 9.98683E-05 9.98683E-05 9.98683E-05 9.98683E-05 0.0813071 9.98683E-05 0.0887668 9.98683E-05 9.98683E-05
9.98859E-05 0.0497037 9.98859E-05 9.98859E-05 0.107228 9.98859E-05 0.280841 0.0645936 0.206428 9.98859E-05 9.98859E-05 9.98859E-05 9.98859E-05 9.98859E-05 9.98859E-05 0.258535 9.98859E-05 0.0313715 9.98859E-05 9.98859E-05
0.674914 9.98948E-05 0.109315 9.98948E-05 9.98948E-05 9.98948E-05 0.00928661 9.98948E-05 0.0955389 9.98948E-05 9.98948E-05 9.98948E-05 0.0202443 9.98948E-05 9.98948E-05 0.0258533 9.98948E-05 0.0359433 0.0277054 9.98948E-05
0.528281 9.9886E-05 9.9886E-05 9.9886E-05 9.9886E-05 9.9886E-05 0.0950925 9.9886E-05 0.0497562 9.9886E-05 9.9886E-05 9.9886E-05 9.9886E-05 9.9886E-05 0.0134355 0.016263 9.9886E-05 0.274051 9.9886E-05 0.0218215
0.732059 9.99035E-05 9.99035E-05 0.0518295 9.99035E-05 9.99035E-05 9.99035E-05 9.99035E-05 9.99035E-05 9.99035E-05 9.99035E-05 0.0064629 0.0264815 0.0221875 0.00310061 0.0124534 9.99035E-05 0.119865 0.0244619 9.99035E-05
0.538268 9.98946E-05 9.98946E-05 0.0581795 0.0267887 9.98946E-05 0.0983009 9.98946E-05 0.0496741 9.98946E-05 9.98946E-05 9.98946E-05 9.98946E-05 9.98946E-05 0.136036 9.98946E-05 0.00826968 9.98946E-05 0.0832843 9.98946E-05
0.343785 9.98948E-05 0.0263211 9.98948E-05 9.98948E-05 9.98948E-05 0.113293 9.98948E-05 0.041331 9.98948E-05 9.98948E-05 9.98948E-05 9.98948E-05 9.98948E-05 0.109735 0.297923 9.98948E-05 0.0550492 0.0113637 9.98948E-05
0.384425 0.0418328 0.0358601 9.98946E-05 9.98946E-05 9.98946E-05 9.98946E-05 9.98946E-05 0.112161 9.98946E-05 9.98946E-05 9.98946E-05 9.98946E-05 9.98946E-05 0.112941 0.0241636 9.98946E-05 0.154617 9.98946E-05 0.132802
0.452472 9.99035E-05 9.99035E-05 9.99035E-05 0.0141637 0.026934 9.99035E-05 0.00160551 0.107347 9.99035E-05 9.99035E-05 9.99035E-05 9.99035E-05 9.99035E-05 0.00434755 0.197896 9.99035E-05 0.0945335 0.0996012 9.99035E-05
0.792216 9.98948E-05 9.98948E-05 0.0125298 9.98948E-05 9.98948E-05 0.0308435 9.98948E-05 9.98948E-05 9.98948E-05 9.98948E-05 9.98948E-05 0.0177285 9.98948E-05 0.0543207 9.98948E-05 0.0608409 0.00904788 0.0212738 9.98948E-05
0.564552 9.98947E-05 0.181088 0.0154152 9.98947E-05 9.98947E-05 0.0471787 9.98947E-05 0.0984311 9.98947E-05 9.98947E-05 9.98947E-05 9.98947E-05 0.0210626 9.98947E-05 9.98947E-05 9.98947E-05 0.0625237 9.98947E-05 0.00854993
0.803823 9.98509E-05 9.98509E-05 9.98509E-05 9.98509E-05 9.98509E-05 0.114306 9.98509E-05 9.98509E-05 9.98509E-05 9.98509E-05 9.98509E-05 9.98509E-05 9.98509E-05 9.98509E-05 9.98509E-05 9.98509E-05 9.98509E-05 0.0801741 9.98509E-05
0.604545 9.98947E-05 0.063345 0.137215 9.98947E-05 9.98947E-05 9.98947E-05 9.98947E-05 0.0064593 9.98947E-05 9.98947E-05 0.0108915 0.0372518 9.98947E-05 9.98947E-05 9.98947E-05 0.0153317 0.123762 9.98947E-05 9.98947E-05
0.512488 9.99036E-05 9.99036E-05 9.99036E-05 9.99036E-05 9.99036E-05 9.99036E-05 0.00468088 0.0525557 0.0474558 9.99036E-05 9.99036E-05 0.0667276 9.99036E-05 0.0255192 0.0607317 9.99036E-05 0.218582 0.0101609 9.99036E-05
0.526462 0.0879564 9.98859E-05 9.98859E-05 9.98859E-05 0.0257555 9.98859E-05 9.98859E-05 0.0158131 9.98859E-05 9.98859E-05 9.98859E-05 9.98859E-05 9.98859E-05 9.98859E-05 0.166026 9.98859E-05 0.143087 0.0336013 9.98859E-05
0.716391 0.0205542 9.98772E-05 9.98772E-05 9.98772E-05 9.98772E-05 0.0829776 9.98772E-05 0.129432 9.98772E-05 9.98772E-05 9.98772E-05 9.98772E-05 9.98772E-05 9.98772E-05 9.98772E-05 9.98772E-05 0.0436312 0.00561574 9.98772E-05
0.493754 9.98772E-05 9.98772E-05 9.98772E-05 9.98772E-05 9.98772E-05 0.0980732 9.98772E-05 0.154993 9.98772E-05 9.98772E-05 9.98772E-05 9.98772E-05 0.0687443 9.98772E-05 9.98772E-05 9.98772E-05 0.167586 9.98772E-05 0.0154513
0.734502 9.98685E-05 9.98685E-05 9.98685E-05 9.98685E-05 9.98685E-05 0.125083 9.98685E-05 9.98685E-05 9.98685E-05 9.98685E-05 0.0348646 0.0494041 9.98685E-05 9.98685E-05 9.98685E-05 9.98685E-05 9.98685E-05 0.0546478 9.98685E-05
0.317051 9.9886E-05 9.9886E-05 0.0842521 0.00609678 9.9886E-05 9.9886E-05 9.9886E-05 0.128411 9.9886E-05 9.9886E-05 9.9886E-05 9.9886E-05 0.136152 9.9886E-05 9.9886E-05 9.9886E-05 0.165654 9.9886E-05 0.161085
0.187485 9.98597E-05 9.98597E-05 9.98597E-05 9.98597E-05 9.98597E-05 9.98597E-05 0.152251 0.50714 9.98597E-05 9.98597E-05 9.98597E-05 9.98597E-05 9.98597E-05 9.98597E-05 9.98597E-05 9.98597E-05 0.151526 9.98597E-05 9.98597E-05
0.776642 9.9877E-05 0.00929205 9.9877E-05 9.9877E-05 9.9877E-05 9.9877E-05 9.9877E-05 0.0714562 9.9877E-05 9.9877E-05 9.9877E-05 9.9877E-05 9.9877E-05 9.9877E-05 9.9877E-05 0.0404521 0.0538091 0.0469507 9.9877E-05
0.807455 9.98596E-05 0.117003 0.0157796 9.98596E-05 9.98596E-05 9.98596E-05 9.98596E-05 9.98596E-05 9.98596E-05 9.98596E-05 9.98596E-05 9.98596E-05 9.98596E-05 9.98596E-05 9.98596E-05 9.98596E-05 0.0581649 9.98596E-05 9.98596E-05
0.816474 9.98596E-05 9.98596E-05 9.98596E-05 0.0702098 9.98596E-05 9.98596E-05 9.98596E-05 9.98596E-05 9.98596E-05 9.98596E-05 9.98596E-05 9.98596E-05 9.98596E-05 9.98596E-05 9.98596E-05 9.98596E-05 0.0395431 9.98596E-05 0.0721754
0.511968 9.99034E-05 0.0131524 9.99034E-05 9.99034E-05 9.99034E-05 0.00329808 9.99034E-05 0.185267 9.99034E-05 9.99034E-05 9.99034E-05 9.99034E-05 9.99034E-05 0.0366912 0.0151144 9.99034E-05 0.0941594 0.0471526 0.0920978
0.737381 9.98687E-05 9.98687E-05 0.024134 9.98687E-05 0.166045 9.98687E-05 9.98687E-05 9.98687E-05 9.98687E-05 9.98687E-05 9.98687E-05 9.98687E-05 9.98687E-05 0.012422 9.98687E-05 9.98687E-05 9.98687E-05 0.0585197 9.98687E-05
0.250208 9.99035E-05 9.99035E-05 0.02413 9.99035E-05 9.99035E-05 0.151147 9.99035E-05 9.99035E-05 9.99035E-05 9.99035E-05 9.99035E-05 9.99035E-05 0.0942991 0.0970708 0.0991261 0.0316644 0.235777 9.99035E-05 0.0154797
0.595307 9.98684E-05 0.0323324 9.98684E-05 9.98684E-05 9.98684E-05 9.98684E-05 9.98684E-05 0.220997 0.0301282 9.98684E-05 9.98684E-05 9.98684E-05 9.98684E-05 9.98684E-05 9.98684E-05 0.119738 9.98684E-05 9.98684E-05 9.98684E-05
0.802842 9.98772E-05 9.98772E-05 9.98772E-05 0.0981678 9.98772E-05 9.98772E-05 9.98772E-05 0.00424977 9.98772E-05 0.0413051 9.98772E-05 0.030754 9.98772E-05 9.98772E-05 9.98772E-05 9.98772E-05 0.0212828 9.98772E-05 9.98772E-05
0.607878 0.226215 9.98948E-05 0.0131348 0.0181567 9.98948E-05 9.98948E-05 9.98948E-05 0.029427 9.98948E-05 9.98948E-05 9.98948E-05 9.98948E-05 9.98948E-05 9.98948E-05 0.0417633 0.038139 0.0240881 9.98948E-05 9.98948E-05
0.684775 9.98685E-05 9.98685E-05 9.98685E-05 9.98685E-05 9.98685E-05 9.98685E-05 9.98685E-05 9.98685E-05 9.98685E-05 0.151164 9.98685E-05 9.98685E-05 0.00834836 9.98685E-05 9.98685E-05 9.98685E-05 0.145712 9.98685E-05 0.00850233
0.640174 9.98685E-05 9.98685E-05 9.98685E-05 9.98685E-05 9.98685E-05 9.98685E-05 9.98685E-05 9.98685E-05 9.98685E-05 9.98685E-05 9.98685E-05 9.98685E-05 9.98685E-05 9.98685E-05 0.149078 0.0669033 9.98685E-05 0.104038 0.0383088
0.651543 9.98771E-05 9.98771E-05 9.98771E-05 0.0758275 9.98771E-05 9.98771E-05 9.98771E-05 0.090432 9.98771E-05 9.98771E-05 9.98771E-05 0.0468965 9.98771E-05 9.98771E-05 9.98771E-05 9.98771E-05 0.0287478 0.105155 9.98771E-05
0.737305 9.98773E-05 0.0300638 0.0305753 9.98773E-05 9.98773E-05 9.98773E-05 0.10678 0.0367188 9.98773E-05 9.98773E-05 9.98773E-05 9.98773E-05 9.98773E-05 9.98773E-05 9.98773E-05 9.98773E-05 0.057158 9.98773E-05 9.98773E-05
0.76801 9.98946E-05 0.0420625 0.0230533 9.98946E-05 0.0647198 0.0523576 9.98946E-05 9.98946E-05 9.98946E-05 9.98946E-05 9.98946E-05 0.00260747 9.98946E-05 0.000397411 9.98946E-05 9.98946E-05 0.0455927 9.98946E-05 9.98946E-05
9.98683E-05 9.98683E-05 9.98683E-05 0.0475309 9.98683E-05 9.98683E-05 9.98683E-05 9.98683E-05 9.98683E-05 9.98683E-05 9.98683E-05 9.98683E-05 0.00932371 9.98683E-05 0.0259999 9.98683E-05 9.98683E-05 0.123366 9.98683E-05 0.792282
9.9851E-05 9.9851E-05 0.0433738 9.9851E-05 9.9851E-05 9.9851E-05 0.00806476 9.9851E-05 9.9851E-05 9.9851E-05 9.9851E-05 9.9851E-05 9.9851E-05 9.9851E-05 9.9851E-05 9.9851E-05 9.9851E-05 9.9851E-05 9.9851E-05 0.946864
9.98684E-05 9.98684E-05 9.98684E-05 9.98684E-05 9.98684E-05 0.0231024 9.98684E-05 9.98684E-05 9.98684E-05 9.98684E-05 9.98684E-05 0.00978884 0.0220062 9.98684E-05 0.00212427 9.98684E-05 9.98684E-05 9.98684E-05 9.98684E-05 0.94148
9.98684E-05 9.98684E-05 9.98684E-05 0.130009 9.98684E-05 0.0556291 9.98684E-05 9.98684E-05 9.98684E-05 9.98684E-05 9.98684E-05 9.98684E-05 0.294373 9.98684E-05 9.98684E-05 0.0705521 9.98684E-05 9.98684E-05 9.98684E-05 0.447939
9.98945E-05 9.98945E-05 9.98945E-05 0.0484078 9.98945E-05 0.00594334 9.98945E-05 9.98945E-05 0.11139 0.00453057 0.00783832 9.98945E-05 9.98945E-05 9.98945E-05 9.98945E-05 9.98945E-05 0.0907105 0.0120163 9.98945E-05 0.717965
9.98681E-05 9.98681E-05 9.98681E-05 0.107604 0.0281012 9.98681E-05 9.98681E-05 9.98681E-05 0.00651645 9.98681E-05 9.98681E-05 9.98681E-05 9.98681E-05 9.98681E-05 9.98681E-05 9.98681E-05 9.98681E-05 0.122587 9.98681E-05 0.733693
9.98682E-05 9.98682E-05 0.132587 9.98682E-05 9.98682E-05 9.98682E-05 9.98682E-05 9.98682E-05 9.98682E-05 9.98682E-05 9.98682E-05 9.98682E-05 0.306322 9.98682E-05 0.00620734 9.98682E-05 9.98682E-05 0.0605572 9.98682E-05 0.492828
9.98769E-05 9.98769E-05 9.98769E-05 0.0453275 0.0880015 9.98769E-05 9.98769E-05 9.98769E-05 9.98769E-05 9.98769E-05 9.98769E-05 9.98769E-05 0.134527 9.98769E-05 9.98769E-05 0.0346859 9.98769E-05 0.0302266 9.98769E-05 0.665834
9.98333E-05 9.98333E-05 9.98333E-05 9.98333E-05 9.98333E-05 9.98333E-05 9.98333E-05 9.98333E-05 9.98333E-05 9.98333E-05 9.98333E-05 9.98333E-05 9.98333E-05 9.98333E-05 9.98333E-05 9.98333E-05 9.98333E-05 9.98333E-05 9.98333E-05 0.998103
9.98595E-05 9.98595E-05 0.0990458 9.98595E-05 9.98595E-05 9.98595E-05 9.98595E-05 9.98595E-05 9.98595E-05 9.98595E-05 9.98595E-05 9.98595E-05 9.98595E-05 0.0214164 9.98595E-05 9.98595E-05 9.98595E-05 0.0017908 9.98595E-05 0.876149
9.98681E-05 9.98681E-05 9.98681E-05 0.0451609 9.98681E-05 9.98681E-05 9.98681E-05 9.98681E-05 9.98681E-05 9.98681E-05 9.98681E-05 9.98681E-05 9.98681E-05 9.98681E-05 0.135261 9.98681E-05 0.024009 0.25446 9.98681E-05 0.539612
9.98946E-05 9.98946E-05 9.98946E-05 0.0247882 9.98946E-05 0.097474 9.98946E-05 9.98946E-05 0.0980675 9.98946E-05 0.0389073 9.98946E-05 0.105596 9.98946E-05 0.117762 9.98946E-05 9.98946E-05 9.98946E-05 0.018334 0.497872
9.98857E-05 0.0572687 9.98857E-05 0.112165 0.0150057 9.98857E-05 9.98857E-05 9.98857E-05 9.98857E-05 0.101531 9.98857E-05 9.98857E-05 0.00302272 9.98857E-05 0.107865 9.98857E-05 9.98857E-05 9.98857E-05 9.98857E-05 0.601843
9.9877E-05 9.9877E-05 9.9877E-05 9.9877E-05 9.9877E-05 0.0160289 9.9877E-05 9.9877E-05 0.124981 9.9877E-05 9.9877E-05 9.9877E-05 0.0649011 9.9877E-05 9.9877E-05 9.9877E-05 9.9877E-05 0.159338 0.000563138 0.63279
9.98423E-05 9.98423E-05 9.98423E-05 9.98423E-05 9.98423E-05 9.98423E-05 9.98423E-05 9.98423E-05 9.98423E-05 9.98423E-05 9.98423E-05 9.98423E-05 9.98423E-05 9.98423E-05 9.98423E-05 0.0160132 9.98423E-05 9.98423E-05 9.98423E-05 0.98219
9.98773E-05 9.98773E-05 0.00741677 0.0504233 9.98773E-05 9.98773E-05 9.98773E-05 9.98773E-05 9.98773E-05 9.98773E-05 9.98773E-05 0.0105435 9.98773E-05 9.98773E-05 0.00726514 9.98773E-05 9.98773E-05 0.0269643 9.98773E-05 0.895989
9.98594E-05 9.98594E-05 9.98594E-05 9.98594E-05 9.98594E-05 0.0536491 9.98594E-05 9.98594E-05 9.98594E-05 9.98594E-05 9.98594E-05 9.98594E-05 9.98594E-05 9.98594E-05 9.98594E-05 9.98594E-05 9.98594E-05 0.0144203 0.130143 0.80019
9.9877E-05 9.9877E-05 0.0615616 0.0265357 9.9877E-05 9.9877E-05 9.9877E-05 9.9877E-05 0.0970179 9.9877E-05 9.9877E-05 9.9877E-05 9.9877E-05 9.9877E-05 0.102343 9.9877E-05 9.9877E-05 9.9877E-05 0.0313534 0.67979
9.98421E-05 9.98421E-05 9.98421E-05 9.98421E-05 0.0889207 9.98421E-05 9.98421E-05 9.98421E-05 9.98421E-05 9.98421E-05 9.98421E-05 9.98421E-05 9.98421E-05 9.98421E-05 9.98421E-05 9.98421E-05 9.98421E-05 9.98421E-05 9.98421E-05 0.909282
9.98593E-05 0.0647446 9.98593E-05 9.98593E-05 9.98593E-05 9.98593E-05 0.101934 9.98593E-05 9.98593E-05 9.98593E-05 9.98593E-05 9.98593E-05 9.98593E-05 9.98593E-05 9.98593E-05 9.98593E-05 9.98593E-05 0.202827 9.98593E-05 0.628896
9.98337E-05 9.98337E-05 9.98337E-05 9.98337E-05 9.98337E-05 9.98337E-05 9.98337E-05 9.98337E-05 9.98337E-05 9.98337E-05 9.98337E-05 9.98337E-05 9.98337E-05 9.98337E-05 9.98337E-05 9.98337E-05 9.98337E-05 9.98337E-05 9.98337E-05 0.998103
9.98594E-05 9.98594E-05 0.0146016 9.98594E-05 9.98594E-05 9.98594E-05 9.98594E-05 9.98594E-05 0.139183 9.98594E-05 9.98594E-05 9.98594E-05 9.98594E-05 9.98594E-05 9.98594E-05 9.98594E-05 9.98594E-05 0.126499 9.98594E-05 0.718119
9.98597E-05 9.98597E-05 9.98597E-05 9.98597E-05 9.98597E-05 9.98597E-05 9.98597E-05 9.98597E-05 9.98597E-05 9.98597E-05 0.00109134 9.98597E-05 9.98597E-05 9.98597E-05 9.98597E-05 0.122517 9.98597E-05 0.0854903 9.98597E-05 0.789304
9.98858E-05 9.98858E-05 9.98858E-05 0.044895 0.0831071 0.0258408 9.98858E-05 9.98858E-05 9.98858E-05 9.98858E-05 9.98858E-05 9.98858E-05 9.98858E-05 0.108194 9.98858E-05 0.040751 9.98858E-05 9.98858E-05 0.110016 0.585897
9.98507E-05 9.98507E-05 0.0130577 9.98507E-05 9.98507E-05 9.98507E-05 9.98507E-05 9.98507E-05 9.98507E-05 9.98507E-05 9.98507E-05 9.98507E-05 9.98507E-05 9.98507E-05 0.152129 9.98507E-05 9.98507E-05 9.98507E-05 9.98507E-05 0.833116
9.98773E-05 9.98773E-05 9.98773E-05 0.0496427 9.98773E-05 9.98773E-05 0.0136601 9.98773E-05 9.98773E-05 9.98773E-05 9.98773E-05 9.98773E-05 9.98773E-05 9.98773E-05 0.00119538 9.98773E-05 0.0148321 0.046403 9.98773E-05 0.872868
9.98335E-05 9.98335E-05 9.98335E-05 9.98335E-05 9.98335E-05 9.98335E-05 9.98335E-05 9.98335E-05 9.98335E-05 9.98335E-05 9.98335E-05 9.98335E-05 9.98335E-05 9.98335E-05 9.98335E-05 9.98335E-05 9.98335E-05 9.98335E-05 9.98335E-05 0.998103
9.9851E-05 9.9851E-05 9.9851E-05 9.9851E-05 9.9851E-05 9.9851E-05 9.9851E-05 9.9851E-05 9.9851E-05 9.9851E-05 9.9851E-05 9.9851E-05 9.9851E-05 0.00997848 9.9851E-05 9.9851E-05 9.9851E-05 0.00874363 9.9851E-05 0.97958
9.9851E-05 9.9851E-05 9.9851E-05 0.0282563 0.128292 9.9851E-05 9.9851E-05 9.9851E-05 9.9851E-05 9.9851E-05 9.9851E-05 9.9851E-05 9.9851E-05 9.9851E-05 9.9851E-05 9.9851E-05 9.9851E-05 9.9851E-05 9.9851E-05 0.841754
9.98686E-05 9.98686E-05 9.98686E-05 0.0842337 9.98686E-05 9.98686E-05 0.0994543 9.98686E-05 9.98686E-05 9.98686E-05 9.98686E-05 0.0654967 9.98686E-05 9.98686E-05 9.98686E-05 9.98686E-05 9.98686E-05 0.142659 9.98686E-05 0.606658
9.98508E-05 9.98508E-05 9.98508E-05 0.0948541 9.98508E-05 9.98508E-05 9.98508E-05 9.98508E-05 9.98508E-05 9.98508E-05 9.98508E-05 9.98508E-05 9.98508E-05 9.98508E-05 9.98508E-05 0.807057 9.98508E-05 0.0963919 9.98508E-05 9.98508E-05
9.98598E-05 9.98598E-05 9.98598E-05 0.0288773 9.98598E-05 9.98598E-05 9.98598E-05 9.98598E-05 9.98598E-05 9.98598E-05 0.0250807 0.355416 9.98598E-05 9.98598E-05 9.98598E-05 0.589029 9.98598E-05 9.98598E-05 9.98598E-05 9.98598E-05
9.98595E-05 9.98595E-05 9.98595E-05 9.98595E-05 9.98595E-05 9.98595E-05 9.98595E-05 9.98595E-05 0.033642 9.98595E-05 0.0100677 9.98595E-05 9.98595E-05 9.98595E-05 9.98595E-05 0.840771 9.98595E-05 0.113921 9.98595E-05 9.98595E-05
9.98594E-05 9.98594E-05 9.98594E-05 0.0452219 9.98594E-05 9.98594E-05 9.98594E-05 9.98594E-05 9.98594E-05 9.98594E-05 9.98594E-05 9.98594E-05 9.98594E-05 9.98594E-05 0.0032378 0.878046 9.98594E-05 0.0718969 9.98594E-05 9.98594E-05
9.98507E-05 9.98507E-05 9.98507E-05 0.00330404 9.98507E-05 9.98507E-05 9.98507E-05 9.98507E-05 9.98507E-05 9.98507E-05 9.98507E-05 9.98507E-05 9.98507E-05 0.0440823 9.98507E-05 0.950916 9.98507E-05 9.98507E-05 9.98507E-05 9.98507E-05
9.98596E-05 9.98596E-05 9.98596E-05 0.114764 9.98596E-05 9.98596E-05 9.98596E-05 9.98596E-05 9.98596E-05 9.98596E-05 9.98596E-05 9.98596E-05 0.0208466 9.98596E-05 9.98596E-05 0.726085 9.98596E-05 0.136707 9.98596E-05 9.98596E-05
9.98771E-05 9.98771E-05 9.98771E-05 0.0382126 0.00926168 9.98771E-05 9.98771E-05 9.98771E-05 0.0583901 9.98771E-05 9.98771E-05 9.98771E-05 9.98771E-05 9.98771E-05 0.0138051 0.782244 9.98771E-05 0.0966886 9.98771E-05 9.98771E-05
9.98508E-05 9.98508E-05 9.98508E-05 0.254782 9.98508E-05 9.98508E-05 9.98508E-05 9.98508E-05 0.014243 9.98508E-05 9.98508E-05 9.98508E-05 9.98508E-05 9.98508E-05 9.98508E-05 0.729278 9.98508E-05 9.98508E-05 9.98508E-05 9.98508E-05
9.98857E-05 9.98857E-05 9.98857E-05 0.337114 9.98857E-05 9.98857E-05 0.196627 0.00929347 9.98857E-05 9.98857E-05 0.0102705 9.98857E-05 0.0911751 9.98857E-05 0.00744188 0.34678 9.98857E-05 9.98857E-05 9.98857E-05 9.98857E-05
9.98683E-05 9.98683E-05 9.98683E-05 0.206346 9.98683E-05 9.98683E-05 9.98683E-05 0.0501753 0.026943 9.98683E-05 9.98683E-05 9.98683E-05 9.98683E-05 9.98683E-05 9.98683E-05 0.465758 9.98683E-05 0.24928 9.98683E-05 9.98683E-05
9.98597E-05 9.98597E-05 9.98597E-05 0.00936784 9.98597E-05 9.98597E-05 9.98597E-05 9.98597E-05 9.98597E-05 9.98597E-05 9.98597E-05 0.16918 0.222902 9.98597E-05 9.98597E-05 0.596952 9.98597E-05 9.98597E-05 9.98597E-05 9.98597E-05
9.98597E-05 9.98597E-05 9.98597E-05 9.98597E-05 9.98597E-05 9.98597E-05 9.98597E-05 9.98597E-05 9.98597E-05 9.98597E-05 9.98597E-05 0.0267384 0.204921 9.98597E-05 9.98597E-05 0.704042 9.98597E-05 0.0627013 9.98597E-05 9.98597E-05
9.98423E-05 9.98423E-05 9.98423E-05 0.061917 9.98423E-05 9.98423E-05 9.98423E-05 9.98423E-05 9.98423E-05 9.98423E-05 9.98423E-05 9.98423E-05 9.98423E-05 9.98423E-05 9.98423E-05 0.936286 9.98423E-05 9.98423E-05 9.98423E-05 9.98423E-05
9.98509E-05 9.98509E-05 9.98509E-05 0.0847647 9.98509E-05 9.98509E-05 9.98509E-05 9.98509E-05 9.98509E-05 9.98509E-05 9.98509E-05 9.98509E-05 9.98509E-05 9.98509E-05 9.98509E-05 0.757795 9.98509E-05 0.155743 9.98509E-05 9.98509E-05
9.98772E-05 9.98772E-05 9.98772E-05 0.0214162 0.0912985 9.98772E-05 9.98772E-05 0.114016 9.98772E-05 9.98772E-05 9.98772E-05 0.10226 9.98772E-05 9.98772E-05 9.98772E-05 0.642762 0.0268497 9.98772E-05 9.98772E-05 9.98772E-05
9.9886E-05 9.9886E-05 9.9886E-05 0.0338513 9.9886E-05 9.9886E-05 0.0596368 0.0722995 9.9886E-05 9.9886E-05 9.9886E-05 0.0362389 0.0239124 9.9886E-05 9.9886E-05 0.572199 9.9886E-05 0.200564 9.9886E-05 9.9886E-05
9.98771E-05 9.98771E-05 9.98771E-05 0.00624609 9.98771E-05 9.98771E-05 9.98771E-05 9.98771E-05 9.98771E-05 9.98771E-05 9.98771E-05 0.0307852 0.278906 9.98771E-05 9.98771E-05 0.51221 0.0502266 0.120229 9.98771E-05 9.98771E-05
9.98598E-05 9.98598E-05 9.98598E-05 0.0539973 9.98598E-05 9.98598E-05 9.98598E-05 0.194064 0.0224436 9.98598E-05 9.98598E-05 9.98598E-05 9.98598E-05 9.98598E-05 9.98598E-05 0.727897 9.98598E-05 9.98598E-05 9.98598E-05 9.98598E-05
9.98509E-05 9.98509E-05 9.98509E-05 9.98509E-05 9.98509E-05 9.98509E-05 9.98509E-05 9.98509E-05 9.98509E-05 9.98509E-05 9.98509E-05 9.98509E-05 0.00282736 9.98509E-05 0.00206191 0.993413 9.98509E-05 9.98509E-05 9.98509E-05 9.98509E-05
9.99122E-05 0.00683678 0.0507033 0.108452 9.99122E-05 9.99122E-05 0.11037 9.99122E-05 9.99122E-05 9.99122E-05 9.99122E-05 0.157198 9.99122E-05 9.99122E-05 0.0243948 0.389734 0.0625003 0.083121 9.99122E-05 0.00568994
9.98684E-05 9.98684E-05 9.98684E-05 0.0370288 9.98684E-05 9.98684E-05 9.98684E-05 0.0418152 9.98684E-05 9.98684E-05 9.98684E-05 9.98684E-05 0.122898 9.98684E-05 9.98684E-05 0.740178 9.98684E-05 0.0565817 9.98684E-05 9.98684E-05
9.98421E-05 9.98421E-05 9.98421E-05 9.98421E-05 9.98421E-05 9.98421E-05 9.98421E-05 9.98421E-05 9.98421E-05 9.98421E-05 9.98421E-05 9.98421E-05 9.98421E-05 9.98421E-05 0.0485557 0.949647 9.98421E-05 9.98421E-05 9.98421E-05 9.98421E-05
9.98771E-05 9.98771E-05 9.98771E-05 0.209547 9.98771E-05 9.98771E-05 9.98771E-05 9.98771E-05 9.98771E-05 9.98771E-05 9.98771E-05 9.98771E-05 0.0808769 9.98771E-05 0.00537616 0.389458 0.11977 0.193574 9.98771E-05 9.98771E-05
9.98597E-05 9.98597E-05 9.98597E-05 0.15297 9.98597E-05 9.98597E-05 9.98597E-05 9.98597E-05 9.98597E-05 9.98597E-05 0.053013 0.0930323 9.98597E-05 9.98597E-05 9.98597E-05 0.699387 9.98597E-05 9.98597E-05 9.98597E-05 9.98597E-05
9.98683E-05 9.98683E-05 9.98683E-05 0.211617 9.98683E-05 9.98683E-05 9.98683E-05 9.98683E-05 9.98683E-05 9.98683E-05 9.98683E-05 9.98683E-05 0.0974784 9.98683E-05 9.98683E-05 0.424398 0.0534091 0.211599 9.98683E-05 9.98683E-05
9.99036E-05 0.00231068 9.99036E-05 0.148958 0.00475344 9.99036E-05 9.99036E-05 9.99036E-05 9.99036E-05 9.99036E-05 9.99036E-05 0.199967 0.00697698 9.99036E-05 0.0297598 0.411218 9.99036E-05 0.140701 9.99036E-05 0.0542559
9.9886E-05 9.9886E-05 9.9886E-05 9.9886E-05 9.9886E-05 0.0288077 9.9886E-05 9.9886E-05 9.9886E-05 0.0247305 9.9886E-05 0.597248 9.9886E-05 0.142656 9.9886E-05 0.102684 9.9886E-05 0.0870981 0.0154773 9.9886E-05
9.98593E-05 9.98593E-05 9.98593E-05 0.106452 9.98593E-05 9.98593E-05 9.98593E-05 9.98593E-05 9.98593E-05 9.98593E-05 9.98593E-05 9.98593E-05 9.98593E-05 9.98593E-05 9.98593E-05 0.743172 9.98593E-05 0.108034 0.0407434 9.98593E-05
9.98597E-05 9.98597E-05 9.98597E-05 0.240997 9.98597E-05 9.98597E-05 9.98597E-05 9.98597E-05 9.98597E-05 9.98597E-05 9.98597E-05 9.98597E-05 0.0384156 9.98597E-05 9.98597E-05 0.541458 9.98597E-05 0.177531 9.98597E-05 9.98597E-05
9.98773E-05 9.98773E-05 9.98773E-05 0.0185108 9.98773E-05 9.98773E-05 9.98773E-05 9.98773E-05 9.98773E-05 0.0608507 9.98773E-05 0.00296659 9.98773E-05 9.98773E-05 0.0575102 0.771802 9.98773E-05 0.086961 9.98773E-05 9.98773E-05
9.98685E-05 9.98685E-05 9.98685E-05 0.0371373 9.98685E-05 9.98685E-05 9.98685E-05 9.98685E-05 9.98685E-05 9.98685E-05 9.98685E-05 9.98685E-05 0.0298116 9.98685E-05 0.0316974 0.712741 9.98685E-05 0.187115 9.98685E-05 9.98685E-05
9.98421E-05 0.0275919 9.98421E-05 9.98421E-05 9.98421E-05 9.98421E-05 9.98421E-05 9.98421E-05 9.98421E-05 9.98421E-05 9.98421E-05 9.98421E-05 9.98421E-05 9.98421E-05 9.98421E-05 0.970611 9.98421E-05 9.98421E-05 9.98421E-05 9.98421E-05
9.98858E-05 9.98858E-05 9.98858E-05 0.233409 9.98858E-05 0.0207099 9.98858E-05 9.98858E-05 9.98858E-05 0.0172324 9.98858E-05 9.98858E-05 9.98858E-05 0.00766905 9.98858E-05 0.425175 0.151746 0.142761 9.98858E-05 9.98858E-05
9.98595E-05 9.98595E-05 9.98595E-05 9.98595E-05 9.98595E-05 9.98595E-05 9.98595E-05 9.98595E-05 0.0929169 9.98595E-05 0.026446 9.98595E-05 9.98595E-05 9.98595E-05 9.98595E-05 0.810221 9.98595E-05 0.0688188 9.98595E-05 9.98595E-05
9.98422E-05 9.98422E-05 9.98422E-05 9.98422E-05 9.98422E-05 9.98422E-05 9.98422E-05 9.98422E-05 9.98422E-05 9.98422E-05 9.98422E-05 9.98422E-05 9.98422E-05 9.98422E-05 9.98422E-05 0.961649 9.98422E-05 0.0365538 9.98422E-05 9.98422E-05
9.98682E-05 9.98682E-05 9.98682E-05 0.0516695 9.98682E-05 9.98682E-05 0.135541 0.0791947 9.98682E-05 9.98682E-05 9.98682E-05 0.102136 9.98682E-05 9.98682E-05 9.98682E-05 0.629961 9.98682E-05 9.98682E-05 9.98682E-05 9.98682E-05
9.98594E-05 9.98594E-05 9.98594E-05 0.056679 0.0011026 9.98594E-05 9.98594E-05 9.98594E-05 9.98594E-05 9.98594E-05 9.98594E-05 9.98594E-05 9.98594E-05 9.98594E-05 9.98594E-05 0.723743 9.98594E-05 0.216878 9.98594E-05 9.98594E-05
9.98596E-05 9.98596E-05 9.98596E-05 0.0613842 9.98596E-05 9.98596E-05 9.98596E-05 0.0650893 9.98596E-05 9.98596E-05 9.98596E-05 0.481348 9.98596E-05 9.98596E-05 9.98596E-05 0.390581 9.98596E-05 9.98596E-05 9.98596E-05 9.98596E-05
9.98685E-05 9.98685E-05 9.98685E-05 9.98685E-05 9.98685E-05 9.98685E-05 9.98685E-05 9.98685E-05 9.98685E-05 9.98685E-05 9.98685E-05 0.19417 9.98685E-05 9.98685E-05 0.00155987 0.655242 0.0209379 0.126592 9.98685E-05 9.98685E-05
9.98599E-05 9.98599E-05 9.98599E-05 0.0516996 9.98599E-05 9.98599E-05 9.98599E-05 9.98599E-05 9.98599E-05 9.98599E-05 9.98599E-05 0.256932 9.98599E-05 9.98599E-05 9.98599E-05 0.610144 9.98599E-05 0.079627 9.98599E-05 9.98599E-05
9.98596E-05 9.98596E-05 9.98596E-05 0.0185085 9.98596E-05 9.98596E-05 9.98596E-05 9.98596E-05 9.98596E-05 9.98596E-05 9.98596E-05 0.407928 0.0107502 9.98596E-05 9.98596E-05 0.561215 9.98596E-05 9.98596E-05 9.98596E-05 9.98596E-05
9.98595E-05 9.98595E-05 9.98595E-05 0.105601 9.98595E-05 9.98595E-05 9.98595E-05 9.98595E-05 9.98595E-05 9.98595E-05 9.98595E-05 9.98595E-05 0.108305 9.98595E-05 9.98595E-05 0.538321 9.98595E-05 0.246174 9.98595E-05 9.98595E-05
9.98595E-05 9.98595E-05 9.98595E-05 0.142013 9.98595E-05 9.98595E-05 0.0483946 9.98595E-05 9.98595E-05 9.98595E-05 0.0197563 9.98595E-05 9.98595E-05 9.98595E-05 9.98595E-05 0.788238 9.98595E-05 9.98595E-05 9.98595E-05 9.98595E-05
9.98771E-05 9.98771E-05 9.98771E-05 0.130286 9.98771E-05 9.98771E-05 0.0202054 9.98771E-05 9.98771E-05 9.98771E-05 9.98771E-05 0.469219 9.98771E-05 9.98771E-05 9.98771E-05 0.217738 0.0996954 0.0614579 9.98771E-05 9.98771E-05
9.98509E-05 9.98509E-05 9.98509E-05 9.98509E-05 9.98509E-05 9.98509E-05 9.98509E-05 9.98509E-05 9.98509E-05 9.98509E-05 9.98509E-05 0.441536 9.98509E-05 9.98509E-05 9.98509E-05 0.517796 9.98509E-05 0.0389705 9.98509E-05 9.98509E-05
9.98842E-05 9.98842E-05 9.98842E-05 0.174076 0.0518392 9.98842E-05 9.98842E-05 9.98842E-05 9.98842E-05 9.98842E-05 9.98842E-05 9.98842E-05 0.13417 9.98842E-05 9.98842E-05 0.526829 0.0767855 0.034902 9.98842E-05 9.98842E-05
9.98859E-05 9.98859E-05 9.98859E-05 0.128914 9.98859E-05 9.98859E-05 0.00923057 9.98859E-05 9.98859E-05 9.98859E-05 9.98859E-05 0.020722 9.98859E-05 9.98859E-05 0.0074616 0.501671 9.98859E-05 0.107813 9.98859E-05 0.222889
9.99036E-05 0.0114124 9.99036E-05 0.149412 9.99036E-05 9.99036E-05 0.0370244 0.00188333 9.99036E-05 9.99036E-05 9.99036E-05 0.0262662 0.102162 0.126767 9.99036E-05 0.519985 9.99036E-05 0.0239884 9.99036E-05 9.99036E-05
9.9886E-05 9.9886E-05 9.9886E-05 0.298657 9.9886E-05 9.9886E-05 0.00233968 9.9886E-05 0.0486043 9.9886E-05 9.9886E-05 9.9886E-05 9.9886E-05 9.9886E-05 0.00184156 0.44849 0.0307526 0.168016 9.9886E-05 9.9886E-05
9.98508E-05 9.98508E-05 9.98508E-05 9.98508E-05 9.98508E-05 9.98508E-05 9.98508E-05 9.98508E-05 9.98508E-05 9.98508E-05 9.98508E-05 0.416629 9.98508E-05 9.98508E-05 9.98508E-05 0.570994 9.98508E-05 0.0106796 9.98508E-05 9.98508E-05
9.98683E-05 9.98683E-05 0.119803 9.98683E-05 9.98683E-05 0.0605047 9.98683E-05 0.0547379 9.98683E-05 9.98683E-05 9.98683E-05 9.98683E-05 9.98683E-05 9.98683E-05 9.98683E-05 0.642615 9.98683E-05 0.120841 9.98683E-05 9.98683E-05
9.98947E-05 9.98947E-05 9.98947E-05 0.126204 9.98947E-05 9.98947E-05 9.98947E-05 9.98947E-05 9.98947E-05 0.0395279 9.98947E-05 0.453503 0.0384964 9.98947E-05 0.00538014 0.27352 9.98947E-05 0.0188594 9.98947E-05 0.0433104
9.98686E-05 9.98686E-05 9.98686E-05 0.0714049 9.98686E-05 9.98686E-05 0.0935845 9.98686E-05 9.98686E-05 9.98686E-05 9.98686E-05 0.169182 9.98686E-05 9.98686E-05 9.98686E-05 0.513258 9.98686E-05 0.151072 9.98686E-05 9.98686E-05
9.98595E-05 9.98595E-05 9.98595E-05 0.0611199 9.98595E-05 9.98595E-05 9.98595E-05 0.0365012 9.98595E-05 9.98595E-05 9.98595E-05 9.98595E-05 0.0479189 9.98595E-05 9.98595E-05 0.852862 9.98595E-05 9.98595E-05 9.98595E-05 9.98595E-05
9.98508E-05 9.98508E-05 0.0312442 9.98508E-05 0.0888794 9.98508E-05 9.98508E-05 9.98508E-05 9.98508E-05 9.98508E-05 9.98508E-05 9.98508E-05 9.98508E-05 9.98508E-05 9.98508E-05 0.878179 9.98508E-05 9.98508E-05 9.98508E-05 9.98508E-05
9.98683E-05 9.98683E-05 0.0019235 0.146756 9.98683E-05 9.98683E-05 9.98683E-05 9.98683E-05 9.98683E-05 9.98683E-05 9.98683E-05 9.98683E-05 0.265165 9.98683E-05 9.98683E-05 0.392945 9.98683E-05 0.191713 9.98683E-05 9.98683E-05
9.98595E-05 9.98595E-05 9.98595E-05 0.18177 9.98595E-05 9.98595E-05 9.98595E-05 9.98595E-05 9.98595E-05 9.98595E-05 0.00339333 9.98595E-05 9.98595E-05 9.98595E-05 9.98595E-05 0.744678 9.98595E-05 0.0685604 9.98595E-05 9.98595E-05
9.98771E-05 0.0515941 9.98771E-05 0.0375251 9.98771E-05 9.98771E-05 9.98771E-05 9.98771E-05 9.98771E-05 9.98771E-05 9.98771E-05 9.98771E-05 9.98771E-05 0.00151883 0.0471535 0.853903 0.00690745 9.98771E-05 9.98771E-05 9.98771E-05
9.98684E-05 9.98684E-05 0.0423635 9.98684E-05 9.98684E-05 9.98684E-05 9.98684E-05 9.98684E-05 9.98684E-05 9.98684E-05 9.98684E-05 0.0365175 9.98684E-05 9.98684E-05 9.98684E-05 0.695764 0.186635 0.0372222 9.98684E-05 9.98684E-05
9.98684E-05 9.98684E-05 9.98684E-05 0.149184 9.98684E-05 9.98684E-05 9.98684E-05 9.98684E-05 9.98684E-05 9.98684E-05 9.98684E-05 0.0205477 0.0627982 9.98684E-05 9.98684E-05 0.753751 9.98684E-05 0.0122209 9.98684E-05 9.98684E-05
9.98331E-05 9.98331E-05 9.98331E-05 9.98331E-05 9.98331E-05 9.98331E-05 9.98331E-05 9.98331E-05 9.98331E-05 9.98331E-05 9.98331E-05 9.98331E-05 9.98331E-05 9.98331E-05 9.98331E-05 9.98331E-05 9.98331E-05 0.998103 9.98331E-05 9.98331E-05
9.98329E-05 9.98329E-05 9.98329E-05 0.998103 9.98329E-05 9.98329E-05 9.98329E-05 9.98329E-05 9.98329E-05 9.98329E-05 9.98329E-05 9.98329E-05 9.98329E-05 9.98329E-05 9.98329E-05 9.98329E-05 9.98329E-05 9.98329E-05 9.98329E-05 9.98329E-05
9.98331E-05 9.98331E-05 9.98331E-05 9.98331E-05 9.98331E-05 9.98331E-05 9.98331E-05 9.98331E-05 9.98331E-05 9.98331E-05 9.98331E-05 9.98331E-05 9.98331E-05 9.98331E-05 9.98331E-05 9.98331E-05 9.98331E-05 0.998103 9.98331E-05 9.98331E-05
9.98329E-05 9.98329E-05 9.98329E-05 0.998103 9.98329E-05 9.98329E-05 9.98329E-05 9.98329E-05 9.98329E-05 9.98329E-05 9.98329E-05 9.98329E-05 9.98329E-05 9.98329E-05 9.98329E-05 9.98329E-05 9.98329E-05 9.98329E-05 9.98329E-05 9.98329E-05
9.9833E-05 9.9833E-05 9.9833E-05 0.998103 9.9833E-05 9.9833E-05 9.9833E-05 9.9833E-05 9.9833E-05 9.9833E-05 9.9833E-05 9.9833E-05 9.9833E-05 9.9833E-05 9.9833E-05 9.9833E-05 9.9833E-05 9.9833E-05 9.9833E-05 9.9833E-05
9.98331E-05 9.98331E-05 9.98331E-05 0.998103 9.98331E-05 9.98331E-05 9.98331E-05 9.98331E-05 9.98331E-05 9.98331E-05 9.98331E-05 9.98331E-05 9.98331E-05 9.98331E-05 9.98331E-05 9.98331E-05 9.98331E-05 9.98331E-05 9.98331E-05 9.98331E-05
9.98331E-05 9.98331E-05 9.98331E-05 9.98331E-05 9.98331E-05 9.98331E-05 9.98331E-05 9.98331E-05 9.98331E-05 9.98331E-05 9.98331E-05 9.98331E-05 9.98331E-05 9.98331E-05 9.98331E-05 9.98331E-05 9.98331E-05 0.998103 9.98331E-05 9.98331E-05
9.9833E-05 9.9833E-05 9.9833E-05 0.998103 9.9833E-05 9.9833E-05 9.9833E-05 9.9833E-05 9.9833E-05 9.9833E-05 9.9833E-05 9.9833E-05 9.9833E-05 9.9833E-05 9.9833E-05 9.9833E-05 9.9833E-05 9.9833E-05 9.9833E-05 9.9833E-05
9.9833E-05 9.9833E-05 9.9833E-05 0.998103 9.9833E-05 9.9833E-05 9.9833E-05 9.9833E-05 9.9833E-05 9.9833E-05 9.9833E-05 9.9833E-05 9.9833E-05 9.9833E-05 9.9833E-05 9.9833E-05 9.9833E-05 9.9833E-05 9.9833E-05 9.9833E-05
9.98329E-05 9.98329E-05 9.98329E-05 9.98329E-05 9.98329E-05 9.98329E-05 9.98329E-05 9.98329E-05 9.98329E-05 9.98329E-05 9.98329E-05 9.98329E-05 9.98329E-05 9.98329E-05 9.98329E-05 9.98329E-05 9.98329E-05 0.998103 9.98329E-05 9.98329E-05
9.98329E-05 9.98329E-05 9.98329E-05 9.98329E-05 9.98329E-05 9.98329E-05 9.98329E-05 9.98329E-05 9.98329E-05 9.98329E-05 9.98329E-05 9.98329E-05 9.98329E-05 9.98329E-05 9.98329E-05 9.98329E-05 9.98329E-05 0.998103 9.98329E-05 9.98329E-05
9.98329E-05 9.98329E-05 9.98329E-05 9.98329E-05 9.98329E-05 9.98329E-05 9.98329E-05 9.98329E-05 9.98329E-05 9.98329E-05 9.98329E-05 9.98329E-05 9.98329E-05 9.98329E-05 9.98329E-05 9.98329E-05 9.98329E-05 0.998103 9.98329E-05 9.98329E-05
9.9833E-05 9.9833E-05 9.9833E-05 0.998103 9.9833E-05 9.9833E-05 9.9833E-05 9.9833E-05 9.9833E-05 9.9833E-05 9.9833E-05 9.9833E-05 9.9833E-05 9.9833E-05 9.9833E-05 9.9833E-05 9.9833E-05 9.9833E-05 9.9833E-05 9.9833E-05
9.98329E-05 9.98329E-05 9.98329E-05 0.998103 9.98329E-05 9.98329E-05 9.98329E-05 9.98329E-05 9.98329E-05 9.98329E-05 9.98329E-05 9.98329E-05 9.98329E-05 9.98329E-05 9.98329E-05 9.98329E-05 9.98329E-05 9.98329E-05 9.98329E-05 9.98329E-05
9.98331E-05 9.98331E-05 9.98331E-05 9.98331E-05 9.98331E-05 9.98331E-05 9.98331E-05 9.98331E-05 9.98331E-05 9.98331E-05 9.98331E-05 9.98331E-05 9.98331E-05 9.98331E-05 9.98331E-05 9.98331E-05 9.98331E-05 0.998103 9.98331E-05 9.98331E-05
9.98331E-05 9.98331E-05 9.98331E-05 9.98331E-05 9.98331E-05 9.98331E-05 9.98331E-05 9.98331E-05 9.98331E-05 9.98331E-05 9.98331E-05 9.98331E-05 9.98331E-05 9.98331E-05 9.98331E-05 9.98331E-05 9.98331E-05 0.998103 9.98331E-05 9.98331E-05
9.9877E-05 9.9877E-05 9.9877E-05 0.0345402 9.9877E-05 9.9877E-05 9.9877E-05 9.9877E-05 9.9877E-05 9.9877E-05 9.9877E-05 9.9877E-05 9.9877E-05 0.0902831 9.9877E-05 0.600188 0.0273284 0.081299 0.164963 9.9877E-05
9.98331E-05 9.98331E-05 9.98331E-05 9.98331E-05 9.98331E-05 9.98331E-05 9.98331E-05 9.98331E-05 9.98331E-05 9.98331E-05 9.98331E-05 9.98331E-05 9.98331E-05 9.98331E-05 9.98331E-05 9.98331E-05 9.98331E-05 0.998103 9.98331E-05 9.98331E-05
9.98331E-05 9.98331E-05 9.98331E-05 0.998103 9.98331E-05 9.98331E-05 9.98331E-05 9.98331E-05 9.98331E-05 9.98331E-05 9.98331E-05 9.98331E-05 9.98331E-05 9.98331E-05 9.98331E-05 9.98331E-05 9.98331E-05 9.98331E-05 9.98331E-05 9.98331E-05
9.98329E-05 9.98329E-05 9.98329E-05 9.98329E-05 9.98329E-05 9.98329E-05 9.98329E-05 9.98329E-05 9.98329E-05 9.98329E-05 9.98329E-05 9.98329E-05 9.98329E-05 9.98329E-05 9.98329E-05 9.98329E-05 9.98329E-05 0.998103 9.98329E-05 9.98329E-05
9.98331E-05 9.98331E-05 9.98331E-05 9.98331E-05 9.98331E-05 9.98331E-05 9.98331E-05 9.98331E-05 9.98331E-05 9.98331E-05 9.98331E-05 9.98331E-05 9.98331E-05 9.98331E-05 9.98331E-05 9.98331E-05 9.98331E-05 0.998103 9.98331E-05 9.98331E-05
9.98329E-05 9.98329E-05 9.98329E-05 9.98329E-05 9.98329E-05 9.98329E-05 9.98329E-05 9.98329E-05 9.98329E-05 9.98329E-05 9.98329E-05 9.98329E-05 9.98329E-05 9.98329E-05 9.98329E-05 9.98329E-05 9.98329E-05 0.998103 9.98329E-05 9.98329E-05
9.9833E-05 9.9833E-05 9.9833E-05 0.998103 9.9833E-05 9.9833E-05 9.9833E-05 9.9833E-05 9.9833E-05 9.9833E-05 9.9833E-05 9.9833E-05 9.9833E-05 9.9833E-05 9.9833E-05 9.9833E-05 9.9833E-05 9.9833E-05 9.9833E-05 9.9833E-05
9.9833E-05 9.9833E-05 9.9833E-05 9.9833E-05 9.9833E-05 9.9833E-05 9.9833E-05 9.9833E-05 9.9833E-05 9.9833E-05 9.9833E-05 9.9833E-05 9.9833E-05 9.9833E-05 9.9833E-05 9.9833E-05 9.9833E-05 0.998103 9.9833E-05 9.9833E-05
9.9833E-05 9.9833E-05 9.9833E-05 0.998103 9.9833E-05 9.9833E-05 9.9833E-05 9.9833E-05 9.9833E-05 9.9833E-05 9.9833E-05 9.9833E-05 9.9833E-05 9.9833E-05 9.9833E-05 9.9833E-05 9.9833E-05 9.9833E-05 9.9833E-05 9.9833E-05
9.9833E-05 9.9833E-05 9.9833E-05 9.9833E-05 9.9833E-05 9.9833E-05 9.9833E-05 9.9833E-05 9.9833E-05 9.9833E-05 9.9833E-05 9.9833E-05 9.9833E-05 9.9833E-05 9.9833E-05 9.9833E-05 9.9833E-05 0.998103 9.9833E-05 9.9833E-05
9.98329E-05 9.98329E-05 9.98329E-05 9.98329E-05 9.98329E-05 9.98329E-05 9.98329E-05 9.98329E-05 9.98329E-05 9.98329E-05 9.98329E-05 9.98329E-05 9.98329E-05 9.98329E-05 9.98329E-05 9.98329E-05 9.98329E-05 0.998103 9.98329E-05 9.98329E-05
