0.273507 9.98947E-05 0.0376912 9.98947E-05 9.98947E-05 9.98947E-05 9.98947E-05 9.98947E-05 0.142669 0.0671788 0.381325 9.98947E-05 9.98947E-05 9.98947E-05 9.98947E-05 0.0830942 9.98947E-05 9.98947E-05 0.0133368
0.0703414 0.000641329 0.00582043 9.98946E-05 9.98946E-05 9.98946E-05 9.98946E-05 9.98946E-05 9.98946E-05 0.014049 0.74645 9.98946E-05 0.0380459 9.98946E-05 9.98946E-05 0.123453 9.98946E-05 9.98946E-05 9.98946E-05
9.98596E-05 9.98596E-05 0.057912 9.98596E-05 9.98596E-05 9.98596E-05 9.98596E-05 9.98596E-05 9.98596E-05 9.98596E-05 0.857393 9.98596E-05 9.98596E-05 9.98596E-05 9.98596E-05 9.98596E-05 9.98596E-05 0.083097 9.98596E-05
9.99035E-05 0.0320823 9.99035E-05 9.99035E-05 9.99035E-05 9.99035E-05 9.99035E-05 9.99035E-05 0.167125 0.042232 0.25478 9.99035E-05 9.99035E-05 0.010911 0.34414 0.0262175 9.99035E-05 0.121413 9.99035E-05
9.98508E-05 9.98508E-05 9.98508E-05 9.98508E-05 9.98508E-05 9.98508E-05 9.98508E-05 9.98508E-05 9.98508E-05 9.98508E-05 0.754298 0.244005 9.98508E-05 9.98508E-05 9.98508E-05 9.98508E-05 9.98508E-05 9.98508E-05 9.98508E-05
0.333424 9.98947E-05 9.98947E-05 0.073166 9.98947E-05 9.98947E-05 0.122707 9.98947E-05 9.98947E-05 9.98947E-05 0.12766 0.199787 9.98947E-05 0.125095 9.98947E-05 0.0169625 9.98947E-05 9.98947E-05 9.98947E-05
0.138586 9.99211E-05 0.0307624 0.112992 0.075291 9.99211E-05 9.99211E-05 9.99211E-05 0.208587 0.105105 0.226141 9.99211E-05 9.99211E-05 9.99211E-05 0.0306793 0.0356168 9.99211E-05 9.99211E-05 0.03534
0.0823579 9.9921E-05 9.9921E-05 0.0705838 0.0245467 0.0201306 0.135944 9.9921E-05 0.264861 9.9921E-05 0.20592 0.11589 9.9921E-05 0.056885 9.9921E-05 9.9921E-05 0.0219819 9.9921E-05 9.9921E-05
0.0465526 0.0128588 0.158434 9.9921E-05 9.9921E-05 9.9921E-05 0.20709 9.9921E-05 0.147619 9.9921E-05 0.187697 9.9921E-05 9.9921E-05 0.0870875 0.0127918 0.00217448 9.9921E-05 9.9921E-05 0.136796
9.98771E-05 9.98771E-05 0.110057 9.98771E-05 9.98771E-05 9.98771E-05 9.98771E-05 9.98771E-05 0.00441704 9.98771E-05 0.856842 9.98771E-05 9.98771E-05 9.98771E-05 9.98771E-05 9.98771E-05 0.0224263 9.98771E-05 0.00485936
0.307854 9.98947E-05 0.0976263 9.98947E-05 9.98947E-05 9.98947E-05 0.00211452 9.98947E-05 0.17275 0.0822606 0.270796 9.98947E-05 9.98947E-05 9.98947E-05 0.0654 9.98947E-05 9.98947E-05 9.98947E-05 9.98947E-05
9.98947E-05 9.98947E-05 9.98947E-05 0.000857247 9.98947E-05 0.021556 9.98947E-05 9.98947E-05 9.98947E-05 0.0363375 0.754896 9.98947E-05 9.98947E-05 0.0374686 0.0682215 9.98947E-05 9.98947E-05 0.0794647 9.98947E-05
9.98595E-05 9.98595E-05 0.0859744 9.98595E-05 9.98595E-05 9.98595E-05 9.98595E-05 9.98595E-05 0.134661 9.98595E-05 0.777767 9.98595E-05 9.98595E-05 9.98595E-05 9.98595E-05 9.98595E-05 9.98595E-05 9.98595E-05 9.98595E-05
9.9886E-05 9.9886E-05 0.0671175 9.9886E-05 9.9886E-05 0.0574608 9.9886E-05 0.0587644 9.9886E-05 0.0641612 0.593587 9.9886E-05 9.9886E-05 9.9886E-05 9.9886E-05 9.9886E-05 9.9886E-05 0.157611 9.9886E-05
0.273329 9.98947E-05 0.153918 9.98947E-05 9.98947E-05 0.031897 0.14654 9.98947E-05 9.98947E-05 9.98947E-05 0.215981 0.159733 0.0174024 9.98947E-05 9.98947E-05 9.98947E-05 9.98947E-05 9.98947E-05 9.98947E-05
0.220127 9.99034E-05 0.083198 9.99034E-05 9.99034E-05 0.127628 0.149011 9.99034E-05 0.104662 9.99034E-05 0.164175 0.0495763 9.99034E-05 9.99034E-05 0.100524 9.99034E-05 9.99034E-05 9.99034E-05 9.99034E-05
9.99122E-05 9.99122E-05 0.0272171 0.0632831 9.99122E-05 9.99122E-05 0.0173441 0.176858 0.0191112 0.0653526 0.487388 9.99122E-05 9.99122E-05 9.99122E-05 0.116723 0.0257236 9.99122E-05 9.99122E-05 9.99122E-05
0.297547 0.148324 0.123682 9.98947E-05 9.98947E-05 9.98947E-05 0.0293394 9.98947E-05 0.141291 9.98947E-05 0.0926225 9.98947E-05 9.98947E-05 9.98947E-05 9.98947E-05 9.98947E-05 0.165994 9.98947E-05 9.98947E-05
9.98946E-05 9.98946E-05 0.211435 0.116338 9.98946E-05 9.98946E-05 0.055014 9.98946E-05 0.279208 0.0104871 0.311018 9.98946E-05 9.98946E-05 9.98946E-05 9.98946E-05 9.98946E-05 0.0153021 9.98946E-05 9.98946E-05
9.98596E-05 0.0369833 9.98596E-05 9.98596E-05 9.98596E-05 9.98596E-05 9.98596E-05 9.98596E-05 9.98596E-05 0.0038505 0.957568 9.98596E-05 9.98596E-05 9.98596E-05 9.98596E-05 9.98596E-05 9.98596E-05 9.98596E-05 9.98596E-05
9.9886E-05 0.0199415 9.9886E-05 9.9886E-05 9.9886E-05 0.074058 0.0893007 9.9886E-05 9.9886E-05 0.122803 0.394647 9.9886E-05 9.9886E-05 9.9886E-05 0.297951 9.9886E-05 9.9886E-05 9.9886E-05 9.9886E-05
9.9886E-05 9.9886E-05 9.9886E-05 0.163513 9.9886E-05 9.9886E-05 0.143466 9.9886E-05 0.330874 9.9886E-05 0.259536 9.9886E-05 0.0290087 0.0723043 9.9886E-05 9.9886E-05 9.9886E-05 9.9886E-05 9.9886E-05
0.309762 9.98772E-05 0.0640355 9.98772E-05 9.98772E-05 9.98772E-05 9.98772E-05 9.98772E-05 9.98772E-05 0.0587503 0.554181 9.98772E-05 9.98772E-05 9.98772E-05 0.0118735 9.98772E-05 9.98772E-05 9.98772E-05 9.98772E-05
9.98859E-05 9.98859E-05 0.257119 9.98859E-05 9.98859E-05 0.0428253 9.98859E-05 9.98859E-05 0.273933 9.98859E-05 0.253628 9.98859E-05 0.103047 9.98859E-05 9.98859E-05 9.98859E-05 9.98859E-05 9.98859E-05 0.06815
9.98946E-05 9.98946E-05 0.235861 9.98946E-05 9.98946E-05 9.98946E-05 0.0296561 9.98946E-05 0.0958762 0.0291217 0.273837 9.98946E-05 9.98946E-05 9.98946E-05 0.121705 9.98946E-05 9.98946E-05 0.212745 9.98946E-05
9.98859E-05 9.98859E-05 0.10198 9.98859E-05 9.98859E-05 0.0394813 9.98859E-05 9.98859E-05 0.0171393 9.98859E-05 0.664504 0.0888331 9.98859E-05 9.98859E-05 0.086764 9.98859E-05 9.98859E-05 9.98859E-05 9.98859E-05
9.98947E-05 9.98947E-05 0.111477 9.98947E-05 9.98947E-05 0.0683684 9.98947E-05 9.98947E-05 0.192108 9.98947E-05 9.98947E-05 0.049753 0.267214 9.98947E-05 9.98947E-05 9.98947E-05 0.159761 0.150119 9.98947E-05
9.98684E-05 9.98684E-05 0.0323183 9.98684E-05 9.98684E-05 9.98684E-05 9.98684E-05 9.98684E-05 0.0907524 9.98684E-05 0.790313 9.98684E-05 9.98684E-05 9.98684E-05 0.0851186 9.98684E-05 9.98684E-05 9.98684E-05 9.98684E-05
0.00498618 9.98948E-05 0.210576 9.98948E-05 9.98948E-05 9.98948E-05 9.98948E-05 9.98948E-05 0.00389884 9.98948E-05 0.470579 9.98948E-05 0.242991 9.98948E-05 9.98948E-05 9.98948E-05 9.98948E-05 0.0613346 0.0044354
0.0815995 9.99122E-05 0.0687668 9.99122E-05 9.99122E-05 9.99122E-05 0.029062 0.0782922 9.99122E-05 0.00324112 0.619034 0.0762593 0.0323454 9.99122E-05 9.99122E-05 9.99122E-05 9.99122E-05 9.99122E-05 0.0104002
0.140868 0.00491827 0.00622839 0.024936 9.99122E-05 9.99122E-05 0.0186396 9.99122E-05 0.00943182 0.0937845 0.620283 9.99122E-05 0.0799109 9.99122E-05 9.99122E-05 9.99122E-05 9.99122E-05 9.99122E-05 9.99122E-05
0.107177 9.99123E-05 0.0138876 0.0227594 9.99123E-05 9.99123E-05 0.000641195 9.99123E-05 0.0825508 0.0482038 0.426989 9.99123E-05 9.99123E-05 9.99123E-05 0.110966 9.99123E-05 9.99123E-05 0.185827 9.99123E-05
0.13184 9.98858E-05 0.104662 9.98858E-05 9.98858E-05 9.98858E-05 9.98858E-05 9.98858E-05 0.222013 0.0254032 0.415498 9.98858E-05 9.98858E-05 9.98858E-05 9.98858E-05 9.98858E-05 9.98858E-05 0.0992857 9.98858E-05
9.99034E-05 9.99034E-05 0.123807 9.99034E-05 9.99034E-05 0.0349554 9.99034E-05 9.99034E-05 0.0483806 9.99034E-05 0.465692 9.99034E-05 9.99034E-05 0.021346 9.99034E-05 9.99034E-05 0.0508555 0.246419 0.00744539
9.98859E-05 0.0367831 9.98859E-05 0.00177854 9.98859E-05 9.98859E-05 9.98859E-05 9.98859E-05 9.98859E-05 0.031503 0.806918 9.98859E-05 0.100607 9.98859E-05 9.98859E-05 0.0211118 9.98859E-05 9.98859E-05 9.98859E-05
0.0178105 9.9886E-05 9.9886E-05 9.9886E-05 9.9886E-05 9.9886E-05 9.9886E-05 9.9886E-05 0.0948821 9.9886E-05 0.574151 9.9886E-05 0.14978 9.9886E-05 0.105213 9.9886E-05 9.9886E-05 9.9886E-05 0.0568642
9.98773E-05 9.98773E-05 9.98773E-05 0.148899 9.98773E-05 9.98773E-05 9.98773E-05 9.98773E-05 9.98773E-05 0.00196332 0.811212 9.98773E-05 0.0335291 9.98773E-05 9.98773E-05 0.00299814 9.98773E-05 9.98773E-05 9.98773E-05
9.9886E-05 0.0430958 0.043755 9.9886E-05 9.9886E-05 9.9886E-05 0.125425 9.9886E-05 9.9886E-05 9.9886E-05 0.655077 9.9886E-05 9.9886E-05 9.9886E-05 0.00327961 0.128069 9.9886E-05 9.9886E-05 9.9886E-05
9.99123E-05 9.99123E-05 0.165126 0.00673955 9.99123E-05 9.99123E-05 9.99123E-05 0.0700696 0.0337565 0.0255585 0.516252 0.0552422 9.99123E-05 0.0371686 9.99123E-05 0.0890883 9.99123E-05 9.99123E-05 9.99123E-05
9.98947E-05 9.98947E-05 0.0865114 9.98947E-05 9.98947E-05 0.0816803 9.98947E-05 9.98947E-05 9.98947E-05 0.0143554 0.574471 9.98947E-05 9.98947E-05 0.0019441 9.98947E-05 9.98947E-05 9.98947E-05 0.196221 0.0436178
9.98771E-05 9.98771E-05 0.0762235 9.98771E-05 9.98771E-05 9.98771E-05 0.00466155 9.98771E-05 0.128591 9.98771E-05 0.640035 9.98771E-05 0.14909 9.98771E-05 9.98771E-05 9.98771E-05 9.98771E-05 9.98771E-05 9.98771E-05
9.98685E-05 9.98685E-05 0.037495 9.98685E-05 9.98685E-05 9.98685E-05 9.98685E-05 9.98685E-05 0.166824 9.98685E-05 0.570761 9.98685E-05 0.223422 9.98685E-05 9.98685E-05 9.98685E-05 9.98685E-05 9.98685E-05 9.98685E-05
9.98771E-05 9.98771E-05 9.98771E-05 0.0187791 9.98771E-05 9.98771E-05 9.98771E-05 9.98771E-05 0.0860676 9.98771E-05 0.84567 9.98771E-05 9.98771E-05 0.0348257 9.98771E-05 9.98771E-05 9.98771E-05 0.0132588 9.98771E-05
0.0773386 9.99035E-05 0.0963961 9.99035E-05 9.99035E-05 9.99035E-05 0.113273 9.99035E-05 0.180821 0.0368671 0.305852 9.99035E-05 9.99035E-05 9.99035E-05 9.99035E-05 0.100546 9.99035E-05 9.99035E-05 0.0878067
9.98685E-05 9.98685E-05 0.150038 0.189777 9.98685E-05 9.98685E-05 9.98685E-05 9.98685E-05 0.400437 9.98685E-05 0.258251 9.98685E-05 9.98685E-05 9.98685E-05 9.98685E-05 9.98685E-05 9.98685E-05 9.98685E-05 9.98685E-05
9.98771E-05 0.0746363 0.0308155 0.0536361 9.98771E-05 9.98771E-05 9.98771E-05 9.98771E-05 9.98771E-05 9.98771E-05 0.771995 9.98771E-05 9.98771E-05 0.0675192 9.98771E-05 9.98771E-05 9.98771E-05 9.98771E-05 9.98771E-05
9.9886E-05 9.9886E-05 0.0280845 9.9886E-05 9.9886E-05 9.9886E-05 0.00914652 9.9886E-05 9.9886E-05 9.9886E-05 0.873297 9.9886E-05 9.9886E-05 9.9886E-05 0.0151689 0.0692324 0.0037724 9.9886E-05 9.9886E-05
9.98685E-05 9.98685E-05 0.0520138 9.98685E-05 0.0704788 0.0241262 9.98685E-05 9.98685E-05 9.98685E-05 9.98685E-05 0.851883 9.98685E-05 9.98685E-05 9.98685E-05 9.98685E-05 9.98685E-05 9.98685E-05 9.98685E-05 9.98685E-05
0.0262282 9.98858E-05 0.133829 9.98858E-05 9.98858E-05 9.98858E-05 9.98858E-05 9.98858E-05 0.188144 0.0357682 0.613639 9.98858E-05 9.98858E-05 9.98858E-05 0.00109328 9.98858E-05 9.98858E-05 9.98858E-05 9.98858E-05
9.98949E-05 0.0888227 9.98949E-05 9.98949E-05 0.0924505 9.98949E-05 0.00261948 9.98949E-05 0.0110274 0.0171333 0.76677 9.98949E-05 9.98949E-05 9.98949E-05 9.98949E-05 9.98949E-05 0.0199782 9.98949E-05 9.98949E-05
0.0576966 9.99385E-05 0.177277 9.99385E-05 9.99385E-05 0.0124197 0.0548447 9.99385E-05 0.0636775 0.131438 0.253466 0.000567538 0.0471078 9.99385E-05 0.0380488 9.99385E-05 9.99385E-05 0.12191 0.0408464
9.9886E-05 0.0598191 9.9886E-05 9.9886E-05 9.9886E-05 9.9886E-05 9.9886E-05 9.9886E-05 0.295896 9.9886E-05 0.467675 0.0356583 9.9886E-05 9.9886E-05 0.0981771 9.9886E-05 9.9886E-05 9.9886E-05 0.0414761
9.98685E-05 9.98685E-05 0.102647 9.98685E-05 9.98685E-05 9.98685E-05 9.98685E-05 9.98685E-05 9.98685E-05 9.98685E-05 0.795692 9.98685E-05 9.98685E-05 9.98685E-05 9.98685E-05 0.0346013 0.0655621 9.98685E-05 9.98685E-05
9.98948E-05 9.98948E-05 0.077216 9.98948E-05 0.0133702 0.203985 9.98948E-05 9.98948E-05 0.0186265 9.98948E-05 0.62442 0.0204456 9.98948E-05 0.0407378 9.98948E-05 9.98948E-05 9.98948E-05 9.98948E-05 9.98948E-05
9.98773E-05 0.000822429 0.105475 9.98773E-05 9.98773E-05 9.98773E-05 9.98773E-05 9.98773E-05 9.98773E-05 9.98773E-05 0.808627 9.98773E-05 9.98773E-05 0.0694694 9.98773E-05 9.98773E-05 9.98773E-05 9.98773E-05 0.0142074
0.0515254 0.10056 9.9886E-05 9.9886E-05 9.9886E-05 9.9886E-05 9.9886E-05 9.9886E-05 9.9886E-05 0.0403286 0.680013 9.9886E-05 9.9886E-05 0.00832897 9.9886E-05 9.9886E-05 9.9886E-05 0.117946 9.9886E-05
9.99123E-05 9.99123E-05 0.081874 0.0225099 9.99123E-05 9.99123E-05 0.00217218 9.99123E-05 9.99123E-05 0.0291769 0.601076 0.0373013 9.99123E-05 9.99123E-05 0.0472303 0.105178 0.0724826 9.99123E-05 9.99123E-05
9.98686E-05 9.98686E-05 0.100715 9.98686E-05 9.98686E-05 9.98686E-05 9.98686E-05 9.98686E-05 9.98686E-05 0.0103845 0.770288 9.98686E-05 9.98686E-05 9.98686E-05 0.117114 9.98686E-05 9.98686E-05 9.98686E-05 9.98686E-05
9.98771E-05 9.98771E-05 9.98771E-05 9.98771E-05 0.0520761 9.98771E-05 9.98771E-05 9.98771E-05 9.98771E-05 0.0258582 0.85991 9.98771E-05 0.00884371 9.98771E-05 0.0519138 9.98771E-05 9.98771E-05 9.98771E-05 9.98771E-05
0.748762 9.98859E-05 0.0905706 9.98859E-05 9.98859E-05 9.98859E-05 0.00861185 9.98859E-05 0.131339 0.011398 9.98859E-05 9.98859E-05 9.98859E-05 9.98859E-05 9.98859E-05 9.98859E-05 0.00801959 9.98859E-05 9.98859E-05
0.961298 9.98685E-05 9.98685E-05 9.98685E-05 9.98685E-05 0.0279557 9.98685E-05 9.98685E-05 9.98685E-05 9.98685E-05 9.98685E-05 9.98685E-05 0.00761928 9.98685E-05 9.98685E-05 9.98685E-05 9.98685E-05 9.98685E-05 0.00162945
0.943893 9.98771E-05 9.98771E-05 9.98771E-05 0.0135631 9.98771E-05 9.98771E-05 0.00449741 9.98771E-05 0.00185484 9.98771E-05 9.98771E-05 9.98771E-05 9.98771E-05 9.98771E-05 9.98771E-05 0.0347937 9.98771E-05 9.98771E-05
0.443295 9.99035E-05 0.00230035 9.99035E-05 0.0645131 9.99035E-05 0.103698 9.99035E-05 9.99035E-05 9.99035E-05 9.99035E-05 0.0638921 9.99035E-05 9.99035E-05 9.99035E-05 0.251105 0.00170411 0.0683929 9.99035E-05
0.688688 0.0139956 9.98857E-05 9.98857E-05 0.043473 9.98857E-05 0.0818656 9.98857E-05 0.101925 9.98857E-05 9.98857E-05 9.98857E-05 9.98857E-05 0.0687545 9.98857E-05 9.98857E-05 9.98857E-05 9.98857E-05 9.98857E-05
0.721735 9.98681E-05 0.125729 9.98681E-05 9.98681E-05 9.98681E-05 0.0502121 9.98681E-05 0.100827 9.98681E-05 9.98681E-05 9.98681E-05 9.98681E-05 9.98681E-05 9.98681E-05 9.98681E-05 9.98681E-05 9.98681E-05 9.98681E-05
0.591077 9.9877E-05 0.107324 9.9877E-05 9.9877E-05 9.9877E-05 9.9877E-05 9.9877E-05 9.9877E-05 0.0216154 9.9877E-05 9.9877E-05 9.9877E-05 9.9877E-05 0.113427 0.165158 9.9877E-05 9.9877E-05 9.9877E-05
0.665736 9.98857E-05 0.0586378 9.98857E-05 9.98857E-05 9.98857E-05 0.0575764 9.98857E-05 9.98857E-05 9.98857E-05 9.98857E-05 0.0339492 9.98857E-05 9.98857E-05 9.98857E-05 0.0826608 0.100141 9.98857E-05 9.98857E-05
0.862061 9.98684E-05 9.98684E-05 9.98684E-05 9.98684E-05 9.98684E-05 9.98684E-05 9.98684E-05 9.98684E-05 9.98684E-05 9.98684E-05 9.98684E-05 0.0216191 9.98684E-05 9.98684E-05 0.0873677 9.98684E-05 9.98684E-05 0.0274538
0.899165 9.98595E-05 9.98595E-05 9.98595E-05 9.98595E-05 9.98595E-05 9.98595E-05 9.98595E-05 9.98595E-05 0.007127 9.98595E-05 9.98595E-05 9.98595E-05 9.98595E-05 0.09211 9.98595E-05 9.98595E-05 9.98595E-05 9.98595E-05
0.560474 9.98769E-05 0.213135 0.00328044 9.98769E-05 9.98769E-05 0.0660084 9.98769E-05 9.98769E-05 0.155703 9.98769E-05 9.98769E-05 9.98769E-05 9.98769E-05 9.98769E-05 9.98769E-05 9.98769E-05 9.98769E-05 9.98769E-05
0.533048 9.99033E-05 0.0574446 9.99033E-05 0.0437604 0.0485745 9.99033E-05 9.99033E-05 0.137694 0.0618555 9.99033E-05 9.99033E-05 9.99033E-05 9.99033E-05 0.056327 0.0601973 9.99033E-05 9.99033E-05 9.99033E-05
0.461307 9.98858E-05 9.98858E-05 9.98858E-05 9.98858E-05 0.143341 0.193436 9.98858E-05 9.98858E-05 0.0848782 9.98858E-05 9.98858E-05 9.98858E-05 0.0907503 9.98858E-05 9.98858E-05 9.98858E-05 0.0249888 9.98858E-05
0.602232 9.98945E-05 0.178949 9.98945E-05 0.00659407 9.98945E-05 9.98945E-05 9.98945E-05 0.160062 9.98945E-05 9.98945E-05 0.00116786 9.98945E-05 0.018119 9.98945E-05 0.0316772 9.98945E-05 9.98945E-05 9.98945E-05
0.906482 9.98686E-05 9.98686E-05 9.98686E-05 9.98686E-05 0.0303676 9.98686E-05 9.98686E-05 9.98686E-05 9.98686E-05 9.98686E-05 9.98686E-05 0.0544993 9.98686E-05 9.98686E-05 9.98686E-05 9.98686E-05 0.00715354 9.98686E-05
0.964674 9.98597E-05 0.00422577 9.98597E-05 9.98597E-05 9.98597E-05 9.98597E-05 9.98597E-05 9.98597E-05 9.98597E-05 9.98597E-05 9.98597E-05 9.98597E-05 9.98597E-05 0.0295022 9.98597E-05 9.98597E-05 9.98597E-05 9.98597E-05
0.739057 9.98769E-05 9.98769E-05 0.0747204 0.0547989 9.98769E-05 9.98769E-05 9.98769E-05 9.98769E-05 9.98769E-05 9.98769E-05 0.062113 9.98769E-05 9.98769E-05 9.98769E-05 9.98769E-05 0.067912 9.98769E-05 9.98769E-05
0.666042 9.98857E-05 9.98857E-05 0.0367692 9.98857E-05 9.98857E-05 0.0323037 9.98857E-05 0.124023 0.119308 9.98857E-05 9.98857E-05 9.98857E-05 9.98857E-05 0.0202549 9.98857E-05 9.98857E-05 9.98857E-05 9.98857E-05
0.933821 9.98683E-05 0.010757 9.98683E-05 9.98683E-05 9.98683E-05 9.98683E-05 9.98683E-05 9.98683E-05 0.00609498 9.98683E-05 9.98683E-05 9.98683E-05 9.98683E-05 9.98683E-05 9.98683E-05 0.0478286 9.98683E-05 9.98683E-05
0.623765 0.0064585 0.164921 9.98769E-05 9.98769E-05 0.0818803 9.98769E-05 9.98769E-05 9.98769E-05 9.98769E-05 9.98769E-05 9.98769E-05 0.121577 9.98769E-05 9.98769E-05 9.98769E-05 9.98769E-05 9.98769E-05 9.98769E-05
0.955308 9.98511E-05 9.98511E-05 9.98511E-05 9.98511E-05 9.98511E-05 9.98511E-05 0.0429947 9.98511E-05 9.98511E-05 9.98511E-05 9.98511E-05 9.98511E-05 9.98511E-05 9.98511E-05 9.98511E-05 9.98511E-05 9.98511E-05 9.98511E-05
0.677664 9.98857E-05 0.0775961 0.00267373 0.00453974 9.98857E-05 9.98857E-05 9.98857E-05 0.154911 9.98857E-05 9.98857E-05 9.98857E-05 0.0813172 9.98857E-05 9.98857E-05 9.98857E-05 9.98857E-05 9.98857E-05 9.98857E-05
0.750026 9.98685E-05 9.98685E-05 9.98685E-05 9.98685E-05 9.98685E-05 9.98685E-05 9.98685E-05 9.98685E-05 9.98685E-05 9.98685E-05 9.98685E-05 0.0146978 9.98685E-05 9.98685E-05 0.0396481 9.98685E-05 0.19413 9.98685E-05
0.730586 9.98946E-05 9.98946E-05 0.159352 0.00119923 9.98946E-05 0.0122416 9.98946E-05 9.98946E-05 0.00626918 9.98946E-05 0.0505166 9.98946E-05 9.98946E-05 9.98946E-05 9.98946E-05 9.98946E-05 9.98946E-05 0.038637
0.860027 9.98594E-05 9.98594E-05 9.98594E-05 9.98594E-05 9.98594E-05 9.98594E-05 9.98594E-05 9.98594E-05 0.13277 9.98594E-05 9.98594E-05 9.98594E-05 9.98594E-05 0.0056054 9.98594E-05 9.98594E-05 9.98594E-05 9.98594E-05
0.975368 9.98511E-05 0.0229342 9.98511E-05 9.98511E-05 9.98511E-05 9.98511E-05 9.98511E-05 9.98511E-05 9.98511E-05 9.98511E-05 9.98511E-05 9.98511E-05 9.98511E-05 9.98511E-05 9.98511E-05 9.98511E-05 9.98511E-05 9.98511E-05
0.998203 9.98423E-05 9.98423E-05 9.98423E-05 9.98423E-05 9.98423E-05 9.98423E-05 9.98423E-05 9.98423E-05 9.98423E-05 9.98423E-05 9.98423E-05 9.98423E-05 9.98423E-05 9.98423E-05 9.98423E-05 9.98423E-05 9.98423E-05 9.98423E-05
0.993866 9.98509E-05 0.00443667 9.98509E-05 9.98509E-05 9.98509E-05 9.98509E-05 9.98509E-05 9.98509E-05 9.98509E-05 9.98509E-05 9.98509E-05 9.98509E-05 9.98509E-05 9.98509E-05 9.98509E-05 9.98509E-05 9.98509E-05 9.98509E-05
0.933198 9.98597E-05 9.98597E-05 9.98597E-05 9.98597E-05 9.98597E-05 0.0126749 9.98597E-05 9.98597E-05 9.98597E-05 9.98597E-05 9.98597E-05 9.98597E-05 9.98597E-05 9.98597E-05 9.98597E-05 0.052529 9.98597E-05 9.98597E-05
0.583198 9.98773E-05 0.115367 9.98773E-05 9.98773E-05 9.98773E-05 0.051651 0.151247 9.98773E-05 9.98773E-05 9.98773E-05 9.98773E-05 0.0971388 9.98773E-05 9.98773E-05 9.98773E-05 9.98773E-05 9.98773E-05 9.98773E-05
9.98684E-05 9.98684E-05 0.164411 9.98684E-05 9.98684E-05 9.98684E-05 0.0937943 9.98684E-05 9.98684E-05 9.98684E-05 9.98684E-05 0.14992 9.98684E-05 9.98684E-05 9.98684E-05 9.98684E-05 9.98684E-05 0.590377 9.98684E-05
9.9851E-05 9.9851E-05 9.9851E-05 9.9851E-05 9.9851E-05 9.9851E-05 9.9851E-05 0.332964 9.9851E-05 9.9851E-05 9.9851E-05 9.9851E-05 9.9851E-05 9.9851E-05 9.9851E-05 9.9851E-05 9.9851E-05 0.665339 9.9851E-05
9.98682E-05 9.98682E-05 0.0700212 9.98682E-05 9.98682E-05 9.98682E-05 9.98682E-05 9.98682E-05 9.98682E-05 9.98682E-05 9.98682E-05 0.0447803 9.98682E-05 0.0145446 9.98682E-05 9.98682E-05 9.98682E-05 0.869156 9.98682E-05
9.98945E-05 9.98945E-05 0.166932 9.98945E-05 9.98945E-05 9.98945E-05 0.0657263 9.98945E-05 9.98945E-05 0.0188258 9.98945E-05 0.0896169 9.98945E-05 0.0084811 9.98945E-05 9.98945E-05 0.0250601 0.624159 9.98945E-05
9.9877E-05 9.9877E-05 9.9877E-05 9.9877E-05 0.0322588 9.9877E-05 0.0644794 9.9877E-05 9.9877E-05 9.9877E-05 9.9877E-05 0.157695 9.9877E-05 9.9877E-05 9.9877E-05 9.9877E-05 9.9877E-05 0.673825 0.0703438
9.98859E-05 9.98859E-05 0.0592106 9.98859E-05 9.98859E-05 9.98859E-05 0.118116 9.98859E-05 9.98859E-05 9.98859E-05 9.98859E-05 0.223145 9.98859E-05 9.98859E-05 0.0208575 0.0566235 9.98859E-05 0.520749 9.98859E-05
9.98859E-05 9.98859E-05 0.0644101 9.98859E-05 9.98859E-05 9.98859E-05 0.0129909 9.98859E-05 0.000790699 0.0347891 9.98859E-05 9.98859E-05 9.98859E-05 9.98859E-05 9.98859E-05 9.98859E-05 0.0583089 0.827412 9.98859E-05
9.98507E-05 9.98507E-05 9.98507E-05 9.98507E-05 9.98507E-05 9.98507E-05 0.162489 9.98507E-05 9.98507E-05 9.98507E-05 9.98507E-05 9.98507E-05 9.98507E-05 9.98507E-05 9.98507E-05 9.98507E-05 9.98507E-05 0.835814 9.98507E-05
9.98945E-05 9.98945E-05 0.0649058 9.98945E-05 9.98945E-05 9.98945E-05 0.307808 9.98945E-05 9.98945E-05 0.0297284 9.98945E-05 0.120117 0.0186811 9.98945E-05 9.98945E-05 0.227005 9.98945E-05 0.230556 9.98945E-05
9.98683E-05 9.98683E-05 0.279905 9.98683E-05 9.98683E-05 9.98683E-05 0.169766 9.98683E-05 0.0173878 9.98683E-05 9.98683E-05 9.98683E-05 9.98683E-05 9.98683E-05 9.98683E-05 9.98683E-05 9.98683E-05 0.531443 9.98683E-05
9.98684E-05 9.98684E-05 9.98684E-05 9.98684E-05 9.98684E-05 9.98684E-05 9.98684E-05 0.211239 9.98684E-05 9.98684E-05 9.98684E-05 0.572028 9.98684E-05 9.98684E-05 9.98684E-05 0.167689 9.98684E-05 0.0475469 9.98684E-05
9.9877E-05 9.9877E-05 9.9877E-05 9.9877E-05 9.9877E-05 9.9877E-05 9.9877E-05 0.0679912 9.9877E-05 0.0311689 9.9877E-05 0.583343 9.9877E-05 9.9877E-05 9.9877E-05 0.122698 9.9877E-05 0.1934 9.9877E-05
9.9851E-05 9.9851E-05 9.9851E-05 9.9851E-05 9.9851E-05 9.9851E-05 0.0429584 9.9851E-05 9.9851E-05 9.9851E-05 9.9851E-05 9.9851E-05 9.9851E-05 9.9851E-05 9.9851E-05 9.9851E-05 9.9851E-05 0.955344 9.9851E-05
9.98685E-05 9.98685E-05 0.192282 9.98685E-05 9.98685E-05 9.98685E-05 0.142032 9.98685E-05 9.98685E-05 9.98685E-05 9.98685E-05 0.165642 9.98685E-05 9.98685E-05 9.98685E-05 9.98685E-05 9.98685E-05 0.498546 9.98685E-05
9.98947E-05 9.98947E-05 9.98947E-05 0.0289848 9.98947E-05 0.0435472 0.0606875 0.0898594 9.98947E-05 9.98947E-05 9.98947E-05 0.325268 9.98947E-05 9.98947E-05 9.98947E-05 9.98947E-05 0.153034 0.29742 9.98947E-05
9.98771E-05 9.98771E-05 0.12403 9.98771E-05 0.0475789 9.98771E-05 9.98771E-05 9.98771E-05 9.98771E-05 9.98771E-05 9.98771E-05 9.98771E-05 0.122855 9.98771E-05 9.98771E-05 0.0475972 9.98771E-05 0.656541 9.98771E-05
9.98793E-05 0.0438376 0.0254097 9.98793E-05 9.98793E-05 9.98793E-05 0.0122767 9.98793E-05 9.98793E-05 9.98793E-05 9.98793E-05 9.98793E-05 9.98793E-05 9.98793E-05 9.98793E-05 0.236388 9.98793E-05 0.680689 9.98793E-05
9.98773E-05 9.98773E-05 9.98773E-05 9.98773E-05 0.0293718 9.98773E-05 0.0827288 9.98773E-05 0.113324 9.98773E-05 9.98773E-05 0.428914 9.98773E-05 9.98773E-05 9.98773E-05 9.98773E-05 9.98773E-05 0.344263 9.98773E-05
9.98597E-05 9.98597E-05 9.98597E-05 9.98597E-05 9.98597E-05 9.98597E-05 9.98597E-05 9.98597E-05 9.98597E-05 0.00146303 9.98597E-05 0.424424 9.98597E-05 9.98597E-05 9.98597E-05 9.98597E-05 9.98597E-05 0.572515 9.98597E-05
9.99034E-05 0.0872551 0.0966038 9.99034E-05 9.99034E-05 0.00622893 0.00416009 0.0818428 9.99034E-05 9.99034E-05 9.99034E-05 0.530025 0.126216 9.99034E-05 0.0665688 9.99034E-05 9.99034E-05 9.99034E-05 9.99034E-05
9.99035E-05 9.99035E-05 0.0485404 0.0957344 9.99035E-05 9.99035E-05 0.0670478 0.00244801 9.99035E-05 9.99035E-05 9.99035E-05 0.141796 9.99035E-05 0.0771274 9.99035E-05 0.0457475 9.99035E-05 0.520459 9.99035E-05
9.98683E-05 9.98683E-05 9.98683E-05 9.98683E-05 9.98683E-05 9.98683E-05 0.0178661 9.98683E-05 9.98683E-05 9.98683E-05 9.98683E-05 0.228144 9.98683E-05 9.98683E-05 9.98683E-05 9.98683E-05 0.00755282 0.744939 9.98683E-05
9.98859E-05 9.98859E-05 0.226887 9.98859E-05 9.98859E-05 9.98859E-05 0.230546 9.98859E-05 9.98859E-05 9.98859E-05 9.98859E-05 0.305263 9.98859E-05 0.0276427 9.98859E-05 0.0151685 9.98859E-05 0.193195 9.98859E-05
9.98772E-05 9.98772E-05 0.065745 9.98772E-05 9.98772E-05 9.98772E-05 0.131759 0.0787482 9.98772E-05 9.98772E-05 9.98772E-05 0.0464764 9.98772E-05 9.98772E-05 9.98772E-05 9.98772E-05 9.98772E-05 0.675873 9.98772E-05
9.98858E-05 0.0724533 0.176893 9.98858E-05 9.98858E-05 9.98858E-05 0.201864 9.98858E-05 9.98858E-05 9.98858E-05 9.98858E-05 0.333718 9.98858E-05 9.98858E-05 9.98858E-05 0.044017 9.98858E-05 0.169756 9.98858E-05
0.00503655 9.9886E-05 0.114415 9.9886E-05 9.9886E-05 9.9886E-05 0.108301 0.165547 9.9886E-05 9.9886E-05 9.9886E-05 9.9886E-05 9.9886E-05 9.9886E-05 9.9886E-05 0.0394776 9.9886E-05 0.565925 9.9886E-05
0.0244744 0.0572802 0.0346503 9.98859E-05 9.98859E-05 9.98859E-05 9.98859E-05 0.551798 9.98859E-05 9.98859E-05 9.98859E-05 0.256482 9.98859E-05 9.98859E-05 9.98859E-05 9.98859E-05 9.98859E-05 9.98859E-05 0.074017
9.98944E-05 9.98944E-05 0.0729538 0.00897188 9.98944E-05 9.98944E-05 0.120062 9.98944E-05 9.98944E-05 9.98944E-05 9.98944E-05 0.0187978 9.98944E-05 0.0953784 0.0691099 9.98944E-05 9.98944E-05 0.613528 9.98944E-05
9.98772E-05 9.98772E-05 0.183658 9.98772E-05 9.98772E-05 9.98772E-05 0.210254 9.98772E-05 9.98772E-05 9.98772E-05 9.98772E-05 0.264026 9.98772E-05 9.98772E-05 9.98772E-05 0.0192215 9.98772E-05 0.321442 9.98772E-05
9.98861E-05 0.00196875 0.12878 9.98861E-05 9.98861E-05 9.98861E-05 9.98861E-05 0.057192 9.98861E-05 0.0745947 9.98861E-05 0.427224 9.98861E-05 9.98861E-05 9.98861E-05 9.98861E-05 9.98861E-05 0.308941 9.98861E-05
9.98685E-05 9.98685E-05 0.206542 9.98685E-05 9.98685E-05 0.00290066 9.98685E-05 9.98685E-05 9.98685E-05 0.00895109 9.98685E-05 9.98685E-05 9.98685E-05 9.98685E-05 9.98685E-05 9.98685E-05 9.98685E-05 0.780109 9.98685E-05
9.98508E-05 9.98508E-05 9.98508E-05 9.98508E-05 9.98508E-05 0.0461131 9.98508E-05 9.98508E-05 9.98508E-05 9.98508E-05 9.98508E-05 9.98508E-05 9.98508E-05 9.98508E-05 9.98508E-05 9.98508E-05 9.98508E-05 0.952189 9.98508E-05
9.98858E-05 0.154399 0.136861 9.98858E-05 9.98858E-05 9.98858E-05 0.273643 9.98858E-05 9.98858E-05 9.98858E-05 9.98858E-05 0.123043 9.98858E-05 0.03196 9.98858E-05 9.98858E-05 9.98858E-05 0.278796 9.98858E-05
9.9877E-05 9.9877E-05 0.124587 9.9877E-05 9.9877E-05 9.9877E-05 0.0137421 9.9877E-05 0.117913 9.9877E-05 9.9877E-05 0.155735 9.9877E-05 9.9877E-05 9.9877E-05 9.9877E-05 9.9877E-05 0.586625 9.9877E-05
9.98509E-05 9.98509E-05 9.98509E-05 9.98509E-05 9.98509E-05 9.98509E-05 9.98509E-05 9.98509E-05 9.98509E-05 9.98509E-05 9.98509E-05 9.98509E-05 9.98509E-05 9.98509E-05 0.0276891 9.98509E-05 9.98509E-05 0.970613 9.98509E-05
9.98859E-05 9.98859E-05 9.98859E-05 9.98859E-05 9.98859E-05 9.98859E-05 0.0723143 0.0581418 9.98859E-05 0.0594902 9.98859E-05 0.372477 0.136004 9.98859E-05 9.98859E-05 9.98859E-05 9.98859E-05 0.300274 9.98859E-05
9.98771E-05 9.98771E-05 0.28495 9.98771E-05 9.98771E-05 0.0151728 0.0557458 9.98771E-05 9.98771E-05 9.98771E-05 9.98771E-05 9.98771E-05 9.98771E-05 9.98771E-05 9.98771E-05 9.98771E-05 0.0508726 0.591861 9.98771E-05
9.98857E-05 9.98857E-05 9.98857E-05 9.98857E-05 9.98857E-05 9.98857E-05 0.0122806 0.550383 9.98857E-05 9.98857E-05 9.98857E-05 0.125888 9.98857E-05 0.0300732 0.00508519 9.98857E-05 9.98857E-05 0.274992 9.98857E-05
9.98684E-05 9.98684E-05 0.0489456 9.98684E-05 9.98684E-05 9.98684E-05 9.98684E-05 0.172462 9.98684E-05 9.98684E-05 9.98684E-05 0.297011 9.98684E-05 9.98684E-05 9.98684E-05 9.98684E-05 9.98684E-05 0.480084 9.98684E-05
9.98511E-05 9.98511E-05 9.98511E-05 9.98511E-05 9.98511E-05 9.98511E-05 9.98511E-05 0.136721 9.98511E-05 9.98511E-05 9.98511E-05 9.98511E-05 9.98511E-05 9.98511E-05 9.98511E-05 9.98511E-05 9.98511E-05 0.861582 9.98511E-05
9.98684E-05 9.98684E-05 9.98684E-05 9.98684E-05 9.98684E-05 9.98684E-05 0.00151264 0.357581 9.98684E-05 9.98684E-05 9.98684E-05 9.98684E-05 9.98684E-05 9.98684E-05 9.98684E-05 0.0679138 9.98684E-05 0.571495 9.98684E-05
9.9877E-05 9.9877E-05 0.270216 9.9877E-05 9.9877E-05 9.9877E-05 0.190677 9.9877E-05 9.9877E-05 0.0212036 9.9877E-05 9.9877E-05 9.9877E-05 9.9877E-05 9.9877E-05 0.107035 9.9877E-05 0.40947 9.9877E-05
9.98947E-05 0.0457962 9.98947E-05 9.98947E-05 9.98947E-05 0.0120614 0.157939 9.98947E-05 9.98947E-05 9.98947E-05 9.98947E-05 0.0521616 0.155782 0.00205031 9.98947E-05 9.98947E-05 9.98947E-05 0.57301 9.98947E-05
9.98771E-05 0.057983 0.0712201 9.98771E-05 9.98771E-05 9.98771E-05 0.0620766 0.487892 9.98771E-05 9.98771E-05 9.98771E-05 0.31943 9.98771E-05 9.98771E-05 9.98771E-05 9.98771E-05 9.98771E-05 9.98771E-05 9.98771E-05
9.98684E-05 9.98684E-05 0.0566109 9.98684E-05 9.98684E-05 9.98684E-05 9.98684E-05 0.333519 9.98684E-05 9.98684E-05 9.98684E-05 0.0413541 9.98684E-05 9.98684E-05 9.98684E-05 9.98684E-05 9.98684E-05 0.567018 9.98684E-05
9.98946E-05 0.159554 0.0447046 9.98946E-05 9.98946E-05 9.98946E-05 0.104872 9.98946E-05 0.0215979 9.98946E-05 9.98946E-05 0.354753 9.98946E-05 9.98946E-05 9.98946E-05 0.183411 9.98946E-05 0.129909 9.98946E-05
0.108709 9.98685E-05 9.98685E-05 9.98685E-05 9.98685E-05 9.98685E-05 0.029389 9.98685E-05 9.98685E-05 0.044158 9.98685E-05 9.98685E-05 9.98685E-05 9.98685E-05 9.98685E-05 9.98685E-05 9.98685E-05 0.816246 9.98685E-05
9.99036E-05 9.99036E-05 0.0277278 9.99036E-05 9.99036E-05 0.00438306 0.114371 9.99036E-05 0.0400895 9.99036E-05 9.99036E-05 0.447001 9.99036E-05 9.99036E-05 9.99036E-05 0.110923 9.99036E-05 0.166621 0.0877853
0.0321509 0.0278364 0.16454 9.99034E-05 9.99034E-05 9.99034E-05 0.230825 9.99034E-05 0.0625278 0.000235494 9.99034E-05 9.99034E-05 0.0534605 9.99034E-05 9.99034E-05 9.99034E-05 9.99034E-05 0.427325 9.99034E-05
9.98508E-05 9.98508E-05 9.98508E-05 9.98508E-05 9.98508E-05 9.98508E-05 9.98508E-05 0.390377 9.98508E-05 9.98508E-05 9.98508E-05 9.98508E-05 9.98508E-05 9.98508E-05 9.98508E-05 9.98508E-05 9.98508E-05 0.607926 9.98508E-05
9.9877E-05 9.9877E-05 0.112066 9.9877E-05 0.0758924 9.9877E-05 9.9877E-05 9.9877E-05 9.9877E-05 9.9877E-05 9.9877E-05 0.0780805 9.9877E-05 9.9877E-05 0.0997631 9.9877E-05 9.9877E-05 0.6328 9.9877E-05
0.0130107 9.98859E-05 9.98859E-05 9.98859E-05 9.98859E-05 9.98859E-05 0.117476 0.577701 9.98859E-05 9.98859E-05 9.98859E-05 0.0309684 9.98859E-05 9.98859E-05 9.98859E-05 0.000533174 9.98859E-05 0.259012 9.98859E-05
9.9886E-05 9.9886E-05 0.115114 9.9886E-05 9.9886E-05 9.9886E-05 0.0938403 0.19146 9.9886E-05 0.00882801 9.9886E-05 0.475457 9.9886E-05 9.9886E-05 9.9886E-05 9.9886E-05 9.9886E-05 0.114002 9.9886E-05
9.98683E-05 9.98683E-05 9.98683E-05 9.98683E-05 9.98683E-05 0.0217481 0.0180444 9.98683E-05 9.98683E-05 9.98683E-05 9.98683E-05 0.396637 9.98683E-05 9.98683E-05 9.98683E-05 9.98683E-05 9.98683E-05 0.562073 9.98683E-05
9.98681E-05 9.98681E-05 9.98681E-05 9.98681E-05 0.00812331 9.98681E-05 9.98681E-05 9.98681E-05 9.98681E-05 0.0267826 9.98681E-05 9.98681E-05 9.98681E-05 9.98681E-05 0.0960224 9.98681E-05 9.98681E-05 0.867574 9.98681E-05
9.9877E-05 9.9877E-05 0.0655625 9.9877E-05 9.9877E-05 9.9877E-05 0.265514 9.9877E-05 9.9877E-05 9.9877E-05 9.9877E-05 9.9877E-05 9.9877E-05 9.9877E-05 0.0385507 0.159134 9.9877E-05 0.469841 9.9877E-05
9.98682E-05 9.98682E-05 0.0809491 9.98682E-05 9.98682E-05 9.98682E-05 0.102149 9.98682E-05 9.98682E-05 9.98682E-05 9.98682E-05 0.0476982 9.98682E-05 9.98682E-05 9.98682E-05 9.98682E-05 9.98682E-05 0.767706 9.98682E-05
9.98771E-05 9.98771E-05 0.00637289 9.98771E-05 9.98771E-05 9.98771E-05 9.98771E-05 9.98771E-05 9.98771E-05 0.00835433 9.98771E-05 0.0894356 9.98771E-05 9.98771E-05 9.98771E-05 0.0350015 9.98771E-05 0.859437 9.98771E-05
9.98772E-05 0.114589 0.037989 9.98772E-05 9.98772E-05 9.98772E-05 9.98772E-05 0.0365991 9.98772E-05 9.98772E-05 9.98772E-05 0.472473 9.98772E-05 9.98772E-05 9.98772E-05 9.98772E-05 9.98772E-05 0.336952 9.98772E-05
9.98859E-05 9.98859E-05 0.0273924 9.98859E-05 9.98859E-05 9.98859E-05 0.177622 0.1341 9.98859E-05 9.98859E-05 9.98859E-05 0.125074 9.98859E-05 9.98859E-05 9.98859E-05 0.096546 9.98859E-05 0.437968 9.98859E-05
9.98418E-05 9.98418E-05 0.998203 9.98418E-05 9.98418E-05 9.98418E-05 9.98418E-05 9.98418E-05 9.98418E-05 9.98418E-05 9.98418E-05 9.98418E-05 9.98418E-05 9.98418E-05 9.98418E-05 9.98418E-05 9.98418E-05 9.98418E-05 9.98418E-05
9.98418E-05 9.98418E-05 9.98418E-05 9.98418E-05 9.98418E-05 9.98418E-05 0.998203 9.98418E-05 9.98418E-05 9.98418E-05 9.98418E-05 9.98418E-05 9.98418E-05 9.98418E-05 9.98418E-05 9.98418E-05 9.98418E-05 9.98418E-05 9.98418E-05
9.98418E-05 9.98418E-05 0.998203 9.98418E-05 9.98418E-05 9.98418E-05 9.98418E-05 9.98418E-05 9.98418E-05 9.98418E-05 9.98418E-05 9.98418E-05 9.98418E-05 9.98418E-05 9.98418E-05 9.98418E-05 9.98418E-05 9.98418E-05 9.98418E-05
9.98418E-05 9.98418E-05 9.98418E-05 9.98418E-05 9.98418E-05 9.98418E-05 0.998203 9.98418E-05 9.98418E-05 9.98418E-05 9.98418E-05 9.98418E-05 9.98418E-05 9.98418E-05 9.98418E-05 9.98418E-05 9.98418E-05 9.98418E-05 9.98418E-05
9.98418E-05 9.98418E-05 9.98418E-05 9.98418E-05 9.98418E-05 9.98418E-05 0.998203 9.98418E-05 9.98418E-05 9.98418E-05 9.98418E-05 9.98418E-05 9.98418E-05 9.98418E-05 9.98418E-05 9.98418E-05 9.98418E-05 9.98418E-05 9.98418E-05
9.98417E-05 9.98417E-05 9.98417E-05 9.98417E-05 9.98417E-05 9.98417E-05 0.998203 9.98417E-05 9.98417E-05 9.98417E-05 9.98417E-05 9.98417E-05 9.98417E-05 9.98417E-05 9.98417E-05 9.98417E-05 9.98417E-05 9.98417E-05 9.98417E-05
9.98417E-05 9.98417E-05 0.998203 9.98417E-05 9.98417E-05 9.98417E-05 9.98417E-05 9.98417E-05 9.98417E-05 9.98417E-05 9.98417E-05 9.98417E-05 9.98417E-05 9.98417E-05 9.98417E-05 9.98417E-05 9.98417E-05 9.98417E-05 9.98417E-05
9.98418E-05 9.98418E-05 9.98418E-05 9.98418E-05 9.98418E-05 9.98418E-05 0.998203 9.98418E-05 9.98418E-05 9.98418E-05 9.98418E-05 9.98418E-05 9.98418E-05 9.98418E-05 9.98418E-05 9.98418E-05 9.98418E-05 9.98418E-05 9.98418E-05
9.98417E-05 9.98417E-05 9.98417E-05 9.98417E-05 9.98417E-05 9.98417E-05 0.998203 9.98417E-05 9.98417E-05 9.98417E-05 9.98417E-05 9.98417E-05 9.98417E-05 9.98417E-05 9.98417E-05 9.98417E-05 9.98417E-05 9.98417E-05 9.98417E-05
9.98418E-05 9.98418E-05 0.998203 9.98418E-05 9.98418E-05 9.98418E-05 9.98418E-05 9.98418E-05 9.98418E-05 9.98418E-05 9.98418E-05 9.98418E-05 9.98418E-05 9.98418E-05 9.98418E-05 9.98418E-05 9.98418E-05 9.98418E-05 9.98418E-05
9.98417E-05 9.98417E-05 0.998203 9.98417E-05 9.98417E-05 9.98417E-05 9.98417E-05 9.98417E-05 9.98417E-05 9.98417E-05 9.98417E-05 9.98417E-05 9.98417E-05 9.98417E-05 9.98417E-05 9.98417E-05 9.98417E-05 9.98417E-05 9.98417E-05
9.98417E-05 9.98417E-05 0.998203 9.98417E-05 9.98417E-05 9.98417E-05 9.98417E-05 9.98417E-05 9.98417E-05 9.98417E-05 9.98417E-05 9.98417E-05 9.98417E-05 9.98417E-05 9.98417E-05 9.98417E-05 9.98417E-05 9.98417E-05 9.98417E-05
9.98418E-05 9.98418E-05 9.98418E-05 9.98418E-05 9.98418E-05 9.98418E-05 0.998203 9.98418E-05 9.98418E-05 9.98418E-05 9.98418E-05 9.98418E-05 9.98418E-05 9.98418E-05 9.98418E-05 9.98418E-05 9.98418E-05 9.98418E-05 9.98418E-05
9.98417E-05 9.98417E-05 9.98417E-05 9.98417E-05 9.98417E-05 9.98417E-05 0.998203 9.98417E-05 9.98417E-05 9.98417E-05 9.98417E-05 9.98417E-05 9.98417E-05 9.98417E-05 9.98417E-05 9.98417E-05 9.98417E-05 9.98417E-05 9.98417E-05
9.98418E-05 9.98418E-05 0.998203 9.98418E-05 9.98418E-05 9.98418E-05 9.98418E-05 9.98418E-05 9.98418E-05 9.98418E-05 9.98418E-05 9.98418E-05 9.98418E-05 9.98418E-05 9.98418E-05 9.98418E-05 9.98418E-05 9.98418E-05 9.98418E-05
9.98417E-05 9.98417E-05 0.998203 9.98417E-05 9.98417E-05 9.98417E-05 9.98417E-05 9.98417E-05 9.98417E-05 9.98417E-05 9.98417E-05 9.98417E-05 9.98417E-05 9.98417E-05 9.98417E-05 9.98417E-05 9.98417E-05 9.98417E-05 9.98417E-05
9.98857E-05 0.0231591 0.0234653 0.144974 9.98857E-05 9.98857E-05 0.0311619 9.98857E-05 9.98857E-05 9.98857E-05 9.98857E-05 0.699593 9.98857E-05 9.98857E-05 9.98857E-05 9.98857E-05 9.98857E-05 9.98857E-05 0.0763485
9.98418E-05 9.98418E-05 0.998203 9.98418E-05 9.98418E-05 9.98418E-05 9.98418E-05 9.98418E-05 9.98418E-05 9.98418E-05 9.98418E-05 9.98418E-05 9.98418E-05 9.98418E-05 9.98418E-05 9.98418E-05 9.98418E-05 9.98418E-05 9.98418E-05
9.98418E-05 9.98418E-05 9.98418E-05 9.98418E-05 9.98418E-05 9.98418E-05 0.998203 9.98418E-05 9.98418E-05 9.98418E-05 9.98418E-05 9.98418E-05 9.98418E-05 9.98418E-05 9.98418E-05 9.98418E-05 9.98418E-05 9.98418E-05 9.98418E-05
9.98417E-05 9.98417E-05 0.998203 9.98417E-05 9.98417E-05 9.98417E-05 9.98417E-05 9.98417E-05 9.98417E-05 9.98417E-05 9.98417E-05 9.98417E-05 9.98417E-05 9.98417E-05 9.98417E-05 9.98417E-05 9.98417E-05 9.98417E-05 9.98417E-05
9.98417E-05 9.98417E-05 0.998203 9.98417E-05 9.98417E-05 9.98417E-05 9.98417E-05 9.98417E-05 9.98417E-05 9.98417E-05 9.98417E-05 9.98417E-05 9.98417E-05 9.98417E-05 9.98417E-05 9.98417E-05 9.98417E-05 9.98417E-05 9.98417E-05
9.98419E-05 9.98419E-05 0.998203 9.98419E-05 9.98419E-05 9.98419E-05 9.98419E-05 9.98419E-05 9.98419E-05 9.98419E-05 9.98419E-05 9.98419E-05 9.98419E-05 9.98419E-05 9.98419E-05 9.98419E-05 9.98419E-05 9.98419E-05 9.98419E-05
9.98417E-05 9.98417E-05 9.98417E-05 9.98417E-05 9.98417E-05 9.98417E-05 0.998203 9.98417E-05 9.98417E-05 9.98417E-05 9.98417E-05 9.98417E-05 9.98417E-05 9.98417E-05 9.98417E-05 9.98417E-05 9.98417E-05 9.98417E-05 9.98417E-05
9.98418E-05 9.98418E-05 0.998203 9.98418E-05 9.98418E-05 9.98418E-05 9.98418E-05 9.98418E-05 9.98418E-05 9.98418E-05 9.98418E-05 9.98418E-05 9.98418E-05 9.98418E-05 9.98418E-05 9.98418E-05 9.98418E-05 9.98418E-05 9.98418E-05
9.98417E-05 9.98417E-05 9.98417E-05 9.98417E-05 9.98417E-05 9.98417E-05 0.998203 9.98417E-05 9.98417E-05 9.98417E-05 9.98417E-05 9.98417E-05 9.98417E-05 9.98417E-05 9.98417E-05 9.98417E-05 9.98417E-05 9.98417E-05 9.98417E-05
9.98418E-05 9.98418E-05 0.998203 9.98418E-05 9.98418E-05 9.98418E-05 9.98418E-05 9.98418E-05 9.98418E-05 9.98418E-05 9.98418E-05 9.98418E-05 9.98418E-05 9.98418E-05 9.98418E-05 9.98418E-05 9.98418E-05 9.98418E-05 9.98418E-05
9.98417E-05 9.98417E-05 0.998203 9.98417E-05 9.98417E-05 9.98417E-05 9.98417E-05 9.98417E-05 9.98417E-05 9.98417E-05 9.98417E-05 9.98417E-05 9.98417E-05 9.98417E-05 9.98417E-05 9.98417E-05 9.98417E-05 9.98417E-05 9.98417E-05
9.98417E-05 9.98417E-05 9.98417E-05 9.98417E-05 9.98417E-05 9.98417E-05 0.998203 9.98417E-05 9.98417E-05 9.98417E-05 9.98417E-05 9.98417E-05 9.98417E-05 9.98417E-05 9.98417E-05 9.98417E-05 9.98417E-05 9.98417E-05 9.98417E-05
9.98418E-05 9.98418E-05 9.98418E-05 9.98418E-05 9.98418E-05 9.98418E-05 0.998203 9.98418E-05 9.98418E-05 9.98418E-05 9.98418E-05 9.98418E-05 9.98418E-05 9.98418E-05 9.98418E-05 9.98418E-05 9.98418E-05 9.98418E-05 9.98418E-05
9.98418E-05 9.98418E-05 9.98418E-05 9.98418E-05 9.98418E-05 9.98418E-05 0.998203 9.98418E-05 9.98418E-05 9.98418E-05 9.98418E-05 9.98418E-05 9.98418E-05 9.98418E-05 9.98418E-05 9.98418E-05 9.98418E-05 9.98418E-05 9.98418E-05
9.98418E-05 9.98418E-05 0.998203 9.98418E-05 9.98418E-05 9.98418E-05 9.98418E-05 9.98418E-05 9.98418E-05 9.98418E-05 9.98418E-05 9.98418E-05 9.98418E-05 9.98418E-05 9.98418E-05 9.98418E-05 9.98418E-05 9.98418E-05 9.98418E-05
9.98418E-05 9.98418E-05 0.998203 9.98418E-05 9.98418E-05 9.98418E-05 9.98418E-05 9.98418E-05 9.98418E-05 9.98418E-05 9.98418E-05 9.98418E-05 9.98418E-05 9.98418E-05 9.98418E-05 9.98418E-05 9.98418E-05 9.98418E-05 9.98418E-05
9.98418E-05 9.98418E-05 0.998203 9.98418E-05 9.98418E-05 9.98418E-05 9.98418E-05 9.98418E-05 9.98418E-05 9.98418E-05 9.98418E-05 9.98418E-05 9.98418E-05 9.98418E-05 9.98418E-05 9.98418E-05 9.98418E-05 9.98418E-05 9.98418E-05
9.98417E-05 9.98417E-05 0.998203 9.98417E-05 9.98417E-05 9.98417E-05 9.98417E-05 9.98417E-05 9.98417E-05 9.98417E-05 9.98417E-05 9.98417E-05 9.98417E-05 9.98417E-05 9.98417E-05 9.98417E-05 9.98417E-05 9.98417E-05 9.98417E-05
9.98419E-05 9.98419E-05 0.998203 9.98419E-05 9.98419E-05 9.98419E-05 9.98419E-05 9.98419E-05 9.98419E-05 9.98419E-05 9.98419E-05 9.98419E-05 9.98419E-05 9.98419E-05 9.98419E-05 9.98419E-05 9.98419E-05 9.98419E-05 9.98419E-05
9.98417E-05 9.98417E-05 9.98417E-05 9.98417E-05 9.98417E-05 9.98417E-05 0.998203 9.98417E-05 9.98417E-05 9.98417E-05 9.98417E-05 9.98417E-05 9.98417E-05 9.98417E-05 9.98417E-05 9.98417E-05 9.98417E-05 9.98417E-05 9.98417E-05
9.98417E-05 9.98417E-05 9.98417E-05 9.98417E-05 9.98417E-05 9.98417E-05 0.998203 9.98417E-05 9.98417E-05 9.98417E-05 9.98417E-05 9.98417E-05 9.98417E-05 9.98417E-05 9.98417E-05 9.98417E-05 9.98417E-05 9.98417E-05 9.98417E-05
