0.124586 9.99561E-05 0.10749 9.99561E-05 0.44276 9.99561E-05 0.0413166 9.99561E-05 9.99561E-05 0.0417053 0.241642
0.194532 9.99473E-05 0.0127563 9.99473E-05 0.714627 0.0263813 9.99473E-05 9.99473E-05 9.99473E-05 9.99473E-05 0.0511039
9.99297E-05 9.99297E-05 0.0854662 9.99297E-05 0.906689 0.00704507 9.99297E-05 9.99297E-05 9.99297E-05 9.99297E-05 9.99297E-05
9.99649E-05 9.99649E-05 0.0785184 0.117043 0.329972 0.0588579 0.274645 9.99649E-05 9.99649E-05 0.0497404 0.0908226
0.0212166 9.99385E-05 9.99385E-05 0.162839 0.77822 9.99385E-05 9.99385E-05 9.99385E-05 9.99385E-05 0.0370247 9.99385E-05
0.115164 0.00467444 0.00383048 0.2703 0.322666 0.0162114 0.0198862 0.0662657 0.00190833 0.178993 9.99912E-05
0.165078 9.99649E-05 9.99649E-05 0.0449861 0.29984 0.0676437 0.293488 0.0613066 9.99649E-05 9.99649E-05 0.0672573
0.0119702 0.0339855 9.99737E-05 0.232524 0.29688 9.99737E-05 0.0594443 0.137585 9.99737E-05 0.20602 0.0212909
9.99561E-05 9.99561E-05 0.28593 0.118058 0.27372 0.0595803 0.0535007 9.99561E-05 9.99561E-05 0.208712 9.99561E-05
9.9921E-05 9.9921E-05 0.0989337 9.9921E-05 0.900167 9.9921E-05 9.9921E-05 9.9921E-05 9.9921E-05 9.9921E-05 9.9921E-05
9.99649E-05 0.0032708 0.221505 9.99649E-05 0.565379 0.0268108 0.0363242 9.99649E-05 9.99649E-05 0.015863 0.130448
9.99473E-05 0.0160165 0.109061 9.99473E-05 0.802608 0.0051407 9.99473E-05 0.0665739 9.99473E-05 9.99473E-05 9.99473E-05
9.99385E-05 9.99385E-05 0.125099 9.99385E-05 0.824579 9.99385E-05 9.99385E-05 9.99385E-05 9.99385E-05 0.00761495 0.0420068
0.0302851 9.99561E-05 0.068116 9.99561E-05 0.612769 9.99561E-05 9.99561E-05 0.10006 0.150448 9.99561E-05 0.0378224
9.99473E-05 9.99473E-05 0.280689 9.99473E-05 0.387244 9.99473E-05 0.0747228 9.99473E-05 0.0596907 0.197054 9.99473E-05
9.99649E-05 0.037656 0.135115 9.99649E-05 0.233372 9.99649E-05 0.0829282 0.245614 9.99649E-05 0.212312 0.0526023
0.139235 9.99649E-05 0.110744 9.99649E-05 0.578993 9.99649E-05 0.0320553 0.0550721 0.0281889 9.99649E-05 0.0553116
9.99473E-05 0.215364 0.248855 9.99473E-05 0.309523 0.129407 9.99473E-05 9.99473E-05 9.99473E-05 0.0962507 9.99473E-05
9.99561E-05 9.99561E-05 0.210015 9.99561E-05 0.376911 0.0132203 0.22485 9.99561E-05 9.99561E-05 0.154479 0.0200245
9.9921E-05 9.9921E-05 9.9921E-05 9.9921E-05 0.958125 0.0409761 9.9921E-05 9.9921E-05 9.9921E-05 9.9921E-05 9.9921E-05
9.99649E-05 9.99649E-05 0.0928771 0.0633255 0.484495 9.99649E-05 0.0960907 0.0125019 9.99649E-05 0.126062 0.124248
9.99474E-05 0.0504035 9.99474E-05 0.251361 0.289549 9.99474E-05 0.207426 9.99474E-05 9.99474E-05 0.200661 9.99474E-05
0.0629803 9.99385E-05 0.173087 9.99385E-05 0.691492 9.99385E-05 9.99385E-05 9.99385E-05 9.99385E-05 9.99385E-05 0.0717409
9.99473E-05 9.99473E-05 0.299336 9.99473E-05 0.40767 9.99473E-05 0.156299 0.0977847 9.99473E-05 0.0383113 9.99473E-05
9.99648E-05 9.99648E-05 0.318313 0.0106603 0.282533 0.164492 0.00974271 9.99648E-05 0.0480923 0.165766 9.99648E-05
9.99736E-05 9.99736E-05 0.129864 0.0504348 0.64628 9.99736E-05 0.0777007 0.0114329 0.0191757 0.0594101 0.00540169
0.0623461 0.10567 0.271557 0.0327403 0.0986565 9.99912E-05 0.0353396 0.184945 0.153525 0.0431863 0.011935
9.99386E-05 9.99386E-05 0.113787 9.99386E-05 0.743396 9.99386E-05 0.117269 9.99386E-05 0.0248493 9.99386E-05 9.99386E-05
9.99386E-05 9.99386E-05 0.248383 9.99386E-05 0.63933 0.0294163 9.99386E-05 9.99386E-05 9.99386E-05 9.99386E-05 0.0821708
9.99386E-05 9.99386E-05 0.0745103 9.99386E-05 0.788058 9.99386E-05 9.99386E-05 9.99386E-05 0.0575964 0.0791361 9.99386E-05
9.99473E-05 9.99473E-05 0.108845 9.99473E-05 0.650207 0.055651 9.99473E-05 9.99473E-05 9.99473E-05 0.0662 0.118497
9.994E-05 9.994E-05 0.199205 9.994E-05 0.517755 9.994E-05 0.12909 9.994E-05 0.0793268 9.994E-05 0.0740235
9.99473E-05 9.99473E-05 0.202246 9.99473E-05 0.537434 9.99473E-05 9.99473E-05 0.109822 9.99473E-05 0.017516 0.132383
9.99736E-05 0.0296676 0.20784 0.0294048 0.516895 9.99736E-05 0.0311222 0.0272969 0.119466 9.99736E-05 0.0380069
0.0628859 9.99561E-05 0.0363081 9.99561E-05 0.801507 0.0485588 9.99561E-05 9.99561E-05 9.99561E-05 0.00817592 0.0420641
0.0107519 9.99561E-05 0.033886 9.99561E-05 0.738247 9.99561E-05 0.15754 9.99561E-05 9.99561E-05 0.0356032 0.0234719
0.0453208 9.99473E-05 9.99473E-05 9.99473E-05 0.788817 9.99473E-05 0.00857609 0.120388 9.99473E-05 9.99473E-05 0.0362977
9.99386E-05 9.99386E-05 0.0615931 9.99386E-05 0.630696 0.160192 9.99386E-05 9.99386E-05 9.99386E-05 0.146819 9.99386E-05
0.0672444 9.99649E-05 0.156432 0.125552 0.500009 9.99649E-05 9.99649E-05 9.99649E-05 0.0954104 0.0225896 0.0323632
9.99473E-05 9.99473E-05 0.17849 9.99473E-05 0.512456 9.99473E-05 9.99473E-05 0.208069 0.0862367 9.99473E-05 0.0141489
9.99474E-05 9.99474E-05 0.0744714 9.99474E-05 0.75964 9.99474E-05 0.0575916 9.99474E-05 9.99474E-05 0.0661093 0.0415881
0.0129838 9.99561E-05 0.211778 9.99561E-05 0.626154 9.99561E-05 0.0710141 9.99561E-05 9.99561E-05 0.0638284 0.0137424
0.0648779 9.99297E-05 9.99297E-05 0.0596729 0.87465 9.99297E-05 9.99297E-05 9.99297E-05 9.99297E-05 9.99297E-05 9.99297E-05
0.0502163 9.99561E-05 0.250171 9.99561E-05 0.398226 9.99561E-05 0.0693671 9.99561E-05 9.99561E-05 0.14741 0.0841096
9.99473E-05 9.99473E-05 0.308455 0.0301013 0.303882 9.99473E-05 0.274731 9.99473E-05 9.99473E-05 9.99473E-05 0.0822307
9.99472E-05 9.99472E-05 0.0166768 0.0650421 0.792258 0.0976857 9.99472E-05 9.99472E-05 9.99472E-05 0.0277376 9.99472E-05
9.99473E-05 0.0325508 0.0807326 9.99473E-05 0.784386 9.99473E-05 9.99473E-05 9.99473E-05 9.99473E-05 0.0744324 0.0272987
9.99298E-05 9.99298E-05 0.0401507 9.99298E-05 0.951036 9.99298E-05 9.99298E-05 0.00801383 9.99298E-05 9.99298E-05 9.99298E-05
9.99473E-05 9.99473E-05 0.216169 0.0254044 0.653372 9.99473E-05 9.99473E-05 0.0284163 9.99473E-05 9.99473E-05 0.0760386
9.99562E-05 0.0796132 9.99562E-05 0.0763522 0.700346 0.0682642 9.99562E-05 9.99562E-05 9.99562E-05 0.0696776 0.00524698
0.0192892 0.0403253 0.251819 9.99736E-05 0.323198 9.99736E-05 0.0891937 9.99736E-05 0.0509358 0.113213 0.111726
9.99385E-05 9.99385E-05 9.99385E-05 0.226137 0.614163 9.99385E-05 0.119455 0.0395454 9.99385E-05 9.99385E-05 9.99385E-05
9.99386E-05 0.0555867 0.11811 9.99386E-05 0.792521 9.99386E-05 9.99386E-05 9.99386E-05 9.99386E-05 0.0330827 9.99386E-05
9.99649E-05 0.03919 0.0112543 0.0911229 0.532723 0.045301 9.99649E-05 0.249344 9.99649E-05 0.0306653 9.99649E-05
9.99561E-05 9.99561E-05 0.0949422 0.0733752 0.728039 0.0177285 0.0660754 9.99561E-05 9.99561E-05 0.0193398 9.99561E-05
9.99473E-05 9.99473E-05 9.99473E-05 0.095411 0.73505 0.0602282 9.99473E-05 9.99473E-05 0.0909224 9.99473E-05 0.017789
0.0336623 0.146481 0.00283253 0.0167827 0.781177 9.99649E-05 0.0144434 0.00422042 9.99649E-05 9.99649E-05 9.99649E-05
9.99386E-05 9.99386E-05 0.0891743 9.99386E-05 0.757176 9.99386E-05 0.0851473 9.99386E-05 9.99386E-05 9.99386E-05 0.067803
9.99473E-05 9.99473E-05 0.0839487 9.99473E-05 0.846351 9.99473E-05 9.99473E-05 0.0426219 9.99473E-05 0.00171088 0.0247674
0.414485 0.0932682 0.278773 9.99561E-05 0.0572883 9.99561E-05 9.99561E-05 9.99561E-05 9.99561E-05 0.0891102 0.0665752
0.369597 9.99562E-05 0.0700265 9.99562E-05 0.2639 9.99562E-05 0.179754 0.0926119 9.99562E-05 9.99562E-05 0.0236104
0.315942 0.267486 0.0921438 9.99561E-05 0.287322 9.99561E-05 0.0250629 9.99561E-05 9.99561E-05 9.99561E-05 0.0115433
0.470228 0.0638744 0.170497 9.99562E-05 9.99562E-05 9.99562E-05 9.99562E-05 9.99562E-05 0.129108 0.164531 0.00126154
0.189619 0.088555 0.227581 0.010223 0.11288 0.0298933 0.127579 0.065575 9.99912E-05 0.119797 0.0281987
0.292502 0.0646873 0.493545 9.99473E-05 9.99473E-05 9.99473E-05 9.99473E-05 9.99473E-05 9.99473E-05 0.0789591 0.0697069
0.463924 9.99473E-05 0.304429 9.99473E-05 9.99473E-05 9.99473E-05 0.127833 9.99473E-05 9.99473E-05 0.0120363 0.0911783
0.343307 0.132092 0.261809 9.99561E-05 9.99561E-05 9.99561E-05 9.99561E-05 0.0411419 9.99561E-05 0.123847 0.0973024
0.498484 0.152965 0.151698 9.99649E-05 0.160043 9.99649E-05 9.99649E-05 9.99649E-05 0.0172867 0.00112086 0.0180022
0.24148 9.99561E-05 0.153144 9.99561E-05 0.296248 9.99561E-05 0.120047 9.99561E-05 9.99561E-05 0.0462634 0.142318
0.171847 0.0446283 0.411099 9.99561E-05 9.99561E-05 9.99561E-05 0.0429982 9.99561E-05 9.99561E-05 0.108039 0.220889
0.30139 9.99649E-05 0.225757 9.99649E-05 0.0257237 9.99649E-05 0.119379 0.194088 9.99649E-05 0.0076762 0.125587
0.245808 0.00429014 0.0689827 0.190088 9.99736E-05 9.99736E-05 0.0499615 0.11075 9.99736E-05 0.183001 0.146819
0.339839 9.99561E-05 0.35079 0.115717 9.99561E-05 9.99561E-05 0.0565031 0.0962176 9.99561E-05 0.0404334 9.99561E-05
0.334779 9.99562E-05 0.0869303 9.99562E-05 0.250476 9.99562E-05 9.99562E-05 0.249086 0.0462259 9.99562E-05 0.0320034
0.383981 9.99562E-05 0.187779 9.99562E-05 0.217411 9.99562E-05 0.0858759 9.99562E-05 9.99562E-05 0.0406625 0.0837905
0.284093 0.163134 0.194354 9.99649E-05 9.99649E-05 9.99649E-05 0.104033 0.177517 0.0555481 9.99649E-05 0.0209211
0.177354 9.99561E-05 0.131622 9.99561E-05 0.0501334 9.99561E-05 0.350049 9.99561E-05 9.99561E-05 0.101953 0.188389
0.222678 0.159678 0.228051 9.99649E-05 0.207156 9.99649E-05 0.0736295 9.99649E-05 9.99649E-05 0.0341949 0.0742135
0.256337 0.046953 0.415898 9.99561E-05 9.99561E-05 9.99561E-05 0.0317123 0.17449 9.99561E-05 9.99561E-05 0.0741106
0.355002 0.0136191 0.166006 0.0497648 0.324619 9.99562E-05 9.99562E-05 0.0904889 9.99562E-05 9.99562E-05 9.99562E-05
0.402971 9.99649E-05 0.199205 9.99649E-05 0.0406166 9.99649E-05 0.14471 0.144845 9.99649E-05 0.0483046 0.0189486
0.358797 9.99562E-05 0.226248 9.99562E-05 0.0872866 9.99562E-05 9.99562E-05 0.0480584 0.221514 9.99562E-05 0.0575964
0.144047 0.121355 0.188197 9.99737E-05 0.15226 9.99737E-05 0.222368 9.99737E-05 0.0289716 0.11226 0.0302422
9.99473E-05 9.99473E-05 0.275656 9.99473E-05 0.217212 9.99473E-05 0.143837 9.99473E-05 9.99473E-05 0.0807182 0.281977
0.332464 9.99562E-05 0.141494 9.99562E-05 0.390175 0.0538854 9.99562E-05 9.99562E-05 9.99562E-05 0.0576635 0.0238174
0.435914 0.110353 0.00752911 9.99562E-05 0.237667 9.99562E-05 0.156048 9.99562E-05 0.0519894 9.99562E-05 9.99562E-05
0.436767 9.99387E-05 0.195141 9.99387E-05 0.191971 9.99387E-05 0.17542 9.99387E-05 9.99387E-05 9.99387E-05 9.99387E-05
0.0920777 0.297396 0.176366 9.99474E-05 0.331838 9.99474E-05 9.99474E-05 9.99474E-05 9.99474E-05 0.101723 9.99474E-05
0.23777 9.99562E-05 0.262139 9.99562E-05 0.203387 9.99562E-05 9.99562E-05 0.0302799 0.152565 0.113358 9.99562E-05
9.99385E-05 9.99385E-05 0.196861 0.0368406 9.99385E-05 9.99385E-05 9.99385E-05 9.99385E-05 0.567344 0.198255 9.99385E-05
9.99211E-05 9.99211E-05 9.99211E-05 9.99211E-05 9.99211E-05 9.99211E-05 9.99211E-05 9.99211E-05 0.941097 0.0580041 9.99211E-05
9.99472E-05 0.0258394 0.252728 9.99472E-05 9.99472E-05 9.99472E-05 9.99472E-05 0.0272066 0.620186 9.99472E-05 0.0734401
9.99472E-05 0.0908926 0.212315 9.99472E-05 9.99472E-05 9.99472E-05 9.99472E-05 9.99472E-05 0.4685 0.177454 0.0502387
9.99472E-05 0.12156 9.99472E-05 9.99472E-05 9.99472E-05 0.0600478 0.029367 9.99472E-05 0.613099 0.175326 9.99472E-05
0.0378722 9.99473E-05 0.235059 9.99473E-05 9.99473E-05 9.99473E-05 0.00719281 9.99473E-05 0.499453 0.219824 9.99473E-05
9.99472E-05 0.039975 0.215224 9.99472E-05 9.99472E-05 9.99472E-05 9.99472E-05 9.99472E-05 0.573843 0.108755 0.0616038
9.99385E-05 9.99385E-05 0.169712 9.99385E-05 9.99385E-05 9.99385E-05 9.99385E-05 9.99385E-05 0.508775 0.295217 0.0255971
0.315135 9.9956E-05 0.172224 0.0255517 9.9956E-05 9.9956E-05 9.9956E-05 9.9956E-05 0.0886229 0.394333 0.00363371
9.99385E-05 0.00314208 0.370534 9.99385E-05 9.99385E-05 9.99385E-05 9.99385E-05 9.99385E-05 0.348562 0.277062 9.99385E-05
0.17762 9.99385E-05 0.0996873 9.99385E-05 9.99385E-05 9.99385E-05 9.99385E-05 9.99385E-05 0.66965 0.0523435 9.99385E-05
0.100946 9.99473E-05 0.13618 9.99473E-05 9.99473E-05 0.0223214 9.99473E-05 9.99473E-05 0.67311 9.99473E-05 0.066843
9.99385E-05 0.0253828 9.99385E-05 9.99385E-05 9.99385E-05 9.99385E-05 9.99385E-05 9.99385E-05 0.822888 0.122555 0.0284747
0.0119293 9.99473E-05 0.315879 9.99473E-05 9.99473E-05 9.99473E-05 9.99473E-05 9.99473E-05 0.490638 0.176802 0.00415101
9.99561E-05 0.155414 0.00562104 9.99561E-05 9.99561E-05 9.99561E-05 9.99561E-05 0.0474137 0.656548 0.120455 0.0140489
0.0151849 9.99648E-05 0.234178 9.99648E-05 9.99648E-05 0.00879966 9.99648E-05 0.0470474 0.517244 0.0998654 0.0772804
0.117579 0.00952888 0.111707 9.99648E-05 9.99648E-05 0.0465405 9.99648E-05 9.99648E-05 0.592771 0.0804676 0.0410055
9.99561E-05 9.99561E-05 0.0479393 0.22206 9.99561E-05 9.99561E-05 9.99561E-05 0.00406891 0.542493 0.138947 0.0439931
9.99473E-05 9.99473E-05 0.0348857 0.0876312 9.99473E-05 9.99473E-05 9.99473E-05 9.99473E-05 0.793335 0.0307642 0.0527845
9.99561E-05 9.99561E-05 0.18787 9.99561E-05 9.99561E-05 0.0957932 0.0598281 9.99561E-05 0.583734 0.044618 0.0276565
9.99385E-05 9.99385E-05 0.216991 0.183267 9.99385E-05 9.99385E-05 9.99385E-05 9.99385E-05 0.508844 0.090199 9.99385E-05
9.99472E-05 0.0772065 0.0922083 9.99472E-05 9.99472E-05 9.99472E-05 9.99472E-05 9.99472E-05 0.615383 0.122957 0.0916456
0.0149647 9.99473E-05 0.265744 9.99473E-05 9.99473E-05 0.0992533 9.99473E-05 9.99473E-05 0.256983 0.362455 9.99473E-05
9.99297E-05 9.99297E-05 0.0766776 9.99297E-05 9.99297E-05 9.99297E-05 9.99297E-05 9.99297E-05 0.66701 0.255513 9.99297E-05
0.0276699 9.99561E-05 0.274101 0.00877758 9.99561E-05 0.102012 9.99561E-05 9.99561E-05 0.246267 0.340672 9.99561E-05
0.15952 0.0188795 0.197449 9.99561E-05 9.99561E-05 9.99561E-05 9.99561E-05 0.00315613 0.481829 0.138667 9.99561E-05
9.99474E-05 0.0494415 0.0911598 9.99474E-05 0.0492855 9.99474E-05 9.99474E-05 0.00194267 0.807571 9.99474E-05 9.99474E-05
9.99472E-05 9.99472E-05 0.199307 0.084688 9.99472E-05 0.008976 9.99472E-05 9.99472E-05 0.479262 0.227167 9.99472E-05
9.99385E-05 9.99385E-05 0.263708 9.99385E-05 9.99385E-05 0.00813724 9.99385E-05 9.99385E-05 0.418424 0.30903 9.99385E-05
9.99561E-05 9.99561E-05 0.164986 0.0352994 9.99561E-05 0.0949608 9.99561E-05 9.99561E-05 0.619297 0.0173566 0.0676009
9.99473E-05 9.99473E-05 0.295889 9.99473E-05 9.99473E-05 9.99473E-05 9.99473E-05 0.0171156 0.491949 0.11427 0.0801762
9.99473E-05 9.99473E-05 0.118384 9.99473E-05 9.99473E-05 0.0669585 9.99473E-05 0.0119665 0.758276 9.99473E-05 0.0438157
9.99561E-05 9.99561E-05 0.149599 0.200734 9.99561E-05 0.162621 9.99561E-05 9.99561E-05 0.138144 0.319696 0.028706
9.99473E-05 9.99473E-05 0.247478 9.99473E-05 9.99473E-05 0.118006 9.99473E-05 9.99473E-05 0.452631 0.177851 0.00343365
9.99561E-05 0.0142145 0.113008 9.99561E-05 9.99561E-05 0.0316952 0.0194479 9.99561E-05 0.791865 0.0292698 9.99561E-05
0.0125939 9.9956E-05 9.9956E-05 9.9956E-05 9.9956E-05 9.9956E-05 0.0718231 0.0363813 0.726272 0.0942544 0.0581755
9.99472E-05 0.0540537 0.327009 9.99472E-05 9.99472E-05 9.99472E-05 9.99472E-05 9.99472E-05 0.409872 0.173722 0.0347433
9.9921E-05 9.9921E-05 9.9921E-05 9.9921E-05 9.9921E-05 9.9921E-05 9.9921E-05 9.9921E-05 0.919267 0.0798339 9.9921E-05
9.99386E-05 9.99386E-05 0.116976 9.99386E-05 9.99386E-05 0.018942 9.99386E-05 9.99386E-05 0.82621 0.0371719 9.99386E-05
9.99298E-05 9.99298E-05 9.99298E-05 0.00375297 9.99298E-05 9.99298E-05 9.99298E-05 9.99298E-05 0.948936 0.0465115 9.99298E-05
0.0322511 9.99386E-05 9.99386E-05 9.99386E-05 9.99386E-05 0.0041971 9.99386E-05 9.99386E-05 0.956466 0.00638637 9.99386E-05
0.0249633 9.9956E-05 0.439043 0.0621752 9.9956E-05 9.9956E-05 9.9956E-05 9.9956E-05 0.331962 0.1253 0.0160566
9.99385E-05 0.0619464 9.99385E-05 0.0772444 9.99385E-05 9.99385E-05 9.99385E-05 9.99385E-05 0.598717 0.261393 9.99385E-05
9.99298E-05 9.99298E-05 0.0590513 9.99298E-05 9.99298E-05 9.99298E-05 9.99298E-05 9.99298E-05 0.811054 0.129096 9.99298E-05
0.0301237 0.0103919 0.129399 9.99561E-05 0.0418974 9.99561E-05 9.99561E-05 9.99561E-05 0.78662 9.99561E-05 0.00106795
0.190325 0.0329763 0.0402951 9.99648E-05 9.99648E-05 0.183 9.99648E-05 9.99648E-05 0.256084 0.267708 0.029212
9.99561E-05 0.0405589 0.268364 9.99561E-05 9.99561E-05 9.99561E-05 9.99561E-05 0.00340663 0.444968 0.176309 0.0658932
0.120678 0.0591894 0.0827395 0.0120842 9.99649E-05 9.99649E-05 9.99649E-05 0.125799 0.50217 0.0969393 9.99649E-05
9.99561E-05 0.050356 0.288607 9.99561E-05 9.99561E-05 0.0484495 9.99561E-05 9.99561E-05 0.284582 0.292952 0.034553
9.99211E-05 9.99211E-05 0.0706204 9.99211E-05 9.99211E-05 9.99211E-05 9.99211E-05 9.99211E-05 0.92848 9.99211E-05 9.99211E-05
9.99648E-05 9.99648E-05 0.222651 9.99648E-05 9.99648E-05 0.0165897 0.166175 0.0752092 0.432088 0.0326317 0.0542549
9.99299E-05 9.99299E-05 0.0742174 9.99299E-05 9.99299E-05 9.99299E-05 9.99299E-05 9.99299E-05 0.829631 0.0953517 9.99299E-05
9.99386E-05 9.99386E-05 0.163705 9.99386E-05 9.99386E-05 9.99386E-05 9.99386E-05 9.99386E-05 0.672023 0.143031 0.0205418
9.9956E-05 0.0212175 0.0194991 0.0556161 9.9956E-05 9.9956E-05 9.9956E-05 0.152582 0.638094 0.112492 9.9956E-05
9.9956E-05 0.00253205 0.139991 9.9956E-05 9.9956E-05 9.9956E-05 0.0569066 9.9956E-05 0.662827 0.0650831 0.0721607
0.23182 9.99385E-05 0.276491 9.99385E-05 9.99385E-05 9.99385E-05 9.99385E-05 9.99385E-05 0.221253 0.269736 9.99385E-05
9.99297E-05 9.99297E-05 0.224722 9.99297E-05 9.99297E-05 9.99297E-05 9.99297E-05 9.99297E-05 0.558133 0.216346 9.99297E-05
9.9956E-05 9.9956E-05 0.0943754 9.9956E-05 9.9956E-05 0.0244146 9.9956E-05 0.0437769 0.632596 0.140353 0.0639844
9.99561E-05 9.99561E-05 0.155805 9.99561E-05 9.99561E-05 0.166799 9.99561E-05 0.0255232 0.600302 0.0135618 0.0375092
0.00626619 9.99385E-05 0.0628051 9.99385E-05 9.99385E-05 9.99385E-05 9.99385E-05 9.99385E-05 0.705123 0.225106 9.99385E-05
9.9912E-05 9.9912E-05 0.999001 9.9912E-05 9.9912E-05 9.9912E-05 9.9912E-05 9.9912E-05 9.9912E-05 9.9912E-05 9.9912E-05
9.9912E-05 9.9912E-05 9.9912E-05 9.9912E-05 9.9912E-05 9.9912E-05 9.9912E-05 9.9912E-05 9.9912E-05 0.999001 9.9912E-05
9.9912E-05 9.9912E-05 0.999001 9.9912E-05 9.9912E-05 9.9912E-05 9.9912E-05 9.9912E-05 9.9912E-05 9.9912E-05 9.9912E-05
9.9912E-05 9.9912E-05 9.9912E-05 9.9912E-05 9.9912E-05 9.9912E-05 9.9912E-05 9.9912E-05 9.9912E-05 0.999001 9.9912E-05
9.9912E-05 9.9912E-05 9.9912E-05 9.9912E-05 9.9912E-05 9.9912E-05 9.9912E-05 9.9912E-05 9.9912E-05 0.999001 9.9912E-05
9.9912E-05 9.9912E-05 9.9912E-05 9.9912E-05 9.9912E-05 9.9912E-05 9.9912E-05 9.9912E-05 9.9912E-05 0.999001 9.9912E-05
9.99119E-05 9.99119E-05 0.999001 9.99119E-05 9.99119E-05 9.99119E-05 9.99119E-05 9.99119E-05 9.99119E-05 9.99119E-05 9.99119E-05
9.9912E-05 9.9912E-05 9.9912E-05 9.9912E-05 9.9912E-05 9.9912E-05 9.9912E-05 9.9912E-05 9.9912E-05 0.999001 9.9912E-05
9.9912E-05 9.9912E-05 9.9912E-05 9.9912E-05 9.9912E-05 9.9912E-05 9.9912E-05 9.9912E-05 9.9912E-05 0.999001 9.9912E-05
9.99119E-05 9.99119E-05 0.999001 9.99119E-05 9.99119E-05 9.99119E-05 9.99119E-05 9.99119E-05 9.99119E-05 9.99119E-05 9.99119E-05
9.9912E-05 9.9912E-05 0.999001 9.9912E-05 9.9912E-05 9.9912E-05 9.9912E-05 9.9912E-05 9.9912E-05 9.9912E-05 9.9912E-05
9.99119E-05 9.99119E-05 0.999001 9.99119E-05 9.99119E-05 9.99119E-05 9.99119E-05 9.99119E-05 9.99119E-05 9.99119E-05 9.99119E-05
9.9912E-05 9.9912E-05 9.9912E-05 9.9912E-05 9.9912E-05 9.9912E-05 9.9912E-05 9.9912E-05 9.9912E-05 0.999001 9.9912E-05
9.99121E-05 9.99121E-05 9.99121E-05 9.99121E-05 9.99121E-05 9.99121E-05 9.99121E-05 9.99121E-05 9.99121E-05 0.999001 9.99121E-05
9.9912E-05 9.9912E-05 0.999001 9.9912E-05 9.9912E-05 9.9912E-05 9.9912E-05 9.9912E-05 9.9912E-05 9.9912E-05 9.9912E-05
9.9912E-05 9.9912E-05 0.999001 9.9912E-05 9.9912E-05 9.9912E-05 9.9912E-05 9.9912E-05 9.9912E-05 9.9912E-05 9.9912E-05
9.9956E-05 9.9956E-05 0.182407 9.9956E-05 9.9956E-05 0.0615937 0.221363 0.0540695 0.349209 0.130858 9.9956E-05
9.9912E-05 9.9912E-05 0.999001 9.9912E-05 9.9912E-05 9.9912E-05 9.9912E-05 9.9912E-05 9.9912E-05 9.9912E-05 9.9912E-05
9.99121E-05 9.99121E-05 9.99121E-05 9.99121E-05 9.99121E-05 9.99121E-05 9.99121E-05 9.99121E-05 9.99121E-05 0.999001 9.99121E-05
9.99119E-05 9.99119E-05 0.999001 9.99119E-05 9.99119E-05 9.99119E-05 9.99119E-05 9.99119E-05 9.99119E-05 9.99119E-05 9.99119E-05
9.9912E-05 9.9912E-05 0.999001 9.9912E-05 9.9912E-05 9.9912E-05 9.9912E-05 9.9912E-05 9.9912E-05 9.9912E-05 9.9912E-05
9.9912E-05 9.9912E-05 0.999001 9.9912E-05 9.9912E-05 9.9912E-05 9.9912E-05 9.9912E-05 9.9912E-05 9.9912E-05 9.9912E-05
9.9912E-05 9.9912E-05 9.9912E-05 9.9912E-05 9.9912E-05 9.9912E-05 9.9912E-05 9.9912E-05 9.9912E-05 0.999001 9.9912E-05
9.9912E-05 9.9912E-05 0.999001 9.9912E-05 9.9912E-05 9.9912E-05 9.9912E-05 9.9912E-05 9.9912E-05 9.9912E-05 9.9912E-05
9.9912E-05 9.9912E-05 9.9912E-05 9.9912E-05 9.9912E-05 9.9912E-05 9.9912E-05 9.9912E-05 9.9912E-05 0.999001 9.9912E-05
9.9912E-05 9.9912E-05 0.999001 9.9912E-05 9.9912E-05 9.9912E-05 9.9912E-05 9.9912E-05 9.9912E-05 9.9912E-05 9.9912E-05
9.99119E-05 9.99119E-05 0.999001 9.99119E-05 9.99119E-05 9.99119E-05 9.99119E-05 9.99119E-05 9.99119E-05 9.99119E-05 9.99119E-05
9.9912E-05 9.9912E-05 9.9912E-05 9.9912E-05 9.9912E-05 9.9912E-05 9.9912E-05 9.9912E-05 9.9912E-05 0.999001 9.9912E-05
9.9912E-05 9.9912E-05 9.9912E-05 9.9912E-05 9.9912E-05 9.9912E-05 9.9912E-05 9.9912E-05 9.9912E-05 0.999001 9.9912E-05
9.9912E-05 9.9912E-05 9.9912E-05 9.9912E-05 9.9912E-05 9.9912E-05 9.9912E-05 9.9912E-05 9.9912E-05 0.999001 9.9912E-05
9.9912E-05 9.9912E-05 0.999001 9.9912E-05 9.9912E-05 9.9912E-05 9.9912E-05 9.9912E-05 9.9912E-05 9.9912E-05 9.9912E-05
9.9912E-05 9.9912E-05 0.999001 9.9912E-05 9.9912E-05 9.9912E-05 9.9912E-05 9.9912E-05 9.9912E-05 9.9912E-05 9.9912E-05
9.99119E-05 9.99119E-05 0.999001 9.99119E-05 9.99119E-05 9.99119E-05 9.99119E-05 9.99119E-05 9.99119E-05 9.99119E-05 9.99119E-05
9.9912E-05 9.9912E-05 0.999001 9.9912E-05 9.9912E-05 9.9912E-05 9.9912E-05 9.9912E-05 9.9912E-05 9.9912E-05 9.9912E-05
9.9912E-05 9.9912E-05 0.999001 9.9912E-05 9.9912E-05 9.9912E-05 9.9912E-05 9.9912E-05 9.9912E-05 9.9912E-05 9.9912E-05
9.9912E-05 9.9912E-05 9.9912E-05 9.9912E-05 9.9912E-05 9.9912E-05 9.9912E-05 9.9912E-05 9.9912E-05 0.999001 9.9912E-05
9.9912E-05 9.9912E-05 9.9912E-05 9.9912E-05 9.9912E-05 9.9912E-05 9.9912E-05 9.9912E-05 9.9912E-05 0.999001 9.9912E-05
9.99119E-05 9.99119E-05 9.99119E-05 9.99119E-05 9.99119E-05 9.99119E-05 9.99119E-05 9.99119E-05 9.99119E-05 0.999001 9.99119E-05
9.9912E-05 9.9912E-05 0.999001 9.9912E-05 9.9912E-05 9.9912E-05 9.9912E-05 9.9912E-05 9.9912E-05 9.9912E-05 9.9912E-05
9.9912E-05 9.9912E-05 9.9912E-05 9.9912E-05 9.9912E-05 9.9912E-05 9.9912E-05 9.9912E-05 9.9912E-05 0.999001 9.9912E-05
9.99119E-05 9.99119E-05 9.99119E-05 9.99119E-05 9.99119E-05 9.99119E-05 9.99119E-05 9.99119E-05 9.99119E-05 0.999001 9.99119E-05
9.99119E-05 9.99119E-05 9.99119E-05 9.99119E-05 9.99119E-05 9.99119E-05 9.99119E-05 9.99119E-05 9.99119E-05 0.999001 9.99119E-05
9.9912E-05 9.9912E-05 9.9912E-05 9.9912E-05 9.9912E-05 9.9912E-05 9.9912E-05 9.9912E-05 9.9912E-05 0.999001 9.9912E-05
9.99119E-05 9.99119E-05 0.999001 9.99119E-05 9.99119E-05 9.99119E-05 9.99119E-05 9.99119E-05 9.99119E-05 9.99119E-05 9.99119E-05
9.9912E-05 9.9912E-05 9.9912E-05 9.9912E-05 9.9912E-05 9.9912E-05 9.9912E-05 9.9912E-05 9.9912E-05 0.999001 9.9912E-05
9.9912E-05 9.9912E-05 9.9912E-05 9.9912E-05 9.9912E-05 9.9912E-05 9.9912E-05 9.9912E-05 9.9912E-05 0.999001 9.9912E-05
0.0285548 9.99648E-05 0.123219 9.99648E-05 9.99648E-05 0.0845083 0.204373 0.0662341 0.347298 0.145413 9.99648E-05
9.99119E-05 9.99119E-05 0.999001 9.99119E-05 9.99119E-05 9.99119E-05 9.99119E-05 9.99119E-05 9.99119E-05 9.99119E-05 9.99119E-05
9.9912E-05 9.9912E-05 9.9912E-05 9.9912E-05 9.9912E-05 9.9912E-05 9.9912E-05 9.9912E-05 9.9912E-05 0.999001 9.9912E-05
9.9912E-05 9.9912E-05 9.9912E-05 9.9912E-05 9.9912E-05 9.9912E-05 9.9912E-05 9.9912E-05 9.9912E-05 0.999001 9.9912E-05
9.99119E-05 9.99119E-05 9.99119E-05 9.99119E-05 9.99119E-05 9.99119E-05 9.99119E-05 9.99119E-05 9.99119E-05 0.999001 9.99119E-05
9.99208E-05 9.99208E-05 9.99208E-05 9.99208E-05 9.99208E-05 9.99208E-05 9.99208E-05 9.99208E-05 9.99208E-05 0.985912 0.0131884
9.9912E-05 9.9912E-05 0.999001 9.9912E-05 9.9912E-05 9.9912E-05 9.9912E-05 9.9912E-05 9.9912E-05 9.9912E-05 9.9912E-05
9.9912E-05 9.9912E-05 9.9912E-05 9.9912E-05 9.9912E-05 9.9912E-05 9.9912E-05 9.9912E-05 9.9912E-05 0.999001 9.9912E-05
9.99119E-05 9.99119E-05 0.999001 9.99119E-05 9.99119E-05 9.99119E-05 9.99119E-05 9.99119E-05 9.99119E-05 9.99119E-05 9.99119E-05
9.9912E-05 9.9912E-05 9.9912E-05 9.9912E-05 9.9912E-05 9.9912E-05 9.9912E-05 9.9912E-05 9.9912E-05 0.999001 9.9912E-05
9.99119E-05 9.99119E-05 0.999001 9.99119E-05 9.99119E-05 9.99119E-05 9.99119E-05 9.99119E-05 9.99119E-05 9.99119E-05 9.99119E-05
9.9912E-05 9.9912E-05 9.9912E-05 9.9912E-05 9.9912E-05 9.9912E-05 9.9912E-05 9.9912E-05 9.9912E-05 0.999001 9.9912E-05
9.99119E-05 9.99119E-05 9.99119E-05 9.99119E-05 9.99119E-05 9.99119E-05 9.99119E-05 9.99119E-05 9.99119E-05 0.999001 9.99119E-05
9.9912E-05 9.9912E-05 9.9912E-05 9.9912E-05 9.9912E-05 9.9912E-05 9.9912E-05 9.9912E-05 9.9912E-05 0.999001 9.9912E-05
9.9912E-05 9.9912E-05 9.9912E-05 9.9912E-05 9.9912E-05 9.9912E-05 9.9912E-05 9.9912E-05 9.9912E-05 0.999001 9.9912E-05
9.9912E-05 9.9912E-05 9.9912E-05 9.9912E-05 9.9912E-05 9.9912E-05 9.9912E-05 9.9912E-05 9.9912E-05 0.999001 9.9912E-05
9.99121E-05 9.99121E-05 9.99121E-05 9.99121E-05 9.99121E-05 9.99121E-05 9.99121E-05 9.99121E-05 9.99121E-05 0.999001 9.99121E-05
9.99119E-05 9.99119E-05 0.999001 9.99119E-05 9.99119E-05 9.99119E-05 9.99119E-05 9.99119E-05 9.99119E-05 9.99119E-05 9.99119E-05
9.99119E-05 9.99119E-05 0.999001 9.99119E-05 9.99119E-05 9.99119E-05 9.99119E-05 9.99119E-05 9.99119E-05 9.99119E-05 9.99119E-05
9.9912E-05 9.9912E-05 0.999001 9.9912E-05 9.9912E-05 9.9912E-05 9.9912E-05 9.9912E-05 9.9912E-05 9.9912E-05 9.9912E-05
9.9912E-05 9.9912E-05 9.9912E-05 9.9912E-05 9.9912E-05 9.9912E-05 9.9912E-05 9.9912E-05 9.9912E-05 0.999001 9.9912E-05
9.9912E-05 9.9912E-05 0.999001 9.9912E-05 9.9912E-05 9.9912E-05 9.9912E-05 9.9912E-05 9.9912E-05 9.9912E-05 9.9912E-05
9.99119E-05 9.99119E-05 0.999001 9.99119E-05 9.99119E-05 9.99119E-05 9.99119E-05 9.99119E-05 9.99119E-05 9.99119E-05 9.99119E-05
9.99119E-05 9.99119E-05 0.999001 9.99119E-05 9.99119E-05 9.99119E-05 9.99119E-05 9.99119E-05 9.99119E-05 9.99119E-05 9.99119E-05
9.9912E-05 9.9912E-05 9.9912E-05 9.9912E-05 9.9912E-05 9.9912E-05 9.9912E-05 9.9912E-05 9.9912E-05 0.999001 9.9912E-05
9.99119E-05 9.99119E-05 9.99119E-05 9.99119E-05 9.99119E-05 9.99119E-05 9.99119E-05 9.99119E-05 9.99119E-05 0.999001 9.99119E-05
9.9912E-05 9.9912E-05 9.9912E-05 9.9912E-05 9.9912E-05 9.9912E-05 9.9912E-05 9.9912E-05 9.9912E-05 0.999001 9.9912E-05
9.99119E-05 9.99119E-05 0.999001 9.99119E-05 9.99119E-05 9.99119E-05 9.99119E-05 9.99119E-05 9.99119E-05 9.99119E-05 9.99119E-05
9.9912E-05 9.9912E-05 9.9912E-05 9.9912E-05 9.9912E-05 9.9912E-05 9.9912E-05 9.9912E-05 9.9912E-05 0.999001 9.9912E-05
9.9912E-05 9.9912E-05 9.9912E-05 9.9912E-05 9.9912E-05 9.9912E-05 9.9912E-05 9.9912E-05 9.9912E-05 0.999001 9.9912E-05
9.9912E-05 9.9912E-05 0.999001 9.9912E-05 9.9912E-05 9.9912E-05 9.9912E-05 9.9912E-05 9.9912E-05 9.9912E-05 9.9912E-05
9.9912E-05 9.9912E-05 9.9912E-05 9.9912E-05 9.9912E-05 9.9912E-05 9.9912E-05 9.9912E-05 9.9912E-05 0.999001 9.9912E-05
9.9912E-05 9.9912E-05 9.9912E-05 9.9912E-05 9.9912E-05 9.9912E-05 9.9912E-05 9.9912E-05 9.9912E-05 0.999001 9.9912E-05
9.99648E-05 0.108752 0.360456 9.99648E-05 9.99648E-05 0.0105248 9.99648E-05 0.0402978 0.232804 0.116401 0.130365
9.9912E-05 9.9912E-05 0.999001 9.9912E-05 9.9912E-05 9.9912E-05 9.9912E-05 9.9912E-05 9.9912E-05 9.9912E-05 9.9912E-05
9.9912E-05 9.9912E-05 9.9912E-05 9.9912E-05 9.9912E-05 9.9912E-05 9.9912E-05 9.9912E-05 9.9912E-05 0.999001 9.9912E-05
9.99649E-05 0.00845441 0.0165634 9.99649E-05 9.99649E-05 0.0950651 9.99649E-05 0.0572591 0.34132 0.454095 0.0268435
9.99385E-05 9.99385E-05 0.162524 9.99385E-05 9.99385E-05 9.99385E-05 0.163225 9.99385E-05 0.32434 0.349212 9.99385E-05
9.99385E-05 9.99385E-05 0.419013 9.99385E-05 9.99385E-05 0.0136701 9.99385E-05 9.99385E-05 0.39406 0.172557 9.99385E-05
9.9956E-05 0.0264365 0.271819 9.9956E-05 9.9956E-05 0.0573795 0.0348559 0.0454202 0.563589 9.9956E-05 9.9956E-05
9.99297E-05 9.99297E-05 0.357154 9.99297E-05 9.99297E-05 9.99297E-05 9.99297E-05 9.99297E-05 0.304984 0.337063 9.99297E-05
0.00250791 9.99474E-05 0.0128565 0.00559377 9.99474E-05 9.99474E-05 9.99474E-05 9.99474E-05 0.821398 0.157044 9.99474E-05
9.99649E-05 9.99649E-05 0.231006 9.99649E-05 9.99649E-05 0.0513312 0.0478568 0.00984489 0.268211 0.34612 0.0452291
9.99472E-05 9.99472E-05 0.125756 9.99472E-05 9.99472E-05 0.0839364 9.99472E-05 9.99472E-05 0.532543 0.185056 0.0721091
9.99298E-05 9.99298E-05 0.0597202 9.99298E-05 9.99298E-05 9.99298E-05 9.99298E-05 9.99298E-05 0.746106 0.193374 9.99298E-05
9.99472E-05 9.99472E-05 0.171207 0.0044695 9.99472E-05 9.99472E-05 0.132749 9.99472E-05 0.657665 0.0333108 9.99472E-05
9.99385E-05 9.99385E-05 0.242528 9.99385E-05 9.99385E-05 9.99385E-05 9.99385E-05 9.99385E-05 0.599366 0.0957844 0.0616221
9.99385E-05 9.99385E-05 0.0696227 9.99385E-05 9.99385E-05 9.99385E-05 0.069587 9.99385E-05 0.282622 0.577468 9.99385E-05
0.0507916 0.0392878 0.340653 9.99561E-05 9.99561E-05 9.99561E-05 9.99561E-05 0.0934362 0.199648 0.275683 9.99561E-05
9.99472E-05 0.13742 0.074209 9.99472E-05 9.99472E-05 0.0197231 9.99472E-05 9.99472E-05 0.682337 0.0857116 9.99472E-05
9.99384E-05 9.99384E-05 0.275246 9.99384E-05 9.99384E-05 9.99384E-05 9.99384E-05 9.99384E-05 0.494802 0.1707 0.0585521
0.0911181 9.99561E-05 0.194484 0.0458371 9.99561E-05 9.99561E-05 9.99561E-05 9.99561E-05 0.247905 0.333752 0.0864036
0.015231 9.99473E-05 0.0929086 9.99473E-05 9.99473E-05 0.0310835 9.99473E-05 9.99473E-05 0.633732 0.226446 9.99473E-05
0.00186749 0.0105722 0.44171 9.99648E-05 9.99648E-05 9.99648E-05 9.99648E-05 0.0766911 0.291009 0.0846741 0.0930762
0.165292 9.99648E-05 0.0654385 0.178621 9.99648E-05 0.0471908 9.99648E-05 9.99648E-05 0.332238 0.155015 0.0558043
9.99473E-05 0.0451685 0.256465 0.0665143 9.99473E-05 9.99473E-05 9.99473E-05 9.99473E-05 0.448188 0.183065 9.99473E-05
9.99472E-05 9.99472E-05 0.11985 0.0732641 9.99472E-05 0.0910928 9.99472E-05 9.99472E-05 0.554716 0.160477 9.99472E-05
9.99385E-05 9.99385E-05 9.99385E-05 0.0811511 9.99385E-05 9.99385E-05 9.99385E-05 0.045004 0.645522 0.227624 9.99385E-05
9.99561E-05 0.0525733 0.188065 9.99561E-05 9.99561E-05 0.0291623 9.99561E-05 0.0876836 0.418843 0.223173 9.99561E-05
9.99472E-05 9.99472E-05 0.15045 0.0082384 9.99472E-05 0.0601074 9.99472E-05 9.99472E-05 0.609418 0.171187 9.99472E-05
9.99384E-05 0.136345 0.118145 9.99384E-05 9.99384E-05 9.99384E-05 9.99384E-05 9.99384E-05 0.61567 0.12914 9.99384E-05
0.0500088 9.99298E-05 9.99298E-05 9.99298E-05 9.99298E-05 9.99298E-05 9.99298E-05 9.99298E-05 0.937762 0.0114296 9.99298E-05
9.99472E-05 0.00147293 0.17419 0.198112 9.99472E-05 9.99472E-05 9.99472E-05 9.99472E-05 0.520271 0.105354 9.99472E-05
9.99561E-05 0.0733066 0.28291 9.99561E-05 9.99561E-05 0.0249679 0.0504317 9.99561E-05 0.307496 0.260388 9.99561E-05
9.9956E-05 0.0499517 0.112325 0.113655 9.9956E-05 0.0272615 9.9956E-05 0.0157689 0.680537 9.9956E-05 9.9956E-05
9.99473E-05 0.189167 0.00862294 9.99473E-05 9.99473E-05 0.0878917 9.99473E-05 9.99473E-05 0.449465 0.264254 9.99473E-05
9.99472E-05 9.99472E-05 0.213954 0.138164 9.99472E-05 9.99472E-05 9.99472E-05 9.99472E-05 0.275364 0.357282 0.0146354
9.99473E-05 9.99473E-05 0.114618 0.00910381 9.99473E-05 9.99473E-05 9.99473E-05 9.99473E-05 0.496248 0.344696 0.0347349
0.182458 0.00867501 0.19797 0.0846795 9.9956E-05 9.9956E-05 9.9956E-05 9.9956E-05 0.334092 0.191626 9.9956E-05
9.9956E-05 0.0726432 0.223214 0.0744467 9.9956E-05 9.9956E-05 9.9956E-05 9.9956E-05 0.345515 0.242594 0.0410871
9.9956E-05 0.139527 0.146123 0.106937 9.9956E-05 9.9956E-05 9.9956E-05 9.9956E-05 0.421365 0.120392 0.0651568
9.99297E-05 9.99297E-05 0.310075 9.99297E-05 9.99297E-05 9.99297E-05 9.99297E-05 9.99297E-05 0.610995 0.0781306 9.99297E-05
9.99121E-05 9.99121E-05 9.99121E-05 9.99121E-05 9.99121E-05 9.99121E-05 9.99121E-05 9.99121E-05 0.999001 9.99121E-05 9.99121E-05
0.0104637 9.99648E-05 0.284151 9.99648E-05 9.99648E-05 9.99648E-05 0.0413426 0.125064 0.401991 0.0227765 0.113811
9.9956E-05 9.9956E-05 0.123274 9.9956E-05 9.9956E-05 0.100716 9.9956E-05 0.15728 0.538724 0.0184081 0.0610983
9.99385E-05 9.99385E-05 0.138423 0.243647 9.99385E-05 9.99385E-05 9.99385E-05 9.99385E-05 0.382549 0.234681 9.99385E-05
9.99472E-05 0.0145386 0.378201 0.0118535 9.99472E-05 9.99472E-05 9.99472E-05 9.99472E-05 0.477326 0.117481 9.99472E-05
0.023847 9.99561E-05 0.132686 0.14984 9.99561E-05 0.0268529 9.99561E-05 9.99561E-05 0.578634 0.0876393 9.99561E-05
9.99473E-05 9.99473E-05 0.181759 0.0618151 9.99473E-05 9.99473E-05 0.171733 9.99473E-05 0.324757 0.259336 9.99473E-05
0.0370112 9.99473E-05 0.0161225 9.99473E-05 9.99473E-05 9.99473E-05 0.101594 9.99473E-05 0.331881 0.512792 9.99473E-05
0.00267267 0.0475441 0.405806 9.99473E-05 9.99473E-05 9.99473E-05 9.99473E-05 9.99473E-05 0.166158 0.377219 9.99473E-05
9.9956E-05 0.0229252 0.209842 0.034461 9.9956E-05 9.9956E-05 9.9956E-05 9.9956E-05 0.510104 0.210193 0.0119752
9.99122E-05 9.99122E-05 9.99122E-05 9.99122E-05 9.99122E-05 9.99122E-05 9.99122E-05 9.99122E-05 0.999001 9.99122E-05 9.99122E-05
9.99472E-05 9.99472E-05 0.0753284 0.0684937 9.99472E-05 9.99472E-05 9.99472E-05 9.99472E-05 0.577842 0.265042 0.0126948
9.99473E-05 9.99473E-05 0.0158769 0.0332523 9.99473E-05 9.99473E-05 9.99473E-05 9.99473E-05 0.832237 0.0516842 0.0663497
0.180076 0.0488089 0.256746 9.99561E-05 9.99561E-05 9.99561E-05 9.99561E-05 0.100522 0.218324 0.195023 9.99561E-05
0.0797443 0.00346064 9.99386E-05 9.99386E-05 9.99386E-05 9.99386E-05 9.99386E-05 9.99386E-05 0.911138 9.99386E-05 0.00495765
9.99297E-05 9.99297E-05 0.370098 9.99297E-05 9.99297E-05 9.99297E-05 9.99297E-05 9.99297E-05 0.565967 9.99297E-05 0.0631358
0.230512 9.99648E-05 0.270635 0.120695 9.99648E-05 9.99648E-05 0.0442721 0.00322265 0.288048 9.99648E-05 0.0422161
0.242733 9.99385E-05 0.093658 9.99385E-05 9.99385E-05 9.99385E-05 9.99385E-05 9.99385E-05 0.400607 0.262302 9.99385E-05
9.99473E-05 9.99473E-05 9.99473E-05 0.135623 9.99473E-05 9.99473E-05 0.130915 0.0534451 0.544159 0.135259 9.99473E-05
9.99297E-05 9.99297E-05 0.144565 9.99297E-05 9.99297E-05 9.99297E-05 9.99297E-05 9.99297E-05 0.471006 0.383629 9.99297E-05
0.0514603 0.0705959 0.117368 9.99475E-05 9.99475E-05 9.99475E-05 9.99475E-05 9.99475E-05 0.75607 9.99475E-05 0.00390615
0.0292442 9.99385E-05 9.99385E-05 9.99385E-05 9.99385E-05 9.99385E-05 9.99385E-05 9.99385E-05 0.746709 0.193698 0.0296486
9.99385E-05 9.99385E-05 0.240391 9.99385E-05 9.99385E-05 0.059008 9.99385E-05 9.99385E-05 0.475412 0.22449 9.99385E-05
0.0892546 9.99385E-05 0.224592 9.99385E-05 9.99385E-05 9.99385E-05 9.99385E-05 9.99385E-05 0.415296 0.270158 9.99385E-05
9.99297E-05 9.99297E-05 0.00605302 9.99297E-05 9.99297E-05 9.99297E-05 9.99297E-05 9.99297E-05 0.952819 0.0403289 9.99297E-05
9.99387E-05 9.99387E-05 9.99387E-05 9.99387E-05 0.000452502 0.00314086 9.99387E-05 9.99387E-05 0.844387 0.15132 9.99387E-05
9.99562E-05 9.99562E-05 0.186276 9.99562E-05 0.0430914 0.00690701 9.99562E-05 9.99562E-05 0.733026 0.0276363 0.00256373
9.99385E-05 9.99385E-05 0.176124 9.99385E-05 9.99385E-05 9.99385E-05 9.99385E-05 9.99385E-05 0.523943 0.121756 0.177477
9.99472E-05 9.99472E-05 0.0978922 9.99472E-05 9.99472E-05 0.111787 9.99472E-05 9.99472E-05 0.563796 0.218441 0.00748417
9.99473E-05 9.99473E-05 0.0793749 9.99473E-05 9.99473E-05 9.99473E-05 9.99473E-05 0.00750229 0.654945 0.225795 0.0317835
9.99298E-05 9.99298E-05 0.0738614 9.99298E-05 9.99298E-05 9.99298E-05 9.99298E-05 9.99298E-05 0.840706 0.0846333 9.99298E-05
0.0229727 9.99649E-05 0.243118 0.0908313 9.99649E-05 0.0232593 9.99649E-05 9.99649E-05 0.339031 0.279498 0.000890614
9.99472E-05 9.99472E-05 0.40534 9.99472E-05 9.99472E-05 0.0382559 9.99472E-05 9.99472E-05 0.386095 0.0923566 0.0773524
0.207208 9.99386E-05 0.0583422 9.99386E-05 9.99386E-05 0.00706486 9.99386E-05 9.99386E-05 0.726685 9.99386E-05 9.99386E-05
0.213867 9.99561E-05 0.222871 9.99561E-05 9.99561E-05 0.0373337 0.0245741 9.99561E-05 0.469592 0.0312627 9.99561E-05
0.180266 9.99387E-05 0.0270979 9.99387E-05 0.102735 9.99387E-05 9.99387E-05 9.99387E-05 0.689201 9.99387E-05 9.99387E-05
9.99297E-05 9.99297E-05 0.302649 9.99297E-05 9.99297E-05 9.99297E-05 9.99297E-05 9.99297E-05 0.379772 0.316779 9.99297E-05
0.204083 0.0972073 0.0332451 9.99561E-05 9.99561E-05 0.0457116 9.99561E-05 0.156273 0.46298 9.99561E-05 9.99561E-05
0.078577 9.99386E-05 0.114236 9.99386E-05 9.99386E-05 9.99386E-05 9.99386E-05 9.99386E-05 0.774248 0.0322395 9.99386E-05
0.33927 9.99385E-05 0.0297029 9.99385E-05 9.99385E-05 9.99385E-05 9.99385E-05 9.99385E-05 0.530674 0.0996535 9.99385E-05
0.182718 9.99299E-05 0.042259 9.99299E-05 9.99299E-05 9.99299E-05 9.99299E-05 9.99299E-05 0.774224 9.99299E-05 9.99299E-05
9.99297E-05 9.99297E-05 0.226666 0.100522 9.99297E-05 9.99297E-05 9.99297E-05 9.99297E-05 0.672013 9.99297E-05 9.99297E-05
0.2278 9.99211E-05 9.99211E-05 9.99211E-05 9.99211E-05 9.99211E-05 9.99211E-05 9.99211E-05 0.7713 9.99211E-05 9.99211E-05
0.0293333 9.9956E-05 0.0228092 0.0185023 9.9956E-05 9.9956E-05 9.9956E-05 9.9956E-05 0.404517 0.456162 0.0681772
9.99561E-05 9.99561E-05 9.99561E-05 0.0611002 9.99561E-05 0.061076 0.0429801 9.99561E-05 0.552654 0.248685 0.0330047
9.99561E-05 0.054626 0.0475977 0.156695 9.99561E-05 0.0905058 9.99561E-05 9.99561E-05 0.446659 0.203417 9.99561E-05
0.123254 9.99211E-05 9.99211E-05 9.99211E-05 9.99211E-05 9.99211E-05 9.99211E-05 9.99211E-05 0.875847 9.99211E-05 9.99211E-05
9.99473E-05 0.034064 0.110714 9.99473E-05 9.99473E-05 9.99473E-05 9.99473E-05 9.99473E-05 0.614124 0.2102 0.030298
0.158196 9.99385E-05 9.99385E-05 9.99385E-05 9.99385E-05 0.211088 9.99385E-05 9.99385E-05 0.455357 0.17466 9.99385E-05
0.0798803 9.99473E-05 0.00987348 9.99473E-05 9.99473E-05 0.00193082 9.99473E-05 9.99473E-05 0.807996 0.0997193 9.99473E-05
9.99472E-05 0.151328 0.27955 9.99472E-05 9.99472E-05 9.99472E-05 9.99472E-05 9.99472E-05 0.532334 0.0297324 0.00645647
9.99385E-05 9.99385E-05 0.238902 0.0414493 9.99385E-05 9.99385E-05 9.99385E-05 9.99385E-05 0.326378 0.392571 9.99385E-05
9.99473E-05 9.99473E-05 0.335119 9.99473E-05 9.99473E-05 9.99473E-05 0.138203 9.99473E-05 0.396678 0.121008 0.00839257
9.9956E-05 9.9956E-05 0.274782 9.9956E-05 9.9956E-05 0.063926 9.9956E-05 0.0072238 0.409794 0.220085 0.0236884
0.153773 0.0258071 0.134165 9.99649E-05 9.99649E-05 0.141572 0.0707018 9.99649E-05 0.419732 0.0538507 9.99649E-05
0.23606 0.101798 0.355004 9.994E-05 9.994E-05 9.994E-05 9.994E-05 9.994E-05 0.247284 0.0592545 9.994E-05
9.99473E-05 0.0374454 0.121076 0.115077 9.99473E-05 9.99473E-05 9.99473E-05 9.99473E-05 0.369754 0.356047 9.99473E-05
0.246622 9.99736E-05 0.0357666 9.99736E-05 9.99736E-05 0.140267 0.00319564 0.0947446 0.307784 0.0620721 0.109248
0.0597068 9.99298E-05 9.99298E-05 9.99298E-05 9.99298E-05 9.99298E-05 9.99298E-05 9.99298E-05 0.637723 0.30177 9.99298E-05
0.207313 0.054848 9.99386E-05 9.99386E-05 9.99386E-05 9.99386E-05 9.99386E-05 9.99386E-05 0.697758 0.0393813 9.99386E-05
9.99561E-05 0.0171931 9.99561E-05 0.107388 9.99561E-05 0.0422953 0.0586832 9.99561E-05 0.418695 0.355246 9.99561E-05
0.00618172 9.9956E-05 0.322762 0.0810419 9.9956E-05 9.9956E-05 9.9956E-05 9.9956E-05 0.416413 0.0806174 0.0924842
9.99561E-05 0.0206854 0.434552 9.99561E-05 9.99561E-05 9.99561E-05 9.99561E-05 0.0412527 0.478495 0.0241899 0.000325327
0.0437325 9.99473E-05 0.43835 9.99473E-05 9.99473E-05 9.99473E-05 0.091345 9.99473E-05 0.266717 0.159257 9.99473E-05
9.99736E-05 0.0544434 9.99736E-05 0.0449724 9.99736E-05 0.135585 0.0327588 0.0969442 0.325996 0.263222 0.0457781
9.99385E-05 9.99385E-05 0.398109 9.99385E-05 9.99385E-05 9.99385E-05 0.0665925 9.99385E-05 0.434332 0.100267 9.99385E-05
0.188637 0.123129 0.135169 9.99736E-05 9.99736E-05 0.141643 9.99736E-05 0.0249966 0.284086 0.0993989 0.00264054
0.101726 9.99386E-05 9.99386E-05 9.99386E-05 0.0306363 9.99386E-05 9.99386E-05 9.99386E-05 0.746768 0.120171 9.99386E-05
0.126418 0.0394437 0.0531189 9.99562E-05 9.99562E-05 0.00615687 9.99562E-05 9.99562E-05 0.659184 0.115179 9.99562E-05
