0.177212 9.99561E-05 0.0812029 0.479229 0.0054911 9.99561E-05 9.99561E-05 9.99561E-05 9.99561E-05 0.138091 0.118274
0.0259777 0.0750227 9.9956E-05 0.72664 0.0107076 9.9956E-05 9.9956E-05 9.9956E-05 9.9956E-05 0.127485 0.0336673
0.0686065 9.99385E-05 9.99385E-05 0.847089 0.0142081 9.99385E-05 9.99385E-05 0.0693969 9.99385E-05 9.99385E-05 9.99385E-05
0.0963394 0.0391081 9.99561E-05 0.278455 9.99561E-05 0.38259 0.0845934 9.99561E-05 9.99561E-05 9.99561E-05 0.118414
9.99385E-05 9.99385E-05 9.99385E-05 0.819216 9.99385E-05 0.159639 0.0110378 9.99385E-05 9.99385E-05 0.00940784 9.99385E-05
0.0721246 9.99649E-05 9.99649E-05 0.267041 0.0215596 0.26598 0.151909 9.99649E-05 0.0225652 0.198422 9.99649E-05
9.99561E-05 9.99561E-05 0.0723986 0.274916 9.99561E-05 0.218428 9.99561E-05 0.045902 9.99561E-05 0.230103 0.157753
9.99649E-05 9.99649E-05 9.99649E-05 0.259584 0.0360741 0.34834 0.239552 0.0886802 9.99649E-05 0.00266637 0.024704
0.297844 9.99385E-05 0.192766 0.252159 9.99385E-05 9.99385E-05 0.256532 9.99385E-05 9.99385E-05 9.99385E-05 9.99385E-05
0.167893 9.99297E-05 9.99297E-05 0.808785 0.0225227 9.99297E-05 9.99297E-05 9.99297E-05 9.99297E-05 9.99297E-05 9.99297E-05
0.252496 0.0157076 0.0764645 0.476153 9.99736E-05 0.0380081 0.0375322 0.0394626 9.99736E-05 9.99736E-05 0.0638758
0.0643942 9.99473E-05 9.99473E-05 0.855533 0.0456868 0.0184199 9.99473E-05 9.99473E-05 9.99473E-05 9.99473E-05 0.0153668
0.114053 9.99385E-05 9.99385E-05 0.846006 9.99385E-05 0.00736779 0.0318734 9.99385E-05 9.99385E-05 9.99385E-05 9.99385E-05
0.112011 9.99473E-05 9.99473E-05 0.635119 9.99473E-05 9.99473E-05 9.99473E-05 0.0197226 0.184259 9.99473E-05 0.0482876
0.189642 9.99649E-05 0.114094 0.295686 0.0215912 9.99649E-05 0.149854 9.99649E-05 0.122691 0.106042 9.99649E-05
0.16993 9.99561E-05 9.99561E-05 0.281339 9.99561E-05 0.177351 0.220647 0.137063 9.99561E-05 9.99561E-05 0.0131698
0.0794284 9.99649E-05 9.99649E-05 0.606886 9.99649E-05 0.0152473 9.99649E-05 0.0429698 0.0448101 0.143294 0.0669645
0.265639 0.101336 0.0785125 0.250688 0.20988 9.99561E-05 0.0934448 9.99561E-05 9.99561E-05 9.99561E-05 9.99561E-05
0.280225 9.99561E-05 9.99561E-05 0.246588 0.0785762 0.155838 0.163482 9.99561E-05 9.99561E-05 9.99561E-05 0.0747909
9.99297E-05 0.0522469 9.99297E-05 0.911016 9.99297E-05 9.99297E-05 0.0359379 9.99297E-05 9.99297E-05 9.99297E-05 9.99297E-05
0.00838288 9.99474E-05 9.99474E-05 0.432335 9.99474E-05 0.37071 0.141507 9.99474E-05 9.99474E-05 9.99474E-05 0.046465
0.0274386 9.99649E-05 9.99649E-05 0.319205 0.00887548 0.364696 0.21446 9.99649E-05 9.99649E-05 0.0459599 0.0189648
0.211434 9.99561E-05 9.99561E-05 0.599779 0.0151577 9.99561E-05 0.010023 9.99561E-05 9.99561E-05 0.0368304 0.126276
0.403939 9.99385E-05 0.101057 0.427177 9.99385E-05 9.99385E-05 9.99385E-05 0.0671269 9.99385E-05 9.99385E-05 9.99385E-05
0.300184 0.103139 0.0547331 0.29802 9.99561E-05 9.99561E-05 0.122403 9.99561E-05 9.99561E-05 9.99561E-05 0.121021
0.22408 9.99385E-05 9.99385E-05 0.593949 9.99385E-05 0.172403 9.99385E-05 9.99385E-05 9.99385E-05 9.99385E-05 0.00886806
0.271659 9.99824E-05 9.99824E-05 0.088562 0.142946 0.0354794 0.0377203 0.140566 0.183735 0.0721254 0.0270068
0.215548 9.99298E-05 9.99298E-05 0.684612 9.99298E-05 0.0990408 9.99298E-05 9.99298E-05 9.99298E-05 9.99298E-05 9.99298E-05
0.298516 9.99298E-05 9.99298E-05 0.581458 9.99298E-05 9.99298E-05 9.99298E-05 9.99298E-05 9.99298E-05 9.99298E-05 0.119226
0.093201 9.99561E-05 0.00972138 0.757101 9.99561E-05 9.99561E-05 0.0497587 9.99561E-05 0.0569071 9.99561E-05 0.0328107
0.0995189 0.027337 9.99561E-05 0.665278 0.00875927 9.99561E-05 0.0551465 9.99561E-05 9.99561E-05 9.99561E-05 0.143461
0.174844 9.99386E-05 9.99386E-05 0.447619 9.99386E-05 0.179025 9.99386E-05 9.99386E-05 0.197812 9.99386E-05 9.99386E-05
0.194744 9.99473E-05 9.99473E-05 0.564739 9.99473E-05 9.99473E-05 0.0263207 0.0844855 9.99473E-05 9.99473E-05 0.129111
0.177641 9.99649E-05 0.061551 0.402197 0.0152841 0.153793 9.99649E-05 9.99649E-05 0.149725 9.99649E-05 0.0394094
0.0411706 0.0177013 9.99649E-05 0.834338 0.0187169 9.99649E-05 0.0073524 9.99649E-05 9.99649E-05 0.075816 0.00450476
0.0909666 0.085573 0.0285011 0.642611 9.99736E-05 0.00125418 0.0330189 9.99736E-05 9.99736E-05 0.0188333 0.0989422
9.99473E-05 9.99473E-05 9.99473E-05 0.843672 9.99473E-05 0.000244076 9.99473E-05 0.108195 9.99473E-05 0.017676 0.0296139
0.163761 0.0952819 9.99386E-05 0.603988 9.99386E-05 9.99386E-05 0.136269 9.99386E-05 9.99386E-05 9.99386E-05 9.99386E-05
0.149512 0.0141715 9.99737E-05 0.457269 9.99737E-05 0.117082 0.0534036 9.99737E-05 0.0504881 0.107407 0.0503661
0.201497 9.99385E-05 9.99385E-05 0.548171 9.99385E-05 9.99385E-05 9.99385E-05 0.164392 0.0852412 9.99385E-05 9.99385E-05
0.109034 9.99473E-05 9.99473E-05 0.753216 9.99473E-05 0.067596 0.0267698 9.99473E-05 9.99473E-05 9.99473E-05 0.0427854
0.108894 9.99473E-05 9.99473E-05 0.671597 9.99473E-05 0.0511838 0.0398312 9.99473E-05 9.99473E-05 0.127894 9.99473E-05
9.99648E-05 9.99648E-05 0.00433231 0.855186 0.00743264 0.00624937 9.99648E-05 0.00704057 0.0279013 0.0914582 9.99648E-05
0.283502 9.99649E-05 0.15263 0.397071 0.0269319 9.99649E-05 0.0778806 9.99649E-05 9.99649E-05 0.0188131 0.0427709
0.295267 0.00440832 9.99474E-05 0.25415 9.99474E-05 0.40605 9.99474E-05 9.99474E-05 9.99474E-05 9.99474E-05 0.0395246
0.0927619 0.0750615 9.99384E-05 0.764691 9.99384E-05 0.0667864 9.99384E-05 9.99384E-05 9.99384E-05 9.99384E-05 9.99384E-05
0.115546 9.99473E-05 9.99473E-05 0.766424 0.0665414 9.99473E-05 0.0432097 9.99473E-05 9.99473E-05 9.99473E-05 0.00767951
0.0275082 9.99298E-05 9.99298E-05 0.945259 0.0264336 9.99298E-05 9.99298E-05 9.99298E-05 9.99298E-05 9.99298E-05 9.99298E-05
0.243046 9.99385E-05 9.99385E-05 0.646158 9.99385E-05 0.0493766 9.99385E-05 9.99385E-05 9.99385E-05 9.99385E-05 0.060719
0.0384815 0.0295078 9.99562E-05 0.710214 9.99562E-05 9.99562E-05 0.0855429 0.102973 9.99562E-05 9.99562E-05 0.032781
0.327013 9.99649E-05 0.0368855 0.283501 9.99649E-05 0.0834194 0.0745205 9.99649E-05 0.0656629 9.99649E-05 0.128598
9.99561E-05 0.0572851 0.0535601 0.627122 9.99561E-05 0.214439 0.0402697 0.00682424 9.99561E-05 9.99561E-05 9.99561E-05
0.0394169 9.99473E-05 0.03481 0.876419 0.0476366 9.99473E-05 0.00111732 9.99473E-05 9.99473E-05 9.99473E-05 9.99473E-05
0.0655373 0.0138304 9.99561E-05 0.583654 0.0466212 9.99561E-05 0.0112269 0.278631 9.99561E-05 9.99561E-05 9.99561E-05
0.133848 9.99474E-05 9.99474E-05 0.719705 0.0530755 0.0216587 9.99474E-05 0.0711123 9.99474E-05 9.99474E-05 9.99474E-05
9.99561E-05 0.0995774 9.99561E-05 0.677846 9.99561E-05 0.0959401 9.99561E-05 0.0167996 0.0861584 9.99561E-05 0.0231791
0.0644942 9.99473E-05 9.99473E-05 0.641568 0.0706531 0.144992 0.0776934 9.99473E-05 9.99473E-05 9.99473E-05 9.99473E-05
0.0881481 9.99386E-05 9.99386E-05 0.779212 9.99386E-05 0.0357979 9.99386E-05 9.99386E-05 9.99386E-05 9.99386E-05 0.0961423
0.0662585 9.99561E-05 9.99561E-05 0.824475 9.99561E-05 0.0362323 0.0170066 9.99561E-05 9.99561E-05 0.00679209 0.0487362
0.357228 9.99561E-05 9.99561E-05 0.118565 0.0737609 9.99561E-05 0.0634939 9.99561E-05 9.99561E-05 0.332018 0.0544348
0.119647 9.99649E-05 0.107955 0.335748 9.99649E-05 0.0618971 9.99649E-05 0.0847569 9.99649E-05 0.269029 0.0205672
0.0217327 9.99561E-05 0.0109946 0.298479 0.226039 9.99561E-05 9.99561E-05 9.99561E-05 9.99561E-05 0.370904 0.0713502
0.150551 9.99649E-05 9.99649E-05 9.99649E-05 0.0771678 9.99649E-05 0.123888 0.0148629 0.112874 0.491869 0.0283885
0.234668 0.0608798 9.99824E-05 0.11999 0.109677 0.110718 0.130577 0.0312168 9.99824E-05 0.168028 0.0340445
0.411419 9.99561E-05 0.080827 9.99561E-05 0.122727 9.99561E-05 0.0346459 9.99561E-05 9.99561E-05 0.300658 0.0492234
0.246873 9.99473E-05 0.0641065 9.99473E-05 9.99473E-05 9.99473E-05 0.0469943 9.99473E-05 9.99473E-05 0.530719 0.110707
0.298964 9.99649E-05 9.99649E-05 9.99649E-05 0.0957659 0.0564553 0.113502 0.03597 9.99649E-05 0.329644 0.0692985
0.130467 9.99649E-05 0.126925 0.182688 0.0967954 9.99649E-05 0.0057298 9.99649E-05 9.99649E-05 0.438132 0.0188629
0.166896 9.99649E-05 9.99649E-05 0.271666 0.0613897 0.10979 0.0163395 9.99649E-05 9.99649E-05 0.25642 0.117099
0.499185 0.0337901 9.99561E-05 9.99561E-05 0.10908 9.99561E-05 0.089351 9.99561E-05 9.99561E-05 0.0887136 0.179381
0.211318 9.99649E-05 9.99649E-05 0.0394151 0.0280973 0.114094 9.99649E-05 0.17402 9.99649E-05 0.305046 0.127611
0.147029 9.99649E-05 0.0710074 9.99649E-05 9.99649E-05 0.175644 0.24697 0.050225 9.99649E-05 0.162518 0.146206
0.431306 9.99473E-05 9.99473E-05 0.00760527 9.99473E-05 0.166495 9.99473E-05 0.0631631 9.99473E-05 0.330831 9.99473E-05
0.108142 9.9965E-05 0.0578989 0.25776 9.9965E-05 9.9965E-05 9.9965E-05 0.100257 0.102645 0.297202 0.0756953
0.0959763 9.99737E-05 9.99737E-05 0.209104 0.0662442 0.144205 0.090182 9.99737E-05 0.0487873 0.321815 0.0233856
0.270907 9.99649E-05 0.028215 9.99649E-05 0.146977 0.204497 9.99649E-05 0.0577631 0.0205912 0.27065 9.99649E-05
0.144782 9.99649E-05 9.99649E-05 0.111362 0.113362 0.157545 0.125297 9.99649E-05 9.99649E-05 0.14508 0.202174
0.321274 9.99649E-05 9.99649E-05 0.210353 0.195069 0.0129384 0.00404023 9.99649E-05 9.99649E-05 0.148791 0.107134
0.42285 0.00461161 9.99561E-05 9.99561E-05 0.0457511 9.99561E-05 9.99561E-05 0.170656 9.99561E-05 0.282781 0.0728509
0.148539 9.99562E-05 9.99562E-05 0.347816 9.99562E-05 0.0394092 9.99562E-05 0.0834736 9.99562E-05 0.350082 0.0301798
0.328402 9.99737E-05 9.99737E-05 0.110759 0.0762982 0.0337847 0.00435913 0.101746 9.99737E-05 0.340509 0.00384121
0.230206 9.99649E-05 9.99649E-05 0.181282 0.0287548 9.99649E-05 9.99649E-05 0.0150185 0.150833 0.291534 0.101972
0.20551 9.99824E-05 0.0524355 0.15655 0.142696 0.246704 0.103317 9.99824E-05 0.00273329 0.0556747 0.0341791
0.279987 9.99737E-05 9.99737E-05 0.232561 0.0172829 0.0891086 0.0389335 9.99737E-05 0.0638336 0.0222993 0.255694
0.198287 0.0258229 9.99562E-05 0.321541 9.99562E-05 9.99562E-05 0.0558358 9.99562E-05 9.99562E-05 0.331982 0.066032
0.0553908 9.99649E-05 0.0641044 0.35259 0.083728 9.99649E-05 9.99649E-05 9.99649E-05 0.0206668 0.364038 0.0590825
0.301988 0.00495968 0.00980935 0.214035 0.104856 9.99825E-05 0.0213515 0.000668329 9.99825E-05 0.339607 0.00252417
0.31436 9.99474E-05 9.99474E-05 0.299882 0.25623 0.0559319 9.99474E-05 9.99474E-05 9.99474E-05 0.0729957 9.99474E-05
0.291025 9.99562E-05 9.99562E-05 0.265229 9.99562E-05 9.99562E-05 0.117525 0.0277998 0.11467 0.183251 9.99562E-05
0.222174 9.99297E-05 9.99297E-05 9.99297E-05 9.99297E-05 9.99297E-05 0.152437 9.99297E-05 0.62459 9.99297E-05 9.99297E-05
0.034482 9.99299E-05 9.99299E-05 9.99299E-05 9.99299E-05 9.99299E-05 0.0119982 9.99299E-05 0.95272 9.99299E-05 9.99299E-05
0.258568 9.99473E-05 9.99473E-05 9.99473E-05 0.0161469 0.0157991 9.99473E-05 9.99473E-05 0.644256 9.99473E-05 0.0646306
0.246489 9.99472E-05 9.99472E-05 9.99472E-05 0.0372 9.99472E-05 0.130302 9.99472E-05 0.530803 9.99472E-05 0.0546061
0.0547279 0.0329938 0.0659118 9.99736E-05 0.0351359 9.99736E-05 0.15174 0.011628 0.641885 9.99736E-05 0.0056774
0.247329 9.99297E-05 9.99297E-05 9.99297E-05 9.99297E-05 9.99297E-05 0.205205 9.99297E-05 0.546666 9.99297E-05 9.99297E-05
0.197817 9.99561E-05 9.99561E-05 9.99561E-05 0.0139454 9.99561E-05 0.140032 0.0142855 0.531816 9.99561E-05 0.101604
0.119981 9.99385E-05 9.99385E-05 9.99385E-05 0.00837863 9.99385E-05 0.299208 9.99385E-05 0.571733 9.99385E-05 9.99385E-05
0.101833 9.99472E-05 9.99472E-05 9.99472E-05 9.99472E-05 9.99472E-05 0.468655 0.0343437 0.130437 0.264131 9.99472E-05
0.335343 9.99385E-05 9.99385E-05 9.99385E-05 0.00669148 9.99385E-05 0.27025 9.99385E-05 0.387016 9.99385E-05 9.99385E-05
0.0487057 9.99473E-05 9.99473E-05 9.99473E-05 9.99473E-05 9.99473E-05 0.00453345 9.99473E-05 0.596911 0.328524 0.0207261
0.10074 9.99385E-05 9.99385E-05 9.99385E-05 9.99385E-05 9.99385E-05 9.99385E-05 9.99385E-05 0.688382 0.169222 0.0409566
9.99385E-05 9.99385E-05 9.99385E-05 9.99385E-05 0.0134103 9.99385E-05 0.133295 9.99385E-05 0.844461 9.99385E-05 0.00813425
0.175042 9.99386E-05 0.0670181 9.99386E-05 9.99386E-05 9.99386E-05 0.150064 9.99386E-05 0.607177 9.99386E-05 9.99386E-05
9.99473E-05 9.99473E-05 9.99473E-05 9.99473E-05 0.163813 9.99473E-05 0.0542799 0.0616018 0.693374 9.99473E-05 0.0263319
0.165916 0.0901463 9.99561E-05 9.99561E-05 9.99561E-05 9.99561E-05 0.0714986 9.99561E-05 0.565932 0.0601976 0.0458099
0.123315 0.0119171 9.99648E-05 9.99648E-05 0.0945459 9.99648E-05 0.096612 9.99648E-05 0.608332 0.0520156 0.0128623
9.99473E-05 9.99473E-05 9.99473E-05 9.99473E-05 9.99473E-05 0.0165708 0.198511 0.0427208 0.633897 9.99473E-05 0.107701
9.99385E-05 9.99385E-05 9.99385E-05 9.99385E-05 9.99385E-05 0.0206031 0.0551036 9.99385E-05 0.859521 9.99385E-05 0.0640723
0.184391 0.112174 9.99561E-05 9.99561E-05 9.99561E-05 9.99561E-05 0.152308 9.99561E-05 0.510744 0.0243659 0.0155177
0.17477 9.99385E-05 9.99385E-05 9.99385E-05 9.99385E-05 0.141967 0.113695 9.99385E-05 0.568868 9.99385E-05 9.99385E-05
0.106694 0.0176936 9.9956E-05 9.9956E-05 0.00128952 9.9956E-05 0.0916844 9.9956E-05 0.696734 9.9956E-05 0.0854053
0.284636 0.138463 9.99473E-05 9.99473E-05 9.99473E-05 0.0198251 0.297664 9.99473E-05 0.258813 9.99473E-05 9.99473E-05
0.0395898 9.99385E-05 0.0210524 9.99385E-05 9.99385E-05 9.99385E-05 0.188764 9.99385E-05 0.749894 9.99385E-05 9.99385E-05
0.397493 0.0877401 9.99473E-05 9.99473E-05 9.99473E-05 0.0214228 0.248111 9.99473E-05 0.244634 9.99473E-05 9.99473E-05
0.179467 9.99386E-05 9.99386E-05 9.99386E-05 9.99386E-05 9.99386E-05 0.205779 9.99386E-05 0.551688 0.0623658 9.99386E-05
0.0794086 0.00484714 0.121958 0.0434934 9.99474E-05 9.99474E-05 9.99474E-05 9.99474E-05 0.749693 9.99474E-05 9.99474E-05
0.221326 0.0635074 9.99472E-05 9.99472E-05 9.99472E-05 0.0482007 0.151065 9.99472E-05 0.515301 9.99472E-05 9.99472E-05
0.231795 9.99385E-05 9.99385E-05 9.99385E-05 9.99385E-05 9.99385E-05 0.328911 9.99385E-05 0.41587 0.0227238 9.99385E-05
0.171399 0.101686 9.99473E-05 9.99473E-05 9.99473E-05 9.99473E-05 0.0128537 9.99473E-05 0.669512 9.99473E-05 0.0439496
0.268331 9.99561E-05 9.99561E-05 9.99561E-05 9.99561E-05 0.0257142 0.126312 0.0698661 0.492673 0.0166038 9.99561E-05
0.092424 0.0370993 9.99648E-05 9.99648E-05 0.0452437 9.99648E-05 0.00449754 0.0534223 0.745358 9.99648E-05 0.0215553
0.168191 0.224136 9.99472E-05 9.99472E-05 9.99472E-05 9.99472E-05 0.346725 9.99472E-05 0.24158 9.99472E-05 0.0187685
0.254833 0.0572082 9.99472E-05 9.99472E-05 9.99472E-05 9.99472E-05 0.129328 9.99472E-05 0.543912 9.99472E-05 0.0141192
0.223397 9.99384E-05 9.99384E-05 9.99384E-05 0.00063 9.99384E-05 0.0199452 9.99384E-05 0.755329 9.99384E-05 9.99384E-05
9.99561E-05 0.0436394 0.0171985 9.99561E-05 9.99561E-05 9.99561E-05 0.136227 0.082664 0.689003 9.99561E-05 0.0307681
0.287263 9.99472E-05 9.99472E-05 9.99472E-05 0.0776589 9.99472E-05 0.192236 9.99472E-05 0.392486 9.99472E-05 0.0497562
9.9921E-05 9.9921E-05 9.9921E-05 9.9921E-05 9.9921E-05 9.9921E-05 0.0688488 9.9921E-05 0.930252 9.9921E-05 9.9921E-05
0.156928 0.0470353 9.99386E-05 9.99386E-05 9.99386E-05 9.99386E-05 0.0262613 9.99386E-05 0.769076 9.99386E-05 9.99386E-05
9.99474E-05 0.000505984 9.99474E-05 9.99474E-05 0.0235059 9.99474E-05 0.00719721 9.99474E-05 0.963206 9.99474E-05 0.0049848
9.99299E-05 0.0291088 9.99299E-05 9.99299E-05 9.99299E-05 9.99299E-05 9.99299E-05 9.99299E-05 0.906947 0.0631447 9.99299E-05
0.426601 9.99385E-05 9.99385E-05 9.99385E-05 9.99385E-05 9.99385E-05 0.157917 9.99385E-05 0.348696 0.0660864 9.99385E-05
0.0333238 9.99473E-05 9.99473E-05 9.99473E-05 9.99473E-05 0.116503 0.206242 0.010039 0.633292 9.99473E-05 9.99473E-05
0.088348 0.00629184 9.99386E-05 9.99386E-05 9.99386E-05 9.99386E-05 0.0853048 9.99386E-05 0.819356 9.99386E-05 9.99386E-05
0.112529 9.99211E-05 9.99211E-05 9.99211E-05 9.99211E-05 9.99211E-05 9.99211E-05 9.99211E-05 0.886572 9.99211E-05 9.99211E-05
0.0705814 0.237472 9.99561E-05 9.99561E-05 0.108046 9.99561E-05 0.233576 9.99561E-05 0.194063 0.155762 9.99561E-05
0.19769 9.99473E-05 9.99473E-05 9.99473E-05 0.0449228 9.99473E-05 0.111974 9.99473E-05 0.59205 9.99473E-05 0.0527642
0.0711671 9.99649E-05 0.0323831 9.99649E-05 0.0462556 9.99649E-05 0.18898 0.103473 0.447858 0.109484 9.99649E-05
0.347455 0.0677643 9.99473E-05 9.99473E-05 9.99473E-05 9.99473E-05 0.329169 9.99473E-05 0.2281 9.99473E-05 0.0269117
0.0307854 9.9921E-05 9.9921E-05 9.9921E-05 9.9921E-05 9.9921E-05 9.9921E-05 9.9921E-05 0.968315 9.9921E-05 9.9921E-05
0.256089 0.0581688 0.00688277 9.99648E-05 9.99648E-05 0.187552 0.0325516 9.99648E-05 0.392562 9.99648E-05 0.0657943
9.99299E-05 9.99299E-05 9.99299E-05 9.99299E-05 9.99299E-05 9.99299E-05 0.0939605 9.99299E-05 0.85074 0.0545002 9.99299E-05
0.174883 9.99473E-05 9.99473E-05 9.99473E-05 0.000275348 9.99473E-05 0.0890054 9.99473E-05 0.697208 9.99473E-05 0.0380286
0.024544 9.9956E-05 9.9956E-05 9.9956E-05 0.0284376 9.9956E-05 0.172209 0.102419 0.670999 0.000892276 9.9956E-05
0.112714 9.99472E-05 9.99472E-05 9.99472E-05 0.0845863 9.99472E-05 0.0133717 9.99472E-05 0.694811 9.99472E-05 0.0939174
0.328319 9.99385E-05 9.99385E-05 9.99385E-05 9.99385E-05 9.99385E-05 0.245286 9.99385E-05 0.289014 0.136681 9.99385E-05
0.187786 9.99297E-05 9.99297E-05 9.99297E-05 9.99297E-05 9.99297E-05 0.288788 9.99297E-05 0.522627 9.99297E-05 9.99297E-05
0.104982 0.014129 9.9956E-05 9.9956E-05 9.9956E-05 9.9956E-05 0.113961 0.050579 0.648822 9.9956E-05 0.0670265
0.0903653 0.18293 9.99385E-05 9.99385E-05 9.99385E-05 9.99385E-05 9.99385E-05 9.99385E-05 0.701375 9.99385E-05 0.0246307
0.071826 9.99385E-05 9.99385E-05 9.99385E-05 9.99385E-05 9.99385E-05 0.187992 9.99385E-05 0.72859 0.0108924 9.99385E-05
0.999001 9.9912E-05 9.9912E-05 9.9912E-05 9.9912E-05 9.9912E-05 9.9912E-05 9.9912E-05 9.9912E-05 9.9912E-05 9.9912E-05
9.9912E-05 9.9912E-05 9.9912E-05 9.9912E-05 9.9912E-05 9.9912E-05 0.999001 9.9912E-05 9.9912E-05 9.9912E-05 9.9912E-05
0.999001 9.99119E-05 9.99119E-05 9.99119E-05 9.99119E-05 9.99119E-05 9.99119E-05 9.99119E-05 9.99119E-05 9.99119E-05 9.99119E-05
9.9912E-05 9.9912E-05 9.9912E-05 9.9912E-05 9.9912E-05 9.9912E-05 0.999001 9.9912E-05 9.9912E-05 9.9912E-05 9.9912E-05
9.99119E-05 9.99119E-05 9.99119E-05 9.99119E-05 9.99119E-05 9.99119E-05 0.999001 9.99119E-05 9.99119E-05 9.99119E-05 9.99119E-05
9.9912E-05 9.9912E-05 9.9912E-05 9.9912E-05 9.9912E-05 9.9912E-05 0.999001 9.9912E-05 9.9912E-05 9.9912E-05 9.9912E-05
0.999001 9.9912E-05 9.9912E-05 9.9912E-05 9.9912E-05 9.9912E-05 9.9912E-05 9.9912E-05 9.9912E-05 9.9912E-05 9.9912E-05
9.9912E-05 9.9912E-05 9.9912E-05 9.9912E-05 9.9912E-05 9.9912E-05 0.999001 9.9912E-05 9.9912E-05 9.9912E-05 9.9912E-05
9.9912E-05 9.9912E-05 9.9912E-05 9.9912E-05 9.9912E-05 9.9912E-05 0.999001 9.9912E-05 9.9912E-05 9.9912E-05 9.9912E-05
0.999001 9.99119E-05 9.99119E-05 9.99119E-05 9.99119E-05 9.99119E-05 9.99119E-05 9.99119E-05 9.99119E-05 9.99119E-05 9.99119E-05
0.999001 9.99119E-05 9.99119E-05 9.99119E-05 9.99119E-05 9.99119E-05 9.99119E-05 9.99119E-05 9.99119E-05 9.99119E-05 9.99119E-05
0.999001 9.99119E-05 9.99119E-05 9.99119E-05 9.99119E-05 9.99119E-05 9.99119E-05 9.99119E-05 9.99119E-05 9.99119E-05 9.99119E-05
9.9912E-05 9.9912E-05 9.9912E-05 9.9912E-05 9.9912E-05 9.9912E-05 0.999001 9.9912E-05 9.9912E-05 9.9912E-05 9.9912E-05
9.9912E-05 9.9912E-05 9.9912E-05 9.9912E-05 9.9912E-05 9.9912E-05 0.999001 9.9912E-05 9.9912E-05 9.9912E-05 9.9912E-05
0.999001 9.9912E-05 9.9912E-05 9.9912E-05 9.9912E-05 9.9912E-05 9.9912E-05 9.9912E-05 9.9912E-05 9.9912E-05 9.9912E-05
0.999001 9.99119E-05 9.99119E-05 9.99119E-05 9.99119E-05 9.99119E-05 9.99119E-05 9.99119E-05 9.99119E-05 9.99119E-05 9.99119E-05
0.26014 0.0909342 0.10189 9.99648E-05 9.99648E-05 9.99648E-05 0.139026 0.0850134 0.251291 0.0713061 9.99648E-05
0.948398 0.0507025 9.99208E-05 9.99208E-05 9.99208E-05 9.99208E-05 9.99208E-05 9.99208E-05 9.99208E-05 9.99208E-05 9.99208E-05
9.99121E-05 9.99121E-05 9.99121E-05 9.99121E-05 9.99121E-05 9.99121E-05 0.999001 9.99121E-05 9.99121E-05 9.99121E-05 9.99121E-05
0.999001 9.99119E-05 9.99119E-05 9.99119E-05 9.99119E-05 9.99119E-05 9.99119E-05 9.99119E-05 9.99119E-05 9.99119E-05 9.99119E-05
0.999001 9.9912E-05 9.9912E-05 9.9912E-05 9.9912E-05 9.9912E-05 9.9912E-05 9.9912E-05 9.9912E-05 9.9912E-05 9.9912E-05
0.999001 9.99119E-05 9.99119E-05 9.99119E-05 9.99119E-05 9.99119E-05 9.99119E-05 9.99119E-05 9.99119E-05 9.99119E-05 9.99119E-05
9.9912E-05 9.9912E-05 9.9912E-05 9.9912E-05 9.9912E-05 9.9912E-05 0.999001 9.9912E-05 9.9912E-05 9.9912E-05 9.9912E-05
0.999001 9.99119E-05 9.99119E-05 9.99119E-05 9.99119E-05 9.99119E-05 9.99119E-05 9.99119E-05 9.99119E-05 9.99119E-05 9.99119E-05
9.99121E-05 9.99121E-05 9.99121E-05 9.99121E-05 9.99121E-05 9.99121E-05 0.999001 9.99121E-05 9.99121E-05 9.99121E-05 9.99121E-05
0.999001 9.9912E-05 9.9912E-05 9.9912E-05 9.9912E-05 9.9912E-05 9.9912E-05 9.9912E-05 9.9912E-05 9.9912E-05 9.9912E-05
0.999001 9.99119E-05 9.99119E-05 9.99119E-05 9.99119E-05 9.99119E-05 9.99119E-05 9.99119E-05 9.99119E-05 9.99119E-05 9.99119E-05
9.9912E-05 9.9912E-05 9.9912E-05 9.9912E-05 9.9912E-05 9.9912E-05 0.999001 9.9912E-05 9.9912E-05 9.9912E-05 9.9912E-05
9.9912E-05 9.9912E-05 9.9912E-05 9.9912E-05 9.9912E-05 9.9912E-05 0.999001 9.9912E-05 9.9912E-05 9.9912E-05 9.9912E-05
9.9912E-05 9.9912E-05 9.9912E-05 9.9912E-05 9.9912E-05 9.9912E-05 0.999001 9.9912E-05 9.9912E-05 9.9912E-05 9.9912E-05
0.999001 9.9912E-05 9.9912E-05 9.9912E-05 9.9912E-05 9.9912E-05 9.9912E-05 9.9912E-05 9.9912E-05 9.9912E-05 9.9912E-05
0.999001 9.99119E-05 9.99119E-05 9.99119E-05 9.99119E-05 9.99119E-05 9.99119E-05 9.99119E-05 9.99119E-05 9.99119E-05 9.99119E-05
0.999001 9.9912E-05 9.9912E-05 9.9912E-05 9.9912E-05 9.9912E-05 9.9912E-05 9.9912E-05 9.9912E-05 9.9912E-05 9.9912E-05
0.999001 9.99119E-05 9.99119E-05 9.99119E-05 9.99119E-05 9.99119E-05 9.99119E-05 9.99119E-05 9.99119E-05 9.99119E-05 9.99119E-05
0.999001 9.9912E-05 9.9912E-05 9.9912E-05 9.9912E-05 9.9912E-05 9.9912E-05 9.9912E-05 9.9912E-05 9.9912E-05 9.9912E-05
9.9912E-05 9.9912E-05 9.9912E-05 9.9912E-05 9.9912E-05 9.9912E-05 0.999001 9.9912E-05 9.9912E-05 9.9912E-05 9.9912E-05
9.9912E-05 9.9912E-05 9.9912E-05 9.9912E-05 9.9912E-05 9.9912E-05 0.999001 9.9912E-05 9.9912E-05 9.9912E-05 9.9912E-05
9.9912E-05 9.9912E-05 9.9912E-05 9.9912E-05 9.9912E-05 9.9912E-05 0.999001 9.9912E-05 9.9912E-05 9.9912E-05 9.9912E-05
0.999001 9.9912E-05 9.9912E-05 9.9912E-05 9.9912E-05 9.9912E-05 9.9912E-05 9.9912E-05 9.9912E-05 9.9912E-05 9.9912E-05
9.9912E-05 9.9912E-05 9.9912E-05 9.9912E-05 9.9912E-05 9.9912E-05 0.999001 9.9912E-05 9.9912E-05 9.9912E-05 9.9912E-05
9.9912E-05 9.9912E-05 9.9912E-05 9.9912E-05 9.9912E-05 9.9912E-05 0.999001 9.9912E-05 9.9912E-05 9.9912E-05 9.9912E-05
9.9912E-05 9.9912E-05 9.9912E-05 9.9912E-05 9.9912E-05 9.9912E-05 0.999001 9.9912E-05 9.9912E-05 9.9912E-05 9.9912E-05
9.9912E-05 9.9912E-05 9.9912E-05 9.9912E-05 9.9912E-05 9.9912E-05 0.999001 9.9912E-05 9.9912E-05 9.9912E-05 9.9912E-05
0.999001 9.99119E-05 9.99119E-05 9.99119E-05 9.99119E-05 9.99119E-05 9.99119E-05 9.99119E-05 9.99119E-05 9.99119E-05 9.99119E-05
9.9912E-05 9.9912E-05 9.9912E-05 9.9912E-05 9.9912E-05 9.9912E-05 0.999001 9.9912E-05 9.9912E-05 9.9912E-05 9.9912E-05
9.9912E-05 9.9912E-05 9.9912E-05 9.9912E-05 9.9912E-05 9.9912E-05 0.999001 9.9912E-05 9.9912E-05 9.9912E-05 9.9912E-05
0.219957 0.0790147 0.0851549 9.99736E-05 0.0106586 0.0519236 0.0957835 0.109163 0.348044 9.99736E-05 9.99736E-05
0.999001 9.9912E-05 9.9912E-05 9.9912E-05 9.9912E-05 9.9912E-05 9.9912E-05 9.9912E-05 9.9912E-05 9.9912E-05 9.9912E-05
9.9912E-05 9.9912E-05 9.9912E-05 9.9912E-05 9.9912E-05 9.9912E-05 0.999001 9.9912E-05 9.9912E-05 9.9912E-05 9.9912E-05
9.9912E-05 9.9912E-05 9.9912E-05 9.9912E-05 9.9912E-05 9.9912E-05 0.999001 9.9912E-05 9.9912E-05 9.9912E-05 9.9912E-05
9.9912E-05 9.9912E-05 9.9912E-05 9.9912E-05 9.9912E-05 9.9912E-05 0.999001 9.9912E-05 9.9912E-05 9.9912E-05 9.9912E-05
9.99119E-05 9.99119E-05 9.99119E-05 9.99119E-05 9.99119E-05 9.99119E-05 0.999001 9.99119E-05 9.99119E-05 9.99119E-05 9.99119E-05
0.999001 9.9912E-05 9.9912E-05 9.9912E-05 9.9912E-05 9.9912E-05 9.9912E-05 9.9912E-05 9.9912E-05 9.9912E-05 9.9912E-05
9.9912E-05 9.9912E-05 9.9912E-05 9.9912E-05 9.9912E-05 9.9912E-05 0.999001 9.9912E-05 9.9912E-05 9.9912E-05 9.9912E-05
0.999001 9.99119E-05 9.99119E-05 9.99119E-05 9.99119E-05 9.99119E-05 9.99119E-05 9.99119E-05 9.99119E-05 9.99119E-05 9.99119E-05
9.9912E-05 9.9912E-05 9.9912E-05 9.9912E-05 9.9912E-05 9.9912E-05 0.999001 9.9912E-05 9.9912E-05 9.9912E-05 9.9912E-05
0.999001 9.99119E-05 9.99119E-05 9.99119E-05 9.99119E-05 9.99119E-05 9.99119E-05 9.99119E-05 9.99119E-05 9.99119E-05 9.99119E-05
9.9912E-05 9.9912E-05 9.9912E-05 9.9912E-05 9.9912E-05 9.9912E-05 0.999001 9.9912E-05 9.9912E-05 9.9912E-05 9.9912E-05
9.99119E-05 9.99119E-05 9.99119E-05 9.99119E-05 9.99119E-05 9.99119E-05 0.999001 9.99119E-05 9.99119E-05 9.99119E-05 9.99119E-05
9.9912E-05 9.9912E-05 9.9912E-05 9.9912E-05 9.9912E-05 9.9912E-05 0.999001 9.9912E-05 9.9912E-05 9.9912E-05 9.9912E-05
9.9912E-05 9.9912E-05 9.9912E-05 9.9912E-05 9.9912E-05 9.9912E-05 0.999001 9.9912E-05 9.9912E-05 9.9912E-05 9.9912E-05
9.9912E-05 9.9912E-05 9.9912E-05 9.9912E-05 9.9912E-05 9.9912E-05 0.999001 9.9912E-05 9.9912E-05 9.9912E-05 9.9912E-05
9.9912E-05 9.9912E-05 9.9912E-05 9.9912E-05 9.9912E-05 9.9912E-05 0.999001 9.9912E-05 9.9912E-05 9.9912E-05 9.9912E-05
0.999001 9.9912E-05 9.9912E-05 9.9912E-05 9.9912E-05 9.9912E-05 9.9912E-05 9.9912E-05 9.9912E-05 9.9912E-05 9.9912E-05
0.999001 9.99119E-05 9.99119E-05 9.99119E-05 9.99119E-05 9.99119E-05 9.99119E-05 9.99119E-05 9.99119E-05 9.99119E-05 9.99119E-05
0.999001 9.99119E-05 9.99119E-05 9.99119E-05 9.99119E-05 9.99119E-05 9.99119E-05 9.99119E-05 9.99119E-05 9.99119E-05 9.99119E-05
9.99119E-05 9.99119E-05 9.99119E-05 9.99119E-05 9.99119E-05 9.99119E-05 0.999001 9.99119E-05 9.99119E-05 9.99119E-05 9.99119E-05
0.999001 9.9912E-05 9.9912E-05 9.9912E-05 9.9912E-05 9.9912E-05 9.9912E-05 9.9912E-05 9.9912E-05 9.9912E-05 9.9912E-05
0.999001 9.99119E-05 9.99119E-05 9.99119E-05 9.99119E-05 9.99119E-05 9.99119E-05 9.99119E-05 9.99119E-05 9.99119E-05 9.99119E-05
0.999001 9.9912E-05 9.9912E-05 9.9912E-05 9.9912E-05 9.9912E-05 9.9912E-05 9.9912E-05 9.9912E-05 9.9912E-05 9.9912E-05
9.9912E-05 9.9912E-05 9.9912E-05 9.9912E-05 9.9912E-05 9.9912E-05 0.999001 9.9912E-05 9.9912E-05 9.9912E-05 9.9912E-05
9.9912E-05 9.9912E-05 9.9912E-05 9.9912E-05 9.9912E-05 9.9912E-05 0.999001 9.9912E-05 9.9912E-05 9.9912E-05 9.9912E-05
9.99121E-05 9.99121E-05 9.99121E-05 9.99121E-05 9.99121E-05 9.99121E-05 0.999001 9.99121E-05 9.99121E-05 9.99121E-05 9.99121E-05
0.999001 9.99119E-05 9.99119E-05 9.99119E-05 9.99119E-05 9.99119E-05 9.99119E-05 9.99119E-05 9.99119E-05 9.99119E-05 9.99119E-05
9.9912E-05 9.9912E-05 9.9912E-05 9.9912E-05 9.9912E-05 9.9912E-05 0.999001 9.9912E-05 9.9912E-05 9.9912E-05 9.9912E-05
9.9912E-05 9.9912E-05 9.9912E-05 9.9912E-05 9.9912E-05 9.9912E-05 0.999001 9.9912E-05 9.9912E-05 9.9912E-05 9.9912E-05
0.999001 9.99119E-05 9.99119E-05 9.99119E-05 9.99119E-05 9.99119E-05 9.99119E-05 9.99119E-05 9.99119E-05 9.99119E-05 9.99119E-05
9.9912E-05 9.9912E-05 9.9912E-05 9.9912E-05 9.9912E-05 9.9912E-05 0.999001 9.9912E-05 9.9912E-05 9.9912E-05 9.9912E-05
9.9912E-05 9.9912E-05 9.9912E-05 9.9912E-05 9.9912E-05 9.9912E-05 0.999001 9.9912E-05 9.9912E-05 9.9912E-05 9.9912E-05
0.277262 0.0625446 9.99736E-05 9.99736E-05 0.10128 9.99736E-05 0.163633 0.12075 0.159843 0.00256045 0.111827
0.999001 9.99119E-05 9.99119E-05 9.99119E-05 9.99119E-05 9.99119E-05 9.99119E-05 9.99119E-05 9.99119E-05 9.99119E-05 9.99119E-05
9.9912E-05 9.9912E-05 9.9912E-05 9.9912E-05 9.9912E-05 9.9912E-05 0.999001 9.9912E-05 9.9912E-05 9.9912E-05 9.9912E-05
0.090814 9.99561E-05 0.0675661 9.99561E-05 9.99561E-05 9.99561E-05 0.434841 0.00999556 0.283507 9.99561E-05 0.112776
0.181723 0.0726612 0.0522595 9.99561E-05 9.99561E-05 0.0302188 0.288765 9.99561E-05 0.373873 9.99561E-05 9.99561E-05
0.37548 9.99385E-05 0.0487545 9.99385E-05 9.99385E-05 9.99385E-05 0.214189 9.99385E-05 0.360878 9.99385E-05 9.99385E-05
0.210233 0.0478409 9.99472E-05 9.99472E-05 0.0789316 9.99472E-05 9.99472E-05 0.094226 0.568169 9.99472E-05 9.99472E-05
0.363789 9.99384E-05 9.99384E-05 9.99384E-05 9.99384E-05 9.99384E-05 0.315694 9.99384E-05 0.261065 0.0587524 9.99384E-05
9.99299E-05 9.99299E-05 9.99299E-05 0.0532466 9.99299E-05 9.99299E-05 0.113877 9.99299E-05 0.832077 9.99299E-05 9.99299E-05
0.325753 0.0216896 9.99561E-05 9.99561E-05 9.99561E-05 0.0708836 0.360716 9.99561E-05 0.173688 9.99561E-05 0.04677
0.110812 0.0445367 0.0279031 9.99648E-05 0.104646 9.99648E-05 0.162829 9.99648E-05 0.521504 9.99648E-05 0.0273687
0.0661531 9.99298E-05 9.99298E-05 9.99298E-05 9.99298E-05 9.99298E-05 0.225598 9.99298E-05 0.70745 9.99298E-05 9.99298E-05
0.13163 0.032438 0.090788 9.99648E-05 9.99648E-05 0.0538368 0.0130082 0.0711994 0.6067 9.99648E-05 9.99648E-05
0.248679 9.99385E-05 9.99385E-05 9.99385E-05 9.99385E-05 9.99385E-05 0.0770409 9.99385E-05 0.592175 9.99385E-05 0.0814062
0.0641856 9.99385E-05 9.99385E-05 9.99385E-05 9.99385E-05 0.0521808 0.501206 9.99385E-05 0.381728 9.99385E-05 9.99385E-05
0.325839 9.99561E-05 9.99561E-05 9.99561E-05 0.0541413 9.99561E-05 0.233918 0.113439 0.206408 0.0657551 9.99561E-05
0.0936776 9.99384E-05 9.99384E-05 9.99384E-05 0.161123 9.99384E-05 0.0926949 9.99384E-05 0.651805 9.99384E-05 9.99384E-05
0.364436 9.99384E-05 9.99384E-05 9.99384E-05 9.99384E-05 9.99384E-05 0.220876 9.99384E-05 0.350225 9.99384E-05 0.0637642
0.162758 9.9956E-05 9.9956E-05 9.9956E-05 9.9956E-05 0.0695455 0.267717 9.9956E-05 0.272605 0.162068 0.0648059
0.11228 9.99385E-05 0.0451976 9.99385E-05 9.99385E-05 9.99385E-05 0.172061 9.99385E-05 0.669763 9.99385E-05 9.99385E-05
0.450492 9.99561E-05 9.99561E-05 9.99561E-05 0.0170464 9.99561E-05 0.0781975 0.0702236 0.296224 9.99561E-05 0.0873167
9.99473E-05 0.0908021 9.99473E-05 9.99473E-05 9.99473E-05 9.99473E-05 0.142263 9.99473E-05 0.453621 0.208202 0.104512
0.288621 9.99472E-05 0.061727 9.99472E-05 9.99472E-05 0.0290775 0.195901 9.99472E-05 0.424073 9.99472E-05 9.99472E-05
0.169973 0.112386 9.9956E-05 9.9956E-05 9.9956E-05 0.0130118 0.13889 9.9956E-05 0.51881 0.0464282 9.9956E-05
9.99385E-05 9.99385E-05 9.99385E-05 9.99385E-05 9.99385E-05 9.99385E-05 0.27949 0.142682 0.576791 9.99385E-05 0.000337493
0.233127 0.0520347 9.99648E-05 9.99648E-05 0.0200475 9.99648E-05 0.215706 0.0915294 0.356168 9.99648E-05 0.0309876
0.113268 9.99384E-05 9.99384E-05 9.99384E-05 0.108409 9.99384E-05 0.160107 9.99384E-05 0.617517 9.99384E-05 9.99384E-05
0.12385 0.0551553 0.0222952 9.9956E-05 0.0960073 9.9956E-05 0.0625661 9.9956E-05 0.639626 9.9956E-05 9.9956E-05
9.99211E-05 9.99211E-05 9.99211E-05 9.99211E-05 9.99211E-05 9.99211E-05 9.99211E-05 9.99211E-05 0.970933 0.028168 9.99211E-05
0.152392 0.0606527 0.085205 9.9956E-05 9.9956E-05 0.0788267 0.0449153 9.9956E-05 0.577508 9.9956E-05 9.9956E-05
0.354093 9.99385E-05 0.117004 9.99385E-05 9.99385E-05 9.99385E-05 0.247931 9.99385E-05 0.280271 9.99385E-05 9.99385E-05
0.195285 0.0816962 9.99385E-05 9.99385E-05 0.128034 9.99385E-05 9.99385E-05 9.99385E-05 0.594285 9.99385E-05 9.99385E-05
0.104374 0.0794432 9.99473E-05 9.99473E-05 0.116096 9.99473E-05 0.192225 9.99473E-05 0.507262 9.99473E-05 9.99473E-05
0.169302 9.9956E-05 9.9956E-05 9.9956E-05 9.9956E-05 0.134581 0.358122 9.9956E-05 0.245291 0.0682071 0.0239983
0.058157 9.99473E-05 9.99473E-05 9.99473E-05 9.99473E-05 0.147828 0.25519 9.99473E-05 0.459475 9.99473E-05 0.0787496
0.139946 0.00909176 9.99648E-05 9.99648E-05 0.0320907 0.0590204 0.186277 9.99648E-05 0.403068 0.170106 9.99648E-05
0.213688 9.99473E-05 9.99473E-05 9.99473E-05 0.0933461 0.180278 0.150531 9.99473E-05 0.361557 9.99473E-05 9.99473E-05
0.166644 9.99648E-05 9.99648E-05 9.99648E-05 0.0791736 0.199169 0.130394 0.0215803 0.359095 9.99648E-05 0.0435448
0.358157 0.00772891 9.99561E-05 9.99561E-05 9.99561E-05 0.105598 0.02523 0.0123448 0.490441 9.99561E-05 9.99561E-05
9.99122E-05 9.99122E-05 9.99122E-05 9.99122E-05 9.99122E-05 9.99122E-05 9.99122E-05 9.99122E-05 0.999001 9.99122E-05 9.99122E-05
0.240616 9.9956E-05 9.9956E-05 9.9956E-05 9.9956E-05 9.9956E-05 0.0177158 0.180163 0.4013 0.0847341 0.0749716
0.164881 0.0225201 9.99561E-05 9.99561E-05 9.99561E-05 9.99561E-05 0.0480008 0.0749201 0.608935 9.99561E-05 0.080244
0.143924 9.99385E-05 9.99385E-05 9.99385E-05 9.99385E-05 0.356427 0.177431 9.99385E-05 0.321518 9.99385E-05 9.99385E-05
0.313536 0.0279579 9.99472E-05 9.99472E-05 0.0503789 9.99472E-05 0.0990219 9.99472E-05 0.508506 9.99472E-05 9.99472E-05
0.1246 0.0177186 0.0972245 9.99649E-05 9.99649E-05 0.0793345 0.0836358 9.99649E-05 0.579022 0.0180649 9.99649E-05
0.156266 0.0196629 0.0588343 9.9956E-05 9.9956E-05 0.119991 0.213184 9.9956E-05 0.431562 9.9956E-05 9.9956E-05
0.0728171 9.99385E-05 9.99385E-05 9.99385E-05 0.0647769 9.99385E-05 0.511601 9.99385E-05 0.350106 9.99385E-05 9.99385E-05
0.380486 9.99472E-05 9.99472E-05 9.99472E-05 0.0240032 9.99472E-05 0.378212 9.99472E-05 0.197886 0.018814 9.99472E-05
0.14099 0.0128669 9.99648E-05 9.99648E-05 0.0408165 0.00633012 0.179164 9.99648E-05 0.61376 9.99648E-05 0.00567275
9.99122E-05 9.99122E-05 9.99122E-05 9.99122E-05 9.99122E-05 9.99122E-05 9.99122E-05 9.99122E-05 0.999001 9.99122E-05 9.99122E-05
0.0491679 0.0517049 9.99472E-05 9.99472E-05 9.99472E-05 9.99472E-05 0.245397 9.99472E-05 0.602711 9.99472E-05 0.0504198
9.99123E-05 9.99123E-05 9.99123E-05 9.99123E-05 9.99123E-05 9.99123E-05 9.99123E-05 9.99123E-05 0.999001 9.99123E-05 9.99123E-05
0.266962 9.9956E-05 9.9956E-05 9.9956E-05 0.0169851 9.9956E-05 0.262429 0.106775 0.210517 0.135832 9.9956E-05
9.99211E-05 9.99211E-05 9.99211E-05 9.99211E-05 9.99211E-05 9.99211E-05 9.99211E-05 9.99211E-05 0.976322 0.0227788 9.99211E-05
0.400245 9.99297E-05 9.99297E-05 9.99297E-05 9.99297E-05 9.99297E-05 9.99297E-05 9.99297E-05 0.530044 9.99297E-05 0.0689112
0.280657 9.99472E-05 9.99472E-05 9.99472E-05 9.99472E-05 0.147098 9.99472E-05 9.99472E-05 0.286708 0.230355 0.0545837
0.113934 9.99385E-05 9.99385E-05 9.99385E-05 9.99385E-05 9.99385E-05 0.183675 9.99385E-05 0.497761 0.20393 9.99385E-05
0.0207527 0.0277398 0.0217261 9.99648E-05 9.99648E-05 0.249645 0.0706646 0.0450755 0.563996 9.99648E-05 9.99648E-05
0.0188847 9.99385E-05 0.0435059 9.99385E-05 9.99385E-05 9.99385E-05 0.37255 9.99385E-05 0.56436 9.99385E-05 9.99385E-05
0.132981 9.99474E-05 9.99474E-05 9.99474E-05 0.00546655 9.99474E-05 9.99474E-05 9.99474E-05 0.694956 0.165319 0.000678136
9.99385E-05 9.99385E-05 9.99385E-05 9.99385E-05 9.99385E-05 9.99385E-05 0.219186 9.99385E-05 0.711721 0.0311997 0.0371939
0.313453 0.0393607 9.99385E-05 9.99385E-05 9.99385E-05 9.99385E-05 0.173441 9.99385E-05 0.473045 9.99385E-05 9.99385E-05
0.277789 9.99473E-05 9.99473E-05 9.99473E-05 0.0864942 9.99473E-05 0.202554 9.99473E-05 0.333451 0.0991122 9.99473E-05
0.0500228 9.9921E-05 9.9921E-05 9.9921E-05 9.9921E-05 9.9921E-05 9.9921E-05 9.9921E-05 0.949078 9.9921E-05 9.9921E-05
9.99299E-05 9.99299E-05 9.99299E-05 0.00233982 9.99299E-05 9.99299E-05 0.0953158 9.99299E-05 0.901545 9.99299E-05 9.99299E-05
0.131373 0.0650639 9.99475E-05 0.0512233 0.00995475 9.99475E-05 9.99475E-05 9.99475E-05 0.741785 9.99475E-05 9.99475E-05
0.189781 9.99473E-05 9.99473E-05 9.99473E-05 0.0445102 9.99473E-05 0.110664 9.99473E-05 0.596573 9.99473E-05 0.0578715
0.0537415 0.148332 9.99472E-05 9.99472E-05 9.99472E-05 9.99472E-05 0.195828 0.0121325 0.589367 9.99472E-05 9.99472E-05
9.99386E-05 9.99386E-05 0.101575 9.99386E-05 0.00346329 9.99386E-05 0.240484 9.99386E-05 0.653778 9.99386E-05 9.99386E-05
0.0322359 9.99299E-05 9.99299E-05 9.99299E-05 9.99299E-05 9.99299E-05 0.0372178 9.99299E-05 0.929747 9.99299E-05 9.99299E-05
0.231563 0.0198552 9.99561E-05 9.99561E-05 0.0222396 9.99561E-05 0.290206 9.99561E-05 0.402244 9.99561E-05 0.033392
0.356401 0.0669537 9.99472E-05 9.99472E-05 9.99472E-05 9.99472E-05 0.0124622 9.99472E-05 0.460852 9.99472E-05 0.102731
0.0180593 0.0155609 9.99386E-05 9.99386E-05 9.99386E-05 9.99386E-05 9.99386E-05 9.99386E-05 0.692167 0.273513 9.99386E-05
0.203797 9.99473E-05 0.0217639 9.99473E-05 9.99473E-05 9.99473E-05 0.0108734 9.99473E-05 0.464846 0.29812 9.99473E-05
0.0373254 9.99474E-05 0.0203251 0.0410772 9.99474E-05 9.99474E-05 9.99474E-05 9.99474E-05 0.743502 0.157171 9.99474E-05
0.290793 9.99297E-05 9.99297E-05 9.99297E-05 9.99297E-05 9.99297E-05 0.2688 9.99297E-05 0.439608 9.99297E-05 9.99297E-05
9.99561E-05 0.0430835 9.99561E-05 9.99561E-05 0.136751 9.99561E-05 9.99561E-05 0.0635 0.493757 0.246965 0.0154443
0.114019 9.99298E-05 9.99298E-05 9.99298E-05 9.99298E-05 9.99298E-05 9.99298E-05 9.99298E-05 0.879875 0.0053074 9.99298E-05
0.0767407 9.99385E-05 9.99385E-05 9.99385E-05 9.99385E-05 9.99385E-05 0.12642 9.99385E-05 0.570689 0.22545 9.99385E-05
9.99298E-05 9.99298E-05 9.99298E-05 0.0653872 9.99298E-05 9.99298E-05 9.99298E-05 9.99298E-05 0.774537 0.159276 9.99298E-05
0.199151 9.99384E-05 9.99384E-05 9.99384E-05 0.0496273 9.99384E-05 9.99384E-05 9.99384E-05 0.706925 9.99384E-05 0.0435965
9.99212E-05 9.99212E-05 9.99212E-05 9.99212E-05 9.99212E-05 9.99212E-05 9.99212E-05 9.99212E-05 0.770579 0.228522 9.99212E-05
0.0736723 9.99385E-05 9.99385E-05 9.99385E-05 9.99385E-05 9.99385E-05 0.407974 9.99385E-05 0.456655 9.99385E-05 0.0609997
0.000310584 9.9956E-05 0.0528894 9.9956E-05 9.9956E-05 0.0662669 0.226535 9.9956E-05 0.591592 9.9956E-05 0.0619068
0.0648266 0.155468 9.99648E-05 9.99648E-05 0.0650373 0.0101409 0.234056 9.99648E-05 0.426441 9.99648E-05 0.0436307
9.99211E-05 9.99211E-05 9.99211E-05 9.99211E-05 9.99211E-05 9.99211E-05 9.99211E-05 9.99211E-05 0.920046 0.0790551 9.99211E-05
0.00299801 0.027092 9.99649E-05 9.99649E-05 9.99649E-05 9.99649E-05 0.266035 0.00250465 0.624849 0.038254 0.0378679
9.99385E-05 0.146221 9.99385E-05 9.99385E-05 9.99385E-05 9.99385E-05 0.172201 9.99385E-05 0.507664 0.173215 9.99385E-05
0.0800669 9.99297E-05 9.99297E-05 9.99297E-05 9.99297E-05 9.99297E-05 9.99297E-05 9.99297E-05 0.804515 0.114619 9.99297E-05
0.23977 9.9956E-05 0.0239078 9.9956E-05 0.0388825 9.9956E-05 0.113766 9.9956E-05 0.483632 9.9956E-05 0.0995422
0.270891 9.99561E-05 0.0131004 9.99561E-05 0.0276375 9.99561E-05 0.363198 9.99561E-05 0.307049 9.99561E-05 0.0176248
0.351643 0.0132114 9.99561E-05 9.99561E-05 9.99561E-05 9.99561E-05 0.132502 0.0495283 0.440944 9.99561E-05 0.0116724
0.329884 0.0991245 9.99384E-05 9.99384E-05 9.99384E-05 9.99384E-05 0.186188 9.99384E-05 0.384104 9.99384E-05 9.99384E-05
0.211745 0.151577 9.99561E-05 9.99561E-05 0.0550715 9.99561E-05 0.0631955 9.99561E-05 0.41724 0.100672 9.99561E-05
0.340555 9.99472E-05 9.99472E-05 9.99472E-05 0.148427 9.99472E-05 0.0369745 9.99472E-05 0.274032 0.199411 9.99472E-05
0.214413 9.99473E-05 9.99473E-05 9.99473E-05 0.0171944 9.99473E-05 0.333043 9.99473E-05 0.366119 0.06863 9.99473E-05
0.053346 0.119117 9.99648E-05 9.99648E-05 9.99648E-05 9.99648E-05 0.0338402 0.0305102 0.36457 0.258911 0.139306
9.99298E-05 9.99298E-05 9.99298E-05 9.99298E-05 9.99298E-05 9.99298E-05 0.199149 9.99298E-05 0.625886 0.174166 9.99298E-05
9.9921E-05 9.9921E-05 9.9921E-05 9.9921E-05 9.9921E-05 9.9921E-05 9.9921E-05 9.9921E-05 0.773786 0.225315 9.9921E-05
9.99384E-05 0.0155831 9.99384E-05 9.99384E-05 9.99384E-05 0.256518 0.320791 9.99384E-05 0.406408 9.99384E-05 9.99384E-05
0.306099 9.99472E-05 9.99472E-05 9.99472E-05 9.99472E-05 0.137113 0.0914785 9.99472E-05 0.363659 9.99472E-05 0.10105
0.454246 9.99386E-05 9.99386E-05 9.99386E-05 0.00473725 9.99386E-05 9.99386E-05 9.99386E-05 0.520671 9.99386E-05 0.019646
0.497054 0.00914778 9.99561E-05 9.99561E-05 9.99561E-05 0.0725396 0.156151 9.99561E-05 0.187244 0.077364 9.99561E-05
9.99648E-05 0.0732248 9.99648E-05 9.99648E-05 0.0971501 0.136563 0.181344 0.0830999 0.343125 9.99648E-05 0.0850939
0.45837 9.99473E-05 9.99473E-05 9.99473E-05 9.99473E-05 0.0219801 0.0734131 9.99473E-05 0.407489 9.99473E-05 0.0381472
0.0931175 0.174191 9.99649E-05 9.99649E-05 0.069845 9.99649E-05 0.105755 9.99649E-05 0.309165 0.203432 0.0440945
9.99386E-05 9.99386E-05 0.0224144 9.99386E-05 9.99386E-05 9.99386E-05 0.0883397 9.99386E-05 0.754387 0.134159 9.99386E-05
