9.99385E-05 9.99385E-05 0.064477 0.44578 9.99385E-05 9.99385E-05 9.99385E-05 9.99385E-05 0.129795 9.99385E-05 0.129359 0.107142 0.122747
9.99298E-05 9.99298E-05 9.99298E-05 0.753492 9.99298E-05 9.99298E-05 0.031 9.99298E-05 0.044219 9.99298E-05 0.0296756 9.99298E-05 0.140813
0.0392216 9.99297E-05 9.99297E-05 0.847803 9.99297E-05 9.99297E-05 9.99297E-05 9.99297E-05 0.0444464 9.99297E-05 0.0090896 0.0586397 9.99297E-05
9.99561E-05 0.349056 9.99561E-05 0.267888 9.99561E-05 9.99561E-05 0.0755145 0.0466056 0.0809525 0.0351598 0.122716 0.0216076 9.99561E-05
0.162962 0.0151202 9.99297E-05 0.793799 9.99297E-05 9.99297E-05 9.99297E-05 0.0192854 9.99297E-05 9.99297E-05 9.99297E-05 9.99297E-05 0.00803406
0.181684 0.155447 9.99473E-05 0.252675 9.99473E-05 9.99473E-05 9.99473E-05 0.163871 0.0338945 0.0711591 9.99473E-05 9.99473E-05 0.14067
9.99474E-05 0.254881 9.99474E-05 0.299014 9.99474E-05 0.0353025 9.99474E-05 9.99474E-05 0.0330988 9.99474E-05 0.16535 0.0664241 0.145331
0.142052 0.183441 0.108911 0.231602 9.99474E-05 0.0960581 9.99474E-05 0.201619 9.99474E-05 9.99474E-05 9.99474E-05 9.99474E-05 0.0357177
0.131925 9.99473E-05 9.99473E-05 0.195426 9.99473E-05 9.99473E-05 9.99473E-05 0.288733 0.20933 0.00648782 9.99473E-05 0.149003 0.018495
9.99209E-05 9.99209E-05 0.0414061 0.902054 0.00723133 9.99209E-05 9.99209E-05 9.99209E-05 0.0484095 9.99209E-05 9.99209E-05 9.99209E-05 9.99209E-05
9.99298E-05 9.99298E-05 9.99298E-05 0.52151 0.0272425 9.99298E-05 9.99298E-05 0.00145712 0.265507 9.99298E-05 0.183485 9.99298E-05 9.99298E-05
0.0417273 0.0680772 9.99298E-05 0.839601 0.0113557 9.99298E-05 0.038439 9.99298E-05 9.99298E-05 9.99298E-05 9.99298E-05 9.99298E-05 9.99298E-05
9.99034E-05 9.99034E-05 9.99034E-05 0.839885 9.99034E-05 9.99034E-05 9.99034E-05 9.99034E-05 0.159016 9.99034E-05 9.99034E-05 9.99034E-05 9.99034E-05
9.99298E-05 9.99298E-05 9.99298E-05 0.574231 9.99298E-05 0.0642192 9.99298E-05 9.99298E-05 0.0724534 0.207693 0.0806036 9.99298E-05 9.99298E-05
9.99298E-05 0.184746 9.99298E-05 0.377179 9.99298E-05 9.99298E-05 9.99298E-05 0.145193 0.193008 0.0990746 9.99298E-05 9.99298E-05 9.99298E-05
9.99385E-05 0.279916 0.0549339 0.25091 9.99385E-05 0.0773963 9.99385E-05 0.243007 0.0931373 9.99385E-05 9.99385E-05 9.99385E-05 9.99385E-05
9.99649E-05 0.0532172 0.0698956 0.60975 9.99649E-05 0.00477401 0.0226657 0.0143384 0.0565119 9.99649E-05 0.0401647 9.99649E-05 0.128282
0.0180372 0.116249 9.99561E-05 0.242702 0.153011 9.99561E-05 0.0793461 0.115671 0.238642 9.99561E-05 0.0358418 9.99561E-05 9.99561E-05
9.99385E-05 0.238128 0.0730975 0.319063 9.99385E-05 9.99385E-05 0.0221518 0.131936 0.214925 9.99385E-05 9.99385E-05 9.99385E-05 9.99385E-05
9.99034E-05 9.99034E-05 9.99034E-05 0.897076 9.99034E-05 9.99034E-05 0.101825 9.99034E-05 9.99034E-05 9.99034E-05 9.99034E-05 9.99034E-05 9.99034E-05
0.109226 0.108505 9.99561E-05 0.484217 9.99561E-05 0.00936528 9.99561E-05 0.107474 0.0675387 9.99561E-05 0.0719095 0.0412646 9.99561E-05
0.195192 0.160307 9.99474E-05 0.334251 0.0375911 9.99474E-05 9.99474E-05 0.195537 9.99474E-05 9.99474E-05 0.0266783 9.99474E-05 0.049844
9.9921E-05 9.9921E-05 9.9921E-05 0.679659 9.9921E-05 9.9921E-05 9.9921E-05 9.9921E-05 0.195354 9.9921E-05 0.0856597 9.9921E-05 0.0384273
9.99473E-05 0.05129 0.0407687 0.394805 9.99473E-05 0.0621733 9.99473E-05 0.0171459 0.334657 9.99473E-05 9.99473E-05 0.0985597 9.99473E-05
9.99561E-05 0.0596206 9.99561E-05 0.27729 9.99561E-05 9.99561E-05 0.101615 0.093804 0.345266 0.0533253 0.0531962 0.015384 9.99561E-05
9.99298E-05 0.122596 9.99298E-05 0.669685 9.99298E-05 9.99298E-05 9.99298E-05 0.030969 0.155734 0.0202162 9.99298E-05 9.99298E-05 9.99298E-05
9.99737E-05 0.159511 0.0261491 0.0338662 0.0302704 0.0125017 9.99737E-05 0.0398715 0.260151 0.227393 0.15367 9.99737E-05 0.0563159
9.99122E-05 0.24918 9.99122E-05 0.699407 9.99122E-05 9.99122E-05 9.99122E-05 9.99122E-05 0.0504135 9.99122E-05 9.99122E-05 9.99122E-05 9.99122E-05
9.99298E-05 9.99298E-05 9.99298E-05 0.649546 9.99298E-05 9.99298E-05 0.0169314 9.99298E-05 0.291516 9.99298E-05 0.0197786 0.0214284 9.99298E-05
9.99561E-05 0.0102868 9.99561E-05 0.658716 9.99561E-05 0.00668738 9.99561E-05 0.0877716 0.116309 0.0611113 0.0438086 9.99561E-05 0.0148096
9.99473E-05 0.0510967 9.99473E-05 0.657695 0.0209988 9.99473E-05 0.0246789 0.0412916 0.0765651 9.99473E-05 0.127075 9.99473E-05 9.99473E-05
9.99298E-05 0.130378 9.99298E-05 0.521858 9.99298E-05 9.99298E-05 9.99298E-05 9.99298E-05 0.155091 0.14619 0.0456839 9.99298E-05 9.99298E-05
9.99385E-05 9.99385E-05 9.99385E-05 0.526511 9.99385E-05 0.0763071 0.0205353 0.00684742 0.250159 9.99385E-05 0.118941 9.99385E-05 9.99385E-05
9.99561E-05 0.133821 9.99561E-05 0.375493 0.00544373 9.99561E-05 0.0151261 9.99561E-05 0.174321 0.252646 0.0136834 0.0289661 9.99561E-05
9.99298E-05 9.99298E-05 9.99298E-05 0.745205 9.99298E-05 9.99298E-05 0.0466158 0.0122321 9.99298E-05 9.99298E-05 0.107489 9.99298E-05 0.0876592
9.99473E-05 0.132765 9.99473E-05 0.720774 9.99473E-05 9.99473E-05 9.99473E-05 0.0350429 0.0312701 9.99473E-05 0.0145227 0.0459597 0.0190668
9.99123E-05 0.154639 9.99123E-05 0.810246 9.99123E-05 0.0341164 9.99123E-05 9.99123E-05 9.99123E-05 9.99123E-05 9.99123E-05 9.99123E-05 9.99123E-05
9.99386E-05 9.99386E-05 9.99386E-05 0.628454 9.99386E-05 9.99386E-05 0.144798 0.133145 0.0709861 0.00766933 9.99386E-05 9.99386E-05 0.0142477
0.051913 9.99474E-05 9.99474E-05 0.500713 9.99474E-05 9.99474E-05 9.99474E-05 0.00388834 0.210419 0.0839934 0.0886389 9.99474E-05 0.059835
9.99298E-05 9.99298E-05 9.99298E-05 0.440946 9.99298E-05 0.174609 9.99298E-05 9.99298E-05 0.208708 0.122892 0.0520469 9.99298E-05 9.99298E-05
9.9921E-05 0.161767 9.9921E-05 0.764182 9.9921E-05 9.9921E-05 9.9921E-05 0.00635297 0.0667982 9.9921E-05 9.9921E-05 9.9921E-05 9.9921E-05
9.99123E-05 9.99123E-05 9.99123E-05 0.652211 9.99123E-05 9.99123E-05 9.99123E-05 9.99123E-05 0.236794 9.99123E-05 9.99123E-05 0.109996 9.99123E-05
9.9921E-05 0.0494058 9.9921E-05 0.841922 9.9921E-05 0.0784543 9.9921E-05 9.9921E-05 9.9921E-05 9.9921E-05 9.9921E-05 9.9921E-05 0.0293191
9.99473E-05 0.000423903 9.99473E-05 0.447553 9.99473E-05 9.99473E-05 9.99473E-05 0.136138 0.219879 9.99473E-05 0.086957 0.0402589 0.068191
0.0533231 0.276648 9.99299E-05 0.327827 9.99299E-05 9.99299E-05 0.0388766 9.99299E-05 0.302527 9.99299E-05 9.99299E-05 9.99299E-05 9.99299E-05
0.00833054 9.99297E-05 9.99297E-05 0.798948 0.0191742 9.99297E-05 0.127906 9.99297E-05 0.0448413 9.99297E-05 9.99297E-05 9.99297E-05 9.99297E-05
9.99297E-05 9.99297E-05 9.99297E-05 0.786599 0.0534587 9.99297E-05 9.99297E-05 0.0319803 0.0961321 9.99297E-05 0.0310301 9.99297E-05 9.99297E-05
9.99297E-05 9.99297E-05 0.0253334 0.906454 0.040601 9.99297E-05 9.99297E-05 9.99297E-05 0.0248872 9.99297E-05 0.00192477 9.99297E-05 9.99297E-05
9.99209E-05 0.061291 9.99209E-05 0.666785 9.99209E-05 9.99209E-05 9.99209E-05 9.99209E-05 0.20158 9.99209E-05 0.0694444 9.99209E-05 9.99209E-05
0.137996 9.99387E-05 9.99387E-05 0.650997 9.99387E-05 0.141704 0.0149155 9.99387E-05 0.0474545 9.99387E-05 9.99387E-05 9.99387E-05 0.00623382
0.00557967 0.00186839 9.99649E-05 0.285551 9.99649E-05 9.99649E-05 0.00614263 0.045417 0.267775 0.13113 0.231486 0.0246505 9.99649E-05
0.0716138 0.177328 9.99474E-05 0.60672 9.99474E-05 0.00323254 0.066073 0.0357102 9.99474E-05 9.99474E-05 9.99474E-05 0.038723 9.99474E-05
9.9921E-05 9.9921E-05 9.9921E-05 0.792966 0.0905273 9.9921E-05 9.9921E-05 0.00437052 0.111237 9.9921E-05 9.9921E-05 9.9921E-05 9.9921E-05
0.0272159 9.99474E-05 9.99474E-05 0.615708 0.0407303 0.218277 0.0291324 0.00600161 0.0623356 9.99474E-05 9.99474E-05 9.99474E-05 9.99474E-05
0.0537011 0.0484839 9.99474E-05 0.709465 9.99474E-05 9.99474E-05 0.00730818 0.0215009 0.103978 9.99474E-05 9.99474E-05 0.0549638 9.99474E-05
0.0296504 9.99298E-05 9.99298E-05 0.697104 9.99298E-05 0.0569288 0.170383 9.99298E-05 9.99298E-05 0.0451341 9.99298E-05 9.99298E-05 9.99298E-05
0.0252866 0.0910313 9.99649E-05 0.724688 0.0686556 0.00421028 9.99649E-05 0.0139506 0.0430374 9.99649E-05 0.00139823 9.99649E-05 0.0273423
9.9921E-05 0.114799 9.9921E-05 0.768872 9.9921E-05 9.9921E-05 9.9921E-05 9.9921E-05 0.0727721 9.9921E-05 0.0426578 9.9921E-05 9.9921E-05
0.0387 0.0011996 9.99473E-05 0.808899 0.0658042 9.99473E-05 9.99473E-05 9.99473E-05 0.00722201 9.99473E-05 0.0373008 9.99473E-05 0.0402744
9.99474E-05 0.016111 9.99474E-05 0.094 0.0925353 9.99474E-05 9.99474E-05 0.0345661 0.344818 9.99474E-05 0.0925879 9.99474E-05 0.324782
9.99387E-05 0.232913 9.99387E-05 0.284216 9.99387E-05 9.99387E-05 9.99387E-05 9.99387E-05 0.0791139 9.99387E-05 0.024332 0.0650506 0.313675
9.99386E-05 9.99386E-05 9.99386E-05 0.342775 0.173977 0.0503633 9.99386E-05 9.99386E-05 0.0427981 9.99386E-05 0.0407108 9.99386E-05 0.348677
9.99561E-05 0.0136773 0.0285739 9.99561E-05 0.129738 9.99561E-05 9.99561E-05 0.123009 0.150459 0.0651419 0.00137628 9.99561E-05 0.487525
0.0137614 0.15916 9.99649E-05 0.10857 0.0255859 0.0930113 9.99649E-05 0.115241 0.230653 9.99649E-05 0.0658206 9.99649E-05 0.187797
9.99385E-05 9.99385E-05 0.132909 9.99385E-05 9.99385E-05 9.99385E-05 9.99385E-05 0.116438 0.383001 9.99385E-05 0.0463384 0.083868 0.236746
9.99298E-05 0.109962 0.0216448 9.99298E-05 9.99298E-05 9.99298E-05 9.99298E-05 9.99298E-05 0.260919 9.99298E-05 0.0674686 9.99298E-05 0.539206
9.99298E-05 9.99298E-05 9.99298E-05 9.99298E-05 0.252582 9.99298E-05 9.99298E-05 0.0874201 0.252774 9.99298E-05 0.0126542 9.99298E-05 0.39377
9.99474E-05 9.99474E-05 0.067784 0.177667 0.0160307 9.99474E-05 9.99474E-05 9.99474E-05 0.14639 0.102851 9.99474E-05 0.0739894 0.414689
9.99386E-05 0.177885 0.102816 0.258036 9.99386E-05 9.99386E-05 9.99386E-05 9.99386E-05 0.0899858 9.99386E-05 0.0890697 9.99386E-05 0.281507
9.99473E-05 0.0365045 0.0292223 9.99473E-05 0.0274838 9.99473E-05 9.99473E-05 0.0940258 0.488981 9.99473E-05 0.214795 9.99473E-05 0.108388
9.99561E-05 0.252287 0.0665795 0.00680158 9.99561E-05 0.110231 9.99561E-05 0.00094612 0.213036 9.99561E-05 0.0407473 9.99561E-05 0.308871
0.0732915 0.130978 0.168896 9.99649E-05 9.99649E-05 0.0344406 9.99649E-05 0.164298 0.11461 0.0197191 0.0996059 9.99649E-05 0.193761
0.0940801 0.0576147 9.99386E-05 0.00916616 9.99386E-05 0.0943441 9.99386E-05 9.99386E-05 0.416962 9.99386E-05 9.99386E-05 9.99386E-05 0.327134
9.99562E-05 9.99562E-05 0.0877905 0.246915 9.99562E-05 0.0892194 9.99562E-05 9.99562E-05 0.094548 0.12089 0.0131894 0.0481161 0.298832
9.99562E-05 0.106951 0.0345102 0.20762 9.99562E-05 9.99562E-05 9.99562E-05 0.0132866 0.261414 0.0321348 0.0829196 9.99562E-05 0.260665
9.99562E-05 0.168629 0.000105131 9.99562E-05 0.133181 0.035778 9.99562E-05 0.00617294 0.261716 9.99562E-05 9.99562E-05 0.0576501 0.336267
9.99474E-05 0.283634 0.129417 0.0867482 9.99474E-05 9.99474E-05 9.99474E-05 0.118164 0.110322 9.99474E-05 0.142091 9.99474E-05 0.129025
9.99474E-05 0.14711 9.99474E-05 0.161179 0.140372 9.99474E-05 9.99474E-05 0.0276119 0.239556 9.99474E-05 0.0717368 9.99474E-05 0.211835
9.99385E-05 9.99385E-05 0.11728 9.99385E-05 0.0501015 0.144616 9.99385E-05 9.99385E-05 0.466509 9.99385E-05 0.0203775 9.99385E-05 0.200417
0.0627988 9.99475E-05 9.99475E-05 0.369708 0.037313 0.0839936 9.99475E-05 9.99475E-05 0.133642 9.99475E-05 0.0332831 9.99475E-05 0.278662
9.99473E-05 0.325917 9.99473E-05 0.0870672 9.99473E-05 0.0012818 9.99473E-05 0.0415801 0.238105 9.99473E-05 0.0095244 9.99473E-05 0.295924
9.99386E-05 0.0795526 9.99386E-05 0.206927 9.99386E-05 9.99386E-05 9.99386E-05 9.99386E-05 0.219397 0.120525 0.0691712 9.99386E-05 0.303727
0.0329707 0.215353 9.99737E-05 0.163136 0.119613 9.99737E-05 9.99737E-05 0.0645894 0.15672 0.0735059 0.0234307 0.0624833 0.0878978
9.99561E-05 0.0230225 0.243327 0.248474 9.99561E-05 9.99561E-05 9.99561E-05 0.0485815 0.194039 0.0335296 0.182217 9.99561E-05 0.0263098
9.99387E-05 9.99387E-05 9.99387E-05 0.333606 9.99387E-05 9.99387E-05 0.0288833 0.0595636 0.196486 9.99387E-05 0.0655934 9.99387E-05 0.315168
9.99386E-05 9.99386E-05 0.161509 0.40449 9.99386E-05 9.99386E-05 9.99386E-05 9.99386E-05 0.0741347 0.07831 9.99386E-05 0.0219277 0.258929
9.99387E-05 0.0678909 9.99387E-05 0.228464 9.99387E-05 9.99387E-05 9.99387E-05 0.0376631 0.27761 9.99387E-05 9.99387E-05 0.10886 0.278812
9.99474E-05 0.0453248 0.11657 0.295315 0.140928 9.99474E-05 9.99474E-05 0.0775231 0.215261 9.99474E-05 9.99474E-05 9.99474E-05 0.10848
9.99387E-05 9.99387E-05 9.99387E-05 0.277409 9.99387E-05 0.0185643 9.99387E-05 0.119676 0.261134 0.109561 9.99387E-05 9.99387E-05 0.212956
0.00740099 9.99209E-05 9.99209E-05 9.99209E-05 9.99209E-05 9.99209E-05 9.99209E-05 0.156511 0.196495 0.638694 9.99209E-05 9.99209E-05 9.99209E-05
9.99124E-05 9.99124E-05 9.99124E-05 9.99124E-05 9.99124E-05 9.99124E-05 9.99124E-05 0.00534597 0.0509459 0.942709 9.99124E-05 9.99124E-05 9.99124E-05
0.0635258 9.99296E-05 9.99296E-05 9.99296E-05 9.99296E-05 9.99296E-05 9.99296E-05 0.01459 0.197395 0.663763 0.0599269 9.99296E-05 9.99296E-05
9.99296E-05 9.99296E-05 9.99296E-05 9.99296E-05 0.0199629 9.99296E-05 9.99296E-05 0.0892714 0.307791 0.494728 0.0874468 9.99296E-05 9.99296E-05
9.99296E-05 9.99296E-05 0.0597518 9.99296E-05 9.99296E-05 9.99296E-05 9.99296E-05 0.180584 0.0561744 0.637736 9.99296E-05 0.0649543 9.99296E-05
9.99209E-05 0.112636 9.99209E-05 9.99209E-05 9.99209E-05 9.99209E-05 9.99209E-05 0.173855 0.163934 0.548676 9.99209E-05 9.99209E-05 9.99209E-05
9.99385E-05 9.99385E-05 0.0181953 9.99385E-05 0.0315927 9.99385E-05 9.99385E-05 0.122693 0.205243 0.566533 0.0550428 9.99385E-05 9.99385E-05
9.99209E-05 9.99209E-05 9.99209E-05 9.99209E-05 0.0208384 9.99209E-05 9.99209E-05 0.308418 0.122993 0.546852 9.99209E-05 9.99209E-05 9.99209E-05
9.99473E-05 9.99473E-05 0.0276661 9.99473E-05 0.0146059 9.99473E-05 9.99473E-05 0.384468 0.16906 0.142656 0.00848802 9.99473E-05 0.252457
9.99209E-05 9.99209E-05 0.0414143 9.99209E-05 9.99209E-05 9.99209E-05 9.99209E-05 0.274584 0.306344 0.376758 9.99209E-05 9.99209E-05 9.99209E-05
9.99122E-05 9.99122E-05 9.99122E-05 9.99122E-05 9.99122E-05 9.99122E-05 9.99122E-05 9.99122E-05 0.0549637 0.708679 9.99122E-05 9.99122E-05 0.235358
9.99561E-05 0.00484074 9.99561E-05 9.99561E-05 0.00625672 9.99561E-05 0.0245413 0.0173549 0.0898257 0.657251 0.0610357 9.99561E-05 0.138394
9.9921E-05 9.9921E-05 0.00888354 9.9921E-05 0.03842 9.9921E-05 9.9921E-05 0.135736 9.9921E-05 0.816062 9.9921E-05 9.9921E-05 9.9921E-05
9.9921E-05 9.9921E-05 9.9921E-05 9.9921E-05 9.9921E-05 9.9921E-05 9.9921E-05 0.195335 0.187708 0.519664 9.9921E-05 0.096394 9.9921E-05
9.99298E-05 9.99298E-05 0.0706681 9.99298E-05 0.105879 0.00882198 9.99298E-05 0.166556 9.99298E-05 0.647276 9.99298E-05 9.99298E-05 9.99298E-05
9.99473E-05 0.0125447 9.99473E-05 9.99473E-05 9.99473E-05 0.0456231 9.99473E-05 0.15551 0.155496 0.471428 0.042981 9.99473E-05 0.115818
9.99297E-05 9.99297E-05 9.99297E-05 9.99297E-05 0.078311 9.99297E-05 9.99297E-05 0.047534 0.218076 0.503284 9.99297E-05 9.99297E-05 0.151995
0.0932586 9.99386E-05 0.0226063 9.99386E-05 9.99386E-05 0.0230376 9.99386E-05 0.191081 9.99386E-05 0.644737 0.0245799 9.99386E-05 9.99386E-05
0.0500283 9.99209E-05 9.99209E-05 9.99209E-05 9.99209E-05 9.99209E-05 9.99209E-05 0.0631656 9.99209E-05 0.845572 0.0403347 9.99209E-05 9.99209E-05
9.99386E-05 0.00536804 9.99386E-05 9.99386E-05 9.99386E-05 9.99386E-05 0.130708 0.141549 0.110391 0.601023 0.0102628 9.99386E-05 9.99386E-05
0.0129534 0.0155013 9.99385E-05 9.99385E-05 9.99385E-05 9.99385E-05 9.99385E-05 0.0975888 0.150505 0.580944 9.99385E-05 9.99385E-05 0.141808
9.99384E-05 9.99384E-05 0.0264695 9.99384E-05 0.0116366 9.99384E-05 9.99384E-05 0.13653 0.0651334 0.703143 0.0563878 9.99384E-05 9.99384E-05
0.024229 9.99385E-05 9.99385E-05 9.99385E-05 9.99385E-05 9.99385E-05 0.0858083 0.279001 0.279956 0.289695 9.99385E-05 9.99385E-05 0.0406112
9.99122E-05 9.99122E-05 9.99122E-05 9.99122E-05 9.99122E-05 9.99122E-05 9.99122E-05 0.215398 0.0349162 0.748686 9.99122E-05 9.99122E-05 9.99122E-05
0.160839 9.99473E-05 9.99473E-05 9.99473E-05 9.99473E-05 9.99473E-05 0.0938451 0.186295 0.230651 0.220944 9.99473E-05 0.0114967 0.0953292
9.99299E-05 9.99299E-05 0.0603269 9.99299E-05 9.99299E-05 9.99299E-05 9.99299E-05 0.149108 0.140651 0.558034 9.99299E-05 9.99299E-05 0.0910811
9.99036E-05 9.99036E-05 9.99036E-05 9.99036E-05 9.99036E-05 9.99036E-05 9.99036E-05 9.99036E-05 9.99036E-05 0.856571 9.99036E-05 0.14233 9.99036E-05
9.99384E-05 0.0468511 9.99384E-05 9.99384E-05 9.99384E-05 9.99384E-05 0.0222405 0.149358 0.34582 0.354579 0.0804512 9.99384E-05 9.99384E-05
9.9921E-05 9.9921E-05 9.9921E-05 9.9921E-05 9.9921E-05 9.9921E-05 9.9921E-05 0.283632 0.29229 0.383281 9.9921E-05 9.9921E-05 0.0398976
0.104672 9.99298E-05 9.99298E-05 9.99298E-05 9.99298E-05 9.99298E-05 0.0191546 9.99298E-05 0.125698 0.656669 0.0930063 9.99298E-05 9.99298E-05
9.99298E-05 9.99298E-05 9.99298E-05 9.99298E-05 9.99298E-05 0.00538721 9.99298E-05 0.0896397 0.27581 0.555608 0.0727558 9.99298E-05 9.99298E-05
9.99297E-05 9.99297E-05 9.99297E-05 9.99297E-05 9.99297E-05 0.124132 0.0101001 9.99297E-05 0.102954 0.741296 0.0207185 9.99297E-05 9.99297E-05
0.0773161 9.99385E-05 9.99385E-05 9.99385E-05 0.00837901 9.99385E-05 0.163801 0.271508 0.258306 0.21999 9.99385E-05 9.99385E-05 9.99385E-05
9.99297E-05 9.99297E-05 9.99297E-05 9.99297E-05 0.0275895 9.99297E-05 0.15486 0.125662 0.294333 0.396756 9.99297E-05 9.99297E-05 9.99297E-05
9.99121E-05 9.99121E-05 9.99121E-05 9.99121E-05 9.99121E-05 9.99121E-05 9.99121E-05 0.0300147 0.127533 0.841453 9.99121E-05 9.99121E-05 9.99121E-05
9.99473E-05 0.0246707 0.0105468 9.99473E-05 9.99473E-05 0.0254121 9.99473E-05 0.148323 9.99473E-05 0.67467 0.0369622 9.99473E-05 0.0788155
9.99384E-05 9.99384E-05 0.0355185 9.99384E-05 0.0298706 9.99384E-05 9.99384E-05 0.153527 0.306877 0.44881 0.0246972 9.99384E-05 9.99384E-05
9.99123E-05 9.99123E-05 9.99123E-05 9.99123E-05 9.99123E-05 9.99123E-05 9.99123E-05 0.0228856 0.0209579 0.955157 9.99123E-05 9.99123E-05 9.99123E-05
9.99122E-05 9.99122E-05 9.99122E-05 9.99122E-05 9.99122E-05 9.99122E-05 9.99122E-05 0.0491568 0.114995 0.834849 9.99122E-05 9.99122E-05 9.99122E-05
9.99036E-05 9.99036E-05 9.99036E-05 9.99036E-05 9.99036E-05 9.99036E-05 9.99036E-05 0.0443935 9.99036E-05 0.954508 9.99036E-05 9.99036E-05 9.99036E-05
9.99562E-05 9.99562E-05 0.0278834 9.99562E-05 0.0240988 9.99562E-05 0.0352788 0.0274679 9.99562E-05 0.817397 0.0326651 0.00796562 0.0267436
9.99296E-05 9.99296E-05 9.99296E-05 9.99296E-05 9.99296E-05 9.99296E-05 9.99296E-05 0.108054 0.377449 0.386657 0.0475535 9.99296E-05 0.0794868
0.124462 9.99209E-05 9.99209E-05 9.99209E-05 9.99209E-05 9.99209E-05 9.99209E-05 0.225969 0.00858774 0.640082 9.99209E-05 9.99209E-05 9.99209E-05
9.99299E-05 9.99299E-05 9.99299E-05 0.00725472 9.99299E-05 9.99299E-05 0.00622575 0.106014 9.99299E-05 0.807084 9.99299E-05 9.99299E-05 0.0726225
9.9921E-05 9.9921E-05 9.9921E-05 0.00198483 9.9921E-05 9.9921E-05 9.9921E-05 0.0177132 9.9921E-05 0.852657 9.9921E-05 9.9921E-05 0.126746
9.99472E-05 9.99472E-05 9.99472E-05 9.99472E-05 0.0408922 9.99472E-05 0.155187 0.220413 0.0865144 0.261356 0.0227896 9.99472E-05 0.212248
9.99386E-05 9.99386E-05 0.034365 9.99386E-05 9.99386E-05 0.0488352 9.99386E-05 0.143722 0.301709 0.440783 0.0298858 9.99386E-05 9.99386E-05
9.99474E-05 9.99474E-05 0.0988723 9.99474E-05 9.99474E-05 0.0682021 9.99474E-05 0.15056 0.110573 0.369886 9.99474E-05 0.147157 0.0541499
0.0514959 9.99386E-05 9.99386E-05 9.99386E-05 0.0245377 9.99386E-05 9.99386E-05 0.320426 0.260821 0.262016 0.0800037 9.99386E-05 9.99386E-05
9.99035E-05 9.99035E-05 9.99035E-05 9.99035E-05 9.99035E-05 9.99035E-05 9.99035E-05 9.99035E-05 0.045413 0.953488 9.99035E-05 9.99035E-05 9.99035E-05
9.99385E-05 0.247203 9.99385E-05 9.99385E-05 9.99385E-05 0.00396629 9.99385E-05 0.0372942 0.251682 0.427144 0.0320106 9.99385E-05 9.99385E-05
9.99124E-05 9.99124E-05 9.99124E-05 9.99124E-05 9.99124E-05 9.99124E-05 9.99124E-05 0.0922308 9.99124E-05 0.856803 9.99124E-05 9.99124E-05 0.0499674
9.99211E-05 9.99211E-05 9.99211E-05 9.99211E-05 9.99211E-05 9.99211E-05 9.99211E-05 0.200987 0.230183 0.545863 0.0220678 9.99211E-05 9.99211E-05
9.99385E-05 9.99385E-05 0.0547951 9.99385E-05 0.00813419 0.133938 9.99385E-05 0.119547 9.99385E-05 0.649604 9.99385E-05 9.99385E-05 0.0332827
9.99472E-05 0.0147531 9.99472E-05 9.99472E-05 0.062414 9.99472E-05 0.0189045 0.096666 0.0837431 0.646204 0.0767161 9.99472E-05 9.99472E-05
9.99384E-05 0.0178799 9.99384E-05 9.99384E-05 9.99384E-05 9.99384E-05 0.00863557 0.257909 0.238762 0.225954 9.99384E-05 9.99384E-05 0.250159
9.99121E-05 9.99121E-05 9.99121E-05 9.99121E-05 9.99121E-05 9.99121E-05 9.99121E-05 0.240074 0.188146 0.57078 9.99121E-05 9.99121E-05 9.99121E-05
0.0695052 0.101783 9.99384E-05 9.99384E-05 9.99384E-05 0.0259673 9.99384E-05 0.145757 0.089518 0.56677 9.99384E-05 9.99384E-05 9.99384E-05
9.99209E-05 9.99209E-05 9.99209E-05 9.99209E-05 9.99209E-05 9.99209E-05 0.148168 9.99209E-05 0.105324 0.719141 9.99209E-05 0.0264677 9.99209E-05
9.99209E-05 9.99209E-05 9.99209E-05 9.99209E-05 9.99209E-05 9.99209E-05 9.99209E-05 0.158324 0.088876 0.677823 9.99209E-05 9.99209E-05 0.0740777
9.98944E-05 9.98944E-05 9.98944E-05 9.98944E-05 9.98944E-05 9.98944E-05 9.98944E-05 9.98944E-05 0.998801 9.98944E-05 9.98944E-05 9.98944E-05 9.98944E-05
9.98944E-05 9.98944E-05 9.98944E-05 9.98944E-05 9.98944E-05 9.98944E-05 9.98944E-05 0.998801 9.98944E-05 9.98944E-05 9.98944E-05 9.98944E-05 9.98944E-05
9.98944E-05 9.98944E-05 9.98944E-05 9.98944E-05 9.98944E-05 9.98944E-05 9.98944E-05 9.98944E-05 0.998801 9.98944E-05 9.98944E-05 9.98944E-05 9.98944E-05
9.98944E-05 9.98944E-05 9.98944E-05 9.98944E-05 9.98944E-05 9.98944E-05 9.98944E-05 0.998801 9.98944E-05 9.98944E-05 9.98944E-05 9.98944E-05 9.98944E-05
9.98944E-05 9.98944E-05 9.98944E-05 9.98944E-05 9.98944E-05 9.98944E-05 9.98944E-05 0.998801 9.98944E-05 9.98944E-05 9.98944E-05 9.98944E-05 9.98944E-05
9.98945E-05 9.98945E-05 9.98945E-05 9.98945E-05 9.98945E-05 9.98945E-05 9.98945E-05 0.998801 9.98945E-05 9.98945E-05 9.98945E-05 9.98945E-05 9.98945E-05
9.98944E-05 9.98944E-05 9.98944E-05 9.98944E-05 9.98944E-05 9.98944E-05 9.98944E-05 9.98944E-05 0.998801 9.98944E-05 9.98944E-05 9.98944E-05 9.98944E-05
9.98944E-05 9.98944E-05 9.98944E-05 9.98944E-05 9.98944E-05 9.98944E-05 9.98944E-05 0.998801 9.98944E-05 9.98944E-05 9.98944E-05 9.98944E-05 9.98944E-05
9.98944E-05 9.98944E-05 9.98944E-05 9.98944E-05 9.98944E-05 9.98944E-05 9.98944E-05 0.998801 9.98944E-05 9.98944E-05 9.98944E-05 9.98944E-05 9.98944E-05
9.98943E-05 9.98943E-05 9.98943E-05 9.98943E-05 9.98943E-05 9.98943E-05 9.98943E-05 9.98943E-05 0.998801 9.98943E-05 9.98943E-05 9.98943E-05 9.98943E-05
9.99121E-05 9.99121E-05 9.99121E-05 9.99121E-05 0.00692952 9.99121E-05 9.99121E-05 0.0042075 0.987864 9.99121E-05 9.99121E-05 9.99121E-05 9.99121E-05
9.98944E-05 9.98944E-05 9.98944E-05 9.98944E-05 9.98944E-05 9.98944E-05 9.98944E-05 9.98944E-05 0.998801 9.98944E-05 9.98944E-05 9.98944E-05 9.98944E-05
9.98944E-05 9.98944E-05 9.98944E-05 9.98944E-05 9.98944E-05 9.98944E-05 9.98944E-05 0.998801 9.98944E-05 9.98944E-05 9.98944E-05 9.98944E-05 9.98944E-05
9.98944E-05 9.98944E-05 9.98944E-05 9.98944E-05 9.98944E-05 9.98944E-05 9.98944E-05 0.998801 9.98944E-05 9.98944E-05 9.98944E-05 9.98944E-05 9.98944E-05
9.98943E-05 9.98943E-05 9.98943E-05 9.98943E-05 9.98943E-05 9.98943E-05 9.98943E-05 9.98943E-05 0.998801 9.98943E-05 9.98943E-05 9.98943E-05 9.98943E-05
9.98944E-05 9.98944E-05 9.98944E-05 9.98944E-05 9.98944E-05 9.98944E-05 9.98944E-05 9.98944E-05 0.998801 9.98944E-05 9.98944E-05 9.98944E-05 9.98944E-05
9.99297E-05 0.315173 9.99297E-05 9.99297E-05 9.99297E-05 9.99297E-05 9.99297E-05 0.147206 0.185612 0.267486 9.99297E-05 0.0837237 9.99297E-05
9.99033E-05 9.99033E-05 0.00439649 9.99033E-05 9.99033E-05 9.99033E-05 9.99033E-05 9.99033E-05 0.994505 9.99033E-05 9.99033E-05 9.99033E-05 9.99033E-05
9.98944E-05 9.98944E-05 9.98944E-05 9.98944E-05 9.98944E-05 9.98944E-05 9.98944E-05 0.998801 9.98944E-05 9.98944E-05 9.98944E-05 9.98944E-05 9.98944E-05
9.98943E-05 9.98943E-05 9.98943E-05 9.98943E-05 9.98943E-05 9.98943E-05 9.98943E-05 9.98943E-05 0.998801 9.98943E-05 9.98943E-05 9.98943E-05 9.98943E-05
9.98944E-05 9.98944E-05 9.98944E-05 9.98944E-05 9.98944E-05 9.98944E-05 9.98944E-05 9.98944E-05 0.998801 9.98944E-05 9.98944E-05 9.98944E-05 9.98944E-05
9.98944E-05 9.98944E-05 9.98944E-05 9.98944E-05 9.98944E-05 9.98944E-05 9.98944E-05 9.98944E-05 0.998801 9.98944E-05 9.98944E-05 9.98944E-05 9.98944E-05
9.98944E-05 9.98944E-05 9.98944E-05 9.98944E-05 9.98944E-05 9.98944E-05 9.98944E-05 0.998801 9.98944E-05 9.98944E-05 9.98944E-05 9.98944E-05 9.98944E-05
9.98943E-05 9.98943E-05 9.98943E-05 9.98943E-05 9.98943E-05 9.98943E-05 9.98943E-05 9.98943E-05 0.998801 9.98943E-05 9.98943E-05 9.98943E-05 9.98943E-05
9.98944E-05 9.98944E-05 9.98944E-05 9.98944E-05 9.98944E-05 9.98944E-05 9.98944E-05 0.998801 9.98944E-05 9.98944E-05 9.98944E-05 9.98944E-05 9.98944E-05
9.98945E-05 9.98945E-05 9.98945E-05 9.98945E-05 9.98945E-05 9.98945E-05 9.98945E-05 9.98945E-05 0.998801 9.98945E-05 9.98945E-05 9.98945E-05 9.98945E-05
9.98943E-05 9.98943E-05 9.98943E-05 9.98943E-05 9.98943E-05 9.98943E-05 9.98943E-05 9.98943E-05 0.998801 9.98943E-05 9.98943E-05 9.98943E-05 9.98943E-05
9.98944E-05 9.98944E-05 9.98944E-05 9.98944E-05 9.98944E-05 9.98944E-05 9.98944E-05 0.998801 9.98944E-05 9.98944E-05 9.98944E-05 9.98944E-05 9.98944E-05
9.98944E-05 9.98944E-05 9.98944E-05 9.98944E-05 9.98944E-05 9.98944E-05 9.98944E-05 0.998801 9.98944E-05 9.98944E-05 9.98944E-05 9.98944E-05 9.98944E-05
9.98944E-05 9.98944E-05 9.98944E-05 9.98944E-05 9.98944E-05 9.98944E-05 9.98944E-05 0.998801 9.98944E-05 9.98944E-05 9.98944E-05 9.98944E-05 9.98944E-05
9.99032E-05 9.99032E-05 9.99032E-05 9.99032E-05 9.99032E-05 9.99032E-05 0.0320181 9.99032E-05 0.966883 9.99032E-05 9.99032E-05 9.99032E-05 9.99032E-05
9.98944E-05 9.98944E-05 9.98944E-05 9.98944E-05 9.98944E-05 9.98944E-05 9.98944E-05 9.98944E-05 0.998801 9.98944E-05 9.98944E-05 9.98944E-05 9.98944E-05
9.98943E-05 9.98943E-05 9.98943E-05 9.98943E-05 9.98943E-05 9.98943E-05 9.98943E-05 9.98943E-05 0.998801 9.98943E-05 9.98943E-05 9.98943E-05 9.98943E-05
9.98943E-05 9.98943E-05 9.98943E-05 9.98943E-05 9.98943E-05 9.98943E-05 9.98943E-05 9.98943E-05 0.998801 9.98943E-05 9.98943E-05 9.98943E-05 9.98943E-05
9.98943E-05 9.98943E-05 9.98943E-05 9.98943E-05 9.98943E-05 9.98943E-05 9.98943E-05 9.98943E-05 0.998801 9.98943E-05 9.98943E-05 9.98943E-05 9.98943E-05
9.98944E-05 9.98944E-05 9.98944E-05 9.98944E-05 9.98944E-05 9.98944E-05 9.98944E-05 0.998801 9.98944E-05 9.98944E-05 9.98944E-05 9.98944E-05 9.98944E-05
9.98944E-05 9.98944E-05 9.98944E-05 9.98944E-05 9.98944E-05 9.98944E-05 9.98944E-05 0.998801 9.98944E-05 9.98944E-05 9.98944E-05 9.98944E-05 9.98944E-05
9.98944E-05 9.98944E-05 9.98944E-05 9.98944E-05 9.98944E-05 9.98944E-05 9.98944E-05 0.998801 9.98944E-05 9.98944E-05 9.98944E-05 9.98944E-05 9.98944E-05
9.98944E-05 9.98944E-05 9.98944E-05 9.98944E-05 9.98944E-05 9.98944E-05 9.98944E-05 9.98944E-05 0.998801 9.98944E-05 9.98944E-05 9.98944E-05 9.98944E-05
9.98944E-05 9.98944E-05 9.98944E-05 9.98944E-05 9.98944E-05 9.98944E-05 9.98944E-05 0.998801 9.98944E-05 9.98944E-05 9.98944E-05 9.98944E-05 9.98944E-05
9.98944E-05 9.98944E-05 9.98944E-05 9.98944E-05 9.98944E-05 9.98944E-05 9.98944E-05 0.998801 9.98944E-05 9.98944E-05 9.98944E-05 9.98944E-05 9.98944E-05
9.98944E-05 9.98944E-05 9.98944E-05 9.98944E-05 9.98944E-05 9.98944E-05 9.98944E-05 0.998801 9.98944E-05 9.98944E-05 9.98944E-05 9.98944E-05 9.98944E-05
9.98944E-05 9.98944E-05 9.98944E-05 9.98944E-05 9.98944E-05 9.98944E-05 9.98944E-05 0.998801 9.98944E-05 9.98944E-05 9.98944E-05 9.98944E-05 9.98944E-05
9.98943E-05 9.98943E-05 9.98943E-05 9.98943E-05 9.98943E-05 9.98943E-05 9.98943E-05 9.98943E-05 0.998801 9.98943E-05 9.98943E-05 9.98943E-05 9.98943E-05
9.98944E-05 9.98944E-05 9.98944E-05 9.98944E-05 9.98944E-05 9.98944E-05 9.98944E-05 0.998801 9.98944E-05 9.98944E-05 9.98944E-05 9.98944E-05 9.98944E-05
9.98944E-05 9.98944E-05 9.98944E-05 9.98944E-05 9.98944E-05 9.98944E-05 9.98944E-05 0.998801 9.98944E-05 9.98944E-05 9.98944E-05 9.98944E-05 9.98944E-05
9.99472E-05 0.309175 9.99472E-05 9.99472E-05 0.0153512 0.0125602 9.99472E-05 0.0716256 0.169886 0.31327 9.99472E-05 0.107532 9.99472E-05
9.98944E-05 9.98944E-05 9.98944E-05 9.98944E-05 9.98944E-05 9.98944E-05 9.98944E-05 9.98944E-05 0.998801 9.98944E-05 9.98944E-05 9.98944E-05 9.98944E-05
9.98944E-05 9.98944E-05 9.98944E-05 9.98944E-05 9.98944E-05 9.98944E-05 9.98944E-05 0.998801 9.98944E-05 9.98944E-05 9.98944E-05 9.98944E-05 9.98944E-05
9.98944E-05 9.98944E-05 9.98944E-05 9.98944E-05 9.98944E-05 9.98944E-05 9.98944E-05 0.998801 9.98944E-05 9.98944E-05 9.98944E-05 9.98944E-05 9.98944E-05
9.98944E-05 9.98944E-05 9.98944E-05 9.98944E-05 9.98944E-05 9.98944E-05 9.98944E-05 0.998801 9.98944E-05 9.98944E-05 9.98944E-05 9.98944E-05 9.98944E-05
9.98944E-05 9.98944E-05 9.98944E-05 9.98944E-05 9.98944E-05 9.98944E-05 9.98944E-05 0.998801 9.98944E-05 9.98944E-05 9.98944E-05 9.98944E-05 9.98944E-05
9.98944E-05 9.98944E-05 9.98944E-05 9.98944E-05 9.98944E-05 9.98944E-05 9.98944E-05 9.98944E-05 0.998801 9.98944E-05 9.98944E-05 9.98944E-05 9.98944E-05
9.98944E-05 9.98944E-05 9.98944E-05 9.98944E-05 9.98944E-05 9.98944E-05 9.98944E-05 0.998801 9.98944E-05 9.98944E-05 9.98944E-05 9.98944E-05 9.98944E-05
9.98943E-05 9.98943E-05 9.98943E-05 9.98943E-05 9.98943E-05 9.98943E-05 9.98943E-05 9.98943E-05 0.998801 9.98943E-05 9.98943E-05 9.98943E-05 9.98943E-05
9.98943E-05 9.98943E-05 9.98943E-05 9.98943E-05 9.98943E-05 9.98943E-05 9.98943E-05 0.998801 9.98943E-05 9.98943E-05 9.98943E-05 9.98943E-05 9.98943E-05
9.98944E-05 9.98944E-05 9.98944E-05 9.98944E-05 9.98944E-05 9.98944E-05 9.98944E-05 9.98944E-05 0.998801 9.98944E-05 9.98944E-05 9.98944E-05 9.98944E-05
9.98944E-05 9.98944E-05 9.98944E-05 9.98944E-05 9.98944E-05 9.98944E-05 9.98944E-05 0.998801 9.98944E-05 9.98944E-05 9.98944E-05 9.98944E-05 9.98944E-05
9.98944E-05 9.98944E-05 9.98944E-05 9.98944E-05 9.98944E-05 9.98944E-05 9.98944E-05 0.998801 9.98944E-05 9.98944E-05 9.98944E-05 9.98944E-05 9.98944E-05
9.98945E-05 9.98945E-05 9.98945E-05 9.98945E-05 9.98945E-05 9.98945E-05 9.98945E-05 0.998801 9.98945E-05 9.98945E-05 9.98945E-05 9.98945E-05 9.98945E-05
9.98943E-05 9.98943E-05 9.98943E-05 9.98943E-05 9.98943E-05 9.98943E-05 9.98943E-05 0.998801 9.98943E-05 9.98943E-05 9.98943E-05 9.98943E-05 9.98943E-05
9.98944E-05 9.98944E-05 9.98944E-05 9.98944E-05 9.98944E-05 9.98944E-05 9.98944E-05 0.998801 9.98944E-05 9.98944E-05 9.98944E-05 9.98944E-05 9.98944E-05
9.98944E-05 9.98944E-05 9.98944E-05 9.98944E-05 9.98944E-05 9.98944E-05 9.98944E-05 0.998801 9.98944E-05 9.98944E-05 9.98944E-05 9.98944E-05 9.98944E-05
9.98943E-05 9.98943E-05 9.98943E-05 9.98943E-05 9.98943E-05 9.98943E-05 9.98943E-05 9.98943E-05 0.998801 9.98943E-05 9.98943E-05 9.98943E-05 9.98943E-05
9.98944E-05 9.98944E-05 9.98944E-05 9.98944E-05 9.98944E-05 9.98944E-05 9.98944E-05 9.98944E-05 0.998801 9.98944E-05 9.98944E-05 9.98944E-05 9.98944E-05
9.98943E-05 9.98943E-05 9.98943E-05 9.98943E-05 9.98943E-05 9.98943E-05 9.98943E-05 9.98943E-05 0.998801 9.98943E-05 9.98943E-05 9.98943E-05 9.98943E-05
9.98945E-05 9.98945E-05 9.98945E-05 9.98945E-05 9.98945E-05 9.98945E-05 9.98945E-05 0.998801 9.98945E-05 9.98945E-05 9.98945E-05 9.98945E-05 9.98945E-05
9.98944E-05 9.98944E-05 9.98944E-05 9.98944E-05 9.98944E-05 9.98944E-05 9.98944E-05 9.98944E-05 0.998801 9.98944E-05 9.98944E-05 9.98944E-05 9.98944E-05
9.98944E-05 9.98944E-05 9.98944E-05 9.98944E-05 9.98944E-05 9.98944E-05 9.98944E-05 9.98944E-05 0.998801 9.98944E-05 9.98944E-05 9.98944E-05 9.98944E-05
9.98944E-05 9.98944E-05 9.98944E-05 9.98944E-05 9.98944E-05 9.98944E-05 9.98944E-05 9.98944E-05 0.998801 9.98944E-05 9.98944E-05 9.98944E-05 9.98944E-05
9.98944E-05 9.98944E-05 9.98944E-05 9.98944E-05 9.98944E-05 9.98944E-05 9.98944E-05 0.998801 9.98944E-05 9.98944E-05 9.98944E-05 9.98944E-05 9.98944E-05
9.98944E-05 9.98944E-05 9.98944E-05 9.98944E-05 9.98944E-05 9.98944E-05 9.98944E-05 0.998801 9.98944E-05 9.98944E-05 9.98944E-05 9.98944E-05 9.98944E-05
9.98944E-05 9.98944E-05 9.98944E-05 9.98944E-05 9.98944E-05 9.98944E-05 9.98944E-05 0.998801 9.98944E-05 9.98944E-05 9.98944E-05 9.98944E-05 9.98944E-05
9.98943E-05 9.98943E-05 9.98943E-05 9.98943E-05 9.98943E-05 9.98943E-05 9.98943E-05 9.98943E-05 0.998801 9.98943E-05 9.98943E-05 9.98943E-05 9.98943E-05
9.98944E-05 9.98944E-05 9.98944E-05 9.98944E-05 9.98944E-05 9.98944E-05 9.98944E-05 0.998801 9.98944E-05 9.98944E-05 9.98944E-05 9.98944E-05 9.98944E-05
9.98944E-05 9.98944E-05 9.98944E-05 9.98944E-05 9.98944E-05 9.98944E-05 9.98944E-05 0.998801 9.98944E-05 9.98944E-05 9.98944E-05 9.98944E-05 9.98944E-05
9.98944E-05 9.98944E-05 9.98944E-05 9.98944E-05 9.98944E-05 9.98944E-05 9.98944E-05 9.98944E-05 0.998801 9.98944E-05 9.98944E-05 9.98944E-05 9.98944E-05
9.98945E-05 9.98945E-05 9.98945E-05 9.98945E-05 9.98945E-05 9.98945E-05 9.98945E-05 0.998801 9.98945E-05 9.98945E-05 9.98945E-05 9.98945E-05 9.98945E-05
9.98944E-05 9.98944E-05 9.98944E-05 9.98944E-05 9.98944E-05 9.98944E-05 9.98944E-05 0.998801 9.98944E-05 9.98944E-05 9.98944E-05 9.98944E-05 9.98944E-05
9.9956E-05 9.9956E-05 9.9956E-05 9.9956E-05 0.129476 0.0117905 0.093039 0.0900708 0.356682 0.130639 0.0532911 9.9956E-05 0.134512
9.98943E-05 9.98943E-05 9.98943E-05 9.98943E-05 9.98943E-05 9.98943E-05 9.98943E-05 9.98943E-05 0.998801 9.98943E-05 9.98943E-05 9.98943E-05 9.98943E-05
9.98944E-05 9.98944E-05 9.98944E-05 9.98944E-05 9.98944E-05 9.98944E-05 9.98944E-05 0.998801 9.98944E-05 9.98944E-05 9.98944E-05 9.98944E-05 9.98944E-05
9.99473E-05 9.99473E-05 0.0244616 9.99473E-05 9.99473E-05 0.0144524 9.99473E-05 0.429465 0.0191109 0.359554 0.0392343 0.113122 9.99473E-05
9.99297E-05 0.14666 9.99297E-05 9.99297E-05 9.99297E-05 9.99297E-05 0.0167804 0.296319 0.215739 0.323703 9.99297E-05 9.99297E-05 9.99297E-05
9.99209E-05 9.99209E-05 9.99209E-05 9.99209E-05 9.99209E-05 9.99209E-05 9.99209E-05 0.15363 0.370854 0.402025 9.99209E-05 0.0725924 9.99209E-05
9.99472E-05 0.114415 0.0441105 9.99472E-05 0.0405334 0.016553 0.0208857 9.99472E-05 0.166484 0.596418 9.99472E-05 9.99472E-05 9.99472E-05
9.9912E-05 9.9912E-05 9.9912E-05 9.9912E-05 9.9912E-05 9.9912E-05 9.9912E-05 0.366517 0.347575 0.284909 9.9912E-05 9.9912E-05 9.9912E-05
9.99299E-05 9.99299E-05 9.99299E-05 0.022388 9.99299E-05 9.99299E-05 9.99299E-05 0.0942345 0.00250831 0.847408 9.99299E-05 9.99299E-05 0.0326619
9.99473E-05 0.0746325 9.99473E-05 9.99473E-05 9.99473E-05 9.99473E-05 0.00572873 0.307088 0.282137 0.266597 0.0504598 0.012757 9.99473E-05
9.99297E-05 9.99297E-05 9.99297E-05 9.99297E-05 9.99297E-05 9.99297E-05 0.145218 0.201454 0.0663357 0.477085 0.109108 9.99297E-05 9.99297E-05
9.99123E-05 9.99123E-05 9.99123E-05 9.99123E-05 9.99123E-05 9.99123E-05 9.99123E-05 0.205092 0.0427852 0.751123 9.99123E-05 9.99123E-05 9.99123E-05
0.104566 0.0534404 9.99297E-05 9.99297E-05 9.99297E-05 9.99297E-05 0.0154599 9.99297E-05 0.14014 0.685594 9.99297E-05 9.99297E-05 9.99297E-05
9.9921E-05 9.9921E-05 9.9921E-05 9.9921E-05 9.9921E-05 9.9921E-05 9.9921E-05 0.0785514 0.265039 0.572231 0.0832789 9.9921E-05 9.9921E-05
9.9921E-05 9.9921E-05 9.9921E-05 9.9921E-05 9.9921E-05 9.9921E-05 9.9921E-05 0.513603 0.0564324 0.359001 9.9921E-05 9.9921E-05 0.0700646
9.99385E-05 9.99385E-05 0.00349523 9.99385E-05 0.0601169 0.0723727 9.99385E-05 0.251982 0.349002 0.262332 9.99385E-05 9.99385E-05 9.99385E-05
0.00418409 9.99384E-05 0.00450262 9.99384E-05 0.168101 9.99384E-05 9.99384E-05 0.116481 0.109674 0.596359 9.99384E-05 9.99384E-05 9.99384E-05
9.99297E-05 9.99297E-05 9.99297E-05 9.99297E-05 9.99297E-05 9.99297E-05 0.0189559 0.176693 0.29446 0.440214 0.0688771 9.99297E-05 9.99297E-05
0.1513 9.99385E-05 9.99385E-05 9.99385E-05 9.99385E-05 9.99385E-05 9.99385E-05 0.285205 0.162111 0.204916 0.078045 9.99385E-05 0.117724
9.9921E-05 9.9921E-05 9.9921E-05 9.9921E-05 9.9921E-05 9.9921E-05 9.9921E-05 0.19142 0.0911491 0.668427 9.9921E-05 0.0481043 9.9921E-05
9.99385E-05 9.99385E-05 9.99385E-05 9.99385E-05 0.0237611 0.0611639 9.99385E-05 0.0906592 0.45495 0.266128 0.102638 9.99385E-05 9.99385E-05
0.0730237 9.99385E-05 9.99385E-05 9.99385E-05 9.99385E-05 9.99385E-05 0.163754 0.118826 9.99385E-05 0.395558 0.0269817 9.99385E-05 0.221157
0.0729686 9.99297E-05 9.99297E-05 9.99297E-05 9.99297E-05 9.99297E-05 9.99297E-05 0.16425 0.264567 0.448566 9.99297E-05 0.0488499 9.99297E-05
0.155917 9.99296E-05 9.99296E-05 9.99296E-05 9.99296E-05 9.99296E-05 0.0233171 0.0978246 0.149315 0.572827 9.99296E-05 9.99296E-05 9.99296E-05
0.212247 9.99386E-05 9.99386E-05 9.99386E-05 9.99386E-05 0.0634169 9.99386E-05 0.235331 9.99386E-05 0.442326 9.99386E-05 0.0239843 0.0219954
9.99385E-05 9.99385E-05 9.99385E-05 9.99385E-05 0.00980376 0.0822796 0.101789 0.191901 0.196962 0.416566 9.99385E-05 9.99385E-05 9.99385E-05
0.233865 9.99296E-05 9.99296E-05 9.99296E-05 9.99296E-05 9.99296E-05 9.99296E-05 0.123338 0.0664006 0.540172 0.0354255 9.99296E-05 9.99296E-05
9.99296E-05 9.99296E-05 0.00378441 9.99296E-05 0.154253 9.99296E-05 9.99296E-05 0.0940025 0.0178244 0.729337 9.99296E-05 9.99296E-05 9.99296E-05
9.99123E-05 9.99123E-05 9.99123E-05 9.99123E-05 9.99123E-05 9.99123E-05 9.99123E-05 0.00913918 9.99123E-05 0.964683 9.99123E-05 9.99123E-05 0.0251787
0.190486 9.9956E-05 9.9956E-05 9.9956E-05 0.01531 9.9956E-05 0.00218419 0.0901459 0.0776289 0.429299 9.9956E-05 0.0855631 0.108883
9.99209E-05 9.99209E-05 9.99209E-05 9.99209E-05 9.99209E-05 9.99209E-05 9.99209E-05 0.268318 0.330645 0.284796 9.99209E-05 0.115341 9.99209E-05
0.101291 9.99296E-05 9.99296E-05 9.99296E-05 0.0886744 9.99296E-05 0.0140147 9.99296E-05 0.108093 0.687127 9.99296E-05 9.99296E-05 9.99296E-05
9.99297E-05 9.99297E-05 9.99297E-05 9.99297E-05 0.143642 9.99297E-05 0.0647241 0.18082 0.0890421 0.520973 9.99297E-05 9.99297E-05 9.99297E-05
0.143007 9.99385E-05 9.99385E-05 9.99385E-05 9.99385E-05 9.99385E-05 9.99385E-05 0.439707 0.161544 0.235277 0.0104399 9.99385E-05 0.00932453
9.99297E-05 9.99297E-05 9.99297E-05 9.99297E-05 9.99297E-05 9.99297E-05 9.99297E-05 0.278503 0.14387 0.555948 0.0125525 9.99297E-05 0.00832757
0.105876 0.0189738 9.99472E-05 9.99472E-05 0.00903496 9.99472E-05 9.99472E-05 0.166751 0.124718 0.395059 9.99472E-05 9.99472E-05 0.178988
0.16867 9.99297E-05 9.99297E-05 9.99297E-05 9.99297E-05 9.99297E-05 9.99297E-05 0.202124 0.209422 0.37945 0.0395344 9.99297E-05 9.99297E-05
0.0137013 9.99472E-05 0.0375006 9.99472E-05 0.0535635 9.99472E-05 9.99472E-05 0.112299 0.234899 0.46457 0.0828672 9.99472E-05 9.99472E-05
9.99121E-05 9.99121E-05 9.99121E-05 9.99121E-05 9.99121E-05 9.99121E-05 9.99121E-05 0.0742889 0.269792 0.65492 9.99121E-05 9.99121E-05 9.99121E-05
9.98946E-05 9.98946E-05 9.98946E-05 9.98946E-05 9.98946E-05 9.98946E-05 9.98946E-05 9.98946E-05 9.98946E-05 0.998801 9.98946E-05 9.98946E-05 9.98946E-05
9.99384E-05 0.198132 9.99384E-05 9.99384E-05 9.99384E-05 0.0594671 9.99384E-05 9.99384E-05 0.240954 0.369105 0.062139 9.99384E-05 0.0695038
9.99297E-05 9.99297E-05 9.99297E-05 9.99297E-05 9.99297E-05 0.103382 0.0149718 9.99297E-05 0.114523 0.625953 0.140371 9.99297E-05 9.99297E-05
0.227938 0.09449 9.99384E-05 9.99384E-05 9.99384E-05 9.99384E-05 9.99384E-05 0.204371 0.0422508 0.401658 9.99384E-05 9.99384E-05 0.0285925
9.99472E-05 9.99472E-05 0.0190927 9.99472E-05 0.0553557 9.99472E-05 0.0111765 0.120506 0.355685 0.400359 0.0372257 9.99472E-05 9.99472E-05
0.163949 9.99473E-05 9.99473E-05 9.99473E-05 9.99473E-05 9.99473E-05 0.00902311 0.012117 0.110798 0.534426 9.99473E-05 0.135321 0.0337653
9.99297E-05 0.0698215 9.99297E-05 9.99297E-05 9.99297E-05 9.99297E-05 9.99297E-05 0.239783 0.184527 0.407667 9.99297E-05 0.0974018 9.99297E-05
0.108934 9.99385E-05 9.99385E-05 9.99385E-05 0.025863 9.99385E-05 9.99385E-05 0.478428 0.114982 0.253703 9.99385E-05 9.99385E-05 0.0173903
9.99297E-05 9.99297E-05 0.0452121 9.99297E-05 9.99297E-05 9.99297E-05 9.99297E-05 0.354131 0.320328 0.200535 9.99297E-05 9.99297E-05 0.0789945
0.0718305 9.99296E-05 9.99296E-05 9.99296E-05 0.0877678 9.99296E-05 9.99296E-05 0.15732 0.0934856 0.588797 9.99296E-05 9.99296E-05 9.99296E-05
