9.99736E-05 9.99736E-05 0.559619 9.99736E-05 0.192339 0.0739288 0.136169 0.037644
9.99561E-05 9.99561E-05 0.805719 9.99561E-05 0.16592 9.99561E-05 0.0278607 9.99561E-05
0.0123406 9.99561E-05 0.976036 0.0111234 9.99561E-05 9.99561E-05 9.99561E-05 9.99561E-05
0.0624463 9.99824E-05 0.348499 0.336602 9.99824E-05 0.09874 0.0879733 0.0655401
9.99561E-05 9.99561E-05 0.909577 0.0792398 9.99561E-05 9.99561E-05 9.99561E-05 0.0106835
0.102594 9.99912E-05 0.366843 0.235383 0.0923922 0.00032731 0.032223 0.170138
9.99649E-05 9.99649E-05 0.381552 0.283713 0.199033 9.99649E-05 0.135301 9.99649E-05
9.99737E-05 0.212761 0.278841 0.255109 9.99737E-05 9.99737E-05 0.0202757 0.232714
0.171853 9.99824E-05 0.295152 0.172585 0.00866847 0.11253 9.99824E-05 0.239011
9.994E-05 9.994E-05 0.9993 9.994E-05 9.994E-05 9.994E-05 9.994E-05 9.994E-05
0.078147 9.99737E-05 0.696907 9.99737E-05 9.99737E-05 0.00581489 0.130956 0.0878751
9.99473E-05 9.99473E-05 0.966774 9.99473E-05 9.99473E-05 0.0326261 9.99473E-05 9.99473E-05
0.0463032 9.99561E-05 0.916661 9.99561E-05 9.99561E-05 9.99561E-05 9.99561E-05 0.0365359
0.282873 9.99561E-05 0.677376 9.99561E-05 9.99561E-05 9.99561E-05 0.0392517 9.99561E-05
0.319415 0.0100728 0.400842 0.0104602 0.109135 9.99824E-05 9.99824E-05 0.149875
0.148255 9.99736E-05 0.260244 0.350981 9.99736E-05 9.99736E-05 0.0489517 0.191268
0.220813 9.99737E-05 0.59098 0.0866128 0.0378061 9.99737E-05 0.0634876 9.99737E-05
0.122955 0.213881 0.416677 9.99737E-05 9.99737E-05 0.142137 9.99737E-05 0.104051
0.0265413 0.054271 0.56042 0.0953751 9.99912E-05 0.0388974 0.0176409 0.206754
0.00621442 9.99561E-05 0.882631 9.99561E-05 9.99561E-05 0.110655 9.99561E-05 9.99561E-05
9.99737E-05 9.99737E-05 0.568913 0.220204 9.99737E-05 0.0160263 0.0516418 0.142915
9.99824E-05 0.0235563 0.385079 0.280661 0.0794765 9.99824E-05 0.0402033 0.190824
0.168385 0.0234893 0.751179 9.99824E-05 0.019956 0.0108932 0.0258972 9.99824E-05
0.213144 0.000463168 0.578244 0.18823 9.99736E-05 9.99736E-05 9.99736E-05 0.0196188
0.462929 9.99736E-05 0.30052 0.0274462 9.99736E-05 0.16228 9.99736E-05 0.0465252
0.208142 9.99536E-05 0.791258 9.99536E-05 9.99536E-05 9.99536E-05 9.99536E-05 9.99536E-05
0.449031 0.147376 0.0952012 0.188913 0.089554 9.99912E-05 0.00587447 0.0239496
0.187467 9.99649E-05 0.801943 9.99649E-05 0.00505706 0.00513229 9.99649E-05 9.99649E-05
0.243769 9.99649E-05 0.666606 9.99649E-05 9.99649E-05 0.0688117 0.020414 9.99649E-05
0.10964 0.00805895 0.837334 9.99737E-05 9.99737E-05 0.00859868 9.99737E-05 0.0360684
9.99824E-05 0.00810426 0.720536 9.99824E-05 0.0856671 0.0530531 0.112547 0.0198924
0.347653 9.99649E-05 0.581547 0.0335671 9.99649E-05 9.99649E-05 0.0368336 9.99649E-05
0.229402 9.99648E-05 0.645867 9.99648E-05 9.99648E-05 9.99648E-05 0.12088 0.00345157
0.268162 0.082197 0.556069 0.093172 9.99649E-05 9.99649E-05 9.99649E-05 9.99649E-05
9.99737E-05 9.99737E-05 0.883446 9.99737E-05 0.0274759 0.0373116 0.0492292 0.00223745
9.99824E-05 0.034929 0.78123 0.0553843 0.0236555 0.0461077 9.99824E-05 0.0584935
9.99649E-05 9.99649E-05 0.949163 0.0182835 0.00222729 9.99649E-05 0.0299263 9.99649E-05
0.0307867 9.99649E-05 0.660867 9.99649E-05 9.99649E-05 0.111162 9.99649E-05 0.196784
0.226837 9.99825E-05 0.599202 0.0859856 0.0511574 9.99825E-05 0.0312842 0.00533422
0.420238 9.99561E-05 0.548871 0.0303907 9.99561E-05 9.99561E-05 9.99561E-05 9.99561E-05
9.99649E-05 9.99649E-05 0.929229 0.0123196 9.99649E-05 9.99649E-05 0.0212087 0.0368428
0.060151 0.000152054 0.84722 0.0140881 0.0206928 9.99824E-05 9.99824E-05 0.0574959
9.99561E-05 9.99561E-05 0.911467 0.0209661 0.0670675 9.99561E-05 9.99561E-05 9.99561E-05
0.215077 0.0207383 0.560736 9.99912E-05 0.0130477 0.00752922 0.0769223 0.105849
0.127321 9.99737E-05 0.470769 0.301567 9.99737E-05 0.0623118 0.0377317 9.99737E-05
9.99473E-05 9.99473E-05 0.926213 9.99473E-05 9.99473E-05 0.0731871 9.99473E-05 9.99473E-05
9.99649E-05 0.0367087 0.896897 9.99649E-05 9.99649E-05 9.99649E-05 0.0238004 0.0421941
0.0222114 9.99561E-05 0.926201 9.99561E-05 9.99561E-05 0.0510875 9.99561E-05 9.99561E-05
0.198664 9.99648E-05 0.705768 0.0858509 9.99648E-05 9.99648E-05 0.00931719 9.99648E-05
9.99825E-05 0.0677795 0.826984 0.0315382 9.99825E-05 0.0238428 0.0329724 0.0166831
0.385027 9.99824E-05 0.356207 0.076359 9.99824E-05 0.00893135 0.114489 0.058787
9.99649E-05 9.99649E-05 0.733769 0.207851 9.99649E-05 0.0530185 9.99649E-05 0.00496182
9.99474E-05 0.0671572 0.932243 9.99474E-05 9.99474E-05 9.99474E-05 9.99474E-05 9.99474E-05
0.0565794 0.071731 0.662616 0.162513 9.99827E-05 0.0407729 0.00558831 9.99827E-05
0.0121273 9.99737E-05 0.903633 0.0612361 9.99737E-05 0.00635654 9.99737E-05 0.0163472
0.0602235 9.99649E-05 0.791178 9.99649E-05 9.99649E-05 0.0833662 0.0648326 9.99649E-05
9.99649E-05 0.0782982 0.803357 0.102289 0.0156564 9.99649E-05 9.99649E-05 9.99649E-05
9.99473E-05 9.99473E-05 0.944286 9.99473E-05 9.99473E-05 9.99473E-05 0.0551142 9.99473E-05
9.99561E-05 9.99561E-05 0.904199 9.99561E-05 0.0869111 9.99561E-05 0.00839058 9.99561E-05
0.294999 0.170283 0.117111 9.99824E-05 0.358169 9.99824E-05 0.0225784 0.0366587
9.99649E-05 0.012118 0.383213 0.310599 0.293671 9.99649E-05 9.99649E-05 9.99649E-05
9.99737E-05 0.192076 0.39791 0.0364417 0.365269 9.99737E-05 0.00800286 9.99737E-05
0.255993 0.110957 9.99649E-05 9.99649E-05 0.535475 9.99649E-05 9.99649E-05 0.0971758
0.027099 0.0517514 0.243874 0.257932 0.228995 0.127131 9.99912E-05 0.063117
0.396666 0.119132 0.0262123 9.99824E-05 0.361958 9.99824E-05 0.0417078 0.0541237
0.118939 0.0580916 0.0672264 9.99824E-05 0.652656 0.0261241 0.0767625 9.99824E-05
0.268885 0.244043 9.99649E-05 9.99649E-05 0.40839 9.99649E-05 9.99649E-05 0.0782817
0.213086 0.121049 0.219705 9.99649E-05 0.44576 9.99649E-05 9.99649E-05 9.99649E-05
0.0433055 0.0773449 0.360175 0.0943394 0.318518 0.00251369 0.0708492 0.0329543
0.363027 0.0816286 9.99824E-05 9.99824E-05 0.212541 0.045697 0.194694 0.102212
0.0679672 9.99824E-05 0.0936483 0.384525 0.354163 0.0411149 0.0583814 9.99824E-05
0.183648 0.00118483 0.0266352 0.254198 0.177207 9.99912E-05 0.15371 0.203317
0.266068 0.00609294 0.106556 0.119912 0.422121 9.99824E-05 0.0790501 9.99824E-05
0.225882 9.99825E-05 0.30185 0.0923502 0.303442 9.99825E-05 0.0672261 0.00904921
0.229452 0.0361591 0.288428 9.99825E-05 0.300215 9.99825E-05 0.0605477 0.0849982
0.210688 0.0877442 0.0396657 0.303441 0.337011 9.99824E-05 9.99824E-05 0.02125
9.99824E-05 0.0808095 0.227463 0.133995 0.200271 9.99824E-05 0.208368 0.148894
0.184732 0.197757 0.316884 9.99824E-05 0.214188 9.99824E-05 0.0557263 0.0305126
0.273957 0.210611 9.99824E-05 0.216634 0.255548 0.0338266 9.99824E-05 0.00922326
0.0750428 0.0462238 0.406552 0.0892372 0.373656 9.99825E-05 0.00908863 9.99825E-05
0.157679 0.086261 0.15002 0.17657 0.422626 9.99824E-05 9.99824E-05 0.00664364
0.39374 9.99649E-05 0.214136 9.99649E-05 0.330612 9.99649E-05 0.0611121 9.99649E-05
0.22372 0.153209 0.246087 0.211348 0.0739645 9.99912E-05 0.0132315 0.0783396
0.369291 0.000317271 0.270517 0.0595182 0.0133325 9.99912E-05 0.217078 0.0698464
0.154165 9.99825E-05 0.381015 9.99825E-05 0.366251 0.0190966 0.0379228 0.0413488
0.0700963 0.194251 0.443505 9.99649E-05 0.291748 9.99649E-05 9.99649E-05 9.99649E-05
0.0979647 0.0313291 0.313375 0.0454857 0.464883 0.0467625 9.99825E-05 9.99825E-05
0.145905 0.236337 0.401716 9.99737E-05 0.138348 9.99737E-05 9.99737E-05 0.0773933
0.299508 9.99649E-05 0.329066 9.99649E-05 0.293217 9.99649E-05 9.99649E-05 0.07781
0.837123 9.99473E-05 9.99473E-05 9.99473E-05 9.99473E-05 9.99473E-05 9.99473E-05 0.162278
0.874129 9.99563E-05 0.0233232 9.99563E-05 9.99563E-05 9.99563E-05 9.99563E-05 0.102048
0.933447 9.99473E-05 9.99473E-05 9.99473E-05 9.99473E-05 9.99473E-05 0.0659538 9.99473E-05
0.700941 0.121402 9.99648E-05 9.99648E-05 9.99648E-05 9.99648E-05 0.0466041 0.130654
0.825591 9.99473E-05 9.99473E-05 9.99473E-05 9.99473E-05 9.99473E-05 9.99473E-05 0.17381
0.857747 9.99473E-05 9.99473E-05 9.99473E-05 9.99473E-05 9.99473E-05 9.99473E-05 0.141654
0.790769 9.99561E-05 9.99561E-05 9.99561E-05 9.99561E-05 9.99561E-05 0.0970976 0.111633
0.752777 9.99473E-05 9.99473E-05 9.99473E-05 9.99473E-05 9.99473E-05 9.99473E-05 0.246623
0.391697 9.9956E-05 9.9956E-05 9.9956E-05 0.238353 9.9956E-05 9.9956E-05 0.36945
0.739519 9.99472E-05 9.99472E-05 9.99472E-05 9.99472E-05 9.99472E-05 9.99472E-05 0.259882
0.698098 9.99562E-05 9.99562E-05 9.99562E-05 0.268145 9.99562E-05 9.99562E-05 0.033257
0.757356 9.99561E-05 9.99561E-05 9.99561E-05 0.195736 9.99561E-05 0.0464077 9.99561E-05
0.825878 9.99561E-05 9.99561E-05 9.99561E-05 9.99561E-05 9.99561E-05 0.00923785 0.164384
0.796711 9.99474E-05 9.99474E-05 9.99474E-05 9.99474E-05 9.99474E-05 9.99474E-05 0.202689
0.558764 0.152355 9.99737E-05 9.99737E-05 9.99737E-05 0.00428581 0.0413997 0.242895
0.74591 9.99649E-05 9.99649E-05 0.00812394 0.213024 9.99649E-05 0.0325421 9.99649E-05
0.663912 9.99649E-05 9.99649E-05 9.99649E-05 0.211392 0.059001 9.99649E-05 0.065295
0.696029 9.99649E-05 9.99649E-05 0.0625223 9.99649E-05 9.99649E-05 0.0402088 0.20084
0.859966 9.99561E-05 9.99561E-05 9.99561E-05 9.99561E-05 9.99561E-05 0.0467126 0.0928218
0.789189 9.99562E-05 9.99562E-05 9.99562E-05 9.99562E-05 0.0852197 9.99562E-05 0.125091
0.833282 9.99649E-05 9.99649E-05 0.0189059 0.0484322 9.99649E-05 9.99649E-05 0.09898
0.866022 9.99561E-05 9.99561E-05 9.99561E-05 9.99561E-05 9.99561E-05 0.0375124 0.0959654
0.482287 9.99736E-05 9.99736E-05 9.99736E-05 0.0479397 0.149358 0.0569512 0.263164
0.752754 9.99474E-05 9.99474E-05 9.99474E-05 9.99474E-05 9.99474E-05 9.99474E-05 0.246646
0.574925 9.99648E-05 9.99648E-05 9.99648E-05 0.0463713 0.0960249 9.99648E-05 0.282279
0.661798 0.0265217 9.99649E-05 9.99649E-05 0.139716 9.99649E-05 9.99649E-05 0.171565
0.934493 9.99475E-05 0.0649073 9.99475E-05 9.99475E-05 9.99475E-05 9.99475E-05 9.99475E-05
0.851341 9.9956E-05 9.9956E-05 0.0131515 9.9956E-05 9.9956E-05 9.9956E-05 0.135007
0.673914 9.99561E-05 9.99561E-05 9.99561E-05 0.0745314 9.99561E-05 9.99561E-05 0.251055
0.878903 9.99561E-05 9.99561E-05 9.99561E-05 9.99561E-05 0.103283 9.99561E-05 0.0173135
0.766228 9.99649E-05 9.99649E-05 9.99649E-05 0.0437314 9.99649E-05 0.108174 0.0814671
0.852227 9.99474E-05 9.99474E-05 9.99474E-05 9.99474E-05 0.147174 9.99474E-05 9.99474E-05
0.479542 9.99561E-05 9.99561E-05 9.99561E-05 9.99561E-05 0.177941 9.99561E-05 0.342017
0.799584 9.99561E-05 9.99561E-05 9.99561E-05 9.99561E-05 0.107335 9.99561E-05 0.0925813
0.9993 9.994E-05 9.994E-05 9.994E-05 9.994E-05 9.994E-05 9.994E-05 9.994E-05
0.724567 9.99737E-05 9.99737E-05 0.0062945 0.0498739 9.99737E-05 0.0693177 0.149647
0.828605 0.0555812 9.99561E-05 9.99561E-05 9.99561E-05 9.99561E-05 9.99561E-05 0.115314
0.934735 9.99474E-05 9.99474E-05 9.99474E-05 9.99474E-05 9.99474E-05 9.99474E-05 0.064665
0.992432 9.99474E-05 9.99474E-05 9.99474E-05 9.99474E-05 9.99474E-05 9.99474E-05 0.00696826
0.95316 9.99475E-05 9.99475E-05 9.99475E-05 9.99475E-05 9.99475E-05 9.99475E-05 0.0462408
0.916927 9.99562E-05 9.99562E-05 9.99562E-05 0.040353 9.99562E-05 9.99562E-05 0.0422206
0.654183 9.99648E-05 9.99648E-05 9.99648E-05 0.153451 9.99648E-05 0.0184157 0.17355
0.683729 9.99561E-05 9.99561E-05 0.136205 9.99561E-05 9.99561E-05 9.99561E-05 0.179567
0.858382 9.99475E-05 9.99475E-05 9.99475E-05 9.99475E-05 9.99475E-05 9.99475E-05 0.141018
0.955792 9.9965E-05 0.0191356 9.9965E-05 0.0203993 9.9965E-05 0.00427279 9.9965E-05
0.302555 0.035361 9.99824E-05 9.99824E-05 0.249533 0.101381 0.0394845 0.271486
0.76094 0.0489366 9.99649E-05 9.99649E-05 9.99649E-05 9.99649E-05 0.0596531 0.13007
0.603035 0.067913 9.99825E-05 0.020616 0.145133 0.00618272 9.99825E-05 0.156921
0.63819 9.99649E-05 9.99649E-05 9.99649E-05 9.99649E-05 0.0189169 0.0175358 0.324958
0.9993 9.994E-05 9.994E-05 9.994E-05 9.994E-05 9.994E-05 9.994E-05 9.994E-05
0.767517 9.99736E-05 9.99736E-05 0.194189 9.99736E-05 0.00553087 0.0167314 0.0157326
0.828542 9.99563E-05 9.99563E-05 9.99563E-05 0.0536737 9.99563E-05 9.99563E-05 0.117285
0.872217 9.99474E-05 9.99474E-05 9.99474E-05 9.99474E-05 9.99474E-05 9.99474E-05 0.127183
0.760328 9.99561E-05 9.99561E-05 0.087482 9.99561E-05 9.99561E-05 9.99561E-05 0.15169
0.757354 0.0132071 9.99736E-05 9.99736E-05 9.99736E-05 0.00562948 0.159745 0.0637642
0.545567 9.995E-05 9.995E-05 9.995E-05 0.201737 9.995E-05 9.995E-05 0.252197
0.751585 9.99472E-05 9.99472E-05 9.99472E-05 9.99472E-05 9.99472E-05 9.99472E-05 0.247815
0.845999 9.99736E-05 9.99736E-05 0.0443827 9.99736E-05 0.0282692 0.0360856 0.0449632
0.912901 9.99474E-05 9.99474E-05 9.99474E-05 9.99474E-05 0.0864997 9.99474E-05 9.99474E-05
0.811491 9.99474E-05 9.99474E-05 9.99474E-05 9.99474E-05 9.99474E-05 9.99474E-05 0.187909
0.988807 9.99472E-05 9.99472E-05 9.99472E-05 9.99472E-05 0.0105928 9.99472E-05 9.99472E-05
9.994E-05 9.994E-05 9.994E-05 9.994E-05 9.994E-05 9.994E-05 9.994E-05 0.9993
0.945454 9.99472E-05 9.99472E-05 9.99472E-05 9.99472E-05 0.0539463 9.99472E-05 9.99472E-05
9.994E-05 9.994E-05 9.994E-05 9.994E-05 9.994E-05 9.994E-05 9.994E-05 0.9993
9.994E-05 9.994E-05 9.994E-05 9.994E-05 9.994E-05 9.994E-05 9.994E-05 0.9993
9.994E-05 9.994E-05 9.994E-05 9.994E-05 9.994E-05 9.994E-05 9.994E-05 0.9993
0.984748 9.99472E-05 9.99472E-05 9.99472E-05 9.99472E-05 0.0146522 9.99472E-05 9.99472E-05
9.994E-05 9.994E-05 9.994E-05 9.994E-05 9.994E-05 9.994E-05 9.994E-05 0.9993
9.994E-05 9.994E-05 9.994E-05 9.994E-05 9.994E-05 9.994E-05 9.994E-05 0.9993
0.92736 9.99471E-05 9.99471E-05 9.99471E-05 9.99471E-05 0.0720399 9.99471E-05 9.99471E-05
0.987124 9.99472E-05 9.99472E-05 9.99472E-05 9.99472E-05 9.99472E-05 9.99472E-05 0.0122765
0.9993 9.994E-05 9.994E-05 9.994E-05 9.994E-05 9.994E-05 9.994E-05 9.994E-05
9.994E-05 9.994E-05 9.994E-05 9.994E-05 9.994E-05 9.994E-05 9.994E-05 0.9993
9.994E-05 9.994E-05 9.994E-05 9.994E-05 9.994E-05 9.994E-05 9.994E-05 0.9993
0.9993 9.994E-05 9.994E-05 9.994E-05 9.994E-05 9.994E-05 9.994E-05 9.994E-05
0.993611 9.99472E-05 9.99472E-05 9.99472E-05 9.99472E-05 0.00578942 9.99472E-05 9.99472E-05
0.622444 0.0334318 9.99736E-05 0.143242 9.99736E-05 0.0804657 9.99736E-05 0.120117
0.984291 9.99472E-05 9.99472E-05 9.99472E-05 9.99472E-05 0.0151095 9.99472E-05 9.99472E-05
9.994E-05 9.994E-05 9.994E-05 9.994E-05 9.994E-05 9.994E-05 9.994E-05 0.9993
0.985034 9.99472E-05 9.99472E-05 9.99472E-05 9.99472E-05 9.99472E-05 9.99472E-05 0.0143668
0.939926 9.99472E-05 9.99472E-05 9.99472E-05 9.99472E-05 9.99472E-05 9.99472E-05 0.0594741
0.953378 9.99472E-05 9.99472E-05 9.99472E-05 9.99472E-05 0.0460223 9.99472E-05 9.99472E-05
9.994E-05 9.994E-05 9.994E-05 9.994E-05 9.994E-05 9.994E-05 9.994E-05 0.9993
0.984749 9.99517E-05 9.99517E-05 9.99517E-05 9.99517E-05 9.99517E-05 9.99517E-05 0.0146514
9.994E-05 9.994E-05 9.994E-05 9.994E-05 9.994E-05 9.994E-05 9.994E-05 0.9993
0.9993 9.994E-05 9.994E-05 9.994E-05 9.994E-05 9.994E-05 9.994E-05 9.994E-05
0.9993 9.994E-05 9.994E-05 9.994E-05 9.994E-05 9.994E-05 9.994E-05 9.994E-05
9.994E-05 9.994E-05 9.994E-05 9.994E-05 9.994E-05 9.994E-05 9.994E-05 0.9993
9.994E-05 9.994E-05 9.994E-05 9.994E-05 9.994E-05 9.994E-05 9.994E-05 0.9993
9.994E-05 9.994E-05 9.994E-05 9.994E-05 9.994E-05 9.994E-05 9.994E-05 0.9993
0.908625 0.00183572 9.9956E-05 9.9956E-05 9.9956E-05 0.0890398 9.9956E-05 9.9956E-05
0.942112 9.99472E-05 9.99472E-05 9.99472E-05 9.99472E-05 0.0572881 9.99472E-05 9.99472E-05
0.9993 9.994E-05 9.994E-05 9.994E-05 9.994E-05 9.994E-05 9.994E-05 9.994E-05
0.9993 9.994E-05 9.994E-05 9.994E-05 9.994E-05 9.994E-05 9.994E-05 9.994E-05
0.900746 9.9956E-05 9.9956E-05 9.9956E-05 9.9956E-05 0.0799022 9.9956E-05 0.0188516
9.994E-05 9.994E-05 9.994E-05 9.994E-05 9.994E-05 9.994E-05 9.994E-05 0.9993
9.994E-05 9.994E-05 9.994E-05 9.994E-05 9.994E-05 9.994E-05 9.994E-05 0.9993
9.994E-05 9.994E-05 9.994E-05 9.994E-05 9.994E-05 9.994E-05 9.994E-05 0.9993
0.915653 9.9956E-05 9.9956E-05 9.9956E-05 9.9956E-05 0.0281587 9.9956E-05 0.055689
9.994E-05 9.994E-05 9.994E-05 9.994E-05 9.994E-05 9.994E-05 9.994E-05 0.9993
9.994E-05 9.994E-05 9.994E-05 9.994E-05 9.994E-05 9.994E-05 9.994E-05 0.9993
9.994E-05 9.994E-05 9.994E-05 9.994E-05 9.994E-05 9.994E-05 9.994E-05 0.9993
9.994E-05 9.994E-05 9.994E-05 9.994E-05 9.994E-05 9.994E-05 9.994E-05 0.9993
0.930754 0.0024745 9.9956E-05 9.9956E-05 9.9956E-05 0.0662717 9.9956E-05 9.9956E-05
9.994E-05 9.994E-05 9.994E-05 9.994E-05 9.994E-05 9.994E-05 9.994E-05 0.9993
9.994E-05 9.994E-05 9.994E-05 9.994E-05 9.994E-05 9.994E-05 9.994E-05 0.9993
0.615567 0.0223538 9.99736E-05 0.161992 9.99736E-05 0.0826071 9.99736E-05 0.117181
0.980059 9.99472E-05 9.99472E-05 9.99472E-05 9.99472E-05 0.0193408 9.99472E-05 9.99472E-05
9.994E-05 9.994E-05 9.994E-05 9.994E-05 9.994E-05 9.994E-05 9.994E-05 0.9993
9.994E-05 9.994E-05 9.994E-05 9.994E-05 9.994E-05 9.994E-05 9.994E-05 0.9993
9.994E-05 9.994E-05 9.994E-05 9.994E-05 9.994E-05 9.994E-05 9.994E-05 0.9993
9.994E-05 9.994E-05 9.994E-05 9.994E-05 9.994E-05 9.994E-05 9.994E-05 0.9993
0.982717 9.99472E-05 9.99472E-05 9.99472E-05 9.99472E-05 0.0166828 9.99472E-05 9.99472E-05
9.994E-05 9.994E-05 9.994E-05 9.994E-05 9.994E-05 9.994E-05 9.994E-05 0.9993
0.9993 9.994E-05 9.994E-05 9.994E-05 9.994E-05 9.994E-05 9.994E-05 9.994E-05
9.994E-05 9.994E-05 9.994E-05 9.994E-05 9.994E-05 9.994E-05 9.994E-05 0.9993
0.985216 0.0141847 9.99472E-05 9.99472E-05 9.99472E-05 9.99472E-05 9.99472E-05 9.99472E-05
9.994E-05 9.994E-05 9.994E-05 9.994E-05 9.994E-05 9.994E-05 9.994E-05 0.9993
9.994E-05 9.994E-05 9.994E-05 9.994E-05 9.994E-05 9.994E-05 9.994E-05 0.9993
9.994E-05 9.994E-05 9.994E-05 9.994E-05 9.994E-05 9.994E-05 9.994E-05 0.9993
9.994E-05 9.994E-05 9.994E-05 9.994E-05 9.994E-05 9.994E-05 9.994E-05 0.9993
9.994E-05 9.994E-05 9.994E-05 9.994E-05 9.994E-05 9.994E-05 9.994E-05 0.9993
9.994E-05 9.994E-05 9.994E-05 9.994E-05 9.994E-05 9.994E-05 9.994E-05 0.9993
0.964097 0.0117834 9.9956E-05 9.9956E-05 9.9956E-05 0.0236198 9.9956E-05 9.9956E-05
0.990694 0.00870589 9.99472E-05 9.99472E-05 9.99472E-05 9.99472E-05 9.99472E-05 9.99472E-05
0.972791 9.99472E-05 9.99472E-05 9.99472E-05 9.99472E-05 0.0266094 9.99472E-05 9.99472E-05
9.994E-05 9.994E-05 9.994E-05 9.994E-05 9.994E-05 9.994E-05 9.994E-05 0.9993
0.940425 9.9956E-05 9.9956E-05 9.9956E-05 9.9956E-05 0.0447575 9.9956E-05 0.0143175
0.990359 9.9956E-05 9.9956E-05 9.9956E-05 9.9956E-05 0.00504561 9.9956E-05 0.00409523
0.953031 0.00140985 9.9956E-05 9.9956E-05 9.9956E-05 9.9956E-05 9.9956E-05 0.0450597
9.994E-05 9.994E-05 9.994E-05 9.994E-05 9.994E-05 9.994E-05 9.994E-05 0.9993
9.994E-05 9.994E-05 9.994E-05 9.994E-05 9.994E-05 9.994E-05 9.994E-05 0.9993
9.994E-05 9.994E-05 9.994E-05 9.994E-05 9.994E-05 9.994E-05 9.994E-05 0.9993
0.948728 9.99472E-05 9.99472E-05 9.99472E-05 9.99472E-05 0.050672 9.99472E-05 9.99472E-05
9.994E-05 9.994E-05 9.994E-05 9.994E-05 9.994E-05 9.994E-05 9.994E-05 0.9993
9.994E-05 9.994E-05 9.994E-05 9.994E-05 9.994E-05 9.994E-05 9.994E-05 0.9993
0.978009 9.99472E-05 9.99472E-05 9.99472E-05 9.99472E-05 0.0213917 9.99472E-05 9.99472E-05
9.994E-05 9.994E-05 9.994E-05 9.994E-05 9.994E-05 9.994E-05 9.994E-05 0.9993
9.994E-05 9.994E-05 9.994E-05 9.994E-05 9.994E-05 9.994E-05 9.994E-05 0.9993
0.614447 0.184614 9.99736E-05 9.99736E-05 0.0200098 9.99736E-05 0.094923 0.0857066
0.9993 9.994E-05 9.994E-05 9.994E-05 9.994E-05 9.994E-05 9.994E-05 9.994E-05
9.994E-05 9.994E-05 9.994E-05 9.994E-05 9.994E-05 9.994E-05 9.994E-05 0.9993
0.543936 0.0127515 9.99649E-05 9.99649E-05 9.99649E-05 9.99649E-05 0.0474044 0.395509
0.591371 9.99649E-05 9.99649E-05 0.0569041 9.99649E-05 0.0978528 9.99649E-05 0.253472
0.857549 9.9956E-05 9.9956E-05 9.9956E-05 9.9956E-05 0.00946215 9.9956E-05 0.132489
0.919367 0.0155672 9.9956E-05 0.0645665 9.9956E-05 9.9956E-05 9.9956E-05 9.9956E-05
0.692296 9.99561E-05 9.99561E-05 9.99561E-05 0.0886336 9.99561E-05 9.99561E-05 0.218571
0.715258 9.9965E-05 0.0923256 9.9965E-05 0.106164 9.9965E-05 9.9965E-05 0.0858527
0.622452 9.99736E-05 9.99736E-05 0.0316674 9.99736E-05 0.00610101 0.0185913 0.320888
0.694614 0.0718792 9.99736E-05 9.99736E-05 9.99736E-05 0.00162535 0.0860593 0.145522
0.762068 9.99474E-05 9.99474E-05 9.99474E-05 9.99474E-05 9.99474E-05 9.99474E-05 0.237332
0.839732 9.99473E-05 9.99473E-05 0.159668 9.99473E-05 9.99473E-05 9.99473E-05 9.99473E-05
0.866638 9.99561E-05 9.99561E-05 9.99561E-05 9.99561E-05 9.99561E-05 0.0437279 0.0891344
0.440655 9.99473E-05 9.99473E-05 9.99473E-05 9.99473E-05 9.99473E-05 9.99473E-05 0.558745
0.602585 9.99649E-05 9.99649E-05 0.0868963 0.0483773 9.99649E-05 9.99649E-05 0.261742
0.818284 0.0823969 9.99649E-05 9.99649E-05 9.99649E-05 0.0468621 9.99649E-05 0.0520573
0.745167 9.9956E-05 9.9956E-05 9.9956E-05 9.9956E-05 9.9956E-05 0.0342204 0.220113
0.540694 9.99649E-05 9.99649E-05 9.99649E-05 0.122733 9.99649E-05 0.0524186 0.283755
0.786872 9.99474E-05 9.99474E-05 9.99474E-05 9.99474E-05 9.99474E-05 9.99474E-05 0.212529
0.812216 0.0796143 9.99648E-05 9.99648E-05 9.99648E-05 9.99648E-05 0.0586197 0.0491497
0.530752 9.99736E-05 9.99736E-05 9.99736E-05 0.237289 0.0713705 0.0420394 0.118249
0.772559 0.0375429 9.99736E-05 0.0564055 9.99736E-05 0.0336865 9.99736E-05 0.0995058
0.699024 9.99736E-05 9.99736E-05 0.0181703 0.0671808 0.0897099 9.99736E-05 0.125615
0.645442 9.99561E-05 9.99561E-05 9.99561E-05 9.99561E-05 9.99561E-05 0.0476166 0.306442
0.664825 0.0243565 9.99824E-05 0.054161 9.99824E-05 0.0376425 0.028029 0.190785
0.769492 0.00457875 9.99648E-05 9.99648E-05 9.99648E-05 9.99648E-05 0.0286822 0.196848
0.864068 0.0920499 9.99561E-05 9.99561E-05 9.99561E-05 9.99561E-05 9.99561E-05 0.0433818
0.794116 9.99563E-05 9.99563E-05 9.99563E-05 0.191517 9.99563E-05 9.99563E-05 0.0138672
0.867956 0.0614901 9.99648E-05 0.0300122 9.99648E-05 9.99648E-05 9.99648E-05 0.0401424
0.580942 0.0854885 9.99649E-05 0.047481 9.99649E-05 9.99649E-05 9.99649E-05 0.285689
0.837469 0.0497824 9.99648E-05 0.0979866 9.99648E-05 0.0143625 9.99648E-05 9.99648E-05
0.720388 0.113993 9.99648E-05 9.99648E-05 9.99648E-05 0.0570329 9.99648E-05 0.108186
0.503098 9.99736E-05 9.99736E-05 0.0753485 0.032347 9.99736E-05 0.0271881 0.361719
0.750684 9.99561E-05 9.99561E-05 9.99561E-05 0.0187516 9.99561E-05 9.99561E-05 0.230064
0.489544 0.0695214 9.99824E-05 0.0962593 0.0475441 0.0478906 9.99824E-05 0.24904
0.635615 0.0486646 9.99737E-05 0.000417013 9.99737E-05 0.0567111 9.99737E-05 0.258292
0.724604 0.0894147 9.99648E-05 9.99648E-05 9.99648E-05 9.99648E-05 0.055088 0.130493
0.943819 9.99561E-05 9.99561E-05 9.99561E-05 9.99561E-05 0.0263827 9.99561E-05 0.0292986
0.9993 9.994E-05 9.994E-05 9.994E-05 9.994E-05 9.994E-05 9.994E-05 9.994E-05
0.622029 0.04172 9.99736E-05 9.99736E-05 0.194895 9.99736E-05 0.0936397 0.047416
0.808072 9.99561E-05 9.99561E-05 9.99561E-05 9.99561E-05 9.99561E-05 0.142586 0.0488421
0.599517 9.99561E-05 9.99561E-05 0.166344 9.99561E-05 9.99561E-05 9.99561E-05 0.233639
0.926906 9.99472E-05 9.99472E-05 9.99472E-05 9.99472E-05 9.99472E-05 9.99472E-05 0.0724938
0.736871 9.99649E-05 9.99649E-05 0.16099 0.064341 9.99649E-05 9.99649E-05 0.0373976
0.712418 9.99648E-05 9.99648E-05 0.0215381 9.99648E-05 0.0463695 9.99648E-05 0.219274
0.444678 0.0441391 9.99561E-05 9.99561E-05 9.99561E-05 9.99561E-05 9.99561E-05 0.510683
0.535013 0.0275469 9.99736E-05 9.99736E-05 0.013618 9.99736E-05 0.00769237 0.415829
0.876294 9.99472E-05 9.99472E-05 9.99472E-05 9.99472E-05 9.99472E-05 9.99472E-05 0.123106
0.9993 9.994E-05 9.994E-05 9.994E-05 9.994E-05 9.994E-05 9.994E-05 9.994E-05
0.744368 9.99561E-05 9.99561E-05 9.99561E-05 9.99561E-05 9.99561E-05 0.0363635 0.218768
0.970664 9.99474E-05 9.99474E-05 0.0287359 9.99474E-05 9.99474E-05 9.99474E-05 9.99474E-05
0.501716 0.0279076 9.99736E-05 0.0722904 0.203888 9.99736E-05 9.99736E-05 0.193897
0.967745 9.99474E-05 9.99474E-05 9.99474E-05 0.031655 9.99474E-05 9.99474E-05 9.99474E-05
0.875307 9.99649E-05 9.99649E-05 9.99649E-05 0.0291518 9.99649E-05 0.0576408 0.0375007
0.48809 9.99648E-05 9.99648E-05 0.235269 0.256445 9.99648E-05 0.0197963 9.99648E-05
0.608616 9.99561E-05 9.99561E-05 9.99561E-05 0.223525 9.99561E-05 9.99561E-05 0.167359
0.711482 9.99649E-05 9.99649E-05 0.170957 9.99649E-05 9.99649E-05 0.00829868 0.108862
0.673059 9.99473E-05 9.99473E-05 9.99473E-05 9.99473E-05 9.99473E-05 9.99473E-05 0.326341
0.916288 9.99475E-05 9.99475E-05 9.99475E-05 0.0831126 9.99475E-05 9.99475E-05 9.99475E-05
0.765722 9.99561E-05 9.99561E-05 9.99561E-05 0.0116848 9.99561E-05 9.99561E-05 0.222094
0.81987 9.99473E-05 9.99473E-05 9.99473E-05 9.99473E-05 9.99473E-05 9.99473E-05 0.17953
0.612958 9.99561E-05 9.99561E-05 9.99561E-05 0.154641 9.99561E-05 9.99561E-05 0.231901
0.9993 9.994E-05 9.994E-05 9.994E-05 9.994E-05 9.994E-05 9.994E-05 9.994E-05
0.873946 9.99475E-05 9.99475E-05 9.99475E-05 9.99475E-05 9.99475E-05 9.99475E-05 0.125454
0.970563 9.99475E-05 0.0288369 9.99475E-05 9.99475E-05 9.99475E-05 9.99475E-05 9.99475E-05
0.8719 9.99561E-05 9.99561E-05 9.99561E-05 9.99561E-05 9.99561E-05 0.0348366 0.0927636
0.795787 9.99648E-05 9.99648E-05 9.99648E-05 9.99648E-05 0.092657 0.00878267 0.102373
0.735829 9.99474E-05 9.99474E-05 9.99474E-05 9.99474E-05 9.99474E-05 9.99474E-05 0.263571
0.96921 9.99475E-05 9.99475E-05 9.99475E-05 9.99475E-05 9.99475E-05 9.99475E-05 0.0301906
0.593298 9.99737E-05 9.99737E-05 0.00712781 0.0921038 9.99737E-05 0.00570011 0.30147
0.932653 9.9956E-05 9.9956E-05 9.9956E-05 9.9956E-05 0.038687 0.0281607 9.9956E-05
0.732585 9.99562E-05 9.99562E-05 9.99562E-05 0.241121 9.99562E-05 0.0257951 9.99562E-05
0.769047 9.99561E-05 9.99561E-05 9.99561E-05 0.208686 0.0217672 9.99561E-05 9.99561E-05
0.784857 9.99562E-05 0.1108 9.99562E-05 0.103844 9.99562E-05 9.99562E-05 9.99562E-05
0.761668 9.99473E-05 9.99473E-05 9.99473E-05 9.99473E-05 9.99473E-05 9.99473E-05 0.237733
0.50762 0.11055 9.99825E-05 0.0560312 0.276435 0.0441222 0.00504121 9.99825E-05
0.942899 9.99474E-05 9.99474E-05 9.99474E-05 0.0565012 9.99474E-05 9.99474E-05 9.99474E-05
0.640653 9.99561E-05 9.99561E-05 9.99561E-05 0.240529 9.99561E-05 9.99561E-05 0.118319
0.694234 9.99562E-05 0.0669912 9.99562E-05 0.238275 9.99562E-05 9.99562E-05 9.99562E-05
0.953637 0.0457635 9.99473E-05 9.99473E-05 9.99473E-05 9.99473E-05 9.99473E-05 9.99473E-05
0.647083 9.99562E-05 9.99562E-05 9.99562E-05 0.348824 9.99562E-05 9.99562E-05 0.0035938
0.565836 9.99561E-05 9.99561E-05 9.99561E-05 9.99561E-05 9.99561E-05 0.113896 0.319767
0.648781 9.99648E-05 9.99648E-05 0.0704716 9.99648E-05 9.99648E-05 0.0742136 0.206134
0.631746 0.0745211 9.99736E-05 9.99736E-05 9.99736E-05 0.029545 0.0844093 0.179478
0.892085 9.99475E-05 9.99475E-05 9.99475E-05 0.107316 9.99475E-05 9.99475E-05 9.99475E-05
0.728774 9.99562E-05 9.99562E-05 9.99562E-05 9.99562E-05 9.99562E-05 0.0128679 0.257858
0.535787 9.99649E-05 9.99649E-05 9.99649E-05 0.184252 0.137713 9.99649E-05 0.141848
0.900103 9.99561E-05 9.99561E-05 9.99561E-05 0.0884676 9.99561E-05 9.99561E-05 0.0109299
0.822155 0.166473 9.99561E-05 9.99561E-05 9.99561E-05 9.99561E-05 9.99561E-05 0.0108723
0.629113 9.99473E-05 9.99473E-05 9.99473E-05 9.99473E-05 9.99473E-05 9.99473E-05 0.370288
0.83738 9.99561E-05 9.99561E-05 9.99561E-05 9.99561E-05 0.0508839 9.99561E-05 0.111237
0.827194 9.99648E-05 9.99648E-05 9.99648E-05 9.99648E-05 0.0297222 0.011941 0.130742
0.600243 0.000178158 9.99737E-05 9.99737E-05 0.160545 0.168562 9.99737E-05 0.0701723
0.684794 0.0926591 9.99648E-05 9.99648E-05 0.165696 9.99648E-05 9.99648E-05 0.0564509
0.465387 9.99649E-05 0.0158177 9.99649E-05 0.120623 9.99649E-05 9.99649E-05 0.397772
0.461456 9.99736E-05 9.99736E-05 9.99736E-05 0.251345 0.113237 0.16244 0.0112218
0.630039 9.99561E-05 9.99561E-05 9.99561E-05 0.187106 9.99561E-05 9.99561E-05 0.182355
0.787963 9.99474E-05 9.99474E-05 9.99474E-05 0.211437 9.99474E-05 9.99474E-05 9.99474E-05
0.488853 9.99561E-05 9.99561E-05 0.159923 9.99561E-05 9.99561E-05 9.99561E-05 0.350725
0.832602 9.99648E-05 9.99648E-05 9.99648E-05 0.0081502 9.99648E-05 0.10235 0.0564977
0.9993 9.994E-05 9.994E-05 9.994E-05 9.994E-05 9.994E-05 9.994E-05 9.994E-05
0.646476 9.99649E-05 9.99649E-05 0.0675032 0.102192 9.99649E-05 9.99649E-05 0.18343
0.394503 0.0220373 9.99824E-05 0.16898 9.99824E-05 0.077437 0.115469 0.221373
0.923425 9.99473E-05 9.99473E-05 9.99473E-05 9.99473E-05 9.99473E-05 9.99473E-05 0.0759755
0.498774 0.127905 9.99824E-05 9.99824E-05 0.193724 0.11847 0.0262845 0.0346434
0.695778 9.99562E-05 9.99562E-05 9.99562E-05 0.165495 9.99562E-05 9.99562E-05 0.138228
0.711622 9.9965E-05 0.0365798 9.9965E-05 0.126779 9.9965E-05 9.9965E-05 0.124619
0.804677 9.99561E-05 9.99561E-05 9.99561E-05 0.0703712 9.99561E-05 9.99561E-05 0.124452
0.613542 0.2189 9.99561E-05 9.99561E-05 0.167058 9.99561E-05 9.99561E-05 9.99561E-05
0.616708 9.99563E-05 9.99563E-05 9.99563E-05 0.318628 9.99563E-05 9.99563E-05 0.0641647
0.925466 9.99475E-05 9.99475E-05 9.99475E-05 0.0739343 9.99475E-05 9.99475E-05 9.99475E-05
0.833142 0.00806026 9.99737E-05 9.99737E-05 9.99737E-05 0.0591012 0.0169806 0.0824161
0.941393 9.99473E-05 9.99473E-05 9.99473E-05 9.99473E-05 0.0580077 9.99473E-05 9.99473E-05
0.9993 9.994E-05 9.994E-05 9.994E-05 9.994E-05 9.994E-05 9.994E-05 9.994E-05
0.838136 0.00572856 9.99736E-05 0.00390557 9.99736E-05 9.99736E-05 0.00299589 0.148934
0.800967 9.99649E-05 9.99649E-05 0.107213 9.99649E-05 0.0101364 9.99649E-05 0.0812838
0.829233 9.99648E-05 9.99648E-05 9.99648E-05 0.0017305 0.0994859 0.0691506 9.99648E-05
0.517743 9.99561E-05 9.99561E-05 9.99561E-05 0.142386 9.99561E-05 9.99561E-05 0.339372
0.826888 9.9956E-05 9.9956E-05 9.9956E-05 0.0170154 9.9956E-05 9.9956E-05 0.155596
0.83406 0.137733 9.99561E-05 9.99561E-05 9.99561E-05 9.99561E-05 0.0277065 9.99561E-05
0.9993 9.994E-05 9.994E-05 9.994E-05 9.994E-05 9.994E-05 9.994E-05 9.994E-05
0.644045 9.99648E-05 9.99648E-05 0.180814 0.15047 9.99648E-05 0.0242702 9.99648E-05
0.918041 0.0483694 9.9956E-05 9.9956E-05 9.9956E-05 9.9956E-05 0.0330899 9.9956E-05
0.641963 9.9956E-05 9.9956E-05 9.9956E-05 9.9956E-05 9.9956E-05 0.0849257 0.272611
0.604818 9.99648E-05 9.99648E-05 9.99648E-05 0.317843 0.0157618 9.99648E-05 0.0611772
0.633499 9.99649E-05 9.99649E-05 0.141146 9.99649E-05 9.99649E-05 0.0115699 0.213385
0.564467 9.99562E-05 9.99562E-05 9.99562E-05 0.362192 9.99562E-05 9.99562E-05 0.0728413
0.722353 0.024061 9.99648E-05 9.99648E-05 9.99648E-05 9.99648E-05 0.0952856 0.157901
0.948213 9.99474E-05 9.99474E-05 9.99474E-05 0.0511875 9.99474E-05 9.99474E-05 9.99474E-05
0.786503 9.99563E-05 9.99563E-05 9.99563E-05 0.171971 9.99563E-05 9.99563E-05 0.041026
0.62126 9.99736E-05 9.99736E-05 0.0389706 0.00496743 9.99736E-05 0.0937198 0.240782
0.638591 9.99736E-05 9.99736E-05 9.99736E-05 0.160542 0.0493231 0.00606609 0.145178
0.225614 9.99737E-05 9.99737E-05 0.196786 0.366514 9.99737E-05 0.0717925 0.138994
0.131483 9.99736E-05 9.99736E-05 0.180776 0.618537 9.99736E-05 0.0507623 0.0181407
0.120457 9.99649E-05 9.99649E-05 0.306968 0.473389 9.99649E-05 9.99649E-05 0.0987869
0.283808 9.9965E-05 9.9965E-05 0.111823 0.561182 9.9965E-05 0.042787 9.9965E-05
0.166251 0.121111 9.99912E-05 0.141172 0.408281 0.0423861 0.0372475 0.0834518
0.159854 9.99737E-05 0.214383 0.0554659 0.563983 9.99737E-05 0.00601385 9.99737E-05
0.533717 9.99824E-05 0.0103596 0.0342984 0.22553 9.99824E-05 0.0478695 0.148025
0.159546 9.99737E-05 9.99737E-05 0.106906 0.609359 9.99737E-05 0.0908001 0.0330886
0.00254115 0.0135709 0.189002 0.0631072 0.673411 9.99825E-05 0.0581681 9.99825E-05
0.092382 9.99648E-05 9.99648E-05 0.205525 0.610067 9.99648E-05 9.99648E-05 0.0916256
0.388904 0.0846187 9.99912E-05 0.0959868 0.305573 0.0406581 0.0330951 0.0510642
0.297335 9.99649E-05 0.118595 9.99649E-05 0.435858 0.147812 9.99649E-05 9.99649E-05
0.389353 9.99649E-05 9.99649E-05 0.20827 0.328108 9.99649E-05 9.99649E-05 0.0738691
0.0586124 9.9965E-05 0.247468 9.9965E-05 0.676523 9.9965E-05 0.0169961 9.9965E-05
0.408207 0.0497183 0.0221154 0.0568929 0.324462 0.00798841 0.130516 9.99912E-05
0.184234 9.99824E-05 0.0202193 0.196541 0.384421 9.99824E-05 0.0643528 0.150032
0.213212 9.99737E-05 0.00145318 9.99737E-05 0.576634 9.99737E-05 0.174244 0.0341572
0.145571 9.99737E-05 0.0736833 0.183217 0.503517 0.0937118 9.99737E-05 9.99737E-05
0.110871 9.99824E-05 9.99824E-05 0.0878001 0.515153 0.0376812 0.185729 0.062566
0.0220737 9.99649E-05 9.99649E-05 0.208585 0.619589 9.99649E-05 9.99649E-05 0.149353
0.32867 9.99824E-05 0.0273674 0.0278227 0.401706 9.99824E-05 0.0868956 0.127338
0.215589 9.99737E-05 0.0971978 0.132094 0.515003 9.99737E-05 0.0398163 9.99737E-05
0.463079 0.0965719 0.172358 0.0234645 0.142808 9.99824E-05 0.101518 9.99824E-05
9.99472E-05 0.0833454 9.99472E-05 9.99472E-05 0.916055 9.99472E-05 9.99472E-05 9.99472E-05
9.9956E-05 9.9956E-05 9.9956E-05 9.9956E-05 0.921904 0.0126026 9.9956E-05 0.0649941
9.99472E-05 9.99472E-05 9.99472E-05 9.99472E-05 0.878013 9.99472E-05 9.99472E-05 0.121387
9.99472E-05 9.99472E-05 9.99472E-05 9.99472E-05 0.991865 9.99472E-05 9.99472E-05 0.00753573
9.994E-05 9.994E-05 9.994E-05 9.994E-05 0.9993 9.994E-05 9.994E-05 9.994E-05
9.99473E-05 9.99473E-05 9.99473E-05 9.99473E-05 0.923882 9.99473E-05 9.99473E-05 0.0755179
9.99472E-05 9.99472E-05 9.99472E-05 9.99472E-05 0.94349 9.99472E-05 9.99472E-05 0.0559103
9.994E-05 9.994E-05 9.994E-05 9.994E-05 0.9993 9.994E-05 9.994E-05 9.994E-05
0.0998247 0.0212213 9.99648E-05 9.99648E-05 0.825892 9.99648E-05 9.99648E-05 0.0526619
9.99472E-05 9.99472E-05 9.99472E-05 9.99472E-05 0.763129 9.99472E-05 9.99472E-05 0.236271
9.99472E-05 0.00770599 9.99472E-05 9.99472E-05 0.991694 9.99472E-05 9.99472E-05 9.99472E-05
9.994E-05 9.994E-05 9.994E-05 9.994E-05 0.9993 9.994E-05 9.994E-05 9.994E-05
9.9956E-05 9.9956E-05 9.9956E-05 9.9956E-05 0.818319 9.9956E-05 0.00282621 0.178355
9.99473E-05 9.99473E-05 9.99473E-05 9.99473E-05 0.943985 9.99473E-05 9.99473E-05 0.0554158
9.994E-05 9.994E-05 9.994E-05 9.994E-05 0.9993 9.994E-05 9.994E-05 9.994E-05
9.99473E-05 9.99473E-05 9.99473E-05 9.99473E-05 0.964489 9.99473E-05 9.99473E-05 0.0349112
9.9956E-05 0.0260772 9.9956E-05 9.9956E-05 0.9196 9.9956E-05 9.9956E-05 0.0538233
9.99473E-05 9.99473E-05 9.99473E-05 9.99473E-05 0.977582 9.99473E-05 9.99473E-05 0.0218187
9.99473E-05 9.99473E-05 9.99473E-05 9.99473E-05 0.928856 9.99473E-05 9.99473E-05 0.0705448
9.994E-05 9.994E-05 9.994E-05 9.994E-05 0.9993 9.994E-05 9.994E-05 9.994E-05
9.99472E-05 9.99472E-05 9.99472E-05 9.99472E-05 0.716234 9.99472E-05 9.99472E-05 0.283166
9.994E-05 9.994E-05 9.994E-05 9.994E-05 0.9993 9.994E-05 9.994E-05 9.994E-05
9.9956E-05 9.9956E-05 9.9956E-05 9.9956E-05 0.712476 0.00535585 9.9956E-05 0.281669
0.9993 9.994E-05 9.994E-05 9.994E-05 9.994E-05 9.994E-05 9.994E-05 9.994E-05
9.994E-05 9.994E-05 9.994E-05 9.994E-05 0.9993 9.994E-05 9.994E-05 9.994E-05
9.99473E-05 9.99473E-05 9.99473E-05 9.99473E-05 0.996226 9.99473E-05 9.99473E-05 0.00317402
0.0424878 9.99736E-05 9.99736E-05 0.0504691 0.811858 0.0142672 0.0806182 9.99736E-05
0.0698609 9.99473E-05 9.99473E-05 9.99473E-05 0.929539 9.99473E-05 9.99473E-05 9.99473E-05
9.99472E-05 9.99472E-05 9.99472E-05 9.99472E-05 0.788659 9.99472E-05 9.99472E-05 0.210741
9.994E-05 9.994E-05 9.994E-05 9.994E-05 0.9993 9.994E-05 9.994E-05 9.994E-05
9.994E-05 9.994E-05 9.994E-05 9.994E-05 0.9993 9.994E-05 9.994E-05 9.994E-05
9.99472E-05 9.99472E-05 9.99472E-05 9.99472E-05 0.984615 0.014785 9.99472E-05 9.99472E-05
9.994E-05 9.994E-05 9.994E-05 9.994E-05 0.9993 9.994E-05 9.994E-05 9.994E-05
9.9956E-05 9.9956E-05 9.9956E-05 9.9956E-05 0.941084 0.0152778 9.9956E-05 0.0431388
9.99472E-05 9.99472E-05 9.99472E-05 9.99472E-05 0.959765 9.99472E-05 9.99472E-05 0.0396357
9.99472E-05 9.99472E-05 9.99472E-05 9.99472E-05 0.97933 9.99472E-05 9.99472E-05 0.02007
9.99472E-05 9.99472E-05 9.99472E-05 9.99472E-05 0.882453 9.99472E-05 9.99472E-05 0.116947
9.994E-05 9.994E-05 9.994E-05 9.994E-05 0.9993 9.994E-05 9.994E-05 9.994E-05
0.0353796 9.99648E-05 9.99648E-05 0.0532119 0.840467 9.99648E-05 9.99648E-05 0.0705414
9.994E-05 9.994E-05 9.994E-05 9.994E-05 0.9993 9.994E-05 9.994E-05 9.994E-05
9.994E-05 9.994E-05 9.994E-05 9.994E-05 0.9993 9.994E-05 9.994E-05 9.994E-05
9.99473E-05 0.000862419 9.99473E-05 9.99473E-05 0.998538 9.99473E-05 9.99473E-05 9.99473E-05
0.162337 0.0546045 9.99736E-05 9.99736E-05 0.655237 0.00465023 9.99736E-05 0.122872
9.994E-05 9.994E-05 9.994E-05 9.994E-05 0.9993 9.994E-05 9.994E-05 9.994E-05
9.99824E-05 9.99824E-05 0.188708 0.499413 0.150708 0.039862 0.0782314 0.0428771
9.99737E-05 9.99737E-05 0.110464 0.598815 0.0826538 9.99737E-05 0.0366837 0.171084
9.99912E-05 0.0946525 0.0584979 0.29585 0.076885 0.022798 0.198519 0.252697
0.103673 9.99824E-05 0.154045 0.449375 0.0922994 9.99824E-05 0.139823 0.0605836
0.295515 9.99824E-05 0.046049 0.352605 0.082205 9.99824E-05 0.125547 0.0978795
9.99824E-05 0.0120626 0.129924 0.403021 0.152351 9.99824E-05 0.137346 0.165096
9.99736E-05 9.99736E-05 0.0795658 0.479975 0.0938016 9.99736E-05 0.172173 0.174185
0.216601 9.99824E-05 0.132424 0.454091 0.0852598 9.99824E-05 0.0507116 0.0607128
9.99737E-05 9.99737E-05 0.044374 0.362338 0.0548054 9.99737E-05 0.167246 0.370936
0.0261353 0.185128 0.173685 0.0320441 0.16307 0.06753 0.26395 0.0884588
0.0510506 9.99824E-05 0.038936 0.427786 0.263852 9.99824E-05 0.110023 0.108152
9.99737E-05 9.99737E-05 0.0370714 0.465949 0.180439 9.99737E-05 0.165808 0.150433
0.230179 9.99912E-05 0.131137 0.336277 0.0147337 0.0700864 0.136552 0.0809352
0.0532025 9.99824E-05 0.161201 0.384967 0.0946064 9.99824E-05 0.190594 0.115229
9.99737E-05 9.99737E-05 0.0995015 0.566523 0.147261 9.99737E-05 0.0622093 0.124205
0.222681 9.99824E-05 0.0944021 0.415617 0.115954 9.99824E-05 0.0788032 0.0723434
0.0324908 9.99824E-05 0.09083 0.491169 0.159786 9.99824E-05 0.12196 0.103565
0.0874044 9.99824E-05 0.0789577 0.469319 0.0620759 9.99824E-05 0.0710184 0.231025
0.170565 9.99824E-05 0.0368367 0.248577 0.104441 9.99824E-05 0.28717 0.15221
0.11981 0.0194407 0.176704 0.330184 0.14719 9.99912E-05 0.157746 0.0488246
9.994E-05 9.994E-05 9.994E-05 9.994E-05 9.994E-05 9.994E-05 0.9993 9.994E-05
9.994E-05 9.994E-05 9.994E-05 9.994E-05 9.994E-05 9.994E-05 0.9993 9.994E-05
9.994E-05 9.994E-05 9.994E-05 9.994E-05 9.994E-05 9.994E-05 0.9993 9.994E-05
9.994E-05 9.994E-05 9.994E-05 9.994E-05 9.994E-05 9.994E-05 0.9993 9.994E-05
9.994E-05 9.994E-05 9.994E-05 9.994E-05 9.994E-05 9.994E-05 0.9993 9.994E-05
9.994E-05 9.994E-05 9.994E-05 9.994E-05 9.994E-05 9.994E-05 0.9993 9.994E-05
9.994E-05 9.994E-05 9.994E-05 9.994E-05 9.994E-05 9.994E-05 0.9993 9.994E-05
9.994E-05 9.994E-05 9.994E-05 9.994E-05 9.994E-05 9.994E-05 0.9993 9.994E-05
9.994E-05 9.994E-05 9.994E-05 9.994E-05 9.994E-05 9.994E-05 0.9993 9.994E-05
9.994E-05 9.994E-05 9.994E-05 9.994E-05 9.994E-05 9.994E-05 0.9993 9.994E-05
9.99472E-05 0.000383335 9.99472E-05 9.99472E-05 9.99472E-05 9.99472E-05 0.999017 9.99472E-05
9.994E-05 9.994E-05 9.994E-05 9.994E-05 9.994E-05 9.994E-05 0.9993 9.994E-05
9.994E-05 9.994E-05 9.994E-05 9.994E-05 9.994E-05 9.994E-05 0.9993 9.994E-05
9.994E-05 9.994E-05 9.994E-05 9.994E-05 9.994E-05 9.994E-05 0.9993 9.994E-05
9.994E-05 9.994E-05 9.994E-05 9.994E-05 9.994E-05 9.994E-05 0.9993 9.994E-05
9.994E-05 9.994E-05 9.994E-05 9.994E-05 9.994E-05 9.994E-05 0.9993 9.994E-05
9.994E-05 9.994E-05 9.994E-05 9.994E-05 9.994E-05 9.994E-05 0.9993 9.994E-05
9.994E-05 9.994E-05 9.994E-05 9.994E-05 9.994E-05 9.994E-05 0.9993 9.994E-05
9.994E-05 9.994E-05 9.994E-05 9.994E-05 9.994E-05 9.994E-05 0.9993 9.994E-05
9.994E-05 9.994E-05 9.994E-05 9.994E-05 9.994E-05 9.994E-05 0.9993 9.994E-05
9.994E-05 9.994E-05 9.994E-05 9.994E-05 9.994E-05 9.994E-05 0.9993 9.994E-05
9.994E-05 9.994E-05 9.994E-05 9.994E-05 9.994E-05 9.994E-05 0.9993 9.994E-05
9.994E-05 9.994E-05 9.994E-05 9.994E-05 9.994E-05 9.994E-05 0.9993 9.994E-05
9.994E-05 9.994E-05 9.994E-05 9.994E-05 9.994E-05 9.994E-05 0.9993 9.994E-05
9.994E-05 9.994E-05 9.994E-05 9.994E-05 9.994E-05 9.994E-05 0.9993 9.994E-05
9.994E-05 9.994E-05 9.994E-05 9.994E-05 9.994E-05 9.994E-05 0.9993 9.994E-05
9.994E-05 9.994E-05 9.994E-05 9.994E-05 9.994E-05 9.994E-05 0.9993 9.994E-05
9.994E-05 9.994E-05 9.994E-05 9.994E-05 9.994E-05 9.994E-05 0.9993 9.994E-05
9.994E-05 9.994E-05 9.994E-05 9.994E-05 9.994E-05 9.994E-05 0.9993 9.994E-05
