0.132719 0.028582 9.99824E-05 9.99824E-05 0.482046 0.00119302 0.141984 0.213276
0.0159558 9.99649E-05 9.99649E-05 0.120372 0.673301 9.99649E-05 9.99649E-05 0.189971
0.0744878 0.065511 9.99649E-05 9.99649E-05 0.854589 9.99649E-05 0.00501245 9.99649E-05
0.120671 0.395225 9.99737E-05 0.0814502 0.355309 0.0470443 9.99737E-05 9.99737E-05
9.99561E-05 0.153699 9.99561E-05 9.99561E-05 0.830129 0.015672 9.99561E-05 9.99561E-05
0.0274754 0.281585 0.0463943 0.0316468 0.248838 0.195796 0.0385842 0.12968
0.0829273 0.255098 9.99737E-05 0.142729 0.338173 9.99737E-05 9.99737E-05 0.180773
9.99825E-05 0.219201 9.99825E-05 0.0749913 0.272377 0.210586 0.109342 0.113302
0.321729 0.149157 9.99824E-05 0.0233883 0.198919 0.263711 9.99824E-05 0.0428947
0.114453 9.994E-05 9.994E-05 9.994E-05 0.884947 9.994E-05 9.994E-05 9.994E-05
0.272621 9.99649E-05 9.99649E-05 0.159816 0.546128 0.021035 9.99649E-05 9.99649E-05
9.99561E-05 0.0646021 9.99561E-05 0.0250888 0.909809 9.99561E-05 9.99561E-05 9.99561E-05
0.110882 0.0107005 9.99648E-05 9.99648E-05 0.86054 0.0174781 9.99648E-05 9.99648E-05
0.0724597 9.99649E-05 0.175356 0.0740849 0.6777 9.99649E-05 9.99649E-05 9.99649E-05
0.227837 0.0946621 0.13804 9.99737E-05 0.377901 0.16126 9.99737E-05 9.99737E-05
0.160751 0.248877 9.99912E-05 0.0328919 0.302738 0.212396 0.0316616 0.0105834
0.108598 0.0390107 0.0455388 0.0700709 0.644711 9.99824E-05 9.99824E-05 0.0918706
0.286406 0.141837 9.99824E-05 0.00339587 0.306039 0.0750415 0.187081 9.99824E-05
0.317826 0.0329828 9.99737E-05 9.99737E-05 0.353037 0.139625 0.15623 9.99737E-05
0.0487406 0.0764107 9.9956E-05 9.9956E-05 0.874349 9.9956E-05 9.9956E-05 9.9956E-05
0.108493 0.324051 9.99737E-05 0.0348204 0.44602 0.0863159 9.99737E-05 9.99737E-05
0.0503971 0.19796 9.99824E-05 0.049743 0.364425 0.27373 0.0635453 9.99824E-05
0.168165 0.0624868 0.0193929 0.0705494 0.601426 9.99825E-05 9.99825E-05 0.0777798
0.474757 0.00193937 9.99649E-05 9.99649E-05 0.421772 9.99649E-05 0.101132 9.99649E-05
0.37037 0.195649 0.0450384 0.038976 0.254356 0.0954101 9.99824E-05 9.99824E-05
0.194162 0.0276011 0.051421 0.0181372 0.676697 0.0317815 9.99824E-05 9.99824E-05
0.262032 0.0392109 0.148044 0.0958245 0.0947703 0.0189988 0.230641 0.110479
0.148628 0.035007 9.99649E-05 0.0268961 0.789069 9.99649E-05 9.99649E-05 9.99649E-05
0.305934 0.0220234 0.0269187 0.00852423 0.6363 9.99737E-05 9.99737E-05 9.99737E-05
0.0972643 9.99649E-05 0.06973 9.99649E-05 0.790182 0.0424237 9.99649E-05 9.99649E-05
0.10298 0.0213451 9.99824E-05 0.165533 0.671714 0.0266513 0.0115767 9.99824E-05
0.152966 0.0104697 0.20817 0.0838002 0.536624 0.00776963 9.99824E-05 9.99824E-05
0.212138 0.040023 9.99736E-05 0.151689 0.570494 0.0253551 9.99736E-05 9.99736E-05
0.194093 0.0897825 0.153474 0.0335001 0.468765 9.99824E-05 0.0601861 9.99824E-05
0.0586504 9.99649E-05 9.99649E-05 0.0524135 0.802088 9.99649E-05 9.99649E-05 0.0864478
0.0656823 0.087517 9.99825E-05 0.0300042 0.676842 0.00768346 9.99825E-05 0.132071
9.99649E-05 0.0936749 9.99649E-05 0.00479892 0.899193 9.99649E-05 9.99649E-05 0.00193377
0.137847 0.0228792 9.99737E-05 9.99737E-05 0.635815 0.175208 9.99737E-05 0.0279508
0.191294 0.0627664 0.1994 9.99737E-05 0.462168 9.99737E-05 9.99737E-05 0.0840713
0.0908685 0.185421 0.152127 9.99737E-05 0.556694 0.01459 9.99737E-05 9.99737E-05
0.228825 9.99561E-05 9.99561E-05 0.0363338 0.734341 9.99561E-05 9.99561E-05 9.99561E-05
0.230954 0.0111818 9.99737E-05 9.99737E-05 0.641689 0.0523282 9.99737E-05 0.0635475
9.99561E-05 9.99561E-05 0.053987 9.99561E-05 0.90091 9.99561E-05 9.99561E-05 0.044603
0.337238 9.99824E-05 9.99824E-05 0.116205 0.407285 0.111275 0.0113077 0.0164893
0.356853 0.276413 9.99649E-05 0.0256107 0.340723 9.99649E-05 9.99649E-05 9.99649E-05
0.0891797 0.125479 9.99648E-05 9.99648E-05 0.762666 0.0222758 9.99648E-05 9.99648E-05
0.142711 9.99649E-05 9.99649E-05 0.0147783 0.796683 0.0454282 9.99649E-05 9.99649E-05
0.0848242 0.122326 9.99561E-05 9.99561E-05 0.79235 9.99561E-05 9.99561E-05 9.99561E-05
0.211694 9.99561E-05 9.99561E-05 0.120768 0.667038 9.99561E-05 9.99561E-05 9.99561E-05
9.9965E-05 0.113777 9.9965E-05 9.9965E-05 0.751044 0.0894501 0.0453292 9.9965E-05
0.291002 0.0546872 0.036912 0.178629 0.320282 0.118288 9.99824E-05 9.99824E-05
0.000796078 0.254037 9.99737E-05 9.99737E-05 0.681509 0.0356982 0.0276601 9.99737E-05
0.0545575 9.99561E-05 9.99561E-05 9.99561E-05 0.906801 9.99561E-05 0.0381421 9.99561E-05
0.0181484 0.361446 0.0562069 9.99737E-05 0.541902 0.0219965 9.99737E-05 9.99737E-05
0.144153 0.0992979 9.99562E-05 9.99562E-05 0.756049 9.99562E-05 9.99562E-05 9.99562E-05
9.99649E-05 0.0327223 0.20204 0.111218 0.653621 9.99649E-05 9.99649E-05 9.99649E-05
0.081324 0.0117966 9.99824E-05 0.0231905 0.75159 0.0276172 0.104282 9.99824E-05
0.178041 9.99561E-05 9.99561E-05 0.0496749 0.771784 9.99561E-05 9.99561E-05 9.99561E-05
0.0814603 9.99736E-05 9.99736E-05 0.00805459 0.875652 0.028975 9.99736E-05 0.00555782
0.35279 9.99825E-05 9.99825E-05 0.0788983 0.0885387 0.0482128 0.101555 0.329805
0.115218 0.161685 9.99737E-05 9.99737E-05 0.345833 9.99737E-05 0.0207721 0.356192
0.0532986 9.99824E-05 0.0119358 0.0374088 0.356898 9.99824E-05 0.200875 0.339384
0.166875 9.99824E-05 0.118687 0.0110357 9.99824E-05 0.12802 0.0924263 0.482756
0.257314 0.232688 9.99912E-05 0.0412297 0.102727 0.107766 0.12166 0.136515
0.41088 9.99737E-05 9.99737E-05 0.102942 9.99737E-05 0.0913912 0.142491 0.251996
0.321256 9.99737E-05 9.99737E-05 0.0935226 9.99737E-05 0.0370932 0.0371008 0.510727
0.209731 9.99736E-05 9.99736E-05 0.0060547 9.99736E-05 0.122205 0.272411 0.389298
0.178685 9.99737E-05 0.0307663 9.99737E-05 0.194567 9.99737E-05 0.111588 0.484094
0.133908 9.99737E-05 9.99737E-05 0.189825 0.304918 0.0506017 9.99737E-05 0.320447
0.520698 9.99736E-05 9.99736E-05 0.234219 9.99736E-05 0.0927275 0.0316218 0.120433
0.226999 0.219655 9.99824E-05 0.150361 0.0205001 9.99824E-05 0.0953311 0.286954
0.142527 0.20506 0.0106847 0.256129 0.0417058 0.113103 0.0382577 0.192532
0.493382 0.0505448 9.99912E-05 0.0310633 0.0395366 0.0391906 0.0515169 0.294665
0.168915 9.99737E-05 0.10206 0.141471 0.214287 9.99737E-05 9.99737E-05 0.372967
0.199983 9.99825E-05 0.132636 0.164861 0.248924 0.0240322 9.99825E-05 0.229363
0.27529 0.173931 0.0749792 9.99824E-05 9.99824E-05 0.063872 0.165008 0.24672
0.252222 0.0120438 9.99912E-05 0.255555 0.0982419 0.0852049 0.108055 0.188577
0.243157 9.99824E-05 9.99824E-05 0.130515 0.23863 0.0411384 0.187088 0.159271
0.515348 0.0885904 9.99736E-05 0.0859938 9.99736E-05 9.99736E-05 0.0866351 0.223133
0.194627 0.0087551 9.99825E-05 0.0262708 0.343169 9.99825E-05 0.0640727 0.362905
0.322087 0.0974934 9.99824E-05 9.99824E-05 0.102931 0.00434698 0.109979 0.362962
0.175278 9.99824E-05 0.255182 0.057175 0.160004 9.99824E-05 0.0797984 0.272363
0.160776 0.128524 0.0430336 0.0687563 0.139459 0.0950879 0.24262 0.121743
0.306409 9.99649E-05 9.99649E-05 0.298705 0.303054 0.0914324 9.99649E-05 9.99649E-05
0.168355 0.0378072 0.036956 0.0104976 0.310205 0.0859127 9.99912E-05 0.350166
0.112878 9.99737E-05 0.00295806 9.99737E-05 0.390205 9.99737E-05 0.120376 0.373283
0.223501 0.102624 9.99737E-05 9.99737E-05 0.222023 9.99737E-05 0.0771117 0.374441
0.24855 9.99737E-05 9.99737E-05 9.99737E-05 0.326762 0.0951384 0.210297 0.118953
0.196372 0.0966734 0.088816 0.027262 0.294999 0.0505083 0.0226079 0.222761
0.148383 9.9956E-05 0.619687 9.9956E-05 9.9956E-05 0.231431 9.9956E-05 9.9956E-05
0.0573524 9.99649E-05 0.82755 9.99649E-05 0.00502352 0.109674 9.99649E-05 9.99649E-05
0.21525 9.99736E-05 0.646482 0.083224 9.99736E-05 0.0385691 0.0161758 9.99736E-05
0.287875 9.99736E-05 0.526131 0.071526 9.99736E-05 0.0855799 0.0285885 9.99736E-05
0.0354173 0.045222 0.598992 9.99736E-05 9.99736E-05 0.214739 0.10533 9.99736E-05
0.238014 9.99561E-05 0.560488 9.99561E-05 9.99561E-05 0.200998 9.99561E-05 9.99561E-05
0.192373 9.99736E-05 0.515366 0.0513145 9.99736E-05 0.148892 0.0917542 9.99736E-05
0.0764261 9.99648E-05 0.649771 0.0251895 9.99648E-05 0.248213 9.99648E-05 9.99648E-05
0.0927398 9.99736E-05 0.17604 0.0235198 9.99736E-05 0.466946 9.99736E-05 0.240455
0.332396 9.99649E-05 0.39223 0.0368531 9.99649E-05 0.238121 9.99649E-05 9.99649E-05
9.99649E-05 9.99649E-05 0.688615 0.0120004 9.99649E-05 0.0287814 9.99649E-05 0.270203
0.141357 9.99648E-05 0.648444 0.0558863 9.99648E-05 9.99648E-05 9.99648E-05 0.153912
9.99561E-05 9.99561E-05 0.854065 0.0189616 9.99561E-05 0.126473 9.99561E-05 9.99561E-05
0.321538 9.99561E-05 0.521174 9.99561E-05 9.99561E-05 0.156787 9.99561E-05 9.99561E-05
9.99737E-05 0.0447054 0.606123 0.0428432 9.99737E-05 0.113453 0.192576 9.99737E-05
0.223245 9.99736E-05 0.544316 0.0620293 9.99736E-05 0.068306 9.99736E-05 0.101804
0.197333 9.99648E-05 0.576352 9.99648E-05 9.99648E-05 0.0624057 9.99648E-05 0.163509
9.99649E-05 0.054429 0.667105 0.0764727 9.99649E-05 0.201594 9.99649E-05 9.99649E-05
9.99648E-05 0.0340719 0.865127 0.0427578 9.99648E-05 0.0576434 9.99648E-05 9.99648E-05
0.137011 0.0871411 0.622899 0.0211283 9.99736E-05 0.131521 9.99736E-05 9.99736E-05
0.154894 0.035857 0.640908 9.99824E-05 9.99824E-05 0.108905 0.00612435 0.0531119
0.0526441 9.99736E-05 0.692187 0.104804 9.99736E-05 0.0882228 0.061843 9.99736E-05
0.297348 0.139316 0.332822 9.99736E-05 9.99736E-05 0.214731 9.99736E-05 0.0154827
0.0812076 9.99649E-05 0.71087 0.0466436 9.99649E-05 0.160879 9.99649E-05 9.99649E-05
0.323014 0.153222 0.240403 9.99736E-05 9.99736E-05 0.259493 9.99736E-05 0.0235682
0.185893 9.99655E-05 0.474288 9.99655E-05 9.99655E-05 0.178338 9.99655E-05 0.161081
0.0825264 0.0379832 0.860988 9.99649E-05 0.0181031 9.99649E-05 9.99649E-05 9.99649E-05
0.19033 0.112139 0.4818 0.00214839 9.99736E-05 0.213283 9.99736E-05 9.99736E-05
0.337313 9.99561E-05 0.355641 9.99561E-05 9.99561E-05 0.306546 9.99561E-05 9.99561E-05
0.179404 9.99649E-05 0.704056 0.0934637 9.99649E-05 9.99649E-05 0.0226762 9.99649E-05
0.287293 9.99736E-05 0.558733 0.065535 9.99736E-05 0.081553 9.99736E-05 0.00658662
0.184441 0.0440987 0.729229 0.0221589 9.99824E-05 0.00052808 0.0193444 9.99824E-05
0.196258 0.179192 0.260555 0.0118735 9.99824E-05 0.332929 0.0189926 9.99824E-05
0.261062 0.013629 0.541011 0.0231741 9.99736E-05 0.160824 9.99736E-05 9.99736E-05
0.132901 9.99561E-05 0.854977 9.99561E-05 9.99561E-05 0.0116223 9.99561E-05 9.99561E-05
9.99736E-05 0.029737 0.718929 0.0628395 9.99736E-05 0.100636 9.99736E-05 0.0875581
0.272229 9.99736E-05 0.468619 0.0570577 9.99736E-05 0.175783 0.0260112 9.99736E-05
9.99474E-05 9.99474E-05 0.967743 9.99474E-05 9.99474E-05 0.0316573 9.99474E-05 9.99474E-05
0.0921058 9.99561E-05 0.887632 9.99561E-05 9.99561E-05 0.0197628 9.99561E-05 9.99561E-05
9.99474E-05 9.99474E-05 0.962079 0.0373211 9.99474E-05 9.99474E-05 9.99474E-05 9.99474E-05
9.99562E-05 0.0555955 0.936226 9.99562E-05 9.99562E-05 9.99562E-05 0.00767846 9.99562E-05
0.366589 0.0203473 0.270053 0.0220541 9.99824E-05 0.207387 9.99824E-05 0.113369
0.0133393 0.0660286 0.693708 9.99648E-05 9.99648E-05 0.226524 9.99648E-05 9.99648E-05
0.0889251 9.99562E-05 0.766308 9.99562E-05 9.99562E-05 0.144267 9.99562E-05 9.99562E-05
0.0269897 9.99561E-05 0.848176 9.99561E-05 0.124334 9.99561E-05 9.99561E-05 9.99561E-05
0.0954947 0.135981 0.291655 0.0279657 9.99912E-05 0.247033 0.0159916 0.185779
0.200446 9.99736E-05 0.536722 0.0648136 9.99736E-05 0.159258 0.0384607 9.99736E-05
0.13887 0.0944312 0.449965 9.99825E-05 9.99825E-05 0.169292 0.0525224 0.0947203
0.344368 0.0216544 0.288969 0.00187118 9.99736E-05 0.342837 9.99736E-05 9.99736E-05
0.045952 9.99474E-05 0.953448 9.99474E-05 9.99474E-05 9.99474E-05 9.99474E-05 9.99474E-05
0.331341 0.165344 0.413376 0.0612584 9.99736E-05 0.0283802 9.99736E-05 9.99736E-05
9.99562E-05 9.99562E-05 0.841735 9.99562E-05 9.99562E-05 0.124626 9.99562E-05 0.0331395
0.176475 9.99649E-05 0.706933 0.0241945 9.99649E-05 0.0919979 9.99649E-05 9.99649E-05
0.0708718 0.159355 0.480754 9.99824E-05 9.99824E-05 0.167539 0.0668612 0.0544185
0.160944 0.0109189 0.623319 0.0827602 9.99824E-05 0.0466186 0.0752396 9.99824E-05
0.232755 9.99648E-05 0.282981 9.99648E-05 9.99648E-05 0.250695 9.99648E-05 0.233168
0.254364 9.99648E-05 0.532891 0.0553245 9.99648E-05 0.157021 9.99648E-05 9.99648E-05
0.11388 0.0631246 0.654556 0.0557825 9.99736E-05 0.112357 9.99736E-05 9.99736E-05
0.220769 0.141835 0.636895 9.99561E-05 9.99561E-05 9.99561E-05 9.99561E-05 9.99561E-05
0.0275528 9.99561E-05 0.779799 9.99561E-05 9.99561E-05 0.192148 9.99561E-05 9.99561E-05
0.9993 9.994E-05 9.994E-05 9.994E-05 9.994E-05 9.994E-05 9.994E-05 9.994E-05
9.994E-05 9.994E-05 9.994E-05 9.994E-05 9.994E-05 0.9993 9.994E-05 9.994E-05
0.9993 9.994E-05 9.994E-05 9.994E-05 9.994E-05 9.994E-05 9.994E-05 9.994E-05
9.994E-05 9.994E-05 9.994E-05 9.994E-05 9.994E-05 0.9993 9.994E-05 9.994E-05
9.994E-05 9.994E-05 9.994E-05 9.994E-05 9.994E-05 0.9993 9.994E-05 9.994E-05
9.994E-05 9.994E-05 9.994E-05 9.994E-05 9.994E-05 0.9993 9.994E-05 9.994E-05
0.9993 9.994E-05 9.994E-05 9.994E-05 9.994E-05 9.994E-05 9.994E-05 9.994E-05
9.994E-05 9.994E-05 9.994E-05 9.994E-05 9.994E-05 0.9993 9.994E-05 9.994E-05
9.994E-05 9.994E-05 9.994E-05 9.994E-05 9.994E-05 0.9993 9.994E-05 9.994E-05
0.9993 9.994E-05 9.994E-05 9.994E-05 9.994E-05 9.994E-05 9.994E-05 9.994E-05
0.9993 9.994E-05 9.994E-05 9.994E-05 9.994E-05 9.994E-05 9.994E-05 9.994E-05
0.9993 9.994E-05 9.994E-05 9.994E-05 9.994E-05 9.994E-05 9.994E-05 9.994E-05
9.994E-05 9.994E-05 9.994E-05 9.994E-05 9.994E-05 0.9993 9.994E-05 9.994E-05
9.994E-05 9.994E-05 9.994E-05 9.994E-05 9.994E-05 0.9993 9.994E-05 9.994E-05
0.9993 9.994E-05 9.994E-05 9.994E-05 9.994E-05 9.994E-05 9.994E-05 9.994E-05
0.9993 9.994E-05 9.994E-05 9.994E-05 9.994E-05 9.994E-05 9.994E-05 9.994E-05
0.238266 0.23748 0.358928 9.99736E-05 9.99736E-05 0.100602 0.0644246 9.99736E-05
0.9993 9.994E-05 9.994E-05 9.994E-05 9.994E-05 9.994E-05 9.994E-05 9.994E-05
9.994E-05 9.994E-05 9.994E-05 9.994E-05 9.994E-05 0.9993 9.994E-05 9.994E-05
0.9993 9.994E-05 9.994E-05 9.994E-05 9.994E-05 9.994E-05 9.994E-05 9.994E-05
0.9993 9.994E-05 9.994E-05 9.994E-05 9.994E-05 9.994E-05 9.994E-05 9.994E-05
0.9993 9.994E-05 9.994E-05 9.994E-05 9.994E-05 9.994E-05 9.994E-05 9.994E-05
9.994E-05 9.994E-05 9.994E-05 9.994E-05 9.994E-05 0.9993 9.994E-05 9.994E-05
0.9993 9.994E-05 9.994E-05 9.994E-05 9.994E-05 9.994E-05 9.994E-05 9.994E-05
9.994E-05 9.994E-05 9.994E-05 9.994E-05 9.994E-05 0.9993 9.994E-05 9.994E-05
0.9993 9.994E-05 9.994E-05 9.994E-05 9.994E-05 9.994E-05 9.994E-05 9.994E-05
0.9993 9.994E-05 9.994E-05 9.994E-05 9.994E-05 9.994E-05 9.994E-05 9.994E-05
9.994E-05 9.994E-05 9.994E-05 9.994E-05 9.994E-05 0.9993 9.994E-05 9.994E-05
9.994E-05 9.994E-05 9.994E-05 9.994E-05 9.994E-05 0.9993 9.994E-05 9.994E-05
9.994E-05 9.994E-05 9.994E-05 9.994E-05 9.994E-05 0.9993 9.994E-05 9.994E-05
0.9993 9.994E-05 9.994E-05 9.994E-05 9.994E-05 9.994E-05 9.994E-05 9.994E-05
0.9993 9.994E-05 9.994E-05 9.994E-05 9.994E-05 9.994E-05 9.994E-05 9.994E-05
0.9993 9.994E-05 9.994E-05 9.994E-05 9.994E-05 9.994E-05 9.994E-05 9.994E-05
0.9993 9.994E-05 9.994E-05 9.994E-05 9.994E-05 9.994E-05 9.994E-05 9.994E-05
0.9993 9.994E-05 9.994E-05 9.994E-05 9.994E-05 9.994E-05 9.994E-05 9.994E-05
9.994E-05 9.994E-05 9.994E-05 9.994E-05 9.994E-05 0.9993 9.994E-05 9.994E-05
9.994E-05 9.994E-05 9.994E-05 9.994E-05 9.994E-05 0.9993 9.994E-05 9.994E-05
9.994E-05 9.994E-05 9.994E-05 9.994E-05 9.994E-05 0.9993 9.994E-05 9.994E-05
0.9993 9.994E-05 9.994E-05 9.994E-05 9.994E-05 9.994E-05 9.994E-05 9.994E-05
9.994E-05 9.994E-05 9.994E-05 9.994E-05 9.994E-05 0.9993 9.994E-05 9.994E-05
9.994E-05 9.994E-05 9.994E-05 9.994E-05 9.994E-05 0.9993 9.994E-05 9.994E-05
9.994E-05 9.994E-05 9.994E-05 9.994E-05 9.994E-05 0.9993 9.994E-05 9.994E-05
9.994E-05 9.994E-05 9.994E-05 9.994E-05 9.994E-05 0.9993 9.994E-05 9.994E-05
0.9993 9.994E-05 9.994E-05 9.994E-05 9.994E-05 9.994E-05 9.994E-05 9.994E-05
9.994E-05 9.994E-05 9.994E-05 9.994E-05 9.994E-05 0.9993 9.994E-05 9.994E-05
9.994E-05 9.994E-05 9.994E-05 9.994E-05 9.994E-05 0.9993 9.994E-05 9.994E-05
0.2016 0.2701 0.364208 9.99736E-05 9.99736E-05 0.125932 0.0378605 9.99736E-05
0.9993 9.994E-05 9.994E-05 9.994E-05 9.994E-05 9.994E-05 9.994E-05 9.994E-05
9.994E-05 9.994E-05 9.994E-05 9.994E-05 9.994E-05 0.9993 9.994E-05 9.994E-05
9.994E-05 9.994E-05 9.994E-05 9.994E-05 9.994E-05 0.9993 9.994E-05 9.994E-05
9.994E-05 9.994E-05 9.994E-05 9.994E-05 9.994E-05 0.9993 9.994E-05 9.994E-05
9.994E-05 9.994E-05 9.994E-05 9.994E-05 9.994E-05 0.9993 9.994E-05 9.994E-05
0.9993 9.994E-05 9.994E-05 9.994E-05 9.994E-05 9.994E-05 9.994E-05 9.994E-05
9.994E-05 9.994E-05 9.994E-05 9.994E-05 9.994E-05 0.9993 9.994E-05 9.994E-05
0.9993 9.994E-05 9.994E-05 9.994E-05 9.994E-05 9.994E-05 9.994E-05 9.994E-05
9.994E-05 9.994E-05 9.994E-05 9.994E-05 9.994E-05 0.9993 9.994E-05 9.994E-05
0.9993 9.994E-05 9.994E-05 9.994E-05 9.994E-05 9.994E-05 9.994E-05 9.994E-05
9.994E-05 9.994E-05 9.994E-05 9.994E-05 9.994E-05 0.9993 9.994E-05 9.994E-05
9.994E-05 9.994E-05 9.994E-05 9.994E-05 9.994E-05 0.9993 9.994E-05 9.994E-05
9.994E-05 9.994E-05 9.994E-05 9.994E-05 9.994E-05 0.9993 9.994E-05 9.994E-05
9.994E-05 9.994E-05 9.994E-05 9.994E-05 9.994E-05 0.9993 9.994E-05 9.994E-05
9.994E-05 9.994E-05 9.994E-05 9.994E-05 9.994E-05 0.9993 9.994E-05 9.994E-05
9.994E-05 9.994E-05 9.994E-05 9.994E-05 9.994E-05 0.9993 9.994E-05 9.994E-05
0.9993 9.994E-05 9.994E-05 9.994E-05 9.994E-05 9.994E-05 9.994E-05 9.994E-05
0.9993 9.994E-05 9.994E-05 9.994E-05 9.994E-05 9.994E-05 9.994E-05 9.994E-05
0.9993 9.994E-05 9.994E-05 9.994E-05 9.994E-05 9.994E-05 9.994E-05 9.994E-05
9.994E-05 9.994E-05 9.994E-05 9.994E-05 9.994E-05 0.9993 9.994E-05 9.994E-05
0.9993 9.994E-05 9.994E-05 9.994E-05 9.994E-05 9.994E-05 9.994E-05 9.994E-05
0.9993 9.994E-05 9.994E-05 9.994E-05 9.994E-05 9.994E-05 9.994E-05 9.994E-05
0.9993 9.994E-05 9.994E-05 9.994E-05 9.994E-05 9.994E-05 9.994E-05 9.994E-05
9.994E-05 9.994E-05 9.994E-05 9.994E-05 9.994E-05 0.9993 9.994E-05 9.994E-05
9.994E-05 9.994E-05 9.994E-05 9.994E-05 9.994E-05 0.9993 9.994E-05 9.994E-05
9.994E-05 9.994E-05 9.994E-05 9.994E-05 9.994E-05 0.9993 9.994E-05 9.994E-05
0.9993 9.994E-05 9.994E-05 9.994E-05 9.994E-05 9.994E-05 9.994E-05 9.994E-05
9.994E-05 9.994E-05 9.994E-05 9.994E-05 9.994E-05 0.9993 9.994E-05 9.994E-05
9.994E-05 9.994E-05 9.994E-05 9.994E-05 9.994E-05 0.9993 9.994E-05 9.994E-05
0.9993 9.994E-05 9.994E-05 9.994E-05 9.994E-05 9.994E-05 9.994E-05 9.994E-05
9.994E-05 9.994E-05 9.994E-05 9.994E-05 9.994E-05 0.9993 9.994E-05 9.994E-05
9.994E-05 9.994E-05 9.994E-05 9.994E-05 9.994E-05 0.9993 9.994E-05 9.994E-05
0.345787 9.99736E-05 0.254445 0.117429 9.99736E-05 0.0809827 0.201057 9.99736E-05
0.9993 9.994E-05 9.994E-05 9.994E-05 9.994E-05 9.994E-05 9.994E-05 9.994E-05
9.994E-05 9.994E-05 9.994E-05 9.994E-05 9.994E-05 0.9993 9.994E-05 9.994E-05
0.120232 9.99649E-05 0.305755 9.99649E-05 9.99649E-05 0.43972 0.133893 9.99649E-05
0.25797 0.0564439 0.350386 0.0589878 9.99736E-05 0.275912 9.99736E-05 9.99736E-05
0.399682 9.9956E-05 0.436494 9.9956E-05 9.9956E-05 0.163324 9.9956E-05 9.9956E-05
0.16309 0.126028 0.631384 9.99648E-05 9.99648E-05 9.99648E-05 0.0790988 9.99648E-05
0.36384 9.99648E-05 0.341787 9.99648E-05 9.99648E-05 0.287024 9.99648E-05 0.0069496
9.99475E-05 9.99475E-05 0.867619 9.99475E-05 9.99475E-05 0.131781 9.99475E-05 9.99475E-05
0.321202 0.0608733 0.231952 0.0314633 9.99737E-05 0.354209 9.99737E-05 9.99737E-05
0.0678312 9.99736E-05 0.484192 0.117816 9.99736E-05 0.235531 0.0943299 9.99736E-05
0.0495852 9.99561E-05 0.742107 9.99561E-05 9.99561E-05 0.207808 9.99561E-05 9.99561E-05
0.276406 0.123133 0.537149 9.99736E-05 9.99736E-05 0.049722 0.0132902 9.99736E-05
0.227485 9.99649E-05 0.572674 0.12004 9.99649E-05 0.0794006 9.99649E-05 9.99649E-05
0.105675 9.99561E-05 0.27543 9.99561E-05 9.99561E-05 0.618396 9.99561E-05 9.99561E-05
0.367913 9.99736E-05 0.173361 9.99736E-05 9.99736E-05 0.272862 0.144963 0.0406011
0.0724218 9.99648E-05 0.720826 9.99648E-05 9.99648E-05 0.0725947 0.133757 9.99648E-05
0.284292 9.99648E-05 0.494923 0.0562732 9.99648E-05 0.164112 9.99648E-05 9.99648E-05
0.240075 9.99736E-05 0.328722 0.0473176 9.99736E-05 0.236264 9.99736E-05 0.147322
0.113782 9.99649E-05 0.679842 9.99649E-05 9.99649E-05 0.197771 9.99649E-05 0.00820471
0.431289 9.99736E-05 0.309949 0.132539 9.99736E-05 0.0648885 0.0610342 9.99736E-05
0.00307127 0.104637 0.460777 0.0593725 9.99824E-05 0.130112 9.99824E-05 0.24183
0.365229 9.99648E-05 0.449893 9.99648E-05 9.99648E-05 0.17687 0.00760759 9.99648E-05
0.235118 0.0751942 0.483074 0.0294015 9.99736E-05 0.176912 9.99736E-05 9.99736E-05
9.99649E-05 0.0441863 0.66699 9.99649E-05 9.99649E-05 0.28748 9.99649E-05 0.000943589
0.200211 0.1395 0.401182 0.0289997 9.99824E-05 0.209667 0.02024 9.99824E-05
0.155468 0.0220005 0.620615 0.0213383 9.99736E-05 0.180278 9.99736E-05 9.99736E-05
0.0583093 9.99648E-05 0.695372 9.99648E-05 9.99648E-05 0.0652894 0.180629 9.99648E-05
9.99474E-05 9.99474E-05 0.890507 9.99474E-05 9.99474E-05 9.99474E-05 9.99474E-05 0.108893
0.185363 0.100183 0.596455 9.99824E-05 9.99824E-05 0.0982254 0.0140588 0.00551519
0.334552 0.0217576 0.340668 9.99736E-05 9.99736E-05 0.265176 0.0375457 9.99736E-05
0.101494 0.215199 0.650164 0.0327423 9.99648E-05 9.99648E-05 9.99648E-05 9.99648E-05
0.0902079 0.0516251 0.52712 9.99736E-05 9.99736E-05 0.176726 0.154021 9.99736E-05
0.190573 0.0688298 0.27098 0.0607676 9.99824E-05 0.402486 9.99824E-05 0.00616299
0.14929 9.99561E-05 0.558996 9.99561E-05 9.99561E-05 0.291214 9.99561E-05 9.99561E-05
0.202468 0.00562614 0.382904 9.99824E-05 9.99824E-05 0.220257 0.00505824 0.183486
0.255869 9.99736E-05 0.435738 0.0429983 9.99736E-05 0.235826 0.0292687 9.99736E-05
0.200914 9.99736E-05 0.447261 0.111462 9.99736E-05 0.178558 0.0615053 9.99736E-05
0.275768 0.0350266 0.623389 9.99648E-05 9.99648E-05 0.0654165 9.99648E-05 9.99648E-05
9.994E-05 9.994E-05 0.9993 9.994E-05 9.994E-05 9.994E-05 9.994E-05 9.994E-05
0.262516 0.0584677 0.384436 0.154355 9.99824E-05 0.00726543 9.99824E-05 0.13276
0.107138 0.0408377 0.720807 0.115661 9.99736E-05 0.0152558 9.99736E-05 9.99736E-05
0.122671 0.094055 0.44045 0.0491545 9.99824E-05 0.269022 0.0244469 9.99824E-05
0.309933 0.0108644 0.557581 9.99648E-05 9.99648E-05 0.121222 9.99648E-05 9.99648E-05
0.0998867 0.204629 0.564481 9.99649E-05 9.99649E-05 0.130604 9.99649E-05 9.99649E-05
0.159881 0.250416 0.343694 9.99649E-05 9.99649E-05 0.24561 9.99649E-05 9.99649E-05
0.131983 9.99736E-05 0.248221 9.99736E-05 9.99736E-05 0.538774 0.0250899 0.0556323
0.406966 9.99648E-05 0.209731 9.99648E-05 9.99648E-05 0.330707 9.99648E-05 0.0521964
0.18625 0.0130998 0.534921 0.0361949 9.99912E-05 0.161444 0.0399638 0.0280271
9.99473E-05 9.99473E-05 0.990865 9.99473E-05 9.99473E-05 0.00853544 9.99473E-05 9.99473E-05
0.0219191 9.99648E-05 0.688771 0.081679 9.99648E-05 0.207231 9.99648E-05 9.99648E-05
9.99474E-05 9.99474E-05 0.996327 9.99474E-05 9.99474E-05 0.00307343 9.99474E-05 9.99474E-05
0.203878 9.99736E-05 0.310916 9.99736E-05 9.99736E-05 0.200905 0.108596 0.175405
9.99561E-05 9.99561E-05 0.823853 9.99561E-05 9.99561E-05 9.99561E-05 0.0437017 0.131946
0.407413 9.99648E-05 0.492068 0.0694022 9.99648E-05 9.99648E-05 9.99648E-05 0.0307162
0.329432 9.99648E-05 0.306077 0.105095 9.99648E-05 9.99648E-05 9.99648E-05 0.258996
0.180332 9.99648E-05 0.463701 9.99648E-05 9.99648E-05 0.197936 9.99648E-05 0.157632
0.112629 0.302008 0.497792 9.99648E-05 9.99648E-05 0.0871715 9.99648E-05 9.99648E-05
0.0690524 9.99561E-05 0.572409 9.99561E-05 9.99561E-05 0.358039 9.99561E-05 9.99561E-05
0.118434 9.99562E-05 0.689626 9.99562E-05 9.99562E-05 9.99562E-05 9.99562E-05 0.19144
9.99561E-05 9.99561E-05 0.798848 0.0458207 9.99561E-05 0.154831 9.99561E-05 9.99561E-05
0.164806 9.99561E-05 0.661232 9.99561E-05 9.99561E-05 0.173462 9.99561E-05 9.99561E-05
0.134958 9.99649E-05 0.531446 9.99649E-05 9.99649E-05 0.229487 9.99649E-05 0.10371
0.0643546 9.99561E-05 0.882377 9.99561E-05 9.99561E-05 0.0527687 9.99561E-05 9.99561E-05
9.99474E-05 9.99474E-05 0.88285 9.99474E-05 9.99474E-05 0.11655 9.99474E-05 9.99474E-05
0.161223 9.99649E-05 0.786514 9.99649E-05 0.0501206 0.00174327 9.99649E-05 9.99649E-05
0.17742 9.99736E-05 0.63498 0.0437538 9.99736E-05 0.103651 0.0398941 9.99736E-05
0.0904872 0.114333 0.519954 0.0357726 9.99736E-05 0.239153 9.99736E-05 9.99736E-05
0.034562 0.0329033 0.656041 9.99649E-05 9.99649E-05 0.276094 9.99649E-05 9.99649E-05
0.028512 9.99562E-05 0.839058 9.99562E-05 9.99562E-05 0.13193 9.99562E-05 9.99562E-05
0.169033 9.99737E-05 0.444317 0.0773929 9.99737E-05 0.257467 9.99737E-05 0.0514899
0.406901 0.02465 0.476886 0.0447396 9.99736E-05 0.0465237 9.99736E-05 9.99736E-05
0.00527285 9.99562E-05 0.641428 9.99562E-05 9.99562E-05 9.99562E-05 9.99562E-05 0.3528
0.172782 9.99824E-05 0.482169 0.0350877 9.99824E-05 0.0542294 0.060463 0.195069
0.097738 9.99649E-05 0.746771 9.99649E-05 0.0746502 9.99649E-05 9.99649E-05 0.0804408
0.264824 9.99561E-05 0.392953 9.99561E-05 9.99561E-05 0.341723 9.99561E-05 9.99561E-05
9.99737E-05 0.181368 0.55238 0.00563287 9.99737E-05 9.99737E-05 0.0520418 0.208278
0.103904 9.99473E-05 0.895496 9.99473E-05 9.99473E-05 9.99473E-05 9.99473E-05 9.99473E-05
0.12855 9.99736E-05 0.490772 0.02961 9.99736E-05 0.122491 9.99736E-05 0.228276
9.99561E-05 9.99561E-05 0.78298 9.99561E-05 0.0461446 9.99561E-05 9.99561E-05 0.170376
0.292046 0.0371144 0.664783 0.0056565 9.99648E-05 9.99648E-05 9.99648E-05 9.99648E-05
9.99474E-05 9.99474E-05 0.768918 9.99474E-05 9.99474E-05 9.99474E-05 9.99474E-05 0.230482
9.99648E-05 9.99648E-05 0.470837 0.0553311 9.99648E-05 0.340776 9.99648E-05 0.132656
0.0347336 0.101335 0.552823 0.0480097 9.99736E-05 0.262798 9.99736E-05 9.99736E-05
0.138067 0.167279 0.557088 0.00486422 9.99736E-05 0.132403 9.99736E-05 9.99736E-05
9.99474E-05 9.99474E-05 0.932012 9.99474E-05 9.99474E-05 9.99474E-05 9.99474E-05 0.0673887
0.0354043 9.99649E-05 0.673974 0.028596 9.99649E-05 0.261626 9.99649E-05 9.99649E-05
0.0315816 0.113339 0.471534 9.99824E-05 9.99824E-05 0.165262 0.0253053 0.192778
0.132431 9.99561E-05 0.768503 9.99561E-05 9.99561E-05 9.99561E-05 9.99561E-05 0.0985669
0.328091 9.99648E-05 0.54831 0.0603671 9.99648E-05 9.99648E-05 0.0628325 9.99648E-05
0.255138 9.99648E-05 0.340756 0.00831373 9.99648E-05 0.395393 9.99648E-05 9.99648E-05
0.286078 0.0818774 0.479013 0.00903744 9.99736E-05 0.143694 9.99736E-05 9.99736E-05
0.354903 0.01256 0.411602 0.0606096 9.99736E-05 0.160026 9.99736E-05 9.99736E-05
0.215157 0.171275 0.37741 9.99737E-05 9.99737E-05 0.0850092 9.99737E-05 0.15085
0.345143 9.99736E-05 0.322726 9.99736E-05 9.99736E-05 0.035469 0.130597 0.165766
0.200575 9.99737E-05 0.362272 9.99737E-05 9.99737E-05 0.384243 0.0300259 0.0225841
0.0672301 0.125027 0.32115 0.193445 9.99824E-05 0.0254804 9.99824E-05 0.267467
9.99561E-05 9.99561E-05 0.681793 9.99561E-05 9.99561E-05 0.200775 9.99561E-05 0.116932
0.0846442 9.99561E-05 0.735394 9.99561E-05 9.99561E-05 9.99561E-05 9.99561E-05 0.179462
9.9956E-05 0.277693 0.405187 9.9956E-05 9.9956E-05 0.31662 9.9956E-05 9.9956E-05
0.364736 9.99648E-05 0.39407 0.165218 9.99648E-05 0.0755761 9.99648E-05 9.99648E-05
0.545137 9.99561E-05 0.402273 9.99561E-05 9.99561E-05 9.99561E-05 0.0520898 9.99561E-05
0.522915 0.0794219 0.276214 9.99649E-05 9.99649E-05 0.121049 9.99649E-05 9.99649E-05
9.99736E-05 0.240606 0.366747 0.0698106 9.99736E-05 0.24086 0.0816772 9.99736E-05
0.44885 9.99648E-05 0.457921 9.99648E-05 9.99648E-05 0.0873357 0.00549353 9.99648E-05
0.138342 0.162134 0.345903 0.0822923 9.99912E-05 0.0431173 0.116471 0.111641
9.99649E-05 9.99649E-05 0.810079 9.99649E-05 0.0146522 0.0833643 9.99649E-05 0.0915048
0.122349 9.99737E-05 0.607656 9.99737E-05 0.0583045 0.14511 9.99737E-05 0.0662806
0.214632 9.99737E-05 0.450902 0.0849044 9.99737E-05 0.0899605 9.99737E-05 0.159302
0.275604 9.99736E-05 0.292978 0.0589196 9.99736E-05 9.99736E-05 0.27493 0.0972689
9.99474E-05 9.99474E-05 0.843558 9.99474E-05 9.99474E-05 9.99474E-05 9.99474E-05 0.155842
9.99474E-05 9.99474E-05 0.897558 9.99474E-05 9.99474E-05 9.99474E-05 9.99474E-05 0.101842
9.99736E-05 0.102742 0.721935 0.0241224 9.99736E-05 0.128035 0.0228655 9.99736E-05
0.213776 9.99649E-05 0.570785 9.99649E-05 9.99649E-05 0.135666 0.0793732 9.99649E-05
0.239958 9.99561E-05 0.739839 0.0197034 9.99561E-05 9.99561E-05 9.99561E-05 9.99561E-05
0.334047 0.0144774 0.567701 9.99736E-05 9.99736E-05 0.0737147 0.00975931 9.99736E-05
0.256212 0.0347304 0.527471 9.99649E-05 9.99649E-05 0.181187 9.99649E-05 9.99649E-05
0.415936 0.109777 0.329476 0.0916756 9.99736E-05 9.99736E-05 9.99736E-05 0.0528357
9.99561E-05 9.99561E-05 0.574402 9.99561E-05 9.99561E-05 0.300856 9.99561E-05 0.124242
0.183593 9.99648E-05 0.613179 9.99648E-05 9.99648E-05 0.1599 9.99648E-05 0.0429269
0.373189 9.99736E-05 0.488109 0.0363238 9.99736E-05 0.0113688 0.0907102 9.99736E-05
0.0368939 0.0207227 0.868455 0.0133682 9.99737E-05 0.0602607 9.99737E-05 9.99737E-05
0.437197 0.199118 0.202049 9.99648E-05 9.99648E-05 9.99648E-05 9.99648E-05 0.161237
0.311234 9.99648E-05 0.517739 0.0379463 9.99648E-05 9.99648E-05 0.13268 9.99648E-05
0.175694 9.99648E-05 0.412746 0.189941 9.99648E-05 0.22122 9.99648E-05 9.99648E-05
0.253205 0.105527 0.333283 9.99736E-05 9.99736E-05 0.0387026 9.99736E-05 0.268983
0.104077 0.12988 0.526007 0.0616823 9.99736E-05 0.178053 9.99736E-05 9.99736E-05
9.99561E-05 9.99561E-05 0.545836 9.99561E-05 9.99561E-05 0.0325945 9.99561E-05 0.421069
0.249227 9.99648E-05 0.409933 0.144313 9.99648E-05 0.196127 9.99648E-05 9.99648E-05
0.112416 9.99561E-05 0.876506 9.99561E-05 9.99561E-05 9.99561E-05 9.99561E-05 0.0105786
9.99474E-05 9.99474E-05 0.680463 9.99474E-05 9.99474E-05 9.99474E-05 9.99474E-05 0.318937
0.129888 0.215482 0.326861 0.0869585 9.99824E-05 0.153233 9.99824E-05 0.0873778
0.196282 0.06573 0.46281 0.00243733 9.99824E-05 0.158445 9.99824E-05 0.114096
0.222589 0.0679594 9.99824E-05 0.0724368 0.00165952 0.218494 9.99824E-05 0.416661
0.292475 0.0873843 9.99736E-05 0.076345 9.99736E-05 0.0270575 9.99736E-05 0.516438
0.195251 0.206905 9.99736E-05 0.0423176 9.99736E-05 0.122245 9.99736E-05 0.432981
0.196454 0.0843547 0.139692 0.0798602 9.99737E-05 9.99737E-05 9.99737E-05 0.499339
0.173964 0.078917 0.0846018 0.030291 9.99912E-05 0.0597215 0.198334 0.374072
0.264783 0.0593798 9.9965E-05 9.9965E-05 0.137544 9.9965E-05 9.9965E-05 0.537892
0.630741 9.99649E-05 9.99649E-05 0.0736658 9.99649E-05 0.173142 9.99649E-05 0.122051
0.0789703 0.103232 0.0771447 0.030769 9.99825E-05 0.15968 9.99825E-05 0.550003
9.99825E-05 0.106159 0.00114301 0.0353638 0.182353 9.99825E-05 0.0474531 0.627328
0.215762 0.0911645 9.99736E-05 0.0171394 9.99736E-05 0.10799 9.99736E-05 0.567644
0.377521 0.288195 0.00966177 0.0775564 9.99824E-05 0.0550077 9.99824E-05 0.191858
0.322194 0.139613 0.0674797 9.99737E-05 0.0601296 9.99737E-05 9.99737E-05 0.410284
0.327609 0.219976 9.99737E-05 0.00866599 9.99737E-05 0.105299 9.99737E-05 0.33815
0.126407 9.99562E-05 9.99562E-05 9.99562E-05 0.352145 9.99562E-05 9.99562E-05 0.520949
0.367182 0.0669192 0.0642074 0.139792 0.00895681 9.99912E-05 0.00666298 0.34618
0.206081 0.0919876 9.99737E-05 0.141586 9.99737E-05 0.13776 9.99737E-05 0.422286
0.230495 9.99736E-05 0.0169193 0.196171 9.99736E-05 0.145097 9.99736E-05 0.411017
0.330192 0.164925 9.99561E-05 9.99561E-05 9.99561E-05 9.99561E-05 9.99561E-05 0.504383
0.230518 0.0848482 9.99737E-05 0.203195 9.99737E-05 0.0278654 9.99737E-05 0.453273
0.260716 0.081526 9.99737E-05 0.0136701 9.99737E-05 0.0939255 9.99737E-05 0.549862
0.482526 9.99649E-05 9.99649E-05 0.166369 9.99649E-05 0.0741473 9.99649E-05 0.276558
0.315378 0.0293321 9.99825E-05 0.0842799 0.0965329 0.0106681 9.99825E-05 0.463609
0.49181 0.163906 9.99912E-05 0.0888937 0.0540207 0.0334324 0.0240663 0.143771
9.9956E-05 9.9956E-05 9.9956E-05 9.9956E-05 9.9956E-05 0.0152807 0.026225 0.957995
9.99472E-05 9.99472E-05 9.99472E-05 9.99472E-05 9.99472E-05 0.0687217 9.99472E-05 0.930679
0.0832629 9.9956E-05 9.9956E-05 9.9956E-05 9.9956E-05 0.077525 9.9956E-05 0.838712
0.121475 9.99472E-05 9.99472E-05 9.99472E-05 9.99472E-05 9.99472E-05 9.99472E-05 0.877925
9.994E-05 9.994E-05 9.994E-05 9.994E-05 9.994E-05 9.994E-05 9.994E-05 0.9993
0.0113564 9.9956E-05 9.9956E-05 9.9956E-05 9.9956E-05 0.0826378 9.9956E-05 0.905506
9.99648E-05 9.99648E-05 9.99648E-05 0.0318957 9.99648E-05 0.0632869 0.00820568 0.896212
0.00738093 9.99474E-05 9.99474E-05 9.99474E-05 9.99474E-05 9.99474E-05 9.99474E-05 0.992019
0.164017 9.99561E-05 9.99561E-05 9.99561E-05 9.99561E-05 0.0547458 9.99561E-05 0.780737
0.14306 9.9956E-05 9.9956E-05 9.9956E-05 9.9956E-05 0.136537 9.9956E-05 0.719904
0.0245165 9.9956E-05 9.9956E-05 9.9956E-05 9.9956E-05 9.9956E-05 0.0129085 0.962075
9.994E-05 9.994E-05 9.994E-05 9.994E-05 9.994E-05 9.994E-05 9.994E-05 0.9993
0.120892 9.9956E-05 9.9956E-05 9.9956E-05 9.9956E-05 0.163564 9.9956E-05 0.715044
9.99473E-05 9.99473E-05 9.99473E-05 9.99473E-05 9.99473E-05 0.0278709 9.99473E-05 0.971529
9.994E-05 9.994E-05 9.994E-05 9.994E-05 9.994E-05 9.994E-05 9.994E-05 0.9993
0.0596361 9.99736E-05 0.0343521 9.99736E-05 9.99736E-05 0.0168059 0.0385594 0.850347
9.99472E-05 9.99472E-05 9.99472E-05 9.99472E-05 9.99472E-05 9.99472E-05 0.0273569 0.972043
9.99473E-05 9.99473E-05 9.99473E-05 9.99473E-05 9.99473E-05 0.0066387 9.99473E-05 0.992762
9.99472E-05 9.99472E-05 9.99472E-05 9.99472E-05 9.99472E-05 0.109049 9.99472E-05 0.890351
9.994E-05 9.994E-05 9.994E-05 9.994E-05 9.994E-05 9.994E-05 9.994E-05 0.9993
0.0480301 9.9956E-05 9.9956E-05 9.9956E-05 9.9956E-05 0.247729 9.9956E-05 0.703741
0.017068 9.99473E-05 9.99473E-05 9.99473E-05 9.99473E-05 9.99473E-05 9.99473E-05 0.982332
0.136349 9.9956E-05 9.9956E-05 9.9956E-05 9.9956E-05 0.207295 9.9956E-05 0.655856
0.189881 9.99561E-05 0.797302 9.99561E-05 9.99561E-05 9.99561E-05 0.0123168 9.99561E-05
9.994E-05 9.994E-05 9.994E-05 9.994E-05 9.994E-05 9.994E-05 9.994E-05 0.9993
9.994E-05 9.994E-05 9.994E-05 9.994E-05 9.994E-05 9.994E-05 9.994E-05 0.9993
0.232346 9.9956E-05 9.9956E-05 0.087655 9.9956E-05 9.9956E-05 9.9956E-05 0.6795
0.0122898 9.99472E-05 9.99472E-05 9.99472E-05 9.99472E-05 9.99472E-05 9.99472E-05 0.987111
0.1142 9.9956E-05 9.9956E-05 9.9956E-05 9.9956E-05 0.184784 9.9956E-05 0.700516
9.994E-05 9.994E-05 9.994E-05 9.994E-05 9.994E-05 9.994E-05 9.994E-05 0.9993
9.994E-05 9.994E-05 9.994E-05 9.994E-05 9.994E-05 9.994E-05 9.994E-05 0.9993
0.161702 9.99472E-05 9.99472E-05 9.99472E-05 9.99472E-05 9.99472E-05 9.99472E-05 0.837698
9.99473E-05 9.99473E-05 9.99473E-05 9.99473E-05 9.99473E-05 9.99473E-05 0.0238979 0.975502
0.0965207 9.99472E-05 9.99472E-05 9.99472E-05 9.99472E-05 9.99472E-05 9.99472E-05 0.90288
9.99472E-05 9.99472E-05 9.99472E-05 9.99472E-05 9.99472E-05 0.10114 9.99472E-05 0.89826
0.187386 9.99472E-05 9.99472E-05 9.99472E-05 9.99472E-05 9.99472E-05 9.99472E-05 0.812014
0.0284124 9.9956E-05 9.9956E-05 9.9956E-05 9.9956E-05 0.0838481 9.9956E-05 0.88724
9.994E-05 9.994E-05 9.994E-05 9.994E-05 9.994E-05 9.994E-05 9.994E-05 0.9993
0.0708982 0.0554668 9.99648E-05 9.99648E-05 9.99648E-05 0.0268757 9.99648E-05 0.846359
9.99473E-05 9.99473E-05 9.99473E-05 9.99473E-05 9.99473E-05 0.0147777 9.99473E-05 0.984623
9.994E-05 9.994E-05 9.994E-05 9.994E-05 9.994E-05 9.994E-05 9.994E-05 0.9993
0.0134578 9.99473E-05 9.99473E-05 9.99473E-05 9.99473E-05 9.99473E-05 9.99473E-05 0.985943
0.28969 0.00365349 9.99824E-05 0.0210368 9.99824E-05 0.0928828 0.0015084 0.591028
0.0448028 9.9956E-05 9.9956E-05 0.00249888 9.9956E-05 9.9956E-05 9.9956E-05 0.952199
0.219314 0.342658 9.99912E-05 0.15215 0.085381 0.0646492 0.00923262 0.126516
0.128688 0.415548 9.99824E-05 0.0803615 0.0298384 0.228779 9.99824E-05 0.116585
0.0773988 0.278391 9.99825E-05 0.222082 9.99825E-05 0.232147 0.135629 0.0541514
0.229732 0.342005 9.99912E-05 0.198846 0.0241678 0.158245 0.0105919 0.036313
0.207586 0.302806 9.99825E-05 0.177295 0.00166935 0.171723 9.99825E-05 0.138719
0.268659 0.126434 9.99912E-05 0.150223 0.0206266 0.143869 0.143558 0.146531
0.245379 0.303627 9.99824E-05 0.166012 0.0715187 0.169374 9.99824E-05 0.0438896
0.424713 0.231191 9.99824E-05 0.104608 9.99824E-05 0.107218 0.0376817 0.0943873
0.0552197 0.266862 9.99824E-05 0.124044 0.00788971 0.452239 9.99824E-05 0.0935464
0.221798 0.0596768 9.99912E-05 0.332028 0.045769 0.0564848 0.16038 0.123763
0.220794 0.234575 9.99825E-05 0.145709 9.99825E-05 0.123079 0.0498823 0.22576
0.126884 0.320849 9.99825E-05 0.180128 9.99825E-05 0.195367 0.022185 0.154387
0.275174 0.275091 9.99825E-05 0.17996 0.0126778 0.169229 0.087667 9.99825E-05
0.284113 0.214596 9.99824E-05 0.252561 0.0794052 0.12734 9.99824E-05 0.0417846
0.144259 0.422228 9.99912E-05 0.0911052 0.0467397 0.139188 0.0246092 0.131771
0.418728 0.218631 9.99824E-05 0.066217 9.99824E-05 0.080751 0.167599 0.047873
0.341936 0.243788 9.99824E-05 0.169514 0.0143293 0.132517 9.99824E-05 0.097716
0.140926 0.38392 9.99912E-05 0.101906 0.0276668 0.293465 0.0351944 0.0168218
0.213129 0.190974 9.99825E-05 0.319797 9.99825E-05 0.212744 0.0391138 0.0240426
0.38753 0.108196 9.99912E-05 0.226831 0.0700491 0.0966685 0.102066 0.00855923
9.994E-05 9.994E-05 9.994E-05 0.9993 9.994E-05 9.994E-05 9.994E-05 9.994E-05
9.994E-05 9.994E-05 9.994E-05 0.9993 9.994E-05 9.994E-05 9.994E-05 9.994E-05
9.994E-05 9.994E-05 9.994E-05 0.9993 9.994E-05 9.994E-05 9.994E-05 9.994E-05
9.994E-05 9.994E-05 9.994E-05 0.9993 9.994E-05 9.994E-05 9.994E-05 9.994E-05
9.994E-05 9.994E-05 9.994E-05 0.9993 9.994E-05 9.994E-05 9.994E-05 9.994E-05
9.994E-05 9.994E-05 9.994E-05 0.9993 9.994E-05 9.994E-05 9.994E-05 9.994E-05
9.994E-05 9.994E-05 9.994E-05 0.9993 9.994E-05 9.994E-05 9.994E-05 9.994E-05
9.99472E-05 9.99472E-05 9.99472E-05 0.995039 9.99472E-05 9.99472E-05 0.00436082 9.99472E-05
9.994E-05 9.994E-05 9.994E-05 0.9993 9.994E-05 9.994E-05 9.994E-05 9.994E-05
9.994E-05 9.994E-05 9.994E-05 0.9993 9.994E-05 9.994E-05 9.994E-05 9.994E-05
9.994E-05 9.994E-05 9.994E-05 0.9993 9.994E-05 9.994E-05 9.994E-05 9.994E-05
9.994E-05 9.994E-05 9.994E-05 0.9993 9.994E-05 9.994E-05 9.994E-05 9.994E-05
9.994E-05 9.994E-05 9.994E-05 0.9993 9.994E-05 9.994E-05 9.994E-05 9.994E-05
9.994E-05 9.994E-05 9.994E-05 0.9993 9.994E-05 9.994E-05 9.994E-05 9.994E-05
9.994E-05 9.994E-05 9.994E-05 0.9993 9.994E-05 9.994E-05 9.994E-05 9.994E-05
9.994E-05 9.994E-05 9.994E-05 0.9993 9.994E-05 9.994E-05 9.994E-05 9.994E-05
9.994E-05 9.994E-05 9.994E-05 0.9993 9.994E-05 9.994E-05 9.994E-05 9.994E-05
9.994E-05 9.994E-05 9.994E-05 0.9993 9.994E-05 9.994E-05 9.994E-05 9.994E-05
9.994E-05 9.994E-05 9.994E-05 0.9993 9.994E-05 9.994E-05 9.994E-05 9.994E-05
9.994E-05 9.994E-05 9.994E-05 0.9993 9.994E-05 9.994E-05 9.994E-05 9.994E-05
9.994E-05 9.994E-05 9.994E-05 0.9993 9.994E-05 9.994E-05 9.994E-05 9.994E-05
9.994E-05 9.994E-05 9.994E-05 0.9993 9.994E-05 9.994E-05 9.994E-05 9.994E-05
9.994E-05 9.994E-05 9.994E-05 0.9993 9.994E-05 9.994E-05 9.994E-05 9.994E-05
9.994E-05 9.994E-05 9.994E-05 0.9993 9.994E-05 9.994E-05 9.994E-05 9.994E-05
9.994E-05 9.994E-05 9.994E-05 0.9993 9.994E-05 9.994E-05 9.994E-05 9.994E-05
9.994E-05 9.994E-05 9.994E-05 0.9993 9.994E-05 9.994E-05 9.994E-05 9.994E-05
9.994E-05 9.994E-05 9.994E-05 0.9993 9.994E-05 9.994E-05 9.994E-05 9.994E-05
9.994E-05 9.994E-05 9.994E-05 0.9993 9.994E-05 9.994E-05 9.994E-05 9.994E-05
9.994E-05 9.994E-05 9.994E-05 0.9993 9.994E-05 9.994E-05 9.994E-05 9.994E-05
9.994E-05 9.994E-05 9.994E-05 0.9993 9.994E-05 9.994E-05 9.994E-05 9.994E-05
9.994E-05 9.994E-05 9.994E-05 0.9993 9.994E-05 9.994E-05 9.994E-05 9.994E-05
9.994E-05 9.994E-05 9.994E-05 0.9993 9.994E-05 9.994E-05 9.994E-05 9.994E-05
9.994E-05 9.994E-05 9.994E-05 0.9993 9.994E-05 9.994E-05 9.994E-05 9.994E-05
9.994E-05 9.994E-05 9.994E-05 0.9993 9.994E-05 9.994E-05 9.994E-05 9.994E-05
9.994E-05 9.994E-05 9.994E-05 0.9993 9.994E-05 9.994E-05 9.994E-05 9.994E-05
9.994E-05 9.994E-05 9.994E-05 0.9993 9.994E-05 9.994E-05 9.994E-05 9.994E-05
9.994E-05 9.994E-05 9.994E-05 0.9993 9.994E-05 9.994E-05 9.994E-05 9.994E-05
9.994E-05 9.994E-05 9.994E-05 0.9993 9.994E-05 9.994E-05 9.994E-05 9.994E-05
9.994E-05 9.994E-05 9.994E-05 0.9993 9.994E-05 9.994E-05 9.994E-05 9.994E-05
9.994E-05 9.994E-05 9.994E-05 0.9993 9.994E-05 9.994E-05 9.994E-05 9.994E-05
