9.98771E-05 0.107393 9.98771E-05 9.98771E-05 9.98771E-05 9.98771E-05 9.98771E-05 9.98771E-05 9.98771E-05 0.12686 0.0577181 0.356455 9.98771E-05 0.069687 9.98771E-05 9.98771E-05 0.0560423 9.98771E-05 9.98771E-05 9.98771E-05 0.224446
0.0615845 9.9886E-05 9.9886E-05 0.0179611 9.9886E-05 9.9886E-05 9.9886E-05 9.9886E-05 0.0277499 9.9886E-05 0.112351 0.726781 9.9886E-05 0.02468 9.9886E-05 0.00905892 9.9886E-05 9.9886E-05 9.9886E-05 9.9886E-05 0.0185345
9.98684E-05 9.98684E-05 9.98684E-05 9.98684E-05 9.98684E-05 9.98684E-05 0.0231849 0.0197131 9.98684E-05 9.98684E-05 9.98684E-05 0.868486 9.98684E-05 0.0334056 9.98684E-05 9.98684E-05 9.98684E-05 9.98684E-05 9.98684E-05 0.012414 0.0412988
0.295387 9.99035E-05 9.99035E-05 9.99035E-05 9.99035E-05 9.99035E-05 0.0939827 0.00414056 9.99035E-05 0.161543 9.99035E-05 0.254767 9.99035E-05 0.0389404 9.99035E-05 0.0279962 0.117642 9.99035E-05 0.00224142 9.99035E-05 0.00226042
9.98421E-05 9.98421E-05 9.98421E-05 9.98421E-05 9.98421E-05 9.98421E-05 9.98421E-05 9.98421E-05 9.98421E-05 9.98421E-05 0.0260374 0.867251 9.98421E-05 9.98421E-05 0.104915 9.98421E-05 9.98421E-05 9.98421E-05 9.98421E-05 9.98421E-05 9.98421E-05
9.98772E-05 0.0351447 9.98772E-05 9.98772E-05 9.98772E-05 9.98772E-05 0.184268 9.98772E-05 9.98772E-05 9.98772E-05 9.98772E-05 0.223774 9.98772E-05 9.98772E-05 0.0979918 9.98772E-05 0.0881431 9.98772E-05 0.111658 9.98772E-05 0.257622
0.167023 9.9886E-05 9.9886E-05 9.9886E-05 9.9886E-05 9.9886E-05 9.9886E-05 0.0837702 9.9886E-05 0.161243 9.9886E-05 0.284247 9.9886E-05 0.0229773 9.9886E-05 0.0772679 9.9886E-05 9.9886E-05 9.9886E-05 0.106522 0.0956514
9.98861E-05 0.177223 9.98861E-05 9.98861E-05 0.0712415 9.98861E-05 9.98861E-05 9.98861E-05 9.98861E-05 0.158201 9.98861E-05 0.134079 9.98861E-05 9.98861E-05 0.209926 0.00921632 9.98861E-05 9.98861E-05 0.130433 9.98861E-05 0.108382
9.98772E-05 0.0129519 9.98772E-05 9.98772E-05 9.98772E-05 9.98772E-05 9.98772E-05 0.215314 9.98772E-05 0.00330234 9.98772E-05 0.281051 9.98772E-05 0.220714 0.0281387 9.98772E-05 9.98772E-05 9.98772E-05 0.23713 9.98772E-05 9.98772E-05
9.9842E-05 9.9842E-05 9.9842E-05 0.0272463 9.9842E-05 9.9842E-05 9.9842E-05 9.9842E-05 9.9842E-05 9.9842E-05 9.9842E-05 0.839799 9.9842E-05 0.131158 9.9842E-05 9.9842E-05 9.9842E-05 9.9842E-05 9.9842E-05 9.9842E-05 9.9842E-05
9.98597E-05 9.98597E-05 9.98597E-05 9.98597E-05 9.98597E-05 9.98597E-05 9.98597E-05 9.98597E-05 9.98597E-05 0.0929725 9.98597E-05 0.525496 9.98597E-05 0.157031 9.98597E-05 0.114791 9.98597E-05 9.98597E-05 9.98597E-05 9.98597E-05 0.108112
0.0042589 9.98595E-05 9.98595E-05 9.98595E-05 9.98595E-05 9.98595E-05 9.98595E-05 9.98595E-05 9.98595E-05 9.98595E-05 9.98595E-05 0.930966 0.0536162 9.98595E-05 9.98595E-05 0.00719308 9.98595E-05 9.98595E-05 9.98595E-05 9.98595E-05 0.00236838
9.9842E-05 9.9842E-05 9.9842E-05 9.9842E-05 9.9842E-05 9.9842E-05 9.9842E-05 9.9842E-05 9.9842E-05 0.0749227 9.9842E-05 0.826824 9.9842E-05 0.0964564 9.9842E-05 9.9842E-05 9.9842E-05 9.9842E-05 9.9842E-05 9.9842E-05 9.9842E-05
9.9886E-05 0.0774293 9.9886E-05 9.9886E-05 9.9886E-05 0.0715573 9.9886E-05 9.9886E-05 9.9886E-05 0.0479548 9.9886E-05 0.609014 9.9886E-05 0.0299674 9.9886E-05 0.0845182 0.00571212 0.0725483 9.9886E-05 9.9886E-05 9.9886E-05
9.99035E-05 0.0322977 9.99035E-05 9.99035E-05 9.99035E-05 9.99035E-05 0.0948505 9.99035E-05 0.00716286 0.0748781 0.0591334 0.258896 9.99035E-05 0.127969 9.99035E-05 9.99035E-05 9.99035E-05 0.0453219 0.113123 9.99035E-05 0.185268
0.0945325 9.98946E-05 9.98946E-05 9.98946E-05 0.100381 9.98946E-05 9.98946E-05 9.98946E-05 9.98946E-05 0.0890082 9.98946E-05 0.222479 0.029277 0.100994 9.98946E-05 9.98946E-05 0.00666796 9.98946E-05 0.183021 9.98946E-05 0.172441
9.99035E-05 0.0643429 9.99035E-05 0.007685 9.99035E-05 0.117613 9.99035E-05 0.0499255 9.99035E-05 0.0132193 0.0800891 0.472065 9.99035E-05 0.111163 9.99035E-05 0.0594596 9.99035E-05 0.0233386 9.99035E-05 9.99035E-05 9.99035E-05
9.9886E-05 9.9886E-05 0.126936 0.157762 9.9886E-05 9.9886E-05 9.9886E-05 0.0218916 9.9886E-05 0.25892 9.9886E-05 0.0921979 9.9886E-05 0.093541 9.9886E-05 9.9886E-05 9.9886E-05 9.9886E-05 0.0581526 9.9886E-05 0.1893
0.0542847 9.98859E-05 9.98859E-05 9.98859E-05 9.98859E-05 9.98859E-05 9.98859E-05 0.0340466 9.98859E-05 0.226094 9.98859E-05 0.310876 9.98859E-05 0.212527 0.0440137 9.98859E-05 9.98859E-05 0.0293747 0.0874845 9.98859E-05 9.98859E-05
9.98333E-05 9.98333E-05 9.98333E-05 9.98333E-05 9.98333E-05 9.98333E-05 9.98333E-05 9.98333E-05 9.98333E-05 9.98333E-05 9.98333E-05 0.949491 9.98333E-05 9.98333E-05 9.98333E-05 9.98333E-05 0.0486126 9.98333E-05 9.98333E-05 9.98333E-05 9.98333E-05
0.044781 9.99035E-05 0.00103684 9.99035E-05 9.99035E-05 9.99035E-05 9.99035E-05 0.00969533 9.99035E-05 0.034901 9.99035E-05 0.515677 0.187748 0.038549 0.00322291 0.0638412 9.99035E-05 9.99035E-05 0.0994487 9.99035E-05 9.99035E-05
0.0325221 9.9886E-05 9.9886E-05 9.9886E-05 9.9886E-05 9.9886E-05 0.00781874 9.9886E-05 0.0839489 0.367865 9.9886E-05 0.241447 9.9886E-05 9.9886E-05 0.121578 9.9886E-05 9.9886E-05 0.0165092 0.127013 9.9886E-05 9.9886E-05
9.98597E-05 9.98597E-05 9.98597E-05 9.98597E-05 9.98597E-05 9.98597E-05 0.0582421 9.98597E-05 9.98597E-05 9.98597E-05 9.98597E-05 0.541185 9.98597E-05 0.106157 9.98597E-05 0.062984 9.98597E-05 9.98597E-05 9.98597E-05 9.98597E-05 0.229834
9.98772E-05 9.98772E-05 9.98772E-05 9.98772E-05 9.98772E-05 9.98772E-05 9.98772E-05 0.0258476 0.0372017 0.253686 9.98772E-05 0.357243 0.0316692 0.265875 9.98772E-05 9.98772E-05 9.98772E-05 9.98772E-05 9.98772E-05 9.98772E-05 0.0270782
9.98771E-05 9.98771E-05 9.98771E-05 9.98771E-05 9.98771E-05 9.98771E-05 0.115418 9.98771E-05 9.98771E-05 0.100413 9.98771E-05 0.259577 9.98771E-05 0.263105 9.98771E-05 9.98771E-05 0.107965 0.125915 0.0262079 9.98771E-05 9.98771E-05
9.98684E-05 9.98684E-05 9.98684E-05 9.98684E-05 9.98684E-05 9.98684E-05 0.000834399 9.98684E-05 0.0563261 0.136352 9.98684E-05 0.653423 9.98684E-05 0.0614162 0.0901506 9.98684E-05 9.98684E-05 9.98684E-05 9.98684E-05 9.98684E-05 9.98684E-05
9.98771E-05 9.98771E-05 9.98771E-05 0.14217 0.0412204 9.98771E-05 0.139469 9.98771E-05 0.333418 0.25789 9.98771E-05 9.98771E-05 0.00261539 0.0818181 9.98771E-05 9.98771E-05 9.98771E-05 9.98771E-05 9.98771E-05 9.98771E-05 9.98771E-05
0.0959243 9.98509E-05 9.98509E-05 9.98509E-05 9.98509E-05 9.98509E-05 9.98509E-05 9.98509E-05 9.98509E-05 0.102854 9.98509E-05 0.739145 9.98509E-05 0.0603791 9.98509E-05 9.98509E-05 9.98509E-05 9.98509E-05 9.98509E-05 9.98509E-05 9.98509E-05
9.98772E-05 9.98772E-05 9.98772E-05 9.98772E-05 9.98772E-05 9.98772E-05 0.0655382 0.00677063 0.0335616 0.087521 9.98772E-05 0.552038 9.98772E-05 0.170793 9.98772E-05 9.98772E-05 9.98772E-05 9.98772E-05 9.98772E-05 9.98772E-05 0.08238
9.9886E-05 9.9886E-05 0.0102662 9.9886E-05 9.9886E-05 0.0702519 0.0327395 0.026299 9.9886E-05 9.9886E-05 0.0475216 0.763875 9.9886E-05 0.00572797 9.9886E-05 9.9886E-05 9.9886E-05 9.9886E-05 0.0420198 9.9886E-05 9.9886E-05
9.98859E-05 9.98859E-05 9.98859E-05 9.98859E-05 9.98859E-05 9.98859E-05 9.98859E-05 9.98859E-05 9.98859E-05 0.049446 9.98859E-05 0.608335 9.98859E-05 0.00268925 9.98859E-05 0.0885406 0.0161617 0.0507536 0.0204712 9.98859E-05 0.162304
0.202969 9.98511E-05 9.98511E-05 9.98511E-05 9.98511E-05 9.98511E-05 0.259771 9.98511E-05 9.98511E-05 9.98511E-05 9.98511E-05 0.475651 9.98511E-05 0.0599116 9.98511E-05 9.98511E-05 9.98511E-05 9.98511E-05 9.98511E-05 9.98511E-05 9.98511E-05
9.99034E-05 9.99034E-05 0.00257746 9.99034E-05 0.0410743 9.99034E-05 0.0428392 9.99034E-05 9.99034E-05 0.107397 9.99034E-05 0.532528 0.0134429 0.100515 9.99034E-05 0.112811 9.99034E-05 9.99034E-05 9.99034E-05 0.00949609 0.0362201
9.98684E-05 9.98684E-05 9.98684E-05 9.98684E-05 9.98684E-05 9.98684E-05 0.191787 9.98684E-05 0.0450618 0.114247 9.98684E-05 0.447408 0.0732181 0.126781 9.98684E-05 9.98684E-05 9.98684E-05 9.98684E-05 9.98684E-05 9.98684E-05 9.98684E-05
9.98684E-05 9.98684E-05 9.98684E-05 9.98684E-05 9.98684E-05 9.98684E-05 9.98684E-05 9.98684E-05 0.0760062 9.98684E-05 9.98684E-05 0.79176 9.98684E-05 0.0281221 9.98684E-05 0.0182787 0.0758989 9.98684E-05 0.00843581 9.98684E-05 9.98684E-05
0.091262 9.9886E-05 9.9886E-05 9.9886E-05 9.9886E-05 9.9886E-05 9.9886E-05 0.032885 0.107137 0.0765092 9.9886E-05 0.668874 9.9886E-05 0.0070061 9.9886E-05 9.9886E-05 9.9886E-05 9.9886E-05 0.0100314 9.9886E-05 0.00499679
0.0475732 9.98772E-05 9.98772E-05 9.98772E-05 0.0213516 9.98772E-05 9.98772E-05 9.98772E-05 0.0623137 0.0513064 9.98772E-05 0.726192 9.98772E-05 9.98772E-05 9.98772E-05 0.00255416 9.98772E-05 9.98772E-05 9.98772E-05 0.087311 9.98772E-05
9.98772E-05 9.98772E-05 9.98772E-05 9.98772E-05 9.98772E-05 0.0016239 9.98772E-05 9.98772E-05 9.98772E-05 0.103346 0.0594814 0.585513 9.98772E-05 0.0621237 9.98772E-05 9.98772E-05 0.0739291 9.98772E-05 0.112585 9.98772E-05 9.98772E-05
9.98947E-05 9.98947E-05 9.98947E-05 9.98947E-05 9.98947E-05 0.0707799 9.98947E-05 9.98947E-05 9.98947E-05 0.0472724 0.125631 0.550857 0.050089 0.110332 0.000331209 0.0259162 9.98947E-05 9.98947E-05 0.0175922 9.98947E-05 9.98947E-05
9.98772E-05 9.98772E-05 9.98772E-05 9.98772E-05 0.0326627 9.98772E-05 0.229398 9.98772E-05 9.98772E-05 0.00671446 9.98772E-05 0.543994 0.0534853 0.123757 9.98772E-05 9.98772E-05 9.98772E-05 9.98772E-05 9.98772E-05 0.00859011 9.98772E-05
0.00782797 9.98772E-05 9.98772E-05 9.98772E-05 9.98772E-05 9.98772E-05 9.98772E-05 9.98772E-05 0.0231796 0.105149 9.98772E-05 0.801551 9.98772E-05 0.0599028 9.98772E-05 0.000744111 9.98772E-05 9.98772E-05 0.000246498 9.98772E-05 9.98772E-05
9.98686E-05 9.98686E-05 9.98686E-05 9.98686E-05 9.98686E-05 9.98686E-05 9.98686E-05 0.0550653 0.152768 0.136758 9.98686E-05 0.587153 9.98686E-05 0.0224245 9.98686E-05 9.98686E-05 9.98686E-05 9.98686E-05 0.0443335 9.98686E-05 9.98686E-05
9.98772E-05 0.0105117 9.98772E-05 9.98772E-05 9.98772E-05 0.0266161 9.98772E-05 9.98772E-05 0.145513 0.00448958 9.98772E-05 0.794969 9.98772E-05 9.98772E-05 0.00581638 0.0106862 9.98772E-05 9.98772E-05 9.98772E-05 9.98772E-05 9.98772E-05
9.9886E-05 0.0916239 9.9886E-05 9.9886E-05 9.9886E-05 9.9886E-05 9.9886E-05 0.0383057 9.9886E-05 0.0614902 0.0738757 0.271451 9.9886E-05 0.289561 9.9886E-05 9.9886E-05 9.9886E-05 9.9886E-05 0.0484651 9.9886E-05 0.123929
0.127318 9.98597E-05 0.0479976 9.98597E-05 9.98597E-05 9.98597E-05 9.98597E-05 9.98597E-05 9.98597E-05 0.515541 9.98597E-05 0.233819 9.98597E-05 0.0737265 9.98597E-05 9.98597E-05 9.98597E-05 9.98597E-05 9.98597E-05 9.98597E-05 9.98597E-05
0.0765947 9.98595E-05 0.0472398 9.98595E-05 9.98595E-05 9.98595E-05 9.98595E-05 9.98595E-05 9.98595E-05 0.00786806 9.98595E-05 0.808416 9.98595E-05 0.0582836 9.98595E-05 9.98595E-05 9.98595E-05 9.98595E-05 9.98595E-05 9.98595E-05 9.98595E-05
0.00464712 9.98684E-05 9.98684E-05 0.0429741 9.98684E-05 9.98684E-05 9.98684E-05 9.98684E-05 9.98684E-05 9.98684E-05 9.98684E-05 0.785457 9.98684E-05 0.0992285 9.98684E-05 0.0293738 9.98684E-05 9.98684E-05 0.0368219 9.98684E-05 9.98684E-05
9.98422E-05 9.98422E-05 9.98422E-05 9.98422E-05 0.0229899 9.98422E-05 9.98422E-05 9.98422E-05 9.98422E-05 9.98422E-05 9.98422E-05 0.927202 9.98422E-05 0.0480114 9.98422E-05 9.98422E-05 9.98422E-05 9.98422E-05 9.98422E-05 9.98422E-05 9.98422E-05
0.0444998 9.98771E-05 9.98771E-05 9.98771E-05 9.98771E-05 9.98771E-05 9.98771E-05 9.98771E-05 9.98771E-05 0.0122927 9.98771E-05 0.602358 0.0254091 0.0829631 9.98771E-05 0.0451097 9.98771E-05 9.98771E-05 9.98771E-05 9.98771E-05 0.18597
9.9895E-05 0.0379458 9.9895E-05 9.9895E-05 9.9895E-05 9.9895E-05 9.9895E-05 9.9895E-05 9.9895E-05 0.0174704 0.0351708 0.718162 9.9895E-05 9.9895E-05 0.0133261 0.000190295 0.0197145 9.9895E-05 0.0189255 0.137896 9.9895E-05
0.0420098 9.99122E-05 9.99122E-05 9.99122E-05 0.0281909 9.99122E-05 0.0696082 9.99122E-05 0.102818 0.0497205 9.99122E-05 0.312165 9.99122E-05 0.157457 9.99122E-05 0.114118 0.074386 9.99122E-05 0.0336807 9.99122E-05 0.0148461
0.0203219 9.98684E-05 9.98684E-05 9.98684E-05 9.98684E-05 9.98684E-05 9.98684E-05 0.0721253 9.98684E-05 0.242774 9.98684E-05 0.528144 0.127209 0.00792846 9.98684E-05 9.98684E-05 9.98684E-05 9.98684E-05 9.98684E-05 9.98684E-05 9.98684E-05
9.98685E-05 9.98685E-05 9.98685E-05 0.0749505 9.98685E-05 9.98685E-05 0.0413182 9.98685E-05 9.98685E-05 9.98685E-05 0.0477483 0.74769 9.98685E-05 0.0418627 9.98685E-05 9.98685E-05 9.98685E-05 0.0449327 9.98685E-05 9.98685E-05 9.98685E-05
9.98861E-05 9.98861E-05 9.98861E-05 9.98861E-05 0.0936183 9.98861E-05 0.010793 9.98861E-05 9.98861E-05 9.98861E-05 9.98861E-05 0.636484 0.107018 0.0584806 9.98861E-05 9.98861E-05 9.98861E-05 9.98861E-05 0.0125681 0.0703785 0.00936066
9.98422E-05 9.98422E-05 9.98422E-05 9.98422E-05 9.98422E-05 9.98422E-05 9.98422E-05 9.98422E-05 9.98422E-05 9.98422E-05 9.98422E-05 0.745619 9.98422E-05 0.100477 9.98422E-05 9.98422E-05 9.98422E-05 0.152107 9.98422E-05 9.98422E-05 9.98422E-05
9.98772E-05 9.98772E-05 9.98772E-05 9.98772E-05 0.00243392 9.98772E-05 0.0901744 9.98772E-05 9.98772E-05 0.00118089 9.98772E-05 0.688965 9.98772E-05 9.98772E-05 0.0891812 9.98772E-05 0.103139 9.98772E-05 9.98772E-05 9.98772E-05 0.0235273
9.98595E-05 9.98595E-05 9.98595E-05 0.0935632 9.98595E-05 9.98595E-05 9.98595E-05 9.98595E-05 9.98595E-05 0.0965319 0.0357056 0.734519 9.98595E-05 0.0380826 9.98595E-05 9.98595E-05 9.98595E-05 9.98595E-05 9.98595E-05 9.98595E-05 9.98595E-05
0.154114 9.9851E-05 9.9851E-05 9.9851E-05 9.9851E-05 9.9851E-05 9.9851E-05 9.9851E-05 9.9851E-05 0.0209198 9.9851E-05 0.71732 9.9851E-05 9.9851E-05 9.9851E-05 0.105949 9.9851E-05 9.9851E-05 9.9851E-05 9.9851E-05 9.9851E-05
9.98684E-05 0.085891 9.98684E-05 9.98684E-05 9.98684E-05 9.98684E-05 9.98684E-05 9.98684E-05 0.0117638 9.98684E-05 9.98684E-05 0.867396 0.00783709 0.0035606 9.98684E-05 9.98684E-05 9.98684E-05 9.98684E-05 9.98684E-05 0.0220531 9.98684E-05
9.98683E-05 0.0725237 9.98683E-05 9.98683E-05 9.98683E-05 9.98683E-05 0.0177795 9.98683E-05 9.98683E-05 9.98683E-05 9.98683E-05 9.98683E-05 9.98683E-05 0.147233 9.98683E-05 0.00150409 9.98683E-05 9.98683E-05 0.0449703 9.98683E-05 0.714492
9.98336E-05 9.98336E-05 9.98336E-05 9.98336E-05 9.98336E-05 9.98336E-05 9.98336E-05 9.98336E-05 9.98336E-05 9.98336E-05 9.98336E-05 9.98336E-05 9.98336E-05 9.98336E-05 9.98336E-05 9.98336E-05 0.0339139 9.98336E-05 9.98336E-05 9.98336E-05 0.964189
9.98333E-05 9.98333E-05 9.98333E-05 0.000728577 9.98333E-05 9.98333E-05 9.98333E-05 9.98333E-05 9.98333E-05 9.98333E-05 9.98333E-05 9.98333E-05 9.98333E-05 9.98333E-05 9.98333E-05 9.98333E-05 9.98333E-05 9.98333E-05 9.98333E-05 9.98333E-05 0.997375
9.98772E-05 9.98772E-05 9.98772E-05 9.98772E-05 9.98772E-05 9.98772E-05 0.165706 9.98772E-05 0.0304989 9.98772E-05 0.253534 9.98772E-05 9.98772E-05 0.0650516 9.98772E-05 9.98772E-05 9.98772E-05 9.98772E-05 0.113863 0.0468051 0.323142
0.043258 9.98944E-05 0.046559 0.0175801 9.98944E-05 9.98944E-05 9.98944E-05 9.98944E-05 9.98944E-05 0.0993034 9.98944E-05 9.98944E-05 9.98944E-05 0.0771627 0.0141992 9.98944E-05 9.98944E-05 9.98944E-05 0.038372 0.0432739 0.619093
9.98506E-05 9.98506E-05 9.98506E-05 9.98506E-05 9.98506E-05 9.98506E-05 9.98506E-05 9.98506E-05 9.98506E-05 0.101646 9.98506E-05 9.98506E-05 9.98506E-05 0.204468 9.98506E-05 9.98506E-05 9.98506E-05 9.98506E-05 0.0407614 9.98506E-05 0.651427
0.0801514 9.98857E-05 0.00927908 9.98857E-05 9.98857E-05 9.98857E-05 9.98857E-05 9.98857E-05 9.98857E-05 9.98857E-05 0.278349 9.98857E-05 0.076771 0.0946623 9.98857E-05 0.0140284 9.98857E-05 9.98857E-05 0.00698598 9.98857E-05 0.438474
9.98682E-05 9.98682E-05 9.98682E-05 0.139522 9.98682E-05 9.98682E-05 0.0896203 9.98682E-05 9.98682E-05 9.98682E-05 0.119695 9.98682E-05 9.98682E-05 0.0748707 9.98682E-05 9.98682E-05 9.98682E-05 9.98682E-05 0.120584 9.98682E-05 0.45421
9.98509E-05 9.98509E-05 9.98509E-05 0.0122734 9.98509E-05 9.98509E-05 9.98509E-05 0.048224 9.98509E-05 0.0142183 9.98509E-05 9.98509E-05 9.98509E-05 9.98509E-05 9.98509E-05 9.98509E-05 9.98509E-05 9.98509E-05 9.98509E-05 9.98509E-05 0.923587
9.98332E-05 9.98332E-05 9.98332E-05 9.98332E-05 9.98332E-05 9.98332E-05 9.98332E-05 9.98332E-05 9.98332E-05 9.98332E-05 9.98332E-05 9.98332E-05 9.98332E-05 9.98332E-05 9.98332E-05 0.0204633 9.98332E-05 9.98332E-05 9.98332E-05 9.98332E-05 0.97764
0.010453 9.98681E-05 0.0222116 9.98681E-05 9.98681E-05 9.98681E-05 9.98681E-05 9.98681E-05 9.98681E-05 9.98681E-05 9.98681E-05 9.98681E-05 9.98681E-05 0.184384 9.98681E-05 0.168881 9.98681E-05 9.98681E-05 0.10019 9.98681E-05 0.512383
0.0097847 9.98858E-05 9.98858E-05 9.98858E-05 9.98858E-05 9.98858E-05 9.98858E-05 9.98858E-05 9.98858E-05 0.131069 0.0578539 9.98858E-05 0.101575 0.0683538 9.98858E-05 0.0991517 9.98858E-05 0.0331906 9.98858E-05 9.98858E-05 0.497723
9.98682E-05 9.98682E-05 9.98682E-05 9.98682E-05 9.98682E-05 9.98682E-05 0.0505263 9.98682E-05 9.98682E-05 9.98682E-05 9.98682E-05 9.98682E-05 0.186934 9.98682E-05 0.000721471 0.131678 9.98682E-05 9.98682E-05 0.122915 9.98682E-05 0.505728
9.98595E-05 9.98595E-05 9.98595E-05 9.98595E-05 9.98595E-05 9.98595E-05 9.98595E-05 9.98595E-05 9.98595E-05 0.200476 0.136393 9.98595E-05 9.98595E-05 0.139014 0.0498823 9.98595E-05 9.98595E-05 9.98595E-05 9.98595E-05 9.98595E-05 0.472636
9.98424E-05 9.98424E-05 9.98424E-05 9.98424E-05 0.0335111 9.98424E-05 9.98424E-05 9.98424E-05 0.136724 9.98424E-05 9.98424E-05 9.98424E-05 9.98424E-05 9.98424E-05 9.98424E-05 9.98424E-05 9.98424E-05 9.98424E-05 9.98424E-05 9.98424E-05 0.827968
0.00834894 9.98597E-05 9.98597E-05 0.000255243 9.98597E-05 9.98597E-05 9.98597E-05 9.98597E-05 9.98597E-05 9.98597E-05 9.98597E-05 9.98597E-05 9.98597E-05 0.0542632 9.98597E-05 9.98597E-05 9.98597E-05 9.98597E-05 0.0529672 9.98597E-05 0.882568
0.00380208 0.245451 9.98681E-05 9.98681E-05 9.98681E-05 9.98681E-05 9.98681E-05 9.98681E-05 9.98681E-05 9.98681E-05 0.0140472 9.98681E-05 0.0207444 0.0225515 9.98681E-05 9.98681E-05 9.98681E-05 9.98681E-05 9.98681E-05 9.98681E-05 0.691906
0.0626965 9.98683E-05 9.98683E-05 9.98683E-05 9.98683E-05 9.98683E-05 9.98683E-05 9.98683E-05 9.98683E-05 0.118423 9.98683E-05 9.98683E-05 0.00263772 9.98683E-05 9.98683E-05 0.115427 9.98683E-05 9.98683E-05 0.0397153 9.98683E-05 0.659602
0.0138416 9.98771E-05 9.98771E-05 0.0709595 9.98771E-05 9.98771E-05 9.98771E-05 9.98771E-05 9.98771E-05 0.0337084 9.98771E-05 9.98771E-05 9.98771E-05 0.0826424 9.98771E-05 0.0134784 9.98771E-05 9.98771E-05 0.0165693 9.98771E-05 0.767402
9.98593E-05 9.98593E-05 9.98593E-05 9.98593E-05 0.127875 9.98593E-05 9.98593E-05 9.98593E-05 0.108159 9.98593E-05 9.98593E-05 9.98593E-05 9.98593E-05 0.172605 9.98593E-05 9.98593E-05 0.0265726 9.98593E-05 9.98593E-05 9.98593E-05 0.563191
9.98337E-05 9.98337E-05 9.98337E-05 9.98337E-05 9.98337E-05 0.0131992 9.98337E-05 9.98337E-05 9.98337E-05 9.98337E-05 9.98337E-05 9.98337E-05 9.98337E-05 9.98337E-05 9.98337E-05 9.98337E-05 9.98337E-05 9.98337E-05 9.98337E-05 9.98337E-05 0.984904
9.98419E-05 9.98419E-05 9.98419E-05 9.98419E-05 9.98419E-05 9.98419E-05 0.036884 9.98419E-05 9.98419E-05 0.252909 9.98419E-05 9.98419E-05 9.98419E-05 9.98419E-05 9.98419E-05 9.98419E-05 9.98419E-05 9.98419E-05 9.98419E-05 9.98419E-05 0.70841
9.98509E-05 9.98509E-05 9.98509E-05 0.022079 9.98509E-05 9.98509E-05 0.237906 9.98509E-05 9.98509E-05 9.98509E-05 9.98509E-05 9.98509E-05 9.98509E-05 9.98509E-05 9.98509E-05 9.98509E-05 0.00888856 9.98509E-05 9.98509E-05 9.98509E-05 0.729429
0.0217853 0.112806 9.98859E-05 9.98859E-05 9.98859E-05 9.98859E-05 9.98859E-05 9.98859E-05 0.0513182 9.98859E-05 9.98859E-05 9.98859E-05 9.98859E-05 0.0507326 0.0732994 9.98859E-05 9.98859E-05 9.98859E-05 0.0601501 0.0203676 0.608242
9.98507E-05 9.98507E-05 9.98507E-05 9.98507E-05 9.98507E-05 9.98507E-05 9.98507E-05 9.98507E-05 9.98507E-05 9.98507E-05 9.98507E-05 9.98507E-05 9.98507E-05 9.98507E-05 0.0142179 0.119831 9.98507E-05 9.98507E-05 0.0309322 9.98507E-05 0.833321
9.98685E-05 9.98685E-05 0.0463922 9.98685E-05 9.98685E-05 9.98685E-05 9.98685E-05 9.98685E-05 9.98685E-05 9.98685E-05 0.0131385 0.00675377 9.98685E-05 9.98685E-05 9.98685E-05 0.0247679 9.98685E-05 9.98685E-05 0.0147408 9.98685E-05 0.892709
9.98246E-05 9.98246E-05 9.98246E-05 9.98246E-05 9.98246E-05 9.98246E-05 9.98246E-05 9.98246E-05 9.98246E-05 9.98246E-05 9.98246E-05 9.98246E-05 9.98246E-05 9.98246E-05 9.98246E-05 9.98246E-05 9.98246E-05 9.98246E-05 9.98246E-05 9.98246E-05 0.998004
9.98246E-05 9.98246E-05 9.98246E-05 9.98246E-05 9.98246E-05 9.98246E-05 9.98246E-05 9.98246E-05 9.98246E-05 9.98246E-05 9.98246E-05 9.98246E-05 9.98246E-05 9.98246E-05 9.98246E-05 9.98246E-05 9.98246E-05 9.98246E-05 9.98246E-05 9.98246E-05 0.998004
9.98334E-05 9.98334E-05 9.98334E-05 0.0685053 9.98334E-05 9.98334E-05 9.98334E-05 9.98334E-05 9.98334E-05 9.98334E-05 9.98334E-05 9.98334E-05 9.98334E-05 9.98334E-05 9.98334E-05 9.98334E-05 9.98334E-05 9.98334E-05 9.98334E-05 9.98334E-05 0.929598
9.98599E-05 9.98599E-05 9.98599E-05 9.98599E-05 9.98599E-05 0.0945332 9.98599E-05 9.98599E-05 0.132098 9.98599E-05 9.98599E-05 9.98599E-05 9.98599E-05 0.142734 9.98599E-05 9.98599E-05 9.98599E-05 9.98599E-05 0.0762683 9.98599E-05 0.552768
9.98421E-05 9.98421E-05 9.98421E-05 9.98421E-05 9.98421E-05 9.98421E-05 0.817181 9.98421E-05 9.98421E-05 9.98421E-05 9.98421E-05 9.98421E-05 9.98421E-05 0.0744592 9.98421E-05 9.98421E-05 9.98421E-05 9.98421E-05 0.106562 9.98421E-05 9.98421E-05
9.9851E-05 9.9851E-05 9.9851E-05 9.9851E-05 9.9851E-05 0.41424 0.524265 9.9851E-05 9.9851E-05 9.9851E-05 9.9851E-05 9.9851E-05 9.9851E-05 0.0269252 9.9851E-05 9.9851E-05 9.9851E-05 9.9851E-05 0.0328714 9.9851E-05 9.9851E-05
9.98332E-05 9.98332E-05 9.98332E-05 9.98332E-05 9.98332E-05 9.98332E-05 0.918688 9.98332E-05 9.98332E-05 9.98332E-05 9.98332E-05 9.98332E-05 9.98332E-05 0.0794148 9.98332E-05 9.98332E-05 9.98332E-05 9.98332E-05 9.98332E-05 9.98332E-05 9.98332E-05
9.98594E-05 9.98594E-05 0.0109341 9.98594E-05 9.98594E-05 9.98594E-05 0.801987 9.98594E-05 9.98594E-05 9.98594E-05 9.98594E-05 9.98594E-05 9.98594E-05 0.170183 9.98594E-05 0.014012 9.98594E-05 9.98594E-05 0.00128629 9.98594E-05 9.98594E-05
9.98507E-05 0.0284219 9.98507E-05 9.98507E-05 9.98507E-05 9.98507E-05 0.921527 9.98507E-05 9.98507E-05 9.98507E-05 9.98507E-05 9.98507E-05 9.98507E-05 0.00657945 9.98507E-05 9.98507E-05 9.98507E-05 9.98507E-05 0.0417746 9.98507E-05 9.98507E-05
9.98597E-05 9.98597E-05 0.00473555 9.98597E-05 9.98597E-05 9.98597E-05 0.559092 9.98597E-05 9.98597E-05 9.98597E-05 0.0410513 9.98597E-05 9.98597E-05 0.202216 9.98597E-05 9.98597E-05 9.98597E-05 9.98597E-05 0.191308 9.98597E-05 9.98597E-05
9.98684E-05 9.98684E-05 9.98684E-05 0.0458123 9.98684E-05 9.98684E-05 0.775418 9.98684E-05 9.98684E-05 0.0789871 9.98684E-05 9.98684E-05 9.98684E-05 0.0461457 9.98684E-05 0.0461477 9.98684E-05 9.98684E-05 0.005991 9.98684E-05 9.98684E-05
9.98332E-05 9.98332E-05 9.98332E-05 9.98332E-05 9.98332E-05 9.98332E-05 0.82396 9.98332E-05 9.98332E-05 9.98332E-05 9.98332E-05 9.98332E-05 9.98332E-05 9.98332E-05 9.98332E-05 9.98332E-05 9.98332E-05 9.98332E-05 0.174143 9.98332E-05 9.98332E-05
9.98595E-05 9.98595E-05 9.98595E-05 9.98595E-05 9.98595E-05 9.98595E-05 0.428643 9.98595E-05 0.000574071 9.98595E-05 0.240201 9.98595E-05 9.98595E-05 9.98595E-05 9.98595E-05 0.0212279 9.98595E-05 9.98595E-05 0.307757 9.98595E-05 9.98595E-05
9.98507E-05 9.98507E-05 9.98507E-05 9.98507E-05 9.98507E-05 9.98507E-05 0.480131 9.98507E-05 9.98507E-05 9.98507E-05 9.98507E-05 9.98507E-05 9.98507E-05 0.31719 9.98507E-05 9.98507E-05 9.98507E-05 0.0653001 0.135682 9.98507E-05 9.98507E-05
9.98509E-05 9.98509E-05 9.98509E-05 9.98509E-05 9.98509E-05 0.198353 0.543149 9.98509E-05 9.98509E-05 9.98509E-05 0.238258 9.98509E-05 9.98509E-05 9.98509E-05 9.98509E-05 9.98509E-05 9.98509E-05 9.98509E-05 0.0185431 9.98509E-05 9.98509E-05
9.98509E-05 9.98509E-05 9.98509E-05 9.98509E-05 9.98509E-05 0.0413245 0.740046 9.98509E-05 9.98509E-05 9.98509E-05 0.200732 9.98509E-05 9.98509E-05 0.0162009 9.98509E-05 9.98509E-05 9.98509E-05 9.98509E-05 9.98509E-05 9.98509E-05 9.98509E-05
9.98336E-05 9.98336E-05 9.98336E-05 9.98336E-05 9.98336E-05 9.98336E-05 0.912025 9.98336E-05 9.98336E-05 9.98336E-05 9.98336E-05 9.98336E-05 9.98336E-05 9.98336E-05 9.98336E-05 9.98336E-05 9.98336E-05 9.98336E-05 0.0860778 9.98336E-05 9.98336E-05
9.9851E-05 9.9851E-05 9.9851E-05 9.9851E-05 9.9851E-05 0.0178757 0.647738 9.9851E-05 9.9851E-05 9.9851E-05 9.9851E-05 9.9851E-05 9.9851E-05 0.199465 9.9851E-05 9.9851E-05 9.9851E-05 9.9851E-05 0.133224 9.9851E-05 9.9851E-05
9.98685E-05 9.98685E-05 0.0370468 0.0955104 9.98685E-05 9.98685E-05 0.733163 9.98685E-05 9.98685E-05 9.98685E-05 9.98685E-05 9.98685E-05 0.0261127 9.98685E-05 9.98685E-05 9.98685E-05 9.98685E-05 0.0349056 0.0717631 9.98685E-05 9.98685E-05
9.98772E-05 0.0410308 9.98772E-05 9.98772E-05 9.98772E-05 0.0164397 0.63137 9.98772E-05 0.0921197 9.98772E-05 0.0978719 9.98772E-05 9.98772E-05 0.119501 9.98772E-05 0.000268353 9.98772E-05 9.98772E-05 9.98772E-05 9.98772E-05 9.98772E-05
9.98683E-05 9.98683E-05 0.102656 0.0036291 9.98683E-05 9.98683E-05 0.509994 9.98683E-05 9.98683E-05 0.00567588 0.261081 9.98683E-05 9.98683E-05 0.115466 9.98683E-05 9.98683E-05 9.98683E-05 9.98683E-05 9.98683E-05 9.98683E-05 9.98683E-05
9.98598E-05 9.98598E-05 9.98598E-05 9.98598E-05 9.98598E-05 9.98598E-05 0.721244 9.98598E-05 9.98598E-05 0.0788566 9.98598E-05 9.98598E-05 9.98598E-05 9.98598E-05 0.0120349 9.98598E-05 9.98598E-05 9.98598E-05 0.122315 0.0639517 9.98598E-05
9.9851E-05 9.9851E-05 9.9851E-05 9.9851E-05 9.9851E-05 9.9851E-05 0.877616 9.9851E-05 9.9851E-05 9.9851E-05 0.0411916 9.9851E-05 9.9851E-05 9.9851E-05 9.9851E-05 0.0783282 9.9851E-05 9.9851E-05 0.00116681 9.9851E-05 9.9851E-05
9.98772E-05 9.98772E-05 0.126018 9.98772E-05 9.98772E-05 0.197635 0.39563 9.98772E-05 0.106866 9.98772E-05 9.98772E-05 9.98772E-05 9.98772E-05 0.0696113 9.98772E-05 0.0169006 9.98772E-05 9.98772E-05 0.0859406 9.98772E-05 9.98772E-05
0.00768122 9.98684E-05 9.98684E-05 9.98684E-05 9.98684E-05 9.98684E-05 0.739215 9.98684E-05 9.98684E-05 9.98684E-05 0.110448 9.98684E-05 9.98684E-05 0.0654148 0.05303 9.98684E-05 9.98684E-05 9.98684E-05 0.022713 9.98684E-05 9.98684E-05
9.98596E-05 9.98596E-05 9.98596E-05 0.0128589 9.98596E-05 9.98596E-05 0.842242 9.98596E-05 9.98596E-05 9.98596E-05 9.98596E-05 9.98596E-05 9.98596E-05 0.0690893 9.98596E-05 0.00131155 9.98596E-05 9.98596E-05 0.0729006 9.98596E-05 9.98596E-05
9.98771E-05 9.98771E-05 0.0781056 9.98771E-05 0.00557912 9.98771E-05 0.408626 9.98771E-05 9.98771E-05 9.98771E-05 0.00228892 9.98771E-05 9.98771E-05 0.17171 0.0539114 9.98771E-05 9.98771E-05 9.98771E-05 0.278381 9.98771E-05 9.98771E-05
9.98509E-05 9.98509E-05 9.98509E-05 9.98509E-05 9.98509E-05 0.071794 0.757779 9.98509E-05 9.98509E-05 9.98509E-05 9.98509E-05 9.98509E-05 9.98509E-05 9.98509E-05 9.98509E-05 9.98509E-05 9.98509E-05 0.0534391 0.11529 9.98509E-05 9.98509E-05
9.98683E-05 9.98683E-05 0.0828148 9.98683E-05 9.98683E-05 9.98683E-05 0.359764 9.98683E-05 9.98683E-05 9.98683E-05 0.0857228 9.98683E-05 9.98683E-05 0.173702 0.0357179 9.98683E-05 9.98683E-05 9.98683E-05 0.260781 9.98683E-05 9.98683E-05
9.98861E-05 9.98861E-05 9.98861E-05 0.0187508 0.0319148 0.197918 0.380047 9.98861E-05 9.98861E-05 9.98861E-05 0.0571906 9.98861E-05 9.98861E-05 0.115416 9.98861E-05 9.98861E-05 9.98861E-05 9.98861E-05 0.163493 9.98861E-05 0.0339709
9.98597E-05 9.98597E-05 9.98597E-05 9.98597E-05 9.98597E-05 0.543847 0.17415 0.113835 9.98597E-05 9.98597E-05 9.98597E-05 9.98597E-05 9.98597E-05 0.0885177 9.98597E-05 9.98597E-05 0.078053 9.98597E-05 9.98597E-05 9.98597E-05 9.98597E-05
9.98417E-05 9.98417E-05 9.98417E-05 9.98417E-05 9.98417E-05 9.98417E-05 0.874032 9.98417E-05 9.98417E-05 9.98417E-05 9.98417E-05 9.98417E-05 9.98417E-05 0.0889925 9.98417E-05 9.98417E-05 9.98417E-05 9.98417E-05 0.035178 9.98417E-05 9.98417E-05
9.9851E-05 9.9851E-05 9.9851E-05 9.9851E-05 9.9851E-05 9.9851E-05 0.564824 9.9851E-05 9.9851E-05 9.9851E-05 0.0549996 9.9851E-05 9.9851E-05 0.149074 9.9851E-05 9.9851E-05 9.9851E-05 9.9851E-05 0.229406 9.9851E-05 9.9851E-05
9.98511E-05 9.98511E-05 0.0410923 9.98511E-05 9.98511E-05 9.98511E-05 0.850916 9.98511E-05 9.98511E-05 9.98511E-05 9.98511E-05 9.98511E-05 9.98511E-05 0.0846771 9.98511E-05 0.0216173 9.98511E-05 9.98511E-05 9.98511E-05 9.98511E-05 9.98511E-05
9.98597E-05 9.98597E-05 9.98597E-05 9.98597E-05 9.98597E-05 9.98597E-05 0.74823 9.98597E-05 9.98597E-05 9.98597E-05 9.98597E-05 9.98597E-05 0.0633112 0.152414 9.98597E-05 0.0266376 9.98597E-05 9.98597E-05 0.00780973 9.98597E-05 9.98597E-05
9.98509E-05 9.98509E-05 9.98509E-05 9.98509E-05 0.124172 9.98509E-05 0.845516 9.98509E-05 9.98509E-05 9.98509E-05 9.98509E-05 9.98509E-05 9.98509E-05 9.98509E-05 9.98509E-05 0.0225205 0.00609383 9.98509E-05 9.98509E-05 9.98509E-05 9.98509E-05
9.9877E-05 9.9877E-05 0.161419 9.9877E-05 9.9877E-05 9.9877E-05 0.397208 9.9877E-05 9.9877E-05 9.9877E-05 9.9877E-05 9.9877E-05 9.9877E-05 0.139318 0.0041031 0.0347676 9.9877E-05 9.9877E-05 0.24744 0.0143466 9.9877E-05
9.98507E-05 9.98507E-05 0.0108873 9.98507E-05 9.98507E-05 9.98507E-05 0.835431 9.98507E-05 9.98507E-05 0.146686 9.98507E-05 9.98507E-05 9.98507E-05 0.00529811 9.98507E-05 9.98507E-05 9.98507E-05 9.98507E-05 9.98507E-05 9.98507E-05 9.98507E-05
9.98421E-05 9.98421E-05 9.98421E-05 9.98421E-05 9.98421E-05 9.98421E-05 0.942189 9.98421E-05 9.98421E-05 9.98421E-05 9.98421E-05 9.98421E-05 9.98421E-05 0.0508604 9.98421E-05 9.98421E-05 9.98421E-05 9.98421E-05 0.00515312 9.98421E-05 9.98421E-05
0.00117181 9.98683E-05 9.98683E-05 9.98683E-05 9.98683E-05 0.109562 0.6375 9.98683E-05 0.194517 9.98683E-05 9.98683E-05 9.98683E-05 9.98683E-05 9.98683E-05 9.98683E-05 0.00769981 9.98683E-05 9.98683E-05 0.0480522 9.98683E-05 9.98683E-05
9.98507E-05 9.98507E-05 9.98507E-05 0.0248044 9.98507E-05 9.98507E-05 0.677498 9.98507E-05 9.98507E-05 9.98507E-05 9.98507E-05 9.98507E-05 9.98507E-05 0.206111 9.98507E-05 9.98507E-05 9.98507E-05 9.98507E-05 0.0898895 9.98507E-05 9.98507E-05
9.98508E-05 9.98508E-05 9.98508E-05 9.98508E-05 0.00741468 0.505024 0.406881 9.98508E-05 9.98508E-05 9.98508E-05 9.98508E-05 9.98508E-05 9.98508E-05 9.98508E-05 9.98508E-05 9.98508E-05 9.98508E-05 9.98508E-05 0.0789828 9.98508E-05 9.98508E-05
9.98509E-05 9.98509E-05 9.98509E-05 9.98509E-05 9.98509E-05 0.154509 0.736343 9.98509E-05 9.98509E-05 9.98509E-05 9.98509E-05 9.98509E-05 9.98509E-05 0.0790204 9.98509E-05 0.0284298 9.98509E-05 9.98509E-05 9.98509E-05 9.98509E-05 9.98509E-05
9.98599E-05 9.98599E-05 9.98599E-05 9.98599E-05 9.98599E-05 0.21094 0.710089 9.98599E-05 9.98599E-05 0.00943904 9.98599E-05 9.98599E-05 9.98599E-05 9.98599E-05 0.0655251 0.00240983 9.98599E-05 9.98599E-05 9.98599E-05 9.98599E-05 9.98599E-05
9.9851E-05 9.9851E-05 0.0027576 9.9851E-05 9.9851E-05 0.392482 0.562524 9.9851E-05 9.9851E-05 9.9851E-05 9.9851E-05 9.9851E-05 9.9851E-05 9.9851E-05 9.9851E-05 9.9851E-05 9.9851E-05 9.9851E-05 0.0405382 9.9851E-05 9.9851E-05
9.98596E-05 9.98596E-05 9.98596E-05 9.98596E-05 9.98596E-05 9.98596E-05 0.484233 9.98596E-05 9.98596E-05 9.98596E-05 0.130833 9.98596E-05 9.98596E-05 0.3021 9.98596E-05 9.98596E-05 0.0301464 9.98596E-05 0.05109 9.98596E-05 9.98596E-05
9.98596E-05 0.0343622 9.98596E-05 0.0170271 9.98596E-05 9.98596E-05 0.818184 9.98596E-05 0.0128411 9.98596E-05 9.98596E-05 9.98596E-05 9.98596E-05 9.98596E-05 9.98596E-05 9.98596E-05 9.98596E-05 9.98596E-05 0.115988 9.98596E-05 9.98596E-05
9.98683E-05 9.98683E-05 0.0849082 9.98683E-05 9.98683E-05 0.567738 0.120427 9.98683E-05 0.0112958 9.98683E-05 9.98683E-05 9.98683E-05 9.98683E-05 0.107664 9.98683E-05 9.98683E-05 9.98683E-05 9.98683E-05 0.106469 9.98683E-05 9.98683E-05
9.9851E-05 9.9851E-05 9.9851E-05 9.9851E-05 9.9851E-05 0.40753 0.525875 9.9851E-05 0.034405 9.9851E-05 9.9851E-05 9.9851E-05 9.9851E-05 0.0304925 9.9851E-05 9.9851E-05 9.9851E-05 9.9851E-05 9.9851E-05 9.9851E-05 9.9851E-05
9.98683E-05 9.98683E-05 0.104247 0.0118532 9.98683E-05 9.98683E-05 0.536138 9.98683E-05 9.98683E-05 0.0229454 0.220401 9.98683E-05 9.98683E-05 9.98683E-05 9.98683E-05 9.98683E-05 9.98683E-05 9.98683E-05 0.102917 9.98683E-05 9.98683E-05
9.98684E-05 9.98684E-05 9.98684E-05 0.0190775 9.98684E-05 0.0124134 0.536229 9.98684E-05 9.98684E-05 9.98684E-05 9.98684E-05 9.98684E-05 9.98684E-05 0.0175014 9.98684E-05 9.98684E-05 9.98684E-05 9.98684E-05 0.109614 9.98684E-05 0.303666
9.98861E-05 9.98861E-05 9.98861E-05 9.98861E-05 0.0648911 0.0311973 0.488857 0.122373 9.98861E-05 0.0640446 0.0470573 9.98861E-05 9.98861E-05 0.0237976 9.98861E-05 9.98861E-05 9.98861E-05 9.98861E-05 0.156483 9.98861E-05 9.98861E-05
9.98509E-05 9.98509E-05 9.98509E-05 9.98509E-05 9.98509E-05 9.98509E-05 0.454641 9.98509E-05 9.98509E-05 0.0771389 9.98509E-05 9.98509E-05 9.98509E-05 0.209037 9.98509E-05 9.98509E-05 9.98509E-05 9.98509E-05 0.257486 9.98509E-05 9.98509E-05
9.98422E-05 9.98422E-05 0.00164663 9.98422E-05 9.98422E-05 0.394175 0.602381 9.98422E-05 9.98422E-05 9.98422E-05 9.98422E-05 9.98422E-05 9.98422E-05 9.98422E-05 9.98422E-05 9.98422E-05 9.98422E-05 9.98422E-05 9.98422E-05 9.98422E-05 9.98422E-05
0.0991413 9.98507E-05 9.98507E-05 9.98507E-05 9.98507E-05 9.98507E-05 0.759265 9.98507E-05 9.98507E-05 9.98507E-05 9.98507E-05 9.98507E-05 9.98507E-05 0.128717 9.98507E-05 9.98507E-05 9.98507E-05 9.98507E-05 9.98507E-05 0.0111791 9.98507E-05
9.9886E-05 9.9886E-05 0.022071 9.9886E-05 9.9886E-05 0.457529 0.330504 9.9886E-05 9.9886E-05 9.9886E-05 9.9886E-05 9.9886E-05 9.9886E-05 0.0300287 0.00259099 9.9886E-05 0.0112368 9.9886E-05 0.091521 9.9886E-05 0.0532195
9.98685E-05 9.98685E-05 9.98685E-05 9.98685E-05 9.98685E-05 0.0868524 0.632711 9.98685E-05 0.0183208 9.98685E-05 9.98685E-05 9.98685E-05 9.98685E-05 0.170532 9.98685E-05 0.00452756 9.98685E-05 9.98685E-05 0.0855575 9.98685E-05 9.98685E-05
9.98596E-05 9.98596E-05 9.98596E-05 9.98596E-05 0.0197661 9.98596E-05 0.849452 9.98596E-05 9.98596E-05 9.98596E-05 0.00676487 9.98596E-05 0.0636377 9.98596E-05 9.98596E-05 9.98596E-05 9.98596E-05 9.98596E-05 0.0587818 9.98596E-05 9.98596E-05
0.0833013 9.98507E-05 9.98507E-05 9.98507E-05 9.98507E-05 9.98507E-05 0.882693 9.98507E-05 9.98507E-05 0.0192361 9.98507E-05 9.98507E-05 9.98507E-05 9.98507E-05 9.98507E-05 0.0130717 9.98507E-05 9.98507E-05 9.98507E-05 9.98507E-05 9.98507E-05
9.98507E-05 9.98507E-05 9.98507E-05 9.98507E-05 9.98507E-05 9.98507E-05 0.545545 9.98507E-05 9.98507E-05 9.98507E-05 0.175016 9.98507E-05 9.98507E-05 0.100217 9.98507E-05 9.98507E-05 9.98507E-05 9.98507E-05 0.177525 9.98507E-05 9.98507E-05
9.9842E-05 9.9842E-05 9.9842E-05 9.9842E-05 9.9842E-05 9.9842E-05 0.780759 9.9842E-05 9.9842E-05 9.9842E-05 9.9842E-05 9.9842E-05 9.9842E-05 0.0692294 9.9842E-05 9.9842E-05 9.9842E-05 9.9842E-05 0.148215 9.9842E-05 9.9842E-05
9.98419E-05 9.98419E-05 9.98419E-05 9.98419E-05 0.129234 9.98419E-05 0.819594 9.98419E-05 9.98419E-05 9.98419E-05 9.98419E-05 9.98419E-05 9.98419E-05 9.98419E-05 9.98419E-05 9.98419E-05 9.98419E-05 9.98419E-05 0.0493751 9.98419E-05 9.98419E-05
9.98509E-05 9.98509E-05 0.108918 9.98509E-05 9.98509E-05 0.0348101 0.809525 9.98509E-05 9.98509E-05 9.98509E-05 9.98509E-05 9.98509E-05 9.98509E-05 0.0450493 9.98509E-05 9.98509E-05 9.98509E-05 9.98509E-05 9.98509E-05 9.98509E-05 9.98509E-05
9.98509E-05 9.98509E-05 9.98509E-05 9.98509E-05 9.98509E-05 0.0571737 0.830413 9.98509E-05 9.98509E-05 9.98509E-05 0.0155306 9.98509E-05 9.98509E-05 9.98509E-05 9.98509E-05 9.98509E-05 9.98509E-05 9.98509E-05 0.0951848 9.98509E-05 9.98509E-05
9.98244E-05 9.98244E-05 9.98244E-05 9.98244E-05 9.98244E-05 9.98244E-05 9.98244E-05 9.98244E-05 9.98244E-05 9.98244E-05 9.98244E-05 9.98244E-05 9.98244E-05 0.998004 9.98244E-05 9.98244E-05 9.98244E-05 9.98244E-05 9.98244E-05 9.98244E-05 9.98244E-05
9.98241E-05 9.98241E-05 9.98241E-05 9.98241E-05 9.98241E-05 9.98241E-05 9.98241E-05 9.98241E-05 9.98241E-05 9.98241E-05 9.98241E-05 9.98241E-05 9.98241E-05 9.98241E-05 9.98241E-05 9.98241E-05 9.98241E-05 9.98241E-05 0.998004 9.98241E-05 9.98241E-05
9.98242E-05 9.98242E-05 9.98242E-05 9.98242E-05 9.98242E-05 9.98242E-05 9.98242E-05 9.98242E-05 9.98242E-05 9.98242E-05 9.98242E-05 9.98242E-05 9.98242E-05 0.998004 9.98242E-05 9.98242E-05 9.98242E-05 9.98242E-05 9.98242E-05 9.98242E-05 9.98242E-05
9.98242E-05 9.98242E-05 9.98242E-05 9.98242E-05 9.98242E-05 9.98242E-05 9.98242E-05 9.98242E-05 9.98242E-05 9.98242E-05 9.98242E-05 9.98242E-05 9.98242E-05 9.98242E-05 9.98242E-05 9.98242E-05 9.98242E-05 9.98242E-05 0.998004 9.98242E-05 9.98242E-05
9.98242E-05 9.98242E-05 9.98242E-05 9.98242E-05 9.98242E-05 9.98242E-05 9.98242E-05 9.98242E-05 9.98242E-05 9.98242E-05 9.98242E-05 9.98242E-05 9.98242E-05 9.98242E-05 9.98242E-05 9.98242E-05 9.98242E-05 9.98242E-05 0.998004 9.98242E-05 9.98242E-05
9.98242E-05 9.98242E-05 9.98242E-05 9.98242E-05 9.98242E-05 9.98242E-05 9.98242E-05 9.98242E-05 9.98242E-05 9.98242E-05 9.98242E-05 9.98242E-05 9.98242E-05 9.98242E-05 9.98242E-05 9.98242E-05 9.98242E-05 9.98242E-05 0.998004 9.98242E-05 9.98242E-05
9.98242E-05 9.98242E-05 9.98242E-05 9.98242E-05 9.98242E-05 9.98242E-05 9.98242E-05 9.98242E-05 9.98242E-05 9.98242E-05 9.98242E-05 9.98242E-05 9.98242E-05 0.998004 9.98242E-05 9.98242E-05 9.98242E-05 9.98242E-05 9.98242E-05 9.98242E-05 9.98242E-05
9.98241E-05 9.98241E-05 9.98241E-05 9.98241E-05 9.98241E-05 9.98241E-05 9.98241E-05 9.98241E-05 9.98241E-05 9.98241E-05 9.98241E-05 9.98241E-05 9.98241E-05 9.98241E-05 9.98241E-05 9.98241E-05 9.98241E-05 9.98241E-05 0.998004 9.98241E-05 9.98241E-05
9.98242E-05 9.98242E-05 9.98242E-05 9.98242E-05 9.98242E-05 9.98242E-05 9.98242E-05 9.98242E-05 9.98242E-05 9.98242E-05 9.98242E-05 9.98242E-05 9.98242E-05 9.98242E-05 9.98242E-05 9.98242E-05 9.98242E-05 9.98242E-05 0.998004 9.98242E-05 9.98242E-05
9.98242E-05 9.98242E-05 9.98242E-05 9.98242E-05 9.98242E-05 9.98242E-05 9.98242E-05 9.98242E-05 9.98242E-05 9.98242E-05 9.98242E-05 9.98242E-05 9.98242E-05 0.998004 9.98242E-05 9.98242E-05 9.98242E-05 9.98242E-05 9.98242E-05 9.98242E-05 9.98242E-05
9.98242E-05 9.98242E-05 9.98242E-05 9.98242E-05 9.98242E-05 9.98242E-05 9.98242E-05 9.98242E-05 9.98242E-05 9.98242E-05 9.98242E-05 9.98242E-05 9.98242E-05 0.998004 9.98242E-05 9.98242E-05 9.98242E-05 9.98242E-05 9.98242E-05 9.98242E-05 9.98242E-05
9.98243E-05 9.98243E-05 9.98243E-05 9.98243E-05 9.98243E-05 9.98243E-05 9.98243E-05 9.98243E-05 9.98243E-05 9.98243E-05 9.98243E-05 9.98243E-05 9.98243E-05 0.998004 9.98243E-05 9.98243E-05 9.98243E-05 9.98243E-05 9.98243E-05 9.98243E-05 9.98243E-05
9.98242E-05 9.98242E-05 9.98242E-05 9.98242E-05 9.98242E-05 9.98242E-05 9.98242E-05 9.98242E-05 9.98242E-05 9.98242E-05 9.98242E-05 9.98242E-05 9.98242E-05 9.98242E-05 9.98242E-05 9.98242E-05 9.98242E-05 9.98242E-05 0.998004 9.98242E-05 9.98242E-05
9.98242E-05 9.98242E-05 9.98242E-05 9.98242E-05 9.98242E-05 9.98242E-05 9.98242E-05 9.98242E-05 9.98242E-05 9.98242E-05 9.98242E-05 9.98242E-05 9.98242E-05 9.98242E-05 9.98242E-05 9.98242E-05 9.98242E-05 9.98242E-05 0.998004 9.98242E-05 9.98242E-05
9.98243E-05 9.98243E-05 9.98243E-05 9.98243E-05 9.98243E-05 9.98243E-05 9.98243E-05 9.98243E-05 9.98243E-05 9.98243E-05 9.98243E-05 9.98243E-05 9.98243E-05 0.998004 9.98243E-05 9.98243E-05 9.98243E-05 9.98243E-05 9.98243E-05 9.98243E-05 9.98243E-05
9.98243E-05 9.98243E-05 9.98243E-05 9.98243E-05 9.98243E-05 9.98243E-05 9.98243E-05 9.98243E-05 9.98243E-05 9.98243E-05 9.98243E-05 9.98243E-05 9.98243E-05 0.998004 9.98243E-05 9.98243E-05 9.98243E-05 9.98243E-05 9.98243E-05 9.98243E-05 9.98243E-05
0.14007 9.9877E-05 9.9877E-05 9.9877E-05 9.9877E-05 9.9877E-05 0.443202 9.9877E-05 0.0361251 9.9877E-05 9.9877E-05 9.9877E-05 9.9877E-05 0.10824 9.9877E-05 9.9877E-05 0.168491 9.9877E-05 0.0724034 0.0300693 9.9877E-05
9.98243E-05 9.98243E-05 9.98243E-05 9.98243E-05 9.98243E-05 9.98243E-05 9.98243E-05 9.98243E-05 9.98243E-05 9.98243E-05 9.98243E-05 9.98243E-05 9.98243E-05 0.998004 9.98243E-05 9.98243E-05 9.98243E-05 9.98243E-05 9.98243E-05 9.98243E-05 9.98243E-05
9.98243E-05 9.98243E-05 9.98243E-05 9.98243E-05 9.98243E-05 9.98243E-05 9.98243E-05 9.98243E-05 9.98243E-05 9.98243E-05 9.98243E-05 9.98243E-05 9.98243E-05 9.98243E-05 9.98243E-05 9.98243E-05 9.98243E-05 9.98243E-05 0.998004 9.98243E-05 9.98243E-05
