9.98858E-05 0.242489 9.98858E-05 9.98858E-05 9.98858E-05 0.412031 0.0864043 9.98858E-05 9.98858E-05 0.109666 9.98858E-05 9.98858E-05 9.98858E-05 9.98858E-05 0.0393019 0.042157 9.98858E-05 9.98858E-05 9.98858E-05 0.0666528
9.98684E-05 0.129628 9.98684E-05 0.132319 9.98684E-05 0.381993 9.98684E-05 9.98684E-05 9.98684E-05 9.98684E-05 9.98684E-05 9.98684E-05 9.98684E-05 0.234913 0.119649 9.98684E-05 9.98684E-05 9.98684E-05 9.98684E-05 9.98684E-05
9.98508E-05 9.98508E-05 9.98508E-05 9.98508E-05 9.98508E-05 9.98508E-05 9.98508E-05 9.98508E-05 0.00627701 0.0133945 9.98508E-05 9.98508E-05 9.98508E-05 0.978631 9.98508E-05 9.98508E-05 9.98508E-05 9.98508E-05 9.98508E-05 9.98508E-05
0.0465775 9.9921E-05 0.000847768 0.18949 9.9921E-05 0.210252 0.0531729 9.9921E-05 9.9921E-05 0.0259371 9.9921E-05 0.107461 9.9921E-05 9.9921E-05 9.9921E-05 0.0693171 0.00668249 0.276821 0.0125413 9.9921E-05
9.98509E-05 9.98509E-05 9.98509E-05 9.98509E-05 9.98509E-05 0.944587 9.98509E-05 9.98509E-05 0.0408113 9.98509E-05 9.98509E-05 9.98509E-05 9.98509E-05 9.98509E-05 9.98509E-05 9.98509E-05 9.98509E-05 9.98509E-05 0.0129043 9.98509E-05
9.99035E-05 0.182279 9.99035E-05 0.0101283 9.99035E-05 0.136965 9.99035E-05 9.99035E-05 0.086753 9.99035E-05 9.99035E-05 0.0937021 9.99035E-05 0.0796006 0.0612411 9.99035E-05 0.151325 9.99035E-05 0.196907 9.99035E-05
9.99298E-05 0.209037 0.00924995 0.0349126 0.110278 0.26141 0.0749535 9.99298E-05 9.99298E-05 0.0113371 9.99298E-05 9.99298E-05 9.99298E-05 9.99298E-05 0.0432239 0.0929291 9.99298E-05 0.116775 0.0168272 0.0182681
9.9921E-05 0.0332119 0.0393438 0.289522 9.9921E-05 9.9921E-05 0.000508076 0.0456019 0.0180362 9.9921E-05 9.9921E-05 9.9921E-05 0.0419901 9.9921E-05 9.9921E-05 0.287986 0.17047 0.0253704 0.0470605 9.9921E-05
9.98858E-05 9.98858E-05 0.10476 9.98858E-05 9.98858E-05 0.139111 9.98858E-05 9.98858E-05 9.98858E-05 0.212033 9.98858E-05 9.98858E-05 9.98858E-05 0.158529 9.98858E-05 0.00781884 0.234553 9.98858E-05 9.98858E-05 0.141897
9.98421E-05 9.98421E-05 9.98421E-05 9.98421E-05 9.98421E-05 0.992753 9.98421E-05 9.98421E-05 9.98421E-05 0.00544978 9.98421E-05 9.98421E-05 9.98421E-05 9.98421E-05 9.98421E-05 9.98421E-05 9.98421E-05 9.98421E-05 9.98421E-05 9.98421E-05
9.98596E-05 0.0187308 9.98596E-05 9.98596E-05 9.98596E-05 0.704877 0.121544 9.98596E-05 9.98596E-05 0.153251 9.98596E-05 9.98596E-05 9.98596E-05 9.98596E-05 9.98596E-05 9.98596E-05 9.98596E-05 9.98596E-05 9.98596E-05 9.98596E-05
9.98333E-05 9.98333E-05 9.98333E-05 9.98333E-05 9.98333E-05 9.98333E-05 9.98333E-05 9.98333E-05 9.98333E-05 9.98333E-05 9.98333E-05 9.98333E-05 9.98333E-05 0.998103 9.98333E-05 9.98333E-05 9.98333E-05 9.98333E-05 9.98333E-05 9.98333E-05
9.98597E-05 9.98597E-05 9.98597E-05 9.98597E-05 9.98597E-05 0.912821 0.0162833 9.98597E-05 9.98597E-05 0.0371705 9.98597E-05 9.98597E-05 9.98597E-05 9.98597E-05 9.98597E-05 0.0321275 9.98597E-05 9.98597E-05 9.98597E-05 9.98597E-05
9.98421E-05 9.98421E-05 9.98421E-05 0.982559 9.98421E-05 9.98421E-05 9.98421E-05 9.98421E-05 9.98421E-05 0.0156439 9.98421E-05 9.98421E-05 9.98421E-05 9.98421E-05 9.98421E-05 9.98421E-05 9.98421E-05 9.98421E-05 9.98421E-05 9.98421E-05
9.98859E-05 0.157748 9.98859E-05 9.98859E-05 9.98859E-05 0.409264 9.98859E-05 9.98859E-05 9.98859E-05 0.130374 9.98859E-05 0.105394 9.98859E-05 9.98859E-05 9.98859E-05 0.0162333 0.147169 9.98859E-05 9.98859E-05 0.0325195
9.99035E-05 0.07964 0.0895245 0.147826 9.99035E-05 0.167879 0.0146553 0.194562 9.99035E-05 0.0699846 9.99035E-05 9.99035E-05 9.99035E-05 9.99035E-05 9.99035E-05 9.99035E-05 0.160817 0.0740116 9.99035E-05 9.99035E-05
9.98597E-05 9.98597E-05 0.0218711 0.813706 9.98597E-05 9.98597E-05 9.98597E-05 9.98597E-05 9.98597E-05 0.010177 9.98597E-05 9.98597E-05 9.98597E-05 9.98597E-05 0.152648 9.98597E-05 9.98597E-05 9.98597E-05 9.98597E-05 9.98597E-05
0.115645 0.238079 0.0131085 9.98947E-05 9.98947E-05 0.188738 9.98947E-05 9.98947E-05 9.98947E-05 0.141254 9.98947E-05 9.98947E-05 0.125459 9.98947E-05 9.98947E-05 0.161796 0.0147224 9.98947E-05 9.98947E-05 9.98947E-05
9.9877E-05 9.9877E-05 9.9877E-05 9.9877E-05 9.9877E-05 0.279483 9.9877E-05 9.9877E-05 9.9877E-05 0.169305 9.9877E-05 9.9877E-05 9.9877E-05 0.116682 9.9877E-05 0.125031 0.0850123 9.9877E-05 0.223088 9.9877E-05
9.98509E-05 9.98509E-05 9.98509E-05 9.98509E-05 9.98509E-05 0.629141 9.98509E-05 9.98509E-05 9.98509E-05 0.00221141 9.98509E-05 9.98509E-05 9.98509E-05 0.36695 9.98509E-05 9.98509E-05 9.98509E-05 9.98509E-05 9.98509E-05 9.98509E-05
9.98859E-05 9.98859E-05 0.274966 0.280136 9.98859E-05 9.98859E-05 0.028703 0.0548505 9.98859E-05 0.0169949 9.98859E-05 9.98859E-05 9.98859E-05 0.280209 9.98859E-05 9.98859E-05 0.062842 9.98859E-05 9.98859E-05 9.98859E-05
9.98772E-05 9.98772E-05 9.98772E-05 9.98772E-05 9.98772E-05 0.33889 9.98772E-05 9.98772E-05 0.0714967 9.98772E-05 9.98772E-05 0.00583653 9.98772E-05 9.98772E-05 9.98772E-05 0.312161 0.127845 9.98772E-05 0.142372 9.98772E-05
9.98596E-05 0.114216 9.98596E-05 9.98596E-05 9.98596E-05 9.98596E-05 9.98596E-05 9.98596E-05 9.98596E-05 0.0603624 9.98596E-05 0.00230174 9.98596E-05 0.821522 9.98596E-05 9.98596E-05 9.98596E-05 9.98596E-05 9.98596E-05 9.98596E-05
9.98771E-05 0.0139037 9.98771E-05 9.98771E-05 9.98771E-05 0.381436 9.98771E-05 9.98771E-05 9.98771E-05 0.238368 9.98771E-05 9.98771E-05 9.98771E-05 0.0602451 9.98771E-05 0.261188 9.98771E-05 9.98771E-05 9.98771E-05 0.0434607
0.0388438 9.98946E-05 9.98946E-05 0.308133 9.98946E-05 0.0956324 9.98946E-05 9.98946E-05 9.98946E-05 0.335718 9.98946E-05 0.106521 9.98946E-05 9.98946E-05 9.98946E-05 0.0110609 0.00958563 0.0933058 9.98946E-05 9.98946E-05
9.98771E-05 9.98771E-05 9.98771E-05 0.110779 9.98771E-05 0.731984 9.98771E-05 9.98771E-05 0.0297606 0.0771879 9.98771E-05 0.0173566 9.98771E-05 9.98771E-05 9.98771E-05 9.98771E-05 0.0315328 9.98771E-05 9.98771E-05 9.98771E-05
9.9877E-05 9.9877E-05 9.9877E-05 9.9877E-05 9.9877E-05 0.230836 9.9877E-05 0.0672735 9.9877E-05 0.0908165 9.9877E-05 0.284563 0.0797997 9.9877E-05 9.9877E-05 0.245313 9.9877E-05 9.9877E-05 9.9877E-05 9.9877E-05
9.98684E-05 9.98684E-05 9.98684E-05 9.98684E-05 9.98684E-05 0.491123 9.98684E-05 9.98684E-05 9.98684E-05 0.0182287 9.98684E-05 9.98684E-05 9.98684E-05 0.372865 9.98684E-05 0.0411953 9.98684E-05 0.0750899 9.98684E-05 9.98684E-05
0.0723455 9.98685E-05 9.98685E-05 9.98685E-05 9.98685E-05 0.275518 9.98685E-05 9.98685E-05 9.98685E-05 0.164129 9.98685E-05 0.0551719 9.98685E-05 0.431337 9.98685E-05 9.98685E-05 9.98685E-05 9.98685E-05 9.98685E-05 9.98685E-05
9.98596E-05 9.98596E-05 9.98596E-05 9.98596E-05 9.98596E-05 9.98596E-05 9.98596E-05 9.98596E-05 9.98596E-05 0.00834833 0.0124643 9.98596E-05 9.98596E-05 0.950239 9.98596E-05 9.98596E-05 0.0273509 9.98596E-05 9.98596E-05 9.98596E-05
9.98859E-05 0.00799266 9.98859E-05 9.98859E-05 9.98859E-05 0.259709 0.109107 9.98859E-05 9.98859E-05 0.0130131 9.98859E-05 9.98859E-05 9.98859E-05 0.48589 9.98859E-05 0.0572914 9.98859E-05 9.98859E-05 0.0656986 9.98859E-05
9.98685E-05 9.98685E-05 9.98685E-05 0.360132 9.98685E-05 0.343176 0.020293 9.98685E-05 9.98685E-05 0.0741372 9.98685E-05 0.200763 9.98685E-05 9.98685E-05 9.98685E-05 9.98685E-05 9.98685E-05 9.98685E-05 9.98685E-05 9.98685E-05
9.98858E-05 0.090845 9.98858E-05 0.269987 9.98858E-05 0.349276 0.121506 0.0221756 9.98858E-05 0.0989195 9.98858E-05 9.98858E-05 9.98858E-05 9.98858E-05 9.98858E-05 0.0459929 9.98858E-05 9.98858E-05 9.98858E-05 9.98858E-05
9.98859E-05 9.98859E-05 9.98859E-05 0.203992 9.98859E-05 9.98859E-05 9.98859E-05 9.98859E-05 9.98859E-05 0.129274 9.98859E-05 0.170777 0.0129277 0.293464 9.98859E-05 0.170941 9.98859E-05 0.0173261 9.98859E-05 9.98859E-05
9.98422E-05 9.98422E-05 9.98422E-05 9.98422E-05 9.98422E-05 9.98422E-05 0.0608743 9.98422E-05 9.98422E-05 9.98422E-05 9.98422E-05 9.98422E-05 9.98422E-05 0.937329 9.98422E-05 9.98422E-05 9.98422E-05 9.98422E-05 9.98422E-05 9.98422E-05
9.98772E-05 0.0145542 9.98772E-05 9.98772E-05 9.98772E-05 0.493297 9.98772E-05 9.98772E-05 9.98772E-05 9.98772E-05 9.98772E-05 9.98772E-05 9.98772E-05 0.338245 9.98772E-05 0.0246124 0.00278302 0.12511 9.98772E-05 9.98772E-05
9.98686E-05 9.98686E-05 9.98686E-05 9.98686E-05 0.0354009 9.98686E-05 0.00652325 0.00876498 9.98686E-05 9.98686E-05 9.98686E-05 9.98686E-05 9.98686E-05 0.894492 9.98686E-05 9.98686E-05 9.98686E-05 9.98686E-05 0.0533207 9.98686E-05
0.0334798 9.98771E-05 9.98771E-05 0.419803 9.98771E-05 9.98771E-05 9.98771E-05 9.98771E-05 9.98771E-05 0.0196901 9.98771E-05 9.98771E-05 9.98771E-05 0.297016 0.063454 9.98771E-05 0.16516 9.98771E-05 9.98771E-05 9.98771E-05
9.98772E-05 9.98772E-05 9.98772E-05 9.98772E-05 9.98772E-05 9.98772E-05 9.98772E-05 9.98772E-05 0.0804966 0.113293 0.0345508 9.98772E-05 9.98772E-05 0.685666 0.0762574 0.00833823 9.98772E-05 9.98772E-05 9.98772E-05 9.98772E-05
9.98682E-05 9.98682E-05 9.98682E-05 0.748757 9.98682E-05 9.98682E-05 0.0115109 9.98682E-05 9.98682E-05 0.18347 9.98682E-05 0.0166541 9.98682E-05 9.98682E-05 9.98682E-05 9.98682E-05 9.98682E-05 9.98682E-05 0.0381094 9.98682E-05
9.98595E-05 9.98595E-05 9.98595E-05 9.98595E-05 9.98595E-05 0.958669 0.0207107 9.98595E-05 9.98595E-05 9.98595E-05 9.98595E-05 9.98595E-05 9.98595E-05 9.98595E-05 9.98595E-05 9.98595E-05 0.00979487 9.98595E-05 0.00922764 9.98595E-05
9.98685E-05 9.98685E-05 9.98685E-05 9.98685E-05 9.98685E-05 0.816512 9.98685E-05 9.98685E-05 9.98685E-05 0.0461196 9.98685E-05 9.98685E-05 9.98685E-05 9.98685E-05 9.98685E-05 0.127705 0.00120076 9.98685E-05 9.98685E-05 0.00696438
9.98509E-05 9.98509E-05 9.98509E-05 9.98509E-05 9.98509E-05 0.925383 9.98509E-05 9.98509E-05 9.98509E-05 9.98509E-05 0.0341824 9.98509E-05 9.98509E-05 9.98509E-05 9.98509E-05 9.98509E-05 9.98509E-05 9.98509E-05 0.0387374 9.98509E-05
9.98771E-05 0.183588 9.98771E-05 9.98771E-05 9.98771E-05 9.98771E-05 9.98771E-05 9.98771E-05 9.98771E-05 0.176956 9.98771E-05 9.98771E-05 9.98771E-05 0.469385 9.98771E-05 0.073821 0.0535865 9.98771E-05 9.98771E-05 0.0412658
9.98684E-05 9.98684E-05 9.98684E-05 9.98684E-05 9.98684E-05 9.98684E-05 9.98684E-05 9.98684E-05 0.0156899 0.226684 9.98684E-05 9.98684E-05 9.98684E-05 0.332991 9.98684E-05 0.318551 9.98684E-05 0.104586 9.98684E-05 9.98684E-05
0.0476371 9.98508E-05 9.98508E-05 9.98508E-05 9.98508E-05 0.933542 9.98508E-05 9.98508E-05 9.98508E-05 0.0171236 9.98508E-05 9.98508E-05 9.98508E-05 9.98508E-05 9.98508E-05 9.98508E-05 9.98508E-05 9.98508E-05 9.98508E-05 9.98508E-05
9.98684E-05 9.98684E-05 9.98684E-05 0.111637 9.98684E-05 0.721439 9.98684E-05 9.98684E-05 9.98684E-05 0.0475893 9.98684E-05 9.98684E-05 0.0309801 9.98684E-05 9.98684E-05 9.98684E-05 9.98684E-05 0.0868559 9.98684E-05 9.98684E-05
9.98334E-05 9.98334E-05 9.98334E-05 9.98334E-05 9.98334E-05 9.98334E-05 9.98334E-05 9.98334E-05 9.98334E-05 9.98334E-05 9.98334E-05 9.98334E-05 9.98334E-05 0.998103 9.98334E-05 9.98334E-05 9.98334E-05 9.98334E-05 9.98334E-05 9.98334E-05
9.98772E-05 9.98772E-05 9.98772E-05 9.98772E-05 9.98772E-05 0.133393 9.98772E-05 0.0430789 9.98772E-05 0.0925735 9.98772E-05 9.98772E-05 9.98772E-05 0.594542 9.98772E-05 0.105832 9.98772E-05 9.98772E-05 0.029182 9.98772E-05
9.98422E-05 9.98422E-05 9.98422E-05 0.99283 9.98422E-05 9.98422E-05 9.98422E-05 9.98422E-05 9.98422E-05 9.98422E-05 9.98422E-05 9.98422E-05 9.98422E-05 9.98422E-05 9.98422E-05 9.98422E-05 9.98422E-05 9.98422E-05 0.00537264 9.98422E-05
9.98946E-05 9.98946E-05 9.98946E-05 9.98946E-05 9.98946E-05 9.98946E-05 0.129388 9.98946E-05 9.98946E-05 0.182746 9.98946E-05 0.14259 9.98946E-05 0.450625 9.98946E-05 0.0217593 0.0360013 0.02527 9.98946E-05 0.0104218
0.0196796 9.98596E-05 9.98596E-05 9.98596E-05 9.98596E-05 0.690654 9.98596E-05 9.98596E-05 9.98596E-05 9.98596E-05 9.98596E-05 9.98596E-05 9.98596E-05 9.98596E-05 9.98596E-05 0.190194 9.98596E-05 0.0978749 9.98596E-05 9.98596E-05
9.98511E-05 9.98511E-05 9.98511E-05 9.98511E-05 9.98511E-05 0.935422 9.98511E-05 9.98511E-05 9.98511E-05 0.00717961 9.98511E-05 9.98511E-05 0.0557008 9.98511E-05 9.98511E-05 9.98511E-05 9.98511E-05 9.98511E-05 9.98511E-05 9.98511E-05
9.98419E-05 9.98419E-05 9.98419E-05 0.995896 9.98419E-05 9.98419E-05 9.98419E-05 0.00230704 9.98419E-05 9.98419E-05 9.98419E-05 9.98419E-05 9.98419E-05 9.98419E-05 9.98419E-05 9.98419E-05 9.98419E-05 9.98419E-05 9.98419E-05 9.98419E-05
9.98685E-05 9.98685E-05 9.98685E-05 0.024367 9.98685E-05 9.98685E-05 9.98685E-05 9.98685E-05 0.0244794 0.0325546 9.98685E-05 9.98685E-05 9.98685E-05 0.89412 9.98685E-05 9.98685E-05 9.98685E-05 9.98685E-05 0.022981 9.98685E-05
0.0715996 0.0103352 9.98773E-05 0.124998 9.98773E-05 0.684386 9.98773E-05 9.98773E-05 9.98773E-05 9.98773E-05 9.98773E-05 0.0523998 9.98773E-05 9.98773E-05 9.98773E-05 9.98773E-05 9.98773E-05 9.98773E-05 0.0548834 9.98773E-05
9.98771E-05 9.98771E-05 9.98771E-05 9.98771E-05 9.98771E-05 0.862071 0.0512774 9.98771E-05 9.98771E-05 0.0309451 9.98771E-05 9.98771E-05 0.0174537 9.98771E-05 0.0108392 9.98771E-05 9.98771E-05 9.98771E-05 0.0260156 9.98771E-05
9.98424E-05 9.98424E-05 9.98424E-05 9.98424E-05 9.98424E-05 9.98424E-05 9.98424E-05 9.98424E-05 9.98424E-05 9.98424E-05 9.98424E-05 9.98424E-05 9.98424E-05 0.788719 9.98424E-05 9.98424E-05 9.98424E-05 0.209484 9.98424E-05 9.98424E-05
9.98509E-05 9.98509E-05 9.98509E-05 9.98509E-05 9.98509E-05 0.024539 0.0351086 9.98509E-05 9.98509E-05 9.98509E-05 9.98509E-05 9.98509E-05 9.98509E-05 0.938655 9.98509E-05 9.98509E-05 9.98509E-05 9.98509E-05 9.98509E-05 9.98509E-05
9.98859E-05 0.730249 9.98859E-05 9.98859E-05 9.98859E-05 9.98859E-05 0.0249944 9.98859E-05 9.98859E-05 0.148994 9.98859E-05 0.0139246 0.0066515 9.98859E-05 0.0372847 9.98859E-05 0.0366031 9.98859E-05 9.98859E-05 9.98859E-05
9.9851E-05 0.96859 9.9851E-05 9.9851E-05 9.9851E-05 9.9851E-05 9.9851E-05 0.00598364 9.9851E-05 9.9851E-05 9.9851E-05 9.9851E-05 9.9851E-05 9.9851E-05 9.9851E-05 9.9851E-05 9.9851E-05 9.9851E-05 9.9851E-05 0.023729
9.98508E-05 0.873636 9.98508E-05 9.98508E-05 9.98508E-05 9.98508E-05 9.98508E-05 9.98508E-05 9.98508E-05 9.98508E-05 0.0726927 9.98508E-05 9.98508E-05 9.98508E-05 9.98508E-05 9.98508E-05 9.98508E-05 9.98508E-05 0.0519734 9.98508E-05
9.98772E-05 0.342874 9.98772E-05 9.98772E-05 0.0363814 9.98772E-05 9.98772E-05 9.98772E-05 9.98772E-05 0.0368698 9.98772E-05 0.182095 9.98772E-05 9.98772E-05 0.261217 9.98772E-05 0.139164 9.98772E-05 9.98772E-05 9.98772E-05
0.00334496 0.614762 9.98857E-05 9.98857E-05 0.0714519 9.98857E-05 9.98857E-05 9.98857E-05 0.0478252 0.0817863 9.98857E-05 9.98857E-05 9.98857E-05 9.98857E-05 9.98857E-05 0.092518 0.0870128 9.98857E-05 9.98857E-05 9.98857E-05
9.98769E-05 0.573474 9.98769E-05 9.98769E-05 9.98769E-05 9.98769E-05 0.00631368 9.98769E-05 9.98769E-05 0.192065 9.98769E-05 0.0265951 9.98769E-05 9.98769E-05 9.98769E-05 0.185729 0.014424 9.98769E-05 9.98769E-05 9.98769E-05
9.98595E-05 0.580374 9.98595E-05 9.98595E-05 9.98595E-05 9.98595E-05 9.98595E-05 9.98595E-05 9.98595E-05 0.158732 9.98595E-05 9.98595E-05 9.98595E-05 9.98595E-05 0.257977 9.98595E-05 9.98595E-05 9.98595E-05 0.00131877 9.98595E-05
9.98945E-05 0.533149 9.98945E-05 9.98945E-05 0.00684189 9.98945E-05 9.98945E-05 9.98945E-05 9.98945E-05 0.120702 9.98945E-05 0.105898 0.126914 9.98945E-05 0.027203 9.98945E-05 0.0462099 9.98945E-05 0.0318842 9.98945E-05
9.98597E-05 0.860779 9.98597E-05 9.98597E-05 0.0539711 9.98597E-05 9.98597E-05 9.98597E-05 9.98597E-05 0.0406771 9.98597E-05 9.98597E-05 9.98597E-05 9.98597E-05 0.0429753 9.98597E-05 9.98597E-05 9.98597E-05 9.98597E-05 9.98597E-05
9.98508E-05 0.984555 9.98508E-05 9.98508E-05 9.98508E-05 9.98508E-05 0.00535984 9.98508E-05 9.98508E-05 9.98508E-05 9.98508E-05 9.98508E-05 9.98508E-05 9.98508E-05 9.98508E-05 9.98508E-05 9.98508E-05 0.00838733 9.98508E-05 9.98508E-05
9.98681E-05 0.558215 9.98681E-05 9.98681E-05 9.98681E-05 9.98681E-05 0.131321 9.98681E-05 9.98681E-05 0.266416 9.98681E-05 9.98681E-05 9.98681E-05 9.98681E-05 9.98681E-05 9.98681E-05 0.0400387 9.98681E-05 0.00251173 9.98681E-05
9.99209E-05 0.456329 0.00104115 9.99209E-05 0.0918459 9.99209E-05 0.0329308 0.0114041 0.124458 0.0282704 9.99209E-05 9.99209E-05 9.99209E-05 9.99209E-05 0.0863224 0.130697 0.0251872 9.99209E-05 0.0106143 9.99209E-05
9.9877E-05 0.608738 9.9877E-05 9.9877E-05 9.9877E-05 9.9877E-05 0.150638 0.0264972 0.0748636 9.9877E-05 9.9877E-05 0.0269037 9.9877E-05 9.9877E-05 9.9877E-05 9.9877E-05 0.110962 9.9877E-05 9.9877E-05 9.9877E-05
9.98858E-05 0.409467 9.98858E-05 9.98858E-05 0.0149662 9.98858E-05 9.98858E-05 9.98858E-05 0.0179438 0.231991 9.98858E-05 9.98858E-05 9.98858E-05 9.98858E-05 0.133011 0.173154 9.98858E-05 9.98858E-05 0.0181689 9.98858E-05
9.98423E-05 0.992105 9.98423E-05 9.98423E-05 9.98423E-05 9.98423E-05 9.98423E-05 9.98423E-05 9.98423E-05 9.98423E-05 9.98423E-05 0.00609785 9.98423E-05 9.98423E-05 9.98423E-05 9.98423E-05 9.98423E-05 9.98423E-05 9.98423E-05 9.98423E-05
9.98596E-05 0.932293 9.98596E-05 9.98596E-05 9.98596E-05 9.98596E-05 0.000613489 9.98596E-05 9.98596E-05 0.0242991 9.98596E-05 9.98596E-05 9.98596E-05 9.98596E-05 9.98596E-05 9.98596E-05 0.0411969 9.98596E-05 9.98596E-05 9.98596E-05
9.98681E-05 0.763372 9.98681E-05 9.98681E-05 0.0822313 9.98681E-05 9.98681E-05 9.98681E-05 9.98681E-05 9.98681E-05 9.98681E-05 0.00438754 0.0251814 9.98681E-05 9.98681E-05 9.98681E-05 9.98681E-05 9.98681E-05 0.12333 9.98681E-05
9.9877E-05 0.68774 9.9877E-05 9.9877E-05 9.9877E-05 9.9877E-05 0.125945 9.9877E-05 9.9877E-05 9.9877E-05 9.9877E-05 9.9877E-05 9.9877E-05 9.9877E-05 9.9877E-05 0.0752452 0.038516 0.0194344 0.0517208 9.9877E-05
9.98595E-05 0.817781 9.98595E-05 9.98595E-05 9.98595E-05 9.98595E-05 9.98595E-05 9.98595E-05 9.98595E-05 0.037157 9.98595E-05 9.98595E-05 0.0834426 9.98595E-05 9.98595E-05 9.98595E-05 9.98595E-05 9.98595E-05 0.0600221 9.98595E-05
0.0728728 0.612274 9.98944E-05 9.98944E-05 9.98944E-05 9.98944E-05 0.0596984 0.0468525 0.00463203 0.165126 9.98944E-05 9.98944E-05 0.0337083 9.98944E-05 9.98944E-05 9.98944E-05 9.98944E-05 9.98944E-05 9.98944E-05 0.00363677
9.98424E-05 0.958084 9.98424E-05 9.98424E-05 9.98424E-05 9.98424E-05 9.98424E-05 9.98424E-05 9.98424E-05 9.98424E-05 0.0401185 9.98424E-05 9.98424E-05 9.98424E-05 9.98424E-05 9.98424E-05 9.98424E-05 9.98424E-05 9.98424E-05 9.98424E-05
9.98594E-05 0.646991 9.98594E-05 9.98594E-05 9.98594E-05 9.98594E-05 9.98594E-05 9.98594E-05 9.98594E-05 0.0649874 9.98594E-05 9.98594E-05 9.98594E-05 9.98594E-05 9.98594E-05 0.269742 9.98594E-05 9.98594E-05 0.0166817 9.98594E-05
9.98685E-05 0.647766 9.98685E-05 9.98685E-05 9.98685E-05 9.98685E-05 9.98685E-05 9.98685E-05 9.98685E-05 0.0261904 9.98685E-05 0.194393 9.98685E-05 9.98685E-05 0.0934142 0.0367381 9.98685E-05 9.98685E-05 9.98685E-05 9.98685E-05
9.98946E-05 0.724345 9.98946E-05 9.98946E-05 9.98946E-05 9.98946E-05 0.00286782 9.98946E-05 9.98946E-05 0.00275085 9.98946E-05 0.0270401 0.0521789 9.98946E-05 9.98946E-05 9.98946E-05 0.0323366 9.98946E-05 0.139524 0.0177583
9.98506E-05 0.810134 9.98506E-05 9.98506E-05 9.98506E-05 9.98506E-05 0.171362 9.98506E-05 9.98506E-05 0.016807 9.98506E-05 9.98506E-05 9.98506E-05 9.98506E-05 9.98506E-05 9.98506E-05 9.98506E-05 9.98506E-05 9.98506E-05 9.98506E-05
0.00549087 0.936055 9.98598E-05 9.98598E-05 9.98598E-05 9.98598E-05 9.98598E-05 9.98598E-05 9.98598E-05 9.98598E-05 9.98598E-05 9.98598E-05 9.98598E-05 0.0547226 9.98598E-05 9.98598E-05 0.0021333 9.98598E-05 9.98598E-05 9.98598E-05
9.98686E-05 0.893353 9.98686E-05 9.98686E-05 9.98686E-05 9.98686E-05 9.98686E-05 9.98686E-05 9.98686E-05 9.98686E-05 9.98686E-05 9.98686E-05 0.0716052 9.98686E-05 9.98686E-05 0.0264519 9.98686E-05 0.00587728 9.98686E-05 0.00121461
9.98422E-05 0.983078 9.98422E-05 9.98422E-05 9.98422E-05 9.98422E-05 9.98422E-05 9.98422E-05 9.98422E-05 0.0151244 9.98422E-05 9.98422E-05 9.98422E-05 9.98422E-05 9.98422E-05 9.98422E-05 9.98422E-05 9.98422E-05 9.98422E-05 9.98422E-05
9.98509E-05 0.914608 9.98509E-05 9.98509E-05 9.98509E-05 9.98509E-05 9.98509E-05 9.98509E-05 9.98509E-05 9.98509E-05 9.98509E-05 9.98509E-05 0.0635845 9.98509E-05 9.98509E-05 9.98509E-05 0.0201099 9.98509E-05 9.98509E-05 9.98509E-05
9.98597E-05 0.692277 9.98597E-05 9.98597E-05 9.98597E-05 9.98597E-05 9.98597E-05 9.98597E-05 9.98597E-05 0.0966491 0.103187 9.98597E-05 9.98597E-05 9.98597E-05 9.98597E-05 9.98597E-05 0.106289 9.98597E-05 9.98597E-05 9.98597E-05
9.98509E-05 9.98509E-05 9.98509E-05 9.98509E-05 9.98509E-05 9.98509E-05 9.98509E-05 9.98509E-05 9.98509E-05 0.131886 9.98509E-05 0.759796 9.98509E-05 9.98509E-05 9.98509E-05 9.98509E-05 0.106621 9.98509E-05 9.98509E-05 9.98509E-05
9.98684E-05 9.98684E-05 9.98684E-05 0.023526 9.98684E-05 9.98684E-05 9.98684E-05 9.98684E-05 9.98684E-05 0.0420393 0.461827 0.438035 9.98684E-05 9.98684E-05 9.98684E-05 9.98684E-05 0.0330745 9.98684E-05 9.98684E-05 9.98684E-05
9.98771E-05 9.98771E-05 9.98771E-05 9.98771E-05 9.98771E-05 9.98771E-05 0.00699184 9.98771E-05 0.100804 0.115033 9.98771E-05 0.746081 0.0046913 9.98771E-05 9.98771E-05 0.0250017 9.98771E-05 9.98771E-05 9.98771E-05 9.98771E-05
9.98594E-05 9.98594E-05 9.98594E-05 9.98594E-05 9.98594E-05 9.98594E-05 9.98594E-05 9.98594E-05 9.98594E-05 0.110825 9.98594E-05 0.789106 0.0722368 9.98594E-05 9.98594E-05 9.98594E-05 0.0262345 9.98594E-05 9.98594E-05 9.98594E-05
9.98506E-05 9.98506E-05 9.98506E-05 9.98506E-05 9.98506E-05 9.98506E-05 9.98506E-05 9.98506E-05 9.98506E-05 9.98506E-05 9.98506E-05 0.934203 9.98506E-05 9.98506E-05 9.98506E-05 9.98506E-05 0.058694 9.98506E-05 9.98506E-05 0.00540557
9.98771E-05 9.98771E-05 9.98771E-05 9.98771E-05 9.98771E-05 9.98771E-05 9.98771E-05 9.98771E-05 9.98771E-05 0.162713 0.0278974 0.620368 9.98771E-05 9.98771E-05 0.0296116 9.98771E-05 0.110072 0.0479405 9.98771E-05 9.98771E-05
9.98684E-05 9.98684E-05 9.98684E-05 9.98684E-05 9.98684E-05 9.98684E-05 9.98684E-05 9.98684E-05 9.98684E-05 0.0884105 9.98684E-05 0.744211 0.0172896 9.98684E-05 9.98684E-05 0.0593216 0.0892692 9.98684E-05 9.98684E-05 9.98684E-05
9.98508E-05 9.98508E-05 9.98508E-05 9.98508E-05 9.98508E-05 9.98508E-05 9.98508E-05 9.98508E-05 9.98508E-05 0.0855283 9.98508E-05 0.700333 9.98508E-05 9.98508E-05 9.98508E-05 9.98508E-05 0.212441 9.98508E-05 9.98508E-05 9.98508E-05
9.98769E-05 9.98769E-05 9.98769E-05 9.98769E-05 9.98769E-05 9.98769E-05 0.0251095 9.98769E-05 9.98769E-05 0.00656763 9.98769E-05 0.416351 9.98769E-05 9.98769E-05 0.223399 0.0527786 0.274396 9.98769E-05 9.98769E-05 9.98769E-05
9.98595E-05 9.98595E-05 9.98595E-05 9.98595E-05 9.98595E-05 9.98595E-05 9.98595E-05 9.98595E-05 9.98595E-05 0.258886 9.98595E-05 0.528453 9.98595E-05 9.98595E-05 9.98595E-05 9.98595E-05 0.208201 0.00286234 9.98595E-05 9.98595E-05
9.98597E-05 9.98597E-05 9.98597E-05 9.98597E-05 9.98597E-05 9.98597E-05 0.0322946 9.98597E-05 9.98597E-05 9.98597E-05 0.212471 0.584073 9.98597E-05 9.98597E-05 0.169564 9.98597E-05 9.98597E-05 9.98597E-05 9.98597E-05 9.98597E-05
0.0333664 9.98772E-05 9.98772E-05 9.98772E-05 9.98772E-05 9.98772E-05 9.98772E-05 9.98772E-05 9.98772E-05 0.0618475 0.060694 0.755791 9.98772E-05 0.0308569 0.056046 9.98772E-05 9.98772E-05 9.98772E-05 9.98772E-05 9.98772E-05
9.98422E-05 9.98422E-05 9.98422E-05 9.98422E-05 9.98422E-05 9.98422E-05 9.98422E-05 9.98422E-05 9.98422E-05 9.98422E-05 9.98422E-05 0.993232 9.98422E-05 9.98422E-05 9.98422E-05 9.98422E-05 0.00497133 9.98422E-05 9.98422E-05 9.98422E-05
9.98685E-05 9.98685E-05 9.98685E-05 9.98685E-05 9.98685E-05 9.98685E-05 9.98685E-05 9.98685E-05 9.98685E-05 0.198392 0.0339873 0.667597 9.98685E-05 9.98685E-05 0.00498414 9.98685E-05 0.0935416 9.98685E-05 9.98685E-05 9.98685E-05
9.98947E-05 9.98947E-05 9.98947E-05 9.98947E-05 9.98947E-05 9.98947E-05 0.00898662 0.0273721 9.98947E-05 0.00591068 0.0715483 0.693811 0.155882 9.98947E-05 9.98947E-05 9.98947E-05 0.023094 0.0121964 9.98947E-05 9.98947E-05
9.98772E-05 9.98772E-05 9.98772E-05 9.98772E-05 9.98772E-05 9.98772E-05 0.0417154 9.98772E-05 9.98772E-05 0.189601 9.98772E-05 0.647632 9.98772E-05 9.98772E-05 0.048886 9.98772E-05 0.0273356 0.0434324 9.98772E-05 9.98772E-05
0.0305906 9.98684E-05 9.98684E-05 9.98684E-05 9.98684E-05 9.98684E-05 9.98684E-05 9.98684E-05 9.98684E-05 0.126705 9.98684E-05 0.629062 9.98684E-05 9.98684E-05 0.186308 9.98684E-05 0.0258371 9.98684E-05 9.98684E-05 9.98684E-05
9.98861E-05 9.98861E-05 9.98861E-05 9.98861E-05 9.98861E-05 9.98861E-05 0.013639 9.98861E-05 0.0206188 9.98861E-05 0.0113881 0.68881 9.98861E-05 9.98861E-05 9.98861E-05 0.075715 0.142843 0.045688 9.98861E-05 9.98861E-05
9.98509E-05 9.98509E-05 9.98509E-05 9.98509E-05 9.98509E-05 9.98509E-05 0.0476552 9.98509E-05 9.98509E-05 9.98509E-05 9.98509E-05 0.932488 9.98509E-05 9.98509E-05 0.0181596 9.98509E-05 9.98509E-05 9.98509E-05 9.98509E-05 9.98509E-05
0.133607 0.0192151 0.0256983 9.99035E-05 9.99035E-05 9.99035E-05 9.99035E-05 0.0475931 9.99035E-05 0.0761528 0.232144 0.356252 9.99035E-05 9.99035E-05 9.99035E-05 9.99035E-05 0.0733711 9.99035E-05 9.99035E-05 0.0348667
9.98684E-05 9.98684E-05 9.98684E-05 9.98684E-05 9.98684E-05 9.98684E-05 9.98684E-05 9.98684E-05 0.0105715 0.0491824 9.98684E-05 0.768972 9.98684E-05 9.98684E-05 0.13025 9.98684E-05 0.0395266 9.98684E-05 9.98684E-05 9.98684E-05
9.98509E-05 9.98509E-05 9.98509E-05 9.98509E-05 9.98509E-05 9.98509E-05 0.0457664 9.98509E-05 9.98509E-05 0.0573254 9.98509E-05 0.895211 9.98509E-05 9.98509E-05 9.98509E-05 9.98509E-05 9.98509E-05 9.98509E-05 9.98509E-05 9.98509E-05
0.026964 9.98771E-05 0.0372158 9.98771E-05 9.98771E-05 9.98771E-05 9.98771E-05 9.98771E-05 9.98771E-05 0.207073 9.98771E-05 0.468224 9.98771E-05 9.98771E-05 0.0479291 9.98771E-05 0.211196 9.98771E-05 9.98771E-05 9.98771E-05
9.98684E-05 9.98684E-05 9.98684E-05 9.98684E-05 9.98684E-05 9.98684E-05 9.98684E-05 9.98684E-05 0.0135192 9.98684E-05 0.0858094 0.702155 9.98684E-05 9.98684E-05 9.98684E-05 9.98684E-05 0.162987 9.98684E-05 9.98684E-05 0.0340318
0.0890902 9.98771E-05 0.0205349 9.98771E-05 9.98771E-05 9.98771E-05 9.98771E-05 9.98771E-05 9.98771E-05 0.206685 9.98771E-05 0.447434 9.98771E-05 9.98771E-05 0.0703528 9.98771E-05 0.164505 9.98771E-05 9.98771E-05 9.98771E-05
9.9886E-05 0.0693408 9.9886E-05 9.9886E-05 9.9886E-05 9.9886E-05 9.9886E-05 9.9886E-05 9.9886E-05 0.129633 0.260857 0.312432 0.0180885 9.9886E-05 0.0213812 9.9886E-05 0.186968 9.9886E-05 9.9886E-05 9.9886E-05
0.0153788 9.98771E-05 9.98771E-05 9.98771E-05 0.0197077 9.98771E-05 9.98771E-05 9.98771E-05 9.98771E-05 0.0454164 0.655051 0.128031 9.98771E-05 9.98771E-05 9.98771E-05 9.98771E-05 9.98771E-05 9.98771E-05 9.98771E-05 0.135016
0.0717537 9.98682E-05 9.98682E-05 9.98682E-05 9.98682E-05 9.98682E-05 9.98682E-05 9.98682E-05 9.98682E-05 0.0933493 9.98682E-05 0.794112 9.98682E-05 9.98682E-05 9.98682E-05 9.98682E-05 0.0209381 9.98682E-05 0.0183491 9.98682E-05
9.98509E-05 9.98509E-05 9.98509E-05 9.98509E-05 9.98509E-05 9.98509E-05 9.98509E-05 9.98509E-05 9.98509E-05 0.189828 9.98509E-05 0.542428 9.98509E-05 9.98509E-05 9.98509E-05 9.98509E-05 0.266046 9.98509E-05 9.98509E-05 9.98509E-05
0.00977623 9.98772E-05 9.98772E-05 9.98772E-05 9.98772E-05 9.98772E-05 0.055908 9.98772E-05 0.0651406 0.120745 0.0392778 0.707754 9.98772E-05 9.98772E-05 9.98772E-05 9.98772E-05 9.98772E-05 9.98772E-05 9.98772E-05 9.98772E-05
9.98685E-05 9.98685E-05 9.98685E-05 9.98685E-05 9.98685E-05 9.98685E-05 0.054243 0.0160739 9.98685E-05 0.182032 9.98685E-05 0.740848 9.98685E-05 9.98685E-05 9.98685E-05 9.98685E-05 0.00530515 9.98685E-05 9.98685E-05 9.98685E-05
9.98508E-05 9.98508E-05 9.98508E-05 9.98508E-05 9.98508E-05 9.98508E-05 9.98508E-05 0.0475652 9.98508E-05 0.0234861 9.98508E-05 0.927251 9.98508E-05 9.98508E-05 9.98508E-05 9.98508E-05 9.98508E-05 9.98508E-05 9.98508E-05 9.98508E-05
0.104813 9.98594E-05 9.98594E-05 9.98594E-05 9.98594E-05 9.98594E-05 9.98594E-05 9.98594E-05 9.98594E-05 0.0611563 9.98594E-05 0.627768 9.98594E-05 9.98594E-05 9.98594E-05 9.98594E-05 0.204664 9.98594E-05 9.98594E-05 9.98594E-05
9.98594E-05 9.98594E-05 9.98594E-05 9.98594E-05 9.98594E-05 9.98594E-05 9.98594E-05 9.98594E-05 9.98594E-05 0.0512439 9.98594E-05 0.82056 9.98594E-05 9.98594E-05 9.98594E-05 0.122528 0.00406981 9.98594E-05 9.98594E-05 9.98594E-05
9.9851E-05 9.9851E-05 9.9851E-05 9.9851E-05 9.9851E-05 9.9851E-05 9.9851E-05 9.9851E-05 9.9851E-05 0.024978 9.9851E-05 0.914633 9.9851E-05 9.9851E-05 9.9851E-05 9.9851E-05 9.9851E-05 0.0586917 9.9851E-05 9.9851E-05
9.98771E-05 9.98771E-05 9.98771E-05 9.98771E-05 9.98771E-05 9.98771E-05 0.0106758 9.98771E-05 9.98771E-05 9.98771E-05 0.0762219 0.753342 9.98771E-05 9.98771E-05 9.98771E-05 0.013589 0.0767868 0.0679861 9.98771E-05 9.98771E-05
9.98682E-05 9.98682E-05 9.98682E-05 9.98682E-05 9.98682E-05 9.98682E-05 0.0265025 9.98682E-05 9.98682E-05 0.272579 9.98682E-05 0.597915 0.0320489 9.98682E-05 9.98682E-05 9.98682E-05 0.0694566 9.98682E-05 9.98682E-05 9.98682E-05
9.98507E-05 9.98507E-05 9.98507E-05 9.98507E-05 9.98507E-05 9.98507E-05 9.98507E-05 9.98507E-05 9.98507E-05 9.98507E-05 0.63184 0.252301 9.98507E-05 9.98507E-05 9.98507E-05 9.98507E-05 0.114162 9.98507E-05 9.98507E-05 9.98507E-05
0.00411744 9.9886E-05 9.9886E-05 9.9886E-05 9.9886E-05 9.9886E-05 0.0164852 9.9886E-05 9.9886E-05 0.0756078 0.137742 0.670745 0.0137984 9.9886E-05 9.9886E-05 9.9886E-05 0.0802051 9.9886E-05 9.9886E-05 9.9886E-05
9.98511E-05 9.98511E-05 9.98511E-05 9.98511E-05 9.98511E-05 9.98511E-05 9.98511E-05 9.98511E-05 0.00836429 9.98511E-05 0.264866 0.725073 9.98511E-05 9.98511E-05 9.98511E-05 9.98511E-05 9.98511E-05 9.98511E-05 9.98511E-05 9.98511E-05
0.0598662 9.98772E-05 9.98772E-05 9.98772E-05 9.98772E-05 9.98772E-05 9.98772E-05 9.98772E-05 9.98772E-05 9.98772E-05 0.445262 0.40493 0.0100965 9.98772E-05 0.057456 9.98772E-05 0.0209914 9.98772E-05 9.98772E-05 9.98772E-05
9.98596E-05 9.98596E-05 9.98596E-05 9.98596E-05 9.98596E-05 9.98596E-05 9.98596E-05 9.98596E-05 9.98596E-05 0.332958 9.98596E-05 0.541153 9.98596E-05 9.98596E-05 0.0502265 9.98596E-05 0.0740647 9.98596E-05 9.98596E-05 9.98596E-05
9.98597E-05 9.98597E-05 9.98597E-05 9.98597E-05 9.98597E-05 9.98597E-05 9.98597E-05 9.98597E-05 0.0169931 9.98597E-05 9.98597E-05 0.860125 9.98597E-05 9.98597E-05 9.98597E-05 0.0522524 0.0690317 9.98597E-05 9.98597E-05 9.98597E-05
0.0473408 9.98772E-05 9.98772E-05 0.0188939 9.98772E-05 9.98772E-05 9.98772E-05 9.98772E-05 9.98772E-05 0.13444 0.583087 0.141962 9.98772E-05 9.98772E-05 9.98772E-05 9.98772E-05 0.0728776 9.98772E-05 9.98772E-05 9.98772E-05
9.98597E-05 9.98597E-05 9.98597E-05 9.98597E-05 9.98597E-05 0.0436723 9.98597E-05 9.98597E-05 9.98597E-05 0.0487322 0.470844 0.435153 9.98597E-05 9.98597E-05 9.98597E-05 9.98597E-05 9.98597E-05 9.98597E-05 9.98597E-05 9.98597E-05
0.115835 9.98683E-05 9.98683E-05 9.98683E-05 9.98683E-05 9.98683E-05 9.98683E-05 9.98683E-05 9.98683E-05 9.98683E-05 9.98683E-05 0.513306 9.98683E-05 9.98683E-05 0.123184 0.0110443 0.235133 9.98683E-05 9.98683E-05 9.98683E-05
9.98596E-05 0.218365 9.98596E-05 9.98596E-05 9.98596E-05 9.98596E-05 9.98596E-05 9.98596E-05 9.98596E-05 0.105665 9.98596E-05 0.593686 9.98596E-05 9.98596E-05 9.98596E-05 9.98596E-05 0.0806868 9.98596E-05 9.98596E-05 9.98596E-05
9.98861E-05 9.98861E-05 9.98861E-05 9.98861E-05 9.98861E-05 9.98861E-05 9.98861E-05 0.0117935 9.98861E-05 0.0200796 9.98861E-05 0.584903 9.98861E-05 9.98861E-05 0.139071 0.0230726 0.108431 9.98861E-05 9.98861E-05 0.111351
9.98598E-05 9.98598E-05 9.98598E-05 9.98598E-05 9.98598E-05 9.98598E-05 0.00836547 9.98598E-05 9.98598E-05 0.248286 9.98598E-05 0.522335 9.98598E-05 9.98598E-05 9.98598E-05 9.98598E-05 0.219416 9.98598E-05 9.98598E-05 9.98598E-05
9.98508E-05 9.98508E-05 9.98508E-05 9.98508E-05 9.98508E-05 9.98508E-05 9.98508E-05 9.98508E-05 9.98508E-05 0.0152103 0.487796 0.495296 9.98508E-05 9.98508E-05 9.98508E-05 9.98508E-05 9.98508E-05 9.98508E-05 9.98508E-05 9.98508E-05
9.98507E-05 9.98507E-05 9.98507E-05 9.98507E-05 9.98507E-05 9.98507E-05 9.98507E-05 9.98507E-05 9.98507E-05 0.117553 9.98507E-05 0.735081 9.98507E-05 9.98507E-05 9.98507E-05 9.98507E-05 9.98507E-05 0.145668 9.98507E-05 9.98507E-05
9.98771E-05 0.0469038 9.98771E-05 9.98771E-05 9.98771E-05 9.98771E-05 9.98771E-05 9.98771E-05 0.0853697 9.98771E-05 0.613478 0.104414 9.98771E-05 9.98771E-05 0.0385423 9.98771E-05 0.109894 9.98771E-05 9.98771E-05 9.98771E-05
9.98772E-05 9.98772E-05 9.98772E-05 9.98772E-05 9.98772E-05 9.98772E-05 0.0618532 9.98772E-05 9.98772E-05 0.108423 0.176386 0.565089 0.00407948 9.98772E-05 9.98772E-05 9.98772E-05 0.0827711 9.98772E-05 9.98772E-05 9.98772E-05
9.98509E-05 9.98509E-05 9.98509E-05 9.98509E-05 9.98509E-05 9.98509E-05 9.98509E-05 0.0299999 9.98509E-05 9.98509E-05 9.98509E-05 0.933619 9.98509E-05 9.98509E-05 9.98509E-05 9.98509E-05 0.0346831 9.98509E-05 9.98509E-05 9.98509E-05
0.0355153 9.98596E-05 9.98596E-05 9.98596E-05 9.98596E-05 9.98596E-05 0.0245031 9.98596E-05 9.98596E-05 9.98596E-05 9.98596E-05 0.87787 9.98596E-05 9.98596E-05 9.98596E-05 9.98596E-05 9.98596E-05 0.0605136 9.98596E-05 9.98596E-05
9.9877E-05 9.9877E-05 0.020308 9.9877E-05 9.9877E-05 9.9877E-05 9.9877E-05 9.9877E-05 9.9877E-05 0.21282 9.9877E-05 0.530859 9.9877E-05 9.9877E-05 0.0986458 9.9877E-05 0.122369 9.9877E-05 0.0136003 9.9877E-05
9.98508E-05 9.98508E-05 9.98508E-05 9.98508E-05 9.98508E-05 9.98508E-05 9.98508E-05 9.98508E-05 9.98508E-05 0.0945706 9.98508E-05 0.74552 9.98508E-05 9.98508E-05 9.98508E-05 9.98508E-05 0.158212 9.98508E-05 9.98508E-05 9.98508E-05
9.98682E-05 9.98682E-05 9.98682E-05 9.98682E-05 9.98682E-05 9.98682E-05 0.0229767 0.033194 9.98682E-05 0.020439 9.98682E-05 0.874773 9.98682E-05 9.98682E-05 9.98682E-05 9.98682E-05 0.0471189 9.98682E-05 9.98682E-05 9.98682E-05
0.0998365 9.98597E-05 9.98597E-05 9.98597E-05 9.98597E-05 9.98597E-05 9.98597E-05 9.98597E-05 9.98597E-05 0.0552018 0.0251615 0.818202 9.98597E-05 9.98597E-05 9.98597E-05 9.98597E-05 9.98597E-05 9.98597E-05 9.98597E-05 9.98597E-05
9.98596E-05 9.98596E-05 9.98596E-05 9.98596E-05 9.98596E-05 9.98596E-05 9.98596E-05 9.98596E-05 9.98596E-05 9.98596E-05 0.116202 0.730469 9.98596E-05 9.98596E-05 0.0116118 9.98596E-05 0.14012 9.98596E-05 9.98596E-05 9.98596E-05
9.98331E-05 9.98331E-05 9.98331E-05 9.98331E-05 9.98331E-05 9.98331E-05 9.98331E-05 9.98331E-05 9.98331E-05 0.998103 9.98331E-05 9.98331E-05 9.98331E-05 9.98331E-05 9.98331E-05 9.98331E-05 9.98331E-05 9.98331E-05 9.98331E-05 9.98331E-05
9.9833E-05 9.9833E-05 9.9833E-05 9.9833E-05 9.9833E-05 9.9833E-05 9.9833E-05 9.9833E-05 9.9833E-05 9.9833E-05 9.9833E-05 9.9833E-05 9.9833E-05 9.9833E-05 9.9833E-05 9.9833E-05 0.998103 9.9833E-05 9.9833E-05 9.9833E-05
9.9833E-05 9.9833E-05 9.9833E-05 9.9833E-05 9.9833E-05 9.9833E-05 9.9833E-05 9.9833E-05 9.9833E-05 0.998103 9.9833E-05 9.9833E-05 9.9833E-05 9.9833E-05 9.9833E-05 9.9833E-05 9.9833E-05 9.9833E-05 9.9833E-05 9.9833E-05
9.98331E-05 9.98331E-05 9.98331E-05 9.98331E-05 9.98331E-05 9.98331E-05 9.98331E-05 9.98331E-05 9.98331E-05 9.98331E-05 9.98331E-05 9.98331E-05 9.98331E-05 9.98331E-05 9.98331E-05 9.98331E-05 0.998103 9.98331E-05 9.98331E-05 9.98331E-05
9.98329E-05 9.98329E-05 9.98329E-05 9.98329E-05 9.98329E-05 9.98329E-05 9.98329E-05 9.98329E-05 9.98329E-05 9.98329E-05 9.98329E-05 9.98329E-05 9.98329E-05 9.98329E-05 9.98329E-05 9.98329E-05 0.998103 9.98329E-05 9.98329E-05 9.98329E-05
9.98329E-05 9.98329E-05 9.98329E-05 9.98329E-05 9.98329E-05 9.98329E-05 9.98329E-05 9.98329E-05 9.98329E-05 9.98329E-05 9.98329E-05 9.98329E-05 9.98329E-05 9.98329E-05 9.98329E-05 9.98329E-05 0.998103 9.98329E-05 9.98329E-05 9.98329E-05
9.9833E-05 9.9833E-05 9.9833E-05 9.9833E-05 9.9833E-05 9.9833E-05 9.9833E-05 9.9833E-05 9.9833E-05 0.998103 9.9833E-05 9.9833E-05 9.9833E-05 9.9833E-05 9.9833E-05 9.9833E-05 9.9833E-05 9.9833E-05 9.9833E-05 9.9833E-05
9.9833E-05 9.9833E-05 9.9833E-05 9.9833E-05 9.9833E-05 9.9833E-05 9.9833E-05 9.9833E-05 9.9833E-05 9.9833E-05 9.9833E-05 9.9833E-05 9.9833E-05 9.9833E-05 9.9833E-05 9.9833E-05 0.998103 9.9833E-05 9.9833E-05 9.9833E-05
9.98329E-05 9.98329E-05 9.98329E-05 9.98329E-05 9.98329E-05 9.98329E-05 9.98329E-05 9.98329E-05 9.98329E-05 9.98329E-05 9.98329E-05 9.98329E-05 9.98329E-05 9.98329E-05 9.98329E-05 9.98329E-05 0.998103 9.98329E-05 9.98329E-05 9.98329E-05
9.98329E-05 9.98329E-05 9.98329E-05 9.98329E-05 9.98329E-05 9.98329E-05 9.98329E-05 9.98329E-05 9.98329E-05 0.998103 9.98329E-05 9.98329E-05 9.98329E-05 9.98329E-05 9.98329E-05 9.98329E-05 9.98329E-05 9.98329E-05 9.98329E-05 9.98329E-05
9.98329E-05 9.98329E-05 9.98329E-05 9.98329E-05 9.98329E-05 9.98329E-05 9.98329E-05 9.98329E-05 9.98329E-05 0.998103 9.98329E-05 9.98329E-05 9.98329E-05 9.98329E-05 9.98329E-05 9.98329E-05 9.98329E-05 9.98329E-05 9.98329E-05 9.98329E-05
9.9833E-05 9.9833E-05 9.9833E-05 9.9833E-05 9.9833E-05 9.9833E-05 9.9833E-05 9.9833E-05 9.9833E-05 0.998103 9.9833E-05 9.9833E-05 9.9833E-05 9.9833E-05 9.9833E-05 9.9833E-05 9.9833E-05 9.9833E-05 9.9833E-05 9.9833E-05
9.9833E-05 9.9833E-05 9.9833E-05 9.9833E-05 9.9833E-05 9.9833E-05 9.9833E-05 9.9833E-05 9.9833E-05 9.9833E-05 9.9833E-05 9.9833E-05 9.9833E-05 9.9833E-05 9.9833E-05 9.9833E-05 0.998103 9.9833E-05 9.9833E-05 9.9833E-05
9.9833E-05 9.9833E-05 9.9833E-05 9.9833E-05 9.9833E-05 9.9833E-05 9.9833E-05 9.9833E-05 9.9833E-05 9.9833E-05 9.9833E-05 9.9833E-05 9.9833E-05 9.9833E-05 9.9833E-05 9.9833E-05 0.998103 9.9833E-05 9.9833E-05 9.9833E-05
9.9833E-05 9.9833E-05 9.9833E-05 9.9833E-05 9.9833E-05 9.9833E-05 9.9833E-05 9.9833E-05 9.9833E-05 0.998103 9.9833E-05 9.9833E-05 9.9833E-05 9.9833E-05 9.9833E-05 9.9833E-05 9.9833E-05 9.9833E-05 9.9833E-05 9.9833E-05
9.9833E-05 9.9833E-05 9.9833E-05 9.9833E-05 9.9833E-05 9.9833E-05 9.9833E-05 9.9833E-05 9.9833E-05 0.998103 9.9833E-05 9.9833E-05 9.9833E-05 9.9833E-05 9.9833E-05 9.9833E-05 9.9833E-05 9.9833E-05 9.9833E-05 9.9833E-05
0.0306257 9.98769E-05 9.98769E-05 9.98769E-05 0.0938778 9.98769E-05 9.98769E-05 9.98769E-05 9.98769E-05 0.0688315 9.98769E-05 0.609066 9.98769E-05 9.98769E-05 9.98769E-05 9.98769E-05 0.0726132 9.98769E-05 0.123587 9.98769E-05
9.98331E-05 9.98331E-05 9.98331E-05 9.98331E-05 9.98331E-05 9.98331E-05 9.98331E-05 9.98331E-05 9.98331E-05 0.998103 9.98331E-05 9.98331E-05 9.98331E-05 9.98331E-05 9.98331E-05 9.98331E-05 9.98331E-05 9.98331E-05 9.98331E-05 9.98331E-05
9.9833E-05 9.9833E-05 9.9833E-05 9.9833E-05 9.9833E-05 9.9833E-05 9.9833E-05 9.9833E-05 9.9833E-05 9.9833E-05 9.9833E-05 9.9833E-05 9.9833E-05 9.9833E-05 9.9833E-05 9.9833E-05 0.998103 9.9833E-05 9.9833E-05 9.9833E-05
9.9833E-05 9.9833E-05 9.9833E-05 9.9833E-05 9.9833E-05 9.9833E-05 9.9833E-05 9.9833E-05 9.9833E-05 0.998103 9.9833E-05 9.9833E-05 9.9833E-05 9.9833E-05 9.9833E-05 9.9833E-05 9.9833E-05 9.9833E-05 9.9833E-05 9.9833E-05
9.98331E-05 9.98331E-05 9.98331E-05 9.98331E-05 9.98331E-05 9.98331E-05 9.98331E-05 9.98331E-05 9.98331E-05 0.998103 9.98331E-05 9.98331E-05 9.98331E-05 9.98331E-05 9.98331E-05 9.98331E-05 9.98331E-05 9.98331E-05 9.98331E-05 9.98331E-05
9.9833E-05 9.9833E-05 9.9833E-05 9.9833E-05 9.9833E-05 9.9833E-05 9.9833E-05 9.9833E-05 9.9833E-05 0.998103 9.9833E-05 9.9833E-05 9.9833E-05 9.9833E-05 9.9833E-05 9.9833E-05 9.9833E-05 9.9833E-05 9.9833E-05 9.9833E-05
9.98331E-05 9.98331E-05 9.98331E-05 9.98331E-05 9.98331E-05 9.98331E-05 9.98331E-05 9.98331E-05 9.98331E-05 9.98331E-05 9.98331E-05 9.98331E-05 9.98331E-05 9.98331E-05 9.98331E-05 9.98331E-05 0.998103 9.98331E-05 9.98331E-05 9.98331E-05
9.98329E-05 9.98329E-05 9.98329E-05 9.98329E-05 9.98329E-05 9.98329E-05 9.98329E-05 9.98329E-05 9.98329E-05 0.998103 9.98329E-05 9.98329E-05 9.98329E-05 9.98329E-05 9.98329E-05 9.98329E-05 9.98329E-05 9.98329E-05 9.98329E-05 9.98329E-05
9.9833E-05 9.9833E-05 9.9833E-05 9.9833E-05 9.9833E-05 9.9833E-05 9.9833E-05 9.9833E-05 9.9833E-05 9.9833E-05 9.9833E-05 9.9833E-05 9.9833E-05 9.9833E-05 9.9833E-05 9.9833E-05 0.998103 9.9833E-05 9.9833E-05 9.9833E-05
9.98329E-05 9.98329E-05 9.98329E-05 9.98329E-05 9.98329E-05 9.98329E-05 9.98329E-05 9.98329E-05 9.98329E-05 0.998103 9.98329E-05 9.98329E-05 9.98329E-05 9.98329E-05 9.98329E-05 9.98329E-05 9.98329E-05 9.98329E-05 9.98329E-05 9.98329E-05
9.98328E-05 9.98328E-05 9.98328E-05 9.98328E-05 9.98328E-05 9.98328E-05 9.98328E-05 9.98328E-05 9.98328E-05 0.998103 9.98328E-05 9.98328E-05 9.98328E-05 9.98328E-05 9.98328E-05 9.98328E-05 9.98328E-05 9.98328E-05 9.98328E-05 9.98328E-05
