9.98684E-05 9.98684E-05 9.98684E-05 9.98684E-05 9.98684E-05 9.98684E-05 9.98684E-05 0.0199068 9.98684E-05 0.137089 0.0137227 9.98684E-05 9.98684E-05 0.22472 9.98684E-05 0.0624367 9.98684E-05 9.98684E-05 0.414621 0.0320706 9.98684E-05 0.0939351 9.98684E-05
9.98334E-05 9.98334E-05 9.98334E-05 9.98334E-05 9.98334E-05 9.98334E-05 9.98334E-05 9.98334E-05 9.98334E-05 9.98334E-05 9.98334E-05 9.98334E-05 9.98334E-05 0.0912477 0.0218227 9.98334E-05 9.98334E-05 9.98334E-05 0.75997 0.125062 9.98334E-05 9.98334E-05 9.98334E-05
9.98157E-05 9.98157E-05 9.98157E-05 9.98157E-05 9.98157E-05 9.98157E-05 9.98157E-05 9.98157E-05 9.98157E-05 9.98157E-05 9.98157E-05 9.98157E-05 9.98157E-05 9.98157E-05 9.98157E-05 9.98157E-05 9.98157E-05 0.981679 9.98157E-05 9.98157E-05 9.98157E-05 9.98157E-05 0.0162249
9.98771E-05 0.0175374 9.98771E-05 9.98771E-05 9.98771E-05 9.98771E-05 9.98771E-05 0.00155484 9.98771E-05 0.127924 9.98771E-05 0.0113415 9.98771E-05 9.98771E-05 0.292673 0.102617 9.98771E-05 9.98771E-05 0.277268 9.98771E-05 9.98771E-05 0.0198909 0.147796
9.98422E-05 9.98422E-05 9.98422E-05 9.98422E-05 0.00534078 0.000900916 9.98422E-05 9.98422E-05 0.221209 9.98422E-05 9.98422E-05 9.98422E-05 9.98422E-05 9.98422E-05 9.98422E-05 9.98422E-05 9.98422E-05 0.317757 0.452995 9.98422E-05 9.98422E-05 9.98422E-05 9.98422E-05
9.98509E-05 0.0963002 9.98509E-05 9.98509E-05 0.195471 9.98509E-05 9.98509E-05 9.98509E-05 0.1151 9.98509E-05 9.98509E-05 0.129588 9.98509E-05 0.204847 9.98509E-05 9.98509E-05 9.98509E-05 0.256996 9.98509E-05 9.98509E-05 9.98509E-05 9.98509E-05 9.98509E-05
9.9886E-05 0.0577757 9.9886E-05 9.9886E-05 0.0921955 0.074991 9.9886E-05 0.0406543 9.9886E-05 0.0668327 0.0986344 9.9886E-05 9.9886E-05 9.9886E-05 0.0888955 9.9886E-05 9.9886E-05 0.0496173 0.29359 0.135515 9.9886E-05 9.9886E-05 9.9886E-05
9.99123E-05 0.116182 0.025746 0.021313 0.130635 0.0111293 9.99123E-05 0.0101086 0.044071 0.177214 9.99123E-05 0.123899 9.99123E-05 0.0432588 9.99123E-05 9.99123E-05 9.99123E-05 0.157013 0.0912853 9.99123E-05 9.99123E-05 9.99123E-05 0.0471459
9.98597E-05 9.98597E-05 9.98597E-05 9.98597E-05 9.98597E-05 9.98597E-05 9.98597E-05 9.98597E-05 0.0259639 9.98597E-05 0.197506 0.201766 9.98597E-05 9.98597E-05 9.98597E-05 0.00723203 9.98597E-05 0.0999915 0.229117 9.98597E-05 9.98597E-05 0.236825 9.98597E-05
9.98245E-05 9.98245E-05 9.98245E-05 9.98245E-05 9.98245E-05 9.98245E-05 9.98245E-05 9.98245E-05 9.98245E-05 9.98245E-05 9.98245E-05 9.98245E-05 9.98245E-05 9.98245E-05 9.98245E-05 9.98245E-05 9.98245E-05 0.582976 0.377742 9.98245E-05 9.98245E-05 0.0372855 9.98245E-05
0.0339131 9.98772E-05 0.000575946 9.98772E-05 9.98772E-05 9.98772E-05 9.98772E-05 0.0882759 9.98772E-05 0.01019 0.00223828 9.98772E-05 9.98772E-05 0.0106463 9.98772E-05 9.98772E-05 9.98772E-05 9.98772E-05 0.636855 9.98772E-05 9.98772E-05 0.144916 0.0709908
9.98421E-05 9.98421E-05 9.98421E-05 0.0185679 0.0116939 9.98421E-05 9.98421E-05 0.0231879 9.98421E-05 9.98421E-05 9.98421E-05 9.98421E-05 9.98421E-05 0.04902 9.98421E-05 9.98421E-05 9.98421E-05 0.895733 9.98421E-05 9.98421E-05 9.98421E-05 9.98421E-05 9.98421E-05
9.98245E-05 9.98245E-05 9.98245E-05 9.98245E-05 9.98245E-05 9.98245E-05 9.98245E-05 9.98245E-05 9.98245E-05 0.0826008 9.98245E-05 9.98245E-05 9.98245E-05 9.98245E-05 9.98245E-05 9.98245E-05 9.98245E-05 9.98245E-05 0.883533 9.98245E-05 9.98245E-05 0.0318701 9.98245E-05
9.98685E-05 9.98685E-05 9.98685E-05 0.0335817 9.98685E-05 0.0514705 9.98685E-05 0.0198397 9.98685E-05 9.98685E-05 9.98685E-05 9.98685E-05 0.0314928 9.98685E-05 9.98685E-05 9.98685E-05 9.98685E-05 9.98685E-05 0.646472 0.0425739 0.127542 0.0455288 9.98685E-05
9.98947E-05 9.98947E-05 9.98947E-05 9.98947E-05 0.00798072 9.98947E-05 0.0597039 9.98947E-05 9.98947E-05 0.000248552 0.0137954 0.130221 9.98947E-05 0.236297 9.98947E-05 0.0150481 9.98947E-05 0.0262187 0.267795 9.98947E-05 9.98947E-05 0.1213 0.120193
9.99122E-05 9.99122E-05 0.0118832 0.0885962 9.99122E-05 9.99122E-05 9.99122E-05 0.0132269 0.0635743 0.0308817 9.99122E-05 0.154404 9.99122E-05 0.146494 0.0119534 0.0857469 0.141443 0.0154074 0.173962 9.99122E-05 9.99122E-05 0.0614282 9.99122E-05
9.9851E-05 9.9851E-05 9.9851E-05 9.9851E-05 9.9851E-05 9.9851E-05 0.157985 0.112364 9.9851E-05 9.9851E-05 9.9851E-05 9.9851E-05 9.9851E-05 9.9851E-05 0.0734432 9.9851E-05 9.9851E-05 0.571471 9.9851E-05 0.0459131 9.9851E-05 0.0371251 9.9851E-05
0.0997513 9.98684E-05 0.144586 9.98684E-05 9.98684E-05 9.98684E-05 9.98684E-05 9.98684E-05 9.98684E-05 0.169636 9.98684E-05 0.0186924 9.98684E-05 0.230127 9.98684E-05 9.98684E-05 9.98684E-05 9.98684E-05 0.208702 9.98684E-05 9.98684E-05 0.120661 0.00634735
9.98595E-05 9.98595E-05 0.0268919 9.98595E-05 0.243693 9.98595E-05 9.98595E-05 9.98595E-05 9.98595E-05 0.0688009 9.98595E-05 0.151404 9.98595E-05 9.98595E-05 9.98595E-05 9.98595E-05 9.98595E-05 0.136298 0.234556 9.98595E-05 9.98595E-05 0.136758 9.98595E-05
9.98071E-05 9.98071E-05 9.98071E-05 9.98071E-05 9.98071E-05 9.98071E-05 9.98071E-05 9.98071E-05 9.98071E-05 9.98071E-05 9.98071E-05 9.98071E-05 9.98071E-05 9.98071E-05 9.98071E-05 9.98071E-05 9.98071E-05 9.98071E-05 0.997804 9.98071E-05 9.98071E-05 9.98071E-05 9.98071E-05
9.98596E-05 0.0528703 9.98596E-05 0.171993 9.98596E-05 9.98596E-05 9.98596E-05 0.0428181 9.98596E-05 9.98596E-05 9.98596E-05 0.0670606 9.98596E-05 9.98596E-05 9.98596E-05 9.98596E-05 9.98596E-05 9.98596E-05 0.583641 9.98596E-05 9.98596E-05 0.013828 0.0661913
9.98422E-05 0.0674128 9.98422E-05 9.98422E-05 0.132335 9.98422E-05 9.98422E-05 9.98422E-05 9.98422E-05 0.382477 9.98422E-05 0.136332 9.98422E-05 9.98422E-05 9.98422E-05 9.98422E-05 9.98422E-05 0.279646 9.98422E-05 9.98422E-05 9.98422E-05 9.98422E-05 9.98422E-05
9.98333E-05 9.98333E-05 9.98333E-05 9.98333E-05 9.98333E-05 9.98333E-05 9.98333E-05 9.98333E-05 0.0807295 9.98333E-05 9.98333E-05 9.98333E-05 9.98333E-05 0.139612 9.98333E-05 9.98333E-05 9.98333E-05 9.98333E-05 0.728838 9.98333E-05 9.98333E-05 0.0489236 9.98333E-05
9.98508E-05 9.98508E-05 9.98508E-05 9.98508E-05 9.98508E-05 9.98508E-05 9.98508E-05 9.98508E-05 9.98508E-05 0.295369 0.0923608 9.98508E-05 9.98508E-05 9.98508E-05 9.98508E-05 9.98508E-05 0.00800338 0.117548 0.301093 9.98508E-05 9.98508E-05 0.183928 9.98508E-05
9.98684E-05 9.98684E-05 9.98684E-05 0.0136618 9.98684E-05 9.98684E-05 9.98684E-05 9.98684E-05 9.98684E-05 0.0144097 9.98684E-05 0.0282415 9.98684E-05 9.98684E-05 9.98684E-05 0.125605 9.98684E-05 0.158767 0.140517 9.98684E-05 9.98684E-05 0.239617 0.277683
9.98509E-05 9.98509E-05 9.98509E-05 9.98509E-05 9.98509E-05 9.98509E-05 9.98509E-05 9.98509E-05 0.0834017 0.0951941 9.98509E-05 0.00996416 9.98509E-05 9.98509E-05 0.0766532 9.98509E-05 9.98509E-05 0.670667 9.98509E-05 9.98509E-05 9.98509E-05 0.0624224 9.98509E-05
9.98771E-05 9.98771E-05 0.080984 0.0249059 9.98771E-05 9.98771E-05 9.98771E-05 9.98771E-05 0.00670161 0.306633 9.98771E-05 9.98771E-05 9.98771E-05 9.98771E-05 0.0126256 9.98771E-05 0.0514138 9.98771E-05 0.0693808 9.98771E-05 9.98771E-05 0.112178 0.33378
9.98422E-05 9.98422E-05 9.98422E-05 0.0371652 0.0869752 9.98422E-05 9.98422E-05 9.98422E-05 9.98422E-05 9.98422E-05 9.98422E-05 9.98422E-05 9.98422E-05 9.98422E-05 9.98422E-05 9.98422E-05 9.98422E-05 9.98422E-05 0.86433 9.98422E-05 0.00578556 0.00394724 9.98422E-05
9.98334E-05 9.98334E-05 9.98334E-05 9.98334E-05 9.98334E-05 9.98334E-05 9.98334E-05 9.98334E-05 9.98334E-05 9.98334E-05 0.0636113 9.98334E-05 9.98334E-05 9.98334E-05 9.98334E-05 9.98334E-05 9.98334E-05 9.98334E-05 0.739338 9.98334E-05 9.98334E-05 0.131764 0.0633898
9.98422E-05 9.98422E-05 9.98422E-05 9.98422E-05 9.98422E-05 9.98422E-05 9.98422E-05 9.98422E-05 9.98422E-05 9.98422E-05 9.98422E-05 9.98422E-05 9.98422E-05 9.98422E-05 9.98422E-05 9.98422E-05 9.98422E-05 0.13418 0.585882 0.0138971 0.197871 0.066373 9.98422E-05
9.98596E-05 9.98596E-05 9.98596E-05 9.98596E-05 0.023805 9.98596E-05 9.98596E-05 0.0605237 9.98596E-05 9.98596E-05 9.98596E-05 0.0259279 9.98596E-05 0.0735532 9.98596E-05 0.0285676 9.98596E-05 9.98596E-05 0.715609 9.98596E-05 9.98596E-05 0.0704156 9.98596E-05
0.0230185 9.98772E-05 9.98772E-05 9.98772E-05 0.014956 9.98772E-05 9.98772E-05 0.0754962 0.0376984 0.0468258 9.98772E-05 9.98772E-05 9.98772E-05 9.98772E-05 0.0275174 9.98772E-05 9.98772E-05 9.98772E-05 0.620224 9.98772E-05 9.98772E-05 0.13076 0.022105
9.98771E-05 9.98771E-05 9.98771E-05 0.0163373 9.98771E-05 9.98771E-05 9.98771E-05 0.0739606 9.98771E-05 0.129072 9.98771E-05 9.98771E-05 9.98771E-05 0.0556679 0.0101074 9.98771E-05 9.98771E-05 0.38726 0.154348 9.98771E-05 9.98771E-05 0.128726 0.0431228
9.98596E-05 9.98596E-05 0.063346 0.00443395 9.98596E-05 9.98596E-05 9.98596E-05 9.98596E-05 9.98596E-05 0.113193 9.98596E-05 9.98596E-05 9.98596E-05 9.98596E-05 9.98596E-05 9.98596E-05 9.98596E-05 0.612232 9.98596E-05 9.98596E-05 0.0824227 0.104422 0.0183525
9.98335E-05 9.98335E-05 9.98335E-05 9.98335E-05 9.98335E-05 9.98335E-05 9.98335E-05 9.98335E-05 9.98335E-05 9.98335E-05 9.98335E-05 9.98335E-05 9.98335E-05 9.98335E-05 9.98335E-05 0.0763064 9.98335E-05 9.98335E-05 0.890443 0.0234123 9.98335E-05 0.00794141 9.98335E-05
9.98596E-05 9.98596E-05 9.98596E-05 9.98596E-05 9.98596E-05 9.98596E-05 9.98596E-05 9.98596E-05 9.98596E-05 0.0403243 9.98596E-05 0.0126724 9.98596E-05 0.0363076 0.1577 9.98596E-05 9.98596E-05 0.484611 0.259587 0.00719953 9.98596E-05 9.98596E-05 9.98596E-05
9.98423E-05 9.98423E-05 9.98423E-05 9.98423E-05 0.0887367 0.0195099 9.98423E-05 9.98423E-05 9.98423E-05 9.98423E-05 9.98423E-05 9.98423E-05 9.98423E-05 9.98423E-05 9.98423E-05 9.98423E-05 0.0073893 9.98423E-05 0.850195 0.032372 9.98423E-05 9.98423E-05 9.98423E-05
9.98423E-05 9.98423E-05 9.98423E-05 9.98423E-05 9.98423E-05 9.98423E-05 9.98423E-05 9.98423E-05 9.98423E-05 9.98423E-05 9.98423E-05 0.162612 9.98423E-05 9.98423E-05 9.98423E-05 0.082121 9.98423E-05 0.681165 9.98423E-05 0.0660565 9.98423E-05 0.00624756 9.98423E-05
9.9886E-05 0.0361149 9.9886E-05 0.00473402 0.00624094 9.9886E-05 0.152269 0.0317261 9.9886E-05 0.0565088 9.9886E-05 9.9886E-05 9.9886E-05 9.9886E-05 9.9886E-05 0.00369819 9.9886E-05 0.546564 9.9886E-05 0.0384018 9.9886E-05 0.122444 9.9886E-05
9.98771E-05 9.98771E-05 9.98771E-05 0.0294264 0.0658636 0.0320449 9.98771E-05 0.0142066 9.98771E-05 9.98771E-05 9.98771E-05 9.98771E-05 0.0385185 9.98771E-05 9.98771E-05 9.98771E-05 0.0187354 0.602128 9.98771E-05 9.98771E-05 9.98771E-05 0.12126 0.0764179
9.98334E-05 9.98334E-05 9.98334E-05 9.98334E-05 0.0130225 9.98334E-05 9.98334E-05 0.046649 9.98334E-05 9.98334E-05 9.98334E-05 9.98334E-05 9.98334E-05 9.98334E-05 9.98334E-05 9.98334E-05 9.98334E-05 0.926385 9.98334E-05 9.98334E-05 9.98334E-05 0.0120464 9.98334E-05
9.9851E-05 9.9851E-05 9.9851E-05 9.9851E-05 9.9851E-05 9.9851E-05 9.9851E-05 9.9851E-05 9.9851E-05 0.200766 0.039238 0.0230187 9.9851E-05 0.0158714 9.9851E-05 9.9851E-05 9.9851E-05 0.644326 9.9851E-05 9.9851E-05 9.9851E-05 0.0750831 9.9851E-05
9.98245E-05 9.98245E-05 9.98245E-05 9.98245E-05 9.98245E-05 9.98245E-05 9.98245E-05 9.98245E-05 0.0416022 9.98245E-05 9.98245E-05 9.98245E-05 0.0749825 9.98245E-05 9.98245E-05 9.98245E-05 9.98245E-05 9.98245E-05 0.881419 9.98245E-05 9.98245E-05 9.98245E-05 9.98245E-05
9.98596E-05 9.98596E-05 9.98596E-05 9.98596E-05 9.98596E-05 9.98596E-05 9.98596E-05 0.0299217 9.98596E-05 0.0942631 0.0401962 0.109158 9.98596E-05 0.226191 9.98596E-05 9.98596E-05 9.98596E-05 0.354682 9.98596E-05 9.98596E-05 9.98596E-05 0.143991 9.98596E-05
9.98421E-05 9.98421E-05 9.98421E-05 9.98421E-05 0.0670405 9.98421E-05 9.98421E-05 9.98421E-05 9.98421E-05 0.3416 9.98421E-05 9.98421E-05 9.98421E-05 9.98421E-05 0.0893948 9.98421E-05 9.98421E-05 0.286659 9.98421E-05 9.98421E-05 9.98421E-05 0.213509 9.98421E-05
0.0432773 9.98331E-05 9.98331E-05 9.98331E-05 9.98331E-05 9.98331E-05 9.98331E-05 9.98331E-05 9.98331E-05 9.98331E-05 9.98331E-05 9.98331E-05 9.98331E-05 9.98331E-05 0.00556349 9.98331E-05 9.98331E-05 0.93063 9.98331E-05 9.98331E-05 9.98331E-05 0.0186328 9.98331E-05
9.98333E-05 9.98333E-05 0.0124874 9.98333E-05 9.98333E-05 9.98333E-05 9.98333E-05 9.98333E-05 9.98333E-05 9.98333E-05 9.98333E-05 0.0468767 9.98333E-05 9.98333E-05 9.98333E-05 9.98333E-05 9.98333E-05 9.98333E-05 0.901364 9.98333E-05 9.98333E-05 0.037375 9.98333E-05
9.98071E-05 9.98071E-05 9.98071E-05 9.98071E-05 9.98071E-05 9.98071E-05 9.98071E-05 9.98071E-05 9.98071E-05 9.98071E-05 9.98071E-05 9.98071E-05 9.98071E-05 9.98071E-05 9.98071E-05 9.98071E-05 9.98071E-05 0.997804 9.98071E-05 9.98071E-05 9.98071E-05 9.98071E-05 9.98071E-05
9.98421E-05 9.98421E-05 9.98421E-05 9.98421E-05 0.026505 9.98421E-05 9.98421E-05 0.0190897 9.98421E-05 0.0945856 9.98421E-05 9.98421E-05 9.98421E-05 9.98421E-05 9.98421E-05 9.98421E-05 9.98421E-05 9.98421E-05 0.70196 9.98421E-05 9.98421E-05 0.156062 9.98421E-05
9.98337E-05 9.98337E-05 9.98337E-05 9.98337E-05 0.0693969 0.0866918 9.98337E-05 9.98337E-05 9.98337E-05 9.98337E-05 9.98337E-05 0.0586683 9.98337E-05 9.98337E-05 9.98337E-05 9.98337E-05 9.98337E-05 0.783346 9.98337E-05 9.98337E-05 9.98337E-05 9.98337E-05 9.98337E-05
9.98858E-05 9.98858E-05 9.98858E-05 9.98858E-05 9.98858E-05 9.98858E-05 9.98858E-05 0.0943492 0.00352166 9.98858E-05 9.98858E-05 0.0401262 0.0254569 9.98858E-05 0.00186667 0.0702924 0.00944873 9.98858E-05 0.433656 9.98858E-05 9.98858E-05 0.18111 0.138874
9.98595E-05 0.00514592 9.98595E-05 0.0570684 9.98595E-05 9.98595E-05 9.98595E-05 9.98595E-05 0.0488287 0.182646 0.0415259 9.98595E-05 9.98595E-05 9.98595E-05 0.0382316 9.98595E-05 9.98595E-05 0.624956 9.98595E-05 9.98595E-05 9.98595E-05 9.98595E-05 9.98595E-05
9.98422E-05 9.98422E-05 0.05724 9.98422E-05 9.98422E-05 9.98422E-05 9.98422E-05 9.98422E-05 9.98422E-05 0.0274268 9.98422E-05 9.98422E-05 9.98422E-05 0.00412635 9.98422E-05 9.98422E-05 9.98422E-05 0.889009 9.98422E-05 9.98422E-05 9.98422E-05 9.98422E-05 0.0204011
9.98773E-05 0.0186454 0.0125212 0.104703 9.98773E-05 9.98773E-05 9.98773E-05 9.98773E-05 9.98773E-05 9.98773E-05 9.98773E-05 0.0074699 0.0372174 9.98773E-05 9.98773E-05 0.0549834 0.0713974 0.636546 9.98773E-05 9.98773E-05 9.98773E-05 0.0551183 9.98773E-05
9.98773E-05 0.00993566 9.98773E-05 0.0132114 0.0405358 9.98773E-05 9.98773E-05 9.98773E-05 9.98773E-05 9.98773E-05 0.0338787 9.98773E-05 0.0394776 9.98773E-05 9.98773E-05 0.022093 9.98773E-05 0.019603 0.747142 9.98773E-05 9.98773E-05 0.0727246 9.98773E-05
9.98598E-05 9.98598E-05 9.98598E-05 9.98598E-05 0.0112868 9.98598E-05 9.98598E-05 0.00426157 9.98598E-05 9.98598E-05 9.98598E-05 9.98598E-05 9.98598E-05 0.0366041 9.98598E-05 0.0733743 9.98598E-05 0.781121 9.98598E-05 9.98598E-05 0.00435839 9.98598E-05 0.0873964
9.98333E-05 9.98333E-05 0.0622307 9.98333E-05 0.0302236 9.98333E-05 9.98333E-05 9.98333E-05 9.98333E-05 0.0596266 9.98333E-05 9.98333E-05 9.98333E-05 9.98333E-05 9.98333E-05 9.98333E-05 9.98333E-05 0.846022 9.98333E-05 9.98333E-05 9.98333E-05 9.98333E-05 9.98333E-05
9.98334E-05 9.98334E-05 9.98334E-05 9.98334E-05 9.98334E-05 9.98334E-05 9.98334E-05 0.0343152 9.98334E-05 9.98334E-05 9.98334E-05 9.98334E-05 9.98334E-05 9.98334E-05 0.0397747 9.98334E-05 9.98334E-05 9.98334E-05 0.866585 9.98334E-05 9.98334E-05 0.057428 9.98334E-05
9.98246E-05 9.98246E-05 9.98246E-05 9.98246E-05 9.98246E-05 9.98246E-05 9.98246E-05 9.98246E-05 9.98246E-05 9.98246E-05 9.98246E-05 0.00135647 9.98246E-05 9.98246E-05 0.0301854 9.98246E-05 9.98246E-05 9.98246E-05 0.966462 9.98246E-05 9.98246E-05 9.98246E-05 9.98246E-05
9.98507E-05 9.98507E-05 0.00389471 9.98507E-05 9.98507E-05 9.98507E-05 9.98507E-05 0.0115731 9.98507E-05 9.98507E-05 9.98507E-05 0.0265844 9.98507E-05 0.73611 9.98507E-05 9.98507E-05 9.98507E-05 9.98507E-05 9.98507E-05 9.98507E-05 9.98507E-05 0.107025 0.113116
9.98158E-05 9.98158E-05 9.98158E-05 9.98158E-05 9.98158E-05 9.98158E-05 9.98158E-05 9.98158E-05 9.98158E-05 9.98158E-05 9.98158E-05 9.98158E-05 9.98158E-05 0.981966 9.98158E-05 0.0159383 9.98158E-05 9.98158E-05 9.98158E-05 9.98158E-05 9.98158E-05 9.98158E-05 9.98158E-05
9.98244E-05 9.98244E-05 0.0435047 9.98244E-05 9.98244E-05 0.0145635 9.98244E-05 9.98244E-05 9.98244E-05 9.98244E-05 9.98244E-05 9.98244E-05 9.98244E-05 0.939935 9.98244E-05 9.98244E-05 9.98244E-05 9.98244E-05 9.98244E-05 9.98244E-05 9.98244E-05 9.98244E-05 9.98244E-05
9.98509E-05 9.98509E-05 9.98509E-05 9.98509E-05 9.98509E-05 0.0239768 9.98509E-05 9.98509E-05 9.98509E-05 9.98509E-05 9.98509E-05 0.14165 9.98509E-05 0.305193 9.98509E-05 9.98509E-05 9.98509E-05 9.98509E-05 9.98509E-05 0.24171 9.98509E-05 0.0581495 0.227624
0.0590153 0.0468856 0.0147826 0.0032413 9.98769E-05 0.0124478 9.98769E-05 9.98769E-05 9.98769E-05 0.106465 9.98769E-05 0.0867395 9.98769E-05 0.622686 9.98769E-05 9.98769E-05 0.0463389 9.98769E-05 9.98769E-05 9.98769E-05 9.98769E-05 9.98769E-05 9.98769E-05
9.98417E-05 9.98417E-05 9.98417E-05 9.98417E-05 9.98417E-05 9.98417E-05 9.98417E-05 9.98417E-05 9.98417E-05 0.0479527 9.98417E-05 0.0205179 9.98417E-05 0.662411 9.98417E-05 9.98417E-05 9.98417E-05 9.98417E-05 9.98417E-05 9.98417E-05 9.98417E-05 0.169307 0.0980145
9.98419E-05 9.98419E-05 9.98419E-05 9.98419E-05 9.98419E-05 9.98419E-05 9.98419E-05 0.0281229 9.98419E-05 9.98419E-05 9.98419E-05 9.98419E-05 9.98419E-05 0.547359 0.0532154 9.98419E-05 9.98419E-05 9.98419E-05 9.98419E-05 0.237341 9.98419E-05 0.132165 9.98419E-05
9.98506E-05 9.98506E-05 0.115169 9.98506E-05 9.98506E-05 9.98506E-05 9.98506E-05 9.98506E-05 9.98506E-05 9.98506E-05 9.98506E-05 0.0891913 9.98506E-05 0.470047 9.98506E-05 9.98506E-05 9.98506E-05 9.98506E-05 9.98506E-05 0.0843497 9.98506E-05 0.104685 0.13486
9.98071E-05 9.98071E-05 9.98071E-05 9.98071E-05 9.98071E-05 9.98071E-05 9.98071E-05 9.98071E-05 9.98071E-05 9.98071E-05 9.98071E-05 9.98071E-05 9.98071E-05 0.997804 9.98071E-05 9.98071E-05 9.98071E-05 9.98071E-05 9.98071E-05 9.98071E-05 9.98071E-05 9.98071E-05 9.98071E-05
9.98245E-05 9.98245E-05 9.98245E-05 9.98245E-05 9.98245E-05 9.98245E-05 9.98245E-05 0.0277069 9.98245E-05 9.98245E-05 9.98245E-05 9.98245E-05 9.98245E-05 0.909039 0.061258 9.98245E-05 9.98245E-05 9.98245E-05 9.98245E-05 9.98245E-05 9.98245E-05 9.98245E-05 9.98245E-05
9.98506E-05 9.98506E-05 0.0224327 9.98506E-05 0.0213639 9.98506E-05 9.98506E-05 0.140566 9.98506E-05 9.98506E-05 9.98506E-05 0.0634297 9.98506E-05 0.543139 9.98506E-05 9.98506E-05 9.98506E-05 9.98506E-05 9.98506E-05 9.98506E-05 9.98506E-05 0.207372 9.98506E-05
9.98682E-05 9.98682E-05 9.98682E-05 0.127033 0.0382754 9.98682E-05 9.98682E-05 0.0710285 9.98682E-05 0.1733 9.98682E-05 9.98682E-05 9.98682E-05 0.424128 9.98682E-05 0.00979728 9.98682E-05 9.98682E-05 9.98682E-05 0.065042 9.98682E-05 0.0898975 9.98682E-05
9.98506E-05 0.0612887 9.98506E-05 0.106733 9.98506E-05 9.98506E-05 9.98506E-05 0.0925131 0.0959248 9.98506E-05 9.98506E-05 0.106938 9.98506E-05 0.534905 9.98506E-05 9.98506E-05 9.98506E-05 9.98506E-05 9.98506E-05 9.98506E-05 9.98506E-05 9.98506E-05 9.98506E-05
9.98506E-05 9.98506E-05 9.98506E-05 9.98506E-05 0.0537518 9.98506E-05 9.98506E-05 9.98506E-05 9.98506E-05 0.104384 9.98506E-05 9.98506E-05 9.98506E-05 0.433526 9.98506E-05 9.98506E-05 9.98506E-05 9.98506E-05 9.98506E-05 0.0240669 9.98506E-05 0.263354 0.11922
9.98161E-05 9.98161E-05 9.98161E-05 9.98161E-05 9.98161E-05 9.98161E-05 9.98161E-05 9.98161E-05 9.98161E-05 9.98161E-05 9.98161E-05 9.98161E-05 9.98161E-05 0.949529 9.98161E-05 9.98161E-05 0.0483746 9.98161E-05 9.98161E-05 9.98161E-05 9.98161E-05 9.98161E-05 9.98161E-05
9.98159E-05 9.98159E-05 9.98159E-05 9.98159E-05 9.98159E-05 9.98159E-05 9.98159E-05 9.98159E-05 9.98159E-05 9.98159E-05 9.98159E-05 0.0259272 9.98159E-05 0.971977 9.98159E-05 9.98159E-05 9.98159E-05 9.98159E-05 9.98159E-05 9.98159E-05 9.98159E-05 9.98159E-05 9.98159E-05
9.98594E-05 9.98594E-05 0.0401442 9.98594E-05 0.0638667 0.107955 9.98594E-05 9.98594E-05 9.98594E-05 9.98594E-05 9.98594E-05 0.00677259 9.98594E-05 0.674006 9.98594E-05 9.98594E-05 9.98594E-05 9.98594E-05 9.98594E-05 9.98594E-05 9.98594E-05 0.00449867 0.101158
9.98596E-05 9.98596E-05 0.00331327 9.98596E-05 0.0868384 9.98596E-05 9.98596E-05 0.141676 9.98596E-05 0.0796694 9.98596E-05 0.0706419 9.98596E-05 0.577935 0.0383292 9.98596E-05 9.98596E-05 9.98596E-05 9.98596E-05 9.98596E-05 9.98596E-05 9.98596E-05 9.98596E-05
9.9842E-05 9.9842E-05 0.0663911 9.9842E-05 0.0299203 9.9842E-05 9.9842E-05 0.0205131 9.9842E-05 9.9842E-05 9.9842E-05 9.9842E-05 9.9842E-05 0.847664 9.9842E-05 9.9842E-05 9.9842E-05 9.9842E-05 9.9842E-05 9.9842E-05 9.9842E-05 0.0337138 9.9842E-05
9.98329E-05 9.98329E-05 9.98329E-05 9.98329E-05 9.98329E-05 9.98329E-05 9.98329E-05 9.98329E-05 9.98329E-05 9.98329E-05 9.98329E-05 9.98329E-05 9.98329E-05 0.629664 9.98329E-05 0.0437749 0.127819 9.98329E-05 9.98329E-05 9.98329E-05 9.98329E-05 0.196845 9.98329E-05
9.98162E-05 9.98162E-05 9.98162E-05 9.98162E-05 9.98162E-05 9.98162E-05 9.98162E-05 9.98162E-05 9.98162E-05 9.98162E-05 9.98162E-05 9.98162E-05 0.00543809 0.992466 9.98162E-05 9.98162E-05 9.98162E-05 9.98162E-05 9.98162E-05 9.98162E-05 9.98162E-05 9.98162E-05 9.98162E-05
9.98419E-05 9.98419E-05 9.98419E-05 9.98419E-05 0.0298896 9.98419E-05 9.98419E-05 9.98419E-05 9.98419E-05 0.263607 9.98419E-05 9.98419E-05 9.98419E-05 0.652281 9.98419E-05 9.98419E-05 0.0290942 9.98419E-05 9.98419E-05 9.98419E-05 9.98419E-05 0.0233313 9.98419E-05
9.98422E-05 9.98422E-05 9.98422E-05 9.98422E-05 9.98422E-05 9.98422E-05 9.98422E-05 9.98422E-05 9.98422E-05 9.98422E-05 9.98422E-05 9.98422E-05 9.98422E-05 0.672735 9.98422E-05 0.0235277 9.98422E-05 9.98422E-05 9.98422E-05 0.0309262 9.98422E-05 0.0199784 0.251035
0.0063675 9.98683E-05 0.0413135 9.98683E-05 0.119611 9.98683E-05 9.98683E-05 9.98683E-05 0.0747388 9.98683E-05 0.0160824 0.0396816 9.98683E-05 0.688975 9.98683E-05 9.98683E-05 9.98683E-05 9.98683E-05 9.98683E-05 9.98683E-05 9.98683E-05 0.0117322 9.98683E-05
9.98331E-05 9.98331E-05 9.98331E-05 9.98331E-05 9.98331E-05 9.98331E-05 9.98331E-05 0.1986 9.98331E-05 9.98331E-05 9.98331E-05 9.98331E-05 9.98331E-05 0.730656 0.0195372 9.98331E-05 9.98331E-05 9.98331E-05 9.98331E-05 9.98331E-05 9.98331E-05 0.0493105 9.98331E-05
0.0121844 9.98335E-05 9.98335E-05 9.98335E-05 9.98335E-05 9.98335E-05 9.98335E-05 9.98335E-05 9.98335E-05 9.98335E-05 9.98335E-05 0.0132721 0.0318132 0.940834 9.98335E-05 9.98335E-05 9.98335E-05 9.98335E-05 9.98335E-05 9.98335E-05 9.98335E-05 9.98335E-05 9.98335E-05
9.98422E-05 9.98422E-05 0.0396009 0.00907615 9.98422E-05 9.98422E-05 9.98422E-05 9.98422E-05 9.98422E-05 9.98422E-05 0.0174068 9.98422E-05 9.98422E-05 0.927353 9.98422E-05 9.98422E-05 9.98422E-05 9.98422E-05 9.98422E-05 9.98422E-05 0.00476578 9.98422E-05 9.98422E-05
9.98072E-05 9.98072E-05 9.98072E-05 9.98072E-05 9.98072E-05 9.98072E-05 9.98072E-05 9.98072E-05 9.98072E-05 9.98072E-05 9.98072E-05 9.98072E-05 9.98072E-05 0.997804 9.98072E-05 9.98072E-05 9.98072E-05 9.98072E-05 9.98072E-05 9.98072E-05 9.98072E-05 9.98072E-05 9.98072E-05
9.98333E-05 9.98333E-05 0.148096 9.98333E-05 9.98333E-05 9.98333E-05 9.98333E-05 9.98333E-05 9.98333E-05 9.98333E-05 9.98333E-05 0.0482536 9.98333E-05 0.793467 9.98333E-05 9.98333E-05 9.98333E-05 9.98333E-05 9.98333E-05 9.98333E-05 9.98333E-05 0.00828624 9.98333E-05
9.98334E-05 9.98334E-05 9.98334E-05 9.98334E-05 9.98334E-05 9.98334E-05 9.98334E-05 9.98334E-05 9.98334E-05 9.98334E-05 9.98334E-05 0.0414366 0.356974 0.496287 9.98334E-05 9.98334E-05 9.98334E-05 9.98334E-05 9.98334E-05 9.98334E-05 9.98334E-05 0.103405 9.98334E-05
9.98421E-05 9.98421E-05 9.98421E-05 9.98421E-05 9.98421E-05 9.98421E-05 9.98421E-05 9.98421E-05 0.301767 9.98421E-05 9.98421E-05 0.066836 0.0222052 9.98421E-05 9.98421E-05 9.98421E-05 9.98421E-05 9.98421E-05 9.98421E-05 9.98421E-05 9.98421E-05 0.0760585 0.531336
9.98158E-05 9.98158E-05 9.98158E-05 9.98158E-05 9.98158E-05 9.98158E-05 9.98158E-05 9.98158E-05 9.98158E-05 9.98158E-05 9.98158E-05 9.98158E-05 0.817262 9.98158E-05 9.98158E-05 9.98158E-05 9.98158E-05 9.98158E-05 9.98158E-05 9.98158E-05 9.98158E-05 9.98158E-05 0.180642
9.98245E-05 9.98245E-05 9.98245E-05 9.98245E-05 9.98245E-05 9.98245E-05 9.98245E-05 9.98245E-05 0.107057 9.98245E-05 9.98245E-05 9.98245E-05 9.98245E-05 9.98245E-05 9.98245E-05 9.98245E-05 9.98245E-05 9.98245E-05 9.98245E-05 9.98245E-05 9.98245E-05 0.0642406 0.826705
9.98243E-05 9.98243E-05 9.98243E-05 9.98243E-05 9.98243E-05 9.98243E-05 9.98243E-05 9.98243E-05 9.98243E-05 9.98243E-05 9.98243E-05 0.0249185 9.98243E-05 9.98243E-05 9.98243E-05 9.98243E-05 9.98243E-05 9.98243E-05 9.98243E-05 9.98243E-05 9.98243E-05 0.0994463 0.873639
9.98242E-05 9.98242E-05 9.98242E-05 9.98242E-05 9.98242E-05 9.98242E-05 9.98242E-05 9.98242E-05 0.177869 9.98242E-05 9.98242E-05 0.0348008 9.98242E-05 9.98242E-05 9.98242E-05 9.98242E-05 9.98242E-05 9.98242E-05 9.98242E-05 9.98242E-05 9.98242E-05 9.98242E-05 0.785334
9.98508E-05 9.98508E-05 9.98508E-05 9.98508E-05 9.98508E-05 9.98508E-05 9.98508E-05 9.98508E-05 0.241246 9.98508E-05 9.98508E-05 0.199596 0.108577 9.98508E-05 9.98508E-05 9.98508E-05 9.98508E-05 9.98508E-05 9.98508E-05 0.0529961 9.98508E-05 0.0967664 0.29912
9.98244E-05 9.98244E-05 9.98244E-05 9.98244E-05 9.98244E-05 9.98244E-05 9.98244E-05 9.98244E-05 9.98244E-05 9.98244E-05 9.98244E-05 9.98244E-05 9.98244E-05 9.98244E-05 9.98244E-05 9.98244E-05 9.98244E-05 9.98244E-05 9.98244E-05 9.98244E-05 0.0908972 0.0240349 0.883071
9.98157E-05 9.98157E-05 9.98157E-05 9.98157E-05 9.98157E-05 9.98157E-05 9.98157E-05 9.98157E-05 9.98157E-05 9.98157E-05 9.98157E-05 0.138498 9.98157E-05 9.98157E-05 9.98157E-05 9.98157E-05 9.98157E-05 9.98157E-05 9.98157E-05 9.98157E-05 9.98157E-05 9.98157E-05 0.859406
9.98331E-05 9.98331E-05 9.98331E-05 9.98331E-05 9.98331E-05 9.98331E-05 9.98331E-05 9.98331E-05 9.98331E-05 9.98331E-05 9.98331E-05 0.321489 9.98331E-05 9.98331E-05 9.98331E-05 9.98331E-05 9.98331E-05 9.98331E-05 9.98331E-05 0.190217 9.98331E-05 0.0562007 0.430196
9.98245E-05 9.98245E-05 9.98245E-05 9.98245E-05 9.98245E-05 9.98245E-05 9.98245E-05 9.98245E-05 9.98245E-05 9.98245E-05 9.98245E-05 0.174537 9.98245E-05 9.98245E-05 9.98245E-05 9.98245E-05 9.98245E-05 9.98245E-05 9.98245E-05 9.98245E-05 9.98245E-05 0.209284 0.614183
9.98508E-05 9.98508E-05 9.98508E-05 9.98508E-05 9.98508E-05 9.98508E-05 0.522809 9.98508E-05 0.273743 9.98508E-05 9.98508E-05 0.0578077 9.98508E-05 9.98508E-05 9.98508E-05 9.98508E-05 9.98508E-05 9.98508E-05 9.98508E-05 0.0318352 9.98508E-05 0.0582824 0.0538254
0.000502572 9.98421E-05 9.98421E-05 9.98421E-05 9.98421E-05 9.98421E-05 9.98421E-05 9.98421E-05 0.54111 9.98421E-05 9.98421E-05 9.98421E-05 9.98421E-05 9.98421E-05 9.98421E-05 9.98421E-05 9.98421E-05 9.98421E-05 0.0355386 9.98421E-05 0.145488 9.98421E-05 0.275563
9.98247E-05 9.98247E-05 9.98247E-05 9.98247E-05 9.98247E-05 9.98247E-05 9.98247E-05 9.98247E-05 9.98247E-05 9.98247E-05 9.98247E-05 0.0062719 0.0337523 9.98247E-05 9.98247E-05 9.98247E-05 9.98247E-05 9.98247E-05 9.98247E-05 9.98247E-05 9.98247E-05 9.98247E-05 0.957979
9.98421E-05 9.98421E-05 9.98421E-05 9.98421E-05 9.98421E-05 9.98421E-05 9.98421E-05 9.98421E-05 0.405282 9.98421E-05 9.98421E-05 0.151223 9.98421E-05 9.98421E-05 9.98421E-05 9.98421E-05 9.98421E-05 9.98421E-05 9.98421E-05 9.98421E-05 0.197352 0.239317 0.00502792
9.98597E-05 9.98597E-05 0.0996175 0.0431081 0.0117097 9.98597E-05 9.98597E-05 9.98597E-05 0.207955 9.98597E-05 9.98597E-05 0.0388189 9.98597E-05 9.98597E-05 9.98597E-05 9.98597E-05 9.98597E-05 9.98597E-05 9.98597E-05 9.98597E-05 0.223863 9.98597E-05 0.373331
9.98597E-05 9.98597E-05 9.98597E-05 9.98597E-05 9.98597E-05 0.0270473 0.0168695 0.0358582 0.439607 9.98597E-05 9.98597E-05 0.00843724 9.98597E-05 9.98597E-05 9.98597E-05 9.98597E-05 9.98597E-05 9.98597E-05 9.98597E-05 9.98597E-05 9.98597E-05 0.148723 0.32186
9.98596E-05 9.98596E-05 9.98596E-05 9.98596E-05 9.98596E-05 9.98596E-05 0.0758228 0.00123142 9.98596E-05 9.98596E-05 9.98596E-05 0.0123916 9.98596E-05 9.98596E-05 9.98596E-05 0.0241102 9.98596E-05 9.98596E-05 9.98596E-05 0.10944 9.98596E-05 0.0152587 0.760148
9.98598E-05 9.98598E-05 9.98598E-05 9.98598E-05 9.98598E-05 0.0791671 0.10664 9.98598E-05 0.392016 0.0274282 9.98598E-05 0.101022 9.98598E-05 9.98598E-05 9.98598E-05 9.98598E-05 9.98598E-05 0.0224794 9.98598E-05 9.98598E-05 9.98598E-05 9.98598E-05 0.269649
9.98333E-05 9.98333E-05 9.98333E-05 9.98333E-05 9.98333E-05 9.98333E-05 0.145563 0.0146908 0.420821 9.98333E-05 9.98333E-05 9.98333E-05 9.98333E-05 9.98333E-05 9.98333E-05 9.98333E-05 9.98333E-05 9.98333E-05 9.98333E-05 9.98333E-05 9.98333E-05 9.98333E-05 0.417028
0.0709775 9.98596E-05 9.98596E-05 9.98596E-05 9.98596E-05 9.98596E-05 0.232246 9.98596E-05 0.181805 9.98596E-05 9.98596E-05 0.0490224 9.98596E-05 9.98596E-05 0.028259 9.98596E-05 9.98596E-05 9.98596E-05 9.98596E-05 9.98596E-05 9.98596E-05 0.094113 0.341979
9.98596E-05 9.98596E-05 9.98596E-05 9.98596E-05 9.98596E-05 9.98596E-05 9.98596E-05 9.98596E-05 0.57381 9.98596E-05 9.98596E-05 0.0138861 9.98596E-05 9.98596E-05 0.0300693 9.98596E-05 9.98596E-05 9.98596E-05 9.98596E-05 0.0448556 0.129751 0.0945911 0.111439
9.98245E-05 9.98245E-05 0.00130215 9.98245E-05 9.98245E-05 9.98245E-05 9.98245E-05 9.98245E-05 0.346216 9.98245E-05 9.98245E-05 9.98245E-05 9.98245E-05 9.98245E-05 9.98245E-05 9.98245E-05 9.98245E-05 9.98245E-05 9.98245E-05 9.98245E-05 9.98245E-05 9.98245E-05 0.650486
0.0648707 9.98509E-05 9.98509E-05 9.98509E-05 9.98509E-05 9.98509E-05 9.98509E-05 9.98509E-05 0.411059 9.98509E-05 9.98509E-05 0.212669 9.98509E-05 9.98509E-05 9.98509E-05 9.98509E-05 9.98509E-05 9.98509E-05 9.98509E-05 0.0258107 9.98509E-05 0.207598 0.0762948
9.98508E-05 9.98508E-05 9.98508E-05 9.98508E-05 9.98508E-05 9.98508E-05 0.0945844 9.98508E-05 0.284729 9.98508E-05 9.98508E-05 0.155724 0.072596 9.98508E-05 9.98508E-05 9.98508E-05 9.98508E-05 9.98508E-05 9.98508E-05 9.98508E-05 0.0549863 9.98508E-05 0.335683
0.0425636 9.98508E-05 9.98508E-05 9.98508E-05 9.98508E-05 9.98508E-05 9.98508E-05 9.98508E-05 0.32078 9.98508E-05 9.98508E-05 0.238661 9.98508E-05 9.98508E-05 9.98508E-05 9.98508E-05 9.98508E-05 9.98508E-05 9.98508E-05 0.0762821 9.98508E-05 0.22548 0.0945352
9.98421E-05 9.98421E-05 9.98421E-05 9.98421E-05 9.98421E-05 9.98421E-05 9.98421E-05 9.98421E-05 9.98421E-05 9.98421E-05 9.98421E-05 0.0594223 0.380526 9.98421E-05 9.98421E-05 9.98421E-05 9.98421E-05 9.98421E-05 9.98421E-05 0.112665 9.98421E-05 0.0815032 0.364085
9.98246E-05 9.98246E-05 9.98246E-05 9.98246E-05 9.98246E-05 0.0543555 9.98246E-05 9.98246E-05 9.98246E-05 9.98246E-05 0.0526787 9.98246E-05 9.98246E-05 9.98246E-05 9.98246E-05 9.98246E-05 9.98246E-05 9.98246E-05 9.98246E-05 9.98246E-05 0.890969 9.98246E-05 9.98246E-05
9.9833E-05 9.9833E-05 9.9833E-05 9.9833E-05 0.00742225 9.9833E-05 9.9833E-05 9.9833E-05 9.9833E-05 9.9833E-05 9.9833E-05 0.0449143 9.9833E-05 9.9833E-05 9.9833E-05 9.9833E-05 9.9833E-05 9.9833E-05 9.9833E-05 9.9833E-05 9.9833E-05 0.0401924 0.905574
9.98334E-05 9.98334E-05 9.98334E-05 9.98334E-05 9.98334E-05 9.98334E-05 9.98334E-05 9.98334E-05 0.221655 9.98334E-05 9.98334E-05 0.246115 9.98334E-05 9.98334E-05 9.98334E-05 9.98334E-05 9.98334E-05 9.98334E-05 9.98334E-05 9.98334E-05 9.98334E-05 0.176152 0.354181
0.0624986 9.98596E-05 9.98596E-05 9.98596E-05 9.98596E-05 9.98596E-05 9.98596E-05 0.0220096 0.263194 9.98596E-05 9.98596E-05 0.0134166 9.98596E-05 9.98596E-05 9.98596E-05 9.98596E-05 9.98596E-05 9.98596E-05 9.98596E-05 9.98596E-05 0.287116 0.0765199 0.273647
9.98334E-05 9.98334E-05 9.98334E-05 0.0209569 9.98334E-05 9.98334E-05 9.98334E-05 9.98334E-05 9.98334E-05 9.98334E-05 9.98334E-05 9.98334E-05 9.98334E-05 9.98334E-05 9.98334E-05 9.98334E-05 9.98334E-05 9.98334E-05 9.98334E-05 0.00548678 9.98334E-05 0.155933 0.815726
9.98245E-05 9.98245E-05 9.98245E-05 9.98245E-05 9.98245E-05 9.98245E-05 9.98245E-05 9.98245E-05 9.98245E-05 9.98245E-05 9.98245E-05 9.98245E-05 9.98245E-05 9.98245E-05 9.98245E-05 9.98245E-05 0.0145266 9.98245E-05 9.98245E-05 9.98245E-05 0.0940517 9.98245E-05 0.889425
0.182106 0.0887279 9.98419E-05 9.98419E-05 9.98419E-05 9.98419E-05 9.98419E-05 9.98419E-05 9.98419E-05 9.98419E-05 9.98419E-05 0.277101 9.98419E-05 9.98419E-05 9.98419E-05 9.98419E-05 9.98419E-05 9.98419E-05 9.98419E-05 9.98419E-05 9.98419E-05 0.102062 0.348206
9.9842E-05 9.9842E-05 9.9842E-05 9.9842E-05 9.9842E-05 9.9842E-05 9.9842E-05 9.9842E-05 0.0512153 0.0825658 9.9842E-05 0.00993198 9.9842E-05 9.9842E-05 9.9842E-05 9.9842E-05 9.9842E-05 9.9842E-05 9.9842E-05 9.9842E-05 9.9842E-05 0.0975515 0.756938
9.98159E-05 9.98159E-05 9.98159E-05 9.98159E-05 9.98159E-05 9.98159E-05 9.98159E-05 9.98159E-05 9.98159E-05 9.98159E-05 9.98159E-05 9.98159E-05 0.0685295 9.98159E-05 9.98159E-05 9.98159E-05 9.98159E-05 9.98159E-05 9.98159E-05 9.98159E-05 9.98159E-05 9.98159E-05 0.929374
9.98507E-05 9.98507E-05 9.98507E-05 9.98507E-05 9.98507E-05 9.98507E-05 0.251478 0.021306 0.15848 9.98507E-05 9.98507E-05 0.00872329 9.98507E-05 9.98507E-05 0.0460455 9.98507E-05 9.98507E-05 9.98507E-05 9.98507E-05 9.98507E-05 9.98507E-05 9.98507E-05 0.51227
9.98419E-05 9.98419E-05 0.0110839 9.98419E-05 9.98419E-05 9.98419E-05 9.98419E-05 9.98419E-05 0.00420554 9.98419E-05 9.98419E-05 0.0734689 9.98419E-05 9.98419E-05 9.98419E-05 9.98419E-05 9.98419E-05 9.98419E-05 9.98419E-05 9.98419E-05 9.98419E-05 0.183349 0.726096
9.98332E-05 9.98332E-05 9.98332E-05 9.98332E-05 9.98332E-05 9.98332E-05 0.389286 9.98332E-05 0.178471 9.98332E-05 9.98332E-05 0.0893038 9.98332E-05 9.98332E-05 9.98332E-05 9.98332E-05 9.98332E-05 9.98332E-05 9.98332E-05 9.98332E-05 0.341043 9.98332E-05 9.98332E-05
9.98333E-05 9.98333E-05 9.98333E-05 9.98333E-05 9.98333E-05 9.98333E-05 9.98333E-05 9.98333E-05 0.403569 9.98333E-05 9.98333E-05 9.98333E-05 0.433337 9.98333E-05 9.98333E-05 9.98333E-05 9.98333E-05 9.98333E-05 9.98333E-05 9.98333E-05 0.12899 0.0322068 9.98333E-05
9.98157E-05 9.98157E-05 9.98157E-05 9.98157E-05 9.98157E-05 9.98157E-05 9.98157E-05 9.98157E-05 9.98157E-05 9.98157E-05 9.98157E-05 9.98157E-05 9.98157E-05 9.98157E-05 9.98157E-05 9.98157E-05 9.98157E-05 9.98157E-05 9.98157E-05 9.98157E-05 0.760597 9.98157E-05 0.237307
9.98247E-05 9.98247E-05 9.98247E-05 9.98247E-05 9.98247E-05 9.98247E-05 0.628043 9.98247E-05 0.0802474 9.98247E-05 9.98247E-05 9.98247E-05 9.98247E-05 9.98247E-05 9.98247E-05 9.98247E-05 9.98247E-05 9.98247E-05 9.98247E-05 9.98247E-05 9.98247E-05 9.98247E-05 0.289714
9.98771E-05 0.0147714 9.98771E-05 9.98771E-05 9.98771E-05 9.98771E-05 9.98771E-05 0.00777211 0.16767 9.98771E-05 9.98771E-05 0.0504215 0.0691364 9.98771E-05 9.98771E-05 0.0243715 9.98771E-05 9.98771E-05 9.98771E-05 0.0445474 9.98771E-05 0.291898 0.328014
9.98508E-05 9.98508E-05 9.98508E-05 9.98508E-05 9.98508E-05 9.98508E-05 9.98508E-05 9.98508E-05 0.531889 0.00569411 9.98508E-05 0.103122 9.98508E-05 9.98508E-05 9.98508E-05 9.98508E-05 0.00654741 9.98508E-05 9.98508E-05 9.98508E-05 0.0315126 9.98508E-05 0.319537
0.0420513 9.9842E-05 9.9842E-05 9.9842E-05 9.9842E-05 9.9842E-05 0.772545 9.9842E-05 0.0313154 9.9842E-05 9.9842E-05 0.151333 9.9842E-05 9.9842E-05 9.9842E-05 9.9842E-05 9.9842E-05 9.9842E-05 9.9842E-05 9.9842E-05 9.9842E-05 0.000958428 9.9842E-05
9.98334E-05 9.98334E-05 9.98334E-05 9.98334E-05 9.98334E-05 9.98334E-05 0.490843 0.0320868 9.98334E-05 9.98334E-05 9.98334E-05 9.98334E-05 9.98334E-05 9.98334E-05 9.98334E-05 9.98334E-05 9.98334E-05 9.98334E-05 9.98334E-05 9.98334E-05 9.98334E-05 0.0208022 0.454371
0.158785 9.98419E-05 9.98419E-05 9.98419E-05 9.98419E-05 9.98419E-05 9.98419E-05 9.98419E-05 0.129097 9.98419E-05 9.98419E-05 0.133355 9.98419E-05 9.98419E-05 9.98419E-05 9.98419E-05 9.98419E-05 9.98419E-05 9.98419E-05 0.0914726 9.98419E-05 9.98419E-05 0.485494
9.98421E-05 9.98421E-05 9.98421E-05 9.98421E-05 9.98421E-05 9.98421E-05 9.98421E-05 9.98421E-05 9.98421E-05 9.98421E-05 9.98421E-05 0.0709981 9.98421E-05 0.180126 9.98421E-05 9.98421E-05 9.98421E-05 9.98421E-05 9.98421E-05 9.98421E-05 0.0104559 0.0623195 0.674304
9.98773E-05 9.98773E-05 9.98773E-05 9.98773E-05 9.98773E-05 9.98773E-05 0.0466966 9.98773E-05 0.351719 9.98773E-05 0.0506156 0.0429549 9.98773E-05 9.98773E-05 9.98773E-05 9.98773E-05 0.0460112 9.98773E-05 9.98773E-05 0.0618494 0.0553949 0.0356242 0.307736
0.0216243 9.98508E-05 9.98508E-05 9.98508E-05 9.98508E-05 9.98508E-05 9.98508E-05 0.00394228 9.98508E-05 0.0767213 9.98508E-05 0.242016 9.98508E-05 9.98508E-05 9.98508E-05 9.98508E-05 9.98508E-05 9.98508E-05 9.98508E-05 9.98508E-05 9.98508E-05 0.163302 0.490696
9.98508E-05 9.98508E-05 9.98508E-05 9.98508E-05 9.98508E-05 9.98508E-05 0.0250974 9.98508E-05 9.98508E-05 9.98508E-05 9.98508E-05 9.98508E-05 0.210979 9.98508E-05 9.98508E-05 9.98508E-05 9.98508E-05 9.98508E-05 9.98508E-05 0.0355332 0.509655 0.0354224 0.181616
9.98419E-05 9.98419E-05 9.98419E-05 9.98419E-05 9.98419E-05 0.0229527 9.98419E-05 9.98419E-05 0.0337347 9.98419E-05 9.98419E-05 9.98419E-05 9.98419E-05 9.98419E-05 0.153316 9.98419E-05 9.98419E-05 9.98419E-05 9.98419E-05 9.98419E-05 9.98419E-05 0.0647382 0.723462
9.98333E-05 9.98333E-05 9.98333E-05 9.98333E-05 9.98333E-05 9.98333E-05 9.98333E-05 9.98333E-05 9.98333E-05 9.98333E-05 9.98333E-05 0.0533257 0.745655 9.98333E-05 9.98333E-05 9.98333E-05 9.98333E-05 9.98333E-05 9.98333E-05 0.0346865 0.164436 9.98333E-05 9.98333E-05
9.98421E-05 9.98421E-05 9.98421E-05 9.98421E-05 9.98421E-05 9.98421E-05 9.98421E-05 9.98421E-05 0.655705 9.98421E-05 9.98421E-05 0.0172828 0.180918 9.98421E-05 9.98421E-05 9.98421E-05 9.98421E-05 9.98421E-05 9.98421E-05 9.98421E-05 0.0861026 0.0581943 9.98421E-05
9.98246E-05 9.98246E-05 9.98246E-05 0.0836755 9.98246E-05 9.98246E-05 9.98246E-05 9.98246E-05 0.580406 9.98246E-05 9.98246E-05 9.98246E-05 9.98246E-05 9.98246E-05 9.98246E-05 9.98246E-05 9.98246E-05 9.98246E-05 9.98246E-05 9.98246E-05 9.98246E-05 9.98246E-05 0.333922
9.98419E-05 9.98419E-05 0.00893125 9.98419E-05 0.00818758 9.98419E-05 9.98419E-05 9.98419E-05 0.048445 9.98419E-05 9.98419E-05 9.98419E-05 9.98419E-05 9.98419E-05 0.0128842 9.98419E-05 9.98419E-05 9.98419E-05 9.98419E-05 9.98419E-05 9.98419E-05 9.98419E-05 0.919755
9.98419E-05 9.98419E-05 9.98419E-05 9.98419E-05 9.98419E-05 9.98419E-05 9.98419E-05 9.98419E-05 0.117677 9.98419E-05 9.98419E-05 0.186346 9.98419E-05 9.98419E-05 9.98419E-05 9.98419E-05 9.98419E-05 9.98419E-05 9.98419E-05 0.189285 9.98419E-05 0.120742 0.384153
9.9842E-05 9.9842E-05 9.9842E-05 9.9842E-05 9.9842E-05 9.9842E-05 9.9842E-05 9.9842E-05 0.104739 9.9842E-05 9.9842E-05 0.13793 9.9842E-05 9.9842E-05 9.9842E-05 9.9842E-05 9.9842E-05 9.9842E-05 9.9842E-05 9.9842E-05 0.0364014 0.0559455 0.663187
9.98331E-05 9.98331E-05 9.98331E-05 9.98331E-05 9.98331E-05 9.98331E-05 9.98331E-05 9.98331E-05 0.0706063 9.98331E-05 9.98331E-05 0.00685864 9.98331E-05 9.98331E-05 9.98331E-05 9.98331E-05 0.0138551 9.98331E-05 9.98331E-05 9.98331E-05 9.98331E-05 9.98331E-05 0.906783
0.171599 9.98595E-05 9.98595E-05 9.98595E-05 9.98595E-05 9.98595E-05 9.98595E-05 0.00742698 0.530375 9.98595E-05 9.98595E-05 9.98595E-05 9.98595E-05 9.98595E-05 0.000723791 9.98595E-05 9.98595E-05 9.98595E-05 9.98595E-05 9.98595E-05 0.0943083 0.077568 0.116401
9.98508E-05 9.98508E-05 9.98508E-05 9.98508E-05 9.98508E-05 9.98508E-05 9.98508E-05 9.98508E-05 0.329174 9.98508E-05 9.98508E-05 0.15249 0.253557 9.98508E-05 9.98508E-05 9.98508E-05 9.98508E-05 9.98508E-05 9.98508E-05 0.0113315 0.114091 9.98508E-05 0.137659
9.98067E-05 9.98067E-05 9.98067E-05 9.98067E-05 9.98067E-05 9.98067E-05 9.98067E-05 9.98067E-05 9.98067E-05 9.98067E-05 9.98067E-05 9.98067E-05 9.98067E-05 9.98067E-05 9.98067E-05 9.98067E-05 9.98067E-05 9.98067E-05 9.98067E-05 9.98067E-05 9.98067E-05 0.997804 9.98067E-05
9.98066E-05 9.98066E-05 9.98066E-05 9.98066E-05 9.98066E-05 9.98066E-05 9.98066E-05 9.98066E-05 9.98066E-05 9.98066E-05 9.98066E-05 0.997804 9.98066E-05 9.98066E-05 9.98066E-05 9.98066E-05 9.98066E-05 9.98066E-05 9.98066E-05 9.98066E-05 9.98066E-05 9.98066E-05 9.98066E-05
9.98068E-05 9.98068E-05 9.98068E-05 9.98068E-05 9.98068E-05 9.98068E-05 9.98068E-05 9.98068E-05 9.98068E-05 9.98068E-05 9.98068E-05 9.98068E-05 9.98068E-05 9.98068E-05 9.98068E-05 9.98068E-05 9.98068E-05 9.98068E-05 9.98068E-05 9.98068E-05 9.98068E-05 0.997804 9.98068E-05
