0.121775 0.0993209 0.0620829 0.499551 0.00251608 9.98859E-05 9.98859E-05 9.98859E-05 0.0463874 9.98859E-05 0.0219582 9.98859E-05 9.98859E-05 9.98859E-05 0.129201 9.98859E-05 9.98859E-05 9.98859E-05 9.98859E-05 9.98859E-05 0.0159097 9.98859E-05
0.00155665 9.98421E-05 9.98421E-05 9.98421E-05 9.98421E-05 9.98421E-05 9.98421E-05 9.98421E-05 9.98421E-05 9.98421E-05 0.128211 9.98421E-05 9.98421E-05 9.98421E-05 9.98421E-05 9.98421E-05 0.282865 9.98421E-05 9.98421E-05 9.98421E-05 9.98421E-05 0.58557
9.98246E-05 9.98246E-05 9.98246E-05 9.98246E-05 9.98246E-05 9.98246E-05 9.98246E-05 9.98246E-05 9.98246E-05 9.98246E-05 9.98246E-05 9.98246E-05 9.98246E-05 9.98246E-05 9.98246E-05 0.0137162 9.98246E-05 9.98246E-05 9.98246E-05 9.98246E-05 9.98246E-05 0.984287
9.98947E-05 9.98947E-05 0.00315568 0.197727 9.98947E-05 9.98947E-05 9.98947E-05 0.0449963 0.0407158 0.250548 9.98947E-05 9.98947E-05 0.0916403 0.0660563 0.0873995 9.98947E-05 0.169615 9.98947E-05 9.98947E-05 9.98947E-05 0.0469478 9.98947E-05
9.98508E-05 9.98508E-05 9.98508E-05 0.335495 9.98508E-05 9.98508E-05 9.98508E-05 0.000636077 9.98508E-05 9.98508E-05 9.98508E-05 9.98508E-05 9.98508E-05 9.98508E-05 9.98508E-05 0.00366991 0.605336 9.98508E-05 9.98508E-05 0.0531657 9.98508E-05 9.98508E-05
0.0644445 9.98948E-05 0.000158485 0.382016 9.98948E-05 9.98948E-05 9.98948E-05 9.98948E-05 9.98948E-05 0.0236914 0.0100475 9.98948E-05 0.102951 0.13955 9.98948E-05 0.0111819 9.98948E-05 9.98948E-05 9.98948E-05 0.187167 0.0775934 9.98948E-05
0.0646497 0.0156735 9.99036E-05 0.266703 9.99036E-05 9.99036E-05 9.99036E-05 9.99036E-05 0.0816507 0.188646 0.0908747 9.99036E-05 9.99036E-05 0.00920347 0.0879648 9.99036E-05 0.104061 9.99036E-05 0.0676793 0.0217943 9.99036E-05 9.99036E-05
0.026322 9.98947E-05 9.98947E-05 9.98947E-05 9.98947E-05 9.98947E-05 9.98947E-05 0.0824821 9.98947E-05 0.0306197 9.98947E-05 0.0726668 9.98947E-05 0.116159 0.187318 0.0254579 0.366586 9.98947E-05 9.98947E-05 0.0586194 0.032571 9.98947E-05
9.98684E-05 0.193794 0.172289 0.157101 9.98684E-05 9.98684E-05 0.0285015 9.98684E-05 0.000946314 9.98684E-05 9.98684E-05 9.98684E-05 9.98684E-05 0.258383 9.98684E-05 9.98684E-05 9.98684E-05 9.98684E-05 9.98684E-05 9.98684E-05 9.98684E-05 0.187487
9.98158E-05 9.98158E-05 9.98158E-05 0.997904 9.98158E-05 9.98158E-05 9.98158E-05 9.98158E-05 9.98158E-05 9.98158E-05 9.98158E-05 9.98158E-05 9.98158E-05 9.98158E-05 9.98158E-05 9.98158E-05 9.98158E-05 9.98158E-05 9.98158E-05 9.98158E-05 9.98158E-05 9.98158E-05
9.98421E-05 9.98421E-05 0.142367 0.671586 9.98421E-05 9.98421E-05 9.98421E-05 9.98421E-05 0.18258 9.98421E-05 9.98421E-05 9.98421E-05 9.98421E-05 0.0016696 9.98421E-05 9.98421E-05 9.98421E-05 9.98421E-05 9.98421E-05 9.98421E-05 9.98421E-05 9.98421E-05
9.98509E-05 9.98509E-05 9.98509E-05 9.98509E-05 9.98509E-05 9.98509E-05 9.98509E-05 9.98509E-05 0.000876125 9.98509E-05 9.98509E-05 0.0276956 9.98509E-05 0.00143281 9.98509E-05 9.98509E-05 9.98509E-05 9.98509E-05 9.98509E-05 0.023325 9.98509E-05 0.944973
9.98334E-05 9.98334E-05 0.0455411 0.918182 9.98334E-05 9.98334E-05 9.98334E-05 9.98334E-05 9.98334E-05 9.98334E-05 9.98334E-05 9.98334E-05 9.98334E-05 9.98334E-05 0.0343804 9.98334E-05 9.98334E-05 9.98334E-05 9.98334E-05 9.98334E-05 9.98334E-05 9.98334E-05
9.98246E-05 9.98246E-05 0.0300377 9.98246E-05 9.98246E-05 9.98246E-05 9.98246E-05 9.98246E-05 9.98246E-05 9.98246E-05 9.98246E-05 9.98246E-05 9.98246E-05 9.98246E-05 9.98246E-05 9.98246E-05 0.967966 9.98246E-05 9.98246E-05 9.98246E-05 9.98246E-05 9.98246E-05
0.161937 9.98684E-05 0.152615 9.98684E-05 9.98684E-05 9.98684E-05 0.0878963 9.98684E-05 9.98684E-05 9.98684E-05 9.98684E-05 9.98684E-05 0.0886538 0.134415 9.98684E-05 9.98684E-05 9.98684E-05 0.0191131 9.98684E-05 9.98684E-05 9.98684E-05 0.353872
0.196384 9.98859E-05 0.163282 9.98859E-05 0.0569052 9.98859E-05 9.98859E-05 9.98859E-05 9.98859E-05 0.0755036 9.98859E-05 0.091543 9.98859E-05 0.186039 0.0155112 9.98859E-05 0.142412 9.98859E-05 9.98859E-05 9.98859E-05 9.98859E-05 0.0711219
9.98684E-05 9.98684E-05 0.0303765 9.98684E-05 9.98684E-05 0.178184 9.98684E-05 9.98684E-05 0.00264366 0.0624935 0.0409419 9.98684E-05 9.98684E-05 9.98684E-05 9.98684E-05 9.98684E-05 0.300489 9.98684E-05 9.98684E-05 9.98684E-05 9.98684E-05 0.383373
0.0343162 9.98684E-05 0.125677 0.281529 0.0626865 9.98684E-05 9.98684E-05 9.98684E-05 9.98684E-05 9.98684E-05 9.98684E-05 9.98684E-05 9.98684E-05 0.0178232 0.257754 9.98684E-05 9.98684E-05 9.98684E-05 9.98684E-05 9.98684E-05 0.218716 9.98684E-05
9.98772E-05 9.98772E-05 0.153091 0.293279 9.98772E-05 9.98772E-05 9.98772E-05 9.98772E-05 9.98772E-05 9.98772E-05 9.98772E-05 9.98772E-05 9.98772E-05 0.110114 0.0319755 9.98772E-05 9.98772E-05 0.0478977 9.98772E-05 0.237542 0.0242268 0.100475
9.98159E-05 9.98159E-05 9.98159E-05 9.98159E-05 9.98159E-05 9.98159E-05 9.98159E-05 9.98159E-05 9.98159E-05 9.98159E-05 9.98159E-05 9.98159E-05 9.98159E-05 9.98159E-05 9.98159E-05 9.98159E-05 9.98159E-05 9.98159E-05 9.98159E-05 9.98159E-05 9.98159E-05 0.997904
9.98596E-05 9.98596E-05 0.00904091 9.98596E-05 9.98596E-05 9.98596E-05 0.0609108 0.272882 0.0109472 9.98596E-05 9.98596E-05 9.98596E-05 9.98596E-05 0.0415797 9.98596E-05 9.98596E-05 0.603042 9.98596E-05 9.98596E-05 9.98596E-05 9.98596E-05 9.98596E-05
9.98596E-05 9.98596E-05 9.98596E-05 0.425041 9.98596E-05 9.98596E-05 9.98596E-05 9.98596E-05 9.98596E-05 9.98596E-05 9.98596E-05 9.98596E-05 9.98596E-05 0.132564 0.256782 0.0820131 9.98596E-05 0.0985277 9.98596E-05 0.00347517 9.98596E-05 9.98596E-05
0.17245 9.98422E-05 0.0359629 9.98422E-05 9.98422E-05 9.98422E-05 9.98422E-05 9.98422E-05 0.00973304 9.98422E-05 9.98422E-05 9.98422E-05 9.98422E-05 9.98422E-05 9.98422E-05 9.98422E-05 9.98422E-05 9.98422E-05 9.98422E-05 9.98422E-05 9.98422E-05 0.780057
9.98509E-05 0.0337646 0.179513 0.502872 9.98509E-05 9.98509E-05 9.98509E-05 9.98509E-05 9.98509E-05 9.98509E-05 9.98509E-05 0.00407695 9.98509E-05 9.98509E-05 0.278076 9.98509E-05 9.98509E-05 9.98509E-05 9.98509E-05 9.98509E-05 9.98509E-05 9.98509E-05
9.98771E-05 9.98771E-05 0.242414 0.20294 0.102372 9.98771E-05 9.98771E-05 9.98771E-05 0.0733276 9.98771E-05 9.98771E-05 9.98771E-05 0.0600205 0.0200118 9.98771E-05 9.98771E-05 0.138756 0.158759 9.98771E-05 9.98771E-05 9.98771E-05 9.98771E-05
9.98684E-05 9.98684E-05 0.101285 0.75049 9.98684E-05 9.98684E-05 9.98684E-05 0.00360921 9.98684E-05 9.98684E-05 9.98684E-05 9.98684E-05 0.00402581 0.0176953 9.98684E-05 9.98684E-05 0.0825662 9.98684E-05 0.0388306 9.98684E-05 9.98684E-05 9.98684E-05
9.9886E-05 9.9886E-05 0.0508299 0.0490916 9.9886E-05 9.9886E-05 0.0350428 9.9886E-05 9.9886E-05 0.00883159 9.9886E-05 0.0671647 0.331061 9.9886E-05 0.312441 9.9886E-05 9.9886E-05 9.9886E-05 9.9886E-05 9.9886E-05 0.0886698 0.0555694
9.98685E-05 9.98685E-05 0.00666294 0.133831 9.98685E-05 0.0135814 9.98685E-05 9.98685E-05 9.98685E-05 0.0563633 9.98685E-05 9.98685E-05 9.98685E-05 9.98685E-05 0.0969215 9.98685E-05 9.98685E-05 9.98685E-05 9.98685E-05 0.0124346 9.98685E-05 0.678707
0.0175313 9.9851E-05 0.15161 9.9851E-05 9.9851E-05 9.9851E-05 9.9851E-05 9.9851E-05 9.9851E-05 9.9851E-05 9.9851E-05 9.9851E-05 0.0159593 9.9851E-05 0.102641 9.9851E-05 9.9851E-05 9.9851E-05 9.9851E-05 9.9851E-05 9.9851E-05 0.710561
9.98335E-05 9.98335E-05 9.98335E-05 9.98335E-05 9.98335E-05 9.98335E-05 9.98335E-05 9.98335E-05 0.0147641 9.98335E-05 9.98335E-05 9.98335E-05 9.98335E-05 0.03117 9.98335E-05 9.98335E-05 9.98335E-05 9.98335E-05 9.98335E-05 9.98335E-05 9.98335E-05 0.952169
0.00145237 9.98596E-05 9.98596E-05 9.98596E-05 9.98596E-05 9.98596E-05 9.98596E-05 9.98596E-05 0.0493482 9.98596E-05 9.98596E-05 9.98596E-05 9.98596E-05 9.98596E-05 0.0227389 9.98596E-05 9.98596E-05 0.109836 9.98596E-05 0.00783338 9.98596E-05 0.807194
9.98596E-05 9.98596E-05 0.0622544 0.522049 9.98596E-05 9.98596E-05 9.98596E-05 9.98596E-05 0.0518696 9.98596E-05 9.98596E-05 9.98596E-05 0.150596 9.98596E-05 9.98596E-05 9.98596E-05 0.167937 9.98596E-05 9.98596E-05 0.0436962 9.98596E-05 9.98596E-05
0.0139376 9.98682E-05 0.122941 0.506973 9.98682E-05 9.98682E-05 9.98682E-05 9.98682E-05 0.0728947 9.98682E-05 9.98682E-05 0.0349437 9.98682E-05 9.98682E-05 0.0439676 9.98682E-05 0.202844 9.98682E-05 9.98682E-05 9.98682E-05 9.98682E-05 9.98682E-05
9.98859E-05 0.00885357 0.0870257 9.98859E-05 0.0105879 9.98859E-05 9.98859E-05 9.98859E-05 0.0129958 9.98859E-05 9.98859E-05 9.98859E-05 0.152909 9.98859E-05 0.0711776 9.98859E-05 0.577675 9.98859E-05 9.98859E-05 9.98859E-05 0.0464718 0.0310054
9.98247E-05 9.98247E-05 9.98247E-05 9.98247E-05 0.0288477 9.98247E-05 9.98247E-05 9.98247E-05 9.98247E-05 9.98247E-05 9.98247E-05 9.98247E-05 9.98247E-05 9.98247E-05 9.98247E-05 9.98247E-05 9.98247E-05 9.98247E-05 9.98247E-05 9.98247E-05 9.98247E-05 0.969156
9.98508E-05 0.00386646 9.98508E-05 0.858792 9.98508E-05 9.98508E-05 9.98508E-05 9.98508E-05 9.98508E-05 0.128786 0.000700193 9.98508E-05 9.98508E-05 0.00615783 9.98508E-05 9.98508E-05 9.98508E-05 9.98508E-05 9.98508E-05 9.98508E-05 9.98508E-05 9.98508E-05
9.98248E-05 9.98248E-05 9.98248E-05 9.98248E-05 9.98248E-05 9.98248E-05 9.98248E-05 9.98248E-05 9.98248E-05 9.98248E-05 9.98248E-05 9.98248E-05 9.98248E-05 9.98248E-05 9.98248E-05 9.98248E-05 9.98248E-05 9.98248E-05 9.98248E-05 0.0837006 9.98248E-05 0.914303
9.98509E-05 9.98509E-05 0.0286885 9.98509E-05 0.127903 9.98509E-05 9.98509E-05 9.98509E-05 9.98509E-05 9.98509E-05 9.98509E-05 9.98509E-05 9.98509E-05 0.109104 9.98509E-05 9.98509E-05 0.260401 9.98509E-05 9.98509E-05 9.98509E-05 9.98509E-05 0.472206
9.98773E-05 9.98773E-05 0.121769 9.98773E-05 9.98773E-05 0.0268732 9.98773E-05 9.98773E-05 0.0040425 9.98773E-05 0.0617492 9.98773E-05 9.98773E-05 0.0233224 0.0414518 0.0845308 9.98773E-05 9.98773E-05 9.98773E-05 9.98773E-05 9.98773E-05 0.634863
9.98303E-05 9.98303E-05 0.111864 9.98303E-05 9.98303E-05 9.98303E-05 9.98303E-05 9.98303E-05 9.98303E-05 9.98303E-05 9.98303E-05 0.00757888 0.028098 9.98303E-05 9.98303E-05 9.98303E-05 0.822634 9.98303E-05 9.98303E-05 0.0281282 9.98303E-05 9.98303E-05
9.98332E-05 9.98332E-05 0.00978534 0.944289 9.98332E-05 9.98332E-05 9.98332E-05 9.98332E-05 0.0440288 9.98332E-05 9.98332E-05 9.98332E-05 9.98332E-05 9.98332E-05 9.98332E-05 9.98332E-05 9.98332E-05 9.98332E-05 9.98332E-05 9.98332E-05 9.98332E-05 9.98332E-05
9.98335E-05 9.98335E-05 0.072149 0.855403 9.98335E-05 9.98335E-05 9.98335E-05 9.98335E-05 9.98335E-05 9.98335E-05 9.98335E-05 9.98335E-05 9.98335E-05 9.98335E-05 0.0705511 9.98335E-05 9.98335E-05 9.98335E-05 9.98335E-05 9.98335E-05 9.98335E-05 9.98335E-05
9.98335E-05 9.98335E-05 9.98335E-05 0.934102 9.98335E-05 0.0626161 9.98335E-05 9.98335E-05 9.98335E-05 9.98335E-05 9.98335E-05 9.98335E-05 9.98335E-05 9.98335E-05 9.98335E-05 9.98335E-05 9.98335E-05 9.98335E-05 9.98335E-05 0.00138544 9.98335E-05 9.98335E-05
0.0726889 0.0380068 0.167047 0.172746 9.9886E-05 9.9886E-05 9.9886E-05 9.9886E-05 0.0152877 9.9886E-05 0.0186831 9.9886E-05 9.9886E-05 0.0852454 0.0961082 9.9886E-05 9.9886E-05 9.9886E-05 9.9886E-05 9.9886E-05 9.9886E-05 0.332889
9.98684E-05 9.98684E-05 0.165915 0.0751918 9.98684E-05 9.98684E-05 9.98684E-05 9.98684E-05 9.98684E-05 0.0231661 9.98684E-05 9.98684E-05 9.98684E-05 9.98684E-05 0.40144 0.0196743 0.217891 9.98684E-05 9.98684E-05 0.0952238 9.98684E-05 9.98684E-05
9.98245E-05 9.98245E-05 9.98245E-05 0.970266 0.0277372 9.98245E-05 9.98245E-05 9.98245E-05 9.98245E-05 9.98245E-05 9.98245E-05 9.98245E-05 9.98245E-05 9.98245E-05 9.98245E-05 9.98245E-05 9.98245E-05 9.98245E-05 9.98245E-05 9.98245E-05 9.98245E-05 9.98245E-05
9.98421E-05 9.98421E-05 0.0204307 0.304321 9.98421E-05 9.98421E-05 9.98421E-05 9.98421E-05 9.98421E-05 9.98421E-05 9.98421E-05 9.98421E-05 9.98421E-05 0.00722707 9.98421E-05 9.98421E-05 0.666224 9.98421E-05 9.98421E-05 9.98421E-05 9.98421E-05 9.98421E-05
9.98422E-05 9.98422E-05 9.98422E-05 9.98422E-05 9.98422E-05 9.98422E-05 9.98422E-05 9.98422E-05 9.98422E-05 9.98422E-05 9.98422E-05 0.000438747 9.98422E-05 9.98422E-05 9.98422E-05 0.047703 0.000289749 9.98422E-05 9.98422E-05 9.98422E-05 9.98422E-05 0.949771
9.98594E-05 9.98594E-05 0.109801 0.141048 9.98594E-05 9.98594E-05 9.98594E-05 9.98594E-05 9.98594E-05 9.98594E-05 9.98594E-05 9.98594E-05 9.98594E-05 9.98594E-05 0.168991 9.98594E-05 0.203037 9.98594E-05 9.98594E-05 0.00828748 9.98594E-05 0.367239
9.98247E-05 9.98247E-05 9.98247E-05 9.98247E-05 9.98247E-05 9.98247E-05 9.98247E-05 9.98247E-05 9.98247E-05 9.98247E-05 9.98247E-05 9.98247E-05 9.98247E-05 9.98247E-05 9.98247E-05 9.98247E-05 0.994226 9.98247E-05 0.00377773 9.98247E-05 9.98247E-05 9.98247E-05
9.98946E-05 0.0399952 0.199839 9.98946E-05 0.016644 9.98946E-05 9.98946E-05 0.023793 0.104092 0.0214344 9.98946E-05 9.98946E-05 0.112705 9.98946E-05 0.0729515 9.98946E-05 0.154451 9.98946E-05 9.98946E-05 9.98946E-05 9.98946E-05 0.252896
9.98509E-05 9.98509E-05 9.98509E-05 0.585129 9.98509E-05 9.98509E-05 9.98509E-05 9.98509E-05 9.98509E-05 0.105195 9.98509E-05 0.00386424 9.98509E-05 9.98509E-05 0.101569 9.98509E-05 0.202546 9.98509E-05 9.98509E-05 9.98509E-05 9.98509E-05 9.98509E-05
9.98335E-05 9.98335E-05 9.98335E-05 0.218958 9.98335E-05 9.98335E-05 9.98335E-05 9.98335E-05 9.98335E-05 9.98335E-05 9.98335E-05 9.98335E-05 9.98335E-05 0.048691 9.98335E-05 9.98335E-05 9.98335E-05 9.98335E-05 9.98335E-05 9.98335E-05 9.98335E-05 0.730455
9.98156E-05 9.98156E-05 9.98156E-05 9.98156E-05 9.98156E-05 9.98156E-05 9.98156E-05 9.98156E-05 9.98156E-05 9.98156E-05 9.98156E-05 9.98156E-05 9.98156E-05 9.98156E-05 9.98156E-05 9.98156E-05 0.997904 9.98156E-05 9.98156E-05 9.98156E-05 9.98156E-05 9.98156E-05
9.98597E-05 0.0462075 0.0546646 9.98597E-05 9.98597E-05 9.98597E-05 0.0317292 9.98597E-05 9.98597E-05 9.98597E-05 9.98597E-05 9.98597E-05 9.98597E-05 9.98597E-05 9.98597E-05 9.98597E-05 0.0606257 0.00902826 9.98597E-05 9.98597E-05 9.98597E-05 0.796147
9.9851E-05 9.9851E-05 9.9851E-05 0.79686 0.0401868 9.9851E-05 9.9851E-05 9.9851E-05 9.9851E-05 9.9851E-05 9.9851E-05 9.9851E-05 0.0954635 9.9851E-05 9.9851E-05 0.0168772 9.9851E-05 9.9851E-05 9.9851E-05 0.0489152 9.9851E-05 9.9851E-05
9.98333E-05 9.98333E-05 9.98333E-05 0.930203 9.98333E-05 9.98333E-05 9.98333E-05 9.98333E-05 9.98333E-05 9.98333E-05 9.98333E-05 9.98333E-05 9.98333E-05 9.98333E-05 9.98333E-05 9.98333E-05 9.98333E-05 9.98333E-05 9.98333E-05 0.0303033 0.0375968 9.98333E-05
9.98422E-05 9.98422E-05 0.00277922 0.0518608 9.98422E-05 9.98422E-05 9.98422E-05 9.98422E-05 9.98422E-05 0.114243 9.98422E-05 9.98422E-05 9.98422E-05 9.98422E-05 9.98422E-05 9.98422E-05 9.98422E-05 9.98422E-05 9.98422E-05 9.98422E-05 9.98422E-05 0.829319
9.98684E-05 9.98684E-05 9.98684E-05 0.183655 9.98684E-05 9.98684E-05 9.98684E-05 9.98684E-05 0.0241414 9.98684E-05 0.00925021 9.98684E-05 9.98684E-05 0.00925093 9.98684E-05 9.98684E-05 0.0609905 9.98684E-05 0.043509 9.98684E-05 9.98684E-05 0.667705
0.713099 9.98595E-05 0.0851522 9.98595E-05 9.98595E-05 9.98595E-05 0.0614316 9.98595E-05 9.98595E-05 9.98595E-05 9.98595E-05 9.98595E-05 9.98595E-05 0.0413802 0.0324007 9.98595E-05 9.98595E-05 9.98595E-05 9.98595E-05 9.98595E-05 0.0649383 9.98595E-05
0.997904 9.9816E-05 9.9816E-05 9.9816E-05 9.9816E-05 9.9816E-05 9.9816E-05 9.9816E-05 9.9816E-05 9.9816E-05 9.9816E-05 9.9816E-05 9.9816E-05 9.9816E-05 9.9816E-05 9.9816E-05 9.9816E-05 9.9816E-05 9.9816E-05 9.9816E-05 9.9816E-05 9.9816E-05
0.918803 9.98333E-05 9.98333E-05 9.98333E-05 9.98333E-05 9.98333E-05 9.98333E-05 9.98333E-05 9.98333E-05 9.98333E-05 9.98333E-05 9.98333E-05 9.98333E-05 9.98333E-05 9.98333E-05 9.98333E-05 9.98333E-05 9.98333E-05 0.0635749 9.98333E-05 0.0157256 9.98333E-05
0.283951 9.98771E-05 0.00124271 9.98771E-05 9.98771E-05 9.98771E-05 9.98771E-05 9.98771E-05 9.98771E-05 9.98771E-05 0.28077 9.98771E-05 0.224236 0.148867 9.98771E-05 9.98771E-05 9.98771E-05 0.00568576 0.0205235 9.98771E-05 0.0333271 9.98771E-05
0.667284 9.98769E-05 0.0791771 9.98769E-05 0.00471757 9.98769E-05 9.98769E-05 9.98769E-05 0.0683471 0.00244451 9.98769E-05 9.98769E-05 9.98769E-05 0.0230409 0.0975846 9.98769E-05 9.98769E-05 9.98769E-05 0.0560058 9.98769E-05 9.98769E-05 9.98769E-05
0.676812 0.0550249 0.179226 9.98506E-05 9.98506E-05 9.98506E-05 9.98506E-05 9.98506E-05 9.98506E-05 9.98506E-05 9.98506E-05 9.98506E-05 9.98506E-05 0.0378228 0.0494164 9.98506E-05 9.98506E-05 9.98506E-05 9.98506E-05 9.98506E-05 9.98506E-05 9.98506E-05
0.532607 9.98506E-05 0.160532 9.98506E-05 9.98506E-05 9.98506E-05 9.98506E-05 9.98506E-05 0.0577678 0.0133123 0.234084 9.98506E-05 9.98506E-05 9.98506E-05 9.98506E-05 9.98506E-05 9.98506E-05 9.98506E-05 9.98506E-05 9.98506E-05 9.98506E-05 9.98506E-05
0.588906 9.98769E-05 0.0716322 9.98769E-05 9.98769E-05 9.98769E-05 9.98769E-05 9.98769E-05 9.98769E-05 9.98769E-05 0.08608 9.98769E-05 0.0188811 0.0832438 9.98769E-05 9.98769E-05 9.98769E-05 9.98769E-05 0.0168675 0.0210063 0.111985 9.98769E-05
0.997904 9.98158E-05 9.98158E-05 9.98158E-05 9.98158E-05 9.98158E-05 9.98158E-05 9.98158E-05 9.98158E-05 9.98158E-05 9.98158E-05 9.98158E-05 9.98158E-05 9.98158E-05 9.98158E-05 9.98158E-05 9.98158E-05 9.98158E-05 9.98158E-05 9.98158E-05 9.98158E-05 9.98158E-05
0.885917 9.98332E-05 9.98332E-05 9.98332E-05 9.98332E-05 9.98332E-05 9.98332E-05 9.98332E-05 0.0933177 9.98332E-05 9.98332E-05 9.98332E-05 9.98332E-05 9.98332E-05 9.98332E-05 9.98332E-05 9.98332E-05 9.98332E-05 9.98332E-05 0.0188683 9.98332E-05 9.98332E-05
0.54459 9.98506E-05 0.257561 9.98506E-05 9.98506E-05 9.98506E-05 9.98506E-05 9.98506E-05 0.141444 9.98506E-05 9.98506E-05 9.98506E-05 9.98506E-05 0.0438656 9.98506E-05 9.98506E-05 9.98506E-05 9.98506E-05 9.98506E-05 0.0108412 9.98506E-05 9.98506E-05
0.483918 9.98683E-05 9.98683E-05 9.98683E-05 0.0581779 9.98683E-05 0.124508 0.0612468 0.0877386 9.98683E-05 9.98683E-05 9.98683E-05 9.98683E-05 9.98683E-05 0.174882 9.98683E-05 9.98683E-05 9.98683E-05 0.00803013 9.98683E-05 9.98683E-05 9.98683E-05
0.560148 9.98858E-05 9.98858E-05 9.98858E-05 9.98858E-05 9.98858E-05 9.98858E-05 0.016561 0.0376934 9.98858E-05 9.98858E-05 0.0332359 0.0603726 0.20943 0.000237217 0.0614198 9.98858E-05 9.98858E-05 9.98858E-05 0.0196041 9.98858E-05 9.98858E-05
0.499032 9.98769E-05 0.119926 9.98769E-05 9.98769E-05 9.98769E-05 9.98769E-05 9.98769E-05 9.98769E-05 9.98769E-05 0.0969315 0.00458649 9.98769E-05 0.0160214 0.163623 0.024435 9.98769E-05 9.98769E-05 9.98769E-05 0.0740464 9.98769E-05 9.98769E-05
0.874667 9.98423E-05 9.98423E-05 9.98423E-05 9.98423E-05 9.98423E-05 9.98423E-05 9.98423E-05 0.00816094 9.98423E-05 9.98423E-05 0.0309756 0.0843996 9.98423E-05 9.98423E-05 9.98423E-05 9.98423E-05 9.98423E-05 9.98423E-05 9.98423E-05 9.98423E-05 9.98423E-05
0.942762 9.98422E-05 0.000243282 9.98422E-05 9.98422E-05 9.98422E-05 9.98422E-05 9.98422E-05 0.00980841 0.0453887 9.98422E-05 9.98422E-05 9.98422E-05 9.98422E-05 9.98422E-05 9.98422E-05 9.98422E-05 9.98422E-05 9.98422E-05 9.98422E-05 9.98422E-05 9.98422E-05
0.720448 9.98331E-05 9.98331E-05 9.98331E-05 9.98331E-05 9.98331E-05 9.98331E-05 9.98331E-05 9.98331E-05 9.98331E-05 9.98331E-05 9.98331E-05 9.98331E-05 9.98331E-05 9.98331E-05 9.98331E-05 9.98331E-05 9.98331E-05 0.0996103 0.178045 9.98331E-05 9.98331E-05
0.622953 9.98507E-05 9.98507E-05 9.98507E-05 9.98507E-05 9.98507E-05 9.98507E-05 9.98507E-05 0.122346 9.98507E-05 9.98507E-05 9.98507E-05 9.98507E-05 0.0426608 0.112079 9.98507E-05 9.98507E-05 9.98507E-05 9.98507E-05 0.0982634 9.98507E-05 9.98507E-05
0.669087 9.98684E-05 9.98684E-05 9.98684E-05 9.98684E-05 9.98684E-05 9.98684E-05 9.98684E-05 0.0646643 0.0413824 9.98684E-05 9.98684E-05 9.98684E-05 0.0572919 9.98684E-05 9.98684E-05 0.000558982 9.98684E-05 9.98684E-05 0.0460031 0.119514 9.98684E-05
0.695116 9.98418E-05 0.208083 9.98418E-05 9.98418E-05 9.98418E-05 9.98418E-05 9.98418E-05 0.0468986 9.98418E-05 9.98418E-05 0.0481047 9.98418E-05 9.98418E-05 9.98418E-05 9.98418E-05 9.98418E-05 9.98418E-05 9.98418E-05 9.98418E-05 9.98418E-05 9.98418E-05
0.899019 9.98424E-05 9.98424E-05 9.98424E-05 9.98424E-05 0.0556344 0.0218897 9.98424E-05 9.98424E-05 9.98424E-05 9.98424E-05 9.98424E-05 9.98424E-05 9.98424E-05 9.98424E-05 9.98424E-05 9.98424E-05 9.98424E-05 0.0216595 9.98424E-05 9.98424E-05 9.98424E-05
0.700258 9.98506E-05 0.0571713 9.98506E-05 9.98506E-05 9.98506E-05 0.014784 9.98506E-05 9.98506E-05 9.98506E-05 0.0100574 9.98506E-05 9.98506E-05 9.98506E-05 0.216032 9.98506E-05 9.98506E-05 9.98506E-05 9.98506E-05 9.98506E-05 9.98506E-05 9.98506E-05
0.754165 9.9851E-05 0.0180447 9.9851E-05 9.9851E-05 9.9851E-05 9.9851E-05 9.9851E-05 9.9851E-05 9.9851E-05 0.0116096 9.9851E-05 0.173029 9.9851E-05 0.0414548 9.9851E-05 9.9851E-05 9.9851E-05 9.9851E-05 9.9851E-05 9.9851E-05 9.9851E-05
0.717767 0.000780822 0.0149299 9.98683E-05 9.98683E-05 9.98683E-05 9.98683E-05 9.98683E-05 0.0155529 9.98683E-05 9.98683E-05 9.98683E-05 9.98683E-05 0.0541323 9.98683E-05 9.98683E-05 9.98683E-05 9.98683E-05 9.98683E-05 0.0957012 0.0996382 9.98683E-05
0.832436 9.98331E-05 9.98331E-05 9.98331E-05 9.98331E-05 9.98331E-05 0.0291272 9.98331E-05 0.136539 9.98331E-05 9.98331E-05 9.98331E-05 9.98331E-05 9.98331E-05 9.98331E-05 9.98331E-05 9.98331E-05 9.98331E-05 9.98331E-05 9.98331E-05 9.98331E-05 9.98331E-05
0.927838 9.98423E-05 0.00206173 9.98423E-05 9.98423E-05 9.98423E-05 9.98423E-05 9.98423E-05 9.98423E-05 9.98423E-05 0.0205137 9.98423E-05 9.98423E-05 9.98423E-05 9.98423E-05 9.98423E-05 9.98423E-05 9.98423E-05 9.98423E-05 9.98423E-05 9.98423E-05 0.0477891
0.997904 9.9816E-05 9.9816E-05 9.9816E-05 9.9816E-05 9.9816E-05 9.9816E-05 9.9816E-05 9.9816E-05 9.9816E-05 9.9816E-05 9.9816E-05 9.9816E-05 9.9816E-05 9.9816E-05 9.9816E-05 9.9816E-05 9.9816E-05 9.9816E-05 9.9816E-05 9.9816E-05 9.9816E-05
0.997904 9.98159E-05 9.98159E-05 9.98159E-05 9.98159E-05 9.98159E-05 9.98159E-05 9.98159E-05 9.98159E-05 9.98159E-05 9.98159E-05 9.98159E-05 9.98159E-05 9.98159E-05 9.98159E-05 9.98159E-05 9.98159E-05 9.98159E-05 9.98159E-05 9.98159E-05 9.98159E-05 9.98159E-05
0.854492 9.98334E-05 0.0332923 9.98334E-05 9.98334E-05 9.98334E-05 9.98334E-05 9.98334E-05 9.98334E-05 9.98334E-05 9.98334E-05 9.98334E-05 9.98334E-05 9.98334E-05 9.98334E-05 9.98334E-05 9.98334E-05 9.98334E-05 9.98334E-05 9.98334E-05 0.110319 9.98334E-05
0.592657 9.98598E-05 0.0879459 9.98598E-05 9.98598E-05 0.0673421 9.98598E-05 9.98598E-05 9.98598E-05 9.98598E-05 9.98598E-05 9.98598E-05 9.98598E-05 0.137368 9.98598E-05 9.98598E-05 0.0987991 9.98598E-05 9.98598E-05 9.98598E-05 9.98598E-05 0.01429
9.98333E-05 9.98333E-05 0.16363 9.98333E-05 9.98333E-05 9.98333E-05 9.98333E-05 9.98333E-05 9.98333E-05 9.98333E-05 9.98333E-05 9.98333E-05 0.826372 0.00810061 9.98333E-05 9.98333E-05 9.98333E-05 9.98333E-05 9.98333E-05 9.98333E-05 9.98333E-05 9.98333E-05
9.98509E-05 9.98509E-05 0.0129078 9.98509E-05 9.98509E-05 0.412871 9.98509E-05 9.98509E-05 9.98509E-05 9.98509E-05 9.98509E-05 9.98509E-05 0.522727 0.00998549 9.98509E-05 9.98509E-05 0.0398108 9.98509E-05 9.98509E-05 9.98509E-05 9.98509E-05 9.98509E-05
9.98332E-05 9.98332E-05 0.0819332 9.98332E-05 9.98332E-05 9.98332E-05 9.98332E-05 9.98332E-05 9.98332E-05 9.98332E-05 9.98332E-05 9.98332E-05 0.897393 9.98332E-05 9.98332E-05 0.0187774 9.98332E-05 9.98332E-05 9.98332E-05 9.98332E-05 9.98332E-05 9.98332E-05
9.98418E-05 9.98418E-05 0.140284 9.98418E-05 9.98418E-05 9.98418E-05 9.98418E-05 9.98418E-05 0.000948804 9.98418E-05 9.98418E-05 9.98418E-05 0.824265 0.032705 9.98418E-05 9.98418E-05 9.98418E-05 9.98418E-05 9.98418E-05 9.98418E-05 9.98418E-05 9.98418E-05
9.98507E-05 0.0506612 0.0307328 9.98507E-05 9.98507E-05 9.98507E-05 9.98507E-05 9.98507E-05 9.98507E-05 9.98507E-05 9.98507E-05 9.98507E-05 0.874235 0.0139111 9.98507E-05 0.0287625 9.98507E-05 9.98507E-05 9.98507E-05 9.98507E-05 9.98507E-05 9.98507E-05
9.98597E-05 9.98597E-05 0.19978 9.98597E-05 9.98597E-05 0.00632664 9.98597E-05 9.98597E-05 9.98597E-05 0.0599159 0.0598648 9.98597E-05 0.541512 0.131003 9.98597E-05 9.98597E-05 9.98597E-05 9.98597E-05 9.98597E-05 9.98597E-05 9.98597E-05 9.98597E-05
9.98596E-05 9.98596E-05 0.0621416 9.98596E-05 9.98596E-05 9.98596E-05 9.98596E-05 9.98596E-05 0.00685741 9.98596E-05 9.98596E-05 9.98596E-05 0.774581 0.0688867 0.07402 9.98596E-05 9.98596E-05 9.98596E-05 9.98596E-05 9.98596E-05 0.0119156 9.98596E-05
9.98245E-05 9.98245E-05 9.98245E-05 9.98245E-05 9.98245E-05 9.98245E-05 9.98245E-05 9.98245E-05 9.98245E-05 9.98245E-05 9.98245E-05 9.98245E-05 0.739907 0.258097 9.98245E-05 9.98245E-05 9.98245E-05 9.98245E-05 9.98245E-05 9.98245E-05 9.98245E-05 9.98245E-05
9.98507E-05 9.98507E-05 0.0176248 9.98507E-05 9.98507E-05 9.98507E-05 9.98507E-05 9.98507E-05 9.98507E-05 9.98507E-05 0.232718 9.98507E-05 0.398691 0.32276 9.98507E-05 9.98507E-05 9.98507E-05 0.0265088 9.98507E-05 9.98507E-05 9.98507E-05 9.98507E-05
9.98508E-05 9.98508E-05 0.240579 9.98508E-05 9.98508E-05 9.98508E-05 9.98508E-05 9.98508E-05 9.98508E-05 0.013224 9.98508E-05 9.98508E-05 0.5519 0.19239 9.98508E-05 9.98508E-05 9.98508E-05 0.000208901 9.98508E-05 9.98508E-05 9.98508E-05 9.98508E-05
9.98422E-05 9.98422E-05 9.98422E-05 9.98422E-05 9.98422E-05 0.210307 9.98422E-05 9.98422E-05 0.0115308 9.98422E-05 0.254062 9.98422E-05 0.522303 9.98422E-05 9.98422E-05 9.98422E-05 9.98422E-05 9.98422E-05 9.98422E-05 9.98422E-05 9.98422E-05 9.98422E-05
9.98422E-05 9.98422E-05 0.0819541 9.98422E-05 9.98422E-05 0.0679881 9.98422E-05 9.98422E-05 9.98422E-05 9.98422E-05 0.163328 9.98422E-05 0.684933 9.98422E-05 9.98422E-05 9.98422E-05 9.98422E-05 9.98422E-05 9.98422E-05 9.98422E-05 9.98422E-05 9.98422E-05
9.98248E-05 9.98248E-05 9.98248E-05 9.98248E-05 9.98248E-05 9.98248E-05 9.98248E-05 9.98248E-05 9.98248E-05 9.98248E-05 9.98248E-05 9.98248E-05 0.930032 0.0679712 9.98248E-05 9.98248E-05 9.98248E-05 9.98248E-05 9.98248E-05 9.98248E-05 9.98248E-05 9.98248E-05
9.9851E-05 0.0467747 0.158638 9.9851E-05 9.9851E-05 9.9851E-05 9.9851E-05 9.9851E-05 9.9851E-05 9.9851E-05 0.00898176 9.9851E-05 0.580551 0.203357 9.9851E-05 9.9851E-05 9.9851E-05 9.9851E-05 9.9851E-05 9.9851E-05 9.9851E-05 9.9851E-05
9.98598E-05 9.98598E-05 9.98598E-05 9.98598E-05 0.0308116 0.0615553 9.98598E-05 9.98598E-05 0.0502904 9.98598E-05 9.98598E-05 9.98598E-05 0.68964 0.0677272 9.98598E-05 9.98598E-05 9.98598E-05 9.98598E-05 9.98598E-05 9.98598E-05 0.0983775 9.98598E-05
9.98598E-05 9.98598E-05 0.14225 9.98598E-05 0.0276782 9.98598E-05 9.98598E-05 9.98598E-05 0.0772125 9.98598E-05 0.0780506 9.98598E-05 0.620414 9.98598E-05 9.98598E-05 9.98598E-05 9.98598E-05 9.98598E-05 0.0527972 9.98598E-05 9.98598E-05 9.98598E-05
9.98597E-05 9.98597E-05 0.0728408 9.98597E-05 0.0815191 9.98597E-05 0.0261977 9.98597E-05 9.98597E-05 9.98597E-05 0.201756 9.98597E-05 0.589462 0.0266266 9.98597E-05 9.98597E-05 9.98597E-05 9.98597E-05 9.98597E-05 9.98597E-05 9.98597E-05 9.98597E-05
9.98685E-05 9.98685E-05 9.98685E-05 0.013476 9.98685E-05 9.98685E-05 9.98685E-05 9.98685E-05 9.98685E-05 0.0100263 9.98685E-05 9.98685E-05 0.689483 0.113448 0.0697356 0.0869445 9.98685E-05 9.98685E-05 0.0153879 9.98685E-05 9.98685E-05 9.98685E-05
9.98421E-05 9.98421E-05 9.98421E-05 9.98421E-05 9.98421E-05 0.00665753 9.98421E-05 9.98421E-05 0.0168928 9.98421E-05 9.98421E-05 9.98421E-05 0.965249 0.0094031 9.98421E-05 9.98421E-05 9.98421E-05 9.98421E-05 9.98421E-05 9.98421E-05 9.98421E-05 9.98421E-05
9.98597E-05 9.98597E-05 0.156926 9.98597E-05 9.98597E-05 0.223079 0.0565421 9.98597E-05 0.00605971 9.98597E-05 9.98597E-05 9.98597E-05 0.426793 0.129003 9.98597E-05 9.98597E-05 9.98597E-05 9.98597E-05 9.98597E-05 9.98597E-05 9.98597E-05 9.98597E-05
9.98509E-05 9.98509E-05 0.101101 9.98509E-05 9.98509E-05 9.98509E-05 9.98509E-05 9.98509E-05 9.98509E-05 0.020041 0.146079 9.98509E-05 0.695028 9.98509E-05 9.98509E-05 0.0360536 9.98509E-05 9.98509E-05 9.98509E-05 9.98509E-05 9.98509E-05 9.98509E-05
9.98421E-05 9.98421E-05 9.98421E-05 9.98421E-05 9.98421E-05 9.98421E-05 9.98421E-05 9.98421E-05 0.0473428 9.98421E-05 9.98421E-05 9.98421E-05 0.83563 0.0432923 9.98421E-05 9.98421E-05 9.98421E-05 9.98421E-05 9.98421E-05 9.98421E-05 0.0719381 9.98421E-05
9.98595E-05 9.98595E-05 0.214217 9.98595E-05 0.0278513 9.98595E-05 9.98595E-05 0.0511909 9.98595E-05 9.98595E-05 0.0973398 9.98595E-05 0.442302 0.165502 9.98595E-05 9.98595E-05 9.98595E-05 9.98595E-05 9.98595E-05 9.98595E-05 9.98595E-05 9.98595E-05
9.98421E-05 9.98421E-05 9.98421E-05 9.98421E-05 9.98421E-05 0.0955793 9.98421E-05 9.98421E-05 9.98421E-05 9.98421E-05 9.98421E-05 9.98421E-05 0.670153 0.17748 9.98421E-05 9.98421E-05 9.98421E-05 0.0549903 9.98421E-05 9.98421E-05 9.98421E-05 9.98421E-05
9.98596E-05 9.98596E-05 0.194172 9.98596E-05 0.0544315 9.98596E-05 9.98596E-05 0.088674 9.98596E-05 9.98596E-05 0.060289 9.98596E-05 0.38865 0.212186 9.98596E-05 9.98596E-05 9.98596E-05 9.98596E-05 9.98596E-05 9.98596E-05 9.98596E-05 9.98596E-05
0.0646935 9.98859E-05 0.117271 9.98859E-05 9.98859E-05 0.224356 9.98859E-05 9.98859E-05 9.98859E-05 9.98859E-05 0.0231546 0.0472841 0.337925 0.12612 0.0280457 9.98859E-05 9.98859E-05 9.98859E-05 9.98859E-05 9.98859E-05 0.0298513 9.98859E-05
9.98596E-05 0.116865 0.0157326 9.98596E-05 9.98596E-05 0.498195 0.0503182 9.98596E-05 9.98596E-05 9.98596E-05 9.98596E-05 9.98596E-05 0.302195 9.98596E-05 9.98596E-05 0.0150965 9.98596E-05 9.98596E-05 9.98596E-05 9.98596E-05 9.98596E-05 9.98596E-05
9.98418E-05 9.98418E-05 0.0713285 9.98418E-05 9.98418E-05 9.98418E-05 9.98418E-05 9.98418E-05 9.98418E-05 9.98418E-05 9.98418E-05 9.98418E-05 0.793891 0.0661471 9.98418E-05 9.98418E-05 9.98418E-05 9.98418E-05 9.98418E-05 0.0668365 9.98418E-05 9.98418E-05
9.98596E-05 9.98596E-05 0.19643 9.98596E-05 0.0219327 9.98596E-05 9.98596E-05 9.98596E-05 9.98596E-05 9.98596E-05 0.0467893 9.98596E-05 0.602425 0.0897507 0.041075 9.98596E-05 9.98596E-05 9.98596E-05 9.98596E-05 9.98596E-05 9.98596E-05 9.98596E-05
9.9851E-05 9.9851E-05 0.107688 9.9851E-05 0.0152486 0.00801259 9.9851E-05 9.9851E-05 9.9851E-05 9.9851E-05 9.9851E-05 9.9851E-05 0.792441 9.9851E-05 9.9851E-05 0.0749126 9.9851E-05 9.9851E-05 9.9851E-05 9.9851E-05 9.9851E-05 9.9851E-05
0.024137 9.98509E-05 0.162531 9.98509E-05 9.98509E-05 9.98509E-05 9.98509E-05 9.98509E-05 9.98509E-05 9.98509E-05 9.98509E-05 0.0722157 0.723648 0.0157704 9.98509E-05 9.98509E-05 9.98509E-05 9.98509E-05 9.98509E-05 9.98509E-05 9.98509E-05 9.98509E-05
9.98421E-05 9.98421E-05 0.00948749 9.98421E-05 9.98421E-05 9.98421E-05 9.98421E-05 9.98421E-05 0.0257064 9.98421E-05 9.98421E-05 0.0305339 0.932475 9.98421E-05 9.98421E-05 9.98421E-05 9.98421E-05 9.98421E-05 9.98421E-05 9.98421E-05 9.98421E-05 9.98421E-05
9.98507E-05 9.98507E-05 0.135079 9.98507E-05 0.0854893 9.98507E-05 9.98507E-05 9.98507E-05 9.98507E-05 9.98507E-05 9.98507E-05 9.98507E-05 0.374546 0.327182 9.98507E-05 0.0760063 9.98507E-05 9.98507E-05 9.98507E-05 9.98507E-05 9.98507E-05 9.98507E-05
9.98418E-05 9.98418E-05 0.0441717 9.98418E-05 9.98418E-05 9.98418E-05 9.98418E-05 9.98418E-05 9.98418E-05 9.98418E-05 9.98418E-05 9.98418E-05 0.798765 0.00849728 0.146769 9.98418E-05 9.98418E-05 9.98418E-05 9.98418E-05 9.98418E-05 9.98418E-05 9.98418E-05
9.98246E-05 9.98246E-05 0.0789104 9.98246E-05 9.98246E-05 9.98246E-05 9.98246E-05 9.98246E-05 9.98246E-05 9.98246E-05 9.98246E-05 9.98246E-05 0.919093 9.98246E-05 9.98246E-05 9.98246E-05 9.98246E-05 9.98246E-05 9.98246E-05 9.98246E-05 9.98246E-05 9.98246E-05
9.98683E-05 9.98683E-05 9.98683E-05 9.98683E-05 9.98683E-05 0.127792 9.98683E-05 9.98683E-05 0.0111726 0.0610133 0.0087444 9.98683E-05 0.706598 0.0638242 0.0193575 9.98683E-05 9.98683E-05 9.98683E-05 9.98683E-05 9.98683E-05 9.98683E-05 9.98683E-05
9.98419E-05 9.98419E-05 0.211885 9.98419E-05 9.98419E-05 9.98419E-05 9.98419E-05 9.98419E-05 9.98419E-05 9.98419E-05 9.98419E-05 9.98419E-05 0.657794 0.0608389 9.98419E-05 9.98419E-05 9.98419E-05 9.98419E-05 9.98419E-05 9.98419E-05 0.0676845 9.98419E-05
9.9842E-05 9.9842E-05 9.9842E-05 9.9842E-05 9.9842E-05 0.542902 9.9842E-05 9.9842E-05 9.9842E-05 0.0179304 9.9842E-05 9.9842E-05 0.329316 0.108055 9.9842E-05 9.9842E-05 9.9842E-05 9.9842E-05 9.9842E-05 9.9842E-05 9.9842E-05 9.9842E-05
9.98422E-05 9.98422E-05 0.136152 9.98422E-05 9.98422E-05 0.201452 9.98422E-05 9.98422E-05 9.98422E-05 9.98422E-05 9.98422E-05 9.98422E-05 0.643163 9.98422E-05 9.98422E-05 9.98422E-05 9.98422E-05 9.98422E-05 9.98422E-05 9.98422E-05 0.0174358 9.98422E-05
9.98424E-05 9.98424E-05 9.98424E-05 9.98424E-05 9.98424E-05 0.222573 9.98424E-05 9.98424E-05 9.98424E-05 9.98424E-05 9.98424E-05 9.98424E-05 0.741555 9.98424E-05 9.98424E-05 0.0327751 0.00129977 9.98424E-05 9.98424E-05 9.98424E-05 9.98424E-05 9.98424E-05
9.98597E-05 9.98597E-05 9.98597E-05 9.98597E-05 0.0548708 0.416728 9.98597E-05 9.98597E-05 9.98597E-05 9.98597E-05 0.00245752 9.98597E-05 0.467193 0.0331389 9.98597E-05 9.98597E-05 9.98597E-05 9.98597E-05 9.98597E-05 9.98597E-05 0.0240143 9.98597E-05
9.98596E-05 9.98596E-05 0.319344 9.98596E-05 9.98596E-05 9.98596E-05 9.98596E-05 9.98596E-05 0.0142186 9.98596E-05 0.147399 9.98596E-05 0.40044 0.0452427 9.98596E-05 9.98596E-05 9.98596E-05 9.98596E-05 9.98596E-05 0.0717575 9.98596E-05 9.98596E-05
9.98421E-05 9.98421E-05 9.98421E-05 9.98421E-05 9.98421E-05 9.98421E-05 0.101053 9.98421E-05 9.98421E-05 9.98421E-05 0.00358127 9.98421E-05 0.723516 0.170052 9.98421E-05 9.98421E-05 9.98421E-05 9.98421E-05 9.98421E-05 9.98421E-05 9.98421E-05 9.98421E-05
9.98596E-05 9.98596E-05 0.0681001 9.98596E-05 0.0506871 0.590649 9.98596E-05 9.98596E-05 9.98596E-05 9.98596E-05 9.98596E-05 9.98596E-05 0.133037 0.128607 9.98596E-05 9.98596E-05 0.0273226 9.98596E-05 9.98596E-05 9.98596E-05 9.98596E-05 9.98596E-05
9.98509E-05 9.98509E-05 0.0515524 9.98509E-05 9.98509E-05 0.411049 9.98509E-05 9.98509E-05 9.98509E-05 9.98509E-05 9.98509E-05 9.98509E-05 0.501862 9.98509E-05 9.98509E-05 9.98509E-05 9.98509E-05 0.0163458 9.98509E-05 9.98509E-05 9.98509E-05 0.0174932
9.98595E-05 9.98595E-05 9.98595E-05 9.98595E-05 0.0910415 9.98595E-05 9.98595E-05 9.98595E-05 9.98595E-05 9.98595E-05 0.151721 9.98595E-05 0.493361 0.176636 0.0597979 9.98595E-05 9.98595E-05 9.98595E-05 9.98595E-05 0.0258443 9.98595E-05 9.98595E-05
0.227622 9.98421E-05 0.104084 9.98421E-05 9.98421E-05 9.98421E-05 9.98421E-05 9.98421E-05 9.98421E-05 9.98421E-05 9.98421E-05 9.98421E-05 0.578417 0.0880798 9.98421E-05 9.98421E-05 9.98421E-05 9.98421E-05 9.98421E-05 9.98421E-05 9.98421E-05 9.98421E-05
9.98773E-05 0.122091 0.00319738 9.98773E-05 9.98773E-05 9.98773E-05 9.98773E-05 9.98773E-05 9.98773E-05 9.98773E-05 0.124724 0.0331675 0.523046 0.104539 0.0827643 9.98773E-05 9.98773E-05 0.00507239 9.98773E-05 9.98773E-05 9.98773E-05 9.98773E-05
9.98684E-05 9.98684E-05 0.180668 9.98684E-05 0.0250948 9.98684E-05 0.0117345 9.98684E-05 9.98684E-05 9.98684E-05 9.98684E-05 9.98684E-05 0.43301 0.270625 0.0762857 9.98684E-05 9.98684E-05 9.98684E-05 9.98684E-05 9.98684E-05 0.00108395 9.98684E-05
9.98333E-05 9.98333E-05 0.06221 9.98333E-05 9.98333E-05 0.492611 9.98333E-05 9.98333E-05 9.98333E-05 9.98333E-05 9.98333E-05 9.98333E-05 0.443282 9.98333E-05 9.98333E-05 9.98333E-05 9.98333E-05 9.98333E-05 9.98333E-05 9.98333E-05 9.98333E-05 9.98333E-05
9.9842E-05 9.9842E-05 0.123522 9.9842E-05 9.9842E-05 9.9842E-05 9.9842E-05 0.00956267 9.9842E-05 0.12937 9.9842E-05 9.9842E-05 0.735749 9.9842E-05 9.9842E-05 9.9842E-05 9.9842E-05 9.9842E-05 9.9842E-05 9.9842E-05 9.9842E-05 9.9842E-05
9.98509E-05 9.98509E-05 0.0135228 9.98509E-05 9.98509E-05 0.529362 9.98509E-05 9.98509E-05 9.98509E-05 9.98509E-05 9.98509E-05 9.98509E-05 0.280679 0.151076 9.98509E-05 0.0236634 9.98509E-05 9.98509E-05 9.98509E-05 9.98509E-05 9.98509E-05 9.98509E-05
9.9851E-05 9.9851E-05 0.144379 9.9851E-05 9.9851E-05 0.183321 9.9851E-05 9.9851E-05 0.0164186 9.9851E-05 9.9851E-05 9.9851E-05 0.582139 0.0720452 9.9851E-05 9.9851E-05 9.9851E-05 9.9851E-05 9.9851E-05 9.9851E-05 9.9851E-05 9.9851E-05
9.98421E-05 9.98421E-05 9.98421E-05 9.98421E-05 9.98421E-05 9.98421E-05 9.98421E-05 9.98421E-05 9.98421E-05 9.98421E-05 0.00742513 0.0522536 0.891457 0.0470666 9.98421E-05 9.98421E-05 9.98421E-05 9.98421E-05 9.98421E-05 9.98421E-05 9.98421E-05 9.98421E-05
9.98331E-05 9.98331E-05 9.98331E-05 9.98331E-05 9.98331E-05 9.98331E-05 9.98331E-05 9.98331E-05 0.00266006 0.0915549 9.98331E-05 9.98331E-05 0.903888 9.98331E-05 9.98331E-05 9.98331E-05 9.98331E-05 9.98331E-05 9.98331E-05 9.98331E-05 9.98331E-05 9.98331E-05
9.98507E-05 9.98507E-05 0.191851 9.98507E-05 9.98507E-05 9.98507E-05 9.98507E-05 9.98507E-05 9.98507E-05 9.98507E-05 0.141642 9.98507E-05 0.408774 0.251947 9.98507E-05 9.98507E-05 9.98507E-05 0.00408789 9.98507E-05 9.98507E-05 9.98507E-05 9.98507E-05
9.9842E-05 9.9842E-05 0.185687 9.9842E-05 9.9842E-05 9.9842E-05 9.9842E-05 9.9842E-05 9.9842E-05 9.9842E-05 9.9842E-05 9.9842E-05 0.664838 0.123007 9.9842E-05 9.9842E-05 9.9842E-05 0.0246707 9.9842E-05 9.9842E-05 9.9842E-05 9.9842E-05
9.98332E-05 9.98332E-05 9.98332E-05 9.98332E-05 9.98332E-05 9.98332E-05 9.98332E-05 9.98332E-05 9.98332E-05 9.98332E-05 9.98332E-05 0.00729139 0.913051 0.0777604 9.98332E-05 9.98332E-05 9.98332E-05 9.98332E-05 9.98332E-05 9.98332E-05 9.98332E-05 9.98332E-05
9.98334E-05 9.98334E-05 0.0991143 9.98334E-05 0.0605005 9.98334E-05 9.98334E-05 9.98334E-05 9.98334E-05 9.98334E-05 9.98334E-05 9.98334E-05 0.838488 9.98334E-05 9.98334E-05 9.98334E-05 9.98334E-05 9.98334E-05 9.98334E-05 9.98334E-05 9.98334E-05 9.98334E-05
9.98335E-05 9.98335E-05 9.98335E-05 9.98335E-05 9.98335E-05 0.127464 9.98335E-05 9.98335E-05 9.98335E-05 9.98335E-05 9.98335E-05 9.98335E-05 0.729513 0.141127 9.98335E-05 9.98335E-05 9.98335E-05 9.98335E-05 9.98335E-05 9.98335E-05 9.98335E-05 9.98335E-05
9.98154E-05 9.98154E-05 0.997904 9.98154E-05 9.98154E-05 9.98154E-05 9.98154E-05 9.98154E-05 9.98154E-05 9.98154E-05 9.98154E-05 9.98154E-05 9.98154E-05 9.98154E-05 9.98154E-05 9.98154E-05 9.98154E-05 9.98154E-05 9.98154E-05 9.98154E-05 9.98154E-05 9.98154E-05
9.98155E-05 9.98155E-05 9.98155E-05 9.98155E-05 9.98155E-05 9.98155E-05 9.98155E-05 9.98155E-05 9.98155E-05 9.98155E-05 9.98155E-05 9.98155E-05 9.98155E-05 0.997904 9.98155E-05 9.98155E-05 9.98155E-05 9.98155E-05 9.98155E-05 9.98155E-05 9.98155E-05 9.98155E-05
9.98155E-05 9.98155E-05 0.997904 9.98155E-05 9.98155E-05 9.98155E-05 9.98155E-05 9.98155E-05 9.98155E-05 9.98155E-05 9.98155E-05 9.98155E-05 9.98155E-05 9.98155E-05 9.98155E-05 9.98155E-05 9.98155E-05 9.98155E-05 9.98155E-05 9.98155E-05 9.98155E-05 9.98155E-05
9.98154E-05 9.98154E-05 9.98154E-05 9.98154E-05 9.98154E-05 9.98154E-05 9.98154E-05 9.98154E-05 9.98154E-05 9.98154E-05 9.98154E-05 9.98154E-05 9.98154E-05 0.997904 9.98154E-05 9.98154E-05 9.98154E-05 9.98154E-05 9.98154E-05 9.98154E-05 9.98154E-05 9.98154E-05
9.98154E-05 9.98154E-05 9.98154E-05 9.98154E-05 9.98154E-05 9.98154E-05 9.98154E-05 9.98154E-05 9.98154E-05 9.98154E-05 9.98154E-05 9.98154E-05 9.98154E-05 0.997904 9.98154E-05 9.98154E-05 9.98154E-05 9.98154E-05 9.98154E-05 9.98154E-05 9.98154E-05 9.98154E-05
9.98154E-05 9.98154E-05 9.98154E-05 9.98154E-05 9.98154E-05 9.98154E-05 9.98154E-05 9.98154E-05 9.98154E-05 9.98154E-05 9.98154E-05 9.98154E-05 9.98154E-05 0.997904 9.98154E-05 9.98154E-05 9.98154E-05 9.98154E-05 9.98154E-05 9.98154E-05 9.98154E-05 9.98154E-05
9.98154E-05 9.98154E-05 0.997904 9.98154E-05 9.98154E-05 9.98154E-05 9.98154E-05 9.98154E-05 9.98154E-05 9.98154E-05 9.98154E-05 9.98154E-05 9.98154E-05 9.98154E-05 9.98154E-05 9.98154E-05 9.98154E-05 9.98154E-05 9.98154E-05 9.98154E-05 9.98154E-05 9.98154E-05
9.98154E-05 9.98154E-05 9.98154E-05 9.98154E-05 9.98154E-05 9.98154E-05 9.98154E-05 9.98154E-05 9.98154E-05 9.98154E-05 9.98154E-05 9.98154E-05 9.98154E-05 0.997904 9.98154E-05 9.98154E-05 9.98154E-05 9.98154E-05 9.98154E-05 9.98154E-05 9.98154E-05 9.98154E-05
9.98156E-05 9.98156E-05 9.98156E-05 9.98156E-05 9.98156E-05 9.98156E-05 9.98156E-05 9.98156E-05 9.98156E-05 9.98156E-05 9.98156E-05 9.98156E-05 9.98156E-05 0.997904 9.98156E-05 9.98156E-05 9.98156E-05 9.98156E-05 9.98156E-05 9.98156E-05 9.98156E-05 9.98156E-05
9.98154E-05 9.98154E-05 0.997904 9.98154E-05 9.98154E-05 9.98154E-05 9.98154E-05 9.98154E-05 9.98154E-05 9.98154E-05 9.98154E-05 9.98154E-05 9.98154E-05 9.98154E-05 9.98154E-05 9.98154E-05 9.98154E-05 9.98154E-05 9.98154E-05 9.98154E-05 9.98154E-05 9.98154E-05
