0.0173264 0.0602963 9.98595E-05 9.98595E-05 9.98595E-05 9.98595E-05 0.0288313 0.105929 9.98595E-05 9.98595E-05 0.150516 9.98595E-05 0.319775 9.98595E-05 9.98595E-05 9.98595E-05 0.00796358 9.98595E-05 9.98595E-05 9.98595E-05 0.0695873 9.98595E-05 9.98595E-05 9.98595E-05 0.238177
9.98597E-05 9.98597E-05 9.98597E-05 9.98597E-05 0.0123028 9.98597E-05 9.98597E-05 0.0932311 9.98597E-05 9.98597E-05 9.98597E-05 9.98597E-05 0.655966 9.98597E-05 0.0300253 9.98597E-05 0.0990918 0.00272801 0.0143039 9.98597E-05 0.0699507 9.98597E-05 9.98597E-05 9.98597E-05 0.0208022
9.98245E-05 9.98245E-05 9.98245E-05 9.98245E-05 0.035518 9.98245E-05 9.98245E-05 9.98245E-05 9.98245E-05 9.98245E-05 0.0327207 9.98245E-05 0.80601 9.98245E-05 9.98245E-05 0.0986096 9.98245E-05 9.98245E-05 9.98245E-05 9.98245E-05 0.0251454 9.98245E-05 9.98245E-05 9.98245E-05 9.98245E-05
9.98597E-05 9.98597E-05 9.98597E-05 9.98597E-05 9.98597E-05 9.98597E-05 0.0426639 9.98597E-05 0.0141228 9.98597E-05 0.171734 9.98597E-05 0.176722 9.98597E-05 0.0917364 9.98597E-05 0.185665 9.98597E-05 0.138299 0.150692 0.0267666 9.98597E-05 9.98597E-05 9.98597E-05 9.98597E-05
9.98157E-05 9.98157E-05 9.98157E-05 9.98157E-05 0.00865311 9.98157E-05 9.98157E-05 9.98157E-05 9.98157E-05 9.98157E-05 9.98157E-05 9.98157E-05 0.744974 9.98157E-05 9.98157E-05 9.98157E-05 9.98157E-05 9.98157E-05 0.0809312 0.163345 9.98157E-05 9.98157E-05 9.98157E-05 9.98157E-05 9.98157E-05
9.9842E-05 9.9842E-05 9.9842E-05 9.9842E-05 0.0728393 9.9842E-05 9.9842E-05 9.9842E-05 9.9842E-05 0.0944945 0.0103694 0.0117989 0.160782 9.9842E-05 9.9842E-05 9.9842E-05 9.9842E-05 9.9842E-05 9.9842E-05 0.463481 9.9842E-05 9.9842E-05 9.9842E-05 9.9842E-05 0.184438
9.98772E-05 9.98772E-05 0.0971854 0.058326 9.98772E-05 9.98772E-05 0.0783822 0.0182425 0.0495303 9.98772E-05 0.140465 9.98772E-05 0.224601 9.98772E-05 0.104399 9.98772E-05 0.0748182 9.98772E-05 9.98772E-05 9.98772E-05 0.0196069 9.98772E-05 9.98772E-05 9.98772E-05 0.133045
0.0439295 0.0262408 9.98774E-05 9.98774E-05 9.98774E-05 9.98774E-05 9.98774E-05 9.98774E-05 9.98774E-05 9.98774E-05 0.188729 0.136558 0.0894593 9.98774E-05 0.0100316 9.98774E-05 0.0961114 9.98774E-05 0.061411 0.175569 9.98774E-05 0.131222 9.98774E-05 9.98774E-05 0.0393405
9.98509E-05 9.98509E-05 9.98509E-05 9.98509E-05 0.00136637 9.98509E-05 0.218858 9.98509E-05 9.98509E-05 9.98509E-05 0.0364301 0.208094 0.175561 9.98509E-05 9.98509E-05 9.98509E-05 9.98509E-05 9.98509E-05 0.0562714 0.125075 0.176647 9.98509E-05 9.98509E-05 9.98509E-05 9.98509E-05
9.98157E-05 9.98157E-05 9.98157E-05 9.98157E-05 9.98157E-05 9.98157E-05 9.98157E-05 9.98157E-05 9.98157E-05 0.00512253 9.98157E-05 9.98157E-05 0.767328 9.98157E-05 9.98157E-05 9.98157E-05 0.00291906 9.98157E-05 9.98157E-05 9.98157E-05 0.222534 9.98157E-05 9.98157E-05 9.98157E-05 9.98157E-05
9.98422E-05 9.98422E-05 9.98422E-05 9.98422E-05 9.98422E-05 9.98422E-05 9.98422E-05 9.98422E-05 9.98422E-05 9.98422E-05 0.131048 0.039335 0.3834 9.98422E-05 0.123951 9.98422E-05 9.98422E-05 9.98422E-05 9.98422E-05 9.98422E-05 0.156833 9.98422E-05 9.98422E-05 0.0319727 0.131663
9.9842E-05 9.9842E-05 9.9842E-05 9.9842E-05 9.9842E-05 9.9842E-05 9.9842E-05 9.9842E-05 9.9842E-05 9.9842E-05 9.9842E-05 9.9842E-05 0.829573 0.058638 0.0154751 9.9842E-05 0.0388124 9.9842E-05 9.9842E-05 0.0152598 0.00883431 9.9842E-05 9.9842E-05 9.9842E-05 0.0316107
9.98069E-05 9.98069E-05 9.98069E-05 9.98069E-05 9.98069E-05 9.98069E-05 9.98069E-05 9.98069E-05 9.98069E-05 9.98069E-05 0.176316 9.98069E-05 0.700837 9.98069E-05 9.98069E-05 9.98069E-05 9.98069E-05 9.98069E-05 9.98069E-05 9.98069E-05 0.120652 9.98069E-05 9.98069E-05 9.98069E-05 9.98069E-05
0.0129157 9.98685E-05 9.98685E-05 0.0642572 0.135504 0.0799245 9.98685E-05 9.98685E-05 9.98685E-05 9.98685E-05 0.043087 9.98685E-05 0.518544 0.0166615 0.0726939 9.98685E-05 0.0316643 9.98685E-05 9.98685E-05 9.98685E-05 0.0232501 9.98685E-05 9.98685E-05 9.98685E-05 9.98685E-05
0.00686314 9.98771E-05 0.0111883 9.98771E-05 9.98771E-05 9.98771E-05 0.0185386 9.98771E-05 9.98771E-05 0.0373503 0.0436379 0.131992 0.239355 9.98771E-05 9.98771E-05 9.98771E-05 9.98771E-05 9.98771E-05 9.98771E-05 0.113843 0.128458 9.98771E-05 9.98771E-05 0.123324 0.14405
9.98684E-05 0.0676381 9.98684E-05 9.98684E-05 9.98684E-05 9.98684E-05 9.98684E-05 9.98684E-05 9.98684E-05 9.98684E-05 0.0689763 0.110462 0.13723 0.0190958 9.98684E-05 9.98684E-05 0.0941673 9.98684E-05 9.98684E-05 0.244762 0.0408944 0.120761 9.98684E-05 9.98684E-05 0.0945152
9.98772E-05 0.0475678 0.0522724 0.00461695 9.98772E-05 0.13213 9.98772E-05 0.135563 9.98772E-05 9.98772E-05 0.0289247 9.98772E-05 0.425203 0.00588334 0.0544849 9.98772E-05 9.98772E-05 9.98772E-05 9.98772E-05 9.98772E-05 0.101915 0.0100412 9.98772E-05 9.98772E-05 9.98772E-05
9.98598E-05 9.98598E-05 9.98598E-05 9.98598E-05 9.98598E-05 9.98598E-05 0.0226858 9.98598E-05 9.98598E-05 9.98598E-05 0.310117 0.0450444 0.0621458 9.98598E-05 9.98598E-05 9.98598E-05 9.98598E-05 0.0963131 0.0233977 9.98598E-05 0.104354 9.98598E-05 0.154795 9.98598E-05 0.179549
9.9842E-05 9.9842E-05 9.9842E-05 9.9842E-05 9.9842E-05 9.9842E-05 9.9842E-05 9.9842E-05 9.9842E-05 0.264226 0.19255 0.135654 0.255373 9.9842E-05 9.9842E-05 9.9842E-05 9.9842E-05 9.9842E-05 9.9842E-05 9.9842E-05 0.0925397 9.9842E-05 0.00801027 0.0498488 9.9842E-05
9.98158E-05 9.98158E-05 0.0454646 9.98158E-05 9.98158E-05 9.98158E-05 9.98158E-05 9.98158E-05 9.98158E-05 9.98158E-05 9.98158E-05 9.98158E-05 0.890378 9.98158E-05 9.98158E-05 9.98158E-05 9.98158E-05 0.054896 9.98158E-05 9.98158E-05 0.00716543 9.98158E-05 9.98158E-05 9.98158E-05 9.98158E-05
9.98684E-05 9.98684E-05 9.98684E-05 9.98684E-05 9.98684E-05 9.98684E-05 0.0475071 9.98684E-05 9.98684E-05 9.98684E-05 0.0615464 0.0740083 0.425569 0.132639 0.0356752 9.98684E-05 0.00691423 9.98684E-05 0.165413 0.0140505 0.0351792 9.98684E-05 9.98684E-05 9.98684E-05 9.98684E-05
9.98422E-05 9.98422E-05 9.98422E-05 9.98422E-05 0.0857591 9.98422E-05 9.98422E-05 9.98422E-05 9.98422E-05 0.128159 0.32856 0.0843829 0.183335 9.98422E-05 9.98422E-05 0.0710572 9.98422E-05 9.98422E-05 9.98422E-05 9.98422E-05 9.98422E-05 9.98422E-05 9.98422E-05 0.116949 9.98422E-05
9.98335E-05 9.98335E-05 9.98335E-05 9.98335E-05 9.98335E-05 9.98335E-05 9.98335E-05 9.98335E-05 9.98335E-05 9.98335E-05 9.98335E-05 9.98335E-05 0.441568 9.98335E-05 0.027737 9.98335E-05 0.00145198 9.98335E-05 9.98335E-05 0.119828 0.165628 9.98335E-05 9.98335E-05 9.98335E-05 0.24189
9.98684E-05 0.0331962 0.0192887 0.00539276 9.98684E-05 9.98684E-05 0.046021 9.98684E-05 9.98684E-05 9.98684E-05 0.307138 9.98684E-05 0.324007 0.0400979 9.98684E-05 9.98684E-05 9.98684E-05 9.98684E-05 9.98684E-05 9.98684E-05 0.205495 0.0131219 9.98684E-05 9.98684E-05 0.00474308
9.98509E-05 9.98509E-05 9.98509E-05 9.98509E-05 9.98509E-05 9.98509E-05 9.98509E-05 9.98509E-05 9.98509E-05 9.98509E-05 0.110553 0.0469332 0.224827 9.98509E-05 0.00136468 0.154727 0.087181 0.128188 9.98509E-05 9.98509E-05 0.244528 9.98509E-05 9.98509E-05 9.98509E-05 9.98509E-05
9.98421E-05 9.98421E-05 9.98421E-05 9.98421E-05 9.98421E-05 9.98421E-05 9.98421E-05 9.98421E-05 9.98421E-05 9.98421E-05 0.0966532 0.0063062 0.583535 9.98421E-05 9.98421E-05 0.065991 0.134179 9.98421E-05 9.98421E-05 9.98421E-05 0.0871494 9.98421E-05 9.98421E-05 0.0243895 9.98421E-05
9.98332E-05 9.98332E-05 9.98332E-05 9.98332E-05 9.98332E-05 9.98332E-05 9.98332E-05 9.98332E-05 9.98332E-05 9.98332E-05 0.263522 9.98332E-05 9.98332E-05 9.98332E-05 9.98332E-05 0.181192 9.98332E-05 9.98332E-05 9.98332E-05 9.98332E-05 0.0503329 0.028808 0.146486 0.327763 9.98332E-05
9.98248E-05 9.98248E-05 9.98248E-05 9.98248E-05 9.98248E-05 9.98248E-05 9.98248E-05 0.0285802 9.98248E-05 9.98248E-05 0.051641 9.98248E-05 0.638617 9.98248E-05 9.98248E-05 9.98248E-05 0.119839 9.98248E-05 9.98248E-05 9.98248E-05 0.159326 9.98248E-05 9.98248E-05 9.98248E-05 9.98248E-05
9.98421E-05 9.98421E-05 9.98421E-05 9.98421E-05 9.98421E-05 9.98421E-05 0.0299601 9.98421E-05 9.98421E-05 9.98421E-05 0.0544453 9.98421E-05 0.51057 9.98421E-05 9.98421E-05 0.0606344 9.98421E-05 9.98421E-05 9.98421E-05 9.98421E-05 0.190212 9.98421E-05 9.98421E-05 0.0679302 0.0844509
9.98422E-05 9.98422E-05 9.98422E-05 9.98422E-05 9.98422E-05 0.0964423 0.0474452 0.0204578 9.98422E-05 0.0126024 9.98422E-05 0.000733739 0.640147 9.98422E-05 9.98422E-05 0.180374 9.98422E-05 9.98422E-05 9.98422E-05 9.98422E-05 9.98422E-05 9.98422E-05 9.98422E-05 9.98422E-05 9.98422E-05
9.98508E-05 9.98508E-05 9.98508E-05 9.98508E-05 9.98508E-05 9.98508E-05 9.98508E-05 9.98508E-05 9.98508E-05 0.0947921 0.0269038 0.0133178 0.546787 9.98508E-05 0.0874698 9.98508E-05 9.98508E-05 9.98508E-05 9.98508E-05 9.98508E-05 0.00393744 9.98508E-05 9.98508E-05 0.100049 0.125045
9.9851E-05 9.9851E-05 9.9851E-05 9.9851E-05 9.9851E-05 9.9851E-05 9.9851E-05 9.9851E-05 9.9851E-05 0.0592622 0.11473 9.9851E-05 0.377225 9.9851E-05 0.0332673 9.9851E-05 0.0864848 9.9851E-05 9.9851E-05 0.25886 0.0274575 9.9851E-05 9.9851E-05 0.0410148 9.9851E-05
9.98683E-05 9.98683E-05 9.98683E-05 9.98683E-05 9.98683E-05 9.98683E-05 9.98683E-05 9.98683E-05 0.0152881 9.98683E-05 0.127522 9.98683E-05 0.444974 0.0113411 0.11334 0.0521709 0.0625059 9.98683E-05 9.98683E-05 9.98683E-05 0.104877 0.0113442 9.98683E-05 9.98683E-05 0.0551392
9.98684E-05 9.98684E-05 0.00323017 9.98684E-05 9.98684E-05 9.98684E-05 0.00122138 9.98684E-05 9.98684E-05 9.98684E-05 0.0945239 9.98684E-05 0.392492 0.119719 0.0159515 0.176381 9.98684E-05 9.98684E-05 9.98684E-05 9.98684E-05 0.122934 9.98684E-05 0.00959961 0.0624498 9.98684E-05
9.98421E-05 9.98421E-05 9.98421E-05 9.98421E-05 9.98421E-05 9.98421E-05 9.98421E-05 0.0366468 9.98421E-05 9.98421E-05 9.98421E-05 0.00374375 0.735482 9.98421E-05 0.0459533 9.98421E-05 9.98421E-05 0.044385 9.98421E-05 9.98421E-05 0.0319144 9.98421E-05 9.98421E-05 0.100078 9.98421E-05
9.98159E-05 9.98159E-05 9.98159E-05 0.104733 9.98159E-05 9.98159E-05 9.98159E-05 9.98159E-05 9.98159E-05 9.98159E-05 0.0651244 9.98159E-05 0.558913 9.98159E-05 9.98159E-05 9.98159E-05 0.269133 9.98159E-05 9.98159E-05 9.98159E-05 9.98159E-05 9.98159E-05 9.98159E-05 9.98159E-05 9.98159E-05
9.98508E-05 9.98508E-05 0.0509231 9.98508E-05 9.98508E-05 9.98508E-05 9.98508E-05 9.98508E-05 9.98508E-05 0.0607405 0.0814859 9.98508E-05 0.677711 9.98508E-05 0.000812653 9.98508E-05 9.98508E-05 0.0325806 9.98508E-05 9.98508E-05 9.98508E-05 9.98508E-05 9.98508E-05 0.037429 0.0566194
9.98423E-05 9.98423E-05 9.98423E-05 9.98423E-05 9.98423E-05 9.98423E-05 9.98423E-05 0.0899888 9.98423E-05 9.98423E-05 0.0586329 0.0966837 0.53744 9.98423E-05 0.0430422 9.98423E-05 0.121251 9.98423E-05 9.98423E-05 9.98423E-05 0.0511636 9.98423E-05 9.98423E-05 9.98423E-05 9.98423E-05
9.98772E-05 9.98772E-05 9.98772E-05 9.98772E-05 0.00405404 0.0741316 9.98772E-05 0.132002 9.98772E-05 0.00669598 0.0588517 0.00492632 0.5136 0.0348226 0.049461 9.98772E-05 9.98772E-05 9.98772E-05 9.98772E-05 9.98772E-05 0.0980786 9.98772E-05 9.98772E-05 0.0219783 9.98772E-05
9.98508E-05 9.98508E-05 9.98508E-05 9.98508E-05 9.98508E-05 9.98508E-05 9.98508E-05 9.98508E-05 0.0241284 0.032115 0.0415582 9.98508E-05 0.499625 0.0799025 0.01718 0.18279 9.98508E-05 9.98508E-05 9.98508E-05 9.98508E-05 0.121003 9.98508E-05 9.98508E-05 9.98508E-05 9.98508E-05
9.98334E-05 9.98334E-05 9.98334E-05 0.0138423 9.98334E-05 9.98334E-05 9.98334E-05 9.98334E-05 9.98334E-05 0.0606832 0.0728071 9.98334E-05 0.731748 9.98334E-05 9.98334E-05 9.98334E-05 9.98334E-05 9.98334E-05 9.98334E-05 9.98334E-05 0.0528066 9.98334E-05 9.98334E-05 0.0662154 9.98334E-05
9.98161E-05 9.98161E-05 9.98161E-05 9.98161E-05 9.98161E-05 9.98161E-05 9.98161E-05 9.98161E-05 9.98161E-05 9.98161E-05 0.141042 9.98161E-05 0.491175 9.98161E-05 9.98161E-05 9.98161E-05 9.98161E-05 9.98161E-05 9.98161E-05 9.98161E-05 0.0204832 9.98161E-05 9.98161E-05 0.345204 9.98161E-05
9.9807E-05 9.9807E-05 9.9807E-05 0.317449 9.9807E-05 9.9807E-05 9.9807E-05 9.9807E-05 9.9807E-05 0.00805063 9.9807E-05 9.9807E-05 0.672304 9.9807E-05 9.9807E-05 9.9807E-05 9.9807E-05 9.9807E-05 9.9807E-05 9.9807E-05 9.9807E-05 9.9807E-05 9.9807E-05 9.9807E-05 9.9807E-05
0.0777775 9.98422E-05 9.98422E-05 9.98422E-05 9.98422E-05 9.98422E-05 0.0275125 9.98422E-05 9.98422E-05 9.98422E-05 0.13436 0.0484674 0.208439 9.98422E-05 9.98422E-05 9.98422E-05 9.98422E-05 9.98422E-05 9.98422E-05 9.98422E-05 0.301158 9.98422E-05 9.98422E-05 9.98422E-05 0.200488
9.98334E-05 9.98334E-05 0.106545 9.98334E-05 0.068715 9.98334E-05 9.98334E-05 9.98334E-05 9.98334E-05 9.98334E-05 0.51596 9.98334E-05 0.215429 9.98334E-05 9.98334E-05 9.98334E-05 9.98334E-05 0.0191381 9.98334E-05 9.98334E-05 0.0723152 9.98334E-05 9.98334E-05 9.98334E-05 9.98334E-05
9.98506E-05 9.98506E-05 0.00877932 9.98506E-05 9.98506E-05 9.98506E-05 9.98506E-05 9.98506E-05 9.98506E-05 9.98506E-05 0.0252105 9.98506E-05 0.717414 9.98506E-05 9.98506E-05 9.98506E-05 0.00888551 0.054548 0.0698141 9.98506E-05 0.0588483 9.98506E-05 9.98506E-05 0.0548031 9.98506E-05
9.98333E-05 9.98333E-05 9.98333E-05 9.98333E-05 9.98333E-05 9.98333E-05 9.98333E-05 9.98333E-05 9.98333E-05 9.98333E-05 9.98333E-05 9.98333E-05 0.648988 9.98333E-05 0.0250654 9.98333E-05 0.101691 9.98333E-05 9.98333E-05 0.143275 0.0642923 9.98333E-05 0.0147926 9.98333E-05 9.98333E-05
9.98246E-05 0.0238651 9.98246E-05 9.98246E-05 9.98246E-05 9.98246E-05 9.98246E-05 9.98246E-05 9.98246E-05 9.98246E-05 9.98246E-05 9.98246E-05 0.888996 9.98246E-05 9.98246E-05 9.98246E-05 9.98246E-05 9.98246E-05 9.98246E-05 9.98246E-05 0.0130202 9.98246E-05 0.0163761 9.98246E-05 0.0557456
9.98596E-05 9.98596E-05 9.98596E-05 9.98596E-05 9.98596E-05 9.98596E-05 9.98596E-05 9.98596E-05 9.98596E-05 0.0802571 0.0186417 9.98596E-05 0.530393 0.131593 0.0235248 0.021212 9.98596E-05 0.0199557 9.98596E-05 9.98596E-05 0.0626043 9.98596E-05 9.98596E-05 9.98596E-05 0.110221
0.00964776 9.986E-05 9.986E-05 0.00105242 0.0677261 9.986E-05 9.986E-05 0.0510825 0.115592 0.084659 0.0376526 0.019244 0.611746 9.986E-05 9.986E-05 9.986E-05 9.986E-05 9.986E-05 9.986E-05 9.986E-05 9.986E-05 9.986E-05 9.986E-05 9.986E-05 9.986E-05
9.98946E-05 0.00295969 0.00215268 9.98946E-05 9.98946E-05 9.98946E-05 9.98946E-05 9.98946E-05 9.98946E-05 9.98946E-05 0.0407459 0.0124243 0.213017 9.98946E-05 0.0974113 0.00833118 0.00107536 9.98946E-05 0.031391 0.143415 0.159228 0.0435289 9.98946E-05 0.243122 9.98946E-05
9.98421E-05 9.98421E-05 9.98421E-05 0.0779793 0.0128149 9.98421E-05 0.0476624 9.98421E-05 9.98421E-05 9.98421E-05 0.262456 9.98421E-05 0.432005 0.0352206 9.98421E-05 9.98421E-05 0.130065 9.98421E-05 9.98421E-05 9.98421E-05 9.98421E-05 9.98421E-05 9.98421E-05 9.98421E-05 9.98421E-05
9.98246E-05 9.98246E-05 9.98246E-05 9.98246E-05 9.98246E-05 9.98246E-05 9.98246E-05 0.104391 9.98246E-05 9.98246E-05 9.98246E-05 9.98246E-05 0.746506 9.98246E-05 9.98246E-05 0.0727512 9.98246E-05 9.98246E-05 9.98246E-05 9.98246E-05 0.00424305 9.98246E-05 0.0701124 9.98246E-05 9.98246E-05
9.98773E-05 9.98773E-05 9.98773E-05 0.0458632 0.0731697 9.98773E-05 9.98773E-05 9.98773E-05 0.0212836 9.98773E-05 0.025606 9.98773E-05 0.526579 0.134272 9.98773E-05 9.98773E-05 9.98773E-05 9.98773E-05 9.98773E-05 0.0382068 0.0623519 0.0340092 0.00775879 9.98773E-05 0.0295017
9.98159E-05 9.98159E-05 9.98159E-05 9.98159E-05 9.98159E-05 9.98159E-05 9.98159E-05 9.98159E-05 9.98159E-05 0.17915 9.98159E-05 9.98159E-05 0.664419 9.98159E-05 9.98159E-05 9.98159E-05 9.98159E-05 9.98159E-05 9.98159E-05 9.98159E-05 0.107765 9.98159E-05 9.98159E-05 0.0465706 9.98159E-05
9.9816E-05 9.9816E-05 9.9816E-05 9.9816E-05 9.9816E-05 9.9816E-05 9.9816E-05 9.9816E-05 9.9816E-05 9.9816E-05 9.9816E-05 9.9816E-05 0.632058 9.9816E-05 9.9816E-05 0.147286 9.9816E-05 0.178038 9.9816E-05 9.9816E-05 9.9816E-05 9.9816E-05 9.9816E-05 0.0405227 9.9816E-05
9.9842E-05 9.9842E-05 9.9842E-05 9.9842E-05 9.9842E-05 9.9842E-05 9.9842E-05 0.0227765 9.9842E-05 0.00827098 0.163805 9.9842E-05 0.641264 0.0117752 9.9842E-05 9.9842E-05 9.9842E-05 9.9842E-05 9.9842E-05 9.9842E-05 0.0332222 9.9842E-05 0.117089 9.9842E-05 9.9842E-05
9.98248E-05 9.98248E-05 0.153837 9.98248E-05 9.98248E-05 9.98248E-05 9.98248E-05 9.98248E-05 9.98248E-05 9.98248E-05 0.10768 9.98248E-05 0.632133 9.98248E-05 0.0369908 9.98248E-05 0.0673624 9.98248E-05 9.98248E-05 9.98248E-05 9.98248E-05 9.98248E-05 9.98248E-05 9.98248E-05 9.98248E-05
0.0304218 9.98683E-05 9.98683E-05 0.0286992 9.98683E-05 9.98683E-05 9.98683E-05 0.00682702 0.0102433 9.98683E-05 9.98683E-05 0.0103013 0.798035 9.98683E-05 0.0306037 9.98683E-05 0.0338325 9.98683E-05 9.98683E-05 9.98683E-05 0.0337587 9.98683E-05 9.98683E-05 0.0157792 9.98683E-05
0.0376353 9.98596E-05 9.98596E-05 9.98596E-05 9.98596E-05 9.98596E-05 9.98596E-05 9.98596E-05 9.98596E-05 9.98596E-05 0.0222893 0.0361931 9.98596E-05 9.98596E-05 0.0361764 0.0349195 9.98596E-05 0.000550108 9.98596E-05 9.98596E-05 0.144143 9.98596E-05 0.0283966 9.98596E-05 0.658099
9.98072E-05 9.98072E-05 9.98072E-05 9.98072E-05 9.98072E-05 9.98072E-05 9.98072E-05 9.98072E-05 9.98072E-05 9.98072E-05 9.98072E-05 9.98072E-05 9.98072E-05 0.000847545 9.98072E-05 9.98072E-05 9.98072E-05 9.98072E-05 9.98072E-05 9.98072E-05 9.98072E-05 0.0249696 9.98072E-05 9.98072E-05 0.971987
9.97983E-05 9.97983E-05 9.97983E-05 9.97983E-05 9.97983E-05 9.97983E-05 9.97983E-05 9.97983E-05 9.97983E-05 9.97983E-05 9.97983E-05 9.97983E-05 9.97983E-05 9.97983E-05 9.97983E-05 9.97983E-05 9.97983E-05 9.97983E-05 9.97983E-05 9.97983E-05 9.97983E-05 9.97983E-05 0.00566965 9.97983E-05 0.992035
9.98509E-05 9.98509E-05 9.98509E-05 0.0333352 9.98509E-05 9.98509E-05 9.98509E-05 0.277917 0.0437179 9.98509E-05 9.98509E-05 0.115108 9.98509E-05 9.98509E-05 9.98509E-05 0.162971 9.98509E-05 9.98509E-05 9.98509E-05 9.98509E-05 0.0250838 9.98509E-05 0.00203749 9.98509E-05 0.338133
9.98593E-05 9.98593E-05 9.98593E-05 9.98593E-05 0.0247422 9.98593E-05 9.98593E-05 9.98593E-05 0.0297687 0.00245019 0.125159 0.0249282 9.98593E-05 9.98593E-05 9.98593E-05 9.98593E-05 9.98593E-05 0.0534392 9.98593E-05 9.98593E-05 0.0735545 9.98593E-05 0.041837 9.98593E-05 0.622524
9.98242E-05 9.98242E-05 9.98242E-05 9.98242E-05 9.98242E-05 9.98242E-05 9.98242E-05 9.98242E-05 9.98242E-05 9.98242E-05 0.0970035 0.0437053 9.98242E-05 9.98242E-05 9.98242E-05 0.0090027 9.98242E-05 9.98242E-05 9.98242E-05 9.98242E-05 0.200262 9.98242E-05 9.98242E-05 9.98242E-05 0.64803
9.98418E-05 9.98418E-05 9.98418E-05 9.98418E-05 9.98418E-05 9.98418E-05 9.98418E-05 0.33593 9.98418E-05 9.98418E-05 9.98418E-05 0.0272006 9.98418E-05 0.0589157 0.0555529 9.98418E-05 0.0654667 9.98418E-05 9.98418E-05 9.98418E-05 0.0711319 9.98418E-05 9.98418E-05 9.98418E-05 0.384005
9.98331E-05 9.98331E-05 9.98331E-05 9.98331E-05 9.98331E-05 9.98331E-05 9.98331E-05 0.0154199 9.98331E-05 9.98331E-05 9.98331E-05 0.0420735 9.98331E-05 9.98331E-05 9.98331E-05 9.98331E-05 9.98331E-05 9.98331E-05 9.98331E-05 0.147714 0.122307 9.98331E-05 0.222812 9.98331E-05 0.447777
9.98158E-05 9.98158E-05 9.98158E-05 0.0321358 9.98158E-05 9.98158E-05 0.069782 9.98158E-05 9.98158E-05 9.98158E-05 9.98158E-05 9.98158E-05 9.98158E-05 9.98158E-05 9.98158E-05 9.98158E-05 9.98158E-05 9.98158E-05 9.98158E-05 9.98158E-05 9.98158E-05 9.98158E-05 0.000872018 9.98158E-05 0.895114
9.98157E-05 9.98157E-05 9.98157E-05 9.98157E-05 9.98157E-05 9.98157E-05 9.98157E-05 9.98157E-05 9.98157E-05 9.98157E-05 9.98157E-05 0.0239702 9.98157E-05 9.98157E-05 0.0200746 9.98157E-05 0.0275817 9.98157E-05 9.98157E-05 9.98157E-05 9.98157E-05 9.98157E-05 9.98157E-05 9.98157E-05 0.926277
9.9833E-05 9.9833E-05 0.0560955 9.9833E-05 9.9833E-05 9.9833E-05 9.9833E-05 9.9833E-05 9.9833E-05 9.9833E-05 9.9833E-05 0.0553648 9.9833E-05 9.9833E-05 0.170714 9.9833E-05 9.9833E-05 0.00530565 9.9833E-05 9.9833E-05 0.201368 9.9833E-05 9.9833E-05 9.9833E-05 0.509255
9.98508E-05 0.0203982 9.98508E-05 9.98508E-05 9.98508E-05 9.98508E-05 9.98508E-05 0.0576675 9.98508E-05 0.0463357 0.14251 9.98508E-05 9.98508E-05 0.0953597 0.0891131 9.98508E-05 9.98508E-05 9.98508E-05 9.98508E-05 9.98508E-05 0.0668301 9.98508E-05 9.98508E-05 9.98508E-05 0.480088
9.98418E-05 0.0773157 9.98418E-05 9.98418E-05 9.98418E-05 9.98418E-05 9.98418E-05 9.98418E-05 9.98418E-05 9.98418E-05 9.98418E-05 0.0744988 9.98418E-05 0.106105 0.0267541 9.98418E-05 9.98418E-05 9.98418E-05 0.0340923 0.134768 9.98418E-05 9.98418E-05 9.98418E-05 9.98418E-05 0.544669
9.98507E-05 9.98507E-05 9.98507E-05 9.98507E-05 9.98507E-05 9.98507E-05 9.98507E-05 0.144142 0.061144 0.0181816 0.135304 9.98507E-05 9.98507E-05 9.98507E-05 9.98507E-05 9.98507E-05 9.98507E-05 9.98507E-05 0.0157088 9.98507E-05 0.152496 9.98507E-05 9.98507E-05 0.0359267 0.4354
9.98161E-05 9.98161E-05 9.98161E-05 0.182083 0.00133506 9.98161E-05 9.98161E-05 9.98161E-05 9.98161E-05 9.98161E-05 9.98161E-05 9.98161E-05 9.98161E-05 9.98161E-05 9.98161E-05 0.055282 9.98161E-05 9.98161E-05 9.98161E-05 9.98161E-05 9.98161E-05 9.98161E-05 9.98161E-05 9.98161E-05 0.759204
9.98246E-05 9.98246E-05 9.98246E-05 9.98246E-05 9.98246E-05 9.98246E-05 9.98246E-05 9.98246E-05 9.98246E-05 9.98246E-05 9.98246E-05 0.0345458 9.98246E-05 9.98246E-05 9.98246E-05 9.98246E-05 0.0678261 9.98246E-05 9.98246E-05 9.98246E-05 0.0342492 9.98246E-05 9.98246E-05 0.0728833 0.788499
0.266016 9.98154E-05 9.98154E-05 9.98154E-05 9.98154E-05 9.98154E-05 9.98154E-05 9.98154E-05 9.98154E-05 0.0932797 9.98154E-05 9.98154E-05 9.98154E-05 9.98154E-05 9.98154E-05 9.98154E-05 9.98154E-05 9.98154E-05 9.98154E-05 0.0744216 9.98154E-05 9.98154E-05 9.98154E-05 9.98154E-05 0.564186
9.98419E-05 0.0651955 9.98419E-05 9.98419E-05 9.98419E-05 9.98419E-05 9.98419E-05 9.98419E-05 9.98419E-05 0.0120865 0.108836 0.0359692 9.98419E-05 9.98419E-05 0.0795403 9.98419E-05 0.0701376 9.98419E-05 9.98419E-05 9.98419E-05 9.98419E-05 9.98419E-05 9.98419E-05 9.98419E-05 0.626438
9.98245E-05 9.98245E-05 9.98245E-05 9.98245E-05 9.98245E-05 9.98245E-05 9.98245E-05 9.98245E-05 9.98245E-05 0.0113234 9.98245E-05 9.98245E-05 9.98245E-05 9.98245E-05 0.0904896 9.98245E-05 9.98245E-05 9.98245E-05 9.98245E-05 9.98245E-05 0.056651 9.98245E-05 0.073361 9.98245E-05 0.766179
9.98506E-05 0.0355896 9.98506E-05 9.98506E-05 9.98506E-05 9.98506E-05 9.98506E-05 9.98506E-05 9.98506E-05 9.98506E-05 9.98506E-05 0.0109126 9.98506E-05 9.98506E-05 0.0230732 9.98506E-05 9.98506E-05 9.98506E-05 9.98506E-05 9.98506E-05 0.208686 0.0853045 0.000863118 0.12522 0.508654
9.97988E-05 9.97988E-05 9.97988E-05 9.97988E-05 9.97988E-05 0.0308631 9.97988E-05 9.97988E-05 9.97988E-05 9.97988E-05 9.97988E-05 9.97988E-05 9.97988E-05 9.97988E-05 9.97988E-05 9.97988E-05 9.97988E-05 9.97988E-05 9.97988E-05 9.97988E-05 9.97988E-05 9.97988E-05 9.97988E-05 9.97988E-05 0.966841
9.98243E-05 9.98243E-05 9.98243E-05 9.98243E-05 9.98243E-05 9.98243E-05 9.98243E-05 0.000338957 9.98243E-05 0.00910842 0.211873 9.98243E-05 9.98243E-05 9.98243E-05 9.98243E-05 9.98243E-05 9.98243E-05 9.98243E-05 9.98243E-05 9.98243E-05 9.98243E-05 9.98243E-05 9.98243E-05 0.145416 0.631268
9.9816E-05 9.9816E-05 9.9816E-05 9.9816E-05 9.9816E-05 9.9816E-05 9.9816E-05 9.9816E-05 9.9816E-05 9.9816E-05 9.9816E-05 9.9816E-05 9.9816E-05 9.9816E-05 0.0215514 9.9816E-05 9.9816E-05 9.9816E-05 9.9816E-05 0.352519 9.9816E-05 9.9816E-05 9.9816E-05 0.0013365 0.622497
0.0297531 9.98595E-05 0.004354 9.98595E-05 9.98595E-05 9.98595E-05 0.0169326 9.98595E-05 9.98595E-05 0.00726982 9.98595E-05 9.98595E-05 9.98595E-05 9.98595E-05 9.98595E-05 9.98595E-05 9.98595E-05 9.98595E-05 0.0675312 0.20251 9.98595E-05 9.98595E-05 0.0522331 0.0734763 0.544342
9.98068E-05 0.0827439 9.98068E-05 9.98068E-05 9.98068E-05 9.98068E-05 9.98068E-05 9.98068E-05 9.98068E-05 9.98068E-05 9.98068E-05 9.98068E-05 9.98068E-05 9.98068E-05 0.0920829 9.98068E-05 9.98068E-05 9.98068E-05 9.98068E-05 9.98068E-05 9.98068E-05 9.98068E-05 9.98068E-05 9.98068E-05 0.822977
9.98247E-05 9.98247E-05 9.98247E-05 9.98247E-05 9.98247E-05 9.98247E-05 9.98247E-05 0.00491517 9.98247E-05 9.98247E-05 9.98247E-05 0.022652 9.98247E-05 9.98247E-05 9.98247E-05 9.98247E-05 9.98247E-05 9.98247E-05 9.98247E-05 9.98247E-05 0.0084962 9.98247E-05 9.98247E-05 0.074046 0.887894
9.97984E-05 9.97984E-05 9.97984E-05 9.97984E-05 9.97984E-05 9.97984E-05 9.97984E-05 9.97984E-05 9.97984E-05 9.97984E-05 0.0175287 9.97984E-05 9.97984E-05 9.97984E-05 9.97984E-05 9.97984E-05 9.97984E-05 9.97984E-05 9.97984E-05 9.97984E-05 9.97984E-05 9.97984E-05 9.97984E-05 9.97984E-05 0.980176
9.97896E-05 9.97896E-05 9.97896E-05 9.97896E-05 9.97896E-05 9.97896E-05 9.97896E-05 9.97896E-05 9.97896E-05 9.97896E-05 9.97896E-05 9.97896E-05 9.97896E-05 9.97896E-05 9.97896E-05 9.97896E-05 9.97896E-05 9.97896E-05 9.97896E-05 9.97896E-05 9.97896E-05 9.97896E-05 9.97896E-05 9.97896E-05 0.997605
9.98071E-05 9.98071E-05 9.98071E-05 9.98071E-05 9.98071E-05 9.98071E-05 9.98071E-05 9.98071E-05 9.98071E-05 9.98071E-05 9.98071E-05 9.98071E-05 9.98071E-05 9.98071E-05 9.98071E-05 9.98071E-05 9.98071E-05 9.98071E-05 9.98071E-05 9.98071E-05 0.000464987 9.98071E-05 0.0808079 9.98071E-05 0.916531
9.98247E-05 9.98247E-05 9.98247E-05 0.176124 9.98247E-05 0.0555825 9.98247E-05 9.98247E-05 9.98247E-05 9.98247E-05 9.98247E-05 0.0961949 9.98247E-05 9.98247E-05 9.98247E-05 9.98247E-05 9.98247E-05 9.98247E-05 9.98247E-05 9.98247E-05 0.0915666 9.98247E-05 9.98247E-05 9.98247E-05 0.578536
9.98157E-05 9.98157E-05 9.98157E-05 9.98157E-05 9.98157E-05 9.98157E-05 9.98157E-05 9.98157E-05 9.98157E-05 9.98157E-05 9.98157E-05 0.0852594 9.98157E-05 9.98157E-05 9.98157E-05 0.783849 9.98157E-05 9.98157E-05 9.98157E-05 0.0463814 0.082414 9.98157E-05 9.98157E-05 9.98157E-05 9.98157E-05
9.98246E-05 9.98246E-05 9.98246E-05 9.98246E-05 9.98246E-05 0.432463 9.98246E-05 9.98246E-05 9.98246E-05 9.98246E-05 9.98246E-05 0.0177478 9.98246E-05 9.98246E-05 9.98246E-05 0.526854 9.98246E-05 9.98246E-05 9.98246E-05 9.98246E-05 0.0149323 9.98246E-05 9.98246E-05 0.00600597 9.98246E-05
9.9807E-05 0.0532615 9.9807E-05 9.9807E-05 9.9807E-05 9.9807E-05 9.9807E-05 9.9807E-05 9.9807E-05 9.9807E-05 9.9807E-05 9.9807E-05 9.9807E-05 9.9807E-05 9.9807E-05 0.88246 9.9807E-05 9.9807E-05 9.9807E-05 9.9807E-05 0.0620823 9.9807E-05 9.9807E-05 9.9807E-05 9.9807E-05
9.98243E-05 9.98243E-05 9.98243E-05 9.98243E-05 9.98243E-05 9.98243E-05 9.98243E-05 9.98243E-05 9.98243E-05 9.98243E-05 9.98243E-05 0.0157425 9.98243E-05 9.98243E-05 0.0163458 0.794159 9.98243E-05 9.98243E-05 9.98243E-05 9.98243E-05 0.122646 9.98243E-05 0.04911 9.98243E-05 9.98243E-05
9.98068E-05 9.98068E-05 9.98068E-05 9.98068E-05 0.0256594 9.98068E-05 9.98068E-05 9.98068E-05 9.98068E-05 9.98068E-05 9.98068E-05 0.0327527 9.98068E-05 9.98068E-05 9.98068E-05 0.939392 9.98068E-05 9.98068E-05 9.98068E-05 9.98068E-05 9.98068E-05 9.98068E-05 9.98068E-05 9.98068E-05 9.98068E-05
9.98157E-05 9.98157E-05 0.0525694 9.98157E-05 9.98157E-05 9.98157E-05 9.98157E-05 9.98157E-05 9.98157E-05 9.98157E-05 9.98157E-05 0.149981 9.98157E-05 9.98157E-05 9.98157E-05 9.98157E-05 9.98157E-05 9.98157E-05 9.98157E-05 0.654166 0.141187 9.98157E-05 9.98157E-05 9.98157E-05 9.98157E-05
9.98245E-05 9.98245E-05 9.98245E-05 9.98245E-05 9.98245E-05 9.98245E-05 9.98245E-05 9.98245E-05 9.98245E-05 9.98245E-05 0.032142 0.0339013 9.98245E-05 9.98245E-05 9.98245E-05 0.88356 9.98245E-05 9.98245E-05 9.98245E-05 9.98245E-05 0.0460737 9.98245E-05 0.00232646 9.98245E-05 9.98245E-05
9.98245E-05 9.98245E-05 9.98245E-05 9.98245E-05 9.98245E-05 9.98245E-05 9.98245E-05 9.98245E-05 9.98245E-05 0.000536541 9.98245E-05 0.172441 9.98245E-05 9.98245E-05 9.98245E-05 0.791958 0.0130123 9.98245E-05 9.98245E-05 9.98245E-05 9.98245E-05 9.98245E-05 0.0200562 9.98245E-05 9.98245E-05
9.98332E-05 0.00384942 9.98332E-05 9.98332E-05 9.98332E-05 9.98332E-05 9.98332E-05 0.212507 9.98332E-05 9.98332E-05 9.98332E-05 0.293939 9.98332E-05 9.98332E-05 0.00467522 0.413043 9.98332E-05 9.98332E-05 9.98332E-05 9.98332E-05 9.98332E-05 9.98332E-05 9.98332E-05 0.0700893 9.98332E-05
9.98245E-05 9.98245E-05 0.0524158 9.98245E-05 9.98245E-05 9.98245E-05 9.98245E-05 9.98245E-05 9.98245E-05 9.98245E-05 9.98245E-05 0.135593 9.98245E-05 9.98245E-05 9.98245E-05 0.45955 9.98245E-05 9.98245E-05 9.98245E-05 0.0505355 0.299909 9.98245E-05 9.98245E-05 9.98245E-05 9.98245E-05
9.98159E-05 9.98159E-05 9.98159E-05 9.98159E-05 9.98159E-05 0.204857 9.98159E-05 0.289024 9.98159E-05 9.98159E-05 9.98159E-05 0.00144759 9.98159E-05 9.98159E-05 9.98159E-05 0.502576 9.98159E-05 9.98159E-05 9.98159E-05 9.98159E-05 9.98159E-05 9.98159E-05 9.98159E-05 9.98159E-05 9.98159E-05
9.98245E-05 9.98245E-05 9.98245E-05 9.98245E-05 9.98245E-05 9.98245E-05 9.98245E-05 0.137067 9.98245E-05 9.98245E-05 9.98245E-05 9.98245E-05 9.98245E-05 9.98245E-05 9.98245E-05 0.1368 9.98245E-05 9.98245E-05 9.98245E-05 0.684519 0.00744219 9.98245E-05 9.98245E-05 0.0321759 9.98245E-05
9.98073E-05 9.98073E-05 9.98073E-05 9.98073E-05 9.98073E-05 0.0276881 9.98073E-05 9.98073E-05 9.98073E-05 9.98073E-05 9.98073E-05 0.0745357 9.98073E-05 9.98073E-05 9.98073E-05 0.89558 9.98073E-05 9.98073E-05 9.98073E-05 9.98073E-05 9.98073E-05 9.98073E-05 9.98073E-05 9.98073E-05 9.98073E-05
9.9816E-05 9.9816E-05 9.9816E-05 9.9816E-05 9.9816E-05 9.9816E-05 9.9816E-05 9.9816E-05 9.9816E-05 9.9816E-05 9.9816E-05 0.0857956 9.9816E-05 9.9816E-05 9.9816E-05 0.143442 9.9816E-05 9.9816E-05 9.9816E-05 0.555775 0.212891 9.9816E-05 9.9816E-05 9.9816E-05 9.9816E-05
9.98597E-05 9.98597E-05 0.0284418 0.0401818 0.0603259 0.0293411 9.98597E-05 9.98597E-05 9.98597E-05 9.98597E-05 9.98597E-05 0.0759429 9.98597E-05 9.98597E-05 0.00975778 0.665683 9.98597E-05 9.98597E-05 9.98597E-05 0.0239214 9.98597E-05 9.98597E-05 0.0648067 9.98597E-05 9.98597E-05
9.98246E-05 9.98246E-05 0.0666448 9.98246E-05 9.98246E-05 9.98246E-05 9.98246E-05 0.0417556 9.98246E-05 9.98246E-05 9.98246E-05 9.98246E-05 9.98246E-05 9.98246E-05 9.98246E-05 0.653899 9.98246E-05 9.98246E-05 9.98246E-05 9.98246E-05 0.0890168 9.98246E-05 9.98246E-05 0.146687 9.98246E-05
9.9842E-05 9.9842E-05 9.9842E-05 0.0434794 9.9842E-05 9.9842E-05 9.9842E-05 0.227722 9.9842E-05 9.9842E-05 9.9842E-05 9.9842E-05 9.9842E-05 9.9842E-05 9.9842E-05 0.366086 9.9842E-05 0.0930489 9.9842E-05 0.144742 0.108021 9.9842E-05 0.0151031 9.9842E-05 9.9842E-05
9.98249E-05 9.98249E-05 0.183496 9.98249E-05 0.0438197 9.98249E-05 9.98249E-05 9.98249E-05 9.98249E-05 9.98249E-05 9.98249E-05 0.0883691 9.98249E-05 9.98249E-05 9.98249E-05 0.58144 9.98249E-05 9.98249E-05 9.98249E-05 0.100879 9.98249E-05 9.98249E-05 9.98249E-05 9.98249E-05 9.98249E-05
9.98159E-05 9.98159E-05 9.98159E-05 9.98159E-05 9.98159E-05 0.00355124 9.98159E-05 0.0154837 9.98159E-05 9.98159E-05 9.98159E-05 9.98159E-05 9.98159E-05 9.98159E-05 9.98159E-05 0.93625 9.98159E-05 0.042619 9.98159E-05 9.98159E-05 9.98159E-05 9.98159E-05 9.98159E-05 9.98159E-05 9.98159E-05
9.98421E-05 9.98421E-05 9.98421E-05 9.98421E-05 9.98421E-05 0.230532 9.98421E-05 9.98421E-05 9.98421E-05 9.98421E-05 9.98421E-05 0.127241 9.98421E-05 9.98421E-05 9.98421E-05 0.366777 9.98421E-05 0.079563 9.98421E-05 9.98421E-05 0.0552138 9.98421E-05 9.98421E-05 0.0924862 0.0463897
9.98422E-05 9.98422E-05 0.0460185 9.98422E-05 0.00109698 9.98422E-05 9.98422E-05 0.0539517 9.98422E-05 9.98422E-05 9.98422E-05 9.98422E-05 9.98422E-05 9.98422E-05 9.98422E-05 0.586822 9.98422E-05 9.98422E-05 9.98422E-05 0.152699 0.150284 9.98422E-05 0.00733028 9.98422E-05 9.98422E-05
9.98245E-05 9.98245E-05 9.98245E-05 9.98245E-05 9.98245E-05 9.98245E-05 9.98245E-05 9.98245E-05 9.98245E-05 9.98245E-05 9.98245E-05 0.0809097 9.98245E-05 9.98245E-05 9.98245E-05 0.804758 9.98245E-05 9.98245E-05 0.0276998 9.98245E-05 0.0684074 9.98245E-05 9.98245E-05 0.0162288 9.98245E-05
9.98243E-05 9.98243E-05 9.98243E-05 9.98243E-05 0.0209031 9.98243E-05 9.98243E-05 9.98243E-05 9.98243E-05 9.98243E-05 9.98243E-05 0.186524 9.98243E-05 9.98243E-05 9.98243E-05 9.98243E-05 9.98243E-05 0.0163435 9.98243E-05 0.613945 0.160288 9.98243E-05 9.98243E-05 9.98243E-05 9.98243E-05
9.98159E-05 9.98159E-05 9.98159E-05 9.98159E-05 0.0547719 0.0957084 9.98159E-05 9.98159E-05 9.98159E-05 9.98159E-05 9.98159E-05 0.161345 9.98159E-05 9.98159E-05 9.98159E-05 0.686079 9.98159E-05 9.98159E-05 9.98159E-05 9.98159E-05 9.98159E-05 9.98159E-05 9.98159E-05 9.98159E-05 9.98159E-05
9.98156E-05 9.98156E-05 9.98156E-05 9.98156E-05 9.98156E-05 9.98156E-05 0.0248669 9.98156E-05 9.98156E-05 9.98156E-05 9.98156E-05 0.212904 9.98156E-05 9.98156E-05 9.98156E-05 9.98156E-05 9.98156E-05 9.98156E-05 9.98156E-05 0.633149 0.126984 9.98156E-05 9.98156E-05 9.98156E-05 9.98156E-05
9.98335E-05 9.98335E-05 9.98335E-05 9.98335E-05 9.98335E-05 0.202559 9.98335E-05 0.0991671 9.98335E-05 9.98335E-05 9.98335E-05 0.0872323 9.98335E-05 9.98335E-05 9.98335E-05 0.400399 9.98335E-05 9.98335E-05 9.98335E-05 9.98335E-05 0.117661 9.98335E-05 9.98335E-05 9.98335E-05 0.0910847
0.00992861 9.98421E-05 9.98421E-05 9.98421E-05 0.0880356 0.572406 0.0977097 9.98421E-05 0.0020137 9.98421E-05 9.98421E-05 9.98421E-05 9.98421E-05 9.98421E-05 9.98421E-05 0.185242 9.98421E-05 9.98421E-05 9.98421E-05 9.98421E-05 0.0428672 9.98421E-05 9.98421E-05 9.98421E-05 9.98421E-05
9.98066E-05 9.98066E-05 9.98066E-05 9.98066E-05 9.98066E-05 9.98066E-05 9.98066E-05 9.98066E-05 9.98066E-05 9.98066E-05 9.98066E-05 0.0199088 9.98066E-05 9.98066E-05 9.98066E-05 0.905141 9.98066E-05 9.98066E-05 9.98066E-05 9.98066E-05 0.0727543 9.98066E-05 9.98066E-05 9.98066E-05 9.98066E-05
9.9816E-05 9.9816E-05 9.9816E-05 9.9816E-05 9.9816E-05 9.9816E-05 9.9816E-05 0.0041253 9.9816E-05 9.9816E-05 9.9816E-05 0.228652 9.9816E-05 9.9816E-05 9.9816E-05 0.554725 9.9816E-05 9.9816E-05 9.9816E-05 9.9816E-05 0.210401 9.9816E-05 9.9816E-05 9.9816E-05 9.9816E-05
9.98159E-05 9.98159E-05 9.98159E-05 9.98159E-05 0.124866 9.98159E-05 9.98159E-05 9.98159E-05 9.98159E-05 9.98159E-05 9.98159E-05 9.98159E-05 9.98159E-05 9.98159E-05 9.98159E-05 0.328217 9.98159E-05 9.98159E-05 9.98159E-05 0.521113 0.0237079 9.98159E-05 9.98159E-05 9.98159E-05 9.98159E-05
9.98335E-05 9.98335E-05 9.98335E-05 9.98335E-05 9.98335E-05 9.98335E-05 9.98335E-05 9.98335E-05 9.98335E-05 9.98335E-05 0.00821791 0.037579 9.98335E-05 0.0832681 0.0510607 0.699126 9.98335E-05 9.98335E-05 9.98335E-05 9.98335E-05 0.118852 9.98335E-05 9.98335E-05 9.98335E-05 9.98335E-05
9.97983E-05 9.97983E-05 9.97983E-05 9.97983E-05 9.97983E-05 9.97983E-05 9.97983E-05 9.97983E-05 9.97983E-05 9.97983E-05 9.97983E-05 9.97983E-05 9.97983E-05 9.97983E-05 9.97983E-05 0.817305 9.97983E-05 9.97983E-05 9.97983E-05 9.97983E-05 9.97983E-05 0.1804 9.97983E-05 9.97983E-05 9.97983E-05
9.98331E-05 9.98331E-05 9.98331E-05 9.98331E-05 0.156532 9.98331E-05 9.98331E-05 9.98331E-05 9.98331E-05 9.98331E-05 9.98331E-05 0.273707 9.98331E-05 9.98331E-05 9.98331E-05 0.328976 9.98331E-05 0.0538949 9.98331E-05 0.00125084 0.183742 9.98331E-05 9.98331E-05 9.98331E-05 9.98331E-05
9.9798E-05 9.9798E-05 9.9798E-05 9.9798E-05 9.9798E-05 9.9798E-05 9.9798E-05 9.9798E-05 9.9798E-05 9.9798E-05 0.119822 9.9798E-05 9.9798E-05 9.9798E-05 9.9798E-05 0.877883 9.9798E-05 9.9798E-05 9.9798E-05 9.9798E-05 9.9798E-05 9.9798E-05 9.9798E-05 9.9798E-05 9.9798E-05
9.97984E-05 9.97984E-05 0.0576584 9.97984E-05 9.97984E-05 9.97984E-05 9.97984E-05 9.97984E-05 9.97984E-05 9.97984E-05 9.97984E-05 9.97984E-05 9.97984E-05 9.97984E-05 9.97984E-05 0.940046 9.97984E-05 9.97984E-05 9.97984E-05 9.97984E-05 9.97984E-05 9.97984E-05 9.97984E-05 9.97984E-05 9.97984E-05
9.98245E-05 9.98245E-05 0.081247 9.98245E-05 9.98245E-05 0.116892 9.98245E-05 9.98245E-05 9.98245E-05 9.98245E-05 9.98245E-05 0.017226 9.98245E-05 9.98245E-05 9.98245E-05 0.672295 9.98245E-05 9.98245E-05 9.98245E-05 9.98245E-05 9.98245E-05 9.98245E-05 9.98245E-05 0.110343 9.98245E-05
9.98242E-05 0.0398341 9.98242E-05 9.98242E-05 9.98242E-05 9.98242E-05 9.98242E-05 9.98242E-05 9.98242E-05 9.98242E-05 9.98242E-05 0.0897558 9.98242E-05 9.98242E-05 9.98242E-05 0.680771 9.98242E-05 9.98242E-05 9.98242E-05 9.98242E-05 0.176845 9.98242E-05 0.0107982 9.98242E-05 9.98242E-05
9.98157E-05 9.98157E-05 9.98157E-05 9.98157E-05 9.98157E-05 0.513014 9.98157E-05 9.98157E-05 9.98157E-05 9.98157E-05 9.98157E-05 0.0735393 9.98157E-05 9.98157E-05 9.98157E-05 0.184834 9.98157E-05 9.98157E-05 9.98157E-05 0.226516 9.98157E-05 9.98157E-05 9.98157E-05 9.98157E-05 9.98157E-05
9.98246E-05 0.0121566 9.98246E-05 9.98246E-05 9.98246E-05 0.0660511 9.98246E-05 9.98246E-05 9.98246E-05 9.98246E-05 9.98246E-05 9.98246E-05 9.98246E-05 9.98246E-05 9.98246E-05 0.00176924 9.98246E-05 0.0246495 9.98246E-05 0.893377 9.98246E-05 9.98246E-05 9.98246E-05 9.98246E-05 9.98246E-05
9.98162E-05 9.98162E-05 0.0578266 9.98162E-05 0.0311068 0.228239 9.98162E-05 9.98162E-05 9.98162E-05 9.98162E-05 9.98162E-05 9.98162E-05 9.98162E-05 9.98162E-05 9.98162E-05 0.680731 9.98162E-05 9.98162E-05 9.98162E-05 9.98162E-05 9.98162E-05 9.98162E-05 9.98162E-05 9.98162E-05 9.98162E-05
9.98248E-05 9.98248E-05 9.98248E-05 9.98248E-05 9.98248E-05 0.376599 9.98248E-05 9.98248E-05 9.98248E-05 9.98248E-05 9.98248E-05 0.0061893 9.98248E-05 9.98248E-05 9.98248E-05 0.399794 9.98248E-05 0.0585586 9.98248E-05 0.156863 9.98248E-05 9.98248E-05 9.98248E-05 9.98248E-05 9.98248E-05
9.98596E-05 0.0354528 9.98596E-05 9.98596E-05 9.98596E-05 9.98596E-05 9.98596E-05 0.100258 9.98596E-05 9.98596E-05 9.98596E-05 0.0349382 9.98596E-05 9.98596E-05 0.00512668 0.489212 9.98596E-05 0.0204012 9.98596E-05 0.0632493 0.240298 9.98596E-05 9.98596E-05 0.00946696 9.98596E-05
9.98159E-05 9.98159E-05 9.98159E-05 9.98159E-05 0.0317048 9.98159E-05 9.98159E-05 0.0010574 9.98159E-05 9.98159E-05 9.98159E-05 0.109895 9.98159E-05 9.98159E-05 9.98159E-05 0.855247 9.98159E-05 9.98159E-05 9.98159E-05 9.98159E-05 9.98159E-05 9.98159E-05 9.98159E-05 9.98159E-05 9.98159E-05
9.98507E-05 9.98507E-05 9.98507E-05 0.104114 0.00805237 0.557807 9.98507E-05 9.98507E-05 9.98507E-05 9.98507E-05 9.98507E-05 0.0833993 9.98507E-05 9.98507E-05 9.98507E-05 9.98507E-05 9.98507E-05 0.0762557 0.00774205 0.0869062 0.0740266 9.98507E-05 9.98507E-05 9.98507E-05 9.98507E-05
9.98072E-05 9.98072E-05 9.98072E-05 9.98072E-05 9.98072E-05 0.430766 9.98072E-05 9.98072E-05 9.98072E-05 9.98072E-05 9.98072E-05 9.98072E-05 9.98072E-05 9.98072E-05 9.98072E-05 0.53207 9.98072E-05 9.98072E-05 9.98072E-05 9.98072E-05 0.0349683 9.98072E-05 9.98072E-05 9.98072E-05 9.98072E-05
9.9842E-05 9.9842E-05 9.9842E-05 9.9842E-05 9.9842E-05 9.9842E-05 9.9842E-05 0.115493 9.9842E-05 9.9842E-05 0.0132644 0.154195 9.9842E-05 9.9842E-05 9.9842E-05 0.467548 9.9842E-05 0.149636 9.9842E-05 0.0590101 9.9842E-05 9.9842E-05 0.0390566 9.9842E-05 9.9842E-05
9.98159E-05 0.0396205 9.98159E-05 9.98159E-05 9.98159E-05 9.98159E-05 9.98159E-05 9.98159E-05 9.98159E-05 9.98159E-05 9.98159E-05 0.0941653 9.98159E-05 9.98159E-05 9.98159E-05 0.592805 9.98159E-05 9.98159E-05 9.98159E-05 9.98159E-05 9.98159E-05 9.98159E-05 9.98159E-05 9.98159E-05 0.271313
9.98335E-05 0.0488171 9.98335E-05 0.321739 9.98335E-05 9.98335E-05 0.0607494 9.98335E-05 9.98335E-05 9.98335E-05 9.98335E-05 0.149055 9.98335E-05 9.98335E-05 9.98335E-05 0.374512 9.98335E-05 9.98335E-05 9.98335E-05 9.98335E-05 9.98335E-05 0.0432306 9.98335E-05 9.98335E-05 9.98335E-05
9.98159E-05 9.98159E-05 9.98159E-05 9.98159E-05 9.98159E-05 9.98159E-05 9.98159E-05 9.98159E-05 9.98159E-05 9.98159E-05 0.0687988 0.24742 9.98159E-05 9.98159E-05 9.98159E-05 0.482166 9.98159E-05 9.98159E-05 9.98159E-05 9.98159E-05 0.19952 9.98159E-05 9.98159E-05 9.98159E-05 9.98159E-05
9.98158E-05 9.98158E-05 9.98158E-05 9.98158E-05 9.98158E-05 0.396804 9.98158E-05 9.98158E-05 9.98158E-05 9.98158E-05 9.98158E-05 9.98158E-05 9.98158E-05 9.98158E-05 9.98158E-05 0.397866 9.98158E-05 9.98158E-05 9.98158E-05 0.183397 0.0198373 9.98158E-05 9.98158E-05 9.98158E-05 9.98158E-05
9.98244E-05 9.98244E-05 0.0178382 9.98244E-05 9.98244E-05 9.98244E-05 9.98244E-05 9.98244E-05 0.0309543 9.98244E-05 9.98244E-05 9.98244E-05 9.98244E-05 9.98244E-05 9.98244E-05 0.724334 0.14098 9.98244E-05 9.98244E-05 9.98244E-05 0.0838978 9.98244E-05 9.98244E-05 9.98244E-05 9.98244E-05
9.98246E-05 9.98246E-05 9.98246E-05 9.98246E-05 0.0539538 0.472272 9.98246E-05 9.98246E-05 9.98246E-05 9.98246E-05 9.98246E-05 0.0955428 9.98246E-05 9.98246E-05 9.98246E-05 0.367221 9.98246E-05 9.98246E-05 9.98246E-05 9.98246E-05 9.98246E-05 9.98246E-05 9.98246E-05 9.98246E-05 0.00901315
