0.219458 9.98333E-05 9.98333E-05 0.313111 9.98333E-05 9.98333E-05 9.98333E-05 9.98333E-05 9.98333E-05 9.98333E-05 9.98333E-05 9.98333E-05 0.0222771 9.98333E-05 0.0441923 0.0373408 9.98333E-05 0.314432 9.98333E-05 9.98333E-05 0.0441218 9.98333E-05 9.98333E-05 9.98333E-05 9.98333E-05 0.00316973 9.98333E-05
9.98246E-05 9.98246E-05 9.98246E-05 0.08386 9.98246E-05 9.98246E-05 0.0739943 9.98246E-05 9.98246E-05 9.98246E-05 9.98246E-05 9.98246E-05 0.0895714 9.98246E-05 9.98246E-05 0.0159001 9.98246E-05 0.597128 9.98246E-05 9.98246E-05 9.98246E-05 0.0517594 9.98246E-05 9.98246E-05 9.98246E-05 9.98246E-05 0.0857905
9.98158E-05 9.98158E-05 9.98158E-05 9.98158E-05 9.98158E-05 9.98158E-05 9.98158E-05 0.0409353 0.0985356 9.98158E-05 9.98158E-05 9.98158E-05 9.98158E-05 0.0147874 0.0217586 9.98158E-05 0.0176175 0.804269 9.98158E-05 9.98158E-05 9.98158E-05 9.98158E-05 9.98158E-05 9.98158E-05 9.98158E-05 9.98158E-05 9.98158E-05
0.124569 9.98422E-05 9.98422E-05 0.0209447 9.98422E-05 0.0217834 9.98422E-05 9.98422E-05 0.284982 9.98422E-05 9.98422E-05 9.98422E-05 9.98422E-05 9.98422E-05 0.021264 0.0896529 9.98422E-05 0.154624 9.98422E-05 9.98422E-05 9.98422E-05 0.21662 9.98422E-05 9.98422E-05 9.98422E-05 9.98422E-05 0.0637624
9.97983E-05 0.0474716 9.97983E-05 9.97983E-05 9.97983E-05 9.97983E-05 9.97983E-05 9.97983E-05 9.97983E-05 9.97983E-05 9.97983E-05 9.97983E-05 9.97983E-05 9.97983E-05 9.97983E-05 0.00986843 9.97983E-05 0.757565 9.97983E-05 9.97983E-05 9.97983E-05 9.97983E-05 0.1828 9.97983E-05 9.97983E-05 9.97983E-05 9.97983E-05
9.98421E-05 0.1197 0.0428155 0.12043 9.98421E-05 0.157037 9.98421E-05 9.98421E-05 0.0508509 9.98421E-05 9.98421E-05 0.0605367 9.98421E-05 9.98421E-05 9.98421E-05 0.000194023 9.98421E-05 0.204198 9.98421E-05 9.98421E-05 9.98421E-05 9.98421E-05 0.242441 9.98421E-05 9.98421E-05 9.98421E-05 9.98421E-05
0.149857 9.98423E-05 9.98423E-05 0.0505899 0.0252661 9.98423E-05 0.0974114 0.0961119 9.98423E-05 9.98423E-05 9.98423E-05 9.98423E-05 0.152099 9.98423E-05 9.98423E-05 9.98423E-05 9.98423E-05 0.243783 9.98423E-05 9.98423E-05 9.98423E-05 0.0867105 9.98423E-05 9.98423E-05 9.98423E-05 9.98423E-05 0.0963738
0.265073 9.98422E-05 0.131601 0.161758 9.98422E-05 0.0854465 9.98422E-05 9.98422E-05 9.98422E-05 9.98422E-05 9.98422E-05 0.0962642 9.98422E-05 9.98422E-05 9.98422E-05 9.98422E-05 0.0559654 0.106094 9.98422E-05 9.98422E-05 0.0201667 9.98422E-05 0.0758334 9.98422E-05 9.98422E-05 9.98422E-05 9.98422E-05
9.98246E-05 9.98246E-05 9.98246E-05 9.98246E-05 0.136003 0.193496 9.98246E-05 9.98246E-05 9.98246E-05 9.98246E-05 9.98246E-05 9.98246E-05 0.0614359 9.98246E-05 0.282681 9.98246E-05 9.98246E-05 0.250916 9.98246E-05 9.98246E-05 9.98246E-05 9.98246E-05 0.00116297 9.98246E-05 9.98246E-05 0.0723078 9.98246E-05
9.9807E-05 0.00713792 9.9807E-05 9.9807E-05 9.9807E-05 9.9807E-05 9.9807E-05 9.9807E-05 9.9807E-05 9.9807E-05 9.9807E-05 9.9807E-05 9.9807E-05 9.9807E-05 0.107609 9.9807E-05 9.9807E-05 0.839963 9.9807E-05 9.9807E-05 9.9807E-05 9.9807E-05 9.9807E-05 9.9807E-05 0.0243704 0.0187238 9.9807E-05
0.0653014 9.98158E-05 9.98158E-05 0.197045 9.98158E-05 0.00296583 9.98158E-05 9.98158E-05 9.98158E-05 9.98158E-05 9.98158E-05 9.98158E-05 9.98158E-05 9.98158E-05 0.1908 9.98158E-05 9.98158E-05 0.397251 9.98158E-05 9.98158E-05 9.98158E-05 9.98158E-05 9.98158E-05 9.98158E-05 9.98158E-05 9.98158E-05 0.14454
9.98071E-05 9.98071E-05 9.98071E-05 9.98071E-05 9.98071E-05 9.98071E-05 9.98071E-05 9.98071E-05 9.98071E-05 9.98071E-05 9.98071E-05 0.0119336 9.98071E-05 9.98071E-05 9.98071E-05 9.98071E-05 9.98071E-05 0.871923 0.0415782 9.98071E-05 9.98071E-05 0.0623208 9.98071E-05 9.98071E-05 9.98071E-05 9.98071E-05 0.0100491
0.155808 9.9807E-05 9.9807E-05 0.103604 9.9807E-05 9.9807E-05 0.0296312 9.9807E-05 9.9807E-05 9.9807E-05 9.9807E-05 9.9807E-05 9.9807E-05 9.9807E-05 0.0475563 9.9807E-05 9.9807E-05 0.661205 9.9807E-05 9.9807E-05 9.9807E-05 9.9807E-05 9.9807E-05 9.9807E-05 9.9807E-05 9.9807E-05 9.9807E-05
0.0973189 9.98244E-05 0.0260705 9.98244E-05 9.98244E-05 9.98244E-05 9.98244E-05 9.98244E-05 9.98244E-05 9.98244E-05 9.98244E-05 9.98244E-05 9.98244E-05 9.98244E-05 0.0194131 9.98244E-05 9.98244E-05 0.408071 0.0661331 0.321019 9.98244E-05 9.98244E-05 9.98244E-05 9.98244E-05 9.98244E-05 9.98244E-05 0.0599781
0.0833551 9.9842E-05 0.0414983 0.171309 0.0225623 0.113794 9.9842E-05 9.9842E-05 0.0783557 9.9842E-05 9.9842E-05 9.9842E-05 9.9842E-05 0.174891 0.121781 9.9842E-05 9.9842E-05 0.190656 9.9842E-05 9.9842E-05 9.9842E-05 9.9842E-05 9.9842E-05 9.9842E-05 9.9842E-05 9.9842E-05 9.9842E-05
0.123869 9.98508E-05 9.98508E-05 0.10014 9.98508E-05 0.128027 9.98508E-05 9.98508E-05 9.98508E-05 9.98508E-05 9.98508E-05 9.98508E-05 9.98508E-05 9.98508E-05 0.0913387 0.0303026 0.113547 0.188136 9.98508E-05 9.98508E-05 0.0238282 0.0830478 0.116067 9.98508E-05 9.98508E-05 9.98508E-05 9.98508E-05
0.0834106 9.98335E-05 9.98335E-05 9.98335E-05 9.98335E-05 9.98335E-05 9.98335E-05 9.98335E-05 9.98335E-05 9.98335E-05 9.98335E-05 9.98335E-05 0.0510871 0.292375 0.0455707 9.98335E-05 9.98335E-05 0.418973 9.98335E-05 9.98335E-05 0.029673 0.0568996 9.98335E-05 9.98335E-05 9.98335E-05 9.98335E-05 0.0201145
0.186071 9.98422E-05 9.98422E-05 0.263578 9.98422E-05 9.98422E-05 9.98422E-05 9.98422E-05 0.0693008 0.163663 9.98422E-05 9.98422E-05 9.98422E-05 9.98422E-05 0.0570353 9.98422E-05 9.98422E-05 0.0860775 9.98422E-05 9.98422E-05 9.98422E-05 9.98422E-05 0.038571 9.98422E-05 0.105257 0.0286497 9.98422E-05
0.180404 0.167392 9.98245E-05 0.0244936 9.98245E-05 0.0601246 9.98245E-05 9.98245E-05 9.98245E-05 9.98245E-05 9.98245E-05 9.98245E-05 9.98245E-05 9.98245E-05 0.205187 9.98245E-05 9.98245E-05 0.305977 9.98245E-05 9.98245E-05 0.0544259 9.98245E-05 9.98245E-05 9.98245E-05 9.98245E-05 9.98245E-05 9.98245E-05
9.97896E-05 9.97896E-05 9.97896E-05 9.97896E-05 9.97896E-05 9.97896E-05 9.97896E-05 9.97896E-05 9.97896E-05 9.97896E-05 9.97896E-05 9.97896E-05 9.97896E-05 9.97896E-05 0.0313614 0.051047 9.97896E-05 0.915197 9.97896E-05 9.97896E-05 9.97896E-05 9.97896E-05 9.97896E-05 9.97896E-05 9.97896E-05 9.97896E-05 9.97896E-05
9.98246E-05 9.98246E-05 9.98246E-05 9.98246E-05 0.259379 0.0657442 9.98246E-05 9.98246E-05 9.98246E-05 9.98246E-05 9.98246E-05 9.98246E-05 9.98246E-05 9.98246E-05 0.0713136 9.98246E-05 9.98246E-05 0.359998 0.129118 9.98246E-05 9.98246E-05 9.98246E-05 0.0666458 9.98246E-05 9.98246E-05 9.98246E-05 0.0458047
0.447517 0.131701 0.00398042 9.98335E-05 9.98335E-05 0.102422 0.0593099 9.98335E-05 0.0104817 9.98335E-05 9.98335E-05 0.089309 9.98335E-05 9.98335E-05 9.98335E-05 9.98335E-05 9.98335E-05 0.153382 9.98335E-05 9.98335E-05 9.98335E-05 9.98335E-05 9.98335E-05 9.98335E-05 9.98335E-05 9.98335E-05 9.98335E-05
9.9807E-05 9.9807E-05 9.9807E-05 0.307898 9.9807E-05 9.9807E-05 9.9807E-05 9.9807E-05 9.9807E-05 9.9807E-05 9.9807E-05 9.9807E-05 9.9807E-05 9.9807E-05 0.0932014 9.9807E-05 9.9807E-05 0.492157 9.9807E-05 9.9807E-05 9.9807E-05 9.9807E-05 0.0748457 9.9807E-05 9.9807E-05 9.9807E-05 0.0297021
0.326198 9.98246E-05 9.98246E-05 0.0483574 9.98246E-05 9.98246E-05 9.98246E-05 9.98246E-05 0.0917331 9.98246E-05 9.98246E-05 9.98246E-05 9.98246E-05 9.98246E-05 0.219188 9.98246E-05 0.0288791 0.256137 0.02751 9.98246E-05 9.98246E-05 9.98246E-05 9.98246E-05 9.98246E-05 9.98246E-05 9.98246E-05 9.98246E-05
0.097978 9.98246E-05 9.98246E-05 9.98246E-05 9.98246E-05 0.0554854 9.98246E-05 9.98246E-05 0.278266 9.98246E-05 9.98246E-05 9.98246E-05 9.98246E-05 9.98246E-05 0.219175 0.127706 9.98246E-05 0.215414 0.00397882 9.98246E-05 9.98246E-05 9.98246E-05 9.98246E-05 9.98246E-05 9.98246E-05 9.98246E-05 9.98246E-05
0.0675231 9.98159E-05 9.98159E-05 9.98159E-05 0.0504636 9.98159E-05 9.98159E-05 9.98159E-05 0.0529593 9.98159E-05 9.98159E-05 9.98159E-05 9.98159E-05 0.0667377 0.163728 9.98159E-05 9.98159E-05 0.596492 9.98159E-05 9.98159E-05 9.98159E-05 9.98159E-05 9.98159E-05 9.98159E-05 9.98159E-05 9.98159E-05 9.98159E-05
0.243421 9.98159E-05 9.98159E-05 9.98159E-05 9.98159E-05 9.98159E-05 0.207273 9.98159E-05 0.370746 9.98159E-05 9.98159E-05 9.98159E-05 9.98159E-05 9.98159E-05 0.0424576 9.98159E-05 0.0174675 9.98159E-05 9.98159E-05 9.98159E-05 9.98159E-05 9.98159E-05 9.98159E-05 9.98159E-05 0.116539 9.98159E-05 9.98159E-05
0.105139 0.0115662 9.98246E-05 9.98246E-05 9.98246E-05 9.98246E-05 9.98246E-05 9.98246E-05 0.0206064 9.98246E-05 0.0543174 9.98246E-05 9.98246E-05 9.98246E-05 0.0269391 9.98246E-05 9.98246E-05 0.695234 9.98246E-05 9.98246E-05 9.98246E-05 0.0842004 9.98246E-05 9.98246E-05 9.98246E-05 9.98246E-05 9.98246E-05
0.0232197 9.98335E-05 9.98335E-05 0.114449 9.98335E-05 9.98335E-05 9.98335E-05 9.98335E-05 0.149656 9.98335E-05 9.98335E-05 9.98335E-05 9.98335E-05 9.98335E-05 0.171151 0.0343024 9.98335E-05 0.457928 9.98335E-05 9.98335E-05 9.98335E-05 0.0274237 9.98335E-05 9.98335E-05 9.98335E-05 9.98335E-05 0.0199734
9.98069E-05 9.98069E-05 9.98069E-05 9.98069E-05 9.98069E-05 9.98069E-05 9.98069E-05 0.0116304 9.98069E-05 9.98069E-05 9.98069E-05 9.98069E-05 9.98069E-05 0.422929 9.98069E-05 9.98069E-05 9.98069E-05 0.508022 9.98069E-05 9.98069E-05 0.0439035 9.98069E-05 9.98069E-05 9.98069E-05 9.98069E-05 0.0113185 9.98069E-05
9.98334E-05 0.0190689 9.98334E-05 0.0511816 9.98334E-05 0.0745801 0.00108485 9.98334E-05 9.98334E-05 9.98334E-05 9.98334E-05 9.98334E-05 9.98334E-05 9.98334E-05 9.98334E-05 9.98334E-05 9.98334E-05 0.552778 9.98334E-05 9.98334E-05 0.0154338 0.0707754 9.98334E-05 9.98334E-05 9.98334E-05 9.98334E-05 0.2132
0.0942848 0.0424841 9.98423E-05 0.0143587 0.0061361 9.98423E-05 9.98423E-05 9.98423E-05 0.0541457 9.98423E-05 9.98423E-05 9.98423E-05 9.98423E-05 9.98423E-05 0.0963421 9.98423E-05 9.98423E-05 0.481695 9.98423E-05 9.98423E-05 9.98423E-05 9.98423E-05 0.100091 9.98423E-05 9.98423E-05 9.98423E-05 0.108666
0.105162 9.98332E-05 9.98332E-05 0.120548 9.98332E-05 9.98332E-05 9.98332E-05 9.98332E-05 0.024331 9.98332E-05 9.98332E-05 9.98332E-05 9.98332E-05 9.98332E-05 0.197931 9.98332E-05 9.98332E-05 0.29774 0.0795545 0.119713 9.98332E-05 9.98332E-05 9.98332E-05 9.98332E-05 9.98332E-05 9.98332E-05 0.0531258
0.0759268 9.9842E-05 9.9842E-05 9.9842E-05 9.9842E-05 9.9842E-05 9.9842E-05 9.9842E-05 0.117655 9.9842E-05 9.9842E-05 9.9842E-05 9.9842E-05 0.0398357 0.124821 9.9842E-05 9.9842E-05 0.441703 0.0782022 9.9842E-05 9.9842E-05 9.9842E-05 9.9842E-05 0.0974356 0.0125489 9.9842E-05 0.0100747
9.98159E-05 9.98159E-05 9.98159E-05 9.98159E-05 9.98159E-05 9.98159E-05 0.0745758 9.98159E-05 9.98159E-05 9.98159E-05 9.98159E-05 9.98159E-05 0.0598808 9.98159E-05 0.0337299 0.117465 9.98159E-05 0.677376 9.98159E-05 9.98159E-05 9.98159E-05 9.98159E-05 9.98159E-05 9.98159E-05 9.98159E-05 9.98159E-05 0.034876
0.00168704 9.98335E-05 9.98335E-05 0.169825 0.142256 0.00347709 0.0958525 9.98335E-05 9.98335E-05 9.98335E-05 9.98335E-05 9.98335E-05 9.98335E-05 9.98335E-05 0.00582891 9.98335E-05 9.98335E-05 0.509159 9.98335E-05 9.98335E-05 9.98335E-05 0.0700181 9.98335E-05 9.98335E-05 9.98335E-05 9.98335E-05 9.98335E-05
9.97984E-05 0.195583 9.97984E-05 9.97984E-05 9.97984E-05 9.97984E-05 9.97984E-05 9.97984E-05 9.97984E-05 0.0121352 9.97984E-05 9.97984E-05 0.0155956 9.97984E-05 9.97984E-05 9.97984E-05 9.97984E-05 0.77439 9.97984E-05 9.97984E-05 9.97984E-05 9.97984E-05 9.97984E-05 9.97984E-05 9.97984E-05 9.97984E-05 9.97984E-05
9.98159E-05 9.98159E-05 9.98159E-05 9.98159E-05 9.98159E-05 0.160122 9.98159E-05 9.98159E-05 9.98159E-05 9.98159E-05 9.98159E-05 9.98159E-05 0.0330496 9.98159E-05 0.0559664 0.0793146 9.98159E-05 0.55529 9.98159E-05 0.114162 9.98159E-05 9.98159E-05 9.98159E-05 9.98159E-05 9.98159E-05 9.98159E-05 9.98159E-05
0.0375615 9.98334E-05 9.98334E-05 9.98334E-05 9.98334E-05 9.98334E-05 9.98334E-05 9.98334E-05 9.98334E-05 9.98334E-05 9.98334E-05 0.0415057 0.0411593 0.341257 0.152476 9.98334E-05 9.98334E-05 0.37229 0.0115964 9.98334E-05 9.98334E-05 9.98334E-05 9.98334E-05 9.98334E-05 9.98334E-05 9.98334E-05 0.000257648
0.0160499 0.0175244 9.98334E-05 9.98334E-05 9.98334E-05 9.98334E-05 9.98334E-05 0.0294618 0.208675 9.98334E-05 9.98334E-05 9.98334E-05 9.98334E-05 9.98334E-05 0.128265 9.98334E-05 0.0554322 0.536257 0.00643754 9.98334E-05 9.98334E-05 9.98334E-05 9.98334E-05 9.98334E-05 9.98334E-05 9.98334E-05 9.98334E-05
0.117607 0.00651569 9.98158E-05 9.98158E-05 9.98158E-05 9.98158E-05 0.0523313 9.98158E-05 9.98158E-05 9.98158E-05 9.98158E-05 9.98158E-05 9.98158E-05 9.98158E-05 0.0705943 9.98158E-05 9.98158E-05 0.742427 9.98158E-05 9.98158E-05 9.98158E-05 9.98158E-05 9.98158E-05 9.98158E-05 9.98158E-05 9.98158E-05 0.00842828
0.195408 9.98249E-05 9.98249E-05 0.0098357 9.98249E-05 0.0374207 0.11324 9.98249E-05 9.98249E-05 9.98249E-05 9.98249E-05 9.98249E-05 0.0255513 9.98249E-05 0.06448 9.98249E-05 9.98249E-05 0.552068 9.98249E-05 9.98249E-05 9.98249E-05 9.98249E-05 9.98249E-05 9.98249E-05 9.98249E-05 9.98249E-05 9.98249E-05
0.0803828 0.0066325 9.98245E-05 9.98245E-05 9.98245E-05 9.98245E-05 0.129162 9.98245E-05 9.98245E-05 9.98245E-05 9.98245E-05 9.98245E-05 9.98245E-05 0.0136249 9.98245E-05 9.98245E-05 0.0242252 0.63203 9.98245E-05 0.111946 9.98245E-05 9.98245E-05 9.98245E-05 9.98245E-05 9.98245E-05 9.98245E-05 9.98245E-05
0.0902772 9.98334E-05 9.98334E-05 0.188359 9.98334E-05 0.0682749 9.98334E-05 9.98334E-05 9.98334E-05 9.98334E-05 9.98334E-05 9.98334E-05 9.98334E-05 9.98334E-05 0.154774 9.98334E-05 9.98334E-05 0.286484 9.98334E-05 9.98334E-05 9.98334E-05 9.98334E-05 0.0886954 9.98334E-05 9.98334E-05 0.0700395 0.0511992
0.510151 0.0365083 9.98072E-05 9.98072E-05 9.98072E-05 9.98072E-05 9.98072E-05 9.98072E-05 9.98072E-05 9.98072E-05 9.98072E-05 9.98072E-05 9.98072E-05 9.98072E-05 0.171542 9.98072E-05 9.98072E-05 0.210789 9.98072E-05 9.98072E-05 9.98072E-05 0.0688143 9.98072E-05 9.98072E-05 9.98072E-05 9.98072E-05 9.98072E-05
0.0313757 0.034976 9.98157E-05 9.98157E-05 9.98157E-05 9.98157E-05 9.98157E-05 9.98157E-05 9.98157E-05 0.0396942 9.98157E-05 9.98157E-05 9.98157E-05 9.98157E-05 0.056828 9.98157E-05 9.98157E-05 0.807502 9.98157E-05 9.98157E-05 9.98157E-05 9.98157E-05 9.98157E-05 9.98157E-05 0.027528 9.98157E-05 9.98157E-05
9.98158E-05 9.98158E-05 9.98158E-05 9.98158E-05 9.98158E-05 9.98158E-05 9.98158E-05 9.98158E-05 9.98158E-05 9.98158E-05 9.98158E-05 9.98158E-05 9.98158E-05 9.98158E-05 0.0603931 9.98158E-05 9.98158E-05 0.772782 9.98158E-05 0.00234217 9.98158E-05 0.0636993 0.0854617 9.98158E-05 0.0132255 9.98158E-05 9.98158E-05
9.98158E-05 9.98158E-05 9.98158E-05 9.98158E-05 9.98158E-05 9.98158E-05 9.98158E-05 0.0113956 9.98158E-05 0.00912867 9.98158E-05 0.0109841 9.98158E-05 9.98158E-05 0.032145 9.98158E-05 0.0481118 0.886139 9.98158E-05 9.98158E-05 9.98158E-05 9.98158E-05 9.98158E-05 9.98158E-05 9.98158E-05 9.98158E-05 9.98158E-05
0.102157 0.0289437 9.98244E-05 0.0768253 9.98244E-05 9.98244E-05 9.98244E-05 9.98244E-05 9.98244E-05 9.98244E-05 9.98244E-05 9.98244E-05 9.98244E-05 9.98244E-05 0.149863 9.98244E-05 9.98244E-05 0.593255 9.98244E-05 9.98244E-05 9.98244E-05 0.00481277 9.98244E-05 9.98244E-05 9.98244E-05 9.98244E-05 0.0421465
0.0138875 0.0186964 9.98424E-05 9.98424E-05 9.98424E-05 0.0183025 9.98424E-05 0.0949045 9.98424E-05 9.98424E-05 9.98424E-05 9.98424E-05 9.98424E-05 9.98424E-05 9.98424E-05 9.98424E-05 0.0577203 0.65999 9.98424E-05 9.98424E-05 9.98424E-05 9.98424E-05 0.125171 9.98424E-05 0.00419519 9.98424E-05 0.0053353
9.98509E-05 9.98509E-05 9.98509E-05 0.188597 9.98509E-05 0.124115 0.0252525 9.98509E-05 0.0453464 9.98509E-05 9.98509E-05 9.98509E-05 9.98509E-05 0.0509044 0.195119 0.0600902 9.98509E-05 0.194144 9.98509E-05 9.98509E-05 9.98509E-05 0.0220782 9.98509E-05 9.98509E-05 9.98509E-05 9.98509E-05 0.0926561
0.227107 9.9816E-05 9.9816E-05 9.9816E-05 9.9816E-05 9.9816E-05 9.9816E-05 9.9816E-05 9.9816E-05 0.046756 9.9816E-05 9.9816E-05 9.9816E-05 9.9816E-05 9.9816E-05 9.9816E-05 9.9816E-05 0.511147 0.0812152 9.9816E-05 9.9816E-05 0.0634202 9.9816E-05 9.9816E-05 9.9816E-05 0.0682579 9.9816E-05
0.0482793 9.98247E-05 9.98247E-05 9.98247E-05 9.98247E-05 0.037811 9.98247E-05 9.98247E-05 0.0693152 9.98247E-05 9.98247E-05 9.98247E-05 0.0227674 9.98247E-05 9.98247E-05 9.98247E-05 9.98247E-05 0.765025 9.98247E-05 0.00563559 9.98247E-05 9.98247E-05 9.98247E-05 9.98247E-05 0.0491703 9.98247E-05 9.98247E-05
0.0561075 9.98684E-05 9.98684E-05 9.98684E-05 0.0154286 0.0106875 9.98684E-05 0.0258269 9.98684E-05 9.98684E-05 9.98684E-05 9.98684E-05 9.98684E-05 9.98684E-05 0.0217629 0.019398 0.0898395 0.539386 0.111676 9.98684E-05 9.98684E-05 9.98684E-05 0.0792854 0.0204264 9.98684E-05 9.98684E-05 0.00867731
9.98247E-05 0.0345669 9.98247E-05 9.98247E-05 9.98247E-05 9.98247E-05 9.98247E-05 9.98247E-05 9.98247E-05 9.98247E-05 9.98247E-05 0.0654468 9.98247E-05 9.98247E-05 0.145892 0.0164513 9.98247E-05 0.667899 0.0239379 9.98247E-05 9.98247E-05 9.98247E-05 9.98247E-05 9.98247E-05 9.98247E-05 0.0438096 9.98247E-05
9.98334E-05 0.00525112 9.98334E-05 0.0468294 9.98334E-05 9.98334E-05 9.98334E-05 9.98334E-05 0.157771 9.98334E-05 9.98334E-05 0.00173495 9.98334E-05 9.98334E-05 9.98334E-05 0.0970562 0.0199402 0.665628 9.98334E-05 9.98334E-05 9.98334E-05 9.98334E-05 9.98334E-05 9.98334E-05 9.98334E-05 9.98334E-05 0.00389279
0.112853 0.0218672 9.98245E-05 9.98245E-05 0.0121845 9.98245E-05 9.98245E-05 9.98245E-05 9.98245E-05 9.98245E-05 9.98245E-05 9.98245E-05 0.039467 9.98245E-05 0.0302928 9.98245E-05 9.98245E-05 0.659761 9.98245E-05 9.98245E-05 9.98245E-05 9.98245E-05 9.98245E-05 9.98245E-05 0.121578 9.98245E-05 9.98245E-05
0.0565723 9.98073E-05 9.98073E-05 9.98073E-05 9.98073E-05 9.98073E-05 9.98073E-05 9.98073E-05 9.98073E-05 9.98073E-05 9.98073E-05 9.98073E-05 9.98073E-05 9.98073E-05 0.0596711 9.98073E-05 9.98073E-05 0.668413 9.98073E-05 9.98073E-05 9.98073E-05 0.18424 0.0289084 9.98073E-05 9.98073E-05 9.98073E-05 9.98073E-05
9.98158E-05 9.98158E-05 0.0242617 9.98158E-05 9.98158E-05 0.0682332 9.98158E-05 9.98158E-05 0.0413364 9.98158E-05 9.98158E-05 0.03562 9.98158E-05 9.98158E-05 9.98158E-05 9.98158E-05 9.98158E-05 0.82377 9.98158E-05 9.98158E-05 9.98158E-05 0.00468274 9.98158E-05 9.98158E-05 9.98158E-05 9.98158E-05 9.98158E-05
9.98157E-05 9.98157E-05 9.98157E-05 0.731005 9.98157E-05 0.00956477 9.98157E-05 9.98157E-05 0.131099 9.98157E-05 9.98157E-05 9.98157E-05 0.0152582 9.98157E-05 0.106677 9.98157E-05 9.98157E-05 9.98157E-05 9.98157E-05 9.98157E-05 9.98157E-05 9.98157E-05 9.98157E-05 9.98157E-05 9.98157E-05 9.98157E-05 0.00429944
9.97724E-05 9.97724E-05 9.97724E-05 0.997406 9.97724E-05 9.97724E-05 9.97724E-05 9.97724E-05 9.97724E-05 9.97724E-05 9.97724E-05 9.97724E-05 9.97724E-05 9.97724E-05 9.97724E-05 9.97724E-05 9.97724E-05 9.97724E-05 9.97724E-05 9.97724E-05 9.97724E-05 9.97724E-05 9.97724E-05 9.97724E-05 9.97724E-05 9.97724E-05 9.97724E-05
9.97896E-05 9.97896E-05 9.97896E-05 0.990738 9.97896E-05 9.97896E-05 9.97896E-05 9.97896E-05 9.97896E-05 9.97896E-05 9.97896E-05 9.97896E-05 9.97896E-05 0.000941185 9.97896E-05 9.97896E-05 9.97896E-05 9.97896E-05 9.97896E-05 9.97896E-05 9.97896E-05 9.97896E-05 9.97896E-05 9.97896E-05 0.00592589 9.97896E-05 9.97896E-05
9.98245E-05 9.98245E-05 9.98245E-05 0.322146 9.98245E-05 0.12497 9.98245E-05 0.0594574 0.211665 9.98245E-05 9.98245E-05 9.98245E-05 0.234419 9.98245E-05 0.0402551 9.98245E-05 9.98245E-05 9.98245E-05 9.98245E-05 9.98245E-05 9.98245E-05 9.98245E-05 9.98245E-05 9.98245E-05 0.00509019 9.98245E-05 9.98245E-05
0.0701027 0.0308399 9.98418E-05 0.708104 9.98418E-05 0.0422287 9.98418E-05 9.98418E-05 9.98418E-05 9.98418E-05 9.98418E-05 9.98418E-05 9.98418E-05 9.98418E-05 0.0160697 0.0194904 9.98418E-05 9.98418E-05 0.0522103 9.98418E-05 9.98418E-05 0.00959037 9.98418E-05 9.98418E-05 0.0495666 9.98418E-05 9.98418E-05
0.0615021 9.98155E-05 9.98155E-05 0.669944 9.98155E-05 0.10723 9.98155E-05 9.98155E-05 0.00454733 9.98155E-05 9.98155E-05 9.98155E-05 9.98155E-05 9.98155E-05 0.1413 9.98155E-05 9.98155E-05 9.98155E-05 9.98155E-05 9.98155E-05 0.0133805 9.98155E-05 9.98155E-05 9.98155E-05 9.98155E-05 9.98155E-05 9.98155E-05
9.98156E-05 9.98156E-05 9.98156E-05 0.5582 0.0249473 0.029095 9.98156E-05 9.98156E-05 9.98156E-05 9.98156E-05 9.98156E-05 9.98156E-05 0.288265 9.98156E-05 0.0840678 9.98156E-05 9.98156E-05 9.98156E-05 0.0133286 9.98156E-05 9.98156E-05 9.98156E-05 9.98156E-05 9.98156E-05 9.98156E-05 9.98156E-05 9.98156E-05
9.9833E-05 9.9833E-05 9.9833E-05 0.679209 9.9833E-05 0.00509108 9.9833E-05 0.0393135 0.0950635 9.9833E-05 9.9833E-05 9.9833E-05 0.0354455 9.9833E-05 0.0402762 9.9833E-05 9.9833E-05 9.9833E-05 9.9833E-05 9.9833E-05 9.9833E-05 9.9833E-05 0.0101506 9.9833E-05 0.0935536 9.9833E-05 9.9833E-05
9.97897E-05 9.97897E-05 9.97897E-05 0.938386 9.97897E-05 9.97897E-05 9.97897E-05 9.97897E-05 9.97897E-05 9.97897E-05 9.97897E-05 9.97897E-05 0.047869 9.97897E-05 9.97897E-05 9.97897E-05 9.97897E-05 9.97897E-05 9.97897E-05 9.97897E-05 9.97897E-05 9.97897E-05 9.97897E-05 0.0113501 9.97897E-05 9.97897E-05 9.97897E-05
9.97894E-05 9.97894E-05 9.97894E-05 0.933436 9.97894E-05 9.97894E-05 9.97894E-05 9.97894E-05 9.97894E-05 9.97894E-05 9.97894E-05 9.97894E-05 9.97894E-05 9.97894E-05 0.0298299 9.97894E-05 9.97894E-05 9.97894E-05 9.97894E-05 9.97894E-05 9.97894E-05 9.97894E-05 9.97894E-05 9.97894E-05 9.97894E-05 9.97894E-05 0.0343392
9.98155E-05 0.019233 9.98155E-05 0.499548 9.98155E-05 0.0742211 9.98155E-05 9.98155E-05 9.98155E-05 9.98155E-05 9.98155E-05 9.98155E-05 9.98155E-05 9.98155E-05 0.23635 9.98155E-05 0.0118403 9.98155E-05 9.98155E-05 9.98155E-05 9.98155E-05 9.98155E-05 9.98155E-05 9.98155E-05 9.98155E-05 9.98155E-05 0.156711
0.211357 9.98331E-05 9.98331E-05 0.505062 9.98331E-05 9.98331E-05 9.98331E-05 9.98331E-05 9.98331E-05 9.98331E-05 9.98331E-05 9.98331E-05 0.0238305 9.98331E-05 0.00397065 0.0712819 9.98331E-05 9.98331E-05 0.114989 9.98331E-05 0.0635729 9.98331E-05 9.98331E-05 9.98331E-05 9.98331E-05 9.98331E-05 0.00403891
9.9833E-05 9.9833E-05 9.9833E-05 0.494273 9.9833E-05 0.128222 9.9833E-05 9.9833E-05 9.9833E-05 9.9833E-05 9.9833E-05 0.0507325 9.9833E-05 9.9833E-05 9.9833E-05 0.0117299 9.9833E-05 9.9833E-05 0.0426407 9.9833E-05 0.129615 9.9833E-05 0.0804729 9.9833E-05 9.9833E-05 9.9833E-05 0.0604173
0.164774 0.0103464 9.98156E-05 0.564368 9.98156E-05 9.98156E-05 9.98156E-05 9.98156E-05 9.98156E-05 9.98156E-05 9.98156E-05 0.0157239 0.0550213 9.98156E-05 0.187671 9.98156E-05 9.98156E-05 9.98156E-05 9.98156E-05 9.98156E-05 9.98156E-05 9.98156E-05 9.98156E-05 9.98156E-05 9.98156E-05 9.98156E-05 9.98156E-05
9.97987E-05 9.97987E-05 9.97987E-05 0.866362 9.97987E-05 9.97987E-05 0.0152505 9.97987E-05 0.0768182 9.97987E-05 9.97987E-05 9.97987E-05 9.97987E-05 9.97987E-05 9.97987E-05 9.97987E-05 0.0392743 9.97987E-05 9.97987E-05 9.97987E-05 9.97987E-05 9.97987E-05 9.97987E-05 9.97987E-05 9.97987E-05 9.97987E-05 9.97987E-05
9.97985E-05 9.97985E-05 9.97985E-05 0.971509 9.97985E-05 9.97985E-05 9.97985E-05 9.97985E-05 9.97985E-05 9.97985E-05 0.0107037 9.97985E-05 9.97985E-05 9.97985E-05 9.97985E-05 9.97985E-05 9.97985E-05 9.97985E-05 9.97985E-05 9.97985E-05 9.97985E-05 0.00571655 9.97985E-05 9.97985E-05 9.97985E-05 9.97985E-05 0.00977546
9.98155E-05 0.0185232 0.214748 0.628151 9.98155E-05 9.98155E-05 9.98155E-05 0.0298792 0.0154199 9.98155E-05 9.98155E-05 9.98155E-05 9.98155E-05 9.98155E-05 9.98155E-05 9.98155E-05 9.98155E-05 9.98155E-05 9.98155E-05 9.98155E-05 9.98155E-05 9.98155E-05 0.0911831 9.98155E-05 9.98155E-05 9.98155E-05 9.98155E-05
0.121848 0.0778051 9.98156E-05 0.662428 9.98156E-05 0.0144831 9.98156E-05 9.98156E-05 9.98156E-05 9.98156E-05 9.98156E-05 9.98156E-05 9.98156E-05 9.98156E-05 9.98156E-05 9.98156E-05 9.98156E-05 9.98156E-05 9.98156E-05 9.98156E-05 0.0543393 9.98156E-05 9.98156E-05 9.98156E-05 9.98156E-05 9.98156E-05 0.0669999
9.98071E-05 0.0366912 9.98071E-05 0.827041 9.98071E-05 0.00985786 9.98071E-05 9.98071E-05 9.98071E-05 9.98071E-05 9.98071E-05 9.98071E-05 9.98071E-05 9.98071E-05 9.98071E-05 9.98071E-05 9.98071E-05 9.98071E-05 9.98071E-05 9.98071E-05 9.98071E-05 9.98071E-05 9.98071E-05 9.98071E-05 0.0736878 9.98071E-05 0.0505264
9.98067E-05 9.98067E-05 9.98067E-05 0.553741 9.98067E-05 9.98067E-05 0.17357 9.98067E-05 9.98067E-05 9.98067E-05 9.98067E-05 9.98067E-05 9.98067E-05 9.98067E-05 0.187527 0.0052097 0.0777565 9.98067E-05 9.98067E-05 9.98067E-05 9.98067E-05 9.98067E-05 9.98067E-05 9.98067E-05 9.98067E-05 9.98067E-05 9.98067E-05
9.98075E-05 9.98075E-05 9.98075E-05 0.944559 9.98075E-05 9.98075E-05 9.98075E-05 0.0120402 9.98075E-05 9.98075E-05 0.000824418 9.98075E-05 9.98075E-05 0.0225108 0.0178702 9.98075E-05 9.98075E-05 9.98075E-05 9.98075E-05 9.98075E-05 9.98075E-05 9.98075E-05 9.98075E-05 9.98075E-05 9.98075E-05 9.98075E-05 9.98075E-05
0.210738 9.97892E-05 9.97892E-05 0.741318 9.97892E-05 9.97892E-05 9.97892E-05 9.97892E-05 9.97892E-05 9.97892E-05 9.97892E-05 9.97892E-05 9.97892E-05 9.97892E-05 0.0455492 9.97892E-05 9.97892E-05 9.97892E-05 9.97892E-05 9.97892E-05 9.97892E-05 9.97892E-05 9.97892E-05 9.97892E-05 9.97892E-05 9.97892E-05 9.97892E-05
0.00436146 9.98247E-05 9.98247E-05 0.646988 9.98247E-05 9.98247E-05 0.0277944 9.98247E-05 0.101034 9.98247E-05 9.98247E-05 9.98247E-05 0.0571767 9.98247E-05 9.98247E-05 0.00150568 9.98247E-05 9.98247E-05 9.98247E-05 9.98247E-05 9.98247E-05 9.98247E-05 9.98247E-05 0.159142 9.98247E-05 9.98247E-05 9.98247E-05
9.98245E-05 0.0614787 0.0327839 0.711259 9.98245E-05 9.98245E-05 9.98245E-05 9.98245E-05 9.98245E-05 9.98245E-05 9.98245E-05 9.98245E-05 9.98245E-05 9.98245E-05 0.0107896 9.98245E-05 9.98245E-05 9.98245E-05 9.98245E-05 9.98245E-05 9.98245E-05 9.98245E-05 0.080981 9.98245E-05 0.0986769 9.98245E-05 0.00203446
9.97891E-05 9.97891E-05 9.97891E-05 0.884442 9.97891E-05 9.97891E-05 9.97891E-05 9.97891E-05 9.97891E-05 9.97891E-05 9.97891E-05 9.97891E-05 9.97891E-05 9.97891E-05 9.97891E-05 9.97891E-05 9.97891E-05 9.97891E-05 9.97891E-05 9.97891E-05 0.0967687 9.97891E-05 9.97891E-05 9.97891E-05 9.97891E-05 9.97891E-05 0.0163946
9.97986E-05 9.97986E-05 9.97986E-05 0.902828 9.97986E-05 9.97986E-05 9.97986E-05 9.97986E-05 9.97986E-05 0.0422127 0.0286549 9.97986E-05 9.97986E-05 9.97986E-05 9.97986E-05 9.97986E-05 9.97986E-05 9.97986E-05 9.97986E-05 9.97986E-05 9.97986E-05 9.97986E-05 0.0240094 9.97986E-05 9.97986E-05 9.97986E-05 9.97986E-05
9.97723E-05 9.97723E-05 9.97723E-05 0.997406 9.97723E-05 9.97723E-05 9.97723E-05 9.97723E-05 9.97723E-05 9.97723E-05 9.97723E-05 9.97723E-05 9.97723E-05 9.97723E-05 9.97723E-05 9.97723E-05 9.97723E-05 9.97723E-05 9.97723E-05 9.97723E-05 9.97723E-05 9.97723E-05 9.97723E-05 9.97723E-05 9.97723E-05 9.97723E-05 9.97723E-05
9.97722E-05 9.97722E-05 9.97722E-05 0.997406 9.97722E-05 9.97722E-05 9.97722E-05 9.97722E-05 9.97722E-05 9.97722E-05 9.97722E-05 9.97722E-05 9.97722E-05 9.97722E-05 9.97722E-05 9.97722E-05 9.97722E-05 9.97722E-05 9.97722E-05 9.97722E-05 9.97722E-05 9.97722E-05 9.97722E-05 9.97722E-05 9.97722E-05 9.97722E-05 9.97722E-05
9.97896E-05 9.97896E-05 9.97896E-05 0.940981 9.97896E-05 0.00855729 9.97896E-05 9.97896E-05 9.97896E-05 9.97896E-05 9.97896E-05 9.97896E-05 9.97896E-05 9.97896E-05 9.97896E-05 9.97896E-05 9.97896E-05 9.97896E-05 9.97896E-05 9.97896E-05 9.97896E-05 9.97896E-05 9.97896E-05 9.97896E-05 0.0480665 9.97896E-05 9.97896E-05
9.98072E-05 9.98072E-05 9.98072E-05 0.503701 9.98072E-05 0.00336724 0.104739 9.98072E-05 9.98072E-05 9.98072E-05 9.98072E-05 9.98072E-05 9.98072E-05 9.98072E-05 0.0601572 9.98072E-05 9.98072E-05 9.98072E-05 9.98072E-05 9.98072E-05 9.98072E-05 9.98072E-05 9.98072E-05 0.32584 9.98072E-05 9.98072E-05 9.98072E-05
9.97985E-05 9.97985E-05 9.97985E-05 9.97985E-05 9.97985E-05 0.025818 9.97985E-05 9.97985E-05 0.731296 9.97985E-05 9.97985E-05 9.97985E-05 9.97985E-05 9.97985E-05 0.155465 9.97985E-05 9.97985E-05 9.97985E-05 9.97985E-05 9.97985E-05 9.97985E-05 9.97985E-05 0.0851258 9.97985E-05 9.97985E-05 9.97985E-05 9.97985E-05
9.97982E-05 9.97982E-05 9.97982E-05 9.97982E-05 9.97982E-05 9.97982E-05 9.97982E-05 9.97982E-05 0.325179 9.97982E-05 9.97982E-05 9.97982E-05 9.97982E-05 0.312928 9.97982E-05 9.97982E-05 9.97982E-05 9.97982E-05 9.97982E-05 0.0943522 9.97982E-05 9.97982E-05 9.97982E-05 0.265245 9.97982E-05 9.97982E-05 9.97982E-05
9.97895E-05 9.97895E-05 9.97895E-05 9.97895E-05 9.97895E-05 9.97895E-05 9.97895E-05 9.97895E-05 0.912936 9.97895E-05 9.97895E-05 9.97895E-05 9.97895E-05 9.97895E-05 0.0831129 9.97895E-05 9.97895E-05 9.97895E-05 9.97895E-05 9.97895E-05 9.97895E-05 9.97895E-05 9.97895E-05 9.97895E-05 0.00155587 9.97895E-05 9.97895E-05
9.97893E-05 9.97893E-05 9.97893E-05 9.97893E-05 9.97893E-05 0.00892589 9.97893E-05 9.97893E-05 0.899451 9.97893E-05 9.97893E-05 9.97893E-05 9.97893E-05 9.97893E-05 0.0892283 9.97893E-05 9.97893E-05 9.97893E-05 9.97893E-05 9.97893E-05 9.97893E-05 9.97893E-05 9.97893E-05 9.97893E-05 9.97893E-05 9.97893E-05 9.97893E-05
9.97806E-05 9.97806E-05 9.97806E-05 9.97806E-05 9.97806E-05 0.0211773 9.97806E-05 9.97806E-05 0.976328 9.97806E-05 9.97806E-05 9.97806E-05 9.97806E-05 9.97806E-05 9.97806E-05 9.97806E-05 9.97806E-05 9.97806E-05 9.97806E-05 9.97806E-05 9.97806E-05 9.97806E-05 9.97806E-05 9.97806E-05 9.97806E-05 9.97806E-05 9.97806E-05
9.98157E-05 9.98157E-05 9.98157E-05 9.98157E-05 9.98157E-05 0.104017 9.98157E-05 9.98157E-05 0.109518 9.98157E-05 9.98157E-05 9.98157E-05 9.98157E-05 9.98157E-05 0.13797 9.98157E-05 9.98157E-05 9.98157E-05 9.98157E-05 9.98157E-05 9.98157E-05 0.0194812 0.514734 0.112184 9.98157E-05 9.98157E-05 9.98157E-05
9.98332E-05 9.98332E-05 9.98332E-05 9.98332E-05 9.98332E-05 0.0252329 9.98332E-05 9.98332E-05 0.537593 9.98332E-05 9.98332E-05 9.98332E-05 9.98332E-05 9.98332E-05 0.0363764 9.98332E-05 9.98332E-05 9.98332E-05 9.98332E-05 0.279975 0.0174467 0.00612119 9.98332E-05 9.98332E-05 0.058402 9.98332E-05 0.0369557
9.97894E-05 9.97894E-05 9.97894E-05 9.97894E-05 9.97894E-05 0.154592 9.97894E-05 9.97894E-05 0.720799 9.97894E-05 9.97894E-05 9.97894E-05 9.97894E-05 9.97894E-05 9.97894E-05 9.97894E-05 9.97894E-05 9.97894E-05 9.97894E-05 9.97894E-05 9.97894E-05 9.97894E-05 0.122214 9.97894E-05 9.97894E-05 9.97894E-05 9.97894E-05
9.9807E-05 9.9807E-05 9.9807E-05 9.9807E-05 9.9807E-05 0.293912 9.9807E-05 9.9807E-05 0.465148 9.9807E-05 9.9807E-05 9.9807E-05 0.21749 9.9807E-05 9.9807E-05 9.9807E-05 9.9807E-05 9.9807E-05 0.0180783 9.9807E-05 0.00317587 9.9807E-05 9.9807E-05 9.9807E-05 9.9807E-05 9.9807E-05 9.9807E-05
9.9807E-05 9.9807E-05 9.9807E-05 9.9807E-05 9.9807E-05 0.178114 9.9807E-05 9.9807E-05 0.503021 9.9807E-05 9.9807E-05 9.9807E-05 9.9807E-05 9.9807E-05 0.139482 9.9807E-05 9.9807E-05 9.9807E-05 9.9807E-05 0.045029 9.9807E-05 0.132158 9.9807E-05 9.9807E-05 9.9807E-05 9.9807E-05 9.9807E-05
9.9807E-05 9.9807E-05 9.9807E-05 9.9807E-05 9.9807E-05 0.0197983 9.9807E-05 9.9807E-05 0.319574 9.9807E-05 0.353695 9.9807E-05 0.180146 9.9807E-05 9.9807E-05 9.9807E-05 9.9807E-05 9.9807E-05 9.9807E-05 0.124591 9.9807E-05 9.9807E-05 9.9807E-05 9.9807E-05 9.9807E-05 9.9807E-05 9.9807E-05
9.97982E-05 9.97982E-05 9.97982E-05 9.97982E-05 9.97982E-05 9.97982E-05 9.97982E-05 9.97982E-05 0.193483 9.97982E-05 9.97982E-05 9.97982E-05 0.0321414 0.197083 9.97982E-05 9.97982E-05 9.97982E-05 9.97982E-05 9.97982E-05 9.97982E-05 9.97982E-05 9.97982E-05 0.574998 9.97982E-05 9.97982E-05 9.97982E-05 9.97982E-05
9.97895E-05 9.97895E-05 9.97895E-05 9.97895E-05 9.97895E-05 0.0240278 9.97895E-05 9.97895E-05 0.602897 9.97895E-05 9.97895E-05 9.97895E-05 9.97895E-05 9.97895E-05 9.97895E-05 9.97895E-05 9.97895E-05 9.97895E-05 9.97895E-05 0.37068 9.97895E-05 9.97895E-05 9.97895E-05 9.97895E-05 9.97895E-05 9.97895E-05 9.97895E-05
9.98158E-05 9.98158E-05 9.98158E-05 9.98158E-05 9.98158E-05 0.0996287 9.98158E-05 9.98158E-05 0.10378 9.98158E-05 0.0827873 9.98158E-05 9.98158E-05 9.98158E-05 0.144684 9.98158E-05 9.98158E-05 9.98158E-05 9.98158E-05 0.0889656 9.98158E-05 9.98158E-05 0.478058 9.98158E-05 9.98158E-05 9.98158E-05 9.98158E-05
9.98158E-05 9.98158E-05 9.98158E-05 9.98158E-05 9.98158E-05 0.00273371 9.98158E-05 9.98158E-05 0.445953 9.98158E-05 9.98158E-05 9.98158E-05 9.98158E-05 9.98158E-05 9.98158E-05 9.98158E-05 9.98158E-05 9.98158E-05 0.0500789 9.98158E-05 0.088672 9.98158E-05 9.98158E-05 0.354957 0.0555089 9.98158E-05 9.98158E-05
9.98334E-05 9.98334E-05 0.094153 9.98334E-05 9.98334E-05 0.00380758 0.0537404 9.98334E-05 0.525211 9.98334E-05 0.0448643 9.98334E-05 0.095768 9.98334E-05 9.98334E-05 9.98334E-05 9.98334E-05 9.98334E-05 9.98334E-05 9.98334E-05 9.98334E-05 0.153378 9.98334E-05 9.98334E-05 9.98334E-05 9.98334E-05 0.0271804
9.98158E-05 9.98158E-05 9.98158E-05 9.98158E-05 9.98158E-05 9.98158E-05 9.98158E-05 9.98158E-05 0.477533 0.0240885 9.98158E-05 9.98158E-05 0.19583 9.98158E-05 0.080152 9.98158E-05 9.98158E-05 9.98158E-05 9.98158E-05 9.98158E-05 9.98158E-05 9.98158E-05 0.195626 0.0246733 9.98158E-05 9.98158E-05 9.98158E-05
0.083594 9.98425E-05 9.98425E-05 9.98425E-05 9.98425E-05 0.0529464 9.98425E-05 0.0232919 0.488885 9.98425E-05 0.0697504 0.00133002 9.98425E-05 0.00626036 9.98425E-05 9.98425E-05 9.98425E-05 9.98425E-05 9.98425E-05 9.98425E-05 9.98425E-05 0.0795387 0.192606 9.98425E-05 9.98425E-05 9.98425E-05 9.98425E-05
9.97807E-05 9.97807E-05 9.97807E-05 9.97807E-05 9.97807E-05 9.97807E-05 9.97807E-05 9.97807E-05 0.801976 9.97807E-05 0.195529 9.97807E-05 9.97807E-05 9.97807E-05 9.97807E-05 9.97807E-05 9.97807E-05 9.97807E-05 9.97807E-05 9.97807E-05 9.97807E-05 9.97807E-05 9.97807E-05 9.97807E-05 9.97807E-05 9.97807E-05 9.97807E-05
9.98245E-05 9.98245E-05 9.98245E-05 9.98245E-05 9.98245E-05 0.0590071 9.98245E-05 9.98245E-05 0.390961 0.0390688 9.98245E-05 9.98245E-05 9.98245E-05 0.470936 0.0258191 9.98245E-05 9.98245E-05 9.98245E-05 0.00219151 9.98245E-05 0.010019 9.98245E-05 9.98245E-05 9.98245E-05 9.98245E-05 9.98245E-05 9.98245E-05
9.9807E-05 9.9807E-05 9.9807E-05 9.9807E-05 9.9807E-05 9.9807E-05 9.9807E-05 9.9807E-05 0.703602 9.9807E-05 0.103975 9.9807E-05 0.127025 9.9807E-05 0.0522942 9.9807E-05 9.9807E-05 9.9807E-05 9.9807E-05 9.9807E-05 9.9807E-05 0.0109084 9.9807E-05 9.9807E-05 9.9807E-05 9.9807E-05 9.9807E-05
9.97808E-05 9.97808E-05 9.97808E-05 9.97808E-05 9.97808E-05 9.97808E-05 9.97808E-05 9.97808E-05 0.926094 9.97808E-05 0.0714111 9.97808E-05 9.97808E-05 9.97808E-05 9.97808E-05 9.97808E-05 9.97808E-05 9.97808E-05 9.97808E-05 9.97808E-05 9.97808E-05 9.97808E-05 9.97808E-05 9.97808E-05 9.97808E-05 9.97808E-05 9.97808E-05
9.98068E-05 9.98068E-05 9.98068E-05 9.98068E-05 9.98068E-05 0.15927 9.98068E-05 9.98068E-05 9.98068E-05 0.0226963 9.98068E-05 9.98068E-05 0.00721448 9.98068E-05 0.178526 9.98068E-05 9.98068E-05 9.98068E-05 9.98068E-05 9.98068E-05 9.98068E-05 9.98068E-05 0.630098 9.98068E-05 9.98068E-05 9.98068E-05 9.98068E-05
9.98071E-05 9.98071E-05 9.98071E-05 9.98071E-05 9.98071E-05 0.109809 9.98071E-05 9.98071E-05 0.63178 9.98071E-05 0.169619 9.98071E-05 9.98071E-05 9.98071E-05 0.00123299 9.98071E-05 9.98071E-05 9.98071E-05 9.98071E-05 9.98071E-05 9.98071E-05 9.98071E-05 9.98071E-05 0.0853631 9.98071E-05 9.98071E-05 9.98071E-05
9.98068E-05 9.98068E-05 9.98068E-05 9.98068E-05 9.98068E-05 0.16138 9.98068E-05 9.98068E-05 9.98068E-05 0.0095612 9.98068E-05 9.98068E-05 9.98068E-05 9.98068E-05 0.17298 9.98068E-05 0.0281514 9.98068E-05 9.98068E-05 9.98068E-05 9.98068E-05 9.98068E-05 0.625732 9.98068E-05 9.98068E-05 9.98068E-05 9.98068E-05
0.033869 9.98419E-05 9.98419E-05 9.98419E-05 9.98419E-05 0.117585 9.98419E-05 9.98419E-05 0.215181 9.98419E-05 9.98419E-05 9.98419E-05 0.0115267 9.98419E-05 0.0732248 9.98419E-05 0.0281524 9.98419E-05 9.98419E-05 0.444634 0.0615482 9.98419E-05 9.98419E-05 9.98419E-05 0.0124818 9.98419E-05 9.98419E-05
9.98072E-05 9.98072E-05 0.0234052 9.98072E-05 9.98072E-05 9.98072E-05 9.98072E-05 0.00926401 0.0608668 9.98072E-05 9.98072E-05 9.98072E-05 9.98072E-05 0.845439 9.98072E-05 9.98072E-05 9.98072E-05 9.98072E-05 9.98072E-05 9.98072E-05 9.98072E-05 9.98072E-05 9.98072E-05 9.98072E-05 9.98072E-05 0.0588288 9.98072E-05
9.98067E-05 0.020663 9.98067E-05 9.98067E-05 9.98067E-05 0.0105109 9.98067E-05 9.98067E-05 0.863019 9.98067E-05 9.98067E-05 9.98067E-05 9.98067E-05 9.98067E-05 0.0781102 9.98067E-05 9.98067E-05 9.98067E-05 9.98067E-05 9.98067E-05 9.98067E-05 9.98067E-05 0.0255015 9.98067E-05 9.98067E-05 9.98067E-05 9.98067E-05
9.98073E-05 9.98073E-05 9.98073E-05 9.98073E-05 9.98073E-05 0.16761 9.98073E-05 9.98073E-05 0.53689 9.98073E-05 9.98073E-05 9.98073E-05 0.0855918 0.0713717 0.136341 9.98073E-05 9.98073E-05 9.98073E-05 9.98073E-05 9.98073E-05 9.98073E-05 9.98073E-05 9.98073E-05 9.98073E-05 9.98073E-05 9.98073E-05 9.98073E-05
9.98156E-05 9.98156E-05 9.98156E-05 9.98156E-05 9.98156E-05 9.98156E-05 9.98156E-05 9.98156E-05 0.303019 0.0417953 9.98156E-05 9.98156E-05 9.98156E-05 9.98156E-05 0.0655263 9.98156E-05 9.98156E-05 9.98156E-05 9.98156E-05 9.98156E-05 9.98156E-05 9.98156E-05 0.156103 0.407309 9.98156E-05 9.98156E-05 0.024152
9.98068E-05 9.98068E-05 9.98068E-05 9.98068E-05 9.98068E-05 9.98068E-05 9.98068E-05 9.98068E-05 0.428888 9.98068E-05 9.98068E-05 9.98068E-05 9.98068E-05 9.98068E-05 0.0970125 9.98068E-05 9.98068E-05 9.98068E-05 0.03908 0.401772 9.98068E-05 9.98068E-05 9.98068E-05 9.98068E-05 9.98068E-05 9.98068E-05 0.031052
9.97893E-05 9.97893E-05 9.97893E-05 9.97893E-05 9.97893E-05 9.97893E-05 9.97893E-05 9.97893E-05 0.78579 9.97893E-05 9.97893E-05 9.97893E-05 9.97893E-05 9.97893E-05 9.97893E-05 9.97893E-05 0.0295888 9.97893E-05 9.97893E-05 9.97893E-05 9.97893E-05 9.97893E-05 9.97893E-05 0.182226 9.97893E-05 9.97893E-05 9.97893E-05
9.98156E-05 9.98156E-05 9.98156E-05 9.98156E-05 9.98156E-05 0.300099 9.98156E-05 9.98156E-05 0.242453 0.171984 9.98156E-05 0.0707079 9.98156E-05 9.98156E-05 0.143774 9.98156E-05 9.98156E-05 9.98156E-05 9.98156E-05 9.98156E-05 9.98156E-05 9.98156E-05 0.0688862 9.98156E-05 9.98156E-05 9.98156E-05 9.98156E-05
0.0921843 9.97806E-05 9.97806E-05 9.97806E-05 9.97806E-05 9.97806E-05 9.97806E-05 9.97806E-05 0.905321 9.97806E-05 9.97806E-05 9.97806E-05 9.97806E-05 9.97806E-05 9.97806E-05 9.97806E-05 9.97806E-05 9.97806E-05 9.97806E-05 9.97806E-05 9.97806E-05 9.97806E-05 9.97806E-05 9.97806E-05 9.97806E-05 9.97806E-05 9.97806E-05
9.97896E-05 9.97896E-05 9.97896E-05 9.97896E-05 9.97896E-05 9.97896E-05 9.97896E-05 9.97896E-05 0.843623 9.97896E-05 9.97896E-05 9.97896E-05 9.97896E-05 0.0396615 9.97896E-05 9.97896E-05 9.97896E-05 9.97896E-05 9.97896E-05 0.11432 9.97896E-05 9.97896E-05 9.97896E-05 9.97896E-05 9.97896E-05 9.97896E-05 9.97896E-05
9.98068E-05 9.98068E-05 9.98068E-05 9.98068E-05 9.98068E-05 9.98068E-05 0.136336 9.98068E-05 0.531379 9.98068E-05 0.267315 9.98068E-05 9.98068E-05 9.98068E-05 9.98068E-05 9.98068E-05 9.98068E-05 9.98068E-05 9.98068E-05 9.98068E-05 0.00996577 0.0528076 9.98068E-05 9.98068E-05 9.98068E-05 9.98068E-05 9.98068E-05
9.98069E-05 9.98069E-05 9.98069E-05 9.98069E-05 9.98069E-05 0.034429 9.98069E-05 9.98069E-05 0.754228 9.98069E-05 9.98069E-05 9.98069E-05 9.98069E-05 9.98069E-05 0.152726 9.98069E-05 9.98069E-05 9.98069E-05 9.98069E-05 9.98069E-05 0.0506989 9.98069E-05 9.98069E-05 9.98069E-05 0.00572199 9.98069E-05 9.98069E-05
9.9807E-05 9.9807E-05 0.0179554 9.9807E-05 9.9807E-05 0.0698655 9.9807E-05 9.9807E-05 0.0843272 9.9807E-05 0.504266 9.9807E-05 9.9807E-05 9.9807E-05 9.9807E-05 9.9807E-05 9.9807E-05 9.9807E-05 9.9807E-05 9.9807E-05 9.9807E-05 9.9807E-05 9.9807E-05 0.32139 9.9807E-05 9.9807E-05 9.9807E-05
9.97982E-05 9.97982E-05 9.97982E-05 9.97982E-05 9.97982E-05 9.97982E-05 9.97982E-05 9.97982E-05 0.0701776 9.97982E-05 9.97982E-05 9.97982E-05 9.97982E-05 9.97982E-05 0.0320837 9.97982E-05 9.97982E-05 9.97982E-05 9.97982E-05 9.97982E-05 9.97982E-05 9.97982E-05 0.361335 0.534109 9.97982E-05 9.97982E-05 9.97982E-05
9.97807E-05 9.97807E-05 9.97807E-05 9.97807E-05 9.97807E-05 9.97807E-05 9.97807E-05 9.97807E-05 0.222762 9.97807E-05 9.97807E-05 9.97807E-05 9.97807E-05 9.97807E-05 9.97807E-05 9.97807E-05 9.97807E-05 9.97807E-05 9.97807E-05 9.97807E-05 9.97807E-05 9.97807E-05 9.97807E-05 0.774744 9.97807E-05 9.97807E-05 9.97807E-05
9.97809E-05 9.97809E-05 9.97809E-05 9.97809E-05 9.97809E-05 9.97809E-05 9.97809E-05 9.97809E-05 0.273803 9.97809E-05 0.723702 9.97809E-05 9.97809E-05 9.97809E-05 9.97809E-05 9.97809E-05 9.97809E-05 9.97809E-05 9.97809E-05 9.97809E-05 9.97809E-05 9.97809E-05 9.97809E-05 9.97809E-05 9.97809E-05 9.97809E-05 9.97809E-05
