9.98596E-05 0.0380969 9.98596E-05 0.0667835 9.98596E-05 9.98596E-05 9.98596E-05 0.240697 0.0534962 9.98596E-05 9.98596E-05 9.98596E-05 9.98596E-05 9.98596E-05 0.103904 9.98596E-05 9.98596E-05 9.98596E-05 0.0679851 9.98596E-05 9.98596E-05 9.98596E-05 0.00092783 0.426512
9.98159E-05 9.98159E-05 9.98159E-05 0.0828301 9.98159E-05 9.98159E-05 9.98159E-05 0.137245 9.98159E-05 9.98159E-05 9.98159E-05 0.777828 9.98159E-05 9.98159E-05 9.98159E-05 9.98159E-05 9.98159E-05 9.98159E-05 9.98159E-05 9.98159E-05 9.98159E-05 9.98159E-05 9.98159E-05 9.98159E-05
9.98422E-05 0.00211378 9.98422E-05 9.98422E-05 0.0677044 0.00732432 9.98422E-05 9.98422E-05 9.98422E-05 9.98422E-05 9.98422E-05 0.538718 9.98422E-05 9.98422E-05 0.044634 9.98422E-05 9.98422E-05 9.98422E-05 9.98422E-05 9.98422E-05 9.98422E-05 9.98422E-05 9.98422E-05 0.337708
9.98509E-05 0.051497 9.98509E-05 9.98509E-05 0.233916 9.98509E-05 0.0642933 9.98509E-05 0.104919 9.98509E-05 9.98509E-05 9.98509E-05 9.98509E-05 9.98509E-05 0.0918241 9.98509E-05 9.98509E-05 9.98509E-05 9.98509E-05 0.33589 9.98509E-05 9.98509E-05 9.98509E-05 0.115963
9.98247E-05 9.98247E-05 0.185354 9.98247E-05 9.98247E-05 9.98247E-05 9.98247E-05 9.98247E-05 9.98247E-05 9.98247E-05 0.00358572 0.766387 9.98247E-05 9.98247E-05 9.98247E-05 9.98247E-05 9.98247E-05 9.98247E-05 9.98247E-05 9.98247E-05 9.98247E-05 9.98247E-05 9.98247E-05 0.0426771
9.98422E-05 9.98422E-05 0.0809478 9.98422E-05 9.98422E-05 9.98422E-05 0.148304 0.30884 9.98422E-05 0.125273 0.101841 9.98422E-05 9.98422E-05 9.98422E-05 9.98422E-05 9.98422E-05 9.98422E-05 9.98422E-05 9.98422E-05 9.98422E-05 9.98422E-05 9.98422E-05 9.98422E-05 0.232996
9.98772E-05 9.98772E-05 9.98772E-05 0.174232 0.0426391 9.98772E-05 9.98772E-05 0.175368 9.98772E-05 0.0770169 9.98772E-05 0.0188693 9.98772E-05 9.98772E-05 0.106997 9.98772E-05 9.98772E-05 9.98772E-05 9.98772E-05 0.187812 0.00319294 9.98772E-05 0.0903287 0.122145
9.98685E-05 9.98685E-05 0.0888244 9.98685E-05 0.25682 9.98685E-05 0.0134789 0.136381 9.98685E-05 0.0357181 0.113702 9.98685E-05 9.98685E-05 9.98685E-05 0.149172 9.98685E-05 0.105978 9.98685E-05 0.0984283 9.98685E-05 9.98685E-05 9.98685E-05 9.98685E-05 9.98685E-05
9.98596E-05 0.228114 9.98596E-05 9.98596E-05 0.0887686 9.98596E-05 9.98596E-05 9.98596E-05 9.98596E-05 9.98596E-05 0.272081 0.174922 9.98596E-05 0.0288539 0.00300145 9.98596E-05 9.98596E-05 9.98596E-05 9.98596E-05 9.98596E-05 0.139414 9.98596E-05 9.98596E-05 0.0632468
0.0237298 9.98069E-05 9.98069E-05 9.98069E-05 9.98069E-05 9.98069E-05 9.98069E-05 9.98069E-05 9.98069E-05 9.98069E-05 9.98069E-05 9.98069E-05 9.98069E-05 9.98069E-05 9.98069E-05 9.98069E-05 9.98069E-05 9.98069E-05 9.98069E-05 9.98069E-05 9.98069E-05 9.98069E-05 9.98069E-05 0.974074
9.98421E-05 0.105259 9.98421E-05 9.98421E-05 9.98421E-05 9.98421E-05 9.98421E-05 0.0205014 9.98421E-05 9.98421E-05 0.0199556 9.98421E-05 9.98421E-05 9.98421E-05 0.0208004 9.98421E-05 9.98421E-05 9.98421E-05 9.98421E-05 9.98421E-05 9.98421E-05 9.98421E-05 0.151354 0.680333
9.98071E-05 9.98071E-05 9.98071E-05 9.98071E-05 0.14103 9.98071E-05 9.98071E-05 9.98071E-05 9.98071E-05 9.98071E-05 9.98071E-05 9.98071E-05 9.98071E-05 9.98071E-05 9.98071E-05 9.98071E-05 9.98071E-05 9.98071E-05 9.98071E-05 9.98071E-05 9.98071E-05 9.98071E-05 9.98071E-05 0.856774
9.98158E-05 0.100588 9.98158E-05 9.98158E-05 9.98158E-05 9.98158E-05 9.98158E-05 9.98158E-05 9.98158E-05 9.98158E-05 9.98158E-05 0.843833 9.98158E-05 9.98158E-05 0.0534826 9.98158E-05 9.98158E-05 9.98158E-05 9.98158E-05 9.98158E-05 9.98158E-05 9.98158E-05 9.98158E-05 9.98158E-05
9.9807E-05 0.00818644 9.9807E-05 9.9807E-05 0.989618 9.9807E-05 9.9807E-05 9.9807E-05 9.9807E-05 9.9807E-05 9.9807E-05 9.9807E-05 9.9807E-05 9.9807E-05 9.9807E-05 9.9807E-05 9.9807E-05 9.9807E-05 9.9807E-05 9.9807E-05 9.9807E-05 9.9807E-05 9.9807E-05 9.9807E-05
9.98683E-05 0.103805 9.98683E-05 9.98683E-05 9.98683E-05 9.98683E-05 9.98683E-05 0.200892 9.98683E-05 9.98683E-05 0.123151 0.0331156 9.98683E-05 0.078454 0.00542322 9.98683E-05 9.98683E-05 0.164194 9.98683E-05 9.98683E-05 9.98683E-05 0.013115 9.98683E-05 0.276352
9.98596E-05 0.114757 9.98596E-05 9.98596E-05 0.129493 9.98596E-05 9.98596E-05 0.259255 9.98596E-05 9.98596E-05 0.136022 0.0643661 9.98596E-05 9.98596E-05 0.0995794 9.98596E-05 0.0565391 9.98596E-05 9.98596E-05 0.138391 9.98596E-05 9.98596E-05 9.98596E-05 9.98596E-05
9.98509E-05 9.98509E-05 9.98509E-05 0.0322395 0.480049 9.98509E-05 9.98509E-05 9.98509E-05 0.0235142 9.98509E-05 9.98509E-05 9.98509E-05 9.98509E-05 9.98509E-05 9.98509E-05 9.98509E-05 9.98509E-05 0.156869 9.98509E-05 0.0414165 9.98509E-05 0.0239872 9.98509E-05 0.240228
0.135871 0.10908 9.98597E-05 9.98597E-05 9.98597E-05 0.096647 9.98597E-05 0.342217 9.98597E-05 9.98597E-05 0.00643373 0.0162313 9.98597E-05 9.98597E-05 0.16034 9.98597E-05 9.98597E-05 9.98597E-05 9.98597E-05 9.98597E-05 9.98597E-05 9.98597E-05 9.98597E-05 0.131583
0.0420588 0.152566 9.98509E-05 0.0899349 9.98509E-05 9.98509E-05 9.98509E-05 9.98509E-05 9.98509E-05 0.11286 0.0828343 9.98509E-05 9.98509E-05 9.98509E-05 0.144555 9.98509E-05 9.98509E-05 9.98509E-05 9.98509E-05 9.98509E-05 9.98509E-05 9.98509E-05 9.98509E-05 0.373494
9.97983E-05 9.97983E-05 9.97983E-05 9.97983E-05 9.97983E-05 9.97983E-05 9.97983E-05 9.97983E-05 9.97983E-05 9.97983E-05 9.97983E-05 0.997705 9.97983E-05 9.97983E-05 9.97983E-05 9.97983E-05 9.97983E-05 9.97983E-05 9.97983E-05 9.97983E-05 9.97983E-05 9.97983E-05 9.97983E-05 9.97983E-05
9.98683E-05 0.0268854 0.0891371 9.98683E-05 0.55645 0.026093 9.98683E-05 9.98683E-05 9.98683E-05 0.050485 0.0212345 0.0910429 9.98683E-05 9.98683E-05 9.98683E-05 9.98683E-05 9.98683E-05 9.98683E-05 9.98683E-05 0.0547804 9.98683E-05 9.98683E-05 0.0823934 9.98683E-05
0.00732344 9.98596E-05 0.0931764 9.98596E-05 9.98596E-05 9.98596E-05 0.0232769 9.98596E-05 9.98596E-05 0.0775968 0.11421 9.98596E-05 9.98596E-05 9.98596E-05 0.298806 9.98596E-05 9.98596E-05 9.98596E-05 9.98596E-05 9.98596E-05 9.98596E-05 0.0672115 9.98596E-05 0.316801
9.98334E-05 0.0600724 9.98334E-05 9.98334E-05 9.98334E-05 9.98334E-05 0.0166346 0.103989 9.98334E-05 9.98334E-05 9.98334E-05 0.766824 9.98334E-05 9.98334E-05 9.98334E-05 9.98334E-05 9.98334E-05 9.98334E-05 9.98334E-05 9.98334E-05 9.98334E-05 9.98334E-05 0.0505827 9.98334E-05
9.98421E-05 0.290603 9.98421E-05 9.98421E-05 0.119894 9.98421E-05 9.98421E-05 0.0668204 9.98421E-05 9.98421E-05 9.98421E-05 0.227891 9.98421E-05 9.98421E-05 0.269129 9.98421E-05 9.98421E-05 9.98421E-05 9.98421E-05 9.98421E-05 0.0238663 9.98421E-05 9.98421E-05 9.98421E-05
9.98419E-05 0.213716 9.98419E-05 9.98419E-05 0.490999 9.98419E-05 0.0608381 9.98419E-05 0.0751432 9.98419E-05 0.0777223 9.98419E-05 9.98419E-05 9.98419E-05 9.98419E-05 9.98419E-05 9.98419E-05 9.98419E-05 9.98419E-05 9.98419E-05 9.98419E-05 0.0797842 9.98419E-05 9.98419E-05
9.98596E-05 0.0450172 9.98596E-05 9.98596E-05 0.1804 9.98596E-05 0.090172 9.98596E-05 9.98596E-05 9.98596E-05 0.0150499 9.98596E-05 9.98596E-05 9.98596E-05 0.0200976 9.98596E-05 9.98596E-05 0.00698953 9.98596E-05 0.0112681 9.98596E-05 9.98596E-05 9.98596E-05 0.629408
0.101816 0.0667101 9.98771E-05 9.98771E-05 9.98771E-05 9.98771E-05 0.108092 9.98771E-05 9.98771E-05 9.98771E-05 9.98771E-05 0.0264037 0.366356 0.010723 0.208988 9.98771E-05 0.0723879 9.98771E-05 9.98771E-05 9.98771E-05 0.00306694 9.98771E-05 9.98771E-05 0.0340587
9.98422E-05 0.0405186 9.98422E-05 9.98422E-05 9.98422E-05 9.98422E-05 0.0061332 9.98422E-05 9.98422E-05 0.0322122 9.98422E-05 0.811655 9.98422E-05 0.0163256 0.0913584 9.98422E-05 9.98422E-05 9.98422E-05 9.98422E-05 9.98422E-05 9.98422E-05 9.98422E-05 9.98422E-05 9.98422E-05
9.9851E-05 0.143574 9.9851E-05 9.9851E-05 9.9851E-05 9.9851E-05 0.0223034 0.0268727 9.9851E-05 9.9851E-05 9.9851E-05 0.320244 0.126642 9.9851E-05 0.0047759 9.9851E-05 9.9851E-05 9.9851E-05 9.9851E-05 9.9851E-05 9.9851E-05 9.9851E-05 9.9851E-05 0.353891
9.98157E-05 9.98157E-05 9.98157E-05 9.98157E-05 9.98157E-05 9.98157E-05 9.98157E-05 9.98157E-05 9.98157E-05 9.98157E-05 9.98157E-05 0.695489 9.98157E-05 9.98157E-05 9.98157E-05 9.98157E-05 9.98157E-05 0.263252 9.98157E-05 9.98157E-05 9.98157E-05 0.0391632 9.98157E-05 9.98157E-05
0.00257793 0.0135367 9.98771E-05 9.98771E-05 9.98771E-05 0.0191832 9.98771E-05 9.98771E-05 9.98771E-05 9.98771E-05 0.0428135 0.370575 0.0260522 9.98771E-05 0.00669823 9.98771E-05 9.98771E-05 9.98771E-05 9.98771E-05 9.98771E-05 9.98771E-05 0.0283179 0.0914124 0.397435
9.98598E-05 0.101829 9.98598E-05 9.98598E-05 0.125315 9.98598E-05 0.0867122 9.98598E-05 9.98598E-05 0.0192671 9.98598E-05 9.98598E-05 9.98598E-05 9.98598E-05 0.0714383 0.0771258 9.98598E-05 9.98598E-05 9.98598E-05 9.98598E-05 9.98598E-05 9.98598E-05 0.0902875 0.426428
9.98595E-05 0.0746933 9.98595E-05 9.98595E-05 0.384473 9.98595E-05 0.00232961 0.0864619 9.98595E-05 9.98595E-05 9.98595E-05 9.98595E-05 0.0120037 9.98595E-05 0.0467699 9.98595E-05 9.98595E-05 9.98595E-05 9.98595E-05 9.98595E-05 9.98595E-05 9.98595E-05 0.0895709 0.3021
0.0406167 0.0799312 9.98508E-05 9.98508E-05 0.72541 9.98508E-05 0.0382623 9.98508E-05 9.98508E-05 0.00489285 9.98508E-05 9.98508E-05 9.98508E-05 9.98508E-05 0.0450132 9.98508E-05 9.98508E-05 9.98508E-05 9.98508E-05 9.98508E-05 9.98508E-05 9.98508E-05 9.98508E-05 0.0641761
9.98248E-05 9.98248E-05 9.98248E-05 9.98248E-05 9.98248E-05 9.98248E-05 9.98248E-05 9.98248E-05 0.0924546 9.98248E-05 9.98248E-05 0.516167 9.98248E-05 9.98248E-05 9.98248E-05 9.98248E-05 9.98248E-05 9.98248E-05 9.98248E-05 9.98248E-05 9.98248E-05 9.98248E-05 0.0130335 0.376348
9.98333E-05 9.98333E-05 9.98333E-05 0.0568032 9.98333E-05 9.98333E-05 9.98333E-05 9.98333E-05 9.98333E-05 9.98333E-05 9.98333E-05 9.98333E-05 0.00836517 9.98333E-05 0.0687257 9.98333E-05 9.98333E-05 9.98333E-05 9.98333E-05 0.143416 9.98333E-05 9.98333E-05 9.98333E-05 0.720793
9.98072E-05 9.98072E-05 9.98072E-05 9.98072E-05 9.98072E-05 9.98072E-05 9.98072E-05 9.98072E-05 9.98072E-05 0.0281373 9.98072E-05 0.969667 9.98072E-05 9.98072E-05 9.98072E-05 9.98072E-05 9.98072E-05 9.98072E-05 9.98072E-05 9.98072E-05 9.98072E-05 9.98072E-05 9.98072E-05 9.98072E-05
9.98421E-05 0.0564237 9.98421E-05 0.0386168 0.428863 0.00294858 9.98421E-05 9.98421E-05 9.98421E-05 9.98421E-05 0.13195 0.339401 9.98421E-05 9.98421E-05 9.98421E-05 9.98421E-05 9.98421E-05 9.98421E-05 9.98421E-05 9.98421E-05 9.98421E-05 9.98421E-05 9.98421E-05 9.98421E-05
9.98509E-05 0.13626 0.0625643 9.98509E-05 9.98509E-05 9.98509E-05 9.98509E-05 9.98509E-05 9.98509E-05 9.98509E-05 9.98509E-05 0.142683 9.98509E-05 9.98509E-05 0.0403806 9.98509E-05 9.98509E-05 0.17406 9.98509E-05 9.98509E-05 9.98509E-05 9.98509E-05 0.0269407 0.415413
9.98156E-05 0.0906699 9.98156E-05 9.98156E-05 0.886728 9.98156E-05 9.98156E-05 9.98156E-05 9.98156E-05 0.0205064 9.98156E-05 9.98156E-05 9.98156E-05 9.98156E-05 9.98156E-05 9.98156E-05 9.98156E-05 9.98156E-05 9.98156E-05 9.98156E-05 9.98156E-05 9.98156E-05 9.98156E-05 9.98156E-05
9.97982E-05 9.97982E-05 9.97982E-05 9.97982E-05 9.97982E-05 9.97982E-05 9.97982E-05 9.97982E-05 9.97982E-05 9.97982E-05 9.97982E-05 9.97982E-05 9.97982E-05 9.97982E-05 9.97982E-05 9.97982E-05 9.97982E-05 9.97982E-05 9.97982E-05 9.97982E-05 9.97982E-05 9.97982E-05 9.97982E-05 0.997705
9.98334E-05 0.0526315 9.98334E-05 9.98334E-05 9.98334E-05 9.98334E-05 9.98334E-05 9.98334E-05 9.98334E-05 9.98334E-05 0.0638993 9.98334E-05 0.0381605 9.98334E-05 0.0961205 9.98334E-05 9.98334E-05 9.98334E-05 9.98334E-05 9.98334E-05 9.98334E-05 9.98334E-05 9.98334E-05 0.747291
9.98247E-05 9.98247E-05 9.98247E-05 9.98247E-05 9.98247E-05 9.98247E-05 9.98247E-05 9.98247E-05 9.98247E-05 9.98247E-05 9.98247E-05 0.876152 0.0210701 9.98247E-05 0.0626962 0.0380854 9.98247E-05 9.98247E-05 9.98247E-05 9.98247E-05 9.98247E-05 9.98247E-05 9.98247E-05 9.98247E-05
9.98422E-05 0.122999 9.98422E-05 9.98422E-05 9.98422E-05 9.98422E-05 9.98422E-05 0.237243 9.98422E-05 9.98422E-05 0.0689312 9.98422E-05 9.98422E-05 9.98422E-05 0.0374892 9.98422E-05 9.98422E-05 9.98422E-05 9.98422E-05 9.98422E-05 0.0758346 9.98422E-05 9.98422E-05 0.455705
9.98334E-05 0.147122 9.98334E-05 9.98334E-05 0.285248 9.98334E-05 9.98334E-05 9.98334E-05 9.98334E-05 9.98334E-05 9.98334E-05 0.0482719 9.98334E-05 9.98334E-05 0.424885 9.98334E-05 9.98334E-05 9.98334E-05 9.98334E-05 0.0925765 9.98334E-05 9.98334E-05 9.98334E-05 9.98334E-05
9.98069E-05 9.98069E-05 9.98069E-05 9.98069E-05 9.98069E-05 0.0253168 9.98069E-05 9.98069E-05 9.98069E-05 9.98069E-05 9.98069E-05 9.98069E-05 9.98069E-05 9.98069E-05 9.98069E-05 9.98069E-05 9.98069E-05 9.98069E-05 9.98069E-05 9.98069E-05 9.98069E-05 9.98069E-05 9.98069E-05 0.972487
0.022414 0.00317068 9.98246E-05 9.98246E-05 9.98246E-05 9.98246E-05 9.98246E-05 9.98246E-05 9.98246E-05 9.98246E-05 0.0252969 0.947122 9.98246E-05 9.98246E-05 9.98246E-05 9.98246E-05 9.98246E-05 9.98246E-05 9.98246E-05 9.98246E-05 9.98246E-05 9.98246E-05 9.98246E-05 9.98246E-05
9.98298E-05 0.0245864 9.98298E-05 9.98298E-05 9.98298E-05 0.0113129 9.98298E-05 9.98298E-05 9.98298E-05 9.98298E-05 9.98298E-05 9.98298E-05 9.98298E-05 9.98298E-05 9.98298E-05 9.98298E-05 0.0279863 9.98298E-05 9.98298E-05 9.98298E-05 9.98298E-05 9.98298E-05 9.98298E-05 0.934118
9.98507E-05 0.0997728 9.98507E-05 9.98507E-05 9.98507E-05 9.98507E-05 9.98507E-05 0.114453 9.98507E-05 0.042889 9.98507E-05 0.583243 9.98507E-05 9.98507E-05 0.105497 9.98507E-05 9.98507E-05 9.98507E-05 9.98507E-05 9.98507E-05 9.98507E-05 9.98507E-05 0.00829345 0.0441538
9.97986E-05 9.97986E-05 9.97986E-05 9.97986E-05 0.997705 9.97986E-05 9.97986E-05 9.97986E-05 9.97986E-05 9.97986E-05 9.97986E-05 9.97986E-05 9.97986E-05 9.97986E-05 9.97986E-05 9.97986E-05 9.97986E-05 9.97986E-05 9.97986E-05 9.97986E-05 9.97986E-05 9.97986E-05 9.97986E-05 9.97986E-05
9.98595E-05 0.177006 9.98595E-05 9.98595E-05 9.98595E-05 9.98595E-05 0.105215 9.98595E-05 0.0664364 9.98595E-05 0.0372853 0.447309 0.0653564 9.98595E-05 9.98595E-05 9.98595E-05 9.98595E-05 9.98595E-05 9.98595E-05 9.98595E-05 0.00814556 9.98595E-05 0.0916485 9.98595E-05
9.98333E-05 9.98333E-05 9.98333E-05 9.98333E-05 0.534661 9.98333E-05 9.98333E-05 9.98333E-05 0.00383954 9.98333E-05 9.98333E-05 9.98333E-05 9.98333E-05 9.98333E-05 0.0741957 9.98333E-05 9.98333E-05 9.98333E-05 9.98333E-05 0.148165 9.98333E-05 9.98333E-05 9.98333E-05 0.237242
0.0565469 9.98422E-05 9.98422E-05 0.00139252 9.98422E-05 9.98422E-05 9.98422E-05 9.98422E-05 9.98422E-05 9.98422E-05 9.98422E-05 0.0313156 9.98422E-05 9.98422E-05 9.98422E-05 9.98422E-05 9.98422E-05 0.0373191 9.98422E-05 9.98422E-05 0.00603799 9.98422E-05 9.98422E-05 0.865591
9.98069E-05 9.98069E-05 9.98069E-05 9.98069E-05 0.977608 9.98069E-05 9.98069E-05 9.98069E-05 9.98069E-05 9.98069E-05 9.98069E-05 9.98069E-05 9.98069E-05 9.98069E-05 9.98069E-05 9.98069E-05 0.0201961 9.98069E-05 9.98069E-05 9.98069E-05 9.98069E-05 9.98069E-05 9.98069E-05 9.98069E-05
9.98336E-05 0.113212 9.98336E-05 9.98336E-05 9.98336E-05 9.98336E-05 9.98336E-05 9.98336E-05 9.98336E-05 9.98336E-05 9.98336E-05 0.761003 9.98336E-05 9.98336E-05 9.98336E-05 9.98336E-05 9.98336E-05 9.98336E-05 9.98336E-05 9.98336E-05 0.000442667 0.114135 9.98336E-05 0.00930951
9.98246E-05 9.98246E-05 9.98246E-05 9.98246E-05 9.98246E-05 9.98246E-05 0.0599675 9.98246E-05 0.110406 0.0348246 9.98246E-05 9.98246E-05 9.98246E-05 9.98246E-05 9.98246E-05 9.98246E-05 9.98246E-05 9.98246E-05 9.98246E-05 9.98246E-05 9.98246E-05 9.98246E-05 9.98246E-05 0.792805
0.0212381 9.98334E-05 9.98334E-05 0.0613924 9.98334E-05 9.98334E-05 9.98334E-05 9.98334E-05 9.98334E-05 0.0373639 9.98334E-05 9.98334E-05 9.98334E-05 9.98334E-05 9.98334E-05 9.98334E-05 9.98334E-05 9.98334E-05 9.98334E-05 9.98334E-05 9.98334E-05 9.98334E-05 0.0128216 0.865287
9.98336E-05 0.0250668 9.98336E-05 9.98336E-05 9.98336E-05 9.98336E-05 9.98336E-05 9.98336E-05 9.98336E-05 9.98336E-05 0.00606193 0.848547 9.98336E-05 9.98336E-05 0.00841163 9.98336E-05 9.98336E-05 9.98336E-05 9.98336E-05 0.110016 9.98336E-05 9.98336E-05 9.98336E-05 9.98336E-05
9.98334E-05 9.98334E-05 9.98334E-05 0.00795151 0.0361365 9.98334E-05 9.98334E-05 9.98334E-05 9.98334E-05 9.98334E-05 0.0316554 0.915626 9.98334E-05 9.98334E-05 9.98334E-05 9.98334E-05 9.98334E-05 9.98334E-05 9.98334E-05 9.98334E-05 9.98334E-05 9.98334E-05 0.00673329 9.98334E-05
9.98585E-05 0.149683 9.98585E-05 0.00388375 9.98585E-05 9.98585E-05 0.00949737 0.738049 9.98585E-05 9.98585E-05 0.0518069 9.98585E-05 9.98585E-05 0.0169839 9.98585E-05 9.98585E-05 9.98585E-05 9.98585E-05 9.98585E-05 9.98585E-05 9.98585E-05 9.98585E-05 0.0283981 9.98585E-05
9.98161E-05 9.98161E-05 9.98161E-05 9.98161E-05 9.98161E-05 9.98161E-05 9.98161E-05 0.971583 9.98161E-05 0.0109895 9.98161E-05 9.98161E-05 0.0153312 9.98161E-05 9.98161E-05 9.98161E-05 9.98161E-05 9.98161E-05 9.98161E-05 9.98161E-05 9.98161E-05 9.98161E-05 9.98161E-05 9.98161E-05
0.0593474 9.98246E-05 9.98246E-05 0.000761605 9.98246E-05 9.98246E-05 9.98246E-05 0.921308 9.98246E-05 9.98246E-05 9.98246E-05 9.98246E-05 9.98246E-05 9.98246E-05 9.98246E-05 9.98246E-05 9.98246E-05 0.016586 9.98246E-05 9.98246E-05 9.98246E-05 9.98246E-05 9.98246E-05 9.98246E-05
9.98422E-05 0.0421728 9.98422E-05 0.289163 9.98422E-05 9.98422E-05 0.102331 0.427134 9.98422E-05 9.98422E-05 0.124819 9.98422E-05 9.98422E-05 9.98422E-05 9.98422E-05 9.98422E-05 9.98422E-05 9.98422E-05 9.98422E-05 0.0125835 9.98422E-05 9.98422E-05 9.98422E-05 9.98422E-05
0.0195351 0.0664824 9.98418E-05 9.98418E-05 9.98418E-05 0.0413364 9.98418E-05 0.698998 9.98418E-05 9.98418E-05 0.0244299 9.98418E-05 9.98418E-05 9.98418E-05 0.147421 9.98418E-05 9.98418E-05 9.98418E-05 9.98418E-05 9.98418E-05 9.98418E-05 9.98418E-05 9.98418E-05 9.98418E-05
9.98505E-05 0.143763 9.98505E-05 9.98505E-05 9.98505E-05 9.98505E-05 0.00116418 0.757146 9.98505E-05 9.98505E-05 0.057306 9.98505E-05 9.98505E-05 0.0041191 0.0241713 9.98505E-05 9.98505E-05 9.98505E-05 9.98505E-05 9.98505E-05 0.0106325 9.98505E-05 9.98505E-05 9.98505E-05
9.98332E-05 0.162583 9.98332E-05 0.213642 9.98332E-05 9.98332E-05 9.98332E-05 0.567131 9.98332E-05 9.98332E-05 9.98332E-05 9.98332E-05 9.98332E-05 9.98332E-05 9.98332E-05 9.98332E-05 9.98332E-05 9.98332E-05 9.98332E-05 0.0272097 9.98332E-05 9.98332E-05 0.0275379 9.98332E-05
0.117466 0.035057 9.98418E-05 0.114208 9.98418E-05 9.98418E-05 0.035958 0.653584 9.98418E-05 9.98418E-05 0.0419307 9.98418E-05 9.98418E-05 9.98418E-05 9.98418E-05 9.98418E-05 9.98418E-05 9.98418E-05 9.98418E-05 9.98418E-05 9.98418E-05 9.98418E-05 9.98418E-05 9.98418E-05
9.97983E-05 9.97983E-05 9.97983E-05 9.97983E-05 9.97983E-05 9.97983E-05 9.97983E-05 0.997705 9.97983E-05 9.97983E-05 9.97983E-05 9.97983E-05 9.97983E-05 9.97983E-05 9.97983E-05 9.97983E-05 9.97983E-05 9.97983E-05 9.97983E-05 9.97983E-05 9.97983E-05 9.97983E-05 9.97983E-05 9.97983E-05
9.98068E-05 9.98068E-05 9.98068E-05 9.98068E-05 9.98068E-05 9.98068E-05 9.98068E-05 0.991696 9.98068E-05 9.98068E-05 9.98068E-05 9.98068E-05 9.98068E-05 9.98068E-05 9.98068E-05 9.98068E-05 9.98068E-05 9.98068E-05 9.98068E-05 9.98068E-05 9.98068E-05 9.98068E-05 0.00610812 9.98068E-05
9.98242E-05 0.264012 9.98242E-05 9.98242E-05 9.98242E-05 9.98242E-05 9.98242E-05 0.552474 9.98242E-05 9.98242E-05 0.0391548 9.98242E-05 9.98242E-05 9.98242E-05 9.98242E-05 9.98242E-05 9.98242E-05 9.98242E-05 9.98242E-05 9.98242E-05 9.98242E-05 9.98242E-05 0.142362 9.98242E-05
9.98419E-05 9.98419E-05 9.98419E-05 0.108229 9.98419E-05 9.98419E-05 9.98419E-05 0.494903 9.98419E-05 9.98419E-05 9.98419E-05 9.98419E-05 9.98419E-05 9.98419E-05 0.178774 9.98419E-05 0.125574 9.98419E-05 9.98419E-05 9.98419E-05 9.98419E-05 0.0428932 0.0478293 9.98419E-05
9.98507E-05 9.98507E-05 0.0430294 9.98507E-05 9.98507E-05 9.98507E-05 9.98507E-05 0.600229 0.00672073 9.98507E-05 0.0524863 9.98507E-05 9.98507E-05 9.98507E-05 9.98507E-05 9.98507E-05 0.112225 9.98507E-05 0.14084 9.98507E-05 9.98507E-05 9.98507E-05 0.0427719 9.98507E-05
9.98332E-05 0.161127 9.98332E-05 0.0414615 9.98332E-05 9.98332E-05 9.98332E-05 0.665843 9.98332E-05 9.98332E-05 9.98332E-05 9.98332E-05 9.98332E-05 9.98332E-05 0.115642 9.98332E-05 9.98332E-05 9.98332E-05 9.98332E-05 9.98332E-05 0.0140299 9.98332E-05 9.98332E-05 9.98332E-05
9.98161E-05 9.98161E-05 9.98161E-05 9.98161E-05 9.98161E-05 9.98161E-05 0.032483 0.957761 9.98161E-05 9.98161E-05 9.98161E-05 9.98161E-05 9.98161E-05 9.98161E-05 9.98161E-05 9.98161E-05 9.98161E-05 9.98161E-05 9.98161E-05 9.98161E-05 0.00765943 9.98161E-05 9.98161E-05 9.98161E-05
9.9816E-05 9.9816E-05 9.9816E-05 9.9816E-05 9.9816E-05 9.9816E-05 9.9816E-05 0.929655 9.9816E-05 9.9816E-05 0.0589198 9.9816E-05 9.9816E-05 9.9816E-05 9.9816E-05 0.00932936 9.9816E-05 9.9816E-05 9.9816E-05 9.9816E-05 9.9816E-05 9.9816E-05 9.9816E-05 9.9816E-05
0.0451752 9.98155E-05 9.98155E-05 9.98155E-05 9.98155E-05 9.98155E-05 9.98155E-05 0.764285 9.98155E-05 0.188443 9.98155E-05 9.98155E-05 9.98155E-05 9.98155E-05 9.98155E-05 9.98155E-05 9.98155E-05 9.98155E-05 9.98155E-05 9.98155E-05 9.98155E-05 9.98155E-05 9.98155E-05 9.98155E-05
9.98507E-05 9.98507E-05 9.98507E-05 9.98507E-05 9.98507E-05 9.98507E-05 9.98507E-05 0.70568 9.98507E-05 0.0446202 0.0238977 9.98507E-05 9.98507E-05 9.98507E-05 0.0945876 9.98507E-05 9.98507E-05 9.98507E-05 0.0177375 0.0173292 9.98507E-05 9.98507E-05 0.0944507 9.98507E-05
0.0652619 0.0105505 9.98245E-05 9.98245E-05 9.98245E-05 9.98245E-05 9.98245E-05 0.921098 9.98245E-05 9.98245E-05 9.98245E-05 9.98245E-05 9.98245E-05 9.98245E-05 9.98245E-05 9.98245E-05 9.98245E-05 9.98245E-05 9.98245E-05 9.98245E-05 9.98245E-05 9.98245E-05 0.00109321 9.98245E-05
9.98418E-05 0.210223 9.98418E-05 9.98418E-05 9.98418E-05 9.98418E-05 9.98418E-05 0.656095 0.0080817 9.98418E-05 9.98418E-05 9.98418E-05 0.0748641 9.98418E-05 9.98418E-05 9.98418E-05 0.00735437 9.98418E-05 9.98418E-05 9.98418E-05 9.98418E-05 9.98418E-05 0.0415853 9.98418E-05
9.97987E-05 9.97987E-05 9.97987E-05 9.97987E-05 9.97987E-05 9.97987E-05 9.97987E-05 0.997705 9.97987E-05 9.97987E-05 9.97987E-05 9.97987E-05 9.97987E-05 9.97987E-05 9.97987E-05 9.97987E-05 9.97987E-05 9.97987E-05 9.97987E-05 9.97987E-05 9.97987E-05 9.97987E-05 9.97987E-05 9.97987E-05
9.98243E-05 0.0443079 9.98243E-05 9.98243E-05 9.98243E-05 9.98243E-05 9.98243E-05 0.707673 9.98243E-05 9.98243E-05 9.98243E-05 9.98243E-05 9.98243E-05 0.0412179 0.204805 9.98243E-05 9.98243E-05 9.98243E-05 9.98243E-05 9.98243E-05 9.98243E-05 9.98243E-05 9.98243E-05 9.98243E-05
9.98422E-05 0.0570875 9.98422E-05 9.98422E-05 9.98422E-05 9.98422E-05 0.0491169 0.818561 0.0165406 9.98422E-05 9.98422E-05 9.98422E-05 9.98422E-05 0.0102085 0.0466889 9.98422E-05 9.98422E-05 9.98422E-05 9.98422E-05 9.98422E-05 9.98422E-05 9.98422E-05 9.98422E-05 9.98422E-05
0.0503304 0.0187866 9.98508E-05 9.98508E-05 9.98508E-05 9.98508E-05 9.98508E-05 0.594891 9.98508E-05 0.158509 0.0351179 9.98508E-05 9.98508E-05 9.98508E-05 0.085179 9.98508E-05 9.98508E-05 9.98508E-05 9.98508E-05 9.98508E-05 0.0554888 9.98508E-05 9.98508E-05 9.98508E-05
9.98156E-05 9.98156E-05 9.98156E-05 9.98156E-05 9.98156E-05 9.98156E-05 9.98156E-05 0.824572 9.98156E-05 9.98156E-05 9.98156E-05 9.98156E-05 9.98156E-05 9.98156E-05 9.98156E-05 9.98156E-05 9.98156E-05 9.98156E-05 0.0732156 9.98156E-05 9.98156E-05 9.98156E-05 0.100116 9.98156E-05
9.98337E-05 0.00650222 9.98337E-05 9.98337E-05 9.98337E-05 0.000786005 9.98337E-05 0.911101 9.98337E-05 9.98337E-05 0.0635242 9.98337E-05 0.01619 9.98337E-05 9.98337E-05 9.98337E-05 9.98337E-05 9.98337E-05 9.98337E-05 9.98337E-05 9.98337E-05 9.98337E-05 9.98337E-05 9.98337E-05
9.97985E-05 9.97985E-05 9.97985E-05 9.97985E-05 9.97985E-05 9.97985E-05 9.97985E-05 0.997705 9.97985E-05 9.97985E-05 9.97985E-05 9.97985E-05 9.97985E-05 9.97985E-05 9.97985E-05 9.97985E-05 9.97985E-05 9.97985E-05 9.97985E-05 9.97985E-05 9.97985E-05 9.97985E-05 9.97985E-05 9.97985E-05
9.9816E-05 0.0439556 9.9816E-05 9.9816E-05 9.9816E-05 9.9816E-05 9.9816E-05 0.90595 0.0479978 9.9816E-05 9.9816E-05 9.9816E-05 9.9816E-05 9.9816E-05 9.9816E-05 9.9816E-05 9.9816E-05 9.9816E-05 9.9816E-05 9.9816E-05 9.9816E-05 9.9816E-05 9.9816E-05 9.9816E-05
0.0773727 9.98072E-05 9.98072E-05 9.98072E-05 9.98072E-05 9.98072E-05 9.98072E-05 0.920432 9.98072E-05 9.98072E-05 9.98072E-05 9.98072E-05 9.98072E-05 9.98072E-05 9.98072E-05 9.98072E-05 9.98072E-05 9.98072E-05 9.98072E-05 9.98072E-05 9.98072E-05 9.98072E-05 9.98072E-05 9.98072E-05
9.98336E-05 0.144856 9.98336E-05 9.98336E-05 9.98336E-05 9.98336E-05 9.98336E-05 0.60805 9.98336E-05 9.98336E-05 0.0864547 9.98336E-05 0.0585086 9.98336E-05 9.98336E-05 0.100234 9.98336E-05 9.98336E-05 9.98336E-05 9.98336E-05 9.98336E-05 9.98336E-05 9.98336E-05 9.98336E-05
9.98158E-05 0.157032 9.98158E-05 9.98158E-05 9.98158E-05 9.98158E-05 0.759295 9.98158E-05 9.98158E-05 9.98158E-05 0.0815766 9.98158E-05 9.98158E-05 9.98158E-05 9.98158E-05 9.98158E-05 9.98158E-05 9.98158E-05 9.98158E-05 9.98158E-05 9.98158E-05 9.98158E-05 9.98158E-05 9.98158E-05
9.9816E-05 9.9816E-05 9.9816E-05 9.9816E-05 9.9816E-05 9.9816E-05 0.451832 9.9816E-05 9.9816E-05 9.9816E-05 0.0154814 9.9816E-05 9.9816E-05 9.9816E-05 9.9816E-05 9.9816E-05 9.9816E-05 0.530591 9.9816E-05 9.9816E-05 9.9816E-05 9.9816E-05 9.9816E-05 9.9816E-05
9.98157E-05 0.117031 9.98157E-05 9.98157E-05 9.98157E-05 9.98157E-05 0.859726 9.98157E-05 9.98157E-05 9.98157E-05 9.98157E-05 9.98157E-05 9.98157E-05 9.98157E-05 9.98157E-05 9.98157E-05 9.98157E-05 9.98157E-05 9.98157E-05 9.98157E-05 9.98157E-05 0.0211475 9.98157E-05 9.98157E-05
9.98243E-05 0.0822913 9.98243E-05 9.98243E-05 9.98243E-05 9.98243E-05 0.868048 9.98243E-05 9.98243E-05 9.98243E-05 0.0384598 9.98243E-05 9.98243E-05 9.98243E-05 9.98243E-05 9.98243E-05 9.98243E-05 9.98243E-05 9.98243E-05 9.98243E-05 9.98243E-05 9.98243E-05 0.00920421 9.98243E-05
9.98243E-05 9.98243E-05 9.98243E-05 9.98243E-05 9.98243E-05 9.98243E-05 0.897083 9.98243E-05 9.98243E-05 9.98243E-05 0.026098 9.98243E-05 9.98243E-05 9.98243E-05 9.98243E-05 9.98243E-05 9.98243E-05 9.98243E-05 0.0423959 9.98243E-05 0.0324262 9.98243E-05 9.98243E-05 9.98243E-05
9.98421E-05 0.154431 9.98421E-05 0.0259797 9.98421E-05 9.98421E-05 0.507765 9.98421E-05 9.98421E-05 9.98421E-05 0.19829 9.98421E-05 9.98421E-05 9.98421E-05 9.98421E-05 0.0572385 9.98421E-05 9.98421E-05 9.98421E-05 0.054499 9.98421E-05 9.98421E-05 9.98421E-05 9.98421E-05
0.00694927 0.0931984 9.98596E-05 9.98596E-05 9.98596E-05 9.98596E-05 0.76484 9.98596E-05 9.98596E-05 9.98596E-05 0.0290505 9.98596E-05 9.98596E-05 9.98596E-05 0.0926005 9.98596E-05 9.98596E-05 9.98596E-05 9.98596E-05 0.00430999 9.98596E-05 0.00731921 0.000134699 9.98596E-05
9.9807E-05 9.9807E-05 9.9807E-05 9.9807E-05 9.9807E-05 9.9807E-05 0.715523 9.9807E-05 9.9807E-05 9.9807E-05 0.282281 9.9807E-05 9.9807E-05 9.9807E-05 9.9807E-05 9.9807E-05 9.9807E-05 9.9807E-05 9.9807E-05 9.9807E-05 9.9807E-05 9.9807E-05 9.9807E-05 9.9807E-05
9.98594E-05 0.0238054 9.98594E-05 0.0319009 9.98594E-05 9.98594E-05 0.387414 9.98594E-05 9.98594E-05 9.98594E-05 0.294105 9.98594E-05 0.18905 9.98594E-05 0.0111579 9.98594E-05 9.98594E-05 9.98594E-05 9.98594E-05 9.98594E-05 9.98594E-05 0.0481653 0.0128035 9.98594E-05
9.98333E-05 0.248125 9.98333E-05 9.98333E-05 9.98333E-05 9.98333E-05 0.481272 9.98333E-05 9.98333E-05 9.98333E-05 0.197758 9.98333E-05 9.98333E-05 9.98333E-05 0.0192513 9.98333E-05 9.98333E-05 9.98333E-05 9.98333E-05 0.0516973 9.98333E-05 9.98333E-05 9.98333E-05 9.98333E-05
9.98246E-05 9.98246E-05 9.98246E-05 0.179754 9.98246E-05 9.98246E-05 0.532588 9.98246E-05 9.98246E-05 9.98246E-05 0.0324008 9.98246E-05 9.98246E-05 9.98246E-05 9.98246E-05 9.98246E-05 9.98246E-05 0.253261 9.98246E-05 9.98246E-05 9.98246E-05 9.98246E-05 9.98246E-05 9.98246E-05
9.98333E-05 0.0566184 9.98333E-05 0.15218 9.98333E-05 9.98333E-05 0.518355 9.98333E-05 9.98333E-05 9.98333E-05 9.98333E-05 0.00505479 9.98333E-05 9.98333E-05 9.98333E-05 9.98333E-05 9.98333E-05 0.265895 9.98333E-05 9.98333E-05 9.98333E-05 9.98333E-05 9.98333E-05 9.98333E-05
9.98248E-05 9.98248E-05 9.98248E-05 9.98248E-05 9.98248E-05 9.98248E-05 0.845879 9.98248E-05 9.98248E-05 9.98248E-05 0.0535802 9.98248E-05 9.98248E-05 9.98248E-05 9.98248E-05 0.0746541 9.98248E-05 9.98248E-05 9.98248E-05 0.0238905 9.98248E-05 9.98248E-05 9.98248E-05 9.98248E-05
9.98246E-05 0.200777 9.98246E-05 9.98246E-05 9.98246E-05 9.98246E-05 0.55804 9.98246E-05 9.98246E-05 9.98246E-05 0.129096 9.98246E-05 9.98246E-05 9.98246E-05 9.98246E-05 0.11009 9.98246E-05 9.98246E-05 9.98246E-05 9.98246E-05 9.98246E-05 9.98246E-05 9.98246E-05 9.98246E-05
0.128693 9.98597E-05 9.98597E-05 9.98597E-05 9.98597E-05 9.98597E-05 0.682309 9.98597E-05 9.98597E-05 9.98597E-05 0.0364493 9.98597E-05 9.98597E-05 9.98597E-05 9.98597E-05 0.0446516 0.0136968 0.0563689 0.0327524 9.98597E-05 9.98597E-05 9.98597E-05 0.0034811 9.98597E-05
9.98509E-05 0.115619 9.98509E-05 0.0245606 9.98509E-05 9.98509E-05 0.638088 9.98509E-05 9.98509E-05 9.98509E-05 0.036234 9.98509E-05 0.134754 9.98509E-05 9.98509E-05 9.98509E-05 9.98509E-05 0.0160385 9.98509E-05 0.0330082 9.98509E-05 9.98509E-05 9.98509E-05 9.98509E-05
9.98419E-05 0.138098 9.98419E-05 0.298285 9.98419E-05 0.0640951 0.437412 9.98419E-05 9.98419E-05 9.98419E-05 9.98419E-05 9.98419E-05 9.98419E-05 9.98419E-05 9.98419E-05 0.0369815 9.98419E-05 0.0233313 9.98419E-05 9.98419E-05 9.98419E-05 9.98419E-05 9.98419E-05 9.98419E-05
9.98511E-05 9.98511E-05 0.0424996 9.98511E-05 0.00654312 9.98511E-05 0.656413 9.98511E-05 9.98511E-05 9.98511E-05 0.0564103 9.98511E-05 9.98511E-05 9.98511E-05 0.0893019 9.98511E-05 9.98511E-05 0.112801 9.98511E-05 0.0343326 9.98511E-05 9.98511E-05 9.98511E-05 9.98511E-05
9.98072E-05 9.98072E-05 0.00750539 9.98072E-05 9.98072E-05 9.98072E-05 0.990299 9.98072E-05 9.98072E-05 9.98072E-05 9.98072E-05 9.98072E-05 9.98072E-05 9.98072E-05 9.98072E-05 9.98072E-05 9.98072E-05 9.98072E-05 9.98072E-05 9.98072E-05 9.98072E-05 9.98072E-05 9.98072E-05 9.98072E-05
9.98683E-05 0.11458 9.98683E-05 9.98683E-05 9.98683E-05 0.0116813 0.143558 9.98683E-05 0.0696486 9.98683E-05 0.044489 9.98683E-05 9.98683E-05 0.058216 9.98683E-05 9.98683E-05 9.98683E-05 0.398209 9.98683E-05 0.127863 9.98683E-05 9.98683E-05 0.0302581 9.98683E-05
9.98333E-05 0.0631888 9.98333E-05 0.158443 9.98333E-05 9.98333E-05 0.727753 9.98333E-05 9.98333E-05 9.98333E-05 9.98333E-05 9.98333E-05 9.98333E-05 9.98333E-05 9.98333E-05 0.0339675 9.98333E-05 9.98333E-05 9.98333E-05 0.0147505 9.98333E-05 9.98333E-05 9.98333E-05 9.98333E-05
9.9807E-05 9.9807E-05 9.9807E-05 9.9807E-05 9.9807E-05 9.9807E-05 0.955992 9.9807E-05 9.9807E-05 9.9807E-05 0.0418123 9.9807E-05 9.9807E-05 9.9807E-05 9.9807E-05 9.9807E-05 9.9807E-05 9.9807E-05 9.9807E-05 9.9807E-05 9.9807E-05 9.9807E-05 9.9807E-05 9.9807E-05
9.98333E-05 0.204923 9.98333E-05 0.1472 9.98333E-05 0.0838782 0.31014 9.98333E-05 9.98333E-05 9.98333E-05 0.251962 9.98333E-05 9.98333E-05 9.98333E-05 9.98333E-05 9.98333E-05 9.98333E-05 9.98333E-05 9.98333E-05 9.98333E-05 9.98333E-05 9.98333E-05 9.98333E-05 9.98333E-05
9.98247E-05 9.98247E-05 9.98247E-05 9.98247E-05 9.98247E-05 9.98247E-05 0.682027 9.98247E-05 9.98247E-05 9.98247E-05 0.147877 9.98247E-05 9.98247E-05 9.98247E-05 9.98247E-05 0.11289 9.98247E-05 9.98247E-05 9.98247E-05 9.98247E-05 9.98247E-05 0.0552095 9.98247E-05 9.98247E-05
9.98332E-05 0.216114 9.98332E-05 0.0913988 9.98332E-05 0.0689024 0.408261 9.98332E-05 9.98332E-05 9.98332E-05 0.213428 9.98332E-05 9.98332E-05 9.98332E-05 9.98332E-05 9.98332E-05 9.98332E-05 9.98332E-05 9.98332E-05 9.98332E-05 9.98332E-05 9.98332E-05 9.98332E-05 9.98332E-05
9.98422E-05 0.139215 9.98422E-05 9.98422E-05 9.98422E-05 9.98422E-05 0.329898 0.0802854 9.98422E-05 9.98422E-05 0.136934 9.98422E-05 9.98422E-05 9.98422E-05 9.98422E-05 0.289013 9.98422E-05 9.98422E-05 0.0228574 9.98422E-05 9.98422E-05 9.98422E-05 9.98422E-05 9.98422E-05
9.98333E-05 9.98333E-05 9.98333E-05 9.98333E-05 9.98333E-05 9.98333E-05 0.0248346 9.98333E-05 0.0167286 9.98333E-05 9.98333E-05 9.98333E-05 9.98333E-05 0.0630853 9.98333E-05 9.98333E-05 9.98333E-05 0.83831 9.98333E-05 9.98333E-05 0.0551445 9.98333E-05 9.98333E-05 9.98333E-05
9.98243E-05 0.110285 9.98243E-05 9.98243E-05 9.98243E-05 9.98243E-05 0.757949 9.98243E-05 9.98243E-05 0.0325388 0.0972306 9.98243E-05 9.98243E-05 9.98243E-05 9.98243E-05 9.98243E-05 9.98243E-05 9.98243E-05 9.98243E-05 9.98243E-05 9.98243E-05 9.98243E-05 9.98243E-05 9.98243E-05
9.98247E-05 0.194966 9.98247E-05 9.98247E-05 9.98247E-05 9.98247E-05 0.578853 9.98247E-05 9.98247E-05 9.98247E-05 0.21042 9.98247E-05 9.98247E-05 9.98247E-05 9.98247E-05 9.98247E-05 9.98247E-05 0.0137648 9.98247E-05 9.98247E-05 9.98247E-05 9.98247E-05 9.98247E-05 9.98247E-05
9.98421E-05 0.0733905 0.157986 9.98421E-05 9.98421E-05 9.98421E-05 0.630042 9.98421E-05 9.98421E-05 9.98421E-05 9.98421E-05 9.98421E-05 9.98421E-05 9.98421E-05 0.00498852 9.98421E-05 9.98421E-05 0.101314 9.98421E-05 9.98421E-05 9.98421E-05 9.98421E-05 0.0304819 9.98421E-05
9.98598E-05 0.195077 9.98598E-05 0.013607 9.98598E-05 9.98598E-05 0.706582 9.98598E-05 0.00739675 9.98598E-05 0.0354586 9.98598E-05 9.98598E-05 9.98598E-05 9.98598E-05 0.0052356 0.000734946 9.98598E-05 9.98598E-05 9.98598E-05 9.98598E-05 9.98598E-05 0.0343104 9.98598E-05
9.98158E-05 0.000918403 9.98158E-05 9.98158E-05 9.98158E-05 0.0057724 0.991213 9.98158E-05 9.98158E-05 9.98158E-05 9.98158E-05 9.98158E-05 9.98158E-05 9.98158E-05 9.98158E-05 9.98158E-05 9.98158E-05 9.98158E-05 9.98158E-05 9.98158E-05 9.98158E-05 9.98158E-05 9.98158E-05 9.98158E-05
9.98332E-05 0.191052 0.0175152 9.98332E-05 9.98332E-05 0.139819 0.4455 9.98332E-05 9.98332E-05 9.98332E-05 0.204217 9.98332E-05 9.98332E-05 9.98332E-05 9.98332E-05 9.98332E-05 9.98332E-05 9.98332E-05 9.98332E-05 9.98332E-05 9.98332E-05 9.98332E-05 9.98332E-05 9.98332E-05
9.98419E-05 0.00807184 9.98419E-05 9.98419E-05 9.98419E-05 0.0320485 0.727886 9.98419E-05 9.98419E-05 9.98419E-05 0.035203 9.98419E-05 9.98419E-05 9.98419E-05 0.171056 9.98419E-05 9.98419E-05 9.98419E-05 9.98419E-05 9.98419E-05 9.98419E-05 0.0239378 9.98419E-05 9.98419E-05
9.98158E-05 0.0531656 9.98158E-05 9.98158E-05 9.98158E-05 9.98158E-05 0.879791 9.98158E-05 9.98158E-05 9.98158E-05 9.98158E-05 9.98158E-05 9.98158E-05 9.98158E-05 9.98158E-05 0.0649475 9.98158E-05 9.98158E-05 9.98158E-05 9.98158E-05 9.98158E-05 9.98158E-05 9.98158E-05 9.98158E-05
9.98595E-05 9.98595E-05 9.98595E-05 9.98595E-05 9.98595E-05 9.98595E-05 0.582422 9.98595E-05 9.98595E-05 9.98595E-05 0.0613308 9.98595E-05 0.129396 9.98595E-05 9.98595E-05 0.049415 9.98595E-05 0.0974932 0.0249806 0.00283303 9.98595E-05 9.98595E-05 0.0505315 9.98595E-05
9.98243E-05 0.221128 9.98243E-05 9.98243E-05 9.98243E-05 9.98243E-05 0.721851 9.98243E-05 9.98243E-05 9.98243E-05 0.0543459 9.98243E-05 9.98243E-05 9.98243E-05 9.98243E-05 9.98243E-05 9.98243E-05 9.98243E-05 0.000678389 9.98243E-05 9.98243E-05 9.98243E-05 9.98243E-05 9.98243E-05
9.9842E-05 0.00892665 0.00781328 9.9842E-05 9.9842E-05 9.9842E-05 0.234254 9.9842E-05 9.9842E-05 9.9842E-05 0.065425 9.9842E-05 9.9842E-05 9.9842E-05 9.9842E-05 0.667903 9.9842E-05 9.9842E-05 9.9842E-05 0.0138801 9.9842E-05 9.9842E-05 9.9842E-05 9.9842E-05
9.9816E-05 0.0995365 9.9816E-05 9.9816E-05 9.9816E-05 9.9816E-05 0.620987 9.9816E-05 9.9816E-05 9.9816E-05 9.9816E-05 9.9816E-05 9.9816E-05 9.9816E-05 9.9816E-05 0.27738 9.9816E-05 9.9816E-05 9.9816E-05 9.9816E-05 9.9816E-05 9.9816E-05 9.9816E-05 9.9816E-05
9.98161E-05 9.98161E-05 9.98161E-05 9.98161E-05 9.98161E-05 9.98161E-05 0.601997 9.98161E-05 9.98161E-05 9.98161E-05 0.0381523 9.98161E-05 9.98161E-05 9.98161E-05 9.98161E-05 0.357754 9.98161E-05 9.98161E-05 9.98161E-05 9.98161E-05 9.98161E-05 9.98161E-05 9.98161E-05 9.98161E-05
9.98159E-05 9.98159E-05 9.98159E-05 9.98159E-05 9.98159E-05 9.98159E-05 0.436716 9.98159E-05 9.98159E-05 9.98159E-05 0.00396194 9.98159E-05 9.98159E-05 9.98159E-05 9.98159E-05 0.557226 9.98159E-05 9.98159E-05 9.98159E-05 9.98159E-05 9.98159E-05 9.98159E-05 9.98159E-05 9.98159E-05
9.98244E-05 0.247927 9.98244E-05 0.113969 9.98244E-05 9.98244E-05 0.505055 9.98244E-05 9.98244E-05 9.98244E-05 0.131052 9.98244E-05 9.98244E-05 9.98244E-05 9.98244E-05 9.98244E-05 9.98244E-05 9.98244E-05 9.98244E-05 9.98244E-05 9.98244E-05 9.98244E-05 9.98244E-05 9.98244E-05
9.98158E-05 9.98158E-05 9.98158E-05 9.98158E-05 9.98158E-05 9.98158E-05 0.749694 9.98158E-05 9.98158E-05 9.98158E-05 0.120273 9.98158E-05 9.98158E-05 0.127937 9.98158E-05 9.98158E-05 9.98158E-05 9.98158E-05 9.98158E-05 9.98158E-05 9.98158E-05 9.98158E-05 9.98158E-05 9.98158E-05
9.98246E-05 9.98246E-05 9.98246E-05 9.98246E-05 9.98246E-05 0.0206389 0.10029 9.98246E-05 9.98246E-05 9.98246E-05 0.170575 9.98246E-05 9.98246E-05 9.98246E-05 9.98246E-05 9.98246E-05 9.98246E-05 0.706499 9.98246E-05 9.98246E-05 9.98246E-05 9.98246E-05 9.98246E-05 9.98246E-05
9.98071E-05 9.98071E-05 9.98071E-05 9.98071E-05 9.98071E-05 9.98071E-05 0.267748 9.98071E-05 9.98071E-05 9.98071E-05 9.98071E-05 9.98071E-05 9.98071E-05 9.98071E-05 9.98071E-05 9.98071E-05 9.98071E-05 0.730056 9.98071E-05 9.98071E-05 9.98071E-05 9.98071E-05 9.98071E-05 9.98071E-05
9.98333E-05 9.98333E-05 9.98333E-05 0.165626 9.98333E-05 0.100305 0.561279 9.98333E-05 9.98333E-05 9.98333E-05 0.162321 9.98333E-05 9.98333E-05 9.98333E-05 0.00857194 9.98333E-05 9.98333E-05 9.98333E-05 9.98333E-05 9.98333E-05 9.98333E-05 9.98333E-05 9.98333E-05 9.98333E-05
9.98509E-05 0.0913679 9.98509E-05 9.98509E-05 9.98509E-05 9.98509E-05 0.429329 0.183041 9.98509E-05 9.98509E-05 0.110105 9.98509E-05 0.0557402 9.98509E-05 9.98509E-05 9.98509E-05 9.98509E-05 0.116109 0.0126096 9.98509E-05 9.98509E-05 9.98509E-05 9.98509E-05 9.98509E-05
9.98685E-05 0.0371086 9.98685E-05 0.0577428 9.98685E-05 9.98685E-05 0.446169 9.98685E-05 9.98685E-05 9.98685E-05 0.16414 9.98685E-05 0.039569 9.98685E-05 0.024721 9.98685E-05 0.0301276 0.122994 9.98685E-05 9.98685E-05 0.0759298 9.98685E-05 9.98685E-05 9.98685E-05
0.00248961 0.12795 9.98422E-05 9.98422E-05 9.98422E-05 0.0871954 0.486442 9.98422E-05 9.98422E-05 9.98422E-05 0.268719 9.98422E-05 9.98422E-05 9.98422E-05 9.98422E-05 9.98422E-05 9.98422E-05 9.98422E-05 0.0254067 9.98422E-05 9.98422E-05 9.98422E-05 9.98422E-05 9.98422E-05
9.98157E-05 0.0101715 9.98157E-05 9.98157E-05 9.98157E-05 9.98157E-05 0.33403 9.98157E-05 9.98157E-05 9.98157E-05 9.98157E-05 9.98157E-05 9.98157E-05 9.98157E-05 9.98157E-05 0.653702 9.98157E-05 9.98157E-05 9.98157E-05 9.98157E-05 9.98157E-05 9.98157E-05 9.98157E-05 9.98157E-05
9.98157E-05 0.122604 9.98157E-05 9.98157E-05 9.98157E-05 9.98157E-05 0.643713 9.98157E-05 9.98157E-05 9.98157E-05 9.98157E-05 9.98157E-05 9.98157E-05 9.98157E-05 9.98157E-05 9.98157E-05 9.98157E-05 9.98157E-05 9.98157E-05 0.231587 9.98157E-05 9.98157E-05 9.98157E-05 9.98157E-05
9.98509E-05 9.98509E-05 0.0197199 9.98509E-05 9.98509E-05 9.98509E-05 0.150858 9.98509E-05 9.98509E-05 9.98509E-05 0.140964 9.98509E-05 9.98509E-05 0.0296652 9.98509E-05 0.191908 9.98509E-05 0.451333 9.98509E-05 9.98509E-05 9.98509E-05 9.98509E-05 0.0138554 9.98509E-05
0.0750079 0.173981 9.98335E-05 9.98335E-05 9.98335E-05 9.98335E-05 0.342354 9.98335E-05 9.98335E-05 9.98335E-05 0.0797452 9.98335E-05 9.98335E-05 9.98335E-05 9.98335E-05 0.327015 9.98335E-05 9.98335E-05 9.98335E-05 9.98335E-05 9.98335E-05 9.98335E-05 9.98335E-05 9.98335E-05
9.98245E-05 9.98245E-05 9.98245E-05 0.0159996 9.98245E-05 9.98245E-05 0.875251 9.98245E-05 9.98245E-05 9.98245E-05 0.0501524 9.98245E-05 9.98245E-05 9.98245E-05 9.98245E-05 9.98245E-05 0.0566007 9.98245E-05 9.98245E-05 9.98245E-05 9.98245E-05 9.98245E-05 9.98245E-05 9.98245E-05
0.0986119 9.98159E-05 9.98159E-05 9.98159E-05 9.98159E-05 9.98159E-05 0.85456 9.98159E-05 9.98159E-05 0.0447321 9.98159E-05 9.98159E-05 9.98159E-05 9.98159E-05 9.98159E-05 9.98159E-05 9.98159E-05 9.98159E-05 9.98159E-05 9.98159E-05 9.98159E-05 9.98159E-05 9.98159E-05 9.98159E-05
9.9842E-05 0.274353 9.9842E-05 0.21369 9.9842E-05 0.00240344 0.366738 9.9842E-05 9.9842E-05 9.9842E-05 0.129904 9.9842E-05 9.9842E-05 0.0111133 9.9842E-05 9.9842E-05 9.9842E-05 9.9842E-05 9.9842E-05 9.9842E-05 9.9842E-05 9.9842E-05 9.9842E-05 9.9842E-05
