9.99473E-05 9.99473E-05 0.0672886 9.99473E-05 0.167986 0.057033 9.99473E-05 0.463693 9.99473E-05 0.139044 9.99473E-05 0.104355
0.0415958 9.99473E-05 9.99473E-05 9.99473E-05 0.049449 9.99473E-05 9.99473E-05 0.720808 9.99473E-05 0.148956 0.0281443 0.0104467
9.9956E-05 9.9956E-05 0.0273591 9.9956E-05 0.038388 9.9956E-05 0.00381611 0.851659 0.0074752 9.9956E-05 0.0685113 0.00229114
0.0143907 9.99561E-05 9.99561E-05 0.0954091 0.0941705 0.332065 9.99561E-05 0.253245 9.99561E-05 9.99561E-05 0.0782958 0.131924
9.99385E-05 9.99385E-05 9.99385E-05 0.0207396 9.99385E-05 0.0277595 9.99385E-05 0.824532 9.99385E-05 0.00227152 0.123998 9.99385E-05
0.0237792 9.99562E-05 9.99562E-05 0.181512 0.0585457 0.0914945 9.99562E-05 0.290773 9.99562E-05 0.157661 0.195734 9.99562E-05
9.99561E-05 9.99561E-05 0.0772159 9.99561E-05 0.0240754 0.226552 0.0360073 0.27833 9.99561E-05 0.203408 9.99561E-05 0.153911
9.99561E-05 0.066626 9.99561E-05 0.233037 9.99561E-05 0.12397 0.0872827 0.259053 9.99561E-05 9.99561E-05 0.182431 0.0471005
0.0190491 9.99386E-05 0.150502 0.279209 0.322941 9.99386E-05 9.99386E-05 0.227599 9.99386E-05 9.99386E-05 9.99386E-05 9.99386E-05
9.9921E-05 0.019278 9.9921E-05 9.9921E-05 0.216379 9.9921E-05 9.9921E-05 0.763444 9.9921E-05 9.9921E-05 9.9921E-05 9.9921E-05
0.0107118 9.99649E-05 0.0607969 0.0390337 0.262055 0.125846 0.00933157 0.425815 9.99649E-05 9.99649E-05 9.99649E-05 0.0660105
0.0466307 9.99473E-05 9.99473E-05 0.030504 9.99473E-05 0.0378339 0.0142425 0.843145 9.99473E-05 9.99473E-05 9.99473E-05 0.0270438
9.99298E-05 9.99298E-05 9.99298E-05 0.0322431 0.136997 9.99298E-05 9.99298E-05 0.788443 9.99298E-05 9.99298E-05 0.0415171 9.99298E-05
9.99386E-05 9.99386E-05 9.99386E-05 9.99386E-05 0.107526 9.99386E-05 0.0275504 0.622407 0.19449 9.99386E-05 9.99386E-05 0.0473268
9.99561E-05 0.0434966 0.12683 0.153005 0.180082 9.99561E-05 9.99561E-05 0.270721 0.125962 0.0994042 9.99561E-05 9.99561E-05
9.99473E-05 9.99473E-05 9.99473E-05 0.234444 0.151636 0.226488 0.116419 0.265047 9.99473E-05 9.99473E-05 9.99473E-05 0.00536668
9.99561E-05 9.99561E-05 9.99561E-05 9.99561E-05 0.0794794 0.0428202 0.0285356 0.602181 0.0348687 0.146569 9.99561E-05 0.0650463
0.131818 0.240107 0.0271979 0.0738226 0.255082 9.99561E-05 0.00320057 0.268272 9.99561E-05 9.99561E-05 9.99561E-05 9.99561E-05
0.0393368 0.0221252 9.99561E-05 0.174765 0.278545 0.188991 9.99561E-05 0.260745 9.99561E-05 9.99561E-05 9.99561E-05 0.0349928
0.0715807 9.99297E-05 9.99297E-05 0.00629115 0.0047562 9.99297E-05 9.99297E-05 0.916572 9.99297E-05 9.99297E-05 9.99297E-05 9.99297E-05
0.105209 9.99561E-05 0.0305957 0.107055 9.99561E-05 0.101538 9.99561E-05 0.436418 9.99561E-05 9.99561E-05 0.128561 0.0901241
9.99561E-05 9.99561E-05 9.99561E-05 0.219155 0.016435 0.223473 9.99561E-05 0.31699 9.99561E-05 0.0347743 0.185783 0.00288949
9.99386E-05 9.99386E-05 9.99386E-05 0.0738943 0.20322 9.99386E-05 9.99386E-05 0.56978 9.99386E-05 0.0593929 9.99386E-05 0.0930141
9.99385E-05 9.99385E-05 0.178322 9.99385E-05 0.353618 0.0326387 0.042376 0.392346 9.99385E-05 9.99385E-05 9.99385E-05 9.99385E-05
0.110772 9.99649E-05 0.0477546 0.0779145 0.318291 0.0620188 9.99649E-05 0.300671 0.0159957 9.99649E-05 9.99649E-05 0.0661827
9.99385E-05 9.99385E-05 9.99385E-05 0.0426549 0.198573 0.155723 9.99385E-05 0.599443 9.99385E-05 9.99385E-05 9.99385E-05 0.00290614
9.99736E-05 0.141024 9.99736E-05 0.0434188 0.269097 0.0714339 0.122814 0.0856602 0.190749 0.0530984 9.99736E-05 0.0224051
9.9921E-05 9.9921E-05 9.9921E-05 9.9921E-05 0.192433 0.172803 9.9921E-05 0.633865 9.9921E-05 9.9921E-05 9.9921E-05 9.9921E-05
9.99386E-05 9.99386E-05 0.0249005 9.99386E-05 0.30594 0.0316249 9.99386E-05 0.563168 9.99386E-05 9.99386E-05 9.99386E-05 0.0736675
9.99385E-05 9.99385E-05 9.99385E-05 0.0644195 0.105581 9.99385E-05 9.99385E-05 0.752529 0.0642879 9.99385E-05 0.0124837 9.99385E-05
0.0183796 0.000864062 9.99561E-05 0.049445 0.104467 0.0364363 9.99561E-05 0.648902 9.99561E-05 9.99561E-05 9.99561E-05 0.141007
9.99474E-05 9.99474E-05 9.99474E-05 9.99474E-05 0.185813 0.206278 0.00790475 0.446035 0.0872289 9.99474E-05 0.066141 9.99474E-05
9.99385E-05 9.99385E-05 9.99385E-05 0.0287458 0.195785 9.99385E-05 0.102 0.548254 9.99385E-05 9.99385E-05 9.99385E-05 0.124515
9.99649E-05 0.0128827 0.0519299 9.99649E-05 0.185952 0.16726 9.99649E-05 0.380522 0.142435 9.99649E-05 0.0105009 0.0481174
0.0281223 0.0166835 9.99561E-05 0.0176262 0.0558316 9.99561E-05 9.99561E-05 0.805105 9.99561E-05 0.0627783 9.99561E-05 0.0133536
9.99561E-05 9.99561E-05 0.0425031 0.0222975 0.0823557 0.170529 9.99561E-05 0.632527 9.99561E-05 0.0126612 9.99561E-05 0.0366267
9.99386E-05 9.99386E-05 9.99386E-05 9.99386E-05 9.99386E-05 0.0699655 0.0796107 0.824134 9.99386E-05 0.0024878 9.99386E-05 0.0231027
0.107285 9.99386E-05 9.99386E-05 0.134268 0.0997689 9.99386E-05 9.99386E-05 0.590449 9.99386E-05 0.067529 9.99386E-05 9.99386E-05
0.012349 9.99649E-05 9.99649E-05 0.0733953 0.114776 9.99649E-05 9.99649E-05 0.470606 0.0658655 0.0800247 0.136463 0.0461208
9.99298E-05 9.99298E-05 9.99298E-05 9.99298E-05 0.336277 9.99298E-05 0.129339 0.519296 0.0142875 9.99298E-05 9.99298E-05 9.99298E-05
9.99386E-05 9.99386E-05 9.99386E-05 0.0356429 0.0524646 0.0771119 9.99386E-05 0.74683 9.99386E-05 9.99386E-05 9.99386E-05 0.087251
9.99385E-05 9.99385E-05 0.0703878 0.0709315 0.213939 9.99385E-05 9.99385E-05 0.612518 9.99385E-05 0.0315244 9.99385E-05 9.99385E-05
9.99385E-05 0.0111987 9.99385E-05 9.99385E-05 9.99385E-05 9.99385E-05 9.99385E-05 0.85166 0.019067 0.102298 0.0150766 9.99385E-05
9.99649E-05 9.99649E-05 0.116761 0.0722842 0.351239 0.0316687 9.99649E-05 0.349765 9.99649E-05 0.0112777 0.00784211 0.058763
0.0369036 9.99562E-05 0.0486799 9.99562E-05 0.267501 0.412441 9.99562E-05 0.188863 9.99562E-05 9.99562E-05 0.00653742 0.0385746
0.0765704 9.99384E-05 9.99384E-05 9.99384E-05 0.0966007 0.0715595 9.99384E-05 0.754116 9.99384E-05 9.99384E-05 0.000454012 9.99384E-05
9.99385E-05 0.0668229 9.99385E-05 0.044172 0.11796 9.99385E-05 9.99385E-05 0.758416 9.99385E-05 9.99385E-05 9.99385E-05 0.0119293
9.99297E-05 9.99297E-05 9.99297E-05 9.99297E-05 0.0840279 9.99297E-05 0.0437474 0.853434 9.99297E-05 9.99297E-05 0.0179917 9.99297E-05
9.99385E-05 9.99385E-05 9.99385E-05 9.99385E-05 0.237177 0.0335026 0.0196038 0.646428 9.99385E-05 9.99385E-05 9.99385E-05 0.0625894
0.0325991 0.0681944 9.99562E-05 0.0475431 0.000738995 9.99562E-05 0.0909342 0.735538 9.99562E-05 9.99562E-05 9.99562E-05 0.0239529
0.00839785 9.99649E-05 9.99649E-05 0.0647582 0.307836 0.105823 9.99649E-05 0.259782 0.0742371 9.99649E-05 0.0228021 0.155963
0.0160279 9.99561E-05 0.0112044 0.0304176 9.99561E-05 0.222501 0.0399303 0.626837 9.99561E-05 9.99561E-05 0.0525821 9.99561E-05
9.99298E-05 0.0702325 9.99298E-05 0.000477348 0.0553377 9.99298E-05 9.99298E-05 0.873153 9.99298E-05 9.99298E-05 9.99298E-05 9.99298E-05
9.99474E-05 0.0205494 9.99474E-05 0.0244738 0.0958945 9.99474E-05 0.258427 0.582405 9.99474E-05 9.99474E-05 0.01765 9.99474E-05
9.99299E-05 9.99299E-05 9.99299E-05 9.99299E-05 0.172274 0.100425 9.99299E-05 0.684975 9.99299E-05 9.99299E-05 9.99299E-05 0.0415273
0.0821441 0.00205056 9.99561E-05 9.99561E-05 9.99561E-05 9.99561E-05 0.0499481 0.664221 0.0868187 9.99561E-05 0.110728 0.00358973
9.99473E-05 0.107021 9.99473E-05 0.0655621 0.171828 0.0364589 9.99473E-05 0.596222 9.99473E-05 9.99473E-05 9.99473E-05 0.0223086
9.99298E-05 9.99298E-05 9.99298E-05 9.99298E-05 0.0849929 0.126191 9.99298E-05 0.750585 9.99298E-05 9.99298E-05 9.99298E-05 0.037432
9.99473E-05 9.99473E-05 9.99473E-05 0.0117256 0.0702908 9.99473E-05 9.99473E-05 0.807959 9.99473E-05 0.0219224 0.033621 0.0538814
9.99561E-05 0.0588087 9.99561E-05 0.0716975 0.344314 0.0707112 9.99561E-05 0.0963863 9.99561E-05 0.315435 9.99561E-05 0.0421467
9.99562E-05 9.99562E-05 0.0507477 9.99562E-05 0.0763829 0.309079 0.0353384 0.299074 9.99562E-05 0.215391 9.99562E-05 0.0134869
9.99474E-05 0.225928 0.0261612 9.99474E-05 0.0194805 9.99474E-05 9.99474E-05 0.297319 9.99474E-05 0.366571 9.99474E-05 0.0639403
9.99649E-05 0.09807 0.00740747 0.16358 0.114941 0.028601 9.99649E-05 9.99649E-05 0.0658662 0.489549 9.99649E-05 0.031586
0.0390827 0.0810018 9.99737E-05 0.124357 0.19895 0.0112224 0.268912 0.0963518 9.99737E-05 0.151514 9.99737E-05 0.0283089
9.99473E-05 0.0791193 0.101964 0.0647711 0.427976 9.99473E-05 9.99473E-05 9.99473E-05 9.99473E-05 0.249824 9.99473E-05 0.0757463
9.99474E-05 9.99474E-05 0.00151268 0.0112567 0.253546 0.136282 9.99474E-05 9.99474E-05 9.99474E-05 0.457301 9.99474E-05 0.139502
9.99473E-05 0.237201 9.99473E-05 0.14411 0.236283 9.99473E-05 9.99473E-05 9.99473E-05 0.00771396 0.366318 0.00777445 9.99473E-05
9.99649E-05 0.116539 0.150864 0.00394071 0.10278 9.99649E-05 0.0018752 0.197575 9.99649E-05 0.391638 9.99649E-05 0.0343884
9.99474E-05 9.99474E-05 9.99474E-05 0.00847884 0.17842 0.18181 9.99474E-05 0.254185 9.99474E-05 0.222963 9.99474E-05 0.153544
9.99473E-05 0.0296881 9.99473E-05 0.09005 0.494264 0.0797227 9.99473E-05 9.99473E-05 9.99473E-05 0.0978664 9.99473E-05 0.207809
9.99473E-05 0.0938321 9.99473E-05 9.99473E-05 0.192772 0.228824 0.0767606 9.99473E-05 9.99473E-05 0.317414 9.99473E-05 0.0897969
9.99737E-05 9.99737E-05 0.0012813 0.223298 0.189881 0.130856 0.0818932 0.000400234 9.99737E-05 0.159748 0.0656779 0.146665
9.99561E-05 9.99561E-05 9.99561E-05 0.00583275 0.425955 0.0878063 0.08363 0.00356591 9.99561E-05 0.335819 0.0568917 9.99561E-05
9.99562E-05 9.99562E-05 0.129014 9.99562E-05 0.201688 9.99562E-05 0.0325605 0.225468 0.0703861 0.279285 9.99562E-05 0.0610981
9.99649E-05 0.0557986 9.99649E-05 0.0997851 0.168181 0.125415 9.99649E-05 0.201361 0.0149414 0.299037 9.99649E-05 0.0350816
9.99386E-05 0.237693 9.99386E-05 9.99386E-05 0.23312 0.188174 9.99386E-05 9.99386E-05 0.0313066 0.309007 9.99386E-05 9.99386E-05
9.99474E-05 9.99474E-05 9.99474E-05 0.142961 0.101355 0.371209 9.99474E-05 0.0731545 9.99474E-05 0.121684 9.99474E-05 0.189036
9.99474E-05 0.14332 9.99474E-05 9.99474E-05 0.28942 0.177397 9.99474E-05 0.168466 9.99474E-05 0.142355 9.99474E-05 0.0784422
9.99473E-05 0.0469862 9.99473E-05 9.99473E-05 0.416617 0.0483872 0.147584 9.99473E-05 9.99473E-05 0.272676 9.99473E-05 0.0671502
9.99562E-05 0.0163281 9.99562E-05 9.99562E-05 0.0680105 0.0991104 0.121244 0.32079 0.0125469 0.36147 9.99562E-05 9.99562E-05
9.99473E-05 0.0438065 9.99473E-05 9.99473E-05 0.32949 0.292842 0.00305281 0.074601 9.99473E-05 0.255608 9.99473E-05 9.99473E-05
9.99649E-05 0.0306962 9.99649E-05 9.99649E-05 0.228808 0.0515103 0.0368959 0.141576 0.230839 0.259537 9.99649E-05 0.0197373
9.99737E-05 0.201181 0.0200946 0.0954475 0.161738 0.245025 9.99737E-05 0.132579 0.0273175 0.105741 9.99737E-05 0.0105763
9.99561E-05 9.99561E-05 9.99561E-05 0.0343062 0.282152 0.275014 9.99561E-05 0.191539 0.011893 0.0444484 9.99561E-05 0.160148
0.0315845 9.99474E-05 9.99474E-05 0.0596721 0.144122 9.99474E-05 9.99474E-05 0.356531 9.99474E-05 0.350591 9.99474E-05 0.0568988
9.99562E-05 0.102522 0.0549608 0.009801 0.066009 0.0773452 9.99562E-05 0.352679 9.99562E-05 0.336183 9.99562E-05 9.99562E-05
9.99475E-05 0.0139465 9.99475E-05 9.99475E-05 0.243532 0.132661 9.99475E-05 0.200438 9.99475E-05 0.372142 9.99475E-05 0.0366814
9.99386E-05 0.243565 9.99386E-05 9.99386E-05 0.283524 0.169243 9.99386E-05 0.258792 9.99386E-05 0.0441759 9.99386E-05 9.99386E-05
9.99474E-05 9.99474E-05 9.99474E-05 0.124432 0.269901 9.99474E-05 0.0693145 0.241851 0.149782 0.144119 9.99474E-05 9.99474E-05
9.99297E-05 9.99297E-05 9.99297E-05 0.154194 0.207867 9.99297E-05 9.99297E-05 9.99297E-05 0.621443 9.99297E-05 0.0156965 9.99297E-05
9.99211E-05 9.99211E-05 9.99211E-05 0.0220595 0.0334109 9.99211E-05 9.99211E-05 9.99211E-05 0.94363 9.99211E-05 9.99211E-05 9.99211E-05
9.99385E-05 0.00484822 9.99385E-05 9.99385E-05 0.257583 9.99385E-05 9.99385E-05 9.99385E-05 0.632507 9.99385E-05 0.0655332 0.0388285
0.0222028 0.00650765 9.99472E-05 0.120421 0.232156 9.99472E-05 9.99472E-05 9.99472E-05 0.519902 9.99472E-05 9.99472E-05 0.0982113
0.0613225 0.058421 9.9956E-05 0.167572 0.0652303 9.9956E-05 0.0161513 9.9956E-05 0.62405 9.9956E-05 9.9956E-05 0.00675286
9.99297E-05 9.99297E-05 9.99297E-05 0.208894 0.218547 0.0368889 9.99297E-05 9.99297E-05 0.534871 9.99297E-05 9.99297E-05 9.99297E-05
9.99473E-05 0.0320508 9.99473E-05 0.110078 0.169226 9.99473E-05 9.99473E-05 9.99473E-05 0.551396 9.99473E-05 0.0186499 0.117999
9.99297E-05 0.00465591 9.99297E-05 0.285551 0.101987 9.99297E-05 9.99297E-05 9.99297E-05 0.607007 9.99297E-05 9.99297E-05 9.99297E-05
9.99472E-05 0.00171398 9.99472E-05 0.466499 0.10326 9.99472E-05 0.0330316 9.99472E-05 0.141993 0.252903 9.99472E-05 9.99472E-05
9.99297E-05 9.99297E-05 9.99297E-05 0.257887 0.389563 0.00689361 9.99297E-05 9.99297E-05 0.344857 9.99297E-05 9.99297E-05 9.99297E-05
9.99386E-05 9.99386E-05 9.99386E-05 0.016357 0.052866 9.99386E-05 9.99386E-05 9.99386E-05 0.571102 0.351286 9.99386E-05 0.00768861
9.99297E-05 9.99297E-05 9.99297E-05 9.99297E-05 0.0868016 9.99297E-05 9.99297E-05 9.99297E-05 0.702937 0.174777 9.99297E-05 0.0346855
9.99386E-05 0.0224732 9.99386E-05 0.181238 9.99386E-05 0.0151016 9.99386E-05 9.99386E-05 0.750694 9.99386E-05 9.99386E-05 0.0297945
9.99386E-05 9.99386E-05 0.0820314 0.137742 0.202817 9.99386E-05 9.99386E-05 9.99386E-05 0.55214 9.99386E-05 9.99386E-05 0.0245695
9.99385E-05 0.163754 9.99385E-05 0.0569183 9.99385E-05 9.99385E-05 0.055044 9.99385E-05 0.697287 9.99385E-05 9.99385E-05 0.0262971
9.99473E-05 9.99473E-05 9.99473E-05 0.070517 0.219733 9.99473E-05 0.02197 9.99473E-05 0.542604 0.0820167 9.99473E-05 0.0625592
0.0538985 0.0326814 9.99472E-05 0.0323709 0.10701 9.99472E-05 9.99472E-05 9.99472E-05 0.564757 0.208683 9.99472E-05 9.99472E-05
9.99474E-05 9.99474E-05 9.99474E-05 0.33001 9.99474E-05 9.99474E-05 0.0724475 0.00220404 0.542076 9.99474E-05 0.0311015 0.0215609
9.99385E-05 9.99385E-05 9.99385E-05 0.0526232 0.0201189 9.99385E-05 9.99385E-05 9.99385E-05 0.820958 9.99385E-05 0.0624848 0.0431159
0.122676 9.99473E-05 9.99473E-05 0.130122 0.128123 0.030243 9.99473E-05 9.99473E-05 0.569187 9.99473E-05 9.99473E-05 0.01905
9.99385E-05 9.99385E-05 9.99385E-05 0.0898611 0.183157 9.99385E-05 9.99385E-05 9.99385E-05 0.602677 0.0085546 0.115051 9.99385E-05
9.99384E-05 0.059715 9.99384E-05 0.120902 0.0689339 9.99384E-05 9.99384E-05 9.99384E-05 0.70323 9.99384E-05 9.99384E-05 0.0465188
0.08421 9.99385E-05 9.99385E-05 0.313081 0.241128 9.99385E-05 9.99385E-05 9.99385E-05 0.26471 0.0961715 9.99385E-05 9.99385E-05
9.9921E-05 9.9921E-05 9.9921E-05 0.203457 0.0537252 9.9921E-05 9.9921E-05 9.9921E-05 0.741918 9.9921E-05 9.9921E-05 9.9921E-05
0.0927379 9.99473E-05 9.99473E-05 0.289067 0.278237 9.99473E-05 9.99473E-05 9.99473E-05 0.28336 0.0436593 0.012339 9.99473E-05
9.99299E-05 9.99299E-05 9.99299E-05 0.13181 0.172464 9.99299E-05 9.99299E-05 9.99299E-05 0.543831 0.151096 9.99299E-05 9.99299E-05
9.99211E-05 9.99211E-05 0.112748 9.99211E-05 9.99211E-05 9.99211E-05 9.99211E-05 0.0216618 0.86469 9.99211E-05 9.99211E-05 9.99211E-05
0.0139833 9.99472E-05 9.99472E-05 0.176032 0.160797 0.0388071 9.99472E-05 9.99472E-05 0.541331 9.99472E-05 0.0684495 9.99472E-05
9.99297E-05 9.99297E-05 9.99297E-05 0.329301 0.236546 9.99297E-05 9.99297E-05 9.99297E-05 0.415525 0.0178282 9.99297E-05 9.99297E-05
0.0726853 9.99385E-05 9.99385E-05 0.0189216 0.178574 9.99385E-05 9.99385E-05 9.99385E-05 0.670865 9.99385E-05 9.99385E-05 0.0582544
9.99385E-05 9.99385E-05 9.99385E-05 0.0967559 0.298222 9.99385E-05 0.0332169 9.99385E-05 0.568137 0.00296883 9.99385E-05 9.99385E-05
0.0297911 0.0424894 9.99472E-05 9.99472E-05 0.133723 9.99472E-05 0.0231819 9.99472E-05 0.7489 9.99472E-05 9.99472E-05 0.0213146
0.193802 9.99385E-05 9.99385E-05 0.32266 0.143883 9.99385E-05 9.99385E-05 9.99385E-05 0.233729 9.99385E-05 0.105227 9.99385E-05
0.0335106 9.99385E-05 9.99385E-05 0.116894 0.240985 0.0511905 9.99385E-05 9.99385E-05 0.55672 9.99385E-05 9.99385E-05 9.99385E-05
9.99209E-05 9.99209E-05 9.99209E-05 0.0209083 0.201609 9.99209E-05 9.99209E-05 9.99209E-05 0.776584 9.99209E-05 9.99209E-05 9.99209E-05
9.99419E-05 9.99419E-05 9.99419E-05 0.147736 9.99419E-05 0.0579355 0.0355399 9.99419E-05 0.700669 9.99419E-05 9.99419E-05 0.05742
9.99385E-05 0.14418 9.99385E-05 0.142275 0.376123 9.99385E-05 9.99385E-05 9.99385E-05 0.314395 9.99385E-05 9.99385E-05 0.0223285
9.99123E-05 9.99123E-05 9.99123E-05 0.0672352 9.99123E-05 9.99123E-05 9.99123E-05 9.99123E-05 0.931766 9.99123E-05 9.99123E-05 9.99123E-05
0.0236807 9.99298E-05 9.99298E-05 0.0631116 0.0543656 9.99298E-05 9.99298E-05 9.99298E-05 0.858043 9.99298E-05 9.99298E-05 9.99298E-05
9.99211E-05 9.99211E-05 9.99211E-05 0.0106253 9.99211E-05 9.99211E-05 9.99211E-05 9.99211E-05 0.93431 9.99211E-05 0.0541654 9.99211E-05
0.0409084 0.00255178 9.99299E-05 9.99299E-05 9.99299E-05 9.99299E-05 9.99299E-05 9.99299E-05 0.89697 0.0587705 9.99299E-05 9.99299E-05
9.99473E-05 9.99473E-05 9.99473E-05 0.159452 0.398778 9.99473E-05 9.99473E-05 9.99473E-05 0.305249 0.095599 0.0260079 0.0143148
9.99385E-05 0.0188593 9.99385E-05 0.281899 0.0567462 9.99385E-05 9.99385E-05 9.99385E-05 0.564598 9.99385E-05 0.0771979 9.99385E-05
0.010469 9.99299E-05 9.99299E-05 0.114282 0.0471513 9.99299E-05 9.99299E-05 9.99299E-05 0.827298 9.99299E-05 9.99299E-05 9.99299E-05
9.99123E-05 9.99123E-05 9.99123E-05 9.99123E-05 0.0755209 9.99123E-05 9.99123E-05 9.99123E-05 0.92348 9.99123E-05 9.99123E-05 9.99123E-05
0.205507 0.0487622 9.99648E-05 0.255596 0.0320538 9.99648E-05 0.00494651 9.99648E-05 0.248849 0.17432 9.99648E-05 0.0295652
9.99386E-05 0.0618917 9.99386E-05 0.109163 0.179005 9.99386E-05 9.99386E-05 9.99386E-05 0.631518 9.99386E-05 9.99386E-05 0.0177235
9.99474E-05 0.146485 9.99474E-05 0.216355 0.0946813 9.99474E-05 0.0421051 9.99474E-05 0.41454 0.0852336 9.99474E-05 9.99474E-05
0.0109076 9.99473E-05 0.046465 0.327718 0.345851 9.99473E-05 9.99473E-05 9.99473E-05 0.230319 9.99473E-05 9.99473E-05 0.0381402
9.99122E-05 9.99122E-05 9.99122E-05 9.99122E-05 0.0309379 9.99122E-05 9.99122E-05 9.99122E-05 0.968063 9.99122E-05 9.99122E-05 9.99122E-05
9.99472E-05 9.99472E-05 9.99472E-05 0.046396 0.259247 0.210872 0.0382201 9.99472E-05 0.416078 9.99472E-05 9.99472E-05 0.0285869
9.99211E-05 9.99211E-05 9.99211E-05 0.09786 9.99211E-05 9.99211E-05 9.99211E-05 9.99211E-05 0.847769 0.0534722 9.99211E-05 9.99211E-05
9.99298E-05 9.99298E-05 9.99298E-05 0.0991903 0.178905 9.99298E-05 9.99298E-05 9.99298E-05 0.681077 9.99298E-05 9.99298E-05 0.0400288
9.99472E-05 0.0373655 9.99472E-05 0.134318 0.0461874 9.99472E-05 0.0995839 9.99472E-05 0.668985 9.99472E-05 0.0129603 9.99472E-05
9.99384E-05 9.99384E-05 9.99384E-05 0.00718691 0.0881948 0.136183 9.99384E-05 9.99384E-05 0.681857 9.99384E-05 9.99384E-05 0.0858786
9.99297E-05 9.99297E-05 9.99297E-05 0.275283 0.272218 9.99297E-05 9.99297E-05 9.99297E-05 0.252873 0.198827 9.99297E-05 9.99297E-05
9.99297E-05 9.99297E-05 9.99297E-05 0.21519 0.170678 9.99297E-05 9.99297E-05 9.99297E-05 0.598154 9.99297E-05 9.99297E-05 0.0151787
0.00783179 9.99472E-05 9.99472E-05 0.117753 0.111061 9.99472E-05 0.0503921 9.99472E-05 0.642194 9.99472E-05 9.99472E-05 0.0701686
0.149295 9.99385E-05 0.0627562 0.016597 0.050685 9.99385E-05 9.99385E-05 9.99385E-05 0.719967 9.99385E-05 9.99385E-05 9.99385E-05
9.99209E-05 9.99209E-05 9.99209E-05 0.201627 0.0837778 9.99209E-05 9.99209E-05 9.99209E-05 0.713696 9.99209E-05 9.99209E-05 9.99209E-05
9.99032E-05 9.99032E-05 9.99032E-05 9.99032E-05 0.998901 9.99032E-05 9.99032E-05 9.99032E-05 9.99032E-05 9.99032E-05 9.99032E-05 9.99032E-05
9.99032E-05 9.99032E-05 9.99032E-05 0.998901 9.99032E-05 9.99032E-05 9.99032E-05 9.99032E-05 9.99032E-05 9.99032E-05 9.99032E-05 9.99032E-05
9.99032E-05 9.99032E-05 9.99032E-05 9.99032E-05 0.998901 9.99032E-05 9.99032E-05 9.99032E-05 9.99032E-05 9.99032E-05 9.99032E-05 9.99032E-05
9.99032E-05 9.99032E-05 9.99032E-05 0.998901 9.99032E-05 9.99032E-05 9.99032E-05 9.99032E-05 9.99032E-05 9.99032E-05 9.99032E-05 9.99032E-05
9.99032E-05 9.99032E-05 9.99032E-05 0.998901 9.99032E-05 9.99032E-05 9.99032E-05 9.99032E-05 9.99032E-05 9.99032E-05 9.99032E-05 9.99032E-05
9.99033E-05 9.99033E-05 9.99033E-05 0.998901 9.99033E-05 9.99033E-05 9.99033E-05 9.99033E-05 9.99033E-05 9.99033E-05 9.99033E-05 9.99033E-05
9.99031E-05 9.99031E-05 9.99031E-05 9.99031E-05 0.998901 9.99031E-05 9.99031E-05 9.99031E-05 9.99031E-05 9.99031E-05 9.99031E-05 9.99031E-05
9.99032E-05 9.99032E-05 9.99032E-05 0.998901 9.99032E-05 9.99032E-05 9.99032E-05 9.99032E-05 9.99032E-05 9.99032E-05 9.99032E-05 9.99032E-05
9.99032E-05 9.99032E-05 9.99032E-05 0.998901 9.99032E-05 9.99032E-05 9.99032E-05 9.99032E-05 9.99032E-05 9.99032E-05 9.99032E-05 9.99032E-05
9.99032E-05 9.99032E-05 9.99032E-05 9.99032E-05 0.998901 9.99032E-05 9.99032E-05 9.99032E-05 9.99032E-05 9.99032E-05 9.99032E-05 9.99032E-05
9.99032E-05 9.99032E-05 9.99032E-05 9.99032E-05 0.998901 9.99032E-05 9.99032E-05 9.99032E-05 9.99032E-05 9.99032E-05 9.99032E-05 9.99032E-05
9.99031E-05 9.99031E-05 9.99031E-05 9.99031E-05 0.998901 9.99031E-05 9.99031E-05 9.99031E-05 9.99031E-05 9.99031E-05 9.99031E-05 9.99031E-05
9.99032E-05 9.99032E-05 9.99032E-05 0.998901 9.99032E-05 9.99032E-05 9.99032E-05 9.99032E-05 9.99032E-05 9.99032E-05 9.99032E-05 9.99032E-05
9.99032E-05 9.99032E-05 9.99032E-05 0.998901 9.99032E-05 9.99032E-05 9.99032E-05 9.99032E-05 9.99032E-05 9.99032E-05 9.99032E-05 9.99032E-05
9.99033E-05 9.99033E-05 9.99033E-05 9.99033E-05 0.998901 9.99033E-05 9.99033E-05 9.99033E-05 9.99033E-05 9.99033E-05 9.99033E-05 9.99033E-05
9.99032E-05 9.99032E-05 9.99032E-05 9.99032E-05 0.998901 9.99032E-05 9.99032E-05 9.99032E-05 9.99032E-05 9.99032E-05 9.99032E-05 9.99032E-05
0.0493341 0.00026966 0.0684761 0.136307 0.183206 0.172827 0.0479291 9.99648E-05 0.341251 9.99648E-05 9.99648E-05 9.99648E-05
0.043046 9.9912E-05 9.9912E-05 9.9912E-05 0.955955 9.9912E-05 9.9912E-05 9.9912E-05 9.9912E-05 9.9912E-05 9.9912E-05 9.9912E-05
9.99032E-05 9.99032E-05 9.99032E-05 0.998901 9.99032E-05 9.99032E-05 9.99032E-05 9.99032E-05 9.99032E-05 9.99032E-05 9.99032E-05 9.99032E-05
9.99032E-05 9.99032E-05 9.99032E-05 9.99032E-05 0.998901 9.99032E-05 9.99032E-05 9.99032E-05 9.99032E-05 9.99032E-05 9.99032E-05 9.99032E-05
9.99032E-05 9.99032E-05 9.99032E-05 9.99032E-05 0.998901 9.99032E-05 9.99032E-05 9.99032E-05 9.99032E-05 9.99032E-05 9.99032E-05 9.99032E-05
9.99032E-05 9.99032E-05 9.99032E-05 9.99032E-05 0.998901 9.99032E-05 9.99032E-05 9.99032E-05 9.99032E-05 9.99032E-05 9.99032E-05 9.99032E-05
9.99032E-05 9.99032E-05 9.99032E-05 0.998901 9.99032E-05 9.99032E-05 9.99032E-05 9.99032E-05 9.99032E-05 9.99032E-05 9.99032E-05 9.99032E-05
9.99032E-05 9.99032E-05 9.99032E-05 9.99032E-05 0.998901 9.99032E-05 9.99032E-05 9.99032E-05 9.99032E-05 9.99032E-05 9.99032E-05 9.99032E-05
9.99032E-05 9.99032E-05 9.99032E-05 0.998901 9.99032E-05 9.99032E-05 9.99032E-05 9.99032E-05 9.99032E-05 9.99032E-05 9.99032E-05 9.99032E-05
9.99032E-05 9.99032E-05 9.99032E-05 9.99032E-05 0.998901 9.99032E-05 9.99032E-05 9.99032E-05 9.99032E-05 9.99032E-05 9.99032E-05 9.99032E-05
9.99032E-05 9.99032E-05 9.99032E-05 9.99032E-05 0.998901 9.99032E-05 9.99032E-05 9.99032E-05 9.99032E-05 9.99032E-05 9.99032E-05 9.99032E-05
9.99032E-05 9.99032E-05 9.99032E-05 0.998901 9.99032E-05 9.99032E-05 9.99032E-05 9.99032E-05 9.99032E-05 9.99032E-05 9.99032E-05 9.99032E-05
9.99032E-05 9.99032E-05 9.99032E-05 0.998901 9.99032E-05 9.99032E-05 9.99032E-05 9.99032E-05 9.99032E-05 9.99032E-05 9.99032E-05 9.99032E-05
9.99032E-05 9.99032E-05 9.99032E-05 0.998901 9.99032E-05 9.99032E-05 9.99032E-05 9.99032E-05 9.99032E-05 9.99032E-05 9.99032E-05 9.99032E-05
9.99032E-05 9.99032E-05 9.99032E-05 9.99032E-05 0.998901 9.99032E-05 9.99032E-05 9.99032E-05 9.99032E-05 9.99032E-05 9.99032E-05 9.99032E-05
9.99031E-05 9.99031E-05 9.99031E-05 9.99031E-05 0.998901 9.99031E-05 9.99031E-05 9.99031E-05 9.99031E-05 9.99031E-05 9.99031E-05 9.99031E-05
9.99031E-05 9.99031E-05 9.99031E-05 9.99031E-05 0.998901 9.99031E-05 9.99031E-05 9.99031E-05 9.99031E-05 9.99031E-05 9.99031E-05 9.99031E-05
9.99031E-05 9.99031E-05 9.99031E-05 9.99031E-05 0.998901 9.99031E-05 9.99031E-05 9.99031E-05 9.99031E-05 9.99031E-05 9.99031E-05 9.99031E-05
9.99031E-05 9.99031E-05 9.99031E-05 9.99031E-05 0.998901 9.99031E-05 9.99031E-05 9.99031E-05 9.99031E-05 9.99031E-05 9.99031E-05 9.99031E-05
9.99032E-05 9.99032E-05 9.99032E-05 0.998901 9.99032E-05 9.99032E-05 9.99032E-05 9.99032E-05 9.99032E-05 9.99032E-05 9.99032E-05 9.99032E-05
9.99033E-05 9.99033E-05 9.99033E-05 0.998901 9.99033E-05 9.99033E-05 9.99033E-05 9.99033E-05 9.99033E-05 9.99033E-05 9.99033E-05 9.99033E-05
9.99032E-05 9.99032E-05 9.99032E-05 0.998901 9.99032E-05 9.99032E-05 9.99032E-05 9.99032E-05 9.99032E-05 9.99032E-05 9.99032E-05 9.99032E-05
9.99031E-05 9.99031E-05 9.99031E-05 9.99031E-05 0.998901 9.99031E-05 9.99031E-05 9.99031E-05 9.99031E-05 9.99031E-05 9.99031E-05 9.99031E-05
9.99032E-05 9.99032E-05 9.99032E-05 0.998901 9.99032E-05 9.99032E-05 9.99032E-05 9.99032E-05 9.99032E-05 9.99032E-05 9.99032E-05 9.99032E-05
9.99032E-05 9.99032E-05 9.99032E-05 0.998901 9.99032E-05 9.99032E-05 9.99032E-05 9.99032E-05 9.99032E-05 9.99032E-05 9.99032E-05 9.99032E-05
9.99032E-05 9.99032E-05 9.99032E-05 0.998901 9.99032E-05 9.99032E-05 9.99032E-05 9.99032E-05 9.99032E-05 9.99032E-05 9.99032E-05 9.99032E-05
9.99032E-05 9.99032E-05 9.99032E-05 0.998901 9.99032E-05 9.99032E-05 9.99032E-05 9.99032E-05 9.99032E-05 9.99032E-05 9.99032E-05 9.99032E-05
9.99031E-05 9.99031E-05 9.99031E-05 9.99031E-05 0.998901 9.99031E-05 9.99031E-05 9.99031E-05 9.99031E-05 9.99031E-05 9.99031E-05 9.99031E-05
9.99032E-05 9.99032E-05 9.99032E-05 0.998901 9.99032E-05 9.99032E-05 9.99032E-05 9.99032E-05 9.99032E-05 9.99032E-05 9.99032E-05 9.99032E-05
9.99032E-05 9.99032E-05 9.99032E-05 0.998901 9.99032E-05 9.99032E-05 9.99032E-05 9.99032E-05 9.99032E-05 9.99032E-05 9.99032E-05 9.99032E-05
0.0504502 0.0039499 0.0684608 0.0930627 0.206355 0.179416 0.057401 9.99648E-05 0.340505 9.99648E-05 9.99648E-05 9.99648E-05
9.99032E-05 9.99032E-05 9.99032E-05 9.99032E-05 0.998901 9.99032E-05 9.99032E-05 9.99032E-05 9.99032E-05 9.99032E-05 9.99032E-05 9.99032E-05
9.99032E-05 9.99032E-05 9.99032E-05 0.998901 9.99032E-05 9.99032E-05 9.99032E-05 9.99032E-05 9.99032E-05 9.99032E-05 9.99032E-05 9.99032E-05
9.99032E-05 9.99032E-05 9.99032E-05 0.998901 9.99032E-05 9.99032E-05 9.99032E-05 9.99032E-05 9.99032E-05 9.99032E-05 9.99032E-05 9.99032E-05
9.99032E-05 9.99032E-05 9.99032E-05 0.998901 9.99032E-05 9.99032E-05 9.99032E-05 9.99032E-05 9.99032E-05 9.99032E-05 9.99032E-05 9.99032E-05
9.99032E-05 9.99032E-05 9.99032E-05 0.998901 9.99032E-05 9.99032E-05 9.99032E-05 9.99032E-05 9.99032E-05 9.99032E-05 9.99032E-05 9.99032E-05
9.99031E-05 9.99031E-05 9.99031E-05 9.99031E-05 0.998901 9.99031E-05 9.99031E-05 9.99031E-05 9.99031E-05 9.99031E-05 9.99031E-05 9.99031E-05
9.99032E-05 9.99032E-05 9.99032E-05 0.998901 9.99032E-05 9.99032E-05 9.99032E-05 9.99032E-05 9.99032E-05 9.99032E-05 9.99032E-05 9.99032E-05
9.99031E-05 9.99031E-05 9.99031E-05 9.99031E-05 0.998901 9.99031E-05 9.99031E-05 9.99031E-05 9.99031E-05 9.99031E-05 9.99031E-05 9.99031E-05
9.99032E-05 9.99032E-05 9.99032E-05 0.998901 9.99032E-05 9.99032E-05 9.99032E-05 9.99032E-05 9.99032E-05 9.99032E-05 9.99032E-05 9.99032E-05
9.99031E-05 9.99031E-05 9.99031E-05 9.99031E-05 0.998901 9.99031E-05 9.99031E-05 9.99031E-05 9.99031E-05 9.99031E-05 9.99031E-05 9.99031E-05
9.99032E-05 9.99032E-05 9.99032E-05 0.998901 9.99032E-05 9.99032E-05 9.99032E-05 9.99032E-05 9.99032E-05 9.99032E-05 9.99032E-05 9.99032E-05
9.99031E-05 9.99031E-05 9.99031E-05 0.998901 9.99031E-05 9.99031E-05 9.99031E-05 9.99031E-05 9.99031E-05 9.99031E-05 9.99031E-05 9.99031E-05
9.99032E-05 9.99032E-05 9.99032E-05 0.998901 9.99032E-05 9.99032E-05 9.99032E-05 9.99032E-05 9.99032E-05 9.99032E-05 9.99032E-05 9.99032E-05
9.99032E-05 9.99032E-05 9.99032E-05 0.998901 9.99032E-05 9.99032E-05 9.99032E-05 9.99032E-05 9.99032E-05 9.99032E-05 9.99032E-05 9.99032E-05
9.99032E-05 9.99032E-05 9.99032E-05 0.998901 9.99032E-05 9.99032E-05 9.99032E-05 9.99032E-05 9.99032E-05 9.99032E-05 9.99032E-05 9.99032E-05
9.99032E-05 9.99032E-05 9.99032E-05 0.998901 9.99032E-05 9.99032E-05 9.99032E-05 9.99032E-05 9.99032E-05 9.99032E-05 9.99032E-05 9.99032E-05
9.99031E-05 9.99031E-05 9.99031E-05 9.99031E-05 0.998901 9.99031E-05 9.99031E-05 9.99031E-05 9.99031E-05 9.99031E-05 9.99031E-05 9.99031E-05
9.99032E-05 9.99032E-05 9.99032E-05 9.99032E-05 0.998901 9.99032E-05 9.99032E-05 9.99032E-05 9.99032E-05 9.99032E-05 9.99032E-05 9.99032E-05
9.99032E-05 9.99032E-05 9.99032E-05 9.99032E-05 0.998901 9.99032E-05 9.99032E-05 9.99032E-05 9.99032E-05 9.99032E-05 9.99032E-05 9.99032E-05
9.99032E-05 9.99032E-05 9.99032E-05 0.998901 9.99032E-05 9.99032E-05 9.99032E-05 9.99032E-05 9.99032E-05 9.99032E-05 9.99032E-05 9.99032E-05
9.99032E-05 9.99032E-05 9.99032E-05 9.99032E-05 0.998901 9.99032E-05 9.99032E-05 9.99032E-05 9.99032E-05 9.99032E-05 9.99032E-05 9.99032E-05
9.99031E-05 9.99031E-05 9.99031E-05 9.99031E-05 0.998901 9.99031E-05 9.99031E-05 9.99031E-05 9.99031E-05 9.99031E-05 9.99031E-05 9.99031E-05
9.99031E-05 9.99031E-05 9.99031E-05 9.99031E-05 0.998901 9.99031E-05 9.99031E-05 9.99031E-05 9.99031E-05 9.99031E-05 9.99031E-05 9.99031E-05
9.99032E-05 9.99032E-05 9.99032E-05 0.998901 9.99032E-05 9.99032E-05 9.99032E-05 9.99032E-05 9.99032E-05 9.99032E-05 9.99032E-05 9.99032E-05
9.99031E-05 9.99031E-05 9.99031E-05 0.998901 9.99031E-05 9.99031E-05 9.99031E-05 9.99031E-05 9.99031E-05 9.99031E-05 9.99031E-05 9.99031E-05
9.99032E-05 9.99032E-05 9.99032E-05 0.998901 9.99032E-05 9.99032E-05 9.99032E-05 9.99032E-05 9.99032E-05 9.99032E-05 9.99032E-05 9.99032E-05
9.99031E-05 9.99031E-05 9.99031E-05 9.99031E-05 0.998901 9.99031E-05 9.99031E-05 9.99031E-05 9.99031E-05 9.99031E-05 9.99031E-05 9.99031E-05
9.99032E-05 9.99032E-05 9.99032E-05 0.998901 9.99032E-05 9.99032E-05 9.99032E-05 9.99032E-05 9.99032E-05 9.99032E-05 9.99032E-05 9.99032E-05
9.99032E-05 9.99032E-05 9.99032E-05 0.998901 9.99032E-05 9.99032E-05 9.99032E-05 9.99032E-05 9.99032E-05 9.99032E-05 9.99032E-05 9.99032E-05
9.99031E-05 9.99031E-05 9.99031E-05 9.99031E-05 0.998901 9.99031E-05 9.99031E-05 9.99031E-05 9.99031E-05 9.99031E-05 9.99031E-05 9.99031E-05
9.99032E-05 9.99032E-05 9.99032E-05 0.998901 9.99032E-05 9.99032E-05 9.99032E-05 9.99032E-05 9.99032E-05 9.99032E-05 9.99032E-05 9.99032E-05
9.99032E-05 9.99032E-05 9.99032E-05 0.998901 9.99032E-05 9.99032E-05 9.99032E-05 9.99032E-05 9.99032E-05 9.99032E-05 9.99032E-05 9.99032E-05
0.0718508 0.0960514 9.9956E-05 0.1636 0.290986 9.9956E-05 0.0959078 9.9956E-05 0.204792 9.9956E-05 9.9956E-05 0.0763126
9.99031E-05 9.99031E-05 9.99031E-05 9.99031E-05 0.998901 9.99031E-05 9.99031E-05 9.99031E-05 9.99031E-05 9.99031E-05 9.99031E-05 9.99031E-05
9.99032E-05 9.99032E-05 9.99032E-05 0.998901 9.99032E-05 9.99032E-05 9.99032E-05 9.99032E-05 9.99032E-05 9.99032E-05 9.99032E-05 9.99032E-05
9.99561E-05 9.99561E-05 0.0875747 0.424429 0.0804362 9.99561E-05 0.0219349 9.99561E-05 0.32764 9.99561E-05 0.0164178 0.0410679
0.0734288 9.99561E-05 0.0283223 0.294814 0.148724 0.069639 9.99561E-05 9.99561E-05 0.356614 9.99561E-05 0.0279581 9.99561E-05
9.99209E-05 9.99209E-05 9.99209E-05 0.238053 0.338355 9.99209E-05 9.99209E-05 9.99209E-05 0.422693 9.99209E-05 9.99209E-05 9.99209E-05
0.0171555 0.0699891 9.99472E-05 9.99472E-05 0.206301 0.12028 0.01732 9.99472E-05 0.568355 9.99472E-05 9.99472E-05 9.99472E-05
0.0564637 9.99297E-05 9.99297E-05 0.369204 0.332255 9.99297E-05 9.99297E-05 9.99297E-05 0.241277 9.99297E-05 9.99297E-05 9.99297E-05
9.99299E-05 9.99299E-05 9.99299E-05 0.159937 9.99299E-05 9.99299E-05 9.99299E-05 0.0497744 0.785246 9.99299E-05 0.00424374 9.99299E-05
9.99298E-05 9.99298E-05 9.99298E-05 0.329069 0.272847 0.200165 9.99298E-05 9.99298E-05 0.19712 9.99298E-05 9.99298E-05 9.99298E-05
0.0372475 0.107819 0.0285959 0.153003 0.130277 9.9956E-05 9.9956E-05 9.9956E-05 0.514804 9.9956E-05 9.9956E-05 0.0277541
9.9921E-05 9.9921E-05 9.9921E-05 0.24332 0.0851883 9.9921E-05 9.9921E-05 9.9921E-05 0.670593 9.9921E-05 9.9921E-05 9.9921E-05
9.99473E-05 9.99473E-05 0.0157908 0.0470477 0.103052 0.180522 9.99473E-05 9.99473E-05 0.550924 9.99473E-05 0.102063 9.99473E-05
9.99297E-05 9.99297E-05 9.99297E-05 0.075205 0.237332 9.99297E-05 9.99297E-05 9.99297E-05 0.606859 9.99297E-05 9.99297E-05 0.0798045
9.99297E-05 9.99297E-05 9.99297E-05 0.505895 0.0663882 0.056346 9.99297E-05 9.99297E-05 0.370571 9.99297E-05 9.99297E-05 9.99297E-05
9.99473E-05 0.0733658 9.99473E-05 0.269897 0.337285 9.99473E-05 0.126533 9.99473E-05 0.189823 0.00249591 9.99473E-05 9.99473E-05
9.99384E-05 0.0716821 0.0789143 0.0980015 0.0943809 9.99384E-05 9.99384E-05 9.99384E-05 0.656322 9.99384E-05 9.99384E-05 9.99384E-05
9.99296E-05 9.99296E-05 9.99296E-05 0.130207 0.344507 9.99296E-05 9.99296E-05 9.99296E-05 0.434262 9.99296E-05 9.99296E-05 0.0902244
9.99473E-05 9.99473E-05 9.99473E-05 0.312029 0.20529 9.99473E-05 9.99473E-05 9.99473E-05 0.2957 0.0942367 0.0475822 0.0445628
9.99297E-05 9.99297E-05 0.0780697 0.148035 0.153144 9.99297E-05 9.99297E-05 9.99297E-05 0.619952 9.99297E-05 9.99297E-05 9.99297E-05
9.99473E-05 0.0241545 9.99473E-05 0.0753402 0.449306 9.99473E-05 0.0629309 9.99473E-05 0.301138 9.99473E-05 9.99473E-05 0.0865309
0.0929966 9.99472E-05 9.99472E-05 0.136469 9.99472E-05 9.99472E-05 9.99472E-05 9.99472E-05 0.449984 0.219829 0.0722065 0.0279145
9.99384E-05 9.99384E-05 0.053011 0.189889 0.286403 9.99384E-05 9.99384E-05 9.99384E-05 0.410138 9.99384E-05 0.0598598 9.99384E-05
0.0698785 9.99472E-05 9.99472E-05 0.125737 0.154173 0.073974 9.99472E-05 9.99472E-05 0.543663 0.0319753 9.99472E-05 9.99472E-05
9.99385E-05 9.99385E-05 9.99385E-05 0.225546 9.99385E-05 9.99385E-05 0.0650664 9.99385E-05 0.553546 0.0150264 0.140116 9.99385E-05
0.04065 0.0157262 9.99561E-05 0.209196 0.214455 9.99561E-05 0.095421 9.99561E-05 0.394858 9.99561E-05 9.99561E-05 0.029194
9.99384E-05 0.0137259 9.99384E-05 0.169355 0.144689 9.99384E-05 9.99384E-05 9.99384E-05 0.590363 9.99384E-05 0.081168 9.99384E-05
0.0575899 0.0962309 0.0454658 0.0489802 0.105691 9.99472E-05 9.99472E-05 9.99472E-05 0.645442 9.99472E-05 9.99472E-05 9.99472E-05
9.99123E-05 9.99123E-05 9.99123E-05 9.99123E-05 9.99123E-05 9.99123E-05 9.99123E-05 9.99123E-05 0.952644 0.0463565 9.99123E-05 9.99123E-05
9.99384E-05 9.99384E-05 0.00677338 0.0711438 0.213596 9.99384E-05 9.99384E-05 9.99384E-05 0.522743 9.99384E-05 0.185044 9.99384E-05
9.99297E-05 9.99297E-05 0.104454 0.285195 0.322352 9.99297E-05 9.99297E-05 9.99297E-05 0.2872 9.99297E-05 9.99297E-05 9.99297E-05
0.0673835 0.127128 9.99384E-05 9.99384E-05 0.13074 9.99384E-05 9.99384E-05 9.99384E-05 0.595767 9.99384E-05 0.0782826 9.99384E-05
0.0753013 0.125379 9.99385E-05 0.196628 0.100599 9.99385E-05 9.99385E-05 9.99385E-05 0.501394 9.99385E-05 9.99385E-05 9.99385E-05
9.99473E-05 9.99473E-05 9.99473E-05 0.358103 0.163431 9.99473E-05 9.99473E-05 9.99473E-05 0.203821 0.108846 0.0962078 0.0689919
9.99385E-05 9.99385E-05 9.99385E-05 0.274671 0.0853691 9.99385E-05 9.99385E-05 9.99385E-05 0.489267 9.99385E-05 0.0984442 0.0515488
9.99384E-05 9.99384E-05 9.99384E-05 0.20211 0.151713 9.99384E-05 9.99384E-05 9.99384E-05 0.400466 0.174415 0.0705967 9.99384E-05
9.99385E-05 0.0661564 9.99385E-05 0.151882 0.196719 9.99385E-05 9.99385E-05 9.99385E-05 0.341122 9.99385E-05 0.24342 9.99385E-05
9.9956E-05 0.050793 9.9956E-05 0.120754 0.149518 9.9956E-05 0.0197557 9.9956E-05 0.378703 9.9956E-05 0.207612 0.0723651
0.00314982 9.99385E-05 9.99385E-05 0.0964115 0.309967 0.0196568 9.99385E-05 9.99385E-05 0.570116 9.99385E-05 9.99385E-05 9.99385E-05
9.99034E-05 9.99034E-05 9.99034E-05 9.99034E-05 9.99034E-05 9.99034E-05 9.99034E-05 9.99034E-05 0.998901 9.99034E-05 9.99034E-05 9.99034E-05
9.9956E-05 9.9956E-05 9.9956E-05 0.0461003 0.233125 0.0722423 0.0689944 9.9956E-05 0.351991 0.136502 9.9956E-05 0.0905449
0.0399945 9.99473E-05 9.99473E-05 0.0267903 0.0734773 9.99473E-05 0.0953702 9.99473E-05 0.674469 9.99473E-05 9.99473E-05 0.0892991
0.0360172 9.99473E-05 9.99473E-05 0.195717 0.15393 0.022597 9.99473E-05 9.99473E-05 0.33248 9.99473E-05 0.258659 9.99473E-05
0.02783 0.0154354 9.99384E-05 0.106626 0.3225 9.99384E-05 9.99384E-05 9.99384E-05 0.52691 9.99384E-05 9.99384E-05 9.99384E-05
9.99561E-05 9.99561E-05 0.0402925 0.142488 0.129531 9.99561E-05 9.99561E-05 9.99561E-05 0.514428 0.0181179 0.139965 0.0146773
9.99384E-05 9.99384E-05 0.0837288 0.257068 0.185728 0.0725544 9.99384E-05 9.99384E-05 0.400221 9.99384E-05 9.99384E-05 9.99384E-05
9.99385E-05 0.0607531 9.99385E-05 0.5174 0.0793104 9.99385E-05 9.99385E-05 9.99385E-05 0.332572 9.99385E-05 0.00926508 9.99385E-05
9.99385E-05 0.0214019 9.99385E-05 0.38443 0.374193 9.99385E-05 9.99385E-05 9.99385E-05 0.191266 0.0280098 9.99385E-05 9.99385E-05
9.99384E-05 0.0137259 9.99384E-05 0.169355 0.144689 9.99384E-05 9.99384E-05 9.99384E-05 0.590363 9.99384E-05 0.081168 9.99384E-05
9.99034E-05 9.99034E-05 9.99034E-05 9.99034E-05 9.99034E-05 9.99034E-05 9.99034E-05 9.99034E-05 0.998901 9.99034E-05 9.99034E-05 9.99034E-05
0.0212012 9.99472E-05 9.99472E-05 0.233175 0.107698 9.99472E-05 9.99472E-05 9.99472E-05 0.550313 9.99472E-05 0.0515531 0.0354605
9.99298E-05 9.99298E-05 9.99298E-05 0.0365408 0.00940993 9.99298E-05 9.99298E-05 9.99298E-05 0.93808 9.99298E-05 0.0151696 9.99298E-05
9.99648E-05 0.0499435 9.99648E-05 0.227371 0.180086 0.117157 0.0111057 9.99648E-05 0.236138 0.160525 9.99648E-05 0.0172741
9.99122E-05 9.99122E-05 9.99122E-05 9.99122E-05 9.99122E-05 9.99122E-05 9.99122E-05 9.99122E-05 0.87644 0.122561 9.99122E-05 9.99122E-05
9.99209E-05 9.99209E-05 9.99209E-05 9.99209E-05 0.394541 9.99209E-05 9.99209E-05 9.99209E-05 0.539384 9.99209E-05 9.99209E-05 0.065176
9.99472E-05 9.99472E-05 9.99472E-05 9.99472E-05 0.272924 0.0441806 9.99472E-05 9.99472E-05 0.275587 0.248632 0.114891 0.043186
9.99297E-05 9.99297E-05 9.99297E-05 0.183694 0.103925 9.99297E-05 9.99297E-05 9.99297E-05 0.4957 0.215881 9.99297E-05 9.99297E-05
9.99385E-05 9.99385E-05 9.99385E-05 0.0830276 0.0336268 0.160808 9.99385E-05 9.99385E-05 0.519928 9.99385E-05 0.20191 9.99385E-05
0.00306086 9.99385E-05 0.000251326 0.392994 0.0352668 9.99385E-05 9.99385E-05 9.99385E-05 0.567728 9.99385E-05 9.99385E-05 9.99385E-05
9.99211E-05 9.99211E-05 9.99211E-05 9.99211E-05 0.165167 9.99211E-05 9.99211E-05 9.99211E-05 0.71913 0.114804 9.99211E-05 9.99211E-05
9.99209E-05 9.99209E-05 9.99209E-05 0.257878 9.99209E-05 9.99209E-05 9.99209E-05 9.99209E-05 0.730948 9.99209E-05 9.99209E-05 0.0102747
0.0428732 9.99298E-05 9.99298E-05 0.191097 0.315424 9.99298E-05 9.99298E-05 9.99298E-05 0.449806 9.99298E-05 9.99298E-05 9.99298E-05
9.99385E-05 0.0106655 9.99385E-05 0.155842 0.298337 9.99385E-05 9.99385E-05 9.99385E-05 0.367072 0.167385 9.99385E-05 9.99385E-05
9.99122E-05 0.0202941 9.99122E-05 9.99122E-05 9.99122E-05 9.99122E-05 9.99122E-05 9.99122E-05 0.978707 9.99122E-05 9.99122E-05 9.99122E-05
9.99299E-05 9.99299E-05 9.99299E-05 0.0819135 0.00102052 9.99299E-05 9.99299E-05 0.00500245 0.911264 9.99299E-05 9.99299E-05 9.99299E-05
0.00197299 9.99387E-05 9.99387E-05 9.99387E-05 0.14281 9.99387E-05 9.99387E-05 0.0565991 0.777015 9.99387E-05 9.99387E-05 0.0209034
9.99473E-05 0.0206466 0.00768464 0.120107 0.191391 9.99473E-05 9.99473E-05 9.99473E-05 0.632086 9.99473E-05 9.99473E-05 0.0274858
0.176502 9.99296E-05 9.99296E-05 0.211846 0.020769 9.99296E-05 9.99296E-05 9.99296E-05 0.590083 9.99296E-05 9.99296E-05 9.99296E-05
9.99385E-05 0.0376815 0.0137023 0.243872 9.99385E-05 9.99385E-05 9.99385E-05 9.99385E-05 0.598229 9.99385E-05 0.105815 9.99385E-05
9.99211E-05 9.99211E-05 9.99211E-05 0.0431112 0.0302743 9.99211E-05 9.99211E-05 9.99211E-05 0.925715 9.99211E-05 9.99211E-05 9.99211E-05
0.0269386 9.99385E-05 9.99385E-05 0.261226 0.282331 9.99385E-05 9.99385E-05 9.99385E-05 0.371526 0.0572787 9.99385E-05 9.99385E-05
0.0130679 9.99384E-05 9.99384E-05 0.0452109 0.406489 9.99384E-05 9.99384E-05 9.99384E-05 0.472741 9.99384E-05 9.99384E-05 0.0617914
9.99211E-05 9.99211E-05 9.99211E-05 9.99211E-05 0.0106983 9.99211E-05 9.99211E-05 9.99211E-05 0.745857 0.242545 9.99211E-05 9.99211E-05
