9.9921E-05 9.9921E-05 9.9921E-05 0.0574587 0.0365855 9.9921E-05 9.9921E-05 0.000224363 0.19405 9.9921E-05 0.049097 0.127168 9.9921E-05 9.9921E-05 9.9921E-05 0.0889616 0.445555
9.98947E-05 9.98947E-05 9.98947E-05 0.14187 9.98947E-05 0.628755 9.98947E-05 0.0171376 0.0251071 9.98947E-05 9.98947E-05 9.98947E-05 9.98947E-05 9.98947E-05 9.98947E-05 9.98947E-05 0.185931
9.99034E-05 9.99034E-05 0.0240308 9.99034E-05 0.00318226 0.859936 9.99034E-05 0.0322019 9.99034E-05 9.99034E-05 9.99034E-05 0.0765565 0.00299311 9.99034E-05 9.99034E-05 9.99034E-05 9.99034E-05
0.042803 0.204956 9.99385E-05 9.99385E-05 9.99385E-05 9.99385E-05 0.0282203 0.0130508 9.99385E-05 0.0567103 0.0274896 0.171126 9.99385E-05 0.11316 9.99385E-05 0.0520213 0.289764
9.98947E-05 0.0419959 9.98947E-05 9.98947E-05 9.98947E-05 0.679566 0.00527737 9.98947E-05 9.98947E-05 9.98947E-05 9.98947E-05 9.98947E-05 9.98947E-05 0.0246455 9.98947E-05 9.98947E-05 0.247316
0.0252636 0.0811684 0.161662 0.0385997 9.99123E-05 9.99123E-05 9.99123E-05 9.99123E-05 0.224408 0.233969 9.99123E-05 9.99123E-05 9.99123E-05 9.99123E-05 9.99123E-05 9.99123E-05 0.23393
9.99298E-05 0.0638617 9.99298E-05 0.0883086 0.106846 9.99298E-05 9.99298E-05 0.177381 0.188941 9.99298E-05 0.0299092 0.136524 0.0454349 9.99298E-05 9.99298E-05 9.99298E-05 0.161994
9.99298E-05 0.0640206 0.141736 9.99298E-05 9.99298E-05 9.99298E-05 9.99298E-05 9.99298E-05 0.0755449 0.152309 9.99298E-05 0.221462 0.0674249 0.00998709 9.99298E-05 0.0546483 0.212068
9.98947E-05 9.98947E-05 9.98947E-05 9.98947E-05 0.188628 9.98947E-05 9.98947E-05 9.98947E-05 9.98947E-05 0.207174 0.227936 9.98947E-05 9.98947E-05 0.164627 9.98947E-05 9.98947E-05 0.210436
9.98931E-05 9.98931E-05 9.98931E-05 9.98931E-05 9.98931E-05 0.600533 9.98931E-05 9.98931E-05 9.98931E-05 9.98931E-05 0.040369 9.98931E-05 9.98931E-05 9.98931E-05 0.00839813 9.98931E-05 0.349401
9.98947E-05 9.98947E-05 9.98947E-05 9.98947E-05 9.98947E-05 9.98947E-05 9.98947E-05 0.0478861 9.98947E-05 0.0933802 0.165608 9.98947E-05 9.98947E-05 9.98947E-05 0.0535113 9.98947E-05 0.638416
9.98858E-05 0.0442415 9.98858E-05 9.98858E-05 9.98858E-05 0.91085 9.98858E-05 0.0319488 9.98858E-05 9.98858E-05 9.98858E-05 9.98858E-05 0.0116616 9.98858E-05 9.98858E-05 9.98858E-05 9.98858E-05
9.98772E-05 9.98772E-05 9.98772E-05 9.98772E-05 9.98772E-05 9.98772E-05 9.98772E-05 9.98772E-05 9.98772E-05 9.98772E-05 0.0215932 0.0810626 9.98772E-05 9.98772E-05 9.98772E-05 9.98772E-05 0.895946
0.122472 9.98858E-05 9.98858E-05 0.0208994 9.98858E-05 9.98858E-05 9.98858E-05 9.98858E-05 9.98858E-05 9.98858E-05 0.0771028 9.98858E-05 9.98858E-05 9.98858E-05 9.98858E-05 9.98858E-05 0.778227
0.0370048 9.99123E-05 9.99123E-05 9.99123E-05 0.0674309 0.39647 9.99123E-05 9.99123E-05 0.127084 0.157098 0.182452 0.031461 9.99123E-05 9.99123E-05 9.99123E-05 9.99123E-05 9.99123E-05
9.99297E-05 0.183497 9.99297E-05 9.99297E-05 9.99297E-05 0.112082 9.99297E-05 9.99297E-05 0.134721 0.169483 0.0950505 0.0474388 0.0923366 0.0587754 9.99297E-05 9.99297E-05 0.105817
9.99124E-05 9.99124E-05 9.99124E-05 0.168015 9.99124E-05 0.652271 9.99124E-05 0.0215873 9.99124E-05 9.99124E-05 0.0851236 9.99124E-05 0.0109304 0.00892956 9.99124E-05 0.0521446 9.99124E-05
9.99298E-05 9.99298E-05 9.99298E-05 9.99298E-05 0.000397685 9.99298E-05 0.073543 9.99298E-05 0.202153 0.0144834 0.163511 0.14612 9.99298E-05 0.0370534 0.159237 9.99298E-05 0.202703
9.99034E-05 0.0699019 9.99034E-05 9.99034E-05 9.99034E-05 0.318789 9.99034E-05 9.99034E-05 9.99034E-05 0.109556 0.159796 0.252782 9.99034E-05 9.99034E-05 0.0880768 9.99034E-05 9.99034E-05
9.98858E-05 9.98858E-05 9.98858E-05 9.98858E-05 9.98858E-05 0.594242 0.0439034 0.018394 9.98858E-05 9.98858E-05 9.98858E-05 9.98858E-05 9.98858E-05 9.98858E-05 9.98858E-05 9.98858E-05 0.342162
9.98947E-05 9.98947E-05 9.98947E-05 9.98947E-05 9.98947E-05 9.98947E-05 0.0763078 0.053458 9.98947E-05 0.0514757 9.98947E-05 9.98947E-05 9.98947E-05 0.244662 9.98947E-05 9.98947E-05 0.572898
9.98948E-05 0.0553636 0.112973 9.98948E-05 9.98948E-05 0.264454 9.98948E-05 9.98948E-05 9.98948E-05 0.136497 9.98948E-05 0.429514 9.98948E-05 9.98948E-05 9.98948E-05 9.98948E-05 9.98948E-05
9.98859E-05 9.98859E-05 9.98859E-05 9.98859E-05 9.98859E-05 9.98859E-05 9.98859E-05 9.98859E-05 0.217443 9.98859E-05 0.108905 9.98859E-05 9.98859E-05 9.98859E-05 0.00531947 9.98859E-05 0.667034
9.99034E-05 9.99034E-05 9.99034E-05 9.99034E-05 0.031728 0.111533 9.99034E-05 9.99034E-05 9.99034E-05 9.99034E-05 0.265513 0.227277 9.99034E-05 0.125155 9.99034E-05 9.99034E-05 0.237696
0.0222543 9.99297E-05 9.99297E-05 9.99297E-05 0.0093042 0.102787 0.106946 0.0241846 9.99297E-05 0.0802295 0.286346 0.151435 9.99297E-05 9.99297E-05 9.99297E-05 9.99297E-05 0.215713
9.98947E-05 9.98947E-05 9.98947E-05 9.98947E-05 9.98947E-05 0.41224 9.98947E-05 9.98947E-05 9.98947E-05 0.0149521 0.14558 0.126878 9.98947E-05 9.98947E-05 9.98947E-05 9.98947E-05 0.299151
0.0606695 9.99211E-05 9.99211E-05 0.0405328 9.99211E-05 0.0531038 0.0411068 0.0913711 9.99211E-05 9.99211E-05 0.188657 0.409238 9.99211E-05 9.99211E-05 0.114421 9.99211E-05 9.99211E-05
9.99035E-05 0.000369752 0.100827 9.99035E-05 9.99035E-05 0.0853177 9.99035E-05 9.99035E-05 9.99035E-05 9.99035E-05 0.0429348 0.0339731 9.99035E-05 9.99035E-05 9.99035E-05 9.99035E-05 0.735478
9.98948E-05 9.98948E-05 9.98948E-05 9.98948E-05 0.00735738 0.615147 9.98948E-05 9.98948E-05 0.06963 9.98948E-05 0.206953 0.0997132 9.98948E-05 9.98948E-05 9.98948E-05 9.98948E-05 9.98948E-05
0.00462601 9.99123E-05 9.99123E-05 0.0229239 0.00076658 0.834286 9.99123E-05 0.0190641 9.99123E-05 0.0702653 0.0470686 9.99123E-05 9.99123E-05 9.99123E-05 9.99123E-05 9.99123E-05 9.99123E-05
9.993E-05 0.00120905 9.993E-05 9.993E-05 9.993E-05 0.46504 0.00440528 0.113167 0.0877899 0.0273207 0.032285 0.0248396 9.993E-05 9.993E-05 0.00518116 9.993E-05 0.238063
0.172098 0.0630777 9.99034E-05 9.99034E-05 9.99034E-05 9.99034E-05 9.99034E-05 0.0490741 9.99034E-05 9.99034E-05 0.0856049 0.0472027 9.99034E-05 9.99034E-05 9.99034E-05 9.99034E-05 0.581843
9.99298E-05 9.99298E-05 0.0257868 9.99298E-05 9.99298E-05 0.080472 9.99298E-05 0.0662041 0.0202996 0.0732351 0.0618372 0.21404 0.104077 9.99298E-05 9.99298E-05 9.99298E-05 0.353249
0.108104 0.0169589 9.99298E-05 9.99298E-05 0.00572887 0.469468 9.99298E-05 0.00752294 9.99298E-05 9.99298E-05 0.153426 0.194783 0.00538479 9.99298E-05 0.0378247 9.99298E-05 9.99298E-05
9.99035E-05 9.99035E-05 9.99035E-05 0.00942238 9.99035E-05 0.881291 9.99035E-05 0.00931443 9.99035E-05 0.0554216 9.99035E-05 0.0223942 9.99035E-05 9.99035E-05 9.99035E-05 0.0210579 9.99035E-05
9.99297E-05 0.0185853 9.99297E-05 0.0353385 9.99297E-05 0.359559 9.99297E-05 9.99297E-05 0.0289672 0.0158182 9.99297E-05 0.116196 9.99297E-05 0.0534717 9.99297E-05 0.0311432 0.340122
9.9886E-05 0.0348973 9.9886E-05 9.9886E-05 9.9886E-05 0.357724 9.9886E-05 9.9886E-05 9.9886E-05 9.9886E-05 9.9886E-05 9.9886E-05 0.0359702 9.9886E-05 9.9886E-05 9.9886E-05 0.57011
9.98948E-05 9.98948E-05 9.98948E-05 0.0624813 9.98948E-05 0.333534 0.0828646 9.98948E-05 9.98948E-05 0.170536 9.98948E-05 9.98948E-05 9.98948E-05 9.98948E-05 9.98948E-05 9.98948E-05 0.349385
0.0410865 9.99123E-05 0.0440869 0.00230317 9.99123E-05 0.682554 0.0125067 0.0346423 9.99123E-05 9.99123E-05 0.181821 9.99123E-05 9.99123E-05 9.99123E-05 9.99123E-05 9.99123E-05 9.99123E-05
0.110344 9.98947E-05 9.98947E-05 9.98947E-05 9.98947E-05 0.603011 9.98947E-05 9.98947E-05 9.98947E-05 9.98947E-05 0.142726 0.00117821 0.141542 9.98947E-05 9.98947E-05 9.98947E-05 9.98947E-05
9.98947E-05 9.98947E-05 9.98947E-05 9.98947E-05 9.98947E-05 0.823528 9.98947E-05 0.00880431 9.98947E-05 0.00636724 0.0674466 0.0926552 9.98947E-05 9.98947E-05 9.98947E-05 9.98947E-05 9.98947E-05
9.98948E-05 9.98948E-05 9.98948E-05 0.0145073 9.98948E-05 0.610235 9.98948E-05 9.98948E-05 9.98948E-05 0.0914927 0.0385002 0.244066 9.98948E-05 9.98948E-05 9.98948E-05 9.98948E-05 9.98948E-05
0.0453521 9.9921E-05 9.9921E-05 0.0202081 9.9921E-05 0.267184 9.9921E-05 0.00500778 0.0284287 9.9921E-05 9.9921E-05 0.0033694 0.08792 9.9921E-05 9.9921E-05 9.9921E-05 0.541631
9.9921E-05 9.9921E-05 0.0157172 9.9921E-05 0.0233769 0.465724 9.9921E-05 0.0291762 0.0686482 0.100128 0.186503 0.109827 9.9921E-05 9.9921E-05 9.9921E-05 9.9921E-05 9.9921E-05
9.98858E-05 0.152783 9.98858E-05 9.98858E-05 9.98858E-05 9.98858E-05 9.98858E-05 9.98858E-05 9.98858E-05 9.98858E-05 0.135327 0.422349 9.98858E-05 9.98858E-05 9.98858E-05 9.98858E-05 0.288242
9.98771E-05 0.013445 9.98771E-05 9.98771E-05 9.98771E-05 0.865876 0.119281 9.98771E-05 9.98771E-05 9.98771E-05 9.98771E-05 9.98771E-05 9.98771E-05 9.98771E-05 9.98771E-05 9.98771E-05 9.98771E-05
9.98945E-05 9.98945E-05 9.98945E-05 9.98945E-05 9.98945E-05 9.98945E-05 9.98945E-05 0.00201101 9.98945E-05 0.0132145 0.0605849 9.98945E-05 9.98945E-05 9.98945E-05 0.00823099 9.98945E-05 0.91476
9.98596E-05 9.98596E-05 9.98596E-05 9.98596E-05 9.98596E-05 0.998402 9.98596E-05 9.98596E-05 9.98596E-05 9.98596E-05 9.98596E-05 9.98596E-05 9.98596E-05 9.98596E-05 9.98596E-05 9.98596E-05 9.98596E-05
9.98946E-05 9.98946E-05 9.98946E-05 9.98946E-05 9.98946E-05 0.44217 9.98946E-05 0.0304791 9.98946E-05 9.98946E-05 0.121577 0.149437 9.98946E-05 9.98946E-05 9.98946E-05 9.98946E-05 0.255139
9.99124E-05 9.99124E-05 0.0409582 0.00303556 9.99124E-05 9.99124E-05 9.99124E-05 0.0010421 9.99124E-05 0.0193484 9.99124E-05 9.99124E-05 0.097483 9.99124E-05 0.0117792 9.99124E-05 0.825354
0.0428764 0.0380339 0.00530956 9.99297E-05 0.0194384 9.99297E-05 9.99297E-05 0.130128 9.99297E-05 0.0731405 0.253042 0.0311892 9.99297E-05 9.99297E-05 9.99297E-05 9.99297E-05 0.406043
9.99035E-05 9.99035E-05 0.0111246 9.99035E-05 0.0493818 0.17816 0.105431 9.99035E-05 9.99035E-05 9.99035E-05 9.99035E-05 0.24083 9.99035E-05 9.99035E-05 9.99035E-05 9.99035E-05 0.413974
9.98684E-05 9.98684E-05 9.98684E-05 9.98684E-05 9.98684E-05 0.957082 9.98684E-05 9.98684E-05 9.98684E-05 9.98684E-05 9.98684E-05 9.98684E-05 9.98684E-05 9.98684E-05 0.0414204 9.98684E-05 9.98684E-05
9.99211E-05 9.99211E-05 0.0152747 9.99211E-05 9.99211E-05 0.446299 0.00887076 9.99211E-05 9.99211E-05 0.000605213 0.0796778 9.99211E-05 0.208093 9.99211E-05 0.0100502 9.99211E-05 0.23023
9.99036E-05 0.0272905 0.036153 9.99036E-05 0.0714995 0.708685 9.99036E-05 9.99036E-05 9.99036E-05 9.99036E-05 0.12977 9.99036E-05 9.99036E-05 9.99036E-05 9.99036E-05 9.99036E-05 0.0255023
9.99035E-05 9.99035E-05 9.99035E-05 9.99035E-05 9.99035E-05 0.734798 0.139099 0.0514104 0.0423202 9.99035E-05 9.99035E-05 9.99035E-05 0.0221201 9.99035E-05 0.0091529 9.99035E-05 9.99035E-05
9.98946E-05 0.0476073 9.98946E-05 9.98946E-05 9.98946E-05 0.805849 9.98946E-05 9.98946E-05 9.98946E-05 9.98946E-05 9.98946E-05 0.067834 9.98946E-05 0.0220646 0.0554469 9.98946E-05 9.98946E-05
9.98859E-05 0.0496234 9.98859E-05 9.98859E-05 9.98859E-05 9.98859E-05 9.98859E-05 0.0153326 9.98859E-05 9.98859E-05 0.0386558 9.98859E-05 9.98859E-05 9.98859E-05 9.98859E-05 9.98859E-05 0.89509
9.99034E-05 9.99034E-05 0.0169367 9.99034E-05 9.99034E-05 0.204556 9.99034E-05 0.066637 9.99034E-05 9.99034E-05 9.99034E-05 9.99034E-05 9.99034E-05 9.99034E-05 0.0150546 0.0288559 0.666861
9.99297E-05 9.99297E-05 0.0177478 0.0100084 0.0261054 9.99297E-05 0.00629718 0.0197097 0.525072 0.0994005 0.220584 0.074275 9.99297E-05 9.99297E-05 9.99297E-05 9.99297E-05 9.99297E-05
9.98773E-05 9.98773E-05 9.98773E-05 9.98773E-05 0.0162954 9.98773E-05 9.98773E-05 9.98773E-05 0.962213 9.98773E-05 9.98773E-05 9.98773E-05 9.98773E-05 0.0200935 9.98773E-05 9.98773E-05 9.98773E-05
9.98683E-05 9.98683E-05 9.98683E-05 9.98683E-05 9.98683E-05 9.98683E-05 9.98683E-05 9.98683E-05 0.941997 9.98683E-05 9.98683E-05 9.98683E-05 9.98683E-05 9.98683E-05 0.0565051 9.98683E-05 9.98683E-05
0.0531646 0.140073 9.9921E-05 0.261293 9.9921E-05 9.9921E-05 0.0165618 9.9921E-05 0.335838 0.155359 0.0280052 9.9921E-05 9.9921E-05 9.9921E-05 0.00880564 9.9921E-05 9.9921E-05
9.99296E-05 0.0534029 9.99296E-05 9.99296E-05 9.99296E-05 9.99296E-05 0.0513271 0.0151058 0.615033 0.13597 0.0565806 0.020025 0.0017314 9.99296E-05 0.050025 9.99296E-05 9.99296E-05
9.98944E-05 9.98944E-05 9.98944E-05 0.0606833 9.98944E-05 9.98944E-05 9.98944E-05 9.98944E-05 0.628037 0.0419969 0.193674 0.0744099 9.98944E-05 9.98944E-05 9.98944E-05 9.98944E-05 9.98944E-05
9.98857E-05 9.98857E-05 9.98857E-05 0.367495 9.98857E-05 9.98857E-05 9.98857E-05 0.0613373 0.510439 9.98857E-05 0.0594304 9.98857E-05 9.98857E-05 9.98857E-05 9.98857E-05 9.98857E-05 9.98857E-05
9.99033E-05 9.99033E-05 9.99033E-05 0.104463 9.99033E-05 9.99033E-05 9.99033E-05 9.99033E-05 0.527753 0.0632646 0.147134 9.99033E-05 0.0138359 9.99033E-05 0.142451 9.99033E-05 9.99033E-05
9.98859E-05 9.98859E-05 9.98859E-05 0.0126403 9.98859E-05 9.98859E-05 9.98859E-05 9.98859E-05 0.980954 9.98859E-05 9.98859E-05 9.98859E-05 9.98859E-05 9.98859E-05 0.0018099 0.00329728 9.98859E-05
9.98858E-05 0.00307246 9.98858E-05 9.98858E-05 9.98858E-05 9.98858E-05 9.98858E-05 0.0401848 0.913152 9.98858E-05 9.98858E-05 9.98858E-05 9.98858E-05 9.98858E-05 9.98858E-05 0.0422917 9.98858E-05
9.99121E-05 9.99121E-05 0.0084771 9.99121E-05 9.99121E-05 9.99121E-05 0.0653049 0.153483 0.41955 0.0635252 0.223571 9.99121E-05 9.99121E-05 9.99121E-05 0.0650898 9.99121E-05 9.99121E-05
9.99297E-05 0.0466217 0.0638239 0.0418565 9.99297E-05 9.99297E-05 0.0388072 0.0495626 0.477395 9.99297E-05 0.0864561 0.0918349 9.99297E-05 9.99297E-05 9.99297E-05 0.102843 9.99297E-05
9.99122E-05 0.0149956 0.0808074 9.99122E-05 9.99122E-05 9.99122E-05 9.99122E-05 0.0122473 0.471478 0.147513 9.99122E-05 9.99122E-05 0.0936441 9.99122E-05 9.99122E-05 0.178315 9.99122E-05
9.99033E-05 0.133942 9.99033E-05 0.105425 9.99033E-05 9.99033E-05 9.99033E-05 9.99033E-05 0.471193 9.99033E-05 0.184683 0.0976483 0.00601009 9.99033E-05 9.99033E-05 9.99033E-05 9.99033E-05
9.98948E-05 9.98948E-05 9.98948E-05 9.98948E-05 0.00313851 9.98948E-05 9.98948E-05 0.0603279 0.871353 9.98948E-05 9.98948E-05 9.98948E-05 0.0437979 9.98948E-05 9.98948E-05 0.0201837 9.98948E-05
9.99035E-05 9.99035E-05 9.99035E-05 0.0484259 9.99035E-05 9.99035E-05 9.99035E-05 0.0156196 0.783346 0.0344018 9.99035E-05 9.99035E-05 9.99035E-05 9.99035E-05 0.0538871 0.0632202 9.99035E-05
9.98946E-05 0.0354976 9.98946E-05 0.0134549 9.98946E-05 9.98946E-05 9.98946E-05 9.98946E-05 0.784272 9.98946E-05 0.0321994 9.98946E-05 9.98946E-05 9.98946E-05 0.133377 9.98946E-05 9.98946E-05
9.98945E-05 0.177276 9.98945E-05 9.98945E-05 9.98945E-05 9.98945E-05 9.98945E-05 0.0846773 0.481146 9.98945E-05 9.98945E-05 0.215105 9.98945E-05 9.98945E-05 9.98945E-05 0.0405971 9.98945E-05
9.98946E-05 0.127334 9.98946E-05 9.98946E-05 9.98946E-05 9.98946E-05 9.98946E-05 0.0637583 0.735706 9.98946E-05 0.0415136 9.98946E-05 9.98946E-05 9.98946E-05 0.0304895 9.98946E-05 9.98946E-05
9.99033E-05 9.99033E-05 9.99033E-05 0.0219843 9.99033E-05 9.99033E-05 0.0118714 9.99033E-05 0.582486 9.99033E-05 0.241371 9.99033E-05 0.096484 9.99033E-05 9.99033E-05 0.044704 9.99033E-05
9.98598E-05 9.98598E-05 9.98598E-05 9.98598E-05 9.98598E-05 9.98598E-05 9.98598E-05 9.98598E-05 0.998402 9.98598E-05 9.98598E-05 9.98598E-05 9.98598E-05 9.98598E-05 9.98598E-05 9.98598E-05 9.98598E-05
9.98857E-05 9.98857E-05 9.98857E-05 9.98857E-05 9.98857E-05 9.98857E-05 9.98857E-05 9.98857E-05 0.617196 9.98857E-05 0.0633145 0.292591 9.98857E-05 9.98857E-05 0.0255999 9.98857E-05 9.98857E-05
0.138642 9.99035E-05 9.99035E-05 0.0451126 9.99035E-05 9.99035E-05 9.99035E-05 9.99035E-05 0.651658 9.99035E-05 0.0616241 0.0996396 9.99035E-05 9.99035E-05 0.00222432 9.99035E-05 9.99035E-05
9.99034E-05 0.153791 9.99034E-05 9.99034E-05 9.99034E-05 9.99034E-05 9.99034E-05 0.0330721 0.666847 0.0445571 0.0171369 9.99034E-05 9.99034E-05 9.99034E-05 0.0834967 9.99034E-05 9.99034E-05
9.98769E-05 9.98769E-05 9.98769E-05 9.98769E-05 9.98769E-05 9.98769E-05 9.98769E-05 0.0902831 0.795838 9.98769E-05 9.98769E-05 9.98769E-05 9.98769E-05 9.98769E-05 9.98769E-05 0.11248 9.98769E-05
9.9886E-05 9.9886E-05 0.0107134 9.9886E-05 9.9886E-05 9.9886E-05 0.0266773 9.9886E-05 0.938338 9.9886E-05 0.0229731 9.9886E-05 9.9886E-05 9.9886E-05 9.9886E-05 9.9886E-05 9.9886E-05
9.98684E-05 9.98684E-05 9.98684E-05 9.98684E-05 0.0245 9.98684E-05 9.98684E-05 9.98684E-05 0.974002 9.98684E-05 9.98684E-05 9.98684E-05 9.98684E-05 9.98684E-05 9.98684E-05 9.98684E-05 9.98684E-05
9.98596E-05 9.98596E-05 9.98596E-05 9.98596E-05 9.98596E-05 9.98596E-05 9.98596E-05 9.98596E-05 0.998402 9.98596E-05 9.98596E-05 9.98596E-05 9.98596E-05 9.98596E-05 9.98596E-05 9.98596E-05 9.98596E-05
9.98947E-05 0.0775435 9.98947E-05 9.98947E-05 9.98947E-05 9.98947E-05 9.98947E-05 9.98947E-05 0.806879 0.0135624 9.98947E-05 9.98947E-05 9.98947E-05 9.98947E-05 0.0799071 0.0209094 9.98947E-05
0.0442141 9.99123E-05 0.0476052 9.99123E-05 9.99123E-05 0.0235261 0.0599935 9.99123E-05 0.689664 0.128003 0.005995 9.99123E-05 9.99123E-05 9.99123E-05 9.99123E-05 9.99123E-05 9.99123E-05
0.56074 9.99034E-05 0.131879 9.99034E-05 9.99034E-05 9.99034E-05 9.99034E-05 0.00458128 9.99034E-05 0.151093 0.107578 0.0430311 9.99034E-05 9.99034E-05 9.99034E-05 9.99034E-05 9.99034E-05
0.926241 9.98861E-05 9.98861E-05 9.98861E-05 9.98861E-05 9.98861E-05 9.98861E-05 9.98861E-05 9.98861E-05 0.0194162 0.0233508 9.98861E-05 9.98861E-05 9.98861E-05 9.98861E-05 9.98861E-05 0.0296938
0.604494 9.99033E-05 0.121845 9.99033E-05 9.99033E-05 9.99033E-05 9.99033E-05 0.0354282 9.99033E-05 9.99033E-05 0.178313 0.0436552 9.99033E-05 9.99033E-05 0.0151656 9.99033E-05 9.99033E-05
0.460882 9.98945E-05 9.98945E-05 9.98945E-05 9.98945E-05 9.98945E-05 9.98945E-05 0.0117782 9.98945E-05 0.107677 0.308346 9.98945E-05 9.98945E-05 9.98945E-05 0.110118 9.98945E-05 9.98945E-05
0.595523 9.99121E-05 9.99121E-05 9.99121E-05 0.0286275 9.99121E-05 0.0148142 9.99121E-05 9.99121E-05 0.193745 0.089485 9.99121E-05 9.99121E-05 9.99121E-05 0.0533104 0.0234959 9.99121E-05
0.525862 0.0203418 9.98858E-05 9.98858E-05 9.98858E-05 9.98858E-05 9.98858E-05 9.98858E-05 9.98858E-05 0.20812 0.244377 9.98858E-05 9.98858E-05 9.98858E-05 9.98858E-05 9.98858E-05 9.98858E-05
0.488974 9.99209E-05 0.0375052 9.99209E-05 9.99209E-05 9.99209E-05 9.99209E-05 0.0361865 9.99209E-05 0.0934967 0.101678 0.137041 9.99209E-05 9.99209E-05 0.0280556 0.0761634 9.99209E-05
0.514303 9.98946E-05 9.98946E-05 9.98946E-05 0.00819786 9.98946E-05 0.0889386 9.98946E-05 9.98946E-05 0.32424 0.0631222 9.98946E-05 9.98946E-05 9.98946E-05 9.98946E-05 9.98946E-05 9.98946E-05
0.182493 9.99121E-05 9.99121E-05 0.260373 9.99121E-05 9.99121E-05 9.99121E-05 0.0147334 9.99121E-05 0.386721 0.0778865 0.0690107 9.99121E-05 9.99121E-05 9.99121E-05 0.00778262 9.99121E-05
0.287979 0.00154297 9.99034E-05 9.99034E-05 9.99034E-05 9.99034E-05 9.99034E-05 9.99034E-05 9.99034E-05 0.302815 0.284675 0.0672884 9.99034E-05 9.99034E-05 9.99034E-05 0.0546003 9.99034E-05
0.648155 9.98772E-05 9.98772E-05 0.301206 9.98772E-05 9.98772E-05 9.98772E-05 9.98772E-05 9.98772E-05 0.0492411 9.98772E-05 9.98772E-05 9.98772E-05 9.98772E-05 9.98772E-05 9.98772E-05 9.98772E-05
0.621148 9.98946E-05 9.98946E-05 0.189521 9.98946E-05 9.98946E-05 0.0078932 0.056796 9.98946E-05 9.98946E-05 0.123443 9.98946E-05 9.98946E-05 9.98946E-05 9.98946E-05 9.98946E-05 9.98946E-05
0.793072 0.00538026 0.00356695 9.99122E-05 9.99122E-05 9.99122E-05 9.99122E-05 0.0190436 9.99122E-05 0.156659 9.99122E-05 9.99122E-05 9.99122E-05 9.99122E-05 0.0111918 0.0100869 9.99122E-05
0.51451 9.98947E-05 9.98947E-05 0.00442478 0.0898223 9.98947E-05 9.98947E-05 9.98947E-05 9.98947E-05 0.152224 0.23782 9.98947E-05 9.98947E-05 9.98947E-05 9.98947E-05 9.98947E-05 9.98947E-05
0.519879 9.9921E-05 9.9921E-05 0.0204318 9.9921E-05 9.9921E-05 9.9921E-05 0.0380266 9.9921E-05 0.133064 0.0865448 9.9921E-05 0.0492768 9.9921E-05 0.14003 0.0118476 9.9921E-05
0.430934 9.99122E-05 0.0266012 0.0544628 9.99122E-05 9.99122E-05 9.99122E-05 0.109398 9.99122E-05 0.177712 0.17174 9.99122E-05 9.99122E-05 9.99122E-05 9.99122E-05 0.0281528 9.99122E-05
0.482279 9.98946E-05 9.98946E-05 0.217495 9.98946E-05 9.98946E-05 0.094998 9.98946E-05 9.98946E-05 0.064001 0.140028 9.98946E-05 9.98946E-05 9.98946E-05 9.98946E-05 9.98946E-05 9.98946E-05
0.539505 9.99034E-05 0.142963 9.99034E-05 9.99034E-05 9.99034E-05 9.99034E-05 0.00712656 9.99034E-05 0.0839777 0.000414706 0.224914 9.99034E-05 9.99034E-05 9.99034E-05 9.99034E-05 9.99034E-05
0.786029 9.99121E-05 0.0178506 0.0129255 9.99121E-05 9.99121E-05 9.99121E-05 0.0670461 9.99121E-05 0.0769326 9.99121E-05 0.0290479 9.99121E-05 0.00916883 9.99121E-05 9.99121E-05 9.99121E-05
0.557178 9.99035E-05 9.99035E-05 9.99035E-05 9.99035E-05 9.99035E-05 0.112375 0.0156176 0.0492085 0.137996 0.126526 9.99035E-05 9.99035E-05 9.99035E-05 9.99035E-05 9.99035E-05 9.99035E-05
0.667559 0.00223367 0.0649167 0.0627567 9.99034E-05 9.99034E-05 9.99034E-05 9.99034E-05 9.99034E-05 0.0790452 0.12239 9.99034E-05 9.99034E-05 9.99034E-05 9.99034E-05 9.99034E-05 9.99034E-05
0.635681 9.99033E-05 9.99033E-05 9.99033E-05 9.99033E-05 9.99033E-05 0.0261877 9.99033E-05 9.99033E-05 0.111415 0.154022 9.99033E-05 9.99033E-05 9.99033E-05 0.0263846 0.0452107 9.99033E-05
0.176631 9.99034E-05 9.99034E-05 0.0532978 9.99034E-05 9.99034E-05 0.0892627 9.99034E-05 9.99034E-05 0.183792 0.315553 9.99034E-05 9.99034E-05 0.180365 9.99034E-05 9.99034E-05 9.99034E-05
0.68053 9.98946E-05 0.0585914 9.98946E-05 9.98946E-05 9.98946E-05 9.98946E-05 0.0128091 9.98946E-05 0.211713 0.0351576 9.98946E-05 9.98946E-05 9.98946E-05 9.98946E-05 9.98946E-05 9.98946E-05
0.221603 9.99034E-05 9.99034E-05 0.0739583 9.99034E-05 9.99034E-05 0.092072 9.99034E-05 9.99034E-05 0.3024 0.240426 9.99034E-05 9.99034E-05 0.0684428 9.99034E-05 9.99034E-05 9.99034E-05
0.542834 9.99035E-05 9.99035E-05 0.0895491 9.99035E-05 9.99035E-05 9.99035E-05 9.99035E-05 0.0514934 0.147919 0.162387 9.99035E-05 9.99035E-05 9.99035E-05 9.99035E-05 0.00471962 9.99035E-05
0.756123 9.9886E-05 9.9886E-05 9.9886E-05 0.115906 0.0999227 9.9886E-05 9.9886E-05 9.9886E-05 9.9886E-05 0.0267496 9.9886E-05 9.9886E-05 9.9886E-05 9.9886E-05 9.9886E-05 9.9886E-05
0.480813 9.99033E-05 0.0788934 9.99033E-05 9.99033E-05 9.99033E-05 0.0382875 9.99033E-05 9.99033E-05 0.153731 0.235506 9.99033E-05 0.0116707 9.99033E-05 9.99033E-05 9.99033E-05 9.99033E-05
0.403134 9.98859E-05 9.98859E-05 9.98859E-05 9.98859E-05 9.98859E-05 9.98859E-05 9.98859E-05 9.98859E-05 0.280044 0.263486 0.0520382 9.98859E-05 9.98859E-05 9.98859E-05 9.98859E-05 9.98859E-05
0.644519 9.99034E-05 0.0641108 9.99034E-05 9.99034E-05 9.99034E-05 0.0636732 0.0475454 9.99034E-05 0.0293151 0.149738 9.99034E-05 9.99034E-05 9.99034E-05 9.99034E-05 9.99034E-05 9.99034E-05
0.5302 9.99034E-05 9.99034E-05 0.0101334 9.99034E-05 9.99034E-05 9.99034E-05 0.0798716 9.99034E-05 0.088069 0.274333 9.99034E-05 0.0162947 9.99034E-05 9.99034E-05 9.99034E-05 9.99034E-05
0.703722 9.99034E-05 9.99034E-05 9.99034E-05 9.99034E-05 9.99034E-05 0.0718067 0.0583791 9.99034E-05 0.0109839 0.0482839 9.99034E-05 0.105726 9.99034E-05 9.99034E-05 9.99034E-05 9.99034E-05
0.194128 9.98946E-05 0.152445 9.98946E-05 9.98946E-05 9.98946E-05 0.146931 9.98946E-05 9.98946E-05 0.29009 0.215208 9.98946E-05 9.98946E-05 9.98946E-05 9.98946E-05 9.98946E-05 9.98946E-05
0.510196 9.98944E-05 9.98944E-05 9.98944E-05 9.98944E-05 9.98944E-05 0.056522 9.98944E-05 9.98944E-05 0.047469 0.155943 0.22867 9.98944E-05 9.98944E-05 9.98944E-05 9.98944E-05 9.98944E-05
0.799604 0.0512435 9.98946E-05 9.98946E-05 9.98946E-05 9.98946E-05 9.98946E-05 9.98946E-05 9.98946E-05 0.0299023 0.0957198 0.0223316 9.98946E-05 9.98946E-05 9.98946E-05 9.98946E-05 9.98946E-05
0.64951 0.0097788 9.99209E-05 0.0824474 9.99209E-05 9.99209E-05 9.99209E-05 0.00848176 9.99209E-05 0.101528 9.99209E-05 0.0827345 0.0576389 9.99209E-05 9.99209E-05 0.00698102 9.99209E-05
0.314341 9.98945E-05 9.98945E-05 9.98945E-05 9.98945E-05 9.98945E-05 9.98945E-05 9.98945E-05 9.98945E-05 0.241321 0.280619 9.98945E-05 9.98945E-05 9.98945E-05 0.0737514 0.0887693 9.98945E-05
0.916166 9.98685E-05 9.98685E-05 9.98685E-05 9.98685E-05 9.98685E-05 9.98685E-05 9.98685E-05 9.98685E-05 0.0823364 9.98685E-05 9.98685E-05 9.98685E-05 9.98685E-05 9.98685E-05 9.98685E-05 9.98685E-05
0.838138 9.98859E-05 9.98859E-05 9.98859E-05 9.98859E-05 9.98859E-05 9.98859E-05 0.0145139 9.98859E-05 0.057034 0.0890157 9.98859E-05 9.98859E-05 9.98859E-05 9.98859E-05 9.98859E-05 9.98859E-05
0.946447 9.98772E-05 0.00960489 9.98772E-05 9.98772E-05 9.98772E-05 9.98772E-05 9.98772E-05 9.98772E-05 0.0425502 9.98772E-05 9.98772E-05 9.98772E-05 9.98772E-05 9.98772E-05 9.98772E-05 9.98772E-05
0.785236 9.98948E-05 9.98948E-05 0.146392 9.98948E-05 9.98948E-05 0.0347201 9.98948E-05 9.98948E-05 0.0261222 9.98948E-05 9.98948E-05 9.98948E-05 0.00633095 9.98948E-05 9.98948E-05 9.98948E-05
0.267486 9.99034E-05 0.0503456 0.0966797 9.99034E-05 9.99034E-05 9.99034E-05 0.0192555 9.99034E-05 0.168141 0.396994 9.99034E-05 9.99034E-05 9.99034E-05 9.99034E-05 9.99034E-05 9.99034E-05
0.642713 9.98946E-05 0.109296 9.98946E-05 9.98946E-05 9.98946E-05 9.98946E-05 9.98946E-05 9.98946E-05 0.179419 0.0274586 0.0399154 9.98946E-05 9.98946E-05 9.98946E-05 9.98946E-05 9.98946E-05
0.729464 9.98861E-05 9.98861E-05 9.98861E-05 9.98861E-05 9.98861E-05 0.12806 9.98861E-05 9.98861E-05 0.112529 0.0286485 9.98861E-05 9.98861E-05 9.98861E-05 9.98861E-05 9.98861E-05 9.98861E-05
0.882939 9.9886E-05 9.9886E-05 9.9886E-05 0.0299158 0.0709782 9.9886E-05 9.9886E-05 9.9886E-05 9.9886E-05 0.0148682 9.9886E-05 9.9886E-05 9.9886E-05 9.9886E-05 9.9886E-05 9.9886E-05
0.240741 9.99033E-05 9.99033E-05 0.136523 9.99033E-05 9.99033E-05 0.167866 9.99033E-05 9.99033E-05 0.276577 0.0555842 0.121611 9.99033E-05 9.99033E-05 9.99033E-05 9.99033E-05 9.99033E-05
0.428862 9.9921E-05 9.9921E-05 9.9921E-05 0.00254818 9.9921E-05 9.9921E-05 0.00113545 0.197504 0.118064 0.223504 9.9921E-05 0.0155629 9.9921E-05 9.9921E-05 0.0119199 9.9921E-05
0.369152 9.99124E-05 9.99124E-05 0.139685 0.0733394 9.99124E-05 9.99124E-05 9.99124E-05 9.99124E-05 0.17984 0.0425933 0.126378 9.99124E-05 9.99124E-05 9.99124E-05 0.0680119 9.99124E-05
0.229332 9.99035E-05 9.99035E-05 9.99035E-05 9.99035E-05 9.99035E-05 9.99035E-05 0.016848 9.99035E-05 0.32394 0.284484 0.09619 9.99035E-05 0.0481068 9.99035E-05 9.99035E-05 9.99035E-05
0.998402 9.98597E-05 9.98597E-05 9.98597E-05 9.98597E-05 9.98597E-05 9.98597E-05 9.98597E-05 9.98597E-05 9.98597E-05 9.98597E-05 9.98597E-05 9.98597E-05 9.98597E-05 9.98597E-05 9.98597E-05 9.98597E-05
0.392843 0.149779 9.99209E-05 9.99209E-05 9.99209E-05 9.99209E-05 0.00414701 0.0341263 9.99209E-05 0.0437462 0.244486 0.100675 0.029299 9.99209E-05 9.99209E-05 9.99209E-05 9.99209E-05
0.82429 9.98861E-05 9.98861E-05 0.0126016 9.98861E-05 9.98861E-05 9.98861E-05 9.98861E-05 0.0564638 0.105346 9.98861E-05 9.98861E-05 9.98861E-05 9.98861E-05 9.98861E-05 9.98861E-05 9.98861E-05
0.655633 9.9886E-05 9.9886E-05 9.9886E-05 9.9886E-05 9.9886E-05 9.9886E-05 0.0507664 9.9886E-05 0.16485 0.127453 9.9886E-05 9.9886E-05 9.9886E-05 9.9886E-05 9.9886E-05 9.9886E-05
0.647956 9.99122E-05 9.99122E-05 0.0332765 9.99122E-05 9.99122E-05 9.99122E-05 9.99122E-05 9.99122E-05 0.131379 0.0288801 0.0225084 0.0741765 9.99122E-05 0.0608246 9.99122E-05 9.99122E-05
0.616872 0.112363 9.99208E-05 9.99208E-05 9.99208E-05 9.99208E-05 9.99208E-05 0.0474043 9.99208E-05 0.0431225 0.017625 0.100669 9.99208E-05 9.99208E-05 0.0162522 0.0447928 9.99208E-05
0.240865 9.98946E-05 9.98946E-05 0.245165 9.98946E-05 9.98946E-05 9.98946E-05 9.98946E-05 9.98946E-05 0.266846 0.241418 9.98946E-05 9.98946E-05 0.00450705 9.98946E-05 9.98946E-05 9.98946E-05
0.570248 9.99033E-05 0.0373069 9.99033E-05 0.0165901 9.99033E-05 9.99033E-05 0.00464784 9.99033E-05 0.185387 0.184721 9.99033E-05 9.99033E-05 9.99033E-05 9.99033E-05 9.99033E-05 9.99033E-05
0.672314 9.99209E-05 9.99209E-05 9.99209E-05 0.00632139 9.99209E-05 0.0300014 0.00366549 9.99209E-05 0.144218 0.0683284 0.0277291 0.0465226 9.99209E-05 9.99209E-05 9.99209E-05 9.99209E-05
0.71291 9.98946E-05 9.98946E-05 0.00925219 9.98946E-05 9.98946E-05 0.179352 9.98946E-05 9.98946E-05 0.0179107 0.0793756 9.98946E-05 9.98946E-05 9.98946E-05 9.98946E-05 9.98946E-05 9.98946E-05
0.649061 9.98859E-05 9.98859E-05 0.092188 9.98859E-05 9.98859E-05 9.98859E-05 9.98859E-05 9.98859E-05 0.205892 0.0515599 9.98859E-05 9.98859E-05 9.98859E-05 9.98859E-05 9.98859E-05 9.98859E-05
9.98594E-05 9.98594E-05 9.98594E-05 9.98594E-05 9.98594E-05 9.98594E-05 9.98594E-05 9.98594E-05 9.98594E-05 9.98594E-05 0.998402 9.98594E-05 9.98594E-05 9.98594E-05 9.98594E-05 9.98594E-05 9.98594E-05
9.98592E-05 9.98592E-05 9.98592E-05 9.98592E-05 9.98592E-05 9.98592E-05 9.98592E-05 9.98592E-05 9.98592E-05 0.998402 9.98592E-05 9.98592E-05 9.98592E-05 9.98592E-05 9.98592E-05 9.98592E-05 9.98592E-05
9.98592E-05 9.98592E-05 9.98592E-05 9.98592E-05 9.98592E-05 9.98592E-05 9.98592E-05 9.98592E-05 9.98592E-05 9.98592E-05 0.998402 9.98592E-05 9.98592E-05 9.98592E-05 9.98592E-05 9.98592E-05 9.98592E-05
9.98592E-05 9.98592E-05 9.98592E-05 9.98592E-05 9.98592E-05 9.98592E-05 9.98592E-05 9.98592E-05 9.98592E-05 0.998402 9.98592E-05 9.98592E-05 9.98592E-05 9.98592E-05 9.98592E-05 9.98592E-05 9.98592E-05
9.98594E-05 9.98594E-05 9.98594E-05 9.98594E-05 9.98594E-05 9.98594E-05 9.98594E-05 9.98594E-05 9.98594E-05 0.998402 9.98594E-05 9.98594E-05 9.98594E-05 9.98594E-05 9.98594E-05 9.98594E-05 9.98594E-05
9.98593E-05 9.98593E-05 9.98593E-05 9.98593E-05 9.98593E-05 9.98593E-05 9.98593E-05 9.98593E-05 9.98593E-05 0.998402 9.98593E-05 9.98593E-05 9.98593E-05 9.98593E-05 9.98593E-05 9.98593E-05 9.98593E-05
9.98592E-05 9.98592E-05 9.98592E-05 9.98592E-05 9.98592E-05 9.98592E-05 9.98592E-05 9.98592E-05 9.98592E-05 9.98592E-05 0.998402 9.98592E-05 9.98592E-05 9.98592E-05 9.98592E-05 9.98592E-05 9.98592E-05
9.98593E-05 9.98593E-05 9.98593E-05 9.98593E-05 9.98593E-05 9.98593E-05 9.98593E-05 9.98593E-05 9.98593E-05 0.998402 9.98593E-05 9.98593E-05 9.98593E-05 9.98593E-05 9.98593E-05 9.98593E-05 9.98593E-05
9.98593E-05 9.98593E-05 9.98593E-05 9.98593E-05 9.98593E-05 9.98593E-05 9.98593E-05 9.98593E-05 9.98593E-05 0.998402 9.98593E-05 9.98593E-05 9.98593E-05 9.98593E-05 9.98593E-05 9.98593E-05 9.98593E-05
9.98593E-05 9.98593E-05 9.98593E-05 9.98593E-05 9.98593E-05 9.98593E-05 9.98593E-05 9.98593E-05 9.98593E-05 9.98593E-05 0.998402 9.98593E-05 9.98593E-05 9.98593E-05 9.98593E-05 9.98593E-05 9.98593E-05
9.98592E-05 9.98592E-05 9.98592E-05 9.98592E-05 9.98592E-05 9.98592E-05 9.98592E-05 9.98592E-05 9.98592E-05 9.98592E-05 0.998402 9.98592E-05 9.98592E-05 9.98592E-05 9.98592E-05 9.98592E-05 9.98592E-05
9.98592E-05 9.98592E-05 9.98592E-05 9.98592E-05 9.98592E-05 9.98592E-05 9.98592E-05 9.98592E-05 9.98592E-05 9.98592E-05 0.998402 9.98592E-05 9.98592E-05 9.98592E-05 9.98592E-05 9.98592E-05 9.98592E-05
9.98592E-05 9.98592E-05 9.98592E-05 9.98592E-05 9.98592E-05 9.98592E-05 9.98592E-05 9.98592E-05 9.98592E-05 0.998402 9.98592E-05 9.98592E-05 9.98592E-05 9.98592E-05 9.98592E-05 9.98592E-05 9.98592E-05
9.98594E-05 9.98594E-05 9.98594E-05 9.98594E-05 9.98594E-05 9.98594E-05 9.98594E-05 9.98594E-05 9.98594E-05 0.998402 9.98594E-05 9.98594E-05 9.98594E-05 9.98594E-05 9.98594E-05 9.98594E-05 9.98594E-05
9.98593E-05 9.98593E-05 9.98593E-05 9.98593E-05 9.98593E-05 9.98593E-05 9.98593E-05 9.98593E-05 9.98593E-05 9.98593E-05 0.998402 9.98593E-05 9.98593E-05 9.98593E-05 9.98593E-05 9.98593E-05 9.98593E-05
9.98592E-05 9.98592E-05 9.98592E-05 9.98592E-05 9.98592E-05 9.98592E-05 9.98592E-05 9.98592E-05 9.98592E-05 9.98592E-05 0.998402 9.98592E-05 9.98592E-05 9.98592E-05 9.98592E-05 9.98592E-05 9.98592E-05
0.300749 0.204554 9.99209E-05 9.99209E-05 0.0563183 9.99209E-05 0.0377025 9.99209E-05 9.99209E-05 0.168369 0.135474 9.99209E-05 0.0355506 9.99209E-05 9.99209E-05 0.0603829 9.99209E-05
9.98593E-05 9.98593E-05 9.98593E-05 9.98593E-05 9.98593E-05 9.98593E-05 9.98593E-05 9.98593E-05 9.98593E-05 9.98593E-05 0.998402 9.98593E-05 9.98593E-05 9.98593E-05 9.98593E-05 9.98593E-05 9.98593E-05
9.98593E-05 9.98593E-05 9.98593E-05 9.98593E-05 9.98593E-05 9.98593E-05 9.98593E-05 9.98593E-05 9.98593E-05 0.998402 9.98593E-05 9.98593E-05 9.98593E-05 9.98593E-05 9.98593E-05 9.98593E-05 9.98593E-05
9.98594E-05 9.98594E-05 9.98594E-05 9.98594E-05 9.98594E-05 9.98594E-05 9.98594E-05 9.98594E-05 9.98594E-05 9.98594E-05 0.998402 9.98594E-05 9.98594E-05 9.98594E-05 9.98594E-05 9.98594E-05 9.98594E-05
9.98593E-05 9.98593E-05 9.98593E-05 9.98593E-05 9.98593E-05 9.98593E-05 9.98593E-05 9.98593E-05 9.98593E-05 9.98593E-05 0.998402 9.98593E-05 9.98593E-05 9.98593E-05 9.98593E-05 9.98593E-05 9.98593E-05
9.98593E-05 9.98593E-05 9.98593E-05 9.98593E-05 9.98593E-05 9.98593E-05 9.98593E-05 9.98593E-05 9.98593E-05 9.98593E-05 0.998402 9.98593E-05 9.98593E-05 9.98593E-05 9.98593E-05 9.98593E-05 9.98593E-05
9.98593E-05 9.98593E-05 9.98593E-05 9.98593E-05 9.98593E-05 9.98593E-05 9.98593E-05 9.98593E-05 9.98593E-05 0.998402 9.98593E-05 9.98593E-05 9.98593E-05 9.98593E-05 9.98593E-05 9.98593E-05 9.98593E-05
9.98593E-05 9.98593E-05 9.98593E-05 9.98593E-05 9.98593E-05 9.98593E-05 9.98593E-05 9.98593E-05 9.98593E-05 9.98593E-05 0.998402 9.98593E-05 9.98593E-05 9.98593E-05 9.98593E-05 9.98593E-05 9.98593E-05
9.98592E-05 9.98592E-05 9.98592E-05 9.98592E-05 9.98592E-05 9.98592E-05 9.98592E-05 9.98592E-05 9.98592E-05 0.998402 9.98592E-05 9.98592E-05 9.98592E-05 9.98592E-05 9.98592E-05 9.98592E-05 9.98592E-05
9.98593E-05 9.98593E-05 9.98593E-05 9.98593E-05 9.98593E-05 9.98593E-05 9.98593E-05 9.98593E-05 9.98593E-05 9.98593E-05 0.998402 9.98593E-05 9.98593E-05 9.98593E-05 9.98593E-05 9.98593E-05 9.98593E-05
9.98592E-05 9.98592E-05 9.98592E-05 9.98592E-05 9.98592E-05 9.98592E-05 9.98592E-05 9.98592E-05 9.98592E-05 9.98592E-05 0.998402 9.98592E-05 9.98592E-05 9.98592E-05 9.98592E-05 9.98592E-05 9.98592E-05
9.98592E-05 9.98592E-05 9.98592E-05 9.98592E-05 9.98592E-05 9.98592E-05 9.98592E-05 9.98592E-05 9.98592E-05 0.998402 9.98592E-05 9.98592E-05 9.98592E-05 9.98592E-05 9.98592E-05 9.98592E-05 9.98592E-05
9.98593E-05 9.98593E-05 9.98593E-05 9.98593E-05 9.98593E-05 9.98593E-05 9.98593E-05 9.98593E-05 9.98593E-05 0.998402 9.98593E-05 9.98593E-05 9.98593E-05 9.98593E-05 9.98593E-05 9.98593E-05 9.98593E-05
9.98593E-05 9.98593E-05 9.98593E-05 9.98593E-05 9.98593E-05 9.98593E-05 9.98593E-05 9.98593E-05 9.98593E-05 0.998402 9.98593E-05 9.98593E-05 9.98593E-05 9.98593E-05 9.98593E-05 9.98593E-05 9.98593E-05
9.98593E-05 9.98593E-05 9.98593E-05 9.98593E-05 9.98593E-05 9.98593E-05 9.98593E-05 9.98593E-05 9.98593E-05 9.98593E-05 0.998402 9.98593E-05 9.98593E-05 9.98593E-05 9.98593E-05 9.98593E-05 9.98593E-05
9.98592E-05 9.98592E-05 9.98592E-05 9.98592E-05 9.98592E-05 9.98592E-05 9.98592E-05 9.98592E-05 9.98592E-05 9.98592E-05 0.998402 9.98592E-05 9.98592E-05 9.98592E-05 9.98592E-05 9.98592E-05 9.98592E-05
9.98592E-05 9.98592E-05 9.98592E-05 9.98592E-05 9.98592E-05 9.98592E-05 9.98592E-05 9.98592E-05 9.98592E-05 9.98592E-05 0.998402 9.98592E-05 9.98592E-05 9.98592E-05 9.98592E-05 9.98592E-05 9.98592E-05
9.98592E-05 9.98592E-05 9.98592E-05 9.98592E-05 9.98592E-05 9.98592E-05 9.98592E-05 9.98592E-05 9.98592E-05 9.98592E-05 0.998402 9.98592E-05 9.98592E-05 9.98592E-05 9.98592E-05 9.98592E-05 9.98592E-05
9.98592E-05 9.98592E-05 9.98592E-05 9.98592E-05 9.98592E-05 9.98592E-05 9.98592E-05 9.98592E-05 9.98592E-05 9.98592E-05 0.998402 9.98592E-05 9.98592E-05 9.98592E-05 9.98592E-05 9.98592E-05 9.98592E-05
9.98592E-05 9.98592E-05 9.98592E-05 9.98592E-05 9.98592E-05 9.98592E-05 9.98592E-05 9.98592E-05 9.98592E-05 0.998402 9.98592E-05 9.98592E-05 9.98592E-05 9.98592E-05 9.98592E-05 9.98592E-05 9.98592E-05
9.98593E-05 9.98593E-05 9.98593E-05 9.98593E-05 9.98593E-05 9.98593E-05 9.98593E-05 9.98593E-05 9.98593E-05 0.998402 9.98593E-05 9.98593E-05 9.98593E-05 9.98593E-05 9.98593E-05 9.98593E-05 9.98593E-05
9.98593E-05 9.98593E-05 9.98593E-05 9.98593E-05 9.98593E-05 9.98593E-05 9.98593E-05 9.98593E-05 9.98593E-05 0.998402 9.98593E-05 9.98593E-05 9.98593E-05 9.98593E-05 9.98593E-05 9.98593E-05 9.98593E-05
9.98593E-05 9.98593E-05 9.98593E-05 9.98593E-05 9.98593E-05 9.98593E-05 9.98593E-05 9.98593E-05 9.98593E-05 9.98593E-05 0.998402 9.98593E-05 9.98593E-05 9.98593E-05 9.98593E-05 9.98593E-05 9.98593E-05
9.98592E-05 9.98592E-05 9.98592E-05 9.98592E-05 9.98592E-05 9.98592E-05 9.98592E-05 9.98592E-05 9.98592E-05 0.998402 9.98592E-05 9.98592E-05 9.98592E-05 9.98592E-05 9.98592E-05 9.98592E-05 9.98592E-05
9.98592E-05 9.98592E-05 9.98592E-05 9.98592E-05 9.98592E-05 9.98592E-05 9.98592E-05 9.98592E-05 9.98592E-05 0.998402 9.98592E-05 9.98592E-05 9.98592E-05 9.98592E-05 9.98592E-05 9.98592E-05 9.98592E-05
9.98593E-05 9.98593E-05 9.98593E-05 9.98593E-05 9.98593E-05 9.98593E-05 9.98593E-05 9.98593E-05 9.98593E-05 0.998402 9.98593E-05 9.98593E-05 9.98593E-05 9.98593E-05 9.98593E-05 9.98593E-05 9.98593E-05
9.98594E-05 9.98594E-05 9.98594E-05 9.98594E-05 9.98594E-05 9.98594E-05 9.98594E-05 9.98594E-05 9.98594E-05 0.998402 9.98594E-05 9.98594E-05 9.98594E-05 9.98594E-05 9.98594E-05 9.98594E-05 9.98594E-05
9.98594E-05 9.98594E-05 9.98594E-05 9.98594E-05 9.98594E-05 9.98594E-05 9.98594E-05 9.98594E-05 9.98594E-05 9.98594E-05 0.998402 9.98594E-05 9.98594E-05 9.98594E-05 9.98594E-05 9.98594E-05 9.98594E-05
9.98592E-05 9.98592E-05 9.98592E-05 9.98592E-05 9.98592E-05 9.98592E-05 9.98592E-05 9.98592E-05 9.98592E-05 0.998402 9.98592E-05 9.98592E-05 9.98592E-05 9.98592E-05 9.98592E-05 9.98592E-05 9.98592E-05
9.98592E-05 9.98592E-05 9.98592E-05 9.98592E-05 9.98592E-05 9.98592E-05 9.98592E-05 9.98592E-05 9.98592E-05 0.998402 9.98592E-05 9.98592E-05 9.98592E-05 9.98592E-05 9.98592E-05 9.98592E-05 9.98592E-05
0.275604 0.218114 9.99297E-05 9.99297E-05 0.004745 9.99297E-05 0.0811421 9.99297E-05 9.99297E-05 0.144759 0.181872 9.99297E-05 0.0764222 9.99297E-05 0.0128203 0.0037222 9.99297E-05
9.98593E-05 9.98593E-05 9.98593E-05 9.98593E-05 9.98593E-05 9.98593E-05 9.98593E-05 9.98593E-05 9.98593E-05 9.98593E-05 0.998402 9.98593E-05 9.98593E-05 9.98593E-05 9.98593E-05 9.98593E-05 9.98593E-05
9.98593E-05 9.98593E-05 9.98593E-05 9.98593E-05 9.98593E-05 9.98593E-05 9.98593E-05 9.98593E-05 9.98593E-05 0.998402 9.98593E-05 9.98593E-05 9.98593E-05 9.98593E-05 9.98593E-05 9.98593E-05 9.98593E-05
9.98593E-05 9.98593E-05 9.98593E-05 9.98593E-05 9.98593E-05 9.98593E-05 9.98593E-05 9.98593E-05 9.98593E-05 0.998402 9.98593E-05 9.98593E-05 9.98593E-05 9.98593E-05 9.98593E-05 9.98593E-05 9.98593E-05
9.98592E-05 9.98592E-05 9.98592E-05 9.98592E-05 9.98592E-05 9.98592E-05 9.98592E-05 9.98592E-05 9.98592E-05 0.998402 9.98592E-05 9.98592E-05 9.98592E-05 9.98592E-05 9.98592E-05 9.98592E-05 9.98592E-05
9.98593E-05 9.98593E-05 9.98593E-05 9.98593E-05 9.98593E-05 9.98593E-05 9.98593E-05 9.98593E-05 9.98593E-05 0.998402 9.98593E-05 9.98593E-05 9.98593E-05 9.98593E-05 9.98593E-05 9.98593E-05 9.98593E-05
9.98592E-05 9.98592E-05 9.98592E-05 9.98592E-05 9.98592E-05 9.98592E-05 9.98592E-05 9.98592E-05 9.98592E-05 9.98592E-05 0.998402 9.98592E-05 9.98592E-05 9.98592E-05 9.98592E-05 9.98592E-05 9.98592E-05
9.98593E-05 9.98593E-05 9.98593E-05 9.98593E-05 9.98593E-05 9.98593E-05 9.98593E-05 9.98593E-05 9.98593E-05 0.998402 9.98593E-05 9.98593E-05 9.98593E-05 9.98593E-05 9.98593E-05 9.98593E-05 9.98593E-05
9.98592E-05 9.98592E-05 9.98592E-05 9.98592E-05 9.98592E-05 9.98592E-05 9.98592E-05 9.98592E-05 9.98592E-05 9.98592E-05 0.998402 9.98592E-05 9.98592E-05 9.98592E-05 9.98592E-05 9.98592E-05 9.98592E-05
9.98594E-05 9.98594E-05 9.98594E-05 9.98594E-05 9.98594E-05 9.98594E-05 9.98594E-05 9.98594E-05 9.98594E-05 0.998402 9.98594E-05 9.98594E-05 9.98594E-05 9.98594E-05 9.98594E-05 9.98594E-05 9.98594E-05
9.98592E-05 9.98592E-05 9.98592E-05 9.98592E-05 9.98592E-05 9.98592E-05 9.98592E-05 9.98592E-05 9.98592E-05 9.98592E-05 0.998402 9.98592E-05 9.98592E-05 9.98592E-05 9.98592E-05 9.98592E-05 9.98592E-05
9.98595E-05 9.98595E-05 9.98595E-05 9.98595E-05 9.98595E-05 9.98595E-05 9.98595E-05 9.98595E-05 9.98595E-05 0.998402 9.98595E-05 9.98595E-05 9.98595E-05 9.98595E-05 9.98595E-05 9.98595E-05 9.98595E-05
9.98592E-05 9.98592E-05 9.98592E-05 9.98592E-05 9.98592E-05 9.98592E-05 9.98592E-05 9.98592E-05 9.98592E-05 0.998402 9.98592E-05 9.98592E-05 9.98592E-05 9.98592E-05 9.98592E-05 9.98592E-05 9.98592E-05
