9.98157E-05 9.98157E-05 0.0818329 9.98157E-05 0.0907302 0.2319 9.98157E-05 9.98157E-05 0.268911 9.98157E-05 9.98157E-05 0.160534 0.0711672 0.00510733 9.98157E-05 9.98157E-05 9.98157E-05 9.98157E-05 9.98157E-05 9.98157E-05 9.98157E-05 9.98157E-05 9.98157E-05 9.98157E-05 9.98157E-05 0.0877218 9.98157E-05 9.98157E-05 9.98157E-05
9.97809E-05 9.97809E-05 9.97809E-05 9.97809E-05 9.97809E-05 9.97809E-05 9.97809E-05 9.97809E-05 0.0318435 9.97809E-05 9.97809E-05 0.717142 9.97809E-05 9.97809E-05 9.97809E-05 9.97809E-05 9.97809E-05 9.97809E-05 9.97809E-05 9.97809E-05 9.97809E-05 9.97809E-05 9.97809E-05 9.97809E-05 9.97809E-05 0.0205749 9.97809E-05 0.227945 9.97809E-05
9.97897E-05 9.97897E-05 9.97897E-05 0.00687639 9.97897E-05 9.97897E-05 9.97897E-05 9.97897E-05 0.09333 9.97897E-05 9.97897E-05 9.97897E-05 9.97897E-05 9.97897E-05 0.0543289 9.97897E-05 9.97897E-05 9.97897E-05 9.97897E-05 9.97897E-05 0.840501 9.97897E-05 9.97897E-05 9.97897E-05 9.97897E-05 9.97897E-05 9.97897E-05 0.00256865 9.97897E-05
9.98334E-05 0.017953 9.98334E-05 0.00655212 9.98334E-05 0.0787771 9.98334E-05 9.98334E-05 0.339805 0.0286116 9.98334E-05 0.047507 0.0259002 9.98334E-05 0.117924 9.98334E-05 9.98334E-05 9.98334E-05 9.98334E-05 0.127967 9.98334E-05 9.98334E-05 0.207107 9.98334E-05 9.98334E-05 9.98334E-05 9.98334E-05 9.98334E-05 9.98334E-05
9.97983E-05 0.0238167 9.97983E-05 9.97983E-05 9.97983E-05 9.97983E-05 9.97983E-05 9.97983E-05 9.97983E-05 0.00341322 9.97983E-05 0.880412 9.97983E-05 9.97983E-05 9.97983E-05 0.0293019 9.97983E-05 9.97983E-05 0.04739 9.97983E-05 9.97983E-05 9.97983E-05 9.97983E-05 9.97983E-05 9.97983E-05 9.97983E-05 9.97983E-05 9.97983E-05 0.0133706
9.98071E-05 9.98071E-05 0.188201 9.98071E-05 9.98071E-05 9.98071E-05 9.98071E-05 9.98071E-05 0.311377 0.0990317 9.98071E-05 9.98071E-05 9.98071E-05 9.98071E-05 0.049026 0.0905166 9.98071E-05 9.98071E-05 0.117446 9.98071E-05 9.98071E-05 9.98071E-05 9.98071E-05 9.98071E-05 9.98071E-05 9.98071E-05 9.98071E-05 9.98071E-05 0.142205
0.0919977 9.98422E-05 0.0149911 0.111881 9.98422E-05 0.0864106 9.98422E-05 0.0828732 9.98422E-05 9.98422E-05 0.0445387 0.358797 0.0128698 0.0916645 9.98422E-05 9.98422E-05 9.98422E-05 9.98422E-05 9.98422E-05 9.98422E-05 9.98422E-05 9.98422E-05 9.98422E-05 9.98422E-05 9.98422E-05 0.0841088 9.98422E-05 9.98422E-05 0.0180712
9.98422E-05 9.98422E-05 0.0708308 9.98422E-05 0.0910265 0.103825 9.98422E-05 9.98422E-05 0.2802 0.124506 9.98422E-05 9.98422E-05 9.98422E-05 9.98422E-05 9.98422E-05 0.130516 9.98422E-05 9.98422E-05 0.0055143 9.98422E-05 9.98422E-05 9.98422E-05 0.00240745 9.98422E-05 0.107435 9.98422E-05 0.0177168 9.98422E-05 0.0642246
9.9807E-05 0.00638084 9.9807E-05 9.9807E-05 9.9807E-05 9.9807E-05 9.9807E-05 9.9807E-05 0.284866 0.220865 0.17978 0.0829503 0.194567 9.9807E-05 9.9807E-05 9.9807E-05 9.9807E-05 9.9807E-05 9.9807E-05 9.9807E-05 9.9807E-05 9.9807E-05 9.9807E-05 9.9807E-05 9.9807E-05 0.0283943 9.9807E-05 9.9807E-05 9.9807E-05
9.97719E-05 9.97719E-05 9.97719E-05 9.97719E-05 9.97719E-05 9.97719E-05 9.97719E-05 9.97719E-05 9.97719E-05 9.97719E-05 9.97719E-05 0.160236 0.0172222 9.97719E-05 9.97719E-05 9.97719E-05 9.97719E-05 9.97719E-05 9.97719E-05 9.97719E-05 0.819947 9.97719E-05 9.97719E-05 9.97719E-05 9.97719E-05 9.97719E-05 9.97719E-05 9.97719E-05 9.97719E-05
9.97895E-05 9.97895E-05 0.0724797 0.0910939 9.97895E-05 0.0227109 9.97895E-05 9.97895E-05 0.697812 9.97895E-05 9.97895E-05 9.97895E-05 0.113508 9.97895E-05 9.97895E-05 9.97895E-05 9.97895E-05 9.97895E-05 9.97895E-05 9.97895E-05 9.97895E-05 9.97895E-05 9.97895E-05 9.97895E-05 9.97895E-05 9.97895E-05 9.97895E-05 9.97895E-05 9.97895E-05
9.97809E-05 9.97809E-05 9.97809E-05 9.97809E-05 9.97809E-05 9.97809E-05 9.97809E-05 0.0140098 9.97809E-05 9.97809E-05 9.97809E-05 9.97809E-05 9.97809E-05 9.97809E-05 9.97809E-05 9.97809E-05 9.97809E-05 9.97809E-05 9.97809E-05 9.97809E-05 0.947259 9.97809E-05 0.0217825 9.97809E-05 9.97809E-05 9.97809E-05 0.0144537 9.97809E-05 9.97809E-05
9.9781E-05 9.9781E-05 9.9781E-05 9.9781E-05 9.9781E-05 0.041218 9.9781E-05 9.9781E-05 9.9781E-05 9.9781E-05 9.9781E-05 0.932316 0.00714586 9.9781E-05 9.9781E-05 9.9781E-05 9.9781E-05 9.9781E-05 9.9781E-05 9.9781E-05 9.9781E-05 9.9781E-05 9.9781E-05 0.0168259 9.9781E-05 9.9781E-05 9.9781E-05 9.9781E-05 9.9781E-05
9.97897E-05 9.97897E-05 9.97897E-05 0.0310457 0.0170793 9.97897E-05 0.118915 9.97897E-05 9.97897E-05 9.97897E-05 9.97897E-05 0.7846 9.97897E-05 9.97897E-05 9.97897E-05 9.97897E-05 9.97897E-05 0.0459654 9.97897E-05 9.97897E-05 9.97897E-05 9.97897E-05 9.97897E-05 9.97897E-05 9.97897E-05 9.97897E-05 9.97897E-05 9.97897E-05 9.97897E-05
0.00681711 9.98158E-05 0.146678 9.98158E-05 9.98158E-05 9.98158E-05 0.0223549 9.98158E-05 0.435315 0.122606 9.98158E-05 9.98158E-05 0.100295 9.98158E-05 0.0678091 9.98158E-05 9.98158E-05 0.0960282 9.98158E-05 9.98158E-05 9.98158E-05 9.98158E-05 9.98158E-05 9.98158E-05 9.98158E-05 9.98158E-05 9.98158E-05 9.98158E-05 9.98158E-05
9.98244E-05 0.0383216 0.198202 9.98244E-05 0.0330832 0.101677 9.98244E-05 9.98244E-05 0.279131 0.159897 9.98244E-05 9.98244E-05 0.0720308 9.98244E-05 9.98244E-05 9.98244E-05 9.98244E-05 0.0623191 9.98244E-05 9.98244E-05 9.98244E-05 9.98244E-05 9.98244E-05 9.98244E-05 0.0533412 9.98244E-05 9.98244E-05 9.98244E-05 9.98244E-05
9.98246E-05 9.98246E-05 9.98246E-05 0.0186111 0.00265927 0.0172345 0.207385 9.98246E-05 0.147247 9.98246E-05 9.98246E-05 9.98246E-05 0.000419557 0.0732287 9.98246E-05 9.98246E-05 9.98246E-05 9.98246E-05 9.98246E-05 9.98246E-05 0.458717 9.98246E-05 9.98246E-05 9.98246E-05 9.98246E-05 0.0725008 9.98246E-05 9.98246E-05 9.98246E-05
9.98246E-05 9.98246E-05 0.297627 9.98246E-05 9.98246E-05 0.173388 9.98246E-05 9.98246E-05 0.0377592 0.0275866 0.00947358 0.100165 0.123001 9.98246E-05 9.98246E-05 9.98246E-05 0.093766 9.98246E-05 9.98246E-05 9.98246E-05 9.98246E-05 0.135237 9.98246E-05 9.98246E-05 9.98246E-05 9.98246E-05 9.98246E-05 9.98246E-05 9.98246E-05
9.98011E-05 9.98011E-05 9.98011E-05 9.98011E-05 9.98011E-05 0.120852 9.98011E-05 9.98011E-05 0.446554 0.106909 9.98011E-05 9.98011E-05 0.14776 9.98011E-05 9.98011E-05 9.98011E-05 9.98011E-05 0.00834112 9.98011E-05 9.98011E-05 9.98011E-05 9.98011E-05 9.98011E-05 9.98011E-05 9.98011E-05 9.98011E-05 9.98011E-05 9.98011E-05 0.167289
9.97719E-05 9.97719E-05 9.97719E-05 9.97719E-05 9.97719E-05 9.97719E-05 9.97719E-05 9.97719E-05 0.483646 9.97719E-05 9.97719E-05 0.212038 9.97719E-05 9.97719E-05 9.97719E-05 9.97719E-05 9.97719E-05 9.97719E-05 9.97719E-05 9.97719E-05 0.301722 9.97719E-05 9.97719E-05 9.97719E-05 9.97719E-05 9.97719E-05 9.97719E-05 9.97719E-05 9.97719E-05
9.97805E-05 0.188536 9.97805E-05 9.97805E-05 9.97805E-05 9.97805E-05 9.97805E-05 9.97805E-05 0.669885 0.0210579 9.97805E-05 9.97805E-05 9.97805E-05 9.97805E-05 9.97805E-05 9.97805E-05 9.97805E-05 9.97805E-05 9.97805E-05 9.97805E-05 9.97805E-05 9.97805E-05 9.97805E-05 9.97805E-05 9.97805E-05 9.97805E-05 0.118027 9.97805E-05 9.97805E-05
0.0864773 9.98071E-05 9.98071E-05 9.98071E-05 9.98071E-05 0.316773 9.98071E-05 9.98071E-05 0.0526206 0.117977 9.98071E-05 9.98071E-05 9.98071E-05 9.98071E-05 9.98071E-05 0.088299 9.98071E-05 9.98071E-05 9.98071E-05 9.98071E-05 0.243429 9.98071E-05 9.98071E-05 9.98071E-05 9.98071E-05 9.98071E-05 9.98071E-05 9.98071E-05 0.0922274
9.9772E-05 9.9772E-05 0.10007 9.9772E-05 9.9772E-05 9.9772E-05 9.9772E-05 9.9772E-05 0.896628 9.9772E-05 9.9772E-05 9.9772E-05 0.000708048 9.9772E-05 9.9772E-05 9.9772E-05 9.9772E-05 9.9772E-05 9.9772E-05 9.9772E-05 9.9772E-05 9.9772E-05 9.9772E-05 9.9772E-05 9.9772E-05 9.9772E-05 9.9772E-05 9.9772E-05 9.9772E-05
9.97895E-05 9.97895E-05 9.97895E-05 9.97895E-05 9.97895E-05 0.254813 9.97895E-05 9.97895E-05 0.0382042 9.97895E-05 0.075726 0.352905 0.275956 9.97895E-05 9.97895E-05 9.97895E-05 9.97895E-05 9.97895E-05 9.97895E-05 9.97895E-05 9.97895E-05 9.97895E-05 9.97895E-05 9.97895E-05 9.97895E-05 9.97895E-05 9.97895E-05 9.97895E-05 9.97895E-05
9.98244E-05 9.98244E-05 9.98244E-05 9.98244E-05 9.98244E-05 0.137417 9.98244E-05 9.98244E-05 0.344314 0.00487793 9.98244E-05 9.98244E-05 0.200484 9.98244E-05 0.061763 9.98244E-05 9.98244E-05 0.0611443 0.0915833 0.0905344 9.98244E-05 9.98244E-05 0.00588542 9.98244E-05 9.98244E-05 9.98244E-05 9.98244E-05 9.98244E-05 9.98244E-05
9.97896E-05 9.97896E-05 9.97896E-05 9.97896E-05 9.97896E-05 9.97896E-05 9.97896E-05 9.97896E-05 0.750809 9.97896E-05 9.97896E-05 9.97896E-05 0.0849373 9.97896E-05 0.107185 9.97896E-05 9.97896E-05 9.97896E-05 9.97896E-05 9.97896E-05 0.00841797 9.97896E-05 0.0462555 9.97896E-05 9.97896E-05 9.97896E-05 9.97896E-05 9.97896E-05 9.97896E-05
0.228907 9.98069E-05 9.98069E-05 9.98069E-05 9.98069E-05 0.224674 9.98069E-05 9.98069E-05 0.115853 9.98069E-05 9.98069E-05 9.98069E-05 0.0327731 9.98069E-05 0.243543 9.98069E-05 9.98069E-05 9.98069E-05 9.98069E-05 9.98069E-05 9.98069E-05 0.123723 9.98069E-05 9.98069E-05 0.0283312 9.98069E-05 9.98069E-05 9.98069E-05 9.98069E-05
9.97898E-05 9.97898E-05 9.97898E-05 9.97898E-05 9.97898E-05 0.0630888 9.97898E-05 9.97898E-05 0.656616 9.97898E-05 9.97898E-05 9.97898E-05 9.97898E-05 9.97898E-05 9.97898E-05 9.97898E-05 9.97898E-05 9.97898E-05 0.0948858 9.97898E-05 0.111051 9.97898E-05 0.0719633 9.97898E-05 9.97898E-05 9.97898E-05 9.97898E-05 9.97898E-05 9.97898E-05
0.156645 9.97985E-05 9.97985E-05 9.97985E-05 9.97985E-05 9.97985E-05 9.97985E-05 9.97985E-05 0.616029 9.97985E-05 9.97985E-05 9.97985E-05 0.157199 9.97985E-05 0.00603045 9.97985E-05 9.97985E-05 9.97985E-05 9.97985E-05 0.0114077 0.0503944 9.97985E-05 9.97985E-05 9.97985E-05 9.97985E-05 9.97985E-05 9.97985E-05 9.97985E-05 9.97985E-05
9.97808E-05 9.97808E-05 9.97808E-05 9.97808E-05 9.97808E-05 9.97808E-05 0.210962 0.00759428 0.665942 9.97808E-05 9.97808E-05 9.97808E-05 9.97808E-05 9.97808E-05 9.97808E-05 9.97808E-05 9.97808E-05 9.97808E-05 9.97808E-05 9.97808E-05 0.113007 9.97808E-05 9.97808E-05 9.97808E-05 9.97808E-05 9.97808E-05 9.97808E-05 9.97808E-05 9.97808E-05
0.00428911 9.9807E-05 0.136555 0.0854775 9.9807E-05 9.9807E-05 9.9807E-05 9.9807E-05 0.196603 0.00351162 9.9807E-05 9.9807E-05 9.9807E-05 9.9807E-05 9.9807E-05 9.9807E-05 9.9807E-05 9.9807E-05 9.9807E-05 9.9807E-05 0.54968 9.9807E-05 9.9807E-05 9.9807E-05 9.9807E-05 9.9807E-05 9.9807E-05 9.9807E-05 0.0216884
0.0174965 9.98247E-05 9.98247E-05 0.0228899 9.98247E-05 0.00609872 9.98247E-05 9.98247E-05 0.500613 9.98247E-05 9.98247E-05 0.148159 0.0961359 9.98247E-05 9.98247E-05 9.98247E-05 9.98247E-05 9.98247E-05 9.98247E-05 9.98247E-05 9.98247E-05 9.98247E-05 9.98247E-05 0.135916 0.0308362 9.98247E-05 9.98247E-05 9.98247E-05 0.0398595
9.98157E-05 9.98157E-05 0.108264 0.0546964 9.98157E-05 0.0737571 9.98157E-05 9.98157E-05 9.98157E-05 9.98157E-05 9.98157E-05 0.622501 0.0844236 9.98157E-05 0.0379425 9.98157E-05 9.98157E-05 9.98157E-05 9.98157E-05 9.98157E-05 9.98157E-05 9.98157E-05 0.0122484 9.98157E-05 0.00407016 9.98157E-05 9.98157E-05 9.98157E-05 9.98157E-05
9.97983E-05 9.97983E-05 9.97983E-05 9.97983E-05 9.97983E-05 0.114666 9.97983E-05 9.97983E-05 9.97983E-05 9.97983E-05 9.97983E-05 0.156389 0.101411 9.97983E-05 9.97983E-05 9.97983E-05 9.97983E-05 9.97983E-05 0.135893 9.97983E-05 0.414473 9.97983E-05 9.97983E-05 9.97983E-05 9.97983E-05 9.97983E-05 0.0748735 9.97983E-05 9.97983E-05
0.027165 9.97899E-05 9.97899E-05 0.0323663 9.97899E-05 9.97899E-05 9.97899E-05 9.97899E-05 0.007541 9.97899E-05 9.97899E-05 9.97899E-05 9.97899E-05 9.97899E-05 9.97899E-05 9.97899E-05 9.97899E-05 9.97899E-05 9.97899E-05 0.107049 0.823484 9.97899E-05 9.97899E-05 9.97899E-05 9.97899E-05 9.97899E-05 9.97899E-05 9.97899E-05 9.97899E-05
0.0400855 9.97984E-05 9.97984E-05 9.97984E-05 9.97984E-05 0.0446099 9.97984E-05 9.97984E-05 0.143026 9.97984E-05 9.97984E-05 9.97984E-05 0.00553436 9.97984E-05 9.97984E-05 9.97984E-05 9.97984E-05 9.97984E-05 9.97984E-05 9.97984E-05 0.595876 9.97984E-05 0.168572 9.97984E-05 9.97984E-05 9.97984E-05 9.97984E-05 9.97984E-05 9.97984E-05
9.97721E-05 9.97721E-05 9.97721E-05 9.97721E-05 9.97721E-05 9.97721E-05 9.97721E-05 0.00621874 0.95861 9.97721E-05 9.97721E-05 9.97721E-05 9.97721E-05 9.97721E-05 9.97721E-05 9.97721E-05 9.97721E-05 9.97721E-05 9.97721E-05 9.97721E-05 9.97721E-05 9.97721E-05 9.97721E-05 9.97721E-05 9.97721E-05 9.97721E-05 9.97721E-05 9.97721E-05 0.0325774
9.98072E-05 9.98072E-05 9.98072E-05 9.98072E-05 9.98072E-05 9.98072E-05 9.98072E-05 9.98072E-05 0.00136188 0.138702 9.98072E-05 0.759216 0.0639167 9.98072E-05 9.98072E-05 9.98072E-05 9.98072E-05 9.98072E-05 9.98072E-05 0.0234443 9.98072E-05 9.98072E-05 0.00524095 9.98072E-05 9.98072E-05 0.00592291 9.98072E-05 9.98072E-05 9.98072E-05
9.98247E-05 9.98247E-05 9.98247E-05 0.0156375 9.98247E-05 9.98247E-05 0.0254592 9.98247E-05 9.98247E-05 0.0206279 9.98247E-05 9.98247E-05 0.0867505 9.98247E-05 9.98247E-05 0.0776294 9.98247E-05 9.98247E-05 9.98247E-05 9.98247E-05 0.608244 9.98247E-05 9.98247E-05 0.0339269 9.98247E-05 0.0882878 0.0414401 9.98247E-05 9.98247E-05
9.97983E-05 9.97983E-05 9.97983E-05 9.97983E-05 9.97983E-05 9.97983E-05 0.0334929 9.97983E-05 0.666017 9.97983E-05 9.97983E-05 9.97983E-05 9.97983E-05 9.97983E-05 0.158807 9.97983E-05 9.97983E-05 9.97983E-05 9.97983E-05 9.97983E-05 0.0040961 9.97983E-05 9.97983E-05 9.97983E-05 0.0441921 9.97983E-05 9.97983E-05 9.97983E-05 0.0910991
0.0213723 9.97719E-05 9.97719E-05 9.97719E-05 9.97719E-05 0.021837 9.97719E-05 9.97719E-05 9.97719E-05 9.97719E-05 9.97719E-05 9.97719E-05 9.97719E-05 9.97719E-05 9.97719E-05 9.97719E-05 9.97719E-05 9.97719E-05 9.97719E-05 9.97719E-05 0.954197 9.97719E-05 9.97719E-05 9.97719E-05 9.97719E-05 9.97719E-05 9.97719E-05 9.97719E-05 9.97719E-05
0.163883 9.97984E-05 9.97984E-05 9.97984E-05 9.97984E-05 0.219536 9.97984E-05 9.97984E-05 9.97984E-05 9.97984E-05 0.00580573 0.0574199 0.0529408 9.97984E-05 9.97984E-05 9.97984E-05 9.97984E-05 9.97984E-05 9.97984E-05 9.97984E-05 0.498119 9.97984E-05 9.97984E-05 9.97984E-05 9.97984E-05 9.97984E-05 9.97984E-05 9.97984E-05 9.97984E-05
0.0633519 9.97808E-05 9.97808E-05 9.97808E-05 9.97808E-05 9.97808E-05 0.113077 9.97808E-05 9.97808E-05 9.97808E-05 9.97808E-05 0.794974 9.97808E-05 9.97808E-05 9.97808E-05 9.97808E-05 9.97808E-05 9.97808E-05 9.97808E-05 9.97808E-05 9.97808E-05 9.97808E-05 9.97808E-05 9.97808E-05 9.97808E-05 9.97808E-05 9.97808E-05 0.0261022 9.97808E-05
9.98071E-05 9.98071E-05 0.221962 0.0174867 9.98071E-05 0.142021 9.98071E-05 9.98071E-05 9.98071E-05 0.0317432 0.0346642 9.98071E-05 0.156283 9.98071E-05 9.98071E-05 9.98071E-05 9.98071E-05 9.98071E-05 9.98071E-05 9.98071E-05 0.393644 9.98071E-05 9.98071E-05 9.98071E-05 9.98071E-05 9.98071E-05 9.98071E-05 9.98071E-05 9.98071E-05
9.97896E-05 9.97896E-05 9.97896E-05 9.97896E-05 9.97896E-05 0.29597 9.97896E-05 9.97896E-05 9.97896E-05 9.97896E-05 9.97896E-05 0.278719 0.124742 0.22617 9.97896E-05 9.97896E-05 9.97896E-05 9.97896E-05 9.97896E-05 9.97896E-05 9.97896E-05 9.97896E-05 9.97896E-05 9.97896E-05 9.97896E-05 9.97896E-05 9.97896E-05 9.97896E-05 0.0720028
9.97894E-05 9.97894E-05 9.97894E-05 9.97894E-05 9.97894E-05 9.97894E-05 9.97894E-05 9.97894E-05 9.97894E-05 9.97894E-05 9.97894E-05 0.243146 9.97894E-05 9.97894E-05 9.97894E-05 9.97894E-05 0.0375099 9.97894E-05 9.97894E-05 9.97894E-05 0.698515 9.97894E-05 0.0165758 9.97894E-05 9.97894E-05 9.97894E-05 9.97894E-05 9.97894E-05 0.00185849
9.97543E-05 9.97543E-05 9.97543E-05 9.97543E-05 9.97543E-05 9.97543E-05 9.97543E-05 9.97543E-05 9.97543E-05 9.97543E-05 9.97543E-05 0.997207 9.97543E-05 9.97543E-05 9.97543E-05 9.97543E-05 9.97543E-05 9.97543E-05 9.97543E-05 9.97543E-05 9.97543E-05 9.97543E-05 9.97543E-05 9.97543E-05 9.97543E-05 9.97543E-05 9.97543E-05 9.97543E-05 9.97543E-05
9.97546E-05 9.97546E-05 9.97546E-05 9.97546E-05 9.97546E-05 9.97546E-05 9.97546E-05 9.97546E-05 9.97546E-05 9.97546E-05 9.97546E-05 9.97546E-05 9.97546E-05 9.97546E-05 9.97546E-05 9.97546E-05 9.97546E-05 9.97546E-05 9.97546E-05 9.97546E-05 0.997207 9.97546E-05 9.97546E-05 9.97546E-05 9.97546E-05 9.97546E-05 9.97546E-05 9.97546E-05 9.97546E-05
9.97982E-05 9.97982E-05 9.97982E-05 0.045764 9.97982E-05 0.0661413 9.97982E-05 9.97982E-05 0.635416 9.97982E-05 9.97982E-05 0.101708 0.126416 9.97982E-05 9.97982E-05 9.97982E-05 9.97982E-05 9.97982E-05 9.97982E-05 9.97982E-05 9.97982E-05 9.97982E-05 9.97982E-05 9.97982E-05 9.97982E-05 9.97982E-05 9.97982E-05 9.97982E-05 0.022259
9.97812E-05 9.97812E-05 9.97812E-05 9.97812E-05 9.97812E-05 9.97812E-05 9.97812E-05 0.0841084 9.97812E-05 9.97812E-05 9.97812E-05 0.822063 9.97812E-05 9.97812E-05 9.97812E-05 9.97812E-05 9.97812E-05 9.97812E-05 0.0304649 9.97812E-05 9.97812E-05 9.97812E-05 9.97812E-05 9.97812E-05 9.97812E-05 9.97812E-05 9.97812E-05 9.97812E-05 0.0608688
0.113472 9.98332E-05 9.98332E-05 0.0304285 0.049175 9.98332E-05 9.98332E-05 9.98332E-05 0.424466 0.0779372 9.98332E-05 9.98332E-05 0.122278 9.98332E-05 0.0417305 9.98332E-05 9.98332E-05 9.98332E-05 0.0843006 0.0540055 9.98332E-05 9.98332E-05 9.98332E-05 9.98332E-05 0.000310821 9.98332E-05 9.98332E-05 9.98332E-05 9.98332E-05
9.97895E-05 9.97895E-05 9.97895E-05 9.97895E-05 9.97895E-05 0.102892 9.97895E-05 9.97895E-05 9.97895E-05 9.97895E-05 0.0526932 0.730467 9.97895E-05 9.97895E-05 9.97895E-05 9.97895E-05 9.97895E-05 9.97895E-05 9.97895E-05 9.97895E-05 9.97895E-05 9.97895E-05 0.0907068 9.97895E-05 9.97895E-05 9.97895E-05 0.0208464 9.97895E-05 9.97895E-05
9.97721E-05 9.97721E-05 9.97721E-05 9.97721E-05 9.97721E-05 0.0349882 9.97721E-05 9.97721E-05 9.97721E-05 9.97721E-05 9.97721E-05 9.97721E-05 9.97721E-05 9.97721E-05 9.97721E-05 9.97721E-05 9.97721E-05 9.97721E-05 9.97721E-05 9.97721E-05 0.954169 0.00824861 9.97721E-05 9.97721E-05 9.97721E-05 9.97721E-05 9.97721E-05 9.97721E-05 9.97721E-05
9.98246E-05 9.98246E-05 9.98246E-05 9.98246E-05 9.98246E-05 9.98246E-05 0.0216191 0.0684484 9.98246E-05 9.98246E-05 9.98246E-05 0.709933 0.0269361 9.98246E-05 9.98246E-05 9.98246E-05 9.98246E-05 0.0171288 9.98246E-05 0.0169716 9.98246E-05 0.043623 9.98246E-05 9.98246E-05 0.00878902 9.98246E-05 0.0845549 9.98246E-05 9.98246E-05
9.9781E-05 9.9781E-05 9.9781E-05 9.9781E-05 9.9781E-05 9.9781E-05 9.9781E-05 9.9781E-05 9.9781E-05 9.9781E-05 9.9781E-05 9.9781E-05 0.0292323 9.9781E-05 9.9781E-05 0.0644026 9.9781E-05 0.124733 9.9781E-05 9.9781E-05 0.779138 9.9781E-05 9.9781E-05 9.9781E-05 9.9781E-05 9.9781E-05 9.9781E-05 9.9781E-05 9.9781E-05
9.97897E-05 9.97897E-05 0.0355095 9.97897E-05 9.97897E-05 9.97897E-05 9.97897E-05 9.97897E-05 9.97897E-05 9.97897E-05 9.97897E-05 9.97897E-05 9.97897E-05 9.97897E-05 0.117621 9.97897E-05 9.97897E-05 9.97897E-05 9.97897E-05 0.0251186 0.780009 9.97897E-05 9.97897E-05 9.97897E-05 9.97897E-05 9.97897E-05 9.97897E-05 9.97897E-05 0.0393464
9.97985E-05 9.97985E-05 9.97985E-05 9.97985E-05 9.97985E-05 0.00629629 9.97985E-05 9.97985E-05 9.97985E-05 0.0342646 9.97985E-05 9.97985E-05 9.97985E-05 9.97985E-05 9.97985E-05 9.97985E-05 9.97985E-05 9.97985E-05 9.97985E-05 9.97985E-05 0.815307 0.051282 9.97985E-05 9.97985E-05 9.97985E-05 0.0344425 9.97985E-05 9.97985E-05 0.0561124
9.97632E-05 9.97632E-05 9.97632E-05 9.97632E-05 9.97632E-05 9.97632E-05 9.97632E-05 9.97632E-05 0.980818 9.97632E-05 9.97632E-05 9.97632E-05 9.97632E-05 9.97632E-05 9.97632E-05 9.97632E-05 9.97632E-05 9.97632E-05 9.97632E-05 9.97632E-05 9.97632E-05 9.97632E-05 0.0164889 9.97632E-05 9.97632E-05 9.97632E-05 9.97632E-05 9.97632E-05 9.97632E-05
9.97895E-05 9.97895E-05 9.97895E-05 0.0513178 9.97895E-05 9.97895E-05 9.97895E-05 9.97895E-05 9.97895E-05 0.00569053 9.97895E-05 0.903543 9.97895E-05 9.97895E-05 9.97895E-05 9.97895E-05 9.97895E-05 9.97895E-05 9.97895E-05 9.97895E-05 9.97895E-05 0.00881624 0.0282372 9.97895E-05 9.97895E-05 9.97895E-05 9.97895E-05 9.97895E-05 9.97895E-05
9.98244E-05 9.98244E-05 0.144651 0.0254997 9.98244E-05 0.019663 9.98244E-05 0.00845914 9.98244E-05 0.0392758 9.98244E-05 9.98244E-05 0.173858 9.98244E-05 9.98244E-05 9.98244E-05 9.98244E-05 0.0182129 9.98244E-05 9.98244E-05 9.98244E-05 9.98244E-05 0.0267315 9.98244E-05 9.98244E-05 9.98244E-05 9.98244E-05 0.541653 9.98244E-05
0.0908799 9.97811E-05 0.876997 9.97811E-05 9.97811E-05 0.0170248 9.97811E-05 9.97811E-05 9.97811E-05 9.97811E-05 9.97811E-05 9.97811E-05 9.97811E-05 9.97811E-05 9.97811E-05 9.97811E-05 9.97811E-05 9.97811E-05 9.97811E-05 9.97811E-05 9.97811E-05 9.97811E-05 0.0126041 9.97811E-05 9.97811E-05 9.97811E-05 9.97811E-05 9.97811E-05 9.97811E-05
9.97718E-05 9.97718E-05 0.12018 9.97718E-05 9.97718E-05 9.97718E-05 9.97718E-05 9.97718E-05 9.97718E-05 9.97718E-05 9.97718E-05 9.97718E-05 9.97718E-05 9.97718E-05 9.97718E-05 9.97718E-05 9.97718E-05 9.97718E-05 9.97718E-05 9.97718E-05 9.97718E-05 0.0113479 9.97718E-05 9.97718E-05 9.97718E-05 9.97718E-05 9.97718E-05 0.865878 9.97718E-05
9.98157E-05 9.98157E-05 9.98157E-05 0.0102837 9.98157E-05 9.98157E-05 9.98157E-05 0.0392378 9.98157E-05 0.0624907 9.98157E-05 9.98157E-05 0.0535188 9.98157E-05 0.178764 9.98157E-05 9.98157E-05 9.98157E-05 0.0453734 9.98157E-05 9.98157E-05 9.98157E-05 9.98157E-05 9.98157E-05 9.98157E-05 0.195951 9.98157E-05 0.412285 9.98157E-05
9.98067E-05 9.98067E-05 0.629448 0.00850839 9.98067E-05 0.0870204 9.98067E-05 9.98067E-05 9.98067E-05 0.0536317 9.98067E-05 9.98067E-05 9.98067E-05 9.98067E-05 9.98067E-05 9.98067E-05 0.102702 9.98067E-05 9.98067E-05 9.98067E-05 9.98067E-05 0.0979413 9.98067E-05 9.98067E-05 0.0185522 9.98067E-05 9.98067E-05 9.98067E-05 9.98067E-05
9.98154E-05 9.98154E-05 0.24932 0.0359954 0.0362935 0.100327 9.98154E-05 9.98154E-05 9.98154E-05 0.0184039 9.98154E-05 9.98154E-05 0.129167 9.98154E-05 9.98154E-05 9.98154E-05 9.98154E-05 0.0394293 9.98154E-05 9.98154E-05 9.98154E-05 9.98154E-05 9.98154E-05 9.98154E-05 9.98154E-05 9.98154E-05 9.98154E-05 0.388968 9.98154E-05
9.97979E-05 9.97979E-05 0.648807 0.0122618 9.97979E-05 9.97979E-05 9.97979E-05 9.97979E-05 9.97979E-05 9.97979E-05 9.97979E-05 9.97979E-05 0.0737922 9.97979E-05 9.97979E-05 9.97979E-05 9.97979E-05 9.97979E-05 9.97979E-05 9.97979E-05 9.97979E-05 9.97979E-05 0.0339151 9.97979E-05 9.97979E-05 0.226614 0.00231517 9.97979E-05 9.97979E-05
9.98068E-05 9.98068E-05 0.632112 9.98068E-05 9.98068E-05 9.98068E-05 9.98068E-05 9.98068E-05 9.98068E-05 0.0423547 9.98068E-05 9.98068E-05 0.0586512 9.98068E-05 0.0051876 9.98068E-05 9.98068E-05 9.98068E-05 0.0486862 9.98068E-05 9.98068E-05 0.119841 9.98068E-05 9.98068E-05 9.98068E-05 0.0909722 9.98068E-05 9.98068E-05 9.98068E-05
9.97542E-05 9.97542E-05 9.97542E-05 9.97542E-05 9.97542E-05 9.97542E-05 9.97542E-05 9.97542E-05 9.97542E-05 9.97542E-05 9.97542E-05 9.97542E-05 9.97542E-05 9.97542E-05 9.97542E-05 9.97542E-05 9.97542E-05 9.97542E-05 9.97542E-05 9.97542E-05 9.97542E-05 9.97542E-05 9.97542E-05 9.97542E-05 9.97542E-05 9.97542E-05 9.97542E-05 0.997207 9.97542E-05
9.97719E-05 9.97719E-05 0.935642 9.97719E-05 0.0373952 9.97719E-05 9.97719E-05 9.97719E-05 9.97719E-05 9.97719E-05 9.97719E-05 9.97719E-05 9.97719E-05 9.97719E-05 9.97719E-05 9.97719E-05 9.97719E-05 9.97719E-05 9.97719E-05 9.97719E-05 9.97719E-05 9.97719E-05 0.0243692 9.97719E-05 9.97719E-05 9.97719E-05 9.97719E-05 9.97719E-05 9.97719E-05
9.9798E-05 9.9798E-05 0.316403 0.164715 9.9798E-05 9.9798E-05 9.9798E-05 9.9798E-05 9.9798E-05 0.0334733 9.9798E-05 9.9798E-05 0.330974 9.9798E-05 9.9798E-05 9.9798E-05 9.9798E-05 9.9798E-05 9.9798E-05 9.9798E-05 9.9798E-05 9.9798E-05 9.9798E-05 9.9798E-05 9.9798E-05 9.9798E-05 9.9798E-05 0.110922 0.0412182
9.98244E-05 9.98244E-05 0.316298 0.0342343 0.0686793 0.208724 9.98244E-05 9.98244E-05 9.98244E-05 9.98244E-05 9.98244E-05 9.98244E-05 0.0780132 9.98244E-05 9.98244E-05 9.98244E-05 9.98244E-05 0.079585 9.98244E-05 9.98244E-05 9.98244E-05 9.98244E-05 0.0034093 9.98244E-05 9.98244E-05 0.120407 0.0886533 9.98244E-05 9.98244E-05
9.98068E-05 9.98068E-05 0.479466 9.98068E-05 0.204243 9.98068E-05 9.98068E-05 9.98068E-05 9.98068E-05 0.10678 9.98068E-05 9.98068E-05 9.98068E-05 9.98068E-05 0.0144696 9.98068E-05 9.98068E-05 9.98068E-05 0.000927607 9.98068E-05 9.98068E-05 9.98068E-05 9.98068E-05 9.98068E-05 9.98068E-05 9.98068E-05 0.0882664 0.103652 9.98068E-05
9.97893E-05 9.97893E-05 0.542388 9.97893E-05 9.97893E-05 0.191029 9.97893E-05 9.97893E-05 9.97893E-05 9.97893E-05 9.97893E-05 9.97893E-05 0.189517 9.97893E-05 9.97893E-05 0.00954613 9.97893E-05 9.97893E-05 9.97893E-05 9.97893E-05 9.97893E-05 9.97893E-05 9.97893E-05 9.97893E-05 9.97893E-05 0.0651258 9.97893E-05 9.97893E-05 9.97893E-05
9.97634E-05 9.97634E-05 9.97634E-05 9.97634E-05 9.97634E-05 9.97634E-05 9.97634E-05 9.97634E-05 9.97634E-05 9.97634E-05 9.97634E-05 9.97634E-05 9.97634E-05 9.97634E-05 9.97634E-05 9.97634E-05 9.97634E-05 9.97634E-05 9.97634E-05 9.97634E-05 9.97634E-05 9.97634E-05 9.97634E-05 9.97634E-05 0.03487 9.97634E-05 9.97634E-05 0.962436 9.97634E-05
9.97809E-05 9.97809E-05 0.947905 9.97809E-05 9.97809E-05 9.97809E-05 9.97809E-05 9.97809E-05 9.97809E-05 0.0280439 9.97809E-05 9.97809E-05 9.97809E-05 9.97809E-05 9.97809E-05 9.97809E-05 9.97809E-05 9.97809E-05 9.97809E-05 9.97809E-05 9.97809E-05 9.97809E-05 0.00825081 0.0133055 9.97809E-05 9.97809E-05 9.97809E-05 9.97809E-05 9.97809E-05
9.97981E-05 9.97981E-05 0.783219 9.97981E-05 9.97981E-05 9.97981E-05 9.97981E-05 0.0580415 9.97981E-05 9.97981E-05 9.97981E-05 9.97981E-05 9.97981E-05 9.97981E-05 0.00575281 9.97981E-05 9.97981E-05 9.97981E-05 0.0815307 9.97981E-05 9.97981E-05 0.00677704 9.97981E-05 9.97981E-05 9.97981E-05 9.97981E-05 9.97981E-05 9.97981E-05 0.0623838
9.97893E-05 9.97893E-05 0.705949 0.0660112 0.037426 0.0682658 9.97893E-05 9.97893E-05 9.97893E-05 9.97893E-05 9.97893E-05 9.97893E-05 9.97893E-05 9.97893E-05 9.97893E-05 9.97893E-05 9.97893E-05 9.97893E-05 9.97893E-05 9.97893E-05 9.97893E-05 9.97893E-05 0.119953 9.97893E-05 9.97893E-05 9.97893E-05 9.97893E-05 9.97893E-05 9.97893E-05
9.97895E-05 9.97895E-05 0.818276 9.97895E-05 9.97895E-05 0.0244234 9.97895E-05 9.97895E-05 9.97895E-05 9.97895E-05 9.97895E-05 9.97895E-05 0.0494555 9.97895E-05 9.97895E-05 9.97895E-05 9.97895E-05 9.97895E-05 9.97895E-05 9.97895E-05 9.97895E-05 0.0837251 9.97895E-05 9.97895E-05 9.97895E-05 9.97895E-05 9.97895E-05 0.0217251 9.97895E-05
0.0699569 9.97979E-05 0.521723 9.97979E-05 0.00540268 9.97979E-05 9.97979E-05 9.97979E-05 9.97979E-05 9.97979E-05 9.97979E-05 9.97979E-05 0.217723 9.97979E-05 9.97979E-05 9.97979E-05 9.97979E-05 9.97979E-05 9.97979E-05 0.0312123 9.97979E-05 9.97979E-05 9.97979E-05 9.97979E-05 0.151687 9.97979E-05 9.97979E-05 9.97979E-05 9.97979E-05
9.97638E-05 9.97638E-05 0.953032 9.97638E-05 9.97638E-05 9.97638E-05 0.0442746 9.97638E-05 9.97638E-05 9.97638E-05 9.97638E-05 9.97638E-05 9.97638E-05 9.97638E-05 9.97638E-05 9.97638E-05 9.97638E-05 9.97638E-05 9.97638E-05 9.97638E-05 9.97638E-05 9.97638E-05 9.97638E-05 9.97638E-05 9.97638E-05 9.97638E-05 9.97638E-05 9.97638E-05 9.97638E-05
9.97979E-05 9.97979E-05 0.581327 9.97979E-05 9.97979E-05 0.288509 9.97979E-05 9.97979E-05 9.97979E-05 9.97979E-05 9.97979E-05 9.97979E-05 9.97979E-05 9.97979E-05 9.97979E-05 9.97979E-05 9.97979E-05 0.00959887 9.97979E-05 9.97979E-05 9.97979E-05 9.97979E-05 0.00723835 9.97979E-05 9.97979E-05 0.0966259 9.97979E-05 9.97979E-05 0.0144055
9.9807E-05 9.9807E-05 0.261139 9.9807E-05 9.9807E-05 0.06253 9.9807E-05 9.9807E-05 9.9807E-05 9.9807E-05 9.9807E-05 9.9807E-05 0.0617383 9.9807E-05 0.129309 9.9807E-05 9.9807E-05 0.0326628 0.0391583 9.9807E-05 9.9807E-05 9.9807E-05 9.9807E-05 9.9807E-05 9.9807E-05 9.9807E-05 9.9807E-05 0.411267 9.9807E-05
9.98069E-05 9.98069E-05 0.68884 9.98069E-05 9.98069E-05 9.98069E-05 9.98069E-05 0.0106521 9.98069E-05 0.0499973 0.037328 9.98069E-05 9.98069E-05 0.0135704 9.98069E-05 9.98069E-05 9.98069E-05 9.98069E-05 9.98069E-05 9.98069E-05 9.98069E-05 0.0602815 9.98069E-05 9.98069E-05 9.98069E-05 9.98069E-05 9.98069E-05 9.98069E-05 0.137135
9.97718E-05 9.97718E-05 0.830624 0.0693643 0.0974172 9.97718E-05 9.97718E-05 9.97718E-05 9.97718E-05 9.97718E-05 9.97718E-05 9.97718E-05 9.97718E-05 9.97718E-05 9.97718E-05 9.97718E-05 9.97718E-05 9.97718E-05 9.97718E-05 9.97718E-05 9.97718E-05 9.97718E-05 9.97718E-05 9.97718E-05 9.97718E-05 9.97718E-05 9.97718E-05 9.97718E-05 9.97718E-05
9.9755E-05 9.9755E-05 0.997207 9.9755E-05 9.9755E-05 9.9755E-05 9.9755E-05 9.9755E-05 9.9755E-05 9.9755E-05 9.9755E-05 9.9755E-05 9.9755E-05 9.9755E-05 9.9755E-05 9.9755E-05 9.9755E-05 9.9755E-05 9.9755E-05 9.9755E-05 9.9755E-05 9.9755E-05 9.9755E-05 9.9755E-05 9.9755E-05 9.9755E-05 9.9755E-05 9.9755E-05 9.9755E-05
9.97633E-05 9.97633E-05 9.97633E-05 9.97633E-05 0.0220883 9.97633E-05 9.97633E-05 9.97633E-05 9.97633E-05 9.97633E-05 9.97633E-05 9.97633E-05 9.97633E-05 9.97633E-05 9.97633E-05 9.97633E-05 9.97633E-05 9.97633E-05 9.97633E-05 9.97633E-05 9.97633E-05 9.97633E-05 9.97633E-05 9.97633E-05 9.97633E-05 9.97633E-05 9.97633E-05 0.975218 9.97633E-05
9.97548E-05 9.97548E-05 0.997207 9.97548E-05 9.97548E-05 9.97548E-05 9.97548E-05 9.97548E-05 9.97548E-05 9.97548E-05 9.97548E-05 9.97548E-05 9.97548E-05 9.97548E-05 9.97548E-05 9.97548E-05 9.97548E-05 9.97548E-05 9.97548E-05 9.97548E-05 9.97548E-05 9.97548E-05 9.97548E-05 9.97548E-05 9.97548E-05 9.97548E-05 9.97548E-05 9.97548E-05 9.97548E-05
9.97808E-05 9.97808E-05 0.889141 9.97808E-05 0.00643524 9.97808E-05 9.97808E-05 9.97808E-05 9.97808E-05 9.97808E-05 9.97808E-05 9.97808E-05 9.97808E-05 9.97808E-05 9.97808E-05 9.97808E-05 9.97808E-05 9.97808E-05 9.97808E-05 9.97808E-05 0.0237698 0.0781593 9.97808E-05 9.97808E-05 9.97808E-05 9.97808E-05 9.97808E-05 9.97808E-05 9.97808E-05
9.9781E-05 9.9781E-05 9.9781E-05 9.9781E-05 9.9781E-05 9.9781E-05 0.0748186 9.9781E-05 9.9781E-05 0.0293048 9.9781E-05 9.9781E-05 0.159173 9.9781E-05 9.9781E-05 9.9781E-05 9.9781E-05 9.9781E-05 9.9781E-05 9.9781E-05 9.9781E-05 9.9781E-05 9.9781E-05 9.9781E-05 9.9781E-05 9.9781E-05 9.9781E-05 0.734209 9.9781E-05
9.97721E-05 9.97721E-05 9.97721E-05 9.97721E-05 9.97721E-05 9.97721E-05 9.97721E-05 9.97721E-05 9.97721E-05 0.0839292 9.97721E-05 9.97721E-05 0.0880627 9.97721E-05 0.825414 9.97721E-05 9.97721E-05 9.97721E-05 9.97721E-05 9.97721E-05 9.97721E-05 9.97721E-05 9.97721E-05 9.97721E-05 9.97721E-05 9.97721E-05 9.97721E-05 9.97721E-05 9.97721E-05
9.97633E-05 9.97633E-05 9.97633E-05 9.97633E-05 9.97633E-05 9.97633E-05 0.603498 9.97633E-05 9.97633E-05 9.97633E-05 9.97633E-05 9.97633E-05 9.97633E-05 9.97633E-05 0.393809 9.97633E-05 9.97633E-05 9.97633E-05 9.97633E-05 9.97633E-05 9.97633E-05 9.97633E-05 9.97633E-05 9.97633E-05 9.97633E-05 9.97633E-05 9.97633E-05 9.97633E-05 9.97633E-05
9.97894E-05 9.97894E-05 9.97894E-05 9.97894E-05 9.97894E-05 9.97894E-05 9.97894E-05 9.97894E-05 9.97894E-05 9.97894E-05 9.97894E-05 9.97894E-05 0.0484836 9.97894E-05 0.761468 0.0471292 9.97894E-05 9.97894E-05 0.134965 9.97894E-05 9.97894E-05 9.97894E-05 9.97894E-05 9.97894E-05 0.00555889 9.97894E-05 9.97894E-05 9.97894E-05 9.97894E-05
9.97893E-05 9.97893E-05 9.97893E-05 9.97893E-05 9.97893E-05 9.97893E-05 9.97893E-05 9.97893E-05 9.97893E-05 0.000704654 9.97893E-05 9.97893E-05 0.119606 9.97893E-05 0.849274 9.97893E-05 9.97893E-05 9.97893E-05 0.025748 9.97893E-05 9.97893E-05 0.00227243 9.97893E-05 9.97893E-05 9.97893E-05 9.97893E-05 9.97893E-05 9.97893E-05 9.97893E-05
9.97804E-05 9.97804E-05 9.97804E-05 9.97804E-05 0.0203412 9.97804E-05 9.97804E-05 9.97804E-05 9.97804E-05 0.0924142 0.037502 9.97804E-05 9.97804E-05 9.97804E-05 0.847248 9.97804E-05 9.97804E-05 9.97804E-05 9.97804E-05 9.97804E-05 9.97804E-05 9.97804E-05 9.97804E-05 9.97804E-05 9.97804E-05 9.97804E-05 9.97804E-05 9.97804E-05 9.97804E-05
9.9807E-05 9.9807E-05 9.9807E-05 9.9807E-05 9.9807E-05 9.9807E-05 9.9807E-05 9.9807E-05 9.9807E-05 0.0895063 9.9807E-05 9.9807E-05 0.119801 9.9807E-05 0.382634 9.9807E-05 9.9807E-05 9.9807E-05 0.176158 9.9807E-05 9.9807E-05 9.9807E-05 0.0635188 0.092926 9.9807E-05 0.0732601 9.9807E-05 9.9807E-05 9.9807E-05
9.98247E-05 9.98247E-05 9.98247E-05 0.0217681 9.98247E-05 0.0461986 9.98247E-05 9.98247E-05 9.98247E-05 0.0553588 9.98247E-05 9.98247E-05 0.0538576 9.98247E-05 0.670017 0.0202033 9.98247E-05 0.00314305 9.98247E-05 9.98247E-05 9.98247E-05 0.104464 9.98247E-05 9.98247E-05 0.0229927 9.98247E-05 9.98247E-05 9.98247E-05 9.98247E-05
9.97719E-05 9.97719E-05 9.97719E-05 9.97719E-05 9.97719E-05 9.97719E-05 9.97719E-05 9.97719E-05 9.97719E-05 0.173725 9.97719E-05 9.97719E-05 9.97719E-05 9.97719E-05 0.626115 9.97719E-05 9.97719E-05 9.97719E-05 0.197565 9.97719E-05 9.97719E-05 9.97719E-05 9.97719E-05 9.97719E-05 9.97719E-05 9.97719E-05 9.97719E-05 9.97719E-05 9.97719E-05
0.0823106 9.97981E-05 9.97981E-05 9.97981E-05 9.97981E-05 0.0234158 9.97981E-05 9.97981E-05 9.97981E-05 0.286589 9.97981E-05 9.97981E-05 9.97981E-05 9.97981E-05 0.222789 9.97981E-05 9.97981E-05 9.97981E-05 0.134286 9.97981E-05 9.97981E-05 9.97981E-05 9.97981E-05 9.97981E-05 9.97981E-05 0.248314 9.97981E-05 9.97981E-05 9.97981E-05
9.9807E-05 9.9807E-05 9.9807E-05 9.9807E-05 0.0128736 0.0101769 9.9807E-05 9.9807E-05 9.9807E-05 0.159776 9.9807E-05 9.9807E-05 0.270482 0.00746238 0.533022 9.9807E-05 9.9807E-05 0.00401152 9.9807E-05 9.9807E-05 9.9807E-05 9.9807E-05 9.9807E-05 9.9807E-05 9.9807E-05 9.9807E-05 9.9807E-05 9.9807E-05 9.9807E-05
9.97983E-05 9.97983E-05 9.97983E-05 0.0340481 9.97983E-05 9.97983E-05 9.97983E-05 9.97983E-05 9.97983E-05 9.97983E-05 9.97983E-05 9.97983E-05 0.00319492 9.97983E-05 0.238534 9.97983E-05 9.97983E-05 9.97983E-05 0.0738893 9.97983E-05 9.97983E-05 9.97983E-05 9.97983E-05 0.464349 9.97983E-05 0.183689 9.97983E-05 9.97983E-05 9.97983E-05
9.97719E-05 9.97719E-05 9.97719E-05 9.97719E-05 9.97719E-05 9.97719E-05 9.97719E-05 9.97719E-05 9.97719E-05 9.97719E-05 9.97719E-05 9.97719E-05 0.0663349 9.97719E-05 9.97719E-05 9.97719E-05 9.97719E-05 9.97719E-05 0.771801 9.97719E-05 9.97719E-05 9.97719E-05 9.97719E-05 0.15927 9.97719E-05 9.97719E-05 9.97719E-05 9.97719E-05 9.97719E-05
9.97722E-05 9.97722E-05 9.97722E-05 9.97722E-05 9.97722E-05 9.97722E-05 9.97722E-05 9.97722E-05 9.97722E-05 0.10554 9.97722E-05 9.97722E-05 9.97722E-05 9.97722E-05 0.88022 9.97722E-05 9.97722E-05 9.97722E-05 9.97722E-05 9.97722E-05 9.97722E-05 9.97722E-05 9.97722E-05 0.0116458 9.97722E-05 9.97722E-05 9.97722E-05 9.97722E-05 9.97722E-05
9.97896E-05 9.97896E-05 9.97896E-05 9.97896E-05 9.97896E-05 9.97896E-05 9.97896E-05 9.97896E-05 9.97896E-05 0.156679 9.97896E-05 9.97896E-05 0.192137 9.97896E-05 0.0606993 9.97896E-05 9.97896E-05 9.97896E-05 0.420656 9.97896E-05 9.97896E-05 9.97896E-05 9.97896E-05 0.167435 9.97896E-05 9.97896E-05 9.97896E-05 9.97896E-05 9.97896E-05
9.98158E-05 9.98158E-05 9.98158E-05 9.98158E-05 0.046046 9.98158E-05 0.00117204 9.98158E-05 9.98158E-05 0.0255503 9.98158E-05 9.98158E-05 9.98158E-05 0.0422931 0.562452 9.98158E-05 9.98158E-05 9.98158E-05 0.151322 9.98158E-05 9.98158E-05 0.108593 9.98158E-05 0.0604756 9.98158E-05 9.98158E-05 9.98158E-05 9.98158E-05 9.98158E-05
0.124029 9.97982E-05 9.97982E-05 9.97982E-05 9.97982E-05 9.97982E-05 0.0521507 9.97982E-05 9.97982E-05 9.97982E-05 9.97982E-05 9.97982E-05 0.0525615 0.107879 0.635265 9.97982E-05 9.97982E-05 9.97982E-05 9.97982E-05 9.97982E-05 9.97982E-05 9.97982E-05 9.97982E-05 9.97982E-05 9.97982E-05 0.0258191 9.97982E-05 9.97982E-05 9.97982E-05
9.97984E-05 9.97984E-05 9.97984E-05 9.97984E-05 9.97984E-05 9.97984E-05 9.97984E-05 9.97984E-05 9.97984E-05 9.97984E-05 9.97984E-05 9.97984E-05 0.0519392 9.97984E-05 0.511184 9.97984E-05 0.0789098 9.97984E-05 0.116227 9.97984E-05 9.97984E-05 9.97984E-05 9.97984E-05 0.102937 9.97984E-05 0.136508 9.97984E-05 9.97984E-05 9.97984E-05
9.98072E-05 9.98072E-05 9.98072E-05 9.98072E-05 9.98072E-05 9.98072E-05 9.98072E-05 0.00129285 9.98072E-05 0.154623 9.98072E-05 0.00306521 9.98072E-05 0.0598342 0.233368 0.0293148 9.98072E-05 9.98072E-05 0.516307 9.98072E-05 9.98072E-05 9.98072E-05 9.98072E-05 9.98072E-05 9.98072E-05 9.98072E-05 9.98072E-05 9.98072E-05 9.98072E-05
9.97721E-05 9.97721E-05 9.97721E-05 0.0185096 9.97721E-05 9.97721E-05 9.97721E-05 9.97721E-05 9.97721E-05 9.97721E-05 9.97721E-05 9.97721E-05 9.97721E-05 9.97721E-05 0.949481 9.97721E-05 9.97721E-05 9.97721E-05 9.97721E-05 9.97721E-05 9.97721E-05 9.97721E-05 9.97721E-05 0.0294156 9.97721E-05 9.97721E-05 9.97721E-05 9.97721E-05 9.97721E-05
0.113098 9.98158E-05 9.98158E-05 0.0093805 9.98158E-05 9.98158E-05 0.283768 9.98158E-05 9.98158E-05 0.0694178 9.98158E-05 9.98158E-05 0.0602262 9.98158E-05 0.383182 9.98158E-05 0.000614889 9.98158E-05 9.98158E-05 9.98158E-05 9.98158E-05 9.98158E-05 9.98158E-05 9.98158E-05 9.98158E-05 9.98158E-05 0.0782163 9.98158E-05 9.98158E-05
9.97809E-05 9.97809E-05 9.97809E-05 9.97809E-05 9.97809E-05 9.97809E-05 9.97809E-05 9.97809E-05 9.97809E-05 9.97809E-05 9.97809E-05 9.97809E-05 0.0292861 0.0503002 0.771076 9.97809E-05 9.97809E-05 9.97809E-05 9.97809E-05 9.97809E-05 9.97809E-05 9.97809E-05 9.97809E-05 9.97809E-05 9.97809E-05 0.146843 9.97809E-05 9.97809E-05 9.97809E-05
9.97809E-05 9.97809E-05 9.97809E-05 9.97809E-05 0.0707391 9.97809E-05 9.97809E-05 9.97809E-05 9.97809E-05 9.97809E-05 9.97809E-05 9.97809E-05 0.125386 9.97809E-05 0.795002 9.97809E-05 9.97809E-05 9.97809E-05 9.97809E-05 9.97809E-05 9.97809E-05 9.97809E-05 9.97809E-05 0.00637797 9.97809E-05 9.97809E-05 9.97809E-05 9.97809E-05 9.97809E-05
9.97806E-05 9.97806E-05 9.97806E-05 9.97806E-05 9.97806E-05 9.97806E-05 9.97806E-05 9.97806E-05 9.97806E-05 0.248281 9.97806E-05 9.97806E-05 0.197134 9.97806E-05 9.97806E-05 9.97806E-05 9.97806E-05 9.97806E-05 0.54477 9.97806E-05 9.97806E-05 9.97806E-05 9.97806E-05 9.97806E-05 0.00732041 9.97806E-05 9.97806E-05 9.97806E-05 9.97806E-05
9.97985E-05 9.97985E-05 9.97985E-05 9.97985E-05 9.97985E-05 9.97985E-05 9.97985E-05 9.97985E-05 9.97985E-05 0.0775566 0.0159417 9.97985E-05 0.0586341 9.97985E-05 0.731246 9.97985E-05 9.97985E-05 0.00536149 9.97985E-05 9.97985E-05 9.97985E-05 9.97985E-05 9.97985E-05 0.108964 9.97985E-05 9.97985E-05 9.97985E-05 9.97985E-05 9.97985E-05
9.97894E-05 9.97894E-05 9.97894E-05 9.97894E-05 9.97894E-05 9.97894E-05 9.97894E-05 9.97894E-05 9.97894E-05 0.21492 9.97894E-05 9.97894E-05 0.2094 9.97894E-05 0.0274553 9.97894E-05 0.0750247 9.97894E-05 0.470806 9.97894E-05 9.97894E-05 9.97894E-05 9.97894E-05 9.97894E-05 9.97894E-05 9.97894E-05 9.97894E-05 9.97894E-05 9.97894E-05
9.98247E-05 9.98247E-05 0.0443368 9.98247E-05 9.98247E-05 9.98247E-05 0.0392807 9.98247E-05 9.98247E-05 0.124304 9.98247E-05 9.98247E-05 0.143581 9.98247E-05 0.245248 9.98247E-05 9.98247E-05 9.98247E-05 9.98247E-05 9.98247E-05 9.98247E-05 9.98247E-05 9.98247E-05 0.345493 0.000782869 0.0384088 9.98247E-05 0.0165678 9.98247E-05
9.97982E-05 9.97982E-05 9.97982E-05 9.97982E-05 9.97982E-05 9.97982E-05 0.723445 9.97982E-05 9.97982E-05 9.97982E-05 0.10308 9.97982E-05 0.0175168 9.97982E-05 0.100246 9.97982E-05 9.97982E-05 9.97982E-05 0.0254224 0.0279941 9.97982E-05 9.97982E-05 9.97982E-05 9.97982E-05 9.97982E-05 9.97982E-05 9.97982E-05 9.97982E-05 9.97982E-05
9.98156E-05 9.98156E-05 9.98156E-05 0.05469 9.98156E-05 9.98156E-05 9.98156E-05 9.98156E-05 9.98156E-05 0.0242115 9.98156E-05 9.98156E-05 0.023363 9.98156E-05 0.740467 9.98156E-05 0.0214814 9.98156E-05 0.0360423 9.98156E-05 9.98156E-05 9.98156E-05 0.0585617 9.98156E-05 9.98156E-05 9.98156E-05 9.98156E-05 9.98156E-05 0.0390874
9.97809E-05 9.97809E-05 9.97809E-05 9.97809E-05 9.97809E-05 9.97809E-05 9.97809E-05 9.97809E-05 9.97809E-05 0.222858 9.97809E-05 9.97809E-05 0.206679 9.97809E-05 0.511054 9.97809E-05 9.97809E-05 9.97809E-05 9.97809E-05 9.97809E-05 9.97809E-05 9.97809E-05 9.97809E-05 9.97809E-05 9.97809E-05 0.0569139 9.97809E-05 9.97809E-05 9.97809E-05
9.97984E-05 9.97984E-05 9.97984E-05 0.0201344 9.97984E-05 9.97984E-05 0.0460087 9.97984E-05 9.97984E-05 9.97984E-05 9.97984E-05 9.97984E-05 0.164281 9.97984E-05 0.408985 9.97984E-05 0.0347598 9.97984E-05 0.323535 9.97984E-05 9.97984E-05 9.97984E-05 9.97984E-05 9.97984E-05 9.97984E-05 9.97984E-05 9.97984E-05 9.97984E-05 9.97984E-05
9.98072E-05 9.98072E-05 9.98072E-05 0.0152366 9.98072E-05 9.98072E-05 9.98072E-05 9.98072E-05 9.98072E-05 0.00832255 9.98072E-05 9.98072E-05 0.177306 9.98072E-05 0.605326 9.98072E-05 9.98072E-05 9.98072E-05 0.0304888 9.98072E-05 9.98072E-05 9.98072E-05 9.98072E-05 0.119514 9.98072E-05 9.98072E-05 0.0416106 9.98072E-05 9.98072E-05
