0.184964 0.0552477 0.0387376 9.98595E-05 9.98595E-05 0.0861656 0.10947 9.98595E-05 0.392917 9.98595E-05 9.98595E-05 9.98595E-05 9.98595E-05 9.98595E-05 9.98595E-05 9.98595E-05 9.98595E-05 0.01026 9.98595E-05 9.98595E-05 0.0188788 9.98595E-05 0.101761 9.98595E-05 9.98595E-05
0.121795 9.98246E-05 9.98246E-05 9.98246E-05 9.98246E-05 9.98246E-05 0.112039 9.98246E-05 0.492271 9.98246E-05 9.98246E-05 0.0644961 9.98246E-05 9.98246E-05 9.98246E-05 9.98246E-05 9.98246E-05 9.98246E-05 0.207403 9.98246E-05 9.98246E-05 9.98246E-05 9.98246E-05 9.98246E-05 9.98246E-05
9.98158E-05 9.98158E-05 9.98158E-05 9.98158E-05 9.98158E-05 9.98158E-05 9.98158E-05 9.98158E-05 9.98158E-05 9.98158E-05 9.98158E-05 9.98158E-05 9.98158E-05 9.98158E-05 9.98158E-05 9.98158E-05 9.98158E-05 9.98158E-05 0.928175 9.98158E-05 0.0090953 9.98158E-05 0.0378226 0.0228112 9.98158E-05
9.98772E-05 0.115037 0.107053 9.98772E-05 0.245034 0.0413182 9.98772E-05 0.00175278 0.292784 9.98772E-05 0.0205474 9.98772E-05 9.98772E-05 0.0743656 9.98772E-05 9.98772E-05 9.98772E-05 0.0699033 9.98772E-05 0.0106196 9.98772E-05 9.98772E-05 0.0201874 9.98772E-05 9.98772E-05
9.98247E-05 9.98247E-05 9.98247E-05 9.98247E-05 9.98247E-05 9.98247E-05 0.0239254 9.98247E-05 0.839284 9.98247E-05 9.98247E-05 9.98247E-05 9.98247E-05 0.0499977 9.98247E-05 9.98247E-05 9.98247E-05 9.98247E-05 9.98247E-05 0.045797 9.98247E-05 9.98247E-05 9.98247E-05 0.0389994 9.98247E-05
0.1841 9.98421E-05 0.0353841 9.98421E-05 0.0567735 9.98421E-05 9.98421E-05 0.0605463 9.98421E-05 9.98421E-05 9.98421E-05 9.98421E-05 9.98421E-05 0.352473 9.98421E-05 9.98421E-05 9.98421E-05 9.98421E-05 0.231709 9.98421E-05 9.98421E-05 9.98421E-05 9.98421E-05 0.0772163 9.98421E-05
0.117993 0.141007 9.98685E-05 0.131858 0.0848123 0.163486 0.076869 9.98685E-05 0.190004 9.98685E-05 9.98685E-05 9.98685E-05 9.98685E-05 9.98685E-05 9.98685E-05 9.98685E-05 9.98685E-05 9.98685E-05 0.0734386 9.98685E-05 0.0103661 9.98685E-05 0.00866805 9.98685E-05 9.98685E-05
0.150424 0.167418 0.0592043 0.0341474 9.98685E-05 9.98685E-05 9.98685E-05 0.129148 0.202134 9.98685E-05 9.98685E-05 9.98685E-05 9.98685E-05 0.0107265 9.98685E-05 0.0966452 9.98685E-05 9.98685E-05 9.98685E-05 0.0418621 9.98685E-05 9.98685E-05 9.98685E-05 0.106793 9.98685E-05
9.98508E-05 9.98508E-05 0.101534 9.98508E-05 9.98508E-05 9.98508E-05 0.0139187 0.256988 0.185252 9.98508E-05 9.98508E-05 9.98508E-05 9.98508E-05 0.0124786 9.98508E-05 9.98508E-05 9.98508E-05 9.98508E-05 0.0814928 9.98508E-05 0.110844 9.98508E-05 0.235794 9.98508E-05 9.98508E-05
9.9807E-05 9.9807E-05 9.9807E-05 9.9807E-05 9.9807E-05 9.9807E-05 9.9807E-05 9.9807E-05 0.788818 9.9807E-05 9.9807E-05 9.9807E-05 9.9807E-05 9.9807E-05 9.9807E-05 9.9807E-05 9.9807E-05 9.9807E-05 0.137717 9.9807E-05 9.9807E-05 9.9807E-05 0.0712687 9.9807E-05 9.9807E-05
0.0557187 0.0407688 9.98332E-05 9.98332E-05 9.98332E-05 0.120368 9.98332E-05 9.98332E-05 0.566352 9.98332E-05 9.98332E-05 9.98332E-05 9.98332E-05 9.98332E-05 9.98332E-05 9.98332E-05 9.98332E-05 0.0675797 9.98332E-05 9.98332E-05 9.98332E-05 9.98332E-05 0.147316 9.98332E-05 9.98332E-05
9.97894E-05 9.97894E-05 9.97894E-05 9.97894E-05 9.97894E-05 9.97894E-05 9.97894E-05 9.97894E-05 9.97894E-05 9.97894E-05 9.97894E-05 9.97894E-05 9.97894E-05 9.97894E-05 9.97894E-05 9.97894E-05 9.97894E-05 9.97894E-05 0.997605 9.97894E-05 9.97894E-05 9.97894E-05 9.97894E-05 9.97894E-05 9.97894E-05
9.98245E-05 0.00360512 9.98245E-05 9.98245E-05 9.98245E-05 9.98245E-05 9.98245E-05 9.98245E-05 0.897939 9.98245E-05 0.00595759 9.98245E-05 9.98245E-05 9.98245E-05 9.98245E-05 9.98245E-05 9.98245E-05 0.055004 9.98245E-05 9.98245E-05 9.98245E-05 9.98245E-05 0.0354983 9.98245E-05 9.98245E-05
9.98334E-05 9.98334E-05 9.98334E-05 9.98334E-05 9.98334E-05 0.0180934 9.98334E-05 9.98334E-05 0.664102 0.180989 9.98334E-05 9.98334E-05 9.98334E-05 9.98334E-05 9.98334E-05 9.98334E-05 9.98334E-05 9.98334E-05 9.98334E-05 9.98334E-05 9.98334E-05 0.047893 0.0299115 0.057114 9.98334E-05
0.143013 0.0499548 9.98597E-05 9.98597E-05 9.98597E-05 9.98597E-05 9.98597E-05 0.127503 0.14121 9.98597E-05 9.98597E-05 9.98597E-05 0.0460512 0.136887 9.98597E-05 9.98597E-05 9.98597E-05 9.98597E-05 0.17872 9.98597E-05 9.98597E-05 0.0617054 0.113357 9.98597E-05 9.98597E-05
0.14035 0.0644563 9.98508E-05 9.98508E-05 0.107388 9.98508E-05 9.98508E-05 0.168872 0.220067 9.98508E-05 9.98508E-05 9.98508E-05 9.98508E-05 0.0257718 9.98508E-05 0.193852 9.98508E-05 9.98508E-05 9.98508E-05 9.98508E-05 9.98508E-05 9.98508E-05 0.0775457 9.98508E-05 9.98508E-05
9.98246E-05 9.98246E-05 0.205391 9.98246E-05 9.98246E-05 9.98246E-05 9.98246E-05 9.98246E-05 0.170069 9.98246E-05 9.98246E-05 9.98246E-05 9.98246E-05 9.98246E-05 0.280526 9.98246E-05 9.98246E-05 9.98246E-05 0.316511 0.0255062 9.98246E-05 9.98246E-05 9.98246E-05 9.98246E-05 9.98246E-05
0.218251 0.210221 9.98509E-05 9.98509E-05 9.98509E-05 9.98509E-05 9.98509E-05 0.0183696 0.169195 9.98509E-05 0.177619 9.98509E-05 9.98509E-05 9.98509E-05 9.98509E-05 9.98509E-05 9.98509E-05 0.00563357 9.98509E-05 9.98509E-05 9.98509E-05 9.98509E-05 0.0997339 9.98509E-05 0.0992795
9.9842E-05 0.20214 9.9842E-05 9.9842E-05 0.056883 9.9842E-05 9.9842E-05 0.0853938 0.0667296 9.9842E-05 9.9842E-05 9.9842E-05 9.9842E-05 9.9842E-05 9.9842E-05 9.9842E-05 0.080356 9.9842E-05 0.340207 9.9842E-05 9.9842E-05 9.9842E-05 0.166493 9.9842E-05 9.9842E-05
9.97985E-05 9.97985E-05 9.97985E-05 9.97985E-05 9.97985E-05 9.97985E-05 9.97985E-05 9.97985E-05 0.972621 9.97985E-05 0.025084 9.97985E-05 9.97985E-05 9.97985E-05 9.97985E-05 9.97985E-05 9.97985E-05 9.97985E-05 9.97985E-05 9.97985E-05 9.97985E-05 9.97985E-05 9.97985E-05 9.97985E-05 9.97985E-05
9.98509E-05 9.98509E-05 0.178096 9.98509E-05 9.98509E-05 0.0477147 9.98509E-05 0.0584355 0.481692 9.98509E-05 9.98509E-05 9.98509E-05 9.98509E-05 9.98509E-05 9.98509E-05 0.110606 9.98509E-05 0.00624247 9.98509E-05 0.109913 9.98509E-05 9.98509E-05 0.00560342 9.98509E-05 9.98509E-05
9.9851E-05 0.266837 9.9851E-05 9.9851E-05 0.0923114 9.9851E-05 9.9851E-05 0.11481 9.9851E-05 9.9851E-05 9.9851E-05 0.108759 9.9851E-05 9.9851E-05 9.9851E-05 9.9851E-05 0.0493708 9.9851E-05 0.235105 0.0759067 9.9851E-05 9.9851E-05 9.9851E-05 0.0552032 9.9851E-05
0.190443 9.98334E-05 9.98334E-05 9.98334E-05 9.98334E-05 0.0698316 9.98334E-05 9.98334E-05 0.574619 9.98334E-05 0.00363848 9.98334E-05 9.98334E-05 9.98334E-05 9.98334E-05 9.98334E-05 9.98334E-05 9.98334E-05 0.0993506 9.98334E-05 9.98334E-05 9.98334E-05 0.0602202 9.98334E-05 9.98334E-05
0.0769456 0.245173 9.98334E-05 9.98334E-05 9.98334E-05 9.98334E-05 9.98334E-05 9.98334E-05 0.32352 9.98334E-05 9.98334E-05 9.98334E-05 9.98334E-05 9.98334E-05 9.98334E-05 9.98334E-05 9.98334E-05 9.98334E-05 0.0582651 9.98334E-05 0.0794053 9.98334E-05 0.214794 9.98334E-05 9.98334E-05
9.98508E-05 0.0439152 9.98508E-05 9.98508E-05 9.98508E-05 9.98508E-05 9.98508E-05 9.98508E-05 0.259185 9.98508E-05 0.00901723 9.98508E-05 9.98508E-05 9.98508E-05 9.98508E-05 9.98508E-05 0.137735 0.204691 0.0278131 9.98508E-05 9.98508E-05 0.0549165 0.26103 9.98508E-05 9.98508E-05
9.9842E-05 9.9842E-05 0.11454 9.9842E-05 9.9842E-05 9.9842E-05 9.9842E-05 0.0165609 0.727559 0.0350343 9.9842E-05 9.9842E-05 9.9842E-05 0.050458 9.9842E-05 9.9842E-05 9.9842E-05 9.9842E-05 9.9842E-05 9.9842E-05 9.9842E-05 9.9842E-05 0.0529125 0.00113755 9.9842E-05
9.98507E-05 0.0671346 9.98507E-05 9.98507E-05 9.98507E-05 9.98507E-05 9.98507E-05 9.98507E-05 0.0431667 9.98507E-05 9.98507E-05 0.334609 9.98507E-05 0.0454581 9.98507E-05 0.144461 9.98507E-05 0.209301 9.98507E-05 9.98507E-05 9.98507E-05 9.98507E-05 0.0620876 9.98507E-05 0.0920842
9.98422E-05 0.0296347 9.98422E-05 9.98422E-05 0.118537 0.0240724 9.98422E-05 9.98422E-05 0.750508 0.0418567 9.98422E-05 9.98422E-05 9.98422E-05 9.98422E-05 9.98422E-05 9.98422E-05 9.98422E-05 9.98422E-05 9.98422E-05 9.98422E-05 9.98422E-05 0.0101794 0.0234141 9.98422E-05 9.98422E-05
9.98246E-05 0.00326099 9.98246E-05 9.98246E-05 9.98246E-05 9.98246E-05 9.98246E-05 9.98246E-05 9.98246E-05 9.98246E-05 9.98246E-05 0.0352367 9.98246E-05 9.98246E-05 9.98246E-05 9.98246E-05 9.98246E-05 0.221857 0.655341 9.98246E-05 9.98246E-05 9.98246E-05 0.0823069 9.98246E-05 9.98246E-05
9.98246E-05 9.98246E-05 9.98246E-05 9.98246E-05 9.98246E-05 9.98246E-05 9.98246E-05 0.00442772 0.195249 9.98246E-05 9.98246E-05 9.98246E-05 0.171513 9.98246E-05 9.98246E-05 9.98246E-05 9.98246E-05 9.98246E-05 0.60563 9.98246E-05 9.98246E-05 9.98246E-05 0.0211831 9.98246E-05 9.98246E-05
0.0263815 0.00821537 9.98595E-05 9.98595E-05 9.98595E-05 0.025734 9.98595E-05 9.98595E-05 0.509965 9.98595E-05 0.0224102 0.0818674 9.98595E-05 9.98595E-05 9.98595E-05 9.98595E-05 0.104068 9.98595E-05 0.165352 9.98595E-05 9.98595E-05 9.98595E-05 0.0544087 9.98595E-05 9.98595E-05
9.9851E-05 9.9851E-05 0.0358781 9.9851E-05 9.9851E-05 0.0210765 9.9851E-05 9.9851E-05 0.59002 0.0173966 9.9851E-05 0.0248294 9.9851E-05 0.17699 9.9851E-05 9.9851E-05 9.9851E-05 0.0590683 9.9851E-05 9.9851E-05 9.9851E-05 9.9851E-05 0.0730436 9.9851E-05 9.9851E-05
0.072449 0.0496064 9.98508E-05 9.98508E-05 9.98508E-05 0.161266 9.98508E-05 9.98508E-05 0.287213 9.98508E-05 9.98508E-05 9.98508E-05 9.98508E-05 9.98508E-05 9.98508E-05 0.0346913 9.98508E-05 0.0762817 0.235412 9.98508E-05 9.98508E-05 9.98508E-05 0.081384 9.98508E-05 9.98508E-05
9.9842E-05 0.114833 9.9842E-05 9.9842E-05 0.0220976 9.9842E-05 9.9842E-05 9.9842E-05 9.9842E-05 0.13019 9.9842E-05 9.9842E-05 9.9842E-05 9.9842E-05 9.9842E-05 9.9842E-05 9.9842E-05 0.00196237 0.560954 9.9842E-05 9.9842E-05 9.9842E-05 0.14749 9.9842E-05 0.0206755
9.97984E-05 9.97984E-05 9.97984E-05 9.97984E-05 9.97984E-05 0.0400219 9.97984E-05 9.97984E-05 9.97984E-05 9.97984E-05 9.97984E-05 9.97984E-05 9.97984E-05 9.97984E-05 9.97984E-05 9.97984E-05 9.97984E-05 9.97984E-05 0.957683 9.97984E-05 9.97984E-05 9.97984E-05 9.97984E-05 9.97984E-05 9.97984E-05
9.98421E-05 0.0167389 0.150078 9.98421E-05 9.98421E-05 9.98421E-05 9.98421E-05 0.000743422 0.675698 9.98421E-05 9.98421E-05 0.0977172 9.98421E-05 9.98421E-05 9.98421E-05 9.98421E-05 9.98421E-05 9.98421E-05 0.0468493 9.98421E-05 0.0103779 9.98421E-05 9.98421E-05 9.98421E-05 9.98421E-05
9.98248E-05 9.98248E-05 9.98248E-05 0.0537521 0.0464197 9.98248E-05 0.0364557 9.98248E-05 0.858633 9.98248E-05 9.98248E-05 9.98248E-05 9.98248E-05 9.98248E-05 9.98248E-05 0.00274323 9.98248E-05 9.98248E-05 9.98248E-05 9.98248E-05 9.98248E-05 9.98248E-05 9.98248E-05 9.98248E-05 9.98248E-05
9.98421E-05 0.0544705 9.98421E-05 9.98421E-05 9.98421E-05 9.98421E-05 0.0514849 0.115086 9.98421E-05 9.98421E-05 0.0166426 9.98421E-05 9.98421E-05 9.98421E-05 0.141693 9.98421E-05 9.98421E-05 9.98421E-05 0.567162 9.98421E-05 9.98421E-05 9.98421E-05 0.0516635 9.98421E-05 9.98421E-05
9.98334E-05 9.98334E-05 9.98334E-05 9.98334E-05 9.98334E-05 0.0478784 0.0517941 9.98334E-05 9.98334E-05 0.0270971 9.98334E-05 9.98334E-05 9.98334E-05 9.98334E-05 9.98334E-05 9.98334E-05 9.98334E-05 9.98334E-05 0.729704 9.98334E-05 9.98334E-05 9.98334E-05 0.106184 0.0354458 9.98334E-05
9.98509E-05 9.98509E-05 9.98509E-05 0.0169297 9.98509E-05 0.0233403 9.98509E-05 9.98509E-05 9.98509E-05 0.00809584 9.98509E-05 9.98509E-05 9.98509E-05 0.141965 9.98509E-05 0.0556903 0.016137 9.98509E-05 0.532816 9.98509E-05 9.98509E-05 9.98509E-05 0.203329 9.98509E-05 9.98509E-05
9.98333E-05 9.98333E-05 9.98333E-05 9.98333E-05 0.0414871 0.0147749 9.98333E-05 0.0298075 0.225963 9.98333E-05 9.98333E-05 0.081074 9.98333E-05 9.98333E-05 9.98333E-05 9.98333E-05 9.98333E-05 9.98333E-05 0.604997 9.98333E-05 9.98333E-05 9.98333E-05 9.98333E-05 9.98333E-05 9.98333E-05
9.98073E-05 0.0854247 9.98073E-05 9.98073E-05 9.98073E-05 9.98073E-05 9.98073E-05 9.98073E-05 9.98073E-05 9.98073E-05 9.98073E-05 0.118554 9.98073E-05 9.98073E-05 9.98073E-05 9.98073E-05 9.98073E-05 9.98073E-05 0.793826 9.98073E-05 9.98073E-05 9.98073E-05 9.98073E-05 9.98073E-05 9.98073E-05
9.9842E-05 0.0365284 9.9842E-05 0.00801113 9.9842E-05 9.9842E-05 9.9842E-05 9.9842E-05 0.755808 9.9842E-05 9.9842E-05 0.0508147 0.125696 9.9842E-05 9.9842E-05 9.9842E-05 0.00437583 9.9842E-05 9.9842E-05 9.9842E-05 9.9842E-05 0.016969 9.9842E-05 9.9842E-05 9.9842E-05
0.16367 0.0779195 9.98421E-05 9.98421E-05 9.98421E-05 0.0099337 9.98421E-05 0.088987 9.98421E-05 9.98421E-05 9.98421E-05 9.98421E-05 9.98421E-05 9.98421E-05 9.98421E-05 9.98421E-05 9.98421E-05 9.98421E-05 0.488019 9.98421E-05 0.0109076 9.98421E-05 0.158765 9.98421E-05 9.98421E-05
9.98333E-05 0.340812 9.98333E-05 9.98333E-05 0.13462 9.98333E-05 9.98333E-05 9.98333E-05 0.0161201 9.98333E-05 9.98333E-05 9.98333E-05 9.98333E-05 9.98333E-05 9.98333E-05 9.98333E-05 9.98333E-05 9.98333E-05 0.266715 9.98333E-05 9.98333E-05 9.98333E-05 0.185818 0.0540178 9.98333E-05
9.98244E-05 0.0137504 9.98244E-05 9.98244E-05 0.059294 9.98244E-05 9.98244E-05 9.98244E-05 9.98244E-05 9.98244E-05 0.00963942 9.98244E-05 9.98244E-05 9.98244E-05 9.98244E-05 9.98244E-05 9.98244E-05 9.98244E-05 0.904021 9.98244E-05 9.98244E-05 9.98244E-05 0.0112982 9.98244E-05 9.98244E-05
9.98157E-05 9.98157E-05 9.98157E-05 9.98157E-05 9.98157E-05 9.98157E-05 9.98157E-05 0.0284651 0.858383 9.98157E-05 9.98157E-05 9.98157E-05 9.98157E-05 9.98157E-05 9.98157E-05 9.98157E-05 9.98157E-05 9.98157E-05 9.98157E-05 9.98157E-05 9.98157E-05 9.98157E-05 0.0853143 9.98157E-05 0.0257416
9.97896E-05 9.97896E-05 9.97896E-05 9.97896E-05 9.97896E-05 9.97896E-05 9.97896E-05 9.97896E-05 9.97896E-05 9.97896E-05 9.97896E-05 9.97896E-05 9.97896E-05 9.97896E-05 9.97896E-05 9.97896E-05 9.97896E-05 9.97896E-05 0.997605 9.97896E-05 9.97896E-05 9.97896E-05 9.97896E-05 9.97896E-05 9.97896E-05
9.98421E-05 0.105957 9.98421E-05 9.98421E-05 0.0269925 0.0195617 9.98421E-05 9.98421E-05 0.180274 9.98421E-05 9.98421E-05 0.0121542 9.98421E-05 9.98421E-05 9.98421E-05 9.98421E-05 9.98421E-05 9.98421E-05 0.548332 9.98421E-05 9.98421E-05 9.98421E-05 0.104931 9.98421E-05 9.98421E-05
9.98338E-05 9.98338E-05 9.98338E-05 0.109647 9.98338E-05 9.98338E-05 9.98338E-05 9.98338E-05 0.755469 9.98338E-05 0.0517026 9.98338E-05 9.98338E-05 9.98338E-05 9.98338E-05 9.98338E-05 9.98338E-05 9.98338E-05 9.98338E-05 9.98338E-05 9.98338E-05 0.042514 0.0157042 0.0230658 9.98338E-05
9.98771E-05 9.98771E-05 9.98771E-05 9.98771E-05 0.0386364 0.0910892 9.98771E-05 0.0201052 0.26833 9.98771E-05 9.98771E-05 0.121675 9.98771E-05 0.0129132 9.98771E-05 9.98771E-05 9.98771E-05 0.163824 0.0463766 0.0523054 0.0144917 9.98771E-05 0.168855 9.98771E-05 9.98771E-05
9.98333E-05 0.215653 9.98333E-05 9.98333E-05 0.0452179 9.98333E-05 9.98333E-05 9.98333E-05 0.625685 9.98333E-05 9.98333E-05 9.98333E-05 9.98333E-05 9.98333E-05 9.98333E-05 0.0243542 9.98333E-05 9.98333E-05 9.98333E-05 0.0236665 0.0635258 9.98333E-05 9.98333E-05 9.98333E-05 9.98333E-05
9.98335E-05 9.98335E-05 9.98335E-05 9.98335E-05 9.98335E-05 9.98335E-05 0.00447793 9.98335E-05 0.108276 9.98335E-05 9.98335E-05 9.98335E-05 9.98335E-05 9.98335E-05 0.0524483 9.98335E-05 9.98335E-05 0.0204115 0.803989 9.98335E-05 9.98335E-05 9.98335E-05 9.98335E-05 9.98335E-05 0.00850068
9.98336E-05 9.98336E-05 9.98336E-05 9.98336E-05 9.98336E-05 9.98336E-05 9.98336E-05 9.98336E-05 9.98336E-05 9.98336E-05 0.0130698 9.98336E-05 9.98336E-05 9.98336E-05 9.98336E-05 0.21337 9.98336E-05 9.98336E-05 0.730587 9.98336E-05 9.98336E-05 0.00325129 0.012678 9.98336E-05 0.0251471
9.98161E-05 9.98161E-05 9.98161E-05 9.98161E-05 9.98161E-05 9.98161E-05 9.98161E-05 0.0144988 9.98161E-05 9.98161E-05 9.98161E-05 9.98161E-05 9.98161E-05 9.98161E-05 9.98161E-05 9.98161E-05 0.09349 9.98161E-05 0.850585 9.98161E-05 9.98161E-05 0.0393303 9.98161E-05 9.98161E-05 9.98161E-05
9.98161E-05 9.98161E-05 9.98161E-05 9.98161E-05 9.98161E-05 0.0572315 9.98161E-05 9.98161E-05 9.98161E-05 9.98161E-05 0.0061193 9.98161E-05 9.98161E-05 0.13043 9.98161E-05 9.98161E-05 9.98161E-05 9.98161E-05 0.804123 9.98161E-05 9.98161E-05 9.98161E-05 9.98161E-05 9.98161E-05 9.98161E-05
9.9842E-05 0.0131996 0.149681 9.9842E-05 9.9842E-05 9.9842E-05 0.046327 9.9842E-05 0.585558 9.9842E-05 9.9842E-05 9.9842E-05 9.9842E-05 9.9842E-05 9.9842E-05 9.9842E-05 9.9842E-05 9.9842E-05 0.135821 9.9842E-05 9.9842E-05 9.9842E-05 0.00354637 9.9842E-05 0.06407
9.98071E-05 9.98071E-05 9.98071E-05 9.98071E-05 0.0761781 0.0788462 9.98071E-05 9.98071E-05 0.84278 9.98071E-05 9.98071E-05 9.98071E-05 9.98071E-05 9.98071E-05 9.98071E-05 9.98071E-05 9.98071E-05 9.98071E-05 9.98071E-05 9.98071E-05 9.98071E-05 9.98071E-05 9.98071E-05 9.98071E-05 9.98071E-05
9.98158E-05 9.98158E-05 9.98158E-05 0.0268136 9.98158E-05 9.98158E-05 0.00122537 9.98158E-05 0.292947 9.98158E-05 9.98158E-05 9.98158E-05 9.98158E-05 9.98158E-05 9.98158E-05 9.98158E-05 9.98158E-05 9.98158E-05 0.676918 9.98158E-05 9.98158E-05 9.98158E-05 9.98158E-05 9.98158E-05 9.98158E-05
0.68258 9.98421E-05 0.0428909 9.98421E-05 9.98421E-05 0.00628304 0.0242452 0.0282756 9.98421E-05 9.98421E-05 9.98421E-05 9.98421E-05 9.98421E-05 9.98421E-05 9.98421E-05 9.98421E-05 9.98421E-05 0.0734387 9.98421E-05 9.98421E-05 9.98421E-05 9.98421E-05 0.140489 9.98421E-05 9.98421E-05
0.961557 9.97986E-05 9.97986E-05 9.97986E-05 9.97986E-05 9.97986E-05 9.97986E-05 9.97986E-05 9.97986E-05 9.97986E-05 9.97986E-05 9.97986E-05 9.97986E-05 9.97986E-05 9.97986E-05 9.97986E-05 9.97986E-05 9.97986E-05 9.97986E-05 9.97986E-05 9.97986E-05 0.0361474 9.97986E-05 9.97986E-05 9.97986E-05
0.850635 9.98334E-05 9.98334E-05 9.98334E-05 9.98334E-05 9.98334E-05 9.98334E-05 9.98334E-05 9.98334E-05 9.98334E-05 0.00449533 9.98334E-05 0.0491963 9.98334E-05 9.98334E-05 0.0338641 9.98334E-05 9.98334E-05 9.98334E-05 9.98334E-05 0.0461742 9.98334E-05 9.98334E-05 9.98334E-05 0.0137381
0.261331 9.98334E-05 9.98334E-05 0.0407511 9.98334E-05 9.98334E-05 0.310859 0.0755426 9.98334E-05 9.98334E-05 9.98334E-05 9.98334E-05 9.98334E-05 9.98334E-05 9.98334E-05 9.98334E-05 9.98334E-05 0.302162 9.98334E-05 9.98334E-05 9.98334E-05 9.98334E-05 0.00745644 9.98334E-05 9.98334E-05
0.68291 0.106692 9.98506E-05 0.026019 9.98506E-05 9.98506E-05 9.98506E-05 0.0636443 9.98506E-05 9.98506E-05 0.061073 9.98506E-05 9.98506E-05 9.98506E-05 9.98506E-05 9.98506E-05 9.98506E-05 9.98506E-05 9.98506E-05 9.98506E-05 9.98506E-05 9.98506E-05 0.0486447 0.00740203 0.001918
0.570331 0.0524053 9.98242E-05 9.98242E-05 9.98242E-05 9.98242E-05 9.98242E-05 0.0933008 9.98242E-05 9.98242E-05 9.98242E-05 9.98242E-05 9.98242E-05 9.98242E-05 9.98242E-05 9.98242E-05 9.98242E-05 0.200461 9.98242E-05 9.98242E-05 9.98242E-05 9.98242E-05 0.0815057 9.98242E-05 9.98242E-05
0.539239 9.98243E-05 0.0379072 9.98243E-05 9.98243E-05 9.98243E-05 0.310255 9.98243E-05 9.98243E-05 9.98243E-05 9.98243E-05 9.98243E-05 9.98243E-05 9.98243E-05 9.98243E-05 9.98243E-05 9.98243E-05 9.98243E-05 9.98243E-05 9.98243E-05 9.98243E-05 9.98243E-05 0.0943936 9.98243E-05 0.0162086
0.525635 9.98506E-05 9.98506E-05 0.013045 9.98506E-05 9.98506E-05 0.0527851 0.0253441 9.98506E-05 9.98506E-05 9.98506E-05 9.98506E-05 9.98506E-05 0.0237299 9.98506E-05 9.98506E-05 9.98506E-05 0.121827 9.98506E-05 9.98506E-05 9.98506E-05 9.98506E-05 0.10851 9.98506E-05 0.127426
0.826239 9.98246E-05 9.98246E-05 0.00970979 9.98246E-05 9.98246E-05 0.0378251 9.98246E-05 9.98246E-05 9.98246E-05 9.98246E-05 9.98246E-05 9.98246E-05 9.98246E-05 9.98246E-05 9.98246E-05 9.98246E-05 0.0868864 9.98246E-05 9.98246E-05 9.98246E-05 9.98246E-05 0.0373432 9.98246E-05 9.98246E-05
0.970925 9.97982E-05 9.97982E-05 9.97982E-05 9.97982E-05 9.97982E-05 9.97982E-05 0.0267794 9.97982E-05 9.97982E-05 9.97982E-05 9.97982E-05 9.97982E-05 9.97982E-05 9.97982E-05 9.97982E-05 9.97982E-05 9.97982E-05 9.97982E-05 9.97982E-05 9.97982E-05 9.97982E-05 9.97982E-05 9.97982E-05 9.97982E-05
0.544213 9.98243E-05 9.98243E-05 9.98243E-05 0.0325263 0.11934 9.98243E-05 0.0307981 9.98243E-05 9.98243E-05 9.98243E-05 9.98243E-05 9.98243E-05 9.98243E-05 9.98243E-05 9.98243E-05 9.98243E-05 9.98243E-05 9.98243E-05 9.98243E-05 9.98243E-05 9.98243E-05 0.271126 9.98243E-05 9.98243E-05
0.495233 0.144782 9.98682E-05 0.0119189 0.0344012 0.0509853 0.0808552 9.98682E-05 9.98682E-05 9.98682E-05 9.98682E-05 9.98682E-05 9.98682E-05 9.98682E-05 9.98682E-05 9.98682E-05 0.0338046 9.98682E-05 9.98682E-05 9.98682E-05 9.98682E-05 0.0746872 0.0131039 0.0587304 9.98682E-05
0.5193 9.98332E-05 9.98332E-05 9.98332E-05 9.98332E-05 0.082517 9.98332E-05 0.120608 9.98332E-05 9.98332E-05 9.98332E-05 9.98332E-05 9.98332E-05 0.185184 9.98332E-05 0.0247872 9.98332E-05 9.98332E-05 9.98332E-05 0.065707 9.98332E-05 9.98332E-05 9.98332E-05 9.98332E-05 9.98332E-05
0.46851 0.204821 9.98331E-05 0.0224627 9.98331E-05 9.98331E-05 0.0412459 9.98331E-05 9.98331E-05 9.98331E-05 9.98331E-05 9.98331E-05 9.98331E-05 9.98331E-05 9.98331E-05 9.98331E-05 9.98331E-05 9.98331E-05 9.98331E-05 0.0113696 9.98331E-05 9.98331E-05 0.249694 9.98331E-05 9.98331E-05
0.880659 9.98073E-05 9.98073E-05 9.98073E-05 9.98073E-05 9.98073E-05 9.98073E-05 9.98073E-05 9.98073E-05 9.98073E-05 9.98073E-05 0.0915024 9.98073E-05 9.98073E-05 9.98073E-05 9.98073E-05 9.98073E-05 0.0256433 9.98073E-05 9.98073E-05 9.98073E-05 9.98073E-05 9.98073E-05 9.98073E-05 9.98073E-05
0.868202 9.98246E-05 9.98246E-05 9.98246E-05 9.98246E-05 0.0436817 9.98246E-05 0.0353901 9.98246E-05 9.98246E-05 9.98246E-05 0.0172839 9.98246E-05 9.98246E-05 9.98246E-05 9.98246E-05 9.98246E-05 9.98246E-05 9.98246E-05 9.98246E-05 9.98246E-05 9.98246E-05 0.0334462 9.98246E-05 9.98246E-05
0.742414 9.98242E-05 0.133251 0.0404484 9.98242E-05 9.98242E-05 9.98242E-05 9.98242E-05 9.98242E-05 9.98242E-05 9.98242E-05 9.98242E-05 9.98242E-05 0.048128 9.98242E-05 9.98242E-05 9.98242E-05 9.98242E-05 9.98242E-05 9.98242E-05 9.98242E-05 9.98242E-05 9.98242E-05 9.98242E-05 0.0337624
0.701981 0.0427869 9.98245E-05 9.98245E-05 0.117028 0.0772765 9.98245E-05 0.0589306 9.98245E-05 9.98245E-05 9.98245E-05 9.98245E-05 9.98245E-05 9.98245E-05 9.98245E-05 9.98245E-05 9.98245E-05 9.98245E-05 9.98245E-05 9.98245E-05 9.98245E-05 9.98245E-05 9.98245E-05 9.98245E-05 9.98245E-05
0.814055 9.98157E-05 9.98157E-05 9.98157E-05 0.0612639 9.98157E-05 9.98157E-05 9.98157E-05 9.98157E-05 9.98157E-05 9.98157E-05 9.98157E-05 9.98157E-05 9.98157E-05 9.98157E-05 9.98157E-05 9.98157E-05 9.98157E-05 9.98157E-05 9.98157E-05 9.98157E-05 9.98157E-05 0.078503 9.98157E-05 0.0440818
0.54823 9.98243E-05 9.98243E-05 9.98243E-05 9.98243E-05 0.0151292 9.98243E-05 9.98243E-05 9.98243E-05 9.98243E-05 9.98243E-05 0.127273 9.98243E-05 9.98243E-05 9.98243E-05 0.0825796 9.98243E-05 9.98243E-05 9.98243E-05 9.98243E-05 9.98243E-05 9.98243E-05 0.224792 9.98243E-05 9.98243E-05
0.934931 9.97986E-05 9.97986E-05 9.97986E-05 9.97986E-05 9.97986E-05 9.97986E-05 9.97986E-05 9.97986E-05 9.97986E-05 9.97986E-05 9.97986E-05 0.0627731 9.97986E-05 9.97986E-05 9.97986E-05 9.97986E-05 9.97986E-05 9.97986E-05 9.97986E-05 9.97986E-05 9.97986E-05 9.97986E-05 9.97986E-05 9.97986E-05
0.639336 0.215031 9.9833E-05 9.9833E-05 9.9833E-05 9.9833E-05 9.9833E-05 9.9833E-05 9.9833E-05 9.9833E-05 9.9833E-05 0.0527083 9.9833E-05 0.0469069 9.9833E-05 9.9833E-05 9.9833E-05 9.9833E-05 9.9833E-05 9.9833E-05 9.9833E-05 0.019976 0.0241448 9.9833E-05 9.9833E-05
0.607188 0.00521239 9.98422E-05 9.98422E-05 9.98422E-05 9.98422E-05 0.0220408 9.98422E-05 9.98422E-05 9.98422E-05 9.98422E-05 9.98422E-05 9.98422E-05 9.98422E-05 9.98422E-05 9.98422E-05 9.98422E-05 0.293848 0.0283287 9.98422E-05 9.98422E-05 0.0236878 0.0178964 9.98422E-05 9.98422E-05
0.680263 9.98508E-05 9.98508E-05 9.98508E-05 0.0855178 9.98508E-05 9.98508E-05 0.0247837 9.98508E-05 9.98508E-05 9.98508E-05 9.98508E-05 9.98508E-05 0.0685372 9.98508E-05 9.98508E-05 9.98508E-05 9.98508E-05 9.98508E-05 0.0381982 0.0453155 9.98508E-05 0.0012257 9.98508E-05 0.0544613
0.777777 9.98155E-05 9.98155E-05 9.98155E-05 9.98155E-05 0.178301 9.98155E-05 9.98155E-05 9.98155E-05 9.98155E-05 9.98155E-05 9.98155E-05 9.98155E-05 9.98155E-05 9.98155E-05 9.98155E-05 9.98155E-05 9.98155E-05 9.98155E-05 9.98155E-05 9.98155E-05 0.00146048 0.0403659 9.98155E-05 9.98155E-05
0.940381 9.98074E-05 9.98074E-05 9.98074E-05 9.98074E-05 9.98074E-05 9.98074E-05 0.00373438 9.98074E-05 9.98074E-05 9.98074E-05 9.98074E-05 9.98074E-05 9.98074E-05 0.0536892 9.98074E-05 9.98074E-05 9.98074E-05 9.98074E-05 9.98074E-05 9.98074E-05 9.98074E-05 9.98074E-05 9.98074E-05 9.98074E-05
0.91836 0.0302862 0.0113887 9.98161E-05 9.98161E-05 9.98161E-05 9.98161E-05 9.98161E-05 9.98161E-05 9.98161E-05 9.98161E-05 9.98161E-05 9.98161E-05 9.98161E-05 9.98161E-05 9.98161E-05 9.98161E-05 9.98161E-05 9.98161E-05 9.98161E-05 0.0378689 9.98161E-05 9.98161E-05 9.98161E-05 9.98161E-05
0.978789 9.97985E-05 9.97985E-05 9.97985E-05 9.97985E-05 9.97985E-05 9.97985E-05 9.97985E-05 9.97985E-05 9.97985E-05 9.97985E-05 9.97985E-05 9.97985E-05 9.97985E-05 9.97985E-05 9.97985E-05 9.97985E-05 9.97985E-05 9.97985E-05 9.97985E-05 9.97985E-05 9.97985E-05 0.0189154 9.97985E-05 9.97985E-05
0.940727 9.98071E-05 9.98071E-05 9.98071E-05 9.98071E-05 9.98071E-05 9.98071E-05 0.0122902 9.98071E-05 9.98071E-05 9.98071E-05 9.98071E-05 9.98071E-05 9.98071E-05 9.98071E-05 9.98071E-05 9.98071E-05 9.98071E-05 9.98071E-05 9.98071E-05 9.98071E-05 9.98071E-05 9.98071E-05 9.98071E-05 0.0447868
0.477622 9.98247E-05 9.98247E-05 9.98247E-05 9.98247E-05 9.98247E-05 9.98247E-05 0.0284337 9.98247E-05 9.98247E-05 9.98247E-05 0.053872 0.323013 9.98247E-05 9.98247E-05 9.98247E-05 9.98247E-05 9.98247E-05 9.98247E-05 9.98247E-05 9.98247E-05 9.98247E-05 0.115063 9.98247E-05 9.98247E-05
9.98158E-05 9.98158E-05 9.98158E-05 9.98158E-05 9.98158E-05 9.98158E-05 9.98158E-05 0.0626887 9.98158E-05 9.98158E-05 9.98158E-05 9.98158E-05 9.98158E-05 0.824926 9.98158E-05 9.98158E-05 9.98158E-05 0.0305898 9.98158E-05 9.98158E-05 9.98158E-05 9.98158E-05 0.0796994 9.98158E-05 9.98158E-05
9.9807E-05 9.9807E-05 9.9807E-05 9.9807E-05 9.9807E-05 9.9807E-05 9.9807E-05 9.9807E-05 9.9807E-05 9.9807E-05 9.9807E-05 9.9807E-05 0.788112 0.0152445 9.9807E-05 9.9807E-05 9.9807E-05 0.194448 9.9807E-05 9.9807E-05 9.9807E-05 9.9807E-05 9.9807E-05 9.9807E-05 9.9807E-05
9.98156E-05 9.98156E-05 9.98156E-05 9.98156E-05 9.98156E-05 9.98156E-05 9.98156E-05 9.98156E-05 9.98156E-05 9.98156E-05 9.98156E-05 9.98156E-05 9.98156E-05 0.105551 9.98156E-05 9.98156E-05 9.98156E-05 0.783386 9.98156E-05 9.98156E-05 9.98156E-05 9.98156E-05 0.0205202 0.0884472 9.98156E-05
9.98155E-05 9.98155E-05 9.98155E-05 9.98155E-05 9.98155E-05 9.98155E-05 9.98155E-05 0.0114978 9.98155E-05 9.98155E-05 9.98155E-05 9.98155E-05 9.98155E-05 0.517387 9.98155E-05 9.98155E-05 9.98155E-05 0.378971 9.98155E-05 9.98155E-05 9.98155E-05 9.98155E-05 0.0900481 9.98155E-05 9.98155E-05
9.97981E-05 9.97981E-05 9.97981E-05 9.97981E-05 9.97981E-05 9.97981E-05 9.97981E-05 0.0432525 9.97981E-05 9.97981E-05 9.97981E-05 9.97981E-05 9.97981E-05 0.954452 9.97981E-05 9.97981E-05 9.97981E-05 9.97981E-05 9.97981E-05 9.97981E-05 9.97981E-05 9.97981E-05 9.97981E-05 9.97981E-05 9.97981E-05
9.98334E-05 9.98334E-05 9.98334E-05 9.98334E-05 0.0332813 9.98334E-05 0.0443769 0.0611101 9.98334E-05 0.069309 9.98334E-05 9.98334E-05 9.98334E-05 0.576953 9.98334E-05 9.98334E-05 9.98334E-05 9.98334E-05 9.98334E-05 9.98334E-05 9.98334E-05 9.98334E-05 0.213073 9.98334E-05 9.98334E-05
9.98156E-05 9.98156E-05 9.98156E-05 9.98156E-05 9.98156E-05 9.98156E-05 9.98156E-05 0.0332564 9.98156E-05 9.98156E-05 9.98156E-05 9.98156E-05 9.98156E-05 9.98156E-05 9.98156E-05 9.98156E-05 9.98156E-05 0.953797 9.98156E-05 9.98156E-05 9.98156E-05 9.98156E-05 0.00178263 9.98156E-05 0.00906827
9.98069E-05 9.98069E-05 9.98069E-05 9.98069E-05 9.98069E-05 9.98069E-05 9.98069E-05 0.161343 9.98069E-05 9.98069E-05 9.98069E-05 9.98069E-05 9.98069E-05 0.135427 9.98069E-05 9.98069E-05 9.98069E-05 0.701035 9.98069E-05 9.98069E-05 9.98069E-05 9.98069E-05 9.98069E-05 9.98069E-05 9.98069E-05
9.98418E-05 0.0249227 9.98418E-05 9.98418E-05 9.98418E-05 0.0349519 0.165391 0.229817 9.98418E-05 9.98418E-05 9.98418E-05 0.00222298 9.98418E-05 9.98418E-05 9.98418E-05 9.98418E-05 0.0323418 0.508556 9.98418E-05 9.98418E-05 9.98418E-05 9.98418E-05 9.98418E-05 9.98418E-05 9.98418E-05
9.98069E-05 9.98069E-05 9.98069E-05 9.98069E-05 9.98069E-05 9.98069E-05 9.98069E-05 0.186186 9.98069E-05 9.98069E-05 9.98069E-05 9.98069E-05 9.98069E-05 9.98069E-05 9.98069E-05 9.98069E-05 9.98069E-05 0.603468 9.98069E-05 9.98069E-05 9.98069E-05 9.98069E-05 0.20815 9.98069E-05 9.98069E-05
9.98244E-05 9.98244E-05 9.98244E-05 9.98244E-05 9.98244E-05 0.0404175 0.075209 9.98244E-05 9.98244E-05 9.98244E-05 9.98244E-05 9.98244E-05 9.98244E-05 0.326472 0.549353 9.98244E-05 9.98244E-05 9.98244E-05 9.98244E-05 9.98244E-05 9.98244E-05 9.98244E-05 0.00655252 9.98244E-05 9.98244E-05
9.98421E-05 9.98421E-05 9.98421E-05 9.98421E-05 9.98421E-05 0.0474059 0.00308222 9.98421E-05 0.0129896 9.98421E-05 0.0175839 9.98421E-05 9.98421E-05 0.460526 0.262588 9.98421E-05 9.98421E-05 0.194027 9.98421E-05 9.98421E-05 9.98421E-05 9.98421E-05 9.98421E-05 9.98421E-05 9.98421E-05
9.97984E-05 9.97984E-05 9.97984E-05 9.97984E-05 9.97984E-05 9.97984E-05 9.97984E-05 9.97984E-05 9.97984E-05 9.97984E-05 9.97984E-05 9.97984E-05 9.97984E-05 0.143742 9.97984E-05 9.97984E-05 9.97984E-05 0.853963 9.97984E-05 9.97984E-05 9.97984E-05 9.97984E-05 9.97984E-05 9.97984E-05 9.97984E-05
9.98246E-05 9.98246E-05 9.98246E-05 9.98246E-05 9.98246E-05 9.98246E-05 9.98246E-05 0.0947599 9.98246E-05 0.197618 9.98246E-05 9.98246E-05 9.98246E-05 0.341926 9.98246E-05 9.98246E-05 9.98246E-05 0.163776 9.98246E-05 9.98246E-05 9.98246E-05 9.98246E-05 0.199923 9.98246E-05 9.98246E-05
9.98421E-05 9.98421E-05 9.98421E-05 9.98421E-05 9.98421E-05 0.0434828 9.98421E-05 9.98421E-05 9.98421E-05 0.00609639 9.98421E-05 9.98421E-05 0.0987608 0.155245 9.98421E-05 9.98421E-05 9.98421E-05 0.58964 9.98421E-05 9.98421E-05 9.98421E-05 9.98421E-05 0.0141541 9.98421E-05 0.0908235
9.9842E-05 9.9842E-05 9.9842E-05 9.9842E-05 9.9842E-05 0.0530922 9.9842E-05 0.0277583 9.9842E-05 9.9842E-05 9.9842E-05 0.123753 0.0435199 0.519004 9.9842E-05 9.9842E-05 9.9842E-05 0.0609426 9.9842E-05 9.9842E-05 9.9842E-05 9.9842E-05 0.170133 9.9842E-05 9.9842E-05
9.98508E-05 9.98508E-05 9.98508E-05 9.98508E-05 9.98508E-05 9.98508E-05 0.171428 0.0102318 9.98508E-05 0.0357905 0.0109256 9.98508E-05 9.98508E-05 0.314575 9.98508E-05 9.98508E-05 9.98508E-05 0.323784 9.98508E-05 9.98508E-05 9.98508E-05 0.0354516 0.0961163 9.98508E-05 9.98508E-05
9.98423E-05 0.0996769 9.98423E-05 0.0219686 9.98423E-05 9.98423E-05 9.98423E-05 0.0936033 9.98423E-05 9.98423E-05 9.98423E-05 9.98423E-05 0.0668813 0.464336 9.98423E-05 9.98423E-05 9.98423E-05 0.151842 9.98423E-05 9.98423E-05 9.98423E-05 9.98423E-05 9.98423E-05 0.0998946 9.98423E-05
9.98071E-05 9.98071E-05 9.98071E-05 9.98071E-05 9.98071E-05 9.98071E-05 9.98071E-05 9.98071E-05 9.98071E-05 0.0392132 9.98071E-05 9.98071E-05 9.98071E-05 0.734945 9.98071E-05 9.98071E-05 9.98071E-05 0.223646 9.98071E-05 9.98071E-05 9.98071E-05 9.98071E-05 9.98071E-05 9.98071E-05 9.98071E-05
9.98509E-05 9.98509E-05 0.160317 9.98509E-05 9.98509E-05 9.98509E-05 9.98509E-05 0.0374088 9.98509E-05 9.98509E-05 0.111628 9.98509E-05 0.355039 0.177747 9.98509E-05 9.98509E-05 9.98509E-05 0.115015 9.98509E-05 9.98509E-05 9.98509E-05 0.0220674 0.01908 9.98509E-05 9.98509E-05
9.98333E-05 9.98333E-05 9.98333E-05 9.98333E-05 9.98333E-05 9.98333E-05 0.106478 0.00965335 9.98333E-05 0.106745 9.98333E-05 9.98333E-05 9.98333E-05 0.67882 9.98333E-05 9.98333E-05 9.98333E-05 9.98333E-05 9.98333E-05 9.98333E-05 9.98333E-05 9.98333E-05 0.0796425 0.0167636 9.98333E-05
9.9807E-05 9.9807E-05 9.9807E-05 9.9807E-05 9.9807E-05 0.0436961 9.9807E-05 9.9807E-05 9.9807E-05 0.0723599 9.9807E-05 9.9807E-05 9.9807E-05 0.881748 9.9807E-05 9.9807E-05 9.9807E-05 9.9807E-05 9.9807E-05 9.9807E-05 9.9807E-05 9.9807E-05 9.9807E-05 9.9807E-05 9.9807E-05
9.98245E-05 9.98245E-05 9.98245E-05 9.98245E-05 9.98245E-05 9.98245E-05 0.0508333 0.185734 9.98245E-05 9.98245E-05 0.0192011 9.98245E-05 9.98245E-05 0.54955 9.98245E-05 9.98245E-05 9.98245E-05 9.98245E-05 9.98245E-05 9.98245E-05 9.98245E-05 9.98245E-05 0.192685 9.98245E-05 9.98245E-05
9.98333E-05 9.98333E-05 9.98333E-05 9.98333E-05 9.98333E-05 9.98333E-05 9.98333E-05 0.139866 9.98333E-05 9.98333E-05 9.98333E-05 9.98333E-05 9.98333E-05 0.400916 0.208973 9.98333E-05 0.0380051 0.100686 9.98333E-05 9.98333E-05 9.98333E-05 9.98333E-05 9.98333E-05 0.109657 9.98333E-05
9.98245E-05 9.98245E-05 9.98245E-05 9.98245E-05 9.98245E-05 9.98245E-05 0.0676729 0.128533 9.98245E-05 9.98245E-05 0.0664981 9.98245E-05 9.98245E-05 0.545633 9.98245E-05 9.98245E-05 9.98245E-05 9.98245E-05 9.98245E-05 9.98245E-05 9.98245E-05 9.98245E-05 0.189666 9.98245E-05 9.98245E-05
9.98247E-05 9.98247E-05 9.98247E-05 9.98247E-05 9.98247E-05 9.98247E-05 0.0748077 0.0546678 9.98247E-05 9.98247E-05 9.98247E-05 9.98247E-05 9.98247E-05 9.98247E-05 0.104874 9.98247E-05 9.98247E-05 0.707198 9.98247E-05 9.98247E-05 9.98247E-05 9.98247E-05 0.056456 9.98247E-05 9.98247E-05
9.98246E-05 9.98246E-05 9.98246E-05 9.98246E-05 9.98246E-05 9.98246E-05 9.98246E-05 9.98246E-05 9.98246E-05 0.574109 9.98246E-05 9.98246E-05 0.243257 0.0526989 9.98246E-05 9.98246E-05 9.98246E-05 9.98246E-05 9.98246E-05 9.98246E-05 0.109082 9.98246E-05 9.98246E-05 0.0188575 9.98246E-05
9.9833E-05 9.9833E-05 9.9833E-05 9.9833E-05 9.9833E-05 9.9833E-05 9.9833E-05 0.0325648 9.9833E-05 9.9833E-05 0.00655507 9.9833E-05 9.9833E-05 0.471736 9.9833E-05 9.9833E-05 9.9833E-05 0.444785 9.9833E-05 9.9833E-05 9.9833E-05 0.0102543 0.0322077 9.9833E-05 9.9833E-05
9.98248E-05 9.98248E-05 9.98248E-05 9.98248E-05 9.98248E-05 9.98248E-05 0.058173 0.21955 9.98248E-05 9.98248E-05 9.98248E-05 9.98248E-05 9.98248E-05 0.45553 9.98248E-05 9.98248E-05 9.98248E-05 0.0644942 9.98248E-05 9.98248E-05 9.98248E-05 9.98248E-05 0.200256 9.98248E-05 9.98248E-05
9.98334E-05 9.98334E-05 9.98334E-05 9.98334E-05 9.98334E-05 0.0292641 9.98334E-05 9.98334E-05 9.98334E-05 0.127938 9.98334E-05 9.98334E-05 9.98334E-05 0.617546 9.98334E-05 9.98334E-05 9.98334E-05 0.0126854 9.98334E-05 9.98334E-05 9.98334E-05 9.98334E-05 0.0841748 0.126494 9.98334E-05
9.98333E-05 9.98333E-05 9.98333E-05 9.98333E-05 9.98333E-05 0.0486278 9.98333E-05 9.98333E-05 9.98333E-05 9.98333E-05 9.98333E-05 9.98333E-05 9.98333E-05 0.00598002 0.0542494 0.0143266 9.98333E-05 0.749996 9.98333E-05 9.98333E-05 9.98333E-05 9.98333E-05 0.124923 9.98333E-05 9.98333E-05
9.9807E-05 9.9807E-05 9.9807E-05 9.9807E-05 9.9807E-05 9.9807E-05 9.9807E-05 9.9807E-05 9.9807E-05 9.9807E-05 9.9807E-05 9.9807E-05 9.9807E-05 0.274551 9.9807E-05 0.00685786 9.9807E-05 0.716396 9.9807E-05 9.9807E-05 9.9807E-05 9.9807E-05 9.9807E-05 9.9807E-05 9.9807E-05
9.98331E-05 9.98331E-05 9.98331E-05 9.98331E-05 9.98331E-05 9.98331E-05 9.98331E-05 0.180373 9.98331E-05 9.98331E-05 0.111499 9.98331E-05 9.98331E-05 0.525089 9.98331E-05 9.98331E-05 9.98331E-05 0.0418853 9.98331E-05 9.98331E-05 9.98331E-05 9.98331E-05 0.0939042 0.0453527 9.98331E-05
9.98157E-05 0.0485771 9.98157E-05 9.98157E-05 9.98157E-05 9.98157E-05 9.98157E-05 0.012387 9.98157E-05 9.98157E-05 9.98157E-05 9.98157E-05 9.98157E-05 0.199037 9.98157E-05 9.98157E-05 9.98157E-05 0.737903 9.98157E-05 9.98157E-05 9.98157E-05 9.98157E-05 9.98157E-05 9.98157E-05 9.98157E-05
9.97983E-05 9.97983E-05 9.97983E-05 9.97983E-05 9.97983E-05 9.97983E-05 9.97983E-05 9.97983E-05 9.97983E-05 9.97983E-05 9.97983E-05 9.97983E-05 9.97983E-05 0.077549 9.97983E-05 9.97983E-05 9.97983E-05 0.920156 9.97983E-05 9.97983E-05 9.97983E-05 9.97983E-05 9.97983E-05 9.97983E-05 9.97983E-05
9.9842E-05 9.9842E-05 9.9842E-05 9.9842E-05 0.0111798 0.00842395 9.9842E-05 0.0698088 9.9842E-05 9.9842E-05 9.9842E-05 0.140636 9.9842E-05 0.331692 0.0649951 9.9842E-05 9.9842E-05 0.371466 9.9842E-05 9.9842E-05 9.9842E-05 9.9842E-05 9.9842E-05 9.9842E-05 9.9842E-05
9.98332E-05 9.98332E-05 9.98332E-05 9.98332E-05 9.98332E-05 0.0302452 9.98332E-05 0.0409683 9.98332E-05 9.98332E-05 9.98332E-05 9.98332E-05 9.98332E-05 0.359649 9.98332E-05 9.98332E-05 9.98332E-05 0.30767 9.98332E-05 9.98332E-05 9.98332E-05 9.98332E-05 0.223518 9.98332E-05 0.0360523
9.98244E-05 9.98244E-05 9.98244E-05 9.98244E-05 9.98244E-05 9.98244E-05 9.98244E-05 0.0616061 9.98244E-05 0.406296 9.98244E-05 9.98244E-05 0.191948 0.18299 0.155164 9.98244E-05 9.98244E-05 9.98244E-05 9.98244E-05 9.98244E-05 9.98244E-05 9.98244E-05 9.98244E-05 9.98244E-05 9.98244E-05
9.98422E-05 9.98422E-05 9.98422E-05 9.98422E-05 9.98422E-05 9.98422E-05 9.98422E-05 0.0200927 9.98422E-05 9.98422E-05 0.0432771 9.98422E-05 0.000894282 0.571541 0.254608 9.98422E-05 9.98422E-05 0.0850465 9.98422E-05 9.98422E-05 9.98422E-05 9.98422E-05 0.0227438 9.98422E-05 9.98422E-05
9.98159E-05 9.98159E-05 9.98159E-05 9.98159E-05 9.98159E-05 9.98159E-05 9.98159E-05 9.98159E-05 9.98159E-05 0.571074 9.98159E-05 9.98159E-05 9.98159E-05 0.0749567 9.98159E-05 9.98159E-05 9.98159E-05 0.300632 9.98159E-05 9.98159E-05 9.98159E-05 9.98159E-05 9.98159E-05 0.0512406 9.98159E-05
9.98244E-05 9.98244E-05 9.98244E-05 9.98244E-05 9.98244E-05 9.98244E-05 9.98244E-05 0.0459553 9.98244E-05 9.98244E-05 0.0595802 9.98244E-05 9.98244E-05 0.0394895 0.825721 9.98244E-05 9.98244E-05 9.98244E-05 9.98244E-05 9.98244E-05 9.98244E-05 9.98244E-05 9.98244E-05 9.98244E-05 0.0272573
9.98158E-05 9.98158E-05 9.98158E-05 9.98158E-05 9.98158E-05 9.98158E-05 0.076603 0.0899227 9.98158E-05 9.98158E-05 9.98158E-05 9.98158E-05 9.98158E-05 0.527275 9.98158E-05 9.98158E-05 9.98158E-05 9.98158E-05 9.98158E-05 9.98158E-05 9.98158E-05 9.98158E-05 0.304103 9.98158E-05 9.98158E-05
9.98245E-05 9.98245E-05 9.98245E-05 9.98245E-05 9.98245E-05 9.98245E-05 9.98245E-05 0.108243 9.98245E-05 0.0661942 9.98245E-05 0.00885876 9.98245E-05 0.688492 9.98245E-05 9.98245E-05 9.98245E-05 9.98245E-05 9.98245E-05 9.98245E-05 9.98245E-05 0.126216 9.98245E-05 9.98245E-05 9.98245E-05
9.98333E-05 9.98333E-05 9.98333E-05 9.98333E-05 9.98333E-05 9.98333E-05 9.98333E-05 0.0219947 9.98333E-05 9.98333E-05 0.0379703 9.98333E-05 0.414752 0.0979749 0.372715 9.98333E-05 9.98333E-05 9.98333E-05 9.98333E-05 9.98333E-05 9.98333E-05 9.98333E-05 0.0526962 9.98333E-05 9.98333E-05
9.9798E-05 9.9798E-05 9.9798E-05 9.9798E-05 9.9798E-05 9.9798E-05 9.9798E-05 9.9798E-05 9.9798E-05 9.9798E-05 9.9798E-05 9.9798E-05 9.9798E-05 9.9798E-05 0.710743 9.9798E-05 9.9798E-05 0.286962 9.9798E-05 9.9798E-05 9.9798E-05 9.9798E-05 9.9798E-05 9.9798E-05 9.9798E-05
9.98419E-05 9.98419E-05 0.00436167 9.98419E-05 9.98419E-05 9.98419E-05 0.181869 0.139089 9.98419E-05 9.98419E-05 0.111229 9.98419E-05 9.98419E-05 0.189101 9.98419E-05 9.98419E-05 9.98419E-05 0.302755 9.98419E-05 9.98419E-05 9.98419E-05 9.98419E-05 9.98419E-05 0.0697976 9.98419E-05
0.0750347 9.98333E-05 9.98333E-05 9.98333E-05 9.98333E-05 9.98333E-05 9.98333E-05 0.0829245 9.98333E-05 9.98333E-05 9.98333E-05 0.058898 9.98333E-05 0.00268839 9.98333E-05 9.98333E-05 9.98333E-05 0.757945 9.98333E-05 9.98333E-05 9.98333E-05 9.98333E-05 0.0206129 9.98333E-05 9.98333E-05
9.98685E-05 0.0077126 9.98685E-05 9.98685E-05 9.98685E-05 9.98685E-05 0.0940122 0.110386 9.98685E-05 9.98685E-05 9.98685E-05 0.0124124 9.98685E-05 0.192426 0.102142 0.0293289 9.98685E-05 0.33131 9.98685E-05 9.98685E-05 0.105656 9.98685E-05 0.0131157 9.98685E-05 9.98685E-05
9.98423E-05 9.98423E-05 9.98423E-05 9.98423E-05 9.98423E-05 0.0213875 9.98423E-05 0.245582 9.98423E-05 9.98423E-05 0.00166396 0.0838755 9.98423E-05 0.279122 9.98423E-05 9.98423E-05 9.98423E-05 0.188792 9.98423E-05 9.98423E-05 9.98423E-05 9.98423E-05 0.17778 9.98423E-05 9.98423E-05
9.98071E-05 9.98071E-05 9.98071E-05 9.98071E-05 9.98071E-05 9.98071E-05 9.98071E-05 9.98071E-05 9.98071E-05 0.63757 9.98071E-05 9.98071E-05 9.98071E-05 0.00658099 9.98071E-05 9.98071E-05 9.98071E-05 0.353654 9.98071E-05 9.98071E-05 9.98071E-05 9.98071E-05 9.98071E-05 9.98071E-05 9.98071E-05
9.9842E-05 0.00422292 0.0864401 9.9842E-05 0.12373 0.00838435 9.9842E-05 9.9842E-05 9.9842E-05 9.9842E-05 9.9842E-05 9.9842E-05 9.9842E-05 0.360592 9.9842E-05 9.9842E-05 9.9842E-05 0.34391 9.9842E-05 9.9842E-05 9.9842E-05 9.9842E-05 0.0709237 9.9842E-05 9.9842E-05
