0.0538696 0.221613 9.99297E-05 9.99297E-05 9.99297E-05 0.0614275 9.99297E-05 9.99297E-05 0.07562 9.99297E-05 0.361191 0.0322787 9.99297E-05 0.0719336 9.99297E-05 0.121267
0.104333 9.99036E-05 9.99036E-05 9.99036E-05 0.0175799 9.99036E-05 9.99036E-05 0.0958564 9.99036E-05 9.99036E-05 0.724143 9.99036E-05 9.99036E-05 0.0569886 9.99036E-05 9.99036E-05
9.99122E-05 9.99122E-05 9.99122E-05 0.0145848 0.0302768 9.99122E-05 9.99122E-05 9.99122E-05 9.99122E-05 9.99122E-05 0.886181 0.00465686 9.99122E-05 0.0492406 0.0140612 9.99122E-05
9.99122E-05 9.99122E-05 9.99122E-05 0.135319 0.0593996 0.392239 9.99122E-05 9.99122E-05 9.99122E-05 9.99122E-05 0.236489 9.99122E-05 9.99122E-05 0.0474633 9.99122E-05 0.128091
0.0252384 9.99034E-05 0.000330685 9.99034E-05 9.99034E-05 0.00305922 0.118365 9.99034E-05 9.99034E-05 9.99034E-05 0.851907 9.99034E-05 9.99034E-05 9.99034E-05 9.99034E-05 9.99034E-05
0.00303476 0.257066 0.0730209 0.217678 9.9921E-05 0.0259716 0.211659 9.9921E-05 9.9921E-05 9.9921E-05 0.21067 9.9921E-05 9.9921E-05 9.9921E-05 9.9921E-05 9.9921E-05
0.11186 0.0464594 9.99298E-05 9.99298E-05 0.140753 0.138534 9.99298E-05 9.99298E-05 9.99298E-05 0.0519186 0.261514 0.0941403 9.99298E-05 9.99298E-05 9.99298E-05 0.154021
9.99124E-05 0.114739 0.144771 9.99124E-05 9.99124E-05 9.99124E-05 0.29078 9.99124E-05 0.116981 9.99124E-05 0.151259 9.99124E-05 9.99124E-05 9.99124E-05 9.99124E-05 0.180471
0.0025632 9.9921E-05 0.248582 9.9921E-05 9.9921E-05 9.9921E-05 0.0669061 9.9921E-05 9.9921E-05 9.9921E-05 0.246184 0.224321 9.9921E-05 0.209944 9.9921E-05 0.000600948
9.9886E-05 9.9886E-05 9.9886E-05 9.9886E-05 9.9886E-05 0.0354982 9.9886E-05 9.9886E-05 9.9886E-05 9.9886E-05 0.863074 9.9886E-05 9.9886E-05 0.10013 9.9886E-05 9.9886E-05
9.99123E-05 0.089451 9.99123E-05 9.99123E-05 0.129137 9.99123E-05 9.99123E-05 9.99123E-05 9.99123E-05 9.99123E-05 0.440614 9.99123E-05 9.99123E-05 0.237364 0.01255 0.0898851
9.99122E-05 0.0354612 9.99122E-05 9.99122E-05 0.0154684 0.0389928 9.99122E-05 9.99122E-05 9.99122E-05 0.00969406 0.895756 9.99122E-05 9.99122E-05 0.00362875 9.99122E-05 9.99122E-05
9.98946E-05 9.98946E-05 0.001433 9.98946E-05 9.98946E-05 9.98946E-05 9.98946E-05 9.98946E-05 9.98946E-05 9.98946E-05 0.79197 9.98946E-05 9.98946E-05 0.0649198 9.98946E-05 0.140478
9.99211E-05 9.99211E-05 9.99211E-05 0.107216 0.0623743 9.99211E-05 9.99211E-05 9.99211E-05 9.99211E-05 0.0463358 0.646035 9.99211E-05 0.0379113 0.0906563 9.99211E-05 0.0085717
0.0622689 0.160194 0.128032 0.114849 9.99386E-05 0.0570365 9.99386E-05 9.99386E-05 9.99386E-05 9.99386E-05 0.259416 0.0269526 9.99386E-05 0.13076 9.99386E-05 0.0597916
9.99298E-05 0.139934 0.161181 0.0724001 9.99298E-05 0.28905 9.99298E-05 9.99298E-05 0.00315566 9.99298E-05 0.202707 9.99298E-05 9.99298E-05 0.0932138 9.99298E-05 0.0375588
0.0919235 9.99386E-05 9.99386E-05 9.99386E-05 0.0621086 9.99386E-05 9.99386E-05 9.99386E-05 0.0785147 0.0621608 0.482272 0.00729217 0.113455 0.0865753 9.99386E-05 0.0149978
9.99298E-05 0.167483 0.0693132 9.99298E-05 9.99298E-05 9.99298E-05 9.99298E-05 0.118859 9.99298E-05 9.99298E-05 0.0879079 0.0262357 9.99298E-05 0.103362 0.173034 0.253006
9.99122E-05 9.99122E-05 0.165345 9.99122E-05 9.99122E-05 0.152907 9.99122E-05 9.99122E-05 9.99122E-05 9.99122E-05 0.257655 0.10259 9.99122E-05 0.202805 9.99122E-05 0.117699
9.98771E-05 9.98771E-05 9.98771E-05 9.98771E-05 9.98771E-05 9.98771E-05 9.98771E-05 0.0163844 9.98771E-05 9.98771E-05 0.982217 9.98771E-05 9.98771E-05 9.98771E-05 9.98771E-05 9.98771E-05
9.99473E-05 9.99473E-05 0.100549 9.99473E-05 0.0875427 0.109375 0.0789305 0.00544401 9.99473E-05 0.00489471 0.501333 0.0222216 9.99473E-05 0.0465994 9.99473E-05 0.0425106
9.99123E-05 9.99123E-05 0.142297 0.00792878 9.99123E-05 0.0985464 0.0828529 9.99123E-05 9.99123E-05 9.99123E-05 0.235624 9.99123E-05 9.99123E-05 9.99123E-05 9.99123E-05 0.431752
9.99035E-05 0.218017 9.99035E-05 0.0631474 0.0695662 9.99035E-05 9.99035E-05 9.99035E-05 9.99035E-05 9.99035E-05 0.537838 9.99035E-05 9.99035E-05 0.110332 9.99035E-05 9.99035E-05
9.99123E-05 9.99123E-05 9.99123E-05 9.99123E-05 9.99123E-05 9.99123E-05 9.99123E-05 9.99123E-05 0.126854 0.00571065 0.36343 0.0309777 9.99123E-05 0.192802 9.99123E-05 0.279226
9.99297E-05 9.99297E-05 0.0564313 0.148346 0.0266035 9.99297E-05 9.99297E-05 0.0839102 9.99297E-05 9.99297E-05 0.259857 0.0374034 9.99297E-05 0.259636 9.99297E-05 0.127014
9.99035E-05 9.99035E-05 9.99035E-05 0.0414298 9.99035E-05 0.0900229 9.99035E-05 9.99035E-05 9.99035E-05 9.99035E-05 0.634568 9.99035E-05 9.99035E-05 0.139543 9.99035E-05 0.0933368
9.99034E-05 9.99034E-05 9.99034E-05 0.232504 9.99034E-05 9.99034E-05 9.99034E-05 9.99034E-05 9.99034E-05 9.99034E-05 0.0117474 9.99034E-05 9.99034E-05 0.115676 0.15044 0.488534
9.98947E-05 9.98947E-05 9.98947E-05 9.98947E-05 9.98947E-05 0.083089 9.98947E-05 9.98947E-05 9.98947E-05 9.98947E-05 0.738172 9.98947E-05 9.98947E-05 0.0512979 9.98947E-05 0.126242
9.99122E-05 0.0664025 9.99122E-05 0.0288096 9.99122E-05 9.99122E-05 9.99122E-05 9.99122E-05 9.99122E-05 9.99122E-05 0.575071 0.0333925 9.99122E-05 0.212067 9.99122E-05 0.0832583
9.99035E-05 9.99035E-05 0.0174418 0.137234 9.99035E-05 9.99035E-05 9.99035E-05 9.99035E-05 9.99035E-05 9.99035E-05 0.76837 9.99035E-05 0.0179868 0.057868 9.99035E-05 9.99035E-05
9.9921E-05 0.112858 0.0143764 9.9921E-05 0.0964456 9.9921E-05 9.9921E-05 0.0250236 9.9921E-05 9.9921E-05 0.634414 9.9921E-05 9.9921E-05 0.0563032 9.9921E-05 0.0596809
9.99211E-05 9.99211E-05 9.99211E-05 0.215522 0.0173679 0.221444 9.99211E-05 9.99211E-05 9.99211E-05 9.99211E-05 0.448324 9.99211E-05 0.00853351 0.0394895 9.99211E-05 0.0484206
9.99297E-05 0.125129 0.00291953 0.0243751 0.0837628 9.99297E-05 9.99297E-05 9.99297E-05 9.99297E-05 0.0486308 0.492222 9.99297E-05 9.99297E-05 0.114049 9.99297E-05 0.108112
9.99386E-05 9.99386E-05 9.99386E-05 0.162569 0.0226605 0.006585 9.99386E-05 9.99386E-05 9.99386E-05 0.0358476 0.462534 0.0320674 9.99386E-05 0.0873645 0.0440854 0.145586
0.0138309 0.0341344 0.0195267 9.99298E-05 0.0461201 9.99298E-05 9.99298E-05 0.0404252 9.99298E-05 9.99298E-05 0.785726 9.99298E-05 9.99298E-05 0.0509057 9.99298E-05 0.00853109
9.9921E-05 0.138599 0.00789725 9.9921E-05 9.9921E-05 0.0931438 9.9921E-05 9.9921E-05 9.9921E-05 9.9921E-05 0.648194 0.0284278 9.9921E-05 0.00710382 9.9921E-05 0.0757342
9.99035E-05 9.99035E-05 9.99035E-05 9.99035E-05 0.00897769 0.0235051 9.99035E-05 9.99035E-05 9.99035E-05 0.125005 0.741452 9.99035E-05 9.99035E-05 9.99035E-05 9.99035E-05 0.099961
0.0796817 9.9921E-05 0.138903 9.9921E-05 9.9921E-05 9.9921E-05 9.9921E-05 0.0845404 9.9921E-05 9.9921E-05 0.577582 9.9921E-05 0.00705565 0.089737 9.9921E-05 0.0216008
0.112082 9.9921E-05 9.9921E-05 9.9921E-05 0.0251615 9.9921E-05 0.0414463 9.9921E-05 9.9921E-05 9.9921E-05 0.546346 9.9921E-05 0.0999288 0.162388 9.9921E-05 0.0117481
9.98947E-05 9.98947E-05 9.98947E-05 0.196293 9.98947E-05 9.98947E-05 9.98947E-05 9.98947E-05 9.98947E-05 0.119335 0.54375 9.98947E-05 9.98947E-05 0.139423 9.98947E-05 9.98947E-05
9.98947E-05 9.98947E-05 9.98947E-05 9.98947E-05 0.00679697 9.98947E-05 9.98947E-05 9.98947E-05 9.98947E-05 9.98947E-05 0.775786 9.98947E-05 9.98947E-05 0.0730431 9.98947E-05 0.143175
0.0222368 0.00827954 0.010732 0.00376644 9.99211E-05 9.99211E-05 9.99211E-05 9.99211E-05 9.99211E-05 9.99211E-05 0.565134 9.99211E-05 9.99211E-05 0.0838659 9.99211E-05 0.305086
0.00477741 9.9921E-05 9.9921E-05 9.9921E-05 0.0230917 0.0200609 0.0148529 9.9921E-05 9.9921E-05 9.9921E-05 0.778222 9.9921E-05 0.0755443 9.9921E-05 9.9921E-05 0.082552
9.99298E-05 0.114216 0.0927223 9.99298E-05 0.0218242 9.99298E-05 0.00248467 9.99298E-05 9.99298E-05 9.99298E-05 0.326524 0.103521 9.99298E-05 0.254145 9.99298E-05 0.0837634
9.99035E-05 9.99035E-05 9.99035E-05 9.99035E-05 0.00394945 0.157686 9.99035E-05 9.99035E-05 9.99035E-05 9.99035E-05 0.226714 9.99035E-05 9.99035E-05 0.0788819 9.99035E-05 0.53167
9.99034E-05 9.99034E-05 9.99034E-05 9.99034E-05 9.99034E-05 0.044085 0.020946 0.0560317 9.99034E-05 9.99034E-05 0.822227 9.99034E-05 9.99034E-05 0.0556112 9.99034E-05 9.99034E-05
9.99122E-05 9.99122E-05 0.013509 9.99122E-05 0.0692368 0.0217232 9.99122E-05 9.99122E-05 9.99122E-05 9.99122E-05 0.718249 9.99122E-05 9.99122E-05 0.0970594 0.0792237 9.99122E-05
9.98948E-05 0.0178389 9.98948E-05 9.98948E-05 9.98948E-05 9.98948E-05 9.98948E-05 9.98948E-05 9.98948E-05 0.0600769 0.881119 9.98948E-05 9.98948E-05 0.0397661 9.98948E-05 9.98948E-05
9.99121E-05 0.0109245 9.99121E-05 9.99121E-05 0.0401258 0.0095046 9.99121E-05 9.99121E-05 9.99121E-05 9.99121E-05 0.63964 9.99121E-05 9.99121E-05 0.140979 9.99121E-05 0.157827
0.0606405 9.993E-05 0.0154005 9.993E-05 0.0178731 9.993E-05 0.0447992 9.993E-05 9.993E-05 0.078527 0.667887 9.993E-05 9.993E-05 9.993E-05 0.0464453 0.0676278
9.9921E-05 9.9921E-05 0.0214083 0.106839 0.12795 0.0417034 9.9921E-05 9.9921E-05 9.9921E-05 9.9921E-05 0.332393 9.9921E-05 9.9921E-05 0.244013 9.9921E-05 0.124794
9.99122E-05 9.99122E-05 9.99122E-05 9.99122E-05 9.99122E-05 0.0258863 0.0495851 0.0243751 9.99122E-05 9.99122E-05 0.538698 0.0778871 9.99122E-05 9.99122E-05 9.99122E-05 0.282569
0.0348679 9.99035E-05 9.99035E-05 0.0621738 9.99035E-05 9.99035E-05 9.99035E-05 9.99035E-05 9.99035E-05 9.99035E-05 0.742983 9.99035E-05 9.99035E-05 0.0550269 0.103849 9.99035E-05
9.99386E-05 0.0130028 0.00362633 9.99386E-05 0.0135916 9.99386E-05 0.0680087 0.0136095 9.99386E-05 0.182192 0.636922 9.99386E-05 9.99386E-05 0.0662663 0.00208091 9.99386E-05
9.99035E-05 9.99035E-05 9.99035E-05 9.99035E-05 9.99035E-05 0.0269945 9.99035E-05 9.99035E-05 9.99035E-05 0.002833 0.746834 0.0174338 9.99035E-05 0.204805 9.99035E-05 9.99035E-05
9.99035E-05 0.0401578 9.99035E-05 0.189618 9.99035E-05 9.99035E-05 0.0586149 0.0653718 9.99035E-05 9.99035E-05 0.645139 9.99035E-05 9.99035E-05 9.99035E-05 9.99035E-05 9.99035E-05
0.0601497 9.99034E-05 9.99034E-05 9.99034E-05 9.99034E-05 9.99034E-05 9.99034E-05 9.99034E-05 9.99034E-05 9.99034E-05 0.67635 9.99034E-05 9.99034E-05 0.00735523 0.167943 0.0871034
9.98948E-05 9.98948E-05 9.98948E-05 9.98948E-05 0.127097 0.136108 9.98948E-05 9.98948E-05 9.98948E-05 9.98948E-05 0.723696 9.98948E-05 9.98948E-05 0.0118998 9.98948E-05 9.98948E-05
9.98947E-05 9.98947E-05 9.98947E-05 9.98947E-05 0.0166617 9.98947E-05 0.137653 9.98947E-05 9.98947E-05 9.98947E-05 0.844198 9.98947E-05 9.98947E-05 0.000288822 9.98947E-05 9.98947E-05
9.99034E-05 0.688558 0.0483113 9.99034E-05 0.0551853 9.99034E-05 9.99034E-05 9.99034E-05 9.99034E-05 9.99034E-05 9.99034E-05 9.99034E-05 9.99034E-05 0.144273 0.0625731 9.99034E-05
9.9886E-05 0.925928 9.9886E-05 9.9886E-05 9.9886E-05 0.0461778 9.9886E-05 9.9886E-05 9.9886E-05 9.9886E-05 9.9886E-05 0.0265954 9.9886E-05 9.9886E-05 9.9886E-05 9.9886E-05
9.98859E-05 0.919759 9.98859E-05 9.98859E-05 0.0198697 9.98859E-05 9.98859E-05 9.98859E-05 9.98859E-05 9.98859E-05 9.98859E-05 9.98859E-05 9.98859E-05 9.98859E-05 0.0590725 9.98859E-05
0.273772 0.368188 0.109295 0.154075 9.99211E-05 9.99211E-05 9.99211E-05 9.99211E-05 9.99211E-05 0.0376892 9.99211E-05 9.99211E-05 9.99211E-05 0.0534615 0.00261972 9.99211E-05
9.99296E-05 0.63087 0.0253217 9.99296E-05 9.99296E-05 0.0260567 0.044399 0.0741336 9.99296E-05 9.99296E-05 9.99296E-05 9.99296E-05 9.99296E-05 0.06487 0.0491489 0.0844011
9.98944E-05 0.663847 0.0550914 9.98944E-05 9.98944E-05 9.98944E-05 9.98944E-05 9.98944E-05 9.98944E-05 9.98944E-05 9.98944E-05 9.98944E-05 9.98944E-05 0.174849 9.98944E-05 0.105014
0.346743 0.457591 0.0191267 9.99121E-05 0.0725832 0.0506665 9.99121E-05 9.99121E-05 9.99121E-05 9.99121E-05 9.99121E-05 9.99121E-05 9.99121E-05 0.0522906 9.99121E-05 9.99121E-05
0.0832324 0.490183 0.0829803 0.0617289 9.99121E-05 9.99121E-05 9.99121E-05 9.99121E-05 9.99121E-05 9.99121E-05 9.99121E-05 9.99121E-05 9.99121E-05 0.101357 0.179519 9.99121E-05
9.98859E-05 0.918598 0.0580558 9.98859E-05 9.98859E-05 9.98859E-05 9.98859E-05 9.98859E-05 9.98859E-05 9.98859E-05 9.98859E-05 0.0220476 9.98859E-05 9.98859E-05 9.98859E-05 9.98859E-05
9.9877E-05 0.947465 9.9877E-05 9.9877E-05 0.0511368 9.9877E-05 9.9877E-05 9.9877E-05 9.9877E-05 9.9877E-05 9.9877E-05 9.9877E-05 9.9877E-05 9.9877E-05 9.9877E-05 9.9877E-05
9.99033E-05 0.475996 0.105908 9.99033E-05 0.187083 9.99033E-05 9.99033E-05 0.0334031 9.99033E-05 9.99033E-05 9.99033E-05 9.99033E-05 9.99033E-05 0.19651 9.99033E-05 9.99033E-05
0.0701259 0.460717 9.99297E-05 9.99297E-05 0.0343569 0.0546316 9.99297E-05 9.99297E-05 0.0887532 0.0783262 9.99297E-05 9.99297E-05 9.99297E-05 0.0597148 9.99297E-05 0.152574
9.99209E-05 0.521238 0.146427 0.0726101 0.0374982 9.99209E-05 0.0235789 9.99209E-05 0.0945259 0.103223 9.99209E-05 9.99209E-05 9.99209E-05 9.99209E-05 9.99209E-05 9.99209E-05
0.0897498 0.483045 0.0489066 9.99121E-05 9.99121E-05 9.99121E-05 0.0582887 9.99121E-05 9.99121E-05 9.99121E-05 9.99121E-05 9.99121E-05 9.99121E-05 0.129436 9.99121E-05 0.189575
9.98949E-05 0.937594 9.98949E-05 0.0272627 0.000349673 9.98949E-05 9.98949E-05 9.98949E-05 9.98949E-05 0.0335945 9.98949E-05 9.98949E-05 9.98949E-05 9.98949E-05 9.98949E-05 9.98949E-05
9.98946E-05 0.844184 0.0558931 9.98946E-05 9.98946E-05 9.98946E-05 9.98946E-05 9.98946E-05 9.98946E-05 9.98946E-05 9.98946E-05 9.98946E-05 9.98946E-05 0.0630706 0.0356534 9.98946E-05
0.0634566 0.611537 9.98945E-05 9.98945E-05 9.98945E-05 0.194529 9.98945E-05 9.98945E-05 9.98945E-05 9.98945E-05 9.98945E-05 9.98945E-05 9.98945E-05 9.98945E-05 0.129278 9.98945E-05
9.99209E-05 0.598998 0.0387777 9.99209E-05 0.090149 0.0887727 9.99209E-05 9.99209E-05 0.0672402 9.99209E-05 9.99209E-05 9.99209E-05 9.99209E-05 9.99209E-05 0.00351839 0.111645
9.99122E-05 0.740723 0.0014884 9.99122E-05 0.0436331 0.0212856 9.99122E-05 9.99122E-05 9.99122E-05 9.99122E-05 9.99122E-05 9.99122E-05 9.99122E-05 0.0666616 0.125209 9.99122E-05
9.99208E-05 0.58409 0.0247175 9.99208E-05 0.0445762 9.99208E-05 9.99208E-05 9.99208E-05 0.0538916 0.0366257 9.99208E-05 9.99208E-05 9.99208E-05 0.241551 0.0136483 9.99208E-05
9.98774E-05 0.992863 9.98774E-05 9.98774E-05 9.98774E-05 9.98774E-05 9.98774E-05 9.98774E-05 9.98774E-05 9.98774E-05 9.98774E-05 9.98774E-05 0.00573892 9.98774E-05 9.98774E-05 9.98774E-05
0.102254 0.611593 9.98945E-05 9.98945E-05 9.98945E-05 9.98945E-05 9.98945E-05 9.98945E-05 9.98945E-05 9.98945E-05 9.98945E-05 9.98945E-05 9.98945E-05 0.029609 9.98945E-05 0.255345
0.0774791 0.773003 9.99035E-05 0.126998 9.99035E-05 9.99035E-05 9.99035E-05 9.99035E-05 9.99035E-05 9.99035E-05 9.99035E-05 9.99035E-05 9.99035E-05 0.00946342 0.0119571 9.99035E-05
9.99297E-05 0.639054 9.99297E-05 0.0214969 0.0491566 0.0166999 0.0697457 9.99297E-05 9.99297E-05 9.99297E-05 9.99297E-05 0.0774111 9.99297E-05 0.026484 0.0991528 9.99297E-05
9.98857E-05 0.807447 9.98857E-05 9.98857E-05 0.0582942 9.98857E-05 9.98857E-05 9.98857E-05 0.132961 9.98857E-05 9.98857E-05 9.98857E-05 9.98857E-05 9.98857E-05 9.98857E-05 9.98857E-05
0.00193224 0.973438 0.0232521 9.98948E-05 9.98948E-05 9.98948E-05 9.98948E-05 9.98948E-05 9.98948E-05 9.98948E-05 9.98948E-05 9.98948E-05 9.98948E-05 0.000179149 9.98948E-05 9.98948E-05
9.98684E-05 0.998502 9.98684E-05 9.98684E-05 9.98684E-05 9.98684E-05 9.98684E-05 9.98684E-05 9.98684E-05 9.98684E-05 9.98684E-05 9.98684E-05 9.98684E-05 9.98684E-05 9.98684E-05 9.98684E-05
9.98684E-05 0.998502 9.98684E-05 9.98684E-05 9.98684E-05 9.98684E-05 9.98684E-05 9.98684E-05 9.98684E-05 9.98684E-05 9.98684E-05 9.98684E-05 9.98684E-05 9.98684E-05 9.98684E-05 9.98684E-05
9.9886E-05 0.907282 9.9886E-05 9.9886E-05 9.9886E-05 9.9886E-05 9.9886E-05 9.9886E-05 0.000915487 9.9886E-05 9.9886E-05 9.9886E-05 9.9886E-05 9.9886E-05 0.0905037 9.9886E-05
9.98948E-05 0.718739 0.109653 9.98948E-05 9.98948E-05 9.98948E-05 9.98948E-05 9.98948E-05 9.98948E-05 9.98948E-05 9.98948E-05 9.98948E-05 0.0774981 0.0929107 9.98948E-05 9.98948E-05
9.98859E-05 9.98859E-05 0.0718951 0.855383 9.98859E-05 9.98859E-05 9.98859E-05 9.98859E-05 9.98859E-05 9.98859E-05 9.98859E-05 9.98859E-05 9.98859E-05 0.0714236 9.98859E-05 9.98859E-05
9.98947E-05 9.98947E-05 0.0346137 0.52362 9.98947E-05 9.98947E-05 9.98947E-05 9.98947E-05 9.98947E-05 9.98947E-05 9.98947E-05 9.98947E-05 0.419471 0.0210969 9.98947E-05 9.98947E-05
9.98858E-05 9.98858E-05 9.98858E-05 0.899079 0.00897794 9.98858E-05 9.98858E-05 9.98858E-05 9.98858E-05 9.98858E-05 9.98858E-05 9.98858E-05 9.98858E-05 0.0906443 9.98858E-05 9.98858E-05
9.98945E-05 9.98945E-05 9.98945E-05 0.811104 0.000269684 9.98945E-05 9.98945E-05 9.98945E-05 9.98945E-05 9.98945E-05 9.98945E-05 9.98945E-05 9.98945E-05 0.163632 0.0237953 9.98945E-05
9.98858E-05 9.98858E-05 0.0549073 0.940614 9.98858E-05 9.98858E-05 9.98858E-05 9.98858E-05 0.00317992 9.98858E-05 9.98858E-05 9.98858E-05 9.98858E-05 9.98858E-05 9.98858E-05 9.98858E-05
0.0686932 9.99123E-05 0.17977 0.556772 9.99123E-05 0.00788918 9.99123E-05 0.00139773 9.99123E-05 9.99123E-05 9.99123E-05 9.99123E-05 9.99123E-05 0.184479 9.99123E-05 9.99123E-05
9.9921E-05 9.9921E-05 0.0615821 0.809401 0.00223002 9.9921E-05 9.9921E-05 9.9921E-05 0.0369569 9.9921E-05 9.9921E-05 9.9921E-05 9.9921E-05 0.0332632 0.00277827 0.0528895
9.98771E-05 9.98771E-05 0.195948 0.802654 9.98771E-05 9.98771E-05 9.98771E-05 9.98771E-05 9.98771E-05 9.98771E-05 9.98771E-05 9.98771E-05 9.98771E-05 9.98771E-05 9.98771E-05 9.98771E-05
0.217409 9.98945E-05 0.341879 0.42092 9.98945E-05 9.98945E-05 9.98945E-05 9.98945E-05 9.98945E-05 9.98945E-05 9.98945E-05 9.98945E-05 9.98945E-05 0.0185929 9.98945E-05 9.98945E-05
9.98946E-05 9.98946E-05 0.162432 0.489744 9.98946E-05 9.98946E-05 9.98946E-05 9.98946E-05 9.98946E-05 9.98946E-05 9.98946E-05 9.98946E-05 9.98946E-05 0.337594 0.00903081 9.98946E-05
0.236859 9.99035E-05 0.0238965 0.51856 9.99035E-05 9.99035E-05 9.99035E-05 9.99035E-05 9.99035E-05 9.99035E-05 9.99035E-05 9.99035E-05 0.213887 0.00569975 9.99035E-05 9.99035E-05
0.175348 9.98948E-05 9.98948E-05 0.72024 9.98948E-05 9.98948E-05 9.98948E-05 9.98948E-05 9.98948E-05 9.98948E-05 9.98948E-05 9.98948E-05 0.0431029 0.0601109 9.98948E-05 9.98948E-05
9.98861E-05 9.98861E-05 0.0886124 0.90398 9.98861E-05 9.98861E-05 9.98861E-05 9.98861E-05 9.98861E-05 9.98861E-05 9.98861E-05 9.98861E-05 0.00610915 9.98861E-05 9.98861E-05 9.98861E-05
9.98948E-05 9.98948E-05 0.132325 0.62965 9.98948E-05 9.98948E-05 9.98948E-05 9.98948E-05 9.98948E-05 9.98948E-05 9.98948E-05 9.98948E-05 0.0279042 0.208922 9.98948E-05 9.98948E-05
9.99036E-05 9.99036E-05 0.0813417 0.742284 0.0419851 9.99036E-05 9.99036E-05 0.0304422 9.99036E-05 9.99036E-05 9.99036E-05 9.99036E-05 9.99036E-05 9.99036E-05 0.102848 9.99036E-05
0.162511 9.98948E-05 9.98948E-05 0.680073 0.0197818 9.98948E-05 9.98948E-05 9.98948E-05 9.98948E-05 9.98948E-05 9.98948E-05 9.98948E-05 9.98948E-05 0.136436 9.98948E-05 9.98948E-05
0.276602 9.98946E-05 9.98946E-05 0.560677 9.98946E-05 9.98946E-05 9.98946E-05 0.0420634 9.98946E-05 9.98946E-05 9.98946E-05 9.98946E-05 9.98946E-05 0.119459 9.98946E-05 9.98946E-05
9.98861E-05 9.98861E-05 0.0783725 0.852676 9.98861E-05 9.98861E-05 9.98861E-05 9.98861E-05 9.98861E-05 9.98861E-05 9.98861E-05 9.98861E-05 9.98861E-05 9.98861E-05 9.98861E-05 0.0676529
0.0262079 9.9886E-05 9.9886E-05 0.940792 9.9886E-05 9.9886E-05 9.9886E-05 0.0317012 9.9886E-05 9.9886E-05 9.9886E-05 9.9886E-05 9.9886E-05 9.9886E-05 9.9886E-05 9.9886E-05
9.9921E-05 0.00182773 0.0953275 0.482813 0.00988071 9.9921E-05 9.9921E-05 0.0927274 9.9921E-05 9.9921E-05 9.9921E-05 9.9921E-05 0.206619 0.109905 9.9921E-05 9.9921E-05
0.0941779 9.99123E-05 0.00690744 0.729408 9.99123E-05 0.0658758 9.99123E-05 9.99123E-05 9.99123E-05 9.99123E-05 9.99123E-05 9.99123E-05 9.99123E-05 0.0552993 0.0473323 9.99123E-05
9.98858E-05 9.98858E-05 0.154349 0.818524 9.98858E-05 9.98858E-05 9.98858E-05 9.98858E-05 9.98858E-05 9.98858E-05 9.98858E-05 9.98858E-05 9.98858E-05 0.025829 9.98858E-05 9.98858E-05
9.99034E-05 9.99034E-05 0.233773 0.474135 9.99034E-05 9.99034E-05 0.0446756 0.0263879 9.99034E-05 9.99034E-05 9.99034E-05 9.99034E-05 9.99034E-05 0.21993 9.99034E-05 9.99034E-05
9.98947E-05 9.98947E-05 0.13743 0.769284 9.98947E-05 9.98947E-05 9.98947E-05 9.98947E-05 9.98947E-05 9.98947E-05 9.98947E-05 9.98947E-05 0.0810987 0.0109882 9.98947E-05 9.98947E-05
0.0871533 9.99209E-05 0.191556 0.38665 9.99209E-05 0.0368241 0.0777822 0.0243649 9.99209E-05 9.99209E-05 9.99209E-05 9.99209E-05 9.99209E-05 0.19477 9.99209E-05 9.99209E-05
0.0412773 0.123318 0.135038 0.337555 9.99122E-05 9.99122E-05 9.99122E-05 9.99122E-05 9.99122E-05 9.99122E-05 9.99122E-05 9.99122E-05 0.199622 0.162192 9.99122E-05 9.99122E-05
9.99123E-05 9.99123E-05 9.99123E-05 0.241541 9.99123E-05 9.99123E-05 0.0101426 0.0378045 9.99123E-05 9.99123E-05 9.99123E-05 0.0795583 0.536901 0.0930533 9.99123E-05 9.99123E-05
9.98857E-05 9.98857E-05 0.061153 0.810638 9.98857E-05 9.98857E-05 9.98857E-05 9.98857E-05 9.98857E-05 9.98857E-05 9.98857E-05 9.98857E-05 9.98857E-05 0.12691 9.98857E-05 9.98857E-05
0.00675677 9.98948E-05 0.256231 0.570334 9.98948E-05 9.98948E-05 9.98948E-05 9.98948E-05 9.98948E-05 9.98948E-05 9.98948E-05 9.98948E-05 9.98948E-05 0.16548 9.98948E-05 9.98948E-05
9.98948E-05 9.98948E-05 9.98948E-05 0.862267 0.036282 9.98948E-05 9.98948E-05 0.00840995 9.98948E-05 9.98948E-05 9.98948E-05 9.98948E-05 9.98948E-05 0.0918419 9.98948E-05 9.98948E-05
9.99123E-05 9.99123E-05 0.0948032 0.657318 0.0989718 9.99123E-05 9.99123E-05 9.99123E-05 9.99123E-05 0.0410844 9.99123E-05 9.99123E-05 9.99123E-05 0.104828 9.99123E-05 0.00199536
9.98947E-05 9.98947E-05 9.98947E-05 0.893875 0.0179136 9.98947E-05 9.98947E-05 0.0557406 9.98947E-05 0.0312715 9.98947E-05 9.98947E-05 9.98947E-05 9.98947E-05 9.98947E-05 9.98947E-05
9.99033E-05 9.99033E-05 0.236561 0.405477 0.0211295 9.99033E-05 9.99033E-05 0.208093 9.99033E-05 9.99033E-05 9.99033E-05 9.99033E-05 9.99033E-05 0.127641 9.99033E-05 9.99033E-05
9.98858E-05 9.98858E-05 9.98858E-05 0.843178 9.98858E-05 9.98858E-05 9.98858E-05 9.98858E-05 9.98858E-05 9.98858E-05 9.98858E-05 9.98858E-05 9.98858E-05 0.0193202 9.98858E-05 0.136203
9.9886E-05 9.9886E-05 0.0268424 0.969204 9.9886E-05 9.9886E-05 9.9886E-05 9.9886E-05 9.9886E-05 9.9886E-05 9.9886E-05 9.9886E-05 9.9886E-05 0.00265548 9.9886E-05 9.9886E-05
9.9921E-05 9.9921E-05 0.0550084 0.763544 0.00791783 0.0463858 9.9921E-05 9.9921E-05 0.000419978 9.9921E-05 9.9921E-05 9.9921E-05 0.121091 9.9921E-05 9.9921E-05 0.00473345
9.99033E-05 9.99033E-05 0.100652 0.652194 9.99033E-05 9.99033E-05 9.99033E-05 9.99033E-05 0.0380821 9.99033E-05 9.99033E-05 9.99033E-05 9.99033E-05 0.195568 0.0124055 9.99033E-05
9.98858E-05 9.98858E-05 0.0787428 0.405105 9.98858E-05 9.98858E-05 9.98858E-05 9.98858E-05 9.98858E-05 9.98858E-05 9.98858E-05 9.98858E-05 0.514854 9.98858E-05 9.98858E-05 9.98858E-05
9.99123E-05 9.99123E-05 9.99123E-05 0.747261 9.99123E-05 9.99123E-05 9.99123E-05 0.0297725 0.00795755 9.99123E-05 9.99123E-05 9.99123E-05 0.149752 0.0544829 0.00977492 9.99123E-05
9.98861E-05 9.98861E-05 0.0049814 0.774986 9.98861E-05 9.98861E-05 9.98861E-05 9.98861E-05 9.98861E-05 9.98861E-05 9.98861E-05 9.98861E-05 0.218734 9.98861E-05 9.98861E-05 9.98861E-05
9.9886E-05 9.9886E-05 0.00172104 0.605095 9.9886E-05 9.9886E-05 9.9886E-05 9.9886E-05 9.9886E-05 9.9886E-05 9.9886E-05 9.9886E-05 0.391886 9.9886E-05 9.9886E-05 9.9886E-05
0.0926074 9.99034E-05 0.0317852 0.582667 0.0253161 9.99034E-05 9.99034E-05 9.99034E-05 9.99034E-05 9.99034E-05 9.99034E-05 9.99034E-05 9.99034E-05 0.266526 9.99034E-05 9.99034E-05
0.00223514 9.98947E-05 0.110273 0.876008 9.98947E-05 9.98947E-05 9.98947E-05 9.98947E-05 9.98947E-05 9.98947E-05 9.98947E-05 9.98947E-05 9.98947E-05 9.98947E-05 0.0102851 9.98947E-05
9.99034E-05 9.99034E-05 0.0985128 0.115866 9.99034E-05 9.99034E-05 9.99034E-05 0.120888 9.99034E-05 9.99034E-05 9.99034E-05 9.99034E-05 0.565655 0.0979792 9.99034E-05 9.99034E-05
9.9886E-05 9.9886E-05 9.9886E-05 0.512196 9.9886E-05 9.9886E-05 9.9886E-05 9.9886E-05 9.9886E-05 9.9886E-05 9.9886E-05 9.9886E-05 0.455147 0.0313589 9.9886E-05 9.9886E-05
0.178652 9.99122E-05 0.134339 0.540313 9.99122E-05 9.99122E-05 9.99122E-05 0.110764 9.99122E-05 9.99122E-05 9.99122E-05 9.99122E-05 9.99122E-05 9.99122E-05 0.0141461 0.020787
9.99035E-05 0.213062 0.0926682 0.597692 9.99035E-05 9.99035E-05 9.99035E-05 9.99035E-05 9.99035E-05 9.99035E-05 9.99035E-05 9.99035E-05 0.020952 0.0745278 9.99035E-05 9.99035E-05
0.0873566 9.99299E-05 0.130265 0.541075 9.99299E-05 9.99299E-05 9.99299E-05 9.99299E-05 0.0683475 9.99299E-05 9.99299E-05 0.119904 0.0269937 0.0240075 9.99299E-05 0.00125143
9.98947E-05 9.98947E-05 0.253396 0.470444 9.98947E-05 9.98947E-05 9.98947E-05 9.98947E-05 9.98947E-05 9.98947E-05 9.98947E-05 9.98947E-05 9.98947E-05 0.209837 9.98947E-05 0.065125
9.98947E-05 9.98947E-05 9.98947E-05 0.54775 9.98947E-05 9.98947E-05 9.98947E-05 9.98947E-05 9.98947E-05 9.98947E-05 9.98947E-05 0.0012272 0.419826 0.0299974 9.98947E-05 9.98947E-05
9.98858E-05 9.98858E-05 9.98858E-05 0.754019 9.98858E-05 0.103617 9.98858E-05 9.98858E-05 9.98858E-05 9.98858E-05 9.98858E-05 9.98858E-05 9.98858E-05 0.141066 9.98858E-05 9.98858E-05
0.0393837 0.0198528 0.128842 0.281013 0.0152475 9.99298E-05 0.0112294 9.99298E-05 9.99298E-05 9.99298E-05 9.99298E-05 9.99298E-05 0.487637 0.0159944 9.99298E-05 9.99298E-05
9.99036E-05 9.99036E-05 0.0873856 0.659676 9.99036E-05 9.99036E-05 9.99036E-05 9.99036E-05 9.99036E-05 9.99036E-05 9.99036E-05 9.99036E-05 0.101363 0.110687 0.0397888 9.99036E-05
9.98947E-05 9.98947E-05 0.0548469 0.856073 9.98947E-05 9.98947E-05 9.98947E-05 9.98947E-05 9.98947E-05 0.0479702 9.98947E-05 9.98947E-05 9.98947E-05 9.98947E-05 0.0399116 9.98947E-05
9.99034E-05 9.99034E-05 9.99034E-05 0.924954 0.000192899 0.0686982 9.99034E-05 0.00414801 0.000908142 9.99034E-05 9.99034E-05 9.99034E-05 9.99034E-05 9.99034E-05 9.99034E-05 9.99034E-05
0.12678 9.98946E-05 0.23593 0.532941 9.98946E-05 9.98946E-05 9.98946E-05 9.98946E-05 9.98946E-05 9.98946E-05 9.98946E-05 9.98946E-05 9.98946E-05 0.10315 9.98946E-05 9.98946E-05
9.98858E-05 9.98858E-05 0.138801 0.726726 9.98858E-05 9.98858E-05 9.98858E-05 9.98858E-05 9.98858E-05 9.98858E-05 9.98858E-05 9.98858E-05 9.98858E-05 0.133174 9.98858E-05 9.98858E-05
9.98859E-05 9.98859E-05 0.073111 0.861275 0.064316 9.98859E-05 9.98859E-05 9.98859E-05 9.98859E-05 9.98859E-05 9.98859E-05 9.98859E-05 9.98859E-05 9.98859E-05 9.98859E-05 9.98859E-05
9.98947E-05 9.98947E-05 9.98947E-05 0.84012 9.98947E-05 9.98947E-05 9.98947E-05 0.0874454 9.98947E-05 9.98947E-05 9.98947E-05 9.98947E-05 0.0208242 0.0504114 9.98947E-05 9.98947E-05
9.9886E-05 9.9886E-05 0.186536 0.736655 9.9886E-05 9.9886E-05 9.9886E-05 9.9886E-05 9.9886E-05 9.9886E-05 9.9886E-05 9.9886E-05 0.0755108 9.9886E-05 9.9886E-05 9.9886E-05
9.98681E-05 9.98681E-05 9.98681E-05 9.98681E-05 9.98681E-05 9.98681E-05 9.98681E-05 9.98681E-05 9.98681E-05 9.98681E-05 9.98681E-05 9.98681E-05 9.98681E-05 0.998502 9.98681E-05 9.98681E-05
9.98681E-05 9.98681E-05 0.998502 9.98681E-05 9.98681E-05 9.98681E-05 9.98681E-05 9.98681E-05 9.98681E-05 9.98681E-05 9.98681E-05 9.98681E-05 9.98681E-05 9.98681E-05 9.98681E-05 9.98681E-05
9.98681E-05 9.98681E-05 9.98681E-05 9.98681E-05 9.98681E-05 9.98681E-05 9.98681E-05 9.98681E-05 9.98681E-05 9.98681E-05 9.98681E-05 9.98681E-05 9.98681E-05 0.998502 9.98681E-05 9.98681E-05
9.98681E-05 9.98681E-05 0.998502 9.98681E-05 9.98681E-05 9.98681E-05 9.98681E-05 9.98681E-05 9.98681E-05 9.98681E-05 9.98681E-05 9.98681E-05 9.98681E-05 9.98681E-05 9.98681E-05 9.98681E-05
9.98681E-05 9.98681E-05 0.998502 9.98681E-05 9.98681E-05 9.98681E-05 9.98681E-05 9.98681E-05 9.98681E-05 9.98681E-05 9.98681E-05 9.98681E-05 9.98681E-05 9.98681E-05 9.98681E-05 9.98681E-05
9.98681E-05 9.98681E-05 0.998502 9.98681E-05 9.98681E-05 9.98681E-05 9.98681E-05 9.98681E-05 9.98681E-05 9.98681E-05 9.98681E-05 9.98681E-05 9.98681E-05 9.98681E-05 9.98681E-05 9.98681E-05
9.98681E-05 9.98681E-05 9.98681E-05 9.98681E-05 9.98681E-05 9.98681E-05 9.98681E-05 9.98681E-05 9.98681E-05 9.98681E-05 9.98681E-05 9.98681E-05 9.98681E-05 0.998502 9.98681E-05 9.98681E-05
9.9868E-05 9.9868E-05 0.998502 9.9868E-05 9.9868E-05 9.9868E-05 9.9868E-05 9.9868E-05 9.9868E-05 9.9868E-05 9.9868E-05 9.9868E-05 9.9868E-05 9.9868E-05 9.9868E-05 9.9868E-05
9.98681E-05 9.98681E-05 0.998502 9.98681E-05 9.98681E-05 9.98681E-05 9.98681E-05 9.98681E-05 9.98681E-05 9.98681E-05 9.98681E-05 9.98681E-05 9.98681E-05 9.98681E-05 9.98681E-05 9.98681E-05
9.98681E-05 9.98681E-05 9.98681E-05 9.98681E-05 9.98681E-05 9.98681E-05 9.98681E-05 9.98681E-05 9.98681E-05 9.98681E-05 9.98681E-05 9.98681E-05 9.98681E-05 0.998502 9.98681E-05 9.98681E-05
9.98681E-05 9.98681E-05 9.98681E-05 9.98681E-05 9.98681E-05 9.98681E-05 9.98681E-05 9.98681E-05 9.98681E-05 9.98681E-05 9.98681E-05 9.98681E-05 9.98681E-05 0.998502 9.98681E-05 9.98681E-05
9.98681E-05 9.98681E-05 9.98681E-05 9.98681E-05 9.98681E-05 9.98681E-05 9.98681E-05 9.98681E-05 9.98681E-05 9.98681E-05 9.98681E-05 9.98681E-05 9.98681E-05 0.998502 9.98681E-05 9.98681E-05
9.98681E-05 9.98681E-05 0.998502 9.98681E-05 9.98681E-05 9.98681E-05 9.98681E-05 9.98681E-05 9.98681E-05 9.98681E-05 9.98681E-05 9.98681E-05 9.98681E-05 9.98681E-05 9.98681E-05 9.98681E-05
9.98681E-05 9.98681E-05 0.998502 9.98681E-05 9.98681E-05 9.98681E-05 9.98681E-05 9.98681E-05 9.98681E-05 9.98681E-05 9.98681E-05 9.98681E-05 9.98681E-05 9.98681E-05 9.98681E-05 9.98681E-05
9.98681E-05 9.98681E-05 9.98681E-05 9.98681E-05 9.98681E-05 9.98681E-05 9.98681E-05 9.98681E-05 9.98681E-05 9.98681E-05 9.98681E-05 9.98681E-05 9.98681E-05 0.998502 9.98681E-05 9.98681E-05
9.98681E-05 9.98681E-05 9.98681E-05 9.98681E-05 9.98681E-05 9.98681E-05 9.98681E-05 9.98681E-05 9.98681E-05 9.98681E-05 9.98681E-05 9.98681E-05 9.98681E-05 0.998502 9.98681E-05 9.98681E-05
0.0317511 9.99209E-05 0.0808654 0.53479 9.99209E-05 0.229939 9.99209E-05 0.0339262 9.99209E-05 0.0168028 9.99209E-05 9.99209E-05 9.99209E-05 0.0710261 9.99209E-05 9.99209E-05
9.98681E-05 9.98681E-05 9.98681E-05 9.98681E-05 9.98681E-05 9.98681E-05 9.98681E-05 9.98681E-05 9.98681E-05 9.98681E-05 9.98681E-05 9.98681E-05 9.98681E-05 0.998502 9.98681E-05 9.98681E-05
9.98681E-05 9.98681E-05 0.998502 9.98681E-05 9.98681E-05 9.98681E-05 9.98681E-05 9.98681E-05 9.98681E-05 9.98681E-05 9.98681E-05 9.98681E-05 9.98681E-05 9.98681E-05 9.98681E-05 9.98681E-05
9.9868E-05 9.9868E-05 9.9868E-05 9.9868E-05 9.9868E-05 9.9868E-05 9.9868E-05 9.9868E-05 9.9868E-05 9.9868E-05 9.9868E-05 9.9868E-05 9.9868E-05 0.998502 9.9868E-05 9.9868E-05
9.98682E-05 9.98682E-05 9.98682E-05 9.98682E-05 9.98682E-05 9.98682E-05 9.98682E-05 9.98682E-05 9.98682E-05 9.98682E-05 9.98682E-05 9.98682E-05 9.98682E-05 0.998502 9.98682E-05 9.98682E-05
9.9868E-05 9.9868E-05 9.9868E-05 9.9868E-05 9.9868E-05 9.9868E-05 9.9868E-05 9.9868E-05 9.9868E-05 9.9868E-05 9.9868E-05 9.9868E-05 9.9868E-05 0.998502 9.9868E-05 9.9868E-05
9.9868E-05 9.9868E-05 0.998502 9.9868E-05 9.9868E-05 9.9868E-05 9.9868E-05 9.9868E-05 9.9868E-05 9.9868E-05 9.9868E-05 9.9868E-05 9.9868E-05 9.9868E-05 9.9868E-05 9.9868E-05
9.98681E-05 9.98681E-05 9.98681E-05 9.98681E-05 9.98681E-05 9.98681E-05 9.98681E-05 9.98681E-05 9.98681E-05 9.98681E-05 9.98681E-05 9.98681E-05 9.98681E-05 0.998502 9.98681E-05 9.98681E-05
9.98681E-05 9.98681E-05 0.998502 9.98681E-05 9.98681E-05 9.98681E-05 9.98681E-05 9.98681E-05 9.98681E-05 9.98681E-05 9.98681E-05 9.98681E-05 9.98681E-05 9.98681E-05 9.98681E-05 9.98681E-05
9.98681E-05 9.98681E-05 9.98681E-05 9.98681E-05 9.98681E-05 9.98681E-05 9.98681E-05 9.98681E-05 9.98681E-05 9.98681E-05 9.98681E-05 9.98681E-05 9.98681E-05 0.998502 9.98681E-05 9.98681E-05
9.98681E-05 9.98681E-05 9.98681E-05 9.98681E-05 9.98681E-05 9.98681E-05 9.98681E-05 9.98681E-05 9.98681E-05 9.98681E-05 9.98681E-05 9.98681E-05 9.98681E-05 0.998502 9.98681E-05 9.98681E-05
9.98681E-05 9.98681E-05 0.998502 9.98681E-05 9.98681E-05 9.98681E-05 9.98681E-05 9.98681E-05 9.98681E-05 9.98681E-05 9.98681E-05 9.98681E-05 9.98681E-05 9.98681E-05 9.98681E-05 9.98681E-05
9.98681E-05 9.98681E-05 0.998502 9.98681E-05 9.98681E-05 9.98681E-05 9.98681E-05 9.98681E-05 9.98681E-05 9.98681E-05 9.98681E-05 9.98681E-05 9.98681E-05 9.98681E-05 9.98681E-05 9.98681E-05
9.98681E-05 9.98681E-05 0.998502 9.98681E-05 9.98681E-05 9.98681E-05 9.98681E-05 9.98681E-05 9.98681E-05 9.98681E-05 9.98681E-05 9.98681E-05 9.98681E-05 9.98681E-05 9.98681E-05 9.98681E-05
9.98681E-05 9.98681E-05 9.98681E-05 9.98681E-05 9.98681E-05 9.98681E-05 9.98681E-05 9.98681E-05 9.98681E-05 9.98681E-05 9.98681E-05 9.98681E-05 9.98681E-05 0.998502 9.98681E-05 9.98681E-05
9.98683E-05 9.98683E-05 9.98683E-05 9.98683E-05 9.98683E-05 9.98683E-05 9.98683E-05 9.98683E-05 9.98683E-05 9.98683E-05 9.98683E-05 9.98683E-05 9.98683E-05 0.998502 9.98683E-05 9.98683E-05
9.9868E-05 9.9868E-05 9.9868E-05 9.9868E-05 9.9868E-05 9.9868E-05 9.9868E-05 9.9868E-05 9.9868E-05 9.9868E-05 9.9868E-05 9.9868E-05 9.9868E-05 0.998502 9.9868E-05 9.9868E-05
9.98681E-05 9.98681E-05 9.98681E-05 9.98681E-05 9.98681E-05 9.98681E-05 9.98681E-05 9.98681E-05 9.98681E-05 9.98681E-05 9.98681E-05 9.98681E-05 9.98681E-05 0.998502 9.98681E-05 9.98681E-05
9.98681E-05 9.98681E-05 9.98681E-05 9.98681E-05 9.98681E-05 9.98681E-05 9.98681E-05 9.98681E-05 9.98681E-05 9.98681E-05 9.98681E-05 9.98681E-05 9.98681E-05 0.998502 9.98681E-05 9.98681E-05
9.98681E-05 9.98681E-05 0.998502 9.98681E-05 9.98681E-05 9.98681E-05 9.98681E-05 9.98681E-05 9.98681E-05 9.98681E-05 9.98681E-05 9.98681E-05 9.98681E-05 9.98681E-05 9.98681E-05 9.98681E-05
9.98681E-05 9.98681E-05 0.998502 9.98681E-05 9.98681E-05 9.98681E-05 9.98681E-05 9.98681E-05 9.98681E-05 9.98681E-05 9.98681E-05 9.98681E-05 9.98681E-05 9.98681E-05 9.98681E-05 9.98681E-05
9.98681E-05 9.98681E-05 0.998502 9.98681E-05 9.98681E-05 9.98681E-05 9.98681E-05 9.98681E-05 9.98681E-05 9.98681E-05 9.98681E-05 9.98681E-05 9.98681E-05 9.98681E-05 9.98681E-05 9.98681E-05
9.9868E-05 9.9868E-05 9.9868E-05 9.9868E-05 9.9868E-05 9.9868E-05 9.9868E-05 9.9868E-05 9.9868E-05 9.9868E-05 9.9868E-05 9.9868E-05 9.9868E-05 0.998502 9.9868E-05 9.9868E-05
9.98681E-05 9.98681E-05 0.998502 9.98681E-05 9.98681E-05 9.98681E-05 9.98681E-05 9.98681E-05 9.98681E-05 9.98681E-05 9.98681E-05 9.98681E-05 9.98681E-05 9.98681E-05 9.98681E-05 9.98681E-05
9.98681E-05 9.98681E-05 0.998502 9.98681E-05 9.98681E-05 9.98681E-05 9.98681E-05 9.98681E-05 9.98681E-05 9.98681E-05 9.98681E-05 9.98681E-05 9.98681E-05 9.98681E-05 9.98681E-05 9.98681E-05
9.9868E-05 9.9868E-05 0.998502 9.9868E-05 9.9868E-05 9.9868E-05 9.9868E-05 9.9868E-05 9.9868E-05 9.9868E-05 9.9868E-05 9.9868E-05 9.9868E-05 9.9868E-05 9.9868E-05 9.9868E-05
9.98681E-05 9.98681E-05 0.998502 9.98681E-05 9.98681E-05 9.98681E-05 9.98681E-05 9.98681E-05 9.98681E-05 9.98681E-05 9.98681E-05 9.98681E-05 9.98681E-05 9.98681E-05 9.98681E-05 9.98681E-05
9.9868E-05 9.9868E-05 9.9868E-05 9.9868E-05 9.9868E-05 9.9868E-05 9.9868E-05 9.9868E-05 9.9868E-05 9.9868E-05 9.9868E-05 9.9868E-05 9.9868E-05 0.998502 9.9868E-05 9.9868E-05
9.98683E-05 9.98683E-05 0.998502 9.98683E-05 9.98683E-05 9.98683E-05 9.98683E-05 9.98683E-05 9.98683E-05 9.98683E-05 9.98683E-05 9.98683E-05 9.98683E-05 9.98683E-05 9.98683E-05 9.98683E-05
9.98682E-05 9.98682E-05 0.998502 9.98682E-05 9.98682E-05 9.98682E-05 9.98682E-05 9.98682E-05 9.98682E-05 9.98682E-05 9.98682E-05 9.98682E-05 9.98682E-05 9.98682E-05 9.98682E-05 9.98682E-05
9.99121E-05 9.99121E-05 0.0734317 0.474903 9.99121E-05 0.12486 9.99121E-05 9.99121E-05 9.99121E-05 0.0967156 9.99121E-05 0.0505541 9.99121E-05 0.178536 9.99121E-05 9.99121E-05
9.98681E-05 9.98681E-05 9.98681E-05 9.98681E-05 9.98681E-05 9.98681E-05 9.98681E-05 9.98681E-05 9.98681E-05 9.98681E-05 9.98681E-05 9.98681E-05 9.98681E-05 0.998502 9.98681E-05 9.98681E-05
9.98682E-05 9.98682E-05 0.998502 9.98682E-05 9.98682E-05 9.98682E-05 9.98682E-05 9.98682E-05 9.98682E-05 9.98682E-05 9.98682E-05 9.98682E-05 9.98682E-05 9.98682E-05 9.98682E-05 9.98682E-05
9.9868E-05 9.9868E-05 0.998502 9.9868E-05 9.9868E-05 9.9868E-05 9.9868E-05 9.9868E-05 9.9868E-05 9.9868E-05 9.9868E-05 9.9868E-05 9.9868E-05 9.9868E-05 9.9868E-05 9.9868E-05
9.98681E-05 9.98681E-05 0.998502 9.98681E-05 9.98681E-05 9.98681E-05 9.98681E-05 9.98681E-05 9.98681E-05 9.98681E-05 9.98681E-05 9.98681E-05 9.98681E-05 9.98681E-05 9.98681E-05 9.98681E-05
9.98681E-05 9.98681E-05 0.998502 9.98681E-05 9.98681E-05 9.98681E-05 9.98681E-05 9.98681E-05 9.98681E-05 9.98681E-05 9.98681E-05 9.98681E-05 9.98681E-05 9.98681E-05 9.98681E-05 9.98681E-05
9.9868E-05 9.9868E-05 9.9868E-05 9.9868E-05 9.9868E-05 9.9868E-05 9.9868E-05 9.9868E-05 9.9868E-05 9.9868E-05 9.9868E-05 9.9868E-05 9.9868E-05 0.998502 9.9868E-05 9.9868E-05
9.98681E-05 9.98681E-05 0.998502 9.98681E-05 9.98681E-05 9.98681E-05 9.98681E-05 9.98681E-05 9.98681E-05 9.98681E-05 9.98681E-05 9.98681E-05 9.98681E-05 9.98681E-05 9.98681E-05 9.98681E-05
9.98681E-05 9.98681E-05 9.98681E-05 9.98681E-05 9.98681E-05 9.98681E-05 9.98681E-05 9.98681E-05 9.98681E-05 9.98681E-05 9.98681E-05 9.98681E-05 9.98681E-05 0.998502 9.98681E-05 9.98681E-05
9.9868E-05 9.9868E-05 0.998502 9.9868E-05 9.9868E-05 9.9868E-05 9.9868E-05 9.9868E-05 9.9868E-05 9.9868E-05 9.9868E-05 9.9868E-05 9.9868E-05 9.9868E-05 9.9868E-05 9.9868E-05
9.98681E-05 9.98681E-05 9.98681E-05 9.98681E-05 9.98681E-05 9.98681E-05 9.98681E-05 9.98681E-05 9.98681E-05 9.98681E-05 9.98681E-05 9.98681E-05 9.98681E-05 0.998502 9.98681E-05 9.98681E-05
9.9868E-05 9.9868E-05 0.998502 9.9868E-05 9.9868E-05 9.9868E-05 9.9868E-05 9.9868E-05 9.9868E-05 9.9868E-05 9.9868E-05 9.9868E-05 9.9868E-05 9.9868E-05 9.9868E-05 9.9868E-05
9.9868E-05 9.9868E-05 0.998502 9.9868E-05 9.9868E-05 9.9868E-05 9.9868E-05 9.9868E-05 9.9868E-05 9.9868E-05 9.9868E-05 9.9868E-05 9.9868E-05 9.9868E-05 9.9868E-05 9.9868E-05
9.9868E-05 9.9868E-05 0.998502 9.9868E-05 9.9868E-05 9.9868E-05 9.9868E-05 9.9868E-05 9.9868E-05 9.9868E-05 9.9868E-05 9.9868E-05 9.9868E-05 9.9868E-05 9.9868E-05 9.9868E-05
9.98681E-05 9.98681E-05 0.998502 9.98681E-05 9.98681E-05 9.98681E-05 9.98681E-05 9.98681E-05 9.98681E-05 9.98681E-05 9.98681E-05 9.98681E-05 9.98681E-05 9.98681E-05 9.98681E-05 9.98681E-05
9.98682E-05 9.98682E-05 0.998502 9.98682E-05 9.98682E-05 9.98682E-05 9.98682E-05 9.98682E-05 9.98682E-05 9.98682E-05 9.98682E-05 9.98682E-05 9.98682E-05 9.98682E-05 9.98682E-05 9.98682E-05
9.9868E-05 9.9868E-05 0.998502 9.9868E-05 9.9868E-05 9.9868E-05 9.9868E-05 9.9868E-05 9.9868E-05 9.9868E-05 9.9868E-05 9.9868E-05 9.9868E-05 9.9868E-05 9.9868E-05 9.9868E-05
9.98681E-05 9.98681E-05 9.98681E-05 9.98681E-05 9.98681E-05 9.98681E-05 9.98681E-05 9.98681E-05 9.98681E-05 9.98681E-05 9.98681E-05 9.98681E-05 9.98681E-05 0.998502 9.98681E-05 9.98681E-05
9.98681E-05 9.98681E-05 9.98681E-05 9.98681E-05 9.98681E-05 9.98681E-05 9.98681E-05 9.98681E-05 9.98681E-05 9.98681E-05 9.98681E-05 9.98681E-05 9.98681E-05 0.998502 9.98681E-05 9.98681E-05
9.98681E-05 9.98681E-05 9.98681E-05 9.98681E-05 9.98681E-05 9.98681E-05 9.98681E-05 9.98681E-05 9.98681E-05 9.98681E-05 9.98681E-05 9.98681E-05 9.98681E-05 0.998502 9.98681E-05 9.98681E-05
9.9868E-05 9.9868E-05 0.998502 9.9868E-05 9.9868E-05 9.9868E-05 9.9868E-05 9.9868E-05 9.9868E-05 9.9868E-05 9.9868E-05 9.9868E-05 9.9868E-05 9.9868E-05 9.9868E-05 9.9868E-05
9.98681E-05 9.98681E-05 9.98681E-05 9.98681E-05 9.98681E-05 9.98681E-05 9.98681E-05 9.98681E-05 9.98681E-05 9.98681E-05 9.98681E-05 9.98681E-05 9.98681E-05 0.998502 9.98681E-05 9.98681E-05
9.98681E-05 9.98681E-05 9.98681E-05 9.98681E-05 9.98681E-05 9.98681E-05 9.98681E-05 9.98681E-05 9.98681E-05 9.98681E-05 9.98681E-05 9.98681E-05 9.98681E-05 0.998502 9.98681E-05 9.98681E-05
9.98681E-05 9.98681E-05 9.98681E-05 9.98681E-05 9.98681E-05 9.98681E-05 9.98681E-05 9.98681E-05 9.98681E-05 9.98681E-05 9.98681E-05 9.98681E-05 9.98681E-05 0.998502 9.98681E-05 9.98681E-05
9.9868E-05 9.9868E-05 0.998502 9.9868E-05 9.9868E-05 9.9868E-05 9.9868E-05 9.9868E-05 9.9868E-05 9.9868E-05 9.9868E-05 9.9868E-05 9.9868E-05 9.9868E-05 9.9868E-05 9.9868E-05
9.98682E-05 9.98682E-05 0.998502 9.98682E-05 9.98682E-05 9.98682E-05 9.98682E-05 9.98682E-05 9.98682E-05 9.98682E-05 9.98682E-05 9.98682E-05 9.98682E-05 9.98682E-05 9.98682E-05 9.98682E-05
9.9868E-05 9.9868E-05 0.998502 9.9868E-05 9.9868E-05 9.9868E-05 9.9868E-05 9.9868E-05 9.9868E-05 9.9868E-05 9.9868E-05 9.9868E-05 9.9868E-05 9.9868E-05 9.9868E-05 9.9868E-05
