9.9921E-05 0.0496308 0.051974 9.9921E-05 9.9921E-05 0.342353 0.251038 0.0093814 9.9921E-05 0.0607527 9.9921E-05 9.9921E-05 0.042561 0.139831 9.9921E-05 9.9921E-05 0.0515795 9.9921E-05
9.99034E-05 9.99034E-05 0.00554366 9.99034E-05 9.99034E-05 0.41293 0.0337544 9.99034E-05 9.99034E-05 0.00830944 0.00743473 9.99034E-05 0.139061 9.99034E-05 9.99034E-05 9.99034E-05 0.391867 9.99034E-05
9.98596E-05 9.98596E-05 9.98596E-05 0.0361163 9.98596E-05 0.962286 9.98596E-05 9.98596E-05 9.98596E-05 9.98596E-05 9.98596E-05 9.98596E-05 9.98596E-05 9.98596E-05 9.98596E-05 9.98596E-05 9.98596E-05 9.98596E-05
9.9921E-05 9.9921E-05 0.0422165 9.9921E-05 9.9921E-05 0.261647 9.9921E-05 0.219308 9.9921E-05 0.0345389 0.0496212 9.9921E-05 9.9921E-05 0.138057 0.137589 0.0782189 0.0379047 9.9921E-05
9.98859E-05 9.98859E-05 9.98859E-05 9.98859E-05 9.98859E-05 0.349923 9.98859E-05 9.98859E-05 0.00121282 9.98859E-05 9.98859E-05 9.98859E-05 0.00118117 9.98859E-05 0.0775361 9.98859E-05 0.568848 9.98859E-05
9.99123E-05 9.99123E-05 9.99123E-05 0.16604 9.99123E-05 0.260252 0.177329 9.99123E-05 0.083919 9.99123E-05 9.99123E-05 0.0182802 0.0581215 9.99123E-05 9.99123E-05 0.182816 9.99123E-05 0.0522424
9.99122E-05 0.120969 0.111984 9.99122E-05 9.99122E-05 9.99122E-05 0.11163 0.175213 9.99122E-05 0.024124 9.99122E-05 9.99122E-05 0.0471413 0.0722078 9.99122E-05 9.99122E-05 0.335732 9.99122E-05
0.0136039 9.99211E-05 0.0261719 0.0795016 9.99211E-05 9.99211E-05 0.0683869 9.99211E-05 9.99211E-05 9.99211E-05 9.99211E-05 0.0197456 9.99211E-05 0.145341 0.258166 9.99211E-05 0.266173 0.122011
9.99035E-05 0.208039 0.0135729 0.00612346 9.99035E-05 0.276234 9.99035E-05 9.99035E-05 9.99035E-05 0.169543 9.99035E-05 9.99035E-05 9.99035E-05 9.99035E-05 0.04043 9.99035E-05 9.99035E-05 0.284959
9.98683E-05 9.98683E-05 9.98683E-05 9.98683E-05 9.98683E-05 0.900775 9.98683E-05 9.98683E-05 9.98683E-05 0.0860764 9.98683E-05 0.0116503 9.98683E-05 9.98683E-05 9.98683E-05 9.98683E-05 9.98683E-05 9.98683E-05
9.98947E-05 9.98947E-05 0.124932 9.98947E-05 9.98947E-05 0.512985 0.119222 9.98947E-05 9.98947E-05 0.148894 9.98947E-05 9.98947E-05 9.98947E-05 0.0859618 9.98947E-05 9.98947E-05 9.98947E-05 0.00680632
9.98508E-05 9.98508E-05 9.98508E-05 9.98508E-05 9.98508E-05 0.998303 9.98508E-05 9.98508E-05 9.98508E-05 9.98508E-05 9.98508E-05 9.98508E-05 9.98508E-05 9.98508E-05 9.98508E-05 9.98508E-05 9.98508E-05 9.98508E-05
9.9877E-05 9.9877E-05 9.9877E-05 9.9877E-05 9.9877E-05 0.673203 9.9877E-05 9.9877E-05 9.9877E-05 0.0284958 9.9877E-05 9.9877E-05 9.9877E-05 0.0997044 9.9877E-05 9.9877E-05 0.197198 9.9877E-05
9.98771E-05 0.0353162 0.033253 0.095356 9.98771E-05 9.98771E-05 9.98771E-05 9.98771E-05 9.98771E-05 9.98771E-05 9.98771E-05 9.98771E-05 9.98771E-05 9.98771E-05 9.98771E-05 9.98771E-05 0.834677 9.98771E-05
9.9921E-05 0.0345326 9.9921E-05 9.9921E-05 9.9921E-05 0.353909 0.165463 9.9921E-05 0.0595103 0.108356 9.9921E-05 9.9921E-05 0.0758935 0.0090547 9.9921E-05 0.070528 9.9921E-05 0.121854
0.0229931 9.99473E-05 9.99473E-05 9.99473E-05 9.99473E-05 0.135609 0.13556 0.159157 0.0285976 0.0737112 0.0305689 9.99473E-05 9.99473E-05 0.0520072 0.0234227 0.0648526 0.108412 0.16451
0.00129799 0.0332459 0.0531433 9.99298E-05 0.0847288 0.476869 9.99298E-05 0.0471904 9.99298E-05 0.14503 9.99298E-05 0.0258446 0.0702657 9.99298E-05 9.99298E-05 9.99298E-05 0.0615853 9.99298E-05
9.9921E-05 0.0154073 9.9921E-05 9.9921E-05 9.9921E-05 9.9921E-05 0.147184 9.9921E-05 9.9921E-05 0.104294 0.104635 0.171275 9.9921E-05 0.205984 0.0480039 9.9921E-05 0.140256 0.0620612
9.98947E-05 0.0404216 9.98947E-05 9.98947E-05 9.98947E-05 0.383933 9.98947E-05 9.98947E-05 0.168801 0.211614 9.98947E-05 9.98947E-05 9.98947E-05 0.0458331 9.98947E-05 9.98947E-05 9.98947E-05 0.148199
9.98685E-05 9.98685E-05 9.98685E-05 9.98685E-05 9.98685E-05 0.891575 9.98685E-05 9.98685E-05 9.98685E-05 9.98685E-05 0.0262772 9.98685E-05 9.98685E-05 9.98685E-05 9.98685E-05 9.98685E-05 0.0806498 9.98685E-05
9.99035E-05 0.0552432 0.0395914 9.99035E-05 9.99035E-05 0.275553 9.99035E-05 9.99035E-05 0.00427962 9.99035E-05 9.99035E-05 9.99035E-05 9.99035E-05 9.99035E-05 0.239915 9.99035E-05 0.327257 0.0570612
9.98859E-05 9.98859E-05 9.98859E-05 0.0490087 9.98859E-05 0.316926 9.98859E-05 9.98859E-05 0.148806 9.98859E-05 9.98859E-05 9.98859E-05 9.98859E-05 0.351031 9.98859E-05 9.98859E-05 9.98859E-05 0.132929
9.98859E-05 9.98859E-05 0.0180433 9.98859E-05 9.98859E-05 0.0896704 0.315187 9.98859E-05 9.98859E-05 0.114507 9.98859E-05 9.98859E-05 9.98859E-05 9.98859E-05 9.98859E-05 9.98859E-05 0.461294 9.98859E-05
9.99123E-05 0.0451405 9.99123E-05 9.99123E-05 9.99123E-05 0.0377279 0.00502075 9.99123E-05 9.99123E-05 0.235249 9.99123E-05 9.99123E-05 9.99123E-05 0.205779 0.0442988 0.014517 0.411267 9.99123E-05
9.99298E-05 0.00830726 0.0197627 9.99298E-05 9.99298E-05 0.26458 9.99298E-05 9.99298E-05 0.0220768 0.241015 0.0910442 9.99298E-05 9.99298E-05 0.0842254 9.99298E-05 0.120925 0.041798 0.105467
9.99036E-05 9.99036E-05 9.99036E-05 0.0147401 0.0265154 0.231011 9.99036E-05 9.99036E-05 9.99036E-05 0.120317 9.99036E-05 9.99036E-05 9.99036E-05 0.184445 0.0296014 9.99036E-05 0.392271 9.99036E-05
9.98946E-05 9.98946E-05 9.98946E-05 9.98946E-05 9.98946E-05 0.0709081 9.98946E-05 0.0253671 9.98946E-05 0.0949269 9.98946E-05 0.11828 9.98946E-05 0.494612 9.98946E-05 0.194708 9.98946E-05 9.98946E-05
9.98948E-05 9.98948E-05 9.98948E-05 9.98948E-05 9.98948E-05 0.495715 9.98948E-05 0.05581 9.98948E-05 0.0625458 9.98948E-05 9.98948E-05 9.98948E-05 0.0622381 9.98948E-05 0.0132475 0.309245 9.98948E-05
9.98947E-05 0.0164725 9.98947E-05 9.98947E-05 9.98947E-05 0.66818 0.0557316 9.98947E-05 9.98947E-05 0.184363 9.98947E-05 9.98947E-05 9.98947E-05 0.0605647 9.98947E-05 0.0134895 9.98947E-05 9.98947E-05
9.98948E-05 0.00388079 9.98948E-05 9.98948E-05 0.0342175 0.791661 9.98948E-05 9.98948E-05 9.98948E-05 9.98948E-05 9.98948E-05 0.00370028 9.98948E-05 9.98948E-05 9.98948E-05 0.138923 9.98948E-05 0.0264191
9.99034E-05 9.99034E-05 0.0735164 9.99034E-05 9.99034E-05 0.787352 0.0839147 9.99034E-05 0.0373397 0.0128536 0.000929416 9.99034E-05 9.99034E-05 9.99034E-05 9.99034E-05 9.99034E-05 9.99034E-05 0.00299507
9.99124E-05 9.99124E-05 0.0410451 9.99124E-05 9.99124E-05 0.390081 9.99124E-05 0.102472 0.0389472 0.0521938 9.99124E-05 9.99124E-05 9.99124E-05 9.99124E-05 0.00875262 0.255093 0.110416 9.99124E-05
9.99034E-05 9.99034E-05 0.0572361 9.99034E-05 9.99034E-05 0.0928341 0.10579 9.99034E-05 9.99034E-05 0.141821 9.99034E-05 9.99034E-05 9.99034E-05 0.10356 9.99034E-05 0.0197532 0.477907 9.99034E-05
0.0275238 0.0237945 0.0105299 0.024021 9.99298E-05 0.525482 9.99298E-05 0.0515341 9.99298E-05 0.0583158 9.99298E-05 0.0269633 9.99298E-05 0.119341 9.99298E-05 0.131695 9.99298E-05 9.99298E-05
9.98859E-05 9.98859E-05 0.0330742 9.98859E-05 9.98859E-05 0.920836 9.98859E-05 9.98859E-05 9.98859E-05 0.00421618 0.028614 9.98859E-05 9.98859E-05 9.98859E-05 9.98859E-05 9.98859E-05 9.98859E-05 0.0119614
9.98772E-05 9.98772E-05 9.98772E-05 9.98772E-05 9.98772E-05 0.747376 9.98772E-05 0.161426 9.98772E-05 9.98772E-05 9.98772E-05 9.98772E-05 9.98772E-05 0.0846882 9.98772E-05 9.98772E-05 9.98772E-05 0.00511184
9.99035E-05 9.99035E-05 9.99035E-05 9.99035E-05 9.99035E-05 0.43176 0.0622389 0.00291623 0.0607226 9.99035E-05 0.0295874 9.99035E-05 9.99035E-05 0.0421217 9.99035E-05 9.99035E-05 0.369555 9.99035E-05
9.98947E-05 9.98947E-05 9.98947E-05 9.98947E-05 9.98947E-05 9.98947E-05 9.98947E-05 0.0501143 9.98947E-05 0.0377348 0.0192154 9.98947E-05 0.133682 9.98947E-05 9.98947E-05 9.98947E-05 0.675747 0.0823071
9.99035E-05 9.99035E-05 0.0171951 0.026138 0.0371736 0.663387 9.99035E-05 9.99035E-05 9.99035E-05 0.0500641 9.99035E-05 9.99035E-05 0.155055 9.99035E-05 9.99035E-05 9.99035E-05 9.99035E-05 0.0498888
0.102166 9.98859E-05 0.00438531 9.98859E-05 9.98859E-05 0.614222 9.98859E-05 9.98859E-05 9.98859E-05 0.107697 9.98859E-05 9.98859E-05 9.98859E-05 9.98859E-05 9.98859E-05 0.170231 9.98859E-05 9.98859E-05
9.98596E-05 9.98596E-05 9.98596E-05 9.98596E-05 9.98596E-05 0.954916 9.98596E-05 9.98596E-05 9.98596E-05 9.98596E-05 9.98596E-05 9.98596E-05 9.98596E-05 0.0434858 9.98596E-05 9.98596E-05 9.98596E-05 9.98596E-05
9.9886E-05 9.9886E-05 9.9886E-05 9.9886E-05 9.9886E-05 0.684055 9.9886E-05 9.9886E-05 9.9886E-05 0.040299 9.9886E-05 9.9886E-05 0.0217796 0.248091 9.9886E-05 9.9886E-05 9.9886E-05 0.00447642
9.98683E-05 0.0103031 9.98683E-05 9.98683E-05 0.024232 9.98683E-05 9.98683E-05 9.98683E-05 9.98683E-05 9.98683E-05 9.98683E-05 9.98683E-05 9.98683E-05 9.98683E-05 9.98683E-05 9.98683E-05 0.963967 9.98683E-05
9.9921E-05 0.0251156 0.0230835 9.9921E-05 9.9921E-05 0.46338 0.113095 9.9921E-05 9.9921E-05 0.208075 9.9921E-05 0.00977426 0.0214668 0.0476316 9.9921E-05 9.9921E-05 9.9921E-05 0.087479
9.99035E-05 9.99035E-05 9.99035E-05 0.0846374 9.99035E-05 0.164753 9.99035E-05 0.0790072 0.0112635 0.0816917 9.99035E-05 9.99035E-05 9.99035E-05 0.452004 9.99035E-05 9.99035E-05 0.125545 9.99035E-05
9.9877E-05 9.9877E-05 9.9877E-05 9.9877E-05 9.9877E-05 0.896703 9.9877E-05 9.9877E-05 9.9877E-05 0.0119714 0.0535148 9.9877E-05 9.9877E-05 9.9877E-05 0.0364129 9.9877E-05 9.9877E-05 9.9877E-05
9.98858E-05 9.98858E-05 0.0312301 9.98858E-05 9.98858E-05 9.98858E-05 9.98858E-05 0.0157455 9.98858E-05 0.0640287 9.98858E-05 0.0496904 9.98858E-05 9.98858E-05 9.98858E-05 9.98858E-05 0.838007 9.98858E-05
0.00172145 9.98597E-05 9.98597E-05 9.98597E-05 9.98597E-05 0.996681 9.98597E-05 9.98597E-05 9.98597E-05 9.98597E-05 9.98597E-05 9.98597E-05 9.98597E-05 9.98597E-05 9.98597E-05 9.98597E-05 9.98597E-05 9.98597E-05
0.0106978 9.99122E-05 0.0301927 0.0302167 9.99122E-05 0.717525 0.0514311 9.99122E-05 9.99122E-05 0.0471572 9.99122E-05 9.99122E-05 9.99122E-05 0.077597 9.99122E-05 0.0341829 9.99122E-05 9.99122E-05
9.98686E-05 9.98686E-05 9.98686E-05 9.98686E-05 9.98686E-05 9.98686E-05 9.98686E-05 9.98686E-05 0.146577 9.98686E-05 9.98686E-05 9.98686E-05 9.98686E-05 9.98686E-05 9.98686E-05 9.98686E-05 0.83231 0.0196156
9.99297E-05 0.012735 0.1026 9.99297E-05 9.99297E-05 0.120069 0.230186 9.99297E-05 9.99297E-05 0.124182 9.99297E-05 9.99297E-05 9.99297E-05 0.0153789 0.100719 0.026472 0.20234 0.0645187
9.98946E-05 0.0456459 9.98946E-05 0.0350634 9.98946E-05 9.98946E-05 9.98946E-05 0.0529096 9.98946E-05 9.98946E-05 0.0271938 9.98946E-05 9.98946E-05 0.20726 9.98946E-05 9.98946E-05 0.630728 9.98946E-05
9.98685E-05 9.98685E-05 9.98685E-05 9.98685E-05 9.98685E-05 0.860618 9.98685E-05 9.98685E-05 9.98685E-05 9.98685E-05 9.98685E-05 0.0577639 0.0801196 9.98685E-05 9.98685E-05 9.98685E-05 9.98685E-05 9.98685E-05
0.18717 9.98772E-05 9.98772E-05 0.01377 9.98772E-05 9.98772E-05 9.98772E-05 9.98772E-05 9.98772E-05 0.051687 9.98772E-05 9.98772E-05 9.98772E-05 9.98772E-05 9.98772E-05 9.98772E-05 0.745974 9.98772E-05
9.98685E-05 9.98685E-05 9.98685E-05 9.98685E-05 9.98685E-05 0.796166 9.98685E-05 9.98685E-05 0.101588 0.100748 9.98685E-05 9.98685E-05 9.98685E-05 9.98685E-05 9.98685E-05 9.98685E-05 9.98685E-05 9.98685E-05
0.0102438 9.9886E-05 9.9886E-05 0.0581871 9.9886E-05 0.802826 9.9886E-05 9.9886E-05 9.9886E-05 9.9886E-05 0.0740747 9.9886E-05 9.9886E-05 9.9886E-05 9.9886E-05 0.0533702 9.9886E-05 9.9886E-05
0.00783813 9.98859E-05 9.98859E-05 9.98859E-05 9.98859E-05 0.777962 9.98859E-05 9.98859E-05 9.98859E-05 9.98859E-05 9.98859E-05 0.116843 0.0173071 0.0787521 9.98859E-05 9.98859E-05 9.98859E-05 9.98859E-05
9.98684E-05 9.98684E-05 0.0319906 9.98684E-05 9.98684E-05 9.98684E-05 9.98684E-05 0.178294 9.98684E-05 9.98684E-05 9.98684E-05 9.98684E-05 9.98684E-05 9.98684E-05 9.98684E-05 9.98684E-05 0.788218 9.98684E-05
9.98771E-05 9.98771E-05 9.98771E-05 9.98771E-05 9.98771E-05 0.335934 9.98771E-05 0.050564 9.98771E-05 9.98771E-05 9.98771E-05 0.00307115 9.98771E-05 9.98771E-05 9.98771E-05 9.98771E-05 0.609033 9.98771E-05
9.99034E-05 9.99034E-05 0.0723126 9.99034E-05 9.99034E-05 9.99034E-05 0.636398 9.99034E-05 9.99034E-05 0.133493 0.0159888 0.0782403 9.99034E-05 0.0175406 9.99034E-05 9.99034E-05 9.99034E-05 0.0449274
9.98509E-05 9.98509E-05 9.98509E-05 9.98509E-05 9.98509E-05 9.98509E-05 0.998303 9.98509E-05 9.98509E-05 9.98509E-05 9.98509E-05 9.98509E-05 9.98509E-05 9.98509E-05 9.98509E-05 9.98509E-05 9.98509E-05 9.98509E-05
9.98596E-05 9.98596E-05 9.98596E-05 9.98596E-05 9.98596E-05 9.98596E-05 0.978638 9.98596E-05 9.98596E-05 9.98596E-05 9.98596E-05 0.0197646 9.98596E-05 9.98596E-05 9.98596E-05 9.98596E-05 9.98596E-05 9.98596E-05
9.99035E-05 9.99035E-05 9.99035E-05 9.99035E-05 9.99035E-05 9.99035E-05 0.342924 0.0183357 9.99035E-05 0.0186547 9.99035E-05 0.0160409 0.330478 9.99035E-05 9.99035E-05 0.1591 9.99035E-05 0.113368
0.0196012 9.99208E-05 9.99208E-05 0.0491291 9.99208E-05 9.99208E-05 0.611032 9.99208E-05 0.023964 0.0877351 0.0464319 0.0639954 9.99208E-05 0.0441031 9.99208E-05 9.99208E-05 9.99208E-05 0.0531092
9.98769E-05 9.98769E-05 9.98769E-05 9.98769E-05 9.98769E-05 9.98769E-05 0.637337 9.98769E-05 9.98769E-05 0.197498 9.98769E-05 9.98769E-05 9.98769E-05 0.11522 9.98769E-05 9.98769E-05 9.98769E-05 0.0485454
9.98945E-05 9.98945E-05 0.0655525 9.98945E-05 9.98945E-05 9.98945E-05 0.47652 0.030077 9.98945E-05 0.110628 9.98945E-05 9.98945E-05 0.294717 9.98945E-05 9.98945E-05 9.98945E-05 9.98945E-05 0.0213066
9.98945E-05 9.98945E-05 9.98945E-05 9.98945E-05 9.98945E-05 9.98945E-05 0.537438 9.98945E-05 9.98945E-05 0.153102 9.98945E-05 0.198609 0.019908 9.98945E-05 9.98945E-05 0.0197159 9.98945E-05 0.0700286
9.98772E-05 0.0203023 9.98772E-05 9.98772E-05 9.98772E-05 9.98772E-05 0.938471 9.98772E-05 9.98772E-05 9.98772E-05 9.98772E-05 0.0236086 0.0162203 9.98772E-05 9.98772E-05 9.98772E-05 9.98772E-05 9.98772E-05
9.98594E-05 9.98594E-05 0.0463892 9.98594E-05 9.98594E-05 9.98594E-05 0.952013 9.98594E-05 9.98594E-05 9.98594E-05 9.98594E-05 9.98594E-05 9.98594E-05 9.98594E-05 9.98594E-05 9.98594E-05 9.98594E-05 9.98594E-05
9.98857E-05 9.98857E-05 0.176051 9.98857E-05 9.98857E-05 9.98857E-05 0.506268 9.98857E-05 9.98857E-05 0.178499 0.0325222 9.98857E-05 9.98857E-05 9.98857E-05 9.98857E-05 9.98857E-05 9.98857E-05 0.105362
0.0624269 9.99121E-05 0.0632381 0.0190357 9.99121E-05 9.99121E-05 0.459636 9.99121E-05 0.107367 0.0801467 9.99121E-05 9.99121E-05 0.0587842 0.148367 9.99121E-05 9.99121E-05 9.99121E-05 9.99121E-05
0.0224212 9.98946E-05 0.198734 9.98946E-05 9.98946E-05 9.98946E-05 0.483899 9.98946E-05 9.98946E-05 9.98946E-05 9.98946E-05 9.98946E-05 9.98946E-05 9.98946E-05 0.111798 0.0769018 9.98946E-05 0.105047
9.99033E-05 9.99033E-05 9.99033E-05 0.0503207 9.99033E-05 9.99033E-05 0.474753 9.99033E-05 0.0337976 0.143485 9.99033E-05 9.99033E-05 0.0798927 0.182452 9.99033E-05 9.99033E-05 9.99033E-05 0.0342009
0.00306279 9.98773E-05 9.98773E-05 0.0419618 9.98773E-05 9.98773E-05 0.934087 9.98773E-05 9.98773E-05 9.98773E-05 9.98773E-05 9.98773E-05 9.98773E-05 9.98773E-05 9.98773E-05 0.0194905 9.98773E-05 9.98773E-05
9.98859E-05 9.98859E-05 9.98859E-05 9.98859E-05 9.98859E-05 9.98859E-05 0.852122 0.0158632 9.98859E-05 0.0476249 9.98859E-05 0.0211284 9.98859E-05 9.98859E-05 9.98859E-05 9.98859E-05 9.98859E-05 0.0619628
0.0497334 0.00268353 9.99033E-05 9.99033E-05 9.99033E-05 9.99033E-05 0.725031 9.99033E-05 0.116675 9.99033E-05 9.99033E-05 0.0493683 9.99033E-05 9.99033E-05 9.99033E-05 0.00573027 9.99033E-05 0.0496794
0.0172504 9.99034E-05 0.101238 9.99034E-05 9.99034E-05 9.99034E-05 0.627927 0.133876 0.0352903 9.99034E-05 9.99034E-05 9.99034E-05 9.99034E-05 0.0424094 9.99034E-05 9.99034E-05 9.99034E-05 0.0409097
9.98771E-05 9.98771E-05 0.0667404 9.98771E-05 9.98771E-05 9.98771E-05 0.717685 9.98771E-05 9.98771E-05 0.0619665 9.98771E-05 0.15221 9.98771E-05 9.98771E-05 9.98771E-05 9.98771E-05 9.98771E-05 9.98771E-05
0.0780777 9.98857E-05 0.0100906 9.98857E-05 9.98857E-05 9.98857E-05 0.644383 9.98857E-05 9.98857E-05 0.260898 9.98857E-05 9.98857E-05 9.98857E-05 9.98857E-05 9.98857E-05 0.00525207 9.98857E-05 9.98857E-05
9.98687E-05 9.98687E-05 9.98687E-05 0.0251508 0.0241919 9.98687E-05 0.949159 9.98687E-05 9.98687E-05 9.98687E-05 9.98687E-05 9.98687E-05 9.98687E-05 9.98687E-05 9.98687E-05 9.98687E-05 9.98687E-05 9.98687E-05
9.98858E-05 9.98858E-05 9.98858E-05 9.98858E-05 9.98858E-05 9.98858E-05 0.698447 9.98858E-05 0.0347748 0.00080983 9.98858E-05 9.98858E-05 0.015241 0.249429 9.98858E-05 9.98858E-05 9.98858E-05 9.98858E-05
9.98772E-05 9.98772E-05 0.0507951 9.98772E-05 9.98772E-05 9.98772E-05 0.662402 9.98772E-05 9.98772E-05 9.98772E-05 9.98772E-05 9.98772E-05 9.98772E-05 0.00302414 9.98772E-05 0.28238 9.98772E-05 9.98772E-05
0.0101635 0.0619127 0.0222995 9.9921E-05 9.9921E-05 9.9921E-05 0.693504 9.9921E-05 9.9921E-05 0.0065131 9.9921E-05 0.0918238 9.9921E-05 9.9921E-05 0.0573751 0.0157332 9.9921E-05 0.0397762
9.98682E-05 9.98682E-05 0.146487 9.98682E-05 9.98682E-05 9.98682E-05 0.817843 0.0341725 9.98682E-05 9.98682E-05 9.98682E-05 9.98682E-05 9.98682E-05 9.98682E-05 9.98682E-05 9.98682E-05 9.98682E-05 9.98682E-05
9.98773E-05 9.98773E-05 9.98773E-05 9.98773E-05 9.98773E-05 0.0381479 0.865917 9.98773E-05 9.98773E-05 9.98773E-05 0.0203761 9.98773E-05 9.98773E-05 9.98773E-05 9.98773E-05 9.98773E-05 9.98773E-05 0.074161
9.98597E-05 9.98597E-05 9.98597E-05 9.98597E-05 9.98597E-05 9.98597E-05 0.996651 9.98597E-05 9.98597E-05 9.98597E-05 9.98597E-05 9.98597E-05 9.98597E-05 0.00175138 9.98597E-05 9.98597E-05 9.98597E-05 9.98597E-05
9.98509E-05 9.98509E-05 9.98509E-05 9.98509E-05 9.98509E-05 9.98509E-05 0.998303 9.98509E-05 9.98509E-05 9.98509E-05 9.98509E-05 9.98509E-05 9.98509E-05 9.98509E-05 9.98509E-05 9.98509E-05 9.98509E-05 9.98509E-05
9.98685E-05 9.98685E-05 9.98685E-05 9.98685E-05 9.98685E-05 9.98685E-05 0.859395 9.98685E-05 9.98685E-05 0.0402063 9.98685E-05 0.098901 9.98685E-05 9.98685E-05 9.98685E-05 9.98685E-05 9.98685E-05 9.98685E-05
9.98773E-05 9.98773E-05 9.98773E-05 9.98773E-05 0.100912 9.98773E-05 0.671787 9.98773E-05 9.98773E-05 0.104203 9.98773E-05 9.98773E-05 9.98773E-05 9.98773E-05 9.98773E-05 9.98773E-05 9.98773E-05 0.1217
9.98684E-05 9.98684E-05 9.98684E-05 9.98684E-05 9.98684E-05 9.98684E-05 9.98684E-05 9.98684E-05 9.98684E-05 0.122119 9.98684E-05 9.98684E-05 9.98684E-05 9.98684E-05 9.98684E-05 0.785059 9.98684E-05 0.0913237
9.98772E-05 9.98772E-05 9.98772E-05 9.98772E-05 0.478385 9.98772E-05 9.98772E-05 9.98772E-05 9.98772E-05 0.0506017 9.98772E-05 9.98772E-05 9.98772E-05 9.98772E-05 9.98772E-05 0.392459 9.98772E-05 0.0771566
9.98682E-05 9.98682E-05 9.98682E-05 0.0274 9.98682E-05 9.98682E-05 9.98682E-05 9.98682E-05 9.98682E-05 0.0785175 9.98682E-05 9.98682E-05 9.98682E-05 9.98682E-05 9.98682E-05 0.892584 9.98682E-05 9.98682E-05
9.9877E-05 9.9877E-05 0.018981 9.9877E-05 9.9877E-05 9.9877E-05 9.9877E-05 9.9877E-05 9.9877E-05 0.122367 9.9877E-05 0.0210221 9.9877E-05 9.9877E-05 9.9877E-05 0.836232 9.9877E-05 9.9877E-05
9.9877E-05 9.9877E-05 9.9877E-05 0.0135683 9.9877E-05 9.9877E-05 9.9877E-05 9.9877E-05 9.9877E-05 0.0148652 9.9877E-05 9.9877E-05 9.9877E-05 9.9877E-05 9.9877E-05 0.921047 9.9877E-05 0.0491208
9.98947E-05 9.98947E-05 9.98947E-05 9.98947E-05 0.00198129 9.98947E-05 9.98947E-05 0.0804791 9.98947E-05 0.163151 9.98947E-05 9.98947E-05 0.069366 9.98947E-05 9.98947E-05 0.513696 9.98947E-05 0.170127
9.98684E-05 9.98684E-05 9.98684E-05 9.98684E-05 9.98684E-05 9.98684E-05 9.98684E-05 9.98684E-05 9.98684E-05 0.100791 9.98684E-05 9.98684E-05 9.98684E-05 9.98684E-05 9.98684E-05 0.815083 9.98684E-05 0.0826277
9.98595E-05 9.98595E-05 9.98595E-05 9.98595E-05 9.98595E-05 9.98595E-05 9.98595E-05 9.98595E-05 9.98595E-05 9.98595E-05 9.98595E-05 9.98595E-05 9.98595E-05 9.98595E-05 9.98595E-05 0.843322 9.98595E-05 0.15508
9.98858E-05 9.98858E-05 0.00670306 9.98858E-05 9.98858E-05 9.98858E-05 9.98858E-05 9.98858E-05 9.98858E-05 0.00656754 9.98858E-05 9.98858E-05 0.202796 9.98858E-05 9.98858E-05 0.453039 9.98858E-05 0.329596
9.98771E-05 9.98771E-05 9.98771E-05 9.98771E-05 9.98771E-05 9.98771E-05 9.98771E-05 0.0394355 9.98771E-05 0.3004 9.98771E-05 9.98771E-05 9.98771E-05 9.98771E-05 9.98771E-05 0.486216 9.98771E-05 0.17255
9.98772E-05 9.98772E-05 9.98772E-05 9.98772E-05 0.188769 9.98772E-05 9.98772E-05 9.98772E-05 9.98772E-05 9.98772E-05 9.98772E-05 9.98772E-05 0.236798 9.98772E-05 9.98772E-05 0.563071 9.98772E-05 0.00996341
9.98772E-05 9.98772E-05 9.98772E-05 9.98772E-05 0.0154103 9.98772E-05 9.98772E-05 9.98772E-05 9.98772E-05 0.0889088 9.98772E-05 9.98772E-05 0.206801 9.98772E-05 9.98772E-05 0.687481 9.98772E-05 9.98772E-05
9.98686E-05 9.98686E-05 9.98686E-05 9.98686E-05 0.0163699 9.98686E-05 9.98686E-05 9.98686E-05 9.98686E-05 9.98686E-05 9.98686E-05 9.98686E-05 9.98686E-05 9.98686E-05 9.98686E-05 0.901907 9.98686E-05 0.0802256
9.98861E-05 0.0361704 9.98861E-05 9.98861E-05 0.0506829 9.98861E-05 9.98861E-05 9.98861E-05 9.98861E-05 0.232149 9.98861E-05 9.98861E-05 9.98861E-05 9.98861E-05 9.98861E-05 0.576289 9.98861E-05 0.10341
9.99036E-05 9.99036E-05 0.0213526 0.00341751 9.99036E-05 9.99036E-05 9.99036E-05 9.99036E-05 0.0266963 9.99036E-05 0.00772136 0.0750421 9.99036E-05 9.99036E-05 9.99036E-05 0.776566 9.99036E-05 0.0881055
9.9886E-05 9.9886E-05 0.000854884 9.9886E-05 9.9886E-05 9.9886E-05 9.9886E-05 0.041802 9.9886E-05 0.122151 9.9886E-05 9.9886E-05 0.138063 9.9886E-05 9.9886E-05 0.69583 9.9886E-05 9.9886E-05
9.9877E-05 9.9877E-05 9.9877E-05 9.9877E-05 9.9877E-05 9.9877E-05 9.9877E-05 9.9877E-05 9.9877E-05 0.137617 0.0573576 9.9877E-05 0.26864 9.9877E-05 9.9877E-05 0.534987 9.9877E-05 9.9877E-05
9.98861E-05 9.98861E-05 9.98861E-05 0.0480331 9.98861E-05 9.98861E-05 9.98861E-05 0.0305375 9.98861E-05 9.98861E-05 9.98861E-05 9.98861E-05 9.98861E-05 0.0880524 9.98861E-05 0.734866 9.98861E-05 0.0972124
9.98684E-05 9.98684E-05 0.014599 9.98684E-05 9.98684E-05 9.98684E-05 9.98684E-05 9.98684E-05 9.98684E-05 9.98684E-05 9.98684E-05 9.98684E-05 0.0394335 9.98684E-05 9.98684E-05 0.94447 9.98684E-05 9.98684E-05
9.99035E-05 9.99035E-05 9.99035E-05 9.99035E-05 0.224457 9.99035E-05 0.00257523 0.0334269 9.99035E-05 0.101542 0.0817763 9.99035E-05 9.99035E-05 9.99035E-05 9.99035E-05 0.464982 9.99035E-05 0.0901417
9.9886E-05 9.9886E-05 9.9886E-05 9.9886E-05 9.9886E-05 9.9886E-05 9.9886E-05 0.073735 9.9886E-05 0.0390119 9.9886E-05 9.9886E-05 0.119737 9.9886E-05 9.9886E-05 0.760074 9.9886E-05 0.00614435
9.98771E-05 9.98771E-05 0.00101424 9.98771E-05 9.98771E-05 9.98771E-05 9.98771E-05 9.98771E-05 9.98771E-05 9.98771E-05 9.98771E-05 0.00843855 9.98771E-05 9.98771E-05 9.98771E-05 0.907804 9.98771E-05 0.0813452
9.98946E-05 9.98946E-05 9.98946E-05 9.98946E-05 9.98946E-05 9.98946E-05 9.98946E-05 9.98946E-05 9.98946E-05 0.137735 0.053805 9.98946E-05 0.106321 9.98946E-05 0.0291898 0.438468 9.98946E-05 0.233282
9.9886E-05 9.9886E-05 9.9886E-05 0.0110103 0.0893585 9.9886E-05 9.9886E-05 9.9886E-05 9.9886E-05 0.00151905 9.9886E-05 9.9886E-05 9.9886E-05 9.9886E-05 9.9886E-05 0.759776 9.9886E-05 0.137038
9.99122E-05 0.000125247 9.99122E-05 9.99122E-05 9.99122E-05 9.99122E-05 9.99122E-05 9.99122E-05 0.00301358 0.211703 0.0150939 9.99122E-05 0.0551859 9.99122E-05 0.0908259 0.361567 9.99122E-05 0.261486
0.00559665 9.99123E-05 9.99123E-05 9.99123E-05 0.229173 9.99123E-05 0.0417362 9.99123E-05 9.99123E-05 0.129903 9.99123E-05 0.0161526 0.112574 9.99123E-05 9.99123E-05 0.331813 9.99123E-05 0.132053
9.98859E-05 0.085586 9.98859E-05 0.105428 0.562852 9.98859E-05 9.98859E-05 9.98859E-05 9.98859E-05 0.0379808 9.98859E-05 9.98859E-05 9.98859E-05 9.98859E-05 9.98859E-05 0.206855 9.98859E-05 9.98859E-05
9.98769E-05 9.98769E-05 9.98769E-05 9.98769E-05 9.98769E-05 9.98769E-05 9.98769E-05 9.98769E-05 9.98769E-05 0.119497 9.98769E-05 9.98769E-05 9.98769E-05 9.98769E-05 0.0160581 0.801853 9.98769E-05 0.061193
9.98773E-05 9.98773E-05 9.98773E-05 9.98773E-05 9.98773E-05 9.98773E-05 9.98773E-05 9.98773E-05 9.98773E-05 0.20639 9.98773E-05 9.98773E-05 0.0231481 9.98773E-05 9.98773E-05 0.539639 9.98773E-05 0.229424
9.9886E-05 9.9886E-05 0.0110927 0.0618975 0.0013382 9.9886E-05 9.9886E-05 9.9886E-05 9.9886E-05 0.0788228 9.9886E-05 9.9886E-05 9.9886E-05 9.9886E-05 9.9886E-05 0.84555 9.9886E-05 9.9886E-05
0.00836453 9.98948E-05 0.0575602 9.98948E-05 9.98948E-05 9.98948E-05 9.98948E-05 9.98948E-05 9.98948E-05 0.127995 9.98948E-05 9.98948E-05 9.98948E-05 9.98948E-05 0.0654142 0.686191 9.98948E-05 0.0532764
0.0264729 9.98772E-05 0.0294887 9.98772E-05 9.98772E-05 9.98772E-05 9.98772E-05 9.98772E-05 9.98772E-05 9.98772E-05 0.0887645 9.98772E-05 9.98772E-05 9.98772E-05 9.98772E-05 0.853876 9.98772E-05 9.98772E-05
9.98945E-05 0.00430249 9.98945E-05 0.149356 9.98945E-05 9.98945E-05 9.98945E-05 9.98945E-05 9.98945E-05 0.23251 0.0359339 9.98945E-05 9.98945E-05 9.98945E-05 9.98945E-05 0.309194 9.98945E-05 0.267505
9.98682E-05 9.98682E-05 9.98682E-05 9.98682E-05 9.98682E-05 9.98682E-05 9.98682E-05 9.98682E-05 9.98682E-05 9.98682E-05 0.0201766 9.98682E-05 9.98682E-05 0.134911 9.98682E-05 0.843415 9.98682E-05 9.98682E-05
9.98771E-05 9.98771E-05 9.98771E-05 9.98771E-05 9.98771E-05 9.98771E-05 9.98771E-05 0.0104279 9.98771E-05 0.0221124 9.98771E-05 9.98771E-05 9.98771E-05 9.98771E-05 9.98771E-05 0.945603 9.98771E-05 0.0204583
9.98947E-05 9.98947E-05 0.00570931 9.98947E-05 0.118991 9.98947E-05 9.98947E-05 0.0457323 9.98947E-05 9.98947E-05 9.98947E-05 9.98947E-05 9.98947E-05 0.00666685 9.98947E-05 0.772007 9.98947E-05 0.0496947
9.98771E-05 9.98771E-05 9.98771E-05 0.0101855 9.98771E-05 9.98771E-05 9.98771E-05 9.98771E-05 9.98771E-05 0.340559 9.98771E-05 9.98771E-05 9.98771E-05 9.98771E-05 9.98771E-05 0.595027 9.98771E-05 0.0528296
9.98683E-05 9.98683E-05 9.98683E-05 9.98683E-05 0.535938 9.98683E-05 9.98683E-05 9.98683E-05 9.98683E-05 9.98683E-05 9.98683E-05 9.98683E-05 9.98683E-05 9.98683E-05 9.98683E-05 0.383773 9.98683E-05 0.0787904
9.98773E-05 9.98773E-05 0.0408565 9.98773E-05 0.175559 9.98773E-05 9.98773E-05 9.98773E-05 9.98773E-05 0.0667478 9.98773E-05 9.98773E-05 9.98773E-05 9.98773E-05 9.98773E-05 0.715438 9.98773E-05 9.98773E-05
9.98861E-05 9.98861E-05 0.00447091 0.0482329 0.285796 9.98861E-05 9.98861E-05 0.00993547 9.98861E-05 9.98861E-05 9.98861E-05 9.98861E-05 9.98861E-05 9.98861E-05 9.98861E-05 0.650266 9.98861E-05 9.98861E-05
9.98772E-05 9.98772E-05 9.98772E-05 9.98772E-05 0.398972 9.98772E-05 9.98772E-05 9.98772E-05 9.98772E-05 9.98772E-05 0.00142806 9.98772E-05 9.98772E-05 9.98772E-05 9.98772E-05 0.59269 9.98772E-05 0.00551186
9.98771E-05 9.98771E-05 9.98771E-05 9.98771E-05 9.98771E-05 9.98771E-05 9.98771E-05 9.98771E-05 9.98771E-05 0.295838 9.98771E-05 9.98771E-05 0.118152 9.98771E-05 9.98771E-05 0.49343 9.98771E-05 0.0911819
9.98683E-05 9.98683E-05 9.98683E-05 0.0815893 9.98683E-05 9.98683E-05 9.98683E-05 9.98683E-05 9.98683E-05 9.98683E-05 9.98683E-05 9.98683E-05 9.98683E-05 9.98683E-05 9.98683E-05 0.79214 9.98683E-05 0.124772
9.98859E-05 9.98859E-05 9.98859E-05 9.98859E-05 0.594295 9.98859E-05 9.98859E-05 9.98859E-05 9.98859E-05 0.105641 0.0774118 9.98859E-05 9.98859E-05 9.98859E-05 9.98859E-05 0.116628 9.98859E-05 0.104727
9.98772E-05 9.98772E-05 9.98772E-05 9.98772E-05 0.427596 0.0057674 9.98772E-05 9.98772E-05 9.98772E-05 0.0278233 9.98772E-05 9.98772E-05 9.98772E-05 9.98772E-05 9.98772E-05 0.537415 9.98772E-05 9.98772E-05
9.98858E-05 9.98858E-05 9.98858E-05 9.98858E-05 9.98858E-05 9.98858E-05 9.98858E-05 9.98858E-05 9.98858E-05 9.98858E-05 0.159213 0.0381551 0.135208 9.98858E-05 9.98858E-05 0.525449 9.98858E-05 0.140676
9.98948E-05 9.98948E-05 0.0104811 9.98948E-05 0.00215938 9.98948E-05 0.167479 9.98948E-05 9.98948E-05 0.0555278 9.98948E-05 9.98948E-05 9.98948E-05 9.98948E-05 9.98948E-05 0.693581 9.98948E-05 0.0695729
0.0229328 0.124695 9.99036E-05 9.99036E-05 0.0392154 9.99036E-05 9.99036E-05 9.99036E-05 9.99036E-05 9.99036E-05 9.99036E-05 9.99036E-05 0.0794479 0.0854643 9.99036E-05 0.460068 9.99036E-05 0.187078
9.98772E-05 9.98772E-05 9.98772E-05 9.98772E-05 9.98772E-05 9.98772E-05 9.98772E-05 9.98772E-05 9.98772E-05 0.240116 9.98772E-05 9.98772E-05 9.98772E-05 0.0800761 9.98772E-05 0.425747 9.98772E-05 0.252663
9.9886E-05 0.000676101 9.9886E-05 0.0113034 0.435394 9.9886E-05 9.9886E-05 9.9886E-05 9.9886E-05 0.0241417 9.9886E-05 9.9886E-05 9.9886E-05 9.9886E-05 9.9886E-05 0.527186 9.9886E-05 9.9886E-05
9.98682E-05 9.98682E-05 9.98682E-05 9.98682E-05 9.98682E-05 9.98682E-05 9.98682E-05 0.19012 9.98682E-05 0.0972195 9.98682E-05 9.98682E-05 9.98682E-05 9.98682E-05 9.98682E-05 0.711163 9.98682E-05 9.98682E-05
9.98859E-05 9.98859E-05 9.98859E-05 0.0615361 0.501523 9.98859E-05 9.98859E-05 9.98859E-05 9.98859E-05 0.025306 9.98859E-05 9.98859E-05 9.98859E-05 9.98859E-05 9.98859E-05 0.291826 9.98859E-05 0.118511
9.98861E-05 9.98861E-05 9.98861E-05 9.98861E-05 0.150875 9.98861E-05 9.98861E-05 0.0182154 9.98861E-05 0.153 9.98861E-05 9.98861E-05 9.98861E-05 9.98861E-05 9.98861E-05 0.565087 9.98861E-05 0.111524
0.0640617 9.98772E-05 9.98772E-05 9.98772E-05 9.98772E-05 9.98772E-05 9.98772E-05 9.98772E-05 9.98772E-05 9.98772E-05 9.98772E-05 9.98772E-05 0.00259917 9.98772E-05 9.98772E-05 0.892453 9.98772E-05 0.0394876
9.98682E-05 9.98682E-05 9.98682E-05 9.98682E-05 9.98682E-05 9.98682E-05 9.98682E-05 0.0882102 9.98682E-05 9.98682E-05 9.98682E-05 0.0220102 9.98682E-05 9.98682E-05 9.98682E-05 0.888282 9.98682E-05 9.98682E-05
9.9877E-05 9.9877E-05 9.9877E-05 9.9877E-05 9.9877E-05 9.9877E-05 9.9877E-05 9.9877E-05 9.9877E-05 0.106079 9.9877E-05 9.9877E-05 0.158217 9.9877E-05 9.9877E-05 0.549227 9.9877E-05 0.185078
9.98683E-05 9.98683E-05 9.98683E-05 9.98683E-05 9.98683E-05 9.98683E-05 9.98683E-05 9.98683E-05 9.98683E-05 0.163551 9.98683E-05 9.98683E-05 9.98683E-05 9.98683E-05 9.98683E-05 0.718168 9.98683E-05 0.116783
0.0346819 9.98771E-05 0.0383582 9.98771E-05 9.98771E-05 9.98771E-05 9.98771E-05 9.98771E-05 9.98771E-05 9.98771E-05 9.98771E-05 9.98771E-05 9.98771E-05 9.98771E-05 9.98771E-05 0.875918 9.98771E-05 0.0496433
9.98947E-05 9.98947E-05 0.00329694 0.0239162 0.0463964 9.98947E-05 9.98947E-05 9.98947E-05 9.98947E-05 0.0170413 0.12303 9.98947E-05 9.98947E-05 9.98947E-05 9.98947E-05 0.78512 9.98947E-05 9.98947E-05
9.98859E-05 9.98859E-05 9.98859E-05 9.98859E-05 0.0682588 9.98859E-05 9.98859E-05 9.98859E-05 9.98859E-05 0.00880854 9.98859E-05 9.98859E-05 0.0054909 9.98859E-05 9.98859E-05 0.777686 9.98859E-05 0.138457
9.98594E-05 9.98594E-05 9.98594E-05 9.98594E-05 9.98594E-05 9.98594E-05 9.98594E-05 9.98594E-05 9.98594E-05 0.997401 0.00100167 9.98594E-05 9.98594E-05 9.98594E-05 9.98594E-05 9.98594E-05 9.98594E-05 9.98594E-05
9.98505E-05 9.98505E-05 9.98505E-05 9.98505E-05 9.98505E-05 9.98505E-05 9.98505E-05 9.98505E-05 9.98505E-05 9.98505E-05 9.98505E-05 9.98505E-05 9.98505E-05 9.98505E-05 9.98505E-05 9.98505E-05 9.98505E-05 0.998303
9.98505E-05 9.98505E-05 9.98505E-05 9.98505E-05 9.98505E-05 9.98505E-05 9.98505E-05 9.98505E-05 9.98505E-05 0.998303 9.98505E-05 9.98505E-05 9.98505E-05 9.98505E-05 9.98505E-05 9.98505E-05 9.98505E-05 9.98505E-05
9.98505E-05 9.98505E-05 9.98505E-05 9.98505E-05 9.98505E-05 9.98505E-05 9.98505E-05 9.98505E-05 9.98505E-05 9.98505E-05 9.98505E-05 9.98505E-05 9.98505E-05 9.98505E-05 9.98505E-05 9.98505E-05 9.98505E-05 0.998303
9.98505E-05 9.98505E-05 9.98505E-05 9.98505E-05 9.98505E-05 9.98505E-05 9.98505E-05 9.98505E-05 9.98505E-05 9.98505E-05 9.98505E-05 9.98505E-05 9.98505E-05 9.98505E-05 9.98505E-05 9.98505E-05 9.98505E-05 0.998303
9.98506E-05 9.98506E-05 9.98506E-05 9.98506E-05 9.98506E-05 9.98506E-05 9.98506E-05 9.98506E-05 9.98506E-05 9.98506E-05 9.98506E-05 9.98506E-05 9.98506E-05 9.98506E-05 9.98506E-05 9.98506E-05 9.98506E-05 0.998303
9.98506E-05 9.98506E-05 9.98506E-05 9.98506E-05 9.98506E-05 9.98506E-05 9.98506E-05 9.98506E-05 9.98506E-05 0.998303 9.98506E-05 9.98506E-05 9.98506E-05 9.98506E-05 9.98506E-05 9.98506E-05 9.98506E-05 9.98506E-05
9.98505E-05 9.98505E-05 9.98505E-05 9.98505E-05 9.98505E-05 9.98505E-05 9.98505E-05 9.98505E-05 9.98505E-05 9.98505E-05 9.98505E-05 9.98505E-05 9.98505E-05 9.98505E-05 9.98505E-05 9.98505E-05 9.98505E-05 0.998303
9.98505E-05 9.98505E-05 9.98505E-05 9.98505E-05 9.98505E-05 9.98505E-05 9.98505E-05 9.98505E-05 9.98505E-05 9.98505E-05 9.98505E-05 9.98505E-05 9.98505E-05 9.98505E-05 9.98505E-05 9.98505E-05 9.98505E-05 0.998303
9.98505E-05 9.98505E-05 9.98505E-05 9.98505E-05 9.98505E-05 9.98505E-05 9.98505E-05 9.98505E-05 9.98505E-05 0.998303 9.98505E-05 9.98505E-05 9.98505E-05 9.98505E-05 9.98505E-05 9.98505E-05 9.98505E-05 9.98505E-05
9.98506E-05 9.98506E-05 9.98506E-05 9.98506E-05 9.98506E-05 9.98506E-05 9.98506E-05 9.98506E-05 9.98506E-05 0.998303 9.98506E-05 9.98506E-05 9.98506E-05 9.98506E-05 9.98506E-05 9.98506E-05 9.98506E-05 9.98506E-05
9.98504E-05 9.98504E-05 9.98504E-05 9.98504E-05 9.98504E-05 9.98504E-05 9.98504E-05 9.98504E-05 9.98504E-05 0.998303 9.98504E-05 9.98504E-05 9.98504E-05 9.98504E-05 9.98504E-05 9.98504E-05 9.98504E-05 9.98504E-05
9.98506E-05 9.98506E-05 9.98506E-05 9.98506E-05 9.98506E-05 9.98506E-05 9.98506E-05 9.98506E-05 9.98506E-05 9.98506E-05 9.98506E-05 9.98506E-05 9.98506E-05 9.98506E-05 9.98506E-05 9.98506E-05 9.98506E-05 0.998303
9.98505E-05 9.98505E-05 9.98505E-05 9.98505E-05 9.98505E-05 9.98505E-05 9.98505E-05 9.98505E-05 9.98505E-05 9.98505E-05 9.98505E-05 9.98505E-05 9.98505E-05 9.98505E-05 9.98505E-05 9.98505E-05 9.98505E-05 0.998303
9.98506E-05 9.98506E-05 9.98506E-05 9.98506E-05 9.98506E-05 9.98506E-05 9.98506E-05 9.98506E-05 9.98506E-05 0.998303 9.98506E-05 9.98506E-05 9.98506E-05 9.98506E-05 9.98506E-05 9.98506E-05 9.98506E-05 9.98506E-05
9.98506E-05 9.98506E-05 9.98506E-05 9.98506E-05 9.98506E-05 9.98506E-05 9.98506E-05 9.98506E-05 9.98506E-05 0.998303 9.98506E-05 9.98506E-05 9.98506E-05 9.98506E-05 9.98506E-05 9.98506E-05 9.98506E-05 9.98506E-05
0.0204291 0.0254594 9.99121E-05 9.99121E-05 9.99121E-05 9.99121E-05 9.99121E-05 0.0591286 0.243939 0.07697 9.99121E-05 9.99121E-05 0.0276153 9.99121E-05 9.99121E-05 0.484646 9.99121E-05 0.0608132
9.98505E-05 9.98505E-05 9.98505E-05 9.98505E-05 9.98505E-05 9.98505E-05 9.98505E-05 9.98505E-05 9.98505E-05 0.998303 9.98505E-05 9.98505E-05 9.98505E-05 9.98505E-05 9.98505E-05 9.98505E-05 9.98505E-05 9.98505E-05
9.98506E-05 9.98506E-05 9.98506E-05 9.98506E-05 9.98506E-05 9.98506E-05 9.98506E-05 9.98506E-05 9.98506E-05 9.98506E-05 9.98506E-05 9.98506E-05 9.98506E-05 9.98506E-05 9.98506E-05 9.98506E-05 9.98506E-05 0.998303
9.98505E-05 9.98505E-05 9.98505E-05 9.98505E-05 9.98505E-05 9.98505E-05 9.98505E-05 9.98505E-05 9.98505E-05 0.998303 9.98505E-05 9.98505E-05 9.98505E-05 9.98505E-05 9.98505E-05 9.98505E-05 9.98505E-05 9.98505E-05
9.98505E-05 9.98505E-05 9.98505E-05 9.98505E-05 9.98505E-05 9.98505E-05 9.98505E-05 9.98505E-05 9.98505E-05 0.998303 9.98505E-05 9.98505E-05 9.98505E-05 9.98505E-05 9.98505E-05 9.98505E-05 9.98505E-05 9.98505E-05
9.98504E-05 9.98504E-05 9.98504E-05 9.98504E-05 9.98504E-05 9.98504E-05 9.98504E-05 9.98504E-05 9.98504E-05 0.998303 9.98504E-05 9.98504E-05 9.98504E-05 9.98504E-05 9.98504E-05 9.98504E-05 9.98504E-05 9.98504E-05
9.98505E-05 9.98505E-05 9.98505E-05 9.98505E-05 9.98505E-05 9.98505E-05 9.98505E-05 9.98505E-05 9.98505E-05 9.98505E-05 9.98505E-05 9.98505E-05 9.98505E-05 9.98505E-05 9.98505E-05 9.98505E-05 9.98505E-05 0.998303
9.98506E-05 9.98506E-05 9.98506E-05 9.98506E-05 9.98506E-05 9.98506E-05 9.98506E-05 9.98506E-05 9.98506E-05 0.998303 9.98506E-05 9.98506E-05 9.98506E-05 9.98506E-05 9.98506E-05 9.98506E-05 9.98506E-05 9.98506E-05
9.98505E-05 9.98505E-05 9.98505E-05 9.98505E-05 9.98505E-05 9.98505E-05 9.98505E-05 9.98505E-05 9.98505E-05 9.98505E-05 9.98505E-05 9.98505E-05 9.98505E-05 9.98505E-05 9.98505E-05 9.98505E-05 9.98505E-05 0.998303
9.98506E-05 9.98506E-05 9.98506E-05 9.98506E-05 9.98506E-05 9.98506E-05 9.98506E-05 9.98506E-05 9.98506E-05 0.998303 9.98506E-05 9.98506E-05 9.98506E-05 9.98506E-05 9.98506E-05 9.98506E-05 9.98506E-05 9.98506E-05
9.98505E-05 9.98505E-05 9.98505E-05 9.98505E-05 9.98505E-05 9.98505E-05 9.98505E-05 9.98505E-05 9.98505E-05 0.998303 9.98505E-05 9.98505E-05 9.98505E-05 9.98505E-05 9.98505E-05 9.98505E-05 9.98505E-05 9.98505E-05
9.98506E-05 9.98506E-05 9.98506E-05 9.98506E-05 9.98506E-05 9.98506E-05 9.98506E-05 9.98506E-05 9.98506E-05 9.98506E-05 9.98506E-05 9.98506E-05 9.98506E-05 9.98506E-05 9.98506E-05 9.98506E-05 9.98506E-05 0.998303
9.98506E-05 9.98506E-05 9.98506E-05 9.98506E-05 9.98506E-05 9.98506E-05 9.98506E-05 9.98506E-05 9.98506E-05 9.98506E-05 9.98506E-05 9.98506E-05 9.98506E-05 9.98506E-05 9.98506E-05 9.98506E-05 9.98506E-05 0.998303
9.98505E-05 9.98505E-05 9.98505E-05 9.98505E-05 9.98505E-05 9.98505E-05 9.98505E-05 9.98505E-05 9.98505E-05 9.98505E-05 9.98505E-05 9.98505E-05 9.98505E-05 9.98505E-05 9.98505E-05 9.98505E-05 9.98505E-05 0.998303
9.98506E-05 9.98506E-05 9.98506E-05 9.98506E-05 9.98506E-05 9.98506E-05 9.98506E-05 9.98506E-05 9.98506E-05 0.998303 9.98506E-05 9.98506E-05 9.98506E-05 9.98506E-05 9.98506E-05 9.98506E-05 9.98506E-05 9.98506E-05
9.98506E-05 9.98506E-05 9.98506E-05 9.98506E-05 9.98506E-05 9.98506E-05 9.98506E-05 9.98506E-05 9.98506E-05 0.998303 9.98506E-05 9.98506E-05 9.98506E-05 9.98506E-05 9.98506E-05 9.98506E-05 9.98506E-05 9.98506E-05
9.98505E-05 9.98505E-05 9.98505E-05 9.98505E-05 9.98505E-05 9.98505E-05 9.98505E-05 9.98505E-05 9.98505E-05 0.998303 9.98505E-05 9.98505E-05 9.98505E-05 9.98505E-05 9.98505E-05 9.98505E-05 9.98505E-05 9.98505E-05
9.98504E-05 9.98504E-05 9.98504E-05 9.98504E-05 9.98504E-05 9.98504E-05 9.98504E-05 9.98504E-05 9.98504E-05 0.998303 9.98504E-05 9.98504E-05 9.98504E-05 9.98504E-05 9.98504E-05 9.98504E-05 9.98504E-05 9.98504E-05
9.98505E-05 9.98505E-05 9.98505E-05 9.98505E-05 9.98505E-05 9.98505E-05 9.98505E-05 9.98505E-05 9.98505E-05 0.998303 9.98505E-05 9.98505E-05 9.98505E-05 9.98505E-05 9.98505E-05 9.98505E-05 9.98505E-05 9.98505E-05
9.98505E-05 9.98505E-05 9.98505E-05 9.98505E-05 9.98505E-05 9.98505E-05 9.98505E-05 9.98505E-05 9.98505E-05 9.98505E-05 9.98505E-05 9.98505E-05 9.98505E-05 9.98505E-05 9.98505E-05 9.98505E-05 9.98505E-05 0.998303
9.98505E-05 9.98505E-05 9.98505E-05 9.98505E-05 9.98505E-05 9.98505E-05 9.98505E-05 9.98505E-05 9.98505E-05 9.98505E-05 9.98505E-05 9.98505E-05 9.98505E-05 9.98505E-05 9.98505E-05 9.98505E-05 9.98505E-05 0.998303
9.98506E-05 9.98506E-05 9.98506E-05 9.98506E-05 9.98506E-05 9.98506E-05 9.98506E-05 9.98506E-05 9.98506E-05 9.98506E-05 9.98506E-05 9.98506E-05 9.98506E-05 9.98506E-05 9.98506E-05 9.98506E-05 9.98506E-05 0.998303
9.98505E-05 9.98505E-05 9.98505E-05 9.98505E-05 9.98505E-05 9.98505E-05 9.98505E-05 9.98505E-05 9.98505E-05 0.998303 9.98505E-05 9.98505E-05 9.98505E-05 9.98505E-05 9.98505E-05 9.98505E-05 9.98505E-05 9.98505E-05
9.98505E-05 9.98505E-05 9.98505E-05 9.98505E-05 9.98505E-05 9.98505E-05 9.98505E-05 9.98505E-05 9.98505E-05 9.98505E-05 9.98505E-05 9.98505E-05 9.98505E-05 9.98505E-05 9.98505E-05 9.98505E-05 9.98505E-05 0.998303
9.98505E-05 9.98505E-05 9.98505E-05 9.98505E-05 9.98505E-05 9.98505E-05 9.98505E-05 9.98505E-05 9.98505E-05 9.98505E-05 9.98505E-05 9.98505E-05 9.98505E-05 9.98505E-05 9.98505E-05 9.98505E-05 9.98505E-05 0.998303
9.98505E-05 9.98505E-05 9.98505E-05 9.98505E-05 9.98505E-05 9.98505E-05 9.98505E-05 9.98505E-05 9.98505E-05 9.98505E-05 9.98505E-05 9.98505E-05 9.98505E-05 9.98505E-05 9.98505E-05 9.98505E-05 9.98505E-05 0.998303
9.98506E-05 9.98506E-05 9.98506E-05 9.98506E-05 9.98506E-05 9.98506E-05 9.98506E-05 9.98506E-05 9.98506E-05 9.98506E-05 9.98506E-05 9.98506E-05 9.98506E-05 9.98506E-05 9.98506E-05 9.98506E-05 9.98506E-05 0.998303
9.98505E-05 9.98505E-05 9.98505E-05 9.98505E-05 9.98505E-05 9.98505E-05 9.98505E-05 9.98505E-05 9.98505E-05 0.998303 9.98505E-05 9.98505E-05 9.98505E-05 9.98505E-05 9.98505E-05 9.98505E-05 9.98505E-05 9.98505E-05
9.98507E-05 9.98507E-05 9.98507E-05 9.98507E-05 9.98507E-05 9.98507E-05 9.98507E-05 9.98507E-05 9.98507E-05 9.98507E-05 9.98507E-05 9.98507E-05 9.98507E-05 9.98507E-05 9.98507E-05 9.98507E-05 9.98507E-05 0.998303
9.98506E-05 9.98506E-05 9.98506E-05 9.98506E-05 9.98506E-05 9.98506E-05 9.98506E-05 9.98506E-05 9.98506E-05 9.98506E-05 9.98506E-05 9.98506E-05 9.98506E-05 9.98506E-05 9.98506E-05 9.98506E-05 9.98506E-05 0.998303
