9.98683E-05 9.98683E-05 9.98683E-05 0.0493567 9.98683E-05 9.98683E-05 9.98683E-05 0.0344568 9.98683E-05 9.98683E-05 9.98683E-05 9.98683E-05 9.98683E-05 9.98683E-05 0.175298 0.502099 0.0574743 9.98683E-05 9.98683E-05 9.98683E-05 0.114711 0.0519417 0.0131638
9.98422E-05 9.98422E-05 9.98422E-05 9.98422E-05 9.98422E-05 9.98422E-05 9.98422E-05 0.0720503 9.98422E-05 9.98422E-05 9.98422E-05 9.98422E-05 9.98422E-05 9.98422E-05 0.129963 0.333485 9.98422E-05 9.98422E-05 9.98422E-05 0.430405 9.98422E-05 9.98422E-05 0.0322989
9.98333E-05 9.98333E-05 9.98333E-05 9.98333E-05 9.98333E-05 9.98333E-05 0.055351 9.98333E-05 9.98333E-05 9.98333E-05 0.0117456 9.98333E-05 9.98333E-05 9.98333E-05 9.98333E-05 0.917346 9.98333E-05 0.0136605 9.98333E-05 9.98333E-05 9.98333E-05 9.98333E-05 9.98333E-05
9.98947E-05 9.98947E-05 9.98947E-05 9.98947E-05 9.98947E-05 0.135858 9.98947E-05 9.98947E-05 0.0167639 0.00454638 0.0217463 9.98947E-05 9.98947E-05 0.131722 9.98947E-05 0.0763676 0.206225 0.0449291 9.98947E-05 0.183163 0.16932 9.98947E-05 0.00815985
9.98421E-05 9.98421E-05 9.98421E-05 9.98421E-05 9.98421E-05 0.0394687 0.0500419 9.98421E-05 9.98421E-05 9.98421E-05 9.98421E-05 0.0479203 9.98421E-05 9.98421E-05 9.98421E-05 0.337217 9.98421E-05 9.98421E-05 9.98421E-05 0.523554 9.98421E-05 9.98421E-05 9.98421E-05
9.98421E-05 9.98421E-05 9.98421E-05 9.98421E-05 9.98421E-05 0.23482 0.188524 9.98421E-05 9.98421E-05 9.98421E-05 9.98421E-05 9.98421E-05 9.98421E-05 9.98421E-05 0.230137 0.240733 9.98421E-05 0.103989 9.98421E-05 9.98421E-05 9.98421E-05 9.98421E-05 9.98421E-05
0.0349502 9.98685E-05 9.98685E-05 9.98685E-05 9.98685E-05 9.98685E-05 9.98685E-05 0.154142 9.98685E-05 9.98685E-05 0.078148 9.98685E-05 9.98685E-05 0.178612 0.016533 9.98685E-05 9.98685E-05 9.98685E-05 9.98685E-05 0.331122 0.112205 9.98685E-05 0.0927888
9.9886E-05 9.9886E-05 9.9886E-05 9.9886E-05 9.9886E-05 9.9886E-05 0.0444983 9.9886E-05 9.9886E-05 0.0702 0.0397303 9.9886E-05 9.9886E-05 0.142547 0.0393298 9.9886E-05 9.9886E-05 0.153556 9.9886E-05 0.285204 0.152244 0.0233013 0.0480905
0.156168 9.98596E-05 9.98596E-05 0.228391 9.98596E-05 9.98596E-05 9.98596E-05 9.98596E-05 9.98596E-05 9.98596E-05 9.98596E-05 0.0129878 9.98596E-05 9.98596E-05 9.98596E-05 0.15003 9.98596E-05 0.285336 9.98596E-05 0.125484 0.0400058 9.98596E-05 9.98596E-05
0.00246369 9.98333E-05 9.98333E-05 0.000606078 0.0483543 9.98333E-05 9.98333E-05 9.98333E-05 9.98333E-05 9.98333E-05 9.98333E-05 9.98333E-05 9.98333E-05 9.98333E-05 9.98333E-05 0.946679 9.98333E-05 9.98333E-05 9.98333E-05 9.98333E-05 9.98333E-05 9.98333E-05 9.98333E-05
9.98596E-05 9.98596E-05 9.98596E-05 0.164479 9.98596E-05 9.98596E-05 9.98596E-05 9.98596E-05 0.0875992 9.98596E-05 9.98596E-05 9.98596E-05 9.98596E-05 9.98596E-05 0.0867159 0.42022 9.98596E-05 9.98596E-05 9.98596E-05 0.0994585 0.0195228 9.98596E-05 0.120407
9.98159E-05 9.98159E-05 9.98159E-05 9.98159E-05 9.98159E-05 9.98159E-05 9.98159E-05 9.98159E-05 9.98159E-05 9.98159E-05 9.98159E-05 9.98159E-05 0.0767361 9.98159E-05 9.98159E-05 0.921168 9.98159E-05 9.98159E-05 9.98159E-05 9.98159E-05 9.98159E-05 9.98159E-05 9.98159E-05
9.98334E-05 9.98334E-05 9.98334E-05 0.0775916 9.98334E-05 9.98334E-05 9.98334E-05 9.98334E-05 9.98334E-05 9.98334E-05 9.98334E-05 9.98334E-05 9.98334E-05 9.98334E-05 9.98334E-05 0.882152 9.98334E-05 9.98334E-05 9.98334E-05 0.000630908 0.0377291 9.98334E-05 9.98334E-05
9.98333E-05 9.98333E-05 0.0407559 0.0378698 9.98333E-05 9.98333E-05 9.98333E-05 9.98333E-05 0.0571642 9.98333E-05 9.98333E-05 9.98333E-05 9.98333E-05 9.98333E-05 9.98333E-05 9.98333E-05 9.98333E-05 9.98333E-05 9.98333E-05 0.862313 9.98333E-05 9.98333E-05 9.98333E-05
0.0250234 9.98771E-05 0.116884 0.126919 9.98771E-05 0.104925 9.98771E-05 9.98771E-05 9.98771E-05 9.98771E-05 9.98771E-05 9.98771E-05 9.98771E-05 9.98771E-05 0.179244 0.363869 0.00343318 0.0680574 0.010246 9.98771E-05 9.98771E-05 9.98771E-05 9.98771E-05
9.98683E-05 9.98683E-05 0.0156987 0.071401 9.98683E-05 9.98683E-05 9.98683E-05 9.98683E-05 9.98683E-05 0.114936 9.98683E-05 9.98683E-05 9.98683E-05 0.0367442 0.18694 0.22822 9.98683E-05 0.24252 9.98683E-05 9.98683E-05 0.102041 9.98683E-05 9.98683E-05
9.98772E-05 0.0182158 9.98772E-05 0.0392812 9.98772E-05 9.98772E-05 9.98772E-05 0.0782615 9.98772E-05 0.0169961 9.98772E-05 9.98772E-05 9.98772E-05 0.0897762 9.98772E-05 0.483857 9.98772E-05 9.98772E-05 0.177338 0.0908869 9.98772E-05 0.00398915 9.98772E-05
0.0458758 9.98685E-05 9.98685E-05 0.18988 0.125647 9.98685E-05 9.98685E-05 9.98685E-05 9.98685E-05 9.98685E-05 9.98685E-05 0.132995 9.98685E-05 9.98685E-05 0.144838 9.98685E-05 9.98685E-05 0.0710477 9.98685E-05 0.203304 0.0849158 9.98685E-05 9.98685E-05
9.98595E-05 9.98595E-05 0.0813275 0.11636 9.98595E-05 9.98595E-05 9.98595E-05 9.98595E-05 9.98595E-05 9.98595E-05 9.98595E-05 9.98595E-05 9.98595E-05 0.0551253 9.98595E-05 0.425465 9.98595E-05 0.0757936 9.98595E-05 9.98595E-05 0.204142 0.040189 9.98595E-05
9.9816E-05 9.9816E-05 9.9816E-05 9.9816E-05 9.9816E-05 9.9816E-05 9.9816E-05 9.9816E-05 9.9816E-05 9.9816E-05 9.9816E-05 9.9816E-05 9.9816E-05 9.9816E-05 9.9816E-05 0.962427 0.0354769 9.9816E-05 9.9816E-05 9.9816E-05 9.9816E-05 9.9816E-05 9.9816E-05
0.0397603 9.98859E-05 9.98859E-05 9.98859E-05 9.98859E-05 9.98859E-05 0.0581166 9.98859E-05 0.0861341 9.98859E-05 9.98859E-05 0.0273116 0.175076 0.0292857 9.98859E-05 0.147921 9.98859E-05 0.0824469 9.98859E-05 0.31907 9.98859E-05 9.98859E-05 0.0335794
9.98685E-05 9.98685E-05 9.98685E-05 0.0163782 0.0711608 9.98685E-05 0.0684378 9.98685E-05 9.98685E-05 9.98685E-05 9.98685E-05 9.98685E-05 9.98685E-05 0.0869984 9.98685E-05 0.272727 9.98685E-05 0.165983 9.98685E-05 9.98685E-05 0.299816 9.98685E-05 0.0170012
9.9851E-05 9.9851E-05 9.9851E-05 0.00303864 9.9851E-05 0.0901082 9.9851E-05 0.0489915 9.9851E-05 9.9851E-05 9.9851E-05 9.9851E-05 9.9851E-05 9.9851E-05 0.145578 0.634512 9.9851E-05 9.9851E-05 9.9851E-05 9.9851E-05 9.9851E-05 9.9851E-05 0.0760749
0.0450151 9.98596E-05 9.98596E-05 0.238636 9.98596E-05 9.98596E-05 9.98596E-05 9.98596E-05 9.98596E-05 0.047396 9.98596E-05 9.98596E-05 9.98596E-05 9.98596E-05 0.0505456 0.0127035 9.98596E-05 9.98596E-05 9.98596E-05 0.386135 0.217971 9.98596E-05 9.98596E-05
9.9877E-05 9.9877E-05 0.0148938 0.23124 9.9877E-05 9.9877E-05 9.9877E-05 9.9877E-05 0.18111 9.9877E-05 9.9877E-05 9.9877E-05 0.0256151 9.9877E-05 9.9877E-05 0.0838786 0.146169 0.05336 9.9877E-05 0.22561 9.9877E-05 9.9877E-05 0.0367249
9.98772E-05 9.98772E-05 9.98772E-05 0.0723826 9.98772E-05 0.109328 0.013492 9.98772E-05 9.98772E-05 9.98772E-05 9.98772E-05 9.98772E-05 9.98772E-05 0.0518861 9.98772E-05 0.425988 9.98772E-05 0.0136461 0.0541947 0.243357 0.0143266 9.98772E-05 9.98772E-05
9.98859E-05 9.98859E-05 9.98859E-05 0.0353843 0.12646 0.144504 9.98859E-05 9.98859E-05 0.241773 0.0295791 9.98859E-05 9.98859E-05 0.0168993 9.98859E-05 9.98859E-05 0.0570955 9.98859E-05 9.98859E-05 9.98859E-05 9.98859E-05 0.330511 0.0106834 0.00581253
9.98422E-05 9.98422E-05 9.98422E-05 0.00277993 9.98422E-05 9.98422E-05 9.98422E-05 9.98422E-05 0.0470323 9.98422E-05 9.98422E-05 9.98422E-05 9.98422E-05 0.0790677 9.98422E-05 0.850687 9.98422E-05 9.98422E-05 9.98422E-05 9.98422E-05 0.0186359 9.98422E-05 9.98422E-05
0.00422085 9.98597E-05 9.98597E-05 0.148585 9.98597E-05 9.98597E-05 9.98597E-05 9.98597E-05 0.169444 9.98597E-05 9.98597E-05 9.98597E-05 9.98597E-05 9.98597E-05 0.0394593 0.611793 0.00284475 9.98597E-05 9.98597E-05 9.98597E-05 0.0220559 9.98597E-05 9.98597E-05
9.98333E-05 9.98333E-05 9.98333E-05 9.98333E-05 9.98333E-05 9.98333E-05 9.98333E-05 9.98333E-05 9.98333E-05 9.98333E-05 9.98333E-05 9.98333E-05 9.98333E-05 9.98333E-05 9.98333E-05 0.721626 9.98333E-05 9.98333E-05 0.240048 9.98333E-05 9.98333E-05 0.0265026 0.00992633
9.98595E-05 9.98595E-05 0.0109643 0.00675491 9.98595E-05 9.98595E-05 9.98595E-05 9.98595E-05 9.98595E-05 9.98595E-05 9.98595E-05 9.98595E-05 9.98595E-05 9.98595E-05 0.00889293 0.83203 0.0267346 0.0172828 9.98595E-05 9.98595E-05 9.98595E-05 9.98595E-05 0.0957425
9.98773E-05 0.00127064 9.98773E-05 0.0481822 9.98773E-05 0.0397892 9.98773E-05 9.98773E-05 0.170981 9.98773E-05 9.98773E-05 9.98773E-05 9.98773E-05 0.0745311 9.98773E-05 0.246051 9.98773E-05 9.98773E-05 9.98773E-05 0.371811 0.0107705 9.98773E-05 0.035216
9.98507E-05 9.98507E-05 9.98507E-05 0.220137 9.98507E-05 9.98507E-05 9.98507E-05 9.98507E-05 9.98507E-05 0.0548494 9.98507E-05 9.98507E-05 9.98507E-05 9.98507E-05 0.0173018 9.98507E-05 9.98507E-05 9.98507E-05 9.98507E-05 0.561411 0.0730193 9.98507E-05 0.0715835
9.98596E-05 0.0052219 9.98596E-05 0.114575 0.00360498 9.98596E-05 9.98596E-05 9.98596E-05 0.164833 9.98596E-05 9.98596E-05 9.98596E-05 0.046749 9.98596E-05 9.98596E-05 9.98596E-05 9.98596E-05 9.98596E-05 9.98596E-05 0.536174 0.127244 9.98596E-05 9.98596E-05
9.98247E-05 9.98247E-05 9.98247E-05 9.98247E-05 9.98247E-05 9.98247E-05 9.98247E-05 9.98247E-05 9.98247E-05 9.98247E-05 9.98247E-05 9.98247E-05 9.98247E-05 9.98247E-05 9.98247E-05 0.86842 0.119119 9.98247E-05 9.98247E-05 9.98247E-05 9.98247E-05 9.98247E-05 0.0104638
0.0710282 9.9886E-05 9.9886E-05 9.9886E-05 9.9886E-05 9.9886E-05 9.9886E-05 0.0592552 9.9886E-05 9.9886E-05 9.9886E-05 9.9886E-05 9.9886E-05 0.069325 0.042638 0.643853 0.00061806 0.0291475 9.9886E-05 9.9886E-05 0.0601448 0.00675646 0.0159352
9.98423E-05 9.98423E-05 9.98423E-05 9.98423E-05 9.98423E-05 9.98423E-05 9.98423E-05 9.98423E-05 9.98423E-05 0.0103653 9.98423E-05 9.98423E-05 0.0444395 0.000981928 9.98423E-05 0.928251 9.98423E-05 9.98423E-05 9.98423E-05 9.98423E-05 9.98423E-05 9.98423E-05 0.0141656
9.98334E-05 9.98334E-05 9.98334E-05 0.0481361 9.98334E-05 9.98334E-05 9.98334E-05 9.98334E-05 9.98334E-05 9.98334E-05 9.98334E-05 9.98334E-05 9.98334E-05 9.98334E-05 9.98334E-05 9.98334E-05 0.0238737 0.139459 9.98334E-05 0.786634 9.98334E-05 9.98334E-05 9.98334E-05
9.98772E-05 9.98772E-05 9.98772E-05 0.130421 9.98772E-05 9.98772E-05 0.0450947 0.00989473 9.98772E-05 9.98772E-05 9.98772E-05 9.98772E-05 0.0191749 9.98772E-05 9.98772E-05 0.568385 9.98772E-05 0.0273606 0.192939 9.98772E-05 0.00104572 9.98772E-05 0.00428595
9.98596E-05 9.98596E-05 9.98596E-05 0.0982469 9.98596E-05 0.0864988 9.98596E-05 9.98596E-05 0.0618365 0.0134345 9.98596E-05 9.98596E-05 0.0796434 9.98596E-05 9.98596E-05 0.31779 9.98596E-05 9.98596E-05 9.98596E-05 0.340952 9.98596E-05 9.98596E-05 9.98596E-05
9.98246E-05 9.98246E-05 9.98246E-05 0.0131474 9.98246E-05 9.98246E-05 9.98246E-05 9.98246E-05 9.98246E-05 9.98246E-05 9.98246E-05 9.98246E-05 9.98246E-05 9.98246E-05 9.98246E-05 0.969142 9.98246E-05 9.98246E-05 9.98246E-05 9.98246E-05 0.0157143 9.98246E-05 9.98246E-05
9.98336E-05 9.98336E-05 9.98336E-05 0.0783535 9.98336E-05 0.0117192 9.98336E-05 9.98336E-05 9.98336E-05 9.98336E-05 9.98336E-05 9.98336E-05 9.98336E-05 9.98336E-05 9.98336E-05 0.699705 9.98336E-05 9.98336E-05 9.98336E-05 9.98336E-05 0.208325 9.98336E-05 9.98336E-05
9.98334E-05 9.98334E-05 9.98334E-05 9.98334E-05 9.98334E-05 9.98334E-05 9.98334E-05 0.0576269 9.98334E-05 9.98334E-05 9.98334E-05 9.98334E-05 9.98334E-05 9.98334E-05 9.98334E-05 0.00814669 9.98334E-05 9.98334E-05 0.0804058 0.851924 9.98334E-05 9.98334E-05 9.98334E-05
0.0561491 9.98684E-05 9.98684E-05 0.153775 9.98684E-05 9.98684E-05 9.98684E-05 9.98684E-05 0.0226563 9.98684E-05 9.98684E-05 9.98684E-05 9.98684E-05 9.98684E-05 0.138643 0.453884 9.98684E-05 0.0954034 9.98684E-05 9.98684E-05 0.053033 9.98684E-05 0.0249585
9.98335E-05 9.98335E-05 9.98335E-05 0.232471 9.98335E-05 9.98335E-05 9.98335E-05 9.98335E-05 9.98335E-05 9.98335E-05 9.98335E-05 9.98335E-05 9.98335E-05 0.107828 9.98335E-05 9.98335E-05 9.98335E-05 9.98335E-05 9.98335E-05 0.317799 0.340005 9.98335E-05 9.98335E-05
9.98333E-05 9.98333E-05 9.98333E-05 9.98333E-05 9.98333E-05 9.98333E-05 9.98333E-05 9.98333E-05 9.98333E-05 9.98333E-05 9.98333E-05 0.0602791 9.98333E-05 0.00823264 9.98333E-05 0.823015 9.98333E-05 9.98333E-05 9.98333E-05 0.106576 9.98333E-05 9.98333E-05 9.98333E-05
9.98245E-05 9.98245E-05 9.98245E-05 0.0847954 9.98245E-05 9.98245E-05 9.98245E-05 9.98245E-05 9.98245E-05 9.98245E-05 9.98245E-05 9.98245E-05 9.98245E-05 9.98245E-05 9.98245E-05 9.98245E-05 9.98245E-05 0.0275338 9.98245E-05 0.885674 9.98245E-05 9.98245E-05 9.98245E-05
9.98247E-05 9.98247E-05 9.98247E-05 9.98247E-05 9.98247E-05 9.98247E-05 9.98247E-05 9.98247E-05 9.98247E-05 0.0100526 9.98247E-05 9.98247E-05 9.98247E-05 9.98247E-05 0.00945823 0.978493 9.98247E-05 9.98247E-05 9.98247E-05 9.98247E-05 9.98247E-05 9.98247E-05 9.98247E-05
9.98421E-05 9.98421E-05 9.98421E-05 0.0976756 9.98421E-05 9.98421E-05 9.98421E-05 9.98421E-05 9.98421E-05 9.98421E-05 9.98421E-05 9.98421E-05 0.0285124 9.98421E-05 0.105132 0.635138 9.98421E-05 9.98421E-05 9.98421E-05 9.98421E-05 0.131746 9.98421E-05 9.98421E-05
9.98247E-05 9.98247E-05 9.98247E-05 9.98247E-05 9.98247E-05 9.98247E-05 9.98247E-05 9.98247E-05 9.98247E-05 9.98247E-05 0.0629381 9.98247E-05 9.98247E-05 9.98247E-05 9.98247E-05 9.98247E-05 9.98247E-05 0.0128304 9.98247E-05 0.922235 9.98247E-05 9.98247E-05 9.98247E-05
0.0277898 9.98858E-05 9.98858E-05 0.196529 9.98858E-05 0.102454 9.98858E-05 9.98858E-05 0.0638386 9.98858E-05 9.98858E-05 9.98858E-05 9.98858E-05 9.98858E-05 0.0678576 0.291057 0.0427957 0.0401368 9.98858E-05 9.98858E-05 0.0457571 9.98858E-05 0.120486
0.0508943 9.98333E-05 9.98333E-05 9.98333E-05 9.98333E-05 9.98333E-05 0.0637154 9.98333E-05 9.98333E-05 9.98333E-05 9.98333E-05 9.98333E-05 9.98333E-05 0.0527724 9.98333E-05 9.98333E-05 9.98333E-05 9.98333E-05 9.98333E-05 0.830721 9.98333E-05 9.98333E-05 9.98333E-05
9.98247E-05 9.98247E-05 9.98247E-05 9.98247E-05 0.0598715 9.98247E-05 9.98247E-05 9.98247E-05 0.0135435 9.98247E-05 9.98247E-05 9.98247E-05 9.98247E-05 9.98247E-05 9.98247E-05 0.924589 9.98247E-05 9.98247E-05 9.98247E-05 9.98247E-05 9.98247E-05 9.98247E-05 9.98247E-05
9.98509E-05 9.98509E-05 0.0224853 0.0150711 9.98509E-05 9.98509E-05 0.114695 9.98509E-05 9.98509E-05 0.018562 0.0243235 9.98509E-05 9.98509E-05 9.98509E-05 9.98509E-05 9.98509E-05 9.98509E-05 9.98509E-05 9.98509E-05 0.803165 9.98509E-05 9.98509E-05 9.98509E-05
9.98249E-05 9.98249E-05 0.113876 0.0973144 9.98249E-05 9.98249E-05 9.98249E-05 9.98249E-05 9.98249E-05 9.98249E-05 9.98249E-05 9.98249E-05 9.98249E-05 9.98249E-05 9.98249E-05 0.786813 9.98249E-05 9.98249E-05 9.98249E-05 9.98249E-05 9.98249E-05 9.98249E-05 9.98249E-05
9.98597E-05 9.98597E-05 9.98597E-05 9.98597E-05 9.98597E-05 0.211464 9.98597E-05 9.98597E-05 9.98597E-05 0.0207821 9.98597E-05 9.98597E-05 9.98597E-05 9.98597E-05 0.00185463 0.638676 0.0866742 9.98597E-05 0.00327265 9.98597E-05 9.98597E-05 9.98597E-05 0.0356789
9.98421E-05 9.98421E-05 9.98421E-05 0.00162133 0.101675 9.98421E-05 9.98421E-05 9.98421E-05 9.98421E-05 9.98421E-05 9.98421E-05 9.98421E-05 0.0244308 9.98421E-05 9.98421E-05 0.838072 9.98421E-05 0.0324039 9.98421E-05 9.98421E-05 9.98421E-05 9.98421E-05 9.98421E-05
9.98422E-05 9.98422E-05 9.98422E-05 0.0427252 9.98422E-05 9.98422E-05 9.98422E-05 9.98422E-05 9.98422E-05 9.98422E-05 9.98422E-05 9.98422E-05 9.98422E-05 0.102626 9.98422E-05 0.554569 9.98422E-05 9.98422E-05 9.98422E-05 0.272188 9.98422E-05 9.98422E-05 0.0260951
9.98596E-05 9.98596E-05 9.98596E-05 0.0120738 9.98596E-05 9.98596E-05 9.98596E-05 9.98596E-05 9.98596E-05 9.98596E-05 0.00688843 9.98596E-05 9.98596E-05 9.98596E-05 9.98596E-05 0.359293 9.98596E-05 0.0444536 9.98596E-05 0.54919 0.0125987 0.0139056 9.98596E-05
9.98595E-05 9.98595E-05 9.98595E-05 0.122098 0.000425105 9.98595E-05 9.98595E-05 9.98595E-05 0.0984372 9.98595E-05 0.0272464 9.98595E-05 9.98595E-05 9.98595E-05 0.706331 9.98595E-05 9.98595E-05 0.0306191 9.98595E-05 9.98595E-05 9.98595E-05 9.98595E-05 0.0132457
9.98072E-05 9.98072E-05 9.98072E-05 9.98072E-05 9.98072E-05 9.98072E-05 9.98072E-05 9.98072E-05 9.98072E-05 9.98072E-05 9.98072E-05 9.98072E-05 9.98072E-05 9.98072E-05 0.997804 9.98072E-05 9.98072E-05 9.98072E-05 9.98072E-05 9.98072E-05 9.98072E-05 9.98072E-05 9.98072E-05
9.98158E-05 9.98158E-05 9.98158E-05 9.98158E-05 0.019539 9.98158E-05 9.98158E-05 9.98158E-05 9.98158E-05 9.98158E-05 9.98158E-05 9.98158E-05 9.98158E-05 9.98158E-05 0.978365 9.98158E-05 9.98158E-05 9.98158E-05 9.98158E-05 9.98158E-05 9.98158E-05 9.98158E-05 9.98158E-05
9.98772E-05 9.98772E-05 9.98772E-05 9.98772E-05 0.0581743 0.0551224 9.98772E-05 0.363566 0.0579767 9.98772E-05 0.0122333 9.98772E-05 9.98772E-05 9.98772E-05 0.284476 9.98772E-05 9.98772E-05 0.135213 9.98772E-05 9.98772E-05 9.98772E-05 0.0178824 0.0139574
9.98594E-05 9.98594E-05 9.98594E-05 0.00662864 0.0123938 9.98594E-05 0.113259 9.98594E-05 9.98594E-05 9.98594E-05 0.0129819 0.0314056 9.98594E-05 9.98594E-05 0.665088 9.98594E-05 9.98594E-05 0.156645 9.98594E-05 9.98594E-05 9.98594E-05 9.98594E-05 9.98594E-05
9.98505E-05 9.98505E-05 9.98505E-05 0.160218 9.98505E-05 9.98505E-05 9.98505E-05 9.98505E-05 0.065703 9.98505E-05 9.98505E-05 9.98505E-05 9.98505E-05 9.98505E-05 0.68517 9.98505E-05 9.98505E-05 0.0433095 9.98505E-05 9.98505E-05 0.0409823 0.00292016 9.98505E-05
9.98507E-05 9.98507E-05 9.98507E-05 0.116903 9.98507E-05 9.98507E-05 9.98507E-05 0.256434 9.98507E-05 9.98507E-05 9.98507E-05 9.98507E-05 0.0336416 0.0119026 0.539768 9.98507E-05 9.98507E-05 9.98507E-05 9.98507E-05 9.98507E-05 9.98507E-05 9.98507E-05 0.0396539
9.98682E-05 9.98682E-05 9.98682E-05 0.0729906 0.0844379 0.0652624 9.98682E-05 0.0880372 9.98682E-05 9.98682E-05 0.00923262 9.98682E-05 9.98682E-05 9.98682E-05 0.581941 9.98682E-05 9.98682E-05 0.0686112 9.98682E-05 9.98682E-05 9.98682E-05 9.98682E-05 0.0279888
9.98158E-05 9.98158E-05 9.98158E-05 9.98158E-05 9.98158E-05 9.98158E-05 9.98158E-05 9.98158E-05 0.00887362 9.98158E-05 9.98158E-05 9.98158E-05 9.98158E-05 9.98158E-05 0.98903 9.98158E-05 9.98158E-05 9.98158E-05 9.98158E-05 9.98158E-05 9.98158E-05 9.98158E-05 9.98158E-05
9.98157E-05 9.98157E-05 9.98157E-05 9.98157E-05 9.98157E-05 9.98157E-05 9.98157E-05 9.98157E-05 9.98157E-05 9.98157E-05 9.98157E-05 9.98157E-05 9.98157E-05 9.98157E-05 0.983626 9.98157E-05 9.98157E-05 9.98157E-05 9.98157E-05 9.98157E-05 9.98157E-05 9.98157E-05 0.014278
9.98506E-05 9.98506E-05 9.98506E-05 0.275238 0.022903 9.98506E-05 9.98506E-05 9.98506E-05 9.98506E-05 9.98506E-05 9.98506E-05 0.028468 9.98506E-05 9.98506E-05 0.507619 9.98506E-05 9.98506E-05 0.0373415 9.98506E-05 9.98506E-05 9.98506E-05 9.98506E-05 0.126732
9.98857E-05 9.98857E-05 0.110337 0.0791295 9.98857E-05 9.98857E-05 9.98857E-05 0.0801992 9.98857E-05 9.98857E-05 0.0228116 9.98857E-05 0.00690977 0.0125266 0.393644 9.98857E-05 9.98857E-05 9.98857E-05 9.98857E-05 9.98857E-05 0.163439 0.0980044 0.0316994
9.98593E-05 9.98593E-05 9.98593E-05 9.98593E-05 9.98593E-05 0.0618763 0.0102036 9.98593E-05 9.98593E-05 9.98593E-05 9.98593E-05 9.98593E-05 0.121193 9.98593E-05 0.533313 9.98593E-05 9.98593E-05 0.117494 9.98593E-05 9.98593E-05 9.98593E-05 0.106919 0.0474037
9.98594E-05 9.98594E-05 0.0189052 0.14526 9.98594E-05 9.98594E-05 0.0306227 0.0697025 9.98594E-05 9.98594E-05 0.0435362 9.98594E-05 9.98594E-05 9.98594E-05 0.577151 9.98594E-05 9.98594E-05 9.98594E-05 9.98594E-05 9.98594E-05 0.113224 9.98594E-05 9.98594E-05
9.98249E-05 9.98249E-05 9.98249E-05 9.98249E-05 9.98249E-05 9.98249E-05 9.98249E-05 9.98249E-05 9.98249E-05 0.0370983 0.0172206 9.98249E-05 9.98249E-05 9.98249E-05 0.943685 9.98249E-05 9.98249E-05 9.98249E-05 9.98249E-05 9.98249E-05 9.98249E-05 9.98249E-05 9.98249E-05
9.98422E-05 0.0146012 9.98422E-05 0.0143669 9.98422E-05 9.98422E-05 9.98422E-05 9.98422E-05 9.98422E-05 9.98422E-05 9.98422E-05 9.98422E-05 9.98422E-05 9.98422E-05 0.926617 9.98422E-05 9.98422E-05 0.0373138 9.98422E-05 9.98422E-05 9.98422E-05 9.98422E-05 0.00530393
9.98681E-05 9.98681E-05 9.98681E-05 0.016678 0.0377315 0.0902774 0.0118474 9.98681E-05 0.0207742 9.98681E-05 0.101127 9.98681E-05 9.98681E-05 0.0591011 0.660966 9.98681E-05 9.98681E-05 9.98681E-05 9.98681E-05 9.98681E-05 9.98681E-05 9.98681E-05 9.98681E-05
9.98508E-05 9.98508E-05 9.98508E-05 9.98508E-05 9.98508E-05 9.98508E-05 9.98508E-05 9.98508E-05 9.98508E-05 9.98508E-05 9.98508E-05 9.98508E-05 9.98508E-05 0.129458 0.506946 9.98508E-05 9.98508E-05 0.0119823 9.98508E-05 9.98508E-05 0.152384 0.0475471 0.149985
9.98421E-05 9.98421E-05 9.98421E-05 0.0225822 0.107788 9.98421E-05 9.98421E-05 9.98421E-05 9.98421E-05 9.98421E-05 9.98421E-05 9.98421E-05 9.98421E-05 9.98421E-05 0.793537 9.98421E-05 9.98421E-05 0.0326861 9.98421E-05 9.98421E-05 9.98421E-05 9.98421E-05 0.0416085
9.98329E-05 9.98329E-05 9.98329E-05 0.210943 9.98329E-05 9.98329E-05 9.98329E-05 9.98329E-05 9.98329E-05 0.11546 9.98329E-05 9.98329E-05 9.98329E-05 9.98329E-05 0.663817 9.98329E-05 0.00788323 9.98329E-05 9.98329E-05 9.98329E-05 9.98329E-05 9.98329E-05 9.98329E-05
9.98161E-05 0.0429981 9.98161E-05 9.98161E-05 9.98161E-05 9.98161E-05 9.98161E-05 9.98161E-05 9.98161E-05 9.98161E-05 9.98161E-05 9.98161E-05 9.98161E-05 9.98161E-05 0.954906 9.98161E-05 9.98161E-05 9.98161E-05 9.98161E-05 9.98161E-05 9.98161E-05 9.98161E-05 9.98161E-05
9.98681E-05 9.98681E-05 9.98681E-05 0.00458992 0.046928 0.04571 9.98681E-05 0.0241989 9.98681E-05 9.98681E-05 0.0796706 9.98681E-05 9.98681E-05 0.00336962 0.585126 9.98681E-05 9.98681E-05 9.98681E-05 9.98681E-05 9.98681E-05 0.208909 9.98681E-05 9.98681E-05
9.98684E-05 9.98684E-05 0.006502 0.0267013 0.0106944 9.98684E-05 9.98684E-05 0.00437455 0.249425 9.98684E-05 9.98684E-05 9.98684E-05 9.98684E-05 9.98684E-05 0.627262 9.98684E-05 0.0593555 9.98684E-05 9.98684E-05 9.98684E-05 9.98684E-05 9.98684E-05 0.0141875
0.000599974 9.98683E-05 9.98683E-05 9.98683E-05 0.0582496 9.98683E-05 0.0194211 9.98683E-05 9.98683E-05 9.98683E-05 0.0587717 0.0378001 9.98683E-05 0.0675202 0.720316 9.98683E-05 9.98683E-05 0.0358232 9.98683E-05 9.98683E-05 9.98683E-05 9.98683E-05 9.98683E-05
9.98331E-05 9.98331E-05 9.98331E-05 0.00700423 9.98331E-05 9.98331E-05 9.98331E-05 9.98331E-05 9.98331E-05 9.98331E-05 9.98331E-05 9.98331E-05 9.98331E-05 9.98331E-05 0.7717 9.98331E-05 9.98331E-05 9.98331E-05 9.98331E-05 9.98331E-05 9.98331E-05 0.100127 0.119272
9.98335E-05 9.98335E-05 9.98335E-05 0.0255296 9.98335E-05 9.98335E-05 9.98335E-05 0.0704094 9.98335E-05 9.98335E-05 9.98335E-05 9.98335E-05 9.98335E-05 9.98335E-05 0.869683 9.98335E-05 9.98335E-05 0.0324809 9.98335E-05 9.98335E-05 9.98335E-05 9.98335E-05 9.98335E-05
9.9816E-05 9.9816E-05 9.9816E-05 9.9816E-05 0.0173572 9.9816E-05 9.9816E-05 9.9816E-05 9.9816E-05 9.9816E-05 9.9816E-05 9.9816E-05 9.9816E-05 9.9816E-05 0.980547 9.9816E-05 9.9816E-05 9.9816E-05 9.9816E-05 9.9816E-05 9.9816E-05 9.9816E-05 9.9816E-05
9.98071E-05 9.98071E-05 9.98071E-05 9.98071E-05 9.98071E-05 9.98071E-05 9.98071E-05 9.98071E-05 9.98071E-05 9.98071E-05 9.98071E-05 9.98071E-05 9.98071E-05 9.98071E-05 0.997804 9.98071E-05 9.98071E-05 9.98071E-05 9.98071E-05 9.98071E-05 9.98071E-05 9.98071E-05 9.98071E-05
9.98158E-05 9.98158E-05 9.98158E-05 9.98158E-05 0.11545 9.98158E-05 9.98158E-05 9.98158E-05 9.98158E-05 9.98158E-05 9.98158E-05 9.98158E-05 9.98158E-05 9.98158E-05 0.882454 9.98158E-05 9.98158E-05 9.98158E-05 9.98158E-05 9.98158E-05 9.98158E-05 9.98158E-05 9.98158E-05
9.98511E-05 9.98511E-05 9.98511E-05 0.095569 9.98511E-05 9.98511E-05 9.98511E-05 9.98511E-05 9.98511E-05 9.98511E-05 9.98511E-05 9.98511E-05 0.0136494 9.98511E-05 0.479742 9.98511E-05 0.0211405 0.156487 0.231715 9.98511E-05 9.98511E-05 9.98511E-05 9.98511E-05
9.98335E-05 9.98335E-05 9.98335E-05 0.143679 9.98335E-05 0.614162 9.98335E-05 9.98335E-05 0.169282 9.98335E-05 9.98335E-05 9.98335E-05 9.98335E-05 9.98335E-05 9.98335E-05 9.98335E-05 9.98335E-05 0.0709794 9.98335E-05 9.98335E-05 9.98335E-05 9.98335E-05 9.98335E-05
9.98334E-05 9.98334E-05 9.98334E-05 0.00722633 9.98334E-05 0.140937 9.98334E-05 9.98334E-05 0.295216 9.98334E-05 9.98334E-05 9.98334E-05 9.98334E-05 9.98334E-05 9.98334E-05 9.98334E-05 9.98334E-05 9.98334E-05 0.554724 9.98334E-05 9.98334E-05 9.98334E-05 9.98334E-05
9.9842E-05 9.9842E-05 9.9842E-05 0.0521648 0.0330863 0.256338 9.9842E-05 9.9842E-05 0.616773 9.9842E-05 9.9842E-05 9.9842E-05 9.9842E-05 9.9842E-05 9.9842E-05 9.9842E-05 9.9842E-05 9.9842E-05 9.9842E-05 9.9842E-05 9.9842E-05 9.9842E-05 0.0398407
9.98417E-05 9.98417E-05 9.98417E-05 0.0492263 9.98417E-05 0.436326 9.98417E-05 9.98417E-05 0.469148 9.98417E-05 9.98417E-05 9.98417E-05 9.98417E-05 9.98417E-05 9.98417E-05 9.98417E-05 9.98417E-05 0.0331383 9.98417E-05 9.98417E-05 9.98417E-05 9.98417E-05 0.0103641
9.98331E-05 9.98331E-05 9.98331E-05 9.98331E-05 9.98331E-05 0.87797 9.98331E-05 9.98331E-05 0.0656726 9.98331E-05 9.98331E-05 9.98331E-05 9.98331E-05 9.98331E-05 9.98331E-05 9.98331E-05 9.98331E-05 0.0430491 9.98331E-05 9.98331E-05 9.98331E-05 0.0114118 9.98331E-05
9.98422E-05 9.98422E-05 9.98422E-05 0.134456 9.98422E-05 0.671729 9.98422E-05 0.0354035 9.98422E-05 9.98422E-05 9.98422E-05 9.98422E-05 9.98422E-05 0.00658488 9.98422E-05 9.98422E-05 9.98422E-05 0.15003 9.98422E-05 9.98422E-05 9.98422E-05 9.98422E-05 9.98422E-05
9.98419E-05 9.98419E-05 9.98419E-05 0.030175 0.0123952 9.98419E-05 9.98419E-05 9.98419E-05 0.866207 9.98419E-05 9.98419E-05 9.98419E-05 9.98419E-05 9.98419E-05 9.98419E-05 9.98419E-05 9.98419E-05 0.0708006 9.98419E-05 9.98419E-05 9.98419E-05 0.0186248 9.98419E-05
9.98331E-05 9.98331E-05 9.98331E-05 0.00032881 9.98331E-05 0.0667263 9.98331E-05 9.98331E-05 0.75349 9.98331E-05 9.98331E-05 9.98331E-05 9.98331E-05 9.98331E-05 9.98331E-05 9.98331E-05 9.98331E-05 0.177558 9.98331E-05 9.98331E-05 9.98331E-05 9.98331E-05 9.98331E-05
9.98419E-05 9.98419E-05 9.98419E-05 9.98419E-05 9.98419E-05 0.0357448 9.98419E-05 0.293267 0.320677 9.98419E-05 9.98419E-05 9.98419E-05 9.98419E-05 9.98419E-05 9.98419E-05 9.98419E-05 9.98419E-05 0.337905 9.98419E-05 9.98419E-05 9.98419E-05 9.98419E-05 0.010609
9.98596E-05 9.98596E-05 9.98596E-05 0.191766 9.98596E-05 0.0552453 9.98596E-05 9.98596E-05 0.469929 9.98596E-05 0.020953 9.98596E-05 9.98596E-05 9.98596E-05 9.98596E-05 9.98596E-05 9.98596E-05 0.179038 9.98596E-05 9.98596E-05 0.0120776 0.0693922 9.98596E-05
9.98334E-05 0.194198 9.98334E-05 9.98334E-05 9.98334E-05 0.459253 9.98334E-05 0.204604 0.140048 9.98334E-05 9.98334E-05 9.98334E-05 9.98334E-05 9.98334E-05 9.98334E-05 9.98334E-05 9.98334E-05 9.98334E-05 9.98334E-05 9.98334E-05 9.98334E-05 9.98334E-05 9.98334E-05
9.98596E-05 9.98596E-05 9.98596E-05 0.00910779 9.98596E-05 0.323318 9.98596E-05 0.116649 0.281048 9.98596E-05 9.98596E-05 0.0603189 9.98596E-05 9.98596E-05 9.98596E-05 9.98596E-05 9.98596E-05 9.98596E-05 0.142216 9.98596E-05 9.98596E-05 9.98596E-05 0.0657441
9.98247E-05 9.98247E-05 9.98247E-05 9.98247E-05 9.98247E-05 0.339578 9.98247E-05 9.98247E-05 0.567299 9.98247E-05 9.98247E-05 9.98247E-05 9.98247E-05 9.98247E-05 9.98247E-05 9.98247E-05 9.98247E-05 0.091126 9.98247E-05 9.98247E-05 9.98247E-05 9.98247E-05 9.98247E-05
9.98422E-05 0.0884992 9.98422E-05 0.155242 9.98422E-05 0.510402 9.98422E-05 9.98422E-05 0.152451 9.98422E-05 9.98422E-05 9.98422E-05 9.98422E-05 9.98422E-05 9.98422E-05 9.98422E-05 9.98422E-05 0.0916087 9.98422E-05 9.98422E-05 9.98422E-05 9.98422E-05 9.98422E-05
9.98597E-05 0.114884 9.98597E-05 9.98597E-05 0.0896333 0.494697 9.98597E-05 9.98597E-05 0.161573 9.98597E-05 9.98597E-05 9.98597E-05 0.0407886 9.98597E-05 9.98597E-05 9.98597E-05 9.98597E-05 0.0504167 9.98597E-05 9.98597E-05 9.98597E-05 0.0464101 9.98597E-05
9.98422E-05 9.98422E-05 9.98422E-05 0.157831 9.98422E-05 0.783396 9.98422E-05 0.0282638 9.98422E-05 9.98422E-05 0.00123597 9.98422E-05 9.98422E-05 9.98422E-05 9.98422E-05 9.98422E-05 9.98422E-05 9.98422E-05 9.98422E-05 9.98422E-05 9.98422E-05 9.98422E-05 0.0274767
9.98771E-05 0.0401624 9.98771E-05 0.0146704 0.0470071 0.222493 9.98771E-05 0.27405 0.279524 9.98771E-05 9.98771E-05 0.08741 9.98771E-05 9.98771E-05 9.98771E-05 9.98771E-05 9.98771E-05 0.0288166 9.98771E-05 9.98771E-05 9.98771E-05 0.00446814 9.98771E-05
9.98686E-05 9.98686E-05 9.98686E-05 9.98686E-05 9.98686E-05 0.494941 0.11482 9.98686E-05 0.186028 9.98686E-05 9.98686E-05 9.98686E-05 0.00102937 9.98686E-05 9.98686E-05 9.98686E-05 9.98686E-05 0.0814775 0.00286062 0.0230855 0.0942609 9.98686E-05 9.98686E-05
9.98334E-05 0.0576163 9.98334E-05 9.98334E-05 9.98334E-05 0.717461 9.98334E-05 9.98334E-05 0.211178 9.98334E-05 9.98334E-05 9.98334E-05 9.98334E-05 9.98334E-05 9.98334E-05 9.98334E-05 9.98334E-05 0.0118479 9.98334E-05 9.98334E-05 9.98334E-05 9.98334E-05 9.98334E-05
9.98682E-05 9.98682E-05 9.98682E-05 0.0514554 9.98682E-05 0.215794 9.98682E-05 9.98682E-05 0.0973173 9.98682E-05 9.98682E-05 0.0794774 0.0238653 9.98682E-05 9.98682E-05 9.98682E-05 9.98682E-05 0.0820621 0.439575 9.98682E-05 9.98682E-05 9.98682E-05 0.0089562
9.98509E-05 0.045062 9.98509E-05 0.0655263 9.98509E-05 0.78631 0.0149272 0.0623755 9.98509E-05 9.98509E-05 9.98509E-05 9.98509E-05 9.98509E-05 0.0241017 9.98509E-05 9.98509E-05 9.98509E-05 9.98509E-05 9.98509E-05 9.98509E-05 9.98509E-05 9.98509E-05 9.98509E-05
9.98333E-05 9.98333E-05 9.98333E-05 9.98333E-05 0.0208365 0.817384 9.98333E-05 9.98333E-05 0.138283 9.98333E-05 9.98333E-05 9.98333E-05 9.98333E-05 9.98333E-05 9.98333E-05 9.98333E-05 9.98333E-05 0.0215997 9.98333E-05 9.98333E-05 9.98333E-05 9.98333E-05 9.98333E-05
9.98508E-05 9.98508E-05 9.98508E-05 0.236702 9.98508E-05 0.443811 9.98508E-05 0.0448582 9.98508E-05 0.0116919 9.98508E-05 0.0786857 9.98508E-05 9.98508E-05 9.98508E-05 9.98508E-05 9.98508E-05 0.182554 9.98508E-05 9.98508E-05 9.98508E-05 9.98508E-05 9.98508E-05
9.98509E-05 0.0561909 0.077535 0.0176633 9.98509E-05 0.544292 9.98509E-05 9.98509E-05 0.187614 9.98509E-05 9.98509E-05 9.98509E-05 9.98509E-05 9.98509E-05 9.98509E-05 9.98509E-05 9.98509E-05 0.115007 9.98509E-05 9.98509E-05 9.98509E-05 9.98509E-05 9.98509E-05
9.98509E-05 9.98509E-05 9.98509E-05 0.25628 9.98509E-05 0.523799 9.98509E-05 0.0411217 9.98509E-05 9.98509E-05 9.98509E-05 0.0352929 9.98509E-05 9.98509E-05 9.98509E-05 9.98509E-05 9.98509E-05 0.128296 9.98509E-05 9.98509E-05 9.98509E-05 9.98509E-05 0.0135131
9.98422E-05 0.19695 9.98422E-05 0.122614 9.98422E-05 9.98422E-05 9.98422E-05 0.0144792 0.566692 9.98422E-05 9.98422E-05 9.98422E-05 9.98422E-05 9.98422E-05 9.98422E-05 9.98422E-05 9.98422E-05 0.0974673 9.98422E-05 9.98422E-05 9.98422E-05 9.98422E-05 9.98422E-05
0.0552564 9.98333E-05 9.98333E-05 9.98333E-05 9.98333E-05 0.201994 9.98333E-05 9.98333E-05 9.98333E-05 9.98333E-05 9.98333E-05 9.98333E-05 9.98333E-05 9.98333E-05 9.98333E-05 9.98333E-05 0.0420638 9.98333E-05 0.698789 9.98333E-05 9.98333E-05 9.98333E-05 9.98333E-05
9.98505E-05 9.98505E-05 9.98505E-05 0.0126383 9.98505E-05 0.54759 9.98505E-05 9.98505E-05 0.349915 9.98505E-05 9.98505E-05 0.00214216 9.98505E-05 0.00550468 9.98505E-05 9.98505E-05 9.98505E-05 0.0805125 9.98505E-05 9.98505E-05 9.98505E-05 9.98505E-05 9.98505E-05
9.98335E-05 9.98335E-05 9.98335E-05 0.141474 9.98335E-05 0.395488 9.98335E-05 9.98335E-05 0.229192 9.98335E-05 9.98335E-05 9.98335E-05 9.98335E-05 9.98335E-05 9.98335E-05 9.98335E-05 9.98335E-05 0.23195 9.98335E-05 9.98335E-05 9.98335E-05 9.98335E-05 9.98335E-05
9.98509E-05 0.0872373 9.98509E-05 0.104058 9.98509E-05 0.642897 9.98509E-05 9.98509E-05 0.0796582 9.98509E-05 9.98509E-05 0.0665096 9.98509E-05 9.98509E-05 9.98509E-05 9.98509E-05 9.98509E-05 9.98509E-05 9.98509E-05 9.98509E-05 9.98509E-05 9.98509E-05 0.0179427
9.98421E-05 9.98421E-05 9.98421E-05 0.13682 9.98421E-05 9.98421E-05 9.98421E-05 9.98421E-05 0.792383 9.98421E-05 9.98421E-05 9.98421E-05 0.0314592 9.98421E-05 9.98421E-05 9.98421E-05 9.98421E-05 0.0156251 9.98421E-05 9.98421E-05 9.98421E-05 9.98421E-05 0.0219163
9.98244E-05 9.98244E-05 9.98244E-05 9.98244E-05 9.98244E-05 0.375572 9.98244E-05 9.98244E-05 0.560701 0.0617311 9.98244E-05 9.98244E-05 9.98244E-05 9.98244E-05 9.98244E-05 9.98244E-05 9.98244E-05 9.98244E-05 9.98244E-05 9.98244E-05 9.98244E-05 9.98244E-05 9.98244E-05
9.98595E-05 9.98595E-05 9.98595E-05 0.12006 9.98595E-05 0.348898 0.0094793 9.98595E-05 0.068709 9.98595E-05 0.00647883 0.165735 9.98595E-05 9.98595E-05 9.98595E-05 9.98595E-05 9.98595E-05 0.279042 9.98595E-05 9.98595E-05 9.98595E-05 9.98595E-05 9.98595E-05
9.98507E-05 9.98507E-05 0.0595567 9.98507E-05 9.98507E-05 0.286389 9.98507E-05 9.98507E-05 0.490176 9.98507E-05 9.98507E-05 9.98507E-05 9.98507E-05 9.98507E-05 9.98507E-05 9.98507E-05 0.018025 0.0222707 9.98507E-05 9.98507E-05 0.121885 9.98507E-05 9.98507E-05
9.98157E-05 9.98157E-05 9.98157E-05 9.98157E-05 9.98157E-05 0.0978045 9.98157E-05 9.98157E-05 0.900099 9.98157E-05 9.98157E-05 9.98157E-05 9.98157E-05 9.98157E-05 9.98157E-05 9.98157E-05 9.98157E-05 9.98157E-05 9.98157E-05 9.98157E-05 9.98157E-05 9.98157E-05 9.98157E-05
9.98509E-05 9.98509E-05 9.98509E-05 9.98509E-05 9.98509E-05 0.582242 9.98509E-05 9.98509E-05 0.181246 9.98509E-05 9.98509E-05 0.0303823 9.98509E-05 9.98509E-05 9.98509E-05 9.98509E-05 9.98509E-05 0.0902196 0.0841075 9.98509E-05 9.98509E-05 0.0301052 9.98509E-05
9.98419E-05 9.98419E-05 9.98419E-05 0.167284 9.98419E-05 0.606285 9.98419E-05 9.98419E-05 0.0500316 9.98419E-05 9.98419E-05 9.98419E-05 9.98419E-05 9.98419E-05 9.98419E-05 9.98419E-05 9.98419E-05 0.104223 9.98419E-05 9.98419E-05 9.98419E-05 0.0703796 9.98419E-05
9.98245E-05 0.62252 9.98245E-05 9.98245E-05 9.98245E-05 0.350629 9.98245E-05 9.98245E-05 9.98245E-05 9.98245E-05 9.98245E-05 9.98245E-05 9.98245E-05 9.98245E-05 9.98245E-05 9.98245E-05 9.98245E-05 0.0248546 9.98245E-05 9.98245E-05 9.98245E-05 9.98245E-05 9.98245E-05
9.98597E-05 0.229127 9.98597E-05 0.0126747 9.98597E-05 0.494174 9.98597E-05 9.98597E-05 0.184785 9.98597E-05 9.98597E-05 0.0176769 9.98597E-05 9.98597E-05 9.98597E-05 9.98597E-05 9.98597E-05 0.0560942 0.00386977 9.98597E-05 9.98597E-05 9.98597E-05 9.98597E-05
9.98423E-05 0.361945 9.98423E-05 9.98423E-05 9.98423E-05 0.148051 9.98423E-05 9.98423E-05 0.460699 9.98423E-05 9.98423E-05 9.98423E-05 9.98423E-05 9.98423E-05 9.98423E-05 9.98423E-05 0.0067327 9.98423E-05 9.98423E-05 9.98423E-05 9.98423E-05 0.0207747 9.98423E-05
9.98334E-05 0.535399 9.98334E-05 9.98334E-05 9.98334E-05 0.303125 9.98334E-05 9.98334E-05 0.135627 9.98334E-05 9.98334E-05 0.0239532 9.98334E-05 9.98334E-05 9.98334E-05 9.98334E-05 9.98334E-05 9.98334E-05 9.98334E-05 9.98334E-05 9.98334E-05 9.98334E-05 9.98334E-05
9.9842E-05 9.9842E-05 9.9842E-05 0.291576 9.9842E-05 0.458611 9.9842E-05 0.0939145 0.0727248 9.9842E-05 9.9842E-05 9.9842E-05 9.9842E-05 9.9842E-05 9.9842E-05 9.9842E-05 9.9842E-05 0.0813766 9.9842E-05 9.9842E-05 9.9842E-05 9.9842E-05 9.9842E-05
9.98333E-05 9.98333E-05 0.0514934 9.98333E-05 9.98333E-05 0.698313 9.98333E-05 9.98333E-05 0.131558 9.98333E-05 9.98333E-05 9.98333E-05 9.98333E-05 9.98333E-05 9.98333E-05 9.98333E-05 9.98333E-05 0.116738 9.98333E-05 9.98333E-05 9.98333E-05 9.98333E-05 9.98333E-05
9.98244E-05 9.98244E-05 9.98244E-05 9.98244E-05 9.98244E-05 9.98244E-05 9.98244E-05 9.98244E-05 9.98244E-05 9.98244E-05 9.98244E-05 0.108681 9.98244E-05 9.98244E-05 9.98244E-05 9.98244E-05 9.98244E-05 0.164956 0.724367 9.98244E-05 9.98244E-05 9.98244E-05 9.98244E-05
9.98157E-05 9.98157E-05 9.98157E-05 9.98157E-05 9.98157E-05 9.98157E-05 9.98157E-05 9.98157E-05 0.523997 9.98157E-05 9.98157E-05 9.98157E-05 9.98157E-05 9.98157E-05 9.98157E-05 9.98157E-05 9.98157E-05 9.98157E-05 0.473907 9.98157E-05 9.98157E-05 9.98157E-05 9.98157E-05
9.9877E-05 9.9877E-05 9.9877E-05 0.0102319 0.0340987 0.318437 9.9877E-05 0.119074 0.257716 9.9877E-05 9.9877E-05 0.101986 9.9877E-05 9.9877E-05 9.9877E-05 9.9877E-05 9.9877E-05 0.103364 9.9877E-05 9.9877E-05 0.0509418 9.9877E-05 0.00275186
9.98509E-05 9.98509E-05 9.98509E-05 0.0326595 0.0549012 9.98509E-05 9.98509E-05 9.98509E-05 0.752547 9.98509E-05 9.98509E-05 9.98509E-05 9.98509E-05 9.98509E-05 0.102492 9.98509E-05 9.98509E-05 0.0382853 9.98509E-05 9.98509E-05 9.98509E-05 0.0174174 9.98509E-05
0.0174934 9.98687E-05 9.98687E-05 0.0867632 9.98687E-05 0.0951518 9.98687E-05 0.144755 0.440642 0.0701522 9.98687E-05 9.98687E-05 9.98687E-05 9.98687E-05 9.98687E-05 9.98687E-05 9.98687E-05 0.107316 9.98687E-05 9.98687E-05 9.98687E-05 0.0362272 9.98687E-05
9.98597E-05 9.98597E-05 9.98597E-05 0.209452 9.98597E-05 0.270169 9.98597E-05 9.98597E-05 0.220737 9.98597E-05 9.98597E-05 0.0390085 9.98597E-05 9.98597E-05 9.98597E-05 9.98597E-05 9.98597E-05 0.211098 9.98597E-05 9.98597E-05 0.0107621 9.98597E-05 0.0371768
9.98332E-05 0.60919 9.98332E-05 0.0036856 9.98332E-05 0.0580346 9.98332E-05 9.98332E-05 0.327193 9.98332E-05 9.98332E-05 9.98332E-05 9.98332E-05 9.98332E-05 9.98332E-05 9.98332E-05 9.98332E-05 9.98332E-05 9.98332E-05 9.98332E-05 9.98332E-05 9.98332E-05 9.98332E-05
9.9842E-05 9.9842E-05 9.9842E-05 0.108329 9.9842E-05 0.465467 9.9842E-05 9.9842E-05 0.258455 9.9842E-05 0.0141401 9.9842E-05 9.9842E-05 0.151812 9.9842E-05 9.9842E-05 9.9842E-05 9.9842E-05 9.9842E-05 9.9842E-05 9.9842E-05 9.9842E-05 9.9842E-05
9.98509E-05 0.405651 9.98509E-05 0.0278671 9.98509E-05 0.242204 9.98509E-05 0.0208845 9.98509E-05 9.98509E-05 9.98509E-05 9.98509E-05 9.98509E-05 9.98509E-05 9.98509E-05 9.98509E-05 9.98509E-05 0.0977528 0.203943 9.98509E-05 9.98509E-05 9.98509E-05 9.98509E-05
9.98334E-05 0.223956 9.98334E-05 0.109891 9.98334E-05 0.575343 9.98334E-05 9.98334E-05 9.98334E-05 9.98334E-05 9.98334E-05 9.98334E-05 9.98334E-05 9.98334E-05 9.98334E-05 9.98334E-05 9.98334E-05 0.0889133 9.98334E-05 9.98334E-05 9.98334E-05 9.98334E-05 9.98334E-05
9.9842E-05 9.9842E-05 9.9842E-05 9.9842E-05 0.00490959 0.765075 9.9842E-05 0.0742825 0.0995325 9.9842E-05 9.9842E-05 9.9842E-05 0.0544028 9.9842E-05 9.9842E-05 9.9842E-05 9.9842E-05 9.9842E-05 9.9842E-05 9.9842E-05 9.9842E-05 9.9842E-05 9.9842E-05
9.98243E-05 9.98243E-05 9.98243E-05 9.98243E-05 9.98243E-05 0.342281 9.98243E-05 9.98243E-05 0.518092 9.98243E-05 9.98243E-05 9.98243E-05 9.98243E-05 0.137631 9.98243E-05 9.98243E-05 9.98243E-05 9.98243E-05 9.98243E-05 9.98243E-05 9.98243E-05 9.98243E-05 9.98243E-05
9.98419E-05 9.98419E-05 9.98419E-05 0.185698 9.98419E-05 0.410774 9.98419E-05 0.0876877 0.140516 9.98419E-05 9.98419E-05 9.98419E-05 9.98419E-05 9.98419E-05 9.98419E-05 9.98419E-05 9.98419E-05 0.173527 9.98419E-05 9.98419E-05 9.98419E-05 9.98419E-05 9.98419E-05
9.98332E-05 9.98332E-05 9.98332E-05 0.108484 9.98332E-05 0.504122 9.98332E-05 9.98332E-05 0.272813 9.98332E-05 9.98332E-05 9.98332E-05 9.98332E-05 9.98332E-05 9.98332E-05 9.98332E-05 9.98332E-05 0.112684 9.98332E-05 9.98332E-05 9.98332E-05 9.98332E-05 9.98332E-05
9.98331E-05 9.98331E-05 9.98331E-05 9.98331E-05 9.98331E-05 0.372789 9.98331E-05 9.98331E-05 0.511792 0.105061 9.98331E-05 9.98331E-05 9.98331E-05 9.98331E-05 9.98331E-05 9.98331E-05 9.98331E-05 0.00846036 9.98331E-05 9.98331E-05 9.98331E-05 9.98331E-05 9.98331E-05
9.98247E-05 0.0132611 9.98247E-05 9.98247E-05 9.98247E-05 0.864061 9.98247E-05 9.98247E-05 9.98247E-05 9.98247E-05 9.98247E-05 0.120682 9.98247E-05 9.98247E-05 9.98247E-05 9.98247E-05 9.98247E-05 9.98247E-05 9.98247E-05 9.98247E-05 9.98247E-05 9.98247E-05 9.98247E-05
9.98509E-05 0.148779 9.98509E-05 0.0249653 9.98509E-05 0.394384 9.98509E-05 0.0150907 0.245695 9.98509E-05 9.98509E-05 9.98509E-05 9.98509E-05 9.98509E-05 9.98509E-05 9.98509E-05 9.98509E-05 0.169389 9.98509E-05 9.98509E-05 9.98509E-05 9.98509E-05 9.98509E-05
9.98068E-05 9.98068E-05 9.98068E-05 0.997804 9.98068E-05 9.98068E-05 9.98068E-05 9.98068E-05 9.98068E-05 9.98068E-05 9.98068E-05 9.98068E-05 9.98068E-05 9.98068E-05 9.98068E-05 9.98068E-05 9.98068E-05 9.98068E-05 9.98068E-05 9.98068E-05 9.98068E-05 9.98068E-05 9.98068E-05
9.98067E-05 9.98067E-05 9.98067E-05 9.98067E-05 9.98067E-05 9.98067E-05 9.98067E-05 9.98067E-05 9.98067E-05 9.98067E-05 9.98067E-05 9.98067E-05 9.98067E-05 9.98067E-05 9.98067E-05 9.98067E-05 9.98067E-05 0.997804 9.98067E-05 9.98067E-05 9.98067E-05 9.98067E-05 9.98067E-05
9.98066E-05 9.98066E-05 9.98066E-05 0.997804 9.98066E-05 9.98066E-05 9.98066E-05 9.98066E-05 9.98066E-05 9.98066E-05 9.98066E-05 9.98066E-05 9.98066E-05 9.98066E-05 9.98066E-05 9.98066E-05 9.98066E-05 9.98066E-05 9.98066E-05 9.98066E-05 9.98066E-05 9.98066E-05 9.98066E-05
9.98065E-05 9.98065E-05 9.98065E-05 9.98065E-05 9.98065E-05 9.98065E-05 9.98065E-05 9.98065E-05 9.98065E-05 9.98065E-05 9.98065E-05 9.98065E-05 9.98065E-05 9.98065E-05 9.98065E-05 9.98065E-05 9.98065E-05 0.997804 9.98065E-05 9.98065E-05 9.98065E-05 9.98065E-05 9.98065E-05
