0.501511 9.99649E-05 9.99649E-05 9.99649E-05 0.135641 0.0207013 9.99649E-05 0.00541956 0.336328
0.781791 9.99561E-05 9.99561E-05 9.99561E-05 9.99561E-05 0.00546626 9.99561E-05 0.055983 0.15626
0.951258 9.99736E-05 0.00235396 0.0178463 9.99736E-05 0.0030206 0.0174292 0.00779221 9.99736E-05
0.295881 0.00400499 0.41401 0.0359433 0.000343391 0.0739193 9.99912E-05 0.0435932 0.132204
0.881417 9.99385E-05 0.117883 9.99385E-05 9.99385E-05 9.99385E-05 9.99385E-05 9.99385E-05 9.99385E-05
0.336174 0.123329 0.32021 0.128774 9.99649E-05 9.99649E-05 9.99649E-05 9.99649E-05 0.0911128
0.367065 9.99649E-05 0.215597 9.99649E-05 9.99649E-05 0.149699 0.0478726 9.99649E-05 0.219367
0.229267 0.232777 0.352814 0.00539527 0.0321839 0.03007 0.0704004 9.99912E-05 0.0469926
0.268611 0.257982 0.125346 9.99649E-05 9.99649E-05 9.99649E-05 9.99649E-05 0.0730207 0.27464
0.920029 9.99473E-05 9.99473E-05 9.99473E-05 0.0718768 9.99473E-05 9.99473E-05 9.99473E-05 0.00749495
0.529635 0.0546261 9.99561E-05 9.99561E-05 9.99561E-05 0.150283 9.99561E-05 9.99561E-05 0.264956
0.948446 9.99473E-05 0.037809 9.99473E-05 9.99473E-05 0.013145 9.99473E-05 9.99473E-05 9.99473E-05
0.924798 0.0226517 9.99473E-05 9.99473E-05 9.99473E-05 9.99473E-05 9.99473E-05 9.99473E-05 0.0519506
0.679736 9.99737E-05 9.99737E-05 0.130724 9.99737E-05 0.123391 0.0358908 0.0185153 0.011444
0.398694 0.16722 0.071272 0.0537693 9.99736E-05 9.99736E-05 9.99736E-05 0.0159251 0.29282
0.304141 0.190663 0.2276 9.99736E-05 0.0128769 9.99736E-05 0.123274 9.99736E-05 0.141144
0.527853 0.00614011 9.99737E-05 0.137818 9.99737E-05 0.0600104 0.029224 9.99737E-05 0.238655
0.272275 0.113046 0.0620417 9.99824E-05 0.181302 0.0299428 9.99824E-05 0.204323 0.13687
0.391793 0.205571 0.141948 9.99736E-05 0.0905864 9.99736E-05 9.99736E-05 0.0602457 0.109556
0.96561 9.99473E-05 9.99473E-05 9.99473E-05 9.99473E-05 0.00533214 9.99473E-05 0.0284577 9.99473E-05
0.517617 0.0839402 0.170921 9.99737E-05 9.99737E-05 0.0839777 0.0954298 0.0478142 9.99737E-05
0.368125 0.178558 0.287802 0.0418749 0.0170681 0.0925969 9.99824E-05 9.99824E-05 0.013775
0.677966 9.99474E-05 9.99474E-05 9.99474E-05 9.99474E-05 0.0437616 9.99474E-05 9.99474E-05 0.277673
0.464318 0.00896323 0.0231074 9.99649E-05 9.99649E-05 9.99649E-05 0.0968098 9.99649E-05 0.406402
0.307053 0.149893 9.99736E-05 0.0915917 9.99736E-05 0.0187062 9.99736E-05 0.227773 0.204684
0.700643 9.99473E-05 0.151978 9.99473E-05 9.99473E-05 9.99473E-05 9.99473E-05 9.99473E-05 0.146779
0.114113 0.0270605 0.0854727 0.160036 0.150787 0.0218777 0.0999152 9.99912E-05 0.340638
0.797405 9.99561E-05 0.106315 0.0190349 9.99561E-05 9.99561E-05 9.99561E-05 9.99561E-05 0.0767454
0.669872 9.99561E-05 9.99561E-05 0.0142637 9.99561E-05 9.99561E-05 9.99561E-05 0.0293884 0.285976
0.782234 0.0565856 9.99561E-05 0.122804 9.99561E-05 9.99561E-05 9.99561E-05 0.0378763 9.99561E-05
0.738698 0.0183819 9.99649E-05 9.99649E-05 9.99649E-05 0.105853 9.99649E-05 0.0376875 0.0989796
0.483487 9.99649E-05 0.212538 0.26398 9.99649E-05 0.0205076 9.99649E-05 9.99649E-05 0.0190879
0.623298 0.0297581 9.99648E-05 9.99648E-05 9.99648E-05 0.108597 0.0829169 9.99648E-05 0.155029
0.497875 9.99912E-05 0.0847329 0.191596 0.0536843 0.0340361 0.0647669 0.00150607 0.0717031
0.821453 0.00754741 9.99649E-05 9.99649E-05 9.99649E-05 0.0438416 9.99649E-05 0.0420087 0.0847497
0.776648 0.0260862 0.0980217 9.99737E-05 9.99737E-05 0.0102422 9.99737E-05 0.0390346 0.0496672
0.814448 9.99561E-05 0.0774958 9.99561E-05 9.99561E-05 0.0544636 0.0530931 9.99561E-05 9.99561E-05
0.640834 0.136739 9.99737E-05 0.00249792 9.99737E-05 0.0380056 9.99737E-05 0.111564 0.0700582
0.577889 0.027794 0.0614808 0.138969 9.99737E-05 0.0263383 9.99737E-05 9.99737E-05 0.167229
0.528769 9.99649E-05 9.99649E-05 0.245743 9.99649E-05 0.0219519 0.1155 9.99649E-05 0.0876363
0.898983 0.0132004 0.0072021 9.99649E-05 9.99649E-05 0.0220436 9.99649E-05 9.99649E-05 0.0581714
0.716074 0.0951051 9.99474E-05 9.99474E-05 9.99474E-05 9.99474E-05 9.99474E-05 9.99474E-05 0.188221
0.91444 9.99473E-05 0.0205722 0.0643878 9.99473E-05 9.99473E-05 9.99473E-05 9.99473E-05 9.99473E-05
0.364052 0.0422683 0.0426673 9.99649E-05 9.99649E-05 0.0343464 9.99649E-05 9.99649E-05 0.516266
0.294646 9.99649E-05 0.437166 9.99649E-05 9.99649E-05 0.0359685 9.99649E-05 0.0078568 0.223964
0.84783 9.9956E-05 0.102267 9.9956E-05 9.9956E-05 9.9956E-05 9.9956E-05 0.0482177 0.00118554
0.75038 0.0210225 9.99737E-05 9.99737E-05 0.092023 0.073204 9.99737E-05 0.0154216 0.047649
0.999201 9.993E-05 9.993E-05 9.993E-05 9.993E-05 9.993E-05 9.993E-05 9.993E-05 9.993E-05
0.722148 9.99649E-05 9.99649E-05 9.99649E-05 0.0684544 0.0548132 0.116605 9.99649E-05 0.0375791
0.718954 0.0533462 0.0214831 9.99737E-05 0.0374178 0.0338368 0.134662 9.99737E-05 9.99737E-05
0.344561 0.0389766 0.131854 0.0444398 9.99824E-05 0.204312 9.99824E-05 0.00485747 0.230799
0.616364 0.0111679 0.315181 9.99737E-05 0.0134536 9.99737E-05 0.011081 0.0324526 9.99737E-05
0.835737 9.99474E-05 9.99474E-05 9.99474E-05 0.101296 9.99474E-05 9.99474E-05 9.99474E-05 0.0623676
0.646799 0.00494067 0.0300792 0.0139472 0.0440305 9.99912E-05 0.21943 0.0251153 0.0155583
0.780969 9.99649E-05 0.0413095 9.99649E-05 9.99649E-05 9.99649E-05 0.00163705 0.0235996 0.152085
0.711925 9.99649E-05 0.0227868 0.169913 9.99649E-05 9.99649E-05 0.00704904 0.0879262 9.99649E-05
0.770911 0.00489167 9.99736E-05 9.99736E-05 0.101022 0.0193228 0.0571719 9.99736E-05 0.0463815
0.799022 9.99474E-05 0.09651 9.99474E-05 9.99474E-05 0.103868 9.99474E-05 9.99474E-05 9.99474E-05
0.887317 9.99473E-05 0.0837098 9.99473E-05 0.0283733 9.99473E-05 9.99473E-05 9.99473E-05 9.99473E-05
0.0851472 0.0545434 9.99737E-05 0.0341647 0.139406 0.0943573 9.99737E-05 9.99737E-05 0.592081
0.323916 0.00977815 0.221723 9.9965E-05 9.9965E-05 9.9965E-05 0.0375442 9.9965E-05 0.406639
0.350273 9.99649E-05 9.99649E-05 9.99649E-05 0.145913 0.0855659 0.0269785 9.99649E-05 0.39087
9.99562E-05 0.174586 9.99562E-05 0.19533 0.123615 9.99562E-05 9.99562E-05 9.99562E-05 0.505969
0.0713619 0.0646536 0.203146 9.99912E-05 0.108256 0.0294724 0.0475147 0.00245506 0.473041
9.99561E-05 0.0841817 9.99561E-05 9.99561E-05 0.0369623 0.100938 9.99561E-05 9.99561E-05 0.777418
9.99649E-05 0.0991429 0.00898472 9.99649E-05 9.99649E-05 0.142135 0.0595493 9.99649E-05 0.689789
9.99649E-05 0.110908 9.99649E-05 0.0973065 0.239934 0.00662029 9.99649E-05 9.99649E-05 0.544832
0.223341 9.99649E-05 9.99649E-05 0.110309 0.118529 9.99649E-05 0.00676932 9.99649E-05 0.540651
0.351257 0.0421157 0.0349274 9.99737E-05 0.01259 0.145335 9.99737E-05 9.99737E-05 0.413475
9.99649E-05 0.0805561 9.99649E-05 9.99649E-05 0.00504938 0.260512 9.99649E-05 0.0620515 0.591432
0.025574 0.0211756 0.145042 9.99824E-05 0.0168046 0.123189 0.151038 9.99824E-05 0.516977
9.99736E-05 0.12902 0.0868038 0.19114 9.99736E-05 0.13895 0.0659149 9.99736E-05 0.38787
0.0370319 0.0610726 0.12884 9.99649E-05 9.99649E-05 9.99649E-05 0.0566989 9.99649E-05 0.715957
0.260577 9.9965E-05 9.9965E-05 0.23556 9.9965E-05 0.0570385 0.110509 9.9965E-05 0.335916
0.228451 0.0514748 9.99649E-05 0.0445482 0.149823 9.99649E-05 9.99649E-05 9.99649E-05 0.525303
9.99737E-05 0.0159364 0.1929 0.0181392 0.18397 9.99737E-05 0.0652326 9.99737E-05 0.523523
0.146756 0.131657 0.115049 9.99737E-05 0.0863714 0.217113 9.99737E-05 9.99737E-05 0.302754
0.171085 0.0336793 9.99649E-05 9.99649E-05 0.237703 0.133248 9.99649E-05 9.99649E-05 0.423885
9.99649E-05 9.99649E-05 9.99649E-05 9.99649E-05 0.0926349 0.0880272 0.0690216 0.0218827 0.728034
0.343091 9.99738E-05 0.0967128 0.0257421 0.0482794 0.0406045 9.99738E-05 9.99738E-05 0.44527
0.0743998 0.0638773 9.99825E-05 0.0662127 0.085523 0.00772132 0.131286 9.99825E-05 0.57078
0.207053 9.99737E-05 9.99737E-05 0.296521 0.0670477 0.041931 0.00650322 9.99737E-05 0.380644
0.157804 9.99737E-05 0.176058 0.102583 0.187087 0.0982441 9.99737E-05 9.99737E-05 0.277925
0.269753 0.0233461 0.0366929 0.0566792 9.99737E-05 0.260792 9.99737E-05 9.99737E-05 0.352437
0.380232 0.0570517 9.99649E-05 0.0578107 9.99649E-05 0.0577912 9.99649E-05 9.99649E-05 0.446714
0.388988 0.0104857 0.00305468 0.0957708 0.106737 9.99737E-05 9.99737E-05 9.99737E-05 0.394664
0.229251 0.0409967 0.0519356 9.99737E-05 0.0718849 9.99737E-05 0.0367418 9.99737E-05 0.56889
0.342791 0.0569863 9.99562E-05 9.99562E-05 0.23723 9.99562E-05 9.99562E-05 9.99562E-05 0.362493
0.26907 0.129989 9.9965E-05 0.139679 9.9965E-05 9.9965E-05 0.0238754 9.9965E-05 0.436987
9.9956E-05 0.124603 0.0193259 0.793252 9.9956E-05 9.9956E-05 9.9956E-05 9.9956E-05 0.06232
9.993E-05 9.993E-05 9.993E-05 0.999201 9.993E-05 9.993E-05 9.993E-05 9.993E-05 9.993E-05
9.99648E-05 0.0692602 9.99648E-05 0.752211 0.0190754 0.0327808 9.99648E-05 9.99648E-05 0.126272
9.99824E-05 0.075335 0.0604517 0.564183 0.0583388 0.000126624 9.99824E-05 0.0916229 0.149742
9.9956E-05 0.150683 9.9956E-05 0.778272 0.0293391 9.9956E-05 9.9956E-05 0.0412064 9.9956E-05
9.99561E-05 0.183137 9.99561E-05 0.535268 0.027609 9.99561E-05 9.99561E-05 9.99561E-05 0.253485
9.99648E-05 0.0930924 9.99648E-05 0.7737 0.0765021 0.016497 9.99648E-05 9.99648E-05 0.0398091
9.9956E-05 0.262413 9.9956E-05 0.689055 0.0226456 9.9956E-05 9.9956E-05 0.0253861 9.9956E-05
9.99561E-05 0.419983 9.99561E-05 0.262522 9.99561E-05 0.0728497 9.99561E-05 9.99561E-05 0.244145
9.99648E-05 0.167196 0.0488898 0.464969 0.00741977 9.99648E-05 9.99648E-05 9.99648E-05 0.311126
9.99473E-05 0.0683536 9.99473E-05 0.80924 9.99473E-05 9.99473E-05 9.99473E-05 9.99473E-05 0.121807
9.99473E-05 9.99473E-05 9.99473E-05 0.769147 9.99473E-05 0.0479419 9.99473E-05 9.99473E-05 0.182312
9.99473E-05 0.119915 9.99473E-05 0.860154 9.99473E-05 0.0193315 9.99473E-05 9.99473E-05 9.99473E-05
9.99474E-05 0.106605 9.99474E-05 0.596335 9.99474E-05 9.99474E-05 9.99474E-05 9.99474E-05 0.296461
9.99737E-05 0.123227 9.99737E-05 0.705141 0.0865568 0.0413336 0.00442626 0.0390151 9.99737E-05
9.99561E-05 0.0506687 9.99561E-05 0.628467 9.99561E-05 0.0514049 9.99561E-05 9.99561E-05 0.268959
9.99561E-05 9.99561E-05 9.99561E-05 0.518584 0.0556715 9.99561E-05 9.99561E-05 0.069233 0.356012
9.99561E-05 0.161362 0.112013 0.68147 9.99561E-05 9.99561E-05 0.0446562 9.99561E-05 9.99561E-05
9.99473E-05 0.0538662 9.99473E-05 0.871147 9.99473E-05 9.99473E-05 9.99473E-05 0.0743873 9.99473E-05
9.99649E-05 0.133044 9.99649E-05 0.681019 9.99649E-05 0.0625336 9.99649E-05 0.116262 0.00674059
9.99649E-05 0.0360967 0.111297 0.743442 0.0225421 9.99649E-05 9.99649E-05 9.99649E-05 0.0862226
9.99736E-05 0.117412 9.99736E-05 0.742763 0.0245851 0.0418796 9.99736E-05 0.0419082 0.0311519
9.99649E-05 0.240417 0.109482 0.339588 9.99649E-05 9.99649E-05 9.99649E-05 0.0761439 0.233969
9.99385E-05 0.1533 9.99385E-05 0.846 9.99385E-05 9.99385E-05 9.99385E-05 9.99385E-05 9.99385E-05
9.99648E-05 0.267638 0.115473 0.310799 9.99648E-05 9.99648E-05 9.99648E-05 0.0484318 0.257258
9.99474E-05 0.168712 9.99474E-05 0.604821 9.99474E-05 9.99474E-05 9.99474E-05 9.99474E-05 0.225867
0.0146519 9.99475E-05 9.99475E-05 0.932789 9.99475E-05 9.99475E-05 9.99475E-05 0.051959 9.99475E-05
9.99648E-05 0.133303 0.137511 0.658515 9.99648E-05 0.00426395 9.99648E-05 9.99648E-05 0.0660065
9.99561E-05 0.263106 9.99561E-05 0.481983 9.99561E-05 9.99561E-05 9.99561E-05 0.0023917 0.252019
9.99561E-05 9.99561E-05 9.99561E-05 0.774833 9.99561E-05 0.0316231 9.99561E-05 0.0924088 0.100635
9.99737E-05 0.0796618 9.99737E-05 0.612836 9.99737E-05 0.0940251 0.0432933 0.00727837 0.162606
9.99561E-05 9.99561E-05 9.99561E-05 0.797122 9.99561E-05 0.0433148 0.0920584 0.0670049 9.99561E-05
9.99736E-05 0.328051 9.99736E-05 0.270082 9.99736E-05 0.0393452 0.0371806 0.191941 0.133101
9.99648E-05 0.127797 9.99648E-05 0.692628 9.99648E-05 0.00336007 9.99648E-05 0.0753557 0.100459
9.99648E-05 0.0683393 0.00737023 0.906812 9.99648E-05 9.99648E-05 9.99648E-05 0.0159138 0.00116476
9.99561E-05 0.109252 9.99561E-05 0.815576 9.99561E-05 0.0354251 0.039247 9.99561E-05 9.99561E-05
9.99648E-05 0.165375 9.99648E-05 0.517618 0.0766032 0.0450753 9.99648E-05 9.99648E-05 0.194929
9.99386E-05 0.0217946 9.99386E-05 0.977506 9.99386E-05 9.99386E-05 9.99386E-05 9.99386E-05 9.99386E-05
9.99474E-05 0.00271399 9.99474E-05 0.942657 9.99474E-05 0.0540298 9.99474E-05 9.99474E-05 9.99474E-05
9.99562E-05 9.99562E-05 0.00387091 0.963598 9.99562E-05 0.0224658 9.99562E-05 0.0095652 9.99562E-05
9.993E-05 9.993E-05 9.993E-05 0.999201 9.993E-05 9.993E-05 9.993E-05 9.993E-05 9.993E-05
9.99648E-05 0.101315 9.99648E-05 0.414971 9.99648E-05 0.0639326 9.99648E-05 0.0196943 0.399687
9.99472E-05 0.193767 0.0544902 0.751143 9.99472E-05 9.99472E-05 9.99472E-05 9.99472E-05 9.99472E-05
9.99562E-05 0.0560025 9.99562E-05 0.885498 9.99562E-05 9.99562E-05 9.99562E-05 0.0206653 0.0373349
0.0103662 9.99386E-05 9.99386E-05 0.988934 9.99386E-05 9.99386E-05 9.99386E-05 9.99386E-05 9.99386E-05
9.99736E-05 0.26643 9.99736E-05 0.377455 0.0130349 0.00541375 9.99736E-05 0.142098 0.195269
9.99649E-05 0.153681 9.99649E-05 0.61105 0.0460754 0.0446059 9.99649E-05 9.99649E-05 0.144188
9.99825E-05 0.20683 9.99825E-05 0.506058 0.0158038 0.0136687 0.114111 0.0715524 0.071776
9.99649E-05 0.302737 9.99649E-05 0.347852 9.99649E-05 0.0173239 9.99649E-05 0.0502139 0.281473
9.993E-05 9.993E-05 9.993E-05 0.999201 9.993E-05 9.993E-05 9.993E-05 9.993E-05 9.993E-05
9.99736E-05 9.99736E-05 0.185506 0.601594 9.99736E-05 0.00789945 0.0399569 0.0186432 0.1461
9.99474E-05 0.0650186 9.99474E-05 0.91189 9.99474E-05 9.99474E-05 9.99474E-05 9.99474E-05 0.0224913
9.99649E-05 0.101791 9.99649E-05 0.795133 0.00589839 0.0134501 9.99649E-05 9.99649E-05 0.0833275
9.99561E-05 0.146306 0.029221 0.685051 9.99561E-05 9.99561E-05 0.138922 9.99561E-05 9.99561E-05
9.99736E-05 0.0247742 9.99736E-05 0.79666 0.0510557 0.0604552 9.99736E-05 0.0201054 0.0466496
9.99472E-05 0.253356 9.99472E-05 0.394923 9.99472E-05 9.99472E-05 9.99472E-05 9.99472E-05 0.351121
9.99385E-05 0.217188 9.99385E-05 0.782113 9.99385E-05 9.99385E-05 9.99385E-05 9.99385E-05 9.99385E-05
9.99648E-05 0.128102 0.0886845 0.697249 9.99648E-05 0.0137021 0.0718625 9.99648E-05 9.99648E-05
9.99473E-05 9.99473E-05 9.99473E-05 0.820774 9.99473E-05 0.00507596 9.99473E-05 0.17355 9.99473E-05
9.99385E-05 0.124613 9.99385E-05 0.874688 9.99385E-05 9.99385E-05 9.99385E-05 9.99385E-05 9.99385E-05
9.99384E-05 9.99384E-05 9.99384E-05 9.99384E-05 9.99384E-05 9.99384E-05 9.99384E-05 0.0674246 0.931876
9.993E-05 0.999201 9.993E-05 9.993E-05 9.993E-05 9.993E-05 9.993E-05 9.993E-05 9.993E-05
9.993E-05 9.993E-05 9.993E-05 9.993E-05 9.993E-05 9.993E-05 9.993E-05 9.993E-05 0.999201
9.993E-05 0.999201 9.993E-05 9.993E-05 9.993E-05 9.993E-05 9.993E-05 9.993E-05 9.993E-05
9.993E-05 0.999201 9.993E-05 9.993E-05 9.993E-05 9.993E-05 9.993E-05 9.993E-05 9.993E-05
9.993E-05 0.999201 9.993E-05 9.993E-05 9.993E-05 9.993E-05 9.993E-05 9.993E-05 9.993E-05
9.993E-05 9.993E-05 9.993E-05 9.993E-05 9.993E-05 9.993E-05 9.993E-05 9.993E-05 0.999201
9.993E-05 0.999201 9.993E-05 9.993E-05 9.993E-05 9.993E-05 9.993E-05 9.993E-05 9.993E-05
9.993E-05 0.999201 9.993E-05 9.993E-05 9.993E-05 9.993E-05 9.993E-05 9.993E-05 9.993E-05
9.993E-05 9.993E-05 9.993E-05 9.993E-05 9.993E-05 9.993E-05 9.993E-05 9.993E-05 0.999201
9.993E-05 9.993E-05 9.993E-05 9.993E-05 9.993E-05 9.993E-05 9.993E-05 9.993E-05 0.999201
9.993E-05 9.993E-05 9.993E-05 9.993E-05 9.993E-05 9.993E-05 9.993E-05 9.993E-05 0.999201
9.993E-05 0.999201 9.993E-05 9.993E-05 9.993E-05 9.993E-05 9.993E-05 9.993E-05 9.993E-05
9.993E-05 0.999201 9.993E-05 9.993E-05 9.993E-05 9.993E-05 9.993E-05 9.993E-05 9.993E-05
9.993E-05 9.993E-05 9.993E-05 9.993E-05 9.993E-05 9.993E-05 9.993E-05 9.993E-05 0.999201
9.993E-05 9.993E-05 9.993E-05 9.993E-05 9.993E-05 9.993E-05 9.993E-05 9.993E-05 0.999201
9.99824E-05 0.115405 0.223357 0.327182 0.0327711 9.99824E-05 0.117414 0.0290034 0.154667
9.993E-05 9.993E-05 9.993E-05 9.993E-05 9.993E-05 9.993E-05 9.993E-05 9.993E-05 0.999201
9.993E-05 0.999201 9.993E-05 9.993E-05 9.993E-05 9.993E-05 9.993E-05 9.993E-05 9.993E-05
9.993E-05 9.993E-05 9.993E-05 9.993E-05 9.993E-05 9.993E-05 9.993E-05 9.993E-05 0.999201
9.993E-05 9.993E-05 9.993E-05 9.993E-05 9.993E-05 9.993E-05 9.993E-05 9.993E-05 0.999201
9.993E-05 9.993E-05 9.993E-05 9.993E-05 9.993E-05 9.993E-05 9.993E-05 9.993E-05 0.999201
9.993E-05 0.999201 9.993E-05 9.993E-05 9.993E-05 9.993E-05 9.993E-05 9.993E-05 9.993E-05
9.993E-05 9.993E-05 9.993E-05 9.993E-05 9.993E-05 9.993E-05 9.993E-05 9.993E-05 0.999201
9.993E-05 0.999201 9.993E-05 9.993E-05 9.993E-05 9.993E-05 9.993E-05 9.993E-05 9.993E-05
9.993E-05 9.993E-05 9.993E-05 9.993E-05 9.993E-05 9.993E-05 9.993E-05 9.993E-05 0.999201
9.993E-05 9.993E-05 9.993E-05 9.993E-05 9.993E-05 9.993E-05 9.993E-05 9.993E-05 0.999201
9.993E-05 0.999201 9.993E-05 9.993E-05 9.993E-05 9.993E-05 9.993E-05 9.993E-05 9.993E-05
9.993E-05 0.999201 9.993E-05 9.993E-05 9.993E-05 9.993E-05 9.993E-05 9.993E-05 9.993E-05
9.993E-05 0.999201 9.993E-05 9.993E-05 9.993E-05 9.993E-05 9.993E-05 9.993E-05 9.993E-05
9.993E-05 9.993E-05 9.993E-05 9.993E-05 9.993E-05 9.993E-05 9.993E-05 9.993E-05 0.999201
9.993E-05 9.993E-05 9.993E-05 9.993E-05 9.993E-05 9.993E-05 9.993E-05 9.993E-05 0.999201
9.993E-05 9.993E-05 9.993E-05 9.993E-05 9.993E-05 9.993E-05 9.993E-05 9.993E-05 0.999201
9.993E-05 9.993E-05 9.993E-05 9.993E-05 9.993E-05 9.993E-05 9.993E-05 9.993E-05 0.999201
9.993E-05 9.993E-05 9.993E-05 9.993E-05 9.993E-05 9.993E-05 9.993E-05 9.993E-05 0.999201
9.993E-05 0.999201 9.993E-05 9.993E-05 9.993E-05 9.993E-05 9.993E-05 9.993E-05 9.993E-05
9.993E-05 0.999201 9.993E-05 9.993E-05 9.993E-05 9.993E-05 9.993E-05 9.993E-05 9.993E-05
9.993E-05 0.999201 9.993E-05 9.993E-05 9.993E-05 9.993E-05 9.993E-05 9.993E-05 9.993E-05
9.993E-05 9.993E-05 9.993E-05 9.993E-05 9.993E-05 9.993E-05 9.993E-05 9.993E-05 0.999201
9.993E-05 0.999201 9.993E-05 9.993E-05 9.993E-05 9.993E-05 9.993E-05 9.993E-05 9.993E-05
9.993E-05 0.999201 9.993E-05 9.993E-05 9.993E-05 9.993E-05 9.993E-05 9.993E-05 9.993E-05
9.993E-05 0.999201 9.993E-05 9.993E-05 9.993E-05 9.993E-05 9.993E-05 9.993E-05 9.993E-05
9.993E-05 0.999201 9.993E-05 9.993E-05 9.993E-05 9.993E-05 9.993E-05 9.993E-05 9.993E-05
9.993E-05 9.993E-05 9.993E-05 9.993E-05 9.993E-05 9.993E-05 9.993E-05 9.993E-05 0.999201
9.993E-05 0.999201 9.993E-05 9.993E-05 9.993E-05 9.993E-05 9.993E-05 9.993E-05 9.993E-05
9.993E-05 0.999201 9.993E-05 9.993E-05 9.993E-05 9.993E-05 9.993E-05 9.993E-05 9.993E-05
9.99736E-05 0.116904 0.0971918 0.322402 9.99736E-05 9.99736E-05 0.165918 0.0692901 0.227994
9.993E-05 9.993E-05 9.993E-05 9.993E-05 9.993E-05 9.993E-05 9.993E-05 9.993E-05 0.999201
9.993E-05 0.999201 9.993E-05 9.993E-05 9.993E-05 9.993E-05 9.993E-05 9.993E-05 9.993E-05
9.993E-05 0.999201 9.993E-05 9.993E-05 9.993E-05 9.993E-05 9.993E-05 9.993E-05 9.993E-05
9.993E-05 0.999201 9.993E-05 9.993E-05 9.993E-05 9.993E-05 9.993E-05 9.993E-05 9.993E-05
9.993E-05 0.999201 9.993E-05 9.993E-05 9.993E-05 9.993E-05 9.993E-05 9.993E-05 9.993E-05
9.993E-05 9.993E-05 9.993E-05 9.993E-05 9.993E-05 9.993E-05 9.993E-05 9.993E-05 0.999201
9.993E-05 0.999201 9.993E-05 9.993E-05 9.993E-05 9.993E-05 9.993E-05 9.993E-05 9.993E-05
9.993E-05 9.993E-05 9.993E-05 9.993E-05 9.993E-05 9.993E-05 9.993E-05 9.993E-05 0.999201
9.993E-05 0.999201 9.993E-05 9.993E-05 9.993E-05 9.993E-05 9.993E-05 9.993E-05 9.993E-05
9.993E-05 9.993E-05 9.993E-05 9.993E-05 9.993E-05 9.993E-05 9.993E-05 9.993E-05 0.999201
9.993E-05 0.999201 9.993E-05 9.993E-05 9.993E-05 9.993E-05 9.993E-05 9.993E-05 9.993E-05
9.993E-05 0.999201 9.993E-05 9.993E-05 9.993E-05 9.993E-05 9.993E-05 9.993E-05 9.993E-05
9.993E-05 0.999201 9.993E-05 9.993E-05 9.993E-05 9.993E-05 9.993E-05 9.993E-05 9.993E-05
9.993E-05 0.999201 9.993E-05 9.993E-05 9.993E-05 9.993E-05 9.993E-05 9.993E-05 9.993E-05
9.993E-05 0.999201 9.993E-05 9.993E-05 9.993E-05 9.993E-05 9.993E-05 9.993E-05 9.993E-05
9.993E-05 0.999201 9.993E-05 9.993E-05 9.993E-05 9.993E-05 9.993E-05 9.993E-05 9.993E-05
9.993E-05 9.993E-05 9.993E-05 9.993E-05 9.993E-05 9.993E-05 9.993E-05 9.993E-05 0.999201
9.993E-05 9.993E-05 9.993E-05 9.993E-05 9.993E-05 9.993E-05 9.993E-05 9.993E-05 0.999201
9.993E-05 9.993E-05 9.993E-05 9.993E-05 9.993E-05 9.993E-05 9.993E-05 9.993E-05 0.999201
9.993E-05 0.999201 9.993E-05 9.993E-05 9.993E-05 9.993E-05 9.993E-05 9.993E-05 9.993E-05
9.993E-05 9.993E-05 9.993E-05 9.993E-05 9.993E-05 9.993E-05 9.993E-05 9.993E-05 0.999201
9.993E-05 9.993E-05 9.993E-05 9.993E-05 9.993E-05 9.993E-05 9.993E-05 9.993E-05 0.999201
9.993E-05 9.993E-05 9.993E-05 9.993E-05 9.993E-05 9.993E-05 9.993E-05 9.993E-05 0.999201
9.993E-05 0.999201 9.993E-05 9.993E-05 9.993E-05 9.993E-05 9.993E-05 9.993E-05 9.993E-05
9.993E-05 0.999201 9.993E-05 9.993E-05 9.993E-05 9.993E-05 9.993E-05 9.993E-05 9.993E-05
9.993E-05 0.999201 9.993E-05 9.993E-05 9.993E-05 9.993E-05 9.993E-05 9.993E-05 9.993E-05
9.993E-05 9.993E-05 9.993E-05 9.993E-05 9.993E-05 9.993E-05 9.993E-05 9.993E-05 0.999201
9.993E-05 0.999201 9.993E-05 9.993E-05 9.993E-05 9.993E-05 9.993E-05 9.993E-05 9.993E-05
9.993E-05 0.999201 9.993E-05 9.993E-05 9.993E-05 9.993E-05 9.993E-05 9.993E-05 9.993E-05
9.993E-05 9.993E-05 9.993E-05 9.993E-05 9.993E-05 9.993E-05 9.993E-05 9.993E-05 0.999201
9.993E-05 0.999201 9.993E-05 9.993E-05 9.993E-05 9.993E-05 9.993E-05 9.993E-05 9.993E-05
9.993E-05 0.999201 9.993E-05 9.993E-05 9.993E-05 9.993E-05 9.993E-05 9.993E-05 9.993E-05
9.99824E-05 0.101339 9.99824E-05 0.30047 0.0348788 0.172211 0.0084959 0.0252469 0.357159
9.993E-05 9.993E-05 9.993E-05 9.993E-05 9.993E-05 9.993E-05 9.993E-05 9.993E-05 0.999201
9.993E-05 0.999201 9.993E-05 9.993E-05 9.993E-05 9.993E-05 9.993E-05 9.993E-05 9.993E-05
9.99649E-05 0.440014 9.99649E-05 0.479986 0.00177968 0.0344033 0.0434171 9.99649E-05 9.99649E-05
9.99648E-05 0.274266 0.0701732 0.521959 9.99648E-05 9.99648E-05 9.99648E-05 0.06374 0.0694618
9.9956E-05 0.183111 9.9956E-05 0.44021 9.9956E-05 9.9956E-05 9.9956E-05 0.0571895 0.31899
9.99736E-05 9.99736E-05 0.0116998 0.831873 0.0632597 9.99736E-05 0.0363134 0.0337447 0.0228092
9.99473E-05 0.291389 9.99473E-05 0.473601 9.99473E-05 9.99473E-05 9.99473E-05 9.99473E-05 0.234411
9.99387E-05 0.132843 9.99387E-05 0.866457 9.99387E-05 9.99387E-05 9.99387E-05 9.99387E-05 9.99387E-05
9.99649E-05 0.29469 0.0996038 0.307583 9.99649E-05 9.99649E-05 9.99649E-05 0.0578841 0.23984
9.99736E-05 0.0826502 9.99736E-05 0.657604 0.0762669 0.0790238 9.99736E-05 0.0210399 0.0831158
9.99386E-05 0.167281 9.99386E-05 0.83202 9.99386E-05 9.99386E-05 9.99386E-05 9.99386E-05 9.99386E-05
9.9956E-05 9.9956E-05 0.124665 0.787573 9.9956E-05 9.9956E-05 9.9956E-05 0.0148061 0.0724556
9.99561E-05 0.0383553 9.99561E-05 0.689472 9.99561E-05 0.0807616 9.99561E-05 9.99561E-05 0.190912
9.99473E-05 0.660078 0.0153254 0.323997 9.99473E-05 9.99473E-05 9.99473E-05 9.99473E-05 9.99473E-05
9.99648E-05 0.240376 9.99648E-05 0.269167 0.0458915 9.99648E-05 0.0777244 9.99648E-05 0.366441
9.9956E-05 0.0541532 9.9956E-05 0.779949 0.0977342 9.9956E-05 9.9956E-05 0.0676642 9.9956E-05
9.9956E-05 0.164193 9.9956E-05 0.598062 9.9956E-05 0.0717094 9.9956E-05 9.9956E-05 0.165537
9.99561E-05 0.277584 0.0975501 0.3725 9.99561E-05 9.99561E-05 9.99561E-05 9.99561E-05 0.251866
9.99561E-05 0.182408 9.99561E-05 0.736657 9.99561E-05 9.99561E-05 9.99561E-05 0.0499439 0.0304908
9.99824E-05 0.0350325 9.99824E-05 0.354949 0.000189437 0.0695815 0.0501583 0.0417786 0.448111
9.9956E-05 0.143535 9.9956E-05 0.657966 9.9956E-05 9.9956E-05 9.9956E-05 0.103744 0.0942553
9.9956E-05 0.1262 0.118375 0.57645 9.9956E-05 9.9956E-05 9.9956E-05 9.9956E-05 0.178475
9.99648E-05 0.134488 0.118808 0.632822 9.99648E-05 9.99648E-05 9.99648E-05 0.0116799 0.101801
9.99473E-05 0.279164 9.99473E-05 0.663795 9.99473E-05 9.99473E-05 0.056441 9.99473E-05 9.99473E-05
9.99824E-05 0.186707 0.0191336 0.548775 0.0462023 0.0415957 0.146665 0.0107216 9.99824E-05
9.99824E-05 0.129311 0.0332643 0.724625 0.0452532 0.00564751 9.99824E-05 0.00240293 0.059296
9.99472E-05 0.0803489 9.99472E-05 0.807763 0.111289 9.99472E-05 9.99472E-05 9.99472E-05 9.99472E-05
9.993E-05 9.993E-05 9.993E-05 0.999201 9.993E-05 9.993E-05 9.993E-05 9.993E-05 9.993E-05
9.9956E-05 0.101276 0.0811664 0.653537 9.9956E-05 9.9956E-05 9.9956E-05 9.9956E-05 0.163521
9.99561E-05 0.243842 9.99561E-05 0.371706 0.060145 9.99561E-05 9.99561E-05 9.99561E-05 0.323808
9.99648E-05 9.99648E-05 0.0505032 0.781213 0.0813651 9.99648E-05 0.0250315 0.061487 9.99648E-05
9.99561E-05 0.187018 9.99561E-05 0.612936 0.138709 9.99561E-05 9.99561E-05 0.0608368 9.99561E-05
9.99648E-05 0.382714 0.124401 0.322428 9.99648E-05 0.0199269 9.99648E-05 9.99648E-05 0.15013
9.99561E-05 0.230757 9.99561E-05 0.574857 9.99561E-05 0.0184162 9.99561E-05 9.99561E-05 0.175469
9.9956E-05 0.206755 0.0477059 0.502822 9.9956E-05 9.9956E-05 9.9956E-05 9.9956E-05 0.242217
9.99736E-05 0.209934 0.0656609 0.551854 0.0415173 0.0092788 9.99736E-05 9.99736E-05 0.121455
9.99648E-05 0.20497 9.99648E-05 0.568134 0.0811306 0.0550194 9.99648E-05 9.99648E-05 0.0903466
9.99473E-05 0.0262665 9.99473E-05 0.794002 9.99473E-05 9.99473E-05 9.99473E-05 9.99473E-05 0.179132
9.993E-05 9.993E-05 9.993E-05 0.999201 9.993E-05 9.993E-05 9.993E-05 9.993E-05 9.993E-05
9.99648E-05 9.99648E-05 9.99648E-05 0.486587 0.0734015 0.143616 0.0771575 9.99648E-05 0.218838
9.99561E-05 9.99561E-05 9.99561E-05 0.692331 9.99561E-05 0.139891 0.0470275 0.120251 9.99561E-05
9.9956E-05 0.185936 0.328893 0.451389 9.9956E-05 9.9956E-05 9.9956E-05 9.9956E-05 0.0332824
9.99736E-05 0.092892 0.033724 0.6262 9.99736E-05 9.99736E-05 0.0228267 0.0662834 0.157774
9.99824E-05 0.0152313 0.0807669 0.596828 9.99824E-05 0.0121745 0.00818735 0.0881418 0.19847
9.9956E-05 0.178334 0.183356 0.527806 9.9956E-05 9.9956E-05 9.9956E-05 9.9956E-05 0.110004
9.99649E-05 0.502382 9.99649E-05 0.230929 0.0852438 0.00920446 9.99649E-05 9.99649E-05 0.171841
9.99648E-05 0.400495 0.00763247 0.218894 0.0311351 9.99648E-05 9.99648E-05 9.99648E-05 0.341444
9.99736E-05 0.141903 9.99736E-05 0.645479 0.038888 0.0244285 9.99736E-05 0.0233155 0.125686
9.993E-05 9.993E-05 9.993E-05 0.999201 9.993E-05 9.993E-05 9.993E-05 9.993E-05 9.993E-05
9.99648E-05 0.221333 9.99648E-05 0.702959 0.035658 0.0232675 9.99648E-05 0.0163825 9.99648E-05
9.993E-05 9.993E-05 9.993E-05 0.999201 9.993E-05 9.993E-05 9.993E-05 9.993E-05 9.993E-05
9.99736E-05 0.236737 0.0176585 0.37304 0.0210431 9.99736E-05 0.0915925 9.99736E-05 0.25963
9.993E-05 9.993E-05 9.993E-05 0.999201 9.993E-05 9.993E-05 9.993E-05 9.993E-05 9.993E-05
9.99473E-05 9.99473E-05 9.99473E-05 0.598426 9.99473E-05 0.0454192 9.99473E-05 9.99473E-05 0.355555
9.99648E-05 0.00279734 0.109041 0.370169 9.99648E-05 0.0403116 9.99648E-05 9.99648E-05 0.477281
9.99473E-05 0.198075 9.99473E-05 0.571811 9.99473E-05 9.99473E-05 9.99473E-05 9.99473E-05 0.229514
9.99472E-05 0.0111344 0.241997 0.746269 9.99472E-05 9.99472E-05 9.99472E-05 9.99472E-05 9.99472E-05
9.99473E-05 0.364842 9.99473E-05 0.577997 9.99473E-05 9.99473E-05 9.99473E-05 9.99473E-05 0.0565619
9.99562E-05 9.99562E-05 9.99562E-05 0.789769 0.000464185 0.00178339 9.99562E-05 9.99562E-05 0.207483
9.99473E-05 0.197148 9.99473E-05 0.779823 9.99473E-05 0.0224288 9.99473E-05 9.99473E-05 9.99473E-05
9.99561E-05 0.218957 9.99561E-05 0.58556 9.99561E-05 9.99561E-05 9.99561E-05 0.0167993 0.178183
9.99473E-05 0.218047 9.99473E-05 0.536374 9.99473E-05 9.99473E-05 9.99473E-05 9.99473E-05 0.244979
9.993E-05 9.993E-05 9.993E-05 0.999201 9.993E-05 9.993E-05 9.993E-05 9.993E-05 9.993E-05
9.99386E-05 0.0611341 9.99386E-05 0.938166 9.99386E-05 9.99386E-05 9.99386E-05 9.99386E-05 9.99386E-05
0.0477167 0.0437733 9.99562E-05 0.833339 9.99562E-05 9.99562E-05 9.99562E-05 9.99562E-05 0.0746716
9.99561E-05 0.102276 9.99561E-05 0.649603 9.99561E-05 0.0324026 9.99561E-05 9.99561E-05 0.215219
9.99472E-05 0.19805 9.99472E-05 0.634775 9.99472E-05 9.99472E-05 9.99472E-05 0.166575 9.99472E-05
9.99473E-05 0.236312 9.99473E-05 0.726431 9.99473E-05 9.99473E-05 0.0366574 9.99473E-05 9.99473E-05
9.993E-05 9.993E-05 9.993E-05 0.999201 9.993E-05 9.993E-05 9.993E-05 9.993E-05 9.993E-05
9.99737E-05 0.27447 9.99737E-05 0.430071 9.99737E-05 0.00346957 0.0169815 0.0873085 0.187399
9.99648E-05 0.0030641 9.99648E-05 0.641699 9.99648E-05 0.0409843 9.99648E-05 0.0219031 0.291949
9.99474E-05 9.99474E-05 9.99474E-05 0.851266 9.99474E-05 0.0109017 9.99474E-05 9.99474E-05 0.137232
9.99561E-05 0.030633 9.99561E-05 0.538217 9.99561E-05 9.99561E-05 9.99561E-05 0.0472269 0.383423
0.101739 9.99474E-05 9.99474E-05 0.756269 9.99474E-05 9.99474E-05 9.99474E-05 9.99474E-05 0.141393
9.9956E-05 0.267976 0.00367703 0.508788 9.9956E-05 9.9956E-05 9.9956E-05 9.9956E-05 0.219059
9.99649E-05 9.99649E-05 9.99649E-05 0.590101 0.0542298 9.99649E-05 0.0976344 0.0449348 0.2127
9.99386E-05 0.0230627 9.99386E-05 0.976238 9.99386E-05 9.99386E-05 9.99386E-05 9.99386E-05 9.99386E-05
9.99473E-05 0.177115 9.99473E-05 0.610775 9.99473E-05 9.99473E-05 9.99473E-05 9.99473E-05 0.211511
0.0198781 9.99474E-05 9.99474E-05 0.895968 9.99474E-05 9.99474E-05 9.99474E-05 9.99474E-05 0.0835547
9.99385E-05 9.99385E-05 9.99385E-05 0.71875 9.99385E-05 9.99385E-05 9.99385E-05 9.99385E-05 0.28055
9.99387E-05 9.99387E-05 9.99387E-05 0.895687 9.99387E-05 9.99387E-05 9.99387E-05 9.99387E-05 0.103613
9.99561E-05 0.361848 9.99561E-05 0.529485 9.99561E-05 0.0614857 9.99561E-05 9.99561E-05 0.0466812
9.99648E-05 0.161674 0.0999635 0.677184 9.99648E-05 0.0529233 9.99648E-05 0.0078553 9.99648E-05
9.99824E-05 0.20089 0.136128 0.518061 0.049717 0.034672 9.99824E-05 0.0472779 0.0130536
9.993E-05 9.993E-05 9.993E-05 0.999201 9.993E-05 9.993E-05 9.993E-05 9.993E-05 9.993E-05
9.99474E-05 0.227457 9.99474E-05 0.719495 9.99474E-05 0.0524486 9.99474E-05 9.99474E-05 9.99474E-05
9.99648E-05 0.171818 9.99648E-05 0.512798 0.0246327 9.99648E-05 9.99648E-05 0.149855 0.140496
9.99561E-05 0.0655758 9.99561E-05 0.825946 9.99561E-05 0.00612469 9.99561E-05 9.99561E-05 0.101854
9.99736E-05 0.000273487 9.99736E-05 0.622788 0.0766504 0.111007 9.99736E-05 0.0278211 0.16116
9.9956E-05 0.367816 9.9956E-05 0.470299 0.0959209 9.9956E-05 9.9956E-05 9.9956E-05 0.065464
9.99736E-05 0.016659 9.99736E-05 0.605024 9.99736E-05 0.0486925 0.0557992 0.00487908 0.268646
9.9956E-05 0.232894 9.9956E-05 0.55598 9.9956E-05 9.9956E-05 9.9956E-05 0.087189 0.123436
9.99561E-05 0.0684689 9.99561E-05 0.515413 9.99561E-05 9.99561E-05 9.99561E-05 0.188143 0.227476
9.99648E-05 0.00663865 9.99648E-05 0.32679 0.0929867 0.0122815 9.99648E-05 9.99648E-05 0.560903
9.99473E-05 0.321507 9.99473E-05 0.390271 9.99473E-05 9.99473E-05 9.99473E-05 9.99473E-05 0.287621
9.99736E-05 0.0442051 9.99736E-05 0.519063 9.99736E-05 0.131257 0.0167672 0.108683 0.179725
9.99386E-05 0.207404 9.99386E-05 0.791897 9.99386E-05 9.99386E-05 9.99386E-05 9.99386E-05 9.99386E-05
9.99474E-05 9.99474E-05 0.125439 0.767326 9.99474E-05 9.99474E-05 9.99474E-05 9.99474E-05 0.106635
9.99561E-05 0.245955 0.245132 0.49645 9.99561E-05 9.99561E-05 9.99561E-05 0.011963 9.99561E-05
9.99648E-05 0.0417456 0.0325809 0.476483 9.99648E-05 0.102753 9.99648E-05 9.99648E-05 0.346038
9.99561E-05 9.99561E-05 9.99561E-05 0.510389 0.0222716 0.0331112 9.99561E-05 9.99561E-05 0.433728
9.99561E-05 0.0987632 0.0540874 0.3237 9.99561E-05 9.99561E-05 9.99561E-05 9.99561E-05 0.522949
9.99736E-05 0.174015 0.153123 0.375004 0.152778 0.0282784 9.99736E-05 0.116502 9.99736E-05
9.99561E-05 0.0302813 9.99561E-05 0.582834 9.99561E-05 9.99561E-05 9.99561E-05 0.0560592 0.330326
9.99737E-05 0.126045 9.99737E-05 0.389212 0.051505 0.0258655 9.99737E-05 0.143083 0.26399
0.0565577 0.119331 9.99474E-05 0.823512 9.99474E-05 9.99474E-05 9.99474E-05 9.99474E-05 9.99474E-05
9.99474E-05 0.0868834 9.99474E-05 0.815684 9.99474E-05 9.99474E-05 9.99474E-05 9.99474E-05 0.0968332
9.99474E-05 0.147232 9.99474E-05 0.594564 9.99474E-05 9.99474E-05 9.99474E-05 9.99474E-05 0.257604
9.99736E-05 9.99736E-05 9.99736E-05 0.403969 0.1244 0.0115966 0.0475452 0.00935162 0.402837
9.99387E-05 0.0308593 9.99387E-05 0.968441 9.99387E-05 9.99387E-05 9.99387E-05 9.99387E-05 9.99387E-05
9.99387E-05 9.99387E-05 9.99387E-05 0.952197 9.99387E-05 9.99387E-05 9.99387E-05 9.99387E-05 0.0471032
9.99736E-05 0.00820691 0.00497452 0.782222 0.0846222 0.0117904 9.99736E-05 0.107884 9.99736E-05
9.99473E-05 0.0714357 9.99473E-05 0.859717 0.0682476 9.99473E-05 9.99473E-05 9.99473E-05 9.99473E-05
9.99473E-05 9.99473E-05 9.99473E-05 0.867661 9.99473E-05 0.0254322 9.99473E-05 9.99473E-05 0.106307
9.9956E-05 0.0750732 0.0188791 0.617092 9.9956E-05 9.9956E-05 9.9956E-05 9.9956E-05 0.288455
9.99561E-05 0.0780894 0.109654 0.652561 9.99561E-05 9.99561E-05 9.99561E-05 9.99561E-05 0.159195
9.9956E-05 9.9956E-05 9.9956E-05 0.355064 9.9956E-05 0.12277 9.9956E-05 0.0802436 0.441423
9.99385E-05 0.339512 9.99385E-05 0.659788 9.99385E-05 9.99385E-05 9.99385E-05 9.99385E-05 9.99385E-05
9.9956E-05 0.166546 0.00437615 0.657097 9.9956E-05 9.9956E-05 9.9956E-05 9.9956E-05 0.171481
9.99736E-05 9.99736E-05 0.0189667 0.421159 0.128108 0.00561991 9.99736E-05 0.0103444 0.415503
9.99561E-05 0.0089652 9.99561E-05 0.916802 9.99561E-05 0.0256362 9.99561E-05 0.0480967 9.99561E-05
9.99648E-05 9.99648E-05 9.99648E-05 0.25506 9.99648E-05 0.0222159 0.0518661 0.093147 0.577311
9.99648E-05 9.99648E-05 0.0338477 0.672342 0.129815 0.0109314 9.99648E-05 9.99648E-05 0.152664
9.99648E-05 0.160916 9.99648E-05 0.6461 9.99648E-05 0.0714036 9.99648E-05 0.11002 0.0111609
9.9956E-05 0.0320698 0.0568312 0.452042 9.9956E-05 9.9956E-05 9.9956E-05 9.9956E-05 0.458557
9.99649E-05 0.190859 0.191854 0.546674 9.99649E-05 0.0484676 9.99649E-05 9.99649E-05 0.0217457
9.99474E-05 0.160716 9.99474E-05 0.752874 9.99474E-05 9.99474E-05 9.99474E-05 9.99474E-05 0.0858109
9.99648E-05 0.145165 9.99648E-05 0.475779 0.0527439 0.0982565 9.99648E-05 9.99648E-05 0.227656
9.99386E-05 9.99386E-05 9.99386E-05 0.922839 9.99386E-05 9.99386E-05 9.99386E-05 9.99386E-05 0.0764614
9.99562E-05 0.125933 9.99562E-05 0.832463 9.99562E-05 9.99562E-05 9.99562E-05 0.00464948 0.0364544
9.99736E-05 0.213479 9.99736E-05 0.490615 9.99736E-05 0.0964643 0.0644909 0.00506214 0.129589
9.99736E-05 0.0940394 0.0350745 0.541447 9.99736E-05 0.00244798 9.99736E-05 0.0342615 0.292429
9.99561E-05 0.159104 0.176802 0.0118268 9.99561E-05 9.99561E-05 9.99561E-05 9.99561E-05 0.651767
9.99649E-05 0.123752 0.146901 0.0149434 9.99649E-05 0.0571403 9.99649E-05 9.99649E-05 0.656864
9.99737E-05 0.0713914 0.0985433 0.0257364 9.99737E-05 0.0799117 0.0115663 9.99737E-05 0.712551
9.997E-05 0.00702707 0.0253961 0.25766 9.997E-05 0.0902221 0.0623671 9.997E-05 0.557028
9.99825E-05 0.161194 9.99825E-05 0.0918502 0.188131 0.0345279 0.0510928 0.0277241 0.44528
0.209143 0.0546552 0.0475981 0.0457049 9.99825E-05 0.014941 9.99825E-05 0.0225576 0.605201
9.99649E-05 0.150293 0.0291575 0.0112565 9.99649E-05 0.0652725 9.99649E-05 9.99649E-05 0.743621
9.99737E-05 0.119339 0.0376402 0.0620609 9.99737E-05 0.0547982 0.120638 9.99737E-05 0.605223
0.230625 0.00855367 9.997E-05 0.150819 9.997E-05 0.0897442 0.0921493 9.997E-05 0.427809
9.99561E-05 0.140328 0.152357 9.99561E-05 9.99561E-05 0.00454131 9.99561E-05 9.99561E-05 0.702273
9.99737E-05 0.068014 0.193968 0.00723544 0.014078 0.152126 9.99737E-05 9.99737E-05 0.564278
9.99474E-05 9.99474E-05 9.99474E-05 0.0831617 9.99474E-05 9.99474E-05 9.99474E-05 0.196359 0.71988
9.99737E-05 0.106193 0.0313685 0.122248 9.99737E-05 0.0335695 0.160814 9.99737E-05 0.545507
0.260433 0.0246864 0.0151857 0.111809 9.9965E-05 9.9965E-05 9.9965E-05 9.9965E-05 0.587487
0.0138323 0.00628499 9.99912E-05 0.112825 0.00237311 0.127474 0.0349871 0.00471106 0.697412
9.99561E-05 0.144473 0.23144 9.99561E-05 9.99561E-05 0.0452415 9.99561E-05 9.99561E-05 0.578346
0.00472839 0.0530166 0.0251301 0.055743 9.99737E-05 0.152362 9.99737E-05 9.99737E-05 0.70872
0.0307824 9.99737E-05 0.0451226 9.99737E-05 9.99737E-05 0.0305676 0.0535819 0.0800578 0.759588
9.99561E-05 0.0608538 9.99561E-05 9.99561E-05 9.99561E-05 0.20113 0.125162 9.99561E-05 0.612354
9.99561E-05 0.121624 0.181663 9.99561E-05 9.99561E-05 0.0250083 9.99561E-05 9.99561E-05 0.671206
0.0252615 0.159251 9.99561E-05 9.99561E-05 9.99561E-05 0.110096 9.99561E-05 9.99561E-05 0.704891
0.148805 0.00716437 0.173691 0.0597078 9.99737E-05 0.078795 9.99737E-05 9.99737E-05 0.531537
0.0795201 0.0076688 0.0555845 9.99824E-05 0.0192793 0.100847 9.99824E-05 0.0319983 0.704902
9.99561E-05 0.190829 9.99561E-05 0.00229104 0.103224 9.99561E-05 9.99561E-05 9.99561E-05 0.703156
9.99473E-05 0.272286 9.99473E-05 9.99473E-05 0.0162265 9.99473E-05 9.99473E-05 9.99473E-05 0.710888
9.99385E-05 0.183478 9.99385E-05 9.99385E-05 9.99385E-05 9.99385E-05 9.99385E-05 9.99385E-05 0.815823
9.99385E-05 0.155271 9.99385E-05 9.99385E-05 9.99385E-05 9.99385E-05 9.99385E-05 9.99385E-05 0.84403
9.99474E-05 0.129736 9.99474E-05 0.0154174 9.99474E-05 9.99474E-05 9.99474E-05 9.99474E-05 0.854247
9.99386E-05 0.198041 9.99386E-05 9.99386E-05 9.99386E-05 9.99386E-05 9.99386E-05 9.99386E-05 0.801259
9.99474E-05 0.261373 9.99474E-05 9.99474E-05 0.0763643 9.99474E-05 9.99474E-05 9.99474E-05 0.661663
9.99562E-05 0.13376 9.99562E-05 0.0605329 9.99562E-05 0.0188837 9.99562E-05 9.99562E-05 0.786324
9.99561E-05 0.146296 9.99561E-05 0.0943836 0.038711 9.99561E-05 9.99561E-05 9.99561E-05 0.72011
9.99473E-05 0.312279 9.99473E-05 9.99473E-05 9.99473E-05 0.0224168 9.99473E-05 9.99473E-05 0.664704
9.99561E-05 0.113445 0.0417305 9.99561E-05 9.99561E-05 0.018529 9.99561E-05 9.99561E-05 0.825795
9.99386E-05 0.171563 9.99386E-05 9.99386E-05 9.99386E-05 9.99386E-05 9.99386E-05 9.99386E-05 0.827737
9.99473E-05 0.313187 9.99473E-05 9.99473E-05 9.99473E-05 0.0226457 9.99473E-05 9.99473E-05 0.663567
9.99474E-05 0.207906 9.99474E-05 0.184939 9.99474E-05 9.99474E-05 9.99474E-05 9.99474E-05 0.606555
9.99387E-05 0.0962777 9.99387E-05 9.99387E-05 9.99387E-05 9.99387E-05 9.99387E-05 9.99387E-05 0.903023
9.99561E-05 0.2314 0.0116567 0.111464 9.99561E-05 9.99561E-05 9.99561E-05 9.99561E-05 0.64498
9.99561E-05 0.221503 9.99561E-05 0.109145 0.0641761 9.99561E-05 9.99561E-05 9.99561E-05 0.604676
9.99474E-05 0.148304 9.99474E-05 0.0749617 9.99474E-05 9.99474E-05 9.99474E-05 9.99474E-05 0.776135
9.99386E-05 0.2362 9.99386E-05 9.99386E-05 9.99386E-05 9.99386E-05 9.99386E-05 9.99386E-05 0.763101
9.99474E-05 0.150461 9.99474E-05 9.99474E-05 9.99474E-05 0.0640481 9.99474E-05 9.99474E-05 0.784891
9.99385E-05 0.373806 9.99385E-05 9.99385E-05 9.99385E-05 9.99385E-05 9.99385E-05 9.99385E-05 0.625494
9.99386E-05 0.132154 9.99386E-05 9.99386E-05 9.99386E-05 9.99386E-05 9.99386E-05 9.99386E-05 0.867146
9.99385E-05 0.29058 9.99385E-05 9.99385E-05 9.99385E-05 9.99385E-05 9.99385E-05 9.99385E-05 0.70872
9.99474E-05 9.99474E-05 9.99474E-05 0.906388 9.99474E-05 9.99474E-05 9.99474E-05 0.0505625 0.0424501
9.99387E-05 0.182918 9.99387E-05 9.99387E-05 9.99387E-05 9.99387E-05 9.99387E-05 9.99387E-05 0.816383
9.99386E-05 0.201508 9.99386E-05 9.99386E-05 9.99386E-05 9.99386E-05 9.99386E-05 9.99386E-05 0.797793
9.99561E-05 0.0832878 9.99561E-05 9.99561E-05 9.99561E-05 0.0205067 0.101062 9.99561E-05 0.794643
9.99386E-05 0.134465 9.99386E-05 9.99386E-05 9.99386E-05 9.99386E-05 9.99386E-05 9.99386E-05 0.864835
9.99385E-05 0.339498 9.99385E-05 9.99385E-05 9.99385E-05 9.99385E-05 9.99385E-05 9.99385E-05 0.659802
9.99474E-05 0.159656 9.99474E-05 0.103102 9.99474E-05 9.99474E-05 9.99474E-05 9.99474E-05 0.736643
9.99474E-05 0.263606 9.99474E-05 9.99474E-05 9.99474E-05 0.0278352 9.99474E-05 9.99474E-05 0.707959
9.99385E-05 0.0457353 9.99385E-05 9.99385E-05 9.99385E-05 9.99385E-05 9.99385E-05 9.99385E-05 0.953565
9.99474E-05 0.212101 9.99474E-05 9.99474E-05 0.0282299 9.99474E-05 9.99474E-05 9.99474E-05 0.75907
9.99385E-05 0.183222 9.99385E-05 9.99385E-05 9.99385E-05 9.99385E-05 9.99385E-05 9.99385E-05 0.816079
9.99386E-05 0.229377 9.99386E-05 9.99386E-05 9.99386E-05 9.99386E-05 9.99386E-05 9.99386E-05 0.769924
9.99385E-05 0.0518752 9.99385E-05 9.99385E-05 9.99385E-05 9.99385E-05 9.99385E-05 9.99385E-05 0.947425
9.99385E-05 0.285975 9.99385E-05 9.99385E-05 9.99385E-05 9.99385E-05 9.99385E-05 9.99385E-05 0.713326
9.99474E-05 0.0546286 9.99474E-05 9.99474E-05 0.026535 9.99474E-05 9.99474E-05 9.99474E-05 0.918237
