9.99473E-05 0.040155 9.99473E-05 9.99473E-05 0.412447 9.99473E-05 9.99473E-05 0.33792 9.99473E-05 0.0912677 0.11761
9.99385E-05 0.125803 9.99385E-05 9.99385E-05 0.751212 9.99385E-05 9.99385E-05 0.105142 9.99385E-05 0.0171432 9.99385E-05
9.99297E-05 9.99297E-05 9.99297E-05 0.00425557 0.941953 9.99297E-05 9.99297E-05 9.99297E-05 9.99297E-05 0.0529917 9.99297E-05
0.00346434 9.99737E-05 0.0137435 9.99737E-05 0.320236 0.485992 9.99737E-05 0.0414577 0.0270501 0.0713514 0.0364046
9.99298E-05 0.0857452 9.99298E-05 9.99298E-05 0.864526 0.0489294 9.99298E-05 9.99298E-05 9.99298E-05 9.99298E-05 9.99298E-05
9.99473E-05 0.101221 9.99473E-05 9.99473E-05 0.286887 0.298093 9.99473E-05 0.134291 0.178908 9.99473E-05 9.99473E-05
9.99649E-05 0.0892493 9.99649E-05 0.0850315 0.303723 0.154985 9.99649E-05 0.20816 9.99649E-05 0.0311018 0.12735
9.99561E-05 9.99561E-05 9.99561E-05 0.174999 0.229068 0.23345 9.99561E-05 0.175096 0.170118 9.99561E-05 0.0167692
9.99473E-05 0.0960603 0.102357 9.99473E-05 0.256998 9.99473E-05 9.99473E-05 9.99473E-05 0.259547 0.284438 9.99473E-05
9.9921E-05 9.9921E-05 9.9921E-05 9.9921E-05 0.888739 9.9921E-05 9.9921E-05 9.9921E-05 9.9921E-05 0.110361 9.9921E-05
9.99386E-05 9.99386E-05 9.99386E-05 9.99386E-05 0.548328 9.99386E-05 9.99386E-05 0.109533 9.99386E-05 0.249225 0.092214
9.99385E-05 9.99385E-05 9.99385E-05 9.99385E-05 0.96313 0.0204682 9.99385E-05 9.99385E-05 9.99385E-05 0.0069973 0.00870481
9.99386E-05 9.99386E-05 9.99386E-05 9.99386E-05 0.76375 0.0229191 9.99386E-05 0.0965463 9.99386E-05 0.116085 9.99386E-05
0.169567 9.99561E-05 9.99561E-05 0.0362086 0.60888 9.99561E-05 9.99561E-05 0.0131069 9.99561E-05 0.0360447 0.135693
0.0570402 9.99561E-05 0.0100842 9.99561E-05 0.402659 9.99561E-05 9.99561E-05 0.194422 0.16995 0.165344 9.99561E-05
9.99649E-05 9.99649E-05 0.0360319 0.0530689 0.324287 0.178986 9.99649E-05 0.0830745 0.249381 0.0747705 9.99649E-05
0.0248676 0.136854 9.99561E-05 0.075401 0.633723 9.99561E-05 9.99561E-05 9.99561E-05 9.99561E-05 0.082664 0.0459905
9.99561E-05 9.99561E-05 0.13429 9.99561E-05 0.165083 9.99561E-05 0.184511 0.335723 0.0763334 0.10356 9.99561E-05
9.99561E-05 9.99561E-05 9.99561E-05 9.99561E-05 0.366816 0.154135 0.064839 0.13074 0.104846 0.178124 9.99561E-05
9.9921E-05 9.9921E-05 0.0245774 9.9921E-05 0.974523 9.9921E-05 9.9921E-05 9.9921E-05 9.9921E-05 9.9921E-05 9.9921E-05
9.99561E-05 9.99561E-05 0.0066577 9.99561E-05 0.507182 0.29376 9.99561E-05 9.99561E-05 0.0720542 0.0577981 0.0620491
9.99561E-05 0.00523156 9.99561E-05 9.99561E-05 0.301406 0.342398 9.99561E-05 0.202261 0.14767 9.99561E-05 0.000533517
9.99649E-05 0.114507 0.00441833 9.99649E-05 0.577919 9.99649E-05 0.0166 0.151723 9.99649E-05 0.109229 0.0252032
9.99385E-05 9.99385E-05 9.99385E-05 0.023497 0.38937 9.99385E-05 9.99385E-05 0.333921 9.99385E-05 0.252512 9.99385E-05
0.0465132 9.99561E-05 0.141049 9.99561E-05 0.347374 9.99561E-05 9.99561E-05 9.99561E-05 0.073486 0.295103 0.0959742
9.99473E-05 9.99473E-05 9.99473E-05 0.0575782 0.733132 9.99473E-05 9.99473E-05 9.99473E-05 0.039367 0.122061 0.0472626
0.179348 9.99737E-05 0.0701172 0.0456115 9.99737E-05 0.0562685 0.124747 0.313376 9.99737E-05 0.139766 0.0704654
9.99299E-05 9.99299E-05 9.99299E-05 9.99299E-05 0.826373 0.0820771 9.99299E-05 9.99299E-05 9.99299E-05 0.0907503 9.99299E-05
9.99386E-05 9.99386E-05 0.018888 9.99386E-05 0.606904 9.99386E-05 9.99386E-05 0.144405 9.99386E-05 0.229104 9.99386E-05
0.0345321 0.00154275 9.99561E-05 9.99561E-05 0.827732 9.99561E-05 9.99561E-05 9.99561E-05 0.0523726 0.0828999 0.000421299
9.99561E-05 9.99561E-05 0.0911513 9.99561E-05 0.657646 9.99561E-05 9.99561E-05 0.175222 0.0265351 0.00709604 0.0418503
0.172987 9.99649E-05 9.99649E-05 9.99649E-05 0.520831 0.0690863 9.99649E-05 0.0658117 0.00274055 0.0924043 0.0757401
9.99561E-05 9.99561E-05 0.00731283 0.00847976 0.571758 9.99561E-05 9.99561E-05 0.105112 9.99561E-05 0.163006 0.143832
0.188321 9.99649E-05 0.0019237 0.0277694 0.532142 0.0297083 0.0645142 9.99649E-05 9.99649E-05 0.155222 9.99649E-05
9.99386E-05 0.091118 0.0269837 9.99386E-05 0.843099 9.99386E-05 9.99386E-05 9.99386E-05 9.99386E-05 9.99386E-05 0.0380998
9.99649E-05 0.00861282 0.0157384 9.99649E-05 0.675973 0.0800112 9.99649E-05 0.164436 9.99649E-05 0.0337742 0.0210539
9.99386E-05 0.0500164 9.99386E-05 0.0657606 0.863405 9.99386E-05 9.99386E-05 9.99386E-05 9.99386E-05 9.99386E-05 0.0201183
9.99474E-05 9.99474E-05 0.024009 9.99474E-05 0.669055 9.99474E-05 9.99474E-05 9.99474E-05 0.154884 0.0934913 0.0579611
0.0810592 0.0767703 9.99562E-05 9.99562E-05 0.579412 0.011026 9.99562E-05 9.99562E-05 9.99562E-05 0.168001 0.0832326
0.0926234 9.99385E-05 9.99385E-05 0.142007 0.598436 9.99385E-05 9.99385E-05 9.99385E-05 9.99385E-05 0.166234 9.99385E-05
9.99474E-05 9.99474E-05 9.99474E-05 0.040748 0.737951 0.0914443 9.99474E-05 9.99474E-05 9.99474E-05 0.0585964 0.0706605
9.99561E-05 0.00518156 9.99561E-05 9.99561E-05 0.601313 9.99561E-05 9.99561E-05 0.253909 0.0316498 0.0817835 0.0256631
9.99298E-05 0.0709885 9.99298E-05 9.99298E-05 0.87731 0.0509024 9.99298E-05 9.99298E-05 9.99298E-05 9.99298E-05 9.99298E-05
9.99649E-05 0.0645662 9.99649E-05 9.99649E-05 0.402366 9.99649E-05 0.0368492 0.200009 0.0851498 0.188573 0.0220866
9.99385E-05 9.99385E-05 9.99385E-05 9.99385E-05 0.26256 0.217204 9.99385E-05 0.204292 9.99385E-05 0.315244 9.99385E-05
9.99385E-05 9.99385E-05 0.0562561 9.99385E-05 0.864003 0.0553184 9.99385E-05 9.99385E-05 9.99385E-05 0.0237227 9.99385E-05
9.99473E-05 0.00575047 9.99473E-05 9.99473E-05 0.823419 9.99473E-05 0.055653 9.99473E-05 0.0274466 0.0871309 9.99473E-05
9.9921E-05 9.9921E-05 9.9921E-05 9.9921E-05 0.992684 9.9921E-05 9.9921E-05 9.9921E-05 9.9921E-05 0.00641718 9.9921E-05
9.99385E-05 9.99385E-05 9.99385E-05 9.99385E-05 0.613078 9.99385E-05 9.99385E-05 0.201968 9.99385E-05 0.133133 0.0511211
9.99562E-05 0.0203532 9.99562E-05 0.101927 0.824808 9.99562E-05 0.0234175 9.99562E-05 0.0139813 9.99562E-05 0.0150134
0.0125994 9.99648E-05 9.99648E-05 9.99648E-05 0.39444 0.122139 9.99648E-05 0.0487613 0.0828504 0.21584 0.12297
9.99473E-05 9.99473E-05 0.0428478 0.0233002 0.716191 0.201863 9.99473E-05 9.99473E-05 0.0151992 9.99473E-05 9.99473E-05
9.99299E-05 9.99299E-05 9.99299E-05 9.99299E-05 0.910413 9.99299E-05 0.025017 9.99299E-05 9.99299E-05 0.0637701 9.99299E-05
9.99561E-05 9.99561E-05 0.00159133 0.236001 0.676732 9.99561E-05 0.00708117 9.99561E-05 0.00975319 0.0683417 9.99561E-05
9.99386E-05 9.99386E-05 9.99386E-05 9.99386E-05 0.791407 0.0736455 9.99386E-05 9.99386E-05 0.0176475 0.1166 9.99386E-05
0.105677 9.99474E-05 0.0573188 9.99474E-05 0.74114 9.99474E-05 9.99474E-05 0.0449617 9.99474E-05 9.99474E-05 0.0503028
9.99473E-05 0.0583357 9.99473E-05 0.151754 0.682211 9.99473E-05 0.0502788 9.99473E-05 0.0568212 9.99473E-05 9.99473E-05
9.99386E-05 9.99386E-05 9.99386E-05 9.99386E-05 0.835728 0.00179061 9.99386E-05 9.99386E-05 9.99386E-05 0.0990047 0.0627768
9.99473E-05 0.0292298 9.99473E-05 9.99473E-05 0.901071 9.99473E-05 9.99473E-05 9.99473E-05 0.00135792 0.0349026 0.0328393
9.99561E-05 0.0967929 9.99561E-05 9.99561E-05 9.99561E-05 9.99561E-05 0.084745 0.554622 0.0337789 0.193447 0.0361147
9.99474E-05 0.0474326 0.023556 0.0233748 0.0403904 9.99474E-05 9.99474E-05 0.864647 9.99474E-05 9.99474E-05 9.99474E-05
9.99386E-05 0.120114 9.99386E-05 9.99386E-05 0.0911461 9.99386E-05 0.13101 0.65703 9.99386E-05 9.99386E-05 9.99386E-05
0.12741 0.32705 9.99736E-05 0.00985437 9.99736E-05 9.99736E-05 0.0857924 0.243473 0.117715 0.0674074 0.0209977
9.9956E-05 0.0195919 0.114844 9.9956E-05 9.9956E-05 9.9956E-05 0.0332904 0.588613 0.116468 0.126693 9.9956E-05
9.99472E-05 0.0374083 9.99472E-05 9.99472E-05 9.99472E-05 9.99472E-05 0.0167832 0.620149 0.0573166 0.267743 9.99472E-05
9.99561E-05 0.360369 0.0019472 9.99561E-05 9.99561E-05 9.99561E-05 0.0272671 0.416416 9.99561E-05 0.162446 0.0310548
9.99473E-05 0.1886 9.99473E-05 9.99473E-05 9.99473E-05 9.99473E-05 0.20791 0.391917 0.0810457 0.129928 9.99473E-05
9.9921E-05 0.139787 9.9921E-05 9.9921E-05 9.9921E-05 9.9921E-05 9.9921E-05 0.859314 9.9921E-05 9.9921E-05 9.9921E-05
9.99561E-05 0.0520414 9.99561E-05 9.99561E-05 0.0201293 9.99561E-05 9.99561E-05 0.821244 0.000428381 0.0382256 0.067431
9.99473E-05 9.99473E-05 0.0490566 9.99473E-05 9.99473E-05 9.99473E-05 9.99473E-05 0.385045 0.0540657 0.329635 0.181598
9.99736E-05 0.0751194 0.0352129 0.0844285 9.99736E-05 0.110036 0.0148007 0.424821 9.99736E-05 0.15919 0.0960914
9.99561E-05 9.99561E-05 9.99561E-05 0.0923784 9.99561E-05 0.119739 9.99561E-05 0.418756 0.172544 0.0705318 0.125552
9.99297E-05 0.119864 9.99297E-05 9.99297E-05 9.99297E-05 9.99297E-05 9.99297E-05 0.57611 9.99297E-05 0.303227 9.99297E-05
0.111737 0.0425188 9.99562E-05 0.0317375 9.99562E-05 9.99562E-05 9.99562E-05 0.784957 9.99562E-05 0.00532327 0.0232269
9.99474E-05 0.100418 9.99474E-05 9.99474E-05 9.99474E-05 9.99474E-05 0.0182045 0.742278 9.99474E-05 0.0831513 0.0553479
9.99561E-05 0.0690239 9.99561E-05 0.120107 9.99561E-05 0.0249714 0.122197 0.492791 9.99561E-05 0.17041 9.99561E-05
9.99385E-05 9.99385E-05 9.99385E-05 9.99385E-05 9.99385E-05 9.99385E-05 0.0280661 0.695555 0.0958297 9.99385E-05 0.17985
9.99561E-05 0.0122182 9.99561E-05 9.99561E-05 9.99561E-05 9.99561E-05 0.162318 0.642168 0.0109015 0.120634 0.051261
9.9956E-05 0.031272 0.010468 9.9956E-05 9.9956E-05 9.9956E-05 0.0894786 0.459759 9.9956E-05 0.342637 0.0658855
9.99388E-05 0.093119 9.99388E-05 9.99388E-05 0.0560491 9.99388E-05 9.99388E-05 0.79266 9.99388E-05 0.0574719 9.99388E-05
9.99384E-05 9.99384E-05 9.99384E-05 0.047462 9.99384E-05 9.99384E-05 0.0502954 0.841097 9.99384E-05 0.0604461 9.99384E-05
0.178429 0.0739261 9.99474E-05 9.99474E-05 9.99474E-05 9.99474E-05 0.00366822 0.666025 9.99474E-05 0.0773521 9.99474E-05
9.99473E-05 9.99473E-05 9.99473E-05 9.99473E-05 9.99473E-05 0.147984 0.133486 0.574383 0.0636064 0.0799414 9.99473E-05
9.99297E-05 9.99297E-05 9.99297E-05 9.99297E-05 9.99297E-05 9.99297E-05 9.99297E-05 0.743619 9.99297E-05 0.0757032 0.179879
0.0248809 0.173507 0.0167628 9.99737E-05 0.153274 9.99737E-05 9.99737E-05 0.469834 0.0442942 0.0828267 0.0343205
9.99299E-05 9.99299E-05 9.99299E-05 9.99299E-05 0.00260861 9.99299E-05 0.00257466 0.994017 9.99299E-05 9.99299E-05 9.99299E-05
9.99299E-05 0.13968 9.99299E-05 9.99299E-05 9.99299E-05 9.99299E-05 9.99299E-05 0.75512 9.99299E-05 0.104401 9.99299E-05
9.99386E-05 9.99386E-05 9.99386E-05 9.99386E-05 9.99386E-05 9.99386E-05 0.157195 0.790274 0.0281199 0.0237123 9.99386E-05
0.124569 0.0148851 9.99562E-05 9.99562E-05 0.0802628 9.99562E-05 9.99562E-05 0.353303 0.154444 0.272037 9.99562E-05
0.585319 9.99297E-05 9.99297E-05 9.99297E-05 9.99297E-05 9.99297E-05 9.99297E-05 9.99297E-05 0.191594 0.222288 9.99297E-05
0.877221 9.99386E-05 9.99386E-05 9.99386E-05 0.00433838 9.99386E-05 9.99386E-05 9.99386E-05 0.0585296 0.059212 9.99386E-05
0.575651 9.9956E-05 9.9956E-05 9.9956E-05 9.9956E-05 0.0312106 0.0260318 9.9956E-05 0.0410018 0.254252 0.0713535
0.456157 0.0199088 9.9956E-05 9.9956E-05 9.9956E-05 9.9956E-05 0.111244 9.9956E-05 0.151889 0.14556 0.114742
0.526889 9.99648E-05 0.0729209 0.0321999 9.99648E-05 0.0184759 0.0974442 9.99648E-05 0.223368 0.0283032 9.99648E-05
0.466546 0.0674494 9.99473E-05 9.99473E-05 9.99473E-05 0.00703094 9.99473E-05 9.99473E-05 0.228848 0.229526 9.99473E-05
0.562656 9.99473E-05 9.99473E-05 9.99473E-05 9.99473E-05 9.99473E-05 0.0332877 9.99473E-05 0.163979 0.176839 0.0626384
0.490083 9.99385E-05 9.99385E-05 9.99385E-05 9.99385E-05 9.99385E-05 0.072844 9.99385E-05 0.287754 0.148618 9.99385E-05
0.136179 0.282762 9.99472E-05 9.99472E-05 9.99472E-05 9.99472E-05 9.99472E-05 9.99472E-05 0.376993 0.143432 0.0600339
0.319996 9.99385E-05 9.99385E-05 9.99385E-05 9.99385E-05 9.99385E-05 0.0324997 9.99385E-05 0.235413 0.411391 9.99385E-05
0.581405 0.361399 9.99386E-05 9.99386E-05 9.99386E-05 9.99386E-05 9.99386E-05 9.99386E-05 0.0467022 9.99386E-05 0.00979456
0.632695 0.220591 9.99473E-05 9.99473E-05 9.99473E-05 9.99473E-05 9.99473E-05 9.99473E-05 0.0187119 0.0914164 0.0359864
0.77893 9.99385E-05 9.99385E-05 9.99385E-05 9.99385E-05 9.99385E-05 0.0218577 9.99385E-05 0.160993 9.99385E-05 0.0375197
0.529882 9.99386E-05 9.99386E-05 9.99386E-05 9.99386E-05 9.99386E-05 9.99386E-05 9.99386E-05 0.153811 0.309241 0.00636555
0.642002 9.99561E-05 9.99561E-05 0.0320556 9.99561E-05 9.99561E-05 0.156708 9.99561E-05 0.126077 0.0149252 0.0277323
0.507916 0.0583332 0.00382182 0.0578857 9.99649E-05 9.99649E-05 9.99649E-05 9.99649E-05 0.0750099 0.213678 0.0829552
0.472974 0.234259 0.0834345 9.99473E-05 9.99473E-05 9.99473E-05 9.99473E-05 9.99473E-05 0.0595025 0.14923 9.99473E-05
0.526265 9.99563E-05 9.99563E-05 9.99563E-05 9.99563E-05 0.143775 9.99563E-05 0.0410162 0.241112 0.0107333 0.0365989
0.742279 0.0975505 0.0129587 9.99473E-05 9.99473E-05 9.99473E-05 9.99473E-05 9.99473E-05 0.0222126 9.99473E-05 0.1244
0.567793 9.99649E-05 0.12007 0.000345559 9.99649E-05 9.99649E-05 0.020829 9.99649E-05 0.157252 0.117037 0.016274
0.594884 0.111439 9.99561E-05 9.99561E-05 9.99561E-05 0.0850508 0.00915752 9.99561E-05 0.0655102 0.133459 9.99561E-05
0.617159 9.99472E-05 9.99472E-05 9.99472E-05 9.99472E-05 9.99472E-05 0.0112229 9.99472E-05 0.150155 0.134882 0.0859812
0.183419 0.0977104 0.142932 9.99473E-05 9.99473E-05 9.99473E-05 9.99473E-05 9.99473E-05 0.299335 0.276004 9.99473E-05
0.682228 9.99385E-05 9.99385E-05 9.99385E-05 9.99385E-05 9.99385E-05 9.99385E-05 9.99385E-05 0.160707 0.126053 0.0303127
0.179573 0.071729 0.124212 9.99473E-05 9.99473E-05 9.99473E-05 9.99473E-05 9.99473E-05 0.285143 0.338743 9.99473E-05
0.420742 0.158833 9.99649E-05 0.00526876 9.99649E-05 9.99649E-05 0.0200384 0.0507868 0.203206 0.140725 9.99649E-05
0.847149 9.99386E-05 0.0545489 9.99386E-05 0.0300078 9.99386E-05 9.99386E-05 9.99386E-05 9.99386E-05 0.067595 9.99386E-05
0.479413 9.99648E-05 0.0565673 0.045072 9.99648E-05 0.0214665 9.99648E-05 9.99648E-05 0.136541 0.235351 0.0251888
0.349382 0.0760963 9.99385E-05 9.99385E-05 9.99385E-05 9.99385E-05 9.99385E-05 9.99385E-05 0.329496 0.244326 9.99385E-05
0.633944 9.99473E-05 0.0699396 9.99473E-05 9.99473E-05 9.99473E-05 9.99473E-05 9.99473E-05 0.0420759 0.185178 0.0682634
0.531569 9.99473E-05 9.99473E-05 0.0188508 9.99473E-05 9.99473E-05 9.99473E-05 9.99473E-05 0.0814255 0.286277 0.0812776
0.638804 9.9956E-05 0.0537899 0.100683 9.9956E-05 9.9956E-05 9.9956E-05 9.9956E-05 0.0586282 0.0991177 0.0484779
0.203772 9.99473E-05 0.195872 9.99473E-05 9.99473E-05 9.99473E-05 9.99473E-05 9.99473E-05 0.35364 0.231133 0.0149838
0.494132 9.9956E-05 0.0819291 9.9956E-05 9.9956E-05 0.016247 9.9956E-05 0.132614 0.123959 0.150618 9.9956E-05
0.737614 9.99385E-05 9.99385E-05 9.99385E-05 9.99385E-05 9.99385E-05 0.0243962 9.99385E-05 9.99385E-05 0.231221 0.00606932
0.670228 0.0798653 0.00409555 0.0780443 9.9956E-05 9.9956E-05 9.9956E-05 9.9956E-05 0.0940825 9.9956E-05 0.0731847
0.363149 9.99472E-05 9.99472E-05 9.99472E-05 9.99472E-05 9.99472E-05 0.0373484 9.99472E-05 0.185381 0.357476 0.0560463
0.913291 9.9921E-05 9.9921E-05 9.9921E-05 9.9921E-05 9.9921E-05 9.9921E-05 9.9921E-05 0.0858095 9.9921E-05 9.9921E-05
0.789904 9.99473E-05 9.99473E-05 9.99473E-05 9.99473E-05 9.99473E-05 0.035999 9.99473E-05 0.0355164 0.105923 0.0320574
0.92165 9.99386E-05 9.99386E-05 9.99386E-05 9.99386E-05 9.99386E-05 9.99386E-05 9.99386E-05 0.0507887 0.00937485 0.0174873
0.89448 0.0976378 9.99298E-05 9.99298E-05 9.99298E-05 9.99298E-05 9.99298E-05 9.99298E-05 0.00708289 9.99298E-05 9.99298E-05
0.222033 0.137613 9.99472E-05 9.99472E-05 9.99472E-05 0.0792567 9.99472E-05 9.99472E-05 0.199882 0.360615 9.99472E-05
0.531635 0.0269765 0.0483704 0.0571737 9.99648E-05 0.0128323 9.99648E-05 9.99648E-05 0.241847 0.080765 9.99648E-05
0.731093 0.0418666 9.99474E-05 9.99474E-05 0.0491821 9.99474E-05 9.99474E-05 9.99474E-05 0.10783 0.0694286 9.99474E-05
0.945396 9.99211E-05 9.99211E-05 9.99211E-05 9.99211E-05 9.99211E-05 9.99211E-05 9.99211E-05 9.99211E-05 0.0537043 9.99211E-05
0.219815 0.268052 0.123091 0.027544 9.99824E-05 9.99824E-05 0.0348666 0.00526445 0.281588 0.00936962 0.0302103
0.483442 9.99649E-05 9.99649E-05 0.0143638 9.99649E-05 9.99649E-05 0.0868 0.0715575 0.210448 0.120175 0.0128136
0.415949 0.115734 9.99561E-05 0.109276 9.99561E-05 9.99561E-05 0.0669702 9.99561E-05 0.207676 0.0838936 9.99561E-05
0.192239 9.99561E-05 9.99561E-05 9.99561E-05 9.99561E-05 9.99561E-05 0.00350928 0.0599339 0.391887 0.276851 0.0750798
0.868875 0.0208009 9.99298E-05 9.99298E-05 9.99298E-05 9.99298E-05 9.99298E-05 9.99298E-05 9.99298E-05 0.109524 9.99298E-05
0.352457 9.9956E-05 9.9956E-05 0.0622583 9.9956E-05 0.221148 9.9956E-05 9.9956E-05 0.0433011 0.261635 0.0587014
0.858225 0.023347 9.99298E-05 9.99298E-05 9.99298E-05 9.99298E-05 9.99298E-05 9.99298E-05 0.117628 9.99298E-05 9.99298E-05
0.456406 0.0732372 9.99649E-05 9.99649E-05 9.99649E-05 0.0349481 0.0106518 9.99649E-05 0.0869309 0.243068 0.0943581
0.546481 0.152023 9.99473E-05 0.0965265 9.99473E-05 9.99473E-05 9.99473E-05 9.99473E-05 0.199388 0.00498132 9.99473E-05
0.638417 9.99648E-05 9.99648E-05 0.0945516 9.99648E-05 0.0323246 0.114662 0.0269949 9.99648E-05 0.0424609 0.0501896
0.199349 0.301584 9.99385E-05 9.99385E-05 9.99385E-05 9.99385E-05 9.99385E-05 9.99385E-05 0.232772 0.265595 9.99385E-05
0.522756 9.99297E-05 9.99297E-05 9.99297E-05 9.99297E-05 9.99297E-05 9.99297E-05 9.99297E-05 0.264712 0.211733 9.99297E-05
0.506521 9.9956E-05 9.9956E-05 0.0866933 9.9956E-05 0.130667 9.9956E-05 9.9956E-05 0.0777149 0.0888636 0.109041
0.67104 9.99473E-05 0.131278 0.0182168 9.99473E-05 9.99473E-05 9.99473E-05 9.99473E-05 0.0209287 0.157936 9.99473E-05
0.674859 0.0625258 9.99385E-05 9.99385E-05 9.99385E-05 9.99385E-05 9.99385E-05 9.99385E-05 0.207037 0.0548785 9.99385E-05
9.9912E-05 9.9912E-05 9.9912E-05 9.9912E-05 9.9912E-05 9.9912E-05 9.9912E-05 9.9912E-05 9.9912E-05 0.999001 9.9912E-05
9.99119E-05 9.99119E-05 9.99119E-05 9.99119E-05 9.99119E-05 9.99119E-05 9.99119E-05 9.99119E-05 0.999001 9.99119E-05 9.99119E-05
9.9912E-05 9.9912E-05 9.9912E-05 9.9912E-05 9.9912E-05 9.9912E-05 9.9912E-05 9.9912E-05 9.9912E-05 0.999001 9.9912E-05
9.9912E-05 9.9912E-05 9.9912E-05 9.9912E-05 9.9912E-05 9.9912E-05 9.9912E-05 9.9912E-05 0.999001 9.9912E-05 9.9912E-05
9.9912E-05 9.9912E-05 9.9912E-05 9.9912E-05 9.9912E-05 9.9912E-05 9.9912E-05 9.9912E-05 0.999001 9.9912E-05 9.9912E-05
9.9912E-05 9.9912E-05 9.9912E-05 9.9912E-05 9.9912E-05 9.9912E-05 9.9912E-05 9.9912E-05 0.999001 9.9912E-05 9.9912E-05
9.99121E-05 9.99121E-05 9.99121E-05 9.99121E-05 9.99121E-05 9.99121E-05 9.99121E-05 9.99121E-05 9.99121E-05 0.999001 9.99121E-05
9.9912E-05 9.9912E-05 9.9912E-05 9.9912E-05 9.9912E-05 9.9912E-05 9.9912E-05 9.9912E-05 0.999001 9.9912E-05 9.9912E-05
9.9912E-05 9.9912E-05 9.9912E-05 9.9912E-05 9.9912E-05 9.9912E-05 9.9912E-05 9.9912E-05 0.999001 9.9912E-05 9.9912E-05
9.9912E-05 9.9912E-05 9.9912E-05 9.9912E-05 9.9912E-05 9.9912E-05 9.9912E-05 9.9912E-05 9.9912E-05 0.999001 9.9912E-05
9.9912E-05 9.9912E-05 9.9912E-05 9.9912E-05 9.9912E-05 9.9912E-05 9.9912E-05 9.9912E-05 9.9912E-05 0.999001 9.9912E-05
9.9912E-05 9.9912E-05 9.9912E-05 9.9912E-05 9.9912E-05 9.9912E-05 9.9912E-05 9.9912E-05 9.9912E-05 0.999001 9.9912E-05
9.9912E-05 9.9912E-05 9.9912E-05 9.9912E-05 9.9912E-05 9.9912E-05 9.9912E-05 9.9912E-05 0.999001 9.9912E-05 9.9912E-05
9.9912E-05 9.9912E-05 9.9912E-05 9.9912E-05 9.9912E-05 9.9912E-05 9.9912E-05 9.9912E-05 0.999001 9.9912E-05 9.9912E-05
9.9912E-05 9.9912E-05 9.9912E-05 9.9912E-05 9.9912E-05 9.9912E-05 9.9912E-05 9.9912E-05 9.9912E-05 0.999001 9.9912E-05
9.9912E-05 9.9912E-05 9.9912E-05 9.9912E-05 9.9912E-05 9.9912E-05 9.9912E-05 9.9912E-05 9.9912E-05 0.999001 9.9912E-05
0.279769 0.052006 0.0772249 0.138939 9.99736E-05 0.086122 9.99736E-05 9.99736E-05 0.136534 0.214901 0.0142044
9.9912E-05 9.9912E-05 9.9912E-05 9.9912E-05 9.9912E-05 9.9912E-05 9.9912E-05 9.9912E-05 9.9912E-05 0.999001 9.9912E-05
9.9912E-05 9.9912E-05 9.9912E-05 9.9912E-05 9.9912E-05 9.9912E-05 9.9912E-05 9.9912E-05 0.999001 9.9912E-05 9.9912E-05
9.9912E-05 9.9912E-05 9.9912E-05 9.9912E-05 9.9912E-05 9.9912E-05 9.9912E-05 9.9912E-05 9.9912E-05 0.999001 9.9912E-05
9.9912E-05 9.9912E-05 9.9912E-05 9.9912E-05 9.9912E-05 9.9912E-05 9.9912E-05 9.9912E-05 9.9912E-05 0.999001 9.9912E-05
9.9912E-05 9.9912E-05 9.9912E-05 9.9912E-05 9.9912E-05 9.9912E-05 9.9912E-05 9.9912E-05 9.9912E-05 0.999001 9.9912E-05
9.9912E-05 9.9912E-05 9.9912E-05 9.9912E-05 9.9912E-05 9.9912E-05 9.9912E-05 9.9912E-05 0.999001 9.9912E-05 9.9912E-05
9.99119E-05 9.99119E-05 9.99119E-05 9.99119E-05 9.99119E-05 9.99119E-05 9.99119E-05 9.99119E-05 9.99119E-05 0.999001 9.99119E-05
9.9912E-05 9.9912E-05 9.9912E-05 9.9912E-05 9.9912E-05 9.9912E-05 9.9912E-05 9.9912E-05 0.999001 9.9912E-05 9.9912E-05
9.9912E-05 9.9912E-05 9.9912E-05 9.9912E-05 9.9912E-05 9.9912E-05 9.9912E-05 9.9912E-05 9.9912E-05 0.999001 9.9912E-05
9.99119E-05 9.99119E-05 9.99119E-05 9.99119E-05 9.99119E-05 9.99119E-05 9.99119E-05 9.99119E-05 9.99119E-05 0.999001 9.99119E-05
9.9912E-05 9.9912E-05 9.9912E-05 9.9912E-05 9.9912E-05 9.9912E-05 9.9912E-05 9.9912E-05 0.999001 9.9912E-05 9.9912E-05
9.9912E-05 9.9912E-05 9.9912E-05 9.9912E-05 9.9912E-05 9.9912E-05 9.9912E-05 9.9912E-05 0.999001 9.9912E-05 9.9912E-05
9.9912E-05 9.9912E-05 9.9912E-05 9.9912E-05 9.9912E-05 9.9912E-05 9.9912E-05 9.9912E-05 0.999001 9.9912E-05 9.9912E-05
9.9912E-05 9.9912E-05 9.9912E-05 9.9912E-05 9.9912E-05 9.9912E-05 9.9912E-05 9.9912E-05 9.9912E-05 0.999001 9.9912E-05
9.9912E-05 9.9912E-05 9.9912E-05 9.9912E-05 9.9912E-05 9.9912E-05 9.9912E-05 9.9912E-05 9.9912E-05 0.999001 9.9912E-05
9.9912E-05 9.9912E-05 9.9912E-05 9.9912E-05 9.9912E-05 9.9912E-05 9.9912E-05 9.9912E-05 9.9912E-05 0.999001 9.9912E-05
9.9912E-05 9.9912E-05 9.9912E-05 9.9912E-05 9.9912E-05 9.9912E-05 9.9912E-05 9.9912E-05 9.9912E-05 0.999001 9.9912E-05
9.9912E-05 9.9912E-05 9.9912E-05 9.9912E-05 9.9912E-05 9.9912E-05 9.9912E-05 9.9912E-05 9.9912E-05 0.999001 9.9912E-05
9.9912E-05 9.9912E-05 9.9912E-05 9.9912E-05 9.9912E-05 9.9912E-05 9.9912E-05 9.9912E-05 0.999001 9.9912E-05 9.9912E-05
9.99119E-05 9.99119E-05 9.99119E-05 9.99119E-05 9.99119E-05 9.99119E-05 9.99119E-05 9.99119E-05 0.999001 9.99119E-05 9.99119E-05
9.9912E-05 9.9912E-05 9.9912E-05 9.9912E-05 9.9912E-05 9.9912E-05 9.9912E-05 9.9912E-05 0.999001 9.9912E-05 9.9912E-05
9.9912E-05 9.9912E-05 9.9912E-05 9.9912E-05 9.9912E-05 9.9912E-05 9.9912E-05 9.9912E-05 9.9912E-05 0.999001 9.9912E-05
9.9912E-05 9.9912E-05 9.9912E-05 9.9912E-05 9.9912E-05 9.9912E-05 9.9912E-05 9.9912E-05 0.999001 9.9912E-05 9.9912E-05
9.99121E-05 9.99121E-05 9.99121E-05 9.99121E-05 9.99121E-05 9.99121E-05 9.99121E-05 9.99121E-05 0.999001 9.99121E-05 9.99121E-05
9.9912E-05 9.9912E-05 9.9912E-05 9.9912E-05 9.9912E-05 9.9912E-05 9.9912E-05 9.9912E-05 0.999001 9.9912E-05 9.9912E-05
9.9912E-05 9.9912E-05 9.9912E-05 9.9912E-05 9.9912E-05 9.9912E-05 9.9912E-05 9.9912E-05 0.999001 9.9912E-05 9.9912E-05
9.9912E-05 9.9912E-05 9.9912E-05 9.9912E-05 9.9912E-05 9.9912E-05 9.9912E-05 9.9912E-05 9.9912E-05 0.999001 9.9912E-05
9.9912E-05 9.9912E-05 9.9912E-05 9.9912E-05 9.9912E-05 9.9912E-05 9.9912E-05 9.9912E-05 0.999001 9.9912E-05 9.9912E-05
9.9912E-05 9.9912E-05 9.9912E-05 9.9912E-05 9.9912E-05 9.9912E-05 9.9912E-05 9.9912E-05 0.999001 9.9912E-05 9.9912E-05
0.28446 0.0486529 0.0882145 0.111947 9.99736E-05 0.114079 0.00246025 9.99736E-05 0.137017 0.21287 9.99736E-05
9.9912E-05 9.9912E-05 9.9912E-05 9.9912E-05 9.9912E-05 9.9912E-05 9.9912E-05 9.9912E-05 9.9912E-05 0.999001 9.9912E-05
9.9912E-05 9.9912E-05 9.9912E-05 9.9912E-05 9.9912E-05 9.9912E-05 9.9912E-05 9.9912E-05 0.999001 9.9912E-05 9.9912E-05
9.9912E-05 9.9912E-05 9.9912E-05 9.9912E-05 9.9912E-05 9.9912E-05 9.9912E-05 9.9912E-05 0.999001 9.9912E-05 9.9912E-05
9.9912E-05 9.9912E-05 9.9912E-05 9.9912E-05 9.9912E-05 9.9912E-05 9.9912E-05 9.9912E-05 0.999001 9.9912E-05 9.9912E-05
9.9912E-05 9.9912E-05 9.9912E-05 9.9912E-05 9.9912E-05 9.9912E-05 9.9912E-05 9.9912E-05 0.999001 9.9912E-05 9.9912E-05
9.9912E-05 9.9912E-05 9.9912E-05 9.9912E-05 9.9912E-05 9.9912E-05 9.9912E-05 9.9912E-05 9.9912E-05 0.999001 9.9912E-05
9.9912E-05 9.9912E-05 9.9912E-05 9.9912E-05 9.9912E-05 9.9912E-05 9.9912E-05 9.9912E-05 0.999001 9.9912E-05 9.9912E-05
9.9912E-05 9.9912E-05 9.9912E-05 9.9912E-05 9.9912E-05 9.9912E-05 9.9912E-05 9.9912E-05 9.9912E-05 0.999001 9.9912E-05
9.9912E-05 9.9912E-05 9.9912E-05 9.9912E-05 9.9912E-05 9.9912E-05 9.9912E-05 9.9912E-05 0.999001 9.9912E-05 9.9912E-05
9.9912E-05 9.9912E-05 9.9912E-05 9.9912E-05 9.9912E-05 9.9912E-05 9.9912E-05 9.9912E-05 9.9912E-05 0.999001 9.9912E-05
9.99121E-05 9.99121E-05 9.99121E-05 9.99121E-05 9.99121E-05 9.99121E-05 9.99121E-05 9.99121E-05 0.999001 9.99121E-05 9.99121E-05
9.9912E-05 9.9912E-05 9.9912E-05 9.9912E-05 9.9912E-05 9.9912E-05 9.9912E-05 9.9912E-05 0.999001 9.9912E-05 9.9912E-05
9.9912E-05 9.9912E-05 9.9912E-05 9.9912E-05 9.9912E-05 9.9912E-05 9.9912E-05 9.9912E-05 0.999001 9.9912E-05 9.9912E-05
9.9912E-05 9.9912E-05 9.9912E-05 9.9912E-05 9.9912E-05 9.9912E-05 9.9912E-05 9.9912E-05 0.999001 9.9912E-05 9.9912E-05
9.9912E-05 9.9912E-05 9.9912E-05 9.9912E-05 9.9912E-05 9.9912E-05 9.9912E-05 9.9912E-05 0.999001 9.9912E-05 9.9912E-05
9.9912E-05 9.9912E-05 9.9912E-05 9.9912E-05 9.9912E-05 9.9912E-05 9.9912E-05 9.9912E-05 0.999001 9.9912E-05 9.9912E-05
9.9912E-05 9.9912E-05 9.9912E-05 9.9912E-05 9.9912E-05 9.9912E-05 9.9912E-05 9.9912E-05 9.9912E-05 0.999001 9.9912E-05
9.9912E-05 9.9912E-05 9.9912E-05 9.9912E-05 9.9912E-05 9.9912E-05 9.9912E-05 9.9912E-05 9.9912E-05 0.999001 9.9912E-05
9.9912E-05 9.9912E-05 9.9912E-05 9.9912E-05 9.9912E-05 9.9912E-05 9.9912E-05 9.9912E-05 9.9912E-05 0.999001 9.9912E-05
9.9912E-05 9.9912E-05 9.9912E-05 9.9912E-05 9.9912E-05 9.9912E-05 9.9912E-05 9.9912E-05 0.999001 9.9912E-05 9.9912E-05
9.9912E-05 9.9912E-05 9.9912E-05 9.9912E-05 9.9912E-05 9.9912E-05 9.9912E-05 9.9912E-05 9.9912E-05 0.999001 9.9912E-05
9.9912E-05 9.9912E-05 9.9912E-05 9.9912E-05 9.9912E-05 9.9912E-05 9.9912E-05 9.9912E-05 9.9912E-05 0.999001 9.9912E-05
9.9912E-05 9.9912E-05 9.9912E-05 9.9912E-05 9.9912E-05 9.9912E-05 9.9912E-05 9.9912E-05 9.9912E-05 0.999001 9.9912E-05
9.9912E-05 9.9912E-05 9.9912E-05 9.9912E-05 9.9912E-05 9.9912E-05 9.9912E-05 9.9912E-05 0.999001 9.9912E-05 9.9912E-05
9.9912E-05 9.9912E-05 9.9912E-05 9.9912E-05 9.9912E-05 9.9912E-05 9.9912E-05 9.9912E-05 0.999001 9.9912E-05 9.9912E-05
9.9912E-05 9.9912E-05 9.9912E-05 9.9912E-05 9.9912E-05 9.9912E-05 9.9912E-05 9.9912E-05 0.999001 9.9912E-05 9.9912E-05
9.9912E-05 9.9912E-05 9.9912E-05 9.9912E-05 9.9912E-05 9.9912E-05 9.9912E-05 9.9912E-05 9.9912E-05 0.999001 9.9912E-05
9.9912E-05 9.9912E-05 9.9912E-05 9.9912E-05 9.9912E-05 9.9912E-05 9.9912E-05 9.9912E-05 0.999001 9.9912E-05 9.9912E-05
9.9912E-05 9.9912E-05 9.9912E-05 9.9912E-05 9.9912E-05 9.9912E-05 9.9912E-05 9.9912E-05 0.999001 9.9912E-05 9.9912E-05
9.9912E-05 9.9912E-05 9.9912E-05 9.9912E-05 9.9912E-05 9.9912E-05 9.9912E-05 9.9912E-05 9.9912E-05 0.999001 9.9912E-05
9.9912E-05 9.9912E-05 9.9912E-05 9.9912E-05 9.9912E-05 9.9912E-05 9.9912E-05 9.9912E-05 0.999001 9.9912E-05 9.9912E-05
9.9912E-05 9.9912E-05 9.9912E-05 9.9912E-05 9.9912E-05 9.9912E-05 9.9912E-05 9.9912E-05 0.999001 9.9912E-05 9.9912E-05
0.189295 0.00680231 9.99649E-05 0.0308226 9.99649E-05 9.99649E-05 0.0478699 9.99649E-05 0.181304 0.352384 0.191122
9.9912E-05 9.9912E-05 9.9912E-05 9.9912E-05 9.9912E-05 9.9912E-05 9.9912E-05 9.9912E-05 9.9912E-05 0.999001 9.9912E-05
9.9912E-05 9.9912E-05 9.9912E-05 9.9912E-05 9.9912E-05 9.9912E-05 9.9912E-05 9.9912E-05 0.999001 9.9912E-05 9.9912E-05
0.248355 9.99561E-05 9.99561E-05 0.129804 9.99561E-05 9.99561E-05 0.0224459 9.99561E-05 0.437542 0.0900933 0.071259
0.323888 9.99473E-05 0.0504313 9.99473E-05 9.99473E-05 0.0918341 9.99473E-05 9.99473E-05 0.321162 0.212085 9.99473E-05
0.323863 0.00642595 9.99473E-05 9.99473E-05 9.99473E-05 0.0448134 9.99473E-05 9.99473E-05 0.172486 0.451812 9.99473E-05
0.526246 9.9956E-05 0.0447751 0.0914954 9.9956E-05 9.9956E-05 0.0637418 9.9956E-05 0.0101588 0.263083 9.9956E-05
0.289909 0.0838803 9.99384E-05 9.99384E-05 9.99384E-05 9.99384E-05 9.99384E-05 9.99384E-05 0.306505 0.319006 9.99384E-05
0.808122 0.0493959 9.99562E-05 9.99562E-05 9.99562E-05 0.00192458 9.99562E-05 0.00803381 0.129578 0.00244592 9.99562E-05
0.182917 9.99648E-05 0.0367282 9.99648E-05 9.99648E-05 0.00867736 9.99648E-05 0.177665 0.346271 0.225069 0.0222709
0.452951 0.0112892 0.0385421 9.99648E-05 9.99648E-05 9.99648E-05 0.127747 9.99648E-05 0.23226 0.0650228 0.071788
0.637888 9.99386E-05 9.99386E-05 9.99386E-05 9.99386E-05 9.99386E-05 0.00456977 9.99386E-05 0.28232 0.0745228 9.99386E-05
0.64695 9.99385E-05 9.99385E-05 9.99385E-05 9.99385E-05 0.124044 9.99385E-05 9.99385E-05 0.00964775 0.218659 9.99385E-05
0.518297 9.99385E-05 9.99385E-05 9.99385E-05 9.99385E-05 9.99385E-05 9.99385E-05 9.99385E-05 0.116727 0.264182 0.100094
0.23225 0.0277247 9.99561E-05 9.99561E-05 9.99561E-05 0.0184444 9.99561E-05 0.0469754 0.574509 0.0995971 9.99561E-05
0.182246 0.0166921 9.99649E-05 0.128997 9.99649E-05 9.99649E-05 0.0527632 0.0191357 0.239333 0.360433 9.99649E-05
0.590895 9.99472E-05 0.0386576 9.99472E-05 9.99472E-05 9.99472E-05 0.155094 9.99472E-05 0.0671504 0.147604 9.99472E-05
0.423046 9.99384E-05 9.99384E-05 9.99384E-05 9.99384E-05 9.99384E-05 9.99384E-05 9.99384E-05 0.179899 0.289312 0.107044
0.243267 0.100072 9.99649E-05 9.99649E-05 9.99649E-05 0.0375687 9.99649E-05 0.0773653 0.335413 0.145326 0.060589
0.610019 0.0412948 0.062271 9.99473E-05 9.99473E-05 9.99473E-05 9.99473E-05 9.99473E-05 0.202334 0.0834818 9.99473E-05
0.277385 0.0110726 9.99648E-05 0.0735767 9.99648E-05 9.99648E-05 0.00440872 9.99648E-05 0.135262 0.406397 0.0914978
0.382348 0.198124 0.139848 9.99472E-05 9.99472E-05 9.99472E-05 9.99472E-05 9.99472E-05 0.230497 9.99472E-05 0.0485836
0.415349 9.99385E-05 9.99385E-05 9.99385E-05 9.99385E-05 0.0948403 9.99385E-05 9.99385E-05 0.201365 0.287746 9.99385E-05
0.554957 0.0830719 0.0535995 9.99648E-05 9.99648E-05 0.00677625 9.99648E-05 9.99648E-05 0.154582 0.123103 0.0235112
0.552022 0.0156639 9.99385E-05 0.106726 9.99385E-05 9.99385E-05 9.99385E-05 9.99385E-05 0.324888 9.99385E-05 9.99385E-05
0.371391 9.996E-05 0.0493091 0.136107 9.996E-05 9.996E-05 0.0186736 9.996E-05 0.15 0.220353 0.0537668
0.458856 9.9956E-05 0.033257 9.9956E-05 9.9956E-05 0.0280146 9.9956E-05 9.9956E-05 0.219174 0.202017 0.0581811
0.592071 0.0470509 0.047741 9.9956E-05 9.9956E-05 9.9956E-05 0.141665 9.9956E-05 0.112206 0.0587663 9.9956E-05
0.838619 0.116026 9.99298E-05 9.99298E-05 9.99298E-05 9.99298E-05 9.99298E-05 9.99298E-05 0.0445552 9.99298E-05 9.99298E-05
0.473025 0.0436454 0.0121349 9.99648E-05 9.99648E-05 0.219289 0.0315503 9.99648E-05 0.0590285 0.160927 9.99648E-05
0.221781 0.0177193 0.0596965 0.0636842 9.99649E-05 0.0258813 9.99649E-05 9.99649E-05 0.291373 0.319464 9.99649E-05
0.600599 9.9956E-05 0.0581861 0.0757033 9.9956E-05 0.00852224 0.0763061 9.9956E-05 9.9956E-05 0.180183 9.9956E-05
0.440119 9.99561E-05 0.0834013 9.99561E-05 9.99561E-05 9.99561E-05 0.118474 9.99561E-05 0.213364 0.129183 0.0149591
0.217242 0.109965 9.99473E-05 9.99473E-05 9.99473E-05 0.148966 9.99473E-05 9.99473E-05 0.369509 0.153719 9.99473E-05
0.455171 0.0272034 9.99473E-05 9.99473E-05 9.99473E-05 9.99473E-05 9.99473E-05 9.99473E-05 0.348997 0.11874 0.0492876
0.2916 0.225781 0.021028 9.99648E-05 9.99648E-05 0.0607861 0.0392834 9.99648E-05 0.169395 0.191726 9.99648E-05
0.38769 9.99561E-05 9.99561E-05 9.99561E-05 9.99561E-05 0.0407261 0.0479912 9.99561E-05 0.245436 0.243644 0.0340124
0.330471 9.996E-05 9.996E-05 0.0847497 9.996E-05 0.119059 0.0422958 9.996E-05 0.100261 0.198551 0.124212
0.593592 9.99385E-05 9.99385E-05 9.99385E-05 9.99385E-05 0.0405534 9.99385E-05 9.99385E-05 0.0559885 0.309167 9.99385E-05
0.999001 9.99121E-05 9.99121E-05 9.99121E-05 9.99121E-05 9.99121E-05 9.99121E-05 9.99121E-05 9.99121E-05 9.99121E-05 9.99121E-05
0.308545 0.0203228 9.99736E-05 0.0906134 9.99736E-05 9.99736E-05 0.00243489 0.250737 0.00472001 0.224231 0.0980954
0.640427 9.9956E-05 0.0497187 0.141568 9.9956E-05 9.9956E-05 9.9956E-05 9.9956E-05 0.068877 0.0747842 0.0241255
0.349758 0.0551948 9.99473E-05 9.99473E-05 9.99473E-05 0.28757 9.99473E-05 9.99473E-05 0.207409 0.0994693 9.99473E-05
0.47921 9.9956E-05 0.00203016 9.9956E-05 9.9956E-05 0.00502932 0.0246115 9.9956E-05 0.123804 0.364816 9.9956E-05
0.559632 9.99473E-05 0.0474194 9.99473E-05 9.99473E-05 0.138104 9.99473E-05 9.99473E-05 0.11812 0.136125 9.99473E-05
0.361418 9.99385E-05 9.99385E-05 9.99385E-05 9.99385E-05 0.186308 9.99385E-05 9.99385E-05 0.264319 0.187255 9.99385E-05
0.238597 0.0643658 9.99561E-05 9.99561E-05 9.99561E-05 0.0129524 0.0562313 9.99561E-05 0.572932 0.0544224 9.99561E-05
0.131467 0.0902073 9.99473E-05 9.99473E-05 9.99473E-05 9.99473E-05 0.0492551 9.99473E-05 0.383247 0.345224 9.99473E-05
0.540017 9.99472E-05 9.99472E-05 9.99472E-05 9.99472E-05 9.99472E-05 0.0376669 9.99472E-05 0.232155 0.142574 0.0469869
0.999001 9.99121E-05 9.99121E-05 9.99121E-05 9.99121E-05 9.99121E-05 9.99121E-05 9.99121E-05 9.99121E-05 9.99121E-05 9.99121E-05
0.539727 9.99472E-05 0.0343033 9.99472E-05 9.99472E-05 9.99472E-05 9.99472E-05 9.99472E-05 0.312308 0.0614673 0.0515947
0.92783 0.046605 9.99298E-05 9.99298E-05 9.99298E-05 0.0247654 9.99298E-05 9.99298E-05 9.99298E-05 9.99298E-05 9.99298E-05
0.170245 0.313606 9.99561E-05 0.0625491 9.99561E-05 0.0814435 9.99561E-05 9.99561E-05 0.175115 0.196542 9.99561E-05
0.865574 0.133526 9.9921E-05 9.9921E-05 9.9921E-05 9.9921E-05 9.9921E-05 9.9921E-05 9.9921E-05 9.9921E-05 9.9921E-05
0.465292 0.0761007 9.99473E-05 0.106384 9.99473E-05 9.99473E-05 9.99473E-05 9.99473E-05 9.99473E-05 0.348976 0.00264788
0.22419 0.264725 9.9956E-05 9.9956E-05 9.9956E-05 0.189333 9.9956E-05 0.0749081 9.9956E-05 0.216075 0.030269
0.350614 0.222533 9.99649E-05 9.99649E-05 9.99649E-05 0.0271193 0.00520013 0.00552928 0.23811 0.150494 9.99649E-05
0.618989 9.99561E-05 0.0193132 0.0436076 9.99561E-05 0.187009 9.99561E-05 9.99561E-05 0.116043 0.0145387 9.99561E-05
0.488812 9.99385E-05 9.99385E-05 9.99385E-05 9.99385E-05 9.99385E-05 9.99385E-05 0.0602344 0.381461 0.0687926 9.99385E-05
0.67585 0.128754 9.99299E-05 9.99299E-05 9.99299E-05 9.99299E-05 9.99299E-05 9.99299E-05 9.99299E-05 0.194597 9.99299E-05
0.674515 0.0474503 9.99385E-05 9.99385E-05 9.99385E-05 9.99385E-05 9.99385E-05 9.99385E-05 0.247636 9.99385E-05 0.0296996
0.537199 9.99473E-05 0.0316572 9.99473E-05 9.99473E-05 0.0264601 9.99473E-05 9.99473E-05 0.218649 0.185435 9.99473E-05
0.421555 0.112962 9.994E-05 9.994E-05 9.994E-05 9.994E-05 0.00463156 9.994E-05 0.195441 0.264811 9.994E-05
0.988714 9.99297E-05 9.99297E-05 9.99297E-05 9.99297E-05 9.99297E-05 9.99297E-05 9.99297E-05 0.00435519 0.00613132 9.99297E-05
0.894306 9.99211E-05 9.99211E-05 9.99211E-05 9.99211E-05 9.99211E-05 9.99211E-05 9.99211E-05 0.104795 9.99211E-05 9.99211E-05
0.780303 9.99387E-05 9.99387E-05 9.99387E-05 0.0626113 9.99387E-05 9.99387E-05 9.99387E-05 0.0084549 0.147931 9.99387E-05
0.497083 9.99385E-05 9.99385E-05 9.99385E-05 9.99385E-05 9.99385E-05 9.99385E-05 9.99385E-05 0.208641 0.202906 0.0906705
0.586757 9.99472E-05 0.11066 9.99472E-05 9.99472E-05 9.99472E-05 9.99472E-05 9.99472E-05 0.168503 0.11282 0.020661
0.674673 9.99473E-05 0.00357522 0.0187524 9.99473E-05 0.0162352 9.99473E-05 9.99473E-05 0.286165 9.99473E-05 9.99473E-05
0.758871 9.99299E-05 9.99299E-05 9.99299E-05 9.99299E-05 9.99299E-05 9.99299E-05 9.99299E-05 0.168316 0.0720139 9.99299E-05
0.309739 9.99561E-05 0.0289353 9.99561E-05 9.99561E-05 9.99561E-05 0.111413 9.99561E-05 0.265888 0.242915 0.0406096
0.425995 9.99472E-05 0.0859916 9.99472E-05 9.99472E-05 9.99472E-05 9.99472E-05 9.99472E-05 0.0940624 0.334486 0.0588656
0.698412 0.219096 9.99386E-05 9.99386E-05 9.99386E-05 9.99386E-05 9.99386E-05 9.99386E-05 9.99386E-05 0.0328037 0.0489891
0.439806 0.221372 0.0588533 9.99473E-05 9.99473E-05 9.99473E-05 9.99473E-05 9.99473E-05 0.0253419 0.254028 9.99473E-05
0.743863 0.0984891 9.99387E-05 9.99387E-05 0.120602 9.99387E-05 9.99387E-05 9.99387E-05 9.99387E-05 0.0363455 9.99387E-05
0.365944 9.99297E-05 9.99297E-05 9.99297E-05 9.99297E-05 9.99297E-05 9.99297E-05 9.99297E-05 0.312641 0.320616 9.99297E-05
0.433146 0.306314 0.0500122 0.113899 9.99561E-05 9.99561E-05 0.0900881 9.99561E-05 9.99561E-05 0.00604036 9.99561E-05
0.787991 0.043758 9.99298E-05 9.99298E-05 9.99298E-05 9.99298E-05 9.99298E-05 9.99298E-05 9.99298E-05 0.167452 9.99298E-05
0.446462 0.301382 9.99385E-05 9.99385E-05 9.99385E-05 9.99385E-05 9.99385E-05 9.99385E-05 0.141084 0.110372 9.99385E-05
0.726188 0.234633 9.99299E-05 9.99299E-05 0.0383795 9.99299E-05 9.99299E-05 9.99299E-05 9.99299E-05 9.99299E-05 9.99299E-05
0.585665 9.99385E-05 0.010551 9.99385E-05 9.99385E-05 0.14971 9.99385E-05 9.99385E-05 9.99385E-05 0.253374 9.99385E-05
0.734931 0.26417 9.99211E-05 9.99211E-05 9.99211E-05 9.99211E-05 9.99211E-05 9.99211E-05 9.99211E-05 9.99211E-05 9.99211E-05
0.364391 9.99473E-05 9.99473E-05 9.99473E-05 9.99473E-05 9.99473E-05 9.99473E-05 0.0385268 0.41165 0.0960503 0.0887816
0.534697 9.99473E-05 9.99473E-05 9.99473E-05 9.99473E-05 0.166102 9.99473E-05 9.99473E-05 0.203128 0.0138265 0.0816468
0.375033 0.00732798 0.0571176 9.99648E-05 9.99648E-05 9.99648E-05 0.0889316 9.99648E-05 0.259079 0.122204 0.0899076
0.852723 0.146378 9.99211E-05 9.99211E-05 9.99211E-05 9.99211E-05 9.99211E-05 9.99211E-05 9.99211E-05 9.99211E-05 9.99211E-05
0.573884 9.99474E-05 9.99474E-05 9.99474E-05 9.99474E-05 9.99474E-05 0.0417037 0.0551238 0.25088 0.0778088 9.99474E-05
0.354194 0.279619 0.211209 9.99384E-05 9.99384E-05 9.99384E-05 9.99384E-05 9.99384E-05 0.154278 9.99384E-05 9.99384E-05
0.67392 0.15544 9.99385E-05 9.99385E-05 9.99385E-05 9.99385E-05 9.99385E-05 9.99385E-05 9.99385E-05 0.111077 0.0588632
0.486416 9.9956E-05 0.0116892 9.9956E-05 9.9956E-05 9.9956E-05 0.1726 9.9956E-05 0.0205999 0.276593 0.0316022
0.280608 9.99473E-05 9.99473E-05 9.99473E-05 9.99473E-05 9.99473E-05 0.0310667 9.99473E-05 0.384784 0.27905 0.0238928
0.429024 9.99561E-05 0.00188861 0.0850155 9.99561E-05 9.99561E-05 0.00249002 9.99561E-05 0.144456 0.336626 9.99561E-05
0.33653 9.99648E-05 0.10317 0.0487643 9.99648E-05 0.00499785 9.99648E-05 9.99648E-05 0.231202 0.271522 0.0034144
0.379803 0.144316 0.161928 9.99649E-05 9.99649E-05 0.123674 0.0162079 9.99649E-05 0.0625119 0.11116 9.99649E-05
0.153219 0.305947 9.994E-05 9.994E-05 9.994E-05 9.994E-05 0.108629 9.994E-05 0.0630904 0.368514 9.994E-05
0.277685 0.0769945 9.99561E-05 9.99561E-05 0.00890297 9.99561E-05 9.99561E-05 0.0668339 0.400734 0.16835 9.99561E-05
0.313492 0.307652 0.178016 9.99561E-05 9.99561E-05 9.99561E-05 9.99561E-05 9.99561E-05 0.026643 0.00396533 0.169732
0.526111 0.247464 9.99298E-05 9.99298E-05 9.99298E-05 9.99298E-05 9.99298E-05 9.99298E-05 0.225625 9.99298E-05 9.99298E-05
0.741238 0.189753 9.99386E-05 9.99386E-05 9.99386E-05 9.99386E-05 0.0677842 9.99386E-05 9.99386E-05 9.99386E-05 0.000525672
0.379452 9.99385E-05 9.99385E-05 9.99385E-05 9.99385E-05 0.271571 9.99385E-05 9.99385E-05 0.339359 0.00891855 9.99385E-05
0.359457 0.0343196 9.9956E-05 9.9956E-05 9.9956E-05 0.0396354 9.9956E-05 9.9956E-05 0.0808128 0.318116 0.16716
0.406677 9.99298E-05 9.99298E-05 9.99298E-05 9.99298E-05 9.99298E-05 0.0514049 9.99298E-05 9.99298E-05 0.541119 9.99298E-05
0.244753 0.0540721 0.0240285 9.99561E-05 9.99561E-05 0.077527 9.99561E-05 9.99561E-05 0.145405 0.453715 9.99561E-05
0.321968 9.99648E-05 0.062066 0.0736842 9.99648E-05 0.282654 0.0163011 9.99648E-05 0.216451 9.99648E-05 0.0264756
0.396862 9.99472E-05 0.0155125 9.99472E-05 9.99472E-05 9.99472E-05 9.99472E-05 0.185077 0.0833635 0.318586 9.99472E-05
0.281612 0.0776603 0.119104 0.0729419 9.99737E-05 9.99737E-05 9.99737E-05 0.0982306 0.123145 0.0838146 0.143192
0.6936 0.149995 9.99474E-05 9.99474E-05 0.0161961 9.99474E-05 9.99474E-05 9.99474E-05 0.136129 0.00347999 9.99474E-05
0.728361 0.0947818 9.99562E-05 9.99562E-05 0.0038343 9.99562E-05 0.0328708 9.99562E-05 0.0744801 0.0651722 9.99562E-05
0.497517 0.118985 9.99473E-05 9.99473E-05 9.99473E-05 9.99473E-05 9.99473E-05 9.99473E-05 0.226249 0.139293 0.0173568
