9.99473E-05 9.99473E-05 9.99473E-05 9.99473E-05 0.105556 9.99473E-05 9.99473E-05 0.146559 0.231556 0.477779 0.0379498
9.99385E-05 9.99385E-05 9.99385E-05 0.00450487 0.00879602 9.99385E-05 9.99385E-05 9.99385E-05 0.151267 0.834733 9.99385E-05
0.0148315 9.99385E-05 9.99385E-05 9.99385E-05 9.99385E-05 9.99385E-05 0.0230309 0.0276818 9.99385E-05 0.933756 9.99385E-05
0.0714686 0.0736397 9.99561E-05 9.99561E-05 0.116726 9.99561E-05 0.122456 9.99561E-05 9.99561E-05 0.281046 0.334163
0.175237 0.00775033 9.99298E-05 9.99298E-05 9.99298E-05 9.99298E-05 9.99298E-05 9.99298E-05 9.99298E-05 0.816213 9.99298E-05
0.0575833 0.159702 9.99737E-05 0.0104882 0.0227787 9.99737E-05 0.205398 9.99737E-05 0.139846 0.329534 0.0743702
9.99561E-05 9.99561E-05 0.0700783 9.99561E-05 0.081223 9.99561E-05 9.99561E-05 0.022818 0.189512 0.35874 0.277129
0.0837532 0.222785 0.128645 9.99649E-05 0.00836159 9.99649E-05 9.99649E-05 9.99649E-05 0.0260195 0.309222 0.220814
9.99385E-05 0.269238 9.99385E-05 9.99385E-05 9.99385E-05 9.99385E-05 0.207519 0.217205 9.99385E-05 0.305337 9.99385E-05
9.99209E-05 9.99209E-05 9.99209E-05 9.99209E-05 9.99209E-05 0.0213813 9.99209E-05 9.99209E-05 9.99209E-05 0.977719 9.99209E-05
9.99561E-05 0.062064 9.99561E-05 0.0191951 0.158654 9.99561E-05 0.0574334 0.00507205 9.99561E-05 0.697081 9.99561E-05
9.99298E-05 9.99298E-05 9.99298E-05 9.99298E-05 0.0869493 0.0371986 9.99298E-05 9.99298E-05 9.99298E-05 0.875053 9.99298E-05
0.00325452 0.0437675 9.99385E-05 9.99385E-05 9.99385E-05 9.99385E-05 0.0155727 9.99385E-05 9.99385E-05 0.936706 9.99385E-05
9.99474E-05 9.99474E-05 0.103357 9.99474E-05 0.00164946 0.00154724 0.233114 9.99474E-05 9.99474E-05 0.659732 9.99474E-05
9.99473E-05 0.200824 9.99473E-05 9.99473E-05 9.99473E-05 9.99473E-05 0.304944 9.99473E-05 0.0237204 0.436386 0.0335272
9.99473E-05 0.227885 0.0834853 9.99473E-05 9.99473E-05 9.99473E-05 0.0929199 9.99473E-05 9.99473E-05 0.338539 0.25657
9.99561E-05 0.013006 0.0538946 9.99561E-05 0.0916082 9.99561E-05 0.0736103 9.99561E-05 9.99561E-05 0.631593 0.135789
9.99561E-05 0.111095 9.99561E-05 0.135311 9.99561E-05 0.212279 0.119084 0.0215792 9.99561E-05 0.400153 9.99561E-05
9.99648E-05 0.183479 9.99648E-05 0.00510184 9.99648E-05 0.0632036 9.99648E-05 0.0609526 0.0612156 0.444364 0.181284
9.99298E-05 0.0464547 9.99298E-05 0.0590359 9.99298E-05 9.99298E-05 9.99298E-05 9.99298E-05 9.99298E-05 0.89371 9.99298E-05
0.047417 0.0616208 0.0329119 0.00117018 0.0790241 0.0681343 0.0743804 0.132541 9.99825E-05 0.502601 9.99825E-05
0.158799 0.204131 0.0555576 9.99737E-05 0.00612613 9.99737E-05 0.112176 0.00668085 9.99737E-05 0.313693 0.142537
9.99386E-05 9.99386E-05 9.99386E-05 9.99386E-05 0.0690913 9.99386E-05 0.138926 9.99386E-05 0.081008 0.710275 9.99386E-05
9.99473E-05 9.99473E-05 0.0697019 9.99473E-05 9.99473E-05 0.000823816 0.189926 0.207967 9.99473E-05 0.530982 9.99473E-05
9.99648E-05 0.0672008 9.99648E-05 0.0894333 0.0248861 9.99648E-05 0.416728 0.0361451 9.99648E-05 0.308798 0.0564086
9.99385E-05 0.0492022 9.99385E-05 9.99385E-05 9.99385E-05 9.99385E-05 0.151267 9.99385E-05 9.99385E-05 0.740983 0.0578484
9.998E-05 0.0392285 0.143787 0.0139849 0.0336138 0.0704433 0.424611 9.998E-05 0.0912489 0.12599 0.0568928
9.993E-05 9.993E-05 9.993E-05 9.993E-05 0.000657467 9.993E-05 0.0423571 9.993E-05 9.993E-05 0.806153 0.150133
9.99561E-05 0.00344529 9.99561E-05 0.0426104 0.0304643 9.99561E-05 0.177232 0.0750658 9.99561E-05 0.670683 9.99561E-05
9.99474E-05 0.014843 9.99474E-05 9.99474E-05 0.0210434 9.99474E-05 0.17032 0.0322614 9.99474E-05 0.760932 9.99474E-05
9.99473E-05 0.0524205 9.99473E-05 0.040739 0.0890357 9.99473E-05 9.99473E-05 9.99473E-05 9.99473E-05 0.789373 0.027832
9.99474E-05 0.00463414 9.99474E-05 9.99474E-05 0.0674043 9.99474E-05 0.259725 9.99474E-05 9.99474E-05 0.561221 0.106415
9.99385E-05 9.99385E-05 0.0948083 9.99385E-05 0.0960857 9.99385E-05 0.208287 9.99385E-05 9.99385E-05 0.60012 9.99385E-05
9.99561E-05 9.99561E-05 9.99561E-05 9.99561E-05 0.0269209 0.0340018 0.51752 0.0173183 9.99561E-05 0.350745 0.0529944
9.99386E-05 9.99386E-05 9.99386E-05 0.0651523 0.0495479 9.99386E-05 9.99386E-05 9.99386E-05 0.0844201 0.80018 9.99386E-05
9.99561E-05 0.0282883 9.99561E-05 0.00219274 0.0454228 9.99561E-05 9.99561E-05 9.99561E-05 0.0320484 0.721946 0.169602
9.99299E-05 9.99299E-05 0.0577384 9.99299E-05 0.0536135 9.99299E-05 9.99299E-05 9.99299E-05 9.99299E-05 0.887849 9.99299E-05
9.99474E-05 0.143905 9.99474E-05 0.0798316 9.99474E-05 9.99474E-05 0.00465804 9.99474E-05 0.0685958 0.70241 9.99474E-05
0.110057 0.0627912 9.99561E-05 9.99561E-05 0.0194879 9.99561E-05 0.158716 9.99561E-05 0.0221224 0.626326 9.99561E-05
9.99297E-05 9.99297E-05 0.153107 9.99297E-05 9.99297E-05 9.99297E-05 0.262405 9.99297E-05 9.99297E-05 0.583688 9.99297E-05
9.99386E-05 0.0981717 9.99386E-05 9.99386E-05 0.0541421 9.99386E-05 9.99386E-05 9.99386E-05 9.99386E-05 0.791151 0.0558359
9.99473E-05 0.0873547 9.99473E-05 9.99473E-05 9.99473E-05 9.99473E-05 0.0201089 0.0564019 0.0806565 0.754878 9.99473E-05
9.9921E-05 9.9921E-05 9.9921E-05 9.9921E-05 9.9921E-05 9.9921E-05 9.9921E-05 9.9921E-05 0.0674376 0.931663 9.9921E-05
9.99561E-05 0.183343 9.99561E-05 9.99561E-05 0.0866128 9.99561E-05 0.0309338 0.116766 0.114833 0.467011 9.99561E-05
0.104621 9.99473E-05 9.99473E-05 9.99473E-05 9.99473E-05 9.99473E-05 0.142629 0.0402324 9.99473E-05 0.385506 0.326412
0.0283808 0.0186878 9.99473E-05 0.092636 9.99473E-05 9.99473E-05 9.99473E-05 9.99473E-05 9.99473E-05 0.856509 0.00318655
9.99385E-05 0.0274212 9.99385E-05 9.99385E-05 0.0180592 0.0408354 9.99385E-05 9.99385E-05 9.99385E-05 0.912985 9.99385E-05
9.99298E-05 9.99298E-05 0.0322829 0.00344239 9.99298E-05 9.99298E-05 9.99298E-05 9.99298E-05 9.99298E-05 0.963475 9.99298E-05
9.99385E-05 9.99385E-05 9.99385E-05 9.99385E-05 0.0661624 9.99385E-05 0.0921618 9.99385E-05 9.99385E-05 0.786895 0.054081
0.0610775 9.99475E-05 0.0868508 0.0356361 9.99475E-05 0.0499166 9.99475E-05 9.99475E-05 9.99475E-05 0.765919 9.99475E-05
0.00445936 0.0437719 9.99648E-05 9.99648E-05 0.13827 9.99648E-05 0.279735 0.0427556 9.99648E-05 0.372463 0.118145
0.0103026 0.0427864 0.0880626 0.0433866 9.99649E-05 9.99649E-05 9.99649E-05 0.0569685 9.99649E-05 0.676624 0.0814698
9.9921E-05 9.9921E-05 9.9921E-05 9.9921E-05 9.9921E-05 0.0520437 9.9921E-05 9.9921E-05 9.9921E-05 0.947057 9.9921E-05
0.0253632 0.00355452 0.223012 0.00388473 9.99649E-05 0.00623563 0.039983 9.99649E-05 9.99649E-05 0.697567 9.99649E-05
0.0257892 9.99561E-05 9.99561E-05 0.00498744 9.99561E-05 9.99561E-05 0.0611135 0.0308486 9.99561E-05 0.81406 0.0627018
0.060278 9.99474E-05 9.99474E-05 0.0624899 0.017439 9.99474E-05 0.0739646 9.99474E-05 9.99474E-05 0.785229 9.99474E-05
0.048714 9.99473E-05 9.99473E-05 9.99473E-05 9.99473E-05 0.102686 9.99473E-05 9.99473E-05 0.0489439 0.792974 0.00608229
9.99298E-05 9.99298E-05 9.99298E-05 9.99298E-05 0.0424555 9.99298E-05 9.99298E-05 9.99298E-05 9.99298E-05 0.908631 0.048114
0.00979386 0.00703935 0.0481435 9.99473E-05 0.0389467 9.99473E-05 9.99473E-05 9.99473E-05 9.99473E-05 0.895477 9.99473E-05
9.99561E-05 0.0478458 9.99561E-05 9.99561E-05 0.130025 0.0677798 0.32714 9.99561E-05 0.294243 0.132467 9.99561E-05
9.99562E-05 9.99562E-05 0.0912162 9.99562E-05 0.00399386 9.99562E-05 9.99562E-05 0.0125093 0.330505 0.385663 0.175613
9.99474E-05 9.99474E-05 0.0396874 9.99474E-05 0.0760637 0.125339 9.99474E-05 9.99474E-05 0.372834 0.385476 9.99474E-05
9.99561E-05 0.132037 9.99561E-05 9.99561E-05 9.99561E-05 0.112669 0.274699 0.00460772 0.455222 9.99561E-05 0.0202667
9.998E-05 0.134114 0.0403955 0.058734 0.0167343 0.0848736 0.0117757 9.998E-05 0.247283 0.202748 0.203142
9.99648E-05 0.0758892 9.99648E-05 9.99648E-05 0.0465854 0.0360039 0.354162 0.113379 0.368889 0.00469134 9.99648E-05
9.99473E-05 9.99473E-05 9.99473E-05 9.99473E-05 0.0576762 9.99473E-05 0.129171 9.99473E-05 0.650341 0.0546794 0.107533
9.99824E-05 0.045916 0.0813427 0.0259758 0.0202005 0.13658 0.24341 0.0134557 0.421712 9.99824E-05 0.011207
9.995E-05 9.995E-05 9.995E-05 9.995E-05 9.995E-05 0.0905257 0.160169 0.0467011 0.463544 0.212635 0.0259266
9.99649E-05 0.0151865 9.99649E-05 9.99649E-05 0.169131 0.029471 0.0435089 9.99649E-05 0.297035 0.367269 0.0779987
9.99649E-05 0.136926 9.99649E-05 0.00506946 0.185589 0.0399955 0.302296 9.99649E-05 0.217972 9.99649E-05 0.111752
9.99736E-05 0.028194 0.165994 9.99736E-05 0.122315 0.0082002 0.0118447 9.99736E-05 0.371501 0.0728635 0.218788
0.135224 0.166283 0.0438434 9.99736E-05 0.166152 9.99736E-05 0.193554 9.99736E-05 0.182503 0.0113165 0.100824
0.0384794 0.00844786 0.154525 9.99736E-05 0.00682532 9.99736E-05 0.308246 9.99736E-05 0.348696 0.082148 0.0523321
9.99563E-05 9.99563E-05 0.116326 9.99563E-05 0.0480983 9.99563E-05 0.282424 0.0397656 0.29303 0.219857 9.99563E-05
9.99562E-05 0.0426368 9.99562E-05 9.99562E-05 0.0672094 9.99562E-05 0.150114 9.99562E-05 0.342887 0.283411 0.113243
9.99737E-05 0.034462 0.0474888 9.99737E-05 9.99737E-05 0.0902135 0.289039 0.0491626 0.248964 0.0253996 0.214971
9.99561E-05 0.173675 9.99561E-05 9.99561E-05 0.0989374 0.10605 9.99561E-05 9.99561E-05 0.181036 0.146622 0.293179
9.99561E-05 9.99561E-05 9.99561E-05 9.99561E-05 0.0384706 0.123843 0.24918 9.99561E-05 0.181112 0.289542 0.117352
9.99736E-05 9.99736E-05 0.149362 0.00667924 0.0627498 0.0342012 0.335374 0.0347752 0.304658 9.99736E-05 0.0718999
0.0256771 9.9965E-05 0.0972428 9.9965E-05 0.00725631 0.00488218 0.117754 9.9965E-05 0.344343 0.402444 9.9965E-05
9.9956E-05 9.9956E-05 0.011286 9.9956E-05 9.9956E-05 0.0408502 0.135132 9.9956E-05 0.35582 0.13573 0.320681
9.99649E-05 9.99649E-05 0.00968536 9.99649E-05 0.027492 0.0528449 0.401372 9.99649E-05 0.239032 0.261547 0.00762701
9.99737E-05 0.0701133 9.99737E-05 9.99737E-05 0.023388 0.126325 0.212303 0.048805 0.0951839 0.184522 0.23906
9.995E-05 0.0526877 9.995E-05 9.995E-05 0.246234 9.995E-05 0.204779 9.995E-05 0.0655646 0.313986 0.116249
9.99562E-05 0.0457361 9.99562E-05 0.0821262 0.0109607 9.99562E-05 0.106127 9.99562E-05 0.333688 0.420862 9.99562E-05
9.99649E-05 9.99649E-05 0.000730319 9.99649E-05 9.99649E-05 0.082239 0.0700887 0.0500126 0.315039 0.479712 0.00177779
9.99649E-05 9.99649E-05 0.0130069 0.00443714 9.99649E-05 0.0162752 0.0621128 9.99649E-05 0.44603 0.297854 0.159884
9.995E-05 0.0664271 9.995E-05 9.995E-05 9.995E-05 0.258834 0.100447 9.995E-05 0.142441 0.354949 0.0764022
9.99562E-05 0.125299 0.0384819 0.00650979 9.99562E-05 9.99562E-05 0.255085 9.99562E-05 0.26707 0.307054 9.99562E-05
9.9921E-05 0.132637 9.9921E-05 9.9921E-05 9.9921E-05 9.9921E-05 0.866464 9.9921E-05 9.9921E-05 9.9921E-05 9.9921E-05
9.993E-05 0.0503994 9.993E-05 9.993E-05 9.993E-05 9.993E-05 0.909903 9.993E-05 9.993E-05 0.0388977 9.993E-05
0.0462263 9.99297E-05 9.99297E-05 9.99297E-05 0.022901 9.99297E-05 0.930073 9.99297E-05 9.99297E-05 9.99297E-05 9.99297E-05
9.99473E-05 0.096482 9.99473E-05 0.00092629 0.0243183 0.0218775 0.855796 9.99473E-05 9.99473E-05 9.99473E-05 9.99473E-05
9.99648E-05 0.181379 0.0336838 0.0524109 0.0252682 0.0338598 0.626558 0.0464403 9.99648E-05 9.99648E-05 9.99648E-05
9.9921E-05 0.17071 9.9921E-05 9.9921E-05 9.9921E-05 9.9921E-05 0.828391 9.9921E-05 9.9921E-05 9.9921E-05 9.9921E-05
9.99385E-05 0.130913 9.99385E-05 9.99385E-05 0.038189 0.0143169 0.815881 9.99385E-05 9.99385E-05 9.99385E-05 9.99385E-05
9.9921E-05 0.292126 9.9921E-05 9.9921E-05 9.9921E-05 9.9921E-05 0.706974 9.9921E-05 9.9921E-05 9.9921E-05 9.9921E-05
9.99385E-05 0.351798 9.99385E-05 9.99385E-05 0.12239 9.99385E-05 0.308411 9.99385E-05 0.216701 9.99385E-05 9.99385E-05
0.00212912 0.228647 9.99297E-05 9.99297E-05 9.99297E-05 9.99297E-05 0.768425 9.99297E-05 9.99297E-05 9.99297E-05 9.99297E-05
9.99299E-05 0.0483133 9.99299E-05 9.99299E-05 9.99299E-05 9.99299E-05 0.656645 9.99299E-05 0.294242 9.99299E-05 9.99299E-05
9.99299E-05 9.99299E-05 9.99299E-05 9.99299E-05 0.0489846 9.99299E-05 0.943498 9.99299E-05 0.00671777 9.99299E-05 9.99299E-05
9.99387E-05 0.150319 9.99387E-05 9.99387E-05 0.00199804 0.0774369 0.769547 9.99387E-05 9.99387E-05 9.99387E-05 9.99387E-05
9.99211E-05 0.145403 9.99211E-05 9.99211E-05 9.99211E-05 9.99211E-05 0.853698 9.99211E-05 9.99211E-05 9.99211E-05 9.99211E-05
9.99474E-05 0.126204 9.99474E-05 0.0488269 0.00581453 0.137372 0.681183 9.99474E-05 9.99474E-05 9.99474E-05 9.99474E-05
9.996E-05 0.0741661 0.0135953 0.0112299 0.00103616 0.00475992 0.77467 9.996E-05 0.120143 9.996E-05 9.996E-05
9.99385E-05 0.091887 9.99385E-05 0.0144749 9.99385E-05 9.99385E-05 0.750854 9.99385E-05 0.142084 9.99385E-05 9.99385E-05
0.0891762 0.177486 0.115963 9.99386E-05 9.99386E-05 9.99386E-05 0.616676 9.99386E-05 9.99386E-05 9.99386E-05 9.99386E-05
0.0974864 0.062705 9.99474E-05 9.99474E-05 0.00601443 9.99474E-05 0.815879 9.99474E-05 0.0173152 9.99474E-05 9.99474E-05
9.99299E-05 0.132415 9.99299E-05 0.0660853 9.99299E-05 9.99299E-05 0.8007 9.99299E-05 9.99299E-05 9.99299E-05 9.99299E-05
0.0473241 0.076838 9.99385E-05 9.99385E-05 9.99385E-05 9.99385E-05 0.829463 9.99385E-05 0.0456753 9.99385E-05 9.99385E-05
9.99385E-05 0.0921558 9.99385E-05 9.99385E-05 0.0505721 0.0382581 0.818314 9.99385E-05 9.99385E-05 9.99385E-05 9.99385E-05
0.0889487 0.281085 9.99561E-05 0.0427138 9.99561E-05 9.99561E-05 0.563621 0.00739517 0.015736 9.99561E-05 9.99561E-05
9.99211E-05 0.210912 9.99211E-05 9.99211E-05 9.99211E-05 9.99211E-05 0.788189 9.99211E-05 9.99211E-05 9.99211E-05 9.99211E-05
9.99473E-05 0.262065 9.99473E-05 0.0565806 9.99473E-05 9.99473E-05 0.619978 0.01293 0.047847 9.99473E-05 9.99473E-05
9.99299E-05 0.130854 9.99299E-05 9.99299E-05 9.99299E-05 9.99299E-05 0.762022 9.99299E-05 0.106324 9.99299E-05 9.99299E-05
0.0278234 9.99388E-05 9.99388E-05 9.99388E-05 9.99388E-05 9.99388E-05 0.891503 0.0666409 9.99388E-05 0.0133332 9.99388E-05
9.99384E-05 0.132616 9.99384E-05 0.0274993 0.0513972 9.99384E-05 0.787788 9.99384E-05 9.99384E-05 9.99384E-05 9.99384E-05
9.99298E-05 0.349123 9.99298E-05 9.99298E-05 9.99298E-05 9.99298E-05 0.579646 9.99298E-05 0.0704313 9.99298E-05 9.99298E-05
0.0521791 0.0105923 9.99386E-05 0.0911342 9.99386E-05 9.99386E-05 0.845395 9.99386E-05 9.99386E-05 9.99386E-05 9.99386E-05
9.99298E-05 0.0514854 9.99298E-05 9.99298E-05 0.0526716 9.99298E-05 0.895044 9.99298E-05 9.99298E-05 9.99298E-05 9.99298E-05
9.99385E-05 9.99385E-05 0.0178438 0.0179866 0.03002 9.99385E-05 0.93345 9.99385E-05 9.99385E-05 9.99385E-05 9.99385E-05
0.0712478 0.256873 9.99385E-05 0.205385 9.99385E-05 9.99385E-05 0.465795 9.99385E-05 9.99385E-05 9.99385E-05 9.99385E-05
9.99297E-05 0.118169 9.99297E-05 0.0290559 9.99297E-05 9.99297E-05 0.851976 9.99297E-05 9.99297E-05 9.99297E-05 9.99297E-05
9.9921E-05 0.0772392 9.9921E-05 9.9921E-05 9.9921E-05 9.9921E-05 0.921862 9.9921E-05 9.9921E-05 9.9921E-05 9.9921E-05
9.99561E-05 0.135192 0.0195553 9.99561E-05 0.0492099 9.99561E-05 0.739829 9.99561E-05 0.0422524 9.99561E-05 0.0134623
9.99385E-05 0.111021 0.0162971 9.99385E-05 9.99385E-05 0.0708524 0.80113 9.99385E-05 9.99385E-05 9.99385E-05 9.99385E-05
0.0419799 0.081056 9.99475E-05 0.0177835 0.000431027 9.99475E-05 0.85815 9.99475E-05 9.99475E-05 9.99475E-05 9.99475E-05
9.99299E-05 0.0158327 9.99299E-05 0.0349116 9.99299E-05 9.99299E-05 0.948456 9.99299E-05 9.99299E-05 9.99299E-05 9.99299E-05
9.99212E-05 0.0478724 9.99212E-05 9.99212E-05 9.99212E-05 9.99212E-05 0.951228 9.99212E-05 9.99212E-05 9.99212E-05 9.99212E-05
9.99388E-05 0.0780654 9.99388E-05 0.0248041 9.99388E-05 9.99388E-05 0.851066 9.99388E-05 0.0453653 9.99388E-05 9.99388E-05
9.99297E-05 0.10878 9.99297E-05 9.99297E-05 9.99297E-05 9.99297E-05 0.771502 9.99297E-05 0.118919 9.99297E-05 9.99297E-05
0.0764399 0.280182 9.99298E-05 9.99298E-05 9.99298E-05 9.99298E-05 0.642578 9.99298E-05 9.99298E-05 9.99298E-05 9.99298E-05
9.99388E-05 0.100292 9.99388E-05 0.0197953 9.99388E-05 9.99388E-05 0.874405 9.99388E-05 9.99388E-05 0.00480737 9.99388E-05
9.99125E-05 9.99125E-05 9.99125E-05 9.99125E-05 9.99125E-05 9.99125E-05 0.999001 9.99125E-05 9.99125E-05 9.99125E-05 9.99125E-05
9.99473E-05 0.268078 9.99473E-05 0.144986 9.99473E-05 0.0189849 0.397689 9.99473E-05 0.169662 9.99473E-05 9.99473E-05
9.99386E-05 0.113046 9.99386E-05 9.99386E-05 0.0506513 0.0252233 0.81038 9.99386E-05 9.99386E-05 9.99386E-05 9.99386E-05
9.99562E-05 0.134461 0.00780252 9.99562E-05 9.99562E-05 0.0274781 0.632111 0.0719036 0.125743 9.99562E-05 9.99562E-05
9.99386E-05 0.326989 9.99386E-05 0.0526517 0.00235819 9.99386E-05 0.617302 9.99386E-05 9.99386E-05 9.99386E-05 9.99386E-05
9.99125E-05 9.99125E-05 9.99125E-05 9.99125E-05 9.99125E-05 9.99125E-05 0.999001 9.99125E-05 9.99125E-05 9.99125E-05 9.99125E-05
9.99385E-05 0.00927507 9.99385E-05 9.99385E-05 0.0601119 9.99385E-05 0.743366 9.99385E-05 9.99385E-05 9.99385E-05 0.186547
9.99212E-05 0.104702 9.99212E-05 9.99212E-05 9.99212E-05 9.99212E-05 0.894399 9.99212E-05 9.99212E-05 9.99212E-05 9.99212E-05
9.99299E-05 0.132338 9.99299E-05 9.99299E-05 0.0401528 9.99299E-05 0.82671 9.99299E-05 9.99299E-05 9.99299E-05 9.99299E-05
9.99298E-05 0.162117 0.0893415 9.99298E-05 9.99298E-05 9.99298E-05 0.747742 9.99298E-05 9.99298E-05 9.99298E-05 9.99298E-05
9.99473E-05 0.0420128 9.99473E-05 9.99473E-05 0.043571 0.00125275 0.840256 9.99473E-05 9.99473E-05 9.99473E-05 0.072308
9.99297E-05 0.210708 9.99297E-05 9.99297E-05 9.99297E-05 9.99297E-05 0.641856 9.99297E-05 0.146637 9.99297E-05 9.99297E-05
9.99209E-05 0.197636 9.99209E-05 9.99209E-05 9.99209E-05 9.99209E-05 0.801465 9.99209E-05 9.99209E-05 9.99209E-05 9.99209E-05
9.99385E-05 0.114984 0.0271557 9.99385E-05 0.0551829 9.99385E-05 0.801978 9.99385E-05 9.99385E-05 9.99385E-05 9.99385E-05
9.99386E-05 9.99386E-05 0.00295826 0.0883107 9.99386E-05 9.99386E-05 0.896095 0.0119365 9.99386E-05 9.99386E-05 9.99386E-05
9.99211E-05 0.259806 9.99211E-05 9.99211E-05 9.99211E-05 9.99211E-05 0.739295 9.99211E-05 9.99211E-05 9.99211E-05 9.99211E-05
9.99208E-05 9.99208E-05 9.99208E-05 0.0590334 9.99208E-05 9.99208E-05 0.940067 9.99208E-05 9.99208E-05 9.99208E-05 9.99208E-05
9.9912E-05 0.999001 9.9912E-05 9.9912E-05 9.9912E-05 9.9912E-05 9.9912E-05 9.9912E-05 9.9912E-05 9.9912E-05 9.9912E-05
9.99208E-05 9.99208E-05 9.99208E-05 9.99208E-05 9.99208E-05 9.99208E-05 0.975697 0.0234036 9.99208E-05 9.99208E-05 9.99208E-05
9.9912E-05 0.999001 9.9912E-05 9.9912E-05 9.9912E-05 9.9912E-05 9.9912E-05 9.9912E-05 9.9912E-05 9.9912E-05 9.9912E-05
9.99119E-05 0.999001 9.99119E-05 9.99119E-05 9.99119E-05 9.99119E-05 9.99119E-05 9.99119E-05 9.99119E-05 9.99119E-05 9.99119E-05
9.9912E-05 0.999001 9.9912E-05 9.9912E-05 9.9912E-05 9.9912E-05 9.9912E-05 9.9912E-05 9.9912E-05 9.9912E-05 9.9912E-05
9.99208E-05 9.99208E-05 9.99208E-05 9.99208E-05 9.99208E-05 9.99208E-05 0.985386 0.0137143 9.99208E-05 9.99208E-05 9.99208E-05
9.9912E-05 0.999001 9.9912E-05 9.9912E-05 9.9912E-05 9.9912E-05 9.9912E-05 9.9912E-05 9.9912E-05 9.9912E-05 9.9912E-05
9.9912E-05 0.999001 9.9912E-05 9.9912E-05 9.9912E-05 9.9912E-05 9.9912E-05 9.9912E-05 9.9912E-05 9.9912E-05 9.9912E-05
9.99389E-05 0.0162352 9.99389E-05 0.0588759 9.99389E-05 9.99389E-05 0.923485 9.99389E-05 0.000704085 9.99389E-05 9.99389E-05
9.99297E-05 0.00209018 9.99297E-05 0.0337986 9.99297E-05 9.99297E-05 0.963312 9.99297E-05 9.99297E-05 9.99297E-05 9.99297E-05
9.99208E-05 9.99208E-05 9.99208E-05 9.99208E-05 9.99208E-05 9.99208E-05 0.974805 0.024296 9.99208E-05 9.99208E-05 9.99208E-05
9.9912E-05 0.999001 9.9912E-05 9.9912E-05 9.9912E-05 9.9912E-05 9.9912E-05 9.9912E-05 9.9912E-05 9.9912E-05 9.9912E-05
9.9912E-05 0.999001 9.9912E-05 9.9912E-05 9.9912E-05 9.9912E-05 9.9912E-05 9.9912E-05 9.9912E-05 9.9912E-05 9.9912E-05
9.99208E-05 9.99208E-05 9.99208E-05 0.0658786 9.99208E-05 9.99208E-05 0.933222 9.99208E-05 9.99208E-05 9.99208E-05 9.99208E-05
9.99208E-05 9.99208E-05 9.99208E-05 9.99208E-05 9.99208E-05 9.99208E-05 0.974616 0.0244843 9.99208E-05 9.99208E-05 9.99208E-05
9.9956E-05 0.0983065 0.0541186 0.047646 9.9956E-05 9.9956E-05 0.545482 0.0644363 9.9956E-05 9.9956E-05 0.189511
9.99208E-05 9.99208E-05 9.99208E-05 0.0216636 9.99208E-05 9.99208E-05 0.977437 9.99208E-05 9.99208E-05 9.99208E-05 9.99208E-05
9.9912E-05 0.999001 9.9912E-05 9.9912E-05 9.9912E-05 9.9912E-05 9.9912E-05 9.9912E-05 9.9912E-05 9.9912E-05 9.9912E-05
9.99208E-05 9.99208E-05 9.99208E-05 9.99208E-05 9.99208E-05 9.99208E-05 0.970841 0.0282595 9.99208E-05 9.99208E-05 9.99208E-05
9.99208E-05 0.0225108 9.99208E-05 9.99208E-05 9.99208E-05 9.99208E-05 0.97659 9.99208E-05 9.99208E-05 9.99208E-05 9.99208E-05
9.99384E-05 0.042317 9.99384E-05 0.0536572 9.99384E-05 9.99384E-05 0.841432 0.0618938 9.99384E-05 9.99384E-05 9.99384E-05
9.9912E-05 0.999001 9.9912E-05 9.9912E-05 9.9912E-05 9.9912E-05 9.9912E-05 9.9912E-05 9.9912E-05 9.9912E-05 9.9912E-05
9.99208E-05 0.00978751 9.99208E-05 9.99208E-05 9.99208E-05 9.99208E-05 0.989313 9.99208E-05 9.99208E-05 9.99208E-05 9.99208E-05
9.9912E-05 0.999001 9.9912E-05 9.9912E-05 9.9912E-05 9.9912E-05 9.9912E-05 9.9912E-05 9.9912E-05 9.9912E-05 9.9912E-05
9.99208E-05 9.99208E-05 9.99208E-05 9.99208E-05 9.99208E-05 9.99208E-05 0.985979 0.0131217 9.99208E-05 9.99208E-05 9.99208E-05
9.99208E-05 9.99208E-05 9.99208E-05 9.99208E-05 9.99208E-05 9.99208E-05 0.954459 0.044642 9.99208E-05 9.99208E-05 9.99208E-05
9.9912E-05 0.999001 9.9912E-05 9.9912E-05 9.9912E-05 9.9912E-05 9.9912E-05 9.9912E-05 9.9912E-05 9.9912E-05 9.9912E-05
9.9912E-05 0.999001 9.9912E-05 9.9912E-05 9.9912E-05 9.9912E-05 9.9912E-05 9.9912E-05 9.9912E-05 9.9912E-05 9.9912E-05
9.9912E-05 0.999001 9.9912E-05 9.9912E-05 9.9912E-05 9.9912E-05 9.9912E-05 9.9912E-05 9.9912E-05 9.9912E-05 9.9912E-05
9.99208E-05 9.99208E-05 9.99208E-05 0.0265931 9.99208E-05 9.99208E-05 0.972508 9.99208E-05 9.99208E-05 9.99208E-05 9.99208E-05
9.99208E-05 9.99208E-05 9.99208E-05 0.0876245 9.99208E-05 9.99208E-05 0.911476 9.99208E-05 9.99208E-05 9.99208E-05 9.99208E-05
9.99208E-05 9.99208E-05 9.99208E-05 9.99208E-05 9.99208E-05 9.99208E-05 0.947285 0.0518161 9.99208E-05 9.99208E-05 9.99208E-05
9.99208E-05 9.99208E-05 9.99208E-05 9.99208E-05 9.99208E-05 9.99208E-05 0.94224 0.0568605 9.99208E-05 9.99208E-05 9.99208E-05
9.99296E-05 0.0579358 9.99296E-05 9.99296E-05 9.99296E-05 9.99296E-05 0.924466 0.0167993 9.99296E-05 9.99296E-05 9.99296E-05
9.99119E-05 0.999001 9.99119E-05 9.99119E-05 9.99119E-05 9.99119E-05 9.99119E-05 9.99119E-05 9.99119E-05 9.99119E-05 9.99119E-05
9.9912E-05 0.999001 9.9912E-05 9.9912E-05 9.9912E-05 9.9912E-05 9.9912E-05 9.9912E-05 9.9912E-05 9.9912E-05 9.9912E-05
9.9912E-05 0.999001 9.9912E-05 9.9912E-05 9.9912E-05 9.9912E-05 9.9912E-05 9.9912E-05 9.9912E-05 9.9912E-05 9.9912E-05
9.9956E-05 0.0333197 0.0334572 0.0186908 9.9956E-05 0.00729965 0.871433 0.0353001 9.9956E-05 9.9956E-05 9.9956E-05
9.9912E-05 0.999001 9.9912E-05 9.9912E-05 9.9912E-05 9.9912E-05 9.9912E-05 9.9912E-05 9.9912E-05 9.9912E-05 9.9912E-05
9.9912E-05 0.999001 9.9912E-05 9.9912E-05 9.9912E-05 9.9912E-05 9.9912E-05 9.9912E-05 9.9912E-05 9.9912E-05 9.9912E-05
9.99121E-05 0.999001 9.99121E-05 9.99121E-05 9.99121E-05 9.99121E-05 9.99121E-05 9.99121E-05 9.99121E-05 9.99121E-05 9.99121E-05
9.9912E-05 0.999001 9.9912E-05 9.9912E-05 9.9912E-05 9.9912E-05 9.9912E-05 9.9912E-05 9.9912E-05 9.9912E-05 9.9912E-05
9.99208E-05 9.99208E-05 9.99208E-05 9.99208E-05 9.99208E-05 9.99208E-05 0.991319 0.00778186 9.99208E-05 9.99208E-05 9.99208E-05
9.9912E-05 0.999001 9.9912E-05 9.9912E-05 9.9912E-05 9.9912E-05 9.9912E-05 9.9912E-05 9.9912E-05 9.9912E-05 9.9912E-05
9.99119E-05 0.999001 9.99119E-05 9.99119E-05 9.99119E-05 9.99119E-05 9.99119E-05 9.99119E-05 9.99119E-05 9.99119E-05 9.99119E-05
9.99473E-05 0.10299 9.99473E-05 0.175646 9.99473E-05 0.0185011 0.575615 9.99473E-05 9.99473E-05 9.99473E-05 0.126648
9.99208E-05 9.99208E-05 9.99208E-05 0.0265931 9.99208E-05 9.99208E-05 0.972508 9.99208E-05 9.99208E-05 9.99208E-05 9.99208E-05
9.9912E-05 0.999001 9.9912E-05 9.9912E-05 9.9912E-05 9.9912E-05 9.9912E-05 9.9912E-05 9.9912E-05 9.9912E-05 9.9912E-05
9.9912E-05 0.999001 9.9912E-05 9.9912E-05 9.9912E-05 9.9912E-05 9.9912E-05 9.9912E-05 9.9912E-05 9.9912E-05 9.9912E-05
9.9912E-05 0.999001 9.9912E-05 9.9912E-05 9.9912E-05 9.9912E-05 9.9912E-05 9.9912E-05 9.9912E-05 9.9912E-05 9.9912E-05
9.9912E-05 0.999001 9.9912E-05 9.9912E-05 9.9912E-05 9.9912E-05 9.9912E-05 9.9912E-05 9.9912E-05 9.9912E-05 9.9912E-05
9.99208E-05 9.99208E-05 9.99208E-05 9.99208E-05 9.99208E-05 9.99208E-05 0.979502 0.019599 9.99208E-05 9.99208E-05 9.99208E-05
9.9912E-05 0.999001 9.9912E-05 9.9912E-05 9.9912E-05 9.9912E-05 9.9912E-05 9.9912E-05 9.9912E-05 9.9912E-05 9.9912E-05
9.99208E-05 9.99208E-05 9.99208E-05 9.99208E-05 9.99208E-05 9.99208E-05 0.979502 0.019599 9.99208E-05 9.99208E-05 9.99208E-05
9.9912E-05 0.999001 9.9912E-05 9.9912E-05 9.9912E-05 9.9912E-05 9.9912E-05 9.9912E-05 9.9912E-05 9.9912E-05 9.9912E-05
9.99208E-05 9.99208E-05 9.99208E-05 9.99208E-05 9.99208E-05 9.99208E-05 0.938355 0.0607454 9.99208E-05 9.99208E-05 9.99208E-05
9.9912E-05 0.999001 9.9912E-05 9.9912E-05 9.9912E-05 9.9912E-05 9.9912E-05 9.9912E-05 9.9912E-05 9.9912E-05 9.9912E-05
9.9912E-05 0.999001 9.9912E-05 9.9912E-05 9.9912E-05 9.9912E-05 9.9912E-05 9.9912E-05 9.9912E-05 9.9912E-05 9.9912E-05
9.9912E-05 0.999001 9.9912E-05 9.9912E-05 9.9912E-05 9.9912E-05 9.9912E-05 9.9912E-05 9.9912E-05 9.9912E-05 9.9912E-05
9.9912E-05 0.999001 9.9912E-05 9.9912E-05 9.9912E-05 9.9912E-05 9.9912E-05 9.9912E-05 9.9912E-05 9.9912E-05 9.9912E-05
9.99121E-05 0.999001 9.99121E-05 9.99121E-05 9.99121E-05 9.99121E-05 9.99121E-05 9.99121E-05 9.99121E-05 9.99121E-05 9.99121E-05
9.9912E-05 0.999001 9.9912E-05 9.9912E-05 9.9912E-05 9.9912E-05 9.9912E-05 9.9912E-05 9.9912E-05 9.9912E-05 9.9912E-05
9.99296E-05 0.000563129 9.99296E-05 9.99296E-05 9.99296E-05 9.99296E-05 0.938312 0.0603255 9.99296E-05 9.99296E-05 9.99296E-05
9.99296E-05 9.99296E-05 9.99296E-05 0.0569743 9.99296E-05 9.99296E-05 0.878854 0.0633721 9.99296E-05 9.99296E-05 9.99296E-05
9.99208E-05 9.99208E-05 9.99208E-05 0.0265931 9.99208E-05 9.99208E-05 0.972508 9.99208E-05 9.99208E-05 9.99208E-05 9.99208E-05
9.9912E-05 0.999001 9.9912E-05 9.9912E-05 9.9912E-05 9.9912E-05 9.9912E-05 9.9912E-05 9.9912E-05 9.9912E-05 9.9912E-05
9.99296E-05 9.99296E-05 9.99296E-05 0.0250007 9.99296E-05 9.99296E-05 0.958877 0.0153233 9.99296E-05 9.99296E-05 9.99296E-05
9.99208E-05 0.016311 9.99208E-05 9.99208E-05 9.99208E-05 9.99208E-05 0.98279 9.99208E-05 9.99208E-05 9.99208E-05 9.99208E-05
9.99296E-05 0.0346179 9.99296E-05 0.0108965 9.99296E-05 9.99296E-05 0.953686 9.99296E-05 9.99296E-05 9.99296E-05 9.99296E-05
9.9912E-05 0.999001 9.9912E-05 9.9912E-05 9.9912E-05 9.9912E-05 9.9912E-05 9.9912E-05 9.9912E-05 9.9912E-05 9.9912E-05
9.9912E-05 0.999001 9.9912E-05 9.9912E-05 9.9912E-05 9.9912E-05 9.9912E-05 9.9912E-05 9.9912E-05 9.9912E-05 9.9912E-05
9.99119E-05 0.999001 9.99119E-05 9.99119E-05 9.99119E-05 9.99119E-05 9.99119E-05 9.99119E-05 9.99119E-05 9.99119E-05 9.99119E-05
9.9912E-05 9.9912E-05 9.9912E-05 9.9912E-05 9.9912E-05 9.9912E-05 0.999001 9.9912E-05 9.9912E-05 9.9912E-05 9.9912E-05
9.9912E-05 0.999001 9.9912E-05 9.9912E-05 9.9912E-05 9.9912E-05 9.9912E-05 9.9912E-05 9.9912E-05 9.9912E-05 9.9912E-05
9.9912E-05 0.999001 9.9912E-05 9.9912E-05 9.9912E-05 9.9912E-05 9.9912E-05 9.9912E-05 9.9912E-05 9.9912E-05 9.9912E-05
9.99208E-05 9.99208E-05 9.99208E-05 9.99208E-05 9.99208E-05 9.99208E-05 0.961284 0.0378163 9.99208E-05 9.99208E-05 9.99208E-05
9.9912E-05 0.999001 9.9912E-05 9.9912E-05 9.9912E-05 9.9912E-05 9.9912E-05 9.9912E-05 9.9912E-05 9.9912E-05 9.9912E-05
9.9912E-05 0.999001 9.9912E-05 9.9912E-05 9.9912E-05 9.9912E-05 9.9912E-05 9.9912E-05 9.9912E-05 9.9912E-05 9.9912E-05
9.99473E-05 0.0873693 9.99473E-05 0.0632722 0.12418 0.157384 0.567195 9.99473E-05 9.99473E-05 9.99473E-05 9.99473E-05
9.99208E-05 9.99208E-05 9.99208E-05 9.99208E-05 9.99208E-05 9.99208E-05 0.932666 0.0664351 9.99208E-05 9.99208E-05 9.99208E-05
9.99119E-05 0.999001 9.99119E-05 9.99119E-05 9.99119E-05 9.99119E-05 9.99119E-05 9.99119E-05 9.99119E-05 9.99119E-05 9.99119E-05
9.99386E-05 0.441475 9.99386E-05 9.99386E-05 0.0154608 9.99386E-05 0.470778 0.0715857 9.99386E-05 9.99386E-05 9.99386E-05
0.0474341 0.178671 9.99473E-05 0.0532103 9.99473E-05 9.99473E-05 0.61242 9.99473E-05 9.99473E-05 9.99473E-05 0.107665
9.99297E-05 0.157599 9.99297E-05 9.99297E-05 9.99297E-05 9.99297E-05 0.771313 0.0702884 9.99297E-05 9.99297E-05 9.99297E-05
9.99384E-05 9.99384E-05 0.00738669 9.99384E-05 9.99384E-05 0.0286896 0.882283 9.99384E-05 9.99384E-05 9.99384E-05 0.0809406
9.99473E-05 0.290745 9.99473E-05 9.99473E-05 9.99473E-05 0.0174704 0.550036 9.99473E-05 0.0538869 9.99473E-05 0.0872617
9.99301E-05 0.135025 9.99301E-05 9.99301E-05 9.99301E-05 9.99301E-05 0.8306 9.99301E-05 9.99301E-05 0.0335763 9.99301E-05
9.99298E-05 0.320626 9.99298E-05 9.99298E-05 9.99298E-05 9.99298E-05 0.537497 9.99298E-05 9.99298E-05 9.99298E-05 0.141077
9.99473E-05 0.150752 9.99473E-05 9.99473E-05 0.0777275 0.0439933 0.708545 0.0183825 9.99473E-05 9.99473E-05 9.99473E-05
9.99211E-05 0.200397 9.99211E-05 9.99211E-05 9.99211E-05 9.99211E-05 0.798704 9.99211E-05 9.99211E-05 9.99211E-05 9.99211E-05
0.0751437 9.99385E-05 9.99385E-05 0.00726478 9.99385E-05 9.99385E-05 0.915491 0.00140125 9.99385E-05 9.99385E-05 9.99385E-05
9.99298E-05 0.0501168 9.99298E-05 9.99298E-05 0.123364 9.99298E-05 0.82572 9.99298E-05 9.99298E-05 9.99298E-05 9.99298E-05
9.9921E-05 0.574793 9.9921E-05 9.9921E-05 9.9921E-05 9.9921E-05 0.424307 9.9921E-05 9.9921E-05 9.9921E-05 9.9921E-05
9.99385E-05 0.23936 0.0938132 9.99385E-05 9.99385E-05 0.0714442 0.594683 9.99385E-05 9.99385E-05 9.99385E-05 9.99385E-05
0.061104 0.0334156 9.99385E-05 9.99385E-05 9.99385E-05 0.109271 0.795509 9.99385E-05 9.99385E-05 9.99385E-05 9.99385E-05
9.99297E-05 0.182193 9.99297E-05 9.99297E-05 0.0561601 9.99297E-05 0.760847 9.99297E-05 9.99297E-05 9.99297E-05 9.99297E-05
0.0447221 0.297143 9.99473E-05 9.99473E-05 0.0212313 9.99473E-05 0.494992 9.99473E-05 0.141311 9.99473E-05 9.99473E-05
9.99298E-05 0.167856 9.99298E-05 9.99298E-05 9.99298E-05 9.99298E-05 0.810655 0.02069 9.99298E-05 9.99298E-05 9.99298E-05
9.99561E-05 0.0302176 0.0697801 9.99561E-05 0.0363318 9.99561E-05 0.783048 0.0779626 0.0021603 9.99561E-05 9.99561E-05
0.00390406 0.146752 9.99561E-05 0.0585408 0.0903462 9.99561E-05 0.53632 9.99561E-05 0.163638 9.99561E-05 9.99561E-05
0.015975 0.160702 9.99385E-05 9.99385E-05 9.99385E-05 9.99385E-05 0.775546 0.0470774 9.99385E-05 9.99385E-05 9.99385E-05
0.144519 0.133274 9.99385E-05 0.0247634 9.99385E-05 9.99385E-05 0.696744 9.99385E-05 9.99385E-05 9.99385E-05 9.99385E-05
0.0821676 0.247761 0.0411119 9.99386E-05 9.99386E-05 9.99386E-05 0.62826 9.99386E-05 9.99386E-05 9.99386E-05 9.99386E-05
9.99385E-05 0.167009 0.0774873 9.99385E-05 9.99385E-05 0.0608905 0.693914 9.99385E-05 9.99385E-05 9.99385E-05 9.99385E-05
0.112965 0.181637 9.99385E-05 9.99385E-05 9.99385E-05 0.0601887 0.644509 9.99385E-05 9.99385E-05 9.99385E-05 9.99385E-05
9.99297E-05 9.99297E-05 9.99297E-05 0.0150737 9.99297E-05 0.139545 0.844582 9.99297E-05 9.99297E-05 9.99297E-05 9.99297E-05
9.99299E-05 0.0828853 9.99299E-05 9.99299E-05 9.99299E-05 9.99299E-05 0.838941 9.99299E-05 0.0773747 9.99299E-05 9.99299E-05
0.119981 0.0897499 9.99472E-05 9.99472E-05 9.99472E-05 9.99472E-05 0.77543 0.0136906 0.000548755 9.99472E-05 9.99472E-05
9.99297E-05 0.27276 9.99297E-05 9.99297E-05 9.99297E-05 9.99297E-05 0.619849 0.106592 9.99297E-05 9.99297E-05 9.99297E-05
0.0627537 9.99385E-05 9.99385E-05 0.0982711 9.99385E-05 0.0638978 0.774378 9.99385E-05 9.99385E-05 9.99385E-05 9.99385E-05
9.99473E-05 0.173587 9.99473E-05 0.0700674 0.0233835 0.0487892 0.683573 9.99473E-05 9.99473E-05 9.99473E-05 9.99473E-05
0.103207 0.394173 9.99473E-05 9.99473E-05 0.00161057 9.99473E-05 0.464083 9.99473E-05 0.0363267 9.99473E-05 9.99473E-05
9.9921E-05 0.283257 9.9921E-05 9.9921E-05 9.9921E-05 9.9921E-05 0.715844 9.9921E-05 9.9921E-05 9.9921E-05 9.9921E-05
0.0744871 0.208944 9.99385E-05 9.99385E-05 9.99385E-05 9.99385E-05 0.513522 9.99385E-05 0.202348 9.99385E-05 9.99385E-05
0.117696 0.21112 9.99473E-05 9.99473E-05 0.0605139 0.0269341 0.583136 9.99473E-05 9.99473E-05 9.99473E-05 9.99473E-05
0.0169861 0.145387 9.99472E-05 9.99472E-05 0.0644613 0.0556739 0.716892 9.99472E-05 9.99472E-05 9.99472E-05 9.99472E-05
9.99209E-05 0.0638745 9.99209E-05 9.99209E-05 9.99209E-05 9.99209E-05 0.935226 9.99209E-05 9.99209E-05 9.99209E-05 9.99209E-05
9.99124E-05 9.99124E-05 9.99124E-05 9.99124E-05 9.99124E-05 9.99124E-05 0.999001 9.99124E-05 9.99124E-05 9.99124E-05 9.99124E-05
9.99472E-05 9.99472E-05 0.11841 9.99472E-05 0.0707458 9.99472E-05 0.700889 9.99472E-05 0.0457958 9.99472E-05 0.0635602
9.99385E-05 0.0137243 0.0960228 9.99385E-05 0.0753577 9.99385E-05 0.814196 9.99385E-05 9.99385E-05 9.99385E-05 9.99385E-05
0.186973 0.222377 9.99385E-05 9.99385E-05 9.99385E-05 9.99385E-05 0.565756 9.99385E-05 9.99385E-05 9.99385E-05 0.0241944
9.99297E-05 0.113802 9.99297E-05 9.99297E-05 9.99297E-05 0.00278995 0.882609 9.99297E-05 9.99297E-05 9.99297E-05 9.99297E-05
0.0683324 0.03822 9.99474E-05 0.00284602 9.99474E-05 9.99474E-05 0.825998 0.0640036 9.99474E-05 9.99474E-05 9.99474E-05
0.108511 0.229075 9.99385E-05 9.99385E-05 9.99385E-05 9.99385E-05 0.622792 9.99385E-05 9.99385E-05 9.99385E-05 0.0389231
0.0220568 0.557356 9.99473E-05 9.99473E-05 9.99473E-05 0.0187861 0.385254 9.99473E-05 0.0159471 9.99473E-05 9.99473E-05
9.99384E-05 0.377587 9.99384E-05 9.99384E-05 9.99384E-05 0.00738602 0.571825 9.99384E-05 0.0425028 9.99384E-05 9.99384E-05
9.99472E-05 0.165141 9.99472E-05 0.0265998 0.0149611 0.0385978 0.7541 9.99472E-05 9.99472E-05 9.99472E-05 9.99472E-05
9.99124E-05 9.99124E-05 9.99124E-05 9.99124E-05 9.99124E-05 9.99124E-05 0.999001 9.99124E-05 9.99124E-05 9.99124E-05 9.99124E-05
0.0439949 0.232506 9.99472E-05 0.000743183 0.0213273 9.99472E-05 0.700829 9.99472E-05 9.99472E-05 9.99472E-05 9.99472E-05
9.99212E-05 0.000986586 9.99212E-05 9.99212E-05 9.99212E-05 9.99212E-05 0.998114 9.99212E-05 9.99212E-05 9.99212E-05 9.99212E-05
9.995E-05 0.198208 0.0698421 9.995E-05 9.995E-05 0.0156951 0.361355 9.995E-05 0.214391 9.995E-05 0.14001
9.99212E-05 9.99212E-05 9.99212E-05 9.99212E-05 9.99212E-05 9.99212E-05 0.753654 9.99212E-05 0.245446 9.99212E-05 9.99212E-05
9.9921E-05 9.9921E-05 9.9921E-05 9.9921E-05 0.00549838 9.9921E-05 0.993602 9.9921E-05 9.9921E-05 9.9921E-05 9.9921E-05
0.129401 9.99472E-05 9.99472E-05 9.99472E-05 0.00706174 9.99472E-05 0.592183 9.99472E-05 0.225028 9.99472E-05 0.0457265
9.99297E-05 0.166064 9.99297E-05 9.99297E-05 9.99297E-05 9.99297E-05 0.633537 9.99297E-05 0.1996 9.99297E-05 9.99297E-05
0.170734 0.127832 0.00965096 0.0138703 9.99649E-05 9.99649E-05 0.672659 0.00320225 9.99649E-05 9.99649E-05 0.00165162
9.99298E-05 0.349849 9.99298E-05 9.99298E-05 9.99298E-05 9.99298E-05 0.623106 0.0262461 9.99298E-05 9.99298E-05 9.99298E-05
9.99212E-05 9.99212E-05 9.99212E-05 9.99212E-05 9.99212E-05 9.99212E-05 0.865753 9.99212E-05 0.133348 9.99212E-05 9.99212E-05
9.99298E-05 0.269445 9.99298E-05 9.99298E-05 9.99298E-05 9.99298E-05 0.718432 9.99298E-05 0.011323 9.99298E-05 9.99298E-05
9.9921E-05 0.147138 9.9921E-05 9.9921E-05 9.9921E-05 9.9921E-05 0.851963 9.9921E-05 9.9921E-05 9.9921E-05 9.9921E-05
9.99298E-05 0.19791 9.99298E-05 9.99298E-05 9.99298E-05 9.99298E-05 0.700305 9.99298E-05 0.100986 9.99298E-05 9.99298E-05
9.99211E-05 0.0299877 9.99211E-05 9.99211E-05 9.99211E-05 9.99211E-05 0.969113 9.99211E-05 9.99211E-05 9.99211E-05 9.99211E-05
9.99212E-05 0.129232 9.99212E-05 9.99212E-05 9.99212E-05 9.99212E-05 0.869869 9.99212E-05 9.99212E-05 9.99212E-05 9.99212E-05
9.99212E-05 9.99212E-05 9.99212E-05 9.99212E-05 9.99212E-05 9.99212E-05 0.964163 9.99212E-05 9.99212E-05 0.0349375 9.99212E-05
9.99386E-05 0.183088 9.99386E-05 9.99386E-05 0.050112 9.99386E-05 0.762095 0.00400493 9.99386E-05 9.99386E-05 9.99386E-05
9.99297E-05 0.226238 9.99297E-05 0.052344 9.99297E-05 9.99297E-05 0.720619 9.99297E-05 9.99297E-05 9.99297E-05 9.99297E-05
0.00821819 0.280378 9.99298E-05 9.99298E-05 9.99298E-05 9.99298E-05 0.710605 9.99298E-05 9.99298E-05 9.99298E-05 9.99298E-05
9.99212E-05 0.0450518 9.99212E-05 9.99212E-05 9.99212E-05 9.99212E-05 0.954049 9.99212E-05 9.99212E-05 9.99212E-05 9.99212E-05
9.99298E-05 0.289926 9.99298E-05 9.99298E-05 9.99298E-05 9.99298E-05 0.657713 9.99298E-05 0.0515622 9.99298E-05 9.99298E-05
9.99296E-05 0.0570683 9.99296E-05 0.0263791 9.99296E-05 9.99296E-05 0.915753 9.99296E-05 9.99296E-05 9.99296E-05 9.99296E-05
9.99387E-05 9.99387E-05 9.99387E-05 0.013853 0.0156416 9.99387E-05 0.804124 9.99387E-05 0.165682 9.99387E-05 9.99387E-05
9.99473E-05 0.00130733 9.99473E-05 0.0219336 9.99473E-05 9.99473E-05 0.723538 0.00310775 0.249513 9.99473E-05 9.99473E-05
9.993E-05 9.993E-05 9.993E-05 9.993E-05 9.993E-05 9.993E-05 0.827178 9.993E-05 0.0592097 0.112813 9.993E-05
9.99209E-05 0.283939 9.99209E-05 9.99209E-05 9.99209E-05 9.99209E-05 0.715161 9.99209E-05 9.99209E-05 9.99209E-05 9.99209E-05
9.99561E-05 9.99561E-05 0.132761 0.0128164 0.0170154 0.0944876 0.457974 9.99561E-05 0.284446 9.99561E-05 9.99561E-05
9.99212E-05 0.000163618 9.99212E-05 9.99212E-05 9.99212E-05 9.99212E-05 0.998937 9.99212E-05 9.99212E-05 9.99212E-05 9.99212E-05
9.99298E-05 0.11237 9.99298E-05 9.99298E-05 9.99298E-05 9.99298E-05 0.660251 9.99298E-05 0.22658 9.99298E-05 9.99298E-05
9.993E-05 9.993E-05 9.993E-05 9.993E-05 9.993E-05 9.993E-05 0.767331 9.993E-05 0.187685 0.0441852 9.993E-05
0.0762428 9.9921E-05 9.9921E-05 9.9921E-05 9.9921E-05 9.9921E-05 0.922858 9.9921E-05 9.9921E-05 9.9921E-05 9.9921E-05
9.99212E-05 9.99212E-05 9.99212E-05 9.99212E-05 9.99212E-05 9.99212E-05 0.692353 9.99212E-05 0.306747 9.99212E-05 9.99212E-05
9.99385E-05 0.384192 9.99385E-05 9.99385E-05 0.0564854 9.99385E-05 0.520597 9.99385E-05 0.0380261 9.99385E-05 9.99385E-05
0.0972339 0.24065 9.99386E-05 9.99386E-05 9.99386E-05 9.99386E-05 0.641407 9.99386E-05 9.99386E-05 9.99386E-05 0.0200095
0.102175 0.169322 0.114815 9.99648E-05 0.00546414 0.00171072 0.55983 9.99648E-05 0.0462828 9.99648E-05 9.99648E-05
9.99212E-05 9.99212E-05 9.99212E-05 9.99212E-05 9.99212E-05 9.99212E-05 0.850507 9.99212E-05 0.148594 9.99212E-05 9.99212E-05
9.99299E-05 0.266569 9.99299E-05 9.99299E-05 0.016708 9.99299E-05 0.715924 9.99299E-05 9.99299E-05 9.99299E-05 9.99299E-05
9.99474E-05 0.149279 9.99474E-05 0.130324 9.99474E-05 9.99474E-05 0.408218 0.152651 0.158927 9.99474E-05 9.99474E-05
9.99298E-05 0.0141322 9.99298E-05 9.99298E-05 9.99298E-05 9.99298E-05 0.812957 9.99298E-05 0.172111 9.99298E-05 9.99298E-05
9.99385E-05 0.00871615 9.99385E-05 9.99385E-05 9.99385E-05 0.108505 0.863374 0.0187049 9.99385E-05 9.99385E-05 9.99385E-05
9.99297E-05 0.345185 9.99297E-05 9.99297E-05 9.99297E-05 0.0169929 0.637023 9.99297E-05 9.99297E-05 9.99297E-05 9.99297E-05
9.99297E-05 0.0607614 9.99297E-05 9.99297E-05 9.99297E-05 9.99297E-05 0.827798 9.99297E-05 9.99297E-05 9.99297E-05 0.110641
9.99297E-05 0.191449 9.99297E-05 0.042613 9.99297E-05 9.99297E-05 0.765138 9.99297E-05 9.99297E-05 9.99297E-05 9.99297E-05
9.99474E-05 0.0134376 9.99474E-05 0.185121 9.99474E-05 9.99474E-05 0.639481 9.99474E-05 0.098182 9.99474E-05 0.0631788
9.99384E-05 0.0626574 9.99384E-05 9.99384E-05 9.99384E-05 0.0510937 0.643698 9.99384E-05 0.241851 9.99384E-05 9.99384E-05
9.99298E-05 0.349256 9.99298E-05 9.99298E-05 9.99298E-05 9.99298E-05 0.570701 9.99298E-05 0.0792435 9.99298E-05 9.99298E-05
9.99561E-05 0.0153121 9.99561E-05 0.152364 0.0942022 0.0181827 0.50278 9.99561E-05 0.216659 9.99561E-05 9.99561E-05
9.99298E-05 0.23664 9.99298E-05 9.99298E-05 9.99298E-05 9.99298E-05 0.603595 9.99298E-05 0.158965 9.99298E-05 9.99298E-05
9.99212E-05 9.99212E-05 9.99212E-05 9.99212E-05 9.99212E-05 9.99212E-05 0.740351 9.99212E-05 0.258749 9.99212E-05 9.99212E-05
0.107266 0.351641 9.99385E-05 9.99385E-05 9.99385E-05 9.99385E-05 0.462322 9.99385E-05 9.99385E-05 9.99385E-05 0.0780708
0.043433 0.049688 9.99384E-05 9.99384E-05 0.0776092 9.99384E-05 0.82857 9.99384E-05 9.99384E-05 9.99384E-05 9.99384E-05
9.9921E-05 9.9921E-05 9.9921E-05 9.9921E-05 9.9921E-05 0.0390992 0.960002 9.9921E-05 9.9921E-05 9.9921E-05 9.9921E-05
9.99473E-05 0.0994364 9.99473E-05 0.0161276 9.99473E-05 9.99473E-05 0.864817 9.99473E-05 0.0150152 9.99473E-05 0.00400436
