9.99824E-05 9.99824E-05 0.508961 0.322859 0.16798
9.999E-05 0.0299479 0.783959 0.151973 0.0340203
0.0023003 0.0759684 0.921531 9.99824E-05 9.99824E-05
0.168537 0.396678 0.321319 0.0729172 0.0405487
0.0181654 0.127752 0.853882 9.99824E-05 9.99824E-05
0.338079 0.257448 0.283456 0.109188 0.0118279
9.99912E-05 0.242398 0.369129 0.273888 0.114484
0.323732 0.240768 0.253618 0.0204975 0.161384
0.285418 0.152291 0.281097 0.281094 9.99912E-05
9.99737E-05 9.99737E-05 0.991593 9.99737E-05 0.00810731
9.99824E-05 9.99824E-05 0.550703 0.242776 0.206321
9.99824E-05 0.0824017 0.897519 9.99824E-05 0.0198796
9.99736E-05 9.99736E-05 0.94949 0.05021 9.99736E-05
0.109759 9.99912E-05 0.702336 0.123857 0.0639487
0.290064 0.0624924 0.322555 0.324788 9.99912E-05
0.251875 0.198666 0.238404 0.289439 0.0216155
0.0855296 0.00633995 0.703822 0.115232 0.0890769
0.0171345 0.21424 0.26617 0.31944 0.183015
0.174619 0.178145 0.403539 0.204151 0.0395463
9.997E-05 9.997E-05 0.9996 9.997E-05 9.997E-05
0.106078 0.311365 0.446045 0.101574 0.0349374
0.250966 0.213643 0.328207 0.0786593 0.128525
9.99824E-05 9.99824E-05 0.703249 0.257487 0.0390639
9.99824E-05 0.117462 0.486762 0.395576 9.99824E-05
0.224451 0.319894 0.302963 0.117549 0.0351427
0.0602892 0.098089 0.775596 0.0659263 9.99912E-05
0.249481 0.144582 0.125758 0.325531 0.154648
9.99824E-05 0.0683387 0.797973 0.133489 9.99824E-05
9.99737E-05 9.99737E-05 0.722437 0.277263 9.99737E-05
0.138268 9.99737E-05 0.861432 9.99737E-05 9.99737E-05
9.99824E-05 9.99824E-05 0.712124 0.118385 0.169291
0.231993 0.0573651 0.591829 0.0676747 0.0511382
0.00343367 0.0279494 0.612213 0.231292 0.125112
0.113342 0.041836 0.478231 0.231582 0.135008
9.99824E-05 9.99824E-05 0.833811 0.115806 0.0501828
9.99912E-05 0.120873 0.768448 0.0880574 0.0225217
9.99737E-05 0.0926595 0.907041 9.99737E-05 9.99737E-05
0.193759 0.0615545 0.601333 0.130675 0.0126787
0.11512 0.062241 0.559174 0.263365 9.99912E-05
0.121274 0.112058 0.653063 0.108382 0.00522323
9.99912E-05 0.0226381 0.813654 0.102287 0.0613203
9.99737E-05 9.99737E-05 0.679999 0.319701 9.99737E-05
9.99736E-05 0.0317616 0.967938 9.99736E-05 9.99736E-05
0.0349172 9.99912E-05 0.462482 0.412973 0.0895274
9.99824E-05 0.35629 0.311086 0.332424 9.99824E-05
9.99824E-05 0.127136 0.847812 0.0248519 9.99824E-05
0.00517015 9.99912E-05 0.809511 0.0939173 0.0913014
9.99736E-05 9.99736E-05 0.977935 9.99736E-05 0.0217651
9.99824E-05 9.99824E-05 0.703599 0.183925 0.112276
0.0377284 0.157266 0.733974 9.99912E-05 0.0709315
0.120004 0.140931 0.329751 0.268757 0.140558
0.0625688 0.25851 0.678721 9.99824E-05 9.99824E-05
9.99737E-05 9.99737E-05 0.956987 0.0427131 9.99737E-05
9.99912E-05 0.246616 0.645446 0.0813814 0.0264572
9.99824E-05 0.147394 0.800079 0.052327 9.99824E-05
0.0738918 0.145188 0.78072 9.99824E-05 9.99824E-05
9.99912E-05 0.00483631 0.7854 0.0766637 0.133
9.99737E-05 9.99737E-05 0.920411 9.99737E-05 0.0792887
9.99824E-05 9.99824E-05 0.859664 0.0333231 0.106813
9.99912E-05 0.0369635 0.0719644 0.628236 0.262736
9.99825E-05 0.191522 0.347043 0.461235 9.99825E-05
9.99912E-05 0.0643989 0.276518 0.456974 0.20201
0.432337 9.99825E-05 9.99825E-05 0.48199 0.0854731
9.99912E-05 0.222624 0.122129 0.529886 0.125261
0.0574931 9.99824E-05 9.99824E-05 0.803387 0.13892
9.99737E-05 9.99737E-05 9.99737E-05 0.863248 0.136452
0.203255 9.99824E-05 9.99824E-05 0.593183 0.203363
9.99825E-05 9.99825E-05 0.221081 0.669589 0.10913
0.00439065 9.99912E-05 0.341177 0.460118 0.194214
9.99736E-05 9.99736E-05 9.99736E-05 0.687781 0.311919
9.99912E-05 0.331636 0.0303952 0.408013 0.229856
0.301072 9.99824E-05 9.99824E-05 0.400232 0.298496
9.99824E-05 0.117954 9.99824E-05 0.764839 0.117006
0.0972359 9.99912E-05 0.310702 0.404186 0.187776
9.99912E-05 0.0971573 0.248098 0.488162 0.166483
0.031669 0.303088 9.99912E-05 0.576552 0.0885915
0.0479361 0.0197395 0.141121 0.412453 0.37875
0.0361408 0.075268 0.191815 0.426713 0.270063
9.99824E-05 0.141793 9.99824E-05 0.752889 0.105118
9.99913E-05 0.0777823 0.230814 0.547808 0.143496
9.99824E-05 9.99824E-05 0.089879 0.709439 0.200482
0.154399 9.99912E-05 0.23887 0.507959 0.0986727
0.164484 0.176927 0.177163 0.303567 0.177859
0.0548783 9.99912E-05 0.263855 0.39162 0.289546
0.0708995 9.99825E-05 0.344682 0.584218 9.99825E-05
0.0722277 0.00509709 0.437799 0.356535 0.128341
9.99825E-05 0.0924258 0.194454 0.71292 9.99825E-05
0.0594325 9.99912E-05 0.236779 0.472008 0.23168
0.306714 0.0689135 0.301625 0.322648 9.99912E-05
0.790229 9.99824E-05 9.99824E-05 0.159476 0.0500953
0.861275 9.99737E-05 0.138425 9.99737E-05 9.99737E-05
0.688796 9.99824E-05 9.99824E-05 0.220837 0.0901666
0.789535 9.99824E-05 9.99824E-05 0.0926373 0.117628
0.750719 0.218624 9.99824E-05 0.0304563 9.99824E-05
0.752078 0.0382593 9.99824E-05 0.209463 9.99824E-05
0.76731 9.99824E-05 9.99824E-05 0.105209 0.127281
0.965039 9.99736E-05 9.99736E-05 9.99736E-05 0.0346613
0.726352 9.99736E-05 9.99736E-05 0.273348 9.99736E-05
0.735302 9.99824E-05 9.99824E-05 0.256385 0.00811299
0.758869 9.99825E-05 0.0152479 0.225683 9.99825E-05
0.655598 9.99912E-05 0.0289563 0.28988 0.0254662
0.96016 9.99737E-05 9.99737E-05 9.99737E-05 0.0395397
0.708085 9.99824E-05 9.99824E-05 0.251516 0.0401999
0.817171 0.00451143 9.99825E-05 9.99825E-05 0.178118
0.521264 0.010494 9.99912E-05 0.421218 0.0469243
0.549284 0.027406 9.99912E-05 0.358436 0.0647744
0.807595 0.122201 0.057357 9.99912E-05 0.0127468
0.905868 0.0443891 9.99825E-05 9.99825E-05 0.049543
0.715541 0.0145262 9.99912E-05 0.208913 0.0609192
0.69001 0.0309184 9.99912E-05 0.268754 0.010218
0.833658 9.99737E-05 9.99737E-05 9.99737E-05 0.166042
0.560816 0.0821475 9.99824E-05 0.356836 9.99824E-05
0.9996 9.997E-05 9.997E-05 9.997E-05 9.997E-05
0.602705 0.0595885 9.99824E-05 0.337506 9.99824E-05
0.666513 9.99825E-05 9.99825E-05 0.288905 0.0443827
0.702821 0.1268 0.17018 9.99825E-05 9.99825E-05
0.853084 0.146616 9.99736E-05 9.99736E-05 9.99736E-05
0.615143 0.062634 9.99824E-05 0.322023 9.99824E-05
0.724107 9.99824E-05 9.99824E-05 0.179188 0.0965054
0.58062 0.12382 9.99824E-05 0.29536 9.99824E-05
0.853617 0.0794114 9.99824E-05 9.99824E-05 0.0667713
0.759518 0.240182 9.99736E-05 9.99736E-05 9.99736E-05
0.745298 0.0633707 9.99824E-05 0.191132 9.99824E-05
0.932118 0.0342843 9.99824E-05 0.0333975 9.99824E-05
0.880443 0.0572224 9.99912E-05 0.00529472 0.0569403
0.646029 9.99824E-05 9.99824E-05 0.241763 0.112008
0.971898 9.99825E-05 0.0112604 0.0166413 9.99825E-05
0.869364 9.99825E-05 9.99825E-05 0.0450236 0.085412
0.961925 9.99737E-05 0.0377746 9.99737E-05 9.99737E-05
0.902975 0.016341 0.0309461 0.0332742 0.0164637
0.406028 9.99824E-05 9.99824E-05 0.564905 0.0288669
0.896891 0.102809 9.99737E-05 9.99737E-05 9.99737E-05
0.851261 9.99825E-05 0.143583 0.00495606 9.99825E-05
0.841207 9.99825E-05 0.108482 0.0501113 9.99825E-05
0.600421 0.102116 9.99824E-05 0.297263 9.99824E-05
0.653253 9.99824E-05 9.99824E-05 0.198758 0.147789
0.706543 0.109407 9.99912E-05 0.176927 0.00702302
0.69406 0.0911953 9.99912E-05 0.147035 0.0676102
0.886243 9.99825E-05 0.0529197 0.0606373 9.99825E-05
0.559327 0.21888 9.99824E-05 0.221593 9.99824E-05
0.902574 9.99825E-05 0.0401529 0.057073 9.99825E-05
0.833836 9.99825E-05 9.99825E-05 0.145485 0.0204791
0.896781 0.0851097 9.99824E-05 0.0179097 9.99824E-05
0.75899 0.0858278 9.99912E-05 0.0158473 0.139235
0.591361 9.99736E-05 9.99736E-05 0.408339 9.99736E-05
0.936245 9.99736E-05 9.99736E-05 0.0634555 9.99736E-05
0.833786 0.115658 9.99912E-05 0.0325039 0.0179518
0.635924 0.172053 9.99824E-05 0.191823 9.99824E-05
0.9996 9.997E-05 9.997E-05 9.997E-05 9.997E-05
9.997E-05 9.997E-05 9.997E-05 0.9996 9.997E-05
0.9996 9.997E-05 9.997E-05 9.997E-05 9.997E-05
9.997E-05 9.997E-05 9.997E-05 0.9996 9.997E-05
0.9996 9.997E-05 9.997E-05 9.997E-05 9.997E-05
0.9996 9.997E-05 9.997E-05 9.997E-05 9.997E-05
0.9996 9.997E-05 9.997E-05 9.997E-05 9.997E-05
9.997E-05 9.997E-05 9.997E-05 0.9996 9.997E-05
0.9996 9.997E-05 9.997E-05 9.997E-05 9.997E-05
0.9996 9.997E-05 9.997E-05 9.997E-05 9.997E-05
9.997E-05 9.997E-05 9.997E-05 0.9996 9.997E-05
9.997E-05 9.997E-05 9.997E-05 0.9996 9.997E-05
9.997E-05 9.997E-05 9.997E-05 0.9996 9.997E-05
0.9996 9.997E-05 9.997E-05 9.997E-05 9.997E-05
0.9996 9.997E-05 9.997E-05 9.997E-05 9.997E-05
9.997E-05 9.997E-05 9.997E-05 0.9996 9.997E-05
9.997E-05 9.997E-05 9.997E-05 0.9996 9.997E-05
0.387847 0.329786 9.99824E-05 0.282167 9.99824E-05
9.997E-05 9.997E-05 9.997E-05 0.9996 9.997E-05
0.9996 9.997E-05 9.997E-05 9.997E-05 9.997E-05
9.997E-05 9.997E-05 9.997E-05 0.9996 9.997E-05
9.997E-05 9.997E-05 9.997E-05 0.9996 9.997E-05
9.997E-05 9.997E-05 9.997E-05 0.9996 9.997E-05
0.9996 9.997E-05 9.997E-05 9.997E-05 9.997E-05
9.997E-05 9.997E-05 9.997E-05 0.9996 9.997E-05
0.9996 9.997E-05 9.997E-05 9.997E-05 9.997E-05
9.997E-05 9.997E-05 9.997E-05 0.9996 9.997E-05
9.997E-05 9.997E-05 9.997E-05 0.9996 9.997E-05
0.9996 9.997E-05 9.997E-05 9.997E-05 9.997E-05
0.9996 9.997E-05 9.997E-05 9.997E-05 9.997E-05
0.9996 9.997E-05 9.997E-05 9.997E-05 9.997E-05
9.997E-05 9.997E-05 9.997E-05 0.9996 9.997E-05
9.997E-05 9.997E-05 9.997E-05 0.9996 9.997E-05
9.997E-05 9.997E-05 9.997E-05 0.9996 9.997E-05
9.997E-05 9.997E-05 9.997E-05 0.9996 9.997E-05
9.997E-05 9.997E-05 9.997E-05 0.9996 9.997E-05
0.9996 9.997E-05 9.997E-05 9.997E-05 9.997E-05
0.9996 9.997E-05 9.997E-05 9.997E-05 9.997E-05
0.9996 9.997E-05 9.997E-05 9.997E-05 9.997E-05
9.997E-05 9.997E-05 9.997E-05 0.9996 9.997E-05
0.9996 9.997E-05 9.997E-05 9.997E-05 9.997E-05
0.9996 9.997E-05 9.997E-05 9.997E-05 9.997E-05
0.9996 9.997E-05 9.997E-05 9.997E-05 9.997E-05
0.9996 9.997E-05 9.997E-05 9.997E-05 9.997E-05
9.997E-05 9.997E-05 9.997E-05 0.9996 9.997E-05
0.9996 9.997E-05 9.997E-05 9.997E-05 9.997E-05
0.9996 9.997E-05 9.997E-05 9.997E-05 9.997E-05
0.517261 0.310327 9.99824E-05 0.172212 9.99824E-05
9.997E-05 9.997E-05 9.997E-05 0.9996 9.997E-05
0.9996 9.997E-05 9.997E-05 9.997E-05 9.997E-05
0.9996 9.997E-05 9.997E-05 9.997E-05 9.997E-05
0.9996 9.997E-05 9.997E-05 9.997E-05 9.997E-05
0.9996 9.997E-05 9.997E-05 9.997E-05 9.997E-05
9.997E-05 9.997E-05 9.997E-05 0.9996 9.997E-05
0.9996 9.997E-05 9.997E-05 9.997E-05 9.997E-05
9.997E-05 9.997E-05 9.997E-05 0.9996 9.997E-05
0.9996 9.997E-05 9.997E-05 9.997E-05 9.997E-05
9.997E-05 9.997E-05 9.997E-05 0.9996 9.997E-05
0.9996 9.997E-05 9.997E-05 9.997E-05 9.997E-05
0.9996 9.997E-05 9.997E-05 9.997E-05 9.997E-05
0.9996 9.997E-05 9.997E-05 9.997E-05 9.997E-05
0.9996 9.997E-05 9.997E-05 9.997E-05 9.997E-05
0.9996 9.997E-05 9.997E-05 9.997E-05 9.997E-05
0.9996 9.997E-05 9.997E-05 9.997E-05 9.997E-05
9.997E-05 9.997E-05 9.997E-05 0.9996 9.997E-05
9.997E-05 9.997E-05 9.997E-05 0.9996 9.997E-05
9.997E-05 9.997E-05 9.997E-05 0.9996 9.997E-05
0.9996 9.997E-05 9.997E-05 9.997E-05 9.997E-05
9.997E-05 9.997E-05 9.997E-05 0.9996 9.997E-05
9.997E-05 9.997E-05 9.997E-05 0.9996 9.997E-05
9.997E-05 9.997E-05 9.997E-05 0.9996 9.997E-05
0.9996 9.997E-05 9.997E-05 9.997E-05 9.997E-05
0.9996 9.997E-05 9.997E-05 9.997E-05 9.997E-05
0.9996 9.997E-05 9.997E-05 9.997E-05 9.997E-05
9.997E-05 9.997E-05 9.997E-05 0.9996 9.997E-05
0.9996 9.997E-05 9.997E-05 9.997E-05 9.997E-05
0.9996 9.997E-05 9.997E-05 9.997E-05 9.997E-05
9.997E-05 9.997E-05 9.997E-05 0.9996 9.997E-05
0.9996 9.997E-05 9.997E-05 9.997E-05 9.997E-05
0.9996 9.997E-05 9.997E-05 9.997E-05 9.997E-05
0.383197 9.99824E-05 9.99824E-05 0.391742 0.224861
9.997E-05 9.997E-05 9.997E-05 0.9996 9.997E-05
0.9996 9.997E-05 9.997E-05 9.997E-05 9.997E-05
0.869608 0.0981001 9.99824E-05 9.99824E-05 0.0320915
0.814174 0.185241 9.99824E-05 0.000384281 9.99824E-05
0.574014 0.044135 9.99824E-05 0.381651 9.99824E-05
0.61346 0.212014 9.99912E-05 0.127666 0.0467604
0.615637 9.99736E-05 9.99736E-05 0.384063 9.99736E-05
0.89422 9.99737E-05 0.10548 9.99737E-05 9.99737E-05
0.714226 0.0993898 9.99824E-05 0.186185 9.99824E-05
0.798322 9.99824E-05 9.99824E-05 0.0178816 0.183596
0.996835 9.99737E-05 9.99737E-05 9.99737E-05 0.0028648
0.55968 0.237048 9.99824E-05 0.203072 9.99824E-05
0.643266 9.99824E-05 9.99824E-05 0.196985 0.159549
0.9996 9.997E-05 9.997E-05 9.997E-05 9.997E-05
0.491599 0.126054 9.99824E-05 0.382147 9.99824E-05
0.86498 0.000651228 9.99912E-05 0.0166924 0.117577
0.687885 0.0494141 9.99912E-05 0.253012 0.0095894
0.665825 9.99736E-05 9.99736E-05 0.333875 9.99736E-05
0.875816 0.0116107 9.99912E-05 0.0898187 0.022655
0.372218 0.123877 9.99912E-05 0.340644 0.16316
0.694862 0.109598 9.99912E-05 0.188788 0.00665188
0.743667 0.0855556 9.99824E-05 0.170578 9.99824E-05
0.807934 0.0699074 9.99824E-05 0.121958 9.99824E-05
0.973872 0.0258286 9.99737E-05 9.99737E-05 9.99737E-05
0.762861 0.177468 9.99824E-05 9.99824E-05 0.0594717
0.920376 9.99824E-05 9.99824E-05 0.00522792 0.0741959
0.851261 0.0610011 9.99912E-05 0.0559493 0.0316888
0.9996 9.997E-05 9.997E-05 9.997E-05 9.997E-05
0.572999 0.119338 9.99824E-05 0.307464 9.99824E-05
0.670299 0.0241322 9.99824E-05 0.305369 9.99824E-05
0.70848 0.256415 9.99824E-05 0.0349044 9.99824E-05
0.709893 0.21072 9.99824E-05 9.99824E-05 0.0791871
0.733557 0.0382708 9.99824E-05 0.227972 9.99824E-05
0.744802 9.99737E-05 9.99737E-05 0.254898 9.99737E-05
0.695482 0.0329698 9.99824E-05 0.271348 9.99824E-05
0.719127 9.99824E-05 9.99824E-05 0.204943 0.0757298
0.675774 9.99824E-05 9.99824E-05 0.154178 0.169848
0.74603 0.0889843 9.99824E-05 0.164786 9.99824E-05
0.895137 9.99737E-05 0.104563 9.99737E-05 9.99737E-05
0.359973 0.0253149 9.99912E-05 0.420176 0.194436
0.727775 0.0680991 9.99912E-05 0.0469441 0.157082
0.593106 0.161154 9.99824E-05 0.245541 9.99824E-05
0.732308 0.0634652 9.99912E-05 0.134224 0.0699019
0.600207 0.285001 9.99824E-05 0.114593 9.99824E-05
0.548172 0.247389 9.99824E-05 0.204239 9.99824E-05
0.900433 9.99824E-05 9.99824E-05 0.0694072 0.0299601
0.571908 9.99736E-05 9.99736E-05 0.427792 9.99736E-05
0.878263 9.99736E-05 9.99736E-05 9.99736E-05 0.121437
0.9996 9.997E-05 9.997E-05 9.997E-05 9.997E-05
0.940716 0.0163737 9.99824E-05 9.99824E-05 0.0427101
0.814005 0.0282679 0.1139 0.0178623 0.025964
0.429599 0.0610287 9.99912E-05 0.456754 0.0525188
0.817955 9.99737E-05 9.99737E-05 0.181746 9.99737E-05
0.468961 9.99824E-05 9.99824E-05 0.476996 0.0538427
0.362631 9.99824E-05 9.99824E-05 0.610262 0.0269071
0.705477 9.99736E-05 9.99736E-05 0.294223 9.99736E-05
0.750588 0.249112 9.99736E-05 9.99736E-05 9.99736E-05
0.9996 9.997E-05 9.997E-05 9.997E-05 9.997E-05
0.642038 9.99737E-05 9.99737E-05 0.357662 9.99737E-05
0.9996 9.997E-05 9.997E-05 9.997E-05 9.997E-05
0.845728 0.0367408 9.99824E-05 0.117331 9.99824E-05
0.659533 9.99737E-05 9.99737E-05 0.340167 9.99737E-05
0.9996 9.997E-05 9.997E-05 9.997E-05 9.997E-05
0.892293 9.99737E-05 0.107407 9.99737E-05 9.99737E-05
0.738338 9.99825E-05 0.214165 0.0472965 9.99825E-05
0.701478 9.99824E-05 9.99824E-05 0.211508 0.0868141
0.892101 0.100198 9.99824E-05 0.00750084 9.99824E-05
0.9996 9.997E-05 9.997E-05 9.997E-05 9.997E-05
0.96267 9.99737E-05 0.0370299 9.99737E-05 9.99737E-05
0.689613 0.0250411 9.99912E-05 0.281369 0.00387746
0.678003 9.99824E-05 9.99824E-05 0.288985 0.0328117
0.637267 9.99825E-05 0.0529042 0.309628 9.99825E-05
0.452146 9.99737E-05 9.99737E-05 0.547554 9.99737E-05
0.528877 9.99825E-05 0.252739 0.218184 9.99825E-05
0.853788 9.99736E-05 9.99736E-05 0.145912 9.99736E-05
0.402881 0.12557 9.99912E-05 0.371421 0.100028
0.761813 9.99737E-05 9.99737E-05 0.237887 9.99737E-05
0.63807 9.99737E-05 9.99737E-05 0.36163 9.99737E-05
0.569054 9.99825E-05 0.214987 0.215759 9.99825E-05
0.652876 0.0131281 9.99912E-05 0.225731 0.108165
0.827797 9.99738E-05 9.99738E-05 0.171903 9.99738E-05
0.947231 9.99824E-05 9.99824E-05 0.0268117 0.0257574
0.849155 0.150545 9.99736E-05 9.99736E-05 9.99736E-05
0.74267 0.17151 9.99824E-05 9.99824E-05 0.08562
0.707246 9.99825E-05 0.0809403 0.211614 9.99825E-05
0.903754 0.030275 9.99912E-05 0.0652009 0.000669658
0.713974 0.167268 9.99824E-05 0.118558 9.99824E-05
0.641742 9.99737E-05 9.99737E-05 0.357958 9.99737E-05
0.606243 9.99824E-05 9.99824E-05 0.228025 0.165532
0.940356 9.99736E-05 9.99736E-05 9.99736E-05 0.0593443
0.567997 0.139409 9.99912E-05 0.229052 0.0634423
0.759732 0.0965805 9.99824E-05 0.143488 9.99824E-05
0.407521 0.2383 9.99825E-05 0.35398 9.99825E-05
0.358526 9.99824E-05 9.99824E-05 0.537419 0.103854
0.822648 9.99737E-05 9.99737E-05 0.177052 9.99737E-05
0.456107 0.0361539 9.99912E-05 0.288429 0.21921
0.942391 9.99737E-05 9.99737E-05 0.0573089 9.99737E-05
0.641284 9.99825E-05 0.0984558 0.26006 9.99825E-05
0.803256 0.196444 9.99736E-05 9.99736E-05 9.99736E-05
0.541769 9.99824E-05 9.99824E-05 0.346009 0.112022
0.42373 9.99825E-05 9.99825E-05 0.52879 0.0472802
0.373588 9.99736E-05 9.99736E-05 0.626112 9.99736E-05
0.650978 0.229251 9.99824E-05 9.99824E-05 0.119571
0.536263 0.000624464 9.99824E-05 0.462912 9.99824E-05
0.419951 0.274304 9.99912E-05 0.23776 0.0678856
0.783432 9.99825E-05 0.101757 0.114611 9.99825E-05
0.724722 9.99825E-05 0.111488 0.16359 9.99825E-05
0.676367 9.99737E-05 9.99737E-05 0.323333 9.99737E-05
0.222903 0.0103669 9.99912E-05 0.496485 0.270144
0.9996 9.997E-05 9.997E-05 9.997E-05 9.997E-05
0.806527 0.00822431 0.15536 0.029788 9.99913E-05
0.865024 0.0708182 9.99824E-05 9.99824E-05 0.0639578
0.885626 9.99824E-05 9.99824E-05 0.075675 0.0384989
0.643471 0.012896 0.00742334 0.33611 9.99912E-05
0.68375 9.99736E-05 9.99736E-05 0.31595 9.99736E-05
0.63198 0.184836 9.99824E-05 0.182984 9.99824E-05
0.221381 0.0546887 9.99912E-05 0.612551 0.11128
0.984779 9.99736E-05 9.99736E-05 0.0149215 9.99736E-05
0.798185 0.0601781 9.99824E-05 0.141437 9.99824E-05
0.453403 9.99824E-05 9.99824E-05 0.375221 0.171176
0.879563 0.120138 9.99737E-05 9.99737E-05 9.99737E-05
0.115628 0.228261 9.99824E-05 0.655912 9.99824E-05
0.526802 0.00532525 9.99912E-05 0.332679 0.135093
0.817968 9.99824E-05 9.99824E-05 0.0776437 0.104189
0.436305 9.99736E-05 9.99736E-05 0.563395 9.99736E-05
0.631957 0.0776709 9.99912E-05 0.191147 0.0991261
0.804121 9.99737E-05 9.99737E-05 0.195579 9.99737E-05
0.659084 9.99824E-05 9.99824E-05 0.141943 0.198774
0.760153 9.99737E-05 9.99737E-05 0.239547 9.99737E-05
0.700677 9.99825E-05 0.0330327 0.26609 9.99825E-05
0.758012 0.175841 9.99912E-05 0.0525209 0.013526
0.584651 0.0582132 9.99824E-05 0.356936 9.99824E-05
0.241895 0.175947 9.99912E-05 0.545966 0.0360918
0.0487548 0.159629 9.99912E-05 0.784519 0.00699778
0.137776 0.24863 9.99824E-05 0.613394 9.99824E-05
0.191251 0.0429254 9.99912E-05 0.679879 0.0858439
0.138731 0.157828 9.99912E-05 0.5248 0.178541
0.112994 9.99825E-05 0.23991 0.646895 9.99825E-05
0.113513 9.99824E-05 9.99824E-05 0.746655 0.139633
0.120861 0.133608 9.99912E-05 0.656039 0.0893924
0.133505 9.99912E-05 0.252744 0.463391 0.15026
0.114523 0.078892 9.99824E-05 0.806385 9.99824E-05
0.198472 0.0834386 9.99912E-05 0.535139 0.18285
9.99825E-05 0.170767 0.0273676 0.801666 9.99825E-05
0.211599 0.223376 9.99824E-05 0.564824 9.99824E-05
0.0127025 9.99825E-05 0.316605 0.670493 9.99825E-05
0.0822145 9.99912E-05 0.0301172 0.702632 0.184936
0.199789 0.124611 9.99824E-05 0.6754 9.99824E-05
0.0963121 9.99824E-05 9.99824E-05 0.830449 0.0730393
9.99737E-05 0.108486 9.99737E-05 0.891214 9.99737E-05
9.99825E-05 0.162991 9.99825E-05 0.6237 0.213109
0.0209096 0.155971 9.99825E-05 0.822919 9.99825E-05
0.0613061 9.99825E-05 9.99825E-05 0.851581 0.0869131
0.101186 0.0979132 0.113942 0.686859 9.99912E-05
9.99912E-05 0.0610641 0.00804085 0.778316 0.152479
0.238339 9.99824E-05 9.99824E-05 0.751372 0.010089
0.0520141 9.99737E-05 9.99737E-05 0.947686 9.99737E-05
0.15106 9.99736E-05 9.99736E-05 0.84864 9.99736E-05
9.997E-05 9.997E-05 9.997E-05 0.9996 9.997E-05
9.997E-05 9.997E-05 9.997E-05 0.9996 9.997E-05
0.0709774 9.99737E-05 9.99737E-05 0.928723 9.99737E-05
0.161859 9.99736E-05 9.99736E-05 0.837841 9.99736E-05
0.0869709 9.99737E-05 9.99737E-05 0.912729 9.99737E-05
0.180044 9.99736E-05 9.99736E-05 0.819656 9.99736E-05
0.155689 9.99736E-05 9.99736E-05 0.844011 9.99736E-05
9.99736E-05 9.99736E-05 9.99736E-05 0.929773 0.0699271
0.0615019 9.99737E-05 9.99737E-05 0.938198 9.99737E-05
0.112108 9.99824E-05 9.99824E-05 0.874535 0.0131573
0.302028 9.99737E-05 9.99737E-05 0.697672 9.99737E-05
0.0244613 9.99737E-05 9.99737E-05 0.975239 9.99737E-05
0.285717 9.99737E-05 9.99737E-05 0.713984 9.99737E-05
0.189254 9.99824E-05 9.99824E-05 0.749529 0.0610163
0.14376 9.99737E-05 9.99737E-05 0.85594 9.99737E-05
0.14904 9.99736E-05 9.99736E-05 0.85066 9.99736E-05
0.16208 9.99825E-05 9.99825E-05 0.811568 0.026152
0.315181 9.99736E-05 9.99736E-05 0.684519 9.99736E-05
9.997E-05 9.997E-05 9.997E-05 0.9996 9.997E-05
0.306399 9.99736E-05 9.99736E-05 0.693301 9.99736E-05
0.745496 0.0505842 9.99825E-05 0.203719 9.99825E-05
0.0706767 0.0366954 9.99825E-05 0.892428 9.99825E-05
0.0967821 9.99737E-05 9.99737E-05 0.902918 9.99737E-05
0.132624 0.119575 9.99824E-05 0.747601 9.99824E-05
0.0659287 9.99737E-05 9.99737E-05 0.933771 9.99737E-05
0.241127 9.99736E-05 9.99736E-05 0.758573 9.99736E-05
0.119386 9.99737E-05 9.99737E-05 0.880314 9.99737E-05
0.042062 9.99825E-05 9.99825E-05 0.93737 0.0203681
9.997E-05 9.997E-05 9.997E-05 0.9996 9.997E-05
0.087538 9.99737E-05 9.99737E-05 0.912162 9.99737E-05
0.035951 9.99737E-05 9.99737E-05 0.963749 9.99737E-05
0.0293755 9.99824E-05 9.99824E-05 0.901725 0.0686993
0.0468315 9.99736E-05 9.99736E-05 0.952869 9.99736E-05
0.195519 9.99736E-05 9.99736E-05 0.804181 9.99736E-05
9.997E-05 9.997E-05 9.997E-05 0.9996 9.997E-05
0.0795479 9.99736E-05 9.99736E-05 0.920152 9.99736E-05
0.19036 9.99737E-05 9.99737E-05 0.80934 9.99737E-05
9.997E-05 9.997E-05 9.997E-05 0.9996 9.997E-05
9.997E-05 9.997E-05 9.997E-05 0.9996 9.997E-05
0.177742 9.99824E-05 9.99824E-05 0.819969 0.00208965
0.0158714 9.99824E-05 9.99824E-05 0.981868 0.00206087
9.99912E-05 0.379096 0.0745523 0.408116 0.138136
0.123948 0.527547 0.0188059 0.3296 9.99912E-05
0.314953 0.49117 9.99912E-05 0.00794234 0.185835
9.99912E-05 0.394378 0.0327591 0.376684 0.196079
0.068186 0.31058 0.0228215 0.44908 0.149332
9.99912E-05 0.207467 0.00195358 0.489032 0.301447
0.0141517 0.477682 0.0550058 0.410734 0.0424271
9.99824E-05 0.233646 9.99824E-05 0.569136 0.197018
0.528189 0.266675 9.99912E-05 0.115857 0.0891794
9.99912E-05 0.169111 0.0345478 0.343543 0.452699
0.024586 0.291943 9.99912E-05 0.474458 0.208913
0.112627 0.438382 9.99912E-05 0.272428 0.176463
0.0380826 0.341956 0.000420347 0.417321 0.20222
0.0166348 0.242262 0.0321124 0.518512 0.190479
9.99912E-05 0.444444 0.0476016 0.380892 0.126963
0.0254771 0.242158 9.99912E-05 0.471921 0.260344
9.99824E-05 0.215516 9.99824E-05 0.641629 0.142655
0.195309 0.34737 9.99912E-05 0.378985 0.0782366
0.174521 0.142107 9.99912E-05 0.372392 0.31088
0.0144437 0.12121 0.0563115 0.505364 0.302671
9.997E-05 9.997E-05 9.997E-05 9.997E-05 0.9996
9.997E-05 9.997E-05 9.997E-05 9.997E-05 0.9996
9.997E-05 9.997E-05 9.997E-05 9.997E-05 0.9996
9.997E-05 9.997E-05 9.997E-05 9.997E-05 0.9996
9.997E-05 9.997E-05 9.997E-05 9.997E-05 0.9996
9.997E-05 9.997E-05 9.997E-05 9.997E-05 0.9996
9.997E-05 9.997E-05 9.997E-05 9.997E-05 0.9996
9.997E-05 9.997E-05 9.997E-05 9.997E-05 0.9996
9.997E-05 9.997E-05 9.997E-05 9.997E-05 0.9996
9.997E-05 9.997E-05 9.997E-05 9.997E-05 0.9996
9.997E-05 9.997E-05 9.997E-05 9.997E-05 0.9996
9.997E-05 9.997E-05 9.997E-05 9.997E-05 0.9996
9.997E-05 9.997E-05 9.997E-05 9.997E-05 0.9996
9.997E-05 9.997E-05 9.997E-05 9.997E-05 0.9996
9.997E-05 9.997E-05 9.997E-05 9.997E-05 0.9996
9.997E-05 9.997E-05 9.997E-05 9.997E-05 0.9996
9.997E-05 9.997E-05 9.997E-05 9.997E-05 0.9996
9.997E-05 9.997E-05 9.997E-05 9.997E-05 0.9996
9.997E-05 9.997E-05 9.997E-05 9.997E-05 0.9996
9.997E-05 9.997E-05 9.997E-05 9.997E-05 0.9996
9.997E-05 9.997E-05 9.997E-05 9.997E-05 0.9996
9.997E-05 9.997E-05 9.997E-05 9.997E-05 0.9996
9.997E-05 9.997E-05 9.997E-05 9.997E-05 0.9996
9.997E-05 9.997E-05 9.997E-05 9.997E-05 0.9996
9.997E-05 9.997E-05 9.997E-05 9.997E-05 0.9996
9.997E-05 9.997E-05 9.997E-05 9.997E-05 0.9996
9.997E-05 9.997E-05 9.997E-05 9.997E-05 0.9996
9.997E-05 9.997E-05 9.997E-05 9.997E-05 0.9996
9.997E-05 9.997E-05 9.997E-05 9.997E-05 0.9996
9.997E-05 9.997E-05 9.997E-05 9.997E-05 0.9996
9.997E-05 9.997E-05 9.997E-05 9.997E-05 0.9996
9.997E-05 9.997E-05 9.997E-05 9.997E-05 0.9996
9.997E-05 9.997E-05 9.997E-05 9.997E-05 0.9996
9.997E-05 9.997E-05 9.997E-05 9.997E-05 0.9996
9.997E-05 9.997E-05 9.997E-05 9.997E-05 0.9996
9.997E-05 9.997E-05 9.997E-05 9.997E-05 0.9996
9.997E-05 9.997E-05 9.997E-05 9.997E-05 0.9996
9.997E-05 9.997E-05 9.997E-05 9.997E-05 0.9996
9.997E-05 9.997E-05 9.997E-05 9.997E-05 0.9996
9.997E-05 9.997E-05 9.997E-05 9.997E-05 0.9996
9.997E-05 9.997E-05 9.997E-05 9.997E-05 0.9996
9.997E-05 9.997E-05 9.997E-05 9.997E-05 0.9996
9.997E-05 9.997E-05 9.997E-05 9.997E-05 0.9996
9.997E-05 9.997E-05 9.997E-05 9.997E-05 0.9996
9.997E-05 9.997E-05 9.997E-05 9.997E-05 0.9996
9.997E-05 9.997E-05 9.997E-05 9.997E-05 0.9996
9.997E-05 9.997E-05 9.997E-05 9.997E-05 0.9996
9.997E-05 9.997E-05 9.997E-05 9.997E-05 0.9996
9.997E-05 9.997E-05 9.997E-05 9.997E-05 0.9996
9.997E-05 9.997E-05 9.997E-05 9.997E-05 0.9996
9.997E-05 9.997E-05 9.997E-05 9.997E-05 0.9996
9.997E-05 9.997E-05 9.997E-05 9.997E-05 0.9996
9.997E-05 9.997E-05 9.997E-05 9.997E-05 0.9996
9.997E-05 9.997E-05 9.997E-05 9.997E-05 0.9996
9.997E-05 9.997E-05 9.997E-05 9.997E-05 0.9996
9.997E-05 9.997E-05 9.997E-05 9.997E-05 0.9996
9.997E-05 9.997E-05 9.997E-05 9.997E-05 0.9996
9.997E-05 9.997E-05 9.997E-05 9.997E-05 0.9996
9.997E-05 9.997E-05 9.997E-05 9.997E-05 0.9996
9.997E-05 9.997E-05 9.997E-05 9.997E-05 0.9996
9.997E-05 9.997E-05 9.997E-05 9.997E-05 0.9996
9.997E-05 9.997E-05 9.997E-05 9.997E-05 0.9996
9.997E-05 9.997E-05 9.997E-05 9.997E-05 0.9996
9.997E-05 9.997E-05 9.997E-05 9.997E-05 0.9996
9.997E-05 9.997E-05 9.997E-05 9.997E-05 0.9996
9.997E-05 9.997E-05 9.997E-05 9.997E-05 0.9996
9.997E-05 9.997E-05 9.997E-05 9.997E-05 0.9996
9.997E-05 9.997E-05 9.997E-05 9.997E-05 0.9996
9.997E-05 9.997E-05 9.997E-05 9.997E-05 0.9996
9.997E-05 9.997E-05 9.997E-05 9.997E-05 0.9996
9.997E-05 9.997E-05 9.997E-05 9.997E-05 0.9996
9.997E-05 9.997E-05 9.997E-05 9.997E-05 0.9996
9.997E-05 9.997E-05 9.997E-05 9.997E-05 0.9996
9.99736E-05 0.089714 9.99736E-05 9.99736E-05 0.909986
9.997E-05 9.997E-05 9.997E-05 9.997E-05 0.9996
9.99736E-05 0.0151088 9.99736E-05 9.99736E-05 0.984591
9.997E-05 9.997E-05 9.997E-05 9.997E-05 0.9996
9.99736E-05 0.00876348 9.99736E-05 9.99736E-05 0.990937
9.997E-05 9.997E-05 9.997E-05 9.997E-05 0.9996
9.997E-05 9.997E-05 9.997E-05 9.997E-05 0.9996
9.997E-05 9.997E-05 9.997E-05 9.997E-05 0.9996
9.997E-05 9.997E-05 9.997E-05 9.997E-05 0.9996
9.997E-05 9.997E-05 9.997E-05 9.997E-05 0.9996
9.997E-05 9.997E-05 9.997E-05 9.997E-05 0.9996
9.997E-05 9.997E-05 9.997E-05 9.997E-05 0.9996
9.997E-05 9.997E-05 9.997E-05 9.997E-05 0.9996
9.997E-05 9.997E-05 9.997E-05 9.997E-05 0.9996
9.99736E-05 0.00473787 9.99736E-05 9.99736E-05 0.994962
9.997E-05 9.997E-05 9.997E-05 9.997E-05 0.9996
9.99736E-05 0.0989764 9.99736E-05 9.99736E-05 0.900724
9.997E-05 9.997E-05 9.997E-05 9.997E-05 0.9996
9.997E-05 9.997E-05 9.997E-05 9.997E-05 0.9996
9.997E-05 9.997E-05 9.997E-05 9.997E-05 0.9996
9.997E-05 9.997E-05 9.997E-05 9.997E-05 0.9996
9.997E-05 9.997E-05 9.997E-05 9.997E-05 0.9996
9.997E-05 9.997E-05 9.997E-05 9.997E-05 0.9996
9.997E-05 9.997E-05 9.997E-05 9.997E-05 0.9996
9.99736E-05 0.177617 9.99736E-05 9.99736E-05 0.822083
9.997E-05 9.997E-05 9.997E-05 9.997E-05 0.9996
9.99736E-05 0.0843205 9.99736E-05 9.99736E-05 0.91538
9.997E-05 9.997E-05 9.997E-05 9.997E-05 0.9996
9.997E-05 9.997E-05 9.997E-05 9.997E-05 0.9996
9.997E-05 9.997E-05 9.997E-05 9.997E-05 0.9996
9.997E-05 9.997E-05 9.997E-05 9.997E-05 0.9996
9.997E-05 9.997E-05 9.997E-05 9.997E-05 0.9996
9.997E-05 9.997E-05 9.997E-05 9.997E-05 0.9996
9.997E-05 9.997E-05 9.997E-05 9.997E-05 0.9996
9.997E-05 9.997E-05 9.997E-05 9.997E-05 0.9996
9.997E-05 9.997E-05 9.997E-05 9.997E-05 0.9996
9.997E-05 9.997E-05 9.997E-05 9.997E-05 0.9996
9.997E-05 9.997E-05 9.997E-05 9.997E-05 0.9996
9.997E-05 9.997E-05 9.997E-05 9.997E-05 0.9996
9.997E-05 9.997E-05 9.997E-05 9.997E-05 0.9996
9.997E-05 9.997E-05 9.997E-05 9.997E-05 0.9996
9.997E-05 9.997E-05 9.997E-05 9.997E-05 0.9996
9.997E-05 9.997E-05 9.997E-05 9.997E-05 0.9996
9.997E-05 9.997E-05 9.997E-05 9.997E-05 0.9996
9.997E-05 9.997E-05 9.997E-05 9.997E-05 0.9996
9.997E-05 9.997E-05 9.997E-05 9.997E-05 0.9996
9.997E-05 9.997E-05 9.997E-05 9.997E-05 0.9996
9.997E-05 9.997E-05 9.997E-05 9.997E-05 0.9996
9.997E-05 9.997E-05 9.997E-05 9.997E-05 0.9996
9.997E-05 9.997E-05 9.997E-05 9.997E-05 0.9996
9.997E-05 9.997E-05 9.997E-05 9.997E-05 0.9996
9.997E-05 9.997E-05 9.997E-05 9.997E-05 0.9996
9.997E-05 9.997E-05 9.997E-05 9.997E-05 0.9996
9.997E-05 9.997E-05 9.997E-05 9.997E-05 0.9996
9.99824E-05 0.0815825 9.99824E-05 0.0212782 0.896939
9.997E-05 9.997E-05 9.997E-05 9.997E-05 0.9996
9.997E-05 9.997E-05 9.997E-05 9.997E-05 0.9996
9.99736E-05 0.554956 9.99736E-05 9.99736E-05 0.444744
0.00117567 0.436741 9.99824E-05 9.99824E-05 0.561883
9.99736E-05 0.217247 9.99736E-05 9.99736E-05 0.782453
9.99736E-05 0.336562 9.99736E-05 9.99736E-05 0.663138
9.99736E-05 0.444474 9.99736E-05 9.99736E-05 0.555226
9.99736E-05 0.642383 9.99736E-05 9.99736E-05 0.357317
0.00710404 0.400606 9.99824E-05 9.99824E-05 0.59209
9.99736E-05 0.358479 9.99736E-05 9.99736E-05 0.641221
9.99736E-05 0.49922 9.99736E-05 9.99736E-05 0.50048
9.99736E-05 0.472867 9.99736E-05 9.99736E-05 0.526833
9.99736E-05 0.472502 9.99736E-05 9.99736E-05 0.527199
9.99737E-05 0.432388 9.99737E-05 9.99737E-05 0.567312
9.99736E-05 0.114213 9.99736E-05 9.99736E-05 0.885487
9.99736E-05 0.293649 9.99736E-05 9.99736E-05 0.706051
9.99736E-05 0.120655 9.99736E-05 9.99736E-05 0.879045
9.99736E-05 0.175363 9.99736E-05 9.99736E-05 0.824337
9.99736E-05 0.202667 9.99736E-05 9.99736E-05 0.797033
9.99736E-05 0.816877 9.99736E-05 9.99736E-05 0.182823
9.99736E-05 0.651448 9.99736E-05 9.99736E-05 0.348252
0.133251 0.62129 9.99824E-05 9.99824E-05 0.245259
9.99736E-05 0.860948 9.99736E-05 9.99736E-05 0.138752
9.99736E-05 0.744618 9.99736E-05 9.99736E-05 0.255082
9.99736E-05 0.763038 9.99736E-05 9.99736E-05 0.236662
9.997E-05 0.9996 9.997E-05 9.997E-05 9.997E-05
9.99824E-05 0.835524 9.99824E-05 0.0350544 0.129222
0.0578245 0.920083 9.99824E-05 9.99824E-05 0.0218925
9.99736E-05 0.71265 9.99736E-05 9.99736E-05 0.28705
0.145617 0.828092 9.99824E-05 9.99824E-05 0.0260907
0.0514253 0.846184 9.99912E-05 0.0228274 0.0794636
9.99736E-05 0.879823 9.99736E-05 9.99736E-05 0.119877
9.99737E-05 0.926054 9.99737E-05 9.99737E-05 0.0736456
9.99736E-05 0.961207 9.99736E-05 9.99736E-05 0.0384928
0.0940126 0.880456 9.99825E-05 9.99825E-05 0.0253315
9.99736E-05 0.861674 9.99736E-05 9.99736E-05 0.138026
9.99737E-05 0.972756 9.99737E-05 9.99737E-05 0.0269443
0.00486809 0.593426 9.99824E-05 9.99824E-05 0.401506
9.99736E-05 0.961898 9.99736E-05 9.99736E-05 0.0378022
9.99736E-05 0.93186 9.99736E-05 9.99736E-05 0.0678403
9.99736E-05 0.949361 9.99736E-05 9.99736E-05 0.0503388
9.99736E-05 0.941122 9.99736E-05 9.99736E-05 0.0585783
9.99737E-05 0.968139 9.99737E-05 0.0315615 9.99737E-05
9.99736E-05 0.784494 9.99736E-05 9.99736E-05 0.215206
9.99736E-05 0.823092 9.99736E-05 9.99736E-05 0.176608
0.0232982 0.662193 9.99912E-05 0.0197577 0.294651
9.99736E-05 0.686284 9.99736E-05 9.99736E-05 0.313417
9.99736E-05 0.881322 9.99736E-05 9.99736E-05 0.118378
9.99736E-05 0.96497 9.99736E-05 9.99736E-05 0.0347298
9.99736E-05 0.865475 9.99736E-05 9.99736E-05 0.134225
9.99824E-05 0.669362 9.99824E-05 0.0606158 0.269822
9.99824E-05 0.544155 9.99824E-05 0.13822 0.317425
9.99736E-05 0.937313 9.99736E-05 9.99736E-05 0.0623875
9.997E-05 0.9996 9.997E-05 9.997E-05 9.997E-05
9.99737E-05 0.897215 9.99737E-05 9.99737E-05 0.102485
9.99736E-05 0.952649 9.99736E-05 9.99736E-05 0.0470508
9.99736E-05 0.784631 9.99736E-05 9.99736E-05 0.215069
9.99736E-05 0.986857 9.99736E-05 9.99736E-05 0.0128427
9.99736E-05 0.853459 9.99736E-05 9.99736E-05 0.146241
9.99824E-05 0.609087 9.99824E-05 0.160112 0.2306
9.99736E-05 0.928532 9.99736E-05 9.99736E-05 0.0711683
9.99824E-05 0.972094 9.99824E-05 0.00494351 0.0227628
9.99824E-05 0.851183 9.99824E-05 0.124807 0.0238101
9.99736E-05 0.976929 9.99736E-05 9.99736E-05 0.022771
9.99736E-05 0.842913 9.99736E-05 9.99736E-05 0.156787
9.997E-05 0.9996 9.997E-05 9.997E-05 9.997E-05
9.99737E-05 0.733215 9.99737E-05 9.99737E-05 0.266485
9.99736E-05 0.833912 9.99736E-05 9.99736E-05 0.165788
9.99736E-05 0.976833 9.99736E-05 9.99736E-05 0.0228667
0.013088 0.614377 9.99912E-05 0.149601 0.222834
0.00264188 0.699011 9.99912E-05 0.115788 0.18246
9.99736E-05 0.82165 9.99736E-05 9.99736E-05 0.17805
9.99736E-05 0.942584 9.99736E-05 9.99736E-05 0.057116
0.00778492 0.582613 9.99912E-05 0.144135 0.265367
0.0121979 0.663823 9.99912E-05 0.015793 0.308086
9.99824E-05 0.935 9.99824E-05 0.0198982 0.0449023
9.99736E-05 0.976464 9.99736E-05 0.0232362 9.99736E-05
9.99736E-05 0.966118 9.99736E-05 0.0335821 9.99736E-05
9.99824E-05 0.905329 9.99824E-05 0.00773327 0.0867378
9.99736E-05 0.803727 9.99736E-05 9.99736E-05 0.195973
9.99736E-05 0.83739 9.99736E-05 9.99736E-05 0.162311
9.997E-05 0.9996 9.997E-05 9.997E-05 9.997E-05
9.99736E-05 0.993476 9.99736E-05 9.99736E-05 0.0062239
0.0080601 0.604525 9.99912E-05 0.210153 0.177163
9.99736E-05 0.852789 9.99736E-05 9.99736E-05 0.146912
9.99824E-05 0.896756 9.99824E-05 0.00708586 0.0959579
9.99736E-05 0.738883 9.99736E-05 9.99736E-05 0.260817
9.997E-05 0.9996 9.997E-05 9.997E-05 9.997E-05
0.0070868 0.948115 9.99824E-05 0.0445982 9.99824E-05
9.997E-05 0.9996 9.997E-05 9.997E-05 9.997E-05
0.00853802 0.63536 9.99912E-05 0.146808 0.209193
9.99736E-05 0.85475 9.99736E-05 9.99736E-05 0.14495
0.101276 0.861528 9.99824E-05 9.99824E-05 0.036996
9.99825E-05 0.896928 9.99825E-05 0.085188 0.0176837
9.99737E-05 0.577022 9.99737E-05 9.99737E-05 0.422678
9.99736E-05 0.905045 9.99736E-05 9.99736E-05 0.0946552
9.99737E-05 0.861375 9.99737E-05 9.99737E-05 0.138325
9.99736E-05 0.743166 9.99736E-05 9.99736E-05 0.256534
9.99736E-05 0.649186 9.99736E-05 9.99736E-05 0.350514
9.99824E-05 0.654625 9.99824E-05 0.192906 0.15227
9.99824E-05 0.677858 9.99824E-05 0.174287 0.147655
9.99736E-05 0.833545 9.99736E-05 9.99736E-05 0.166155
9.99736E-05 0.990086 9.99736E-05 9.99736E-05 0.00961377
9.99737E-05 0.863477 9.99737E-05 9.99737E-05 0.136224
0.0611463 0.766267 9.99824E-05 9.99824E-05 0.172386
9.99736E-05 0.673502 9.99736E-05 9.99736E-05 0.326198
0.0445327 0.659286 9.99912E-05 0.0569527 0.239128
0.0772156 0.832133 9.99824E-05 9.99824E-05 0.0904514
0.0954156 0.740666 9.99824E-05 9.99824E-05 0.163718
9.99737E-05 0.852714 9.99737E-05 9.99737E-05 0.146986
9.99736E-05 0.987368 9.99736E-05 9.99736E-05 0.0123317
9.99736E-05 0.959993 9.99736E-05 9.99736E-05 0.0397071
0.0361132 0.824343 9.99824E-05 9.99824E-05 0.139344
9.99737E-05 0.946403 9.99737E-05 9.99737E-05 0.053297
9.99736E-05 0.58509 9.99736E-05 9.99736E-05 0.41461
9.99736E-05 0.747484 9.99736E-05 9.99736E-05 0.252216
9.99736E-05 0.72556 9.99736E-05 9.99736E-05 0.27414
9.99736E-05 0.744797 9.99736E-05 9.99736E-05 0.254903
9.99736E-05 0.81753 9.99736E-05 9.99736E-05 0.18217
9.99737E-05 0.868489 9.99737E-05 9.99737E-05 0.131211
9.99736E-05 0.965504 9.99736E-05 9.99736E-05 0.0341961
9.99737E-05 0.744865 9.99737E-05 9.99737E-05 0.254836
9.99825E-05 0.843315 9.99825E-05 0.0742613 0.0822233
9.99737E-05 0.773347 9.99737E-05 9.99737E-05 0.226353
9.997E-05 0.9996 9.997E-05 9.997E-05 9.997E-05
9.99736E-05 0.852092 9.99736E-05 9.99736E-05 0.147608
0.0821286 0.917571 9.99737E-05 9.99737E-05 9.99737E-05
9.99736E-05 0.828313 9.99736E-05 9.99736E-05 0.171387
9.99736E-05 0.875383 9.99736E-05 9.99736E-05 0.124317
0.0101104 0.792522 9.99824E-05 9.99824E-05 0.197168
0.0283037 0.780492 9.99824E-05 9.99824E-05 0.191004
9.99736E-05 0.904945 9.99736E-05 9.99736E-05 0.0947551
9.99824E-05 0.692601 9.99824E-05 0.00362898 0.30357
9.99736E-05 0.954454 9.99736E-05 9.99736E-05 0.0452458
9.99736E-05 0.994616 9.99736E-05 9.99736E-05 0.00508393
0.00334712 0.807919 9.99912E-05 0.0359418 0.152692
9.99737E-05 0.874882 9.99737E-05 9.99737E-05 0.124818
9.99737E-05 0.798864 9.99737E-05 9.99737E-05 0.200837
9.99736E-05 0.949927 9.99736E-05 9.99736E-05 0.0497733
9.99736E-05 0.986417 9.99736E-05 9.99736E-05 0.0132829
9.99737E-05 0.388634 9.99737E-05 9.99737E-05 0.611066
9.99737E-05 0.892804 9.99737E-05 9.99737E-05 0.106896
9.99736E-05 0.766907 9.99736E-05 9.99736E-05 0.232793
9.99736E-05 0.874272 9.99736E-05 9.99736E-05 0.125428
0.0111568 0.96693 9.99824E-05 9.99824E-05 0.0217137
9.99737E-05 0.945076 9.99737E-05 0.0546238 9.99737E-05
9.99736E-05 0.835741 9.99736E-05 9.99736E-05 0.163959
9.99736E-05 0.741722 9.99736E-05 9.99736E-05 0.257978
9.99736E-05 0.771846 9.99736E-05 9.99736E-05 0.227854
0.127891 0.784458 9.99824E-05 9.99824E-05 0.0874512
9.99736E-05 0.872846 9.99736E-05 9.99736E-05 0.126854
9.99736E-05 0.811276 9.99736E-05 9.99736E-05 0.188424
9.99736E-05 0.819698 9.99736E-05 9.99736E-05 0.180002
0.062983 0.922055 9.99824E-05 9.99824E-05 0.014762
9.99736E-05 0.994183 9.99736E-05 9.99736E-05 0.00551659
9.99737E-05 0.650828 9.99737E-05 9.99737E-05 0.348872
9.99736E-05 0.928598 9.99736E-05 9.99736E-05 0.0711022
9.99737E-05 0.917427 9.99737E-05 9.99737E-05 0.0822731
0.0967024 0.902998 9.99736E-05 9.99736E-05 9.99736E-05
0.0042012 0.755755 9.99824E-05 9.99824E-05 0.239844
9.99736E-05 0.871805 9.99736E-05 9.99736E-05 0.127895
9.997E-05 0.9996 9.997E-05 9.997E-05 9.997E-05
9.997E-05 0.9996 9.997E-05 9.997E-05 9.997E-05
9.99736E-05 0.590479 9.99736E-05 9.99736E-05 0.409221
9.99736E-05 0.706444 9.99736E-05 9.99736E-05 0.293256
9.997E-05 0.9996 9.997E-05 9.997E-05 9.997E-05
9.99736E-05 0.615779 9.99736E-05 9.99736E-05 0.383922
9.99736E-05 0.604452 9.99736E-05 9.99736E-05 0.395248
9.99736E-05 0.767381 9.99736E-05 9.99736E-05 0.232319
9.99824E-05 0.490305 9.99824E-05 0.00923734 0.500257
9.99736E-05 0.901204 9.99736E-05 9.99736E-05 0.0984963
9.99736E-05 0.869401 9.99736E-05 9.99736E-05 0.130299
9.99736E-05 0.657686 9.99736E-05 9.99736E-05 0.342014
9.99736E-05 0.47989 9.99736E-05 9.99736E-05 0.51981
9.99736E-05 0.852934 9.99736E-05 9.99736E-05 0.146766
9.997E-05 0.9996 9.997E-05 9.997E-05 9.997E-05
9.99736E-05 0.747483 9.99736E-05 9.99736E-05 0.252218
0.0215913 0.821289 9.99824E-05 9.99824E-05 0.15692
9.99736E-05 0.785451 9.99736E-05 9.99736E-05 0.214249
9.99736E-05 0.564317 9.99736E-05 9.99736E-05 0.435383
9.99736E-05 0.91278 9.99736E-05 9.99736E-05 0.0869202
9.99737E-05 0.942762 9.99737E-05 9.99737E-05 0.0569378
9.99736E-05 0.676719 9.99736E-05 9.99736E-05 0.322981
9.99736E-05 0.844023 9.99736E-05 9.99736E-05 0.155677
9.99736E-05 0.608561 9.99736E-05 9.99736E-05 0.391139
9.99736E-05 0.552953 9.99736E-05 9.99736E-05 0.446747
9.99736E-05 0.649089 9.99736E-05 9.99736E-05 0.350611
9.99737E-05 0.26716 9.99737E-05 9.99737E-05 0.73254
9.99736E-05 0.86152 9.99736E-05 9.99736E-05 0.13818
9.99737E-05 0.346886 9.99737E-05 9.99737E-05 0.652814
9.99736E-05 0.934627 9.99736E-05 9.99736E-05 0.0650733
0.138829 0.824278 9.99825E-05 9.99825E-05 0.0366923
9.99736E-05 0.950605 9.99736E-05 9.99736E-05 0.0490948
9.99824E-05 0.843289 9.99824E-05 0.017717 0.138794
9.997E-05 0.9996 9.997E-05 9.997E-05 9.997E-05
9.99824E-05 0.868912 9.99824E-05 0.0265529 0.104335
0.136601 0.825871 9.99824E-05 9.99824E-05 0.0373281
9.99736E-05 0.82087 9.99736E-05 9.99736E-05 0.17883
9.99736E-05 0.770999 9.99736E-05 9.99736E-05 0.228701
9.99737E-05 0.701212 9.99737E-05 9.99737E-05 0.298489
9.99736E-05 0.853242 9.99736E-05 9.99736E-05 0.146458
9.99737E-05 0.849919 9.99737E-05 9.99737E-05 0.149781
9.99736E-05 0.953781 9.99736E-05 9.99736E-05 0.0459195
9.997E-05 0.9996 9.997E-05 9.997E-05 9.997E-05
9.99736E-05 0.916644 9.99736E-05 9.99736E-05 0.0830564
9.99736E-05 0.922134 9.99736E-05 9.99736E-05 0.0775658
9.997E-05 0.9996 9.997E-05 9.997E-05 9.997E-05
0.0246639 0.975036 9.99736E-05 9.99736E-05 9.99736E-05
9.99737E-05 0.624636 9.99737E-05 9.99737E-05 0.375064
9.99736E-05 0.981327 9.99736E-05 9.99736E-05 0.0183729
0.0432398 0.95646 9.99736E-05 9.99736E-05 9.99736E-05
9.99736E-05 0.733433 9.99736E-05 9.99736E-05 0.266267
0.100972 0.898728 9.99737E-05 9.99737E-05 9.99737E-05
9.997E-05 0.9996 9.997E-05 9.997E-05 9.997E-05
9.99736E-05 0.916766 9.99736E-05 9.99736E-05 0.0829341
