0.0230671 9.99473E-05 9.99473E-05 0.0789908 0.506888 9.99473E-05 0.143683 0.110058 9.99473E-05 0.136713 9.99473E-05 9.99473E-05
9.99473E-05 9.99473E-05 0.000761736 9.99473E-05 0.768896 9.99473E-05 0.0197366 0.0187039 0.0226937 0.168608 9.99473E-05 9.99473E-05
9.9921E-05 9.9921E-05 0.0457414 9.9921E-05 0.879449 9.9921E-05 0.0739102 9.9921E-05 9.9921E-05 9.9921E-05 9.9921E-05 9.9921E-05
0.373758 0.00849884 0.0508306 9.99561E-05 0.27501 0.0937043 0.0706073 0.127091 9.99561E-05 9.99561E-05 9.99561E-05 9.99561E-05
9.99197E-05 9.99197E-05 0.202128 9.99197E-05 0.796873 9.99197E-05 9.99197E-05 9.99197E-05 9.99197E-05 9.99197E-05 9.99197E-05 9.99197E-05
0.267076 0.0086733 0.00837481 9.99649E-05 0.322962 0.239107 0.0382102 9.99649E-05 9.99649E-05 0.0535011 0.0616955 9.99649E-05
0.248213 9.99561E-05 9.99561E-05 0.0545804 0.321041 9.99561E-05 0.0511582 0.149113 9.99561E-05 0.168396 9.99561E-05 0.00699827
0.153027 9.99649E-05 0.133101 9.99649E-05 0.254566 0.171895 9.99649E-05 0.0117385 9.99649E-05 0.0636869 0.109644 0.101941
9.99298E-05 9.99298E-05 9.99298E-05 0.228345 0.262756 0.259589 0.24851 9.99298E-05 9.99298E-05 9.99298E-05 9.99298E-05 9.99298E-05
9.99121E-05 9.99121E-05 9.99121E-05 9.99121E-05 0.913951 9.99121E-05 0.0850499 9.99121E-05 9.99121E-05 9.99121E-05 9.99121E-05 9.99121E-05
0.00943209 9.99385E-05 9.99385E-05 9.99385E-05 0.519445 0.0370382 0.252293 0.181092 9.99385E-05 9.99385E-05 9.99385E-05 9.99385E-05
0.0450878 9.99561E-05 0.0101425 9.99561E-05 0.86457 0.0335641 0.00330721 0.0241903 9.99561E-05 9.99561E-05 9.99561E-05 0.018638
9.9921E-05 9.9921E-05 0.0293353 9.9921E-05 0.86322 9.9921E-05 0.106545 9.9921E-05 9.9921E-05 9.9921E-05 9.9921E-05 9.9921E-05
9.99386E-05 0.163321 9.99386E-05 9.99386E-05 0.63877 9.99386E-05 0.0764981 0.0656738 9.99386E-05 9.99386E-05 9.99386E-05 0.0550373
9.99561E-05 0.0462673 9.99561E-05 0.108161 0.322064 0.171995 0.26413 9.99561E-05 0.053762 0.0331195 9.99561E-05 9.99561E-05
0.173753 9.99473E-05 9.99473E-05 9.99473E-05 0.27024 0.209168 0.213237 0.0245949 9.99473E-05 9.99473E-05 9.99473E-05 0.108408
0.0370344 0.051529 0.0321526 9.99737E-05 0.629059 9.99737E-05 0.033952 0.05747 0.00451414 0.131492 9.99737E-05 0.0224972
0.0478364 9.99649E-05 0.0177757 0.0146926 0.29342 0.0896631 0.24321 9.99649E-05 0.0980836 9.99649E-05 0.194919 9.99649E-05
0.19325 9.99473E-05 9.99473E-05 9.99473E-05 0.377346 0.188815 0.188326 9.99473E-05 0.000610132 9.99473E-05 0.0510527 9.99473E-05
9.9921E-05 9.9921E-05 9.9921E-05 9.9921E-05 0.94613 0.00454982 9.9921E-05 9.9921E-05 0.048421 9.9921E-05 9.9921E-05 9.9921E-05
0.149298 9.99649E-05 0.125192 9.99649E-05 0.420434 0.0961408 0.070187 0.0893732 0.0211418 9.99649E-05 9.99649E-05 0.0278339
0.131907 0.0241337 0.215744 9.99473E-05 0.373786 0.19641 9.99473E-05 0.0574195 9.99473E-05 9.99473E-05 9.99473E-05 9.99473E-05
9.99298E-05 9.99298E-05 9.99298E-05 9.99298E-05 0.713872 9.99298E-05 0.165532 0.0750614 9.99298E-05 0.044736 9.99298E-05 9.99298E-05
0.0398985 9.99473E-05 9.99473E-05 0.0705379 0.447684 0.00156761 0.387568 9.99473E-05 9.99473E-05 9.99473E-05 9.99473E-05 0.0521439
0.0904882 0.0593023 9.99561E-05 9.99561E-05 0.258846 0.0580753 0.332838 0.0512484 0.148703 9.99561E-05 9.99561E-05 9.99561E-05
0.0585824 0.0189783 0.0189768 9.99561E-05 0.705478 0.0348933 0.156176 0.00641603 9.99561E-05 9.99561E-05 9.99561E-05 9.99561E-05
0.0903767 0.167594 9.99737E-05 9.99737E-05 0.0928841 0.0225771 0.217697 0.0281415 9.99737E-05 0.0639322 0.19393 0.122566
0.158703 0.0020718 9.99473E-05 9.99473E-05 0.695029 0.01481 0.066825 9.99473E-05 9.99473E-05 0.061962 9.99473E-05 9.99473E-05
9.99385E-05 9.99385E-05 9.99385E-05 0.0153396 0.670564 9.99385E-05 0.271839 0.0210307 0.0205268 9.99385E-05 9.99385E-05 9.99385E-05
9.99473E-05 0.062386 9.99473E-05 0.00685075 0.80726 0.0495669 0.0687223 0.0046141 9.99473E-05 9.99473E-05 9.99473E-05 9.99473E-05
0.0395076 9.99386E-05 9.99386E-05 9.99386E-05 0.702625 0.0888189 0.0486282 0.119721 9.99386E-05 9.99386E-05 9.99386E-05 9.99386E-05
0.0894197 0.173432 9.99473E-05 9.99473E-05 0.51153 0.0154943 0.123551 0.0859732 9.99473E-05 9.99473E-05 9.99473E-05 9.99473E-05
9.99297E-05 9.99297E-05 9.99297E-05 9.99297E-05 0.609768 9.99297E-05 0.204446 0.101645 9.99297E-05 9.99297E-05 9.99297E-05 0.0833421
0.0889211 0.197534 9.99561E-05 9.99561E-05 0.441425 9.99561E-05 0.188543 0.0376777 9.99561E-05 9.99561E-05 0.0400074 0.00539193
9.99473E-05 9.99473E-05 9.99473E-05 9.99473E-05 0.790374 0.00477486 0.0245413 0.0423245 0.0604586 0.0769268 9.99473E-05 9.99473E-05
0.0903843 9.99473E-05 9.99473E-05 0.0490796 0.692668 0.0612314 9.99473E-05 0.102294 9.99473E-05 0.00374287 9.99473E-05 9.99473E-05
9.9921E-05 9.9921E-05 9.9921E-05 9.9921E-05 0.835017 9.9921E-05 9.9921E-05 9.9921E-05 9.9921E-05 0.0133566 9.9921E-05 0.150727
9.99386E-05 9.99386E-05 9.99386E-05 9.99386E-05 0.599771 0.143157 0.0958805 0.0555239 0.104968 9.99386E-05 9.99386E-05 9.99386E-05
0.00286157 0.0607595 0.103402 9.99649E-05 0.500767 0.0309471 0.175643 0.0357721 9.99649E-05 0.0894484 9.99649E-05 9.99649E-05
9.99298E-05 0.143575 9.99298E-05 9.99298E-05 0.551188 9.99298E-05 0.155546 9.99298E-05 9.99298E-05 9.99298E-05 9.99298E-05 0.148891
0.10167 9.99297E-05 9.99297E-05 9.99297E-05 0.727419 9.99297E-05 0.123391 0.0467205 9.99297E-05 9.99297E-05 9.99297E-05 9.99297E-05
9.99386E-05 9.99386E-05 9.99386E-05 0.0555267 0.733285 0.0470531 0.141413 9.99386E-05 9.99386E-05 0.0220227 9.99386E-05 9.99386E-05
0.0345472 9.99297E-05 9.99297E-05 9.99297E-05 0.850612 9.99297E-05 9.99297E-05 9.99297E-05 9.99297E-05 0.0987479 0.0152933 9.99297E-05
0.126014 9.99561E-05 9.99561E-05 0.0948885 0.416534 0.113962 0.222272 0.0108755 9.99561E-05 0.0149543 9.99561E-05 9.99561E-05
0.27332 9.99386E-05 0.171868 9.99386E-05 0.278849 9.99386E-05 0.259797 0.0154671 9.99386E-05 9.99386E-05 9.99386E-05 9.99386E-05
0.0531863 9.99473E-05 0.0266045 9.99473E-05 0.808057 0.00516947 0.0326407 9.99473E-05 0.0737423 9.99473E-05 9.99473E-05 9.99473E-05
0.0045277 9.99473E-05 9.99473E-05 9.99473E-05 0.763023 0.0380666 0.0987577 0.038641 9.99473E-05 9.99473E-05 0.0563847 9.99473E-05
9.9921E-05 9.9921E-05 9.9921E-05 9.9921E-05 0.983977 9.9921E-05 0.0111789 9.9921E-05 9.9921E-05 9.9921E-05 0.0039451 9.9921E-05
0.119636 9.99297E-05 9.99297E-05 9.99297E-05 0.666156 9.99297E-05 0.193611 0.0197972 9.99297E-05 9.99297E-05 9.99297E-05 9.99297E-05
9.99475E-05 0.00960369 0.204297 9.99475E-05 0.68543 0.0336704 9.99475E-05 9.99475E-05 0.0589024 0.00749622 9.99475E-05 9.99475E-05
9.99649E-05 0.0721644 9.99649E-05 0.00859542 0.304116 0.0471689 0.321686 0.170893 0.0618009 9.99649E-05 9.99649E-05 0.0131746
0.156195 9.99474E-05 0.105229 9.99474E-05 0.617735 0.0371665 9.99474E-05 0.0149558 9.99474E-05 9.99474E-05 9.99474E-05 0.0681192
9.99386E-05 9.99386E-05 9.99386E-05 9.99386E-05 0.833955 0.0937452 0.0511949 9.99386E-05 9.99386E-05 0.0112249 0.00918034 9.99386E-05
9.99562E-05 9.99562E-05 0.0156373 9.99562E-05 0.589798 0.0482421 0.0617734 9.99562E-05 0.0181965 9.99562E-05 0.0127013 0.253152
0.0254884 9.99473E-05 9.99473E-05 0.0888582 0.722634 9.99473E-05 0.125676 9.99473E-05 0.00864169 9.99473E-05 9.99473E-05 0.0281021
9.99298E-05 0.0917049 0.106709 9.99298E-05 0.720709 9.99298E-05 9.99298E-05 9.99298E-05 0.0800777 9.99298E-05 9.99298E-05 9.99298E-05
0.0738076 9.99561E-05 9.99561E-05 9.99561E-05 0.742332 0.0169642 0.00485393 9.99561E-05 9.99561E-05 0.0412569 0.084936 0.0353497
0.00781279 9.99386E-05 9.99386E-05 9.99386E-05 0.830113 9.99386E-05 0.0488243 0.0749143 9.99386E-05 9.99386E-05 9.99386E-05 0.0376359
9.99385E-05 9.99385E-05 0.00959293 9.99385E-05 0.834995 9.99385E-05 0.0318746 0.0412405 9.99385E-05 0.0815972 9.99385E-05 9.99385E-05
0.108778 9.99562E-05 9.99562E-05 9.99562E-05 0.0566843 0.0762279 0.289023 0.0524378 9.99562E-05 0.261348 0.155001 9.99562E-05
0.16819 9.99562E-05 9.99562E-05 0.0423067 0.268852 9.99562E-05 0.0229056 0.00569796 9.99562E-05 0.419314 9.99562E-05 0.0722338
9.99474E-05 9.99474E-05 9.99474E-05 9.99474E-05 0.30253 9.99474E-05 0.0564885 0.0464696 9.99474E-05 0.338975 0.170148 0.0847895
9.99473E-05 0.153771 9.99473E-05 9.99473E-05 9.99473E-05 0.178108 0.108516 9.99473E-05 0.0190251 0.428423 0.111557 9.99473E-05
0.191449 9.99649E-05 9.99649E-05 9.99649E-05 0.160925 0.0814928 0.280278 0.0838795 9.99649E-05 0.135386 0.039099 0.0270913
9.99473E-05 9.99473E-05 9.99473E-05 0.148211 9.99473E-05 0.0690366 0.417174 0.0604482 9.99473E-05 0.292501 0.0120299 9.99473E-05
0.0610799 9.99298E-05 9.99298E-05 9.99298E-05 9.99298E-05 9.99298E-05 0.30929 0.170135 9.99298E-05 0.458696 9.99298E-05 9.99298E-05
0.00880828 9.99561E-05 9.99561E-05 9.99561E-05 9.99561E-05 0.110209 0.259825 0.0118773 9.99561E-05 0.361392 0.22083 0.0265587
9.99474E-05 0.0219513 9.99474E-05 0.0838531 0.214272 9.99474E-05 0.146853 9.99474E-05 9.99474E-05 0.465489 0.0669806 9.99474E-05
0.125123 9.99473E-05 9.99473E-05 9.99473E-05 0.327521 9.99473E-05 0.125034 0.172338 9.99473E-05 0.163254 0.0861297 9.99473E-05
0.0547296 9.99386E-05 9.99386E-05 9.99386E-05 9.99386E-05 0.140904 0.456 0.273584 9.99386E-05 0.0740826 9.99386E-05 9.99386E-05
0.343433 9.99737E-05 0.042374 0.00533646 0.00453405 0.0110897 0.143308 0.193322 9.99737E-05 0.216239 9.99737E-05 0.0400635
0.10758 9.99649E-05 0.115812 9.99649E-05 0.0244707 0.167098 0.132496 0.162592 9.99649E-05 0.201509 9.99649E-05 0.088043
0.130096 9.99473E-05 0.0823464 9.99473E-05 9.99473E-05 0.0198055 0.3541 9.99473E-05 9.99473E-05 0.35618 9.99473E-05 0.0568728
9.99562E-05 0.073493 9.99562E-05 0.00197142 0.294259 9.99562E-05 0.110191 0.104966 9.99562E-05 0.244577 9.99562E-05 0.170043
0.178354 0.0485365 9.99562E-05 9.99562E-05 0.207669 0.0122605 0.211994 0.0608251 9.99562E-05 0.279862 9.99562E-05 9.99562E-05
0.208632 0.0240147 9.99474E-05 9.99474E-05 9.99474E-05 9.99474E-05 0.206123 9.99474E-05 9.99474E-05 0.328 0.194034 0.0385975
0.303803 9.99474E-05 9.99474E-05 9.99474E-05 0.15378 0.133608 0.0944789 0.24125 9.99474E-05 0.0724794 9.99474E-05 9.99474E-05
0.217121 0.0300063 9.99649E-05 9.99649E-05 0.188386 0.0856694 0.149409 0.102625 9.99649E-05 0.0663409 0.160043 9.99649E-05
0.0716611 9.99386E-05 9.99386E-05 9.99386E-05 9.99386E-05 9.99386E-05 0.418085 0.0961393 9.99386E-05 0.266622 9.99386E-05 0.146793
9.99476E-05 9.99476E-05 0.0850092 9.99476E-05 0.235526 9.99476E-05 0.170335 0.00862031 9.99476E-05 0.3263 9.99476E-05 0.17361
0.174535 9.99561E-05 9.99561E-05 9.99561E-05 0.0939478 0.0602556 0.253718 0.0317766 9.99561E-05 0.299382 0.0858848 9.99561E-05
0.0208085 0.166512 9.99737E-05 9.99737E-05 0.183177 9.99737E-05 0.19846 0.100307 0.00166387 0.282959 0.0436932 0.00211881
0.18264 0.0106725 9.99824E-05 0.077161 0.188266 0.0939713 0.167029 0.044414 9.99824E-05 0.100779 0.120834 0.0140329
0.167323 9.99473E-05 9.99473E-05 9.99473E-05 0.274213 0.085663 0.232986 0.209911 9.99473E-05 0.0293044 9.99473E-05 9.99473E-05
9.99474E-05 9.99474E-05 9.99474E-05 9.99474E-05 0.365124 0.0675522 0.145349 0.0693315 0.035991 0.316053 9.99474E-05 9.99474E-05
0.000211555 0.0104228 9.99737E-05 0.09873 0.427606 0.044456 0.0535903 9.99737E-05 9.99737E-05 0.252017 0.102836 0.00983025
0.168295 9.99387E-05 9.99387E-05 0.0364987 0.19605 9.99387E-05 0.227968 9.99387E-05 9.99387E-05 0.370489 9.99387E-05 9.99387E-05
0.0555684 9.99474E-05 9.99474E-05 9.99474E-05 0.266976 0.0813507 0.232345 9.99474E-05 9.99474E-05 0.128146 0.235014 9.99474E-05
9.9965E-05 0.0577524 0.0397642 9.9965E-05 0.31618 0.215569 0.126644 9.9965E-05 0.0250523 0.201248 0.0173896 9.9965E-05
9.99297E-05 0.668617 0.0228107 9.99297E-05 9.99297E-05 0.0939842 0.213789 9.99297E-05 9.99297E-05 9.99297E-05 9.99297E-05 9.99297E-05
9.99299E-05 0.976436 9.99299E-05 9.99299E-05 0.00193377 0.0113234 0.00950715 9.99299E-05 9.99299E-05 9.99299E-05 9.99299E-05 9.99299E-05
9.99385E-05 0.601242 0.119062 9.99385E-05 9.99385E-05 9.99385E-05 0.230209 0.0442075 9.99385E-05 9.99385E-05 0.00458054 9.99385E-05
9.99384E-05 0.5322 9.99384E-05 9.99384E-05 9.99384E-05 0.127909 0.249222 0.0548291 9.99384E-05 9.99384E-05 0.0351399 9.99384E-05
9.99472E-05 0.588998 9.99472E-05 0.0980379 9.99472E-05 0.201611 0.0885126 9.99472E-05 0.0199368 9.99472E-05 9.99472E-05 0.00230397
0.0523591 0.521702 9.99385E-05 9.99385E-05 9.99385E-05 0.197305 0.22516 9.99385E-05 0.00277416 9.99385E-05 9.99385E-05 9.99385E-05
9.99385E-05 0.545098 9.99385E-05 9.99385E-05 9.99385E-05 0.173426 0.199414 0.0535558 9.99385E-05 9.99385E-05 0.0278068 9.99385E-05
9.99297E-05 0.509136 9.99297E-05 9.99297E-05 9.99297E-05 0.293828 0.154751 9.99297E-05 0.0414857 9.99297E-05 9.99297E-05 9.99297E-05
9.99473E-05 0.133255 9.99473E-05 9.99473E-05 9.99473E-05 0.389929 0.0990964 0.0684396 9.99473E-05 0.29344 9.99473E-05 0.01524
9.99385E-05 0.322323 9.99385E-05 9.99385E-05 9.99385E-05 0.276329 0.348904 0.00891013 9.99385E-05 9.99385E-05 0.0428347 9.99385E-05
9.99386E-05 0.698698 9.99386E-05 9.99386E-05 9.99386E-05 0.029977 0.00437789 0.0317878 9.99386E-05 0.23446 9.99386E-05 9.99386E-05
9.99385E-05 0.725406 9.99385E-05 9.99385E-05 9.99385E-05 0.00497815 0.0766309 0.10527 9.99385E-05 0.0870155 9.99385E-05 9.99385E-05
9.99122E-05 0.774418 9.99122E-05 9.99122E-05 9.99122E-05 0.224583 9.99122E-05 9.99122E-05 9.99122E-05 9.99122E-05 9.99122E-05 9.99122E-05
9.99386E-05 0.447197 9.99386E-05 0.0587392 9.99386E-05 0.279086 0.210664 9.99386E-05 9.99386E-05 0.00361468 9.99386E-05 9.99386E-05
9.99298E-05 0.639179 9.99298E-05 9.99298E-05 9.99298E-05 0.0939724 9.99298E-05 9.99298E-05 9.99298E-05 9.99298E-05 0.197586 0.0684629
9.99561E-05 0.512598 9.99561E-05 9.99561E-05 9.99561E-05 0.025248 0.235466 0.0745344 0.026631 0.110844 9.99561E-05 0.0141786
9.99385E-05 0.493816 9.99385E-05 9.99385E-05 9.99385E-05 0.0488394 0.184937 9.99385E-05 0.0688949 0.202813 9.99385E-05 9.99385E-05
9.99386E-05 0.58907 0.121996 9.99386E-05 9.99386E-05 0.232726 0.0157723 0.0397355 9.99386E-05 9.99386E-05 9.99386E-05 9.99386E-05
9.99297E-05 0.810641 0.0651176 9.99297E-05 9.99297E-05 0.0673531 9.99297E-05 0.0560884 9.99297E-05 9.99297E-05 9.99297E-05 9.99297E-05
0.0132237 0.646691 9.99474E-05 9.99474E-05 9.99474E-05 0.106596 0.133872 0.000654594 0.0983621 9.99474E-05 9.99474E-05 9.99474E-05
0.0424594 0.621395 0.0940682 9.99473E-05 9.99473E-05 0.124692 0.0933079 9.99473E-05 9.99473E-05 0.0234778 9.99473E-05 9.99473E-05
9.99473E-05 0.648638 0.00399398 9.99473E-05 9.99473E-05 0.127941 0.0754083 0.0677846 9.99473E-05 9.99473E-05 0.0756346 9.99473E-05
9.99473E-05 0.278868 0.0492993 9.99473E-05 9.99473E-05 0.235188 0.292794 9.99473E-05 0.0774595 0.065792 9.99473E-05 9.99473E-05
9.9921E-05 0.748243 9.9921E-05 9.9921E-05 9.9921E-05 0.217845 0.0330135 9.9921E-05 9.9921E-05 9.9921E-05 9.9921E-05 9.9921E-05
9.99385E-05 0.314543 0.0381029 9.99385E-05 9.99385E-05 0.254341 0.312717 9.99385E-05 0.0795968 9.99385E-05 9.99385E-05 9.99385E-05
9.99649E-05 0.495519 9.99649E-05 0.00456633 9.99649E-05 0.199894 0.207014 0.0300911 9.99649E-05 0.0401377 0.00711394 0.0152635
9.99123E-05 0.862716 9.99123E-05 0.136285 9.99123E-05 9.99123E-05 9.99123E-05 9.99123E-05 9.99123E-05 9.99123E-05 9.99123E-05 9.99123E-05
0.10694 0.463158 0.0409811 9.99472E-05 9.99472E-05 0.202737 0.165388 9.99472E-05 0.0201962 9.99472E-05 9.99472E-05 9.99472E-05
0.00196885 0.388086 9.99385E-05 9.99385E-05 9.99385E-05 0.196768 0.303412 9.99385E-05 0.109066 9.99385E-05 9.99385E-05 9.99385E-05
9.99473E-05 0.683698 0.0074814 9.99473E-05 9.99473E-05 0.0109945 0.178201 0.0572843 0.0617418 9.99473E-05 9.99473E-05 9.99473E-05
9.99385E-05 0.516634 0.0650298 9.99385E-05 9.99385E-05 0.0801576 0.20692 9.99385E-05 9.99385E-05 9.99385E-05 9.99385E-05 0.130559
9.99472E-05 0.728126 9.99472E-05 9.99472E-05 9.99472E-05 0.0132469 0.116346 0.0396723 0.0460643 9.99472E-05 9.99472E-05 0.0559445
9.99385E-05 0.283132 9.99385E-05 9.99385E-05 9.99385E-05 0.354621 0.152831 0.0415955 0.16712 9.99385E-05 9.99385E-05 9.99385E-05
0.0195188 0.581766 9.99473E-05 9.99473E-05 9.99473E-05 0.125742 0.217221 0.00929948 0.0458525 9.99473E-05 9.99473E-05 9.99473E-05
9.99209E-05 0.764034 9.99209E-05 9.99209E-05 9.99209E-05 0.079835 0.155232 9.99209E-05 9.99209E-05 9.99209E-05 9.99209E-05 9.99209E-05
0.0461983 0.738556 9.99473E-05 9.99473E-05 9.99473E-05 0.139025 9.99473E-05 0.0473944 9.99473E-05 0.0102955 9.99473E-05 0.0179307
9.99384E-05 0.438556 9.99384E-05 9.99384E-05 9.99384E-05 0.155832 0.316108 0.0343833 9.99384E-05 9.99384E-05 0.0544212 9.99384E-05
9.99122E-05 0.945082 9.99122E-05 9.99122E-05 9.99122E-05 0.0539186 9.99122E-05 9.99122E-05 9.99122E-05 9.99122E-05 9.99122E-05 9.99122E-05
9.99386E-05 0.813201 9.99386E-05 9.99386E-05 9.99386E-05 9.99386E-05 0.165722 0.00354267 0.0144535 9.99386E-05 0.00238176 9.99386E-05
9.99123E-05 0.890381 0.10862 9.99123E-05 9.99123E-05 9.99123E-05 9.99123E-05 9.99123E-05 9.99123E-05 9.99123E-05 9.99123E-05 9.99123E-05
9.99299E-05 0.874711 9.99299E-05 9.99299E-05 9.99299E-05 0.0835577 9.99299E-05 9.99299E-05 0.0383338 9.99299E-05 0.00259792 9.99299E-05
9.99473E-05 0.280645 0.00915597 9.99473E-05 9.99473E-05 0.109944 0.381025 0.0577282 9.99473E-05 0.160902 9.99473E-05 9.99473E-05
9.99385E-05 0.629353 0.095555 9.99385E-05 9.99385E-05 0.237373 0.0168415 9.99385E-05 9.99385E-05 9.99385E-05 9.99385E-05 0.0201774
9.99299E-05 0.858815 9.99299E-05 9.99299E-05 9.99299E-05 0.0964229 0.0374573 9.99299E-05 0.00650523 9.99299E-05 9.99299E-05 9.99299E-05
9.99123E-05 0.953358 9.99123E-05 9.99123E-05 9.99123E-05 9.99123E-05 0.0456432 9.99123E-05 9.99123E-05 9.99123E-05 9.99123E-05 9.99123E-05
9.9956E-05 0.27153 9.9956E-05 9.9956E-05 9.9956E-05 0.275475 0.0663723 0.0187281 0.162043 0.186904 0.0184483 9.9956E-05
9.99386E-05 0.439852 9.99386E-05 9.99386E-05 9.99386E-05 0.237037 0.176903 0.106777 9.99386E-05 9.99386E-05 0.0387315 9.99386E-05
9.99561E-05 0.406042 9.99561E-05 0.0884405 9.99561E-05 0.155741 0.0364046 9.99561E-05 9.99561E-05 0.18128 0.0653348 0.0662573
9.99385E-05 0.260534 9.99385E-05 9.99385E-05 9.99385E-05 0.309094 0.292758 0.0211626 0.115751 9.99385E-05 9.99385E-05 9.99385E-05
9.99123E-05 0.996964 9.99123E-05 9.99123E-05 9.99123E-05 9.99123E-05 0.00203729 9.99123E-05 9.99123E-05 9.99123E-05 9.99123E-05 9.99123E-05
0.306129 0.405315 9.99473E-05 9.99473E-05 9.99473E-05 0.0264326 0.230906 9.99473E-05 0.010331 9.99473E-05 9.99473E-05 0.0202863
9.99299E-05 0.840149 9.99299E-05 9.99299E-05 9.99299E-05 0.149627 0.00532555 9.99299E-05 9.99299E-05 0.00409963 9.99299E-05 9.99299E-05
9.99386E-05 0.683996 9.99386E-05 9.99386E-05 9.99386E-05 0.0911877 0.166508 0.00195484 9.99386E-05 9.99386E-05 0.0556536 9.99386E-05
9.99473E-05 0.6476 9.99473E-05 9.99473E-05 9.99473E-05 0.175725 0.00980563 9.99473E-05 0.0172698 0.00588205 9.99473E-05 0.143118
0.220196 0.652473 9.99472E-05 9.99472E-05 9.99472E-05 0.00905489 0.0552559 0.0183962 9.99472E-05 9.99472E-05 0.0440245 9.99472E-05
0.00596845 0.251402 9.99385E-05 9.99385E-05 9.99385E-05 0.309179 0.289627 9.99385E-05 9.99385E-05 0.143124 9.99385E-05 9.99385E-05
9.99297E-05 0.503517 9.99297E-05 0.028186 9.99297E-05 0.199177 0.26832 9.99297E-05 9.99297E-05 9.99297E-05 9.99297E-05 9.99297E-05
9.99472E-05 0.631869 9.99472E-05 9.99472E-05 9.99472E-05 0.139796 0.0879951 0.0617773 0.0162607 9.99472E-05 9.99472E-05 0.0617028
9.99297E-05 0.683034 9.99297E-05 9.99297E-05 9.99297E-05 9.99297E-05 0.146222 9.99297E-05 0.158055 9.99297E-05 9.99297E-05 0.0118892
9.9921E-05 0.796127 9.9921E-05 9.9921E-05 9.9921E-05 0.194494 0.00847935 9.9921E-05 9.9921E-05 9.9921E-05 9.9921E-05 9.9921E-05
9.99031E-05 9.99031E-05 9.99031E-05 9.99031E-05 9.99031E-05 9.99031E-05 0.998901 9.99031E-05 9.99031E-05 9.99031E-05 9.99031E-05 9.99031E-05
9.99032E-05 9.99032E-05 9.99032E-05 9.99032E-05 9.99032E-05 0.998901 9.99032E-05 9.99032E-05 9.99032E-05 9.99032E-05 9.99032E-05 9.99032E-05
9.99032E-05 9.99032E-05 9.99032E-05 9.99032E-05 9.99032E-05 9.99032E-05 0.998901 9.99032E-05 9.99032E-05 9.99032E-05 9.99032E-05 9.99032E-05
9.99032E-05 9.99032E-05 9.99032E-05 9.99032E-05 9.99032E-05 0.998901 9.99032E-05 9.99032E-05 9.99032E-05 9.99032E-05 9.99032E-05 9.99032E-05
9.99032E-05 9.99032E-05 9.99032E-05 9.99032E-05 9.99032E-05 0.998901 9.99032E-05 9.99032E-05 9.99032E-05 9.99032E-05 9.99032E-05 9.99032E-05
9.99033E-05 9.99033E-05 9.99033E-05 9.99033E-05 9.99033E-05 0.998901 9.99033E-05 9.99033E-05 9.99033E-05 9.99033E-05 9.99033E-05 9.99033E-05
9.99031E-05 9.99031E-05 9.99031E-05 9.99031E-05 9.99031E-05 9.99031E-05 0.998901 9.99031E-05 9.99031E-05 9.99031E-05 9.99031E-05 9.99031E-05
9.99031E-05 9.99031E-05 9.99031E-05 9.99031E-05 9.99031E-05 0.998901 9.99031E-05 9.99031E-05 9.99031E-05 9.99031E-05 9.99031E-05 9.99031E-05
9.99033E-05 9.99033E-05 9.99033E-05 9.99033E-05 9.99033E-05 0.998901 9.99033E-05 9.99033E-05 9.99033E-05 9.99033E-05 9.99033E-05 9.99033E-05
9.99031E-05 9.99031E-05 9.99031E-05 9.99031E-05 9.99031E-05 9.99031E-05 0.998901 9.99031E-05 9.99031E-05 9.99031E-05 9.99031E-05 9.99031E-05
9.99032E-05 9.99032E-05 9.99032E-05 9.99032E-05 9.99032E-05 9.99032E-05 0.998901 9.99032E-05 9.99032E-05 9.99032E-05 9.99032E-05 9.99032E-05
9.99031E-05 9.99031E-05 9.99031E-05 9.99031E-05 9.99031E-05 9.99031E-05 0.998901 9.99031E-05 9.99031E-05 9.99031E-05 9.99031E-05 9.99031E-05
9.99032E-05 9.99032E-05 9.99032E-05 9.99032E-05 9.99032E-05 0.998901 9.99032E-05 9.99032E-05 9.99032E-05 9.99032E-05 9.99032E-05 9.99032E-05
9.99032E-05 9.99032E-05 9.99032E-05 9.99032E-05 9.99032E-05 0.998901 9.99032E-05 9.99032E-05 9.99032E-05 9.99032E-05 9.99032E-05 9.99032E-05
9.99032E-05 9.99032E-05 9.99032E-05 9.99032E-05 9.99032E-05 9.99032E-05 0.998901 9.99032E-05 9.99032E-05 9.99032E-05 9.99032E-05 9.99032E-05
9.99031E-05 9.99031E-05 9.99031E-05 9.99031E-05 9.99031E-05 9.99031E-05 0.998901 9.99031E-05 9.99031E-05 9.99031E-05 9.99031E-05 9.99031E-05
0.167249 0.247369 9.9956E-05 0.132758 9.9956E-05 0.102731 0.267473 9.9956E-05 0.0667027 9.9956E-05 9.9956E-05 0.0152168
9.99032E-05 9.99032E-05 9.99032E-05 9.99032E-05 9.99032E-05 9.99032E-05 0.998901 9.99032E-05 9.99032E-05 9.99032E-05 9.99032E-05 9.99032E-05
9.99032E-05 9.99032E-05 9.99032E-05 9.99032E-05 9.99032E-05 0.998901 9.99032E-05 9.99032E-05 9.99032E-05 9.99032E-05 9.99032E-05 9.99032E-05
9.99031E-05 9.99031E-05 9.99031E-05 9.99031E-05 9.99031E-05 9.99031E-05 0.998901 9.99031E-05 9.99031E-05 9.99031E-05 9.99031E-05 9.99031E-05
9.99032E-05 9.99032E-05 9.99032E-05 9.99032E-05 9.99032E-05 9.99032E-05 0.998901 9.99032E-05 9.99032E-05 9.99032E-05 9.99032E-05 9.99032E-05
9.99032E-05 9.99032E-05 9.99032E-05 9.99032E-05 9.99032E-05 9.99032E-05 0.998901 9.99032E-05 9.99032E-05 9.99032E-05 9.99032E-05 9.99032E-05
9.99031E-05 9.99031E-05 9.99031E-05 9.99031E-05 9.99031E-05 0.998901 9.99031E-05 9.99031E-05 9.99031E-05 9.99031E-05 9.99031E-05 9.99031E-05
9.99031E-05 9.99031E-05 9.99031E-05 9.99031E-05 9.99031E-05 9.99031E-05 0.998901 9.99031E-05 9.99031E-05 9.99031E-05 9.99031E-05 9.99031E-05
9.99032E-05 9.99032E-05 9.99032E-05 9.99032E-05 9.99032E-05 0.998901 9.99032E-05 9.99032E-05 9.99032E-05 9.99032E-05 9.99032E-05 9.99032E-05
9.99032E-05 9.99032E-05 9.99032E-05 9.99032E-05 9.99032E-05 9.99032E-05 0.998901 9.99032E-05 9.99032E-05 9.99032E-05 9.99032E-05 9.99032E-05
9.99032E-05 9.99032E-05 9.99032E-05 9.99032E-05 9.99032E-05 9.99032E-05 0.998901 9.99032E-05 9.99032E-05 9.99032E-05 9.99032E-05 9.99032E-05
9.99033E-05 9.99033E-05 9.99033E-05 9.99033E-05 9.99033E-05 0.998901 9.99033E-05 9.99033E-05 9.99033E-05 9.99033E-05 9.99033E-05 9.99033E-05
9.99032E-05 9.99032E-05 9.99032E-05 9.99032E-05 9.99032E-05 0.998901 9.99032E-05 9.99032E-05 9.99032E-05 9.99032E-05 9.99032E-05 9.99032E-05
9.99032E-05 9.99032E-05 9.99032E-05 9.99032E-05 9.99032E-05 0.998901 9.99032E-05 9.99032E-05 9.99032E-05 9.99032E-05 9.99032E-05 9.99032E-05
9.99032E-05 9.99032E-05 9.99032E-05 9.99032E-05 9.99032E-05 9.99032E-05 0.998901 9.99032E-05 9.99032E-05 9.99032E-05 9.99032E-05 9.99032E-05
9.99032E-05 9.99032E-05 9.99032E-05 9.99032E-05 9.99032E-05 9.99032E-05 0.998901 9.99032E-05 9.99032E-05 9.99032E-05 9.99032E-05 9.99032E-05
9.99032E-05 9.99032E-05 9.99032E-05 9.99032E-05 9.99032E-05 9.99032E-05 0.998901 9.99032E-05 9.99032E-05 9.99032E-05 9.99032E-05 9.99032E-05
9.99031E-05 9.99031E-05 9.99031E-05 9.99031E-05 9.99031E-05 9.99031E-05 0.998901 9.99031E-05 9.99031E-05 9.99031E-05 9.99031E-05 9.99031E-05
9.99031E-05 9.99031E-05 9.99031E-05 9.99031E-05 9.99031E-05 9.99031E-05 0.998901 9.99031E-05 9.99031E-05 9.99031E-05 9.99031E-05 9.99031E-05
9.99032E-05 9.99032E-05 9.99032E-05 9.99032E-05 9.99032E-05 0.998901 9.99032E-05 9.99032E-05 9.99032E-05 9.99032E-05 9.99032E-05 9.99032E-05
9.99032E-05 9.99032E-05 9.99032E-05 9.99032E-05 9.99032E-05 0.998901 9.99032E-05 9.99032E-05 9.99032E-05 9.99032E-05 9.99032E-05 9.99032E-05
9.99032E-05 9.99032E-05 9.99032E-05 9.99032E-05 9.99032E-05 0.998901 9.99032E-05 9.99032E-05 9.99032E-05 9.99032E-05 9.99032E-05 9.99032E-05
9.99031E-05 9.99031E-05 9.99031E-05 9.99031E-05 9.99031E-05 9.99031E-05 0.998901 9.99031E-05 9.99031E-05 9.99031E-05 9.99031E-05 9.99031E-05
9.99032E-05 9.99032E-05 9.99032E-05 9.99032E-05 9.99032E-05 0.998901 9.99032E-05 9.99032E-05 9.99032E-05 9.99032E-05 9.99032E-05 9.99032E-05
9.99032E-05 9.99032E-05 9.99032E-05 9.99032E-05 9.99032E-05 0.998901 9.99032E-05 9.99032E-05 9.99032E-05 9.99032E-05 9.99032E-05 9.99032E-05
9.99032E-05 9.99032E-05 9.99032E-05 9.99032E-05 9.99032E-05 0.998901 9.99032E-05 9.99032E-05 9.99032E-05 9.99032E-05 9.99032E-05 9.99032E-05
9.99032E-05 9.99032E-05 9.99032E-05 9.99032E-05 9.99032E-05 0.998901 9.99032E-05 9.99032E-05 9.99032E-05 9.99032E-05 9.99032E-05 9.99032E-05
9.99031E-05 9.99031E-05 9.99031E-05 9.99031E-05 9.99031E-05 9.99031E-05 0.998901 9.99031E-05 9.99031E-05 9.99031E-05 9.99031E-05 9.99031E-05
9.99032E-05 9.99032E-05 9.99032E-05 9.99032E-05 9.99032E-05 0.998901 9.99032E-05 9.99032E-05 9.99032E-05 9.99032E-05 9.99032E-05 9.99032E-05
9.99032E-05 9.99032E-05 9.99032E-05 9.99032E-05 9.99032E-05 0.998901 9.99032E-05 9.99032E-05 9.99032E-05 9.99032E-05 9.99032E-05 9.99032E-05
0.181877 0.337271 9.9956E-05 0.0605378 9.9956E-05 0.138939 0.179415 9.9956E-05 0.0736801 9.9956E-05 9.9956E-05 0.0277797
9.99032E-05 9.99032E-05 9.99032E-05 9.99032E-05 9.99032E-05 9.99032E-05 0.998901 9.99032E-05 9.99032E-05 9.99032E-05 9.99032E-05 9.99032E-05
9.99032E-05 9.99032E-05 9.99032E-05 9.99032E-05 9.99032E-05 0.998901 9.99032E-05 9.99032E-05 9.99032E-05 9.99032E-05 9.99032E-05 9.99032E-05
9.99032E-05 9.99032E-05 9.99032E-05 9.99032E-05 9.99032E-05 0.998901 9.99032E-05 9.99032E-05 9.99032E-05 9.99032E-05 9.99032E-05 9.99032E-05
9.99032E-05 9.99032E-05 9.99032E-05 9.99032E-05 9.99032E-05 0.998901 9.99032E-05 9.99032E-05 9.99032E-05 9.99032E-05 9.99032E-05 9.99032E-05
9.99032E-05 9.99032E-05 9.99032E-05 9.99032E-05 9.99032E-05 0.998901 9.99032E-05 9.99032E-05 9.99032E-05 9.99032E-05 9.99032E-05 9.99032E-05
9.99032E-05 9.99032E-05 9.99032E-05 9.99032E-05 9.99032E-05 9.99032E-05 0.998901 9.99032E-05 9.99032E-05 9.99032E-05 9.99032E-05 9.99032E-05
9.99032E-05 9.99032E-05 9.99032E-05 9.99032E-05 9.99032E-05 0.998901 9.99032E-05 9.99032E-05 9.99032E-05 9.99032E-05 9.99032E-05 9.99032E-05
9.99031E-05 9.99031E-05 9.99031E-05 9.99031E-05 9.99031E-05 9.99031E-05 0.998901 9.99031E-05 9.99031E-05 9.99031E-05 9.99031E-05 9.99031E-05
9.99032E-05 9.99032E-05 9.99032E-05 9.99032E-05 9.99032E-05 0.998901 9.99032E-05 9.99032E-05 9.99032E-05 9.99032E-05 9.99032E-05 9.99032E-05
9.99032E-05 9.99032E-05 9.99032E-05 9.99032E-05 9.99032E-05 9.99032E-05 0.998901 9.99032E-05 9.99032E-05 9.99032E-05 9.99032E-05 9.99032E-05
9.99032E-05 9.99032E-05 9.99032E-05 9.99032E-05 9.99032E-05 0.998901 9.99032E-05 9.99032E-05 9.99032E-05 9.99032E-05 9.99032E-05 9.99032E-05
9.99032E-05 9.99032E-05 9.99032E-05 9.99032E-05 9.99032E-05 0.998901 9.99032E-05 9.99032E-05 9.99032E-05 9.99032E-05 9.99032E-05 9.99032E-05
9.99033E-05 9.99033E-05 9.99033E-05 9.99033E-05 9.99033E-05 0.998901 9.99033E-05 9.99033E-05 9.99033E-05 9.99033E-05 9.99033E-05 9.99033E-05
9.99032E-05 9.99032E-05 9.99032E-05 9.99032E-05 9.99032E-05 0.998901 9.99032E-05 9.99032E-05 9.99032E-05 9.99032E-05 9.99032E-05 9.99032E-05
9.99032E-05 9.99032E-05 9.99032E-05 9.99032E-05 9.99032E-05 0.998901 9.99032E-05 9.99032E-05 9.99032E-05 9.99032E-05 9.99032E-05 9.99032E-05
9.99032E-05 9.99032E-05 9.99032E-05 9.99032E-05 9.99032E-05 0.998901 9.99032E-05 9.99032E-05 9.99032E-05 9.99032E-05 9.99032E-05 9.99032E-05
9.99031E-05 9.99031E-05 9.99031E-05 9.99031E-05 9.99031E-05 9.99031E-05 0.998901 9.99031E-05 9.99031E-05 9.99031E-05 9.99031E-05 9.99031E-05
9.99033E-05 9.99033E-05 9.99033E-05 9.99033E-05 9.99033E-05 9.99033E-05 0.998901 9.99033E-05 9.99033E-05 9.99033E-05 9.99033E-05 9.99033E-05
9.99032E-05 9.99032E-05 9.99032E-05 9.99032E-05 9.99032E-05 9.99032E-05 0.998901 9.99032E-05 9.99032E-05 9.99032E-05 9.99032E-05 9.99032E-05
9.99032E-05 9.99032E-05 9.99032E-05 9.99032E-05 9.99032E-05 0.998901 9.99032E-05 9.99032E-05 9.99032E-05 9.99032E-05 9.99032E-05 9.99032E-05
9.99032E-05 9.99032E-05 9.99032E-05 9.99032E-05 9.99032E-05 9.99032E-05 0.998901 9.99032E-05 9.99032E-05 9.99032E-05 9.99032E-05 9.99032E-05
9.99031E-05 9.99031E-05 9.99031E-05 9.99031E-05 9.99031E-05 9.99031E-05 0.998901 9.99031E-05 9.99031E-05 9.99031E-05 9.99031E-05 9.99031E-05
9.99032E-05 9.99032E-05 9.99032E-05 9.99032E-05 9.99032E-05 9.99032E-05 0.998901 9.99032E-05 9.99032E-05 9.99032E-05 9.99032E-05 9.99032E-05
9.99032E-05 9.99032E-05 9.99032E-05 9.99032E-05 9.99032E-05 0.998901 9.99032E-05 9.99032E-05 9.99032E-05 9.99032E-05 9.99032E-05 9.99032E-05
9.99032E-05 9.99032E-05 9.99032E-05 9.99032E-05 9.99032E-05 0.998901 9.99032E-05 9.99032E-05 9.99032E-05 9.99032E-05 9.99032E-05 9.99032E-05
9.99032E-05 9.99032E-05 9.99032E-05 9.99032E-05 9.99032E-05 0.998901 9.99032E-05 9.99032E-05 9.99032E-05 9.99032E-05 9.99032E-05 9.99032E-05
9.99031E-05 9.99031E-05 9.99031E-05 9.99031E-05 9.99031E-05 9.99031E-05 0.998901 9.99031E-05 9.99031E-05 9.99031E-05 9.99031E-05 9.99031E-05
9.99032E-05 9.99032E-05 9.99032E-05 9.99032E-05 9.99032E-05 0.998901 9.99032E-05 9.99032E-05 9.99032E-05 9.99032E-05 9.99032E-05 9.99032E-05
9.99032E-05 9.99032E-05 9.99032E-05 9.99032E-05 9.99032E-05 0.998901 9.99032E-05 9.99032E-05 9.99032E-05 9.99032E-05 9.99032E-05 9.99032E-05
9.99032E-05 9.99032E-05 9.99032E-05 9.99032E-05 9.99032E-05 9.99032E-05 0.998901 9.99032E-05 9.99032E-05 9.99032E-05 9.99032E-05 9.99032E-05
9.99033E-05 9.99033E-05 9.99033E-05 9.99033E-05 9.99033E-05 0.998901 9.99033E-05 9.99033E-05 9.99033E-05 9.99033E-05 9.99033E-05 9.99033E-05
9.99032E-05 9.99032E-05 9.99032E-05 9.99032E-05 9.99032E-05 0.998901 9.99032E-05 9.99032E-05 9.99032E-05 9.99032E-05 9.99032E-05 9.99032E-05
9.99561E-05 0.221063 9.99561E-05 9.99561E-05 9.99561E-05 0.120234 0.332461 0.151251 9.99561E-05 0.0306053 0.139955 0.00393069
9.99032E-05 9.99032E-05 9.99032E-05 9.99032E-05 9.99032E-05 9.99032E-05 0.998901 9.99032E-05 9.99032E-05 9.99032E-05 9.99032E-05 9.99032E-05
9.99032E-05 9.99032E-05 9.99032E-05 9.99032E-05 9.99032E-05 0.998901 9.99032E-05 9.99032E-05 9.99032E-05 9.99032E-05 9.99032E-05 9.99032E-05
9.99473E-05 0.30436 9.99473E-05 0.12947 9.99473E-05 0.434219 0.053121 9.99473E-05 9.99473E-05 9.99473E-05 0.0069863 0.0712444
0.0850006 0.426317 0.0564961 9.99473E-05 9.99473E-05 0.214527 0.164851 9.99473E-05 0.0522086 9.99473E-05 9.99473E-05 9.99473E-05
9.99297E-05 0.349781 9.99297E-05 0.108054 9.99297E-05 0.16957 0.371795 9.99297E-05 9.99297E-05 9.99297E-05 9.99297E-05 9.99297E-05
0.0872535 0.578541 9.99384E-05 9.99384E-05 9.99384E-05 9.99384E-05 0.262136 9.99384E-05 9.99384E-05 9.99384E-05 0.0611867 0.0101834
9.99209E-05 0.360591 9.99209E-05 9.99209E-05 9.99209E-05 0.277168 0.361342 9.99209E-05 9.99209E-05 9.99209E-05 9.99209E-05 9.99209E-05
9.99299E-05 0.841522 0.0174862 9.99299E-05 0.000662933 0.139529 9.99299E-05 9.99299E-05 9.99299E-05 9.99299E-05 9.99299E-05 9.99299E-05
0.136912 0.275192 9.99298E-05 9.99298E-05 9.99298E-05 0.343755 0.243342 9.99298E-05 9.99298E-05 9.99298E-05 9.99298E-05 9.99298E-05
9.99561E-05 0.478274 0.0781292 9.99561E-05 9.99561E-05 0.159664 0.0517916 0.140132 9.99561E-05 9.99561E-05 0.0231059 0.0684037
9.9921E-05 0.724646 9.9921E-05 9.9921E-05 9.9921E-05 0.20327 0.0711842 9.9921E-05 9.9921E-05 9.9921E-05 9.9921E-05 9.9921E-05
0.0680802 0.662743 9.99384E-05 0.0323907 9.99384E-05 9.99384E-05 0.224089 9.99384E-05 0.0119977 9.99384E-05 9.99384E-05 9.99384E-05
9.99297E-05 0.571374 9.99297E-05 9.99297E-05 9.99297E-05 0.0536937 0.222285 0.151848 9.99297E-05 9.99297E-05 9.99297E-05 9.99297E-05
9.99209E-05 0.33987 9.99209E-05 9.99209E-05 9.99209E-05 0.55685 0.10238 9.99209E-05 9.99209E-05 9.99209E-05 9.99209E-05 9.99209E-05
9.99385E-05 0.244511 9.99385E-05 9.99385E-05 9.99385E-05 0.268455 0.347036 9.99385E-05 9.99385E-05 9.99385E-05 0.018508 0.12079
9.99296E-05 0.674628 9.99296E-05 9.99296E-05 9.99296E-05 0.0913312 0.11256 9.99296E-05 9.99296E-05 9.99296E-05 0.120681 9.99296E-05
9.99297E-05 0.425861 9.99297E-05 9.99297E-05 9.99297E-05 0.189141 0.305244 0.0789548 9.99297E-05 9.99297E-05 9.99297E-05 9.99297E-05
9.99473E-05 0.271063 0.0544212 9.99473E-05 9.99473E-05 0.321208 0.182796 0.0493481 9.99473E-05 0.120564 9.99473E-05 9.99473E-05
9.99474E-05 0.605632 0.0191342 0.0953195 9.99474E-05 0.173281 0.102874 0.00315905 9.99474E-05 9.99474E-05 9.99474E-05 9.99474E-05
9.9956E-05 0.307537 9.9956E-05 0.0357069 9.9956E-05 0.0891824 0.345477 0.0584779 9.9956E-05 9.9956E-05 0.0464923 0.116627
9.9956E-05 0.398575 0.0365325 0.0166911 9.9956E-05 0.1183 9.9956E-05 0.0894302 0.0641742 0.275797 9.9956E-05 9.9956E-05
9.99385E-05 0.424409 0.0402711 0.0727655 9.99385E-05 0.16841 0.293445 9.99385E-05 9.99385E-05 9.99385E-05 9.99385E-05 9.99385E-05
9.99472E-05 0.597302 0.101143 9.99472E-05 9.99472E-05 0.139853 0.125993 9.99472E-05 0.0279103 0.00719866 9.99472E-05 9.99472E-05
9.99297E-05 0.613673 0.0751487 9.99297E-05 9.99297E-05 0.279307 9.99297E-05 9.99297E-05 9.99297E-05 9.99297E-05 9.99297E-05 0.0310717
9.99561E-05 0.337421 9.99561E-05 9.99561E-05 9.99561E-05 0.261569 0.191504 0.0569952 0.0156898 9.99561E-05 0.057655 0.0786661
9.99472E-05 0.624018 9.99472E-05 9.99472E-05 9.99472E-05 0.118239 0.137728 0.0284216 0.0328425 9.99472E-05 0.0581519 9.99472E-05
9.99384E-05 0.692794 9.99384E-05 0.00794122 9.99384E-05 0.0629091 0.07686 9.99384E-05 9.99384E-05 9.99384E-05 0.158796 9.99384E-05
9.99123E-05 0.952889 9.99123E-05 9.99123E-05 9.99123E-05 9.99123E-05 9.99123E-05 9.99123E-05 9.99123E-05 0.0461116 9.99123E-05 9.99123E-05
9.99384E-05 0.443875 0.200493 9.99384E-05 9.99384E-05 0.0433314 0.261888 9.99384E-05 9.99384E-05 0.0497136 9.99384E-05 9.99384E-05
9.99297E-05 0.266532 9.99297E-05 0.10439 9.99297E-05 0.297773 0.330505 9.99297E-05 9.99297E-05 9.99297E-05 9.99297E-05 9.99297E-05
9.99472E-05 0.613001 0.127045 9.99472E-05 9.99472E-05 9.99472E-05 0.150319 9.99472E-05 0.0050989 9.99472E-05 0.0712089 0.0327279
0.0448009 0.493914 9.99385E-05 9.99385E-05 9.99385E-05 0.190616 9.99385E-05 9.99385E-05 0.0922469 9.99385E-05 0.177722 9.99385E-05
9.99472E-05 0.294033 0.122034 9.99472E-05 9.99472E-05 0.347484 0.20392 0.0124778 9.99472E-05 0.0194521 9.99472E-05 9.99472E-05
9.99473E-05 0.515102 0.0144262 9.99473E-05 9.99473E-05 0.290127 0.141002 0.0135289 9.99473E-05 0.0252141 9.99473E-05 9.99473E-05
0.0354112 0.417439 0.0111246 9.9956E-05 9.9956E-05 0.209455 0.161484 9.9956E-05 0.0387399 0.125847 9.9956E-05 9.9956E-05
9.99385E-05 0.441147 0.12749 9.99385E-05 9.99385E-05 0.202595 0.207729 9.99385E-05 9.99385E-05 9.99385E-05 0.0203396 9.99385E-05
9.99472E-05 0.407537 0.0634687 9.99472E-05 9.99472E-05 0.221562 0.206588 0.0676849 9.99472E-05 9.99472E-05 0.0325589 9.99472E-05
0.0430356 0.624557 9.99297E-05 9.99297E-05 9.99297E-05 0.108459 0.223149 9.99297E-05 9.99297E-05 9.99297E-05 9.99297E-05 9.99297E-05
9.99122E-05 0.981623 9.99122E-05 9.99122E-05 9.99122E-05 9.99122E-05 0.0173784 9.99122E-05 9.99122E-05 9.99122E-05 9.99122E-05 9.99122E-05
0.125406 0.322922 9.99648E-05 9.99648E-05 9.99648E-05 0.012933 0.30838 0.0527098 9.99648E-05 0.0724402 0.00599118 0.0988181
9.99385E-05 0.656286 9.99385E-05 9.99385E-05 9.99385E-05 0.0182038 0.0808271 0.0924032 9.99385E-05 9.99385E-05 9.99385E-05 0.15158
0.0978177 0.366863 0.21576 9.9956E-05 9.9956E-05 0.212147 0.10396 9.9956E-05 9.9956E-05 0.00187182 0.00108092 9.9956E-05
9.99384E-05 0.519495 9.99384E-05 9.99384E-05 9.99384E-05 0.0884192 0.271595 9.99384E-05 0.0585742 9.99384E-05 0.0612174 9.99384E-05
9.99561E-05 0.43741 0.230515 0.046612 9.99561E-05 0.152019 0.01886 0.0113463 9.99561E-05 0.102738 9.99561E-05 9.99561E-05
0.00310627 0.377226 0.010025 0.14732 9.9956E-05 0.191189 0.232305 9.9956E-05 0.0383293 9.9956E-05 9.9956E-05 9.9956E-05
9.99473E-05 0.212685 0.0768742 9.99473E-05 9.99473E-05 0.567657 0.0717652 9.99473E-05 9.99473E-05 0.0442265 0.0261922 9.99473E-05
9.99385E-05 0.127668 9.99385E-05 9.99385E-05 9.99385E-05 0.360177 0.385667 9.99385E-05 9.99385E-05 0.0508514 0.0749365 9.99385E-05
9.99384E-05 0.615623 0.0873754 9.99384E-05 9.99384E-05 0.18985 0.0826762 9.99384E-05 9.99384E-05 9.99384E-05 0.0237759 9.99384E-05
9.99034E-05 0.998901 9.99034E-05 9.99034E-05 9.99034E-05 9.99034E-05 9.99034E-05 9.99034E-05 9.99034E-05 9.99034E-05 9.99034E-05 9.99034E-05
9.99472E-05 0.619778 0.0535399 9.99472E-05 9.99472E-05 0.207224 0.0501751 0.0406194 0.028064 9.99472E-05 9.99472E-05 9.99472E-05
9.99122E-05 0.944476 0.0545246 9.99122E-05 9.99122E-05 9.99122E-05 9.99122E-05 9.99122E-05 9.99122E-05 9.99122E-05 9.99122E-05 9.99122E-05
0.0540257 0.242307 9.99648E-05 9.99648E-05 9.99648E-05 0.106094 0.232898 0.000683345 9.99648E-05 0.257989 0.0154174 0.090186
9.99123E-05 0.938397 9.99123E-05 9.99123E-05 9.99123E-05 9.99123E-05 9.99123E-05 9.99123E-05 9.99123E-05 0.0606035 9.99123E-05 9.99123E-05
9.99473E-05 0.562624 9.99473E-05 9.99473E-05 9.99473E-05 0.0410889 0.287202 0.0503291 9.99473E-05 0.0226872 0.0354695 9.99473E-05
0.00444985 0.287589 0.125338 9.99472E-05 9.99472E-05 9.99472E-05 0.243792 0.0468111 9.99472E-05 0.29142 9.99472E-05 9.99472E-05
9.99473E-05 0.441401 0.00944385 9.99473E-05 9.99473E-05 0.185466 0.147393 9.99473E-05 9.99473E-05 0.207584 0.00811201 9.99473E-05
0.0501912 0.643756 0.186234 0.0286042 9.9956E-05 0.0597585 0.0298428 9.9956E-05 9.9956E-05 9.9956E-05 9.9956E-05 0.00111284
9.99209E-05 0.575223 9.99209E-05 9.99209E-05 9.99209E-05 0.362175 0.0617034 9.99209E-05 9.99209E-05 9.99209E-05 9.99209E-05 9.99209E-05
9.99212E-05 0.729082 9.99212E-05 9.99212E-05 9.99212E-05 9.99212E-05 0.170573 9.99212E-05 9.99212E-05 0.099446 9.99212E-05 9.99212E-05
9.99122E-05 0.773416 9.99122E-05 9.99122E-05 9.99122E-05 0.225585 9.99122E-05 9.99122E-05 9.99122E-05 9.99122E-05 9.99122E-05 9.99122E-05
9.99385E-05 0.357699 9.99385E-05 9.99385E-05 9.99385E-05 0.297729 0.32327 9.99385E-05 0.0132696 9.99385E-05 9.99385E-05 0.00733267
9.99298E-05 0.452526 9.99298E-05 9.99298E-05 9.99298E-05 0.244215 0.214035 9.99298E-05 9.99298E-05 0.0884247 9.99298E-05 9.99298E-05
9.99034E-05 0.998901 9.99034E-05 9.99034E-05 9.99034E-05 9.99034E-05 9.99034E-05 9.99034E-05 9.99034E-05 9.99034E-05 9.99034E-05 9.99034E-05
9.99124E-05 0.966548 9.99124E-05 9.99124E-05 9.99124E-05 0.0324532 9.99124E-05 9.99124E-05 9.99124E-05 9.99124E-05 9.99124E-05 9.99124E-05
0.0389121 0.765898 9.99562E-05 9.99562E-05 0.0272071 0.0499084 0.0962009 0.0120613 0.00931285 9.99562E-05 9.99562E-05 9.99562E-05
9.99374E-05 0.546627 9.99374E-05 9.99374E-05 9.99374E-05 0.139136 0.212968 0.10047 9.99374E-05 9.99374E-05 9.99374E-05 9.99374E-05
9.99385E-05 0.619054 9.99385E-05 9.99385E-05 9.99385E-05 0.193558 0.0873527 0.00368671 0.0956485 9.99385E-05 9.99385E-05 9.99385E-05
9.99385E-05 0.601946 0.0176869 0.0047499 9.99385E-05 0.311154 9.99385E-05 9.99385E-05 9.99385E-05 9.99385E-05 9.99385E-05 0.0637638
9.99299E-05 0.904665 9.99299E-05 9.99299E-05 9.99299E-05 0.0564084 0.026864 9.99299E-05 9.99299E-05 9.99299E-05 0.0112631 9.99299E-05
9.99649E-05 0.345796 0.0329988 0.0404397 9.99649E-05 0.305552 0.200431 0.00679049 0.00886977 0.0587216 9.99649E-05 9.99649E-05
9.99384E-05 0.506009 9.99384E-05 9.99384E-05 9.99384E-05 0.0849871 0.357938 0.0480087 0.00235765 9.99384E-05 9.99384E-05 9.99384E-05
9.99298E-05 0.791606 9.99298E-05 9.99298E-05 9.99298E-05 9.99298E-05 0.00289872 9.99298E-05 0.00132263 0.203373 9.99298E-05 9.99298E-05
