9.99297E-05 9.99297E-05 0.0497855 9.99297E-05 0.0698956 9.99297E-05 0.066134 0.0773325 0.432246 9.99297E-05 9.99297E-05 0.303807 9.99297E-05 9.99297E-05
9.9921E-05 0.0181701 9.9921E-05 9.9921E-05 9.9921E-05 0.0765571 0.00229049 0.121016 0.781067 9.9921E-05 9.9921E-05 9.9921E-05 9.9921E-05 9.9921E-05
9.99034E-05 9.99034E-05 0.0615467 9.99034E-05 0.00504807 9.99034E-05 9.99034E-05 9.99034E-05 0.932306 9.99034E-05 9.99034E-05 9.99034E-05 9.99034E-05 9.99034E-05
9.99386E-05 9.99386E-05 0.173439 9.99386E-05 9.99386E-05 0.355842 0.0613019 9.99386E-05 0.277289 0.0570527 9.99386E-05 0.0589591 9.99386E-05 0.0154163
0.138629 9.98947E-05 9.98947E-05 9.98947E-05 9.98947E-05 9.98947E-05 9.98947E-05 9.98947E-05 0.860173 9.98947E-05 9.98947E-05 9.98947E-05 9.98947E-05 9.98947E-05
0.171012 9.99386E-05 0.0592049 9.99386E-05 9.99386E-05 0.0774191 9.99386E-05 0.0796877 0.226867 0.154818 9.99386E-05 0.230292 9.99386E-05 9.99386E-05
9.99298E-05 9.99298E-05 9.99298E-05 9.99298E-05 0.0307355 0.250229 0.134586 0.121073 0.197816 9.99298E-05 9.99298E-05 0.264761 9.99298E-05 9.99298E-05
0.143726 0.0492805 9.99474E-05 9.99474E-05 9.99474E-05 0.174632 9.99474E-05 0.000210289 0.171324 0.1377 9.99474E-05 0.256108 0.06642 9.99474E-05
9.9921E-05 9.9921E-05 0.285647 9.9921E-05 0.235219 9.9921E-05 9.9921E-05 9.9921E-05 0.260016 0.201411 9.9921E-05 0.0168091 9.9921E-05 9.9921E-05
9.98947E-05 9.98947E-05 0.0724509 9.98947E-05 9.98947E-05 9.98947E-05 9.98947E-05 9.98947E-05 0.92635 9.98947E-05 9.98947E-05 9.98947E-05 9.98947E-05 9.98947E-05
9.99298E-05 9.99298E-05 0.154933 9.99298E-05 9.99298E-05 9.99298E-05 0.170641 9.99298E-05 0.584564 0.0332144 9.99298E-05 0.0522566 9.99298E-05 0.00359139
9.99122E-05 9.99122E-05 9.99122E-05 9.99122E-05 9.99122E-05 0.0156079 0.00950924 9.99122E-05 0.959852 9.99122E-05 9.99122E-05 9.99122E-05 0.0140318 9.99122E-05
9.99034E-05 9.99034E-05 0.0861772 9.99034E-05 9.99034E-05 9.99034E-05 9.99034E-05 9.99034E-05 0.821412 9.99034E-05 9.99034E-05 0.0913115 9.99034E-05 9.99034E-05
9.99211E-05 9.99211E-05 0.169396 0.0355234 9.99211E-05 9.99211E-05 0.0499687 9.99211E-05 0.688436 9.99211E-05 0.055776 9.99211E-05 9.99211E-05 9.99211E-05
9.99385E-05 9.99385E-05 0.191625 9.99385E-05 0.00801 9.99385E-05 9.99385E-05 0.00777751 0.417626 0.153703 0.0605696 0.159989 9.99385E-05 9.99385E-05
0.00109986 0.0276527 0.103456 9.99473E-05 9.99473E-05 0.157127 9.99473E-05 9.99473E-05 0.229091 0.251609 9.99473E-05 0.129362 0.100003 9.99473E-05
9.99386E-05 9.99386E-05 9.99386E-05 0.213358 9.99386E-05 0.0723826 0.0459829 0.0577898 0.584691 9.99386E-05 0.00181955 9.99386E-05 0.023277 9.99386E-05
9.99298E-05 0.135352 0.173428 9.99298E-05 0.06967 9.99298E-05 9.99298E-05 9.99298E-05 0.15714 9.99298E-05 9.99298E-05 0.395972 9.99298E-05 0.0676373
9.99385E-05 0.0386208 0.262085 9.99385E-05 9.99385E-05 0.0608 0.0207101 9.99385E-05 0.322595 0.136879 9.99385E-05 0.157611 9.99385E-05 9.99385E-05
9.9886E-05 9.9886E-05 9.9886E-05 9.9886E-05 9.9886E-05 9.9886E-05 9.9886E-05 9.9886E-05 0.998701 9.9886E-05 9.9886E-05 9.9886E-05 9.9886E-05 9.9886E-05
0.0686294 9.99561E-05 0.0783135 9.99561E-05 9.99561E-05 0.192956 0.0884725 9.99561E-05 0.524783 0.0280607 0.000629533 9.99561E-05 0.0146961 0.00295861
0.132611 9.99298E-05 9.99298E-05 9.99298E-05 9.99298E-05 0.108673 9.99298E-05 0.0152061 0.22547 0.212031 9.99298E-05 0.305209 9.99298E-05 9.99298E-05
9.99298E-05 9.99298E-05 0.135775 9.99298E-05 0.0175705 9.99298E-05 0.0838181 0.040183 0.689785 9.99298E-05 9.99298E-05 0.0320688 9.99298E-05 9.99298E-05
9.99209E-05 9.99209E-05 0.296996 9.99209E-05 0.0586617 9.99209E-05 9.99209E-05 9.99209E-05 0.340836 9.99209E-05 9.99209E-05 0.290824 0.0117833 9.99209E-05
9.99297E-05 9.99297E-05 0.341633 9.99297E-05 9.99297E-05 9.99297E-05 0.00793752 9.99297E-05 0.290903 0.120788 0.125151 9.99297E-05 9.99297E-05 0.112788
0.0278509 9.9921E-05 0.161859 9.9921E-05 9.9921E-05 0.00846591 9.9921E-05 9.9921E-05 0.787059 0.0138659 9.9921E-05 9.9921E-05 9.9921E-05 9.9921E-05
9.99473E-05 0.158033 0.246971 9.99473E-05 9.99473E-05 9.99473E-05 0.0639112 9.99473E-05 0.0368148 0.0250601 9.99473E-05 0.361901 0.0864432 0.020266
9.99123E-05 9.99123E-05 0.0523798 9.99123E-05 9.99123E-05 0.157783 9.99123E-05 9.99123E-05 0.768353 9.99123E-05 0.0204847 9.99123E-05 9.99123E-05 9.99123E-05
9.99035E-05 9.99035E-05 0.246285 9.99035E-05 9.99035E-05 9.99035E-05 9.99035E-05 9.99035E-05 0.630005 9.99035E-05 9.99035E-05 0.122611 9.99035E-05 9.99035E-05
9.99123E-05 9.99123E-05 0.164377 9.99123E-05 9.99123E-05 9.99123E-05 9.99123E-05 0.00581731 0.814177 0.0146297 9.99123E-05 9.99123E-05 9.99123E-05 9.99123E-05
9.9921E-05 9.9921E-05 0.073014 9.9921E-05 9.9921E-05 9.9921E-05 0.163516 9.9921E-05 0.643104 9.9921E-05 9.9921E-05 0.0935883 9.9921E-05 0.0258784
0.023723 9.99473E-05 0.167142 0.0999395 9.99473E-05 0.077138 0.0573336 9.99473E-05 0.414043 9.99473E-05 0.0321396 0.127942 9.99473E-05 9.99473E-05
9.9921E-05 9.9921E-05 0.237297 9.9921E-05 9.9921E-05 9.9921E-05 0.0407243 9.9921E-05 0.476668 9.9921E-05 9.9921E-05 0.122129 0.122283 9.9921E-05
0.0411207 0.0399594 0.245289 0.0137147 9.99474E-05 0.0149153 0.0322235 9.99474E-05 0.56116 9.99474E-05 9.99474E-05 9.99474E-05 0.0510171 9.99474E-05
9.99123E-05 9.99123E-05 9.99123E-05 9.99123E-05 9.99123E-05 9.99123E-05 0.0473427 0.0233042 0.869147 9.99123E-05 9.99123E-05 9.99123E-05 9.99123E-05 0.0592066
9.9921E-05 9.9921E-05 9.9921E-05 9.9921E-05 9.9921E-05 0.166219 0.0778706 0.0455147 0.633511 9.9921E-05 9.9921E-05 0.0759856 9.9921E-05 9.9921E-05
9.99123E-05 9.99123E-05 9.99123E-05 9.99123E-05 9.99123E-05 0.0201952 9.99123E-05 0.00144355 0.930593 9.99123E-05 9.99123E-05 9.99123E-05 0.0467694 9.99123E-05
9.9921E-05 9.9921E-05 0.0490984 9.9921E-05 9.9921E-05 9.9921E-05 9.9921E-05 0.0524694 0.696071 0.149684 9.9921E-05 9.9921E-05 9.9921E-05 0.0517781
0.0710941 9.99386E-05 0.170136 0.00719835 9.99386E-05 9.99386E-05 0.0111104 0.0548944 0.623934 0.0609325 9.99386E-05 9.99386E-05 9.99386E-05 9.99386E-05
9.99034E-05 9.99034E-05 0.243072 9.99034E-05 9.99034E-05 9.99034E-05 9.99034E-05 9.99034E-05 0.609474 9.99034E-05 9.99034E-05 9.99034E-05 0.146355 9.99034E-05
9.9921E-05 9.9921E-05 0.0301415 9.9921E-05 9.9921E-05 0.0624897 0.00424497 9.9921E-05 0.900333 0.00189139 9.9921E-05 9.9921E-05 9.9921E-05 9.9921E-05
9.9921E-05 9.9921E-05 0.0895979 9.9921E-05 0.0110293 9.9921E-05 9.9921E-05 9.9921E-05 0.616216 0.0435789 9.9921E-05 0.238679 9.9921E-05 9.9921E-05
9.99122E-05 9.99122E-05 9.99122E-05 0.0757906 9.99122E-05 9.99122E-05 9.99122E-05 0.0265534 0.882445 9.99122E-05 0.0142121 9.99122E-05 9.99122E-05 9.99122E-05
9.99298E-05 9.99298E-05 0.176555 9.99298E-05 0.0839453 9.99298E-05 0.0478205 9.99298E-05 0.402776 0.0716416 9.99298E-05 0.216462 9.99298E-05 9.99298E-05
0.134774 9.99385E-05 0.193364 9.99385E-05 9.99385E-05 0.0996047 0.0002572 9.99385E-05 0.352653 0.00469337 9.99385E-05 0.213953 9.99385E-05 9.99385E-05
9.99122E-05 9.99122E-05 0.00262571 9.99122E-05 9.99122E-05 0.0506726 9.99122E-05 9.99122E-05 0.904117 9.99122E-05 9.99122E-05 9.99122E-05 9.99122E-05 0.0415858
9.9921E-05 0.0362771 0.0368138 9.9921E-05 9.9921E-05 9.9921E-05 0.0128069 9.9921E-05 0.899527 0.0136757 9.9921E-05 9.9921E-05 9.9921E-05 9.9921E-05
9.98947E-05 0.0390714 9.98947E-05 9.98947E-05 9.98947E-05 9.98947E-05 9.98947E-05 9.98947E-05 0.95973 9.98947E-05 9.98947E-05 9.98947E-05 9.98947E-05 9.98947E-05
9.99101E-05 9.99101E-05 0.111443 9.99101E-05 9.99101E-05 0.0429344 0.0902355 9.99101E-05 0.593378 9.99101E-05 9.99101E-05 0.16111 9.99101E-05 9.99101E-05
9.99212E-05 0.0047766 9.99212E-05 9.99212E-05 9.99212E-05 9.99212E-05 0.0118695 9.99212E-05 0.813883 0.00269381 9.99212E-05 9.99212E-05 0.165878 9.99212E-05
9.99385E-05 9.99385E-05 0.342426 9.99385E-05 0.021603 0.0728022 0.123714 9.99385E-05 0.349434 0.0611943 9.99385E-05 0.0281267 9.99385E-05 9.99385E-05
0.00121103 9.99298E-05 9.99298E-05 9.99298E-05 9.99298E-05 0.205457 9.99298E-05 9.99298E-05 0.678357 0.00347184 9.99298E-05 9.99298E-05 0.0604124 0.0502915
9.99298E-05 0.0496556 0.0198986 9.99298E-05 0.0442689 9.99298E-05 9.99298E-05 0.013283 0.860453 9.99298E-05 0.0116411 9.99298E-05 9.99298E-05 9.99298E-05
9.99124E-05 9.99124E-05 9.99124E-05 9.99124E-05 9.99124E-05 9.99124E-05 9.99124E-05 9.99124E-05 0.612215 9.99124E-05 0.0125331 9.99124E-05 0.241317 0.132936
9.99036E-05 9.99036E-05 0.056917 9.99036E-05 9.99036E-05 9.99036E-05 9.99036E-05 9.99036E-05 0.808995 9.99036E-05 0.132989 9.99036E-05 9.99036E-05 9.99036E-05
0.0278172 9.99298E-05 9.99298E-05 0.0226567 9.99298E-05 9.99298E-05 9.99298E-05 9.99298E-05 0.766378 9.99298E-05 9.99298E-05 0.000232851 0.0559807 0.126135
9.99122E-05 0.128447 9.99122E-05 9.99122E-05 9.99122E-05 0.0278821 9.99122E-05 0.0677341 0.774938 9.99122E-05 9.99122E-05 9.99122E-05 9.99122E-05 9.99122E-05
9.99123E-05 9.99123E-05 0.100719 9.99123E-05 9.99123E-05 0.036897 0.0185026 9.99123E-05 0.842882 9.99123E-05 9.99123E-05 9.99123E-05 9.99123E-05 9.99123E-05
9.9921E-05 9.9921E-05 0.0142855 9.9921E-05 9.9921E-05 0.0961037 9.9921E-05 0.0161935 0.832021 0.0404974 9.9921E-05 9.9921E-05 9.9921E-05 9.9921E-05
9.99297E-05 0.0504414 0.278377 9.99297E-05 9.99297E-05 9.99297E-05 0.0179556 0.106675 9.99297E-05 0.0154822 9.99297E-05 0.53027 9.99297E-05 9.99297E-05
9.99299E-05 9.99299E-05 9.99299E-05 9.99299E-05 0.0126854 0.0561187 9.99299E-05 0.0888419 0.0582152 9.99299E-05 9.99299E-05 0.729758 0.0535817 9.99299E-05
9.9921E-05 0.157743 9.9921E-05 0.150973 9.9921E-05 9.9921E-05 9.9921E-05 0.132634 9.9921E-05 9.9921E-05 9.9921E-05 0.513482 0.0442687 9.9921E-05
9.99211E-05 9.99211E-05 0.149641 9.99211E-05 9.99211E-05 9.99211E-05 9.99211E-05 0.438598 9.99211E-05 0.118002 9.99211E-05 0.267804 0.0250556 9.99211E-05
9.99473E-05 0.0600463 0.0981264 9.99473E-05 9.99473E-05 0.00974758 9.99473E-05 0.0406756 9.99473E-05 0.0454871 0.00108841 0.645502 9.99473E-05 0.0987271
9.99209E-05 9.99209E-05 0.310556 9.99209E-05 0.03972 9.99209E-05 9.99209E-05 0.013404 9.99209E-05 0.043297 9.99209E-05 0.592124 9.99209E-05 9.99209E-05
9.9921E-05 9.9921E-05 0.263359 9.9921E-05 9.9921E-05 0.040141 0.0449589 0.366717 9.9921E-05 9.9921E-05 9.9921E-05 0.283925 9.9921E-05 9.9921E-05
9.99209E-05 0.153866 0.220076 9.99209E-05 9.99209E-05 9.99209E-05 9.99209E-05 0.20762 9.99209E-05 0.0485595 9.99209E-05 0.368979 9.99209E-05 9.99209E-05
9.99211E-05 9.99211E-05 0.0130848 0.0333726 0.0607094 9.99211E-05 9.99211E-05 0.121757 9.99211E-05 9.99211E-05 9.99211E-05 0.770177 9.99211E-05 9.99211E-05
9.99385E-05 9.99385E-05 0.0572725 9.99385E-05 9.99385E-05 0.136573 0.0313877 0.0293913 0.115074 0.00362572 9.99385E-05 0.625976 9.99385E-05 9.99385E-05
9.99209E-05 0.0140246 0.404541 9.99209E-05 9.99209E-05 9.99209E-05 0.153068 9.99209E-05 9.99209E-05 0.0453718 9.99209E-05 0.382095 9.99209E-05 9.99209E-05
9.99297E-05 9.99297E-05 0.0386013 9.99297E-05 9.99297E-05 9.99297E-05 0.0804237 0.188388 9.99297E-05 9.99297E-05 0.0872076 0.500443 0.104136 9.99297E-05
0.150456 9.99385E-05 0.139029 9.99385E-05 9.99385E-05 9.99385E-05 0.128188 0.00855162 9.99385E-05 0.0515036 9.99385E-05 0.460668 0.0609031 9.99385E-05
9.99034E-05 9.99034E-05 0.323838 9.99034E-05 9.99034E-05 9.99034E-05 9.99034E-05 0.0756189 9.99034E-05 9.99034E-05 9.99034E-05 0.599444 9.99034E-05 9.99034E-05
9.99474E-05 9.99474E-05 0.0481818 0.0531243 0.0137017 9.99474E-05 0.0282803 0.10822 0.0678945 9.99474E-05 9.99474E-05 0.630749 0.0492493 9.99474E-05
9.99298E-05 0.0160707 0.0480003 0.0779718 9.99298E-05 9.99298E-05 9.99298E-05 0.116154 9.99298E-05 0.0177169 9.99298E-05 0.723287 9.99298E-05 9.99298E-05
9.9921E-05 0.16965 0.0911623 9.9921E-05 9.9921E-05 0.102675 9.9921E-05 0.0770861 9.9921E-05 9.9921E-05 9.9921E-05 0.558527 9.9921E-05 9.9921E-05
9.99122E-05 9.99122E-05 9.99122E-05 9.99122E-05 9.99122E-05 0.192253 0.101756 9.99122E-05 9.99122E-05 0.0348836 9.99122E-05 0.670108 9.99122E-05 9.99122E-05
9.99298E-05 0.137883 0.144346 9.99298E-05 9.99298E-05 9.99298E-05 0.0019135 0.0159091 0.00835824 9.99298E-05 9.99298E-05 0.690791 9.99298E-05 9.99298E-05
9.99297E-05 0.0111845 0.409692 9.99297E-05 9.99297E-05 9.99297E-05 0.00653022 0.0863934 9.99297E-05 9.99297E-05 9.99297E-05 0.411946 0.0734543 9.99297E-05
0.0554174 9.99212E-05 9.99212E-05 0.117347 9.99212E-05 9.99212E-05 9.99212E-05 0.0927436 0.00632183 9.99212E-05 9.99212E-05 0.727271 9.99212E-05 9.99212E-05
9.99121E-05 0.0302556 0.153069 9.99121E-05 9.99121E-05 9.99121E-05 9.99121E-05 0.0276386 9.99121E-05 9.99121E-05 9.99121E-05 0.788037 9.99121E-05 9.99121E-05
9.99298E-05 0.052749 0.126753 0.0720136 9.99298E-05 9.99298E-05 0.00211649 9.99298E-05 9.99298E-05 9.99298E-05 0.019792 0.725777 9.99298E-05 9.99298E-05
9.99298E-05 0.127729 0.176511 9.99298E-05 0.0365454 0.183398 9.99298E-05 9.99298E-05 9.99298E-05 0.0457159 9.99298E-05 0.429301 9.99298E-05 9.99298E-05
9.99034E-05 9.99034E-05 0.0961863 9.99034E-05 9.99034E-05 9.99034E-05 0.225035 9.99034E-05 9.99034E-05 9.99034E-05 9.99034E-05 0.67768 9.99034E-05 9.99034E-05
9.99387E-05 9.99387E-05 0.0950586 9.99387E-05 9.99387E-05 9.99387E-05 0.000254899 0.163149 0.1141 0.00688547 9.99387E-05 0.599161 9.99387E-05 0.0206911
9.99123E-05 9.99123E-05 9.99123E-05 0.0822216 9.99123E-05 9.99123E-05 9.99123E-05 0.00273207 0.00567867 9.99123E-05 9.99123E-05 0.908369 9.99123E-05 9.99123E-05
9.99124E-05 9.99124E-05 0.168924 9.99124E-05 9.99124E-05 0.0657047 9.99124E-05 0.0967325 9.99124E-05 9.99124E-05 9.99124E-05 0.66764 9.99124E-05 9.99124E-05
9.99212E-05 0.192726 0.0161996 9.99212E-05 9.99212E-05 9.99212E-05 9.99212E-05 9.99212E-05 0.0462197 0.0377016 9.99212E-05 0.706254 9.99212E-05 9.99212E-05
9.99299E-05 9.99299E-05 0.147611 0.113299 9.99299E-05 9.99299E-05 9.99299E-05 0.162759 0.0428537 0.106972 9.99299E-05 0.425706 9.99299E-05 9.99299E-05
0.0745993 9.99122E-05 0.47824 0.233355 9.99122E-05 9.99122E-05 9.99122E-05 9.99122E-05 9.99122E-05 0.212806 9.99122E-05 9.99122E-05 9.99122E-05 9.99122E-05
9.99123E-05 9.99123E-05 0.242634 0.595275 9.99123E-05 9.99123E-05 9.99123E-05 9.99123E-05 0.0436177 0.117475 9.99123E-05 9.99123E-05 9.99123E-05 9.99123E-05
0.0755022 9.99385E-05 0.489797 0.250507 9.99385E-05 9.99385E-05 0.047093 9.99385E-05 9.99385E-05 0.108687 0.0269911 0.000721984 9.99385E-05 9.99385E-05
9.99209E-05 0.0220666 0.632919 0.0900073 9.99209E-05 9.99209E-05 0.069507 9.99209E-05 9.99209E-05 0.184601 9.99209E-05 9.99209E-05 9.99209E-05 9.99209E-05
0.0372886 0.00864293 0.357879 0.194093 0.11697 9.99473E-05 9.99473E-05 9.99473E-05 9.99473E-05 0.233857 9.99473E-05 9.99473E-05 0.026611 0.0240586
9.9921E-05 9.9921E-05 0.418516 0.236013 9.9921E-05 0.0178955 9.9921E-05 0.113554 9.9921E-05 0.213121 9.9921E-05 9.9921E-05 9.9921E-05 9.9921E-05
9.99297E-05 0.0453724 0.469483 0.24049 9.99297E-05 9.99297E-05 0.0824237 9.99297E-05 9.99297E-05 0.150086 9.99297E-05 0.011346 9.99297E-05 9.99297E-05
9.99473E-05 0.0153202 0.343631 0.137735 9.99473E-05 0.00726258 0.022015 9.99473E-05 9.99473E-05 0.413716 0.0303841 9.99473E-05 9.99473E-05 0.0293366
9.99297E-05 9.99297E-05 0.24139 9.99297E-05 9.99297E-05 9.99297E-05 0.0649137 0.205114 9.99297E-05 0.423448 0.0151878 0.0491477 9.99297E-05 9.99297E-05
9.99297E-05 0.0265456 0.499318 0.146114 9.99297E-05 9.99297E-05 0.0170002 9.99297E-05 9.99297E-05 0.254695 0.0555272 9.99297E-05 9.99297E-05 9.99297E-05
9.9921E-05 9.9921E-05 0.171491 0.465532 9.9921E-05 9.9921E-05 0.0318049 0.251695 9.9921E-05 0.0785776 9.9921E-05 9.9921E-05 9.9921E-05 9.9921E-05
9.99298E-05 9.99298E-05 0.357654 0.360884 9.99298E-05 9.99298E-05 0.0738672 0.157007 9.99298E-05 0.0365811 9.99298E-05 9.99298E-05 9.99298E-05 0.0132067
9.99122E-05 0.0833174 0.190915 0.504044 9.99122E-05 9.99122E-05 9.99122E-05 9.99122E-05 9.99122E-05 0.220725 9.99122E-05 9.99122E-05 9.99122E-05 9.99122E-05
9.99122E-05 9.99122E-05 0.465917 0.296611 9.99122E-05 9.99122E-05 0.0330583 9.99122E-05 9.99122E-05 0.203415 9.99122E-05 9.99122E-05 9.99122E-05 9.99122E-05
9.99473E-05 0.153886 0.204457 0.395057 9.99473E-05 9.99473E-05 0.0456999 9.99473E-05 9.99473E-05 0.119157 0.0275077 9.99473E-05 0.0526292 0.00100494
9.9921E-05 9.9921E-05 0.389762 0.228349 9.9921E-05 9.9921E-05 0.119018 0.107806 9.9921E-05 0.154167 9.9921E-05 9.9921E-05 9.9921E-05 9.9921E-05
9.99209E-05 9.99209E-05 0.347805 0.241526 9.99209E-05 9.99209E-05 9.99209E-05 0.305564 9.99209E-05 0.0299726 9.99209E-05 9.99209E-05 9.99209E-05 0.0742329
0.155719 9.99386E-05 0.151629 0.379026 9.99386E-05 9.99386E-05 0.0272136 9.99386E-05 9.99386E-05 0.206031 9.99386E-05 0.0370579 0.0426235 9.99386E-05
0.146749 9.99297E-05 0.198176 0.441264 9.99297E-05 9.99297E-05 0.0559928 0.0303072 9.99297E-05 0.126711 9.99297E-05 9.99297E-05 9.99297E-05 9.99297E-05
9.99386E-05 9.99386E-05 0.238534 0.329623 0.00516831 0.144536 0.05669 9.99386E-05 9.99386E-05 0.151352 9.99386E-05 9.99386E-05 9.99386E-05 0.0733969
0.0972136 9.99297E-05 0.358294 0.285053 9.99297E-05 0.0155924 9.99297E-05 0.138621 9.99297E-05 0.104427 9.99297E-05 9.99297E-05 9.99297E-05 9.99297E-05
9.99209E-05 0.011195 0.379718 0.343077 9.99209E-05 9.99209E-05 0.123239 9.99209E-05 9.99209E-05 0.141872 9.99209E-05 9.99209E-05 9.99209E-05 9.99209E-05
9.99122E-05 9.99122E-05 0.449741 9.99122E-05 9.99122E-05 9.99122E-05 9.99122E-05 0.133107 9.99122E-05 0.34004 9.99122E-05 9.99122E-05 9.99122E-05 0.0761118
9.99209E-05 9.99209E-05 0.248098 0.42121 9.99209E-05 9.99209E-05 0.0132482 9.99209E-05 9.99209E-05 0.276467 0.0400777 9.99209E-05 9.99209E-05 9.99209E-05
0.121161 9.9921E-05 0.46154 9.9921E-05 9.9921E-05 9.9921E-05 9.9921E-05 0.11117 9.9921E-05 0.28114 9.9921E-05 9.9921E-05 9.9921E-05 0.0240908
9.99211E-05 9.99211E-05 0.338796 0.371597 9.99211E-05 9.99211E-05 0.0798741 0.0603316 9.99211E-05 0.148501 9.99211E-05 9.99211E-05 9.99211E-05 9.99211E-05
9.99035E-05 9.99035E-05 0.129044 0.706188 0.163669 9.99035E-05 9.99035E-05 9.99035E-05 9.99035E-05 9.99035E-05 9.99035E-05 9.99035E-05 9.99035E-05 9.99035E-05
0.00122837 9.9921E-05 0.617429 0.0377844 9.9921E-05 9.9921E-05 9.9921E-05 9.9921E-05 9.9921E-05 0.242951 9.9921E-05 9.9921E-05 9.9921E-05 0.099708
9.9921E-05 9.9921E-05 0.531686 0.141502 9.9921E-05 9.9921E-05 9.9921E-05 0.012446 9.9921E-05 0.294203 9.9921E-05 9.9921E-05 9.9921E-05 0.019264
0.105466 9.9921E-05 0.396753 0.315113 9.9921E-05 9.9921E-05 0.0895456 9.9921E-05 9.9921E-05 0.0922222 9.9921E-05 9.9921E-05 9.9921E-05 9.9921E-05
9.99298E-05 9.99298E-05 0.52253 0.226539 9.99298E-05 9.99298E-05 0.0865172 0.0325097 9.99298E-05 0.120909 9.99298E-05 9.99298E-05 0.010196 9.99298E-05
9.99297E-05 9.99297E-05 0.425354 0.343294 9.99297E-05 9.99297E-05 0.0587473 9.99297E-05 9.99297E-05 0.0665164 9.99297E-05 9.99297E-05 0.0582484 0.0470401
0.0592215 9.99122E-05 0.472382 9.99122E-05 9.99122E-05 9.99122E-05 9.99122E-05 9.99122E-05 9.99122E-05 0.309961 9.99122E-05 9.99122E-05 9.99122E-05 0.157436
9.9921E-05 9.9921E-05 0.447204 0.117577 9.9921E-05 9.9921E-05 9.9921E-05 9.9921E-05 9.9921E-05 0.176816 0.236312 9.9921E-05 9.9921E-05 0.0211919
9.99209E-05 9.99209E-05 0.495789 0.375583 9.99209E-05 0.0402604 9.99209E-05 9.99209E-05 9.99209E-05 0.0821597 9.99209E-05 9.99209E-05 9.99209E-05 0.00530849
9.99472E-05 9.99472E-05 0.0862209 0.40363 9.99472E-05 0.0745195 0.093064 0.0657506 9.99472E-05 0.175986 9.99472E-05 9.99472E-05 0.0817103 0.0185188
9.9921E-05 0.0484646 0.602441 0.0618546 9.9921E-05 9.9921E-05 0.0559152 9.9921E-05 9.9921E-05 0.230426 9.9921E-05 9.9921E-05 9.9921E-05 9.9921E-05
0.017956 0.010466 0.0698428 0.774825 9.99297E-05 9.99297E-05 9.99297E-05 9.99297E-05 9.99297E-05 0.113961 9.99297E-05 9.99297E-05 0.012149 9.99297E-05
9.99298E-05 0.0177202 0.31476 0.531863 9.99298E-05 9.99298E-05 0.0351443 9.99298E-05 9.99298E-05 0.0537991 9.99298E-05 9.99298E-05 9.99298E-05 0.0459142
0.113923 9.99298E-05 0.158911 0.62429 9.99298E-05 9.99298E-05 0.0123463 9.99298E-05 9.99298E-05 0.0868289 0.00290167 9.99298E-05 9.99298E-05 9.99298E-05
9.9921E-05 0.0418239 9.9921E-05 0.729491 9.9921E-05 9.9921E-05 9.9921E-05 0.0611721 9.9921E-05 0.0785101 9.9921E-05 9.9921E-05 9.9921E-05 0.0881035
9.9921E-05 9.9921E-05 0.618407 0.0545879 9.9921E-05 9.9921E-05 0.00511044 0.0981059 9.9921E-05 0.222889 9.9921E-05 9.9921E-05 9.9921E-05 9.9921E-05
0.12727 9.99209E-05 0.190897 0.277893 9.99209E-05 9.99209E-05 9.99209E-05 9.99209E-05 9.99209E-05 0.244398 0.158643 9.99209E-05 9.99209E-05 9.99209E-05
9.99211E-05 9.99211E-05 0.125969 0.571181 9.99211E-05 9.99211E-05 9.99211E-05 0.029256 9.99211E-05 0.150959 9.99211E-05 9.99211E-05 9.99211E-05 0.121736
9.99034E-05 9.99034E-05 0.229801 0.7655 9.99034E-05 9.99034E-05 9.99034E-05 9.99034E-05 9.99034E-05 0.00360059 9.99034E-05 9.99034E-05 9.99034E-05 9.99034E-05
9.99385E-05 0.0157632 0.254899 9.99385E-05 9.99385E-05 9.99385E-05 0.0182706 0.24241 9.99385E-05 0.301961 9.99385E-05 0.00421951 9.99385E-05 0.161778
9.99298E-05 0.0240338 0.364089 0.226751 9.99298E-05 9.99298E-05 0.0494285 9.99298E-05 9.99298E-05 0.191846 9.99298E-05 0.143051 9.99298E-05 9.99298E-05
9.99298E-05 9.99298E-05 0.141998 0.260884 0.147809 9.99298E-05 9.99298E-05 0.149466 9.99298E-05 0.22462 9.99298E-05 9.99298E-05 0.0744237 9.99298E-05
0.0215995 0.0352486 0.368743 0.0692499 9.99473E-05 9.99473E-05 0.00822374 9.99473E-05 9.99473E-05 0.369841 9.99473E-05 9.99473E-05 0.0107351 0.115759
9.99034E-05 9.99034E-05 0.215087 0.750563 9.99034E-05 9.99034E-05 9.99034E-05 9.99034E-05 9.99034E-05 0.0332503 9.99034E-05 9.99034E-05 9.99034E-05 9.99034E-05
9.99298E-05 9.99298E-05 0.510736 0.00537545 9.99298E-05 0.28394 0.0434834 9.99298E-05 9.99298E-05 0.12663 9.99298E-05 9.99298E-05 0.0290364 9.99298E-05
0.0702141 9.99385E-05 0.0652299 0.620243 9.99385E-05 9.99385E-05 0.0214492 0.0624369 9.99385E-05 0.116864 0.0428627 9.99385E-05 9.99385E-05 9.99385E-05
9.99211E-05 0.00597753 0.307857 0.410124 9.99211E-05 9.99211E-05 0.0736089 9.99211E-05 9.99211E-05 0.201533 9.99211E-05 9.99211E-05 9.99211E-05 9.99211E-05
0.00255422 0.0275077 0.28991 0.179115 9.99385E-05 9.99385E-05 9.99385E-05 0.116971 9.99385E-05 0.226774 9.99385E-05 9.99385E-05 0.156468 9.99385E-05
9.99473E-05 0.0567555 0.366726 0.263523 9.99473E-05 0.162755 0.0368285 9.99473E-05 9.99473E-05 0.0810847 0.0155717 9.99473E-05 9.99473E-05 0.0161553
9.99034E-05 9.99034E-05 0.493285 9.99034E-05 9.99034E-05 9.99034E-05 9.99034E-05 0.234774 9.99034E-05 0.270842 9.99034E-05 9.99034E-05 9.99034E-05 9.99034E-05
9.99209E-05 9.99209E-05 0.468763 0.156531 9.99209E-05 9.99209E-05 0.0278928 9.99209E-05 9.99209E-05 0.29383 0.0520843 9.99209E-05 9.99209E-05 9.99209E-05
0.051515 9.99385E-05 0.361689 0.250877 9.99385E-05 9.99385E-05 0.083491 9.99385E-05 9.99385E-05 0.194814 9.99385E-05 9.99385E-05 0.0457359 0.0111789
9.99473E-05 9.99473E-05 0.283333 0.415675 0.0101218 9.99473E-05 0.0141715 0.0220467 9.99473E-05 0.030179 9.99473E-05 9.99473E-05 0.0270639 0.19681
9.99122E-05 9.99122E-05 0.230483 0.356492 9.99122E-05 9.99122E-05 9.99122E-05 0.172077 9.99122E-05 0.239949 9.99122E-05 9.99122E-05 9.99122E-05 9.99122E-05
9.98855E-05 9.98855E-05 0.998701 9.98855E-05 9.98855E-05 9.98855E-05 9.98855E-05 9.98855E-05 9.98855E-05 9.98855E-05 9.98855E-05 9.98855E-05 9.98855E-05 9.98855E-05
9.98856E-05 9.98856E-05 9.98856E-05 9.98856E-05 9.98856E-05 9.98856E-05 9.98856E-05 9.98856E-05 9.98856E-05 0.998701 9.98856E-05 9.98856E-05 9.98856E-05 9.98856E-05
9.98856E-05 9.98856E-05 0.998701 9.98856E-05 9.98856E-05 9.98856E-05 9.98856E-05 9.98856E-05 9.98856E-05 9.98856E-05 9.98856E-05 9.98856E-05 9.98856E-05 9.98856E-05
9.98856E-05 9.98856E-05 9.98856E-05 9.98856E-05 9.98856E-05 9.98856E-05 9.98856E-05 9.98856E-05 9.98856E-05 0.998701 9.98856E-05 9.98856E-05 9.98856E-05 9.98856E-05
9.98856E-05 9.98856E-05 9.98856E-05 9.98856E-05 9.98856E-05 9.98856E-05 9.98856E-05 9.98856E-05 9.98856E-05 0.998701 9.98856E-05 9.98856E-05 9.98856E-05 9.98856E-05
9.98857E-05 9.98857E-05 9.98857E-05 9.98857E-05 9.98857E-05 9.98857E-05 9.98857E-05 9.98857E-05 9.98857E-05 0.998701 9.98857E-05 9.98857E-05 9.98857E-05 9.98857E-05
9.98856E-05 9.98856E-05 0.998701 9.98856E-05 9.98856E-05 9.98856E-05 9.98856E-05 9.98856E-05 9.98856E-05 9.98856E-05 9.98856E-05 9.98856E-05 9.98856E-05 9.98856E-05
9.98856E-05 9.98856E-05 9.98856E-05 9.98856E-05 9.98856E-05 9.98856E-05 9.98856E-05 9.98856E-05 9.98856E-05 0.998701 9.98856E-05 9.98856E-05 9.98856E-05 9.98856E-05
9.98855E-05 9.98855E-05 9.98855E-05 9.98855E-05 9.98855E-05 9.98855E-05 9.98855E-05 9.98855E-05 9.98855E-05 0.998701 9.98855E-05 9.98855E-05 9.98855E-05 9.98855E-05
9.98855E-05 9.98855E-05 0.998701 9.98855E-05 9.98855E-05 9.98855E-05 9.98855E-05 9.98855E-05 9.98855E-05 9.98855E-05 9.98855E-05 9.98855E-05 9.98855E-05 9.98855E-05
9.98856E-05 9.98856E-05 0.998701 9.98856E-05 9.98856E-05 9.98856E-05 9.98856E-05 9.98856E-05 9.98856E-05 9.98856E-05 9.98856E-05 9.98856E-05 9.98856E-05 9.98856E-05
9.98856E-05 9.98856E-05 0.998701 9.98856E-05 9.98856E-05 9.98856E-05 9.98856E-05 9.98856E-05 9.98856E-05 9.98856E-05 9.98856E-05 9.98856E-05 9.98856E-05 9.98856E-05
9.98857E-05 9.98857E-05 9.98857E-05 9.98857E-05 9.98857E-05 9.98857E-05 9.98857E-05 9.98857E-05 9.98857E-05 0.998701 9.98857E-05 9.98857E-05 9.98857E-05 9.98857E-05
9.98856E-05 9.98856E-05 9.98856E-05 9.98856E-05 9.98856E-05 9.98856E-05 9.98856E-05 9.98856E-05 9.98856E-05 0.998701 9.98856E-05 9.98856E-05 9.98856E-05 9.98856E-05
9.98857E-05 9.98857E-05 0.998701 9.98857E-05 9.98857E-05 9.98857E-05 9.98857E-05 9.98857E-05 9.98857E-05 9.98857E-05 9.98857E-05 9.98857E-05 9.98857E-05 9.98857E-05
9.98856E-05 9.98856E-05 0.998701 9.98856E-05 9.98856E-05 9.98856E-05 9.98856E-05 9.98856E-05 9.98856E-05 9.98856E-05 9.98856E-05 9.98856E-05 9.98856E-05 9.98856E-05
9.99561E-05 9.99561E-05 0.525013 0.012374 0.0368691 0.145592 0.0194051 9.99561E-05 9.99561E-05 0.155189 0.0492452 9.99561E-05 0.048058 0.00775496
9.98856E-05 9.98856E-05 0.998701 9.98856E-05 9.98856E-05 9.98856E-05 9.98856E-05 9.98856E-05 9.98856E-05 9.98856E-05 9.98856E-05 9.98856E-05 9.98856E-05 9.98856E-05
9.98857E-05 9.98857E-05 9.98857E-05 9.98857E-05 9.98857E-05 9.98857E-05 9.98857E-05 9.98857E-05 9.98857E-05 0.998701 9.98857E-05 9.98857E-05 9.98857E-05 9.98857E-05
9.98855E-05 9.98855E-05 0.998701 9.98855E-05 9.98855E-05 9.98855E-05 9.98855E-05 9.98855E-05 9.98855E-05 9.98855E-05 9.98855E-05 9.98855E-05 9.98855E-05 9.98855E-05
9.98855E-05 9.98855E-05 0.998701 9.98855E-05 9.98855E-05 9.98855E-05 9.98855E-05 9.98855E-05 9.98855E-05 9.98855E-05 9.98855E-05 9.98855E-05 9.98855E-05 9.98855E-05
9.98855E-05 9.98855E-05 0.998701 9.98855E-05 9.98855E-05 9.98855E-05 9.98855E-05 9.98855E-05 9.98855E-05 9.98855E-05 9.98855E-05 9.98855E-05 9.98855E-05 9.98855E-05
9.98856E-05 9.98856E-05 9.98856E-05 9.98856E-05 9.98856E-05 9.98856E-05 9.98856E-05 9.98856E-05 9.98856E-05 0.998701 9.98856E-05 9.98856E-05 9.98856E-05 9.98856E-05
9.98856E-05 9.98856E-05 0.998701 9.98856E-05 9.98856E-05 9.98856E-05 9.98856E-05 9.98856E-05 9.98856E-05 9.98856E-05 9.98856E-05 9.98856E-05 9.98856E-05 9.98856E-05
9.98856E-05 9.98856E-05 9.98856E-05 9.98856E-05 9.98856E-05 9.98856E-05 9.98856E-05 9.98856E-05 9.98856E-05 0.998701 9.98856E-05 9.98856E-05 9.98856E-05 9.98856E-05
9.98856E-05 9.98856E-05 0.998701 9.98856E-05 9.98856E-05 9.98856E-05 9.98856E-05 9.98856E-05 9.98856E-05 9.98856E-05 9.98856E-05 9.98856E-05 9.98856E-05 9.98856E-05
9.98856E-05 9.98856E-05 0.998701 9.98856E-05 9.98856E-05 9.98856E-05 9.98856E-05 9.98856E-05 9.98856E-05 9.98856E-05 9.98856E-05 9.98856E-05 9.98856E-05 9.98856E-05
9.98855E-05 9.98855E-05 9.98855E-05 9.98855E-05 9.98855E-05 9.98855E-05 9.98855E-05 9.98855E-05 9.98855E-05 0.998701 9.98855E-05 9.98855E-05 9.98855E-05 9.98855E-05
9.98857E-05 9.98857E-05 9.98857E-05 9.98857E-05 9.98857E-05 9.98857E-05 9.98857E-05 9.98857E-05 9.98857E-05 0.998701 9.98857E-05 9.98857E-05 9.98857E-05 9.98857E-05
9.98857E-05 9.98857E-05 9.98857E-05 9.98857E-05 9.98857E-05 9.98857E-05 9.98857E-05 9.98857E-05 9.98857E-05 0.998701 9.98857E-05 9.98857E-05 9.98857E-05 9.98857E-05
9.98856E-05 9.98856E-05 0.998701 9.98856E-05 9.98856E-05 9.98856E-05 9.98856E-05 9.98856E-05 9.98856E-05 9.98856E-05 9.98856E-05 9.98856E-05 9.98856E-05 9.98856E-05
9.98856E-05 9.98856E-05 0.998701 9.98856E-05 9.98856E-05 9.98856E-05 9.98856E-05 9.98856E-05 9.98856E-05 9.98856E-05 9.98856E-05 9.98856E-05 9.98856E-05 9.98856E-05
9.98856E-05 9.98856E-05 0.998701 9.98856E-05 9.98856E-05 9.98856E-05 9.98856E-05 9.98856E-05 9.98856E-05 9.98856E-05 9.98856E-05 9.98856E-05 9.98856E-05 9.98856E-05
9.98855E-05 9.98855E-05 0.998701 9.98855E-05 9.98855E-05 9.98855E-05 9.98855E-05 9.98855E-05 9.98855E-05 9.98855E-05 9.98855E-05 9.98855E-05 9.98855E-05 9.98855E-05
9.98856E-05 9.98856E-05 0.998701 9.98856E-05 9.98856E-05 9.98856E-05 9.98856E-05 9.98856E-05 9.98856E-05 9.98856E-05 9.98856E-05 9.98856E-05 9.98856E-05 9.98856E-05
9.98857E-05 9.98857E-05 9.98857E-05 9.98857E-05 9.98857E-05 9.98857E-05 9.98857E-05 9.98857E-05 9.98857E-05 0.998701 9.98857E-05 9.98857E-05 9.98857E-05 9.98857E-05
9.98856E-05 9.98856E-05 9.98856E-05 9.98856E-05 9.98856E-05 9.98856E-05 9.98856E-05 9.98856E-05 9.98856E-05 0.998701 9.98856E-05 9.98856E-05 9.98856E-05 9.98856E-05
9.98856E-05 9.98856E-05 9.98856E-05 9.98856E-05 9.98856E-05 9.98856E-05 9.98856E-05 9.98856E-05 9.98856E-05 0.998701 9.98856E-05 9.98856E-05 9.98856E-05 9.98856E-05
9.98855E-05 9.98855E-05 0.998701 9.98855E-05 9.98855E-05 9.98855E-05 9.98855E-05 9.98855E-05 9.98855E-05 9.98855E-05 9.98855E-05 9.98855E-05 9.98855E-05 9.98855E-05
9.98856E-05 9.98856E-05 9.98856E-05 9.98856E-05 9.98856E-05 9.98856E-05 9.98856E-05 9.98856E-05 9.98856E-05 0.998701 9.98856E-05 9.98856E-05 9.98856E-05 9.98856E-05
9.98856E-05 9.98856E-05 9.98856E-05 9.98856E-05 9.98856E-05 9.98856E-05 9.98856E-05 9.98856E-05 9.98856E-05 0.998701 9.98856E-05 9.98856E-05 9.98856E-05 9.98856E-05
9.98856E-05 9.98856E-05 9.98856E-05 9.98856E-05 9.98856E-05 9.98856E-05 9.98856E-05 9.98856E-05 9.98856E-05 0.998701 9.98856E-05 9.98856E-05 9.98856E-05 9.98856E-05
9.98856E-05 9.98856E-05 9.98856E-05 9.98856E-05 9.98856E-05 9.98856E-05 9.98856E-05 9.98856E-05 9.98856E-05 0.998701 9.98856E-05 9.98856E-05 9.98856E-05 9.98856E-05
9.98855E-05 9.98855E-05 0.998701 9.98855E-05 9.98855E-05 9.98855E-05 9.98855E-05 9.98855E-05 9.98855E-05 9.98855E-05 9.98855E-05 9.98855E-05 9.98855E-05 9.98855E-05
9.98856E-05 9.98856E-05 9.98856E-05 9.98856E-05 9.98856E-05 9.98856E-05 9.98856E-05 9.98856E-05 9.98856E-05 0.998701 9.98856E-05 9.98856E-05 9.98856E-05 9.98856E-05
9.98856E-05 9.98856E-05 9.98856E-05 9.98856E-05 9.98856E-05 9.98856E-05 9.98856E-05 9.98856E-05 9.98856E-05 0.998701 9.98856E-05 9.98856E-05 9.98856E-05 9.98856E-05
9.99561E-05 9.99561E-05 0.456063 0.023995 0.0804753 0.152302 9.99561E-05 0.00450417 9.99561E-05 0.0964914 0.128679 9.99561E-05 0.0319069 0.025084
9.98856E-05 9.98856E-05 0.998701 9.98856E-05 9.98856E-05 9.98856E-05 9.98856E-05 9.98856E-05 9.98856E-05 9.98856E-05 9.98856E-05 9.98856E-05 9.98856E-05 9.98856E-05
9.98856E-05 9.98856E-05 9.98856E-05 9.98856E-05 9.98856E-05 9.98856E-05 9.98856E-05 9.98856E-05 9.98856E-05 0.998701 9.98856E-05 9.98856E-05 9.98856E-05 9.98856E-05
9.98856E-05 9.98856E-05 9.98856E-05 9.98856E-05 9.98856E-05 9.98856E-05 9.98856E-05 9.98856E-05 9.98856E-05 0.998701 9.98856E-05 9.98856E-05 9.98856E-05 9.98856E-05
9.98856E-05 9.98856E-05 9.98856E-05 9.98856E-05 9.98856E-05 9.98856E-05 9.98856E-05 9.98856E-05 9.98856E-05 0.998701 9.98856E-05 9.98856E-05 9.98856E-05 9.98856E-05
9.98857E-05 9.98857E-05 9.98857E-05 9.98857E-05 9.98857E-05 9.98857E-05 9.98857E-05 9.98857E-05 9.98857E-05 0.998701 9.98857E-05 9.98857E-05 9.98857E-05 9.98857E-05
9.98856E-05 9.98856E-05 0.998701 9.98856E-05 9.98856E-05 9.98856E-05 9.98856E-05 9.98856E-05 9.98856E-05 9.98856E-05 9.98856E-05 9.98856E-05 9.98856E-05 9.98856E-05
9.98856E-05 9.98856E-05 9.98856E-05 9.98856E-05 9.98856E-05 9.98856E-05 9.98856E-05 9.98856E-05 9.98856E-05 0.998701 9.98856E-05 9.98856E-05 9.98856E-05 9.98856E-05
9.98855E-05 9.98855E-05 0.998701 9.98855E-05 9.98855E-05 9.98855E-05 9.98855E-05 9.98855E-05 9.98855E-05 9.98855E-05 9.98855E-05 9.98855E-05 9.98855E-05 9.98855E-05
9.98856E-05 9.98856E-05 9.98856E-05 9.98856E-05 9.98856E-05 9.98856E-05 9.98856E-05 9.98856E-05 9.98856E-05 0.998701 9.98856E-05 9.98856E-05 9.98856E-05 9.98856E-05
9.98856E-05 9.98856E-05 0.998701 9.98856E-05 9.98856E-05 9.98856E-05 9.98856E-05 9.98856E-05 9.98856E-05 9.98856E-05 9.98856E-05 9.98856E-05 9.98856E-05 9.98856E-05
9.98856E-05 9.98856E-05 9.98856E-05 9.98856E-05 9.98856E-05 9.98856E-05 9.98856E-05 9.98856E-05 9.98856E-05 0.998701 9.98856E-05 9.98856E-05 9.98856E-05 9.98856E-05
9.98856E-05 9.98856E-05 9.98856E-05 9.98856E-05 9.98856E-05 9.98856E-05 9.98856E-05 9.98856E-05 9.98856E-05 0.998701 9.98856E-05 9.98856E-05 9.98856E-05 9.98856E-05
9.98856E-05 9.98856E-05 9.98856E-05 9.98856E-05 9.98856E-05 9.98856E-05 9.98856E-05 9.98856E-05 9.98856E-05 0.998701 9.98856E-05 9.98856E-05 9.98856E-05 9.98856E-05
9.98856E-05 9.98856E-05 9.98856E-05 9.98856E-05 9.98856E-05 9.98856E-05 9.98856E-05 9.98856E-05 9.98856E-05 0.998701 9.98856E-05 9.98856E-05 9.98856E-05 9.98856E-05
9.98856E-05 9.98856E-05 9.98856E-05 9.98856E-05 9.98856E-05 9.98856E-05 9.98856E-05 9.98856E-05 9.98856E-05 0.998701 9.98856E-05 9.98856E-05 9.98856E-05 9.98856E-05
9.98856E-05 9.98856E-05 9.98856E-05 9.98856E-05 9.98856E-05 9.98856E-05 9.98856E-05 9.98856E-05 9.98856E-05 0.998701 9.98856E-05 9.98856E-05 9.98856E-05 9.98856E-05
9.98856E-05 9.98856E-05 0.998701 9.98856E-05 9.98856E-05 9.98856E-05 9.98856E-05 9.98856E-05 9.98856E-05 9.98856E-05 9.98856E-05 9.98856E-05 9.98856E-05 9.98856E-05
9.98855E-05 9.98855E-05 0.998701 9.98855E-05 9.98855E-05 9.98855E-05 9.98855E-05 9.98855E-05 9.98855E-05 9.98855E-05 9.98855E-05 9.98855E-05 9.98855E-05 9.98855E-05
9.98856E-05 9.98856E-05 0.998701 9.98856E-05 9.98856E-05 9.98856E-05 9.98856E-05 9.98856E-05 9.98856E-05 9.98856E-05 9.98856E-05 9.98856E-05 9.98856E-05 9.98856E-05
9.98856E-05 9.98856E-05 9.98856E-05 9.98856E-05 9.98856E-05 9.98856E-05 9.98856E-05 9.98856E-05 9.98856E-05 0.998701 9.98856E-05 9.98856E-05 9.98856E-05 9.98856E-05
9.98856E-05 9.98856E-05 0.998701 9.98856E-05 9.98856E-05 9.98856E-05 9.98856E-05 9.98856E-05 9.98856E-05 9.98856E-05 9.98856E-05 9.98856E-05 9.98856E-05 9.98856E-05
9.98856E-05 9.98856E-05 0.998701 9.98856E-05 9.98856E-05 9.98856E-05 9.98856E-05 9.98856E-05 9.98856E-05 9.98856E-05 9.98856E-05 9.98856E-05 9.98856E-05 9.98856E-05
9.98856E-05 9.98856E-05 0.998701 9.98856E-05 9.98856E-05 9.98856E-05 9.98856E-05 9.98856E-05 9.98856E-05 9.98856E-05 9.98856E-05 9.98856E-05 9.98856E-05 9.98856E-05
9.98856E-05 9.98856E-05 9.98856E-05 9.98856E-05 9.98856E-05 9.98856E-05 9.98856E-05 9.98856E-05 9.98856E-05 0.998701 9.98856E-05 9.98856E-05 9.98856E-05 9.98856E-05
9.98856E-05 9.98856E-05 9.98856E-05 9.98856E-05 9.98856E-05 9.98856E-05 9.98856E-05 9.98856E-05 9.98856E-05 0.998701 9.98856E-05 9.98856E-05 9.98856E-05 9.98856E-05
9.98856E-05 9.98856E-05 9.98856E-05 9.98856E-05 9.98856E-05 9.98856E-05 9.98856E-05 9.98856E-05 9.98856E-05 0.998701 9.98856E-05 9.98856E-05 9.98856E-05 9.98856E-05
9.98855E-05 9.98855E-05 0.998701 9.98855E-05 9.98855E-05 9.98855E-05 9.98855E-05 9.98855E-05 9.98855E-05 9.98855E-05 9.98855E-05 9.98855E-05 9.98855E-05 9.98855E-05
9.98856E-05 9.98856E-05 9.98856E-05 9.98856E-05 9.98856E-05 9.98856E-05 9.98856E-05 9.98856E-05 9.98856E-05 0.998701 9.98856E-05 9.98856E-05 9.98856E-05 9.98856E-05
9.98856E-05 9.98856E-05 9.98856E-05 9.98856E-05 9.98856E-05 9.98856E-05 9.98856E-05 9.98856E-05 9.98856E-05 0.998701 9.98856E-05 9.98856E-05 9.98856E-05 9.98856E-05
9.98855E-05 9.98855E-05 0.998701 9.98855E-05 9.98855E-05 9.98855E-05 9.98855E-05 9.98855E-05 9.98855E-05 9.98855E-05 9.98855E-05 9.98855E-05 9.98855E-05 9.98855E-05
9.98857E-05 9.98857E-05 9.98857E-05 9.98857E-05 9.98857E-05 9.98857E-05 9.98857E-05 9.98857E-05 9.98857E-05 0.998701 9.98857E-05 9.98857E-05 9.98857E-05 9.98857E-05
9.98856E-05 9.98856E-05 9.98856E-05 9.98856E-05 9.98856E-05 9.98856E-05 9.98856E-05 9.98856E-05 9.98856E-05 0.998701 9.98856E-05 9.98856E-05 9.98856E-05 9.98856E-05
9.99298E-05 0.0958733 0.503424 9.99298E-05 9.99298E-05 9.99298E-05 0.141987 0.160008 9.99298E-05 0.0925701 9.99298E-05 9.99298E-05 0.00533787 9.99298E-05
9.98856E-05 9.98856E-05 0.998701 9.98856E-05 9.98856E-05 9.98856E-05 9.98856E-05 9.98856E-05 9.98856E-05 9.98856E-05 9.98856E-05 9.98856E-05 9.98856E-05 9.98856E-05
9.98856E-05 9.98856E-05 9.98856E-05 9.98856E-05 9.98856E-05 9.98856E-05 9.98856E-05 9.98856E-05 9.98856E-05 0.998701 9.98856E-05 9.98856E-05 9.98856E-05 9.98856E-05
9.99386E-05 9.99386E-05 0.173475 0.107611 0.0533676 9.99386E-05 0.0515311 0.00491757 9.99386E-05 0.54537 9.99386E-05 9.99386E-05 0.0630282 9.99386E-05
9.99298E-05 9.99298E-05 0.463383 0.0714143 9.99298E-05 0.00355876 9.99298E-05 9.99298E-05 9.99298E-05 0.332539 0.117333 9.99298E-05 9.99298E-05 0.0109733
9.9921E-05 9.9921E-05 0.710217 0.00842111 0.0280032 9.9921E-05 9.9921E-05 9.9921E-05 9.9921E-05 0.239118 9.9921E-05 9.9921E-05 9.9921E-05 0.0133411
9.99297E-05 9.99297E-05 0.602501 0.155959 9.99297E-05 9.99297E-05 0.0224395 9.99297E-05 9.99297E-05 0.0104188 0.130484 9.99297E-05 0.0773982 9.99297E-05
9.99034E-05 9.99034E-05 0.557536 9.99034E-05 9.99034E-05 9.99034E-05 9.99034E-05 0.0591017 9.99034E-05 0.382263 9.99034E-05 9.99034E-05 9.99034E-05 9.99034E-05
9.99299E-05 9.99299E-05 0.205885 0.521826 9.99299E-05 9.99299E-05 9.99299E-05 0.0336271 0.00530468 0.174129 9.99299E-05 0.0584285 9.99299E-05 9.99299E-05
9.99298E-05 9.99298E-05 0.447578 9.99298E-05 9.99298E-05 0.0852541 0.005504 9.99298E-05 9.99298E-05 0.297945 0.00737099 0.155549 9.99298E-05 9.99298E-05
9.99298E-05 0.0116012 0.349085 0.133616 0.0604238 9.99298E-05 0.149264 9.99298E-05 9.99298E-05 0.295211 9.99298E-05 9.99298E-05 9.99298E-05 9.99298E-05
9.9921E-05 0.00791138 0.15293 0.577428 9.9921E-05 9.9921E-05 9.9921E-05 9.9921E-05 9.9921E-05 0.249756 9.9921E-05 9.9921E-05 9.9921E-05 0.0110751
9.99297E-05 9.99297E-05 0.416783 0.310973 0.0633739 0.153329 9.99297E-05 9.99297E-05 9.99297E-05 0.0272607 9.99297E-05 9.99297E-05 0.0274806 9.99297E-05
9.99122E-05 9.99122E-05 0.458567 0.274347 9.99122E-05 9.99122E-05 0.108556 9.99122E-05 9.99122E-05 0.157531 9.99122E-05 9.99122E-05 9.99122E-05 9.99122E-05
9.9921E-05 9.9921E-05 0.231849 0.0955081 9.9921E-05 0.0189659 9.9921E-05 9.9921E-05 9.9921E-05 0.650215 9.9921E-05 0.00256197 9.9921E-05 9.9921E-05
9.99298E-05 0.0833341 0.535426 9.99298E-05 9.99298E-05 9.99298E-05 9.99298E-05 0.0709595 9.99298E-05 0.143939 0.0875519 9.99298E-05 0.0779902 9.99298E-05
0.0555705 0.106617 0.313409 0.274033 0.0292764 9.99385E-05 9.99385E-05 9.99385E-05 9.99385E-05 0.188439 9.99385E-05 9.99385E-05 9.99385E-05 0.0319562
9.99122E-05 9.99122E-05 0.632704 0.0473379 9.99122E-05 9.99122E-05 0.106727 9.99122E-05 9.99122E-05 0.212232 9.99122E-05 9.99122E-05 9.99122E-05 9.99122E-05
0.0684276 9.99473E-05 0.292792 0.140719 9.99473E-05 9.99473E-05 0.0478169 0.062194 9.99473E-05 0.312641 0.0178794 0.0569305 9.99473E-05 9.99473E-05
9.99298E-05 9.99298E-05 0.249047 0.334899 0.047041 9.99298E-05 9.99298E-05 0.0645096 9.99298E-05 0.241008 0.0626956 9.99298E-05 9.99298E-05 9.99298E-05
9.99297E-05 9.99297E-05 0.671648 9.99297E-05 9.99297E-05 9.99297E-05 0.0949074 0.0843263 9.99297E-05 0.038227 0.043058 9.99297E-05 0.0670341 9.99297E-05
0.0519924 9.99385E-05 0.230945 0.0740764 9.99385E-05 9.99385E-05 9.99385E-05 0.272777 9.99385E-05 0.188015 0.0321403 9.99385E-05 9.99385E-05 0.149355
0.0905902 9.99209E-05 0.560624 9.99209E-05 0.000350297 9.99209E-05 9.99209E-05 9.99209E-05 9.99209E-05 0.254404 0.0931326 9.99209E-05 9.99209E-05 9.99209E-05
0.117508 9.99297E-05 0.409281 0.148676 9.99297E-05 9.99297E-05 9.99297E-05 0.132276 9.99297E-05 0.142713 9.99297E-05 9.99297E-05 9.99297E-05 0.0487468
0.116221 9.99297E-05 0.135164 0.29624 9.99297E-05 9.99297E-05 9.99297E-05 0.0449684 9.99297E-05 0.347134 9.99297E-05 9.99297E-05 0.0594734 9.99297E-05
9.99134E-05 0.129948 0.517522 9.99134E-05 9.99134E-05 9.99134E-05 9.99134E-05 9.99134E-05 9.99134E-05 0.215561 9.99134E-05 9.99134E-05 0.13597 9.99134E-05
0.107092 0.0115542 0.473156 0.130138 9.99297E-05 9.99297E-05 0.0141398 9.99297E-05 9.99297E-05 0.263121 9.99297E-05 9.99297E-05 9.99297E-05 9.99297E-05
