9.98595E-05 9.98595E-05 9.98595E-05 9.98595E-05 0.0472664 9.98595E-05 0.105888 9.98595E-05 9.98595E-05 0.105261 0.0254069 9.98595E-05 0.0145014 9.98595E-05 9.98595E-05 0.533104 9.98595E-05 9.98595E-05 9.98595E-05 0.016412 9.98595E-05 9.98595E-05 9.98595E-05 0.150562
9.98245E-05 9.98245E-05 9.98245E-05 9.98245E-05 9.98245E-05 9.98245E-05 9.98245E-05 9.98245E-05 9.98245E-05 0.031743 9.98245E-05 9.98245E-05 0.100161 9.98245E-05 9.98245E-05 0.51117 9.98245E-05 9.98245E-05 9.98245E-05 9.98245E-05 9.98245E-05 0.35493 9.98245E-05 9.98245E-05
9.97983E-05 9.97983E-05 0.997705 9.97983E-05 9.97983E-05 9.97983E-05 9.97983E-05 9.97983E-05 9.97983E-05 9.97983E-05 9.97983E-05 9.97983E-05 9.97983E-05 9.97983E-05 9.97983E-05 9.97983E-05 9.97983E-05 9.97983E-05 9.97983E-05 9.97983E-05 9.97983E-05 9.97983E-05 9.97983E-05 9.97983E-05
9.98683E-05 9.98683E-05 0.235875 9.98683E-05 0.00141957 9.98683E-05 9.98683E-05 0.0122351 9.98683E-05 9.98683E-05 0.0425761 9.98683E-05 9.98683E-05 0.156314 9.98683E-05 9.98683E-05 0.271635 9.98683E-05 0.0389274 9.98683E-05 9.98683E-05 0.110678 9.98683E-05 0.128842
9.98332E-05 9.98332E-05 9.98332E-05 9.98332E-05 9.98332E-05 9.98332E-05 9.98332E-05 0.0497595 0.0128295 9.98332E-05 9.98332E-05 9.98332E-05 9.98332E-05 0.0572334 9.98332E-05 0.167136 9.98332E-05 9.98332E-05 9.98332E-05 9.98332E-05 9.98332E-05 0.711145 9.98332E-05 9.98332E-05
9.98422E-05 9.98422E-05 0.388274 9.98422E-05 9.98422E-05 9.98422E-05 9.98422E-05 0.0691789 9.98422E-05 9.98422E-05 9.98422E-05 9.98422E-05 0.0165911 0.286174 9.98422E-05 9.98422E-05 9.98422E-05 0.113798 9.98422E-05 0.124186 9.98422E-05 9.98422E-05 9.98422E-05 9.98422E-05
9.98684E-05 9.98684E-05 9.98684E-05 0.0537414 9.98684E-05 9.98684E-05 0.0384282 0.0210472 9.98684E-05 0.138873 0.0878379 9.98684E-05 0.0527683 9.98684E-05 9.98684E-05 9.98684E-05 0.115125 9.98684E-05 9.98684E-05 9.98684E-05 9.98684E-05 0.391919 9.98684E-05 0.0987616
9.98684E-05 9.98684E-05 9.98684E-05 9.98684E-05 9.98684E-05 9.98684E-05 9.98684E-05 0.059634 0.0964718 0.0513283 9.98684E-05 9.98684E-05 9.98684E-05 0.0879596 9.98684E-05 9.98684E-05 9.98684E-05 0.121291 9.98684E-05 0.0391942 0.0665696 0.318741 9.98684E-05 0.157312
0.0936107 9.9851E-05 0.205285 9.9851E-05 0.18291 9.9851E-05 0.173135 9.9851E-05 9.9851E-05 9.9851E-05 9.9851E-05 9.9851E-05 9.9851E-05 0.0210763 9.9851E-05 0.0968831 9.9851E-05 0.225403 9.9851E-05 9.9851E-05 9.9851E-05 9.9851E-05 9.9851E-05 9.9851E-05
9.97982E-05 9.97982E-05 9.97982E-05 9.97982E-05 9.97982E-05 9.97982E-05 9.97982E-05 9.97982E-05 9.97982E-05 9.97982E-05 9.97982E-05 9.97982E-05 9.97982E-05 9.97982E-05 9.97982E-05 0.997705 9.97982E-05 9.97982E-05 9.97982E-05 9.97982E-05 9.97982E-05 9.97982E-05 9.97982E-05 9.97982E-05
9.98333E-05 9.98333E-05 9.98333E-05 9.98333E-05 0.165995 9.98333E-05 9.98333E-05 9.98333E-05 9.98333E-05 9.98333E-05 0.0829613 9.98333E-05 9.98333E-05 9.98333E-05 9.98333E-05 0.587924 9.98333E-05 9.98333E-05 0.0217255 9.98333E-05 9.98333E-05 9.98333E-05 9.98333E-05 0.139497
9.97983E-05 9.97983E-05 0.997705 9.97983E-05 9.97983E-05 9.97983E-05 9.97983E-05 9.97983E-05 9.97983E-05 9.97983E-05 9.97983E-05 9.97983E-05 9.97983E-05 9.97983E-05 9.97983E-05 9.97983E-05 9.97983E-05 9.97983E-05 9.97983E-05 9.97983E-05 9.97983E-05 9.97983E-05 9.97983E-05 9.97983E-05
9.98158E-05 9.98158E-05 9.98158E-05 9.98158E-05 0.00111925 9.98158E-05 9.98158E-05 9.98158E-05 9.98158E-05 9.98158E-05 9.98158E-05 9.98158E-05 9.98158E-05 9.98158E-05 9.98158E-05 0.928222 9.98158E-05 9.98158E-05 9.98158E-05 9.98158E-05 9.98158E-05 9.98158E-05 9.98158E-05 0.068563
9.98245E-05 0.0528321 9.98245E-05 9.98245E-05 0.052035 9.98245E-05 9.98245E-05 9.98245E-05 9.98245E-05 9.98245E-05 0.0134846 9.98245E-05 9.98245E-05 9.98245E-05 9.98245E-05 9.98245E-05 9.98245E-05 9.98245E-05 9.98245E-05 9.98245E-05 9.98245E-05 0.879652 9.98245E-05 9.98245E-05
0.0267222 0.0635997 9.98685E-05 9.98685E-05 0.172414 0.0743999 0.0545626 9.98685E-05 9.98685E-05 0.160596 9.98685E-05 9.98685E-05 9.98685E-05 9.98685E-05 0.0560814 0.288196 9.98685E-05 0.101931 9.98685E-05 9.98685E-05 9.98685E-05 9.98685E-05 9.98685E-05 9.98685E-05
9.98683E-05 9.98683E-05 9.98683E-05 9.98683E-05 0.108045 9.98683E-05 9.98683E-05 9.98683E-05 9.98683E-05 0.17788 9.98683E-05 9.98683E-05 9.98683E-05 0.123235 9.98683E-05 0.152246 0.0218796 0.181111 9.98683E-05 9.98683E-05 0.159984 0.0374438 9.98683E-05 0.036678
9.98422E-05 9.98422E-05 0.476541 9.98422E-05 0.0932397 9.98422E-05 9.98422E-05 9.98422E-05 9.98422E-05 9.98422E-05 9.98422E-05 9.98422E-05 0.0175209 9.98422E-05 0.186473 9.98422E-05 0.00668953 9.98422E-05 9.98422E-05 9.98422E-05 9.98422E-05 0.217739 9.98422E-05 9.98422E-05
9.98509E-05 9.98509E-05 9.98509E-05 9.98509E-05 0.134954 9.98509E-05 9.98509E-05 9.98509E-05 9.98509E-05 0.221834 9.98509E-05 9.98509E-05 9.98509E-05 9.98509E-05 9.98509E-05 9.98509E-05 9.98509E-05 0.0241001 0.0912689 0.153994 9.98509E-05 0.178011 9.98509E-05 0.19414
9.98508E-05 9.98508E-05 0.0868702 9.98508E-05 0.174083 0.0548295 9.98508E-05 0.160355 9.98508E-05 9.98508E-05 9.98508E-05 9.98508E-05 9.98508E-05 9.98508E-05 9.98508E-05 0.325397 9.98508E-05 0.119265 9.98508E-05 9.98508E-05 9.98508E-05 9.98508E-05 9.98508E-05 0.077503
9.97983E-05 9.97983E-05 9.97983E-05 9.97983E-05 9.97983E-05 9.97983E-05 9.97983E-05 9.97983E-05 9.97983E-05 9.97983E-05 9.97983E-05 9.97983E-05 9.97983E-05 9.97983E-05 9.97983E-05 0.997705 9.97983E-05 9.97983E-05 9.97983E-05 9.97983E-05 9.97983E-05 9.97983E-05 9.97983E-05 9.97983E-05
0.0566394 9.98859E-05 0.0952181 9.98859E-05 0.0279699 9.98859E-05 9.98859E-05 9.98859E-05 9.98859E-05 9.98859E-05 0.0655402 9.98859E-05 9.98859E-05 0.0696481 9.98859E-05 9.98859E-05 0.0471404 0.0666345 0.00898849 9.98859E-05 0.107802 0.429531 9.98859E-05 0.0235895
9.98684E-05 9.98684E-05 0.364057 9.98684E-05 9.98684E-05 0.117685 9.98684E-05 0.0064963 0.15431 9.98684E-05 9.98684E-05 0.0026027 0.0137863 9.98684E-05 9.98684E-05 9.98684E-05 9.98684E-05 0.0975123 9.98684E-05 0.00364609 9.98684E-05 9.98684E-05 9.98684E-05 0.238405
9.98333E-05 9.98333E-05 9.98333E-05 9.98333E-05 0.0325053 9.98333E-05 9.98333E-05 9.98333E-05 9.98333E-05 0.112893 0.00330531 9.98333E-05 9.98333E-05 0.0973968 9.98333E-05 0.752003 9.98333E-05 9.98333E-05 9.98333E-05 9.98333E-05 9.98333E-05 9.98333E-05 9.98333E-05 9.98333E-05
9.98421E-05 9.98421E-05 9.98421E-05 9.98421E-05 0.173806 9.98421E-05 0.0870452 9.98421E-05 9.98421E-05 9.98421E-05 9.98421E-05 9.98421E-05 9.98421E-05 9.98421E-05 9.98421E-05 0.323924 9.98421E-05 9.98421E-05 9.98421E-05 9.98421E-05 0.0424787 0.122132 9.98421E-05 0.248816
9.98771E-05 0.182321 0.0520879 9.98771E-05 0.182112 0.0120539 9.98771E-05 9.98771E-05 9.98771E-05 9.98771E-05 0.0372657 9.98771E-05 9.98771E-05 9.98771E-05 9.98771E-05 0.251461 0.0861407 0.00586401 0.169106 9.98771E-05 9.98771E-05 0.0201897 9.98771E-05 9.98771E-05
9.98597E-05 9.98597E-05 0.730012 0.000665973 0.0936432 9.98597E-05 9.98597E-05 9.98597E-05 9.98597E-05 9.98597E-05 9.98597E-05 9.98597E-05 9.98597E-05 9.98597E-05 9.98597E-05 0.0558666 0.0793484 0.00188402 9.98597E-05 9.98597E-05 9.98597E-05 0.0200967 9.98597E-05 0.016885
9.98595E-05 0.249664 9.98595E-05 9.98595E-05 0.0131676 9.98595E-05 9.98595E-05 9.98595E-05 9.98595E-05 9.98595E-05 9.98595E-05 0.294834 9.98595E-05 9.98595E-05 9.98595E-05 0.0710949 0.00799937 9.98595E-05 9.98595E-05 0.127117 0.0892302 9.98595E-05 9.98595E-05 0.145296
9.98421E-05 9.98421E-05 9.98421E-05 9.98421E-05 9.98421E-05 9.98421E-05 9.98421E-05 0.0261773 9.98421E-05 9.98421E-05 9.98421E-05 9.98421E-05 9.98421E-05 0.00228416 9.98421E-05 0.842533 0.05682 9.98421E-05 9.98421E-05 9.98421E-05 9.98421E-05 9.98421E-05 0.0214132 0.0489756
9.98422E-05 0.0315 9.98422E-05 9.98422E-05 0.116612 9.98422E-05 9.98422E-05 9.98422E-05 9.98422E-05 9.98422E-05 9.98422E-05 0.0582332 9.98422E-05 9.98422E-05 9.98422E-05 0.765808 9.98422E-05 9.98422E-05 0.0197847 9.98422E-05 9.98422E-05 9.98422E-05 9.98422E-05 0.00626463
9.98159E-05 9.98159E-05 9.98159E-05 9.98159E-05 9.98159E-05 9.98159E-05 9.98159E-05 9.98159E-05 9.98159E-05 9.98159E-05 9.98159E-05 9.98159E-05 9.98159E-05 9.98159E-05 0.217202 0.763429 9.98159E-05 0.0172731 9.98159E-05 9.98159E-05 9.98159E-05 9.98159E-05 9.98159E-05 9.98159E-05
9.98333E-05 9.98333E-05 9.98333E-05 9.98333E-05 9.98333E-05 0.0585172 9.98333E-05 9.98333E-05 9.98333E-05 0.00468125 0.0640794 9.98333E-05 9.98333E-05 9.98333E-05 9.98333E-05 0.835033 9.98333E-05 0.0357919 9.98333E-05 9.98333E-05 9.98333E-05 9.98333E-05 9.98333E-05 9.98333E-05
9.98685E-05 0.0435821 0.432633 9.98685E-05 0.101679 9.98685E-05 9.98685E-05 9.98685E-05 9.98685E-05 9.98685E-05 0.0477953 0.0490777 9.98685E-05 0.136739 9.98685E-05 9.98685E-05 9.98685E-05 9.98685E-05 9.98685E-05 9.98685E-05 9.98685E-05 0.105085 0.0526764 0.029234
9.98595E-05 0.0129312 0.250123 9.98595E-05 0.132759 9.98595E-05 9.98595E-05 9.98595E-05 9.98595E-05 0.0566256 0.0703404 9.98595E-05 9.98595E-05 9.98595E-05 9.98595E-05 9.98595E-05 9.98595E-05 9.98595E-05 9.98595E-05 9.98595E-05 0.00427377 0.401376 9.98595E-05 0.0699737
9.98772E-05 0.173795 0.18091 9.98772E-05 0.0911076 9.98772E-05 0.00540336 9.98772E-05 9.98772E-05 9.98772E-05 0.0304028 0.0043229 9.98772E-05 9.98772E-05 9.98772E-05 9.98772E-05 9.98772E-05 9.98772E-05 0.00937898 0.0594164 9.98772E-05 0.436661 9.98772E-05 0.00720421
9.9816E-05 9.9816E-05 9.9816E-05 9.9816E-05 9.9816E-05 9.9816E-05 9.9816E-05 9.9816E-05 9.9816E-05 9.9816E-05 0.0395014 9.9816E-05 0.051785 9.9816E-05 9.9816E-05 0.906618 9.9816E-05 9.9816E-05 9.9816E-05 9.9816E-05 9.9816E-05 9.9816E-05 9.9816E-05 9.9816E-05
9.98334E-05 9.98334E-05 0.536577 9.98334E-05 9.98334E-05 9.98334E-05 0.00594336 9.98334E-05 9.98334E-05 9.98334E-05 9.98334E-05 0.0984235 9.98334E-05 9.98334E-05 9.98334E-05 0.199809 0.15735 9.98334E-05 9.98334E-05 9.98334E-05 9.98334E-05 9.98334E-05 9.98334E-05 9.98334E-05
9.98247E-05 9.98247E-05 0.156276 0.0293937 9.98247E-05 9.98247E-05 9.98247E-05 0.0801833 9.98247E-05 9.98247E-05 9.98247E-05 9.98247E-05 9.98247E-05 9.98247E-05 9.98247E-05 0.732151 9.98247E-05 9.98247E-05 9.98247E-05 9.98247E-05 9.98247E-05 9.98247E-05 9.98247E-05 9.98247E-05
9.98247E-05 9.98247E-05 9.98247E-05 9.98247E-05 0.124664 9.98247E-05 9.98247E-05 9.98247E-05 9.98247E-05 9.98247E-05 9.98247E-05 9.98247E-05 9.98247E-05 9.98247E-05 9.98247E-05 9.98247E-05 9.98247E-05 0.0949815 0.0426606 9.98247E-05 9.98247E-05 0.735697 9.98247E-05 9.98247E-05
9.98598E-05 9.98598E-05 0.708246 9.98598E-05 0.121794 9.98598E-05 9.98598E-05 9.98598E-05 0.0177187 9.98598E-05 0.0152102 9.98598E-05 0.0692575 9.98598E-05 0.0396756 9.98598E-05 9.98598E-05 0.0206759 9.98598E-05 9.98598E-05 9.98598E-05 9.98598E-05 9.98598E-05 0.00582415
9.98334E-05 0.140655 0.556438 9.98334E-05 0.0831522 9.98334E-05 9.98334E-05 9.98334E-05 9.98334E-05 9.98334E-05 9.98334E-05 9.98334E-05 9.98334E-05 9.98334E-05 9.98334E-05 9.98334E-05 9.98334E-05 9.98334E-05 9.98334E-05 9.98334E-05 0.0542645 0.163594 9.98334E-05 9.98334E-05
9.98069E-05 9.98069E-05 0.990438 9.98069E-05 0.00736668 9.98069E-05 9.98069E-05 9.98069E-05 9.98069E-05 9.98069E-05 9.98069E-05 9.98069E-05 9.98069E-05 9.98069E-05 9.98069E-05 9.98069E-05 9.98069E-05 9.98069E-05 9.98069E-05 9.98069E-05 9.98069E-05 9.98069E-05 9.98069E-05 9.98069E-05
9.98336E-05 9.98336E-05 0.13995 9.98336E-05 0.00689153 9.98336E-05 9.98336E-05 9.98336E-05 9.98336E-05 9.98336E-05 9.98336E-05 0.254649 9.98336E-05 9.98336E-05 9.98336E-05 0.536282 9.98336E-05 9.98336E-05 9.98336E-05 9.98336E-05 9.98336E-05 9.98336E-05 9.98336E-05 0.0603312
9.98333E-05 9.98333E-05 9.98333E-05 9.98333E-05 9.98333E-05 9.98333E-05 9.98333E-05 0.00114498 9.98333E-05 9.98333E-05 9.98333E-05 0.0515493 9.98333E-05 9.98333E-05 0.0524977 0.238892 9.98333E-05 9.98333E-05 9.98333E-05 9.98333E-05 9.98333E-05 0.654019 9.98333E-05 9.98333E-05
9.98581E-05 9.98581E-05 0.4576 9.98581E-05 0.142417 9.98581E-05 0.0261394 9.98581E-05 9.98581E-05 0.125115 9.98581E-05 9.98581E-05 9.98581E-05 0.11284 9.98581E-05 9.98581E-05 9.98581E-05 0.0595318 9.98581E-05 9.98581E-05 9.98581E-05 9.98581E-05 9.98581E-05 0.0746588
9.98422E-05 9.98422E-05 0.0159069 9.98422E-05 0.156324 9.98422E-05 9.98422E-05 0.0484377 0.0997794 9.98422E-05 9.98422E-05 9.98422E-05 9.98422E-05 9.98422E-05 9.98422E-05 9.98422E-05 9.98422E-05 9.98422E-05 9.98422E-05 9.98422E-05 9.98422E-05 0.290924 9.98422E-05 0.386831
9.98069E-05 9.98069E-05 0.986421 9.98069E-05 9.98069E-05 9.98069E-05 9.98069E-05 9.98069E-05 9.98069E-05 9.98069E-05 9.98069E-05 9.98069E-05 9.98069E-05 9.98069E-05 9.98069E-05 9.98069E-05 9.98069E-05 9.98069E-05 0.0113837 9.98069E-05 9.98069E-05 9.98069E-05 9.98069E-05 9.98069E-05
9.98069E-05 9.98069E-05 9.98069E-05 9.98069E-05 0.0215533 9.98069E-05 9.98069E-05 9.98069E-05 9.98069E-05 9.98069E-05 9.98069E-05 9.98069E-05 9.98069E-05 9.98069E-05 9.98069E-05 9.98069E-05 9.98069E-05 9.98069E-05 9.98069E-05 9.98069E-05 9.98069E-05 0.976251 9.98069E-05 9.98069E-05
9.97985E-05 9.97985E-05 0.997705 9.97985E-05 9.97985E-05 9.97985E-05 9.97985E-05 9.97985E-05 9.97985E-05 9.97985E-05 9.97985E-05 9.97985E-05 9.97985E-05 9.97985E-05 9.97985E-05 9.97985E-05 9.97985E-05 9.97985E-05 9.97985E-05 9.97985E-05 9.97985E-05 9.97985E-05 9.97985E-05 9.97985E-05
9.98595E-05 9.98595E-05 0.0915325 9.98595E-05 0.159785 9.98595E-05 9.98595E-05 0.0095875 9.98595E-05 9.98595E-05 9.98595E-05 9.98595E-05 9.98595E-05 9.98595E-05 9.98595E-05 0.576526 9.98595E-05 9.98595E-05 9.98595E-05 0.000396665 0.0397385 0.0178371 9.98595E-05 0.103
9.98161E-05 9.98161E-05 9.98161E-05 0.0088217 9.98161E-05 9.98161E-05 9.98161E-05 0.123226 9.98161E-05 9.98161E-05 9.98161E-05 9.98161E-05 9.98161E-05 9.98161E-05 9.98161E-05 9.98161E-05 9.98161E-05 9.98161E-05 9.98161E-05 9.98161E-05 9.98161E-05 0.865856 9.98161E-05 9.98161E-05
9.98682E-05 9.98682E-05 9.98682E-05 9.98682E-05 0.131962 9.98682E-05 0.0261534 9.98682E-05 9.98682E-05 0.0173809 0.100035 0.112581 9.98682E-05 0.235193 9.98682E-05 0.324127 0.0075951 0.0434743 9.98682E-05 9.98682E-05 9.98682E-05 9.98682E-05 9.98682E-05 9.98682E-05
9.98158E-05 9.98158E-05 9.98158E-05 9.98158E-05 9.98158E-05 9.98158E-05 9.98158E-05 9.98158E-05 9.98158E-05 9.98158E-05 9.98158E-05 9.98158E-05 9.98158E-05 9.98158E-05 9.98158E-05 9.98158E-05 0.105422 9.98158E-05 9.98158E-05 9.98158E-05 9.98158E-05 0.75001 9.98158E-05 0.142472
9.98247E-05 0.0200229 9.98247E-05 9.98247E-05 9.98247E-05 0.0336704 9.98247E-05 9.98247E-05 9.98247E-05 9.98247E-05 9.98247E-05 9.98247E-05 9.98247E-05 9.98247E-05 9.98247E-05 0.925254 9.98247E-05 9.98247E-05 9.98247E-05 0.0190566 9.98247E-05 9.98247E-05 9.98247E-05 9.98247E-05
9.98157E-05 9.98157E-05 9.98157E-05 9.98157E-05 0.0360401 9.98157E-05 9.98157E-05 9.98157E-05 9.98157E-05 9.98157E-05 9.98157E-05 9.98157E-05 9.98157E-05 9.98157E-05 9.98157E-05 9.98157E-05 9.98157E-05 9.98157E-05 9.98157E-05 9.98157E-05 0.0996599 0.862204 9.98157E-05 9.98157E-05
0.00881765 9.98248E-05 0.796247 9.98248E-05 0.0610849 9.98248E-05 0.131854 9.98248E-05 9.98248E-05 9.98248E-05 9.98248E-05 9.98248E-05 9.98248E-05 9.98248E-05 9.98248E-05 9.98248E-05 9.98248E-05 9.98248E-05 9.98248E-05 9.98248E-05 9.98248E-05 9.98248E-05 9.98248E-05 9.98248E-05
9.98247E-05 0.0874062 0.836751 9.98247E-05 9.98247E-05 9.98247E-05 9.98247E-05 0.0399721 9.98247E-05 9.98247E-05 9.98247E-05 9.98247E-05 9.98247E-05 9.98247E-05 9.98247E-05 9.98247E-05 9.98247E-05 9.98247E-05 0.0338744 9.98247E-05 9.98247E-05 9.98247E-05 9.98247E-05 9.98247E-05
9.98333E-05 9.98333E-05 0.93409 9.98333E-05 9.98333E-05 9.98333E-05 9.98333E-05 0.0181321 9.98333E-05 9.98333E-05 0.00361335 9.98333E-05 9.98333E-05 9.98333E-05 9.98333E-05 9.98333E-05 9.98333E-05 9.98333E-05 9.98333E-05 0.0395512 9.98333E-05 9.98333E-05 9.98333E-05 0.0027169
9.9816E-05 9.9816E-05 9.9816E-05 9.9816E-05 9.9816E-05 9.9816E-05 9.9816E-05 9.9816E-05 9.9816E-05 9.9816E-05 9.9816E-05 9.9816E-05 9.9816E-05 9.9816E-05 9.9816E-05 0.872724 0.0870188 9.9816E-05 9.9816E-05 9.9816E-05 9.9816E-05 0.038161 9.9816E-05 9.9816E-05
9.98333E-05 9.98333E-05 9.98333E-05 0.0466054 9.98333E-05 9.98333E-05 9.98333E-05 9.98333E-05 9.98333E-05 9.98333E-05 0.0183966 9.98333E-05 0.0254011 9.98333E-05 9.98333E-05 0.595817 9.98333E-05 9.98333E-05 9.98333E-05 9.98333E-05 9.98333E-05 0.311883 9.98333E-05 9.98333E-05
0.0445595 9.9842E-05 9.9842E-05 9.9842E-05 0.119317 9.9842E-05 9.9842E-05 9.9842E-05 9.9842E-05 0.755014 0.0748419 9.9842E-05 0.00366736 9.9842E-05 9.9842E-05 9.9842E-05 9.9842E-05 9.9842E-05 9.9842E-05 9.9842E-05 9.9842E-05 9.9842E-05 9.9842E-05 0.000803673
9.97985E-05 9.97985E-05 9.97985E-05 9.97985E-05 9.97985E-05 9.97985E-05 9.97985E-05 9.97985E-05 9.97985E-05 0.997705 9.97985E-05 9.97985E-05 9.97985E-05 9.97985E-05 9.97985E-05 9.97985E-05 9.97985E-05 9.97985E-05 9.97985E-05 9.97985E-05 9.97985E-05 9.97985E-05 9.97985E-05 9.97985E-05
9.98071E-05 9.98071E-05 9.98071E-05 9.98071E-05 9.98071E-05 9.98071E-05 9.98071E-05 9.98071E-05 9.98071E-05 0.927917 9.98071E-05 9.98071E-05 9.98071E-05 9.98071E-05 9.98071E-05 9.98071E-05 9.98071E-05 9.98071E-05 9.98071E-05 0.0698872 9.98071E-05 9.98071E-05 9.98071E-05 9.98071E-05
9.98509E-05 0.215031 9.98509E-05 0.00260391 9.98509E-05 0.0103534 9.98509E-05 9.98509E-05 9.98509E-05 0.306176 9.98509E-05 9.98509E-05 0.326358 9.98509E-05 9.98509E-05 9.98509E-05 9.98509E-05 0.112746 9.98509E-05 0.0250342 9.98509E-05 9.98509E-05 9.98509E-05 9.98509E-05
9.98506E-05 9.98506E-05 9.98506E-05 0.0202474 0.0255686 9.98506E-05 9.98506E-05 9.98506E-05 9.98506E-05 0.736867 9.98506E-05 9.98506E-05 9.98506E-05 9.98506E-05 9.98506E-05 9.98506E-05 9.98506E-05 0.0473954 0.0620345 0.0115336 9.98506E-05 9.98506E-05 9.98506E-05 0.0946558
0.0357987 9.9833E-05 9.9833E-05 9.9833E-05 0.175056 9.9833E-05 9.9833E-05 9.9833E-05 9.9833E-05 0.696842 9.9833E-05 9.9833E-05 9.9833E-05 9.9833E-05 9.9833E-05 9.9833E-05 9.9833E-05 0.0123558 9.9833E-05 9.9833E-05 9.9833E-05 9.9833E-05 9.9833E-05 0.0780514
9.98244E-05 9.98244E-05 9.98244E-05 9.98244E-05 0.115455 9.98244E-05 9.98244E-05 9.98244E-05 9.98244E-05 0.455091 0.121101 9.98244E-05 0.306356 9.98244E-05 9.98244E-05 9.98244E-05 9.98244E-05 9.98244E-05 9.98244E-05 9.98244E-05 9.98244E-05 9.98244E-05 9.98244E-05 9.98244E-05
9.98418E-05 0.0456566 9.98418E-05 9.98418E-05 0.0623455 9.98418E-05 9.98418E-05 9.98418E-05 9.98418E-05 0.63729 9.98418E-05 9.98418E-05 0.0800335 9.98418E-05 9.98418E-05 9.98418E-05 9.98418E-05 0.0641106 9.98418E-05 0.108766 9.98418E-05 9.98418E-05 9.98418E-05 9.98418E-05
9.98071E-05 9.98071E-05 9.98071E-05 9.98071E-05 9.98071E-05 9.98071E-05 9.98071E-05 9.98071E-05 9.98071E-05 0.986717 9.98071E-05 9.98071E-05 0.0110871 9.98071E-05 9.98071E-05 9.98071E-05 9.98071E-05 9.98071E-05 9.98071E-05 9.98071E-05 9.98071E-05 9.98071E-05 9.98071E-05 9.98071E-05
9.98069E-05 9.98069E-05 9.98069E-05 9.98069E-05 9.98069E-05 9.98069E-05 9.98069E-05 9.98069E-05 9.98069E-05 0.988926 0.00887871 9.98069E-05 9.98069E-05 9.98069E-05 9.98069E-05 9.98069E-05 9.98069E-05 9.98069E-05 9.98069E-05 9.98069E-05 9.98069E-05 9.98069E-05 9.98069E-05 9.98069E-05
9.9833E-05 9.9833E-05 9.9833E-05 9.9833E-05 0.236215 9.9833E-05 9.9833E-05 0.01027 9.9833E-05 0.566772 0.163396 9.9833E-05 9.9833E-05 9.9833E-05 9.9833E-05 9.9833E-05 9.9833E-05 0.0214508 9.9833E-05 9.9833E-05 9.9833E-05 9.9833E-05 9.9833E-05 9.9833E-05
0.0999693 9.98682E-05 9.98682E-05 0.00969342 9.98682E-05 0.0273425 9.98682E-05 9.98682E-05 9.98682E-05 0.548015 0.0744366 9.98682E-05 0.0140156 9.98682E-05 9.98682E-05 9.98682E-05 0.0241138 9.98682E-05 9.98682E-05 9.98682E-05 0.0166802 9.98682E-05 9.98682E-05 0.184236
9.98331E-05 9.98331E-05 9.98331E-05 9.98331E-05 9.98331E-05 9.98331E-05 9.98331E-05 9.98331E-05 0.151978 0.564518 0.0308348 9.98331E-05 9.98331E-05 0.144972 9.98331E-05 9.98331E-05 9.98331E-05 0.105801 9.98331E-05 9.98331E-05 9.98331E-05 9.98331E-05 9.98331E-05 9.98331E-05
9.98594E-05 9.98594E-05 9.98594E-05 9.98594E-05 0.121138 0.00923643 9.98594E-05 0.00343626 9.98594E-05 0.64637 9.98594E-05 9.98594E-05 0.00805606 0.0700297 9.98594E-05 9.98594E-05 9.98594E-05 0.0142217 9.98594E-05 9.98594E-05 9.98594E-05 9.98594E-05 9.98594E-05 0.125913
9.98249E-05 0.121389 9.98249E-05 9.98249E-05 9.98249E-05 9.98249E-05 9.98249E-05 9.98249E-05 9.98249E-05 0.830559 0.0158966 9.98249E-05 9.98249E-05 9.98249E-05 9.98249E-05 9.98249E-05 9.98249E-05 9.98249E-05 9.98249E-05 9.98249E-05 0.0301589 9.98249E-05 9.98249E-05 9.98249E-05
9.98248E-05 9.98248E-05 9.98248E-05 9.98248E-05 0.01836 9.98248E-05 9.98248E-05 9.98248E-05 9.98248E-05 0.880187 0.0174036 0.0820525 9.98248E-05 9.98248E-05 9.98248E-05 9.98248E-05 9.98248E-05 9.98248E-05 9.98248E-05 9.98248E-05 9.98248E-05 9.98248E-05 9.98248E-05 9.98248E-05
9.98155E-05 9.98155E-05 9.98155E-05 0.0973405 9.98155E-05 9.98155E-05 9.98155E-05 0.122309 9.98155E-05 0.778255 9.98155E-05 9.98155E-05 9.98155E-05 9.98155E-05 9.98155E-05 9.98155E-05 9.98155E-05 9.98155E-05 9.98155E-05 9.98155E-05 9.98155E-05 9.98155E-05 9.98155E-05 9.98155E-05
9.98332E-05 9.98332E-05 9.98332E-05 9.98332E-05 9.98332E-05 9.98332E-05 9.98332E-05 0.0661251 9.98332E-05 0.679058 0.111302 9.98332E-05 9.98332E-05 9.98332E-05 9.98332E-05 9.98332E-05 9.98332E-05 0.0281953 9.98332E-05 9.98332E-05 9.98332E-05 9.98332E-05 9.98332E-05 0.113422
9.98333E-05 9.98333E-05 9.98333E-05 9.98333E-05 0.0205969 9.98333E-05 9.98333E-05 0.0330963 9.98333E-05 0.808842 0.0473007 9.98333E-05 9.98333E-05 9.98333E-05 9.98333E-05 9.98333E-05 0.0882671 9.98333E-05 9.98333E-05 9.98333E-05 9.98333E-05 9.98333E-05 9.98333E-05 9.98333E-05
9.9833E-05 9.9833E-05 9.9833E-05 0.0465356 0.226659 9.9833E-05 9.9833E-05 9.9833E-05 9.9833E-05 0.600121 9.9833E-05 0.076632 9.9833E-05 9.9833E-05 9.9833E-05 9.9833E-05 9.9833E-05 9.9833E-05 9.9833E-05 9.9833E-05 0.0481556 9.9833E-05 9.9833E-05 9.9833E-05
0.00664831 9.9825E-05 9.9825E-05 9.9825E-05 0.0638008 9.9825E-05 9.9825E-05 9.9825E-05 9.9825E-05 0.837072 9.9825E-05 9.9825E-05 9.9825E-05 9.9825E-05 0.0904825 9.9825E-05 9.9825E-05 9.9825E-05 9.9825E-05 9.9825E-05 9.9825E-05 9.9825E-05 9.9825E-05 9.9825E-05
9.98507E-05 9.98507E-05 9.98507E-05 0.0108289 0.0242739 9.98507E-05 9.98507E-05 9.98507E-05 9.98507E-05 0.711119 9.98507E-05 0.0204268 9.98507E-05 0.05837 9.98507E-05 9.98507E-05 9.98507E-05 9.98507E-05 9.98507E-05 0.0123188 9.98507E-05 9.98507E-05 9.98507E-05 0.160966
9.98335E-05 0.121248 9.98335E-05 9.98335E-05 9.98335E-05 9.98335E-05 9.98335E-05 9.98335E-05 9.98335E-05 0.716775 9.98335E-05 0.0549025 0.012679 0.0924979 9.98335E-05 9.98335E-05 9.98335E-05 9.98335E-05 9.98335E-05 9.98335E-05 9.98335E-05 9.98335E-05 9.98335E-05 9.98335E-05
9.98507E-05 9.98507E-05 9.98507E-05 9.98507E-05 9.98507E-05 9.98507E-05 0.0237572 0.0344629 9.98507E-05 0.708134 0.00686616 9.98507E-05 9.98507E-05 0.0557379 9.98507E-05 9.98507E-05 9.98507E-05 0.0769276 9.98507E-05 0.0924172 9.98507E-05 9.98507E-05 9.98507E-05 9.98507E-05
0.00205704 9.98243E-05 9.98243E-05 9.98243E-05 0.0635296 9.98243E-05 9.98243E-05 9.98243E-05 9.98243E-05 0.824194 0.108223 9.98243E-05 9.98243E-05 9.98243E-05 9.98243E-05 9.98243E-05 9.98243E-05 9.98243E-05 9.98243E-05 9.98243E-05 9.98243E-05 9.98243E-05 9.98243E-05 9.98243E-05
9.98161E-05 9.98161E-05 0.0145295 9.98161E-05 9.98161E-05 9.98161E-05 9.98161E-05 9.98161E-05 9.98161E-05 0.97186 9.98161E-05 9.98161E-05 9.98161E-05 9.98161E-05 9.98161E-05 9.98161E-05 9.98161E-05 0.0115147 9.98161E-05 9.98161E-05 9.98161E-05 9.98161E-05 9.98161E-05 9.98161E-05
9.98073E-05 9.98073E-05 9.98073E-05 9.98073E-05 9.98073E-05 9.98073E-05 9.98073E-05 9.98073E-05 9.98073E-05 0.990395 9.98073E-05 9.98073E-05 9.98073E-05 9.98073E-05 0.00740894 9.98073E-05 9.98073E-05 9.98073E-05 9.98073E-05 9.98073E-05 9.98073E-05 9.98073E-05 9.98073E-05 9.98073E-05
9.97985E-05 9.97985E-05 9.97985E-05 9.97985E-05 9.97985E-05 9.97985E-05 9.97985E-05 9.97985E-05 9.97985E-05 0.997705 9.97985E-05 9.97985E-05 9.97985E-05 9.97985E-05 9.97985E-05 9.97985E-05 9.97985E-05 9.97985E-05 9.97985E-05 9.97985E-05 9.97985E-05 9.97985E-05 9.97985E-05 9.97985E-05
9.98159E-05 9.98159E-05 9.98159E-05 9.98159E-05 0.000854611 9.98159E-05 9.98159E-05 9.98159E-05 9.98159E-05 0.902908 9.98159E-05 9.98159E-05 9.98159E-05 9.98159E-05 9.98159E-05 9.98159E-05 9.98159E-05 9.98159E-05 9.98159E-05 0.094141 9.98159E-05 9.98159E-05 9.98159E-05 9.98159E-05
9.98248E-05 9.98248E-05 9.98248E-05 9.98248E-05 0.0240443 9.98248E-05 9.98248E-05 9.98248E-05 9.98248E-05 0.525805 9.98248E-05 9.98248E-05 9.98248E-05 9.98248E-05 0.274695 9.98248E-05 9.98248E-05 0.173459 9.98248E-05 9.98248E-05 9.98248E-05 9.98248E-05 9.98248E-05 9.98248E-05
9.98247E-05 0.749461 9.98247E-05 9.98247E-05 0.127212 9.98247E-05 9.98247E-05 9.98247E-05 9.98247E-05 9.98247E-05 9.98247E-05 9.98247E-05 9.98247E-05 0.0395796 9.98247E-05 9.98247E-05 9.98247E-05 0.0817513 9.98247E-05 9.98247E-05 9.98247E-05 9.98247E-05 9.98247E-05 9.98247E-05
9.98071E-05 0.426801 9.98071E-05 9.98071E-05 9.98071E-05 9.98071E-05 9.98071E-05 9.98071E-05 9.98071E-05 9.98071E-05 9.98071E-05 9.98071E-05 9.98071E-05 9.98071E-05 0.571004 9.98071E-05 9.98071E-05 9.98071E-05 9.98071E-05 9.98071E-05 9.98071E-05 9.98071E-05 9.98071E-05 9.98071E-05
9.98508E-05 0.858609 9.98508E-05 9.98508E-05 0.0281881 0.0253685 9.98508E-05 9.98508E-05 9.98508E-05 9.98508E-05 0.0226454 9.98508E-05 9.98508E-05 0.00862083 9.98508E-05 9.98508E-05 9.98508E-05 9.98508E-05 9.98508E-05 0.0238824 9.98508E-05 9.98508E-05 9.98508E-05 0.0309881
9.98156E-05 0.867249 9.98156E-05 9.98156E-05 0.115598 9.98156E-05 9.98156E-05 9.98156E-05 9.98156E-05 9.98156E-05 9.98156E-05 9.98156E-05 9.98156E-05 9.98156E-05 9.98156E-05 9.98156E-05 9.98156E-05 0.0150573 9.98156E-05 9.98156E-05 9.98156E-05 9.98156E-05 9.98156E-05 9.98156E-05
9.98155E-05 0.965658 9.98155E-05 9.98155E-05 9.98155E-05 9.98155E-05 0.0209549 9.98155E-05 9.98155E-05 9.98155E-05 9.98155E-05 9.98155E-05 9.98155E-05 9.98155E-05 9.98155E-05 9.98155E-05 9.98155E-05 0.0112911 9.98155E-05 9.98155E-05 9.98155E-05 9.98155E-05 9.98155E-05 9.98155E-05
9.98462E-05 0.161075 9.98462E-05 9.98462E-05 0.1536 9.98462E-05 9.98462E-05 9.98462E-05 9.98462E-05 9.98462E-05 9.98462E-05 9.98462E-05 9.98462E-05 0.479598 9.98462E-05 9.98462E-05 0.0395006 0.128312 9.98462E-05 9.98462E-05 9.98462E-05 9.98462E-05 0.0361171 9.98462E-05
9.98421E-05 0.8226 9.98421E-05 9.98421E-05 0.0435312 9.98421E-05 9.98421E-05 9.98421E-05 9.98421E-05 9.98421E-05 0.00189802 9.98421E-05 9.98421E-05 9.98421E-05 9.98421E-05 9.98421E-05 9.98421E-05 0.0475111 9.98421E-05 0.0145505 9.98421E-05 9.98421E-05 9.98421E-05 0.0681122
9.98245E-05 0.657638 9.98245E-05 9.98245E-05 0.0174103 9.98245E-05 9.98245E-05 9.98245E-05 9.98245E-05 9.98245E-05 9.98245E-05 9.98245E-05 9.98245E-05 0.0927948 9.98245E-05 9.98245E-05 9.98245E-05 0.23016 9.98245E-05 9.98245E-05 9.98245E-05 9.98245E-05 9.98245E-05 9.98245E-05
9.98331E-05 0.393331 9.98331E-05 9.98331E-05 9.98331E-05 0.0126069 9.98331E-05 9.98331E-05 9.98331E-05 9.98331E-05 9.98331E-05 0.0830009 0.197117 9.98331E-05 9.98331E-05 9.98331E-05 9.98331E-05 0.312048 9.98331E-05 9.98331E-05 9.98331E-05 9.98331E-05 9.98331E-05 9.98331E-05
9.98158E-05 0.566345 9.98158E-05 9.98158E-05 0.209174 9.98158E-05 9.98158E-05 9.98158E-05 9.98158E-05 9.98158E-05 9.98158E-05 9.98158E-05 9.98158E-05 9.98158E-05 9.98158E-05 9.98158E-05 9.98158E-05 0.222385 9.98158E-05 9.98158E-05 9.98158E-05 9.98158E-05 9.98158E-05 9.98158E-05
9.98421E-05 0.319346 9.98421E-05 9.98421E-05 9.98421E-05 0.027771 9.98421E-05 9.98421E-05 9.98421E-05 9.98421E-05 0.0583726 9.98421E-05 0.156253 9.98421E-05 9.98421E-05 9.98421E-05 9.98421E-05 0.0104719 9.98421E-05 9.98421E-05 9.98421E-05 9.98421E-05 0.425988 9.98421E-05
9.98246E-05 9.98246E-05 9.98246E-05 0.02415 0.0960151 9.98246E-05 9.98246E-05 9.98246E-05 9.98246E-05 9.98246E-05 9.98246E-05 9.98246E-05 9.98246E-05 0.692887 9.98246E-05 9.98246E-05 9.98246E-05 9.98246E-05 9.98246E-05 9.98246E-05 9.98246E-05 9.98246E-05 0.184951 9.98246E-05
9.98162E-05 0.882493 9.98162E-05 9.98162E-05 9.98162E-05 9.98162E-05 9.98162E-05 9.98162E-05 9.98162E-05 9.98162E-05 9.98162E-05 9.98162E-05 9.98162E-05 9.98162E-05 9.98162E-05 9.98162E-05 9.98162E-05 0.0959296 9.98162E-05 9.98162E-05 0.0194817 9.98162E-05 9.98162E-05 9.98162E-05
9.98421E-05 0.120148 9.98421E-05 9.98421E-05 0.205488 9.98421E-05 0.00661193 9.98421E-05 9.98421E-05 9.98421E-05 9.98421E-05 9.98421E-05 9.98421E-05 0.490619 9.98421E-05 9.98421E-05 9.98421E-05 0.0888408 9.98421E-05 9.98421E-05 9.98421E-05 9.98421E-05 0.0864956 9.98421E-05
9.98686E-05 0.566411 9.98686E-05 0.00671356 9.98686E-05 9.98686E-05 9.98686E-05 9.98686E-05 9.98686E-05 9.98686E-05 0.0164824 9.98686E-05 0.00859829 9.98686E-05 9.98686E-05 9.98686E-05 9.98686E-05 0.048426 0.0565213 0.137908 0.00625211 9.98686E-05 0.15119 9.98686E-05
9.98509E-05 0.611184 9.98509E-05 0.0167869 0.155723 9.98509E-05 9.98509E-05 9.98509E-05 9.98509E-05 9.98509E-05 0.0424902 0.11761 0.0107638 9.98509E-05 0.0437442 9.98509E-05 9.98509E-05 9.98509E-05 9.98509E-05 9.98509E-05 9.98509E-05 9.98509E-05 9.98509E-05 9.98509E-05
0.00576064 0.314789 9.98508E-05 9.98508E-05 0.0833762 9.98508E-05 9.98508E-05 9.98508E-05 9.98508E-05 9.98508E-05 9.98508E-05 9.98508E-05 0.243997 0.234069 9.98508E-05 9.98508E-05 9.98508E-05 9.98508E-05 0.0703071 9.98508E-05 9.98508E-05 9.98508E-05 0.0460042 9.98508E-05
9.98336E-05 0.669624 9.98336E-05 9.98336E-05 9.98336E-05 9.98336E-05 9.98336E-05 9.98336E-05 0.102992 9.98336E-05 9.98336E-05 9.98336E-05 9.98336E-05 0.0465158 9.98336E-05 9.98336E-05 9.98336E-05 0.115197 9.98336E-05 9.98336E-05 9.98336E-05 0.0637745 9.98336E-05 9.98336E-05
9.98073E-05 0.952478 9.98073E-05 9.98073E-05 9.98073E-05 9.98073E-05 9.98073E-05 9.98073E-05 9.98073E-05 9.98073E-05 9.98073E-05 9.98073E-05 9.98073E-05 9.98073E-05 9.98073E-05 9.98073E-05 9.98073E-05 9.98073E-05 9.98073E-05 9.98073E-05 9.98073E-05 9.98073E-05 0.0453265 9.98073E-05
0.0777252 0.258928 9.98421E-05 9.98421E-05 0.105885 9.98421E-05 9.98421E-05 9.98421E-05 9.98421E-05 9.98421E-05 9.98421E-05 0.131567 9.98421E-05 9.98421E-05 0.312841 9.98421E-05 9.98421E-05 0.111257 9.98421E-05 9.98421E-05 9.98421E-05 9.98421E-05 9.98421E-05 9.98421E-05
9.98333E-05 0.625188 9.98333E-05 9.98333E-05 0.100131 9.98333E-05 9.98333E-05 9.98333E-05 0.0431781 9.98333E-05 9.98333E-05 9.98333E-05 0.163565 9.98333E-05 9.98333E-05 9.98333E-05 9.98333E-05 9.98333E-05 9.98333E-05 9.98333E-05 9.98333E-05 9.98333E-05 0.0660414 9.98333E-05
9.98333E-05 0.870081 9.98333E-05 9.98333E-05 9.98333E-05 9.98333E-05 9.98333E-05 9.98333E-05 9.98333E-05 9.98333E-05 0.0254941 9.98333E-05 9.98333E-05 9.98333E-05 9.98333E-05 9.98333E-05 9.98333E-05 0.0419359 9.98333E-05 0.0520264 9.98333E-05 9.98333E-05 0.00856536 9.98333E-05
9.98244E-05 9.98244E-05 9.98244E-05 9.98244E-05 0.133457 9.98244E-05 9.98244E-05 9.98244E-05 9.98244E-05 9.98244E-05 9.98244E-05 9.98244E-05 9.98244E-05 0.67851 9.98244E-05 9.98244E-05 9.98244E-05 0.17929 0.00674646 9.98244E-05 9.98244E-05 9.98244E-05 9.98244E-05 9.98244E-05
9.98247E-05 0.781461 9.98247E-05 9.98247E-05 9.98247E-05 0.016077 9.98247E-05 9.98247E-05 9.98247E-05 9.98247E-05 9.98247E-05 9.98247E-05 9.98247E-05 9.98247E-05 0.0783021 9.98247E-05 9.98247E-05 0.122163 9.98247E-05 9.98247E-05 9.98247E-05 9.98247E-05 9.98247E-05 9.98247E-05
9.98243E-05 9.98243E-05 9.98243E-05 9.98243E-05 0.119722 9.98243E-05 9.98243E-05 9.98243E-05 9.98243E-05 9.98243E-05 9.98243E-05 9.98243E-05 9.98243E-05 0.713081 9.98243E-05 9.98243E-05 9.98243E-05 0.110807 0.0543937 9.98243E-05 9.98243E-05 9.98243E-05 9.98243E-05 9.98243E-05
9.98509E-05 0.383019 9.98509E-05 9.98509E-05 0.101464 9.98509E-05 9.98509E-05 9.98509E-05 9.98509E-05 0.0555327 9.98509E-05 9.98509E-05 0.0988838 9.98509E-05 9.98509E-05 9.98509E-05 9.98509E-05 0.0918229 9.98509E-05 0.0248848 9.98509E-05 9.98509E-05 0.242695 9.98509E-05
0.0448071 0.035198 9.9842E-05 9.9842E-05 0.0359089 9.9842E-05 0.0741154 9.9842E-05 9.9842E-05 9.9842E-05 9.9842E-05 9.9842E-05 9.9842E-05 0.119165 0.689008 9.9842E-05 9.9842E-05 9.9842E-05 9.9842E-05 9.9842E-05 9.9842E-05 9.9842E-05 9.9842E-05 9.9842E-05
9.98331E-05 0.861349 9.98331E-05 9.98331E-05 0.0338443 9.98331E-05 9.98331E-05 0.00646049 9.98331E-05 9.98331E-05 9.98331E-05 9.98331E-05 9.98331E-05 0.0378377 9.98331E-05 9.98331E-05 9.98331E-05 0.0586114 9.98331E-05 9.98331E-05 9.98331E-05 9.98331E-05 9.98331E-05 9.98331E-05
9.9816E-05 0.694862 9.9816E-05 9.9816E-05 0.172832 9.9816E-05 9.9816E-05 9.9816E-05 9.9816E-05 9.9816E-05 9.9816E-05 9.9816E-05 9.9816E-05 9.9816E-05 9.9816E-05 9.9816E-05 9.9816E-05 0.13021 9.9816E-05 9.9816E-05 9.9816E-05 9.9816E-05 9.9816E-05 9.9816E-05
9.98422E-05 0.460129 9.98422E-05 9.98422E-05 0.106101 9.98422E-05 9.98422E-05 9.98422E-05 9.98422E-05 9.98422E-05 0.0223235 9.98422E-05 9.98422E-05 0.340737 9.98422E-05 9.98422E-05 9.98422E-05 9.98422E-05 0.0334733 9.98422E-05 9.98422E-05 9.98422E-05 0.0354402 9.98422E-05
9.98335E-05 0.708869 9.98335E-05 9.98335E-05 0.106968 9.98335E-05 9.98335E-05 9.98335E-05 9.98335E-05 9.98335E-05 0.0387688 9.98335E-05 9.98335E-05 9.98335E-05 9.98335E-05 9.98335E-05 9.98335E-05 0.0629034 9.98335E-05 9.98335E-05 0.080594 9.98335E-05 9.98335E-05 9.98335E-05
9.98158E-05 0.958505 9.98158E-05 9.98158E-05 9.98158E-05 9.98158E-05 9.98158E-05 9.98158E-05 9.98158E-05 9.98158E-05 0.0182273 9.98158E-05 9.98158E-05 9.98158E-05 9.98158E-05 9.98158E-05 9.98158E-05 9.98158E-05 9.98158E-05 9.98158E-05 0.0211719 9.98158E-05 9.98158E-05 9.98158E-05
9.98419E-05 0.115512 9.98419E-05 9.98419E-05 0.145389 9.98419E-05 9.98419E-05 9.98419E-05 0.0922272 9.98419E-05 9.98419E-05 9.98419E-05 9.98419E-05 0.291938 9.98419E-05 9.98419E-05 9.98419E-05 0.251935 0.101202 9.98419E-05 9.98419E-05 9.98419E-05 9.98419E-05 9.98419E-05
9.98156E-05 0.838127 9.98156E-05 9.98156E-05 0.020011 9.98156E-05 9.98156E-05 9.98156E-05 9.98156E-05 9.98156E-05 9.98156E-05 9.98156E-05 9.98156E-05 9.98156E-05 9.98156E-05 9.98156E-05 9.98156E-05 9.98156E-05 9.98156E-05 9.98156E-05 9.98156E-05 9.98156E-05 9.98156E-05 0.139766
9.98073E-05 0.981828 9.98073E-05 9.98073E-05 9.98073E-05 9.98073E-05 9.98073E-05 9.98073E-05 9.98073E-05 9.98073E-05 9.98073E-05 9.98073E-05 9.98073E-05 9.98073E-05 9.98073E-05 9.98073E-05 9.98073E-05 9.98073E-05 9.98073E-05 9.98073E-05 9.98073E-05 9.98073E-05 0.0159762 9.98073E-05
9.9842E-05 0.608757 9.9842E-05 9.9842E-05 9.9842E-05 9.9842E-05 9.9842E-05 9.9842E-05 9.9842E-05 9.9842E-05 0.000486072 0.180842 9.9842E-05 9.9842E-05 9.9842E-05 9.9842E-05 0.0135991 0.0293393 9.9842E-05 9.9842E-05 9.9842E-05 9.9842E-05 0.165179 9.9842E-05
9.98332E-05 0.756963 9.98332E-05 9.98332E-05 0.159046 0.000324505 9.98332E-05 9.98332E-05 9.98332E-05 9.98332E-05 9.98332E-05 9.98332E-05 9.98332E-05 9.98332E-05 9.98332E-05 9.98332E-05 9.98332E-05 0.0389654 9.98332E-05 0.0428037 9.98332E-05 9.98332E-05 9.98332E-05 9.98332E-05
9.9842E-05 0.137547 9.9842E-05 9.9842E-05 0.00126212 9.9842E-05 9.9842E-05 9.9842E-05 0.0937528 9.9842E-05 9.9842E-05 9.9842E-05 9.9842E-05 9.9842E-05 0.148415 9.9842E-05 9.9842E-05 0.041342 9.9842E-05 9.9842E-05 9.9842E-05 9.9842E-05 0.575883 9.9842E-05
9.98247E-05 0.146507 9.98247E-05 9.98247E-05 0.0917663 9.98247E-05 9.98247E-05 9.98247E-05 9.98247E-05 9.98247E-05 9.98247E-05 9.98247E-05 9.98247E-05 0.446016 9.98247E-05 9.98247E-05 9.98247E-05 9.98247E-05 9.98247E-05 9.98247E-05 9.98247E-05 9.98247E-05 0.313714 9.98247E-05
9.98163E-05 0.606832 9.98163E-05 9.98163E-05 9.98163E-05 9.98163E-05 9.98163E-05 9.98163E-05 0.0285884 9.98163E-05 9.98163E-05 9.98163E-05 9.98163E-05 9.98163E-05 9.98163E-05 9.98163E-05 9.98163E-05 9.98163E-05 9.98163E-05 9.98163E-05 9.98163E-05 9.98163E-05 0.362483 9.98163E-05
9.98423E-05 0.310758 9.98423E-05 9.98423E-05 9.98423E-05 9.98423E-05 9.98423E-05 9.98423E-05 9.98423E-05 9.98423E-05 9.98423E-05 9.98423E-05 9.98423E-05 0.0359131 9.98423E-05 9.98423E-05 9.98423E-05 0.0159798 0.0590405 0.00934522 9.98423E-05 9.98423E-05 0.567166 9.98423E-05
9.98595E-05 0.152994 9.98595E-05 9.98595E-05 0.327747 0.00581756 9.98595E-05 9.98595E-05 9.98595E-05 9.98595E-05 0.0397644 0.000424593 0.0508673 0.379899 9.98595E-05 9.98595E-05 9.98595E-05 0.0408889 9.98595E-05 9.98595E-05 9.98595E-05 9.98595E-05 9.98595E-05 9.98595E-05
0.116436 0.739542 9.98246E-05 9.98246E-05 9.98246E-05 9.98246E-05 9.98246E-05 9.98246E-05 9.98246E-05 9.98246E-05 9.98246E-05 0.0188337 9.98246E-05 9.98246E-05 9.98246E-05 9.98246E-05 9.98246E-05 0.123192 9.98246E-05 9.98246E-05 9.98246E-05 9.98246E-05 9.98246E-05 9.98246E-05
9.9842E-05 9.9842E-05 9.9842E-05 9.9842E-05 0.0201152 9.9842E-05 9.9842E-05 9.9842E-05 9.9842E-05 9.9842E-05 9.9842E-05 9.9842E-05 9.9842E-05 0.221815 0.452373 9.9842E-05 9.9842E-05 0.0704972 0.00130885 9.9842E-05 9.9842E-05 9.9842E-05 0.232094 9.9842E-05
9.98421E-05 0.393681 9.98421E-05 9.98421E-05 0.036676 0.00460999 9.98421E-05 9.98421E-05 9.98421E-05 9.98421E-05 9.98421E-05 9.98421E-05 9.98421E-05 9.98421E-05 0.0766102 0.0162971 9.98421E-05 9.98421E-05 9.98421E-05 9.98421E-05 9.98421E-05 9.98421E-05 0.470329 9.98421E-05
9.98333E-05 0.479742 9.98333E-05 9.98333E-05 9.98333E-05 9.98333E-05 9.98333E-05 9.98333E-05 9.98333E-05 9.98333E-05 9.98333E-05 0.0318702 0.225947 9.98333E-05 9.98333E-05 9.98333E-05 9.98333E-05 0.177754 0.0827895 9.98333E-05 9.98333E-05 9.98333E-05 9.98333E-05 9.98333E-05
9.98334E-05 0.670934 9.98334E-05 9.98334E-05 0.0250421 9.98334E-05 9.98334E-05 9.98334E-05 9.98334E-05 0.197868 0.0260539 9.98334E-05 9.98334E-05 9.98334E-05 9.98334E-05 9.98334E-05 9.98334E-05 0.078205 9.98334E-05 9.98334E-05 9.98334E-05 9.98334E-05 9.98334E-05 9.98334E-05
9.98773E-05 0.430699 9.98773E-05 9.98773E-05 0.0167467 9.98773E-05 0.110264 9.98773E-05 9.98773E-05 9.98773E-05 9.98773E-05 0.0329958 0.139919 0.102723 9.98773E-05 9.98773E-05 9.98773E-05 0.102958 9.98773E-05 9.98773E-05 0.00972382 9.98773E-05 0.0228347 0.0297371
9.98421E-05 0.513438 9.98421E-05 9.98421E-05 0.204612 9.98421E-05 9.98421E-05 9.98421E-05 9.98421E-05 9.98421E-05 0.00519548 9.98421E-05 9.98421E-05 9.98421E-05 9.98421E-05 9.98421E-05 9.98421E-05 0.222092 0.0492192 9.98421E-05 9.98421E-05 9.98421E-05 9.98421E-05 0.00364509
9.98334E-05 0.348551 9.98334E-05 9.98334E-05 0.000151739 9.98334E-05 9.98334E-05 9.98334E-05 9.98334E-05 9.98334E-05 9.98334E-05 9.98334E-05 9.98334E-05 0.0405133 0.0968672 9.98334E-05 9.98334E-05 9.98334E-05 9.98334E-05 9.98334E-05 9.98334E-05 9.98334E-05 0.51202 9.98334E-05
9.98244E-05 0.739545 9.98244E-05 0.0563873 0.0649441 9.98244E-05 9.98244E-05 9.98244E-05 9.98244E-05 9.98244E-05 9.98244E-05 9.98244E-05 9.98244E-05 9.98244E-05 9.98244E-05 9.98244E-05 0.137127 9.98244E-05 9.98244E-05 9.98244E-05 9.98244E-05 9.98244E-05 9.98244E-05 9.98244E-05
9.98156E-05 0.179964 9.98156E-05 9.98156E-05 9.98156E-05 9.98156E-05 9.98156E-05 9.98156E-05 9.98156E-05 9.98156E-05 9.98156E-05 9.98156E-05 9.98156E-05 9.98156E-05 0.757468 9.98156E-05 9.98156E-05 0.0604716 9.98156E-05 9.98156E-05 9.98156E-05 9.98156E-05 9.98156E-05 9.98156E-05
9.98597E-05 0.430612 9.98597E-05 9.98597E-05 0.121295 9.98597E-05 9.98597E-05 9.98597E-05 9.98597E-05 9.98597E-05 0.00669144 0.042441 9.98597E-05 0.0234512 0.0645589 9.98597E-05 9.98597E-05 0.101681 9.98597E-05 9.98597E-05 9.98597E-05 9.98597E-05 0.207672 9.98597E-05
9.98246E-05 0.891182 9.98246E-05 9.98246E-05 9.98246E-05 9.98246E-05 9.98246E-05 9.98246E-05 9.98246E-05 9.98246E-05 9.98246E-05 9.98246E-05 0.0560473 9.98246E-05 9.98246E-05 9.98246E-05 9.98246E-05 0.0341825 9.98246E-05 9.98246E-05 0.0165922 9.98246E-05 9.98246E-05 9.98246E-05
9.98244E-05 0.891619 9.98244E-05 9.98244E-05 9.98244E-05 9.98244E-05 9.98244E-05 9.98244E-05 9.98244E-05 9.98244E-05 0.0114849 9.98244E-05 9.98244E-05 0.0129452 9.98244E-05 9.98244E-05 0.0819545 9.98244E-05 9.98244E-05 9.98244E-05 9.98244E-05 9.98244E-05 9.98244E-05 9.98244E-05
9.98332E-05 0.28143 9.98332E-05 9.98332E-05 0.166632 9.98332E-05 9.98332E-05 9.98332E-05 9.98332E-05 9.98332E-05 9.98332E-05 9.98332E-05 0.133868 0.164021 9.98332E-05 9.98332E-05 9.98332E-05 0.252153 9.98332E-05 9.98332E-05 9.98332E-05 9.98332E-05 9.98332E-05 9.98332E-05
9.98157E-05 0.759798 9.98157E-05 9.98157E-05 0.145901 9.98157E-05 9.98157E-05 9.98157E-05 9.98157E-05 9.98157E-05 9.98157E-05 9.98157E-05 9.98157E-05 9.98157E-05 9.98157E-05 9.98157E-05 9.98157E-05 0.0922048 9.98157E-05 9.98157E-05 9.98157E-05 9.98157E-05 9.98157E-05 9.98157E-05
