9.98156E-05 9.98156E-05 9.98156E-05 9.98156E-05 9.98156E-05 9.98156E-05 0.025075 9.98156E-05 0.519303 9.98156E-05 9.98156E-05 9.98156E-05 9.98156E-05 0.0515522 9.98156E-05 0.0350456 9.98156E-05 9.98156E-05 9.98156E-05 0.0841575 0.174123 9.98156E-05 9.98156E-05 0.0422196 9.98156E-05 9.98156E-05 0.0664282 9.98156E-05 9.98156E-05
9.98072E-05 9.98072E-05 0.153304 9.98072E-05 9.98072E-05 9.98072E-05 9.98072E-05 9.98072E-05 0.471157 9.98072E-05 9.98072E-05 9.98072E-05 0.125617 9.98072E-05 9.98072E-05 9.98072E-05 9.98072E-05 9.98072E-05 0.00242297 0.0118117 0.164368 9.98072E-05 9.98072E-05 0.0691236 9.98072E-05 9.98072E-05 9.98072E-05 9.98072E-05 9.98072E-05
0.0563484 9.97633E-05 9.97633E-05 9.97633E-05 9.97633E-05 9.97633E-05 9.97633E-05 9.97633E-05 9.97633E-05 9.97633E-05 9.97633E-05 9.97633E-05 0.940958 9.97633E-05 9.97633E-05 9.97633E-05 9.97633E-05 9.97633E-05 9.97633E-05 9.97633E-05 9.97633E-05 9.97633E-05 9.97633E-05 9.97633E-05 9.97633E-05 9.97633E-05 9.97633E-05 9.97633E-05 9.97633E-05
0.0934533 9.98334E-05 0.218037 0.0461096 0.0281364 9.98334E-05 9.98334E-05 9.98334E-05 0.106235 9.98334E-05 9.98334E-05 9.98334E-05 9.98334E-05 0.0262975 9.98334E-05 9.98334E-05 9.98334E-05 0.0236198 9.98334E-05 9.98334E-05 9.98334E-05 9.98334E-05 9.98334E-05 0.037912 9.98334E-05 9.98334E-05 9.98334E-05 0.145332 0.272971
9.97897E-05 9.97897E-05 0.890401 9.97897E-05 9.97897E-05 9.97897E-05 9.97897E-05 9.97897E-05 0.0170838 9.97897E-05 0.0358466 9.97897E-05 9.97897E-05 9.97897E-05 0.0125135 9.97897E-05 9.97897E-05 0.04176 9.97897E-05 9.97897E-05 9.97897E-05 9.97897E-05 9.97897E-05 9.97897E-05 9.97897E-05 9.97897E-05 9.97897E-05 9.97897E-05 9.97897E-05
9.98159E-05 9.98159E-05 9.98159E-05 9.98159E-05 9.98159E-05 9.98159E-05 0.0426724 9.98159E-05 9.98159E-05 9.98159E-05 0.11139 9.98159E-05 0.254057 9.98159E-05 0.0951034 9.98159E-05 9.98159E-05 0.232809 9.98159E-05 9.98159E-05 0.228607 9.98159E-05 9.98159E-05 9.98159E-05 9.98159E-05 9.98159E-05 9.98159E-05 0.0057345 0.0275303
9.98423E-05 9.98423E-05 9.98423E-05 9.98423E-05 0.0904305 9.98423E-05 9.98423E-05 9.98423E-05 0.175255 9.98423E-05 9.98423E-05 9.98423E-05 0.100586 0.0731992 9.98423E-05 0.040238 0.0146616 9.98423E-05 9.98423E-05 0.00693196 0.142858 9.98423E-05 9.98423E-05 0.0883976 9.98423E-05 9.98423E-05 9.98423E-05 0.159104 0.10654
9.98158E-05 0.186522 0.351043 9.98158E-05 9.98158E-05 9.98158E-05 0.112752 9.98158E-05 9.98158E-05 9.98158E-05 0.13936 9.98158E-05 9.98158E-05 9.98158E-05 0.00279378 9.98158E-05 0.0168176 9.98158E-05 9.98158E-05 9.98158E-05 9.98158E-05 9.98158E-05 9.98158E-05 9.98158E-05 9.98158E-05 9.98158E-05 0.0287572 0.159859 9.98158E-05
9.98245E-05 9.98245E-05 0.275894 0.0660639 9.98245E-05 9.98245E-05 9.98245E-05 9.98245E-05 0.00744738 9.98245E-05 0.204659 9.98245E-05 9.98245E-05 9.98245E-05 9.98245E-05 0.12166 9.98245E-05 0.0790859 9.98245E-05 0.18584 9.98245E-05 9.98245E-05 9.98245E-05 0.0165499 9.98245E-05 9.98245E-05 9.98245E-05 0.0408032 9.98245E-05
9.97545E-05 9.97545E-05 9.97545E-05 9.97545E-05 9.97545E-05 9.97545E-05 9.97545E-05 9.97545E-05 0.997207 9.97545E-05 9.97545E-05 9.97545E-05 9.97545E-05 9.97545E-05 9.97545E-05 9.97545E-05 9.97545E-05 9.97545E-05 9.97545E-05 9.97545E-05 9.97545E-05 9.97545E-05 9.97545E-05 9.97545E-05 9.97545E-05 9.97545E-05 9.97545E-05 9.97545E-05 9.97545E-05
9.9772E-05 9.9772E-05 9.9772E-05 9.9772E-05 9.9772E-05 9.9772E-05 9.9772E-05 9.9772E-05 0.700809 9.9772E-05 9.9772E-05 9.9772E-05 9.9772E-05 0.164487 9.9772E-05 9.9772E-05 9.9772E-05 9.9772E-05 9.9772E-05 0.132111 9.9772E-05 9.9772E-05 9.9772E-05 9.9772E-05 9.9772E-05 9.9772E-05 9.9772E-05 9.9772E-05 9.9772E-05
9.97633E-05 0.00176155 9.97633E-05 9.97633E-05 9.97633E-05 9.97633E-05 9.97633E-05 9.97633E-05 9.97633E-05 9.97633E-05 9.97633E-05 9.97633E-05 0.995545 9.97633E-05 9.97633E-05 9.97633E-05 9.97633E-05 9.97633E-05 9.97633E-05 9.97633E-05 9.97633E-05 9.97633E-05 9.97633E-05 9.97633E-05 9.97633E-05 9.97633E-05 9.97633E-05 9.97633E-05 9.97633E-05
9.97897E-05 0.000128905 0.132975 9.97897E-05 9.97897E-05 9.97897E-05 9.97897E-05 9.97897E-05 0.812417 9.97897E-05 9.97897E-05 9.97897E-05 9.97897E-05 9.97897E-05 9.97897E-05 9.97897E-05 9.97897E-05 9.97897E-05 9.97897E-05 0.0498142 9.97897E-05 0.00226997 9.97897E-05 9.97897E-05 9.97897E-05 9.97897E-05 9.97897E-05 9.97897E-05 9.97897E-05
0.00729255 9.98422E-05 0.077287 9.98422E-05 9.98422E-05 9.98422E-05 9.98422E-05 0.0677851 0.0542832 0.00562007 9.98422E-05 9.98422E-05 0.605573 0.0345038 9.98422E-05 9.98422E-05 9.98422E-05 9.98422E-05 9.98422E-05 0.041259 9.98422E-05 0.095919 9.98422E-05 9.98422E-05 0.000302356 9.98422E-05 9.98422E-05 0.00837757 9.98422E-05
9.98246E-05 9.98246E-05 9.98246E-05 9.98246E-05 9.98246E-05 9.98246E-05 0.0533728 0.0564542 0.410612 9.98246E-05 0.121058 9.98246E-05 9.98246E-05 9.98246E-05 9.98246E-05 0.00488824 9.98246E-05 0.0969479 9.98246E-05 0.0850824 0.162237 9.98246E-05 0.00735142 9.98246E-05 9.98246E-05 9.98246E-05 9.98246E-05 9.98246E-05 9.98246E-05
9.98245E-05 0.156987 0.295226 9.98245E-05 9.98245E-05 9.98245E-05 9.98245E-05 9.98245E-05 9.98245E-05 9.98245E-05 0.159533 0.0910642 9.98245E-05 9.98245E-05 9.98245E-05 9.98245E-05 9.98245E-05 0.0334908 9.98245E-05 0.0699302 0.086427 9.98245E-05 9.98245E-05 9.98245E-05 9.98245E-05 9.98245E-05 9.98245E-05 0.0503862 0.0549595
9.97896E-05 9.97896E-05 0.524336 0.187691 9.97896E-05 9.97896E-05 9.97896E-05 9.97896E-05 9.97896E-05 0.209352 9.97896E-05 9.97896E-05 9.97896E-05 9.97896E-05 9.97896E-05 9.97896E-05 9.97896E-05 9.97896E-05 9.97896E-05 0.0244029 9.97896E-05 9.97896E-05 9.97896E-05 0.0518232 9.97896E-05 9.97896E-05 9.97896E-05 9.97896E-05 9.97896E-05
9.98334E-05 9.98334E-05 0.00528157 9.98334E-05 9.98334E-05 0.153457 9.98334E-05 9.98334E-05 0.188372 9.98334E-05 0.0145189 9.98334E-05 9.98334E-05 9.98334E-05 9.98334E-05 0.0587486 9.98334E-05 9.98334E-05 9.98334E-05 0.104263 0.177562 9.98334E-05 9.98334E-05 9.98334E-05 0.0353845 0.131311 9.98334E-05 0.129206 9.98334E-05
9.9807E-05 9.9807E-05 9.9807E-05 9.9807E-05 9.9807E-05 9.9807E-05 9.9807E-05 9.9807E-05 0.424928 9.9807E-05 0.0711672 9.9807E-05 9.9807E-05 0.0384444 9.9807E-05 9.9807E-05 9.9807E-05 9.9807E-05 9.9807E-05 0.213449 9.9807E-05 9.9807E-05 0.0466855 9.9807E-05 9.9807E-05 9.9807E-05 9.9807E-05 0.118539 0.0845906
9.9772E-05 9.9772E-05 0.869001 9.9772E-05 9.9772E-05 0.000372224 9.9772E-05 9.9772E-05 0.128033 9.9772E-05 9.9772E-05 9.9772E-05 9.9772E-05 9.9772E-05 9.9772E-05 9.9772E-05 9.9772E-05 9.9772E-05 9.9772E-05 9.9772E-05 9.9772E-05 9.9772E-05 9.9772E-05 9.9772E-05 9.9772E-05 9.9772E-05 9.9772E-05 9.9772E-05 9.9772E-05
0.0513235 9.9807E-05 0.558937 0.146692 9.9807E-05 9.9807E-05 9.9807E-05 9.9807E-05 9.9807E-05 9.9807E-05 0.0478709 9.9807E-05 9.9807E-05 0.00476523 9.9807E-05 9.9807E-05 0.0806482 9.9807E-05 9.9807E-05 9.9807E-05 9.9807E-05 9.9807E-05 9.9807E-05 9.9807E-05 0.107568 9.9807E-05 9.9807E-05 9.9807E-05 9.9807E-05
9.98159E-05 9.98159E-05 9.98159E-05 9.98159E-05 9.98159E-05 9.98159E-05 0.0400384 9.98159E-05 0.307247 9.98159E-05 0.112663 9.98159E-05 9.98159E-05 9.98159E-05 0.146552 9.98159E-05 9.98159E-05 9.98159E-05 0.0611826 9.98159E-05 9.98159E-05 9.98159E-05 0.0329202 9.98159E-05 9.98159E-05 9.98159E-05 9.98159E-05 0.238221 0.0590794
9.97895E-05 9.97895E-05 0.709222 9.97895E-05 9.97895E-05 9.97895E-05 9.97895E-05 9.97895E-05 9.97895E-05 9.97895E-05 9.97895E-05 9.97895E-05 0.014526 9.97895E-05 9.97895E-05 9.97895E-05 9.97895E-05 0.00991279 9.97895E-05 0.0949986 0.168945 9.97895E-05 9.97895E-05 9.97895E-05 9.97895E-05 9.97895E-05 9.97895E-05 9.97895E-05 9.97895E-05
9.97896E-05 9.97896E-05 9.97896E-05 9.97896E-05 9.97896E-05 9.97896E-05 9.97896E-05 9.97896E-05 0.460673 9.97896E-05 9.97896E-05 9.97896E-05 9.97896E-05 9.97896E-05 9.97896E-05 0.0396364 9.97896E-05 9.97896E-05 9.97896E-05 0.237774 0.0118646 9.97896E-05 9.97896E-05 9.97896E-05 9.97896E-05 9.97896E-05 9.97896E-05 0.247657 9.97896E-05
0.137216 9.98244E-05 9.98244E-05 9.98244E-05 9.98244E-05 0.0647329 9.98244E-05 0.0163294 0.389408 9.98244E-05 0.0326894 9.98244E-05 9.98244E-05 0.0140037 9.98244E-05 9.98244E-05 9.98244E-05 9.98244E-05 9.98244E-05 0.231707 9.98244E-05 9.98244E-05 0.094719 9.98244E-05 9.98244E-05 9.98244E-05 9.98244E-05 0.0171987 9.98244E-05
9.97983E-05 9.97983E-05 0.231289 0.108198 9.97983E-05 9.97983E-05 9.97983E-05 9.97983E-05 0.546598 9.97983E-05 0.0168498 9.97983E-05 9.97983E-05 9.97983E-05 9.97983E-05 9.97983E-05 9.97983E-05 0.0603725 9.97983E-05 0.0343966 9.97983E-05 9.97983E-05 9.97983E-05 9.97983E-05 9.97983E-05 9.97983E-05 9.97983E-05 9.97983E-05 9.97983E-05
0.169839 0.144932 9.98244E-05 9.98244E-05 9.98244E-05 9.98244E-05 9.98244E-05 0.0109505 0.103492 9.98244E-05 9.98244E-05 9.98244E-05 9.98244E-05 9.98244E-05 9.98244E-05 9.98244E-05 9.98244E-05 0.0490616 0.263243 0.0774455 9.98244E-05 9.98244E-05 9.98244E-05 9.98244E-05 9.98244E-05 0.096689 9.98244E-05 0.0823512 9.98244E-05
9.97722E-05 9.97722E-05 0.0229521 9.97722E-05 9.97722E-05 9.97722E-05 9.97722E-05 9.97722E-05 0.850991 9.97722E-05 9.97722E-05 9.97722E-05 9.97722E-05 9.97722E-05 9.97722E-05 9.97722E-05 9.97722E-05 9.97722E-05 9.97722E-05 9.97722E-05 9.97722E-05 9.97722E-05 9.97722E-05 9.97722E-05 9.97722E-05 9.97722E-05 9.97722E-05 9.97722E-05 0.123463
0.0350745 9.97897E-05 9.97897E-05 9.97897E-05 9.97897E-05 0.0350408 9.97897E-05 9.97897E-05 0.748292 9.97897E-05 9.97897E-05 9.97897E-05 0.00258432 9.97897E-05 9.97897E-05 9.97897E-05 9.97897E-05 9.97897E-05 9.97897E-05 0.176613 9.97897E-05 9.97897E-05 9.97897E-05 9.97897E-05 9.97897E-05 9.97897E-05 9.97897E-05 9.97897E-05 9.97897E-05
9.97896E-05 9.97896E-05 9.97896E-05 9.97896E-05 9.97896E-05 9.97896E-05 9.97896E-05 9.97896E-05 0.166531 0.0191245 0.0601502 9.97896E-05 0.745263 9.97896E-05 9.97896E-05 9.97896E-05 9.97896E-05 9.97896E-05 9.97896E-05 0.00653602 9.97896E-05 9.97896E-05 9.97896E-05 9.97896E-05 9.97896E-05 9.97896E-05 9.97896E-05 9.97896E-05 9.97896E-05
9.98158E-05 9.98158E-05 0.07624 9.98158E-05 9.98158E-05 0.0386773 9.98158E-05 9.98158E-05 0.683468 9.98158E-05 9.98158E-05 9.98158E-05 9.98158E-05 0.0403896 9.98158E-05 9.98158E-05 9.98158E-05 9.98158E-05 0.0224487 0.0509725 0.0230787 9.98158E-05 0.0626291 9.98158E-05 9.98158E-05 9.98158E-05 9.98158E-05 9.98158E-05 9.98158E-05
0.0989248 0.00890482 0.608061 0.0792407 9.98422E-05 9.98422E-05 9.98422E-05 9.98422E-05 0.00347162 9.98422E-05 9.98422E-05 9.98422E-05 9.98422E-05 0.0325019 9.98422E-05 9.98422E-05 9.98422E-05 0.0528957 0.00237473 0.055922 9.98422E-05 0.0424548 9.98422E-05 9.98422E-05 9.98422E-05 9.98422E-05 9.98422E-05 0.013451 9.98422E-05
0.0221643 9.9842E-05 9.9842E-05 9.9842E-05 0.0336703 9.9842E-05 9.9842E-05 9.9842E-05 0.132075 9.9842E-05 9.9842E-05 0.0249781 0.455459 0.0973212 9.9842E-05 9.9842E-05 9.9842E-05 9.9842E-05 9.9842E-05 0.105944 0.0396447 9.9842E-05 0.00202271 9.9842E-05 0.00424698 9.9842E-05 9.9842E-05 0.0806767 9.9842E-05
0.197886 9.98071E-05 9.98071E-05 9.98071E-05 9.98071E-05 9.98071E-05 9.98071E-05 9.98071E-05 9.98071E-05 9.98071E-05 9.98071E-05 9.98071E-05 0.517007 9.98071E-05 9.98071E-05 9.98071E-05 9.98071E-05 9.98071E-05 9.98071E-05 0.0994772 9.98071E-05 0.00378486 9.98071E-05 9.98071E-05 0.00420187 9.98071E-05 0.0524567 0.122991 9.98071E-05
9.9781E-05 9.9781E-05 9.9781E-05 9.9781E-05 9.9781E-05 9.9781E-05 9.9781E-05 9.9781E-05 0.541213 9.9781E-05 9.9781E-05 9.9781E-05 0.413568 0.0413635 9.9781E-05 9.9781E-05 9.9781E-05 9.9781E-05 9.9781E-05 9.9781E-05 9.9781E-05 9.9781E-05 0.00136061 9.9781E-05 9.9781E-05 9.9781E-05 9.9781E-05 9.9781E-05 9.9781E-05
9.98072E-05 9.98072E-05 0.373599 0.161581 9.98072E-05 9.98072E-05 9.98072E-05 9.98072E-05 0.304547 9.98072E-05 0.0157235 9.98072E-05 0.0546301 9.98072E-05 9.98072E-05 9.98072E-05 9.98072E-05 9.98072E-05 0.0506018 9.98072E-05 9.98072E-05 9.98072E-05 9.98072E-05 0.0371224 9.98072E-05 9.98072E-05 9.98072E-05 9.98072E-05 9.98072E-05
9.97898E-05 9.97898E-05 0.825174 9.97898E-05 0.111216 9.97898E-05 0.00783511 9.97898E-05 9.97898E-05 9.97898E-05 9.97898E-05 9.97898E-05 0.0201689 9.97898E-05 9.97898E-05 9.97898E-05 9.97898E-05 9.97898E-05 9.97898E-05 9.97898E-05 9.97898E-05 9.97898E-05 9.97898E-05 9.97898E-05 0.0332104 9.97898E-05 9.97898E-05 9.97898E-05 9.97898E-05
9.97895E-05 9.97895E-05 9.97895E-05 9.97895E-05 9.97895E-05 0.029731 9.97895E-05 9.97895E-05 9.97895E-05 9.97895E-05 0.172782 9.97895E-05 0.695383 9.97895E-05 9.97895E-05 9.97895E-05 9.97895E-05 9.97895E-05 9.97895E-05 9.97895E-05 9.97895E-05 9.97895E-05 9.97895E-05 0.090533 9.97895E-05 9.97895E-05 9.97895E-05 0.00917593 9.97895E-05
9.98158E-05 9.98158E-05 9.98158E-05 9.98158E-05 9.98158E-05 9.98158E-05 9.98158E-05 9.98158E-05 9.98158E-05 9.98158E-05 0.00548982 9.98158E-05 0.682567 0.00403127 9.98158E-05 9.98158E-05 9.98158E-05 0.000821722 0.0481089 0.154081 9.98158E-05 9.98158E-05 9.98158E-05 0.102148 0.000655857 9.98158E-05 9.98158E-05 9.98158E-05 9.98158E-05
9.98246E-05 0.165112 0.138159 9.98246E-05 9.98246E-05 9.98246E-05 9.98246E-05 9.98246E-05 9.98246E-05 9.98246E-05 0.00742073 9.98246E-05 0.375735 0.0172076 9.98246E-05 9.98246E-05 9.98246E-05 0.153495 9.98246E-05 0.115345 9.98246E-05 0.0111188 9.98246E-05 9.98246E-05 9.98246E-05 9.98246E-05 9.98246E-05 0.014411 9.98246E-05
9.9772E-05 9.9772E-05 9.9772E-05 0.00819015 9.9772E-05 9.9772E-05 9.9772E-05 9.9772E-05 0.986154 9.9772E-05 9.9772E-05 9.9772E-05 9.9772E-05 0.00306223 9.9772E-05 9.9772E-05 9.9772E-05 9.9772E-05 9.9772E-05 9.9772E-05 9.9772E-05 9.9772E-05 9.9772E-05 9.9772E-05 9.9772E-05 9.9772E-05 9.9772E-05 9.9772E-05 9.9772E-05
9.97985E-05 9.97985E-05 9.97985E-05 9.97985E-05 9.97985E-05 9.97985E-05 9.97985E-05 9.97985E-05 0.882498 9.97985E-05 9.97985E-05 9.97985E-05 9.97985E-05 9.97985E-05 9.97985E-05 9.97985E-05 9.97985E-05 0.0331195 0.0161111 0.00247536 9.97985E-05 9.97985E-05 9.97985E-05 0.0174901 9.97985E-05 9.97985E-05 9.97985E-05 0.0460109 9.97985E-05
9.97721E-05 0.00245527 9.97721E-05 9.97721E-05 9.97721E-05 9.97721E-05 9.97721E-05 9.97721E-05 0.962536 0.0324143 9.97721E-05 9.97721E-05 9.97721E-05 9.97721E-05 9.97721E-05 9.97721E-05 9.97721E-05 9.97721E-05 9.97721E-05 9.97721E-05 9.97721E-05 9.97721E-05 9.97721E-05 9.97721E-05 9.97721E-05 9.97721E-05 9.97721E-05 9.97721E-05 9.97721E-05
9.98247E-05 9.98247E-05 9.98247E-05 9.98247E-05 9.98247E-05 9.98247E-05 0.00566945 9.98247E-05 0.0846761 9.98247E-05 0.0832972 9.98247E-05 0.408069 0.0108216 9.98247E-05 0.0128815 9.98247E-05 9.98247E-05 9.98247E-05 0.163506 0.141869 9.98247E-05 9.98247E-05 9.98247E-05 9.98247E-05 9.98247E-05 9.98247E-05 0.0872131 9.98247E-05
9.97898E-05 9.97898E-05 0.00670794 9.97898E-05 9.97898E-05 9.97898E-05 9.97898E-05 9.97898E-05 9.97898E-05 9.97898E-05 9.97898E-05 9.97898E-05 0.252329 9.97898E-05 9.97898E-05 9.97898E-05 9.97898E-05 9.97898E-05 9.97898E-05 0.29312 9.97898E-05 9.97898E-05 9.97898E-05 9.97898E-05 9.97898E-05 9.97898E-05 9.97898E-05 0.344103 0.101346
9.97893E-05 9.97893E-05 9.97893E-05 9.97893E-05 9.97893E-05 0.0383306 9.97893E-05 9.97893E-05 0.521567 9.97893E-05 9.97893E-05 9.97893E-05 0.381449 9.97893E-05 9.97893E-05 9.97893E-05 9.97893E-05 9.97893E-05 9.97893E-05 0.0178107 9.97893E-05 9.97893E-05 9.97893E-05 9.97893E-05 9.97893E-05 9.97893E-05 9.97893E-05 9.97893E-05 0.0384478
9.97893E-05 9.97893E-05 0.878093 9.97893E-05 9.97893E-05 9.97893E-05 9.97893E-05 9.97893E-05 9.97893E-05 9.97893E-05 0.00351885 9.97893E-05 9.97893E-05 0.00545205 9.97893E-05 9.97893E-05 9.97893E-05 9.97893E-05 9.97893E-05 0.0719705 9.97893E-05 9.97893E-05 9.97893E-05 9.97893E-05 9.97893E-05 0.0385711 9.97893E-05 9.97893E-05 9.97893E-05
9.97545E-05 9.97545E-05 9.97545E-05 9.97545E-05 9.97545E-05 9.97545E-05 9.97545E-05 9.97545E-05 9.97545E-05 9.97545E-05 9.97545E-05 9.97545E-05 0.997207 9.97545E-05 9.97545E-05 9.97545E-05 9.97545E-05 9.97545E-05 9.97545E-05 9.97545E-05 9.97545E-05 9.97545E-05 9.97545E-05 9.97545E-05 9.97545E-05 9.97545E-05 9.97545E-05 9.97545E-05 9.97545E-05
9.9807E-05 0.044324 0.693856 9.9807E-05 9.9807E-05 9.9807E-05 9.9807E-05 9.9807E-05 9.9807E-05 9.9807E-05 9.9807E-05 9.9807E-05 0.0210593 0.0393919 9.9807E-05 9.9807E-05 0.0184667 9.9807E-05 9.9807E-05 0.111776 9.9807E-05 9.9807E-05 9.9807E-05 9.9807E-05 9.9807E-05 9.9807E-05 9.9807E-05 0.0689306 9.9807E-05
9.97899E-05 9.97899E-05 0.899174 9.97899E-05 0.0423988 0.0204792 9.97899E-05 9.97899E-05 9.97899E-05 9.97899E-05 9.97899E-05 9.97899E-05 9.97899E-05 9.97899E-05 9.97899E-05 9.97899E-05 9.97899E-05 9.97899E-05 9.97899E-05 0.023253 9.97899E-05 9.97899E-05 9.97899E-05 9.97899E-05 9.97899E-05 0.0123004 9.97899E-05 9.97899E-05 9.97899E-05
0.101585 0.0526412 0.2591 9.98333E-05 9.98333E-05 9.98333E-05 9.98333E-05 9.98333E-05 9.98333E-05 9.98333E-05 0.0524916 9.98333E-05 0.0989769 0.0953993 9.98333E-05 0.0119703 9.98333E-05 9.98333E-05 0.128636 0.183614 9.98333E-05 9.98333E-05 9.98333E-05 9.98333E-05 9.98333E-05 9.98333E-05 9.98333E-05 9.98333E-05 0.0136891
9.97896E-05 9.97896E-05 9.97896E-05 9.97896E-05 9.97896E-05 9.97896E-05 9.97896E-05 9.97896E-05 0.708058 9.97896E-05 9.97896E-05 9.97896E-05 9.97896E-05 9.97896E-05 9.97896E-05 0.0795112 0.00953971 9.97896E-05 9.97896E-05 9.97896E-05 9.97896E-05 9.97896E-05 9.97896E-05 9.97896E-05 0.0668109 9.97896E-05 9.97896E-05 0.133685 9.97896E-05
9.97634E-05 9.97634E-05 9.97634E-05 9.97634E-05 9.97634E-05 9.97634E-05 9.97634E-05 9.97634E-05 0.990132 9.97634E-05 9.97634E-05 9.97634E-05 9.97634E-05 9.97634E-05 9.97634E-05 9.97634E-05 9.97634E-05 9.97634E-05 9.97634E-05 9.97634E-05 9.97634E-05 9.97634E-05 9.97634E-05 9.97634E-05 9.97634E-05 0.0071748 9.97634E-05 9.97634E-05 9.97634E-05
9.97897E-05 9.97897E-05 9.97897E-05 9.97897E-05 9.97897E-05 9.97897E-05 9.97897E-05 9.97897E-05 9.97897E-05 9.97897E-05 9.97897E-05 0.0400225 0.836185 9.97897E-05 9.97897E-05 9.97897E-05 9.97897E-05 9.97897E-05 9.97897E-05 0.0706407 9.97897E-05 9.97897E-05 9.97897E-05 9.97897E-05 0.0451991 0.00555819 9.97897E-05 9.97897E-05 9.97897E-05
9.97898E-05 9.97898E-05 0.0494327 9.97898E-05 9.97898E-05 9.97898E-05 9.97898E-05 0.0495886 9.97898E-05 9.97898E-05 9.97898E-05 9.97898E-05 0.773985 9.97898E-05 9.97898E-05 9.97898E-05 9.97898E-05 9.97898E-05 9.97898E-05 0.0308495 9.97898E-05 9.97898E-05 0.093749 9.97898E-05 9.97898E-05 9.97898E-05 9.97898E-05 9.97898E-05 9.97898E-05
9.97898E-05 0.137917 9.97898E-05 9.97898E-05 9.97898E-05 0.0394645 9.97898E-05 9.97898E-05 0.421251 9.97898E-05 9.97898E-05 9.97898E-05 0.387631 9.97898E-05 9.97898E-05 9.97898E-05 9.97898E-05 0.011341 9.97898E-05 9.97898E-05 9.97898E-05 9.97898E-05 9.97898E-05 9.97898E-05 9.97898E-05 9.97898E-05 9.97898E-05 9.97898E-05 9.97898E-05
9.97808E-05 9.97808E-05 0.0576858 0.178689 9.97808E-05 9.97808E-05 9.97808E-05 9.97808E-05 0.697289 9.97808E-05 9.97808E-05 9.97808E-05 9.97808E-05 9.97808E-05 9.97808E-05 9.97808E-05 9.97808E-05 9.97808E-05 9.97808E-05 9.97808E-05 9.97808E-05 9.97808E-05 9.97808E-05 9.97808E-05 9.97808E-05 0.0638414 9.97808E-05 9.97808E-05 9.97808E-05
9.97807E-05 9.97807E-05 0.908257 9.97807E-05 9.97807E-05 9.97807E-05 9.97807E-05 9.97807E-05 9.97807E-05 9.97807E-05 9.97807E-05 9.97807E-05 9.97807E-05 0.00884348 9.97807E-05 9.97807E-05 9.97807E-05 9.97807E-05 9.97807E-05 0.0351838 9.97807E-05 9.97807E-05 9.97807E-05 9.97807E-05 9.97807E-05 9.97807E-05 9.97807E-05 9.97807E-05 0.0452216
9.9772E-05 9.9772E-05 9.9772E-05 9.9772E-05 9.9772E-05 9.9772E-05 0.0275136 9.9772E-05 0.0845683 9.9772E-05 9.9772E-05 9.9772E-05 0.885324 9.9772E-05 9.9772E-05 9.9772E-05 9.9772E-05 9.9772E-05 9.9772E-05 9.9772E-05 9.9772E-05 9.9772E-05 9.9772E-05 9.9772E-05 9.9772E-05 9.9772E-05 9.9772E-05 9.9772E-05 9.9772E-05
0.14494 9.97894E-05 9.97894E-05 9.97894E-05 9.97894E-05 9.97894E-05 9.97894E-05 9.97894E-05 9.97894E-05 9.97894E-05 9.97894E-05 9.97894E-05 9.97894E-05 9.97894E-05 9.97894E-05 9.97894E-05 9.97894E-05 9.97894E-05 9.97894E-05 0.1141 0.631327 9.97894E-05 9.97894E-05 0.0950614 9.97894E-05 0.012177 9.97894E-05 9.97894E-05 9.97894E-05
9.97635E-05 9.97635E-05 9.97635E-05 9.97635E-05 9.97635E-05 9.97635E-05 9.97635E-05 0.0363642 9.97635E-05 9.97635E-05 9.97635E-05 9.97635E-05 9.97635E-05 9.97635E-05 9.97635E-05 9.97635E-05 9.97635E-05 9.97635E-05 9.97635E-05 9.97635E-05 0.960942 9.97635E-05 9.97635E-05 9.97635E-05 9.97635E-05 9.97635E-05 9.97635E-05 9.97635E-05 9.97635E-05
9.97634E-05 9.97634E-05 9.97634E-05 9.97634E-05 9.97634E-05 9.97634E-05 9.97634E-05 9.97634E-05 9.97634E-05 9.97634E-05 9.97634E-05 0.123471 9.97634E-05 9.97634E-05 9.97634E-05 9.97634E-05 9.97634E-05 9.97634E-05 9.97634E-05 9.97634E-05 0.873835 9.97634E-05 9.97634E-05 9.97634E-05 9.97634E-05 9.97634E-05 9.97634E-05 9.97634E-05 9.97634E-05
0.226038 9.98071E-05 9.98071E-05 9.98071E-05 0.0440484 9.98071E-05 9.98071E-05 9.98071E-05 9.98071E-05 9.98071E-05 0.143989 9.98071E-05 9.98071E-05 9.98071E-05 9.98071E-05 9.98071E-05 9.98071E-05 9.98071E-05 9.98071E-05 0.0211222 0.273684 9.98071E-05 9.98071E-05 0.249288 9.98071E-05 0.0396357 9.98071E-05 9.98071E-05 9.98071E-05
9.98068E-05 9.98068E-05 9.98068E-05 9.98068E-05 9.98068E-05 0.0272166 9.98068E-05 9.98068E-05 9.98068E-05 9.98068E-05 0.0696742 9.98068E-05 9.98068E-05 9.98068E-05 0.0466932 9.98068E-05 9.98068E-05 9.98068E-05 9.98068E-05 0.0694705 0.612638 9.98068E-05 9.98068E-05 9.98068E-05 9.98068E-05 0.010889 9.98068E-05 0.161223 9.98068E-05
0.142116 9.97891E-05 9.97891E-05 9.97891E-05 9.97891E-05 9.97891E-05 9.97891E-05 0.0537293 9.97891E-05 9.97891E-05 9.97891E-05 9.97891E-05 9.97891E-05 9.97891E-05 9.97891E-05 9.97891E-05 9.97891E-05 9.97891E-05 9.97891E-05 0.158838 0.50083 9.97891E-05 9.97891E-05 9.97891E-05 9.97891E-05 9.97891E-05 9.97891E-05 0.142091 9.97891E-05
9.97805E-05 9.97805E-05 9.97805E-05 0.0788024 9.97805E-05 9.97805E-05 9.97805E-05 9.97805E-05 9.97805E-05 9.97805E-05 9.97805E-05 9.97805E-05 9.97805E-05 9.97805E-05 9.97805E-05 9.97805E-05 9.97805E-05 9.97805E-05 9.97805E-05 0.0963714 0.519608 9.97805E-05 9.97805E-05 0.302724 9.97805E-05 9.97805E-05 9.97805E-05 9.97805E-05 9.97805E-05
0.0575364 9.98244E-05 9.98244E-05 9.98244E-05 0.0557045 9.98244E-05 9.98244E-05 9.98244E-05 9.98244E-05 9.98244E-05 0.0184731 9.98244E-05 9.98244E-05 9.98244E-05 9.98244E-05 0.0251953 9.98244E-05 0.041755 9.98244E-05 0.168524 0.487887 9.98244E-05 9.98244E-05 0.0217915 9.98244E-05 0.121137 9.98244E-05 9.98244E-05 9.98244E-05
0.0511344 9.98072E-05 9.98072E-05 9.98072E-05 9.98072E-05 9.98072E-05 9.98072E-05 9.98072E-05 9.98072E-05 9.98072E-05 9.98072E-05 9.98072E-05 9.98072E-05 9.98072E-05 9.98072E-05 0.00847246 9.98072E-05 9.98072E-05 0.00709554 0.0396936 0.82691 9.98072E-05 9.98072E-05 0.0458082 9.98072E-05 0.0186903 9.98072E-05 9.98072E-05 9.98072E-05
9.97631E-05 9.97631E-05 9.97631E-05 9.97631E-05 9.97631E-05 9.97631E-05 9.97631E-05 9.97631E-05 9.97631E-05 9.97631E-05 9.97631E-05 9.97631E-05 9.97631E-05 0.0863671 9.97631E-05 9.97631E-05 9.97631E-05 9.97631E-05 9.97631E-05 9.97631E-05 0.910939 9.97631E-05 9.97631E-05 9.97631E-05 9.97631E-05 9.97631E-05 9.97631E-05 9.97631E-05 9.97631E-05
9.9798E-05 9.9798E-05 9.9798E-05 9.9798E-05 9.9798E-05 0.00218915 9.9798E-05 9.9798E-05 9.9798E-05 9.9798E-05 0.0285122 9.9798E-05 9.9798E-05 0.127101 9.9798E-05 9.9798E-05 9.9798E-05 9.9798E-05 9.9798E-05 0.336907 0.468501 9.9798E-05 9.9798E-05 9.9798E-05 9.9798E-05 9.9798E-05 9.9798E-05 9.9798E-05 0.0344937
9.98332E-05 9.98332E-05 9.98332E-05 9.98332E-05 0.0121173 9.98332E-05 9.98332E-05 0.00580852 9.98332E-05 9.98332E-05 9.98332E-05 9.98332E-05 9.98332E-05 0.0782398 9.98332E-05 9.98332E-05 9.98332E-05 9.98332E-05 9.98332E-05 0.0348332 0.436182 9.98332E-05 0.0505404 0.125557 0.116872 9.98332E-05 0.00601174 0.131941 9.98332E-05
9.98069E-05 0.0178808 9.98069E-05 9.98069E-05 9.98069E-05 9.98069E-05 9.98069E-05 9.98069E-05 9.98069E-05 9.98069E-05 0.206423 9.98069E-05 9.98069E-05 0.0330638 0.0712251 9.98069E-05 9.98069E-05 9.98069E-05 9.98069E-05 9.98069E-05 0.524361 9.98069E-05 9.98069E-05 9.98069E-05 0.0789876 9.98069E-05 0.0658637 9.98069E-05 9.98069E-05
0.0224943 0.0557397 9.97981E-05 9.97981E-05 9.97981E-05 9.97981E-05 9.97981E-05 9.97981E-05 9.97981E-05 9.97981E-05 9.97981E-05 9.97981E-05 9.97981E-05 9.97981E-05 9.97981E-05 9.97981E-05 9.97981E-05 9.97981E-05 9.97981E-05 0.185326 0.403531 9.97981E-05 9.97981E-05 0.149977 9.97981E-05 9.97981E-05 9.97981E-05 0.180637 9.97981E-05
0.0306921 9.97724E-05 9.97724E-05 9.97724E-05 9.97724E-05 9.97724E-05 9.97724E-05 9.97724E-05 9.97724E-05 9.97724E-05 9.97724E-05 9.97724E-05 9.97724E-05 9.97724E-05 9.97724E-05 9.97724E-05 9.97724E-05 9.97724E-05 0.0786045 9.97724E-05 0.888109 9.97724E-05 9.97724E-05 9.97724E-05 9.97724E-05 9.97724E-05 9.97724E-05 9.97724E-05 9.97724E-05
9.97808E-05 9.97808E-05 9.97808E-05 9.97808E-05 9.97808E-05 9.97808E-05 9.97808E-05 9.97808E-05 9.97808E-05 9.97808E-05 0.0255879 9.97808E-05 9.97808E-05 0.0340419 9.97808E-05 9.97808E-05 9.97808E-05 9.97808E-05 9.97808E-05 0.0101429 0.927733 9.97808E-05 9.97808E-05 9.97808E-05 9.97808E-05 9.97808E-05 9.97808E-05 9.97808E-05 9.97808E-05
0.0150069 0.00127606 9.98067E-05 0.0162451 9.98067E-05 9.98067E-05 0.166941 9.98067E-05 9.98067E-05 9.98067E-05 9.98067E-05 9.98067E-05 9.98067E-05 9.98067E-05 9.98067E-05 9.98067E-05 9.98067E-05 0.0219989 9.98067E-05 9.98067E-05 0.709619 9.98067E-05 9.98067E-05 9.98067E-05 9.98067E-05 0.0667181 9.98067E-05 9.98067E-05 9.98067E-05
9.97981E-05 9.97981E-05 9.97981E-05 9.97981E-05 9.97981E-05 9.97981E-05 9.97981E-05 9.97981E-05 9.97981E-05 9.97981E-05 0.0234513 9.97981E-05 9.97981E-05 0.0640251 9.97981E-05 9.97981E-05 9.97981E-05 9.97981E-05 9.97981E-05 9.97981E-05 0.659066 9.97981E-05 9.97981E-05 9.97981E-05 9.97981E-05 9.97981E-05 0.0264429 0.0598941 0.164825
9.97807E-05 9.97807E-05 9.97807E-05 9.97807E-05 9.97807E-05 9.97807E-05 9.97807E-05 9.97807E-05 9.97807E-05 9.97807E-05 9.97807E-05 9.97807E-05 9.97807E-05 9.97807E-05 9.97807E-05 9.97807E-05 9.97807E-05 9.97807E-05 9.97807E-05 0.0417788 0.813829 9.97807E-05 9.97807E-05 9.97807E-05 9.97807E-05 0.129449 9.97807E-05 9.97807E-05 0.012449
9.97892E-05 9.97892E-05 9.97892E-05 9.97892E-05 9.97892E-05 9.97892E-05 9.97892E-05 9.97892E-05 9.97892E-05 9.97892E-05 9.97892E-05 0.152204 9.97892E-05 0.072995 9.97892E-05 9.97892E-05 9.97892E-05 9.97892E-05 0.100557 0.167606 0.504243 9.97892E-05 9.97892E-05 9.97892E-05 9.97892E-05 9.97892E-05 9.97892E-05 9.97892E-05 9.97892E-05
9.97724E-05 9.97724E-05 9.97724E-05 9.97724E-05 9.97724E-05 9.97724E-05 9.97724E-05 9.97724E-05 9.97724E-05 0.0290461 9.97724E-05 9.97724E-05 0.0164014 9.97724E-05 9.97724E-05 9.97724E-05 9.97724E-05 9.97724E-05 9.97724E-05 9.97724E-05 0.951959 9.97724E-05 9.97724E-05 9.97724E-05 9.97724E-05 9.97724E-05 9.97724E-05 9.97724E-05 9.97724E-05
9.9798E-05 9.9798E-05 9.9798E-05 9.9798E-05 0.0111754 9.9798E-05 9.9798E-05 0.0212338 9.9798E-05 9.9798E-05 9.9798E-05 9.9798E-05 9.9798E-05 9.9798E-05 9.9798E-05 9.9798E-05 9.9798E-05 0.0320283 9.9798E-05 0.0538135 0.64139 9.9798E-05 9.9798E-05 9.9798E-05 9.9798E-05 9.9798E-05 9.9798E-05 0.238063 9.9798E-05
0.131473 9.98159E-05 9.98159E-05 9.98159E-05 9.98159E-05 9.98159E-05 9.98159E-05 0.00122442 9.98159E-05 9.98159E-05 9.98159E-05 9.98159E-05 0.00822144 9.98159E-05 9.98159E-05 9.98159E-05 9.98159E-05 9.98159E-05 9.98159E-05 0.0699412 0.620029 0.0356 9.98159E-05 0.0572672 9.98159E-05 9.98159E-05 9.98159E-05 0.0741477 9.98159E-05
9.98245E-05 0.0455611 9.98245E-05 9.98245E-05 9.98245E-05 9.98245E-05 0.0357943 9.98245E-05 9.98245E-05 9.98245E-05 0.0160546 9.98245E-05 9.98245E-05 9.98245E-05 9.98245E-05 0.00412339 0.0503424 0.0436148 9.98245E-05 9.98245E-05 0.703791 9.98245E-05 9.98245E-05 9.98245E-05 9.98245E-05 0.0592922 9.98245E-05 9.98245E-05 0.0394302
9.97804E-05 9.97804E-05 9.97804E-05 9.97804E-05 9.97804E-05 9.97804E-05 9.97804E-05 9.97804E-05 9.97804E-05 9.97804E-05 9.97804E-05 9.97804E-05 9.97804E-05 0.126611 9.97804E-05 9.97804E-05 9.97804E-05 9.97804E-05 9.97804E-05 0.0218912 0.765517 9.97804E-05 9.97804E-05 9.97804E-05 9.97804E-05 9.97804E-05 0.0834867 9.97804E-05 9.97804E-05
9.97636E-05 9.97636E-05 9.97636E-05 9.97636E-05 9.97636E-05 9.97636E-05 9.97636E-05 9.97636E-05 9.97636E-05 9.97636E-05 0.0131932 9.97636E-05 9.97636E-05 9.97636E-05 9.97636E-05 9.97636E-05 9.97636E-05 9.97636E-05 9.97636E-05 9.97636E-05 0.984113 9.97636E-05 9.97636E-05 9.97636E-05 9.97636E-05 9.97636E-05 9.97636E-05 9.97636E-05 9.97636E-05
9.97811E-05 9.97811E-05 9.97811E-05 9.97811E-05 9.97811E-05 9.97811E-05 9.97811E-05 9.97811E-05 9.97811E-05 9.97811E-05 9.97811E-05 9.97811E-05 9.97811E-05 9.97811E-05 9.97811E-05 9.97811E-05 9.97811E-05 9.97811E-05 9.97811E-05 9.97811E-05 0.907003 0.0593875 9.97811E-05 9.97811E-05 9.97811E-05 9.97811E-05 0.0196641 0.0114514 9.97811E-05
9.97635E-05 9.97635E-05 9.97635E-05 9.97635E-05 9.97635E-05 9.97635E-05 9.97635E-05 9.97635E-05 9.97635E-05 9.97635E-05 9.97635E-05 9.97635E-05 9.97635E-05 9.97635E-05 9.97635E-05 9.97635E-05 9.97635E-05 9.97635E-05 9.97635E-05 0.0142828 0.983024 9.97635E-05 9.97635E-05 9.97635E-05 9.97635E-05 9.97635E-05 9.97635E-05 9.97635E-05 9.97635E-05
9.97722E-05 9.97722E-05 9.97722E-05 9.97722E-05 9.97722E-05 9.97722E-05 9.97722E-05 9.97722E-05 9.97722E-05 9.97722E-05 0.0210839 9.97722E-05 9.97722E-05 9.97722E-05 9.97722E-05 9.97722E-05 9.97722E-05 9.97722E-05 9.97722E-05 9.97722E-05 0.904812 9.97722E-05 9.97722E-05 9.97722E-05 9.97722E-05 0.0715105 9.97722E-05 9.97722E-05 9.97722E-05
9.97984E-05 9.97984E-05 9.97984E-05 9.97984E-05 9.97984E-05 9.97984E-05 9.97984E-05 9.97984E-05 9.97984E-05 9.97984E-05 0.0723085 9.97984E-05 0.0429427 9.97984E-05 9.97984E-05 9.97984E-05 9.97984E-05 9.97984E-05 0.14667 0.0500765 0.489103 0.196604 9.97984E-05 9.97984E-05 9.97984E-05 9.97984E-05 9.97984E-05 9.97984E-05 9.97984E-05
0.0942409 9.97896E-05 9.97896E-05 9.97896E-05 9.97896E-05 9.97896E-05 9.97896E-05 9.97896E-05 9.97896E-05 9.97896E-05 0.0610994 9.97896E-05 9.97896E-05 9.97896E-05 9.97896E-05 9.97896E-05 9.97896E-05 0.712877 9.97896E-05 0.0874856 9.97896E-05 0.0419026 9.97896E-05 9.97896E-05 9.97896E-05 9.97896E-05 9.97896E-05 9.97896E-05 9.97896E-05
0.247826 9.97895E-05 9.97895E-05 9.97895E-05 9.97895E-05 9.97895E-05 9.97895E-05 9.97895E-05 9.97895E-05 9.97895E-05 0.010599 9.97895E-05 9.97895E-05 9.97895E-05 9.97895E-05 9.97895E-05 9.97895E-05 0.0335628 9.97895E-05 0.0329635 9.97895E-05 0.672654 9.97895E-05 9.97895E-05 9.97895E-05 9.97895E-05 9.97895E-05 9.97895E-05 9.97895E-05
0.661089 9.97807E-05 9.97807E-05 9.97807E-05 9.97807E-05 9.97807E-05 9.97807E-05 9.97807E-05 9.97807E-05 9.97807E-05 9.97807E-05 9.97807E-05 9.97807E-05 9.97807E-05 0.176883 9.97807E-05 9.97807E-05 0.0598977 9.97807E-05 0.0996355 9.97807E-05 9.97807E-05 9.97807E-05 9.97807E-05 9.97807E-05 9.97807E-05 9.97807E-05 9.97807E-05 9.97807E-05
0.488885 9.97804E-05 9.97804E-05 9.97804E-05 9.97804E-05 9.97804E-05 9.97804E-05 9.97804E-05 9.97804E-05 9.97804E-05 9.97804E-05 9.97804E-05 9.97804E-05 9.97804E-05 9.97804E-05 9.97804E-05 9.97804E-05 0.417499 9.97804E-05 0.0783595 9.97804E-05 9.97804E-05 9.97804E-05 9.97804E-05 9.97804E-05 0.012762 9.97804E-05 9.97804E-05 9.97804E-05
0.0813195 9.97893E-05 9.97893E-05 9.97893E-05 9.97893E-05 9.97893E-05 9.97893E-05 9.97893E-05 9.97893E-05 9.97893E-05 0.0360672 9.97893E-05 9.97893E-05 9.97893E-05 9.97893E-05 0.0114163 9.97893E-05 0.830662 9.97893E-05 9.97893E-05 9.97893E-05 9.97893E-05 9.97893E-05 9.97893E-05 9.97893E-05 9.97893E-05 0.0381398 9.97893E-05 9.97893E-05
9.97895E-05 9.97895E-05 9.97895E-05 9.97895E-05 9.97895E-05 9.97895E-05 9.97895E-05 9.97895E-05 9.97895E-05 9.97895E-05 0.0813882 9.97895E-05 9.97895E-05 9.97895E-05 9.97895E-05 9.97895E-05 9.97895E-05 0.613291 9.97895E-05 0.187857 9.97895E-05 0.0927181 9.97895E-05 0.0223506 9.97895E-05 9.97895E-05 9.97895E-05 9.97895E-05 9.97895E-05
0.922556 9.97894E-05 9.97894E-05 9.97894E-05 9.97894E-05 9.97894E-05 9.97894E-05 9.97894E-05 9.97894E-05 9.97894E-05 0.0101135 9.97894E-05 9.97894E-05 0.0101722 9.97894E-05 9.97894E-05 9.97894E-05 9.97894E-05 9.97894E-05 9.97894E-05 9.97894E-05 9.97894E-05 9.97894E-05 9.97894E-05 9.97894E-05 0.0317381 0.0230251 9.97894E-05 9.97894E-05
0.7424 9.97717E-05 9.97717E-05 9.97717E-05 9.97717E-05 9.97717E-05 9.97717E-05 9.97717E-05 9.97717E-05 9.97717E-05 0.148689 9.97717E-05 9.97717E-05 9.97717E-05 9.97717E-05 9.97717E-05 9.97717E-05 0.106317 9.97717E-05 9.97717E-05 9.97717E-05 9.97717E-05 9.97717E-05 9.97717E-05 9.97717E-05 9.97717E-05 9.97717E-05 9.97717E-05 9.97717E-05
0.557181 9.97979E-05 9.97979E-05 9.97979E-05 9.97979E-05 9.97979E-05 9.97979E-05 9.97979E-05 9.97979E-05 9.97979E-05 0.227348 9.97979E-05 9.97979E-05 0.00996674 9.97979E-05 9.97979E-05 9.97979E-05 9.97979E-05 0.0148288 9.97979E-05 9.97979E-05 9.97979E-05 0.0140078 0.174372 9.97979E-05 9.97979E-05 9.97979E-05 9.97979E-05 9.97979E-05
0.559216 9.97807E-05 9.97807E-05 9.97807E-05 9.97807E-05 9.97807E-05 9.97807E-05 9.97807E-05 9.97807E-05 9.97807E-05 0.223227 9.97807E-05 9.97807E-05 9.97807E-05 0.0161375 9.97807E-05 9.97807E-05 9.97807E-05 9.97807E-05 0.198925 9.97807E-05 9.97807E-05 9.97807E-05 9.97807E-05 9.97807E-05 9.97807E-05 9.97807E-05 9.97807E-05 9.97807E-05
9.97808E-05 9.97808E-05 9.97808E-05 9.97808E-05 9.97808E-05 9.97808E-05 9.97808E-05 9.97808E-05 9.97808E-05 0.326829 9.97808E-05 9.97808E-05 9.97808E-05 0.0380866 9.97808E-05 9.97808E-05 9.97808E-05 0.525558 9.97808E-05 9.97808E-05 9.97808E-05 9.97808E-05 9.97808E-05 0.107032 9.97808E-05 9.97808E-05 9.97808E-05 9.97808E-05 9.97808E-05
0.163016 9.97983E-05 0.00861275 9.97983E-05 9.97983E-05 9.97983E-05 9.97983E-05 9.97983E-05 9.97983E-05 0.160675 9.97983E-05 9.97983E-05 9.97983E-05 0.0318905 9.97983E-05 9.97983E-05 9.97983E-05 0.523887 9.97983E-05 9.97983E-05 9.97983E-05 9.97983E-05 9.97983E-05 0.109623 9.97983E-05 9.97983E-05 9.97983E-05 9.97983E-05 9.97983E-05
0.760398 9.97721E-05 9.97721E-05 9.97721E-05 9.97721E-05 9.97721E-05 9.97721E-05 9.97721E-05 9.97721E-05 9.97721E-05 9.97721E-05 9.97721E-05 9.97721E-05 9.97721E-05 9.97721E-05 9.97721E-05 9.97721E-05 0.196598 9.97721E-05 9.97721E-05 9.97721E-05 0.0404101 9.97721E-05 9.97721E-05 9.97721E-05 9.97721E-05 9.97721E-05 9.97721E-05 9.97721E-05
0.176336 9.97898E-05 9.97898E-05 9.97898E-05 9.97898E-05 9.97898E-05 9.97898E-05 9.97898E-05 9.97898E-05 0.0726882 0.0899012 9.97898E-05 9.97898E-05 9.97898E-05 9.97898E-05 9.97898E-05 9.97898E-05 0.453557 9.97898E-05 0.205122 9.97898E-05 9.97898E-05 9.97898E-05 9.97898E-05 9.97898E-05 9.97898E-05 9.97898E-05 9.97898E-05 9.97898E-05
0.0702628 9.98421E-05 9.98421E-05 9.98421E-05 9.98421E-05 9.98421E-05 9.98421E-05 9.98421E-05 9.98421E-05 9.98421E-05 0.0787632 9.98421E-05 9.98421E-05 0.0484767 9.98421E-05 9.98421E-05 9.98421E-05 0.443224 0.0460214 0.0495392 9.98421E-05 0.160456 9.98421E-05 9.98421E-05 0.0203024 0.0693042 0.00490111 9.98421E-05 0.00695135
0.0803015 9.97983E-05 9.97983E-05 9.97983E-05 9.97983E-05 9.97983E-05 0.00666826 9.97983E-05 9.97983E-05 9.97983E-05 9.97983E-05 9.97983E-05 9.97983E-05 0.0257187 9.97983E-05 9.97983E-05 9.97983E-05 0.561886 0.189537 0.133594 9.97983E-05 9.97983E-05 9.97983E-05 9.97983E-05 9.97983E-05 9.97983E-05 9.97983E-05 9.97983E-05 9.97983E-05
0.319682 9.9807E-05 9.9807E-05 9.9807E-05 9.9807E-05 0.0200685 9.9807E-05 0.00932752 9.9807E-05 9.9807E-05 9.9807E-05 9.9807E-05 9.9807E-05 9.9807E-05 9.9807E-05 9.9807E-05 9.9807E-05 0.285048 9.9807E-05 0.0864941 9.9807E-05 0.0554215 9.9807E-05 0.221763 9.9807E-05 9.9807E-05 9.9807E-05 9.9807E-05 9.9807E-05
0.157193 9.98074E-05 9.98074E-05 9.98074E-05 0.0798061 9.98074E-05 9.98074E-05 9.98074E-05 9.98074E-05 0.0436573 0.114366 9.98074E-05 9.98074E-05 9.98074E-05 0.0175855 9.98074E-05 9.98074E-05 0.544488 9.98074E-05 9.98074E-05 9.98074E-05 9.98074E-05 9.98074E-05 9.98074E-05 9.98074E-05 9.98074E-05 9.98074E-05 0.0407079 9.98074E-05
0.259287 9.97721E-05 9.97721E-05 9.97721E-05 9.97721E-05 9.97721E-05 9.97721E-05 9.97721E-05 9.97721E-05 9.97721E-05 9.97721E-05 9.97721E-05 9.97721E-05 0.018369 9.97721E-05 9.97721E-05 9.97721E-05 0.719749 9.97721E-05 9.97721E-05 9.97721E-05 9.97721E-05 9.97721E-05 9.97721E-05 9.97721E-05 9.97721E-05 9.97721E-05 9.97721E-05 9.97721E-05
0.203895 9.98508E-05 9.98508E-05 0.0728244 9.98508E-05 0.103528 9.98508E-05 0.013275 9.98508E-05 0.240334 0.0506624 9.98508E-05 9.98508E-05 0.0156182 9.98508E-05 9.98508E-05 9.98508E-05 0.186032 0.0422486 0.0460532 0.0118816 9.98508E-05 9.98508E-05 9.98508E-05 0.011952 9.98508E-05 9.98508E-05 9.98508E-05 9.98508E-05
9.97982E-05 9.97982E-05 9.97982E-05 9.97982E-05 9.97982E-05 9.97982E-05 9.97982E-05 9.97982E-05 9.97982E-05 9.97982E-05 0.00883475 9.97982E-05 9.97982E-05 9.97982E-05 0.00614143 9.97982E-05 9.97982E-05 0.712654 9.97982E-05 0.0868065 9.97982E-05 0.078022 9.97982E-05 0.105246 9.97982E-05 9.97982E-05 9.97982E-05 9.97982E-05 9.97982E-05
9.9772E-05 9.9772E-05 9.9772E-05 9.9772E-05 9.9772E-05 9.9772E-05 9.9772E-05 9.9772E-05 9.9772E-05 9.9772E-05 9.9772E-05 9.9772E-05 9.9772E-05 0.0443788 9.9772E-05 9.9772E-05 9.9772E-05 0.944383 9.9772E-05 0.00864442 9.9772E-05 9.9772E-05 9.9772E-05 9.9772E-05 9.9772E-05 9.9772E-05 9.9772E-05 9.9772E-05 9.9772E-05
9.97983E-05 9.97983E-05 9.97983E-05 9.97983E-05 9.97983E-05 9.97983E-05 9.97983E-05 9.97983E-05 9.97983E-05 9.97983E-05 0.178382 0.00641681 9.97983E-05 9.97983E-05 9.97983E-05 0.00196958 9.97983E-05 0.544311 9.97983E-05 0.256031 9.97983E-05 9.97983E-05 9.97983E-05 0.0105949 9.97983E-05 9.97983E-05 9.97983E-05 9.97983E-05 9.97983E-05
0.119424 9.97896E-05 9.97896E-05 9.97896E-05 9.97896E-05 9.97896E-05 9.97896E-05 9.97896E-05 9.97896E-05 9.97896E-05 0.121084 9.97896E-05 9.97896E-05 9.97896E-05 9.97896E-05 9.97896E-05 9.97896E-05 0.484811 9.97896E-05 9.97896E-05 9.97896E-05 0.18258 0.0897061 9.97896E-05 9.97896E-05 9.97896E-05 9.97896E-05 9.97896E-05 9.97896E-05
9.97982E-05 9.97982E-05 9.97982E-05 9.97982E-05 9.97982E-05 0.0418874 9.97982E-05 9.97982E-05 9.97982E-05 9.97982E-05 0.132482 0.0446928 9.97982E-05 9.97982E-05 9.97982E-05 9.97982E-05 9.97982E-05 0.524747 9.97982E-05 0.195357 9.97982E-05 9.97982E-05 9.97982E-05 0.0585373 9.97982E-05 9.97982E-05 9.97982E-05 9.97982E-05 9.97982E-05
0.592751 9.97985E-05 9.97985E-05 9.97985E-05 9.97985E-05 9.97985E-05 9.97985E-05 9.97985E-05 9.97985E-05 9.97985E-05 0.0806528 9.97985E-05 9.97985E-05 9.97985E-05 9.97985E-05 9.97985E-05 9.97985E-05 9.97985E-05 9.97985E-05 0.0771686 0.00450904 0.141328 9.97985E-05 0.101295 9.97985E-05 9.97985E-05 9.97985E-05 9.97985E-05 9.97985E-05
9.97896E-05 9.97896E-05 9.97896E-05 9.97896E-05 9.97896E-05 9.97896E-05 9.97896E-05 0.074659 9.97896E-05 0.646063 9.97896E-05 9.97896E-05 9.97896E-05 9.97896E-05 9.97896E-05 0.0640622 9.97896E-05 0.205575 9.97896E-05 0.00724603 9.97896E-05 9.97896E-05 9.97896E-05 9.97896E-05 9.97896E-05 9.97896E-05 9.97896E-05 9.97896E-05 9.97896E-05
0.41874 0.0984698 9.97979E-05 9.97979E-05 9.97979E-05 0.0436926 9.97979E-05 9.97979E-05 9.97979E-05 9.97979E-05 0.0443473 9.97979E-05 9.97979E-05 9.97979E-05 9.97979E-05 9.97979E-05 9.97979E-05 0.343607 9.97979E-05 0.0488477 9.97979E-05 9.97979E-05 9.97979E-05 9.97979E-05 9.97979E-05 9.97979E-05 9.97979E-05 9.97979E-05 9.97979E-05
0.142208 9.97809E-05 9.97809E-05 9.97809E-05 9.97809E-05 9.97809E-05 9.97809E-05 9.97809E-05 9.97809E-05 9.97809E-05 0.228632 9.97809E-05 9.97809E-05 9.97809E-05 9.97809E-05 9.97809E-05 9.97809E-05 0.412899 9.97809E-05 0.213767 9.97809E-05 9.97809E-05 9.97809E-05 9.97809E-05 9.97809E-05 9.97809E-05 9.97809E-05 9.97809E-05 9.97809E-05
9.97896E-05 9.97896E-05 9.97896E-05 9.97896E-05 9.97896E-05 0.0238739 9.97896E-05 9.97896E-05 9.97896E-05 9.97896E-05 9.97896E-05 9.97896E-05 9.97896E-05 0.028143 9.97896E-05 9.97896E-05 9.97896E-05 0.583841 9.97896E-05 0.138257 9.97896E-05 0.22349 9.97896E-05 9.97896E-05 9.97896E-05 9.97896E-05 9.97896E-05 9.97896E-05 9.97896E-05
0.828621 9.97808E-05 9.97808E-05 9.97808E-05 9.97808E-05 9.97808E-05 9.97808E-05 9.97808E-05 9.97808E-05 9.97808E-05 9.97808E-05 9.97808E-05 9.97808E-05 9.97808E-05 9.97808E-05 9.97808E-05 0.0471829 9.97808E-05 9.97808E-05 0.114107 9.97808E-05 9.97808E-05 9.97808E-05 9.97808E-05 0.0075942 9.97808E-05 9.97808E-05 9.97808E-05 9.97808E-05
