0.0793057 9.98858E-05 9.98858E-05 0.276538 9.98858E-05 9.98858E-05 0.451565 9.98858E-05 0.0321751 9.98858E-05 9.98858E-05 9.98858E-05 9.98858E-05 9.98858E-05 0.0144567 9.98858E-05 0.0273125 9.98858E-05 0.117348 9.98858E-05
0.0750247 0.577165 0.0368693 0.182293 9.98771E-05 0.0204589 0.10679 9.98771E-05 9.98771E-05 9.98771E-05 9.98771E-05 9.98771E-05 9.98771E-05 9.98771E-05 9.98771E-05 9.98771E-05 9.98771E-05 9.98771E-05 9.98771E-05 9.98771E-05
9.98684E-05 9.98684E-05 9.98684E-05 9.98684E-05 9.98684E-05 9.98684E-05 0.923084 9.98684E-05 0.0249584 9.98684E-05 0.0112167 9.98684E-05 9.98684E-05 9.98684E-05 0.0222125 9.98684E-05 0.0170305 9.98684E-05 9.98684E-05 9.98684E-05
9.99035E-05 9.99035E-05 9.99035E-05 9.99035E-05 0.0500468 9.99035E-05 0.312393 9.99035E-05 9.99035E-05 0.245996 0.0516465 0.0240557 0.0566472 9.99035E-05 0.0389506 9.99035E-05 0.0051941 9.99035E-05 0.213971 9.99035E-05
9.98508E-05 0.860354 9.98508E-05 9.98508E-05 9.98508E-05 9.98508E-05 9.98508E-05 9.98508E-05 9.98508E-05 9.98508E-05 0.0547026 9.98508E-05 9.98508E-05 9.98508E-05 9.98508E-05 0.0832463 9.98508E-05 9.98508E-05 9.98508E-05 9.98508E-05
0.0128179 9.9886E-05 9.9886E-05 0.206674 0.140413 9.9886E-05 0.19692 9.9886E-05 9.9886E-05 9.9886E-05 0.11057 9.9886E-05 9.9886E-05 9.9886E-05 9.9886E-05 0.199498 9.9886E-05 9.9886E-05 9.9886E-05 0.131809
0.093152 0.149132 9.99035E-05 0.153322 9.99035E-05 9.99035E-05 0.113352 9.99035E-05 9.99035E-05 0.0923059 9.99035E-05 9.99035E-05 0.10685 9.99035E-05 9.99035E-05 0.0562026 0.0669119 9.99035E-05 0.167674 9.99035E-05
9.99298E-05 0.231401 9.99298E-05 0.0895135 0.151014 9.99298E-05 9.99298E-05 9.99298E-05 0.00868607 0.0146303 0.0743355 0.013392 0.0258614 9.99298E-05 9.99298E-05 0.0806003 9.99298E-05 0.0717201 0.1309 0.107146
9.98772E-05 9.98772E-05 9.98772E-05 9.98772E-05 9.98772E-05 9.98772E-05 0.295509 9.98772E-05 9.98772E-05 9.98772E-05 9.98772E-05 0.0946544 9.98772E-05 9.98772E-05 0.219115 9.98772E-05 0.102804 9.98772E-05 0.0740627 0.212457
9.98421E-05 9.98421E-05 9.98421E-05 9.98421E-05 9.98421E-05 9.98421E-05 0.964209 9.98421E-05 9.98421E-05 9.98421E-05 9.98421E-05 9.98421E-05 9.98421E-05 9.98421E-05 0.0339938 9.98421E-05 9.98421E-05 9.98421E-05 9.98421E-05 9.98421E-05
9.98771E-05 9.98771E-05 9.98771E-05 0.0878913 9.98771E-05 9.98771E-05 0.620442 9.98771E-05 9.98771E-05 9.98771E-05 9.98771E-05 9.98771E-05 0.100274 9.98771E-05 0.121861 9.98771E-05 9.98771E-05 9.98771E-05 0.0615503 0.00658259
9.98509E-05 9.98509E-05 9.98509E-05 9.98509E-05 9.98509E-05 9.98509E-05 0.955041 9.98509E-05 9.98509E-05 9.98509E-05 9.98509E-05 9.98509E-05 9.98509E-05 9.98509E-05 9.98509E-05 0.00999271 9.98509E-05 0.0332688 9.98509E-05 9.98509E-05
9.98596E-05 9.98596E-05 0.0221087 9.98596E-05 9.98596E-05 9.98596E-05 0.890645 9.98596E-05 9.98596E-05 9.98596E-05 9.98596E-05 9.98596E-05 9.98596E-05 9.98596E-05 0.0171087 9.98596E-05 9.98596E-05 9.98596E-05 0.0685395 9.98596E-05
9.98684E-05 0.775911 9.98684E-05 9.98684E-05 0.0808675 9.98684E-05 9.98684E-05 0.071306 9.98684E-05 9.98684E-05 9.98684E-05 9.98684E-05 0.0457901 9.98684E-05 0.0246272 9.98684E-05 9.98684E-05 9.98684E-05 9.98684E-05 9.98684E-05
9.98859E-05 9.98859E-05 9.98859E-05 0.166104 0.169299 9.98859E-05 0.383307 0.0510885 9.98859E-05 9.98859E-05 9.98859E-05 9.98859E-05 9.98859E-05 9.98859E-05 0.104138 0.0171361 9.98859E-05 9.98859E-05 9.98859E-05 0.107629
9.99121E-05 0.0898612 9.99121E-05 0.252129 9.99121E-05 9.99121E-05 0.0883329 9.99121E-05 9.99121E-05 0.090306 9.99121E-05 0.0915477 9.99121E-05 9.99121E-05 0.0691314 0.0244935 9.99121E-05 0.0652394 0.0854722 0.142488
0.0419399 0.469285 9.98947E-05 9.98947E-05 9.98947E-05 9.98947E-05 0.0987847 9.98947E-05 9.98947E-05 9.98947E-05 9.98947E-05 0.137496 0.0286173 0.119489 0.084288 9.98947E-05 9.98947E-05 9.98947E-05 0.018902 9.98947E-05
9.99211E-05 9.99211E-05 9.99211E-05 0.178305 0.0069607 0.107329 0.119228 9.99211E-05 0.0952278 9.99211E-05 0.0496572 0.0265109 9.99211E-05 9.99211E-05 0.171743 9.99211E-05 0.0363618 9.99211E-05 0.203986 0.00379182
9.98683E-05 9.98683E-05 9.98683E-05 9.98683E-05 9.98683E-05 9.98683E-05 0.41032 9.98683E-05 9.98683E-05 9.98683E-05 9.98683E-05 9.98683E-05 9.98683E-05 9.98683E-05 0.153197 0.147057 9.98683E-05 9.98683E-05 0.1913 0.0966282
9.98421E-05 9.98421E-05 9.98421E-05 9.98421E-05 9.98421E-05 0.0454154 0.952787 9.98421E-05 9.98421E-05 9.98421E-05 9.98421E-05 9.98421E-05 9.98421E-05 9.98421E-05 9.98421E-05 9.98421E-05 9.98421E-05 9.98421E-05 9.98421E-05 9.98421E-05
9.98772E-05 9.98772E-05 9.98772E-05 9.98772E-05 9.98772E-05 9.98772E-05 0.485778 9.98772E-05 9.98772E-05 9.98772E-05 9.98772E-05 0.346132 0.0524853 9.98772E-05 0.0502129 9.98772E-05 9.98772E-05 0.0459948 0.0179981 9.98772E-05
9.98772E-05 9.98772E-05 0.0121778 9.98772E-05 9.98772E-05 9.98772E-05 0.242825 9.98772E-05 9.98772E-05 9.98772E-05 0.15916 9.98772E-05 9.98772E-05 9.98772E-05 9.98772E-05 0.0878646 9.98772E-05 9.98772E-05 0.323627 0.172947
0.00693327 9.9886E-05 9.9886E-05 0.261254 9.9886E-05 0.00041071 0.556978 9.9886E-05 9.9886E-05 0.056383 9.9886E-05 9.9886E-05 0.0613248 9.9886E-05 0.0554176 9.9886E-05 9.9886E-05 9.9886E-05 9.9886E-05 9.9886E-05
9.98771E-05 0.117504 0.0214174 9.98771E-05 9.98771E-05 9.98771E-05 0.245114 9.98771E-05 9.98771E-05 9.98771E-05 9.98771E-05 9.98771E-05 9.98771E-05 9.98771E-05 0.215003 9.98771E-05 0.076907 9.98771E-05 0.322657 9.98771E-05
9.98947E-05 9.98947E-05 9.98947E-05 9.98947E-05 0.16776 0.0374742 0.282696 0.147238 9.98947E-05 9.98947E-05 9.98947E-05 9.98947E-05 0.00513777 9.98947E-05 0.256091 9.98947E-05 9.98947E-05 9.98947E-05 0.0753613 0.0270417
9.98772E-05 0.277462 9.98772E-05 9.98772E-05 0.0546303 9.98772E-05 0.440078 9.98772E-05 9.98772E-05 9.98772E-05 9.98772E-05 0.0761032 9.98772E-05 9.98772E-05 0.12322 9.98772E-05 9.98772E-05 9.98772E-05 0.0271079 9.98772E-05
9.98859E-05 9.98859E-05 0.282456 9.98859E-05 0.183719 9.98859E-05 0.0658793 9.98859E-05 0.127022 9.98859E-05 9.98859E-05 9.98859E-05 9.98859E-05 9.98859E-05 0.0768616 9.98859E-05 9.98859E-05 0.031011 0.231752 9.98859E-05
9.98597E-05 9.98597E-05 9.98597E-05 9.98597E-05 9.98597E-05 9.98597E-05 0.855679 9.98597E-05 9.98597E-05 0.0772012 9.98597E-05 9.98597E-05 9.98597E-05 9.98597E-05 0.028169 9.98597E-05 9.98597E-05 9.98597E-05 0.0373534 9.98597E-05
9.9886E-05 9.9886E-05 0.0992661 0.101865 0.00250914 9.9886E-05 0.598205 9.9886E-05 9.9886E-05 9.9886E-05 9.9886E-05 9.9886E-05 9.9886E-05 9.9886E-05 0.148171 9.9886E-05 0.0195914 9.9886E-05 0.0290937 9.9886E-05
9.98685E-05 9.98685E-05 9.98685E-05 0.00919806 9.98685E-05 9.98685E-05 0.845735 9.98685E-05 9.98685E-05 9.98685E-05 9.98685E-05 9.98685E-05 9.98685E-05 0.0628759 0.045831 9.98685E-05 9.98685E-05 9.98685E-05 9.98685E-05 0.0348622
9.98596E-05 9.98596E-05 9.98596E-05 9.98596E-05 9.98596E-05 9.98596E-05 0.768399 9.98596E-05 0.0346346 9.98596E-05 9.98596E-05 9.98596E-05 0.0834457 9.98596E-05 9.98596E-05 0.111923 9.98596E-05 9.98596E-05 9.98596E-05 9.98596E-05
9.99036E-05 9.99036E-05 9.99036E-05 9.99036E-05 0.206936 0.0075368 0.53824 9.99036E-05 9.99036E-05 0.0427878 9.99036E-05 0.017259 0.0692924 9.99036E-05 0.035478 0.0445627 9.99036E-05 9.99036E-05 0.0368081 9.99036E-05
9.99034E-05 0.272809 0.0118861 0.00756355 9.99034E-05 9.99034E-05 0.284307 9.99034E-05 9.99034E-05 0.00799834 9.99034E-05 9.99034E-05 0.0846787 9.99034E-05 0.105381 9.99034E-05 9.99034E-05 0.0374858 0.186792 9.99034E-05
9.99122E-05 0.527025 9.99122E-05 9.99122E-05 0.0763895 9.99122E-05 9.99122E-05 9.99122E-05 0.0125668 0.0693555 9.99122E-05 9.99122E-05 0.0431163 9.99122E-05 0.0977359 0.0353238 0.0176333 0.00714775 0.112707 9.99122E-05
0.0096408 9.98598E-05 9.98598E-05 9.98598E-05 9.98598E-05 0.0031745 0.913023 9.98598E-05 9.98598E-05 9.98598E-05 9.98598E-05 9.98598E-05 0.0725635 9.98598E-05 9.98598E-05 9.98598E-05 9.98598E-05 9.98598E-05 9.98598E-05 9.98598E-05
9.98859E-05 9.98859E-05 0.0444626 9.98859E-05 9.98859E-05 9.98859E-05 0.765912 9.98859E-05 9.98859E-05 0.0419148 9.98859E-05 0.0992608 9.98859E-05 9.98859E-05 9.98859E-05 9.98859E-05 0.00500635 9.98859E-05 0.0410703 0.00107489
9.9851E-05 9.9851E-05 9.9851E-05 9.9851E-05 9.9851E-05 9.9851E-05 0.897991 9.9851E-05 9.9851E-05 9.9851E-05 9.9851E-05 9.9851E-05 9.9851E-05 9.9851E-05 9.9851E-05 0.0566715 9.9851E-05 0.0436403 9.9851E-05 9.9851E-05
0.069338 0.695948 9.98684E-05 9.98684E-05 9.98684E-05 0.0282837 9.98684E-05 9.98684E-05 9.98684E-05 9.98684E-05 9.98684E-05 9.98684E-05 9.98684E-05 9.98684E-05 0.0824472 9.98684E-05 9.98684E-05 9.98684E-05 9.98684E-05 0.122485
0.0505077 9.98948E-05 9.98948E-05 9.98948E-05 9.98948E-05 9.98948E-05 0.556537 9.98948E-05 9.98948E-05 9.98948E-05 0.0801838 9.98948E-05 0.00758642 0.0973821 0.139193 0.00600285 9.98948E-05 9.98948E-05 0.0614083 9.98948E-05
9.98771E-05 0.581394 9.98771E-05 9.98771E-05 0.110465 9.98771E-05 9.98771E-05 9.98771E-05 9.98771E-05 9.98771E-05 9.98771E-05 9.98771E-05 9.98771E-05 9.98771E-05 0.0950047 0.0934286 9.98771E-05 0.0944496 9.98771E-05 0.0238598
9.9886E-05 9.9886E-05 0.0595316 9.9886E-05 9.9886E-05 0.00194481 0.840632 9.9886E-05 9.9886E-05 9.9886E-05 9.9886E-05 0.00196406 0.0817147 9.9886E-05 0.00791926 9.9886E-05 9.9886E-05 9.9886E-05 0.00499542 9.9886E-05
9.98861E-05 0.530743 0.166604 9.98861E-05 9.98861E-05 9.98861E-05 0.0382444 9.98861E-05 9.98861E-05 9.98861E-05 9.98861E-05 9.98861E-05 9.98861E-05 9.98861E-05 0.0537615 9.98861E-05 0.00261808 9.98861E-05 0.178787 0.0279434
9.9851E-05 0.89728 0.0956044 9.9851E-05 9.9851E-05 9.9851E-05 9.9851E-05 9.9851E-05 9.9851E-05 9.9851E-05 9.9851E-05 9.9851E-05 9.9851E-05 9.9851E-05 9.9851E-05 0.00541819 9.9851E-05 9.9851E-05 9.9851E-05 9.9851E-05
9.98859E-05 9.98859E-05 9.98859E-05 0.14541 9.98859E-05 9.98859E-05 0.413015 9.98859E-05 9.98859E-05 9.98859E-05 9.98859E-05 9.98859E-05 0.011038 9.98859E-05 0.1938 9.98859E-05 0.0407237 9.98859E-05 0.111505 0.0832101
9.98772E-05 0.181431 9.98772E-05 9.98772E-05 9.98772E-05 9.98772E-05 0.0779682 9.98772E-05 9.98772E-05 0.0744879 9.98772E-05 9.98772E-05 9.98772E-05 9.98772E-05 0.173294 0.064397 9.98772E-05 9.98772E-05 0.427024 9.98772E-05
9.98947E-05 0.00583025 9.98947E-05 9.98947E-05 9.98947E-05 9.98947E-05 0.792998 9.98947E-05 0.0241878 0.00670866 0.0721213 9.98947E-05 9.98947E-05 9.98947E-05 9.98947E-05 0.0949099 9.98947E-05 9.98947E-05 0.00144736 0.000597929
9.98682E-05 0.845521 9.98682E-05 9.98682E-05 9.98682E-05 9.98682E-05 9.98682E-05 9.98682E-05 9.98682E-05 0.0468941 9.98682E-05 9.98682E-05 0.0100419 9.98682E-05 0.0929476 9.98682E-05 9.98682E-05 9.98682E-05 9.98682E-05 0.00309745
9.98772E-05 0.212195 9.98772E-05 0.00436786 9.98772E-05 9.98772E-05 0.730941 9.98772E-05 0.0138863 9.98772E-05 9.98772E-05 9.98772E-05 9.98772E-05 9.98772E-05 0.0270115 9.98772E-05 9.98772E-05 0.0101997 9.98772E-05 9.98772E-05
9.98946E-05 9.98946E-05 0.00264726 0.0677986 0.016451 9.98946E-05 0.645752 9.98946E-05 9.98946E-05 9.98946E-05 9.98946E-05 9.98946E-05 0.0280656 9.98946E-05 0.0647723 0.0611025 9.98946E-05 9.98946E-05 0.112212 9.98946E-05
9.98686E-05 0.806744 9.98686E-05 9.98686E-05 9.98686E-05 9.98686E-05 9.98686E-05 9.98686E-05 9.98686E-05 9.98686E-05 9.98686E-05 9.98686E-05 9.98686E-05 9.98686E-05 9.98686E-05 0.0973454 9.98686E-05 0.000947255 0.0367193 0.0567456
9.98859E-05 9.98859E-05 0.234977 9.98859E-05 0.0965524 9.98859E-05 0.335716 9.98859E-05 9.98859E-05 0.0352834 9.98859E-05 9.98859E-05 0.122207 9.98859E-05 0.13804 9.98859E-05 9.98859E-05 9.98859E-05 9.98859E-05 0.035926
9.98596E-05 0.703247 9.98596E-05 9.98596E-05 9.98596E-05 9.98596E-05 9.98596E-05 9.98596E-05 9.98596E-05 0.137917 9.98596E-05 9.98596E-05 9.98596E-05 9.98596E-05 9.98596E-05 9.98596E-05 0.0944333 9.98596E-05 0.0628049 9.98596E-05
0.00436126 0.154271 9.98597E-05 9.98597E-05 9.98597E-05 9.98597E-05 0.803269 9.98597E-05 0.0365007 9.98597E-05 9.98597E-05 9.98597E-05 9.98597E-05 9.98597E-05 9.98597E-05 9.98597E-05 9.98597E-05 9.98597E-05 9.98597E-05 9.98597E-05
9.98859E-05 0.668224 9.98859E-05 9.98859E-05 9.98859E-05 0.0840596 9.98859E-05 9.98859E-05 9.98859E-05 9.98859E-05 9.98859E-05 0.108701 0.0139728 9.98859E-05 0.0299374 9.98859E-05 9.98859E-05 0.0632107 9.98859E-05 0.030596
9.9851E-05 9.9851E-05 9.9851E-05 9.9851E-05 9.9851E-05 9.9851E-05 0.751621 0.199584 9.9851E-05 9.9851E-05 9.9851E-05 9.9851E-05 9.9851E-05 9.9851E-05 0.0470973 9.9851E-05 9.9851E-05 9.9851E-05 9.9851E-05 9.9851E-05
9.98773E-05 9.98773E-05 9.98773E-05 9.98773E-05 0.133934 0.016648 0.733714 9.98773E-05 9.98773E-05 9.98773E-05 0.0597172 9.98773E-05 0.0130314 9.98773E-05 9.98773E-05 0.0415572 9.98773E-05 9.98773E-05 9.98773E-05 9.98773E-05
9.98771E-05 9.98771E-05 9.98771E-05 9.98771E-05 9.98771E-05 9.98771E-05 0.780615 9.98771E-05 0.0489895 9.98771E-05 9.98771E-05 0.0490292 9.98771E-05 9.98771E-05 0.0493726 0.0627005 9.98771E-05 0.00789462 9.98771E-05 9.98771E-05
9.9851E-05 9.9851E-05 9.9851E-05 9.9851E-05 9.9851E-05 9.9851E-05 0.839841 9.9851E-05 9.9851E-05 0.146973 9.9851E-05 9.9851E-05 9.9851E-05 9.9851E-05 0.011488 9.9851E-05 9.9851E-05 9.9851E-05 9.9851E-05 9.9851E-05
0.0458649 0.105336 9.98596E-05 9.98596E-05 9.98596E-05 9.98596E-05 0.815879 9.98596E-05 9.98596E-05 0.0313228 9.98596E-05 9.98596E-05 9.98596E-05 9.98596E-05 9.98596E-05 9.98596E-05 9.98596E-05 9.98596E-05 9.98596E-05 9.98596E-05
0.0503186 9.98771E-05 9.98771E-05 0.740731 0.0269204 9.98771E-05 9.98771E-05 9.98771E-05 9.98771E-05 9.98771E-05 9.98771E-05 9.98771E-05 0.0365012 9.98771E-05 0.0880938 9.98771E-05 9.98771E-05 9.98771E-05 9.98771E-05 0.0560362
9.98335E-05 9.98335E-05 9.98335E-05 0.998103 9.98335E-05 9.98335E-05 9.98335E-05 9.98335E-05 9.98335E-05 9.98335E-05 9.98335E-05 9.98335E-05 9.98335E-05 9.98335E-05 9.98335E-05 9.98335E-05 9.98335E-05 9.98335E-05 9.98335E-05 9.98335E-05
9.98508E-05 0.0315188 9.98508E-05 0.951972 9.98508E-05 9.98508E-05 9.98508E-05 9.98508E-05 0.0148116 9.98508E-05 9.98508E-05 9.98508E-05 9.98508E-05 9.98508E-05 9.98508E-05 9.98508E-05 9.98508E-05 9.98508E-05 9.98508E-05 9.98508E-05
0.259721 9.98772E-05 9.98772E-05 0.389992 0.195593 9.98772E-05 9.98772E-05 9.98772E-05 9.98772E-05 0.0354379 9.98772E-05 9.98772E-05 9.98772E-05 9.98772E-05 0.0114649 9.98772E-05 9.98772E-05 9.98772E-05 9.98772E-05 0.106393
9.98945E-05 9.98945E-05 9.98945E-05 0.607903 9.98945E-05 0.0593644 9.98945E-05 9.98945E-05 0.106436 9.98945E-05 9.98945E-05 9.98945E-05 9.98945E-05 9.98945E-05 0.00686623 0.00162901 0.000525198 9.98945E-05 0.182024 0.0340529
9.98769E-05 9.98769E-05 9.98769E-05 0.706394 9.98769E-05 9.98769E-05 9.98769E-05 0.00601985 9.98769E-05 9.98769E-05 9.98769E-05 9.98769E-05 9.98769E-05 9.98769E-05 0.155565 9.98769E-05 0.0279313 9.98769E-05 0.0366138 0.0660779
0.222352 9.98682E-05 9.98682E-05 0.581077 9.98682E-05 9.98682E-05 9.98682E-05 9.98682E-05 9.98682E-05 9.98682E-05 9.98682E-05 0.0628789 0.0117375 9.98682E-05 0.120457 9.98682E-05 9.98682E-05 9.98682E-05 9.98682E-05 9.98682E-05
0.108588 9.98857E-05 9.98857E-05 0.548361 0.0705751 9.98857E-05 9.98857E-05 9.98857E-05 0.128001 9.98857E-05 9.98857E-05 9.98857E-05 9.98857E-05 9.98857E-05 0.067106 0.00598064 9.98857E-05 9.98857E-05 9.98857E-05 0.07009
9.98421E-05 9.98421E-05 0.0244485 0.973754 9.98421E-05 9.98421E-05 9.98421E-05 9.98421E-05 9.98421E-05 9.98421E-05 9.98421E-05 9.98421E-05 9.98421E-05 9.98421E-05 9.98421E-05 9.98421E-05 9.98421E-05 9.98421E-05 9.98421E-05 9.98421E-05
9.9842E-05 9.9842E-05 9.9842E-05 0.944198 9.9842E-05 9.9842E-05 9.9842E-05 9.9842E-05 9.9842E-05 9.9842E-05 9.9842E-05 9.9842E-05 0.0540052 9.9842E-05 9.9842E-05 9.9842E-05 9.9842E-05 9.9842E-05 9.9842E-05 9.9842E-05
9.98681E-05 9.98681E-05 9.98681E-05 0.534506 9.98681E-05 9.98681E-05 9.98681E-05 9.98681E-05 0.0290624 9.98681E-05 9.98681E-05 9.98681E-05 0.127308 9.98681E-05 0.264951 9.98681E-05 9.98681E-05 9.98681E-05 9.98681E-05 0.0426744
0.0524761 9.99034E-05 9.99034E-05 0.511954 9.99034E-05 9.99034E-05 9.99034E-05 0.0530402 9.99034E-05 9.99034E-05 9.99034E-05 9.99034E-05 0.0692452 9.99034E-05 0.0303932 0.0568567 9.99034E-05 0.0900559 0.131639 0.00324116
9.98945E-05 9.98945E-05 9.98945E-05 0.466108 0.109184 9.98945E-05 9.98945E-05 9.98945E-05 9.98945E-05 0.0375446 0.084995 9.98945E-05 0.0846484 9.98945E-05 9.98945E-05 0.0707153 9.98945E-05 0.06463 9.98945E-05 0.0809762
9.98594E-05 9.98594E-05 9.98594E-05 0.583496 9.98594E-05 9.98594E-05 9.98594E-05 9.98594E-05 9.98594E-05 9.98594E-05 9.98594E-05 9.98594E-05 9.98594E-05 9.98594E-05 0.201218 0.0341683 9.98594E-05 9.98594E-05 0.17952 9.98594E-05
9.98687E-05 9.98687E-05 0.119969 0.824067 0.0160216 9.98687E-05 9.98687E-05 9.98687E-05 9.98687E-05 9.98687E-05 9.98687E-05 9.98687E-05 9.98687E-05 9.98687E-05 9.98687E-05 9.98687E-05 0.016 0.0224438 9.98687E-05 9.98687E-05
9.98597E-05 9.98597E-05 9.98597E-05 0.959922 9.98597E-05 9.98597E-05 9.98597E-05 9.98597E-05 9.98597E-05 9.98597E-05 9.98597E-05 0.00451294 9.98597E-05 9.98597E-05 0.00533085 9.98597E-05 9.98597E-05 9.98597E-05 9.98597E-05 0.0286364
9.98681E-05 9.98681E-05 9.98681E-05 0.779685 0.0290966 9.98681E-05 9.98681E-05 9.98681E-05 0.035726 9.98681E-05 9.98681E-05 9.98681E-05 9.98681E-05 9.98681E-05 9.98681E-05 0.144661 9.98681E-05 0.00933343 9.98681E-05 9.98681E-05
9.98683E-05 9.98683E-05 9.98683E-05 0.722798 9.98683E-05 9.98683E-05 9.98683E-05 9.98683E-05 9.98683E-05 9.98683E-05 9.98683E-05 9.98683E-05 0.152726 9.98683E-05 9.98683E-05 0.0316037 9.98683E-05 9.98683E-05 0.0754912 0.0158834
9.98682E-05 9.98682E-05 9.98682E-05 0.846317 9.98682E-05 9.98682E-05 9.98682E-05 0.0176309 0.0766338 9.98682E-05 9.98682E-05 9.98682E-05 0.051207 9.98682E-05 0.00671332 9.98682E-05 9.98682E-05 9.98682E-05 9.98682E-05 9.98682E-05
9.98681E-05 9.98681E-05 0.0773101 0.578757 9.98681E-05 0.0513977 9.98681E-05 9.98681E-05 9.98681E-05 9.98681E-05 9.98681E-05 9.98681E-05 9.98681E-05 9.98681E-05 0.221022 9.98681E-05 9.98681E-05 0.070015 9.98681E-05 9.98681E-05
9.98337E-05 9.98337E-05 9.98337E-05 0.998103 9.98337E-05 9.98337E-05 9.98337E-05 9.98337E-05 9.98337E-05 9.98337E-05 9.98337E-05 9.98337E-05 9.98337E-05 9.98337E-05 9.98337E-05 9.98337E-05 9.98337E-05 9.98337E-05 9.98337E-05 9.98337E-05
9.98507E-05 9.98507E-05 9.98507E-05 0.661772 9.98507E-05 9.98507E-05 9.98507E-05 9.98507E-05 9.98507E-05 9.98507E-05 9.98507E-05 9.98507E-05 9.98507E-05 9.98507E-05 0.0349347 9.98507E-05 9.98507E-05 9.98507E-05 0.301596 9.98507E-05
0.0359663 9.98685E-05 9.98685E-05 0.544013 0.315021 9.98685E-05 9.98685E-05 0.0345856 9.98685E-05 9.98685E-05 9.98685E-05 9.98685E-05 9.98685E-05 9.98685E-05 9.98685E-05 9.98685E-05 9.98685E-05 9.98685E-05 0.0689154 9.98685E-05
9.98859E-05 9.98859E-05 9.98859E-05 0.682985 9.98859E-05 9.98859E-05 9.98859E-05 9.98859E-05 0.0220795 0.100326 9.98859E-05 9.98859E-05 0.0369153 9.98859E-05 0.0294599 0.105583 0.0213523 9.98859E-05 9.98859E-05 9.98859E-05
9.98507E-05 9.98507E-05 9.98507E-05 0.78707 9.98507E-05 9.98507E-05 9.98507E-05 9.98507E-05 9.98507E-05 9.98507E-05 9.98507E-05 9.98507E-05 0.201517 9.98507E-05 0.00971575 9.98507E-05 9.98507E-05 9.98507E-05 9.98507E-05 9.98507E-05
9.98423E-05 9.98423E-05 9.98423E-05 0.979087 9.98423E-05 9.98423E-05 9.98423E-05 9.98423E-05 9.98423E-05 9.98423E-05 9.98423E-05 9.98423E-05 9.98423E-05 9.98423E-05 9.98423E-05 9.98423E-05 9.98423E-05 9.98423E-05 9.98423E-05 0.0191157
9.98335E-05 9.98335E-05 9.98335E-05 0.998103 9.98335E-05 9.98335E-05 9.98335E-05 9.98335E-05 9.98335E-05 9.98335E-05 9.98335E-05 9.98335E-05 9.98335E-05 9.98335E-05 9.98335E-05 9.98335E-05 9.98335E-05 9.98335E-05 9.98335E-05 9.98335E-05
9.98334E-05 9.98334E-05 9.98334E-05 0.998103 9.98334E-05 9.98334E-05 9.98334E-05 9.98334E-05 9.98334E-05 9.98334E-05 9.98334E-05 9.98334E-05 9.98334E-05 9.98334E-05 9.98334E-05 9.98334E-05 9.98334E-05 9.98334E-05 9.98334E-05 9.98334E-05
9.98598E-05 9.98598E-05 9.98598E-05 0.869929 0.00437991 9.98598E-05 9.98598E-05 9.98598E-05 0.108379 9.98598E-05 9.98598E-05 9.98598E-05 9.98598E-05 9.98598E-05 9.98598E-05 9.98598E-05 0.0157152 9.98598E-05 9.98598E-05 9.98598E-05
9.98685E-05 9.98685E-05 0.120738 0.541135 9.98685E-05 9.98685E-05 9.98685E-05 9.98685E-05 9.98685E-05 9.98685E-05 9.98685E-05 9.98685E-05 9.98685E-05 0.127114 0.137493 9.98685E-05 9.98685E-05 9.98685E-05 9.98685E-05 0.0720226
9.98508E-05 9.98508E-05 9.98508E-05 9.98508E-05 0.823955 9.98508E-05 9.98508E-05 9.98508E-05 9.98508E-05 9.98508E-05 9.98508E-05 9.98508E-05 9.98508E-05 9.98508E-05 0.0570443 9.98508E-05 9.98508E-05 9.98508E-05 9.98508E-05 0.117303
9.98684E-05 9.98684E-05 0.0213916 9.98684E-05 0.390297 9.98684E-05 9.98684E-05 9.98684E-05 9.98684E-05 9.98684E-05 9.98684E-05 9.98684E-05 9.98684E-05 0.427649 0.0412573 9.98684E-05 9.98684E-05 9.98684E-05 9.98684E-05 0.117907
9.98596E-05 9.98596E-05 9.98596E-05 9.98596E-05 0.875857 9.98596E-05 9.98596E-05 9.98596E-05 9.98596E-05 9.98596E-05 0.0385147 9.98596E-05 9.98596E-05 9.98596E-05 0.053907 9.98596E-05 9.98596E-05 9.98596E-05 0.0301234 9.98596E-05
9.98593E-05 9.98593E-05 9.98593E-05 9.98593E-05 0.812081 9.98593E-05 9.98593E-05 9.98593E-05 0.0283617 9.98593E-05 9.98593E-05 9.98593E-05 0.0312752 9.98593E-05 0.126685 9.98593E-05 9.98593E-05 9.98593E-05 9.98593E-05 9.98593E-05
9.98506E-05 9.98506E-05 9.98506E-05 9.98506E-05 0.88653 9.98506E-05 9.98506E-05 9.98506E-05 9.98506E-05 9.98506E-05 9.98506E-05 9.98506E-05 9.98506E-05 9.98506E-05 9.98506E-05 9.98506E-05 0.0442074 9.98506E-05 9.98506E-05 0.0675653
0.0899632 9.98684E-05 9.98684E-05 9.98684E-05 0.633089 9.98684E-05 9.98684E-05 9.98684E-05 9.98684E-05 0.050283 9.98684E-05 9.98684E-05 9.98684E-05 9.98684E-05 0.110524 9.98684E-05 9.98684E-05 9.98684E-05 9.98684E-05 0.114642
9.98597E-05 9.98597E-05 9.98597E-05 9.98597E-05 0.776878 9.98597E-05 9.98597E-05 9.98597E-05 9.98597E-05 9.98597E-05 9.98597E-05 9.98597E-05 9.98597E-05 9.98597E-05 0.0681 9.98597E-05 9.98597E-05 9.98597E-05 0.0604644 0.0929596
9.9842E-05 9.9842E-05 9.9842E-05 9.9842E-05 0.816686 9.9842E-05 9.9842E-05 9.9842E-05 9.9842E-05 9.9842E-05 9.9842E-05 9.9842E-05 9.9842E-05 9.9842E-05 9.9842E-05 9.9842E-05 9.9842E-05 9.9842E-05 9.9842E-05 0.181517
0.182225 9.98507E-05 9.98507E-05 9.98507E-05 0.496793 9.98507E-05 9.98507E-05 9.98507E-05 9.98507E-05 9.98507E-05 9.98507E-05 9.98507E-05 9.98507E-05 9.98507E-05 9.98507E-05 9.98507E-05 9.98507E-05 9.98507E-05 9.98507E-05 0.319284
9.98683E-05 9.98683E-05 9.98683E-05 9.98683E-05 0.491229 9.98683E-05 9.98683E-05 9.98683E-05 9.98683E-05 0.0517877 9.98683E-05 9.98683E-05 9.98683E-05 9.98683E-05 0.215874 9.98683E-05 9.98683E-05 9.98683E-05 0.00502599 0.234585
0.196215 9.98596E-05 9.98596E-05 9.98596E-05 0.53837 9.98596E-05 9.98596E-05 9.98596E-05 9.98596E-05 9.98596E-05 9.98596E-05 9.98596E-05 9.98596E-05 0.23287 9.98596E-05 9.98596E-05 9.98596E-05 9.98596E-05 9.98596E-05 0.0309469
0.164585 9.98684E-05 9.98684E-05 9.98684E-05 0.670463 9.98684E-05 9.98684E-05 9.98684E-05 9.98684E-05 9.98684E-05 9.98684E-05 9.98684E-05 0.0583025 0.0533934 0.0517577 9.98684E-05 9.98684E-05 9.98684E-05 9.98684E-05 9.98684E-05
9.9851E-05 9.9851E-05 9.9851E-05 9.9851E-05 0.892869 9.9851E-05 9.9851E-05 9.9851E-05 9.9851E-05 9.9851E-05 9.9851E-05 9.9851E-05 9.9851E-05 0.00795904 9.9851E-05 9.9851E-05 9.9851E-05 9.9851E-05 9.9851E-05 0.0974749
9.98686E-05 9.98686E-05 9.98686E-05 9.98686E-05 0.61159 9.98686E-05 9.98686E-05 9.98686E-05 9.98686E-05 9.98686E-05 9.98686E-05 9.98686E-05 9.98686E-05 0.0304717 0.233946 9.98686E-05 0.0118963 9.98686E-05 9.98686E-05 0.110599
9.98861E-05 9.98861E-05 9.98861E-05 9.98861E-05 0.616707 9.98861E-05 9.98861E-05 9.98861E-05 0.140059 9.98861E-05 9.98861E-05 9.98861E-05 0.0103314 0.0562111 9.98861E-05 0.039301 9.98861E-05 0.059416 9.98861E-05 0.0766759
0.0660891 9.98947E-05 0.116733 9.98947E-05 0.658565 0.0443377 9.98947E-05 9.98947E-05 9.98947E-05 0.0780724 9.98947E-05 9.98947E-05 0.00303229 9.98947E-05 0.0215342 9.98947E-05 9.98947E-05 9.98947E-05 9.98947E-05 0.0104374
0.229466 9.98771E-05 9.98771E-05 9.98771E-05 0.612578 0.0558317 9.98771E-05 9.98771E-05 9.98771E-05 9.98771E-05 9.98771E-05 9.98771E-05 9.98771E-05 0.0186575 0.0779582 9.98771E-05 9.98771E-05 9.98771E-05 9.98771E-05 0.00411072
9.98774E-05 0.0100682 9.98774E-05 9.98774E-05 0.774337 9.98774E-05 9.98774E-05 9.98774E-05 9.98774E-05 0.0137417 0.0395106 9.98774E-05 9.98774E-05 9.98774E-05 9.98774E-05 9.98774E-05 9.98774E-05 9.98774E-05 0.0786453 0.0822992
0.0181978 9.98509E-05 9.98509E-05 9.98509E-05 0.979055 9.98509E-05 9.98509E-05 9.98509E-05 9.98509E-05 9.98509E-05 9.98509E-05 9.98509E-05 0.00104936 9.98509E-05 9.98509E-05 9.98509E-05 9.98509E-05 9.98509E-05 9.98509E-05 9.98509E-05
9.98859E-05 9.98859E-05 0.101198 0.0403865 0.499803 0.09642 9.98859E-05 9.98859E-05 9.98859E-05 9.98859E-05 9.98859E-05 9.98859E-05 9.98859E-05 0.125172 0.0289197 9.98859E-05 9.98859E-05 9.98859E-05 9.98859E-05 0.106802
0.130639 9.98596E-05 9.98596E-05 9.98596E-05 0.710117 9.98596E-05 9.98596E-05 9.98596E-05 9.98596E-05 0.0828536 9.98596E-05 9.98596E-05 9.98596E-05 9.98596E-05 0.0747925 9.98596E-05 9.98596E-05 9.98596E-05 9.98596E-05 9.98596E-05
9.98596E-05 9.98596E-05 9.98596E-05 9.98596E-05 0.913716 9.98596E-05 9.98596E-05 9.98596E-05 0.0310896 9.98596E-05 9.98596E-05 9.98596E-05 0.0211519 9.98596E-05 9.98596E-05 9.98596E-05 9.98596E-05 9.98596E-05 9.98596E-05 0.0324451
0.138578 9.98771E-05 9.98771E-05 9.98771E-05 0.456319 0.0248014 9.98771E-05 9.98771E-05 9.98771E-05 9.98771E-05 9.98771E-05 9.98771E-05 9.98771E-05 9.98771E-05 0.220202 0.0577642 9.98771E-05 9.98771E-05 9.98771E-05 0.100936
9.98773E-05 9.98773E-05 9.98773E-05 9.98773E-05 0.765261 9.98773E-05 9.98773E-05 0.0365615 9.98773E-05 9.98773E-05 9.98773E-05 9.98773E-05 9.98773E-05 0.0602568 0.0151025 9.98773E-05 0.0136262 9.98773E-05 9.98773E-05 0.107794
0.0874239 9.98683E-05 9.98683E-05 9.98683E-05 0.438198 0.0860888 9.98683E-05 9.98683E-05 9.98683E-05 9.98683E-05 9.98683E-05 9.98683E-05 9.98683E-05 9.98683E-05 0.184881 9.98683E-05 9.98683E-05 9.98683E-05 9.98683E-05 0.20191
0.0929517 9.98947E-05 9.98947E-05 0.0605763 0.351294 9.98947E-05 9.98947E-05 9.98947E-05 9.98947E-05 9.98947E-05 9.98947E-05 9.98947E-05 9.98947E-05 0.194864 0.128681 9.98947E-05 9.98947E-05 0.00957029 0.00468894 0.156175
9.98684E-05 0.00782946 9.98684E-05 9.98684E-05 0.266984 9.98684E-05 9.98684E-05 9.98684E-05 9.98684E-05 9.98684E-05 9.98684E-05 9.98684E-05 9.98684E-05 0.555844 0.0476972 9.98684E-05 0.120147 9.98684E-05 9.98684E-05 9.98684E-05
9.98594E-05 9.98594E-05 9.98594E-05 9.98594E-05 0.789209 9.98594E-05 9.98594E-05 9.98594E-05 9.98594E-05 9.98594E-05 9.98594E-05 9.98594E-05 9.98594E-05 9.98594E-05 0.0476741 0.106072 9.98594E-05 9.98594E-05 9.98594E-05 0.0554472
9.98509E-05 9.98509E-05 9.98509E-05 9.98509E-05 0.511067 9.98509E-05 9.98509E-05 9.98509E-05 9.98509E-05 9.98509E-05 9.98509E-05 9.98509E-05 9.98509E-05 9.98509E-05 0.235222 9.98509E-05 9.98509E-05 9.98509E-05 9.98509E-05 0.252013
9.98686E-05 9.98686E-05 9.98686E-05 9.98686E-05 0.760177 0.0729104 9.98686E-05 9.98686E-05 9.98686E-05 9.98686E-05 9.98686E-05 9.98686E-05 0.0358571 0.0441717 0.0853863 9.98686E-05 9.98686E-05 9.98686E-05 9.98686E-05 9.98686E-05
9.98598E-05 9.98598E-05 9.98598E-05 9.98598E-05 0.787458 9.98598E-05 9.98598E-05 9.98598E-05 9.98598E-05 9.98598E-05 9.98598E-05 9.98598E-05 0.0140649 9.98598E-05 0.170523 9.98598E-05 9.98598E-05 9.98598E-05 9.98598E-05 0.0263563
9.98507E-05 9.98507E-05 9.98507E-05 9.98507E-05 0.9057 0.0459079 9.98507E-05 9.98507E-05 9.98507E-05 9.98507E-05 9.98507E-05 9.98507E-05 9.98507E-05 9.98507E-05 0.046695 9.98507E-05 9.98507E-05 9.98507E-05 9.98507E-05 9.98507E-05
9.98683E-05 9.98683E-05 9.98683E-05 9.98683E-05 0.39013 0.144261 9.98683E-05 9.98683E-05 9.98683E-05 9.98683E-05 0.0480653 9.98683E-05 9.98683E-05 9.98683E-05 0.134009 9.98683E-05 9.98683E-05 9.98683E-05 9.98683E-05 0.282038
9.98507E-05 9.98507E-05 9.98507E-05 9.98507E-05 0.729141 9.98507E-05 9.98507E-05 9.98507E-05 9.98507E-05 9.98507E-05 9.98507E-05 9.98507E-05 9.98507E-05 9.98507E-05 9.98507E-05 9.98507E-05 9.98507E-05 9.98507E-05 0.110102 0.15906
9.98509E-05 9.98509E-05 9.98509E-05 9.98509E-05 0.987009 9.98509E-05 9.98509E-05 9.98509E-05 9.98509E-05 9.98509E-05 9.98509E-05 9.98509E-05 9.98509E-05 0.00383783 0.00745604 9.98509E-05 9.98509E-05 9.98509E-05 9.98509E-05 9.98509E-05
9.98771E-05 9.98771E-05 0.215992 9.98771E-05 0.630454 9.98771E-05 9.98771E-05 9.98771E-05 9.98771E-05 0.0414708 9.98771E-05 9.98771E-05 9.98771E-05 0.0786905 9.98771E-05 9.98771E-05 9.98771E-05 0.00524625 9.98771E-05 0.0267479
9.98595E-05 9.98595E-05 9.98595E-05 9.98595E-05 0.746066 9.98595E-05 9.98595E-05 9.98595E-05 0.0131693 9.98595E-05 9.98595E-05 9.98595E-05 9.98595E-05 9.98595E-05 0.126627 9.98595E-05 9.98595E-05 9.98595E-05 9.98595E-05 0.11254
9.98595E-05 9.98595E-05 9.98595E-05 9.98595E-05 0.337699 0.0207836 9.98595E-05 9.98595E-05 9.98595E-05 9.98595E-05 9.98595E-05 9.98595E-05 9.98595E-05 0.556708 9.98595E-05 9.98595E-05 9.98595E-05 9.98595E-05 9.98595E-05 0.0832124
9.98511E-05 9.98511E-05 9.98511E-05 9.98511E-05 0.734485 9.98511E-05 9.98511E-05 9.98511E-05 9.98511E-05 9.98511E-05 9.98511E-05 9.98511E-05 9.98511E-05 0.202151 0.0616662 9.98511E-05 9.98511E-05 9.98511E-05 9.98511E-05 9.98511E-05
9.98424E-05 9.98424E-05 9.98424E-05 9.98424E-05 0.82027 9.98424E-05 9.98424E-05 9.98424E-05 9.98424E-05 9.98424E-05 9.98424E-05 9.98424E-05 9.98424E-05 0.177933 9.98424E-05 9.98424E-05 9.98424E-05 9.98424E-05 9.98424E-05 9.98424E-05
9.98685E-05 9.98685E-05 9.98685E-05 9.98685E-05 0.568675 0.0552822 9.98685E-05 9.98685E-05 0.0198848 0.0203837 9.98685E-05 9.98685E-05 9.98685E-05 0.334276 9.98685E-05 9.98685E-05 9.98685E-05 9.98685E-05 9.98685E-05 9.98685E-05
0.173554 9.98594E-05 9.98594E-05 9.98594E-05 0.545983 9.98594E-05 9.98594E-05 9.98594E-05 9.98594E-05 9.98594E-05 9.98594E-05 9.98594E-05 9.98594E-05 9.98594E-05 0.203833 9.98594E-05 9.98594E-05 9.98594E-05 9.98594E-05 0.0750317
9.98508E-05 9.98508E-05 9.98508E-05 9.98508E-05 0.815824 9.98508E-05 9.98508E-05 0.0675743 9.98508E-05 9.98508E-05 9.98508E-05 9.98508E-05 9.98508E-05 9.98508E-05 9.98508E-05 9.98508E-05 9.98508E-05 9.98508E-05 9.98508E-05 0.114905
9.98684E-05 9.98684E-05 9.98684E-05 9.98684E-05 0.175788 0.0706359 9.98684E-05 9.98684E-05 9.98684E-05 9.98684E-05 9.98684E-05 9.98684E-05 9.98684E-05 0.524481 0.0479704 9.98684E-05 9.98684E-05 9.98684E-05 9.98684E-05 0.179626
9.98861E-05 0.0320157 9.98861E-05 9.98861E-05 0.467026 9.98861E-05 9.98861E-05 9.98861E-05 9.98861E-05 0.00146786 9.98861E-05 9.98861E-05 0.00850517 0.396139 0.0168548 9.98861E-05 0.0766922 9.98861E-05 9.98861E-05 9.98861E-05
0.163877 9.98946E-05 9.98946E-05 9.98946E-05 0.458981 0.062003 9.98946E-05 9.98946E-05 9.98946E-05 9.98946E-05 9.98946E-05 0.0325934 9.98946E-05 9.98946E-05 0.0470457 0.00263771 9.98946E-05 9.98946E-05 0.0362548 0.195408
9.98684E-05 9.98684E-05 0.0150253 0.148439 0.684537 9.98684E-05 9.98684E-05 9.98684E-05 9.98684E-05 9.98684E-05 9.98684E-05 9.98684E-05 9.98684E-05 9.98684E-05 0.0815188 9.98684E-05 9.98684E-05 9.98684E-05 9.98684E-05 0.0689818
0.0460917 9.98948E-05 9.98948E-05 9.98948E-05 0.375339 9.98948E-05 9.98948E-05 9.98948E-05 9.98948E-05 9.98948E-05 9.98948E-05 9.98948E-05 9.98948E-05 0.0862634 0.0419346 9.98948E-05 0.141838 0.0528793 0.0827533 0.171702
9.98685E-05 9.98685E-05 9.98685E-05 9.98685E-05 0.479842 9.98685E-05 9.98685E-05 9.98685E-05 9.98685E-05 9.98685E-05 9.98685E-05 9.98685E-05 9.98685E-05 9.98685E-05 0.194122 9.98685E-05 0.00811471 9.98685E-05 0.0584312 0.257992
9.98684E-05 9.98684E-05 9.98684E-05 9.98684E-05 0.492146 0.0121481 9.98684E-05 9.98684E-05 9.98684E-05 9.98684E-05 0.00643796 9.98684E-05 9.98684E-05 0.441167 0.0466038 9.98684E-05 9.98684E-05 9.98684E-05 9.98684E-05 9.98684E-05
9.98682E-05 9.98682E-05 0.00897114 9.98682E-05 0.658571 9.98682E-05 9.98682E-05 9.98682E-05 9.98682E-05 0.148571 9.98682E-05 0.0351023 9.98682E-05 9.98682E-05 0.147287 9.98682E-05 9.98682E-05 9.98682E-05 9.98682E-05 9.98682E-05
9.98509E-05 9.98509E-05 9.98509E-05 9.98509E-05 0.397152 9.98509E-05 9.98509E-05 9.98509E-05 9.98509E-05 9.98509E-05 9.98509E-05 9.98509E-05 9.98509E-05 0.471751 9.98509E-05 9.98509E-05 9.98509E-05 9.98509E-05 9.98509E-05 0.129401
9.98773E-05 9.98773E-05 0.00105301 9.98773E-05 0.54449 9.98773E-05 9.98773E-05 9.98773E-05 9.98773E-05 9.98773E-05 9.98773E-05 9.98773E-05 0.00944849 0.19247 0.193202 9.98773E-05 9.98773E-05 9.98773E-05 9.98773E-05 0.0579385
0.041881 9.98596E-05 9.98596E-05 9.98596E-05 0.730138 9.98596E-05 9.98596E-05 9.98596E-05 9.98596E-05 9.98596E-05 9.98596E-05 9.98596E-05 9.98596E-05 9.98596E-05 9.98596E-05 9.98596E-05 9.98596E-05 0.131098 9.98596E-05 0.095285
9.98595E-05 9.98595E-05 9.98595E-05 9.98595E-05 0.818957 0.00534393 9.98595E-05 9.98595E-05 9.98595E-05 0.164184 9.98595E-05 9.98595E-05 9.98595E-05 9.98595E-05 9.98595E-05 9.98595E-05 9.98595E-05 9.98595E-05 0.00991733 9.98595E-05
0.223722 9.98594E-05 9.98594E-05 9.98594E-05 0.525989 9.98594E-05 9.98594E-05 9.98594E-05 9.98594E-05 9.98594E-05 9.98594E-05 9.98594E-05 9.98594E-05 9.98594E-05 0.0831233 9.98594E-05 9.98594E-05 9.98594E-05 9.98594E-05 0.165568
9.98507E-05 9.98507E-05 9.98507E-05 9.98507E-05 0.758457 9.98507E-05 9.98507E-05 9.98507E-05 9.98507E-05 9.98507E-05 9.98507E-05 9.98507E-05 9.98507E-05 9.98507E-05 0.139589 9.98507E-05 9.98507E-05 9.98507E-05 9.98507E-05 0.100256
9.98596E-05 9.98596E-05 9.98596E-05 9.98596E-05 0.925884 9.98596E-05 9.98596E-05 9.98596E-05 9.98596E-05 9.98596E-05 9.98596E-05 9.98596E-05 0.036635 9.98596E-05 9.98596E-05 9.98596E-05 9.98596E-05 0.0239458 9.98596E-05 0.0119376
9.98597E-05 9.98597E-05 9.98597E-05 9.98597E-05 0.732925 0.130863 9.98597E-05 9.98597E-05 9.98597E-05 9.98597E-05 9.98597E-05 9.98597E-05 9.98597E-05 0.0349804 0.0996335 9.98597E-05 9.98597E-05 9.98597E-05 9.98597E-05 9.98597E-05
0.0100953 9.98596E-05 9.98596E-05 9.98596E-05 0.739406 9.98596E-05 9.98596E-05 9.98596E-05 9.98596E-05 9.98596E-05 9.98596E-05 9.98596E-05 9.98596E-05 0.0964444 9.98596E-05 9.98596E-05 9.98596E-05 9.98596E-05 9.98596E-05 0.152457
9.9833E-05 9.9833E-05 9.9833E-05 9.9833E-05 9.9833E-05 9.9833E-05 9.9833E-05 9.9833E-05 9.9833E-05 9.9833E-05 9.9833E-05 9.9833E-05 9.9833E-05 9.9833E-05 0.998103 9.9833E-05 9.9833E-05 9.9833E-05 9.9833E-05 9.9833E-05
9.98331E-05 9.98331E-05 9.98331E-05 9.98331E-05 9.98331E-05 9.98331E-05 9.98331E-05 9.98331E-05 9.98331E-05 9.98331E-05 9.98331E-05 9.98331E-05 9.98331E-05 9.98331E-05 9.98331E-05 9.98331E-05 9.98331E-05 9.98331E-05 9.98331E-05 0.998103
9.98329E-05 9.98329E-05 9.98329E-05 9.98329E-05 9.98329E-05 9.98329E-05 9.98329E-05 9.98329E-05 9.98329E-05 9.98329E-05 9.98329E-05 9.98329E-05 9.98329E-05 9.98329E-05 0.998103 9.98329E-05 9.98329E-05 9.98329E-05 9.98329E-05 9.98329E-05
9.98329E-05 9.98329E-05 9.98329E-05 9.98329E-05 9.98329E-05 9.98329E-05 9.98329E-05 9.98329E-05 9.98329E-05 9.98329E-05 9.98329E-05 9.98329E-05 9.98329E-05 9.98329E-05 9.98329E-05 9.98329E-05 9.98329E-05 9.98329E-05 9.98329E-05 0.998103
9.9833E-05 9.9833E-05 9.9833E-05 9.9833E-05 9.9833E-05 9.9833E-05 9.9833E-05 9.9833E-05 9.9833E-05 9.9833E-05 9.9833E-05 9.9833E-05 9.9833E-05 9.9833E-05 9.9833E-05 9.9833E-05 9.9833E-05 9.9833E-05 9.9833E-05 0.998103
9.98331E-05 9.98331E-05 9.98331E-05 9.98331E-05 9.98331E-05 9.98331E-05 9.98331E-05 9.98331E-05 9.98331E-05 9.98331E-05 9.98331E-05 9.98331E-05 9.98331E-05 9.98331E-05 9.98331E-05 9.98331E-05 9.98331E-05 9.98331E-05 9.98331E-05 0.998103
9.9833E-05 9.9833E-05 9.9833E-05 9.9833E-05 9.9833E-05 9.9833E-05 9.9833E-05 9.9833E-05 9.9833E-05 9.9833E-05 9.9833E-05 9.9833E-05 9.9833E-05 9.9833E-05 0.998103 9.9833E-05 9.9833E-05 9.9833E-05 9.9833E-05 9.9833E-05
9.98331E-05 9.98331E-05 9.98331E-05 9.98331E-05 9.98331E-05 9.98331E-05 9.98331E-05 9.98331E-05 9.98331E-05 9.98331E-05 9.98331E-05 9.98331E-05 9.98331E-05 9.98331E-05 9.98331E-05 9.98331E-05 9.98331E-05 9.98331E-05 9.98331E-05 0.998103
9.98331E-05 9.98331E-05 9.98331E-05 9.98331E-05 9.98331E-05 9.98331E-05 9.98331E-05 9.98331E-05 9.98331E-05 9.98331E-05 9.98331E-05 9.98331E-05 9.98331E-05 9.98331E-05 9.98331E-05 9.98331E-05 9.98331E-05 9.98331E-05 9.98331E-05 0.998103
9.98329E-05 9.98329E-05 9.98329E-05 9.98329E-05 9.98329E-05 9.98329E-05 9.98329E-05 9.98329E-05 9.98329E-05 9.98329E-05 9.98329E-05 9.98329E-05 9.98329E-05 9.98329E-05 0.998103 9.98329E-05 9.98329E-05 9.98329E-05 9.98329E-05 9.98329E-05
9.98421E-05 9.98421E-05 9.98421E-05 9.98421E-05 9.98421E-05 9.98421E-05 9.98421E-05 0.0584856 9.98421E-05 9.98421E-05 9.98421E-05 9.98421E-05 9.98421E-05 9.98421E-05 0.939717 9.98421E-05 9.98421E-05 9.98421E-05 9.98421E-05 9.98421E-05
9.98329E-05 9.98329E-05 9.98329E-05 9.98329E-05 9.98329E-05 9.98329E-05 9.98329E-05 9.98329E-05 9.98329E-05 9.98329E-05 9.98329E-05 9.98329E-05 9.98329E-05 9.98329E-05 0.998103 9.98329E-05 9.98329E-05 9.98329E-05 9.98329E-05 9.98329E-05
9.98329E-05 9.98329E-05 9.98329E-05 9.98329E-05 9.98329E-05 9.98329E-05 9.98329E-05 9.98329E-05 9.98329E-05 9.98329E-05 9.98329E-05 9.98329E-05 9.98329E-05 9.98329E-05 9.98329E-05 9.98329E-05 9.98329E-05 9.98329E-05 9.98329E-05 0.998103
9.9833E-05 9.9833E-05 9.9833E-05 9.9833E-05 9.9833E-05 9.9833E-05 9.9833E-05 9.9833E-05 9.9833E-05 9.9833E-05 9.9833E-05 9.9833E-05 9.9833E-05 9.9833E-05 9.9833E-05 9.9833E-05 9.9833E-05 9.9833E-05 9.9833E-05 0.998103
9.98331E-05 9.98331E-05 9.98331E-05 9.98331E-05 9.98331E-05 9.98331E-05 9.98331E-05 9.98331E-05 9.98331E-05 9.98331E-05 9.98331E-05 9.98331E-05 9.98331E-05 9.98331E-05 0.998103 9.98331E-05 9.98331E-05 9.98331E-05 9.98331E-05 9.98331E-05
9.98329E-05 9.98329E-05 9.98329E-05 9.98329E-05 9.98329E-05 9.98329E-05 9.98329E-05 9.98329E-05 9.98329E-05 9.98329E-05 9.98329E-05 9.98329E-05 9.98329E-05 9.98329E-05 0.998103 9.98329E-05 9.98329E-05 9.98329E-05 9.98329E-05 9.98329E-05
9.98683E-05 9.98683E-05 9.98683E-05 9.98683E-05 0.612418 9.98683E-05 9.98683E-05 9.98683E-05 9.98683E-05 9.98683E-05 9.98683E-05 9.98683E-05 9.98683E-05 9.98683E-05 0.0923764 0.190699 0.0599863 9.98683E-05 9.98683E-05 0.0430215
9.98331E-05 9.98331E-05 9.98331E-05 9.98331E-05 9.98331E-05 9.98331E-05 9.98331E-05 9.98331E-05 9.98331E-05 9.98331E-05 9.98331E-05 9.98331E-05 9.98331E-05 9.98331E-05 0.998103 9.98331E-05 9.98331E-05 9.98331E-05 9.98331E-05 9.98331E-05
9.98331E-05 9.98331E-05 9.98331E-05 9.98331E-05 9.98331E-05 9.98331E-05 9.98331E-05 9.98331E-05 9.98331E-05 9.98331E-05 9.98331E-05 9.98331E-05 9.98331E-05 9.98331E-05 9.98331E-05 9.98331E-05 9.98331E-05 9.98331E-05 9.98331E-05 0.998103
9.9833E-05 9.9833E-05 9.9833E-05 9.9833E-05 9.9833E-05 9.9833E-05 9.9833E-05 9.9833E-05 9.9833E-05 9.9833E-05 9.9833E-05 9.9833E-05 9.9833E-05 9.9833E-05 0.998103 9.9833E-05 9.9833E-05 9.9833E-05 9.9833E-05 9.9833E-05
9.98331E-05 9.98331E-05 9.98331E-05 9.98331E-05 9.98331E-05 9.98331E-05 9.98331E-05 9.98331E-05 9.98331E-05 9.98331E-05 9.98331E-05 9.98331E-05 9.98331E-05 9.98331E-05 0.998103 9.98331E-05 9.98331E-05 9.98331E-05 9.98331E-05 9.98331E-05
9.98329E-05 9.98329E-05 9.98329E-05 9.98329E-05 9.98329E-05 9.98329E-05 9.98329E-05 9.98329E-05 9.98329E-05 9.98329E-05 9.98329E-05 9.98329E-05 9.98329E-05 9.98329E-05 0.998103 9.98329E-05 9.98329E-05 9.98329E-05 9.98329E-05 9.98329E-05
9.98329E-05 9.98329E-05 9.98329E-05 9.98329E-05 9.98329E-05 9.98329E-05 9.98329E-05 9.98329E-05 9.98329E-05 9.98329E-05 9.98329E-05 9.98329E-05 9.98329E-05 9.98329E-05 9.98329E-05 9.98329E-05 9.98329E-05 9.98329E-05 9.98329E-05 0.998103
9.9833E-05 9.9833E-05 9.9833E-05 9.9833E-05 9.9833E-05 9.9833E-05 9.9833E-05 9.9833E-05 9.9833E-05 9.9833E-05 9.9833E-05 9.9833E-05 9.9833E-05 9.9833E-05 0.998103 9.9833E-05 9.9833E-05 9.9833E-05 9.9833E-05 9.9833E-05
9.9833E-05 9.9833E-05 9.9833E-05 9.9833E-05 9.9833E-05 9.9833E-05 9.9833E-05 9.9833E-05 9.9833E-05 9.9833E-05 9.9833E-05 9.9833E-05 9.9833E-05 9.9833E-05 9.9833E-05 9.9833E-05 9.9833E-05 9.9833E-05 9.9833E-05 0.998103
9.9833E-05 9.9833E-05 9.9833E-05 9.9833E-05 9.9833E-05 9.9833E-05 9.9833E-05 9.9833E-05 9.9833E-05 9.9833E-05 9.9833E-05 9.9833E-05 9.9833E-05 9.9833E-05 0.998103 9.9833E-05 9.9833E-05 9.9833E-05 9.9833E-05 9.9833E-05
9.98329E-05 9.98329E-05 9.98329E-05 9.98329E-05 9.98329E-05 9.98329E-05 9.98329E-05 9.98329E-05 9.98329E-05 9.98329E-05 9.98329E-05 9.98329E-05 9.98329E-05 9.98329E-05 0.998103 9.98329E-05 9.98329E-05 9.98329E-05 9.98329E-05 9.98329E-05
