0.178417 0.644747 9.99912E-05 0.0186734 0.158063
0.0380513 0.878167 9.99912E-05 0.0201911 0.0634908
9.99824E-05 0.972316 0.0257714 9.99824E-05 0.00171226
0.0367107 0.363456 0.321662 0.0887495 0.189422
9.99737E-05 0.891774 0.107926 9.99737E-05 9.99737E-05
9.99824E-05 0.335385 0.229324 9.99824E-05 0.43509
0.163484 0.425961 0.322076 9.99912E-05 0.088379
0.0672743 0.292108 0.426686 9.99912E-05 0.213832
9.99824E-05 0.247606 9.99824E-05 0.143044 0.60915
9.997E-05 0.9996 9.997E-05 9.997E-05 9.997E-05
0.17268 0.677428 9.99912E-05 0.0275453 0.122246
0.0168821 0.982818 9.99736E-05 9.99736E-05 9.99736E-05
0.0205433 0.87249 0.00688346 9.99912E-05 0.0999832
0.131004 0.697277 9.99825E-05 9.99825E-05 0.171518
9.99824E-05 0.418829 0.066615 9.99824E-05 0.514356
9.99824E-05 0.331194 0.32801 9.99824E-05 0.340597
0.0748632 0.633139 0.0627075 0.00821446 0.221076
0.187994 0.368921 0.0237152 0.160776 0.258593
0.174086 0.421807 0.0925155 9.99912E-05 0.311492
9.99737E-05 0.985289 9.99737E-05 0.0144115 9.99737E-05
0.0486126 0.50452 0.287099 0.0228698 0.136898
0.00653701 0.33165 0.390029 9.99912E-05 0.271684
0.0597155 0.683703 9.99912E-05 0.00869974 0.247782
9.99824E-05 0.506201 0.186942 9.99824E-05 0.306658
0.00876272 0.318517 0.0421395 0.218312 0.412269
0.0171621 0.722336 0.13187 9.99912E-05 0.128532
0.124961 0.120667 0.221541 0.0823204 0.45051
9.99825E-05 0.828911 0.142944 9.99825E-05 0.0279452
9.99824E-05 0.770221 9.99824E-05 0.0614043 0.168174
0.0193603 0.848588 0.00637926 0.00874217 0.11693
0.145292 0.828001 9.99912E-05 0.0167023 0.00990473
0.00841813 0.596258 0.100104 9.99912E-05 0.29512
0.106271 0.6497 0.0304052 0.0185381 0.195086
0.0498724 0.576065 0.13 0.048819 0.195244
9.99824E-05 0.930486 9.99824E-05 0.0571736 0.0121408
0.0301854 0.786125 0.138117 0.0140274 0.0315453
9.99737E-05 0.938227 0.0614734 9.99737E-05 9.99737E-05
9.99825E-05 0.64425 9.99825E-05 0.087642 0.267908
9.99912E-05 0.631791 0.0400455 0.0104043 0.31766
9.99824E-05 0.649547 0.155988 9.99824E-05 0.194265
0.0819139 0.77455 0.143336 9.99824E-05 9.99824E-05
0.0536261 0.766223 0.00177628 0.0144739 0.163901
9.99824E-05 0.949159 0.0450579 9.99824E-05 0.00558334
0.0890613 0.537998 9.99824E-05 9.99824E-05 0.372741
9.99912E-05 0.38066 0.367487 0.0243986 0.227354
9.99736E-05 0.901598 9.99736E-05 0.0981019 9.99736E-05
0.0469752 0.913679 9.99912E-05 0.0012716 0.0379738
9.99824E-05 0.976119 0.000527718 0.0231532 9.99824E-05
0.109 0.799671 0.0428329 9.99912E-05 0.0483957
0.0764534 0.832684 0.0858623 0.00490071 9.99912E-05
0.094435 0.370262 0.157638 0.0496668 0.327998
9.99824E-05 0.65582 0.260322 0.0836583 9.99824E-05
9.99825E-05 0.924374 0.0413794 0.0340461 9.99825E-05
0.0262017 0.684781 0.163926 0.0992523 0.0258396
9.99912E-05 0.837963 0.0932162 0.00954724 0.0591735
0.00240192 0.855378 0.0625563 0.0795634 9.99912E-05
0.0753955 0.717194 0.207211 9.99824E-05 9.99824E-05
0.114201 0.87569 0.00990889 9.99825E-05 9.99825E-05
0.0411312 0.958569 9.99736E-05 9.99736E-05 9.99736E-05
0.229247 0.172775 9.99824E-05 9.99824E-05 0.597778
9.99912E-05 0.501466 0.25113 0.0715856 0.175718
0.228532 0.478444 9.99824E-05 9.99824E-05 0.292824
0.144319 9.99737E-05 9.99737E-05 9.99737E-05 0.855381
0.151194 0.229972 0.227978 9.99912E-05 0.390756
0.189515 0.0693882 9.99912E-05 0.0156993 0.725297
0.15841 0.141908 0.0792942 0.00371914 0.616669
0.196815 9.99824E-05 0.0772196 9.99824E-05 0.725765
0.0760231 0.36315 0.0203968 9.99912E-05 0.54033
0.192138 0.435357 9.99824E-05 9.99824E-05 0.372306
0.304482 9.99824E-05 9.99824E-05 0.0244215 0.670897
0.127097 0.138141 0.244189 0.0693904 0.421184
0.151966 0.0584882 0.252894 9.99912E-05 0.536552
9.99824E-05 0.147382 0.245074 9.99824E-05 0.607344
0.17589 0.39072 0.0477371 9.99912E-05 0.385552
0.122956 0.331669 0.0814689 9.99912E-05 0.463806
0.0702053 0.00749004 0.357539 9.99912E-05 0.564666
0.325272 0.209938 0.105424 9.99912E-05 0.359266
0.271242 0.311836 9.99824E-05 9.99824E-05 0.416723
0.223252 0.00376718 0.0708197 0.0037801 0.698381
0.0444927 0.482595 0.081306 9.99912E-05 0.391506
0.0578426 0.301427 0.236882 9.99912E-05 0.403748
0.0961786 0.332064 9.99825E-05 9.99825E-05 0.571557
0.0868672 0.226669 0.304675 0.0533652 0.328424
0.315271 0.313319 9.99824E-05 9.99824E-05 0.37121
0.0546848 0.403496 9.99912E-05 0.0439357 0.497784
0.0871983 0.489294 0.072162 9.99912E-05 0.351245
0.017824 0.365865 0.168305 0.00959016 0.438416
0.280586 0.351235 0.0333151 9.99912E-05 0.334764
9.99825E-05 0.278237 0.00716408 9.99825E-05 0.714399
9.997E-05 9.997E-05 9.997E-05 9.997E-05 0.9996
9.99737E-05 0.0641686 9.99737E-05 9.99737E-05 0.935531
0.0830939 9.99736E-05 9.99736E-05 9.99736E-05 0.916606
0.126427 9.99824E-05 9.99824E-05 0.0124389 0.860934
0.0808874 9.99912E-05 0.103099 0.0946256 0.721288
9.997E-05 9.997E-05 9.997E-05 9.997E-05 0.9996
0.100214 9.99737E-05 9.99737E-05 9.99737E-05 0.899486
0.026358 9.99736E-05 9.99736E-05 9.99736E-05 0.973342
9.997E-05 9.997E-05 9.997E-05 9.997E-05 0.9996
9.99736E-05 9.99736E-05 9.99736E-05 0.0189756 0.980724
9.997E-05 9.997E-05 9.997E-05 9.997E-05 0.9996
0.0195484 9.99737E-05 9.99737E-05 9.99737E-05 0.980152
0.0185998 9.99737E-05 9.99737E-05 9.99737E-05 0.9811
9.997E-05 9.997E-05 9.997E-05 9.997E-05 0.9996
0.187864 9.99825E-05 9.99825E-05 0.00391243 0.808024
0.0669501 9.99824E-05 9.99824E-05 0.0331469 0.899703
9.99737E-05 9.99737E-05 9.99737E-05 0.091594 0.908106
0.0349229 9.99825E-05 0.0984172 9.99825E-05 0.86646
0.0111101 9.99824E-05 9.99824E-05 0.0637316 0.924958
0.0748512 9.99825E-05 9.99825E-05 0.0628016 0.862147
0.00933029 9.99824E-05 0.0570607 9.99824E-05 0.933409
0.0623407 9.99737E-05 9.99737E-05 9.99737E-05 0.937359
9.99736E-05 9.99736E-05 9.99736E-05 0.139372 0.860328
9.99737E-05 9.99737E-05 9.99737E-05 0.00385696 0.995843
9.99736E-05 9.99736E-05 9.99736E-05 0.130653 0.869047
9.99737E-05 9.99737E-05 0.0380517 9.99737E-05 0.961648
9.99825E-05 0.149685 9.99825E-05 0.0847835 0.765332
9.99824E-05 9.99824E-05 0.0287935 0.0837628 0.887244
9.997E-05 9.997E-05 9.997E-05 9.997E-05 0.9996
0.0258101 9.99825E-05 9.99825E-05 0.108881 0.865109
9.99825E-05 9.99825E-05 0.00273858 0.0515404 0.945521
0.0396951 9.99824E-05 9.99824E-05 0.113003 0.847102
9.99752E-05 9.99752E-05 9.99752E-05 0.227911 0.771789
9.99736E-05 9.99736E-05 9.99736E-05 0.0884458 0.911254
0.0364404 9.99825E-05 9.99825E-05 0.0502235 0.913136
0.115279 9.99825E-05 9.99825E-05 0.00384738 0.880674
0.101578 9.99736E-05 9.99736E-05 9.99736E-05 0.898122
9.997E-05 9.997E-05 9.997E-05 9.997E-05 0.9996
0.0926601 9.99737E-05 9.99737E-05 9.99737E-05 0.90704
0.027989 9.99825E-05 9.99825E-05 0.0536436 0.918167
9.99738E-05 9.99738E-05 9.99738E-05 0.0127093 0.986991
9.99736E-05 9.99736E-05 9.99736E-05 0.0447496 0.95495
9.99737E-05 9.99737E-05 0.0611754 9.99737E-05 0.938525
9.99737E-05 0.0655924 9.99737E-05 9.99737E-05 0.934108
9.99737E-05 0.0765467 9.99737E-05 9.99737E-05 0.923153
0.108678 9.99912E-05 0.0336357 0.0983672 0.759219
0.0920504 9.99737E-05 9.99737E-05 9.99737E-05 0.90765
0.0946737 9.99825E-05 0.0141814 9.99825E-05 0.890945
0.101361 9.99824E-05 9.99824E-05 0.00326394 0.895175
9.997E-05 9.997E-05 9.997E-05 9.997E-05 0.9996
9.99824E-05 9.99824E-05 0.261218 0.12163 0.616951
9.997E-05 9.997E-05 9.997E-05 9.997E-05 0.9996
0.139045 9.99737E-05 9.99737E-05 9.99737E-05 0.860655
9.99737E-05 9.99737E-05 0.107272 9.99737E-05 0.892428
0.207903 9.99824E-05 0.0397957 9.99824E-05 0.752102
9.99736E-05 9.99736E-05 9.99736E-05 0.0322873 0.967413
9.997E-05 9.997E-05 9.997E-05 9.997E-05 0.9996
0.0258015 9.99912E-05 0.0947148 0.0862913 0.793092
0.0411786 9.99825E-05 9.99825E-05 0.126078 0.832543
9.997E-05 9.997E-05 9.997E-05 9.997E-05 0.9996
9.99736E-05 9.99736E-05 9.99736E-05 0.157826 0.841874
9.997E-05 9.997E-05 9.997E-05 9.997E-05 0.9996
9.99736E-05 9.99736E-05 9.99736E-05 0.0894302 0.91027
9.997E-05 9.997E-05 9.997E-05 9.997E-05 0.9996
9.997E-05 9.997E-05 9.997E-05 9.997E-05 0.9996
9.997E-05 9.997E-05 9.997E-05 9.997E-05 0.9996
9.99736E-05 9.99736E-05 9.99736E-05 0.142681 0.857019
9.997E-05 9.997E-05 9.997E-05 9.997E-05 0.9996
9.997E-05 9.997E-05 9.997E-05 9.997E-05 0.9996
9.99736E-05 9.99736E-05 9.99736E-05 0.100904 0.898796
9.99736E-05 9.99736E-05 9.99736E-05 0.089233 0.910467
9.99736E-05 9.99736E-05 9.99736E-05 0.108335 0.891365
9.997E-05 9.997E-05 9.997E-05 9.997E-05 0.9996
9.997E-05 9.997E-05 9.997E-05 9.997E-05 0.9996
0.00828842 9.99824E-05 9.99824E-05 0.19103 0.800482
9.99736E-05 9.99736E-05 9.99736E-05 0.201472 0.798228
9.99824E-05 9.99824E-05 0.224985 0.138842 0.635973
9.99736E-05 9.99736E-05 9.99736E-05 0.143629 0.856071
9.997E-05 9.997E-05 9.997E-05 9.997E-05 0.9996
9.99736E-05 9.99736E-05 9.99736E-05 0.120503 0.879197
9.99736E-05 9.99736E-05 9.99736E-05 0.102213 0.897487
9.99736E-05 9.99736E-05 9.99736E-05 0.0967404 0.90296
9.997E-05 9.997E-05 9.997E-05 9.997E-05 0.9996
9.99736E-05 9.99736E-05 9.99736E-05 0.0973577 0.902342
9.997E-05 9.997E-05 9.997E-05 9.997E-05 0.9996
9.99736E-05 9.99736E-05 9.99736E-05 0.164982 0.834718
9.99736E-05 9.99736E-05 9.99736E-05 0.103995 0.895705
9.997E-05 9.997E-05 9.997E-05 9.997E-05 0.9996
9.997E-05 9.997E-05 9.997E-05 9.997E-05 0.9996
9.997E-05 9.997E-05 9.997E-05 9.997E-05 0.9996
9.99736E-05 9.99736E-05 9.99736E-05 0.14845 0.85125
9.99736E-05 9.99736E-05 9.99736E-05 0.141452 0.858248
9.99736E-05 9.99736E-05 9.99736E-05 0.0679539 0.931746
9.99736E-05 9.99736E-05 9.99736E-05 0.136471 0.86323
9.99736E-05 9.99736E-05 9.99736E-05 0.206361 0.793339
9.997E-05 9.997E-05 9.997E-05 9.997E-05 0.9996
9.997E-05 9.997E-05 9.997E-05 9.997E-05 0.9996
9.997E-05 9.997E-05 9.997E-05 9.997E-05 0.9996
9.99736E-05 9.99736E-05 9.99736E-05 0.0455444 0.954156
9.997E-05 9.997E-05 9.997E-05 9.997E-05 0.9996
9.997E-05 9.997E-05 9.997E-05 9.997E-05 0.9996
9.997E-05 9.997E-05 9.997E-05 9.997E-05 0.9996
9.997E-05 9.997E-05 9.997E-05 9.997E-05 0.9996
9.99736E-05 9.99736E-05 9.99736E-05 0.154276 0.845424
9.997E-05 9.997E-05 9.997E-05 9.997E-05 0.9996
9.997E-05 9.997E-05 9.997E-05 9.997E-05 0.9996
0.0362922 9.99912E-05 0.0679568 0.24235 0.653301
9.99736E-05 9.99736E-05 9.99736E-05 0.114143 0.885557
9.997E-05 9.997E-05 9.997E-05 9.997E-05 0.9996
9.997E-05 9.997E-05 9.997E-05 9.997E-05 0.9996
9.997E-05 9.997E-05 9.997E-05 9.997E-05 0.9996
9.997E-05 9.997E-05 9.997E-05 9.997E-05 0.9996
9.99736E-05 9.99736E-05 9.99736E-05 0.135004 0.864696
9.997E-05 9.997E-05 9.997E-05 9.997E-05 0.9996
9.99736E-05 9.99736E-05 9.99736E-05 0.180491 0.819209
9.997E-05 9.997E-05 9.997E-05 9.997E-05 0.9996
9.99736E-05 9.99736E-05 9.99736E-05 0.11455 0.88515
9.997E-05 9.997E-05 9.997E-05 9.997E-05 0.9996
9.997E-05 9.997E-05 9.997E-05 9.997E-05 0.9996
9.997E-05 9.997E-05 9.997E-05 9.997E-05 0.9996
9.997E-05 9.997E-05 9.997E-05 9.997E-05 0.9996
9.997E-05 9.997E-05 9.997E-05 9.997E-05 0.9996
9.997E-05 9.997E-05 9.997E-05 9.997E-05 0.9996
9.99736E-05 9.99736E-05 9.99736E-05 0.131053 0.868647
9.99736E-05 9.99736E-05 9.99736E-05 0.14704 0.852661
9.99736E-05 9.99736E-05 9.99736E-05 0.137705 0.861995
9.997E-05 9.997E-05 9.997E-05 9.997E-05 0.9996
9.99736E-05 9.99736E-05 9.99736E-05 0.108302 0.891398
9.99736E-05 9.99736E-05 9.99736E-05 0.136432 0.863268
9.99736E-05 9.99736E-05 9.99736E-05 0.145758 0.853942
9.997E-05 9.997E-05 9.997E-05 9.997E-05 0.9996
9.997E-05 9.997E-05 9.997E-05 9.997E-05 0.9996
9.997E-05 9.997E-05 9.997E-05 9.997E-05 0.9996
9.99736E-05 9.99736E-05 9.99736E-05 0.138883 0.860817
9.997E-05 9.997E-05 9.997E-05 9.997E-05 0.9996
9.997E-05 9.997E-05 9.997E-05 9.997E-05 0.9996
9.99736E-05 9.99736E-05 9.99736E-05 0.103995 0.895705
9.997E-05 9.997E-05 9.997E-05 9.997E-05 0.9996
9.997E-05 9.997E-05 9.997E-05 9.997E-05 0.9996
0.233822 9.99824E-05 9.99824E-05 0.036265 0.729713
9.99736E-05 9.99736E-05 9.99736E-05 0.113002 0.886698
9.997E-05 9.997E-05 9.997E-05 9.997E-05 0.9996
0.110772 9.99737E-05 9.99737E-05 9.99737E-05 0.888928
9.99824E-05 9.99824E-05 0.103838 0.0362105 0.859751
9.997E-05 9.997E-05 9.997E-05 9.997E-05 0.9996
0.0392752 9.99912E-05 0.0868433 0.100088 0.773693
9.997E-05 9.997E-05 9.997E-05 9.997E-05 0.9996
9.99825E-05 0.0676187 9.99825E-05 0.000752346 0.931429
9.99824E-05 9.99824E-05 0.0304036 0.0340479 0.935349
0.151089 9.99824E-05 9.99824E-05 0.0647583 0.783953
9.997E-05 9.997E-05 9.997E-05 9.997E-05 0.9996
9.99824E-05 9.99824E-05 0.0655593 0.00355817 0.930683
0.120907 9.99737E-05 9.99737E-05 9.99737E-05 0.878793
9.997E-05 9.997E-05 9.997E-05 9.997E-05 0.9996
9.99736E-05 9.99736E-05 0.188824 9.99736E-05 0.810876
0.00511172 9.99824E-05 9.99824E-05 0.163318 0.83137
9.99736E-05 9.99736E-05 9.99736E-05 0.047627 0.952073
9.997E-05 9.997E-05 9.997E-05 9.997E-05 0.9996
9.99737E-05 9.99737E-05 9.99737E-05 0.0140626 0.985637
0.122597 9.99824E-05 9.99824E-05 0.0339765 0.843226
9.99824E-05 9.99824E-05 0.0126044 0.156276 0.83092
9.99824E-05 9.99824E-05 0.0667602 0.015557 0.917483
9.99736E-05 9.99736E-05 9.99736E-05 0.0726148 0.927085
9.99737E-05 9.99737E-05 0.0679843 9.99737E-05 0.931716
0.0793582 9.99912E-05 0.10146 0.0937993 0.725283
0.0263801 9.99824E-05 9.99824E-05 0.0545627 0.918857
0.091577 9.99824E-05 9.99824E-05 0.0922424 0.815981
9.997E-05 9.997E-05 9.997E-05 9.997E-05 0.9996
0.0119264 9.99912E-05 0.0887509 0.0423139 0.856909
9.99824E-05 9.99824E-05 0.0160848 0.0392358 0.944479
9.99824E-05 9.99824E-05 0.102934 0.142918 0.753948
0.0919105 9.99824E-05 9.99824E-05 0.118718 0.789171
9.99736E-05 9.99736E-05 0.0249449 9.99736E-05 0.974755
9.997E-05 9.997E-05 9.997E-05 9.997E-05 0.9996
9.99736E-05 9.99736E-05 9.99736E-05 0.0361558 0.963544
0.0362664 9.99824E-05 9.99824E-05 0.0260052 0.937528
0.222793 9.99824E-05 0.0218964 9.99824E-05 0.755111
9.99737E-05 9.99737E-05 9.99737E-05 0.0572801 0.94242
9.997E-05 9.997E-05 9.997E-05 9.997E-05 0.9996
0.165165 9.99824E-05 0.0724991 9.99824E-05 0.762136
9.99824E-05 9.99824E-05 0.0320901 0.102812 0.864898
9.99824E-05 9.99824E-05 0.0864536 0.0840023 0.829344
9.99736E-05 9.99736E-05 9.99736E-05 0.0455159 0.954184
9.99825E-05 9.99825E-05 0.0694511 0.0730442 0.857305
9.99824E-05 9.99824E-05 0.0428719 0.0282657 0.928662
9.997E-05 9.997E-05 9.997E-05 9.997E-05 0.9996
9.997E-05 9.997E-05 9.997E-05 9.997E-05 0.9996
0.0617796 9.99824E-05 9.99824E-05 0.0425046 0.895516
9.997E-05 9.997E-05 9.997E-05 9.997E-05 0.9996
0.00884581 9.99824E-05 9.99824E-05 0.0415813 0.949373
9.99737E-05 9.99737E-05 0.000120921 9.99737E-05 0.999579
0.00581006 9.99912E-05 0.125544 0.00366738 0.864879
0.0020356 9.99737E-05 9.99737E-05 9.99737E-05 0.997664
0.0177707 9.99736E-05 9.99736E-05 9.99736E-05 0.981929
0.00558173 9.99824E-05 0.105843 9.99824E-05 0.888375
9.99737E-05 9.99737E-05 0.0466893 9.99737E-05 0.953011
9.99824E-05 9.99824E-05 0.191554 0.0389458 0.7693
9.997E-05 9.997E-05 9.997E-05 9.997E-05 0.9996
9.997E-05 9.997E-05 9.997E-05 9.997E-05 0.9996
9.997E-05 9.997E-05 9.997E-05 9.997E-05 0.9996
9.99737E-05 9.99737E-05 9.99737E-05 0.0768521 0.922848
9.997E-05 9.997E-05 9.997E-05 9.997E-05 0.9996
9.997E-05 9.997E-05 9.997E-05 9.997E-05 0.9996
9.99738E-05 0.00634306 9.99738E-05 9.99738E-05 0.993357
9.99825E-05 0.146035 9.99825E-05 0.0112935 0.842471
0.0848945 9.99737E-05 9.99737E-05 9.99737E-05 0.914806
9.99736E-05 9.99736E-05 9.99736E-05 0.119215 0.880485
9.99825E-05 9.99825E-05 0.02327 0.00461274 0.971917
9.99737E-05 0.0306076 9.99737E-05 9.99737E-05 0.969092
0.0305215 9.99824E-05 9.99824E-05 0.123667 0.845611
0.00386678 9.99824E-05 9.99824E-05 0.0865925 0.909341
9.99737E-05 9.99737E-05 9.99737E-05 0.0653931 0.934307
9.99737E-05 9.99737E-05 9.99737E-05 0.0390047 0.960695
9.99737E-05 0.219823 9.99737E-05 9.99737E-05 0.779877
9.997E-05 9.997E-05 9.997E-05 9.997E-05 0.9996
0.117935 9.99912E-05 0.11088 0.0792709 0.691814
9.997E-05 9.997E-05 9.997E-05 9.997E-05 0.9996
9.997E-05 9.997E-05 9.997E-05 9.997E-05 0.9996
9.99738E-05 0.126896 9.99738E-05 9.99738E-05 0.872804
0.0283416 9.99824E-05 9.99824E-05 0.0411841 0.930274
9.997E-05 9.997E-05 9.997E-05 9.997E-05 0.9996
9.997E-05 9.997E-05 9.997E-05 9.997E-05 0.9996
0.0184206 9.99912E-05 0.115582 0.0147452 0.851152
0.0923938 9.99912E-05 0.00921137 0.11559 0.782705
9.99738E-05 0.0229493 9.99738E-05 9.99738E-05 0.976751
0.00651919 9.99737E-05 9.99737E-05 9.99737E-05 0.993181
9.99736E-05 9.99736E-05 9.99736E-05 0.181621 0.81808
9.997E-05 9.997E-05 9.997E-05 9.997E-05 0.9996
0.121054 9.99824E-05 9.99824E-05 0.119905 0.75884
9.997E-05 9.997E-05 9.997E-05 9.997E-05 0.9996
9.99737E-05 9.99737E-05 9.99737E-05 0.0754603 0.92424
9.99736E-05 9.99736E-05 9.99736E-05 0.0815032 0.918197
0.0241923 9.99825E-05 9.99825E-05 0.229376 0.746232
0.123315 9.99736E-05 9.99736E-05 9.99736E-05 0.876385
9.997E-05 9.997E-05 9.997E-05 9.997E-05 0.9996
0.147079 9.99824E-05 9.99824E-05 0.114829 0.737892
9.997E-05 9.997E-05 9.997E-05 9.997E-05 0.9996
0.0283091 0.0583001 0.0107517 9.99912E-05 0.902539
9.99736E-05 9.99736E-05 0.112632 9.99736E-05 0.887068
0.06768 9.99824E-05 0.0219877 9.99824E-05 0.910132
0.0666313 9.99737E-05 9.99737E-05 9.99737E-05 0.933069
9.99737E-05 9.99737E-05 9.99737E-05 0.0517096 0.94799
0.148596 9.99912E-05 0.179084 0.0457796 0.626441
9.99736E-05 9.99736E-05 9.99736E-05 0.0228923 0.976808
0.161723 9.99824E-05 9.99824E-05 0.141669 0.696408
9.99738E-05 0.0145892 9.99738E-05 9.99738E-05 0.985111
9.99737E-05 0.0733539 9.99737E-05 9.99737E-05 0.926346
9.997E-05 9.997E-05 9.997E-05 9.997E-05 0.9996
0.19207 9.99824E-05 9.99824E-05 0.0458463 0.761883
9.997E-05 9.997E-05 9.997E-05 9.997E-05 0.9996
9.99737E-05 0.0494997 9.99737E-05 9.99737E-05 0.9502
0.0306475 9.99825E-05 9.99825E-05 0.152771 0.816382
0.00976613 9.99825E-05 9.99825E-05 0.133576 0.856458
9.99737E-05 9.99737E-05 9.99737E-05 0.0772392 0.922461
0.0899279 9.99824E-05 9.99824E-05 0.0275986 0.882274
9.99824E-05 9.99824E-05 0.0804046 0.0313024 0.888093
0.0213516 9.99824E-05 9.99824E-05 0.17227 0.806178
9.997E-05 9.997E-05 9.997E-05 9.997E-05 0.9996
9.99736E-05 9.99736E-05 9.99736E-05 0.0229061 0.976794
0.0916202 9.99824E-05 9.99824E-05 0.0778474 0.830332
0.00215171 9.99825E-05 9.99825E-05 0.0921479 0.9055
9.99824E-05 9.99824E-05 0.174187 0.0700363 0.755576
0.143721 9.99736E-05 9.99736E-05 9.99736E-05 0.855979
0.245576 9.99824E-05 9.99824E-05 0.0292235 0.725001
9.99736E-05 9.99736E-05 9.99736E-05 0.0338748 0.965825
0.0854625 9.99825E-05 0.0943583 9.99825E-05 0.819979
9.997E-05 9.997E-05 9.997E-05 9.997E-05 0.9996
0.151481 9.99736E-05 9.99736E-05 9.99736E-05 0.848219
9.99737E-05 9.99737E-05 9.99737E-05 0.0106548 0.989045
9.997E-05 9.997E-05 9.997E-05 9.997E-05 0.9996
0.0934273 9.99736E-05 9.99736E-05 9.99736E-05 0.906273
9.99824E-05 9.99824E-05 0.0446197 0.154141 0.801039
9.99824E-05 0.00966514 0.270742 9.99824E-05 0.719393
9.99737E-05 9.99737E-05 0.220525 9.99737E-05 0.779175
9.99736E-05 9.99736E-05 0.294359 9.99736E-05 0.705342
0.167456 9.99825E-05 0.114128 9.99825E-05 0.718215
0.13039 9.99912E-05 0.178238 0.00551919 0.685753
9.99737E-05 0.296563 9.99737E-05 9.99737E-05 0.703137
0.0338438 9.99824E-05 0.0627039 9.99824E-05 0.903252
9.99737E-05 9.99737E-05 0.307048 9.99737E-05 0.692653
0.0961778 0.343507 0.125566 9.99912E-05 0.434649
9.99824E-05 0.000826816 0.302512 9.99824E-05 0.696461
0.171609 9.99912E-05 0.0877457 0.045475 0.695071
9.99825E-05 0.135472 9.99825E-05 0.238729 0.625599
9.99737E-05 9.99737E-05 0.309782 9.99737E-05 0.689918
9.99737E-05 0.442014 9.99737E-05 9.99737E-05 0.557686
0.258831 0.0508021 9.99825E-05 9.99825E-05 0.690167
9.99824E-05 0.0292915 0.246847 9.99824E-05 0.723662
0.0398974 0.0644709 0.0726368 9.99912E-05 0.822895
9.99912E-05 0.119361 0.197987 0.038765 0.643787
0.345076 9.99825E-05 0.178429 9.99825E-05 0.476295
9.99824E-05 0.11337 0.283749 9.99824E-05 0.602681
0.114224 0.0846687 9.99824E-05 9.99824E-05 0.800908
9.99825E-05 0.164836 0.207876 9.99825E-05 0.627088
0.124692 0.162826 9.99912E-05 0.0802116 0.63217
0.0323669 9.99737E-05 9.99737E-05 9.99737E-05 0.967333
9.99736E-05 9.99736E-05 9.99736E-05 0.0087191 0.990981
9.997E-05 9.997E-05 9.997E-05 9.997E-05 0.9996
9.99736E-05 9.99736E-05 0.0921481 9.99736E-05 0.907552
9.997E-05 9.997E-05 9.997E-05 9.997E-05 0.9996
9.997E-05 9.997E-05 9.997E-05 9.997E-05 0.9996
0.0707586 9.99737E-05 9.99737E-05 9.99737E-05 0.928941
9.997E-05 9.997E-05 9.997E-05 9.997E-05 0.9996
9.997E-05 9.997E-05 9.997E-05 9.997E-05 0.9996
0.0234938 9.99736E-05 9.99736E-05 9.99736E-05 0.976206
0.0696325 9.99824E-05 0.00191779 9.99824E-05 0.92825
9.997E-05 9.997E-05 9.997E-05 9.997E-05 0.9996
0.0265216 9.99736E-05 9.99736E-05 9.99736E-05 0.973178
9.997E-05 9.997E-05 9.997E-05 9.997E-05 0.9996
9.997E-05 9.997E-05 9.997E-05 9.997E-05 0.9996
9.99737E-05 9.99737E-05 0.060285 9.99737E-05 0.939415
0.081372 9.99736E-05 9.99736E-05 9.99736E-05 0.918328
9.997E-05 9.997E-05 9.997E-05 9.997E-05 0.9996
9.997E-05 9.997E-05 9.997E-05 9.997E-05 0.9996
0.18871 9.99737E-05 9.99737E-05 9.99737E-05 0.81099
0.0169845 9.99736E-05 9.99736E-05 9.99736E-05 0.982716
9.997E-05 9.997E-05 9.997E-05 9.997E-05 0.9996
9.997E-05 9.997E-05 9.997E-05 9.997E-05 0.9996
9.99737E-05 9.99737E-05 9.99737E-05 0.106178 0.893522
0.0449006 9.99825E-05 0.0317275 9.99825E-05 0.923172
9.99737E-05 9.99737E-05 0.0217373 9.99737E-05 0.977963
0.0358952 9.99824E-05 0.100598 9.99824E-05 0.863307
9.997E-05 9.997E-05 9.997E-05 9.997E-05 0.9996
9.99736E-05 9.99736E-05 0.0235017 9.99736E-05 0.976198
9.997E-05 9.997E-05 9.997E-05 9.997E-05 0.9996
0.000418745 9.99737E-05 9.99737E-05 9.99737E-05 0.999281
0.00662628 9.99912E-05 0.0960244 0.00137733 0.895872
0.051416 9.99737E-05 9.99737E-05 9.99737E-05 0.948284
9.997E-05 9.997E-05 9.997E-05 9.997E-05 0.9996
9.997E-05 9.997E-05 9.997E-05 9.997E-05 0.9996
9.997E-05 9.997E-05 9.997E-05 9.997E-05 0.9996
9.997E-05 9.997E-05 9.997E-05 9.997E-05 0.9996
0.012264 9.99824E-05 0.0225087 9.99824E-05 0.965027
9.99736E-05 9.99736E-05 0.0355989 9.99736E-05 0.964101
9.997E-05 9.997E-05 9.997E-05 9.997E-05 0.9996
0.0180928 9.99737E-05 9.99737E-05 9.99737E-05 0.981607
9.997E-05 9.997E-05 9.997E-05 9.997E-05 0.9996
9.997E-05 9.997E-05 9.997E-05 9.997E-05 0.9996
0.00102815 9.99737E-05 9.99737E-05 9.99737E-05 0.998672
0.128452 0.185473 0.439734 9.99912E-05 0.246241
9.99824E-05 0.0181957 0.632839 9.99824E-05 0.348766
0.291483 9.99912E-05 0.319684 0.039355 0.349378
0.130413 0.117392 0.477143 9.99912E-05 0.274952
0.027062 0.0517734 0.408359 9.99912E-05 0.512706
0.205559 0.129619 0.344986 9.99912E-05 0.319736
0.0675826 0.12955 0.409016 9.99912E-05 0.393751
9.99824E-05 0.059963 0.640232 9.99824E-05 0.299605
0.125357 9.99824E-05 0.373059 9.99824E-05 0.501384
0.494476 0.176797 0.0416047 0.0413029 0.245819
0.157369 9.99824E-05 0.399761 9.99824E-05 0.44267
0.183855 9.99825E-05 0.469885 9.99825E-05 0.34606
0.123667 0.0830965 0.264776 0.058365 0.470096
0.0690898 0.081122 0.547043 9.99912E-05 0.302645
0.0758327 0.132507 0.626218 9.99912E-05 0.165342
9.99824E-05 0.0552681 0.653226 9.99824E-05 0.291306
0.0869057 0.081169 0.407022 9.99912E-05 0.424804
0.0658986 0.0098418 0.483752 9.99912E-05 0.440407
0.269036 0.00315379 0.236924 9.99912E-05 0.490786
0.235029 0.13122 0.40548 9.99912E-05 0.228171
0.9996 9.997E-05 9.997E-05 9.997E-05 9.997E-05
0.9996 9.997E-05 9.997E-05 9.997E-05 9.997E-05
0.9996 9.997E-05 9.997E-05 9.997E-05 9.997E-05
0.9996 9.997E-05 9.997E-05 9.997E-05 9.997E-05
0.9996 9.997E-05 9.997E-05 9.997E-05 9.997E-05
0.9996 9.997E-05 9.997E-05 9.997E-05 9.997E-05
0.9996 9.997E-05 9.997E-05 9.997E-05 9.997E-05
0.9996 9.997E-05 9.997E-05 9.997E-05 9.997E-05
0.9996 9.997E-05 9.997E-05 9.997E-05 9.997E-05
0.9996 9.997E-05 9.997E-05 9.997E-05 9.997E-05
0.9996 9.997E-05 9.997E-05 9.997E-05 9.997E-05
0.9996 9.997E-05 9.997E-05 9.997E-05 9.997E-05
0.9996 9.997E-05 9.997E-05 9.997E-05 9.997E-05
0.9996 9.997E-05 9.997E-05 9.997E-05 9.997E-05
0.9996 9.997E-05 9.997E-05 9.997E-05 9.997E-05
0.9996 9.997E-05 9.997E-05 9.997E-05 9.997E-05
0.9996 9.997E-05 9.997E-05 9.997E-05 9.997E-05
0.9996 9.997E-05 9.997E-05 9.997E-05 9.997E-05
0.9996 9.997E-05 9.997E-05 9.997E-05 9.997E-05
0.9996 9.997E-05 9.997E-05 9.997E-05 9.997E-05
0.9996 9.997E-05 9.997E-05 9.997E-05 9.997E-05
0.9996 9.997E-05 9.997E-05 9.997E-05 9.997E-05
0.9996 9.997E-05 9.997E-05 9.997E-05 9.997E-05
0.9996 9.997E-05 9.997E-05 9.997E-05 9.997E-05
0.9996 9.997E-05 9.997E-05 9.997E-05 9.997E-05
0.9996 9.997E-05 9.997E-05 9.997E-05 9.997E-05
0.9996 9.997E-05 9.997E-05 9.997E-05 9.997E-05
0.9996 9.997E-05 9.997E-05 9.997E-05 9.997E-05
0.9996 9.997E-05 9.997E-05 9.997E-05 9.997E-05
0.9996 9.997E-05 9.997E-05 9.997E-05 9.997E-05
0.9996 9.997E-05 9.997E-05 9.997E-05 9.997E-05
0.9996 9.997E-05 9.997E-05 9.997E-05 9.997E-05
0.9996 9.997E-05 9.997E-05 9.997E-05 9.997E-05
0.9996 9.997E-05 9.997E-05 9.997E-05 9.997E-05
0.9996 9.997E-05 9.997E-05 9.997E-05 9.997E-05
0.9996 9.997E-05 9.997E-05 9.997E-05 9.997E-05
0.9996 9.997E-05 9.997E-05 9.997E-05 9.997E-05
0.9996 9.997E-05 9.997E-05 9.997E-05 9.997E-05
0.9996 9.997E-05 9.997E-05 9.997E-05 9.997E-05
0.9996 9.997E-05 9.997E-05 9.997E-05 9.997E-05
0.9996 9.997E-05 9.997E-05 9.997E-05 9.997E-05
0.9996 9.997E-05 9.997E-05 9.997E-05 9.997E-05
0.9996 9.997E-05 9.997E-05 9.997E-05 9.997E-05
0.9996 9.997E-05 9.997E-05 9.997E-05 9.997E-05
0.9996 9.997E-05 9.997E-05 9.997E-05 9.997E-05
0.9996 9.997E-05 9.997E-05 9.997E-05 9.997E-05
0.9996 9.997E-05 9.997E-05 9.997E-05 9.997E-05
0.9996 9.997E-05 9.997E-05 9.997E-05 9.997E-05
0.9996 9.997E-05 9.997E-05 9.997E-05 9.997E-05
0.9996 9.997E-05 9.997E-05 9.997E-05 9.997E-05
0.9996 9.997E-05 9.997E-05 9.997E-05 9.997E-05
0.9996 9.997E-05 9.997E-05 9.997E-05 9.997E-05
0.9996 9.997E-05 9.997E-05 9.997E-05 9.997E-05
0.9996 9.997E-05 9.997E-05 9.997E-05 9.997E-05
0.9996 9.997E-05 9.997E-05 9.997E-05 9.997E-05
0.9996 9.997E-05 9.997E-05 9.997E-05 9.997E-05
0.9996 9.997E-05 9.997E-05 9.997E-05 9.997E-05
0.9996 9.997E-05 9.997E-05 9.997E-05 9.997E-05
0.9996 9.997E-05 9.997E-05 9.997E-05 9.997E-05
0.9996 9.997E-05 9.997E-05 9.997E-05 9.997E-05
0.9996 9.997E-05 9.997E-05 9.997E-05 9.997E-05
0.9996 9.997E-05 9.997E-05 9.997E-05 9.997E-05
0.9996 9.997E-05 9.997E-05 9.997E-05 9.997E-05
0.9996 9.997E-05 9.997E-05 9.997E-05 9.997E-05
0.9996 9.997E-05 9.997E-05 9.997E-05 9.997E-05
0.976064 9.99824E-05 0.00399679 0.0197397 9.99824E-05
0.9996 9.997E-05 9.997E-05 9.997E-05 9.997E-05
0.9996 9.997E-05 9.997E-05 9.997E-05 9.997E-05
0.9996 9.997E-05 9.997E-05 9.997E-05 9.997E-05
0.9996 9.997E-05 9.997E-05 9.997E-05 9.997E-05
0.9996 9.997E-05 9.997E-05 9.997E-05 9.997E-05
0.9996 9.997E-05 9.997E-05 9.997E-05 9.997E-05
0.9996 9.997E-05 9.997E-05 9.997E-05 9.997E-05
0.9996 9.997E-05 9.997E-05 9.997E-05 9.997E-05
0.9996 9.997E-05 9.997E-05 9.997E-05 9.997E-05
0.9996 9.997E-05 9.997E-05 9.997E-05 9.997E-05
0.9996 9.997E-05 9.997E-05 9.997E-05 9.997E-05
0.9996 9.997E-05 9.997E-05 9.997E-05 9.997E-05
0.9996 9.997E-05 9.997E-05 9.997E-05 9.997E-05
0.990895 9.99736E-05 0.00880505 9.99736E-05 9.99736E-05
0.996535 9.99736E-05 0.00316499 9.99736E-05 9.99736E-05
0.972657 9.99736E-05 0.0270432 9.99736E-05 9.99736E-05
0.9996 9.997E-05 9.997E-05 9.997E-05 9.997E-05
0.9996 9.997E-05 9.997E-05 9.997E-05 9.997E-05
0.9996 9.997E-05 9.997E-05 9.997E-05 9.997E-05
0.992406 9.99736E-05 9.99736E-05 0.00729416 9.99736E-05
0.9996 9.997E-05 9.997E-05 9.997E-05 9.997E-05
0.9996 9.997E-05 9.997E-05 9.997E-05 9.997E-05
0.9996 9.997E-05 9.997E-05 9.997E-05 9.997E-05
0.9996 9.997E-05 9.997E-05 9.997E-05 9.997E-05
0.9996 9.997E-05 9.997E-05 9.997E-05 9.997E-05
0.9996 9.997E-05 9.997E-05 9.997E-05 9.997E-05
0.9996 9.997E-05 9.997E-05 9.997E-05 9.997E-05
0.941957 9.99824E-05 0.0142936 0.0435495 9.99824E-05
0.9996 9.997E-05 9.997E-05 9.997E-05 9.997E-05
0.9996 9.997E-05 9.997E-05 9.997E-05 9.997E-05
0.9996 9.997E-05 9.997E-05 9.997E-05 9.997E-05
0.859206 9.99736E-05 0.140495 9.99736E-05 9.99736E-05
0.9996 9.997E-05 9.997E-05 9.997E-05 9.997E-05
0.9996 9.997E-05 9.997E-05 9.997E-05 9.997E-05
0.900504 9.99824E-05 0.0606535 0.0386425 9.99824E-05
0.9996 9.997E-05 9.997E-05 9.997E-05 9.997E-05
0.9996 9.997E-05 9.997E-05 9.997E-05 9.997E-05
0.9996 9.997E-05 9.997E-05 9.997E-05 9.997E-05
0.9996 9.997E-05 9.997E-05 9.997E-05 9.997E-05
0.9996 9.997E-05 9.997E-05 9.997E-05 9.997E-05
0.9996 9.997E-05 9.997E-05 9.997E-05 9.997E-05
0.9996 9.997E-05 9.997E-05 9.997E-05 9.997E-05
0.9996 9.997E-05 9.997E-05 9.997E-05 9.997E-05
0.983148 9.99736E-05 9.99736E-05 0.0165522 9.99736E-05
0.9996 9.997E-05 9.997E-05 9.997E-05 9.997E-05
0.997949 9.99736E-05 0.00175129 9.99736E-05 9.99736E-05
0.9996 9.997E-05 9.997E-05 9.997E-05 9.997E-05
0.9996 9.997E-05 9.997E-05 9.997E-05 9.997E-05
0.989699 9.99736E-05 9.99736E-05 0.0100006 9.99736E-05
0.9996 9.997E-05 9.997E-05 9.997E-05 9.997E-05
0.9996 9.997E-05 9.997E-05 9.997E-05 9.997E-05
0.9996 9.997E-05 9.997E-05 9.997E-05 9.997E-05
0.9996 9.997E-05 9.997E-05 9.997E-05 9.997E-05
0.9996 9.997E-05 9.997E-05 9.997E-05 9.997E-05
0.9996 9.997E-05 9.997E-05 9.997E-05 9.997E-05
0.9996 9.997E-05 9.997E-05 9.997E-05 9.997E-05
0.9996 9.997E-05 9.997E-05 9.997E-05 9.997E-05
0.997399 9.99736E-05 9.99736E-05 0.00230147 9.99736E-05
0.9996 9.997E-05 9.997E-05 9.997E-05 9.997E-05
0.9996 9.997E-05 9.997E-05 9.997E-05 9.997E-05
0.9996 9.997E-05 9.997E-05 9.997E-05 9.997E-05
0.9996 9.997E-05 9.997E-05 9.997E-05 9.997E-05
0.9996 9.997E-05 9.997E-05 9.997E-05 9.997E-05
0.9996 9.997E-05 9.997E-05 9.997E-05 9.997E-05
0.516464 9.99824E-05 0.355994 0.127342 9.99824E-05
0.620229 9.99824E-05 0.272599 0.106972 9.99824E-05
0.940627 9.99737E-05 9.99737E-05 0.0590732 9.99737E-05
0.746028 9.99824E-05 0.119332 0.134441 9.99824E-05
0.513669 9.99824E-05 0.205432 0.280699 9.99824E-05
0.526623 9.99824E-05 0.307797 0.165379 9.99824E-05
0.568989 9.99824E-05 0.300832 0.129979 9.99824E-05
0.641442 9.99824E-05 0.0932909 0.265067 9.99824E-05
0.580863 9.99824E-05 0.326561 0.0923756 9.99824E-05
0.537112 9.99824E-05 0.283781 0.178907 9.99824E-05
0.559236 9.99824E-05 0.259321 0.181244 9.99824E-05
0.383214 9.99737E-05 0.616486 9.99737E-05 9.99737E-05
0.790478 9.99736E-05 9.99736E-05 0.209222 9.99736E-05
0.726809 9.99736E-05 9.99736E-05 0.272891 9.99736E-05
0.825774 9.99736E-05 9.99736E-05 0.173926 9.99736E-05
0.873492 9.99736E-05 9.99736E-05 0.126208 9.99736E-05
0.814639 9.99736E-05 9.99736E-05 0.185061 9.99736E-05
0.143085 9.99824E-05 0.770348 0.086368 9.99824E-05
0.342937 9.99824E-05 0.473311 0.183551 9.99824E-05
0.257091 9.99736E-05 0.742609 9.99736E-05 9.99736E-05
0.0799146 9.99736E-05 0.919785 9.99736E-05 9.99736E-05
0.236335 9.99824E-05 0.635007 0.128458 9.99824E-05
0.165818 9.99736E-05 0.833882 9.99736E-05 9.99736E-05
9.99736E-05 9.99736E-05 0.938323 0.0613772 9.99736E-05
9.99736E-05 9.99736E-05 0.965388 0.0343121 9.99736E-05
0.0599482 9.99912E-05 0.784901 0.0343687 0.120682
0.288592 9.99824E-05 0.624074 0.0871339 9.99824E-05
0.0196701 9.99912E-05 0.700226 0.206574 0.0734295
0.0465967 9.99824E-05 0.898663 0.0545399 9.99824E-05
0.215499 9.99824E-05 0.474848 0.309453 9.99824E-05
0.0798419 9.99825E-05 0.505436 0.414523 9.99825E-05
0.0949812 9.99824E-05 0.62364 0.281179 9.99824E-05
0.123296 9.99912E-05 0.61774 0.121766 0.137099
0.0983312 9.99824E-05 0.656652 0.244817 9.99824E-05
9.99737E-05 9.99737E-05 0.873009 0.126691 9.99737E-05
0.379199 9.99912E-05 0.569867 0.0471332 0.00370032
0.0627265 9.99824E-05 0.495606 0.441468 9.99824E-05
0.103493 9.99824E-05 0.422508 0.473799 9.99824E-05
0.00235338 9.99824E-05 0.758912 0.238535 9.99824E-05
0.151657 9.99824E-05 0.38735 0.460793 9.99824E-05
9.997E-05 9.997E-05 0.9996 9.997E-05 9.997E-05
0.197445 9.99824E-05 0.660976 0.141379 9.99824E-05
0.301101 9.99824E-05 0.558383 0.140315 9.99824E-05
0.281496 9.99736E-05 0.718204 9.99736E-05 9.99736E-05
0.320573 9.99824E-05 0.592879 0.0863482 9.99824E-05
0.0289364 9.99824E-05 0.816396 0.154468 9.99824E-05
0.0906827 9.99824E-05 0.675181 0.233937 9.99824E-05
0.0610939 9.99824E-05 0.849881 0.0888248 9.99824E-05
0.30873 9.99912E-05 0.501858 0.188627 0.000684484
0.269874 9.99912E-05 0.56424 0.163375 0.00241159
0.0389453 9.99824E-05 0.798956 0.161899 9.99824E-05
0.0967439 9.99824E-05 0.589371 0.313685 9.99824E-05
0.098344 9.99824E-05 0.790143 0.111313 9.99824E-05
0.108482 9.99824E-05 0.888377 0.00294109 9.99824E-05
0.142229 9.99824E-05 0.737085 0.120486 9.99824E-05
9.99736E-05 9.99736E-05 0.53065 0.46905 9.99736E-05
0.121613 9.99824E-05 0.809253 0.0689339 9.99824E-05
0.0603168 9.99824E-05 0.748322 9.99824E-05 0.191162
9.99736E-05 9.99736E-05 0.822128 0.177572 9.99736E-05
0.026979 9.99824E-05 0.812593 0.160228 9.99824E-05
0.0362418 9.99824E-05 0.942417 9.99824E-05 0.0211415
0.0679566 9.99824E-05 0.811666 0.120177 9.99824E-05
0.12104 9.99824E-05 0.812012 0.0667482 9.99824E-05
9.99736E-05 9.99736E-05 0.821173 0.178527 9.99736E-05
0.340154 9.99824E-05 0.393869 0.265777 9.99824E-05
0.0502072 9.99824E-05 0.84161 0.107983 9.99824E-05
0.00773663 9.99824E-05 0.887485 0.104579 9.99824E-05
0.0308548 9.99824E-05 0.873222 9.99824E-05 0.0957235
0.191959 9.99824E-05 0.738671 9.99824E-05 0.0691694
0.0392557 9.99824E-05 0.854942 0.105602 9.99824E-05
0.0394083 9.99824E-05 0.884998 0.0753942 9.99824E-05
0.186543 9.99824E-05 0.73148 9.99824E-05 0.0817772
0.224177 9.99824E-05 0.476149 0.299474 9.99824E-05
9.99736E-05 9.99736E-05 0.772431 0.227269 9.99736E-05
9.99736E-05 9.99736E-05 0.83724 0.16246 9.99736E-05
9.99824E-05 9.99824E-05 0.784579 0.214746 0.000475579
9.99824E-05 9.99824E-05 0.734892 0.259788 0.00512053
0.150256 9.99824E-05 0.768177 0.0813669 9.99824E-05
0.105031 9.99824E-05 0.826331 0.0684377 9.99824E-05
0.00514932 9.99824E-05 0.535711 0.458939 9.99824E-05
0.072265 9.99824E-05 0.749909 0.177626 9.99824E-05
0.21209 9.99824E-05 0.733258 9.99824E-05 0.0544528
0.111739 9.99824E-05 0.771738 0.116323 9.99824E-05
0.0315832 9.99736E-05 0.968117 9.99736E-05 9.99736E-05
0.13663 9.99824E-05 0.785302 0.0778675 9.99824E-05
9.99736E-05 9.99736E-05 0.762424 0.237276 9.99736E-05
0.0126989 9.99824E-05 0.825146 0.161955 9.99824E-05
9.99736E-05 9.99736E-05 0.841731 0.15797 9.99736E-05
0.123135 9.99824E-05 0.826735 9.99824E-05 0.0499296
0.0527376 9.99824E-05 0.73682 0.210242 9.99824E-05
0.0834812 9.99912E-05 0.697648 0.16451 0.0542612
9.997E-05 9.997E-05 0.9996 9.997E-05 9.997E-05
0.153431 9.99824E-05 0.726459 0.11991 9.99824E-05
0.118219 9.99824E-05 0.874165 0.00741576 9.99824E-05
0.180613 9.99824E-05 0.6786 0.140587 9.99824E-05
0.211225 9.99824E-05 0.653209 0.135365 9.99824E-05
0.181713 9.99824E-05 0.726804 0.0912833 9.99824E-05
0.0450561 9.99912E-05 0.632464 0.173349 0.149031
0.12189 9.99736E-05 0.87781 9.99736E-05 9.99736E-05
0.0964575 9.99824E-05 0.8479 0.0554424 9.99824E-05
0.0310587 9.99824E-05 0.784589 0.184152 9.99824E-05
0.0741803 9.99912E-05 0.712854 0.187897 0.0249683
0.0662246 9.99824E-05 0.870834 0.0627412 9.99824E-05
0.324888 9.99824E-05 0.655969 0.0189426 9.99824E-05
0.362098 9.99736E-05 0.637602 9.99736E-05 9.99736E-05
0.147031 9.99912E-05 0.842845 0.0082473 0.00177655
0.17611 9.99736E-05 0.82359 9.99736E-05 9.99736E-05
0.109475 9.99824E-05 0.83073 0.0595948 9.99824E-05
9.99736E-05 9.99736E-05 0.846315 0.153385 9.99736E-05
0.0546511 9.99824E-05 0.782768 0.162381 9.99824E-05
0.00970136 9.99824E-05 0.959555 0.0305436 9.99824E-05
0.0321845 9.99824E-05 0.498431 0.469184 9.99824E-05
0.364543 9.99824E-05 0.282512 0.352745 9.99824E-05
0.161311 9.99824E-05 0.723874 0.114615 9.99824E-05
0.210448 9.99824E-05 0.514275 0.275077 9.99824E-05
0.261964 9.99912E-05 0.528922 0.201792 0.00722224
0.118437 9.99824E-05 0.726988 0.154375 9.99824E-05
0.0728729 9.99824E-05 0.86554 0.0613875 9.99824E-05
0.0817876 9.99824E-05 0.69033 0.227682 9.99824E-05
0.293002 9.99824E-05 0.535322 0.171476 9.99824E-05
0.0361965 9.99912E-05 0.768238 0.0960349 0.0994305
0.285014 9.99824E-05 0.69635 0.0184355 9.99824E-05
9.99736E-05 9.99736E-05 0.86498 0.134721 9.99736E-05
0.155529 9.99824E-05 0.594573 0.249698 9.99824E-05
9.99825E-05 9.99825E-05 0.937202 0.0252089 0.0373892
0.198641 9.99824E-05 0.753596 0.0475633 9.99824E-05
0.198641 9.99824E-05 0.697589 0.10357 9.99824E-05
0.214106 9.99737E-05 0.785594 9.99737E-05 9.99737E-05
0.184881 9.99824E-05 0.774094 0.0408251 9.99824E-05
0.17525 9.99824E-05 0.762471 0.0620792 9.99824E-05
0.219432 9.99736E-05 0.780268 9.99736E-05 9.99736E-05
9.99736E-05 9.99736E-05 0.779907 0.219793 9.99736E-05
0.106107 9.99824E-05 0.735686 0.158007 9.99824E-05
0.121172 9.99736E-05 0.878528 9.99736E-05 9.99736E-05
0.0983231 9.99824E-05 0.85225 0.049227 9.99824E-05
0.108409 9.99737E-05 0.891291 9.99737E-05 9.99737E-05
0.109072 9.99824E-05 0.680691 0.210037 9.99824E-05
0.120341 9.99824E-05 0.71764 0.161819 9.99824E-05
0.429604 9.99737E-05 0.570096 9.99737E-05 9.99737E-05
0.0734047 9.99824E-05 0.865109 0.0612866 9.99824E-05
0.166975 9.99824E-05 0.426391 0.406434 9.99824E-05
0.102036 9.99824E-05 0.761624 0.13614 9.99824E-05
0.0170089 9.99824E-05 0.866035 0.116756 9.99824E-05
0.0251498 9.99912E-05 0.842162 0.11897 0.0136182
0.210274 9.99824E-05 0.663065 0.126461 9.99824E-05
0.315951 9.99824E-05 0.621739 0.0621096 9.99824E-05
0.194472 9.99824E-05 0.628124 0.177204 9.99824E-05
9.99736E-05 9.99736E-05 0.876431 0.123269 9.99736E-05
0.118335 9.99824E-05 0.737428 0.144038 9.99824E-05
0.214521 9.99824E-05 0.419803 0.365476 9.99824E-05
0.0296095 9.99824E-05 0.870546 0.0996447 9.99824E-05
9.99736E-05 9.99736E-05 0.895668 0.104032 9.99736E-05
0.000658175 9.99824E-05 0.863873 0.135269 9.99824E-05
0.282738 9.99824E-05 0.532632 0.18443 9.99824E-05
0.0570625 9.99824E-05 0.732886 0.209852 9.99824E-05
0.0421255 9.99736E-05 0.957575 9.99736E-05 9.99736E-05
9.99824E-05 9.99824E-05 0.883081 0.0952206 0.0214984
0.237424 9.99824E-05 0.676822 0.0855538 9.99824E-05
0.0803126 9.99824E-05 0.64268 0.276808 9.99824E-05
0.049237 9.99824E-05 0.59886 0.351703 9.99824E-05
0.0453377 9.99824E-05 0.260757 0.693705 9.99824E-05
0.473485 9.99824E-05 0.459116 0.0671988 9.99824E-05
0.277048 9.99824E-05 0.477827 0.244926 9.99824E-05
0.0772875 9.99824E-05 0.207614 0.714899 9.99824E-05
0.352047 9.99824E-05 0.41986 0.227893 9.99824E-05
0.498648 9.99736E-05 0.501052 9.99736E-05 9.99736E-05
0.215566 9.99824E-05 0.68261 0.101623 9.99824E-05
0.39843 9.99824E-05 0.351119 0.250251 9.99824E-05
0.12605 9.99824E-05 0.614306 0.259444 9.99824E-05
0.201643 9.99824E-05 0.441634 0.356523 9.99824E-05
0.284806 9.99824E-05 0.437119 0.277875 9.99824E-05
0.316388 9.99824E-05 0.539449 0.143964 9.99824E-05
0.241176 9.99824E-05 0.423281 0.335343 9.99824E-05
9.99736E-05 9.99736E-05 0.415983 0.583717 9.99736E-05
0.267992 9.99824E-05 0.421993 0.309815 9.99824E-05
0.169238 9.99824E-05 0.576951 0.253611 9.99824E-05
0.280005 9.99824E-05 0.475486 0.244308 9.99824E-05
0.554333 9.99824E-05 0.200092 0.245375 9.99824E-05
0.0408191 9.99824E-05 0.432616 0.526365 9.99824E-05
0.0415383 9.99824E-05 0.64543 0.312832 9.99824E-05
0.367402 9.99824E-05 0.409594 0.222804 9.99824E-05
0.202067 9.99824E-05 0.554583 0.243151 9.99824E-05
0.299516 9.99824E-05 0.579488 0.120796 9.99824E-05
0.486721 9.99824E-05 0.14227 0.370809 9.99824E-05
0.334695 9.99824E-05 0.4827 0.182404 9.99824E-05
0.717286 9.99737E-05 9.99737E-05 0.282414 9.99737E-05
0.150794 9.99824E-05 0.588505 0.260501 9.99824E-05
0.618194 9.99737E-05 9.99737E-05 0.381506 9.99737E-05
0.0297457 9.99824E-05 0.69952 0.270534 9.99824E-05
9.99737E-05 9.99737E-05 0.963487 0.0362132 9.99737E-05
0.0535454 9.99824E-05 0.69862 0.247635 9.99824E-05
0.125286 9.99824E-05 0.734271 0.140243 9.99824E-05
9.99736E-05 9.99736E-05 0.831825 0.167875 9.99736E-05
0.173021 9.99824E-05 0.759284 0.0674949 9.99824E-05
0.123067 9.99912E-05 0.715349 0.127673 0.0338112
0.196663 9.99824E-05 0.573438 0.2297 9.99824E-05
0.240717 9.99824E-05 0.561851 0.197232 9.99824E-05
0.166195 9.99824E-05 0.659596 0.174009 9.99824E-05
0.0901158 9.99824E-05 0.771785 0.137899 9.99824E-05
0.0732033 9.99824E-05 0.850636 0.0759608 9.99824E-05
0.0288366 9.99824E-05 0.8134 0.157564 9.99824E-05
9.99736E-05 9.99736E-05 0.893237 0.106463 9.99736E-05
0.0723966 9.99824E-05 0.92312 0.00428379 9.99824E-05
0.038423 9.99824E-05 0.781238 0.180139 9.99824E-05
9.99737E-05 9.99737E-05 0.835767 0.163933 9.99737E-05
9.99736E-05 9.99736E-05 0.782162 0.217538 9.99736E-05
0.29096 9.99912E-05 0.515502 0.11645 0.0769885
9.99736E-05 9.99736E-05 0.872867 0.126833 9.99736E-05
9.99736E-05 9.99736E-05 0.847428 0.152273 9.99736E-05
0.286484 9.99824E-05 0.683786 0.0295293 9.99824E-05
9.99824E-05 9.99824E-05 0.871099 0.120536 0.0081651
