9.98156E-05 0.105973 0.286174 0.0205828 9.98156E-05 9.98156E-05 9.98156E-05 0.185451 9.98156E-05 9.98156E-05 9.98156E-05 9.98156E-05 9.98156E-05 9.98156E-05 9.98156E-05 9.98156E-05 9.98156E-05 0.135183 9.98156E-05 9.98156E-05 9.98156E-05 9.98156E-05 9.98156E-05 9.98156E-05 9.98156E-05 0.191227 0.0733129 9.98156E-05
9.97721E-05 9.97721E-05 9.97721E-05 9.97721E-05 9.97721E-05 9.97721E-05 9.97721E-05 9.97721E-05 9.97721E-05 9.97721E-05 9.97721E-05 9.97721E-05 9.97721E-05 0.946743 9.97721E-05 9.97721E-05 9.97721E-05 9.97721E-05 9.97721E-05 9.97721E-05 9.97721E-05 9.97721E-05 9.97721E-05 9.97721E-05 9.97721E-05 9.97721E-05 0.0506626 9.97721E-05
0.788138 9.97983E-05 0.136723 9.97983E-05 9.97983E-05 9.97983E-05 9.97983E-05 9.97983E-05 9.97983E-05 9.97983E-05 9.97983E-05 0.0417425 9.97983E-05 9.97983E-05 9.97983E-05 9.97983E-05 9.97983E-05 0.022355 9.97983E-05 9.97983E-05 0.00874619 9.97983E-05 9.97983E-05 9.97983E-05 9.97983E-05 9.97983E-05 9.97983E-05 9.97983E-05
9.98421E-05 9.98421E-05 9.98421E-05 9.98421E-05 9.98421E-05 9.98421E-05 0.0826952 0.0657819 9.98421E-05 9.98421E-05 9.98421E-05 9.98421E-05 0.185834 9.98421E-05 0.000499867 0.0952121 9.98421E-05 9.98421E-05 9.98421E-05 9.98421E-05 9.98421E-05 0.0511551 0.0251425 9.98421E-05 0.00215049 0.458699 9.98421E-05 0.0310323
0.177695 9.9807E-05 9.9807E-05 9.9807E-05 9.9807E-05 9.9807E-05 9.9807E-05 0.000457752 0.00103196 0.0179075 9.9807E-05 9.9807E-05 9.9807E-05 0.758542 9.9807E-05 9.9807E-05 9.9807E-05 9.9807E-05 9.9807E-05 9.9807E-05 9.9807E-05 9.9807E-05 9.9807E-05 0.0421694 9.9807E-05 9.9807E-05 9.9807E-05 9.9807E-05
9.98159E-05 9.98159E-05 9.98159E-05 0.136034 9.98159E-05 9.98159E-05 9.98159E-05 9.98159E-05 9.98159E-05 0.0774124 9.98159E-05 9.98159E-05 9.98159E-05 9.98159E-05 0.0908475 9.98159E-05 9.98159E-05 9.98159E-05 9.98159E-05 9.98159E-05 9.98159E-05 9.98159E-05 0.145774 0.14015 9.98159E-05 0.368548 0.0391387 9.98159E-05
9.98334E-05 9.98334E-05 9.98334E-05 9.98334E-05 9.98334E-05 0.0369886 0.015941 0.0659333 0.0585297 9.98334E-05 9.98334E-05 9.98334E-05 9.98334E-05 9.98334E-05 9.98334E-05 9.98334E-05 9.98334E-05 9.98334E-05 9.98334E-05 9.98334E-05 0.113827 0.0949505 9.98334E-05 0.0532578 9.98334E-05 0.397404 0.161271 9.98334E-05
9.98422E-05 0.0325769 0.083908 9.98422E-05 0.132492 9.98422E-05 9.98422E-05 0.104707 9.98422E-05 0.0346872 0.0141537 9.98422E-05 9.98422E-05 9.98422E-05 0.143649 9.98422E-05 9.98422E-05 9.98422E-05 9.98422E-05 9.98422E-05 9.98422E-05 9.98422E-05 9.98422E-05 0.101067 0.10952 0.241442 9.98422E-05 9.98422E-05
0.00670048 9.98333E-05 9.98333E-05 9.98333E-05 9.98333E-05 0.127227 0.0242848 9.98333E-05 9.98333E-05 0.018778 9.98333E-05 9.98333E-05 9.98333E-05 9.98333E-05 0.227683 9.98333E-05 9.98333E-05 0.204655 9.98333E-05 9.98333E-05 9.98333E-05 9.98333E-05 9.98333E-05 9.98333E-05 0.00712381 0.374995 0.00665646 9.98333E-05
0.933069 9.9772E-05 9.9772E-05 9.9772E-05 9.9772E-05 9.9772E-05 9.9772E-05 9.9772E-05 9.9772E-05 9.9772E-05 9.9772E-05 9.9772E-05 9.9772E-05 9.9772E-05 9.9772E-05 9.9772E-05 9.9772E-05 9.9772E-05 9.9772E-05 9.9772E-05 9.9772E-05 9.9772E-05 9.9772E-05 9.9772E-05 9.9772E-05 0.0643367 9.9772E-05 9.9772E-05
9.97806E-05 9.97806E-05 9.97806E-05 9.97806E-05 9.97806E-05 9.97806E-05 9.97806E-05 9.97806E-05 9.97806E-05 9.97806E-05 9.97806E-05 9.97806E-05 9.97806E-05 9.97806E-05 9.97806E-05 9.97806E-05 9.97806E-05 0.0534688 9.97806E-05 9.97806E-05 9.97806E-05 0.10353 9.97806E-05 9.97806E-05 9.97806E-05 0.840507 9.97806E-05 9.97806E-05
0.95515 9.97721E-05 9.97721E-05 9.97721E-05 9.97721E-05 9.97721E-05 9.97721E-05 9.97721E-05 9.97721E-05 9.97721E-05 9.97721E-05 9.97721E-05 0.042256 9.97721E-05 9.97721E-05 9.97721E-05 9.97721E-05 9.97721E-05 9.97721E-05 9.97721E-05 9.97721E-05 9.97721E-05 9.97721E-05 9.97721E-05 9.97721E-05 9.97721E-05 9.97721E-05 9.97721E-05
0.181275 9.97895E-05 0.160022 9.97895E-05 9.97895E-05 9.97895E-05 9.97895E-05 0.0213539 9.97895E-05 9.97895E-05 9.97895E-05 9.97895E-05 9.97895E-05 9.97895E-05 9.97895E-05 9.97895E-05 9.97895E-05 9.97895E-05 9.97895E-05 9.97895E-05 9.97895E-05 9.97895E-05 9.97895E-05 9.97895E-05 9.97895E-05 0.634954 9.97895E-05 9.97895E-05
9.97896E-05 9.97896E-05 0.865569 9.97896E-05 9.97896E-05 9.97896E-05 9.97896E-05 9.97896E-05 9.97896E-05 0.075305 9.97896E-05 9.97896E-05 9.97896E-05 9.97896E-05 9.97896E-05 9.97896E-05 9.97896E-05 0.0236498 9.97896E-05 9.97896E-05 9.97896E-05 0.0330811 9.97896E-05 9.97896E-05 9.97896E-05 9.97896E-05 9.97896E-05 9.97896E-05
0.316512 9.98247E-05 9.98247E-05 0.209762 9.98247E-05 9.98247E-05 9.98247E-05 0.0448916 0.0733774 9.98247E-05 9.98247E-05 9.98247E-05 9.98247E-05 9.98247E-05 0.12237 9.98247E-05 0.0928582 0.0950718 9.98247E-05 9.98247E-05 9.98247E-05 9.98247E-05 0.0431606 9.98247E-05 9.98247E-05 9.98247E-05 9.98247E-05 9.98247E-05
9.98244E-05 9.98244E-05 9.98244E-05 0.0903751 0.0522826 9.98244E-05 9.98244E-05 0.0815366 9.98244E-05 9.98244E-05 9.98244E-05 0.0266142 0.147677 0.339098 0.176148 9.98244E-05 9.98244E-05 0.0842731 9.98244E-05 9.98244E-05 9.98244E-05 9.98244E-05 9.98244E-05 9.98244E-05 9.98244E-05 9.98244E-05 9.98244E-05 9.98244E-05
0.268345 0.000454519 9.98247E-05 9.98247E-05 9.98247E-05 9.98247E-05 9.98247E-05 9.98247E-05 0.0254906 9.98247E-05 9.98247E-05 9.98247E-05 9.98247E-05 0.412881 9.98247E-05 9.98247E-05 9.98247E-05 0.0617229 9.98247E-05 0.141364 9.98247E-05 9.98247E-05 9.98247E-05 9.98247E-05 0.0674305 9.98247E-05 0.0203153 9.98247E-05
9.98245E-05 9.98245E-05 9.98245E-05 0.165205 9.98245E-05 9.98245E-05 0.0082625 0.0740855 9.98245E-05 9.98245E-05 0.133689 9.98245E-05 9.98245E-05 9.98245E-05 0.00482544 9.98245E-05 9.98245E-05 0.149748 0.0742678 9.98245E-05 9.98245E-05 9.98245E-05 9.98245E-05 9.98245E-05 9.98245E-05 0.387921 9.98245E-05 9.98245E-05
0.15143 9.98333E-05 9.98333E-05 9.98333E-05 9.98333E-05 9.98333E-05 9.98333E-05 0.118123 9.98333E-05 9.98333E-05 9.98333E-05 0.0554802 0.00800907 9.98333E-05 0.107844 9.98333E-05 0.00311759 0.170614 9.98333E-05 9.98333E-05 9.98333E-05 9.98333E-05 9.98333E-05 0.163085 9.98333E-05 0.220401 9.98333E-05 9.98333E-05
0.526932 9.9772E-05 9.9772E-05 9.9772E-05 9.9772E-05 9.9772E-05 9.9772E-05 9.9772E-05 9.9772E-05 9.9772E-05 9.9772E-05 9.9772E-05 9.9772E-05 9.9772E-05 9.9772E-05 9.9772E-05 9.9772E-05 9.9772E-05 9.9772E-05 9.9772E-05 9.9772E-05 9.9772E-05 9.9772E-05 9.9772E-05 9.9772E-05 0.470474 9.9772E-05 9.9772E-05
9.98159E-05 9.98159E-05 9.98159E-05 9.98159E-05 9.98159E-05 9.98159E-05 0.0471734 9.98159E-05 9.98159E-05 9.98159E-05 9.98159E-05 9.98159E-05 9.98159E-05 9.98159E-05 0.122559 9.98159E-05 9.98159E-05 0.0122645 0.0356791 9.98159E-05 9.98159E-05 0.0353828 9.98159E-05 9.98159E-05 0.155598 0.589247 9.98159E-05 9.98159E-05
0.272767 9.98159E-05 9.98159E-05 9.98159E-05 9.98159E-05 9.98159E-05 9.98159E-05 0.358107 9.98159E-05 0.0336651 9.98159E-05 9.98159E-05 9.98159E-05 9.98159E-05 0.130042 9.98159E-05 9.98159E-05 9.98159E-05 9.98159E-05 9.98159E-05 9.98159E-05 9.98159E-05 9.98159E-05 0.117338 9.98159E-05 0.050939 9.98159E-05 0.0350452
9.98072E-05 9.98072E-05 0.740423 0.124556 9.98072E-05 9.98072E-05 9.98072E-05 9.98072E-05 9.98072E-05 9.98072E-05 9.98072E-05 9.98072E-05 0.0352106 9.98072E-05 0.0213051 9.98072E-05 9.98072E-05 0.0532032 9.98072E-05 9.98072E-05 9.98072E-05 0.0231061 9.98072E-05 9.98072E-05 9.98072E-05 9.98072E-05 9.98072E-05 9.98072E-05
9.97981E-05 9.97981E-05 9.97981E-05 9.97981E-05 0.0241977 0.0733067 9.97981E-05 0.310341 9.97981E-05 9.97981E-05 9.97981E-05 9.97981E-05 9.97981E-05 9.97981E-05 9.97981E-05 9.97981E-05 9.97981E-05 0.142714 9.97981E-05 9.97981E-05 9.97981E-05 9.97981E-05 9.97981E-05 9.97981E-05 9.97981E-05 0.447145 9.97981E-05 9.97981E-05
9.98331E-05 9.98331E-05 0.358355 9.98331E-05 9.98331E-05 9.98331E-05 9.98331E-05 0.030279 9.98331E-05 9.98331E-05 9.98331E-05 9.98331E-05 0.0252811 9.98331E-05 0.0427922 0.106983 0.0795382 0.247021 9.98331E-05 9.98331E-05 9.98331E-05 9.98331E-05 0.104506 9.98331E-05 9.98331E-05 0.00334789 9.98331E-05 9.98331E-05
9.98071E-05 9.98071E-05 0.768977 9.98071E-05 9.98071E-05 9.98071E-05 9.98071E-05 0.0135086 9.98071E-05 9.98071E-05 9.98071E-05 9.98071E-05 0.0774254 9.98071E-05 9.98071E-05 9.98071E-05 9.98071E-05 0.108424 9.98071E-05 9.98071E-05 9.98071E-05 0.00429383 9.98071E-05 9.98071E-05 0.0251749 9.98071E-05 9.98071E-05 9.98071E-05
9.9807E-05 9.9807E-05 0.0705526 9.9807E-05 0.0465444 9.9807E-05 9.9807E-05 0.387757 9.9807E-05 9.9807E-05 0.116757 9.9807E-05 9.9807E-05 9.9807E-05 9.9807E-05 9.9807E-05 9.9807E-05 0.0922229 9.9807E-05 9.9807E-05 9.9807E-05 9.9807E-05 0.28397 9.9807E-05 9.9807E-05 9.9807E-05 9.9807E-05 9.9807E-05
9.97721E-05 9.97721E-05 0.929535 9.97721E-05 9.97721E-05 9.97721E-05 9.97721E-05 9.97721E-05 9.97721E-05 9.97721E-05 9.97721E-05 9.97721E-05 0.067871 9.97721E-05 9.97721E-05 9.97721E-05 9.97721E-05 9.97721E-05 9.97721E-05 9.97721E-05 9.97721E-05 9.97721E-05 9.97721E-05 9.97721E-05 9.97721E-05 9.97721E-05 9.97721E-05 9.97721E-05
0.43502 9.9816E-05 0.0130271 9.9816E-05 9.9816E-05 9.9816E-05 9.9816E-05 0.111077 9.9816E-05 9.9816E-05 9.9816E-05 9.9816E-05 9.9816E-05 0.135449 9.9816E-05 9.9816E-05 9.9816E-05 0.163777 9.9816E-05 9.9816E-05 9.9816E-05 9.9816E-05 0.0274312 9.9816E-05 9.9816E-05 0.112123 9.9816E-05 9.9816E-05
9.98071E-05 9.98071E-05 0.845152 9.98071E-05 9.98071E-05 9.98071E-05 9.98071E-05 9.98071E-05 9.98071E-05 9.98071E-05 9.98071E-05 0.0173187 9.98071E-05 0.0545233 0.0292998 9.98071E-05 9.98071E-05 0.0467118 9.98071E-05 9.98071E-05 9.98071E-05 9.98071E-05 9.98071E-05 0.00479908 9.98071E-05 9.98071E-05 9.98071E-05 9.98071E-05
0.776679 9.98159E-05 9.98159E-05 0.00998717 9.98159E-05 9.98159E-05 9.98159E-05 9.98159E-05 9.98159E-05 9.98159E-05 9.98159E-05 0.037366 9.98159E-05 9.98159E-05 0.0143417 0.036124 9.98159E-05 0.00263459 9.98159E-05 9.98159E-05 9.98159E-05 0.120771 9.98159E-05 9.98159E-05 9.98159E-05 9.98159E-05 9.98159E-05 9.98159E-05
9.98071E-05 9.98071E-05 9.98071E-05 9.98071E-05 9.98071E-05 9.98071E-05 9.98071E-05 9.98071E-05 9.98071E-05 9.98071E-05 9.98071E-05 9.98071E-05 9.98071E-05 9.98071E-05 9.98071E-05 9.98071E-05 9.98071E-05 0.0300162 9.98071E-05 9.98071E-05 9.98071E-05 0.0161993 0.103584 0.00355353 0.0615987 0.782852 9.98071E-05 9.98071E-05
9.98069E-05 9.98069E-05 9.98069E-05 9.98069E-05 0.0447005 9.98069E-05 9.98069E-05 0.081403 9.98069E-05 9.98069E-05 9.98069E-05 9.98069E-05 0.0207594 9.98069E-05 9.98069E-05 9.98069E-05 9.98069E-05 0.0508094 9.98069E-05 9.98069E-05 9.98069E-05 0.0487774 9.98069E-05 9.98069E-05 9.98069E-05 0.751354 9.98069E-05 9.98069E-05
0.430196 9.98421E-05 9.98421E-05 9.98421E-05 9.98421E-05 9.98421E-05 9.98421E-05 0.133808 0.00926361 9.98421E-05 0.00253273 0.0271049 0.00890851 0.184153 9.98421E-05 9.98421E-05 9.98421E-05 0.110267 9.98421E-05 9.98421E-05 0.00360582 9.98421E-05 0.088362 9.98421E-05 9.98421E-05 9.98421E-05 9.98421E-05 9.98421E-05
0.866979 9.97898E-05 9.97898E-05 9.97898E-05 9.97898E-05 9.97898E-05 9.97898E-05 9.97898E-05 9.97898E-05 9.97898E-05 9.97898E-05 9.97898E-05 9.97898E-05 9.97898E-05 9.97898E-05 0.064413 9.97898E-05 9.97898E-05 9.97898E-05 9.97898E-05 9.97898E-05 0.0143034 9.97898E-05 9.97898E-05 9.97898E-05 9.97898E-05 0.0519101 9.97898E-05
0.171773 0.047753 9.98071E-05 9.98071E-05 9.98071E-05 9.98071E-05 9.98071E-05 9.98071E-05 9.98071E-05 9.98071E-05 9.98071E-05 9.98071E-05 0.0399181 9.98071E-05 9.98071E-05 9.98071E-05 9.98071E-05 0.0236672 9.98071E-05 9.98071E-05 9.98071E-05 9.98071E-05 9.98071E-05 9.98071E-05 0.112077 0.602616 9.98071E-05 9.98071E-05
9.9772E-05 9.9772E-05 0.943806 9.9772E-05 9.9772E-05 9.9772E-05 9.9772E-05 9.9772E-05 9.9772E-05 9.9772E-05 9.9772E-05 9.9772E-05 9.9772E-05 9.9772E-05 9.9772E-05 9.9772E-05 9.9772E-05 9.9772E-05 9.9772E-05 9.9772E-05 9.9772E-05 9.9772E-05 9.9772E-05 0.0535999 9.9772E-05 9.9772E-05 9.9772E-05 9.9772E-05
0.0208997 9.98335E-05 0.309543 9.98335E-05 9.98335E-05 9.98335E-05 9.98335E-05 9.98335E-05 9.98335E-05 9.98335E-05 9.98335E-05 9.98335E-05 0.00585312 0.253229 0.127057 0.0189876 9.98335E-05 0.0519017 9.98335E-05 9.98335E-05 9.98335E-05 9.98335E-05 9.98335E-05 9.98335E-05 9.98335E-05 0.208941 0.0016909 9.98335E-05
0.618752 9.9816E-05 9.9816E-05 9.9816E-05 9.9816E-05 9.9816E-05 9.9816E-05 9.9816E-05 9.9816E-05 0.0942811 9.9816E-05 9.9816E-05 9.9816E-05 9.9816E-05 9.9816E-05 9.9816E-05 9.9816E-05 0.115431 9.9816E-05 0.0650945 9.9816E-05 0.0345855 9.9816E-05 0.00542923 9.9816E-05 9.9816E-05 0.0643305 9.9816E-05
9.97894E-05 9.97894E-05 9.97894E-05 9.97894E-05 0.0256363 9.97894E-05 9.97894E-05 9.97894E-05 9.97894E-05 9.97894E-05 9.97894E-05 9.97894E-05 9.97894E-05 0.809516 9.97894E-05 9.97894E-05 9.97894E-05 0.0563774 9.97894E-05 9.97894E-05 9.97894E-05 9.97894E-05 0.106076 9.97894E-05 9.97894E-05 9.97894E-05 9.97894E-05 9.97894E-05
0.940226 9.97808E-05 9.97808E-05 9.97808E-05 9.97808E-05 9.97808E-05 9.97808E-05 0.00967961 9.97808E-05 9.97808E-05 9.97808E-05 9.97808E-05 9.97808E-05 9.97808E-05 9.97808E-05 9.97808E-05 9.97808E-05 9.97808E-05 9.97808E-05 9.97808E-05 9.97808E-05 0.0476 9.97808E-05 9.97808E-05 9.97808E-05 9.97808E-05 9.97808E-05 9.97808E-05
0.593117 9.97984E-05 0.0167722 9.97984E-05 9.97984E-05 0.00954924 9.97984E-05 0.310553 9.97984E-05 9.97984E-05 9.97984E-05 9.97984E-05 9.97984E-05 9.97984E-05 9.97984E-05 9.97984E-05 9.97984E-05 0.0677129 9.97984E-05 9.97984E-05 9.97984E-05 9.97984E-05 9.97984E-05 9.97984E-05 9.97984E-05 9.97984E-05 9.97984E-05 9.97984E-05
9.97633E-05 9.97633E-05 0.997306 9.97633E-05 9.97633E-05 9.97633E-05 9.97633E-05 9.97633E-05 9.97633E-05 9.97633E-05 9.97633E-05 9.97633E-05 9.97633E-05 9.97633E-05 9.97633E-05 9.97633E-05 9.97633E-05 9.97633E-05 9.97633E-05 9.97633E-05 9.97633E-05 9.97633E-05 9.97633E-05 9.97633E-05 9.97633E-05 9.97633E-05 9.97633E-05 9.97633E-05
0.442905 9.98158E-05 9.98158E-05 0.112347 9.98158E-05 0.0772563 9.98158E-05 0.0566775 9.98158E-05 9.98158E-05 9.98158E-05 9.98158E-05 9.98158E-05 9.98158E-05 0.0528025 9.98158E-05 9.98158E-05 0.175934 9.98158E-05 9.98158E-05 9.98158E-05 0.0799818 9.98158E-05 9.98158E-05 9.98158E-05 9.98158E-05 9.98158E-05 9.98158E-05
9.98073E-05 9.98073E-05 9.98073E-05 9.98073E-05 9.98073E-05 9.98073E-05 9.98073E-05 0.229972 0.192465 0.079804 9.98073E-05 9.98073E-05 9.98073E-05 9.98073E-05 9.98073E-05 9.98073E-05 9.98073E-05 0.131066 9.98073E-05 9.98073E-05 9.98073E-05 9.98073E-05 9.98073E-05 0.0527764 9.98073E-05 0.311721 9.98073E-05 9.98073E-05
0.834921 9.98069E-05 9.98069E-05 9.98069E-05 9.98069E-05 9.98069E-05 0.00904086 9.98069E-05 9.98069E-05 9.98069E-05 9.98069E-05 9.98069E-05 0.0220211 0.00817555 9.98069E-05 9.98069E-05 9.98069E-05 9.98069E-05 0.0381918 9.98069E-05 9.98069E-05 9.98069E-05 9.98069E-05 9.98069E-05 9.98069E-05 0.0854539 9.98069E-05 9.98069E-05
9.97719E-05 9.97719E-05 9.97719E-05 9.97719E-05 9.97719E-05 9.97719E-05 9.97719E-05 9.97719E-05 9.97719E-05 9.97719E-05 9.97719E-05 9.97719E-05 9.97719E-05 0.229313 9.97719E-05 9.97719E-05 9.97719E-05 9.97719E-05 9.97719E-05 9.97719E-05 9.97719E-05 9.97719E-05 9.97719E-05 9.97719E-05 9.97719E-05 0.768092 9.97719E-05 9.97719E-05
0.94457 9.97721E-05 9.97721E-05 9.97721E-05 9.97721E-05 9.97721E-05 9.97721E-05 9.97721E-05 9.97721E-05 9.97721E-05 9.97721E-05 9.97721E-05 9.97721E-05 0.0528359 9.97721E-05 9.97721E-05 9.97721E-05 9.97721E-05 9.97721E-05 9.97721E-05 9.97721E-05 9.97721E-05 9.97721E-05 9.97721E-05 9.97721E-05 9.97721E-05 9.97721E-05 9.97721E-05
0.0926064 9.98069E-05 9.98069E-05 9.98069E-05 9.98069E-05 9.98069E-05 9.98069E-05 0.184742 9.98069E-05 9.98069E-05 9.98069E-05 9.98069E-05 0.0309169 0.522268 9.98069E-05 9.98069E-05 9.98069E-05 0.0641415 9.98069E-05 9.98069E-05 9.98069E-05 9.98069E-05 9.98069E-05 9.98069E-05 9.98069E-05 0.103129 9.98069E-05 9.98069E-05
9.97634E-05 9.97634E-05 9.97634E-05 9.97634E-05 9.97634E-05 9.97634E-05 9.97634E-05 9.97634E-05 9.97634E-05 9.97634E-05 9.97634E-05 9.97634E-05 9.97634E-05 0.997306 9.97634E-05 9.97634E-05 9.97634E-05 9.97634E-05 9.97634E-05 9.97634E-05 9.97634E-05 9.97634E-05 9.97634E-05 9.97634E-05 9.97634E-05 9.97634E-05 9.97634E-05 9.97634E-05
9.98332E-05 9.98332E-05 9.98332E-05 0.00817014 9.98332E-05 9.98332E-05 9.98332E-05 0.0162354 9.98332E-05 9.98332E-05 9.98332E-05 9.98332E-05 9.98332E-05 9.98332E-05 0.0364185 0.0615587 9.98332E-05 0.171695 9.98332E-05 9.98332E-05 9.98332E-05 0.0559633 0.12178 9.98332E-05 9.98332E-05 0.454617 9.98332E-05 0.071665
9.97983E-05 9.97983E-05 9.97983E-05 9.97983E-05 9.97983E-05 0.0685708 9.97983E-05 0.0757734 9.97983E-05 0.0704873 9.97983E-05 9.97983E-05 0.0599385 9.97983E-05 9.97983E-05 9.97983E-05 9.97983E-05 9.97983E-05 9.97983E-05 9.97983E-05 9.97983E-05 9.97983E-05 9.97983E-05 9.97983E-05 9.97983E-05 0.722935 9.97983E-05 9.97983E-05
0.958668 9.97721E-05 9.97721E-05 9.97721E-05 9.97721E-05 9.97721E-05 9.97721E-05 9.97721E-05 9.97721E-05 9.97721E-05 0.0387377 9.97721E-05 9.97721E-05 9.97721E-05 9.97721E-05 9.97721E-05 9.97721E-05 9.97721E-05 9.97721E-05 9.97721E-05 9.97721E-05 9.97721E-05 9.97721E-05 9.97721E-05 9.97721E-05 9.97721E-05 9.97721E-05 9.97721E-05
9.97982E-05 9.97982E-05 9.97982E-05 9.97982E-05 0.06571 9.97982E-05 9.97982E-05 9.97982E-05 9.97982E-05 9.97982E-05 9.97982E-05 9.97982E-05 9.97982E-05 0.846946 0.0482382 0.0111625 0.0256476 9.97982E-05 9.97982E-05 9.97982E-05 9.97982E-05 9.97982E-05 9.97982E-05 9.97982E-05 9.97982E-05 9.97982E-05 9.97982E-05 9.97982E-05
0.547945 9.98072E-05 0.271865 9.98072E-05 9.98072E-05 9.98072E-05 9.98072E-05 9.98072E-05 9.98072E-05 0.00437813 9.98072E-05 9.98072E-05 9.98072E-05 9.98072E-05 9.98072E-05 9.98072E-05 0.116874 0.0233954 9.98072E-05 9.98072E-05 9.98072E-05 9.98072E-05 9.98072E-05 9.98072E-05 9.98072E-05 9.98072E-05 9.98072E-05 0.0333466
0.793181 9.98072E-05 9.98072E-05 0.0172378 9.98072E-05 9.98072E-05 0.0245693 9.98072E-05 9.98072E-05 9.98072E-05 9.98072E-05 9.98072E-05 9.98072E-05 9.98072E-05 9.98072E-05 0.024119 9.98072E-05 9.98072E-05 9.98072E-05 9.98072E-05 9.98072E-05 9.98072E-05 0.0944331 0.0442645 9.98072E-05 9.98072E-05 9.98072E-05 9.98072E-05
0.644924 9.97984E-05 0.138941 9.97984E-05 9.97984E-05 9.97984E-05 9.97984E-05 9.97984E-05 9.97984E-05 9.97984E-05 0.0172254 9.97984E-05 9.97984E-05 9.97984E-05 9.97984E-05 9.97984E-05 9.97984E-05 9.97984E-05 9.97984E-05 9.97984E-05 9.97984E-05 9.97984E-05 9.97984E-05 0.10322 9.97984E-05 9.97984E-05 0.0933944 9.97984E-05
9.97721E-05 9.97721E-05 9.97721E-05 9.97721E-05 9.97721E-05 9.97721E-05 9.97721E-05 9.97721E-05 9.97721E-05 9.97721E-05 9.97721E-05 9.97721E-05 9.97721E-05 9.97721E-05 9.97721E-05 9.97721E-05 0.00676282 9.97721E-05 9.97721E-05 9.97721E-05 9.97721E-05 9.97721E-05 9.97721E-05 9.97721E-05 9.97721E-05 0.990643 9.97721E-05 9.97721E-05
0.0565245 9.97896E-05 0.02663 9.97896E-05 9.97896E-05 9.97896E-05 9.97896E-05 9.97896E-05 9.97896E-05 9.97896E-05 9.97896E-05 9.97896E-05 9.97896E-05 9.97896E-05 9.97896E-05 9.97896E-05 9.97896E-05 9.97896E-05 9.97896E-05 9.97896E-05 9.97896E-05 9.97896E-05 9.97896E-05 9.97896E-05 9.97896E-05 0.846036 9.97896E-05 0.0684147
9.98332E-05 0.0182511 9.98332E-05 0.65932 9.98332E-05 9.98332E-05 9.98332E-05 0.00973607 9.98332E-05 9.98332E-05 0.0236026 9.98332E-05 9.98332E-05 9.98332E-05 0.0699439 9.98332E-05 0.00366465 0.169198 9.98332E-05 9.98332E-05 9.98332E-05 0.0328393 9.98332E-05 9.98332E-05 9.98332E-05 9.98332E-05 0.0115472 9.98332E-05
9.97985E-05 9.97985E-05 9.97985E-05 0.858785 9.97985E-05 0.00341786 9.97985E-05 0.0353488 9.97985E-05 9.97985E-05 9.97985E-05 9.97985E-05 0.0757279 9.97985E-05 9.97985E-05 0.0244254 9.97985E-05 9.97985E-05 9.97985E-05 9.97985E-05 9.97985E-05 9.97985E-05 9.97985E-05 9.97985E-05 9.97985E-05 9.97985E-05 9.97985E-05 9.97985E-05
9.97719E-05 9.97719E-05 9.97719E-05 0.942015 9.97719E-05 9.97719E-05 9.97719E-05 9.97719E-05 9.97719E-05 9.97719E-05 0.055391 9.97719E-05 9.97719E-05 9.97719E-05 9.97719E-05 9.97719E-05 9.97719E-05 9.97719E-05 9.97719E-05 9.97719E-05 9.97719E-05 9.97719E-05 9.97719E-05 9.97719E-05 9.97719E-05 9.97719E-05 9.97719E-05 9.97719E-05
9.98158E-05 9.98158E-05 9.98158E-05 0.349393 9.98158E-05 9.98158E-05 9.98158E-05 9.98158E-05 9.98158E-05 9.98158E-05 0.00430623 9.98158E-05 9.98158E-05 9.98158E-05 0.0685271 9.98158E-05 9.98158E-05 0.0400287 9.98158E-05 9.98158E-05 0.048876 9.98158E-05 0.266668 9.98158E-05 9.98158E-05 9.98158E-05 0.220105 9.98158E-05
9.98418E-05 9.98418E-05 9.98418E-05 0.446388 0.00835965 9.98418E-05 9.98418E-05 0.0534977 9.98418E-05 0.101127 0.0927276 9.98418E-05 9.98418E-05 9.98418E-05 0.0969784 9.98418E-05 9.98418E-05 9.98418E-05 0.0940831 9.98418E-05 0.00988123 0.084444 9.98418E-05 0.0107161 9.98418E-05 9.98418E-05 9.98418E-05 9.98418E-05
9.98155E-05 0.0835438 9.98155E-05 0.645194 9.98155E-05 0.00758751 9.98155E-05 0.0668381 9.98155E-05 9.98155E-05 9.98155E-05 9.98155E-05 9.98155E-05 9.98155E-05 0.0263565 9.98155E-05 0.00358181 0.164802 9.98155E-05 9.98155E-05 9.98155E-05 9.98155E-05 9.98155E-05 9.98155E-05 9.98155E-05 9.98155E-05 9.98155E-05 9.98155E-05
9.98067E-05 9.98067E-05 9.98067E-05 0.489794 9.98067E-05 9.98067E-05 0.035019 9.98067E-05 9.98067E-05 9.98067E-05 9.98067E-05 9.98067E-05 0.0429826 9.98067E-05 9.98067E-05 9.98067E-05 9.98067E-05 0.126023 9.98067E-05 9.98067E-05 9.98067E-05 0.0120079 9.98067E-05 9.98067E-05 9.98067E-05 9.98067E-05 0.291977 9.98067E-05
9.98157E-05 9.98157E-05 9.98157E-05 0.502706 9.98157E-05 9.98157E-05 9.98157E-05 9.98157E-05 9.98157E-05 9.98157E-05 0.213596 9.98157E-05 9.98157E-05 9.98157E-05 0.0441404 9.98157E-05 9.98157E-05 0.050818 9.98157E-05 9.98157E-05 9.98157E-05 0.0471423 9.98157E-05 9.98157E-05 9.98157E-05 9.98157E-05 0.138308 0.00119326
9.9772E-05 9.9772E-05 9.9772E-05 0.978639 9.9772E-05 9.9772E-05 9.9772E-05 9.9772E-05 9.9772E-05 9.9772E-05 9.9772E-05 9.9772E-05 9.9772E-05 9.9772E-05 9.9772E-05 9.9772E-05 9.9772E-05 9.9772E-05 9.9772E-05 9.9772E-05 9.9772E-05 9.9772E-05 9.9772E-05 9.9772E-05 9.9772E-05 9.9772E-05 0.0187669 9.9772E-05
9.97981E-05 9.97981E-05 9.97981E-05 0.838692 9.97981E-05 9.97981E-05 9.97981E-05 9.97981E-05 9.97981E-05 9.97981E-05 9.97981E-05 9.97981E-05 0.0962418 9.97981E-05 0.0193088 9.97981E-05 9.97981E-05 0.000788011 9.97981E-05 9.97981E-05 9.97981E-05 0.0426744 9.97981E-05 9.97981E-05 9.97981E-05 9.97981E-05 9.97981E-05 9.97981E-05
9.98067E-05 9.98067E-05 9.98067E-05 0.332686 9.98067E-05 9.98067E-05 9.98067E-05 9.98067E-05 9.98067E-05 9.98067E-05 9.98067E-05 0.00460451 9.98067E-05 9.98067E-05 0.0552536 9.98067E-05 9.98067E-05 0.387248 9.98067E-05 9.98067E-05 9.98067E-05 0.164441 9.98067E-05 0.0535708 9.98067E-05 9.98067E-05 9.98067E-05 9.98067E-05
9.98596E-05 0.0934798 9.98596E-05 0.271162 0.0603247 9.98596E-05 9.98596E-05 0.138628 9.98596E-05 9.98596E-05 9.98596E-05 9.98596E-05 0.00679696 9.98596E-05 0.0484262 9.98596E-05 0.0958657 0.126053 9.98596E-05 9.98596E-05 0.0432437 0.030954 9.98596E-05 0.0121477 9.98596E-05 9.98596E-05 0.0713213 9.98596E-05
9.98156E-05 0.148011 9.98156E-05 0.475256 0.00963417 9.98156E-05 9.98156E-05 9.98156E-05 9.98156E-05 9.98156E-05 9.98156E-05 9.98156E-05 9.98156E-05 9.98156E-05 0.179405 0.0612844 9.98156E-05 9.98156E-05 9.98156E-05 9.98156E-05 9.98156E-05 0.0838666 9.98156E-05 9.98156E-05 9.98156E-05 9.98156E-05 9.98156E-05 0.0404466
9.98156E-05 9.98156E-05 9.98156E-05 0.489405 9.98156E-05 9.98156E-05 9.98156E-05 0.183824 9.98156E-05 9.98156E-05 9.98156E-05 9.98156E-05 9.98156E-05 9.98156E-05 9.98156E-05 9.98156E-05 9.98156E-05 0.205822 9.98156E-05 9.98156E-05 0.0219473 9.98156E-05 9.98156E-05 0.0129725 9.98156E-05 9.98156E-05 0.0487214 0.0352111
9.97724E-05 9.97724E-05 9.97724E-05 0.962129 9.97724E-05 9.97724E-05 9.97724E-05 9.97724E-05 9.97724E-05 0.0352774 9.97724E-05 9.97724E-05 9.97724E-05 9.97724E-05 9.97724E-05 9.97724E-05 9.97724E-05 9.97724E-05 9.97724E-05 9.97724E-05 9.97724E-05 9.97724E-05 9.97724E-05 9.97724E-05 9.97724E-05 9.97724E-05 9.97724E-05 9.97724E-05
9.97983E-05 9.97983E-05 9.97983E-05 0.888995 9.97983E-05 9.97983E-05 9.97983E-05 9.97983E-05 9.97983E-05 9.97983E-05 9.97983E-05 9.97983E-05 0.0241506 9.97983E-05 0.0284168 9.97983E-05 9.97983E-05 9.97983E-05 9.97983E-05 9.97983E-05 9.97983E-05 0.0303195 9.97983E-05 9.97983E-05 0.0258223 9.97983E-05 9.97983E-05 9.97983E-05
9.98154E-05 9.98154E-05 9.98154E-05 0.691035 9.98154E-05 9.98154E-05 9.98154E-05 9.98154E-05 9.98154E-05 9.98154E-05 0.0409021 9.98154E-05 9.98154E-05 9.98154E-05 9.98154E-05 9.98154E-05 9.98154E-05 0.021565 9.98154E-05 9.98154E-05 0.0630271 9.98154E-05 0.0355328 0.127525 0.0183172 9.98154E-05 9.98154E-05 9.98154E-05
9.98157E-05 0.0513312 9.98157E-05 0.568771 9.98157E-05 9.98157E-05 9.98157E-05 0.0395928 9.98157E-05 9.98157E-05 9.98157E-05 0.0302418 0.108125 9.98157E-05 9.98157E-05 9.98157E-05 9.98157E-05 9.98157E-05 9.98157E-05 9.98157E-05 9.98157E-05 0.0977638 9.98157E-05 0.102078 9.98157E-05 9.98157E-05 9.98157E-05 9.98157E-05
9.98157E-05 9.98157E-05 9.98157E-05 0.759439 9.98157E-05 9.98157E-05 9.98157E-05 0.00362886 9.98157E-05 9.98157E-05 0.0827853 9.98157E-05 9.98157E-05 0.0103549 0.0295096 9.98157E-05 9.98157E-05 0.0941943 9.98157E-05 9.98157E-05 9.98157E-05 0.0179918 9.98157E-05 9.98157E-05 9.98157E-05 9.98157E-05 9.98157E-05 9.98157E-05
9.98155E-05 0.0257802 9.98155E-05 0.534637 0.080653 9.98155E-05 9.98155E-05 9.98155E-05 9.98155E-05 9.98155E-05 9.98155E-05 9.98155E-05 9.98155E-05 9.98155E-05 9.98155E-05 0.0665994 9.98155E-05 0.246091 9.98155E-05 9.98155E-05 0.026725 0.0174176 9.98155E-05 9.98155E-05 9.98155E-05 9.98155E-05 9.98155E-05 9.98155E-05
9.97637E-05 9.97637E-05 9.97637E-05 0.997306 9.97637E-05 9.97637E-05 9.97637E-05 9.97637E-05 9.97637E-05 9.97637E-05 9.97637E-05 9.97637E-05 9.97637E-05 9.97637E-05 9.97637E-05 9.97637E-05 9.97637E-05 9.97637E-05 9.97637E-05 9.97637E-05 9.97637E-05 9.97637E-05 9.97637E-05 9.97637E-05 9.97637E-05 9.97637E-05 9.97637E-05 9.97637E-05
9.98242E-05 9.98242E-05 9.98242E-05 0.503876 9.98242E-05 9.98242E-05 9.98242E-05 0.259517 9.98242E-05 9.98242E-05 9.98242E-05 9.98242E-05 0.0139447 9.98242E-05 9.98242E-05 9.98242E-05 0.00715341 0.05381 9.98242E-05 9.98242E-05 9.98242E-05 9.98242E-05 0.0366552 0.0390809 9.98242E-05 9.98242E-05 0.0839662 9.98242E-05
9.9807E-05 9.9807E-05 9.9807E-05 0.724573 9.9807E-05 9.9807E-05 9.9807E-05 0.0198701 9.9807E-05 9.9807E-05 9.9807E-05 9.9807E-05 9.9807E-05 9.9807E-05 9.9807E-05 9.9807E-05 0.0324725 0.0271436 9.9807E-05 9.9807E-05 9.9807E-05 9.9807E-05 0.174375 9.9807E-05 9.9807E-05 9.9807E-05 0.0193694 9.9807E-05
9.9842E-05 9.9842E-05 9.9842E-05 0.563899 9.9842E-05 0.0202934 0.0312192 9.9842E-05 0.00450983 9.9842E-05 0.0583833 0.0260656 9.9842E-05 9.9842E-05 0.0996054 9.9842E-05 9.9842E-05 0.021635 9.9842E-05 9.9842E-05 0.0149062 9.9842E-05 9.9842E-05 0.157686 9.9842E-05 9.9842E-05 9.9842E-05 9.9842E-05
9.97805E-05 0.170321 9.97805E-05 0.709221 9.97805E-05 9.97805E-05 9.97805E-05 9.97805E-05 9.97805E-05 9.97805E-05 9.97805E-05 9.97805E-05 9.97805E-05 9.97805E-05 9.97805E-05 9.97805E-05 9.97805E-05 9.97805E-05 9.97805E-05 9.97805E-05 9.97805E-05 0.117964 9.97805E-05 9.97805E-05 9.97805E-05 9.97805E-05 9.97805E-05 9.97805E-05
9.97811E-05 9.97811E-05 9.97811E-05 0.950685 9.97811E-05 9.97811E-05 9.97811E-05 9.97811E-05 9.97811E-05 9.97811E-05 9.97811E-05 9.97811E-05 9.97811E-05 9.97811E-05 0.0292325 9.97811E-05 9.97811E-05 0.017588 9.97811E-05 9.97811E-05 9.97811E-05 9.97811E-05 9.97811E-05 9.97811E-05 9.97811E-05 9.97811E-05 9.97811E-05 9.97811E-05
9.97722E-05 0.0239904 9.97722E-05 0.973416 9.97722E-05 9.97722E-05 9.97722E-05 9.97722E-05 9.97722E-05 9.97722E-05 9.97722E-05 9.97722E-05 9.97722E-05 9.97722E-05 9.97722E-05 9.97722E-05 9.97722E-05 9.97722E-05 9.97722E-05 9.97722E-05 9.97722E-05 9.97722E-05 9.97722E-05 9.97722E-05 9.97722E-05 9.97722E-05 9.97722E-05 9.97722E-05
9.97634E-05 9.97634E-05 9.97634E-05 0.997306 9.97634E-05 9.97634E-05 9.97634E-05 9.97634E-05 9.97634E-05 9.97634E-05 9.97634E-05 9.97634E-05 9.97634E-05 9.97634E-05 9.97634E-05 9.97634E-05 9.97634E-05 9.97634E-05 9.97634E-05 9.97634E-05 9.97634E-05 9.97634E-05 9.97634E-05 9.97634E-05 9.97634E-05 9.97634E-05 9.97634E-05 9.97634E-05
0.06848 0.0359549 9.9807E-05 0.767818 9.9807E-05 9.9807E-05 9.9807E-05 9.9807E-05 9.9807E-05 9.9807E-05 0.0927378 9.9807E-05 9.9807E-05 9.9807E-05 0.0121513 9.9807E-05 9.9807E-05 0.0206624 9.9807E-05 9.9807E-05 9.9807E-05 9.9807E-05 9.9807E-05 9.9807E-05 9.9807E-05 9.9807E-05 9.9807E-05 9.9807E-05
9.97987E-05 9.97987E-05 9.97987E-05 0.674089 9.97987E-05 9.97987E-05 9.97987E-05 9.97987E-05 9.97987E-05 9.97987E-05 9.97987E-05 9.97987E-05 9.97987E-05 9.97987E-05 0.0857621 9.97987E-05 9.97987E-05 0.133419 9.97987E-05 0.103647 9.97987E-05 9.97987E-05 9.97987E-05 9.97987E-05 9.97987E-05 9.97987E-05 9.97987E-05 0.000787334
9.97808E-05 9.97808E-05 9.97808E-05 9.97808E-05 9.97808E-05 9.97808E-05 9.97808E-05 9.97808E-05 9.97808E-05 9.97808E-05 9.97808E-05 9.97808E-05 9.97808E-05 9.97808E-05 0.131833 9.97808E-05 9.97808E-05 0.14146 9.97808E-05 9.97808E-05 9.97808E-05 9.97808E-05 0.724213 9.97808E-05 9.97808E-05 9.97808E-05 9.97808E-05 9.97808E-05
9.97985E-05 9.97985E-05 9.97985E-05 9.97985E-05 9.97985E-05 9.97985E-05 9.97985E-05 9.97985E-05 9.97985E-05 9.97985E-05 9.97985E-05 9.97985E-05 9.97985E-05 0.0351231 0.0404026 9.97985E-05 9.97985E-05 0.0102751 9.97985E-05 0.474976 9.97985E-05 9.97985E-05 0.436927 9.97985E-05 9.97985E-05 9.97985E-05 9.97985E-05 9.97985E-05
9.97894E-05 9.97894E-05 9.97894E-05 9.97894E-05 9.97894E-05 9.97894E-05 9.97894E-05 9.97894E-05 9.97894E-05 9.97894E-05 9.97894E-05 9.97894E-05 0.00845824 9.97894E-05 9.97894E-05 9.97894E-05 9.97894E-05 0.00619886 9.97894E-05 9.97894E-05 9.97894E-05 9.97894E-05 0.889427 9.97894E-05 9.97894E-05 9.97894E-05 9.97894E-05 0.093521
9.97981E-05 9.97981E-05 9.97981E-05 9.97981E-05 9.97981E-05 9.97981E-05 9.97981E-05 9.97981E-05 9.97981E-05 9.97981E-05 0.0251178 9.97981E-05 9.97981E-05 9.97981E-05 9.97981E-05 9.97981E-05 9.97981E-05 0.152504 9.97981E-05 9.97981E-05 9.97981E-05 0.00887957 0.801136 9.97981E-05 9.97981E-05 9.97981E-05 9.97981E-05 0.0100665
9.97915E-05 0.0511345 9.97915E-05 9.97915E-05 9.97915E-05 9.97915E-05 9.97915E-05 9.97915E-05 9.97915E-05 0.0243296 9.97915E-05 9.97915E-05 9.97915E-05 9.97915E-05 0.142783 9.97915E-05 9.97915E-05 9.97915E-05 9.97915E-05 9.97915E-05 9.97915E-05 9.97915E-05 0.779358 9.97915E-05 9.97915E-05 9.97915E-05 9.97915E-05 9.97915E-05
9.98158E-05 9.98158E-05 9.98158E-05 9.98158E-05 9.98158E-05 9.98158E-05 9.98158E-05 9.98158E-05 0.0050279 9.98158E-05 9.98158E-05 9.98158E-05 0.0267162 9.98158E-05 0.105416 9.98158E-05 9.98158E-05 0.13791 9.98158E-05 0.0166038 9.98158E-05 9.98158E-05 0.606158 9.98158E-05 9.98158E-05 9.98158E-05 0.100072 9.98158E-05
9.98334E-05 0.0235623 9.98334E-05 9.98334E-05 0.0227195 9.98334E-05 9.98334E-05 0.015463 9.98334E-05 0.00757989 0.0461006 9.98334E-05 9.98334E-05 9.98334E-05 0.068033 9.98334E-05 9.98334E-05 0.0656663 9.98334E-05 9.98334E-05 9.98334E-05 0.0470379 0.701941 9.98334E-05 9.98334E-05 9.98334E-05 9.98334E-05 9.98334E-05
9.9772E-05 9.9772E-05 9.9772E-05 9.9772E-05 9.9772E-05 9.9772E-05 9.9772E-05 9.9772E-05 9.9772E-05 9.9772E-05 9.9772E-05 9.9772E-05 9.9772E-05 9.9772E-05 0.161954 9.9772E-05 9.9772E-05 9.9772E-05 9.9772E-05 9.9772E-05 9.9772E-05 9.9772E-05 0.835452 9.9772E-05 9.9772E-05 9.9772E-05 9.9772E-05 9.9772E-05
9.98068E-05 0.015254 9.98068E-05 9.98068E-05 9.98068E-05 9.98068E-05 9.98068E-05 0.0751444 9.98068E-05 9.98068E-05 9.98068E-05 9.98068E-05 0.0270545 9.98068E-05 0.291071 9.98068E-05 9.98068E-05 9.98068E-05 9.98068E-05 9.98068E-05 9.98068E-05 9.98068E-05 0.302699 9.98068E-05 9.98068E-05 9.98068E-05 0.286582 9.98068E-05
9.97982E-05 0.0637915 9.97982E-05 9.97982E-05 9.97982E-05 9.97982E-05 9.97982E-05 9.97982E-05 9.97982E-05 9.97982E-05 9.97982E-05 9.97982E-05 9.97982E-05 9.97982E-05 0.190531 9.97982E-05 0.0100883 0.172334 9.97982E-05 9.97982E-05 9.97982E-05 9.97982E-05 0.560961 9.97982E-05 9.97982E-05 9.97982E-05 9.97982E-05 9.97982E-05
9.97809E-05 9.97809E-05 9.97809E-05 9.97809E-05 9.97809E-05 9.97809E-05 9.97809E-05 9.97809E-05 9.97809E-05 9.97809E-05 9.97809E-05 9.97809E-05 9.97809E-05 9.97809E-05 9.97809E-05 9.97809E-05 9.97809E-05 9.97809E-05 9.97809E-05 0.183642 9.97809E-05 9.97809E-05 0.53655 9.97809E-05 9.97809E-05 9.97809E-05 0.277313 9.97809E-05
9.97984E-05 9.97984E-05 0.0379213 9.97984E-05 9.97984E-05 9.97984E-05 9.97984E-05 9.97984E-05 9.97984E-05 9.97984E-05 9.97984E-05 9.97984E-05 9.97984E-05 9.97984E-05 9.97984E-05 9.97984E-05 9.97984E-05 0.0489428 9.97984E-05 0.0460792 9.97984E-05 9.97984E-05 0.754509 9.97984E-05 9.97984E-05 9.97984E-05 0.110252 9.97984E-05
9.97897E-05 9.97897E-05 9.97897E-05 9.97897E-05 9.97897E-05 9.97897E-05 9.97897E-05 9.97897E-05 0.0322718 9.97897E-05 9.97897E-05 9.97897E-05 0.0276448 9.97897E-05 0.09252 9.97897E-05 9.97897E-05 9.97897E-05 9.97897E-05 9.97897E-05 9.97897E-05 9.97897E-05 0.845168 9.97897E-05 9.97897E-05 9.97897E-05 9.97897E-05 9.97897E-05
9.97985E-05 9.97985E-05 9.97985E-05 9.97985E-05 9.97985E-05 9.97985E-05 9.97985E-05 9.97985E-05 9.97985E-05 9.97985E-05 9.97985E-05 0.00967079 9.97985E-05 9.97985E-05 0.179806 9.97985E-05 9.97985E-05 0.188994 9.97985E-05 0.0188893 9.97985E-05 9.97985E-05 0.600345 9.97985E-05 9.97985E-05 9.97985E-05 9.97985E-05 9.97985E-05
9.98158E-05 0.0111741 9.98158E-05 9.98158E-05 9.98158E-05 9.98158E-05 9.98158E-05 9.98158E-05 0.0175265 9.98158E-05 0.0906932 0.0953906 9.98158E-05 9.98158E-05 0.0358481 9.98158E-05 9.98158E-05 9.98158E-05 9.98158E-05 0.0110674 9.98158E-05 9.98158E-05 0.736204 9.98158E-05 9.98158E-05 9.98158E-05 9.98158E-05 9.98158E-05
9.98071E-05 9.98071E-05 9.98071E-05 9.98071E-05 9.98071E-05 9.98071E-05 9.98071E-05 9.98071E-05 0.0969821 0.0142869 9.98071E-05 9.98071E-05 9.98071E-05 9.98071E-05 9.98071E-05 9.98071E-05 9.98071E-05 0.122073 9.98071E-05 0.0103052 9.98071E-05 9.98071E-05 0.652318 9.98071E-05 9.98071E-05 9.98071E-05 0.101839 9.98071E-05
9.98071E-05 9.98071E-05 9.98071E-05 9.98071E-05 9.98071E-05 9.98071E-05 9.98071E-05 9.98071E-05 9.98071E-05 9.98071E-05 9.98071E-05 9.98071E-05 0.00904879 9.98071E-05 9.98071E-05 9.98071E-05 9.98071E-05 0.0839652 0.0513255 0.0363337 9.98071E-05 9.98071E-05 0.642612 9.98071E-05 9.98071E-05 9.98071E-05 0.174519 9.98071E-05
9.98248E-05 9.98248E-05 9.98248E-05 9.98248E-05 9.98248E-05 9.98248E-05 9.98248E-05 0.0263301 0.0599897 0.0472382 9.98248E-05 0.00707202 9.98248E-05 9.98248E-05 0.172798 9.98248E-05 9.98248E-05 9.98248E-05 9.98248E-05 9.98248E-05 0.00930101 0.0245822 0.650692 9.98248E-05 9.98248E-05 9.98248E-05 9.98248E-05 9.98248E-05
9.97897E-05 9.97897E-05 9.97897E-05 9.97897E-05 9.97897E-05 9.97897E-05 9.97897E-05 9.97897E-05 9.97897E-05 9.97897E-05 9.97897E-05 9.97897E-05 9.97897E-05 9.97897E-05 0.00623152 0.0566911 9.97897E-05 9.97897E-05 9.97897E-05 9.97897E-05 9.97897E-05 0.0532887 0.881394 9.97897E-05 9.97897E-05 9.97897E-05 9.97897E-05 9.97897E-05
9.98247E-05 9.98247E-05 9.98247E-05 0.0480068 0.00271754 9.98247E-05 9.98247E-05 9.98247E-05 9.98247E-05 9.98247E-05 9.98247E-05 9.98247E-05 0.0560992 9.98247E-05 0.0752096 9.98247E-05 9.98247E-05 0.0712691 0.0541701 0.155078 9.98247E-05 9.98247E-05 0.535453 9.98247E-05 9.98247E-05 9.98247E-05 9.98247E-05 9.98247E-05
9.9807E-05 9.9807E-05 9.9807E-05 9.9807E-05 9.9807E-05 9.9807E-05 9.9807E-05 9.9807E-05 0.0688416 0.00429233 9.9807E-05 9.9807E-05 9.9807E-05 9.9807E-05 0.0171426 9.9807E-05 9.9807E-05 0.0742282 9.9807E-05 9.9807E-05 9.9807E-05 9.9807E-05 0.695749 9.9807E-05 9.9807E-05 9.9807E-05 0.13755 9.9807E-05
9.97895E-05 0.019689 9.97895E-05 9.97895E-05 9.97895E-05 9.97895E-05 9.97895E-05 9.97895E-05 9.97895E-05 9.97895E-05 9.97895E-05 9.97895E-05 9.97895E-05 9.97895E-05 0.0268615 9.97895E-05 9.97895E-05 9.97895E-05 9.97895E-05 9.97895E-05 9.97895E-05 0.0273129 0.923742 9.97895E-05 9.97895E-05 9.97895E-05 9.97895E-05 9.97895E-05
9.98157E-05 9.98157E-05 9.98157E-05 9.98157E-05 9.98157E-05 9.98157E-05 0.0601346 9.98157E-05 9.98157E-05 9.98157E-05 9.98157E-05 9.98157E-05 0.00241593 9.98157E-05 0.235964 9.98157E-05 9.98157E-05 0.16602 0.0370795 9.98157E-05 9.98157E-05 9.98157E-05 0.462405 0.0338842 9.98157E-05 9.98157E-05 9.98157E-05 9.98157E-05
9.98072E-05 9.98072E-05 9.98072E-05 9.98072E-05 9.98072E-05 9.98072E-05 9.98072E-05 9.98072E-05 9.98072E-05 0.0444366 9.98072E-05 9.98072E-05 9.98072E-05 9.98072E-05 0.0393257 9.98072E-05 0.0578186 0.0882262 9.98072E-05 0.0741488 9.98072E-05 9.98072E-05 0.693848 9.98072E-05 9.98072E-05 9.98072E-05 9.98072E-05 9.98072E-05
9.97982E-05 9.97982E-05 9.97982E-05 9.97982E-05 9.97982E-05 9.97982E-05 0.0481342 9.97982E-05 9.97982E-05 9.97982E-05 9.97982E-05 9.97982E-05 9.97982E-05 9.97982E-05 0.223765 9.97982E-05 9.97982E-05 0.211982 0.0404733 9.97982E-05 9.97982E-05 9.97982E-05 0.47335 9.97982E-05 9.97982E-05 9.97982E-05 9.97982E-05 9.97982E-05
9.98159E-05 0.0243468 9.98159E-05 0.00140254 9.98159E-05 9.98159E-05 9.98159E-05 9.98159E-05 9.98159E-05 9.98159E-05 9.98159E-05 9.98159E-05 9.98159E-05 9.98159E-05 0.136032 9.98159E-05 9.98159E-05 0.154817 9.98159E-05 0.264172 9.98159E-05 9.98159E-05 0.33062 9.98159E-05 9.98159E-05 9.98159E-05 0.0865134 9.98159E-05
9.98246E-05 9.98246E-05 9.98246E-05 9.98246E-05 9.98246E-05 0.0869293 9.98246E-05 9.98246E-05 9.98246E-05 0.0673173 9.98246E-05 0.0107122 9.98246E-05 9.98246E-05 9.98246E-05 0.0297383 9.98246E-05 0.0576708 9.98246E-05 0.567546 0.0149351 9.98246E-05 0.163155 9.98246E-05 9.98246E-05 9.98246E-05 9.98246E-05 9.98246E-05
9.98067E-05 9.98067E-05 9.98067E-05 9.98067E-05 9.98067E-05 9.98067E-05 9.98067E-05 9.98067E-05 9.98067E-05 9.98067E-05 9.98067E-05 9.98067E-05 0.0329408 9.98067E-05 0.0430865 9.98067E-05 9.98067E-05 0.0743113 9.98067E-05 9.98067E-05 9.98067E-05 9.98067E-05 0.781938 0.0374605 9.98067E-05 9.98067E-05 9.98067E-05 0.0280675
9.97897E-05 9.97897E-05 9.97897E-05 9.97897E-05 9.97897E-05 9.97897E-05 9.97897E-05 9.97897E-05 9.97897E-05 9.97897E-05 9.97897E-05 9.97897E-05 9.97897E-05 9.97897E-05 0.236168 9.97897E-05 9.97897E-05 0.230131 9.97897E-05 9.97897E-05 9.97897E-05 9.97897E-05 0.447989 9.97897E-05 9.97897E-05 9.97897E-05 0.0833169 9.97897E-05
9.97898E-05 9.97898E-05 9.97898E-05 9.97898E-05 9.97898E-05 9.97898E-05 9.97898E-05 9.97898E-05 9.97898E-05 0.052049 9.97898E-05 9.97898E-05 9.97898E-05 9.97898E-05 9.97898E-05 9.97898E-05 9.97898E-05 0.113713 0.0438679 9.97898E-05 9.97898E-05 9.97898E-05 0.787975 9.97898E-05 9.97898E-05 9.97898E-05 9.97898E-05 9.97898E-05
9.97986E-05 9.97986E-05 9.97986E-05 9.97986E-05 0.0146015 9.97986E-05 9.97986E-05 9.97986E-05 9.97986E-05 9.97986E-05 9.97986E-05 9.97986E-05 9.97986E-05 9.97986E-05 0.0267293 9.97986E-05 9.97986E-05 0.199386 9.97986E-05 9.97986E-05 9.97986E-05 0.0277541 0.729233 9.97986E-05 9.97986E-05 9.97986E-05 9.97986E-05 9.97986E-05
9.97807E-05 9.97807E-05 9.97807E-05 9.97807E-05 0.0421439 9.97807E-05 9.97807E-05 9.97807E-05 9.97807E-05 9.97807E-05 9.97807E-05 9.97807E-05 9.97807E-05 9.97807E-05 9.97807E-05 9.97807E-05 9.97807E-05 0.00860221 9.97807E-05 9.97807E-05 9.97807E-05 9.97807E-05 0.946759 9.97807E-05 9.97807E-05 9.97807E-05 9.97807E-05 9.97807E-05
9.97981E-05 9.97981E-05 9.97981E-05 9.97981E-05 9.97981E-05 9.97981E-05 9.97981E-05 9.97981E-05 9.97981E-05 0.13322 9.97981E-05 9.97981E-05 9.97981E-05 9.97981E-05 0.237691 9.97981E-05 9.97981E-05 0.0811057 0.137687 9.97981E-05 9.97981E-05 9.97981E-05 0.408 9.97981E-05 9.97981E-05 9.97981E-05 9.97981E-05 9.97981E-05
9.97893E-05 9.97893E-05 9.97893E-05 9.97893E-05 9.97893E-05 9.97893E-05 9.97893E-05 0.102522 9.97893E-05 9.97893E-05 9.97893E-05 9.97893E-05 9.97893E-05 9.97893E-05 9.97893E-05 9.97893E-05 0.0233346 0.094171 9.97893E-05 9.97893E-05 9.97893E-05 9.97893E-05 0.777578 9.97893E-05 9.97893E-05 9.97893E-05 9.97893E-05 9.97893E-05
9.97808E-05 9.97808E-05 9.97808E-05 9.97808E-05 9.97808E-05 9.97808E-05 9.97808E-05 9.97808E-05 9.97808E-05 9.97808E-05 9.97808E-05 9.97808E-05 0.0827305 9.97808E-05 9.97808E-05 9.97808E-05 9.97808E-05 0.035508 9.97808E-05 9.97808E-05 9.97808E-05 9.97808E-05 0.879267 9.97808E-05 9.97808E-05 9.97808E-05 9.97808E-05 9.97808E-05
