9.98947E-05 0.072811 0.16139 0.0750332 9.98947E-05 0.0100994 9.98947E-05 9.98947E-05 0.059882 9.98947E-05 9.98947E-05 0.208515 9.98947E-05 9.98947E-05 0.0280177 9.98947E-05 9.98947E-05 0.364567 0.0184853 9.98947E-05 9.98947E-05
9.98421E-05 0.0462039 9.98421E-05 9.98421E-05 9.98421E-05 9.98421E-05 9.98421E-05 9.98421E-05 9.98421E-05 0.0453101 9.98421E-05 9.98421E-05 0.906689 9.98421E-05 9.98421E-05 9.98421E-05 9.98421E-05 9.98421E-05 9.98421E-05 9.98421E-05 9.98421E-05
9.98596E-05 9.98596E-05 0.0165589 9.98596E-05 9.98596E-05 9.98596E-05 9.98596E-05 9.98596E-05 9.98596E-05 9.98596E-05 0.00897873 9.98596E-05 0.867446 9.98596E-05 9.98596E-05 9.98596E-05 0.0641598 0.0412592 9.98596E-05 9.98596E-05 9.98596E-05
0.00815906 0.00728838 0.178219 9.9921E-05 9.9921E-05 0.0181683 9.9921E-05 0.0105069 0.0989324 9.9921E-05 0.0278344 9.9921E-05 0.291882 9.9921E-05 0.0242739 0.072363 9.9921E-05 0.0400511 0.221422 9.9921E-05 9.9921E-05
0.0138542 9.98597E-05 9.98597E-05 9.98597E-05 9.98597E-05 9.98597E-05 9.98597E-05 9.98597E-05 9.98597E-05 9.98597E-05 9.98597E-05 9.98597E-05 9.98597E-05 9.98597E-05 9.98597E-05 0.0161805 0.043693 0.901764 0.0229108 9.98597E-05 9.98597E-05
0.139637 9.9886E-05 9.9886E-05 9.9886E-05 9.9886E-05 9.9886E-05 9.9886E-05 9.9886E-05 9.9886E-05 9.9886E-05 0.283756 0.129746 0.0531322 9.9886E-05 0.0290761 0.0892324 0.116085 0.158036 9.9886E-05 9.9886E-05 9.9886E-05
0.0304201 0.167118 0.140987 0.0336412 0.0728215 0.097872 9.99211E-05 9.99211E-05 9.99211E-05 0.0167142 9.99211E-05 0.167777 0.146928 9.99211E-05 9.99211E-05 0.0194149 9.99211E-05 0.00956156 0.0958453 9.99211E-05 9.99211E-05
0.0439247 9.99123E-05 0.277815 9.99123E-05 0.0146994 9.99123E-05 9.99123E-05 9.99123E-05 9.99123E-05 9.99123E-05 0.156043 0.132471 0.0614033 0.0550952 9.99123E-05 0.107568 0.0650391 0.0640344 9.99123E-05 9.99123E-05 0.0209082
9.98947E-05 0.045616 0.0852985 0.184621 9.98947E-05 9.98947E-05 9.98947E-05 9.98947E-05 9.98947E-05 9.98947E-05 0.18877 9.98947E-05 0.037296 9.98947E-05 0.26224 0.00673683 0.0173668 0.170855 9.98947E-05 9.98947E-05 9.98947E-05
9.98332E-05 9.98332E-05 9.98332E-05 9.98332E-05 9.98332E-05 9.98332E-05 9.98332E-05 9.98332E-05 9.98332E-05 9.98332E-05 9.98332E-05 9.98332E-05 9.98332E-05 9.98332E-05 0.0529722 9.98332E-05 9.98332E-05 0.945131 9.98332E-05 9.98332E-05 9.98332E-05
9.9886E-05 9.9886E-05 9.9886E-05 0.00476381 9.9886E-05 0.0354738 9.9886E-05 9.9886E-05 0.12037 9.9886E-05 0.0909871 0.0328181 9.9886E-05 9.9886E-05 0.104113 0.0887256 9.9886E-05 0.521449 9.9886E-05 9.9886E-05 9.9886E-05
0.0237766 9.98508E-05 9.98508E-05 9.98508E-05 9.98508E-05 9.98508E-05 9.98508E-05 9.98508E-05 9.98508E-05 9.98508E-05 9.98508E-05 9.98508E-05 0.953494 9.98508E-05 9.98508E-05 9.98508E-05 9.98508E-05 9.98508E-05 0.00181249 0.0192193 9.98508E-05
9.98509E-05 9.98509E-05 0.117478 9.98509E-05 9.98509E-05 9.98509E-05 9.98509E-05 9.98509E-05 9.98509E-05 9.98509E-05 9.98509E-05 9.98509E-05 9.98509E-05 9.98509E-05 0.0401589 9.98509E-05 9.98509E-05 0.832867 0.00779862 9.98509E-05 9.98509E-05
9.98772E-05 9.98772E-05 0.0116663 9.98772E-05 9.98772E-05 0.0422016 0.0110376 0.0348735 9.98772E-05 9.98772E-05 9.98772E-05 9.98772E-05 0.767118 9.98772E-05 0.054421 9.98772E-05 0.0772839 9.98772E-05 9.98772E-05 9.98772E-05 9.98772E-05
9.9886E-05 9.9886E-05 0.0271467 9.9886E-05 9.9886E-05 9.9886E-05 0.0630812 9.9886E-05 9.9886E-05 0.0274797 0.1376 0.182333 9.9886E-05 9.9886E-05 0.124989 9.9886E-05 9.9886E-05 0.382299 9.9886E-05 0.0537733 9.9886E-05
9.98946E-05 9.98946E-05 0.181146 9.98946E-05 9.98946E-05 9.98946E-05 9.98946E-05 9.98946E-05 9.98946E-05 9.98946E-05 0.190899 0.0913112 9.98946E-05 0.0979409 0.111922 0.0675604 9.98946E-05 0.24741 0.00641008 0.00420216 9.98946E-05
9.98773E-05 0.147415 9.98773E-05 9.98773E-05 9.98773E-05 0.0420932 9.98773E-05 0.0646137 9.98773E-05 9.98773E-05 9.98773E-05 9.98773E-05 9.98773E-05 9.98773E-05 0.0285242 9.98773E-05 9.98773E-05 0.674352 0.0276328 0.0139712 9.98773E-05
9.98773E-05 9.98773E-05 0.224241 9.98773E-05 9.98773E-05 9.98773E-05 9.98773E-05 9.98773E-05 0.0836167 9.98773E-05 0.0169106 0.25976 0.137296 9.98773E-05 0.129423 9.98773E-05 9.98773E-05 9.98773E-05 9.98773E-05 9.98773E-05 0.147354
0.151297 9.98595E-05 0.120061 9.98595E-05 9.98595E-05 9.98595E-05 9.98595E-05 9.98595E-05 9.98595E-05 9.98595E-05 0.218012 9.98595E-05 9.98595E-05 9.98595E-05 0.161248 9.98595E-05 9.98595E-05 0.347785 9.98595E-05 9.98595E-05 9.98595E-05
9.98332E-05 9.98332E-05 9.98332E-05 9.98332E-05 9.98332E-05 9.98332E-05 9.98332E-05 9.98332E-05 0.0606866 9.98332E-05 9.98332E-05 9.98332E-05 9.98332E-05 9.98332E-05 9.98332E-05 9.98332E-05 9.98332E-05 0.937417 9.98332E-05 9.98332E-05 9.98332E-05
9.98772E-05 9.98772E-05 0.00747032 9.98772E-05 9.98772E-05 0.0349761 9.98772E-05 9.98772E-05 9.98772E-05 9.98772E-05 0.0755958 9.98772E-05 9.98772E-05 9.98772E-05 0.0353944 0.195423 9.98772E-05 0.498844 9.98772E-05 0.150898 9.98772E-05
0.144544 9.98685E-05 0.27508 9.98685E-05 9.98685E-05 9.98685E-05 9.98685E-05 9.98685E-05 9.98685E-05 0.0550124 0.157366 9.98685E-05 9.98685E-05 9.98685E-05 9.98685E-05 9.98685E-05 0.077539 0.288962 9.98685E-05 9.98685E-05 9.98685E-05
9.98685E-05 9.98685E-05 9.98685E-05 9.98685E-05 9.98685E-05 0.0693165 9.98685E-05 9.98685E-05 0.0314608 9.98685E-05 9.98685E-05 0.264921 0.0795002 9.98685E-05 0.0595686 9.98685E-05 9.98685E-05 0.493734 9.98685E-05 9.98685E-05 9.98685E-05
9.98684E-05 9.98684E-05 0.300869 0.0126354 9.98684E-05 9.98684E-05 9.98684E-05 9.98684E-05 9.98684E-05 9.98684E-05 9.98684E-05 9.98684E-05 0.0931118 0.0682375 0.240981 9.98684E-05 9.98684E-05 0.282668 9.98684E-05 9.98684E-05 9.98684E-05
9.98946E-05 9.98946E-05 0.112366 9.98946E-05 9.98946E-05 0.0156957 0.117138 0.00406252 0.0574497 9.98946E-05 0.0604624 9.98946E-05 0.198772 9.98946E-05 0.297675 9.98946E-05 9.98946E-05 0.135179 9.98946E-05 9.98946E-05 9.98946E-05
0.0023378 9.98684E-05 0.0617765 9.98684E-05 9.98684E-05 9.98684E-05 9.98684E-05 9.98684E-05 9.98684E-05 9.98684E-05 9.98684E-05 9.98684E-05 9.98684E-05 9.98684E-05 0.109903 9.98684E-05 0.028688 0.763991 0.0318055 9.98684E-05 9.98684E-05
9.98859E-05 9.98859E-05 0.335525 9.98859E-05 9.98859E-05 9.98859E-05 9.98859E-05 0.0353174 0.0287615 0.278489 9.98859E-05 9.98859E-05 9.98859E-05 0.0432143 0.0988663 9.98859E-05 9.98859E-05 0.080269 9.98859E-05 9.98859E-05 0.0982597
0.0540948 9.98684E-05 0.0125443 9.98684E-05 9.98684E-05 9.98684E-05 9.98684E-05 0.0432064 9.98684E-05 9.98684E-05 9.98684E-05 9.98684E-05 9.98684E-05 9.98684E-05 0.0769799 9.98684E-05 9.98684E-05 0.76862 9.98684E-05 0.0430564 9.98684E-05
9.98685E-05 9.98685E-05 0.0894623 9.98685E-05 9.98685E-05 9.98685E-05 9.98685E-05 9.98685E-05 9.98685E-05 0.0988928 9.98685E-05 0.0391699 0.47554 9.98685E-05 0.17673 9.98685E-05 9.98685E-05 0.118707 9.98685E-05 9.98685E-05 9.98685E-05
0.0453935 0.0189433 9.98597E-05 9.98597E-05 9.98597E-05 9.98597E-05 9.98597E-05 9.98597E-05 9.98597E-05 9.98597E-05 0.0333234 9.98597E-05 0.893293 9.98597E-05 0.00744942 9.98597E-05 9.98597E-05 9.98597E-05 9.98597E-05 9.98597E-05 9.98597E-05
0.0198599 9.98946E-05 0.00714216 9.98946E-05 9.98946E-05 0.0986491 0.0313334 9.98946E-05 9.98946E-05 0.0147342 0.0066489 0.0497475 9.98946E-05 9.98946E-05 0.0226432 9.98946E-05 9.98946E-05 0.748043 9.98946E-05 9.98946E-05 9.98946E-05
9.98859E-05 9.98859E-05 0.076404 9.98859E-05 9.98859E-05 0.0628798 9.98859E-05 0.184487 9.98859E-05 9.98859E-05 9.98859E-05 0.0324472 0.0761262 9.98859E-05 0.0817501 0.0614231 9.98859E-05 0.423184 9.98859E-05 9.98859E-05 9.98859E-05
9.98771E-05 9.98771E-05 0.126619 9.98771E-05 9.98771E-05 0.0455313 9.98771E-05 9.98771E-05 9.98771E-05 0.0925178 0.0801818 9.98771E-05 0.494352 9.98771E-05 0.085092 9.98771E-05 9.98771E-05 9.98771E-05 9.98771E-05 0.0743074 9.98771E-05
9.98683E-05 9.98683E-05 0.1425 9.98683E-05 9.98683E-05 9.98683E-05 9.98683E-05 0.0373456 9.98683E-05 9.98683E-05 9.98683E-05 9.98683E-05 0.612453 9.98683E-05 0.134152 9.98683E-05 9.98683E-05 9.98683E-05 9.98683E-05 0.0689474 0.00310351
9.98685E-05 0.101465 9.98685E-05 9.98685E-05 9.98685E-05 0.0242558 9.98685E-05 9.98685E-05 9.98685E-05 0.0796631 9.98685E-05 9.98685E-05 0.598937 9.98685E-05 0.000183711 9.98685E-05 9.98685E-05 0.193998 9.98685E-05 9.98685E-05 9.98685E-05
9.98772E-05 0.0776436 0.0346334 9.98772E-05 9.98772E-05 9.98772E-05 9.98772E-05 9.98772E-05 9.98772E-05 9.98772E-05 0.0313583 0.051428 0.00619821 9.98772E-05 9.98772E-05 9.98772E-05 9.98772E-05 0.633814 0.163527 9.98772E-05 9.98772E-05
0.0582473 9.9851E-05 9.9851E-05 9.9851E-05 0.0151813 0.0506758 9.9851E-05 9.9851E-05 9.9851E-05 9.9851E-05 9.9851E-05 9.9851E-05 9.9851E-05 9.9851E-05 9.9851E-05 9.9851E-05 9.9851E-05 0.874198 9.9851E-05 9.9851E-05 9.9851E-05
9.98596E-05 0.080688 0.0351836 9.98596E-05 9.98596E-05 9.98596E-05 9.98596E-05 9.98596E-05 0.051074 9.98596E-05 0.101792 9.98596E-05 0.729664 9.98596E-05 9.98596E-05 9.98596E-05 9.98596E-05 9.98596E-05 9.98596E-05 9.98596E-05 9.98596E-05
9.9886E-05 0.00563861 9.9886E-05 9.9886E-05 9.9886E-05 0.00915583 9.9886E-05 9.9886E-05 0.0165398 9.9886E-05 0.0395566 9.9886E-05 0.713267 9.9886E-05 0.167863 9.9886E-05 0.0361403 9.9886E-05 9.9886E-05 0.0105406 9.9886E-05
0.0433208 9.98771E-05 0.0185554 9.98771E-05 9.98771E-05 9.98771E-05 9.98771E-05 0.0537346 9.98771E-05 9.98771E-05 9.98771E-05 9.98771E-05 0.662736 0.0634248 0.14648 9.98771E-05 9.98771E-05 9.98771E-05 9.98771E-05 0.0103494 9.98771E-05
0.00499011 9.98684E-05 0.0628476 9.98684E-05 9.98684E-05 0.0250916 9.98684E-05 9.98684E-05 9.98684E-05 0.0598011 9.98684E-05 9.98684E-05 9.98684E-05 9.98684E-05 0.0895691 9.98684E-05 9.98684E-05 0.756202 9.98684E-05 9.98684E-05 9.98684E-05
9.98598E-05 9.98598E-05 0.195634 0.0546959 9.98598E-05 9.98598E-05 9.98598E-05 9.98598E-05 9.98598E-05 0.174263 9.98598E-05 9.98598E-05 9.98598E-05 9.98598E-05 0.0366974 9.98598E-05 9.98598E-05 0.537112 9.98598E-05 9.98598E-05 9.98598E-05
0.0318356 9.98596E-05 9.98596E-05 9.98596E-05 9.98596E-05 9.98596E-05 9.98596E-05 0.00468062 9.98596E-05 0.207996 9.98596E-05 9.98596E-05 0.254707 9.98596E-05 9.98596E-05 9.98596E-05 9.98596E-05 0.499182 9.98596E-05 9.98596E-05 9.98596E-05
9.9877E-05 9.9877E-05 0.124832 0.0256256 9.9877E-05 0.0159578 9.9877E-05 9.9877E-05 9.9877E-05 9.9877E-05 0.0963924 0.0766488 0.48519 9.9877E-05 0.173955 9.9877E-05 9.9877E-05 9.9877E-05 9.9877E-05 9.9877E-05 9.9877E-05
0.0625801 9.98684E-05 0.485066 9.98684E-05 9.98684E-05 9.98684E-05 9.98684E-05 9.98684E-05 9.98684E-05 9.98684E-05 9.98684E-05 9.98684E-05 0.239678 9.98684E-05 0.123477 9.98684E-05 9.98684E-05 0.0275711 0.0601304 9.98684E-05 9.98684E-05
0.0390852 9.98596E-05 9.98596E-05 9.98596E-05 9.98596E-05 9.98596E-05 9.98596E-05 9.98596E-05 0.055146 9.98596E-05 9.98596E-05 9.98596E-05 0.367775 9.98596E-05 0.0341015 9.98596E-05 9.98596E-05 0.502295 9.98596E-05 9.98596E-05 9.98596E-05
9.98684E-05 9.98684E-05 9.98684E-05 9.98684E-05 9.98684E-05 0.027648 9.98684E-05 9.98684E-05 9.98684E-05 9.98684E-05 0.0319346 9.98684E-05 0.0530143 9.98684E-05 0.0820515 9.98684E-05 9.98684E-05 0.707148 0.0967052 9.98684E-05 9.98684E-05
9.98245E-05 9.98245E-05 9.98245E-05 9.98245E-05 9.98245E-05 9.98245E-05 9.98245E-05 9.98245E-05 9.98245E-05 9.98245E-05 9.98245E-05 9.98245E-05 0.998004 9.98245E-05 9.98245E-05 9.98245E-05 9.98245E-05 9.98245E-05 9.98245E-05 9.98245E-05 9.98245E-05
0.0128556 9.98858E-05 0.137368 9.98858E-05 9.98858E-05 0.0351148 9.98858E-05 9.98858E-05 9.98858E-05 9.98858E-05 9.98858E-05 0.00988337 0.111394 9.98858E-05 0.123938 9.98858E-05 9.98858E-05 0.565221 9.98858E-05 0.00292642 9.98858E-05
0.0365628 9.98686E-05 9.98686E-05 9.98686E-05 0.126207 0.0107716 9.98686E-05 9.98686E-05 9.98686E-05 9.98686E-05 0.0260831 9.98686E-05 9.98686E-05 9.98686E-05 9.98686E-05 9.98686E-05 0.0456693 0.753208 9.98686E-05 9.98686E-05 9.98686E-05
9.99034E-05 9.99034E-05 0.0135362 9.99034E-05 9.99034E-05 0.114973 9.99034E-05 9.99034E-05 9.99034E-05 0.13937 0.0659109 9.99034E-05 0.303751 0.0315125 0.219551 0.0281952 9.99034E-05 0.0426311 0.03947 9.99034E-05 9.99034E-05
9.98598E-05 9.98598E-05 0.19816 0.0761748 9.98598E-05 9.98598E-05 9.98598E-05 9.98598E-05 0.0355027 9.98598E-05 9.98598E-05 9.98598E-05 0.643111 9.98598E-05 9.98598E-05 9.98598E-05 9.98598E-05 9.98598E-05 0.045454 9.98598E-05 9.98598E-05
9.98509E-05 0.000215391 9.98509E-05 9.98509E-05 9.98509E-05 9.98509E-05 9.98509E-05 9.98509E-05 9.98509E-05 9.98509E-05 9.98509E-05 9.98509E-05 9.98509E-05 9.98509E-05 0.0122166 9.98509E-05 9.98509E-05 0.948016 9.98509E-05 9.98509E-05 0.0378544
9.98596E-05 9.98596E-05 9.98596E-05 9.98596E-05 9.98596E-05 0.00998757 9.98596E-05 9.98596E-05 9.98596E-05 9.98596E-05 9.98596E-05 9.98596E-05 0.859156 0.0429713 0.0072749 9.98596E-05 9.98596E-05 9.98596E-05 9.98596E-05 0.0790123 9.98596E-05
9.9851E-05 9.9851E-05 9.9851E-05 9.9851E-05 9.9851E-05 9.9851E-05 0.174522 9.9851E-05 9.9851E-05 9.9851E-05 9.9851E-05 9.9851E-05 0.310938 9.9851E-05 0.0450527 9.9851E-05 9.9851E-05 0.46779 9.9851E-05 9.9851E-05 9.9851E-05
0.094437 9.99036E-05 9.99036E-05 9.99036E-05 9.99036E-05 0.0655124 9.99036E-05 0.0524754 0.0420797 0.00186141 9.99036E-05 0.0222455 0.0886123 0.0688132 9.99036E-05 9.99036E-05 0.00133365 0.561531 9.99036E-05 9.99036E-05 9.99036E-05
0.1247 0.0355759 9.98508E-05 9.98508E-05 9.98508E-05 9.98508E-05 9.98508E-05 9.98508E-05 9.98508E-05 9.98508E-05 9.98508E-05 9.98508E-05 9.98508E-05 9.98508E-05 9.98508E-05 9.98508E-05 9.98508E-05 0.763653 9.98508E-05 9.98508E-05 0.0743733
9.9851E-05 9.9851E-05 9.9851E-05 9.9851E-05 9.9851E-05 0.0367647 9.9851E-05 9.9851E-05 9.9851E-05 9.9851E-05 9.9851E-05 9.9851E-05 9.9851E-05 9.9851E-05 0.00125144 9.9851E-05 9.9851E-05 0.770404 0.189882 9.9851E-05 9.9851E-05
9.98245E-05 9.98245E-05 9.98245E-05 9.98245E-05 9.98245E-05 9.98245E-05 9.98245E-05 9.98245E-05 9.98245E-05 9.98245E-05 9.98245E-05 9.98245E-05 0.998004 9.98245E-05 9.98245E-05 9.98245E-05 9.98245E-05 9.98245E-05 9.98245E-05 9.98245E-05 9.98245E-05
9.98596E-05 9.98596E-05 0.097106 9.98596E-05 9.98596E-05 0.0194499 9.98596E-05 9.98596E-05 9.98596E-05 9.98596E-05 0.0964421 0.635665 9.98596E-05 9.98596E-05 0.14974 9.98596E-05 9.98596E-05 9.98596E-05 9.98596E-05 9.98596E-05 9.98596E-05
9.98423E-05 9.98423E-05 9.98423E-05 9.98423E-05 9.98423E-05 9.98423E-05 9.98423E-05 9.98423E-05 9.98423E-05 9.98423E-05 9.98423E-05 0.993305 9.98423E-05 0.00286946 9.98423E-05 9.98423E-05 9.98423E-05 9.98423E-05 0.00202837 9.98423E-05 9.98423E-05
9.98421E-05 9.98421E-05 9.98421E-05 9.98421E-05 0.00740868 9.98421E-05 9.98421E-05 9.98421E-05 9.98421E-05 9.98421E-05 9.98421E-05 0.960027 9.98421E-05 9.98421E-05 9.98421E-05 9.98421E-05 9.98421E-05 9.98421E-05 9.98421E-05 9.98421E-05 0.0307673
9.98772E-05 0.288684 9.98772E-05 9.98772E-05 0.0984836 9.98772E-05 9.98772E-05 9.98772E-05 0.0021575 9.98772E-05 0.188458 0.336363 9.98772E-05 9.98772E-05 0.0589183 9.98772E-05 9.98772E-05 9.98772E-05 0.0255377 9.98772E-05 9.98772E-05
0.0113453 9.98945E-05 0.082858 9.98945E-05 0.0293931 9.98945E-05 9.98945E-05 9.98945E-05 0.066032 9.98945E-05 0.0723986 0.642201 9.98945E-05 9.98945E-05 0.0581639 9.98945E-05 0.00752357 9.98945E-05 9.98945E-05 9.98945E-05 0.0288858
9.98417E-05 9.98417E-05 0.0903826 9.98417E-05 9.98417E-05 9.98417E-05 9.98417E-05 9.98417E-05 9.98417E-05 9.98417E-05 9.98417E-05 0.699589 9.98417E-05 9.98417E-05 0.208231 9.98417E-05 9.98417E-05 9.98417E-05 9.98417E-05 9.98417E-05 9.98417E-05
9.98595E-05 0.356834 9.98595E-05 9.98595E-05 9.98595E-05 9.98595E-05 9.98595E-05 9.98595E-05 9.98595E-05 9.98595E-05 0.0115745 0.499793 9.98595E-05 9.98595E-05 0.129097 9.98595E-05 9.98595E-05 9.98595E-05 9.98595E-05 0.00110333 9.98595E-05
0.0179655 0.109067 9.98769E-05 9.98769E-05 0.0206028 9.98769E-05 9.98769E-05 9.98769E-05 9.98769E-05 9.98769E-05 0.0653112 0.58068 9.98769E-05 9.98769E-05 0.105795 9.98769E-05 9.98769E-05 9.98769E-05 9.98769E-05 9.98769E-05 0.0991801
9.98509E-05 9.98509E-05 9.98509E-05 9.98509E-05 0.016306 9.98509E-05 9.98509E-05 9.98509E-05 9.98509E-05 9.98509E-05 9.98509E-05 0.978289 9.98509E-05 9.98509E-05 0.0020184 9.98509E-05 9.98509E-05 9.98509E-05 9.98509E-05 9.98509E-05 0.00168905
9.98332E-05 9.98332E-05 9.98332E-05 9.98332E-05 9.98332E-05 0.0814075 9.98332E-05 9.98332E-05 9.98332E-05 9.98332E-05 9.98332E-05 0.916696 9.98332E-05 9.98332E-05 9.98332E-05 9.98332E-05 9.98332E-05 9.98332E-05 9.98332E-05 9.98332E-05 9.98332E-05
0.0232559 9.98769E-05 9.98769E-05 9.98769E-05 9.98769E-05 0.145275 9.98769E-05 9.98769E-05 0.0605715 9.98769E-05 0.0545538 0.466493 9.98769E-05 9.98769E-05 0.199762 9.98769E-05 9.98769E-05 9.98769E-05 9.98769E-05 9.98769E-05 0.0486895
0.0017927 0.0344351 0.130953 9.98946E-05 9.98946E-05 0.0413919 0.0223223 9.98946E-05 9.98946E-05 9.98946E-05 9.98946E-05 0.472679 9.98946E-05 9.98946E-05 0.119157 9.98946E-05 0.0794835 9.98946E-05 9.98946E-05 0.0965871 9.98946E-05
9.98771E-05 9.98771E-05 9.98771E-05 9.98771E-05 9.98771E-05 0.0568106 9.98771E-05 9.98771E-05 0.0170579 9.98771E-05 0.108518 0.479737 9.98771E-05 9.98771E-05 9.98771E-05 0.0682689 0.0488047 9.98771E-05 9.98771E-05 0.219405 9.98771E-05
0.0498795 0.102134 0.133344 9.98681E-05 9.98681E-05 9.98681E-05 9.98681E-05 9.98681E-05 9.98681E-05 9.98681E-05 9.98681E-05 0.52095 9.98681E-05 9.98681E-05 0.180571 0.0116224 9.98681E-05 9.98681E-05 9.98681E-05 9.98681E-05 9.98681E-05
9.98511E-05 9.98511E-05 9.98511E-05 9.98511E-05 9.98511E-05 9.98511E-05 9.98511E-05 9.98511E-05 9.98511E-05 0.0185569 9.98511E-05 0.898842 9.98511E-05 0.0420893 9.98511E-05 9.98511E-05 0.0388144 9.98511E-05 9.98511E-05 9.98511E-05 9.98511E-05
9.98597E-05 9.98597E-05 9.98597E-05 9.98597E-05 9.98597E-05 0.0294955 9.98597E-05 9.98597E-05 9.98597E-05 0.0787267 0.0480275 0.776508 9.98597E-05 9.98597E-05 9.98597E-05 9.98597E-05 9.98597E-05 9.98597E-05 0.0656447 9.98597E-05 9.98597E-05
0.123736 9.98593E-05 9.98593E-05 9.98593E-05 0.0684726 9.98593E-05 9.98593E-05 9.98593E-05 9.98593E-05 9.98593E-05 9.98593E-05 0.782593 9.98593E-05 9.98593E-05 0.00943834 9.98593E-05 9.98593E-05 9.98593E-05 9.98593E-05 9.98593E-05 0.0141622
0.136146 9.98682E-05 0.243524 9.98682E-05 9.98682E-05 0.0849432 0.00193455 9.98682E-05 9.98682E-05 9.98682E-05 9.98682E-05 0.525439 9.98682E-05 9.98682E-05 9.98682E-05 9.98682E-05 9.98682E-05 9.98682E-05 0.00651545 9.98682E-05 9.98682E-05
0.0174345 9.98683E-05 0.0102001 9.98683E-05 9.98683E-05 0.0262947 9.98683E-05 9.98683E-05 9.98683E-05 9.98683E-05 9.98683E-05 0.792051 9.98683E-05 9.98683E-05 0.0677075 9.98683E-05 9.98683E-05 9.98683E-05 9.98683E-05 9.98683E-05 0.0848146
9.98505E-05 9.98505E-05 9.98505E-05 9.98505E-05 9.98505E-05 9.98505E-05 9.98505E-05 9.98505E-05 9.98505E-05 0.149124 9.98505E-05 0.522139 9.98505E-05 0.134488 0.192552 9.98505E-05 9.98505E-05 9.98505E-05 9.98505E-05 9.98505E-05 9.98505E-05
9.98424E-05 9.98424E-05 9.98424E-05 9.98424E-05 0.00463083 9.98424E-05 9.98424E-05 9.98424E-05 9.98424E-05 9.98424E-05 9.98424E-05 0.911238 0.0823336 9.98424E-05 9.98424E-05 9.98424E-05 9.98424E-05 9.98424E-05 9.98424E-05 9.98424E-05 9.98424E-05
0.00618948 9.98594E-05 0.272063 9.98594E-05 9.98594E-05 9.98594E-05 9.98594E-05 9.98594E-05 9.98594E-05 0.0394771 9.98594E-05 0.606597 9.98594E-05 9.98594E-05 0.0740751 9.98594E-05 9.98594E-05 9.98594E-05 9.98594E-05 9.98594E-05 9.98594E-05
9.9886E-05 0.067698 0.0635526 9.9886E-05 9.9886E-05 9.9886E-05 0.00670509 0.132523 9.9886E-05 0.00309314 9.9886E-05 0.656518 9.9886E-05 9.9886E-05 0.0597131 9.9886E-05 9.9886E-05 0.00889849 9.9886E-05 9.9886E-05 9.9886E-05
0.135302 9.98771E-05 9.98771E-05 0.0253055 9.98771E-05 0.0024162 9.98771E-05 9.98771E-05 9.98771E-05 9.98771E-05 0.0935528 0.671103 9.98771E-05 9.98771E-05 9.98771E-05 9.98771E-05 9.98771E-05 9.98771E-05 9.98771E-05 0.0105439 0.0603777
9.9833E-05 9.9833E-05 9.9833E-05 9.9833E-05 9.9833E-05 0.154391 9.9833E-05 9.9833E-05 9.9833E-05 9.9833E-05 9.9833E-05 0.843712 9.9833E-05 9.9833E-05 9.9833E-05 9.9833E-05 9.9833E-05 9.9833E-05 9.9833E-05 9.9833E-05 9.9833E-05
9.98424E-05 9.98424E-05 9.98424E-05 9.98424E-05 9.98424E-05 9.98424E-05 9.98424E-05 9.98424E-05 0.0249341 9.98424E-05 9.98424E-05 0.965849 9.98424E-05 9.98424E-05 0.00742007 9.98424E-05 9.98424E-05 9.98424E-05 9.98424E-05 9.98424E-05 9.98424E-05
9.98246E-05 9.98246E-05 9.98246E-05 9.98246E-05 9.98246E-05 9.98246E-05 9.98246E-05 9.98246E-05 9.98246E-05 9.98246E-05 9.98246E-05 0.998004 9.98246E-05 9.98246E-05 9.98246E-05 9.98246E-05 9.98246E-05 9.98246E-05 9.98246E-05 9.98246E-05 9.98246E-05
9.98247E-05 9.98247E-05 9.98247E-05 9.98247E-05 9.98247E-05 9.98247E-05 9.98247E-05 9.98247E-05 9.98247E-05 9.98247E-05 9.98247E-05 0.998004 9.98247E-05 9.98247E-05 9.98247E-05 9.98247E-05 9.98247E-05 9.98247E-05 9.98247E-05 9.98247E-05 9.98247E-05
9.98334E-05 9.98334E-05 9.98334E-05 9.98334E-05 9.98334E-05 9.98334E-05 9.98334E-05 9.98334E-05 9.98334E-05 9.98334E-05 9.98334E-05 0.854279 9.98334E-05 9.98334E-05 9.98334E-05 9.98334E-05 9.98334E-05 9.98334E-05 9.98334E-05 9.98334E-05 0.143824
9.98947E-05 9.98947E-05 9.98947E-05 9.98947E-05 9.98947E-05 9.98947E-05 9.98947E-05 0.012986 0.0513789 0.0585918 0.0765711 0.551671 0.200778 0.0114076 0.00907815 9.98947E-05 0.0263394 9.98947E-05 9.98947E-05 9.98947E-05 9.98947E-05
9.98595E-05 9.98595E-05 9.98595E-05 9.98595E-05 9.98595E-05 0.00312482 9.98595E-05 0.558482 9.98595E-05 9.98595E-05 0.182177 9.98595E-05 9.98595E-05 9.98595E-05 0.149977 0.104641 9.98595E-05 9.98595E-05 9.98595E-05 9.98595E-05 9.98595E-05
9.9851E-05 9.9851E-05 9.9851E-05 9.9851E-05 9.9851E-05 9.9851E-05 9.9851E-05 0.880905 9.9851E-05 9.9851E-05 0.0234309 9.9851E-05 0.0279214 9.9851E-05 0.0660457 9.9851E-05 9.9851E-05 9.9851E-05 9.9851E-05 9.9851E-05 9.9851E-05
9.98858E-05 9.98858E-05 0.0309741 9.98858E-05 9.98858E-05 0.0265265 9.98858E-05 0.597464 9.98858E-05 9.98858E-05 0.0476747 9.98858E-05 9.98858E-05 0.0326383 0.160449 9.98858E-05 0.0616671 9.98858E-05 9.98858E-05 0.0413075 9.98858E-05
9.98681E-05 9.98681E-05 9.98681E-05 9.98681E-05 9.98681E-05 0.00531432 9.98681E-05 0.423437 0.00353195 9.98681E-05 0.135608 9.98681E-05 9.98681E-05 9.98681E-05 0.272836 9.98681E-05 9.98681E-05 9.98681E-05 9.98681E-05 9.98681E-05 0.157775
9.98681E-05 9.98681E-05 9.98681E-05 9.98681E-05 9.98681E-05 9.98681E-05 9.98681E-05 0.536249 0.0231126 9.98681E-05 0.206815 9.98681E-05 9.98681E-05 9.98681E-05 0.111429 9.98681E-05 0.100733 9.98681E-05 9.98681E-05 9.98681E-05 0.020163
9.98595E-05 0.0211935 9.98595E-05 9.98595E-05 9.98595E-05 9.98595E-05 9.98595E-05 0.464637 9.98595E-05 9.98595E-05 0.190681 9.98595E-05 9.98595E-05 9.98595E-05 0.27147 9.98595E-05 9.98595E-05 9.98595E-05 0.0504208 9.98595E-05 9.98595E-05
9.98858E-05 9.98858E-05 0.117498 9.98858E-05 9.98858E-05 0.0616853 9.98858E-05 0.479772 9.98858E-05 9.98858E-05 0.104137 9.98858E-05 9.98858E-05 0.0220517 0.117752 9.98858E-05 0.0327669 9.98858E-05 9.98858E-05 9.98858E-05 0.0630389
9.98683E-05 9.98683E-05 9.98683E-05 0.00291616 9.98683E-05 0.0299136 9.98683E-05 0.483391 0.0490503 9.98683E-05 0.314765 9.98683E-05 9.98683E-05 9.98683E-05 0.118466 9.98683E-05 9.98683E-05 9.98683E-05 9.98683E-05 9.98683E-05 9.98683E-05
9.9877E-05 0.232457 9.9877E-05 9.9877E-05 9.9877E-05 9.9877E-05 0.0541391 0.0928061 9.9877E-05 0.228201 0.35869 9.9877E-05 9.9877E-05 9.9877E-05 0.0267331 9.9877E-05 9.9877E-05 9.9877E-05 9.9877E-05 0.00557629 9.9877E-05
9.98683E-05 9.98683E-05 0.0587741 9.98683E-05 9.98683E-05 9.98683E-05 0.0319908 0.265877 9.98683E-05 9.98683E-05 0.302054 9.98683E-05 9.98683E-05 9.98683E-05 0.282674 9.98683E-05 9.98683E-05 9.98683E-05 0.0571311 9.98683E-05 9.98683E-05
9.98421E-05 0.306021 9.98421E-05 9.98421E-05 9.98421E-05 9.98421E-05 9.98421E-05 0.641595 9.98421E-05 9.98421E-05 0.0505861 9.98421E-05 9.98421E-05 9.98421E-05 9.98421E-05 9.98421E-05 9.98421E-05 9.98421E-05 9.98421E-05 9.98421E-05 9.98421E-05
9.98683E-05 0.175486 9.98683E-05 9.98683E-05 9.98683E-05 0.0594426 9.98683E-05 0.613086 0.0131687 0.0110221 9.98683E-05 9.98683E-05 9.98683E-05 9.98683E-05 0.126297 9.98683E-05 9.98683E-05 9.98683E-05 9.98683E-05 9.98683E-05 9.98683E-05
9.98684E-05 9.98684E-05 9.98684E-05 9.98684E-05 9.98684E-05 0.0094195 9.98684E-05 0.708583 9.98684E-05 9.98684E-05 0.140514 9.98684E-05 9.98684E-05 9.98684E-05 9.98684E-05 9.98684E-05 0.0338276 9.98684E-05 0.103251 9.98684E-05 0.00290631
9.98772E-05 9.98772E-05 9.98772E-05 0.0525237 0.0418324 9.98772E-05 9.98772E-05 0.432932 9.98772E-05 0.110646 0.184356 9.98772E-05 9.98772E-05 9.98772E-05 0.165531 9.98772E-05 0.0107813 9.98772E-05 9.98772E-05 9.98772E-05 9.98772E-05
0.0237569 9.99035E-05 9.99035E-05 9.99035E-05 9.99035E-05 0.0169331 0.00193954 0.541904 0.0380976 0.0223327 0.0887987 9.99035E-05 9.99035E-05 9.99035E-05 0.0280014 9.99035E-05 9.99035E-05 9.99035E-05 9.99035E-05 0.138032 0.0991055
9.99034E-05 9.99034E-05 9.99034E-05 9.99034E-05 0.0501584 0.0673632 9.99034E-05 0.37358 0.00973178 0.0989878 0.16744 9.99034E-05 9.99034E-05 9.99034E-05 0.098862 9.99034E-05 0.0752349 9.99034E-05 0.0495562 9.99034E-05 0.00798755
9.98595E-05 0.229188 9.98595E-05 9.98595E-05 9.98595E-05 9.98595E-05 9.98595E-05 0.475951 0.0658978 9.98595E-05 0.0627114 9.98595E-05 9.98595E-05 9.98595E-05 0.164654 9.98595E-05 9.98595E-05 9.98595E-05 9.98595E-05 9.98595E-05 9.98595E-05
9.98772E-05 9.98772E-05 0.160285 9.98772E-05 0.0313896 9.98772E-05 9.98772E-05 0.486582 9.98772E-05 0.0655829 0.104086 9.98772E-05 9.98772E-05 9.98772E-05 9.98772E-05 9.98772E-05 0.123281 0.0273961 9.98772E-05 9.98772E-05 9.98772E-05
9.9877E-05 0.035066 0.0281188 9.9877E-05 9.9877E-05 0.0616599 9.9877E-05 0.754606 9.9877E-05 9.9877E-05 0.0755756 9.9877E-05 9.9877E-05 9.9877E-05 9.9877E-05 0.0256399 0.0179352 9.9877E-05 9.9877E-05 9.9877E-05 9.9877E-05
9.98859E-05 9.98859E-05 9.98859E-05 9.98859E-05 9.98859E-05 0.00580445 9.98859E-05 0.530073 0.0868283 0.105725 0.0722536 9.98859E-05 9.98859E-05 9.98859E-05 0.12809 9.98859E-05 9.98859E-05 9.98859E-05 0.0471522 0.0227756 9.98859E-05
9.98947E-05 0.0443458 0.0558217 9.98947E-05 9.98947E-05 9.98947E-05 9.98947E-05 0.51427 9.98947E-05 9.98947E-05 0.118539 9.98947E-05 9.98947E-05 9.98947E-05 0.103636 9.98947E-05 0.0579108 9.98947E-05 0.0398763 0.0506668 0.0137346
9.98594E-05 9.98594E-05 9.98594E-05 9.98594E-05 9.98594E-05 9.98594E-05 9.98594E-05 0.610932 0.0339379 9.98594E-05 0.121122 9.98594E-05 9.98594E-05 9.98594E-05 0.166619 9.98594E-05 9.98594E-05 9.98594E-05 9.98594E-05 9.98594E-05 0.065792
9.98683E-05 0.134143 9.98683E-05 9.98683E-05 9.98683E-05 9.98683E-05 9.98683E-05 0.184889 0.124818 9.98683E-05 0.214363 9.98683E-05 9.98683E-05 9.98683E-05 0.329063 0.0112265 9.98683E-05 9.98683E-05 9.98683E-05 9.98683E-05 9.98683E-05
9.98595E-05 9.98595E-05 9.98595E-05 9.98595E-05 9.98595E-05 9.98595E-05 0.0168719 0.636555 9.98595E-05 9.98595E-05 0.221775 9.98595E-05 9.98595E-05 9.98595E-05 0.0504374 9.98595E-05 0.0727625 9.98595E-05 9.98595E-05 9.98595E-05 9.98595E-05
0.00860944 0.160413 9.98859E-05 0.0684297 9.98859E-05 0.0395032 9.98859E-05 0.147014 0.0686369 9.98859E-05 0.261833 9.98859E-05 9.98859E-05 9.98859E-05 0.244262 9.98859E-05 9.98859E-05 9.98859E-05 9.98859E-05 9.98859E-05 9.98859E-05
9.98773E-05 0.118253 0.0442733 9.98773E-05 9.98773E-05 9.98773E-05 9.98773E-05 0.494463 9.98773E-05 9.98773E-05 0.16622 0.0498273 9.98773E-05 0.00959718 0.115968 9.98773E-05 9.98773E-05 9.98773E-05 9.98773E-05 9.98773E-05 9.98773E-05
9.98597E-05 9.98597E-05 9.98597E-05 0.113631 9.98597E-05 9.98597E-05 9.98597E-05 0.743766 9.98597E-05 9.98597E-05 9.98597E-05 9.98597E-05 0.0909571 9.98597E-05 0.0354149 9.98597E-05 0.0146333 9.98597E-05 9.98597E-05 9.98597E-05 9.98597E-05
0.0967464 9.98505E-05 9.98505E-05 9.98505E-05 9.98505E-05 9.98505E-05 9.98505E-05 0.510601 9.98505E-05 9.98505E-05 0.174504 9.98505E-05 9.98505E-05 9.98505E-05 0.216452 9.98505E-05 9.98505E-05 9.98505E-05 9.98505E-05 9.98505E-05 9.98505E-05
9.98421E-05 9.98421E-05 9.98421E-05 9.98421E-05 9.98421E-05 9.98421E-05 9.98421E-05 0.428505 9.98421E-05 9.98421E-05 0.256258 9.98421E-05 9.98421E-05 9.98421E-05 0.31344 9.98421E-05 9.98421E-05 9.98421E-05 9.98421E-05 9.98421E-05 9.98421E-05
9.98683E-05 9.98683E-05 9.98683E-05 9.98683E-05 9.98683E-05 0.0235173 9.98683E-05 0.599313 0.034628 9.98683E-05 0.0326698 9.98683E-05 9.98683E-05 9.98683E-05 0.144975 9.98683E-05 0.163399 9.98683E-05 9.98683E-05 9.98683E-05 9.98683E-05
9.98684E-05 0.0282911 9.98684E-05 9.98684E-05 9.98684E-05 0.0452725 9.98684E-05 0.508591 9.98684E-05 9.98684E-05 0.0740077 9.98684E-05 9.98684E-05 9.98684E-05 0.261088 9.98684E-05 9.98684E-05 9.98684E-05 9.98684E-05 0.0812517 9.98684E-05
9.9877E-05 9.9877E-05 9.9877E-05 0.0285551 9.9877E-05 0.0414206 9.9877E-05 0.630371 0.040409 9.9877E-05 0.0552604 9.9877E-05 9.9877E-05 0.11833 0.0842558 9.9877E-05 9.9877E-05 9.9877E-05 9.9877E-05 9.9877E-05 9.9877E-05
9.98858E-05 9.98858E-05 9.98858E-05 9.98858E-05 0.00391199 0.000891064 9.98858E-05 0.193814 0.16106 9.98858E-05 0.327254 9.98858E-05 9.98858E-05 9.98858E-05 0.16926 9.98858E-05 0.108804 9.98858E-05 9.98858E-05 0.0337054 9.98858E-05
9.98858E-05 9.98858E-05 0.0896188 9.98858E-05 9.98858E-05 0.0332863 0.056841 0.43176 0.0997096 0.0343176 0.0361765 9.98858E-05 9.98858E-05 9.98858E-05 0.216991 9.98858E-05 9.98858E-05 9.98858E-05 9.98858E-05 9.98858E-05 9.98858E-05
9.98594E-05 9.98594E-05 0.0254623 9.98594E-05 9.98594E-05 9.98594E-05 9.98594E-05 0.761528 9.98594E-05 9.98594E-05 0.0273878 9.98594E-05 9.98594E-05 9.98594E-05 0.0915194 9.98594E-05 9.98594E-05 9.98594E-05 0.0925052 9.98594E-05 9.98594E-05
9.98682E-05 9.98682E-05 9.98682E-05 9.98682E-05 9.98682E-05 0.0074642 9.98682E-05 0.575015 9.98682E-05 0.218655 0.115503 9.98682E-05 9.98682E-05 0.0152193 9.98682E-05 9.98682E-05 9.98682E-05 9.98682E-05 0.066645 9.98682E-05 9.98682E-05
9.98682E-05 9.98682E-05 9.98682E-05 9.98682E-05 9.98682E-05 9.98682E-05 9.98682E-05 0.335047 9.98682E-05 0.0159368 0.160851 9.98682E-05 9.98682E-05 9.98682E-05 0.345388 9.98682E-05 9.98682E-05 9.98682E-05 9.98682E-05 0.0449258 0.0963526
9.98421E-05 9.98421E-05 9.98421E-05 9.98421E-05 9.98421E-05 9.98421E-05 9.98421E-05 0.918492 9.98421E-05 9.98421E-05 0.0583187 9.98421E-05 9.98421E-05 9.98421E-05 9.98421E-05 9.98421E-05 9.98421E-05 9.98421E-05 9.98421E-05 9.98421E-05 0.0213921
9.98597E-05 9.98597E-05 9.98597E-05 9.98597E-05 9.98597E-05 9.98597E-05 9.98597E-05 0.747422 0.0112673 9.98597E-05 0.0286262 9.98597E-05 9.98597E-05 9.98597E-05 0.156959 9.98597E-05 9.98597E-05 9.98597E-05 9.98597E-05 9.98597E-05 0.0541284
9.98511E-05 9.98511E-05 9.98511E-05 9.98511E-05 9.98511E-05 9.98511E-05 9.98511E-05 0.872167 9.98511E-05 9.98511E-05 0.123633 9.98511E-05 9.98511E-05 9.98511E-05 9.98511E-05 9.98511E-05 0.00181922 9.98511E-05 9.98511E-05 0.000683564 9.98511E-05
9.9851E-05 0.162057 9.9851E-05 9.9851E-05 9.9851E-05 9.9851E-05 9.9851E-05 0.7958 9.9851E-05 9.9851E-05 0.0327288 9.9851E-05 9.9851E-05 9.9851E-05 9.9851E-05 9.9851E-05 9.9851E-05 9.9851E-05 0.00771711 9.9851E-05 9.9851E-05
0.00782147 0.0825036 9.98858E-05 9.98858E-05 9.98858E-05 0.0429851 9.98858E-05 0.211696 9.98858E-05 0.0514326 0.156899 9.98858E-05 9.98858E-05 9.98858E-05 0.367526 0.0778379 9.98858E-05 9.98858E-05 9.98858E-05 9.98858E-05 9.98858E-05
9.98858E-05 9.98858E-05 9.98858E-05 9.98858E-05 9.98858E-05 9.98858E-05 0.0071646 0.55955 0.00405543 0.133654 0.151053 9.98858E-05 9.98858E-05 0.0157419 0.064965 9.98858E-05 0.0625181 9.98858E-05 9.98858E-05 9.98858E-05 9.98858E-05
9.98598E-05 9.98598E-05 9.98598E-05 9.98598E-05 9.98598E-05 9.98598E-05 9.98598E-05 0.699242 0.123421 9.98598E-05 0.134109 9.98598E-05 0.031406 9.98598E-05 0.010224 9.98598E-05 9.98598E-05 9.98598E-05 9.98598E-05 9.98598E-05 9.98598E-05
9.98509E-05 9.98509E-05 9.98509E-05 9.98509E-05 9.98509E-05 9.98509E-05 0.0289624 0.88527 9.98509E-05 9.98509E-05 9.98509E-05 9.98509E-05 9.98509E-05 9.98509E-05 0.0176635 9.98509E-05 9.98509E-05 0.0664063 9.98509E-05 9.98509E-05 9.98509E-05
9.98858E-05 0.148039 0.104851 9.98858E-05 9.98858E-05 9.98858E-05 9.98858E-05 0.201827 0.144817 0.0498298 0.265297 9.98858E-05 9.98858E-05 9.98858E-05 0.0456196 9.98858E-05 0.0384199 9.98858E-05 9.98858E-05 9.98858E-05 9.98858E-05
9.98683E-05 9.98683E-05 9.98683E-05 9.98683E-05 9.98683E-05 0.0232809 9.98683E-05 0.430727 9.98683E-05 0.0517753 0.12505 0.205327 9.98683E-05 9.98683E-05 0.162341 9.98683E-05 9.98683E-05 9.98683E-05 9.98683E-05 9.98683E-05 9.98683E-05
9.99036E-05 0.0224824 9.99036E-05 0.0696355 0.00739636 9.99036E-05 9.99036E-05 0.435405 0.014821 0.0427642 0.219386 9.99036E-05 9.99036E-05 0.0870097 0.0931257 9.99036E-05 9.99036E-05 9.99036E-05 9.99036E-05 9.99036E-05 0.0068747
9.98772E-05 9.98772E-05 0.112829 9.98772E-05 9.98772E-05 0.014762 9.98772E-05 0.202854 0.0160993 0.0355585 0.325622 9.98772E-05 9.98772E-05 9.98772E-05 0.290877 9.98772E-05 9.98772E-05 9.98772E-05 9.98772E-05 9.98772E-05 9.98772E-05
9.9851E-05 0.024471 9.9851E-05 9.9851E-05 9.9851E-05 9.9851E-05 9.9851E-05 0.933864 9.9851E-05 9.9851E-05 9.9851E-05 9.9851E-05 9.9851E-05 9.9851E-05 0.0312923 9.9851E-05 0.00867568 9.9851E-05 9.9851E-05 9.9851E-05 9.9851E-05
9.98945E-05 9.98945E-05 0.0151831 9.98945E-05 0.0447218 0.0135298 9.98945E-05 0.343063 9.98945E-05 0.116741 0.0477639 9.98945E-05 9.98945E-05 9.98945E-05 0.211831 9.98945E-05 9.98945E-05 9.98945E-05 0.180731 0.0252364 9.98945E-05
9.9851E-05 0.0375916 9.9851E-05 9.9851E-05 9.9851E-05 9.9851E-05 9.9851E-05 0.80439 9.9851E-05 9.9851E-05 0.100427 0.0558933 9.9851E-05 9.9851E-05 9.9851E-05 9.9851E-05 9.9851E-05 9.9851E-05 9.9851E-05 9.9851E-05 9.9851E-05
9.98684E-05 9.98684E-05 9.98684E-05 9.98684E-05 9.98684E-05 0.0325073 9.98684E-05 0.606227 9.98684E-05 0.0791774 0.166088 9.98684E-05 9.98684E-05 9.98684E-05 0.102837 9.98684E-05 9.98684E-05 9.98684E-05 0.0116653 9.98684E-05 9.98684E-05
9.98771E-05 0.060544 9.98771E-05 9.98771E-05 9.98771E-05 9.98771E-05 9.98771E-05 0.588668 9.98771E-05 9.98771E-05 0.133364 9.98771E-05 9.98771E-05 0.0420354 0.033558 9.98771E-05 9.98771E-05 9.98771E-05 9.98771E-05 0.123819 0.016613
0.0200013 9.98945E-05 0.127538 9.98945E-05 0.00268017 0.0508792 9.98945E-05 0.58593 9.98945E-05 9.98945E-05 0.0476446 9.98945E-05 9.98945E-05 9.98945E-05 0.0244119 9.98945E-05 9.98945E-05 9.98945E-05 0.11329 9.98945E-05 0.0264262
9.98508E-05 0.271793 9.98508E-05 9.98508E-05 9.98508E-05 9.98508E-05 9.98508E-05 0.193743 9.98508E-05 9.98508E-05 0.31311 9.98508E-05 9.98508E-05 9.98508E-05 0.219655 9.98508E-05 9.98508E-05 9.98508E-05 9.98508E-05 9.98508E-05 9.98508E-05
9.98593E-05 9.98593E-05 9.98593E-05 9.98593E-05 9.98593E-05 9.98593E-05 0.122023 0.512222 9.98593E-05 9.98593E-05 0.153923 9.98593E-05 9.98593E-05 9.98593E-05 0.171799 9.98593E-05 0.0384355 9.98593E-05 9.98593E-05 9.98593E-05 9.98593E-05
9.98683E-05 9.98683E-05 9.98683E-05 9.98683E-05 9.98683E-05 9.98683E-05 9.98683E-05 0.519256 0.00176292 9.98683E-05 0.0935766 9.98683E-05 9.98683E-05 0.148334 0.171893 9.98683E-05 0.0636791 9.98683E-05 9.98683E-05 9.98683E-05 9.98683E-05
9.98858E-05 0.00682016 9.98858E-05 0.0398347 9.98858E-05 9.98858E-05 0.00461004 0.656532 0.15172 9.98858E-05 0.0262742 9.98858E-05 9.98858E-05 9.98858E-05 0.0857001 9.98858E-05 9.98858E-05 9.98858E-05 9.98858E-05 0.0272097 9.98858E-05
9.98508E-05 0.115564 9.98508E-05 9.98508E-05 9.98508E-05 9.98508E-05 9.98508E-05 0.634051 9.98508E-05 9.98508E-05 0.20696 9.98508E-05 9.98508E-05 9.98508E-05 0.0417277 9.98508E-05 9.98508E-05 9.98508E-05 9.98508E-05 9.98508E-05 9.98508E-05
9.98242E-05 9.98242E-05 9.98242E-05 9.98242E-05 9.98242E-05 9.98242E-05 9.98242E-05 9.98242E-05 9.98242E-05 9.98242E-05 9.98242E-05 9.98242E-05 9.98242E-05 9.98242E-05 0.998004 9.98242E-05 9.98242E-05 9.98242E-05 9.98242E-05 9.98242E-05 9.98242E-05
9.98242E-05 9.98242E-05 9.98242E-05 9.98242E-05 9.98242E-05 9.98242E-05 9.98242E-05 9.98242E-05 9.98242E-05 9.98242E-05 0.998004 9.98242E-05 9.98242E-05 9.98242E-05 9.98242E-05 9.98242E-05 9.98242E-05 9.98242E-05 9.98242E-05 9.98242E-05 9.98242E-05
9.98241E-05 9.98241E-05 9.98241E-05 9.98241E-05 9.98241E-05 9.98241E-05 9.98241E-05 9.98241E-05 9.98241E-05 9.98241E-05 9.98241E-05 9.98241E-05 9.98241E-05 9.98241E-05 0.998004 9.98241E-05 9.98241E-05 9.98241E-05 9.98241E-05 9.98241E-05 9.98241E-05
9.98243E-05 9.98243E-05 9.98243E-05 9.98243E-05 9.98243E-05 9.98243E-05 9.98243E-05 9.98243E-05 9.98243E-05 9.98243E-05 0.998004 9.98243E-05 9.98243E-05 9.98243E-05 9.98243E-05 9.98243E-05 9.98243E-05 9.98243E-05 9.98243E-05 9.98243E-05 9.98243E-05
9.98242E-05 9.98242E-05 9.98242E-05 9.98242E-05 9.98242E-05 9.98242E-05 9.98242E-05 9.98242E-05 9.98242E-05 9.98242E-05 0.998004 9.98242E-05 9.98242E-05 9.98242E-05 9.98242E-05 9.98242E-05 9.98242E-05 9.98242E-05 9.98242E-05 9.98242E-05 9.98242E-05
9.98243E-05 9.98243E-05 9.98243E-05 9.98243E-05 9.98243E-05 9.98243E-05 9.98243E-05 9.98243E-05 9.98243E-05 9.98243E-05 0.998004 9.98243E-05 9.98243E-05 9.98243E-05 9.98243E-05 9.98243E-05 9.98243E-05 9.98243E-05 9.98243E-05 9.98243E-05 9.98243E-05
9.98241E-05 9.98241E-05 9.98241E-05 9.98241E-05 9.98241E-05 9.98241E-05 9.98241E-05 9.98241E-05 9.98241E-05 9.98241E-05 9.98241E-05 9.98241E-05 9.98241E-05 9.98241E-05 0.998004 9.98241E-05 9.98241E-05 9.98241E-05 9.98241E-05 9.98241E-05 9.98241E-05
9.98241E-05 9.98241E-05 9.98241E-05 9.98241E-05 9.98241E-05 9.98241E-05 9.98241E-05 9.98241E-05 9.98241E-05 9.98241E-05 0.998004 9.98241E-05 9.98241E-05 9.98241E-05 9.98241E-05 9.98241E-05 9.98241E-05 9.98241E-05 9.98241E-05 9.98241E-05 9.98241E-05
9.98241E-05 9.98241E-05 9.98241E-05 9.98241E-05 9.98241E-05 9.98241E-05 9.98241E-05 9.98241E-05 9.98241E-05 9.98241E-05 0.998004 9.98241E-05 9.98241E-05 9.98241E-05 9.98241E-05 9.98241E-05 9.98241E-05 9.98241E-05 9.98241E-05 9.98241E-05 9.98241E-05
9.98241E-05 9.98241E-05 9.98241E-05 9.98241E-05 9.98241E-05 9.98241E-05 9.98241E-05 9.98241E-05 9.98241E-05 9.98241E-05 9.98241E-05 9.98241E-05 9.98241E-05 9.98241E-05 0.998004 9.98241E-05 9.98241E-05 9.98241E-05 9.98241E-05 9.98241E-05 9.98241E-05
9.98241E-05 9.98241E-05 9.98241E-05 9.98241E-05 9.98241E-05 9.98241E-05 9.98241E-05 9.98241E-05 9.98241E-05 9.98241E-05 9.98241E-05 9.98241E-05 9.98241E-05 9.98241E-05 0.998004 9.98241E-05 9.98241E-05 9.98241E-05 9.98241E-05 9.98241E-05 9.98241E-05
9.98242E-05 9.98242E-05 9.98242E-05 9.98242E-05 9.98242E-05 9.98242E-05 9.98242E-05 9.98242E-05 9.98242E-05 9.98242E-05 9.98242E-05 9.98242E-05 9.98242E-05 9.98242E-05 0.998004 9.98242E-05 9.98242E-05 9.98242E-05 9.98242E-05 9.98242E-05 9.98242E-05
9.98241E-05 9.98241E-05 9.98241E-05 9.98241E-05 9.98241E-05 9.98241E-05 9.98241E-05 9.98241E-05 9.98241E-05 9.98241E-05 0.998004 9.98241E-05 9.98241E-05 9.98241E-05 9.98241E-05 9.98241E-05 9.98241E-05 9.98241E-05 9.98241E-05 9.98241E-05 9.98241E-05
9.98242E-05 9.98242E-05 9.98242E-05 9.98242E-05 9.98242E-05 9.98242E-05 9.98242E-05 9.98242E-05 9.98242E-05 9.98242E-05 0.998004 9.98242E-05 9.98242E-05 9.98242E-05 9.98242E-05 9.98242E-05 9.98242E-05 9.98242E-05 9.98242E-05 9.98242E-05 9.98242E-05
9.98242E-05 9.98242E-05 9.98242E-05 9.98242E-05 9.98242E-05 9.98242E-05 9.98242E-05 9.98242E-05 9.98242E-05 9.98242E-05 9.98242E-05 9.98242E-05 9.98242E-05 9.98242E-05 0.998004 9.98242E-05 9.98242E-05 9.98242E-05 9.98242E-05 9.98242E-05 9.98242E-05
9.98241E-05 9.98241E-05 9.98241E-05 9.98241E-05 9.98241E-05 9.98241E-05 9.98241E-05 9.98241E-05 9.98241E-05 9.98241E-05 9.98241E-05 9.98241E-05 9.98241E-05 9.98241E-05 0.998004 9.98241E-05 9.98241E-05 9.98241E-05 9.98241E-05 9.98241E-05 9.98241E-05
0.243535 9.98858E-05 9.98858E-05 0.0592122 0.0919241 9.98858E-05 9.98858E-05 0.210421 0.0173109 0.0497625 0.142924 9.98858E-05 9.98858E-05 9.98858E-05 0.183612 9.98858E-05 9.98858E-05 9.98858E-05 9.98858E-05 9.98858E-05 9.98858E-05
9.98242E-05 9.98242E-05 9.98242E-05 9.98242E-05 9.98242E-05 9.98242E-05 9.98242E-05 9.98242E-05 9.98242E-05 9.98242E-05 9.98242E-05 9.98242E-05 9.98242E-05 9.98242E-05 0.998004 9.98242E-05 9.98242E-05 9.98242E-05 9.98242E-05 9.98242E-05 9.98242E-05
9.98242E-05 9.98242E-05 9.98242E-05 9.98242E-05 9.98242E-05 9.98242E-05 9.98242E-05 9.98242E-05 9.98242E-05 9.98242E-05 0.998004 9.98242E-05 9.98242E-05 9.98242E-05 9.98242E-05 9.98242E-05 9.98242E-05 9.98242E-05 9.98242E-05 9.98242E-05 9.98242E-05
