9.99824E-05 0.194135 0.0713184 9.99824E-05 0.109749 0.471687 0.0238176 0.129092
9.99561E-05 9.99561E-05 9.99561E-05 9.99561E-05 9.99561E-05 0.77764 0.0290366 0.192823
9.99561E-05 0.0571342 9.99561E-05 0.0507366 9.99561E-05 0.891629 9.99561E-05 9.99561E-05
0.0122003 0.107959 0.00834233 0.331661 0.0729584 0.344347 0.0749037 0.0476294
9.99561E-05 9.99561E-05 9.99561E-05 0.129951 9.99561E-05 0.865252 9.99561E-05 0.00429692
0.0117912 0.149967 9.99824E-05 0.285042 0.0707931 0.28826 9.99824E-05 0.193947
9.99737E-05 0.0603737 9.99737E-05 0.328205 0.111796 0.347917 9.99737E-05 0.151407
9.99737E-05 0.190865 0.0708146 0.382142 0.0809458 0.274932 9.99737E-05 9.99737E-05
9.99649E-05 0.542773 9.99649E-05 0.0839797 9.99649E-05 0.289639 0.083208 9.99649E-05
9.99649E-05 0.00259989 0.0170803 9.99649E-05 9.99649E-05 0.963064 0.0168564 9.99649E-05
9.99648E-05 0.209991 9.99648E-05 9.99648E-05 0.148696 0.634682 0.00623031 9.99648E-05
9.99561E-05 9.99561E-05 9.99561E-05 0.106486 9.99561E-05 0.888372 0.00464189 9.99561E-05
9.99561E-05 0.0421728 9.99561E-05 9.99561E-05 0.0806432 0.876684 9.99561E-05 9.99561E-05
0.190714 9.99649E-05 9.99649E-05 0.0278178 0.0702786 0.710789 9.99649E-05 9.99649E-05
0.0457807 0.435299 9.99737E-05 0.060457 9.99737E-05 0.431883 0.0262805 9.99737E-05
9.99561E-05 0.344245 9.99561E-05 0.377504 9.99561E-05 0.277751 9.99561E-05 9.99561E-05
0.0899236 0.0130883 9.99737E-05 0.118603 9.99737E-05 0.620466 9.99737E-05 0.157619
9.99649E-05 0.273803 0.212949 9.99649E-05 9.99649E-05 0.289388 0.22346 9.99649E-05
9.99824E-05 0.392618 0.064461 0.055206 0.0246295 0.443324 0.0195613 9.99824E-05
9.99473E-05 9.99473E-05 9.99473E-05 9.99473E-05 9.99473E-05 0.967635 0.0317654 9.99473E-05
9.99737E-05 0.13844 9.99737E-05 0.302311 0.0942566 0.435997 0.0286958 9.99737E-05
9.99737E-05 0.283004 9.99737E-05 0.322211 0.0357582 0.358362 9.99737E-05 0.000365321
9.99649E-05 0.0716293 9.99649E-05 9.99649E-05 0.106996 0.806599 9.99649E-05 0.0143765
9.99649E-05 0.326298 0.0351845 0.0762639 9.99649E-05 0.561853 9.99649E-05 9.99649E-05
0.0415384 0.382101 9.99824E-05 0.00965402 0.0350333 0.362342 0.169131 9.99824E-05
0.0171253 0.137914 9.99649E-05 0.0991706 9.99649E-05 0.74539 9.99649E-05 9.99649E-05
0.142432 0.282106 0.113138 0.160368 0.0580326 0.164143 0.0637455 0.0160342
9.99649E-05 0.0441148 9.99649E-05 0.0665558 0.0562217 0.832708 9.99649E-05 9.99649E-05
0.0248896 0.175503 9.99649E-05 9.99649E-05 9.99649E-05 0.699666 0.0995424 9.99649E-05
0.0608061 0.0936915 9.99561E-05 9.99561E-05 9.99561E-05 0.845003 9.99561E-05 9.99561E-05
9.99648E-05 0.138182 9.99648E-05 9.99648E-05 0.0538542 0.72894 0.0786238 9.99648E-05
0.121577 0.129392 9.99737E-05 0.0477223 0.0605354 0.640473 9.99737E-05 9.99737E-05
9.99736E-05 0.195317 9.99736E-05 0.0318766 0.128705 0.637923 0.00587864 9.99736E-05
0.206303 0.148667 0.0728945 0.0563947 0.0187058 0.496835 9.99824E-05 9.99824E-05
9.99737E-05 0.00361325 9.99737E-05 9.99737E-05 0.08523 0.857554 0.0222279 0.0310752
9.99824E-05 0.0585709 9.99824E-05 0.0614572 0.0266364 0.796698 0.0304998 0.0259374
9.99561E-05 9.99561E-05 9.99561E-05 0.116219 9.99561E-05 0.878075 9.99561E-05 0.00520661
9.99562E-05 0.323237 9.99562E-05 9.99562E-05 9.99562E-05 0.622058 0.0542046 9.99562E-05
0.0796627 0.180313 9.99912E-05 0.0483916 0.038128 0.589869 0.000771007 0.0627649
0.133975 0.124166 9.99736E-05 0.197539 0.0146608 0.52936 9.99736E-05 9.99736E-05
9.99649E-05 0.0866465 9.99649E-05 0.0478886 0.032542 0.832523 9.99649E-05 9.99649E-05
9.99649E-05 0.192036 9.99649E-05 9.99649E-05 0.0144594 0.771868 0.0212373 9.99649E-05
0.0114082 9.99649E-05 9.99649E-05 0.101734 9.99649E-05 0.832807 9.99649E-05 0.0536509
9.99737E-05 0.351479 0.0147458 9.99737E-05 0.072681 0.530685 9.99737E-05 0.0301089
9.99824E-05 0.249076 9.99824E-05 0.239825 0.0128389 0.4368 0.0449575 0.016303
9.9956E-05 0.0585761 9.9956E-05 9.9956E-05 9.9956E-05 0.841902 0.0990221 9.9956E-05
9.99649E-05 0.0905762 0.126126 9.99649E-05 0.0139703 0.768928 9.99649E-05 9.99649E-05
9.994E-05 9.994E-05 9.994E-05 9.994E-05 9.994E-05 0.9993 9.994E-05 9.994E-05
9.99561E-05 9.99561E-05 9.99561E-05 0.169984 0.0641499 0.765366 9.99561E-05 9.99561E-05
9.99737E-05 0.0243014 0.0735089 0.053404 9.99737E-05 0.822763 0.0257225 9.99737E-05
0.0512717 0.312072 9.99824E-05 0.0965295 0.126141 0.380162 0.0336245 9.99824E-05
9.99561E-05 0.0290253 9.99561E-05 0.303352 9.99561E-05 0.667123 9.99561E-05 9.99561E-05
9.99474E-05 9.99474E-05 0.126187 9.99474E-05 9.99474E-05 0.873213 9.99474E-05 9.99474E-05
0.0409523 0.0534575 0.0743405 0.152018 9.99825E-05 0.631482 0.0475494 9.99825E-05
9.99649E-05 0.0126948 9.99649E-05 0.0277005 9.99649E-05 0.840039 0.119166 9.99649E-05
0.0673674 9.99649E-05 9.99649E-05 0.0212113 9.99649E-05 0.781924 0.129097 9.99649E-05
9.99824E-05 0.0489059 0.065507 0.0749064 0.0112182 0.759405 9.99824E-05 0.0398576
9.99649E-05 0.0140594 9.99649E-05 0.0326935 0.092968 0.859879 9.99649E-05 9.99649E-05
9.99649E-05 0.00458247 0.0143825 9.99649E-05 0.0673937 0.913241 9.99649E-05 9.99649E-05
9.99737E-05 0.322139 0.126346 9.99737E-05 0.0593125 0.151558 9.99737E-05 0.340344
9.99825E-05 9.99825E-05 0.0597745 0.14493 0.0105003 0.396797 0.0267661 0.361032
9.99649E-05 9.99649E-05 0.249879 0.0819633 9.99649E-05 0.349805 9.99649E-05 0.317954
0.0860397 0.239766 0.125081 9.99649E-05 9.99649E-05 9.99649E-05 9.99649E-05 0.548713
9.99912E-05 0.323539 0.122841 0.14664 0.00996419 0.16485 0.0678059 0.16426
0.000571436 0.509604 0.0855866 9.99912E-05 0.106544 0.0226022 0.0153043 0.259688
9.99649E-05 0.203701 0.108368 9.99649E-05 9.99649E-05 9.99649E-05 0.0842637 0.603267
9.99737E-05 0.337704 0.262411 0.0397764 0.0107302 9.99737E-05 9.99737E-05 0.349079
0.0154073 0.053026 0.179911 9.99737E-05 9.99737E-05 0.209714 9.99737E-05 0.541641
9.99824E-05 0.109179 0.0138287 0.0633921 0.192365 0.259221 9.99824E-05 0.361815
9.99737E-05 0.482435 0.0985176 9.99737E-05 0.218462 9.99737E-05 0.06165 0.138635
9.99737E-05 0.0889332 9.99737E-05 0.364155 0.146222 0.00850244 9.99737E-05 0.391887
0.00304744 0.339468 0.000152023 0.243661 0.168368 0.0433428 9.99912E-05 0.201861
9.99649E-05 0.310284 9.99649E-05 0.234874 9.99649E-05 0.0764431 9.99649E-05 0.377999
0.091312 0.0300564 0.0102498 0.146164 0.0840973 0.294041 9.99912E-05 0.34398
0.0244315 0.247182 0.0876988 9.99825E-05 0.11769 0.22778 9.99825E-05 0.295018
0.0264885 0.255572 0.129911 0.326457 9.99824E-05 0.0473883 9.99824E-05 0.213983
9.99824E-05 0.330578 0.0859325 0.0972699 0.201678 0.179063 9.99824E-05 0.105279
9.99824E-05 0.194345 0.164316 0.040802 0.0723859 0.303379 9.99824E-05 0.224572
9.99912E-05 0.203233 0.120844 0.238949 0.0847948 0.0299195 0.07497 0.247189
0.0262778 0.109543 0.0527709 0.0542704 9.99912E-05 0.36267 0.0103135 0.384055
9.99736E-05 0.271807 0.0964602 0.144812 9.99736E-05 0.192865 9.99736E-05 0.293756
0.146503 0.177419 0.0332209 0.0163398 0.00129024 0.325208 9.99912E-05 0.299919
0.005552 0.255412 0.151102 0.247753 0.020709 0.232243 9.99912E-05 0.0871291
9.99736E-05 0.245123 9.99736E-05 0.0411687 0.28206 0.348686 9.99736E-05 0.0826623
9.99649E-05 0.187638 9.99649E-05 9.99649E-05 9.99649E-05 0.436603 0.042827 0.332533
9.99825E-05 0.0328643 0.209357 0.0132002 0.00140384 0.393134 9.99825E-05 0.349841
9.99825E-05 0.147103 0.0760816 0.125881 9.99825E-05 0.253216 0.0308075 0.366711
9.99649E-05 0.296816 0.247153 9.99649E-05 9.99649E-05 0.377058 9.99649E-05 0.0785729
0.0806583 0.312065 0.00111348 0.111603 0.00802561 0.204185 9.99912E-05 0.282249
0.543892 0.455508 9.99473E-05 9.99473E-05 9.99473E-05 9.99473E-05 9.99473E-05 9.99473E-05
0.88794 0.10694 9.99561E-05 9.99561E-05 9.99561E-05 0.00462043 9.99561E-05 9.99561E-05
0.61993 0.242292 0.0602945 9.99648E-05 0.0770834 9.99648E-05 9.99648E-05 9.99648E-05
0.521047 0.378369 0.0445408 9.99648E-05 0.0556434 9.99648E-05 9.99648E-05 9.99648E-05
0.599864 0.320562 0.0308615 9.99648E-05 9.99648E-05 9.99648E-05 0.0483121 9.99648E-05
0.529093 0.436992 9.99648E-05 9.99648E-05 9.99648E-05 9.99648E-05 0.00815578 0.02536
0.573318 0.34127 0.0318429 9.99648E-05 0.0531699 9.99648E-05 9.99648E-05 9.99648E-05
0.444772 0.554629 9.99473E-05 9.99473E-05 9.99473E-05 9.99473E-05 9.99473E-05 9.99473E-05
0.140887 0.482222 9.99736E-05 0.0118124 0.11298 9.99736E-05 9.99736E-05 0.251799
0.336522 0.641586 0.0213923 9.99561E-05 9.99561E-05 9.99561E-05 9.99561E-05 9.99561E-05
0.668688 0.0344961 9.99649E-05 9.99649E-05 0.0222368 9.99649E-05 9.99649E-05 0.274179
0.694718 0.0207008 9.99736E-05 9.99736E-05 0.0610597 9.99736E-05 0.0354859 0.187736
0.8833 0.110645 0.00555507 9.99561E-05 9.99561E-05 9.99561E-05 9.99561E-05 9.99561E-05
0.576147 0.423207 9.99561E-05 9.99561E-05 0.000146123 9.99561E-05 9.99561E-05 9.99561E-05
0.620501 0.112727 0.181045 0.0195551 0.043836 9.99824E-05 0.0221365 9.99824E-05
0.492479 0.321375 9.99736E-05 9.99736E-05 0.0765493 9.99736E-05 0.0459917 0.0633052
0.500639 0.231286 9.99648E-05 9.99648E-05 9.99648E-05 9.99648E-05 0.0677813 0.199894
0.592421 0.296513 9.99649E-05 0.0225071 0.0881591 9.99649E-05 9.99649E-05 9.99649E-05
0.792668 0.098434 9.9956E-05 9.9956E-05 0.108398 9.9956E-05 9.9956E-05 9.9956E-05
0.560147 0.250425 0.00387898 9.99649E-05 9.99649E-05 9.99649E-05 0.185149 9.99649E-05
0.643818 0.218181 0.0279351 0.0206949 9.99824E-05 9.99824E-05 0.0343043 0.0548663
0.715027 0.192338 0.037012 9.99648E-05 0.0552232 9.99648E-05 9.99648E-05 9.99648E-05
0.228626 0.576762 9.99824E-05 0.00416933 0.0265225 9.99824E-05 0.0991353 0.0645853
0.624636 0.279668 9.99561E-05 9.99561E-05 9.99561E-05 9.99561E-05 0.095196 9.99561E-05
0.231254 0.505473 9.99736E-05 0.0246542 9.99736E-05 9.99736E-05 0.155115 0.0832036
0.416191 0.398758 9.99561E-05 9.99561E-05 9.99561E-05 9.99561E-05 9.99561E-05 0.184551
0.884964 9.99562E-05 9.99562E-05 9.99562E-05 9.99562E-05 0.0414786 0.0730572 9.99562E-05
0.465765 0.413281 9.99736E-05 0.0642917 0.00238629 9.99736E-05 0.0539761 9.99736E-05
0.372589 0.594896 9.99562E-05 9.99562E-05 9.99562E-05 9.99562E-05 9.99562E-05 0.0320146
0.617229 0.18111 9.99649E-05 9.99649E-05 0.165227 9.99649E-05 0.0360338 9.99649E-05
0.556445 0.31819 9.99649E-05 9.99649E-05 0.108092 9.99649E-05 0.0168737 9.99649E-05
0.703551 0.0931038 9.99561E-05 9.99561E-05 9.99561E-05 9.99561E-05 0.202845 9.99561E-05
0.283264 0.522045 9.99648E-05 9.99648E-05 0.042244 9.99648E-05 0.152047 9.99648E-05
0.51854 0.414134 9.99632E-05 9.99632E-05 9.99632E-05 9.99632E-05 0.0668256 9.99632E-05
0.824661 0.168505 0.00633396 9.99561E-05 9.99561E-05 9.99561E-05 9.99561E-05 9.99561E-05
0.636544 0.180031 9.99824E-05 0.128524 0.0219011 9.99824E-05 0.00116036 0.0316395
0.38064 0.44448 0.143318 9.99736E-05 0.0246609 9.99736E-05 0.00660122 9.99736E-05
0.928049 0.071351 9.99473E-05 9.99473E-05 9.99473E-05 9.99473E-05 9.99473E-05 9.99473E-05
0.757713 0.165753 0.0239694 9.99737E-05 0.0278848 9.99737E-05 0.0243803 9.99737E-05
0.93539 0.0341117 9.99649E-05 9.99649E-05 0.00847145 9.99649E-05 0.021627 9.99649E-05
0.858289 9.99562E-05 9.99562E-05 9.99562E-05 9.99562E-05 9.99562E-05 0.0418529 0.0993583
0.313227 0.494545 9.99824E-05 0.00767088 0.0331183 9.99824E-05 0.0192201 0.132019
0.681174 0.20556 9.99561E-05 0.112766 9.99561E-05 9.99561E-05 9.99561E-05 9.99561E-05
0.823956 0.149513 9.99649E-05 9.99649E-05 9.99649E-05 9.99649E-05 0.0255059 0.000625227
0.958789 0.0406112 9.99474E-05 9.99474E-05 9.99474E-05 9.99474E-05 9.99474E-05 9.99474E-05
0.150659 0.364227 9.99736E-05 0.0126284 9.99736E-05 9.99736E-05 0.186884 0.285301
0.538441 0.383587 0.0150019 9.99649E-05 0.0625698 9.99649E-05 9.99649E-05 9.99649E-05
0.405928 0.330964 0.000299578 0.107078 9.99737E-05 9.99737E-05 9.99737E-05 0.155431
0.240741 0.721093 9.99649E-05 9.99649E-05 0.0208521 9.99649E-05 0.0169136 9.99649E-05
0.9993 9.994E-05 9.994E-05 9.994E-05 9.994E-05 9.994E-05 9.994E-05 9.994E-05
0.389719 0.277919 9.99736E-05 0.264492 0.0599285 9.99736E-05 0.00764231 9.99736E-05
0.811169 0.0203448 9.99562E-05 9.99562E-05 9.99562E-05 9.99562E-05 9.99562E-05 0.167987
0.617566 0.347849 9.99561E-05 9.99561E-05 0.0340848 9.99561E-05 9.99561E-05 9.99561E-05
0.579072 0.248662 9.99649E-05 0.0922843 9.99649E-05 9.99649E-05 9.99649E-05 0.0795825
0.686929 0.14949 0.0627872 9.99736E-05 0.0744571 9.99736E-05 0.0260376 9.99736E-05
0.279868 0.506696 9.99648E-05 9.99648E-05 9.99648E-05 9.99648E-05 0.0734601 0.139576
0.561933 0.437467 9.99472E-05 9.99472E-05 9.99472E-05 9.99472E-05 9.99472E-05 9.99472E-05
0.614262 0.232056 9.99736E-05 0.0599901 0.0490606 9.99736E-05 0.0443305 9.99736E-05
0.759944 0.0595199 9.99561E-05 9.99561E-05 9.99561E-05 9.99561E-05 0.180036 9.99561E-05
0.710505 0.28305 9.99561E-05 9.99561E-05 9.99561E-05 9.99561E-05 9.99561E-05 0.00594567
9.99472E-05 0.859349 9.99472E-05 9.99472E-05 9.99472E-05 9.99472E-05 0.140051 9.99472E-05
9.994E-05 0.9993 9.994E-05 9.994E-05 9.994E-05 9.994E-05 9.994E-05 9.994E-05
9.9956E-05 0.887363 0.0521766 9.9956E-05 9.9956E-05 9.9956E-05 0.0599607 9.9956E-05
9.994E-05 0.9993 9.994E-05 9.994E-05 9.994E-05 9.994E-05 9.994E-05 9.994E-05
9.994E-05 0.9993 9.994E-05 9.994E-05 9.994E-05 9.994E-05 9.994E-05 9.994E-05
9.994E-05 0.9993 9.994E-05 9.994E-05 9.994E-05 9.994E-05 9.994E-05 9.994E-05
9.99472E-05 0.914471 9.99472E-05 9.99472E-05 9.99472E-05 9.99472E-05 0.0849296 9.99472E-05
9.994E-05 0.9993 9.994E-05 9.994E-05 9.994E-05 9.994E-05 9.994E-05 9.994E-05
9.994E-05 0.9993 9.994E-05 9.994E-05 9.994E-05 9.994E-05 9.994E-05 9.994E-05
9.99472E-05 0.934651 9.99472E-05 9.99472E-05 9.99472E-05 9.99472E-05 0.0647494 9.99472E-05
9.99473E-05 0.967893 9.99473E-05 9.99473E-05 9.99473E-05 9.99473E-05 0.0315071 9.99473E-05
9.99473E-05 0.985282 9.99473E-05 9.99473E-05 9.99473E-05 9.99473E-05 0.0141179 9.99473E-05
9.994E-05 0.9993 9.994E-05 9.994E-05 9.994E-05 9.994E-05 9.994E-05 9.994E-05
9.994E-05 0.9993 9.994E-05 9.994E-05 9.994E-05 9.994E-05 9.994E-05 9.994E-05
9.99473E-05 0.860288 9.99473E-05 9.99473E-05 9.99473E-05 9.99473E-05 0.139112 9.99473E-05
9.99472E-05 0.922123 9.99472E-05 9.99472E-05 9.99472E-05 9.99472E-05 0.0772777 9.99472E-05
0.32215 0.300925 0.0524988 0.172568 9.99824E-05 9.99824E-05 0.109464 0.0421947
9.99473E-05 0.883116 9.99473E-05 9.99473E-05 9.99473E-05 9.99473E-05 0.116284 9.99473E-05
9.994E-05 0.9993 9.994E-05 9.994E-05 9.994E-05 9.994E-05 9.994E-05 9.994E-05
9.99472E-05 0.936435 9.99472E-05 9.99472E-05 9.99472E-05 9.99472E-05 0.0629658 9.99472E-05
9.99472E-05 0.898718 9.99472E-05 9.99472E-05 9.99472E-05 9.99472E-05 0.100683 9.99472E-05
9.99473E-05 0.902317 9.99473E-05 9.99473E-05 9.99473E-05 9.99473E-05 0.0970832 9.99473E-05
9.994E-05 0.9993 9.994E-05 9.994E-05 9.994E-05 9.994E-05 9.994E-05 9.994E-05
9.99472E-05 0.964308 9.99472E-05 9.99472E-05 9.99472E-05 9.99472E-05 0.0350924 9.99472E-05
9.994E-05 0.9993 9.994E-05 9.994E-05 9.994E-05 9.994E-05 9.994E-05 9.994E-05
9.99472E-05 0.921424 9.99472E-05 9.99472E-05 9.99472E-05 9.99472E-05 0.0779766 9.99472E-05
9.99472E-05 0.94847 9.99472E-05 9.99472E-05 9.99472E-05 9.99472E-05 0.0509303 9.99472E-05
9.994E-05 0.9993 9.994E-05 9.994E-05 9.994E-05 9.994E-05 9.994E-05 9.994E-05
9.994E-05 0.9993 9.994E-05 9.994E-05 9.994E-05 9.994E-05 9.994E-05 9.994E-05
9.994E-05 0.9993 9.994E-05 9.994E-05 9.994E-05 9.994E-05 9.994E-05 9.994E-05
9.99561E-05 0.879326 0.0176401 9.99561E-05 9.99561E-05 9.99561E-05 0.102534 9.99561E-05
9.99472E-05 0.881821 9.99472E-05 9.99472E-05 9.99472E-05 9.99472E-05 0.11758 9.99472E-05
9.99472E-05 0.928865 9.99472E-05 9.99472E-05 9.99472E-05 9.99472E-05 0.0705352 9.99472E-05
9.99472E-05 0.933239 9.99472E-05 9.99472E-05 9.99472E-05 9.99472E-05 0.0661611 9.99472E-05
9.99472E-05 0.896813 9.99472E-05 9.99472E-05 9.99472E-05 9.99472E-05 0.102587 9.99472E-05
9.994E-05 0.9993 9.994E-05 9.994E-05 9.994E-05 9.994E-05 9.994E-05 9.994E-05
9.994E-05 0.9993 9.994E-05 9.994E-05 9.994E-05 9.994E-05 9.994E-05 9.994E-05
9.994E-05 0.9993 9.994E-05 9.994E-05 9.994E-05 9.994E-05 9.994E-05 9.994E-05
9.99472E-05 0.924478 9.99472E-05 9.99472E-05 9.99472E-05 9.99472E-05 0.0749226 9.99472E-05
9.994E-05 0.9993 9.994E-05 9.994E-05 9.994E-05 9.994E-05 9.994E-05 9.994E-05
9.994E-05 0.9993 9.994E-05 9.994E-05 9.994E-05 9.994E-05 9.994E-05 9.994E-05
9.994E-05 0.9993 9.994E-05 9.994E-05 9.994E-05 9.994E-05 9.994E-05 9.994E-05
9.994E-05 0.9993 9.994E-05 9.994E-05 9.994E-05 9.994E-05 9.994E-05 9.994E-05
9.99473E-05 0.949069 9.99473E-05 9.99473E-05 9.99473E-05 9.99473E-05 0.0503311 9.99473E-05
9.994E-05 0.9993 9.994E-05 9.994E-05 9.994E-05 9.994E-05 9.994E-05 9.994E-05
9.994E-05 0.9993 9.994E-05 9.994E-05 9.994E-05 9.994E-05 9.994E-05 9.994E-05
0.334644 0.231524 0.0599172 0.345421 9.99736E-05 9.99736E-05 0.0281936 9.99736E-05
9.9956E-05 0.902212 0.0195319 9.9956E-05 9.9956E-05 9.9956E-05 0.0777566 9.9956E-05
9.994E-05 0.9993 9.994E-05 9.994E-05 9.994E-05 9.994E-05 9.994E-05 9.994E-05
9.994E-05 0.9993 9.994E-05 9.994E-05 9.994E-05 9.994E-05 9.994E-05 9.994E-05
9.994E-05 0.9993 9.994E-05 9.994E-05 9.994E-05 9.994E-05 9.994E-05 9.994E-05
9.994E-05 0.9993 9.994E-05 9.994E-05 9.994E-05 9.994E-05 9.994E-05 9.994E-05
9.9956E-05 0.900116 0.0043323 9.9956E-05 9.9956E-05 9.9956E-05 0.0950514 9.9956E-05
9.994E-05 0.9993 9.994E-05 9.994E-05 9.994E-05 9.994E-05 9.994E-05 9.994E-05
9.99472E-05 0.94847 9.99472E-05 9.99472E-05 9.99472E-05 9.99472E-05 0.0509303 9.99472E-05
9.994E-05 0.9993 9.994E-05 9.994E-05 9.994E-05 9.994E-05 9.994E-05 9.994E-05
9.9956E-05 0.920892 0.0182762 9.9956E-05 9.9956E-05 9.9956E-05 0.0603317 9.9956E-05
9.994E-05 0.9993 9.994E-05 9.994E-05 9.994E-05 9.994E-05 9.994E-05 9.994E-05
9.994E-05 0.9993 9.994E-05 9.994E-05 9.994E-05 9.994E-05 9.994E-05 9.994E-05
9.994E-05 0.9993 9.994E-05 9.994E-05 9.994E-05 9.994E-05 9.994E-05 9.994E-05
9.994E-05 0.9993 9.994E-05 9.994E-05 9.994E-05 9.994E-05 9.994E-05 9.994E-05
9.994E-05 0.9993 9.994E-05 9.994E-05 9.994E-05 9.994E-05 9.994E-05 9.994E-05
9.994E-05 0.9993 9.994E-05 9.994E-05 9.994E-05 9.994E-05 9.994E-05 9.994E-05
9.9956E-05 0.907538 0.0172384 9.9956E-05 9.9956E-05 9.9956E-05 0.074724 9.9956E-05
9.99472E-05 0.903609 9.99472E-05 9.99472E-05 9.99472E-05 9.99472E-05 0.0957915 9.99472E-05
9.99473E-05 0.887447 9.99473E-05 9.99473E-05 9.99473E-05 9.99473E-05 0.111953 9.99473E-05
9.994E-05 0.9993 9.994E-05 9.994E-05 9.994E-05 9.994E-05 9.994E-05 9.994E-05
9.99472E-05 0.943303 9.99472E-05 9.99472E-05 9.99472E-05 9.99472E-05 0.0560974 9.99472E-05
9.99472E-05 0.984254 9.99472E-05 9.99472E-05 9.99472E-05 9.99472E-05 0.0151461 9.99472E-05
9.99472E-05 0.932802 9.99472E-05 9.99472E-05 9.99472E-05 9.99472E-05 0.0665983 9.99472E-05
9.994E-05 0.9993 9.994E-05 9.994E-05 9.994E-05 9.994E-05 9.994E-05 9.994E-05
9.994E-05 0.9993 9.994E-05 9.994E-05 9.994E-05 9.994E-05 9.994E-05 9.994E-05
9.994E-05 0.9993 9.994E-05 9.994E-05 9.994E-05 9.994E-05 9.994E-05 9.994E-05
9.99472E-05 0.936789 9.99472E-05 9.99472E-05 9.99472E-05 9.99472E-05 0.0626114 9.99472E-05
9.994E-05 0.9993 9.994E-05 9.994E-05 9.994E-05 9.994E-05 9.994E-05 9.994E-05
9.994E-05 0.9993 9.994E-05 9.994E-05 9.994E-05 9.994E-05 9.994E-05 9.994E-05
9.99472E-05 0.904397 9.99472E-05 9.99472E-05 9.99472E-05 9.99472E-05 0.0950038 9.99472E-05
9.994E-05 0.9993 9.994E-05 9.994E-05 9.994E-05 9.994E-05 9.994E-05 9.994E-05
9.994E-05 0.9993 9.994E-05 9.994E-05 9.994E-05 9.994E-05 9.994E-05 9.994E-05
0.20872 0.433004 0.110382 9.99824E-05 0.157304 9.99824E-05 0.0218958 0.0684944
9.99473E-05 0.958599 9.99473E-05 9.99473E-05 9.99473E-05 9.99473E-05 0.0408016 9.99473E-05
9.994E-05 0.9993 9.994E-05 9.994E-05 9.994E-05 9.994E-05 9.994E-05 9.994E-05
0.274607 0.588784 0.0345676 0.0161657 0.0855758 9.99737E-05 9.99737E-05 9.99737E-05
0.369247 0.415101 0.00390912 0.198815 0.00826676 9.99824E-05 9.99824E-05 0.00446095
0.347773 0.537138 9.99648E-05 0.0987125 9.99648E-05 9.99648E-05 0.0159768 9.99648E-05
0.614337 0.148528 0.0948213 0.0573069 9.99736E-05 9.99736E-05 0.0847071 9.99736E-05
0.30391 0.579831 9.9956E-05 9.9956E-05 9.9956E-05 9.9956E-05 9.9956E-05 0.115759
0.806502 0.168799 9.99562E-05 9.99562E-05 9.99562E-05 9.99562E-05 9.99562E-05 0.0241992
0.223604 0.668158 9.99736E-05 0.0450812 0.0346297 9.99736E-05 0.0282268 9.99736E-05
0.436388 0.344125 0.140454 9.99648E-05 0.0786337 9.99648E-05 9.99648E-05 9.99648E-05
0.660166 0.339234 9.99473E-05 9.99473E-05 9.99473E-05 9.99473E-05 9.99473E-05 9.99473E-05
0.641719 0.215861 9.99648E-05 0.10922 9.99648E-05 9.99648E-05 0.0327995 9.99648E-05
0.638102 0.246059 9.99561E-05 9.99561E-05 0.115339 9.99561E-05 9.99561E-05 9.99561E-05
0.206801 0.778063 9.99561E-05 0.0146364 9.99561E-05 9.99561E-05 9.99561E-05 9.99561E-05
0.19971 0.575172 0.0891363 0.0619774 9.99736E-05 9.99736E-05 9.99736E-05 0.0737041
0.690404 0.0611396 0.130733 9.99648E-05 9.99648E-05 9.99648E-05 0.117324 9.99648E-05
0.403393 0.457601 9.99736E-05 0.045892 0.062839 9.99736E-05 0.029975 9.99736E-05
0.268882 0.5577 9.99649E-05 9.99649E-05 0.0663016 9.99649E-05 9.99649E-05 0.106717
0.610028 0.25996 9.99649E-05 9.99649E-05 9.99649E-05 9.99649E-05 0.0197967 0.109816
0.315573 0.427818 0.0701378 9.99824E-05 0.106011 9.99824E-05 0.0601813 0.0200794
0.377501 0.226864 9.99736E-05 9.99736E-05 0.111726 9.99736E-05 0.108197 0.175411
0.392945 0.482997 0.0690669 9.99648E-05 9.99648E-05 9.99648E-05 0.0545915 9.99648E-05
0.563428 0.322365 9.99648E-05 0.0396119 9.99648E-05 9.99648E-05 0.074195 9.99648E-05
0.623451 0.294236 9.99561E-05 0.0818136 9.99561E-05 9.99561E-05 9.99561E-05 9.99561E-05
0.368219 0.448851 0.0906489 9.99736E-05 0.0536023 9.99736E-05 0.0383792 9.99736E-05
0.498957 0.421208 0.0258706 9.99736E-05 0.0325704 9.99736E-05 0.0210939 9.99736E-05
0.609845 0.240034 0.0654781 9.99736E-05 9.99736E-05 9.99736E-05 0.074712 0.00963085
0.925006 9.99474E-05 9.99474E-05 9.99474E-05 9.99474E-05 9.99474E-05 9.99474E-05 0.0743944
0.469777 0.268047 0.0431649 0.147453 9.99824E-05 9.99824E-05 0.0490692 0.0222885
0.246499 0.651322 0.0769602 9.99649E-05 9.99649E-05 9.99649E-05 0.0248196 9.99649E-05
0.634046 0.0199508 0.0439702 0.276327 9.99736E-05 9.99736E-05 0.0254059 9.99736E-05
0.450404 0.362361 0.0723737 9.99648E-05 9.99648E-05 9.99648E-05 0.11446 9.99648E-05
0.232733 0.648873 9.99736E-05 0.0510106 0.0351818 9.99736E-05 9.99736E-05 0.0319016
0.437639 0.489895 9.99648E-05 9.99648E-05 0.0605327 9.99648E-05 9.99648E-05 0.0115329
0.277464 0.404653 0.0354781 0.0390364 9.99824E-05 9.99824E-05 0.0309796 0.212189
0.397113 0.420575 0.0947818 9.99648E-05 0.0871305 9.99648E-05 9.99648E-05 9.99648E-05
0.428085 0.404675 0.0651852 9.99648E-05 0.101655 9.99648E-05 9.99648E-05 9.99648E-05
0.55555 0.329155 9.99648E-05 0.0551165 9.99648E-05 9.99648E-05 0.0597794 9.99648E-05
0.9993 9.994E-05 9.994E-05 9.994E-05 9.994E-05 9.994E-05 9.994E-05 9.994E-05
0.386489 0.268888 0.045893 0.0627327 0.0929237 9.99824E-05 9.99824E-05 0.142873
0.611784 0.135508 0.0205801 0.016749 0.148761 9.99824E-05 0.0664184 9.99824E-05
0.379481 0.439454 9.99648E-05 0.172193 0.00847271 9.99648E-05 9.99648E-05 9.99648E-05
0.507123 0.384937 0.10744 9.9956E-05 9.9956E-05 9.9956E-05 9.9956E-05 9.9956E-05
0.572528 0.200883 9.99737E-05 0.11701 9.99737E-05 9.99737E-05 0.0676382 0.0416411
0.44066 0.51174 9.9956E-05 9.9956E-05 9.9956E-05 9.9956E-05 0.0470997 9.9956E-05
0.210987 0.757355 9.99561E-05 9.99561E-05 9.99561E-05 9.99561E-05 9.99561E-05 0.0311584
0.144054 0.748336 0.0564845 9.99736E-05 0.0387733 9.99736E-05 9.99736E-05 0.0120523
0.506544 0.393838 0.0333869 9.99736E-05 0.0378877 9.99736E-05 0.0280434 9.99736E-05
0.9993 9.994E-05 9.994E-05 9.994E-05 9.994E-05 9.994E-05 9.994E-05 9.994E-05
0.58418 0.334887 9.99648E-05 9.99648E-05 0.0579238 9.99648E-05 0.0226097 9.99648E-05
0.824784 0.0360367 0.0534465 0.0853324 9.99649E-05 9.99649E-05 9.99649E-05 9.99649E-05
0.162388 0.459496 0.0506619 0.122901 0.00550053 9.99824E-05 9.99824E-05 0.198852
0.91816 9.99561E-05 0.0320504 9.99561E-05 9.99561E-05 9.99561E-05 9.99561E-05 0.0492893
0.526869 0.3581 9.99648E-05 9.99648E-05 0.0896563 9.99648E-05 9.99648E-05 0.0249752
0.305168 0.229128 9.99736E-05 0.115621 0.0728982 9.99736E-05 9.99736E-05 0.276885
0.406117 0.33856 9.9956E-05 9.9956E-05 9.9956E-05 9.9956E-05 9.9956E-05 0.254823
0.563623 0.136514 9.99648E-05 0.262619 9.99648E-05 9.99648E-05 0.0368447 9.99648E-05
0.524426 0.474975 9.99473E-05 9.99473E-05 9.99473E-05 9.99473E-05 9.99473E-05 9.99473E-05
0.710623 0.0573982 0.0620835 9.99649E-05 9.99649E-05 9.99649E-05 9.99649E-05 0.169496
0.760815 0.175492 9.9956E-05 9.9956E-05 0.0631935 9.9956E-05 9.9956E-05 9.9956E-05
0.524123 0.475278 9.99473E-05 9.99473E-05 9.99473E-05 9.99473E-05 9.99473E-05 9.99473E-05
0.439961 0.394026 9.99561E-05 9.99561E-05 9.99561E-05 9.99561E-05 9.99561E-05 0.165513
0.953349 0.0460518 9.99473E-05 9.99473E-05 9.99473E-05 9.99473E-05 9.99473E-05 9.99473E-05
0.877969 0.121432 9.99474E-05 9.99474E-05 9.99474E-05 9.99474E-05 9.99474E-05 9.99474E-05
0.790606 0.12049 9.99562E-05 9.99562E-05 9.99562E-05 0.088404 9.99562E-05 9.99562E-05
0.611425 0.287177 9.99736E-05 9.99736E-05 0.0693322 9.99736E-05 0.0286142 0.00315179
0.543419 0.285739 9.99648E-05 9.99648E-05 0.0778844 9.99648E-05 0.0925579 9.99648E-05
0.621716 0.370936 9.99561E-05 0.0068486 9.99561E-05 9.99561E-05 9.99561E-05 9.99561E-05
0.860504 0.138896 9.99474E-05 9.99474E-05 9.99474E-05 9.99474E-05 9.99474E-05 9.99474E-05
0.372844 0.497752 9.99737E-05 0.0430076 9.99737E-05 9.99737E-05 0.0159831 0.0701137
0.432121 0.447497 9.9956E-05 9.9956E-05 0.119882 9.9956E-05 9.9956E-05 9.9956E-05
0.68307 0.0414247 9.99737E-05 9.99737E-05 0.00765613 9.99737E-05 0.0378005 0.229749
0.379563 0.302158 9.99649E-05 9.99649E-05 9.99649E-05 9.99649E-05 0.0072868 0.310593
0.790621 9.99562E-05 9.99562E-05 9.99562E-05 9.99562E-05 0.0970825 9.99562E-05 0.111796
0.354707 0.644693 9.99473E-05 9.99473E-05 9.99473E-05 9.99473E-05 9.99473E-05 9.99473E-05
0.50734 9.99737E-05 0.146581 9.99737E-05 0.010854 9.99737E-05 0.0419303 0.292995
0.81585 0.0701758 9.99561E-05 9.99561E-05 9.99561E-05 9.99561E-05 9.99561E-05 0.113474
0.481438 0.293067 9.99561E-05 9.99561E-05 9.99561E-05 9.99561E-05 9.99561E-05 0.224995
0.793443 9.99561E-05 9.99561E-05 9.99561E-05 9.99561E-05 0.0136914 9.99561E-05 0.192366
0.675166 0.253206 9.99648E-05 0.0693961 0.00183237 9.99648E-05 9.99648E-05 9.99648E-05
0.766522 9.99474E-05 9.99474E-05 9.99474E-05 9.99474E-05 9.99474E-05 9.99474E-05 0.232878
0.384381 0.563546 9.99648E-05 9.99648E-05 0.050327 9.99648E-05 9.99648E-05 0.00134667
0.550061 0.279429 9.99648E-05 0.105407 0.0647027 9.99648E-05 9.99648E-05 9.99648E-05
0.446705 0.304187 0.0145118 0.0902454 0.123737 9.99824E-05 0.0204133 9.99824E-05
0.865217 9.99474E-05 9.99474E-05 9.99474E-05 9.99474E-05 9.99474E-05 9.99474E-05 0.134183
0.529438 0.333443 9.99737E-05 9.99737E-05 0.0806324 9.99737E-05 0.00338674 0.0527997
0.399786 0.201475 9.99736E-05 9.99736E-05 0.0178022 9.99736E-05 0.212015 0.168621
0.653795 0.0802464 9.99648E-05 9.99648E-05 0.0220671 9.99648E-05 9.99648E-05 0.243492
0.520324 0.307299 0.150272 9.99648E-05 9.99648E-05 9.99648E-05 0.0217051 9.99648E-05
0.275976 0.661479 0.0443144 9.99648E-05 0.0178308 9.99648E-05 9.99648E-05 9.99648E-05
0.396268 0.504242 9.99649E-05 0.0841419 9.99649E-05 9.99649E-05 0.0149481 9.99649E-05
0.351023 0.581284 9.99736E-05 0.00752581 0.0076195 9.99736E-05 0.052248 9.99736E-05
0.383293 0.226779 0.0151743 9.99737E-05 9.99737E-05 9.99737E-05 0.242061 0.132393
0.308162 0.329797 0.138387 9.99648E-05 9.99648E-05 9.99648E-05 9.99648E-05 0.223255
0.382796 0.570962 9.99561E-05 9.99561E-05 9.99561E-05 9.99561E-05 9.99561E-05 0.0457417
0.382554 0.0907078 9.99736E-05 9.99736E-05 0.128421 9.99736E-05 0.125304 0.272714
0.608013 0.225234 9.99561E-05 9.99561E-05 9.99561E-05 9.99561E-05 9.99561E-05 0.166253
0.763573 9.99473E-05 9.99473E-05 9.99473E-05 9.99473E-05 9.99473E-05 9.99473E-05 0.235827
0.424396 0.389688 9.99648E-05 0.184154 9.99648E-05 9.99648E-05 0.0013623 9.99648E-05
0.393112 0.377889 9.99736E-05 0.047315 0.160571 9.99736E-05 9.99736E-05 0.0208136
0.52277 0.35617 0.12056 9.99561E-05 9.99561E-05 9.99561E-05 9.99561E-05 9.99561E-05
0.326394 0.527237 9.99649E-05 9.99649E-05 9.99649E-05 9.99649E-05 0.0534277 0.0925412
0.302289 0.20392 0.124698 0.171312 0.0998936 9.99824E-05 0.0976871 9.99824E-05
0.483343 0.366729 0.0500615 0.0994667 9.99649E-05 9.99649E-05 9.99649E-05 9.99649E-05
0.274207 0.259407 9.99737E-05 9.99737E-05 0.0493169 9.99737E-05 0.25666 0.160108
0.805298 0.0603289 9.99649E-05 9.99649E-05 9.99649E-05 0.00605589 9.99649E-05 0.127918
0.708558 0.133189 9.99562E-05 9.99562E-05 9.99562E-05 9.99562E-05 9.99562E-05 0.157753
0.446589 0.401421 9.99649E-05 9.99649E-05 0.00651 9.99649E-05 9.99649E-05 0.14508
0.341186 0.0648042 0.155618 9.99736E-05 9.99736E-05 9.99736E-05 0.140068 0.298025
0.868844 9.99474E-05 9.99474E-05 9.99474E-05 9.99474E-05 9.99474E-05 9.99474E-05 0.130556
0.900393 0.00945668 9.99562E-05 9.99562E-05 9.99562E-05 9.99562E-05 9.99562E-05 0.0896501
0.626864 0.216917 0.00980875 9.99736E-05 0.015017 9.99736E-05 0.131093 9.99736E-05
0.707083 0.235098 0.0120792 9.99649E-05 9.99649E-05 9.99649E-05 0.0453399 9.99649E-05
0.792213 0.125316 9.99561E-05 9.99561E-05 0.0819715 9.99561E-05 9.99561E-05 9.99561E-05
0.423137 0.453455 9.99648E-05 0.073165 9.99648E-05 9.99648E-05 9.99648E-05 0.0498435
0.49957 0.401112 9.99649E-05 0.0839255 9.99649E-05 9.99649E-05 0.0149919 9.99649E-05
0.34883 0.254886 9.99736E-05 9.99736E-05 0.0543243 9.99736E-05 0.168107 0.173553
0.504677 0.34374 9.99561E-05 9.99561E-05 9.99561E-05 9.99561E-05 9.99561E-05 0.151083
0.564277 0.343942 9.99648E-05 0.0222395 9.99648E-05 9.99648E-05 9.99648E-05 0.0691417
0.403973 0.312633 0.159492 9.99824E-05 0.032173 9.99824E-05 0.0619143 0.0296143
0.84304 0.114154 9.99649E-05 9.99649E-05 0.0254747 9.99649E-05 0.0169315 9.99649E-05
0.2174 0.180253 9.99824E-05 0.245239 0.0429477 9.99824E-05 0.0725753 0.241385
0.595855 0.250172 0.140174 0.0124722 0.00102795 9.99736E-05 9.99736E-05 9.99736E-05
0.372333 0.547397 9.99648E-05 9.99648E-05 0.061092 9.99648E-05 0.0187781 9.99648E-05
0.323843 0.319329 9.99648E-05 9.99648E-05 9.99648E-05 9.99648E-05 0.0689456 0.287483
0.449583 0.360714 0.0131049 0.14007 0.0362284 9.99737E-05 9.99737E-05 9.99737E-05
0.604619 9.99473E-05 9.99473E-05 9.99473E-05 9.99473E-05 9.99473E-05 9.99473E-05 0.394781
0.329226 0.42095 0.0935357 9.99648E-05 0.155888 9.99648E-05 9.99648E-05 9.99648E-05
0.770776 0.0535216 9.99649E-05 9.99649E-05 9.99649E-05 9.99649E-05 0.0227061 0.152597
0.761309 0.0714356 9.99562E-05 9.99562E-05 9.99562E-05 9.99562E-05 9.99562E-05 0.166755
0.279741 0.386496 9.99736E-05 0.19704 0.0708439 9.99736E-05 9.99736E-05 0.0655793
0.396548 0.31102 9.99824E-05 0.0267091 0.00849783 9.99824E-05 0.0737857 0.18324
9.99649E-05 0.310128 9.99649E-05 0.219482 0.0645481 9.99649E-05 9.99649E-05 0.405442
9.99649E-05 0.186311 9.99649E-05 0.303188 9.99649E-05 9.99649E-05 0.0247754 0.485326
9.99649E-05 0.246836 9.99649E-05 0.328979 0.0368992 9.99649E-05 9.99649E-05 0.386886
0.178208 0.0568447 9.99737E-05 0.114137 0.05814 9.99737E-05 9.99737E-05 0.59237
0.0348334 0.221598 0.0794814 0.0797477 0.102217 9.99912E-05 0.100763 0.38126
9.99737E-05 0.263939 9.99737E-05 0.03442 9.99737E-05 0.243817 0.0215216 0.436003
9.99824E-05 0.671538 0.0197569 9.99824E-05 0.0803744 0.0398666 0.0026399 0.185624
9.99649E-05 0.167659 9.99649E-05 0.195462 0.044821 9.99649E-05 9.99649E-05 0.591659
0.0134924 9.99737E-05 9.99737E-05 0.0460877 0.0943407 0.209972 9.99737E-05 0.635808
9.99648E-05 0.232261 9.99648E-05 0.193055 0.00408531 9.99648E-05 9.99648E-05 0.570198
0.00586113 0.448935 0.0225921 0.0841368 0.125233 9.99912E-05 0.0592175 0.253924
0.035815 0.117258 9.99737E-05 9.99737E-05 9.99737E-05 0.135724 0.220254 0.490649
9.99649E-05 0.418264 9.99649E-05 0.252492 0.0649621 9.99649E-05 9.99649E-05 0.263882
9.99649E-05 0.0486892 9.99649E-05 0.0418503 9.99649E-05 0.351067 9.99649E-05 0.557994
0.0858764 0.293885 0.0225388 0.0183231 0.181499 0.0488583 0.000946929 0.348072
9.99737E-05 0.358951 9.99737E-05 0.147758 0.157528 0.00504411 9.99737E-05 0.330419
0.00742684 0.155786 9.99737E-05 0.113563 0.112309 9.99737E-05 9.99737E-05 0.610615
9.99737E-05 0.178052 9.99737E-05 0.140685 9.99737E-05 0.0668618 0.0724837 0.541618
9.99737E-05 0.211524 9.99737E-05 0.0730925 0.168513 9.99737E-05 0.0491007 0.49747
9.99561E-05 0.288052 9.99561E-05 0.163348 9.99561E-05 9.99561E-05 9.99561E-05 0.5481
9.99737E-05 0.476172 0.104733 9.99737E-05 0.0417869 0.0238367 9.99737E-05 0.353171
0.00787849 0.242362 9.99824E-05 0.147449 0.0576094 0.181662 9.99824E-05 0.362839
9.99824E-05 0.418799 0.0405584 9.99824E-05 0.0921211 0.158011 0.101827 0.188483
9.99472E-05 9.99472E-05 0.0689334 9.99472E-05 9.99472E-05 9.99472E-05 9.99472E-05 0.930467
9.99472E-05 0.0738483 9.99472E-05 9.99472E-05 9.99472E-05 9.99472E-05 9.99472E-05 0.925552
9.99472E-05 0.111995 9.99472E-05 9.99472E-05 9.99472E-05 9.99472E-05 9.99472E-05 0.887405
9.99472E-05 0.09878 9.99472E-05 9.99472E-05 9.99472E-05 9.99472E-05 9.99472E-05 0.90062
9.994E-05 9.994E-05 9.994E-05 9.994E-05 9.994E-05 9.994E-05 9.994E-05 0.9993
9.99473E-05 0.0810381 9.99473E-05 9.99473E-05 9.99473E-05 9.99473E-05 9.99473E-05 0.918362
9.99472E-05 9.99472E-05 0.0322214 9.99472E-05 9.99472E-05 9.99472E-05 9.99472E-05 0.967179
9.99473E-05 0.005562 9.99473E-05 9.99473E-05 9.99473E-05 9.99473E-05 9.99473E-05 0.993838
9.9956E-05 0.246024 9.9956E-05 0.00981929 9.9956E-05 9.9956E-05 9.9956E-05 0.743657
9.9956E-05 0.203107 9.9956E-05 9.9956E-05 0.090485 9.9956E-05 9.9956E-05 0.705908
9.994E-05 9.994E-05 9.994E-05 9.994E-05 9.994E-05 9.994E-05 9.994E-05 0.9993
9.99473E-05 0.00333869 9.99473E-05 9.99473E-05 9.99473E-05 9.99473E-05 9.99473E-05 0.996062
9.9956E-05 0.168779 9.9956E-05 9.9956E-05 0.081732 9.9956E-05 9.9956E-05 0.748989
9.994E-05 9.994E-05 9.994E-05 9.994E-05 9.994E-05 9.994E-05 9.994E-05 0.9993
9.994E-05 9.994E-05 9.994E-05 9.994E-05 9.994E-05 9.994E-05 9.994E-05 0.9993
9.99473E-05 0.00764792 9.99473E-05 9.99473E-05 9.99473E-05 9.99473E-05 9.99473E-05 0.991752
9.99472E-05 9.99472E-05 0.0535219 9.99472E-05 9.99472E-05 9.99472E-05 9.99472E-05 0.945878
9.994E-05 9.994E-05 9.994E-05 9.994E-05 9.994E-05 9.994E-05 9.994E-05 0.9993
9.99473E-05 0.0342899 9.99473E-05 9.99473E-05 9.99473E-05 9.99473E-05 9.99473E-05 0.96511
9.99473E-05 9.99473E-05 9.99473E-05 9.99473E-05 0.0275224 9.99473E-05 9.99473E-05 0.971878
9.99472E-05 0.343104 9.99472E-05 9.99472E-05 9.99472E-05 9.99472E-05 9.99472E-05 0.656297
9.994E-05 9.994E-05 9.994E-05 9.994E-05 9.994E-05 9.994E-05 9.994E-05 0.9993
9.9956E-05 0.318771 9.9956E-05 9.9956E-05 9.9956E-05 9.9956E-05 0.0419328 0.638796
0.766584 0.0908232 0.013356 9.99649E-05 9.99649E-05 9.99649E-05 0.128837 9.99649E-05
9.994E-05 9.994E-05 9.994E-05 9.994E-05 9.994E-05 9.994E-05 9.994E-05 0.9993
9.994E-05 9.994E-05 9.994E-05 9.994E-05 9.994E-05 9.994E-05 9.994E-05 0.9993
9.99736E-05 0.199874 9.99736E-05 0.0286759 0.034517 9.99736E-05 0.0290376 0.707595
9.994E-05 9.994E-05 9.994E-05 9.994E-05 9.994E-05 9.994E-05 9.994E-05 0.9993
9.99472E-05 0.247613 9.99472E-05 9.99472E-05 9.99472E-05 9.99472E-05 9.99472E-05 0.751788
9.994E-05 9.994E-05 9.994E-05 9.994E-05 9.994E-05 9.994E-05 9.994E-05 0.9993
9.994E-05 9.994E-05 9.994E-05 9.994E-05 9.994E-05 9.994E-05 9.994E-05 0.9993
9.99472E-05 9.99472E-05 9.99472E-05 9.99472E-05 9.99472E-05 9.99472E-05 0.00524728 0.994153
9.994E-05 9.994E-05 9.994E-05 9.994E-05 9.994E-05 9.994E-05 9.994E-05 0.9993
9.99472E-05 0.0226303 9.99472E-05 9.99472E-05 9.99472E-05 9.99472E-05 9.99472E-05 0.97677
9.994E-05 9.994E-05 9.994E-05 9.994E-05 9.994E-05 9.994E-05 9.994E-05 0.9993
9.994E-05 9.994E-05 9.994E-05 9.994E-05 9.994E-05 9.994E-05 9.994E-05 0.9993
9.99472E-05 0.114334 9.99472E-05 9.99472E-05 9.99472E-05 9.99472E-05 9.99472E-05 0.885067
9.994E-05 9.994E-05 9.994E-05 9.994E-05 9.994E-05 9.994E-05 9.994E-05 0.9993
9.9956E-05 0.0662747 9.9956E-05 0.0768444 9.9956E-05 9.9956E-05 9.9956E-05 0.856381
9.994E-05 9.994E-05 9.994E-05 9.994E-05 9.994E-05 9.994E-05 9.994E-05 0.9993
9.994E-05 9.994E-05 9.994E-05 9.994E-05 9.994E-05 9.994E-05 9.994E-05 0.9993
9.994E-05 9.994E-05 9.994E-05 9.994E-05 9.994E-05 9.994E-05 9.994E-05 0.9993
9.9956E-05 0.367798 9.9956E-05 9.9956E-05 9.9956E-05 9.9956E-05 0.0181116 0.613591
9.99472E-05 9.99472E-05 9.99472E-05 9.99472E-05 0.0154392 9.99472E-05 9.99472E-05 0.983961
9.99824E-05 0.217155 9.99824E-05 0.412327 0.140262 0.148912 0.00101619 0.0801277
9.99649E-05 0.366398 9.99649E-05 0.522441 0.0288206 0.08194 9.99649E-05 9.99649E-05
9.99825E-05 0.335063 0.019748 0.326461 0.181239 9.99825E-05 0.0791193 0.0581695
9.99737E-05 0.235991 0.0363931 0.350249 0.230888 0.146179 9.99737E-05 9.99737E-05
9.99737E-05 0.391207 9.99737E-05 0.441998 0.0981119 0.057255 9.99737E-05 0.011129
9.99825E-05 0.416613 0.101217 0.285401 0.10476 0.0669901 9.99825E-05 0.0248192
9.99736E-05 0.402739 9.99736E-05 0.368187 0.114488 0.0920211 9.99736E-05 0.0222651
9.99737E-05 0.350811 9.99737E-05 0.485074 0.0810836 0.0749056 9.99737E-05 0.00782557
9.99561E-05 0.535054 9.99561E-05 0.32627 0.138177 9.99561E-05 9.99561E-05 9.99561E-05
9.99737E-05 0.347077 0.19842 9.99737E-05 0.268214 0.127464 0.0585251 9.99737E-05
9.99649E-05 0.351275 9.99649E-05 0.409801 0.136375 9.99649E-05 9.99649E-05 0.102148
9.99649E-05 0.279046 9.99649E-05 0.508094 0.145064 9.99649E-05 9.99649E-05 0.0673962
9.99737E-05 0.367689 9.99737E-05 0.29045 0.152139 0.119774 0.0696492 9.99737E-05
9.99649E-05 0.314051 9.99649E-05 0.322014 0.251097 0.112438 9.99649E-05 9.99649E-05
9.99912E-05 0.288253 0.0232287 0.391175 0.0694436 0.0618773 0.0492547 0.116668
9.99649E-05 0.377524 9.99649E-05 0.462328 0.0777921 0.0819558 9.99649E-05 9.99649E-05
9.99736E-05 0.348873 9.99736E-05 0.38925 0.11296 0.0894341 9.99736E-05 0.059182
9.99737E-05 0.438225 9.99737E-05 0.416551 0.0692457 0.0265704 9.99737E-05 0.0491087
9.99649E-05 0.352566 9.99649E-05 0.297668 0.263248 9.99649E-05 9.99649E-05 0.0861182
9.99737E-05 0.30832 0.0651407 0.337537 0.175631 0.113071 9.99737E-05 9.99737E-05
9.994E-05 9.994E-05 9.994E-05 9.994E-05 0.9993 9.994E-05 9.994E-05 9.994E-05
9.994E-05 9.994E-05 9.994E-05 9.994E-05 0.9993 9.994E-05 9.994E-05 9.994E-05
9.994E-05 9.994E-05 9.994E-05 9.994E-05 0.9993 9.994E-05 9.994E-05 9.994E-05
9.994E-05 9.994E-05 9.994E-05 9.994E-05 0.9993 9.994E-05 9.994E-05 9.994E-05
9.994E-05 9.994E-05 9.994E-05 9.994E-05 0.9993 9.994E-05 9.994E-05 9.994E-05
9.994E-05 9.994E-05 9.994E-05 9.994E-05 0.9993 9.994E-05 9.994E-05 9.994E-05
9.994E-05 9.994E-05 9.994E-05 9.994E-05 0.9993 9.994E-05 9.994E-05 9.994E-05
9.994E-05 9.994E-05 9.994E-05 9.994E-05 0.9993 9.994E-05 9.994E-05 9.994E-05
9.994E-05 9.994E-05 9.994E-05 9.994E-05 0.9993 9.994E-05 9.994E-05 9.994E-05
9.994E-05 9.994E-05 9.994E-05 9.994E-05 0.9993 9.994E-05 9.994E-05 9.994E-05
9.994E-05 9.994E-05 9.994E-05 9.994E-05 0.9993 9.994E-05 9.994E-05 9.994E-05
9.994E-05 9.994E-05 9.994E-05 9.994E-05 0.9993 9.994E-05 9.994E-05 9.994E-05
9.994E-05 9.994E-05 9.994E-05 9.994E-05 0.9993 9.994E-05 9.994E-05 9.994E-05
9.994E-05 9.994E-05 9.994E-05 9.994E-05 0.9993 9.994E-05 9.994E-05 9.994E-05
9.994E-05 9.994E-05 9.994E-05 9.994E-05 0.9993 9.994E-05 9.994E-05 9.994E-05
9.994E-05 9.994E-05 9.994E-05 9.994E-05 0.9993 9.994E-05 9.994E-05 9.994E-05
9.994E-05 9.994E-05 9.994E-05 9.994E-05 0.9993 9.994E-05 9.994E-05 9.994E-05
9.994E-05 9.994E-05 9.994E-05 9.994E-05 0.9993 9.994E-05 9.994E-05 9.994E-05
9.994E-05 9.994E-05 9.994E-05 9.994E-05 0.9993 9.994E-05 9.994E-05 9.994E-05
9.994E-05 9.994E-05 9.994E-05 9.994E-05 0.9993 9.994E-05 9.994E-05 9.994E-05
9.994E-05 9.994E-05 9.994E-05 9.994E-05 0.9993 9.994E-05 9.994E-05 9.994E-05
9.994E-05 9.994E-05 9.994E-05 9.994E-05 0.9993 9.994E-05 9.994E-05 9.994E-05
9.994E-05 9.994E-05 9.994E-05 9.994E-05 0.9993 9.994E-05 9.994E-05 9.994E-05
9.99472E-05 9.99472E-05 0.00512728 9.99472E-05 0.994273 9.99472E-05 9.99472E-05 9.99472E-05
9.994E-05 9.994E-05 9.994E-05 9.994E-05 0.9993 9.994E-05 9.994E-05 9.994E-05
9.994E-05 9.994E-05 9.994E-05 9.994E-05 0.9993 9.994E-05 9.994E-05 9.994E-05
9.994E-05 9.994E-05 9.994E-05 9.994E-05 0.9993 9.994E-05 9.994E-05 9.994E-05
9.994E-05 9.994E-05 9.994E-05 9.994E-05 0.9993 9.994E-05 9.994E-05 9.994E-05
9.994E-05 9.994E-05 9.994E-05 9.994E-05 0.9993 9.994E-05 9.994E-05 9.994E-05
9.994E-05 9.994E-05 9.994E-05 9.994E-05 0.9993 9.994E-05 9.994E-05 9.994E-05
9.994E-05 9.994E-05 9.994E-05 9.994E-05 0.9993 9.994E-05 9.994E-05 9.994E-05
