0.0632076 9.99122E-05 0.0361008 9.99122E-05 9.99122E-05 9.99122E-05 9.99122E-05 9.99122E-05 9.99122E-05 0.18756 0.0853356 9.99122E-05 9.99122E-05 0.207078 0.367127 0.0392468 0.0133457 9.99122E-05
0.143381 9.98771E-05 9.98771E-05 9.98771E-05 9.98771E-05 9.98771E-05 9.98771E-05 9.98771E-05 9.98771E-05 0.181594 0.00699277 9.98771E-05 9.98771E-05 9.98771E-05 0.666634 9.98771E-05 9.98771E-05 9.98771E-05
9.98771E-05 9.98771E-05 0.0298438 9.98771E-05 9.98771E-05 9.98771E-05 9.98771E-05 9.98771E-05 0.0802612 9.98771E-05 9.98771E-05 0.00104191 9.98771E-05 9.98771E-05 0.887455 9.98771E-05 9.98771E-05 9.98771E-05
9.99122E-05 9.99122E-05 9.99122E-05 9.99122E-05 0.0232154 9.99122E-05 9.99122E-05 9.99122E-05 0.306673 9.99122E-05 0.0548667 9.99122E-05 0.309237 0.112838 0.182511 0.00864314 0.00101701 9.99122E-05
9.98683E-05 9.98683E-05 9.98683E-05 9.98683E-05 9.98683E-05 9.98683E-05 9.98683E-05 0.190939 9.98683E-05 9.98683E-05 9.98683E-05 9.98683E-05 9.98683E-05 9.98683E-05 0.740736 9.98683E-05 9.98683E-05 0.0668271
0.000199021 9.99035E-05 9.99035E-05 9.99035E-05 9.99035E-05 9.99035E-05 0.13456 0.176262 9.99035E-05 0.266684 9.99035E-05 9.99035E-05 0.0498622 9.99035E-05 0.2078 9.99035E-05 9.99035E-05 0.163534
0.105097 9.99123E-05 9.99123E-05 9.99123E-05 9.99123E-05 9.99123E-05 9.99123E-05 9.99123E-05 9.99123E-05 0.0529129 0.0702443 0.127929 0.222068 0.115747 0.278351 0.0266518 9.99123E-05 9.99123E-05
9.99211E-05 9.99211E-05 9.99211E-05 0.055099 9.99211E-05 9.99211E-05 0.142924 0.0226227 9.99211E-05 0.0661636 9.99211E-05 9.99211E-05 0.107351 0.218826 0.198021 9.99211E-05 0.0870355 0.101058
9.99035E-05 9.99035E-05 0.240853 9.99035E-05 9.99035E-05 9.99035E-05 0.199704 0.0275536 9.99035E-05 9.99035E-05 9.99035E-05 9.99035E-05 9.99035E-05 0.0109648 0.269038 0.206487 9.99035E-05 0.0442997
9.98596E-05 9.98596E-05 0.113463 9.98596E-05 9.98596E-05 9.98596E-05 9.98596E-05 9.98596E-05 9.98596E-05 9.98596E-05 9.98596E-05 9.98596E-05 9.98596E-05 9.98596E-05 0.88494 9.98596E-05 9.98596E-05 9.98596E-05
9.98947E-05 9.98947E-05 0.157544 9.98947E-05 9.98947E-05 9.98947E-05 9.98947E-05 9.98947E-05 0.017088 0.17422 0.124399 9.98947E-05 9.98947E-05 0.0581237 0.467427 9.98947E-05 9.98947E-05 9.98947E-05
9.9886E-05 9.9886E-05 9.9886E-05 9.9886E-05 9.9886E-05 9.9886E-05 9.9886E-05 9.9886E-05 9.9886E-05 0.0272321 0.0473212 9.9886E-05 0.0294271 9.9886E-05 0.860962 9.9886E-05 9.9886E-05 0.0337587
9.98771E-05 9.98771E-05 0.106758 9.98771E-05 9.98771E-05 9.98771E-05 9.98771E-05 9.98771E-05 9.98771E-05 0.0209982 9.98771E-05 9.98771E-05 9.98771E-05 0.125579 0.745266 9.98771E-05 9.98771E-05 9.98771E-05
0.103674 9.99211E-05 0.0615863 0.00629267 9.99211E-05 0.0109235 9.99211E-05 9.99211E-05 0.0889424 9.99211E-05 0.0476945 0.0533363 9.99211E-05 0.0178134 0.608837 9.99211E-05 9.99211E-05 9.99211E-05
9.99035E-05 9.99035E-05 0.204265 9.99035E-05 9.99035E-05 9.99035E-05 0.140457 9.99035E-05 0.0792681 0.275819 9.99035E-05 9.99035E-05 9.99035E-05 0.0222765 0.258298 0.0185176 9.99035E-05 9.99035E-05
9.9921E-05 9.9921E-05 0.0937903 0.140785 9.9921E-05 9.9921E-05 0.181702 9.9921E-05 9.9921E-05 0.161701 9.9921E-05 9.9921E-05 0.0255354 0.0628431 0.198796 9.9921E-05 0.0974889 0.0364588
0.091434 9.99298E-05 0.112577 0.0257235 9.99298E-05 0.135672 9.99298E-05 9.99298E-05 9.99298E-05 9.99298E-05 0.0357719 0.0240388 0.00600533 0.014999 0.51507 9.99298E-05 0.0379091 9.99298E-05
9.99035E-05 0.154248 0.129903 9.99035E-05 0.0992391 9.99035E-05 0.0333768 9.99035E-05 9.99035E-05 0.25549 9.99035E-05 9.99035E-05 9.99035E-05 0.186847 0.139797 9.99035E-05 9.99035E-05 9.99035E-05
9.99122E-05 9.99122E-05 0.143325 9.99122E-05 0.00701017 9.99122E-05 0.1367 9.99122E-05 9.99122E-05 0.0515277 9.99122E-05 9.99122E-05 0.142617 0.204214 0.302251 9.99122E-05 0.0113558 9.99122E-05
9.98684E-05 9.98684E-05 0.000539189 9.98684E-05 0.0314941 9.98684E-05 9.98684E-05 9.98684E-05 9.98684E-05 9.98684E-05 9.98684E-05 9.98684E-05 9.98684E-05 9.98684E-05 0.966469 9.98684E-05 9.98684E-05 9.98684E-05
9.9921E-05 9.9921E-05 0.0399116 0.135188 9.9921E-05 9.9921E-05 0.0868271 9.9921E-05 0.0862822 9.9921E-05 0.0708917 9.9921E-05 0.058962 0.00618096 0.467657 9.9921E-05 9.9921E-05 0.0471997
9.98948E-05 0.0207002 9.98948E-05 9.98948E-05 9.98948E-05 9.98948E-05 0.123343 9.98948E-05 9.98948E-05 9.98948E-05 9.98948E-05 9.98948E-05 0.136283 0.451999 0.220822 9.98948E-05 9.98948E-05 0.0456535
9.98859E-05 9.98859E-05 0.0885689 9.98859E-05 9.98859E-05 9.98859E-05 9.98859E-05 0.0134889 9.98859E-05 0.267515 0.0370465 9.98859E-05 9.98859E-05 9.98859E-05 0.592083 9.98859E-05 9.98859E-05 9.98859E-05
9.98859E-05 9.98859E-05 0.249579 0.0445483 9.98859E-05 9.98859E-05 9.98859E-05 9.98859E-05 9.98859E-05 9.98859E-05 9.98859E-05 9.98859E-05 9.98859E-05 0.281217 0.348576 0.0747821 9.98859E-05 9.98859E-05
9.99121E-05 9.99121E-05 0.263643 9.99121E-05 0.0685813 9.99121E-05 0.0456135 9.99121E-05 0.229291 9.99121E-05 0.00759584 9.99121E-05 9.99121E-05 0.109578 0.259887 0.0148122 9.99121E-05 9.99121E-05
9.98859E-05 9.98859E-05 0.0935734 9.98859E-05 9.98859E-05 9.98859E-05 9.98859E-05 0.14082 9.98859E-05 9.98859E-05 9.98859E-05 9.98859E-05 0.0215034 0.104667 0.638137 9.98859E-05 9.98859E-05 9.98859E-05
9.99034E-05 0.108069 0.120672 0.0693452 9.99034E-05 9.99034E-05 9.99034E-05 0.0558982 0.267866 9.99034E-05 9.99034E-05 9.99034E-05 9.99034E-05 0.354307 0.0227438 9.99034E-05 9.99034E-05 9.99034E-05
9.98772E-05 9.98772E-05 0.0469698 9.98772E-05 9.98772E-05 9.98772E-05 9.98772E-05 9.98772E-05 0.110559 9.98772E-05 9.98772E-05 9.98772E-05 0.0983491 9.98772E-05 0.742724 9.98772E-05 9.98772E-05 9.98772E-05
9.98947E-05 9.98947E-05 0.153263 9.98947E-05 9.98947E-05 9.98947E-05 9.98947E-05 9.98947E-05 0.153509 0.0449187 0.0091085 9.98947E-05 9.98947E-05 0.0741393 0.563862 9.98947E-05 9.98947E-05 9.98947E-05
0.00335307 9.98948E-05 0.0967528 9.98948E-05 9.98948E-05 0.0589094 0.0881033 9.98948E-05 9.98948E-05 0.0200523 9.98948E-05 9.98948E-05 9.98948E-05 9.98948E-05 0.73163 9.98948E-05 9.98948E-05 9.98948E-05
9.99035E-05 9.99035E-05 0.0770724 9.99035E-05 0.0291146 9.99035E-05 0.0313239 9.99035E-05 9.99035E-05 0.188455 0.0882016 9.99035E-05 9.99035E-05 0.0327313 0.552002 9.99035E-05 9.99035E-05 9.99035E-05
9.99035E-05 9.99035E-05 0.10488 9.99035E-05 9.99035E-05 9.99035E-05 9.99035E-05 0.113722 0.0683677 9.99035E-05 0.054777 9.99035E-05 0.163084 0.0168559 0.477214 9.99035E-05 9.99035E-05 9.99035E-05
9.99034E-05 9.99034E-05 0.0844182 0.0227851 9.99034E-05 9.99034E-05 9.99034E-05 9.99034E-05 0.109207 0.0634633 0.0843452 9.99034E-05 9.99034E-05 0.179696 0.454987 9.99034E-05 9.99034E-05 9.99034E-05
9.98947E-05 0.02684 0.125534 9.98947E-05 9.98947E-05 9.98947E-05 9.98947E-05 9.98947E-05 0.147016 9.98947E-05 9.98947E-05 0.0318664 9.98947E-05 0.156823 0.510722 9.98947E-05 9.98947E-05 9.98947E-05
0.0542082 9.9886E-05 0.0393049 9.9886E-05 0.0501446 9.9886E-05 9.9886E-05 9.9886E-05 9.9886E-05 9.9886E-05 0.0394805 9.9886E-05 9.9886E-05 9.9886E-05 0.815563 9.9886E-05 9.9886E-05 9.9886E-05
0.00516658 9.99122E-05 0.0181444 9.99122E-05 9.99122E-05 9.99122E-05 0.0277549 9.99122E-05 9.99122E-05 0.0432772 9.99122E-05 9.99122E-05 0.0465628 0.0996931 0.69239 0.0660119 9.99122E-05 9.99122E-05
0.0660659 9.98948E-05 9.98948E-05 0.0156031 9.98948E-05 9.98948E-05 9.98948E-05 9.98948E-05 9.98948E-05 9.98948E-05 0.0151302 0.0551164 0.0823784 9.98948E-05 0.764507 9.98948E-05 9.98948E-05 9.98948E-05
0.108202 9.98947E-05 0.0182136 9.98947E-05 0.076761 9.98947E-05 0.129537 0.00787663 9.98947E-05 9.98947E-05 9.98947E-05 9.98947E-05 9.98947E-05 9.98947E-05 0.658211 9.98947E-05 9.98947E-05 9.98947E-05
0.0977624 9.99211E-05 0.160619 9.99211E-05 9.99211E-05 0.0666819 0.0171125 0.104518 9.99211E-05 9.99211E-05 0.0190931 9.99211E-05 9.99211E-05 0.0523922 0.452014 9.99211E-05 9.99211E-05 0.0289079
9.99035E-05 9.99035E-05 0.154875 0.128211 9.99035E-05 9.99035E-05 9.99035E-05 9.99035E-05 0.101195 9.99035E-05 0.0200904 0.059387 9.99035E-05 0.0152728 0.51987 9.99035E-05 9.99035E-05 9.99035E-05
9.99123E-05 0.00088366 0.00870335 0.027085 9.99123E-05 9.99123E-05 9.99123E-05 9.99123E-05 9.99123E-05 9.99123E-05 0.0317495 9.99123E-05 0.0955311 0.0226389 0.764289 9.99123E-05 9.99123E-05 0.0481206
9.98948E-05 9.98948E-05 0.0934516 9.98948E-05 9.98948E-05 9.98948E-05 0.0209333 9.98948E-05 9.98948E-05 0.0469546 9.98948E-05 9.98948E-05 9.98948E-05 0.285409 0.530025 0.0220279 9.98948E-05 9.98948E-05
0.029374 9.98859E-05 9.98859E-05 9.98859E-05 9.98859E-05 0.0350023 9.98859E-05 0.0975493 9.98859E-05 9.98859E-05 9.98859E-05 9.98859E-05 9.98859E-05 0.0285233 0.808253 9.98859E-05 9.98859E-05 9.98859E-05
9.99034E-05 9.99034E-05 0.153372 9.99034E-05 9.99034E-05 9.99034E-05 0.115251 9.99034E-05 9.99034E-05 0.237842 0.0337648 9.99034E-05 9.99034E-05 0.128943 0.272725 0.057003 9.99034E-05 9.99034E-05
9.98771E-05 9.98771E-05 0.200045 9.98771E-05 9.98771E-05 9.98771E-05 9.98771E-05 9.98771E-05 9.98771E-05 9.98771E-05 9.98771E-05 9.98771E-05 0.164373 0.395028 0.239156 9.98771E-05 9.98771E-05 9.98771E-05
9.98858E-05 9.98858E-05 0.0544228 9.98858E-05 0.0150314 9.98858E-05 9.98858E-05 9.98858E-05 9.98858E-05 9.98858E-05 9.98858E-05 9.98858E-05 9.98858E-05 0.0126687 0.788936 9.98858E-05 9.98858E-05 0.127643
9.98859E-05 0.049631 0.0956488 9.98859E-05 9.98859E-05 9.98859E-05 0.0318762 9.98859E-05 9.98859E-05 9.98859E-05 0.019546 9.98859E-05 9.98859E-05 9.98859E-05 0.801999 9.98859E-05 9.98859E-05 9.98859E-05
9.98684E-05 9.98684E-05 0.0159752 9.98684E-05 9.98684E-05 9.98684E-05 9.98684E-05 9.98684E-05 9.98684E-05 0.0241523 9.98684E-05 9.98684E-05 9.98684E-05 9.98684E-05 0.958374 9.98684E-05 9.98684E-05 9.98684E-05
9.98946E-05 9.98946E-05 0.142244 9.98946E-05 9.98946E-05 9.98946E-05 9.98946E-05 9.98946E-05 9.98946E-05 0.0313014 0.0391027 9.98946E-05 0.0175838 0.168746 0.599824 9.98946E-05 9.98946E-05 9.98946E-05
9.9895E-05 0.0852912 9.9895E-05 9.9895E-05 9.9895E-05 9.9895E-05 0.0910197 9.9895E-05 9.9895E-05 9.9895E-05 0.003542 0.0883571 9.9895E-05 9.9895E-05 0.712261 9.9895E-05 9.9895E-05 0.0183301
9.9921E-05 9.9921E-05 0.197688 9.9921E-05 9.9921E-05 9.9921E-05 0.0410221 9.9921E-05 0.172984 0.0535147 0.121736 9.9921E-05 0.0327071 0.0507864 0.290867 0.0377955 9.9921E-05 9.9921E-05
9.99122E-05 9.99122E-05 9.99122E-05 9.99122E-05 0.0108002 9.99122E-05 9.99122E-05 0.0347357 9.99122E-05 9.99122E-05 9.99122E-05 9.99122E-05 0.0225589 0.242501 0.560856 0.103669 0.00423486 0.019645
0.00539518 0.106982 0.0204842 9.98948E-05 9.98948E-05 9.98948E-05 9.98948E-05 9.98948E-05 0.106158 9.98948E-05 9.98948E-05 0.00190878 9.98948E-05 9.98948E-05 0.757873 9.98948E-05 9.98948E-05 9.98948E-05
9.99211E-05 0.0177298 0.0751883 0.166681 9.99211E-05 9.99211E-05 0.00981617 9.99211E-05 9.99211E-05 9.99211E-05 0.0158408 0.0613855 9.99211E-05 0.0554442 0.578804 9.99211E-05 9.99211E-05 0.0182109
0.020223 0.0153176 0.0793894 9.99201E-05 9.99201E-05 0.0113751 0.00672809 9.99201E-05 0.0193728 9.99201E-05 9.99201E-05 9.99201E-05 0.0583152 9.99201E-05 0.697528 0.0300416 9.99201E-05 0.0609095
9.98948E-05 9.98948E-05 9.98948E-05 9.98948E-05 0.0518388 9.98948E-05 9.98948E-05 9.98948E-05 0.145932 0.0445361 0.0047831 9.98948E-05 9.98948E-05 9.98948E-05 0.697857 9.98948E-05 9.98948E-05 0.0538542
0.0344876 0.139092 9.98859E-05 9.98859E-05 9.98859E-05 9.98859E-05 9.98859E-05 9.98859E-05 9.98859E-05 9.98859E-05 9.98859E-05 9.98859E-05 0.0217916 0.04434 0.75899 9.98859E-05 9.98859E-05 9.98859E-05
9.99035E-05 0.00596674 0.0675938 9.99035E-05 9.99035E-05 9.99035E-05 9.99035E-05 9.99035E-05 0.0158734 9.99035E-05 0.0924179 9.99035E-05 0.0338463 9.99035E-05 0.77177 9.99035E-05 0.0114331 9.99035E-05
9.98684E-05 9.98684E-05 0.114695 9.98684E-05 9.98684E-05 9.98684E-05 9.98684E-05 9.98684E-05 9.98684E-05 9.98684E-05 9.98684E-05 0.0674409 9.98684E-05 9.98684E-05 0.816366 9.98684E-05 9.98684E-05 9.98684E-05
0.0211168 0.0139425 0.10232 9.99033E-05 9.99033E-05 9.99033E-05 0.0549409 9.99033E-05 0.0758642 0.717069 0.0136475 9.99033E-05 9.99033E-05 9.99033E-05 9.99033E-05 9.99033E-05 9.99033E-05 9.99033E-05
9.98684E-05 9.98684E-05 9.98684E-05 0.0102357 9.98684E-05 9.98684E-05 9.98684E-05 9.98684E-05 9.98684E-05 0.984928 9.98684E-05 9.98684E-05 0.00333843 9.98684E-05 9.98684E-05 9.98684E-05 9.98684E-05 9.98684E-05
9.98595E-05 0.106363 9.98595E-05 9.98595E-05 9.98595E-05 9.98595E-05 9.98595E-05 9.98595E-05 9.98595E-05 0.892039 9.98595E-05 9.98595E-05 9.98595E-05 9.98595E-05 9.98595E-05 9.98595E-05 9.98595E-05 9.98595E-05
0.263028 0.00256295 0.0122353 9.99034E-05 9.99034E-05 9.99034E-05 0.117398 9.99034E-05 0.225828 0.329669 9.99034E-05 0.0481795 9.99034E-05 9.99034E-05 9.99034E-05 9.99034E-05 9.99034E-05 9.99034E-05
9.99032E-05 0.031128 9.99032E-05 9.99032E-05 0.0513393 9.99032E-05 0.0951595 9.99032E-05 9.99032E-05 0.618224 9.99032E-05 0.0892762 9.99032E-05 0.0939117 9.99032E-05 9.99032E-05 9.99032E-05 0.0198627
9.98857E-05 9.98857E-05 0.226673 9.98857E-05 9.98857E-05 9.98857E-05 9.98857E-05 9.98857E-05 0.0710746 0.687472 0.0086468 9.98857E-05 9.98857E-05 0.00483541 9.98857E-05 9.98857E-05 9.98857E-05 9.98857E-05
0.129978 9.99034E-05 0.0892288 9.99034E-05 9.99034E-05 9.99034E-05 0.0903414 9.99034E-05 9.99034E-05 0.56939 0.0742216 0.0319661 9.99034E-05 9.99034E-05 9.99034E-05 9.99034E-05 0.0137746 9.99034E-05
0.0636363 0.105898 0.100012 9.99033E-05 9.99033E-05 9.99033E-05 0.0915071 9.99033E-05 0.131631 0.454426 0.0517925 9.99033E-05 9.99033E-05 9.99033E-05 9.99033E-05 9.99033E-05 9.99033E-05 9.99033E-05
9.98508E-05 9.98508E-05 9.98508E-05 9.98508E-05 9.98508E-05 9.98508E-05 9.98508E-05 9.98508E-05 9.98508E-05 0.998303 9.98508E-05 9.98508E-05 9.98508E-05 9.98508E-05 9.98508E-05 9.98508E-05 9.98508E-05 9.98508E-05
9.98684E-05 9.98684E-05 0.0486212 9.98684E-05 9.98684E-05 9.98684E-05 0.0264224 9.98684E-05 9.98684E-05 0.923458 9.98684E-05 9.98684E-05 9.98684E-05 9.98684E-05 9.98684E-05 9.98684E-05 9.98684E-05 9.98684E-05
9.98769E-05 9.98769E-05 0.257634 9.98769E-05 9.98769E-05 9.98769E-05 0.0539615 9.98769E-05 9.98769E-05 0.53111 0.155896 9.98769E-05 9.98769E-05 9.98769E-05 9.98769E-05 9.98769E-05 9.98769E-05 9.98769E-05
0.0697297 9.99297E-05 0.124912 0.0755433 9.99297E-05 9.99297E-05 0.0195355 9.99297E-05 9.99297E-05 0.37312 0.0447482 0.0150434 0.0411746 0.161666 9.99297E-05 9.99297E-05 0.0737281 9.99297E-05
9.99033E-05 9.99033E-05 9.99033E-05 0.0375157 9.99033E-05 9.99033E-05 0.126572 0.0625872 9.99033E-05 0.528098 0.050445 9.99033E-05 9.99033E-05 9.99033E-05 9.99033E-05 9.99033E-05 0.117986 0.0756971
0.0755804 9.98945E-05 0.225154 9.98945E-05 9.98945E-05 9.98945E-05 9.98945E-05 9.98945E-05 0.0108959 0.471685 9.98945E-05 9.98945E-05 9.98945E-05 0.168827 9.98945E-05 9.98945E-05 9.98945E-05 0.046659
9.98599E-05 9.98599E-05 9.98599E-05 9.98599E-05 9.98599E-05 9.98599E-05 9.98599E-05 9.98599E-05 9.98599E-05 0.925989 9.98599E-05 9.98599E-05 9.98599E-05 9.98599E-05 9.98599E-05 0.0724134 9.98599E-05 9.98599E-05
0.0155216 9.98685E-05 9.98685E-05 9.98685E-05 9.98685E-05 9.98685E-05 0.0728861 9.98685E-05 9.98685E-05 0.910094 9.98685E-05 9.98685E-05 9.98685E-05 9.98685E-05 9.98685E-05 9.98685E-05 9.98685E-05 9.98685E-05
9.98857E-05 0.0545564 0.00361883 9.98857E-05 9.98857E-05 9.98857E-05 9.98857E-05 9.98857E-05 0.0405722 0.719685 9.98857E-05 0.180269 9.98857E-05 9.98857E-05 9.98857E-05 9.98857E-05 9.98857E-05 9.98857E-05
9.99034E-05 9.99034E-05 0.0200512 9.99034E-05 9.99034E-05 9.99034E-05 0.0607014 9.99034E-05 9.99034E-05 0.638102 0.0697523 9.99034E-05 0.120534 0.0484854 9.99034E-05 9.99034E-05 0.041275 9.99034E-05
9.9877E-05 0.0970774 0.038039 9.9877E-05 9.9877E-05 9.9877E-05 9.9877E-05 9.9877E-05 9.9877E-05 0.835934 0.0275516 9.9877E-05 9.9877E-05 9.9877E-05 9.9877E-05 9.9877E-05 9.9877E-05 9.9877E-05
9.98944E-05 9.98944E-05 0.194055 0.102786 0.0133715 9.98944E-05 9.98944E-05 9.98944E-05 9.98944E-05 0.643301 0.0270821 9.98944E-05 9.98944E-05 9.98944E-05 9.98944E-05 9.98944E-05 0.0182058 9.98944E-05
9.98598E-05 9.98598E-05 9.98598E-05 9.98598E-05 9.98598E-05 0.0504888 9.98598E-05 9.98598E-05 9.98598E-05 0.947913 9.98598E-05 9.98598E-05 9.98598E-05 9.98598E-05 9.98598E-05 9.98598E-05 9.98598E-05 9.98598E-05
9.98857E-05 0.00190558 0.0435754 9.98857E-05 9.98857E-05 9.98857E-05 9.98857E-05 9.98857E-05 9.98857E-05 0.650711 9.98857E-05 9.98857E-05 0.0108359 0.291674 9.98857E-05 9.98857E-05 9.98857E-05 9.98857E-05
0.05746 9.9886E-05 0.0709731 9.9886E-05 9.9886E-05 9.9886E-05 9.9886E-05 9.9886E-05 0.237761 0.626098 9.9886E-05 9.9886E-05 9.9886E-05 0.00640969 9.9886E-05 9.9886E-05 9.9886E-05 9.9886E-05
9.9921E-05 0.0739517 0.00506667 9.9921E-05 0.0300022 9.9921E-05 0.0588697 0.0382562 9.9921E-05 0.720038 9.9921E-05 0.00720706 0.0498518 9.9921E-05 9.9921E-05 0.0158574 9.9921E-05 9.9921E-05
9.98769E-05 9.98769E-05 0.0706269 9.98769E-05 9.98769E-05 9.98769E-05 9.98769E-05 9.98769E-05 9.98769E-05 0.689065 0.121073 9.98769E-05 9.98769E-05 9.98769E-05 9.98769E-05 9.98769E-05 0.117837 9.98769E-05
9.98597E-05 9.98597E-05 9.98597E-05 9.98597E-05 9.98597E-05 9.98597E-05 0.028708 9.98597E-05 9.98597E-05 0.969694 9.98597E-05 9.98597E-05 9.98597E-05 9.98597E-05 9.98597E-05 9.98597E-05 9.98597E-05 9.98597E-05
9.9886E-05 9.9886E-05 9.9886E-05 9.9886E-05 9.9886E-05 0.00570175 9.9886E-05 9.9886E-05 9.9886E-05 0.856105 9.9886E-05 9.9886E-05 9.9886E-05 0.0749035 9.9886E-05 0.0275511 0.0344406 9.9886E-05
9.98509E-05 9.98509E-05 9.98509E-05 9.98509E-05 9.98509E-05 9.98509E-05 9.98509E-05 9.98509E-05 9.98509E-05 0.998303 9.98509E-05 9.98509E-05 9.98509E-05 9.98509E-05 9.98509E-05 9.98509E-05 9.98509E-05 9.98509E-05
9.9886E-05 0.124779 9.9886E-05 9.9886E-05 9.9886E-05 9.9886E-05 0.0330729 9.9886E-05 0.00272884 0.758355 9.9886E-05 9.9886E-05 9.9886E-05 9.9886E-05 9.9886E-05 9.9886E-05 0.0797657 9.9886E-05
9.98773E-05 9.98773E-05 0.143671 9.98773E-05 9.98773E-05 0.215014 0.0891192 9.98773E-05 9.98773E-05 0.550797 9.98773E-05 9.98773E-05 9.98773E-05 9.98773E-05 9.98773E-05 9.98773E-05 9.98773E-05 9.98773E-05
9.98771E-05 9.98771E-05 0.0730513 9.98771E-05 9.98771E-05 9.98771E-05 0.0959837 0.393504 0.436063 9.98771E-05 9.98771E-05 9.98771E-05 9.98771E-05 9.98771E-05 9.98771E-05 9.98771E-05 9.98771E-05 9.98771E-05
9.98684E-05 9.98684E-05 9.98684E-05 9.98684E-05 9.98684E-05 0.351898 0.00364838 9.98684E-05 0.642956 9.98684E-05 9.98684E-05 9.98684E-05 9.98684E-05 9.98684E-05 9.98684E-05 9.98684E-05 9.98684E-05 9.98684E-05
9.98771E-05 0.0179238 0.0180794 9.98771E-05 9.98771E-05 9.98771E-05 9.98771E-05 0.282592 0.680007 9.98771E-05 9.98771E-05 9.98771E-05 9.98771E-05 9.98771E-05 9.98771E-05 9.98771E-05 9.98771E-05 9.98771E-05
9.98945E-05 0.0447036 0.0875197 9.98945E-05 9.98945E-05 9.98945E-05 0.0666134 0.0187853 0.767171 9.98945E-05 0.0140079 9.98945E-05 9.98945E-05 9.98945E-05 9.98945E-05 9.98945E-05 9.98945E-05 9.98945E-05
9.98769E-05 0.00984787 9.98769E-05 9.98769E-05 9.98769E-05 9.98769E-05 0.0540948 0.228789 0.70587 9.98769E-05 9.98769E-05 9.98769E-05 9.98769E-05 9.98769E-05 9.98769E-05 9.98769E-05 9.98769E-05 9.98769E-05
0.0934531 9.98859E-05 0.106086 9.98859E-05 9.98859E-05 9.98859E-05 0.147878 0.277069 0.374216 9.98859E-05 9.98859E-05 9.98859E-05 9.98859E-05 9.98859E-05 9.98859E-05 9.98859E-05 9.98859E-05 9.98859E-05
9.98683E-05 9.98683E-05 0.0193163 9.98683E-05 9.98683E-05 9.98683E-05 9.98683E-05 9.98683E-05 0.955383 9.98683E-05 9.98683E-05 9.98683E-05 9.98683E-05 9.98683E-05 9.98683E-05 9.98683E-05 0.0238028 9.98683E-05
9.98595E-05 9.98595E-05 9.98595E-05 9.98595E-05 9.98595E-05 9.98595E-05 0.154713 9.98595E-05 0.84369 9.98595E-05 9.98595E-05 9.98595E-05 9.98595E-05 9.98595E-05 9.98595E-05 9.98595E-05 9.98595E-05 9.98595E-05
0.28706 9.98769E-05 9.98769E-05 9.98769E-05 9.98769E-05 9.98769E-05 0.279672 9.98769E-05 0.415868 9.98769E-05 9.98769E-05 9.98769E-05 9.98769E-05 9.98769E-05 9.98769E-05 9.98769E-05 0.0160023 9.98769E-05
9.98772E-05 9.98772E-05 0.256235 9.98772E-05 9.98772E-05 9.98772E-05 0.150443 9.98772E-05 0.581278 9.98772E-05 9.98772E-05 9.98772E-05 9.98772E-05 9.98772E-05 9.98772E-05 9.98772E-05 0.0106454 9.98772E-05
0.145926 9.98859E-05 0.0648488 9.98859E-05 9.98859E-05 0.195929 9.98859E-05 0.564226 0.0277717 9.98859E-05 9.98859E-05 9.98859E-05 9.98859E-05 9.98859E-05 9.98859E-05 9.98859E-05 9.98859E-05 9.98859E-05
0.0755554 9.98947E-05 0.00419261 9.98947E-05 9.98947E-05 0.0264029 9.98947E-05 0.620067 0.272021 9.98947E-05 9.98947E-05 9.98947E-05 9.98947E-05 9.98947E-05 0.000562178 9.98947E-05 9.98947E-05 9.98947E-05
9.98509E-05 9.98509E-05 9.98509E-05 9.98509E-05 9.98509E-05 9.98509E-05 9.98509E-05 9.98509E-05 0.998303 9.98509E-05 9.98509E-05 9.98509E-05 9.98509E-05 9.98509E-05 9.98509E-05 9.98509E-05 9.98509E-05 9.98509E-05
9.9886E-05 9.9886E-05 0.218983 9.9886E-05 9.9886E-05 0.0249614 0.066986 0.415141 0.272629 9.9886E-05 9.9886E-05 9.9886E-05 9.9886E-05 9.9886E-05 9.9886E-05 9.9886E-05 9.9886E-05 9.9886E-05
0.0110089 0.106588 9.99211E-05 0.0139976 0.0088418 0.0214775 0.0453043 0.353675 0.421803 9.99211E-05 9.99211E-05 9.99211E-05 9.99211E-05 9.99211E-05 9.99211E-05 9.99211E-05 0.0164045 9.99211E-05
9.98946E-05 9.98946E-05 0.16034 9.98946E-05 9.98946E-05 9.98946E-05 0.0275435 0.488621 0.251485 9.98946E-05 0.0396638 0.0311473 9.98946E-05 9.98946E-05 9.98946E-05 9.98946E-05 9.98946E-05 9.98946E-05
0.180852 9.98946E-05 0.0498177 9.98946E-05 0.00875924 9.98946E-05 0.0299002 0.0397578 0.689715 9.98946E-05 9.98946E-05 9.98946E-05 9.98946E-05 9.98946E-05 9.98946E-05 9.98946E-05 9.98946E-05 9.98946E-05
9.99124E-05 9.99124E-05 9.99124E-05 9.99124E-05 9.99124E-05 0.024469 0.0683117 0.43965 0.262225 9.99124E-05 0.0202122 0.0458773 9.99124E-05 0.0318449 9.99124E-05 9.99124E-05 9.99124E-05 0.106411
9.98772E-05 9.98772E-05 9.98772E-05 9.98772E-05 9.98772E-05 0.00243786 9.98772E-05 0.618454 0.355735 9.98772E-05 0.0219749 9.98772E-05 9.98772E-05 9.98772E-05 9.98772E-05 9.98772E-05 9.98772E-05 9.98772E-05
9.9921E-05 9.9921E-05 0.12413 0.00815522 0.0907832 0.167107 0.0107862 0.277352 0.300658 9.9921E-05 0.011474 9.9921E-05 0.00865451 9.9921E-05 9.9921E-05 9.9921E-05 9.9921E-05 9.9921E-05
0.0234 0.0230264 0.165383 9.99035E-05 9.99035E-05 9.99035E-05 0.0252635 0.585275 0.161935 9.99035E-05 9.99035E-05 9.99035E-05 9.99035E-05 9.99035E-05 9.99035E-05 9.99035E-05 9.99035E-05 0.0146186
9.98682E-05 9.98682E-05 9.98682E-05 9.98682E-05 9.98682E-05 9.98682E-05 9.98682E-05 0.503399 0.472052 9.98682E-05 9.98682E-05 9.98682E-05 9.98682E-05 9.98682E-05 9.98682E-05 9.98682E-05 0.0230508 9.98682E-05
0.0464353 9.98946E-05 0.213456 9.98946E-05 0.058641 9.98946E-05 0.221622 0.381917 0.076731 9.98946E-05 9.98946E-05 9.98946E-05 9.98946E-05 9.98946E-05 9.98946E-05 9.98946E-05 9.98946E-05 9.98946E-05
9.98772E-05 9.98772E-05 9.98772E-05 9.98772E-05 9.98772E-05 0.0660545 0.123947 0.380158 0.428442 9.98772E-05 9.98772E-05 9.98772E-05 9.98772E-05 9.98772E-05 9.98772E-05 9.98772E-05 9.98772E-05 9.98772E-05
0.130646 9.99034E-05 0.224686 9.99034E-05 0.0132675 9.99034E-05 0.233585 0.281575 0.0820024 9.99034E-05 9.99034E-05 9.99034E-05 9.99034E-05 9.99034E-05 9.99034E-05 0.033139 9.99034E-05 9.99034E-05
0.124632 9.98947E-05 0.097509 9.98947E-05 9.98947E-05 0.118847 0.075919 9.98947E-05 0.562051 0.0198425 9.98947E-05 9.98947E-05 9.98947E-05 9.98947E-05 9.98947E-05 9.98947E-05 9.98947E-05 9.98947E-05
9.98859E-05 9.98859E-05 0.101259 9.98859E-05 9.98859E-05 0.516331 9.98859E-05 0.228 9.98859E-05 9.98859E-05 9.98859E-05 0.0622212 9.98859E-05 9.98859E-05 9.98859E-05 0.0908902 9.98859E-05 9.98859E-05
9.98769E-05 9.98769E-05 0.0921478 9.98769E-05 9.98769E-05 9.98769E-05 0.0257982 0.094478 0.786178 9.98769E-05 9.98769E-05 9.98769E-05 9.98769E-05 9.98769E-05 9.98769E-05 9.98769E-05 9.98769E-05 9.98769E-05
9.98772E-05 9.98772E-05 0.180402 9.98772E-05 9.98772E-05 9.98772E-05 0.195363 0.189569 0.433268 9.98772E-05 9.98772E-05 9.98772E-05 9.98772E-05 9.98772E-05 9.98772E-05 9.98772E-05 9.98772E-05 9.98772E-05
9.98948E-05 9.98948E-05 0.0885324 9.98948E-05 0.0799154 0.0359157 9.98948E-05 0.350918 0.396162 9.98948E-05 0.0473575 9.98948E-05 9.98948E-05 9.98948E-05 9.98948E-05 9.98948E-05 9.98948E-05 9.98948E-05
9.98772E-05 9.98772E-05 0.138962 9.98772E-05 9.98772E-05 9.98772E-05 0.0112645 9.98772E-05 0.83134 9.98772E-05 0.0170346 9.98772E-05 9.98772E-05 9.98772E-05 9.98772E-05 9.98772E-05 9.98772E-05 9.98772E-05
9.98596E-05 9.98596E-05 9.98596E-05 9.98596E-05 0.0156019 9.98596E-05 9.98596E-05 9.98596E-05 0.9828 9.98596E-05 9.98596E-05 9.98596E-05 9.98596E-05 9.98596E-05 9.98596E-05 9.98596E-05 9.98596E-05 9.98596E-05
9.98858E-05 9.98858E-05 0.125429 9.98858E-05 0.189737 9.98858E-05 0.284408 9.98858E-05 0.321516 9.98858E-05 9.98858E-05 9.98858E-05 9.98858E-05 9.98858E-05 9.98858E-05 9.98858E-05 9.98858E-05 0.0776102
9.98858E-05 9.98858E-05 0.0918513 9.98858E-05 9.98858E-05 9.98858E-05 0.00797956 0.0840094 0.70833 9.98858E-05 9.98858E-05 9.98858E-05 9.98858E-05 0.106532 9.98858E-05 9.98858E-05 9.98858E-05 9.98858E-05
9.98509E-05 9.98509E-05 9.98509E-05 9.98509E-05 9.98509E-05 9.98509E-05 9.98509E-05 9.98509E-05 0.998303 9.98509E-05 9.98509E-05 9.98509E-05 9.98509E-05 9.98509E-05 9.98509E-05 9.98509E-05 9.98509E-05 9.98509E-05
0.0146558 9.9921E-05 9.9921E-05 0.0310397 9.9921E-05 0.049663 0.0145391 0.29377 0.553788 9.9921E-05 0.017541 9.9921E-05 0.00136484 9.9921E-05 9.9921E-05 9.9921E-05 0.0227392 9.9921E-05
9.98945E-05 0.000379343 0.187946 9.98945E-05 9.98945E-05 9.98945E-05 0.077282 0.0249242 0.68063 9.98945E-05 9.98945E-05 9.98945E-05 9.98945E-05 9.98945E-05 9.98945E-05 9.98945E-05 0.0276391 9.98945E-05
9.98858E-05 9.98858E-05 9.98858E-05 9.98858E-05 0.00563125 0.4622 0.108289 0.259324 0.163258 9.98858E-05 9.98858E-05 9.98858E-05 9.98858E-05 9.98858E-05 9.98858E-05 9.98858E-05 9.98858E-05 9.98858E-05
9.98772E-05 9.98772E-05 0.0628739 9.98772E-05 9.98772E-05 0.196676 9.98772E-05 0.536122 0.20293 9.98772E-05 9.98772E-05 9.98772E-05 9.98772E-05 9.98772E-05 9.98772E-05 9.98772E-05 9.98772E-05 9.98772E-05
9.98597E-05 9.98597E-05 9.98597E-05 9.98597E-05 9.98597E-05 0.221818 9.98597E-05 9.98597E-05 0.776584 9.98597E-05 9.98597E-05 9.98597E-05 9.98597E-05 9.98597E-05 9.98597E-05 9.98597E-05 9.98597E-05 9.98597E-05
0.000109767 9.9886E-05 9.9886E-05 9.9886E-05 0.00456672 0.304403 9.9886E-05 0.307724 0.381898 9.9886E-05 9.9886E-05 9.9886E-05 9.9886E-05 9.9886E-05 9.9886E-05 9.9886E-05 9.9886E-05 9.9886E-05
0.0627668 9.98946E-05 0.355133 9.98946E-05 9.98946E-05 9.98946E-05 0.0123855 0.141077 0.372453 9.98946E-05 9.98946E-05 9.98946E-05 9.98946E-05 9.98946E-05 9.98946E-05 9.98946E-05 9.98946E-05 0.0549871
9.98772E-05 9.98772E-05 9.98772E-05 9.98772E-05 9.98772E-05 9.98772E-05 0.106621 0.605228 0.283932 9.98772E-05 9.98772E-05 9.98772E-05 9.98772E-05 0.00281969 9.98772E-05 9.98772E-05 9.98772E-05 9.98772E-05
9.98858E-05 9.98858E-05 0.0797479 9.98858E-05 0.035115 0.492197 0.124036 0.267606 9.98858E-05 9.98858E-05 9.98858E-05 9.98858E-05 9.98858E-05 9.98858E-05 9.98858E-05 9.98858E-05 9.98858E-05 9.98858E-05
0.018442 9.99035E-05 0.00547637 9.99035E-05 9.99035E-05 0.268731 9.99035E-05 9.99035E-05 0.620882 9.99035E-05 0.0387717 9.99035E-05 9.99035E-05 9.99035E-05 0.039432 0.00716585 9.99035E-05 9.99035E-05
0.127801 0.0221429 9.99033E-05 9.99033E-05 0.115337 9.99033E-05 0.151051 0.0598325 0.491027 9.99033E-05 9.99033E-05 9.99033E-05 9.99033E-05 0.031709 9.99033E-05 9.99033E-05 9.99033E-05 9.99033E-05
9.98859E-05 9.98859E-05 0.0698728 9.98859E-05 9.98859E-05 9.98859E-05 0.0648528 9.98859E-05 0.672856 0.175672 9.98859E-05 9.98859E-05 9.98859E-05 9.98859E-05 9.98859E-05 9.98859E-05 0.0154485 9.98859E-05
0.117595 9.99124E-05 0.00106477 0.0149762 9.99124E-05 9.99124E-05 0.0076509 0.361795 0.341021 9.99124E-05 9.99124E-05 9.99124E-05 9.99124E-05 9.99124E-05 9.99124E-05 0.0519265 0.102972 9.99124E-05
9.98947E-05 9.98947E-05 0.252682 9.98947E-05 0.020117 9.98947E-05 0.177455 9.98947E-05 0.453182 9.98947E-05 0.0220475 9.98947E-05 9.98947E-05 0.0733174 9.98947E-05 9.98947E-05 9.98947E-05 9.98947E-05
9.98684E-05 9.98684E-05 0.0356085 9.98684E-05 9.98684E-05 0.423984 9.98684E-05 9.98684E-05 0.53891 9.98684E-05 9.98684E-05 9.98684E-05 9.98684E-05 9.98684E-05 9.98684E-05 9.98684E-05 9.98684E-05 9.98684E-05
9.98858E-05 9.98858E-05 0.0680525 9.98858E-05 9.98858E-05 9.98858E-05 9.98858E-05 0.0130343 0.715234 9.98858E-05 9.98858E-05 0.0558745 0.146506 9.98858E-05 9.98858E-05 9.98858E-05 9.98858E-05 9.98858E-05
9.98859E-05 9.98859E-05 0.0524086 9.98859E-05 9.98859E-05 0.537643 0.125854 0.0312048 0.251592 9.98859E-05 9.98859E-05 9.98859E-05 9.98859E-05 9.98859E-05 9.98859E-05 9.98859E-05 9.98859E-05 9.98859E-05
9.98772E-05 9.98772E-05 0.0778191 9.98772E-05 9.98772E-05 0.0974265 0.0356012 0.787755 9.98772E-05 9.98772E-05 9.98772E-05 9.98772E-05 9.98772E-05 9.98772E-05 9.98772E-05 9.98772E-05 9.98772E-05 9.98772E-05
9.98683E-05 9.98683E-05 9.98683E-05 0.0678626 9.98683E-05 9.98683E-05 9.98683E-05 0.585064 0.345575 9.98683E-05 9.98683E-05 9.98683E-05 9.98683E-05 9.98683E-05 9.98683E-05 9.98683E-05 9.98683E-05 9.98683E-05
9.98858E-05 0.0152131 9.98858E-05 9.98858E-05 9.98858E-05 9.98858E-05 9.98858E-05 0.0423389 0.869472 9.98858E-05 0.049021 0.0226566 9.98858E-05 9.98858E-05 9.98858E-05 9.98858E-05 9.98858E-05 9.98858E-05
0.226577 9.98858E-05 0.148199 9.98858E-05 9.98858E-05 9.98858E-05 0.160965 0.137824 0.325136 9.98858E-05 9.98858E-05 9.98858E-05 9.98858E-05 9.98858E-05 9.98858E-05 9.98858E-05 9.98858E-05 9.98858E-05
9.9877E-05 9.9877E-05 0.0434659 9.9877E-05 9.9877E-05 9.9877E-05 0.111449 0.251371 0.592316 9.9877E-05 9.9877E-05 9.9877E-05 9.9877E-05 9.9877E-05 9.9877E-05 9.9877E-05 9.9877E-05 9.9877E-05
9.98683E-05 9.98683E-05 9.98683E-05 9.98683E-05 9.98683E-05 9.98683E-05 0.00394557 0.128024 0.866532 9.98683E-05 9.98683E-05 9.98683E-05 9.98683E-05 9.98683E-05 9.98683E-05 9.98683E-05 9.98683E-05 9.98683E-05
9.98771E-05 9.98771E-05 0.0971188 9.98771E-05 0.114435 9.98771E-05 9.98771E-05 0.70731 0.0797375 9.98771E-05 9.98771E-05 9.98771E-05 9.98771E-05 9.98771E-05 9.98771E-05 9.98771E-05 9.98771E-05 9.98771E-05
9.98772E-05 9.98772E-05 9.98772E-05 9.98772E-05 9.98772E-05 0.128963 0.141174 0.34575 0.382715 9.98772E-05 9.98772E-05 9.98772E-05 9.98772E-05 9.98772E-05 9.98772E-05 9.98772E-05 9.98772E-05 9.98772E-05
9.98506E-05 9.98506E-05 0.998303 9.98506E-05 9.98506E-05 9.98506E-05 9.98506E-05 9.98506E-05 9.98506E-05 9.98506E-05 9.98506E-05 9.98506E-05 9.98506E-05 9.98506E-05 9.98506E-05 9.98506E-05 9.98506E-05 9.98506E-05
9.98506E-05 9.98506E-05 9.98506E-05 9.98506E-05 9.98506E-05 9.98506E-05 0.998303 9.98506E-05 9.98506E-05 9.98506E-05 9.98506E-05 9.98506E-05 9.98506E-05 9.98506E-05 9.98506E-05 9.98506E-05 9.98506E-05 9.98506E-05
9.98505E-05 9.98505E-05 0.998303 9.98505E-05 9.98505E-05 9.98505E-05 9.98505E-05 9.98505E-05 9.98505E-05 9.98505E-05 9.98505E-05 9.98505E-05 9.98505E-05 9.98505E-05 9.98505E-05 9.98505E-05 9.98505E-05 9.98505E-05
9.98507E-05 9.98507E-05 9.98507E-05 9.98507E-05 9.98507E-05 9.98507E-05 0.998303 9.98507E-05 9.98507E-05 9.98507E-05 9.98507E-05 9.98507E-05 9.98507E-05 9.98507E-05 9.98507E-05 9.98507E-05 9.98507E-05 9.98507E-05
9.98506E-05 9.98506E-05 9.98506E-05 9.98506E-05 9.98506E-05 9.98506E-05 0.998303 9.98506E-05 9.98506E-05 9.98506E-05 9.98506E-05 9.98506E-05 9.98506E-05 9.98506E-05 9.98506E-05 9.98506E-05 9.98506E-05 9.98506E-05
9.98506E-05 9.98506E-05 9.98506E-05 9.98506E-05 9.98506E-05 9.98506E-05 0.998303 9.98506E-05 9.98506E-05 9.98506E-05 9.98506E-05 9.98506E-05 9.98506E-05 9.98506E-05 9.98506E-05 9.98506E-05 9.98506E-05 9.98506E-05
9.98505E-05 9.98505E-05 0.998303 9.98505E-05 9.98505E-05 9.98505E-05 9.98505E-05 9.98505E-05 9.98505E-05 9.98505E-05 9.98505E-05 9.98505E-05 9.98505E-05 9.98505E-05 9.98505E-05 9.98505E-05 9.98505E-05 9.98505E-05
9.98505E-05 9.98505E-05 9.98505E-05 9.98505E-05 9.98505E-05 9.98505E-05 0.998303 9.98505E-05 9.98505E-05 9.98505E-05 9.98505E-05 9.98505E-05 9.98505E-05 9.98505E-05 9.98505E-05 9.98505E-05 9.98505E-05 9.98505E-05
9.98504E-05 9.98504E-05 9.98504E-05 9.98504E-05 9.98504E-05 9.98504E-05 0.998303 9.98504E-05 9.98504E-05 9.98504E-05 9.98504E-05 9.98504E-05 9.98504E-05 9.98504E-05 9.98504E-05 9.98504E-05 9.98504E-05 9.98504E-05
9.98504E-05 9.98504E-05 0.998303 9.98504E-05 9.98504E-05 9.98504E-05 9.98504E-05 9.98504E-05 9.98504E-05 9.98504E-05 9.98504E-05 9.98504E-05 9.98504E-05 9.98504E-05 9.98504E-05 9.98504E-05 9.98504E-05 9.98504E-05
9.98507E-05 9.98507E-05 0.998303 9.98507E-05 9.98507E-05 9.98507E-05 9.98507E-05 9.98507E-05 9.98507E-05 9.98507E-05 9.98507E-05 9.98507E-05 9.98507E-05 9.98507E-05 9.98507E-05 9.98507E-05 9.98507E-05 9.98507E-05
9.98505E-05 9.98505E-05 0.998303 9.98505E-05 9.98505E-05 9.98505E-05 9.98505E-05 9.98505E-05 9.98505E-05 9.98505E-05 9.98505E-05 9.98505E-05 9.98505E-05 9.98505E-05 9.98505E-05 9.98505E-05 9.98505E-05 9.98505E-05
9.98506E-05 9.98506E-05 9.98506E-05 9.98506E-05 9.98506E-05 9.98506E-05 0.998303 9.98506E-05 9.98506E-05 9.98506E-05 9.98506E-05 9.98506E-05 9.98506E-05 9.98506E-05 9.98506E-05 9.98506E-05 9.98506E-05 9.98506E-05
9.98505E-05 9.98505E-05 9.98505E-05 9.98505E-05 9.98505E-05 9.98505E-05 0.998303 9.98505E-05 9.98505E-05 9.98505E-05 9.98505E-05 9.98505E-05 9.98505E-05 9.98505E-05 9.98505E-05 9.98505E-05 9.98505E-05 9.98505E-05
9.98506E-05 9.98506E-05 0.998303 9.98506E-05 9.98506E-05 9.98506E-05 9.98506E-05 9.98506E-05 9.98506E-05 9.98506E-05 9.98506E-05 9.98506E-05 9.98506E-05 9.98506E-05 9.98506E-05 9.98506E-05 9.98506E-05 9.98506E-05
9.98505E-05 9.98505E-05 0.998303 9.98505E-05 9.98505E-05 9.98505E-05 9.98505E-05 9.98505E-05 9.98505E-05 9.98505E-05 9.98505E-05 9.98505E-05 9.98505E-05 9.98505E-05 9.98505E-05 9.98505E-05 9.98505E-05 9.98505E-05
9.98858E-05 9.98858E-05 0.0877196 9.98858E-05 9.98858E-05 9.98858E-05 9.98858E-05 0.694841 9.98858E-05 9.98858E-05 9.98858E-05 0.117465 0.0872728 9.98858E-05 9.98858E-05 0.0114027 9.98858E-05 9.98858E-05
9.98506E-05 9.98506E-05 0.998303 9.98506E-05 9.98506E-05 9.98506E-05 9.98506E-05 9.98506E-05 9.98506E-05 9.98506E-05 9.98506E-05 9.98506E-05 9.98506E-05 9.98506E-05 9.98506E-05 9.98506E-05 9.98506E-05 9.98506E-05
9.98506E-05 9.98506E-05 9.98506E-05 9.98506E-05 9.98506E-05 9.98506E-05 0.998303 9.98506E-05 9.98506E-05 9.98506E-05 9.98506E-05 9.98506E-05 9.98506E-05 9.98506E-05 9.98506E-05 9.98506E-05 9.98506E-05 9.98506E-05
9.98505E-05 9.98505E-05 0.998303 9.98505E-05 9.98505E-05 9.98505E-05 9.98505E-05 9.98505E-05 9.98505E-05 9.98505E-05 9.98505E-05 9.98505E-05 9.98505E-05 9.98505E-05 9.98505E-05 9.98505E-05 9.98505E-05 9.98505E-05
9.98505E-05 9.98505E-05 0.998303 9.98505E-05 9.98505E-05 9.98505E-05 9.98505E-05 9.98505E-05 9.98505E-05 9.98505E-05 9.98505E-05 9.98505E-05 9.98505E-05 9.98505E-05 9.98505E-05 9.98505E-05 9.98505E-05 9.98505E-05
9.98505E-05 9.98505E-05 0.998303 9.98505E-05 9.98505E-05 9.98505E-05 9.98505E-05 9.98505E-05 9.98505E-05 9.98505E-05 9.98505E-05 9.98505E-05 9.98505E-05 9.98505E-05 9.98505E-05 9.98505E-05 9.98505E-05 9.98505E-05
9.98505E-05 9.98505E-05 9.98505E-05 9.98505E-05 9.98505E-05 9.98505E-05 0.998303 9.98505E-05 9.98505E-05 9.98505E-05 9.98505E-05 9.98505E-05 9.98505E-05 9.98505E-05 9.98505E-05 9.98505E-05 9.98505E-05 9.98505E-05
9.98505E-05 9.98505E-05 0.998303 9.98505E-05 9.98505E-05 9.98505E-05 9.98505E-05 9.98505E-05 9.98505E-05 9.98505E-05 9.98505E-05 9.98505E-05 9.98505E-05 9.98505E-05 9.98505E-05 9.98505E-05 9.98505E-05 9.98505E-05
9.98506E-05 9.98506E-05 9.98506E-05 9.98506E-05 9.98506E-05 9.98506E-05 0.998303 9.98506E-05 9.98506E-05 9.98506E-05 9.98506E-05 9.98506E-05 9.98506E-05 9.98506E-05 9.98506E-05 9.98506E-05 9.98506E-05 9.98506E-05
9.98506E-05 9.98506E-05 0.998303 9.98506E-05 9.98506E-05 9.98506E-05 9.98506E-05 9.98506E-05 9.98506E-05 9.98506E-05 9.98506E-05 9.98506E-05 9.98506E-05 9.98506E-05 9.98506E-05 9.98506E-05 9.98506E-05 9.98506E-05
9.98504E-05 9.98504E-05 0.998303 9.98504E-05 9.98504E-05 9.98504E-05 9.98504E-05 9.98504E-05 9.98504E-05 9.98504E-05 9.98504E-05 9.98504E-05 9.98504E-05 9.98504E-05 9.98504E-05 9.98504E-05 9.98504E-05 9.98504E-05
9.98505E-05 9.98505E-05 9.98505E-05 9.98505E-05 9.98505E-05 9.98505E-05 0.998303 9.98505E-05 9.98505E-05 9.98505E-05 9.98505E-05 9.98505E-05 9.98505E-05 9.98505E-05 9.98505E-05 9.98505E-05 9.98505E-05 9.98505E-05
9.98505E-05 9.98505E-05 9.98505E-05 9.98505E-05 9.98505E-05 9.98505E-05 0.998303 9.98505E-05 9.98505E-05 9.98505E-05 9.98505E-05 9.98505E-05 9.98505E-05 9.98505E-05 9.98505E-05 9.98505E-05 9.98505E-05 9.98505E-05
9.98506E-05 9.98506E-05 9.98506E-05 9.98506E-05 9.98506E-05 9.98506E-05 0.998303 9.98506E-05 9.98506E-05 9.98506E-05 9.98506E-05 9.98506E-05 9.98506E-05 9.98506E-05 9.98506E-05 9.98506E-05 9.98506E-05 9.98506E-05
9.98505E-05 9.98505E-05 0.998303 9.98505E-05 9.98505E-05 9.98505E-05 9.98505E-05 9.98505E-05 9.98505E-05 9.98505E-05 9.98505E-05 9.98505E-05 9.98505E-05 9.98505E-05 9.98505E-05 9.98505E-05 9.98505E-05 9.98505E-05
9.98595E-05 0.0107758 0.987626 9.98595E-05 9.98595E-05 9.98595E-05 9.98595E-05 9.98595E-05 9.98595E-05 9.98595E-05 9.98595E-05 9.98595E-05 9.98595E-05 9.98595E-05 9.98595E-05 9.98595E-05 9.98595E-05 9.98595E-05
9.98505E-05 9.98505E-05 0.998303 9.98505E-05 9.98505E-05 9.98505E-05 9.98505E-05 9.98505E-05 9.98505E-05 9.98505E-05 9.98505E-05 9.98505E-05 9.98505E-05 9.98505E-05 9.98505E-05 9.98505E-05 9.98505E-05 9.98505E-05
9.98505E-05 9.98505E-05 0.998303 9.98505E-05 9.98505E-05 9.98505E-05 9.98505E-05 9.98505E-05 9.98505E-05 9.98505E-05 9.98505E-05 9.98505E-05 9.98505E-05 9.98505E-05 9.98505E-05 9.98505E-05 9.98505E-05 9.98505E-05
9.98505E-05 9.98505E-05 0.998303 9.98505E-05 9.98505E-05 9.98505E-05 9.98505E-05 9.98505E-05 9.98505E-05 9.98505E-05 9.98505E-05 9.98505E-05 9.98505E-05 9.98505E-05 9.98505E-05 9.98505E-05 9.98505E-05 9.98505E-05
9.98505E-05 9.98505E-05 9.98505E-05 9.98505E-05 9.98505E-05 9.98505E-05 0.998303 9.98505E-05 9.98505E-05 9.98505E-05 9.98505E-05 9.98505E-05 9.98505E-05 9.98505E-05 9.98505E-05 9.98505E-05 9.98505E-05 9.98505E-05
9.98506E-05 9.98506E-05 9.98506E-05 9.98506E-05 9.98506E-05 9.98506E-05 0.998303 9.98506E-05 9.98506E-05 9.98506E-05 9.98506E-05 9.98506E-05 9.98506E-05 9.98506E-05 9.98506E-05 9.98506E-05 9.98506E-05 9.98506E-05
9.98505E-05 9.98505E-05 9.98505E-05 9.98505E-05 9.98505E-05 9.98505E-05 0.998303 9.98505E-05 9.98505E-05 9.98505E-05 9.98505E-05 9.98505E-05 9.98505E-05 9.98505E-05 9.98505E-05 9.98505E-05 9.98505E-05 9.98505E-05
9.98507E-05 9.98507E-05 0.998303 9.98507E-05 9.98507E-05 9.98507E-05 9.98507E-05 9.98507E-05 9.98507E-05 9.98507E-05 9.98507E-05 9.98507E-05 9.98507E-05 9.98507E-05 9.98507E-05 9.98507E-05 9.98507E-05 9.98507E-05
9.98594E-05 9.98594E-05 0.00302575 9.98594E-05 9.98594E-05 9.98594E-05 0.995377 9.98594E-05 9.98594E-05 9.98594E-05 9.98594E-05 9.98594E-05 9.98594E-05 9.98594E-05 9.98594E-05 9.98594E-05 9.98594E-05 9.98594E-05
9.98505E-05 9.98505E-05 9.98505E-05 9.98505E-05 9.98505E-05 9.98505E-05 0.998303 9.98505E-05 9.98505E-05 9.98505E-05 9.98505E-05 9.98505E-05 9.98505E-05 9.98505E-05 9.98505E-05 9.98505E-05 9.98505E-05 9.98505E-05
9.98504E-05 9.98504E-05 9.98504E-05 9.98504E-05 9.98504E-05 9.98504E-05 0.998303 9.98504E-05 9.98504E-05 9.98504E-05 9.98504E-05 9.98504E-05 9.98504E-05 9.98504E-05 9.98504E-05 9.98504E-05 9.98504E-05 9.98504E-05
9.98505E-05 9.98505E-05 9.98505E-05 9.98505E-05 9.98505E-05 9.98505E-05 0.998303 9.98505E-05 9.98505E-05 9.98505E-05 9.98505E-05 9.98505E-05 9.98505E-05 9.98505E-05 9.98505E-05 9.98505E-05 9.98505E-05 9.98505E-05
9.98505E-05 9.98505E-05 0.998303 9.98505E-05 9.98505E-05 9.98505E-05 9.98505E-05 9.98505E-05 9.98505E-05 9.98505E-05 9.98505E-05 9.98505E-05 9.98505E-05 9.98505E-05 9.98505E-05 9.98505E-05 9.98505E-05 9.98505E-05
9.98505E-05 9.98505E-05 9.98505E-05 9.98505E-05 9.98505E-05 9.98505E-05 0.998303 9.98505E-05 9.98505E-05 9.98505E-05 9.98505E-05 9.98505E-05 9.98505E-05 9.98505E-05 9.98505E-05 9.98505E-05 9.98505E-05 9.98505E-05
9.98504E-05 9.98504E-05 9.98504E-05 9.98504E-05 9.98504E-05 9.98504E-05 0.998303 9.98504E-05 9.98504E-05 9.98504E-05 9.98504E-05 9.98504E-05 9.98504E-05 9.98504E-05 9.98504E-05 9.98504E-05 9.98504E-05 9.98504E-05
9.99033E-05 9.99033E-05 0.0311326 9.99033E-05 0.0260702 9.99033E-05 0.03724 0.595984 0.0692621 9.99033E-05 9.99033E-05 0.0785318 0.160681 9.99033E-05 9.99033E-05 9.99033E-05 9.99033E-05 9.99033E-05
