0.0593015 9.99649E-05 9.99649E-05 0.0674009 9.99649E-05 0.551492 0.202451 9.99649E-05 0.118954
9.99561E-05 9.99561E-05 9.99561E-05 9.99561E-05 0.00292005 0.845209 0.132544 9.99561E-05 0.0188272
0.00634774 0.0053851 9.99736E-05 9.99736E-05 0.0141583 0.936376 9.99736E-05 0.0274008 0.0100321
0.0865866 9.99737E-05 0.0313322 9.99737E-05 0.114633 0.331906 9.99737E-05 0.326835 0.108407
9.99473E-05 9.99473E-05 9.99473E-05 9.99473E-05 9.99473E-05 0.89812 0.000358294 0.100922 9.99473E-05
0.182938 9.99737E-05 0.0885499 9.99737E-05 9.99737E-05 0.259748 0.126874 0.291278 0.0503124
9.99649E-05 0.096466 9.99649E-05 9.99649E-05 9.99649E-05 0.41539 0.168499 0.186817 0.132428
0.161691 0.0782699 0.0621727 0.0172741 9.99912E-05 0.217342 0.0253232 0.399049 0.0387778
0.509069 9.99649E-05 9.99649E-05 9.99649E-05 0.0684845 0.259712 0.0171479 0.145187 9.99649E-05
9.993E-05 9.993E-05 9.993E-05 9.993E-05 9.993E-05 0.999201 9.993E-05 9.993E-05 9.993E-05
0.203559 9.99561E-05 9.99561E-05 9.99561E-05 0.0154471 0.63145 9.99561E-05 9.99561E-05 0.149044
9.99561E-05 0.00822461 9.99561E-05 9.99561E-05 0.0146445 0.887351 9.99561E-05 0.0892806 9.99561E-05
0.0665794 9.99386E-05 9.99386E-05 9.99386E-05 9.99386E-05 0.932721 9.99386E-05 9.99386E-05 9.99386E-05
9.99561E-05 0.057125 0.239284 9.99561E-05 9.99561E-05 0.631679 9.99561E-05 9.99561E-05 0.0714126
0.2338 9.99649E-05 0.123857 9.99649E-05 0.113505 0.414742 9.99649E-05 0.113696 9.99649E-05
0.311701 0.108225 9.99736E-05 0.00874474 9.99736E-05 0.288495 9.99736E-05 0.265229 0.0173049
0.0226366 0.0402965 0.017008 9.99912E-05 0.0160672 0.684073 0.125391 0.0451572 0.049271
0.287101 9.99737E-05 9.99737E-05 0.132571 0.0878378 0.315099 9.99737E-05 0.0881887 0.0889036
0.394679 9.99736E-05 9.99736E-05 0.050954 0.0132197 0.423171 9.99736E-05 0.0873619 0.0303139
9.99386E-05 9.99386E-05 9.99386E-05 9.99386E-05 0.100727 0.898574 9.99386E-05 9.99386E-05 9.99386E-05
0.15918 0.0214413 9.99649E-05 9.99649E-05 9.99649E-05 0.508738 9.99649E-05 0.280647 0.0295929
0.197148 0.0515747 9.99825E-05 0.0506271 9.99825E-05 0.35035 0.0271191 0.246496 0.0764847
0.096512 9.99561E-05 9.99561E-05 9.99561E-05 9.99561E-05 0.777489 0.0594545 9.99561E-05 0.0660446
0.323741 0.144596 9.99648E-05 0.00996185 9.99648E-05 0.495935 9.99648E-05 0.0253658 9.99648E-05
0.361382 9.99648E-05 0.0672084 9.99648E-05 0.167144 0.363222 9.99648E-05 9.99648E-05 0.0406438
0.125288 9.99561E-05 0.050567 9.99561E-05 9.99561E-05 0.72888 9.99561E-05 0.0947649 9.99561E-05
0.309251 0.0652062 0.217571 0.167218 0.0257931 0.127114 0.0435227 0.0247538 0.0195712
0.00431773 9.99561E-05 9.99561E-05 9.99561E-05 9.99561E-05 0.820208 9.99561E-05 0.14425 0.0307253
0.142634 9.99649E-05 0.00945268 9.99649E-05 0.0351029 0.770082 9.99649E-05 9.99649E-05 0.0423292
0.153469 0.0286746 0.0402672 9.99824E-05 9.99824E-05 0.703853 0.0304497 0.000561706 0.0425241
0.0850106 9.99649E-05 9.99649E-05 0.0123689 0.0404072 0.732464 9.99649E-05 9.99649E-05 0.12935
0.0930178 9.99649E-05 0.15249 9.99649E-05 9.99649E-05 0.605379 9.99649E-05 0.113701 0.035012
0.201665 0.0693735 0.0329786 9.99648E-05 9.99648E-05 0.587914 9.99648E-05 9.99648E-05 0.107669
9.99649E-05 9.99649E-05 0.315826 0.00987205 0.140471 0.47462 9.99649E-05 0.058811 9.99649E-05
0.00424682 9.99649E-05 9.99649E-05 9.99649E-05 0.00233197 0.825657 0.0962778 9.99649E-05 0.0710871
0.0554131 9.99737E-05 9.99737E-05 9.99737E-05 0.0118948 0.795778 0.0310465 0.0741747 0.0313932
9.99386E-05 0.110481 9.99386E-05 9.99386E-05 9.99386E-05 0.88882 9.99386E-05 9.99386E-05 9.99386E-05
0.179986 9.99474E-05 9.99474E-05 9.99474E-05 0.129193 0.690221 9.99474E-05 9.99474E-05 9.99474E-05
0.140348 9.99737E-05 0.124075 9.99737E-05 9.99737E-05 0.55624 0.0815577 0.0685925 0.0288868
0.107034 0.195438 0.15532 9.99561E-05 9.99561E-05 0.541708 9.99561E-05 9.99561E-05 9.99561E-05
0.0734243 9.99561E-05 9.99561E-05 9.99561E-05 9.99561E-05 0.881522 9.99561E-05 0.0136234 0.0309302
0.175905 9.99561E-05 9.99561E-05 9.99561E-05 9.99561E-05 0.800472 0.00374144 0.0193824 9.99561E-05
9.99473E-05 9.99473E-05 9.99473E-05 0.0327539 9.99473E-05 0.933076 0.0335704 9.99473E-05 9.99473E-05
0.35517 9.99649E-05 9.99649E-05 9.99649E-05 0.00241864 0.523677 0.0387633 9.99649E-05 0.0795715
0.25424 9.99649E-05 9.99649E-05 9.99649E-05 0.0289521 0.419188 9.99649E-05 0.239713 0.0575065
9.99385E-05 9.99385E-05 9.99385E-05 9.99385E-05 0.104528 0.894772 9.99385E-05 9.99385E-05 9.99385E-05
0.0930236 9.99473E-05 9.99473E-05 0.0755849 9.99473E-05 0.830792 9.99473E-05 9.99473E-05 9.99473E-05
9.99386E-05 0.0219829 9.99386E-05 9.99386E-05 9.99386E-05 0.977318 9.99386E-05 9.99386E-05 9.99386E-05
0.0747948 9.99561E-05 9.99561E-05 0.0958767 9.99561E-05 0.793728 9.99561E-05 9.99561E-05 0.0351011
9.99825E-05 0.122455 9.99825E-05 0.0354151 0.0112155 0.765188 0.00834364 0.0202057 0.0369776
0.287734 9.99736E-05 0.0839126 9.99736E-05 0.024229 0.372472 9.99736E-05 0.0973165 0.134036
9.99474E-05 9.99474E-05 9.99474E-05 9.99474E-05 0.0396375 0.687746 9.99474E-05 0.272017 9.99474E-05
0.0307845 9.99561E-05 9.99561E-05 0.0694867 9.99561E-05 0.871194 0.0280355 9.99561E-05 9.99561E-05
0.0699236 0.208871 9.99649E-05 0.0146765 0.0206136 0.685515 9.99649E-05 9.99649E-05 9.99649E-05
0.0577141 9.99562E-05 9.99562E-05 9.99562E-05 0.0184308 0.793979 9.99562E-05 0.129376 9.99562E-05
9.99737E-05 0.0138748 0.0421781 9.99737E-05 0.111495 0.73441 9.99737E-05 0.0290824 0.0686604
0.0724163 0.074391 9.99649E-05 0.0341653 9.99649E-05 0.762914 0.0557136 9.99649E-05 9.99649E-05
0.0122272 9.99561E-05 9.99561E-05 9.99561E-05 9.99561E-05 0.903327 9.99561E-05 0.0237135 0.0602324
0.0195439 9.99561E-05 9.99561E-05 9.99561E-05 9.99561E-05 0.91412 9.99561E-05 0.0353627 0.0304734
0.369827 9.99649E-05 9.99649E-05 0.154896 9.99649E-05 0.168298 0.286076 9.99649E-05 0.0205022
0.0250479 0.0932874 9.99649E-05 9.99649E-05 9.99649E-05 0.403384 0.330277 0.147604 9.99649E-05
9.99649E-05 0.0529833 9.99649E-05 0.138914 9.99649E-05 0.363302 0.338365 9.99649E-05 0.106035
0.251023 0.031064 0.15903 0.0999153 0.0304259 9.99824E-05 0.390948 9.99824E-05 0.037394
0.285641 0.0498426 9.99912E-05 0.0888952 0.0560249 0.185248 0.18006 0.129268 0.0249214
0.426595 0.0694242 9.99649E-05 0.0575885 9.99649E-05 9.99649E-05 0.343944 9.99649E-05 0.102049
0.154473 9.99824E-05 9.99824E-05 0.0644724 0.0355455 0.0510233 0.588558 0.00122879 0.104499
0.259243 0.0393384 9.99561E-05 0.297187 9.99561E-05 9.99561E-05 0.403732 9.99561E-05 9.99561E-05
0.0267948 9.99737E-05 0.12524 0.0932993 0.0395367 0.253481 0.461348 9.99737E-05 9.99737E-05
0.0515704 9.99737E-05 9.99737E-05 0.029036 9.99737E-05 0.337151 0.284109 0.222058 0.0757761
0.474095 9.99649E-05 9.99649E-05 0.050521 0.101144 9.99649E-05 0.17306 9.99649E-05 0.20078
0.149623 0.274529 9.99737E-05 0.0628029 9.99737E-05 0.0896136 0.326818 9.99737E-05 0.0963133
0.334753 0.0974675 0.0350844 0.00743069 9.99912E-05 0.019287 0.130245 0.194059 0.181573
0.286878 0.0474071 9.99649E-05 9.99649E-05 9.99649E-05 0.114624 0.339149 0.211542 9.99649E-05
0.0250967 0.163106 0.136847 9.99737E-05 9.99737E-05 0.309989 0.325792 9.99737E-05 0.0388686
0.236465 9.99737E-05 9.99737E-05 0.0472085 9.99737E-05 0.286263 0.253255 0.0642205 0.112288
0.259594 0.101846 0.0900604 0.151535 9.99824E-05 0.0191589 0.257834 0.119771 9.99824E-05
0.239838 9.99737E-05 9.99737E-05 0.0826747 9.99737E-05 0.166629 0.140209 0.159154 0.211196
0.214533 9.99649E-05 9.99649E-05 0.197955 9.99649E-05 0.273262 0.233795 9.99649E-05 0.0800547
0.294344 0.165124 0.0384975 0.0670394 0.011878 9.99824E-05 0.311546 9.99824E-05 0.111371
0.0726425 0.105268 9.99737E-05 0.0401954 9.99737E-05 0.456476 0.290155 9.99737E-05 0.0349627
0.244308 0.10529 9.99736E-05 9.99736E-05 9.99736E-05 0.227478 0.305799 0.0990443 0.0177806
0.0839554 9.99737E-05 0.235884 9.99737E-05 0.0160443 0.269998 0.340171 9.99737E-05 0.0536475
0.20119 0.014921 0.00572982 0.156261 9.99912E-05 0.244579 0.114524 0.235688 0.0270071
0.228211 9.99824E-05 0.046839 0.0119169 9.99824E-05 0.328139 0.0522315 0.0152422 0.31722
0.181735 9.99737E-05 0.0220194 9.99737E-05 0.0172744 0.42081 0.303763 9.99737E-05 0.0540984
0.0189611 0.0580439 0.0400657 0.137179 9.99737E-05 0.470532 0.274918 9.99737E-05 9.99737E-05
0.177729 0.0866305 9.99825E-05 0.00213781 0.0214882 0.333497 0.369384 0.00893319 9.99825E-05
0.258964 9.99561E-05 9.99561E-05 0.256686 9.99561E-05 0.380828 0.103023 9.99561E-05 9.99561E-05
0.29668 0.0156703 0.122714 9.99737E-05 0.0001388 0.334186 0.230312 9.99737E-05 9.99737E-05
0.334214 9.99473E-05 0.652397 9.99473E-05 9.99473E-05 9.99473E-05 9.99473E-05 9.99473E-05 0.0127894
0.0443799 9.99387E-05 0.954921 9.99387E-05 9.99387E-05 9.99387E-05 9.99387E-05 9.99387E-05 9.99387E-05
0.179774 9.9956E-05 0.719677 9.9956E-05 9.9956E-05 9.9956E-05 9.9956E-05 0.0250916 0.074957
0.326612 9.9956E-05 0.577949 0.0498482 9.9956E-05 9.9956E-05 9.9956E-05 9.9956E-05 0.0450914
0.276978 0.0104147 0.645647 0.0372296 0.0293305 9.99648E-05 9.99648E-05 9.99648E-05 9.99648E-05
0.39025 9.99473E-05 0.586822 9.99473E-05 9.99473E-05 9.99473E-05 0.0223282 9.99473E-05 9.99473E-05
0.296268 9.9956E-05 0.603468 0.0406676 9.9956E-05 9.9956E-05 9.9956E-05 9.9956E-05 0.0590961
0.439212 9.99473E-05 0.527588 9.99473E-05 9.99473E-05 9.99473E-05 9.99473E-05 9.99473E-05 0.0326004
0.490192 9.9956E-05 0.15943 9.9956E-05 9.9956E-05 9.9956E-05 0.324291 9.9956E-05 0.0255869
0.63756 9.99473E-05 0.355275 0.00656609 9.99473E-05 9.99473E-05 9.99473E-05 9.99473E-05 9.99473E-05
9.99386E-05 9.99386E-05 0.751014 9.99386E-05 9.99386E-05 9.99386E-05 0.248286 9.99386E-05 9.99386E-05
0.065033 9.99649E-05 0.698131 9.99649E-05 0.0306678 9.99649E-05 0.143972 9.99649E-05 0.0617966
0.136245 9.99386E-05 0.863055 9.99386E-05 9.99386E-05 9.99386E-05 9.99386E-05 9.99386E-05 9.99386E-05
0.389223 9.99473E-05 0.606436 0.00374101 9.99473E-05 9.99473E-05 9.99473E-05 9.99473E-05 9.99473E-05
0.103026 0.0355667 0.671692 0.156244 9.99649E-05 9.99649E-05 9.99649E-05 9.99649E-05 0.0330708
0.200246 0.0346959 0.502605 9.99736E-05 0.0359466 9.99736E-05 0.14436 9.99736E-05 0.0818466
0.173163 9.9956E-05 0.549795 9.9956E-05 0.0569901 9.9956E-05 0.219553 9.9956E-05 9.9956E-05
0.207358 0.0428973 0.654211 9.99649E-05 9.99649E-05 9.99649E-05 9.99649E-05 0.0442371 0.0508968
0.0454929 9.99561E-05 0.884309 9.99561E-05 9.99561E-05 9.99561E-05 9.99561E-05 0.00646159 0.0632364
0.274324 0.0209049 0.586151 9.99649E-05 0.0832724 9.99649E-05 9.99649E-05 9.99649E-05 0.0349472
0.233738 9.99473E-05 0.698164 9.99473E-05 9.99473E-05 9.99473E-05 0.0674989 9.99473E-05 9.99473E-05
0.218872 9.9956E-05 0.695769 0.0153393 9.9956E-05 9.9956E-05 9.9956E-05 9.9956E-05 0.06952
0.578046 9.99561E-05 0.287538 9.99561E-05 0.1028 9.99561E-05 0.031116 9.99561E-05 9.99561E-05
0.235292 9.99385E-05 0.764008 9.99385E-05 9.99385E-05 9.99385E-05 9.99385E-05 9.99385E-05 9.99385E-05
0.385932 9.99648E-05 0.234676 9.99648E-05 0.13707 9.99648E-05 0.12069 0.121232 9.99648E-05
0.261303 0.0267305 0.628753 0.000439508 9.99649E-05 9.99649E-05 0.0823742 9.99649E-05 9.99649E-05
9.99474E-05 9.99474E-05 0.920735 9.99474E-05 0.0725289 0.00613605 9.99474E-05 9.99474E-05 9.99474E-05
0.375486 0.00998501 0.425533 0.0305755 0.0252925 9.99736E-05 9.99736E-05 0.132828 9.99736E-05
0.550719 9.99561E-05 0.394349 9.99561E-05 0.00158648 9.99561E-05 0.0528452 9.99561E-05 9.99561E-05
0.0905246 9.99561E-05 0.748544 9.99561E-05 0.092494 9.99561E-05 9.99561E-05 9.99561E-05 0.0679374
0.318367 0.013804 0.599727 9.99561E-05 9.99561E-05 9.99561E-05 9.99561E-05 9.99561E-05 0.0676022
0.100497 0.0830489 0.748592 9.99648E-05 0.00795193 9.99648E-05 9.99648E-05 9.99648E-05 0.0595101
0.444337 9.9956E-05 0.305455 9.9956E-05 0.218535 9.9956E-05 9.9956E-05 9.9956E-05 0.0311728
0.36705 9.99472E-05 0.48685 9.99472E-05 0.1455 9.99472E-05 9.99472E-05 9.99472E-05 9.99472E-05
0.123159 9.99473E-05 0.868342 9.99473E-05 0.00789998 9.99473E-05 9.99473E-05 9.99473E-05 9.99473E-05
0.0923537 0.0406385 0.75805 9.99648E-05 9.99648E-05 9.99648E-05 0.0493813 9.99648E-05 0.0591765
0.430712 9.9956E-05 0.470402 0.0592693 9.9956E-05 9.9956E-05 9.9956E-05 9.9956E-05 0.0391166
9.993E-05 9.993E-05 0.999201 9.993E-05 9.993E-05 9.993E-05 9.993E-05 9.993E-05 9.993E-05
0.0868509 9.99561E-05 0.887109 0.00779317 0.0177475 9.99561E-05 9.99561E-05 9.99561E-05 9.99561E-05
9.993E-05 9.993E-05 0.999201 9.993E-05 9.993E-05 9.993E-05 9.993E-05 9.993E-05 9.993E-05
0.0178045 9.99649E-05 0.856429 0.000189175 0.0797805 9.99649E-05 0.045397 9.99649E-05 9.99649E-05
0.426207 9.99648E-05 0.462086 9.99648E-05 9.99648E-05 9.99648E-05 0.0304462 0.0406151 0.0402461
0.272124 9.99473E-05 0.651851 9.99473E-05 9.99473E-05 9.99473E-05 9.99473E-05 0.0754259 9.99473E-05
0.126002 9.99474E-05 0.867454 9.99474E-05 0.00594438 9.99474E-05 9.99474E-05 9.99474E-05 9.99474E-05
9.99386E-05 9.99386E-05 0.877088 9.99386E-05 9.99386E-05 9.99386E-05 0.122212 9.99386E-05 9.99386E-05
0.317587 9.99648E-05 0.260069 0.0567628 0.175646 9.99648E-05 0.189535 9.99648E-05 9.99648E-05
0.358242 0.118075 0.37528 0.0451898 9.99737E-05 9.99737E-05 0.0112898 9.99737E-05 0.0916234
0.318909 0.179708 0.382549 0.0466286 0.00242026 9.99737E-05 0.069485 9.99737E-05 9.99737E-05
0.589945 9.99561E-05 0.240141 0.0553945 9.99561E-05 9.99561E-05 9.99561E-05 9.99561E-05 0.11402
0.000724017 9.99474E-05 0.994103 9.99474E-05 9.99474E-05 9.99474E-05 0.00457313 9.99474E-05 9.99474E-05
0.252657 0.0883595 0.476836 9.99736E-05 0.0385818 9.99736E-05 9.99736E-05 0.11995 0.0233149
0.0787086 9.99474E-05 0.887417 9.99474E-05 9.99474E-05 9.99474E-05 0.0332745 9.99474E-05 9.99474E-05
0.312692 9.99474E-05 0.661592 9.99474E-05 9.99474E-05 9.99474E-05 9.99474E-05 9.99474E-05 0.0251161
0.180521 0.0964932 0.706733 0.0157534 9.9956E-05 9.9956E-05 9.9956E-05 9.9956E-05 9.9956E-05
0.0433128 0.010052 0.716686 0.0714433 0.059663 9.99736E-05 9.99736E-05 9.99736E-05 0.0985425
0.439106 9.9956E-05 0.242881 9.9956E-05 0.0109158 9.9956E-05 0.306598 9.9956E-05 9.9956E-05
0.347828 9.99384E-05 0.651473 9.99384E-05 9.99384E-05 9.99384E-05 9.99384E-05 9.99384E-05 9.99384E-05
0.284837 0.0447374 0.586478 9.99736E-05 0.0146849 9.99736E-05 9.99736E-05 0.00254902 0.0664144
0.0489219 9.99472E-05 0.778628 9.99472E-05 0.171851 9.99472E-05 9.99472E-05 9.99472E-05 9.99472E-05
0.254482 9.99473E-05 0.637135 9.99473E-05 9.99473E-05 9.99473E-05 0.107783 9.99473E-05 9.99473E-05
0.847768 9.99385E-05 9.99385E-05 9.99385E-05 0.151533 9.99385E-05 9.99385E-05 9.99385E-05 9.99385E-05
0.999201 9.993E-05 9.993E-05 9.993E-05 9.993E-05 9.993E-05 9.993E-05 9.993E-05 9.993E-05
0.932016 9.99385E-05 9.99385E-05 9.99385E-05 0.0672842 9.99385E-05 9.99385E-05 9.99385E-05 9.99385E-05
0.999201 9.993E-05 9.993E-05 9.993E-05 9.993E-05 9.993E-05 9.993E-05 9.993E-05 9.993E-05
0.999201 9.993E-05 9.993E-05 9.993E-05 9.993E-05 9.993E-05 9.993E-05 9.993E-05 9.993E-05
0.999201 9.993E-05 9.993E-05 9.993E-05 9.993E-05 9.993E-05 9.993E-05 9.993E-05 9.993E-05
0.939901 9.99384E-05 9.99384E-05 9.99384E-05 0.059399 9.99384E-05 9.99384E-05 9.99384E-05 9.99384E-05
0.999201 9.993E-05 9.993E-05 9.993E-05 9.993E-05 9.993E-05 9.993E-05 9.993E-05 9.993E-05
0.999201 9.993E-05 9.993E-05 9.993E-05 9.993E-05 9.993E-05 9.993E-05 9.993E-05 9.993E-05
0.876199 9.99473E-05 9.99473E-05 0.0121109 0.111091 9.99473E-05 9.99473E-05 9.99473E-05 9.99473E-05
0.849193 9.99473E-05 9.99473E-05 0.0470401 0.103168 9.99473E-05 9.99473E-05 9.99473E-05 9.99473E-05
0.905045 9.99385E-05 9.99385E-05 9.99385E-05 0.0942551 9.99385E-05 9.99385E-05 9.99385E-05 9.99385E-05
0.999201 9.993E-05 9.993E-05 9.993E-05 9.993E-05 9.993E-05 9.993E-05 9.993E-05 9.993E-05
0.999201 9.993E-05 9.993E-05 9.993E-05 9.993E-05 9.993E-05 9.993E-05 9.993E-05 9.993E-05
0.863108 9.99473E-05 9.99473E-05 9.99473E-05 0.132123 9.99473E-05 0.00416932 9.99473E-05 9.99473E-05
0.919926 9.99385E-05 9.99385E-05 9.99385E-05 0.0793746 9.99385E-05 9.99385E-05 9.99385E-05 9.99385E-05
0.328553 0.0165666 0.366649 9.99648E-05 0.21253 9.99648E-05 9.99648E-05 0.0753017 9.99648E-05
0.797287 9.99473E-05 9.99473E-05 0.0557565 0.146357 9.99473E-05 9.99473E-05 9.99473E-05 9.99473E-05
0.999201 9.993E-05 9.993E-05 9.993E-05 9.993E-05 9.993E-05 9.993E-05 9.993E-05 9.993E-05
0.93452 9.99385E-05 9.99385E-05 9.99385E-05 0.06478 9.99385E-05 9.99385E-05 9.99385E-05 9.99385E-05
0.969554 9.99385E-05 9.99385E-05 9.99385E-05 0.0297464 9.99385E-05 9.99385E-05 9.99385E-05 9.99385E-05
0.855698 9.99385E-05 9.99385E-05 9.99385E-05 0.143603 9.99385E-05 9.99385E-05 9.99385E-05 9.99385E-05
0.999201 9.993E-05 9.993E-05 9.993E-05 9.993E-05 9.993E-05 9.993E-05 9.993E-05 9.993E-05
0.944622 9.99385E-05 9.99385E-05 9.99385E-05 0.0546782 9.99385E-05 9.99385E-05 9.99385E-05 9.99385E-05
0.999201 9.993E-05 9.993E-05 9.993E-05 9.993E-05 9.993E-05 9.993E-05 9.993E-05 9.993E-05
0.869916 9.99385E-05 9.99385E-05 9.99385E-05 0.129385 9.99385E-05 9.99385E-05 9.99385E-05 9.99385E-05
0.91252 9.99385E-05 9.99385E-05 9.99385E-05 0.0867801 9.99385E-05 9.99385E-05 9.99385E-05 9.99385E-05
0.999201 9.993E-05 9.993E-05 9.993E-05 9.993E-05 9.993E-05 9.993E-05 9.993E-05 9.993E-05
0.999201 9.993E-05 9.993E-05 9.993E-05 9.993E-05 9.993E-05 9.993E-05 9.993E-05 9.993E-05
0.999201 9.993E-05 9.993E-05 9.993E-05 9.993E-05 9.993E-05 9.993E-05 9.993E-05 9.993E-05
0.804663 9.99472E-05 9.99472E-05 9.99472E-05 0.17476 9.99472E-05 0.0199771 9.99472E-05 9.99472E-05
0.838101 9.99472E-05 9.99472E-05 0.0335574 0.127742 9.99472E-05 9.99472E-05 9.99472E-05 9.99472E-05
0.932969 9.99385E-05 9.99385E-05 9.99385E-05 0.0663313 9.99385E-05 9.99385E-05 9.99385E-05 9.99385E-05
0.932969 9.99385E-05 9.99385E-05 9.99385E-05 0.0663313 9.99385E-05 9.99385E-05 9.99385E-05 9.99385E-05
0.951854 9.99385E-05 9.99385E-05 9.99385E-05 0.0474468 9.99385E-05 9.99385E-05 9.99385E-05 9.99385E-05
0.999201 9.993E-05 9.993E-05 9.993E-05 9.993E-05 9.993E-05 9.993E-05 9.993E-05 9.993E-05
0.999201 9.993E-05 9.993E-05 9.993E-05 9.993E-05 9.993E-05 9.993E-05 9.993E-05 9.993E-05
0.999201 9.993E-05 9.993E-05 9.993E-05 9.993E-05 9.993E-05 9.993E-05 9.993E-05 9.993E-05
0.923096 9.99385E-05 9.99385E-05 9.99385E-05 0.0762044 9.99385E-05 9.99385E-05 9.99385E-05 9.99385E-05
0.999201 9.993E-05 9.993E-05 9.993E-05 9.993E-05 9.993E-05 9.993E-05 9.993E-05 9.993E-05
0.999201 9.993E-05 9.993E-05 9.993E-05 9.993E-05 9.993E-05 9.993E-05 9.993E-05 9.993E-05
0.999201 9.993E-05 9.993E-05 9.993E-05 9.993E-05 9.993E-05 9.993E-05 9.993E-05 9.993E-05
0.999201 9.993E-05 9.993E-05 9.993E-05 9.993E-05 9.993E-05 9.993E-05 9.993E-05 9.993E-05
0.932969 9.99385E-05 9.99385E-05 9.99385E-05 0.0663313 9.99385E-05 9.99385E-05 9.99385E-05 9.99385E-05
0.999201 9.993E-05 9.993E-05 9.993E-05 9.993E-05 9.993E-05 9.993E-05 9.993E-05 9.993E-05
0.999201 9.993E-05 9.993E-05 9.993E-05 9.993E-05 9.993E-05 9.993E-05 9.993E-05 9.993E-05
0.221659 0.0492614 0.391668 0.0162872 0.100434 9.99824E-05 0.0180777 0.202413 9.99824E-05
0.800591 9.99385E-05 9.99385E-05 9.99385E-05 0.198709 9.99385E-05 9.99385E-05 9.99385E-05 9.99385E-05
0.999201 9.993E-05 9.993E-05 9.993E-05 9.993E-05 9.993E-05 9.993E-05 9.993E-05 9.993E-05
0.999201 9.993E-05 9.993E-05 9.993E-05 9.993E-05 9.993E-05 9.993E-05 9.993E-05 9.993E-05
0.999201 9.993E-05 9.993E-05 9.993E-05 9.993E-05 9.993E-05 9.993E-05 9.993E-05 9.993E-05
0.999201 9.993E-05 9.993E-05 9.993E-05 9.993E-05 9.993E-05 9.993E-05 9.993E-05 9.993E-05
0.917245 9.99385E-05 9.99385E-05 9.99385E-05 0.0820551 9.99385E-05 9.99385E-05 9.99385E-05 9.99385E-05
0.999201 9.993E-05 9.993E-05 9.993E-05 9.993E-05 9.993E-05 9.993E-05 9.993E-05 9.993E-05
0.920531 9.99384E-05 9.99384E-05 9.99384E-05 0.0787689 9.99384E-05 9.99384E-05 9.99384E-05 9.99384E-05
0.999201 9.993E-05 9.993E-05 9.993E-05 9.993E-05 9.993E-05 9.993E-05 9.993E-05 9.993E-05
0.916322 9.99473E-05 9.99473E-05 0.0324662 0.0506117 9.99473E-05 9.99473E-05 9.99473E-05 9.99473E-05
0.999201 9.993E-05 9.993E-05 9.993E-05 9.993E-05 9.993E-05 9.993E-05 9.993E-05 9.993E-05
0.999201 9.993E-05 9.993E-05 9.993E-05 9.993E-05 9.993E-05 9.993E-05 9.993E-05 9.993E-05
0.999201 9.993E-05 9.993E-05 9.993E-05 9.993E-05 9.993E-05 9.993E-05 9.993E-05 9.993E-05
0.999201 9.993E-05 9.993E-05 9.993E-05 9.993E-05 9.993E-05 9.993E-05 9.993E-05 9.993E-05
0.999201 9.993E-05 9.993E-05 9.993E-05 9.993E-05 9.993E-05 9.993E-05 9.993E-05 9.993E-05
0.999201 9.993E-05 9.993E-05 9.993E-05 9.993E-05 9.993E-05 9.993E-05 9.993E-05 9.993E-05
0.93057 9.99385E-05 9.99385E-05 9.99385E-05 0.0687307 9.99385E-05 9.99385E-05 9.99385E-05 9.99385E-05
0.991126 9.99385E-05 9.99385E-05 9.99385E-05 0.00817407 9.99385E-05 9.99385E-05 9.99385E-05 9.99385E-05
0.84904 9.99385E-05 9.99385E-05 9.99385E-05 0.15026 9.99385E-05 9.99385E-05 9.99385E-05 9.99385E-05
0.999201 9.993E-05 9.993E-05 9.993E-05 9.993E-05 9.993E-05 9.993E-05 9.993E-05 9.993E-05
0.892467 9.99473E-05 9.99473E-05 0.00788804 0.0990449 9.99473E-05 9.99473E-05 9.99473E-05 9.99473E-05
0.947619 9.99384E-05 9.99384E-05 9.99384E-05 0.0516813 9.99384E-05 9.99384E-05 9.99384E-05 9.99384E-05
0.919389 9.99385E-05 9.99385E-05 9.99385E-05 0.0799114 9.99385E-05 9.99385E-05 9.99385E-05 9.99385E-05
0.999201 9.993E-05 9.993E-05 9.993E-05 9.993E-05 9.993E-05 9.993E-05 9.993E-05 9.993E-05
0.999201 9.993E-05 9.993E-05 9.993E-05 9.993E-05 9.993E-05 9.993E-05 9.993E-05 9.993E-05
0.999201 9.993E-05 9.993E-05 9.993E-05 9.993E-05 9.993E-05 9.993E-05 9.993E-05 9.993E-05
0.916378 9.99385E-05 9.99385E-05 9.99385E-05 0.0829229 9.99385E-05 9.99385E-05 9.99385E-05 9.99385E-05
0.999201 9.993E-05 9.993E-05 9.993E-05 9.993E-05 9.993E-05 9.993E-05 9.993E-05 9.993E-05
0.999201 9.993E-05 9.993E-05 9.993E-05 9.993E-05 9.993E-05 9.993E-05 9.993E-05 9.993E-05
0.867509 9.99384E-05 9.99384E-05 9.99384E-05 0.131791 9.99384E-05 9.99384E-05 9.99384E-05 9.99384E-05
0.999201 9.993E-05 9.993E-05 9.993E-05 9.993E-05 9.993E-05 9.993E-05 9.993E-05 9.993E-05
0.999201 9.993E-05 9.993E-05 9.993E-05 9.993E-05 9.993E-05 9.993E-05 9.993E-05 9.993E-05
0.415837 0.0619541 0.167698 0.0220735 0.0877145 9.99824E-05 0.137794 9.99824E-05 0.10673
0.930167 9.99385E-05 9.99385E-05 9.99385E-05 0.0691331 9.99385E-05 9.99385E-05 9.99385E-05 9.99385E-05
0.999201 9.993E-05 9.993E-05 9.993E-05 9.993E-05 9.993E-05 9.993E-05 9.993E-05 9.993E-05
0.493526 0.0632491 0.341944 9.99561E-05 9.99561E-05 9.99561E-05 9.99561E-05 9.99561E-05 0.100781
0.50211 9.99561E-05 0.314144 9.99561E-05 0.0341874 9.99561E-05 9.99561E-05 0.149059 9.99561E-05
0.523768 9.9956E-05 0.389511 9.9956E-05 0.0716861 9.9956E-05 9.9956E-05 0.0145352 9.9956E-05
0.161589 0.0652152 0.641235 0.0716897 0.0598712 9.99648E-05 9.99648E-05 9.99648E-05 9.99648E-05
0.611575 9.99472E-05 0.2845 9.99472E-05 9.99472E-05 9.99472E-05 0.103325 9.99472E-05 9.99472E-05
0.0997403 9.99562E-05 0.877634 9.99562E-05 9.99562E-05 0.011808 0.0103183 9.99562E-05 9.99562E-05
0.56509 0.0101134 0.308912 9.99649E-05 0.0553958 9.99649E-05 9.99649E-05 9.99649E-05 0.0600885
0.29912 9.99648E-05 0.522839 0.086024 0.0311393 9.99648E-05 9.99648E-05 9.99648E-05 0.0604773
0.265761 9.99386E-05 0.733539 9.99386E-05 9.99386E-05 9.99386E-05 9.99386E-05 9.99386E-05 9.99386E-05
0.13972 9.9956E-05 0.685337 9.9956E-05 0.030029 9.9956E-05 9.9956E-05 0.144414 9.9956E-05
0.282299 9.99473E-05 0.637006 9.99473E-05 9.99473E-05 9.99473E-05 9.99473E-05 9.99473E-05 0.0800952
0.617393 9.99473E-05 0.345272 9.99473E-05 9.99473E-05 9.99473E-05 0.0367356 9.99473E-05 9.99473E-05
0.603827 0.131918 0.196941 0.0668144 9.99561E-05 9.99561E-05 9.99561E-05 9.99561E-05 9.99561E-05
0.195746 9.99472E-05 0.635834 0.167819 9.99472E-05 9.99472E-05 9.99472E-05 9.99472E-05 9.99472E-05
0.413208 9.99472E-05 0.494531 9.99472E-05 9.99472E-05 9.99472E-05 9.99472E-05 9.99472E-05 0.0916619
0.47192 9.99649E-05 0.237074 9.99649E-05 9.99649E-05 9.99649E-05 0.127501 0.0768391 0.0862661
0.27767 9.99561E-05 0.705234 0.0163229 9.99561E-05 9.99561E-05 0.000273257 9.99561E-05 9.99561E-05
0.4139 0.0319308 0.363307 0.0190397 0.105882 9.99736E-05 9.99736E-05 9.99736E-05 0.0656401
0.079581 9.99736E-05 0.514774 9.99736E-05 0.0981733 9.99736E-05 0.216397 0.0218537 0.0689208
0.398017 9.99472E-05 0.508181 9.99472E-05 9.99472E-05 9.99472E-05 9.99472E-05 0.0932029 9.99472E-05
0.208322 9.9956E-05 0.622795 9.9956E-05 0.014944 9.9956E-05 9.9956E-05 0.15344 9.9956E-05
0.288658 0.0984469 0.527943 9.99649E-05 9.99649E-05 9.99649E-05 9.99649E-05 0.0777715 0.00678118
0.409113 0.080712 0.372787 0.0031203 0.122109 9.99736E-05 9.99736E-05 9.99736E-05 0.0118582
0.185873 9.99736E-05 0.637234 0.0530458 0.0200347 9.99736E-05 9.99736E-05 0.0604283 0.0430834
0.0901252 9.99472E-05 0.759652 0.149623 9.99472E-05 9.99472E-05 9.99472E-05 9.99472E-05 9.99472E-05
9.99386E-05 9.99386E-05 0.964425 9.99386E-05 9.99386E-05 9.99386E-05 0.0348751 9.99386E-05 9.99386E-05
0.110983 9.99736E-05 0.466577 0.0834933 0.0916399 9.99736E-05 0.12929 0.117717 9.99736E-05
0.642291 0.0283693 0.265246 0.021261 0.0424326 9.99649E-05 9.99649E-05 9.99649E-05 9.99649E-05
0.0818114 0.041084 0.735107 0.0647277 0.0502904 9.99736E-05 9.99736E-05 0.0266795 9.99736E-05
0.25488 9.99561E-05 0.494877 0.156567 0.0931758 9.99561E-05 9.99561E-05 9.99561E-05 9.99561E-05
0.609017 9.99561E-05 0.190728 9.99561E-05 9.99561E-05 9.99561E-05 9.99561E-05 0.113978 0.085777
0.41612 9.99561E-05 0.564713 9.99561E-05 9.99561E-05 9.99561E-05 0.0153711 9.99561E-05 0.00329621
0.274581 9.9956E-05 0.440342 9.9956E-05 9.9956E-05 9.9956E-05 0.161988 0.122589 9.9956E-05
0.376496 9.99648E-05 0.441667 0.0207894 9.99648E-05 9.99648E-05 9.99648E-05 0.108175 0.0524718
0.324774 9.9956E-05 0.497942 0.0720205 9.9956E-05 9.9956E-05 9.9956E-05 9.9956E-05 0.104764
0.297999 9.99473E-05 0.695151 9.99473E-05 0.00625119 9.99473E-05 9.99473E-05 9.99473E-05 9.99473E-05
9.993E-05 9.993E-05 0.999201 9.993E-05 9.993E-05 9.993E-05 9.993E-05 9.993E-05 9.993E-05
0.209585 0.12964 0.438602 0.0206764 9.99736E-05 9.99736E-05 0.0922481 9.99736E-05 0.108949
0.0871878 0.124724 0.66206 9.99648E-05 0.0374633 9.99648E-05 9.99648E-05 9.99648E-05 0.0881645
0.246296 9.9956E-05 0.413856 9.9956E-05 9.9956E-05 9.9956E-05 0.00926171 0.330087 9.9956E-05
0.370299 9.9956E-05 0.546509 0.0576692 0.0250231 9.9956E-05 9.9956E-05 9.9956E-05 9.9956E-05
0.0482973 0.0272276 0.562891 9.99737E-05 0.100445 9.99737E-05 0.0435046 0.217335 9.99737E-05
0.400648 9.99472E-05 0.409805 9.99472E-05 9.99472E-05 9.99472E-05 9.99472E-05 0.188947 9.99472E-05
0.680231 9.99561E-05 0.236816 0.00180745 9.99561E-05 9.99561E-05 9.99561E-05 0.0806459 9.99561E-05
0.674705 9.99648E-05 0.211205 0.000707763 9.99648E-05 9.99648E-05 0.0894639 0.0235182 9.99648E-05
0.283919 9.9956E-05 0.600049 0.10113 9.9956E-05 9.9956E-05 9.9956E-05 9.9956E-05 0.0144021
9.993E-05 9.993E-05 0.999201 9.993E-05 9.993E-05 9.993E-05 9.993E-05 9.993E-05 9.993E-05
0.23546 9.99648E-05 0.656525 9.99648E-05 0.0190252 9.99648E-05 9.99648E-05 0.0604175 0.0281734
0.0672672 9.99473E-05 0.930663 9.99473E-05 9.99473E-05 9.99473E-05 0.00147022 9.99473E-05 9.99473E-05
0.289531 0.0621679 0.258978 9.99736E-05 9.99736E-05 9.99736E-05 0.295972 0.0717072 0.021343
9.99386E-05 9.99386E-05 0.978367 9.99386E-05 9.99386E-05 9.99386E-05 0.0209339 9.99386E-05 9.99386E-05
0.320607 9.99561E-05 0.464077 9.99561E-05 9.99561E-05 9.99561E-05 0.105854 9.99561E-05 0.108962
0.200407 9.99648E-05 0.353661 9.99648E-05 9.99648E-05 9.99648E-05 0.280198 0.0636998 0.101633
0.219244 9.99472E-05 0.453708 9.99472E-05 9.99472E-05 9.99472E-05 0.326448 9.99472E-05 9.99472E-05
0.0819484 0.0404577 0.581182 9.9956E-05 9.9956E-05 9.9956E-05 9.9956E-05 0.295912 9.9956E-05
0.443418 9.99385E-05 0.555882 9.99385E-05 9.99385E-05 9.99385E-05 9.99385E-05 9.99385E-05 9.99385E-05
0.126446 9.99649E-05 0.748763 0.00853987 9.99649E-05 9.99649E-05 0.0913159 9.99649E-05 0.0245353
0.157475 9.99473E-05 0.751811 9.99473E-05 9.99473E-05 9.99473E-05 0.090114 9.99473E-05 9.99473E-05
0.428801 9.99473E-05 0.542888 9.99473E-05 0.027711 9.99473E-05 9.99473E-05 9.99473E-05 9.99473E-05
0.449807 9.99473E-05 0.389468 9.99473E-05 9.99473E-05 9.99473E-05 0.160125 9.99473E-05 9.99473E-05
9.99385E-05 9.99385E-05 0.994716 9.99385E-05 9.99385E-05 9.99385E-05 9.99385E-05 9.99385E-05 0.00458457
0.121644 9.99386E-05 0.877657 9.99386E-05 9.99386E-05 9.99386E-05 9.99386E-05 9.99386E-05 9.99386E-05
0.104004 9.99562E-05 0.788031 9.99562E-05 0.0244169 0.083048 9.99562E-05 9.99562E-05 9.99562E-05
0.288038 9.9956E-05 0.575713 0.02247 9.9956E-05 9.9956E-05 9.9956E-05 9.9956E-05 0.11328
0.314923 9.9956E-05 0.60587 9.9956E-05 0.0403899 9.9956E-05 9.9956E-05 9.9956E-05 0.0383168
0.286994 9.99473E-05 0.669883 9.99473E-05 0.0425237 9.99473E-05 9.99473E-05 9.99473E-05 9.99473E-05
0.0707958 9.99386E-05 0.928505 9.99386E-05 9.99386E-05 9.99386E-05 9.99386E-05 9.99386E-05 9.99386E-05
0.521272 9.99737E-05 0.270612 9.99737E-05 0.0414761 9.99737E-05 0.145708 0.00981372 0.0108175
0.350954 9.9956E-05 0.514143 9.9956E-05 0.0288603 9.9956E-05 9.9956E-05 9.9956E-05 0.105543
0.0423512 9.99649E-05 0.710431 0.0344573 0.0256809 9.99649E-05 0.186679 9.99649E-05 9.99649E-05
0.307794 9.99561E-05 0.333986 9.99561E-05 0.133278 9.99561E-05 0.224442 9.99561E-05 9.99561E-05
9.99474E-05 9.99474E-05 0.788803 9.99474E-05 9.99474E-05 0.0640822 0.146515 9.99474E-05 9.99474E-05
0.625975 9.99385E-05 0.373325 9.99385E-05 9.99385E-05 9.99385E-05 9.99385E-05 9.99385E-05 9.99385E-05
9.99649E-05 0.0809071 0.484911 0.118486 0.0503884 9.99649E-05 0.264908 9.99649E-05 9.99649E-05
0.0484924 9.99561E-05 0.851734 9.99561E-05 9.99561E-05 9.99561E-05 0.0818599 9.99561E-05 0.0174139
0.188317 9.99473E-05 0.525605 9.99473E-05 9.99473E-05 9.99473E-05 0.285478 9.99473E-05 9.99473E-05
9.99386E-05 9.99386E-05 0.839672 9.99386E-05 9.99386E-05 9.99386E-05 0.159628 9.99386E-05 9.99386E-05
0.0958112 9.99648E-05 0.823069 0.020668 9.99648E-05 9.99648E-05 9.99648E-05 0.0550763 0.00497561
9.99386E-05 9.99386E-05 0.778938 9.99386E-05 9.99386E-05 9.99386E-05 0.220362 9.99386E-05 9.99386E-05
0.426312 9.9956E-05 0.417269 9.9956E-05 9.9956E-05 9.9956E-05 0.0801794 9.9956E-05 0.0757393
0.287867 9.99561E-05 0.497174 9.99561E-05 9.99561E-05 9.99561E-05 9.99561E-05 0.157157 0.0573027
0.294276 0.00436819 0.355927 0.0426885 0.114495 9.99824E-05 9.99824E-05 0.147618 0.0404285
9.99386E-05 9.99386E-05 0.956244 9.99386E-05 9.99386E-05 9.99386E-05 0.0430564 9.99386E-05 9.99386E-05
0.290381 0.0965197 0.555727 9.99649E-05 9.99649E-05 9.99649E-05 0.0432855 9.99649E-05 0.0136869
0.15889 9.99648E-05 0.460061 0.0274263 0.193743 9.99648E-05 0.15948 9.99648E-05 9.99648E-05
0.014658 9.99561E-05 0.771186 9.99561E-05 9.99561E-05 9.99561E-05 0.172227 9.99561E-05 0.0414298
0.234996 9.9956E-05 0.504889 0.203385 0.0562298 9.9956E-05 9.9956E-05 9.9956E-05 9.9956E-05
0.677208 9.99561E-05 0.19643 0.0839856 9.99561E-05 9.99561E-05 9.99561E-05 9.99561E-05 0.0418769
0.393268 0.0660589 0.42271 9.99649E-05 0.103542 9.99649E-05 9.99649E-05 9.99649E-05 0.0140205
0.463999 9.9956E-05 0.446229 9.9956E-05 0.0702366 9.9956E-05 9.9956E-05 9.9956E-05 0.0190355
0.231469 9.99562E-05 0.39729 9.99562E-05 0.255626 9.99562E-05 0.115116 9.99562E-05 9.99562E-05
0.282912 9.9956E-05 0.322746 0.115825 9.9956E-05 9.9956E-05 0.278017 9.9956E-05 9.9956E-05
0.523177 9.99649E-05 0.206693 9.99649E-05 0.00691161 9.99649E-05 0.173986 0.0888329 9.99649E-05
0.142171 0.00751637 0.404139 9.99736E-05 0.110977 9.99736E-05 0.18665 9.99736E-05 0.148247
0.186791 9.99473E-05 0.585421 9.99473E-05 9.99473E-05 9.99473E-05 0.227189 9.99473E-05 9.99473E-05
9.99386E-05 9.99386E-05 0.748228 9.99386E-05 9.99386E-05 9.99386E-05 0.251073 9.99386E-05 9.99386E-05
0.303797 9.99648E-05 0.494879 0.00267507 0.00227377 9.99648E-05 9.99648E-05 0.195975 9.99648E-05
0.292791 9.9956E-05 0.391344 9.9956E-05 9.9956E-05 9.9956E-05 0.107246 9.9956E-05 0.208119
0.303391 9.99474E-05 0.564272 0.131738 9.99474E-05 9.99474E-05 9.99474E-05 9.99474E-05 9.99474E-05
0.464299 9.99649E-05 0.216529 9.99649E-05 0.0731162 9.99649E-05 0.0878358 0.15782 9.99649E-05
0.170613 0.0496023 0.392027 0.090491 0.0266731 9.99824E-05 9.99824E-05 0.193445 0.0769485
0.355948 9.99648E-05 0.50332 0.0359699 9.99648E-05 9.99648E-05 9.99648E-05 0.0976343 0.00672771
0.287961 0.122265 0.358467 0.0519083 0.0709713 9.99824E-05 0.0526534 9.99824E-05 0.0555742
0.0959864 9.99474E-05 0.655225 9.99474E-05 9.99474E-05 9.99474E-05 0.248189 9.99474E-05 9.99474E-05
0.0921999 9.99474E-05 0.740127 9.99474E-05 9.99474E-05 9.99474E-05 0.167073 9.99474E-05 9.99474E-05
0.365448 9.99561E-05 0.516884 9.99561E-05 0.00941903 9.99561E-05 0.107749 9.99561E-05 9.99561E-05
0.0327177 0.0303616 0.357064 0.221795 0.0568006 9.99736E-05 0.300961 9.99736E-05 9.99736E-05
9.99386E-05 9.99386E-05 0.880462 9.99386E-05 9.99386E-05 9.99386E-05 0.118838 9.99386E-05 9.99386E-05
9.99387E-05 9.99387E-05 0.929011 9.99387E-05 9.99387E-05 9.99387E-05 0.070289 9.99387E-05 9.99387E-05
0.0924525 9.99649E-05 0.741877 0.0894055 0.0334955 9.99649E-05 9.99649E-05 9.99649E-05 0.0423699
0.207055 9.9956E-05 0.754174 0.00776707 0.0305042 9.9956E-05 9.9956E-05 9.9956E-05 9.9956E-05
0.0902255 9.99561E-05 0.81682 9.99561E-05 0.0366651 9.99561E-05 9.99561E-05 9.99561E-05 0.0557899
0.387047 9.99472E-05 0.577547 9.99472E-05 9.99472E-05 9.99472E-05 9.99472E-05 0.0348071 9.99472E-05
0.291457 9.99473E-05 0.565387 9.99473E-05 9.99473E-05 9.99473E-05 9.99473E-05 0.142556 9.99473E-05
0.180224 0.0711504 0.345178 0.00354133 0.249393 9.99824E-05 0.0826245 9.99824E-05 0.0676891
0.361945 9.99473E-05 0.491617 9.99473E-05 9.99473E-05 9.99473E-05 0.145838 9.99473E-05 9.99473E-05
0.248884 9.9956E-05 0.598247 9.9956E-05 9.9956E-05 9.9956E-05 0.0370057 0.115363 9.9956E-05
0.236567 9.99648E-05 0.453374 0.189022 9.99648E-05 9.99648E-05 0.0885179 9.99648E-05 0.0321186
0.0478834 9.99473E-05 0.856312 9.99473E-05 0.0952051 9.99473E-05 9.99473E-05 9.99473E-05 9.99473E-05
0.219851 0.0967742 0.276501 9.99824E-05 0.0809438 9.99824E-05 0.224912 0.0480707 0.0527473
0.178282 9.99472E-05 0.691399 0.129719 9.99472E-05 9.99472E-05 9.99472E-05 9.99472E-05 9.99472E-05
0.42933 9.99472E-05 0.436034 9.99472E-05 9.99472E-05 9.99472E-05 9.99472E-05 9.99472E-05 0.134037
0.248105 9.99648E-05 0.336846 9.99648E-05 0.084736 9.99648E-05 0.325926 0.00398807 9.99648E-05
0.256282 9.99649E-05 0.513548 9.99649E-05 9.99649E-05 9.99649E-05 0.00896809 0.185034 0.0357678
9.99386E-05 9.99386E-05 0.565632 9.99386E-05 9.99386E-05 9.99386E-05 0.433669 9.99386E-05 9.99386E-05
0.460998 9.99561E-05 0.358241 0.113934 9.99561E-05 9.99561E-05 9.99561E-05 9.99561E-05 0.0663279
9.99473E-05 9.99473E-05 0.920838 9.99473E-05 0.0187887 9.99473E-05 0.0597739 9.99473E-05 9.99473E-05
9.99387E-05 9.99387E-05 0.68907 9.99387E-05 9.99387E-05 9.99387E-05 0.31023 9.99387E-05 9.99387E-05
0.370603 0.108025 0.378599 9.99648E-05 9.99648E-05 9.99648E-05 9.99648E-05 0.050722 0.0916508
0.326853 9.99648E-05 0.434326 9.99648E-05 0.0483364 9.99648E-05 0.181963 0.00812124 9.99648E-05
0.284952 9.99561E-05 9.99561E-05 9.99561E-05 9.99561E-05 9.99561E-05 0.455101 0.206649 0.0527987
0.226905 9.99561E-05 9.99561E-05 9.99561E-05 9.99561E-05 9.99561E-05 0.537125 0.120348 0.115122
0.277787 0.0854897 9.99648E-05 9.99648E-05 9.99648E-05 9.99648E-05 0.439092 0.155369 0.0418621
9.9965E-05 0.122891 0.172268 9.9965E-05 9.9965E-05 9.9965E-05 0.575116 0.0751074 0.0542174
0.173705 0.133847 0.0261276 0.0937422 0.0324472 9.99824E-05 0.486106 9.99824E-05 0.0538252
0.183563 9.9965E-05 0.0482783 0.0504802 9.9965E-05 0.282715 0.434564 9.9965E-05 9.9965E-05
0.542909 9.99561E-05 9.99561E-05 9.99561E-05 9.99561E-05 9.99561E-05 0.197578 0.238489 0.0205241
0.12751 0.238225 9.99561E-05 9.99561E-05 9.99561E-05 9.99561E-05 0.605299 9.99561E-05 0.0284663
9.99562E-05 0.131886 9.99562E-05 9.99562E-05 9.99562E-05 0.244216 0.568383 9.99562E-05 0.0550145
0.122309 9.9956E-05 9.9956E-05 9.9956E-05 9.9956E-05 9.9956E-05 0.665167 0.19967 0.0123543
0.391679 9.99824E-05 0.0281298 0.022814 0.0642617 9.99824E-05 0.210682 0.132404 0.149829
0.122574 9.996E-05 0.0382126 9.996E-05 0.19838 0.157275 0.483159 9.996E-05 9.996E-05
0.360398 0.190128 0.011235 9.99737E-05 9.99737E-05 9.99737E-05 0.371506 0.0468345 0.0195985
0.0496295 9.99562E-05 9.99562E-05 9.99562E-05 9.99562E-05 0.307427 0.630108 9.99562E-05 0.0123359
0.267987 0.0899492 0.0481299 0.0101332 0.00552058 0.0866369 0.366371 9.99912E-05 0.125172
0.275884 9.99561E-05 9.99561E-05 9.99561E-05 9.99561E-05 9.99561E-05 0.453306 0.217299 0.0530122
0.166791 0.110711 9.99737E-05 9.99737E-05 9.99737E-05 0.0339451 0.479472 0.0315008 0.177281
0.144826 0.0774809 9.99737E-05 9.99737E-05 0.0779478 0.0335318 0.603331 0.0625827 9.99737E-05
0.182698 0.267449 9.99649E-05 9.99649E-05 0.00799982 9.99649E-05 0.411689 9.99649E-05 0.129764
0.328797 9.99474E-05 9.99474E-05 9.99474E-05 9.99474E-05 9.99474E-05 0.442927 0.227676 9.99474E-05
0.418625 9.99561E-05 9.99561E-05 9.99561E-05 9.99561E-05 0.0433768 0.393243 9.99561E-05 0.144256
0.223939 0.00363855 0.0551333 9.99824E-05 9.99824E-05 0.177179 0.331488 0.136024 0.0723985
0.366667 9.99825E-05 9.99825E-05 0.0244536 0.119221 0.167292 0.212174 0.0324629 0.0775297
9.99385E-05 9.99385E-05 9.99385E-05 0.0927399 9.99385E-05 9.99385E-05 0.90656 9.99385E-05 9.99385E-05
0.0672624 9.99384E-05 9.99384E-05 9.99384E-05 9.99384E-05 9.99384E-05 0.932038 9.99384E-05 9.99384E-05
0.0881814 9.99384E-05 9.99384E-05 9.99384E-05 9.99384E-05 9.99384E-05 0.911119 9.99384E-05 9.99384E-05
0.162841 9.99384E-05 9.99384E-05 9.99384E-05 9.99384E-05 9.99384E-05 0.836459 9.99384E-05 9.99384E-05
9.993E-05 9.993E-05 9.993E-05 9.993E-05 9.993E-05 9.993E-05 0.999201 9.993E-05 9.993E-05
0.0690481 9.99385E-05 9.99385E-05 9.99385E-05 9.99385E-05 9.99385E-05 0.930252 9.99385E-05 9.99385E-05
0.0585402 9.99472E-05 9.99472E-05 0.0555727 9.99472E-05 9.99472E-05 0.885287 9.99472E-05 9.99472E-05
9.993E-05 9.993E-05 9.993E-05 9.993E-05 9.993E-05 9.993E-05 0.999201 9.993E-05 9.993E-05
0.133005 0.0481292 9.99649E-05 0.00620657 0.0082483 9.99649E-05 0.804011 9.99649E-05 9.99649E-05
0.230603 9.99472E-05 9.99472E-05 9.99472E-05 9.99472E-05 9.99472E-05 0.757544 9.99472E-05 0.0112534
9.993E-05 9.993E-05 9.993E-05 9.993E-05 9.993E-05 9.993E-05 0.999201 9.993E-05 9.993E-05
9.993E-05 9.993E-05 9.993E-05 9.993E-05 9.993E-05 9.993E-05 0.999201 9.993E-05 9.993E-05
0.259467 9.99384E-05 9.99384E-05 9.99384E-05 9.99384E-05 9.99384E-05 0.739834 9.99384E-05 9.99384E-05
9.99385E-05 9.99385E-05 9.99385E-05 9.99385E-05 9.99385E-05 9.99385E-05 0.978801 9.99385E-05 0.0204995
9.993E-05 9.993E-05 9.993E-05 9.993E-05 9.993E-05 9.993E-05 0.999201 9.993E-05 9.993E-05
9.993E-05 9.993E-05 9.993E-05 9.993E-05 9.993E-05 9.993E-05 0.999201 9.993E-05 9.993E-05
9.99384E-05 9.99384E-05 9.99384E-05 0.0371518 9.99384E-05 9.99384E-05 0.962149 9.99384E-05 9.99384E-05
0.0112421 9.99385E-05 9.99385E-05 9.99385E-05 9.99385E-05 9.99385E-05 0.988058 9.99385E-05 9.99385E-05
0.0671242 9.99384E-05 9.99384E-05 9.99384E-05 9.99384E-05 9.99384E-05 0.932176 9.99384E-05 9.99384E-05
9.993E-05 9.993E-05 9.993E-05 9.993E-05 9.993E-05 9.993E-05 0.999201 9.993E-05 9.993E-05
0.323556 9.99384E-05 9.99384E-05 9.99384E-05 9.99384E-05 9.99384E-05 0.675745 9.99384E-05 9.99384E-05
9.993E-05 9.993E-05 9.993E-05 9.993E-05 9.993E-05 9.993E-05 0.999201 9.993E-05 9.993E-05
0.262234 9.99384E-05 9.99384E-05 9.99384E-05 9.99384E-05 9.99384E-05 0.737067 9.99384E-05 9.99384E-05
9.99473E-05 9.99473E-05 0.899226 9.99473E-05 0.0451804 9.99473E-05 0.0549942 9.99473E-05 9.99473E-05
9.993E-05 9.993E-05 9.993E-05 9.993E-05 9.993E-05 9.993E-05 0.999201 9.993E-05 9.993E-05
9.993E-05 9.993E-05 9.993E-05 9.993E-05 9.993E-05 9.993E-05 0.999201 9.993E-05 9.993E-05
0.0739315 0.0945272 9.9956E-05 9.9956E-05 9.9956E-05 9.9956E-05 0.743243 9.9956E-05 0.0877989
9.993E-05 9.993E-05 9.993E-05 9.993E-05 9.993E-05 9.993E-05 0.999201 9.993E-05 9.993E-05
0.278722 9.99384E-05 9.99384E-05 9.99384E-05 9.99384E-05 9.99384E-05 0.720578 9.99384E-05 9.99384E-05
9.993E-05 9.993E-05 9.993E-05 9.993E-05 9.993E-05 9.993E-05 0.999201 9.993E-05 9.993E-05
9.993E-05 9.993E-05 9.993E-05 9.993E-05 9.993E-05 9.993E-05 0.999201 9.993E-05 9.993E-05
9.99384E-05 9.99384E-05 9.99384E-05 9.99384E-05 0.0103586 9.99384E-05 0.988942 9.99384E-05 9.99384E-05
0.0413821 9.99385E-05 9.99385E-05 9.99385E-05 9.99385E-05 9.99385E-05 0.957918 9.99385E-05 9.99385E-05
0.00527805 9.99385E-05 9.99385E-05 9.99385E-05 9.99385E-05 9.99385E-05 0.994022 9.99385E-05 9.99385E-05
