9.99122E-05 9.99122E-05 0.0477806 0.224458 9.99122E-05 9.99122E-05 9.99122E-05 9.99122E-05 9.99122E-05 0.0411408 9.99122E-05 0.395296 0.122943 9.99122E-05 0.127622 0.000682254 9.99122E-05 0.0390782
9.98859E-05 9.98859E-05 0.00693661 0.120919 9.98859E-05 9.98859E-05 0.00179467 9.98859E-05 9.98859E-05 9.98859E-05 9.98859E-05 0.760705 9.98859E-05 9.98859E-05 9.98859E-05 9.98859E-05 9.98859E-05 0.108346
9.98859E-05 0.00726465 9.98859E-05 9.98859E-05 0.0591261 9.98859E-05 9.98859E-05 9.98859E-05 9.98859E-05 0.0234042 0.0116795 0.897227 9.98859E-05 9.98859E-05 9.98859E-05 9.98859E-05 9.98859E-05 9.98859E-05
9.98947E-05 9.98947E-05 0.0427489 9.98947E-05 0.224051 9.98947E-05 9.98947E-05 9.98947E-05 9.98947E-05 0.00114386 9.98947E-05 0.256031 9.98947E-05 9.98947E-05 0.11473 9.98947E-05 0.360097 9.98947E-05
9.98771E-05 9.98771E-05 9.98771E-05 9.98771E-05 0.0692328 9.98771E-05 9.98771E-05 0.0943119 9.98771E-05 9.98771E-05 9.98771E-05 0.801155 9.98771E-05 9.98771E-05 9.98771E-05 9.98771E-05 9.98771E-05 0.0339017
9.99036E-05 9.99036E-05 0.00445906 0.249156 0.202465 9.99036E-05 9.99036E-05 0.117883 9.99036E-05 9.99036E-05 9.99036E-05 0.150428 9.99036E-05 9.99036E-05 9.99036E-05 0.211704 0.062806 9.99036E-05
9.9921E-05 0.0963802 0.12093 0.0748751 9.9921E-05 9.9921E-05 9.9921E-05 9.9921E-05 9.9921E-05 0.0392021 0.035815 0.263475 9.9921E-05 9.9921E-05 0.172417 9.9921E-05 0.132948 0.0630574
9.99211E-05 0.0257561 9.99211E-05 0.0332707 0.0556742 9.99211E-05 9.99211E-05 0.10549 9.99211E-05 9.99211E-05 9.99211E-05 0.167674 0.01337 0.146362 0.33567 0.115835 9.99211E-05 9.99211E-05
9.9921E-05 9.9921E-05 9.9921E-05 0.00434369 9.9921E-05 9.9921E-05 0.0243815 0.0778484 9.9921E-05 0.157978 0.145716 0.204034 9.9921E-05 9.9921E-05 0.145567 0.216161 9.9921E-05 0.0230713
9.98683E-05 9.98683E-05 9.98683E-05 9.98683E-05 9.98683E-05 0.0186201 9.98683E-05 9.98683E-05 9.98683E-05 0.0784329 9.98683E-05 0.901449 9.98683E-05 9.98683E-05 9.98683E-05 9.98683E-05 9.98683E-05 9.98683E-05
9.99034E-05 9.99034E-05 0.11797 0.16242 9.99034E-05 9.99034E-05 9.99034E-05 9.99034E-05 9.99034E-05 0.124982 0.00485197 0.354021 9.99034E-05 9.99034E-05 0.216532 0.0181231 9.99034E-05 9.99034E-05
9.98948E-05 9.98948E-05 0.0701929 9.98948E-05 0.0155165 9.98948E-05 0.00853902 9.98948E-05 9.98948E-05 0.00231196 9.98948E-05 0.809469 9.98948E-05 9.98948E-05 9.98948E-05 9.98948E-05 0.0927722 9.98948E-05
9.98683E-05 9.98683E-05 9.98683E-05 9.98683E-05 9.98683E-05 9.98683E-05 9.98683E-05 9.98683E-05 9.98683E-05 0.0688666 9.98683E-05 0.810406 9.98683E-05 9.98683E-05 0.11923 9.98683E-05 9.98683E-05 9.98683E-05
0.242013 9.9886E-05 0.0709854 9.9886E-05 9.9886E-05 9.9886E-05 9.9886E-05 9.9886E-05 9.9886E-05 0.0609641 9.9886E-05 0.566699 9.9886E-05 0.0580397 9.9886E-05 9.9886E-05 9.9886E-05 9.9886E-05
9.99123E-05 9.99123E-05 9.99123E-05 0.231605 0.138485 9.99123E-05 9.99123E-05 9.99123E-05 0.064211 0.153489 0.0311596 0.237376 9.99123E-05 9.99123E-05 9.99123E-05 0.13359 0.00908365 9.99123E-05
9.99122E-05 9.99122E-05 9.99122E-05 0.192595 9.99122E-05 9.99122E-05 9.99122E-05 9.99122E-05 9.99122E-05 0.0846068 9.99122E-05 0.197856 0.098822 0.13703 0.0739897 0.168736 0.0453653 9.99122E-05
9.99122E-05 9.99122E-05 0.0263104 9.99122E-05 9.99122E-05 9.99122E-05 9.99122E-05 9.99122E-05 0.192988 0.0218024 9.99122E-05 0.532329 0.116065 0.00180975 9.99122E-05 9.99122E-05 0.0969494 0.0107474
9.99123E-05 9.99123E-05 9.99123E-05 0.119055 9.99123E-05 0.156835 0.0696287 9.99123E-05 9.99123E-05 0.21206 0.0658686 0.213334 9.99123E-05 9.99123E-05 0.127775 0.0344441 9.99123E-05 9.99123E-05
9.99034E-05 9.99034E-05 0.00944426 9.99034E-05 9.99034E-05 0.028485 9.99034E-05 9.99034E-05 9.99034E-05 0.204332 9.99034E-05 0.309241 9.99034E-05 9.99034E-05 0.25602 0.0999433 0.091435 9.99034E-05
9.98684E-05 9.98684E-05 9.98684E-05 9.98684E-05 9.98684E-05 9.98684E-05 0.052393 9.98684E-05 9.98684E-05 0.0112206 9.98684E-05 0.934888 9.98684E-05 9.98684E-05 9.98684E-05 9.98684E-05 9.98684E-05 9.98684E-05
9.9921E-05 9.9921E-05 0.114907 9.9921E-05 9.9921E-05 0.00185189 0.00798195 0.150343 9.9921E-05 0.0300875 9.9921E-05 0.439848 9.9921E-05 0.0424586 9.9921E-05 0.103182 0.108441 9.9921E-05
9.9898E-05 9.9898E-05 9.9898E-05 9.9898E-05 9.9898E-05 9.9898E-05 9.9898E-05 0.165743 9.9898E-05 9.9898E-05 9.9898E-05 0.216668 9.9898E-05 9.9898E-05 0.378065 0.153185 0.0736081 0.0115322
9.98772E-05 9.98772E-05 0.0755101 0.267467 9.98772E-05 9.98772E-05 9.98772E-05 9.98772E-05 9.98772E-05 0.0729318 9.98772E-05 0.582693 9.98772E-05 9.98772E-05 9.98772E-05 9.98772E-05 9.98772E-05 9.98772E-05
9.98947E-05 9.98947E-05 9.98947E-05 0.018624 9.98947E-05 9.98947E-05 9.98947E-05 9.98947E-05 9.98947E-05 0.236427 0.0500196 0.299318 9.98947E-05 0.0183131 0.3761 9.98947E-05 9.98947E-05 9.98947E-05
9.98946E-05 9.98946E-05 0.0852316 9.98946E-05 0.127146 9.98946E-05 9.98946E-05 9.98946E-05 9.98946E-05 0.289049 9.98946E-05 0.276076 9.98946E-05 9.98946E-05 0.159871 0.0614276 9.98946E-05 9.98946E-05
9.99035E-05 9.99035E-05 0.0569789 9.99035E-05 0.0929487 9.99035E-05 9.99035E-05 9.99035E-05 9.99035E-05 0.0805033 9.99035E-05 0.68161 9.99035E-05 9.99035E-05 0.0435345 0.0302103 0.0131151 9.99035E-05
9.9886E-05 9.9886E-05 9.9886E-05 9.9886E-05 0.355891 0.113922 9.9886E-05 9.9886E-05 9.9886E-05 0.0718673 9.9886E-05 0.0108521 9.9886E-05 9.9886E-05 0.44617 9.9886E-05 9.9886E-05 9.9886E-05
9.98772E-05 9.98772E-05 9.98772E-05 9.98772E-05 9.98772E-05 9.98772E-05 9.98772E-05 9.98772E-05 9.98772E-05 0.0894477 9.98772E-05 0.750355 9.98772E-05 9.98772E-05 0.0713501 9.98772E-05 0.0874492 9.98772E-05
9.98947E-05 9.98947E-05 9.98947E-05 0.0915774 0.0539529 9.98947E-05 9.98947E-05 9.98947E-05 9.98947E-05 0.203814 0.0426485 0.529502 9.98947E-05 9.98947E-05 0.0773061 9.98947E-05 9.98947E-05 9.98947E-05
0.212713 9.99122E-05 0.00540844 0.0285291 9.99122E-05 9.99122E-05 9.99122E-05 9.99122E-05 9.99122E-05 0.0675316 0.0189389 0.625578 0.00977288 9.99122E-05 9.99122E-05 0.0305295 9.99122E-05 9.99122E-05
9.98947E-05 9.98947E-05 0.115828 0.112936 9.98947E-05 0.0182766 0.072357 9.98947E-05 9.98947E-05 9.98947E-05 9.98947E-05 0.66003 9.98947E-05 9.98947E-05 9.98947E-05 0.0193737 9.98947E-05 9.98947E-05
9.99211E-05 9.99211E-05 0.0467608 0.0852145 0.113805 9.99211E-05 9.99211E-05 0.015687 0.04473 0.0719683 9.99211E-05 0.431156 9.99211E-05 9.99211E-05 0.0828956 9.99211E-05 0.106884 9.99211E-05
9.98946E-05 9.98946E-05 0.052573 0.123267 0.0600807 9.98946E-05 9.98946E-05 9.98946E-05 9.98946E-05 0.125009 9.98946E-05 0.447902 9.98946E-05 9.98946E-05 0.18997 9.98946E-05 9.98946E-05 9.98946E-05
0.138693 9.99122E-05 9.99122E-05 9.99122E-05 0.112286 0.0529993 9.99122E-05 9.99122E-05 9.99122E-05 0.111495 0.0272891 0.449365 9.99122E-05 0.0112461 0.0956285 9.99122E-05 9.99122E-05 9.99122E-05
9.9886E-05 9.9886E-05 0.0236464 9.9886E-05 9.9886E-05 9.9886E-05 0.00353322 9.9886E-05 9.9886E-05 0.085869 9.9886E-05 0.855859 9.9886E-05 9.9886E-05 9.9886E-05 9.9886E-05 9.9886E-05 0.029794
9.99211E-05 9.99211E-05 0.00445251 0.0314032 9.99211E-05 9.99211E-05 9.99211E-05 9.99211E-05 9.99211E-05 0.00867656 0.0961378 0.630222 0.00460539 9.99211E-05 0.135268 0.0124185 0.0759171 9.99211E-05
9.98685E-05 0.0150781 9.98685E-05 9.98685E-05 9.98685E-05 9.98685E-05 9.98685E-05 9.98685E-05 9.98685E-05 9.98685E-05 9.98685E-05 0.808621 9.98685E-05 9.98685E-05 9.98685E-05 9.98685E-05 0.174803 9.98685E-05
9.9886E-05 9.9886E-05 9.9886E-05 9.9886E-05 9.9886E-05 9.9886E-05 0.0549786 9.9886E-05 9.9886E-05 0.0631501 9.9886E-05 0.683076 9.9886E-05 9.9886E-05 9.9886E-05 0.155954 9.9886E-05 0.0415432
9.99123E-05 9.99123E-05 0.0259156 9.99123E-05 9.99123E-05 9.99123E-05 9.99123E-05 0.0476118 0.128927 0.169541 9.99123E-05 0.516218 9.99123E-05 9.99123E-05 0.0400067 0.00760822 9.99123E-05 0.063172
0.12566 0.0298517 9.98946E-05 9.98946E-05 9.98946E-05 9.98946E-05 9.98946E-05 9.98946E-05 9.98946E-05 0.10317 9.98946E-05 0.53764 9.98946E-05 0.13908 0.0633989 9.98946E-05 9.98946E-05 9.98946E-05
9.99122E-05 0.012284 0.0274899 9.99122E-05 9.99122E-05 9.99122E-05 9.99122E-05 9.99122E-05 9.99122E-05 0.0735624 0.0241712 0.684756 9.99122E-05 9.99122E-05 0.136308 0.00428166 0.0361482 9.99122E-05
9.98949E-05 9.98949E-05 9.98949E-05 9.98949E-05 9.98949E-05 9.98949E-05 9.98949E-05 9.98949E-05 9.98949E-05 0.0345473 0.0598982 0.608237 9.98949E-05 9.98949E-05 0.242672 0.0309096 9.98949E-05 0.022537
0.0585701 0.0120334 9.98947E-05 9.98947E-05 9.98947E-05 9.98947E-05 9.98947E-05 0.074493 9.98947E-05 9.98947E-05 9.98947E-05 0.777154 9.98947E-05 9.98947E-05 0.043748 9.98947E-05 0.0328028 9.98947E-05
9.99122E-05 9.99122E-05 0.0154485 0.0835481 9.99122E-05 9.99122E-05 0.0243643 9.99122E-05 9.99122E-05 0.124499 0.0894179 0.356133 9.99122E-05 9.99122E-05 0.181222 0.124368 9.99122E-05 9.99122E-05
9.98772E-05 9.98772E-05 9.98772E-05 9.98772E-05 9.98772E-05 9.98772E-05 9.98772E-05 9.98772E-05 9.98772E-05 0.179443 9.98772E-05 0.257541 9.98772E-05 9.98772E-05 0.428036 9.98772E-05 0.133582 9.98772E-05
9.98947E-05 9.98947E-05 9.98947E-05 9.98947E-05 9.98947E-05 9.98947E-05 0.0845478 0.0845501 9.98947E-05 0.0229302 9.98947E-05 0.78122 9.98947E-05 9.98947E-05 0.00141765 9.98947E-05 0.0241355 9.98947E-05
9.98859E-05 9.98859E-05 0.0148955 9.98859E-05 9.98859E-05 0.0331769 9.98859E-05 9.98859E-05 9.98859E-05 0.0652907 9.98859E-05 0.858546 9.98859E-05 9.98859E-05 9.98859E-05 0.0267921 9.98859E-05 9.98859E-05
9.98772E-05 0.0658819 9.98772E-05 0.0282115 9.98772E-05 9.98772E-05 9.98772E-05 9.98772E-05 9.98772E-05 9.98772E-05 9.98772E-05 0.889259 0.0152488 9.98772E-05 9.98772E-05 9.98772E-05 9.98772E-05 9.98772E-05
9.98945E-05 9.98945E-05 0.0482764 0.0329062 9.98945E-05 9.98945E-05 9.98945E-05 9.98945E-05 9.98945E-05 0.108522 9.98945E-05 0.629123 9.98945E-05 0.00186602 0.178107 9.98945E-05 9.98945E-05 9.98945E-05
9.99037E-05 0.173518 0.016658 9.99037E-05 9.99037E-05 0.0106557 9.99037E-05 0.0117472 9.99037E-05 9.99037E-05 9.99037E-05 0.712293 9.99037E-05 9.99037E-05 0.00491785 0.069112 9.99037E-05 9.99037E-05
9.99209E-05 9.99209E-05 0.114319 0.00754287 0.0902553 9.99209E-05 9.99209E-05 9.99209E-05 9.99209E-05 0.155751 0.0620321 0.256938 9.99209E-05 9.99209E-05 0.115183 0.0381933 0.158888 9.99209E-05
9.98948E-05 9.98948E-05 9.98948E-05 9.98948E-05 0.0354369 9.98948E-05 0.06966 0.0396661 9.98948E-05 9.98948E-05 0.0574549 0.46838 9.98948E-05 9.98948E-05 0.328203 9.98948E-05 9.98948E-05 9.98948E-05
9.98772E-05 9.98772E-05 9.98772E-05 9.98772E-05 9.98772E-05 0.0795913 9.98772E-05 9.98772E-05 9.98772E-05 0.0381863 9.98772E-05 0.856562 9.98772E-05 9.98772E-05 9.98772E-05 9.98772E-05 9.98772E-05 0.0242625
0.0388905 0.0515475 0.0615273 9.99123E-05 9.99123E-05 0.0110739 9.99123E-05 0.0216261 9.99123E-05 0.0450012 9.99123E-05 0.598632 9.99123E-05 0.170702 9.99123E-05 9.99123E-05 9.99123E-05 9.99123E-05
9.9886E-05 9.9886E-05 9.9886E-05 9.9886E-05 9.9886E-05 9.9886E-05 9.9886E-05 0.0359391 9.9886E-05 0.106705 0.00850765 0.812656 9.9886E-05 9.9886E-05 9.9886E-05 9.9886E-05 0.0348939 9.9886E-05
9.98948E-05 9.98948E-05 0.00327085 0.0441691 0.159788 9.98948E-05 0.0456859 0.0477158 9.98948E-05 9.98948E-05 9.98948E-05 0.698171 9.98948E-05 9.98948E-05 9.98948E-05 9.98948E-05 9.98948E-05 9.98948E-05
9.99123E-05 9.99123E-05 0.0262119 9.99123E-05 9.99123E-05 0.11719 9.99123E-05 9.99123E-05 9.99123E-05 0.148682 0.00628546 0.641795 9.99123E-05 9.99123E-05 9.99123E-05 0.0161643 0.00818414 0.0344879
9.98773E-05 9.98773E-05 0.0272164 9.98773E-05 9.98773E-05 9.98773E-05 9.98773E-05 9.98773E-05 9.98773E-05 0.107748 9.98773E-05 0.783834 9.98773E-05 9.98773E-05 9.98773E-05 9.98773E-05 0.0798033 9.98773E-05
9.98946E-05 0.0403335 0.0240402 9.98946E-05 9.98946E-05 9.98946E-05 9.98946E-05 9.98946E-05 9.98946E-05 0.0139901 9.98946E-05 0.891718 9.98946E-05 9.98946E-05 9.98946E-05 0.00368628 9.98946E-05 0.0250327
9.99033E-05 9.99033E-05 0.0441538 0.733938 9.99033E-05 0.0421533 9.99033E-05 9.99033E-05 9.99033E-05 0.117253 9.99033E-05 9.99033E-05 9.99033E-05 9.99033E-05 0.0172171 0.0355181 9.99033E-05 0.00866763
9.98598E-05 9.98598E-05 9.98598E-05 0.960977 9.98598E-05 9.98598E-05 9.98598E-05 9.98598E-05 9.98598E-05 9.98598E-05 0.0374257 9.98598E-05 9.98598E-05 9.98598E-05 9.98598E-05 9.98598E-05 9.98598E-05 9.98598E-05
0.000736292 0.0211911 9.99034E-05 0.889828 9.99034E-05 0.0691647 9.99034E-05 0.0112485 0.0034952 9.99034E-05 9.99034E-05 9.99034E-05 9.99034E-05 9.99034E-05 9.99034E-05 0.00323749 9.99034E-05 9.99034E-05
9.9886E-05 0.116299 9.9886E-05 0.241116 0.146764 9.9886E-05 9.9886E-05 9.9886E-05 9.9886E-05 9.9886E-05 9.9886E-05 9.9886E-05 9.9886E-05 9.9886E-05 9.9886E-05 0.135595 9.9886E-05 0.358927
9.9912E-05 0.0994647 9.9912E-05 0.684723 9.9912E-05 0.0359 0.00349418 0.000505252 9.9912E-05 9.9912E-05 9.9912E-05 9.9912E-05 9.9912E-05 9.9912E-05 0.0715738 0.0837327 0.0196074 9.9912E-05
9.98857E-05 9.98857E-05 9.98857E-05 0.707062 9.98857E-05 9.98857E-05 9.98857E-05 9.98857E-05 9.98857E-05 0.181454 9.98857E-05 9.98857E-05 0.0248631 9.98857E-05 0.0461526 0.0391694 9.98857E-05 9.98857E-05
9.98858E-05 9.98858E-05 0.0549559 0.551176 9.98858E-05 9.98858E-05 9.98858E-05 9.98858E-05 9.98858E-05 0.140308 9.98858E-05 9.98858E-05 9.98858E-05 9.98858E-05 9.98858E-05 9.98858E-05 0.0754459 0.176816
9.98945E-05 9.98945E-05 9.98945E-05 0.590358 0.0148063 0.168177 9.98945E-05 9.98945E-05 9.98945E-05 0.0998413 9.98945E-05 9.98945E-05 9.98945E-05 9.98945E-05 9.98945E-05 0.0366143 9.98945E-05 0.0890043
9.98684E-05 9.98684E-05 9.98684E-05 0.93575 9.98684E-05 9.98684E-05 9.98684E-05 9.98684E-05 9.98684E-05 9.98684E-05 0.0230182 9.98684E-05 9.98684E-05 9.98684E-05 9.98684E-05 9.98684E-05 9.98684E-05 0.0397333
9.9877E-05 9.9877E-05 0.0659216 0.879067 9.9877E-05 9.9877E-05 9.9877E-05 9.9877E-05 9.9877E-05 0.0262312 9.9877E-05 9.9877E-05 0.0273823 9.9877E-05 9.9877E-05 9.9877E-05 9.9877E-05 9.9877E-05
9.98769E-05 9.98769E-05 0.16231 0.546796 9.98769E-05 9.98769E-05 9.98769E-05 9.98769E-05 9.98769E-05 0.21536 9.98769E-05 9.98769E-05 9.98769E-05 9.98769E-05 9.98769E-05 0.0741352 9.98769E-05 9.98769E-05
9.99209E-05 0.0143948 0.0529999 0.403594 9.99209E-05 9.99209E-05 9.99209E-05 9.99209E-05 9.99209E-05 0.111035 9.99209E-05 9.99209E-05 0.0689643 0.0840486 0.206078 9.99209E-05 0.0559975 0.00198812
9.99033E-05 9.99033E-05 0.0361614 0.401469 0.139386 9.99033E-05 9.99033E-05 0.12488 9.99033E-05 9.99033E-05 9.99033E-05 9.99033E-05 0.146889 0.0291069 9.99033E-05 0.12101 9.99033E-05 9.99033E-05
9.98858E-05 9.98858E-05 9.98858E-05 0.507157 9.98858E-05 9.98858E-05 9.98858E-05 0.100416 9.98858E-05 0.193159 9.98858E-05 9.98858E-05 9.98858E-05 9.98858E-05 0.154405 9.98858E-05 9.98858E-05 0.0435646
9.98599E-05 9.98599E-05 9.98599E-05 0.948426 9.98599E-05 9.98599E-05 9.98599E-05 9.98599E-05 9.98599E-05 9.98599E-05 9.98599E-05 9.98599E-05 9.98599E-05 0.0499766 9.98599E-05 9.98599E-05 9.98599E-05 9.98599E-05
9.98597E-05 9.98597E-05 9.98597E-05 0.954869 9.98597E-05 9.98597E-05 9.98597E-05 9.98597E-05 9.98597E-05 9.98597E-05 9.98597E-05 9.98597E-05 9.98597E-05 9.98597E-05 9.98597E-05 0.0435332 9.98597E-05 9.98597E-05
9.98857E-05 0.133451 9.98857E-05 0.699654 0.0980238 0.0517398 9.98857E-05 9.98857E-05 9.98857E-05 9.98857E-05 9.98857E-05 9.98857E-05 9.98857E-05 9.98857E-05 9.98857E-05 9.98857E-05 0.0158324 9.98857E-05
9.98945E-05 9.98945E-05 0.11643 0.589194 9.98945E-05 9.98945E-05 9.98945E-05 9.98945E-05 9.98945E-05 9.98945E-05 9.98945E-05 9.98945E-05 0.0917269 9.98945E-05 0.061002 0.0297916 0.110657 9.98945E-05
9.98771E-05 9.98771E-05 0.0955144 0.864831 9.98771E-05 0.0112713 9.98771E-05 9.98771E-05 9.98771E-05 0.0269848 9.98771E-05 9.98771E-05 9.98771E-05 9.98771E-05 9.98771E-05 9.98771E-05 9.98771E-05 9.98771E-05
9.98944E-05 9.98944E-05 9.98944E-05 0.670993 0.000325981 9.98944E-05 0.0133844 9.98944E-05 9.98944E-05 0.182488 9.98944E-05 9.98944E-05 0.0243562 0.107253 9.98944E-05 9.98944E-05 9.98944E-05 9.98944E-05
9.98599E-05 0.0178641 9.98599E-05 0.980538 9.98599E-05 9.98599E-05 9.98599E-05 9.98599E-05 9.98599E-05 9.98599E-05 9.98599E-05 9.98599E-05 9.98599E-05 9.98599E-05 9.98599E-05 9.98599E-05 9.98599E-05 9.98599E-05
9.98857E-05 0.0229437 9.98857E-05 0.638129 9.98857E-05 9.98857E-05 9.98857E-05 9.98857E-05 9.98857E-05 0.10847 9.98857E-05 9.98857E-05 9.98857E-05 9.98857E-05 0.21425 9.98857E-05 0.0149088 9.98857E-05
9.98772E-05 9.98772E-05 9.98772E-05 0.711662 0.225287 0.0294185 9.98772E-05 9.98772E-05 9.98772E-05 9.98772E-05 9.98772E-05 9.98772E-05 9.98772E-05 9.98772E-05 9.98772E-05 9.98772E-05 9.98772E-05 0.0322338
9.99034E-05 9.99034E-05 0.0528477 0.670786 0.0311399 0.0524404 9.99034E-05 9.99034E-05 9.99034E-05 9.99034E-05 0.0662227 9.99034E-05 9.99034E-05 9.99034E-05 9.99034E-05 0.0223247 0.10314 9.99034E-05
9.98682E-05 9.98682E-05 0.108479 0.799175 9.98682E-05 9.98682E-05 9.98682E-05 9.98682E-05 9.98682E-05 9.98682E-05 9.98682E-05 9.98682E-05 0.0908483 9.98682E-05 9.98682E-05 9.98682E-05 9.98682E-05 9.98682E-05
9.98774E-05 9.98774E-05 0.0569559 0.846686 9.98774E-05 9.98774E-05 0.0646294 9.98774E-05 9.98774E-05 9.98774E-05 9.98774E-05 9.98774E-05 9.98774E-05 9.98774E-05 9.98774E-05 0.0303299 9.98774E-05 9.98774E-05
0.0219727 9.98684E-05 9.98684E-05 0.927695 9.98684E-05 9.98684E-05 9.98684E-05 9.98684E-05 9.98684E-05 9.98684E-05 9.98684E-05 9.98684E-05 0.0488344 9.98684E-05 9.98684E-05 9.98684E-05 9.98684E-05 9.98684E-05
9.98509E-05 9.98509E-05 9.98509E-05 0.998303 9.98509E-05 9.98509E-05 9.98509E-05 9.98509E-05 9.98509E-05 9.98509E-05 9.98509E-05 9.98509E-05 9.98509E-05 9.98509E-05 9.98509E-05 9.98509E-05 9.98509E-05 9.98509E-05
9.98683E-05 9.98683E-05 9.98683E-05 0.894401 9.98683E-05 0.094305 9.98683E-05 9.98683E-05 9.98683E-05 9.98683E-05 9.98683E-05 9.98683E-05 0.0097955 9.98683E-05 9.98683E-05 9.98683E-05 9.98683E-05 9.98683E-05
0.217961 9.98861E-05 9.98861E-05 0.630936 9.98861E-05 9.98861E-05 0.0124696 9.98861E-05 9.98861E-05 0.0914146 9.98861E-05 9.98861E-05 9.98861E-05 9.98861E-05 9.98861E-05 0.0459201 9.98861E-05 9.98861E-05
9.98684E-05 9.98684E-05 9.98684E-05 9.98684E-05 0.742292 9.98684E-05 9.98684E-05 9.98684E-05 9.98684E-05 0.164168 9.98684E-05 9.98684E-05 9.98684E-05 9.98684E-05 9.98684E-05 0.0920425 9.98684E-05 9.98684E-05
0.724404 9.98684E-05 9.98684E-05 9.98684E-05 0.232595 9.98684E-05 9.98684E-05 9.98684E-05 9.98684E-05 0.0415035 9.98684E-05 9.98684E-05 9.98684E-05 9.98684E-05 9.98684E-05 9.98684E-05 9.98684E-05 9.98684E-05
9.98683E-05 9.98683E-05 0.011663 9.98683E-05 0.910914 9.98683E-05 9.98683E-05 9.98683E-05 9.98683E-05 0.0759247 9.98683E-05 9.98683E-05 9.98683E-05 9.98683E-05 9.98683E-05 9.98683E-05 9.98683E-05 9.98683E-05
9.9877E-05 9.9877E-05 9.9877E-05 9.9877E-05 0.776533 0.026986 9.9877E-05 9.9877E-05 9.9877E-05 0.154356 9.9877E-05 9.9877E-05 9.9877E-05 9.9877E-05 9.9877E-05 0.0407272 9.9877E-05 9.9877E-05
9.9877E-05 0.0157116 9.9877E-05 9.9877E-05 0.871937 0.0630409 9.9877E-05 9.9877E-05 9.9877E-05 9.9877E-05 0.0479124 9.9877E-05 9.9877E-05 9.9877E-05 9.9877E-05 9.9877E-05 9.9877E-05 9.9877E-05
9.98859E-05 9.98859E-05 9.98859E-05 9.98859E-05 0.738295 9.98859E-05 9.98859E-05 9.98859E-05 0.0389162 0.077853 9.98859E-05 9.98859E-05 9.98859E-05 9.98859E-05 9.98859E-05 0.130779 9.98859E-05 0.0128588
0.0769458 9.99122E-05 0.000248833 9.99122E-05 0.658109 0.0816269 9.99122E-05 9.99122E-05 9.99122E-05 0.0705627 9.99122E-05 9.99122E-05 0.0182773 0.0123217 9.99122E-05 0.0809088 9.99122E-05 9.99122E-05
9.98595E-05 9.98595E-05 9.98595E-05 9.98595E-05 0.808923 9.98595E-05 9.98595E-05 9.98595E-05 9.98595E-05 9.98595E-05 9.98595E-05 9.98595E-05 9.98595E-05 9.98595E-05 9.98595E-05 0.18948 9.98595E-05 9.98595E-05
9.98945E-05 9.98945E-05 0.0304051 9.98945E-05 0.354784 9.98945E-05 9.98945E-05 9.98945E-05 9.98945E-05 0.0887365 9.98945E-05 9.98945E-05 0.018802 9.98945E-05 9.98945E-05 0.267901 9.98945E-05 0.238172
9.98771E-05 9.98771E-05 9.98771E-05 9.98771E-05 0.521311 9.98771E-05 9.98771E-05 9.98771E-05 9.98771E-05 0.277309 9.98771E-05 9.98771E-05 0.0136724 9.98771E-05 9.98771E-05 0.18631 9.98771E-05 9.98771E-05
9.98684E-05 9.98684E-05 9.98684E-05 9.98684E-05 0.484246 9.98684E-05 9.98684E-05 9.98684E-05 0.376603 9.98684E-05 9.98684E-05 9.98684E-05 9.98684E-05 9.98684E-05 9.98684E-05 9.98684E-05 9.98684E-05 0.137653
9.98771E-05 9.98771E-05 0.0290257 9.98771E-05 0.717357 9.98771E-05 9.98771E-05 9.98771E-05 0.132844 9.98771E-05 9.98771E-05 9.98771E-05 9.98771E-05 9.98771E-05 9.98771E-05 9.98771E-05 9.98771E-05 0.119375
9.98773E-05 9.98773E-05 0.00968265 9.98773E-05 0.859366 9.98773E-05 9.98773E-05 9.98773E-05 0.0747792 9.98773E-05 9.98773E-05 9.98773E-05 9.98773E-05 9.98773E-05 9.98773E-05 0.0547739 9.98773E-05 9.98773E-05
9.98773E-05 9.98773E-05 9.98773E-05 9.98773E-05 0.642659 9.98773E-05 9.98773E-05 9.98773E-05 0.0267807 0.190828 9.98773E-05 9.98773E-05 9.98773E-05 9.98773E-05 9.98773E-05 0.138334 9.98773E-05 9.98773E-05
0.0987427 9.99123E-05 9.99123E-05 9.99123E-05 0.480254 0.115345 9.99123E-05 9.99123E-05 0.0690536 9.99123E-05 9.99123E-05 9.99123E-05 0.0586933 0.0479751 9.99123E-05 0.119361 9.99123E-05 0.00957675
9.98947E-05 0.0274647 0.0305618 9.98947E-05 0.661945 9.98947E-05 9.98947E-05 9.98947E-05 9.98947E-05 0.122774 9.98947E-05 9.98947E-05 9.98947E-05 9.98947E-05 9.98947E-05 0.0220622 9.98947E-05 0.133993
9.99034E-05 9.99034E-05 9.99034E-05 9.99034E-05 0.649852 0.017667 0.0222834 9.99034E-05 0.092397 0.0519221 9.99034E-05 9.99034E-05 9.99034E-05 9.99034E-05 9.99034E-05 0.0222306 9.99034E-05 0.142549
9.98774E-05 0.062306 9.98774E-05 9.98774E-05 0.754881 9.98774E-05 9.98774E-05 9.98774E-05 9.98774E-05 9.98774E-05 9.98774E-05 9.98774E-05 9.98774E-05 9.98774E-05 0.114549 0.0668652 9.98774E-05 9.98774E-05
9.98597E-05 9.98597E-05 9.98597E-05 9.98597E-05 0.943839 9.98597E-05 9.98597E-05 9.98597E-05 0.0545631 9.98597E-05 9.98597E-05 9.98597E-05 9.98597E-05 9.98597E-05 9.98597E-05 9.98597E-05 9.98597E-05 9.98597E-05
9.99035E-05 9.99035E-05 0.0448689 9.99035E-05 0.444354 9.99035E-05 0.0759334 9.99035E-05 0.187268 0.202144 9.99035E-05 9.99035E-05 9.99035E-05 9.99035E-05 0.018519 0.0258141 9.99035E-05 9.99035E-05
0.0145669 9.9921E-05 9.9921E-05 9.9921E-05 0.642482 0.0120504 9.9921E-05 0.107213 0.0457617 0.0698762 9.9921E-05 9.9921E-05 9.9921E-05 9.9921E-05 9.9921E-05 0.0783739 0.0250122 0.00376419
9.98684E-05 9.98684E-05 9.98684E-05 9.98684E-05 0.976585 9.98684E-05 9.98684E-05 9.98684E-05 9.98684E-05 9.98684E-05 9.98684E-05 9.98684E-05 0.00508592 9.98684E-05 9.98684E-05 0.0168308 9.98684E-05 9.98684E-05
9.98946E-05 9.98946E-05 9.98946E-05 9.98946E-05 0.573548 9.98946E-05 9.98946E-05 0.00755185 9.98946E-05 0.111978 9.98946E-05 9.98946E-05 9.98946E-05 0.0173972 9.98946E-05 0.24991 9.98946E-05 0.0384163
0.286275 9.98771E-05 9.98771E-05 9.98771E-05 0.541898 9.98771E-05 9.98771E-05 9.98771E-05 9.98771E-05 0.0211978 9.98771E-05 9.98771E-05 9.98771E-05 9.98771E-05 9.98771E-05 0.149231 9.98771E-05 9.98771E-05
9.98858E-05 9.98858E-05 9.98858E-05 9.98858E-05 0.434178 9.98858E-05 0.094466 9.98858E-05 9.98858E-05 0.187638 9.98858E-05 9.98858E-05 9.98858E-05 9.98858E-05 9.98858E-05 0.225111 9.98858E-05 0.0573083
9.98948E-05 9.98948E-05 9.98948E-05 0.0266666 0.354528 9.98948E-05 9.98948E-05 9.98948E-05 0.314171 0.156819 9.98948E-05 9.98948E-05 0.00401308 9.98948E-05 9.98948E-05 0.142604 9.98948E-05 9.98948E-05
0.622248 0.00705676 9.98859E-05 9.98859E-05 9.98859E-05 9.98859E-05 9.98859E-05 9.98859E-05 0.192207 0.0381344 0.139055 9.98859E-05 9.98859E-05 9.98859E-05 9.98859E-05 9.98859E-05 9.98859E-05 9.98859E-05
9.98944E-05 9.98944E-05 9.98944E-05 9.98944E-05 0.85371 9.98944E-05 0.0157037 9.98944E-05 9.98944E-05 0.00169619 9.98944E-05 9.98944E-05 9.98944E-05 0.00233794 9.98944E-05 0.108729 0.0166238 9.98944E-05
9.98773E-05 9.98773E-05 9.98773E-05 9.98773E-05 0.566306 9.98773E-05 9.98773E-05 9.98773E-05 9.98773E-05 0.175085 9.98773E-05 9.98773E-05 9.98773E-05 9.98773E-05 9.98773E-05 0.200231 9.98773E-05 0.0569794
0.259825 9.99123E-05 0.0617662 9.99123E-05 0.531559 0.018657 0.0170747 0.0143535 9.99123E-05 0.0893358 9.99123E-05 9.99123E-05 9.99123E-05 9.99123E-05 9.99123E-05 0.00642951 9.99123E-05 9.99123E-05
9.98948E-05 9.98948E-05 0.0183162 9.98948E-05 0.762322 9.98948E-05 9.98948E-05 9.98948E-05 0.0249664 0.180491 9.98948E-05 9.98948E-05 9.98948E-05 0.000683199 9.98948E-05 0.0120222 9.98948E-05 9.98948E-05
0.0946644 9.98771E-05 0.00419922 9.98771E-05 0.829932 9.98771E-05 9.98771E-05 9.98771E-05 9.98771E-05 9.98771E-05 9.98771E-05 9.98771E-05 9.98771E-05 0.0698063 9.98771E-05 9.98771E-05 9.98771E-05 9.98771E-05
9.98771E-05 9.98771E-05 9.98771E-05 9.98771E-05 0.306561 9.98771E-05 0.2785 9.98771E-05 9.98771E-05 0.152049 9.98771E-05 9.98771E-05 9.98771E-05 9.98771E-05 9.98771E-05 0.261491 9.98771E-05 9.98771E-05
9.9877E-05 9.9877E-05 9.9877E-05 9.9877E-05 0.750199 9.9877E-05 9.9877E-05 9.9877E-05 9.9877E-05 0.0817562 9.9877E-05 9.9877E-05 9.9877E-05 9.9877E-05 0.137066 0.02958 9.9877E-05 9.9877E-05
0.0688106 9.98684E-05 9.98684E-05 9.98684E-05 0.880191 9.98684E-05 9.98684E-05 9.98684E-05 9.98684E-05 0.0495002 9.98684E-05 9.98684E-05 9.98684E-05 9.98684E-05 9.98684E-05 9.98684E-05 9.98684E-05 9.98684E-05
9.99035E-05 9.99035E-05 9.99035E-05 9.99035E-05 0.724267 9.99035E-05 9.99035E-05 9.99035E-05 0.115053 9.99035E-05 9.99035E-05 9.99035E-05 0.0174602 0.012735 0.048174 0.0728679 0.00834367 9.99035E-05
9.98771E-05 9.98771E-05 9.98771E-05 9.98771E-05 0.557783 9.98771E-05 9.98771E-05 9.98771E-05 9.98771E-05 0.311943 9.98771E-05 9.98771E-05 0.0747073 9.98771E-05 9.98771E-05 0.0541692 9.98771E-05 9.98771E-05
9.98859E-05 9.98859E-05 9.98859E-05 9.98859E-05 0.249095 9.98859E-05 0.0456567 9.98859E-05 0.681245 9.98859E-05 9.98859E-05 9.98859E-05 9.98859E-05 9.98859E-05 9.98859E-05 0.00934143 0.0133637 9.98859E-05
0.428685 9.98859E-05 0.0125007 9.98859E-05 0.489582 9.98859E-05 9.98859E-05 9.98859E-05 9.98859E-05 0.0481099 9.98859E-05 9.98859E-05 0.0198242 9.98859E-05 9.98859E-05 9.98859E-05 9.98859E-05 9.98859E-05
0.892738 9.98682E-05 9.98682E-05 9.98682E-05 0.102439 9.98682E-05 9.98682E-05 0.00332513 9.98682E-05 9.98682E-05 9.98682E-05 9.98682E-05 9.98682E-05 9.98682E-05 9.98682E-05 9.98682E-05 9.98682E-05 9.98682E-05
9.98684E-05 9.98684E-05 9.98684E-05 9.98684E-05 0.378924 9.98684E-05 0.0305701 9.98684E-05 0.589008 9.98684E-05 9.98684E-05 9.98684E-05 9.98684E-05 9.98684E-05 9.98684E-05 9.98684E-05 9.98684E-05 9.98684E-05
9.98859E-05 9.98859E-05 0.0449298 9.98859E-05 0.454336 9.98859E-05 9.98859E-05 9.98859E-05 9.98859E-05 0.258697 9.98859E-05 9.98859E-05 9.98859E-05 9.98859E-05 9.98859E-05 0.0515795 9.98859E-05 0.189159
0.000173666 9.98771E-05 9.98771E-05 9.98771E-05 0.853118 9.98771E-05 0.0248071 9.98771E-05 9.98771E-05 9.98771E-05 9.98771E-05 9.98771E-05 9.98771E-05 9.98771E-05 9.98771E-05 0.120503 9.98771E-05 9.98771E-05
9.98859E-05 9.98859E-05 9.98859E-05 9.98859E-05 0.113772 9.98859E-05 0.0451774 9.98859E-05 0.677497 0.11646 9.98859E-05 9.98859E-05 9.98859E-05 9.98859E-05 9.98859E-05 0.045795 9.98859E-05 9.98859E-05
9.98685E-05 9.98685E-05 9.98685E-05 9.98685E-05 0.383154 9.98685E-05 9.98685E-05 9.98685E-05 0.55378 0.0615687 9.98685E-05 9.98685E-05 9.98685E-05 9.98685E-05 9.98685E-05 9.98685E-05 9.98685E-05 9.98685E-05
9.98946E-05 9.98946E-05 9.98946E-05 9.98946E-05 0.540438 0.0197312 0.118233 9.98946E-05 9.98946E-05 9.98946E-05 9.98946E-05 9.98946E-05 9.98946E-05 9.98946E-05 0.00859086 0.10511 9.98946E-05 0.206699
9.98947E-05 9.98947E-05 0.0223086 0.156092 0.679363 9.98947E-05 9.98947E-05 9.98947E-05 9.98947E-05 0.0220713 9.98947E-05 9.98947E-05 0.0565027 9.98947E-05 9.98947E-05 0.0624634 9.98947E-05 9.98947E-05
0.180117 9.99211E-05 9.99211E-05 9.99211E-05 0.326121 9.99211E-05 9.99211E-05 9.99211E-05 9.99211E-05 0.00968372 0.0974866 9.99211E-05 0.0770962 0.0195395 0.0260058 0.161505 9.99211E-05 0.101545
9.98859E-05 9.98859E-05 0.00596166 9.98859E-05 0.468369 9.98859E-05 9.98859E-05 9.98859E-05 9.98859E-05 0.228639 9.98859E-05 9.98859E-05 9.98859E-05 9.98859E-05 0.0269189 0.268813 9.98859E-05 9.98859E-05
0.191004 9.98772E-05 9.98772E-05 9.98772E-05 0.346131 9.98772E-05 9.98772E-05 9.98772E-05 0.459603 0.00186293 9.98772E-05 9.98772E-05 9.98772E-05 9.98772E-05 9.98772E-05 9.98772E-05 9.98772E-05 9.98772E-05
9.9877E-05 0.0685422 9.9877E-05 9.9877E-05 0.737512 9.9877E-05 9.9877E-05 9.9877E-05 9.9877E-05 0.122162 9.9877E-05 9.9877E-05 9.9877E-05 9.9877E-05 9.9877E-05 9.9877E-05 0.0703859 9.9877E-05
0.730738 9.98771E-05 9.98771E-05 9.98771E-05 9.98771E-05 9.98771E-05 9.98771E-05 9.98771E-05 0.100886 9.98771E-05 9.98771E-05 9.98771E-05 9.98771E-05 9.98771E-05 9.98771E-05 0.0852667 9.98771E-05 0.0817108
0.166507 9.98948E-05 9.98948E-05 9.98948E-05 0.447154 9.98948E-05 9.98948E-05 9.98948E-05 0.142031 0.118653 9.98948E-05 9.98948E-05 0.0132395 9.98948E-05 9.98948E-05 0.111217 9.98948E-05 9.98948E-05
9.98683E-05 9.98683E-05 9.98683E-05 9.98683E-05 0.964278 9.98683E-05 9.98683E-05 9.98683E-05 9.98683E-05 9.98683E-05 9.98683E-05 9.98683E-05 9.98683E-05 0.012285 9.98683E-05 0.0219392 9.98683E-05 9.98683E-05
9.9877E-05 9.9877E-05 0.0123552 9.9877E-05 0.88693 9.9877E-05 9.9877E-05 9.9877E-05 9.9877E-05 9.9877E-05 9.9877E-05 9.9877E-05 0.0214208 9.9877E-05 9.9877E-05 9.9877E-05 0.0778961 9.9877E-05
9.98858E-05 9.98858E-05 0.0193938 9.98858E-05 0.603646 9.98858E-05 9.98858E-05 9.98858E-05 9.98858E-05 0.0755754 9.98858E-05 9.98858E-05 9.98858E-05 9.98858E-05 9.98858E-05 0.231057 9.98858E-05 0.0690293
0.0163259 9.9877E-05 9.9877E-05 9.9877E-05 0.766252 9.9877E-05 9.9877E-05 9.9877E-05 9.9877E-05 0.101882 9.9877E-05 9.9877E-05 9.9877E-05 9.9877E-05 9.9877E-05 0.114143 9.9877E-05 9.9877E-05
9.98596E-05 9.98596E-05 9.98596E-05 9.98596E-05 0.97885 9.98596E-05 9.98596E-05 9.98596E-05 9.98596E-05 0.0195521 9.98596E-05 9.98596E-05 9.98596E-05 9.98596E-05 9.98596E-05 9.98596E-05 9.98596E-05 9.98596E-05
0.256462 9.98771E-05 9.98771E-05 9.98771E-05 0.605024 9.98771E-05 0.0990093 9.98771E-05 9.98771E-05 0.0381064 9.98771E-05 9.98771E-05 9.98771E-05 9.98771E-05 9.98771E-05 9.98771E-05 9.98771E-05 9.98771E-05
0.275251 9.98771E-05 9.98771E-05 9.98771E-05 0.513305 9.98771E-05 9.98771E-05 9.98771E-05 9.98771E-05 9.98771E-05 9.98771E-05 9.98771E-05 9.98771E-05 9.98771E-05 9.98771E-05 0.152972 9.98771E-05 0.0570734
9.98506E-05 9.98506E-05 9.98506E-05 9.98506E-05 9.98506E-05 9.98506E-05 9.98506E-05 9.98506E-05 9.98506E-05 0.998303 9.98506E-05 9.98506E-05 9.98506E-05 9.98506E-05 9.98506E-05 9.98506E-05 9.98506E-05 9.98506E-05
9.98505E-05 9.98505E-05 9.98505E-05 9.98505E-05 9.98505E-05 9.98505E-05 9.98505E-05 9.98505E-05 9.98505E-05 9.98505E-05 9.98505E-05 9.98505E-05 9.98505E-05 9.98505E-05 9.98505E-05 0.998303 9.98505E-05 9.98505E-05
9.98506E-05 9.98506E-05 9.98506E-05 9.98506E-05 9.98506E-05 9.98506E-05 9.98506E-05 9.98506E-05 9.98506E-05 0.998303 9.98506E-05 9.98506E-05 9.98506E-05 9.98506E-05 9.98506E-05 9.98506E-05 9.98506E-05 9.98506E-05
9.98507E-05 9.98507E-05 9.98507E-05 9.98507E-05 9.98507E-05 9.98507E-05 9.98507E-05 9.98507E-05 9.98507E-05 9.98507E-05 9.98507E-05 9.98507E-05 9.98507E-05 9.98507E-05 9.98507E-05 0.998303 9.98507E-05 9.98507E-05
9.98506E-05 9.98506E-05 9.98506E-05 9.98506E-05 9.98506E-05 9.98506E-05 9.98506E-05 9.98506E-05 9.98506E-05 9.98506E-05 9.98506E-05 9.98506E-05 9.98506E-05 9.98506E-05 9.98506E-05 0.998303 9.98506E-05 9.98506E-05
9.98506E-05 9.98506E-05 9.98506E-05 9.98506E-05 9.98506E-05 9.98506E-05 9.98506E-05 9.98506E-05 9.98506E-05 9.98506E-05 9.98506E-05 9.98506E-05 9.98506E-05 9.98506E-05 9.98506E-05 0.998303 9.98506E-05 9.98506E-05
9.98506E-05 9.98506E-05 9.98506E-05 9.98506E-05 9.98506E-05 9.98506E-05 9.98506E-05 9.98506E-05 9.98506E-05 0.998303 9.98506E-05 9.98506E-05 9.98506E-05 9.98506E-05 9.98506E-05 9.98506E-05 9.98506E-05 9.98506E-05
9.98505E-05 9.98505E-05 9.98505E-05 9.98505E-05 9.98505E-05 9.98505E-05 9.98505E-05 9.98505E-05 9.98505E-05 9.98505E-05 9.98505E-05 9.98505E-05 9.98505E-05 9.98505E-05 9.98505E-05 0.998303 9.98505E-05 9.98505E-05
9.98507E-05 9.98507E-05 9.98507E-05 9.98507E-05 9.98507E-05 9.98507E-05 9.98507E-05 9.98507E-05 9.98507E-05 9.98507E-05 9.98507E-05 9.98507E-05 9.98507E-05 9.98507E-05 9.98507E-05 0.998303 9.98507E-05 9.98507E-05
9.98507E-05 9.98507E-05 9.98507E-05 9.98507E-05 9.98507E-05 9.98507E-05 9.98507E-05 9.98507E-05 9.98507E-05 0.998303 9.98507E-05 9.98507E-05 9.98507E-05 9.98507E-05 9.98507E-05 9.98507E-05 9.98507E-05 9.98507E-05
9.98505E-05 9.98505E-05 9.98505E-05 9.98505E-05 9.98505E-05 9.98505E-05 9.98505E-05 9.98505E-05 9.98505E-05 0.998303 9.98505E-05 9.98505E-05 9.98505E-05 9.98505E-05 9.98505E-05 9.98505E-05 9.98505E-05 9.98505E-05
9.98505E-05 9.98505E-05 9.98505E-05 9.98505E-05 9.98505E-05 9.98505E-05 9.98505E-05 9.98505E-05 9.98505E-05 0.998303 9.98505E-05 9.98505E-05 9.98505E-05 9.98505E-05 9.98505E-05 9.98505E-05 9.98505E-05 9.98505E-05
9.98505E-05 9.98505E-05 9.98505E-05 9.98505E-05 9.98505E-05 9.98505E-05 9.98505E-05 9.98505E-05 9.98505E-05 9.98505E-05 9.98505E-05 9.98505E-05 9.98505E-05 9.98505E-05 9.98505E-05 0.998303 9.98505E-05 9.98505E-05
9.98504E-05 9.98504E-05 9.98504E-05 9.98504E-05 9.98504E-05 9.98504E-05 9.98504E-05 9.98504E-05 9.98504E-05 9.98504E-05 9.98504E-05 9.98504E-05 9.98504E-05 9.98504E-05 9.98504E-05 0.998303 9.98504E-05 9.98504E-05
9.98506E-05 9.98506E-05 9.98506E-05 9.98506E-05 9.98506E-05 9.98506E-05 9.98506E-05 9.98506E-05 9.98506E-05 0.998303 9.98506E-05 9.98506E-05 9.98506E-05 9.98506E-05 9.98506E-05 9.98506E-05 9.98506E-05 9.98506E-05
9.98506E-05 9.98506E-05 9.98506E-05 9.98506E-05 9.98506E-05 9.98506E-05 9.98506E-05 9.98506E-05 9.98506E-05 0.998303 9.98506E-05 9.98506E-05 9.98506E-05 9.98506E-05 9.98506E-05 9.98506E-05 9.98506E-05 9.98506E-05
9.99033E-05 0.0687361 9.99033E-05 9.99033E-05 0.628363 9.99033E-05 0.00160134 9.99033E-05 9.99033E-05 0.0534719 0.055567 9.99033E-05 9.99033E-05 9.99033E-05 9.99033E-05 0.0278841 0.163277 9.99033E-05
9.98505E-05 9.98505E-05 9.98505E-05 9.98505E-05 9.98505E-05 9.98505E-05 9.98505E-05 9.98505E-05 9.98505E-05 0.998303 9.98505E-05 9.98505E-05 9.98505E-05 9.98505E-05 9.98505E-05 9.98505E-05 9.98505E-05 9.98505E-05
9.98506E-05 9.98506E-05 9.98506E-05 9.98506E-05 9.98506E-05 9.98506E-05 9.98506E-05 9.98506E-05 9.98506E-05 9.98506E-05 9.98506E-05 9.98506E-05 9.98506E-05 9.98506E-05 9.98506E-05 0.998303 9.98506E-05 9.98506E-05
9.98505E-05 9.98505E-05 9.98505E-05 9.98505E-05 9.98505E-05 9.98505E-05 9.98505E-05 9.98505E-05 9.98505E-05 0.998303 9.98505E-05 9.98505E-05 9.98505E-05 9.98505E-05 9.98505E-05 9.98505E-05 9.98505E-05 9.98505E-05
9.98505E-05 9.98505E-05 9.98505E-05 9.98505E-05 9.98505E-05 9.98505E-05 9.98505E-05 9.98505E-05 9.98505E-05 0.998303 9.98505E-05 9.98505E-05 9.98505E-05 9.98505E-05 9.98505E-05 9.98505E-05 9.98505E-05 9.98505E-05
9.98505E-05 9.98505E-05 9.98505E-05 9.98505E-05 9.98505E-05 9.98505E-05 9.98505E-05 9.98505E-05 9.98505E-05 0.998303 9.98505E-05 9.98505E-05 9.98505E-05 9.98505E-05 9.98505E-05 9.98505E-05 9.98505E-05 9.98505E-05
9.98506E-05 9.98506E-05 9.98506E-05 9.98506E-05 9.98506E-05 9.98506E-05 9.98506E-05 9.98506E-05 9.98506E-05 9.98506E-05 9.98506E-05 9.98506E-05 9.98506E-05 9.98506E-05 9.98506E-05 0.998303 9.98506E-05 9.98506E-05
9.98505E-05 9.98505E-05 9.98505E-05 9.98505E-05 9.98505E-05 9.98505E-05 9.98505E-05 9.98505E-05 9.98505E-05 0.998303 9.98505E-05 9.98505E-05 9.98505E-05 9.98505E-05 9.98505E-05 9.98505E-05 9.98505E-05 9.98505E-05
9.98505E-05 9.98505E-05 9.98505E-05 9.98505E-05 9.98505E-05 9.98505E-05 9.98505E-05 9.98505E-05 9.98505E-05 9.98505E-05 9.98505E-05 9.98505E-05 9.98505E-05 9.98505E-05 9.98505E-05 0.998303 9.98505E-05 9.98505E-05
9.98506E-05 9.98506E-05 9.98506E-05 9.98506E-05 9.98506E-05 9.98506E-05 9.98506E-05 9.98506E-05 9.98506E-05 0.998303 9.98506E-05 9.98506E-05 9.98506E-05 9.98506E-05 9.98506E-05 9.98506E-05 9.98506E-05 9.98506E-05
9.98505E-05 9.98505E-05 9.98505E-05 9.98505E-05 9.98505E-05 9.98505E-05 9.98505E-05 9.98505E-05 9.98505E-05 0.998303 9.98505E-05 9.98505E-05 9.98505E-05 9.98505E-05 9.98505E-05 9.98505E-05 9.98505E-05 9.98505E-05
9.98507E-05 9.98507E-05 9.98507E-05 9.98507E-05 9.98507E-05 9.98507E-05 9.98507E-05 9.98507E-05 9.98507E-05 9.98507E-05 9.98507E-05 9.98507E-05 9.98507E-05 9.98507E-05 9.98507E-05 0.998303 9.98507E-05 9.98507E-05
9.98507E-05 9.98507E-05 9.98507E-05 9.98507E-05 9.98507E-05 9.98507E-05 9.98507E-05 9.98507E-05 9.98507E-05 9.98507E-05 9.98507E-05 9.98507E-05 9.98507E-05 9.98507E-05 9.98507E-05 0.998303 9.98507E-05 9.98507E-05
9.98505E-05 9.98505E-05 9.98505E-05 9.98505E-05 9.98505E-05 9.98505E-05 9.98505E-05 9.98505E-05 9.98505E-05 9.98505E-05 9.98505E-05 9.98505E-05 9.98505E-05 9.98505E-05 9.98505E-05 0.998303 9.98505E-05 9.98505E-05
9.98506E-05 9.98506E-05 9.98506E-05 9.98506E-05 9.98506E-05 9.98506E-05 9.98506E-05 9.98506E-05 9.98506E-05 0.998303 9.98506E-05 9.98506E-05 9.98506E-05 9.98506E-05 9.98506E-05 9.98506E-05 9.98506E-05 9.98506E-05
9.98505E-05 9.98505E-05 9.98505E-05 9.98505E-05 9.98505E-05 9.98505E-05 9.98505E-05 9.98505E-05 9.98505E-05 0.998303 9.98505E-05 9.98505E-05 9.98505E-05 9.98505E-05 9.98505E-05 9.98505E-05 9.98505E-05 9.98505E-05
9.98505E-05 9.98505E-05 9.98505E-05 9.98505E-05 9.98505E-05 9.98505E-05 9.98505E-05 9.98505E-05 9.98505E-05 0.998303 9.98505E-05 9.98505E-05 9.98505E-05 9.98505E-05 9.98505E-05 9.98505E-05 9.98505E-05 9.98505E-05
9.98505E-05 9.98505E-05 9.98505E-05 9.98505E-05 9.98505E-05 9.98505E-05 9.98505E-05 9.98505E-05 9.98505E-05 0.998303 9.98505E-05 9.98505E-05 9.98505E-05 9.98505E-05 9.98505E-05 9.98505E-05 9.98505E-05 9.98505E-05
9.98507E-05 9.98507E-05 9.98507E-05 9.98507E-05 9.98507E-05 9.98507E-05 9.98507E-05 9.98507E-05 9.98507E-05 0.998303 9.98507E-05 9.98507E-05 9.98507E-05 9.98507E-05 9.98507E-05 9.98507E-05 9.98507E-05 9.98507E-05
9.98505E-05 9.98505E-05 9.98505E-05 9.98505E-05 9.98505E-05 9.98505E-05 9.98505E-05 9.98505E-05 9.98505E-05 9.98505E-05 9.98505E-05 9.98505E-05 9.98505E-05 9.98505E-05 9.98505E-05 0.998303 9.98505E-05 9.98505E-05
9.98505E-05 9.98505E-05 9.98505E-05 9.98505E-05 9.98505E-05 9.98505E-05 9.98505E-05 9.98505E-05 9.98505E-05 9.98505E-05 9.98505E-05 9.98505E-05 9.98505E-05 9.98505E-05 9.98505E-05 0.998303 9.98505E-05 9.98505E-05
9.98506E-05 9.98506E-05 9.98506E-05 9.98506E-05 9.98506E-05 9.98506E-05 9.98506E-05 9.98506E-05 9.98506E-05 9.98506E-05 9.98506E-05 9.98506E-05 9.98506E-05 9.98506E-05 9.98506E-05 0.998303 9.98506E-05 9.98506E-05
9.98506E-05 9.98506E-05 9.98506E-05 9.98506E-05 9.98506E-05 9.98506E-05 9.98506E-05 9.98506E-05 9.98506E-05 0.998303 9.98506E-05 9.98506E-05 9.98506E-05 9.98506E-05 9.98506E-05 9.98506E-05 9.98506E-05 9.98506E-05
9.98505E-05 9.98505E-05 9.98505E-05 9.98505E-05 9.98505E-05 9.98505E-05 9.98505E-05 9.98505E-05 9.98505E-05 9.98505E-05 9.98505E-05 9.98505E-05 9.98505E-05 9.98505E-05 9.98505E-05 0.998303 9.98505E-05 9.98505E-05
9.98506E-05 9.98506E-05 9.98506E-05 9.98506E-05 9.98506E-05 9.98506E-05 9.98506E-05 9.98506E-05 9.98506E-05 9.98506E-05 9.98506E-05 9.98506E-05 9.98506E-05 9.98506E-05 9.98506E-05 0.998303 9.98506E-05 9.98506E-05
9.98505E-05 9.98505E-05 9.98505E-05 9.98505E-05 9.98505E-05 9.98505E-05 9.98505E-05 9.98505E-05 9.98505E-05 9.98505E-05 9.98505E-05 9.98505E-05 9.98505E-05 9.98505E-05 9.98505E-05 0.998303 9.98505E-05 9.98505E-05
9.98505E-05 9.98505E-05 9.98505E-05 9.98505E-05 9.98505E-05 9.98505E-05 9.98505E-05 9.98505E-05 9.98505E-05 9.98505E-05 9.98505E-05 9.98505E-05 9.98505E-05 9.98505E-05 9.98505E-05 0.998303 9.98505E-05 9.98505E-05
9.98504E-05 9.98504E-05 9.98504E-05 9.98504E-05 9.98504E-05 9.98504E-05 9.98504E-05 9.98504E-05 9.98504E-05 0.998303 9.98504E-05 9.98504E-05 9.98504E-05 9.98504E-05 9.98504E-05 9.98504E-05 9.98504E-05 9.98504E-05
9.98506E-05 9.98506E-05 9.98506E-05 9.98506E-05 9.98506E-05 9.98506E-05 9.98506E-05 9.98506E-05 9.98506E-05 9.98506E-05 9.98506E-05 9.98506E-05 9.98506E-05 9.98506E-05 9.98506E-05 0.998303 9.98506E-05 9.98506E-05
9.98504E-05 9.98504E-05 9.98504E-05 9.98504E-05 9.98504E-05 9.98504E-05 9.98504E-05 9.98504E-05 9.98504E-05 9.98504E-05 9.98504E-05 9.98504E-05 9.98504E-05 9.98504E-05 9.98504E-05 0.998303 9.98504E-05 9.98504E-05
9.98946E-05 0.0628092 9.98946E-05 9.98946E-05 0.577232 9.98946E-05 9.98946E-05 9.98946E-05 9.98946E-05 0.125217 0.0393501 9.98946E-05 9.98946E-05 9.98946E-05 9.98946E-05 0.0528103 0.141382 9.98946E-05
