0.0371434 9.99736E-05 0.00470021 9.99736E-05 0.184755 0.51223 0.143009 9.99736E-05 0.117862
9.99648E-05 9.99648E-05 0.0271306 9.99648E-05 0.0113218 0.752304 0.180818 9.99648E-05 0.0280261
9.99561E-05 9.99561E-05 9.99561E-05 0.0140584 0.0942668 0.880868 9.99561E-05 9.99561E-05 0.0103071
9.999E-05 0.0544321 0.0879028 0.319724 0.105924 0.315557 0.0292798 0.00507878 0.0820026
9.99561E-05 0.0160541 9.99561E-05 0.143846 9.99561E-05 0.827421 0.0121787 9.99561E-05 9.99561E-05
9.99737E-05 0.267154 9.99737E-05 0.221851 0.116875 0.308923 0.0841855 9.99737E-05 0.000711665
9.99649E-05 9.99649E-05 9.99649E-05 0.299319 0.0962782 0.324244 0.103299 9.99649E-05 0.176461
0.0279841 0.201367 9.99737E-05 0.426362 9.99737E-05 0.291567 0.0120044 9.99737E-05 0.0404151
9.99649E-05 0.274349 0.106106 9.99649E-05 0.397736 0.213776 0.00763414 9.99649E-05 9.99649E-05
9.99385E-05 9.99385E-05 9.99385E-05 9.99385E-05 0.151159 0.848142 9.99385E-05 9.99385E-05 9.99385E-05
9.99649E-05 0.0239223 9.99649E-05 9.99649E-05 0.226724 0.5398 0.0317179 9.99649E-05 0.177436
9.99561E-05 9.99561E-05 9.99561E-05 0.0446612 0.00488331 0.926516 9.99561E-05 9.99561E-05 0.0234394
9.995E-05 0.0172556 9.995E-05 9.995E-05 0.131498 0.760909 9.995E-05 9.995E-05 0.0898378
9.99561E-05 9.99561E-05 9.99561E-05 9.99561E-05 0.0932611 0.62643 9.99561E-05 0.135076 0.144733
9.99737E-05 0.185805 9.99737E-05 0.0908615 0.216636 0.399685 0.0228763 0.0838365 9.99737E-05
9.99561E-05 0.261403 9.99561E-05 0.289819 0.124378 0.3239 9.99561E-05 9.99561E-05 9.99561E-05
0.0382201 9.99912E-05 0.00245437 0.0517502 0.135889 0.551283 0.0857603 0.0784729 0.0560702
0.209264 0.0925348 0.135032 9.99649E-05 0.265696 0.297074 9.99649E-05 9.99649E-05 9.99649E-05
0.0864482 0.193951 0.0142913 0.0235807 0.264548 0.381686 9.99824E-05 9.99824E-05 0.0352953
9.99473E-05 0.00135077 0.052218 9.99473E-05 9.99473E-05 0.945832 9.99473E-05 9.99473E-05 9.99473E-05
9.99737E-05 0.0717936 0.0141503 0.265563 0.141663 0.433815 9.99737E-05 9.99737E-05 0.072715
0.0794354 0.186066 9.99737E-05 0.315959 0.0453612 0.33701 0.0358688 9.99737E-05 9.99737E-05
0.00191227 9.99824E-05 0.0817365 0.0105667 0.180757 0.572682 0.11253 9.99824E-05 0.0396163
9.99473E-05 9.99473E-05 9.99473E-05 0.138506 0.467843 0.393052 9.99473E-05 9.99473E-05 9.99473E-05
9.99824E-05 0.0820219 0.161383 0.015238 0.323334 0.257835 9.99824E-05 0.0852408 0.0747473
0.034632 0.0322001 9.99736E-05 0.0152772 0.135317 0.689283 9.99736E-05 9.99736E-05 0.0929909
0.148453 0.0353087 9.99912E-05 0.190584 0.251729 0.0966839 0.0791241 0.170789 0.0272284
9.99561E-05 9.99561E-05 9.99561E-05 0.150418 0.0974963 0.751055 9.99561E-05 9.99561E-05 0.000531268
9.99474E-05 9.99474E-05 0.0650977 9.99474E-05 0.333641 0.600662 9.99474E-05 9.99474E-05 9.99474E-05
9.99649E-05 0.0635119 9.99649E-05 9.99649E-05 0.106018 0.787908 9.99649E-05 0.0296613 0.0125008
9.99649E-05 0.0550076 0.0422731 9.99649E-05 0.0857658 0.713138 9.99649E-05 9.99649E-05 0.103416
9.99737E-05 0.00907169 9.99737E-05 0.0776642 0.121865 0.510305 9.99737E-05 0.193878 0.0869154
9.99649E-05 0.0470528 9.99649E-05 0.0361641 0.227095 0.562914 9.99649E-05 9.99649E-05 0.126374
0.0769052 9.99737E-05 0.00903704 0.0897953 0.178558 0.459295 9.99737E-05 0.186109 9.99737E-05
9.99649E-05 0.0383751 0.023951 9.99649E-05 9.99649E-05 0.79633 0.10646 9.99649E-05 0.0344844
9.99737E-05 9.99737E-05 0.0179331 0.0674862 0.124689 0.669155 0.077951 9.99737E-05 0.0424861
9.99561E-05 9.99561E-05 9.99561E-05 0.0627078 9.99561E-05 0.874191 0.0386683 9.99561E-05 0.0239328
9.99649E-05 0.180657 0.0243518 9.99649E-05 0.117295 0.632563 0.0447329 9.99649E-05 9.99649E-05
9.99737E-05 0.0147398 9.99737E-05 9.99737E-05 0.189261 0.556294 0.0441093 0.11398 0.0813161
9.99561E-05 9.99561E-05 9.99561E-05 0.0804433 0.216443 0.537488 9.99561E-05 0.165126 9.99561E-05
9.99561E-05 9.99561E-05 9.99561E-05 0.134547 0.100992 0.720488 9.99561E-05 9.99561E-05 0.0434724
9.99649E-05 0.0394874 9.99649E-05 0.109481 0.139007 0.671432 0.0401932 9.99649E-05 9.99649E-05
9.99561E-05 9.99561E-05 9.99561E-05 0.0519847 9.99561E-05 0.861127 0.0529871 0.0334014 9.99561E-05
0.00392274 0.130232 9.99737E-05 9.99737E-05 0.285682 0.437156 0.0582437 9.99737E-05 0.0844645
9.99561E-05 9.99561E-05 9.99561E-05 0.318145 0.388685 0.264787 9.99561E-05 9.99561E-05 0.0278839
9.99473E-05 9.99473E-05 0.0776028 9.99473E-05 0.0720552 0.849742 9.99473E-05 9.99473E-05 9.99473E-05
0.0246484 0.0218354 9.99649E-05 9.99649E-05 0.0940629 0.834143 9.99649E-05 9.99649E-05 0.0249104
9.99473E-05 9.99473E-05 0.00889237 9.99473E-05 0.0299053 0.960603 9.99473E-05 9.99473E-05 9.99473E-05
9.9956E-05 9.9956E-05 9.9956E-05 0.0662291 0.208403 0.660318 9.9956E-05 9.9956E-05 0.06455
0.0542954 0.0334982 0.0213285 0.0799935 9.99737E-05 0.786945 9.99737E-05 9.99737E-05 0.0236394
9.99824E-05 0.126329 9.99824E-05 0.0770749 0.286158 0.358559 0.0115874 0.0056544 0.134438
0.0344794 0.0420929 0.075924 0.189192 9.99649E-05 0.657911 9.99649E-05 9.99649E-05 9.99649E-05
0.0969106 9.99473E-05 9.99473E-05 9.99473E-05 0.0173944 0.885095 9.99473E-05 9.99473E-05 9.99473E-05
0.0498789 0.0127356 0.0318142 0.189506 0.075486 0.640279 9.99737E-05 9.99737E-05 9.99737E-05
9.99561E-05 0.0112789 0.0734054 9.99561E-05 0.183376 0.73144 9.99561E-05 9.99561E-05 9.99561E-05
9.995E-05 9.995E-05 0.0506819 9.995E-05 9.995E-05 0.745137 9.995E-05 0.14225 0.0614308
0.178687 0.0369881 9.99649E-05 0.111648 9.99649E-05 0.640248 0.0320285 9.99649E-05 9.99649E-05
9.99561E-05 9.99561E-05 9.99561E-05 0.026785 0.132295 0.777104 9.99561E-05 9.99561E-05 0.063316
9.99736E-05 0.0141519 9.99736E-05 0.00376301 0.066488 0.85863 0.0115457 9.99736E-05 0.0451209
0.121281 0.0532992 9.99737E-05 9.99737E-05 0.319434 0.096862 0.303488 9.99737E-05 0.105336
9.99649E-05 9.99649E-05 0.0214454 0.200888 0.18092 0.361295 0.235051 9.99649E-05 9.99649E-05
0.197906 9.99649E-05 9.99649E-05 9.99649E-05 0.0267944 0.368003 0.371482 9.99649E-05 0.0354144
0.109079 0.164805 0.0029099 9.99824E-05 0.107788 9.99824E-05 0.426104 0.147026 0.0420874
0.0705203 0.141717 0.115547 0.0887735 0.275759 0.102003 0.185815 9.99912E-05 0.0197643
0.150929 0.0334246 9.99649E-05 9.99649E-05 0.512945 9.99649E-05 0.272555 9.99649E-05 0.0297465
0.0540008 9.99824E-05 0.0193829 0.0514621 0.2053 0.0250071 0.563212 9.99824E-05 0.0814352
0.241389 0.0648279 9.99649E-05 0.0268743 0.281502 9.99649E-05 0.385007 9.99649E-05 9.99649E-05
0.1086 9.99649E-05 9.99649E-05 9.99649E-05 0.1468 0.211638 0.507548 0.0250136 9.99649E-05
0.00652048 0.0239377 9.99824E-05 0.0153004 0.16871 0.324645 0.29301 9.99824E-05 0.167676
0.101261 0.0742121 0.0340917 0.0421523 0.467814 9.99824E-05 0.0831366 9.99824E-05 0.197132
0.0111047 9.99736E-05 9.99736E-05 0.336998 0.225592 0.0154724 0.288823 9.99736E-05 0.121709
9.99737E-05 0.201442 9.99737E-05 0.274067 0.13873 0.101405 0.166079 9.99737E-05 0.117978
9.99473E-05 9.99473E-05 9.99473E-05 0.205917 0.476197 9.99473E-05 0.317286 9.99473E-05 9.99473E-05
0.0470182 0.00867492 9.99912E-05 0.11284 0.0919022 0.254916 0.269503 0.0694273 0.145619
0.0568476 0.00180679 9.99737E-05 9.99737E-05 0.207851 0.195609 0.402217 9.99737E-05 0.135368
0.168047 9.99737E-05 9.99737E-05 0.301462 0.20156 9.99737E-05 0.242818 0.0699896 0.0158233
0.0680721 0.131237 9.99824E-05 0.135803 0.136343 0.124981 0.174739 9.99824E-05 0.228625
0.194425 0.0195551 9.99824E-05 0.0266794 0.242815 0.200958 0.203912 9.99824E-05 0.111456
0.0284361 9.99649E-05 9.99649E-05 0.153636 0.49054 9.99649E-05 0.269639 9.99649E-05 0.0573489
9.9965E-05 9.9965E-05 9.9965E-05 0.0678643 0.16926 0.348013 0.336827 9.9965E-05 0.0776348
0.0921473 9.997E-05 9.997E-05 0.237728 0.224292 0.104536 0.329715 9.997E-05 0.011282
0.0583545 9.99737E-05 9.99737E-05 9.99737E-05 0.207576 0.215109 0.285258 0.189893 0.0435098
0.161913 0.0881651 9.99824E-05 0.2437 0.177752 0.185253 0.113751 9.99824E-05 0.0292659
9.997E-05 0.0582411 9.997E-05 0.021637 0.253507 0.275014 0.0541116 9.997E-05 0.337189
9.99825E-05 0.027275 0.0305435 9.99825E-05 0.163711 0.347561 0.331515 0.0131949 0.0859994
0.130145 9.99649E-05 9.99649E-05 0.0289275 0.115689 0.365939 0.3589 9.99649E-05 9.99649E-05
0.0618797 9.99737E-05 0.0239789 0.0759356 0.223303 0.194977 0.419627 9.99737E-05 9.99737E-05
0.279315 0.0586253 9.99649E-05 9.99649E-05 0.239137 0.295549 0.126973 9.99649E-05 9.99649E-05
9.99912E-05 0.118313 0.0178893 0.03498 0.287926 0.215753 0.209204 0.106628 0.00920709
9.99473E-05 0.171856 9.99473E-05 9.99473E-05 0.213957 9.99473E-05 9.99473E-05 0.613587 9.99473E-05
9.99474E-05 0.0341474 9.99474E-05 9.99474E-05 0.0477289 9.99474E-05 9.99474E-05 0.917524 9.99474E-05
0.0597688 0.0423845 9.99648E-05 9.99648E-05 0.211253 9.99648E-05 9.99648E-05 0.614586 0.0716081
0.0209477 0.093964 0.0696588 9.99736E-05 0.156833 9.99736E-05 9.99736E-05 0.520969 0.137328
0.0650175 0.194933 0.0957512 0.106382 9.99736E-05 9.99736E-05 9.99736E-05 0.521341 0.0162758
9.99473E-05 0.226643 9.99473E-05 9.99473E-05 0.219316 9.99473E-05 9.99473E-05 0.553442 9.99473E-05
0.0185211 0.152097 9.99648E-05 9.99648E-05 0.19835 9.99648E-05 9.99648E-05 0.567517 0.0631151
0.00512136 0.32485 0.0107519 9.99736E-05 0.155609 9.99736E-05 9.99736E-05 0.500094 0.00327428
9.99648E-05 0.427782 9.99648E-05 9.99648E-05 0.12621 9.99648E-05 0.231985 0.131403 0.0822204
9.99473E-05 0.322048 9.99473E-05 9.99473E-05 0.347036 9.99473E-05 9.99473E-05 0.330316 9.99473E-05
9.99561E-05 0.0594878 9.99561E-05 9.99561E-05 9.99561E-05 9.99561E-05 0.350953 0.576709 0.0123507
9.99649E-05 0.0199998 9.99649E-05 9.99649E-05 0.0885493 9.99649E-05 0.153367 0.712636 0.0250479
0.0155982 0.142702 9.99649E-05 0.0149908 9.99649E-05 9.99649E-05 9.99649E-05 0.798924 0.0273848
9.99561E-05 0.149828 9.99561E-05 9.99561E-05 0.2992 9.99561E-05 9.99561E-05 0.548761 0.00171168
0.165684 0.113445 9.99561E-05 9.99561E-05 9.99561E-05 9.99561E-05 9.99561E-05 0.690708 0.0296627
9.99824E-05 0.0589001 0.00792762 0.0312788 0.208552 9.99824E-05 0.0549444 0.547195 0.0910023
9.99649E-05 0.0710035 0.05428 9.99649E-05 0.180638 9.99649E-05 0.175664 0.518014 9.99649E-05
9.99561E-05 0.237129 9.99561E-05 0.106804 9.99561E-05 9.99561E-05 9.99561E-05 0.604928 0.05064
9.9956E-05 0.0772065 0.0345888 9.9956E-05 9.9956E-05 9.9956E-05 9.9956E-05 0.800037 0.0876675
9.99649E-05 0.174932 0.105899 9.99649E-05 0.146242 9.99649E-05 0.0222907 0.550236 9.99649E-05
0.00730796 0.0635549 9.99736E-05 0.0670344 0.111158 9.99736E-05 0.0434682 0.707176 9.99736E-05
9.9956E-05 0.11599 9.9956E-05 9.9956E-05 0.106855 9.9956E-05 9.9956E-05 0.706079 0.070576
9.99649E-05 0.290059 0.188609 9.99649E-05 0.248216 9.99649E-05 0.00506493 0.267651 9.99649E-05
9.99561E-05 0.145855 9.99561E-05 9.99561E-05 0.103512 9.99561E-05 9.99561E-05 0.729085 0.0210478
9.99561E-05 0.290722 0.0806482 9.99561E-05 0.280015 9.99561E-05 9.99561E-05 0.348115 9.99561E-05
0.0177848 0.182317 9.99649E-05 9.99649E-05 0.136091 9.99649E-05 0.21641 0.446998 9.99649E-05
9.99562E-05 9.99562E-05 0.0519712 9.99562E-05 0.0378239 0.0497223 9.99562E-05 0.859983 9.99562E-05
9.99648E-05 0.146366 0.0367676 0.0293887 0.273217 9.99648E-05 9.99648E-05 0.513861 9.99648E-05
9.99561E-05 0.324048 9.99561E-05 9.99561E-05 0.249058 9.99561E-05 0.0483402 0.378054 9.99561E-05
9.99649E-05 0.0279313 0.0604342 9.99649E-05 0.191653 9.99649E-05 9.99649E-05 0.652694 0.0668874
9.99649E-05 0.0549005 9.99649E-05 0.004922 0.308863 9.99649E-05 9.99649E-05 0.542106 0.0888085
9.99648E-05 0.0217701 0.101298 9.99648E-05 0.09002 9.99648E-05 9.99648E-05 0.737314 0.0491979
9.996E-05 0.359196 0.185815 9.996E-05 0.189816 9.996E-05 9.996E-05 0.192851 0.0719218
9.99648E-05 0.104933 9.99648E-05 0.146671 0.208488 9.99648E-05 9.99648E-05 0.529094 0.0104145
0.0265754 0.00759898 9.99649E-05 9.99649E-05 0.200703 9.99649E-05 9.99649E-05 0.756807 0.00791596
0.002696 0.0883505 0.0145287 0.039465 9.99824E-05 9.99824E-05 0.0659454 0.709554 0.0792599
0.0221481 0.163053 9.99648E-05 9.99648E-05 0.363945 9.99648E-05 9.99648E-05 0.396378 0.0540766
9.99386E-05 0.0724446 9.99386E-05 9.99386E-05 9.99386E-05 9.99386E-05 9.99386E-05 0.926856 9.99386E-05
0.0288584 0.0255262 9.99649E-05 9.99649E-05 0.0862389 9.99649E-05 9.99649E-05 0.827642 0.0313347
9.99386E-05 0.080746 9.99386E-05 9.99386E-05 9.99386E-05 9.99386E-05 9.99386E-05 0.918554 9.99386E-05
9.99474E-05 0.00802105 9.99474E-05 9.99474E-05 9.99474E-05 9.99474E-05 0.0479194 0.94346 9.99474E-05
9.99648E-05 0.196058 9.99648E-05 9.99648E-05 0.366999 9.99648E-05 0.0929751 0.29265 0.0509171
0.0218874 0.250538 9.99649E-05 0.0522706 0.119438 9.99649E-05 9.99649E-05 0.555467 9.99649E-05
9.9965E-05 0.101272 9.9965E-05 9.9965E-05 0.115496 0.0547813 0.00616723 0.721883 9.9965E-05
9.99386E-05 9.99386E-05 9.99386E-05 9.99386E-05 0.0328249 9.99386E-05 9.99386E-05 0.966475 9.99386E-05
0.00234815 0.267091 0.169613 9.99824E-05 0.0726676 9.99824E-05 0.220015 0.248506 0.019559
0.073991 0.17399 9.99649E-05 9.99649E-05 0.1856 9.99649E-05 9.99649E-05 0.560571 0.0054484
0.112209 0.20359 9.99825E-05 0.00746748 0.0865214 9.99825E-05 0.124033 0.464639 0.00133997
0.00473437 0.392251 0.00018597 9.99737E-05 0.318017 9.99737E-05 9.99737E-05 0.194998 0.0895143
9.99386E-05 9.99386E-05 9.99386E-05 9.99386E-05 0.057383 9.99386E-05 9.99386E-05 0.941917 9.99386E-05
9.99648E-05 0.061465 9.99648E-05 0.310849 0.199667 9.99648E-05 9.99648E-05 0.35915 0.0684695
9.99474E-05 0.0856004 9.99474E-05 9.99474E-05 9.99474E-05 9.99474E-05 0.0870591 0.826741 9.99474E-05
9.99649E-05 0.0918779 9.99649E-05 9.99649E-05 0.260768 9.99649E-05 0.0680718 0.51223 0.0666527
9.99648E-05 0.196436 0.00282463 0.10596 9.99648E-05 9.99648E-05 0.0984039 0.595976 9.99648E-05
0.0747885 9.99648E-05 9.99648E-05 0.0817726 0.0896563 9.99648E-05 9.99648E-05 0.650537 0.102846
9.99824E-05 0.23814 0.039856 0.000830891 0.219737 9.99824E-05 0.283888 0.200814 0.0165337
9.99472E-05 0.242233 9.99472E-05 9.99472E-05 0.188285 9.99472E-05 9.99472E-05 0.568882 9.99472E-05
9.99736E-05 0.0949477 0.0394775 0.0432293 0.125845 9.99736E-05 9.99736E-05 0.614112 0.082088
9.99737E-05 0.0395079 0.0687171 0.0213249 0.198732 9.99737E-05 9.99737E-05 0.616954 0.0544646
9.99561E-05 0.213642 9.99561E-05 9.99561E-05 0.0496514 9.99561E-05 0.0870638 0.649143 9.99561E-05
9.993E-05 9.993E-05 9.993E-05 9.993E-05 0.999201 9.993E-05 9.993E-05 9.993E-05 9.993E-05
9.993E-05 0.999201 9.993E-05 9.993E-05 9.993E-05 9.993E-05 9.993E-05 9.993E-05 9.993E-05
9.993E-05 9.993E-05 9.993E-05 9.993E-05 0.999201 9.993E-05 9.993E-05 9.993E-05 9.993E-05
9.993E-05 0.999201 9.993E-05 9.993E-05 9.993E-05 9.993E-05 9.993E-05 9.993E-05 9.993E-05
9.993E-05 0.999201 9.993E-05 9.993E-05 9.993E-05 9.993E-05 9.993E-05 9.993E-05 9.993E-05
9.993E-05 0.999201 9.993E-05 9.993E-05 9.993E-05 9.993E-05 9.993E-05 9.993E-05 9.993E-05
9.993E-05 9.993E-05 9.993E-05 9.993E-05 0.999201 9.993E-05 9.993E-05 9.993E-05 9.993E-05
9.993E-05 0.999201 9.993E-05 9.993E-05 9.993E-05 9.993E-05 9.993E-05 9.993E-05 9.993E-05
9.993E-05 0.999201 9.993E-05 9.993E-05 9.993E-05 9.993E-05 9.993E-05 9.993E-05 9.993E-05
9.993E-05 9.993E-05 9.993E-05 9.993E-05 0.999201 9.993E-05 9.993E-05 9.993E-05 9.993E-05
9.993E-05 9.993E-05 9.993E-05 9.993E-05 0.999201 9.993E-05 9.993E-05 9.993E-05 9.993E-05
9.993E-05 9.993E-05 9.993E-05 9.993E-05 0.999201 9.993E-05 9.993E-05 9.993E-05 9.993E-05
9.993E-05 0.999201 9.993E-05 9.993E-05 9.993E-05 9.993E-05 9.993E-05 9.993E-05 9.993E-05
9.993E-05 0.999201 9.993E-05 9.993E-05 9.993E-05 9.993E-05 9.993E-05 9.993E-05 9.993E-05
9.993E-05 9.993E-05 9.993E-05 9.993E-05 0.999201 9.993E-05 9.993E-05 9.993E-05 9.993E-05
9.993E-05 9.993E-05 9.993E-05 9.993E-05 0.999201 9.993E-05 9.993E-05 9.993E-05 9.993E-05
0.0344713 0.116221 0.107469 0.256759 0.169434 9.99736E-05 9.99736E-05 0.315345 9.99736E-05
9.993E-05 9.993E-05 9.993E-05 9.993E-05 0.999201 9.993E-05 9.993E-05 9.993E-05 9.993E-05
9.993E-05 0.999201 9.993E-05 9.993E-05 9.993E-05 9.993E-05 9.993E-05 9.993E-05 9.993E-05
9.993E-05 9.993E-05 9.993E-05 9.993E-05 0.999201 9.993E-05 9.993E-05 9.993E-05 9.993E-05
9.993E-05 9.993E-05 9.993E-05 9.993E-05 0.999201 9.993E-05 9.993E-05 9.993E-05 9.993E-05
9.993E-05 9.993E-05 9.993E-05 9.993E-05 0.999201 9.993E-05 9.993E-05 9.993E-05 9.993E-05
9.993E-05 0.999201 9.993E-05 9.993E-05 9.993E-05 9.993E-05 9.993E-05 9.993E-05 9.993E-05
9.993E-05 9.993E-05 9.993E-05 9.993E-05 0.999201 9.993E-05 9.993E-05 9.993E-05 9.993E-05
9.993E-05 0.999201 9.993E-05 9.993E-05 9.993E-05 9.993E-05 9.993E-05 9.993E-05 9.993E-05
9.993E-05 9.993E-05 9.993E-05 9.993E-05 0.999201 9.993E-05 9.993E-05 9.993E-05 9.993E-05
9.993E-05 9.993E-05 9.993E-05 9.993E-05 0.999201 9.993E-05 9.993E-05 9.993E-05 9.993E-05
9.993E-05 0.999201 9.993E-05 9.993E-05 9.993E-05 9.993E-05 9.993E-05 9.993E-05 9.993E-05
9.993E-05 0.999201 9.993E-05 9.993E-05 9.993E-05 9.993E-05 9.993E-05 9.993E-05 9.993E-05
9.993E-05 0.999201 9.993E-05 9.993E-05 9.993E-05 9.993E-05 9.993E-05 9.993E-05 9.993E-05
9.993E-05 9.993E-05 9.993E-05 9.993E-05 0.999201 9.993E-05 9.993E-05 9.993E-05 9.993E-05
9.993E-05 9.993E-05 9.993E-05 9.993E-05 0.999201 9.993E-05 9.993E-05 9.993E-05 9.993E-05
9.993E-05 9.993E-05 9.993E-05 9.993E-05 0.999201 9.993E-05 9.993E-05 9.993E-05 9.993E-05
9.993E-05 9.993E-05 9.993E-05 9.993E-05 0.999201 9.993E-05 9.993E-05 9.993E-05 9.993E-05
9.993E-05 9.993E-05 9.993E-05 9.993E-05 0.999201 9.993E-05 9.993E-05 9.993E-05 9.993E-05
9.993E-05 0.999201 9.993E-05 9.993E-05 9.993E-05 9.993E-05 9.993E-05 9.993E-05 9.993E-05
9.993E-05 0.999201 9.993E-05 9.993E-05 9.993E-05 9.993E-05 9.993E-05 9.993E-05 9.993E-05
9.993E-05 0.999201 9.993E-05 9.993E-05 9.993E-05 9.993E-05 9.993E-05 9.993E-05 9.993E-05
9.993E-05 9.993E-05 9.993E-05 9.993E-05 0.999201 9.993E-05 9.993E-05 9.993E-05 9.993E-05
9.993E-05 0.999201 9.993E-05 9.993E-05 9.993E-05 9.993E-05 9.993E-05 9.993E-05 9.993E-05
9.993E-05 0.999201 9.993E-05 9.993E-05 9.993E-05 9.993E-05 9.993E-05 9.993E-05 9.993E-05
9.993E-05 0.999201 9.993E-05 9.993E-05 9.993E-05 9.993E-05 9.993E-05 9.993E-05 9.993E-05
9.993E-05 0.999201 9.993E-05 9.993E-05 9.993E-05 9.993E-05 9.993E-05 9.993E-05 9.993E-05
9.993E-05 9.993E-05 9.993E-05 9.993E-05 0.999201 9.993E-05 9.993E-05 9.993E-05 9.993E-05
9.993E-05 0.999201 9.993E-05 9.993E-05 9.993E-05 9.993E-05 9.993E-05 9.993E-05 9.993E-05
9.993E-05 0.999201 9.993E-05 9.993E-05 9.993E-05 9.993E-05 9.993E-05 9.993E-05 9.993E-05
0.0203516 0.108725 0.0989398 0.185351 0.182758 9.99824E-05 0.0865834 0.31709 9.99824E-05
9.993E-05 9.993E-05 9.993E-05 9.993E-05 0.999201 9.993E-05 9.993E-05 9.993E-05 9.993E-05
9.993E-05 0.999201 9.993E-05 9.993E-05 9.993E-05 9.993E-05 9.993E-05 9.993E-05 9.993E-05
9.993E-05 0.999201 9.993E-05 9.993E-05 9.993E-05 9.993E-05 9.993E-05 9.993E-05 9.993E-05
9.993E-05 0.999201 9.993E-05 9.993E-05 9.993E-05 9.993E-05 9.993E-05 9.993E-05 9.993E-05
9.993E-05 0.999201 9.993E-05 9.993E-05 9.993E-05 9.993E-05 9.993E-05 9.993E-05 9.993E-05
9.993E-05 9.993E-05 9.993E-05 9.993E-05 0.999201 9.993E-05 9.993E-05 9.993E-05 9.993E-05
9.993E-05 0.999201 9.993E-05 9.993E-05 9.993E-05 9.993E-05 9.993E-05 9.993E-05 9.993E-05
9.993E-05 9.993E-05 9.993E-05 9.993E-05 0.999201 9.993E-05 9.993E-05 9.993E-05 9.993E-05
9.993E-05 0.999201 9.993E-05 9.993E-05 9.993E-05 9.993E-05 9.993E-05 9.993E-05 9.993E-05
9.993E-05 9.993E-05 9.993E-05 9.993E-05 0.999201 9.993E-05 9.993E-05 9.993E-05 9.993E-05
9.993E-05 0.999201 9.993E-05 9.993E-05 9.993E-05 9.993E-05 9.993E-05 9.993E-05 9.993E-05
9.993E-05 0.999201 9.993E-05 9.993E-05 9.993E-05 9.993E-05 9.993E-05 9.993E-05 9.993E-05
9.993E-05 0.999201 9.993E-05 9.993E-05 9.993E-05 9.993E-05 9.993E-05 9.993E-05 9.993E-05
9.993E-05 0.999201 9.993E-05 9.993E-05 9.993E-05 9.993E-05 9.993E-05 9.993E-05 9.993E-05
9.993E-05 0.999201 9.993E-05 9.993E-05 9.993E-05 9.993E-05 9.993E-05 9.993E-05 9.993E-05
9.993E-05 0.999201 9.993E-05 9.993E-05 9.993E-05 9.993E-05 9.993E-05 9.993E-05 9.993E-05
9.993E-05 9.993E-05 9.993E-05 9.993E-05 0.999201 9.993E-05 9.993E-05 9.993E-05 9.993E-05
9.993E-05 9.993E-05 9.993E-05 9.993E-05 0.999201 9.993E-05 9.993E-05 9.993E-05 9.993E-05
9.993E-05 9.993E-05 9.993E-05 9.993E-05 0.999201 9.993E-05 9.993E-05 9.993E-05 9.993E-05
9.993E-05 0.999201 9.993E-05 9.993E-05 9.993E-05 9.993E-05 9.993E-05 9.993E-05 9.993E-05
9.993E-05 9.993E-05 9.993E-05 9.993E-05 0.999201 9.993E-05 9.993E-05 9.993E-05 9.993E-05
9.993E-05 9.993E-05 9.993E-05 9.993E-05 0.999201 9.993E-05 9.993E-05 9.993E-05 9.993E-05
9.993E-05 9.993E-05 9.993E-05 9.993E-05 0.999201 9.993E-05 9.993E-05 9.993E-05 9.993E-05
9.993E-05 0.999201 9.993E-05 9.993E-05 9.993E-05 9.993E-05 9.993E-05 9.993E-05 9.993E-05
9.993E-05 0.999201 9.993E-05 9.993E-05 9.993E-05 9.993E-05 9.993E-05 9.993E-05 9.993E-05
9.993E-05 0.999201 9.993E-05 9.993E-05 9.993E-05 9.993E-05 9.993E-05 9.993E-05 9.993E-05
9.993E-05 9.993E-05 9.993E-05 9.993E-05 0.999201 9.993E-05 9.993E-05 9.993E-05 9.993E-05
9.993E-05 0.999201 9.993E-05 9.993E-05 9.993E-05 9.993E-05 9.993E-05 9.993E-05 9.993E-05
9.993E-05 0.999201 9.993E-05 9.993E-05 9.993E-05 9.993E-05 9.993E-05 9.993E-05 9.993E-05
9.993E-05 9.993E-05 9.993E-05 9.993E-05 0.999201 9.993E-05 9.993E-05 9.993E-05 9.993E-05
9.993E-05 0.999201 9.993E-05 9.993E-05 9.993E-05 9.993E-05 9.993E-05 9.993E-05 9.993E-05
9.993E-05 0.999201 9.993E-05 9.993E-05 9.993E-05 9.993E-05 9.993E-05 9.993E-05 9.993E-05
0.0775939 0.184816 9.99648E-05 9.99648E-05 0.363481 9.99648E-05 9.99648E-05 0.199519 0.17419
9.993E-05 9.993E-05 9.993E-05 9.993E-05 0.999201 9.993E-05 9.993E-05 9.993E-05 9.993E-05
9.993E-05 0.999201 9.993E-05 9.993E-05 9.993E-05 9.993E-05 9.993E-05 9.993E-05 9.993E-05
0.0790366 0.443663 0.0480267 9.99737E-05 0.0452251 9.99737E-05 9.99737E-05 0.286997 0.0967525
9.99561E-05 0.320673 0.130425 9.99561E-05 0.195783 9.99561E-05 9.99561E-05 0.35262 9.99561E-05
9.99561E-05 0.182007 9.99561E-05 9.99561E-05 0.443335 9.99561E-05 0.0122615 0.361897 9.99561E-05
0.070304 9.99648E-05 0.049011 0.0691014 0.257261 9.99648E-05 9.99648E-05 0.553922 9.99648E-05
9.9956E-05 0.307515 9.9956E-05 9.9956E-05 0.331351 9.9956E-05 0.0352835 0.32535 9.9956E-05
9.99825E-05 0.0851278 0.00860017 0.0186257 0.0327996 0.0353639 0.109542 0.709741 9.99825E-05
9.99736E-05 0.357754 0.0177375 0.0513482 0.301988 9.99736E-05 9.99736E-05 0.226327 0.0445446
0.0919197 0.242459 0.0626752 9.99736E-05 0.0469155 9.99736E-05 9.99736E-05 0.46816 0.0875704
9.99474E-05 0.274504 9.99474E-05 9.99474E-05 0.0359209 9.99474E-05 9.99474E-05 0.688976 9.99474E-05
9.9956E-05 0.00529952 9.9956E-05 0.143216 0.222206 9.9956E-05 9.9956E-05 0.628779 9.9956E-05
9.99561E-05 0.133308 9.99561E-05 9.99561E-05 0.215208 9.99561E-05 9.99561E-05 0.541031 0.109952
9.99648E-05 0.559856 9.99648E-05 0.0364685 0.0260625 9.99648E-05 0.0420756 0.335138 9.99648E-05
0.078873 0.218282 9.99648E-05 0.0987321 0.36478 9.99648E-05 9.99648E-05 0.238933 9.99648E-05
0.141256 0.0468966 0.0580076 9.99648E-05 0.0938612 9.99648E-05 9.99648E-05 0.659579 9.99648E-05
9.99648E-05 0.16486 0.00377444 9.99648E-05 0.28668 9.99648E-05 9.99648E-05 0.48103 0.0632566
9.99649E-05 0.31469 9.99649E-05 9.99649E-05 0.199563 9.99649E-05 0.142815 0.27884 0.0636921
9.99649E-05 0.215286 0.0283839 9.99649E-05 0.0751359 9.99649E-05 0.0150379 0.665757 9.99649E-05
0.0382898 0.0839831 9.99648E-05 9.99648E-05 0.457072 9.99648E-05 9.99648E-05 0.307612 0.112642
9.99648E-05 0.221027 0.156077 9.99648E-05 9.99648E-05 9.99648E-05 0.151316 0.393884 0.0772969
9.9956E-05 0.166626 9.9956E-05 0.0615961 0.359522 9.9956E-05 9.9956E-05 0.411756 9.9956E-05
9.9956E-05 0.141974 0.104299 9.9956E-05 0.0934774 9.9956E-05 9.9956E-05 0.65975 9.9956E-05
9.99561E-05 0.26613 9.99561E-05 0.131721 9.99561E-05 9.99561E-05 0.0121981 0.589452 9.99561E-05
0.0270061 0.136178 0.0606323 0.118283 0.220964 9.99824E-05 9.99824E-05 0.387348 0.0493891
9.99736E-05 0.181034 0.0334703 0.0108524 0.207459 9.99736E-05 9.99736E-05 0.500697 0.0661865
0.16062 0.062255 0.0492894 9.99648E-05 0.0333349 9.99648E-05 9.99648E-05 0.694101 9.99648E-05
9.99474E-05 0.0329318 9.99474E-05 9.99474E-05 9.99474E-05 9.99474E-05 0.0789902 0.887478 9.99474E-05
0.0532629 0.0755738 0.0480293 0.155188 0.116594 9.99736E-05 9.99736E-05 0.551052 9.99736E-05
9.99648E-05 0.29595 0.03196 0.0692173 0.323312 9.99648E-05 9.99648E-05 0.27916 9.99648E-05
0.0756747 9.99648E-05 0.0529284 0.0566811 0.124308 9.99648E-05 9.99648E-05 0.690008 9.99648E-05
0.103957 0.195846 0.0774742 9.99736E-05 0.112744 9.99736E-05 9.99736E-05 0.492668 0.017011
9.99736E-05 0.393073 9.99736E-05 0.0733384 0.1732 9.99736E-05 0.0265316 0.271974 0.0615834
9.99648E-05 0.293646 9.99648E-05 9.99648E-05 0.134238 9.99648E-05 0.0112963 0.548403 0.0120172
0.0308647 0.195895 0.0327126 9.99736E-05 0.137429 9.99736E-05 0.199384 0.403415 9.99736E-05
0.0630363 0.18535 9.99561E-05 9.99561E-05 0.249014 9.99561E-05 9.99561E-05 0.5021 9.99561E-05
0.0239847 0.146367 9.99736E-05 0.0440303 0.224323 9.99736E-05 9.99736E-05 0.475272 0.0857227
9.99473E-05 0.0647044 9.99473E-05 9.99473E-05 0.309309 9.99473E-05 9.99473E-05 0.625387 9.99473E-05
9.993E-05 9.993E-05 9.993E-05 9.993E-05 9.993E-05 9.993E-05 9.993E-05 0.999201 9.993E-05
0.0105198 9.99736E-05 9.99736E-05 0.130827 0.286976 9.99736E-05 0.0870124 0.367188 0.117177
9.99736E-05 0.0685131 0.0552446 0.0707326 0.146556 9.99736E-05 9.99736E-05 0.624724 0.0339297
9.99824E-05 0.226518 0.0860131 0.124731 0.124888 9.99824E-05 0.0250269 0.401011 0.0116131
0.018671 0.0815202 9.9956E-05 9.9956E-05 0.333712 9.9956E-05 9.9956E-05 0.565597 9.9956E-05
9.99649E-05 0.113355 0.0542176 0.105851 0.14121 9.99649E-05 9.99649E-05 0.584966 9.99649E-05
9.99648E-05 0.273441 0.0380103 0.0680068 0.204832 9.99648E-05 9.99648E-05 0.41531 9.99648E-05
0.00133219 0.56669 9.99649E-05 9.99649E-05 0.0729757 9.99649E-05 0.110869 0.247733 9.99649E-05
0.0396806 0.39085 9.99648E-05 9.99648E-05 0.355845 9.99648E-05 0.0411406 0.172084 9.99648E-05
0.00042184 0.170623 9.99648E-05 9.99648E-05 0.123981 9.99648E-05 9.99648E-05 0.608614 0.095959
9.993E-05 9.993E-05 9.993E-05 9.993E-05 9.993E-05 9.993E-05 9.993E-05 0.999201 9.993E-05
9.99648E-05 0.237334 0.0329194 9.99648E-05 0.0392224 9.99648E-05 9.99648E-05 0.63683 0.0532938
9.99386E-05 0.0332214 9.99386E-05 9.99386E-05 9.99386E-05 9.99386E-05 9.99386E-05 0.966079 9.99386E-05
0.0628812 0.165235 9.99736E-05 0.0739426 0.15483 9.99736E-05 0.22245 0.320362 9.99736E-05
9.99386E-05 9.99386E-05 9.99386E-05 9.99386E-05 9.99386E-05 9.99386E-05 0.0519615 0.947339 9.99386E-05
9.99648E-05 9.99648E-05 9.99648E-05 0.0290071 0.349099 9.99648E-05 0.0252801 0.571627 0.0245873
9.99648E-05 9.99648E-05 9.99648E-05 0.170608 0.254985 9.99648E-05 0.26618 0.260625 0.0472024
9.99561E-05 0.202358 9.99561E-05 9.99561E-05 0.122789 9.99561E-05 0.31473 0.359623 9.99561E-05
9.99648E-05 0.114087 0.0127183 0.203898 0.0165689 9.99648E-05 9.99648E-05 0.652328 9.99648E-05
9.99473E-05 0.379962 9.99473E-05 9.99473E-05 0.106196 9.99473E-05 9.99473E-05 0.513243 9.99473E-05
9.99474E-05 9.99474E-05 9.99474E-05 9.99474E-05 0.184553 9.99474E-05 0.136369 0.678478 9.99474E-05
9.9956E-05 0.242421 9.9956E-05 9.9956E-05 9.9956E-05 9.9956E-05 0.00327305 0.702826 0.0509801
9.99561E-05 0.194991 0.0170229 9.99561E-05 0.236133 9.99561E-05 9.99561E-05 0.551353 9.99561E-05
9.99561E-05 0.253775 9.99561E-05 9.99561E-05 0.155067 9.99561E-05 0.18937 0.401288 9.99561E-05
9.99473E-05 0.0040492 9.99473E-05 9.99473E-05 0.0120291 9.99473E-05 9.99473E-05 0.983322 9.99473E-05
9.99386E-05 0.103799 9.99386E-05 9.99386E-05 9.99386E-05 9.99386E-05 9.99386E-05 0.895501 9.99386E-05
9.99474E-05 9.99474E-05 9.99474E-05 9.99474E-05 0.148272 0.0519491 9.99474E-05 0.799179 9.99474E-05
0.00226364 0.152943 9.99648E-05 9.99648E-05 0.153951 9.99648E-05 9.99648E-05 0.588486 0.101957
9.99648E-05 0.160962 0.103383 9.99648E-05 0.127113 9.99648E-05 9.99648E-05 0.590406 0.0177356
9.99561E-05 0.298177 9.99561E-05 0.0308294 0.00955553 9.99561E-05 9.99561E-05 0.660938 9.99561E-05
9.99474E-05 0.0468464 9.99474E-05 9.99474E-05 0.0973393 9.99474E-05 9.99474E-05 0.855215 9.99474E-05
0.0483272 0.264217 0.0473244 9.99649E-05 0.277775 9.99649E-05 9.99649E-05 0.361957 9.99649E-05
9.99648E-05 0.0695766 0.050635 9.99648E-05 0.333304 9.99648E-05 9.99648E-05 0.478553 0.0675312
9.99562E-05 9.99562E-05 0.082958 9.99562E-05 0.054518 9.99562E-05 0.162727 0.699297 9.99562E-05
9.99736E-05 0.0169183 0.0633177 9.99736E-05 0.240723 9.99736E-05 0.210391 0.434606 0.0337435
9.99562E-05 9.99562E-05 9.99562E-05 9.99562E-05 0.0278279 0.098476 0.118561 0.754636 9.99562E-05
9.99473E-05 0.294115 9.99473E-05 9.99473E-05 0.325404 9.99473E-05 9.99473E-05 0.379881 9.99473E-05
0.129959 9.99824E-05 0.0714171 0.0572626 0.0225376 9.99824E-05 0.208924 0.49761 0.0120899
9.99473E-05 0.00322939 9.99473E-05 9.99473E-05 0.113486 9.99473E-05 9.99473E-05 0.882685 9.99473E-05
9.99561E-05 0.10837 9.99561E-05 9.99561E-05 0.17465 9.99561E-05 0.211511 0.504968 9.99561E-05
9.99474E-05 9.99474E-05 9.99474E-05 9.99474E-05 9.99474E-05 0.00164536 0.248611 0.749144 9.99474E-05
9.9956E-05 9.9956E-05 0.0301472 0.108444 0.23574 9.9956E-05 9.9956E-05 0.625168 9.9956E-05
9.99386E-05 9.99386E-05 9.99386E-05 9.99386E-05 9.99386E-05 9.99386E-05 0.250708 0.748593 9.99386E-05
9.99648E-05 0.381548 9.99648E-05 9.99648E-05 0.0559868 9.99648E-05 0.0140599 0.446049 0.101957
9.99648E-05 0.238113 9.99648E-05 0.122553 0.0514159 9.99648E-05 9.99648E-05 0.548061 0.0394575
0.0385843 0.221755 0.0956807 0.0614202 0.14315 9.99824E-05 9.99824E-05 0.37909 0.0601206
9.99386E-05 9.99386E-05 9.99386E-05 9.99386E-05 9.99386E-05 9.99386E-05 0.130028 0.869272 9.99386E-05
9.99561E-05 0.25051 9.99561E-05 9.99561E-05 0.0972019 9.99561E-05 9.99561E-05 0.617127 0.0346613
9.9956E-05 0.144232 0.198064 9.9956E-05 9.9956E-05 9.9956E-05 0.218962 0.438241 9.9956E-05
9.9956E-05 9.9956E-05 9.9956E-05 9.9956E-05 0.111581 9.9956E-05 0.126492 0.741048 0.0203792
0.171927 0.00823252 0.00624876 9.99736E-05 0.257203 9.99736E-05 9.99736E-05 0.528776 0.0273119
0.0227782 0.373534 9.99648E-05 9.99648E-05 0.285133 9.99648E-05 9.99648E-05 0.297374 0.0207805
0.0262337 0.114754 0.0293659 0.00883788 0.369783 9.99737E-05 9.99737E-05 0.450726 9.99737E-05
9.99648E-05 0.184146 0.129964 9.99648E-05 0.301485 9.99648E-05 9.99648E-05 0.363078 0.0209267
0.0457705 0.067731 0.211197 9.99737E-05 0.094371 9.99737E-05 0.170253 0.410377 9.99737E-05
0.0865169 0.043689 9.99648E-05 9.99648E-05 0.364854 9.99648E-05 0.228689 0.275852 9.99648E-05
9.99561E-05 0.388447 9.99561E-05 9.99561E-05 0.196303 9.99561E-05 0.100897 0.313854 9.99561E-05
9.99736E-05 0.038806 0.139393 9.99736E-05 0.0362281 9.99736E-05 0.285779 0.35651 0.142984
9.994E-05 0.209864 9.994E-05 9.994E-05 9.994E-05 9.994E-05 0.168397 0.62114 9.994E-05
0.0353094 9.99473E-05 9.99473E-05 9.99473E-05 9.99473E-05 9.99473E-05 0.215569 0.748521 9.99473E-05
9.99648E-05 0.397937 0.0149888 0.164877 9.99648E-05 9.99648E-05 9.99648E-05 0.408669 0.0131286
9.99736E-05 0.0800973 9.99736E-05 0.0190131 0.350901 9.99736E-05 0.0122175 0.40762 0.129851
0.0191071 9.99473E-05 9.99473E-05 9.99473E-05 0.556792 9.99473E-05 9.99473E-05 0.423501 9.99473E-05
9.99737E-05 0.149526 0.0316823 0.0104719 0.48219 9.99737E-05 0.0635907 0.262239 9.99737E-05
0.012654 0.265366 0.0654099 0.35768 9.99737E-05 9.99737E-05 9.99737E-05 0.285545 0.0130451
0.00916291 0.0953803 0.0178174 9.99736E-05 0.424219 9.99736E-05 9.99736E-05 0.437026 0.0160951
0.0272581 0.117318 0.137501 9.99824E-05 0.116741 9.99824E-05 0.129805 0.303855 0.167322
9.99474E-05 0.0665249 9.99474E-05 9.99474E-05 9.99474E-05 9.99474E-05 0.216755 0.716121 9.99474E-05
9.99649E-05 0.0971806 9.99649E-05 9.99649E-05 0.0287608 0.0180039 0.137102 0.718553 9.99649E-05
9.99649E-05 0.212773 0.00131358 9.99649E-05 0.21398 9.99649E-05 0.058838 0.512695 9.99649E-05
0.201732 9.99736E-05 0.00646825 9.99736E-05 0.30828 9.99736E-05 0.185305 0.295007 0.00290703
9.99386E-05 9.99386E-05 9.99386E-05 9.99386E-05 9.99386E-05 9.99386E-05 0.147427 0.851873 9.99386E-05
9.99474E-05 9.99474E-05 9.99474E-05 9.99474E-05 0.0298533 9.99474E-05 0.119439 0.850108 9.99474E-05
0.0409302 0.107128 0.0849533 9.99736E-05 0.0284749 9.99736E-05 9.99736E-05 0.735523 0.00269057
0.0477764 0.0977503 0.0491518 9.99649E-05 0.133411 9.99649E-05 9.99649E-05 0.67151 9.99649E-05
9.99473E-05 9.99473E-05 0.0057552 9.99473E-05 0.221265 9.99473E-05 9.99473E-05 0.772381 9.99473E-05
0.0152502 0.146722 0.0378043 0.0628512 0.238229 9.99912E-05 0.0607552 0.429815 0.00847373
9.99561E-05 0.0985188 9.99561E-05 0.0941804 0.30869 9.99561E-05 9.99561E-05 0.498111 9.99561E-05
9.99648E-05 9.99648E-05 0.131866 9.99648E-05 0.414325 9.99648E-05 0.0500625 0.299589 0.103757
9.99473E-05 0.27886 9.99473E-05 9.99473E-05 9.99473E-05 9.99473E-05 0.236167 0.484374 9.99473E-05
9.99736E-05 0.172653 0.0629447 0.0131135 0.166317 9.99736E-05 0.0371603 0.547512 9.99736E-05
0.0842366 9.99736E-05 0.0359492 9.99736E-05 0.446191 9.99736E-05 0.0278625 0.398255 0.00720547
9.99649E-05 0.0384862 0.0261833 9.99649E-05 0.0347464 9.99649E-05 9.99649E-05 0.888794 0.0113899
9.99648E-05 9.99648E-05 9.99648E-05 0.146534 0.44434 9.99648E-05 0.170443 0.19539 0.0428932
0.111811 9.9956E-05 9.9956E-05 9.9956E-05 0.322794 9.9956E-05 9.9956E-05 0.549599 0.0152962
0.0405201 0.143587 0.0405773 9.99736E-05 0.224259 9.99736E-05 9.99736E-05 0.314862 0.235895
9.99648E-05 0.104459 0.0686499 9.99648E-05 0.166108 9.99648E-05 0.379367 0.281017 9.99648E-05
9.99561E-05 0.19508 9.99561E-05 0.288553 0.167931 9.99561E-05 9.99561E-05 0.347936 9.99561E-05
9.99385E-05 9.99385E-05 9.99385E-05 9.99385E-05 9.99385E-05 9.99385E-05 0.400983 0.598317 9.99385E-05
0.0089675 0.16934 9.99649E-05 9.99649E-05 0.386049 9.99649E-05 9.99649E-05 0.316139 0.119105
0.0145294 9.99561E-05 9.99561E-05 9.99561E-05 0.0221066 9.99561E-05 0.103139 0.859726 9.99561E-05
9.99562E-05 0.108868 9.99562E-05 9.99562E-05 0.0153211 9.99562E-05 0.101231 0.77408 9.99562E-05
9.99824E-05 0.285838 0.00935295 0.0584773 0.135494 9.99824E-05 0.0268508 0.374956 0.108832
9.99736E-05 0.157491 0.103773 0.0264858 0.217269 9.99736E-05 0.169943 0.324738 9.99736E-05
9.99649E-05 0.119318 9.99649E-05 0.208708 0.178344 9.99649E-05 0.430836 9.99649E-05 0.062394
9.99649E-05 0.0614533 9.99649E-05 0.127911 0.204861 9.99649E-05 0.506294 9.99649E-05 0.0990816
9.99649E-05 0.126919 9.99649E-05 0.261366 0.121061 9.99649E-05 0.452239 9.99649E-05 0.0380144
9.99737E-05 9.99737E-05 0.0168631 0.107635 0.118379 9.99737E-05 0.589272 0.0462099 0.121342
0.0635615 0.103429 0.0313256 0.119551 0.215027 9.99825E-05 0.405237 9.99825E-05 0.0616682
9.99737E-05 0.0325706 9.99737E-05 0.0130864 0.19389 0.177599 0.57199 0.0105633 9.99737E-05
0.0187545 0.217803 9.99736E-05 0.0592159 0.46396 9.99736E-05 0.199493 9.99736E-05 0.0404734
9.99649E-05 0.0202261 9.99649E-05 0.134114 0.146541 9.99649E-05 0.57726 9.99649E-05 0.121459
0.0533265 9.9965E-05 9.9965E-05 0.142059 9.9965E-05 0.160609 0.599336 9.9965E-05 0.0442702
9.99648E-05 0.0892885 9.99648E-05 0.203782 0.142738 9.99648E-05 0.521838 9.99648E-05 0.0419531
9.99824E-05 0.0775757 0.0113421 0.134106 0.396216 9.99824E-05 0.198628 0.0208826 0.161051
9.99562E-05 9.99562E-05 0.235891 9.99562E-05 0.247564 0.0587401 0.457306 9.99562E-05 9.99562E-05
9.99649E-05 0.096685 9.99649E-05 0.228194 0.303272 9.99649E-05 0.355422 9.99649E-05 0.0160278
9.99474E-05 9.99474E-05 9.99474E-05 9.99474E-05 0.167548 0.294871 0.536982 9.99474E-05 9.99474E-05
0.0157979 0.0461664 0.00680015 0.0937611 0.317007 0.0236467 0.332729 0.00144079 0.16265
9.99649E-05 0.129048 9.99649E-05 0.191113 0.197849 9.99649E-05 0.415928 9.99649E-05 0.0656622
9.99649E-05 0.00170431 9.99649E-05 0.0195466 0.250687 9.99649E-05 0.536141 9.99649E-05 0.191521
9.99561E-05 9.99561E-05 0.100493 0.0929191 0.284222 9.99561E-05 0.521866 9.99561E-05 9.99561E-05
9.99649E-05 0.00329576 9.99649E-05 0.139878 0.252298 9.99649E-05 0.39176 9.99649E-05 0.212368
9.99561E-05 0.0163495 9.99561E-05 0.268583 0.206414 9.99561E-05 0.508154 9.99561E-05 9.99561E-05
9.99561E-05 0.0880467 9.99561E-05 9.99561E-05 0.402285 9.99561E-05 0.379141 9.99561E-05 0.130028
9.99737E-05 9.99737E-05 9.99737E-05 0.191507 0.245449 0.0387916 0.434513 0.0334905 0.05595
0.0800313 0.00700655 0.0357378 0.00498116 0.473112 0.0618388 0.247025 9.99912E-05 0.090167
0.010217 9.99384E-05 9.99384E-05 9.99384E-05 9.99384E-05 9.99384E-05 0.989083 9.99384E-05 9.99384E-05
9.99384E-05 0.100092 9.99384E-05 9.99384E-05 9.99384E-05 9.99384E-05 0.899209 9.99384E-05 9.99384E-05
9.99384E-05 0.121408 9.99384E-05 9.99384E-05 9.99384E-05 9.99384E-05 0.877892 9.99384E-05 9.99384E-05
9.99472E-05 0.0442993 9.99472E-05 9.99472E-05 0.0647182 9.99472E-05 0.890383 9.99472E-05 9.99472E-05
9.993E-05 9.993E-05 9.993E-05 9.993E-05 9.993E-05 9.993E-05 0.999201 9.993E-05 9.993E-05
9.99385E-05 0.0624343 9.99385E-05 9.99385E-05 9.99385E-05 9.99385E-05 0.936866 9.99385E-05 9.99385E-05
0.00376864 9.99384E-05 9.99384E-05 9.99384E-05 9.99384E-05 9.99384E-05 0.995532 9.99384E-05 9.99384E-05
9.99385E-05 9.99385E-05 9.99385E-05 9.99385E-05 0.0459957 9.99385E-05 0.953305 9.99385E-05 9.99385E-05
9.99473E-05 0.0507948 9.99473E-05 9.99473E-05 0.140242 9.99473E-05 0.808364 9.99473E-05 9.99473E-05
9.9956E-05 0.20423 9.9956E-05 9.9956E-05 0.0816887 9.9956E-05 0.694664 9.9956E-05 0.0189177
0.0635463 9.99472E-05 0.0293968 9.99472E-05 9.99472E-05 9.99472E-05 0.906457 9.99472E-05 9.99472E-05
9.993E-05 9.993E-05 9.993E-05 9.993E-05 9.993E-05 9.993E-05 0.999201 9.993E-05 9.993E-05
9.9956E-05 0.200372 9.9956E-05 9.9956E-05 0.0757754 9.9956E-05 0.706056 9.9956E-05 0.0172965
9.993E-05 9.993E-05 9.993E-05 9.993E-05 9.993E-05 9.993E-05 0.999201 9.993E-05 9.993E-05
9.993E-05 9.993E-05 9.993E-05 9.993E-05 9.993E-05 9.993E-05 0.999201 9.993E-05 9.993E-05
0.0079728 0.00452164 9.99561E-05 0.0310013 9.99561E-05 9.99561E-05 0.956004 9.99561E-05 9.99561E-05
0.0104623 9.99384E-05 9.99384E-05 9.99384E-05 9.99384E-05 9.99384E-05 0.988838 9.99384E-05 9.99384E-05
9.99385E-05 0.0142567 9.99385E-05 9.99385E-05 9.99385E-05 9.99385E-05 0.985044 9.99385E-05 9.99385E-05
9.99385E-05 0.111396 9.99385E-05 9.99385E-05 9.99385E-05 9.99385E-05 0.887904 9.99385E-05 9.99385E-05
9.99473E-05 0.042828 9.99473E-05 9.99473E-05 9.99473E-05 9.99473E-05 0.888747 9.99473E-05 0.0678255
9.99472E-05 0.199607 9.99472E-05 9.99472E-05 0.0478374 9.99472E-05 0.751956 9.99472E-05 9.99472E-05
9.993E-05 9.993E-05 9.993E-05 9.993E-05 9.993E-05 9.993E-05 0.999201 9.993E-05 9.993E-05
9.9956E-05 0.194969 0.0135087 9.9956E-05 0.111163 9.9956E-05 0.67986 9.9956E-05 9.9956E-05
0.0149881 9.99474E-05 9.99474E-05 9.99474E-05 0.170701 9.99474E-05 9.99474E-05 0.813711 9.99474E-05
9.993E-05 9.993E-05 9.993E-05 9.993E-05 9.993E-05 9.993E-05 0.999201 9.993E-05 9.993E-05
0.0022696 0.00370987 9.99472E-05 9.99472E-05 9.99472E-05 9.99472E-05 0.993421 9.99472E-05 9.99472E-05
9.99472E-05 9.99472E-05 9.99472E-05 9.99472E-05 0.28574 9.99472E-05 0.63401 9.99472E-05 0.0796503
9.993E-05 9.993E-05 9.993E-05 9.993E-05 9.993E-05 9.993E-05 0.999201 9.993E-05 9.993E-05
9.99472E-05 0.174685 9.99472E-05 9.99472E-05 0.0939917 9.99472E-05 0.730723 9.99472E-05 9.99472E-05
9.993E-05 9.993E-05 9.993E-05 9.993E-05 9.993E-05 9.993E-05 0.999201 9.993E-05 9.993E-05
9.99385E-05 9.99385E-05 9.99385E-05 9.99385E-05 9.99385E-05 9.99385E-05 0.988859 9.99385E-05 0.0104411
9.99473E-05 9.99473E-05 0.00481695 9.99473E-05 0.0801075 9.99473E-05 0.914476 9.99473E-05 9.99473E-05
0.0308164 9.99385E-05 9.99385E-05 9.99385E-05 9.99385E-05 9.99385E-05 0.968484 9.99385E-05 9.99385E-05
9.99472E-05 0.0168406 9.99472E-05 9.99472E-05 0.0213965 9.99472E-05 0.961163 9.99472E-05 9.99472E-05
9.99385E-05 0.0519795 9.99385E-05 9.99385E-05 9.99385E-05 9.99385E-05 0.947321 9.99385E-05 9.99385E-05
9.99384E-05 9.99384E-05 9.99384E-05 9.99384E-05 0.13204 9.99384E-05 0.86726 9.99384E-05 9.99384E-05
9.99472E-05 0.128962 9.99472E-05 9.99472E-05 0.0453093 9.99472E-05 0.825129 9.99472E-05 9.99472E-05
9.99384E-05 9.99384E-05 9.99384E-05 9.99384E-05 0.0130824 9.99384E-05 0.986218 9.99384E-05 9.99384E-05
9.9956E-05 0.0190083 9.9956E-05 0.0420481 0.131182 9.9956E-05 0.807261 9.9956E-05 9.9956E-05
9.993E-05 9.993E-05 9.993E-05 9.993E-05 9.993E-05 9.993E-05 0.999201 9.993E-05 9.993E-05
9.993E-05 9.993E-05 9.993E-05 9.993E-05 9.993E-05 9.993E-05 0.999201 9.993E-05 9.993E-05
9.993E-05 9.993E-05 9.993E-05 9.993E-05 9.993E-05 9.993E-05 0.999201 9.993E-05 9.993E-05
