9.99561E-05 9.99561E-05 9.99561E-05 9.99561E-05 0.152669 0.0223466 9.99561E-05 0.824485
9.9965E-05 9.9965E-05 0.0491449 9.9965E-05 0.0636584 0.016222 9.9965E-05 0.870575
0.0132802 9.9965E-05 0.063116 9.9965E-05 9.9965E-05 9.9965E-05 0.0159174 0.907287
9.99737E-05 9.99737E-05 0.431934 0.115724 0.0807045 9.99737E-05 0.0273668 0.343972
9.99563E-05 9.99563E-05 0.300798 0.11902 9.99563E-05 9.99563E-05 9.99563E-05 0.579682
9.99737E-05 0.176567 0.347434 0.191004 9.99737E-05 0.00341302 9.99737E-05 0.281281
0.0849564 9.99649E-05 0.242226 9.99649E-05 0.165044 9.99649E-05 9.99649E-05 0.507374
0.109448 0.206003 0.377065 9.99825E-05 0.0281005 0.065152 9.99825E-05 0.214031
9.996E-05 0.252472 0.125371 9.996E-05 9.996E-05 9.996E-05 0.0554574 0.566301
9.99562E-05 9.99562E-05 0.0426158 9.99562E-05 9.99562E-05 0.0425936 9.99562E-05 0.914291
9.99474E-05 9.99474E-05 9.99474E-05 9.99474E-05 0.233988 9.99474E-05 9.99474E-05 0.765413
0.0207349 9.9965E-05 0.0889674 9.9965E-05 0.0407946 9.9965E-05 9.9965E-05 0.849103
9.995E-05 9.995E-05 0.0687144 9.995E-05 0.0103542 9.995E-05 9.995E-05 0.920432
0.0455546 9.9965E-05 9.9965E-05 0.216641 0.106302 9.9965E-05 9.9965E-05 0.631102
9.99649E-05 0.112274 0.120111 0.0985987 9.99649E-05 9.99649E-05 9.99649E-05 0.668617
0.132165 0.216497 0.206008 9.99737E-05 0.000490865 9.99737E-05 9.99737E-05 0.44454
0.119551 9.99737E-05 0.0275853 0.1367 0.0587001 9.99737E-05 9.99737E-05 0.657164
9.998E-05 0.0517479 0.039788 9.998E-05 0.00414571 0.207059 0.121268 0.575792
9.99737E-05 0.116227 0.213724 9.99737E-05 0.0360272 0.016249 9.99737E-05 0.617473
9.99563E-05 9.99563E-05 9.99563E-05 9.99563E-05 0.00301369 9.99563E-05 0.0163195 0.980167
0.00837248 0.0241892 0.334455 0.00278744 0.108407 0.0292462 9.99912E-05 0.492443
9.99737E-05 0.17989 0.515944 9.99737E-05 0.00229661 0.00181418 9.99737E-05 0.299756
9.99475E-05 9.99475E-05 9.99475E-05 9.99475E-05 0.171174 9.99475E-05 9.99475E-05 0.828226
0.148058 9.99561E-05 0.010551 9.99561E-05 9.99561E-05 9.99561E-05 9.99561E-05 0.840891
0.0385771 0.0697532 9.99824E-05 0.144204 0.0620246 9.99824E-05 0.191637 0.493604
9.99562E-05 9.99562E-05 0.160495 0.0601296 9.99562E-05 9.99562E-05 9.99562E-05 0.778875
0.109301 0.0524655 0.0279138 0.211051 0.0842632 0.132773 9.99912E-05 0.382133
9.99562E-05 9.99562E-05 0.186927 0.041673 9.99562E-05 9.99562E-05 9.99562E-05 0.7709
9.99562E-05 9.99562E-05 9.99562E-05 0.0568631 0.0647991 9.99562E-05 9.99562E-05 0.877838
9.9965E-05 9.9965E-05 0.0483543 0.117123 0.0396586 9.9965E-05 9.9965E-05 0.794464
9.99649E-05 9.99649E-05 0.0436299 9.99649E-05 0.238953 9.99649E-05 0.0155375 0.70148
9.99649E-05 9.99649E-05 0.135398 0.316556 0.0879658 9.99649E-05 9.99649E-05 0.459681
0.0958899 9.99649E-05 9.99649E-05 9.99649E-05 0.122923 9.99649E-05 0.0129085 0.767879
0.0177427 9.99825E-05 0.118871 0.205762 0.0573409 0.0190007 9.99825E-05 0.581083
9.99475E-05 9.99475E-05 9.99475E-05 9.99475E-05 0.0868519 9.99475E-05 9.99475E-05 0.912548
0.0726611 9.9965E-05 0.091039 9.9965E-05 0.114019 9.9965E-05 9.9965E-05 0.721881
0.0935828 9.996E-05 0.0551265 9.996E-05 0.0525896 9.996E-05 9.996E-05 0.798301
9.9965E-05 0.138392 9.9965E-05 0.0277289 9.9965E-05 9.9965E-05 0.107325 0.726154
9.9965E-05 9.9965E-05 0.107772 0.142048 0.0516897 9.9965E-05 9.9965E-05 0.698091
0.168894 9.99562E-05 9.99562E-05 0.203584 9.99562E-05 9.99562E-05 9.99562E-05 0.627022
9.99563E-05 9.99563E-05 0.0737471 9.99563E-05 0.0566744 9.99563E-05 9.99563E-05 0.869079
9.99737E-05 0.0314664 0.0473895 9.99737E-05 0.00317801 0.0123382 9.99737E-05 0.905328
9.9965E-05 9.9965E-05 0.0710918 0.213435 0.0323943 9.9965E-05 9.9965E-05 0.682679
9.997E-05 0.0789158 0.0147299 9.997E-05 0.12704 0.0171312 9.997E-05 0.761883
9.99561E-05 9.99561E-05 0.336797 9.99561E-05 0.00972778 9.99561E-05 9.99561E-05 0.652976
9.99475E-05 9.99475E-05 0.138719 9.99475E-05 9.99475E-05 9.99475E-05 9.99475E-05 0.860681
9.99562E-05 9.99562E-05 9.99562E-05 9.99562E-05 0.0776321 0.0257314 9.99562E-05 0.896137
0.064775 9.9965E-05 0.0476978 9.9965E-05 0.00734697 9.9965E-05 9.9965E-05 0.87978
9.99562E-05 9.99562E-05 0.0706728 9.99562E-05 0.0854386 9.99562E-05 9.99562E-05 0.843389
0.0872325 9.99651E-05 0.0625404 9.99651E-05 0.0651548 9.99651E-05 9.99651E-05 0.784672
9.99737E-05 0.0281138 0.128767 0.129211 0.13728 9.99737E-05 9.99737E-05 0.576328
0.0768696 9.99737E-05 0.224288 9.99737E-05 0.00815673 9.99737E-05 0.0759144 0.614471
0.0384191 9.99563E-05 9.99563E-05 9.99563E-05 9.99563E-05 0.0355004 9.99563E-05 0.925581
0.185833 9.99738E-05 0.00926325 0.0770561 0.0971267 9.99738E-05 9.99738E-05 0.630421
0.00967638 9.99563E-05 0.134618 9.99563E-05 9.99563E-05 9.99563E-05 9.99563E-05 0.855205
0.00549201 9.99825E-05 0.122235 0.224492 0.0740958 9.99825E-05 0.017884 0.555602
9.996E-05 9.996E-05 0.175144 9.996E-05 0.0133819 0.0415393 9.996E-05 0.769535
9.995E-05 9.995E-05 0.0448718 9.995E-05 0.086837 9.995E-05 9.995E-05 0.867791
9.99562E-05 9.99562E-05 0.0841782 9.99562E-05 0.039067 9.99562E-05 9.99562E-05 0.876255
9.99737E-05 0.137037 9.99737E-05 0.0508519 0.102668 0.130353 9.99737E-05 0.578791
0.12912 9.9965E-05 0.119191 9.9965E-05 0.00963609 9.9965E-05 9.9965E-05 0.741654
0.101012 0.0687921 9.99825E-05 0.184712 0.0474148 0.172832 9.99825E-05 0.425037
0.0329934 0.303363 9.99824E-05 0.284851 0.0156572 0.0702066 9.99824E-05 0.29273
0.074095 0.158344 0.122482 9.999E-05 0.0274331 0.0850506 0.0278043 0.504691
9.99736E-05 0.201576 9.99736E-05 0.0584393 0.0671706 0.118713 9.99736E-05 0.553801
0.010459 0.153229 0.0525373 9.99824E-05 0.123813 0.0405798 9.99824E-05 0.619182
9.99649E-05 0.201466 9.99649E-05 0.0957571 9.99649E-05 0.307512 9.99649E-05 0.394865
0.0158567 0.0415931 9.99825E-05 0.183034 0.00198751 0.108389 9.99825E-05 0.64894
9.99824E-05 0.0746577 0.0960862 0.0220079 0.13549 0.0141754 9.99824E-05 0.657383
9.997E-05 0.164406 9.997E-05 9.997E-05 0.213792 0.057241 0.0119746 0.552287
0.212079 0.173314 0.0859829 9.997E-05 0.128682 9.997E-05 9.997E-05 0.399642
0.134847 0.135877 0.148773 0.0542005 0.20205 9.99824E-05 9.99824E-05 0.324052
0.07032 0.110515 0.141234 9.99648E-05 9.99648E-05 9.99648E-05 9.99648E-05 0.677531
0.154394 0.00281684 9.99737E-05 0.260684 0.0765691 9.99737E-05 9.99737E-05 0.505236
9.998E-05 0.117247 0.0137243 0.187135 0.04101 0.0490287 9.998E-05 0.591655
0.12093 0.0769308 0.204599 0.0844236 9.998E-05 0.155483 9.998E-05 0.357433
9.997E-05 0.164127 0.138279 9.997E-05 0.225327 0.0755162 9.997E-05 0.39645
9.99649E-05 0.110348 9.99649E-05 9.99649E-05 0.0807527 0.1703 9.99649E-05 0.638199
0.166943 0.0423687 9.99824E-05 0.0623229 0.0639104 0.0461449 9.99824E-05 0.61811
0.128841 9.99737E-05 9.99737E-05 0.149308 0.0487173 0.0100998 9.99737E-05 0.662734
0.0603528 0.10878 0.0663279 9.998E-05 0.040991 0.127238 9.998E-05 0.596111
0.0314659 0.0579612 9.998E-05 0.209145 0.0829963 0.0783534 9.998E-05 0.539878
0.220882 0.0699322 0.0910979 0.118175 9.99824E-05 0.163269 9.99824E-05 0.336445
9.99737E-05 0.0281366 0.0520124 0.0643287 0.278111 9.99737E-05 9.99737E-05 0.577112
9.9965E-05 0.125852 0.0413236 9.9965E-05 0.0960722 9.9965E-05 9.9965E-05 0.736352
0.0255921 9.9965E-05 9.9965E-05 0.074152 9.9965E-05 0.123751 9.9965E-05 0.776105
0.099982 0.0696921 9.998E-05 9.998E-05 0.0180325 0.0726031 0.0195653 0.719925
9.9965E-05 0.128395 0.0452195 9.9965E-05 9.9965E-05 0.258954 9.9965E-05 0.567032
0.0144339 0.181778 9.997E-05 0.104207 9.997E-05 9.997E-05 0.000729884 0.698552
9.99561E-05 0.130973 0.0191224 0.849405 9.99561E-05 9.99561E-05 9.99561E-05 9.99561E-05
9.994E-05 9.994E-05 9.994E-05 0.9993 9.994E-05 9.994E-05 9.994E-05 9.994E-05
0.00392675 0.0192023 0.0450924 0.867787 0.0427338 0.0210582 9.998E-05 9.998E-05
9.99648E-05 0.108189 9.99648E-05 0.814931 0.0304313 0.0460485 9.99648E-05 9.99648E-05
9.99648E-05 0.164924 9.99648E-05 0.734863 9.99648E-05 0.0402189 0.0595942 9.99648E-05
9.9956E-05 0.218949 9.9956E-05 0.766572 9.9956E-05 9.9956E-05 0.013979 9.9956E-05
9.99648E-05 0.0746753 9.99648E-05 0.772637 0.127136 0.0251517 9.99648E-05 9.99648E-05
9.99648E-05 0.360982 9.99648E-05 0.610099 9.99648E-05 0.00509539 0.0234241 9.99648E-05
0.0267711 0.533171 9.996E-05 0.368355 0.0713025 9.996E-05 9.996E-05 9.996E-05
9.99736E-05 0.336535 0.0165504 0.450334 9.99736E-05 0.0461956 9.99736E-05 0.150086
9.99561E-05 0.116991 9.99561E-05 0.86177 0.0207391 9.99561E-05 9.99561E-05 9.99561E-05
9.99649E-05 0.0969624 9.99649E-05 0.834766 0.0244193 9.99649E-05 9.99649E-05 0.0434524
9.99473E-05 0.0931328 9.99473E-05 0.906268 9.99473E-05 9.99473E-05 9.99473E-05 9.99473E-05
9.99649E-05 0.146768 9.99649E-05 0.787698 0.0555672 9.99649E-05 9.99649E-05 0.00956724
9.99649E-05 0.0935985 9.99649E-05 0.70859 9.99649E-05 0.181992 0.0154188 9.99649E-05
9.998E-05 0.160352 9.998E-05 0.651258 0.0555252 0.00773059 0.0351167 0.0898171
9.99648E-05 0.186725 9.99648E-05 0.658827 9.99648E-05 9.99648E-05 0.0900044 0.0640443
0.0272939 0.0936085 0.0803569 0.77255 0.0258906 9.99737E-05 9.99737E-05 9.99737E-05
9.99473E-05 9.99473E-05 0.0709022 0.928498 9.99473E-05 9.99473E-05 9.99473E-05 9.99473E-05
9.99649E-05 0.0224089 9.99649E-05 0.762417 0.000911847 9.99649E-05 0.213862 9.99649E-05
9.99561E-05 0.151252 9.99561E-05 0.769981 9.99561E-05 0.0782667 9.99561E-05 9.99561E-05
9.9956E-05 0.0860691 9.9956E-05 0.869582 0.0438495 9.9956E-05 9.9956E-05 9.9956E-05
9.996E-05 0.374723 0.00508992 0.481729 9.996E-05 9.996E-05 0.138059 9.996E-05
9.99561E-05 0.183552 9.99561E-05 0.812974 9.99561E-05 9.99561E-05 0.00297424 9.99561E-05
9.99736E-05 0.343862 9.99736E-05 0.436989 0.05349 9.99736E-05 0.0850762 0.0802827
9.99561E-05 0.221345 9.99561E-05 0.751774 9.99561E-05 9.99561E-05 9.99561E-05 0.026381
9.99475E-05 9.99475E-05 9.99475E-05 0.93114 9.99475E-05 9.99475E-05 0.06826 9.99475E-05
9.99648E-05 0.166392 0.0860539 0.694486 9.99648E-05 9.99648E-05 0.0526681 9.99648E-05
9.99648E-05 0.290004 9.99648E-05 0.593808 9.99648E-05 9.99648E-05 0.0258451 0.0899431
9.99649E-05 9.99649E-05 0.049388 0.852886 0.0843198 0.0130068 9.99649E-05 9.99649E-05
0.00402359 0.0988665 9.99736E-05 0.783824 0.0552586 9.99736E-05 9.99736E-05 0.0577276
0.0218196 9.99648E-05 9.99648E-05 0.916192 0.0167537 9.99648E-05 0.0448345 9.99648E-05
9.99648E-05 0.343367 9.99648E-05 0.385496 0.0146102 9.99648E-05 0.256127 9.99648E-05
9.99648E-05 0.150409 0.00667101 0.693265 9.99648E-05 9.99648E-05 0.149255 9.99648E-05
9.994E-05 9.994E-05 9.994E-05 0.9993 9.994E-05 9.994E-05 9.994E-05 9.994E-05
0.0104106 0.167696 9.99648E-05 0.797444 0.0240498 9.99648E-05 9.99648E-05 9.99648E-05
9.99648E-05 0.174092 9.99648E-05 0.71596 0.0793668 0.0301818 9.99648E-05 9.99648E-05
9.99474E-05 0.0334186 9.99474E-05 0.965982 9.99474E-05 9.99474E-05 9.99474E-05 9.99474E-05
9.99474E-05 9.99474E-05 9.99474E-05 0.985477 9.99474E-05 9.99474E-05 0.0139233 9.99474E-05
9.99474E-05 0.028323 9.99474E-05 0.971077 9.99474E-05 9.99474E-05 9.99474E-05 9.99474E-05
9.99474E-05 9.99474E-05 9.99474E-05 0.995373 0.00402751 9.99474E-05 9.99474E-05 9.99474E-05
9.997E-05 0.293252 0.00892752 0.540284 0.0252139 9.997E-05 9.997E-05 0.132022
9.99561E-05 0.217263 0.0911443 0.691093 9.99561E-05 9.99561E-05 9.99561E-05 9.99561E-05
9.99562E-05 0.127543 9.99562E-05 0.819685 9.99562E-05 9.99562E-05 0.0522724 9.99562E-05
9.994E-05 9.994E-05 9.994E-05 0.9993 9.994E-05 9.994E-05 9.994E-05 9.994E-05
9.997E-05 0.370748 9.997E-05 0.44351 0.00571555 0.0220548 0.157672 9.997E-05
9.99736E-05 0.175473 9.99736E-05 0.657968 0.0480639 0.0389699 9.99736E-05 0.079225
0.151399 0.262281 9.99649E-05 0.570563 9.99649E-05 9.99649E-05 9.99649E-05 0.0153579
9.99736E-05 0.412014 9.99736E-05 0.389484 0.0340075 9.99736E-05 0.0918318 0.0723625
9.994E-05 9.994E-05 9.994E-05 0.9993 9.994E-05 9.994E-05 9.994E-05 9.994E-05
0.0789036 0.0458112 0.150101 0.625729 0.0470663 9.99824E-05 0.052189 9.99824E-05
9.99562E-05 0.11606 9.99562E-05 0.875508 0.00793154 9.99562E-05 9.99562E-05 9.99562E-05
9.99562E-05 0.144412 9.99562E-05 0.829005 9.99562E-05 0.0260828 9.99562E-05 9.99562E-05
0.185839 0.127515 9.99561E-05 0.686146 9.99561E-05 9.99561E-05 9.99561E-05 9.99561E-05
0.00212502 9.99648E-05 9.99648E-05 0.88625 0.0450518 0.0661731 9.99648E-05 9.99648E-05
9.99736E-05 0.359641 0.0352529 0.43248 9.99736E-05 9.99736E-05 0.0382667 0.134059
9.9956E-05 0.277797 9.9956E-05 0.696391 9.9956E-05 9.9956E-05 0.0253125 9.9956E-05
0.0624184 0.118281 9.997E-05 0.697703 0.076121 9.997E-05 0.0451767 9.997E-05
9.99473E-05 9.99473E-05 9.99473E-05 0.805029 9.99473E-05 9.99473E-05 0.194372 9.99473E-05
9.99473E-05 0.231653 9.99473E-05 0.767747 9.99473E-05 9.99473E-05 9.99473E-05 9.99473E-05
9.99559E-05 9.99559E-05 9.99559E-05 9.99559E-05 9.99559E-05 0.00508466 0.0495406 0.944875
9.994E-05 0.9993 9.994E-05 9.994E-05 9.994E-05 9.994E-05 9.994E-05 9.994E-05
9.99471E-05 9.99471E-05 9.99471E-05 9.99471E-05 9.99471E-05 9.99471E-05 0.0304395 0.968961
9.994E-05 0.9993 9.994E-05 9.994E-05 9.994E-05 9.994E-05 9.994E-05 9.994E-05
9.994E-05 0.9993 9.994E-05 9.994E-05 9.994E-05 9.994E-05 9.994E-05 9.994E-05
9.994E-05 0.9993 9.994E-05 9.994E-05 9.994E-05 9.994E-05 9.994E-05 9.994E-05
9.99471E-05 0.0050694 9.99471E-05 9.99471E-05 9.99471E-05 9.99471E-05 9.99471E-05 0.994331
9.994E-05 0.9993 9.994E-05 9.994E-05 9.994E-05 9.994E-05 9.994E-05 9.994E-05
9.994E-05 0.9993 9.994E-05 9.994E-05 9.994E-05 9.994E-05 9.994E-05 9.994E-05
9.99471E-05 0.0092056 9.99471E-05 9.99471E-05 9.99471E-05 9.99471E-05 9.99471E-05 0.990195
9.99471E-05 0.0434181 9.99471E-05 9.99471E-05 9.99471E-05 9.99471E-05 9.99471E-05 0.955982
9.99559E-05 0.0168374 9.99559E-05 9.99559E-05 9.99559E-05 9.99559E-05 0.0548713 0.927792
9.994E-05 0.9993 9.994E-05 9.994E-05 9.994E-05 9.994E-05 9.994E-05 9.994E-05
9.994E-05 0.9993 9.994E-05 9.994E-05 9.994E-05 9.994E-05 9.994E-05 9.994E-05
9.99559E-05 9.99559E-05 9.99559E-05 9.99559E-05 9.99559E-05 0.0567114 0.023855 0.918934
9.99471E-05 9.99471E-05 9.99471E-05 9.99471E-05 9.99471E-05 9.99471E-05 0.0810404 0.91836
0.0884276 0.165541 0.0890724 0.517769 9.99736E-05 9.99736E-05 0.13889 9.99736E-05
9.99471E-05 9.99471E-05 9.99471E-05 9.99471E-05 9.99471E-05 9.99471E-05 0.136108 0.863293
9.994E-05 0.9993 9.994E-05 9.994E-05 9.994E-05 9.994E-05 9.994E-05 9.994E-05
9.99471E-05 9.99471E-05 9.99471E-05 9.99471E-05 9.99471E-05 9.99471E-05 0.0018632 0.997537
9.99559E-05 0.106839 9.99559E-05 9.99559E-05 9.99559E-05 9.99559E-05 0.0310593 0.861602
9.994E-05 9.994E-05 9.994E-05 9.994E-05 9.994E-05 9.994E-05 9.994E-05 0.9993
9.994E-05 0.9993 9.994E-05 9.994E-05 9.994E-05 9.994E-05 9.994E-05 9.994E-05
9.99471E-05 0.0951768 9.99471E-05 9.99471E-05 9.99471E-05 9.99471E-05 9.99471E-05 0.904224
9.994E-05 0.9993 9.994E-05 9.994E-05 9.994E-05 9.994E-05 9.994E-05 9.994E-05
9.99471E-05 0.011098 9.99471E-05 9.99471E-05 9.99471E-05 9.99471E-05 9.99471E-05 0.988302
9.99471E-05 0.0413066 9.99471E-05 9.99471E-05 9.99471E-05 9.99471E-05 9.99471E-05 0.958094
9.994E-05 0.9993 9.994E-05 9.994E-05 9.994E-05 9.994E-05 9.994E-05 9.994E-05
9.994E-05 0.9993 9.994E-05 9.994E-05 9.994E-05 9.994E-05 9.994E-05 9.994E-05
9.994E-05 0.9993 9.994E-05 9.994E-05 9.994E-05 9.994E-05 9.994E-05 9.994E-05
9.99471E-05 9.99471E-05 9.99471E-05 9.99471E-05 9.99471E-05 9.99471E-05 0.0287221 0.970678
9.99471E-05 9.99471E-05 9.99471E-05 9.99471E-05 9.99471E-05 9.99471E-05 0.0548433 0.944557
9.994E-05 9.994E-05 9.994E-05 9.994E-05 9.994E-05 9.994E-05 9.994E-05 0.9993
9.99471E-05 0.0137316 9.99471E-05 9.99471E-05 9.99471E-05 9.99471E-05 9.99471E-05 0.985669
9.99559E-05 0.08865 9.99559E-05 9.99559E-05 9.99559E-05 9.99559E-05 0.0715705 0.83928
9.994E-05 0.9993 9.994E-05 9.994E-05 9.994E-05 9.994E-05 9.994E-05 9.994E-05
9.994E-05 0.9993 9.994E-05 9.994E-05 9.994E-05 9.994E-05 9.994E-05 9.994E-05
9.994E-05 0.9993 9.994E-05 9.994E-05 9.994E-05 9.994E-05 9.994E-05 9.994E-05
9.99559E-05 0.00214192 9.99559E-05 9.99559E-05 9.99559E-05 9.99559E-05 0.00283493 0.994523
9.994E-05 0.9993 9.994E-05 9.994E-05 9.994E-05 9.994E-05 9.994E-05 9.994E-05
9.994E-05 0.9993 9.994E-05 9.994E-05 9.994E-05 9.994E-05 9.994E-05 9.994E-05
9.994E-05 0.9993 9.994E-05 9.994E-05 9.994E-05 9.994E-05 9.994E-05 9.994E-05
9.994E-05 0.9993 9.994E-05 9.994E-05 9.994E-05 9.994E-05 9.994E-05 9.994E-05
9.99471E-05 0.0602664 9.99471E-05 9.99471E-05 9.99471E-05 9.99471E-05 9.99471E-05 0.939134
9.994E-05 0.9993 9.994E-05 9.994E-05 9.994E-05 9.994E-05 9.994E-05 9.994E-05
9.994E-05 0.9993 9.994E-05 9.994E-05 9.994E-05 9.994E-05 9.994E-05 9.994E-05
0.139857 0.0777383 0.105331 0.594 9.99736E-05 9.99736E-05 0.0827732 9.99736E-05
9.99559E-05 0.0138035 9.99559E-05 9.99559E-05 9.99559E-05 9.99559E-05 0.0743752 0.911321
9.994E-05 0.9993 9.994E-05 9.994E-05 9.994E-05 9.994E-05 9.994E-05 9.994E-05
9.994E-05 0.9993 9.994E-05 9.994E-05 9.994E-05 9.994E-05 9.994E-05 9.994E-05
9.994E-05 0.9993 9.994E-05 9.994E-05 9.994E-05 9.994E-05 9.994E-05 9.994E-05
9.994E-05 0.9993 9.994E-05 9.994E-05 9.994E-05 9.994E-05 9.994E-05 9.994E-05
9.99559E-05 0.0481142 9.99559E-05 9.99559E-05 9.99559E-05 9.99559E-05 0.0153493 0.936037
9.994E-05 0.9993 9.994E-05 9.994E-05 9.994E-05 9.994E-05 9.994E-05 9.994E-05
9.99559E-05 0.0215636 9.99559E-05 9.99559E-05 9.99559E-05 9.99559E-05 0.00612162 0.971815
9.994E-05 0.9993 9.994E-05 9.994E-05 9.994E-05 9.994E-05 9.994E-05 9.994E-05
9.99471E-05 9.99471E-05 9.99471E-05 9.99471E-05 9.99471E-05 9.99471E-05 0.0295589 0.969841
9.994E-05 0.9993 9.994E-05 9.994E-05 9.994E-05 9.994E-05 9.994E-05 9.994E-05
9.994E-05 0.9993 9.994E-05 9.994E-05 9.994E-05 9.994E-05 9.994E-05 9.994E-05
9.994E-05 0.9993 9.994E-05 9.994E-05 9.994E-05 9.994E-05 9.994E-05 9.994E-05
9.994E-05 0.9993 9.994E-05 9.994E-05 9.994E-05 9.994E-05 9.994E-05 9.994E-05
9.994E-05 0.9993 9.994E-05 9.994E-05 9.994E-05 9.994E-05 9.994E-05 9.994E-05
9.994E-05 0.9993 9.994E-05 9.994E-05 9.994E-05 9.994E-05 9.994E-05 9.994E-05
9.99471E-05 0.0360384 9.99471E-05 9.99471E-05 9.99471E-05 9.99471E-05 9.99471E-05 0.963362
9.99559E-05 0.0336593 9.99559E-05 9.99559E-05 9.99559E-05 9.99559E-05 0.0125431 0.953298
9.99471E-05 9.99471E-05 9.99471E-05 9.99471E-05 9.99471E-05 9.99471E-05 0.0806406 0.91876
9.994E-05 0.9993 9.994E-05 9.994E-05 9.994E-05 9.994E-05 9.994E-05 9.994E-05
9.99471E-05 0.0528152 9.99471E-05 9.99471E-05 9.99471E-05 9.99471E-05 9.99471E-05 0.946585
9.99471E-05 0.0503954 9.99471E-05 9.99471E-05 9.99471E-05 9.99471E-05 9.99471E-05 0.949005
9.99471E-05 0.0587412 9.99471E-05 9.99471E-05 9.99471E-05 9.99471E-05 9.99471E-05 0.940659
9.994E-05 0.9993 9.994E-05 9.994E-05 9.994E-05 9.994E-05 9.994E-05 9.994E-05
9.994E-05 0.9993 9.994E-05 9.994E-05 9.994E-05 9.994E-05 9.994E-05 9.994E-05
9.994E-05 0.9993 9.994E-05 9.994E-05 9.994E-05 9.994E-05 9.994E-05 9.994E-05
9.99471E-05 9.99471E-05 9.99471E-05 9.99471E-05 9.99471E-05 9.99471E-05 0.012396 0.987004
9.994E-05 0.9993 9.994E-05 9.994E-05 9.994E-05 9.994E-05 9.994E-05 9.994E-05
9.994E-05 0.9993 9.994E-05 9.994E-05 9.994E-05 9.994E-05 9.994E-05 9.994E-05
9.994E-05 9.994E-05 9.994E-05 9.994E-05 9.994E-05 9.994E-05 9.994E-05 0.9993
9.994E-05 0.9993 9.994E-05 9.994E-05 9.994E-05 9.994E-05 9.994E-05 9.994E-05
9.994E-05 0.9993 9.994E-05 9.994E-05 9.994E-05 9.994E-05 9.994E-05 9.994E-05
0.103598 0.165241 9.999E-05 0.372704 0.128116 0.0500868 0.059599 0.120555
9.99559E-05 0.027081 9.99559E-05 9.99559E-05 9.99559E-05 9.99559E-05 0.0628031 0.909616
9.994E-05 0.9993 9.994E-05 9.994E-05 9.994E-05 9.994E-05 9.994E-05 9.994E-05
0.0632354 0.47546 9.99561E-05 0.460805 9.99561E-05 9.99561E-05 9.99561E-05 9.99561E-05
9.99648E-05 0.270987 0.0920106 0.578654 9.99648E-05 9.99648E-05 0.0579486 9.99648E-05
9.99648E-05 0.252825 9.99648E-05 0.580333 9.99648E-05 9.99648E-05 0.11983 0.0466122
0.0532351 9.99648E-05 9.99648E-05 0.818929 9.99648E-05 0.0902547 0.0371813 9.99648E-05
9.9956E-05 0.386518 9.9956E-05 0.589011 9.9956E-05 9.9956E-05 9.9956E-05 0.023971
9.99475E-05 0.148991 9.99475E-05 0.850409 9.99475E-05 9.99475E-05 9.99475E-05 9.99475E-05
9.99824E-05 0.313263 0.0747402 0.430441 0.018086 9.99824E-05 0.0431657 0.120104
9.99736E-05 0.217209 9.99736E-05 0.647176 0.0555788 0.0563418 0.0233942 9.99736E-05
9.99474E-05 0.157043 9.99474E-05 0.842357 9.99474E-05 9.99474E-05 9.99474E-05 9.99474E-05
0.0474668 9.99648E-05 0.0568406 0.839658 9.99648E-05 9.99648E-05 0.0556343 9.99648E-05
9.995E-05 0.085198 9.995E-05 0.853045 0.0612572 9.995E-05 9.995E-05 9.995E-05
9.99473E-05 0.593813 9.99473E-05 0.405587 9.99473E-05 9.99473E-05 9.99473E-05 9.99473E-05
0.165875 0.202736 9.997E-05 0.313284 9.997E-05 0.0833605 9.997E-05 0.234444
9.9956E-05 0.0286112 9.9956E-05 0.790728 9.9956E-05 0.180161 9.9956E-05 9.9956E-05
9.99648E-05 0.144013 0.0350878 0.745621 0.0748784 9.99648E-05 9.99648E-05 9.99648E-05
9.99649E-05 0.401731 0.0533025 0.508717 0.035849 9.99649E-05 9.99649E-05 9.99649E-05
9.99649E-05 0.296207 9.99649E-05 0.676288 9.99649E-05 0.00729064 0.0198149 9.99649E-05
0.085556 0.122806 9.999E-05 0.515733 0.0778449 0.0246704 0.00386001 0.16943
9.99648E-05 0.224601 9.99648E-05 0.642847 0.0360262 9.99648E-05 0.0961256 9.99648E-05
9.9956E-05 0.268345 0.251368 0.479787 9.9956E-05 9.9956E-05 9.9956E-05 9.9956E-05
9.99648E-05 0.181752 0.149003 0.668179 9.99648E-05 9.99648E-05 0.00066627 9.99648E-05
0.0297376 0.282789 9.99561E-05 0.686974 9.99561E-05 9.99561E-05 9.99561E-05 9.99561E-05
0.128582 0.145302 9.998E-05 0.594857 0.0288041 0.022743 0.0795116 9.998E-05
9.99736E-05 0.226884 9.99736E-05 0.722463 0.00568018 0.0279387 0.0167341 9.99736E-05
9.9956E-05 0.0825747 9.9956E-05 0.796307 9.9956E-05 0.120619 9.9956E-05 9.9956E-05
9.99474E-05 0.0558844 9.99474E-05 0.943516 9.99474E-05 9.99474E-05 9.99474E-05 9.99474E-05
9.997E-05 0.130265 0.031199 0.779561 9.997E-05 0.0581218 0.000553256 9.997E-05
0.00531495 0.360522 9.998E-05 0.536216 9.998E-05 0.0445696 0.0225436 0.0306336
0.0305867 9.99648E-05 0.0469907 0.841218 9.99648E-05 0.0808046 9.99648E-05 9.99648E-05
9.99824E-05 0.246241 0.0101738 0.466419 0.0128207 0.138854 0.125292 9.99824E-05
9.99648E-05 0.472726 0.114596 0.396239 0.0160395 9.99648E-05 9.99648E-05 9.99648E-05
9.99561E-05 0.317618 9.99561E-05 0.681162 0.000720539 9.99561E-05 9.99561E-05 9.99561E-05
9.9956E-05 0.323252 0.0861818 0.590066 9.9956E-05 9.9956E-05 9.9956E-05 9.9956E-05
9.99648E-05 0.250974 0.162022 0.53703 0.0495749 9.99648E-05 9.99648E-05 9.99648E-05
9.99648E-05 0.178604 9.99648E-05 0.653276 0.0990946 0.068626 9.99648E-05 9.99648E-05
9.99648E-05 0.0679844 0.00783919 0.905619 9.99648E-05 9.99648E-05 0.0181574 9.99648E-05
9.994E-05 9.994E-05 9.994E-05 0.9993 9.994E-05 9.994E-05 9.994E-05 9.994E-05
0.13983 0.0305363 9.998E-05 0.633739 0.102673 0.0142463 9.998E-05 0.0787749
0.0852728 0.00714925 9.997E-05 0.822654 0.0624379 9.997E-05 0.0221859 9.997E-05
9.995E-05 0.230553 0.298063 0.470885 9.995E-05 9.995E-05 9.995E-05 9.995E-05
9.99648E-05 0.140722 9.99648E-05 0.811651 9.99648E-05 0.0174086 0.0298179 9.99648E-05
9.997E-05 0.0422987 0.0433568 0.886107 0.00899952 9.997E-05 0.0189379 9.997E-05
9.9956E-05 0.311515 0.22345 0.464535 9.9956E-05 9.9956E-05 9.9956E-05 9.9956E-05
9.99561E-05 0.630466 9.99561E-05 0.357466 9.99561E-05 0.0115682 9.99561E-05 9.99561E-05
9.99648E-05 0.474476 9.99648E-05 0.401573 9.99648E-05 0.0393863 9.99648E-05 0.0841656
9.99736E-05 0.213132 9.99736E-05 0.739481 0.00437599 0.0255955 0.0171159 9.99736E-05
9.994E-05 9.994E-05 9.994E-05 0.9993 9.994E-05 9.994E-05 9.994E-05 9.994E-05
9.99648E-05 0.235271 9.99648E-05 0.709603 0.0113094 9.99648E-05 0.0434164 9.99648E-05
9.994E-05 9.994E-05 9.994E-05 0.9993 9.994E-05 9.994E-05 9.994E-05 9.994E-05
0.0881287 0.282488 0.0721905 0.440267 9.998E-05 0.0228485 9.998E-05 0.0938776
9.99474E-05 0.0664378 9.99474E-05 0.932963 9.99474E-05 9.99474E-05 9.99474E-05 9.99474E-05
9.99648E-05 0.00709919 9.99648E-05 0.664119 0.0602029 9.99648E-05 9.99648E-05 0.268179
9.99736E-05 0.0489548 0.180898 0.492188 0.0877019 9.99736E-05 9.99736E-05 0.189957
9.99473E-05 0.297674 9.99473E-05 0.701726 9.99473E-05 9.99473E-05 9.99473E-05 9.99473E-05
9.99649E-05 0.149722 0.103292 0.707069 9.99649E-05 9.99649E-05 0.0395169 9.99649E-05
9.99473E-05 0.333981 9.99473E-05 0.665419 9.99473E-05 9.99473E-05 9.99473E-05 9.99473E-05
9.99562E-05 0.0169514 9.99562E-05 0.864053 9.99562E-05 9.99562E-05 9.99562E-05 0.118496
9.99473E-05 0.200144 9.99473E-05 0.799256 9.99473E-05 9.99473E-05 9.99473E-05 9.99473E-05
9.99649E-05 0.178727 0.0098804 0.761301 9.99649E-05 9.99649E-05 0.0496917 9.99649E-05
9.99649E-05 0.271852 9.99649E-05 0.60574 9.99649E-05 0.0536601 0.0683488 9.99649E-05
9.994E-05 9.994E-05 9.994E-05 0.9993 9.994E-05 9.994E-05 9.994E-05 9.994E-05
9.99474E-05 0.0665891 9.99474E-05 0.932811 9.99474E-05 9.99474E-05 9.99474E-05 9.99474E-05
9.99474E-05 9.99474E-05 9.99474E-05 0.992614 9.99474E-05 9.99474E-05 0.00678639 9.99474E-05
9.9956E-05 0.10286 9.9956E-05 0.823254 0.0733861 9.9956E-05 9.9956E-05 9.9956E-05
9.9956E-05 0.271913 9.9956E-05 0.61887 9.9956E-05 9.9956E-05 0.108718 9.9956E-05
0.0713496 0.252787 0.0230377 0.652426 9.99649E-05 9.99649E-05 9.99649E-05 9.99649E-05
9.99474E-05 0.0102569 9.99474E-05 0.989143 9.99474E-05 9.99474E-05 9.99474E-05 9.99474E-05
9.99649E-05 0.369346 0.0899161 0.513664 9.99649E-05 9.99649E-05 0.026674 9.99649E-05
9.99648E-05 0.093809 9.99648E-05 0.752854 0.0599667 9.99648E-05 0.0929708 9.99648E-05
9.99474E-05 0.023368 9.99474E-05 0.976032 9.99474E-05 9.99474E-05 9.99474E-05 9.99474E-05
9.99648E-05 0.129038 9.99648E-05 0.714286 9.99648E-05 9.99648E-05 0.0484373 0.107839
9.99475E-05 9.99475E-05 9.99475E-05 0.845124 9.99475E-05 9.99475E-05 9.99475E-05 0.154277
9.99473E-05 0.369454 9.99473E-05 0.629947 9.99473E-05 9.99473E-05 9.99473E-05 9.99473E-05
0.149229 9.99649E-05 9.99649E-05 0.734664 9.99649E-05 0.0988378 0.0168691 9.99649E-05
9.994E-05 9.994E-05 9.994E-05 0.9993 9.994E-05 9.994E-05 9.994E-05 9.994E-05
9.99561E-05 0.26726 9.99561E-05 0.73107 0.00117002 9.99561E-05 9.99561E-05 9.99561E-05
9.994E-05 9.994E-05 9.994E-05 0.9993 9.994E-05 9.994E-05 9.994E-05 9.994E-05
9.9956E-05 9.9956E-05 0.116437 0.841605 9.9956E-05 0.0414584 9.9956E-05 9.9956E-05
9.99474E-05 0.0423642 9.99474E-05 0.957036 9.99474E-05 9.99474E-05 9.99474E-05 9.99474E-05
9.99561E-05 0.390438 9.99561E-05 0.500246 0.108817 9.99561E-05 9.99561E-05 9.99561E-05
0.0133088 0.191256 9.99736E-05 0.637428 0.0797595 9.99736E-05 0.0779475 9.99736E-05
9.998E-05 0.228016 0.0877354 0.542383 0.0403649 0.048999 0.052302 9.998E-05
9.994E-05 9.994E-05 9.994E-05 0.9993 9.994E-05 9.994E-05 9.994E-05 9.994E-05
9.996E-05 0.255585 9.996E-05 0.669295 0.0388795 9.996E-05 0.035841 9.996E-05
9.99561E-05 0.186475 9.99561E-05 0.56336 9.99561E-05 9.99561E-05 0.249665 9.99561E-05
9.99473E-05 0.0130806 9.99473E-05 0.98632 9.99473E-05 9.99473E-05 9.99473E-05 9.99473E-05
9.99561E-05 0.0765962 9.99561E-05 0.711599 9.99561E-05 0.211305 9.99561E-05 9.99561E-05
9.9956E-05 0.393743 9.9956E-05 0.575776 0.029982 9.9956E-05 9.9956E-05 9.9956E-05
0.0807705 0.138419 9.99736E-05 0.713719 9.99736E-05 9.99736E-05 0.0200888 0.0467028
9.9956E-05 0.245322 9.9956E-05 0.615139 9.9956E-05 9.9956E-05 0.13904 9.9956E-05
9.99737E-05 0.0781294 9.99737E-05 0.589118 9.99737E-05 0.00245284 0.212237 0.117763
9.99648E-05 0.197657 9.99648E-05 0.40385 9.99648E-05 0.135272 9.99648E-05 0.262822
9.996E-05 0.48331 0.0202702 0.482735 9.996E-05 9.996E-05 9.996E-05 0.0132843
9.99648E-05 0.137607 9.99648E-05 0.566015 0.194987 9.99648E-05 0.100991 9.99648E-05
9.99473E-05 0.281397 9.99473E-05 0.718003 9.99473E-05 9.99473E-05 9.99473E-05 9.99473E-05
9.99474E-05 0.0777894 9.99474E-05 0.921611 9.99474E-05 9.99474E-05 9.99474E-05 9.99474E-05
9.99736E-05 0.203111 0.349905 0.444881 9.99736E-05 0.000721458 0.00108141 9.99736E-05
9.99736E-05 0.085818 0.173911 0.65437 0.0567135 9.99736E-05 9.99736E-05 0.0288876
9.99649E-05 9.99649E-05 9.99649E-05 0.739174 0.0490392 0.129184 9.99649E-05 0.0822031
9.997E-05 0.179046 0.0181356 0.433323 9.997E-05 9.997E-05 0.0217574 0.347438
0.0540896 0.207701 0.105973 0.442449 0.0569695 0.079623 0.0530949 9.999E-05
9.9956E-05 0.18017 9.9956E-05 0.709019 9.9956E-05 9.9956E-05 9.9956E-05 0.110312
0.0121904 0.105159 9.99824E-05 0.581064 0.0395715 0.0821004 0.179716 9.99824E-05
9.99474E-05 0.0983339 9.99474E-05 0.901066 9.99474E-05 9.99474E-05 9.99474E-05 9.99474E-05
9.99737E-05 0.103921 9.99737E-05 0.808559 9.99737E-05 0.0223989 0.0064064 0.0584144
9.99561E-05 0.220712 9.99561E-05 0.695516 9.99561E-05 9.99561E-05 9.99561E-05 0.0832722
0.0274763 9.99824E-05 9.99824E-05 0.580191 0.00996989 0.248729 0.0451047 0.0883289
9.99475E-05 0.0915384 9.99475E-05 0.907862 9.99475E-05 9.99475E-05 9.99475E-05 9.99475E-05
9.994E-05 9.994E-05 9.994E-05 0.9993 9.994E-05 9.994E-05 9.994E-05 9.994E-05
9.998E-05 0.0185413 0.0547598 0.766005 0.0296294 0.020196 0.110669 9.998E-05
9.99561E-05 0.0903418 9.99561E-05 0.893431 9.99561E-05 0.0157278 9.99561E-05 9.99561E-05
9.99474E-05 9.99474E-05 9.99474E-05 0.950985 0.0484149 9.99474E-05 9.99474E-05 9.99474E-05
9.9956E-05 0.184237 0.0447256 0.770537 9.9956E-05 9.9956E-05 9.9956E-05 9.9956E-05
9.997E-05 0.0929513 0.10534 0.633547 9.997E-05 9.997E-05 0.0223047 0.145556
0.0325822 9.99736E-05 9.99736E-05 0.578797 0.0922849 9.99736E-05 0.186231 0.109805
9.99473E-05 0.369044 9.99473E-05 0.630357 9.99473E-05 9.99473E-05 9.99473E-05 9.99473E-05
9.9956E-05 0.161014 0.0427464 0.795739 9.9956E-05 9.9956E-05 9.9956E-05 9.9956E-05
9.998E-05 0.0928883 9.998E-05 0.60667 0.00366991 0.140025 0.107225 0.049322
9.99561E-05 9.99561E-05 9.99561E-05 0.951579 0.00776011 9.99561E-05 0.0401607 9.99561E-05
0.0637915 9.99824E-05 0.226337 0.531284 0.0189619 9.99824E-05 0.0134147 0.146011
9.99648E-05 9.99648E-05 0.0261003 0.833934 9.99648E-05 0.137311 0.00225572 9.99648E-05
9.9956E-05 0.307541 9.9956E-05 0.604421 0.0875383 9.9956E-05 9.9956E-05 9.9956E-05
9.99736E-05 0.198904 0.0649126 0.598419 9.99736E-05 9.99736E-05 0.017486 0.119978
9.996E-05 0.192689 0.199956 0.605631 0.00132509 9.996E-05 9.996E-05 9.996E-05
9.99474E-05 0.168554 9.99474E-05 0.830847 9.99474E-05 9.99474E-05 9.99474E-05 9.99474E-05
9.99649E-05 0.197477 9.99649E-05 0.647437 0.143207 0.0114802 9.99649E-05 9.99649E-05
9.99473E-05 9.99473E-05 9.99473E-05 0.985243 9.99473E-05 9.99473E-05 0.0141569 9.99473E-05
9.99475E-05 0.115571 9.99475E-05 0.883829 9.99475E-05 9.99475E-05 9.99475E-05 9.99475E-05
0.0591732 0.229342 9.99648E-05 0.612669 0.0984162 9.99648E-05 9.99648E-05 9.99648E-05
9.99648E-05 0.210945 0.078117 0.641177 9.99648E-05 9.99648E-05 0.0693609 9.99648E-05
9.99736E-05 0.287891 0.202781 0.0729457 0.0426133 9.99736E-05 9.99736E-05 0.393469
9.997E-05 0.189176 0.14649 0.193838 0.0391249 9.997E-05 9.997E-05 0.431071
0.0897839 0.213054 0.172391 9.997E-05 0.12283 9.997E-05 9.997E-05 0.401641
0.204322 0.0988299 9.99737E-05 0.377106 0.0266393 9.99737E-05 9.99737E-05 0.292803
0.151797 0.208764 9.999E-05 0.198682 0.0755689 0.0859711 0.0176444 0.261473
9.9965E-05 0.117243 0.0634634 0.140431 9.9965E-05 9.9965E-05 9.9965E-05 0.678462
9.99736E-05 0.248681 0.0290693 0.0545969 0.0615738 9.99736E-05 9.99736E-05 0.605779
0.179219 0.267635 9.99824E-05 0.0822641 0.125194 9.99824E-05 0.0262264 0.319262
0.130699 0.160005 0.0297995 0.28272 0.0432906 9.998E-05 9.998E-05 0.353286
9.99736E-05 0.320452 0.19685 0.113071 0.00371544 9.99736E-05 9.99736E-05 0.365613
9.999E-05 0.127677 0.102057 0.122637 0.148744 0.0155688 0.0458658 0.43735
9.99649E-05 9.99649E-05 9.99649E-05 0.194888 0.00766234 9.99649E-05 0.306134 0.490915
0.165444 0.219907 0.111958 0.10735 9.99824E-05 9.99824E-05 0.0056113 0.389529
9.9965E-05 0.0460987 9.9965E-05 0.126851 0.0239685 9.9965E-05 9.9965E-05 0.802682
0.0238815 0.0516703 9.99824E-05 0.243474 0.127615 0.00748763 9.99824E-05 0.545671
9.996E-05 0.229855 0.361873 9.996E-05 0.0916349 9.996E-05 9.996E-05 0.316238
9.99736E-05 0.179148 0.0149596 0.14612 0.152562 9.99736E-05 9.99736E-05 0.506911
0.135189 0.0341797 9.99737E-05 0.201767 9.99737E-05 9.99737E-05 0.108429 0.520136
0.200106 0.222525 9.99649E-05 9.99649E-05 0.181822 9.99649E-05 9.99649E-05 0.395147
9.99649E-05 0.290216 0.166062 9.99649E-05 0.00444499 9.99649E-05 9.99649E-05 0.538877
9.99561E-05 0.243205 9.99561E-05 9.99561E-05 0.129934 9.99561E-05 9.99561E-05 0.626362
0.010911 0.112388 0.133069 0.0853395 0.053762 9.998E-05 9.998E-05 0.604331
9.99737E-05 0.0373526 9.99737E-05 0.122572 0.125395 9.99737E-05 0.0644061 0.649975
9.99649E-05 0.521481 9.99649E-05 0.175274 9.99649E-05 0.13834 9.99649E-05 0.164505
9.996E-05 0.54039 9.996E-05 9.996E-05 9.996E-05 0.0739259 0.0527684 0.332516
9.99648E-05 0.558579 9.99648E-05 0.0996624 9.99648E-05 0.0336474 9.99648E-05 0.307712
0.0901561 0.525039 9.997E-05 9.997E-05 9.997E-05 0.0234961 0.0391956 0.321813
0.0341264 0.428723 9.99649E-05 0.0968714 9.99649E-05 9.99649E-05 9.99649E-05 0.439879
9.99473E-05 0.5466 9.99473E-05 9.99473E-05 9.99473E-05 9.99473E-05 9.99473E-05 0.4528
9.997E-05 0.486905 9.997E-05 0.159025 0.0404463 0.176295 9.997E-05 0.137029
9.99649E-05 0.406971 9.99649E-05 0.144093 9.99649E-05 9.99649E-05 0.0128618 0.435674
9.99648E-05 0.398375 9.99648E-05 0.182919 9.99648E-05 0.0823007 9.99648E-05 0.336006
9.9956E-05 0.580158 9.9956E-05 9.9956E-05 0.0637633 9.9956E-05 9.9956E-05 0.355579
9.998E-05 0.393457 0.0408498 0.123315 9.998E-05 0.125534 0.044373 0.272271
9.99649E-05 0.505797 0.000981651 0.0965179 9.99649E-05 9.99649E-05 9.99649E-05 0.396303
9.9956E-05 0.594314 9.9956E-05 9.9956E-05 0.0712003 9.9956E-05 9.9956E-05 0.333986
9.99561E-05 0.524359 9.99561E-05 0.27822 9.99561E-05 9.99561E-05 9.99561E-05 0.196921
9.99562E-05 0.442135 9.99562E-05 0.153463 9.99562E-05 9.99562E-05 9.99562E-05 0.403902
9.997E-05 0.420895 0.164357 0.232701 9.997E-05 0.0220505 9.997E-05 0.159696
9.99649E-05 0.46224 9.99649E-05 0.238328 9.99649E-05 0.142022 9.99649E-05 0.157011
9.99561E-05 0.512014 9.99561E-05 0.170892 9.99561E-05 9.99561E-05 9.99561E-05 0.316594
9.99561E-05 0.574838 9.99561E-05 0.0776512 9.99561E-05 9.99561E-05 9.99561E-05 0.347011
9.99649E-05 0.47715 9.99649E-05 0.057608 0.0596609 9.99649E-05 9.99649E-05 0.405181
9.99736E-05 0.644501 9.99736E-05 0.15489 9.99736E-05 0.0723119 0.0494764 0.0785207
9.99649E-05 0.480432 9.99649E-05 0.0410675 9.99649E-05 0.0242152 9.99649E-05 0.453885
9.9956E-05 0.618584 0.0461521 9.9956E-05 9.9956E-05 9.9956E-05 9.9956E-05 0.334764
9.99474E-05 9.99474E-05 9.99474E-05 0.988614 9.99474E-05 9.99474E-05 0.0107866 9.99474E-05
9.996E-05 0.466104 0.14494 9.996E-05 0.0106267 9.996E-05 9.996E-05 0.377929
9.99649E-05 0.547266 9.99649E-05 0.127316 9.99649E-05 0.0429693 9.99649E-05 0.282049
0.116077 0.327478 9.99736E-05 0.0481308 0.0927446 9.99736E-05 9.99736E-05 0.415269
9.99824E-05 0.45928 0.0279352 0.10689 0.00640886 9.99824E-05 0.0005341 0.398752
9.99736E-05 0.607084 0.0986207 0.0604336 9.99736E-05 9.99736E-05 0.00901721 0.224544
9.99562E-05 0.408335 9.99562E-05 0.253763 9.99562E-05 9.99562E-05 9.99562E-05 0.337402
9.99649E-05 0.514448 9.99649E-05 0.0189815 0.089947 9.99649E-05 9.99649E-05 0.376224
9.996E-05 0.355883 0.019058 9.996E-05 9.996E-05 9.996E-05 0.102062 0.522597
9.99649E-05 0.461819 9.99649E-05 0.0281206 9.99649E-05 0.0361011 9.99649E-05 0.473559
9.99561E-05 0.502657 0.0208226 9.99561E-05 9.99561E-05 9.99561E-05 9.99561E-05 0.476021
9.99561E-05 0.591711 9.99561E-05 9.99561E-05 9.99561E-05 0.0907809 9.99561E-05 0.317008
9.99561E-05 0.455919 9.99561E-05 0.263944 9.99561E-05 9.99561E-05 9.99561E-05 0.279637
9.996E-05 0.556102 0.0343281 0.168662 9.996E-05 9.996E-05 9.996E-05 0.240507
9.99737E-05 0.323174 9.99737E-05 0.140928 0.0280417 0.0446931 9.99737E-05 0.462864
9.99648E-05 0.509855 0.0470326 0.0381864 9.99648E-05 9.99648E-05 9.99648E-05 0.404526
9.99562E-05 0.504911 9.99562E-05 0.0730821 9.99562E-05 9.99562E-05 9.99562E-05 0.421507
9.99562E-05 0.457295 9.99562E-05 0.0569781 9.99562E-05 9.99562E-05 9.99562E-05 0.485227
9.99649E-05 0.418246 9.99649E-05 0.190757 9.99649E-05 0.000158185 9.99649E-05 0.390439
9.998E-05 0.441316 9.998E-05 0.160213 0.0393526 0.0787493 0.00101559 0.279154
9.995E-05 0.555093 9.995E-05 9.995E-05 0.0794737 9.995E-05 9.995E-05 0.364934
0.123719 0.0510301 0.316473 9.99737E-05 0.171899 9.99737E-05 9.99737E-05 0.336579
0.236 0.21051 0.385106 9.997E-05 0.045992 9.997E-05 9.997E-05 0.122092
0.426677 0.270536 9.99737E-05 9.99737E-05 0.21861 9.99737E-05 0.00151734 0.0823595
0.0747166 0.0838415 0.292479 0.0318458 0.155885 9.99912E-05 0.00377627 0.357355
0.100556 0.221898 0.391465 9.997E-05 0.142444 9.997E-05 9.997E-05 0.143338
9.997E-05 0.170167 0.373172 9.997E-05 0.115579 0.0687427 9.997E-05 0.272039
0.0235873 0.0725889 0.419424 9.99736E-05 0.168408 9.99736E-05 9.99736E-05 0.315692
0.200849 0.0588064 0.244677 9.997E-05 0.0745314 9.997E-05 9.997E-05 0.420837
0.314816 0.489764 0.00700472 9.997E-05 0.138124 9.997E-05 9.997E-05 0.0499916
0.1361 0.148581 9.998E-05 9.998E-05 0.214366 0.169081 0.0640206 0.267651
9.99649E-05 0.194726 0.465171 9.99649E-05 0.113676 9.99649E-05 9.99649E-05 0.226027
0.215763 0.244471 0.177267 9.998E-05 0.251029 9.998E-05 0.0296271 0.0816428
0.179354 0.0888121 0.198192 9.99737E-05 0.186544 9.99737E-05 9.99737E-05 0.346798
0.278101 0.17037 0.207882 9.997E-05 0.0938737 9.997E-05 9.997E-05 0.249473
0.282548 0.188603 0.305783 9.997E-05 0.0785144 9.997E-05 9.997E-05 0.144251
0.275185 0.113992 0.142414 0.0219319 0.164009 9.99824E-05 9.99824E-05 0.28227
9.99649E-05 0.14603 0.383851 9.99649E-05 0.114912 9.99649E-05 9.99649E-05 0.354808
0.230303 0.277286 0.298558 9.997E-05 0.0937341 9.997E-05 9.997E-05 0.0998187
0.0512518 0.190089 0.233843 0.00948556 0.283053 9.99824E-05 9.99824E-05 0.232078
0.0886033 0.0681254 0.215622 9.998E-05 0.175501 0.0212548 9.998E-05 0.430694
9.994E-05 9.994E-05 9.994E-05 9.994E-05 0.9993 9.994E-05 9.994E-05 9.994E-05
9.994E-05 9.994E-05 9.994E-05 9.994E-05 0.9993 9.994E-05 9.994E-05 9.994E-05
9.994E-05 9.994E-05 9.994E-05 9.994E-05 0.9993 9.994E-05 9.994E-05 9.994E-05
9.994E-05 9.994E-05 9.994E-05 9.994E-05 0.9993 9.994E-05 9.994E-05 9.994E-05
9.994E-05 9.994E-05 9.994E-05 9.994E-05 0.9993 9.994E-05 9.994E-05 9.994E-05
9.994E-05 9.994E-05 9.994E-05 9.994E-05 0.9993 9.994E-05 9.994E-05 9.994E-05
9.994E-05 9.994E-05 9.994E-05 9.994E-05 0.9993 9.994E-05 9.994E-05 9.994E-05
9.994E-05 9.994E-05 9.994E-05 9.994E-05 0.9993 9.994E-05 9.994E-05 9.994E-05
9.994E-05 9.994E-05 9.994E-05 9.994E-05 0.9993 9.994E-05 9.994E-05 9.994E-05
9.994E-05 9.994E-05 9.994E-05 9.994E-05 0.9993 9.994E-05 9.994E-05 9.994E-05
9.994E-05 9.994E-05 9.994E-05 9.994E-05 0.9993 9.994E-05 9.994E-05 9.994E-05
9.994E-05 9.994E-05 9.994E-05 9.994E-05 0.9993 9.994E-05 9.994E-05 9.994E-05
9.994E-05 9.994E-05 9.994E-05 9.994E-05 0.9993 9.994E-05 9.994E-05 9.994E-05
9.994E-05 9.994E-05 9.994E-05 9.994E-05 0.9993 9.994E-05 9.994E-05 9.994E-05
9.994E-05 9.994E-05 9.994E-05 9.994E-05 0.9993 9.994E-05 9.994E-05 9.994E-05
9.994E-05 9.994E-05 9.994E-05 9.994E-05 0.9993 9.994E-05 9.994E-05 9.994E-05
9.994E-05 9.994E-05 9.994E-05 9.994E-05 0.9993 9.994E-05 9.994E-05 9.994E-05
9.994E-05 9.994E-05 9.994E-05 9.994E-05 0.9993 9.994E-05 9.994E-05 9.994E-05
9.994E-05 9.994E-05 9.994E-05 9.994E-05 0.9993 9.994E-05 9.994E-05 9.994E-05
9.994E-05 9.994E-05 9.994E-05 9.994E-05 0.9993 9.994E-05 9.994E-05 9.994E-05
9.994E-05 9.994E-05 9.994E-05 9.994E-05 0.9993 9.994E-05 9.994E-05 9.994E-05
9.994E-05 9.994E-05 9.994E-05 9.994E-05 0.9993 9.994E-05 9.994E-05 9.994E-05
9.994E-05 9.994E-05 9.994E-05 9.994E-05 0.9993 9.994E-05 9.994E-05 9.994E-05
9.994E-05 9.994E-05 9.994E-05 9.994E-05 0.9993 9.994E-05 9.994E-05 9.994E-05
9.994E-05 9.994E-05 9.994E-05 9.994E-05 0.9993 9.994E-05 9.994E-05 9.994E-05
9.994E-05 9.994E-05 9.994E-05 9.994E-05 0.9993 9.994E-05 9.994E-05 9.994E-05
9.994E-05 9.994E-05 9.994E-05 9.994E-05 0.9993 9.994E-05 9.994E-05 9.994E-05
9.994E-05 9.994E-05 9.994E-05 9.994E-05 0.9993 9.994E-05 9.994E-05 9.994E-05
9.994E-05 9.994E-05 9.994E-05 9.994E-05 0.9993 9.994E-05 9.994E-05 9.994E-05
9.994E-05 9.994E-05 9.994E-05 9.994E-05 0.9993 9.994E-05 9.994E-05 9.994E-05
9.994E-05 9.994E-05 9.994E-05 9.994E-05 0.9993 9.994E-05 9.994E-05 9.994E-05
9.994E-05 9.994E-05 9.994E-05 9.994E-05 0.9993 9.994E-05 9.994E-05 9.994E-05
9.994E-05 9.994E-05 9.994E-05 9.994E-05 0.9993 9.994E-05 9.994E-05 9.994E-05
9.994E-05 9.994E-05 9.994E-05 9.994E-05 0.9993 9.994E-05 9.994E-05 9.994E-05
9.994E-05 9.994E-05 9.994E-05 9.994E-05 0.9993 9.994E-05 9.994E-05 9.994E-05
