9.98771E-05 9.98771E-05 0.0690993 9.98771E-05 0.0311544 9.98771E-05 0.162028 9.98771E-05 9.98771E-05 0.0379667 9.98771E-05 9.98771E-05 0.256784 0.0432604 9.98771E-05 9.98771E-05 9.98771E-05 9.98771E-05 0.398308 9.98771E-05 9.98771E-05
9.98508E-05 9.98508E-05 0.0193792 9.98508E-05 9.98508E-05 9.98508E-05 9.98508E-05 9.98508E-05 9.98508E-05 0.0600193 9.98508E-05 9.98508E-05 0.188015 9.98508E-05 9.98508E-05 9.98508E-05 9.98508E-05 9.98508E-05 0.730889 9.98508E-05 9.98508E-05
9.98333E-05 9.98333E-05 9.98333E-05 9.98333E-05 9.98333E-05 0.010117 9.98333E-05 9.98333E-05 9.98333E-05 9.98333E-05 9.98333E-05 9.98333E-05 9.98333E-05 9.98333E-05 9.98333E-05 9.98333E-05 9.98333E-05 9.98333E-05 9.98333E-05 0.987986 9.98333E-05
0.0855203 0.0803408 9.9886E-05 9.9886E-05 0.00631434 9.9886E-05 0.172013 0.221142 9.9886E-05 9.9886E-05 9.9886E-05 9.9886E-05 9.9886E-05 9.9886E-05 9.9886E-05 9.9886E-05 9.9886E-05 9.9886E-05 0.0847164 0.217418 0.131237
9.98509E-05 9.98509E-05 9.98509E-05 9.98509E-05 9.98509E-05 0.0432807 9.98509E-05 9.98509E-05 9.98509E-05 0.055285 9.98509E-05 9.98509E-05 9.98509E-05 9.98509E-05 9.98509E-05 9.98509E-05 9.98509E-05 9.98509E-05 0.646617 0.25312 9.98509E-05
9.98859E-05 9.98859E-05 9.98859E-05 9.98859E-05 9.98859E-05 0.0706604 0.00432171 9.98859E-05 0.128266 0.0712644 9.98859E-05 0.152032 0.239746 9.98859E-05 9.98859E-05 9.98859E-05 9.98859E-05 9.98859E-05 9.98859E-05 0.257611 0.0747991
9.99035E-05 9.99035E-05 0.025405 9.99035E-05 0.123029 9.99035E-05 0.212802 0.100961 0.0428028 0.00693689 9.99035E-05 9.99035E-05 0.126362 0.0800471 9.99035E-05 9.99035E-05 9.99035E-05 9.99035E-05 0.269005 0.0115506 9.99035E-05
0.145303 9.98948E-05 9.98948E-05 9.98948E-05 9.98948E-05 0.0500735 0.155616 0.0136033 9.98948E-05 9.98948E-05 9.98948E-05 0.139042 0.129959 9.98948E-05 0.0193267 0.116133 9.98948E-05 9.98948E-05 0.229744 9.98948E-05 9.98948E-05
9.98596E-05 0.05933 0.244301 9.98596E-05 9.98596E-05 9.98596E-05 9.98596E-05 9.98596E-05 9.98596E-05 9.98596E-05 9.98596E-05 0.299855 9.98596E-05 0.0993845 9.98596E-05 9.98596E-05 9.98596E-05 9.98596E-05 0.295532 9.98596E-05 9.98596E-05
9.9842E-05 9.9842E-05 0.0655579 9.9842E-05 9.9842E-05 9.9842E-05 9.9842E-05 9.9842E-05 9.9842E-05 9.9842E-05 9.9842E-05 9.9842E-05 9.9842E-05 9.9842E-05 9.9842E-05 9.9842E-05 9.9842E-05 9.9842E-05 0.501009 0.431636 9.9842E-05
9.98596E-05 9.98596E-05 0.105145 9.98596E-05 0.100567 9.98596E-05 0.0886738 9.98596E-05 9.98596E-05 9.98596E-05 9.98596E-05 9.98596E-05 0.150559 9.98596E-05 9.98596E-05 9.98596E-05 9.98596E-05 9.98596E-05 0.553458 9.98596E-05 9.98596E-05
9.98245E-05 9.98245E-05 9.98245E-05 9.98245E-05 9.98245E-05 9.98245E-05 9.98245E-05 9.98245E-05 9.98245E-05 9.98245E-05 9.98245E-05 9.98245E-05 9.98245E-05 9.98245E-05 9.98245E-05 9.98245E-05 9.98245E-05 9.98245E-05 9.98245E-05 0.998004 9.98245E-05
9.9842E-05 9.9842E-05 0.0743978 9.9842E-05 9.9842E-05 9.9842E-05 0.094932 9.9842E-05 9.9842E-05 9.9842E-05 9.9842E-05 9.9842E-05 9.9842E-05 9.9842E-05 9.9842E-05 9.9842E-05 9.9842E-05 9.9842E-05 0.828873 9.9842E-05 9.9842E-05
9.98772E-05 9.98772E-05 0.0649808 9.98772E-05 0.00954104 0.0354105 0.00197016 9.98772E-05 9.98772E-05 9.98772E-05 9.98772E-05 9.98772E-05 9.98772E-05 9.98772E-05 9.98772E-05 9.98772E-05 0.146804 0.0617709 0.678124 9.98772E-05 9.98772E-05
9.98859E-05 9.98859E-05 0.119339 0.12627 9.98859E-05 9.98859E-05 0.0434259 9.98859E-05 9.98859E-05 9.98859E-05 9.98859E-05 0.130312 0.166748 9.98859E-05 9.98859E-05 9.98859E-05 9.98859E-05 0.102097 0.147868 0.162641 9.98859E-05
0.0288619 9.98947E-05 0.089478 9.98947E-05 9.98947E-05 9.98947E-05 0.141361 0.150583 9.98947E-05 9.98947E-05 9.98947E-05 0.175237 0.11126 9.98947E-05 9.98947E-05 0.075333 9.98947E-05 9.98947E-05 0.188342 0.0383464 9.98947E-05
0.000308241 9.9886E-05 0.0491156 0.177746 0.0738401 9.9886E-05 0.0289486 0.0978694 9.9886E-05 0.0199378 9.9886E-05 9.9886E-05 9.9886E-05 9.9886E-05 9.9886E-05 9.9886E-05 9.9886E-05 9.9886E-05 9.9886E-05 0.550936 9.9886E-05
0.0265657 0.0951795 0.128792 9.9886E-05 9.9886E-05 9.9886E-05 0.221269 9.9886E-05 9.9886E-05 9.9886E-05 9.9886E-05 0.0287563 0.19473 9.9886E-05 0.143351 9.9886E-05 9.9886E-05 9.9886E-05 0.160057 9.9886E-05 9.9886E-05
9.98683E-05 9.98683E-05 0.158927 9.98683E-05 0.0311105 9.98683E-05 0.165443 9.98683E-05 0.159015 9.98683E-05 9.98683E-05 0.0852679 9.98683E-05 9.98683E-05 9.98683E-05 9.98683E-05 9.98683E-05 9.98683E-05 9.98683E-05 0.398739 9.98683E-05
9.98246E-05 9.98246E-05 9.98246E-05 9.98246E-05 9.98246E-05 9.98246E-05 9.98246E-05 9.98246E-05 9.98246E-05 9.98246E-05 9.98246E-05 9.98246E-05 9.98246E-05 9.98246E-05 9.98246E-05 9.98246E-05 9.98246E-05 9.98246E-05 0.998004 9.98246E-05 9.98246E-05
0.281863 9.98772E-05 0.0930407 9.98772E-05 0.0375532 9.98772E-05 9.98772E-05 9.98772E-05 9.98772E-05 9.98772E-05 9.98772E-05 0.0404203 9.98772E-05 9.98772E-05 9.98772E-05 9.98772E-05 9.98772E-05 0.0290324 0.296771 0.21992 9.98772E-05
9.98859E-05 9.98859E-05 9.98859E-05 9.98859E-05 9.98859E-05 0.0305797 0.244599 9.98859E-05 0.148355 9.98859E-05 0.120403 0.121639 9.98859E-05 9.98859E-05 0.0232542 9.98859E-05 9.98859E-05 9.98859E-05 0.041752 0.26812 9.98859E-05
9.9886E-05 0.0171946 0.0999417 9.9886E-05 0.00659413 9.9886E-05 9.9886E-05 0.0161207 9.9886E-05 9.9886E-05 0.0229487 9.9886E-05 0.237874 9.9886E-05 9.9886E-05 9.9886E-05 9.9886E-05 9.9886E-05 0.566918 9.9886E-05 0.03111
9.98597E-05 9.98597E-05 0.235941 9.98597E-05 9.98597E-05 9.98597E-05 0.286701 9.98597E-05 9.98597E-05 9.98597E-05 9.98597E-05 9.98597E-05 0.0814735 0.0437427 9.98597E-05 9.98597E-05 9.98597E-05 9.98597E-05 0.350544 9.98597E-05 9.98597E-05
9.98948E-05 0.0595702 0.184949 9.98948E-05 0.112798 9.98948E-05 0.0357708 9.98948E-05 9.98948E-05 9.98948E-05 9.98948E-05 0.0464267 9.98948E-05 9.98948E-05 9.98948E-05 9.98948E-05 9.98948E-05 0.0719532 0.0476721 0.295116 0.144545
9.98683E-05 9.98683E-05 0.0734485 9.98683E-05 9.98683E-05 9.98683E-05 0.0850683 0.0442136 9.98683E-05 9.98683E-05 9.98683E-05 0.014814 9.98683E-05 9.98683E-05 9.98683E-05 9.98683E-05 9.98683E-05 9.98683E-05 9.98683E-05 0.754349 0.0266087
9.98771E-05 0.0296741 0.0306249 9.98771E-05 9.98771E-05 9.98771E-05 0.225826 0.0221119 9.98771E-05 9.98771E-05 0.245371 9.98771E-05 9.98771E-05 9.98771E-05 0.103112 9.98771E-05 9.98771E-05 9.98771E-05 9.98771E-05 9.98771E-05 0.341881
9.98596E-05 9.98596E-05 0.0376145 9.98596E-05 9.98596E-05 9.98596E-05 0.0205587 0.0698132 9.98596E-05 9.98596E-05 9.98596E-05 9.98596E-05 9.98596E-05 9.98596E-05 9.98596E-05 9.98596E-05 9.98596E-05 0.0105792 0.859837 9.98596E-05 9.98596E-05
9.98772E-05 0.000400193 0.180271 9.98772E-05 9.98772E-05 9.98772E-05 0.0923649 9.98772E-05 9.98772E-05 9.98772E-05 9.98772E-05 9.98772E-05 0.102839 9.98772E-05 9.98772E-05 9.98772E-05 9.98772E-05 9.98772E-05 0.110275 0.507325 0.0051268
9.9886E-05 9.9886E-05 0.0555376 0.0533592 0.0184695 9.9886E-05 9.9886E-05 9.9886E-05 0.0169249 9.9886E-05 9.9886E-05 0.0241278 9.9886E-05 0.0259758 9.9886E-05 9.9886E-05 9.9886E-05 9.9886E-05 0.355823 0.448484 9.9886E-05
9.98771E-05 9.98771E-05 0.0249642 9.98771E-05 0.0481368 9.98771E-05 9.98771E-05 9.98771E-05 0.0738457 9.98771E-05 0.0261168 0.0142514 0.126965 9.98771E-05 9.98771E-05 9.98771E-05 9.98771E-05 9.98771E-05 0.684322 9.98771E-05 9.98771E-05
9.9886E-05 9.9886E-05 0.0969235 9.9886E-05 0.0332759 9.9886E-05 0.023309 0.0384418 0.00216041 9.9886E-05 9.9886E-05 9.9886E-05 0.0384543 9.9886E-05 9.9886E-05 9.9886E-05 9.9886E-05 9.9886E-05 0.585144 9.9886E-05 0.180992
9.98947E-05 9.98947E-05 0.111919 9.98947E-05 0.120286 9.98947E-05 0.127454 0.00713685 9.98947E-05 9.98947E-05 9.98947E-05 0.00388401 0.0150584 9.98947E-05 9.98947E-05 9.98947E-05 9.98947E-05 9.98947E-05 0.0935337 0.498435 0.0210951
9.98771E-05 9.98771E-05 0.0832496 9.98771E-05 9.98771E-05 9.98771E-05 9.98771E-05 0.0224604 0.0117194 9.98771E-05 9.98771E-05 9.98771E-05 9.98771E-05 9.98771E-05 0.0614859 0.0194733 9.98771E-05 9.98771E-05 9.98771E-05 0.623374 0.17684
9.98686E-05 9.98686E-05 9.98686E-05 9.98686E-05 0.00595081 9.98686E-05 9.98686E-05 9.98686E-05 0.0156315 0.08461 0.0180322 9.98686E-05 9.98686E-05 9.98686E-05 9.98686E-05 9.98686E-05 9.98686E-05 9.98686E-05 0.539077 0.3352 9.98686E-05
9.98509E-05 9.98509E-05 9.98509E-05 9.98509E-05 9.98509E-05 9.98509E-05 0.0663676 0.150964 9.98509E-05 9.98509E-05 0.103438 9.98509E-05 9.98509E-05 9.98509E-05 9.98509E-05 9.98509E-05 9.98509E-05 9.98509E-05 9.98509E-05 0.677532 9.98509E-05
9.9851E-05 9.9851E-05 9.9851E-05 9.9851E-05 0.00948196 9.9851E-05 9.9851E-05 9.9851E-05 0.065026 9.9851E-05 9.9851E-05 9.9851E-05 9.9851E-05 9.9851E-05 9.9851E-05 0.0337461 9.9851E-05 9.9851E-05 0.890049 9.9851E-05 9.9851E-05
9.98861E-05 0.0492697 0.0563635 9.98861E-05 9.98861E-05 9.98861E-05 0.035388 0.0536109 9.98861E-05 0.0485992 9.98861E-05 0.0886133 9.98861E-05 9.98861E-05 9.98861E-05 9.98861E-05 9.98861E-05 9.98861E-05 0.0362726 0.630584 9.98861E-05
9.98684E-05 9.98684E-05 0.11835 0.0567459 0.0550686 0.0113409 9.98684E-05 9.98684E-05 9.98684E-05 0.0823232 9.98684E-05 9.98684E-05 9.98684E-05 9.98684E-05 9.98684E-05 9.98684E-05 9.98684E-05 9.98684E-05 9.98684E-05 0.674674 9.98684E-05
9.98596E-05 9.98596E-05 0.117544 9.98596E-05 9.98596E-05 9.98596E-05 9.98596E-05 9.98596E-05 9.98596E-05 9.98596E-05 9.98596E-05 9.98596E-05 9.98596E-05 9.98596E-05 9.98596E-05 0.0632353 0.0405913 9.98596E-05 9.98596E-05 0.659534 0.117498
9.98509E-05 9.98509E-05 9.98509E-05 9.98509E-05 0.0304184 9.98509E-05 9.98509E-05 0.0357131 9.98509E-05 9.98509E-05 0.0607246 9.98509E-05 9.98509E-05 9.98509E-05 9.98509E-05 9.98509E-05 9.98509E-05 9.98509E-05 9.98509E-05 0.871446 9.98509E-05
9.98773E-05 9.98773E-05 0.0106226 9.98773E-05 9.98773E-05 9.98773E-05 0.0888419 0.0425733 9.98773E-05 0.0552455 0.141798 9.98773E-05 9.98773E-05 0.0212785 9.98773E-05 9.98773E-05 9.98773E-05 9.98773E-05 9.98773E-05 0.638242 9.98773E-05
9.9842E-05 9.9842E-05 9.9842E-05 9.9842E-05 9.9842E-05 9.9842E-05 9.9842E-05 9.9842E-05 9.9842E-05 9.9842E-05 0.0392299 9.9842E-05 9.9842E-05 9.9842E-05 9.9842E-05 9.9842E-05 0.0878027 9.9842E-05 0.87117 9.9842E-05 9.9842E-05
9.98859E-05 9.98859E-05 0.141312 9.98859E-05 0.00720811 9.98859E-05 0.0901713 9.98859E-05 9.98859E-05 0.0379094 9.98859E-05 0.0832411 0.169364 0.0340598 9.98859E-05 9.98859E-05 9.98859E-05 9.98859E-05 9.98859E-05 0.435435 9.98859E-05
9.98772E-05 9.98772E-05 0.143261 9.98772E-05 9.98772E-05 0.10231 0.395335 0.138055 0.0273838 9.98772E-05 9.98772E-05 9.98772E-05 9.98772E-05 9.98772E-05 9.98772E-05 9.98772E-05 9.98772E-05 9.98772E-05 0.130947 0.0613101 9.98772E-05
9.98507E-05 0.0293543 0.00779089 9.98507E-05 9.98507E-05 9.98507E-05 9.98507E-05 9.98507E-05 9.98507E-05 9.98507E-05 0.00177209 9.98507E-05 9.98507E-05 9.98507E-05 9.98507E-05 9.98507E-05 9.98507E-05 9.98507E-05 9.98507E-05 0.959385 9.98507E-05
9.98508E-05 9.98508E-05 0.0239365 9.98508E-05 9.98508E-05 9.98508E-05 9.98508E-05 9.98508E-05 9.98508E-05 9.98508E-05 9.98508E-05 0.0345301 9.98508E-05 9.98508E-05 0.0324291 9.98508E-05 9.98508E-05 9.98508E-05 0.907407 9.98508E-05 9.98508E-05
9.98245E-05 9.98245E-05 9.98245E-05 9.98245E-05 9.98245E-05 9.98245E-05 9.98245E-05 9.98245E-05 9.98245E-05 9.98245E-05 9.98245E-05 9.98245E-05 9.98245E-05 9.98245E-05 9.98245E-05 9.98245E-05 9.98245E-05 9.98245E-05 9.98245E-05 0.998004 9.98245E-05
0.0579296 9.98771E-05 0.0903707 9.98771E-05 0.0795092 9.98771E-05 0.106008 9.98771E-05 9.98771E-05 9.98771E-05 9.98771E-05 9.98771E-05 0.0352424 9.98771E-05 9.98771E-05 9.98771E-05 9.98771E-05 9.98771E-05 0.547085 0.0824571 9.98771E-05
9.98512E-05 9.98512E-05 9.98512E-05 9.98512E-05 9.98512E-05 0.0722175 9.98512E-05 9.98512E-05 0.0566512 9.98512E-05 9.98512E-05 9.98512E-05 9.98512E-05 9.98512E-05 9.98512E-05 0.0265261 9.98512E-05 9.98512E-05 0.842908 9.98512E-05 9.98512E-05
0.112431 0.00696777 0.123066 9.98946E-05 0.0754819 9.98946E-05 9.98946E-05 0.00392855 9.98946E-05 9.98946E-05 0.163061 0.0554956 9.98946E-05 9.98946E-05 9.98946E-05 9.98946E-05 9.98946E-05 0.0341554 0.424215 9.98946E-05 9.98946E-05
9.98685E-05 0.0813533 9.98685E-05 9.98685E-05 9.98685E-05 9.98685E-05 0.194937 0.0546142 9.98685E-05 9.98685E-05 9.98685E-05 9.98685E-05 9.98685E-05 0.0219279 9.98685E-05 0.0173207 9.98685E-05 9.98685E-05 0.628349 9.98685E-05 9.98685E-05
9.98422E-05 9.98422E-05 9.98422E-05 9.98422E-05 9.98422E-05 9.98422E-05 9.98422E-05 9.98422E-05 9.98422E-05 9.98422E-05 9.98422E-05 9.98422E-05 9.98422E-05 9.98422E-05 0.0316516 9.98422E-05 9.98422E-05 9.98422E-05 0.199483 0.767068 9.98422E-05
9.98861E-05 0.0474555 0.0230841 9.98861E-05 9.98861E-05 0.00526188 0.00732601 9.98861E-05 9.98861E-05 9.98861E-05 9.98861E-05 0.00164572 9.98861E-05 9.98861E-05 9.98861E-05 0.187158 9.98861E-05 0.013228 9.98861E-05 0.713542 9.98861E-05
9.98599E-05 9.98599E-05 0.110902 9.98599E-05 9.98599E-05 9.98599E-05 9.98599E-05 9.98599E-05 9.98599E-05 9.98599E-05 9.98599E-05 0.0259714 9.98599E-05 0.0161816 9.98599E-05 9.98599E-05 9.98599E-05 0.0454692 9.98599E-05 0.799878 9.98599E-05
9.98685E-05 0.0403493 9.98685E-05 9.98685E-05 0.00800144 9.98685E-05 9.98685E-05 9.98685E-05 0.0189168 9.98685E-05 9.98685E-05 9.98685E-05 0.018058 9.98685E-05 9.98685E-05 9.98685E-05 9.98685E-05 9.98685E-05 9.98685E-05 0.840807 0.0723696
9.98509E-05 9.98509E-05 9.98509E-05 9.98509E-05 9.98509E-05 9.98509E-05 9.98509E-05 9.98509E-05 0.127328 0.0654384 9.98509E-05 9.98509E-05 9.98509E-05 9.98509E-05 0.0613524 9.98509E-05 9.98509E-05 9.98509E-05 9.98509E-05 0.744184 9.98509E-05
9.98423E-05 9.98423E-05 0.0349141 9.98423E-05 9.98423E-05 9.98423E-05 9.98423E-05 0.0782564 9.98423E-05 9.98423E-05 9.98423E-05 9.98423E-05 9.98423E-05 9.98423E-05 9.98423E-05 9.98423E-05 9.98423E-05 9.98423E-05 0.885032 9.98423E-05 9.98423E-05
9.98508E-05 9.98508E-05 0.0228752 9.98508E-05 0.0107259 9.98508E-05 9.98508E-05 9.98508E-05 9.98508E-05 9.98508E-05 0.0505056 9.98508E-05 9.98508E-05 9.98508E-05 9.98508E-05 9.98508E-05 9.98508E-05 9.98508E-05 0.914196 9.98508E-05 9.98508E-05
9.98683E-05 9.98683E-05 0.13981 9.98683E-05 0.0435691 9.98683E-05 9.98683E-05 9.98683E-05 9.98683E-05 0.0145922 9.98683E-05 0.0480395 0.713127 9.98683E-05 0.039364 9.98683E-05 9.98683E-05 9.98683E-05 9.98683E-05 9.98683E-05 9.98683E-05
9.98335E-05 9.98335E-05 9.98335E-05 9.98335E-05 9.98335E-05 9.98335E-05 9.98335E-05 9.98335E-05 9.98335E-05 9.98335E-05 0.0348097 9.98335E-05 0.963293 9.98335E-05 9.98335E-05 9.98335E-05 9.98335E-05 9.98335E-05 9.98335E-05 9.98335E-05 9.98335E-05
9.98333E-05 9.98333E-05 9.98333E-05 9.98333E-05 9.98333E-05 9.98333E-05 9.98333E-05 9.98333E-05 9.98333E-05 9.98333E-05 9.98333E-05 9.98333E-05 0.982186 9.98333E-05 0.0159176 9.98333E-05 9.98333E-05 9.98333E-05 9.98333E-05 9.98333E-05 9.98333E-05
9.98683E-05 9.98683E-05 9.98683E-05 9.98683E-05 9.98683E-05 9.98683E-05 9.98683E-05 9.98683E-05 9.98683E-05 0.22432 0.0282489 0.0791145 0.339338 9.98683E-05 0.046451 9.98683E-05 9.98683E-05 9.98683E-05 9.98683E-05 9.98683E-05 0.28103
9.98857E-05 0.0746588 0.0350775 9.98857E-05 9.98857E-05 0.0191355 0.110722 9.98857E-05 0.00661286 9.98857E-05 9.98857E-05 0.0705111 0.662527 9.98857E-05 0.0194567 9.98857E-05 9.98857E-05 9.98857E-05 9.98857E-05 9.98857E-05 9.98857E-05
9.98593E-05 9.98593E-05 0.272332 9.98593E-05 9.98593E-05 9.98593E-05 0.101987 9.98593E-05 9.98593E-05 9.98593E-05 9.98593E-05 9.98593E-05 0.581443 9.98593E-05 0.021786 9.98593E-05 9.98593E-05 9.98593E-05 9.98593E-05 9.98593E-05 0.0208547
9.98682E-05 9.98682E-05 0.0281903 9.98682E-05 0.0112038 9.98682E-05 9.98682E-05 0.097767 9.98682E-05 0.292904 0.0417839 9.98682E-05 0.526654 9.98682E-05 9.98682E-05 9.98682E-05 9.98682E-05 9.98682E-05 9.98682E-05 9.98682E-05 9.98682E-05
9.98682E-05 9.98682E-05 0.059105 9.98682E-05 9.98682E-05 9.98682E-05 9.98682E-05 9.98682E-05 9.98682E-05 0.0986751 9.98682E-05 0.0658124 0.602189 9.98682E-05 0.110261 9.98682E-05 9.98682E-05 9.98682E-05 9.98682E-05 9.98682E-05 0.06246
9.98421E-05 9.98421E-05 9.98421E-05 9.98421E-05 9.98421E-05 9.98421E-05 9.98421E-05 9.98421E-05 9.98421E-05 9.98421E-05 0.00492442 9.98421E-05 0.980285 0.0129934 9.98421E-05 9.98421E-05 9.98421E-05 9.98421E-05 9.98421E-05 9.98421E-05 9.98421E-05
9.98332E-05 9.98332E-05 9.98332E-05 9.98332E-05 0.00752471 9.98332E-05 9.98332E-05 9.98332E-05 9.98332E-05 9.98332E-05 9.98332E-05 9.98332E-05 0.990578 9.98332E-05 9.98332E-05 9.98332E-05 9.98332E-05 9.98332E-05 9.98332E-05 9.98332E-05 9.98332E-05
9.98769E-05 0.0327939 0.223044 9.98769E-05 0.119601 9.98769E-05 9.98769E-05 9.98769E-05 0.0247351 9.98769E-05 9.98769E-05 0.0193584 0.551334 9.98769E-05 0.0277351 9.98769E-05 9.98769E-05 9.98769E-05 9.98769E-05 9.98769E-05 9.98769E-05
0.0128646 9.98945E-05 0.0912553 9.98945E-05 0.0275367 0.0590553 0.209456 9.98945E-05 0.0247087 0.0979555 9.98945E-05 9.98945E-05 0.412759 9.98945E-05 9.98945E-05 9.98945E-05 9.98945E-05 0.0632101 9.98945E-05 9.98945E-05 9.98945E-05
0.0984519 9.9877E-05 9.9877E-05 9.9877E-05 0.0647746 0.0388326 9.9877E-05 9.9877E-05 9.9877E-05 9.9877E-05 9.9877E-05 0.101251 0.617728 9.9877E-05 9.9877E-05 0.0457028 9.9877E-05 9.9877E-05 9.9877E-05 9.9877E-05 0.0318611
9.98594E-05 9.98594E-05 0.247328 9.98594E-05 9.98594E-05 9.98594E-05 0.147862 9.98594E-05 0.0011332 0.0300979 9.98594E-05 9.98594E-05 0.571981 9.98594E-05 9.98594E-05 9.98594E-05 9.98594E-05 9.98594E-05 9.98594E-05 9.98594E-05 9.98594E-05
9.98511E-05 9.98511E-05 9.98511E-05 9.98511E-05 9.98511E-05 0.021245 9.98511E-05 9.98511E-05 9.98511E-05 9.98511E-05 9.98511E-05 0.00436746 0.948943 9.98511E-05 9.98511E-05 9.98511E-05 9.98511E-05 9.98511E-05 9.98511E-05 9.98511E-05 0.0237474
9.98422E-05 9.98422E-05 0.0341891 9.98422E-05 9.98422E-05 9.98422E-05 9.98422E-05 9.98422E-05 9.98422E-05 9.98422E-05 9.98422E-05 0.0162694 0.947744 9.98422E-05 9.98422E-05 9.98422E-05 9.98422E-05 9.98422E-05 9.98422E-05 9.98422E-05 9.98422E-05
9.98593E-05 9.98593E-05 9.98593E-05 9.98593E-05 9.98593E-05 9.98593E-05 9.98593E-05 9.98593E-05 0.101853 9.98593E-05 9.98593E-05 9.98593E-05 0.63935 9.98593E-05 0.0684229 0.0538803 9.98593E-05 9.98593E-05 9.98593E-05 9.98593E-05 0.134896
9.98683E-05 9.98683E-05 9.98683E-05 9.98683E-05 0.124908 9.98683E-05 0.0573105 0.0339834 0.0486813 9.98683E-05 9.98683E-05 0.0445893 0.68903 9.98683E-05 9.98683E-05 9.98683E-05 9.98683E-05 9.98683E-05 9.98683E-05 9.98683E-05 9.98683E-05
9.98595E-05 9.98595E-05 0.0419678 9.98595E-05 0.0112172 9.98595E-05 9.98595E-05 9.98595E-05 0.00534022 9.98595E-05 9.98595E-05 9.98595E-05 0.876468 9.98595E-05 0.063409 9.98595E-05 9.98595E-05 9.98595E-05 9.98595E-05 9.98595E-05 9.98595E-05
9.98505E-05 9.98505E-05 0.200454 9.98505E-05 9.98505E-05 9.98505E-05 9.98505E-05 9.98505E-05 9.98505E-05 9.98505E-05 0.150122 9.98505E-05 0.595334 9.98505E-05 9.98505E-05 0.0523918 9.98505E-05 9.98505E-05 9.98505E-05 9.98505E-05 9.98505E-05
9.9825E-05 9.9825E-05 9.9825E-05 9.9825E-05 9.9825E-05 9.9825E-05 9.9825E-05 9.9825E-05 9.9825E-05 9.9825E-05 9.9825E-05 9.9825E-05 0.998003 9.9825E-05 9.9825E-05 9.9825E-05 9.9825E-05 9.9825E-05 9.9825E-05 9.9825E-05 9.9825E-05
9.98506E-05 9.98506E-05 0.043216 9.98506E-05 9.98506E-05 9.98506E-05 0.21924 9.98506E-05 0.0355074 9.98506E-05 9.98506E-05 9.98506E-05 0.700339 9.98506E-05 9.98506E-05 9.98506E-05 9.98506E-05 9.98506E-05 9.98506E-05 9.98506E-05 9.98506E-05
9.98929E-05 9.98929E-05 0.0172171 9.98929E-05 0.0123914 9.98929E-05 0.0196268 9.98929E-05 9.98929E-05 0.00587813 0.0168158 9.98929E-05 0.690918 9.98929E-05 9.98929E-05 9.98929E-05 0.083936 9.98929E-05 9.98929E-05 9.98929E-05 0.151919
0.0258393 9.98858E-05 0.00985037 9.98858E-05 9.98858E-05 9.98858E-05 9.98858E-05 9.98858E-05 0.114152 9.98858E-05 9.98858E-05 0.032187 0.689512 0.0359388 0.062263 9.98858E-05 9.98858E-05 9.98858E-05 9.98858E-05 9.98858E-05 0.0289598
9.98331E-05 9.98331E-05 9.98331E-05 9.98331E-05 0.178783 9.98331E-05 9.98331E-05 9.98331E-05 9.98331E-05 9.98331E-05 9.98331E-05 9.98331E-05 0.81932 9.98331E-05 9.98331E-05 9.98331E-05 9.98331E-05 9.98331E-05 9.98331E-05 9.98331E-05 9.98331E-05
9.98686E-05 0.0634732 0.0106328 0.0494249 9.98686E-05 9.98686E-05 9.98686E-05 9.98686E-05 9.98686E-05 0.0135711 9.98686E-05 0.00466641 0.856734 9.98686E-05 9.98686E-05 9.98686E-05 9.98686E-05 9.98686E-05 9.98686E-05 9.98686E-05 9.98686E-05
9.98247E-05 9.98247E-05 9.98247E-05 9.98247E-05 9.98247E-05 9.98247E-05 9.98247E-05 9.98247E-05 9.98247E-05 9.98247E-05 9.98247E-05 9.98247E-05 0.998004 9.98247E-05 9.98247E-05 9.98247E-05 9.98247E-05 9.98247E-05 9.98247E-05 9.98247E-05 9.98247E-05
9.98246E-05 9.98246E-05 9.98246E-05 9.98246E-05 9.98246E-05 9.98246E-05 9.98246E-05 9.98246E-05 9.98246E-05 9.98246E-05 9.98246E-05 9.98246E-05 0.998004 9.98246E-05 9.98246E-05 9.98246E-05 9.98246E-05 9.98246E-05 9.98246E-05 9.98246E-05 9.98246E-05
9.98334E-05 9.98334E-05 9.98334E-05 9.98334E-05 9.98334E-05 9.98334E-05 9.98334E-05 9.98334E-05 9.98334E-05 9.98334E-05 9.98334E-05 9.98334E-05 0.88236 9.98334E-05 0.115743 9.98334E-05 9.98334E-05 9.98334E-05 9.98334E-05 9.98334E-05 9.98334E-05
9.98598E-05 9.98598E-05 0.112453 9.98598E-05 9.98598E-05 9.98598E-05 9.98598E-05 9.98598E-05 9.98598E-05 9.98598E-05 0.0726204 0.0462754 0.523708 9.98598E-05 9.98598E-05 9.98598E-05 0.243346 9.98598E-05 9.98598E-05 9.98598E-05 9.98598E-05
9.98421E-05 9.98421E-05 0.151767 9.98421E-05 9.98421E-05 9.98421E-05 9.98421E-05 9.98421E-05 9.98421E-05 9.98421E-05 9.98421E-05 0.0764408 9.98421E-05 9.98421E-05 9.98421E-05 9.98421E-05 9.98421E-05 9.98421E-05 9.98421E-05 9.98421E-05 0.769995
9.98685E-05 9.98685E-05 0.00710667 0.311807 9.98685E-05 9.98685E-05 9.98685E-05 9.98685E-05 9.98685E-05 9.98685E-05 9.98685E-05 0.00705338 9.98685E-05 9.98685E-05 9.98685E-05 9.98685E-05 0.257317 9.98685E-05 0.00110393 9.98685E-05 0.414114
9.98508E-05 9.98508E-05 0.0886246 9.98508E-05 0.00946322 0.0816627 9.98508E-05 9.98508E-05 9.98508E-05 9.98508E-05 9.98508E-05 9.98508E-05 9.98508E-05 9.98508E-05 9.98508E-05 9.98508E-05 9.98508E-05 9.98508E-05 9.98508E-05 9.98508E-05 0.818552
9.98595E-05 9.98595E-05 0.0804861 9.98595E-05 0.0562361 9.98595E-05 9.98595E-05 9.98595E-05 9.98595E-05 0.0135594 9.98595E-05 0.000817752 9.98595E-05 9.98595E-05 9.98595E-05 9.98595E-05 9.98595E-05 9.98595E-05 9.98595E-05 9.98595E-05 0.847303
9.98683E-05 9.98683E-05 9.98683E-05 9.98683E-05 0.00202624 0.106764 9.98683E-05 9.98683E-05 9.98683E-05 9.98683E-05 9.98683E-05 0.0572544 9.98683E-05 0.0506861 0.0274512 9.98683E-05 9.98683E-05 9.98683E-05 9.98683E-05 9.98683E-05 0.75432
9.98684E-05 9.98684E-05 0.0957771 0.0157073 9.98684E-05 9.98684E-05 9.98684E-05 0.130346 9.98684E-05 0.0442339 9.98684E-05 0.13997 9.98684E-05 9.98684E-05 9.98684E-05 9.98684E-05 9.98684E-05 9.98684E-05 9.98684E-05 9.98684E-05 0.572467
9.9877E-05 9.9877E-05 0.0586917 9.9877E-05 0.00717462 9.9877E-05 0.0772304 9.9877E-05 9.9877E-05 9.9877E-05 9.9877E-05 0.0778569 9.9877E-05 9.9877E-05 0.00369694 9.9877E-05 0.211642 9.9877E-05 9.9877E-05 9.9877E-05 0.562309
9.98421E-05 9.98421E-05 0.0643014 9.98421E-05 9.98421E-05 9.98421E-05 9.98421E-05 9.98421E-05 9.98421E-05 9.98421E-05 9.98421E-05 0.147325 9.98421E-05 9.98421E-05 9.98421E-05 9.98421E-05 9.98421E-05 9.98421E-05 9.98421E-05 9.98421E-05 0.786577
0.00137174 9.98683E-05 0.0613616 9.98683E-05 9.98683E-05 9.98683E-05 9.98683E-05 9.98683E-05 9.98683E-05 0.291358 0.0213888 0.299454 9.98683E-05 9.98683E-05 9.98683E-05 9.98683E-05 9.98683E-05 9.98683E-05 9.98683E-05 9.98683E-05 0.323567
9.98509E-05 9.98509E-05 0.272084 9.98509E-05 9.98509E-05 9.98509E-05 9.98509E-05 0.00428018 9.98509E-05 9.98509E-05 9.98509E-05 0.163895 9.98509E-05 9.98509E-05 9.98509E-05 9.98509E-05 9.98509E-05 9.98509E-05 9.98509E-05 9.98509E-05 0.558043
9.98596E-05 9.98596E-05 9.98596E-05 0.411168 0.00423437 9.98596E-05 9.98596E-05 9.98596E-05 9.98596E-05 0.234008 9.98596E-05 0.0367289 9.98596E-05 9.98596E-05 9.98596E-05 9.98596E-05 9.98596E-05 9.98596E-05 9.98596E-05 9.98596E-05 0.312263
9.98595E-05 9.98595E-05 0.0325801 0.232424 0.00152417 9.98595E-05 9.98595E-05 9.98595E-05 9.98595E-05 0.128019 9.98595E-05 9.98595E-05 9.98595E-05 9.98595E-05 9.98595E-05 9.98595E-05 9.98595E-05 9.98595E-05 9.98595E-05 9.98595E-05 0.603854
9.98423E-05 9.98423E-05 9.98423E-05 9.98423E-05 9.98423E-05 9.98423E-05 9.98423E-05 9.98423E-05 9.98423E-05 9.98423E-05 9.98423E-05 0.0723867 9.98423E-05 9.98423E-05 9.98423E-05 9.98423E-05 0.0790945 9.98423E-05 9.98423E-05 9.98423E-05 0.846722
9.98509E-05 9.98509E-05 0.217969 9.98509E-05 9.98509E-05 9.98509E-05 9.98509E-05 9.98509E-05 9.98509E-05 9.98509E-05 9.98509E-05 0.0836837 9.98509E-05 9.98509E-05 9.98509E-05 9.98509E-05 0.173951 9.98509E-05 9.98509E-05 9.98509E-05 0.522698
9.98597E-05 9.98597E-05 9.98597E-05 9.98597E-05 9.98597E-05 9.98597E-05 9.98597E-05 9.98597E-05 9.98597E-05 9.98597E-05 9.98597E-05 0.0558882 9.98597E-05 9.98597E-05 0.176215 0.00694221 0.209708 9.98597E-05 9.98597E-05 9.98597E-05 0.549648
9.98772E-05 9.98772E-05 0.103891 9.98772E-05 0.0191478 0.025532 9.98772E-05 0.0425719 9.98772E-05 0.0264657 0.0984365 9.98772E-05 9.98772E-05 9.98772E-05 9.98772E-05 9.98772E-05 9.98772E-05 9.98772E-05 9.98772E-05 9.98772E-05 0.682557
9.98684E-05 0.0497186 0.0534762 0.10084 9.98684E-05 9.98684E-05 9.98684E-05 9.98684E-05 9.98684E-05 0.194783 9.98684E-05 0.109447 9.98684E-05 9.98684E-05 9.98684E-05 9.98684E-05 9.98684E-05 9.98684E-05 9.98684E-05 9.98684E-05 0.490239
9.98773E-05 9.98773E-05 9.98773E-05 0.0868431 0.0243179 0.0418371 0.112947 0.0358633 9.98773E-05 9.98773E-05 9.98773E-05 0.150869 9.98773E-05 9.98773E-05 9.98773E-05 9.98773E-05 9.98773E-05 9.98773E-05 9.98773E-05 9.98773E-05 0.545925
9.98509E-05 9.98509E-05 9.98509E-05 0.0387357 0.0104888 9.98509E-05 9.98509E-05 9.98509E-05 9.98509E-05 9.98509E-05 9.98509E-05 0.00719428 9.98509E-05 9.98509E-05 9.98509E-05 9.98509E-05 9.98509E-05 9.98509E-05 9.98509E-05 9.98509E-05 0.941884
9.98859E-05 0.0830887 0.0555379 0.27379 9.98859E-05 9.98859E-05 9.98859E-05 0.00856017 9.98859E-05 9.98859E-05 0.00819936 0.104574 9.98859E-05 9.98859E-05 9.98859E-05 9.98859E-05 9.98859E-05 0.0447158 9.98859E-05 9.98859E-05 0.420236
9.98771E-05 9.98771E-05 0.0623057 9.98771E-05 9.98771E-05 0.0130963 9.98771E-05 0.0342041 9.98771E-05 0.165268 9.98771E-05 0.000949138 9.98771E-05 9.98771E-05 9.98771E-05 9.98771E-05 0.0217544 9.98771E-05 9.98771E-05 9.98771E-05 0.701024
9.98508E-05 9.98508E-05 0.0319188 9.98508E-05 0.0167829 9.98508E-05 9.98508E-05 9.98508E-05 9.98508E-05 9.98508E-05 9.98508E-05 0.0581919 9.98508E-05 9.98508E-05 9.98508E-05 9.98508E-05 9.98508E-05 9.98508E-05 9.98508E-05 9.98508E-05 0.891409
9.98597E-05 0.0814834 0.190471 9.98597E-05 9.98597E-05 9.98597E-05 9.98597E-05 9.98597E-05 9.98597E-05 0.0826292 9.98597E-05 0.21214 9.98597E-05 9.98597E-05 9.98597E-05 9.98597E-05 9.98597E-05 9.98597E-05 9.98597E-05 9.98597E-05 0.43168
9.98684E-05 9.98684E-05 0.0520286 0.0593987 9.98684E-05 0.00114584 9.98684E-05 9.98684E-05 9.98684E-05 9.98684E-05 9.98684E-05 0.105297 9.98684E-05 9.98684E-05 9.98684E-05 9.98684E-05 0.146383 9.98684E-05 9.98684E-05 9.98684E-05 0.634249
9.98596E-05 0.0365984 0.202112 9.98596E-05 9.98596E-05 9.98596E-05 9.98596E-05 9.98596E-05 9.98596E-05 0.0887717 9.98596E-05 0.212314 9.98596E-05 9.98596E-05 9.98596E-05 9.98596E-05 9.98596E-05 9.98596E-05 9.98596E-05 9.98596E-05 0.458606
9.98948E-05 9.98948E-05 0.10915 0.179573 9.98948E-05 9.98948E-05 0.0309176 9.98948E-05 9.98948E-05 0.109471 9.98948E-05 0.148891 0.0698061 9.98948E-05 9.98948E-05 0.0631812 0.12595 9.98948E-05 9.98948E-05 9.98948E-05 0.16186
9.9842E-05 9.9842E-05 9.9842E-05 9.9842E-05 9.9842E-05 0.0215498 9.9842E-05 9.9842E-05 9.9842E-05 9.9842E-05 9.9842E-05 9.9842E-05 9.9842E-05 0.139936 9.9842E-05 9.9842E-05 0.836717 9.9842E-05 9.9842E-05 9.9842E-05 9.9842E-05
9.98418E-05 9.98418E-05 0.0551891 9.98418E-05 9.98418E-05 9.98418E-05 9.98418E-05 9.98418E-05 9.98418E-05 9.98418E-05 9.98418E-05 0.0515942 9.98418E-05 9.98418E-05 9.98418E-05 9.98418E-05 9.98418E-05 9.98418E-05 9.98418E-05 9.98418E-05 0.891419
9.98598E-05 9.98598E-05 0.158031 0.0186285 9.98598E-05 9.98598E-05 9.98598E-05 9.98598E-05 9.98598E-05 0.0955684 9.98598E-05 0.243735 9.98598E-05 9.98598E-05 9.98598E-05 9.98598E-05 9.98598E-05 9.98598E-05 9.98598E-05 9.98598E-05 0.482439
9.98596E-05 0.00695438 0.0995831 9.98596E-05 9.98596E-05 0.130352 9.98596E-05 9.98596E-05 9.98596E-05 9.98596E-05 9.98596E-05 9.98596E-05 9.98596E-05 9.98596E-05 9.98596E-05 9.98596E-05 0.223287 9.98596E-05 9.98596E-05 9.98596E-05 0.538226
0.00200817 9.98597E-05 0.209302 0.0135377 0.0375543 9.98597E-05 9.98597E-05 9.98597E-05 9.98597E-05 9.98597E-05 9.98597E-05 9.98597E-05 9.98597E-05 9.98597E-05 9.98597E-05 9.98597E-05 9.98597E-05 9.98597E-05 9.98597E-05 9.98597E-05 0.736
9.98596E-05 0.0468492 9.98596E-05 9.98596E-05 0.0201919 9.98596E-05 9.98596E-05 9.98596E-05 9.98596E-05 9.98596E-05 9.98596E-05 9.98596E-05 9.98596E-05 9.98596E-05 9.98596E-05 0.0061634 0.0284651 9.98596E-05 9.98596E-05 9.98596E-05 0.896733
9.98595E-05 0.11507 0.120548 9.98595E-05 9.98595E-05 0.114427 9.98595E-05 9.98595E-05 9.98595E-05 9.98595E-05 9.98595E-05 0.28491 9.98595E-05 9.98595E-05 9.98595E-05 9.98595E-05 9.98595E-05 9.98595E-05 9.98595E-05 9.98595E-05 0.363446
9.98594E-05 9.98594E-05 0.0388626 9.98594E-05 9.98594E-05 9.98594E-05 0.114356 9.98594E-05 9.98594E-05 9.98594E-05 9.98594E-05 0.0184388 9.98594E-05 9.98594E-05 9.98594E-05 9.98594E-05 9.98594E-05 0.00110535 9.98594E-05 9.98594E-05 0.82564
9.98422E-05 9.98422E-05 0.0310592 9.98422E-05 9.98422E-05 9.98422E-05 9.98422E-05 9.98422E-05 9.98422E-05 9.98422E-05 9.98422E-05 9.98422E-05 9.98422E-05 9.98422E-05 9.98422E-05 9.98422E-05 0.0260503 9.98422E-05 9.98422E-05 9.98422E-05 0.941093
9.98682E-05 9.98682E-05 9.98682E-05 0.253992 0.024501 9.98682E-05 9.98682E-05 0.0386964 9.98682E-05 9.98682E-05 0.13705 0.00868985 9.98682E-05 9.98682E-05 9.98682E-05 9.98682E-05 9.98682E-05 9.98682E-05 9.98682E-05 9.98682E-05 0.535572
9.98507E-05 9.98507E-05 0.169483 9.98507E-05 9.98507E-05 9.98507E-05 9.98507E-05 9.98507E-05 9.98507E-05 9.98507E-05 9.98507E-05 0.0803992 9.98507E-05 9.98507E-05 0.01202 9.98507E-05 9.98507E-05 9.98507E-05 9.98507E-05 9.98507E-05 0.7364
0.0027026 9.98683E-05 9.98683E-05 0.216336 9.98683E-05 9.98683E-05 9.98683E-05 0.022527 9.98683E-05 9.98683E-05 9.98683E-05 0.0778303 9.98683E-05 9.98683E-05 9.98683E-05 9.98683E-05 0.520359 9.98683E-05 9.98683E-05 9.98683E-05 0.158746
9.98596E-05 0.0199531 0.0346319 9.98596E-05 0.0212167 9.98596E-05 9.98596E-05 9.98596E-05 9.98596E-05 9.98596E-05 9.98596E-05 9.98596E-05 9.98596E-05 9.98596E-05 9.98596E-05 9.98596E-05 0.435139 9.98596E-05 9.98596E-05 9.98596E-05 0.487462
9.98333E-05 9.98333E-05 9.98333E-05 9.98333E-05 9.98333E-05 9.98333E-05 9.98333E-05 9.98333E-05 9.98333E-05 9.98333E-05 9.98333E-05 9.98333E-05 9.98333E-05 9.98333E-05 9.98333E-05 9.98333E-05 0.696579 9.98333E-05 9.98333E-05 9.98333E-05 0.301524
9.98334E-05 9.98334E-05 9.98334E-05 0.642423 9.98334E-05 9.98334E-05 9.98334E-05 9.98334E-05 9.98334E-05 9.98334E-05 9.98334E-05 9.98334E-05 9.98334E-05 9.98334E-05 9.98334E-05 9.98334E-05 9.98334E-05 9.98334E-05 9.98334E-05 9.98334E-05 0.35568
0.00930599 9.98595E-05 0.304256 9.98595E-05 9.98595E-05 9.98595E-05 9.98595E-05 9.98595E-05 9.98595E-05 0.0987728 9.98595E-05 0.0979024 9.98595E-05 9.98595E-05 9.98595E-05 9.98595E-05 9.98595E-05 9.98595E-05 9.98595E-05 9.98595E-05 0.488165
9.98421E-05 9.98421E-05 9.98421E-05 9.98421E-05 9.98421E-05 9.98421E-05 9.98421E-05 9.98421E-05 9.98421E-05 9.98421E-05 9.98421E-05 0.103711 9.98421E-05 9.98421E-05 9.98421E-05 9.98421E-05 9.98421E-05 0.116842 9.98421E-05 9.98421E-05 0.777649
9.98597E-05 0.0461927 0.0576021 0.758678 9.98597E-05 9.98597E-05 9.98597E-05 9.98597E-05 9.98597E-05 9.98597E-05 9.98597E-05 0.0972773 9.98597E-05 9.98597E-05 9.98597E-05 9.98597E-05 9.98597E-05 9.98597E-05 9.98597E-05 9.98597E-05 0.0386519
9.98421E-05 9.98421E-05 0.0250764 0.674292 9.98421E-05 9.98421E-05 9.98421E-05 9.98421E-05 9.98421E-05 9.98421E-05 9.98421E-05 9.98421E-05 9.98421E-05 9.98421E-05 9.98421E-05 9.98421E-05 9.98421E-05 9.98421E-05 9.98421E-05 9.98421E-05 0.298835
9.98683E-05 0.120886 9.98683E-05 9.98683E-05 9.98683E-05 0.0318037 0.0780638 9.98683E-05 9.98683E-05 0.13098 9.98683E-05 0.159861 9.98683E-05 9.98683E-05 9.98683E-05 9.98683E-05 9.98683E-05 9.98683E-05 9.98683E-05 9.98683E-05 0.476908
9.98772E-05 9.98772E-05 0.0808918 9.98772E-05 9.98772E-05 9.98772E-05 9.98772E-05 9.98772E-05 9.98772E-05 9.98772E-05 0.00757722 0.0966409 0.109191 9.98772E-05 0.00439104 9.98772E-05 0.0562743 9.98772E-05 9.98772E-05 9.98772E-05 0.643636
9.9886E-05 9.9886E-05 9.9886E-05 9.9886E-05 9.9886E-05 9.9886E-05 0.0549586 9.9886E-05 9.9886E-05 0.106244 9.9886E-05 0.132391 9.9886E-05 0.0901716 0.00612933 9.9886E-05 0.189854 0.025454 9.9886E-05 9.9886E-05 0.393499
9.98509E-05 9.98509E-05 0.211006 9.98509E-05 9.98509E-05 9.98509E-05 0.0916694 9.98509E-05 9.98509E-05 9.98509E-05 9.98509E-05 0.276052 9.98509E-05 9.98509E-05 9.98509E-05 9.98509E-05 9.98509E-05 9.98509E-05 9.98509E-05 9.98509E-05 0.419576
9.98421E-05 9.98421E-05 0.0159659 9.98421E-05 9.98421E-05 9.98421E-05 9.98421E-05 9.98421E-05 9.98421E-05 9.98421E-05 9.98421E-05 9.98421E-05 9.98421E-05 9.98421E-05 9.98421E-05 9.98421E-05 0.697823 9.98421E-05 9.98421E-05 9.98421E-05 0.284414
9.98595E-05 9.98595E-05 0.0278911 9.98595E-05 9.98595E-05 9.98595E-05 0.0175077 0.246158 9.98595E-05 9.98595E-05 0.0844234 9.98595E-05 9.98595E-05 9.98595E-05 9.98595E-05 9.98595E-05 9.98595E-05 9.98595E-05 9.98595E-05 9.98595E-05 0.622422
9.98683E-05 9.98683E-05 9.98683E-05 0.0763876 9.98683E-05 0.0271287 9.98683E-05 9.98683E-05 9.98683E-05 0.0156389 9.98683E-05 0.0927473 9.98683E-05 9.98683E-05 9.98683E-05 9.98683E-05 0.773283 9.98683E-05 9.98683E-05 9.98683E-05 0.013316
9.98947E-05 9.98947E-05 0.120291 0.0649825 0.0900484 0.0428391 9.98947E-05 9.98947E-05 9.98947E-05 9.98947E-05 0.0229452 0.0236584 9.98947E-05 9.98947E-05 0.0329776 9.98947E-05 0.166578 9.98947E-05 9.98947E-05 9.98947E-05 0.434482
9.9842E-05 9.9842E-05 9.9842E-05 9.9842E-05 9.9842E-05 9.9842E-05 9.9842E-05 9.9842E-05 9.9842E-05 0.0932697 9.9842E-05 0.0481914 9.9842E-05 9.9842E-05 9.9842E-05 9.9842E-05 9.9842E-05 9.9842E-05 9.9842E-05 9.9842E-05 0.856742
9.98507E-05 9.98507E-05 9.98507E-05 9.98507E-05 9.98507E-05 9.98507E-05 9.98507E-05 0.103683 0.00159353 9.98507E-05 9.98507E-05 9.98507E-05 9.98507E-05 9.98507E-05 0.0388685 9.98507E-05 9.98507E-05 9.98507E-05 9.98507E-05 9.98507E-05 0.854157
9.98507E-05 9.98507E-05 0.142208 9.98507E-05 9.98507E-05 9.98507E-05 9.98507E-05 9.98507E-05 9.98507E-05 0.25177 9.98507E-05 0.133628 9.98507E-05 9.98507E-05 9.98507E-05 9.98507E-05 9.98507E-05 9.98507E-05 9.98507E-05 9.98507E-05 0.470696
9.9842E-05 9.9842E-05 0.137319 9.9842E-05 9.9842E-05 9.9842E-05 9.9842E-05 9.9842E-05 9.9842E-05 9.9842E-05 9.9842E-05 0.138443 9.9842E-05 9.9842E-05 9.9842E-05 9.9842E-05 9.9842E-05 9.9842E-05 9.9842E-05 9.9842E-05 0.722441
9.9842E-05 9.9842E-05 9.9842E-05 9.9842E-05 0.098697 0.0177023 9.9842E-05 9.9842E-05 9.9842E-05 9.9842E-05 9.9842E-05 9.9842E-05 9.9842E-05 9.9842E-05 9.9842E-05 9.9842E-05 9.9842E-05 9.9842E-05 9.9842E-05 9.9842E-05 0.881804
9.98771E-05 0.0461864 0.0888831 9.98771E-05 9.98771E-05 9.98771E-05 9.98771E-05 0.0139019 9.98771E-05 9.98771E-05 9.98771E-05 0.0189837 9.98771E-05 9.98771E-05 9.98771E-05 0.0831655 0.243386 9.98771E-05 9.98771E-05 9.98771E-05 0.504095
9.98596E-05 9.98596E-05 0.0150247 9.98596E-05 9.98596E-05 9.98596E-05 9.98596E-05 9.98596E-05 9.98596E-05 0.109157 9.98596E-05 0.164424 9.98596E-05 9.98596E-05 9.98596E-05 9.98596E-05 0.359785 9.98596E-05 9.98596E-05 9.98596E-05 0.350012
9.98243E-05 9.98243E-05 0.998004 9.98243E-05 9.98243E-05 9.98243E-05 9.98243E-05 9.98243E-05 9.98243E-05 9.98243E-05 9.98243E-05 9.98243E-05 9.98243E-05 9.98243E-05 9.98243E-05 9.98243E-05 9.98243E-05 9.98243E-05 9.98243E-05 9.98243E-05 9.98243E-05
9.98241E-05 9.98241E-05 9.98241E-05 9.98241E-05 9.98241E-05 9.98241E-05 9.98241E-05 9.98241E-05 9.98241E-05 9.98241E-05 9.98241E-05 0.998004 9.98241E-05 9.98241E-05 9.98241E-05 9.98241E-05 9.98241E-05 9.98241E-05 9.98241E-05 9.98241E-05 9.98241E-05
9.98243E-05 9.98243E-05 0.998004 9.98243E-05 9.98243E-05 9.98243E-05 9.98243E-05 9.98243E-05 9.98243E-05 9.98243E-05 9.98243E-05 9.98243E-05 9.98243E-05 9.98243E-05 9.98243E-05 9.98243E-05 9.98243E-05 9.98243E-05 9.98243E-05 9.98243E-05 9.98243E-05
9.98241E-05 9.98241E-05 9.98241E-05 9.98241E-05 9.98241E-05 9.98241E-05 9.98241E-05 9.98241E-05 9.98241E-05 9.98241E-05 9.98241E-05 0.998004 9.98241E-05 9.98241E-05 9.98241E-05 9.98241E-05 9.98241E-05 9.98241E-05 9.98241E-05 9.98241E-05 9.98241E-05
9.98242E-05 9.98242E-05 9.98242E-05 9.98242E-05 9.98242E-05 9.98242E-05 9.98242E-05 9.98242E-05 9.98242E-05 9.98242E-05 9.98242E-05 0.998004 9.98242E-05 9.98242E-05 9.98242E-05 9.98242E-05 9.98242E-05 9.98242E-05 9.98242E-05 9.98242E-05 9.98242E-05
9.98243E-05 9.98243E-05 9.98243E-05 9.98243E-05 9.98243E-05 9.98243E-05 9.98243E-05 9.98243E-05 9.98243E-05 9.98243E-05 9.98243E-05 0.998004 9.98243E-05 9.98243E-05 9.98243E-05 9.98243E-05 9.98243E-05 9.98243E-05 9.98243E-05 9.98243E-05 9.98243E-05
9.98243E-05 9.98243E-05 0.998004 9.98243E-05 9.98243E-05 9.98243E-05 9.98243E-05 9.98243E-05 9.98243E-05 9.98243E-05 9.98243E-05 9.98243E-05 9.98243E-05 9.98243E-05 9.98243E-05 9.98243E-05 9.98243E-05 9.98243E-05 9.98243E-05 9.98243E-05 9.98243E-05
9.98243E-05 9.98243E-05 9.98243E-05 9.98243E-05 9.98243E-05 9.98243E-05 9.98243E-05 9.98243E-05 9.98243E-05 9.98243E-05 9.98243E-05 0.998004 9.98243E-05 9.98243E-05 9.98243E-05 9.98243E-05 9.98243E-05 9.98243E-05 9.98243E-05 9.98243E-05 9.98243E-05
9.98104E-05 9.98104E-05 9.98104E-05 9.98104E-05 9.98104E-05 9.98104E-05 9.98104E-05 9.98104E-05 9.98104E-05 9.98104E-05 9.98104E-05 0.998004 9.98104E-05 9.98104E-05 9.98104E-05 9.98104E-05 9.98104E-05 9.98104E-05 9.98104E-05 9.98104E-05 9.98104E-05
9.98242E-05 9.98242E-05 0.998004 9.98242E-05 9.98242E-05 9.98242E-05 9.98242E-05 9.98242E-05 9.98242E-05 9.98242E-05 9.98242E-05 9.98242E-05 9.98242E-05 9.98242E-05 9.98242E-05 9.98242E-05 9.98242E-05 9.98242E-05 9.98242E-05 9.98242E-05 9.98242E-05
9.98243E-05 9.98243E-05 0.998004 9.98243E-05 9.98243E-05 9.98243E-05 9.98243E-05 9.98243E-05 9.98243E-05 9.98243E-05 9.98243E-05 9.98243E-05 9.98243E-05 9.98243E-05 9.98243E-05 9.98243E-05 9.98243E-05 9.98243E-05 9.98243E-05 9.98243E-05 9.98243E-05
9.98242E-05 9.98242E-05 0.998004 9.98242E-05 9.98242E-05 9.98242E-05 9.98242E-05 9.98242E-05 9.98242E-05 9.98242E-05 9.98242E-05 9.98242E-05 9.98242E-05 9.98242E-05 9.98242E-05 9.98242E-05 9.98242E-05 9.98242E-05 9.98242E-05 9.98242E-05 9.98242E-05
9.98243E-05 9.98243E-05 9.98243E-05 9.98243E-05 9.98243E-05 9.98243E-05 9.98243E-05 9.98243E-05 9.98243E-05 9.98243E-05 9.98243E-05 0.998004 9.98243E-05 9.98243E-05 9.98243E-05 9.98243E-05 9.98243E-05 9.98243E-05 9.98243E-05 9.98243E-05 9.98243E-05
9.98241E-05 9.98241E-05 9.98241E-05 9.98241E-05 9.98241E-05 9.98241E-05 9.98241E-05 9.98241E-05 9.98241E-05 9.98241E-05 9.98241E-05 0.998004 9.98241E-05 9.98241E-05 9.98241E-05 9.98241E-05 9.98241E-05 9.98241E-05 9.98241E-05 9.98241E-05 9.98241E-05
9.98243E-05 9.98243E-05 0.998004 9.98243E-05 9.98243E-05 9.98243E-05 9.98243E-05 9.98243E-05 9.98243E-05 9.98243E-05 9.98243E-05 9.98243E-05 9.98243E-05 9.98243E-05 9.98243E-05 9.98243E-05 9.98243E-05 9.98243E-05 9.98243E-05 9.98243E-05 9.98243E-05
9.98242E-05 9.98242E-05 0.998004 9.98242E-05 9.98242E-05 9.98242E-05 9.98242E-05 9.98242E-05 9.98242E-05 9.98242E-05 9.98242E-05 9.98242E-05 9.98242E-05 9.98242E-05 9.98242E-05 9.98242E-05 9.98242E-05 9.98242E-05 9.98242E-05 9.98242E-05 9.98242E-05
9.9877E-05 0.00926174 0.0791413 9.9877E-05 9.9877E-05 9.9877E-05 9.9877E-05 0.0012014 0.179141 9.9877E-05 9.9877E-05 0.0266744 9.9877E-05 0.0959618 9.9877E-05 9.9877E-05 9.9877E-05 9.9877E-05 9.9877E-05 9.9877E-05 0.60722
9.98242E-05 9.98242E-05 0.998004 9.98242E-05 9.98242E-05 9.98242E-05 9.98242E-05 9.98242E-05 9.98242E-05 9.98242E-05 9.98242E-05 9.98242E-05 9.98242E-05 9.98242E-05 9.98242E-05 9.98242E-05 9.98242E-05 9.98242E-05 9.98242E-05 9.98242E-05 9.98242E-05
