0.092982 9.98946E-05 9.98946E-05 9.98946E-05 0.0518676 9.98946E-05 9.98946E-05 9.98946E-05 0.355057 0.0422552 0.00507963 9.98946E-05 9.98946E-05 9.98946E-05 9.98946E-05 0.40199 9.98946E-05 9.98946E-05 0.0495695
0.00771223 9.98859E-05 9.98859E-05 9.98859E-05 0.0116916 9.98859E-05 0.0255814 9.98859E-05 9.98859E-05 0.1586 9.98859E-05 0.0173114 9.98859E-05 9.98859E-05 9.98859E-05 0.777804 9.98859E-05 9.98859E-05 9.98859E-05
0.00114938 0.0410814 9.98947E-05 9.98947E-05 9.98947E-05 9.98947E-05 9.98947E-05 9.98947E-05 0.0315974 9.98947E-05 9.98947E-05 9.98947E-05 9.98947E-05 9.98947E-05 9.98947E-05 0.859679 0.025563 0.0356398 0.00409092
0.0390879 0.128583 9.99122E-05 0.180464 0.000292991 9.99122E-05 9.99122E-05 9.99122E-05 0.232688 9.99122E-05 0.0129599 0.00809518 9.99122E-05 9.99122E-05 0.184337 0.212493 9.99122E-05 9.99122E-05 9.99122E-05
9.98772E-05 0.0519811 9.98772E-05 9.98772E-05 9.98772E-05 9.98772E-05 9.98772E-05 9.98772E-05 9.98772E-05 0.035082 9.98772E-05 9.98772E-05 9.98772E-05 9.98772E-05 0.1165 0.76954 0.0254986 9.98772E-05 9.98772E-05
9.98947E-05 0.278029 9.98947E-05 9.98947E-05 9.98947E-05 9.98947E-05 9.98947E-05 9.98947E-05 0.0652566 0.0361223 0.105756 9.98947E-05 9.98947E-05 9.98947E-05 0.173765 0.260134 0.0797373 9.98947E-05 9.98947E-05
0.0168015 9.99123E-05 9.99123E-05 0.172631 0.08175 9.99123E-05 9.99123E-05 9.99123E-05 0.143768 0.163653 9.99123E-05 9.99123E-05 9.99123E-05 0.0616066 9.99123E-05 0.279364 9.99123E-05 0.0704093 0.00901659
9.99211E-05 0.0683107 9.99211E-05 0.0194785 0.0061717 0.0406365 9.99211E-05 9.99211E-05 0.341949 9.99211E-05 0.112251 9.99211E-05 9.99211E-05 9.99211E-05 0.211408 0.147225 0.0217526 0.0299176 9.99211E-05
0.175804 0.0568041 9.9886E-05 9.9886E-05 9.9886E-05 9.9886E-05 9.9886E-05 9.9886E-05 9.9886E-05 9.9886E-05 0.29041 0.00131778 9.9886E-05 9.9886E-05 9.9886E-05 0.228342 9.9886E-05 9.9886E-05 0.246024
0.0769479 9.98508E-05 9.98508E-05 9.98508E-05 9.98508E-05 9.98508E-05 9.98508E-05 9.98508E-05 9.98508E-05 9.98508E-05 9.98508E-05 9.98508E-05 9.98508E-05 9.98508E-05 9.98508E-05 0.921355 9.98508E-05 9.98508E-05 9.98508E-05
0.222455 9.98684E-05 9.98684E-05 9.98684E-05 0.112052 9.98684E-05 9.98684E-05 9.98684E-05 0.184031 9.98684E-05 9.98684E-05 9.98684E-05 9.98684E-05 9.98684E-05 9.98684E-05 0.479964 9.98684E-05 9.98684E-05 9.98684E-05
0.0172883 9.9886E-05 9.9886E-05 9.9886E-05 0.0198509 9.9886E-05 9.9886E-05 9.9886E-05 9.9886E-05 9.9886E-05 9.9886E-05 0.0121355 0.0497835 9.9886E-05 0.0373589 0.862284 9.9886E-05 9.9886E-05 9.9886E-05
0.0567634 9.98596E-05 9.98596E-05 9.98596E-05 9.98596E-05 9.98596E-05 9.98596E-05 9.98596E-05 0.173662 9.98596E-05 9.98596E-05 9.98596E-05 9.98596E-05 9.98596E-05 9.98596E-05 0.767977 9.98596E-05 9.98596E-05 9.98596E-05
0.0500681 9.99035E-05 0.0494517 9.99035E-05 0.0419084 9.99035E-05 9.99035E-05 9.99035E-05 0.0129117 9.99035E-05 9.99035E-05 9.99035E-05 0.0490758 0.0957544 9.99035E-05 0.621815 0.0779157 9.99035E-05 9.99035E-05
0.191184 0.159118 9.98948E-05 9.98948E-05 9.98948E-05 9.98948E-05 9.98948E-05 9.98948E-05 0.127857 0.0276014 0.112755 9.98948E-05 9.98948E-05 9.98948E-05 9.98948E-05 0.283055 9.98948E-05 9.98948E-05 0.0972308
0.237898 0.078462 9.99122E-05 0.0602301 9.99122E-05 0.0730278 9.99122E-05 0.0464161 0.167589 9.99122E-05 0.146632 9.99122E-05 0.00471157 9.99122E-05 9.99122E-05 0.184035 9.99122E-05 9.99122E-05 9.99122E-05
0.120587 9.98947E-05 0.155987 0.0658981 0.0245122 9.98947E-05 9.98947E-05 9.98947E-05 0.0022546 0.075603 9.98947E-05 9.98947E-05 9.98947E-05 9.98947E-05 9.98947E-05 0.55396 9.98947E-05 9.98947E-05 9.98947E-05
0.15633 0.0417889 9.99035E-05 9.99035E-05 9.99035E-05 0.147587 9.99035E-05 9.99035E-05 0.376165 9.99035E-05 0.0188438 0.0779434 9.99035E-05 9.99035E-05 9.99035E-05 0.136246 9.99035E-05 9.99035E-05 0.043997
0.15473 9.9886E-05 9.9886E-05 9.9886E-05 9.9886E-05 0.012014 9.9886E-05 9.9886E-05 0.176951 9.9886E-05 0.141925 9.9886E-05 9.9886E-05 9.9886E-05 0.135897 0.377185 9.9886E-05 9.9886E-05 9.9886E-05
9.98596E-05 9.98596E-05 9.98596E-05 9.98596E-05 9.98596E-05 9.98596E-05 9.98596E-05 9.98596E-05 9.98596E-05 9.98596E-05 0.0337648 0.0346618 9.98596E-05 9.98596E-05 9.98596E-05 0.929976 9.98596E-05 9.98596E-05 9.98596E-05
0.0281974 9.99035E-05 9.99035E-05 9.99035E-05 0.040978 9.99035E-05 9.99035E-05 9.99035E-05 9.99035E-05 9.99035E-05 0.127582 9.99035E-05 0.152823 0.130642 0.144057 0.374406 9.99035E-05 9.99035E-05 0.000215931
9.9886E-05 0.106367 9.9886E-05 9.9886E-05 9.9886E-05 9.9886E-05 9.9886E-05 9.9886E-05 0.323246 9.9886E-05 0.115251 9.9886E-05 9.9886E-05 9.9886E-05 0.134308 0.2455 0.0740292 9.9886E-05 9.9886E-05
0.128576 0.0765017 9.98947E-05 9.98947E-05 0.0553258 9.98947E-05 0.00607264 9.98947E-05 0.0450044 0.0316617 9.98947E-05 9.98947E-05 9.98947E-05 9.98947E-05 9.98947E-05 0.655659 9.98947E-05 9.98947E-05 9.98947E-05
0.192799 9.98771E-05 9.98771E-05 9.98771E-05 9.98771E-05 9.98771E-05 9.98771E-05 0.0430943 0.337955 9.98771E-05 9.98771E-05 9.98771E-05 9.98771E-05 9.98771E-05 9.98771E-05 0.342108 9.98771E-05 9.98771E-05 0.0826451
0.230718 0.173752 9.99209E-05 0.00101659 0.0456949 9.99209E-05 9.99209E-05 9.99209E-05 0.061387 9.99209E-05 0.020255 0.0850341 0.0863395 0.0373723 9.99209E-05 0.257531 9.99209E-05 9.99209E-05 9.99209E-05
0.0951975 0.0416493 9.9886E-05 0.0142827 9.9886E-05 9.9886E-05 9.9886E-05 9.9886E-05 0.109458 9.9886E-05 9.9886E-05 9.9886E-05 9.9886E-05 9.9886E-05 9.9886E-05 0.69622 9.9886E-05 0.0418938 9.9886E-05
0.0969506 0.362809 9.99034E-05 9.99034E-05 9.99034E-05 0.0881896 0.14127 0.0264443 0.254472 9.99034E-05 9.99034E-05 0.0174129 9.99034E-05 9.99034E-05 9.99034E-05 0.011353 9.99034E-05 9.99034E-05 9.99034E-05
0.076655 9.9886E-05 9.9886E-05 0.116666 9.9886E-05 9.9886E-05 9.9886E-05 9.9886E-05 0.0527988 0.0295088 9.9886E-05 9.9886E-05 9.9886E-05 0.067542 9.9886E-05 0.655531 9.9886E-05 9.9886E-05 9.9886E-05
0.173043 9.98859E-05 9.98859E-05 9.98859E-05 9.98859E-05 9.98859E-05 0.068908 9.98859E-05 0.0730664 9.98859E-05 9.98859E-05 9.98859E-05 9.98859E-05 0.0829378 9.98859E-05 0.585939 9.98859E-05 9.98859E-05 0.0148066
9.98772E-05 9.98772E-05 0.0186655 9.98772E-05 9.98772E-05 0.0243456 9.98772E-05 9.98772E-05 9.98772E-05 9.98772E-05 0.0541914 9.98772E-05 9.98772E-05 0.119798 9.98772E-05 0.781601 9.98772E-05 9.98772E-05 9.98772E-05
0.0518416 9.99035E-05 9.99035E-05 9.99035E-05 0.111486 0.00383398 0.0084124 9.99035E-05 0.132576 9.99035E-05 0.0292958 0.00744629 9.99035E-05 9.99035E-05 9.99035E-05 0.654009 9.99035E-05 9.99035E-05 9.99035E-05
0.0867959 0.151182 9.99035E-05 0.000981728 0.0651892 9.99035E-05 9.99035E-05 9.99035E-05 0.087797 9.99035E-05 9.99035E-05 9.99035E-05 9.99035E-05 0.086413 0.030916 0.489626 9.99035E-05 9.99035E-05 9.99035E-05
0.152476 0.0553531 9.98858E-05 9.98858E-05 0.08336 9.98858E-05 9.98858E-05 9.98858E-05 0.163663 9.98858E-05 9.98858E-05 9.98858E-05 0.0382331 9.98858E-05 9.98858E-05 0.505616 9.98858E-05 9.98858E-05 9.98858E-05
0.0902193 9.9921E-05 9.9921E-05 9.9921E-05 0.0395848 0.063104 9.9921E-05 9.9921E-05 0.0216827 9.9921E-05 9.9921E-05 0.0161948 0.00740297 0.291202 9.9921E-05 0.431237 0.0228452 0.015628 9.9921E-05
0.00608131 9.9886E-05 9.9886E-05 9.9886E-05 0.0116767 9.9886E-05 9.9886E-05 9.9886E-05 9.9886E-05 0.0830994 0.00225757 0.107207 9.9886E-05 9.9886E-05 9.9886E-05 0.78838 9.9886E-05 9.9886E-05 9.9886E-05
9.98947E-05 9.98947E-05 9.98947E-05 0.181449 9.98947E-05 9.98947E-05 0.0713383 9.98947E-05 0.01145 0.00809638 0.0348289 9.98947E-05 9.98947E-05 9.98947E-05 9.98947E-05 0.649454 9.98947E-05 9.98947E-05 0.0421847
9.98859E-05 9.98859E-05 9.98859E-05 9.98859E-05 0.0121458 9.98859E-05 9.98859E-05 9.98859E-05 9.98859E-05 0.0389805 9.98859E-05 9.98859E-05 0.0239682 9.98859E-05 0.0426568 0.845724 9.98859E-05 0.0352263 9.98859E-05
0.0877368 9.98772E-05 9.98772E-05 9.98772E-05 9.98772E-05 9.98772E-05 9.98772E-05 9.98772E-05 9.98772E-05 0.00016876 0.203143 0.11394 9.98772E-05 9.98772E-05 9.98772E-05 0.593613 9.98772E-05 9.98772E-05 9.98772E-05
0.153474 9.99211E-05 0.0479739 9.99211E-05 0.0220865 9.99211E-05 9.99211E-05 9.99211E-05 0.0159646 0.100116 0.0271293 9.99211E-05 0.00563806 9.99211E-05 0.0341751 0.5221 0.0704439 9.99211E-05 9.99211E-05
0.135245 0.128702 9.98947E-05 9.98947E-05 9.98947E-05 9.98947E-05 9.98947E-05 0.0146497 9.98947E-05 9.98947E-05 9.98947E-05 9.98947E-05 0.0888604 0.0331972 9.98947E-05 0.575119 9.98947E-05 0.0230286 9.98947E-05
0.0929028 9.98859E-05 9.98859E-05 9.98859E-05 0.0262585 9.98859E-05 9.98859E-05 9.98859E-05 0.154432 9.98859E-05 9.98859E-05 9.98859E-05 9.98859E-05 9.98859E-05 0.0248649 0.697232 9.98859E-05 0.00301164 9.98859E-05
0.109669 9.98685E-05 9.98685E-05 9.98685E-05 9.98685E-05 9.98685E-05 0.0684422 9.98685E-05 0.200389 9.98685E-05 9.98685E-05 9.98685E-05 9.98685E-05 9.98685E-05 9.98685E-05 0.620001 9.98685E-05 9.98685E-05 9.98685E-05
9.98947E-05 0.000769874 0.00810995 9.98947E-05 9.98947E-05 9.98947E-05 0.117207 9.98947E-05 9.98947E-05 9.98947E-05 9.98947E-05 0.000967503 9.98947E-05 9.98947E-05 0.00578084 0.850453 9.98947E-05 0.0155129 9.98947E-05
0.182788 9.98859E-05 9.98859E-05 9.98859E-05 0.0028152 9.98859E-05 9.98859E-05 9.98859E-05 0.231241 9.98859E-05 0.0937171 9.98859E-05 9.98859E-05 9.98859E-05 9.98859E-05 0.422255 9.98859E-05 9.98859E-05 0.0658854
0.167915 9.98859E-05 9.98859E-05 0.065574 9.98859E-05 9.98859E-05 9.98859E-05 9.98859E-05 0.45556 9.98859E-05 9.98859E-05 9.98859E-05 9.98859E-05 9.98859E-05 0.0243751 0.194973 0.0903037 9.98859E-05 9.98859E-05
0.0308814 9.9877E-05 9.9877E-05 9.9877E-05 9.9877E-05 9.9877E-05 9.9877E-05 9.9877E-05 9.9877E-05 9.9877E-05 0.00504266 0.054085 9.9877E-05 9.9877E-05 0.0995391 0.809053 9.9877E-05 9.9877E-05 9.9877E-05
0.0988325 9.9886E-05 9.9886E-05 0.0682367 0.0164529 0.0224961 9.9886E-05 9.9886E-05 9.9886E-05 9.9886E-05 0.0312857 9.9886E-05 9.9886E-05 9.9886E-05 9.9886E-05 0.761398 9.9886E-05 9.9886E-05 9.9886E-05
0.0484238 9.98596E-05 9.98596E-05 9.98596E-05 9.98596E-05 9.98596E-05 9.98596E-05 9.98596E-05 9.98596E-05 9.98596E-05 9.98596E-05 9.98596E-05 9.98596E-05 9.98596E-05 9.98596E-05 0.925141 0.0248372 9.98596E-05 9.98596E-05
0.137016 9.98682E-05 9.98682E-05 9.98682E-05 9.98682E-05 9.98682E-05 9.98682E-05 9.98682E-05 0.195714 9.98682E-05 9.98682E-05 9.98682E-05 0.0544637 9.98682E-05 9.98682E-05 0.611309 9.98682E-05 9.98682E-05 9.98682E-05
9.98863E-05 0.0565973 9.98863E-05 9.98863E-05 9.98863E-05 9.98863E-05 9.98863E-05 9.98863E-05 9.98863E-05 9.98863E-05 0.0118552 9.98863E-05 9.98863E-05 9.98863E-05 0.16078 0.658259 0.040814 0.0703954 9.98863E-05
0.220136 0.142879 9.9921E-05 9.9921E-05 0.134445 9.9921E-05 9.9921E-05 0.00805967 0.0443126 9.9921E-05 0.0065686 0.0413682 9.9921E-05 0.080836 9.9921E-05 0.311198 9.9921E-05 9.9921E-05 0.00929685
0.0367061 0.0521672 9.99123E-05 0.0844942 9.99123E-05 9.99123E-05 9.99123E-05 9.99123E-05 0.0956968 9.99123E-05 9.99123E-05 0.0232276 0.00269048 9.99123E-05 9.99123E-05 0.60618 0.0720035 9.99123E-05 0.0258355
0.0313465 9.98859E-05 9.98859E-05 9.98859E-05 9.98859E-05 0.0407326 9.98859E-05 9.98859E-05 0.0287322 0.02275 0.0199136 9.98859E-05 9.98859E-05 9.98859E-05 9.98859E-05 0.855227 9.98859E-05 9.98859E-05 9.98859E-05
0.0767229 0.0328871 9.99124E-05 9.99124E-05 9.99124E-05 9.99124E-05 9.99124E-05 0.0466637 9.99124E-05 0.0100604 0.0631447 9.99124E-05 0.116017 9.99124E-05 9.99124E-05 0.552168 0.0425576 0.0587791 9.99124E-05
0.11368 9.9886E-05 9.9886E-05 9.9886E-05 0.0194218 9.9886E-05 9.9886E-05 9.9886E-05 9.9886E-05 9.9886E-05 9.9886E-05 9.9886E-05 0.00693185 9.9886E-05 9.9886E-05 0.721168 0.049324 9.9886E-05 0.0881761
9.99035E-05 0.166179 9.99035E-05 9.99035E-05 0.0215359 0.00225913 9.99035E-05 0.0104384 0.0182055 9.99035E-05 9.99035E-05 0.0348812 9.99035E-05 9.99035E-05 0.02552 0.719882 9.99035E-05 9.99035E-05 9.99035E-05
0.0112748 9.99035E-05 9.99035E-05 9.99035E-05 0.0330309 0.0465599 9.99035E-05 9.99035E-05 0.0966546 0.00452404 0.0375131 9.99035E-05 9.99035E-05 9.99035E-05 0.074517 0.694827 9.99035E-05 9.99035E-05 9.99035E-05
0.0264802 9.98597E-05 9.98597E-05 0.154782 9.98597E-05 9.98597E-05 9.98597E-05 9.98597E-05 9.98597E-05 9.98597E-05 9.98597E-05 9.98597E-05 9.98597E-05 9.98597E-05 9.98597E-05 0.81714 9.98597E-05 9.98597E-05 9.98597E-05
9.98684E-05 9.98684E-05 9.98684E-05 9.98684E-05 9.98684E-05 9.98684E-05 9.98684E-05 9.98684E-05 9.98684E-05 0.00193358 0.029141 9.98684E-05 9.98684E-05 9.98684E-05 9.98684E-05 0.78901 9.98684E-05 0.178417 9.98684E-05
0.187824 9.99036E-05 9.99036E-05 9.99036E-05 0.0669141 0.0926883 0.0753656 9.99036E-05 0.379437 0.153638 9.99036E-05 9.99036E-05 9.99036E-05 0.0147304 9.99036E-05 9.99036E-05 9.99036E-05 9.99036E-05 0.0283032
9.98774E-05 9.98774E-05 9.98774E-05 0.0337238 9.98774E-05 9.98774E-05 0.567215 9.98774E-05 0.324609 9.98774E-05 9.98774E-05 9.98774E-05 9.98774E-05 9.98774E-05 9.98774E-05 0.0283685 9.98774E-05 9.98774E-05 0.0446851
0.0448706 9.99211E-05 0.0628199 9.99211E-05 9.99211E-05 0.10028 0.360507 0.024941 0.137418 0.0762221 9.99211E-05 9.99211E-05 9.99211E-05 9.99211E-05 9.99211E-05 0.066563 9.99211E-05 0.110928 0.0145515
0.0798712 0.235101 9.99035E-05 9.99035E-05 9.99035E-05 0.05313 0.107124 9.99035E-05 9.99035E-05 0.332088 0.120658 9.99035E-05 9.99035E-05 0.0407176 9.99035E-05 9.99035E-05 9.99035E-05 0.0302112 9.99035E-05
0.162515 9.98947E-05 9.98947E-05 9.98947E-05 0.061246 9.98947E-05 0.0763733 9.98947E-05 0.564602 0.0318587 0.0230831 9.98947E-05 9.98947E-05 9.98947E-05 9.98947E-05 9.98947E-05 9.98947E-05 0.0791232 9.98947E-05
0.218625 9.98946E-05 9.98946E-05 9.98946E-05 9.98946E-05 9.98946E-05 0.0761204 9.98946E-05 0.450301 0.0645362 0.0470634 9.98946E-05 9.98946E-05 0.0865746 9.98946E-05 9.98946E-05 9.98946E-05 9.98946E-05 0.0555803
0.205012 9.98859E-05 9.98859E-05 9.98859E-05 0.134055 9.98859E-05 0.022738 9.98859E-05 0.13542 0.480042 9.98859E-05 9.98859E-05 0.0214348 9.98859E-05 9.98859E-05 9.98859E-05 9.98859E-05 9.98859E-05 9.98859E-05
0.119383 0.145873 9.99034E-05 9.99034E-05 9.99034E-05 0.140831 0.0119474 9.99034E-05 0.267981 0.263213 0.0246983 9.99034E-05 9.99034E-05 9.99034E-05 9.99034E-05 9.99034E-05 9.99034E-05 0.0249741 9.99034E-05
0.0369848 9.98947E-05 0.0085216 9.98947E-05 9.98947E-05 0.0264955 0.476276 9.98947E-05 0.276477 0.151368 9.98947E-05 9.98947E-05 9.98947E-05 9.98947E-05 9.98947E-05 9.98947E-05 9.98947E-05 9.98947E-05 0.0226789
0.0813226 9.98859E-05 9.98859E-05 0.0372558 0.102742 9.98859E-05 0.294395 9.98859E-05 0.360028 9.98859E-05 9.98859E-05 9.98859E-05 9.98859E-05 9.98859E-05 9.98859E-05 0.122957 9.98859E-05 9.98859E-05 9.98859E-05
0.330517 9.98858E-05 9.98858E-05 9.98858E-05 0.175682 0.0253626 0.0692563 9.98858E-05 0.364128 9.98858E-05 0.0337559 9.98858E-05 9.98858E-05 9.98858E-05 9.98858E-05 9.98858E-05 9.98858E-05 9.98858E-05 9.98858E-05
0.0564096 9.9921E-05 9.9921E-05 0.0493876 0.0905111 0.0402892 0.0612267 9.9921E-05 0.454755 0.10179 9.9921E-05 9.9921E-05 0.0997963 9.9921E-05 0.0158963 9.9921E-05 0.0290383 9.9921E-05 9.9921E-05
0.0293273 0.17444 9.99297E-05 9.99297E-05 0.0551431 0.0164794 0.0409008 9.99297E-05 0.289762 0.120349 0.0998746 9.99297E-05 0.0384885 9.99297E-05 0.119692 9.99297E-05 0.014743 9.99297E-05 9.99297E-05
0.163893 9.98946E-05 9.98946E-05 9.98946E-05 9.98946E-05 9.98946E-05 0.065934 9.98946E-05 0.453653 0.202505 9.98946E-05 9.98946E-05 0.0323492 0.043585 0.0368819 9.98946E-05 9.98946E-05 9.98946E-05 9.98946E-05
0.0308894 9.99124E-05 9.99124E-05 9.99124E-05 0.0303237 0.0523181 0.490726 0.0271669 0.177731 9.99124E-05 9.99124E-05 9.99124E-05 9.99124E-05 0.0664539 9.99124E-05 0.121614 9.99124E-05 0.00177766 9.99124E-05
0.103665 9.98861E-05 0.0628061 9.98861E-05 0.0826462 9.98861E-05 0.428021 9.98861E-05 0.253646 9.98861E-05 9.98861E-05 9.98861E-05 9.98861E-05 9.98861E-05 0.0679173 9.98861E-05 9.98861E-05 9.98861E-05 9.98861E-05
0.0695061 0.134443 9.99034E-05 9.99034E-05 9.99034E-05 0.0367616 0.149516 9.99034E-05 0.282326 0.0507629 9.99034E-05 9.99034E-05 9.99034E-05 9.99034E-05 0.107687 9.99034E-05 9.99034E-05 0.167898 9.99034E-05
9.98859E-05 9.98859E-05 9.98859E-05 0.0504395 0.126823 0.037125 0.0926366 9.98859E-05 0.619911 9.98859E-05 0.0717665 9.98859E-05 9.98859E-05 9.98859E-05 9.98859E-05 9.98859E-05 9.98859E-05 9.98859E-05 9.98859E-05
0.106616 9.99036E-05 9.99036E-05 9.99036E-05 0.0157702 0.135966 9.99036E-05 9.99036E-05 0.458012 0.0296099 0.0935959 9.99036E-05 9.99036E-05 0.0597124 9.99036E-05 0.0996192 9.99036E-05 9.99036E-05 9.99036E-05
0.335553 9.98858E-05 9.98858E-05 9.98858E-05 9.98858E-05 0.0186566 0.334673 9.98858E-05 0.125621 9.98858E-05 9.98858E-05 9.98858E-05 0.00884535 9.98858E-05 9.98858E-05 9.98858E-05 9.98858E-05 0.175353 9.98858E-05
0.153673 9.98862E-05 0.2026 9.98862E-05 9.98862E-05 9.98862E-05 0.256872 9.98862E-05 0.263348 0.0473274 9.98862E-05 9.98862E-05 9.98862E-05 9.98862E-05 9.98862E-05 9.98862E-05 9.98862E-05 0.0748807 9.98862E-05
0.0994002 0.026639 9.98858E-05 9.98858E-05 9.98858E-05 0.0582596 0.182361 9.98858E-05 0.536161 0.0958801 9.98858E-05 9.98858E-05 9.98858E-05 9.98858E-05 9.98858E-05 9.98858E-05 9.98858E-05 9.98858E-05 9.98858E-05
0.0482953 0.250436 9.98949E-05 9.98949E-05 9.98949E-05 0.0274325 0.217384 9.98949E-05 0.317954 0.0910132 9.98949E-05 9.98949E-05 9.98949E-05 9.98949E-05 9.98949E-05 0.0462863 9.98949E-05 9.98949E-05 9.98949E-05
0.113257 0.104236 9.99298E-05 9.99298E-05 0.0161892 0.159022 0.168162 9.99298E-05 0.282766 9.99298E-05 0.0519298 9.99298E-05 9.99298E-05 9.99298E-05 0.068059 0.0101566 9.99298E-05 0.00867932 0.0167433
0.10595 0.00621424 9.98859E-05 9.98859E-05 0.186086 9.98859E-05 0.228966 9.98859E-05 0.412965 9.98859E-05 9.98859E-05 9.98859E-05 9.98859E-05 9.98859E-05 9.98859E-05 0.0585199 9.98859E-05 9.98859E-05 9.98859E-05
0.121472 9.99037E-05 0.0632374 9.99037E-05 9.99037E-05 9.99037E-05 0.197832 9.99037E-05 0.261478 0.0833629 0.0161838 0.050674 9.99037E-05 9.99037E-05 9.99037E-05 0.20466 9.99037E-05 9.99037E-05 9.99037E-05
0.00217785 9.9886E-05 0.11572 9.9886E-05 9.9886E-05 0.0191574 0.178556 9.9886E-05 0.543638 9.9886E-05 9.9886E-05 9.9886E-05 9.9886E-05 9.9886E-05 9.9886E-05 0.139453 9.9886E-05 9.9886E-05 9.9886E-05
0.122558 9.98862E-05 9.98862E-05 9.98862E-05 9.98862E-05 9.98862E-05 0.566687 9.98862E-05 0.19414 0.0713352 9.98862E-05 9.98862E-05 9.98862E-05 9.98862E-05 9.98862E-05 9.98862E-05 9.98862E-05 0.0234327 0.0205485
0.142682 0.0107821 9.98949E-05 9.98949E-05 9.98949E-05 0.176205 0.226629 9.98949E-05 0.327001 9.98949E-05 0.0428754 9.98949E-05 9.98949E-05 9.98949E-05 9.98949E-05 0.0726283 9.98949E-05 9.98949E-05 9.98949E-05
0.131144 9.98948E-05 0.145797 9.98948E-05 9.98948E-05 9.98948E-05 0.4017 9.98948E-05 9.98948E-05 9.98948E-05 0.140587 0.0177825 0.0433691 9.98948E-05 9.98948E-05 0.118422 9.98948E-05 9.98948E-05 9.98948E-05
0.0705127 0.843976 9.98597E-05 9.98597E-05 9.98597E-05 9.98597E-05 9.98597E-05 9.98597E-05 9.98597E-05 9.98597E-05 0.0839136 9.98597E-05 9.98597E-05 9.98597E-05 9.98597E-05 9.98597E-05 9.98597E-05 9.98597E-05 9.98597E-05
0.0108737 0.411134 0.357674 9.98772E-05 9.98772E-05 9.98772E-05 9.98772E-05 9.98772E-05 9.98772E-05 9.98772E-05 0.0136684 9.98772E-05 9.98772E-05 0.205252 9.98772E-05 9.98772E-05 9.98772E-05 9.98772E-05 9.98772E-05
0.0611846 0.336065 9.98683E-05 9.98683E-05 9.98683E-05 9.98683E-05 9.98683E-05 9.98683E-05 9.98683E-05 9.98683E-05 9.98683E-05 9.98683E-05 9.98683E-05 0.519427 9.98683E-05 9.98683E-05 0.0818254 9.98683E-05 9.98683E-05
0.0808215 0.355948 9.98857E-05 9.98857E-05 0.0174188 0.0138109 9.98857E-05 9.98857E-05 9.98857E-05 9.98857E-05 0.0606181 9.98857E-05 9.98857E-05 0.470084 9.98857E-05 9.98857E-05 9.98857E-05 9.98857E-05 9.98857E-05
9.98594E-05 0.979556 9.98594E-05 9.98594E-05 9.98594E-05 9.98594E-05 9.98594E-05 9.98594E-05 9.98594E-05 9.98594E-05 0.0026488 9.98594E-05 9.98594E-05 9.98594E-05 9.98594E-05 9.98594E-05 9.98594E-05 9.98594E-05 0.0161979
0.173537 0.620957 9.98685E-05 9.98685E-05 9.98685E-05 9.98685E-05 9.98685E-05 9.98685E-05 9.98685E-05 0.0983535 0.105654 9.98685E-05 9.98685E-05 9.98685E-05 9.98685E-05 9.98685E-05 9.98685E-05 9.98685E-05 9.98685E-05
0.0486071 0.323366 9.98946E-05 9.98946E-05 0.0181718 0.00631202 9.98946E-05 9.98946E-05 0.0489902 9.98946E-05 0.0698853 9.98946E-05 9.98946E-05 0.483469 9.98946E-05 9.98946E-05 9.98946E-05 9.98946E-05 9.98946E-05
9.98506E-05 9.98506E-05 9.98506E-05 9.98506E-05 9.98506E-05 9.98506E-05 9.98506E-05 9.98506E-05 9.98506E-05 9.98506E-05 0.250656 9.98506E-05 9.98506E-05 0.747646 9.98506E-05 9.98506E-05 9.98506E-05 9.98506E-05 9.98506E-05
0.000739286 0.170318 9.99033E-05 9.99033E-05 0.0250981 9.99033E-05 9.99033E-05 9.99033E-05 0.0120559 0.229161 0.319931 9.99033E-05 0.0324304 0.209168 9.99033E-05 9.99033E-05 9.99033E-05 9.99033E-05 9.99033E-05
0.248094 0.360804 9.98771E-05 0.00649225 9.98771E-05 9.98771E-05 9.98771E-05 9.98771E-05 9.98771E-05 9.98771E-05 0.199914 9.98771E-05 9.98771E-05 0.183298 9.98771E-05 9.98771E-05 9.98771E-05 9.98771E-05 9.98771E-05
9.98773E-05 0.370211 0.180324 9.98773E-05 0.0555688 9.98773E-05 9.98773E-05 9.98773E-05 9.98773E-05 0.213991 9.98773E-05 9.98773E-05 9.98773E-05 0.178507 9.98773E-05 9.98773E-05 9.98773E-05 9.98773E-05 9.98773E-05
0.0367483 0.237092 0.0692349 9.98948E-05 0.0286007 9.98948E-05 9.98948E-05 9.98948E-05 9.98948E-05 0.183465 9.98948E-05 0.0202009 9.98948E-05 0.42346 9.98948E-05 9.98948E-05 9.98948E-05 9.98948E-05 9.98948E-05
9.98597E-05 0.265205 9.98597E-05 9.98597E-05 9.98597E-05 9.98597E-05 9.98597E-05 9.98597E-05 9.98597E-05 9.98597E-05 0.117067 9.98597E-05 9.98597E-05 0.61613 9.98597E-05 9.98597E-05 9.98597E-05 9.98597E-05 9.98597E-05
0.187886 0.332324 9.98772E-05 9.98772E-05 9.98772E-05 9.98772E-05 9.98772E-05 9.98772E-05 9.98772E-05 9.98772E-05 0.159333 9.98772E-05 9.98772E-05 0.302392 9.98772E-05 9.98772E-05 9.98772E-05 9.98772E-05 0.0166672
9.98948E-05 0.666699 0.0540379 9.98948E-05 0.0190478 0.107617 9.98948E-05 9.98948E-05 9.98948E-05 9.98948E-05 0.028979 9.98948E-05 0.0919692 0.0304516 9.98948E-05 9.98948E-05 9.98948E-05 9.98948E-05 9.98948E-05
0.134152 0.737675 9.9886E-05 0.0214082 0.0294108 9.9886E-05 0.0523872 9.9886E-05 9.9886E-05 0.023669 9.9886E-05 9.9886E-05 9.9886E-05 9.9886E-05 9.9886E-05 9.9886E-05 9.9886E-05 9.9886E-05 9.9886E-05
0.0794703 0.272125 9.98771E-05 9.98771E-05 9.98771E-05 9.98771E-05 9.98771E-05 9.98771E-05 9.98771E-05 0.287028 9.98771E-05 0.0339946 9.98771E-05 0.325985 9.98771E-05 9.98771E-05 9.98771E-05 9.98771E-05 9.98771E-05
9.98773E-05 0.580506 9.98773E-05 9.98773E-05 9.98773E-05 9.98773E-05 9.98773E-05 9.98773E-05 0.0427663 9.98773E-05 0.124021 9.98773E-05 9.98773E-05 0.165419 9.98773E-05 9.98773E-05 0.085889 9.98773E-05 9.98773E-05
9.98597E-05 0.920937 0.0210746 9.98597E-05 9.98597E-05 9.98597E-05 9.98597E-05 9.98597E-05 9.98597E-05 0.0563909 9.98597E-05 9.98597E-05 9.98597E-05 9.98597E-05 9.98597E-05 9.98597E-05 9.98597E-05 9.98597E-05 9.98597E-05
0.156457 0.137923 0.139553 9.98859E-05 9.98859E-05 9.98859E-05 0.122178 9.98859E-05 9.98859E-05 9.98859E-05 0.157977 9.98859E-05 9.98859E-05 0.284614 9.98859E-05 9.98859E-05 9.98859E-05 9.98859E-05 9.98859E-05
0.0451303 0.764379 9.98685E-05 9.98685E-05 9.98685E-05 9.98685E-05 9.98685E-05 9.98685E-05 9.98685E-05 0.12074 9.98685E-05 9.98685E-05 9.98685E-05 9.98685E-05 9.98685E-05 9.98685E-05 0.068252 9.98685E-05 9.98685E-05
9.98771E-05 0.694032 9.98771E-05 9.98771E-05 0.0271386 0.0299479 9.98771E-05 9.98771E-05 9.98771E-05 9.98771E-05 0.081414 9.98771E-05 9.98771E-05 0.166069 9.98771E-05 9.98771E-05 9.98771E-05 9.98771E-05 9.98771E-05
0.203904 0.516754 9.98858E-05 9.98858E-05 9.98858E-05 9.98858E-05 9.98858E-05 9.98858E-05 9.98858E-05 0.109829 0.132661 0.0310298 9.98858E-05 9.98858E-05 0.00452393 9.98858E-05 9.98858E-05 9.98858E-05 9.98858E-05
9.98597E-05 0.793356 0.0676003 9.98597E-05 9.98597E-05 9.98597E-05 9.98597E-05 9.98597E-05 9.98597E-05 9.98597E-05 0.137446 9.98597E-05 9.98597E-05 9.98597E-05 9.98597E-05 9.98597E-05 9.98597E-05 9.98597E-05 9.98597E-05
0.170496 0.456346 9.98859E-05 9.98859E-05 9.98859E-05 9.98859E-05 9.98859E-05 9.98859E-05 9.98859E-05 0.0485791 0.17099 0.0777125 9.98859E-05 9.98859E-05 0.0745781 9.98859E-05 9.98859E-05 9.98859E-05 9.98859E-05
0.0935302 9.99035E-05 0.120119 9.99035E-05 0.0230874 9.99035E-05 9.99035E-05 0.00405921 0.0537041 0.0975929 0.108364 9.99035E-05 9.99035E-05 0.498444 9.99035E-05 9.99035E-05 9.99035E-05 9.99035E-05 9.99035E-05
0.00593861 0.309151 0.486125 9.98859E-05 9.98859E-05 9.98859E-05 9.98859E-05 9.98859E-05 9.98859E-05 9.98859E-05 9.98859E-05 9.98859E-05 9.98859E-05 0.0154096 9.98859E-05 9.98859E-05 9.98859E-05 0.00850952 0.173568
0.056047 0.616806 9.98769E-05 9.98769E-05 9.98769E-05 9.98769E-05 9.98769E-05 9.98769E-05 9.98769E-05 9.98769E-05 0.0985717 9.98769E-05 9.98769E-05 0.161182 0.0659952 9.98769E-05 9.98769E-05 9.98769E-05 9.98769E-05
0.136666 0.594883 9.9886E-05 9.9886E-05 9.9886E-05 9.9886E-05 0.00482017 9.9886E-05 0.0464519 0.0771733 0.138708 9.9886E-05 9.9886E-05 9.9886E-05 9.9886E-05 9.9886E-05 9.9886E-05 9.9886E-05 9.9886E-05
0.143224 0.768087 0.0249113 9.98685E-05 9.98685E-05 9.98685E-05 9.98685E-05 9.98685E-05 9.98685E-05 9.98685E-05 9.98685E-05 9.98685E-05 9.98685E-05 9.98685E-05 9.98685E-05 9.98685E-05 0.0622795 9.98685E-05 9.98685E-05
0.218238 0.11252 9.98947E-05 9.98947E-05 0.00473266 9.98947E-05 9.98947E-05 0.00591685 9.98947E-05 9.98947E-05 0.0516447 9.98947E-05 0.0349691 0.57078 9.98947E-05 9.98947E-05 9.98947E-05 9.98947E-05 9.98947E-05
9.98596E-05 0.800925 9.98596E-05 9.98596E-05 9.98596E-05 9.98596E-05 9.98596E-05 0.0207406 9.98596E-05 9.98596E-05 9.98596E-05 9.98596E-05 9.98596E-05 0.176736 9.98596E-05 9.98596E-05 9.98596E-05 9.98596E-05 9.98596E-05
0.0982197 0.348963 9.98946E-05 9.98946E-05 9.98946E-05 9.98946E-05 9.98946E-05 9.98946E-05 9.98946E-05 9.98946E-05 0.239902 0.10856 9.98946E-05 0.0404048 9.98946E-05 9.98946E-05 0.146885 0.015867 9.98946E-05
0.0259484 0.518063 9.98858E-05 9.98858E-05 9.98858E-05 9.98858E-05 9.98858E-05 0.00385118 0.0614005 9.98858E-05 0.00602824 9.98858E-05 9.98858E-05 0.38341 9.98858E-05 9.98858E-05 9.98858E-05 9.98858E-05 9.98858E-05
0.000833164 0.327389 9.98595E-05 9.98595E-05 9.98595E-05 9.98595E-05 9.98595E-05 9.98595E-05 9.98595E-05 9.98595E-05 9.98595E-05 9.98595E-05 9.98595E-05 0.67018 9.98595E-05 9.98595E-05 9.98595E-05 9.98595E-05 9.98595E-05
9.98946E-05 0.524815 0.0674672 0.0529293 0.00723799 9.98946E-05 0.0611742 9.98946E-05 9.98946E-05 9.98946E-05 0.0552557 9.98946E-05 9.98946E-05 0.229922 9.98946E-05 9.98946E-05 9.98946E-05 9.98946E-05 9.98946E-05
0.240368 0.676396 9.98682E-05 9.98682E-05 9.98682E-05 0.0401007 9.98682E-05 9.98682E-05 9.98682E-05 9.98682E-05 0.0416381 9.98682E-05 9.98682E-05 9.98682E-05 9.98682E-05 9.98682E-05 9.98682E-05 9.98682E-05 9.98682E-05
0.011554 0.452323 0.491776 9.98682E-05 9.98682E-05 9.98682E-05 9.98682E-05 9.98682E-05 9.98682E-05 9.98682E-05 0.0428487 9.98682E-05 9.98682E-05 9.98682E-05 9.98682E-05 9.98682E-05 9.98682E-05 9.98682E-05 9.98682E-05
0.087365 0.697961 0.177273 9.98685E-05 9.98685E-05 9.98685E-05 9.98685E-05 9.98685E-05 9.98685E-05 9.98685E-05 9.98685E-05 9.98685E-05 9.98685E-05 0.0359029 9.98685E-05 9.98685E-05 9.98685E-05 9.98685E-05 9.98685E-05
9.98686E-05 0.517067 0.218539 9.98686E-05 9.98686E-05 9.98686E-05 9.98686E-05 9.98686E-05 9.98686E-05 9.98686E-05 9.98686E-05 9.98686E-05 9.98686E-05 0.214957 9.98686E-05 9.98686E-05 0.0479398 9.98686E-05 9.98686E-05
9.9886E-05 0.505643 0.374752 9.9886E-05 9.9886E-05 0.0541164 9.9886E-05 9.9886E-05 9.9886E-05 0.0130878 0.0192514 0.03185 9.9886E-05 9.9886E-05 9.9886E-05 9.9886E-05 9.9886E-05 9.9886E-05 9.9886E-05
0.335023 0.249364 9.98858E-05 9.98858E-05 0.00743321 9.98858E-05 9.98858E-05 9.98858E-05 9.98858E-05 0.11847 0.0657703 9.98858E-05 9.98858E-05 0.222641 9.98858E-05 9.98858E-05 9.98858E-05 9.98858E-05 9.98858E-05
9.98772E-05 0.825537 9.98772E-05 9.98772E-05 9.98772E-05 9.98772E-05 9.98772E-05 9.98772E-05 0.022157 9.98772E-05 0.110279 9.98772E-05 9.98772E-05 0.0301941 9.98772E-05 9.98772E-05 0.0104346 9.98772E-05 9.98772E-05
0.0816355 0.145537 0.567068 9.98858E-05 9.98858E-05 9.98858E-05 9.98858E-05 9.98858E-05 9.98858E-05 9.98858E-05 0.131454 0.050423 9.98858E-05 0.0225846 9.98858E-05 9.98858E-05 9.98858E-05 9.98858E-05 9.98858E-05
9.98508E-05 9.98508E-05 0.272442 9.98508E-05 9.98508E-05 9.98508E-05 9.98508E-05 9.98508E-05 9.98508E-05 9.98508E-05 9.98508E-05 9.98508E-05 9.98508E-05 0.725861 9.98508E-05 9.98508E-05 9.98508E-05 9.98508E-05 9.98508E-05
9.98771E-05 0.359307 9.98771E-05 9.98771E-05 9.98771E-05 9.98771E-05 9.98771E-05 9.98771E-05 9.98771E-05 0.152433 0.170114 0.117985 9.98771E-05 0.198763 9.98771E-05 9.98771E-05 9.98771E-05 9.98771E-05 9.98771E-05
0.0783099 9.9886E-05 9.9886E-05 9.9886E-05 0.0392397 0.0579239 9.9886E-05 9.9886E-05 9.9886E-05 9.9886E-05 0.133013 9.9886E-05 9.9886E-05 0.679634 9.9886E-05 9.9886E-05 9.9886E-05 0.0105811 9.9886E-05
9.98772E-05 9.98772E-05 9.98772E-05 9.98772E-05 9.98772E-05 9.98772E-05 9.98772E-05 0.0644766 9.98772E-05 0.153531 0.123453 9.98772E-05 9.98772E-05 0.598377 9.98772E-05 9.98772E-05 9.98772E-05 9.98772E-05 0.0587642
0.145695 0.493267 9.98772E-05 9.98772E-05 9.98772E-05 9.98772E-05 9.98772E-05 9.98772E-05 0.0253236 9.98772E-05 0.236066 0.0982494 9.98772E-05 9.98772E-05 9.98772E-05 9.98772E-05 9.98772E-05 9.98772E-05 9.98772E-05
0.012456 0.406744 0.439315 9.98683E-05 9.98683E-05 9.98683E-05 9.98683E-05 9.98683E-05 9.98683E-05 9.98683E-05 9.98683E-05 9.98683E-05 9.98683E-05 0.139987 9.98683E-05 9.98683E-05 9.98683E-05 9.98683E-05 9.98683E-05
0.120803 0.666997 9.98682E-05 0.180991 9.98682E-05 9.98682E-05 9.98682E-05 9.98682E-05 9.98682E-05 9.98682E-05 9.98682E-05 9.98682E-05 9.98682E-05 0.0297106 9.98682E-05 9.98682E-05 9.98682E-05 9.98682E-05 9.98682E-05
0.0314961 0.378868 0.490188 9.98684E-05 9.98684E-05 9.98684E-05 9.98684E-05 9.98684E-05 9.98684E-05 9.98684E-05 0.0979499 9.98684E-05 9.98684E-05 9.98684E-05 9.98684E-05 9.98684E-05 9.98684E-05 9.98684E-05 9.98684E-05
0.108413 0.67582 0.167893 9.98685E-05 9.98685E-05 9.98685E-05 9.98685E-05 9.98685E-05 9.98685E-05 9.98685E-05 0.0463761 9.98685E-05 9.98685E-05 9.98685E-05 9.98685E-05 9.98685E-05 9.98685E-05 9.98685E-05 9.98685E-05
9.98684E-05 0.889996 9.98684E-05 9.98684E-05 9.98684E-05 9.98684E-05 9.98684E-05 0.049663 9.98684E-05 9.98684E-05 0.0238401 9.98684E-05 9.98684E-05 0.0350024 9.98684E-05 9.98684E-05 9.98684E-05 9.98684E-05 9.98684E-05
9.98594E-05 0.690603 9.98594E-05 0.0773974 9.98594E-05 9.98594E-05 9.98594E-05 9.98594E-05 9.98594E-05 9.98594E-05 9.98594E-05 9.98594E-05 9.98594E-05 0.230402 9.98594E-05 9.98594E-05 9.98594E-05 9.98594E-05 9.98594E-05
0.166141 0.447487 9.98683E-05 9.98683E-05 9.98683E-05 9.98683E-05 9.98683E-05 9.98683E-05 9.98683E-05 0.174221 0.210653 9.98683E-05 9.98683E-05 9.98683E-05 9.98683E-05 9.98683E-05 9.98683E-05 9.98683E-05 9.98683E-05
0.148623 0.68724 9.98683E-05 9.98683E-05 9.98683E-05 9.98683E-05 9.98683E-05 9.98683E-05 9.98683E-05 9.98683E-05 0.113899 9.98683E-05 9.98683E-05 0.0487402 9.98683E-05 9.98683E-05 9.98683E-05 9.98683E-05 9.98683E-05
9.98682E-05 0.592937 9.98682E-05 9.98682E-05 9.98682E-05 9.98682E-05 9.98682E-05 0.066567 9.98682E-05 9.98682E-05 0.0187052 9.98682E-05 9.98682E-05 0.320293 9.98682E-05 9.98682E-05 9.98682E-05 9.98682E-05 9.98682E-05
0.0379555 0.875552 9.98684E-05 9.98684E-05 9.98684E-05 9.98684E-05 9.98684E-05 9.98684E-05 9.98684E-05 9.98684E-05 9.98684E-05 0.0657628 9.98684E-05 9.98684E-05 9.98684E-05 9.98684E-05 9.98684E-05 9.98684E-05 0.0192312
9.98772E-05 0.669908 0.119395 9.98772E-05 9.98772E-05 9.98772E-05 9.98772E-05 9.98772E-05 9.98772E-05 0.0470447 0.132013 9.98772E-05 9.98772E-05 0.0302412 9.98772E-05 9.98772E-05 9.98772E-05 9.98772E-05 9.98772E-05
0.998203 9.98418E-05 9.98418E-05 9.98418E-05 9.98418E-05 9.98418E-05 9.98418E-05 9.98418E-05 9.98418E-05 9.98418E-05 9.98418E-05 9.98418E-05 9.98418E-05 9.98418E-05 9.98418E-05 9.98418E-05 9.98418E-05 9.98418E-05 9.98418E-05
9.98418E-05 9.98418E-05 9.98418E-05 9.98418E-05 9.98418E-05 9.98418E-05 9.98418E-05 9.98418E-05 9.98418E-05 9.98418E-05 0.998203 9.98418E-05 9.98418E-05 9.98418E-05 9.98418E-05 9.98418E-05 9.98418E-05 9.98418E-05 9.98418E-05
0.998203 9.98417E-05 9.98417E-05 9.98417E-05 9.98417E-05 9.98417E-05 9.98417E-05 9.98417E-05 9.98417E-05 9.98417E-05 9.98417E-05 9.98417E-05 9.98417E-05 9.98417E-05 9.98417E-05 9.98417E-05 9.98417E-05 9.98417E-05 9.98417E-05
9.98418E-05 9.98418E-05 9.98418E-05 9.98418E-05 9.98418E-05 9.98418E-05 9.98418E-05 9.98418E-05 9.98418E-05 9.98418E-05 0.998203 9.98418E-05 9.98418E-05 9.98418E-05 9.98418E-05 9.98418E-05 9.98418E-05 9.98418E-05 9.98418E-05
9.98417E-05 9.98417E-05 9.98417E-05 9.98417E-05 9.98417E-05 9.98417E-05 9.98417E-05 9.98417E-05 9.98417E-05 9.98417E-05 0.998203 9.98417E-05 9.98417E-05 9.98417E-05 9.98417E-05 9.98417E-05 9.98417E-05 9.98417E-05 9.98417E-05
9.98418E-05 9.98418E-05 9.98418E-05 9.98418E-05 9.98418E-05 9.98418E-05 9.98418E-05 9.98418E-05 9.98418E-05 9.98418E-05 0.998203 9.98418E-05 9.98418E-05 9.98418E-05 9.98418E-05 9.98418E-05 9.98418E-05 9.98418E-05 9.98418E-05
0.998203 9.98417E-05 9.98417E-05 9.98417E-05 9.98417E-05 9.98417E-05 9.98417E-05 9.98417E-05 9.98417E-05 9.98417E-05 9.98417E-05 9.98417E-05 9.98417E-05 9.98417E-05 9.98417E-05 9.98417E-05 9.98417E-05 9.98417E-05 9.98417E-05
9.98417E-05 9.98417E-05 9.98417E-05 9.98417E-05 9.98417E-05 9.98417E-05 9.98417E-05 9.98417E-05 9.98417E-05 9.98417E-05 0.998203 9.98417E-05 9.98417E-05 9.98417E-05 9.98417E-05 9.98417E-05 9.98417E-05 9.98417E-05 9.98417E-05
9.98418E-05 9.98418E-05 9.98418E-05 9.98418E-05 9.98418E-05 9.98418E-05 9.98418E-05 9.98418E-05 9.98418E-05 9.98418E-05 0.998203 9.98418E-05 9.98418E-05 9.98418E-05 9.98418E-05 9.98418E-05 9.98418E-05 9.98418E-05 9.98418E-05
0.998203 9.98417E-05 9.98417E-05 9.98417E-05 9.98417E-05 9.98417E-05 9.98417E-05 9.98417E-05 9.98417E-05 9.98417E-05 9.98417E-05 9.98417E-05 9.98417E-05 9.98417E-05 9.98417E-05 9.98417E-05 9.98417E-05 9.98417E-05 9.98417E-05
0.998203 9.98418E-05 9.98418E-05 9.98418E-05 9.98418E-05 9.98418E-05 9.98418E-05 9.98418E-05 9.98418E-05 9.98418E-05 9.98418E-05 9.98418E-05 9.98418E-05 9.98418E-05 9.98418E-05 9.98418E-05 9.98418E-05 9.98418E-05 9.98418E-05
0.998203 9.98417E-05 9.98417E-05 9.98417E-05 9.98417E-05 9.98417E-05 9.98417E-05 9.98417E-05 9.98417E-05 9.98417E-05 9.98417E-05 9.98417E-05 9.98417E-05 9.98417E-05 9.98417E-05 9.98417E-05 9.98417E-05 9.98417E-05 9.98417E-05
9.98418E-05 9.98418E-05 9.98418E-05 9.98418E-05 9.98418E-05 9.98418E-05 9.98418E-05 9.98418E-05 9.98418E-05 9.98418E-05 0.998203 9.98418E-05 9.98418E-05 9.98418E-05 9.98418E-05 9.98418E-05 9.98418E-05 9.98418E-05 9.98418E-05
9.98417E-05 9.98417E-05 9.98417E-05 9.98417E-05 9.98417E-05 9.98417E-05 9.98417E-05 9.98417E-05 9.98417E-05 9.98417E-05 0.998203 9.98417E-05 9.98417E-05 9.98417E-05 9.98417E-05 9.98417E-05 9.98417E-05 9.98417E-05 9.98417E-05
0.998203 9.98418E-05 9.98418E-05 9.98418E-05 9.98418E-05 9.98418E-05 9.98418E-05 9.98418E-05 9.98418E-05 9.98418E-05 9.98418E-05 9.98418E-05 9.98418E-05 9.98418E-05 9.98418E-05 9.98418E-05 9.98418E-05 9.98418E-05 9.98418E-05
0.998203 9.98417E-05 9.98417E-05 9.98417E-05 9.98417E-05 9.98417E-05 9.98417E-05 9.98417E-05 9.98417E-05 9.98417E-05 9.98417E-05 9.98417E-05 9.98417E-05 9.98417E-05 9.98417E-05 9.98417E-05 9.98417E-05 9.98417E-05 9.98417E-05
0.17251 0.567946 9.99033E-05 0.0291686 9.99033E-05 0.0308138 9.99033E-05 9.99033E-05 9.99033E-05 9.99033E-05 0.0644851 0.014149 9.99033E-05 9.99033E-05 9.99033E-05 9.99033E-05 9.99033E-05 0.0745094 0.0453185
0.998203 9.98418E-05 9.98418E-05 9.98418E-05 9.98418E-05 9.98418E-05 9.98418E-05 9.98418E-05 9.98418E-05 9.98418E-05 9.98418E-05 9.98418E-05 9.98418E-05 9.98418E-05 9.98418E-05 9.98418E-05 9.98418E-05 9.98418E-05 9.98418E-05
9.98418E-05 9.98418E-05 9.98418E-05 9.98418E-05 9.98418E-05 9.98418E-05 9.98418E-05 9.98418E-05 9.98418E-05 9.98418E-05 0.998203 9.98418E-05 9.98418E-05 9.98418E-05 9.98418E-05 9.98418E-05 9.98418E-05 9.98418E-05 9.98418E-05
0.998203 9.98416E-05 9.98416E-05 9.98416E-05 9.98416E-05 9.98416E-05 9.98416E-05 9.98416E-05 9.98416E-05 9.98416E-05 9.98416E-05 9.98416E-05 9.98416E-05 9.98416E-05 9.98416E-05 9.98416E-05 9.98416E-05 9.98416E-05 9.98416E-05
0.998203 9.98418E-05 9.98418E-05 9.98418E-05 9.98418E-05 9.98418E-05 9.98418E-05 9.98418E-05 9.98418E-05 9.98418E-05 9.98418E-05 9.98418E-05 9.98418E-05 9.98418E-05 9.98418E-05 9.98418E-05 9.98418E-05 9.98418E-05 9.98418E-05
0.998203 9.98417E-05 9.98417E-05 9.98417E-05 9.98417E-05 9.98417E-05 9.98417E-05 9.98417E-05 9.98417E-05 9.98417E-05 9.98417E-05 9.98417E-05 9.98417E-05 9.98417E-05 9.98417E-05 9.98417E-05 9.98417E-05 9.98417E-05 9.98417E-05
9.98417E-05 9.98417E-05 9.98417E-05 9.98417E-05 9.98417E-05 9.98417E-05 9.98417E-05 9.98417E-05 9.98417E-05 9.98417E-05 0.998203 9.98417E-05 9.98417E-05 9.98417E-05 9.98417E-05 9.98417E-05 9.98417E-05 9.98417E-05 9.98417E-05
0.998203 9.98418E-05 9.98418E-05 9.98418E-05 9.98418E-05 9.98418E-05 9.98418E-05 9.98418E-05 9.98418E-05 9.98418E-05 9.98418E-05 9.98418E-05 9.98418E-05 9.98418E-05 9.98418E-05 9.98418E-05 9.98418E-05 9.98418E-05 9.98418E-05
9.98418E-05 9.98418E-05 9.98418E-05 9.98418E-05 9.98418E-05 9.98418E-05 9.98418E-05 9.98418E-05 9.98418E-05 9.98418E-05 0.998203 9.98418E-05 9.98418E-05 9.98418E-05 9.98418E-05 9.98418E-05 9.98418E-05 9.98418E-05 9.98418E-05
0.998203 9.9842E-05 9.9842E-05 9.9842E-05 9.9842E-05 9.9842E-05 9.9842E-05 9.9842E-05 9.9842E-05 9.9842E-05 9.9842E-05 9.9842E-05 9.9842E-05 9.9842E-05 9.9842E-05 9.9842E-05 9.9842E-05 9.9842E-05 9.9842E-05
0.998203 9.98417E-05 9.98417E-05 9.98417E-05 9.98417E-05 9.98417E-05 9.98417E-05 9.98417E-05 9.98417E-05 9.98417E-05 9.98417E-05 9.98417E-05 9.98417E-05 9.98417E-05 9.98417E-05 9.98417E-05 9.98417E-05 9.98417E-05 9.98417E-05
9.98418E-05 9.98418E-05 9.98418E-05 9.98418E-05 9.98418E-05 9.98418E-05 9.98418E-05 9.98418E-05 9.98418E-05 9.98418E-05 0.998203 9.98418E-05 9.98418E-05 9.98418E-05 9.98418E-05 9.98418E-05 9.98418E-05 9.98418E-05 9.98418E-05
9.98418E-05 9.98418E-05 9.98418E-05 9.98418E-05 9.98418E-05 9.98418E-05 9.98418E-05 9.98418E-05 9.98418E-05 9.98418E-05 0.998203 9.98418E-05 9.98418E-05 9.98418E-05 9.98418E-05 9.98418E-05 9.98418E-05 9.98418E-05 9.98418E-05
9.98418E-05 9.98418E-05 9.98418E-05 9.98418E-05 9.98418E-05 9.98418E-05 9.98418E-05 9.98418E-05 9.98418E-05 9.98418E-05 0.998203 9.98418E-05 9.98418E-05 9.98418E-05 9.98418E-05 9.98418E-05 9.98418E-05 9.98418E-05 9.98418E-05
0.998203 9.98418E-05 9.98418E-05 9.98418E-05 9.98418E-05 9.98418E-05 9.98418E-05 9.98418E-05 9.98418E-05 9.98418E-05 9.98418E-05 9.98418E-05 9.98418E-05 9.98418E-05 9.98418E-05 9.98418E-05 9.98418E-05 9.98418E-05 9.98418E-05
0.998203 9.98418E-05 9.98418E-05 9.98418E-05 9.98418E-05 9.98418E-05 9.98418E-05 9.98418E-05 9.98418E-05 9.98418E-05 9.98418E-05 9.98418E-05 9.98418E-05 9.98418E-05 9.98418E-05 9.98418E-05 9.98418E-05 9.98418E-05 9.98418E-05
0.998203 9.98418E-05 9.98418E-05 9.98418E-05 9.98418E-05 9.98418E-05 9.98418E-05 9.98418E-05 9.98418E-05 9.98418E-05 9.98418E-05 9.98418E-05 9.98418E-05 9.98418E-05 9.98418E-05 9.98418E-05 9.98418E-05 9.98418E-05 9.98418E-05
0.998203 9.98417E-05 9.98417E-05 9.98417E-05 9.98417E-05 9.98417E-05 9.98417E-05 9.98417E-05 9.98417E-05 9.98417E-05 9.98417E-05 9.98417E-05 9.98417E-05 9.98417E-05 9.98417E-05 9.98417E-05 9.98417E-05 9.98417E-05 9.98417E-05
0.998203 9.98417E-05 9.98417E-05 9.98417E-05 9.98417E-05 9.98417E-05 9.98417E-05 9.98417E-05 9.98417E-05 9.98417E-05 9.98417E-05 9.98417E-05 9.98417E-05 9.98417E-05 9.98417E-05 9.98417E-05 9.98417E-05 9.98417E-05 9.98417E-05
9.98418E-05 9.98418E-05 9.98418E-05 9.98418E-05 9.98418E-05 9.98418E-05 9.98418E-05 9.98418E-05 9.98418E-05 9.98418E-05 0.998203 9.98418E-05 9.98418E-05 9.98418E-05 9.98418E-05 9.98418E-05 9.98418E-05 9.98418E-05 9.98418E-05
9.98418E-05 9.98418E-05 9.98418E-05 9.98418E-05 9.98418E-05 9.98418E-05 9.98418E-05 9.98418E-05 9.98418E-05 9.98418E-05 0.998203 9.98418E-05 9.98418E-05 9.98418E-05 9.98418E-05 9.98418E-05 9.98418E-05 9.98418E-05 9.98418E-05
