9.99209E-05 0.087561 0.139761 0.00511255 9.99209E-05 9.99209E-05 0.000309136 9.99209E-05 0.0190247 0.120895 9.99209E-05 9.99209E-05 9.99209E-05 0.32856 0.184939 0.112938 9.99209E-05 9.99209E-05
9.98859E-05 9.98859E-05 9.98859E-05 9.98859E-05 0.0610799 9.98859E-05 0.0650865 9.98859E-05 9.98859E-05 9.98859E-05 9.98859E-05 9.98859E-05 9.98859E-05 0.629997 0.047414 0.195124 9.98859E-05 9.98859E-05
9.98947E-05 9.98947E-05 9.98947E-05 9.98947E-05 0.0958395 9.98947E-05 0.00405003 9.98947E-05 0.0378732 9.98947E-05 9.98947E-05 9.98947E-05 0.000778705 0.846103 9.98947E-05 9.98947E-05 9.98947E-05 0.0141572
9.9921E-05 9.9921E-05 0.354183 0.0335138 9.9921E-05 9.9921E-05 0.0509253 0.00414934 0.0363746 0.129875 9.9921E-05 0.0310599 0.126881 0.232139 9.9921E-05 9.9921E-05 9.9921E-05 9.9921E-05
9.98947E-05 9.98947E-05 9.98947E-05 9.98947E-05 0.0346899 9.98947E-05 9.98947E-05 0.00393397 9.98947E-05 9.98947E-05 9.98947E-05 0.0360528 0.0539919 0.787608 9.98947E-05 0.0825246 9.98947E-05 9.98947E-05
9.99035E-05 9.99035E-05 9.99035E-05 9.99035E-05 9.99035E-05 9.99035E-05 9.99035E-05 0.121318 9.99035E-05 9.99035E-05 9.99035E-05 0.18847 0.200892 0.179907 0.202056 0.0874731 0.0187853 9.99035E-05
9.99298E-05 0.113579 9.99298E-05 9.99298E-05 9.99298E-05 0.0679004 0.109274 9.99298E-05 0.0627418 0.121836 9.99298E-05 0.0182409 9.99298E-05 0.272984 0.0750159 0.103375 9.99298E-05 0.0542525
9.99386E-05 9.99386E-05 0.0907769 9.99386E-05 0.116485 9.99386E-05 0.00637195 0.144995 9.99386E-05 0.208521 0.0727584 0.0474531 0.0496501 0.21214 9.99386E-05 9.99386E-05 0.0383334 0.011816
9.99034E-05 0.131653 0.125826 0.019505 9.99034E-05 9.99034E-05 9.99034E-05 0.196739 0.207281 9.99034E-05 9.99034E-05 9.99034E-05 0.0131575 0.30474 9.99034E-05 9.99034E-05 9.99034E-05 9.99034E-05
9.98683E-05 0.0434394 9.98683E-05 9.98683E-05 9.98683E-05 9.98683E-05 9.98683E-05 9.98683E-05 0.0551545 9.98683E-05 9.98683E-05 9.98683E-05 9.98683E-05 0.899908 9.98683E-05 9.98683E-05 9.98683E-05 9.98683E-05
9.99123E-05 0.0528931 9.99123E-05 0.0138894 9.99123E-05 9.99123E-05 0.118418 9.99123E-05 0.0938691 0.136809 9.99123E-05 9.99123E-05 0.110319 0.378392 0.0944118 9.99123E-05 9.99123E-05 9.99123E-05
9.98947E-05 9.98947E-05 0.0428956 9.98947E-05 9.98947E-05 9.98947E-05 0.0153954 9.98947E-05 9.98947E-05 9.98947E-05 9.98947E-05 0.02005 0.039449 0.763032 0.11798 9.98947E-05 9.98947E-05 9.98947E-05
9.98771E-05 9.98771E-05 9.98771E-05 9.98771E-05 9.98771E-05 0.00944412 9.98771E-05 9.98771E-05 0.0512775 0.151155 9.98771E-05 9.98771E-05 9.98771E-05 0.786725 9.98771E-05 9.98771E-05 9.98771E-05 9.98771E-05
0.0479646 9.9921E-05 9.9921E-05 9.9921E-05 9.9921E-05 9.9921E-05 0.0508334 9.9921E-05 0.0990436 0.0660852 0.0442012 9.9921E-05 0.0940556 0.578303 9.9921E-05 0.0145304 9.9921E-05 0.00408376
9.99034E-05 0.0986008 9.99034E-05 9.99034E-05 9.99034E-05 9.99034E-05 9.99034E-05 0.105224 0.153717 0.0770077 9.99034E-05 9.99034E-05 0.0565912 0.238807 0.268953 9.99034E-05 9.99034E-05 9.99034E-05
9.98901E-05 9.98901E-05 0.183069 9.98901E-05 9.98901E-05 9.98901E-05 9.98901E-05 0.179624 0.104741 0.0371752 0.139126 9.98901E-05 9.98901E-05 0.14811 0.207056 9.98901E-05 9.98901E-05 9.98901E-05
0.152948 9.99035E-05 0.108674 9.99035E-05 9.99035E-05 0.00487771 0.0470909 9.99035E-05 0.0783011 9.99035E-05 9.99035E-05 9.99035E-05 9.99035E-05 0.567862 9.99035E-05 0.0391472 9.99035E-05 9.99035E-05
9.99122E-05 0.00907529 9.99122E-05 0.119118 9.99122E-05 9.99122E-05 9.99122E-05 0.00453669 0.0865569 0.170623 9.99122E-05 9.99122E-05 9.99122E-05 0.140367 0.300562 9.99122E-05 0.168161 9.99122E-05
9.98858E-05 9.98858E-05 9.98858E-05 9.98858E-05 9.98858E-05 9.98858E-05 9.98858E-05 0.131732 0.191633 0.219926 9.98858E-05 0.170762 9.98858E-05 0.284649 9.98858E-05 9.98858E-05 9.98858E-05 9.98858E-05
9.98596E-05 9.98596E-05 9.98596E-05 0.079684 9.98596E-05 9.98596E-05 9.98596E-05 9.98596E-05 9.98596E-05 9.98596E-05 9.98596E-05 9.98596E-05 9.98596E-05 0.918718 9.98596E-05 9.98596E-05 9.98596E-05 9.98596E-05
9.98947E-05 9.98947E-05 0.260905 9.98947E-05 9.98947E-05 9.98947E-05 0.0381761 0.0851219 0.0552958 9.98947E-05 0.0969057 9.98947E-05 9.98947E-05 0.462397 9.98947E-05 9.98947E-05 9.98947E-05 9.98947E-05
9.99035E-05 9.99035E-05 9.99035E-05 9.99035E-05 0.0225425 0.0255884 9.99035E-05 0.157775 9.99035E-05 0.405812 9.99035E-05 0.0860251 0.088949 0.212209 9.99035E-05 9.99035E-05 9.99035E-05 9.99035E-05
9.98948E-05 9.98948E-05 9.98948E-05 9.98948E-05 9.98948E-05 9.98948E-05 0.0449581 9.98948E-05 0.161246 9.98948E-05 9.98948E-05 9.98948E-05 0.0160757 0.532363 0.240819 9.98948E-05 0.0033393 9.98948E-05
9.98859E-05 0.0310169 9.98859E-05 9.98859E-05 9.98859E-05 9.98859E-05 9.98859E-05 9.98859E-05 0.286837 0.335042 0.0254162 9.98859E-05 9.98859E-05 0.32039 9.98859E-05 9.98859E-05 9.98859E-05 9.98859E-05
9.99122E-05 9.99122E-05 0.122532 0.0476144 9.99122E-05 9.99122E-05 0.0549426 0.0680049 0.293627 0.0487655 9.99122E-05 9.99122E-05 0.138706 0.224809 9.99122E-05 9.99122E-05 9.99122E-05 9.99122E-05
9.98859E-05 9.98859E-05 0.148581 9.98859E-05 9.98859E-05 9.98859E-05 9.98859E-05 9.98859E-05 0.0940513 0.0585707 9.98859E-05 9.98859E-05 0.0903458 0.607153 9.98859E-05 9.98859E-05 9.98859E-05 9.98859E-05
9.99034E-05 0.0156274 9.99034E-05 0.0161965 9.99034E-05 9.99034E-05 9.99034E-05 9.99034E-05 0.0468646 0.339771 0.0776066 9.99034E-05 0.348965 9.99034E-05 9.99034E-05 9.99034E-05 0.15387 9.99034E-05
9.98859E-05 9.98859E-05 0.0753138 9.98859E-05 9.98859E-05 9.98859E-05 9.98859E-05 9.98859E-05 0.0130336 0.164805 9.98859E-05 0.0123371 9.98859E-05 0.733212 9.98859E-05 9.98859E-05 9.98859E-05 9.98859E-05
9.99026E-05 0.0470634 9.99026E-05 9.99026E-05 9.99026E-05 9.99026E-05 9.99026E-05 9.99026E-05 0.207478 0.084528 9.99026E-05 9.99026E-05 0.0454265 0.484149 0.130156 9.99026E-05 9.99026E-05 9.99026E-05
0.0236895 0.00579894 9.99298E-05 9.99298E-05 9.99298E-05 9.99298E-05 0.00903719 0.0802392 0.0848805 9.99298E-05 9.99298E-05 0.0695781 0.0013207 0.645611 0.065364 9.99298E-05 9.99298E-05 0.0136814
9.99034E-05 9.99034E-05 9.99034E-05 9.99034E-05 9.99034E-05 9.99034E-05 0.0924905 0.0234431 0.023859 0.0543879 9.99034E-05 0.0594339 9.99034E-05 0.59169 0.153596 9.99034E-05 9.99034E-05 9.99034E-05
9.99036E-05 9.99036E-05 0.108827 9.99036E-05 9.99036E-05 9.99036E-05 0.0937526 9.99036E-05 0.0258213 0.00947415 9.99036E-05 0.05562 0.209518 0.495888 9.99036E-05 9.99036E-05 9.99036E-05 9.99036E-05
9.99122E-05 9.99122E-05 0.00129577 9.99122E-05 9.99122E-05 9.99122E-05 0.060265 9.99122E-05 0.14387 0.134038 0.0321902 9.99122E-05 0.0403555 0.442513 0.144473 9.99122E-05 9.99122E-05 9.99122E-05
9.99298E-05 9.99298E-05 9.99298E-05 9.99298E-05 0.00363506 0.0271552 0.0295046 9.99298E-05 0.116271 0.12325 9.99298E-05 0.0253976 0.129406 0.487481 9.99298E-05 9.99298E-05 0.0354681 0.0216319
9.99211E-05 9.99211E-05 9.99211E-05 0.0228594 9.99211E-05 9.99211E-05 0.0736046 0.0105475 0.0242632 9.99211E-05 9.99211E-05 0.0444316 9.99211E-05 0.707845 0.0553526 0.0512475 9.99211E-05 0.00894944
9.98947E-05 9.98947E-05 0.222413 9.98947E-05 9.98947E-05 9.98947E-05 9.98947E-05 0.046891 9.98947E-05 0.0613358 9.98947E-05 9.98947E-05 9.98947E-05 0.5838 0.0600365 0.0243245 9.98947E-05 9.98947E-05
9.99036E-05 9.99036E-05 9.99036E-05 9.99036E-05 9.99036E-05 9.99036E-05 0.00816276 9.99036E-05 9.99036E-05 0.0175031 9.99036E-05 0.109314 9.99036E-05 0.758309 0.0165233 0.0564619 9.99036E-05 0.0326275
9.99036E-05 0.0136743 0.0581248 0.0031868 9.99036E-05 9.99036E-05 9.99036E-05 0.115483 0.0896049 9.99036E-05 9.99036E-05 9.99036E-05 9.99036E-05 0.666374 9.99036E-05 0.0524526 9.99036E-05 9.99036E-05
0.0905661 9.99036E-05 9.99036E-05 9.99036E-05 0.255087 9.99036E-05 0.0174479 9.99036E-05 0.117063 9.99036E-05 9.99036E-05 0.0148751 9.99036E-05 0.400054 9.99036E-05 0.103808 9.99036E-05 9.99036E-05
9.98947E-05 9.98947E-05 9.98947E-05 9.98947E-05 9.98947E-05 9.98947E-05 9.98947E-05 9.98947E-05 0.147649 9.98947E-05 0.0944051 0.0378056 0.15252 0.556944 9.98947E-05 9.98947E-05 9.98947E-05 0.00947723
9.9886E-05 9.9886E-05 9.9886E-05 9.9886E-05 9.9886E-05 9.9886E-05 0.0399573 0.0196072 0.0944281 0.139355 9.9886E-05 9.9886E-05 9.9886E-05 0.705354 9.9886E-05 9.9886E-05 9.9886E-05 9.9886E-05
9.98948E-05 0.069404 9.98948E-05 9.98948E-05 9.98948E-05 9.98948E-05 9.98948E-05 0.00444945 0.0551074 0.253069 9.98948E-05 9.98948E-05 9.98948E-05 0.596609 9.98948E-05 0.0201621 9.98948E-05 9.98948E-05
0.144485 0.00114635 9.98859E-05 9.98859E-05 9.98859E-05 9.98859E-05 9.98859E-05 9.98859E-05 9.98859E-05 0.136596 9.98859E-05 0.024465 9.98859E-05 0.692009 9.98859E-05 9.98859E-05 9.98859E-05 9.98859E-05
9.99123E-05 0.115972 9.99123E-05 9.99123E-05 9.99123E-05 9.99123E-05 0.0706841 0.0662051 0.175098 0.125309 0.0215684 9.99123E-05 9.99123E-05 0.30872 0.115444 9.99123E-05 9.99123E-05 9.99123E-05
9.98772E-05 9.98772E-05 9.98772E-05 9.98772E-05 9.98772E-05 0.172184 9.98772E-05 9.98772E-05 0.179786 0.413553 9.98772E-05 9.98772E-05 9.98772E-05 0.233078 9.98772E-05 9.98772E-05 9.98772E-05 9.98772E-05
9.98946E-05 9.98946E-05 9.98946E-05 0.0815844 0.0295007 9.98946E-05 9.98946E-05 9.98946E-05 0.0275659 0.0235248 9.98946E-05 0.00874514 9.98946E-05 0.82788 9.98946E-05 9.98946E-05 9.98946E-05 9.98946E-05
9.98859E-05 9.98859E-05 0.0779325 9.98859E-05 9.98859E-05 9.98859E-05 9.98859E-05 0.0449412 0.110252 9.98859E-05 9.98859E-05 9.98859E-05 9.98859E-05 0.736606 9.98859E-05 9.98859E-05 0.0289692 9.98859E-05
9.9886E-05 9.9886E-05 9.9886E-05 9.9886E-05 9.9886E-05 9.9886E-05 9.9886E-05 9.9886E-05 0.0515237 9.9886E-05 0.0343735 9.9886E-05 9.9886E-05 0.843529 0.0486181 9.9886E-05 9.9886E-05 0.0206571
9.99034E-05 9.99034E-05 0.000686359 9.99034E-05 9.99034E-05 9.99034E-05 0.0143052 9.99034E-05 0.13845 0.168298 9.99034E-05 0.0431089 9.99034E-05 0.588616 0.045436 9.99034E-05 9.99034E-05 9.99034E-05
9.98948E-05 9.98948E-05 9.98948E-05 9.98948E-05 9.98948E-05 9.98948E-05 0.00964718 0.0302005 9.98948E-05 9.98948E-05 9.98948E-05 0.0857586 9.98948E-05 0.716592 9.98948E-05 0.0212465 9.98948E-05 0.135357
9.99297E-05 0.0453446 0.00954118 9.99297E-05 9.99297E-05 9.99297E-05 0.126893 0.0449303 0.239344 0.0926809 0.00882871 9.99297E-05 0.137088 0.26009 0.0344601 9.99297E-05 9.99297E-05 9.99297E-05
9.9886E-05 0.0509542 0.133283 9.9886E-05 0.0330754 9.9886E-05 9.9886E-05 9.9886E-05 9.9886E-05 0.245789 9.9886E-05 9.9886E-05 9.9886E-05 0.5356 9.9886E-05 9.9886E-05 9.9886E-05 9.9886E-05
9.98948E-05 0.0458162 9.98948E-05 9.98948E-05 9.98948E-05 9.98948E-05 9.98948E-05 9.98948E-05 0.0988143 0.0204343 9.98948E-05 9.98948E-05 0.00118003 0.76286 9.98948E-05 9.98948E-05 0.0696968 9.98948E-05
9.99123E-05 9.99123E-05 9.99123E-05 0.00223241 0.0324589 9.99123E-05 9.99123E-05 0.0194744 0.0792112 9.99123E-05 0.202925 9.99123E-05 9.99123E-05 0.611938 9.99123E-05 9.99123E-05 0.015362 0.0353992
9.98948E-05 9.98948E-05 9.98948E-05 9.98948E-05 0.0189937 9.98948E-05 9.98948E-05 0.0377576 0.115905 9.98948E-05 9.98948E-05 0.0711651 9.98948E-05 0.719873 9.98948E-05 9.98948E-05 0.0351066 9.98948E-05
9.99035E-05 9.99035E-05 9.99035E-05 0.0892659 0.0272604 9.99035E-05 0.0667413 9.99035E-05 9.99035E-05 9.99035E-05 9.99035E-05 0.0177518 0.133328 0.628942 0.0356126 9.99035E-05 9.99035E-05 9.99035E-05
9.99034E-05 9.99034E-05 0.00421007 9.99034E-05 9.99034E-05 9.99034E-05 9.99034E-05 9.99034E-05 0.0874739 0.0537955 9.99034E-05 0.0656758 9.99034E-05 0.698654 9.99034E-05 0.019369 0.0697232 9.99034E-05
9.98859E-05 9.98859E-05 0.0794798 9.98859E-05 9.98859E-05 0.0850317 0.0430891 9.98859E-05 0.0723065 9.98859E-05 9.98859E-05 9.98859E-05 9.98859E-05 0.718794 9.98859E-05 9.98859E-05 9.98859E-05 9.98859E-05
9.98947E-05 9.98947E-05 9.98947E-05 9.98947E-05 9.98947E-05 9.98947E-05 0.0326151 0.0161058 0.032837 9.98947E-05 9.98947E-05 9.98947E-05 9.98947E-05 0.877858 9.98947E-05 0.00143212 9.98947E-05 0.0379534
9.98946E-05 9.98946E-05 9.98946E-05 0.0261717 9.98946E-05 9.98946E-05 0.0725095 0.0387866 0.169993 9.98946E-05 9.98946E-05 9.98946E-05 0.0310873 9.98946E-05 0.660253 9.98946E-05 9.98946E-05 9.98946E-05
9.9886E-05 0.0607624 0.0578069 9.9886E-05 9.9886E-05 9.9886E-05 9.9886E-05 9.9886E-05 9.9886E-05 0.0375401 0.0187051 9.9886E-05 9.9886E-05 9.9886E-05 0.823887 9.9886E-05 9.9886E-05 9.9886E-05
9.98683E-05 9.98683E-05 9.98683E-05 9.98683E-05 9.98683E-05 9.98683E-05 9.98683E-05 9.98683E-05 9.98683E-05 9.98683E-05 9.98683E-05 9.98683E-05 9.98683E-05 9.98683E-05 0.932031 9.98683E-05 0.037315 0.0291557
9.99035E-05 9.99035E-05 9.99035E-05 9.99035E-05 9.99035E-05 9.99035E-05 0.0544278 0.101748 0.0233641 9.99035E-05 9.99035E-05 9.99035E-05 0.129874 9.99035E-05 0.30021 0.322213 9.99035E-05 0.0670635
9.99208E-05 9.99208E-05 0.00478515 0.0578888 0.0234386 9.99208E-05 9.99208E-05 0.0535934 0.0978319 9.99208E-05 9.99208E-05 0.0443893 9.99208E-05 9.99208E-05 0.621242 9.99208E-05 0.0304339 0.0654974
9.98945E-05 0.0600848 9.98945E-05 9.98945E-05 9.98945E-05 9.98945E-05 9.98945E-05 0.0157737 0.243398 0.0699715 0.00760854 9.98945E-05 9.98945E-05 9.98945E-05 0.601965 9.98945E-05 9.98945E-05 9.98945E-05
9.98858E-05 9.98858E-05 0.151169 9.98858E-05 9.98858E-05 9.98858E-05 0.0251139 9.98858E-05 0.0992522 9.98858E-05 9.98858E-05 9.98858E-05 9.98858E-05 9.98858E-05 0.465589 0.257577 9.98858E-05 9.98858E-05
9.99033E-05 9.99033E-05 9.99033E-05 9.99033E-05 9.99033E-05 9.99033E-05 9.99033E-05 0.0543686 0.0662028 9.99033E-05 9.99033E-05 9.99033E-05 0.0493748 9.99033E-05 0.56545 0.120318 0.125085 0.0181025
9.98683E-05 9.98683E-05 9.98683E-05 9.98683E-05 9.98683E-05 9.98683E-05 9.98683E-05 9.98683E-05 9.98683E-05 9.98683E-05 9.98683E-05 9.98683E-05 9.98683E-05 9.98683E-05 0.929827 0.051575 0.0171003 9.98683E-05
9.98771E-05 9.98771E-05 0.0100765 9.98771E-05 9.98771E-05 9.98771E-05 0.0793386 0.00201552 9.98771E-05 9.98771E-05 9.98771E-05 9.98771E-05 9.98771E-05 9.98771E-05 0.907171 9.98771E-05 9.98771E-05 9.98771E-05
9.9912E-05 9.9912E-05 9.9912E-05 0.002519 9.9912E-05 0.0118351 0.199221 0.05471 0.235268 9.9912E-05 9.9912E-05 0.0464709 9.9912E-05 9.9912E-05 0.448464 9.9912E-05 0.000513362 9.9912E-05
9.99297E-05 9.99297E-05 0.0229354 9.99297E-05 9.99297E-05 9.99297E-05 0.0602021 0.00434766 0.0543862 0.202487 0.0539884 0.0641483 9.99297E-05 9.99297E-05 0.41429 0.0951848 9.99297E-05 0.0272309
9.99208E-05 9.99208E-05 9.99208E-05 0.0370026 0.160553 9.99208E-05 0.0577899 0.100405 0.0127388 9.99208E-05 0.0712843 0.0102394 0.0780979 9.99208E-05 0.47099 9.99208E-05 9.99208E-05 9.99208E-05
9.98858E-05 9.98858E-05 9.98858E-05 9.98858E-05 9.98858E-05 9.98858E-05 9.98858E-05 9.98858E-05 0.203708 0.192041 9.98858E-05 0.0412504 9.98858E-05 9.98858E-05 0.487191 0.0745102 9.98858E-05 9.98858E-05
9.98598E-05 9.98598E-05 9.98598E-05 9.98598E-05 9.98598E-05 9.98598E-05 0.086129 9.98598E-05 9.98598E-05 9.98598E-05 9.98598E-05 9.98598E-05 9.98598E-05 9.98598E-05 0.912273 9.98598E-05 9.98598E-05 9.98598E-05
9.98771E-05 9.98771E-05 0.057496 9.98771E-05 9.98771E-05 9.98771E-05 9.98771E-05 0.00588307 0.00124885 9.98771E-05 9.98771E-05 9.98771E-05 9.98771E-05 9.98771E-05 0.933974 9.98771E-05 9.98771E-05 9.98771E-05
9.98945E-05 9.98945E-05 9.98945E-05 9.98945E-05 9.98945E-05 9.98945E-05 9.98945E-05 9.98945E-05 0.0545206 9.98945E-05 9.98945E-05 0.158176 0.0240741 9.98945E-05 0.652798 0.0249386 0.0842944 9.98945E-05
9.98858E-05 9.98858E-05 9.98858E-05 9.98858E-05 9.98858E-05 9.98858E-05 0.153881 0.0473377 9.98858E-05 0.0860761 9.98858E-05 0.116517 9.98858E-05 9.98858E-05 0.594889 9.98858E-05 9.98858E-05 9.98858E-05
9.98858E-05 9.98858E-05 9.98858E-05 9.98858E-05 9.98858E-05 9.98858E-05 0.0429403 9.98858E-05 0.022219 9.98858E-05 9.98858E-05 0.00163167 9.98858E-05 9.98858E-05 0.809106 9.98858E-05 0.122804 9.98858E-05
9.98944E-05 0.0294594 9.98944E-05 9.98944E-05 9.98944E-05 9.98944E-05 0.00861811 9.98944E-05 0.230546 9.98944E-05 0.0368033 9.98944E-05 9.98944E-05 9.98944E-05 0.642148 9.98944E-05 9.98944E-05 0.0512266
0.0345046 9.98598E-05 9.98598E-05 9.98598E-05 9.98598E-05 9.98598E-05 9.98598E-05 9.98598E-05 9.98598E-05 9.98598E-05 9.98598E-05 9.98598E-05 9.98598E-05 9.98598E-05 0.963898 9.98598E-05 9.98598E-05 9.98598E-05
9.98769E-05 9.98769E-05 9.98769E-05 9.98769E-05 9.98769E-05 9.98769E-05 9.98769E-05 9.98769E-05 0.0496896 0.271743 9.98769E-05 0.040601 9.98769E-05 9.98769E-05 0.636568 9.98769E-05 9.98769E-05 9.98769E-05
9.99101E-05 9.99101E-05 0.00565151 0.0269213 9.99101E-05 9.99101E-05 0.00563358 9.99101E-05 0.00048107 0.0218517 9.99101E-05 9.99101E-05 0.166003 9.99101E-05 0.729549 0.0298163 0.013193 9.99101E-05
9.9921E-05 0.0193516 9.9921E-05 9.9921E-05 9.9921E-05 0.0413145 0.0203839 0.0676878 0.0181093 9.9921E-05 9.9921E-05 0.128385 0.00324426 9.9921E-05 0.609508 9.9921E-05 0.0911159 9.9921E-05
9.98681E-05 9.98681E-05 0.0162021 9.98681E-05 9.98681E-05 9.98681E-05 0.149324 9.98681E-05 9.98681E-05 9.98681E-05 9.98681E-05 9.98681E-05 9.98681E-05 9.98681E-05 0.832976 9.98681E-05 9.98681E-05 9.98681E-05
9.98773E-05 9.98773E-05 9.98773E-05 0.023432 9.98773E-05 9.98773E-05 9.98773E-05 0.0134952 9.98773E-05 9.98773E-05 9.98773E-05 9.98773E-05 9.98773E-05 9.98773E-05 0.932702 0.0289721 9.98773E-05 9.98773E-05
9.98509E-05 9.98509E-05 9.98509E-05 9.98509E-05 9.98509E-05 9.98509E-05 9.98509E-05 9.98509E-05 9.98509E-05 9.98509E-05 9.98509E-05 9.98509E-05 9.98509E-05 9.98509E-05 0.998303 9.98509E-05 9.98509E-05 9.98509E-05
9.98598E-05 9.98598E-05 9.98598E-05 0.0236463 9.98598E-05 9.98598E-05 9.98598E-05 9.98598E-05 9.98598E-05 9.98598E-05 9.98598E-05 9.98598E-05 9.98598E-05 9.98598E-05 0.974756 9.98598E-05 9.98598E-05 9.98598E-05
9.98684E-05 9.98684E-05 9.98684E-05 9.98684E-05 9.98684E-05 9.98684E-05 9.98684E-05 0.0490876 9.98684E-05 9.98684E-05 9.98684E-05 9.98684E-05 9.98684E-05 9.98684E-05 0.835891 9.98684E-05 0.113523 9.98684E-05
0.0539705 9.9886E-05 9.9886E-05 0.00529252 9.9886E-05 9.9886E-05 9.9886E-05 0.0854716 0.142974 9.9886E-05 9.9886E-05 9.9886E-05 9.9886E-05 9.9886E-05 0.710993 9.9886E-05 9.9886E-05 9.9886E-05
9.98683E-05 9.98683E-05 9.98683E-05 9.98683E-05 9.98683E-05 9.98683E-05 9.98683E-05 0.107901 0.123956 9.98683E-05 9.98683E-05 9.98683E-05 0.766646 9.98683E-05 9.98683E-05 9.98683E-05 9.98683E-05 9.98683E-05
0.349245 9.98773E-05 9.98773E-05 9.98773E-05 9.98773E-05 9.98773E-05 9.98773E-05 0.000999082 0.0376702 9.98773E-05 9.98773E-05 9.98773E-05 0.610687 9.98773E-05 9.98773E-05 9.98773E-05 9.98773E-05 9.98773E-05
9.98859E-05 9.98859E-05 0.0575551 9.98859E-05 9.98859E-05 9.98859E-05 0.0151352 9.98859E-05 0.0912395 9.98859E-05 9.98859E-05 9.98859E-05 0.819294 9.98859E-05 9.98859E-05 9.98859E-05 0.0154778 9.98859E-05
9.98682E-05 9.98682E-05 9.98682E-05 9.98682E-05 9.98682E-05 9.98682E-05 9.98682E-05 0.081612 0.114882 9.98682E-05 9.98682E-05 9.98682E-05 0.802008 9.98682E-05 9.98682E-05 9.98682E-05 9.98682E-05 9.98682E-05
9.98594E-05 9.98594E-05 9.98594E-05 9.98594E-05 9.98594E-05 9.98594E-05 9.98594E-05 0.0658865 9.98594E-05 9.98594E-05 9.98594E-05 9.98594E-05 0.932516 9.98594E-05 9.98594E-05 9.98594E-05 9.98594E-05 9.98594E-05
9.98947E-05 9.98947E-05 0.0108402 9.98947E-05 9.98947E-05 0.0183125 9.98947E-05 0.139281 0.0961213 9.98947E-05 9.98947E-05 9.98947E-05 0.641122 9.98947E-05 9.98947E-05 0.0931245 9.98947E-05 9.98947E-05
9.98859E-05 9.98859E-05 9.98859E-05 9.98859E-05 9.98859E-05 9.98859E-05 9.98859E-05 0.109647 0.103428 0.0921273 9.98859E-05 9.98859E-05 0.67915 9.98859E-05 9.98859E-05 9.98859E-05 0.0143484 9.98859E-05
9.98683E-05 9.98683E-05 9.98683E-05 0.00747128 9.98683E-05 9.98683E-05 9.98683E-05 0.158595 9.98683E-05 9.98683E-05 9.98683E-05 9.98683E-05 0.832435 9.98683E-05 9.98683E-05 9.98683E-05 9.98683E-05 9.98683E-05
9.9877E-05 9.9877E-05 9.9877E-05 9.9877E-05 9.9877E-05 9.9877E-05 0.0324492 0.207816 9.9877E-05 9.9877E-05 9.9877E-05 9.9877E-05 0.504432 9.9877E-05 9.9877E-05 0.253905 9.9877E-05 9.9877E-05
9.98859E-05 9.98859E-05 9.98859E-05 9.98859E-05 9.98859E-05 0.0238952 9.98859E-05 0.159134 0.263873 0.000425156 9.98859E-05 9.98859E-05 0.551375 9.98859E-05 9.98859E-05 9.98859E-05 9.98859E-05 9.98859E-05
0.195816 9.98947E-05 9.98947E-05 9.98947E-05 9.98947E-05 9.98947E-05 0.0972762 0.0272386 9.98947E-05 9.98947E-05 9.98947E-05 0.00861495 0.464822 9.98947E-05 9.98947E-05 0.205033 9.98947E-05 9.98947E-05
0.0841559 9.9886E-05 9.9886E-05 9.9886E-05 9.9886E-05 9.9886E-05 0.00744826 9.9886E-05 0.102197 9.9886E-05 9.9886E-05 9.9886E-05 0.622863 9.9886E-05 9.9886E-05 0.182038 9.9886E-05 9.9886E-05
0.00916551 9.98773E-05 9.98773E-05 9.98773E-05 9.98773E-05 0.0382191 9.98773E-05 0.108354 9.98773E-05 9.98773E-05 9.98773E-05 9.98773E-05 0.842863 9.98773E-05 9.98773E-05 9.98773E-05 9.98773E-05 9.98773E-05
0.01482 9.98773E-05 9.98773E-05 9.98773E-05 9.98773E-05 9.98773E-05 9.98773E-05 0.127081 0.204718 9.98773E-05 9.98773E-05 9.98773E-05 0.651983 9.98773E-05 9.98773E-05 9.98773E-05 9.98773E-05 9.98773E-05
9.98948E-05 9.98948E-05 9.98948E-05 0.00106627 9.98948E-05 0.0172535 9.98948E-05 0.0616987 9.98948E-05 9.98948E-05 0.0324821 9.98948E-05 0.721343 9.98948E-05 9.98948E-05 9.98948E-05 0.164958 9.98948E-05
9.98859E-05 9.98859E-05 9.98859E-05 9.98859E-05 9.98859E-05 0.146512 9.98859E-05 0.0149888 0.0700619 9.98859E-05 9.98859E-05 9.98859E-05 0.663299 9.98859E-05 9.98859E-05 0.10384 9.98859E-05 9.98859E-05
0.0539931 9.98947E-05 9.98947E-05 0.0913588 9.98947E-05 9.98947E-05 9.98947E-05 0.0235201 0.0977658 9.98947E-05 9.98947E-05 9.98947E-05 0.462775 9.98947E-05 9.98947E-05 0.269389 9.98947E-05 9.98947E-05
9.98861E-05 9.98861E-05 9.98861E-05 9.98861E-05 9.98861E-05 0.168781 9.98861E-05 0.0804183 9.98861E-05 0.0626643 9.98861E-05 9.98861E-05 0.683798 9.98861E-05 9.98861E-05 9.98861E-05 9.98861E-05 0.00303993
0.0452957 9.98947E-05 0.0205897 9.98947E-05 0.0337356 9.98947E-05 0.0375913 0.0618951 9.98947E-05 9.98947E-05 9.98947E-05 9.98947E-05 0.799694 9.98947E-05 9.98947E-05 9.98947E-05 9.98947E-05 9.98947E-05
0.159088 9.99122E-05 0.0383121 0.095766 9.99122E-05 9.99122E-05 9.99122E-05 0.118268 0.0962561 9.99122E-05 0.00559628 9.99122E-05 0.470003 9.99122E-05 0.0157107 9.99122E-05 9.99122E-05 9.99122E-05
0.0203563 9.9886E-05 9.9886E-05 9.9886E-05 9.9886E-05 0.136842 9.9886E-05 0.0376678 9.9886E-05 9.9886E-05 9.9886E-05 9.9886E-05 0.660851 9.9886E-05 9.9886E-05 0.142985 9.9886E-05 9.9886E-05
9.98771E-05 9.98771E-05 9.98771E-05 9.98771E-05 9.98771E-05 9.98771E-05 0.00549476 9.98771E-05 0.0236698 9.98771E-05 9.98771E-05 9.98771E-05 0.945038 9.98771E-05 9.98771E-05 9.98771E-05 0.024399 9.98771E-05
9.98946E-05 9.98946E-05 9.98946E-05 0.0676567 9.98946E-05 9.98946E-05 9.98946E-05 0.237814 0.234553 9.98946E-05 9.98946E-05 0.002676 0.412238 9.98946E-05 9.98946E-05 0.043864 9.98946E-05 9.98946E-05
0.0666242 9.98773E-05 9.98773E-05 9.98773E-05 9.98773E-05 9.98773E-05 9.98773E-05 0.135082 0.0186441 9.98773E-05 9.98773E-05 9.98773E-05 0.778252 9.98773E-05 9.98773E-05 9.98773E-05 9.98773E-05 9.98773E-05
9.98946E-05 9.98946E-05 9.98946E-05 0.103352 9.98946E-05 9.98946E-05 9.98946E-05 0.153715 0.26093 9.98946E-05 9.98946E-05 0.0595841 0.398938 9.98946E-05 9.98946E-05 0.0222819 9.98946E-05 9.98946E-05
0.129439 9.99123E-05 9.99123E-05 9.99123E-05 9.99123E-05 9.99123E-05 9.99123E-05 0.069645 0.0414528 0.0558519 0.00789334 9.99123E-05 0.534339 9.99123E-05 0.0601793 0.100201 9.99123E-05 9.99123E-05
0.570603 0.0768145 9.98859E-05 9.98859E-05 9.98859E-05 9.98859E-05 9.98859E-05 9.98859E-05 0.0166729 9.98859E-05 9.98859E-05 9.98859E-05 0.276944 9.98859E-05 9.98859E-05 9.98859E-05 9.98859E-05 0.0576673
9.98769E-05 9.98769E-05 9.98769E-05 9.98769E-05 9.98769E-05 9.98769E-05 9.98769E-05 0.0570692 0.0715318 9.98769E-05 9.98769E-05 0.00692016 0.863081 9.98769E-05 9.98769E-05 9.98769E-05 9.98769E-05 9.98769E-05
9.98772E-05 9.98772E-05 9.98772E-05 9.98772E-05 9.98772E-05 9.98772E-05 9.98772E-05 0.211655 0.190969 9.98772E-05 9.98772E-05 9.98772E-05 0.550207 9.98772E-05 9.98772E-05 0.0457704 9.98772E-05 9.98772E-05
0.0111972 9.9886E-05 9.9886E-05 0.062945 9.9886E-05 9.9886E-05 9.9886E-05 0.00914006 0.128592 9.9886E-05 9.9886E-05 9.9886E-05 0.786828 9.9886E-05 9.9886E-05 9.9886E-05 9.9886E-05 9.9886E-05
9.98861E-05 9.98861E-05 9.98861E-05 9.98861E-05 9.98861E-05 9.98861E-05 0.0100048 9.98861E-05 0.185138 9.98861E-05 0.0923434 9.98861E-05 0.707275 9.98861E-05 9.98861E-05 0.00394001 9.98861E-05 9.98861E-05
9.98772E-05 9.98772E-05 9.98772E-05 0.0288211 9.98772E-05 9.98772E-05 9.98772E-05 9.98772E-05 0.00288184 9.98772E-05 0.073185 9.98772E-05 0.893714 9.98772E-05 9.98772E-05 9.98772E-05 9.98772E-05 9.98772E-05
9.98858E-05 9.98858E-05 9.98858E-05 0.0347568 0.105828 9.98858E-05 9.98858E-05 0.225906 0.248551 9.98858E-05 9.98858E-05 9.98858E-05 0.38366 9.98858E-05 9.98858E-05 9.98858E-05 9.98858E-05 9.98858E-05
9.98945E-05 9.98945E-05 9.98945E-05 0.0439767 9.98945E-05 9.98945E-05 9.98945E-05 0.0220506 0.0451766 0.160968 9.98945E-05 0.0648009 0.661829 9.98945E-05 9.98945E-05 9.98945E-05 9.98945E-05 9.98945E-05
9.9851E-05 9.9851E-05 9.9851E-05 9.9851E-05 9.9851E-05 9.9851E-05 9.9851E-05 9.9851E-05 9.9851E-05 9.9851E-05 9.9851E-05 9.9851E-05 0.998303 9.9851E-05 9.9851E-05 9.9851E-05 9.9851E-05 9.9851E-05
0.0454251 9.98771E-05 9.98771E-05 9.98771E-05 9.98771E-05 0.138363 9.98771E-05 0.0731835 9.98771E-05 9.98771E-05 9.98771E-05 9.98771E-05 0.74163 9.98771E-05 9.98771E-05 9.98771E-05 9.98771E-05 9.98771E-05
9.9877E-05 9.9877E-05 9.9877E-05 9.9877E-05 9.9877E-05 9.9877E-05 9.9877E-05 0.083115 0.205304 9.9877E-05 9.9877E-05 9.9877E-05 0.644968 9.9877E-05 9.9877E-05 9.9877E-05 0.0652145 9.9877E-05
0.519236 9.98858E-05 9.98858E-05 9.98858E-05 0.0244248 0.0422068 9.98858E-05 0.067366 9.98858E-05 9.98858E-05 9.98858E-05 9.98858E-05 0.345468 9.98858E-05 9.98858E-05 9.98858E-05 9.98858E-05 9.98858E-05
0.168302 9.98772E-05 9.98772E-05 9.98772E-05 9.98772E-05 9.98772E-05 9.98772E-05 0.0233776 0.0955235 9.98772E-05 9.98772E-05 9.98772E-05 0.711399 9.98772E-05 9.98772E-05 9.98772E-05 9.98772E-05 9.98772E-05
0.212044 9.98598E-05 9.98598E-05 9.98598E-05 9.98598E-05 9.98598E-05 9.98598E-05 9.98598E-05 9.98598E-05 9.98598E-05 9.98598E-05 9.98598E-05 0.786358 9.98598E-05 9.98598E-05 9.98598E-05 9.98598E-05 9.98598E-05
0.346558 9.98772E-05 9.98772E-05 9.98772E-05 9.98772E-05 9.98772E-05 9.98772E-05 0.056533 9.98772E-05 9.98772E-05 9.98772E-05 9.98772E-05 0.549764 9.98772E-05 9.98772E-05 0.0457463 9.98772E-05 9.98772E-05
9.98946E-05 9.98946E-05 9.98946E-05 9.98946E-05 0.00429831 9.98946E-05 0.0115647 0.136239 0.282366 9.98946E-05 9.98946E-05 9.98946E-05 0.490674 9.98946E-05 9.98946E-05 0.0736585 9.98946E-05 9.98946E-05
9.98684E-05 9.98684E-05 9.98684E-05 9.98684E-05 0.107343 9.98684E-05 9.98684E-05 0.0749105 9.98684E-05 9.98684E-05 9.98684E-05 9.98684E-05 0.816249 9.98684E-05 9.98684E-05 9.98684E-05 9.98684E-05 9.98684E-05
0.639487 9.9886E-05 9.9886E-05 0.0432426 9.9886E-05 9.9886E-05 9.9886E-05 0.121926 0.0924084 9.9886E-05 9.9886E-05 9.9886E-05 0.101638 9.9886E-05 9.9886E-05 9.9886E-05 9.9886E-05 9.9886E-05
0.501684 9.98684E-05 9.98684E-05 9.98684E-05 9.98684E-05 9.98684E-05 9.98684E-05 9.98684E-05 0.0811048 9.98684E-05 9.98684E-05 9.98684E-05 0.415713 9.98684E-05 9.98684E-05 9.98684E-05 9.98684E-05 9.98684E-05
9.99122E-05 9.99122E-05 0.0270361 0.0221444 9.99122E-05 9.99122E-05 9.99122E-05 0.152744 9.99122E-05 0.0368219 9.99122E-05 9.99122E-05 0.430237 9.99122E-05 9.99122E-05 0.181187 0.0712966 0.0775339
9.98772E-05 9.98772E-05 9.98772E-05 9.98772E-05 9.98772E-05 9.98772E-05 9.98772E-05 0.070286 0.0851529 9.98772E-05 9.98772E-05 9.98772E-05 0.640728 9.98772E-05 0.202435 9.98772E-05 9.98772E-05 9.98772E-05
0.0215728 0.12156 9.99036E-05 9.99036E-05 9.99036E-05 9.99036E-05 9.99036E-05 0.196955 0.0182493 0.031465 9.99036E-05 9.99036E-05 0.481375 9.99036E-05 9.99036E-05 0.127725 9.99036E-05 9.99036E-05
9.9886E-05 9.9886E-05 9.9886E-05 9.9886E-05 9.9886E-05 9.9886E-05 9.9886E-05 0.273296 0.222516 0.0301926 9.9886E-05 9.9886E-05 0.45488 9.9886E-05 0.0178175 9.9886E-05 9.9886E-05 9.9886E-05
0.387517 9.98684E-05 9.98684E-05 9.98684E-05 9.98684E-05 9.98684E-05 9.98684E-05 9.98684E-05 0.0215627 9.98684E-05 9.98684E-05 9.98684E-05 0.589422 9.98684E-05 9.98684E-05 9.98684E-05 9.98684E-05 9.98684E-05
9.9877E-05 9.9877E-05 0.200355 9.9877E-05 9.9877E-05 9.9877E-05 9.9877E-05 9.9877E-05 0.0805834 9.9877E-05 9.9877E-05 9.9877E-05 0.674497 9.9877E-05 9.9877E-05 9.9877E-05 9.9877E-05 0.0431667
0.478768 9.98772E-05 9.98772E-05 9.98772E-05 9.98772E-05 9.98772E-05 9.98772E-05 0.0901178 0.0385299 9.98772E-05 9.98772E-05 9.98772E-05 0.391186 9.98772E-05 9.98772E-05 9.98772E-05 9.98772E-05 9.98772E-05
0.11018 9.9886E-05 9.9886E-05 9.9886E-05 9.9886E-05 9.9886E-05 0.026039 0.10875 0.132739 9.9886E-05 9.9886E-05 9.9886E-05 0.620994 9.9886E-05 9.9886E-05 9.9886E-05 9.9886E-05 9.9886E-05
9.98771E-05 9.98771E-05 9.98771E-05 9.98771E-05 9.98771E-05 0.141893 9.98771E-05 0.0403323 9.98771E-05 9.98771E-05 9.98771E-05 9.98771E-05 0.804694 9.98771E-05 9.98771E-05 9.98771E-05 0.0116828 9.98771E-05
9.98771E-05 9.98771E-05 0.0201807 9.98771E-05 9.98771E-05 0.00892119 9.98771E-05 9.98771E-05 9.98771E-05 9.98771E-05 9.98771E-05 9.98771E-05 0.924906 9.98771E-05 9.98771E-05 9.98771E-05 0.0445937 9.98771E-05
9.9877E-05 9.9877E-05 9.9877E-05 9.9877E-05 9.9877E-05 9.9877E-05 9.9877E-05 0.181736 0.127887 9.9877E-05 9.9877E-05 9.9877E-05 0.507138 9.9877E-05 9.9877E-05 0.181841 9.9877E-05 9.9877E-05
9.98683E-05 9.98683E-05 9.98683E-05 9.98683E-05 9.98683E-05 9.98683E-05 9.98683E-05 0.147561 0.0772988 9.98683E-05 9.98683E-05 9.98683E-05 0.773642 9.98683E-05 9.98683E-05 9.98683E-05 9.98683E-05 9.98683E-05
9.98683E-05 9.98683E-05 9.98683E-05 9.98683E-05 9.98683E-05 9.98683E-05 0.0462781 9.98683E-05 0.0353416 9.98683E-05 9.98683E-05 9.98683E-05 0.916882 9.98683E-05 9.98683E-05 9.98683E-05 9.98683E-05 9.98683E-05
0.0214569 9.98773E-05 9.98773E-05 0.0664604 9.98773E-05 9.98773E-05 9.98773E-05 9.98773E-05 0.0805705 9.98773E-05 9.98773E-05 9.98773E-05 0.830114 9.98773E-05 9.98773E-05 9.98773E-05 9.98773E-05 9.98773E-05
0.0948185 9.98859E-05 9.98859E-05 9.98859E-05 9.98859E-05 9.98859E-05 9.98859E-05 0.0999614 0.0295735 9.98859E-05 9.98859E-05 9.98859E-05 0.684873 9.98859E-05 9.98859E-05 0.0894751 9.98859E-05 9.98859E-05
9.98506E-05 9.98506E-05 9.98506E-05 9.98506E-05 9.98506E-05 9.98506E-05 9.98506E-05 9.98506E-05 0.998303 9.98506E-05 9.98506E-05 9.98506E-05 9.98506E-05 9.98506E-05 9.98506E-05 9.98506E-05 9.98506E-05 9.98506E-05
9.98506E-05 9.98506E-05 9.98506E-05 9.98506E-05 9.98506E-05 9.98506E-05 9.98506E-05 0.998303 9.98506E-05 9.98506E-05 9.98506E-05 9.98506E-05 9.98506E-05 9.98506E-05 9.98506E-05 9.98506E-05 9.98506E-05 9.98506E-05
9.98505E-05 9.98505E-05 9.98505E-05 9.98505E-05 9.98505E-05 9.98505E-05 9.98505E-05 9.98505E-05 0.998303 9.98505E-05 9.98505E-05 9.98505E-05 9.98505E-05 9.98505E-05 9.98505E-05 9.98505E-05 9.98505E-05 9.98505E-05
9.98504E-05 9.98504E-05 9.98504E-05 9.98504E-05 9.98504E-05 9.98504E-05 9.98504E-05 0.998303 9.98504E-05 9.98504E-05 9.98504E-05 9.98504E-05 9.98504E-05 9.98504E-05 9.98504E-05 9.98504E-05 9.98504E-05 9.98504E-05
9.98505E-05 9.98505E-05 9.98505E-05 9.98505E-05 9.98505E-05 9.98505E-05 9.98505E-05 0.998303 9.98505E-05 9.98505E-05 9.98505E-05 9.98505E-05 9.98505E-05 9.98505E-05 9.98505E-05 9.98505E-05 9.98505E-05 9.98505E-05
9.98505E-05 9.98505E-05 9.98505E-05 9.98505E-05 9.98505E-05 9.98505E-05 9.98505E-05 0.998303 9.98505E-05 9.98505E-05 9.98505E-05 9.98505E-05 9.98505E-05 9.98505E-05 9.98505E-05 9.98505E-05 9.98505E-05 9.98505E-05
9.98505E-05 9.98505E-05 9.98505E-05 9.98505E-05 9.98505E-05 9.98505E-05 9.98505E-05 9.98505E-05 0.998303 9.98505E-05 9.98505E-05 9.98505E-05 9.98505E-05 9.98505E-05 9.98505E-05 9.98505E-05 9.98505E-05 9.98505E-05
9.98506E-05 9.98506E-05 9.98506E-05 9.98506E-05 9.98506E-05 9.98506E-05 9.98506E-05 0.998303 9.98506E-05 9.98506E-05 9.98506E-05 9.98506E-05 9.98506E-05 9.98506E-05 9.98506E-05 9.98506E-05 9.98506E-05 9.98506E-05
9.98505E-05 9.98505E-05 9.98505E-05 9.98505E-05 9.98505E-05 9.98505E-05 9.98505E-05 0.998303 9.98505E-05 9.98505E-05 9.98505E-05 9.98505E-05 9.98505E-05 9.98505E-05 9.98505E-05 9.98505E-05 9.98505E-05 9.98505E-05
9.98505E-05 9.98505E-05 9.98505E-05 9.98505E-05 9.98505E-05 9.98505E-05 9.98505E-05 9.98505E-05 0.998303 9.98505E-05 9.98505E-05 9.98505E-05 9.98505E-05 9.98505E-05 9.98505E-05 9.98505E-05 9.98505E-05 9.98505E-05
9.98506E-05 9.98506E-05 9.98506E-05 9.98506E-05 9.98506E-05 9.98506E-05 9.98506E-05 9.98506E-05 0.998303 9.98506E-05 9.98506E-05 9.98506E-05 9.98506E-05 9.98506E-05 9.98506E-05 9.98506E-05 9.98506E-05 9.98506E-05
9.98505E-05 9.98505E-05 9.98505E-05 9.98505E-05 9.98505E-05 9.98505E-05 9.98505E-05 9.98505E-05 0.998303 9.98505E-05 9.98505E-05 9.98505E-05 9.98505E-05 9.98505E-05 9.98505E-05 9.98505E-05 9.98505E-05 9.98505E-05
9.98506E-05 9.98506E-05 9.98506E-05 9.98506E-05 9.98506E-05 9.98506E-05 9.98506E-05 0.998303 9.98506E-05 9.98506E-05 9.98506E-05 9.98506E-05 9.98506E-05 9.98506E-05 9.98506E-05 9.98506E-05 9.98506E-05 9.98506E-05
9.98504E-05 9.98504E-05 9.98504E-05 9.98504E-05 9.98504E-05 9.98504E-05 9.98504E-05 0.998303 9.98504E-05 9.98504E-05 9.98504E-05 9.98504E-05 9.98504E-05 9.98504E-05 9.98504E-05 9.98504E-05 9.98504E-05 9.98504E-05
9.98505E-05 9.98505E-05 9.98505E-05 9.98505E-05 9.98505E-05 9.98505E-05 9.98505E-05 9.98505E-05 0.998303 9.98505E-05 9.98505E-05 9.98505E-05 9.98505E-05 9.98505E-05 9.98505E-05 9.98505E-05 9.98505E-05 9.98505E-05
9.98505E-05 9.98505E-05 9.98505E-05 9.98505E-05 9.98505E-05 9.98505E-05 9.98505E-05 9.98505E-05 0.998303 9.98505E-05 9.98505E-05 9.98505E-05 9.98505E-05 9.98505E-05 9.98505E-05 9.98505E-05 9.98505E-05 9.98505E-05
9.98946E-05 0.0349876 9.98946E-05 9.98946E-05 9.98946E-05 9.98946E-05 9.98946E-05 0.0450081 0.100808 9.98946E-05 9.98946E-05 0.156833 0.598895 9.98946E-05 9.98946E-05 9.98946E-05 9.98946E-05 0.0622702
9.98507E-05 9.98507E-05 9.98507E-05 9.98507E-05 9.98507E-05 9.98507E-05 9.98507E-05 9.98507E-05 0.998303 9.98507E-05 9.98507E-05 9.98507E-05 9.98507E-05 9.98507E-05 9.98507E-05 9.98507E-05 9.98507E-05 9.98507E-05
9.98506E-05 9.98506E-05 9.98506E-05 9.98506E-05 9.98506E-05 9.98506E-05 9.98506E-05 0.998303 9.98506E-05 9.98506E-05 9.98506E-05 9.98506E-05 9.98506E-05 9.98506E-05 9.98506E-05 9.98506E-05 9.98506E-05 9.98506E-05
9.98504E-05 9.98504E-05 9.98504E-05 9.98504E-05 9.98504E-05 9.98504E-05 9.98504E-05 9.98504E-05 0.998303 9.98504E-05 9.98504E-05 9.98504E-05 9.98504E-05 9.98504E-05 9.98504E-05 9.98504E-05 9.98504E-05 9.98504E-05
9.98505E-05 9.98505E-05 9.98505E-05 9.98505E-05 9.98505E-05 9.98505E-05 9.98505E-05 9.98505E-05 0.998303 9.98505E-05 9.98505E-05 9.98505E-05 9.98505E-05 9.98505E-05 9.98505E-05 9.98505E-05 9.98505E-05 9.98505E-05
9.98505E-05 9.98505E-05 9.98505E-05 9.98505E-05 9.98505E-05 9.98505E-05 9.98505E-05 9.98505E-05 0.998303 9.98505E-05 9.98505E-05 9.98505E-05 9.98505E-05 9.98505E-05 9.98505E-05 9.98505E-05 9.98505E-05 9.98505E-05
9.98504E-05 9.98504E-05 9.98504E-05 9.98504E-05 9.98504E-05 9.98504E-05 9.98504E-05 0.998303 9.98504E-05 9.98504E-05 9.98504E-05 9.98504E-05 9.98504E-05 9.98504E-05 9.98504E-05 9.98504E-05 9.98504E-05 9.98504E-05
9.98506E-05 9.98506E-05 9.98506E-05 9.98506E-05 9.98506E-05 9.98506E-05 9.98506E-05 9.98506E-05 0.998303 9.98506E-05 9.98506E-05 9.98506E-05 9.98506E-05 9.98506E-05 9.98506E-05 9.98506E-05 9.98506E-05 9.98506E-05
9.98505E-05 9.98505E-05 9.98505E-05 9.98505E-05 9.98505E-05 9.98505E-05 9.98505E-05 0.998303 9.98505E-05 9.98505E-05 9.98505E-05 9.98505E-05 9.98505E-05 9.98505E-05 9.98505E-05 9.98505E-05 9.98505E-05 9.98505E-05
9.98506E-05 9.98506E-05 9.98506E-05 9.98506E-05 9.98506E-05 9.98506E-05 9.98506E-05 9.98506E-05 0.998303 9.98506E-05 9.98506E-05 9.98506E-05 9.98506E-05 9.98506E-05 9.98506E-05 9.98506E-05 9.98506E-05 9.98506E-05
9.98505E-05 9.98505E-05 9.98505E-05 9.98505E-05 9.98505E-05 9.98505E-05 9.98505E-05 9.98505E-05 0.998303 9.98505E-05 9.98505E-05 9.98505E-05 9.98505E-05 9.98505E-05 9.98505E-05 9.98505E-05 9.98505E-05 9.98505E-05
9.98505E-05 9.98505E-05 9.98505E-05 9.98505E-05 9.98505E-05 9.98505E-05 9.98505E-05 0.998303 9.98505E-05 9.98505E-05 9.98505E-05 9.98505E-05 9.98505E-05 9.98505E-05 9.98505E-05 9.98505E-05 9.98505E-05 9.98505E-05
9.98505E-05 9.98505E-05 9.98505E-05 9.98505E-05 9.98505E-05 9.98505E-05 9.98505E-05 0.998303 9.98505E-05 9.98505E-05 9.98505E-05 9.98505E-05 9.98505E-05 9.98505E-05 9.98505E-05 9.98505E-05 9.98505E-05 9.98505E-05
9.98506E-05 9.98506E-05 9.98506E-05 9.98506E-05 9.98506E-05 9.98506E-05 9.98506E-05 0.998303 9.98506E-05 9.98506E-05 9.98506E-05 9.98506E-05 9.98506E-05 9.98506E-05 9.98506E-05 9.98506E-05 9.98506E-05 9.98506E-05
9.98506E-05 9.98506E-05 9.98506E-05 9.98506E-05 9.98506E-05 9.98506E-05 9.98506E-05 9.98506E-05 0.998303 9.98506E-05 9.98506E-05 9.98506E-05 9.98506E-05 9.98506E-05 9.98506E-05 9.98506E-05 9.98506E-05 9.98506E-05
9.98506E-05 9.98506E-05 9.98506E-05 9.98506E-05 9.98506E-05 9.98506E-05 9.98506E-05 9.98506E-05 0.998303 9.98506E-05 9.98506E-05 9.98506E-05 9.98506E-05 9.98506E-05 9.98506E-05 9.98506E-05 9.98506E-05 9.98506E-05
9.98505E-05 9.98505E-05 9.98505E-05 9.98505E-05 9.98505E-05 9.98505E-05 9.98505E-05 9.98505E-05 0.998303 9.98505E-05 9.98505E-05 9.98505E-05 9.98505E-05 9.98505E-05 9.98505E-05 9.98505E-05 9.98505E-05 9.98505E-05
9.98505E-05 9.98505E-05 9.98505E-05 9.98505E-05 9.98505E-05 9.98505E-05 9.98505E-05 9.98505E-05 0.998303 9.98505E-05 9.98505E-05 9.98505E-05 9.98505E-05 9.98505E-05 9.98505E-05 9.98505E-05 9.98505E-05 9.98505E-05
9.98505E-05 9.98505E-05 9.98505E-05 9.98505E-05 9.98505E-05 9.98505E-05 9.98505E-05 9.98505E-05 0.998303 9.98505E-05 9.98505E-05 9.98505E-05 9.98505E-05 9.98505E-05 9.98505E-05 9.98505E-05 9.98505E-05 9.98505E-05
9.98506E-05 9.98506E-05 9.98506E-05 9.98506E-05 9.98506E-05 9.98506E-05 9.98506E-05 0.998303 9.98506E-05 9.98506E-05 9.98506E-05 9.98506E-05 9.98506E-05 9.98506E-05 9.98506E-05 9.98506E-05 9.98506E-05 9.98506E-05
9.98505E-05 9.98505E-05 9.98505E-05 9.98505E-05 9.98505E-05 9.98505E-05 9.98505E-05 0.998303 9.98505E-05 9.98505E-05 9.98505E-05 9.98505E-05 9.98505E-05 9.98505E-05 9.98505E-05 9.98505E-05 9.98505E-05 9.98505E-05
9.98506E-05 9.98506E-05 9.98506E-05 9.98506E-05 9.98506E-05 9.98506E-05 9.98506E-05 0.998303 9.98506E-05 9.98506E-05 9.98506E-05 9.98506E-05 9.98506E-05 9.98506E-05 9.98506E-05 9.98506E-05 9.98506E-05 9.98506E-05
9.98506E-05 9.98506E-05 9.98506E-05 9.98506E-05 9.98506E-05 9.98506E-05 9.98506E-05 9.98506E-05 0.998303 9.98506E-05 9.98506E-05 9.98506E-05 9.98506E-05 9.98506E-05 9.98506E-05 9.98506E-05 9.98506E-05 9.98506E-05
9.98506E-05 9.98506E-05 9.98506E-05 9.98506E-05 9.98506E-05 9.98506E-05 9.98506E-05 0.998303 9.98506E-05 9.98506E-05 9.98506E-05 9.98506E-05 9.98506E-05 9.98506E-05 9.98506E-05 9.98506E-05 9.98506E-05 9.98506E-05
9.98506E-05 9.98506E-05 9.98506E-05 9.98506E-05 9.98506E-05 9.98506E-05 9.98506E-05 0.998303 9.98506E-05 9.98506E-05 9.98506E-05 9.98506E-05 9.98506E-05 9.98506E-05 9.98506E-05 9.98506E-05 9.98506E-05 9.98506E-05
9.98506E-05 9.98506E-05 9.98506E-05 9.98506E-05 9.98506E-05 9.98506E-05 9.98506E-05 0.998303 9.98506E-05 9.98506E-05 9.98506E-05 9.98506E-05 9.98506E-05 9.98506E-05 9.98506E-05 9.98506E-05 9.98506E-05 9.98506E-05
9.98506E-05 9.98506E-05 9.98506E-05 9.98506E-05 9.98506E-05 9.98506E-05 9.98506E-05 0.998303 9.98506E-05 9.98506E-05 9.98506E-05 9.98506E-05 9.98506E-05 9.98506E-05 9.98506E-05 9.98506E-05 9.98506E-05 9.98506E-05
9.98504E-05 9.98504E-05 9.98504E-05 9.98504E-05 9.98504E-05 9.98504E-05 9.98504E-05 9.98504E-05 0.998303 9.98504E-05 9.98504E-05 9.98504E-05 9.98504E-05 9.98504E-05 9.98504E-05 9.98504E-05 9.98504E-05 9.98504E-05
9.98505E-05 9.98505E-05 9.98505E-05 9.98505E-05 9.98505E-05 9.98505E-05 9.98505E-05 0.998303 9.98505E-05 9.98505E-05 9.98505E-05 9.98505E-05 9.98505E-05 9.98505E-05 9.98505E-05 9.98505E-05 9.98505E-05 9.98505E-05
9.98505E-05 9.98505E-05 9.98505E-05 9.98505E-05 9.98505E-05 9.98505E-05 9.98505E-05 0.998303 9.98505E-05 9.98505E-05 9.98505E-05 9.98505E-05 9.98505E-05 9.98505E-05 9.98505E-05 9.98505E-05 9.98505E-05 9.98505E-05
9.98945E-05 0.0366636 9.98945E-05 9.98945E-05 9.98945E-05 9.98945E-05 9.98945E-05 0.050334 0.105677 9.98945E-05 9.98945E-05 0.159063 0.582546 9.98945E-05 9.98945E-05 9.98945E-05 9.98945E-05 0.0645179
