0.489128 0.14384 9.99385E-05 0.178263 9.99385E-05 9.99385E-05 0.0977963 9.99385E-05 0.0902726 9.99385E-05 9.99385E-05 9.99385E-05
0.745318 9.99348E-05 9.99348E-05 0.210248 0.0101481 9.99348E-05 9.99348E-05 9.99348E-05 0.0334865 9.99348E-05 9.99348E-05 9.99348E-05
0.940009 9.9921E-05 9.9921E-05 9.9921E-05 9.9921E-05 9.9921E-05 0.0199236 9.9921E-05 9.9921E-05 9.9921E-05 9.9921E-05 0.039168
0.255478 0.0887549 0.0337459 9.99561E-05 9.99561E-05 9.99561E-05 0.0267636 0.0275894 0.336788 9.99561E-05 9.99561E-05 0.23038
0.785779 9.9921E-05 9.9921E-05 9.9921E-05 9.9921E-05 9.9921E-05 9.9921E-05 0.168135 9.9921E-05 9.9921E-05 9.9921E-05 0.0451867
0.310446 9.99562E-05 9.99562E-05 0.11268 0.0489338 0.104101 9.99562E-05 0.155274 0.0866514 9.99562E-05 9.99562E-05 0.181414
0.295502 0.101823 9.99562E-05 0.260041 9.99562E-05 9.99562E-05 0.0393854 0.0357137 0.252039 9.99562E-05 0.014995 9.99562E-05
0.300265 9.99561E-05 9.99561E-05 9.99561E-05 0.114004 0.177585 9.99561E-05 0.164479 0.0746005 9.99561E-05 0.0956016 0.0729645
0.291082 9.99561E-05 0.0456718 0.00733488 9.99561E-05 0.181584 0.311608 0.135935 0.0262852 9.99561E-05 9.99561E-05 9.99561E-05
0.926475 9.99122E-05 9.99122E-05 9.99122E-05 9.99122E-05 9.99122E-05 0.0725255 9.99122E-05 9.99122E-05 9.99122E-05 9.99122E-05 9.99122E-05
0.583775 0.0885726 0.0933063 9.99561E-05 9.99561E-05 0.00231632 0.153998 9.99561E-05 0.0245343 9.99561E-05 9.99561E-05 0.0529977
0.826566 0.0460943 9.99474E-05 9.99474E-05 9.99474E-05 9.99474E-05 0.0802647 0.00448113 0.0131607 9.99474E-05 0.0288339 9.99474E-05
0.85994 0.0216861 9.99297E-05 9.99297E-05 0.0253085 9.99297E-05 0.0922664 9.99297E-05 9.99297E-05 9.99297E-05 9.99297E-05 9.99297E-05
0.664394 0.0391096 9.99386E-05 9.99386E-05 9.99386E-05 9.99386E-05 0.0759077 9.99386E-05 9.99386E-05 9.99386E-05 0.105593 0.114296
0.399023 9.99474E-05 9.99474E-05 0.0149571 9.99474E-05 0.106254 0.258986 9.99474E-05 0.11153 9.99474E-05 9.99474E-05 0.10865
0.263762 0.0216212 9.99649E-05 9.99649E-05 0.0296821 0.184118 0.108244 9.99649E-05 0.0623766 9.99649E-05 0.192172 0.137625
0.540041 0.0640097 9.99561E-05 0.0886087 9.99561E-05 9.99561E-05 0.0959595 9.99561E-05 0.0471366 0.130683 0.0330611 9.99561E-05
0.352114 9.99473E-05 0.119871 9.99473E-05 0.215041 0.0831345 0.201283 9.99473E-05 9.99473E-05 9.99473E-05 9.99473E-05 0.027957
0.430953 0.0251202 9.99473E-05 9.99473E-05 0.0391286 0.204074 0.175484 9.99473E-05 0.124641 9.99473E-05 9.99473E-05 9.99473E-05
0.985712 9.99122E-05 0.0132892 9.99122E-05 9.99122E-05 9.99122E-05 9.99122E-05 9.99122E-05 9.99122E-05 9.99122E-05 9.99122E-05 9.99122E-05
0.513954 0.0813 9.99649E-05 9.99649E-05 9.99649E-05 0.105415 0.0508466 0.113992 0.10865 9.99649E-05 0.019204 0.00623992
0.305062 0.0148445 9.99561E-05 0.0110249 9.99561E-05 0.186514 9.99561E-05 0.20565 0.270951 9.99561E-05 9.99561E-05 0.00545352
0.711229 0.0201001 9.99473E-05 0.0341447 0.0110866 9.99473E-05 0.0824445 9.99473E-05 9.99473E-05 9.99473E-05 9.99473E-05 0.140395
0.467299 9.99297E-05 9.99297E-05 9.99297E-05 9.99297E-05 9.99297E-05 0.285919 9.99297E-05 0.141361 9.99297E-05 0.104622 9.99297E-05
0.259945 9.99385E-05 0.211037 9.99385E-05 9.99385E-05 0.0892141 0.214508 9.99385E-05 9.99385E-05 9.99385E-05 9.99385E-05 0.224597
0.713256 9.99473E-05 9.99473E-05 9.99473E-05 9.99473E-05 0.0409846 0.0882721 0.0394774 0.0439523 9.99473E-05 9.99473E-05 0.0734583
0.138713 0.00759474 9.99649E-05 0.0340523 0.153405 0.006436 0.112976 9.99649E-05 9.99649E-05 9.99649E-05 0.0866433 0.45978
0.778225 9.99298E-05 9.99298E-05 9.99298E-05 9.99298E-05 9.99298E-05 0.0460838 9.99298E-05 0.0486375 9.99298E-05 9.99298E-05 0.126254
0.723247 9.99386E-05 0.0778906 9.99386E-05 9.99386E-05 0.0029649 0.149789 9.99386E-05 9.99386E-05 9.99386E-05 9.99386E-05 0.0454085
0.775727 0.0080101 9.99473E-05 9.99473E-05 9.99473E-05 0.0171965 0.0739216 9.99473E-05 9.99473E-05 0.0710047 9.99473E-05 0.0535404
0.699104 0.139215 9.99473E-05 9.99473E-05 0.0159586 0.0387198 0.0581766 9.99473E-05 0.048226 9.99473E-05 9.99473E-05 9.99473E-05
0.5538 0.0954653 0.0158835 9.99474E-05 9.99474E-05 9.99474E-05 0.130671 9.99474E-05 0.0367544 9.99474E-05 9.99474E-05 0.166826
0.531479 0.103957 9.99473E-05 9.99473E-05 9.99473E-05 0.00177459 0.159557 9.99473E-05 9.99473E-05 9.99473E-05 0.0470023 0.155629
0.557386 0.0219282 9.99561E-05 9.99561E-05 0.0356651 9.99561E-05 0.14474 9.99561E-05 0.0275533 9.99561E-05 0.0135381 0.198689
0.838249 0.0333818 0.0434326 0.0684947 9.99386E-05 9.99386E-05 0.0157425 9.99386E-05 9.99386E-05 9.99386E-05 9.99386E-05 9.99386E-05
0.80639 0.00176235 9.99473E-05 0.0128465 9.99473E-05 0.0147336 0.0665653 9.99473E-05 0.0971024 9.99473E-05 9.99473E-05 9.99473E-05
0.839906 0.0111768 9.99474E-05 0.0448452 9.99474E-05 0.0142231 9.99474E-05 9.99474E-05 0.0113434 9.99474E-05 0.0779056 9.99474E-05
0.682899 0.0100903 0.0842856 0.00832787 9.99474E-05 0.138513 0.0752843 9.99474E-05 9.99474E-05 9.99474E-05 9.99474E-05 9.99474E-05
0.4954 0.0386682 9.99649E-05 0.052884 9.99649E-05 0.0376666 0.154599 0.120543 9.99649E-05 0.0920437 9.99649E-05 0.0077954
0.556674 9.99297E-05 9.99297E-05 9.99297E-05 9.99297E-05 9.99297E-05 0.14568 9.99297E-05 9.99297E-05 9.99297E-05 0.146659 0.150188
0.834955 0.0573153 9.99298E-05 9.99298E-05 9.99298E-05 9.99298E-05 0.0416802 9.99298E-05 0.0652501 9.99298E-05 9.99298E-05 9.99298E-05
0.679482 0.049082 0.0510516 0.0271296 9.99474E-05 0.0694974 0.123157 9.99474E-05 9.99474E-05 9.99474E-05 9.99474E-05 9.99474E-05
0.897299 9.99297E-05 9.99297E-05 0.0451804 9.99297E-05 9.99297E-05 9.99297E-05 0.0391093 9.99297E-05 0.0176118 9.99297E-05 9.99297E-05
0.468695 0.058321 0.0501737 0.0136167 9.99473E-05 0.135748 0.272846 9.99473E-05 9.99473E-05 9.99473E-05 9.99473E-05 9.99473E-05
0.309603 0.0548129 9.99298E-05 9.99298E-05 9.99298E-05 9.99298E-05 0.286686 9.99298E-05 0.348098 9.99298E-05 9.99298E-05 9.99298E-05
0.830546 9.99473E-05 0.0729441 9.99473E-05 9.99473E-05 0.00533253 0.0482062 0.0352716 9.99473E-05 9.99473E-05 9.99473E-05 0.00710042
0.820038 0.00536377 9.99386E-05 9.99386E-05 0.0129263 0.0768811 0.0840908 9.99386E-05 9.99386E-05 9.99386E-05 9.99386E-05 9.99386E-05
0.97462 9.9921E-05 0.00729941 9.9921E-05 9.9921E-05 9.9921E-05 0.0171817 9.9921E-05 9.9921E-05 9.9921E-05 9.9921E-05 9.9921E-05
0.707089 0.074754 9.99473E-05 9.99473E-05 9.99473E-05 9.99473E-05 0.177334 0.0239651 9.99473E-05 9.99473E-05 0.0104659 0.0057924
0.777833 9.99474E-05 0.00965103 9.99474E-05 0.0344515 0.0383095 9.99474E-05 0.0381092 9.99474E-05 9.99474E-05 0.101046 9.99474E-05
0.355774 0.122149 9.99561E-05 9.99561E-05 0.00259932 0.0339823 0.204575 9.99561E-05 0.0708349 9.99561E-05 9.99561E-05 0.209586
0.647031 9.99385E-05 9.99385E-05 9.99385E-05 9.99385E-05 9.99385E-05 9.99385E-05 0.221672 0.119158 9.99385E-05 0.0103797 0.00106001
0.792591 9.99386E-05 9.99386E-05 0.0243675 0.110475 9.99386E-05 0.0332512 9.99386E-05 9.99386E-05 9.99386E-05 9.99386E-05 0.038615
0.57827 9.99562E-05 9.99562E-05 9.99562E-05 0.0469785 0.0383795 0.010765 0.0278381 9.99562E-05 9.99562E-05 0.287404 0.00986522
0.754195 9.99474E-05 0.0887848 9.99474E-05 9.99474E-05 0.0432467 0.0674364 0.0165556 0.0291822 9.99474E-05 9.99474E-05 9.99474E-05
0.748304 0.00339927 0.0473255 9.99386E-05 9.99386E-05 9.99386E-05 9.99386E-05 0.0380378 9.99386E-05 9.99386E-05 9.99386E-05 0.162234
0.844492 9.99473E-05 9.99473E-05 9.99473E-05 0.131146 9.99473E-05 0.000963146 0.0114013 0.00176885 9.99473E-05 0.00962953 9.99473E-05
0.836974 0.0379452 9.99298E-05 9.99298E-05 9.99298E-05 9.99298E-05 0.0519136 9.99298E-05 0.0723682 9.99298E-05 9.99298E-05 9.99298E-05
0.877164 0.0310852 9.99386E-05 0.00696768 9.99386E-05 9.99386E-05 0.042442 9.99386E-05 9.99386E-05 9.99386E-05 0.0416411 9.99386E-05
0.0677053 0.0559594 9.99561E-05 0.388159 0.0824085 0.0571148 0.224508 9.99561E-05 9.99561E-05 9.99561E-05 9.99561E-05 0.123645
0.352765 0.0305823 9.99649E-05 0.31732 0.0261791 0.00153199 0.0891252 9.99649E-05 0.166637 9.99649E-05 0.0154608 9.99649E-05
0.258395 0.0520254 9.99561E-05 0.324149 0.200389 9.99561E-05 0.0386496 9.99561E-05 9.99561E-05 0.0662526 0.05964 9.99561E-05
9.99386E-05 9.99386E-05 9.99386E-05 0.514632 0.0601639 0.0857313 0.0622271 9.99386E-05 9.99386E-05 9.99386E-05 9.99386E-05 0.276546
0.125236 0.0341813 0.0499125 0.211507 0.0881772 0.13513 0.135394 0.00316624 0.149284 9.99824E-05 0.0678114 9.99824E-05
9.99473E-05 0.107755 9.99473E-05 0.290463 0.0507105 0.0313421 0.360506 9.99473E-05 9.99473E-05 9.99473E-05 9.99473E-05 0.158623
0.0464013 0.067737 9.99473E-05 0.408038 0.0238685 9.99473E-05 0.22372 9.99473E-05 0.229636 9.99473E-05 9.99473E-05 9.99473E-05
9.99385E-05 9.99385E-05 9.99385E-05 0.356859 0.215032 0.0574844 0.164041 9.99385E-05 9.99385E-05 9.99385E-05 9.99385E-05 0.205884
0.18654 9.99474E-05 9.99474E-05 0.505192 0.0940061 9.99474E-05 0.107715 9.99474E-05 9.99474E-05 0.0015115 9.99474E-05 0.104436
0.310298 0.0928459 9.99649E-05 0.208242 0.0338244 0.0723564 0.0842209 9.99649E-05 0.122331 9.99649E-05 9.99649E-05 0.0754817
9.99473E-05 0.230079 9.99473E-05 0.151143 0.0536054 0.0934815 0.449806 9.99473E-05 0.0212856 9.99473E-05 9.99473E-05 9.99473E-05
0.0943987 0.120874 9.99473E-05 0.313618 9.99473E-05 9.99473E-05 0.19717 9.99473E-05 0.108796 9.99473E-05 0.164544 9.99473E-05
9.99737E-05 0.189302 9.99737E-05 0.26911 0.0423311 0.150272 0.0167986 0.0905138 0.0249379 9.99737E-05 0.130987 0.0854484
0.0144332 9.99561E-05 9.99561E-05 0.280089 9.99561E-05 9.99561E-05 0.335465 0.0671205 0.0401019 9.99561E-05 0.106107 0.156183
0.295661 0.0446622 9.99475E-05 0.310887 9.99475E-05 9.99475E-05 0.0856905 9.99475E-05 9.99475E-05 9.99475E-05 0.0952083 0.167291
0.222973 0.0882055 9.99649E-05 0.308774 0.000844513 0.054296 0.170424 9.99649E-05 0.0942125 0.0598708 9.99649E-05 9.99649E-05
9.99473E-05 9.99473E-05 9.99473E-05 0.246154 0.161718 9.99473E-05 0.172706 9.99473E-05 0.182676 9.99473E-05 0.063586 0.172561
0.124162 0.207745 9.99561E-05 0.180797 0.0188219 0.118759 0.0715069 9.99561E-05 0.277709 9.99561E-05 9.99561E-05 9.99561E-05
0.204007 0.0545306 9.99649E-05 0.220134 0.110976 0.00370949 0.17321 9.99649E-05 0.161349 9.99649E-05 9.99649E-05 0.071684
9.99649E-05 0.0178704 0.0525766 0.207338 0.0498689 9.99649E-05 0.31291 9.99649E-05 0.0575163 9.99649E-05 0.159664 0.141857
0.254629 0.0485503 9.99562E-05 0.282843 9.99562E-05 9.99562E-05 0.131984 0.0194982 9.99562E-05 0.180545 0.0814511 9.99562E-05
0.0377228 9.99561E-05 9.99561E-05 0.35215 9.99561E-05 0.0390746 0.0998589 9.99561E-05 0.122412 9.99561E-05 0.105103 0.243179
0.138071 0.00195724 9.99562E-05 0.333151 0.0126452 9.99562E-05 0.113577 9.99562E-05 9.99562E-05 9.99562E-05 0.0248527 0.375246
0.172509 0.0329483 9.99649E-05 0.144679 0.172875 0.0539646 0.104413 9.99649E-05 0.136466 9.99649E-05 9.99649E-05 0.181745
0.239297 0.274358 9.99473E-05 9.99473E-05 9.99473E-05 0.0529873 0.223582 9.99473E-05 0.113435 9.99473E-05 9.99473E-05 0.095741
0.364683 9.99474E-05 0.0893747 0.347485 9.99474E-05 0.043935 0.12002 9.99474E-05 9.99474E-05 0.0339022 9.99474E-05 9.99474E-05
0.327774 0.0429406 9.99649E-05 0.298934 0.105549 9.99649E-05 0.129676 9.99649E-05 0.0502436 0.0290649 0.0154183 9.99649E-05
0.230349 9.99475E-05 9.99475E-05 0.405379 0.00194008 9.99475E-05 0.184771 9.99475E-05 0.163993 0.012968 9.99475E-05 9.99475E-05
0.284448 9.99561E-05 9.99561E-05 0.145482 0.2475 0.089692 0.15727 9.99561E-05 0.0387531 9.99561E-05 9.99561E-05 0.0363546
0.141131 9.99474E-05 9.99474E-05 0.159258 9.99474E-05 0.11106 0.270117 9.99474E-05 9.99474E-05 0.25048 0.067355 9.99474E-05
9.9921E-05 9.9921E-05 9.9921E-05 9.9921E-05 9.9921E-05 0.059665 0.0856692 9.9921E-05 9.9921E-05 9.9921E-05 9.9921E-05 0.853767
9.9921E-05 9.9921E-05 9.9921E-05 9.9921E-05 9.9921E-05 0.0328199 9.9921E-05 9.9921E-05 9.9921E-05 0.383823 9.9921E-05 0.582458
9.99209E-05 9.99209E-05 9.99209E-05 9.99209E-05 0.00867028 9.99209E-05 0.0427016 9.99209E-05 9.99209E-05 9.99209E-05 9.99209E-05 0.947729
9.99384E-05 0.0105358 9.99384E-05 9.99384E-05 0.0209388 0.0805108 0.0856335 9.99384E-05 9.99384E-05 9.99384E-05 9.99384E-05 0.801682
9.99208E-05 9.99208E-05 9.99208E-05 9.99208E-05 0.00650361 0.0420447 9.99208E-05 9.99208E-05 9.99208E-05 9.99208E-05 9.99208E-05 0.950552
9.99298E-05 9.99298E-05 9.99298E-05 0.0218485 9.99298E-05 0.183607 0.152786 9.99298E-05 9.99298E-05 9.99298E-05 9.99298E-05 0.640959
9.99385E-05 0.020573 9.99385E-05 9.99385E-05 0.00887893 0.0503586 0.0988714 9.99385E-05 9.99385E-05 9.99385E-05 9.99385E-05 0.820618
9.99209E-05 9.99209E-05 9.99209E-05 9.99209E-05 9.99209E-05 0.190738 0.0179714 9.99209E-05 9.99209E-05 9.99209E-05 9.99209E-05 0.790391
9.99297E-05 9.99297E-05 9.99297E-05 0.249379 9.99297E-05 0.299452 0.00404809 9.99297E-05 9.99297E-05 9.99297E-05 9.99297E-05 0.446322
9.9921E-05 9.9921E-05 9.9921E-05 9.9921E-05 9.9921E-05 0.189324 0.30171 9.9921E-05 9.9921E-05 9.9921E-05 9.9921E-05 0.508066
9.99298E-05 9.99298E-05 9.99298E-05 0.188474 9.99298E-05 9.99298E-05 0.0251328 9.99298E-05 9.99298E-05 0.172178 9.99298E-05 0.613416
0.00640719 9.99298E-05 9.99298E-05 0.0555264 9.99298E-05 9.99298E-05 0.0749044 9.99298E-05 9.99298E-05 9.99298E-05 9.99298E-05 0.862363
9.99123E-05 9.99123E-05 9.99123E-05 9.99123E-05 9.99123E-05 0.0666483 9.99123E-05 9.99123E-05 9.99123E-05 9.99123E-05 9.99123E-05 0.932353
9.99211E-05 9.99211E-05 9.99211E-05 9.99211E-05 9.99211E-05 0.12857 0.197526 9.99211E-05 9.99211E-05 9.99211E-05 9.99211E-05 0.673005
9.99299E-05 9.99299E-05 9.99299E-05 9.99299E-05 0.12639 0.0691866 9.99299E-05 9.99299E-05 9.99299E-05 0.0229871 9.99299E-05 0.780637
9.99473E-05 0.0396058 9.99473E-05 0.048799 9.99473E-05 0.0318676 0.142907 9.99473E-05 9.99473E-05 9.99473E-05 0.00344692 0.732774
9.99297E-05 9.99297E-05 0.0321871 0.129553 9.99297E-05 9.99297E-05 0.0597695 9.99297E-05 9.99297E-05 9.99297E-05 9.99297E-05 0.777691
0.0156533 0.00372983 9.99474E-05 9.99474E-05 9.99474E-05 0.103605 9.99474E-05 0.0852531 0.00238063 9.99474E-05 9.99474E-05 0.788778
9.99298E-05 0.0102989 9.99298E-05 9.99298E-05 9.99298E-05 9.99298E-05 9.99298E-05 0.000589242 9.99298E-05 0.0120806 9.99298E-05 0.976232
9.99561E-05 0.016728 0.0868431 9.99561E-05 9.99561E-05 0.0105688 0.137484 9.99561E-05 0.0344193 0.136104 9.99561E-05 0.577353
9.99297E-05 9.99297E-05 9.99297E-05 9.99297E-05 9.99297E-05 0.0724557 0.113807 0.0496725 9.99297E-05 9.99297E-05 9.99297E-05 0.763266
9.99209E-05 0.0561901 9.99209E-05 9.99209E-05 9.99209E-05 0.0366417 9.99209E-05 9.99209E-05 9.99209E-05 9.99209E-05 9.99209E-05 0.906269
9.99298E-05 9.99298E-05 0.0296869 9.99298E-05 9.99298E-05 0.269616 0.170482 9.99298E-05 9.99298E-05 9.99298E-05 9.99298E-05 0.529416
9.9921E-05 9.9921E-05 9.9921E-05 9.9921E-05 9.9921E-05 0.158636 9.9921E-05 9.9921E-05 9.9921E-05 0.0769745 9.9921E-05 0.76349
9.99297E-05 9.99297E-05 0.0960676 9.99297E-05 9.99297E-05 0.298606 0.180358 9.99297E-05 9.99297E-05 9.99297E-05 9.99297E-05 0.424169
9.99473E-05 9.99473E-05 9.99473E-05 0.128701 0.0455582 0.108799 0.151827 9.99473E-05 9.99473E-05 0.175293 9.99473E-05 0.389223
9.99473E-05 9.99473E-05 0.0107988 9.99473E-05 9.99473E-05 9.99473E-05 0.119453 0.0591203 9.99473E-05 0.528339 0.0719896 0.2097
9.99208E-05 9.99208E-05 9.99208E-05 9.99208E-05 9.99208E-05 0.0521853 0.0421874 9.99208E-05 9.99208E-05 9.99208E-05 9.99208E-05 0.904728
9.9921E-05 9.9921E-05 9.9921E-05 9.9921E-05 9.9921E-05 0.252686 0.159403 9.9921E-05 9.9921E-05 9.9921E-05 9.9921E-05 0.587012
9.99386E-05 0.0075571 0.0368933 9.99386E-05 9.99386E-05 9.99386E-05 0.085107 9.99386E-05 9.99386E-05 0.0024097 9.99386E-05 0.867333
9.99298E-05 0.0438036 9.99298E-05 9.99298E-05 9.99298E-05 0.0335493 0.221247 9.99298E-05 9.99298E-05 9.99298E-05 9.99298E-05 0.7006
9.99035E-05 9.99035E-05 9.99035E-05 9.99035E-05 9.99035E-05 9.99035E-05 9.99035E-05 9.99035E-05 9.99035E-05 9.99035E-05 9.99035E-05 0.998901
9.99385E-05 9.99385E-05 0.181706 9.99385E-05 9.99385E-05 0.270838 0.0964997 0.0886979 9.99385E-05 9.99385E-05 9.99385E-05 0.361558
9.99201E-05 9.99201E-05 0.0300385 9.99201E-05 9.99201E-05 0.106915 0.106986 9.99201E-05 9.99201E-05 9.99201E-05 9.99201E-05 0.755261
9.99123E-05 9.99123E-05 9.99123E-05 9.99123E-05 9.99123E-05 9.99123E-05 0.000437914 9.99123E-05 9.99123E-05 9.99123E-05 9.99123E-05 0.998563
9.99473E-05 0.0132877 9.99473E-05 0.0380784 9.99473E-05 0.0411055 9.99473E-05 9.99473E-05 0.0362446 0.0848912 9.99473E-05 0.785793
9.99297E-05 9.99297E-05 9.99297E-05 9.99297E-05 0.00873675 0.0953075 0.19316 9.99297E-05 9.99297E-05 9.99297E-05 9.99297E-05 0.701997
9.99209E-05 9.99209E-05 9.99209E-05 9.99209E-05 9.99209E-05 0.0879646 9.99209E-05 9.99209E-05 9.99209E-05 0.475698 9.99209E-05 0.435439
9.99211E-05 9.99211E-05 9.99211E-05 9.99211E-05 9.99211E-05 9.99211E-05 0.049195 9.99211E-05 9.99211E-05 0.198316 9.99211E-05 0.75159
9.99123E-05 9.99123E-05 9.99123E-05 9.99123E-05 9.99123E-05 9.99123E-05 9.99123E-05 9.99123E-05 9.99123E-05 0.220917 9.99123E-05 0.778084
9.9921E-05 9.9921E-05 9.9921E-05 9.9921E-05 9.9921E-05 0.00210576 9.9921E-05 9.9921E-05 9.9921E-05 0.336914 9.9921E-05 0.660081
9.99385E-05 0.00399238 9.99385E-05 9.99385E-05 9.99385E-05 0.0444022 0.315361 0.0637579 9.99385E-05 9.99385E-05 9.99385E-05 0.571787
9.99123E-05 9.99123E-05 9.99123E-05 9.99123E-05 9.99123E-05 0.14181 9.99123E-05 9.99123E-05 9.99123E-05 9.99123E-05 9.99123E-05 0.857191
9.99385E-05 9.99385E-05 0.0520276 9.99385E-05 9.99385E-05 0.157193 0.0158671 9.99385E-05 9.99385E-05 0.479591 9.99385E-05 0.294622
9.99298E-05 9.99298E-05 9.99298E-05 0.0186369 9.99298E-05 9.99298E-05 0.0936528 9.99298E-05 9.99298E-05 0.321963 9.99298E-05 0.564948
9.99384E-05 9.99384E-05 0.126111 0.130724 0.00880339 0.174213 9.99384E-05 9.99384E-05 9.99384E-05 9.99384E-05 9.99384E-05 0.559448
9.99474E-05 0.0268822 9.99474E-05 9.99474E-05 0.0161663 0.110218 0.162873 9.99474E-05 9.99474E-05 0.058231 9.99474E-05 0.62503
9.99474E-05 9.99474E-05 9.99474E-05 0.134621 0.0212923 0.0607646 0.0401153 9.99474E-05 9.99474E-05 9.99474E-05 0.0857845 0.656822
9.99385E-05 0.0153806 0.0241264 9.99385E-05 9.99385E-05 0.245722 0.175861 9.99385E-05 9.99385E-05 9.99385E-05 9.99385E-05 0.53821
9.9921E-05 9.9921E-05 0.0165663 9.9921E-05 9.9921E-05 9.9921E-05 9.9921E-05 9.9921E-05 9.9921E-05 0.416484 9.9921E-05 0.566051
9.99385E-05 0.01139 9.99385E-05 9.99385E-05 9.99385E-05 9.99385E-05 0.0923125 9.99385E-05 0.145852 9.99385E-05 0.027893 0.721852
9.99385E-05 0.0178177 9.99385E-05 9.99385E-05 9.99385E-05 0.186977 9.99385E-05 0.00708876 9.99385E-05 0.541819 9.99385E-05 0.245598
9.99298E-05 9.99298E-05 9.99298E-05 9.99298E-05 9.99298E-05 0.155842 0.0829991 9.99298E-05 9.99298E-05 0.163575 9.99298E-05 0.596785
9.9921E-05 9.9921E-05 9.9921E-05 9.9921E-05 9.9921E-05 0.00143331 9.9921E-05 9.9921E-05 9.9921E-05 9.9921E-05 0.0417905 0.955877
9.99122E-05 0.0610321 9.99122E-05 9.99122E-05 9.99122E-05 9.99122E-05 9.99122E-05 9.99122E-05 9.99122E-05 9.99122E-05 9.99122E-05 0.937969
9.99297E-05 9.99297E-05 9.99297E-05 0.184088 9.99297E-05 0.182074 0.181218 9.99297E-05 9.99297E-05 9.99297E-05 9.99297E-05 0.45182
9.9921E-05 9.9921E-05 9.9921E-05 9.9921E-05 9.9921E-05 0.108731 0.152833 9.9921E-05 9.9921E-05 9.9921E-05 9.9921E-05 0.737537
9.99122E-05 9.99122E-05 9.99122E-05 9.99122E-05 9.99122E-05 0.0444955 9.99122E-05 9.99122E-05 9.99122E-05 9.99122E-05 9.99122E-05 0.954505
9.99211E-05 9.99211E-05 0.177499 9.99211E-05 9.99211E-05 9.99211E-05 0.045084 9.99211E-05 9.99211E-05 9.99211E-05 9.99211E-05 0.776518
9.99298E-05 9.99298E-05 9.99298E-05 9.99298E-05 9.99298E-05 0.184486 0.0120471 9.99298E-05 9.99298E-05 0.124798 9.99298E-05 0.67787
9.99121E-05 9.99121E-05 0.00618508 9.99121E-05 9.99121E-05 9.99121E-05 0.992816 9.99121E-05 9.99121E-05 9.99121E-05 9.99121E-05 9.99121E-05
9.99033E-05 9.99033E-05 9.99033E-05 9.99033E-05 9.99033E-05 0.998901 9.99033E-05 9.99033E-05 9.99033E-05 9.99033E-05 9.99033E-05 9.99033E-05
9.99033E-05 9.99033E-05 9.99033E-05 9.99033E-05 9.99033E-05 9.99033E-05 0.998901 9.99033E-05 9.99033E-05 9.99033E-05 9.99033E-05 9.99033E-05
9.99032E-05 9.99032E-05 9.99032E-05 9.99032E-05 9.99032E-05 0.998901 9.99032E-05 9.99032E-05 9.99032E-05 9.99032E-05 9.99032E-05 9.99032E-05
9.99032E-05 9.99032E-05 9.99032E-05 9.99032E-05 9.99032E-05 0.998901 9.99032E-05 9.99032E-05 9.99032E-05 9.99032E-05 9.99032E-05 9.99032E-05
9.99032E-05 9.99032E-05 9.99032E-05 9.99032E-05 9.99032E-05 0.998901 9.99032E-05 9.99032E-05 9.99032E-05 9.99032E-05 9.99032E-05 9.99032E-05
9.99032E-05 9.99032E-05 9.99032E-05 9.99032E-05 9.99032E-05 9.99032E-05 0.998901 9.99032E-05 9.99032E-05 9.99032E-05 9.99032E-05 9.99032E-05
9.99032E-05 9.99032E-05 9.99032E-05 9.99032E-05 9.99032E-05 0.998901 9.99032E-05 9.99032E-05 9.99032E-05 9.99032E-05 9.99032E-05 9.99032E-05
9.99032E-05 9.99032E-05 9.99032E-05 9.99032E-05 9.99032E-05 0.998901 9.99032E-05 9.99032E-05 9.99032E-05 9.99032E-05 9.99032E-05 9.99032E-05
9.99032E-05 9.99032E-05 9.99032E-05 9.99032E-05 9.99032E-05 9.99032E-05 0.998901 9.99032E-05 9.99032E-05 9.99032E-05 9.99032E-05 9.99032E-05
9.99032E-05 9.99032E-05 9.99032E-05 9.99032E-05 9.99032E-05 9.99032E-05 0.998901 9.99032E-05 9.99032E-05 9.99032E-05 9.99032E-05 9.99032E-05
9.99032E-05 9.99032E-05 9.99032E-05 9.99032E-05 9.99032E-05 9.99032E-05 0.998901 9.99032E-05 9.99032E-05 9.99032E-05 9.99032E-05 9.99032E-05
9.99032E-05 9.99032E-05 9.99032E-05 9.99032E-05 9.99032E-05 0.998901 9.99032E-05 9.99032E-05 9.99032E-05 9.99032E-05 9.99032E-05 9.99032E-05
9.99032E-05 9.99032E-05 9.99032E-05 9.99032E-05 9.99032E-05 0.998901 9.99032E-05 9.99032E-05 9.99032E-05 9.99032E-05 9.99032E-05 9.99032E-05
9.99032E-05 9.99032E-05 9.99032E-05 9.99032E-05 9.99032E-05 9.99032E-05 0.998901 9.99032E-05 9.99032E-05 9.99032E-05 9.99032E-05 9.99032E-05
9.99032E-05 9.99032E-05 9.99032E-05 9.99032E-05 9.99032E-05 9.99032E-05 0.998901 9.99032E-05 9.99032E-05 9.99032E-05 9.99032E-05 9.99032E-05
9.99473E-05 9.99473E-05 0.0113842 9.99473E-05 9.99473E-05 0.0321392 0.0851758 9.99473E-05 0.166124 9.99473E-05 0.0450496 0.659527
9.99032E-05 9.99032E-05 9.99032E-05 9.99032E-05 9.99032E-05 9.99032E-05 0.998901 9.99032E-05 9.99032E-05 9.99032E-05 9.99032E-05 9.99032E-05
9.99033E-05 9.99033E-05 9.99033E-05 9.99033E-05 9.99033E-05 0.998901 9.99033E-05 9.99033E-05 9.99033E-05 9.99033E-05 9.99033E-05 9.99033E-05
9.99032E-05 9.99032E-05 9.99032E-05 9.99032E-05 9.99032E-05 9.99032E-05 0.998901 9.99032E-05 9.99032E-05 9.99032E-05 9.99032E-05 9.99032E-05
9.99032E-05 9.99032E-05 9.99032E-05 9.99032E-05 9.99032E-05 9.99032E-05 0.998901 9.99032E-05 9.99032E-05 9.99032E-05 9.99032E-05 9.99032E-05
9.99032E-05 9.99032E-05 9.99032E-05 9.99032E-05 9.99032E-05 9.99032E-05 0.998901 9.99032E-05 9.99032E-05 9.99032E-05 9.99032E-05 9.99032E-05
9.99032E-05 9.99032E-05 9.99032E-05 9.99032E-05 9.99032E-05 0.998901 9.99032E-05 9.99032E-05 9.99032E-05 9.99032E-05 9.99032E-05 9.99032E-05
9.99032E-05 9.99032E-05 9.99032E-05 9.99032E-05 9.99032E-05 9.99032E-05 0.998901 9.99032E-05 9.99032E-05 9.99032E-05 9.99032E-05 9.99032E-05
9.99033E-05 9.99033E-05 9.99033E-05 9.99033E-05 9.99033E-05 0.998901 9.99033E-05 9.99033E-05 9.99033E-05 9.99033E-05 9.99033E-05 9.99033E-05
9.99032E-05 9.99032E-05 9.99032E-05 9.99032E-05 9.99032E-05 9.99032E-05 0.998901 9.99032E-05 9.99032E-05 9.99032E-05 9.99032E-05 9.99032E-05
9.99032E-05 9.99032E-05 9.99032E-05 9.99032E-05 9.99032E-05 9.99032E-05 0.998901 9.99032E-05 9.99032E-05 9.99032E-05 9.99032E-05 9.99032E-05
9.99032E-05 9.99032E-05 9.99032E-05 9.99032E-05 9.99032E-05 0.998901 9.99032E-05 9.99032E-05 9.99032E-05 9.99032E-05 9.99032E-05 9.99032E-05
9.99032E-05 9.99032E-05 9.99032E-05 9.99032E-05 9.99032E-05 0.998901 9.99032E-05 9.99032E-05 9.99032E-05 9.99032E-05 9.99032E-05 9.99032E-05
9.99032E-05 9.99032E-05 9.99032E-05 9.99032E-05 9.99032E-05 0.998901 9.99032E-05 9.99032E-05 9.99032E-05 9.99032E-05 9.99032E-05 9.99032E-05
9.99032E-05 9.99032E-05 9.99032E-05 9.99032E-05 9.99032E-05 9.99032E-05 0.998901 9.99032E-05 9.99032E-05 9.99032E-05 9.99032E-05 9.99032E-05
9.99033E-05 9.99033E-05 9.99033E-05 9.99033E-05 9.99033E-05 9.99033E-05 0.998901 9.99033E-05 9.99033E-05 9.99033E-05 9.99033E-05 9.99033E-05
9.99032E-05 9.99032E-05 9.99032E-05 9.99032E-05 9.99032E-05 9.99032E-05 0.998901 9.99032E-05 9.99032E-05 9.99032E-05 9.99032E-05 9.99032E-05
9.99032E-05 9.99032E-05 9.99032E-05 9.99032E-05 9.99032E-05 9.99032E-05 0.998901 9.99032E-05 9.99032E-05 9.99032E-05 9.99032E-05 9.99032E-05
9.99032E-05 9.99032E-05 9.99032E-05 9.99032E-05 9.99032E-05 9.99032E-05 0.998901 9.99032E-05 9.99032E-05 9.99032E-05 9.99032E-05 9.99032E-05
9.99032E-05 9.99032E-05 9.99032E-05 9.99032E-05 9.99032E-05 0.998901 9.99032E-05 9.99032E-05 9.99032E-05 9.99032E-05 9.99032E-05 9.99032E-05
9.99033E-05 9.99033E-05 9.99033E-05 9.99033E-05 9.99033E-05 0.998901 9.99033E-05 9.99033E-05 9.99033E-05 9.99033E-05 9.99033E-05 9.99033E-05
9.99032E-05 9.99032E-05 9.99032E-05 9.99032E-05 9.99032E-05 0.998901 9.99032E-05 9.99032E-05 9.99032E-05 9.99032E-05 9.99032E-05 9.99032E-05
9.99032E-05 9.99032E-05 9.99032E-05 9.99032E-05 9.99032E-05 9.99032E-05 0.998901 9.99032E-05 9.99032E-05 9.99032E-05 9.99032E-05 9.99032E-05
9.99033E-05 9.99033E-05 9.99033E-05 9.99033E-05 9.99033E-05 0.998901 9.99033E-05 9.99033E-05 9.99033E-05 9.99033E-05 9.99033E-05 9.99033E-05
9.99032E-05 9.99032E-05 9.99032E-05 9.99032E-05 9.99032E-05 0.998901 9.99032E-05 9.99032E-05 9.99032E-05 9.99032E-05 9.99032E-05 9.99032E-05
9.99032E-05 9.99032E-05 9.99032E-05 9.99032E-05 9.99032E-05 0.998901 9.99032E-05 9.99032E-05 9.99032E-05 9.99032E-05 9.99032E-05 9.99032E-05
9.99032E-05 9.99032E-05 9.99032E-05 9.99032E-05 9.99032E-05 0.998901 9.99032E-05 9.99032E-05 9.99032E-05 9.99032E-05 9.99032E-05 9.99032E-05
9.99031E-05 9.99031E-05 9.99031E-05 9.99031E-05 9.99031E-05 9.99031E-05 0.998901 9.99031E-05 9.99031E-05 9.99031E-05 9.99031E-05 9.99031E-05
9.99032E-05 9.99032E-05 9.99032E-05 9.99032E-05 9.99032E-05 0.998901 9.99032E-05 9.99032E-05 9.99032E-05 9.99032E-05 9.99032E-05 9.99032E-05
9.99032E-05 9.99032E-05 9.99032E-05 9.99032E-05 9.99032E-05 0.998901 9.99032E-05 9.99032E-05 9.99032E-05 9.99032E-05 9.99032E-05 9.99032E-05
9.99472E-05 9.99472E-05 0.0359244 9.99472E-05 9.99472E-05 0.0564968 0.0174895 9.99472E-05 0.181604 9.99472E-05 0.0266724 0.681214
9.99032E-05 9.99032E-05 9.99032E-05 9.99032E-05 9.99032E-05 9.99032E-05 0.998901 9.99032E-05 9.99032E-05 9.99032E-05 9.99032E-05 9.99032E-05
9.99033E-05 9.99033E-05 9.99033E-05 9.99033E-05 9.99033E-05 0.998901 9.99033E-05 9.99033E-05 9.99033E-05 9.99033E-05 9.99033E-05 9.99033E-05
9.99033E-05 9.99033E-05 9.99033E-05 9.99033E-05 9.99033E-05 0.998901 9.99033E-05 9.99033E-05 9.99033E-05 9.99033E-05 9.99033E-05 9.99033E-05
9.99032E-05 9.99032E-05 9.99032E-05 9.99032E-05 9.99032E-05 0.998901 9.99032E-05 9.99032E-05 9.99032E-05 9.99032E-05 9.99032E-05 9.99032E-05
9.99033E-05 9.99033E-05 9.99033E-05 9.99033E-05 9.99033E-05 0.998901 9.99033E-05 9.99033E-05 9.99033E-05 9.99033E-05 9.99033E-05 9.99033E-05
9.99032E-05 9.99032E-05 9.99032E-05 9.99032E-05 9.99032E-05 9.99032E-05 0.998901 9.99032E-05 9.99032E-05 9.99032E-05 9.99032E-05 9.99032E-05
9.99032E-05 9.99032E-05 9.99032E-05 9.99032E-05 9.99032E-05 0.998901 9.99032E-05 9.99032E-05 9.99032E-05 9.99032E-05 9.99032E-05 9.99032E-05
9.99031E-05 9.99031E-05 9.99031E-05 9.99031E-05 9.99031E-05 9.99031E-05 0.998901 9.99031E-05 9.99031E-05 9.99031E-05 9.99031E-05 9.99031E-05
9.99033E-05 9.99033E-05 9.99033E-05 9.99033E-05 9.99033E-05 0.998901 9.99033E-05 9.99033E-05 9.99033E-05 9.99033E-05 9.99033E-05 9.99033E-05
9.99032E-05 9.99032E-05 9.99032E-05 9.99032E-05 9.99032E-05 9.99032E-05 0.998901 9.99032E-05 9.99032E-05 9.99032E-05 9.99032E-05 9.99032E-05
9.99033E-05 9.99033E-05 9.99033E-05 9.99033E-05 9.99033E-05 0.998901 9.99033E-05 9.99033E-05 9.99033E-05 9.99033E-05 9.99033E-05 9.99033E-05
9.99032E-05 9.99032E-05 9.99032E-05 9.99032E-05 9.99032E-05 0.998901 9.99032E-05 9.99032E-05 9.99032E-05 9.99032E-05 9.99032E-05 9.99032E-05
9.99032E-05 9.99032E-05 9.99032E-05 9.99032E-05 9.99032E-05 0.998901 9.99032E-05 9.99032E-05 9.99032E-05 9.99032E-05 9.99032E-05 9.99032E-05
9.99032E-05 9.99032E-05 9.99032E-05 9.99032E-05 9.99032E-05 0.998901 9.99032E-05 9.99032E-05 9.99032E-05 9.99032E-05 9.99032E-05 9.99032E-05
9.99032E-05 9.99032E-05 9.99032E-05 9.99032E-05 9.99032E-05 0.998901 9.99032E-05 9.99032E-05 9.99032E-05 9.99032E-05 9.99032E-05 9.99032E-05
9.99033E-05 9.99033E-05 9.99033E-05 9.99033E-05 9.99033E-05 0.998901 9.99033E-05 9.99033E-05 9.99033E-05 9.99033E-05 9.99033E-05 9.99033E-05
9.99032E-05 9.99032E-05 9.99032E-05 9.99032E-05 9.99032E-05 9.99032E-05 0.998901 9.99032E-05 9.99032E-05 9.99032E-05 9.99032E-05 9.99032E-05
9.99032E-05 9.99032E-05 9.99032E-05 9.99032E-05 9.99032E-05 9.99032E-05 0.998901 9.99032E-05 9.99032E-05 9.99032E-05 9.99032E-05 9.99032E-05
9.99032E-05 9.99032E-05 9.99032E-05 9.99032E-05 9.99032E-05 9.99032E-05 0.998901 9.99032E-05 9.99032E-05 9.99032E-05 9.99032E-05 9.99032E-05
9.99033E-05 9.99033E-05 9.99033E-05 9.99033E-05 9.99033E-05 0.998901 9.99033E-05 9.99033E-05 9.99033E-05 9.99033E-05 9.99033E-05 9.99033E-05
9.99032E-05 9.99032E-05 9.99032E-05 9.99032E-05 9.99032E-05 9.99032E-05 0.998901 9.99032E-05 9.99032E-05 9.99032E-05 9.99032E-05 9.99032E-05
9.99032E-05 9.99032E-05 9.99032E-05 9.99032E-05 9.99032E-05 9.99032E-05 0.998901 9.99032E-05 9.99032E-05 9.99032E-05 9.99032E-05 9.99032E-05
9.99032E-05 9.99032E-05 9.99032E-05 9.99032E-05 9.99032E-05 9.99032E-05 0.998901 9.99032E-05 9.99032E-05 9.99032E-05 9.99032E-05 9.99032E-05
9.99032E-05 9.99032E-05 9.99032E-05 9.99032E-05 9.99032E-05 0.998901 9.99032E-05 9.99032E-05 9.99032E-05 9.99032E-05 9.99032E-05 9.99032E-05
9.99032E-05 9.99032E-05 9.99032E-05 9.99032E-05 9.99032E-05 0.998901 9.99032E-05 9.99032E-05 9.99032E-05 9.99032E-05 9.99032E-05 9.99032E-05
9.99032E-05 9.99032E-05 9.99032E-05 9.99032E-05 9.99032E-05 0.998901 9.99032E-05 9.99032E-05 9.99032E-05 9.99032E-05 9.99032E-05 9.99032E-05
9.99032E-05 9.99032E-05 9.99032E-05 9.99032E-05 9.99032E-05 9.99032E-05 0.998901 9.99032E-05 9.99032E-05 9.99032E-05 9.99032E-05 9.99032E-05
9.99033E-05 9.99033E-05 9.99033E-05 9.99033E-05 9.99033E-05 0.998901 9.99033E-05 9.99033E-05 9.99033E-05 9.99033E-05 9.99033E-05 9.99033E-05
9.99033E-05 9.99033E-05 9.99033E-05 9.99033E-05 9.99033E-05 0.998901 9.99033E-05 9.99033E-05 9.99033E-05 9.99033E-05 9.99033E-05 9.99033E-05
9.99033E-05 9.99033E-05 9.99033E-05 9.99033E-05 9.99033E-05 9.99033E-05 0.998901 9.99033E-05 9.99033E-05 9.99033E-05 9.99033E-05 9.99033E-05
9.99033E-05 9.99033E-05 9.99033E-05 9.99033E-05 9.99033E-05 0.998901 9.99033E-05 9.99033E-05 9.99033E-05 9.99033E-05 9.99033E-05 9.99033E-05
9.99032E-05 9.99032E-05 9.99032E-05 9.99032E-05 9.99032E-05 0.998901 9.99032E-05 9.99032E-05 9.99032E-05 9.99032E-05 9.99032E-05 9.99032E-05
9.99472E-05 0.118698 9.99472E-05 9.99472E-05 0.038304 0.0568406 0.240808 9.99472E-05 9.99472E-05 9.99472E-05 0.0741177 0.470632
9.99032E-05 9.99032E-05 9.99032E-05 9.99032E-05 9.99032E-05 9.99032E-05 0.998901 9.99032E-05 9.99032E-05 9.99032E-05 9.99032E-05 9.99032E-05
9.99032E-05 9.99032E-05 9.99032E-05 9.99032E-05 9.99032E-05 0.998901 9.99032E-05 9.99032E-05 9.99032E-05 9.99032E-05 9.99032E-05 9.99032E-05
9.99298E-05 0.00539071 9.99298E-05 9.99298E-05 9.99298E-05 0.394384 9.99298E-05 9.99298E-05 9.99298E-05 9.99298E-05 0.0203883 0.579038
9.993E-05 9.993E-05 0.00711668 9.993E-05 9.993E-05 0.22114 0.0907217 9.993E-05 0.0257486 9.993E-05 9.993E-05 0.654573
9.99209E-05 9.99209E-05 9.99209E-05 9.99209E-05 9.99209E-05 0.083285 0.221376 9.99209E-05 9.99209E-05 9.99209E-05 9.99209E-05 0.69444
9.99208E-05 9.99208E-05 9.99208E-05 9.99208E-05 0.0334954 9.99208E-05 0.0888195 9.99208E-05 9.99208E-05 9.99208E-05 9.99208E-05 0.876786
9.99209E-05 9.99209E-05 9.99209E-05 9.99209E-05 9.99209E-05 0.207357 0.261084 9.99209E-05 9.99209E-05 9.99209E-05 9.99209E-05 0.53066
9.99211E-05 9.99211E-05 9.99211E-05 9.99211E-05 9.99211E-05 0.120647 9.99211E-05 9.99211E-05 9.99211E-05 0.351218 9.99211E-05 0.527236
9.99297E-05 9.99297E-05 9.99297E-05 9.99297E-05 9.99297E-05 0.298763 0.156807 9.99297E-05 0.068044 9.99297E-05 9.99297E-05 0.475586
9.99385E-05 0.0506477 0.00347009 9.99385E-05 9.99385E-05 0.159371 0.0318429 9.99385E-05 9.99385E-05 9.99385E-05 9.99385E-05 0.753969
9.99297E-05 9.99297E-05 9.99297E-05 9.99297E-05 9.99297E-05 0.240552 0.0274154 9.99297E-05 9.99297E-05 0.288671 9.99297E-05 0.442562
9.9921E-05 9.9921E-05 9.9921E-05 9.9921E-05 9.9921E-05 9.9921E-05 0.0512017 9.9921E-05 0.0250919 9.9921E-05 9.9921E-05 0.922807
9.99385E-05 0.0394927 9.99385E-05 9.99385E-05 9.99385E-05 0.0652739 0.185391 9.99385E-05 9.99385E-05 0.122445 9.99385E-05 0.586698
9.9921E-05 9.9921E-05 9.9921E-05 9.9921E-05 9.9921E-05 0.499413 9.9921E-05 0.0131378 9.9921E-05 9.9921E-05 9.9921E-05 0.48655
9.99473E-05 9.99473E-05 9.99473E-05 0.00487426 0.0259696 0.185996 0.265489 9.99473E-05 9.99473E-05 9.99473E-05 0.0525916 0.46448
9.99209E-05 9.99209E-05 0.0316345 9.99209E-05 0.0622112 9.99209E-05 9.99209E-05 9.99209E-05 9.99209E-05 9.99209E-05 9.99209E-05 0.905255
9.99208E-05 9.99208E-05 9.99208E-05 9.99208E-05 9.99208E-05 0.078376 0.0693626 9.99208E-05 9.99208E-05 9.99208E-05 9.99208E-05 0.851362
9.99473E-05 0.00448148 9.99473E-05 0.0792635 9.99473E-05 0.266689 0.109185 0.0131596 9.99473E-05 9.99473E-05 9.99473E-05 0.526621
9.99298E-05 9.99298E-05 9.99298E-05 9.99298E-05 9.99298E-05 0.148053 0.0345936 9.99298E-05 9.99298E-05 0.096604 9.99298E-05 0.71995
9.99298E-05 0.0792012 0.0388926 9.99298E-05 9.99298E-05 9.99298E-05 0.283008 9.99298E-05 9.99298E-05 9.99298E-05 9.99298E-05 0.598099
9.99384E-05 0.0118079 9.99384E-05 0.171762 9.99384E-05 0.057489 9.99384E-05 0.0321754 9.99384E-05 9.99384E-05 9.99384E-05 0.726066
9.99209E-05 9.99209E-05 9.99209E-05 9.99209E-05 9.99209E-05 0.0778398 0.112403 9.99209E-05 9.99209E-05 9.99209E-05 9.99209E-05 0.808858
9.99297E-05 9.99297E-05 9.99297E-05 9.99297E-05 9.99297E-05 0.077538 0.0286116 0.0252795 9.99297E-05 9.99297E-05 9.99297E-05 0.867772
9.9921E-05 9.9921E-05 9.9921E-05 9.9921E-05 9.9921E-05 0.145196 9.9921E-05 0.0264321 9.9921E-05 9.9921E-05 9.9921E-05 0.827473
9.993E-05 9.993E-05 9.993E-05 9.993E-05 0.0485947 0.194907 0.131024 9.993E-05 9.993E-05 9.993E-05 0.00521344 0.619561
9.99296E-05 9.99296E-05 9.99296E-05 9.99296E-05 0.00407989 0.132691 0.0662063 9.99296E-05 9.99296E-05 9.99296E-05 9.99296E-05 0.796223
9.99209E-05 9.99209E-05 9.99209E-05 9.99209E-05 0.0662226 9.99209E-05 0.0168535 9.99209E-05 9.99209E-05 9.99209E-05 9.99209E-05 0.916025
9.99297E-05 9.99297E-05 9.99297E-05 0.00129952 9.99297E-05 0.0608014 9.99297E-05 9.99297E-05 9.99297E-05 0.544438 9.99297E-05 0.392661
9.99385E-05 9.99385E-05 9.99385E-05 0.00900725 0.00525813 9.99385E-05 0.025991 0.0534007 9.99385E-05 9.99385E-05 9.99385E-05 0.905643
9.99297E-05 9.99297E-05 9.99297E-05 9.99297E-05 0.0498604 0.169575 0.1931 9.99297E-05 9.99297E-05 9.99297E-05 9.99297E-05 0.586665
9.99209E-05 9.99209E-05 0.00518302 9.99209E-05 0.0183116 9.99209E-05 9.99209E-05 9.99209E-05 9.99209E-05 9.99209E-05 9.99209E-05 0.975606
9.99298E-05 9.99298E-05 0.0271859 9.99298E-05 0.122579 0.164576 9.99298E-05 9.99298E-05 9.99298E-05 9.99298E-05 9.99298E-05 0.684859
9.99385E-05 0.035882 9.99385E-05 9.99385E-05 9.99385E-05 0.285187 0.121277 0.0361373 9.99385E-05 9.99385E-05 9.99385E-05 0.520818
9.99298E-05 9.99298E-05 9.99298E-05 0.0251222 9.99298E-05 0.226151 0.109124 9.99298E-05 9.99298E-05 9.99298E-05 9.99298E-05 0.638803
9.99296E-05 9.99296E-05 9.99296E-05 0.147155 9.99296E-05 0.12389 0.108727 9.99296E-05 9.99296E-05 9.99296E-05 9.99296E-05 0.619429
9.99385E-05 9.99385E-05 9.99385E-05 9.99385E-05 0.0104763 0.17151 0.134601 0.0524179 9.99385E-05 9.99385E-05 9.99385E-05 0.630295
9.99473E-05 0.0516859 9.99473E-05 9.99473E-05 0.128072 0.0179858 0.0169239 0.0613153 9.99473E-05 9.99473E-05 9.99473E-05 0.723417
9.99122E-05 9.99122E-05 9.99122E-05 9.99122E-05 9.99122E-05 9.99122E-05 0.184762 9.99122E-05 9.99122E-05 9.99122E-05 9.99122E-05 0.814239
9.99121E-05 9.99121E-05 9.99121E-05 9.99121E-05 9.99121E-05 9.99121E-05 9.99121E-05 9.99121E-05 9.99121E-05 0.41005 9.99121E-05 0.588951
9.99384E-05 0.0666705 9.99384E-05 9.99384E-05 9.99384E-05 9.99384E-05 0.132436 9.99384E-05 0.00520515 9.99384E-05 0.0709732 0.724016
9.99385E-05 0.0243388 0.0816543 9.99385E-05 9.99385E-05 9.99385E-05 0.0147621 9.99385E-05 9.99385E-05 9.99385E-05 0.102827 0.775719
9.99209E-05 9.99209E-05 9.99209E-05 9.99209E-05 9.99209E-05 0.151966 9.99209E-05 0.208375 9.99209E-05 9.99209E-05 9.99209E-05 0.638759
9.99209E-05 9.99209E-05 9.99209E-05 9.99209E-05 9.99209E-05 0.0238658 0.247009 9.99209E-05 9.99209E-05 9.99209E-05 9.99209E-05 0.728226
9.9921E-05 9.9921E-05 9.9921E-05 9.9921E-05 9.9921E-05 9.9921E-05 0.0121503 0.050468 9.9921E-05 9.9921E-05 9.9921E-05 0.936482
9.99297E-05 9.99297E-05 9.99297E-05 9.99297E-05 9.99297E-05 0.119155 0.0840095 9.99297E-05 0.127189 9.99297E-05 9.99297E-05 0.668847
9.99122E-05 9.99122E-05 9.99122E-05 9.99122E-05 9.99122E-05 0.404102 9.99122E-05 9.99122E-05 9.99122E-05 9.99122E-05 9.99122E-05 0.594899
9.99209E-05 9.99209E-05 9.99209E-05 9.99209E-05 9.99209E-05 0.314109 0.262615 9.99209E-05 9.99209E-05 9.99209E-05 9.99209E-05 0.422377
9.99208E-05 9.99208E-05 9.99208E-05 9.99208E-05 9.99208E-05 0.0599874 0.0889436 9.99208E-05 9.99208E-05 9.99208E-05 9.99208E-05 0.85017
9.99209E-05 9.99209E-05 9.99209E-05 9.99209E-05 9.99209E-05 0.0015114 9.99209E-05 9.99209E-05 9.99209E-05 0.420104 9.99209E-05 0.577486
9.99209E-05 9.99209E-05 9.99209E-05 9.99209E-05 9.99209E-05 0.206223 0.00436955 9.99209E-05 9.99209E-05 9.99209E-05 9.99209E-05 0.788508
9.99298E-05 9.99298E-05 9.99298E-05 9.99298E-05 9.99298E-05 0.000406613 9.99298E-05 0.0174741 9.99298E-05 0.250143 9.99298E-05 0.731177
9.99385E-05 9.99385E-05 9.99385E-05 0.140216 9.99385E-05 0.169969 0.160002 9.99385E-05 9.99385E-05 9.99385E-05 0.0850644 0.444049
9.99385E-05 0.0603426 9.99385E-05 0.0670077 0.00646449 9.99385E-05 9.99385E-05 9.99385E-05 9.99385E-05 0.434305 9.99385E-05 0.43118
9.99122E-05 9.99122E-05 9.99122E-05 9.99122E-05 9.99122E-05 9.99122E-05 0.245726 9.99122E-05 9.99122E-05 9.99122E-05 9.99122E-05 0.753275
9.99385E-05 0.000479022 9.99385E-05 0.175625 9.99385E-05 9.99385E-05 0.136188 0.0850838 9.99385E-05 9.99385E-05 9.99385E-05 0.601925
9.9921E-05 9.9921E-05 9.9921E-05 0.186193 9.9921E-05 0.141878 9.9921E-05 9.9921E-05 9.9921E-05 9.9921E-05 9.9921E-05 0.67103
9.99297E-05 9.99297E-05 9.99297E-05 9.99297E-05 9.99297E-05 0.0262527 9.99297E-05 0.0213213 0.112365 9.99297E-05 9.99297E-05 0.839261
9.99123E-05 9.99123E-05 9.99123E-05 9.99123E-05 9.99123E-05 0.257777 9.99123E-05 9.99123E-05 9.99123E-05 9.99123E-05 9.99123E-05 0.741224
9.99385E-05 0.0557836 9.99385E-05 9.99385E-05 0.0721732 9.99385E-05 0.153087 9.99385E-05 9.99385E-05 0.540591 9.99385E-05 0.177666
9.99298E-05 0.0102032 9.99298E-05 9.99298E-05 9.99298E-05 0.171511 9.99298E-05 9.99298E-05 9.99298E-05 0.112452 9.99298E-05 0.705034
9.9921E-05 9.9921E-05 9.9921E-05 9.9921E-05 9.9921E-05 0.141335 0.13756 9.9921E-05 9.9921E-05 9.9921E-05 9.9921E-05 0.720205
9.99386E-05 9.99386E-05 9.99386E-05 0.156423 9.99386E-05 0.232877 0.101277 9.99386E-05 9.99386E-05 0.0586009 9.99386E-05 0.450123
9.99297E-05 9.99297E-05 9.99297E-05 9.99297E-05 9.99297E-05 0.0298379 0.0414457 9.99297E-05 9.99297E-05 0.353324 9.99297E-05 0.574593
9.99386E-05 9.99386E-05 9.99386E-05 9.99386E-05 9.99386E-05 0.145929 0.0252233 0.00878712 9.99386E-05 0.36541 9.99386E-05 0.453951
9.99473E-05 0.00172058 9.99473E-05 9.99473E-05 9.99473E-05 0.0198879 0.174342 9.99473E-05 0.122838 0.508123 9.99473E-05 0.17249
9.99298E-05 0.0298189 9.99298E-05 9.99298E-05 9.99298E-05 0.0785675 0.209941 9.99298E-05 9.99298E-05 9.99298E-05 9.99298E-05 0.680873
9.99209E-05 9.99209E-05 0.0165732 9.99209E-05 9.99209E-05 0.0941655 9.99209E-05 9.99209E-05 9.99209E-05 9.99209E-05 9.99209E-05 0.888362
9.99123E-05 9.99123E-05 9.99123E-05 9.99123E-05 9.99123E-05 0.13964 9.99123E-05 9.99123E-05 9.99123E-05 9.99123E-05 9.99123E-05 0.859361
9.99298E-05 9.99298E-05 9.99298E-05 9.99298E-05 9.99298E-05 0.077975 0.0187252 9.99298E-05 9.99298E-05 0.360173 9.99298E-05 0.542327
9.99474E-05 9.99474E-05 0.0106908 0.0113704 9.99474E-05 0.226582 0.166055 0.0114246 9.99474E-05 9.99474E-05 9.99474E-05 0.573278
