9.9921E-05 0.0156476 9.9921E-05 0.128039 9.9921E-05 9.9921E-05 0.27953 0.107726 9.9921E-05 0.379885 9.9921E-05 9.9921E-05 9.9921E-05 0.0882739 9.9921E-05
9.99034E-05 9.99034E-05 9.99034E-05 0.173695 9.99034E-05 0.0164969 9.99034E-05 9.99034E-05 9.99034E-05 0.797101 9.99034E-05 9.99034E-05 9.99034E-05 0.0116091 9.99034E-05
9.99122E-05 9.99122E-05 9.99122E-05 9.99122E-05 0.0332896 9.99122E-05 9.99122E-05 0.0314331 9.99122E-05 0.910418 9.99122E-05 0.0221636 0.00169648 9.99122E-05 9.99122E-05
9.993E-05 0.0722998 0.0166172 9.993E-05 0.150689 9.993E-05 0.0975256 0.0525339 0.387618 0.215516 9.993E-05 9.993E-05 9.993E-05 9.993E-05 0.00650032
9.98947E-05 9.98947E-05 9.98947E-05 9.98947E-05 9.98947E-05 9.98947E-05 9.98947E-05 9.98947E-05 0.00428122 0.798795 9.98947E-05 9.98947E-05 0.195725 9.98947E-05 9.98947E-05
9.99386E-05 9.99386E-05 0.0869396 0.103026 0.275478 9.99386E-05 0.0595654 9.99386E-05 0.155472 0.232948 9.99386E-05 9.99386E-05 0.0832246 0.00264789 9.99386E-05
0.0137333 0.133614 9.99298E-05 0.161378 9.99298E-05 9.99298E-05 0.17929 0.066287 0.187587 0.257312 9.99298E-05 9.99298E-05 9.99298E-05 9.99298E-05 9.99298E-05
0.0610282 9.99298E-05 0.150702 9.99298E-05 9.99298E-05 9.99298E-05 0.274455 9.99298E-05 0.107826 0.18423 9.99298E-05 9.99298E-05 0.137365 0.083594 9.99298E-05
9.99385E-05 9.99385E-05 0.216039 9.99385E-05 0.0824259 9.99385E-05 0.0870041 0.111716 9.99385E-05 0.202621 9.99385E-05 0.255563 0.0279706 9.99385E-05 0.0159617
9.99034E-05 9.99034E-05 9.99034E-05 9.99034E-05 9.99034E-05 0.0136725 9.99034E-05 0.0747413 9.99034E-05 0.883391 9.99034E-05 0.0270961 9.99034E-05 9.99034E-05 9.99034E-05
9.99122E-05 0.120925 0.0494014 9.99122E-05 9.99122E-05 9.99122E-05 0.197715 0.152922 9.99122E-05 0.478037 9.99122E-05 9.99122E-05 9.99122E-05 9.99122E-05 9.99122E-05
0.0289446 0.00143022 9.9921E-05 9.9921E-05 9.9921E-05 9.9921E-05 9.9921E-05 0.0169138 0.0546091 0.890752 9.9921E-05 9.9921E-05 0.00645152 9.9921E-05 9.9921E-05
9.99123E-05 0.0810157 9.99123E-05 9.99123E-05 9.99123E-05 9.99123E-05 0.0682604 0.0459808 9.99123E-05 0.793857 9.99123E-05 9.99123E-05 9.99123E-05 9.99123E-05 0.00988692
0.0965494 0.0887834 9.99298E-05 9.99298E-05 0.103635 9.99298E-05 9.99298E-05 0.0320228 9.99298E-05 0.642431 0.033971 9.99298E-05 9.99298E-05 0.00180807 9.99298E-05
9.99298E-05 9.99298E-05 0.142123 9.99298E-05 0.156339 9.99298E-05 0.174855 0.139899 0.0232906 0.33757 9.99298E-05 0.0251247 9.99298E-05 9.99298E-05 9.99298E-05
0.0828607 9.99386E-05 0.184856 9.99386E-05 9.99386E-05 9.99386E-05 0.186835 0.103449 0.202758 0.220765 9.99386E-05 9.99386E-05 9.99386E-05 0.0104214 0.00735615
9.99298E-05 0.0319362 9.99298E-05 0.128246 9.99298E-05 9.99298E-05 9.99298E-05 0.101962 0.0272473 0.563617 0.124356 9.99298E-05 9.99298E-05 0.0218356 9.99298E-05
9.99298E-05 9.99298E-05 0.0134404 9.99298E-05 0.100456 0.121977 0.338656 0.18321 9.99298E-05 0.154313 9.99298E-05 9.99298E-05 9.99298E-05 9.99298E-05 0.087148
9.9921E-05 9.9921E-05 0.106173 9.9921E-05 9.9921E-05 0.0102657 0.266306 0.204554 0.089706 0.322097 9.9921E-05 9.9921E-05 9.9921E-05 9.9921E-05 9.9921E-05
9.98947E-05 9.98947E-05 9.98947E-05 9.98947E-05 9.98947E-05 9.98947E-05 9.98947E-05 0.0104505 9.98947E-05 0.907308 9.98947E-05 9.98947E-05 9.98947E-05 9.98947E-05 0.0810425
9.99298E-05 0.0934573 0.11112 9.99298E-05 9.99298E-05 9.99298E-05 9.99298E-05 0.0511566 0.206731 0.475347 9.99298E-05 0.0310547 0.0303337 9.99298E-05 9.99298E-05
9.9921E-05 9.9921E-05 0.13467 9.9921E-05 0.184087 0.0262118 0.271913 9.9921E-05 9.9921E-05 0.231496 9.9921E-05 9.9921E-05 0.150723 9.9921E-05 9.9921E-05
9.9921E-05 0.0429644 9.9921E-05 9.9921E-05 0.0266846 0.0557215 0.0108708 0.22101 9.9921E-05 0.641849 9.9921E-05 9.9921E-05 9.9921E-05 9.9921E-05 9.9921E-05
9.99034E-05 9.99034E-05 9.99034E-05 9.99034E-05 9.99034E-05 9.99034E-05 0.318492 0.246275 9.99034E-05 0.360746 9.99034E-05 0.0733879 9.99034E-05 9.99034E-05 9.99034E-05
9.99385E-05 0.115029 0.0444633 9.99385E-05 0.1822 9.99385E-05 0.0187124 0.245992 9.99385E-05 0.233498 9.99385E-05 0.0769694 9.99385E-05 9.99385E-05 0.0824361
9.9921E-05 9.9921E-05 0.0129296 9.9921E-05 0.1462 9.9921E-05 9.9921E-05 0.0857105 0.0318086 0.718576 9.9921E-05 9.9921E-05 0.0038757 9.9921E-05 9.9921E-05
0.0265787 9.99297E-05 9.99297E-05 9.99297E-05 0.338179 0.133914 0.336091 0.12067 9.99297E-05 0.0423935 9.99297E-05 0.0013727 9.99297E-05 9.99297E-05 9.99297E-05
9.99035E-05 9.99035E-05 9.99035E-05 0.0809652 9.99035E-05 9.99035E-05 9.99035E-05 0.0313122 0.192555 0.694068 9.99035E-05 9.99035E-05 9.99035E-05 9.99035E-05 9.99035E-05
9.99123E-05 9.99123E-05 9.99123E-05 9.99123E-05 0.0828137 9.99123E-05 0.132143 0.220483 9.99123E-05 0.539532 9.99123E-05 0.0240293 9.99123E-05 9.99123E-05 9.99123E-05
9.99386E-05 0.00172714 0.0338912 9.99386E-05 0.0417258 9.99386E-05 9.99386E-05 0.0484419 9.99386E-05 0.796638 0.0141242 0.0244683 9.99386E-05 0.0382841 9.99386E-05
9.99297E-05 0.0817846 0.0680357 9.99297E-05 9.99297E-05 0.065063 0.0626541 9.99297E-05 0.0254994 0.606859 9.99297E-05 9.99297E-05 9.99297E-05 9.99297E-05 0.0893046
9.99211E-05 0.0529669 9.99211E-05 9.99211E-05 0.192301 9.99211E-05 0.00699446 0.076862 0.121109 0.548867 9.99211E-05 9.99211E-05 9.99211E-05 9.99211E-05 9.99211E-05
0.129269 0.0833093 9.99209E-05 9.99209E-05 0.0651602 9.99209E-05 0.102663 0.137621 9.99209E-05 0.481078 9.99209E-05 9.99209E-05 9.99209E-05 9.99209E-05 9.99209E-05
0.0152376 0.0698603 9.99298E-05 9.99298E-05 0.240727 0.0126037 0.06576 0.12285 9.99298E-05 0.472162 9.99298E-05 9.99298E-05 9.99298E-05 9.99298E-05 9.99298E-05
9.99211E-05 0.0720304 9.99211E-05 0.0941832 9.99211E-05 0.00989763 9.99211E-05 0.0109564 9.99211E-05 0.729774 9.99211E-05 9.99211E-05 9.99211E-05 9.99211E-05 0.0822589
9.99211E-05 0.0229233 9.99211E-05 0.122993 9.99211E-05 9.99211E-05 0.0493835 0.0263153 9.99211E-05 0.631225 9.99211E-05 0.146261 9.99211E-05 9.99211E-05 9.99211E-05
0.0202901 0.059488 9.99123E-05 0.0354488 9.99123E-05 9.99123E-05 9.99123E-05 9.99123E-05 0.0740874 0.809687 9.99123E-05 9.99123E-05 9.99123E-05 9.99123E-05 9.99123E-05
9.99211E-05 9.99211E-05 0.117799 0.00800223 9.99211E-05 9.99211E-05 9.99211E-05 0.101876 9.99211E-05 0.668396 0.0377755 9.99211E-05 9.99211E-05 9.99211E-05 0.065252
9.9921E-05 9.9921E-05 0.012298 0.0998091 0.185693 9.9921E-05 9.9921E-05 0.0743298 0.105413 0.521558 9.9921E-05 9.9921E-05 9.9921E-05 9.9921E-05 9.9921E-05
0.146433 9.99034E-05 9.99034E-05 9.99034E-05 0.221686 9.99034E-05 9.99034E-05 0.147682 9.99034E-05 0.483101 9.99034E-05 9.99034E-05 9.99034E-05 9.99034E-05 9.99034E-05
9.99211E-05 0.020285 9.99211E-05 9.99211E-05 9.99211E-05 9.99211E-05 9.99211E-05 0.0437091 0.134033 0.782338 9.99211E-05 0.0122964 0.00643963 9.99211E-05 9.99211E-05
9.99122E-05 9.99122E-05 0.0305138 9.99122E-05 9.99122E-05 9.99122E-05 0.277112 0.0884538 9.99122E-05 0.538954 9.99122E-05 0.0639669 9.99122E-05 9.99122E-05 9.99122E-05
9.99122E-05 9.99122E-05 9.99122E-05 0.0263203 9.99122E-05 9.99122E-05 0.0444367 9.99122E-05 9.99122E-05 0.84445 0.050211 9.99122E-05 0.0335828 9.99122E-05 9.99122E-05
9.99298E-05 0.080551 0.0966034 9.99298E-05 9.99298E-05 0.00304279 0.173878 0.206386 9.99298E-05 0.407627 9.99298E-05 0.0311125 9.99298E-05 9.99298E-05 9.99298E-05
9.99123E-05 0.05297 9.99123E-05 9.99123E-05 9.99123E-05 9.99123E-05 0.243958 0.197285 0.222727 0.282061 9.99123E-05 9.99123E-05 9.99123E-05 9.99123E-05 9.99123E-05
9.99297E-05 9.99297E-05 0.0228698 0.040311 9.99297E-05 9.99297E-05 9.99297E-05 0.0192103 0.00553841 0.782513 9.99297E-05 9.99297E-05 0.0888327 9.99297E-05 0.0399252
9.99122E-05 0.0134937 0.0207853 9.99122E-05 9.99122E-05 0.0342212 9.99122E-05 0.0757352 9.99122E-05 0.854766 9.99122E-05 9.99122E-05 9.99122E-05 9.99122E-05 9.99122E-05
0.0557372 9.99035E-05 9.99035E-05 9.99035E-05 9.99035E-05 9.99035E-05 9.99035E-05 0.0784373 9.99035E-05 0.823919 9.99035E-05 9.99035E-05 0.0408079 9.99035E-05 9.99035E-05
9.99122E-05 0.03521 9.99122E-05 9.99122E-05 9.99122E-05 9.99122E-05 0.226376 0.12554 0.0929978 0.518877 9.99122E-05 9.99122E-05 9.99122E-05 9.99122E-05 9.99122E-05
0.0882739 0.0347113 0.037755 9.99299E-05 9.99299E-05 0.00839519 9.99299E-05 9.99299E-05 9.99299E-05 0.771992 9.99299E-05 9.99299E-05 0.0445611 9.99299E-05 0.0135119
9.99298E-05 0.0385239 0.0909157 9.99298E-05 0.212813 9.99298E-05 0.0838135 0.273641 9.99298E-05 0.278784 9.99298E-05 0.0207093 9.99298E-05 9.99298E-05 9.99298E-05
0.0154866 9.99299E-05 0.0167335 9.99299E-05 0.112164 9.99299E-05 9.99299E-05 9.99299E-05 0.0295231 0.550613 9.99299E-05 0.0791934 0.195487 9.99299E-05 9.99299E-05
9.99123E-05 9.99123E-05 9.99123E-05 0.0114085 9.99123E-05 0.0442787 9.99123E-05 0.0429078 9.99123E-05 0.877696 9.99123E-05 0.0227097 9.99123E-05 9.99123E-05 9.99123E-05
0.195212 9.99036E-05 9.99036E-05 9.99036E-05 0.0346302 9.99036E-05 9.99036E-05 9.99036E-05 9.99036E-05 0.59554 9.99036E-05 9.99036E-05 0.173519 9.99036E-05 9.99036E-05
9.99036E-05 9.99036E-05 9.99036E-05 9.99036E-05 9.99036E-05 9.99036E-05 9.99036E-05 0.117523 0.0954408 0.777389 9.99036E-05 0.00854905 9.99036E-05 9.99036E-05 9.99036E-05
0.00726955 0.0212567 9.99211E-05 9.99211E-05 0.199782 9.99211E-05 9.99211E-05 9.99211E-05 9.99211E-05 0.673169 9.99211E-05 9.99211E-05 0.0803101 9.99211E-05 0.0173131
9.99298E-05 0.00377672 9.99298E-05 0.0455353 9.99298E-05 0.108949 0.00139067 0.0364689 0.0549913 0.748089 9.99298E-05 9.99298E-05 9.99298E-05 9.99298E-05 9.99298E-05
9.99035E-05 0.0403468 9.99035E-05 9.99035E-05 9.99035E-05 9.99035E-05 9.99035E-05 0.0766745 0.0652521 0.816628 9.99035E-05 9.99035E-05 9.99035E-05 9.99035E-05 9.99035E-05
9.99122E-05 0.0441051 0.0360689 0.0200012 9.99122E-05 9.99122E-05 9.99122E-05 0.0215122 9.99122E-05 0.877313 9.99122E-05 9.99122E-05 9.99122E-05 9.99122E-05 9.99122E-05
9.9921E-05 0.00642497 9.9921E-05 0.126309 0.0536268 0.0576535 0.544549 0.210537 9.9921E-05 9.9921E-05 9.9921E-05 9.9921E-05 9.9921E-05 9.9921E-05 9.9921E-05
9.99124E-05 9.99124E-05 9.99124E-05 0.162905 9.99124E-05 9.99124E-05 0.666706 9.99124E-05 0.017119 0.0900133 9.99124E-05 0.0622571 9.99124E-05 9.99124E-05 9.99124E-05
0.00937405 0.0274413 0.00255652 0.102684 9.99386E-05 0.110048 0.494255 9.99386E-05 9.99386E-05 0.119969 0.132973 9.99386E-05 9.99386E-05 9.99386E-05 9.99386E-05
9.99299E-05 0.00999087 0.114656 0.381764 0.289726 0.0791969 0.018211 0.105656 9.99299E-05 9.99299E-05 9.99299E-05 9.99299E-05 9.99299E-05 9.99299E-05 9.99299E-05
9.99385E-05 9.99385E-05 0.0612349 0.053079 9.99385E-05 0.0627846 0.599571 0.0967008 0.00811737 9.99385E-05 9.99385E-05 9.99385E-05 0.0415574 9.99385E-05 0.0762558
9.99121E-05 9.99121E-05 0.0536613 0.0337154 9.99121E-05 9.99121E-05 0.605914 0.3043 9.99121E-05 9.99121E-05 9.99121E-05 9.99121E-05 9.99121E-05 0.00141029 9.99121E-05
9.9921E-05 0.0240036 9.9921E-05 0.513969 0.00414858 9.9921E-05 0.15735 0.171879 0.127751 9.9921E-05 9.9921E-05 9.9921E-05 9.9921E-05 9.9921E-05 9.9921E-05
9.99122E-05 9.99122E-05 9.99122E-05 0.233417 0.13402 0.202826 0.237041 0.191696 9.99122E-05 9.99122E-05 9.99122E-05 9.99122E-05 9.99122E-05 9.99122E-05 9.99122E-05
9.99298E-05 9.99298E-05 9.99298E-05 0.205983 9.99298E-05 0.0247829 0.476662 0.00331189 9.99298E-05 9.99298E-05 0.104169 0.175158 9.99298E-05 0.00913444 9.99298E-05
9.99298E-05 0.0726547 9.99298E-05 0.167196 9.99298E-05 9.99298E-05 0.567363 0.108525 9.99298E-05 0.0638751 0.001161 9.99298E-05 9.99298E-05 0.0184246 9.99298E-05
9.99121E-05 0.167988 0.117955 9.99121E-05 9.99121E-05 0.0202067 0.306468 0.386383 9.99121E-05 9.99121E-05 9.99121E-05 9.99121E-05 9.99121E-05 9.99121E-05 9.99121E-05
0.0928303 0.0503405 9.99297E-05 0.112961 9.99297E-05 9.99297E-05 0.478085 0.121014 0.059021 9.99297E-05 9.99297E-05 9.99297E-05 9.99297E-05 0.0849492 9.99297E-05
0.0441326 0.072028 0.127392 0.0997188 0.16513 9.99473E-05 0.290668 9.99473E-05 0.0317012 9.99473E-05 9.99473E-05 9.99473E-05 0.0112865 0.157343 9.99473E-05
9.99122E-05 9.99122E-05 9.99122E-05 0.134615 0.0105983 9.99122E-05 0.599373 0.249801 9.99122E-05 9.99122E-05 9.99122E-05 9.99122E-05 0.00461406 9.99122E-05 9.99122E-05
0.0318792 0.012017 9.99475E-05 0.130613 0.150357 9.99475E-05 0.459214 9.99475E-05 9.99475E-05 0.089097 0.0105702 0.0441358 9.99475E-05 0.0715171 9.99475E-05
9.99211E-05 0.0101608 0.0579919 0.0715379 9.99211E-05 9.99211E-05 0.6384 0.103392 9.99211E-05 9.99211E-05 0.117617 9.99211E-05 9.99211E-05 9.99211E-05 9.99211E-05
9.9921E-05 9.9921E-05 9.9921E-05 0.1002 0.138318 0.146907 0.44675 0.083358 0.0835688 9.9921E-05 9.9921E-05 9.9921E-05 9.9921E-05 9.9921E-05 9.9921E-05
9.99122E-05 0.136184 0.0783743 9.99122E-05 9.99122E-05 9.99122E-05 0.584182 9.99122E-05 0.171503 9.99122E-05 9.99122E-05 9.99122E-05 9.99122E-05 0.028758 9.99122E-05
9.99211E-05 9.99211E-05 9.99211E-05 0.0579584 9.99211E-05 0.123047 0.559215 0.146091 0.0736501 0.0391382 9.99211E-05 9.99211E-05 9.99211E-05 9.99211E-05 9.99211E-05
0.0128498 9.9921E-05 9.9921E-05 0.0853382 0.136829 0.0719208 0.42129 0.270873 9.9921E-05 9.9921E-05 9.9921E-05 9.9921E-05 9.9921E-05 9.9921E-05 9.9921E-05
0.00746881 0.0530235 9.99387E-05 0.0418566 9.99387E-05 0.00923921 0.572076 0.0615391 9.99387E-05 0.023391 0.230706 9.99387E-05 9.99387E-05 9.99387E-05 9.99387E-05
9.99121E-05 9.99121E-05 9.99121E-05 0.0589818 0.0483127 0.0107759 0.762535 0.118396 9.99121E-05 9.99121E-05 9.99121E-05 9.99121E-05 9.99121E-05 9.99121E-05 9.99121E-05
9.99124E-05 9.99124E-05 9.99124E-05 0.161026 0.311269 9.99124E-05 0.44273 0.0596367 9.99124E-05 0.0243397 9.99124E-05 9.99124E-05 9.99124E-05 9.99124E-05 9.99124E-05
9.99386E-05 0.00945729 0.0484866 9.99386E-05 0.159955 0.101207 0.42639 0.0561775 0.186976 9.99386E-05 9.99386E-05 0.010651 9.99386E-05 9.99386E-05 9.99386E-05
9.9921E-05 0.115921 9.9921E-05 9.9921E-05 0.00948644 9.9921E-05 0.603612 0.10408 9.9921E-05 0.0370424 9.9921E-05 9.9921E-05 9.9921E-05 0.128958 9.9921E-05
9.99386E-05 0.00859405 0.0521187 0.247646 9.99386E-05 9.99386E-05 0.336254 0.0555542 9.99386E-05 0.225176 0.0188956 9.99386E-05 9.99386E-05 9.99386E-05 0.0550626
9.99123E-05 9.99123E-05 9.99123E-05 0.0668966 9.99123E-05 9.99123E-05 0.681039 9.99123E-05 9.99123E-05 0.0998998 0.109685 9.99123E-05 9.99123E-05 0.0414806 9.99123E-05
9.99124E-05 9.99124E-05 9.99124E-05 0.174886 9.99124E-05 9.99124E-05 0.603214 0.120014 9.99124E-05 9.99124E-05 0.0896993 0.0111878 9.99124E-05 9.99124E-05 9.99124E-05
9.99211E-05 9.99211E-05 0.0637354 0.00293158 9.99211E-05 0.135319 0.620273 0.0928318 9.99211E-05 0.0840102 9.99211E-05 9.99211E-05 9.99211E-05 9.99211E-05 9.99211E-05
9.99386E-05 0.0125254 0.113045 0.0401985 9.99386E-05 0.0145582 0.23406 0.271598 9.99386E-05 0.0431058 0.270209 9.99386E-05 9.99386E-05 9.99386E-05 9.99386E-05
9.98946E-05 9.98946E-05 0.0776047 9.98946E-05 0.808014 9.98946E-05 9.98946E-05 0.113183 9.98946E-05 9.98946E-05 9.98946E-05 9.98946E-05 9.98946E-05 9.98946E-05 9.98946E-05
9.99035E-05 9.99035E-05 0.0290492 9.99035E-05 0.566475 9.99035E-05 9.99035E-05 0.0617514 9.99035E-05 9.99035E-05 0.341626 9.99035E-05 9.99035E-05 9.99035E-05 9.99035E-05
9.99121E-05 0.0343666 9.99121E-05 9.99121E-05 0.83055 0.021479 9.99121E-05 0.110978 9.99121E-05 9.99121E-05 9.99121E-05 9.99121E-05 0.00162699 9.99121E-05 9.99121E-05
9.99033E-05 9.99033E-05 0.0450788 9.99033E-05 0.721969 0.102898 9.99033E-05 0.128955 9.99033E-05 9.99033E-05 9.99033E-05 9.99033E-05 9.99033E-05 9.99033E-05 9.99033E-05
9.98945E-05 9.98945E-05 0.108085 9.98945E-05 0.838576 9.98945E-05 9.98945E-05 9.98945E-05 9.98945E-05 9.98945E-05 9.98945E-05 9.98945E-05 9.98945E-05 0.0521405 9.98945E-05
9.99122E-05 9.99122E-05 0.15287 0.0515327 0.571711 9.99122E-05 9.99122E-05 0.211508 0.0113798 9.99122E-05 9.99122E-05 9.99122E-05 9.99122E-05 9.99122E-05 9.99122E-05
9.99298E-05 0.0181185 0.113867 9.99298E-05 0.708712 0.010845 0.00759005 0.109846 9.99298E-05 9.99298E-05 9.99298E-05 9.99298E-05 9.99298E-05 0.0302222 9.99298E-05
9.98858E-05 9.98858E-05 0.162161 9.98858E-05 0.836541 9.98858E-05 9.98858E-05 9.98858E-05 9.98858E-05 9.98858E-05 9.98858E-05 9.98858E-05 9.98858E-05 9.98858E-05 9.98858E-05
9.99297E-05 0.0268461 0.303514 0.218895 0.351388 9.99297E-05 0.0256702 0.0374145 9.99297E-05 9.99297E-05 9.99297E-05 9.99297E-05 9.99297E-05 0.0354729 9.99297E-05
9.98946E-05 9.98946E-05 0.217387 9.98946E-05 0.517184 9.98946E-05 9.98946E-05 0.26423 9.98946E-05 9.98946E-05 9.98946E-05 9.98946E-05 9.98946E-05 9.98946E-05 9.98946E-05
9.99211E-05 0.0131448 9.99211E-05 0.308694 0.547948 9.99211E-05 9.99211E-05 0.0307998 9.99211E-05 0.0129932 0.0855205 9.99211E-05 9.99211E-05 9.99211E-05 9.99211E-05
9.99298E-05 0.0307117 9.99298E-05 0.0902289 0.701607 9.99298E-05 9.99298E-05 0.0976165 9.99298E-05 0.0375808 0.0359711 9.99298E-05 9.99298E-05 0.00548471 9.99298E-05
9.98948E-05 9.98948E-05 0.0782753 9.98948E-05 0.916717 0.00380887 9.98948E-05 9.98948E-05 9.98948E-05 9.98948E-05 9.98948E-05 9.98948E-05 9.98948E-05 9.98948E-05 9.98948E-05
9.98949E-05 9.98949E-05 0.182472 9.98949E-05 0.636062 9.98949E-05 9.98949E-05 0.180267 9.98949E-05 9.98949E-05 9.98949E-05 9.98949E-05 9.98949E-05 9.98949E-05 9.98949E-05
0.00934679 0.00922887 0.0599087 9.99123E-05 0.777097 0.143419 9.99123E-05 9.99123E-05 9.99123E-05 9.99123E-05 9.99123E-05 9.99123E-05 9.99123E-05 9.99123E-05 9.99123E-05
0.0259774 0.0506881 0.070614 0.0661494 0.651025 9.99211E-05 9.99211E-05 0.134647 9.99211E-05 9.99211E-05 9.99211E-05 9.99211E-05 9.99211E-05 9.99211E-05 9.99211E-05
9.99034E-05 9.99034E-05 9.99034E-05 0.238675 0.588882 9.99034E-05 9.99034E-05 0.116859 9.99034E-05 9.99034E-05 9.99034E-05 9.99034E-05 9.99034E-05 9.99034E-05 0.0544847
0.0052997 9.99211E-05 0.0858354 9.99211E-05 0.724232 9.99211E-05 9.99211E-05 0.00244652 9.99211E-05 0.00781122 9.99211E-05 9.99211E-05 0.173476 9.99211E-05 9.99211E-05
9.98947E-05 0.0692744 0.0164018 9.98947E-05 0.913125 9.98947E-05 9.98947E-05 9.98947E-05 9.98947E-05 9.98947E-05 9.98947E-05 9.98947E-05 9.98947E-05 9.98947E-05 9.98947E-05
9.99123E-05 9.99123E-05 0.082569 9.99123E-05 0.510638 9.99123E-05 9.99123E-05 0.0945729 9.99123E-05 9.99123E-05 0.166944 9.99123E-05 9.99123E-05 9.99123E-05 0.144277
9.9921E-05 9.9921E-05 0.076968 0.100743 0.693523 0.00177371 9.9921E-05 0.078112 9.9921E-05 9.9921E-05 9.9921E-05 9.9921E-05 0.0479813 9.9921E-05 9.9921E-05
9.98946E-05 9.98946E-05 0.0578898 9.98946E-05 0.912735 9.98946E-05 9.98946E-05 9.98946E-05 9.98946E-05 9.98946E-05 9.98946E-05 9.98946E-05 9.98946E-05 0.0281769 9.98946E-05
9.99122E-05 9.99122E-05 0.200575 0.0888524 0.410109 9.99122E-05 9.99122E-05 0.223316 9.99122E-05 9.99122E-05 9.99122E-05 9.99122E-05 9.99122E-05 9.99122E-05 0.0761493
9.99035E-05 9.99035E-05 0.219398 9.99035E-05 0.704912 9.99035E-05 9.99035E-05 0.0228663 9.99035E-05 9.99035E-05 0.0517246 9.99035E-05 9.99035E-05 9.99035E-05 9.99035E-05
9.99209E-05 9.99209E-05 0.249526 0.0387183 0.51425 9.99209E-05 9.99209E-05 0.16217 9.99209E-05 9.99209E-05 9.99209E-05 9.99209E-05 0.00104826 9.99209E-05 0.0333874
9.9921E-05 9.9921E-05 0.171155 0.00658784 0.417976 9.9921E-05 0.026546 0.181857 9.9921E-05 9.9921E-05 0.194979 9.9921E-05 9.9921E-05 9.9921E-05 9.9921E-05
9.99122E-05 9.99122E-05 9.99122E-05 9.99122E-05 0.298986 9.99122E-05 9.99122E-05 0.0674665 9.99122E-05 9.99122E-05 0.433227 0.165369 9.99122E-05 9.99122E-05 0.0339521
9.98945E-05 9.98945E-05 0.0528773 9.98945E-05 0.823446 9.98945E-05 9.98945E-05 0.122478 9.98945E-05 9.98945E-05 9.98945E-05 9.98945E-05 9.98945E-05 9.98945E-05 9.98945E-05
9.99035E-05 9.99035E-05 0.265865 0.0121389 0.556977 9.99035E-05 9.99035E-05 0.16392 9.99035E-05 9.99035E-05 9.99035E-05 9.99035E-05 9.99035E-05 9.99035E-05 9.99035E-05
9.98948E-05 9.98948E-05 9.98948E-05 9.98948E-05 0.780117 9.98948E-05 9.98948E-05 0.147619 9.98948E-05 9.98948E-05 9.98948E-05 9.98948E-05 9.98948E-05 9.98948E-05 0.0710652
9.99036E-05 0.0251383 0.0522727 9.99036E-05 0.716494 9.99036E-05 9.99036E-05 0.204996 9.99036E-05 9.99036E-05 9.99036E-05 9.99036E-05 9.99036E-05 9.99036E-05 9.99036E-05
9.99034E-05 0.0146742 9.99034E-05 9.99034E-05 0.910729 9.99034E-05 9.99034E-05 0.0449442 9.99034E-05 9.99034E-05 9.99034E-05 9.99034E-05 9.99034E-05 9.99034E-05 0.0285537
9.99209E-05 0.0142844 0.268087 9.99209E-05 0.370616 9.99209E-05 9.99209E-05 0.126851 9.99209E-05 9.99209E-05 9.99209E-05 9.99209E-05 0.106849 9.99209E-05 0.112413
9.99034E-05 9.99034E-05 0.034008 9.99034E-05 0.897538 9.99034E-05 0.0506347 9.99034E-05 9.99034E-05 9.99034E-05 9.99034E-05 9.99034E-05 9.99034E-05 9.99034E-05 0.01672
9.98859E-05 9.98859E-05 9.98859E-05 9.98859E-05 0.96444 9.98859E-05 9.98859E-05 0.0342613 9.98859E-05 9.98859E-05 9.98859E-05 9.98859E-05 9.98859E-05 9.98859E-05 9.98859E-05
9.9921E-05 0.0682671 0.077917 0.0219298 0.804612 9.9921E-05 9.9921E-05 9.9921E-05 9.9921E-05 9.9921E-05 0.0103265 9.9921E-05 9.9921E-05 9.9921E-05 0.0160487
9.99209E-05 0.021756 0.138661 9.99209E-05 0.52512 0.0213194 9.99209E-05 0.190127 9.99209E-05 9.99209E-05 9.99209E-05 9.99209E-05 9.99209E-05 0.102116 9.99209E-05
9.99143E-05 9.99143E-05 0.0382697 9.99143E-05 0.54115 9.99143E-05 9.99143E-05 0.0475534 9.99143E-05 9.99143E-05 0.351803 9.99143E-05 9.99143E-05 0.0202241 9.99143E-05
9.99123E-05 9.99123E-05 0.00202556 9.99123E-05 0.660961 9.99123E-05 9.99123E-05 0.136086 9.99123E-05 9.99123E-05 0.176157 9.99123E-05 9.99123E-05 9.99123E-05 0.0237713
9.99124E-05 0.00227579 0.00689904 9.99124E-05 0.78201 9.99124E-05 9.99124E-05 9.99124E-05 9.99124E-05 9.99124E-05 0.203411 9.99124E-05 0.00440483 9.99124E-05 9.99124E-05
9.99386E-05 0.0277686 0.0169542 0.0161465 0.569664 0.0446672 9.99386E-05 9.99386E-05 0.0122338 9.99386E-05 0.307139 0.0047267 9.99386E-05 9.99386E-05 9.99386E-05
9.99034E-05 9.99034E-05 0.0886979 0.0781267 0.537241 9.99034E-05 9.99034E-05 0.294835 9.99034E-05 9.99034E-05 9.99034E-05 9.99034E-05 9.99034E-05 9.99034E-05 9.99034E-05
9.99035E-05 9.99035E-05 0.146256 9.99035E-05 0.700693 9.99035E-05 0.00467116 9.99035E-05 9.99035E-05 9.99035E-05 9.99035E-05 9.99035E-05 0.147281 9.99035E-05 9.99035E-05
9.9921E-05 9.9921E-05 0.237845 0.0390613 0.135611 9.9921E-05 9.9921E-05 0.104044 9.9921E-05 9.9921E-05 0.448759 9.9921E-05 9.9921E-05 9.9921E-05 0.0337811
9.98947E-05 9.98947E-05 9.98947E-05 9.98947E-05 0.585132 9.98947E-05 9.98947E-05 0.0567692 9.98947E-05 9.98947E-05 0.3569 9.98947E-05 9.98947E-05 9.98947E-05 9.98947E-05
9.99209E-05 9.99209E-05 0.166562 0.130966 0.520979 0.0332284 9.99209E-05 0.0262108 9.99209E-05 9.99209E-05 9.99209E-05 9.99209E-05 9.99209E-05 9.99209E-05 0.121154
9.99298E-05 0.044022 0.0967803 9.99298E-05 0.503022 9.99298E-05 0.0253814 0.170257 9.99298E-05 9.99298E-05 0.0609071 9.99298E-05 9.99298E-05 0.0988306 9.99298E-05
0.106091 9.99299E-05 9.99299E-05 0.290709 0.473407 0.00447119 9.99299E-05 9.99299E-05 9.99299E-05 9.99299E-05 9.99299E-05 0.0641865 0.0054059 0.0549306 9.99299E-05
9.99122E-05 9.99122E-05 0.230037 9.99122E-05 0.499598 9.99122E-05 0.101951 0.160668 9.99122E-05 9.99122E-05 9.99122E-05 9.99122E-05 9.99122E-05 9.99122E-05 0.00674753
9.98947E-05 9.98947E-05 9.98947E-05 9.98947E-05 0.612908 9.98947E-05 9.98947E-05 0.0111265 9.98947E-05 9.98947E-05 0.374767 9.98947E-05 9.98947E-05 9.98947E-05 9.98947E-05
9.98946E-05 9.98946E-05 9.98946E-05 9.98946E-05 0.713019 9.98946E-05 9.98946E-05 0.127691 0.158091 9.98946E-05 9.98946E-05 9.98946E-05 9.98946E-05 9.98946E-05 9.98946E-05
9.9921E-05 0.0521776 0.0876311 0.00491278 0.439027 9.9921E-05 9.9921E-05 0.0246709 9.9921E-05 9.9921E-05 0.390682 9.9921E-05 9.9921E-05 9.9921E-05 9.9921E-05
9.99123E-05 0.0492496 0.121651 9.99123E-05 0.581897 9.99123E-05 9.99123E-05 0.134373 9.99123E-05 9.99123E-05 0.11183 9.99123E-05 9.99123E-05 9.99123E-05 9.99123E-05
0.0768838 9.98946E-05 0.0409505 9.98946E-05 0.880967 9.98946E-05 9.98946E-05 9.98946E-05 9.98946E-05 9.98946E-05 9.98946E-05 9.98946E-05 9.98946E-05 9.98946E-05 9.98946E-05
9.99034E-05 9.99034E-05 9.99034E-05 9.99034E-05 0.946316 9.99034E-05 9.99034E-05 9.99034E-05 0.0322166 9.99034E-05 9.99034E-05 9.99034E-05 9.99034E-05 0.00888805 0.0114805
9.99034E-05 9.99034E-05 0.201795 0.2266 0.426856 9.99034E-05 9.99034E-05 0.14365 9.99034E-05 9.99034E-05 9.99034E-05 9.99034E-05 9.99034E-05 9.99034E-05 9.99034E-05
9.98946E-05 9.98946E-05 0.148373 9.98946E-05 0.786854 9.98946E-05 9.98946E-05 0.0635748 9.98946E-05 9.98946E-05 9.98946E-05 9.98946E-05 9.98946E-05 9.98946E-05 9.98946E-05
9.98946E-05 0.0071009 0.0208344 9.98946E-05 0.970866 9.98946E-05 9.98946E-05 9.98946E-05 9.98946E-05 9.98946E-05 9.98946E-05 9.98946E-05 9.98946E-05 9.98946E-05 9.98946E-05
9.98947E-05 9.98947E-05 9.98947E-05 9.98947E-05 0.836737 9.98947E-05 9.98947E-05 0.0630037 9.98947E-05 9.98947E-05 9.98947E-05 9.98947E-05 9.98947E-05 9.98947E-05 0.0990609
9.99035E-05 9.99035E-05 0.13448 9.99035E-05 0.753636 9.99035E-05 9.99035E-05 0.0655393 9.99035E-05 9.99035E-05 0.0452456 9.99035E-05 9.99035E-05 9.99035E-05 9.99035E-05
9.98857E-05 9.98857E-05 9.98857E-05 9.98857E-05 9.98857E-05 9.98857E-05 9.98857E-05 0.986175 9.98857E-05 9.98857E-05 9.98857E-05 9.98857E-05 9.98857E-05 9.98857E-05 0.0125262
9.98768E-05 9.98768E-05 0.998602 9.98768E-05 9.98768E-05 9.98768E-05 9.98768E-05 9.98768E-05 9.98768E-05 9.98768E-05 9.98768E-05 9.98768E-05 9.98768E-05 9.98768E-05 9.98768E-05
9.98768E-05 9.98768E-05 9.98768E-05 9.98768E-05 9.98768E-05 9.98768E-05 9.98768E-05 0.998602 9.98768E-05 9.98768E-05 9.98768E-05 9.98768E-05 9.98768E-05 9.98768E-05 9.98768E-05
9.98768E-05 9.98768E-05 0.998602 9.98768E-05 9.98768E-05 9.98768E-05 9.98768E-05 9.98768E-05 9.98768E-05 9.98768E-05 9.98768E-05 9.98768E-05 9.98768E-05 9.98768E-05 9.98768E-05
9.98769E-05 9.98769E-05 0.998602 9.98769E-05 9.98769E-05 9.98769E-05 9.98769E-05 9.98769E-05 9.98769E-05 9.98769E-05 9.98769E-05 9.98769E-05 9.98769E-05 9.98769E-05 9.98769E-05
9.98768E-05 9.98768E-05 0.998602 9.98768E-05 9.98768E-05 9.98768E-05 9.98768E-05 9.98768E-05 9.98768E-05 9.98768E-05 9.98768E-05 9.98768E-05 9.98768E-05 9.98768E-05 9.98768E-05
9.98769E-05 9.98769E-05 9.98769E-05 9.98769E-05 9.98769E-05 9.98769E-05 9.98769E-05 0.998602 9.98769E-05 9.98769E-05 9.98769E-05 9.98769E-05 9.98769E-05 9.98769E-05 9.98769E-05
9.98769E-05 9.98769E-05 0.998602 9.98769E-05 9.98769E-05 9.98769E-05 9.98769E-05 9.98769E-05 9.98769E-05 9.98769E-05 9.98769E-05 9.98769E-05 9.98769E-05 9.98769E-05 9.98769E-05
9.98769E-05 9.98769E-05 0.998602 9.98769E-05 9.98769E-05 9.98769E-05 9.98769E-05 9.98769E-05 9.98769E-05 9.98769E-05 9.98769E-05 9.98769E-05 9.98769E-05 9.98769E-05 9.98769E-05
9.98769E-05 9.98769E-05 9.98769E-05 9.98769E-05 9.98769E-05 9.98769E-05 9.98769E-05 0.998602 9.98769E-05 9.98769E-05 9.98769E-05 9.98769E-05 9.98769E-05 9.98769E-05 9.98769E-05
9.98769E-05 9.98769E-05 9.98769E-05 9.98769E-05 9.98769E-05 9.98769E-05 9.98769E-05 0.998602 9.98769E-05 9.98769E-05 9.98769E-05 9.98769E-05 9.98769E-05 9.98769E-05 9.98769E-05
9.98769E-05 9.98769E-05 9.98769E-05 9.98769E-05 9.98769E-05 9.98769E-05 9.98769E-05 0.998602 9.98769E-05 9.98769E-05 9.98769E-05 9.98769E-05 9.98769E-05 9.98769E-05 9.98769E-05
9.98769E-05 9.98769E-05 0.998602 9.98769E-05 9.98769E-05 9.98769E-05 9.98769E-05 9.98769E-05 9.98769E-05 9.98769E-05 9.98769E-05 9.98769E-05 9.98769E-05 9.98769E-05 9.98769E-05
9.98769E-05 9.98769E-05 0.998602 9.98769E-05 9.98769E-05 9.98769E-05 9.98769E-05 9.98769E-05 9.98769E-05 9.98769E-05 9.98769E-05 9.98769E-05 9.98769E-05 9.98769E-05 9.98769E-05
9.98769E-05 9.98769E-05 9.98769E-05 9.98769E-05 9.98769E-05 9.98769E-05 9.98769E-05 0.998602 9.98769E-05 9.98769E-05 9.98769E-05 9.98769E-05 9.98769E-05 9.98769E-05 9.98769E-05
9.98769E-05 9.98769E-05 9.98769E-05 9.98769E-05 9.98769E-05 9.98769E-05 9.98769E-05 0.998602 9.98769E-05 9.98769E-05 9.98769E-05 9.98769E-05 9.98769E-05 9.98769E-05 9.98769E-05
0.00462122 9.99297E-05 0.0512156 9.99297E-05 0.63271 9.99297E-05 9.99297E-05 0.0861813 0.160965 9.99297E-05 9.99297E-05 0.053082 9.99297E-05 9.99297E-05 0.0104261
9.98769E-05 9.98769E-05 9.98769E-05 9.98769E-05 9.98769E-05 9.98769E-05 9.98769E-05 0.998602 9.98769E-05 9.98769E-05 9.98769E-05 9.98769E-05 9.98769E-05 9.98769E-05 9.98769E-05
9.98769E-05 9.98769E-05 0.998602 9.98769E-05 9.98769E-05 9.98769E-05 9.98769E-05 9.98769E-05 9.98769E-05 9.98769E-05 9.98769E-05 9.98769E-05 9.98769E-05 9.98769E-05 9.98769E-05
9.98768E-05 9.98768E-05 9.98768E-05 9.98768E-05 9.98768E-05 9.98768E-05 9.98768E-05 0.998602 9.98768E-05 9.98768E-05 9.98768E-05 9.98768E-05 9.98768E-05 9.98768E-05 9.98768E-05
9.98769E-05 9.98769E-05 9.98769E-05 9.98769E-05 9.98769E-05 9.98769E-05 9.98769E-05 0.998602 9.98769E-05 9.98769E-05 9.98769E-05 9.98769E-05 9.98769E-05 9.98769E-05 9.98769E-05
9.98768E-05 9.98768E-05 9.98768E-05 9.98768E-05 9.98768E-05 9.98768E-05 9.98768E-05 0.998602 9.98768E-05 9.98768E-05 9.98768E-05 9.98768E-05 9.98768E-05 9.98768E-05 9.98768E-05
9.98769E-05 9.98769E-05 0.998602 9.98769E-05 9.98769E-05 9.98769E-05 9.98769E-05 9.98769E-05 9.98769E-05 9.98769E-05 9.98769E-05 9.98769E-05 9.98769E-05 9.98769E-05 9.98769E-05
9.9877E-05 9.9877E-05 9.9877E-05 9.9877E-05 9.9877E-05 9.9877E-05 9.9877E-05 0.998602 9.9877E-05 9.9877E-05 9.9877E-05 9.9877E-05 9.9877E-05 9.9877E-05 9.9877E-05
9.98769E-05 9.98769E-05 0.998602 9.98769E-05 9.98769E-05 9.98769E-05 9.98769E-05 9.98769E-05 9.98769E-05 9.98769E-05 9.98769E-05 9.98769E-05 9.98769E-05 9.98769E-05 9.98769E-05
9.98769E-05 9.98769E-05 9.98769E-05 9.98769E-05 9.98769E-05 9.98769E-05 9.98769E-05 0.998602 9.98769E-05 9.98769E-05 9.98769E-05 9.98769E-05 9.98769E-05 9.98769E-05 9.98769E-05
9.98768E-05 9.98768E-05 9.98768E-05 9.98768E-05 9.98768E-05 9.98768E-05 9.98768E-05 0.998602 9.98768E-05 9.98768E-05 9.98768E-05 9.98768E-05 9.98768E-05 9.98768E-05 9.98768E-05
9.98769E-05 9.98769E-05 0.998602 9.98769E-05 9.98769E-05 9.98769E-05 9.98769E-05 9.98769E-05 9.98769E-05 9.98769E-05 9.98769E-05 9.98769E-05 9.98769E-05 9.98769E-05 9.98769E-05
9.98768E-05 9.98768E-05 0.998602 9.98768E-05 9.98768E-05 9.98768E-05 9.98768E-05 9.98768E-05 9.98768E-05 9.98768E-05 9.98768E-05 9.98768E-05 9.98768E-05 9.98768E-05 9.98768E-05
9.98769E-05 9.98769E-05 0.998602 9.98769E-05 9.98769E-05 9.98769E-05 9.98769E-05 9.98769E-05 9.98769E-05 9.98769E-05 9.98769E-05 9.98769E-05 9.98769E-05 9.98769E-05 9.98769E-05
9.9877E-05 9.9877E-05 9.9877E-05 9.9877E-05 9.9877E-05 9.9877E-05 9.9877E-05 0.998602 9.9877E-05 9.9877E-05 9.9877E-05 9.9877E-05 9.9877E-05 9.9877E-05 9.9877E-05
9.98769E-05 9.98769E-05 9.98769E-05 9.98769E-05 9.98769E-05 9.98769E-05 9.98769E-05 0.998602 9.98769E-05 9.98769E-05 9.98769E-05 9.98769E-05 9.98769E-05 9.98769E-05 9.98769E-05
9.98768E-05 9.98768E-05 9.98768E-05 9.98768E-05 9.98768E-05 9.98768E-05 9.98768E-05 0.998602 9.98768E-05 9.98768E-05 9.98768E-05 9.98768E-05 9.98768E-05 9.98768E-05 9.98768E-05
9.98768E-05 9.98768E-05 9.98768E-05 9.98768E-05 9.98768E-05 9.98768E-05 9.98768E-05 0.998602 9.98768E-05 9.98768E-05 9.98768E-05 9.98768E-05 9.98768E-05 9.98768E-05 9.98768E-05
9.9877E-05 9.9877E-05 9.9877E-05 9.9877E-05 9.9877E-05 9.9877E-05 9.9877E-05 0.998602 9.9877E-05 9.9877E-05 9.9877E-05 9.9877E-05 9.9877E-05 9.9877E-05 9.9877E-05
9.98769E-05 9.98769E-05 0.998602 9.98769E-05 9.98769E-05 9.98769E-05 9.98769E-05 9.98769E-05 9.98769E-05 9.98769E-05 9.98769E-05 9.98769E-05 9.98769E-05 9.98769E-05 9.98769E-05
9.98769E-05 9.98769E-05 0.998602 9.98769E-05 9.98769E-05 9.98769E-05 9.98769E-05 9.98769E-05 9.98769E-05 9.98769E-05 9.98769E-05 9.98769E-05 9.98769E-05 9.98769E-05 9.98769E-05
9.98768E-05 9.98768E-05 0.998602 9.98768E-05 9.98768E-05 9.98768E-05 9.98768E-05 9.98768E-05 9.98768E-05 9.98768E-05 9.98768E-05 9.98768E-05 9.98768E-05 9.98768E-05 9.98768E-05
9.9877E-05 9.9877E-05 9.9877E-05 9.9877E-05 9.9877E-05 9.9877E-05 9.9877E-05 0.998602 9.9877E-05 9.9877E-05 9.9877E-05 9.9877E-05 9.9877E-05 9.9877E-05 9.9877E-05
9.98768E-05 9.98768E-05 0.998602 9.98768E-05 9.98768E-05 9.98768E-05 9.98768E-05 9.98768E-05 9.98768E-05 9.98768E-05 9.98768E-05 9.98768E-05 9.98768E-05 9.98768E-05 9.98768E-05
9.9877E-05 9.9877E-05 0.998602 9.9877E-05 9.9877E-05 9.9877E-05 9.9877E-05 9.9877E-05 9.9877E-05 9.9877E-05 9.9877E-05 9.9877E-05 9.9877E-05 9.9877E-05 9.9877E-05
9.98768E-05 9.98768E-05 0.998602 9.98768E-05 9.98768E-05 9.98768E-05 9.98768E-05 9.98768E-05 9.98768E-05 9.98768E-05 9.98768E-05 9.98768E-05 9.98768E-05 9.98768E-05 9.98768E-05
9.98769E-05 9.98769E-05 0.998602 9.98769E-05 9.98769E-05 9.98769E-05 9.98769E-05 9.98769E-05 9.98769E-05 9.98769E-05 9.98769E-05 9.98769E-05 9.98769E-05 9.98769E-05 9.98769E-05
9.98769E-05 9.98769E-05 9.98769E-05 9.98769E-05 9.98769E-05 9.98769E-05 9.98769E-05 0.998602 9.98769E-05 9.98769E-05 9.98769E-05 9.98769E-05 9.98769E-05 9.98769E-05 9.98769E-05
9.9877E-05 9.9877E-05 0.998602 9.9877E-05 9.9877E-05 9.9877E-05 9.9877E-05 9.9877E-05 9.9877E-05 9.9877E-05 9.9877E-05 9.9877E-05 9.9877E-05 9.9877E-05 9.9877E-05
9.98769E-05 9.98769E-05 0.998602 9.98769E-05 9.98769E-05 9.98769E-05 9.98769E-05 9.98769E-05 9.98769E-05 9.98769E-05 9.98769E-05 9.98769E-05 9.98769E-05 9.98769E-05 9.98769E-05
9.99033E-05 9.99033E-05 9.99033E-05 9.99033E-05 0.667871 9.99033E-05 9.99033E-05 0.140579 0.150626 9.99033E-05 9.99033E-05 0.0398246 9.99033E-05 9.99033E-05 9.99033E-05
9.9877E-05 9.9877E-05 9.9877E-05 9.9877E-05 9.9877E-05 9.9877E-05 9.9877E-05 0.998602 9.9877E-05 9.9877E-05 9.9877E-05 9.9877E-05 9.9877E-05 9.9877E-05 9.9877E-05
9.98769E-05 9.98769E-05 0.998602 9.98769E-05 9.98769E-05 9.98769E-05 9.98769E-05 9.98769E-05 9.98769E-05 9.98769E-05 9.98769E-05 9.98769E-05 9.98769E-05 9.98769E-05 9.98769E-05
9.98769E-05 9.98769E-05 0.998602 9.98769E-05 9.98769E-05 9.98769E-05 9.98769E-05 9.98769E-05 9.98769E-05 9.98769E-05 9.98769E-05 9.98769E-05 9.98769E-05 9.98769E-05 9.98769E-05
9.98769E-05 9.98769E-05 0.998602 9.98769E-05 9.98769E-05 9.98769E-05 9.98769E-05 9.98769E-05 9.98769E-05 9.98769E-05 9.98769E-05 9.98769E-05 9.98769E-05 9.98769E-05 9.98769E-05
9.98769E-05 9.98769E-05 0.998602 9.98769E-05 9.98769E-05 9.98769E-05 9.98769E-05 9.98769E-05 9.98769E-05 9.98769E-05 9.98769E-05 9.98769E-05 9.98769E-05 9.98769E-05 9.98769E-05
9.98769E-05 9.98769E-05 9.98769E-05 9.98769E-05 9.98769E-05 9.98769E-05 9.98769E-05 0.998602 9.98769E-05 9.98769E-05 9.98769E-05 9.98769E-05 9.98769E-05 9.98769E-05 9.98769E-05
9.98768E-05 9.98768E-05 0.998602 9.98768E-05 9.98768E-05 9.98768E-05 9.98768E-05 9.98768E-05 9.98768E-05 9.98768E-05 9.98768E-05 9.98768E-05 9.98768E-05 9.98768E-05 9.98768E-05
9.98768E-05 9.98768E-05 9.98768E-05 9.98768E-05 9.98768E-05 9.98768E-05 9.98768E-05 0.998602 9.98768E-05 9.98768E-05 9.98768E-05 9.98768E-05 9.98768E-05 9.98768E-05 9.98768E-05
9.98769E-05 9.98769E-05 0.998602 9.98769E-05 9.98769E-05 9.98769E-05 9.98769E-05 9.98769E-05 9.98769E-05 9.98769E-05 9.98769E-05 9.98769E-05 9.98769E-05 9.98769E-05 9.98769E-05
9.98768E-05 9.98768E-05 9.98768E-05 9.98768E-05 9.98768E-05 9.98768E-05 9.98768E-05 0.998602 9.98768E-05 9.98768E-05 9.98768E-05 9.98768E-05 9.98768E-05 9.98768E-05 9.98768E-05
9.98768E-05 9.98768E-05 0.998602 9.98768E-05 9.98768E-05 9.98768E-05 9.98768E-05 9.98768E-05 9.98768E-05 9.98768E-05 9.98768E-05 9.98768E-05 9.98768E-05 9.98768E-05 9.98768E-05
9.98768E-05 9.98768E-05 0.998602 9.98768E-05 9.98768E-05 9.98768E-05 9.98768E-05 9.98768E-05 9.98768E-05 9.98768E-05 9.98768E-05 9.98768E-05 9.98768E-05 9.98768E-05 9.98768E-05
9.98769E-05 9.98769E-05 0.998602 9.98769E-05 9.98769E-05 9.98769E-05 9.98769E-05 9.98769E-05 9.98769E-05 9.98769E-05 9.98769E-05 9.98769E-05 9.98769E-05 9.98769E-05 9.98769E-05
9.98769E-05 9.98769E-05 0.998602 9.98769E-05 9.98769E-05 9.98769E-05 9.98769E-05 9.98769E-05 9.98769E-05 9.98769E-05 9.98769E-05 9.98769E-05 9.98769E-05 9.98769E-05 9.98769E-05
9.98768E-05 9.98768E-05 0.998602 9.98768E-05 9.98768E-05 9.98768E-05 9.98768E-05 9.98768E-05 9.98768E-05 9.98768E-05 9.98768E-05 9.98768E-05 9.98768E-05 9.98768E-05 9.98768E-05
9.98769E-05 9.98769E-05 0.998602 9.98769E-05 9.98769E-05 9.98769E-05 9.98769E-05 9.98769E-05 9.98769E-05 9.98769E-05 9.98769E-05 9.98769E-05 9.98769E-05 9.98769E-05 9.98769E-05
9.98769E-05 9.98769E-05 9.98769E-05 9.98769E-05 9.98769E-05 9.98769E-05 9.98769E-05 0.998602 9.98769E-05 9.98769E-05 9.98769E-05 9.98769E-05 9.98769E-05 9.98769E-05 9.98769E-05
9.98768E-05 9.98768E-05 9.98768E-05 9.98768E-05 9.98768E-05 9.98768E-05 9.98768E-05 0.998602 9.98768E-05 9.98768E-05 9.98768E-05 9.98768E-05 9.98768E-05 9.98768E-05 9.98768E-05
9.9877E-05 9.9877E-05 9.9877E-05 9.9877E-05 9.9877E-05 9.9877E-05 9.9877E-05 0.998602 9.9877E-05 9.9877E-05 9.9877E-05 9.9877E-05 9.9877E-05 9.9877E-05 9.9877E-05
9.98769E-05 9.98769E-05 0.998602 9.98769E-05 9.98769E-05 9.98769E-05 9.98769E-05 9.98769E-05 9.98769E-05 9.98769E-05 9.98769E-05 9.98769E-05 9.98769E-05 9.98769E-05 9.98769E-05
9.98769E-05 9.98769E-05 9.98769E-05 9.98769E-05 9.98769E-05 9.98769E-05 9.98769E-05 0.998602 9.98769E-05 9.98769E-05 9.98769E-05 9.98769E-05 9.98769E-05 9.98769E-05 9.98769E-05
9.98769E-05 9.98769E-05 9.98769E-05 9.98769E-05 9.98769E-05 9.98769E-05 9.98769E-05 0.998602 9.98769E-05 9.98769E-05 9.98769E-05 9.98769E-05 9.98769E-05 9.98769E-05 9.98769E-05
9.98769E-05 9.98769E-05 9.98769E-05 9.98769E-05 9.98769E-05 9.98769E-05 9.98769E-05 0.998602 9.98769E-05 9.98769E-05 9.98769E-05 9.98769E-05 9.98769E-05 9.98769E-05 9.98769E-05
9.98858E-05 9.98858E-05 0.984282 9.98858E-05 9.98858E-05 9.98858E-05 9.98858E-05 0.0144193 9.98858E-05 9.98858E-05 9.98858E-05 9.98858E-05 9.98858E-05 9.98858E-05 9.98858E-05
9.98769E-05 9.98769E-05 0.998602 9.98769E-05 9.98769E-05 9.98769E-05 9.98769E-05 9.98769E-05 9.98769E-05 9.98769E-05 9.98769E-05 9.98769E-05 9.98769E-05 9.98769E-05 9.98769E-05
9.98768E-05 9.98768E-05 0.998602 9.98768E-05 9.98768E-05 9.98768E-05 9.98768E-05 9.98768E-05 9.98768E-05 9.98768E-05 9.98768E-05 9.98768E-05 9.98768E-05 9.98768E-05 9.98768E-05
9.98769E-05 9.98769E-05 9.98769E-05 9.98769E-05 9.98769E-05 9.98769E-05 9.98769E-05 0.998602 9.98769E-05 9.98769E-05 9.98769E-05 9.98769E-05 9.98769E-05 9.98769E-05 9.98769E-05
9.98768E-05 9.98768E-05 0.998602 9.98768E-05 9.98768E-05 9.98768E-05 9.98768E-05 9.98768E-05 9.98768E-05 9.98768E-05 9.98768E-05 9.98768E-05 9.98768E-05 9.98768E-05 9.98768E-05
9.98768E-05 9.98768E-05 0.998602 9.98768E-05 9.98768E-05 9.98768E-05 9.98768E-05 9.98768E-05 9.98768E-05 9.98768E-05 9.98768E-05 9.98768E-05 9.98768E-05 9.98768E-05 9.98768E-05
9.98769E-05 9.98769E-05 9.98769E-05 9.98769E-05 9.98769E-05 9.98769E-05 9.98769E-05 0.998602 9.98769E-05 9.98769E-05 9.98769E-05 9.98769E-05 9.98769E-05 9.98769E-05 9.98769E-05
9.98769E-05 9.98769E-05 0.998602 9.98769E-05 9.98769E-05 9.98769E-05 9.98769E-05 9.98769E-05 9.98769E-05 9.98769E-05 9.98769E-05 9.98769E-05 9.98769E-05 9.98769E-05 9.98769E-05
9.98769E-05 9.98769E-05 0.998602 9.98769E-05 9.98769E-05 9.98769E-05 9.98769E-05 9.98769E-05 9.98769E-05 9.98769E-05 9.98769E-05 9.98769E-05 9.98769E-05 9.98769E-05 9.98769E-05
9.99297E-05 0.129607 0.062574 0.0193344 0.449944 0.04696 9.99297E-05 0.255604 9.99297E-05 9.99297E-05 9.99297E-05 9.99297E-05 9.99297E-05 0.0351777 9.99297E-05
9.98768E-05 9.98768E-05 9.98768E-05 9.98768E-05 9.98768E-05 9.98768E-05 9.98768E-05 0.998602 9.98768E-05 9.98768E-05 9.98768E-05 9.98768E-05 9.98768E-05 9.98768E-05 9.98768E-05
9.98768E-05 9.98768E-05 0.998602 9.98768E-05 9.98768E-05 9.98768E-05 9.98768E-05 9.98768E-05 9.98768E-05 9.98768E-05 9.98768E-05 9.98768E-05 9.98768E-05 9.98768E-05 9.98768E-05
9.98947E-05 9.98947E-05 0.37513 9.98947E-05 0.557198 9.98947E-05 9.98947E-05 9.98947E-05 9.98947E-05 9.98947E-05 9.98947E-05 0.0664729 9.98947E-05 9.98947E-05 9.98947E-05
9.9921E-05 9.9921E-05 0.189862 9.9921E-05 0.696731 9.9921E-05 9.9921E-05 0.0486711 0.0162741 9.9921E-05 9.9921E-05 0.0259489 9.9921E-05 9.9921E-05 0.0216134
9.99033E-05 9.99033E-05 0.0737095 9.99033E-05 0.650249 9.99033E-05 9.99033E-05 0.24236 9.99033E-05 9.99033E-05 9.99033E-05 0.0325819 9.99033E-05 9.99033E-05 9.99033E-05
9.98945E-05 9.98945E-05 9.98945E-05 9.98945E-05 0.944822 9.98945E-05 9.98945E-05 0.0345061 9.98945E-05 9.98945E-05 9.98945E-05 9.98945E-05 9.98945E-05 0.0194729 9.98945E-05
9.99034E-05 9.99034E-05 0.202822 0.0100001 0.605076 9.99034E-05 9.99034E-05 0.181003 9.99034E-05 9.99034E-05 9.99034E-05 9.99034E-05 9.99034E-05 9.99034E-05 9.99034E-05
9.99036E-05 9.99036E-05 0.155925 9.99036E-05 0.561043 9.99036E-05 9.99036E-05 9.99036E-05 9.99036E-05 0.0112302 0.270704 9.99036E-05 9.99036E-05 9.99036E-05 9.99036E-05
