9.98595E-05 9.98595E-05 9.98595E-05 0.1252 9.98595E-05 9.98595E-05 0.00886443 0.0776152 9.98595E-05 0.13232 0.222333 0.0141306 9.98595E-05 9.98595E-05 0.0382664 9.98595E-05 0.0810422 0.298631 9.98595E-05 9.98595E-05 9.98595E-05 9.98595E-05 9.98595E-05 9.98595E-05 9.98595E-05
9.98245E-05 9.98245E-05 9.98245E-05 9.98245E-05 9.98245E-05 9.98245E-05 9.98245E-05 0.0823815 9.98245E-05 0.698817 0.113278 9.98245E-05 9.98245E-05 9.98245E-05 9.98245E-05 9.98245E-05 9.98245E-05 0.091123 9.98245E-05 9.98245E-05 9.98245E-05 9.98245E-05 0.0124041 9.98245E-05 9.98245E-05
9.9807E-05 9.9807E-05 9.9807E-05 9.9807E-05 9.9807E-05 9.9807E-05 9.9807E-05 9.9807E-05 9.9807E-05 9.9807E-05 9.9807E-05 9.9807E-05 9.9807E-05 9.9807E-05 0.0447175 0.0207715 9.9807E-05 0.932315 9.9807E-05 9.9807E-05 9.9807E-05 9.9807E-05 9.9807E-05 9.9807E-05 9.9807E-05
9.98684E-05 0.0729529 0.147521 0.0764722 9.98684E-05 9.98684E-05 0.00804738 9.98684E-05 9.98684E-05 0.349384 9.98684E-05 0.0646593 9.98684E-05 0.0134287 9.98684E-05 0.115574 9.98684E-05 9.98684E-05 9.98684E-05 9.98684E-05 0.0854744 0.0649878 9.98684E-05 9.98684E-05 9.98684E-05
9.98245E-05 0.00482834 9.98245E-05 9.98245E-05 9.98245E-05 9.98245E-05 9.98245E-05 9.98245E-05 0.0905966 0.283987 9.98245E-05 9.98245E-05 9.98245E-05 9.98245E-05 9.98245E-05 9.98245E-05 9.98245E-05 0.590408 9.98245E-05 9.98245E-05 9.98245E-05 9.98245E-05 0.0281831 9.98245E-05 9.98245E-05
9.98509E-05 0.115416 0.153203 9.98509E-05 9.98509E-05 9.98509E-05 9.98509E-05 0.0836835 0.0617223 0.235241 0.13256 9.98509E-05 9.98509E-05 0.201371 9.98509E-05 9.98509E-05 9.98509E-05 0.0151043 9.98509E-05 9.98509E-05 9.98509E-05 9.98509E-05 9.98509E-05 9.98509E-05 9.98509E-05
9.98772E-05 9.98772E-05 9.98772E-05 0.0470393 9.98772E-05 0.0210518 0.0455404 0.07756 9.98772E-05 0.363403 0.0586062 0.0344161 9.98772E-05 9.98772E-05 0.0605145 0.174354 9.98772E-05 9.98772E-05 9.98772E-05 0.0592692 9.98772E-05 9.98772E-05 0.0568477 9.98772E-05 9.98772E-05
9.98598E-05 0.101584 9.98598E-05 0.118834 9.98598E-05 9.98598E-05 9.98598E-05 0.0116248 9.98598E-05 0.290631 9.98598E-05 0.0357968 0.0179958 9.98598E-05 9.98598E-05 9.98598E-05 0.194224 9.98598E-05 9.98598E-05 9.98598E-05 9.98598E-05 9.98598E-05 0.161362 0.0663504 9.98598E-05
9.98333E-05 0.255272 9.98333E-05 9.98333E-05 9.98333E-05 9.98333E-05 0.122562 9.98333E-05 9.98333E-05 0.0970869 9.98333E-05 9.98333E-05 9.98333E-05 9.98333E-05 0.200053 9.98333E-05 9.98333E-05 0.14792 9.98333E-05 9.98333E-05 9.98333E-05 0.175209 9.98333E-05 9.98333E-05 9.98333E-05
9.98071E-05 9.98071E-05 9.98071E-05 9.98071E-05 9.98071E-05 9.98071E-05 0.0115448 9.98071E-05 9.98071E-05 9.98071E-05 9.98071E-05 9.98071E-05 9.98071E-05 9.98071E-05 9.98071E-05 9.98071E-05 9.98071E-05 0.953145 0.0331144 9.98071E-05 9.98071E-05 9.98071E-05 9.98071E-05 9.98071E-05 9.98071E-05
9.98332E-05 9.98332E-05 9.98332E-05 0.0777501 9.98332E-05 9.98332E-05 9.98332E-05 9.98332E-05 9.98332E-05 0.482824 0.0837906 0.138689 9.98332E-05 9.98332E-05 0.164336 9.98332E-05 9.98332E-05 0.050713 9.98332E-05 9.98332E-05 9.98332E-05 9.98332E-05 9.98332E-05 9.98332E-05 9.98332E-05
0.00281046 9.98422E-05 9.98422E-05 9.98422E-05 9.98422E-05 9.98422E-05 9.98422E-05 9.98422E-05 9.98422E-05 9.98422E-05 9.98422E-05 9.98422E-05 9.98422E-05 0.00441047 9.98422E-05 9.98422E-05 0.000884675 0.907961 9.98422E-05 9.98422E-05 0.000184331 0.011281 9.98422E-05 0.0706708 9.98422E-05
9.98158E-05 9.98158E-05 9.98158E-05 0.0477165 9.98158E-05 9.98158E-05 9.98158E-05 9.98158E-05 9.98158E-05 0.0878481 9.98158E-05 9.98158E-05 9.98158E-05 9.98158E-05 0.0853677 9.98158E-05 9.98158E-05 0.776972 9.98158E-05 9.98158E-05 9.98158E-05 9.98158E-05 9.98158E-05 9.98158E-05 9.98158E-05
0.0792109 9.98333E-05 0.0106585 9.98333E-05 9.98333E-05 0.0346512 9.98333E-05 9.98333E-05 0.00348584 0.797842 9.98333E-05 9.98333E-05 9.98333E-05 9.98333E-05 0.0722547 9.98333E-05 9.98333E-05 9.98333E-05 9.98333E-05 9.98333E-05 9.98333E-05 9.98333E-05 9.98333E-05 9.98333E-05 9.98333E-05
9.98597E-05 0.0395231 0.122497 9.98597E-05 0.0234788 9.98597E-05 9.98597E-05 9.98597E-05 9.98597E-05 9.98597E-05 0.163215 9.98597E-05 9.98597E-05 9.98597E-05 0.0822297 9.98597E-05 9.98597E-05 0.31892 9.98597E-05 9.98597E-05 0.0665156 0.134997 9.98597E-05 9.98597E-05 0.0470248
9.98859E-05 0.163802 0.00233404 0.0866402 9.98859E-05 9.98859E-05 9.98859E-05 9.98859E-05 9.98859E-05 0.0782131 0.1566 9.98859E-05 0.0307589 9.98859E-05 0.153077 0.00534253 9.98859E-05 0.170137 9.98859E-05 9.98859E-05 9.98859E-05 0.0399898 9.98859E-05 0.0857316 0.0260756
9.98422E-05 9.98422E-05 9.98422E-05 9.98422E-05 0.193392 9.98422E-05 9.98422E-05 0.022464 9.98422E-05 9.98422E-05 9.98422E-05 0.0577741 9.98422E-05 9.98422E-05 0.0287774 9.98422E-05 0.0450737 0.587099 9.98422E-05 9.98422E-05 9.98422E-05 0.0636217 9.98422E-05 9.98422E-05 9.98422E-05
9.98596E-05 0.023222 9.98596E-05 0.106506 9.98596E-05 9.98596E-05 0.0164054 9.98596E-05 9.98596E-05 0.226327 0.167601 9.98596E-05 9.98596E-05 9.98596E-05 0.122763 9.98596E-05 9.98596E-05 9.98596E-05 0.183164 9.98596E-05 0.101936 9.98596E-05 0.0504778 9.98596E-05 9.98596E-05
9.98508E-05 0.123675 9.98508E-05 0.167738 9.98508E-05 9.98508E-05 9.98508E-05 9.98508E-05 9.98508E-05 9.98508E-05 9.98508E-05 9.98508E-05 0.0312022 0.149197 0.128036 9.98508E-05 0.000140505 0.383724 9.98508E-05 9.98508E-05 9.98508E-05 9.98508E-05 9.98508E-05 9.98508E-05 0.0145893
9.98072E-05 9.98072E-05 9.98072E-05 9.98072E-05 9.98072E-05 9.98072E-05 9.98072E-05 9.98072E-05 9.98072E-05 0.0136674 9.98072E-05 9.98072E-05 9.98072E-05 9.98072E-05 9.98072E-05 9.98072E-05 9.98072E-05 0.972663 9.98072E-05 9.98072E-05 0.0114743 9.98072E-05 9.98072E-05 9.98072E-05 9.98072E-05
9.98333E-05 0.085507 9.98333E-05 9.98333E-05 9.98333E-05 9.98333E-05 9.98333E-05 9.98333E-05 9.98333E-05 0.501826 9.98333E-05 0.0297881 9.98333E-05 9.98333E-05 9.98333E-05 9.98333E-05 9.98333E-05 9.98333E-05 9.98333E-05 9.98333E-05 9.98333E-05 0.226524 0.122128 0.0323294 9.98333E-05
9.98597E-05 0.141557 9.98597E-05 0.315387 9.98597E-05 9.98597E-05 9.98597E-05 9.98597E-05 0.0171452 9.98597E-05 9.98597E-05 9.98597E-05 0.0856521 0.0886753 9.98597E-05 0.0512805 9.98597E-05 0.29029 0.0050445 0.00337027 9.98597E-05 9.98597E-05 9.98597E-05 9.98597E-05 9.98597E-05
9.98422E-05 9.98422E-05 0.025114 9.98422E-05 9.98422E-05 9.98422E-05 9.98422E-05 0.07897 9.98422E-05 0.223438 0.166718 0.082553 9.98422E-05 9.98422E-05 0.0213514 9.98422E-05 9.98422E-05 0.400059 9.98422E-05 9.98422E-05 9.98422E-05 9.98422E-05 9.98422E-05 9.98422E-05 9.98422E-05
9.98333E-05 9.98333E-05 9.98333E-05 0.242303 9.98333E-05 9.98333E-05 0.0756041 9.98333E-05 9.98333E-05 0.349487 0.0452128 9.98333E-05 9.98333E-05 9.98333E-05 0.24561 9.98333E-05 9.98333E-05 0.0398858 9.98333E-05 9.98333E-05 9.98333E-05 9.98333E-05 9.98333E-05 9.98333E-05 9.98333E-05
9.98509E-05 9.98509E-05 0.101673 0.0889667 9.98509E-05 0.160874 9.98509E-05 9.98509E-05 9.98509E-05 0.241657 9.98509E-05 0.0713815 9.98509E-05 9.98509E-05 0.25803 9.98509E-05 9.98509E-05 9.98509E-05 9.98509E-05 9.98509E-05 0.0055462 9.98509E-05 9.98509E-05 9.98509E-05 0.0701746
9.98596E-05 9.98596E-05 0.0805219 0.0607322 0.0392535 9.98596E-05 9.98596E-05 9.98596E-05 0.0225621 0.370435 9.98596E-05 9.98596E-05 9.98596E-05 9.98596E-05 0.0865854 0.0410179 9.98596E-05 0.29631 9.98596E-05 9.98596E-05 9.98596E-05 0.000984608 9.98596E-05 9.98596E-05 9.98596E-05
9.98333E-05 9.98333E-05 0.371595 0.34358 9.98333E-05 9.98333E-05 9.98333E-05 9.98333E-05 9.98333E-05 9.98333E-05 9.98333E-05 9.98333E-05 9.98333E-05 9.98333E-05 0.0438365 9.98333E-05 9.98333E-05 0.0539952 0.122971 9.98333E-05 9.98333E-05 9.98333E-05 9.98333E-05 0.0621247 9.98333E-05
9.98247E-05 9.98247E-05 9.98247E-05 0.0616365 9.98247E-05 0.00026544 9.98247E-05 9.98247E-05 9.98247E-05 9.98247E-05 9.98247E-05 9.98247E-05 9.98247E-05 9.98247E-05 0.00995733 0.0748222 9.98247E-05 0.851322 9.98247E-05 9.98247E-05 9.98247E-05 9.98247E-05 9.98247E-05 9.98247E-05 9.98247E-05
9.98334E-05 9.98334E-05 0.0238644 0.112867 9.98334E-05 9.98334E-05 0.0493521 9.98334E-05 9.98334E-05 9.98334E-05 0.0464935 9.98334E-05 9.98334E-05 9.98334E-05 0.146156 9.98334E-05 9.98334E-05 0.61937 9.98334E-05 9.98334E-05 9.98334E-05 9.98334E-05 9.98334E-05 9.98334E-05 9.98334E-05
9.98248E-05 0.0204705 9.98248E-05 9.98248E-05 0.0970933 9.98248E-05 9.98248E-05 9.98248E-05 9.98248E-05 9.98248E-05 9.98248E-05 9.98248E-05 9.98248E-05 9.98248E-05 0.0580499 9.98248E-05 0.0821525 0.740237 9.98248E-05 9.98248E-05 9.98248E-05 9.98248E-05 9.98248E-05 9.98248E-05 9.98248E-05
9.98508E-05 0.00807928 9.98508E-05 0.00405384 9.98508E-05 9.98508E-05 9.98508E-05 9.98508E-05 9.98508E-05 9.98508E-05 0.0399883 0.0973393 9.98508E-05 0.0116279 0.016397 9.98508E-05 9.98508E-05 0.771595 9.98508E-05 9.98508E-05 9.98508E-05 9.98508E-05 9.98508E-05 9.98508E-05 0.0492224
9.98597E-05 9.98597E-05 0.145742 0.0199379 0.024793 9.98597E-05 9.98597E-05 9.98597E-05 9.98597E-05 0.571717 9.98597E-05 0.0260809 9.98597E-05 0.00653036 0.0616431 9.98597E-05 9.98597E-05 0.0431647 9.98597E-05 9.98597E-05 9.98597E-05 0.0987931 9.98597E-05 9.98597E-05 9.98597E-05
9.98331E-05 9.98331E-05 9.98331E-05 0.11426 9.98331E-05 9.98331E-05 9.98331E-05 9.98331E-05 9.98331E-05 0.598336 0.01548 0.0804319 9.98331E-05 9.98331E-05 0.157734 9.98331E-05 9.98331E-05 9.98331E-05 9.98331E-05 9.98331E-05 9.98331E-05 9.98331E-05 9.98331E-05 0.031861 9.98331E-05
9.98508E-05 9.98508E-05 0.122641 0.0734866 0.0738572 9.98508E-05 9.98508E-05 9.98508E-05 9.98508E-05 0.380692 9.98508E-05 9.98508E-05 9.98508E-05 0.0281454 0.157891 9.98508E-05 9.98508E-05 0.111317 0.0502732 9.98508E-05 9.98508E-05 9.98508E-05 9.98508E-05 9.98508E-05 9.98508E-05
9.9816E-05 9.9816E-05 9.9816E-05 9.9816E-05 9.9816E-05 9.9816E-05 9.9816E-05 0.0259366 9.9816E-05 9.9816E-05 9.9816E-05 0.0393774 9.9816E-05 9.9816E-05 9.9816E-05 9.9816E-05 9.9816E-05 0.89933 9.9816E-05 9.9816E-05 0.0332602 9.9816E-05 9.9816E-05 9.9816E-05 9.9816E-05
9.98597E-05 0.00673959 9.98597E-05 9.98597E-05 9.98597E-05 9.98597E-05 0.0682997 0.00390486 9.98597E-05 9.98597E-05 9.98597E-05 0.0213751 9.98597E-05 9.98597E-05 0.0228262 0.0942467 0.0246808 0.69493 9.98597E-05 9.98597E-05 9.98597E-05 0.0613993 9.98597E-05 9.98597E-05 9.98597E-05
9.98248E-05 9.98248E-05 9.98248E-05 9.98248E-05 9.98248E-05 9.98248E-05 9.98248E-05 9.98248E-05 9.98248E-05 0.154122 9.98248E-05 0.0118615 9.98248E-05 0.0289576 9.98248E-05 9.98248E-05 9.98248E-05 0.759133 9.98248E-05 9.98248E-05 9.98248E-05 9.98248E-05 9.98248E-05 0.0439297 9.98248E-05
9.98246E-05 0.120173 9.98246E-05 9.98246E-05 9.98246E-05 9.98246E-05 9.98246E-05 0.0144407 9.98246E-05 0.765909 9.98246E-05 9.98246E-05 9.98246E-05 9.98246E-05 0.0392636 9.98246E-05 9.98246E-05 9.98246E-05 9.98246E-05 9.98246E-05 0.0582169 9.98246E-05 9.98246E-05 9.98246E-05 9.98246E-05
9.98334E-05 9.98334E-05 9.98334E-05 9.98334E-05 0.0999158 9.98334E-05 9.98334E-05 0.0191828 0.093304 9.98334E-05 9.98334E-05 0.016257 9.98334E-05 9.98334E-05 0.172627 9.98334E-05 9.98334E-05 0.596817 9.98334E-05 9.98334E-05 9.98334E-05 9.98334E-05 9.98334E-05 9.98334E-05 9.98334E-05
0.00842288 9.98509E-05 0.125881 9.98509E-05 9.98509E-05 9.98509E-05 9.98509E-05 9.98509E-05 9.98509E-05 0.44617 9.98509E-05 9.98509E-05 9.98509E-05 0.0108219 0.192068 9.98509E-05 9.98509E-05 0.117167 9.98509E-05 0.0120707 9.98509E-05 9.98509E-05 9.98509E-05 0.0857014 9.98509E-05
9.9799E-05 9.9799E-05 9.9799E-05 9.9799E-05 9.9799E-05 9.9799E-05 9.9799E-05 9.9799E-05 9.9799E-05 9.9799E-05 9.9799E-05 9.9799E-05 9.9799E-05 9.9799E-05 0.0090202 9.9799E-05 9.9799E-05 0.988684 9.9799E-05 9.9799E-05 9.9799E-05 9.9799E-05 9.9799E-05 9.9799E-05 9.9799E-05
9.98161E-05 9.98161E-05 9.98161E-05 0.18211 9.98161E-05 9.98161E-05 9.98161E-05 0.0192022 9.98161E-05 9.98161E-05 9.98161E-05 9.98161E-05 9.98161E-05 9.98161E-05 0.11434 9.98161E-05 9.98161E-05 0.682252 9.98161E-05 9.98161E-05 9.98161E-05 9.98161E-05 9.98161E-05 9.98161E-05 9.98161E-05
0.0484678 9.98334E-05 9.98334E-05 9.98334E-05 9.98334E-05 0.00270484 9.98334E-05 0.00862997 9.98334E-05 0.652604 9.98334E-05 9.98334E-05 9.98334E-05 0.0727327 9.98334E-05 9.98334E-05 9.98334E-05 0.212963 9.98334E-05 9.98334E-05 9.98334E-05 9.98334E-05 9.98334E-05 9.98334E-05 9.98334E-05
9.98421E-05 0.105983 9.98421E-05 0.0346275 9.98421E-05 9.98421E-05 0.0557205 9.98421E-05 9.98421E-05 9.98421E-05 0.0922992 0.0435766 9.98421E-05 9.98421E-05 0.173116 9.98421E-05 9.98421E-05 0.492881 9.98421E-05 9.98421E-05 9.98421E-05 9.98421E-05 9.98421E-05 9.98421E-05 9.98421E-05
9.98333E-05 9.98333E-05 9.98333E-05 0.350617 9.98333E-05 9.98333E-05 9.98333E-05 9.98333E-05 0.0571282 0.311519 9.98333E-05 9.98333E-05 9.98333E-05 0.0301615 0.195344 0.053333 9.98333E-05 9.98333E-05 9.98333E-05 9.98333E-05 9.98333E-05 9.98333E-05 9.98333E-05 9.98333E-05 9.98333E-05
9.98157E-05 9.98157E-05 9.98157E-05 9.98157E-05 9.98157E-05 9.98157E-05 9.98157E-05 9.98157E-05 9.98157E-05 0.115299 9.98157E-05 9.98157E-05 9.98157E-05 0.0637124 9.98157E-05 9.98157E-05 9.98157E-05 0.806572 9.98157E-05 9.98157E-05 0.0123209 9.98157E-05 9.98157E-05 9.98157E-05 9.98157E-05
9.98069E-05 9.98069E-05 9.98069E-05 9.98069E-05 9.98069E-05 9.98069E-05 9.98069E-05 9.98069E-05 9.98069E-05 0.941472 9.98069E-05 9.98069E-05 9.98069E-05 9.98069E-05 0.0501659 9.98069E-05 9.98069E-05 9.98069E-05 0.00616604 9.98069E-05 9.98069E-05 9.98069E-05 9.98069E-05 9.98069E-05 9.98069E-05
9.97985E-05 9.97985E-05 9.97985E-05 9.97985E-05 9.97985E-05 9.97985E-05 9.97985E-05 9.97985E-05 9.97985E-05 9.97985E-05 9.97985E-05 9.97985E-05 9.97985E-05 9.97985E-05 9.97985E-05 9.97985E-05 9.97985E-05 0.964468 9.97985E-05 9.97985E-05 9.97985E-05 9.97985E-05 9.97985E-05 0.0332367 9.97985E-05
9.98334E-05 9.98334E-05 9.98334E-05 0.141827 9.98334E-05 9.98334E-05 9.98334E-05 9.98334E-05 9.98334E-05 0.111676 0.0716915 9.98334E-05 9.98334E-05 0.0354589 0.113306 9.98334E-05 9.98334E-05 0.524143 9.98334E-05 9.98334E-05 9.98334E-05 9.98334E-05 9.98334E-05 9.98334E-05 9.98334E-05
9.98073E-05 9.98073E-05 9.98073E-05 9.98073E-05 9.98073E-05 9.98073E-05 9.98073E-05 9.98073E-05 9.98073E-05 0.885662 9.98073E-05 9.98073E-05 9.98073E-05 0.0606039 9.98073E-05 9.98073E-05 9.98073E-05 9.98073E-05 9.98073E-05 0.0515384 9.98073E-05 9.98073E-05 9.98073E-05 9.98073E-05 9.98073E-05
9.9851E-05 0.0112251 0.17055 9.9851E-05 9.9851E-05 9.9851E-05 0.0862428 9.9851E-05 9.9851E-05 0.243036 9.9851E-05 0.123073 9.9851E-05 9.9851E-05 0.298432 9.9851E-05 9.9851E-05 0.0440423 9.9851E-05 9.9851E-05 0.0217007 9.9851E-05 9.9851E-05 9.9851E-05 9.9851E-05
9.98245E-05 9.98245E-05 9.98245E-05 0.0826574 9.98245E-05 9.98245E-05 0.0136566 9.98245E-05 0.0495154 0.782138 9.98245E-05 9.98245E-05 9.98245E-05 9.98245E-05 9.98245E-05 0.0700359 9.98245E-05 9.98245E-05 9.98245E-05 9.98245E-05 9.98245E-05 9.98245E-05 9.98245E-05 9.98245E-05 9.98245E-05
9.97985E-05 9.97985E-05 9.97985E-05 9.97985E-05 9.97985E-05 9.97985E-05 9.97985E-05 9.97985E-05 9.97985E-05 9.97985E-05 9.97985E-05 9.97985E-05 9.97985E-05 9.97985E-05 9.97985E-05 9.97985E-05 9.97985E-05 0.924227 0.073478 9.97985E-05 9.97985E-05 9.97985E-05 9.97985E-05 9.97985E-05 9.97985E-05
9.98422E-05 0.0381231 9.98422E-05 9.98422E-05 9.98422E-05 0.0218206 9.98422E-05 9.98422E-05 0.0383809 0.744445 9.98422E-05 9.98422E-05 9.98422E-05 9.98422E-05 0.00257542 9.98422E-05 9.98422E-05 9.98422E-05 9.98422E-05 9.98422E-05 9.98422E-05 9.98422E-05 9.98422E-05 0.127755 0.025103
9.9816E-05 9.9816E-05 9.9816E-05 9.9816E-05 9.9816E-05 0.00500731 9.9816E-05 9.9816E-05 9.9816E-05 9.9816E-05 9.9816E-05 9.9816E-05 9.9816E-05 9.9816E-05 0.0451943 9.9816E-05 9.9816E-05 0.789852 9.9816E-05 9.9816E-05 9.9816E-05 9.9816E-05 9.9816E-05 9.9816E-05 0.15785
0.0412535 9.98334E-05 0.169132 9.98334E-05 9.98334E-05 9.98334E-05 9.98334E-05 9.98334E-05 9.98334E-05 9.98334E-05 9.98334E-05 0.0481101 9.98334E-05 0.0696952 9.98334E-05 9.98334E-05 9.98334E-05 0.637924 9.98334E-05 9.98334E-05 0.0319885 9.98334E-05 9.98334E-05 9.98334E-05 9.98334E-05
9.98158E-05 0.00815426 9.98158E-05 9.98158E-05 9.98158E-05 9.98158E-05 9.98158E-05 9.98158E-05 9.98158E-05 9.98158E-05 9.98158E-05 9.98158E-05 9.98158E-05 0.0992647 9.98158E-05 9.98158E-05 9.98158E-05 0.786867 9.98158E-05 9.98158E-05 9.98158E-05 0.103618 9.98158E-05 9.98158E-05 9.98158E-05
9.98159E-05 9.98159E-05 9.98159E-05 9.98159E-05 9.98159E-05 9.98159E-05 9.98159E-05 9.98159E-05 9.98159E-05 0.738783 9.98159E-05 9.98159E-05 9.98159E-05 9.98159E-05 0.058714 0.081157 9.98159E-05 0.11925 9.98159E-05 9.98159E-05 9.98159E-05 9.98159E-05 9.98159E-05 9.98159E-05 9.98159E-05
9.98544E-05 0.0110464 9.98544E-05 9.98544E-05 9.98544E-05 9.98544E-05 9.98544E-05 0.032624 9.98544E-05 0.788258 9.98544E-05 9.98544E-05 9.98544E-05 9.98544E-05 0.0145988 0.00609944 0.00733636 0.134471 9.98544E-05 0.0038684 9.98544E-05 9.98544E-05 9.98544E-05 9.98544E-05 9.98544E-05
9.98507E-05 0.0573434 0.0124439 9.98507E-05 9.98507E-05 9.98507E-05 9.98507E-05 0.0214367 9.98507E-05 9.98507E-05 0.714744 0.0189952 9.98507E-05 9.98507E-05 0.141939 9.98507E-05 0.0081451 9.98507E-05 0.0232561 9.98507E-05 9.98507E-05 9.98507E-05 9.98507E-05 9.98507E-05 9.98507E-05
9.97896E-05 9.97896E-05 9.97896E-05 9.97896E-05 9.97896E-05 9.97896E-05 9.97896E-05 9.97896E-05 9.97896E-05 9.97896E-05 0.997605 9.97896E-05 9.97896E-05 9.97896E-05 9.97896E-05 9.97896E-05 9.97896E-05 9.97896E-05 9.97896E-05 9.97896E-05 9.97896E-05 9.97896E-05 9.97896E-05 9.97896E-05 9.97896E-05
9.97983E-05 9.97983E-05 9.97983E-05 9.97983E-05 9.97983E-05 9.97983E-05 9.97983E-05 9.97983E-05 9.97983E-05 9.97983E-05 0.958391 9.97983E-05 9.97983E-05 9.97983E-05 9.97983E-05 9.97983E-05 9.97983E-05 9.97983E-05 0.0393134 9.97983E-05 9.97983E-05 9.97983E-05 9.97983E-05 9.97983E-05 9.97983E-05
9.9851E-05 0.127618 0.187713 0.0158881 9.9851E-05 9.9851E-05 9.9851E-05 0.310213 9.9851E-05 9.9851E-05 0.262646 9.9851E-05 9.9851E-05 0.0230446 0.0615668 9.9851E-05 9.9851E-05 9.9851E-05 9.9851E-05 0.00961325 9.9851E-05 9.9851E-05 9.9851E-05 9.9851E-05 9.9851E-05
9.98332E-05 0.175468 9.98332E-05 9.98332E-05 9.98332E-05 9.98332E-05 9.98332E-05 9.98332E-05 0.0845868 9.98332E-05 0.561758 9.98332E-05 9.98332E-05 9.98332E-05 9.98332E-05 9.98332E-05 9.98332E-05 9.98332E-05 0.0921504 0.060084 0.0240562 9.98332E-05 9.98332E-05 9.98332E-05 9.98332E-05
9.98242E-05 0.0476286 9.98242E-05 9.98242E-05 9.98242E-05 0.0270149 9.98242E-05 9.98242E-05 9.98242E-05 9.98242E-05 0.639207 9.98242E-05 9.98242E-05 9.98242E-05 0.245764 9.98242E-05 0.0383889 9.98242E-05 9.98242E-05 9.98242E-05 9.98242E-05 9.98242E-05 9.98242E-05 9.98242E-05 9.98242E-05
9.98332E-05 9.98332E-05 9.98332E-05 9.98332E-05 9.98332E-05 9.98332E-05 9.98332E-05 0.268803 9.98332E-05 9.98332E-05 0.506441 0.0347658 9.98332E-05 9.98332E-05 0.110181 0.0324968 9.98332E-05 9.98332E-05 9.98332E-05 9.98332E-05 9.98332E-05 0.0454157 9.98332E-05 9.98332E-05 9.98332E-05
9.98331E-05 0.127422 0.0466405 9.98331E-05 9.98331E-05 9.98331E-05 9.98331E-05 0.0865675 9.98331E-05 9.98331E-05 0.515842 9.98331E-05 9.98331E-05 9.98331E-05 0.0628229 9.98331E-05 9.98331E-05 9.98331E-05 0.158808 9.98331E-05 9.98331E-05 9.98331E-05 9.98331E-05 9.98331E-05 9.98331E-05
9.9807E-05 9.9807E-05 9.9807E-05 9.9807E-05 9.9807E-05 9.9807E-05 0.00693332 0.000375916 9.9807E-05 9.9807E-05 0.990495 9.9807E-05 9.9807E-05 9.9807E-05 9.9807E-05 9.9807E-05 9.9807E-05 9.9807E-05 9.9807E-05 9.9807E-05 9.9807E-05 9.9807E-05 9.9807E-05 9.9807E-05 9.9807E-05
9.98068E-05 9.98068E-05 9.98068E-05 9.98068E-05 9.98068E-05 9.98068E-05 9.98068E-05 9.98068E-05 9.98068E-05 9.98068E-05 0.964778 0.0217032 9.98068E-05 9.98068E-05 9.98068E-05 9.98068E-05 0.0113231 9.98068E-05 9.98068E-05 9.98068E-05 9.98068E-05 9.98068E-05 9.98068E-05 9.98068E-05 9.98068E-05
9.98418E-05 0.0886873 9.98418E-05 9.98418E-05 9.98418E-05 9.98418E-05 9.98418E-05 9.98418E-05 9.98418E-05 9.98418E-05 0.465377 0.0911503 0.0534209 0.0524231 0.246456 9.98418E-05 9.98418E-05 9.98418E-05 0.000688509 9.98418E-05 9.98418E-05 9.98418E-05 9.98418E-05 9.98418E-05 9.98418E-05
9.9877E-05 9.9877E-05 9.9877E-05 0.179994 9.9877E-05 0.0936441 9.9877E-05 0.0915275 9.9877E-05 9.9877E-05 0.34503 0.030539 9.9877E-05 0.0523243 0.0862801 0.00758192 0.0973777 9.9877E-05 9.9877E-05 0.00701545 9.9877E-05 9.9877E-05 9.9877E-05 9.9877E-05 0.0072876
9.98505E-05 0.137699 0.0478408 9.98505E-05 9.98505E-05 9.98505E-05 9.98505E-05 9.98505E-05 9.98505E-05 9.98505E-05 0.515085 0.0552758 9.98505E-05 0.0035331 9.98505E-05 9.98505E-05 0.120211 9.98505E-05 9.98505E-05 9.98505E-05 9.98505E-05 9.98505E-05 0.0536555 0.065002 9.98505E-05
9.98419E-05 9.98419E-05 9.98419E-05 0.136604 9.98419E-05 9.98419E-05 9.98419E-05 0.0682983 9.98419E-05 9.98419E-05 0.44687 9.98419E-05 9.98419E-05 0.0344796 0.247468 9.98419E-05 9.98419E-05 9.98419E-05 9.98419E-05 0.02558 9.98419E-05 9.98419E-05 0.0389028 9.98419E-05 9.98419E-05
9.98073E-05 9.98073E-05 9.98073E-05 9.98073E-05 9.98073E-05 9.98073E-05 9.98073E-05 9.98073E-05 0.0346142 9.98073E-05 0.934869 9.98073E-05 9.98073E-05 9.98073E-05 9.98073E-05 9.98073E-05 9.98073E-05 9.98073E-05 9.98073E-05 0.028321 9.98073E-05 9.98073E-05 9.98073E-05 9.98073E-05 9.98073E-05
9.98159E-05 0.0934892 9.98159E-05 9.98159E-05 9.98159E-05 9.98159E-05 9.98159E-05 9.98159E-05 9.98159E-05 9.98159E-05 0.888183 9.98159E-05 9.98159E-05 9.98159E-05 0.0029363 9.98159E-05 9.98159E-05 9.98159E-05 9.98159E-05 9.98159E-05 9.98159E-05 0.0132949 9.98159E-05 9.98159E-05 9.98159E-05
9.98418E-05 9.98418E-05 0.135701 9.98418E-05 9.98418E-05 9.98418E-05 9.98418E-05 0.0672557 9.98418E-05 9.98418E-05 0.486021 9.98418E-05 9.98418E-05 0.18514 9.98418E-05 9.98418E-05 9.98418E-05 9.98418E-05 0.0513127 0.0656049 9.98418E-05 0.00716751 9.98418E-05 9.98418E-05 9.98418E-05
9.98507E-05 0.0805216 9.98507E-05 0.108525 9.98507E-05 9.98507E-05 9.98507E-05 9.98507E-05 9.98507E-05 9.98507E-05 0.518635 0.0574318 0.100079 0.107407 9.98507E-05 9.98507E-05 0.0233585 9.98507E-05 9.98507E-05 9.98507E-05 9.98507E-05 9.98507E-05 9.98507E-05 9.98507E-05 0.00234527
9.98104E-05 0.0101624 9.98104E-05 9.98104E-05 9.98104E-05 9.98104E-05 9.98104E-05 9.98104E-05 9.98104E-05 9.98104E-05 0.764166 0.0233288 9.98104E-05 0.0376144 0.0658276 9.98104E-05 9.98104E-05 9.98104E-05 0.0970048 9.98104E-05 9.98104E-05 9.98104E-05 9.98104E-05 9.98104E-05 9.98104E-05
9.98242E-05 9.98242E-05 9.98242E-05 9.98242E-05 9.98242E-05 9.98242E-05 9.98242E-05 9.98242E-05 9.98242E-05 9.98242E-05 0.665587 0.00346398 9.98242E-05 9.98242E-05 0.234215 9.98242E-05 0.0114488 9.98242E-05 9.98242E-05 9.98242E-05 9.98242E-05 9.98242E-05 9.98242E-05 0.0832887 9.98242E-05
0.0351136 9.98161E-05 9.98161E-05 9.98161E-05 9.98161E-05 9.98161E-05 9.98161E-05 9.98161E-05 0.019484 9.98161E-05 0.908763 9.98161E-05 9.98161E-05 9.98161E-05 9.98161E-05 9.98161E-05 9.98161E-05 9.98161E-05 9.98161E-05 0.0345435 9.98161E-05 9.98161E-05 9.98161E-05 9.98161E-05 9.98161E-05
9.98505E-05 9.98505E-05 0.0792031 0.204303 9.98505E-05 0.0636434 9.98505E-05 9.98505E-05 9.98505E-05 9.98505E-05 0.573681 9.98505E-05 9.98505E-05 0.0260468 0.00356255 9.98505E-05 9.98505E-05 9.98505E-05 0.0155951 0.0322673 9.98505E-05 9.98505E-05 9.98505E-05 9.98505E-05 9.98505E-05
0.034965 9.98509E-05 0.187437 0.0243288 9.98509E-05 0.0228715 9.98509E-05 9.98509E-05 9.98509E-05 9.98509E-05 0.582523 9.98509E-05 9.98509E-05 9.98509E-05 0.10224 9.98509E-05 0.0246257 9.98509E-05 0.0193111 9.98509E-05 9.98509E-05 9.98509E-05 9.98509E-05 9.98509E-05 9.98509E-05
9.98334E-05 0.111934 9.98334E-05 9.98334E-05 9.98334E-05 9.98334E-05 0.0327404 9.98334E-05 9.98334E-05 9.98334E-05 0.641555 9.98334E-05 9.98334E-05 0.172444 9.98334E-05 9.98334E-05 9.98334E-05 9.98334E-05 0.0248554 9.98334E-05 9.98334E-05 9.98334E-05 0.0145745 9.98334E-05 9.98334E-05
9.98155E-05 9.98155E-05 9.98155E-05 9.98155E-05 9.98155E-05 9.98155E-05 9.98155E-05 9.98155E-05 9.98155E-05 9.98155E-05 0.754133 0.110156 9.98155E-05 9.98155E-05 0.0246742 9.98155E-05 0.108941 9.98155E-05 9.98155E-05 9.98155E-05 9.98155E-05 9.98155E-05 9.98155E-05 9.98155E-05 9.98155E-05
9.98161E-05 0.0651267 9.98161E-05 9.98161E-05 9.98161E-05 9.98161E-05 9.98161E-05 0.040291 9.98161E-05 9.98161E-05 0.835678 9.98161E-05 9.98161E-05 9.98161E-05 0.0568079 9.98161E-05 9.98161E-05 9.98161E-05 9.98161E-05 9.98161E-05 9.98161E-05 9.98161E-05 9.98161E-05 9.98161E-05 9.98161E-05
9.97985E-05 9.97985E-05 9.97985E-05 9.97985E-05 9.97985E-05 9.97985E-05 9.97985E-05 9.97985E-05 9.97985E-05 9.97985E-05 0.967641 9.97985E-05 9.97985E-05 9.97985E-05 9.97985E-05 9.97985E-05 0.030064 9.97985E-05 9.97985E-05 9.97985E-05 9.97985E-05 9.97985E-05 9.97985E-05 9.97985E-05 9.97985E-05
9.97985E-05 9.97985E-05 9.97985E-05 9.97985E-05 9.97985E-05 9.97985E-05 9.97985E-05 9.97985E-05 9.97985E-05 9.97985E-05 0.986872 9.97985E-05 9.97985E-05 9.97985E-05 0.0108329 9.97985E-05 9.97985E-05 9.97985E-05 9.97985E-05 9.97985E-05 9.97985E-05 9.97985E-05 9.97985E-05 9.97985E-05 9.97985E-05
9.9807E-05 9.9807E-05 9.9807E-05 9.9807E-05 9.9807E-05 9.9807E-05 9.9807E-05 9.9807E-05 9.9807E-05 9.9807E-05 0.871314 9.9807E-05 9.9807E-05 9.9807E-05 9.9807E-05 9.9807E-05 0.016988 9.9807E-05 0.109502 9.9807E-05 9.9807E-05 9.9807E-05 9.9807E-05 9.9807E-05 9.9807E-05
0.227691 0.0881498 9.98335E-05 9.98335E-05 9.98335E-05 9.98335E-05 9.98335E-05 9.98335E-05 9.98335E-05 9.98335E-05 0.578608 9.98335E-05 9.98335E-05 9.98335E-05 0.0711232 9.98335E-05 9.98335E-05 9.98335E-05 9.98335E-05 9.98335E-05 9.98335E-05 9.98335E-05 0.00041731 0.0321135 9.98335E-05
9.98158E-05 0.112106 0.775318 9.98158E-05 9.98158E-05 9.98158E-05 9.98158E-05 9.98158E-05 9.98158E-05 9.98158E-05 9.98158E-05 9.98158E-05 9.98158E-05 9.98158E-05 0.10526 9.98158E-05 9.98158E-05 9.98158E-05 9.98158E-05 9.98158E-05 9.98158E-05 9.98158E-05 0.00522019 9.98158E-05 9.98158E-05
0.38107 9.98159E-05 0.427798 9.98159E-05 0.138728 9.98159E-05 9.98159E-05 9.98159E-05 9.98159E-05 9.98159E-05 9.98159E-05 9.98159E-05 9.98159E-05 9.98159E-05 0.0503085 9.98159E-05 9.98159E-05 9.98159E-05 9.98159E-05 9.98159E-05 9.98159E-05 9.98159E-05 9.98159E-05 9.98159E-05 9.98159E-05
9.98245E-05 9.98245E-05 0.912176 9.98245E-05 9.98245E-05 9.98245E-05 9.98245E-05 9.98245E-05 0.0550794 9.98245E-05 9.98245E-05 0.00276877 9.98245E-05 9.98245E-05 0.00493542 9.98245E-05 9.98245E-05 9.98245E-05 0.0230437 9.98245E-05 9.98245E-05 9.98245E-05 9.98245E-05 9.98245E-05 9.98245E-05
9.98155E-05 0.0485639 0.87374 9.98155E-05 9.98155E-05 9.98155E-05 9.98155E-05 9.98155E-05 9.98155E-05 9.98155E-05 9.98155E-05 0.0109565 9.98155E-05 9.98155E-05 0.0646434 9.98155E-05 9.98155E-05 9.98155E-05 9.98155E-05 9.98155E-05 9.98155E-05 9.98155E-05 9.98155E-05 9.98155E-05 9.98155E-05
9.98155E-05 0.0578711 0.931626 9.98155E-05 9.98155E-05 9.98155E-05 9.98155E-05 9.98155E-05 0.0077072 9.98155E-05 9.98155E-05 9.98155E-05 0.000699494 9.98155E-05 9.98155E-05 9.98155E-05 9.98155E-05 9.98155E-05 9.98155E-05 9.98155E-05 9.98155E-05 9.98155E-05 9.98155E-05 9.98155E-05 9.98155E-05
9.98247E-05 0.145832 0.629827 9.98247E-05 9.98247E-05 9.98247E-05 9.98247E-05 0.0231895 9.98247E-05 9.98247E-05 9.98247E-05 9.98247E-05 9.98247E-05 9.98247E-05 0.167627 0.0315278 9.98247E-05 9.98247E-05 9.98247E-05 9.98247E-05 9.98247E-05 9.98247E-05 9.98247E-05 9.98247E-05 9.98247E-05
0.0651658 0.117921 0.622657 0.0592366 9.98332E-05 9.98332E-05 9.98332E-05 9.98332E-05 9.98332E-05 9.98332E-05 9.98332E-05 9.98332E-05 9.98332E-05 9.98332E-05 0.0530746 9.98332E-05 0.0800476 9.98332E-05 9.98332E-05 9.98332E-05 9.98332E-05 9.98332E-05 9.98332E-05 9.98332E-05 9.98332E-05
9.97981E-05 0.200645 0.79706 9.97981E-05 9.97981E-05 9.97981E-05 9.97981E-05 9.97981E-05 9.97981E-05 9.97981E-05 9.97981E-05 9.97981E-05 9.97981E-05 9.97981E-05 9.97981E-05 9.97981E-05 9.97981E-05 9.97981E-05 9.97981E-05 9.97981E-05 9.97981E-05 9.97981E-05 9.97981E-05 9.97981E-05 9.97981E-05
9.98332E-05 0.355218 0.346048 0.000111287 9.98332E-05 9.98332E-05 9.98332E-05 0.248452 9.98332E-05 9.98332E-05 9.98332E-05 9.98332E-05 9.98332E-05 9.98332E-05 9.98332E-05 9.98332E-05 0.00922549 9.98332E-05 9.98332E-05 9.98332E-05 9.98332E-05 9.98332E-05 9.98332E-05 9.98332E-05 0.0390481
9.98332E-05 0.196145 0.47914 9.98332E-05 9.98332E-05 9.98332E-05 9.98332E-05 9.98332E-05 9.98332E-05 9.98332E-05 9.98332E-05 9.98332E-05 9.98332E-05 9.98332E-05 0.233675 0.0308817 0.0402629 9.98332E-05 9.98332E-05 9.98332E-05 9.98332E-05 9.98332E-05 9.98332E-05 9.98332E-05 0.0179987
9.98071E-05 9.98071E-05 0.516905 9.98071E-05 0.311636 9.98071E-05 9.98071E-05 0.169263 9.98071E-05 9.98071E-05 9.98071E-05 9.98071E-05 9.98071E-05 9.98071E-05 9.98071E-05 9.98071E-05 9.98071E-05 9.98071E-05 9.98071E-05 9.98071E-05 9.98071E-05 9.98071E-05 9.98071E-05 9.98071E-05 9.98071E-05
9.98246E-05 9.98246E-05 0.589686 9.98246E-05 0.157625 9.98246E-05 9.98246E-05 0.129797 9.98246E-05 9.98246E-05 9.98246E-05 0.0655218 9.98246E-05 9.98246E-05 0.0553742 9.98246E-05 9.98246E-05 9.98246E-05 9.98246E-05 9.98246E-05 9.98246E-05 9.98246E-05 9.98246E-05 9.98246E-05 9.98246E-05
0.0834615 0.105647 0.780816 9.98159E-05 9.98159E-05 9.98159E-05 9.98159E-05 9.98159E-05 9.98159E-05 9.98159E-05 9.98159E-05 0.0279792 9.98159E-05 9.98159E-05 9.98159E-05 9.98159E-05 9.98159E-05 9.98159E-05 9.98159E-05 9.98159E-05 9.98159E-05 9.98159E-05 9.98159E-05 9.98159E-05 9.98159E-05
0.0679785 0.102589 0.645847 9.98335E-05 0.00233507 9.98335E-05 9.98335E-05 9.98335E-05 9.98335E-05 9.98335E-05 9.98335E-05 9.98335E-05 0.0208875 9.98335E-05 0.158467 9.98335E-05 9.98335E-05 9.98335E-05 9.98335E-05 9.98335E-05 9.98335E-05 9.98335E-05 9.98335E-05 9.98335E-05 9.98335E-05
0.0120882 0.083166 0.596304 9.98334E-05 0.1058 9.98334E-05 9.98334E-05 9.98334E-05 9.98334E-05 9.98334E-05 9.98334E-05 9.98334E-05 0.116059 9.98334E-05 9.98334E-05 9.98334E-05 9.98334E-05 9.98334E-05 0.0846858 9.98334E-05 9.98334E-05 9.98334E-05 9.98334E-05 9.98334E-05 9.98334E-05
9.98334E-05 0.0287614 0.657129 9.98334E-05 9.98334E-05 9.98334E-05 9.98334E-05 0.144374 9.98334E-05 9.98334E-05 9.98334E-05 9.98334E-05 9.98334E-05 9.98334E-05 0.106098 0.0414938 0.0202476 9.98334E-05 9.98334E-05 9.98334E-05 9.98334E-05 9.98334E-05 9.98334E-05 9.98334E-05 9.98334E-05
0.0895098 0.0360601 0.438795 9.98596E-05 0.0107222 0.0700718 9.98596E-05 0.209624 9.98596E-05 9.98596E-05 9.98596E-05 9.98596E-05 9.98596E-05 9.98596E-05 0.12483 9.98596E-05 9.98596E-05 9.98596E-05 0.0118124 9.98596E-05 0.00697612 9.98596E-05 9.98596E-05 9.98596E-05 9.98596E-05
9.98423E-05 0.0816182 0.656048 0.0706056 0.0681249 9.98423E-05 9.98423E-05 9.98423E-05 9.98423E-05 0.0277884 9.98423E-05 9.98423E-05 0.0545782 9.98423E-05 9.98423E-05 0.0394389 9.98423E-05 9.98423E-05 9.98423E-05 9.98423E-05 9.98423E-05 9.98423E-05 9.98423E-05 9.98423E-05 9.98423E-05
9.98071E-05 0.00616475 0.896932 9.98071E-05 0.0947079 9.98071E-05 9.98071E-05 9.98071E-05 9.98071E-05 9.98071E-05 9.98071E-05 9.98071E-05 9.98071E-05 9.98071E-05 9.98071E-05 9.98071E-05 9.98071E-05 9.98071E-05 9.98071E-05 9.98071E-05 9.98071E-05 9.98071E-05 9.98071E-05 9.98071E-05 9.98071E-05
9.98683E-05 0.0854797 0.378177 9.98683E-05 0.282944 0.0560808 9.98683E-05 9.98683E-05 9.98683E-05 9.98683E-05 9.98683E-05 0.00779108 0.00212505 9.98683E-05 0.0761845 0.00946543 9.98683E-05 9.98683E-05 9.98683E-05 9.98683E-05 0.0988296 0.00142492 9.98683E-05 9.98683E-05 9.98683E-05
9.98422E-05 0.00982124 0.762168 9.98422E-05 0.0388576 9.98422E-05 9.98422E-05 0.0918348 9.98422E-05 9.98422E-05 9.98422E-05 9.98422E-05 0.0209738 9.98422E-05 0.0611959 0.0133511 9.98422E-05 9.98422E-05 9.98422E-05 9.98422E-05 9.98422E-05 9.98422E-05 9.98422E-05 9.98422E-05 9.98422E-05
9.98158E-05 0.0377401 0.934146 9.98158E-05 9.98158E-05 9.98158E-05 9.98158E-05 9.98158E-05 9.98158E-05 9.98158E-05 9.98158E-05 9.98158E-05 9.98158E-05 9.98158E-05 9.98158E-05 9.98158E-05 0.0070419 9.98158E-05 0.0189755 9.98158E-05 9.98158E-05 9.98158E-05 9.98158E-05 9.98158E-05 9.98158E-05
9.98421E-05 0.228795 0.442739 9.98421E-05 9.98421E-05 9.98421E-05 9.98421E-05 0.109708 0.0120813 9.98421E-05 9.98421E-05 0.00470553 9.98421E-05 9.98421E-05 0.143001 9.98421E-05 9.98421E-05 9.98421E-05 9.98421E-05 9.98421E-05 0.0571735 9.98421E-05 9.98421E-05 9.98421E-05 9.98421E-05
0.0452754 0.102027 0.644131 9.98422E-05 0.0589259 9.98422E-05 9.98422E-05 9.98422E-05 0.0528655 9.98422E-05 9.98422E-05 0.00631681 9.98422E-05 9.98422E-05 9.98422E-05 9.98422E-05 9.98422E-05 9.98422E-05 9.98422E-05 9.98422E-05 9.98422E-05 9.98422E-05 9.98422E-05 9.98422E-05 0.0886609
9.98509E-05 0.158003 0.489494 9.98509E-05 9.98509E-05 9.98509E-05 9.98509E-05 0.0225022 0.0181698 9.98509E-05 9.98509E-05 0.000931431 9.98509E-05 9.98509E-05 0.275858 9.98509E-05 9.98509E-05 9.98509E-05 9.98509E-05 0.0251023 0.008242 9.98509E-05 9.98509E-05 9.98509E-05 9.98509E-05
0.33886 0.104306 0.321075 9.98333E-05 9.98333E-05 9.98333E-05 9.98333E-05 9.98333E-05 9.98333E-05 9.98333E-05 9.98333E-05 9.98333E-05 9.98333E-05 9.98333E-05 0.146167 9.98333E-05 0.0872626 9.98333E-05 9.98333E-05 9.98333E-05 9.98333E-05 9.98333E-05 9.98333E-05 0.00043223 9.98333E-05
0.623046 9.98421E-05 0.143489 9.98421E-05 9.98421E-05 0.000957703 0.116776 9.98421E-05 0.0169374 9.98421E-05 9.98421E-05 9.98421E-05 0.0559279 9.98421E-05 0.0410695 9.98421E-05 9.98421E-05 9.98421E-05 9.98421E-05 9.98421E-05 9.98421E-05 9.98421E-05 9.98421E-05 9.98421E-05 9.98421E-05
9.98154E-05 0.0700638 0.903796 9.98154E-05 9.98154E-05 9.98154E-05 9.98154E-05 9.98154E-05 9.98154E-05 9.98154E-05 9.98154E-05 9.98154E-05 9.98154E-05 0.0141096 9.98154E-05 9.98154E-05 9.98154E-05 9.98154E-05 9.98154E-05 9.98154E-05 9.98154E-05 9.98154E-05 9.98154E-05 0.00993434 9.98154E-05
9.98161E-05 0.2314 0.584526 9.98161E-05 9.98161E-05 9.98161E-05 9.98161E-05 0.0424592 9.98161E-05 9.98161E-05 9.98161E-05 9.98161E-05 9.98161E-05 9.98161E-05 0.139518 9.98161E-05 9.98161E-05 9.98161E-05 9.98161E-05 9.98161E-05 9.98161E-05 9.98161E-05 9.98161E-05 9.98161E-05 9.98161E-05
0.121529 9.98334E-05 0.604301 9.98334E-05 9.98334E-05 9.98334E-05 9.98334E-05 9.98334E-05 0.179417 9.98334E-05 9.98334E-05 0.00359123 9.98334E-05 9.98334E-05 0.0636364 9.98334E-05 9.98334E-05 9.98334E-05 9.98334E-05 9.98334E-05 0.025629 9.98334E-05 9.98334E-05 9.98334E-05 9.98334E-05
9.98248E-05 0.0278582 0.768014 9.98248E-05 9.98248E-05 9.98248E-05 9.98248E-05 9.98248E-05 9.98248E-05 9.98248E-05 9.98248E-05 0.0199502 9.98248E-05 9.98248E-05 0.167936 9.98248E-05 9.98248E-05 9.98248E-05 9.98248E-05 9.98248E-05 9.98248E-05 9.98248E-05 9.98248E-05 0.0142455 9.98248E-05
9.97983E-05 9.97983E-05 0.927416 9.97983E-05 9.97983E-05 9.97983E-05 9.97983E-05 9.97983E-05 9.97983E-05 9.97983E-05 9.97983E-05 9.97983E-05 9.97983E-05 9.97983E-05 9.97983E-05 9.97983E-05 9.97983E-05 9.97983E-05 9.97983E-05 9.97983E-05 9.97983E-05 9.97983E-05 9.97983E-05 0.0702891 9.97983E-05
9.98245E-05 0.265077 0.382984 9.98245E-05 9.98245E-05 9.98245E-05 9.98245E-05 9.98245E-05 0.114682 9.98245E-05 9.98245E-05 9.98245E-05 9.98245E-05 9.98245E-05 0.0899102 9.98245E-05 9.98245E-05 9.98245E-05 9.98245E-05 9.98245E-05 0.14535 9.98245E-05 9.98245E-05 9.98245E-05 9.98245E-05
9.98245E-05 0.0307139 0.759708 0.149579 9.98245E-05 0.0401897 9.98245E-05 9.98245E-05 9.98245E-05 9.98245E-05 9.98245E-05 9.98245E-05 9.98245E-05 9.98245E-05 9.98245E-05 9.98245E-05 9.98245E-05 9.98245E-05 9.98245E-05 9.98245E-05 9.98245E-05 9.98245E-05 9.98245E-05 9.98245E-05 0.017813
0.00355951 9.98159E-05 0.966068 9.98159E-05 0.00539209 9.98159E-05 9.98159E-05 9.98159E-05 9.98159E-05 9.98159E-05 9.98159E-05 9.98159E-05 9.98159E-05 9.98159E-05 0.0228841 9.98159E-05 9.98159E-05 9.98159E-05 9.98159E-05 9.98159E-05 9.98159E-05 9.98159E-05 9.98159E-05 9.98159E-05 9.98159E-05
9.9842E-05 0.0520651 0.623678 9.9842E-05 0.18829 9.9842E-05 9.9842E-05 0.0225758 9.9842E-05 9.9842E-05 9.9842E-05 0.000752781 0.0229414 9.9842E-05 9.9842E-05 0.087899 9.9842E-05 9.9842E-05 9.9842E-05 9.9842E-05 9.9842E-05 9.9842E-05 9.9842E-05 9.9842E-05 9.9842E-05
9.98156E-05 0.0932395 0.680893 9.98156E-05 9.98156E-05 9.98156E-05 9.98156E-05 9.98156E-05 9.98156E-05 9.98156E-05 9.98156E-05 9.98156E-05 9.98156E-05 9.98156E-05 0.172672 9.98156E-05 0.0510995 9.98156E-05 9.98156E-05 9.98156E-05 9.98156E-05 9.98156E-05 9.98156E-05 9.98156E-05 9.98156E-05
0.259214 0.0752864 0.198286 9.98245E-05 0.41745 9.98245E-05 9.98245E-05 9.98245E-05 0.0477668 9.98245E-05 9.98245E-05 9.98245E-05 9.98245E-05 9.98245E-05 9.98245E-05 9.98245E-05 9.98245E-05 9.98245E-05 9.98245E-05 9.98245E-05 9.98245E-05 9.98245E-05 9.98245E-05 9.98245E-05 9.98245E-05
0.172581 0.00566977 0.689582 9.98421E-05 0.106725 9.98421E-05 9.98421E-05 9.98421E-05 9.98421E-05 9.98421E-05 9.98421E-05 9.98421E-05 9.98421E-05 9.98421E-05 0.0145563 9.98421E-05 0.00557479 9.98421E-05 9.98421E-05 9.98421E-05 0.00351404 9.98421E-05 9.98421E-05 9.98421E-05 9.98421E-05
0.425998 0.0304667 0.541339 9.98071E-05 9.98071E-05 9.98071E-05 9.98071E-05 9.98071E-05 9.98071E-05 9.98071E-05 9.98071E-05 9.98071E-05 9.98071E-05 9.98071E-05 9.98071E-05 9.98071E-05 9.98071E-05 9.98071E-05 9.98071E-05 9.98071E-05 9.98071E-05 9.98071E-05 9.98071E-05 9.98071E-05 9.98071E-05
9.98159E-05 0.00521977 0.327844 9.98159E-05 0.635456 9.98159E-05 9.98159E-05 9.98159E-05 9.98159E-05 9.98159E-05 9.98159E-05 9.98159E-05 9.98159E-05 9.98159E-05 9.98159E-05 9.98159E-05 9.98159E-05 9.98159E-05 9.98159E-05 9.98159E-05 0.0293843 9.98159E-05 9.98159E-05 9.98159E-05 9.98159E-05
9.98157E-05 0.0934431 0.498346 9.98157E-05 9.98157E-05 9.98157E-05 9.98157E-05 0.106321 9.98157E-05 9.98157E-05 9.98157E-05 9.98157E-05 9.98157E-05 9.98157E-05 0.299794 9.98157E-05 9.98157E-05 9.98157E-05 9.98157E-05 9.98157E-05 9.98157E-05 9.98157E-05 9.98157E-05 9.98157E-05 9.98157E-05
9.98071E-05 0.17054 0.737198 9.98071E-05 9.98071E-05 0.0900659 9.98071E-05 9.98071E-05 9.98071E-05 9.98071E-05 9.98071E-05 9.98071E-05 9.98071E-05 9.98071E-05 9.98071E-05 9.98071E-05 9.98071E-05 9.98071E-05 9.98071E-05 9.98071E-05 9.98071E-05 9.98071E-05 9.98071E-05 9.98071E-05 9.98071E-05
0.522416 0.172224 9.98246E-05 9.98246E-05 0.164425 9.98246E-05 9.98246E-05 9.98246E-05 9.98246E-05 9.98246E-05 9.98246E-05 9.98246E-05 9.98246E-05 9.98246E-05 0.0787839 9.98246E-05 9.98246E-05 9.98246E-05 9.98246E-05 9.98246E-05 0.0601543 9.98246E-05 9.98246E-05 9.98246E-05 9.98246E-05
9.98246E-05 9.98246E-05 0.29979 9.98246E-05 0.588255 9.98246E-05 9.98246E-05 9.98246E-05 9.98246E-05 9.98246E-05 9.98246E-05 9.98246E-05 9.98246E-05 9.98246E-05 0.011888 9.98246E-05 9.98246E-05 0.0672123 9.98246E-05 9.98246E-05 9.98246E-05 9.98246E-05 9.98246E-05 9.98246E-05 0.0308584
9.98508E-05 0.0982367 0.519869 0.0651739 9.98508E-05 9.98508E-05 9.98508E-05 0.104337 0.0638751 9.98508E-05 9.98508E-05 9.98508E-05 9.98508E-05 9.98508E-05 0.0334898 9.98508E-05 9.98508E-05 9.98508E-05 0.0892326 0.0240884 9.98508E-05 9.98508E-05 9.98508E-05 9.98508E-05 9.98508E-05
9.98247E-05 0.0629911 0.610667 9.98247E-05 9.98247E-05 9.98247E-05 9.98247E-05 9.98247E-05 9.98247E-05 9.98247E-05 0.191938 9.98247E-05 9.98247E-05 9.98247E-05 0.0547713 9.98247E-05 0.0776362 9.98247E-05 9.98247E-05 9.98247E-05 9.98247E-05 9.98247E-05 9.98247E-05 9.98247E-05 9.98247E-05
9.98512E-05 0.176815 0.373111 9.98512E-05 0.127575 9.98512E-05 0.064314 0.11967 9.98512E-05 9.98512E-05 9.98512E-05 9.98512E-05 9.98512E-05 9.98512E-05 0.0783338 9.98512E-05 0.0445513 9.98512E-05 9.98512E-05 0.0139324 9.98512E-05 9.98512E-05 9.98512E-05 9.98512E-05 9.98512E-05
9.98509E-05 0.219514 0.449144 0.0371392 9.98509E-05 9.98509E-05 9.98509E-05 9.98509E-05 0.00704018 9.98509E-05 9.98509E-05 0.0323509 9.98509E-05 9.98509E-05 0.215374 9.98509E-05 9.98509E-05 9.98509E-05 9.98509E-05 9.98509E-05 0.0339633 0.00377709 9.98509E-05 9.98509E-05 9.98509E-05
0.420886 9.98158E-05 0.416012 9.98158E-05 0.154139 9.98158E-05 9.98158E-05 9.98158E-05 9.98158E-05 9.98158E-05 9.98158E-05 9.98158E-05 9.98158E-05 9.98158E-05 9.98158E-05 9.98158E-05 9.98158E-05 9.98158E-05 9.98158E-05 9.98158E-05 0.00686712 9.98158E-05 9.98158E-05 9.98158E-05 9.98158E-05
9.98156E-05 9.98156E-05 0.732756 9.98156E-05 9.98156E-05 9.98156E-05 9.98156E-05 9.98156E-05 9.98156E-05 9.98156E-05 9.98156E-05 9.98156E-05 9.98156E-05 9.98156E-05 0.10382 0.148851 9.98156E-05 9.98156E-05 9.98156E-05 0.0124776 9.98156E-05 9.98156E-05 9.98156E-05 9.98156E-05 9.98156E-05
