0.0219511 0.00954307 9.99209E-05 9.99209E-05 0.160604 9.99209E-05 0.2768 9.99209E-05 0.0630407 9.99209E-05 0.387346 9.99209E-05 9.99209E-05 0.0249755 9.99209E-05 9.99209E-05 0.0548398
0.0995109 9.98947E-05 9.98947E-05 9.98947E-05 9.98947E-05 9.98947E-05 0.186953 9.98947E-05 9.98947E-05 9.98947E-05 0.697312 9.98947E-05 0.0115678 9.98947E-05 0.00345733 9.98947E-05 9.98947E-05
9.98947E-05 9.98947E-05 9.98947E-05 9.98947E-05 9.98947E-05 9.98947E-05 9.98947E-05 9.98947E-05 0.00133179 0.0124347 0.872602 0.0195025 0.0929298 9.98947E-05 9.98947E-05 9.98947E-05 9.98947E-05
9.993E-05 0.285994 9.993E-05 0.00787495 0.145646 9.993E-05 9.993E-05 0.0471076 0.0560784 0.146395 0.218802 9.993E-05 0.00787668 9.993E-05 0.0420177 9.993E-05 0.0415087
9.98859E-05 9.98859E-05 9.98859E-05 9.98859E-05 9.98859E-05 9.98859E-05 9.98859E-05 0.058753 9.98859E-05 0.0197777 0.826875 9.98859E-05 0.0932959 9.98859E-05 9.98859E-05 9.98859E-05 9.98859E-05
9.99123E-05 0.0155196 9.99123E-05 0.168558 9.99123E-05 9.99123E-05 0.15812 0.165415 9.99123E-05 0.252969 0.184427 9.99123E-05 9.99123E-05 9.99123E-05 0.0539925 9.99123E-05 9.99123E-05
0.09254 0.159956 9.99299E-05 9.99299E-05 0.0808473 9.99299E-05 0.00356602 0.0846948 0.174386 9.99299E-05 0.232665 0.107595 9.99299E-05 9.99299E-05 9.99299E-05 9.99299E-05 0.06295
9.99298E-05 0.0214173 9.99298E-05 0.149569 0.221701 0.0194373 0.0405609 0.10461 9.99298E-05 9.99298E-05 0.24116 0.0888699 0.111874 9.99298E-05 9.99298E-05 9.99298E-05 9.99298E-05
9.99298E-05 9.99298E-05 9.99298E-05 0.168581 0.0318235 9.99298E-05 0.00509989 9.99298E-05 0.140635 0.122511 0.197864 9.99298E-05 0.0762794 0.247846 0.00856038 9.99298E-05 9.99298E-05
9.98946E-05 9.98946E-05 9.98946E-05 9.98946E-05 9.98946E-05 0.000636666 9.98946E-05 0.0236214 0.0667511 9.98946E-05 0.902536 9.98946E-05 9.98946E-05 0.00525575 9.98946E-05 9.98946E-05 9.98946E-05
9.99034E-05 9.99034E-05 9.99034E-05 0.00669889 0.132712 9.99034E-05 0.0365316 9.99034E-05 0.181285 9.99034E-05 0.508177 9.99034E-05 9.99034E-05 9.99034E-05 9.99034E-05 9.99034E-05 0.133497
9.98771E-05 9.98771E-05 9.98771E-05 9.98771E-05 9.98771E-05 9.98771E-05 9.98771E-05 9.98771E-05 9.98771E-05 9.98771E-05 0.856607 9.98771E-05 0.124618 9.98771E-05 9.98771E-05 9.98771E-05 0.0173766
9.98859E-05 9.98859E-05 9.98859E-05 0.0221996 0.0912387 9.98859E-05 9.98859E-05 9.98859E-05 0.0981589 9.98859E-05 0.787104 9.98859E-05 9.98859E-05 9.98859E-05 9.98859E-05 9.98859E-05 9.98859E-05
9.99123E-05 9.99123E-05 0.0495594 9.99123E-05 9.99123E-05 9.99123E-05 9.99123E-05 9.99123E-05 0.0400674 0.0710524 0.617606 0.0102792 9.99123E-05 9.99123E-05 9.99123E-05 0.131989 0.0784474
9.99123E-05 9.99123E-05 9.99123E-05 0.163737 9.99123E-05 9.99123E-05 0.206839 0.0626002 0.0864251 0.139594 0.2838 9.99123E-05 9.99123E-05 9.99123E-05 9.99123E-05 0.0560052 9.99123E-05
9.99385E-05 0.0515931 9.99385E-05 0.157409 0.0688126 9.99385E-05 0.157645 9.99385E-05 0.0839364 0.0847134 0.1908 0.14921 9.99385E-05 9.99385E-05 9.99385E-05 0.0495771 0.00560454
0.0815664 0.184742 0.118661 9.99123E-05 9.99123E-05 9.99123E-05 9.99123E-05 9.99123E-05 0.0450895 9.99123E-05 0.558092 0.00383935 9.99123E-05 9.99123E-05 9.99123E-05 9.99123E-05 0.00701
9.99386E-05 9.99386E-05 9.99386E-05 0.0338935 0.173947 0.146195 0.221418 0.0402218 0.142568 0.000117054 0.13949 9.99386E-05 9.99386E-05 0.00978398 0.0916651 9.99386E-05 9.99386E-05
9.98946E-05 9.98946E-05 9.98946E-05 0.128918 0.180799 9.98946E-05 9.98946E-05 0.177674 0.177293 9.98946E-05 0.334117 9.98946E-05 9.98946E-05 9.98946E-05 9.98946E-05 9.98946E-05 9.98946E-05
9.98771E-05 9.98771E-05 9.98771E-05 9.98771E-05 9.98771E-05 9.98771E-05 9.98771E-05 0.00301323 9.98771E-05 9.98771E-05 0.905868 9.98771E-05 9.98771E-05 9.98771E-05 0.0897207 9.98771E-05 9.98771E-05
9.99561E-05 0.0655517 9.99561E-05 0.100336 0.0143813 9.99561E-05 9.99561E-05 0.0234777 0.0493025 0.00308871 0.485829 9.99561E-05 0.0907115 0.0367473 0.00651985 0.0508308 0.0727231
9.99211E-05 9.99211E-05 9.99211E-05 0.0974468 0.416564 0.0100713 9.99211E-05 0.110816 9.99211E-05 0.106557 0.193152 9.99211E-05 0.0472936 9.99211E-05 9.99211E-05 0.0172006 9.99211E-05
9.98947E-05 9.98947E-05 9.98947E-05 9.98947E-05 9.98947E-05 9.98947E-05 0.115588 9.98947E-05 0.162836 0.0607673 0.577968 9.98947E-05 9.98947E-05 9.98947E-05 9.98947E-05 9.98947E-05 0.0816421
9.98858E-05 9.98858E-05 9.98858E-05 9.98858E-05 0.321608 9.98858E-05 9.98858E-05 9.98858E-05 0.248571 9.98858E-05 0.367832 9.98858E-05 9.98858E-05 0.0606899 9.98858E-05 9.98858E-05 9.98858E-05
9.9921E-05 9.9921E-05 9.9921E-05 0.0246031 0.0950783 9.9921E-05 9.9921E-05 9.9921E-05 0.271506 0.156209 0.223445 9.9921E-05 9.9921E-05 9.9921E-05 0.00822354 0.165793 0.0542425
9.99035E-05 9.99035E-05 9.99035E-05 0.0477477 0.0184229 9.99035E-05 9.99035E-05 9.99035E-05 0.135157 0.0951724 0.698471 9.99035E-05 0.00393038 9.99035E-05 9.99035E-05 9.99035E-05 9.99035E-05
9.99122E-05 9.99122E-05 9.99122E-05 9.99122E-05 0.375875 0.107748 9.99122E-05 9.99122E-05 0.143907 0.299712 0.0475377 0.00857805 9.99122E-05 0.0156443 9.99122E-05 9.99122E-05 9.99122E-05
9.99035E-05 0.181105 9.99035E-05 9.99035E-05 0.117086 9.99035E-05 9.99035E-05 0.0111213 0.00696346 9.99035E-05 0.680846 9.99035E-05 9.99035E-05 9.99035E-05 9.99035E-05 9.99035E-05 0.00177882
9.99122E-05 9.99122E-05 9.99122E-05 9.99122E-05 0.052859 9.99122E-05 0.0752032 9.99122E-05 0.21488 0.0630147 0.550809 9.99122E-05 9.99122E-05 0.0352087 9.99122E-05 9.99122E-05 0.00702641
9.99123E-05 9.99123E-05 0.02146 0.0295202 9.99123E-05 9.99123E-05 9.99123E-05 9.99123E-05 0.0501409 0.0239218 0.813056 9.99123E-05 9.99123E-05 0.0406432 9.99123E-05 9.99123E-05 0.0202585
9.99121E-05 9.99121E-05 9.99121E-05 0.0604228 9.99121E-05 9.99121E-05 0.138273 0.0568268 9.99121E-05 9.99121E-05 0.590581 9.99121E-05 9.99121E-05 9.99121E-05 0.0185387 0.0197865 0.114572
9.99211E-05 0.00581142 9.99211E-05 9.99211E-05 0.0400793 9.99211E-05 0.0268694 0.0620036 0.0894965 0.187701 0.524448 9.99211E-05 9.99211E-05 9.99211E-05 9.99211E-05 9.99211E-05 0.0626921
9.99034E-05 9.99034E-05 9.99034E-05 9.99034E-05 0.164036 9.99034E-05 9.99034E-05 9.99034E-05 0.167833 0.0248517 0.431355 0.0894835 9.99034E-05 9.99034E-05 9.99034E-05 9.99034E-05 0.121342
9.99201E-05 0.0395937 9.99201E-05 9.99201E-05 0.100455 0.0360378 9.99201E-05 9.99201E-05 0.105951 0.193901 0.45884 9.99201E-05 0.0224011 0.024856 9.99201E-05 9.99201E-05 0.0171649
0.0450898 9.99211E-05 9.99211E-05 0.00316952 9.99211E-05 0.00420831 0.00931544 0.032075 9.99211E-05 9.99211E-05 0.768331 9.99211E-05 9.99211E-05 9.99211E-05 0.0695286 9.99211E-05 0.0673826
0.0472916 0.13907 9.99123E-05 9.99123E-05 0.0834317 9.99123E-05 0.0258936 9.99123E-05 9.99123E-05 9.99123E-05 0.598292 9.99123E-05 9.99123E-05 0.0819845 0.0230384 9.99123E-05 9.99123E-05
0.0446567 9.98949E-05 9.98949E-05 0.0414794 9.98949E-05 9.98949E-05 9.98949E-05 0.0806211 9.98949E-05 9.98949E-05 0.799726 9.98949E-05 9.98949E-05 9.98949E-05 9.98949E-05 9.98949E-05 0.0323185
0.0959813 9.99035E-05 0.0033155 0.134292 9.99035E-05 9.99035E-05 9.99035E-05 9.99035E-05 0.0634865 9.99035E-05 0.652544 9.99035E-05 9.99035E-05 9.99035E-05 0.0492816 9.99035E-05 9.99035E-05
0.124286 0.018823 0.0258073 9.99298E-05 0.0632893 9.99298E-05 9.99298E-05 0.051985 0.110245 0.0796036 0.513517 9.99298E-05 9.99298E-05 9.99298E-05 9.99298E-05 9.99298E-05 0.011645
9.99035E-05 9.99035E-05 9.99035E-05 9.99035E-05 0.0847978 9.99035E-05 9.99035E-05 0.0437506 0.125415 0.192042 0.439798 0.113098 9.99035E-05 9.99035E-05 9.99035E-05 9.99035E-05 9.99035E-05
9.99123E-05 9.99123E-05 9.99123E-05 9.99123E-05 0.0744799 9.99123E-05 9.99123E-05 0.0636316 0.0420515 9.99123E-05 0.759909 9.99123E-05 9.99123E-05 0.0290053 9.99123E-05 0.0132159 0.0167083
9.99036E-05 9.99036E-05 9.99036E-05 0.0168583 0.253334 9.99036E-05 0.0760926 9.99036E-05 0.0727687 9.99036E-05 0.56274 9.99036E-05 9.99036E-05 0.0171072 9.99036E-05 9.99036E-05 9.99036E-05
0.0461197 9.98946E-05 0.0889162 9.98946E-05 0.0466221 9.98946E-05 9.98946E-05 0.0155698 9.98946E-05 9.98946E-05 0.801573 9.98946E-05 9.98946E-05 9.98946E-05 9.98946E-05 9.98946E-05 9.98946E-05
9.99123E-05 9.99123E-05 9.99123E-05 0.0894988 0.0870341 0.0325695 0.120349 9.99123E-05 0.186374 9.99123E-05 0.373603 9.99123E-05 9.99123E-05 9.99123E-05 9.99123E-05 9.99123E-05 0.109572
9.99035E-05 0.0820019 9.99035E-05 9.99035E-05 0.419188 9.99035E-05 9.99035E-05 0.0777608 0.132559 9.99035E-05 0.28512 9.99035E-05 9.99035E-05 9.99035E-05 9.99035E-05 9.99035E-05 0.00227154
9.98945E-05 9.98945E-05 9.98945E-05 9.98945E-05 0.0411988 9.98945E-05 9.98945E-05 0.047583 0.0630307 9.98945E-05 0.78274 9.98945E-05 9.98945E-05 9.98945E-05 0.0642492 9.98945E-05 9.98945E-05
9.98947E-05 0.0238448 9.98947E-05 0.00593169 9.98947E-05 9.98947E-05 9.98947E-05 9.98947E-05 0.0760609 9.98947E-05 0.833908 9.98947E-05 9.98947E-05 9.98947E-05 9.98947E-05 9.98947E-05 0.059056
9.9886E-05 9.9886E-05 9.9886E-05 9.9886E-05 9.9886E-05 9.9886E-05 0.0958627 9.9886E-05 0.0806009 9.9886E-05 0.801316 0.020922 9.9886E-05 9.9886E-05 9.9886E-05 9.9886E-05 9.9886E-05
9.99122E-05 0.000404824 9.99122E-05 9.99122E-05 0.164397 9.99122E-05 0.0166369 0.0647282 0.200227 9.99122E-05 0.51549 9.99122E-05 9.99122E-05 9.99122E-05 9.99122E-05 9.99122E-05 0.0371175
9.99211E-05 9.99211E-05 9.99211E-05 0.0318691 0.0104094 9.99211E-05 9.99211E-05 0.124821 0.000588946 9.99211E-05 0.74372 0.0360751 9.99211E-05 9.99211E-05 9.99211E-05 0.016025 0.0355921
9.99298E-05 0.0810506 9.99298E-05 0.0754034 0.00635082 9.99298E-05 0.0679593 9.99298E-05 0.235713 0.132863 0.268041 9.99298E-05 9.99298E-05 0.0153904 9.99298E-05 9.99298E-05 0.116429
9.99123E-05 0.0729626 9.99123E-05 0.0449605 0.144675 9.99123E-05 9.99123E-05 9.99123E-05 9.99123E-05 9.99123E-05 0.532559 9.99123E-05 0.0769455 0.0908047 0.0360939 9.99123E-05 9.99123E-05
0.00547833 9.98947E-05 9.98947E-05 0.0156508 9.98947E-05 0.0801729 9.98947E-05 9.98947E-05 9.98947E-05 9.98947E-05 0.878134 9.98947E-05 9.98947E-05 9.98947E-05 9.98947E-05 0.0193656 9.98947E-05
9.99211E-05 9.99211E-05 9.99211E-05 9.99211E-05 9.99211E-05 0.00228995 0.110215 9.99211E-05 0.0142643 0.028 0.543576 0.228246 0.0525062 9.99211E-05 9.99211E-05 0.0200034 9.99211E-05
9.98772E-05 9.98772E-05 9.98772E-05 9.98772E-05 9.98772E-05 9.98772E-05 9.98772E-05 9.98772E-05 0.104559 9.98772E-05 0.727957 9.98772E-05 9.98772E-05 9.98772E-05 9.98772E-05 0.166086 9.98772E-05
9.98948E-05 9.98948E-05 9.98948E-05 9.98948E-05 9.98948E-05 9.98948E-05 0.0742803 0.0419427 9.98948E-05 0.154307 0.662501 9.98948E-05 9.98948E-05 9.98948E-05 0.0657698 9.98948E-05 9.98948E-05
0.019082 9.99122E-05 9.99122E-05 0.000673786 0.0988056 0.0640567 9.99122E-05 0.105827 0.0283089 9.99122E-05 0.682247 9.99122E-05 9.99122E-05 9.99122E-05 9.99122E-05 9.99122E-05 9.99122E-05
9.98772E-05 0.151273 9.98772E-05 9.98772E-05 9.98772E-05 9.98772E-05 9.98772E-05 9.98772E-05 0.0471127 9.98772E-05 0.800216 9.98772E-05 9.98772E-05 9.98772E-05 9.98772E-05 9.98772E-05 9.98772E-05
9.98946E-05 0.0842191 9.98946E-05 0.0308865 9.98946E-05 9.98946E-05 9.98946E-05 9.98946E-05 0.0174013 9.98946E-05 0.851043 9.98946E-05 9.98946E-05 9.98946E-05 9.98946E-05 9.98946E-05 0.0152511
0.0319483 9.99034E-05 9.99034E-05 9.99034E-05 0.0359249 0.0562491 0.778906 9.99034E-05 0.0603187 9.99034E-05 9.99034E-05 9.99034E-05 9.99034E-05 0.035554 9.99034E-05 9.99034E-05 9.99034E-05
9.98686E-05 0.0629148 9.98686E-05 9.98686E-05 9.98686E-05 9.98686E-05 0.935587 9.98686E-05 9.98686E-05 9.98686E-05 9.98686E-05 9.98686E-05 9.98686E-05 9.98686E-05 9.98686E-05 9.98686E-05 9.98686E-05
9.98771E-05 9.98771E-05 9.98771E-05 9.98771E-05 9.98771E-05 9.98771E-05 0.920353 9.98771E-05 9.98771E-05 9.98771E-05 9.98771E-05 0.00999692 9.98771E-05 9.98771E-05 9.98771E-05 9.98771E-05 0.0682523
0.32768 9.9921E-05 9.9921E-05 0.0837757 9.9921E-05 0.00701532 0.237006 0.0042158 0.0858649 0.241239 9.9921E-05 0.012304 9.9921E-05 9.9921E-05 9.9921E-05 9.9921E-05 9.9921E-05
9.99209E-05 9.99209E-05 9.99209E-05 0.0657593 0.0809306 0.0196901 0.653313 0.0390516 0.0310678 9.99209E-05 9.99209E-05 9.99209E-05 0.0371049 9.99209E-05 0.0721834 9.99209E-05 9.99209E-05
9.98857E-05 9.98857E-05 9.98857E-05 0.0500677 0.124701 9.98857E-05 0.591035 9.98857E-05 0.232897 9.98857E-05 9.98857E-05 9.98857E-05 9.98857E-05 9.98857E-05 9.98857E-05 9.98857E-05 9.98857E-05
0.278701 0.0470252 9.98945E-05 9.98945E-05 9.98945E-05 9.98945E-05 0.555642 9.98945E-05 0.107568 9.98945E-05 9.98945E-05 9.98945E-05 9.98945E-05 9.98945E-05 9.98945E-05 9.98945E-05 0.00986465
0.0600968 9.99033E-05 9.99033E-05 0.0337455 9.99033E-05 0.234878 0.469722 9.99033E-05 0.0996419 0.100816 9.99033E-05 9.99033E-05 9.99033E-05 9.99033E-05 9.99033E-05 9.99033E-05 9.99033E-05
0.0744123 9.98858E-05 9.98858E-05 9.98858E-05 9.98858E-05 0.0012151 0.874428 9.98858E-05 9.98858E-05 9.98858E-05 9.98858E-05 9.98858E-05 9.98858E-05 0.0486462 9.98858E-05 9.98858E-05 9.98858E-05
9.9877E-05 9.9877E-05 9.9877E-05 0.0805818 9.9877E-05 9.9877E-05 0.877232 9.9877E-05 9.9877E-05 9.9877E-05 9.9877E-05 9.9877E-05 9.9877E-05 9.9877E-05 9.9877E-05 9.9877E-05 0.040788
9.99032E-05 9.99032E-05 9.99032E-05 0.0394476 9.99032E-05 0.00251184 0.518562 0.0622543 0.253088 9.99032E-05 9.99032E-05 9.99032E-05 9.99032E-05 9.99032E-05 9.99032E-05 9.99032E-05 0.123038
0.0544174 9.99297E-05 9.99297E-05 0.0356284 0.171389 9.99297E-05 0.373139 0.0154827 0.0938404 9.99297E-05 9.99297E-05 0.0541003 9.99297E-05 9.99297E-05 9.99297E-05 0.135812 0.065392
9.99101E-05 0.0205285 9.99101E-05 0.198229 9.99101E-05 9.99101E-05 0.474855 9.99101E-05 9.99101E-05 0.0135892 9.99101E-05 0.0514277 0.0604121 9.99101E-05 0.029456 9.99101E-05 0.150603
0.053486 9.98945E-05 9.98945E-05 9.98945E-05 0.179045 9.98945E-05 0.495322 0.0554691 0.215479 9.98945E-05 9.98945E-05 9.98945E-05 9.98945E-05 9.98945E-05 9.98945E-05 9.98945E-05 9.98945E-05
9.98773E-05 9.98773E-05 9.98773E-05 9.98773E-05 9.98773E-05 9.98773E-05 0.937602 9.98773E-05 9.98773E-05 0.0461251 9.98773E-05 0.0148745 9.98773E-05 9.98773E-05 9.98773E-05 9.98773E-05 9.98773E-05
9.98772E-05 9.98772E-05 9.98772E-05 0.0373085 9.98772E-05 9.98772E-05 0.952217 9.98772E-05 0.00907671 9.98772E-05 9.98772E-05 9.98772E-05 9.98772E-05 9.98772E-05 9.98772E-05 9.98772E-05 9.98772E-05
9.98857E-05 9.98857E-05 9.98857E-05 9.98857E-05 9.98857E-05 0.00211904 0.688798 0.230836 9.98857E-05 0.0769479 9.98857E-05 9.98857E-05 9.98857E-05 9.98857E-05 9.98857E-05 9.98857E-05 9.98857E-05
9.99034E-05 0.0168209 9.99034E-05 0.0791804 0.079795 9.99034E-05 0.558688 0.122478 9.99034E-05 9.99034E-05 9.99034E-05 9.99034E-05 9.99034E-05 9.99034E-05 9.99034E-05 9.99034E-05 0.141939
9.98946E-05 9.98946E-05 9.98946E-05 9.98946E-05 9.98946E-05 0.053183 0.824294 0.0853227 0.035137 9.98946E-05 9.98946E-05 9.98946E-05 9.98946E-05 9.98946E-05 9.98946E-05 9.98946E-05 0.000864504
0.0278651 9.99032E-05 9.99032E-05 9.99032E-05 9.99032E-05 9.99032E-05 0.670115 0.0184956 0.179449 9.99032E-05 9.99032E-05 0.0955398 9.99032E-05 9.99032E-05 9.99032E-05 9.99032E-05 0.00743621
9.98774E-05 9.98774E-05 0.0232099 9.98774E-05 9.98774E-05 9.98774E-05 0.965722 9.98774E-05 9.98774E-05 9.98774E-05 9.98774E-05 0.0096695 9.98774E-05 9.98774E-05 9.98774E-05 9.98774E-05 9.98774E-05
9.98858E-05 9.98858E-05 9.98858E-05 9.98858E-05 0.283659 9.98858E-05 0.601163 0.0387826 0.0750967 9.98858E-05 9.98858E-05 9.98858E-05 9.98858E-05 9.98858E-05 9.98858E-05 9.98858E-05 9.98858E-05
0.00231707 9.98947E-05 9.98947E-05 9.98947E-05 0.0285833 9.98947E-05 0.64378 9.98947E-05 9.98947E-05 0.303545 9.98947E-05 9.98947E-05 9.98947E-05 9.98947E-05 0.0205761 9.98947E-05 9.98947E-05
9.99122E-05 9.99122E-05 9.99122E-05 0.0546708 9.99122E-05 0.0341155 0.618314 0.215848 0.0546356 9.99122E-05 9.99122E-05 9.99122E-05 9.99122E-05 0.00418907 9.99122E-05 9.99122E-05 0.0172283
9.98682E-05 9.98682E-05 9.98682E-05 9.98682E-05 9.98682E-05 9.98682E-05 0.83684 9.98682E-05 9.98682E-05 9.98682E-05 9.98682E-05 9.98682E-05 9.98682E-05 9.98682E-05 9.98682E-05 9.98682E-05 0.161662
0.0492702 9.9886E-05 9.9886E-05 0.0627463 9.9886E-05 9.9886E-05 0.864013 9.9886E-05 9.9886E-05 9.9886E-05 9.9886E-05 9.9886E-05 9.9886E-05 9.9886E-05 0.0226717 9.9886E-05 9.9886E-05
9.98596E-05 9.98596E-05 9.98596E-05 9.98596E-05 9.98596E-05 9.98596E-05 0.998402 9.98596E-05 9.98596E-05 9.98596E-05 9.98596E-05 9.98596E-05 9.98596E-05 9.98596E-05 9.98596E-05 9.98596E-05 9.98596E-05
9.98596E-05 9.98596E-05 9.98596E-05 9.98596E-05 9.98596E-05 9.98596E-05 0.998402 9.98596E-05 9.98596E-05 9.98596E-05 9.98596E-05 9.98596E-05 9.98596E-05 9.98596E-05 9.98596E-05 9.98596E-05 9.98596E-05
9.98772E-05 9.98772E-05 9.98772E-05 0.0472417 9.98772E-05 0.103969 0.847391 9.98772E-05 9.98772E-05 9.98772E-05 9.98772E-05 9.98772E-05 9.98772E-05 9.98772E-05 9.98772E-05 9.98772E-05 9.98772E-05
9.9886E-05 9.9886E-05 0.123106 0.076678 9.9886E-05 9.9886E-05 0.662052 9.9886E-05 0.136866 9.9886E-05 9.9886E-05 9.9886E-05 9.9886E-05 9.9886E-05 9.9886E-05 9.9886E-05 9.9886E-05
9.98771E-05 9.98771E-05 9.98771E-05 0.142771 9.98771E-05 9.98771E-05 9.98771E-05 9.98771E-05 0.109493 0.746338 9.98771E-05 9.98771E-05 9.98771E-05 9.98771E-05 9.98771E-05 9.98771E-05 9.98771E-05
9.98861E-05 9.98861E-05 0.439 0.0601501 9.98861E-05 9.98861E-05 9.98861E-05 9.98861E-05 0.100098 0.399453 9.98861E-05 9.98861E-05 9.98861E-05 9.98861E-05 9.98861E-05 9.98861E-05 9.98861E-05
9.99034E-05 9.99034E-05 9.99034E-05 9.99034E-05 0.0389028 0.00279356 9.99034E-05 9.99034E-05 0.116779 0.815754 9.99034E-05 9.99034E-05 0.00996936 9.99034E-05 9.99034E-05 9.99034E-05 0.0147022
9.98857E-05 9.98857E-05 9.98857E-05 0.0516019 9.98857E-05 0.0857564 9.98857E-05 9.98857E-05 0.127617 0.733726 9.98857E-05 9.98857E-05 9.98857E-05 9.98857E-05 9.98857E-05 9.98857E-05 9.98857E-05
9.98769E-05 9.98769E-05 9.98769E-05 0.11504 9.98769E-05 9.98769E-05 9.98769E-05 9.98769E-05 9.98769E-05 0.857536 9.98769E-05 9.98769E-05 9.98769E-05 0.0260259 9.98769E-05 9.98769E-05 9.98769E-05
0.0659739 0.0795955 0.00952972 0.15552 9.99034E-05 9.99034E-05 9.99034E-05 9.99034E-05 0.152938 0.535344 9.99034E-05 9.99034E-05 9.99034E-05 9.99034E-05 9.99034E-05 9.99034E-05 9.99034E-05
9.98947E-05 9.98947E-05 9.98947E-05 0.109911 0.041554 0.0686221 9.98947E-05 9.98947E-05 0.0942148 0.6845 9.98947E-05 9.98947E-05 9.98947E-05 9.98947E-05 9.98947E-05 9.98947E-05 9.98947E-05
9.98771E-05 9.98771E-05 9.98771E-05 0.179754 9.98771E-05 9.98771E-05 9.98771E-05 9.98771E-05 0.0138929 0.804955 9.98771E-05 9.98771E-05 9.98771E-05 9.98771E-05 9.98771E-05 9.98771E-05 9.98771E-05
0.22965 9.99033E-05 9.99033E-05 0.30768 0.0328875 9.99033E-05 9.99033E-05 9.99033E-05 0.0480693 0.376017 9.99033E-05 9.99033E-05 9.99033E-05 9.99033E-05 9.99033E-05 9.99033E-05 0.00459717
9.98858E-05 0.00168451 9.98858E-05 0.221777 9.98858E-05 9.98858E-05 9.98858E-05 9.98858E-05 0.260836 0.514404 9.98858E-05 9.98858E-05 9.98858E-05 9.98858E-05 9.98858E-05 9.98858E-05 9.98858E-05
0.293114 9.99035E-05 0.159485 0.0085885 9.99035E-05 9.99035E-05 9.99035E-05 9.99035E-05 0.04739 0.467758 9.99035E-05 9.99035E-05 9.99035E-05 9.99035E-05 9.99035E-05 9.99035E-05 0.022565
0.105227 9.98947E-05 0.121677 9.98947E-05 9.98947E-05 9.98947E-05 9.98947E-05 9.98947E-05 0.0786791 0.690626 9.98947E-05 9.98947E-05 9.98947E-05 9.98947E-05 9.98947E-05 9.98947E-05 0.00259242
9.98685E-05 9.98685E-05 9.98685E-05 0.0317192 9.98685E-05 9.98685E-05 9.98685E-05 9.98685E-05 9.98685E-05 0.966783 9.98685E-05 9.98685E-05 9.98685E-05 9.98685E-05 9.98685E-05 9.98685E-05 9.98685E-05
0.0216264 9.98948E-05 0.0185272 0.16325 9.98948E-05 9.98948E-05 9.98948E-05 9.98948E-05 0.140841 0.654556 9.98948E-05 9.98948E-05 9.98948E-05 9.98948E-05 9.98948E-05 9.98948E-05 9.98948E-05
0.000108485 9.99123E-05 0.0173192 0.0595155 9.99123E-05 0.142269 9.99123E-05 9.99123E-05 9.99123E-05 0.764104 9.99123E-05 0.010145 9.99123E-05 9.99123E-05 9.99123E-05 9.99123E-05 0.00553972
0.042004 0.00713082 9.99123E-05 0.0844496 9.99123E-05 9.99123E-05 9.99123E-05 9.99123E-05 0.135946 0.626407 9.99123E-05 0.0639402 9.99123E-05 9.99123E-05 9.99123E-05 9.99123E-05 0.0391235
0.197939 9.99035E-05 0.00329316 9.99035E-05 9.99035E-05 0.0375961 9.99035E-05 9.99035E-05 0.210227 0.542469 9.99035E-05 9.99035E-05 9.99035E-05 9.99035E-05 0.0073765 9.99035E-05 9.99035E-05
9.99124E-05 0.081047 0.00504012 0.085356 0.00220107 9.99124E-05 9.99124E-05 9.99124E-05 9.99124E-05 0.695752 0.0065783 9.99124E-05 0.123026 9.99124E-05 9.99124E-05 9.99124E-05 9.99124E-05
9.98859E-05 9.98859E-05 9.98859E-05 0.0723637 0.0354459 9.98859E-05 9.98859E-05 9.98859E-05 9.98859E-05 0.884478 9.98859E-05 9.98859E-05 9.98859E-05 9.98859E-05 9.98859E-05 9.98859E-05 0.00641372
9.99035E-05 9.99035E-05 0.171043 0.0570567 9.99035E-05 9.99035E-05 0.02026 9.99035E-05 0.138732 0.560512 9.99035E-05 9.99035E-05 9.99035E-05 9.99035E-05 0.0512973 9.99035E-05 9.99035E-05
0.0577256 0.0127503 9.99035E-05 0.0604441 9.99035E-05 9.99035E-05 9.99035E-05 9.99035E-05 0.0340983 0.75701 9.99035E-05 9.99035E-05 0.0768727 9.99035E-05 9.99035E-05 9.99035E-05 9.99035E-05
9.98947E-05 9.98947E-05 9.98947E-05 0.0423021 9.98947E-05 0.0193256 9.98947E-05 9.98947E-05 0.0218365 0.888012 9.98947E-05 9.98947E-05 9.98947E-05 9.98947E-05 9.98947E-05 9.98947E-05 0.0273246
0.134089 9.98946E-05 9.98946E-05 0.21081 9.98946E-05 9.98946E-05 9.98946E-05 9.98946E-05 0.244412 0.368073 9.98946E-05 9.98946E-05 9.98946E-05 9.98946E-05 0.0414166 9.98946E-05 9.98946E-05
9.9886E-05 9.9886E-05 0.0986623 0.242669 9.9886E-05 9.9886E-05 9.9886E-05 9.9886E-05 9.9886E-05 0.609452 9.9886E-05 9.9886E-05 9.9886E-05 9.9886E-05 9.9886E-05 0.0479181 9.9886E-05
0.0407511 9.99034E-05 9.99034E-05 0.25297 9.99034E-05 9.99034E-05 9.99034E-05 0.0281131 0.160843 0.498 9.99034E-05 9.99034E-05 9.99034E-05 9.99034E-05 0.0182243 9.99034E-05 9.99034E-05
0.0264621 9.99123E-05 0.264042 0.208058 0.0429371 9.99123E-05 9.99123E-05 9.99123E-05 0.144792 0.285819 9.99123E-05 0.0268905 9.99123E-05 9.99123E-05 9.99123E-05 9.99123E-05 9.99123E-05
9.98947E-05 9.98947E-05 0.49718 9.98947E-05 9.98947E-05 9.98947E-05 9.98947E-05 9.98947E-05 0.0840262 0.264901 9.98947E-05 9.98947E-05 9.98947E-05 0.121692 0.0310023 9.98947E-05 9.98947E-05
9.98857E-05 9.98857E-05 9.98857E-05 0.104067 9.98857E-05 9.98857E-05 9.98857E-05 0.0462861 0.0970197 0.751328 9.98857E-05 9.98857E-05 9.98857E-05 9.98857E-05 9.98857E-05 9.98857E-05 9.98857E-05
0.0156979 9.9886E-05 9.9886E-05 0.27608 9.9886E-05 9.9886E-05 9.9886E-05 9.9886E-05 0.169902 0.537022 9.9886E-05 9.9886E-05 9.9886E-05 9.9886E-05 9.9886E-05 9.9886E-05 9.9886E-05
9.9886E-05 9.9886E-05 0.00499503 9.9886E-05 9.9886E-05 9.9886E-05 9.9886E-05 9.9886E-05 0.14752 0.773709 9.9886E-05 9.9886E-05 9.9886E-05 9.9886E-05 0.0724784 9.9886E-05 9.9886E-05
9.9886E-05 9.9886E-05 9.9886E-05 0.0435545 9.9886E-05 9.9886E-05 9.9886E-05 9.9886E-05 0.185331 0.746969 9.9886E-05 9.9886E-05 9.9886E-05 9.9886E-05 9.9886E-05 9.9886E-05 0.022847
9.98947E-05 0.0674276 9.98947E-05 9.98947E-05 9.98947E-05 9.98947E-05 9.98947E-05 9.98947E-05 0.0742771 0.835377 9.98947E-05 0.00329933 9.98947E-05 9.98947E-05 9.98947E-05 9.98947E-05 0.0184204
9.98946E-05 9.98946E-05 9.98946E-05 0.282586 9.98946E-05 9.98946E-05 9.98946E-05 9.98946E-05 0.127241 0.408444 9.98946E-05 9.98946E-05 0.0220654 9.98946E-05 0.158464 9.98946E-05 9.98946E-05
9.98857E-05 9.98857E-05 9.98857E-05 0.00795633 0.180667 9.98857E-05 9.98857E-05 9.98857E-05 0.0332332 0.776845 9.98857E-05 9.98857E-05 9.98857E-05 9.98857E-05 9.98857E-05 9.98857E-05 9.98857E-05
9.98772E-05 0.0442521 9.98772E-05 0.0068396 9.98772E-05 9.98772E-05 9.98772E-05 9.98772E-05 9.98772E-05 0.94751 9.98772E-05 9.98772E-05 9.98772E-05 9.98772E-05 9.98772E-05 9.98772E-05 9.98772E-05
0.00693624 0.0321011 0.0594687 0.0348843 0.0338204 9.9921E-05 9.9921E-05 9.9921E-05 9.9921E-05 0.762735 9.9921E-05 9.9921E-05 9.9921E-05 9.9921E-05 0.00409253 9.9921E-05 0.0650619
9.98946E-05 9.98946E-05 9.98946E-05 0.137899 9.98946E-05 0.0835396 9.98946E-05 9.98946E-05 0.195407 0.533043 9.98946E-05 9.98946E-05 9.98946E-05 9.98946E-05 9.98946E-05 9.98946E-05 0.0489124
9.98946E-05 0.00309855 0.413546 0.0673495 9.98946E-05 9.98946E-05 9.98946E-05 9.98946E-05 9.98946E-05 0.506394 9.98946E-05 9.98946E-05 0.00841352 9.98946E-05 9.98946E-05 9.98946E-05 9.98946E-05
9.98948E-05 9.98948E-05 0.239729 9.98948E-05 9.98948E-05 9.98948E-05 9.98948E-05 9.98948E-05 0.144551 0.575938 9.98948E-05 9.98948E-05 9.98948E-05 9.98948E-05 0.0126436 9.98948E-05 0.0259399
9.98686E-05 9.98686E-05 0.256803 9.98686E-05 9.98686E-05 9.98686E-05 9.98686E-05 9.98686E-05 9.98686E-05 0.741699 9.98686E-05 9.98686E-05 9.98686E-05 9.98686E-05 9.98686E-05 9.98686E-05 9.98686E-05
0.0503821 9.98947E-05 0.393946 0.0413243 9.98947E-05 9.98947E-05 9.98947E-05 9.98947E-05 9.98947E-05 0.484524 9.98947E-05 9.98947E-05 9.98947E-05 9.98947E-05 9.98947E-05 9.98947E-05 0.0286248
0.0877892 9.98858E-05 9.98858E-05 0.0991243 9.98858E-05 9.98858E-05 9.98858E-05 9.98858E-05 0.295737 0.516051 9.98858E-05 9.98858E-05 9.98858E-05 9.98858E-05 9.98858E-05 9.98858E-05 9.98858E-05
9.98859E-05 9.98859E-05 9.98859E-05 0.155952 0.0692385 9.98859E-05 9.98859E-05 9.98859E-05 9.98859E-05 0.66903 9.98859E-05 9.98859E-05 9.98859E-05 9.98859E-05 9.98859E-05 0.104481 9.98859E-05
0.0165918 9.99034E-05 0.517841 0.165592 9.99034E-05 9.99034E-05 9.99034E-05 9.99034E-05 0.0294685 0.197273 9.99034E-05 9.99034E-05 9.99034E-05 9.99034E-05 0.0721344 9.99034E-05 9.99034E-05
9.98772E-05 9.98772E-05 0.413501 9.98772E-05 9.98772E-05 9.98772E-05 9.98772E-05 9.98772E-05 0.0591313 0.525969 9.98772E-05 9.98772E-05 9.98772E-05 9.98772E-05 9.98772E-05 9.98772E-05 9.98772E-05
0.109867 9.98858E-05 9.98858E-05 0.219466 9.98858E-05 9.98858E-05 9.98858E-05 9.98858E-05 9.98858E-05 0.561912 9.98858E-05 9.98858E-05 9.98858E-05 9.98858E-05 0.107456 9.98858E-05 9.98858E-05
9.99122E-05 9.99122E-05 0.0392232 0.126406 9.99122E-05 0.0106192 0.162393 9.99122E-05 0.118786 0.51204 9.99122E-05 9.99122E-05 9.99122E-05 9.99122E-05 9.99122E-05 9.99122E-05 0.0295335
0.212121 9.99211E-05 0.0310935 9.99211E-05 0.0319726 0.047835 9.99211E-05 9.99211E-05 0.0290597 0.495776 9.99211E-05 0.0942962 9.99211E-05 0.0569472 9.99211E-05 9.99211E-05 9.99211E-05
9.99035E-05 9.99035E-05 9.99035E-05 0.270212 0.0321307 9.99035E-05 9.99035E-05 9.99035E-05 0.204504 0.432817 9.99035E-05 9.99035E-05 9.99035E-05 9.99035E-05 0.0337055 9.99035E-05 0.0255322
9.98772E-05 9.98772E-05 0.455439 9.98772E-05 9.98772E-05 9.98772E-05 9.98772E-05 9.98772E-05 0.00916692 0.533996 9.98772E-05 9.98772E-05 9.98772E-05 9.98772E-05 9.98772E-05 9.98772E-05 9.98772E-05
9.9877E-05 0.186307 9.9877E-05 9.9877E-05 9.9877E-05 9.9877E-05 9.9877E-05 9.9877E-05 0.102417 0.709877 9.9877E-05 9.9877E-05 9.9877E-05 9.9877E-05 9.9877E-05 9.9877E-05 9.9877E-05
9.99035E-05 9.99035E-05 0.455126 0.0634145 9.99035E-05 9.99035E-05 9.99035E-05 9.99035E-05 0.0127059 0.391482 9.99035E-05 9.99035E-05 0.0625614 9.99035E-05 9.99035E-05 9.99035E-05 0.0136119
9.98948E-05 9.98948E-05 0.177271 0.135927 9.98948E-05 9.98948E-05 9.98948E-05 9.98948E-05 0.14732 0.521591 9.98948E-05 9.98948E-05 9.98948E-05 9.98948E-05 9.98948E-05 9.98948E-05 0.0166916
9.98771E-05 9.98771E-05 9.98771E-05 0.0860974 9.98771E-05 9.98771E-05 9.98771E-05 9.98771E-05 9.98771E-05 0.784103 9.98771E-05 0.128401 9.98771E-05 9.98771E-05 9.98771E-05 9.98771E-05 9.98771E-05
9.98945E-05 9.98945E-05 9.98945E-05 9.98945E-05 0.0167881 0.0192723 9.98945E-05 0.0157555 9.98945E-05 0.928773 9.98945E-05 9.98945E-05 9.98945E-05 9.98945E-05 9.98945E-05 9.98945E-05 0.0182125
0.21823 9.98858E-05 9.98858E-05 0.216287 9.98858E-05 9.98858E-05 9.98858E-05 9.98858E-05 0.153989 0.410195 9.98858E-05 9.98858E-05 9.98858E-05 9.98858E-05 9.98858E-05 9.98858E-05 9.98858E-05
9.9877E-05 9.9877E-05 9.9877E-05 0.169459 9.9877E-05 9.9877E-05 9.9877E-05 9.9877E-05 0.0812594 0.747884 9.9877E-05 9.9877E-05 9.9877E-05 9.9877E-05 9.9877E-05 9.9877E-05 9.9877E-05
9.9877E-05 9.9877E-05 9.9877E-05 0.0354164 9.9877E-05 9.9877E-05 9.9877E-05 9.9877E-05 9.9877E-05 0.954871 9.9877E-05 9.9877E-05 9.9877E-05 9.9877E-05 9.9877E-05 9.9877E-05 0.00831386
9.98947E-05 9.98947E-05 0.00924834 9.98947E-05 9.98947E-05 9.98947E-05 9.98947E-05 9.98947E-05 0.117925 0.77364 9.98947E-05 9.98947E-05 9.98947E-05 9.98947E-05 0.0498223 9.98947E-05 0.0481664
0.0683324 9.9886E-05 0.0460253 0.145639 9.9886E-05 9.9886E-05 9.9886E-05 9.9886E-05 9.9886E-05 0.738705 9.9886E-05 9.9886E-05 9.9886E-05 9.9886E-05 9.9886E-05 9.9886E-05 9.9886E-05
9.98682E-05 9.98682E-05 9.98682E-05 9.98682E-05 9.98682E-05 9.98682E-05 9.98682E-05 9.98682E-05 0.983092 9.98682E-05 9.98682E-05 9.98682E-05 9.98682E-05 9.98682E-05 0.0154104 9.98682E-05 9.98682E-05
9.98593E-05 9.98593E-05 9.98593E-05 0.998402 9.98593E-05 9.98593E-05 9.98593E-05 9.98593E-05 9.98593E-05 9.98593E-05 9.98593E-05 9.98593E-05 9.98593E-05 9.98593E-05 9.98593E-05 9.98593E-05 9.98593E-05
9.98593E-05 9.98593E-05 9.98593E-05 9.98593E-05 9.98593E-05 9.98593E-05 9.98593E-05 9.98593E-05 0.998402 9.98593E-05 9.98593E-05 9.98593E-05 9.98593E-05 9.98593E-05 9.98593E-05 9.98593E-05 9.98593E-05
9.98593E-05 9.98593E-05 9.98593E-05 0.998402 9.98593E-05 9.98593E-05 9.98593E-05 9.98593E-05 9.98593E-05 9.98593E-05 9.98593E-05 9.98593E-05 9.98593E-05 9.98593E-05 9.98593E-05 9.98593E-05 9.98593E-05
9.98593E-05 9.98593E-05 9.98593E-05 0.998402 9.98593E-05 9.98593E-05 9.98593E-05 9.98593E-05 9.98593E-05 9.98593E-05 9.98593E-05 9.98593E-05 9.98593E-05 9.98593E-05 9.98593E-05 9.98593E-05 9.98593E-05
9.98593E-05 9.98593E-05 9.98593E-05 0.998402 9.98593E-05 9.98593E-05 9.98593E-05 9.98593E-05 9.98593E-05 9.98593E-05 9.98593E-05 9.98593E-05 9.98593E-05 9.98593E-05 9.98593E-05 9.98593E-05 9.98593E-05
9.98594E-05 9.98594E-05 9.98594E-05 9.98594E-05 9.98594E-05 9.98594E-05 9.98594E-05 9.98594E-05 0.998402 9.98594E-05 9.98594E-05 9.98594E-05 9.98594E-05 9.98594E-05 9.98594E-05 9.98594E-05 9.98594E-05
9.98593E-05 9.98593E-05 9.98593E-05 0.998402 9.98593E-05 9.98593E-05 9.98593E-05 9.98593E-05 9.98593E-05 9.98593E-05 9.98593E-05 9.98593E-05 9.98593E-05 9.98593E-05 9.98593E-05 9.98593E-05 9.98593E-05
9.98594E-05 9.98594E-05 9.98594E-05 0.998402 9.98594E-05 9.98594E-05 9.98594E-05 9.98594E-05 9.98594E-05 9.98594E-05 9.98594E-05 9.98594E-05 9.98594E-05 9.98594E-05 9.98594E-05 9.98594E-05 9.98594E-05
9.98593E-05 9.98593E-05 9.98593E-05 9.98593E-05 9.98593E-05 9.98593E-05 9.98593E-05 9.98593E-05 0.998402 9.98593E-05 9.98593E-05 9.98593E-05 9.98593E-05 9.98593E-05 9.98593E-05 9.98593E-05 9.98593E-05
9.98593E-05 9.98593E-05 9.98593E-05 9.98593E-05 9.98593E-05 9.98593E-05 9.98593E-05 9.98593E-05 0.998402 9.98593E-05 9.98593E-05 9.98593E-05 9.98593E-05 9.98593E-05 9.98593E-05 9.98593E-05 9.98593E-05
9.98593E-05 9.98593E-05 9.98593E-05 9.98593E-05 9.98593E-05 9.98593E-05 9.98593E-05 9.98593E-05 0.998402 9.98593E-05 9.98593E-05 9.98593E-05 9.98593E-05 9.98593E-05 9.98593E-05 9.98593E-05 9.98593E-05
9.98593E-05 9.98593E-05 9.98593E-05 0.998402 9.98593E-05 9.98593E-05 9.98593E-05 9.98593E-05 9.98593E-05 9.98593E-05 9.98593E-05 9.98593E-05 9.98593E-05 9.98593E-05 9.98593E-05 9.98593E-05 9.98593E-05
9.98593E-05 9.98593E-05 9.98593E-05 0.998402 9.98593E-05 9.98593E-05 9.98593E-05 9.98593E-05 9.98593E-05 9.98593E-05 9.98593E-05 9.98593E-05 9.98593E-05 9.98593E-05 9.98593E-05 9.98593E-05 9.98593E-05
9.98594E-05 9.98594E-05 9.98594E-05 9.98594E-05 9.98594E-05 9.98594E-05 9.98594E-05 9.98594E-05 0.998402 9.98594E-05 9.98594E-05 9.98594E-05 9.98594E-05 9.98594E-05 9.98594E-05 9.98594E-05 9.98594E-05
9.98592E-05 9.98592E-05 9.98592E-05 9.98592E-05 9.98592E-05 9.98592E-05 9.98592E-05 9.98592E-05 0.998402 9.98592E-05 9.98592E-05 9.98592E-05 9.98592E-05 9.98592E-05 9.98592E-05 9.98592E-05 9.98592E-05
9.99033E-05 9.99033E-05 9.99033E-05 0.0665473 9.99033E-05 9.99033E-05 9.99033E-05 0.189992 0.0929473 0.594584 9.99033E-05 9.99033E-05 9.99033E-05 0.0538818 0.000948206 9.99033E-05 9.99033E-05
9.98593E-05 9.98593E-05 9.98593E-05 9.98593E-05 9.98593E-05 9.98593E-05 9.98593E-05 9.98593E-05 0.998402 9.98593E-05 9.98593E-05 9.98593E-05 9.98593E-05 9.98593E-05 9.98593E-05 9.98593E-05 9.98593E-05
9.98595E-05 9.98595E-05 9.98595E-05 0.998402 9.98595E-05 9.98595E-05 9.98595E-05 9.98595E-05 9.98595E-05 9.98595E-05 9.98595E-05 9.98595E-05 9.98595E-05 9.98595E-05 9.98595E-05 9.98595E-05 9.98595E-05
9.98592E-05 9.98592E-05 9.98592E-05 9.98592E-05 9.98592E-05 9.98592E-05 9.98592E-05 9.98592E-05 0.998402 9.98592E-05 9.98592E-05 9.98592E-05 9.98592E-05 9.98592E-05 9.98592E-05 9.98592E-05 9.98592E-05
9.98594E-05 9.98594E-05 9.98594E-05 9.98594E-05 9.98594E-05 9.98594E-05 9.98594E-05 9.98594E-05 0.998402 9.98594E-05 9.98594E-05 9.98594E-05 9.98594E-05 9.98594E-05 9.98594E-05 9.98594E-05 9.98594E-05
9.98593E-05 9.98593E-05 9.98593E-05 9.98593E-05 9.98593E-05 9.98593E-05 9.98593E-05 9.98593E-05 0.998402 9.98593E-05 9.98593E-05 9.98593E-05 9.98593E-05 9.98593E-05 9.98593E-05 9.98593E-05 9.98593E-05
9.98595E-05 9.98595E-05 9.98595E-05 0.998402 9.98595E-05 9.98595E-05 9.98595E-05 9.98595E-05 9.98595E-05 9.98595E-05 9.98595E-05 9.98595E-05 9.98595E-05 9.98595E-05 9.98595E-05 9.98595E-05 9.98595E-05
9.98594E-05 9.98594E-05 9.98594E-05 9.98594E-05 9.98594E-05 9.98594E-05 9.98594E-05 9.98594E-05 0.998402 9.98594E-05 9.98594E-05 9.98594E-05 9.98594E-05 9.98594E-05 9.98594E-05 9.98594E-05 9.98594E-05
9.98593E-05 9.98593E-05 9.98593E-05 0.998402 9.98593E-05 9.98593E-05 9.98593E-05 9.98593E-05 9.98593E-05 9.98593E-05 9.98593E-05 9.98593E-05 9.98593E-05 9.98593E-05 9.98593E-05 9.98593E-05 9.98593E-05
9.98594E-05 9.98594E-05 9.98594E-05 9.98594E-05 9.98594E-05 9.98594E-05 9.98594E-05 9.98594E-05 0.998402 9.98594E-05 9.98594E-05 9.98594E-05 9.98594E-05 9.98594E-05 9.98594E-05 9.98594E-05 9.98594E-05
9.98592E-05 9.98592E-05 9.98592E-05 9.98592E-05 9.98592E-05 9.98592E-05 9.98592E-05 9.98592E-05 0.998402 9.98592E-05 9.98592E-05 9.98592E-05 9.98592E-05 9.98592E-05 9.98592E-05 9.98592E-05 9.98592E-05
9.98593E-05 9.98593E-05 9.98593E-05 0.998402 9.98593E-05 9.98593E-05 9.98593E-05 9.98593E-05 9.98593E-05 9.98593E-05 9.98593E-05 9.98593E-05 9.98593E-05 9.98593E-05 9.98593E-05 9.98593E-05 9.98593E-05
9.98593E-05 9.98593E-05 9.98593E-05 0.998402 9.98593E-05 9.98593E-05 9.98593E-05 9.98593E-05 9.98593E-05 9.98593E-05 9.98593E-05 9.98593E-05 9.98593E-05 9.98593E-05 9.98593E-05 9.98593E-05 9.98593E-05
9.98593E-05 9.98593E-05 9.98593E-05 0.998402 9.98593E-05 9.98593E-05 9.98593E-05 9.98593E-05 9.98593E-05 9.98593E-05 9.98593E-05 9.98593E-05 9.98593E-05 9.98593E-05 9.98593E-05 9.98593E-05 9.98593E-05
9.98593E-05 9.98593E-05 9.98593E-05 9.98593E-05 9.98593E-05 9.98593E-05 9.98593E-05 9.98593E-05 0.998402 9.98593E-05 9.98593E-05 9.98593E-05 9.98593E-05 9.98593E-05 9.98593E-05 9.98593E-05 9.98593E-05
9.98593E-05 9.98593E-05 9.98593E-05 9.98593E-05 9.98593E-05 9.98593E-05 9.98593E-05 9.98593E-05 0.998402 9.98593E-05 9.98593E-05 9.98593E-05 9.98593E-05 9.98593E-05 9.98593E-05 9.98593E-05 9.98593E-05
9.98593E-05 9.98593E-05 9.98593E-05 9.98593E-05 9.98593E-05 9.98593E-05 9.98593E-05 9.98593E-05 0.998402 9.98593E-05 9.98593E-05 9.98593E-05 9.98593E-05 9.98593E-05 9.98593E-05 9.98593E-05 9.98593E-05
9.98593E-05 9.98593E-05 9.98593E-05 9.98593E-05 9.98593E-05 9.98593E-05 9.98593E-05 9.98593E-05 0.998402 9.98593E-05 9.98593E-05 9.98593E-05 9.98593E-05 9.98593E-05 9.98593E-05 9.98593E-05 9.98593E-05
9.98594E-05 9.98594E-05 9.98594E-05 9.98594E-05 9.98594E-05 9.98594E-05 9.98594E-05 9.98594E-05 0.998402 9.98594E-05 9.98594E-05 9.98594E-05 9.98594E-05 9.98594E-05 9.98594E-05 9.98594E-05 9.98594E-05
9.98594E-05 9.98594E-05 9.98594E-05 0.998402 9.98594E-05 9.98594E-05 9.98594E-05 9.98594E-05 9.98594E-05 9.98594E-05 9.98594E-05 9.98594E-05 9.98594E-05 9.98594E-05 9.98594E-05 9.98594E-05 9.98594E-05
9.98593E-05 9.98593E-05 9.98593E-05 0.998402 9.98593E-05 9.98593E-05 9.98593E-05 9.98593E-05 9.98593E-05 9.98593E-05 9.98593E-05 9.98593E-05 9.98593E-05 9.98593E-05 9.98593E-05 9.98593E-05 9.98593E-05
9.98593E-05 9.98593E-05 9.98593E-05 0.998402 9.98593E-05 9.98593E-05 9.98593E-05 9.98593E-05 9.98593E-05 9.98593E-05 9.98593E-05 9.98593E-05 9.98593E-05 9.98593E-05 9.98593E-05 9.98593E-05 9.98593E-05
9.98594E-05 9.98594E-05 9.98594E-05 9.98594E-05 9.98594E-05 9.98594E-05 9.98594E-05 9.98594E-05 0.998402 9.98594E-05 9.98594E-05 9.98594E-05 9.98594E-05 9.98594E-05 9.98594E-05 9.98594E-05 9.98594E-05
9.98593E-05 9.98593E-05 9.98593E-05 0.998402 9.98593E-05 9.98593E-05 9.98593E-05 9.98593E-05 9.98593E-05 9.98593E-05 9.98593E-05 9.98593E-05 9.98593E-05 9.98593E-05 9.98593E-05 9.98593E-05 9.98593E-05
9.98594E-05 9.98594E-05 9.98594E-05 0.998402 9.98594E-05 9.98594E-05 9.98594E-05 9.98594E-05 9.98594E-05 9.98594E-05 9.98594E-05 9.98594E-05 9.98594E-05 9.98594E-05 9.98594E-05 9.98594E-05 9.98594E-05
9.98593E-05 9.98593E-05 9.98593E-05 0.998402 9.98593E-05 9.98593E-05 9.98593E-05 9.98593E-05 9.98593E-05 9.98593E-05 9.98593E-05 9.98593E-05 9.98593E-05 9.98593E-05 9.98593E-05 9.98593E-05 9.98593E-05
9.98593E-05 9.98593E-05 9.98593E-05 0.998402 9.98593E-05 9.98593E-05 9.98593E-05 9.98593E-05 9.98593E-05 9.98593E-05 9.98593E-05 9.98593E-05 9.98593E-05 9.98593E-05 9.98593E-05 9.98593E-05 9.98593E-05
9.98593E-05 9.98593E-05 9.98593E-05 9.98593E-05 9.98593E-05 9.98593E-05 9.98593E-05 9.98593E-05 0.998402 9.98593E-05 9.98593E-05 9.98593E-05 9.98593E-05 9.98593E-05 9.98593E-05 9.98593E-05 9.98593E-05
9.98594E-05 9.98594E-05 9.98594E-05 0.998402 9.98594E-05 9.98594E-05 9.98594E-05 9.98594E-05 9.98594E-05 9.98594E-05 9.98594E-05 9.98594E-05 9.98594E-05 9.98594E-05 9.98594E-05 9.98594E-05 9.98594E-05
9.98593E-05 9.98593E-05 9.98593E-05 0.998402 9.98593E-05 9.98593E-05 9.98593E-05 9.98593E-05 9.98593E-05 9.98593E-05 9.98593E-05 9.98593E-05 9.98593E-05 9.98593E-05 9.98593E-05 9.98593E-05 9.98593E-05
9.99121E-05 9.99121E-05 9.99121E-05 0.0196497 9.99121E-05 9.99121E-05 9.99121E-05 0.189162 0.117178 0.598395 9.99121E-05 9.99121E-05 9.99121E-05 0.0533873 0.000132423 0.0210963 9.99121E-05
9.98593E-05 9.98593E-05 9.98593E-05 9.98593E-05 9.98593E-05 9.98593E-05 9.98593E-05 9.98593E-05 0.998402 9.98593E-05 9.98593E-05 9.98593E-05 9.98593E-05 9.98593E-05 9.98593E-05 9.98593E-05 9.98593E-05
9.98594E-05 9.98594E-05 9.98594E-05 0.998402 9.98594E-05 9.98594E-05 9.98594E-05 9.98594E-05 9.98594E-05 9.98594E-05 9.98594E-05 9.98594E-05 9.98594E-05 9.98594E-05 9.98594E-05 9.98594E-05 9.98594E-05
9.98594E-05 9.98594E-05 9.98594E-05 0.998402 9.98594E-05 9.98594E-05 9.98594E-05 9.98594E-05 9.98594E-05 9.98594E-05 9.98594E-05 9.98594E-05 9.98594E-05 9.98594E-05 9.98594E-05 9.98594E-05 9.98594E-05
9.98593E-05 9.98593E-05 9.98593E-05 0.998402 9.98593E-05 9.98593E-05 9.98593E-05 9.98593E-05 9.98593E-05 9.98593E-05 9.98593E-05 9.98593E-05 9.98593E-05 9.98593E-05 9.98593E-05 9.98593E-05 9.98593E-05
9.98594E-05 9.98594E-05 9.98594E-05 0.998402 9.98594E-05 9.98594E-05 9.98594E-05 9.98594E-05 9.98594E-05 9.98594E-05 9.98594E-05 9.98594E-05 9.98594E-05 9.98594E-05 9.98594E-05 9.98594E-05 9.98594E-05
9.98593E-05 9.98593E-05 9.98593E-05 9.98593E-05 9.98593E-05 9.98593E-05 9.98593E-05 9.98593E-05 0.998402 9.98593E-05 9.98593E-05 9.98593E-05 9.98593E-05 9.98593E-05 9.98593E-05 9.98593E-05 9.98593E-05
9.98593E-05 9.98593E-05 9.98593E-05 0.998402 9.98593E-05 9.98593E-05 9.98593E-05 9.98593E-05 9.98593E-05 9.98593E-05 9.98593E-05 9.98593E-05 9.98593E-05 9.98593E-05 9.98593E-05 9.98593E-05 9.98593E-05
9.98593E-05 9.98593E-05 9.98593E-05 9.98593E-05 9.98593E-05 9.98593E-05 9.98593E-05 9.98593E-05 0.998402 9.98593E-05 9.98593E-05 9.98593E-05 9.98593E-05 9.98593E-05 9.98593E-05 9.98593E-05 9.98593E-05
9.98593E-05 9.98593E-05 9.98593E-05 0.998402 9.98593E-05 9.98593E-05 9.98593E-05 9.98593E-05 9.98593E-05 9.98593E-05 9.98593E-05 9.98593E-05 9.98593E-05 9.98593E-05 9.98593E-05 9.98593E-05 9.98593E-05
9.98593E-05 9.98593E-05 9.98593E-05 9.98593E-05 9.98593E-05 9.98593E-05 9.98593E-05 9.98593E-05 0.998402 9.98593E-05 9.98593E-05 9.98593E-05 9.98593E-05 9.98593E-05 9.98593E-05 9.98593E-05 9.98593E-05
9.98593E-05 9.98593E-05 9.98593E-05 0.998402 9.98593E-05 9.98593E-05 9.98593E-05 9.98593E-05 9.98593E-05 9.98593E-05 9.98593E-05 9.98593E-05 9.98593E-05 9.98593E-05 9.98593E-05 9.98593E-05 9.98593E-05
