9.99649E-05 9.99649E-05 9.99649E-05 0.103872 0.0558747 9.99649E-05 0.359526 0.014005 0.373578 0.0927449
9.99561E-05 9.99561E-05 9.99561E-05 0.0144895 0.00184513 9.99561E-05 0.132996 9.99561E-05 0.764955 0.0852146
9.99561E-05 9.99561E-05 0.0288952 0.0247999 0.00450894 9.99561E-05 9.99561E-05 0.00883985 0.932456 9.99561E-05
0.0515057 9.99824E-05 0.302862 0.0899971 0.0770315 0.00584209 0.0687408 0.0795 0.324321 9.99824E-05
9.99385E-05 9.99385E-05 0.0853124 9.99385E-05 9.99385E-05 9.99385E-05 9.99385E-05 9.99385E-05 0.867652 0.0463363
0.174208 9.99649E-05 0.214852 9.99649E-05 9.99649E-05 0.0616264 0.25639 9.99649E-05 0.181918 0.110606
9.996E-05 9.996E-05 0.302271 0.0100244 0.145517 9.996E-05 0.129904 9.996E-05 0.321901 0.0899831
0.136421 0.0329613 0.400078 9.99649E-05 0.0293099 9.99649E-05 0.240959 9.99649E-05 0.15987 9.99649E-05
0.297851 9.99737E-05 0.0818324 0.188502 0.00917147 9.99737E-05 9.99737E-05 0.0638308 0.282858 0.075654
9.99297E-05 9.99297E-05 9.99297E-05 0.0195144 9.99297E-05 9.99297E-05 9.99297E-05 9.99297E-05 0.979686 9.99297E-05
0.00844333 9.99561E-05 9.99561E-05 0.222522 0.13573 9.99561E-05 0.0737068 9.99561E-05 0.559098 9.99561E-05
9.99385E-05 9.99385E-05 0.0742775 9.99385E-05 9.99385E-05 9.99385E-05 9.99385E-05 0.0288765 0.896147 9.99385E-05
9.99385E-05 9.99385E-05 9.99385E-05 0.0819999 9.99385E-05 9.99385E-05 0.0718076 9.99385E-05 0.845493 9.99385E-05
9.99561E-05 9.99561E-05 9.99561E-05 0.0588419 0.083175 0.20556 0.0574303 9.99561E-05 0.594493 9.99561E-05
0.0688999 9.99737E-05 0.12192 0.133133 9.99737E-05 0.108356 0.198812 0.050116 0.318464 9.99737E-05
0.164153 0.053719 0.317174 0.080514 9.99648E-05 9.99648E-05 0.18467 9.99648E-05 0.19937 9.99648E-05
9.99561E-05 9.99561E-05 0.0767304 0.0625446 0.0476093 9.99561E-05 9.99561E-05 9.99561E-05 0.695694 0.116922
0.0602358 0.133495 0.0046899 0.126639 0.000283233 9.99824E-05 0.430068 0.112919 0.13147 9.99824E-05
0.168798 9.996E-05 9.996E-05 0.226721 0.0993159 9.996E-05 0.128008 0.0163096 0.360447 9.996E-05
9.99298E-05 9.99298E-05 9.99298E-05 9.99298E-05 9.99298E-05 9.99298E-05 9.99298E-05 0.0833032 0.915897 9.99298E-05
0.155625 9.99649E-05 0.176015 0.020504 0.072733 9.99649E-05 9.99649E-05 0.0362261 0.538497 9.99649E-05
0.190586 0.0292129 0.221674 9.99737E-05 0.0193947 9.99737E-05 0.227659 9.99737E-05 0.29591 0.0152638
0.0226535 9.99561E-05 9.99561E-05 0.138093 0.0842533 9.99561E-05 0.043504 9.99561E-05 0.710997 9.99561E-05
0.0254559 9.99561E-05 0.106811 0.270983 9.99561E-05 9.99561E-05 0.215009 9.99561E-05 0.381242 9.99561E-05
0.131433 9.99649E-05 9.99649E-05 0.353672 0.0388826 0.0206737 9.99649E-05 0.119082 0.335857 9.99649E-05
0.0212732 9.99561E-05 0.0744521 0.14079 9.99561E-05 0.0366258 9.99561E-05 9.99561E-05 0.726359 9.99561E-05
0.0321096 0.0887496 0.0654882 0.170806 0.05845 0.161051 0.384411 0.0300991 0.00873613 9.99912E-05
9.99473E-05 9.99473E-05 0.0819746 0.0665989 0.0347741 9.99473E-05 9.99473E-05 9.99473E-05 0.816053 9.99473E-05
9.99474E-05 9.99474E-05 9.99474E-05 0.216053 9.99474E-05 9.99474E-05 0.111235 0.00549891 0.666613 9.99474E-05
0.020909 9.99649E-05 9.99649E-05 0.109261 0.0332114 0.0956702 9.99649E-05 9.99649E-05 0.681066 0.0594824
0.00715053 0.00258145 9.99736E-05 0.0804744 0.107975 9.99736E-05 0.135458 0.0160972 0.649963 9.99736E-05
9.99561E-05 9.99561E-05 0.101435 0.082356 9.99561E-05 0.0847586 0.199658 9.99561E-05 0.531292 9.99561E-05
0.0270859 9.99736E-05 0.0105087 0.169934 0.101769 0.00270537 0.226155 9.99736E-05 0.461543 9.99736E-05
9.99649E-05 0.042162 0.0711313 0.171284 0.0258941 0.19677 9.99649E-05 9.99649E-05 0.492359 9.99649E-05
0.0172705 9.99474E-05 9.99474E-05 9.99474E-05 0.0711544 9.99474E-05 9.99474E-05 9.99474E-05 0.770695 0.14028
0.027992 9.99824E-05 0.0353144 0.0263899 0.0157659 9.99824E-05 0.110024 0.0299622 0.740113 0.0142383
9.99386E-05 9.99386E-05 0.110676 9.99386E-05 9.99386E-05 9.99386E-05 9.99386E-05 9.99386E-05 0.880078 0.00854632
0.110803 9.99474E-05 9.99474E-05 0.0537583 9.99474E-05 9.99474E-05 9.99474E-05 0.134628 0.700212 9.99474E-05
9.99649E-05 9.99649E-05 0.0469816 0.191684 0.0334104 0.0750527 9.99649E-05 9.99649E-05 0.568547 0.0839237
9.99561E-05 9.99561E-05 0.187118 0.204685 0.0517526 0.0552268 9.99561E-05 9.99561E-05 0.500718 9.99561E-05
0.01467 9.99474E-05 9.99474E-05 0.0581064 0.0609523 9.99474E-05 9.99474E-05 9.99474E-05 0.865672 9.99474E-05
9.99386E-05 9.99386E-05 9.99386E-05 0.148314 9.99386E-05 9.99386E-05 0.220153 9.99386E-05 0.630834 9.99386E-05
9.99386E-05 9.99386E-05 9.99386E-05 9.99386E-05 9.99386E-05 0.0194828 9.99386E-05 9.99386E-05 0.92315 0.0566675
0.122461 9.99649E-05 9.99649E-05 0.162563 0.0595821 9.99649E-05 0.212432 9.99649E-05 0.42663 0.0159319
9.99649E-05 9.99649E-05 0.141745 0.299288 0.0685978 9.99649E-05 0.12756 0.0107349 0.351675 9.99649E-05
9.99385E-05 9.99385E-05 9.99385E-05 0.04138 9.99385E-05 9.99385E-05 9.99385E-05 0.0695636 0.888357 9.99385E-05
0.0294493 0.029884 9.99561E-05 0.0519161 9.99561E-05 9.99561E-05 9.99561E-05 0.0320505 0.8562 9.99561E-05
9.99386E-05 9.99386E-05 0.0327012 0.0145957 9.99386E-05 9.99386E-05 9.99386E-05 9.99386E-05 0.952004 9.99386E-05
9.99473E-05 9.99473E-05 9.99473E-05 0.178752 0.0341567 9.99473E-05 0.146771 9.99473E-05 0.639721 9.99473E-05
9.9965E-05 0.0568396 0.112995 9.9965E-05 0.0247242 9.9965E-05 9.9965E-05 0.00427239 0.777298 0.0234712
0.0945297 9.99737E-05 0.0561455 0.213605 0.153657 0.111634 9.99737E-05 0.0215217 0.348608 9.99737E-05
0.0258876 9.99474E-05 0.206423 9.99474E-05 9.99474E-05 9.99474E-05 9.99474E-05 0.0599357 0.707154 9.99474E-05
9.99473E-05 0.0685488 9.99473E-05 0.0735714 9.99473E-05 9.99473E-05 9.99473E-05 9.99473E-05 0.856063 0.00121754
0.00305676 0.0706618 0.142005 0.0509469 0.00273304 9.99737E-05 9.99737E-05 0.0490956 0.681201 9.99737E-05
9.99474E-05 9.99474E-05 0.038151 0.131919 9.99474E-05 9.99474E-05 9.99474E-05 0.0738949 0.755436 9.99474E-05
9.99562E-05 9.99562E-05 0.0869695 9.99562E-05 0.0411584 0.090514 9.99562E-05 0.0857416 0.695117 9.99562E-05
9.99649E-05 0.0354234 0.0618 0.0594195 0.0331755 9.99649E-05 9.99649E-05 9.99649E-05 0.773577 0.0362047
9.99386E-05 9.99386E-05 9.99386E-05 0.0710172 0.060485 9.99386E-05 9.99386E-05 9.99386E-05 0.867798 9.99386E-05
0.0151186 9.99473E-05 9.99473E-05 0.0327351 9.99473E-05 9.99473E-05 9.99473E-05 9.99473E-05 0.908896 0.0426505
0.0232517 0.0614326 9.9956E-05 0.223668 9.9956E-05 9.9956E-05 0.621292 9.9956E-05 9.9956E-05 0.069856
9.99211E-05 9.99211E-05 9.99211E-05 9.99211E-05 9.99211E-05 9.99211E-05 0.999101 9.99211E-05 9.99211E-05 9.99211E-05
9.99474E-05 0.102385 9.99474E-05 9.99474E-05 9.99474E-05 9.99474E-05 0.82226 9.99474E-05 0.0169222 0.0578328
0.125356 0.103237 9.99824E-05 0.103161 0.0213952 0.104957 0.254599 0.00332288 9.99824E-05 0.283772
0.0749944 0.0678334 9.9956E-05 0.107314 9.9956E-05 9.9956E-05 0.672019 0.0773388 9.9956E-05 9.9956E-05
0.109709 9.99615E-05 9.99615E-05 0.194442 0.0388393 9.99615E-05 0.636487 9.99615E-05 9.99615E-05 0.0200228
9.99473E-05 9.99473E-05 9.99473E-05 0.186134 0.0461524 9.99473E-05 0.393837 9.99473E-05 9.99473E-05 0.373277
0.0708626 0.159164 9.99561E-05 0.138534 9.99561E-05 9.99561E-05 0.447317 9.99561E-05 9.99561E-05 0.183623
9.99386E-05 9.99386E-05 9.99386E-05 0.0769003 9.99386E-05 9.99386E-05 0.843986 9.99386E-05 9.99386E-05 0.0784146
9.99386E-05 9.99386E-05 9.99386E-05 0.0972136 0.0500577 9.99386E-05 0.852029 9.99386E-05 9.99386E-05 9.99386E-05
0.0369711 0.0321717 9.99561E-05 0.402008 0.19638 9.99561E-05 0.33197 9.99561E-05 9.99561E-05 9.99561E-05
9.99736E-05 0.0888957 0.0682815 0.0813558 0.0500122 9.99736E-05 0.614055 0.0212937 9.99736E-05 0.0758059
0.175992 9.99561E-05 0.184931 0.0916921 0.175972 9.99561E-05 0.370913 9.99561E-05 9.99561E-05 9.99561E-05
9.99472E-05 9.99472E-05 0.0179459 0.263208 9.99472E-05 9.99472E-05 0.642148 9.99472E-05 9.99472E-05 0.0760991
9.99386E-05 9.99386E-05 9.99386E-05 9.99386E-05 9.99386E-05 0.122811 0.846508 9.99386E-05 9.99386E-05 0.0299811
0.0173126 9.99562E-05 9.99562E-05 0.114477 0.00130743 9.99562E-05 0.811224 9.99562E-05 9.99562E-05 0.055179
9.995E-05 0.126951 0.101915 0.100773 9.995E-05 9.995E-05 0.632498 9.995E-05 9.995E-05 0.0373642
0.0595799 0.0357779 9.99561E-05 0.0067733 0.144054 9.99561E-05 0.753315 9.99561E-05 9.99561E-05 9.99561E-05
0.0466143 0.0897263 9.99473E-05 0.135308 9.99473E-05 9.99473E-05 0.727752 9.99473E-05 9.99473E-05 9.99473E-05
9.99648E-05 0.0280686 0.00361566 0.307039 0.101628 9.99648E-05 0.553208 0.00604072 9.99648E-05 9.99648E-05
9.99474E-05 9.99474E-05 9.99474E-05 0.0355687 9.99474E-05 9.99474E-05 0.903405 9.99474E-05 0.0356612 0.024765
9.99472E-05 0.0199802 9.99472E-05 0.0589084 9.99472E-05 9.99472E-05 0.862202 9.99472E-05 9.99472E-05 0.0583092
9.99649E-05 0.0318596 9.99649E-05 0.0477487 9.99649E-05 0.164751 0.688948 0.00938601 9.99649E-05 0.0569067
0.102226 0.105946 0.0583179 0.0636643 9.99561E-05 9.99561E-05 0.669346 9.99561E-05 9.99561E-05 9.99561E-05
9.99385E-05 9.99385E-05 9.99385E-05 0.0714842 0.176151 9.99385E-05 0.751665 9.99385E-05 9.99385E-05 9.99385E-05
0.0194046 9.99562E-05 9.99562E-05 0.0803068 9.99562E-05 9.99562E-05 0.76263 9.99562E-05 0.047067 0.0900915
9.99298E-05 9.99298E-05 9.99298E-05 9.99298E-05 9.99298E-05 9.99298E-05 0.964382 9.99298E-05 0.0348187 9.99298E-05
9.99387E-05 9.99387E-05 9.99387E-05 0.0765142 9.99387E-05 9.99387E-05 0.880439 9.99387E-05 9.99387E-05 0.042347
0.0133177 0.145258 9.99561E-05 0.089126 9.99561E-05 9.99561E-05 0.745521 9.99561E-05 0.00627706 9.99561E-05
0.0834634 9.9965E-05 9.9965E-05 0.187883 9.9965E-05 0.123761 0.482366 9.9965E-05 0.0750945 0.047032
0.173151 9.99473E-05 9.99473E-05 0.199196 0.0217354 0.605318 9.99473E-05 9.99473E-05 9.99473E-05 9.99473E-05
0.0701251 9.99387E-05 9.99387E-05 0.0424344 9.99387E-05 0.886741 9.99387E-05 9.99387E-05 9.99387E-05 9.99387E-05
0.0307725 9.9956E-05 0.00419063 0.190967 0.0892619 0.684308 9.9956E-05 9.9956E-05 9.9956E-05 9.9956E-05
0.142524 0.0330269 9.9956E-05 0.275149 0.0563842 0.492417 9.9956E-05 9.9956E-05 9.9956E-05 9.9956E-05
0.191884 0.0287851 9.99648E-05 0.102077 0.0433124 0.606214 9.99648E-05 0.0273282 9.99648E-05 9.99648E-05
0.185325 9.99473E-05 9.99473E-05 0.209659 9.99473E-05 0.505869 9.99473E-05 9.99473E-05 9.99473E-05 0.0985468
0.166385 0.0253567 9.9956E-05 0.169154 0.0589043 0.5797 9.9956E-05 9.9956E-05 9.9956E-05 9.9956E-05
0.314886 0.0447146 9.99472E-05 0.109003 9.99472E-05 0.530797 9.99472E-05 9.99472E-05 9.99472E-05 9.99472E-05
0.390075 0.0487936 9.99648E-05 0.085781 0.00911694 0.148163 9.99648E-05 9.99648E-05 9.99648E-05 0.31767
0.254146 9.99473E-05 9.99473E-05 0.349813 9.99473E-05 0.388418 0.00702354 9.99473E-05 9.99473E-05 9.99473E-05
9.99473E-05 9.99473E-05 9.99473E-05 0.0558225 0.0109967 0.627165 9.99473E-05 9.99473E-05 9.99473E-05 0.305416
9.99473E-05 9.99473E-05 9.99473E-05 0.108715 0.0427531 0.657009 9.99473E-05 9.99473E-05 9.99473E-05 0.190923
0.157933 0.00262452 9.99473E-05 9.99473E-05 0.00704607 0.831797 9.99473E-05 9.99473E-05 9.99473E-05 9.99473E-05
0.194887 0.00385064 9.996E-05 0.222657 0.0853451 0.480502 9.996E-05 9.996E-05 9.996E-05 0.0123588
0.0999772 0.171809 9.99736E-05 0.029292 0.0383806 0.62573 9.99736E-05 0.0102518 9.99736E-05 0.0242598
0.131022 9.99649E-05 0.00971068 0.224287 0.044985 0.483988 9.99649E-05 9.99649E-05 9.99649E-05 0.105607
0.0517992 9.9956E-05 9.9956E-05 0.148038 9.9956E-05 0.506047 9.9956E-05 0.0470883 9.9956E-05 0.246528
0.186911 9.99561E-05 0.106136 0.0316859 0.0408202 0.633947 9.99561E-05 9.99561E-05 9.99561E-05 9.99561E-05
0.0710748 9.99473E-05 9.99473E-05 9.99473E-05 0.0649849 0.850177 9.99473E-05 9.99473E-05 9.99473E-05 0.0131639
0.219138 0.00142981 9.99649E-05 0.131182 0.0428691 0.5441 9.99649E-05 0.0608809 9.99649E-05 9.99649E-05
0.0568283 9.99561E-05 0.0172375 0.165324 9.99561E-05 0.643403 9.99561E-05 9.99561E-05 9.99561E-05 0.116708
0.134364 0.0183535 9.9956E-05 0.153793 0.0680484 0.624942 9.9956E-05 9.9956E-05 9.9956E-05 9.9956E-05
0.278188 9.99561E-05 9.99561E-05 0.291258 9.99561E-05 0.224321 9.99561E-05 0.094227 9.99561E-05 0.111506
0.205834 9.99386E-05 9.99386E-05 0.106597 9.99386E-05 0.68687 9.99386E-05 9.99386E-05 9.99386E-05 9.99386E-05
0.177094 9.996E-05 0.142097 0.282762 9.996E-05 0.160107 9.996E-05 0.142249 9.996E-05 0.0952911
0.122128 0.00426459 0.00192952 0.174241 0.00590916 0.601815 0.0360259 9.99825E-05 9.99825E-05 0.0534865
9.99474E-05 9.99474E-05 9.99474E-05 0.0940792 9.99474E-05 0.835205 9.99474E-05 0.0451332 0.0249825 9.99474E-05
0.215171 9.9956E-05 9.9956E-05 0.24414 0.0505187 0.383865 9.9956E-05 0.105806 9.9956E-05 9.9956E-05
0.286057 9.99473E-05 9.99473E-05 0.275292 9.99473E-05 0.377769 9.99473E-05 9.99473E-05 9.99473E-05 0.0602824
9.99473E-05 9.99473E-05 9.99473E-05 0.145062 0.0789357 0.69864 9.99473E-05 0.0767629 9.99473E-05 9.99473E-05
0.0671011 9.99561E-05 0.0245478 0.242432 0.086594 0.578825 9.99561E-05 9.99561E-05 9.99561E-05 9.99561E-05
0.0407266 0.0301286 9.99648E-05 0.112141 0.0740463 0.708499 9.99648E-05 0.034059 9.99648E-05 9.99648E-05
0.285945 0.0130441 9.99648E-05 0.276363 0.020576 0.212839 9.99648E-05 0.190833 9.99648E-05 9.99648E-05
0.190779 9.995E-05 9.995E-05 0.235328 9.995E-05 0.462163 0.00604121 0.105189 9.995E-05 9.995E-05
0.0260952 9.99473E-05 9.99473E-05 0.110239 9.99473E-05 0.846094 9.99473E-05 0.0169724 9.99473E-05 9.99473E-05
0.147589 9.99561E-05 9.99561E-05 9.99561E-05 0.0542666 0.678694 9.99561E-05 0.011425 9.99561E-05 0.107526
0.163355 0.00343763 9.995E-05 0.318384 0.106616 0.407707 9.995E-05 9.995E-05 9.995E-05 9.995E-05
0.0515063 9.99385E-05 9.99385E-05 0.0192066 9.99385E-05 0.928588 9.99385E-05 9.99385E-05 9.99385E-05 9.99385E-05
0.0420257 0.00909455 9.996E-05 0.112451 0.00451496 0.820881 9.996E-05 0.0106332 9.996E-05 9.996E-05
0.0233182 9.99386E-05 9.99386E-05 9.99386E-05 0.0363573 0.939625 9.99386E-05 9.99386E-05 9.99386E-05 9.99386E-05
0.0239855 0.0114508 9.99562E-05 9.99562E-05 9.99562E-05 0.792249 9.99562E-05 0.124265 9.99562E-05 0.0475497
0.149023 9.9956E-05 9.9956E-05 0.408401 0.0668167 0.31794 9.9956E-05 9.9956E-05 9.9956E-05 0.0573189
0.247426 9.99473E-05 0.0918078 0.0216531 9.99473E-05 0.638514 9.99473E-05 9.99473E-05 9.99473E-05 9.99473E-05
0.110738 9.99562E-05 9.99562E-05 0.0730574 9.99562E-05 0.776759 9.99562E-05 9.99562E-05 0.0211899 0.0177557
0.0501923 9.99386E-05 9.99386E-05 9.99386E-05 9.99386E-05 0.843144 9.99386E-05 9.99386E-05 9.99386E-05 0.105964
0.212767 0.0267703 9.99736E-05 0.0827654 0.0258625 0.266221 9.99736E-05 0.164197 9.99736E-05 0.221117
0.121988 0.0985518 9.996E-05 0.13341 0.105231 0.293255 0.247163 9.996E-05 9.996E-05 9.996E-05
0.164152 0.0981051 0.0294483 0.150333 9.99737E-05 0.40784 9.99737E-05 0.0452617 9.99737E-05 0.104559
0.279709 9.99561E-05 9.99561E-05 0.240343 0.0516287 0.228826 0.198994 9.99561E-05 9.99561E-05 9.99561E-05
9.99298E-05 9.99298E-05 9.99298E-05 0.090865 9.99298E-05 0.908336 9.99298E-05 9.99298E-05 9.99298E-05 9.99298E-05
0.0403907 9.99648E-05 0.209263 0.256125 0.0299607 0.455943 9.99648E-05 0.00791676 9.99648E-05 9.99648E-05
0.143551 9.99386E-05 9.99386E-05 9.99386E-05 9.99386E-05 0.853335 9.99386E-05 9.99386E-05 9.99386E-05 0.00241487
0.175878 9.99474E-05 9.99474E-05 0.20831 0.0458047 0.569407 9.99474E-05 9.99474E-05 9.99474E-05 9.99474E-05
0.13452 0.0659527 0.100463 0.00862906 9.99736E-05 0.629522 9.99736E-05 0.0141761 9.99736E-05 0.0464375
0.0692135 0.0577908 9.99648E-05 0.112114 0.0916432 0.627353 9.99648E-05 0.0414855 9.99648E-05 9.99648E-05
0.251274 9.9956E-05 9.9956E-05 0.211703 9.9956E-05 0.253755 9.9956E-05 0.0366059 9.9956E-05 0.246163
0.254085 9.99384E-05 9.99384E-05 0.199693 9.99384E-05 0.545522 9.99384E-05 9.99384E-05 9.99384E-05 9.99384E-05
0.139096 9.99473E-05 0.203716 0.0994207 9.99473E-05 0.557167 9.99473E-05 9.99473E-05 9.99473E-05 9.99473E-05
0.000639247 9.99472E-05 9.99472E-05 0.13777 9.99472E-05 0.699083 9.99472E-05 0.161908 9.99472E-05 9.99472E-05
0.171336 9.99473E-05 9.99473E-05 0.097673 9.99473E-05 0.589256 9.99473E-05 9.99473E-05 9.99473E-05 0.141136
9.99208E-05 9.99208E-05 9.99208E-05 0.999101 9.99208E-05 9.99208E-05 9.99208E-05 9.99208E-05 9.99208E-05 9.99208E-05
0.999101 9.99208E-05 9.99208E-05 9.99208E-05 9.99208E-05 9.99208E-05 9.99208E-05 9.99208E-05 9.99208E-05 9.99208E-05
9.99208E-05 9.99208E-05 9.99208E-05 0.999101 9.99208E-05 9.99208E-05 9.99208E-05 9.99208E-05 9.99208E-05 9.99208E-05
0.999101 9.99208E-05 9.99208E-05 9.99208E-05 9.99208E-05 9.99208E-05 9.99208E-05 9.99208E-05 9.99208E-05 9.99208E-05
0.999101 9.99208E-05 9.99208E-05 9.99208E-05 9.99208E-05 9.99208E-05 9.99208E-05 9.99208E-05 9.99208E-05 9.99208E-05
0.999101 9.99208E-05 9.99208E-05 9.99208E-05 9.99208E-05 9.99208E-05 9.99208E-05 9.99208E-05 9.99208E-05 9.99208E-05
9.99208E-05 9.99208E-05 9.99208E-05 0.999101 9.99208E-05 9.99208E-05 9.99208E-05 9.99208E-05 9.99208E-05 9.99208E-05
0.999101 9.99208E-05 9.99208E-05 9.99208E-05 9.99208E-05 9.99208E-05 9.99208E-05 9.99208E-05 9.99208E-05 9.99208E-05
0.999101 9.99208E-05 9.99208E-05 9.99208E-05 9.99208E-05 9.99208E-05 9.99208E-05 9.99208E-05 9.99208E-05 9.99208E-05
9.99208E-05 9.99208E-05 9.99208E-05 0.999101 9.99208E-05 9.99208E-05 9.99208E-05 9.99208E-05 9.99208E-05 9.99208E-05
9.99208E-05 9.99208E-05 9.99208E-05 0.999101 9.99208E-05 9.99208E-05 9.99208E-05 9.99208E-05 9.99208E-05 9.99208E-05
9.99207E-05 9.99207E-05 9.99207E-05 0.999101 9.99207E-05 9.99207E-05 9.99207E-05 9.99207E-05 9.99207E-05 9.99207E-05
0.999101 9.99208E-05 9.99208E-05 9.99208E-05 9.99208E-05 9.99208E-05 9.99208E-05 9.99208E-05 9.99208E-05 9.99208E-05
0.999101 9.99208E-05 9.99208E-05 9.99208E-05 9.99208E-05 9.99208E-05 9.99208E-05 9.99208E-05 9.99208E-05 9.99208E-05
9.99208E-05 9.99208E-05 9.99208E-05 0.999101 9.99208E-05 9.99208E-05 9.99208E-05 9.99208E-05 9.99208E-05 9.99208E-05
9.99207E-05 9.99207E-05 9.99207E-05 0.999101 9.99207E-05 9.99207E-05 9.99207E-05 9.99207E-05 9.99207E-05 9.99207E-05
0.140545 0.0559262 0.242378 0.204157 9.99736E-05 0.29914 9.99736E-05 0.0544205 9.99736E-05 0.00313276
9.99208E-05 9.99208E-05 9.99208E-05 0.999101 9.99208E-05 9.99208E-05 9.99208E-05 9.99208E-05 9.99208E-05 9.99208E-05
0.999101 9.99208E-05 9.99208E-05 9.99208E-05 9.99208E-05 9.99208E-05 9.99208E-05 9.99208E-05 9.99208E-05 9.99208E-05
9.99207E-05 9.99207E-05 9.99207E-05 0.999101 9.99207E-05 9.99207E-05 9.99207E-05 9.99207E-05 9.99207E-05 9.99207E-05
9.99208E-05 9.99208E-05 9.99208E-05 0.999101 9.99208E-05 9.99208E-05 9.99208E-05 9.99208E-05 9.99208E-05 9.99208E-05
9.99208E-05 9.99208E-05 9.99208E-05 0.999101 9.99208E-05 9.99208E-05 9.99208E-05 9.99208E-05 9.99208E-05 9.99208E-05
0.999101 9.99208E-05 9.99208E-05 9.99208E-05 9.99208E-05 9.99208E-05 9.99208E-05 9.99208E-05 9.99208E-05 9.99208E-05
9.99208E-05 9.99208E-05 9.99208E-05 0.999101 9.99208E-05 9.99208E-05 9.99208E-05 9.99208E-05 9.99208E-05 9.99208E-05
0.999101 9.99208E-05 9.99208E-05 9.99208E-05 9.99208E-05 9.99208E-05 9.99208E-05 9.99208E-05 9.99208E-05 9.99208E-05
9.99209E-05 9.99209E-05 9.99209E-05 0.999101 9.99209E-05 9.99209E-05 9.99209E-05 9.99209E-05 9.99209E-05 9.99209E-05
9.99207E-05 9.99207E-05 9.99207E-05 0.999101 9.99207E-05 9.99207E-05 9.99207E-05 9.99207E-05 9.99207E-05 9.99207E-05
0.999101 9.99208E-05 9.99208E-05 9.99208E-05 9.99208E-05 9.99208E-05 9.99208E-05 9.99208E-05 9.99208E-05 9.99208E-05
0.999101 9.99208E-05 9.99208E-05 9.99208E-05 9.99208E-05 9.99208E-05 9.99208E-05 9.99208E-05 9.99208E-05 9.99208E-05
0.999101 9.99208E-05 9.99208E-05 9.99208E-05 9.99208E-05 9.99208E-05 9.99208E-05 9.99208E-05 9.99208E-05 9.99208E-05
9.99208E-05 9.99208E-05 9.99208E-05 0.999101 9.99208E-05 9.99208E-05 9.99208E-05 9.99208E-05 9.99208E-05 9.99208E-05
9.99208E-05 9.99208E-05 9.99208E-05 0.999101 9.99208E-05 9.99208E-05 9.99208E-05 9.99208E-05 9.99208E-05 9.99208E-05
9.99207E-05 9.99207E-05 9.99207E-05 0.999101 9.99207E-05 9.99207E-05 9.99207E-05 9.99207E-05 9.99207E-05 9.99207E-05
9.99207E-05 9.99207E-05 9.99207E-05 0.999101 9.99207E-05 9.99207E-05 9.99207E-05 9.99207E-05 9.99207E-05 9.99207E-05
9.99208E-05 9.99208E-05 9.99208E-05 0.999101 9.99208E-05 9.99208E-05 9.99208E-05 9.99208E-05 9.99208E-05 9.99208E-05
0.999101 9.99208E-05 9.99208E-05 9.99208E-05 9.99208E-05 9.99208E-05 9.99208E-05 9.99208E-05 9.99208E-05 9.99208E-05
0.999101 9.99208E-05 9.99208E-05 9.99208E-05 9.99208E-05 9.99208E-05 9.99208E-05 9.99208E-05 9.99208E-05 9.99208E-05
0.999101 9.99208E-05 9.99208E-05 9.99208E-05 9.99208E-05 9.99208E-05 9.99208E-05 9.99208E-05 9.99208E-05 9.99208E-05
9.99208E-05 9.99208E-05 9.99208E-05 0.999101 9.99208E-05 9.99208E-05 9.99208E-05 9.99208E-05 9.99208E-05 9.99208E-05
0.999101 9.99208E-05 9.99208E-05 9.99208E-05 9.99208E-05 9.99208E-05 9.99208E-05 9.99208E-05 9.99208E-05 9.99208E-05
0.999101 9.99208E-05 9.99208E-05 9.99208E-05 9.99208E-05 9.99208E-05 9.99208E-05 9.99208E-05 9.99208E-05 9.99208E-05
0.999101 9.99208E-05 9.99208E-05 9.99208E-05 9.99208E-05 9.99208E-05 9.99208E-05 9.99208E-05 9.99208E-05 9.99208E-05
0.999101 9.99208E-05 9.99208E-05 9.99208E-05 9.99208E-05 9.99208E-05 9.99208E-05 9.99208E-05 9.99208E-05 9.99208E-05
9.99207E-05 9.99207E-05 9.99207E-05 0.999101 9.99207E-05 9.99207E-05 9.99207E-05 9.99207E-05 9.99207E-05 9.99207E-05
0.999101 9.99208E-05 9.99208E-05 9.99208E-05 9.99208E-05 9.99208E-05 9.99208E-05 9.99208E-05 9.99208E-05 9.99208E-05
0.999101 9.99208E-05 9.99208E-05 9.99208E-05 9.99208E-05 9.99208E-05 9.99208E-05 9.99208E-05 9.99208E-05 9.99208E-05
0.0894056 0.0356744 0.234438 0.215736 9.99736E-05 0.314374 9.99736E-05 0.075121 9.99736E-05 0.0349508
9.99208E-05 9.99208E-05 9.99208E-05 0.999101 9.99208E-05 9.99208E-05 9.99208E-05 9.99208E-05 9.99208E-05 9.99208E-05
0.999101 9.99208E-05 9.99208E-05 9.99208E-05 9.99208E-05 9.99208E-05 9.99208E-05 9.99208E-05 9.99208E-05 9.99208E-05
0.999101 9.99208E-05 9.99208E-05 9.99208E-05 9.99208E-05 9.99208E-05 9.99208E-05 9.99208E-05 9.99208E-05 9.99208E-05
0.999101 9.99208E-05 9.99208E-05 9.99208E-05 9.99208E-05 9.99208E-05 9.99208E-05 9.99208E-05 9.99208E-05 9.99208E-05
0.999101 9.99208E-05 9.99208E-05 9.99208E-05 9.99208E-05 9.99208E-05 9.99208E-05 9.99208E-05 9.99208E-05 9.99208E-05
9.99208E-05 9.99208E-05 9.99208E-05 0.999101 9.99208E-05 9.99208E-05 9.99208E-05 9.99208E-05 9.99208E-05 9.99208E-05
0.999101 9.99208E-05 9.99208E-05 9.99208E-05 9.99208E-05 9.99208E-05 9.99208E-05 9.99208E-05 9.99208E-05 9.99208E-05
9.99208E-05 9.99208E-05 9.99208E-05 0.999101 9.99208E-05 9.99208E-05 9.99208E-05 9.99208E-05 9.99208E-05 9.99208E-05
0.999101 9.99208E-05 9.99208E-05 9.99208E-05 9.99208E-05 9.99208E-05 9.99208E-05 9.99208E-05 9.99208E-05 9.99208E-05
9.99208E-05 9.99208E-05 9.99208E-05 0.999101 9.99208E-05 9.99208E-05 9.99208E-05 9.99208E-05 9.99208E-05 9.99208E-05
0.999101 9.99208E-05 9.99208E-05 9.99208E-05 9.99208E-05 9.99208E-05 9.99208E-05 9.99208E-05 9.99208E-05 9.99208E-05
0.999101 9.99208E-05 9.99208E-05 9.99208E-05 9.99208E-05 9.99208E-05 9.99208E-05 9.99208E-05 9.99208E-05 9.99208E-05
0.999101 9.99209E-05 9.99209E-05 9.99209E-05 9.99209E-05 9.99209E-05 9.99209E-05 9.99209E-05 9.99209E-05 9.99209E-05
0.999101 9.99207E-05 9.99207E-05 9.99207E-05 9.99207E-05 9.99207E-05 9.99207E-05 9.99207E-05 9.99207E-05 9.99207E-05
0.999101 9.99208E-05 9.99208E-05 9.99208E-05 9.99208E-05 9.99208E-05 9.99208E-05 9.99208E-05 9.99208E-05 9.99208E-05
0.999101 9.99208E-05 9.99208E-05 9.99208E-05 9.99208E-05 9.99208E-05 9.99208E-05 9.99208E-05 9.99208E-05 9.99208E-05
9.99208E-05 9.99208E-05 9.99208E-05 0.999101 9.99208E-05 9.99208E-05 9.99208E-05 9.99208E-05 9.99208E-05 9.99208E-05
9.99208E-05 9.99208E-05 9.99208E-05 0.999101 9.99208E-05 9.99208E-05 9.99208E-05 9.99208E-05 9.99208E-05 9.99208E-05
9.99208E-05 9.99208E-05 9.99208E-05 0.999101 9.99208E-05 9.99208E-05 9.99208E-05 9.99208E-05 9.99208E-05 9.99208E-05
0.999101 9.99209E-05 9.99209E-05 9.99209E-05 9.99209E-05 9.99209E-05 9.99209E-05 9.99209E-05 9.99209E-05 9.99209E-05
9.99208E-05 9.99208E-05 9.99208E-05 0.999101 9.99208E-05 9.99208E-05 9.99208E-05 9.99208E-05 9.99208E-05 9.99208E-05
9.99208E-05 9.99208E-05 9.99208E-05 0.999101 9.99208E-05 9.99208E-05 9.99208E-05 9.99208E-05 9.99208E-05 9.99208E-05
9.99208E-05 9.99208E-05 9.99208E-05 0.999101 9.99208E-05 9.99208E-05 9.99208E-05 9.99208E-05 9.99208E-05 9.99208E-05
0.999101 9.99208E-05 9.99208E-05 9.99208E-05 9.99208E-05 9.99208E-05 9.99208E-05 9.99208E-05 9.99208E-05 9.99208E-05
0.999101 9.99208E-05 9.99208E-05 9.99208E-05 9.99208E-05 9.99208E-05 9.99208E-05 9.99208E-05 9.99208E-05 9.99208E-05
0.999101 9.99208E-05 9.99208E-05 9.99208E-05 9.99208E-05 9.99208E-05 9.99208E-05 9.99208E-05 9.99208E-05 9.99208E-05
9.99208E-05 9.99208E-05 9.99208E-05 0.999101 9.99208E-05 9.99208E-05 9.99208E-05 9.99208E-05 9.99208E-05 9.99208E-05
0.999101 9.99208E-05 9.99208E-05 9.99208E-05 9.99208E-05 9.99208E-05 9.99208E-05 9.99208E-05 9.99208E-05 9.99208E-05
0.999101 9.99208E-05 9.99208E-05 9.99208E-05 9.99208E-05 9.99208E-05 9.99208E-05 9.99208E-05 9.99208E-05 9.99208E-05
9.99208E-05 9.99208E-05 9.99208E-05 0.999101 9.99208E-05 9.99208E-05 9.99208E-05 9.99208E-05 9.99208E-05 9.99208E-05
0.999101 9.99208E-05 9.99208E-05 9.99208E-05 9.99208E-05 9.99208E-05 9.99208E-05 9.99208E-05 9.99208E-05 9.99208E-05
0.999101 9.99208E-05 9.99208E-05 9.99208E-05 9.99208E-05 9.99208E-05 9.99208E-05 9.99208E-05 9.99208E-05 9.99208E-05
0.139833 0.0596266 9.99736E-05 0.369854 0.142731 0.180193 9.99736E-05 0.0342599 9.99736E-05 0.0732027
9.99208E-05 9.99208E-05 9.99208E-05 0.999101 9.99208E-05 9.99208E-05 9.99208E-05 9.99208E-05 9.99208E-05 9.99208E-05
0.999101 9.99207E-05 9.99207E-05 9.99207E-05 9.99207E-05 9.99207E-05 9.99207E-05 9.99207E-05 9.99207E-05 9.99207E-05
0.443364 0.0636772 0.00242518 0.0343366 0.058589 0.392638 9.99737E-05 0.00467069 9.99737E-05 9.99737E-05
0.303982 9.99561E-05 0.069703 0.210458 9.99561E-05 0.357475 9.99561E-05 0.0578822 9.99561E-05 9.99561E-05
0.211403 9.99473E-05 9.99473E-05 0.349769 9.99473E-05 0.394457 9.99473E-05 0.0437717 9.99473E-05 9.99473E-05
9.9956E-05 0.0779723 0.0547658 0.197116 9.9956E-05 0.626574 9.9956E-05 0.0430715 9.9956E-05 9.9956E-05
0.32456 9.99472E-05 9.99472E-05 0.353109 9.99472E-05 0.259167 9.99472E-05 9.99472E-05 9.99472E-05 0.0625649
0.108997 9.99649E-05 9.99649E-05 0.00735802 9.99649E-05 0.853263 0.0129881 9.99649E-05 0.0014018 0.0155931
0.318781 9.99648E-05 9.99648E-05 0.194198 0.0304855 0.235123 0.167394 0.0536187 9.99648E-05 9.99648E-05
0.229139 9.99648E-05 0.000401905 0.0741718 0.117784 0.465935 9.99648E-05 0.112169 9.99648E-05 9.99648E-05
0.220105 9.99386E-05 9.99386E-05 0.0469948 9.99386E-05 0.7322 9.99386E-05 9.99386E-05 9.99386E-05 9.99386E-05
9.99473E-05 0.0366392 0.207618 0.142328 9.99473E-05 0.612815 9.99473E-05 9.99473E-05 9.99473E-05 9.99473E-05
0.0871638 9.99561E-05 9.99561E-05 0.238158 0.08018 0.593207 9.99561E-05 9.99561E-05 9.99561E-05 0.000791556
0.558552 9.99473E-05 9.99473E-05 0.0710426 9.99473E-05 0.30148 0.0683255 9.99473E-05 9.99473E-05 9.99473E-05
0.291619 0.0782247 0.063316 0.282978 9.99649E-05 0.153393 0.130069 9.99649E-05 9.99649E-05 9.99649E-05
0.12999 0.175125 9.99472E-05 0.145497 9.99472E-05 0.548789 9.99472E-05 9.99472E-05 9.99472E-05 9.99472E-05
0.148601 9.99472E-05 9.99472E-05 0.331127 0.0980998 0.421573 9.99472E-05 9.99472E-05 9.99472E-05 9.99472E-05
0.332864 9.997E-05 0.0465419 0.106181 0.0984389 0.205802 0.0930275 9.997E-05 9.997E-05 0.116844
0.1869 9.99562E-05 9.99562E-05 0.142636 9.99562E-05 0.660718 9.99562E-05 0.00182515 9.99562E-05 0.00742058
0.0605746 9.99648E-05 9.99648E-05 0.469565 0.0829126 0.289781 9.99648E-05 0.0813655 9.99648E-05 0.0154019
0.115326 9.9956E-05 9.9956E-05 9.9956E-05 0.0497057 0.388682 9.9956E-05 0.186375 9.9956E-05 0.259411
0.220694 9.99473E-05 0.0532619 0.299979 9.99473E-05 0.425465 9.99473E-05 9.99473E-05 9.99473E-05 9.99473E-05
0.106549 9.99648E-05 0.0630856 0.158344 0.00638262 0.570399 9.99648E-05 0.0948406 9.99648E-05 9.99648E-05
0.30393 9.99474E-05 0.210391 9.99474E-05 9.99474E-05 0.451921 9.99474E-05 9.99474E-05 9.99474E-05 0.0331578
0.219489 0.0334988 0.103915 0.239448 0.0289555 0.333337 9.99736E-05 0.0410563 9.99736E-05 9.99736E-05
0.11797 0.0518881 0.113926 0.0462295 0.0750692 0.547324 9.99736E-05 0.0472938 9.99736E-05 9.99736E-05
0.138114 0.18955 9.99472E-05 0.023412 9.99472E-05 0.648324 9.99472E-05 9.99472E-05 9.99472E-05 9.99472E-05
9.99298E-05 9.99298E-05 9.99298E-05 9.99298E-05 9.99298E-05 0.927634 9.99298E-05 9.99298E-05 9.99298E-05 0.0715664
0.0510359 0.044199 0.170161 0.104847 9.997E-05 0.400983 9.997E-05 0.0379291 9.997E-05 0.190545
0.300762 0.0399872 9.99473E-05 0.351955 9.99473E-05 0.306696 9.99473E-05 9.99473E-05 9.99473E-05 9.99473E-05
9.994E-05 0.130061 0.0479106 0.192835 9.994E-05 0.628594 9.994E-05 9.994E-05 9.994E-05 9.994E-05
0.197356 0.142381 9.99561E-05 0.11406 9.99561E-05 0.444927 9.99561E-05 0.100777 9.99561E-05 9.99561E-05
0.409899 9.99649E-05 0.0756629 0.144044 0.0845451 0.205831 9.99649E-05 9.99649E-05 9.99649E-05 0.0796173
0.273796 9.99561E-05 9.99561E-05 0.114792 0.000768418 0.568628 9.99561E-05 9.99561E-05 9.99561E-05 0.041516
0.176896 0.0301569 0.0323619 0.150141 9.99736E-05 0.38574 9.99736E-05 0.00666185 9.99736E-05 0.217743
0.223008 9.9956E-05 0.0553927 0.229041 0.0930219 0.399036 9.9956E-05 9.9956E-05 9.9956E-05 9.9956E-05
0.113692 0.102638 0.030685 0.234965 0.0747443 0.442875 9.99648E-05 9.99648E-05 9.99648E-05 9.99648E-05
0.0678827 9.99385E-05 9.99385E-05 0.332161 9.99385E-05 0.599256 9.99385E-05 9.99385E-05 9.99385E-05 9.99385E-05
9.99209E-05 9.99209E-05 9.99209E-05 9.99209E-05 9.99209E-05 0.999101 9.99209E-05 9.99209E-05 9.99209E-05 9.99209E-05
9.996E-05 9.996E-05 0.0967676 0.227169 0.0605111 0.327327 0.243785 9.996E-05 9.996E-05 0.0440403
0.00357801 0.0208623 9.99648E-05 0.120947 0.142761 0.645029 9.99648E-05 0.0664221 9.99648E-05 9.99648E-05
0.196535 9.9956E-05 0.343976 0.0303978 9.9956E-05 0.386693 9.9956E-05 9.9956E-05 9.9956E-05 0.0418978
0.148673 0.0569262 9.99472E-05 0.37738 9.99472E-05 0.416421 9.99472E-05 9.99472E-05 9.99472E-05 9.99472E-05
0.0808259 9.99824E-05 0.101241 0.0720822 0.00484357 0.4995 0.13396 0.0557086 9.99824E-05 0.0516387
0.283094 9.99472E-05 0.153893 0.15902 9.99472E-05 0.403392 9.99472E-05 9.99472E-05 9.99472E-05 9.99472E-05
0.528716 0.00609663 0.0854899 0.0791654 9.99649E-05 0.253259 9.99649E-05 9.99649E-05 9.99649E-05 0.0468734
0.376455 0.00452317 9.99648E-05 0.350451 0.00999457 0.178346 9.99648E-05 9.99648E-05 9.99648E-05 0.0798305
0.209279 0.0316827 9.9956E-05 0.162007 0.0355699 0.560962 9.9956E-05 9.9956E-05 9.9956E-05 9.9956E-05
9.99209E-05 9.99209E-05 9.99209E-05 9.99209E-05 9.99209E-05 0.999101 9.99209E-05 9.99209E-05 9.99209E-05 9.99209E-05
0.229141 9.9956E-05 9.9956E-05 0.078758 0.0636288 0.591005 9.9956E-05 0.0369675 9.9956E-05 9.9956E-05
9.99386E-05 9.99386E-05 9.99386E-05 0.0338643 9.99386E-05 0.8696 9.99386E-05 9.99386E-05 9.99386E-05 0.0958359
0.19803 0.0228515 0.112011 0.207969 9.99649E-05 0.208444 9.99649E-05 9.99649E-05 9.99649E-05 0.250294
9.99298E-05 9.99298E-05 9.99298E-05 9.99298E-05 9.99298E-05 0.933465 9.99298E-05 9.99298E-05 9.99298E-05 0.0657352
0.0488944 9.99649E-05 9.99649E-05 0.367666 0.0815757 0.367928 0.00973777 9.99649E-05 9.99649E-05 0.123798
9.99648E-05 9.99648E-05 0.0631601 0.264003 0.0840709 0.326775 0.00511787 9.99648E-05 9.99648E-05 0.256473
0.158174 9.99473E-05 9.99473E-05 0.0909129 9.99473E-05 0.451318 9.99473E-05 9.99473E-05 9.99473E-05 0.298995
0.106937 9.9956E-05 0.274076 0.0194637 9.9956E-05 0.567465 9.9956E-05 0.0315586 9.9956E-05 9.9956E-05
0.290058 9.99473E-05 9.99473E-05 0.0510846 9.99473E-05 0.557125 0.101133 9.99473E-05 9.99473E-05 9.99473E-05
0.000451914 9.99474E-05 9.99474E-05 0.185967 9.99474E-05 0.734702 9.99474E-05 9.99474E-05 9.99474E-05 0.0782794
0.216549 9.99473E-05 9.99473E-05 9.99473E-05 0.0402796 0.660946 9.99473E-05 9.99473E-05 9.99473E-05 0.0816253
0.23082 9.99473E-05 9.99473E-05 0.24656 9.99473E-05 0.481829 9.99473E-05 0.0401912 9.99473E-05 9.99473E-05
0.234173 0.016039 9.99561E-05 0.207334 9.99561E-05 0.36758 9.99561E-05 9.99561E-05 9.99561E-05 0.174375
9.99298E-05 9.99298E-05 9.99298E-05 9.99298E-05 0.0187566 0.980444 9.99298E-05 9.99298E-05 9.99298E-05 9.99298E-05
0.100486 9.99474E-05 9.99474E-05 0.0226616 9.99474E-05 0.85908 9.99474E-05 9.99474E-05 0.0171733 9.99474E-05
9.99474E-05 9.99474E-05 9.99474E-05 0.162419 9.99474E-05 0.726639 9.99474E-05 0.06989 0.0404516 9.99474E-05
0.0874197 9.99473E-05 9.99473E-05 0.242309 0.0949932 0.574679 9.99473E-05 9.99473E-05 9.99473E-05 9.99473E-05
0.198839 9.99472E-05 9.99472E-05 0.0705092 9.99472E-05 0.601553 9.99472E-05 0.1285 9.99472E-05 9.99472E-05
0.2942 9.99473E-05 0.0117673 0.0015776 9.99473E-05 0.691855 9.99473E-05 9.99473E-05 9.99473E-05 9.99473E-05
0.0545578 9.99386E-05 9.99386E-05 0.0346872 9.99386E-05 0.910055 9.99386E-05 9.99386E-05 9.99386E-05 9.99386E-05
0.266082 9.99649E-05 0.100931 0.233706 9.99649E-05 0.353094 9.99649E-05 0.00396437 9.99649E-05 0.041823
0.0942434 9.9956E-05 9.9956E-05 0.35158 0.119569 0.419069 0.0150381 9.9956E-05 9.9956E-05 9.9956E-05
9.99474E-05 9.99474E-05 9.99474E-05 0.0158233 9.99474E-05 0.702364 9.99474E-05 0.0315075 9.99474E-05 0.249706
0.106933 9.99561E-05 9.99561E-05 0.216225 9.99561E-05 0.389398 9.99561E-05 0.0876371 9.99561E-05 0.199307
9.99475E-05 9.99475E-05 9.99475E-05 0.0899609 9.99475E-05 0.75396 9.99475E-05 9.99475E-05 0.0540331 0.101446
0.306714 9.99385E-05 9.99385E-05 0.305912 9.99385E-05 0.386675 9.99385E-05 9.99385E-05 9.99385E-05 9.99385E-05
9.996E-05 0.136049 0.0050742 0.02871 9.996E-05 0.492378 9.996E-05 0.0962532 9.996E-05 0.241136
9.99474E-05 9.99474E-05 9.99474E-05 0.108167 0.0219181 0.786781 9.99474E-05 9.99474E-05 9.99474E-05 0.0825345
0.0911327 9.99473E-05 9.99473E-05 0.111754 9.99473E-05 0.418855 9.99473E-05 9.99473E-05 9.99473E-05 0.377658
9.99386E-05 9.99386E-05 9.99386E-05 0.024607 9.99386E-05 0.836123 9.99386E-05 9.99386E-05 9.99386E-05 0.138571
9.99561E-05 0.00833242 0.0104658 0.226236 0.0155081 0.738958 9.99561E-05 9.99561E-05 9.99561E-05 9.99561E-05
9.99299E-05 9.99299E-05 9.99299E-05 9.99299E-05 9.99299E-05 0.744671 9.99299E-05 9.99299E-05 9.99299E-05 0.25453
0.242007 9.99648E-05 9.99648E-05 0.0423584 0.0673446 0.428951 0.177178 0.0417613 9.99648E-05 9.99648E-05
0.254889 9.9956E-05 0.125905 0.0328802 0.0570933 0.528732 9.9956E-05 9.9956E-05 9.9956E-05 9.9956E-05
0.220904 0.057146 0.0951585 0.061991 0.0540135 0.366339 9.998E-05 0.0569922 9.998E-05 0.0872562
9.99386E-05 0.00410233 9.99386E-05 9.99386E-05 9.99386E-05 0.91614 9.99386E-05 9.99386E-05 9.99386E-05 0.0790579
0.261625 9.99473E-05 9.99473E-05 0.113976 0.0461339 0.577666 9.99473E-05 9.99473E-05 9.99473E-05 9.99473E-05
0.187597 0.00203 9.99648E-05 9.99648E-05 0.0204465 0.393334 9.99648E-05 0.199992 9.99648E-05 0.196201
0.0295617 9.99561E-05 9.99561E-05 0.0163584 0.0533227 0.676109 9.99561E-05 9.99561E-05 9.99561E-05 0.224149
0.0313643 0.173499 9.9956E-05 0.336539 9.9956E-05 0.396121 9.9956E-05 0.0619772 9.9956E-05 9.9956E-05
0.460632 0.0889935 9.99561E-05 0.194911 0.0460405 0.208923 9.99561E-05 9.99561E-05 9.99561E-05 9.99561E-05
0.110404 9.99473E-05 0.194653 0.29894 9.99473E-05 0.395403 9.99473E-05 9.99473E-05 9.99473E-05 9.99473E-05
0.286627 9.99648E-05 0.0505522 0.194941 0.0131008 0.40212 9.99648E-05 0.0522585 9.99648E-05 9.99648E-05
0.0604553 9.99561E-05 9.99561E-05 0.144937 9.99561E-05 0.428791 9.99561E-05 0.229357 9.99561E-05 0.13596
0.0347003 0.104591 9.9956E-05 0.349656 9.9956E-05 0.231645 9.9956E-05 9.9956E-05 9.9956E-05 0.278907
0.337204 9.99737E-05 0.0319137 0.115212 9.99737E-05 0.197847 0.126394 0.0922635 9.99737E-05 0.098866
0.0680007 9.99648E-05 9.99648E-05 0.0517237 0.155168 0.349979 9.99648E-05 0.151616 9.99648E-05 0.223112
0.233698 9.99386E-05 9.99386E-05 9.99386E-05 9.99386E-05 0.54718 9.99386E-05 9.99386E-05 9.99386E-05 0.218423
9.99386E-05 0.0293171 9.99386E-05 9.99386E-05 9.99386E-05 0.723183 9.99386E-05 9.99386E-05 9.99386E-05 0.2468
0.33563 0.0346915 0.164281 9.99473E-05 9.99473E-05 0.464798 9.99473E-05 9.99473E-05 9.99473E-05 9.99473E-05
0.0766492 9.99648E-05 0.0105336 0.335166 0.138291 0.406481 9.99648E-05 9.99648E-05 9.99648E-05 0.0324797
9.99386E-05 9.99386E-05 9.99386E-05 0.50815 0.0629445 0.428206 9.99386E-05 9.99386E-05 9.99386E-05 9.99386E-05
0.120687 0.0244984 0.0239767 0.446129 9.99824E-05 0.257031 0.118134 0.00454289 9.99824E-05 0.00480134
0.179515 0.121151 0.199009 9.99648E-05 0.0763967 0.346391 9.99648E-05 0.077137 9.99648E-05 9.99648E-05
0.0655735 0.00410721 9.9956E-05 0.337455 9.9956E-05 0.449848 0.142516 9.9956E-05 9.9956E-05 9.9956E-05
0.043761 0.0332318 9.99824E-05 0.100434 0.00523904 0.311009 0.0612632 0.22345 9.99824E-05 0.221413
0.124239 9.99386E-05 9.99386E-05 9.99386E-05 9.99386E-05 0.707499 9.99386E-05 9.99386E-05 9.99386E-05 0.167562
0.108963 0.0573398 9.996E-05 0.0109679 9.996E-05 0.667403 9.996E-05 9.996E-05 0.00273062 0.152196
0.16822 9.99561E-05 9.99561E-05 0.196254 9.99561E-05 0.4968 0.0403786 9.99561E-05 9.99561E-05 0.0978467
9.99561E-05 0.221889 9.99561E-05 0.258634 9.99561E-05 0.266467 9.99561E-05 0.032721 9.99561E-05 0.21979
0.0513091 9.99386E-05 9.99386E-05 9.99386E-05 9.99386E-05 0.793015 9.99386E-05 9.99386E-05 9.99386E-05 0.154976
9.99387E-05 9.99387E-05 9.99387E-05 9.99387E-05 9.99387E-05 0.892413 9.99387E-05 9.99387E-05 0.00253792 0.104349
0.127456 0.037702 9.99561E-05 0.0578597 9.99561E-05 0.70515 9.99561E-05 0.0713328 9.99561E-05 9.99561E-05
0.123597 0.0167033 9.9956E-05 0.125474 9.9956E-05 0.705416 9.9956E-05 0.0283099 9.9956E-05 9.9956E-05
9.99473E-05 9.99473E-05 9.99473E-05 0.170194 0.0540588 0.763431 0.0117168 9.99473E-05 9.99473E-05 9.99473E-05
0.156217 9.99472E-05 9.99472E-05 0.312758 9.99472E-05 0.52861 9.99472E-05 9.99472E-05 9.99472E-05 0.00181517
0.0968257 9.99473E-05 0.0980069 0.288049 9.99473E-05 0.516518 9.99473E-05 9.99473E-05 9.99473E-05 9.99473E-05
9.99649E-05 9.99649E-05 0.0944472 0.333743 0.0984051 0.247133 9.99649E-05 0.216796 9.99649E-05 0.00907544
0.33185 9.99385E-05 9.99385E-05 9.99385E-05 9.99385E-05 0.506949 9.99385E-05 9.99385E-05 9.99385E-05 0.160502
0.146616 9.99648E-05 0.0319137 0.149489 9.99648E-05 0.556924 9.99648E-05 0.041604 9.99648E-05 0.0730532
9.99648E-05 0.148839 0.0188099 0.282265 0.0257761 0.422221 9.99648E-05 9.99648E-05 9.99648E-05 0.101689
0.0946623 9.99473E-05 9.99473E-05 0.115539 0.0354557 0.753744 9.99473E-05 9.99473E-05 9.99473E-05 9.99473E-05
9.99648E-05 9.99648E-05 0.153758 0.412661 0.0641434 0.215296 9.99648E-05 0.00710064 9.99648E-05 0.146641
9.99472E-05 0.122129 9.99472E-05 0.294176 0.0179148 0.56518 9.99472E-05 9.99472E-05 9.99472E-05 9.99472E-05
0.28704 9.9956E-05 9.9956E-05 0.19909 0.0864213 0.396593 9.9956E-05 0.0303569 9.9956E-05 9.9956E-05
0.0630674 9.9956E-05 9.9956E-05 0.21291 9.9956E-05 0.329902 9.9956E-05 0.0367213 9.9956E-05 0.356899
0.134959 9.99649E-05 0.219326 0.109231 0.0573881 0.469755 9.99649E-05 9.99649E-05 9.99649E-05 0.00894207
0.092283 9.99386E-05 9.99386E-05 9.99386E-05 9.99386E-05 0.507943 9.99386E-05 9.99386E-05 9.99386E-05 0.399075
0.155023 0.091077 9.99648E-05 0.360454 0.064828 0.316169 9.99648E-05 0.0120493 9.99648E-05 9.99648E-05
9.99473E-05 9.99473E-05 9.99473E-05 0.0703837 9.99473E-05 0.822783 9.99473E-05 0.054925 9.99473E-05 0.0513085
0.0767545 9.99474E-05 9.99474E-05 9.99474E-05 9.99474E-05 0.650628 0.0379254 9.99474E-05 9.99474E-05 0.234092
0.250853 9.99648E-05 0.108934 0.164052 0.0700415 0.382439 9.99648E-05 0.0232804 9.99648E-05 9.99648E-05
0.150387 9.99648E-05 9.99648E-05 0.226297 0.0158836 0.326318 9.99648E-05 0.0498169 9.99648E-05 0.230898
0.12735 9.996E-05 0.0748084 0.137299 0.0291035 9.996E-05 0.373123 9.996E-05 9.996E-05 0.257916
0.0473376 9.99648E-05 0.0186354 0.185658 0.068484 9.99648E-05 0.345352 9.99648E-05 9.99648E-05 0.334134
0.113183 9.99648E-05 0.0685811 0.0553895 0.053311 9.99648E-05 0.500842 9.99648E-05 9.99648E-05 0.208294
9.99649E-05 9.99649E-05 0.0146863 0.0503318 0.0475173 0.120287 0.422348 9.99649E-05 9.99649E-05 0.34443
0.0660643 0.102144 9.99736E-05 0.0606568 0.0214026 9.99736E-05 0.413498 0.0606906 9.99736E-05 0.275244
9.99475E-05 9.99475E-05 9.99475E-05 0.11115 9.99475E-05 0.0396262 0.597369 9.99475E-05 9.99475E-05 0.251255
0.164676 9.99649E-05 0.0701787 0.424365 0.0787358 9.99649E-05 0.162311 9.99649E-05 9.99649E-05 0.0993335
