0.0633237 0.533443 9.99736E-05 0.0761565 9.99736E-05 0.261774 9.99736E-05 0.0650025
9.99561E-05 0.825738 9.99561E-05 0.0198697 9.99561E-05 0.153892 9.99561E-05 9.99561E-05
9.99561E-05 0.910093 0.0611636 9.99561E-05 9.99561E-05 9.99561E-05 9.99561E-05 0.0282436
0.0741343 0.332697 0.0104135 9.99912E-05 0.0382712 0.150458 0.303844 0.0900816
9.99473E-05 0.831922 9.99473E-05 9.99473E-05 9.99473E-05 9.99473E-05 0.167479 9.99473E-05
0.00256794 0.34228 0.119658 0.00288191 0.20051 0.0750033 0.256999 9.99912E-05
0.158121 0.337635 9.99649E-05 9.99649E-05 9.99649E-05 0.212996 0.290848 9.99649E-05
0.0440069 0.300566 0.0200627 0.0412287 0.204715 9.99825E-05 0.389221 9.99825E-05
0.0167691 0.336198 9.99824E-05 9.99824E-05 0.235451 0.282782 0.0272313 0.101369
9.994E-05 0.9993 9.994E-05 9.994E-05 9.994E-05 9.994E-05 9.994E-05 9.994E-05
0.16524 0.585671 9.99649E-05 9.99649E-05 9.99649E-05 0.220903 9.99649E-05 0.0277866
0.0196462 0.945794 9.99561E-05 9.99561E-05 9.99561E-05 9.99561E-05 0.0340603 9.99561E-05
9.99473E-05 0.921954 9.99473E-05 9.99473E-05 9.99473E-05 0.0774462 9.99473E-05 9.99473E-05
0.109954 0.67783 0.195826 9.99649E-05 9.99649E-05 0.0159905 9.99649E-05 9.99649E-05
9.99737E-05 0.395516 0.0679496 9.99737E-05 0.178392 0.286237 9.99737E-05 0.0716047
9.99648E-05 0.321929 9.99648E-05 9.99648E-05 0.162586 0.17853 0.336555 9.99648E-05
0.0668534 0.678809 0.178429 0.00244162 9.99825E-05 0.0719631 0.00130399 9.99825E-05
9.99737E-05 0.288539 9.99737E-05 0.206434 0.0722345 0.292763 9.99737E-05 0.13973
9.99824E-05 0.42784 9.99824E-05 0.122051 0.23465 0.168544 0.00607386 0.0406408
9.994E-05 0.9993 9.994E-05 9.994E-05 9.994E-05 9.994E-05 9.994E-05 9.994E-05
0.0776541 0.510906 9.99824E-05 9.99824E-05 0.0892272 0.0281251 0.264451 0.0294369
9.99737E-05 0.37469 9.99737E-05 0.0287261 0.230189 0.0369255 0.329169 9.99737E-05
0.0490812 0.714568 9.99561E-05 9.99561E-05 9.99561E-05 0.235851 9.99561E-05 9.99561E-05
9.99561E-05 0.487535 9.99561E-05 9.99561E-05 9.99561E-05 0.398893 0.113072 9.99561E-05
0.0793893 0.310314 0.156304 9.99912E-05 0.0562181 0.132891 0.073182 0.191601
9.99736E-05 0.769722 0.0616718 9.99736E-05 0.0208743 0.0449074 0.102525 9.99736E-05
0.00100397 0.146833 0.236634 0.157716 0.0184088 0.2905 0.0640398 0.084864
0.0175179 0.770516 0.0219373 9.99737E-05 9.99737E-05 0.170295 0.0194339 9.99737E-05
9.99561E-05 0.717665 9.99561E-05 9.99561E-05 9.99561E-05 0.241316 9.99561E-05 0.0405192
9.99649E-05 0.871259 0.0725195 9.99649E-05 0.0291438 0.0266784 9.99649E-05 9.99649E-05
0.107128 0.766766 9.99737E-05 9.99737E-05 0.0337587 0.0501271 9.99737E-05 0.0419198
0.0609346 0.598581 0.224732 9.99824E-05 0.052451 0.00968037 0.0534213 9.99824E-05
0.135211 0.630872 9.99648E-05 9.99648E-05 9.99648E-05 0.218706 0.0148107 9.99648E-05
0.0127952 0.481626 0.272743 0.0651598 9.99824E-05 0.0972183 0.0702571 9.99824E-05
0.0297969 0.849476 9.99737E-05 9.99737E-05 0.00357792 0.0730733 9.99737E-05 0.0437754
0.0270441 0.798479 9.99824E-05 9.99824E-05 0.0446429 0.0263696 0.0702301 0.0330347
0.0084884 0.931121 9.99649E-05 9.99649E-05 9.99649E-05 9.99649E-05 0.0572352 0.00275507
9.99649E-05 0.645986 9.99649E-05 9.99649E-05 0.164743 0.0985791 9.99649E-05 0.0902917
0.028788 0.548325 0.0971576 9.99825E-05 0.038592 0.210345 0.0765919 9.99825E-05
9.99649E-05 0.622415 0.196239 9.99649E-05 9.99649E-05 0.0458262 0.13512 9.99649E-05
0.0327553 0.831536 9.99736E-05 9.99736E-05 0.000293584 0.0873936 0.0477213 9.99736E-05
9.99561E-05 0.776224 9.99561E-05 9.99561E-05 0.0556209 0.167655 9.99561E-05 9.99561E-05
9.99473E-05 0.954372 9.99473E-05 9.99473E-05 9.99473E-05 9.99473E-05 0.0450286 9.99473E-05
0.0417149 0.487476 9.99737E-05 9.99737E-05 0.0997635 0.327178 9.99737E-05 0.0435677
9.99649E-05 0.333217 9.99649E-05 9.99649E-05 9.99649E-05 0.333885 0.316046 0.0164522
9.99561E-05 0.885719 9.99561E-05 9.99561E-05 0.0126829 9.99561E-05 9.99561E-05 0.101099
0.0787508 0.803364 9.99649E-05 9.99649E-05 0.0661242 0.0513616 9.99649E-05 9.99649E-05
9.994E-05 0.9993 9.994E-05 9.994E-05 9.994E-05 9.994E-05 9.994E-05 9.994E-05
0.0113999 0.714433 9.99736E-05 0.0151479 9.99736E-05 0.173904 0.0848149 9.99736E-05
0.0316944 0.778746 9.99737E-05 0.0916108 9.99737E-05 9.99737E-05 0.0414457 0.0562036
0.163759 0.302406 0.128626 9.99912E-05 0.0166215 0.309322 0.046869 0.0322963
9.99649E-05 0.679987 9.99649E-05 9.99649E-05 0.0287935 9.99649E-05 0.264909 0.0259105
9.99649E-05 0.880303 9.99649E-05 0.00479103 0.0397065 0.0747991 9.99649E-05 9.99649E-05
9.999E-05 0.62608 0.0349896 0.044893 0.0627691 0.0720994 0.134257 0.024812
9.99737E-05 0.800093 9.99737E-05 0.027972 9.99737E-05 0.095016 0.0157379 0.0608808
0.0476412 0.797111 0.0922316 9.99649E-05 9.99649E-05 9.99649E-05 9.99649E-05 0.0626168
9.99736E-05 0.796229 9.99736E-05 0.083922 0.0141473 0.0283478 0.0770538 9.99736E-05
0.0778287 0.921572 9.99473E-05 9.99473E-05 9.99473E-05 9.99473E-05 9.99473E-05 9.99473E-05
0.045912 0.829737 9.99824E-05 0.00834664 0.00713294 0.103158 9.99824E-05 0.00551431
0.105828 0.0632903 9.99737E-05 0.122818 0.0569447 0.65082 9.99737E-05 9.99737E-05
0.00498844 0.340789 9.99737E-05 9.99737E-05 0.00660075 0.407631 0.239691 9.99737E-05
0.00445881 0.340686 9.99737E-05 0.141867 9.99737E-05 0.388948 0.12374 9.99737E-05
9.99649E-05 9.99649E-05 0.236037 0.109075 0.216522 0.437966 9.99649E-05 9.99649E-05
0.0218224 0.121433 9.99912E-05 0.100082 0.103651 0.445349 0.169231 0.0383312
0.0261305 9.99649E-05 9.99649E-05 0.129111 0.05189 0.792468 9.99649E-05 9.99649E-05
0.116914 0.000134852 9.99737E-05 0.037031 0.0468002 0.79882 9.99737E-05 9.99737E-05
0.0040587 9.99737E-05 0.014371 0.240566 0.125201 0.615504 9.99737E-05 9.99737E-05
9.99649E-05 0.234125 0.0313942 0.11529 9.99649E-05 0.618791 9.99649E-05 9.99649E-05
0.172024 0.341029 9.99824E-05 0.100654 0.0057706 0.366838 0.0134836 9.99824E-05
0.211105 9.99649E-05 9.99649E-05 0.0301965 0.111035 0.647264 9.99649E-05 9.99649E-05
0.156011 0.0666433 9.99737E-05 9.99737E-05 0.0323935 0.386286 0.358366 9.99737E-05
0.141299 0.0168116 0.0245582 0.0445467 0.154147 0.368189 0.250349 9.99912E-05
9.99561E-05 9.99561E-05 9.99561E-05 9.99561E-05 0.0593257 0.652565 0.287609 9.99561E-05
0.101862 0.319496 0.172602 0.0216975 0.0814377 0.265445 0.0373602 9.99912E-05
0.1123 0.244535 0.038632 0.0328769 0.0277356 0.495625 0.0481954 9.99912E-05
9.99649E-05 9.99649E-05 0.0464514 0.214008 9.99649E-05 0.548596 0.190545 9.99649E-05
0.22059 0.169897 9.99824E-05 0.0661332 0.138756 0.288748 0.115674 9.99824E-05
0.090066 0.247852 0.0114484 0.174985 0.0610319 0.335179 0.0793379 9.99912E-05
0.116075 9.99649E-05 9.99649E-05 0.0142956 9.99649E-05 0.773162 0.0960676 9.99649E-05
0.0210011 0.267579 0.0338263 0.0258748 9.99825E-05 0.52363 0.127889 9.99825E-05
9.99737E-05 0.139863 9.99737E-05 0.077423 0.0260045 0.643628 0.112782 9.99737E-05
0.000360182 0.218788 0.242622 0.0715533 9.99825E-05 0.462756 9.99825E-05 0.00372082
0.0528337 0.162449 0.0544916 0.185556 0.113229 0.316836 0.114504 9.99912E-05
0.225474 0.282597 9.99824E-05 9.99824E-05 0.0348461 0.420065 0.0197955 0.0170218
0.0643872 0.407076 9.99737E-05 9.99737E-05 0.0881748 0.437041 9.99737E-05 0.00302045
9.99825E-05 0.49144 0.0568418 0.0809396 0.0119158 0.330223 0.0284397 9.99825E-05
9.9965E-05 0.231914 9.9965E-05 0.0423893 9.9965E-05 0.641296 0.0840011 9.9965E-05
9.99649E-05 0.243952 9.99649E-05 0.209273 0.146334 0.400041 9.99649E-05 9.99649E-05
9.99737E-05 0.353278 0.0549115 9.99737E-05 0.130677 0.402406 0.0584276 9.99737E-05
9.9956E-05 9.9956E-05 0.749479 9.9956E-05 0.0764647 0.173557 9.9956E-05 9.9956E-05
9.99474E-05 9.99474E-05 0.99004 9.99474E-05 0.00935997 9.99474E-05 9.99474E-05 9.99474E-05
0.0964666 9.99736E-05 0.766804 0.0718334 0.0325749 0.0320214 9.99736E-05 9.99736E-05
0.0469453 9.99736E-05 0.707013 0.0493138 0.124603 0.071825 9.99736E-05 9.99736E-05
9.99736E-05 9.99736E-05 0.670532 9.99736E-05 0.169779 0.0243487 0.0495026 0.0855381
9.99736E-05 9.99736E-05 0.570297 0.00542016 0.191232 0.165444 9.99736E-05 0.067307
0.0631797 9.99736E-05 0.712809 0.0369785 0.130065 0.0566675 9.99736E-05 9.99736E-05
0.0239933 9.99648E-05 0.621509 9.99648E-05 0.344636 9.99648E-05 9.99648E-05 0.00946187
0.0183219 9.99648E-05 0.335748 9.99648E-05 0.418101 0.22743 9.99648E-05 9.99648E-05
9.99648E-05 9.99648E-05 0.460152 0.00977371 0.269493 0.260181 9.99648E-05 9.99648E-05
0.0259447 9.99649E-05 0.823457 9.99649E-05 0.0689443 0.0812539 9.99649E-05 9.99649E-05
0.0105182 9.99561E-05 0.775615 9.99561E-05 9.99561E-05 0.213367 9.99561E-05 9.99561E-05
9.99473E-05 9.99473E-05 0.839734 9.99473E-05 0.159666 9.99473E-05 9.99473E-05 9.99473E-05
9.99561E-05 9.99561E-05 0.617994 9.99561E-05 0.203172 0.178334 9.99561E-05 9.99561E-05
0.0329897 9.99737E-05 0.702261 0.170735 0.0805838 9.99737E-05 9.99737E-05 0.013131
0.0746715 9.99736E-05 0.569485 9.99736E-05 0.0112809 0.327819 9.99736E-05 0.0164437
9.99736E-05 9.99736E-05 0.57402 0.0492776 0.100584 0.216188 9.99736E-05 0.0596311
0.0370528 9.99649E-05 0.625502 9.99649E-05 0.185163 9.99649E-05 0.151882 9.99649E-05
0.0564642 9.99649E-05 0.874932 9.99649E-05 0.0589682 9.99649E-05 0.00923578 9.99649E-05
0.0135597 9.99737E-05 0.694289 9.99737E-05 0.119867 0.132847 9.99737E-05 0.0391364
9.99649E-05 9.99649E-05 0.664676 9.99649E-05 0.0627412 0.152228 0.119954 9.99649E-05
0.0737483 9.99648E-05 0.725835 0.0620653 0.137952 9.99648E-05 9.99648E-05 9.99648E-05
9.99648E-05 9.99648E-05 0.326282 9.99648E-05 0.220942 0.354692 9.99648E-05 0.097684
9.99473E-05 9.99473E-05 0.781931 9.99473E-05 0.217469 9.99473E-05 9.99473E-05 9.99473E-05
9.99736E-05 9.99736E-05 0.341187 9.99736E-05 0.227925 0.274687 0.00941626 0.146485
9.99649E-05 9.99649E-05 0.595153 0.0248839 0.140255 0.239308 9.99649E-05 9.99649E-05
9.9965E-05 0.0137156 0.927398 9.9965E-05 9.9965E-05 9.9965E-05 0.00390322 0.0545831
9.99648E-05 9.99648E-05 0.648031 9.99648E-05 0.146475 9.99648E-05 0.191193 0.0139006
9.99649E-05 9.99649E-05 0.493045 9.99649E-05 0.174639 0.279075 9.99649E-05 0.0528423
0.0517852 9.99736E-05 0.794992 9.99736E-05 0.00243447 0.0829888 9.99736E-05 0.0674994
9.99736E-05 9.99736E-05 0.594293 9.99736E-05 0.0826418 0.225682 0.0480814 0.0490027
0.0372969 9.99561E-05 0.88992 9.99561E-05 9.99561E-05 9.99561E-05 9.99561E-05 0.0722833
9.99648E-05 9.99648E-05 0.27603 9.99648E-05 0.379256 0.125594 9.99648E-05 0.218721
9.99648E-05 9.99648E-05 0.692947 9.99648E-05 0.117427 0.121775 9.99648E-05 0.0674515
9.99473E-05 9.99473E-05 0.957534 9.99473E-05 0.041866 9.99473E-05 9.99473E-05 9.99473E-05
0.0548031 9.99649E-05 0.816595 9.99649E-05 0.119657 9.99649E-05 0.00854561 9.99649E-05
9.99736E-05 9.99736E-05 0.547279 0.09526 0.141521 0.191534 9.99736E-05 0.0241058
9.99474E-05 9.99474E-05 0.964635 9.99474E-05 0.0347652 9.99474E-05 9.99474E-05 9.99474E-05
9.99649E-05 9.99649E-05 0.965199 0.00346266 0.00872604 9.99649E-05 9.99649E-05 0.0222123
9.994E-05 9.994E-05 0.9993 9.994E-05 9.994E-05 9.994E-05 9.994E-05 9.994E-05
9.99562E-05 9.99562E-05 0.937699 9.99562E-05 0.0275574 9.99562E-05 9.99562E-05 0.0342437
0.0320844 9.99648E-05 0.362628 9.99648E-05 0.1286 0.476288 9.99648E-05 9.99648E-05
9.99561E-05 9.99561E-05 0.72954 9.99561E-05 0.207612 9.99561E-05 0.0623484 9.99561E-05
9.99562E-05 0.0124772 0.895201 9.99562E-05 0.0918221 9.99562E-05 9.99562E-05 9.99562E-05
9.994E-05 9.994E-05 0.9993 9.994E-05 9.994E-05 9.994E-05 9.994E-05 9.994E-05
9.99648E-05 9.99648E-05 0.306746 9.99648E-05 0.300624 0.230452 9.99648E-05 0.161778
0.0659359 9.99824E-05 0.563981 0.0994803 0.109396 0.13805 9.99824E-05 0.0229573
0.0336828 9.99825E-05 0.519002 0.0544791 0.169052 0.104668 0.118916 9.99825E-05
0.0635432 9.99736E-05 0.388773 9.99736E-05 0.311757 0.191126 9.99736E-05 0.0444996
9.994E-05 9.994E-05 0.9993 9.994E-05 9.994E-05 9.994E-05 9.994E-05 9.994E-05
0.025625 9.99824E-05 0.525621 9.99824E-05 0.0362911 0.178877 0.132065 0.10132
9.99474E-05 9.99474E-05 0.883551 9.99474E-05 0.11585 9.99474E-05 9.99474E-05 9.99474E-05
9.99649E-05 9.99649E-05 0.787432 0.0430278 0.0832455 0.085895 9.99649E-05 9.99649E-05
9.99649E-05 9.99649E-05 0.714773 0.0113779 0.209863 9.99649E-05 9.99649E-05 0.0635866
0.0618239 9.99736E-05 0.826964 0.0669105 0.0204105 9.99736E-05 9.99736E-05 0.0235907
9.9956E-05 9.9956E-05 0.289755 9.9956E-05 0.276377 0.433368 9.9956E-05 9.9956E-05
9.99648E-05 9.99648E-05 0.715331 9.99648E-05 0.182376 0.0678208 9.99648E-05 0.0340727
0.0547116 9.99824E-05 0.750029 9.99824E-05 0.122267 0.00548343 0.0338209 0.0334884
9.99561E-05 9.99561E-05 0.810264 9.99561E-05 9.99561E-05 0.0351571 9.99561E-05 0.15408
9.99561E-05 9.99561E-05 0.834927 9.99561E-05 0.162671 9.99561E-05 9.99561E-05 0.00190207
9.994E-05 9.994E-05 9.994E-05 9.994E-05 9.994E-05 0.9993 9.994E-05 9.994E-05
9.994E-05 9.994E-05 9.994E-05 9.994E-05 0.9993 9.994E-05 9.994E-05 9.994E-05
9.994E-05 9.994E-05 9.994E-05 9.994E-05 9.994E-05 0.9993 9.994E-05 9.994E-05
9.994E-05 9.994E-05 9.994E-05 9.994E-05 0.9993 9.994E-05 9.994E-05 9.994E-05
9.994E-05 9.994E-05 9.994E-05 9.994E-05 0.9993 9.994E-05 9.994E-05 9.994E-05
9.994E-05 9.994E-05 9.994E-05 9.994E-05 0.9993 9.994E-05 9.994E-05 9.994E-05
9.994E-05 9.994E-05 9.994E-05 9.994E-05 9.994E-05 0.9993 9.994E-05 9.994E-05
9.994E-05 9.994E-05 9.994E-05 9.994E-05 0.9993 9.994E-05 9.994E-05 9.994E-05
9.994E-05 9.994E-05 9.994E-05 9.994E-05 0.9993 9.994E-05 9.994E-05 9.994E-05
9.99472E-05 9.99472E-05 9.99472E-05 9.99472E-05 9.99472E-05 0.99515 9.99472E-05 0.00424993
9.994E-05 9.994E-05 9.994E-05 9.994E-05 9.994E-05 0.9993 9.994E-05 9.994E-05
9.994E-05 9.994E-05 9.994E-05 9.994E-05 9.994E-05 0.9993 9.994E-05 9.994E-05
9.994E-05 9.994E-05 9.994E-05 9.994E-05 0.9993 9.994E-05 9.994E-05 9.994E-05
9.994E-05 9.994E-05 9.994E-05 9.994E-05 0.9993 9.994E-05 9.994E-05 9.994E-05
9.994E-05 9.994E-05 9.994E-05 9.994E-05 9.994E-05 0.9993 9.994E-05 9.994E-05
9.994E-05 9.994E-05 9.994E-05 9.994E-05 9.994E-05 0.9993 9.994E-05 9.994E-05
9.99736E-05 9.99736E-05 0.346568 9.99736E-05 0.123527 0.257201 0.206747 0.0656569
9.994E-05 9.994E-05 9.994E-05 9.994E-05 9.994E-05 0.9993 9.994E-05 9.994E-05
9.994E-05 9.994E-05 9.994E-05 9.994E-05 0.9993 9.994E-05 9.994E-05 9.994E-05
9.994E-05 9.994E-05 9.994E-05 9.994E-05 9.994E-05 0.9993 9.994E-05 9.994E-05
9.994E-05 9.994E-05 9.994E-05 9.994E-05 9.994E-05 0.9993 9.994E-05 9.994E-05
9.994E-05 9.994E-05 9.994E-05 9.994E-05 9.994E-05 0.9993 9.994E-05 9.994E-05
9.994E-05 9.994E-05 9.994E-05 9.994E-05 0.9993 9.994E-05 9.994E-05 9.994E-05
9.994E-05 9.994E-05 9.994E-05 9.994E-05 9.994E-05 0.9993 9.994E-05 9.994E-05
9.994E-05 9.994E-05 9.994E-05 9.994E-05 0.9993 9.994E-05 9.994E-05 9.994E-05
9.994E-05 9.994E-05 9.994E-05 9.994E-05 9.994E-05 0.9993 9.994E-05 9.994E-05
9.994E-05 9.994E-05 9.994E-05 9.994E-05 9.994E-05 0.9993 9.994E-05 9.994E-05
9.994E-05 9.994E-05 9.994E-05 9.994E-05 0.9993 9.994E-05 9.994E-05 9.994E-05
9.994E-05 9.994E-05 9.994E-05 9.994E-05 0.9993 9.994E-05 9.994E-05 9.994E-05
9.994E-05 9.994E-05 9.994E-05 9.994E-05 0.9993 9.994E-05 9.994E-05 9.994E-05
9.994E-05 9.994E-05 9.994E-05 9.994E-05 9.994E-05 0.9993 9.994E-05 9.994E-05
9.994E-05 9.994E-05 9.994E-05 9.994E-05 9.994E-05 0.9993 9.994E-05 9.994E-05
9.994E-05 9.994E-05 9.994E-05 9.994E-05 9.994E-05 0.9993 9.994E-05 9.994E-05
9.994E-05 9.994E-05 9.994E-05 9.994E-05 9.994E-05 0.9993 9.994E-05 9.994E-05
9.994E-05 9.994E-05 9.994E-05 9.994E-05 9.994E-05 0.9993 9.994E-05 9.994E-05
9.994E-05 9.994E-05 9.994E-05 9.994E-05 0.9993 9.994E-05 9.994E-05 9.994E-05
9.994E-05 9.994E-05 9.994E-05 9.994E-05 0.9993 9.994E-05 9.994E-05 9.994E-05
9.994E-05 9.994E-05 9.994E-05 9.994E-05 0.9993 9.994E-05 9.994E-05 9.994E-05
9.994E-05 9.994E-05 9.994E-05 9.994E-05 9.994E-05 0.9993 9.994E-05 9.994E-05
9.994E-05 9.994E-05 9.994E-05 9.994E-05 0.9993 9.994E-05 9.994E-05 9.994E-05
9.994E-05 9.994E-05 9.994E-05 9.994E-05 0.9993 9.994E-05 9.994E-05 9.994E-05
9.994E-05 9.994E-05 9.994E-05 9.994E-05 0.9993 9.994E-05 9.994E-05 9.994E-05
9.994E-05 9.994E-05 9.994E-05 9.994E-05 0.9993 9.994E-05 9.994E-05 9.994E-05
9.994E-05 9.994E-05 9.994E-05 9.994E-05 9.994E-05 0.9993 9.994E-05 9.994E-05
9.994E-05 9.994E-05 9.994E-05 9.994E-05 0.9993 9.994E-05 9.994E-05 9.994E-05
9.994E-05 9.994E-05 9.994E-05 9.994E-05 0.9993 9.994E-05 9.994E-05 9.994E-05
9.99824E-05 9.99824E-05 0.410494 0.0208875 0.124051 0.170495 0.188873 0.0849995
9.994E-05 9.994E-05 9.994E-05 9.994E-05 9.994E-05 0.9993 9.994E-05 9.994E-05
9.994E-05 9.994E-05 9.994E-05 9.994E-05 0.9993 9.994E-05 9.994E-05 9.994E-05
9.994E-05 9.994E-05 9.994E-05 9.994E-05 0.9993 9.994E-05 9.994E-05 9.994E-05
9.994E-05 9.994E-05 9.994E-05 9.994E-05 0.9993 9.994E-05 9.994E-05 9.994E-05
9.994E-05 9.994E-05 9.994E-05 9.994E-05 0.9993 9.994E-05 9.994E-05 9.994E-05
9.994E-05 9.994E-05 9.994E-05 9.994E-05 9.994E-05 0.9993 9.994E-05 9.994E-05
9.994E-05 9.994E-05 9.994E-05 9.994E-05 0.9993 9.994E-05 9.994E-05 9.994E-05
9.994E-05 9.994E-05 9.994E-05 9.994E-05 9.994E-05 0.9993 9.994E-05 9.994E-05
9.994E-05 9.994E-05 9.994E-05 9.994E-05 0.9993 9.994E-05 9.994E-05 9.994E-05
9.994E-05 9.994E-05 9.994E-05 9.994E-05 9.994E-05 0.9993 9.994E-05 9.994E-05
9.994E-05 9.994E-05 9.994E-05 9.994E-05 0.9993 9.994E-05 9.994E-05 9.994E-05
9.994E-05 9.994E-05 9.994E-05 9.994E-05 0.9993 9.994E-05 9.994E-05 9.994E-05
9.994E-05 9.994E-05 9.994E-05 9.994E-05 0.9993 9.994E-05 9.994E-05 9.994E-05
9.994E-05 9.994E-05 9.994E-05 9.994E-05 0.9993 9.994E-05 9.994E-05 9.994E-05
9.994E-05 9.994E-05 9.994E-05 9.994E-05 0.9993 9.994E-05 9.994E-05 9.994E-05
9.994E-05 9.994E-05 9.994E-05 9.994E-05 0.9993 9.994E-05 9.994E-05 9.994E-05
9.994E-05 9.994E-05 9.994E-05 9.994E-05 9.994E-05 0.9993 9.994E-05 9.994E-05
9.994E-05 9.994E-05 9.994E-05 9.994E-05 9.994E-05 0.9993 9.994E-05 9.994E-05
9.994E-05 9.994E-05 9.994E-05 9.994E-05 9.994E-05 0.9993 9.994E-05 9.994E-05
9.994E-05 9.994E-05 9.994E-05 9.994E-05 0.9993 9.994E-05 9.994E-05 9.994E-05
9.99472E-05 9.99472E-05 9.99472E-05 9.99472E-05 9.99472E-05 0.987641 9.99472E-05 0.011759
9.994E-05 9.994E-05 9.994E-05 9.994E-05 9.994E-05 0.9993 9.994E-05 9.994E-05
9.994E-05 9.994E-05 9.994E-05 9.994E-05 9.994E-05 0.9993 9.994E-05 9.994E-05
9.994E-05 9.994E-05 9.994E-05 9.994E-05 0.9993 9.994E-05 9.994E-05 9.994E-05
9.994E-05 9.994E-05 9.994E-05 9.994E-05 0.9993 9.994E-05 9.994E-05 9.994E-05
9.994E-05 9.994E-05 9.994E-05 9.994E-05 0.9993 9.994E-05 9.994E-05 9.994E-05
9.994E-05 9.994E-05 9.994E-05 9.994E-05 9.994E-05 0.9993 9.994E-05 9.994E-05
9.994E-05 9.994E-05 9.994E-05 9.994E-05 0.9993 9.994E-05 9.994E-05 9.994E-05
9.994E-05 9.994E-05 9.994E-05 9.994E-05 0.9993 9.994E-05 9.994E-05 9.994E-05
9.994E-05 9.994E-05 9.994E-05 9.994E-05 9.994E-05 0.9993 9.994E-05 9.994E-05
9.994E-05 9.994E-05 9.994E-05 9.994E-05 0.9993 9.994E-05 9.994E-05 9.994E-05
9.994E-05 9.994E-05 9.994E-05 9.994E-05 0.9993 9.994E-05 9.994E-05 9.994E-05
0.206622 9.99736E-05 0.265516 0.045708 0.0963084 0.385546 9.99736E-05 9.99736E-05
9.99472E-05 9.99472E-05 9.99472E-05 9.99472E-05 9.99472E-05 0.997554 9.99472E-05 0.00184632
9.994E-05 9.994E-05 9.994E-05 9.994E-05 0.9993 9.994E-05 9.994E-05 9.994E-05
9.99824E-05 9.99824E-05 0.429471 0.0672118 0.458997 0.00133542 0.0175339 0.0252505
9.99648E-05 9.99648E-05 0.584692 9.99648E-05 0.217355 9.99648E-05 0.114472 0.0830799
9.99648E-05 9.99648E-05 0.455161 9.99648E-05 0.125615 0.350952 9.99648E-05 0.067872
9.99736E-05 9.99736E-05 0.738251 0.0683872 9.99736E-05 0.0750281 0.0734707 0.0445635
9.9956E-05 9.9956E-05 0.384707 9.9956E-05 0.247968 0.366826 9.9956E-05 9.9956E-05
9.99475E-05 9.99475E-05 0.868995 9.99475E-05 0.130405 9.99475E-05 9.99475E-05 9.99475E-05
9.99649E-05 9.99649E-05 0.329386 9.99649E-05 0.337125 0.162461 0.170629 9.99649E-05
0.0861373 9.99736E-05 0.593112 0.0932299 0.170227 9.99736E-05 9.99736E-05 0.0569946
9.99474E-05 9.99474E-05 0.795055 9.99474E-05 0.204346 9.99474E-05 9.99474E-05 9.99474E-05
9.99648E-05 9.99648E-05 0.74768 9.99648E-05 9.99648E-05 0.0753148 0.163501 0.0131045
0.103381 9.99648E-05 0.75255 9.99648E-05 0.0248875 0.118781 9.99648E-05 9.99648E-05
9.9956E-05 9.9956E-05 0.44115 9.9956E-05 0.54283 0.0155201 9.9956E-05 9.9956E-05
9.99736E-05 9.99736E-05 0.319068 0.0800994 0.259025 0.318409 0.0230983 9.99736E-05
9.9956E-05 9.9956E-05 0.817395 0.126826 0.0552796 9.9956E-05 9.9956E-05 9.9956E-05
0.0781743 9.99736E-05 0.560174 9.99736E-05 0.170201 0.165803 0.0253474 9.99736E-05
0.056341 9.99649E-05 0.331226 9.99649E-05 0.315031 0.297002 9.99649E-05 9.99649E-05
9.99649E-05 9.99649E-05 0.784714 9.99649E-05 0.185629 0.0217512 9.99649E-05 0.00750577
0.0482393 9.99824E-05 0.319702 0.0891072 0.0306436 0.397075 9.99824E-05 0.115033
0.0455046 9.99736E-05 0.548588 9.99736E-05 0.164999 0.140976 9.99736E-05 0.0996324
9.99648E-05 9.99648E-05 0.595254 9.99648E-05 0.160267 0.168289 0.0757897 9.99648E-05
9.99736E-05 9.99736E-05 0.658295 9.99736E-05 0.154484 0.107344 0.0346585 0.0449185
9.99561E-05 9.99561E-05 0.699555 9.99561E-05 0.273191 9.99561E-05 0.0267542 9.99561E-05
0.110266 9.99824E-05 0.473462 0.046328 0.258085 9.99824E-05 0.077191 0.0344679
0.015537 9.99736E-05 0.708004 0.0290487 0.140989 9.99736E-05 9.99736E-05 0.106122
9.99648E-05 9.99648E-05 0.773684 0.139151 0.079163 0.00760282 9.99648E-05 9.99648E-05
9.994E-05 9.994E-05 0.9993 9.994E-05 9.994E-05 9.994E-05 9.994E-05 9.994E-05
9.99824E-05 9.99824E-05 0.573636 0.0266977 0.071786 0.178317 0.135144 0.0142186
9.99736E-05 9.99736E-05 0.35999 0.0323586 0.280043 0.323219 9.99736E-05 0.00408905
9.99648E-05 9.99648E-05 0.801885 0.0257311 9.99648E-05 9.99648E-05 0.110601 0.0613824
9.99648E-05 9.99648E-05 0.622227 0.103609 0.159378 9.99648E-05 9.99648E-05 0.114386
0.0147102 9.99736E-05 0.360043 9.99736E-05 0.340799 0.210228 0.0739188 9.99736E-05
0.00283946 9.99648E-05 0.581977 9.99648E-05 0.280576 0.134208 9.99648E-05 9.99648E-05
0.00947416 9.99824E-05 0.500666 0.0137873 0.201142 0.243839 0.0308914 9.99824E-05
0.028966 9.99736E-05 0.527979 0.0453068 0.240006 0.157442 9.99736E-05 9.99736E-05
0.081695 9.99736E-05 0.503512 0.0386118 0.183565 0.192316 9.99736E-05 9.99736E-05
9.99736E-05 9.99736E-05 0.708368 9.99736E-05 0.0922485 0.118596 0.0187271 0.0617609
9.994E-05 9.994E-05 0.9993 9.994E-05 9.994E-05 9.994E-05 9.994E-05 9.994E-05
0.074759 9.99824E-05 0.391989 0.106515 0.0433629 0.340653 0.0425219 9.99824E-05
0.0853276 9.99736E-05 0.747817 0.0520301 0.0198576 0.0946681 9.99736E-05 9.99736E-05
9.99736E-05 9.99736E-05 0.434731 9.99736E-05 0.195314 0.0892514 0.266323 0.0140807
9.99736E-05 9.99736E-05 0.590565 0.0224682 0.103961 0.212495 9.99736E-05 0.0702109
0.0387297 9.99824E-05 0.658683 9.99824E-05 0.111289 0.023276 0.124879 0.042943
9.99736E-05 9.99736E-05 0.460036 9.99736E-05 0.189058 0.161819 0.113306 0.0754814
9.99649E-05 9.99649E-05 0.274627 0.0496286 0.559562 0.115783 9.99649E-05 9.99649E-05
9.99648E-05 9.99648E-05 0.154653 0.00377109 0.327847 0.513329 9.99648E-05 9.99648E-05
9.99648E-05 9.99648E-05 0.647201 9.99648E-05 0.198652 9.99648E-05 0.137491 0.0162564
9.994E-05 9.994E-05 0.9993 9.994E-05 9.994E-05 9.994E-05 9.994E-05 9.994E-05
0.0242294 9.99736E-05 0.645283 9.99736E-05 0.293467 0.018337 9.99736E-05 0.0183841
9.99474E-05 9.99474E-05 0.954951 9.99474E-05 9.99474E-05 9.99474E-05 0.0444493 9.99474E-05
9.99736E-05 9.99736E-05 0.331442 0.0487771 0.119436 0.420675 0.0793706 9.99736E-05
9.99474E-05 9.99474E-05 0.928407 9.99474E-05 9.99474E-05 0.0709934 9.99474E-05 9.99474E-05
0.048848 9.99648E-05 0.635276 9.99648E-05 0.0153201 0.300156 9.99648E-05 9.99648E-05
0.057216 9.99648E-05 0.411589 9.99648E-05 9.99648E-05 0.47295 0.0578454 9.99648E-05
0.00424539 9.99648E-05 0.488962 9.99648E-05 0.16137 0.345023 9.99648E-05 9.99648E-05
9.9956E-05 9.9956E-05 0.715309 9.9956E-05 0.0756604 9.9956E-05 0.208531 9.9956E-05
9.99473E-05 9.99473E-05 0.670856 9.99473E-05 0.328544 9.99473E-05 9.99473E-05 9.99473E-05
9.99474E-05 9.99474E-05 0.825412 9.99474E-05 9.99474E-05 0.173988 9.99474E-05 9.99474E-05
9.99473E-05 9.99473E-05 0.826615 9.99473E-05 0.172785 9.99473E-05 9.99473E-05 9.99473E-05
9.99649E-05 9.99649E-05 0.517371 9.99649E-05 0.295753 0.145817 9.99649E-05 0.0406593
9.99561E-05 9.99561E-05 0.491408 9.99561E-05 0.234878 0.273214 9.99561E-05 9.99561E-05
9.994E-05 9.994E-05 0.9993 9.994E-05 9.994E-05 9.994E-05 9.994E-05 9.994E-05
9.99474E-05 9.99474E-05 0.957172 9.99474E-05 0.0422282 9.99474E-05 9.99474E-05 9.99474E-05
9.99562E-05 0.0748889 0.883 9.99562E-05 0.0416111 9.99562E-05 9.99562E-05 9.99562E-05
0.0749822 9.99648E-05 0.609645 9.99648E-05 0.114934 0.200039 9.99648E-05 9.99648E-05
9.9956E-05 9.9956E-05 0.710863 9.9956E-05 0.190902 9.9956E-05 9.9956E-05 0.0977343
9.99561E-05 9.99561E-05 0.686304 9.99561E-05 0.286017 9.99561E-05 0.0271791 9.99561E-05
9.99474E-05 9.99474E-05 0.929161 9.99474E-05 0.0702394 9.99474E-05 9.99474E-05 9.99474E-05
9.99737E-05 9.99737E-05 0.405922 0.0186615 0.295845 0.24828 9.99737E-05 0.0309915
0.00883239 9.99736E-05 0.595967 9.99736E-05 0.0382809 0.257284 9.99736E-05 0.0993359
9.99562E-05 9.99562E-05 0.781912 9.99562E-05 0.0217763 0.195812 9.99562E-05 9.99562E-05
9.99649E-05 9.99649E-05 0.514497 9.99649E-05 0.0495207 0.433717 9.99649E-05 0.00186477
9.99562E-05 0.121064 0.811369 9.99562E-05 9.99562E-05 0.067067 9.99562E-05 9.99562E-05
9.9956E-05 9.9956E-05 0.501486 9.9956E-05 0.309367 0.188646 9.9956E-05 9.9956E-05
9.99737E-05 9.99737E-05 0.547158 0.120933 9.99737E-05 0.200037 0.111545 0.0200276
9.99473E-05 9.99473E-05 0.932384 9.99473E-05 9.99473E-05 0.0670163 9.99473E-05 9.99473E-05
9.99561E-05 9.99561E-05 0.586089 9.99561E-05 0.152644 0.260767 9.99561E-05 9.99561E-05
9.99562E-05 0.0925845 0.796393 9.99562E-05 9.99562E-05 0.110522 9.99562E-05 9.99562E-05
9.9956E-05 9.9956E-05 0.90147 0.00596035 9.9956E-05 0.0920695 9.9956E-05 9.9956E-05
9.99562E-05 9.99562E-05 0.913531 9.99562E-05 0.0667377 0.0192311 9.99562E-05 9.99562E-05
0.0454884 9.99648E-05 0.491086 9.99648E-05 0.399175 0.0638511 9.99648E-05 9.99648E-05
0.0485184 9.99736E-05 0.620131 9.99736E-05 0.230853 9.99736E-05 0.0888329 0.0113643
0.0145964 9.99824E-05 0.539346 0.129122 0.210344 9.99824E-05 0.073832 0.0325595
9.99474E-05 9.99474E-05 0.952802 9.99474E-05 9.99474E-05 0.0465984 9.99474E-05 9.99474E-05
9.99649E-05 9.99649E-05 0.653334 0.0202535 0.250654 0.0753594 9.99649E-05 9.99649E-05
9.99649E-05 9.99649E-05 0.555907 9.99649E-05 0.172364 0.088826 9.99649E-05 0.182503
0.00904558 9.99649E-05 0.747282 9.99649E-05 0.00131885 0.241954 9.99649E-05 9.99649E-05
0.0113095 9.99736E-05 0.645397 0.16431 9.99736E-05 0.144473 9.99736E-05 0.0342105
0.00745173 9.99736E-05 0.445571 0.0425354 0.422724 0.0814182 9.99736E-05 9.99736E-05
0.0301571 9.99824E-05 0.545633 9.99824E-05 0.0761398 0.193376 0.146043 0.00845118
0.000600258 9.99824E-05 0.514774 9.99824E-05 0.213275 0.13398 0.0760151 0.0611557
9.99737E-05 9.99737E-05 0.479686 0.0199624 0.0495269 0.276318 9.99737E-05 0.174207
9.99648E-05 9.99648E-05 0.276261 0.0918198 0.104951 0.526568 9.99648E-05 9.99648E-05
9.99649E-05 0.0053178 0.377253 9.99649E-05 0.403611 0.213418 9.99649E-05 9.99649E-05
0.140321 9.99736E-05 0.429989 9.99736E-05 0.0683329 0.233951 9.99736E-05 0.127106
9.99473E-05 9.99473E-05 0.781998 9.99473E-05 0.217402 9.99473E-05 9.99473E-05 9.99473E-05
9.99561E-05 9.99561E-05 0.891684 9.99561E-05 0.00372501 0.104091 9.99561E-05 9.99561E-05
0.00193655 9.99736E-05 0.389991 0.0101302 0.351307 9.99736E-05 0.246335 9.99736E-05
0.150333 9.99648E-05 0.460414 9.99648E-05 0.0907016 0.298152 9.99648E-05 9.99648E-05
9.99561E-05 9.99561E-05 0.570895 0.0109139 9.99561E-05 0.417692 9.99561E-05 9.99561E-05
9.99649E-05 9.99649E-05 0.308255 9.99649E-05 0.106033 0.571775 9.99649E-05 0.0135377
0.0870928 9.99736E-05 0.364531 0.103105 0.257156 9.99736E-05 0.187816 9.99736E-05
9.99824E-05 9.99824E-05 0.502806 0.0193556 0.0698034 0.339052 0.044959 0.0238248
9.99736E-05 9.99736E-05 0.324159 0.0716328 0.119251 0.22788 9.99736E-05 0.256778
9.99562E-05 9.99562E-05 0.738046 0.129847 0.131607 9.99562E-05 9.99562E-05 9.99562E-05
9.9965E-05 0.00395277 0.797539 9.9965E-05 0.107711 0.0903969 9.9965E-05 9.9965E-05
9.99561E-05 9.99561E-05 0.634621 9.99561E-05 0.175762 0.189118 9.99561E-05 9.99561E-05
9.99648E-05 9.99648E-05 0.349865 0.228834 9.99648E-05 0.414071 9.99648E-05 0.00682949
9.99474E-05 9.99474E-05 0.963425 9.99474E-05 0.0359753 9.99474E-05 9.99474E-05 9.99474E-05
9.994E-05 9.994E-05 0.9993 9.994E-05 9.994E-05 9.994E-05 9.994E-05 9.994E-05
9.99648E-05 9.99648E-05 0.810176 0.0299489 0.0797753 9.99648E-05 9.99648E-05 0.0797002
9.99649E-05 9.99649E-05 0.821095 0.053043 0.117039 0.00842305 9.99649E-05 9.99649E-05
0.0179814 9.99561E-05 0.841021 9.99561E-05 9.99561E-05 0.140498 9.99561E-05 9.99561E-05
9.9956E-05 9.9956E-05 0.600354 9.9956E-05 0.0914234 0.307723 9.9956E-05 9.9956E-05
9.99736E-05 9.99736E-05 0.553025 9.99736E-05 0.0670912 0.157953 0.202012 0.019619
0.104903 9.99648E-05 0.33442 9.99648E-05 9.99648E-05 0.484275 9.99648E-05 0.0760021
9.99473E-05 9.99473E-05 0.624444 9.99473E-05 0.374956 9.99473E-05 9.99473E-05 9.99473E-05
9.99648E-05 9.99648E-05 0.608628 9.99648E-05 0.194348 0.100965 9.99648E-05 0.0956596
0.0319369 9.99824E-05 0.455682 0.127324 0.0196494 0.351114 9.99824E-05 0.0140924
0.0076629 9.99649E-05 0.916714 9.99649E-05 0.045306 9.99649E-05 9.99649E-05 0.0299175
0.0326302 9.99736E-05 0.264022 9.99736E-05 9.99736E-05 0.554558 0.133723 0.0147673
9.9956E-05 9.9956E-05 0.636098 0.120978 9.9956E-05 0.242424 9.9956E-05 9.9956E-05
0.0876786 9.99736E-05 0.548813 9.99736E-05 0.236199 0.0834936 9.99736E-05 0.0435164
9.99561E-05 9.99561E-05 0.384792 9.99561E-05 0.133962 0.480746 9.99561E-05 9.99561E-05
0.0539579 9.99736E-05 0.50122 9.99736E-05 0.216874 0.0992489 0.128399 9.99736E-05
9.99561E-05 9.99561E-05 0.70879 9.99561E-05 0.172533 0.118178 9.99561E-05 9.99561E-05
0.122558 9.99736E-05 0.467631 0.113502 0.162809 0.133199 9.99736E-05 9.99736E-05
9.99474E-05 9.99474E-05 0.938392 9.99474E-05 9.99474E-05 0.0610084 9.99474E-05 9.99474E-05
9.99562E-05 9.99562E-05 0.805404 9.99562E-05 0.0743642 0.119732 9.99562E-05 9.99562E-05
0.145878 9.99736E-05 0.452146 9.99736E-05 0.174739 0.124265 0.102672 9.99736E-05
0.00717929 9.99736E-05 0.520909 9.99736E-05 0.10645 0.316729 9.99736E-05 0.0484319
0.122605 0.000995211 9.99737E-05 9.99737E-05 0.221804 0.500795 0.1535 9.99737E-05
0.0886215 9.99737E-05 0.0505534 9.99737E-05 0.0678082 0.689185 0.103532 9.99737E-05
0.0342155 9.99649E-05 9.99649E-05 9.99649E-05 0.12268 0.559393 0.283312 9.99649E-05
0.0690602 9.99737E-05 0.246246 9.99737E-05 0.00299373 0.558465 0.122935 9.99737E-05
0.0971464 9.99912E-05 0.00581712 0.158622 0.155961 0.445113 0.0748001 0.0624403
9.99737E-05 0.260017 0.0214817 9.99737E-05 0.112846 0.579238 0.026117 9.99737E-05
0.061503 9.99561E-05 9.99561E-05 9.99561E-05 0.151575 0.786422 9.99561E-05 9.99561E-05
0.0896554 9.99737E-05 0.104038 9.99737E-05 0.155844 0.550924 0.0992386 9.99737E-05
0.0760193 0.240687 0.128565 0.0120042 0.0237725 0.456727 0.062125 9.99912E-05
9.99561E-05 9.99561E-05 9.99561E-05 9.99561E-05 0.258909 0.656797 0.0837939 9.99561E-05
0.161196 9.99824E-05 0.0662104 9.99824E-05 0.115517 0.543677 0.0593152 0.0538839
9.99649E-05 0.0592623 0.0766647 9.99649E-05 9.99649E-05 0.656691 9.99649E-05 0.206983
9.99737E-05 9.99737E-05 0.003193 9.99737E-05 0.213214 0.575628 0.183431 0.0242346
9.99562E-05 0.318999 0.0934723 9.99562E-05 9.99562E-05 0.587028 9.99562E-05 9.99562E-05
0.140408 0.000985465 0.161374 0.00319118 9.99825E-05 0.665366 0.0284763 9.99825E-05
0.0457911 9.99649E-05 9.99649E-05 9.99649E-05 0.206188 0.560805 0.186816 9.99649E-05
0.150689 0.0073621 0.0526198 9.99824E-05 0.0583922 0.717115 0.0136218 9.99824E-05
9.99474E-05 9.99474E-05 9.99474E-05 9.99474E-05 9.99474E-05 0.876892 0.122508 9.99474E-05
0.179655 9.99649E-05 9.99649E-05 9.99649E-05 0.0868381 0.622946 0.110161 9.99649E-05
9.99561E-05 9.99561E-05 9.99561E-05 9.99561E-05 0.140651 0.718696 0.140153 9.99561E-05
0.118685 0.00716568 9.99649E-05 9.99649E-05 0.119264 0.754485 9.99649E-05 9.99649E-05
0.0613886 0.128343 0.0456572 9.99824E-05 0.054456 0.5852 0.124756 9.99824E-05
0.106813 0.0741397 0.00501794 0.0122541 9.99912E-05 0.668197 0.0137215 0.119757
9.99561E-05 9.99561E-05 9.99561E-05 0.0932841 0.198501 0.707715 9.99561E-05 9.99561E-05
9.99561E-05 9.99561E-05 9.99561E-05 0.0172001 0.23313 0.74917 9.99561E-05 9.99561E-05
9.99473E-05 9.99473E-05 9.99473E-05 9.99473E-05 0.29315 0.706251 9.99473E-05 9.99473E-05
9.99472E-05 9.99472E-05 9.99472E-05 9.99472E-05 0.175777 0.823623 9.99472E-05 9.99472E-05
9.99474E-05 9.99474E-05 9.99474E-05 9.99474E-05 0.126164 0.873236 9.99474E-05 9.99474E-05
9.99473E-05 9.99473E-05 9.99473E-05 9.99473E-05 0.230448 0.768953 9.99473E-05 9.99473E-05
9.99561E-05 9.99561E-05 9.99561E-05 0.0203083 0.268388 0.710804 9.99561E-05 9.99561E-05
0.00689691 0.0689941 0.0388934 9.99737E-05 0.126208 0.758707 9.99737E-05 9.99737E-05
9.99561E-05 9.99561E-05 0.0121552 9.99561E-05 0.190004 0.797341 9.99561E-05 9.99561E-05
0.0275183 9.9956E-05 9.9956E-05 9.9956E-05 0.31262 0.659362 9.9956E-05 9.9956E-05
0.00785199 9.99649E-05 9.99649E-05 0.0841716 0.0753535 0.832223 9.99649E-05 9.99649E-05
0.0256838 9.99562E-05 9.99562E-05 9.99562E-05 0.160838 0.812979 9.99562E-05 9.99562E-05
0.0580703 9.9956E-05 9.9956E-05 9.9956E-05 0.292092 0.649338 9.9956E-05 9.9956E-05
9.99562E-05 9.99562E-05 0.113283 9.99562E-05 0.267773 0.618444 9.99562E-05 9.99562E-05
9.99562E-05 9.99562E-05 0.013133 9.99562E-05 0.0806373 0.90573 9.99562E-05 9.99562E-05
9.99561E-05 9.99561E-05 0.0519245 9.99561E-05 0.250599 0.696977 9.99561E-05 9.99561E-05
9.996E-05 9.996E-05 0.0321415 0.0176184 0.229502 0.720338 9.996E-05 9.996E-05
9.99561E-05 9.99561E-05 0.0505495 9.99561E-05 0.133847 0.815104 9.99561E-05 9.99561E-05
9.99473E-05 9.99473E-05 9.99473E-05 9.99473E-05 0.193317 0.806083 9.99473E-05 9.99473E-05
9.99474E-05 9.99474E-05 9.99474E-05 9.99474E-05 0.251791 0.747609 9.99474E-05 9.99474E-05
9.99472E-05 9.99472E-05 9.99472E-05 9.99472E-05 0.392661 0.606739 9.99472E-05 9.99472E-05
9.99474E-05 9.99474E-05 9.99474E-05 9.99474E-05 0.064749 0.934651 9.99474E-05 9.99474E-05
9.9956E-05 9.9956E-05 9.9956E-05 9.9956E-05 0.317441 0.677262 9.9956E-05 0.00479735
9.99474E-05 9.99474E-05 0.918727 9.99474E-05 9.99474E-05 9.99474E-05 9.99474E-05 0.0806738
9.99737E-05 9.99737E-05 9.99737E-05 0.0599784 0.183353 0.725636 0.0171095 0.0136225
9.99561E-05 9.99561E-05 0.00443431 9.99561E-05 0.176352 0.818714 9.99561E-05 9.99561E-05
0.125105 9.99561E-05 9.99561E-05 9.99561E-05 0.0910627 0.783332 9.99561E-05 9.99561E-05
9.99562E-05 9.99562E-05 0.0232512 9.99562E-05 0.16354 0.812709 9.99562E-05 9.99562E-05
9.99472E-05 9.99472E-05 9.99472E-05 9.99472E-05 0.333904 0.665496 9.99472E-05 9.99472E-05
9.99562E-05 9.99562E-05 0.0319875 9.99562E-05 0.17129 0.796223 9.99562E-05 9.99562E-05
0.0698002 9.99562E-05 9.99562E-05 9.99562E-05 0.174349 0.755351 9.99562E-05 9.99562E-05
9.99473E-05 9.99473E-05 9.99473E-05 9.99473E-05 0.0272113 0.972189 9.99473E-05 9.99473E-05
9.99474E-05 9.99474E-05 9.99474E-05 9.99474E-05 0.180925 0.818475 9.99474E-05 9.99474E-05
9.99473E-05 9.99473E-05 9.99473E-05 9.99473E-05 0.190682 0.808718 9.99473E-05 9.99473E-05
9.99473E-05 9.99473E-05 9.99473E-05 9.99473E-05 0.296085 0.703315 9.99473E-05 9.99473E-05
9.99473E-05 9.99473E-05 9.99473E-05 9.99473E-05 0.158551 0.840849 9.99473E-05 9.99473E-05
9.995E-05 9.995E-05 0.012881 9.995E-05 0.262524 0.724095 9.995E-05 9.995E-05
9.99474E-05 9.99474E-05 9.99474E-05 9.99474E-05 0.0553175 0.944083 9.99474E-05 9.99474E-05
0.0188111 9.99649E-05 9.99649E-05 9.99649E-05 0.174894 0.743758 0.0621367 9.99649E-05
9.99562E-05 9.99562E-05 0.0479706 9.99562E-05 0.181554 0.769976 9.99562E-05 9.99562E-05
9.99475E-05 9.99475E-05 9.99475E-05 9.99475E-05 0.119645 0.879756 9.99475E-05 9.99475E-05
9.99474E-05 9.99474E-05 9.99474E-05 9.99474E-05 0.115697 0.883703 9.99474E-05 9.99474E-05
0.0155602 9.99736E-05 0.0211254 0.011209 0.215765 0.73604 9.99736E-05 9.99736E-05
0.00951628 9.99561E-05 9.99561E-05 9.99561E-05 0.189992 0.799992 9.99561E-05 9.99561E-05
0.136052 0.0937784 9.99737E-05 9.99737E-05 0.03446 0.334227 0.401182 9.99737E-05
0.0274487 0.0380592 9.99737E-05 9.99737E-05 0.255459 0.127495 0.551238 9.99737E-05
0.187419 9.99737E-05 9.99737E-05 0.00144188 0.320527 9.99737E-05 0.419847 0.0704651
0.17687 0.0659669 9.99737E-05 9.99737E-05 0.105462 0.188092 0.463308 9.99737E-05
0.132604 0.0257207 9.99737E-05 9.99737E-05 0.133474 0.317449 0.390453 9.99737E-05
0.160803 0.0223638 9.99824E-05 0.0449058 0.0935605 0.36255 0.315616 9.99824E-05
0.0663288 0.056587 9.99736E-05 9.99736E-05 0.127204 0.293035 0.456546 9.99736E-05
0.0495269 9.99737E-05 9.99737E-05 0.00370166 0.0378537 0.425273 0.483345 9.99737E-05
0.132802 0.00669249 9.99737E-05 9.99737E-05 0.467153 0.0704368 0.322616 9.99737E-05
0.284922 0.0872342 9.99912E-05 0.20231 0.0511969 0.283644 0.0203342 0.0702595
0.126138 9.99649E-05 9.99649E-05 9.99649E-05 0.0768957 0.36884 0.427727 9.99649E-05
0.261821 9.99649E-05 9.99649E-05 9.99649E-05 0.192026 0.156796 0.388958 9.99649E-05
0.161296 0.00295808 0.0211573 9.99912E-05 0.0685893 0.317944 0.363203 0.064753
0.183654 0.0718411 9.99737E-05 9.99737E-05 0.0940002 0.369006 0.281199 9.99737E-05
0.0813194 0.0252587 9.99824E-05 0.00799081 0.121374 0.242028 0.521829 9.99824E-05
0.124444 9.99737E-05 9.99737E-05 0.0196662 0.0551151 0.386243 0.414232 9.99737E-05
0.101131 9.99649E-05 9.99649E-05 9.99649E-05 0.0907097 0.522427 0.285333 9.99649E-05
0.0447882 0.000819551 9.99737E-05 9.99737E-05 0.181565 0.294107 0.47842 9.99737E-05
0.275685 9.99649E-05 9.99649E-05 9.99649E-05 0.145437 0.305411 0.273068 9.99649E-05
0.207622 0.0562591 9.99736E-05 9.99736E-05 0.0604814 0.333841 0.341496 9.99736E-05
0.9993 9.994E-05 9.994E-05 9.994E-05 9.994E-05 9.994E-05 9.994E-05 9.994E-05
0.9993 9.994E-05 9.994E-05 9.994E-05 9.994E-05 9.994E-05 9.994E-05 9.994E-05
0.9993 9.994E-05 9.994E-05 9.994E-05 9.994E-05 9.994E-05 9.994E-05 9.994E-05
0.9993 9.994E-05 9.994E-05 9.994E-05 9.994E-05 9.994E-05 9.994E-05 9.994E-05
0.9993 9.994E-05 9.994E-05 9.994E-05 9.994E-05 9.994E-05 9.994E-05 9.994E-05
0.997963 9.99472E-05 9.99472E-05 0.00143733 9.99472E-05 9.99472E-05 9.99472E-05 9.99472E-05
0.9993 9.994E-05 9.994E-05 9.994E-05 9.994E-05 9.994E-05 9.994E-05 9.994E-05
0.9993 9.994E-05 9.994E-05 9.994E-05 9.994E-05 9.994E-05 9.994E-05 9.994E-05
0.9993 9.994E-05 9.994E-05 9.994E-05 9.994E-05 9.994E-05 9.994E-05 9.994E-05
0.9993 9.994E-05 9.994E-05 9.994E-05 9.994E-05 9.994E-05 9.994E-05 9.994E-05
0.9993 9.994E-05 9.994E-05 9.994E-05 9.994E-05 9.994E-05 9.994E-05 9.994E-05
0.9993 9.994E-05 9.994E-05 9.994E-05 9.994E-05 9.994E-05 9.994E-05 9.994E-05
0.9993 9.994E-05 9.994E-05 9.994E-05 9.994E-05 9.994E-05 9.994E-05 9.994E-05
0.9993 9.994E-05 9.994E-05 9.994E-05 9.994E-05 9.994E-05 9.994E-05 9.994E-05
0.9993 9.994E-05 9.994E-05 9.994E-05 9.994E-05 9.994E-05 9.994E-05 9.994E-05
0.9993 9.994E-05 9.994E-05 9.994E-05 9.994E-05 9.994E-05 9.994E-05 9.994E-05
0.9993 9.994E-05 9.994E-05 9.994E-05 9.994E-05 9.994E-05 9.994E-05 9.994E-05
0.9993 9.994E-05 9.994E-05 9.994E-05 9.994E-05 9.994E-05 9.994E-05 9.994E-05
0.9993 9.994E-05 9.994E-05 9.994E-05 9.994E-05 9.994E-05 9.994E-05 9.994E-05
0.9993 9.994E-05 9.994E-05 9.994E-05 9.994E-05 9.994E-05 9.994E-05 9.994E-05
0.9993 9.994E-05 9.994E-05 9.994E-05 9.994E-05 9.994E-05 9.994E-05 9.994E-05
0.9993 9.994E-05 9.994E-05 9.994E-05 9.994E-05 9.994E-05 9.994E-05 9.994E-05
0.9993 9.994E-05 9.994E-05 9.994E-05 9.994E-05 9.994E-05 9.994E-05 9.994E-05
0.9993 9.994E-05 9.994E-05 9.994E-05 9.994E-05 9.994E-05 9.994E-05 9.994E-05
0.9993 9.994E-05 9.994E-05 9.994E-05 9.994E-05 9.994E-05 9.994E-05 9.994E-05
0.9993 9.994E-05 9.994E-05 9.994E-05 9.994E-05 9.994E-05 9.994E-05 9.994E-05
0.9993 9.994E-05 9.994E-05 9.994E-05 9.994E-05 9.994E-05 9.994E-05 9.994E-05
0.9993 9.994E-05 9.994E-05 9.994E-05 9.994E-05 9.994E-05 9.994E-05 9.994E-05
0.9993 9.994E-05 9.994E-05 9.994E-05 9.994E-05 9.994E-05 9.994E-05 9.994E-05
0.9993 9.994E-05 9.994E-05 9.994E-05 9.994E-05 9.994E-05 9.994E-05 9.994E-05
0.9993 9.994E-05 9.994E-05 9.994E-05 9.994E-05 9.994E-05 9.994E-05 9.994E-05
0.9993 9.994E-05 9.994E-05 9.994E-05 9.994E-05 9.994E-05 9.994E-05 9.994E-05
0.9993 9.994E-05 9.994E-05 9.994E-05 9.994E-05 9.994E-05 9.994E-05 9.994E-05
0.9993 9.994E-05 9.994E-05 9.994E-05 9.994E-05 9.994E-05 9.994E-05 9.994E-05
