0.502755 0.0290853 9.99737E-05 9.99737E-05 9.99737E-05 0.254511 0.118727 0.0359913 0.0586299
0.765043 9.99474E-05 9.99474E-05 9.99474E-05 9.99474E-05 0.23269 0.00166745 9.99474E-05 9.99474E-05
0.985753 9.99473E-05 0.00816231 9.99473E-05 0.00548476 9.99473E-05 9.99473E-05 9.99473E-05 9.99473E-05
0.312036 0.0791491 9.99736E-05 0.467378 9.99736E-05 0.028053 0.0881778 0.0249059 9.99736E-05
0.872148 9.99473E-05 9.99473E-05 0.12321 9.99473E-05 9.99473E-05 9.99473E-05 0.00404167 9.99473E-05
0.34776 9.99649E-05 9.99649E-05 0.278016 0.0936164 0.0488098 9.99649E-05 0.231398 9.99649E-05
0.330624 9.99649E-05 0.100262 0.156004 9.99649E-05 0.259784 0.152927 9.99649E-05 9.99649E-05
0.337342 9.99737E-05 0.0600423 0.311949 9.99737E-05 9.99737E-05 0.0122524 0.179674 0.0984409
0.22215 0.0786186 9.99649E-05 0.212258 9.99649E-05 0.289202 9.99649E-05 0.197371 9.99649E-05
0.984492 9.99385E-05 9.99385E-05 9.99385E-05 9.99385E-05 9.99385E-05 9.99385E-05 9.99385E-05 0.0148086
0.608703 0.00291711 9.99649E-05 9.99649E-05 9.99649E-05 0.180686 0.137675 0.0696187 9.99649E-05
0.968393 0.0309078 9.99385E-05 9.99385E-05 9.99385E-05 9.99385E-05 9.99385E-05 9.99385E-05 9.99385E-05
0.842316 9.99736E-05 9.99736E-05 0.0237614 0.00889138 0.0686844 0.0282821 0.0277652 9.99736E-05
0.654063 9.99649E-05 0.0338307 9.99649E-05 0.212976 0.0516114 0.0471187 9.99649E-05 9.99649E-05
0.384697 9.99737E-05 9.99737E-05 0.024272 0.115616 0.287874 9.99737E-05 0.156835 0.0304059
0.269088 9.99648E-05 0.0942506 0.238655 9.99648E-05 0.188131 9.99648E-05 0.209476 9.99648E-05
0.55198 9.99825E-05 0.0409858 0.0175364 0.132264 0.158374 0.0476928 9.99825E-05 0.0509676
0.316033 0.188785 9.99737E-05 0.0377258 9.99737E-05 0.230863 9.99737E-05 0.0679076 0.158385
0.4146 9.99736E-05 9.99736E-05 0.0885136 9.99736E-05 0.254052 0.00307955 0.147548 0.091907
0.886825 0.112476 9.99385E-05 9.99385E-05 9.99385E-05 9.99385E-05 9.99385E-05 9.99385E-05 9.99385E-05
0.5009 0.00782165 0.0097148 0.234589 9.99824E-05 9.99824E-05 0.0474353 0.155322 0.044017
0.362471 9.99824E-05 0.00463137 0.338364 9.99824E-05 0.0294078 0.0409493 0.207682 0.0162943
0.710678 9.99649E-05 9.99649E-05 9.99649E-05 0.068957 0.169769 0.0436172 0.00657864 9.99649E-05
0.455718 9.99561E-05 0.119928 0.0381757 9.99561E-05 0.385679 9.99561E-05 9.99561E-05 9.99561E-05
0.3103 0.180401 9.99824E-05 0.0191128 0.0948327 0.221301 0.0518871 0.121966 9.99824E-05
0.709419 9.99473E-05 9.99473E-05 0.139177 0.150804 9.99473E-05 9.99473E-05 9.99473E-05 9.99473E-05
0.108001 9.99912E-05 0.132698 0.0490366 0.246867 0.292614 0.0131169 0.0247304 0.132837
0.809178 9.99561E-05 9.99561E-05 0.100778 0.0141637 0.0753803 9.99561E-05 9.99561E-05 9.99561E-05
0.617455 0.05265 9.99561E-05 9.99561E-05 9.99561E-05 0.314359 0.0150367 9.99561E-05 9.99561E-05
0.827196 0.025218 9.99824E-05 9.99824E-05 0.0577263 0.0306014 0.00236465 0.04464 0.0120539
0.682585 0.01489 0.0542551 9.99737E-05 9.99737E-05 0.0885261 0.113836 9.99737E-05 0.0456089
0.600135 9.99737E-05 9.99737E-05 0.113847 0.212004 0.00419103 0.060835 0.00868887 9.99737E-05
0.608188 0.0530377 0.019082 9.99736E-05 9.99736E-05 0.138578 0.163231 0.0175838 9.99736E-05
0.54811 9.99736E-05 0.0277329 0.170002 0.227841 9.99736E-05 0.0042405 9.99736E-05 0.0217739
0.810397 0.0878483 9.99562E-05 9.99562E-05 9.99562E-05 0.00540728 9.99562E-05 0.0958482 9.99562E-05
0.705201 0.0105553 9.99736E-05 0.161541 9.99736E-05 0.0414488 0.0183424 0.0626117 9.99736E-05
0.937252 0.0511791 0.010689 9.99561E-05 9.99561E-05 9.99561E-05 0.000379713 9.99561E-05 9.99561E-05
0.63201 0.157335 9.99561E-05 9.99561E-05 9.99561E-05 0.0154536 9.99561E-05 0.194701 9.99561E-05
0.584724 0.00485475 0.0212159 9.99825E-05 0.106675 0.192707 0.0669217 0.0227011 9.99825E-05
0.536819 9.99473E-05 0.205872 9.99473E-05 0.256709 9.99473E-05 9.99473E-05 9.99473E-05 9.99473E-05
0.86693 9.99649E-05 0.0264665 9.99649E-05 9.99649E-05 0.0149446 0.065593 0.0256659 9.99649E-05
0.776298 9.99649E-05 9.99649E-05 0.0242477 9.99649E-05 0.05246 9.99649E-05 0.145082 0.00151169
0.890971 9.99473E-05 9.99473E-05 0.0780245 0.0304053 9.99473E-05 9.99473E-05 9.99473E-05 9.99473E-05
0.463964 0.0034314 9.99824E-05 0.0621465 9.99824E-05 0.30827 0.062703 0.0760705 0.0232147
0.346872 0.0254707 9.99737E-05 0.32137 9.99737E-05 0.269589 0.0325585 9.99737E-05 0.00384078
0.891593 0.0641369 9.99561E-05 0.0433446 9.99561E-05 9.99561E-05 9.99561E-05 0.000425377 9.99561E-05
0.856501 9.99649E-05 9.99649E-05 9.99649E-05 9.99649E-05 0.0348027 0.0280726 0.0418873 0.0383367
0.91434 9.99386E-05 9.99386E-05 9.99386E-05 9.99386E-05 9.99386E-05 0.08496 9.99386E-05 9.99386E-05
0.672732 9.9956E-05 9.9956E-05 0.167865 9.9956E-05 0.127939 0.0309639 9.9956E-05 9.9956E-05
0.784976 0.014833 0.0994583 0.022933 9.99912E-05 0.000846981 0.0117689 0.0462781 0.0188058
0.290724 0.0181178 9.99824E-05 0.0888917 0.110803 0.264151 0.124069 0.103042 9.99824E-05
0.673998 0.0568491 0.0268443 0.241808 9.99561E-05 9.99561E-05 9.99561E-05 9.99561E-05 9.99561E-05
0.965764 9.99473E-05 9.99473E-05 9.99473E-05 9.99473E-05 9.99473E-05 9.99473E-05 0.0052613 0.0283746
0.679305 0.0211709 0.214198 0.0316149 9.99825E-05 0.00675215 9.99825E-05 0.0443577 0.002401
0.803094 0.00661205 9.99561E-05 0.120464 9.99561E-05 0.0693306 9.99561E-05 9.99561E-05 9.99561E-05
0.750406 0.0462966 0.0831995 9.99649E-05 0.0760023 9.99649E-05 0.0436957 9.99649E-05 9.99649E-05
0.738155 9.99561E-05 9.99561E-05 0.149553 9.99561E-05 0.0483807 9.99561E-05 9.99561E-05 0.0634123
0.897564 9.99473E-05 9.99473E-05 9.99473E-05 9.99473E-05 9.99473E-05 0.0949067 9.99473E-05 0.00693004
0.851067 9.99473E-05 9.99473E-05 9.99473E-05 9.99473E-05 0.085717 0.0626166 9.99473E-05 9.99473E-05
0.0873659 9.99737E-05 9.99737E-05 9.99737E-05 0.042791 0.614745 0.0358551 0.0614863 0.157456
0.358357 9.9965E-05 0.121476 0.064209 9.9965E-05 0.363999 0.0915602 9.9965E-05 9.9965E-05
0.432588 9.99649E-05 0.224235 9.99649E-05 0.010126 0.267468 9.99649E-05 9.99649E-05 0.0651838
9.99649E-05 9.99649E-05 9.99649E-05 9.99649E-05 0.223611 0.484611 0.0147423 0.205802 0.0708332
0.129807 0.0832534 0.0562995 0.231956 9.99824E-05 0.452352 9.99824E-05 0.028794 0.0173381
9.99737E-05 0.0016259 0.00638515 9.99737E-05 9.99737E-05 0.718369 0.0598887 0.0570222 0.156409
0.0311505 9.99561E-05 9.99561E-05 9.99561E-05 9.99561E-05 0.790157 0.149718 0.0284749 9.99561E-05
9.99737E-05 9.99737E-05 0.0134841 9.99737E-05 0.0284385 0.609243 0.0117324 0.122713 0.214089
0.189622 9.99737E-05 0.0274548 9.99737E-05 0.119698 0.547922 0.0465832 9.99737E-05 0.0684202
0.29047 9.99649E-05 9.99649E-05 0.0697335 9.99649E-05 0.37081 0.164556 0.104031 9.99649E-05
9.99561E-05 9.99561E-05 9.99561E-05 9.99561E-05 9.99561E-05 0.666591 0.214035 0.0735791 0.0452957
9.99649E-05 0.0102949 0.0685253 0.360254 9.99649E-05 0.470527 0.0899985 9.99649E-05 9.99649E-05
9.99825E-05 9.99825E-05 0.212047 0.045403 0.0236812 0.414233 0.139583 0.155419 0.00943441
0.0354707 9.99649E-05 0.0480612 0.158263 9.99649E-05 0.720561 9.99649E-05 0.0372449 9.99649E-05
0.280352 9.9965E-05 0.122619 9.9965E-05 0.146219 0.387638 0.0627714 9.9965E-05 9.9965E-05
0.197404 9.99737E-05 9.99737E-05 9.99737E-05 0.0283809 0.595007 0.0815474 0.0913896 0.00597084
9.99737E-05 9.99737E-05 0.0773732 0.201882 0.0846906 0.468006 9.99737E-05 0.0460489 0.121699
0.158875 9.99737E-05 9.99737E-05 0.167369 9.99737E-05 0.243632 0.231776 0.123049 0.0749996
0.305293 9.99649E-05 9.99649E-05 9.99649E-05 9.99649E-05 0.430317 0.0670607 0.0325046 0.164425
9.99649E-05 9.99649E-05 0.154372 0.10873 9.99649E-05 0.637089 0.0697558 9.99649E-05 0.0296539
0.379779 9.9965E-05 0.0983389 9.9965E-05 9.9965E-05 0.488663 0.0289196 9.9965E-05 0.00390032
0.115954 9.99824E-05 0.0793142 0.105846 9.99824E-05 0.581882 0.000504156 0.0518333 0.0644663
0.229563 9.99825E-05 0.0208081 9.99825E-05 0.24192 0.412431 0.0378398 0.00965283 0.0475849
0.21319 9.99824E-05 9.99824E-05 0.243445 0.0360465 0.267944 0.0264043 0.0727626 0.140008
0.202931 9.99824E-05 9.99824E-05 0.116235 0.0123634 0.38806 0.18861 0.0425406 0.049059
0.357536 9.99649E-05 9.99649E-05 9.99649E-05 0.0261269 0.477359 0.0630944 0.0754843 9.99649E-05
0.440157 9.99825E-05 0.0548988 0.00076727 0.000989723 0.339861 9.99825E-05 0.0450804 0.118046
0.294983 9.9965E-05 0.0645572 9.9965E-05 9.9965E-05 0.604452 9.9965E-05 0.010687 0.0249208
0.344095 9.99562E-05 9.99562E-05 9.99562E-05 9.99562E-05 0.354514 9.99562E-05 0.073066 0.227826
0.301512 9.9965E-05 0.00377005 9.9965E-05 0.0764235 0.525621 9.9965E-05 0.0922732 9.9965E-05
9.99473E-05 9.99473E-05 9.99473E-05 9.99473E-05 0.768482 0.0420219 9.99473E-05 0.188897 9.99473E-05
0.0497074 9.99474E-05 9.99474E-05 9.99474E-05 0.913824 9.99474E-05 9.99474E-05 0.0358694 9.99474E-05
9.99648E-05 9.99648E-05 9.99648E-05 0.00257629 0.818855 0.116189 0.0419948 9.99648E-05 0.0199845
9.99736E-05 0.0887427 9.99736E-05 0.00594746 0.534931 9.99736E-05 0.102086 0.139792 0.128201
9.99648E-05 0.0134561 0.0363358 9.99648E-05 0.791746 9.99648E-05 9.99648E-05 0.151755 0.00630703
9.99561E-05 9.99561E-05 9.99561E-05 0.0411183 0.641055 0.180558 9.99561E-05 0.136768 9.99561E-05
9.99648E-05 9.99648E-05 9.99648E-05 9.99648E-05 0.739403 0.0113304 0.0607353 0.137476 0.0506552
9.99385E-05 9.99385E-05 9.99385E-05 9.99385E-05 0.686089 9.99385E-05 9.99385E-05 0.313211 9.99385E-05
9.9956E-05 9.9956E-05 9.9956E-05 9.9956E-05 0.357853 0.209831 0.0136106 0.418206 9.9956E-05
9.99736E-05 0.0197238 9.99736E-05 0.00477146 0.437975 0.236371 9.99736E-05 0.253053 0.0478053
9.99562E-05 9.99562E-05 9.99562E-05 9.99562E-05 0.833609 0.0893366 0.0149318 0.0616227 9.99562E-05
9.99561E-05 9.99561E-05 9.99561E-05 9.99561E-05 0.740228 0.139963 0.0513443 0.0679655 9.99561E-05
9.99385E-05 9.99385E-05 9.99385E-05 9.99385E-05 0.884985 9.99385E-05 9.99385E-05 0.114315 9.99385E-05
9.99561E-05 9.99561E-05 9.99561E-05 9.99561E-05 0.655219 0.141395 9.99561E-05 0.183262 0.0196241
9.99561E-05 9.99561E-05 9.99561E-05 9.99561E-05 0.631121 9.99561E-05 0.0603624 0.104677 0.20334
9.99649E-05 9.99649E-05 0.0028219 9.99649E-05 0.609493 0.289555 0.0358365 0.0618941 9.99649E-05
9.99561E-05 0.0660854 9.99561E-05 9.99561E-05 0.575941 0.189365 9.99561E-05 0.168108 9.99561E-05
9.99649E-05 9.99649E-05 0.0351684 0.0466208 0.70591 9.99649E-05 0.0321917 0.179709 9.99649E-05
9.99473E-05 9.99473E-05 9.99473E-05 9.99473E-05 0.886034 9.99473E-05 0.0429937 0.0703722 9.99473E-05
9.996E-05 0.0335818 9.996E-05 9.996E-05 0.67068 0.137498 0.0543257 0.103515 9.996E-05
9.99561E-05 9.99561E-05 9.99561E-05 0.09608 0.742555 0.0623054 9.99561E-05 0.0985598 9.99561E-05
9.99648E-05 0.00598944 9.99648E-05 9.99648E-05 0.860599 9.99648E-05 0.0252334 0.0810556 0.0267232
9.99561E-05 0.0883397 9.99561E-05 9.99561E-05 0.284007 0.296391 9.99561E-05 0.330762 9.99561E-05
9.99473E-05 0.00545289 9.99473E-05 9.99473E-05 0.777829 9.99473E-05 9.99473E-05 0.216119 9.99473E-05
9.99648E-05 0.076166 9.99648E-05 0.0332736 0.33729 0.245772 9.99648E-05 0.307098 9.99648E-05
9.99649E-05 9.99649E-05 0.00301645 9.99649E-05 0.541773 0.175041 9.99649E-05 0.238291 0.0414782
0.0851009 0.00971247 9.99474E-05 9.99474E-05 0.904587 9.99474E-05 9.99474E-05 9.99474E-05 9.99474E-05
9.99648E-05 0.0173496 9.99648E-05 0.145895 0.720044 0.000553557 9.99648E-05 0.115758 9.99648E-05
9.99561E-05 0.0147336 9.99561E-05 9.99561E-05 0.443487 0.277618 9.99561E-05 0.263662 9.99561E-05
9.99649E-05 0.086623 9.99649E-05 9.99649E-05 0.812847 0.0611717 0.0193569 0.0196012 9.99649E-05
9.99561E-05 9.99561E-05 9.99561E-05 9.99561E-05 0.654323 0.218785 0.0865527 0.0398404 9.99561E-05
9.99473E-05 0.145351 0.0534122 9.99473E-05 0.800637 9.99473E-05 9.99473E-05 9.99473E-05 9.99473E-05
9.99648E-05 0.193429 0.0324861 9.99648E-05 0.354058 9.99648E-05 0.0492686 0.370359 9.99648E-05
9.99648E-05 0.100536 9.99648E-05 9.99648E-05 0.705369 0.0745061 0.0146565 0.104533 9.99648E-05
9.993E-05 9.993E-05 9.993E-05 9.993E-05 0.999201 9.993E-05 9.993E-05 9.993E-05 9.993E-05
9.99736E-05 0.00852456 0.080175 9.99736E-05 0.738395 0.0416117 0.0735937 0.0574003 9.99736E-05
9.99648E-05 9.99648E-05 9.99648E-05 9.99648E-05 0.532841 0.265958 0.0335067 0.127269 0.0400253
9.99386E-05 9.99386E-05 9.99386E-05 9.99386E-05 0.942781 9.99386E-05 9.99386E-05 0.0565191 9.99386E-05
9.99386E-05 0.031413 9.99386E-05 9.99386E-05 0.967887 9.99386E-05 9.99386E-05 9.99386E-05 9.99386E-05
9.99386E-05 9.99386E-05 9.99386E-05 9.99386E-05 0.992019 9.99386E-05 9.99386E-05 0.00728134 9.99386E-05
9.99387E-05 9.99387E-05 9.99387E-05 9.99387E-05 0.97779 9.99387E-05 9.99387E-05 0.0215106 9.99387E-05
9.99648E-05 9.99648E-05 9.99648E-05 0.0116133 0.32537 0.434397 0.0836 0.14462 9.99648E-05
9.99561E-05 9.99561E-05 0.018798 0.142069 0.670544 9.99561E-05 9.99561E-05 0.16809 9.99561E-05
9.99474E-05 0.0185882 9.99474E-05 9.99474E-05 0.88087 9.99474E-05 9.99474E-05 0.0999421 9.99474E-05
0.0603879 9.99387E-05 9.99387E-05 9.99387E-05 0.938913 9.99387E-05 9.99387E-05 9.99387E-05 9.99387E-05
9.99824E-05 0.0910177 0.0130045 9.99824E-05 0.251285 0.25492 0.019529 0.341822 0.0282214
9.99561E-05 9.99561E-05 9.99561E-05 9.99561E-05 0.591848 0.0834279 9.99561E-05 0.150224 0.174001
9.997E-05 0.043194 0.136763 9.997E-05 0.475971 0.153097 9.997E-05 0.153973 0.0367018
9.99561E-05 0.0600577 9.99561E-05 9.99561E-05 0.30883 0.261013 9.99561E-05 0.369599 9.99561E-05
9.993E-05 9.993E-05 9.993E-05 9.993E-05 0.999201 9.993E-05 9.993E-05 9.993E-05 9.993E-05
9.99824E-05 0.0264363 0.0601044 0.15206 0.598148 0.112804 0.0166794 0.0335682 9.99824E-05
9.99387E-05 9.99387E-05 9.99387E-05 9.99387E-05 0.894952 9.99387E-05 9.99387E-05 0.104349 9.99387E-05
9.99649E-05 9.99649E-05 9.99649E-05 9.99649E-05 0.799212 0.0747634 0.00295531 0.119558 0.00311078
9.99561E-05 9.99561E-05 0.126448 9.99561E-05 0.714421 9.99561E-05 9.99561E-05 0.10868 0.0499517
9.99648E-05 0.0275924 9.99648E-05 9.99648E-05 0.778368 9.99648E-05 0.0709676 0.0430048 0.0796673
9.99473E-05 9.99473E-05 9.99473E-05 9.99473E-05 0.32915 0.392267 9.99473E-05 0.277984 9.99473E-05
9.9956E-05 0.0193715 9.9956E-05 9.9956E-05 0.677012 0.0242037 9.9956E-05 0.278913 9.9956E-05
9.99736E-05 0.0565656 0.0846896 9.99736E-05 0.789463 0.0119768 0.014723 0.0422816 9.99736E-05
9.99473E-05 0.149436 9.99473E-05 9.99473E-05 0.842392 9.99473E-05 9.99473E-05 0.00757239 9.99473E-05
9.99473E-05 9.99473E-05 9.99473E-05 9.99473E-05 0.774368 0.0116961 9.99473E-05 0.213337 9.99473E-05
9.993E-05 9.993E-05 9.993E-05 9.993E-05 9.993E-05 0.999201 9.993E-05 9.993E-05 9.993E-05
9.993E-05 9.993E-05 9.993E-05 9.993E-05 9.993E-05 9.993E-05 9.993E-05 0.999201 9.993E-05
9.99384E-05 0.00497258 9.99384E-05 9.99384E-05 9.99384E-05 0.994328 9.99384E-05 9.99384E-05 9.99384E-05
9.993E-05 9.993E-05 9.993E-05 9.993E-05 9.993E-05 9.993E-05 9.993E-05 0.999201 9.993E-05
9.993E-05 9.993E-05 9.993E-05 9.993E-05 9.993E-05 9.993E-05 9.993E-05 0.999201 9.993E-05
9.993E-05 9.993E-05 9.993E-05 9.993E-05 9.993E-05 9.993E-05 9.993E-05 0.999201 9.993E-05
9.993E-05 9.993E-05 9.993E-05 9.993E-05 9.993E-05 0.999201 9.993E-05 9.993E-05 9.993E-05
9.993E-05 9.993E-05 9.993E-05 9.993E-05 9.993E-05 9.993E-05 9.993E-05 0.999201 9.993E-05
9.993E-05 9.993E-05 9.993E-05 9.993E-05 9.993E-05 9.993E-05 9.993E-05 0.999201 9.993E-05
9.99383E-05 0.0121657 9.99383E-05 9.99383E-05 9.99383E-05 0.987135 9.99383E-05 9.99383E-05 9.99383E-05
9.993E-05 9.993E-05 9.993E-05 9.993E-05 9.993E-05 0.999201 9.993E-05 9.993E-05 9.993E-05
9.993E-05 9.993E-05 9.993E-05 9.993E-05 9.993E-05 0.999201 9.993E-05 9.993E-05 9.993E-05
9.993E-05 9.993E-05 9.993E-05 9.993E-05 9.993E-05 9.993E-05 9.993E-05 0.999201 9.993E-05
9.993E-05 9.993E-05 9.993E-05 9.993E-05 9.993E-05 9.993E-05 9.993E-05 0.999201 9.993E-05
9.993E-05 9.993E-05 9.993E-05 9.993E-05 9.993E-05 0.999201 9.993E-05 9.993E-05 9.993E-05
9.993E-05 9.993E-05 9.993E-05 9.993E-05 9.993E-05 0.999201 9.993E-05 9.993E-05 9.993E-05
9.99736E-05 0.0272837 0.136653 9.99736E-05 0.491781 0.233091 9.99736E-05 0.0650344 0.0458571
9.993E-05 9.993E-05 9.993E-05 9.993E-05 9.993E-05 0.999201 9.993E-05 9.993E-05 9.993E-05
9.993E-05 9.993E-05 9.993E-05 9.993E-05 9.993E-05 9.993E-05 9.993E-05 0.999201 9.993E-05
9.993E-05 9.993E-05 9.993E-05 9.993E-05 9.993E-05 0.999201 9.993E-05 9.993E-05 9.993E-05
9.993E-05 9.993E-05 9.993E-05 9.993E-05 9.993E-05 0.999201 9.993E-05 9.993E-05 9.993E-05
9.993E-05 9.993E-05 9.993E-05 9.993E-05 9.993E-05 0.999201 9.993E-05 9.993E-05 9.993E-05
9.993E-05 9.993E-05 9.993E-05 9.993E-05 9.993E-05 9.993E-05 9.993E-05 0.999201 9.993E-05
9.993E-05 9.993E-05 9.993E-05 9.993E-05 9.993E-05 0.999201 9.993E-05 9.993E-05 9.993E-05
9.993E-05 9.993E-05 9.993E-05 9.993E-05 9.993E-05 9.993E-05 9.993E-05 0.999201 9.993E-05
9.993E-05 9.993E-05 9.993E-05 9.993E-05 9.993E-05 0.999201 9.993E-05 9.993E-05 9.993E-05
9.993E-05 9.993E-05 9.993E-05 9.993E-05 9.993E-05 0.999201 9.993E-05 9.993E-05 9.993E-05
9.993E-05 9.993E-05 9.993E-05 9.993E-05 9.993E-05 9.993E-05 9.993E-05 0.999201 9.993E-05
9.993E-05 9.993E-05 9.993E-05 9.993E-05 9.993E-05 9.993E-05 9.993E-05 0.999201 9.993E-05
9.993E-05 9.993E-05 9.993E-05 9.993E-05 9.993E-05 9.993E-05 9.993E-05 0.999201 9.993E-05
9.99384E-05 0.0313556 9.99384E-05 9.99384E-05 9.99384E-05 0.967945 9.99384E-05 9.99384E-05 9.99384E-05
9.993E-05 9.993E-05 9.993E-05 9.993E-05 9.993E-05 0.999201 9.993E-05 9.993E-05 9.993E-05
9.993E-05 9.993E-05 9.993E-05 9.993E-05 9.993E-05 0.999201 9.993E-05 9.993E-05 9.993E-05
9.993E-05 9.993E-05 9.993E-05 9.993E-05 9.993E-05 0.999201 9.993E-05 9.993E-05 9.993E-05
9.99384E-05 0.00263849 9.99384E-05 9.99384E-05 9.99384E-05 0.996662 9.99384E-05 9.99384E-05 9.99384E-05
9.993E-05 9.993E-05 9.993E-05 9.993E-05 9.993E-05 9.993E-05 9.993E-05 0.999201 9.993E-05
9.993E-05 9.993E-05 9.993E-05 9.993E-05 9.993E-05 9.993E-05 9.993E-05 0.999201 9.993E-05
9.993E-05 9.993E-05 9.993E-05 9.993E-05 9.993E-05 9.993E-05 9.993E-05 0.999201 9.993E-05
9.993E-05 9.993E-05 9.993E-05 9.993E-05 9.993E-05 0.999201 9.993E-05 9.993E-05 9.993E-05
9.993E-05 9.993E-05 9.993E-05 9.993E-05 9.993E-05 9.993E-05 9.993E-05 0.999201 9.993E-05
9.993E-05 9.993E-05 9.993E-05 9.993E-05 9.993E-05 9.993E-05 9.993E-05 0.999201 9.993E-05
9.993E-05 9.993E-05 9.993E-05 9.993E-05 9.993E-05 9.993E-05 9.993E-05 0.999201 9.993E-05
9.993E-05 9.993E-05 9.993E-05 9.993E-05 9.993E-05 9.993E-05 9.993E-05 0.999201 9.993E-05
9.993E-05 9.993E-05 9.993E-05 9.993E-05 9.993E-05 0.999201 9.993E-05 9.993E-05 9.993E-05
9.993E-05 9.993E-05 9.993E-05 9.993E-05 9.993E-05 9.993E-05 9.993E-05 0.999201 9.993E-05
9.993E-05 9.993E-05 9.993E-05 9.993E-05 9.993E-05 9.993E-05 9.993E-05 0.999201 9.993E-05
9.99824E-05 0.0950696 0.0944041 0.0958533 0.437792 0.154452 9.99824E-05 0.116053 0.00617601
9.993E-05 9.993E-05 9.993E-05 9.993E-05 9.993E-05 0.999201 9.993E-05 9.993E-05 9.993E-05
9.993E-05 9.993E-05 9.993E-05 9.993E-05 9.993E-05 9.993E-05 9.993E-05 0.999201 9.993E-05
9.993E-05 9.993E-05 9.993E-05 9.993E-05 9.993E-05 9.993E-05 9.993E-05 0.999201 9.993E-05
9.993E-05 9.993E-05 9.993E-05 9.993E-05 9.993E-05 9.993E-05 9.993E-05 0.999201 9.993E-05
9.993E-05 9.993E-05 9.993E-05 9.993E-05 9.993E-05 9.993E-05 9.993E-05 0.999201 9.993E-05
9.993E-05 9.993E-05 9.993E-05 9.993E-05 9.993E-05 0.999201 9.993E-05 9.993E-05 9.993E-05
9.993E-05 9.993E-05 9.993E-05 9.993E-05 9.993E-05 9.993E-05 9.993E-05 0.999201 9.993E-05
9.993E-05 9.993E-05 9.993E-05 9.993E-05 9.993E-05 0.999201 9.993E-05 9.993E-05 9.993E-05
9.993E-05 9.993E-05 9.993E-05 9.993E-05 9.993E-05 9.993E-05 9.993E-05 0.999201 9.993E-05
9.993E-05 9.993E-05 9.993E-05 9.993E-05 9.993E-05 0.999201 9.993E-05 9.993E-05 9.993E-05
9.993E-05 9.993E-05 9.993E-05 9.993E-05 9.993E-05 9.993E-05 9.993E-05 0.999201 9.993E-05
9.993E-05 9.993E-05 9.993E-05 9.993E-05 9.993E-05 9.993E-05 9.993E-05 0.999201 9.993E-05
9.993E-05 9.993E-05 9.993E-05 9.993E-05 9.993E-05 9.993E-05 9.993E-05 0.999201 9.993E-05
9.993E-05 9.993E-05 9.993E-05 9.993E-05 9.993E-05 9.993E-05 9.993E-05 0.999201 9.993E-05
9.993E-05 9.993E-05 9.993E-05 9.993E-05 9.993E-05 9.993E-05 9.993E-05 0.999201 9.993E-05
9.993E-05 9.993E-05 9.993E-05 9.993E-05 9.993E-05 9.993E-05 9.993E-05 0.999201 9.993E-05
9.993E-05 9.993E-05 9.993E-05 9.993E-05 9.993E-05 0.999201 9.993E-05 9.993E-05 9.993E-05
9.993E-05 9.993E-05 9.993E-05 9.993E-05 9.993E-05 0.999201 9.993E-05 9.993E-05 9.993E-05
9.993E-05 9.993E-05 9.993E-05 9.993E-05 9.993E-05 0.999201 9.993E-05 9.993E-05 9.993E-05
9.993E-05 9.993E-05 9.993E-05 9.993E-05 9.993E-05 9.993E-05 9.993E-05 0.999201 9.993E-05
9.99384E-05 0.0133048 9.99384E-05 9.99384E-05 9.99384E-05 0.985996 9.99384E-05 9.99384E-05 9.99384E-05
9.993E-05 9.993E-05 9.993E-05 9.993E-05 9.993E-05 0.999201 9.993E-05 9.993E-05 9.993E-05
9.993E-05 9.993E-05 9.993E-05 9.993E-05 9.993E-05 0.999201 9.993E-05 9.993E-05 9.993E-05
9.993E-05 9.993E-05 9.993E-05 9.993E-05 9.993E-05 9.993E-05 9.993E-05 0.999201 9.993E-05
9.993E-05 9.993E-05 9.993E-05 9.993E-05 9.993E-05 9.993E-05 9.993E-05 0.999201 9.993E-05
9.993E-05 9.993E-05 9.993E-05 9.993E-05 9.993E-05 9.993E-05 9.993E-05 0.999201 9.993E-05
9.993E-05 9.993E-05 9.993E-05 9.993E-05 9.993E-05 0.999201 9.993E-05 9.993E-05 9.993E-05
9.993E-05 9.993E-05 9.993E-05 9.993E-05 9.993E-05 9.993E-05 9.993E-05 0.999201 9.993E-05
9.993E-05 9.993E-05 9.993E-05 9.993E-05 9.993E-05 9.993E-05 9.993E-05 0.999201 9.993E-05
9.99384E-05 0.0173519 9.99384E-05 9.99384E-05 9.99384E-05 0.981949 9.99384E-05 9.99384E-05 9.99384E-05
9.993E-05 9.993E-05 9.993E-05 9.993E-05 9.993E-05 9.993E-05 9.993E-05 0.999201 9.993E-05
9.993E-05 9.993E-05 9.993E-05 9.993E-05 9.993E-05 9.993E-05 9.993E-05 0.999201 9.993E-05
9.99736E-05 9.99736E-05 0.00615947 9.99736E-05 0.295429 0.367909 0.156582 0.0869374 0.0866831
9.993E-05 9.993E-05 9.993E-05 9.993E-05 9.993E-05 0.999201 9.993E-05 9.993E-05 9.993E-05
9.993E-05 9.993E-05 9.993E-05 9.993E-05 9.993E-05 9.993E-05 9.993E-05 0.999201 9.993E-05
9.99649E-05 9.99649E-05 0.0235233 9.99649E-05 0.486983 9.99649E-05 0.0173246 0.394596 0.0771739
9.99561E-05 0.0969803 9.99561E-05 0.146714 0.503777 9.99561E-05 9.99561E-05 0.252029 9.99561E-05
9.9956E-05 0.0567756 9.9956E-05 9.9956E-05 0.455901 0.351763 9.9956E-05 0.135061 9.9956E-05
9.99736E-05 0.0344727 0.0466026 0.0337755 0.815181 0.00727034 9.99736E-05 9.99736E-05 0.0623982
9.99472E-05 9.99472E-05 9.99472E-05 9.99472E-05 0.39868 0.355864 9.99472E-05 0.244856 9.99472E-05
0.0891229 9.99475E-05 9.99475E-05 9.99475E-05 0.861493 9.99475E-05 9.99475E-05 0.048784 9.99475E-05
9.99736E-05 0.0117156 9.99736E-05 0.0126478 0.329661 0.252984 0.0758289 0.316863 9.99736E-05
9.99736E-05 0.0952964 0.0379311 9.99736E-05 0.626266 9.99736E-05 0.0493981 0.139926 0.0508827
9.99386E-05 9.99386E-05 9.99386E-05 9.99386E-05 0.749778 9.99386E-05 9.99386E-05 0.249523 9.99386E-05
9.99648E-05 9.99648E-05 9.99648E-05 0.127755 0.832005 0.0146048 9.99648E-05 0.0121786 0.0130571
9.99561E-05 9.99561E-05 9.99561E-05 9.99561E-05 0.644855 0.201295 0.0585783 0.0947718 9.99561E-05
9.99473E-05 9.99473E-05 9.99473E-05 9.99473E-05 0.374518 0.048947 9.99473E-05 0.575935 9.99473E-05
9.99648E-05 9.99648E-05 0.105183 9.99648E-05 0.292085 0.365701 9.99648E-05 0.224159 0.0124717
9.99472E-05 9.99472E-05 9.99472E-05 9.99472E-05 0.829212 9.99472E-05 9.99472E-05 0.0450908 0.125098
9.9956E-05 9.9956E-05 9.9956E-05 9.9956E-05 0.641423 0.109147 0.0908356 0.158095 9.9956E-05
9.99649E-05 9.99649E-05 9.99649E-05 0.00650678 0.368837 0.259166 0.0487668 0.316323 9.99649E-05
9.99561E-05 0.0331374 9.99561E-05 9.99561E-05 0.71124 0.049122 9.99561E-05 0.206001 9.99561E-05
9.99736E-05 9.99736E-05 0.0632972 9.99736E-05 0.371093 0.42057 0.0765248 0.0492592 0.0189564
9.99648E-05 0.0911856 9.99648E-05 9.99648E-05 0.586165 0.123349 0.0433002 0.1556 9.99648E-05
9.99736E-05 0.0136553 9.99736E-05 0.00895397 0.587402 0.167211 9.99736E-05 0.146828 0.07565
9.9956E-05 9.9956E-05 9.9956E-05 0.155257 0.614038 0.0593654 9.9956E-05 0.170839 9.9956E-05
9.99473E-05 9.99473E-05 0.0489558 9.99473E-05 0.675373 9.99473E-05 9.99473E-05 0.275071 9.99473E-05
9.998E-05 0.07426 0.107151 9.998E-05 0.500634 0.0435385 0.0221313 0.21834 0.0337455
9.9956E-05 0.0656887 9.9956E-05 9.9956E-05 0.710042 9.9956E-05 0.0378072 0.185962 9.9956E-05
9.99473E-05 9.99473E-05 9.99473E-05 9.99473E-05 0.857056 9.99473E-05 9.99473E-05 0.0311109 0.111233
9.99386E-05 9.99386E-05 9.99386E-05 9.99386E-05 0.990321 9.99386E-05 9.99386E-05 0.0089795 9.99386E-05
9.99648E-05 9.99648E-05 9.99648E-05 0.23487 0.642301 0.0865674 9.99648E-05 0.0235935 0.0122687
9.99561E-05 9.99561E-05 9.99561E-05 9.99561E-05 0.291029 0.403872 9.99561E-05 0.264815 0.0397846
9.99736E-05 0.0566804 0.0294536 0.0534487 0.762193 0.016836 9.99736E-05 9.99736E-05 0.0810887
9.9956E-05 0.0822891 9.9956E-05 9.9956E-05 0.673829 9.9956E-05 9.9956E-05 0.107017 0.136365
9.99649E-05 0.0488418 9.99649E-05 9.99649E-05 0.320344 0.129682 0.0823452 0.418387 9.99649E-05
9.99561E-05 9.99561E-05 9.99561E-05 9.99561E-05 0.646812 0.113773 0.00924344 0.229672 9.99561E-05
9.997E-05 0.0290686 9.997E-05 0.138869 0.33007 0.254725 9.997E-05 0.195336 0.0516324
9.99736E-05 9.99736E-05 9.99736E-05 0.0341696 0.47123 0.18069 0.0203826 0.251325 0.0419028
9.99648E-05 9.99648E-05 9.99648E-05 9.99648E-05 0.595734 0.102582 0.0903122 0.147919 0.0630537
9.99561E-05 0.0369814 9.99561E-05 9.99561E-05 0.821011 0.0970531 9.99561E-05 0.044455 9.99561E-05
9.993E-05 9.993E-05 9.993E-05 9.993E-05 0.999201 9.993E-05 9.993E-05 9.993E-05 9.993E-05
9.9956E-05 9.9956E-05 0.144372 9.9956E-05 0.404317 0.391949 0.0588611 9.9956E-05 9.9956E-05
9.99648E-05 0.0274087 0.105859 9.99648E-05 0.798649 9.99648E-05 0.0641027 0.00358146 9.99648E-05
9.9956E-05 9.9956E-05 9.9956E-05 0.235321 0.472508 0.089049 9.9956E-05 0.202622 9.9956E-05
9.99648E-05 0.000853883 9.99648E-05 9.99648E-05 0.700443 0.186118 9.99648E-05 0.0983158 0.0138697
9.99649E-05 9.99649E-05 9.99649E-05 0.161732 0.677776 0.12051 0.0122678 0.027315 9.99649E-05
9.99648E-05 0.0200193 9.99648E-05 0.246642 0.459918 0.0449216 9.99648E-05 0.228099 9.99648E-05
9.99561E-05 9.99561E-05 9.99561E-05 9.99561E-05 0.355372 0.0689495 9.99561E-05 0.493768 0.08141
9.9956E-05 9.9956E-05 9.9956E-05 9.9956E-05 0.176061 0.358537 0.0620864 0.402816 9.9956E-05
9.9956E-05 9.9956E-05 9.9956E-05 9.9956E-05 0.778369 9.9956E-05 0.0753268 0.138431 0.00737329
9.993E-05 9.993E-05 9.993E-05 9.993E-05 0.999201 9.993E-05 9.993E-05 9.993E-05 9.993E-05
9.9956E-05 0.00427052 9.9956E-05 9.9956E-05 0.766031 9.9956E-05 0.0290278 0.200171 9.9956E-05
9.993E-05 9.993E-05 9.993E-05 9.993E-05 0.999201 9.993E-05 9.993E-05 9.993E-05 9.993E-05
9.996E-05 9.996E-05 0.11553 9.996E-05 0.29789 0.33329 9.996E-05 0.215016 0.0378745
9.993E-05 9.993E-05 9.993E-05 9.993E-05 0.999201 9.993E-05 9.993E-05 9.993E-05 9.993E-05
9.995E-05 9.995E-05 9.995E-05 9.995E-05 0.626455 0.311951 0.0517884 0.00930579 9.995E-05
9.9956E-05 9.9956E-05 9.9956E-05 0.289568 0.289658 0.313899 0.106375 9.9956E-05 9.9956E-05
9.99473E-05 9.99473E-05 9.99473E-05 9.99473E-05 0.568253 0.235722 9.99473E-05 0.195426 9.99473E-05
9.99473E-05 9.99473E-05 9.99473E-05 0.155194 0.798709 9.99473E-05 9.99473E-05 0.0454976 9.99473E-05
9.99473E-05 9.99473E-05 9.99473E-05 9.99473E-05 0.667922 0.00933327 9.99473E-05 0.322145 9.99473E-05
9.99387E-05 9.99387E-05 9.99387E-05 9.99387E-05 0.826903 0.172397 9.99387E-05 9.99387E-05 9.99387E-05
9.99385E-05 9.99385E-05 9.99385E-05 9.99385E-05 0.816579 9.99385E-05 9.99385E-05 0.182721 9.99385E-05
9.99736E-05 0.00848644 9.99736E-05 0.00495209 0.77151 0.0262336 9.99736E-05 0.176932 0.0115854
9.99561E-05 9.99561E-05 0.00520298 9.99561E-05 0.526956 0.208141 9.99561E-05 0.2592 9.99561E-05
9.993E-05 9.993E-05 9.993E-05 9.993E-05 0.999201 9.993E-05 9.993E-05 9.993E-05 9.993E-05
9.99386E-05 9.99386E-05 9.99386E-05 9.99386E-05 0.902163 9.99386E-05 9.99386E-05 0.0971376 9.99386E-05
0.0665492 9.99562E-05 9.99562E-05 9.99562E-05 0.911145 0.00941201 0.0123936 9.99562E-05 9.99562E-05
9.99561E-05 9.99561E-05 9.99561E-05 9.99561E-05 0.759804 0.0908213 0.0530185 0.0958568 9.99561E-05
9.99648E-05 0.134268 9.99648E-05 9.99648E-05 0.7001 0.0474962 0.00753988 0.110196 9.99648E-05
9.99473E-05 9.99473E-05 0.00979398 9.99473E-05 0.773745 9.99473E-05 9.99473E-05 0.215862 9.99473E-05
9.99386E-05 9.99386E-05 9.99386E-05 9.99386E-05 0.972581 9.99386E-05 9.99386E-05 0.0267199 9.99386E-05
9.99649E-05 9.99649E-05 9.99649E-05 0.0444518 0.392624 0.249571 0.00590198 0.307051 9.99649E-05
9.99648E-05 0.0694557 0.0277366 9.99648E-05 0.584704 0.24337 0.0743336 9.99648E-05 9.99648E-05
9.99474E-05 9.99474E-05 9.99474E-05 9.99474E-05 0.818087 0.0972872 9.99474E-05 0.0840264 9.99474E-05
9.99561E-05 0.00906117 9.99561E-05 9.99561E-05 0.512542 0.451287 9.99561E-05 0.0266104 9.99561E-05
0.121452 9.99475E-05 9.99475E-05 9.99475E-05 0.767059 0.110889 9.99475E-05 9.99475E-05 9.99475E-05
9.99473E-05 9.99473E-05 9.99473E-05 9.99473E-05 0.475216 0.240164 9.99473E-05 0.28402 9.99473E-05
9.99649E-05 0.0318312 0.132604 9.99649E-05 0.598532 0.140467 9.99649E-05 9.99649E-05 0.0961663
9.99474E-05 9.99474E-05 9.99474E-05 9.99474E-05 0.917775 0.0710298 0.0105953 9.99474E-05 9.99474E-05
9.99473E-05 9.99473E-05 9.99473E-05 9.99473E-05 0.626157 0.205502 9.99473E-05 0.167741 9.99473E-05
0.0574928 9.99474E-05 9.99474E-05 9.99474E-05 0.894283 0.0476246 9.99474E-05 9.99474E-05 9.99474E-05
9.99648E-05 9.99648E-05 9.99648E-05 0.04739 0.810022 0.110892 0.0114941 9.99648E-05 0.0198015
9.99474E-05 9.99474E-05 9.99474E-05 9.99474E-05 0.825887 0.0761005 9.99474E-05 0.0974127 9.99474E-05
9.99561E-05 9.99561E-05 9.99561E-05 9.99561E-05 0.569634 0.0075917 0.0761955 0.346079 9.99561E-05
9.9956E-05 9.9956E-05 9.9956E-05 0.139106 0.612079 9.9956E-05 0.0591022 0.189212 9.9956E-05
9.997E-05 0.0606316 9.997E-05 0.0813977 0.57671 9.997E-05 0.0461323 0.167449 0.0673789
9.993E-05 9.993E-05 9.993E-05 9.993E-05 0.999201 9.993E-05 9.993E-05 9.993E-05 9.993E-05
9.99561E-05 0.011708 9.99561E-05 9.99561E-05 0.720802 9.99561E-05 0.0159281 0.251062 9.99561E-05
9.99561E-05 0.184788 9.99561E-05 9.99561E-05 0.590429 0.0936413 9.99561E-05 0.130642 9.99561E-05
9.99473E-05 9.99473E-05 9.99473E-05 9.99473E-05 0.880785 0.0613907 9.99473E-05 0.0572248 9.99473E-05
9.99736E-05 0.0160187 9.99736E-05 9.99736E-05 0.590613 0.184563 0.00612556 0.0407272 0.161653
9.9956E-05 9.9956E-05 9.9956E-05 9.9956E-05 0.500349 0.0700978 9.9956E-05 0.400068 0.0289848
9.99736E-05 0.0355365 0.105959 9.99736E-05 0.482343 0.252931 0.0338683 0.0890629 9.99736E-05
9.99648E-05 0.0562742 9.99648E-05 9.99648E-05 0.612705 0.18206 0.00450643 0.144054 9.99648E-05
9.99649E-05 0.152934 9.99649E-05 0.034884 0.456204 0.247994 9.99649E-05 0.107585 9.99649E-05
9.9956E-05 9.9956E-05 9.9956E-05 9.9956E-05 0.325352 0.441207 9.9956E-05 0.103934 0.129007
9.99561E-05 9.99561E-05 9.99561E-05 9.99561E-05 0.329221 0.286034 9.99561E-05 0.381575 0.00266927
9.99736E-05 0.101795 0.0538033 9.99736E-05 0.478873 0.159661 0.155906 0.0496616 9.99736E-05
9.99473E-05 9.99473E-05 9.99473E-05 9.99473E-05 0.747463 0.0841066 9.99473E-05 0.167831 9.99473E-05
9.99561E-05 9.99561E-05 9.99561E-05 9.99561E-05 0.872625 0.101908 9.99561E-05 0.0177464 0.00722078
9.99472E-05 9.99472E-05 9.99472E-05 0.194958 0.493509 9.99472E-05 9.99472E-05 0.310933 9.99472E-05
9.99648E-05 9.99648E-05 9.99648E-05 0.0172813 0.529623 0.307545 0.101217 0.0439345 9.99648E-05
9.99473E-05 9.99473E-05 9.99473E-05 9.99473E-05 0.584321 0.40049 9.99473E-05 9.99473E-05 0.0145894
9.99649E-05 0.0354013 9.99649E-05 0.144195 0.221364 0.473104 9.99649E-05 0.125536 9.99649E-05
9.99824E-05 0.0193298 0.0299652 0.160171 0.490147 9.99824E-05 0.0452311 0.17971 0.0752451
9.99473E-05 9.99473E-05 9.99473E-05 9.99473E-05 0.524328 0.360715 9.99473E-05 0.114358 9.99473E-05
9.99736E-05 0.18551 9.99736E-05 9.99736E-05 0.431479 0.221186 0.00142139 0.0435821 0.116522
0.0481803 9.99562E-05 9.99562E-05 9.99562E-05 0.823736 0.052783 9.99562E-05 0.074801 9.99562E-05
0.0481796 9.99562E-05 9.99562E-05 9.99562E-05 0.726894 0.0904132 9.99562E-05 0.134014 9.99562E-05
9.99561E-05 9.99561E-05 9.99561E-05 9.99561E-05 0.649189 0.205074 0.0246972 0.12054 9.99561E-05
9.99561E-05 9.99561E-05 0.0711814 9.99561E-05 0.368625 0.381017 9.99561E-05 9.99561E-05 0.178677
9.99387E-05 9.99387E-05 9.99387E-05 9.99387E-05 0.931347 9.99387E-05 9.99387E-05 0.0679529 9.99387E-05
9.993E-05 9.993E-05 9.993E-05 9.993E-05 0.999201 9.993E-05 9.993E-05 9.993E-05 9.993E-05
9.99648E-05 0.0923967 9.99648E-05 9.99648E-05 0.831988 9.99648E-05 0.0024162 0.0256939 0.0471056
9.99561E-05 0.0609701 9.99561E-05 9.99561E-05 0.800925 0.109921 9.99561E-05 0.0276835 9.99561E-05
9.99561E-05 9.99561E-05 9.99561E-05 0.00584928 0.889508 0.0529674 0.051175 9.99561E-05 9.99561E-05
9.9956E-05 9.9956E-05 9.9956E-05 0.0191511 0.591337 0.256413 9.9956E-05 0.1326 9.9956E-05
9.99648E-05 0.0123932 9.99648E-05 0.175889 0.621308 0.125637 9.99648E-05 0.064373 9.99648E-05
9.9956E-05 0.121173 9.9956E-05 9.9956E-05 0.364162 0.449892 0.0642728 9.9956E-05 9.9956E-05
9.99385E-05 9.99385E-05 9.99385E-05 9.99385E-05 0.667995 9.99385E-05 9.99385E-05 0.331305 9.99385E-05
9.99648E-05 0.00959501 9.99648E-05 0.0587904 0.670915 0.132805 9.99648E-05 0.127495 9.99648E-05
9.99473E-05 9.99473E-05 9.99473E-05 9.99473E-05 0.533779 0.268168 9.99473E-05 9.99473E-05 0.197454
9.99474E-05 0.0368701 9.99474E-05 9.99474E-05 0.955696 9.99474E-05 0.00683402 9.99474E-05 9.99474E-05
9.99648E-05 9.99648E-05 0.166884 0.0399859 0.260049 0.516896 0.0157843 9.99648E-05 9.99648E-05
9.9956E-05 9.9956E-05 9.9956E-05 0.0692424 0.67799 0.12834 9.9956E-05 9.9956E-05 0.123928
9.99648E-05 0.0145049 9.99648E-05 9.99648E-05 0.438889 0.165806 0.125131 0.255269 9.99648E-05
9.996E-05 0.00720558 9.996E-05 0.0353363 0.423035 0.436752 9.996E-05 0.0972704 9.996E-05
9.99649E-05 9.99649E-05 9.99649E-05 0.177077 0.499021 0.0605313 0.00101784 0.261953 9.99649E-05
9.99474E-05 9.99474E-05 9.99474E-05 9.99474E-05 0.731007 0.0800847 9.99474E-05 0.188308 9.99474E-05
9.99648E-05 9.99648E-05 9.99648E-05 9.99648E-05 0.608124 0.0208384 0.123223 0.159559 0.0878553
9.99386E-05 9.99386E-05 9.99386E-05 9.99386E-05 0.950391 0.0489094 9.99386E-05 9.99386E-05 9.99386E-05
0.0171954 0.0303144 9.9965E-05 9.9965E-05 0.861996 0.039674 9.9965E-05 0.0504205 9.9965E-05
9.99736E-05 9.99736E-05 0.0533639 0.0280991 0.41877 0.130097 0.0966541 0.272716 9.99736E-05
9.99736E-05 0.0519447 9.99736E-05 0.0169001 0.458523 0.312444 0.00487186 0.155017 9.99736E-05
9.99561E-05 9.99561E-05 9.99561E-05 0.204684 9.99561E-05 0.551867 0.0501672 0.192782 9.99561E-05
9.99737E-05 9.99737E-05 0.0609189 0.0828081 0.0353884 0.614871 0.112607 0.0931074 9.99737E-05
9.99649E-05 9.99649E-05 0.0981908 0.142939 9.99649E-05 0.607294 0.0146251 0.136552 9.99649E-05
9.99737E-05 9.99737E-05 0.0762171 0.00633066 0.275458 0.538227 0.0867243 0.0167434 9.99737E-05
9.99825E-05 9.99825E-05 0.171562 0.0467478 0.0539759 0.444772 0.112482 0.125485 0.0447746
0.181938 9.99737E-05 9.99737E-05 0.0106974 0.0914288 0.541631 0.0931931 0.0808118 9.99737E-05
9.99649E-05 9.99649E-05 9.99649E-05 0.0271825 0.0027944 0.745019 0.0663042 0.1583 9.99649E-05
9.9965E-05 9.9965E-05 0.114827 9.9965E-05 0.0786056 0.569566 0.0953467 0.141254 9.9965E-05
0.23354 9.99737E-05 0.0647323 9.99737E-05 0.110061 0.450429 0.119063 0.0218747 9.99737E-05
9.99649E-05 9.99649E-05 9.99649E-05 0.141681 0.0124615 0.670539 0.00960182 0.165317 9.99649E-05
9.99649E-05 9.99649E-05 9.99649E-05 0.080421 9.99649E-05 0.643538 0.107157 0.131645 0.0368389
0.108149 0.112931 9.99562E-05 9.99562E-05 0.0106958 0.767724 9.99562E-05 9.99562E-05 9.99562E-05
9.99649E-05 9.99649E-05 0.158448 9.99649E-05 0.0919312 0.643353 0.00607084 0.0997973 9.99649E-05
0.270109 9.99562E-05 9.99562E-05 9.99562E-05 0.081621 0.625676 9.99562E-05 0.0220934 9.99562E-05
0.00194083 9.99737E-05 0.0701322 9.99737E-05 0.0934352 0.654695 0.157891 9.99737E-05 0.0216059
0.01974 9.99649E-05 9.99649E-05 0.322428 9.99649E-05 0.466907 0.0510829 0.139441 9.99649E-05
9.99649E-05 9.99649E-05 9.99649E-05 0.0499549 0.0716268 0.583053 0.155389 0.139577 9.99649E-05
0.0643631 0.00649401 0.0798467 0.121066 0.00795443 0.706589 0.0134869 9.99825E-05 9.99825E-05
9.99561E-05 9.99561E-05 0.121557 9.99561E-05 9.99561E-05 0.585014 0.196914 0.0960144 9.99561E-05
9.99474E-05 9.99474E-05 9.99474E-05 0.161515 9.99474E-05 0.681155 9.99474E-05 0.15673 9.99474E-05
9.99537E-05 9.99537E-05 9.99537E-05 9.99537E-05 9.99537E-05 0.732045 0.137062 0.130293 9.99537E-05
0.0610467 9.99737E-05 9.99737E-05 0.148432 0.0673578 0.615421 0.0817802 0.0256626 9.99737E-05
0.0479366 9.99649E-05 9.99649E-05 0.157714 9.99649E-05 0.683934 0.0995988 9.99649E-05 0.0104165
9.99561E-05 9.99561E-05 9.99561E-05 9.99561E-05 0.04248 0.637488 9.99561E-05 0.214921 0.104611
9.99473E-05 9.99473E-05 9.99473E-05 9.99473E-05 9.99473E-05 0.718459 9.99473E-05 0.249206 0.0317359
9.99385E-05 9.99385E-05 9.99385E-05 9.99385E-05 9.99385E-05 0.725567 9.99385E-05 0.273733 9.99385E-05
9.99385E-05 9.99385E-05 9.99385E-05 9.99385E-05 9.99385E-05 0.828137 9.99385E-05 0.171164 9.99385E-05
9.99386E-05 9.99386E-05 9.99386E-05 9.99386E-05 9.99386E-05 0.936595 9.99386E-05 0.0627059 9.99386E-05
9.99386E-05 9.99386E-05 9.99386E-05 9.99386E-05 9.99386E-05 0.746147 9.99386E-05 0.253153 9.99386E-05
9.99473E-05 9.99473E-05 9.99473E-05 9.99473E-05 9.99473E-05 0.692091 9.99473E-05 0.283489 0.02382
9.99562E-05 9.99562E-05 9.99562E-05 9.99562E-05 0.0552873 0.841677 0.00344498 0.0990912 9.99562E-05
9.99473E-05 9.99473E-05 9.99473E-05 9.99473E-05 0.0426166 0.775279 9.99473E-05 0.181505 9.99473E-05
9.99472E-05 9.99472E-05 9.99472E-05 9.99472E-05 9.99472E-05 0.648369 0.027856 0.323175 9.99472E-05
9.99473E-05 9.99473E-05 9.99473E-05 9.99473E-05 9.99473E-05 0.850455 9.99473E-05 0.127693 0.0212527
9.99386E-05 9.99386E-05 9.99386E-05 9.99386E-05 9.99386E-05 0.838191 9.99386E-05 0.161109 9.99386E-05
9.99473E-05 9.99473E-05 9.99473E-05 9.99473E-05 9.99473E-05 0.670371 0.0171027 0.311927 9.99473E-05
9.99474E-05 9.99474E-05 9.99474E-05 9.99474E-05 0.124959 0.609262 9.99474E-05 0.26518 9.99474E-05
9.99387E-05 9.99387E-05 9.99387E-05 9.99387E-05 9.99387E-05 0.857885 9.99387E-05 0.141415 9.99387E-05
9.99474E-05 9.99474E-05 9.99474E-05 9.99474E-05 0.140306 0.631202 9.99474E-05 0.227892 9.99474E-05
9.99561E-05 9.99561E-05 9.99561E-05 9.99561E-05 0.0305732 0.648764 9.99561E-05 0.240141 0.0800223
9.99386E-05 9.99386E-05 9.99386E-05 9.99386E-05 9.99386E-05 0.773048 9.99386E-05 0.226253 9.99386E-05
9.99386E-05 9.99386E-05 9.99386E-05 9.99386E-05 9.99386E-05 0.748741 9.99386E-05 0.25056 9.99386E-05
9.99562E-05 9.99562E-05 9.99562E-05 9.99562E-05 9.99562E-05 0.811968 0.0135292 0.1576 0.0164021
9.99385E-05 9.99385E-05 9.99385E-05 9.99385E-05 9.99385E-05 0.623094 9.99385E-05 0.376206 9.99385E-05
9.99386E-05 9.99386E-05 9.99386E-05 9.99386E-05 9.99386E-05 0.897845 9.99386E-05 0.101456 9.99386E-05
9.99385E-05 9.99385E-05 9.99385E-05 9.99385E-05 9.99385E-05 0.628462 9.99385E-05 0.370839 9.99385E-05
9.99474E-05 0.0424833 9.99474E-05 9.99474E-05 0.836183 0.120734 9.99474E-05 9.99474E-05 9.99474E-05
9.99475E-05 9.99475E-05 9.99475E-05 0.0254501 9.99475E-05 0.794633 9.99475E-05 0.179317 9.99475E-05
9.99386E-05 9.99386E-05 9.99386E-05 9.99386E-05 9.99386E-05 0.761182 9.99386E-05 0.238119 9.99386E-05
9.99561E-05 9.99561E-05 0.0524416 9.99561E-05 9.99561E-05 0.822253 0.0852839 0.039522 9.99561E-05
9.99561E-05 9.99561E-05 9.99561E-05 9.99561E-05 0.0787468 0.735921 0.00911218 0.17572 9.99561E-05
9.99385E-05 9.99385E-05 9.99385E-05 9.99385E-05 9.99385E-05 0.656021 9.99385E-05 0.343279 9.99385E-05
9.99474E-05 9.99474E-05 9.99474E-05 9.99474E-05 0.116732 0.742319 9.99474E-05 0.140349 9.99474E-05
9.99474E-05 9.99474E-05 9.99474E-05 9.99474E-05 9.99474E-05 0.738811 0.0526845 0.207905 9.99474E-05
9.99385E-05 9.99385E-05 9.99385E-05 9.99385E-05 9.99385E-05 0.945049 9.99385E-05 0.0542513 9.99385E-05
9.99474E-05 9.99474E-05 9.99474E-05 9.99474E-05 9.99474E-05 0.781674 9.99474E-05 0.196117 0.0216099
9.99385E-05 9.99385E-05 9.99385E-05 9.99385E-05 9.99385E-05 0.809259 9.99385E-05 0.190041 9.99385E-05
9.99474E-05 9.99474E-05 9.99474E-05 9.99474E-05 9.99474E-05 0.694684 9.99474E-05 0.257689 0.0470274
9.99385E-05 9.99385E-05 9.99385E-05 9.99385E-05 9.99385E-05 0.876299 9.99385E-05 0.123001 9.99385E-05
9.99385E-05 9.99385E-05 9.99385E-05 9.99385E-05 9.99385E-05 0.717523 9.99385E-05 0.281778 9.99385E-05
