9.99034E-05 9.99034E-05 9.99034E-05 0.0661184 9.99034E-05 0.261114 0.168055 0.0759328 9.99034E-05 9.99034E-05 0.0223352 0.0014145 9.99034E-05 9.99034E-05 0.357858 9.99034E-05 9.99034E-05 9.99034E-05 0.0460728
9.98947E-05 9.98947E-05 9.98947E-05 9.98947E-05 0.00171991 0.118533 9.98947E-05 0.0105531 9.98947E-05 9.98947E-05 0.00964499 9.98947E-05 9.98947E-05 9.98947E-05 0.702809 0.00620104 9.98947E-05 9.98947E-05 0.14934
9.98771E-05 9.98771E-05 9.98771E-05 0.0539292 9.98771E-05 9.98771E-05 9.98771E-05 9.98771E-05 9.98771E-05 0.0598214 9.98771E-05 0.0205954 9.98771E-05 9.98771E-05 0.848948 9.98771E-05 9.98771E-05 0.0153081 9.98771E-05
9.99035E-05 9.99035E-05 9.99035E-05 0.0155134 9.99035E-05 9.99035E-05 0.195944 0.192402 0.205753 0.126396 0.00898391 9.99035E-05 9.99035E-05 9.99035E-05 0.247156 9.99035E-05 0.00675332 9.99035E-05 9.99035E-05
9.98684E-05 9.98684E-05 9.98684E-05 9.98684E-05 9.98684E-05 9.98684E-05 0.0522057 9.98684E-05 9.98684E-05 9.98684E-05 9.98684E-05 9.98684E-05 9.98684E-05 9.98684E-05 0.790977 9.98684E-05 9.98684E-05 0.0541003 0.101219
9.99211E-05 9.99211E-05 9.99211E-05 0.0278182 9.99211E-05 0.202328 0.102473 0.00507715 9.99211E-05 0.128352 9.99211E-05 0.0300613 9.99211E-05 9.99211E-05 0.195176 9.99211E-05 0.174225 0.119647 0.0139433
9.99122E-05 0.06534 9.99122E-05 0.0403997 9.99122E-05 0.101361 0.225726 9.99122E-05 0.150568 9.99122E-05 0.10869 0.0479084 9.99122E-05 9.99122E-05 0.24077 9.99122E-05 9.99122E-05 9.99122E-05 0.0182371
9.99211E-05 0.0152117 0.0506461 9.99211E-05 9.99211E-05 0.146279 0.197699 9.99211E-05 0.0581149 0.00281866 9.99211E-05 9.99211E-05 0.0209286 9.99211E-05 0.176379 9.99211E-05 0.136795 0.19423 9.99211E-05
9.98947E-05 9.98947E-05 9.98947E-05 0.266749 9.98947E-05 9.98947E-05 9.98947E-05 9.98947E-05 9.98947E-05 0.0480867 9.98947E-05 0.15364 9.98947E-05 9.98947E-05 0.223095 0.00180122 0.297067 9.98947E-05 0.00836205
9.98595E-05 9.98595E-05 9.98595E-05 0.120039 9.98595E-05 9.98595E-05 0.000773381 9.98595E-05 9.98595E-05 9.98595E-05 9.98595E-05 9.98595E-05 9.98595E-05 9.98595E-05 0.87759 9.98595E-05 9.98595E-05 9.98595E-05 9.98595E-05
9.98772E-05 9.98772E-05 9.98772E-05 0.1995 9.98772E-05 0.163329 0.0957458 9.98772E-05 9.98772E-05 9.98772E-05 0.0967758 9.98772E-05 9.98772E-05 9.98772E-05 0.44325 9.98772E-05 9.98772E-05 9.98772E-05 9.98772E-05
9.98596E-05 9.98596E-05 9.98596E-05 9.98596E-05 9.98596E-05 0.0819839 9.98596E-05 9.98596E-05 9.98596E-05 9.98596E-05 9.98596E-05 9.98596E-05 0.0488059 9.98596E-05 0.867612 9.98596E-05 9.98596E-05 9.98596E-05 9.98596E-05
9.98772E-05 9.98772E-05 9.98772E-05 0.0498689 0.0623109 9.98772E-05 0.194178 9.98772E-05 0.0160385 9.98772E-05 9.98772E-05 9.98772E-05 9.98772E-05 9.98772E-05 0.676206 9.98772E-05 9.98772E-05 9.98772E-05 9.98772E-05
9.9886E-05 9.9886E-05 9.9886E-05 0.0192553 9.9886E-05 0.0161231 0.113894 9.9886E-05 9.9886E-05 9.9886E-05 0.104009 9.9886E-05 9.9886E-05 0.28287 0.46255 9.9886E-05 9.9886E-05 9.9886E-05 9.9886E-05
9.99035E-05 9.99035E-05 9.99035E-05 0.125033 9.99035E-05 0.201284 0.0203747 0.00437694 9.99035E-05 0.118583 9.99035E-05 0.0287218 9.99035E-05 9.99035E-05 0.311779 9.99035E-05 0.188748 9.99035E-05 9.99035E-05
9.99035E-05 9.99035E-05 0.116003 0.0965782 9.99035E-05 0.146015 0.0941345 9.99035E-05 0.108799 0.0186445 9.99035E-05 9.99035E-05 9.99035E-05 9.99035E-05 0.21253 9.99035E-05 0.206198 9.99035E-05 9.99035E-05
0.207237 9.99035E-05 9.99035E-05 0.0317633 9.99035E-05 0.0277956 0.042862 9.99035E-05 0.0939943 9.99035E-05 0.0821159 9.99035E-05 9.99035E-05 9.99035E-05 0.433304 9.99035E-05 9.99035E-05 9.99035E-05 0.0798294
9.98948E-05 9.98948E-05 9.98948E-05 0.0935423 9.98948E-05 0.268574 0.212435 9.98948E-05 9.98948E-05 9.98948E-05 9.98948E-05 9.98948E-05 0.102297 9.98948E-05 0.0963109 0.164964 0.0606779 9.98948E-05 9.98948E-05
9.99034E-05 9.99034E-05 9.99034E-05 0.174066 9.99034E-05 9.99034E-05 0.242267 0.0322684 0.0454534 9.99034E-05 0.00240836 9.99034E-05 0.0251241 9.99034E-05 0.319575 9.99034E-05 0.157739 9.99034E-05 9.99034E-05
9.98596E-05 9.98596E-05 9.98596E-05 9.98596E-05 9.98596E-05 9.98596E-05 9.98596E-05 0.061378 9.98596E-05 9.98596E-05 9.98596E-05 9.98596E-05 9.98596E-05 9.98596E-05 0.935741 9.98596E-05 0.00128358 9.98596E-05 9.98596E-05
9.99035E-05 9.99035E-05 0.152237 0.0769404 9.99035E-05 9.99035E-05 9.99035E-05 9.99035E-05 0.0382952 0.101568 0.0497217 9.99035E-05 9.99035E-05 9.99035E-05 0.464323 9.99035E-05 0.0899311 0.0258841 9.99035E-05
9.99035E-05 9.99035E-05 9.99035E-05 9.99035E-05 0.114662 9.99035E-05 0.234054 9.99035E-05 0.133079 0.0106104 9.99035E-05 9.99035E-05 9.99035E-05 9.99035E-05 0.239053 9.99035E-05 0.139747 0.109582 0.0181144
9.98772E-05 9.98772E-05 9.98772E-05 0.107438 9.98772E-05 0.249351 9.98772E-05 9.98772E-05 9.98772E-05 0.0694284 0.0544695 9.98772E-05 9.98772E-05 9.98772E-05 0.517915 9.98772E-05 9.98772E-05 9.98772E-05 9.98772E-05
9.9886E-05 9.9886E-05 9.9886E-05 0.290256 9.9886E-05 0.119488 0.263973 9.9886E-05 9.9886E-05 9.9886E-05 9.9886E-05 0.0808372 9.9886E-05 9.9886E-05 0.240889 9.9886E-05 0.00325683 9.9886E-05 9.9886E-05
9.98947E-05 9.98947E-05 9.98947E-05 0.24046 9.98947E-05 9.98947E-05 0.0429615 0.193557 9.98947E-05 0.216393 0.0278839 9.98947E-05 9.98947E-05 9.98947E-05 0.251697 9.98947E-05 0.0258491 9.98947E-05 9.98947E-05
9.99034E-05 9.99034E-05 9.99034E-05 0.101946 9.99034E-05 9.99034E-05 0.0822879 9.99034E-05 0.089776 0.0431598 0.00885116 9.99034E-05 9.99034E-05 9.99034E-05 0.642271 9.99034E-05 0.0129071 0.0177017 9.99034E-05
9.98947E-05 9.98947E-05 0.112451 0.0771076 0.276694 9.98947E-05 0.171217 9.98947E-05 9.98947E-05 0.210358 9.98947E-05 0.000819773 0.150154 9.98947E-05 9.98947E-05 9.98947E-05 9.98947E-05 9.98947E-05 9.98947E-05
9.98685E-05 9.98685E-05 9.98685E-05 0.0620785 9.98685E-05 9.98685E-05 0.127812 9.98685E-05 0.0936709 9.98685E-05 9.98685E-05 9.98685E-05 9.98685E-05 9.98685E-05 0.71494 9.98685E-05 9.98685E-05 9.98685E-05 9.98685E-05
9.99035E-05 9.99035E-05 9.99035E-05 0.198631 9.99035E-05 0.128628 0.0832014 0.0108481 9.99035E-05 0.0201893 9.99035E-05 0.030499 9.99035E-05 0.0112344 0.51567 9.99035E-05 9.99035E-05 9.99035E-05 9.99035E-05
9.99035E-05 9.99035E-05 9.99035E-05 0.0808527 9.99035E-05 9.99035E-05 9.99035E-05 9.99035E-05 9.99035E-05 0.00784829 0.00101425 0.0147861 9.99035E-05 0.050849 0.750034 9.99035E-05 0.0347811 9.99035E-05 0.0587357
9.99034E-05 9.99034E-05 9.99034E-05 0.0148354 0.0458903 0.144352 0.0412799 0.0430432 9.99034E-05 9.99034E-05 0.0613504 9.99034E-05 9.99034E-05 9.99034E-05 0.619773 9.99034E-05 0.0283767 9.99034E-05 9.99034E-05
0.0228888 9.99035E-05 9.99035E-05 0.0661928 9.99035E-05 0.0293855 0.0476075 9.99035E-05 0.0666558 0.229984 0.0554323 9.99035E-05 9.99035E-05 9.99035E-05 0.480754 9.99035E-05 9.99035E-05 9.99035E-05 9.99035E-05
9.9886E-05 9.9886E-05 9.9886E-05 0.136098 9.9886E-05 0.0546075 0.175111 9.9886E-05 9.9886E-05 0.0573108 0.115779 9.9886E-05 9.9886E-05 9.9886E-05 0.459795 9.9886E-05 9.9886E-05 9.9886E-05 9.9886E-05
9.99122E-05 9.99122E-05 0.0039469 0.136825 9.99122E-05 9.99122E-05 0.0580134 0.00407425 9.99122E-05 0.222156 0.0167702 0.00732478 0.0337361 9.99122E-05 0.516154 9.99122E-05 9.99122E-05 9.99122E-05 9.99122E-05
9.98685E-05 9.98685E-05 9.98685E-05 9.98685E-05 0.0440037 9.98685E-05 9.98685E-05 0.136696 9.98685E-05 9.98685E-05 9.98685E-05 9.98685E-05 9.98685E-05 9.98685E-05 0.758086 9.98685E-05 9.98685E-05 9.98685E-05 0.0597157
9.98947E-05 9.98947E-05 9.98947E-05 0.0202314 0.0751988 0.0713326 0.115807 9.98947E-05 0.0743231 9.98947E-05 9.98947E-05 0.0535996 9.98947E-05 9.98947E-05 0.588308 9.98947E-05 9.98947E-05 9.98947E-05 9.98947E-05
9.98948E-05 0.0415637 0.00728765 9.98948E-05 0.0449929 9.98948E-05 9.98948E-05 0.0129872 9.98948E-05 9.98948E-05 0.0468986 9.98948E-05 9.98948E-05 9.98948E-05 0.826082 9.98948E-05 9.98948E-05 9.98948E-05 0.018989
9.9886E-05 9.9886E-05 9.9886E-05 0.108048 9.9886E-05 9.9886E-05 0.0542489 0.0808336 9.9886E-05 9.9886E-05 9.9886E-05 9.9886E-05 9.9886E-05 9.9886E-05 0.604739 9.9886E-05 0.109482 9.9886E-05 0.0413504
0.135364 9.98948E-05 9.98948E-05 0.168285 9.98948E-05 9.98948E-05 9.98948E-05 0.00801614 9.98948E-05 9.98948E-05 0.0515403 9.98948E-05 9.98948E-05 9.98948E-05 0.555492 9.98948E-05 9.98948E-05 0.0399997 0.0401043
9.98858E-05 0.00702013 0.0795371 0.160259 9.98858E-05 9.98858E-05 9.98858E-05 9.98858E-05 9.98858E-05 0.0832828 9.98858E-05 9.98858E-05 9.98858E-05 0.182299 0.486303 9.98858E-05 9.98858E-05 9.98858E-05 9.98858E-05
9.98859E-05 9.98859E-05 9.98859E-05 0.0658252 0.0903698 9.98859E-05 0.0535014 9.98859E-05 0.0605258 9.98859E-05 0.0385848 9.98859E-05 9.98859E-05 9.98859E-05 0.689895 9.98859E-05 9.98859E-05 9.98859E-05 9.98859E-05
9.9886E-05 9.9886E-05 9.9886E-05 0.0472465 0.188054 9.9886E-05 0.135336 0.0269196 9.9886E-05 9.9886E-05 9.9886E-05 9.9886E-05 9.9886E-05 9.9886E-05 0.59931 9.9886E-05 0.00183543 9.9886E-05 9.9886E-05
9.98759E-05 9.98759E-05 9.98759E-05 9.98759E-05 0.155777 9.98759E-05 9.98759E-05 9.98759E-05 0.0116592 9.98759E-05 9.98759E-05 9.98759E-05 9.98759E-05 0.0956137 0.735452 9.98759E-05 9.98759E-05 9.98759E-05 9.98759E-05
9.98947E-05 9.98947E-05 9.98947E-05 0.177919 9.98947E-05 0.239127 0.110015 9.98947E-05 9.98947E-05 9.98947E-05 0.0123198 0.0478481 9.98947E-05 9.98947E-05 0.312056 9.98947E-05 0.099516 9.98947E-05 9.98947E-05
9.98771E-05 9.98771E-05 9.98771E-05 0.231157 9.98771E-05 9.98771E-05 0.431002 9.98771E-05 0.139621 9.98771E-05 9.98771E-05 9.98771E-05 9.98771E-05 9.98771E-05 0.193092 9.98771E-05 9.98771E-05 0.00372979 9.98771E-05
9.98858E-05 9.98858E-05 9.98858E-05 0.0418613 0.00366785 9.98858E-05 0.038251 9.98858E-05 0.0247881 9.98858E-05 9.98858E-05 9.98858E-05 9.98858E-05 9.98858E-05 0.835438 0.0546953 9.98858E-05 9.98858E-05 9.98858E-05
9.98771E-05 9.98771E-05 9.98771E-05 0.0549812 9.98771E-05 9.98771E-05 9.98771E-05 9.98771E-05 9.98771E-05 9.98771E-05 9.98771E-05 9.98771E-05 0.0698144 9.98771E-05 0.800048 0.00956323 0.064195 9.98771E-05 9.98771E-05
9.98684E-05 9.98684E-05 0.000445487 0.00235201 9.98684E-05 0.134267 9.98684E-05 9.98684E-05 9.98684E-05 9.98684E-05 9.98684E-05 9.98684E-05 9.98684E-05 9.98684E-05 0.861438 9.98684E-05 9.98684E-05 9.98684E-05 9.98684E-05
9.98946E-05 9.98946E-05 9.98946E-05 0.120204 9.98946E-05 0.0640675 0.126042 0.00861422 0.05329 9.98946E-05 0.0593675 9.98946E-05 9.98946E-05 9.98946E-05 0.567216 9.98946E-05 9.98946E-05 9.98946E-05 9.98946E-05
9.98861E-05 0.15309 9.98861E-05 9.98861E-05 9.98861E-05 9.98861E-05 9.98861E-05 9.98861E-05 9.98861E-05 9.98861E-05 0.00821701 9.98861E-05 9.98861E-05 9.98861E-05 0.774041 9.98861E-05 0.0337539 0.0165113 0.0130882
9.99297E-05 9.99297E-05 9.99297E-05 0.188841 0.133912 0.00953689 0.0167159 0.0683538 0.0119701 0.131402 0.102146 0.00855183 9.99297E-05 9.99297E-05 0.286872 9.99297E-05 0.0408979 9.99297E-05 9.99297E-05
9.9886E-05 9.9886E-05 0.012973 9.9886E-05 9.9886E-05 9.9886E-05 0.314181 9.9886E-05 9.9886E-05 9.9886E-05 0.00789084 0.0691889 9.9886E-05 9.9886E-05 0.525726 0.0687417 9.9886E-05 9.9886E-05 9.9886E-05
9.98685E-05 9.98685E-05 9.98685E-05 9.98685E-05 9.98685E-05 9.98685E-05 0.0113502 9.98685E-05 9.98685E-05 9.98685E-05 9.98685E-05 9.98685E-05 0.0997444 9.98685E-05 0.84503 9.98685E-05 9.98685E-05 9.98685E-05 0.0423772
9.99035E-05 0.0412512 0.188475 0.0430288 9.99035E-05 9.99035E-05 0.00764237 0.00729171 9.99035E-05 9.99035E-05 9.99035E-05 9.99035E-05 9.99035E-05 0.119917 0.567732 9.99035E-05 9.99035E-05 0.0235623 9.99035E-05
9.98948E-05 9.98948E-05 9.98948E-05 0.125296 9.98948E-05 0.0314889 9.98948E-05 0.0190983 0.0130954 9.98948E-05 9.98948E-05 0.0329557 9.98948E-05 9.98948E-05 0.750859 9.98948E-05 9.98948E-05 0.0260082 9.98948E-05
9.9886E-05 9.9886E-05 9.9886E-05 9.9886E-05 9.9886E-05 0.0889791 9.9886E-05 0.0356817 9.9886E-05 0.17208 0.0263141 9.9886E-05 9.9886E-05 9.9886E-05 0.665992 0.00965456 9.9886E-05 9.9886E-05 9.9886E-05
9.98773E-05 9.98773E-05 0.157544 9.98773E-05 9.98773E-05 9.98773E-05 9.98773E-05 9.98773E-05 0.0554964 9.98773E-05 9.98773E-05 9.98773E-05 0.0925315 9.98773E-05 0.641433 9.98773E-05 9.98773E-05 9.98773E-05 0.0515968
9.98598E-05 9.98598E-05 9.98598E-05 0.0607914 9.98598E-05 9.98598E-05 9.98598E-05 9.98598E-05 0.153618 9.98598E-05 9.98598E-05 9.98598E-05 9.98598E-05 9.98598E-05 0.783992 9.98598E-05 9.98598E-05 9.98598E-05 9.98598E-05
9.98858E-05 0.0336517 9.98858E-05 0.0166971 0.109452 9.98858E-05 9.98858E-05 9.98858E-05 9.98858E-05 9.98858E-05 0.0168108 9.98858E-05 9.98858E-05 9.98858E-05 0.820116 9.98858E-05 0.00197368 9.98858E-05 9.98858E-05
9.98859E-05 9.98859E-05 9.98859E-05 0.14264 9.98859E-05 0.689655 0.0379336 9.98859E-05 9.98859E-05 9.98859E-05 0.0114136 9.98859E-05 0.076912 9.98859E-05 9.98859E-05 9.98859E-05 0.0401473 9.98859E-05 9.98859E-05
9.98511E-05 9.98511E-05 9.98511E-05 9.98511E-05 9.98511E-05 0.915838 9.98511E-05 0.0824643 9.98511E-05 9.98511E-05 9.98511E-05 9.98511E-05 9.98511E-05 9.98511E-05 9.98511E-05 9.98511E-05 9.98511E-05 9.98511E-05 9.98511E-05
9.98508E-05 9.98508E-05 9.98508E-05 9.98508E-05 9.98508E-05 0.975858 9.98508E-05 9.98508E-05 9.98508E-05 9.98508E-05 9.98508E-05 9.98508E-05 0.0224446 9.98508E-05 9.98508E-05 9.98508E-05 9.98508E-05 9.98508E-05 9.98508E-05
9.98947E-05 0.0602725 9.98947E-05 9.98947E-05 0.0128056 0.328896 9.98947E-05 9.98947E-05 9.98947E-05 0.298671 9.98947E-05 9.98947E-05 0.00728291 9.98947E-05 9.98947E-05 9.98947E-05 0.0749675 9.98947E-05 0.215906
9.99032E-05 0.00569797 9.99032E-05 0.0430174 9.99032E-05 0.649789 0.122085 9.99032E-05 9.99032E-05 9.99032E-05 9.99032E-05 9.99032E-05 0.0245261 9.99032E-05 9.99032E-05 0.0723091 0.0750243 0.00645136 9.99032E-05
9.98769E-05 9.98769E-05 9.98769E-05 0.283872 9.98769E-05 0.571532 0.100277 9.98769E-05 9.98769E-05 0.0232804 9.98769E-05 9.98769E-05 0.0196401 9.98769E-05 9.98769E-05 9.98769E-05 9.98769E-05 9.98769E-05 9.98769E-05
9.98945E-05 9.98945E-05 9.98945E-05 0.096778 0.0125785 0.498496 9.98945E-05 9.98945E-05 0.0710833 9.98945E-05 0.0155538 9.98945E-05 9.98945E-05 9.98945E-05 9.98945E-05 9.98945E-05 0.0124717 9.98945E-05 0.29184
9.98857E-05 9.98857E-05 9.98857E-05 0.0642245 9.98857E-05 0.583692 9.98857E-05 9.98857E-05 9.98857E-05 0.0834316 9.98857E-05 9.98857E-05 0.112729 9.98857E-05 9.98857E-05 9.98857E-05 0.0597405 9.98857E-05 0.0948831
9.98508E-05 9.98508E-05 9.98508E-05 9.98508E-05 0.00345377 0.994849 9.98508E-05 9.98508E-05 9.98508E-05 9.98508E-05 9.98508E-05 9.98508E-05 9.98508E-05 9.98508E-05 9.98508E-05 9.98508E-05 9.98508E-05 9.98508E-05 9.98508E-05
9.98508E-05 9.98508E-05 9.98508E-05 9.98508E-05 9.98508E-05 0.941246 9.98508E-05 9.98508E-05 9.98508E-05 9.98508E-05 0.0570563 9.98508E-05 9.98508E-05 9.98508E-05 9.98508E-05 9.98508E-05 9.98508E-05 9.98508E-05 9.98508E-05
9.98945E-05 9.98945E-05 9.98945E-05 0.281248 9.98945E-05 0.493721 9.98945E-05 0.00547997 9.98945E-05 9.98945E-05 0.121673 9.98945E-05 0.0272832 9.98945E-05 9.98945E-05 0.0184142 0.0509812 9.98945E-05 9.98945E-05
9.99122E-05 0.0116669 9.99122E-05 0.179528 9.99122E-05 0.379419 0.106844 0.0151705 9.99122E-05 9.99122E-05 0.0940367 9.99122E-05 9.99122E-05 9.99122E-05 9.99122E-05 0.0103976 9.99122E-05 0.138039 0.0638987
9.98945E-05 9.98945E-05 0.0269266 9.98945E-05 9.98945E-05 0.569241 9.98945E-05 0.000434219 9.98945E-05 0.0611039 0.124882 9.98945E-05 9.98945E-05 9.98945E-05 9.98945E-05 9.98945E-05 0.137337 0.0788772 9.98945E-05
9.98682E-05 9.98682E-05 9.98682E-05 0.203068 9.98682E-05 0.566741 0.170768 9.98682E-05 9.98682E-05 9.98682E-05 9.98682E-05 9.98682E-05 9.98682E-05 9.98682E-05 9.98682E-05 9.98682E-05 9.98682E-05 9.98682E-05 0.0579244
9.98773E-05 9.98773E-05 0.0113539 9.98773E-05 9.98773E-05 0.974571 9.98773E-05 9.98773E-05 9.98773E-05 0.000786689 0.00840783 9.98773E-05 9.98773E-05 0.0034821 9.98773E-05 9.98773E-05 9.98773E-05 9.98773E-05 9.98773E-05
9.98597E-05 9.98597E-05 9.98597E-05 0.029888 9.98597E-05 0.961988 9.98597E-05 9.98597E-05 9.98597E-05 9.98597E-05 9.98597E-05 9.98597E-05 9.98597E-05 9.98597E-05 9.98597E-05 9.98597E-05 0.00652578 9.98597E-05 9.98597E-05
9.98769E-05 0.0953965 9.98769E-05 9.98769E-05 9.98769E-05 0.59484 9.98769E-05 9.98769E-05 0.0168048 0.174963 9.98769E-05 9.98769E-05 0.116597 9.98769E-05 9.98769E-05 9.98769E-05 9.98769E-05 9.98769E-05 9.98769E-05
9.98771E-05 9.98771E-05 9.98771E-05 9.98771E-05 9.98771E-05 0.645923 0.0846285 9.98771E-05 0.0714142 9.98771E-05 0.141443 9.98771E-05 9.98771E-05 9.98771E-05 9.98771E-05 9.98771E-05 0.0551932 9.98771E-05 9.98771E-05
9.98771E-05 9.98771E-05 9.98771E-05 0.0374036 9.98771E-05 0.819355 9.98771E-05 9.98771E-05 0.0218152 9.98771E-05 0.0299722 9.98771E-05 0.090056 9.98771E-05 9.98771E-05 9.98771E-05 9.98771E-05 9.98771E-05 9.98771E-05
9.98769E-05 9.98769E-05 9.98769E-05 0.17657 0.125016 0.585338 9.98769E-05 0.0615891 9.98769E-05 9.98769E-05 9.98769E-05 9.98769E-05 0.0500883 9.98769E-05 9.98769E-05 9.98769E-05 9.98769E-05 9.98769E-05 9.98769E-05
9.98425E-05 9.98425E-05 9.98425E-05 9.98425E-05 9.98425E-05 0.998203 9.98425E-05 9.98425E-05 9.98425E-05 9.98425E-05 9.98425E-05 9.98425E-05 9.98425E-05 9.98425E-05 9.98425E-05 9.98425E-05 9.98425E-05 9.98425E-05 9.98425E-05
9.98594E-05 9.98594E-05 9.98594E-05 0.0163728 9.98594E-05 0.691515 0.290514 9.98594E-05 9.98594E-05 9.98594E-05 9.98594E-05 9.98594E-05 9.98594E-05 9.98594E-05 9.98594E-05 9.98594E-05 9.98594E-05 9.98594E-05 9.98594E-05
9.9886E-05 9.9886E-05 9.9886E-05 0.0125241 9.9886E-05 0.689401 9.9886E-05 0.0403279 9.9886E-05 0.215253 9.9886E-05 9.9886E-05 9.9886E-05 0.0209181 9.9886E-05 9.9886E-05 9.9886E-05 9.9886E-05 0.0202777
9.99034E-05 9.99034E-05 9.99034E-05 0.0564754 9.99034E-05 0.654671 0.0196431 9.99034E-05 0.100925 0.0323273 9.99034E-05 0.0376616 0.070016 9.99034E-05 9.99034E-05 9.99034E-05 0.0271824 9.99034E-05 9.99034E-05
9.98507E-05 9.98507E-05 9.98507E-05 9.98507E-05 9.98507E-05 0.816536 9.98507E-05 9.98507E-05 9.98507E-05 9.98507E-05 0.181767 9.98507E-05 9.98507E-05 9.98507E-05 9.98507E-05 9.98507E-05 9.98507E-05 9.98507E-05 9.98507E-05
9.98686E-05 9.98686E-05 9.98686E-05 0.0409101 9.98686E-05 0.889648 9.98686E-05 9.98686E-05 9.98686E-05 9.98686E-05 9.98686E-05 9.98686E-05 9.98686E-05 9.98686E-05 9.98686E-05 9.98686E-05 0.0250315 9.98686E-05 0.042912
9.98422E-05 9.98422E-05 9.98422E-05 9.98422E-05 9.98422E-05 0.998203 9.98422E-05 9.98422E-05 9.98422E-05 9.98422E-05 9.98422E-05 9.98422E-05 9.98422E-05 9.98422E-05 9.98422E-05 9.98422E-05 9.98422E-05 9.98422E-05 9.98422E-05
9.98509E-05 9.98509E-05 9.98509E-05 0.0026766 9.98509E-05 0.995626 9.98509E-05 9.98509E-05 9.98509E-05 9.98509E-05 9.98509E-05 9.98509E-05 9.98509E-05 9.98509E-05 9.98509E-05 9.98509E-05 9.98509E-05 9.98509E-05 9.98509E-05
9.98509E-05 9.98509E-05 9.98509E-05 9.98509E-05 9.98509E-05 0.922365 9.98509E-05 9.98509E-05 9.98509E-05 9.98509E-05 9.98509E-05 9.98509E-05 0.0759375 9.98509E-05 9.98509E-05 9.98509E-05 9.98509E-05 9.98509E-05 9.98509E-05
9.98772E-05 9.98772E-05 9.98772E-05 0.138985 0.111396 0.310181 9.98772E-05 9.98772E-05 9.98772E-05 9.98772E-05 9.98772E-05 9.98772E-05 9.98772E-05 0.408905 9.98772E-05 9.98772E-05 0.0291348 9.98772E-05 9.98772E-05
9.98597E-05 9.98597E-05 9.98597E-05 0.0785464 9.98597E-05 9.98597E-05 9.98597E-05 9.98597E-05 9.98597E-05 0.835897 9.98597E-05 9.98597E-05 9.98597E-05 9.98597E-05 9.98597E-05 9.98597E-05 0.0839588 9.98597E-05 9.98597E-05
9.98507E-05 9.98507E-05 9.98507E-05 9.98507E-05 9.98507E-05 9.98507E-05 9.98507E-05 9.98507E-05 9.98507E-05 0.0696242 9.98507E-05 9.98507E-05 9.98507E-05 0.928678 9.98507E-05 9.98507E-05 9.98507E-05 9.98507E-05 9.98507E-05
9.98595E-05 9.98595E-05 9.98595E-05 0.0994458 9.98595E-05 9.98595E-05 9.98595E-05 9.98595E-05 9.98595E-05 0.877867 9.98595E-05 9.98595E-05 0.02109 9.98595E-05 9.98595E-05 9.98595E-05 9.98595E-05 9.98595E-05 9.98595E-05
9.98682E-05 9.98682E-05 9.98682E-05 0.021611 9.98682E-05 9.98682E-05 9.98682E-05 9.98682E-05 9.98682E-05 0.823327 0.12433 9.98682E-05 9.98682E-05 9.98682E-05 9.98682E-05 9.98682E-05 9.98682E-05 0.0292334 9.98682E-05
9.98595E-05 0.026413 9.98595E-05 9.98595E-05 9.98595E-05 9.98595E-05 9.98595E-05 9.98595E-05 9.98595E-05 0.942716 9.98595E-05 9.98595E-05 9.98595E-05 9.98595E-05 9.98595E-05 9.98595E-05 0.0292734 9.98595E-05 9.98595E-05
9.9886E-05 9.9886E-05 9.9886E-05 0.0983831 9.9886E-05 9.9886E-05 9.9886E-05 9.9886E-05 0.0898531 0.620133 9.9886E-05 9.9886E-05 9.9886E-05 0.0135352 9.9886E-05 9.9886E-05 0.138529 9.9886E-05 0.038268
9.98859E-05 9.98859E-05 9.98859E-05 0.0721669 9.98859E-05 9.98859E-05 0.0564642 9.98859E-05 9.98859E-05 0.727459 0.0052058 9.98859E-05 9.98859E-05 0.0508062 9.98859E-05 9.98859E-05 0.086599 9.98859E-05 9.98859E-05
9.98596E-05 9.98596E-05 9.98596E-05 0.0568927 9.98596E-05 9.98596E-05 9.98596E-05 9.98596E-05 9.98596E-05 0.786247 9.98596E-05 9.98596E-05 9.98596E-05 9.98596E-05 9.98596E-05 9.98596E-05 0.155263 9.98596E-05 9.98596E-05
9.98771E-05 9.98771E-05 9.98771E-05 0.0452647 0.0412674 9.98771E-05 9.98771E-05 9.98771E-05 9.98771E-05 0.309334 9.98771E-05 9.98771E-05 9.98771E-05 9.98771E-05 9.98771E-05 9.98771E-05 0.33292 9.98771E-05 0.269816
9.98596E-05 9.98596E-05 9.98596E-05 0.304133 9.98596E-05 9.98596E-05 9.98596E-05 9.98596E-05 9.98596E-05 0.504708 9.98596E-05 9.98596E-05 9.98596E-05 9.98596E-05 9.98596E-05 9.98596E-05 0.189561 9.98596E-05 9.98596E-05
0.455155 9.98772E-05 9.98772E-05 9.98772E-05 9.98772E-05 9.98772E-05 9.98772E-05 9.98772E-05 9.98772E-05 0.243914 0.00862657 9.98772E-05 9.98772E-05 9.98772E-05 9.98772E-05 9.98772E-05 0.0441592 9.98772E-05 0.246747
0.233576 9.98771E-05 9.98771E-05 0.0432645 9.98771E-05 9.98771E-05 9.98771E-05 9.98771E-05 9.98771E-05 0.5797 0.00821325 9.98771E-05 9.98771E-05 9.98771E-05 9.98771E-05 9.98771E-05 9.98771E-05 9.98771E-05 0.133848
9.98597E-05 9.98597E-05 9.98597E-05 9.98597E-05 9.98597E-05 9.98597E-05 9.98597E-05 9.98597E-05 9.98597E-05 0.798019 9.98597E-05 9.98597E-05 9.98597E-05 0.140145 9.98597E-05 9.98597E-05 0.0602389 9.98597E-05 9.98597E-05
0.206684 9.98685E-05 9.98685E-05 0.209484 9.98685E-05 9.98685E-05 9.98685E-05 9.98685E-05 9.98685E-05 0.502036 9.98685E-05 9.98685E-05 9.98685E-05 9.98685E-05 9.98685E-05 9.98685E-05 0.0802984 9.98685E-05 9.98685E-05
0.0917878 9.9886E-05 0.00366797 9.9886E-05 9.9886E-05 9.9886E-05 9.9886E-05 9.9886E-05 9.9886E-05 0.657752 9.9886E-05 9.9886E-05 0.135044 0.0468935 9.9886E-05 9.9886E-05 0.063556 9.9886E-05 9.9886E-05
9.98948E-05 0.0163957 9.98948E-05 0.112697 0.145668 9.98948E-05 9.98948E-05 9.98948E-05 9.98948E-05 0.64826 9.98948E-05 9.98948E-05 9.98948E-05 0.0234178 9.98948E-05 9.98948E-05 0.0183036 9.98948E-05 0.0340597
0.0510055 9.98859E-05 9.98859E-05 0.0769888 9.98859E-05 9.98859E-05 9.98859E-05 9.98859E-05 9.98859E-05 0.608251 9.98859E-05 9.98859E-05 9.98859E-05 9.98859E-05 9.98859E-05 0.0361785 0.0108878 9.98859E-05 0.21539
0.0964992 9.98773E-05 9.98773E-05 9.98773E-05 9.98773E-05 9.98773E-05 0.180575 9.98773E-05 9.98773E-05 0.511818 9.98773E-05 9.98773E-05 9.98773E-05 9.98773E-05 9.98773E-05 9.98773E-05 0.166528 0.0431824 9.98773E-05
0.083828 9.98771E-05 9.98771E-05 9.98771E-05 9.98771E-05 9.98771E-05 9.98771E-05 0.00340413 9.98771E-05 0.860285 0.0416036 9.98771E-05 9.98771E-05 9.98771E-05 9.98771E-05 9.98771E-05 9.98771E-05 9.98771E-05 0.00948093
0.246144 9.9886E-05 9.9886E-05 0.136318 9.9886E-05 9.9886E-05 9.9886E-05 0.0615101 9.9886E-05 0.450442 0.0405528 9.9886E-05 9.9886E-05 9.9886E-05 9.9886E-05 9.9886E-05 0.0637343 9.9886E-05 9.9886E-05
0.0209133 9.98684E-05 9.98684E-05 0.0336195 9.98684E-05 9.98684E-05 9.98684E-05 9.98684E-05 9.98684E-05 0.832291 9.98684E-05 9.98684E-05 9.98684E-05 9.98684E-05 9.98684E-05 9.98684E-05 9.98684E-05 9.98684E-05 0.111678
0.0177458 9.98771E-05 9.98771E-05 0.025016 9.98771E-05 9.98771E-05 9.98771E-05 9.98771E-05 9.98771E-05 0.880103 0.0159794 9.98771E-05 9.98771E-05 9.98771E-05 9.98771E-05 9.98771E-05 0.0597579 9.98771E-05 9.98771E-05
9.98771E-05 9.98771E-05 9.98771E-05 0.185037 9.98771E-05 9.98771E-05 9.98771E-05 9.98771E-05 9.98771E-05 0.462487 9.98771E-05 9.98771E-05 9.98771E-05 9.98771E-05 9.98771E-05 0.0512833 0.211628 9.98771E-05 0.0881662
0.025415 9.98772E-05 9.98772E-05 0.0150375 9.98772E-05 9.98772E-05 9.98772E-05 9.98772E-05 9.98772E-05 0.602402 9.98772E-05 9.98772E-05 9.98772E-05 0.273598 9.98772E-05 9.98772E-05 0.0821492 9.98772E-05 9.98772E-05
9.98771E-05 9.98771E-05 9.98771E-05 0.184827 9.98771E-05 9.98771E-05 9.98771E-05 9.98771E-05 9.98771E-05 0.46411 9.98771E-05 9.98771E-05 9.98771E-05 9.98771E-05 9.98771E-05 0.050693 0.211359 9.98771E-05 0.0876132
0.048822 9.98947E-05 9.98947E-05 0.140155 9.98947E-05 0.0539804 9.98947E-05 9.98947E-05 9.98947E-05 0.181406 9.98947E-05 9.98947E-05 9.98947E-05 0.323308 9.98947E-05 9.98947E-05 0.126684 9.98947E-05 0.124446
0.329921 0.00263926 9.98947E-05 0.0169084 9.98947E-05 9.98947E-05 9.98947E-05 0.0366875 9.98947E-05 0.0310086 9.98947E-05 0.11639 9.98947E-05 0.465247 9.98947E-05 9.98947E-05 9.98947E-05 9.98947E-05 9.98947E-05
9.98681E-05 9.98681E-05 9.98681E-05 0.0797152 9.98681E-05 9.98681E-05 9.98681E-05 9.98681E-05 0.0541493 0.851441 9.98681E-05 9.98681E-05 9.98681E-05 9.98681E-05 9.98681E-05 9.98681E-05 0.0131959 9.98681E-05 9.98681E-05
9.98773E-05 9.98773E-05 9.98773E-05 0.205177 9.98773E-05 9.98773E-05 9.98773E-05 9.98773E-05 9.98773E-05 0.440871 9.98773E-05 9.98773E-05 9.98773E-05 0.00246818 9.98773E-05 9.98773E-05 0.297705 9.98773E-05 0.0523816
9.9886E-05 9.9886E-05 9.9886E-05 0.0939105 9.9886E-05 9.9886E-05 9.9886E-05 9.9886E-05 9.9886E-05 0.697698 0.00662912 9.9886E-05 9.9886E-05 0.137739 9.9886E-05 0.0616931 9.9886E-05 9.9886E-05 0.00103187
0.00998869 9.9886E-05 9.9886E-05 0.211762 9.9886E-05 9.9886E-05 9.9886E-05 9.9886E-05 9.9886E-05 0.720721 0.0365811 9.9886E-05 9.9886E-05 9.9886E-05 9.9886E-05 9.9886E-05 0.000494848 9.9886E-05 0.0191545
9.98684E-05 9.98684E-05 0.0447809 9.98684E-05 9.98684E-05 9.98684E-05 9.98684E-05 9.98684E-05 9.98684E-05 0.928767 0.00193086 9.98684E-05 9.98684E-05 9.98684E-05 9.98684E-05 0.0230229 9.98684E-05 9.98684E-05 9.98684E-05
9.98858E-05 9.98858E-05 9.98858E-05 0.124715 9.98858E-05 9.98858E-05 9.98858E-05 9.98858E-05 9.98858E-05 0.396621 0.0235082 9.98858E-05 9.98858E-05 9.98858E-05 9.98858E-05 0.147294 0.287413 0.0191499 9.98858E-05
9.98682E-05 9.98682E-05 9.98682E-05 0.0318963 9.98682E-05 9.98682E-05 0.112056 9.98682E-05 9.98682E-05 0.842404 9.98682E-05 9.98682E-05 9.98682E-05 9.98682E-05 9.98682E-05 9.98682E-05 0.012146 9.98682E-05 9.98682E-05
9.98597E-05 9.98597E-05 9.98597E-05 0.064062 9.98597E-05 9.98597E-05 9.98597E-05 9.98597E-05 9.98597E-05 0.88527 9.98597E-05 9.98597E-05 9.98597E-05 0.0490699 9.98597E-05 9.98597E-05 9.98597E-05 9.98597E-05 9.98597E-05
0.226669 9.98771E-05 9.98771E-05 9.98771E-05 0.14151 9.98771E-05 9.98771E-05 9.98771E-05 9.98771E-05 0.550791 0.0715524 9.98771E-05 9.98771E-05 9.98771E-05 9.98771E-05 9.98771E-05 0.00807897 9.98771E-05 9.98771E-05
9.98682E-05 9.98682E-05 9.98682E-05 0.163244 9.98682E-05 9.98682E-05 9.98682E-05 9.98682E-05 9.98682E-05 0.711652 9.98682E-05 9.98682E-05 0.0111034 9.98682E-05 9.98682E-05 9.98682E-05 0.112502 9.98682E-05 9.98682E-05
0.6657 9.98771E-05 9.98771E-05 9.98771E-05 9.98771E-05 9.98771E-05 9.98771E-05 9.98771E-05 0.00829915 0.183737 9.98771E-05 9.98771E-05 9.98771E-05 0.0639571 9.98771E-05 9.98771E-05 0.076909 9.98771E-05 9.98771E-05
0.106042 9.9886E-05 9.9886E-05 0.0422347 9.9886E-05 9.9886E-05 9.9886E-05 9.9886E-05 9.9886E-05 0.603613 0.0131227 9.9886E-05 0.00668418 0.227004 9.9886E-05 9.9886E-05 9.9886E-05 9.9886E-05 9.9886E-05
9.98597E-05 9.98597E-05 9.98597E-05 9.98597E-05 9.98597E-05 9.98597E-05 9.98597E-05 9.98597E-05 9.98597E-05 0.394145 0.00538764 9.98597E-05 9.98597E-05 0.598869 9.98597E-05 9.98597E-05 9.98597E-05 9.98597E-05 9.98597E-05
0.663778 9.98509E-05 9.98509E-05 9.98509E-05 9.98509E-05 9.98509E-05 9.98509E-05 9.98509E-05 9.98509E-05 0.334525 9.98509E-05 9.98509E-05 9.98509E-05 9.98509E-05 9.98509E-05 9.98509E-05 9.98509E-05 9.98509E-05 9.98509E-05
9.98858E-05 9.98858E-05 9.98858E-05 0.269345 9.98858E-05 9.98858E-05 9.98858E-05 0.0204582 9.98858E-05 0.445111 9.98858E-05 9.98858E-05 9.98858E-05 9.98858E-05 9.98858E-05 9.98858E-05 0.132353 0.00127797 0.130156
9.98772E-05 9.98772E-05 9.98772E-05 9.98772E-05 0.018015 9.98772E-05 0.0459082 0.010192 9.98772E-05 0.782477 9.98772E-05 9.98772E-05 9.98772E-05 9.98772E-05 9.98772E-05 9.98772E-05 0.14201 9.98772E-05 9.98772E-05
0.521611 9.9886E-05 9.9886E-05 0.0505342 9.9886E-05 9.9886E-05 9.9886E-05 9.9886E-05 9.9886E-05 9.9886E-05 9.9886E-05 9.9886E-05 9.9886E-05 0.212005 9.9886E-05 0.0104759 0.199118 0.00495658 9.9886E-05
0.714741 9.98597E-05 9.98597E-05 0.0787436 9.98597E-05 9.98597E-05 9.98597E-05 9.98597E-05 9.98597E-05 0.204918 9.98597E-05 9.98597E-05 9.98597E-05 9.98597E-05 9.98597E-05 9.98597E-05 9.98597E-05 9.98597E-05 9.98597E-05
9.98946E-05 9.98946E-05 9.98946E-05 9.98946E-05 9.98946E-05 9.98946E-05 0.0836493 9.98946E-05 0.00798483 0.502209 9.98946E-05 9.98946E-05 0.0217262 9.98946E-05 9.98946E-05 0.0737112 0.169814 9.98946E-05 0.139707
9.9886E-05 9.9886E-05 9.9886E-05 0.0479793 9.9886E-05 0.223445 9.9886E-05 9.9886E-05 9.9886E-05 0.496273 0.0483372 9.9886E-05 9.9886E-05 0.0177905 9.9886E-05 9.9886E-05 0.164876 9.9886E-05 9.9886E-05
0.0920679 9.99036E-05 9.99036E-05 0.0111735 0.0127144 9.99036E-05 0.0341854 9.99036E-05 9.99036E-05 0.469502 9.99036E-05 0.116273 9.99036E-05 9.99036E-05 9.99036E-05 9.99036E-05 0.142798 9.99036E-05 0.120187
9.98771E-05 9.98771E-05 9.98771E-05 0.211506 9.98771E-05 0.00020901 0.0843934 9.98771E-05 9.98771E-05 0.425701 9.98771E-05 9.98771E-05 9.98771E-05 9.98771E-05 9.98771E-05 9.98771E-05 0.276792 9.98771E-05 9.98771E-05
0.306372 9.98684E-05 9.98684E-05 0.0266803 9.98684E-05 9.98684E-05 9.98684E-05 9.98684E-05 9.98684E-05 0.237025 9.98684E-05 9.98684E-05 9.98684E-05 0.428425 9.98684E-05 9.98684E-05 9.98684E-05 9.98684E-05 9.98684E-05
9.99033E-05 0.0568168 9.99033E-05 0.0504069 0.0369397 9.99033E-05 0.00193926 0.00184137 0.199195 0.650358 0.00140453 9.99033E-05 9.99033E-05 9.99033E-05 9.99033E-05 9.99033E-05 9.99033E-05 9.99033E-05 9.99033E-05
9.98682E-05 9.98682E-05 9.98682E-05 9.98682E-05 9.98682E-05 9.98682E-05 9.98682E-05 9.98682E-05 9.98682E-05 0.0205241 9.98682E-05 9.98682E-05 9.98682E-05 0.880094 9.98682E-05 9.98682E-05 0.0673316 9.98682E-05 0.0305524
0.210341 9.98948E-05 9.98948E-05 0.12327 0.0319382 9.98948E-05 9.98948E-05 9.98948E-05 9.98948E-05 0.46288 0.0885322 9.98948E-05 0.0337749 9.98948E-05 9.98948E-05 9.98948E-05 9.98948E-05 0.0480653 9.98948E-05
9.98683E-05 9.98683E-05 0.00301339 9.98683E-05 9.98683E-05 9.98683E-05 9.98683E-05 9.98683E-05 9.98683E-05 0.901616 9.98683E-05 9.98683E-05 9.98683E-05 9.98683E-05 9.98683E-05 9.98683E-05 0.0338491 9.98683E-05 0.0600235
9.98683E-05 9.98683E-05 9.98683E-05 9.98683E-05 9.98683E-05 9.98683E-05 0.0596887 9.98683E-05 0.0880033 0.843573 0.00723687 9.98683E-05 9.98683E-05 9.98683E-05 9.98683E-05 9.98683E-05 9.98683E-05 9.98683E-05 9.98683E-05
9.9877E-05 9.9877E-05 9.9877E-05 0.107645 9.9877E-05 9.9877E-05 9.9877E-05 9.9877E-05 0.0161707 0.456667 9.9877E-05 9.9877E-05 9.9877E-05 9.9877E-05 9.9877E-05 9.9877E-05 0.1035 9.9877E-05 0.314619
9.98595E-05 9.98595E-05 9.98595E-05 0.0750136 9.98595E-05 9.98595E-05 9.98595E-05 9.98595E-05 9.98595E-05 0.763614 9.98595E-05 9.98595E-05 9.98595E-05 9.98595E-05 9.98595E-05 9.98595E-05 0.159774 9.98595E-05 9.98595E-05
9.98684E-05 9.98684E-05 0.0464076 9.98684E-05 9.98684E-05 9.98684E-05 0.00253156 9.98684E-05 9.98684E-05 0.898598 0.0509644 9.98684E-05 9.98684E-05 9.98684E-05 9.98684E-05 9.98684E-05 9.98684E-05 9.98684E-05 9.98684E-05
0.0888273 9.98685E-05 9.98685E-05 0.0987974 9.98685E-05 9.98685E-05 9.98685E-05 9.98685E-05 9.98685E-05 0.726782 9.98685E-05 9.98685E-05 9.98685E-05 9.98685E-05 9.98685E-05 0.0840953 9.98685E-05 9.98685E-05 9.98685E-05
0.193523 9.98772E-05 9.98772E-05 9.98772E-05 9.98772E-05 9.98772E-05 9.98772E-05 9.98772E-05 9.98772E-05 0.565629 9.98772E-05 9.98772E-05 9.98772E-05 0.0469487 9.98772E-05 9.98772E-05 0.154086 9.98772E-05 0.0384152
9.98418E-05 9.98418E-05 9.98418E-05 0.998203 9.98418E-05 9.98418E-05 9.98418E-05 9.98418E-05 9.98418E-05 9.98418E-05 9.98418E-05 9.98418E-05 9.98418E-05 9.98418E-05 9.98418E-05 9.98418E-05 9.98418E-05 9.98418E-05 9.98418E-05
9.98417E-05 9.98417E-05 9.98417E-05 9.98417E-05 9.98417E-05 9.98417E-05 9.98417E-05 9.98417E-05 9.98417E-05 9.98417E-05 9.98417E-05 9.98417E-05 9.98417E-05 9.98417E-05 9.98417E-05 9.98417E-05 0.998203 9.98417E-05 9.98417E-05
9.98418E-05 9.98418E-05 9.98418E-05 0.998203 9.98418E-05 9.98418E-05 9.98418E-05 9.98418E-05 9.98418E-05 9.98418E-05 9.98418E-05 9.98418E-05 9.98418E-05 9.98418E-05 9.98418E-05 9.98418E-05 9.98418E-05 9.98418E-05 9.98418E-05
9.98417E-05 9.98417E-05 9.98417E-05 9.98417E-05 9.98417E-05 9.98417E-05 9.98417E-05 9.98417E-05 9.98417E-05 9.98417E-05 9.98417E-05 9.98417E-05 9.98417E-05 9.98417E-05 9.98417E-05 9.98417E-05 0.998203 9.98417E-05 9.98417E-05
9.98417E-05 9.98417E-05 9.98417E-05 9.98417E-05 9.98417E-05 9.98417E-05 9.98417E-05 9.98417E-05 9.98417E-05 9.98417E-05 9.98417E-05 9.98417E-05 9.98417E-05 9.98417E-05 9.98417E-05 9.98417E-05 0.998203 9.98417E-05 9.98417E-05
9.98418E-05 9.98418E-05 9.98418E-05 9.98418E-05 9.98418E-05 9.98418E-05 9.98418E-05 9.98418E-05 9.98418E-05 9.98418E-05 9.98418E-05 9.98418E-05 9.98418E-05 9.98418E-05 9.98418E-05 9.98418E-05 0.998203 9.98418E-05 9.98418E-05
9.98418E-05 9.98418E-05 9.98418E-05 0.998203 9.98418E-05 9.98418E-05 9.98418E-05 9.98418E-05 9.98418E-05 9.98418E-05 9.98418E-05 9.98418E-05 9.98418E-05 9.98418E-05 9.98418E-05 9.98418E-05 9.98418E-05 9.98418E-05 9.98418E-05
9.98417E-05 9.98417E-05 9.98417E-05 9.98417E-05 9.98417E-05 9.98417E-05 9.98417E-05 9.98417E-05 9.98417E-05 9.98417E-05 9.98417E-05 9.98417E-05 9.98417E-05 9.98417E-05 9.98417E-05 9.98417E-05 0.998203 9.98417E-05 9.98417E-05
9.98418E-05 9.98418E-05 9.98418E-05 9.98418E-05 9.98418E-05 9.98418E-05 9.98418E-05 9.98418E-05 9.98418E-05 9.98418E-05 9.98418E-05 9.98418E-05 9.98418E-05 9.98418E-05 9.98418E-05 9.98418E-05 0.998203 9.98418E-05 9.98418E-05
9.98418E-05 9.98418E-05 9.98418E-05 0.998203 9.98418E-05 9.98418E-05 9.98418E-05 9.98418E-05 9.98418E-05 9.98418E-05 9.98418E-05 9.98418E-05 9.98418E-05 9.98418E-05 9.98418E-05 9.98418E-05 9.98418E-05 9.98418E-05 9.98418E-05
9.98418E-05 9.98418E-05 9.98418E-05 0.998203 9.98418E-05 9.98418E-05 9.98418E-05 9.98418E-05 9.98418E-05 9.98418E-05 9.98418E-05 9.98418E-05 9.98418E-05 9.98418E-05 9.98418E-05 9.98418E-05 9.98418E-05 9.98418E-05 9.98418E-05
9.98417E-05 9.98417E-05 9.98417E-05 0.998203 9.98417E-05 9.98417E-05 9.98417E-05 9.98417E-05 9.98417E-05 9.98417E-05 9.98417E-05 9.98417E-05 9.98417E-05 9.98417E-05 9.98417E-05 9.98417E-05 9.98417E-05 9.98417E-05 9.98417E-05
9.98418E-05 9.98418E-05 9.98418E-05 9.98418E-05 9.98418E-05 9.98418E-05 9.98418E-05 9.98418E-05 9.98418E-05 9.98418E-05 9.98418E-05 9.98418E-05 9.98418E-05 9.98418E-05 9.98418E-05 9.98418E-05 0.998203 9.98418E-05 9.98418E-05
9.98418E-05 9.98418E-05 9.98418E-05 9.98418E-05 9.98418E-05 9.98418E-05 9.98418E-05 9.98418E-05 9.98418E-05 9.98418E-05 9.98418E-05 9.98418E-05 9.98418E-05 9.98418E-05 9.98418E-05 9.98418E-05 0.998203 9.98418E-05 9.98418E-05
9.98419E-05 9.98419E-05 9.98419E-05 0.998203 9.98419E-05 9.98419E-05 9.98419E-05 9.98419E-05 9.98419E-05 9.98419E-05 9.98419E-05 9.98419E-05 9.98419E-05 9.98419E-05 9.98419E-05 9.98419E-05 9.98419E-05 9.98419E-05 9.98419E-05
9.98417E-05 9.98417E-05 9.98417E-05 0.998203 9.98417E-05 9.98417E-05 9.98417E-05 9.98417E-05 9.98417E-05 9.98417E-05 9.98417E-05 9.98417E-05 9.98417E-05 9.98417E-05 9.98417E-05 9.98417E-05 9.98417E-05 9.98417E-05 9.98417E-05
9.98945E-05 0.0834151 9.98945E-05 0.0502787 9.98945E-05 9.98945E-05 9.98945E-05 0.0523011 0.0867052 0.622327 9.98945E-05 0.0645729 9.98945E-05 9.98945E-05 9.98945E-05 9.98945E-05 0.0392016 9.98945E-05 9.98945E-05
9.98418E-05 9.98418E-05 9.98418E-05 0.998203 9.98418E-05 9.98418E-05 9.98418E-05 9.98418E-05 9.98418E-05 9.98418E-05 9.98418E-05 9.98418E-05 9.98418E-05 9.98418E-05 9.98418E-05 9.98418E-05 9.98418E-05 9.98418E-05 9.98418E-05
9.98418E-05 9.98418E-05 9.98418E-05 9.98418E-05 9.98418E-05 9.98418E-05 9.98418E-05 9.98418E-05 9.98418E-05 9.98418E-05 9.98418E-05 9.98418E-05 9.98418E-05 9.98418E-05 9.98418E-05 9.98418E-05 0.998203 9.98418E-05 9.98418E-05
9.98417E-05 9.98417E-05 9.98417E-05 0.998203 9.98417E-05 9.98417E-05 9.98417E-05 9.98417E-05 9.98417E-05 9.98417E-05 9.98417E-05 9.98417E-05 9.98417E-05 9.98417E-05 9.98417E-05 9.98417E-05 9.98417E-05 9.98417E-05 9.98417E-05
9.98418E-05 9.98418E-05 9.98418E-05 0.998203 9.98418E-05 9.98418E-05 9.98418E-05 9.98418E-05 9.98418E-05 9.98418E-05 9.98418E-05 9.98418E-05 9.98418E-05 9.98418E-05 9.98418E-05 9.98418E-05 9.98418E-05 9.98418E-05 9.98418E-05
9.98418E-05 9.98418E-05 9.98418E-05 0.998203 9.98418E-05 9.98418E-05 9.98418E-05 9.98418E-05 9.98418E-05 9.98418E-05 9.98418E-05 9.98418E-05 9.98418E-05 9.98418E-05 9.98418E-05 9.98418E-05 9.98418E-05 9.98418E-05 9.98418E-05
9.98417E-05 9.98417E-05 9.98417E-05 9.98417E-05 9.98417E-05 9.98417E-05 9.98417E-05 9.98417E-05 9.98417E-05 9.98417E-05 9.98417E-05 9.98417E-05 9.98417E-05 9.98417E-05 9.98417E-05 9.98417E-05 0.998203 9.98417E-05 9.98417E-05
9.98418E-05 9.98418E-05 9.98418E-05 0.998203 9.98418E-05 9.98418E-05 9.98418E-05 9.98418E-05 9.98418E-05 9.98418E-05 9.98418E-05 9.98418E-05 9.98418E-05 9.98418E-05 9.98418E-05 9.98418E-05 9.98418E-05 9.98418E-05 9.98418E-05
9.98418E-05 9.98418E-05 9.98418E-05 9.98418E-05 9.98418E-05 9.98418E-05 9.98418E-05 9.98418E-05 9.98418E-05 9.98418E-05 9.98418E-05 9.98418E-05 9.98418E-05 9.98418E-05 9.98418E-05 9.98418E-05 0.998203 9.98418E-05 9.98418E-05
9.98418E-05 9.98418E-05 9.98418E-05 0.998203 9.98418E-05 9.98418E-05 9.98418E-05 9.98418E-05 9.98418E-05 9.98418E-05 9.98418E-05 9.98418E-05 9.98418E-05 9.98418E-05 9.98418E-05 9.98418E-05 9.98418E-05 9.98418E-05 9.98418E-05
9.98416E-05 9.98416E-05 9.98416E-05 0.998203 9.98416E-05 9.98416E-05 9.98416E-05 9.98416E-05 9.98416E-05 9.98416E-05 9.98416E-05 9.98416E-05 9.98416E-05 9.98416E-05 9.98416E-05 9.98416E-05 9.98416E-05 9.98416E-05 9.98416E-05
9.98417E-05 9.98417E-05 9.98417E-05 9.98417E-05 9.98417E-05 9.98417E-05 9.98417E-05 9.98417E-05 9.98417E-05 9.98417E-05 9.98417E-05 9.98417E-05 9.98417E-05 9.98417E-05 9.98417E-05 9.98417E-05 0.998203 9.98417E-05 9.98417E-05
9.98417E-05 9.98417E-05 9.98417E-05 9.98417E-05 9.98417E-05 9.98417E-05 9.98417E-05 9.98417E-05 9.98417E-05 9.98417E-05 9.98417E-05 9.98417E-05 9.98417E-05 9.98417E-05 9.98417E-05 9.98417E-05 0.998203 9.98417E-05 9.98417E-05
9.98418E-05 9.98418E-05 9.98418E-05 9.98418E-05 9.98418E-05 9.98418E-05 9.98418E-05 9.98418E-05 9.98418E-05 9.98418E-05 9.98418E-05 9.98418E-05 9.98418E-05 9.98418E-05 9.98418E-05 9.98418E-05 0.998203 9.98418E-05 9.98418E-05
9.98418E-05 9.98418E-05 9.98418E-05 0.998203 9.98418E-05 9.98418E-05 9.98418E-05 9.98418E-05 9.98418E-05 9.98418E-05 9.98418E-05 9.98418E-05 9.98418E-05 9.98418E-05 9.98418E-05 9.98418E-05 9.98418E-05 9.98418E-05 9.98418E-05
9.98417E-05 9.98417E-05 9.98417E-05 0.998203 9.98417E-05 9.98417E-05 9.98417E-05 9.98417E-05 9.98417E-05 9.98417E-05 9.98417E-05 9.98417E-05 9.98417E-05 9.98417E-05 9.98417E-05 9.98417E-05 9.98417E-05 9.98417E-05 9.98417E-05
9.98418E-05 9.98418E-05 9.98418E-05 0.998203 9.98418E-05 9.98418E-05 9.98418E-05 9.98418E-05 9.98418E-05 9.98418E-05 9.98418E-05 9.98418E-05 9.98418E-05 9.98418E-05 9.98418E-05 9.98418E-05 9.98418E-05 9.98418E-05 9.98418E-05
9.98418E-05 9.98418E-05 9.98418E-05 0.998203 9.98418E-05 9.98418E-05 9.98418E-05 9.98418E-05 9.98418E-05 9.98418E-05 9.98418E-05 9.98418E-05 9.98418E-05 9.98418E-05 9.98418E-05 9.98418E-05 9.98418E-05 9.98418E-05 9.98418E-05
9.98418E-05 9.98418E-05 9.98418E-05 0.998203 9.98418E-05 9.98418E-05 9.98418E-05 9.98418E-05 9.98418E-05 9.98418E-05 9.98418E-05 9.98418E-05 9.98418E-05 9.98418E-05 9.98418E-05 9.98418E-05 9.98418E-05 9.98418E-05 9.98418E-05
9.98418E-05 9.98418E-05 9.98418E-05 9.98418E-05 9.98418E-05 9.98418E-05 9.98418E-05 9.98418E-05 9.98418E-05 9.98418E-05 9.98418E-05 9.98418E-05 9.98418E-05 9.98418E-05 9.98418E-05 9.98418E-05 0.998203 9.98418E-05 9.98418E-05
