9.99034E-05 9.99034E-05 0.0106193 9.99034E-05 0.317369 0.285441 9.99034E-05 9.99034E-05 0.0174056 0.103306 9.99034E-05 9.99034E-05 9.99034E-05 9.99034E-05 0.175333 9.99034E-05 0.0894274 9.99034E-05
9.98861E-05 9.98861E-05 9.98861E-05 9.98861E-05 0.683013 9.98861E-05 9.98861E-05 0.0657966 9.98861E-05 0.179762 9.98861E-05 9.98861E-05 9.98861E-05 9.98861E-05 9.98861E-05 9.98861E-05 0.0151442 0.0549851
9.98859E-05 0.0471747 9.98859E-05 9.98859E-05 0.839187 9.98859E-05 9.98859E-05 9.98859E-05 0.00697516 9.98859E-05 9.98859E-05 9.98859E-05 9.98859E-05 9.98859E-05 0.0837165 9.98859E-05 0.0216477 9.98859E-05
9.99123E-05 0.108517 9.99123E-05 9.99123E-05 0.157115 0.0398546 9.99123E-05 9.99123E-05 9.99123E-05 0.0159786 9.99123E-05 0.109694 9.99123E-05 9.99123E-05 0.233099 0.208103 0.126639 9.99123E-05
9.98772E-05 0.00420589 9.98772E-05 9.98772E-05 0.874077 9.98772E-05 9.98772E-05 9.98772E-05 9.98772E-05 9.98772E-05 9.98772E-05 0.0960038 9.98772E-05 9.98772E-05 9.98772E-05 0.0243151 9.98772E-05 9.98772E-05
9.99034E-05 0.241709 9.99034E-05 9.99034E-05 0.222538 0.17373 9.99034E-05 0.0446227 9.99034E-05 9.99034E-05 9.99034E-05 0.131571 9.99034E-05 0.108941 9.99034E-05 0.0757888 9.99034E-05 9.99034E-05
9.9921E-05 9.9921E-05 9.9921E-05 9.9921E-05 0.251166 0.129512 9.9921E-05 0.0925778 9.9921E-05 0.102445 9.9921E-05 9.9921E-05 0.095978 9.9921E-05 0.178753 0.133002 0.00919821 0.0064692
9.99211E-05 0.091346 0.0230965 9.99211E-05 0.155233 0.134684 0.0709069 9.99211E-05 9.99211E-05 9.99211E-05 9.99211E-05 0.125925 9.99211E-05 0.100131 0.241381 0.056397 9.99211E-05 9.99211E-05
9.99035E-05 0.0274632 9.99035E-05 9.99035E-05 0.304936 9.99035E-05 9.99035E-05 9.99035E-05 0.164877 9.99035E-05 9.99035E-05 0.0122989 9.99035E-05 0.159167 0.0619111 9.99035E-05 0.268248 9.99035E-05
9.98771E-05 9.98771E-05 0.0132172 9.98771E-05 0.87719 9.98771E-05 9.98771E-05 9.98771E-05 0.0149237 9.98771E-05 9.98771E-05 9.98771E-05 9.98771E-05 9.98771E-05 9.98771E-05 9.98771E-05 0.0932713 9.98771E-05
9.98859E-05 9.98859E-05 9.98859E-05 9.98859E-05 0.416628 0.178428 9.98859E-05 9.98859E-05 9.98859E-05 0.140799 9.98859E-05 9.98859E-05 9.98859E-05 9.98859E-05 0.0730388 9.98859E-05 0.189807 9.98859E-05
9.98859E-05 9.98859E-05 9.98859E-05 9.98859E-05 0.892469 0.00341183 0.0081315 9.98859E-05 9.98859E-05 0.030222 9.98859E-05 9.98859E-05 9.98859E-05 9.98859E-05 9.98859E-05 0.0644668 9.98859E-05 9.98859E-05
9.98772E-05 9.98772E-05 9.98772E-05 9.98772E-05 0.69064 9.98772E-05 9.98772E-05 9.98772E-05 9.98772E-05 9.98772E-05 9.98772E-05 9.98772E-05 9.98772E-05 0.00827785 0.148219 9.98772E-05 0.151464 9.98772E-05
9.99122E-05 9.99122E-05 0.00526098 9.99122E-05 0.441619 9.99122E-05 0.032046 9.99122E-05 9.99122E-05 0.0585297 0.319655 9.99122E-05 0.00265274 9.99122E-05 0.109757 9.99122E-05 0.0294803 9.99122E-05
9.99123E-05 0.0691162 9.99123E-05 9.99123E-05 0.250017 0.135745 9.99123E-05 9.99123E-05 0.0381488 9.99123E-05 9.99123E-05 9.99123E-05 9.99123E-05 0.112942 9.99123E-05 0.156148 0.178169 0.0587153
9.99001E-05 0.0357473 9.99001E-05 9.99001E-05 0.173918 0.108013 0.0858151 9.99001E-05 9.99001E-05 9.99001E-05 9.99001E-05 9.99001E-05 9.99001E-05 0.18934 0.136912 0.0971238 0.172133 9.99001E-05
0.210822 9.99123E-05 9.99123E-05 9.99123E-05 0.500265 9.99123E-05 0.010196 0.0522637 9.99123E-05 0.0510238 9.99123E-05 9.99123E-05 9.99123E-05 9.99123E-05 0.074775 0.0322251 0.0674306 9.99123E-05
9.99036E-05 9.99036E-05 0.197245 0.0464279 0.059298 0.276734 9.99036E-05 9.99036E-05 0.108982 9.99036E-05 9.99036E-05 9.99036E-05 9.99036E-05 9.99036E-05 0.136786 9.99036E-05 0.173428 9.99036E-05
9.99034E-05 9.99034E-05 0.0957671 9.99034E-05 0.349695 0.0136887 9.99034E-05 9.99034E-05 9.99034E-05 9.99034E-05 9.99034E-05 9.99034E-05 9.99034E-05 0.074338 0.214493 0.051194 0.199725 9.99034E-05
9.98683E-05 9.98683E-05 9.98683E-05 0.0391459 0.94967 9.98683E-05 9.98683E-05 9.98683E-05 9.98683E-05 9.98683E-05 9.98683E-05 9.98683E-05 9.98683E-05 9.98683E-05 9.98683E-05 9.98683E-05 0.00968607 9.98683E-05
9.99298E-05 0.016682 9.99298E-05 9.99298E-05 0.382022 9.99298E-05 0.264618 0.0132044 0.00360677 0.0630482 9.99298E-05 9.99298E-05 9.99298E-05 0.135607 0.0346688 0.0497292 0.0360145 9.99298E-05
9.98948E-05 9.98948E-05 9.98948E-05 9.98948E-05 0.175083 9.98948E-05 9.98948E-05 9.98948E-05 9.98948E-05 9.98948E-05 9.98948E-05 0.134382 9.98948E-05 0.150404 0.478738 0.0433109 9.98948E-05 0.0168835
9.98859E-05 0.0487698 9.98859E-05 9.98859E-05 0.540822 0.287152 9.98859E-05 9.98859E-05 9.98859E-05 0.0306252 9.98859E-05 9.98859E-05 9.98859E-05 9.98859E-05 9.98859E-05 9.98859E-05 0.0913332 9.98859E-05
9.98947E-05 9.98947E-05 9.98947E-05 9.98947E-05 0.303837 0.000822322 0.0698608 9.98947E-05 0.0327426 9.98947E-05 9.98947E-05 9.98947E-05 9.98947E-05 9.98947E-05 0.325956 9.98947E-05 0.265582 9.98947E-05
9.99122E-05 0.160523 9.99122E-05 0.100224 0.272 9.99122E-05 9.99122E-05 9.99122E-05 0.0459436 0.0381877 9.99122E-05 9.99122E-05 9.99122E-05 0.0753045 0.0934909 9.99122E-05 0.213326 9.99122E-05
9.98859E-05 0.107941 9.98859E-05 9.98859E-05 0.692535 9.98859E-05 9.98859E-05 9.98859E-05 9.98859E-05 9.98859E-05 9.98859E-05 9.98859E-05 9.98859E-05 9.98859E-05 0.0839941 0.00765375 0.106578 9.98859E-05
9.98947E-05 0.227631 0.157108 9.98947E-05 9.98947E-05 9.98947E-05 0.0267514 9.98947E-05 9.98947E-05 9.98947E-05 9.98947E-05 9.98947E-05 9.98947E-05 9.98947E-05 0.246011 9.98947E-05 0.0592592 0.282041
9.9886E-05 9.9886E-05 9.9886E-05 9.9886E-05 0.68928 9.9886E-05 9.9886E-05 9.9886E-05 9.9886E-05 0.0451996 9.9886E-05 9.9886E-05 9.9886E-05 9.9886E-05 0.165604 0.0362648 0.0623536 9.9886E-05
9.99035E-05 0.0470997 9.99035E-05 9.99035E-05 0.517854 0.0778857 9.99035E-05 9.99035E-05 9.99035E-05 0.0177941 9.99035E-05 9.99035E-05 9.99035E-05 9.99035E-05 0.0476697 9.99035E-05 0.202118 0.0884801
0.0900564 0.0129571 9.9921E-05 9.9921E-05 0.722369 0.0140012 9.9921E-05 9.9921E-05 0.0285367 0.0055697 9.9921E-05 9.9921E-05 9.9921E-05 0.0239035 9.9921E-05 9.9921E-05 0.0618205 0.0398868
9.9921E-05 9.9921E-05 0.0233467 0.0330365 0.570876 0.0839595 9.9921E-05 9.9921E-05 9.9921E-05 0.185789 9.9921E-05 9.9921E-05 9.9921E-05 0.0382835 0.00300849 0.0142863 9.9921E-05 0.0465147
9.99211E-05 0.096118 9.99211E-05 9.99211E-05 0.497854 0.00380331 9.99211E-05 9.99211E-05 9.99211E-05 0.037325 9.99211E-05 0.0263291 9.99211E-05 9.99211E-05 0.0681699 0.145183 0.08684 0.0374785
9.99035E-05 0.128047 9.99035E-05 9.99035E-05 0.40426 0.133936 9.99035E-05 9.99035E-05 9.99035E-05 0.0602349 0.00183259 9.99035E-05 9.99035E-05 9.99035E-05 0.134287 9.99035E-05 0.136304 9.99035E-05
9.99035E-05 0.242368 0.0354684 9.99035E-05 0.488413 9.99035E-05 9.99035E-05 9.99035E-05 0.0184889 0.0241658 9.99035E-05 9.99035E-05 9.99035E-05 9.99035E-05 0.0492621 9.99035E-05 0.140735 9.99035E-05
9.98947E-05 9.98947E-05 9.98947E-05 0.05648 0.704317 9.98947E-05 9.98947E-05 0.0607606 9.98947E-05 0.0587101 9.98947E-05 9.98947E-05 9.98947E-05 9.98947E-05 9.98947E-05 9.98947E-05 0.0104045 0.108129
9.9921E-05 9.9921E-05 9.9921E-05 9.9921E-05 0.598322 0.0193434 9.9921E-05 9.9921E-05 0.0421913 0.0140699 9.9921E-05 9.9921E-05 9.9921E-05 0.0226621 0.0993052 0.0774485 0.0402862 0.0854721
9.98772E-05 9.98772E-05 9.98772E-05 9.98772E-05 0.85228 9.98772E-05 0.0803989 0.0616561 9.98772E-05 9.98772E-05 9.98772E-05 9.98772E-05 9.98772E-05 9.98772E-05 9.98772E-05 0.00426683 9.98772E-05 9.98772E-05
0.00634341 9.99035E-05 9.99035E-05 0.05512 0.644639 9.99035E-05 9.99035E-05 0.0582496 9.99035E-05 9.99035E-05 9.99035E-05 9.99035E-05 9.99035E-05 0.139529 0.0168186 9.99035E-05 0.0782005 9.99035E-05
0.141389 9.99123E-05 9.99123E-05 9.99123E-05 0.491134 9.99123E-05 9.99123E-05 0.0896525 9.99123E-05 0.0178807 9.99123E-05 0.0354098 9.99123E-05 0.00492152 0.0354634 9.99123E-05 0.18315 9.99123E-05
9.98947E-05 0.144858 9.98947E-05 9.98947E-05 0.568862 9.98947E-05 0.105882 9.98947E-05 9.98947E-05 9.98947E-05 9.98947E-05 9.98947E-05 0.0143174 9.98947E-05 0.0204871 9.98947E-05 0.144395 9.98947E-05
9.98859E-05 9.98859E-05 9.98859E-05 9.98859E-05 0.765028 9.98859E-05 9.98859E-05 9.98859E-05 9.98859E-05 0.00908441 9.98859E-05 9.98859E-05 9.98859E-05 9.98859E-05 0.124553 9.98859E-05 0.0608256 0.0392104
9.98773E-05 9.98773E-05 9.98773E-05 9.98773E-05 0.565518 9.98773E-05 9.98773E-05 9.98773E-05 9.98773E-05 9.98773E-05 9.98773E-05 9.98773E-05 9.98773E-05 9.98773E-05 0.215933 9.98773E-05 0.0587573 0.158394
9.98946E-05 9.98946E-05 9.98946E-05 9.98946E-05 0.645725 9.98946E-05 0.00577535 9.98946E-05 9.98946E-05 9.98946E-05 0.151545 9.98946E-05 0.00398362 9.98946E-05 0.0415157 9.98946E-05 9.98946E-05 0.150256
9.99035E-05 9.99035E-05 9.99035E-05 9.99035E-05 0.32288 0.191943 9.99035E-05 9.99035E-05 0.076359 0.0565071 9.99035E-05 9.99035E-05 9.99035E-05 0.0823797 0.100228 9.99035E-05 0.168604 9.99035E-05
9.98772E-05 9.98772E-05 9.98772E-05 9.98772E-05 0.207412 9.98772E-05 9.98772E-05 9.98772E-05 9.98772E-05 9.98772E-05 9.98772E-05 9.98772E-05 9.98772E-05 9.98772E-05 0.538747 0.118536 0.133907 9.98772E-05
9.98858E-05 9.98858E-05 9.98858E-05 0.0656334 0.84248 9.98858E-05 9.98858E-05 9.98858E-05 9.98858E-05 9.98858E-05 9.98858E-05 9.98858E-05 9.98858E-05 9.98858E-05 0.0465902 0.000528588 0.0434695 9.98858E-05
9.98947E-05 9.98947E-05 0.0425357 9.98947E-05 0.802467 9.98947E-05 9.98947E-05 0.00336185 9.98947E-05 0.0221006 9.98947E-05 9.98947E-05 9.98947E-05 0.0443567 9.98947E-05 9.98947E-05 0.0839799 9.98947E-05
9.98772E-05 9.98772E-05 0.0181463 9.98772E-05 0.848671 9.98772E-05 9.98772E-05 9.98772E-05 9.98772E-05 9.98772E-05 9.98772E-05 9.98772E-05 0.0720527 9.98772E-05 9.98772E-05 9.98772E-05 0.0597314 9.98772E-05
9.98946E-05 9.98946E-05 9.98946E-05 9.98946E-05 0.618133 0.0664719 9.98946E-05 9.98946E-05 9.98946E-05 0.0436367 9.98946E-05 9.98946E-05 9.98946E-05 9.98946E-05 0.112114 0.0195803 0.138866 9.98946E-05
9.99037E-05 0.0320224 0.0184947 9.99037E-05 0.698887 9.99037E-05 0.086461 9.99037E-05 9.99037E-05 0.0297468 9.99037E-05 9.99037E-05 0.110224 0.0230655 9.99037E-05 9.99037E-05 9.99037E-05 9.99037E-05
9.9921E-05 0.0638407 9.9921E-05 0.0332291 0.254765 9.9921E-05 9.9921E-05 9.9921E-05 0.0946546 0.119494 9.9921E-05 9.9921E-05 9.9921E-05 0.052917 0.0180315 9.9921E-05 0.209759 0.15241
9.99036E-05 0.0315595 9.99036E-05 0.0549213 0.535231 9.99036E-05 0.0375785 9.99036E-05 0.0796124 9.99036E-05 9.99036E-05 9.99036E-05 9.99036E-05 9.99036E-05 0.258057 0.00194123 9.99036E-05 9.99036E-05
9.98947E-05 9.98947E-05 0.071299 9.98947E-05 0.831113 9.98947E-05 9.98947E-05 0.0171835 9.98947E-05 9.98947E-05 9.98947E-05 9.98947E-05 0.059133 0.000703923 9.98947E-05 9.98947E-05 0.0193687 9.98947E-05
9.99035E-05 0.0160371 9.99035E-05 9.99035E-05 0.581437 0.0445444 0.207463 9.99035E-05 9.99035E-05 9.99035E-05 9.99035E-05 0.0484961 9.99035E-05 9.99035E-05 0.035316 9.99035E-05 0.0656081 9.99035E-05
9.9886E-05 9.9886E-05 9.9886E-05 0.0957129 0.691507 9.9886E-05 9.9886E-05 9.9886E-05 9.9886E-05 0.0159267 9.9886E-05 0.107259 9.9886E-05 9.9886E-05 9.9886E-05 9.9886E-05 0.0882959 9.9886E-05
9.98947E-05 0.138346 9.98947E-05 0.0494918 0.697889 0.0400146 9.98947E-05 9.98947E-05 9.98947E-05 0.00810215 9.98947E-05 0.0649579 9.98947E-05 9.98947E-05 9.98947E-05 9.98947E-05 9.98947E-05 9.98947E-05
9.9886E-05 9.9886E-05 0.145633 9.9886E-05 0.663446 9.9886E-05 0.0101577 0.0969085 9.9886E-05 9.9886E-05 9.9886E-05 9.9886E-05 9.9886E-05 9.9886E-05 0.0825562 9.9886E-05 9.9886E-05 9.9886E-05
9.9886E-05 9.9886E-05 9.9886E-05 9.9886E-05 0.681711 9.9886E-05 9.9886E-05 9.9886E-05 9.9886E-05 0.0412594 9.9886E-05 9.9886E-05 9.9886E-05 9.9886E-05 0.112371 0.0642583 0.099101 9.9886E-05
9.98771E-05 9.98771E-05 9.98771E-05 9.98771E-05 0.90324 9.98771E-05 9.98771E-05 9.98771E-05 9.98771E-05 0.0185846 9.98771E-05 9.98771E-05 0.031295 9.98771E-05 9.98771E-05 9.98771E-05 9.98771E-05 0.0454824
9.98858E-05 0.0477518 9.98858E-05 9.98858E-05 9.98858E-05 0.7204 9.98858E-05 9.98858E-05 9.98858E-05 0.00108908 9.98858E-05 9.98858E-05 9.98858E-05 0.0560631 9.98858E-05 9.98858E-05 0.173398 9.98858E-05
9.98598E-05 9.98598E-05 9.98598E-05 9.98598E-05 9.98598E-05 0.989521 9.98598E-05 9.98598E-05 0.00888124 9.98598E-05 9.98598E-05 9.98598E-05 9.98598E-05 9.98598E-05 9.98598E-05 9.98598E-05 9.98598E-05 9.98598E-05
9.98509E-05 9.98509E-05 9.98509E-05 9.98509E-05 9.98509E-05 0.998303 9.98509E-05 9.98509E-05 9.98509E-05 9.98509E-05 9.98509E-05 9.98509E-05 9.98509E-05 9.98509E-05 9.98509E-05 9.98509E-05 9.98509E-05 9.98509E-05
9.99122E-05 0.143013 0.0119521 9.99122E-05 9.99122E-05 0.359429 9.99122E-05 0.220966 9.99122E-05 0.0113148 9.99122E-05 9.99122E-05 0.0833356 0.128584 9.99122E-05 9.99122E-05 0.0404061 9.99122E-05
9.9912E-05 9.9912E-05 9.9912E-05 0.0673876 9.9912E-05 0.675331 9.9912E-05 9.9912E-05 9.9912E-05 9.9912E-05 9.9912E-05 0.000831796 0.0441442 0.0273915 0.0588338 0.0426169 0.082464 9.9912E-05
9.98769E-05 9.98769E-05 9.98769E-05 9.98769E-05 9.98769E-05 0.638524 9.98769E-05 9.98769E-05 9.98769E-05 9.98769E-05 9.98769E-05 9.98769E-05 9.98769E-05 0.0142347 0.168414 9.98769E-05 0.177429 9.98769E-05
9.98945E-05 9.98945E-05 9.98945E-05 0.0322642 9.98945E-05 0.598003 9.98945E-05 0.262102 9.98945E-05 9.98945E-05 9.98945E-05 9.98945E-05 9.98945E-05 0.00847401 9.98945E-05 0.00395 0.0940078 9.98945E-05
9.98945E-05 0.0945975 0.0573636 9.98945E-05 9.98945E-05 0.666639 9.98945E-05 0.0233914 9.98945E-05 9.98945E-05 9.98945E-05 9.98945E-05 0.0415569 9.98945E-05 9.98945E-05 9.98945E-05 0.115253 9.98945E-05
0.00679552 9.98859E-05 9.98859E-05 9.98859E-05 9.98859E-05 0.935299 9.98859E-05 0.0328986 9.98859E-05 9.98859E-05 9.98859E-05 9.98859E-05 9.98859E-05 0.00649393 9.98859E-05 9.98859E-05 9.98859E-05 0.0172148
9.98595E-05 9.98595E-05 9.98595E-05 9.98595E-05 9.98595E-05 0.948417 9.98595E-05 9.98595E-05 9.98595E-05 0.049985 9.98595E-05 9.98595E-05 9.98595E-05 9.98595E-05 9.98595E-05 9.98595E-05 9.98595E-05 9.98595E-05
9.98857E-05 9.98857E-05 9.98857E-05 0.000367654 9.98857E-05 0.51577 9.98857E-05 9.98857E-05 9.98857E-05 0.187218 9.98857E-05 9.98857E-05 9.98857E-05 0.0310437 9.98857E-05 9.98857E-05 0.264303 9.98857E-05
9.99033E-05 9.99033E-05 9.99033E-05 9.99033E-05 9.99033E-05 0.522138 0.0567214 9.99033E-05 9.99033E-05 0.0609968 9.99033E-05 9.99033E-05 0.0196055 9.99033E-05 0.222239 0.0221855 0.0950149 9.99033E-05
9.99209E-05 0.199051 0.0389893 0.0278618 9.99209E-05 0.338986 0.0302401 9.99209E-05 9.99209E-05 0.054569 9.99209E-05 0.0261382 9.99209E-05 0.1044 9.99209E-05 0.178866 9.99209E-05 9.99209E-05
9.98682E-05 9.98682E-05 9.98682E-05 9.98682E-05 9.98682E-05 0.590096 9.98682E-05 9.98682E-05 9.98682E-05 9.98682E-05 9.98682E-05 9.98682E-05 9.98682E-05 9.98682E-05 0.176513 9.98682E-05 0.231893 9.98682E-05
9.98861E-05 0.0349129 9.98861E-05 9.98861E-05 9.98861E-05 0.874443 0.00626909 9.98861E-05 9.98861E-05 0.020299 9.98861E-05 9.98861E-05 9.98861E-05 9.98861E-05 9.98861E-05 9.98861E-05 9.98861E-05 0.0627777
0.0155335 9.98773E-05 9.98773E-05 9.98773E-05 9.98773E-05 0.96283 9.98773E-05 9.98773E-05 9.98773E-05 0.00585503 9.98773E-05 9.98773E-05 9.98773E-05 0.0143833 9.98773E-05 9.98773E-05 9.98773E-05 9.98773E-05
9.98769E-05 0.139092 9.98769E-05 9.98769E-05 9.98769E-05 0.708421 9.98769E-05 9.98769E-05 9.98769E-05 9.98769E-05 9.98769E-05 9.98769E-05 0.10746 9.98769E-05 9.98769E-05 0.0436286 9.98769E-05 9.98769E-05
9.98858E-05 9.98858E-05 9.98858E-05 9.98858E-05 9.98858E-05 0.657313 9.98858E-05 9.98858E-05 9.98858E-05 0.110375 9.98858E-05 9.98858E-05 9.98858E-05 0.0195398 0.14235 0.0691242 9.98858E-05 9.98858E-05
9.98858E-05 9.98858E-05 0.0727031 9.98858E-05 9.98858E-05 0.85779 9.98858E-05 9.98858E-05 9.98858E-05 0.0343739 9.98858E-05 9.98858E-05 9.98858E-05 0.00991683 9.98858E-05 0.0239179 9.98858E-05 9.98858E-05
9.98769E-05 9.98769E-05 9.98769E-05 9.98769E-05 9.98769E-05 0.582098 0.0522448 9.98769E-05 9.98769E-05 9.98769E-05 9.98769E-05 9.98769E-05 9.98769E-05 9.98769E-05 9.98769E-05 9.98769E-05 0.207843 0.156416
0.0171552 9.98599E-05 9.98599E-05 9.98599E-05 9.98599E-05 0.981247 9.98599E-05 9.98599E-05 9.98599E-05 9.98599E-05 9.98599E-05 9.98599E-05 9.98599E-05 9.98599E-05 9.98599E-05 9.98599E-05 9.98599E-05 9.98599E-05
9.98857E-05 9.98857E-05 9.98857E-05 9.98857E-05 9.98857E-05 0.669952 9.98857E-05 0.0143343 9.98857E-05 9.98857E-05 9.98857E-05 9.98857E-05 9.98857E-05 9.98857E-05 0.151174 9.98857E-05 0.0845833 0.0786576
9.9886E-05 0.212729 9.9886E-05 9.9886E-05 9.9886E-05 0.658659 9.9886E-05 0.0502105 9.9886E-05 9.9886E-05 9.9886E-05 9.9886E-05 9.9886E-05 9.9886E-05 0.00515635 9.9886E-05 9.9886E-05 0.0719468
9.99034E-05 9.99034E-05 0.0207624 9.99034E-05 9.99034E-05 0.680402 9.99034E-05 9.99034E-05 0.020811 0.0598013 9.99034E-05 9.99034E-05 0.00630989 9.99034E-05 9.99034E-05 0.136432 0.0743819 9.99034E-05
9.9877E-05 9.9877E-05 9.9877E-05 9.9877E-05 9.9877E-05 0.911046 9.9877E-05 9.9877E-05 9.9877E-05 0.0762123 9.9877E-05 9.9877E-05 9.9877E-05 0.00274841 9.9877E-05 9.9877E-05 0.00859493 9.9877E-05
9.98773E-05 9.98773E-05 9.98773E-05 0.0350619 9.98773E-05 0.864937 9.98773E-05 9.98773E-05 9.98773E-05 9.98773E-05 0.0786469 9.98773E-05 9.98773E-05 0.0199555 9.98773E-05 9.98773E-05 9.98773E-05 9.98773E-05
9.9851E-05 9.9851E-05 9.9851E-05 9.9851E-05 9.9851E-05 0.998303 9.9851E-05 9.9851E-05 9.9851E-05 9.9851E-05 9.9851E-05 9.9851E-05 9.9851E-05 9.9851E-05 9.9851E-05 9.9851E-05 9.9851E-05 9.9851E-05
9.9851E-05 9.9851E-05 9.9851E-05 9.9851E-05 9.9851E-05 0.998303 9.9851E-05 9.9851E-05 9.9851E-05 9.9851E-05 9.9851E-05 9.9851E-05 9.9851E-05 9.9851E-05 9.9851E-05 9.9851E-05 9.9851E-05 9.9851E-05
9.98684E-05 9.98684E-05 0.0468366 9.98684E-05 9.98684E-05 0.941512 9.98684E-05 9.98684E-05 9.98684E-05 9.98684E-05 9.98684E-05 9.98684E-05 9.98684E-05 0.0101535 9.98684E-05 9.98684E-05 9.98684E-05 9.98684E-05
9.98859E-05 9.98859E-05 9.98859E-05 9.98859E-05 9.98859E-05 0.498337 9.98859E-05 9.98859E-05 9.98859E-05 9.98859E-05 0.251449 9.98859E-05 9.98859E-05 0.0459644 9.98859E-05 9.98859E-05 0.088956 0.113995
9.98684E-05 0.824115 9.98684E-05 9.98684E-05 9.98684E-05 9.98684E-05 9.98684E-05 9.98684E-05 9.98684E-05 9.98684E-05 9.98684E-05 9.98684E-05 9.98684E-05 0.122601 9.98684E-05 9.98684E-05 0.0517855 9.98684E-05
0.0862184 0.359378 9.98771E-05 9.98771E-05 9.98771E-05 9.98771E-05 9.98771E-05 9.98771E-05 9.98771E-05 9.98771E-05 0.489488 9.98771E-05 9.98771E-05 9.98771E-05 9.98771E-05 9.98771E-05 0.0635176 9.98771E-05
9.98684E-05 0.877952 9.98684E-05 9.98684E-05 9.98684E-05 9.98684E-05 0.00680852 9.98684E-05 9.98684E-05 9.98684E-05 9.98684E-05 9.98684E-05 9.98684E-05 9.98684E-05 9.98684E-05 9.98684E-05 0.113742 9.98684E-05
9.98771E-05 0.75897 9.98771E-05 9.98771E-05 9.98771E-05 9.98771E-05 9.98771E-05 9.98771E-05 9.98771E-05 0.0161313 9.98771E-05 9.98771E-05 9.98771E-05 0.0605089 9.98771E-05 9.98771E-05 0.162991 9.98771E-05
9.98594E-05 0.947422 9.98594E-05 9.98594E-05 9.98594E-05 9.98594E-05 9.98594E-05 9.98594E-05 9.98594E-05 9.98594E-05 9.98594E-05 9.98594E-05 9.98594E-05 0.0509802 9.98594E-05 9.98594E-05 9.98594E-05 9.98594E-05
9.98771E-05 0.633544 9.98771E-05 9.98771E-05 9.98771E-05 9.98771E-05 9.98771E-05 0.0860588 9.98771E-05 9.98771E-05 9.98771E-05 9.98771E-05 9.98771E-05 0.126631 9.98771E-05 9.98771E-05 0.152368 9.98771E-05
9.99209E-05 0.45741 0.0581489 9.99209E-05 9.99209E-05 9.99209E-05 0.0358959 9.99209E-05 9.99209E-05 0.0603835 0.220894 0.00179681 9.99209E-05 0.0736735 0.0265439 9.99209E-05 0.0643537 9.99209E-05
9.98596E-05 0.825306 9.98596E-05 9.98596E-05 9.98596E-05 9.98596E-05 9.98596E-05 9.98596E-05 9.98596E-05 9.98596E-05 9.98596E-05 9.98596E-05 9.98596E-05 0.173096 9.98596E-05 9.98596E-05 9.98596E-05 9.98596E-05
9.98946E-05 0.454088 9.98946E-05 9.98946E-05 9.98946E-05 9.98946E-05 9.98946E-05 0.23335 9.98946E-05 0.0032691 9.98946E-05 9.98946E-05 0.00788376 0.298704 9.98946E-05 9.98946E-05 9.98946E-05 0.00150637
9.99122E-05 0.442217 0.0356142 0.000924544 9.99122E-05 9.99122E-05 9.99122E-05 9.99122E-05 9.99122E-05 9.99122E-05 9.99122E-05 0.0048366 9.99122E-05 0.215436 0.0250423 0.0734047 0.201526 9.99122E-05
0.310998 0.406496 9.98771E-05 9.98771E-05 9.98771E-05 9.98771E-05 9.98771E-05 0.267046 9.98771E-05 9.98771E-05 9.98771E-05 9.98771E-05 9.98771E-05 0.0140614 9.98771E-05 9.98771E-05 9.98771E-05 9.98771E-05
0.112197 0.717088 9.9886E-05 9.9886E-05 0.0222452 9.9886E-05 9.9886E-05 0.135778 9.9886E-05 9.9886E-05 9.9886E-05 9.9886E-05 9.9886E-05 9.9886E-05 9.9886E-05 9.9886E-05 0.0113931 9.9886E-05
9.98684E-05 0.595617 9.98684E-05 9.98684E-05 9.98684E-05 9.98684E-05 9.98684E-05 9.98684E-05 9.98684E-05 9.98684E-05 0.294027 9.98684E-05 9.98684E-05 0.108859 9.98684E-05 9.98684E-05 9.98684E-05 9.98684E-05
9.98772E-05 0.597833 9.98772E-05 9.98772E-05 9.98772E-05 9.98772E-05 9.98772E-05 9.98772E-05 9.98772E-05 9.98772E-05 0.107292 9.98772E-05 9.98772E-05 0.138854 9.98772E-05 9.98772E-05 0.154623 9.98772E-05
0.00932745 0.616816 0.154439 0.0770644 9.98948E-05 9.98948E-05 9.98948E-05 9.98948E-05 9.98948E-05 9.98948E-05 0.0390319 9.98948E-05 9.98948E-05 0.102122 9.98948E-05 9.98948E-05 9.98948E-05 9.98948E-05
0.00839628 0.560825 9.9921E-05 9.9921E-05 9.9921E-05 9.9921E-05 9.9921E-05 0.136017 9.9921E-05 0.0639723 9.9921E-05 9.9921E-05 0.0585298 0.0412443 0.0101163 9.9921E-05 0.0144751 0.105525
9.98771E-05 0.649872 9.98771E-05 0.000891663 9.98771E-05 9.98771E-05 9.98771E-05 0.269152 9.98771E-05 9.98771E-05 9.98771E-05 9.98771E-05 9.98771E-05 9.98771E-05 9.98771E-05 9.98771E-05 0.0786854 9.98771E-05
0.0295871 0.737333 9.98861E-05 9.98861E-05 9.98861E-05 9.98861E-05 9.98861E-05 9.98861E-05 9.98861E-05 9.98861E-05 9.98861E-05 9.98861E-05 0.0557012 0.096349 0.079731 9.98861E-05 9.98861E-05 9.98861E-05
0.00844262 0.98996 9.98597E-05 9.98597E-05 9.98597E-05 9.98597E-05 9.98597E-05 9.98597E-05 9.98597E-05 9.98597E-05 9.98597E-05 9.98597E-05 9.98597E-05 9.98597E-05 9.98597E-05 9.98597E-05 9.98597E-05 9.98597E-05
0.296689 0.368732 9.98948E-05 0.0715202 9.98948E-05 9.98948E-05 9.98948E-05 9.98948E-05 9.98948E-05 9.98948E-05 9.98948E-05 9.98948E-05 9.98948E-05 0.151738 9.98948E-05 9.98948E-05 0.0985331 0.0115884
0.0353785 0.686619 9.98859E-05 9.98859E-05 9.98859E-05 9.98859E-05 9.98859E-05 0.182627 9.98859E-05 9.98859E-05 9.98859E-05 9.98859E-05 9.98859E-05 0.0180446 9.98859E-05 9.98859E-05 0.0760328 9.98859E-05
0.00714845 0.957978 0.0164522 9.98859E-05 9.98859E-05 9.98859E-05 9.98859E-05 9.98859E-05 9.98859E-05 0.0123286 9.98859E-05 9.98859E-05 9.98859E-05 0.00479418 9.98859E-05 9.98859E-05 9.98859E-05 9.98859E-05
9.98947E-05 0.431727 9.98947E-05 0.0734277 9.98947E-05 9.98947E-05 9.98947E-05 0.0271966 9.98947E-05 9.98947E-05 9.98947E-05 0.030789 9.98947E-05 0.222459 9.98947E-05 9.98947E-05 0.213203 9.98947E-05
0.0186377 0.560604 9.98859E-05 9.98859E-05 9.98859E-05 9.98859E-05 9.98859E-05 9.98859E-05 9.98859E-05 9.98859E-05 0.201365 9.98859E-05 9.98859E-05 0.134423 9.98859E-05 9.98859E-05 0.0836709 9.98859E-05
9.99122E-05 0.413272 9.99122E-05 0.0202773 9.99122E-05 9.99122E-05 9.99122E-05 0.0303522 0.0138828 9.99122E-05 9.99122E-05 0.0309155 9.99122E-05 0.23144 9.99122E-05 0.0251726 0.233688 9.99122E-05
9.99121E-05 0.196282 0.0322261 9.99121E-05 9.99121E-05 9.99121E-05 0.0749006 0.0337401 9.99121E-05 9.99121E-05 0.356457 9.99121E-05 9.99121E-05 0.128606 0.092624 9.99121E-05 0.0841655 9.99121E-05
0.648946 0.192078 9.9886E-05 9.9886E-05 9.9886E-05 9.9886E-05 9.9886E-05 9.9886E-05 0.146265 9.9886E-05 9.9886E-05 9.9886E-05 0.00369493 9.9886E-05 9.9886E-05 9.9886E-05 0.00771757 9.9886E-05
9.98681E-05 0.863624 9.98681E-05 9.98681E-05 9.98681E-05 9.98681E-05 9.98681E-05 9.98681E-05 9.98681E-05 9.98681E-05 9.98681E-05 9.98681E-05 9.98681E-05 0.0303546 9.98681E-05 9.98681E-05 0.104524 9.98681E-05
9.98773E-05 0.649819 9.98773E-05 9.98773E-05 9.98773E-05 9.98773E-05 9.98773E-05 0.0242541 9.98773E-05 9.98773E-05 9.98773E-05 9.98773E-05 9.98773E-05 0.165767 9.98773E-05 9.98773E-05 0.158762 9.98773E-05
0.0888063 0.789141 9.9886E-05 0.0176428 9.9886E-05 9.9886E-05 9.9886E-05 9.9886E-05 9.9886E-05 9.9886E-05 9.9886E-05 9.9886E-05 9.9886E-05 0.0404863 9.9886E-05 9.9886E-05 0.0626251 9.9886E-05
9.99008E-05 0.547686 9.99008E-05 9.99008E-05 9.99008E-05 9.99008E-05 0.0308431 9.99008E-05 9.99008E-05 0.0384668 0.23488 9.99008E-05 9.99008E-05 9.99008E-05 0.00735784 9.99008E-05 0.139567 9.99008E-05
9.98772E-05 0.878035 9.98772E-05 0.0158092 9.98772E-05 9.98772E-05 9.98772E-05 9.98772E-05 9.98772E-05 9.98772E-05 0.0609273 9.98772E-05 9.98772E-05 9.98772E-05 9.98772E-05 9.98772E-05 0.0438306 9.98772E-05
9.98945E-05 0.334668 9.98945E-05 0.183526 9.98945E-05 9.98945E-05 9.98945E-05 9.98945E-05 0.0118303 9.98945E-05 9.98945E-05 0.0525272 9.98945E-05 0.317078 9.98945E-05 9.98945E-05 0.099172 9.98945E-05
9.98594E-05 0.84687 9.98594E-05 9.98594E-05 9.98594E-05 9.98594E-05 9.98594E-05 9.98594E-05 9.98594E-05 9.98594E-05 9.98594E-05 9.98594E-05 9.98594E-05 9.98594E-05 0.151532 9.98594E-05 9.98594E-05 9.98594E-05
9.98684E-05 0.851376 9.98684E-05 9.98684E-05 9.98684E-05 9.98684E-05 9.98684E-05 9.98684E-05 9.98684E-05 9.98684E-05 0.112494 9.98684E-05 9.98684E-05 9.98684E-05 9.98684E-05 9.98684E-05 0.0346313 9.98684E-05
0.1563 0.625627 9.98946E-05 9.98946E-05 9.98946E-05 9.98946E-05 9.98946E-05 9.98946E-05 9.98946E-05 0.0238111 9.98946E-05 9.98946E-05 9.98946E-05 0.0149479 9.98946E-05 0.01563 9.98946E-05 0.162485
9.98858E-05 0.682976 0.0439175 9.98858E-05 9.98858E-05 9.98858E-05 9.98858E-05 9.98858E-05 9.98858E-05 0.0133389 9.98858E-05 9.98858E-05 9.98858E-05 0.0645336 9.98858E-05 9.98858E-05 0.193936 9.98858E-05
0.588266 0.209759 9.98771E-05 9.98771E-05 9.98771E-05 9.98771E-05 9.98771E-05 9.98771E-05 9.98771E-05 9.98771E-05 9.98771E-05 0.0431648 9.98771E-05 0.157412 9.98771E-05 9.98771E-05 9.98771E-05 9.98771E-05
0.137148 0.565528 0.0186689 0.0484674 9.98947E-05 9.98947E-05 9.98947E-05 9.98947E-05 9.98947E-05 9.98947E-05 0.181041 9.98947E-05 9.98947E-05 9.98947E-05 9.98947E-05 9.98947E-05 0.0479487 9.98947E-05
9.98596E-05 0.526151 9.98596E-05 9.98596E-05 9.98596E-05 9.98596E-05 9.98596E-05 9.98596E-05 9.98596E-05 9.98596E-05 0.472252 9.98596E-05 9.98596E-05 9.98596E-05 9.98596E-05 9.98596E-05 9.98596E-05 9.98596E-05
0.429068 0.414596 0.0292734 9.9886E-05 9.9886E-05 9.9886E-05 9.9886E-05 9.9886E-05 9.9886E-05 9.9886E-05 0.068607 9.9886E-05 9.9886E-05 9.9886E-05 9.9886E-05 0.0571567 9.9886E-05 9.9886E-05
9.98859E-05 0.4917 9.98859E-05 9.98859E-05 9.98859E-05 9.98859E-05 9.98859E-05 0.0387927 9.98859E-05 0.0488594 9.98859E-05 9.98859E-05 9.98859E-05 0.134891 9.98859E-05 9.98859E-05 0.284458 9.98859E-05
9.98771E-05 0.773963 9.98771E-05 9.98771E-05 9.98771E-05 9.98771E-05 9.98771E-05 9.98771E-05 9.98771E-05 9.98771E-05 9.98771E-05 0.00753892 9.98771E-05 0.114191 9.98771E-05 9.98771E-05 9.98771E-05 0.102908
0.548608 0.0775726 9.98947E-05 0.0978158 9.98947E-05 9.98947E-05 9.98947E-05 9.98947E-05 9.98947E-05 9.98947E-05 0.115787 9.98947E-05 9.98947E-05 0.14209 9.98947E-05 9.98947E-05 0.0169284 9.98947E-05
0.395905 0.35133 9.98772E-05 9.98772E-05 9.98772E-05 9.98772E-05 9.98772E-05 9.98772E-05 9.98772E-05 9.98772E-05 0.224925 9.98772E-05 9.98772E-05 9.98772E-05 9.98772E-05 9.98772E-05 0.0264419 9.98772E-05
9.98858E-05 0.555185 9.98858E-05 0.100552 9.98858E-05 9.98858E-05 9.98858E-05 0.164509 9.98858E-05 9.98858E-05 9.98858E-05 9.98858E-05 9.98858E-05 0.163243 0.0152127 9.98858E-05 9.98858E-05 9.98858E-05
9.9886E-05 0.576017 9.9886E-05 9.9886E-05 9.9886E-05 0.160976 9.9886E-05 9.9886E-05 9.9886E-05 9.9886E-05 0.0881094 9.9886E-05 9.9886E-05 0.0932449 9.9886E-05 9.9886E-05 0.0803542 9.9886E-05
0.023485 0.607134 9.99123E-05 9.99123E-05 9.99123E-05 9.99123E-05 0.0255803 0.139072 0.043448 9.99123E-05 9.99123E-05 9.99123E-05 9.99123E-05 0.0774436 0.0561684 9.99123E-05 9.99123E-05 0.0266693
9.98947E-05 0.489294 9.98947E-05 9.98947E-05 9.98947E-05 9.98947E-05 9.98947E-05 9.98947E-05 0.0337735 9.98947E-05 9.98947E-05 9.98947E-05 9.98947E-05 0.178222 0.0567928 9.98947E-05 0.164838 0.0758812
0.346548 0.444939 9.98683E-05 9.98683E-05 9.98683E-05 9.98683E-05 9.98683E-05 9.98683E-05 9.98683E-05 9.98683E-05 0.207014 9.98683E-05 9.98683E-05 9.98683E-05 9.98683E-05 9.98683E-05 9.98683E-05 9.98683E-05
9.9877E-05 0.720617 9.9877E-05 9.9877E-05 9.9877E-05 9.9877E-05 9.9877E-05 9.9877E-05 9.9877E-05 9.9877E-05 9.9877E-05 9.9877E-05 0.0407231 9.9877E-05 9.9877E-05 0.157328 0.0799345 9.9877E-05
0.324266 0.324759 9.98859E-05 9.98859E-05 9.98859E-05 9.98859E-05 9.98859E-05 9.98859E-05 9.98859E-05 9.98859E-05 0.21268 9.98859E-05 9.98859E-05 0.103364 9.98859E-05 9.98859E-05 0.0336316 9.98859E-05
0.276037 0.439367 9.9886E-05 9.9886E-05 9.9886E-05 9.9886E-05 9.9886E-05 9.9886E-05 9.9886E-05 0.0559774 9.9886E-05 9.9886E-05 9.9886E-05 0.111548 9.9886E-05 9.9886E-05 0.115772 9.9886E-05
9.98596E-05 0.993081 9.98596E-05 9.98596E-05 9.98596E-05 9.98596E-05 0.00532115 9.98596E-05 9.98596E-05 9.98596E-05 9.98596E-05 9.98596E-05 9.98596E-05 9.98596E-05 9.98596E-05 9.98596E-05 9.98596E-05 9.98596E-05
9.9877E-05 0.867454 9.9877E-05 9.9877E-05 9.9877E-05 9.9877E-05 9.9877E-05 9.9877E-05 9.9877E-05 0.0259527 9.9877E-05 9.9877E-05 9.9877E-05 9.9877E-05 0.0199588 0.0852361 9.9877E-05 9.9877E-05
9.9877E-05 0.533883 9.9877E-05 9.9877E-05 9.9877E-05 9.9877E-05 9.9877E-05 0.158188 9.9877E-05 9.9877E-05 9.9877E-05 9.9877E-05 9.9877E-05 0.148964 9.9877E-05 9.9877E-05 0.157566 9.9877E-05
9.98683E-05 0.751165 9.98683E-05 9.98683E-05 9.98683E-05 9.98683E-05 9.98683E-05 9.98683E-05 9.98683E-05 9.98683E-05 9.98683E-05 9.98683E-05 9.98683E-05 0.154095 9.98683E-05 9.98683E-05 0.0932417 9.98683E-05
9.98771E-05 0.916567 9.98771E-05 9.98771E-05 9.98771E-05 9.98771E-05 9.98771E-05 0.0526412 9.98771E-05 0.0234004 9.98771E-05 9.98771E-05 9.98771E-05 9.98771E-05 9.98771E-05 9.98771E-05 0.00599336 9.98771E-05
0.108939 0.745334 0.0450699 0.0114761 9.98859E-05 9.98859E-05 9.98859E-05 9.98859E-05 9.98859E-05 9.98859E-05 9.98859E-05 9.98859E-05 9.98859E-05 9.98859E-05 9.98859E-05 9.98859E-05 0.0878826 9.98859E-05
9.98859E-05 0.611747 9.98859E-05 9.98859E-05 9.98859E-05 9.98859E-05 9.98859E-05 0.0311867 9.98859E-05 9.98859E-05 0.191481 9.98859E-05 9.98859E-05 0.155697 9.98859E-05 9.98859E-05 0.00858995 9.98859E-05
9.98506E-05 9.98506E-05 9.98506E-05 9.98506E-05 9.98506E-05 9.98506E-05 9.98506E-05 9.98506E-05 9.98506E-05 9.98506E-05 9.98506E-05 9.98506E-05 9.98506E-05 9.98506E-05 9.98506E-05 9.98506E-05 0.998303 9.98506E-05
9.98505E-05 9.98505E-05 9.98505E-05 9.98505E-05 9.98505E-05 9.98505E-05 9.98505E-05 9.98505E-05 9.98505E-05 9.98505E-05 9.98505E-05 9.98505E-05 9.98505E-05 0.998303 9.98505E-05 9.98505E-05 9.98505E-05 9.98505E-05
9.98505E-05 9.98505E-05 9.98505E-05 9.98505E-05 9.98505E-05 9.98505E-05 9.98505E-05 9.98505E-05 9.98505E-05 9.98505E-05 9.98505E-05 9.98505E-05 9.98505E-05 9.98505E-05 9.98505E-05 9.98505E-05 0.998303 9.98505E-05
9.98504E-05 9.98504E-05 9.98504E-05 9.98504E-05 9.98504E-05 9.98504E-05 9.98504E-05 9.98504E-05 9.98504E-05 9.98504E-05 9.98504E-05 9.98504E-05 9.98504E-05 0.998303 9.98504E-05 9.98504E-05 9.98504E-05 9.98504E-05
9.98504E-05 9.98504E-05 9.98504E-05 9.98504E-05 9.98504E-05 9.98504E-05 9.98504E-05 9.98504E-05 9.98504E-05 9.98504E-05 9.98504E-05 9.98504E-05 9.98504E-05 0.998303 9.98504E-05 9.98504E-05 9.98504E-05 9.98504E-05
9.98506E-05 9.98506E-05 9.98506E-05 9.98506E-05 9.98506E-05 9.98506E-05 9.98506E-05 9.98506E-05 9.98506E-05 9.98506E-05 9.98506E-05 9.98506E-05 9.98506E-05 0.998303 9.98506E-05 9.98506E-05 9.98506E-05 9.98506E-05
9.98505E-05 9.98505E-05 9.98505E-05 9.98505E-05 9.98505E-05 9.98505E-05 9.98505E-05 9.98505E-05 9.98505E-05 9.98505E-05 9.98505E-05 9.98505E-05 9.98505E-05 9.98505E-05 9.98505E-05 9.98505E-05 0.998303 9.98505E-05
9.98505E-05 9.98505E-05 9.98505E-05 9.98505E-05 9.98505E-05 9.98505E-05 9.98505E-05 9.98505E-05 9.98505E-05 9.98505E-05 9.98505E-05 9.98505E-05 9.98505E-05 0.998303 9.98505E-05 9.98505E-05 9.98505E-05 9.98505E-05
9.98506E-05 9.98506E-05 9.98506E-05 9.98506E-05 9.98506E-05 9.98506E-05 9.98506E-05 9.98506E-05 9.98506E-05 9.98506E-05 9.98506E-05 9.98506E-05 9.98506E-05 0.998303 9.98506E-05 9.98506E-05 9.98506E-05 9.98506E-05
9.98505E-05 9.98505E-05 9.98505E-05 9.98505E-05 9.98505E-05 9.98505E-05 9.98505E-05 9.98505E-05 9.98505E-05 9.98505E-05 9.98505E-05 9.98505E-05 9.98505E-05 9.98505E-05 9.98505E-05 9.98505E-05 0.998303 9.98505E-05
9.98506E-05 9.98506E-05 9.98506E-05 9.98506E-05 9.98506E-05 9.98506E-05 9.98506E-05 9.98506E-05 9.98506E-05 9.98506E-05 9.98506E-05 9.98506E-05 9.98506E-05 9.98506E-05 9.98506E-05 9.98506E-05 0.998303 9.98506E-05
9.98505E-05 9.98505E-05 9.98505E-05 9.98505E-05 9.98505E-05 9.98505E-05 9.98505E-05 9.98505E-05 9.98505E-05 9.98505E-05 9.98505E-05 9.98505E-05 9.98505E-05 9.98505E-05 9.98505E-05 9.98505E-05 0.998303 9.98505E-05
9.98506E-05 9.98506E-05 9.98506E-05 9.98506E-05 9.98506E-05 9.98506E-05 9.98506E-05 9.98506E-05 9.98506E-05 9.98506E-05 9.98506E-05 9.98506E-05 9.98506E-05 0.998303 9.98506E-05 9.98506E-05 9.98506E-05 9.98506E-05
9.98506E-05 9.98506E-05 9.98506E-05 9.98506E-05 9.98506E-05 9.98506E-05 9.98506E-05 9.98506E-05 9.98506E-05 9.98506E-05 9.98506E-05 9.98506E-05 9.98506E-05 0.998303 9.98506E-05 9.98506E-05 9.98506E-05 9.98506E-05
9.98505E-05 9.98505E-05 9.98505E-05 9.98505E-05 9.98505E-05 9.98505E-05 9.98505E-05 9.98505E-05 9.98505E-05 9.98505E-05 9.98505E-05 9.98505E-05 9.98505E-05 9.98505E-05 9.98505E-05 9.98505E-05 0.998303 9.98505E-05
9.98507E-05 9.98507E-05 9.98507E-05 9.98507E-05 9.98507E-05 9.98507E-05 9.98507E-05 9.98507E-05 9.98507E-05 9.98507E-05 9.98507E-05 9.98507E-05 9.98507E-05 9.98507E-05 9.98507E-05 9.98507E-05 0.998303 9.98507E-05
9.98946E-05 0.715477 9.98946E-05 9.98946E-05 9.98946E-05 9.98946E-05 9.98946E-05 9.98946E-05 0.0250454 9.98946E-05 9.98946E-05 9.98946E-05 0.066792 0.0193771 9.98946E-05 0.11451 0.0576004 9.98946E-05
9.98507E-05 9.98507E-05 9.98507E-05 9.98507E-05 9.98507E-05 9.98507E-05 9.98507E-05 9.98507E-05 9.98507E-05 9.98507E-05 9.98507E-05 9.98507E-05 9.98507E-05 9.98507E-05 9.98507E-05 9.98507E-05 0.998303 9.98507E-05
9.98505E-05 9.98505E-05 9.98505E-05 9.98505E-05 9.98505E-05 9.98505E-05 9.98505E-05 9.98505E-05 9.98505E-05 9.98505E-05 9.98505E-05 9.98505E-05 9.98505E-05 0.998303 9.98505E-05 9.98505E-05 9.98505E-05 9.98505E-05
9.98505E-05 9.98505E-05 9.98505E-05 9.98505E-05 9.98505E-05 9.98505E-05 9.98505E-05 9.98505E-05 9.98505E-05 9.98505E-05 9.98505E-05 9.98505E-05 9.98505E-05 9.98505E-05 9.98505E-05 9.98505E-05 0.998303 9.98505E-05
9.98505E-05 9.98505E-05 9.98505E-05 9.98505E-05 9.98505E-05 9.98505E-05 9.98505E-05 9.98505E-05 9.98505E-05 9.98505E-05 9.98505E-05 9.98505E-05 9.98505E-05 9.98505E-05 9.98505E-05 9.98505E-05 0.998303 9.98505E-05
9.98506E-05 9.98506E-05 9.98506E-05 9.98506E-05 9.98506E-05 9.98506E-05 9.98506E-05 9.98506E-05 9.98506E-05 9.98506E-05 9.98506E-05 9.98506E-05 9.98506E-05 9.98506E-05 9.98506E-05 9.98506E-05 0.998303 9.98506E-05
9.98506E-05 9.98506E-05 9.98506E-05 9.98506E-05 9.98506E-05 9.98506E-05 9.98506E-05 9.98506E-05 9.98506E-05 9.98506E-05 9.98506E-05 9.98506E-05 9.98506E-05 0.998303 9.98506E-05 9.98506E-05 9.98506E-05 9.98506E-05
9.98506E-05 9.98506E-05 9.98506E-05 9.98506E-05 9.98506E-05 9.98506E-05 9.98506E-05 9.98506E-05 9.98506E-05 9.98506E-05 9.98506E-05 9.98506E-05 9.98506E-05 9.98506E-05 9.98506E-05 9.98506E-05 0.998303 9.98506E-05
9.98505E-05 9.98505E-05 9.98505E-05 9.98505E-05 9.98505E-05 9.98505E-05 9.98505E-05 9.98505E-05 9.98505E-05 9.98505E-05 9.98505E-05 9.98505E-05 9.98505E-05 0.998303 9.98505E-05 9.98505E-05 9.98505E-05 9.98505E-05
9.98505E-05 9.98505E-05 9.98505E-05 9.98505E-05 9.98505E-05 9.98505E-05 9.98505E-05 9.98505E-05 9.98505E-05 9.98505E-05 9.98505E-05 9.98505E-05 9.98505E-05 9.98505E-05 9.98505E-05 9.98505E-05 0.998303 9.98505E-05
9.98506E-05 9.98506E-05 9.98506E-05 9.98506E-05 9.98506E-05 9.98506E-05 9.98506E-05 9.98506E-05 9.98506E-05 9.98506E-05 9.98506E-05 9.98506E-05 9.98506E-05 9.98506E-05 9.98506E-05 9.98506E-05 0.998303 9.98506E-05
9.98505E-05 9.98505E-05 9.98505E-05 9.98505E-05 9.98505E-05 9.98505E-05 9.98505E-05 9.98505E-05 9.98505E-05 9.98505E-05 9.98505E-05 9.98505E-05 9.98505E-05 0.998303 9.98505E-05 9.98505E-05 9.98505E-05 9.98505E-05
9.98505E-05 9.98505E-05 9.98505E-05 9.98505E-05 9.98505E-05 9.98505E-05 9.98505E-05 9.98505E-05 9.98505E-05 9.98505E-05 9.98505E-05 9.98505E-05 9.98505E-05 0.998303 9.98505E-05 9.98505E-05 9.98505E-05 9.98505E-05
9.98506E-05 9.98506E-05 9.98506E-05 9.98506E-05 9.98506E-05 9.98506E-05 9.98506E-05 9.98506E-05 9.98506E-05 9.98506E-05 9.98506E-05 9.98506E-05 9.98506E-05 0.998303 9.98506E-05 9.98506E-05 9.98506E-05 9.98506E-05
9.98506E-05 9.98506E-05 9.98506E-05 9.98506E-05 9.98506E-05 9.98506E-05 9.98506E-05 9.98506E-05 9.98506E-05 9.98506E-05 9.98506E-05 9.98506E-05 9.98506E-05 9.98506E-05 9.98506E-05 9.98506E-05 0.998303 9.98506E-05
9.98506E-05 9.98506E-05 9.98506E-05 9.98506E-05 9.98506E-05 9.98506E-05 9.98506E-05 9.98506E-05 9.98506E-05 9.98506E-05 9.98506E-05 9.98506E-05 9.98506E-05 9.98506E-05 9.98506E-05 9.98506E-05 0.998303 9.98506E-05
9.98505E-05 9.98505E-05 9.98505E-05 9.98505E-05 9.98505E-05 9.98505E-05 9.98505E-05 9.98505E-05 9.98505E-05 9.98505E-05 9.98505E-05 9.98505E-05 9.98505E-05 9.98505E-05 9.98505E-05 9.98505E-05 0.998303 9.98505E-05
9.98504E-05 9.98504E-05 9.98504E-05 9.98504E-05 9.98504E-05 9.98504E-05 9.98504E-05 9.98504E-05 9.98504E-05 9.98504E-05 9.98504E-05 9.98504E-05 9.98504E-05 9.98504E-05 9.98504E-05 9.98504E-05 0.998303 9.98504E-05
9.98506E-05 9.98506E-05 9.98506E-05 9.98506E-05 9.98506E-05 9.98506E-05 9.98506E-05 9.98506E-05 9.98506E-05 9.98506E-05 9.98506E-05 9.98506E-05 9.98506E-05 9.98506E-05 9.98506E-05 9.98506E-05 0.998303 9.98506E-05
9.98506E-05 9.98506E-05 9.98506E-05 9.98506E-05 9.98506E-05 9.98506E-05 9.98506E-05 9.98506E-05 9.98506E-05 9.98506E-05 9.98506E-05 9.98506E-05 9.98506E-05 0.998303 9.98506E-05 9.98506E-05 9.98506E-05 9.98506E-05
9.98505E-05 9.98505E-05 9.98505E-05 9.98505E-05 9.98505E-05 9.98505E-05 9.98505E-05 9.98505E-05 9.98505E-05 9.98505E-05 9.98505E-05 9.98505E-05 9.98505E-05 0.998303 9.98505E-05 9.98505E-05 9.98505E-05 9.98505E-05
9.98505E-05 9.98505E-05 9.98505E-05 9.98505E-05 9.98505E-05 9.98505E-05 9.98505E-05 9.98505E-05 9.98505E-05 9.98505E-05 9.98505E-05 9.98505E-05 9.98505E-05 0.998303 9.98505E-05 9.98505E-05 9.98505E-05 9.98505E-05
9.98506E-05 9.98506E-05 9.98506E-05 9.98506E-05 9.98506E-05 9.98506E-05 9.98506E-05 9.98506E-05 9.98506E-05 9.98506E-05 9.98506E-05 9.98506E-05 9.98506E-05 9.98506E-05 9.98506E-05 9.98506E-05 0.998303 9.98506E-05
9.98506E-05 9.98506E-05 9.98506E-05 9.98506E-05 9.98506E-05 9.98506E-05 9.98506E-05 9.98506E-05 9.98506E-05 9.98506E-05 9.98506E-05 9.98506E-05 9.98506E-05 0.998303 9.98506E-05 9.98506E-05 9.98506E-05 9.98506E-05
9.98505E-05 9.98505E-05 9.98505E-05 9.98505E-05 9.98505E-05 9.98505E-05 9.98505E-05 9.98505E-05 9.98505E-05 9.98505E-05 9.98505E-05 9.98505E-05 9.98505E-05 0.998303 9.98505E-05 9.98505E-05 9.98505E-05 9.98505E-05
9.98506E-05 9.98506E-05 9.98506E-05 9.98506E-05 9.98506E-05 9.98506E-05 9.98506E-05 9.98506E-05 9.98506E-05 9.98506E-05 9.98506E-05 9.98506E-05 9.98506E-05 0.998303 9.98506E-05 9.98506E-05 9.98506E-05 9.98506E-05
9.98506E-05 9.98506E-05 9.98506E-05 9.98506E-05 9.98506E-05 9.98506E-05 9.98506E-05 9.98506E-05 9.98506E-05 9.98506E-05 9.98506E-05 9.98506E-05 9.98506E-05 0.998303 9.98506E-05 9.98506E-05 9.98506E-05 9.98506E-05
9.98505E-05 9.98505E-05 9.98505E-05 9.98505E-05 9.98505E-05 9.98505E-05 9.98505E-05 9.98505E-05 9.98505E-05 9.98505E-05 9.98505E-05 9.98505E-05 9.98505E-05 9.98505E-05 9.98505E-05 9.98505E-05 0.998303 9.98505E-05
9.98506E-05 9.98506E-05 9.98506E-05 9.98506E-05 9.98506E-05 9.98506E-05 9.98506E-05 9.98506E-05 9.98506E-05 9.98506E-05 9.98506E-05 9.98506E-05 9.98506E-05 0.998303 9.98506E-05 9.98506E-05 9.98506E-05 9.98506E-05
9.98505E-05 9.98505E-05 9.98505E-05 9.98505E-05 9.98505E-05 9.98505E-05 9.98505E-05 9.98505E-05 9.98505E-05 9.98505E-05 9.98505E-05 9.98505E-05 9.98505E-05 0.998303 9.98505E-05 9.98505E-05 9.98505E-05 9.98505E-05
9.99034E-05 0.665122 9.99034E-05 0.0425003 9.99034E-05 9.99034E-05 9.99034E-05 9.99034E-05 0.0433388 9.99034E-05 9.99034E-05 9.99034E-05 0.0838242 0.0319511 9.99034E-05 0.0764636 0.0557008 9.99034E-05
