9.9877E-05 9.9877E-05 0.295625 0.0652597 9.9877E-05 0.0476097 0.0177662 9.9877E-05 9.9877E-05 0.26659 9.9877E-05 0.0332921 0.0031924 9.9877E-05 9.9877E-05 9.9877E-05 9.9877E-05 0.0115633 9.9877E-05 9.9877E-05 9.9877E-05 9.9877E-05 0.147318 0.110285 9.9877E-05
9.98422E-05 9.98422E-05 0.525706 0.118135 9.98422E-05 0.186033 9.98422E-05 9.98422E-05 9.98422E-05 9.98422E-05 9.98422E-05 0.0047916 0.0167412 0.0180404 9.98422E-05 9.98422E-05 9.98422E-05 9.98422E-05 9.98422E-05 9.98422E-05 9.98422E-05 9.98422E-05 9.98422E-05 0.128756 9.98422E-05
9.98069E-05 9.98069E-05 9.98069E-05 9.98069E-05 9.98069E-05 0.934096 9.98069E-05 9.98069E-05 0.0265068 9.98069E-05 9.98069E-05 9.98069E-05 9.98069E-05 9.98069E-05 9.98069E-05 9.98069E-05 9.98069E-05 9.98069E-05 9.98069E-05 9.98069E-05 9.98069E-05 9.98069E-05 0.037201 9.98069E-05 9.98069E-05
9.98422E-05 9.98422E-05 0.267708 9.98422E-05 9.98422E-05 9.98422E-05 9.98422E-05 0.086854 9.98422E-05 0.118579 9.98422E-05 0.0540518 0.201277 9.98422E-05 9.98422E-05 9.98422E-05 0.25033 9.98422E-05 9.98422E-05 9.98422E-05 9.98422E-05 9.98422E-05 0.0194027 9.98422E-05 9.98422E-05
9.98245E-05 0.00677698 0.813877 9.98245E-05 9.98245E-05 9.98245E-05 9.98245E-05 9.98245E-05 0.0938526 9.98245E-05 9.98245E-05 9.98245E-05 9.98245E-05 9.98245E-05 9.98245E-05 9.98245E-05 0.0242208 9.98245E-05 9.98245E-05 9.98245E-05 0.059276 9.98245E-05 9.98245E-05 9.98245E-05 9.98245E-05
9.98597E-05 9.98597E-05 0.0271407 0.0106633 9.98597E-05 0.2149 9.98597E-05 0.115629 0.0785521 9.98597E-05 0.126596 9.98597E-05 9.98597E-05 9.98597E-05 9.98597E-05 9.98597E-05 9.98597E-05 0.00113163 9.98597E-05 9.98597E-05 0.219577 9.98597E-05 9.98597E-05 0.204213 9.98597E-05
9.9886E-05 0.0787597 0.24466 0.10612 9.9886E-05 9.9886E-05 0.0351911 9.9886E-05 9.9886E-05 0.100001 9.9886E-05 0.104166 0.061697 9.9886E-05 9.9886E-05 9.9886E-05 0.046597 9.9886E-05 9.9886E-05 9.9886E-05 0.00125661 9.9886E-05 0.009837 0.0860645 0.124351
0.0598299 9.98685E-05 0.00102536 9.98685E-05 9.98685E-05 0.181956 9.98685E-05 0.097157 9.98685E-05 0.283717 0.109011 9.98685E-05 9.98685E-05 9.98685E-05 9.98685E-05 9.98685E-05 0.0617153 0.168586 9.98685E-05 9.98685E-05 0.0339571 9.98685E-05 9.98685E-05 0.00154755 9.98685E-05
9.98421E-05 9.98421E-05 0.299018 9.98421E-05 9.98421E-05 9.98421E-05 0.172711 9.98421E-05 0.012426 0.0238516 0.250411 9.98421E-05 9.98421E-05 9.98421E-05 9.98421E-05 9.98421E-05 9.98421E-05 9.98421E-05 9.98421E-05 0.0105837 9.98421E-05 9.98421E-05 0.229202 9.98421E-05 9.98421E-05
9.97982E-05 9.97982E-05 0.966747 9.97982E-05 9.97982E-05 9.97982E-05 9.97982E-05 9.97982E-05 9.97982E-05 9.97982E-05 9.97982E-05 9.97982E-05 9.97982E-05 9.97982E-05 9.97982E-05 9.97982E-05 9.97982E-05 9.97982E-05 9.97982E-05 9.97982E-05 9.97982E-05 9.97982E-05 0.030958 9.97982E-05 9.97982E-05
9.98335E-05 9.98335E-05 0.601023 9.98335E-05 9.98335E-05 9.98335E-05 9.98335E-05 9.98335E-05 9.98335E-05 0.00639601 0.112202 0.153942 9.98335E-05 9.98335E-05 9.98335E-05 9.98335E-05 9.98335E-05 9.98335E-05 9.98335E-05 9.98335E-05 9.98335E-05 9.98335E-05 0.107315 0.017225 9.98335E-05
9.97897E-05 9.97897E-05 9.97897E-05 9.97897E-05 9.97897E-05 0.997605 9.97897E-05 9.97897E-05 9.97897E-05 9.97897E-05 9.97897E-05 9.97897E-05 9.97897E-05 9.97897E-05 9.97897E-05 9.97897E-05 9.97897E-05 9.97897E-05 9.97897E-05 9.97897E-05 9.97897E-05 9.97897E-05 9.97897E-05 9.97897E-05 9.97897E-05
9.98158E-05 0.00170595 0.870029 9.98158E-05 9.98158E-05 9.98158E-05 9.98158E-05 9.98158E-05 9.98158E-05 0.0544337 9.98158E-05 9.98158E-05 9.98158E-05 9.98158E-05 9.98158E-05 9.98158E-05 9.98158E-05 9.98158E-05 9.98158E-05 9.98158E-05 9.98158E-05 9.98158E-05 0.0717353 9.98158E-05 9.98158E-05
9.98159E-05 9.98159E-05 9.98159E-05 9.98159E-05 9.98159E-05 0.618104 9.98159E-05 9.98159E-05 9.98159E-05 9.98159E-05 9.98159E-05 0.0413658 9.98159E-05 9.98159E-05 9.98159E-05 9.98159E-05 9.98159E-05 9.98159E-05 0.276503 0.061931 9.98159E-05 9.98159E-05 9.98159E-05 9.98159E-05 9.98159E-05
9.98683E-05 9.98683E-05 0.293252 9.98683E-05 0.110951 9.98683E-05 9.98683E-05 9.98683E-05 0.00806884 0.0726791 0.111368 9.98683E-05 9.98683E-05 9.98683E-05 9.98683E-05 9.98683E-05 9.98683E-05 0.0364625 9.98683E-05 0.0614925 9.98683E-05 0.0325907 0.0855841 0.186053 9.98683E-05
0.100762 9.98596E-05 0.125698 9.98596E-05 9.98596E-05 0.00137052 9.98596E-05 9.98596E-05 9.98596E-05 0.184094 0.178512 9.98596E-05 0.0278135 9.98596E-05 9.98596E-05 9.98596E-05 9.98596E-05 9.98596E-05 9.98596E-05 9.98596E-05 9.98596E-05 0.0288381 0.102702 0.248612 9.98596E-05
0.00815373 9.98422E-05 0.614011 0.0696553 0.201785 9.98422E-05 9.98422E-05 9.98422E-05 9.98422E-05 9.98422E-05 9.98422E-05 0.0440077 9.98422E-05 9.98422E-05 9.98422E-05 9.98422E-05 9.98422E-05 9.98422E-05 9.98422E-05 9.98422E-05 9.98422E-05 0.0206205 0.0399695 9.98422E-05 9.98422E-05
9.98509E-05 9.98509E-05 0.0992435 9.98509E-05 9.98509E-05 9.98509E-05 9.98509E-05 0.0110489 9.98509E-05 0.218129 0.00726946 9.98509E-05 9.98509E-05 0.139892 0.0952446 9.98509E-05 9.98509E-05 9.98509E-05 9.98509E-05 9.98509E-05 9.98509E-05 9.98509E-05 0.123556 0.303918 9.98509E-05
9.98595E-05 9.98595E-05 0.159392 9.98595E-05 9.98595E-05 0.178932 9.98595E-05 9.98595E-05 9.98595E-05 0.212487 0.0824616 0.0110638 9.98595E-05 0.0266395 9.98595E-05 9.98595E-05 9.98595E-05 9.98595E-05 9.98595E-05 9.98595E-05 0.117009 0.0684558 0.141962 9.98595E-05 9.98595E-05
9.97983E-05 9.97983E-05 0.957793 9.97983E-05 9.97983E-05 9.97983E-05 9.97983E-05 9.97983E-05 9.97983E-05 9.97983E-05 9.97983E-05 9.97983E-05 9.97983E-05 9.97983E-05 0.0399115 9.97983E-05 9.97983E-05 9.97983E-05 9.97983E-05 9.97983E-05 9.97983E-05 9.97983E-05 9.97983E-05 9.97983E-05 9.97983E-05
0.0526791 9.98509E-05 0.0466932 9.98509E-05 9.98509E-05 0.441889 9.98509E-05 9.98509E-05 9.98509E-05 9.98509E-05 0.136166 0.0372785 9.98509E-05 9.98509E-05 0.0245957 9.98509E-05 0.211015 9.98509E-05 9.98509E-05 9.98509E-05 9.98509E-05 9.98509E-05 0.0479857 9.98509E-05 9.98509E-05
9.98422E-05 0.0567106 0.290383 9.98422E-05 9.98422E-05 9.98422E-05 9.98422E-05 9.98422E-05 0.00442793 0.330584 0.122032 9.98422E-05 9.98422E-05 9.98422E-05 9.98422E-05 9.98422E-05 9.98422E-05 9.98422E-05 9.98422E-05 9.98422E-05 0.18384 0.0102258 9.98422E-05 9.98422E-05 9.98422E-05
9.98246E-05 9.98246E-05 9.98246E-05 9.98246E-05 9.98246E-05 0.740636 9.98246E-05 0.0151894 9.98246E-05 9.98246E-05 9.98246E-05 0.0740123 9.98246E-05 9.98246E-05 9.98246E-05 9.98246E-05 9.98246E-05 9.98246E-05 9.98246E-05 9.98246E-05 9.98246E-05 9.98246E-05 0.05294 0.115226 9.98246E-05
0.00271489 9.98333E-05 0.306142 9.98333E-05 9.98333E-05 9.98333E-05 0.0940642 9.98333E-05 9.98333E-05 0.40252 9.98333E-05 9.98333E-05 9.98333E-05 9.98333E-05 9.98333E-05 9.98333E-05 9.98333E-05 9.98333E-05 9.98333E-05 9.98333E-05 9.98333E-05 9.98333E-05 0.16755 0.0251119 9.98333E-05
9.98683E-05 9.98683E-05 9.98683E-05 9.98683E-05 9.98683E-05 0.171328 9.98683E-05 0.190594 0.00364394 0.234381 0.00650535 9.98683E-05 9.98683E-05 9.98683E-05 0.00270537 9.98683E-05 9.98683E-05 9.98683E-05 0.119404 0.032055 9.98683E-05 0.0556306 0.182255 9.98683E-05 9.98683E-05
9.98334E-05 9.98334E-05 0.664425 9.98334E-05 9.98334E-05 9.98334E-05 9.98334E-05 9.98334E-05 0.102466 0.0585193 9.98334E-05 0.0299087 0.0414361 9.98334E-05 9.98334E-05 9.98334E-05 9.98334E-05 9.98334E-05 9.98334E-05 9.98334E-05 9.98334E-05 9.98334E-05 0.101348 9.98334E-05 9.98334E-05
0.0439209 0.254278 0.039245 9.9842E-05 9.9842E-05 9.9842E-05 9.9842E-05 9.9842E-05 0.255999 0.251017 9.9842E-05 9.9842E-05 9.9842E-05 0.105575 9.9842E-05 9.9842E-05 9.9842E-05 9.9842E-05 9.9842E-05 9.9842E-05 9.9842E-05 9.9842E-05 0.0481678 9.9842E-05 9.9842E-05
9.98423E-05 9.98423E-05 0.359454 9.98423E-05 9.98423E-05 0.380102 9.98423E-05 0.0854038 9.98423E-05 0.00981757 9.98423E-05 9.98423E-05 0.0377258 9.98423E-05 9.98423E-05 9.98423E-05 9.98423E-05 9.98423E-05 0.0508385 9.98423E-05 9.98423E-05 9.98423E-05 0.0748619 9.98423E-05 9.98423E-05
9.98422E-05 0.133232 0.0899845 9.98422E-05 9.98422E-05 0.464921 9.98422E-05 9.98422E-05 9.98422E-05 0.0592166 9.98422E-05 0.00974813 9.98422E-05 9.98422E-05 9.98422E-05 9.98422E-05 9.98422E-05 9.98422E-05 0.0808598 9.98422E-05 9.98422E-05 9.98422E-05 0.160241 9.98422E-05 9.98422E-05
9.98158E-05 9.98158E-05 9.98158E-05 9.98158E-05 0.263038 0.669409 9.98158E-05 9.98158E-05 9.98158E-05 9.98158E-05 0.0271769 9.98158E-05 9.98158E-05 9.98158E-05 9.98158E-05 9.98158E-05 9.98158E-05 9.98158E-05 9.98158E-05 9.98158E-05 9.98158E-05 9.98158E-05 0.0382796 9.98158E-05 9.98158E-05
9.98421E-05 0.0310966 0.610372 9.98421E-05 9.98421E-05 0.0655137 9.98421E-05 9.98421E-05 9.98421E-05 9.98421E-05 9.98421E-05 0.0836957 9.98421E-05 9.98421E-05 9.98421E-05 9.98421E-05 9.98421E-05 9.98421E-05 9.98421E-05 9.98421E-05 9.98421E-05 0.0843874 0.0269431 0.0961946 9.98421E-05
9.98772E-05 0.00384506 0.571135 9.98772E-05 9.98772E-05 9.98772E-05 9.98772E-05 0.0524966 0.0612852 0.0438014 9.98772E-05 0.0309779 9.98772E-05 9.98772E-05 9.98772E-05 0.0605047 0.082966 9.98772E-05 9.98772E-05 9.98772E-05 9.98772E-05 0.023321 0.059335 9.98772E-05 0.00893352
0.0299931 9.98508E-05 0.357869 9.98508E-05 9.98508E-05 0.175636 9.98508E-05 9.98508E-05 0.0186268 0.137183 9.98508E-05 0.0701756 9.98508E-05 9.98508E-05 9.98508E-05 9.98508E-05 9.98508E-05 9.98508E-05 9.98508E-05 9.98508E-05 9.98508E-05 9.98508E-05 0.101892 0.106927 9.98508E-05
9.9842E-05 9.9842E-05 9.9842E-05 9.9842E-05 9.9842E-05 0.637125 9.9842E-05 0.041378 9.9842E-05 0.156474 9.9842E-05 9.9842E-05 9.9842E-05 0.00498515 9.9842E-05 9.9842E-05 9.9842E-05 9.9842E-05 9.9842E-05 9.9842E-05 0.0264255 9.9842E-05 0.114133 9.9842E-05 0.0176828
9.98335E-05 0.0464239 9.98335E-05 0.0132336 9.98335E-05 0.85519 9.98335E-05 9.98335E-05 9.98335E-05 9.98335E-05 9.98335E-05 0.0214078 9.98335E-05 9.98335E-05 0.0294598 9.98335E-05 9.98335E-05 9.98335E-05 9.98335E-05 9.98335E-05 9.98335E-05 0.0323877 9.98335E-05 9.98335E-05 9.98335E-05
9.98423E-05 0.0225068 0.674052 0.0244016 9.98423E-05 9.98423E-05 0.0696698 9.98423E-05 9.98423E-05 9.98423E-05 0.0465951 9.98423E-05 0.134632 9.98423E-05 9.98423E-05 9.98423E-05 9.98423E-05 9.98423E-05 9.98423E-05 9.98423E-05 9.98423E-05 9.98423E-05 9.98423E-05 0.0263461 9.98423E-05
9.98422E-05 0.00442877 0.127126 0.031216 9.98422E-05 0.748806 9.98422E-05 9.98422E-05 9.98422E-05 0.0223432 9.98422E-05 0.0399322 9.98422E-05 9.98422E-05 9.98422E-05 9.98422E-05 9.98422E-05 9.98422E-05 9.98422E-05 9.98422E-05 9.98422E-05 9.98422E-05 9.98422E-05 9.98422E-05 0.0243504
9.98247E-05 9.98247E-05 9.98247E-05 0.0597328 9.98247E-05 0.77994 9.98247E-05 9.98247E-05 9.98247E-05 9.98247E-05 0.118563 9.98247E-05 9.98247E-05 9.98247E-05 0.011849 9.98247E-05 9.98247E-05 9.98247E-05 9.98247E-05 9.98247E-05 9.98247E-05 9.98247E-05 0.027919 9.98247E-05 9.98247E-05
9.98334E-05 9.98334E-05 9.98334E-05 0.119626 0.1265 0.586466 9.98334E-05 9.98334E-05 9.98334E-05 0.00635244 9.98334E-05 9.98334E-05 9.98334E-05 9.98334E-05 9.98334E-05 9.98334E-05 9.98334E-05 9.98334E-05 9.98334E-05 9.98334E-05 0.0450029 9.98334E-05 0.114156 9.98334E-05 9.98334E-05
0.105454 9.98421E-05 0.151375 9.98421E-05 9.98421E-05 0.46177 9.98421E-05 9.98421E-05 0.189601 0.00167095 9.98421E-05 9.98421E-05 9.98421E-05 9.98421E-05 9.98421E-05 9.98421E-05 9.98421E-05 9.98421E-05 9.98421E-05 9.98421E-05 0.0455175 9.98421E-05 0.0428145 9.98421E-05 9.98421E-05
9.98246E-05 9.98246E-05 0.857718 9.98246E-05 9.98246E-05 9.98246E-05 9.98246E-05 9.98246E-05 9.98246E-05 0.0647979 0.00798229 0.0238471 9.98246E-05 9.98246E-05 9.98246E-05 9.98246E-05 9.98246E-05 9.98246E-05 9.98246E-05 9.98246E-05 9.98246E-05 9.98246E-05 0.0436578 9.98246E-05 9.98246E-05
9.98159E-05 0.105483 0.551655 9.98159E-05 9.98159E-05 9.98159E-05 9.98159E-05 9.98159E-05 9.98159E-05 0.25966 9.98159E-05 9.98159E-05 9.98159E-05 9.98159E-05 9.98159E-05 9.98159E-05 9.98159E-05 9.98159E-05 9.98159E-05 9.98159E-05 9.98159E-05 9.98159E-05 0.0811055 9.98159E-05 9.98159E-05
9.98158E-05 0.0567315 0.809758 9.98158E-05 0.122977 9.98158E-05 9.98158E-05 9.98158E-05 9.98158E-05 9.98158E-05 9.98158E-05 9.98158E-05 9.98158E-05 9.98158E-05 9.98158E-05 9.98158E-05 9.98158E-05 9.98158E-05 9.98158E-05 0.00843783 9.98158E-05 9.98158E-05 9.98158E-05 9.98158E-05 9.98158E-05
9.9842E-05 9.9842E-05 9.9842E-05 9.9842E-05 9.9842E-05 0.42945 0.0379327 9.9842E-05 9.9842E-05 0.169881 0.0440988 0.0108243 9.9842E-05 9.9842E-05 9.9842E-05 9.9842E-05 9.9842E-05 9.9842E-05 9.9842E-05 9.9842E-05 9.9842E-05 9.9842E-05 0.189138 0.116877 9.9842E-05
9.98335E-05 9.98335E-05 0.00312724 9.98335E-05 9.98335E-05 0.202173 9.98335E-05 9.98335E-05 9.98335E-05 0.449342 9.98335E-05 9.98335E-05 0.00238107 9.98335E-05 9.98335E-05 9.98335E-05 9.98335E-05 9.98335E-05 9.98335E-05 9.98335E-05 0.175452 9.98335E-05 0.165629 9.98335E-05 9.98335E-05
9.98157E-05 9.98157E-05 0.71316 9.98157E-05 9.98157E-05 0.207135 9.98157E-05 9.98157E-05 9.98157E-05 9.98157E-05 9.98157E-05 9.98157E-05 0.0692255 9.98157E-05 9.98157E-05 9.98157E-05 9.98157E-05 9.98157E-05 9.98157E-05 9.98157E-05 9.98157E-05 9.98157E-05 0.00838294 9.98157E-05 9.98157E-05
9.98333E-05 9.98333E-05 0.89427 9.98333E-05 9.98333E-05 9.98333E-05 9.98333E-05 9.98333E-05 9.98333E-05 9.98333E-05 0.00202452 0.00895416 0.0233263 0.00711047 9.98333E-05 9.98333E-05 9.98333E-05 9.98333E-05 9.98333E-05 9.98333E-05 9.98333E-05 9.98333E-05 0.0624175 9.98333E-05 9.98333E-05
9.97984E-05 9.97984E-05 9.97984E-05 9.97984E-05 9.97984E-05 0.990009 9.97984E-05 9.97984E-05 9.97984E-05 9.97984E-05 9.97984E-05 9.97984E-05 9.97984E-05 9.97984E-05 9.97984E-05 9.97984E-05 9.97984E-05 9.97984E-05 9.97984E-05 9.97984E-05 9.97984E-05 9.97984E-05 0.00769519 9.97984E-05 9.97984E-05
9.9842E-05 9.9842E-05 0.0689575 9.9842E-05 9.9842E-05 0.585032 9.9842E-05 9.9842E-05 9.9842E-05 0.169907 9.9842E-05 0.0106793 0.00460973 9.9842E-05 9.9842E-05 9.9842E-05 0.0466563 9.9842E-05 9.9842E-05 9.9842E-05 9.9842E-05 9.9842E-05 0.112361 9.9842E-05 9.9842E-05
9.9825E-05 9.9825E-05 0.541964 9.9825E-05 0.0307561 0.14172 9.9825E-05 9.9825E-05 9.9825E-05 9.9825E-05 9.9825E-05 9.9825E-05 9.9825E-05 9.9825E-05 9.9825E-05 9.9825E-05 9.9825E-05 9.9825E-05 9.9825E-05 9.9825E-05 0.119712 9.9825E-05 9.9825E-05 9.9825E-05 0.163851
9.98683E-05 0.0739604 9.98683E-05 9.98683E-05 9.98683E-05 0.350106 0.00612648 0.162619 9.98683E-05 0.00877277 0.0516353 0.0900213 0.0601128 9.98683E-05 9.98683E-05 9.98683E-05 0.0103771 9.98683E-05 9.98683E-05 9.98683E-05 9.98683E-05 9.98683E-05 0.18477 9.98683E-05 9.98683E-05
0.040689 9.98333E-05 0.654054 9.98333E-05 9.98333E-05 9.98333E-05 0.0430106 9.98333E-05 9.98333E-05 0.172056 9.98333E-05 9.98333E-05 0.0857094 9.98333E-05 0.00258448 9.98333E-05 9.98333E-05 9.98333E-05 9.98333E-05 9.98333E-05 9.98333E-05 9.98333E-05 9.98333E-05 9.98333E-05 9.98333E-05
9.9816E-05 9.9816E-05 0.884926 9.9816E-05 9.9816E-05 9.9816E-05 9.9816E-05 9.9816E-05 9.9816E-05 9.9816E-05 9.9816E-05 9.9816E-05 9.9816E-05 0.04094 9.9816E-05 9.9816E-05 9.9816E-05 9.9816E-05 0.0696272 9.9816E-05 9.9816E-05 0.00241104 9.9816E-05 9.9816E-05 9.9816E-05
0.130046 9.9851E-05 9.9851E-05 9.9851E-05 0.00961208 0.663745 9.9851E-05 9.9851E-05 9.9851E-05 9.9851E-05 0.0383217 9.9851E-05 9.9851E-05 0.0332683 9.9851E-05 9.9851E-05 9.9851E-05 9.9851E-05 9.9851E-05 0.0146374 9.9851E-05 9.9851E-05 0.0163028 9.9851E-05 0.0923693
9.98159E-05 9.98159E-05 9.98159E-05 9.98159E-05 9.98159E-05 0.819606 9.98159E-05 9.98159E-05 9.98159E-05 9.98159E-05 9.98159E-05 9.98159E-05 9.98159E-05 9.98159E-05 9.98159E-05 9.98159E-05 9.98159E-05 9.98159E-05 9.98159E-05 0.0056116 9.98159E-05 0.134339 0.0383472 9.98159E-05 9.98159E-05
9.98335E-05 9.98335E-05 0.636403 9.98335E-05 9.98335E-05 0.0608771 9.98335E-05 9.98335E-05 0.125073 9.98335E-05 9.98335E-05 9.98335E-05 9.98335E-05 9.98335E-05 0.00491205 9.98335E-05 9.98335E-05 9.98335E-05 9.98335E-05 9.98335E-05 0.0696692 9.98335E-05 9.98335E-05 0.101169 9.98335E-05
9.98157E-05 9.98157E-05 0.822679 0.101057 9.98157E-05 9.98157E-05 9.98157E-05 9.98157E-05 9.98157E-05 9.98157E-05 9.98157E-05 9.98157E-05 9.98157E-05 0.034327 9.98157E-05 9.98157E-05 9.98157E-05 9.98157E-05 9.98157E-05 9.98157E-05 9.98157E-05 9.98157E-05 0.0398402 9.98157E-05 9.98157E-05
9.98422E-05 9.98422E-05 0.690554 9.98422E-05 9.98422E-05 0.121311 9.98422E-05 9.98422E-05 9.98422E-05 0.0428363 9.98422E-05 0.000707035 0.0642702 9.98422E-05 9.98422E-05 9.98422E-05 9.98422E-05 9.98422E-05 9.98422E-05 0.0180433 9.98422E-05 9.98422E-05 0.0604808 9.98422E-05 9.98422E-05
9.98158E-05 9.98158E-05 9.98158E-05 9.98158E-05 9.98158E-05 0.877145 9.98158E-05 9.98158E-05 9.98158E-05 9.98158E-05 9.98158E-05 0.0609384 9.98158E-05 0.0186029 9.98158E-05 9.98158E-05 9.98158E-05 0.0412175 9.98158E-05 9.98158E-05 9.98158E-05 9.98158E-05 9.98158E-05 9.98158E-05 9.98158E-05
9.98683E-05 9.98683E-05 9.98683E-05 0.00101533 9.98683E-05 9.98683E-05 9.98683E-05 0.0513299 9.98683E-05 0.0155148 0.0397458 0.021236 9.98683E-05 9.98683E-05 9.98683E-05 9.98683E-05 9.98683E-05 0.0374573 0.00461134 0.00146073 9.98683E-05 9.98683E-05 0.16054 0.665591 9.98683E-05
9.97987E-05 9.97987E-05 9.97987E-05 9.97987E-05 9.97987E-05 9.97987E-05 9.97987E-05 9.97987E-05 9.97987E-05 9.97987E-05 9.97987E-05 9.97987E-05 0.0317205 9.97987E-05 9.97987E-05 9.97987E-05 9.97987E-05 9.97987E-05 9.97987E-05 9.97987E-05 9.97987E-05 9.97987E-05 9.97987E-05 0.965984 9.97987E-05
9.97896E-05 9.97896E-05 9.97896E-05 9.97896E-05 9.97896E-05 9.97896E-05 9.97896E-05 9.97896E-05 9.97896E-05 9.97896E-05 9.97896E-05 9.97896E-05 9.97896E-05 9.97896E-05 9.97896E-05 9.97896E-05 9.97896E-05 9.97896E-05 9.97896E-05 9.97896E-05 9.97896E-05 9.97896E-05 9.97896E-05 0.997605 9.97896E-05
9.98509E-05 0.00411901 9.98509E-05 0.235918 9.98509E-05 9.98509E-05 9.98509E-05 0.180145 0.0580594 9.98509E-05 0.0620166 9.98509E-05 9.98509E-05 9.98509E-05 9.98509E-05 9.98509E-05 9.98509E-05 9.98509E-05 9.98509E-05 9.98509E-05 9.98509E-05 9.98509E-05 0.0492947 0.335497 0.0732527
9.98506E-05 9.98506E-05 9.98506E-05 9.98506E-05 9.98506E-05 9.98506E-05 9.98506E-05 9.98506E-05 9.98506E-05 0.143125 0.0653269 0.0667327 9.98506E-05 0.0348813 9.98506E-05 9.98506E-05 9.98506E-05 9.98506E-05 9.98506E-05 9.98506E-05 9.98506E-05 0.022684 0.00211543 0.588879 0.0745584
9.98506E-05 9.98506E-05 9.98506E-05 9.98506E-05 9.98506E-05 9.98506E-05 0.020092 0.0195417 9.98506E-05 0.114975 0.0250757 0.0489624 9.98506E-05 9.98506E-05 9.98506E-05 9.98506E-05 9.98506E-05 9.98506E-05 9.98506E-05 0.0175346 9.98506E-05 9.98506E-05 0.12154 0.630581 9.98506E-05
9.98331E-05 0.078876 9.98331E-05 0.259456 9.98331E-05 9.98331E-05 9.98331E-05 9.98331E-05 9.98331E-05 9.98331E-05 9.98331E-05 0.0135645 0.0324931 9.98331E-05 9.98331E-05 9.98331E-05 9.98331E-05 9.98331E-05 9.98331E-05 9.98331E-05 9.98331E-05 9.98331E-05 0.109289 0.504425 9.98331E-05
9.98418E-05 9.98418E-05 9.98418E-05 0.0834896 9.98418E-05 9.98418E-05 9.98418E-05 0.0968629 9.98418E-05 9.98418E-05 0.043573 9.98418E-05 9.98418E-05 0.133911 9.98418E-05 9.98418E-05 9.98418E-05 9.98418E-05 9.98418E-05 9.98418E-05 9.98418E-05 9.98418E-05 0.0502568 0.542706 0.0474037
9.98158E-05 0.034491 9.98158E-05 0.0123784 9.98158E-05 9.98158E-05 0.00350702 9.98158E-05 9.98158E-05 9.98158E-05 9.98158E-05 9.98158E-05 9.98158E-05 9.98158E-05 9.98158E-05 9.98158E-05 9.98158E-05 9.98158E-05 9.98158E-05 9.98158E-05 9.98158E-05 9.98158E-05 9.98158E-05 0.947527 9.98158E-05
9.97982E-05 9.97982E-05 9.97982E-05 9.97982E-05 9.97982E-05 9.97982E-05 9.97982E-05 9.97982E-05 9.97982E-05 9.97982E-05 9.97982E-05 0.106458 9.97982E-05 9.97982E-05 9.97982E-05 9.97982E-05 9.97982E-05 9.97982E-05 9.97982E-05 9.97982E-05 9.97982E-05 9.97982E-05 9.97982E-05 0.891246 9.97982E-05
9.98243E-05 9.98243E-05 9.98243E-05 9.98243E-05 9.98243E-05 9.98243E-05 9.98243E-05 9.98243E-05 9.98243E-05 9.98243E-05 0.0218757 0.221686 9.98243E-05 9.98243E-05 9.98243E-05 9.98243E-05 9.98243E-05 9.98243E-05 9.98243E-05 9.98243E-05 0.0467997 9.98243E-05 0.336944 0.370698 9.98243E-05
0.00372817 9.9877E-05 9.9877E-05 0.105847 9.9877E-05 9.9877E-05 9.9877E-05 9.9877E-05 9.9877E-05 0.21935 9.9877E-05 0.0637178 0.037793 9.9877E-05 9.9877E-05 9.9877E-05 9.9877E-05 9.9877E-05 9.9877E-05 0.0718191 0.0253917 0.0295732 0.0943867 0.305253 0.0417425
0.151013 9.98418E-05 9.98418E-05 9.98418E-05 9.98418E-05 9.98418E-05 9.98418E-05 0.120015 9.98418E-05 9.98418E-05 0.0662838 0.0234435 9.98418E-05 9.98418E-05 0.00540484 9.98418E-05 0.117646 9.98418E-05 9.98418E-05 9.98418E-05 9.98418E-05 9.98418E-05 9.98418E-05 0.514397 9.98418E-05
9.98244E-05 9.98244E-05 9.98244E-05 0.0904227 9.98244E-05 9.98244E-05 9.98244E-05 9.98244E-05 9.98244E-05 0.208716 9.98244E-05 9.98244E-05 9.98244E-05 9.98244E-05 9.98244E-05 9.98244E-05 9.98244E-05 9.98244E-05 9.98244E-05 9.98244E-05 9.98244E-05 9.98244E-05 0.188062 0.503945 0.00685731
9.98074E-05 9.98074E-05 9.98074E-05 9.98074E-05 9.98074E-05 9.98074E-05 9.98074E-05 9.98074E-05 0.00999071 9.98074E-05 9.98074E-05 0.00432699 9.98074E-05 9.98074E-05 9.98074E-05 9.98074E-05 9.98074E-05 9.98074E-05 9.98074E-05 9.98074E-05 9.98074E-05 9.98074E-05 9.98074E-05 0.983487 9.98074E-05
9.98158E-05 9.98158E-05 9.98158E-05 9.98158E-05 9.98158E-05 9.98158E-05 9.98158E-05 9.98158E-05 9.98158E-05 9.98158E-05 0.0322717 0.0130612 0.0246688 9.98158E-05 9.98158E-05 9.98158E-05 9.98158E-05 9.98158E-05 9.98158E-05 9.98158E-05 9.98158E-05 9.98158E-05 9.98158E-05 0.927902 9.98158E-05
9.98154E-05 9.98154E-05 9.98154E-05 9.98154E-05 9.98154E-05 9.98154E-05 9.98154E-05 0.13515 9.98154E-05 9.98154E-05 9.98154E-05 9.98154E-05 9.98154E-05 9.98154E-05 9.98154E-05 9.98154E-05 9.98154E-05 0.228943 9.98154E-05 9.98154E-05 9.98154E-05 9.98154E-05 0.025066 0.608745 9.98154E-05
9.98244E-05 9.98244E-05 9.98244E-05 9.98244E-05 9.98244E-05 9.98244E-05 9.98244E-05 9.98244E-05 9.98244E-05 0.146803 0.00257846 0.100518 0.137577 9.98244E-05 9.98244E-05 9.98244E-05 9.98244E-05 9.98244E-05 9.98244E-05 9.98244E-05 9.98244E-05 9.98244E-05 9.98244E-05 0.610526 9.98244E-05
9.98333E-05 9.98333E-05 9.98333E-05 9.98333E-05 9.98333E-05 9.98333E-05 9.98333E-05 9.98333E-05 9.98333E-05 0.0411126 0.00247428 0.0542125 9.98333E-05 0.0267533 9.98333E-05 9.98333E-05 9.98333E-05 9.98333E-05 9.98333E-05 9.98333E-05 9.98333E-05 9.98333E-05 0.07777 0.79578 9.98333E-05
0.133905 0.0942814 9.98331E-05 9.98331E-05 9.98331E-05 9.98331E-05 9.98331E-05 9.98331E-05 9.98331E-05 9.98331E-05 9.98331E-05 9.98331E-05 9.98331E-05 0.0577312 9.98331E-05 9.98331E-05 9.98331E-05 9.98331E-05 9.98331E-05 9.98331E-05 9.98331E-05 9.98331E-05 0.223069 0.484054 0.00506234
9.98075E-05 9.98075E-05 9.98075E-05 9.98075E-05 9.98075E-05 9.98075E-05 9.98075E-05 9.98075E-05 9.98075E-05 9.98075E-05 9.98075E-05 9.98075E-05 9.98075E-05 9.98075E-05 9.98075E-05 0.0193738 9.98075E-05 9.98075E-05 9.98075E-05 9.98075E-05 9.98075E-05 9.98075E-05 9.98075E-05 0.976715 0.00171563
9.98418E-05 9.98418E-05 9.98418E-05 0.0706756 9.98418E-05 9.98418E-05 9.98418E-05 0.0524305 0.0281385 0.28919 9.98418E-05 9.98418E-05 0.055816 9.98418E-05 9.98418E-05 9.98418E-05 9.98418E-05 9.98418E-05 9.98418E-05 0.00695299 9.98418E-05 9.98418E-05 9.98418E-05 0.494999 9.98418E-05
9.98421E-05 9.98421E-05 9.98421E-05 0.0111594 9.98421E-05 9.98421E-05 9.98421E-05 0.174155 9.98421E-05 0.0309565 9.98421E-05 9.98421E-05 9.98421E-05 0.0239688 9.98421E-05 9.98421E-05 9.98421E-05 9.98421E-05 9.98421E-05 0.00683587 9.98421E-05 9.98421E-05 0.0377098 0.713418 9.98421E-05
9.98595E-05 0.0903439 9.98595E-05 9.98595E-05 9.98595E-05 9.98595E-05 0.021571 9.98595E-05 9.98595E-05 9.98595E-05 0.0862156 9.98595E-05 0.0228724 0.0570961 9.98595E-05 9.98595E-05 0.0312224 0.0834333 9.98595E-05 9.98595E-05 0.05986 9.98595E-05 9.98595E-05 0.545788 9.98595E-05
9.98067E-05 9.98067E-05 9.98067E-05 9.98067E-05 9.98067E-05 9.98067E-05 9.98067E-05 9.98067E-05 9.98067E-05 9.98067E-05 9.98067E-05 0.188331 9.98067E-05 9.98067E-05 9.98067E-05 9.98067E-05 9.98067E-05 9.98067E-05 9.98067E-05 0.00824664 9.98067E-05 9.98067E-05 9.98067E-05 0.801226 9.98067E-05
9.98249E-05 9.98249E-05 9.98249E-05 0.0474784 0.0196732 9.98249E-05 9.98249E-05 9.98249E-05 9.98249E-05 9.98249E-05 0.0181045 9.98249E-05 9.98249E-05 9.98249E-05 9.98249E-05 9.98249E-05 9.98249E-05 9.98249E-05 9.98249E-05 9.98249E-05 9.98249E-05 9.98249E-05 0.0249492 0.887798 9.98249E-05
9.97984E-05 9.97984E-05 9.97984E-05 9.97984E-05 9.97984E-05 9.97984E-05 9.97984E-05 9.97984E-05 9.97984E-05 9.97984E-05 9.97984E-05 9.97984E-05 9.97984E-05 9.97984E-05 9.97984E-05 9.97984E-05 9.97984E-05 0.0542139 9.97984E-05 9.97984E-05 9.97984E-05 9.97984E-05 9.97984E-05 0.943491 9.97984E-05
9.97897E-05 9.97897E-05 9.97897E-05 9.97897E-05 9.97897E-05 9.97897E-05 9.97897E-05 9.97897E-05 9.97897E-05 9.97897E-05 9.97897E-05 9.97897E-05 9.97897E-05 9.97897E-05 9.97897E-05 9.97897E-05 9.97897E-05 9.97897E-05 9.97897E-05 9.97897E-05 9.97897E-05 9.97897E-05 9.97897E-05 0.997605 9.97897E-05
9.98159E-05 9.98159E-05 9.98159E-05 9.98159E-05 9.98159E-05 9.98159E-05 9.98159E-05 9.98159E-05 9.98159E-05 9.98159E-05 0.00444788 9.98159E-05 9.98159E-05 0.117116 9.98159E-05 9.98159E-05 9.98159E-05 9.98159E-05 9.98159E-05 9.98159E-05 9.98159E-05 9.98159E-05 0.024888 0.851452 9.98159E-05
9.98248E-05 0.0269173 9.98248E-05 9.98248E-05 0.170266 9.98248E-05 9.98248E-05 9.98248E-05 9.98248E-05 9.98248E-05 0.0711596 9.98248E-05 9.98248E-05 9.98248E-05 9.98248E-05 9.98248E-05 9.98248E-05 9.98248E-05 9.98248E-05 9.98248E-05 9.98248E-05 9.98248E-05 0.120974 0.608686 9.98248E-05
9.98159E-05 9.98159E-05 9.98159E-05 9.98159E-05 9.98159E-05 9.98159E-05 9.98159E-05 0.229944 0.640803 9.98159E-05 0.0517908 9.98159E-05 9.98159E-05 9.98159E-05 9.98159E-05 9.98159E-05 9.98159E-05 9.98159E-05 9.98159E-05 9.98159E-05 9.98159E-05 9.98159E-05 0.0753658 9.98159E-05 9.98159E-05
9.98071E-05 9.98071E-05 9.98071E-05 9.98071E-05 0.423058 9.98071E-05 9.98071E-05 9.98071E-05 0.20792 9.98071E-05 9.98071E-05 9.98071E-05 9.98071E-05 9.98071E-05 9.98071E-05 9.98071E-05 9.98071E-05 9.98071E-05 0.366826 9.98071E-05 9.98071E-05 9.98071E-05 9.98071E-05 9.98071E-05 9.98071E-05
9.98331E-05 9.98331E-05 9.98331E-05 9.98331E-05 9.98331E-05 9.98331E-05 9.98331E-05 0.307808 0.523724 0.0108444 9.98331E-05 9.98331E-05 9.98331E-05 9.98331E-05 9.98331E-05 9.98331E-05 9.98331E-05 9.98331E-05 0.12936 9.98331E-05 9.98331E-05 0.0185137 0.00785344 9.98331E-05 9.98331E-05
9.98245E-05 9.98245E-05 9.98245E-05 9.98245E-05 9.98245E-05 9.98245E-05 9.98245E-05 0.189976 0.615648 9.98245E-05 9.98245E-05 9.98245E-05 9.98245E-05 0.0226269 9.98245E-05 9.98245E-05 9.98245E-05 9.98245E-05 9.98245E-05 9.98245E-05 9.98245E-05 0.0212183 0.148535 9.98245E-05 9.98245E-05
9.9798E-05 9.9798E-05 9.9798E-05 9.9798E-05 9.9798E-05 9.9798E-05 9.9798E-05 9.9798E-05 0.940078 9.9798E-05 0.0576263 9.9798E-05 9.9798E-05 9.9798E-05 9.9798E-05 9.9798E-05 9.9798E-05 9.9798E-05 9.9798E-05 9.9798E-05 9.9798E-05 9.9798E-05 9.9798E-05 9.9798E-05 9.9798E-05
9.98421E-05 9.98421E-05 9.98421E-05 0.0979371 9.98421E-05 9.98421E-05 9.98421E-05 0.176131 0.43007 9.98421E-05 0.101643 9.98421E-05 0.0637288 9.98421E-05 9.98421E-05 0.026838 9.98421E-05 9.98421E-05 9.98421E-05 9.98421E-05 9.98421E-05 9.98421E-05 0.101855 9.98421E-05 9.98421E-05
9.98507E-05 9.98507E-05 9.98507E-05 9.98507E-05 9.98507E-05 9.98507E-05 9.98507E-05 0.0991336 0.0971384 9.98507E-05 0.0367451 0.0421463 9.98507E-05 0.0516814 9.98507E-05 9.98507E-05 9.98507E-05 9.98507E-05 0.546336 9.98507E-05 0.0647731 9.98507E-05 0.0603486 9.98507E-05 9.98507E-05
9.9807E-05 9.9807E-05 9.9807E-05 9.9807E-05 9.9807E-05 9.9807E-05 9.9807E-05 0.39936 0.396094 9.9807E-05 0.20235 9.9807E-05 9.9807E-05 9.9807E-05 9.9807E-05 9.9807E-05 9.9807E-05 9.9807E-05 9.9807E-05 9.9807E-05 9.9807E-05 9.9807E-05 9.9807E-05 9.9807E-05 9.9807E-05
9.98331E-05 0.0919665 9.98331E-05 0.240812 9.98331E-05 9.98331E-05 9.98331E-05 0.335684 0.0219906 9.98331E-05 0.300205 9.98331E-05 9.98331E-05 9.98331E-05 9.98331E-05 9.98331E-05 9.98331E-05 9.98331E-05 9.98331E-05 9.98331E-05 9.98331E-05 9.98331E-05 0.00744535 9.98331E-05 9.98331E-05
9.98331E-05 9.98331E-05 9.98331E-05 9.98331E-05 9.98331E-05 9.98331E-05 9.98331E-05 9.98331E-05 0.360198 9.98331E-05 0.149153 9.98331E-05 9.98331E-05 0.00548207 9.98331E-05 9.98331E-05 9.98331E-05 9.98331E-05 0.195412 9.98331E-05 9.98331E-05 0.0839975 0.203861 9.98331E-05 9.98331E-05
9.98159E-05 9.98159E-05 9.98159E-05 0.333663 9.98159E-05 9.98159E-05 9.98159E-05 9.98159E-05 0.274108 9.98159E-05 9.98159E-05 9.98159E-05 9.98159E-05 9.98159E-05 9.98159E-05 0.161373 9.98159E-05 9.98159E-05 0.22876 9.98159E-05 9.98159E-05 9.98159E-05 9.98159E-05 9.98159E-05 9.98159E-05
9.98246E-05 9.98246E-05 9.98246E-05 0.039329 0.082614 9.98246E-05 9.98246E-05 0.787588 0.0456365 9.98246E-05 9.98246E-05 9.98246E-05 9.98246E-05 9.98246E-05 9.98246E-05 9.98246E-05 9.98246E-05 9.98246E-05 9.98246E-05 9.98246E-05 9.98246E-05 9.98246E-05 0.0428363 9.98246E-05 9.98246E-05
9.98332E-05 9.98332E-05 9.98332E-05 9.98332E-05 9.98332E-05 9.98332E-05 9.98332E-05 9.98332E-05 0.315896 9.98332E-05 0.0762024 9.98332E-05 0.0172072 0.0403249 9.98332E-05 9.98332E-05 9.98332E-05 0.0582665 0.490206 9.98332E-05 9.98332E-05 9.98332E-05 9.98332E-05 9.98332E-05 9.98332E-05
9.98245E-05 9.98245E-05 9.98245E-05 9.98245E-05 9.98245E-05 9.98245E-05 9.98245E-05 0.236862 0.0482407 9.98245E-05 0.151948 9.98245E-05 9.98245E-05 9.98245E-05 9.98245E-05 9.98245E-05 9.98245E-05 9.98245E-05 0.399521 9.98245E-05 9.98245E-05 9.98245E-05 0.161432 9.98245E-05 9.98245E-05
9.98595E-05 9.98595E-05 9.98595E-05 9.98595E-05 0.04007 9.98595E-05 9.98595E-05 0.340515 0.26439 9.98595E-05 0.00834328 0.000648741 9.98595E-05 0.155053 9.98595E-05 9.98595E-05 9.98595E-05 9.98595E-05 0.156029 9.98595E-05 0.00719764 9.98595E-05 0.0261562 9.98595E-05 9.98595E-05
9.98509E-05 0.0675293 9.98509E-05 0.0174806 0.0195604 9.98509E-05 9.98509E-05 9.98509E-05 0.755944 9.98509E-05 0.0205629 9.98509E-05 0.0313822 9.98509E-05 9.98509E-05 9.98509E-05 9.98509E-05 0.000214883 9.98509E-05 9.98509E-05 9.98509E-05 9.98509E-05 0.0856282 9.98509E-05 9.98509E-05
9.98421E-05 9.98421E-05 9.98421E-05 0.152528 9.98421E-05 9.98421E-05 9.98421E-05 0.244681 0.416264 9.98421E-05 9.98421E-05 9.98421E-05 9.98421E-05 9.98421E-05 0.0310192 0.0762228 9.98421E-05 9.98421E-05 9.98421E-05 0.00090755 9.98421E-05 9.98421E-05 0.0765798 9.98421E-05 9.98421E-05
9.98422E-05 9.98422E-05 9.98422E-05 9.98422E-05 0.0343556 9.98422E-05 9.98422E-05 0.312311 0.446542 0.0444711 0.109722 0.0287688 9.98422E-05 9.98422E-05 9.98422E-05 9.98422E-05 9.98422E-05 9.98422E-05 9.98422E-05 9.98422E-05 9.98422E-05 9.98422E-05 9.98422E-05 9.98422E-05 0.0220317
9.98072E-05 9.98072E-05 9.98072E-05 9.98072E-05 9.98072E-05 9.98072E-05 9.98072E-05 9.98072E-05 0.963393 9.98072E-05 9.98072E-05 0.0313276 9.98072E-05 9.98072E-05 9.98072E-05 9.98072E-05 0.00308374 9.98072E-05 9.98072E-05 9.98072E-05 9.98072E-05 9.98072E-05 9.98072E-05 9.98072E-05 9.98072E-05
9.98332E-05 9.98332E-05 9.98332E-05 9.98332E-05 0.436859 9.98332E-05 9.98332E-05 9.98332E-05 0.386957 9.98332E-05 0.0564193 9.98332E-05 0.040043 9.98332E-05 0.0503092 9.98332E-05 9.98332E-05 9.98332E-05 9.98332E-05 9.98332E-05 9.98332E-05 9.98332E-05 0.0275156 9.98332E-05 9.98332E-05
9.98245E-05 9.98245E-05 9.98245E-05 0.155508 9.98245E-05 9.98245E-05 9.98245E-05 9.98245E-05 0.680623 9.98245E-05 9.98245E-05 9.98245E-05 9.98245E-05 9.98245E-05 9.98245E-05 0.0798887 9.98245E-05 9.98245E-05 9.98245E-05 9.98245E-05 0.0177671 9.98245E-05 0.0642169 9.98245E-05 9.98245E-05
9.98071E-05 9.98071E-05 9.98071E-05 9.98071E-05 9.98071E-05 9.98071E-05 9.98071E-05 9.98071E-05 0.982239 9.98071E-05 0.00960367 9.98071E-05 9.98071E-05 9.98071E-05 9.98071E-05 0.00596143 9.98071E-05 9.98071E-05 9.98071E-05 9.98071E-05 9.98071E-05 9.98071E-05 9.98071E-05 9.98071E-05 9.98071E-05
9.98157E-05 9.98157E-05 9.98157E-05 9.98157E-05 9.98157E-05 9.98157E-05 9.98157E-05 0.521353 9.98157E-05 9.98157E-05 0.208304 9.98157E-05 9.98157E-05 9.98157E-05 0.0487023 9.98157E-05 9.98157E-05 9.98157E-05 9.98157E-05 9.98157E-05 9.98157E-05 9.98157E-05 0.219545 9.98157E-05 9.98157E-05
9.98244E-05 9.98244E-05 9.98244E-05 9.98244E-05 9.98244E-05 9.98244E-05 9.98244E-05 9.98244E-05 0.584621 9.98244E-05 0.0317926 9.98244E-05 9.98244E-05 9.98244E-05 9.98244E-05 9.98244E-05 9.98244E-05 9.98244E-05 0.334535 9.98244E-05 9.98244E-05 0.0433688 0.00368582 9.98244E-05 9.98244E-05
9.98244E-05 9.98244E-05 9.98244E-05 9.98244E-05 9.98244E-05 9.98244E-05 9.98244E-05 0.529396 0.028925 9.98244E-05 0.187262 9.98244E-05 9.98244E-05 9.98244E-05 0.00581389 9.98244E-05 9.98244E-05 9.98244E-05 9.98244E-05 9.98244E-05 9.98244E-05 9.98244E-05 0.246607 9.98244E-05 9.98244E-05
9.98157E-05 9.98157E-05 9.98157E-05 0.103813 9.98157E-05 9.98157E-05 9.98157E-05 9.98157E-05 9.98157E-05 9.98157E-05 0.0775921 9.98157E-05 9.98157E-05 9.98157E-05 9.98157E-05 9.98157E-05 9.98157E-05 9.98157E-05 0.726892 9.98157E-05 9.98157E-05 9.98157E-05 0.0896067 9.98157E-05 9.98157E-05
9.98158E-05 9.98158E-05 9.98158E-05 9.98158E-05 0.75738 9.98158E-05 0.0669782 9.98158E-05 0.16059 9.98158E-05 9.98158E-05 9.98158E-05 9.98158E-05 9.98158E-05 9.98158E-05 9.98158E-05 9.98158E-05 0.0129551 9.98158E-05 9.98158E-05 9.98158E-05 9.98158E-05 9.98158E-05 9.98158E-05 9.98158E-05
9.98419E-05 9.98419E-05 9.98419E-05 9.98419E-05 9.98419E-05 9.98419E-05 9.98419E-05 0.354531 0.521905 9.98419E-05 0.0339592 9.98419E-05 9.98419E-05 9.98419E-05 9.98419E-05 9.98419E-05 0.00104079 9.98419E-05 9.98419E-05 0.00106361 0.0171099 9.98419E-05 0.0685934 9.98419E-05 9.98419E-05
9.98246E-05 9.98246E-05 9.98246E-05 0.0364166 9.98246E-05 9.98246E-05 9.98246E-05 9.98246E-05 0.504766 9.98246E-05 0.240244 9.98246E-05 9.98246E-05 9.98246E-05 9.98246E-05 9.98246E-05 9.98246E-05 9.98246E-05 0.0627943 9.98246E-05 9.98246E-05 9.98246E-05 0.153782 9.98246E-05 9.98246E-05
9.98422E-05 9.98422E-05 9.98422E-05 9.98422E-05 0.0107898 9.98422E-05 9.98422E-05 0.430597 0.2525 9.98422E-05 9.98422E-05 0.0183197 9.98422E-05 9.98422E-05 0.046898 0.0834441 9.98422E-05 9.98422E-05 9.98422E-05 9.98422E-05 9.98422E-05 9.98422E-05 0.155654 9.98422E-05 9.98422E-05
0.0272467 9.9842E-05 9.9842E-05 9.9842E-05 9.9842E-05 9.9842E-05 9.9842E-05 0.159731 0.145434 9.9842E-05 0.0036089 0.0146006 9.9842E-05 9.9842E-05 9.9842E-05 9.9842E-05 9.9842E-05 9.9842E-05 0.491464 9.9842E-05 9.9842E-05 9.9842E-05 0.156117 9.9842E-05 9.9842E-05
0.0605815 9.98068E-05 9.98068E-05 9.98068E-05 9.98068E-05 9.98068E-05 9.98068E-05 9.98068E-05 0.640488 9.98068E-05 9.98068E-05 9.98068E-05 9.98068E-05 9.98068E-05 9.98068E-05 9.98068E-05 9.98068E-05 9.98068E-05 0.296735 9.98068E-05 9.98068E-05 9.98068E-05 9.98068E-05 9.98068E-05 9.98068E-05
9.98244E-05 9.98244E-05 9.98244E-05 9.98244E-05 9.98244E-05 9.98244E-05 9.98244E-05 0.198576 0.233598 9.98244E-05 0.266307 9.98244E-05 9.98244E-05 9.98244E-05 0.158495 9.98244E-05 9.98244E-05 9.98244E-05 9.98244E-05 9.98244E-05 9.98244E-05 9.98244E-05 0.141028 9.98244E-05 9.98244E-05
9.98331E-05 9.98331E-05 9.98331E-05 9.98331E-05 9.98331E-05 9.98331E-05 9.98331E-05 0.350178 0.467034 0.082644 9.98331E-05 9.98331E-05 9.98331E-05 9.98331E-05 9.98331E-05 9.98331E-05 9.98331E-05 9.98331E-05 9.98331E-05 0.00866207 9.98331E-05 0.00457204 0.0850132 9.98331E-05 9.98331E-05
9.98157E-05 9.98157E-05 9.98157E-05 9.98157E-05 9.98157E-05 9.98157E-05 9.98157E-05 0.0495674 0.49407 9.98157E-05 9.98157E-05 9.98157E-05 0.0969347 9.98157E-05 9.98157E-05 9.98157E-05 9.98157E-05 9.98157E-05 0.357332 9.98157E-05 9.98157E-05 9.98157E-05 9.98157E-05 9.98157E-05 9.98157E-05
9.98507E-05 0.198941 9.98507E-05 9.98507E-05 9.98507E-05 9.98507E-05 9.98507E-05 0.0110033 0.563404 9.98507E-05 0.0197327 0.00222794 0.0473723 9.98507E-05 9.98507E-05 0.0482838 9.98507E-05 9.98507E-05 0.107337 9.98507E-05 9.98507E-05 9.98507E-05 9.98507E-05 9.98507E-05 9.98507E-05
9.98243E-05 9.98243E-05 9.98243E-05 9.98243E-05 9.98243E-05 9.98243E-05 9.98243E-05 9.98243E-05 0.758322 9.98243E-05 0.0332324 0.0065693 9.98243E-05 0.0316464 9.98243E-05 9.98243E-05 9.98243E-05 9.98243E-05 9.98243E-05 9.98243E-05 9.98243E-05 9.98243E-05 0.168234 9.98243E-05 9.98243E-05
9.98158E-05 9.98158E-05 9.98158E-05 9.98158E-05 9.98158E-05 9.98158E-05 9.98158E-05 9.98158E-05 0.151727 9.98158E-05 9.98158E-05 9.98158E-05 9.98158E-05 9.98158E-05 9.98158E-05 0.722999 9.98158E-05 0.0706959 0.0524817 9.98158E-05 9.98158E-05 9.98158E-05 9.98158E-05 9.98158E-05 9.98158E-05
9.98334E-05 9.98334E-05 9.98334E-05 9.98334E-05 9.98334E-05 9.98334E-05 9.98334E-05 0.071572 0.513672 9.98334E-05 9.98334E-05 0.0099061 9.98334E-05 9.98334E-05 9.98334E-05 0.204731 9.98334E-05 9.98334E-05 0.108727 9.98334E-05 9.98334E-05 9.98334E-05 0.0894958 9.98334E-05 9.98334E-05
9.98072E-05 9.98072E-05 9.98072E-05 9.98072E-05 9.98072E-05 9.98072E-05 9.98072E-05 9.98072E-05 0.260554 9.98072E-05 9.98072E-05 9.98072E-05 9.98072E-05 9.98072E-05 9.98072E-05 0.0458566 9.98072E-05 9.98072E-05 0.691393 9.98072E-05 9.98072E-05 9.98072E-05 9.98072E-05 9.98072E-05 9.98072E-05
9.98246E-05 9.98246E-05 9.98246E-05 0.0275042 9.98246E-05 9.98246E-05 9.98246E-05 9.98246E-05 0.289981 9.98246E-05 0.00225421 9.98246E-05 9.98246E-05 9.98246E-05 9.98246E-05 0.530446 9.98246E-05 9.98246E-05 0.147818 9.98246E-05 9.98246E-05 9.98246E-05 9.98246E-05 9.98246E-05 9.98246E-05
9.98245E-05 9.98245E-05 9.98245E-05 0.128143 9.98245E-05 9.98245E-05 9.98245E-05 0.247442 0.279295 9.98245E-05 0.0650552 9.98245E-05 9.98245E-05 9.98245E-05 9.98245E-05 9.98245E-05 9.98245E-05 9.98245E-05 9.98245E-05 9.98245E-05 9.98245E-05 9.98245E-05 0.278068 9.98245E-05 9.98245E-05
9.98246E-05 0.0606914 9.98246E-05 9.98246E-05 9.98246E-05 9.98246E-05 9.98246E-05 9.98246E-05 0.690359 9.98246E-05 0.0839505 9.98246E-05 9.98246E-05 9.98246E-05 9.98246E-05 9.98246E-05 9.98246E-05 9.98246E-05 0.025606 0.137397 9.98246E-05 9.98246E-05 9.98246E-05 9.98246E-05 9.98246E-05
9.98245E-05 9.98245E-05 9.98245E-05 9.98245E-05 0.784359 9.98245E-05 9.98245E-05 0.00833704 9.98245E-05 9.98245E-05 0.129557 9.98245E-05 9.98245E-05 9.98245E-05 9.98245E-05 9.98245E-05 9.98245E-05 9.98245E-05 0.0428574 9.98245E-05 9.98245E-05 9.98245E-05 0.0328932 9.98245E-05 9.98245E-05
9.98157E-05 9.98157E-05 9.98157E-05 9.98157E-05 0.528088 9.98157E-05 9.98157E-05 0.00475399 9.98157E-05 9.98157E-05 9.98157E-05 9.98157E-05 9.98157E-05 9.98157E-05 9.98157E-05 9.98157E-05 9.98157E-05 9.98157E-05 0.458062 9.98157E-05 9.98157E-05 9.98157E-05 0.00699956 9.98157E-05 9.98157E-05
9.98332E-05 9.98332E-05 9.98332E-05 0.131984 9.98332E-05 9.98332E-05 9.98332E-05 0.340717 0.252611 0.00904993 0.163919 9.98332E-05 9.98332E-05 9.98332E-05 0.0998225 9.98332E-05 9.98332E-05 9.98332E-05 9.98332E-05 9.98332E-05 9.98332E-05 9.98332E-05 9.98332E-05 9.98332E-05 9.98332E-05
9.98595E-05 0.0315346 9.98595E-05 9.98595E-05 0.0295376 9.98595E-05 9.98595E-05 0.0545619 0.308435 9.98595E-05 0.0521058 9.98595E-05 9.98595E-05 9.98595E-05 9.98595E-05 9.98595E-05 9.98595E-05 9.98595E-05 0.215373 9.98595E-05 9.98595E-05 9.98595E-05 0.0413981 0.24256 0.0228961
9.98598E-05 9.98598E-05 9.98598E-05 0.112322 9.98598E-05 9.98598E-05 0.0392399 0.31179 0.162691 0.0713393 0.159083 9.98598E-05 9.98598E-05 9.98598E-05 9.98598E-05 9.98598E-05 9.98598E-05 9.98598E-05 0.0232246 0.0110706 9.98598E-05 9.98598E-05 0.107641 9.98598E-05 9.98598E-05
9.98246E-05 9.98246E-05 9.98246E-05 9.98246E-05 9.98246E-05 9.98246E-05 9.98246E-05 9.98246E-05 0.494503 0.178764 0.181984 9.98246E-05 9.98246E-05 9.98246E-05 0.0234122 9.98246E-05 9.98246E-05 9.98246E-05 9.98246E-05 9.98246E-05 9.98246E-05 9.98246E-05 0.11934 9.98246E-05 9.98246E-05
9.98157E-05 9.98157E-05 9.98157E-05 9.98157E-05 9.98157E-05 9.98157E-05 9.98157E-05 0.0804913 0.0352544 9.98157E-05 9.98157E-05 9.98157E-05 9.98157E-05 9.98157E-05 9.98157E-05 0.502886 9.98157E-05 9.98157E-05 0.379272 9.98157E-05 9.98157E-05 9.98157E-05 9.98157E-05 9.98157E-05 9.98157E-05
9.98245E-05 9.98245E-05 9.98245E-05 9.98245E-05 9.98245E-05 9.98245E-05 9.98245E-05 0.0400852 0.623772 9.98245E-05 9.98245E-05 9.98245E-05 0.205909 9.98245E-05 9.98245E-05 9.98245E-05 9.98245E-05 9.98245E-05 9.98245E-05 9.98245E-05 9.98245E-05 9.98245E-05 0.0906764 9.98245E-05 0.0375613
