9.99122E-05 9.99122E-05 9.99122E-05 0.148247 9.99122E-05 9.99122E-05 0.0578111 0.0756951 9.99122E-05 9.99122E-05 0.0337222 0.267927 9.99122E-05 9.99122E-05 0.0460385 0.36956 9.99122E-05
9.99034E-05 9.99034E-05 0.0415112 9.99034E-05 9.99034E-05 9.99034E-05 0.00980225 0.0190522 9.99034E-05 9.99034E-05 0.110733 0.181666 9.99034E-05 9.99034E-05 9.99034E-05 0.636137 9.99034E-05
9.99121E-05 0.0570005 9.99121E-05 9.99121E-05 0.00435773 9.99121E-05 9.99121E-05 0.0372899 0.0331588 0.0199297 9.99121E-05 9.99121E-05 9.99121E-05 9.99121E-05 0.00210579 0.845159 9.99121E-05
0.123033 0.0998886 0.0235002 0.115243 9.99298E-05 0.26443 0.0487479 0.0565676 9.99298E-05 9.99298E-05 9.99298E-05 9.99298E-05 9.99298E-05 9.99298E-05 9.99298E-05 0.255708 0.0120826
0.0527032 9.98947E-05 9.98947E-05 9.98947E-05 9.98947E-05 0.0212066 9.98947E-05 9.98947E-05 0.0293528 9.98947E-05 0.057724 9.98947E-05 9.98947E-05 9.98947E-05 9.98947E-05 0.837815 9.98947E-05
0.0227394 0.22614 9.9921E-05 9.9921E-05 9.9921E-05 0.0178018 9.9921E-05 9.9921E-05 0.160443 9.9921E-05 0.0360683 0.209975 9.9921E-05 9.9921E-05 9.9921E-05 0.185554 0.140379
9.99211E-05 9.99211E-05 9.99211E-05 0.167676 9.99211E-05 0.182759 0.131374 9.99211E-05 9.99211E-05 0.00987417 0.149785 0.079393 9.99211E-05 9.99211E-05 0.0637103 0.214529 9.99211E-05
0.0627145 9.99386E-05 9.99386E-05 0.0507514 0.0721171 0.110813 0.0293685 9.99386E-05 0.111944 0.0372782 9.99386E-05 0.107676 9.99386E-05 9.99386E-05 9.99386E-05 0.196536 0.220103
9.99035E-05 9.99035E-05 0.0824863 9.99035E-05 9.99035E-05 9.99035E-05 9.99035E-05 0.251844 9.99035E-05 9.99035E-05 0.00197933 9.99035E-05 9.99035E-05 9.99035E-05 0.158865 0.257712 0.246015
9.98684E-05 9.98684E-05 9.98684E-05 9.98684E-05 9.98684E-05 9.98684E-05 9.98684E-05 0.16957 9.98684E-05 9.98684E-05 9.98684E-05 9.98684E-05 9.98684E-05 9.98684E-05 9.98684E-05 0.828932 9.98684E-05
9.99034E-05 9.99034E-05 9.99034E-05 0.136688 9.99034E-05 9.99034E-05 0.0320425 0.203094 9.99034E-05 9.99034E-05 9.99034E-05 0.141404 9.99034E-05 9.99034E-05 9.99034E-05 0.46366 0.0220125
0.0289691 9.98946E-05 9.98946E-05 9.98946E-05 9.98946E-05 0.0435672 0.0287475 9.98946E-05 9.98946E-05 0.0272009 9.98946E-05 9.98946E-05 9.98946E-05 9.98946E-05 9.98946E-05 0.870317 9.98946E-05
9.98771E-05 9.98771E-05 9.98771E-05 0.127383 9.98771E-05 9.98771E-05 9.98771E-05 0.0832111 9.98771E-05 9.98771E-05 9.98771E-05 9.98771E-05 9.98771E-05 9.98771E-05 9.98771E-05 0.788007 9.98771E-05
9.99211E-05 0.122334 9.99211E-05 9.99211E-05 9.99211E-05 9.99211E-05 0.0156206 0.0859928 0.0438095 9.99211E-05 0.00848713 9.99211E-05 0.0248548 0.0507581 9.99211E-05 0.647243 9.99211E-05
9.99122E-05 0.112007 9.99122E-05 0.0507668 9.99122E-05 9.99122E-05 9.99122E-05 0.156552 9.99122E-05 9.99122E-05 9.99122E-05 0.176789 0.102771 9.99122E-05 9.99122E-05 0.256737 0.143378
9.9921E-05 9.9921E-05 9.9921E-05 0.113755 0.0146058 0.173672 9.9921E-05 0.0923331 9.9921E-05 0.0657921 9.9921E-05 0.168149 9.9921E-05 9.9921E-05 9.9921E-05 0.185601 0.185193
9.99122E-05 9.99122E-05 9.99122E-05 9.99122E-05 9.99122E-05 0.0253224 0.0593125 0.0815962 9.99122E-05 0.0276226 0.091695 9.99122E-05 9.99122E-05 0.128459 9.99122E-05 0.584993 9.99122E-05
0.000400083 9.99298E-05 0.0675896 0.100863 0.143667 9.99298E-05 9.99298E-05 0.177406 9.99298E-05 9.99298E-05 9.99298E-05 0.229777 9.99298E-05 9.99298E-05 0.0540789 0.158748 0.0666714
9.99297E-05 9.99297E-05 0.0510103 0.257893 9.99297E-05 0.00962133 0.013904 0.249741 9.99297E-05 9.99297E-05 9.99297E-05 9.99297E-05 0.0337816 9.99297E-05 0.0193347 0.245728 0.118188
9.98772E-05 9.98772E-05 0.0451058 9.98772E-05 9.98772E-05 9.98772E-05 9.98772E-05 0.0274482 9.98772E-05 9.98772E-05 9.98772E-05 9.98772E-05 9.98772E-05 9.98772E-05 9.98772E-05 0.926048 9.98772E-05
0.442317 9.9886E-05 9.9886E-05 9.9886E-05 9.9886E-05 9.9886E-05 0.0138448 9.9886E-05 9.9886E-05 9.9886E-05 9.9886E-05 9.9886E-05 9.9886E-05 9.9886E-05 9.9886E-05 0.409542 0.132998
0.0272174 0.00906481 9.99386E-05 0.338981 0.00217625 0.0543874 9.99386E-05 9.99386E-05 0.0751991 9.99386E-05 0.0185728 9.99386E-05 0.0118796 9.99386E-05 9.99386E-05 0.268555 0.193268
9.99035E-05 9.99035E-05 9.99035E-05 9.99035E-05 9.99035E-05 9.99035E-05 0.0520976 0.124344 9.99035E-05 9.99035E-05 9.99035E-05 0.250653 9.99035E-05 9.99035E-05 0.00552539 0.512958 0.0533231
9.98859E-05 9.98859E-05 9.98859E-05 0.339002 9.98859E-05 9.98859E-05 9.98859E-05 0.205058 9.98859E-05 9.98859E-05 9.98859E-05 9.98859E-05 9.98859E-05 9.98859E-05 0.0869344 0.367708 9.98859E-05
9.99209E-05 0.0974886 0.0710317 0.133697 9.99209E-05 9.99209E-05 0.0182986 0.243236 9.99209E-05 9.99209E-05 9.99209E-05 9.99209E-05 0.148725 9.99209E-05 9.99209E-05 0.266907 0.0197171
9.99034E-05 0.123189 9.99034E-05 0.19716 9.99034E-05 0.0382934 9.99034E-05 0.0561829 9.99034E-05 9.99034E-05 9.99034E-05 0.0246134 9.99034E-05 9.99034E-05 9.99034E-05 0.559462 9.99034E-05
9.99035E-05 0.304477 9.99035E-05 0.338244 0.206708 9.99035E-05 9.99035E-05 0.132123 9.99035E-05 0.00640029 9.99035E-05 9.99035E-05 9.99035E-05 9.99035E-05 9.99035E-05 9.99035E-05 0.0109486
9.98947E-05 0.0537881 9.98947E-05 0.143307 9.98947E-05 0.119109 9.98947E-05 0.0200522 9.98947E-05 9.98947E-05 9.98947E-05 9.98947E-05 9.98947E-05 9.98947E-05 9.98947E-05 0.662545 9.98947E-05
9.99123E-05 0.00974588 9.99123E-05 0.067835 9.99123E-05 9.99123E-05 0.0529508 0.221293 9.99123E-05 9.99123E-05 9.99123E-05 0.107259 9.99123E-05 9.99123E-05 0.0038465 0.536071 9.99123E-05
9.99298E-05 0.0265119 9.99298E-05 9.99298E-05 9.99298E-05 9.99298E-05 0.0190647 0.0681564 9.99298E-05 9.99298E-05 0.0505452 0.0159506 9.99298E-05 0.0102557 0.00145127 0.773584 0.033681
9.9921E-05 9.9921E-05 9.9921E-05 0.0573665 0.0313414 9.9921E-05 0.0905027 0.0444363 9.9921E-05 9.9921E-05 9.9921E-05 0.102681 0.0456875 9.9921E-05 9.9921E-05 0.605686 0.0213994
0.0437592 0.205755 9.99123E-05 0.0243218 9.99123E-05 9.99123E-05 0.039505 0.118184 9.99123E-05 9.99123E-05 9.99123E-05 0.0982688 9.99123E-05 9.99123E-05 9.99123E-05 0.469206 9.99123E-05
9.99122E-05 0.0586089 9.99122E-05 0.16515 9.99122E-05 9.99122E-05 0.0821323 0.0923842 9.99122E-05 0.0389189 9.99122E-05 0.0724171 9.99122E-05 9.99122E-05 9.99122E-05 0.489389 9.99122E-05
9.9921E-05 0.166116 9.9921E-05 0.172675 0.00529716 0.0691778 0.0150371 0.100175 9.9921E-05 9.9921E-05 9.9921E-05 9.9921E-05 9.9921E-05 9.9921E-05 0.0695939 0.40103 9.9921E-05
9.99298E-05 9.99298E-05 0.0053553 0.0122846 0.0213951 9.99298E-05 0.00331938 0.0380551 9.99298E-05 9.99298E-05 0.0782831 9.99298E-05 0.00136123 9.99298E-05 9.99298E-05 0.833604 0.00554282
9.9921E-05 9.9921E-05 0.0977914 0.113139 9.9921E-05 0.0424036 0.0533252 0.0553417 9.9921E-05 9.9921E-05 9.9921E-05 0.0567093 9.9921E-05 9.9921E-05 9.9921E-05 0.571247 0.0091429
9.9886E-05 9.9886E-05 9.9886E-05 9.9886E-05 9.9886E-05 0.0453238 0.0591822 9.9886E-05 9.9886E-05 0.0318851 9.9886E-05 9.9886E-05 9.9886E-05 9.9886E-05 9.9886E-05 0.86231 9.9886E-05
9.99035E-05 9.99035E-05 0.0763217 9.99035E-05 9.99035E-05 9.99035E-05 0.0268207 0.101453 9.99035E-05 9.99035E-05 0.00553109 9.99035E-05 9.99035E-05 9.99035E-05 9.99035E-05 0.647763 0.141012
9.99298E-05 9.99298E-05 9.99298E-05 0.0604861 9.99298E-05 0.0242761 0.0368349 0.0906959 0.105732 9.99298E-05 0.0610856 9.99298E-05 9.99298E-05 0.0878686 9.99298E-05 0.462725 0.0694966
9.98947E-05 0.209871 9.98947E-05 0.0149872 9.98947E-05 9.98947E-05 9.98947E-05 0.112957 9.98947E-05 0.142588 9.98947E-05 9.98947E-05 9.98947E-05 9.98947E-05 9.98947E-05 0.518398 9.98947E-05
9.98947E-05 9.98947E-05 9.98947E-05 0.174907 9.98947E-05 9.98947E-05 9.98947E-05 0.00592281 9.98947E-05 0.0249129 9.98947E-05 9.98947E-05 9.98947E-05 9.98947E-05 9.98947E-05 0.789744 0.00331427
9.99035E-05 9.99035E-05 9.99035E-05 0.316199 9.99035E-05 9.99035E-05 9.99035E-05 0.0633347 9.99035E-05 9.99035E-05 0.0256511 0.0186295 9.99035E-05 9.99035E-05 9.99035E-05 0.554387 0.0206997
9.9886E-05 9.9886E-05 9.9886E-05 9.9886E-05 0.00826439 9.9886E-05 9.9886E-05 9.9886E-05 9.9886E-05 9.9886E-05 0.124634 9.9886E-05 9.9886E-05 0.0599055 9.9886E-05 0.805897 9.9886E-05
9.99122E-05 9.99122E-05 9.99122E-05 0.124488 9.99122E-05 9.99122E-05 0.0384951 0.200488 9.99122E-05 9.99122E-05 9.99122E-05 0.223935 9.99122E-05 9.99122E-05 0.0490444 0.307809 0.0547416
9.99036E-05 9.99036E-05 0.00834189 0.223939 9.99036E-05 0.362613 9.99036E-05 0.135413 0.0951033 9.99036E-05 9.99036E-05 9.99036E-05 9.99036E-05 9.99036E-05 9.99036E-05 0.17349 9.99036E-05
0.0437381 9.98946E-05 0.056777 9.98946E-05 9.98946E-05 0.0170859 9.98946E-05 0.0588842 9.98946E-05 9.98946E-05 9.98946E-05 9.98946E-05 9.98946E-05 9.98946E-05 9.98946E-05 0.822316 9.98946E-05
9.9886E-05 9.9886E-05 9.9886E-05 9.9886E-05 9.9886E-05 9.9886E-05 0.104055 0.0853452 9.9886E-05 9.9886E-05 9.9886E-05 9.9886E-05 9.9886E-05 9.9886E-05 9.9886E-05 0.792177 0.0171242
9.99035E-05 9.99035E-05 9.99035E-05 9.99035E-05 9.99035E-05 9.99035E-05 9.99035E-05 0.00854432 0.00525671 9.99035E-05 0.00133725 0.0842594 0.00343014 9.99035E-05 9.99035E-05 0.896073 9.99035E-05
0.00367624 9.98947E-05 9.98947E-05 0.159533 9.98947E-05 9.98947E-05 0.0313003 0.175996 9.98947E-05 9.98947E-05 9.98947E-05 9.98947E-05 9.98947E-05 9.98947E-05 9.98947E-05 0.628295 9.98947E-05
9.99124E-05 9.99124E-05 0.0169331 0.00985467 9.99124E-05 9.99124E-05 0.0289433 9.99124E-05 0.0534224 0.0797361 9.99124E-05 9.99124E-05 9.99124E-05 9.99124E-05 9.99124E-05 0.773812 0.0362995
0.0654368 0.309673 9.9921E-05 0.00764708 9.9921E-05 0.0988196 0.11667 0.151411 9.9921E-05 9.9921E-05 9.9921E-05 9.9921E-05 9.9921E-05 9.9921E-05 9.9921E-05 0.230496 0.018948
9.9921E-05 9.9921E-05 0.0228597 0.181777 9.9921E-05 0.0450401 9.9921E-05 9.9921E-05 0.0378051 0.0100912 9.9921E-05 9.9921E-05 9.9921E-05 9.9921E-05 0.0263038 0.657137 0.0180871
9.9886E-05 9.9886E-05 9.9886E-05 9.9886E-05 0.0349176 9.9886E-05 9.9886E-05 0.0263174 9.9886E-05 9.9886E-05 9.9886E-05 9.9886E-05 0.038587 9.9886E-05 9.9886E-05 0.89888 9.9886E-05
9.99211E-05 9.99211E-05 9.99211E-05 0.00889232 0.01288 9.99211E-05 9.99211E-05 0.0764236 0.0170915 0.2353 9.99211E-05 0.00966314 9.99211E-05 9.99211E-05 9.99211E-05 0.619326 0.0195238
9.9886E-05 9.9886E-05 9.9886E-05 9.9886E-05 9.9886E-05 9.9886E-05 9.9886E-05 0.122865 9.9886E-05 9.9886E-05 9.9886E-05 0.00789349 0.150479 9.9886E-05 9.9886E-05 0.717464 9.9886E-05
0.034577 0.267327 9.98948E-05 9.98948E-05 9.98948E-05 9.98948E-05 9.98948E-05 9.98948E-05 0.00622405 9.98948E-05 9.98948E-05 0.078029 9.98948E-05 9.98948E-05 9.98948E-05 0.612644 9.98948E-05
0.0774132 9.99298E-05 9.99298E-05 0.0569004 0.0633012 0.0347 0.00755634 0.0288049 9.99298E-05 9.99298E-05 0.0406924 9.99298E-05 0.0467176 9.99298E-05 9.99298E-05 0.643115 9.99298E-05
9.9886E-05 9.9886E-05 9.9886E-05 9.9886E-05 9.9886E-05 0.0650575 0.0637796 0.096007 9.9886E-05 9.9886E-05 9.9886E-05 9.9886E-05 9.9886E-05 9.9886E-05 9.9886E-05 0.773857 9.9886E-05
0.00148693 9.99298E-05 9.99298E-05 0.0289764 9.99298E-05 0.00687934 0.0406275 0.0379183 0.00531734 9.99298E-05 0.0269079 9.99298E-05 9.99298E-05 9.99298E-05 9.99298E-05 0.849409 0.00167768
9.98946E-05 9.98946E-05 9.98946E-05 9.98946E-05 9.98946E-05 9.98946E-05 0.0300837 0.156581 9.98946E-05 9.98946E-05 0.0714569 0.702111 9.98946E-05 9.98946E-05 9.98946E-05 9.98946E-05 0.0385689
9.98685E-05 9.98685E-05 9.98685E-05 9.98685E-05 9.98685E-05 0.0876639 9.98685E-05 9.98685E-05 9.98685E-05 9.98685E-05 9.98685E-05 0.910838 9.98685E-05 9.98685E-05 9.98685E-05 9.98685E-05 9.98685E-05
9.98683E-05 9.98683E-05 9.98683E-05 9.98683E-05 0.00693849 9.98683E-05 9.98683E-05 9.98683E-05 9.98683E-05 9.98683E-05 9.98683E-05 0.991563 9.98683E-05 9.98683E-05 9.98683E-05 9.98683E-05 9.98683E-05
9.99034E-05 0.184287 9.99034E-05 9.99034E-05 0.00817109 9.99034E-05 9.99034E-05 0.0374797 9.99034E-05 9.99034E-05 0.263206 0.392224 9.99034E-05 9.99034E-05 9.99034E-05 9.99034E-05 0.113533
9.99121E-05 0.0521262 0.0775184 0.0977702 0.0292857 9.99121E-05 9.99121E-05 9.99121E-05 0.0374857 9.99121E-05 9.99121E-05 0.624939 9.99121E-05 9.99121E-05 9.99121E-05 9.99121E-05 0.0798753
9.98945E-05 9.98945E-05 9.98945E-05 0.0431091 9.98945E-05 9.98945E-05 0.0135918 0.185298 9.98945E-05 9.98945E-05 9.98945E-05 0.685918 9.98945E-05 9.98945E-05 9.98945E-05 9.98945E-05 0.0708844
9.99033E-05 9.99033E-05 9.99033E-05 9.99033E-05 9.99033E-05 0.111352 0.0551925 0.0259175 9.99033E-05 9.99033E-05 0.185664 0.546513 9.99033E-05 9.99033E-05 9.99033E-05 9.99033E-05 0.0742617
9.99032E-05 0.0795765 9.99032E-05 9.99032E-05 0.0854711 9.99032E-05 9.99032E-05 0.0862294 9.99032E-05 9.99032E-05 0.101925 0.574727 9.99032E-05 9.99032E-05 9.99032E-05 9.99032E-05 0.0709724
9.98596E-05 9.98596E-05 9.98596E-05 9.98596E-05 9.98596E-05 9.98596E-05 9.98596E-05 9.98596E-05 9.98596E-05 9.98596E-05 9.98596E-05 0.998402 9.98596E-05 9.98596E-05 9.98596E-05 9.98596E-05 9.98596E-05
9.98683E-05 9.98683E-05 9.98683E-05 9.98683E-05 9.98683E-05 9.98683E-05 0.0158191 9.98683E-05 9.98683E-05 9.98683E-05 9.98683E-05 0.982683 9.98683E-05 9.98683E-05 9.98683E-05 9.98683E-05 9.98683E-05
9.99121E-05 9.99121E-05 0.0030698 9.99121E-05 0.00745034 0.0609179 0.12531 0.279071 9.99121E-05 9.99121E-05 9.99121E-05 0.481197 9.99121E-05 9.99121E-05 9.99121E-05 9.99121E-05 0.0419842
9.99121E-05 9.99121E-05 9.99121E-05 0.146519 9.99121E-05 9.99121E-05 0.0865458 0.0638956 9.99121E-05 0.0846359 0.059652 0.441756 0.115996 9.99121E-05 9.99121E-05 9.99121E-05 9.99121E-05
0.142966 9.99121E-05 9.99121E-05 9.99121E-05 9.99121E-05 0.00112819 0.102593 9.99121E-05 0.00243577 0.0566735 9.99121E-05 0.506117 9.99121E-05 9.99121E-05 9.99121E-05 9.99121E-05 0.187088
0.0102864 9.98945E-05 9.98945E-05 0.190987 9.98945E-05 9.98945E-05 9.98945E-05 0.209747 9.98945E-05 9.98945E-05 0.0676404 0.52014 9.98945E-05 9.98945E-05 9.98945E-05 9.98945E-05 9.98945E-05
9.98774E-05 0.00553757 9.98774E-05 9.98774E-05 9.98774E-05 9.98774E-05 9.98774E-05 9.98774E-05 0.0285838 9.98774E-05 9.98774E-05 0.96448 9.98774E-05 9.98774E-05 9.98774E-05 9.98774E-05 9.98774E-05
0.00335091 9.9886E-05 9.9886E-05 9.9886E-05 9.9886E-05 0.0418281 9.9886E-05 9.9886E-05 9.9886E-05 9.9886E-05 9.9886E-05 0.868105 9.9886E-05 9.9886E-05 9.9886E-05 9.9886E-05 0.0854174
9.98857E-05 0.0902464 9.98857E-05 9.98857E-05 0.115615 9.98857E-05 9.98857E-05 9.98857E-05 9.98857E-05 0.0377703 9.98857E-05 0.75507 9.98857E-05 9.98857E-05 9.98857E-05 9.98857E-05 9.98857E-05
9.98946E-05 9.98946E-05 9.98946E-05 0.0519904 9.98946E-05 0.111008 0.103539 9.98946E-05 9.98946E-05 9.98946E-05 9.98946E-05 0.70414 9.98946E-05 9.98946E-05 9.98946E-05 9.98946E-05 0.0281245
9.98859E-05 9.98859E-05 9.98859E-05 9.98859E-05 0.0716811 9.98859E-05 0.0207395 0.0416612 9.98859E-05 9.98859E-05 9.98859E-05 0.86462 9.98859E-05 9.98859E-05 9.98859E-05 9.98859E-05 9.98859E-05
9.98945E-05 9.98945E-05 0.00193768 9.98945E-05 9.98945E-05 9.98945E-05 0.01612 0.228939 9.98945E-05 0.0918074 9.98945E-05 0.659997 9.98945E-05 9.98945E-05 9.98945E-05 9.98945E-05 9.98945E-05
9.98687E-05 9.98687E-05 9.98687E-05 9.98687E-05 9.98687E-05 9.98687E-05 9.98687E-05 9.98687E-05 9.98687E-05 9.98687E-05 9.98687E-05 0.960747 9.98687E-05 0.0377552 9.98687E-05 9.98687E-05 9.98687E-05
9.98769E-05 9.98769E-05 9.98769E-05 0.260934 9.98769E-05 9.98769E-05 9.98769E-05 0.0459384 9.98769E-05 9.98769E-05 9.98769E-05 0.691729 9.98769E-05 9.98769E-05 9.98769E-05 9.98769E-05 9.98769E-05
9.98947E-05 0.155612 9.98947E-05 0.0487902 9.98947E-05 9.98947E-05 9.98947E-05 0.038247 9.98947E-05 9.98947E-05 0.03227 0.723882 9.98947E-05 9.98947E-05 9.98947E-05 9.98947E-05 9.98947E-05
9.99122E-05 0.00984402 9.99122E-05 9.99122E-05 0.109512 0.136651 0.0239463 0.0555772 9.99122E-05 9.99122E-05 9.99122E-05 0.590029 9.99122E-05 9.99122E-05 9.99122E-05 9.99122E-05 0.0734423
9.98857E-05 9.98857E-05 9.98857E-05 0.00843724 9.98857E-05 9.98857E-05 0.158852 0.00147218 9.98857E-05 9.98857E-05 9.98857E-05 0.82994 9.98857E-05 9.98857E-05 9.98857E-05 9.98857E-05 9.98857E-05
9.98686E-05 9.98686E-05 9.98686E-05 9.98686E-05 9.98686E-05 9.98686E-05 9.98686E-05 9.98686E-05 9.98686E-05 9.98686E-05 9.98686E-05 0.956182 9.98686E-05 9.98686E-05 9.98686E-05 9.98686E-05 0.0423196
9.98597E-05 9.98597E-05 9.98597E-05 9.98597E-05 9.98597E-05 9.98597E-05 9.98597E-05 9.98597E-05 9.98597E-05 9.98597E-05 9.98597E-05 0.998402 9.98597E-05 9.98597E-05 9.98597E-05 9.98597E-05 9.98597E-05
9.98596E-05 9.98596E-05 9.98596E-05 9.98596E-05 9.98596E-05 9.98596E-05 9.98596E-05 9.98596E-05 9.98596E-05 9.98596E-05 9.98596E-05 0.998402 9.98596E-05 9.98596E-05 9.98596E-05 9.98596E-05 9.98596E-05
9.98771E-05 9.98771E-05 9.98771E-05 9.98771E-05 0.0979993 9.98771E-05 9.98771E-05 0.0263525 9.98771E-05 9.98771E-05 9.98771E-05 0.87425 9.98771E-05 9.98771E-05 9.98771E-05 9.98771E-05 9.98771E-05
9.9886E-05 9.9886E-05 9.9886E-05 9.9886E-05 9.9886E-05 9.9886E-05 9.9886E-05 0.198882 9.9886E-05 9.9886E-05 9.9886E-05 0.521566 9.9886E-05 0.174428 9.9886E-05 9.9886E-05 0.103825
9.98771E-05 0.803201 9.98771E-05 9.98771E-05 9.98771E-05 9.98771E-05 9.98771E-05 0.111561 9.98771E-05 9.98771E-05 9.98771E-05 9.98771E-05 9.98771E-05 9.98771E-05 9.98771E-05 9.98771E-05 0.0838403
9.98859E-05 0.558893 9.98859E-05 9.98859E-05 9.98859E-05 9.98859E-05 9.98859E-05 0.0255173 9.98859E-05 9.98859E-05 9.98859E-05 9.98859E-05 9.98859E-05 0.410863 9.98859E-05 9.98859E-05 0.00342887
9.9877E-05 0.876694 9.9877E-05 9.9877E-05 9.9877E-05 9.9877E-05 9.9877E-05 0.10645 0.015457 9.9877E-05 9.9877E-05 9.9877E-05 9.9877E-05 9.9877E-05 9.9877E-05 9.9877E-05 9.9877E-05
9.98857E-05 0.834296 9.98857E-05 9.98857E-05 9.98857E-05 9.98857E-05 0.00101063 0.137883 9.98857E-05 9.98857E-05 9.98857E-05 9.98857E-05 9.98857E-05 9.98857E-05 9.98857E-05 9.98857E-05 0.0255115
9.98769E-05 0.924234 9.98769E-05 9.98769E-05 9.98769E-05 9.98769E-05 9.98769E-05 9.98769E-05 0.0366405 9.98769E-05 9.98769E-05 9.98769E-05 9.98769E-05 9.98769E-05 9.98769E-05 9.98769E-05 0.0377275
9.9886E-05 0.717849 9.9886E-05 9.9886E-05 9.9886E-05 9.9886E-05 9.9886E-05 0.145087 9.9886E-05 9.9886E-05 0.0119763 9.9886E-05 9.9886E-05 9.9886E-05 9.9886E-05 9.9886E-05 0.123789
9.98947E-05 0.735012 9.98947E-05 0.0478632 9.98947E-05 9.98947E-05 0.0203791 0.109346 9.98947E-05 9.98947E-05 9.98947E-05 9.98947E-05 9.98947E-05 9.98947E-05 9.98947E-05 9.98947E-05 0.086201
9.98772E-05 0.828411 9.98772E-05 9.98772E-05 9.98772E-05 9.98772E-05 9.98772E-05 0.000894029 9.98772E-05 9.98772E-05 9.98772E-05 9.98772E-05 9.98772E-05 9.98772E-05 9.98772E-05 9.98772E-05 0.169297
9.98945E-05 0.353202 9.98945E-05 9.98945E-05 9.98945E-05 9.98945E-05 9.98945E-05 0.0293824 9.98945E-05 9.98945E-05 0.20837 9.98945E-05 0.0134215 9.98945E-05 9.98945E-05 9.98945E-05 0.394425
9.98771E-05 0.62307 9.98771E-05 9.98771E-05 9.98771E-05 9.98771E-05 9.98771E-05 0.236659 9.98771E-05 9.98771E-05 9.98771E-05 9.98771E-05 9.98771E-05 9.98771E-05 9.98771E-05 9.98771E-05 0.138873
9.98947E-05 0.498802 9.98947E-05 9.98947E-05 9.98947E-05 9.98947E-05 0.0406275 0.0140306 9.98947E-05 9.98947E-05 0.297012 9.98947E-05 9.98947E-05 0.148329 9.98947E-05 9.98947E-05 9.98947E-05
9.9886E-05 0.681327 9.9886E-05 9.9886E-05 9.9886E-05 9.9886E-05 9.9886E-05 0.150432 9.9886E-05 9.9886E-05 0.133684 9.9886E-05 9.9886E-05 0.0332586 9.9886E-05 9.9886E-05 9.9886E-05
9.98773E-05 0.910938 9.98773E-05 9.98773E-05 9.98773E-05 9.98773E-05 9.98773E-05 9.98773E-05 0.0226593 9.98773E-05 9.98773E-05 9.98773E-05 9.98773E-05 9.98773E-05 9.98773E-05 9.98773E-05 0.0650049
9.99036E-05 0.534518 9.99036E-05 9.99036E-05 9.99036E-05 9.99036E-05 0.000695783 0.23128 9.99036E-05 9.99036E-05 9.99036E-05 9.99036E-05 9.99036E-05 0.0405729 0.0494104 9.99036E-05 0.142425
9.99035E-05 0.741096 9.99035E-05 9.99035E-05 0.0890599 0.0338854 9.99035E-05 9.99035E-05 0.0323541 0.0644724 9.99035E-05 9.99035E-05 9.99035E-05 0.0380333 9.99035E-05 9.99035E-05 9.99035E-05
9.98947E-05 0.753439 9.98947E-05 9.98947E-05 9.98947E-05 0.00341331 0.00818054 0.132623 9.98947E-05 9.98947E-05 0.101146 9.98947E-05 9.98947E-05 9.98947E-05 9.98947E-05 9.98947E-05 9.98947E-05
9.99035E-05 0.705841 0.00789526 9.99035E-05 0.0172877 9.99035E-05 9.99035E-05 0.0406336 9.99035E-05 9.99035E-05 0.18843 9.99035E-05 9.99035E-05 9.99035E-05 9.99035E-05 9.99035E-05 0.0388131
9.99036E-05 0.672371 9.99036E-05 0.103855 9.99036E-05 9.99036E-05 9.99036E-05 9.99036E-05 0.0192505 9.99036E-05 9.99036E-05 9.99036E-05 9.99036E-05 0.0198649 9.99036E-05 0.00724348 0.176317
9.98598E-05 0.998402 9.98598E-05 9.98598E-05 9.98598E-05 9.98598E-05 9.98598E-05 9.98598E-05 9.98598E-05 9.98598E-05 9.98598E-05 9.98598E-05 9.98598E-05 9.98598E-05 9.98598E-05 9.98598E-05 9.98598E-05
9.99035E-05 0.593395 0.0766278 9.99035E-05 9.99035E-05 9.99035E-05 9.99035E-05 0.103258 9.99035E-05 9.99035E-05 9.99035E-05 0.0326237 9.99035E-05 0.0774619 9.99035E-05 9.99035E-05 0.115534
9.99035E-05 0.757666 9.99035E-05 9.99035E-05 9.99035E-05 0.0191186 9.99035E-05 0.102558 0.0120429 9.99035E-05 0.0787651 9.99035E-05 9.99035E-05 9.99035E-05 9.99035E-05 9.99035E-05 0.0287511
9.9877E-05 0.938611 9.9877E-05 9.9877E-05 9.9877E-05 9.9877E-05 9.9877E-05 0.0419734 9.9877E-05 9.9877E-05 9.9877E-05 9.9877E-05 9.9877E-05 9.9877E-05 9.9877E-05 9.9877E-05 0.0180171
9.98946E-05 0.434578 0.0890551 9.98946E-05 9.98946E-05 9.98946E-05 9.98946E-05 0.197682 9.98946E-05 9.98946E-05 0.070045 9.98946E-05 9.98946E-05 9.98946E-05 9.98946E-05 9.98946E-05 0.207442
9.98947E-05 0.740279 9.98947E-05 9.98947E-05 9.98947E-05 9.98947E-05 9.98947E-05 0.00994157 0.0161107 9.98947E-05 9.98947E-05 9.98947E-05 9.98947E-05 0.0975624 9.98947E-05 9.98947E-05 0.134908
0.00470896 0.453576 0.0511614 9.98946E-05 9.98946E-05 9.98946E-05 9.98946E-05 0.308403 9.98946E-05 9.98946E-05 9.98946E-05 9.98946E-05 9.98946E-05 9.98946E-05 9.98946E-05 9.98946E-05 0.180952
0.00228121 0.403512 9.99035E-05 9.99035E-05 9.99035E-05 9.99035E-05 9.99035E-05 0.181598 9.99035E-05 9.99035E-05 0.0929256 9.99035E-05 9.99035E-05 0.232631 9.99035E-05 9.99035E-05 0.085954
9.98947E-05 0.159822 9.98947E-05 9.98947E-05 9.98947E-05 9.98947E-05 9.98947E-05 0.113858 0.0649092 9.98947E-05 9.98947E-05 9.98947E-05 9.98947E-05 0.528713 0.131499 9.98947E-05 9.98947E-05
9.98769E-05 0.821643 9.98769E-05 9.98769E-05 9.98769E-05 9.98769E-05 9.98769E-05 0.103182 9.98769E-05 9.98769E-05 9.98769E-05 9.98769E-05 9.98769E-05 9.98769E-05 9.98769E-05 9.98769E-05 0.0737769
9.98859E-05 0.559088 9.98859E-05 9.98859E-05 9.98859E-05 9.98859E-05 9.98859E-05 0.158737 9.98859E-05 9.98859E-05 0.0252484 9.98859E-05 9.98859E-05 9.98859E-05 9.98859E-05 9.98859E-05 0.255629
9.98948E-05 0.754043 0.0368124 9.98948E-05 9.98948E-05 9.98948E-05 9.98948E-05 0.0987936 0.0936171 9.98948E-05 9.98948E-05 9.98948E-05 9.98948E-05 0.0155351 9.98948E-05 9.98948E-05 9.98948E-05
0.0150967 0.733809 9.98948E-05 9.98948E-05 9.98948E-05 9.98948E-05 9.98948E-05 0.204469 9.98948E-05 0.0147724 9.98948E-05 9.98948E-05 9.98948E-05 9.98948E-05 9.98948E-05 9.98948E-05 0.030654
9.98858E-05 0.965872 0.0202393 9.98858E-05 9.98858E-05 9.98858E-05 9.98858E-05 0.00936777 9.98858E-05 0.00322197 9.98858E-05 9.98858E-05 9.98858E-05 9.98858E-05 9.98858E-05 9.98858E-05 9.98858E-05
9.98945E-05 0.397195 0.125125 9.98945E-05 9.98945E-05 9.98945E-05 9.98945E-05 0.0851844 0.142694 9.98945E-05 9.98945E-05 9.98945E-05 9.98945E-05 9.98945E-05 9.98945E-05 9.98945E-05 0.248602
9.98769E-05 0.812043 9.98769E-05 0.131336 9.98769E-05 9.98769E-05 9.98769E-05 0.0552223 9.98769E-05 9.98769E-05 9.98769E-05 9.98769E-05 9.98769E-05 9.98769E-05 9.98769E-05 9.98769E-05 9.98769E-05
9.98683E-05 0.888948 9.98683E-05 9.98683E-05 9.98683E-05 9.98683E-05 9.98683E-05 0.109554 9.98683E-05 9.98683E-05 9.98683E-05 9.98683E-05 9.98683E-05 9.98683E-05 9.98683E-05 9.98683E-05 9.98683E-05
9.99035E-05 0.849962 9.99035E-05 0.0457607 9.99035E-05 9.99035E-05 0.0018383 9.99035E-05 9.99035E-05 9.99035E-05 9.99035E-05 9.99035E-05 0.0156172 0.0439613 9.99035E-05 9.99035E-05 0.0417611
9.98858E-05 0.689197 9.98858E-05 9.98858E-05 0.02796 9.98858E-05 9.98858E-05 0.196811 9.98858E-05 9.98858E-05 9.98858E-05 9.98858E-05 9.98858E-05 9.98858E-05 9.98858E-05 9.98858E-05 0.084734
9.98859E-05 0.376799 9.98859E-05 9.98859E-05 9.98859E-05 9.98859E-05 9.98859E-05 9.98859E-05 0.0278773 9.98859E-05 9.98859E-05 9.98859E-05 9.98859E-05 0.475551 9.98859E-05 9.98859E-05 0.118474
9.98948E-05 0.672397 9.98948E-05 9.98948E-05 9.98948E-05 9.98948E-05 0.00396378 0.112609 9.98948E-05 9.98948E-05 9.98948E-05 9.98948E-05 9.98948E-05 0.199303 9.98948E-05 9.98948E-05 0.0105289
9.98773E-05 0.705464 9.98773E-05 9.98773E-05 9.98773E-05 9.98773E-05 9.98773E-05 9.98773E-05 0.0444519 9.98773E-05 9.98773E-05 9.98773E-05 9.98773E-05 0.248686 9.98773E-05 9.98773E-05 9.98773E-05
9.98948E-05 0.57355 0.0308334 9.98948E-05 0.0259269 9.98948E-05 9.98948E-05 9.98948E-05 9.98948E-05 9.98948E-05 9.98948E-05 9.98948E-05 9.98948E-05 0.356129 9.98948E-05 9.98948E-05 0.012362
9.98858E-05 0.481707 9.98858E-05 9.98858E-05 9.98858E-05 9.98858E-05 9.98858E-05 0.301019 9.98858E-05 9.98858E-05 0.0760191 9.98858E-05 9.98858E-05 9.98858E-05 9.98858E-05 9.98858E-05 0.139957
9.98947E-05 0.824817 9.98947E-05 0.0228146 9.98947E-05 9.98947E-05 9.98947E-05 9.98947E-05 0.00428952 9.98947E-05 9.98947E-05 9.98947E-05 0.0567281 9.98947E-05 9.98947E-05 9.98947E-05 0.0901519
9.98946E-05 0.180993 0.0506299 9.98946E-05 9.98946E-05 9.98946E-05 9.98946E-05 0.0892563 9.98946E-05 9.98946E-05 9.98946E-05 9.98946E-05 9.98946E-05 0.53776 9.98946E-05 9.98946E-05 0.140162
9.98772E-05 0.57305 9.98772E-05 9.98772E-05 9.98772E-05 9.98772E-05 9.98772E-05 0.0795697 9.98772E-05 9.98772E-05 9.98772E-05 9.98772E-05 9.98772E-05 0.345982 9.98772E-05 9.98772E-05 9.98772E-05
9.99001E-05 0.398917 0.152865 0.010054 0.130301 9.99001E-05 9.99001E-05 0.0391442 9.99001E-05 9.99001E-05 0.0741921 9.99001E-05 9.99001E-05 9.99001E-05 9.99001E-05 9.99001E-05 0.193527
9.98859E-05 0.6733 9.98859E-05 9.98859E-05 9.98859E-05 9.98859E-05 9.98859E-05 0.058328 9.98859E-05 9.98859E-05 9.98859E-05 0.246666 9.98859E-05 0.0204075 9.98859E-05 9.98859E-05 9.98859E-05
9.99212E-05 0.552987 9.99212E-05 0.0148845 0.00724761 9.99212E-05 9.99212E-05 0.0563534 9.99212E-05 9.99212E-05 0.102351 9.99212E-05 9.99212E-05 0.0121447 0.0905698 9.99212E-05 0.162563
9.99035E-05 0.390748 0.0471599 0.0354729 9.99035E-05 9.99035E-05 0.0336074 0.231762 9.99035E-05 9.99035E-05 9.99035E-05 9.99035E-05 9.99035E-05 9.99035E-05 9.99035E-05 9.99035E-05 0.260151
9.98858E-05 0.51497 9.98858E-05 9.98858E-05 9.98858E-05 9.98858E-05 9.98858E-05 0.0240902 0.0138149 9.98858E-05 9.98858E-05 9.98858E-05 9.98858E-05 0.445827 9.98858E-05 9.98858E-05 9.98858E-05
9.9877E-05 0.711228 9.9877E-05 9.9877E-05 9.9877E-05 0.153362 9.9877E-05 0.134012 9.9877E-05 9.9877E-05 9.9877E-05 9.9877E-05 9.9877E-05 9.9877E-05 9.9877E-05 9.9877E-05 9.9877E-05
9.98947E-05 0.218015 9.98947E-05 9.98947E-05 9.98947E-05 9.98947E-05 9.98947E-05 0.00752062 0.0868109 9.98947E-05 9.98947E-05 9.98947E-05 9.98947E-05 0.559264 9.98947E-05 9.98947E-05 0.127191
9.98948E-05 0.617974 9.98948E-05 9.98948E-05 9.98948E-05 9.98948E-05 0.0222183 0.150543 9.98948E-05 9.98948E-05 9.98948E-05 9.98948E-05 9.98948E-05 0.154088 9.98948E-05 9.98948E-05 0.0539767
9.98771E-05 0.978117 9.98771E-05 9.98771E-05 9.98771E-05 9.98771E-05 9.98771E-05 9.98771E-05 9.98771E-05 0.0196995 9.98771E-05 9.98771E-05 9.98771E-05 9.98771E-05 9.98771E-05 9.98771E-05 0.000784707
9.98682E-05 0.908086 9.98682E-05 9.98682E-05 9.98682E-05 0.0904164 9.98682E-05 9.98682E-05 9.98682E-05 9.98682E-05 9.98682E-05 9.98682E-05 9.98682E-05 9.98682E-05 9.98682E-05 9.98682E-05 9.98682E-05
9.98858E-05 0.51816 9.98858E-05 9.98858E-05 9.98858E-05 9.98858E-05 9.98858E-05 0.192513 9.98858E-05 9.98858E-05 0.124278 9.98858E-05 9.98858E-05 9.98858E-05 9.98858E-05 9.98858E-05 0.163751
9.98771E-05 0.697607 9.98771E-05 9.98771E-05 9.98771E-05 9.98771E-05 9.98771E-05 0.127089 9.98771E-05 9.98771E-05 9.98771E-05 9.98771E-05 9.98771E-05 9.98771E-05 9.98771E-05 9.98771E-05 0.173906
9.98858E-05 0.966503 9.98858E-05 9.98858E-05 9.98858E-05 9.98858E-05 0.0116232 0.00571183 9.98858E-05 9.98858E-05 9.98858E-05 9.98858E-05 9.98858E-05 9.98858E-05 9.98858E-05 9.98858E-05 0.0148638
9.98772E-05 0.800408 0.143365 9.98772E-05 9.98772E-05 9.98772E-05 9.98772E-05 0.054829 9.98772E-05 9.98772E-05 9.98772E-05 9.98772E-05 9.98772E-05 9.98772E-05 9.98772E-05 9.98772E-05 9.98772E-05
9.98859E-05 0.698983 9.98859E-05 9.98859E-05 9.98859E-05 9.98859E-05 9.98859E-05 0.0610568 9.98859E-05 9.98859E-05 9.98859E-05 9.98859E-05 9.98859E-05 0.0919927 9.98859E-05 9.98859E-05 0.146669
9.98594E-05 9.98594E-05 9.98594E-05 9.98594E-05 9.98594E-05 9.98594E-05 9.98594E-05 0.998402 9.98594E-05 9.98594E-05 9.98594E-05 9.98594E-05 9.98594E-05 9.98594E-05 9.98594E-05 9.98594E-05 9.98594E-05
9.98682E-05 9.98682E-05 9.98682E-05 9.98682E-05 9.98682E-05 9.98682E-05 0.00933358 9.98682E-05 9.98682E-05 9.98682E-05 9.98682E-05 9.98682E-05 9.98682E-05 9.98682E-05 9.98682E-05 9.98682E-05 0.989168
9.98592E-05 9.98592E-05 9.98592E-05 9.98592E-05 9.98592E-05 9.98592E-05 9.98592E-05 0.998402 9.98592E-05 9.98592E-05 9.98592E-05 9.98592E-05 9.98592E-05 9.98592E-05 9.98592E-05 9.98592E-05 9.98592E-05
9.98592E-05 9.98592E-05 9.98592E-05 9.98592E-05 9.98592E-05 9.98592E-05 9.98592E-05 9.98592E-05 9.98592E-05 9.98592E-05 9.98592E-05 9.98592E-05 9.98592E-05 9.98592E-05 9.98592E-05 9.98592E-05 0.998402
9.98593E-05 9.98593E-05 9.98593E-05 9.98593E-05 9.98593E-05 9.98593E-05 9.98593E-05 9.98593E-05 9.98593E-05 9.98593E-05 9.98593E-05 9.98593E-05 9.98593E-05 9.98593E-05 9.98593E-05 9.98593E-05 0.998402
9.98593E-05 9.98593E-05 9.98593E-05 9.98593E-05 9.98593E-05 9.98593E-05 9.98593E-05 9.98593E-05 9.98593E-05 9.98593E-05 9.98593E-05 9.98593E-05 9.98593E-05 9.98593E-05 9.98593E-05 9.98593E-05 0.998402
9.98593E-05 9.98593E-05 9.98593E-05 9.98593E-05 9.98593E-05 9.98593E-05 9.98593E-05 0.998402 9.98593E-05 9.98593E-05 9.98593E-05 9.98593E-05 9.98593E-05 9.98593E-05 9.98593E-05 9.98593E-05 9.98593E-05
9.98593E-05 9.98593E-05 9.98593E-05 9.98593E-05 9.98593E-05 9.98593E-05 9.98593E-05 9.98593E-05 9.98593E-05 9.98593E-05 9.98593E-05 9.98593E-05 9.98593E-05 9.98593E-05 9.98593E-05 9.98593E-05 0.998402
9.98593E-05 9.98593E-05 9.98593E-05 9.98593E-05 9.98593E-05 9.98593E-05 9.98593E-05 9.98593E-05 9.98593E-05 9.98593E-05 9.98593E-05 9.98593E-05 9.98593E-05 9.98593E-05 9.98593E-05 9.98593E-05 0.998402
9.98593E-05 9.98593E-05 9.98593E-05 9.98593E-05 9.98593E-05 9.98593E-05 9.98593E-05 0.998402 9.98593E-05 9.98593E-05 9.98593E-05 9.98593E-05 9.98593E-05 9.98593E-05 9.98593E-05 9.98593E-05 9.98593E-05
9.98593E-05 9.98593E-05 9.98593E-05 9.98593E-05 9.98593E-05 9.98593E-05 9.98593E-05 0.998402 9.98593E-05 9.98593E-05 9.98593E-05 9.98593E-05 9.98593E-05 9.98593E-05 9.98593E-05 9.98593E-05 9.98593E-05
9.98593E-05 9.98593E-05 9.98593E-05 9.98593E-05 9.98593E-05 9.98593E-05 9.98593E-05 0.998402 9.98593E-05 9.98593E-05 9.98593E-05 9.98593E-05 9.98593E-05 9.98593E-05 9.98593E-05 9.98593E-05 9.98593E-05
9.98593E-05 9.98593E-05 9.98593E-05 9.98593E-05 9.98593E-05 9.98593E-05 9.98593E-05 9.98593E-05 9.98593E-05 9.98593E-05 9.98593E-05 9.98593E-05 9.98593E-05 9.98593E-05 9.98593E-05 9.98593E-05 0.998402
9.98593E-05 9.98593E-05 9.98593E-05 9.98593E-05 9.98593E-05 9.98593E-05 9.98593E-05 9.98593E-05 9.98593E-05 9.98593E-05 9.98593E-05 9.98593E-05 9.98593E-05 9.98593E-05 9.98593E-05 9.98593E-05 0.998402
9.98682E-05 9.98682E-05 9.98682E-05 9.98682E-05 0.0367678 9.98682E-05 9.98682E-05 0.961734 9.98682E-05 9.98682E-05 9.98682E-05 9.98682E-05 9.98682E-05 9.98682E-05 9.98682E-05 9.98682E-05 9.98682E-05
9.98593E-05 9.98593E-05 9.98593E-05 9.98593E-05 9.98593E-05 9.98593E-05 9.98593E-05 0.998402 9.98593E-05 9.98593E-05 9.98593E-05 9.98593E-05 9.98593E-05 9.98593E-05 9.98593E-05 9.98593E-05 9.98593E-05
9.99033E-05 0.625 9.99033E-05 9.99033E-05 9.99033E-05 0.169599 9.99033E-05 0.0974978 9.99033E-05 9.99033E-05 9.99033E-05 9.99033E-05 0.00644869 9.99033E-05 0.060939 9.99033E-05 0.0394163
9.98682E-05 9.98682E-05 9.98682E-05 9.98682E-05 9.98682E-05 9.98682E-05 9.98682E-05 0.995438 0.00306382 9.98682E-05 9.98682E-05 9.98682E-05 9.98682E-05 9.98682E-05 9.98682E-05 9.98682E-05 9.98682E-05
9.98594E-05 9.98594E-05 9.98594E-05 9.98594E-05 9.98594E-05 9.98594E-05 9.98594E-05 9.98594E-05 9.98594E-05 9.98594E-05 9.98594E-05 9.98594E-05 9.98594E-05 9.98594E-05 9.98594E-05 9.98594E-05 0.998402
9.98593E-05 9.98593E-05 9.98593E-05 9.98593E-05 9.98593E-05 9.98593E-05 9.98593E-05 0.998402 9.98593E-05 9.98593E-05 9.98593E-05 9.98593E-05 9.98593E-05 9.98593E-05 9.98593E-05 9.98593E-05 9.98593E-05
9.98594E-05 9.98594E-05 9.98594E-05 9.98594E-05 9.98594E-05 9.98594E-05 9.98594E-05 0.998402 9.98594E-05 9.98594E-05 9.98594E-05 9.98594E-05 9.98594E-05 9.98594E-05 9.98594E-05 9.98594E-05 9.98594E-05
9.98593E-05 9.98593E-05 9.98593E-05 9.98593E-05 9.98593E-05 9.98593E-05 9.98593E-05 0.998402 9.98593E-05 9.98593E-05 9.98593E-05 9.98593E-05 9.98593E-05 9.98593E-05 9.98593E-05 9.98593E-05 9.98593E-05
9.98593E-05 9.98593E-05 9.98593E-05 9.98593E-05 9.98593E-05 9.98593E-05 9.98593E-05 9.98593E-05 9.98593E-05 9.98593E-05 9.98593E-05 9.98593E-05 9.98593E-05 9.98593E-05 9.98593E-05 9.98593E-05 0.998402
9.98592E-05 9.98592E-05 9.98592E-05 9.98592E-05 9.98592E-05 9.98592E-05 9.98592E-05 0.998402 9.98592E-05 9.98592E-05 9.98592E-05 9.98592E-05 9.98592E-05 9.98592E-05 9.98592E-05 9.98592E-05 9.98592E-05
9.98593E-05 9.98593E-05 9.98593E-05 9.98593E-05 9.98593E-05 9.98593E-05 9.98593E-05 9.98593E-05 9.98593E-05 9.98593E-05 9.98593E-05 9.98593E-05 9.98593E-05 9.98593E-05 9.98593E-05 9.98593E-05 0.998402
9.98593E-05 9.98593E-05 9.98593E-05 9.98593E-05 9.98593E-05 9.98593E-05 9.98593E-05 0.998402 9.98593E-05 9.98593E-05 9.98593E-05 9.98593E-05 9.98593E-05 9.98593E-05 9.98593E-05 9.98593E-05 9.98593E-05
9.98593E-05 9.98593E-05 9.98593E-05 9.98593E-05 9.98593E-05 9.98593E-05 9.98593E-05 0.998402 9.98593E-05 9.98593E-05 9.98593E-05 9.98593E-05 9.98593E-05 9.98593E-05 9.98593E-05 9.98593E-05 9.98593E-05
9.98593E-05 9.98593E-05 9.98593E-05 9.98593E-05 9.98593E-05 9.98593E-05 9.98593E-05 9.98593E-05 9.98593E-05 9.98593E-05 9.98593E-05 9.98593E-05 9.98593E-05 9.98593E-05 9.98593E-05 9.98593E-05 0.998402
9.98593E-05 9.98593E-05 9.98593E-05 9.98593E-05 9.98593E-05 9.98593E-05 9.98593E-05 9.98593E-05 9.98593E-05 9.98593E-05 9.98593E-05 9.98593E-05 9.98593E-05 9.98593E-05 9.98593E-05 9.98593E-05 0.998402
9.98594E-05 9.98594E-05 9.98594E-05 9.98594E-05 9.98594E-05 9.98594E-05 9.98594E-05 9.98594E-05 9.98594E-05 9.98594E-05 9.98594E-05 9.98594E-05 9.98594E-05 9.98594E-05 9.98594E-05 9.98594E-05 0.998402
9.98594E-05 9.98594E-05 9.98594E-05 9.98594E-05 9.98594E-05 9.98594E-05 9.98594E-05 0.998402 9.98594E-05 9.98594E-05 9.98594E-05 9.98594E-05 9.98594E-05 9.98594E-05 9.98594E-05 9.98594E-05 9.98594E-05
9.98593E-05 9.98593E-05 9.98593E-05 9.98593E-05 9.98593E-05 9.98593E-05 9.98593E-05 0.998402 9.98593E-05 9.98593E-05 9.98593E-05 9.98593E-05 9.98593E-05 9.98593E-05 9.98593E-05 9.98593E-05 9.98593E-05
9.98593E-05 9.98593E-05 9.98593E-05 9.98593E-05 9.98593E-05 9.98593E-05 9.98593E-05 0.998402 9.98593E-05 9.98593E-05 9.98593E-05 9.98593E-05 9.98593E-05 9.98593E-05 9.98593E-05 9.98593E-05 9.98593E-05
9.98592E-05 9.98592E-05 9.98592E-05 9.98592E-05 9.98592E-05 9.98592E-05 9.98592E-05 0.998402 9.98592E-05 9.98592E-05 9.98592E-05 9.98592E-05 9.98592E-05 9.98592E-05 9.98592E-05 9.98592E-05 9.98592E-05
9.98593E-05 9.98593E-05 9.98593E-05 9.98593E-05 9.98593E-05 9.98593E-05 9.98593E-05 0.998402 9.98593E-05 9.98593E-05 9.98593E-05 9.98593E-05 9.98593E-05 9.98593E-05 9.98593E-05 9.98593E-05 9.98593E-05
9.98593E-05 9.98593E-05 9.98593E-05 9.98593E-05 9.98593E-05 9.98593E-05 9.98593E-05 9.98593E-05 9.98593E-05 9.98593E-05 9.98593E-05 9.98593E-05 9.98593E-05 9.98593E-05 9.98593E-05 9.98593E-05 0.998402
9.98594E-05 9.98594E-05 9.98594E-05 9.98594E-05 9.98594E-05 9.98594E-05 9.98594E-05 9.98594E-05 9.98594E-05 9.98594E-05 9.98594E-05 9.98594E-05 9.98594E-05 9.98594E-05 9.98594E-05 9.98594E-05 0.998402
9.98593E-05 9.98593E-05 9.98593E-05 9.98593E-05 9.98593E-05 9.98593E-05 9.98593E-05 9.98593E-05 9.98593E-05 9.98593E-05 9.98593E-05 9.98593E-05 9.98593E-05 9.98593E-05 9.98593E-05 9.98593E-05 0.998402
9.98593E-05 9.98593E-05 9.98593E-05 9.98593E-05 9.98593E-05 9.98593E-05 9.98593E-05 0.998402 9.98593E-05 9.98593E-05 9.98593E-05 9.98593E-05 9.98593E-05 9.98593E-05 9.98593E-05 9.98593E-05 9.98593E-05
9.98593E-05 9.98593E-05 9.98593E-05 9.98593E-05 9.98593E-05 9.98593E-05 9.98593E-05 9.98593E-05 9.98593E-05 9.98593E-05 9.98593E-05 9.98593E-05 9.98593E-05 9.98593E-05 9.98593E-05 9.98593E-05 0.998402
9.98593E-05 9.98593E-05 9.98593E-05 9.98593E-05 9.98593E-05 9.98593E-05 9.98593E-05 9.98593E-05 9.98593E-05 9.98593E-05 9.98593E-05 9.98593E-05 9.98593E-05 9.98593E-05 9.98593E-05 9.98593E-05 0.998402
9.98594E-05 9.98594E-05 9.98594E-05 9.98594E-05 9.98594E-05 9.98594E-05 9.98594E-05 9.98594E-05 9.98594E-05 9.98594E-05 9.98594E-05 9.98594E-05 9.98594E-05 9.98594E-05 9.98594E-05 9.98594E-05 0.998402
9.98592E-05 9.98592E-05 9.98592E-05 9.98592E-05 9.98592E-05 9.98592E-05 9.98592E-05 9.98592E-05 9.98592E-05 9.98592E-05 9.98592E-05 9.98592E-05 9.98592E-05 9.98592E-05 9.98592E-05 9.98592E-05 0.998402
9.98592E-05 9.98592E-05 9.98592E-05 9.98592E-05 9.98592E-05 9.98592E-05 9.98592E-05 0.998402 9.98592E-05 9.98592E-05 9.98592E-05 9.98592E-05 9.98592E-05 9.98592E-05 9.98592E-05 9.98592E-05 9.98592E-05
9.98593E-05 9.98593E-05 9.98593E-05 9.98593E-05 9.98593E-05 9.98593E-05 9.98593E-05 9.98593E-05 9.98593E-05 9.98593E-05 9.98593E-05 9.98593E-05 9.98593E-05 9.98593E-05 9.98593E-05 9.98593E-05 0.998402
9.98593E-05 9.98593E-05 9.98593E-05 9.98593E-05 9.98593E-05 9.98593E-05 9.98593E-05 9.98593E-05 9.98593E-05 9.98593E-05 9.98593E-05 9.98593E-05 9.98593E-05 9.98593E-05 9.98593E-05 9.98593E-05 0.998402
9.99033E-05 0.622743 9.99033E-05 9.99033E-05 9.99033E-05 0.176404 9.99033E-05 0.118672 9.99033E-05 0.00172853 9.99033E-05 9.99033E-05 0.0193539 9.99033E-05 0.0599999 9.99033E-05 9.99033E-05
9.98593E-05 9.98593E-05 9.98593E-05 9.98593E-05 9.98593E-05 9.98593E-05 9.98593E-05 0.998402 9.98593E-05 9.98593E-05 9.98593E-05 9.98593E-05 9.98593E-05 9.98593E-05 9.98593E-05 9.98593E-05 9.98593E-05
9.98593E-05 9.98593E-05 9.98593E-05 9.98593E-05 9.98593E-05 9.98593E-05 9.98593E-05 9.98593E-05 9.98593E-05 9.98593E-05 9.98593E-05 9.98593E-05 9.98593E-05 9.98593E-05 9.98593E-05 9.98593E-05 0.998402
9.98593E-05 9.98593E-05 9.98593E-05 9.98593E-05 9.98593E-05 9.98593E-05 9.98593E-05 9.98593E-05 9.98593E-05 9.98593E-05 9.98593E-05 9.98593E-05 9.98593E-05 9.98593E-05 9.98593E-05 9.98593E-05 0.998402
9.98594E-05 9.98594E-05 9.98594E-05 9.98594E-05 9.98594E-05 9.98594E-05 9.98594E-05 9.98594E-05 9.98594E-05 9.98594E-05 9.98594E-05 9.98594E-05 9.98594E-05 9.98594E-05 9.98594E-05 9.98594E-05 0.998402
9.98593E-05 9.98593E-05 9.98593E-05 9.98593E-05 9.98593E-05 9.98593E-05 9.98593E-05 9.98593E-05 9.98593E-05 9.98593E-05 9.98593E-05 9.98593E-05 9.98593E-05 9.98593E-05 9.98593E-05 9.98593E-05 0.998402
9.98682E-05 9.98682E-05 9.98682E-05 9.98682E-05 9.98682E-05 9.98682E-05 9.98682E-05 0.973005 9.98682E-05 9.98682E-05 9.98682E-05 9.98682E-05 9.98682E-05 9.98682E-05 9.98682E-05 9.98682E-05 0.0254972
9.98593E-05 9.98593E-05 9.98593E-05 9.98593E-05 9.98593E-05 9.98593E-05 9.98593E-05 9.98593E-05 9.98593E-05 9.98593E-05 9.98593E-05 9.98593E-05 9.98593E-05 9.98593E-05 9.98593E-05 9.98593E-05 0.998402
9.98592E-05 9.98592E-05 9.98592E-05 9.98592E-05 9.98592E-05 9.98592E-05 9.98592E-05 0.998402 9.98592E-05 9.98592E-05 9.98592E-05 9.98592E-05 9.98592E-05 9.98592E-05 9.98592E-05 9.98592E-05 9.98592E-05
9.98593E-05 9.98593E-05 9.98593E-05 9.98593E-05 9.98593E-05 9.98593E-05 9.98593E-05 9.98593E-05 9.98593E-05 9.98593E-05 9.98593E-05 9.98593E-05 9.98593E-05 9.98593E-05 9.98593E-05 9.98593E-05 0.998402
9.98592E-05 9.98592E-05 9.98592E-05 9.98592E-05 9.98592E-05 9.98592E-05 9.98592E-05 0.998402 9.98592E-05 9.98592E-05 9.98592E-05 9.98592E-05 9.98592E-05 9.98592E-05 9.98592E-05 9.98592E-05 9.98592E-05
9.98593E-05 9.98593E-05 9.98593E-05 9.98593E-05 9.98593E-05 9.98593E-05 9.98593E-05 9.98593E-05 9.98593E-05 9.98593E-05 9.98593E-05 9.98593E-05 9.98593E-05 9.98593E-05 9.98593E-05 9.98593E-05 0.998402
