0.067685 9.99385E-05 0.436405 0.0230223 9.99385E-05 0.0924351 0.0491786 0.02938 9.99385E-05 9.99385E-05 9.99385E-05 9.99385E-05 9.99385E-05 0.301195
0.0305554 0.00786647 0.776053 9.99386E-05 9.99386E-05 0.136118 9.99386E-05 0.0189181 9.99386E-05 0.00932545 9.99386E-05 9.99386E-05 9.99386E-05 0.0204638
0.0795548 0.0458204 0.849144 9.9921E-05 0.0223844 9.9921E-05 9.9921E-05 9.9921E-05 9.9921E-05 0.00219697 9.9921E-05 9.9921E-05 9.9921E-05 9.9921E-05
9.99473E-05 0.194223 0.209004 0.023266 9.99473E-05 9.99473E-05 0.0219084 0.0283416 9.99473E-05 0.137544 9.99473E-05 9.99473E-05 0.139688 0.245425
9.99298E-05 0.1186 0.839436 9.99298E-05 0.00646738 9.99298E-05 9.99298E-05 9.99298E-05 0.0141887 0.0109556 9.99298E-05 9.99298E-05 0.00955237 9.99298E-05
9.99386E-05 0.236958 0.303998 9.99386E-05 9.99386E-05 0.0509837 9.99386E-05 0.0270964 0.132147 9.99386E-05 9.99386E-05 9.99386E-05 0.206868 0.0412506
0.0788238 0.235819 0.237154 0.0589933 0.0397354 0.0819412 9.99474E-05 0.0971157 9.99474E-05 9.99474E-05 9.99474E-05 9.99474E-05 9.99474E-05 0.169818
9.99474E-05 0.127831 0.171329 9.99474E-05 0.0984604 9.99474E-05 0.1212 0.0841714 0.142449 9.99474E-05 9.99474E-05 9.99474E-05 0.0303098 0.22365
0.232335 9.99298E-05 0.281688 0.202706 9.99298E-05 0.0319042 9.99298E-05 0.0407028 0.209864 9.99298E-05 9.99298E-05 9.99298E-05 9.99298E-05 9.99298E-05
0.0370792 9.99034E-05 0.904007 0.0578149 9.99034E-05 9.99034E-05 9.99034E-05 9.99034E-05 9.99034E-05 9.99034E-05 9.99034E-05 9.99034E-05 9.99034E-05 9.99034E-05
0.193413 9.9921E-05 0.478831 9.9921E-05 9.9921E-05 9.9921E-05 9.9921E-05 0.144477 0.0335355 9.9921E-05 9.9921E-05 9.9921E-05 9.9921E-05 0.148844
9.9921E-05 0.0376742 0.859257 9.9921E-05 0.0377233 9.9921E-05 9.9921E-05 9.9921E-05 9.9921E-05 0.0508935 0.013553 9.9921E-05 9.9921E-05 9.9921E-05
0.060252 9.99034E-05 0.843117 9.99034E-05 9.99034E-05 9.99034E-05 9.99034E-05 9.99034E-05 9.99034E-05 9.99034E-05 9.99034E-05 9.99034E-05 9.99034E-05 0.0955324
0.0681816 9.99298E-05 0.715131 9.99298E-05 0.041904 9.99298E-05 9.99298E-05 0.0274221 9.99298E-05 9.99298E-05 9.99298E-05 9.99298E-05 0.137666 0.00889615
0.179068 9.99386E-05 0.348139 0.173589 9.99386E-05 9.99386E-05 9.99386E-05 9.99386E-05 0.0706677 0.021217 9.99386E-05 9.99386E-05 0.202122 0.00449805
0.0962856 0.0598693 0.260707 9.99473E-05 0.0879524 9.99473E-05 0.0956727 9.99473E-05 0.17536 9.99473E-05 9.99473E-05 9.99473E-05 0.0630745 0.160478
0.0527245 0.0655651 0.576222 9.99386E-05 0.0476146 0.0768081 0.0613578 9.99386E-05 9.99386E-05 9.99386E-05 9.99386E-05 0.119009 9.99386E-05 9.99386E-05
0.16256 9.99298E-05 0.144568 9.99298E-05 9.99298E-05 9.99298E-05 9.99298E-05 9.99298E-05 0.02576 0.0959653 0.167912 9.99298E-05 9.99298E-05 0.402435
0.197696 0.0387602 0.382087 9.99561E-05 9.99561E-05 9.99561E-05 0.035481 0.0712269 0.085594 0.00950415 0.0152317 9.99561E-05 9.99561E-05 0.16392
9.98947E-05 9.98947E-05 0.924531 9.98947E-05 9.98947E-05 9.98947E-05 9.98947E-05 9.98947E-05 9.98947E-05 0.0742706 9.98947E-05 9.98947E-05 9.98947E-05 9.98947E-05
0.00465271 0.335553 0.475934 9.9921E-05 9.9921E-05 9.9921E-05 9.9921E-05 0.0786634 0.104297 9.9921E-05 9.9921E-05 9.9921E-05 9.9921E-05 9.9921E-05
0.0050537 0.223241 0.25645 0.0364076 9.99474E-05 9.99474E-05 9.99474E-05 0.0744304 0.153168 9.99474E-05 0.00886053 9.99474E-05 9.99474E-05 0.241789
0.0505446 9.99298E-05 0.662049 9.99298E-05 9.99298E-05 0.105767 9.99298E-05 0.10257 0.00324386 9.99298E-05 9.99298E-05 9.99298E-05 0.0750261 9.99298E-05
0.303375 9.9921E-05 0.337446 0.105527 0.0182759 9.9921E-05 9.9921E-05 9.9921E-05 9.9921E-05 9.9921E-05 9.9921E-05 9.9921E-05 9.9921E-05 0.234477
0.258654 9.99473E-05 0.28094 0.0332684 9.99473E-05 9.99473E-05 9.99473E-05 0.0417129 0.0778991 0.0834635 9.99473E-05 9.99473E-05 0.179779 0.0436838
0.0890466 0.0876759 0.659033 9.99298E-05 0.0101824 9.99298E-05 9.99298E-05 9.99298E-05 9.99298E-05 9.99298E-05 9.99298E-05 9.99298E-05 0.151814 0.00144827
0.0421477 9.99209E-05 9.99209E-05 9.99209E-05 0.043435 9.99209E-05 9.99209E-05 9.99209E-05 9.99209E-05 9.99209E-05 0.140523 9.99209E-05 0.403871 0.369125
0.0587193 0.077468 0.829531 9.9921E-05 9.9921E-05 9.9921E-05 9.9921E-05 9.9921E-05 9.9921E-05 9.9921E-05 9.9921E-05 9.9921E-05 0.0260701 0.00731193
0.154138 9.99211E-05 0.560055 0.0453322 9.99211E-05 9.99211E-05 9.99211E-05 9.99211E-05 9.99211E-05 9.99211E-05 9.99211E-05 9.99211E-05 0.0730717 0.166503
0.108428 9.99386E-05 0.773981 0.00122391 9.99386E-05 9.99386E-05 0.00671806 9.99386E-05 0.0282195 9.99386E-05 9.99386E-05 0.0499959 0.0307335 9.99386E-05
0.0411827 9.99385E-05 0.656875 9.99385E-05 9.99385E-05 9.99385E-05 9.99385E-05 0.0941408 0.0308717 0.0167244 0.0173871 9.99385E-05 9.99385E-05 0.142119
0.0677911 0.060129 0.559557 9.99299E-05 9.99299E-05 9.99299E-05 9.99299E-05 0.0484736 9.99299E-05 9.99299E-05 9.99299E-05 9.99299E-05 0.220247 0.0430029
0.245489 9.99209E-05 0.46265 9.99209E-05 0.0600527 9.99209E-05 9.99209E-05 0.101382 9.99209E-05 9.99209E-05 9.99209E-05 9.99209E-05 9.99209E-05 0.129527
0.159076 9.99386E-05 0.529659 9.99386E-05 0.0140605 9.99386E-05 9.99386E-05 9.99386E-05 9.99386E-05 0.00563218 0.0382258 9.99386E-05 0.201048 0.0515985
9.99211E-05 9.99211E-05 0.820283 0.038908 9.99211E-05 9.99211E-05 9.99211E-05 0.00774649 9.99211E-05 0.0977284 0.0344347 9.99211E-05 9.99211E-05 9.99211E-05
0.0369583 0.0179144 0.627783 0.114221 9.99649E-05 0.0624971 0.0184083 0.0578337 0.02094 0.0141144 9.99649E-05 9.99649E-05 9.99649E-05 0.0289302
9.99035E-05 9.99035E-05 0.903711 9.99035E-05 0.067826 9.99035E-05 9.99035E-05 0.0273637 9.99035E-05 9.99035E-05 9.99035E-05 9.99035E-05 9.99035E-05 9.99035E-05
0.142257 9.99123E-05 0.686743 9.99123E-05 9.99123E-05 9.99123E-05 9.99123E-05 9.99123E-05 0.131198 0.0388029 9.99123E-05 9.99123E-05 9.99123E-05 9.99123E-05
0.200987 0.0546244 0.552593 9.99474E-05 9.99474E-05 0.0175972 9.99474E-05 0.0402598 0.0654887 9.99474E-05 9.99474E-05 0.0441071 0.0237427 9.99474E-05
0.163313 9.99122E-05 0.548965 9.99122E-05 0.168277 9.99122E-05 9.99122E-05 9.99122E-05 9.99122E-05 9.99122E-05 9.99122E-05 9.99122E-05 0.118446 9.99122E-05
0.0791857 0.0130765 0.846414 9.99298E-05 9.99298E-05 9.99298E-05 9.99298E-05 0.0227153 0.00908175 9.99298E-05 9.99298E-05 9.99298E-05 9.99298E-05 0.0287277
0.146718 9.99299E-05 0.572069 0.0114139 9.99299E-05 0.0248947 9.99299E-05 9.99299E-05 0.0216386 9.99299E-05 9.99299E-05 9.99299E-05 9.99299E-05 0.222466
9.99122E-05 0.0654578 0.84761 9.99122E-05 9.99122E-05 0.0477644 9.99122E-05 9.99122E-05 9.99122E-05 9.99122E-05 9.99122E-05 0.0381692 9.99122E-05 9.99122E-05
0.201927 9.99386E-05 0.443566 0.0220792 9.99386E-05 0.000666106 9.99386E-05 0.0389049 0.100228 9.99386E-05 9.99386E-05 9.99386E-05 9.99386E-05 0.191929
0.232793 0.135404 0.287128 9.99474E-05 9.99474E-05 9.99474E-05 0.0382368 0.0356053 9.99474E-05 0.0241389 0.00364177 9.99474E-05 9.99474E-05 0.242452
0.0319232 0.0195373 0.895855 9.99121E-05 9.99121E-05 9.99121E-05 9.99121E-05 9.99121E-05 9.99121E-05 0.051685 9.99121E-05 9.99121E-05 9.99121E-05 9.99121E-05
0.0885452 9.9921E-05 0.82826 9.9921E-05 9.9921E-05 9.9921E-05 9.9921E-05 0.0192915 0.0200826 9.9921E-05 0.0429217 9.9921E-05 9.9921E-05 9.9921E-05
0.0632979 9.99034E-05 0.917942 9.99034E-05 0.0176608 9.99034E-05 9.99034E-05 9.99034E-05 9.99034E-05 9.99034E-05 9.99034E-05 9.99034E-05 9.99034E-05 9.99034E-05
0.136237 0.0364338 0.633737 9.99209E-05 9.99209E-05 9.99209E-05 9.99209E-05 0.0137861 9.99209E-05 9.99209E-05 9.99209E-05 9.99209E-05 9.99209E-05 0.178907
9.99387E-05 9.99387E-05 0.782405 9.99387E-05 0.101356 0.0465174 9.99387E-05 0.0276522 0.0295102 0.0104841 0.00137589 9.99387E-05 9.99387E-05 9.99387E-05
0.222173 0.0419945 0.271054 0.0146521 9.99473E-05 9.99473E-05 9.99473E-05 0.125831 0.0393136 9.99473E-05 9.99473E-05 9.99473E-05 0.187709 0.0966721
9.99298E-05 0.115334 0.688994 0.0690727 9.99298E-05 9.99298E-05 0.0141352 9.99298E-05 9.99298E-05 0.0379629 9.99298E-05 9.99298E-05 9.99298E-05 0.0737022
0.00286076 9.99172E-05 0.869691 0.0107684 9.99172E-05 9.99172E-05 9.99172E-05 9.99172E-05 9.99172E-05 9.99172E-05 0.11568 9.99172E-05 9.99172E-05 9.99172E-05
0.0706563 9.99299E-05 0.603771 9.99299E-05 0.247487 9.99299E-05 9.99299E-05 0.0064731 0.0361017 9.99299E-05 0.0347115 9.99299E-05 9.99299E-05 9.99299E-05
0.174721 9.99211E-05 0.746328 0.067527 9.99211E-05 9.99211E-05 9.99211E-05 0.000938327 0.00958607 9.99211E-05 9.99211E-05 9.99211E-05 9.99211E-05 9.99211E-05
9.99298E-05 9.99298E-05 0.621005 9.99298E-05 0.00733034 9.99298E-05 9.99298E-05 0.0508194 9.99298E-05 0.0777607 9.99298E-05 9.99298E-05 0.23918 0.00310512
0.0292737 9.99121E-05 0.769988 9.99121E-05 9.99121E-05 0.0899612 9.99121E-05 9.99121E-05 9.99121E-05 9.99121E-05 0.109778 9.99121E-05 9.99121E-05 9.99121E-05
0.0887071 9.99123E-05 0.813454 9.99123E-05 9.99123E-05 9.99123E-05 0.0153326 0.0815068 9.99123E-05 9.99123E-05 9.99123E-05 9.99123E-05 9.99123E-05 9.99123E-05
0.026762 9.99298E-05 0.832823 9.99298E-05 9.99298E-05 9.99298E-05 0.0218442 0.012896 0.0525665 9.99298E-05 9.99298E-05 9.99298E-05 9.99298E-05 0.0523088
0.201114 9.99385E-05 9.99385E-05 9.99385E-05 9.99385E-05 0.188056 9.99385E-05 0.0115682 0.00685081 9.99385E-05 0.0554944 9.99385E-05 0.077262 0.458955
9.99124E-05 9.99124E-05 0.135615 0.0483895 9.99124E-05 0.163038 9.99124E-05 9.99124E-05 9.99124E-05 9.99124E-05 9.99124E-05 9.99124E-05 9.99124E-05 0.651958
9.99211E-05 9.99211E-05 0.04251 9.99211E-05 9.99211E-05 0.218957 9.99211E-05 9.99211E-05 9.99211E-05 9.99211E-05 0.174448 0.211758 9.99211E-05 0.351429
9.99298E-05 9.99298E-05 9.99298E-05 9.99298E-05 9.99298E-05 0.419066 9.99298E-05 9.99298E-05 0.098419 0.0233392 0.0938643 9.99298E-05 0.302795 0.0617175
0.129404 9.99297E-05 9.99297E-05 9.99297E-05 9.99297E-05 0.0549054 9.99297E-05 9.99297E-05 0.0810685 0.0685851 0.100921 9.99297E-05 9.99297E-05 0.564317
0.249237 9.99385E-05 9.99385E-05 0.00927888 9.99385E-05 0.0646713 0.00997149 9.99385E-05 0.015981 9.99385E-05 9.99385E-05 9.99385E-05 0.106569 0.543592
0.208867 9.99298E-05 9.99298E-05 0.006966 9.99298E-05 0.483745 9.99298E-05 0.0607885 9.99298E-05 9.99298E-05 0.0106188 9.99298E-05 9.99298E-05 0.228216
0.142413 9.99297E-05 9.99297E-05 9.99297E-05 9.99297E-05 0.246533 9.99297E-05 9.99297E-05 0.0448501 9.99297E-05 0.150018 9.99297E-05 0.137854 0.277533
0.0633212 9.99298E-05 9.99298E-05 0.0289221 9.99298E-05 0.172082 9.99298E-05 9.99298E-05 9.99298E-05 9.99298E-05 0.020239 0.158507 9.99298E-05 0.556129
0.0897012 9.99298E-05 0.121484 9.99298E-05 9.99298E-05 0.172633 0.0386872 0.047704 9.99298E-05 9.99298E-05 9.99298E-05 9.99298E-05 9.99298E-05 0.528991
0.349013 9.99385E-05 9.99385E-05 9.99385E-05 9.99385E-05 0.00813421 9.99385E-05 0.129398 0.114433 0.0229682 0.0702132 9.99385E-05 9.99385E-05 0.30514
0.111627 0.0270921 9.99385E-05 9.99385E-05 0.0765464 0.179561 0.120814 0.0458997 9.99385E-05 9.99385E-05 9.99385E-05 9.99385E-05 9.99385E-05 0.43776
0.0241014 0.0796809 9.99561E-05 9.99561E-05 0.0385589 0.0637505 0.144244 0.0587913 0.129193 9.99561E-05 9.99561E-05 9.99561E-05 0.145278 0.315902
0.307174 0.00404339 9.9921E-05 9.9921E-05 0.0274611 0.138804 9.9921E-05 9.9921E-05 9.9921E-05 9.9921E-05 9.9921E-05 9.9921E-05 9.9921E-05 0.521618
9.99562E-05 9.99562E-05 0.102366 0.0386418 0.0216226 0.0979963 0.0467454 0.00739551 9.99562E-05 9.99562E-05 9.99562E-05 0.0250315 0.126286 0.533415
0.11162 9.99474E-05 9.99474E-05 9.99474E-05 9.99474E-05 0.16508 0.0100569 0.0135405 0.0574924 9.99474E-05 0.0406351 0.140525 9.99474E-05 0.46045
0.0871136 0.0789989 9.99385E-05 9.99385E-05 0.00466573 0.143888 9.99385E-05 9.99385E-05 9.99385E-05 9.99385E-05 0.16783 9.99385E-05 0.19509 0.321714
0.0235083 9.99298E-05 9.99298E-05 9.99298E-05 9.99298E-05 9.99298E-05 0.088079 0.127362 0.0618713 9.99298E-05 0.035905 9.99298E-05 9.99298E-05 0.662475
0.142907 9.99299E-05 0.0251831 9.99299E-05 9.99299E-05 0.182787 9.99299E-05 9.99299E-05 0.00654248 9.99299E-05 0.207911 9.99299E-05 9.99299E-05 0.433871
0.313241 9.99473E-05 9.99473E-05 9.99473E-05 0.0643639 0.102788 0.0221607 0.00872139 9.99473E-05 9.99473E-05 0.0180847 9.99473E-05 0.0613407 0.4087
0.116532 9.99299E-05 9.99299E-05 9.99299E-05 0.0017669 0.0770763 9.99299E-05 9.99299E-05 9.99299E-05 9.99299E-05 0.0253568 0.27289 9.99299E-05 0.505578
0.00849376 9.99297E-05 9.99297E-05 9.99297E-05 0.0427603 0.0522526 9.99297E-05 9.99297E-05 9.99297E-05 9.99297E-05 0.0713886 9.99297E-05 0.185412 0.638893
0.0904105 9.99298E-05 0.0796659 9.99298E-05 9.99298E-05 0.110029 9.99298E-05 9.99298E-05 9.99298E-05 9.99298E-05 0.0214219 9.99298E-05 0.291194 0.406479
0.0671682 0.0790752 0.0019809 0.0421016 9.99474E-05 9.99474E-05 9.99474E-05 9.99474E-05 0.0855487 9.99474E-05 0.126014 9.99474E-05 0.131865 0.465647
0.12688 9.99385E-05 0.0709371 9.99385E-05 9.99385E-05 9.99385E-05 0.0582406 0.203228 0.00602878 9.99385E-05 9.99385E-05 0.0114778 9.99385E-05 0.522509
0.116659 9.99386E-05 0.123286 9.99386E-05 9.99386E-05 0.272241 9.99386E-05 0.00753352 0.0194027 9.99386E-05 9.99386E-05 0.0931676 9.99386E-05 0.367011
0.0443881 9.99386E-05 0.105457 9.99386E-05 9.99386E-05 0.0265547 0.0032169 9.99386E-05 9.99386E-05 9.99386E-05 0.0436545 0.148894 9.99386E-05 0.627136
0.164762 9.99212E-05 9.99212E-05 0.0101126 9.99212E-05 0.125914 9.99212E-05 9.99212E-05 9.99212E-05 9.99212E-05 9.99212E-05 0.131167 9.99212E-05 0.567146
0.151509 9.99211E-05 0.0994821 9.99211E-05 9.99211E-05 0.0239185 9.99211E-05 9.99211E-05 9.99211E-05 9.99211E-05 0.250834 9.99211E-05 9.99211E-05 0.473357
0.303473 9.99299E-05 0.0448868 9.99299E-05 9.99299E-05 0.067432 9.99299E-05 9.99299E-05 0.11945 9.99299E-05 9.99299E-05 0.239697 9.99299E-05 0.224262
0.103054 9.99034E-05 9.99034E-05 9.99034E-05 9.99034E-05 9.99034E-05 9.99034E-05 9.99034E-05 0.107901 9.99034E-05 9.99034E-05 9.99034E-05 0.787946 9.99034E-05
0.0245292 9.99122E-05 9.99122E-05 9.99122E-05 9.99122E-05 9.99122E-05 9.99122E-05 9.99122E-05 0.0217917 9.99122E-05 9.99122E-05 0.344592 0.608088 9.99122E-05
0.0933091 9.99122E-05 9.99122E-05 9.99122E-05 9.99122E-05 9.99122E-05 9.99122E-05 0.0279382 9.99122E-05 9.99122E-05 0.0241003 9.99122E-05 0.853653 9.99122E-05
0.112676 9.99121E-05 9.99121E-05 9.99121E-05 9.99121E-05 9.99121E-05 9.99121E-05 9.99121E-05 0.0346246 9.99121E-05 0.0156927 9.99121E-05 0.836007 9.99121E-05
9.99033E-05 9.99033E-05 9.99033E-05 9.99033E-05 9.99033E-05 9.99033E-05 0.00321159 9.99033E-05 0.0597545 9.99033E-05 9.99033E-05 9.99033E-05 0.935935 9.99033E-05
0.173683 9.99122E-05 9.99122E-05 9.99122E-05 9.99122E-05 0.00315311 9.99122E-05 9.99122E-05 0.138165 9.99122E-05 9.99122E-05 9.99122E-05 0.683999 9.99122E-05
0.06367 9.99122E-05 9.99122E-05 9.99122E-05 9.99122E-05 9.99122E-05 9.99122E-05 0.0289991 0.0800846 9.99122E-05 9.99122E-05 9.99122E-05 0.826247 9.99122E-05
9.98947E-05 9.98947E-05 9.98947E-05 9.98947E-05 9.98947E-05 9.98947E-05 9.98947E-05 9.98947E-05 0.151316 9.98947E-05 9.98947E-05 9.98947E-05 0.847486 9.98947E-05
9.99209E-05 9.99209E-05 9.99209E-05 9.99209E-05 9.99209E-05 0.298243 9.99209E-05 0.00723276 0.350438 9.99209E-05 9.99209E-05 9.99209E-05 0.336633 0.00655403
0.251313 9.99122E-05 9.99122E-05 9.99122E-05 9.99122E-05 9.99122E-05 0.0410533 9.99122E-05 0.154438 9.99122E-05 9.99122E-05 9.99122E-05 0.552196 9.99122E-05
9.99035E-05 9.99035E-05 9.99035E-05 9.99035E-05 9.99035E-05 0.297944 9.99035E-05 9.99035E-05 9.99035E-05 9.99035E-05 9.99035E-05 0.0752139 0.625743 9.99035E-05
0.0300292 9.99386E-05 0.0414972 9.99386E-05 9.99386E-05 0.158325 9.99386E-05 0.039123 9.99386E-05 0.00771824 9.99386E-05 0.00694244 0.715665 9.99386E-05
9.99035E-05 9.99035E-05 9.99035E-05 9.99035E-05 9.99035E-05 9.99035E-05 9.99035E-05 0.0369262 0.0743248 9.99035E-05 9.99035E-05 9.99035E-05 0.88765 9.99035E-05
0.146022 9.99036E-05 9.99036E-05 9.99036E-05 9.99036E-05 9.99036E-05 9.99036E-05 9.99036E-05 0.101943 9.99036E-05 9.99036E-05 9.99036E-05 0.750936 9.99036E-05
9.9921E-05 9.9921E-05 9.9921E-05 9.9921E-05 9.9921E-05 9.9921E-05 0.0330776 9.9921E-05 0.0774252 9.9921E-05 0.11434 0.00801097 0.766247 9.9921E-05
0.157647 9.99211E-05 9.99211E-05 9.99211E-05 9.99211E-05 0.0474163 9.99211E-05 0.0293787 0.0080708 9.99211E-05 9.99211E-05 9.99211E-05 0.756588 9.99211E-05
0.0207223 9.99474E-05 9.99474E-05 0.000198699 9.99474E-05 0.230003 9.99474E-05 9.99474E-05 0.0431794 0.133461 0.0290913 0.00194296 0.540801 9.99474E-05
9.99211E-05 9.99211E-05 0.0289782 9.99211E-05 9.99211E-05 9.99211E-05 0.0515951 9.99211E-05 0.0706726 9.99211E-05 9.99211E-05 9.99211E-05 0.77245 0.0754048
9.98948E-05 9.98948E-05 9.98948E-05 9.98948E-05 9.98948E-05 0.0293553 9.98948E-05 9.98948E-05 9.98948E-05 9.98948E-05 9.98948E-05 9.98948E-05 0.969446 9.98948E-05
0.0691896 9.99298E-05 9.99298E-05 9.99298E-05 0.0124434 9.99298E-05 9.99298E-05 9.99298E-05 0.0834717 0.17972 9.99298E-05 0.16475 0.489626 9.99298E-05
0.0659302 9.99123E-05 9.99123E-05 9.99123E-05 9.99123E-05 0.10049 9.99123E-05 9.99123E-05 0.0156593 9.99123E-05 9.99123E-05 9.99123E-05 0.816921 9.99123E-05
9.98946E-05 9.98946E-05 9.98946E-05 9.98946E-05 9.98946E-05 9.98946E-05 9.98946E-05 9.98946E-05 0.0395797 9.98946E-05 9.98946E-05 9.98946E-05 0.959222 9.98946E-05
0.161009 0.048841 9.99298E-05 9.99298E-05 9.99298E-05 0.0670103 9.99298E-05 9.99298E-05 0.245878 0.0543594 9.99298E-05 9.99298E-05 0.422103 9.99298E-05
0.0319641 9.99123E-05 9.99123E-05 9.99123E-05 9.99123E-05 9.99123E-05 9.99123E-05 9.99123E-05 0.155478 9.99123E-05 9.99123E-05 0.0168949 0.794664 9.99123E-05
0.254473 9.9921E-05 9.9921E-05 9.9921E-05 9.9921E-05 0.0192097 9.9921E-05 9.9921E-05 0.181174 0.0507289 9.9921E-05 9.9921E-05 0.493516 9.9921E-05
0.166402 9.99386E-05 9.99386E-05 9.99386E-05 0.00325776 9.99386E-05 9.99386E-05 9.99386E-05 0.185813 9.99386E-05 0.0108974 0.205309 0.427454 0.000167527
0.0563418 9.99298E-05 9.99298E-05 0.112705 9.99298E-05 9.99298E-05 0.00027756 9.99298E-05 9.99298E-05 0.100976 9.99298E-05 0.457167 0.271733 9.99298E-05
0.0595256 9.9912E-05 9.9912E-05 9.9912E-05 9.9912E-05 9.9912E-05 9.9912E-05 9.9912E-05 0.080316 0.0063079 9.9912E-05 9.9912E-05 0.852851 9.9912E-05
0.147391 9.99123E-05 9.99123E-05 9.99123E-05 9.99123E-05 0.0682317 9.99123E-05 9.99123E-05 0.23329 9.99123E-05 9.99123E-05 9.99123E-05 0.550088 9.99123E-05
0.0786523 9.99123E-05 9.99123E-05 9.99123E-05 9.99123E-05 9.99123E-05 9.99123E-05 0.0462913 9.99123E-05 0.0685151 9.99123E-05 9.99123E-05 0.805542 9.99123E-05
0.124494 9.99123E-05 9.99123E-05 9.99123E-05 9.99123E-05 0.0398766 9.99123E-05 9.99123E-05 0.105549 9.99123E-05 9.99123E-05 9.99123E-05 0.729081 9.99123E-05
9.98946E-05 9.98946E-05 9.98946E-05 9.98946E-05 9.98946E-05 9.98946E-05 9.98946E-05 9.98946E-05 9.98946E-05 0.0031975 9.98946E-05 9.98946E-05 0.995604 9.98946E-05
0.118198 9.99209E-05 9.99209E-05 9.99209E-05 9.99209E-05 9.99209E-05 9.99209E-05 0.0187701 0.287855 0.2024 9.99209E-05 9.99209E-05 0.371877 9.99209E-05
0.0019624 9.99209E-05 9.99209E-05 9.99209E-05 9.99209E-05 9.99209E-05 9.99209E-05 9.99209E-05 0.0588153 0.0203604 9.99209E-05 9.99209E-05 0.853727 0.0642358
0.00492996 9.98947E-05 9.98947E-05 9.98947E-05 9.98947E-05 9.98947E-05 9.98947E-05 9.98947E-05 9.98947E-05 9.98947E-05 9.98947E-05 9.98947E-05 0.993871 9.98947E-05
9.99298E-05 9.99298E-05 9.99298E-05 9.99298E-05 0.00599791 0.0658579 0.0179608 0.0280366 0.0634008 9.99298E-05 9.99298E-05 9.99298E-05 0.817947 9.99298E-05
0.153916 9.99209E-05 9.99209E-05 9.99209E-05 9.99209E-05 9.99209E-05 0.0311157 9.99209E-05 0.166355 9.99209E-05 0.00705127 9.99209E-05 0.640664 9.99209E-05
9.99034E-05 9.99034E-05 9.99034E-05 9.99034E-05 9.99034E-05 9.99034E-05 9.99034E-05 9.99034E-05 0.0960415 9.99034E-05 9.99034E-05 0.424784 0.478075 9.99034E-05
0.0201215 9.9921E-05 9.9921E-05 9.9921E-05 9.9921E-05 9.9921E-05 9.9921E-05 9.9921E-05 0.0180422 0.00597702 9.9921E-05 0.146739 0.808221 9.9921E-05
9.98948E-05 9.98948E-05 9.98948E-05 9.98948E-05 9.98948E-05 9.98948E-05 9.98948E-05 9.98948E-05 9.98948E-05 9.98948E-05 9.98948E-05 0.167021 0.83178 9.98948E-05
9.99211E-05 9.99211E-05 9.99211E-05 9.99211E-05 9.99211E-05 0.0389311 9.99211E-05 9.99211E-05 0.00343505 0.0117668 9.99211E-05 0.306242 0.638726 9.99211E-05
0.296549 9.99122E-05 9.99122E-05 9.99122E-05 9.99122E-05 0.145594 9.99122E-05 9.99122E-05 0.0877734 9.99122E-05 9.99122E-05 9.99122E-05 0.469085 9.99122E-05
9.99123E-05 0.00866696 9.99123E-05 9.99123E-05 9.99123E-05 9.99123E-05 9.99123E-05 0.00208534 0.167434 9.99123E-05 9.99123E-05 9.99123E-05 0.820815 9.99123E-05
0.0679634 9.9921E-05 9.9921E-05 9.9921E-05 9.9921E-05 9.9921E-05 9.9921E-05 9.9921E-05 0.180283 0.156657 9.9921E-05 0.433328 0.160869 9.9921E-05
0.0328788 9.9921E-05 0.0337088 9.9921E-05 9.9921E-05 9.9921E-05 9.9921E-05 9.9921E-05 0.00255129 9.9921E-05 9.9921E-05 0.387292 0.54267 9.9921E-05
0.0544605 9.99297E-05 9.99297E-05 9.99297E-05 9.99297E-05 0.105315 9.99297E-05 9.99297E-05 0.08683 0.100999 0.0156364 9.99297E-05 0.63596 9.99297E-05
0.128402 9.99386E-05 9.99386E-05 9.99386E-05 9.99386E-05 9.99386E-05 0.0241675 0.000791591 0.0867467 9.99386E-05 9.99386E-05 0.0303457 0.697354 0.0314929
0.0448932 9.99387E-05 9.99387E-05 0.0499113 0.00428081 0.179095 0.0585796 9.99387E-05 0.121395 9.99387E-05 9.99387E-05 9.99387E-05 0.541145 9.99387E-05
0.21612 9.99122E-05 9.99122E-05 9.99122E-05 9.99122E-05 9.99122E-05 9.99122E-05 9.99122E-05 0.244243 9.99122E-05 9.99122E-05 9.99122E-05 0.463707 0.0749316
0.00105755 9.99034E-05 9.99034E-05 9.99034E-05 9.99034E-05 9.99034E-05 9.99034E-05 9.99034E-05 9.99034E-05 9.99034E-05 9.99034E-05 0.344509 0.653335 9.99034E-05
0.116038 9.99122E-05 9.99122E-05 9.99122E-05 0.0337328 9.99122E-05 9.99122E-05 9.99122E-05 9.99122E-05 0.0606312 9.99122E-05 9.99122E-05 0.788598 9.99122E-05
9.9921E-05 9.9921E-05 9.9921E-05 9.9921E-05 9.9921E-05 0.00700861 9.9921E-05 0.000203847 0.127388 9.9921E-05 9.9921E-05 0.437572 0.426929 9.9921E-05
0.123759 9.99123E-05 9.99123E-05 9.99123E-05 9.99123E-05 9.99123E-05 9.99123E-05 9.99123E-05 0.116089 9.99123E-05 9.99123E-05 0.128111 0.631043 9.99123E-05
9.99209E-05 9.99209E-05 9.99209E-05 9.99209E-05 0.0358083 0.0899214 9.99209E-05 9.99209E-05 0.00965105 9.99209E-05 0.0161927 9.99209E-05 0.847527 9.99209E-05
0.0523367 9.99122E-05 9.99122E-05 9.99122E-05 9.99122E-05 9.99122E-05 9.99122E-05 9.99122E-05 9.99122E-05 0.021869 0.0118202 9.99122E-05 0.912975 9.99122E-05
0.148743 9.99122E-05 9.99122E-05 9.99122E-05 9.99122E-05 0.17951 9.99122E-05 9.99122E-05 0.200416 9.99122E-05 9.99122E-05 9.99122E-05 0.470332 9.99122E-05
0.0388817 9.99033E-05 9.99033E-05 9.99033E-05 9.99033E-05 9.99033E-05 9.99033E-05 9.99033E-05 0.120814 9.99033E-05 9.99033E-05 9.99033E-05 0.839205 9.99033E-05
9.99121E-05 9.99121E-05 9.99121E-05 9.99121E-05 0.0123062 9.99121E-05 9.99121E-05 0.0103241 0.0308044 9.99121E-05 9.99121E-05 9.99121E-05 0.945566 9.99121E-05
9.98947E-05 9.98947E-05 9.98947E-05 9.98947E-05 9.98947E-05 9.98947E-05 9.98947E-05 9.98947E-05 9.98947E-05 0.118989 9.98947E-05 9.98947E-05 0.879812 9.98947E-05
0.0219893 9.9921E-05 9.9921E-05 9.9921E-05 9.9921E-05 0.0340016 9.9921E-05 9.9921E-05 0.176599 9.9921E-05 9.9921E-05 0.0637753 0.702736 9.9921E-05
0.998701 9.98857E-05 9.98857E-05 9.98857E-05 9.98857E-05 9.98857E-05 9.98857E-05 9.98857E-05 9.98857E-05 9.98857E-05 9.98857E-05 9.98857E-05 9.98857E-05 9.98857E-05
9.98857E-05 9.98857E-05 9.98857E-05 9.98857E-05 9.98857E-05 9.98857E-05 9.98857E-05 9.98857E-05 0.998701 9.98857E-05 9.98857E-05 9.98857E-05 9.98857E-05 9.98857E-05
0.998701 9.98856E-05 9.98856E-05 9.98856E-05 9.98856E-05 9.98856E-05 9.98856E-05 9.98856E-05 9.98856E-05 9.98856E-05 9.98856E-05 9.98856E-05 9.98856E-05 9.98856E-05
9.98856E-05 9.98856E-05 9.98856E-05 9.98856E-05 9.98856E-05 9.98856E-05 9.98856E-05 9.98856E-05 0.998701 9.98856E-05 9.98856E-05 9.98856E-05 9.98856E-05 9.98856E-05
9.98856E-05 9.98856E-05 9.98856E-05 9.98856E-05 9.98856E-05 9.98856E-05 9.98856E-05 9.98856E-05 0.998701 9.98856E-05 9.98856E-05 9.98856E-05 9.98856E-05 9.98856E-05
9.98857E-05 9.98857E-05 9.98857E-05 9.98857E-05 9.98857E-05 9.98857E-05 9.98857E-05 9.98857E-05 0.998701 9.98857E-05 9.98857E-05 9.98857E-05 9.98857E-05 9.98857E-05
0.998701 9.98857E-05 9.98857E-05 9.98857E-05 9.98857E-05 9.98857E-05 9.98857E-05 9.98857E-05 9.98857E-05 9.98857E-05 9.98857E-05 9.98857E-05 9.98857E-05 9.98857E-05
9.98857E-05 9.98857E-05 9.98857E-05 9.98857E-05 9.98857E-05 9.98857E-05 9.98857E-05 9.98857E-05 0.998701 9.98857E-05 9.98857E-05 9.98857E-05 9.98857E-05 9.98857E-05
9.98857E-05 9.98857E-05 9.98857E-05 9.98857E-05 9.98857E-05 9.98857E-05 9.98857E-05 9.98857E-05 0.998701 9.98857E-05 9.98857E-05 9.98857E-05 9.98857E-05 9.98857E-05
0.998701 9.98857E-05 9.98857E-05 9.98857E-05 9.98857E-05 9.98857E-05 9.98857E-05 9.98857E-05 9.98857E-05 9.98857E-05 9.98857E-05 9.98857E-05 9.98857E-05 9.98857E-05
0.998701 9.98857E-05 9.98857E-05 9.98857E-05 9.98857E-05 9.98857E-05 9.98857E-05 9.98857E-05 9.98857E-05 9.98857E-05 9.98857E-05 9.98857E-05 9.98857E-05 9.98857E-05
0.998701 9.98857E-05 9.98857E-05 9.98857E-05 9.98857E-05 9.98857E-05 9.98857E-05 9.98857E-05 9.98857E-05 9.98857E-05 9.98857E-05 9.98857E-05 9.98857E-05 9.98857E-05
9.98857E-05 9.98857E-05 9.98857E-05 9.98857E-05 9.98857E-05 9.98857E-05 9.98857E-05 9.98857E-05 0.998701 9.98857E-05 9.98857E-05 9.98857E-05 9.98857E-05 9.98857E-05
9.98856E-05 9.98856E-05 9.98856E-05 9.98856E-05 9.98856E-05 9.98856E-05 9.98856E-05 9.98856E-05 0.998701 9.98856E-05 9.98856E-05 9.98856E-05 9.98856E-05 9.98856E-05
0.998701 9.98857E-05 9.98857E-05 9.98857E-05 9.98857E-05 9.98857E-05 9.98857E-05 9.98857E-05 9.98857E-05 9.98857E-05 9.98857E-05 9.98857E-05 9.98857E-05 9.98857E-05
0.998701 9.98856E-05 9.98856E-05 9.98856E-05 9.98856E-05 9.98856E-05 9.98856E-05 9.98856E-05 9.98856E-05 9.98856E-05 9.98856E-05 9.98856E-05 9.98856E-05 9.98856E-05
0.0477819 0.108786 9.99385E-05 0.119025 0.0944681 9.99385E-05 9.99385E-05 9.99385E-05 0.0626946 9.99385E-05 0.021323 9.99385E-05 0.545222 9.99385E-05
0.998701 9.98857E-05 9.98857E-05 9.98857E-05 9.98857E-05 9.98857E-05 9.98857E-05 9.98857E-05 9.98857E-05 9.98857E-05 9.98857E-05 9.98857E-05 9.98857E-05 9.98857E-05
9.98857E-05 9.98857E-05 9.98857E-05 9.98857E-05 9.98857E-05 9.98857E-05 9.98857E-05 9.98857E-05 0.998701 9.98857E-05 9.98857E-05 9.98857E-05 9.98857E-05 9.98857E-05
0.998701 9.98856E-05 9.98856E-05 9.98856E-05 9.98856E-05 9.98856E-05 9.98856E-05 9.98856E-05 9.98856E-05 9.98856E-05 9.98856E-05 9.98856E-05 9.98856E-05 9.98856E-05
0.998701 9.98856E-05 9.98856E-05 9.98856E-05 9.98856E-05 9.98856E-05 9.98856E-05 9.98856E-05 9.98856E-05 9.98856E-05 9.98856E-05 9.98856E-05 9.98856E-05 9.98856E-05
0.998701 9.98857E-05 9.98857E-05 9.98857E-05 9.98857E-05 9.98857E-05 9.98857E-05 9.98857E-05 9.98857E-05 9.98857E-05 9.98857E-05 9.98857E-05 9.98857E-05 9.98857E-05
9.98856E-05 9.98856E-05 9.98856E-05 9.98856E-05 9.98856E-05 9.98856E-05 9.98856E-05 9.98856E-05 0.998701 9.98856E-05 9.98856E-05 9.98856E-05 9.98856E-05 9.98856E-05
0.998701 9.98857E-05 9.98857E-05 9.98857E-05 9.98857E-05 9.98857E-05 9.98857E-05 9.98857E-05 9.98857E-05 9.98857E-05 9.98857E-05 9.98857E-05 9.98857E-05 9.98857E-05
9.98857E-05 9.98857E-05 9.98857E-05 9.98857E-05 9.98857E-05 9.98857E-05 9.98857E-05 9.98857E-05 0.998701 9.98857E-05 9.98857E-05 9.98857E-05 9.98857E-05 9.98857E-05
0.998701 9.98857E-05 9.98857E-05 9.98857E-05 9.98857E-05 9.98857E-05 9.98857E-05 9.98857E-05 9.98857E-05 9.98857E-05 9.98857E-05 9.98857E-05 9.98857E-05 9.98857E-05
0.998701 9.98856E-05 9.98856E-05 9.98856E-05 9.98856E-05 9.98856E-05 9.98856E-05 9.98856E-05 9.98856E-05 9.98856E-05 9.98856E-05 9.98856E-05 9.98856E-05 9.98856E-05
9.98858E-05 9.98858E-05 9.98858E-05 9.98858E-05 9.98858E-05 9.98858E-05 9.98858E-05 9.98858E-05 0.998701 9.98858E-05 9.98858E-05 9.98858E-05 9.98858E-05 9.98858E-05
9.98857E-05 9.98857E-05 9.98857E-05 9.98857E-05 9.98857E-05 9.98857E-05 9.98857E-05 9.98857E-05 0.998701 9.98857E-05 9.98857E-05 9.98857E-05 9.98857E-05 9.98857E-05
9.98858E-05 9.98858E-05 9.98858E-05 9.98858E-05 9.98858E-05 9.98858E-05 9.98858E-05 9.98858E-05 0.998701 9.98858E-05 9.98858E-05 9.98858E-05 9.98858E-05 9.98858E-05
0.998701 9.98857E-05 9.98857E-05 9.98857E-05 9.98857E-05 9.98857E-05 9.98857E-05 9.98857E-05 9.98857E-05 9.98857E-05 9.98857E-05 9.98857E-05 9.98857E-05 9.98857E-05
0.998701 9.98857E-05 9.98857E-05 9.98857E-05 9.98857E-05 9.98857E-05 9.98857E-05 9.98857E-05 9.98857E-05 9.98857E-05 9.98857E-05 9.98857E-05 9.98857E-05 9.98857E-05
0.998701 9.98856E-05 9.98856E-05 9.98856E-05 9.98856E-05 9.98856E-05 9.98856E-05 9.98856E-05 9.98856E-05 9.98856E-05 9.98856E-05 9.98856E-05 9.98856E-05 9.98856E-05
0.998701 9.98857E-05 9.98857E-05 9.98857E-05 9.98857E-05 9.98857E-05 9.98857E-05 9.98857E-05 9.98857E-05 9.98857E-05 9.98857E-05 9.98857E-05 9.98857E-05 9.98857E-05
0.998701 9.98856E-05 9.98856E-05 9.98856E-05 9.98856E-05 9.98856E-05 9.98856E-05 9.98856E-05 9.98856E-05 9.98856E-05 9.98856E-05 9.98856E-05 9.98856E-05 9.98856E-05
9.98856E-05 9.98856E-05 9.98856E-05 9.98856E-05 9.98856E-05 9.98856E-05 9.98856E-05 9.98856E-05 0.998701 9.98856E-05 9.98856E-05 9.98856E-05 9.98856E-05 9.98856E-05
9.98856E-05 9.98856E-05 9.98856E-05 9.98856E-05 9.98856E-05 9.98856E-05 9.98856E-05 9.98856E-05 0.998701 9.98856E-05 9.98856E-05 9.98856E-05 9.98856E-05 9.98856E-05
9.98857E-05 9.98857E-05 9.98857E-05 9.98857E-05 9.98857E-05 9.98857E-05 9.98857E-05 9.98857E-05 0.998701 9.98857E-05 9.98857E-05 9.98857E-05 9.98857E-05 9.98857E-05
0.998701 9.98856E-05 9.98856E-05 9.98856E-05 9.98856E-05 9.98856E-05 9.98856E-05 9.98856E-05 9.98856E-05 9.98856E-05 9.98856E-05 9.98856E-05 9.98856E-05 9.98856E-05
9.98857E-05 9.98857E-05 9.98857E-05 9.98857E-05 9.98857E-05 9.98857E-05 9.98857E-05 9.98857E-05 0.998701 9.98857E-05 9.98857E-05 9.98857E-05 9.98857E-05 9.98857E-05
9.98857E-05 9.98857E-05 9.98857E-05 9.98857E-05 9.98857E-05 9.98857E-05 9.98857E-05 9.98857E-05 0.998701 9.98857E-05 9.98857E-05 9.98857E-05 9.98857E-05 9.98857E-05
9.98856E-05 9.98856E-05 9.98856E-05 9.98856E-05 9.98856E-05 9.98856E-05 9.98856E-05 9.98856E-05 0.998701 9.98856E-05 9.98856E-05 9.98856E-05 9.98856E-05 9.98856E-05
9.98856E-05 9.98856E-05 9.98856E-05 9.98856E-05 9.98856E-05 9.98856E-05 9.98856E-05 9.98856E-05 0.998701 9.98856E-05 9.98856E-05 9.98856E-05 9.98856E-05 9.98856E-05
0.998701 9.98856E-05 9.98856E-05 9.98856E-05 9.98856E-05 9.98856E-05 9.98856E-05 9.98856E-05 9.98856E-05 9.98856E-05 9.98856E-05 9.98856E-05 9.98856E-05 9.98856E-05
9.98857E-05 9.98857E-05 9.98857E-05 9.98857E-05 9.98857E-05 9.98857E-05 9.98857E-05 9.98857E-05 0.998701 9.98857E-05 9.98857E-05 9.98857E-05 9.98857E-05 9.98857E-05
9.98856E-05 9.98856E-05 9.98856E-05 9.98856E-05 9.98856E-05 9.98856E-05 9.98856E-05 9.98856E-05 0.998701 9.98856E-05 9.98856E-05 9.98856E-05 9.98856E-05 9.98856E-05
0.0991476 0.0751059 9.99384E-05 0.08808 0.0775485 9.99384E-05 9.99384E-05 9.99384E-05 0.06302 0.0144902 9.99384E-05 9.99384E-05 0.581908 9.99384E-05
0.998701 9.98857E-05 9.98857E-05 9.98857E-05 9.98857E-05 9.98857E-05 9.98857E-05 9.98857E-05 9.98857E-05 9.98857E-05 9.98857E-05 9.98857E-05 9.98857E-05 9.98857E-05
9.98857E-05 9.98857E-05 9.98857E-05 9.98857E-05 9.98857E-05 9.98857E-05 9.98857E-05 9.98857E-05 0.998701 9.98857E-05 9.98857E-05 9.98857E-05 9.98857E-05 9.98857E-05
9.98857E-05 9.98857E-05 9.98857E-05 9.98857E-05 9.98857E-05 9.98857E-05 9.98857E-05 9.98857E-05 0.998701 9.98857E-05 9.98857E-05 9.98857E-05 9.98857E-05 9.98857E-05
9.98856E-05 9.98856E-05 9.98856E-05 9.98856E-05 9.98856E-05 9.98856E-05 9.98856E-05 9.98856E-05 0.998701 9.98856E-05 9.98856E-05 9.98856E-05 9.98856E-05 9.98856E-05
9.98857E-05 9.98857E-05 9.98857E-05 9.98857E-05 9.98857E-05 9.98857E-05 9.98857E-05 9.98857E-05 0.998701 9.98857E-05 9.98857E-05 9.98857E-05 9.98857E-05 9.98857E-05
0.998701 9.98856E-05 9.98856E-05 9.98856E-05 9.98856E-05 9.98856E-05 9.98856E-05 9.98856E-05 9.98856E-05 9.98856E-05 9.98856E-05 9.98856E-05 9.98856E-05 9.98856E-05
9.98856E-05 9.98856E-05 9.98856E-05 9.98856E-05 9.98856E-05 9.98856E-05 9.98856E-05 9.98856E-05 0.998701 9.98856E-05 9.98856E-05 9.98856E-05 9.98856E-05 9.98856E-05
0.998701 9.98856E-05 9.98856E-05 9.98856E-05 9.98856E-05 9.98856E-05 9.98856E-05 9.98856E-05 9.98856E-05 9.98856E-05 9.98856E-05 9.98856E-05 9.98856E-05 9.98856E-05
9.98856E-05 9.98856E-05 9.98856E-05 9.98856E-05 9.98856E-05 9.98856E-05 9.98856E-05 9.98856E-05 0.998701 9.98856E-05 9.98856E-05 9.98856E-05 9.98856E-05 9.98856E-05
0.998701 9.98856E-05 9.98856E-05 9.98856E-05 9.98856E-05 9.98856E-05 9.98856E-05 9.98856E-05 9.98856E-05 9.98856E-05 9.98856E-05 9.98856E-05 9.98856E-05 9.98856E-05
9.98857E-05 9.98857E-05 9.98857E-05 9.98857E-05 9.98857E-05 9.98857E-05 9.98857E-05 9.98857E-05 0.998701 9.98857E-05 9.98857E-05 9.98857E-05 9.98857E-05 9.98857E-05
9.98857E-05 9.98857E-05 9.98857E-05 9.98857E-05 9.98857E-05 9.98857E-05 9.98857E-05 9.98857E-05 0.998701 9.98857E-05 9.98857E-05 9.98857E-05 9.98857E-05 9.98857E-05
9.98857E-05 9.98857E-05 9.98857E-05 9.98857E-05 9.98857E-05 9.98857E-05 9.98857E-05 9.98857E-05 0.998701 9.98857E-05 9.98857E-05 9.98857E-05 9.98857E-05 9.98857E-05
9.98857E-05 9.98857E-05 9.98857E-05 9.98857E-05 9.98857E-05 9.98857E-05 9.98857E-05 9.98857E-05 0.998701 9.98857E-05 9.98857E-05 9.98857E-05 9.98857E-05 9.98857E-05
9.98857E-05 9.98857E-05 9.98857E-05 9.98857E-05 9.98857E-05 9.98857E-05 9.98857E-05 9.98857E-05 0.998701 9.98857E-05 9.98857E-05 9.98857E-05 9.98857E-05 9.98857E-05
9.98856E-05 9.98856E-05 9.98856E-05 9.98856E-05 9.98856E-05 9.98856E-05 9.98856E-05 9.98856E-05 0.998701 9.98856E-05 9.98856E-05 9.98856E-05 9.98856E-05 9.98856E-05
0.998701 9.98857E-05 9.98857E-05 9.98857E-05 9.98857E-05 9.98857E-05 9.98857E-05 9.98857E-05 9.98857E-05 9.98857E-05 9.98857E-05 9.98857E-05 9.98857E-05 9.98857E-05
0.998701 9.98856E-05 9.98856E-05 9.98856E-05 9.98856E-05 9.98856E-05 9.98856E-05 9.98856E-05 9.98856E-05 9.98856E-05 9.98856E-05 9.98856E-05 9.98856E-05 9.98856E-05
0.998701 9.98857E-05 9.98857E-05 9.98857E-05 9.98857E-05 9.98857E-05 9.98857E-05 9.98857E-05 9.98857E-05 9.98857E-05 9.98857E-05 9.98857E-05 9.98857E-05 9.98857E-05
9.98856E-05 9.98856E-05 9.98856E-05 9.98856E-05 9.98856E-05 9.98856E-05 9.98856E-05 9.98856E-05 0.998701 9.98856E-05 9.98856E-05 9.98856E-05 9.98856E-05 9.98856E-05
0.998701 9.98856E-05 9.98856E-05 9.98856E-05 9.98856E-05 9.98856E-05 9.98856E-05 9.98856E-05 9.98856E-05 9.98856E-05 9.98856E-05 9.98856E-05 9.98856E-05 9.98856E-05
0.998701 9.98857E-05 9.98857E-05 9.98857E-05 9.98857E-05 9.98857E-05 9.98857E-05 9.98857E-05 9.98857E-05 9.98857E-05 9.98857E-05 9.98857E-05 9.98857E-05 9.98857E-05
0.957221 9.99033E-05 9.99033E-05 9.99033E-05 0.0156631 9.99033E-05 9.99033E-05 0.0260173 9.99033E-05 9.99033E-05 9.99033E-05 9.99033E-05 9.99033E-05 9.99033E-05
9.98857E-05 9.98857E-05 9.98857E-05 9.98857E-05 9.98857E-05 9.98857E-05 9.98857E-05 9.98857E-05 0.998701 9.98857E-05 9.98857E-05 9.98857E-05 9.98857E-05 9.98857E-05
9.98856E-05 9.98856E-05 9.98856E-05 9.98856E-05 9.98856E-05 9.98856E-05 9.98856E-05 9.98856E-05 0.998701 9.98856E-05 9.98856E-05 9.98856E-05 9.98856E-05 9.98856E-05
9.98857E-05 9.98857E-05 9.98857E-05 9.98857E-05 9.98857E-05 9.98857E-05 9.98857E-05 9.98857E-05 0.998701 9.98857E-05 9.98857E-05 9.98857E-05 9.98857E-05 9.98857E-05
0.998701 9.98856E-05 9.98856E-05 9.98856E-05 9.98856E-05 9.98856E-05 9.98856E-05 9.98856E-05 9.98856E-05 9.98856E-05 9.98856E-05 9.98856E-05 9.98856E-05 9.98856E-05
9.98856E-05 9.98856E-05 9.98856E-05 9.98856E-05 9.98856E-05 9.98856E-05 9.98856E-05 9.98856E-05 0.998701 9.98856E-05 9.98856E-05 9.98856E-05 9.98856E-05 9.98856E-05
9.98856E-05 9.98856E-05 9.98856E-05 9.98856E-05 9.98856E-05 9.98856E-05 9.98856E-05 9.98856E-05 0.998701 9.98856E-05 9.98856E-05 9.98856E-05 9.98856E-05 9.98856E-05
0.998701 9.98856E-05 9.98856E-05 9.98856E-05 9.98856E-05 9.98856E-05 9.98856E-05 9.98856E-05 9.98856E-05 9.98856E-05 9.98856E-05 9.98856E-05 9.98856E-05 9.98856E-05
9.98857E-05 9.98857E-05 9.98857E-05 9.98857E-05 9.98857E-05 9.98857E-05 9.98857E-05 9.98857E-05 0.998701 9.98857E-05 9.98857E-05 9.98857E-05 9.98857E-05 9.98857E-05
9.98857E-05 9.98857E-05 9.98857E-05 9.98857E-05 9.98857E-05 9.98857E-05 9.98857E-05 9.98857E-05 0.998701 9.98857E-05 9.98857E-05 9.98857E-05 9.98857E-05 9.98857E-05
0.279538 9.99385E-05 9.99385E-05 9.99385E-05 0.0208719 9.99385E-05 0.0240424 0.0767712 0.0902446 9.99385E-05 0.0826452 9.99385E-05 0.425187 9.99385E-05
0.998701 9.98857E-05 9.98857E-05 9.98857E-05 9.98857E-05 9.98857E-05 9.98857E-05 9.98857E-05 9.98857E-05 9.98857E-05 9.98857E-05 9.98857E-05 9.98857E-05 9.98857E-05
9.98856E-05 9.98856E-05 9.98856E-05 9.98856E-05 9.98856E-05 9.98856E-05 9.98856E-05 9.98856E-05 0.998701 9.98856E-05 9.98856E-05 9.98856E-05 9.98856E-05 9.98856E-05
9.99211E-05 9.99211E-05 9.99211E-05 0.0773624 0.00512497 9.99211E-05 9.99211E-05 0.0167178 0.426642 9.99211E-05 9.99211E-05 9.99211E-05 0.473254 9.99211E-05
0.0774082 9.99298E-05 9.99298E-05 0.0145265 9.99298E-05 9.99298E-05 0.014328 9.99298E-05 0.277367 0.00490222 9.99298E-05 9.99298E-05 0.610669 9.99298E-05
0.246456 9.99034E-05 9.99034E-05 9.99034E-05 9.99034E-05 9.99034E-05 9.99034E-05 9.99034E-05 0.0769275 9.99034E-05 9.99034E-05 9.99034E-05 0.675517 9.99034E-05
0.0421534 9.99032E-05 9.99032E-05 9.99032E-05 9.99032E-05 9.99032E-05 0.0324896 9.99032E-05 9.99032E-05 9.99032E-05 9.99032E-05 9.99032E-05 0.924258 9.99032E-05
0.143395 9.99297E-05 9.99297E-05 9.99297E-05 9.99297E-05 0.108301 9.99297E-05 9.99297E-05 0.215306 0.0501034 9.99297E-05 9.99297E-05 0.474357 0.00773826
0.01496 0.0786552 9.99211E-05 9.99211E-05 9.99211E-05 9.99211E-05 9.99211E-05 9.99211E-05 0.0950158 9.99211E-05 9.99211E-05 0.341703 0.468767 9.99211E-05
0.105749 9.99121E-05 9.99121E-05 9.99121E-05 9.99121E-05 9.99121E-05 9.99121E-05 9.99121E-05 0.255744 9.99121E-05 9.99121E-05 9.99121E-05 0.433645 0.203863
0.00766272 9.99209E-05 9.99209E-05 9.99209E-05 9.99209E-05 9.99209E-05 9.99209E-05 0.06477 0.12887 0.0116578 9.99209E-05 9.99209E-05 0.78614 9.99209E-05
0.0378338 9.99122E-05 9.99122E-05 9.99122E-05 9.99122E-05 9.99122E-05 9.99122E-05 9.99122E-05 0.155361 9.99122E-05 9.99122E-05 0.213928 0.591878 9.99122E-05
0.0479055 9.99035E-05 9.99035E-05 0.0490509 9.99035E-05 9.99035E-05 9.99035E-05 9.99035E-05 9.99035E-05 9.99035E-05 9.99035E-05 9.99035E-05 0.901945 9.99035E-05
0.20819 9.9921E-05 9.9921E-05 9.9921E-05 9.9921E-05 9.9921E-05 9.9921E-05 0.0683414 0.0702517 9.9921E-05 9.9921E-05 0.0843078 0.56801 9.9921E-05
9.98946E-05 9.98946E-05 9.98946E-05 9.98946E-05 9.98946E-05 9.98946E-05 9.98946E-05 9.98946E-05 0.46628 9.98946E-05 9.98946E-05 9.98946E-05 0.532521 9.98946E-05
0.160435 9.99298E-05 9.99298E-05 9.99298E-05 0.04561 0.0244864 9.99298E-05 9.99298E-05 0.266152 9.99298E-05 0.0461642 9.99298E-05 0.456354 9.99298E-05
9.98945E-05 9.98945E-05 9.98945E-05 9.98945E-05 9.98945E-05 9.98945E-05 9.98945E-05 9.98945E-05 9.98945E-05 9.98945E-05 0.048603 9.98945E-05 0.950198 9.98945E-05
0.127534 9.99121E-05 9.99121E-05 9.99121E-05 9.99121E-05 9.99121E-05 9.99121E-05 0.0223992 0.0589538 9.99121E-05 9.99121E-05 9.99121E-05 0.790114 9.99121E-05
0.0737621 9.99298E-05 9.99298E-05 9.99298E-05 9.99298E-05 0.0438677 9.99298E-05 0.0103105 0.258293 9.99298E-05 9.99298E-05 9.99298E-05 0.517347 0.0956195
9.99211E-05 9.99211E-05 9.99211E-05 0.00669604 9.99211E-05 0.0903781 9.99211E-05 9.99211E-05 0.0594527 9.99211E-05 9.99211E-05 0.0619861 0.780588 9.99211E-05
0.244294 9.99385E-05 9.99385E-05 0.0559809 9.99385E-05 0.00739956 9.99385E-05 0.0990774 0.0197507 9.99385E-05 0.0211253 9.99385E-05 0.551673 9.99385E-05
9.99209E-05 9.99209E-05 9.99209E-05 0.0140665 9.99209E-05 0.170545 9.99209E-05 0.0125719 0.0929297 9.99209E-05 9.99209E-05 9.99209E-05 0.708988 9.99209E-05
0.114024 0.0242876 9.99122E-05 9.99122E-05 9.99122E-05 9.99122E-05 9.99122E-05 9.99122E-05 0.0696452 9.99122E-05 9.99122E-05 9.99122E-05 0.791045 9.99122E-05
0.0346468 0.0257415 9.99209E-05 9.99209E-05 9.99209E-05 0.0448085 9.99209E-05 9.99209E-05 0.0835575 9.99209E-05 9.99209E-05 9.99209E-05 0.810346 9.99209E-05
9.99035E-05 9.99035E-05 9.99035E-05 9.99035E-05 9.99035E-05 0.000407022 9.99035E-05 9.99035E-05 0.169151 9.99035E-05 9.99035E-05 9.99035E-05 0.829343 9.99035E-05
0.150865 9.99385E-05 9.99385E-05 9.99385E-05 0.0817145 9.99385E-05 9.99385E-05 0.00759044 0.140757 0.0142111 0.00610278 9.99385E-05 0.59806 9.99385E-05
