0.818925 9.99912E-05 0.0242946 0.125117 0.0315635
0.96821 9.99737E-05 9.99737E-05 0.0314899 9.99737E-05
0.97415 9.99825E-05 0.0230092 0.00264115 9.99825E-05
0.520167 9.99825E-05 0.375831 0.103802 9.99825E-05
0.825499 9.99738E-05 0.174201 9.99738E-05 9.99738E-05
0.286071 0.41926 0.278072 0.0164975 9.99912E-05
0.565491 9.99825E-05 0.345738 0.0885704 9.99825E-05
0.145173 0.227638 0.489117 0.137972 9.99912E-05
0.458436 0.404461 0.136903 9.99824E-05 9.99824E-05
0.9996 9.997E-05 9.997E-05 9.997E-05 9.997E-05
0.861439 9.99737E-05 9.99737E-05 0.138262 9.99737E-05
0.939549 9.99738E-05 0.060151 9.99738E-05 9.99738E-05
0.9996 9.997E-05 9.997E-05 9.997E-05 9.997E-05
0.80012 0.0063548 0.0490248 0.1444 9.99913E-05
0.591624 0.323001 0.0819164 9.99912E-05 0.00335838
0.385717 0.232409 0.381674 9.99824E-05 9.99824E-05
0.809274 0.0268767 0.0506237 0.113126 9.99912E-05
0.580614 0.0249214 0.145238 0.10519 0.144036
0.735176 9.99737E-05 0.264524 9.99737E-05 9.99737E-05
0.941807 9.99737E-05 9.99737E-05 9.99737E-05 0.0578932
0.629381 9.99825E-05 0.275406 0.0950132 9.99825E-05
0.332522 0.29491 0.343514 0.0289532 9.99912E-05
0.823659 9.99737E-05 9.99737E-05 0.176041 9.99737E-05
0.896305 9.99737E-05 0.103395 9.99737E-05 9.99737E-05
0.686319 0.141987 0.0127572 9.99912E-05 0.158837
0.904364 9.99737E-05 0.0953363 9.99737E-05 9.99737E-05
0.427252 0.292687 0.104316 0.175645 9.99912E-05
0.889941 9.99738E-05 0.109759 9.99738E-05 9.99738E-05
0.965822 9.99737E-05 9.99737E-05 9.99737E-05 0.0338785
0.961061 0.0386394 9.99738E-05 9.99738E-05 9.99738E-05
0.77845 9.99737E-05 9.99737E-05 0.22125 9.99737E-05
0.701511 0.0953413 0.14236 0.0383267 0.0224604
0.801951 9.99825E-05 0.0700358 0.127814 9.99825E-05
0.653231 9.99825E-05 0.250082 0.0964873 9.99825E-05
0.930063 9.99738E-05 9.99738E-05 0.0696367 9.99738E-05
0.859256 9.99825E-05 0.0973923 0.0431517 9.99825E-05
0.830023 9.99738E-05 0.169677 9.99738E-05 9.99738E-05
0.740317 0.225749 9.99825E-05 9.99825E-05 0.0337339
0.793666 0.108176 0.0979575 9.99825E-05 9.99825E-05
0.632341 0.11378 0.253679 9.99825E-05 9.99825E-05
0.881492 9.99825E-05 0.0595319 0.0587761 9.99825E-05
0.947076 9.99738E-05 0.0526237 9.99738E-05 9.99738E-05
0.91481 0.0376258 0.00375215 0.043712 9.99913E-05
0.80326 0.085599 0.00477538 0.106266 9.99912E-05
0.68687 9.99825E-05 0.217939 0.0949911 9.99825E-05
0.858831 9.99912E-05 0.099521 0.0285683 0.0129799
0.960104 9.99737E-05 9.99737E-05 0.0395956 9.99737E-05
0.989077 9.99825E-05 9.99825E-05 0.00928007 0.00144261
0.876748 9.99825E-05 0.108126 0.0149264 9.99825E-05
0.75616 0.0594087 0.133022 0.0513091 9.99913E-05
0.653516 0.133193 0.082587 0.130604 9.99912E-05
0.670618 9.99825E-05 0.270734 9.99825E-05 0.0584482
0.990882 9.99738E-05 9.99738E-05 0.00881783 9.99738E-05
0.657343 9.99913E-05 0.0873801 0.19156 0.0636172
0.843335 9.99738E-05 0.156365 9.99738E-05 9.99738E-05
0.732651 0.0905663 9.99913E-05 0.11824 0.0584418
0.819352 9.99825E-05 0.117587 0.0628609 9.99825E-05
0.928487 9.99738E-05 9.99738E-05 0.0712127 9.99738E-05
0.939102 9.99738E-05 9.99738E-05 0.0605976 9.99738E-05
0.479962 0.383733 9.99824E-05 0.136105 9.99824E-05
0.747077 9.99738E-05 0.252623 9.99738E-05 9.99738E-05
0.584335 0.17641 0.00262657 0.236529 9.99912E-05
0.114117 0.731731 9.99825E-05 0.153952 9.99825E-05
0.405133 0.126886 0.232054 0.198239 0.0376878
0.52623 0.325621 9.99824E-05 0.147949 9.99824E-05
0.5328 0.31855 9.99824E-05 0.14845 9.99824E-05
0.190915 0.488058 0.13478 0.186147 9.99912E-05
0.571135 0.328605 9.99825E-05 0.100061 9.99825E-05
0.555341 0.277933 9.99825E-05 0.166526 9.99825E-05
0.532669 0.191749 9.99824E-05 0.275382 9.99824E-05
0.432537 0.124984 0.31313 0.129249 9.99912E-05
0.171373 0.38522 0.165359 0.215716 0.0623331
0.621476 0.193134 0.18519 9.99824E-05 9.99824E-05
0.509577 0.302867 0.10145 0.0860063 9.99912E-05
0.530635 0.309312 0.0316998 0.128253 9.99912E-05
0.278732 0.33342 0.307102 0.080646 9.99912E-05
0.444988 0.194558 0.0410309 0.319323 9.99912E-05
0.540284 0.147158 9.99824E-05 0.312358 9.99824E-05
0.565577 0.179327 0.103686 0.139248 0.0121614
0.750023 0.124521 0.11055 0.0148065 9.99913E-05
0.6342 0.17554 0.123139 0.0670203 9.99912E-05
0.38385 0.463419 9.99825E-05 0.152531 9.99825E-05
0.273003 0.242477 0.370507 0.113913 9.99912E-05
0.634153 0.0837773 9.99824E-05 0.28187 9.99824E-05
0.557599 0.391823 0.0048753 0.0195149 0.0261877
0.710337 0.146589 0.0642206 0.0787536 9.99912E-05
0.718764 0.0916069 0.150558 0.0389714 9.99912E-05
0.553328 0.223605 9.99825E-05 0.222867 9.99825E-05
0.577554 0.255457 0.138012 0.0288774 9.99912E-05
9.997E-05 0.9996 9.997E-05 9.997E-05 9.997E-05
0.00313581 0.996564 9.99737E-05 9.99737E-05 9.99737E-05
0.0187506 0.875044 0.00249378 0.103612 9.99912E-05
9.99824E-05 0.806079 9.99824E-05 0.138942 0.0547792
9.99912E-05 0.83578 0.0247691 0.09869 0.0406612
9.997E-05 0.9996 9.997E-05 9.997E-05 9.997E-05
9.99737E-05 0.84666 9.99737E-05 0.15304 9.99737E-05
9.997E-05 0.9996 9.997E-05 9.997E-05 9.997E-05
9.997E-05 0.9996 9.997E-05 9.997E-05 9.997E-05
0.0873191 0.774818 0.107401 0.0303622 9.99912E-05
9.997E-05 0.9996 9.997E-05 9.997E-05 9.997E-05
0.0362246 0.895253 9.99912E-05 0.00744541 0.0609765
9.99737E-05 0.953972 9.99737E-05 0.0457277 9.99737E-05
0.0559228 0.943777 9.99737E-05 9.99737E-05 9.99737E-05
9.99825E-05 0.726937 9.99825E-05 0.216016 0.0568466
9.99824E-05 0.847596 9.99824E-05 0.0638885 0.0883154
9.99824E-05 0.900665 9.99824E-05 0.0206577 0.0784773
9.99912E-05 0.864045 0.0826419 0.0299426 0.0232701
9.99737E-05 0.925096 9.99737E-05 9.99737E-05 0.0746041
9.99737E-05 0.848568 9.99737E-05 9.99737E-05 0.151132
9.99824E-05 0.893701 0.104754 0.00134555 9.99824E-05
9.99824E-05 0.813275 9.99824E-05 0.178407 0.00811791
9.99824E-05 0.874085 0.00970069 9.99824E-05 0.116014
9.99737E-05 0.930989 9.99737E-05 9.99737E-05 0.0687113
9.99736E-05 0.837233 9.99736E-05 9.99736E-05 0.162467
0.0228835 0.937559 0.0241456 9.99912E-05 0.0153121
0.192927 0.671472 9.99825E-05 9.99825E-05 0.135401
9.99824E-05 0.763294 0.173806 0.0627007 9.99824E-05
0.0691515 0.907684 9.99824E-05 9.99824E-05 0.0229645
9.99825E-05 0.791817 9.99825E-05 0.0515802 0.156403
0.0969045 0.865418 9.99824E-05 9.99824E-05 0.0374777
9.99824E-05 0.814719 9.99824E-05 0.0203067 0.164774
9.99736E-05 0.755326 9.99736E-05 9.99736E-05 0.244374
9.99736E-05 0.906798 9.99736E-05 9.99736E-05 0.0929025
9.99737E-05 0.982121 9.99737E-05 9.99737E-05 0.0175792
9.99824E-05 0.938506 9.99824E-05 0.0392498 0.0220438
9.99736E-05 0.892816 9.99736E-05 0.106884 9.99736E-05
9.997E-05 0.9996 9.997E-05 9.997E-05 9.997E-05
9.99737E-05 0.932862 9.99737E-05 9.99737E-05 0.0668379
9.99737E-05 0.939725 9.99737E-05 9.99737E-05 0.0599753
9.99825E-05 0.867843 9.99825E-05 0.0143335 0.117623
0.0405292 0.908808 0.019953 9.99912E-05 0.0306102
9.99737E-05 0.952352 0.0473484 9.99737E-05 9.99737E-05
9.99737E-05 0.9322 9.99737E-05 9.99737E-05 0.0675006
0.131926 0.825136 9.99825E-05 0.0427379 9.99825E-05
9.99736E-05 0.875362 9.99736E-05 9.99736E-05 0.124338
0.0624129 0.820403 9.99824E-05 0.116985 9.99824E-05
0.00193849 0.771836 0.163753 0.0184287 0.0440436
0.118814 0.778005 9.99824E-05 9.99824E-05 0.102981
9.997E-05 0.9996 9.997E-05 9.997E-05 9.997E-05
0.0930505 0.579033 0.240382 0.0171172 0.0704176
9.997E-05 0.9996 9.997E-05 9.997E-05 9.997E-05
9.99737E-05 0.964069 9.99737E-05 0.0356314 9.99737E-05
9.99737E-05 0.829759 0.169941 9.99737E-05 9.99737E-05
9.99912E-05 0.753165 0.0188783 0.167208 0.0606482
9.997E-05 0.9996 9.997E-05 9.997E-05 9.997E-05
0.0724492 0.820482 9.99824E-05 9.99824E-05 0.106869
9.99824E-05 0.912981 9.99824E-05 0.0121183 0.0747012
9.99737E-05 0.783905 9.99737E-05 9.99737E-05 0.215795
9.997E-05 0.9996 9.997E-05 9.997E-05 9.997E-05
0.9996 9.997E-05 9.997E-05 9.997E-05 9.997E-05
9.997E-05 0.9996 9.997E-05 9.997E-05 9.997E-05
0.9996 9.997E-05 9.997E-05 9.997E-05 9.997E-05
9.997E-05 0.9996 9.997E-05 9.997E-05 9.997E-05
9.997E-05 0.9996 9.997E-05 9.997E-05 9.997E-05
9.997E-05 0.9996 9.997E-05 9.997E-05 9.997E-05
0.953575 9.99736E-05 9.99736E-05 9.99736E-05 0.0461256
9.997E-05 0.9996 9.997E-05 9.997E-05 9.997E-05
9.997E-05 0.9996 9.997E-05 9.997E-05 9.997E-05
0.9996 9.997E-05 9.997E-05 9.997E-05 9.997E-05
0.953668 0.0144227 9.99824E-05 9.99824E-05 0.0317097
0.9996 9.997E-05 9.997E-05 9.997E-05 9.997E-05
9.997E-05 0.9996 9.997E-05 9.997E-05 9.997E-05
9.997E-05 0.9996 9.997E-05 9.997E-05 9.997E-05
0.931815 9.99736E-05 9.99736E-05 9.99736E-05 0.067885
0.9996 9.997E-05 9.997E-05 9.997E-05 9.997E-05
9.99824E-05 0.674107 0.165408 9.99824E-05 0.160285
0.97635 9.99735E-05 9.99735E-05 9.99735E-05 0.0233499
9.997E-05 0.9996 9.997E-05 9.997E-05 9.997E-05
0.9996 9.997E-05 9.997E-05 9.997E-05 9.997E-05
0.890053 0.0261284 9.99824E-05 9.99824E-05 0.0836188
0.9996 9.997E-05 9.997E-05 9.997E-05 9.997E-05
9.997E-05 0.9996 9.997E-05 9.997E-05 9.997E-05
0.9996 9.997E-05 9.997E-05 9.997E-05 9.997E-05
9.997E-05 0.9996 9.997E-05 9.997E-05 9.997E-05
0.957725 9.99736E-05 9.99736E-05 9.99736E-05 0.0419751
0.9996 9.997E-05 9.997E-05 9.997E-05 9.997E-05
9.997E-05 0.9996 9.997E-05 9.997E-05 9.997E-05
9.997E-05 0.9996 9.997E-05 9.997E-05 9.997E-05
9.997E-05 0.9996 9.997E-05 9.997E-05 9.997E-05
0.971433 9.99735E-05 9.99735E-05 9.99735E-05 0.0282672
0.964988 9.99735E-05 9.99735E-05 9.99735E-05 0.0347116
0.9996 9.997E-05 9.997E-05 9.997E-05 9.997E-05
0.9996 9.997E-05 9.997E-05 9.997E-05 9.997E-05
0.9996 9.997E-05 9.997E-05 9.997E-05 9.997E-05
9.997E-05 0.9996 9.997E-05 9.997E-05 9.997E-05
9.997E-05 0.9996 9.997E-05 9.997E-05 9.997E-05
9.997E-05 0.9996 9.997E-05 9.997E-05 9.997E-05
0.99415 9.99735E-05 9.99735E-05 9.99735E-05 0.00555022
9.997E-05 0.9996 9.997E-05 9.997E-05 9.997E-05
9.997E-05 0.9996 9.997E-05 9.997E-05 9.997E-05
9.997E-05 0.9996 9.997E-05 9.997E-05 9.997E-05
9.997E-05 0.9996 9.997E-05 9.997E-05 9.997E-05
0.9996 9.997E-05 9.997E-05 9.997E-05 9.997E-05
9.997E-05 0.9996 9.997E-05 9.997E-05 9.997E-05
9.997E-05 0.9996 9.997E-05 9.997E-05 9.997E-05
9.99824E-05 0.692964 0.168636 9.99824E-05 0.1382
0.97635 9.99735E-05 9.99735E-05 9.99735E-05 0.0233499
9.997E-05 0.9996 9.997E-05 9.997E-05 9.997E-05
9.997E-05 0.9996 9.997E-05 9.997E-05 9.997E-05
9.997E-05 0.9996 9.997E-05 9.997E-05 9.997E-05
9.997E-05 0.9996 9.997E-05 9.997E-05 9.997E-05
0.9996 9.997E-05 9.997E-05 9.997E-05 9.997E-05
9.997E-05 0.9996 9.997E-05 9.997E-05 9.997E-05
0.9996 9.997E-05 9.997E-05 9.997E-05 9.997E-05
9.997E-05 0.9996 9.997E-05 9.997E-05 9.997E-05
0.9996 9.997E-05 9.997E-05 9.997E-05 9.997E-05
9.997E-05 0.9996 9.997E-05 9.997E-05 9.997E-05
9.997E-05 0.9996 9.997E-05 9.997E-05 9.997E-05
9.997E-05 0.9996 9.997E-05 9.997E-05 9.997E-05
9.997E-05 0.9996 9.997E-05 9.997E-05 9.997E-05
9.997E-05 0.9996 9.997E-05 9.997E-05 9.997E-05
9.997E-05 0.9996 9.997E-05 9.997E-05 9.997E-05
0.9996 9.997E-05 9.997E-05 9.997E-05 9.997E-05
0.990907 9.99735E-05 9.99735E-05 9.99735E-05 0.00879352
0.950668 9.99735E-05 9.99735E-05 9.99735E-05 0.0490324
9.997E-05 0.9996 9.997E-05 9.997E-05 9.997E-05
0.9996 9.997E-05 9.997E-05 9.997E-05 9.997E-05
0.981806 9.99735E-05 9.99735E-05 9.99735E-05 0.0178943
0.9996 9.997E-05 9.997E-05 9.997E-05 9.997E-05
9.997E-05 0.9996 9.997E-05 9.997E-05 9.997E-05
9.997E-05 0.9996 9.997E-05 9.997E-05 9.997E-05
9.997E-05 0.9996 9.997E-05 9.997E-05 9.997E-05
0.9996 9.997E-05 9.997E-05 9.997E-05 9.997E-05
9.997E-05 0.9996 9.997E-05 9.997E-05 9.997E-05
9.997E-05 0.9996 9.997E-05 9.997E-05 9.997E-05
0.952139 9.99735E-05 9.99735E-05 9.99735E-05 0.0475613
9.997E-05 0.9996 9.997E-05 9.997E-05 9.997E-05
9.997E-05 0.9996 9.997E-05 9.997E-05 9.997E-05
0.0620911 0.629732 9.99912E-05 0.276595 0.0314824
0.990229 9.99735E-05 9.99735E-05 9.99735E-05 0.00947101
9.997E-05 0.9996 9.997E-05 9.997E-05 9.997E-05
9.99737E-05 0.929317 9.99737E-05 0.0703828 9.99737E-05
9.99824E-05 0.930113 0.030489 9.99824E-05 0.0391982
0.0197856 0.92801 9.99824E-05 9.99824E-05 0.0520042
9.99912E-05 0.74835 0.0687991 0.0741285 0.108622
9.997E-05 0.9996 9.997E-05 9.997E-05 9.997E-05
0.0103404 0.980307 9.99825E-05 9.99825E-05 0.00915259
0.0944539 0.875671 9.99824E-05 9.99824E-05 0.0296747
9.99824E-05 0.752489 9.99824E-05 0.237859 0.00945269
9.997E-05 0.9996 9.997E-05 9.997E-05 9.997E-05
0.121027 0.711011 0.167762 9.99824E-05 9.99824E-05
0.0944247 0.84266 9.99824E-05 0.0627156 9.99824E-05
9.997E-05 0.9996 9.997E-05 9.997E-05 9.997E-05
0.186667 0.674556 0.128378 0.0103001 9.99912E-05
9.99824E-05 0.868549 9.99824E-05 0.0508668 0.0803841
0.0335376 0.941124 9.99824E-05 9.99824E-05 0.0251389
9.99736E-05 0.924868 0.0748322 9.99736E-05 9.99736E-05
9.99737E-05 0.935099 9.99737E-05 9.99737E-05 0.0646006
0.161443 0.60112 0.074327 0.16301 9.99912E-05
9.99736E-05 0.880642 9.99736E-05 9.99736E-05 0.119058
9.99736E-05 0.846537 0.153163 9.99736E-05 9.99736E-05
9.99824E-05 0.876053 0.0352045 9.99824E-05 0.088543
9.99737E-05 0.988207 0.0114931 9.99737E-05 9.99737E-05
9.99912E-05 0.74135 0.0762116 0.0794093 0.102929
9.99736E-05 0.943998 9.99736E-05 9.99736E-05 0.0557018
9.99824E-05 0.863997 9.99824E-05 0.0483113 0.0874919
9.997E-05 0.9996 9.997E-05 9.997E-05 9.997E-05
9.99824E-05 0.868479 0.0676371 9.99824E-05 0.0636841
0.029749 0.913782 9.99824E-05 9.99824E-05 0.0562692
9.99824E-05 0.717934 9.99824E-05 0.0457309 0.236135
9.99824E-05 0.747163 9.99824E-05 0.111703 0.140933
9.99736E-05 0.948426 0.0512741 9.99736E-05 9.99736E-05
9.997E-05 0.9996 9.997E-05 9.997E-05 9.997E-05
9.99736E-05 0.972504 9.99736E-05 9.99736E-05 0.0271957
9.99736E-05 0.900009 9.99736E-05 0.0996914 9.99736E-05
9.99824E-05 0.697822 0.0337566 0.268222 9.99824E-05
9.99737E-05 0.935822 9.99737E-05 9.99737E-05 0.063878
9.997E-05 0.9996 9.997E-05 9.997E-05 9.997E-05
0.059466 0.684813 0.0344105 0.221211 9.99912E-05
9.99824E-05 0.804011 9.99824E-05 0.0804405 0.115348
9.99824E-05 0.831303 0.137536 9.99824E-05 0.0309609
9.99736E-05 0.881748 9.99736E-05 9.99736E-05 0.117952
9.99825E-05 0.802449 0.0994059 9.99825E-05 0.0979455
9.99824E-05 0.768296 0.154407 9.99824E-05 0.077097
9.997E-05 0.9996 9.997E-05 9.997E-05 9.997E-05
0.033278 0.966422 9.99736E-05 9.99736E-05 9.99736E-05
9.99912E-05 0.86142 0.00179469 0.0648487 0.0718368
9.997E-05 0.9996 9.997E-05 9.997E-05 9.997E-05
9.99736E-05 0.9489 9.99736E-05 9.99736E-05 0.0508005
9.99825E-05 0.928194 0.0353687 0.0362376 9.99825E-05
9.99824E-05 0.78806 0.204351 0.00738812 9.99824E-05
9.99737E-05 0.956846 9.99737E-05 0.0428542 9.99737E-05
0.155286 0.742749 9.99912E-05 0.0404736 0.0613913
0.173799 0.674898 0.14572 0.00548225 9.99912E-05
9.997E-05 0.9996 9.997E-05 9.997E-05 9.997E-05
9.99824E-05 0.606777 0.383178 9.99824E-05 0.00984542
9.99736E-05 0.998861 9.99736E-05 9.99736E-05 0.000839531
0.107097 0.892603 9.99737E-05 9.99737E-05 9.99737E-05
9.997E-05 0.9996 9.997E-05 9.997E-05 9.997E-05
9.99737E-05 0.943694 9.99737E-05 9.99737E-05 0.0560058
9.99737E-05 0.966864 9.99737E-05 9.99737E-05 0.0328357
9.99737E-05 0.975304 9.99737E-05 0.0243959 9.99737E-05
9.99737E-05 0.967918 9.99737E-05 9.99737E-05 0.0317819
0.259945 0.709386 9.99825E-05 9.99825E-05 0.0304688
9.99737E-05 0.925236 9.99737E-05 0.0744641 9.99737E-05
9.99736E-05 0.8702 9.99736E-05 9.99736E-05 0.129501
9.99824E-05 0.974244 0.0158149 9.99824E-05 0.00974066
9.99738E-05 0.991369 9.99738E-05 9.99738E-05 0.00833125
9.99737E-05 0.904683 9.99737E-05 9.99737E-05 0.0950175
0.100507 0.789057 9.99824E-05 9.99824E-05 0.110237
0.0900788 0.908143 9.99825E-05 9.99825E-05 0.001578
0.00422743 0.938692 9.99824E-05 9.99824E-05 0.0568809
0.278017 0.711372 9.99825E-05 9.99825E-05 0.0104111
9.99736E-05 0.985754 9.99736E-05 9.99736E-05 0.0139457
9.99912E-05 0.741257 0.039074 0.162171 0.057398
9.997E-05 0.9996 9.997E-05 9.997E-05 9.997E-05
9.997E-05 0.9996 9.997E-05 9.997E-05 9.997E-05
0.107033 0.892667 9.99737E-05 9.99737E-05 9.99737E-05
0.0188744 0.857634 0.0469793 9.99912E-05 0.0764126
9.997E-05 0.9996 9.997E-05 9.997E-05 9.997E-05
9.99736E-05 0.991926 9.99736E-05 0.00777457 9.99736E-05
9.99824E-05 0.86901 0.0570534 9.99824E-05 0.0737365
9.99912E-05 0.787152 0.0752426 0.015633 0.121872
0.0868204 0.91288 9.99738E-05 9.99738E-05 9.99738E-05
9.99737E-05 0.926108 9.99737E-05 0.073592 9.99737E-05
9.99736E-05 0.837015 9.99736E-05 9.99736E-05 0.162685
9.99737E-05 0.985654 9.99737E-05 9.99737E-05 0.0140456
9.99824E-05 0.759965 9.99824E-05 0.103034 0.1368
9.997E-05 0.9996 9.997E-05 9.997E-05 9.997E-05
9.99824E-05 0.800393 9.99824E-05 0.105642 0.0937653
0.0326244 0.83911 9.99824E-05 9.99824E-05 0.128066
0.148861 0.613932 9.99825E-05 9.99825E-05 0.237006
0.0351455 0.807877 9.99912E-05 0.0619686 0.0949092
0.0569518 0.936412 9.99824E-05 9.99824E-05 0.0064367
9.99824E-05 0.712831 9.99824E-05 0.140314 0.146655
9.997E-05 0.9996 9.997E-05 9.997E-05 9.997E-05
0.0255598 0.908277 0.0371135 0.0289499 9.99912E-05
9.99824E-05 0.813298 0.17862 9.99824E-05 0.00788203
0.0604393 0.807251 0.0528266 0.0793835 9.99912E-05
0.423914 0.485199 9.99824E-05 0.0906874 9.99824E-05
0.393524 0.509384 0.0416171 9.99912E-05 0.0553755
9.99912E-05 0.616669 0.171182 0.149479 0.0625692
0.289786 0.709914 9.99736E-05 9.99736E-05 9.99736E-05
9.99824E-05 0.627677 9.99824E-05 0.15272 0.219403
9.997E-05 0.9996 9.997E-05 9.997E-05 9.997E-05
9.99825E-05 0.905026 9.99825E-05 0.035633 0.0591408
0.0823553 0.917345 9.99737E-05 9.99737E-05 9.99737E-05
9.99839E-05 0.585471 9.99839E-05 0.30454 0.10979
9.997E-05 0.9996 9.997E-05 9.997E-05 9.997E-05
0.0671385 0.932562 9.99738E-05 9.99738E-05 9.99738E-05
9.99824E-05 0.888431 9.99824E-05 0.0333126 0.0780569
9.99737E-05 0.930465 9.99737E-05 9.99737E-05 0.0692353
0.138231 0.837354 9.99825E-05 9.99825E-05 0.0242156
0.057408 0.903304 0.0228949 9.99912E-05 0.0162928
0.184952 0.65975 0.114485 9.99912E-05 0.0407132
0.220659 0.526325 9.99912E-05 0.059104 0.193812
9.997E-05 0.9996 9.997E-05 9.997E-05 9.997E-05
9.99736E-05 0.934989 9.99736E-05 9.99736E-05 0.0647111
0.146506 0.671849 9.99912E-05 0.128938 0.0526071
9.99825E-05 0.947742 9.99825E-05 0.0186169 0.0334407
0.224363 0.515141 0.187291 9.99912E-05 0.0731059
0.18483 0.615609 9.99912E-05 0.185548 0.0139134
9.99824E-05 0.79789 9.99824E-05 0.184016 0.0178936
0.0676403 0.867005 9.99824E-05 9.99824E-05 0.0651547
9.99824E-05 0.768755 0.0994278 0.131618 9.99824E-05
9.997E-05 0.9996 9.997E-05 9.997E-05 9.997E-05
9.99736E-05 0.804443 9.99736E-05 0.195257 9.99736E-05
9.99737E-05 0.932415 9.99737E-05 9.99737E-05 0.0672846
9.997E-05 0.9996 9.997E-05 9.997E-05 9.997E-05
9.99912E-05 0.831937 0.0292607 0.120677 0.0180252
9.99736E-05 0.888929 9.99736E-05 9.99736E-05 0.110771
0.281204 0.581879 0.136717 9.99824E-05 9.99824E-05
0.300073 0.502791 0.162497 0.0345394 9.99912E-05
0.23774 0.516547 0.245513 9.99824E-05 9.99824E-05
0.255452 0.577448 0.118639 0.0483604 9.99912E-05
0.240145 0.524961 9.99912E-05 0.224814 0.00998059
0.631607 0.346827 0.0213654 9.99825E-05 9.99825E-05
0.535051 0.431425 9.99824E-05 0.0333245 9.99824E-05
0.161018 0.650603 0.185542 0.00273671 9.99912E-05
0.350977 0.459539 0.108403 0.0809809 9.99912E-05
0.162573 0.697754 0.139473 9.99824E-05 9.99824E-05
0.375413 0.289345 0.239485 0.0956572 9.99912E-05
0.550369 0.331145 9.99825E-05 9.99825E-05 0.118286
0.321491 0.483996 0.194313 9.99824E-05 9.99824E-05
0.686569 0.313131 9.99737E-05 9.99737E-05 9.99737E-05
0.482593 0.361795 9.99824E-05 0.155412 9.99824E-05
0.271229 0.493467 0.170548 0.0646549 9.99912E-05
0.354061 0.558184 0.058179 0.0294764 9.99912E-05
0.489934 0.3771 0.115773 9.99912E-05 0.0170936
0.330522 0.36577 0.120263 0.167016 0.0164283
0.426576 0.407092 0.166132 9.99824E-05 9.99824E-05
0.551754 0.342456 0.00202875 0.103661 9.99912E-05
0.565738 0.330019 0.104043 9.99824E-05 9.99824E-05
0.63449 0.197083 9.99912E-05 0.0890341 0.079292
9.99824E-05 0.908941 0.0594276 0.031431 9.99824E-05
0.0448632 0.909819 9.99824E-05 9.99824E-05 0.0451177
0.0576288 0.942071 9.99736E-05 9.99736E-05 9.99736E-05
0.183976 0.691458 0.124366 9.99824E-05 9.99824E-05
0.114199 0.885501 9.99737E-05 9.99737E-05 9.99737E-05
0.118769 0.880931 9.99737E-05 9.99737E-05 9.99737E-05
9.99736E-05 0.903249 9.99736E-05 0.0964506 9.99736E-05
0.202722 0.796978 9.99737E-05 9.99737E-05 9.99737E-05
0.146371 0.853329 9.99736E-05 9.99736E-05 9.99736E-05
0.210124 0.68819 9.99824E-05 0.101486 9.99824E-05
9.99912E-05 0.832679 0.00409572 0.11806 0.0450647
0.100601 0.899099 9.99737E-05 9.99737E-05 9.99737E-05
0.124348 0.825126 9.99824E-05 0.0503253 9.99824E-05
9.997E-05 0.9996 9.997E-05 9.997E-05 9.997E-05
0.0264895 0.973211 9.99737E-05 9.99737E-05 9.99737E-05
0.0171891 0.919875 0.0627359 9.99824E-05 9.99824E-05
9.99736E-05 0.921478 9.99736E-05 0.0782225 9.99736E-05
0.0278483 0.971852 9.99737E-05 9.99737E-05 9.99737E-05
0.00417532 0.98394 0.0116844 9.99824E-05 9.99824E-05
0.0855023 0.869508 9.99825E-05 0.0447901 9.99825E-05
9.99736E-05 0.937121 9.99736E-05 0.062579 9.99736E-05
0.246019 0.694496 9.99825E-05 0.0592854 9.99825E-05
0.0205108 0.956741 0.0129343 9.99912E-05 0.00971351
0.0849109 0.817227 9.99825E-05 9.99825E-05 0.0976626
0.118126 0.876541 0.00309259 0.00214086 9.99912E-05
0.00463607 0.995064 9.99737E-05 9.99737E-05 9.99737E-05
0.261786 0.651543 0.0590708 0.021014 0.00658634
0.235525 0.764175 9.99737E-05 9.99737E-05 9.99737E-05
0.0513699 0.921549 0.0268811 9.99824E-05 9.99824E-05
0.0522784 0.947422 9.99737E-05 9.99737E-05 9.99737E-05
0.0889214 0.888778 9.99825E-05 0.0221003 9.99825E-05
0.385199 0.552335 0.0397939 9.99912E-05 0.022572
0.15482 0.805457 9.99825E-05 0.0395226 9.99825E-05
0.168305 0.831395 9.99736E-05 9.99736E-05 9.99736E-05
0.0543497 0.923248 9.99824E-05 0.0222023 9.99824E-05
0.062385 0.936128 9.99824E-05 9.99824E-05 0.00128736
9.99736E-05 0.954791 0.0449091 9.99736E-05 9.99736E-05
0.24319 0.75651 9.99737E-05 9.99737E-05 9.99737E-05
0.123595 0.770905 0.1053 9.99824E-05 9.99824E-05
0.0583058 0.941394 9.99737E-05 9.99737E-05 9.99737E-05
0.159872 0.837879 9.99825E-05 9.99825E-05 0.00204824
0.180915 0.78073 9.99825E-05 9.99825E-05 0.0381552
0.0621408 0.843373 9.99824E-05 0.0942863 9.99824E-05
0.234824 0.716224 9.99824E-05 0.0487517 9.99824E-05
0.470803 0.0343827 0.386095 0.10862 9.99912E-05
0.173058 0.183495 0.643246 9.99824E-05 9.99824E-05
0.063002 0.282862 0.376994 0.277041 9.99912E-05
0.324149 0.10088 0.395551 0.169909 0.009511
0.281833 0.273142 0.405942 0.0389833 9.99912E-05
0.394965 0.105512 0.290942 0.208481 9.99912E-05
0.378891 0.0912559 0.461226 0.0685274 9.99912E-05
0.48924 0.104742 0.356454 0.0494636 9.99912E-05
0.0363175 0.500242 0.415667 0.0476737 9.99912E-05
0.328426 0.110395 0.114496 0.434968 0.0117151
0.267238 0.204753 0.352841 0.175068 9.99912E-05
0.108777 0.269375 0.479301 0.142447 9.99912E-05
0.400325 0.147099 0.310402 0.142074 9.99912E-05
0.387099 0.0714767 0.39483 0.146494 9.99912E-05
0.28359 0.0603058 0.504344 0.15166 9.99912E-05
0.446451 0.0706297 0.437225 0.045594 9.99912E-05
0.45559 0.141629 0.306431 0.0962494 9.99912E-05
0.178441 0.249906 0.5088 0.0627521 9.99912E-05
0.283475 0.213116 0.275911 0.227397 9.99912E-05
0.445562 0.0854507 0.229429 0.239458 9.99912E-05
9.997E-05 9.997E-05 9.997E-05 0.9996 9.997E-05
9.997E-05 9.997E-05 9.997E-05 0.9996 9.997E-05
9.997E-05 9.997E-05 9.997E-05 0.9996 9.997E-05
9.997E-05 9.997E-05 9.997E-05 0.9996 9.997E-05
9.997E-05 9.997E-05 9.997E-05 0.9996 9.997E-05
9.997E-05 9.997E-05 9.997E-05 0.9996 9.997E-05
9.997E-05 9.997E-05 9.997E-05 0.9996 9.997E-05
9.997E-05 9.997E-05 9.997E-05 0.9996 9.997E-05
9.997E-05 9.997E-05 9.997E-05 0.9996 9.997E-05
9.997E-05 9.997E-05 9.997E-05 0.9996 9.997E-05
9.997E-05 9.997E-05 9.997E-05 0.9996 9.997E-05
9.997E-05 9.997E-05 9.997E-05 0.9996 9.997E-05
9.997E-05 9.997E-05 9.997E-05 0.9996 9.997E-05
9.997E-05 9.997E-05 9.997E-05 0.9996 9.997E-05
9.997E-05 9.997E-05 9.997E-05 0.9996 9.997E-05
9.997E-05 9.997E-05 9.997E-05 0.9996 9.997E-05
9.997E-05 9.997E-05 9.997E-05 0.9996 9.997E-05
9.997E-05 9.997E-05 9.997E-05 0.9996 9.997E-05
9.997E-05 9.997E-05 9.997E-05 0.9996 9.997E-05
9.997E-05 9.997E-05 9.997E-05 0.9996 9.997E-05
9.997E-05 9.997E-05 9.997E-05 0.9996 9.997E-05
9.997E-05 9.997E-05 9.997E-05 0.9996 9.997E-05
9.997E-05 9.997E-05 9.997E-05 0.9996 9.997E-05
9.997E-05 9.997E-05 9.997E-05 0.9996 9.997E-05
9.997E-05 9.997E-05 9.997E-05 0.9996 9.997E-05
9.997E-05 9.997E-05 9.997E-05 0.9996 9.997E-05
9.997E-05 9.997E-05 9.997E-05 0.9996 9.997E-05
9.997E-05 9.997E-05 9.997E-05 0.9996 9.997E-05
9.997E-05 9.997E-05 9.997E-05 0.9996 9.997E-05
9.997E-05 9.997E-05 9.997E-05 0.9996 9.997E-05
9.997E-05 9.997E-05 9.997E-05 0.9996 9.997E-05
9.997E-05 9.997E-05 9.997E-05 0.9996 9.997E-05
9.997E-05 9.997E-05 9.997E-05 0.9996 9.997E-05
9.997E-05 9.997E-05 9.997E-05 0.9996 9.997E-05
9.997E-05 9.997E-05 9.997E-05 0.9996 9.997E-05
9.997E-05 9.997E-05 9.997E-05 0.9996 9.997E-05
9.997E-05 9.997E-05 9.997E-05 0.9996 9.997E-05
9.997E-05 9.997E-05 9.997E-05 0.9996 9.997E-05
9.997E-05 9.997E-05 9.997E-05 0.9996 9.997E-05
9.997E-05 9.997E-05 9.997E-05 0.9996 9.997E-05
9.997E-05 9.997E-05 9.997E-05 0.9996 9.997E-05
9.997E-05 9.997E-05 9.997E-05 0.9996 9.997E-05
9.997E-05 9.997E-05 9.997E-05 0.9996 9.997E-05
9.997E-05 9.997E-05 9.997E-05 0.9996 9.997E-05
9.997E-05 9.997E-05 9.997E-05 0.9996 9.997E-05
9.997E-05 9.997E-05 9.997E-05 0.9996 9.997E-05
9.997E-05 9.997E-05 9.997E-05 0.9996 9.997E-05
9.997E-05 9.997E-05 9.997E-05 0.9996 9.997E-05
9.997E-05 9.997E-05 9.997E-05 0.9996 9.997E-05
9.997E-05 9.997E-05 9.997E-05 0.9996 9.997E-05
9.997E-05 9.997E-05 9.997E-05 0.9996 9.997E-05
9.997E-05 9.997E-05 9.997E-05 0.9996 9.997E-05
9.997E-05 9.997E-05 9.997E-05 0.9996 9.997E-05
9.997E-05 9.997E-05 9.997E-05 0.9996 9.997E-05
9.997E-05 9.997E-05 9.997E-05 0.9996 9.997E-05
9.997E-05 9.997E-05 9.997E-05 0.9996 9.997E-05
9.997E-05 9.997E-05 9.997E-05 0.9996 9.997E-05
9.997E-05 9.997E-05 9.997E-05 0.9996 9.997E-05
9.997E-05 9.997E-05 9.997E-05 0.9996 9.997E-05
9.997E-05 9.997E-05 9.997E-05 0.9996 9.997E-05
9.997E-05 9.997E-05 9.997E-05 0.9996 9.997E-05
9.997E-05 9.997E-05 9.997E-05 0.9996 9.997E-05
9.997E-05 9.997E-05 9.997E-05 0.9996 9.997E-05
9.997E-05 9.997E-05 9.997E-05 0.9996 9.997E-05
9.997E-05 9.997E-05 9.997E-05 0.9996 9.997E-05
9.997E-05 9.997E-05 9.997E-05 0.9996 9.997E-05
9.997E-05 9.997E-05 9.997E-05 0.9996 9.997E-05
9.997E-05 9.997E-05 9.997E-05 0.9996 9.997E-05
9.997E-05 9.997E-05 9.997E-05 0.9996 9.997E-05
9.997E-05 9.997E-05 9.997E-05 0.9996 9.997E-05
9.997E-05 9.997E-05 9.997E-05 0.9996 9.997E-05
9.997E-05 9.997E-05 9.997E-05 0.9996 9.997E-05
9.997E-05 9.997E-05 9.997E-05 0.9996 9.997E-05
9.997E-05 9.997E-05 9.997E-05 0.9996 9.997E-05
9.997E-05 9.997E-05 9.997E-05 0.9996 9.997E-05
9.99736E-05 9.99736E-05 0.0490767 0.950623 9.99736E-05
9.997E-05 9.997E-05 9.997E-05 0.9996 9.997E-05
9.99736E-05 9.99736E-05 0.0233731 0.976327 9.99736E-05
9.997E-05 9.997E-05 9.997E-05 0.9996 9.997E-05
9.997E-05 9.997E-05 9.997E-05 0.9996 9.997E-05
9.997E-05 9.997E-05 9.997E-05 0.9996 9.997E-05
9.997E-05 9.997E-05 9.997E-05 0.9996 9.997E-05
9.997E-05 9.997E-05 9.997E-05 0.9996 9.997E-05
9.997E-05 9.997E-05 9.997E-05 0.9996 9.997E-05
9.997E-05 9.997E-05 9.997E-05 0.9996 9.997E-05
9.99736E-05 9.99736E-05 0.05134 0.94836 9.99736E-05
9.997E-05 9.997E-05 9.997E-05 0.9996 9.997E-05
9.997E-05 9.997E-05 9.997E-05 0.9996 9.997E-05
9.997E-05 9.997E-05 9.997E-05 0.9996 9.997E-05
9.997E-05 9.997E-05 9.997E-05 0.9996 9.997E-05
9.99736E-05 9.99736E-05 0.0289704 0.97073 9.99736E-05
9.997E-05 9.997E-05 9.997E-05 0.9996 9.997E-05
9.997E-05 9.997E-05 9.997E-05 0.9996 9.997E-05
9.997E-05 9.997E-05 9.997E-05 0.9996 9.997E-05
9.997E-05 9.997E-05 9.997E-05 0.9996 9.997E-05
9.997E-05 9.997E-05 9.997E-05 0.9996 9.997E-05
9.99736E-05 9.99736E-05 0.0234836 0.976216 9.99736E-05
9.99824E-05 9.99824E-05 0.0790785 0.904601 0.0161203
9.99736E-05 9.99736E-05 0.0897333 0.909967 9.99736E-05
9.997E-05 9.997E-05 9.997E-05 0.9996 9.997E-05
9.997E-05 9.997E-05 9.997E-05 0.9996 9.997E-05
9.997E-05 9.997E-05 9.997E-05 0.9996 9.997E-05
9.997E-05 9.997E-05 9.997E-05 0.9996 9.997E-05
9.997E-05 9.997E-05 9.997E-05 0.9996 9.997E-05
9.997E-05 9.997E-05 9.997E-05 0.9996 9.997E-05
9.997E-05 9.997E-05 9.997E-05 0.9996 9.997E-05
9.997E-05 9.997E-05 9.997E-05 0.9996 9.997E-05
9.997E-05 9.997E-05 9.997E-05 0.9996 9.997E-05
9.997E-05 9.997E-05 9.997E-05 0.9996 9.997E-05
9.997E-05 9.997E-05 9.997E-05 0.9996 9.997E-05
9.997E-05 9.997E-05 9.997E-05 0.9996 9.997E-05
9.997E-05 9.997E-05 9.997E-05 0.9996 9.997E-05
9.997E-05 9.997E-05 9.997E-05 0.9996 9.997E-05
9.997E-05 9.997E-05 9.997E-05 0.9996 9.997E-05
9.997E-05 9.997E-05 9.997E-05 0.9996 9.997E-05
9.997E-05 9.997E-05 9.997E-05 0.9996 9.997E-05
9.997E-05 9.997E-05 9.997E-05 0.9996 9.997E-05
9.99736E-05 9.99736E-05 0.0180488 0.981651 9.99736E-05
9.997E-05 9.997E-05 9.997E-05 0.9996 9.997E-05
9.997E-05 9.997E-05 9.997E-05 0.9996 9.997E-05
9.997E-05 9.997E-05 9.997E-05 0.9996 9.997E-05
9.99736E-05 9.99736E-05 0.105923 0.893777 9.99736E-05
9.99736E-05 9.99736E-05 9.99736E-05 0.987311 0.0123889
9.997E-05 9.997E-05 9.997E-05 0.9996 9.997E-05
9.997E-05 9.997E-05 9.997E-05 0.9996 9.997E-05
9.997E-05 9.997E-05 9.997E-05 0.9996 9.997E-05
9.997E-05 9.997E-05 9.997E-05 0.9996 9.997E-05
9.997E-05 9.997E-05 9.997E-05 0.9996 9.997E-05
9.997E-05 9.997E-05 9.997E-05 0.9996 9.997E-05
9.99824E-05 9.99824E-05 0.0201537 0.948624 0.0310225
9.99824E-05 9.99824E-05 0.296176 0.530423 0.173201
9.99824E-05 9.99824E-05 0.257184 0.635407 0.107208
9.99824E-05 9.99824E-05 0.0153731 0.749283 0.235144
9.99824E-05 9.99824E-05 0.105434 0.724461 0.169905
9.99824E-05 9.99824E-05 0.26713 0.559784 0.172886
9.99824E-05 9.99824E-05 0.214046 0.554318 0.231436
9.99824E-05 9.99824E-05 0.13671 0.557639 0.305451
9.99737E-05 9.99737E-05 9.99737E-05 0.702846 0.296854
9.99824E-05 9.99824E-05 0.313131 0.545466 0.141203
9.99824E-05 9.99824E-05 0.244306 0.563301 0.192193
9.99824E-05 9.99824E-05 0.214234 0.638908 0.146658
9.99825E-05 9.99825E-05 0.495843 0.440889 0.0630675
9.99737E-05 9.99737E-05 9.99737E-05 0.874558 0.125142
9.99736E-05 9.99736E-05 9.99736E-05 0.810295 0.189405
9.99736E-05 9.99736E-05 9.99736E-05 0.870887 0.128813
9.99736E-05 9.99736E-05 9.99736E-05 0.871038 0.128662
9.99737E-05 9.99737E-05 9.99737E-05 0.87499 0.12471
9.99824E-05 9.99824E-05 0.752991 0.119023 0.127786
9.99824E-05 9.99824E-05 0.411537 0.375385 0.212878
9.99737E-05 9.99737E-05 0.758146 0.241554 9.99737E-05
9.99824E-05 9.99824E-05 0.911264 0.0756854 0.012851
9.99824E-05 9.99824E-05 0.67372 0.215987 0.110093
9.99736E-05 9.99736E-05 0.935427 0.0642732 9.99736E-05
9.99736E-05 9.99736E-05 0.954405 9.99736E-05 0.0452946
9.99824E-05 9.99824E-05 0.959637 0.0302593 0.00990404
9.99824E-05 9.99824E-05 0.77519 0.120546 0.104064
9.99824E-05 9.99824E-05 0.714634 0.233077 0.0520889
9.99824E-05 0.0701367 0.702223 9.99824E-05 0.22744
9.99737E-05 9.99737E-05 0.983787 0.0159128 9.99737E-05
9.99824E-05 9.99824E-05 0.511294 0.196335 0.292172
9.99824E-05 9.99824E-05 0.519698 0.0893684 0.390734
9.99824E-05 9.99824E-05 0.644059 0.128863 0.226878
9.99912E-05 0.0680293 0.605159 0.0663832 0.260329
9.99824E-05 9.99824E-05 0.581145 0.146959 0.271695
0.00569379 9.99912E-05 0.874516 0.0315292 0.0881615
9.99824E-05 9.99824E-05 0.532408 0.379865 0.0875266
9.99824E-05 9.99824E-05 0.414767 0.144954 0.44008
9.99824E-05 9.99824E-05 0.419097 0.106733 0.47397
9.99824E-05 9.99824E-05 0.754159 0.0132297 0.232412
9.99824E-05 9.99824E-05 0.417917 0.1079 0.473982
9.99737E-05 9.99737E-05 0.924172 9.99737E-05 0.0755285
9.99824E-05 9.99824E-05 0.675577 0.221683 0.102541
9.99824E-05 9.99824E-05 0.578794 0.266124 0.154882
9.99737E-05 9.99737E-05 0.714131 0.285569 9.99737E-05
9.99736E-05 9.99736E-05 0.707127 0.292573 9.99736E-05
9.99824E-05 9.99824E-05 0.661397 0.2027 0.135703
9.99824E-05 9.99824E-05 0.764218 0.0200114 0.215571
9.99824E-05 9.99824E-05 0.809866 0.0432394 0.146694
9.99824E-05 9.99824E-05 0.430385 0.351644 0.217771
0.044313 9.99912E-05 0.467536 0.331454 0.156596
9.99736E-05 9.99736E-05 0.823729 9.99736E-05 0.175971
9.99736E-05 9.99736E-05 0.692727 9.99736E-05 0.306973
9.99824E-05 9.99824E-05 0.769606 0.111325 0.118869
9.99824E-05 9.99824E-05 0.783809 0.0772361 0.138755
9.99824E-05 9.99824E-05 0.766691 0.150335 0.0827744
9.99824E-05 9.99824E-05 0.499409 0.0286565 0.471735
9.99824E-05 9.99824E-05 0.772708 0.15402 0.0730729
0.00684816 0.0929489 0.774909 0.125194 9.99912E-05
9.99824E-05 9.99824E-05 0.763268 0.047708 0.188824
9.99824E-05 9.99824E-05 0.845067 0.00246928 0.152264
9.99736E-05 9.99736E-05 0.997169 0.00253123 9.99736E-05
9.99824E-05 9.99824E-05 0.809717 0.0985568 0.0915267
9.99824E-05 9.99824E-05 0.762411 0.161413 0.0759757
9.99736E-05 9.99736E-05 0.848208 9.99736E-05 0.151492
9.99824E-05 9.99824E-05 0.429919 0.251041 0.31884
9.99824E-05 9.99824E-05 0.7774 0.13671 0.0856905
9.99824E-05 9.99824E-05 0.79726 0.0453704 0.157169
9.99824E-05 0.0425267 0.837748 0.119526 9.99824E-05
9.99824E-05 0.0188582 0.885333 0.0956087 9.99824E-05
9.99824E-05 9.99824E-05 0.72687 0.117743 0.155187
9.99824E-05 9.99824E-05 0.7337 0.139682 0.126417
9.99824E-05 0.034112 0.886788 0.0789002 9.99824E-05
9.99912E-05 0.001583 0.375049 0.347386 0.275882
9.99824E-05 9.99824E-05 0.885171 0.0384701 0.0761585
9.99824E-05 9.99824E-05 0.802753 0.0248199 0.172228
9.99824E-05 9.99824E-05 0.834217 0.00715027 0.158433
9.99824E-05 9.99824E-05 0.855694 0.0233978 0.120708
9.99824E-05 9.99824E-05 0.802896 0.126973 0.0699319
9.99824E-05 9.99824E-05 0.821365 0.0913186 0.0871166
9.99736E-05 9.99736E-05 0.546095 9.99736E-05 0.453605
9.99824E-05 9.99824E-05 0.871865 0.0132937 0.114641
9.99824E-05 0.107086 0.786075 0.10664 9.99824E-05
9.99824E-05 9.99824E-05 0.810351 0.126855 0.0625938
9.99824E-05 9.99824E-05 0.7749 0.188816 0.0360845
9.99824E-05 9.99824E-05 0.804063 0.0934927 0.102245
9.99736E-05 9.99736E-05 0.785518 9.99736E-05 0.214182
9.99736E-05 9.99736E-05 0.899444 9.99736E-05 0.100256
9.99736E-05 9.99736E-05 0.856641 9.99736E-05 0.143059
9.99824E-05 0.0367455 0.885878 0.0771768 9.99824E-05
9.99824E-05 9.99824E-05 0.727102 0.0311984 0.2415
9.99912E-05 0.0033143 0.670139 0.0936567 0.23279
9.997E-05 9.997E-05 0.9996 9.997E-05 9.997E-05
9.99824E-05 9.99824E-05 0.721001 0.120271 0.158528
9.99824E-05 9.99824E-05 0.780163 0.117839 0.101797
9.99824E-05 9.99824E-05 0.688883 0.165749 0.145168
9.99824E-05 9.99824E-05 0.544035 0.251872 0.203893
9.99824E-05 9.99824E-05 0.637056 0.205514 0.15723
0.174058 9.99912E-05 0.696394 0.0364083 0.0930395
9.99736E-05 9.99736E-05 0.888794 0.110906 9.99736E-05
9.99824E-05 9.99824E-05 0.827016 0.102293 0.0704904
9.99736E-05 9.99736E-05 0.816158 9.99736E-05 0.183542
9.99912E-05 0.0657995 0.577387 0.188235 0.168479
9.99824E-05 9.99824E-05 0.86134 0.0852472 0.0532126
9.99824E-05 9.99824E-05 0.563191 0.342456 0.0941522
9.99736E-05 9.99736E-05 0.970272 0.0294284 9.99736E-05
9.99824E-05 9.99824E-05 0.807781 0.123447 0.0685715
9.99824E-05 0.00784338 0.767515 0.224442 9.99824E-05
9.99824E-05 9.99824E-05 0.828783 0.101258 0.0697589
9.99824E-05 9.99824E-05 0.878531 0.0258869 0.0953822
9.99824E-05 9.99824E-05 0.844209 0.00483967 0.150751
9.997E-05 9.997E-05 0.9996 9.997E-05 9.997E-05
9.99824E-05 9.99824E-05 0.502377 0.0804751 0.416948
9.99912E-05 0.0249196 0.305218 0.37491 0.294852
9.99824E-05 9.99824E-05 0.785506 0.11655 0.0977445
9.99824E-05 9.99824E-05 0.539269 0.288484 0.172047
9.99824E-05 9.99824E-05 0.527813 0.268285 0.203702
9.99824E-05 9.99824E-05 0.752506 0.0785894 0.168705
9.99824E-05 9.99824E-05 0.872499 0.0649215 0.0623795
9.99824E-05 9.99824E-05 0.662442 0.0710956 0.266262
9.99824E-05 9.99824E-05 0.547178 0.19961 0.253012
9.99912E-05 0.045429 0.731979 0.0843281 0.138163
9.99824E-05 9.99824E-05 0.63875 0.26528 0.0957706
9.99736E-05 9.99736E-05 0.927205 9.99736E-05 0.0724946
9.99824E-05 9.99824E-05 0.554706 0.302899 0.142196
9.99825E-05 0.0328629 0.94984 9.99825E-05 0.0170971
9.99824E-05 9.99824E-05 0.883903 0.0613887 0.0545084
9.99824E-05 9.99824E-05 0.82658 0.091284 0.0819364
9.99824E-05 9.99824E-05 0.769426 0.151405 0.0789695
9.99824E-05 9.99824E-05 0.873124 0.0645443 0.0621314
9.99824E-05 9.99824E-05 0.838149 0.100812 0.0608386
9.99736E-05 9.99736E-05 0.786007 0.213694 9.99736E-05
9.99912E-05 0.0319574 0.849597 0.0564747 0.0618707
9.99736E-05 9.99736E-05 0.875461 9.99736E-05 0.124239
9.99736E-05 9.99736E-05 0.907808 0.0918921 9.99736E-05
9.99824E-05 9.99824E-05 0.903783 0.0538647 0.0421522
9.99824E-05 9.99824E-05 0.837067 0.149943 0.0127896
9.99824E-05 9.99824E-05 0.569297 0.146675 0.283828
9.99824E-05 9.99824E-05 0.770438 0.114871 0.114492
9.99737E-05 9.99737E-05 0.548493 0.451207 9.99737E-05
9.99824E-05 9.99824E-05 0.910064 0.04421 0.0455264
9.99824E-05 9.99824E-05 0.360903 0.265861 0.373036
9.99824E-05 9.99824E-05 0.77905 0.118616 0.102134
9.99824E-05 9.99824E-05 0.875647 0.0200867 0.104066
9.99824E-05 9.99824E-05 0.830632 0.00860928 0.160558
9.99824E-05 9.99824E-05 0.636264 0.198174 0.165362
9.99824E-05 9.99824E-05 0.687431 0.238782 0.0735865
9.99824E-05 9.99824E-05 0.55372 0.252073 0.194007
9.99824E-05 9.99824E-05 0.873525 0.0255106 0.100764
9.99824E-05 9.99824E-05 0.769498 0.0672729 0.163029
9.99824E-05 9.99824E-05 0.526353 0.193664 0.279783
9.99824E-05 9.99824E-05 0.818644 0.0666544 0.114502
9.99736E-05 9.99736E-05 0.882696 9.99736E-05 0.117004
9.99824E-05 9.99824E-05 0.858763 0.00456249 0.136475
9.99824E-05 9.99824E-05 0.533841 0.262377 0.203582
9.99824E-05 9.99824E-05 0.769498 0.0672729 0.163029
9.99736E-05 9.99736E-05 0.94098 0.0587196 9.99736E-05
9.99824E-05 0.0265276 0.849047 9.99824E-05 0.124226
9.99736E-05 9.99736E-05 0.749345 0.250355 9.99736E-05
9.99824E-05 9.99824E-05 0.666162 0.13246 0.201178
9.99736E-05 9.99736E-05 0.588507 9.99736E-05 0.411193
9.99824E-05 9.99824E-05 0.252348 0.104713 0.642739
9.99824E-05 9.99824E-05 0.383828 0.527189 0.0887837
9.99824E-05 9.99824E-05 0.434058 0.284705 0.281037
9.99824E-05 9.99824E-05 0.202827 0.090416 0.706557
9.99824E-05 9.99824E-05 0.404908 0.351504 0.243387
9.99736E-05 9.99736E-05 0.566511 0.433189 9.99736E-05
9.99824E-05 9.99824E-05 0.606296 0.179318 0.214186
9.99824E-05 9.99824E-05 0.330639 0.451243 0.217918
9.99824E-05 9.99824E-05 0.492215 0.250443 0.257142
0.00810398 9.99912E-05 0.620771 0.122398 0.248626
9.99824E-05 9.99824E-05 0.455781 0.247812 0.296207
9.99736E-05 9.99736E-05 0.558302 0.441398 9.99736E-05
9.99824E-05 9.99824E-05 0.388319 0.157106 0.454375
9.99824E-05 9.99824E-05 0.478584 0.00590684 0.515309
9.99824E-05 9.99824E-05 0.41409 0.246613 0.339097
9.99824E-05 9.99824E-05 0.607827 0.199763 0.19221
9.99824E-05 9.99824E-05 0.53309 0.246373 0.220337
9.99824E-05 9.99824E-05 0.192111 0.533237 0.274452
9.99824E-05 9.99824E-05 0.521742 0.0342944 0.443764
9.99736E-05 9.99736E-05 0.686725 9.99736E-05 0.312975
9.99824E-05 9.99824E-05 0.39159 0.343403 0.264807
9.99824E-05 9.99824E-05 0.460997 0.118908 0.419895
9.99824E-05 9.99824E-05 0.40456 0.344332 0.250909
9.99824E-05 9.99824E-05 0.246497 0.407629 0.345674
9.99824E-05 9.99824E-05 0.567936 0.27361 0.158254
9.99736E-05 9.99736E-05 9.99736E-05 0.781691 0.218009
9.99824E-05 9.99824E-05 0.509122 0.165433 0.325246
9.99737E-05 9.99737E-05 9.99737E-05 0.630846 0.368855
9.99824E-05 9.99824E-05 0.758264 0.0204735 0.221062
9.99825E-05 9.99825E-05 0.91142 0.0375224 0.0508573
9.99824E-05 9.99824E-05 0.679846 0.0818558 0.238098
9.99912E-05 0.000304294 0.757898 0.139384 0.102314
9.99736E-05 9.99736E-05 0.809324 9.99736E-05 0.190376
9.99824E-05 9.99824E-05 0.829978 0.0933261 0.0764963
9.99912E-05 0.116772 0.713028 0.0873892 0.0827109
9.99824E-05 9.99824E-05 0.608712 0.20845 0.182638
9.99824E-05 9.99824E-05 0.547353 0.156427 0.29602
9.99912E-05 0.0118032 0.628088 0.108406 0.251602
9.99824E-05 9.99824E-05 0.769631 0.137716 0.0924538
9.99824E-05 9.99824E-05 0.834911 0.0545635 0.110326
9.99736E-05 9.99736E-05 0.922955 9.99736E-05 0.0767452
9.99736E-05 9.99736E-05 0.922904 9.99736E-05 0.0767959
9.99824E-05 9.99824E-05 0.945836 0.02216 0.0318036
9.99824E-05 9.99824E-05 0.74672 0.0430609 0.210019
9.99737E-05 9.99737E-05 0.905988 9.99737E-05 0.0937121
9.99824E-05 9.99824E-05 0.754717 0.00701505 0.238068
9.99824E-05 9.99824E-05 0.57233 0.224868 0.202601
9.99736E-05 9.99736E-05 0.852435 9.99736E-05 0.147265
9.99912E-05 0.0351355 0.8386 0.00721113 0.118953
9.99824E-05 9.99824E-05 0.678749 0.248023 0.0730284
9.99824E-05 0.0424817 0.703563 9.99824E-05 0.253756
9.99824E-05 0.0268402 0.746584 9.99824E-05 0.226376
9.99824E-05 9.99824E-05 0.757619 0.0417977 0.200384
