0.363732 9.99561E-05 9.99561E-05 9.99561E-05 0.0566095 0.020535 0.425122 0.0221775 9.99561E-05 9.99561E-05 0.111325
0.175852 9.99386E-05 9.99386E-05 0.0133417 9.99386E-05 9.99386E-05 0.770072 9.99386E-05 9.99386E-05 9.99386E-05 0.0400346
9.99561E-05 9.99561E-05 0.000972639 0.0206218 9.99561E-05 9.99561E-05 0.910915 0.0543579 9.99561E-05 0.00302648 0.00960651
9.99561E-05 0.165575 9.99561E-05 0.318977 9.99561E-05 0.108571 0.28061 9.99561E-05 0.0808616 0.0449057 9.99561E-05
9.99297E-05 9.99297E-05 9.99297E-05 0.21358 9.99297E-05 0.00640928 0.779211 9.99297E-05 9.99297E-05 9.99297E-05 9.99297E-05
0.0760179 0.163392 9.99649E-05 0.119791 0.0209082 0.143 0.314899 9.99649E-05 0.161591 9.99649E-05 9.99649E-05
0.244326 0.200569 0.0441914 9.99561E-05 9.99561E-05 9.99561E-05 0.289445 0.0660841 9.99561E-05 9.99561E-05 0.154884
9.99649E-05 0.206331 0.146932 0.146192 0.0431252 0.182088 0.235346 9.99649E-05 9.99649E-05 9.99649E-05 0.0395858
0.265982 9.99473E-05 9.99473E-05 0.0044676 9.99473E-05 0.252686 0.273487 0.202778 9.99473E-05 9.99473E-05 9.99473E-05
0.0207973 0.0170578 9.99385E-05 9.99385E-05 0.0195809 9.99385E-05 0.941864 9.99385E-05 9.99385E-05 9.99385E-05 9.99385E-05
0.166329 9.99386E-05 9.99386E-05 9.99386E-05 9.99386E-05 0.0566137 0.599715 9.99386E-05 9.99386E-05 9.99386E-05 0.176642
9.99298E-05 0.107284 0.0306613 9.99298E-05 9.99298E-05 9.99298E-05 0.861256 9.99298E-05 9.99298E-05 9.99298E-05 9.99298E-05
0.0719779 0.0117648 9.99385E-05 9.99385E-05 9.99385E-05 0.029172 0.886386 9.99385E-05 9.99385E-05 9.99385E-05 9.99385E-05
0.0424128 9.99474E-05 0.0489458 9.99474E-05 9.99474E-05 9.99474E-05 0.660296 9.99474E-05 0.192415 9.99474E-05 0.055331
0.155401 0.15977 9.99561E-05 9.99561E-05 9.99561E-05 0.203636 0.387675 0.0247036 0.0683142 9.99561E-05 9.99561E-05
0.167753 0.220836 0.119408 9.99473E-05 9.99473E-05 0.218268 0.273136 9.99473E-05 9.99473E-05 9.99473E-05 9.99473E-05
0.146717 0.0557266 0.0180986 9.99561E-05 9.99561E-05 9.99561E-05 0.627071 9.99561E-05 0.0958496 9.99561E-05 0.0560369
0.35024 9.99649E-05 9.99649E-05 9.99649E-05 0.184592 0.0465572 0.246577 0.0294352 9.99649E-05 0.107263 0.0349358
0.252459 0.158668 9.99648E-05 9.99648E-05 0.0187572 0.160052 0.370628 9.99648E-05 9.99648E-05 0.0149562 0.0240797
9.99209E-05 9.99209E-05 9.99209E-05 9.99209E-05 9.99209E-05 9.99209E-05 0.921668 9.99209E-05 9.99209E-05 0.0774328 9.99209E-05
0.05763 0.149629 0.00239609 0.0260923 9.99824E-05 0.121447 0.462416 0.0151946 9.99824E-05 0.0583717 0.106624
0.0371661 0.235179 9.99473E-05 0.158516 9.99473E-05 0.206593 0.361945 9.99473E-05 9.99473E-05 9.99473E-05 9.99473E-05
0.146135 9.99386E-05 9.99386E-05 9.99386E-05 9.99386E-05 0.0497824 0.701441 9.99386E-05 9.99386E-05 9.99386E-05 0.101942
0.282931 0.131957 0.0643124 9.99473E-05 9.99473E-05 9.99473E-05 0.405789 0.114411 9.99473E-05 9.99473E-05 9.99473E-05
0.193922 0.0496296 9.99736E-05 9.99736E-05 9.99736E-05 0.0748052 0.265178 0.0435788 0.211789 0.11973 0.0410668
0.0554022 0.105766 9.99473E-05 9.99473E-05 9.99473E-05 0.0330102 0.630263 9.99473E-05 0.174959 9.99473E-05 9.99473E-05
0.276733 0.0667941 0.123464 9.99736E-05 0.13901 0.0262128 0.100104 9.99736E-05 0.254854 9.99736E-05 0.0125284
0.0839214 0.0924208 9.99386E-05 9.99386E-05 9.99386E-05 9.99386E-05 0.693192 9.99386E-05 0.129767 9.99386E-05 9.99386E-05
0.246257 9.99561E-05 9.99561E-05 9.99561E-05 9.99561E-05 9.99561E-05 0.616855 0.0439659 0.0499676 0.03027 0.0121846
0.0716941 9.99561E-05 9.99561E-05 9.99561E-05 9.99561E-05 0.0232267 0.806049 0.0238351 0.0696386 9.99561E-05 0.00505696
0.0831974 0.00249214 9.99649E-05 9.99649E-05 0.0102741 0.0282636 0.725566 9.99649E-05 9.99649E-05 0.029517 0.12029
0.0465923 0.153549 9.99474E-05 9.99474E-05 9.99474E-05 9.99474E-05 0.548432 9.99474E-05 0.201694 9.99474E-05 0.049133
0.145851 9.99561E-05 0.109324 9.99561E-05 9.99561E-05 0.0241828 0.59267 9.99561E-05 9.99561E-05 0.000469913 0.127002
0.0672372 0.107437 0.0225916 9.99649E-05 0.0258005 9.99649E-05 0.516422 9.99649E-05 0.255436 9.99649E-05 0.00467555
0.0643934 9.99474E-05 9.99474E-05 9.99474E-05 0.00270329 9.99474E-05 0.7787 9.99474E-05 9.99474E-05 0.0866795 0.0669244
0.110083 0.114281 9.99473E-05 0.0433527 9.99473E-05 9.99473E-05 0.690167 0.0415166 9.99473E-05 9.99473E-05 9.99473E-05
9.99298E-05 0.109585 0.0675944 9.99298E-05 9.99298E-05 9.99298E-05 0.822021 9.99298E-05 9.99298E-05 9.99298E-05 9.99298E-05
0.0198624 9.99386E-05 9.99386E-05 9.99386E-05 9.99386E-05 0.215737 0.700544 9.99386E-05 9.99386E-05 0.0631572 9.99386E-05
0.215291 9.99474E-05 9.99474E-05 0.130173 9.99474E-05 9.99474E-05 0.522258 9.99474E-05 0.0992915 9.99474E-05 0.0323868
9.99297E-05 9.99297E-05 0.197906 9.99297E-05 9.99297E-05 9.99297E-05 0.553793 9.99297E-05 0.247502 9.99297E-05 9.99297E-05
0.0381352 0.0510444 9.99474E-05 9.99474E-05 9.99474E-05 0.0284582 0.820073 9.99474E-05 9.99474E-05 9.99474E-05 0.0616893
0.28059 0.0339437 9.99473E-05 9.99473E-05 0.0213594 9.99473E-05 0.638048 0.0254601 9.99473E-05 9.99473E-05 9.99473E-05
9.99386E-05 9.99386E-05 0.0142178 9.99386E-05 9.99386E-05 9.99386E-05 0.882272 9.99386E-05 0.0752583 9.99386E-05 0.0275527
0.311848 9.99473E-05 9.99473E-05 9.99473E-05 9.99473E-05 0.0745132 0.440283 0.0950278 9.99473E-05 9.99473E-05 0.0777287
0.310625 0.341763 9.99386E-05 0.0395595 9.99386E-05 9.99386E-05 0.307353 9.99386E-05 9.99386E-05 9.99386E-05 9.99386E-05
0.00126428 0.0154179 9.99473E-05 0.0296828 9.99473E-05 9.99473E-05 0.873206 9.99473E-05 9.99473E-05 0.079829 9.99473E-05
0.0352078 0.00719754 9.99561E-05 9.99561E-05 0.062823 0.0368076 0.831544 9.99561E-05 9.99561E-05 9.99561E-05 0.0259203
9.99298E-05 9.99298E-05 0.0455805 9.99298E-05 9.99298E-05 9.99298E-05 0.952296 9.99298E-05 9.99298E-05 0.00132442 9.99298E-05
0.160255 0.104557 9.99385E-05 9.99385E-05 9.99385E-05 9.99385E-05 0.672366 9.99385E-05 9.99385E-05 9.99385E-05 0.0621222
9.99562E-05 9.99562E-05 0.118301 0.104859 0.0421584 9.99562E-05 0.711964 9.99562E-05 9.99562E-05 0.000185842 0.0220325
0.216367 0.0949084 9.99736E-05 0.00651981 9.99736E-05 0.092162 0.285347 0.014465 0.171143 9.99736E-05 0.118788
9.99649E-05 0.0934076 0.053658 0.106715 9.99649E-05 0.0329324 0.652839 0.0496115 9.99649E-05 0.0104365 9.99649E-05
0.0126896 9.99385E-05 9.99385E-05 9.99385E-05 0.0687878 0.0202632 0.89756 9.99385E-05 9.99385E-05 9.99385E-05 9.99385E-05
0.0277585 9.99737E-05 0.246557 0.0564062 9.99737E-05 0.0196544 0.53497 9.99737E-05 0.0521142 0.0465457 0.0156939
0.0700556 0.0265089 0.0306142 0.103124 9.99649E-05 9.99649E-05 0.751208 0.0100895 9.99649E-05 0.00800016 9.99649E-05
9.99386E-05 9.99386E-05 9.99386E-05 0.117609 9.99386E-05 9.99386E-05 0.722424 9.99386E-05 0.0820348 9.99386E-05 0.0772329
0.118724 9.99386E-05 9.99386E-05 9.99386E-05 0.124987 0.0191457 0.736443 9.99386E-05 9.99386E-05 9.99386E-05 9.99386E-05
9.99298E-05 0.198581 9.99298E-05 9.99298E-05 9.99298E-05 0.0253797 0.77524 9.99298E-05 9.99298E-05 9.99298E-05 9.99298E-05
9.99385E-05 9.99385E-05 0.0696597 9.99385E-05 0.0252345 9.99385E-05 0.824302 9.99385E-05 9.99385E-05 9.99385E-05 0.0801039
0.585622 9.99561E-05 9.99561E-05 9.99561E-05 0.107112 0.0819103 0.100003 9.99561E-05 0.0477715 9.99561E-05 0.0770809
0.37481 0.224594 0.0154354 9.99474E-05 9.99474E-05 9.99474E-05 0.333073 0.051488 9.99474E-05 9.99474E-05 9.99474E-05
0.284057 9.99649E-05 0.0982284 9.99649E-05 0.17172 0.0190151 0.359035 9.99649E-05 0.0157625 9.99649E-05 0.0517816
0.46386 0.00219659 0.000233959 9.99649E-05 0.0396303 0.119966 9.99649E-05 9.99649E-05 0.290799 9.99649E-05 0.0829141
0.295671 0.174688 0.0390681 0.0141241 0.108287 0.13026 0.124688 9.99824E-05 9.99824E-05 0.0729605 0.0400539
0.652471 9.99385E-05 9.99385E-05 9.99385E-05 9.99385E-05 0.0802072 9.99385E-05 0.155397 9.99385E-05 9.99385E-05 0.111225
0.707876 0.170171 9.99473E-05 9.99473E-05 9.99473E-05 0.00037148 0.0327189 9.99473E-05 9.99473E-05 9.99473E-05 0.0882622
0.570111 9.99386E-05 9.99386E-05 9.99386E-05 0.247793 0.0983885 9.99386E-05 9.99386E-05 0.0830079 9.99386E-05 9.99386E-05
0.529249 9.99474E-05 0.0313485 9.99474E-05 9.99474E-05 9.99474E-05 0.207208 0.159945 0.0716503 9.99474E-05 9.99474E-05
0.370245 0.149466 9.99473E-05 9.99473E-05 9.99473E-05 0.0809781 0.253537 9.99473E-05 9.99473E-05 9.99473E-05 0.145174
0.663406 0.0499727 9.99473E-05 9.99473E-05 0.0310859 0.0637492 9.99473E-05 9.99473E-05 9.99473E-05 9.99473E-05 0.191186
0.4288 0.186868 0.0977179 9.99561E-05 0.062149 0.0764334 9.99561E-05 9.99561E-05 9.99561E-05 9.99561E-05 0.147532
0.288205 0.093108 0.091189 0.18223 0.0345738 0.152826 9.99737E-05 9.99737E-05 0.0501583 9.99737E-05 0.10741
0.752896 0.0735177 0.0922515 0.0424751 0.00609761 0.0115952 0.0207673 9.99649E-05 9.99649E-05 9.99649E-05 9.99649E-05
0.322423 9.9965E-05 0.0538241 9.9965E-05 0.0299109 9.9965E-05 0.241207 0.0777778 0.1991 9.9965E-05 0.0753569
0.40025 0.132177 9.99561E-05 9.99561E-05 9.99561E-05 0.0677891 0.272736 9.99561E-05 0.0393975 9.99561E-05 0.0871506
0.486513 0.206207 0.0238287 9.99561E-05 0.0942805 9.99561E-05 9.99561E-05 0.0601938 0.128477 9.99561E-05 9.99561E-05
0.243925 0.381799 9.99474E-05 9.99474E-05 9.99474E-05 0.0973882 0.11268 9.99474E-05 9.99474E-05 9.99474E-05 0.163608
0.441413 0.113209 9.99561E-05 9.99561E-05 0.148834 0.0270261 0.206562 9.99561E-05 9.99561E-05 9.99561E-05 0.0624558
0.708693 0.0438086 0.145527 9.99561E-05 0.0363316 9.99561E-05 9.99561E-05 0.00232161 9.99561E-05 9.99561E-05 0.0628193
0.407273 9.99563E-05 0.163617 9.99563E-05 0.0355627 9.99563E-05 0.325056 9.99563E-05 0.0144752 9.99563E-05 0.0535163
0.50905 0.311078 0.0276362 9.99649E-05 0.033984 0.061603 0.0338541 9.99649E-05 0.0223944 9.99649E-05 9.99649E-05
0.407763 0.0276319 0.0187387 9.99737E-05 0.0662875 0.0068634 0.157331 9.99737E-05 0.273784 9.99737E-05 0.0413002
0.18903 0.202658 0.123513 0.0256569 0.124708 0.0970266 0.15849 0.0786173 9.99737E-05 9.99737E-05 9.99737E-05
0.265824 0.280167 9.99473E-05 9.99473E-05 9.99473E-05 0.0262041 0.22703 9.99473E-05 9.99473E-05 9.99473E-05 0.200176
0.414099 0.0431035 9.9965E-05 9.9965E-05 9.9965E-05 0.0565618 0.363311 9.9965E-05 0.0557344 0.0495284 0.0172625
0.266502 9.99562E-05 0.0450814 9.99562E-05 0.145843 9.99562E-05 0.368802 0.126794 0.0464769 9.99562E-05 9.99562E-05
0.494238 0.185986 0.00100986 9.99562E-05 9.99562E-05 0.0386829 0.235024 0.0445591 9.99562E-05 9.99562E-05 9.99562E-05
0.402481 0.0170049 9.99474E-05 9.99474E-05 0.249054 0.0443732 0.286487 9.99474E-05 9.99474E-05 9.99474E-05 9.99474E-05
0.489785 9.99475E-05 9.99475E-05 9.99475E-05 9.99475E-05 0.124316 0.260916 9.99475E-05 0.104832 9.99475E-05 0.0195521
9.99297E-05 9.99297E-05 9.99297E-05 0.0134154 9.99297E-05 0.186576 9.99297E-05 9.99297E-05 0.799209 9.99297E-05 9.99297E-05
9.99211E-05 9.99211E-05 9.99211E-05 9.99211E-05 9.99211E-05 0.00625436 9.99211E-05 9.99211E-05 0.992846 9.99211E-05 9.99211E-05
0.0141586 9.99385E-05 9.99385E-05 0.0591339 9.99385E-05 9.99385E-05 9.99385E-05 9.99385E-05 0.883562 9.99385E-05 0.0424464
0.134995 9.99648E-05 9.99648E-05 0.0566421 0.0301285 0.0593888 9.99648E-05 9.99648E-05 0.650327 0.0385819 0.0295373
9.9956E-05 9.9956E-05 9.9956E-05 9.9956E-05 0.0594025 0.216179 9.9956E-05 0.0294879 0.653843 0.0331462 0.00744175
0.162524 0.0706124 9.99385E-05 9.99385E-05 9.99385E-05 0.1819 9.99385E-05 9.99385E-05 0.584263 9.99385E-05 9.99385E-05
9.99473E-05 9.99473E-05 9.99473E-05 0.0173841 0.0609303 0.153547 9.99473E-05 9.99473E-05 0.724594 9.99473E-05 0.0429442
9.99297E-05 9.99297E-05 9.99297E-05 9.99297E-05 0.00609471 0.248036 9.99297E-05 9.99297E-05 0.74507 9.99297E-05 9.99297E-05
0.241504 9.99385E-05 9.99385E-05 9.99385E-05 9.99385E-05 0.378867 9.99385E-05 9.99385E-05 0.333674 9.99385E-05 0.0452553
0.209738 0.0202633 9.99473E-05 9.99473E-05 0.0745915 0.236086 9.99473E-05 9.99473E-05 0.458722 9.99473E-05 9.99473E-05
0.145568 9.99298E-05 9.99298E-05 9.99298E-05 9.99298E-05 0.0898971 9.99298E-05 9.99298E-05 0.763736 9.99298E-05 9.99298E-05
0.113068 9.99298E-05 9.99298E-05 9.99298E-05 9.99298E-05 9.99298E-05 9.99298E-05 9.99298E-05 0.871577 9.99298E-05 0.014555
9.99385E-05 9.99385E-05 9.99385E-05 9.99385E-05 0.0231983 0.146511 9.99385E-05 9.99385E-05 0.778184 9.99385E-05 0.0514069
0.196188 9.99385E-05 9.99385E-05 9.99385E-05 9.99385E-05 0.137364 9.99385E-05 0.00624358 0.659505 9.99385E-05 9.99385E-05
9.99473E-05 9.99473E-05 9.99473E-05 9.99473E-05 0.168176 0.104905 9.99473E-05 9.99473E-05 0.708009 0.00597443 0.0123369
0.276221 9.99473E-05 0.0647821 9.99473E-05 9.99473E-05 0.0250428 9.99473E-05 9.99473E-05 0.614506 9.99473E-05 0.0188484
0.168397 9.99385E-05 9.99385E-05 9.99385E-05 9.99385E-05 0.0536838 9.99385E-05 9.99385E-05 0.703505 0.0737148 9.99385E-05
9.99474E-05 9.99474E-05 0.0420076 0.131698 9.99474E-05 0.165023 9.99474E-05 9.99474E-05 0.646344 9.99474E-05 0.0143281
9.99385E-05 9.99385E-05 9.99385E-05 9.99385E-05 9.99385E-05 0.0143817 9.99385E-05 9.99385E-05 0.910643 0.0517458 0.0225299
0.0902935 9.99561E-05 0.0384079 9.99561E-05 9.99561E-05 0.126895 9.99561E-05 9.99561E-05 0.657491 0.0570666 0.0293466
0.139027 9.99385E-05 9.99385E-05 0.0818207 9.99385E-05 0.0842853 9.99385E-05 9.99385E-05 0.694167 9.99385E-05 9.99385E-05
9.99385E-05 9.99385E-05 9.99385E-05 9.99385E-05 0.0356356 0.122721 9.99385E-05 9.99385E-05 0.829521 9.99385E-05 0.0114224
0.211366 0.000554242 0.0249525 0.0278169 9.99648E-05 0.283022 9.99648E-05 9.99648E-05 0.360166 0.0917221 9.99648E-05
9.99297E-05 9.99297E-05 9.99297E-05 9.99297E-05 9.99297E-05 0.0837777 9.99297E-05 0.0617241 0.853699 9.99297E-05 9.99297E-05
0.307835 9.99473E-05 0.0217987 9.99473E-05 9.99473E-05 0.249679 9.99473E-05 9.99473E-05 0.302602 0.117485 9.99473E-05
0.222475 9.99298E-05 9.99298E-05 9.99298E-05 9.99298E-05 0.1342 9.99298E-05 9.99298E-05 0.642526 9.99298E-05 9.99298E-05
9.99299E-05 9.99299E-05 9.99299E-05 9.99299E-05 9.99299E-05 9.99299E-05 0.073727 0.0873237 0.83815 9.99299E-05 9.99299E-05
9.9956E-05 0.130175 0.00241358 9.9956E-05 9.9956E-05 0.100767 9.9956E-05 9.9956E-05 0.632323 0.0971353 0.0366861
0.298803 9.99298E-05 9.99298E-05 9.99298E-05 9.99298E-05 0.260902 9.99298E-05 9.99298E-05 0.439496 9.99298E-05 9.99298E-05
0.0336106 9.99473E-05 9.99473E-05 0.0412053 9.99473E-05 9.99473E-05 9.99473E-05 9.99473E-05 0.743996 0.13686 0.0437286
0.243495 9.99386E-05 9.99386E-05 9.99386E-05 9.99386E-05 0.0353295 9.99386E-05 9.99386E-05 0.637961 9.99386E-05 0.0825153
9.99385E-05 9.99385E-05 0.0721947 9.99385E-05 0.025523 9.99385E-05 9.99385E-05 9.99385E-05 0.881905 0.019678 9.99385E-05
9.99472E-05 9.99472E-05 9.99472E-05 0.0795891 9.99472E-05 0.309464 9.99472E-05 9.99472E-05 0.389906 0.216619 0.0038228
0.12366 9.99473E-05 9.99473E-05 9.99473E-05 9.99473E-05 0.0460108 9.99473E-05 9.99473E-05 0.723674 0.0512377 0.0548179
9.99209E-05 9.99209E-05 9.99209E-05 9.99209E-05 9.99209E-05 0.020906 9.99209E-05 9.99209E-05 0.978195 9.99209E-05 9.99209E-05
9.99473E-05 0.0278908 0.0242567 9.99473E-05 9.99473E-05 0.104987 9.99473E-05 9.99473E-05 0.777127 9.99473E-05 0.0651385
0.231557 9.99472E-05 9.99472E-05 9.99472E-05 0.067501 0.0791143 9.99472E-05 9.99472E-05 0.590304 9.99472E-05 0.0309238
9.99299E-05 9.99299E-05 9.99299E-05 9.99299E-05 0.0200141 0.0145594 9.99299E-05 9.99299E-05 0.964627 9.99299E-05 9.99299E-05
9.99386E-05 9.99386E-05 9.99386E-05 9.99386E-05 0.0352867 0.0178625 9.99386E-05 9.99386E-05 0.942335 9.99386E-05 0.00381638
9.99124E-05 9.99124E-05 9.99124E-05 9.99124E-05 9.99124E-05 9.99124E-05 9.99124E-05 9.99124E-05 0.999001 9.99124E-05 9.99124E-05
9.99212E-05 9.99212E-05 9.99212E-05 9.99212E-05 9.99212E-05 0.0115832 9.99212E-05 9.99212E-05 0.987518 9.99212E-05 9.99212E-05
0.407069 9.99472E-05 9.99472E-05 0.0126447 9.99472E-05 0.142262 9.99472E-05 9.99472E-05 0.426501 9.99472E-05 0.0109235
9.99385E-05 9.99385E-05 0.0734481 0.0159652 9.99385E-05 0.168347 9.99385E-05 9.99385E-05 0.741541 9.99385E-05 9.99385E-05
0.0243488 9.99299E-05 9.99299E-05 9.99299E-05 9.99299E-05 0.112506 9.99299E-05 9.99299E-05 0.862346 9.99299E-05 9.99299E-05
9.99211E-05 9.99211E-05 9.99211E-05 9.99211E-05 9.99211E-05 9.99211E-05 0.0505833 9.99211E-05 0.948517 9.99211E-05 9.99211E-05
0.202185 9.99648E-05 0.0292411 9.99648E-05 0.0442916 0.297589 9.99648E-05 9.99648E-05 0.32017 0.0818483 0.0242748
0.197899 9.99561E-05 0.0123243 9.99561E-05 0.015955 0.096165 9.99561E-05 9.99561E-05 0.61422 9.99561E-05 0.0629362
0.202995 9.99474E-05 0.0102954 9.99474E-05 9.99474E-05 0.232956 9.99474E-05 0.112826 0.440329 9.99474E-05 9.99474E-05
0.123301 9.99649E-05 9.99649E-05 0.0326052 9.99649E-05 0.286954 9.99649E-05 0.021587 0.404675 0.08304 0.0474374
9.99123E-05 9.99123E-05 9.99123E-05 9.99123E-05 9.99123E-05 9.99123E-05 9.99123E-05 9.99123E-05 0.999001 9.99123E-05 9.99123E-05
0.104713 0.211288 0.106102 9.99473E-05 9.99473E-05 0.0158521 9.99473E-05 9.99473E-05 0.561445 9.99473E-05 9.99473E-05
9.99211E-05 9.99211E-05 9.99211E-05 9.99211E-05 9.99211E-05 0.0800874 9.99211E-05 9.99211E-05 0.919013 9.99211E-05 9.99211E-05
0.146255 9.99386E-05 9.99386E-05 9.99386E-05 9.99386E-05 0.068977 9.99386E-05 9.99386E-05 0.739609 9.99386E-05 0.0444598
9.99297E-05 9.99297E-05 0.1182 9.99297E-05 9.99297E-05 0.130163 9.99297E-05 9.99297E-05 0.750838 9.99297E-05 9.99297E-05
9.99384E-05 0.150491 9.99384E-05 9.99384E-05 0.00996676 9.99384E-05 9.99384E-05 9.99384E-05 0.810872 9.99384E-05 0.0279714
0.330307 9.99297E-05 9.99297E-05 9.99297E-05 9.99297E-05 0.362665 9.99297E-05 9.99297E-05 0.306228 9.99297E-05 9.99297E-05
0.00443147 9.99297E-05 9.99297E-05 9.99297E-05 9.99297E-05 0.164859 9.99297E-05 9.99297E-05 0.82991 9.99297E-05 9.99297E-05
9.99472E-05 9.99472E-05 0.0469366 9.99472E-05 9.99472E-05 0.0955418 9.99472E-05 9.99472E-05 0.792715 0.0137921 0.0504144
9.9921E-05 9.9921E-05 9.9921E-05 9.9921E-05 9.9921E-05 9.9921E-05 9.9921E-05 9.9921E-05 0.847819 0.151281 9.9921E-05
0.0341442 9.99298E-05 9.99298E-05 9.99298E-05 9.99298E-05 0.171476 9.99298E-05 9.99298E-05 0.79358 9.99298E-05 9.99298E-05
0.999001 9.9912E-05 9.9912E-05 9.9912E-05 9.9912E-05 9.9912E-05 9.9912E-05 9.9912E-05 9.9912E-05 9.9912E-05 9.9912E-05
9.9912E-05 9.9912E-05 9.9912E-05 9.9912E-05 9.9912E-05 0.999001 9.9912E-05 9.9912E-05 9.9912E-05 9.9912E-05 9.9912E-05
0.999001 9.99119E-05 9.99119E-05 9.99119E-05 9.99119E-05 9.99119E-05 9.99119E-05 9.99119E-05 9.99119E-05 9.99119E-05 9.99119E-05
9.9912E-05 9.9912E-05 9.9912E-05 9.9912E-05 9.9912E-05 0.999001 9.9912E-05 9.9912E-05 9.9912E-05 9.9912E-05 9.9912E-05
9.9912E-05 9.9912E-05 9.9912E-05 9.9912E-05 9.9912E-05 0.999001 9.9912E-05 9.9912E-05 9.9912E-05 9.9912E-05 9.9912E-05
9.9912E-05 9.9912E-05 9.9912E-05 9.9912E-05 9.9912E-05 0.999001 9.9912E-05 9.9912E-05 9.9912E-05 9.9912E-05 9.9912E-05
0.999001 9.9912E-05 9.9912E-05 9.9912E-05 9.9912E-05 9.9912E-05 9.9912E-05 9.9912E-05 9.9912E-05 9.9912E-05 9.9912E-05
9.99121E-05 9.99121E-05 9.99121E-05 9.99121E-05 9.99121E-05 0.999001 9.99121E-05 9.99121E-05 9.99121E-05 9.99121E-05 9.99121E-05
9.99121E-05 9.99121E-05 9.99121E-05 9.99121E-05 9.99121E-05 0.999001 9.99121E-05 9.99121E-05 9.99121E-05 9.99121E-05 9.99121E-05
0.991869 9.99208E-05 9.99208E-05 9.99208E-05 9.99208E-05 9.99208E-05 9.99208E-05 9.99208E-05 9.99208E-05 0.00723135 9.99208E-05
0.999001 9.99119E-05 9.99119E-05 9.99119E-05 9.99119E-05 9.99119E-05 9.99119E-05 9.99119E-05 9.99119E-05 9.99119E-05 9.99119E-05
0.965096 9.99208E-05 9.99208E-05 9.99208E-05 9.99208E-05 9.99208E-05 9.99208E-05 9.99208E-05 9.99208E-05 0.034005 9.99208E-05
9.9912E-05 9.9912E-05 9.9912E-05 9.9912E-05 9.9912E-05 0.999001 9.9912E-05 9.9912E-05 9.9912E-05 9.9912E-05 9.9912E-05
9.9912E-05 9.9912E-05 9.9912E-05 9.9912E-05 9.9912E-05 0.999001 9.9912E-05 9.9912E-05 9.9912E-05 9.9912E-05 9.9912E-05
0.999001 9.99119E-05 9.99119E-05 9.99119E-05 9.99119E-05 9.99119E-05 9.99119E-05 9.99119E-05 9.99119E-05 9.99119E-05 9.99119E-05
0.999001 9.9912E-05 9.9912E-05 9.9912E-05 9.9912E-05 9.9912E-05 9.9912E-05 9.9912E-05 9.9912E-05 9.9912E-05 9.9912E-05
0.113846 0.186531 0.0222282 9.99648E-05 9.99648E-05 0.11163 9.99648E-05 0.0803946 0.448034 0.0369367 9.99648E-05
0.999001 9.99119E-05 9.99119E-05 9.99119E-05 9.99119E-05 9.99119E-05 9.99119E-05 9.99119E-05 9.99119E-05 9.99119E-05 9.99119E-05
9.9912E-05 9.9912E-05 9.9912E-05 9.9912E-05 9.9912E-05 0.999001 9.9912E-05 9.9912E-05 9.9912E-05 9.9912E-05 9.9912E-05
0.999001 9.99119E-05 9.99119E-05 9.99119E-05 9.99119E-05 9.99119E-05 9.99119E-05 9.99119E-05 9.99119E-05 9.99119E-05 9.99119E-05
0.987237 9.99208E-05 9.99208E-05 9.99208E-05 9.99208E-05 0.0118634 9.99208E-05 9.99208E-05 9.99208E-05 9.99208E-05 9.99208E-05
0.999001 9.9912E-05 9.9912E-05 9.9912E-05 9.9912E-05 9.9912E-05 9.9912E-05 9.9912E-05 9.9912E-05 9.9912E-05 9.9912E-05
9.9912E-05 9.9912E-05 9.9912E-05 9.9912E-05 9.9912E-05 0.999001 9.9912E-05 9.9912E-05 9.9912E-05 9.9912E-05 9.9912E-05
0.999001 9.99119E-05 9.99119E-05 9.99119E-05 9.99119E-05 9.99119E-05 9.99119E-05 9.99119E-05 9.99119E-05 9.99119E-05 9.99119E-05
9.9912E-05 9.9912E-05 9.9912E-05 9.9912E-05 9.9912E-05 0.999001 9.9912E-05 9.9912E-05 9.9912E-05 9.9912E-05 9.9912E-05
0.999001 9.9912E-05 9.9912E-05 9.9912E-05 9.9912E-05 9.9912E-05 9.9912E-05 9.9912E-05 9.9912E-05 9.9912E-05 9.9912E-05
0.999001 9.99119E-05 9.99119E-05 9.99119E-05 9.99119E-05 9.99119E-05 9.99119E-05 9.99119E-05 9.99119E-05 9.99119E-05 9.99119E-05
9.9912E-05 9.9912E-05 9.9912E-05 9.9912E-05 9.9912E-05 0.999001 9.9912E-05 9.9912E-05 9.9912E-05 9.9912E-05 9.9912E-05
9.9912E-05 9.9912E-05 9.9912E-05 9.9912E-05 9.9912E-05 0.999001 9.9912E-05 9.9912E-05 9.9912E-05 9.9912E-05 9.9912E-05
9.9912E-05 9.9912E-05 9.9912E-05 9.9912E-05 9.9912E-05 0.999001 9.9912E-05 9.9912E-05 9.9912E-05 9.9912E-05 9.9912E-05
0.999001 9.99119E-05 9.99119E-05 9.99119E-05 9.99119E-05 9.99119E-05 9.99119E-05 9.99119E-05 9.99119E-05 9.99119E-05 9.99119E-05
0.999001 9.9912E-05 9.9912E-05 9.9912E-05 9.9912E-05 9.9912E-05 9.9912E-05 9.9912E-05 9.9912E-05 9.9912E-05 9.9912E-05
0.999001 9.99119E-05 9.99119E-05 9.99119E-05 9.99119E-05 9.99119E-05 9.99119E-05 9.99119E-05 9.99119E-05 9.99119E-05 9.99119E-05
0.999001 9.99119E-05 9.99119E-05 9.99119E-05 9.99119E-05 9.99119E-05 9.99119E-05 9.99119E-05 9.99119E-05 9.99119E-05 9.99119E-05
0.999001 9.99119E-05 9.99119E-05 9.99119E-05 9.99119E-05 9.99119E-05 9.99119E-05 9.99119E-05 9.99119E-05 9.99119E-05 9.99119E-05
9.9912E-05 9.9912E-05 9.9912E-05 9.9912E-05 9.9912E-05 0.999001 9.9912E-05 9.9912E-05 9.9912E-05 9.9912E-05 9.9912E-05
9.9912E-05 9.9912E-05 9.9912E-05 9.9912E-05 9.9912E-05 0.999001 9.9912E-05 9.9912E-05 9.9912E-05 9.9912E-05 9.9912E-05
9.99119E-05 9.99119E-05 9.99119E-05 9.99119E-05 9.99119E-05 0.999001 9.99119E-05 9.99119E-05 9.99119E-05 9.99119E-05 9.99119E-05
0.999001 9.99119E-05 9.99119E-05 9.99119E-05 9.99119E-05 9.99119E-05 9.99119E-05 9.99119E-05 9.99119E-05 9.99119E-05 9.99119E-05
9.9912E-05 9.9912E-05 9.9912E-05 9.9912E-05 9.9912E-05 0.999001 9.9912E-05 9.9912E-05 9.9912E-05 9.9912E-05 9.9912E-05
9.9912E-05 9.9912E-05 9.9912E-05 9.9912E-05 9.9912E-05 0.999001 9.9912E-05 9.9912E-05 9.9912E-05 9.9912E-05 9.9912E-05
9.9912E-05 9.9912E-05 9.9912E-05 9.9912E-05 9.9912E-05 0.999001 9.9912E-05 9.9912E-05 9.9912E-05 9.9912E-05 9.9912E-05
9.9912E-05 9.9912E-05 9.9912E-05 9.9912E-05 9.9912E-05 0.999001 9.9912E-05 9.9912E-05 9.9912E-05 9.9912E-05 9.9912E-05
0.999001 9.9912E-05 9.9912E-05 9.9912E-05 9.9912E-05 9.9912E-05 9.9912E-05 9.9912E-05 9.9912E-05 9.9912E-05 9.9912E-05
9.9912E-05 9.9912E-05 9.9912E-05 9.9912E-05 9.9912E-05 0.999001 9.9912E-05 9.9912E-05 9.9912E-05 9.9912E-05 9.9912E-05
9.9912E-05 9.9912E-05 9.9912E-05 9.9912E-05 9.9912E-05 0.999001 9.9912E-05 9.9912E-05 9.9912E-05 9.9912E-05 9.9912E-05
0.149637 0.192125 0.0291791 9.99648E-05 9.99648E-05 0.0671135 9.99648E-05 0.0842505 0.438993 0.0383023 9.99648E-05
0.999001 9.99119E-05 9.99119E-05 9.99119E-05 9.99119E-05 9.99119E-05 9.99119E-05 9.99119E-05 9.99119E-05 9.99119E-05 9.99119E-05
9.9912E-05 9.9912E-05 9.9912E-05 9.9912E-05 9.9912E-05 0.999001 9.9912E-05 9.9912E-05 9.9912E-05 9.9912E-05 9.9912E-05
9.9912E-05 9.9912E-05 9.9912E-05 9.9912E-05 9.9912E-05 0.999001 9.9912E-05 9.9912E-05 9.9912E-05 9.9912E-05 9.9912E-05
9.9912E-05 9.9912E-05 9.9912E-05 9.9912E-05 9.9912E-05 0.999001 9.9912E-05 9.9912E-05 9.9912E-05 9.9912E-05 9.9912E-05
9.9912E-05 9.9912E-05 9.9912E-05 9.9912E-05 9.9912E-05 0.999001 9.9912E-05 9.9912E-05 9.9912E-05 9.9912E-05 9.9912E-05
0.999001 9.99119E-05 9.99119E-05 9.99119E-05 9.99119E-05 9.99119E-05 9.99119E-05 9.99119E-05 9.99119E-05 9.99119E-05 9.99119E-05
9.9912E-05 9.9912E-05 9.9912E-05 9.9912E-05 9.9912E-05 0.999001 9.9912E-05 9.9912E-05 9.9912E-05 9.9912E-05 9.9912E-05
0.999001 9.99119E-05 9.99119E-05 9.99119E-05 9.99119E-05 9.99119E-05 9.99119E-05 9.99119E-05 9.99119E-05 9.99119E-05 9.99119E-05
9.9912E-05 9.9912E-05 9.9912E-05 9.9912E-05 9.9912E-05 0.999001 9.9912E-05 9.9912E-05 9.9912E-05 9.9912E-05 9.9912E-05
0.999001 9.9912E-05 9.9912E-05 9.9912E-05 9.9912E-05 9.9912E-05 9.9912E-05 9.9912E-05 9.9912E-05 9.9912E-05 9.9912E-05
9.99121E-05 9.99121E-05 9.99121E-05 9.99121E-05 9.99121E-05 0.999001 9.99121E-05 9.99121E-05 9.99121E-05 9.99121E-05 9.99121E-05
9.9912E-05 9.9912E-05 9.9912E-05 9.9912E-05 9.9912E-05 0.999001 9.9912E-05 9.9912E-05 9.9912E-05 9.9912E-05 9.9912E-05
9.9912E-05 9.9912E-05 9.9912E-05 9.9912E-05 9.9912E-05 0.999001 9.9912E-05 9.9912E-05 9.9912E-05 9.9912E-05 9.9912E-05
9.9912E-05 9.9912E-05 9.9912E-05 9.9912E-05 9.9912E-05 0.999001 9.9912E-05 9.9912E-05 9.9912E-05 9.9912E-05 9.9912E-05
9.9912E-05 9.9912E-05 9.9912E-05 9.9912E-05 9.9912E-05 0.999001 9.9912E-05 9.9912E-05 9.9912E-05 9.9912E-05 9.9912E-05
9.9912E-05 9.9912E-05 9.9912E-05 9.9912E-05 9.9912E-05 0.999001 9.9912E-05 9.9912E-05 9.9912E-05 9.9912E-05 9.9912E-05
0.999001 9.9912E-05 9.9912E-05 9.9912E-05 9.9912E-05 9.9912E-05 9.9912E-05 9.9912E-05 9.9912E-05 9.9912E-05 9.9912E-05
0.999001 9.99119E-05 9.99119E-05 9.99119E-05 9.99119E-05 9.99119E-05 9.99119E-05 9.99119E-05 9.99119E-05 9.99119E-05 9.99119E-05
0.925916 9.99208E-05 9.99208E-05 9.99208E-05 9.99208E-05 9.99208E-05 9.99208E-05 9.99208E-05 9.99208E-05 0.0731849 9.99208E-05
9.9912E-05 9.9912E-05 9.9912E-05 9.9912E-05 9.9912E-05 0.999001 9.9912E-05 9.9912E-05 9.9912E-05 9.9912E-05 9.9912E-05
0.999001 9.9912E-05 9.9912E-05 9.9912E-05 9.9912E-05 9.9912E-05 9.9912E-05 9.9912E-05 9.9912E-05 9.9912E-05 9.9912E-05
0.999001 9.99119E-05 9.99119E-05 9.99119E-05 9.99119E-05 9.99119E-05 9.99119E-05 9.99119E-05 9.99119E-05 9.99119E-05 9.99119E-05
0.999001 9.99119E-05 9.99119E-05 9.99119E-05 9.99119E-05 9.99119E-05 9.99119E-05 9.99119E-05 9.99119E-05 9.99119E-05 9.99119E-05
9.99119E-05 9.99119E-05 9.99119E-05 9.99119E-05 9.99119E-05 0.999001 9.99119E-05 9.99119E-05 9.99119E-05 9.99119E-05 9.99119E-05
9.9912E-05 9.9912E-05 9.9912E-05 9.9912E-05 9.9912E-05 0.999001 9.9912E-05 9.9912E-05 9.9912E-05 9.9912E-05 9.9912E-05
9.99119E-05 9.99119E-05 9.99119E-05 9.99119E-05 9.99119E-05 0.999001 9.99119E-05 9.99119E-05 9.99119E-05 9.99119E-05 9.99119E-05
0.999001 9.99119E-05 9.99119E-05 9.99119E-05 9.99119E-05 9.99119E-05 9.99119E-05 9.99119E-05 9.99119E-05 9.99119E-05 9.99119E-05
9.9912E-05 9.9912E-05 9.9912E-05 9.9912E-05 9.9912E-05 0.999001 9.9912E-05 9.9912E-05 9.9912E-05 9.9912E-05 9.9912E-05
9.9912E-05 9.9912E-05 9.9912E-05 9.9912E-05 9.9912E-05 0.999001 9.9912E-05 9.9912E-05 9.9912E-05 9.9912E-05 9.9912E-05
0.999001 9.99119E-05 9.99119E-05 9.99119E-05 9.99119E-05 9.99119E-05 9.99119E-05 9.99119E-05 9.99119E-05 9.99119E-05 9.99119E-05
9.9912E-05 9.9912E-05 9.9912E-05 9.9912E-05 9.9912E-05 0.999001 9.9912E-05 9.9912E-05 9.9912E-05 9.9912E-05 9.9912E-05
9.9912E-05 9.9912E-05 9.9912E-05 9.9912E-05 9.9912E-05 0.999001 9.9912E-05 9.9912E-05 9.9912E-05 9.9912E-05 9.9912E-05
0.369397 9.99648E-05 0.0311999 9.99648E-05 0.0794533 0.0911486 9.99648E-05 9.99648E-05 0.276919 0.000209192 0.151272
0.999001 9.9912E-05 9.9912E-05 9.9912E-05 9.9912E-05 9.9912E-05 9.9912E-05 9.9912E-05 9.9912E-05 9.9912E-05 9.9912E-05
9.9912E-05 9.9912E-05 9.9912E-05 9.9912E-05 9.9912E-05 0.999001 9.9912E-05 9.9912E-05 9.9912E-05 9.9912E-05 9.9912E-05
9.99474E-05 9.99474E-05 0.0124955 9.99474E-05 9.99474E-05 0.44938 9.99474E-05 0.123136 0.353283 9.99474E-05 0.0611052
0.0438813 0.0496219 9.99648E-05 9.99648E-05 0.018368 0.278706 9.99648E-05 0.0328844 0.530072 0.0460665 9.99648E-05
0.285768 9.99385E-05 9.99385E-05 9.99385E-05 9.99385E-05 0.171262 9.99385E-05 0.0761082 0.466162 9.99385E-05 9.99385E-05
9.99472E-05 0.151784 0.0207803 9.99472E-05 0.0504693 9.99472E-05 9.99472E-05 9.99472E-05 0.756201 0.0201663 9.99472E-05
0.354173 9.99296E-05 9.99296E-05 9.99296E-05 9.99296E-05 0.283082 9.99296E-05 9.99296E-05 0.361945 9.99296E-05 9.99296E-05
9.99299E-05 9.99299E-05 9.99299E-05 9.99299E-05 9.99299E-05 0.0230487 0.0326762 9.99299E-05 0.943476 9.99299E-05 9.99299E-05
0.159155 0.183826 9.99473E-05 9.99473E-05 9.99473E-05 0.267722 9.99473E-05 9.99473E-05 0.38184 9.99473E-05 0.00685792
9.99473E-05 9.99473E-05 9.99473E-05 9.99473E-05 0.0998599 0.169921 9.99473E-05 0.0295898 0.593603 9.99473E-05 0.106427
9.99211E-05 9.99211E-05 9.99211E-05 9.99211E-05 9.99211E-05 0.178736 9.99211E-05 9.99211E-05 0.820365 9.99211E-05 9.99211E-05
0.0915211 9.99473E-05 9.99473E-05 0.0634876 9.99473E-05 0.0110116 9.99473E-05 0.0742227 0.759157 9.99473E-05 9.99473E-05
0.123072 9.99385E-05 9.99385E-05 9.99385E-05 9.99385E-05 0.00958597 9.99385E-05 9.99385E-05 0.709714 9.99385E-05 0.156929
0.0736713 0.00756295 9.99384E-05 9.99384E-05 9.99384E-05 0.478002 9.99384E-05 9.99384E-05 0.440064 9.99384E-05 9.99384E-05
0.336511 9.99473E-05 0.0974922 9.99473E-05 0.0413377 0.247387 9.99473E-05 9.99473E-05 0.276672 9.99473E-05 9.99473E-05
9.99384E-05 9.99384E-05 9.99384E-05 9.99384E-05 0.11502 0.0402517 9.99384E-05 0.0113302 0.832699 9.99384E-05 9.99384E-05
0.193885 9.99384E-05 9.99384E-05 9.99384E-05 9.99384E-05 0.131711 9.99384E-05 9.99384E-05 0.627433 9.99384E-05 0.0462717
0.254292 9.99473E-05 9.99473E-05 0.0697543 9.99473E-05 0.224715 9.99473E-05 9.99473E-05 0.415515 9.99473E-05 0.0351238
0.0194065 9.99386E-05 9.99386E-05 9.99386E-05 9.99386E-05 0.166643 9.99386E-05 0.0293958 0.783855 9.99386E-05 9.99386E-05
0.402881 9.99648E-05 0.0555279 9.99648E-05 0.0175146 0.0350449 9.99648E-05 0.0115621 0.400491 9.99648E-05 0.0765779
0.0706945 9.99648E-05 9.99648E-05 0.121342 9.99648E-05 0.129274 9.99648E-05 0.0211755 0.556571 0.0746781 0.0258644
0.132394 9.995E-05 9.995E-05 0.155982 0.00630463 0.135145 9.995E-05 9.995E-05 0.566896 0.00277824 9.995E-05
0.132406 9.99472E-05 9.99472E-05 0.1251 9.99472E-05 0.147591 9.99472E-05 9.99472E-05 0.562986 0.0313175 9.99472E-05
9.99297E-05 9.99297E-05 9.99297E-05 0.0618161 9.99297E-05 0.244033 9.99297E-05 9.99297E-05 0.693351 9.99297E-05 9.99297E-05
9.99648E-05 9.99648E-05 0.159605 0.00584216 0.0381299 0.173957 9.99648E-05 9.99648E-05 0.500742 0.0870014 0.0343228
0.00299725 9.99384E-05 9.99384E-05 0.111531 9.99384E-05 0.154434 9.99384E-05 9.99384E-05 0.730339 9.99384E-05 9.99384E-05
9.99472E-05 9.99472E-05 9.99472E-05 0.00936343 0.153319 9.99472E-05 9.99472E-05 0.0379831 0.770773 0.0279611 9.99472E-05
9.99211E-05 9.99211E-05 9.99211E-05 9.99211E-05 9.99211E-05 0.000233468 9.99211E-05 9.99211E-05 0.998867 9.99211E-05 9.99211E-05
0.151599 9.99472E-05 9.99472E-05 0.0416071 9.99472E-05 0.0869301 9.99472E-05 0.0846378 0.634626 9.99472E-05 9.99472E-05
0.262345 9.99385E-05 9.99385E-05 9.99385E-05 9.99385E-05 0.293577 9.99385E-05 0.109896 0.333482 9.99385E-05 9.99385E-05
9.99472E-05 9.99472E-05 0.0748237 0.0304045 0.0152989 9.99472E-05 9.99472E-05 9.99472E-05 0.795764 0.0831089 9.99472E-05
9.99473E-05 9.99473E-05 9.99473E-05 9.99473E-05 0.097342 0.153388 9.99473E-05 9.99473E-05 0.55841 0.167337 0.0229239
0.164513 9.99385E-05 9.99385E-05 0.129687 9.99385E-05 0.383835 9.99385E-05 9.99385E-05 0.321265 9.99385E-05 9.99385E-05
0.11225 9.99385E-05 9.99385E-05 9.99385E-05 9.99385E-05 0.251225 9.99385E-05 9.99385E-05 0.607308 9.99385E-05 0.0285175
0.287033 9.9956E-05 9.9956E-05 0.0143205 0.0253116 0.188005 9.9956E-05 9.9956E-05 0.477495 0.00733599 9.9956E-05
0.119071 9.99473E-05 9.99473E-05 0.129911 0.0256984 0.202754 9.99473E-05 9.99473E-05 0.521966 9.99473E-05 9.99473E-05
0.0843856 9.9956E-05 9.9956E-05 0.0615639 0.0863299 0.189954 9.9956E-05 9.9956E-05 0.496378 9.9956E-05 0.0808896
0.208381 9.99297E-05 9.99297E-05 9.99297E-05 9.99297E-05 0.0474106 9.99297E-05 9.99297E-05 0.743409 9.99297E-05 9.99297E-05
9.99122E-05 9.99122E-05 9.99122E-05 9.99122E-05 9.99122E-05 9.99122E-05 9.99122E-05 9.99122E-05 0.999001 9.99122E-05 9.99122E-05
0.261352 0.121201 0.0469554 9.99472E-05 9.99472E-05 9.99472E-05 9.99472E-05 9.99472E-05 0.490775 9.99472E-05 0.0791173
9.99385E-05 9.99385E-05 0.109612 9.99385E-05 9.99385E-05 0.00851304 9.99385E-05 9.99385E-05 0.757037 9.99385E-05 0.124138
0.0669638 9.99385E-05 9.99385E-05 0.298672 9.99385E-05 0.167592 9.99385E-05 9.99385E-05 0.466072 9.99385E-05 9.99385E-05
0.149583 9.99384E-05 9.99384E-05 9.99384E-05 9.99384E-05 0.135582 9.99384E-05 9.99384E-05 0.673777 0.0403586 9.99384E-05
0.0296667 9.995E-05 9.995E-05 0.165304 9.995E-05 0.084373 9.995E-05 0.027063 0.674794 0.0183001 9.995E-05
0.0701734 0.0195485 9.9956E-05 0.117361 9.9956E-05 0.22809 9.9956E-05 0.0989922 0.465335 9.9956E-05 9.9956E-05
0.113815 9.99385E-05 9.99385E-05 9.99385E-05 0.00543273 0.552205 9.99385E-05 9.99385E-05 0.327848 9.99385E-05 9.99385E-05
0.3987 9.99384E-05 9.99384E-05 9.99384E-05 0.00485028 0.35517 9.99384E-05 9.99384E-05 0.24058 9.99384E-05 9.99384E-05
0.0138413 9.99472E-05 9.99472E-05 0.0696075 0.0386192 0.151815 9.99472E-05 9.99472E-05 0.725518 9.99472E-05 9.99472E-05
9.99122E-05 9.99122E-05 9.99122E-05 9.99122E-05 9.99122E-05 9.99122E-05 9.99122E-05 9.99122E-05 0.999001 9.99122E-05 9.99122E-05
0.00428626 9.9956E-05 9.9956E-05 0.0679903 9.9956E-05 0.194762 9.9956E-05 9.9956E-05 0.662718 0.0349578 0.0347863
9.99123E-05 9.99123E-05 9.99123E-05 9.99123E-05 9.99123E-05 9.99123E-05 9.99123E-05 9.99123E-05 0.999001 9.99123E-05 9.99123E-05
0.343254 9.99385E-05 0.182003 9.99385E-05 9.99385E-05 0.174081 9.99385E-05 9.99385E-05 0.299963 9.99385E-05 9.99385E-05
9.99123E-05 9.99123E-05 9.99123E-05 9.99123E-05 9.99123E-05 9.99123E-05 9.99123E-05 9.99123E-05 0.999001 9.99123E-05 9.99123E-05
0.360672 9.99297E-05 9.99297E-05 9.99297E-05 9.99297E-05 9.99297E-05 9.99297E-05 9.99297E-05 0.617925 9.99297E-05 0.0206042
0.445475 0.0421022 9.99472E-05 0.0657614 9.99472E-05 9.99472E-05 9.99472E-05 9.99472E-05 0.434194 9.99472E-05 0.011868
0.245203 9.99297E-05 9.99297E-05 9.99297E-05 9.99297E-05 0.179631 9.99297E-05 9.99297E-05 0.574366 9.99297E-05 9.99297E-05
9.9956E-05 0.0206588 0.0258787 0.152182 0.0167656 0.0548437 9.9956E-05 9.9956E-05 0.729172 9.9956E-05 9.9956E-05
0.0343565 9.99298E-05 9.99298E-05 9.99298E-05 9.99298E-05 0.335557 9.99298E-05 9.99298E-05 0.629287 9.99298E-05 9.99298E-05
0.242285 9.99212E-05 9.99212E-05 9.99212E-05 9.99212E-05 9.99212E-05 9.99212E-05 9.99212E-05 0.756816 9.99212E-05 9.99212E-05
9.99209E-05 9.99209E-05 9.99209E-05 9.99209E-05 9.99209E-05 0.185588 9.99209E-05 9.99209E-05 0.813512 9.99209E-05 9.99209E-05
0.0928292 9.99385E-05 9.99385E-05 9.99385E-05 9.99385E-05 0.239549 9.99385E-05 9.99385E-05 0.608462 0.0584608 9.99385E-05
0.211993 9.99386E-05 9.99386E-05 9.99386E-05 0.0227621 0.232217 9.99386E-05 9.99386E-05 0.532328 9.99386E-05 9.99386E-05
9.99122E-05 9.99122E-05 9.99122E-05 9.99122E-05 9.99122E-05 9.99122E-05 9.99122E-05 9.99122E-05 0.999001 9.99122E-05 9.99122E-05
9.99211E-05 9.99211E-05 9.99211E-05 9.99211E-05 9.99211E-05 0.0679559 9.99211E-05 9.99211E-05 0.931145 9.99211E-05 9.99211E-05
9.99562E-05 9.99562E-05 9.99562E-05 9.99562E-05 0.0147123 0.0338821 0.0464827 9.99562E-05 0.832159 0.00188779 0.0703761
0.0927948 9.99385E-05 9.99385E-05 9.99385E-05 9.99385E-05 0.0655842 9.99385E-05 9.99385E-05 0.750312 9.99385E-05 0.0906092
9.99296E-05 9.99296E-05 9.99296E-05 9.99296E-05 9.99296E-05 0.168422 9.99296E-05 9.99296E-05 0.733524 0.0972541 9.99296E-05
9.99385E-05 9.99385E-05 0.00801229 0.0381655 9.99385E-05 0.25289 9.99385E-05 9.99385E-05 0.700233 9.99385E-05 9.99385E-05
9.99212E-05 9.99212E-05 9.99212E-05 9.99212E-05 9.99212E-05 0.0323645 9.99212E-05 9.99212E-05 0.966736 9.99212E-05 9.99212E-05
0.308295 9.99385E-05 9.99385E-05 0.0248039 9.99385E-05 0.170308 9.99385E-05 9.99385E-05 0.495894 9.99385E-05 9.99385E-05
0.27642 9.99472E-05 9.99472E-05 9.99472E-05 9.99472E-05 0.00629664 9.99472E-05 9.99472E-05 0.655708 0.0345345 0.0264408
0.121321 9.99211E-05 9.99211E-05 9.99211E-05 9.99211E-05 9.99211E-05 9.99211E-05 9.99211E-05 0.87778 9.99211E-05 9.99211E-05
0.276029 0.112701 9.99386E-05 9.99386E-05 9.99386E-05 9.99386E-05 9.99386E-05 0.0410166 0.569554 9.99386E-05 9.99386E-05
0.141539 9.99299E-05 9.99299E-05 9.99299E-05 9.99299E-05 9.99299E-05 0.0871795 9.99299E-05 0.770482 9.99299E-05 9.99299E-05
0.149519 9.99297E-05 9.99297E-05 9.99297E-05 9.99297E-05 0.257861 9.99297E-05 9.99297E-05 0.59182 9.99297E-05 9.99297E-05
0.131504 9.99474E-05 0.154396 9.99474E-05 0.0775065 9.99474E-05 9.99474E-05 9.99474E-05 0.633829 0.00216509 9.99474E-05
0.027664 9.9921E-05 9.9921E-05 9.9921E-05 9.9921E-05 9.9921E-05 9.9921E-05 9.9921E-05 0.971437 9.9921E-05 9.9921E-05
0.047557 9.99386E-05 9.99386E-05 9.99386E-05 9.99386E-05 0.0954314 9.99386E-05 0.0080825 0.84823 9.99386E-05 9.99386E-05
9.99211E-05 9.99211E-05 9.99211E-05 9.99211E-05 9.99211E-05 9.99211E-05 0.0717624 9.99211E-05 0.927338 9.99211E-05 9.99211E-05
0.11782 9.99297E-05 9.99297E-05 0.0431552 9.99297E-05 9.99297E-05 9.99297E-05 9.99297E-05 0.838225 9.99297E-05 9.99297E-05
9.99124E-05 9.99124E-05 9.99124E-05 9.99124E-05 9.99124E-05 9.99124E-05 9.99124E-05 9.99124E-05 0.999001 9.99124E-05 9.99124E-05
0.0332626 9.99473E-05 9.99473E-05 0.0365741 9.99473E-05 0.371855 9.99473E-05 9.99473E-05 0.541257 9.99473E-05 0.0164517
9.99473E-05 9.99473E-05 9.99473E-05 0.0417163 9.99473E-05 0.222614 9.99473E-05 0.0371532 0.624132 0.0737854 9.99473E-05
0.0313299 9.99648E-05 9.99648E-05 0.137978 0.0114594 0.21496 9.99648E-05 9.99648E-05 0.522347 0.0120764 0.0694486
9.99123E-05 9.99123E-05 9.99123E-05 9.99123E-05 9.99123E-05 9.99123E-05 9.99123E-05 9.99123E-05 0.999001 9.99123E-05 9.99123E-05
9.99298E-05 9.99298E-05 9.99298E-05 9.99298E-05 9.99298E-05 0.259996 9.99298E-05 9.99298E-05 0.723795 9.99298E-05 0.0154098
0.0214982 9.99473E-05 9.99473E-05 9.99473E-05 9.99473E-05 0.149067 9.99473E-05 0.0607292 0.63592 0.132186 9.99473E-05
0.0915577 9.99298E-05 9.99298E-05 9.99298E-05 9.99298E-05 9.99298E-05 9.99298E-05 9.99298E-05 0.894994 9.99298E-05 0.012649
0.111389 9.99385E-05 9.99385E-05 9.99385E-05 0.139756 9.99385E-05 9.99385E-05 0.0420876 0.706069 9.99385E-05 9.99385E-05
0.0289863 9.99384E-05 9.99384E-05 9.99384E-05 0.0437646 0.404899 9.99384E-05 9.99384E-05 0.521651 9.99384E-05 9.99384E-05
0.187407 0.0809179 9.99473E-05 9.99473E-05 9.99473E-05 0.0987061 9.99473E-05 0.023265 0.609104 9.99473E-05 9.99473E-05
0.148018 0.0433392 9.9956E-05 9.9956E-05 9.9956E-05 0.234974 9.9956E-05 9.9956E-05 0.383285 0.144026 0.0458573
0.123369 0.137117 9.99474E-05 9.99474E-05 9.99474E-05 0.0873374 9.99474E-05 9.99474E-05 0.513791 0.137786 9.99474E-05
0.495145 9.99384E-05 9.99384E-05 9.99384E-05 0.150351 0.0815074 9.99384E-05 9.99384E-05 0.272297 9.99384E-05 9.99384E-05
0.237255 9.99473E-05 9.99473E-05 0.063996 9.99473E-05 0.340799 9.99473E-05 0.000451807 0.356899 9.99473E-05 9.99473E-05
0.144783 0.185676 9.9956E-05 9.9956E-05 9.9956E-05 0.0538243 9.9956E-05 9.9956E-05 0.458211 0.0458728 0.111132
9.99211E-05 9.99211E-05 9.99211E-05 9.99211E-05 9.99211E-05 0.284708 9.99211E-05 9.99211E-05 0.714392 9.99211E-05 9.99211E-05
0.0860176 0.0241652 9.99386E-05 9.99386E-05 9.99386E-05 0.0243177 9.99386E-05 9.99386E-05 0.8648 9.99386E-05 9.99386E-05
9.99472E-05 0.14291 9.99472E-05 0.105576 9.99472E-05 0.235659 9.99472E-05 9.99472E-05 0.513532 0.0017233 9.99472E-05
0.323011 9.99472E-05 9.99472E-05 0.0190805 9.99472E-05 0.0204177 9.99472E-05 9.99472E-05 0.497162 9.99472E-05 0.139729
0.33577 9.99386E-05 9.99386E-05 9.99386E-05 0.0835494 9.99386E-05 9.99386E-05 9.99386E-05 0.557642 9.99386E-05 0.022339
0.460848 0.166083 9.99473E-05 0.00843838 9.99473E-05 0.143334 9.99473E-05 9.99473E-05 0.220697 9.99473E-05 9.99473E-05
9.99824E-05 0.041764 0.0540321 0.064419 0.0781 0.209402 9.99824E-05 0.0260155 0.430817 0.0432674 0.0519832
