9.99122E-05 0.0373716 9.99122E-05 9.99122E-05 9.99122E-05 0.358599 9.99122E-05 0.0554677 0.175357 0.0433411 9.99122E-05 0.238041 9.99122E-05 0.063724 0.027099 9.99122E-05 9.99122E-05 9.99122E-05
9.98947E-05 0.0954748 9.98947E-05 0.0147246 9.98947E-05 0.747297 9.98947E-05 0.017809 9.98947E-05 9.98947E-05 9.98947E-05 0.113124 9.98947E-05 0.0103719 9.98947E-05 9.98947E-05 9.98947E-05 9.98947E-05
9.98947E-05 9.98947E-05 9.98947E-05 9.98947E-05 9.98947E-05 0.872516 0.0258353 0.0690057 9.98947E-05 0.00434605 9.98947E-05 9.98947E-05 9.98947E-05 0.018905 9.98947E-05 9.98947E-05 0.00819273 9.98947E-05
9.99298E-05 9.99298E-05 0.0130656 0.0609724 9.99298E-05 0.24523 0.132492 0.0495005 0.107119 0.0872088 9.99298E-05 9.99298E-05 9.99298E-05 0.0805718 0.210335 9.99298E-05 9.99298E-05 0.012705
9.98947E-05 0.00697586 0.0394826 9.98947E-05 9.98947E-05 0.843902 0.0375698 9.98947E-05 0.0308798 9.98947E-05 9.98947E-05 9.98947E-05 9.98947E-05 9.98947E-05 9.98947E-05 9.98947E-05 9.98947E-05 0.039991
0.130465 0.00540822 0.205042 9.99035E-05 9.99035E-05 0.155589 0.218803 9.99035E-05 9.99035E-05 9.99035E-05 9.99035E-05 0.24599 9.99035E-05 9.99035E-05 9.99035E-05 9.99035E-05 9.99035E-05 0.0376037
9.99211E-05 0.162034 0.0725037 9.99211E-05 9.99211E-05 0.283504 9.99211E-05 9.99211E-05 0.0703208 0.0203322 9.99211E-05 0.0529986 9.99211E-05 0.109854 0.125948 9.99211E-05 0.101605 9.99211E-05
0.106883 9.99298E-05 0.0988532 9.99298E-05 0.112181 0.147617 0.0704396 9.99298E-05 0.260249 9.99298E-05 9.99298E-05 0.0267314 0.0461201 9.99298E-05 0.0209544 9.99298E-05 9.99298E-05 0.109171
0.256523 9.98947E-05 9.98947E-05 9.98947E-05 9.98947E-05 0.261066 0.0443107 0.190968 0.0820998 0.163833 9.98947E-05 9.98947E-05 9.98947E-05 9.98947E-05 9.98947E-05 9.98947E-05 9.98947E-05 9.98947E-05
9.98596E-05 9.98596E-05 9.98596E-05 9.98596E-05 9.98596E-05 0.978465 9.98596E-05 0.0199368 9.98596E-05 9.98596E-05 9.98596E-05 9.98596E-05 9.98596E-05 9.98596E-05 9.98596E-05 9.98596E-05 9.98596E-05 9.98596E-05
0.00699794 9.98947E-05 9.98947E-05 9.98947E-05 9.98947E-05 0.53159 9.98947E-05 0.227526 0.036825 9.98947E-05 9.98947E-05 0.0544577 9.98947E-05 0.141405 9.98947E-05 9.98947E-05 9.98947E-05 9.98947E-05
9.98771E-05 9.98771E-05 0.0441325 9.98771E-05 0.0292034 0.901795 9.98771E-05 9.98771E-05 9.98771E-05 9.98771E-05 9.98771E-05 9.98771E-05 9.98771E-05 0.0234707 9.98771E-05 9.98771E-05 9.98771E-05 9.98771E-05
9.98684E-05 9.98684E-05 9.98684E-05 9.98684E-05 9.98684E-05 0.823823 9.98684E-05 0.0674073 0.107272 9.98684E-05 9.98684E-05 9.98684E-05 9.98684E-05 9.98684E-05 9.98684E-05 9.98684E-05 9.98684E-05 9.98684E-05
9.99035E-05 9.99035E-05 9.99035E-05 9.99035E-05 9.99035E-05 0.540917 0.0853803 0.0612826 0.0627188 9.99035E-05 0.102412 9.99035E-05 9.99035E-05 0.0465968 9.99035E-05 0.0995939 9.99035E-05 9.99035E-05
0.0390773 9.9921E-05 0.0382382 0.0344162 9.9921E-05 0.316315 0.192978 0.108009 0.0726249 9.9921E-05 0.0823875 0.115054 9.9921E-05 9.9921E-05 9.9921E-05 9.9921E-05 9.9921E-05 9.9921E-05
0.177188 9.99121E-05 0.0134552 9.99121E-05 0.164547 0.187317 9.99121E-05 0.0537532 0.0902302 9.99121E-05 9.99121E-05 0.154259 9.99121E-05 9.99121E-05 0.158251 9.99121E-05 9.99121E-05 9.99121E-05
9.98947E-05 0.0834518 9.98947E-05 9.98947E-05 9.98947E-05 0.645379 9.98947E-05 0.0161915 9.98947E-05 9.98947E-05 9.98947E-05 9.98947E-05 9.98947E-05 0.0200803 0.177493 0.0562049 9.98947E-05 9.98947E-05
0.058934 9.9921E-05 0.0264982 0.0970047 9.9921E-05 0.0961091 9.9921E-05 0.101312 0.235903 9.9921E-05 9.9921E-05 0.253452 0.12489 9.9921E-05 9.9921E-05 9.9921E-05 9.9921E-05 0.00499783
0.130401 9.98946E-05 0.145035 9.98946E-05 9.98946E-05 0.294938 9.98946E-05 0.192857 0.206016 9.98946E-05 0.0295533 9.98946E-05 9.98946E-05 9.98946E-05 9.98946E-05 9.98946E-05 9.98946E-05 9.98946E-05
9.98596E-05 9.98596E-05 9.98596E-05 0.0399645 9.98596E-05 0.958438 9.98596E-05 9.98596E-05 9.98596E-05 9.98596E-05 9.98596E-05 9.98596E-05 9.98596E-05 9.98596E-05 9.98596E-05 9.98596E-05 9.98596E-05 9.98596E-05
0.140812 9.99386E-05 0.00796765 9.99386E-05 0.120285 0.505606 9.99386E-05 0.0347117 0.0349441 0.0317815 0.0530631 9.99386E-05 9.99386E-05 0.0248578 0.00840655 9.99386E-05 9.99386E-05 0.0368647
0.129025 9.98948E-05 0.160007 9.98948E-05 9.98948E-05 0.245596 0.000660318 9.98948E-05 0.405804 9.98948E-05 9.98948E-05 9.98948E-05 9.98948E-05 9.98948E-05 9.98948E-05 9.98948E-05 9.98948E-05 0.05771
9.98859E-05 9.98859E-05 9.98859E-05 9.98859E-05 9.98859E-05 0.613743 0.0334329 0.0961904 9.98859E-05 9.98859E-05 9.98859E-05 0.217892 9.98859E-05 0.0374429 9.98859E-05 9.98859E-05 9.98859E-05 9.98859E-05
9.98947E-05 9.98947E-05 9.98947E-05 9.98947E-05 9.98947E-05 0.348572 9.98947E-05 0.240762 0.280176 0.0799335 9.98947E-05 0.0331453 9.98947E-05 9.98947E-05 0.0162126 9.98947E-05 9.98947E-05 9.98947E-05
0.00952036 9.9921E-05 9.9921E-05 0.0494615 9.9921E-05 0.294962 0.165828 0.242093 0.0133431 9.9921E-05 0.186186 9.9921E-05 9.9921E-05 0.0294289 0.00827686 9.9921E-05 9.9921E-05 9.9921E-05
0.000252268 9.99122E-05 9.99122E-05 9.99122E-05 9.99122E-05 0.673793 0.0800242 0.115866 0.0655222 9.99122E-05 9.99122E-05 9.99122E-05 9.99122E-05 0.0175345 0.0426958 9.99122E-05 0.00331345 9.99122E-05
9.99034E-05 9.99034E-05 9.99034E-05 0.012987 0.00583798 9.99034E-05 0.312893 0.117499 0.427332 9.99034E-05 9.99034E-05 9.99034E-05 0.0974122 9.99034E-05 0.0249402 9.99034E-05 9.99034E-05 9.99034E-05
9.98772E-05 9.98772E-05 9.98772E-05 9.98772E-05 9.98772E-05 0.751352 9.98772E-05 0.042847 0.133013 9.98772E-05 9.98772E-05 9.98772E-05 9.98772E-05 9.98772E-05 0.0713902 9.98772E-05 9.98772E-05 9.98772E-05
9.98947E-05 9.98947E-05 9.98947E-05 9.98947E-05 9.98947E-05 0.619776 0.0346148 0.186408 0.070685 0.00701605 9.98947E-05 0.0803022 9.98947E-05 9.98947E-05 9.98947E-05 9.98947E-05 9.98947E-05 9.98947E-05
0.0826326 0.017616 0.0173314 9.99123E-05 9.99123E-05 0.660029 9.99123E-05 0.0786512 9.99123E-05 0.103522 9.99123E-05 9.99123E-05 9.99123E-05 0.00339554 9.99123E-05 0.0358223 9.99123E-05 9.99123E-05
0.0208747 9.99209E-05 0.0492241 0.00818646 9.99209E-05 0.62661 9.99209E-05 0.0307071 0.0643666 9.99209E-05 0.0117716 0.0816573 9.99209E-05 0.105703 9.99209E-05 9.99209E-05 9.99209E-05 9.99209E-05
9.99036E-05 9.99036E-05 9.99036E-05 9.99036E-05 9.99036E-05 0.53253 0.19866 0.0607356 0.00810032 9.99036E-05 9.99036E-05 0.00975998 9.99036E-05 0.0853717 0.103743 9.99036E-05 9.99036E-05 9.99036E-05
9.99034E-05 9.99034E-05 9.99034E-05 9.99034E-05 0.0321902 0.435001 0.151572 0.106808 0.144653 9.99034E-05 9.99034E-05 0.0693822 9.99034E-05 0.0592955 9.99034E-05 9.99034E-05 9.99034E-05 9.99034E-05
9.99122E-05 9.99122E-05 0.000159119 9.99122E-05 9.99122E-05 0.457894 0.209977 0.10186 0.189406 0.0072874 9.99122E-05 9.99122E-05 0.0171873 9.99122E-05 9.99122E-05 9.99122E-05 0.0152305 9.99122E-05
9.98861E-05 0.0487141 9.98861E-05 0.0193539 9.98861E-05 0.807422 9.98861E-05 0.0343241 9.98861E-05 9.98861E-05 9.98861E-05 9.98861E-05 9.98861E-05 0.0888871 9.98861E-05 9.98861E-05 9.98861E-05 9.98861E-05
9.98947E-05 0.0524834 9.98947E-05 9.98947E-05 9.98947E-05 0.691801 9.98947E-05 9.98947E-05 0.0800453 0.00432688 9.98947E-05 9.98947E-05 9.98947E-05 0.0184309 0.151713 9.98947E-05 9.98947E-05 9.98947E-05
9.98773E-05 0.00285686 0.153615 9.98773E-05 0.00728513 0.834845 9.98773E-05 9.98773E-05 9.98773E-05 9.98773E-05 9.98773E-05 9.98773E-05 9.98773E-05 9.98773E-05 9.98773E-05 9.98773E-05 9.98773E-05 9.98773E-05
0.136544 9.9886E-05 9.9886E-05 0.0624466 9.9886E-05 0.678484 9.9886E-05 0.0851581 9.9886E-05 9.9886E-05 9.9886E-05 9.9886E-05 9.9886E-05 9.9886E-05 0.036069 9.9886E-05 9.9886E-05 9.9886E-05
0.0216095 0.139411 0.00323882 9.99123E-05 9.99123E-05 0.515261 9.99123E-05 0.171657 9.99123E-05 9.99123E-05 9.99123E-05 9.99123E-05 9.99123E-05 0.0779584 9.99123E-05 0.056128 9.99123E-05 0.0137367
9.98947E-05 9.98947E-05 0.067658 9.98947E-05 0.12071 0.443996 0.111808 0.129682 0.124948 9.98947E-05 9.98947E-05 9.98947E-05 9.98947E-05 9.98947E-05 9.98947E-05 9.98947E-05 9.98947E-05 9.98947E-05
9.98772E-05 9.98772E-05 0.0244818 9.98772E-05 9.98772E-05 0.796146 9.98772E-05 0.0585047 0.119469 9.98772E-05 9.98772E-05 9.98772E-05 9.98772E-05 9.98772E-05 9.98772E-05 9.98772E-05 9.98772E-05 9.98772E-05
0.0122572 9.98948E-05 9.98948E-05 9.98948E-05 9.98948E-05 0.592805 9.98948E-05 0.103812 0.222634 0.0299561 9.98948E-05 0.0373375 9.98948E-05 9.98948E-05 9.98948E-05 9.98948E-05 9.98948E-05 9.98948E-05
9.9886E-05 0.0631714 0.00780779 9.9886E-05 9.9886E-05 0.850764 9.9886E-05 9.9886E-05 0.0474911 9.9886E-05 9.9886E-05 9.9886E-05 9.9886E-05 9.9886E-05 9.9886E-05 0.0294676 9.9886E-05 9.9886E-05
0.112418 0.00350786 9.99035E-05 9.99035E-05 9.99035E-05 0.393864 9.99035E-05 0.128178 0.115546 9.99035E-05 9.99035E-05 0.159073 9.99035E-05 0.0863143 9.99035E-05 9.99035E-05 9.99035E-05 9.99035E-05
9.98772E-05 9.98772E-05 9.98772E-05 9.98772E-05 9.98772E-05 0.242452 9.98772E-05 0.207824 0.426353 9.98772E-05 9.98772E-05 9.98772E-05 9.98772E-05 9.98772E-05 0.121973 9.98772E-05 9.98772E-05 9.98772E-05
9.98859E-05 9.98859E-05 0.0387239 0.0501745 9.98859E-05 0.84654 9.98859E-05 0.0335657 0.0296974 9.98859E-05 9.98859E-05 9.98859E-05 9.98859E-05 9.98859E-05 9.98859E-05 9.98859E-05 9.98859E-05 9.98859E-05
0.0300017 9.98946E-05 9.98946E-05 9.98946E-05 9.98946E-05 0.819338 9.98946E-05 0.0766263 9.98946E-05 9.98946E-05 9.98946E-05 9.98946E-05 0.0294948 0.00874331 0.0345972 9.98946E-05 9.98946E-05 9.98946E-05
9.9886E-05 9.9886E-05 0.0199108 9.9886E-05 9.9886E-05 0.884682 9.9886E-05 0.00404146 9.9886E-05 9.9886E-05 9.9886E-05 0.0894425 9.9886E-05 9.9886E-05 9.9886E-05 9.9886E-05 9.9886E-05 0.000624662
9.98858E-05 9.98858E-05 0.00565285 9.98858E-05 9.98858E-05 0.666918 9.98858E-05 0.1216 0.170995 9.98858E-05 9.98858E-05 9.98858E-05 9.98858E-05 0.0335354 9.98858E-05 9.98858E-05 9.98858E-05 9.98858E-05
9.98949E-05 0.0341264 0.102992 9.98949E-05 9.98949E-05 0.691736 9.98949E-05 0.0127914 0.00815198 9.98949E-05 9.98949E-05 9.98949E-05 9.98949E-05 9.98949E-05 9.98949E-05 9.98949E-05 0.149004 9.98949E-05
0.0271861 9.9921E-05 9.9921E-05 9.9921E-05 9.9921E-05 0.277294 0.195388 0.194006 0.0910683 0.000512423 9.9921E-05 0.0096487 0.0692202 0.134776 9.9921E-05 9.9921E-05 9.9921E-05 9.9921E-05
9.98947E-05 9.98947E-05 9.98947E-05 0.0171007 9.98947E-05 0.587448 9.98947E-05 9.98947E-05 0.215738 0.0401554 9.98947E-05 9.98947E-05 9.98947E-05 9.98947E-05 0.103739 9.98947E-05 9.98947E-05 0.0346201
9.98947E-05 0.0302321 9.98947E-05 9.98947E-05 9.98947E-05 0.840879 9.98947E-05 0.0490188 0.000879668 9.98947E-05 0.0289824 9.98947E-05 0.048809 9.98947E-05 9.98947E-05 9.98947E-05 9.98947E-05 9.98947E-05
0.0292692 9.99124E-05 9.99124E-05 0.0385431 0.178992 0.644964 9.99124E-05 9.99124E-05 0.0108833 9.99124E-05 9.99124E-05 9.99124E-05 0.0348374 9.99124E-05 9.99124E-05 9.99124E-05 0.0457499 0.0157614
9.98686E-05 9.98686E-05 9.98686E-05 9.98686E-05 9.98686E-05 0.729858 9.98686E-05 0.074357 9.98686E-05 9.98686E-05 0.194287 9.98686E-05 9.98686E-05 9.98686E-05 9.98686E-05 9.98686E-05 9.98686E-05 9.98686E-05
9.98948E-05 9.98948E-05 0.121114 0.0647467 9.98948E-05 0.675115 0.0814002 9.98948E-05 9.98948E-05 9.98948E-05 9.98948E-05 9.98948E-05 9.98948E-05 0.0403237 9.98948E-05 9.98948E-05 9.98948E-05 0.0161013
9.98946E-05 0.0238691 0.103518 9.98946E-05 9.98946E-05 0.731943 9.98946E-05 0.031216 0.0721099 9.98946E-05 9.98946E-05 9.98946E-05 0.036146 9.98946E-05 9.98946E-05 9.98946E-05 9.98946E-05 9.98946E-05
9.98772E-05 9.98772E-05 9.98772E-05 9.98772E-05 9.98772E-05 0.805727 9.98772E-05 0.0331999 9.98772E-05 9.98772E-05 9.98772E-05 9.98772E-05 9.98772E-05 0.0121637 0.147511 9.98772E-05 9.98772E-05 9.98772E-05
9.98947E-05 0.00755951 9.98947E-05 9.98947E-05 9.98947E-05 0.855497 9.98947E-05 9.98947E-05 9.98947E-05 9.98947E-05 9.98947E-05 9.98947E-05 9.98947E-05 0.0328173 0.0311752 9.98947E-05 0.0453856 0.0263669
0.0489778 0.0216215 9.99033E-05 9.99033E-05 9.99033E-05 9.99033E-05 9.99033E-05 0.172465 0.00598896 9.99033E-05 0.0161623 0.691992 0.0416935 9.99033E-05 9.99033E-05 9.99033E-05 9.99033E-05 9.99033E-05
9.98597E-05 9.98597E-05 9.98597E-05 9.98597E-05 9.98597E-05 9.98597E-05 9.98597E-05 9.98597E-05 9.98597E-05 9.98597E-05 9.98597E-05 0.997408 9.98597E-05 9.98597E-05 0.000994053 9.98597E-05 9.98597E-05 9.98597E-05
9.98596E-05 9.98596E-05 9.98596E-05 9.98596E-05 9.98596E-05 9.98596E-05 9.98596E-05 9.98596E-05 9.98596E-05 9.98596E-05 9.98596E-05 0.981019 0.0173835 9.98596E-05 9.98596E-05 9.98596E-05 9.98596E-05 9.98596E-05
0.101708 0.331047 9.99035E-05 9.99035E-05 9.99035E-05 9.99035E-05 0.185425 0.0530749 9.99035E-05 9.99035E-05 9.99035E-05 0.184404 0.0459419 9.99035E-05 9.99035E-05 9.99035E-05 0.0973013 9.99035E-05
0.0884985 9.9912E-05 0.0486403 0.0434739 9.9912E-05 9.9912E-05 9.9912E-05 0.0297214 0.082674 9.9912E-05 9.9912E-05 0.648327 9.9912E-05 9.9912E-05 9.9912E-05 9.9912E-05 0.0391259 0.0185403
0.0972791 9.99032E-05 9.99032E-05 9.99032E-05 9.99032E-05 9.99032E-05 0.0503504 0.124734 0.114894 0.00442359 9.99032E-05 0.576901 9.99032E-05 0.0303191 9.99032E-05 9.99032E-05 9.99032E-05 9.99032E-05
0.00796033 0.279705 9.98946E-05 9.98946E-05 9.98946E-05 9.98946E-05 9.98946E-05 0.064597 9.98946E-05 9.98946E-05 9.98946E-05 0.549959 9.98946E-05 0.0201422 0.0764379 9.98946E-05 9.98946E-05 9.98946E-05
0.0545109 0.118846 0.0439365 9.99121E-05 9.99121E-05 9.99121E-05 0.020669 0.0673289 9.99121E-05 9.99121E-05 9.99121E-05 0.552016 0.138486 9.99121E-05 9.99121E-05 9.99121E-05 0.00320706 9.99121E-05
9.98596E-05 0.00230407 9.98596E-05 9.98596E-05 9.98596E-05 9.98596E-05 9.98596E-05 9.98596E-05 9.98596E-05 9.98596E-05 9.98596E-05 0.996098 9.98596E-05 9.98596E-05 9.98596E-05 9.98596E-05 9.98596E-05 9.98596E-05
9.98595E-05 9.98595E-05 9.98595E-05 9.98595E-05 9.98595E-05 9.98595E-05 9.98595E-05 9.98595E-05 9.98595E-05 9.98595E-05 9.98595E-05 0.947777 9.98595E-05 0.0506248 9.98595E-05 9.98595E-05 9.98595E-05 9.98595E-05
0.0440276 9.98945E-05 9.98945E-05 0.00983724 9.98945E-05 9.98945E-05 9.98945E-05 0.323061 9.98945E-05 9.98945E-05 9.98945E-05 0.464131 0.0244675 0.133277 9.98945E-05 9.98945E-05 9.98945E-05 9.98945E-05
9.99209E-05 0.0538873 9.99209E-05 9.99209E-05 0.0666504 9.99209E-05 9.99209E-05 0.0548456 0.204388 9.99209E-05 0.0863706 0.438077 0.015357 0.0311994 9.99209E-05 9.99209E-05 0.0483247 9.99209E-05
0.136282 9.99033E-05 9.99033E-05 9.99033E-05 0.056908 9.99033E-05 0.0667156 0.0324309 9.99033E-05 9.99033E-05 9.99033E-05 0.461316 9.99033E-05 0.108282 9.99033E-05 9.99033E-05 9.99033E-05 0.136966
9.98857E-05 0.039671 0.0513801 9.98857E-05 9.98857E-05 9.98857E-05 9.98857E-05 0.206577 0.178464 9.98857E-05 9.98857E-05 0.522609 9.98857E-05 9.98857E-05 9.98857E-05 9.98857E-05 9.98857E-05 9.98857E-05
9.98773E-05 9.98773E-05 9.98773E-05 9.98773E-05 0.03151 9.98773E-05 0.0514378 9.98773E-05 9.98773E-05 9.98773E-05 9.98773E-05 0.904555 9.98773E-05 0.0110992 9.98773E-05 9.98773E-05 9.98773E-05 9.98773E-05
0.0277186 9.98947E-05 9.98947E-05 9.98947E-05 9.98947E-05 9.98947E-05 9.98947E-05 0.0380263 0.00916604 9.98947E-05 9.98947E-05 0.843081 9.98947E-05 0.0226548 0.0581546 9.98947E-05 9.98947E-05 9.98947E-05
9.98946E-05 9.98946E-05 0.135612 9.98946E-05 9.98946E-05 9.98946E-05 0.0563325 0.0473115 9.98946E-05 9.98946E-05 9.98946E-05 0.694044 0.0164029 9.98946E-05 9.98946E-05 9.98946E-05 0.0490984 9.98946E-05
0.0524488 9.98945E-05 0.0809965 9.98945E-05 9.98945E-05 9.98945E-05 9.98945E-05 9.98945E-05 0.115053 9.98945E-05 9.98945E-05 0.590469 9.98945E-05 0.128527 0.031307 9.98945E-05 9.98945E-05 9.98945E-05
0.0516285 9.98771E-05 9.98771E-05 9.98771E-05 9.98771E-05 9.98771E-05 9.98771E-05 0.0699898 9.98771E-05 9.98771E-05 9.98771E-05 0.806086 0.0708974 9.98771E-05 9.98771E-05 9.98771E-05 9.98771E-05 9.98771E-05
9.98857E-05 9.98857E-05 9.98857E-05 9.98857E-05 0.109814 9.98857E-05 9.98857E-05 0.259333 9.98857E-05 9.98857E-05 9.98857E-05 0.575631 0.04725 9.98857E-05 9.98857E-05 9.98857E-05 0.00667279 9.98857E-05
9.98511E-05 9.98511E-05 9.98511E-05 9.98511E-05 9.98511E-05 9.98511E-05 9.98511E-05 9.98511E-05 9.98511E-05 9.98511E-05 9.98511E-05 0.998303 9.98511E-05 9.98511E-05 9.98511E-05 9.98511E-05 9.98511E-05 9.98511E-05
9.98945E-05 0.0621768 0.0220464 9.98945E-05 9.98945E-05 9.98945E-05 0.0164474 0.00386168 0.311076 9.98945E-05 9.98945E-05 0.583193 9.98945E-05 9.98945E-05 9.98945E-05 9.98945E-05 9.98945E-05 9.98945E-05
9.99123E-05 0.0197041 9.99123E-05 0.0144836 9.99123E-05 9.99123E-05 0.190695 0.00273127 0.0302737 9.99123E-05 0.0299514 0.70741 0.00375166 9.99123E-05 9.99123E-05 9.99123E-05 9.99123E-05 9.99123E-05
0.0763384 9.99035E-05 0.161996 9.99035E-05 0.0113478 9.99035E-05 0.00854352 9.99035E-05 9.99035E-05 0.0191427 9.99035E-05 0.684524 0.0370089 9.99035E-05 9.99035E-05 9.99035E-05 9.99035E-05 9.99035E-05
9.98594E-05 9.98594E-05 9.98594E-05 9.98594E-05 9.98594E-05 9.98594E-05 9.98594E-05 9.98594E-05 9.98594E-05 9.98594E-05 9.98594E-05 0.792946 9.98594E-05 0.205457 9.98594E-05 9.98594E-05 9.98594E-05 9.98594E-05
0.0186689 9.98686E-05 9.98686E-05 0.00183743 9.98686E-05 9.98686E-05 9.98686E-05 9.98686E-05 9.98686E-05 9.98686E-05 9.98686E-05 0.977996 9.98686E-05 9.98686E-05 9.98686E-05 9.98686E-05 9.98686E-05 9.98686E-05
9.98597E-05 9.98597E-05 9.98597E-05 9.98597E-05 9.98597E-05 9.98597E-05 9.98597E-05 9.98597E-05 9.98597E-05 9.98597E-05 9.98597E-05 0.989972 9.98597E-05 9.98597E-05 9.98597E-05 9.98597E-05 0.00843052 9.98597E-05
9.98509E-05 9.98509E-05 9.98509E-05 9.98509E-05 9.98509E-05 9.98509E-05 9.98509E-05 9.98509E-05 9.98509E-05 9.98509E-05 9.98509E-05 0.998303 9.98509E-05 9.98509E-05 9.98509E-05 9.98509E-05 9.98509E-05 9.98509E-05
0.0248809 9.98771E-05 9.98771E-05 9.98771E-05 9.98771E-05 9.98771E-05 9.98771E-05 0.0206092 9.98771E-05 9.98771E-05 9.98771E-05 0.824902 0.12821 9.98771E-05 9.98771E-05 9.98771E-05 9.98771E-05 9.98771E-05
0.122039 9.98773E-05 9.98773E-05 9.98773E-05 9.98773E-05 9.98773E-05 9.98773E-05 0.105784 9.98773E-05 9.98773E-05 9.98773E-05 0.641704 9.98773E-05 9.98773E-05 9.98773E-05 0.129074 9.98773E-05 9.98773E-05
0.0924202 9.98684E-05 9.98684E-05 9.98684E-05 9.98684E-05 9.98684E-05 0.823384 0.082698 9.98684E-05 9.98684E-05 9.98684E-05 9.98684E-05 9.98684E-05 9.98684E-05 9.98684E-05 9.98684E-05 9.98684E-05 9.98684E-05
0.00892088 9.98772E-05 9.98772E-05 9.98772E-05 9.98772E-05 9.98772E-05 0.547167 0.0407282 9.98772E-05 9.98772E-05 9.98772E-05 9.98772E-05 9.98772E-05 9.98772E-05 9.98772E-05 0.401785 9.98772E-05 9.98772E-05
9.98683E-05 9.98683E-05 9.98683E-05 9.98683E-05 9.98683E-05 9.98683E-05 0.941035 0.0286994 0.028768 9.98683E-05 9.98683E-05 9.98683E-05 9.98683E-05 9.98683E-05 9.98683E-05 9.98683E-05 9.98683E-05 9.98683E-05
0.0190024 9.98858E-05 9.98858E-05 9.98858E-05 9.98858E-05 9.98858E-05 0.805009 0.126693 9.98858E-05 9.98858E-05 9.98858E-05 9.98858E-05 0.0249671 0.0230306 9.98858E-05 9.98858E-05 9.98858E-05 9.98858E-05
0.0578529 9.98594E-05 9.98594E-05 9.98594E-05 9.98594E-05 9.98594E-05 0.940549 9.98594E-05 9.98594E-05 9.98594E-05 9.98594E-05 9.98594E-05 9.98594E-05 9.98594E-05 9.98594E-05 9.98594E-05 9.98594E-05 9.98594E-05
0.132161 0.0649991 9.98859E-05 9.98859E-05 9.98859E-05 9.98859E-05 0.650187 0.11272 9.98859E-05 9.98859E-05 9.98859E-05 9.98859E-05 9.98859E-05 9.98859E-05 0.0386343 9.98859E-05 9.98859E-05 9.98859E-05
0.0960525 9.98859E-05 9.98859E-05 9.98859E-05 9.98859E-05 9.98859E-05 0.76813 0.0667911 0.0628635 9.98859E-05 9.98859E-05 9.98859E-05 0.00486439 9.98859E-05 9.98859E-05 9.98859E-05 9.98859E-05 9.98859E-05
0.181225 9.98683E-05 9.98683E-05 9.98683E-05 9.98683E-05 9.98683E-05 0.809611 9.98683E-05 9.98683E-05 9.98683E-05 9.98683E-05 9.98683E-05 0.007666 9.98683E-05 9.98683E-05 9.98683E-05 9.98683E-05 9.98683E-05
0.318111 0.226878 9.98858E-05 9.98858E-05 9.98858E-05 9.98858E-05 0.431328 0.0110992 9.98858E-05 9.98858E-05 0.0112855 9.98858E-05 9.98858E-05 9.98858E-05 9.98858E-05 9.98858E-05 9.98858E-05 9.98858E-05
0.180688 9.98683E-05 9.98683E-05 9.98683E-05 9.98683E-05 9.98683E-05 0.555749 0.262064 9.98683E-05 9.98683E-05 9.98683E-05 9.98683E-05 9.98683E-05 9.98683E-05 9.98683E-05 9.98683E-05 9.98683E-05 9.98683E-05
9.98772E-05 0.276101 9.98772E-05 9.98772E-05 9.98772E-05 9.98772E-05 0.527121 0.0113774 9.98772E-05 9.98772E-05 9.98772E-05 9.98772E-05 9.98772E-05 9.98772E-05 9.98772E-05 0.184003 9.98772E-05 9.98772E-05
9.98772E-05 0.126505 9.98772E-05 9.98772E-05 9.98772E-05 9.98772E-05 0.821527 0.00926335 9.98772E-05 9.98772E-05 9.98772E-05 9.98772E-05 9.98772E-05 9.98772E-05 9.98772E-05 0.0413059 9.98772E-05 9.98772E-05
0.0662062 9.98598E-05 9.98598E-05 9.98598E-05 9.98598E-05 9.98598E-05 0.932196 9.98598E-05 9.98598E-05 9.98598E-05 9.98598E-05 9.98598E-05 9.98598E-05 9.98598E-05 9.98598E-05 9.98598E-05 9.98598E-05 9.98598E-05
0.156695 0.0201414 9.98948E-05 9.98948E-05 9.98948E-05 9.98948E-05 0.635523 0.0905196 9.98948E-05 0.0752979 9.98948E-05 9.98948E-05 9.98948E-05 9.98948E-05 9.98948E-05 9.98948E-05 0.0206249 9.98948E-05
0.0797005 9.98948E-05 9.98948E-05 9.98948E-05 0.0322305 9.98948E-05 0.67861 9.98948E-05 9.98948E-05 9.98948E-05 9.98948E-05 9.98948E-05 0.150095 0.0181906 9.98948E-05 0.0399746 9.98948E-05 9.98948E-05
0.0191581 0.11526 9.98859E-05 9.98859E-05 9.98859E-05 9.98859E-05 0.677725 0.134013 9.98859E-05 9.98859E-05 9.98859E-05 9.98859E-05 9.98859E-05 9.98859E-05 0.0525456 9.98859E-05 9.98859E-05 9.98859E-05
0.00403296 0.244558 9.98947E-05 0.0212316 9.98947E-05 9.98947E-05 0.632949 0.0825725 9.98947E-05 9.98947E-05 9.98947E-05 9.98947E-05 9.98947E-05 9.98947E-05 9.98947E-05 0.0134575 9.98947E-05 9.98947E-05
0.0936543 9.98949E-05 9.98949E-05 9.98949E-05 9.98949E-05 9.98949E-05 0.748531 9.98949E-05 0.111859 9.98949E-05 9.98949E-05 9.98949E-05 9.98949E-05 9.98949E-05 0.0182256 9.98949E-05 0.0181873 0.00834406
9.98685E-05 9.98685E-05 9.98685E-05 9.98685E-05 9.98685E-05 9.98685E-05 0.950947 9.98685E-05 9.98685E-05 9.98685E-05 9.98685E-05 9.98685E-05 9.98685E-05 0.0384543 9.98685E-05 0.00910097 9.98685E-05 9.98685E-05
0.168463 9.99035E-05 9.99035E-05 0.0336156 9.99035E-05 9.99035E-05 0.388755 0.0955672 9.99035E-05 9.99035E-05 0.0599853 9.99035E-05 9.99035E-05 0.0720149 9.99035E-05 0.1805 9.99035E-05 9.99035E-05
0.0076125 0.137922 9.98772E-05 9.98772E-05 9.98772E-05 9.98772E-05 0.789478 0.0635891 9.98772E-05 9.98772E-05 9.98772E-05 9.98772E-05 9.98772E-05 9.98772E-05 9.98772E-05 9.98772E-05 9.98772E-05 9.98772E-05
0.0324953 9.98859E-05 9.98859E-05 9.98859E-05 9.98859E-05 9.98859E-05 0.863163 0.0245537 9.98859E-05 9.98859E-05 9.98859E-05 9.98859E-05 0.0768667 0.00162319 9.98859E-05 9.98859E-05 9.98859E-05 9.98859E-05
0.210223 0.0481659 9.98859E-05 0.0798762 9.98859E-05 9.98859E-05 0.484399 0.176038 9.98859E-05 9.98859E-05 9.98859E-05 9.98859E-05 9.98859E-05 9.98859E-05 9.98859E-05 9.98859E-05 9.98859E-05 9.98859E-05
0.146193 9.9886E-05 9.9886E-05 9.9886E-05 9.9886E-05 9.9886E-05 0.6705 0.0451424 9.9886E-05 9.9886E-05 0.0209076 9.9886E-05 9.9886E-05 9.9886E-05 9.9886E-05 0.115959 9.9886E-05 9.9886E-05
0.219588 0.0579152 9.98946E-05 0.0901577 9.98946E-05 9.98946E-05 0.487426 0.115694 9.98946E-05 9.98946E-05 9.98946E-05 9.98946E-05 9.98946E-05 9.98946E-05 9.98946E-05 9.98946E-05 9.98946E-05 0.0280194
0.11657 0.0689721 9.99123E-05 9.99123E-05 0.0259136 9.99123E-05 0.53388 0.0793598 9.99123E-05 9.99123E-05 9.99123E-05 0.0296441 0.00250676 9.99123E-05 9.99123E-05 0.142155 9.99123E-05 9.99123E-05
9.98859E-05 9.98859E-05 9.98859E-05 0.0150314 9.98859E-05 9.98859E-05 0.248333 0.0221888 9.98859E-05 0.148383 9.98859E-05 9.98859E-05 9.98859E-05 9.98859E-05 9.98859E-05 0.564765 9.98859E-05 9.98859E-05
0.039719 9.98769E-05 0.00628085 9.98769E-05 9.98769E-05 9.98769E-05 0.807236 0.145365 9.98769E-05 9.98769E-05 9.98769E-05 9.98769E-05 9.98769E-05 9.98769E-05 9.98769E-05 9.98769E-05 9.98769E-05 9.98769E-05
0.219326 0.0237551 9.98772E-05 9.98772E-05 9.98772E-05 9.98772E-05 0.558369 0.197152 9.98772E-05 9.98772E-05 9.98772E-05 9.98772E-05 9.98772E-05 9.98772E-05 9.98772E-05 9.98772E-05 9.98772E-05 9.98772E-05
9.98948E-05 9.98948E-05 9.98948E-05 0.0139433 9.98948E-05 9.98948E-05 0.786648 0.0521877 9.98948E-05 9.98948E-05 9.98948E-05 9.98948E-05 9.98948E-05 0.0653916 9.98948E-05 0.0208506 9.98948E-05 0.0597801
0.0104796 9.9886E-05 9.9886E-05 9.9886E-05 0.0414562 9.9886E-05 0.776623 0.141793 9.9886E-05 9.9886E-05 9.9886E-05 9.9886E-05 9.9886E-05 0.0283498 9.9886E-05 9.9886E-05 9.9886E-05 9.9886E-05
9.98683E-05 9.98683E-05 9.98683E-05 9.98683E-05 0.0826984 9.98683E-05 0.913303 9.98683E-05 9.98683E-05 9.98683E-05 9.98683E-05 9.98683E-05 9.98683E-05 0.00250019 9.98683E-05 9.98683E-05 9.98683E-05 9.98683E-05
0.16376 9.9877E-05 9.9877E-05 0.231674 9.9877E-05 9.9877E-05 0.490489 0.112678 9.9877E-05 9.9877E-05 9.9877E-05 9.9877E-05 9.9877E-05 9.9877E-05 9.9877E-05 9.9877E-05 9.9877E-05 9.9877E-05
0.0179943 9.98945E-05 9.98945E-05 0.0329232 9.98945E-05 9.98945E-05 0.710499 0.125632 0.0277075 9.98945E-05 0.0840452 9.98945E-05 9.98945E-05 9.98945E-05 9.98945E-05 9.98945E-05 9.98945E-05 9.98945E-05
9.98596E-05 9.98596E-05 9.98596E-05 9.98596E-05 9.98596E-05 9.98596E-05 0.958984 0.0394185 9.98596E-05 9.98596E-05 9.98596E-05 9.98596E-05 9.98596E-05 9.98596E-05 9.98596E-05 9.98596E-05 9.98596E-05 9.98596E-05
0.0594987 0.00975158 9.99122E-05 9.99122E-05 0.000529425 9.99122E-05 0.73627 9.99122E-05 0.0278065 9.99122E-05 9.99122E-05 9.99122E-05 9.99122E-05 0.0153269 0.0440607 0.105757 9.99122E-05 9.99122E-05
0.0676322 9.9877E-05 9.9877E-05 9.9877E-05 9.9877E-05 9.9877E-05 0.676275 0.206398 9.9877E-05 9.9877E-05 9.9877E-05 9.9877E-05 9.9877E-05 0.0482974 9.9877E-05 9.9877E-05 9.9877E-05 9.9877E-05
0.0350963 9.98771E-05 9.98771E-05 9.98771E-05 9.98771E-05 9.98771E-05 0.460542 9.98771E-05 9.98771E-05 9.98771E-05 9.98771E-05 9.98771E-05 9.98771E-05 9.98771E-05 0.0601905 0.442773 9.98771E-05 9.98771E-05
0.00250505 9.98772E-05 9.98772E-05 9.98772E-05 9.98772E-05 9.98772E-05 0.768759 0.0560883 9.98772E-05 9.98772E-05 9.98772E-05 9.98772E-05 9.98772E-05 9.98772E-05 9.98772E-05 0.171249 9.98772E-05 9.98772E-05
9.98686E-05 9.98686E-05 9.98686E-05 9.98686E-05 9.98686E-05 9.98686E-05 0.756646 9.98686E-05 9.98686E-05 9.98686E-05 9.98686E-05 9.98686E-05 9.98686E-05 0.00776065 9.98686E-05 0.234095 9.98686E-05 9.98686E-05
0.0214732 9.98947E-05 9.98947E-05 0.0244554 9.98947E-05 9.98947E-05 0.493033 9.98947E-05 9.98947E-05 0.00523282 9.98947E-05 9.98947E-05 9.98947E-05 9.98947E-05 0.0253342 0.429273 9.98947E-05 9.98947E-05
0.0811842 0.0193522 9.9877E-05 9.9877E-05 9.9877E-05 9.9877E-05 0.598827 0.299238 9.9877E-05 9.9877E-05 9.9877E-05 9.9877E-05 9.9877E-05 9.9877E-05 9.9877E-05 9.9877E-05 9.9877E-05 9.9877E-05
0.111754 9.98685E-05 9.98685E-05 9.98685E-05 9.98685E-05 9.98685E-05 0.827047 9.98685E-05 9.98685E-05 9.98685E-05 0.0597003 9.98685E-05 9.98685E-05 9.98685E-05 9.98685E-05 9.98685E-05 9.98685E-05 9.98685E-05
0.104243 9.98859E-05 9.98859E-05 0.0585267 9.98859E-05 9.98859E-05 0.232672 0.0775796 9.98859E-05 9.98859E-05 9.98859E-05 9.98859E-05 9.98859E-05 9.98859E-05 9.98859E-05 0.52568 9.98859E-05 9.98859E-05
0.0144553 0.100339 9.9894E-05 9.9894E-05 9.9894E-05 9.9894E-05 0.553537 9.9894E-05 9.9894E-05 9.9894E-05 9.9894E-05 9.9894E-05 9.9894E-05 0.00381725 9.9894E-05 0.326552 9.9894E-05 9.9894E-05
0.177394 0.0920206 9.99033E-05 0.133619 9.99033E-05 9.99033E-05 0.468327 0.035932 0.0701567 9.99033E-05 9.99033E-05 9.99033E-05 0.0214514 9.99033E-05 9.99033E-05 9.99033E-05 9.99033E-05 9.99033E-05
0.0931344 9.9921E-05 9.9921E-05 0.0303325 9.9921E-05 9.9921E-05 0.398865 0.168185 9.9921E-05 9.9921E-05 0.0360004 0.236108 0.000686465 0.0286614 9.9921E-05 0.00712734 9.9921E-05 9.9921E-05
0.0869003 0.0467149 9.99124E-05 9.99124E-05 0.0442523 9.99124E-05 0.468279 0.0560373 0.14892 0.142577 9.99124E-05 9.99124E-05 9.99124E-05 9.99124E-05 9.99124E-05 0.0053203 9.99124E-05 9.99124E-05
0.20952 9.98947E-05 9.98947E-05 0.00511869 9.98947E-05 9.98947E-05 0.469381 0.170865 0.112271 9.98947E-05 9.98947E-05 9.98947E-05 9.98947E-05 0.031645 9.98947E-05 9.98947E-05 9.98947E-05 9.98947E-05
9.98685E-05 9.98685E-05 9.98685E-05 9.98685E-05 9.98685E-05 9.98685E-05 0.616266 0.00492143 9.98685E-05 9.98685E-05 9.98685E-05 9.98685E-05 9.98685E-05 9.98685E-05 9.98685E-05 0.377315 9.98685E-05 9.98685E-05
9.9877E-05 9.9877E-05 9.9877E-05 9.9877E-05 9.9877E-05 9.9877E-05 0.717078 0.0966502 9.9877E-05 9.9877E-05 9.9877E-05 9.9877E-05 9.9877E-05 9.9877E-05 0.175648 9.9877E-05 0.00922556 9.9877E-05
0.101702 9.98684E-05 9.98684E-05 9.98684E-05 9.98684E-05 9.98684E-05 0.334643 9.98684E-05 9.98684E-05 9.98684E-05 9.98684E-05 9.98684E-05 9.98684E-05 9.98684E-05 9.98684E-05 0.562157 9.98684E-05 9.98684E-05
0.139045 9.9886E-05 9.9886E-05 9.9886E-05 9.9886E-05 9.9886E-05 0.546305 0.14887 9.9886E-05 9.9886E-05 9.9886E-05 9.9886E-05 9.9886E-05 0.0235322 9.9886E-05 0.140949 9.9886E-05 9.9886E-05
0.0125375 9.98683E-05 9.98683E-05 9.98683E-05 0.0818267 9.98683E-05 0.904138 9.98683E-05 9.98683E-05 9.98683E-05 9.98683E-05 9.98683E-05 9.98683E-05 9.98683E-05 9.98683E-05 9.98683E-05 9.98683E-05 9.98683E-05
9.98858E-05 9.98858E-05 9.98858E-05 0.0163923 9.98858E-05 9.98858E-05 0.893015 9.98858E-05 9.98858E-05 9.98858E-05 9.98858E-05 9.98858E-05 0.0320487 0.0488423 9.98858E-05 9.98858E-05 0.00840276 9.98858E-05
0.175611 0.210953 9.98945E-05 9.98945E-05 9.98945E-05 9.98945E-05 0.470364 0.108296 9.98945E-05 9.98945E-05 0.0284743 0.00510379 9.98945E-05 9.98945E-05 9.98945E-05 9.98945E-05 9.98945E-05 9.98945E-05
0.155348 9.98683E-05 9.98683E-05 9.98683E-05 9.98683E-05 9.98683E-05 0.764592 0.0785618 9.98683E-05 9.98683E-05 9.98683E-05 9.98683E-05 9.98683E-05 9.98683E-05 9.98683E-05 9.98683E-05 9.98683E-05 9.98683E-05
0.0306981 9.98683E-05 0.0191149 9.98683E-05 9.98683E-05 9.98683E-05 0.948689 9.98683E-05 9.98683E-05 9.98683E-05 9.98683E-05 9.98683E-05 9.98683E-05 9.98683E-05 9.98683E-05 9.98683E-05 9.98683E-05 9.98683E-05
9.98771E-05 9.98771E-05 9.98771E-05 0.114338 9.98771E-05 9.98771E-05 0.815024 0.0452151 9.98771E-05 9.98771E-05 9.98771E-05 9.98771E-05 9.98771E-05 9.98771E-05 9.98771E-05 0.0240246 9.98771E-05 9.98771E-05
0.134659 0.178767 9.98773E-05 9.98773E-05 9.98773E-05 9.98773E-05 0.631965 9.98773E-05 9.98773E-05 9.98773E-05 9.98773E-05 9.98773E-05 9.98773E-05 9.98773E-05 9.98773E-05 0.0532108 9.98773E-05 9.98773E-05
9.98506E-05 9.98506E-05 9.98506E-05 9.98506E-05 9.98506E-05 9.98506E-05 9.98506E-05 0.998303 9.98506E-05 9.98506E-05 9.98506E-05 9.98506E-05 9.98506E-05 9.98506E-05 9.98506E-05 9.98506E-05 9.98506E-05 9.98506E-05
0.998303 9.98506E-05 9.98506E-05 9.98506E-05 9.98506E-05 9.98506E-05 9.98506E-05 9.98506E-05 9.98506E-05 9.98506E-05 9.98506E-05 9.98506E-05 9.98506E-05 9.98506E-05 9.98506E-05 9.98506E-05 9.98506E-05 9.98506E-05
9.98505E-05 9.98505E-05 9.98505E-05 9.98505E-05 9.98505E-05 9.98505E-05 9.98505E-05 0.998303 9.98505E-05 9.98505E-05 9.98505E-05 9.98505E-05 9.98505E-05 9.98505E-05 9.98505E-05 9.98505E-05 9.98505E-05 9.98505E-05
0.998303 9.98505E-05 9.98505E-05 9.98505E-05 9.98505E-05 9.98505E-05 9.98505E-05 9.98505E-05 9.98505E-05 9.98505E-05 9.98505E-05 9.98505E-05 9.98505E-05 9.98505E-05 9.98505E-05 9.98505E-05 9.98505E-05 9.98505E-05
0.998303 9.98505E-05 9.98505E-05 9.98505E-05 9.98505E-05 9.98505E-05 9.98505E-05 9.98505E-05 9.98505E-05 9.98505E-05 9.98505E-05 9.98505E-05 9.98505E-05 9.98505E-05 9.98505E-05 9.98505E-05 9.98505E-05 9.98505E-05
0.995501 9.98594E-05 9.98594E-05 9.98594E-05 9.98594E-05 9.98594E-05 9.98594E-05 0.00290119 9.98594E-05 9.98594E-05 9.98594E-05 9.98594E-05 9.98594E-05 9.98594E-05 9.98594E-05 9.98594E-05 9.98594E-05 9.98594E-05
0.0216467 9.98594E-05 9.98594E-05 9.98594E-05 9.98594E-05 9.98594E-05 9.98594E-05 0.976756 9.98594E-05 9.98594E-05 9.98594E-05 9.98594E-05 9.98594E-05 9.98594E-05 9.98594E-05 9.98594E-05 9.98594E-05 9.98594E-05
0.998303 9.98506E-05 9.98506E-05 9.98506E-05 9.98506E-05 9.98506E-05 9.98506E-05 9.98506E-05 9.98506E-05 9.98506E-05 9.98506E-05 9.98506E-05 9.98506E-05 9.98506E-05 9.98506E-05 9.98506E-05 9.98506E-05 9.98506E-05
0.998303 9.98505E-05 9.98505E-05 9.98505E-05 9.98505E-05 9.98505E-05 9.98505E-05 9.98505E-05 9.98505E-05 9.98505E-05 9.98505E-05 9.98505E-05 9.98505E-05 9.98505E-05 9.98505E-05 9.98505E-05 9.98505E-05 9.98505E-05
9.98505E-05 9.98505E-05 9.98505E-05 9.98505E-05 9.98505E-05 9.98505E-05 9.98505E-05 0.998303 9.98505E-05 9.98505E-05 9.98505E-05 9.98505E-05 9.98505E-05 9.98505E-05 9.98505E-05 9.98505E-05 9.98505E-05 9.98505E-05
9.98506E-05 9.98506E-05 9.98506E-05 9.98506E-05 9.98506E-05 9.98506E-05 9.98506E-05 0.998303 9.98506E-05 9.98506E-05 9.98506E-05 9.98506E-05 9.98506E-05 9.98506E-05 9.98506E-05 9.98506E-05 9.98506E-05 9.98506E-05
9.98505E-05 9.98505E-05 9.98505E-05 9.98505E-05 9.98505E-05 9.98505E-05 9.98505E-05 0.998303 9.98505E-05 9.98505E-05 9.98505E-05 9.98505E-05 9.98505E-05 9.98505E-05 9.98505E-05 9.98505E-05 9.98505E-05 9.98505E-05
0.998303 9.98505E-05 9.98505E-05 9.98505E-05 9.98505E-05 9.98505E-05 9.98505E-05 9.98505E-05 9.98505E-05 9.98505E-05 9.98505E-05 9.98505E-05 9.98505E-05 9.98505E-05 9.98505E-05 9.98505E-05 9.98505E-05 9.98505E-05
0.998303 9.98505E-05 9.98505E-05 9.98505E-05 9.98505E-05 9.98505E-05 9.98505E-05 9.98505E-05 9.98505E-05 9.98505E-05 9.98505E-05 9.98505E-05 9.98505E-05 9.98505E-05 9.98505E-05 9.98505E-05 9.98505E-05 9.98505E-05
9.98505E-05 9.98505E-05 9.98505E-05 9.98505E-05 9.98505E-05 9.98505E-05 9.98505E-05 0.998303 9.98505E-05 9.98505E-05 9.98505E-05 9.98505E-05 9.98505E-05 9.98505E-05 9.98505E-05 9.98505E-05 9.98505E-05 9.98505E-05
9.98505E-05 9.98505E-05 9.98505E-05 9.98505E-05 9.98505E-05 9.98505E-05 9.98505E-05 0.998303 9.98505E-05 9.98505E-05 9.98505E-05 9.98505E-05 9.98505E-05 9.98505E-05 9.98505E-05 9.98505E-05 9.98505E-05 9.98505E-05
0.0473037 9.99033E-05 0.0986945 0.0351538 9.99033E-05 9.99033E-05 0.584342 0.1064 9.99033E-05 0.0970258 9.99033E-05 9.99033E-05 9.99033E-05 9.99033E-05 9.99033E-05 9.99033E-05 0.0299808 9.99033E-05
9.98506E-05 9.98506E-05 9.98506E-05 9.98506E-05 9.98506E-05 9.98506E-05 9.98506E-05 0.998303 9.98506E-05 9.98506E-05 9.98506E-05 9.98506E-05 9.98506E-05 9.98506E-05 9.98506E-05 9.98506E-05 9.98506E-05 9.98506E-05
0.998303 9.98506E-05 9.98506E-05 9.98506E-05 9.98506E-05 9.98506E-05 9.98506E-05 9.98506E-05 9.98506E-05 9.98506E-05 9.98506E-05 9.98506E-05 9.98506E-05 9.98506E-05 9.98506E-05 9.98506E-05 9.98506E-05 9.98506E-05
9.98506E-05 9.98506E-05 9.98506E-05 9.98506E-05 9.98506E-05 9.98506E-05 9.98506E-05 0.998303 9.98506E-05 9.98506E-05 9.98506E-05 9.98506E-05 9.98506E-05 9.98506E-05 9.98506E-05 9.98506E-05 9.98506E-05 9.98506E-05
9.98506E-05 9.98506E-05 9.98506E-05 9.98506E-05 9.98506E-05 9.98506E-05 9.98506E-05 0.998303 9.98506E-05 9.98506E-05 9.98506E-05 9.98506E-05 9.98506E-05 9.98506E-05 9.98506E-05 9.98506E-05 9.98506E-05 9.98506E-05
9.98506E-05 9.98506E-05 9.98506E-05 9.98506E-05 9.98506E-05 9.98506E-05 9.98506E-05 0.998303 9.98506E-05 9.98506E-05 9.98506E-05 9.98506E-05 9.98506E-05 9.98506E-05 9.98506E-05 9.98506E-05 9.98506E-05 9.98506E-05
0.998303 9.98504E-05 9.98504E-05 9.98504E-05 9.98504E-05 9.98504E-05 9.98504E-05 9.98504E-05 9.98504E-05 9.98504E-05 9.98504E-05 9.98504E-05 9.98504E-05 9.98504E-05 9.98504E-05 9.98504E-05 9.98504E-05 9.98504E-05
9.98505E-05 9.98505E-05 9.98505E-05 9.98505E-05 9.98505E-05 9.98505E-05 9.98505E-05 0.998303 9.98505E-05 9.98505E-05 9.98505E-05 9.98505E-05 9.98505E-05 9.98505E-05 9.98505E-05 9.98505E-05 9.98505E-05 9.98505E-05
0.998303 9.98506E-05 9.98506E-05 9.98506E-05 9.98506E-05 9.98506E-05 9.98506E-05 9.98506E-05 9.98506E-05 9.98506E-05 9.98506E-05 9.98506E-05 9.98506E-05 9.98506E-05 9.98506E-05 9.98506E-05 9.98506E-05 9.98506E-05
9.98506E-05 9.98506E-05 9.98506E-05 9.98506E-05 9.98506E-05 9.98506E-05 9.98506E-05 0.998303 9.98506E-05 9.98506E-05 9.98506E-05 9.98506E-05 9.98506E-05 9.98506E-05 9.98506E-05 9.98506E-05 9.98506E-05 9.98506E-05
9.98505E-05 9.98505E-05 9.98505E-05 9.98505E-05 9.98505E-05 9.98505E-05 9.98505E-05 0.998303 9.98505E-05 9.98505E-05 9.98505E-05 9.98505E-05 9.98505E-05 9.98505E-05 9.98505E-05 9.98505E-05 9.98505E-05 9.98505E-05
0.998303 9.98505E-05 9.98505E-05 9.98505E-05 9.98505E-05 9.98505E-05 9.98505E-05 9.98505E-05 9.98505E-05 9.98505E-05 9.98505E-05 9.98505E-05 9.98505E-05 9.98505E-05 9.98505E-05 9.98505E-05 9.98505E-05 9.98505E-05
0.998303 9.98505E-05 9.98505E-05 9.98505E-05 9.98505E-05 9.98505E-05 9.98505E-05 9.98505E-05 9.98505E-05 9.98505E-05 9.98505E-05 9.98505E-05 9.98505E-05 9.98505E-05 9.98505E-05 9.98505E-05 9.98505E-05 9.98505E-05
0.998303 9.98505E-05 9.98505E-05 9.98505E-05 9.98505E-05 9.98505E-05 9.98505E-05 9.98505E-05 9.98505E-05 9.98505E-05 9.98505E-05 9.98505E-05 9.98505E-05 9.98505E-05 9.98505E-05 9.98505E-05 9.98505E-05 9.98505E-05
9.98506E-05 9.98506E-05 9.98506E-05 9.98506E-05 9.98506E-05 9.98506E-05 9.98506E-05 0.998303 9.98506E-05 9.98506E-05 9.98506E-05 9.98506E-05 9.98506E-05 9.98506E-05 9.98506E-05 9.98506E-05 9.98506E-05 9.98506E-05
9.98506E-05 9.98506E-05 9.98506E-05 9.98506E-05 9.98506E-05 9.98506E-05 9.98506E-05 0.998303 9.98506E-05 9.98506E-05 9.98506E-05 9.98506E-05 9.98506E-05 9.98506E-05 9.98506E-05 9.98506E-05 9.98506E-05 9.98506E-05
9.98504E-05 9.98504E-05 9.98504E-05 9.98504E-05 9.98504E-05 9.98504E-05 9.98504E-05 0.998303 9.98504E-05 9.98504E-05 9.98504E-05 9.98504E-05 9.98504E-05 9.98504E-05 9.98504E-05 9.98504E-05 9.98504E-05 9.98504E-05
9.98504E-05 9.98504E-05 9.98504E-05 9.98504E-05 9.98504E-05 9.98504E-05 9.98504E-05 0.998303 9.98504E-05 9.98504E-05 9.98504E-05 9.98504E-05 9.98504E-05 9.98504E-05 9.98504E-05 9.98504E-05 9.98504E-05 9.98504E-05
9.98505E-05 9.98505E-05 9.98505E-05 9.98505E-05 9.98505E-05 9.98505E-05 9.98505E-05 0.998303 9.98505E-05 9.98505E-05 9.98505E-05 9.98505E-05 9.98505E-05 9.98505E-05 9.98505E-05 9.98505E-05 9.98505E-05 9.98505E-05
0.998303 9.98505E-05 9.98505E-05 9.98505E-05 9.98505E-05 9.98505E-05 9.98505E-05 9.98505E-05 9.98505E-05 9.98505E-05 9.98505E-05 9.98505E-05 9.98505E-05 9.98505E-05 9.98505E-05 9.98505E-05 9.98505E-05 9.98505E-05
0.998303 9.98505E-05 9.98505E-05 9.98505E-05 9.98505E-05 9.98505E-05 9.98505E-05 9.98505E-05 9.98505E-05 9.98505E-05 9.98505E-05 9.98505E-05 9.98505E-05 9.98505E-05 9.98505E-05 9.98505E-05 9.98505E-05 9.98505E-05
0.998303 9.98505E-05 9.98505E-05 9.98505E-05 9.98505E-05 9.98505E-05 9.98505E-05 9.98505E-05 9.98505E-05 9.98505E-05 9.98505E-05 9.98505E-05 9.98505E-05 9.98505E-05 9.98505E-05 9.98505E-05 9.98505E-05 9.98505E-05
9.98506E-05 9.98506E-05 9.98506E-05 9.98506E-05 9.98506E-05 9.98506E-05 9.98506E-05 0.998303 9.98506E-05 9.98506E-05 9.98506E-05 9.98506E-05 9.98506E-05 9.98506E-05 9.98506E-05 9.98506E-05 9.98506E-05 9.98506E-05
0.998303 9.98506E-05 9.98506E-05 9.98506E-05 9.98506E-05 9.98506E-05 9.98506E-05 9.98506E-05 9.98506E-05 9.98506E-05 9.98506E-05 9.98506E-05 9.98506E-05 9.98506E-05 9.98506E-05 9.98506E-05 9.98506E-05 9.98506E-05
0.998303 9.98506E-05 9.98506E-05 9.98506E-05 9.98506E-05 9.98506E-05 9.98506E-05 9.98506E-05 9.98506E-05 9.98506E-05 9.98506E-05 9.98506E-05 9.98506E-05 9.98506E-05 9.98506E-05 9.98506E-05 9.98506E-05 9.98506E-05
0.998303 9.98505E-05 9.98505E-05 9.98505E-05 9.98505E-05 9.98505E-05 9.98505E-05 9.98505E-05 9.98505E-05 9.98505E-05 9.98505E-05 9.98505E-05 9.98505E-05 9.98505E-05 9.98505E-05 9.98505E-05 9.98505E-05 9.98505E-05
0.998303 9.98505E-05 9.98505E-05 9.98505E-05 9.98505E-05 9.98505E-05 9.98505E-05 9.98505E-05 9.98505E-05 9.98505E-05 9.98505E-05 9.98505E-05 9.98505E-05 9.98505E-05 9.98505E-05 9.98505E-05 9.98505E-05 9.98505E-05
9.98504E-05 9.98504E-05 9.98504E-05 9.98504E-05 9.98504E-05 9.98504E-05 9.98504E-05 0.998303 9.98504E-05 9.98504E-05 9.98504E-05 9.98504E-05 9.98504E-05 9.98504E-05 9.98504E-05 9.98504E-05 9.98504E-05 9.98504E-05
0.998303 9.98506E-05 9.98506E-05 9.98506E-05 9.98506E-05 9.98506E-05 9.98506E-05 9.98506E-05 9.98506E-05 9.98506E-05 9.98506E-05 9.98506E-05 9.98506E-05 9.98506E-05 9.98506E-05 9.98506E-05 9.98506E-05 9.98506E-05
0.998303 9.98505E-05 9.98505E-05 9.98505E-05 9.98505E-05 9.98505E-05 9.98505E-05 9.98505E-05 9.98505E-05 9.98505E-05 9.98505E-05 9.98505E-05 9.98505E-05 9.98505E-05 9.98505E-05 9.98505E-05 9.98505E-05 9.98505E-05
