9.99561E-05 0.121146 9.99561E-05 0.0951893 9.99561E-05 9.99561E-05 0.338464 0.4447 9.99561E-05
0.00490757 0.104194 9.99649E-05 9.99649E-05 0.0107869 9.99649E-05 0.21808 0.661632 9.99649E-05
9.99561E-05 0.0525952 9.99561E-05 9.99561E-05 0.0156032 9.99561E-05 9.99561E-05 0.891432 0.0398696
0.0343989 0.0944923 0.0871876 0.360977 0.0666319 9.99824E-05 0.0846164 0.271496 9.99824E-05
9.99473E-05 9.99473E-05 0.0330603 9.99473E-05 0.201186 9.99473E-05 9.99473E-05 0.765154 9.99473E-05
9.998E-05 0.0687968 0.297477 0.0480065 0.112608 0.0640814 0.134652 0.274178 9.998E-05
9.99649E-05 0.15484 9.99649E-05 0.279493 9.99649E-05 0.0255961 0.233118 0.306553 9.99649E-05
9.99737E-05 0.0154777 0.226728 0.0313989 0.246271 0.223619 9.99737E-05 0.256205 9.99737E-05
0.0349952 0.00530371 0.27904 0.0741757 0.0682731 9.99824E-05 0.301827 0.236186 9.99824E-05
9.9956E-05 0.0355846 9.9956E-05 0.0404863 9.9956E-05 9.9956E-05 9.9956E-05 0.913028 0.0104009
0.0694938 0.158025 9.996E-05 0.0189906 9.996E-05 9.996E-05 0.27395 0.47914 9.996E-05
9.99649E-05 0.0207057 0.0413823 0.113272 9.99649E-05 0.00107984 9.99649E-05 0.82316 9.99649E-05
9.99648E-05 9.99648E-05 0.0409491 0.0373676 0.0244037 9.99648E-05 0.0681049 0.828775 9.99648E-05
9.99737E-05 0.025903 0.0128193 9.99737E-05 0.0227891 0.130727 0.208711 0.598751 9.99737E-05
9.99561E-05 9.99561E-05 0.249913 0.171638 9.99561E-05 9.99561E-05 0.239501 0.338448 9.99561E-05
9.998E-05 0.0301433 0.194117 0.218501 0.00521651 0.125424 0.183689 0.24271 9.998E-05
9.99737E-05 0.0698186 0.00411409 0.0837202 9.99737E-05 0.0242755 0.213985 0.603787 9.99737E-05
0.170842 0.00439075 0.0641825 9.99824E-05 0.00260252 9.99824E-05 0.243047 0.270724 0.244012
9.99648E-05 0.0686416 9.99648E-05 0.243828 9.99648E-05 9.99648E-05 0.346828 0.310388 0.029915
0.0566193 9.99385E-05 9.99385E-05 9.99385E-05 9.99385E-05 9.99385E-05 9.99385E-05 0.942681 9.99385E-05
9.99824E-05 0.0954252 0.105749 0.141048 0.159295 0.0239481 0.031396 0.442939 9.99824E-05
9.99649E-05 9.99649E-05 0.222242 0.175544 0.270097 9.99649E-05 0.0563319 0.275385 9.99649E-05
9.99474E-05 0.0855335 9.99474E-05 9.99474E-05 9.99474E-05 9.99474E-05 0.289745 0.624122 9.99474E-05
9.99561E-05 9.99561E-05 9.99561E-05 0.218948 9.99561E-05 0.0432771 0.351351 0.385924 9.99561E-05
0.129131 0.0730497 0.131475 0.0726273 9.99824E-05 0.0313802 0.254988 0.307148 9.99824E-05
9.99736E-05 0.057163 0.0298408 0.0964174 0.00596538 9.99736E-05 0.151596 0.658717 9.99736E-05
0.0372683 0.0409539 0.211667 9.99824E-05 9.99824E-05 0.156809 0.308782 0.076945 0.167374
9.99561E-05 0.0253248 9.99561E-05 0.181404 9.99561E-05 9.99561E-05 0.00263217 0.79014 9.99561E-05
0.0832129 0.00676673 9.99561E-05 9.99561E-05 9.99561E-05 9.99561E-05 0.35196 0.557561 9.99561E-05
9.99824E-05 0.0177585 0.113417 0.0584704 9.99824E-05 0.00449803 0.0926718 0.708387 0.00459729
0.0303668 0.133845 9.99737E-05 0.0221203 9.99737E-05 9.99737E-05 0.12567 0.681206 0.00649201
9.99737E-05 0.110476 0.195562 0.0758702 0.0692202 9.99737E-05 0.0451834 0.503389 9.99737E-05
9.99561E-05 0.203302 9.99561E-05 9.99561E-05 9.99561E-05 0.0110517 0.284326 0.500821 9.99561E-05
0.00846756 0.0363242 0.0233912 0.0171034 0.0805857 0.0496754 0.205368 0.526538 0.0525469
0.0820287 0.0760096 9.99561E-05 9.99561E-05 9.99561E-05 9.99561E-05 0.0920023 0.74946 9.99561E-05
9.99561E-05 0.0930348 9.99561E-05 0.120178 9.99561E-05 9.99561E-05 0.126337 0.65995 9.99561E-05
9.995E-05 0.0417767 9.995E-05 0.0568252 9.995E-05 0.100429 9.995E-05 0.80047 9.995E-05
0.0802832 9.99561E-05 0.152863 9.99561E-05 9.99561E-05 9.99561E-05 0.103255 0.6631 9.99561E-05
0.0860244 9.99649E-05 0.0488818 9.99649E-05 0.130993 9.99649E-05 0.250116 0.483586 9.99649E-05
9.99561E-05 9.99561E-05 0.094099 9.99561E-05 9.99561E-05 0.183223 0.123599 0.59858 9.99561E-05
9.99561E-05 0.0279819 9.99561E-05 0.124161 9.99561E-05 9.99561E-05 0.0840702 0.763288 9.99561E-05
9.99561E-05 9.99561E-05 9.99561E-05 0.0582057 0.0430014 9.99561E-05 0.224005 0.674288 9.99561E-05
9.99473E-05 9.99473E-05 0.067241 9.99473E-05 0.119587 9.99473E-05 9.99473E-05 0.812572 9.99473E-05
0.0193246 0.127888 9.99561E-05 9.99561E-05 9.99561E-05 9.99561E-05 0.446765 0.405523 9.99561E-05
0.0226886 9.99649E-05 9.99649E-05 0.107225 0.235308 9.99649E-05 0.366073 0.268306 9.99649E-05
0.0671741 9.9956E-05 9.9956E-05 9.9956E-05 0.0385588 9.9956E-05 0.0344384 0.859329 9.9956E-05
0.0010425 0.0126946 9.99649E-05 9.99649E-05 9.99649E-05 9.99649E-05 0.0538744 0.76464 0.167348
0.0296768 0.00355745 9.99561E-05 9.99561E-05 9.99561E-05 0.0935788 9.99561E-05 0.872687 9.99561E-05
9.99648E-05 0.0538079 9.99648E-05 9.99648E-05 0.0484054 0.0350414 0.18727 0.675075 9.99648E-05
0.012753 0.0286046 9.99825E-05 9.99825E-05 0.0787537 0.120463 0.0075803 0.729273 0.0223724
9.99736E-05 0.142331 0.122907 0.100939 0.00995459 9.99736E-05 0.379779 0.24379 9.99736E-05
0.0159175 9.99736E-05 0.0019257 0.175788 0.165314 0.0199196 9.99736E-05 0.620835 9.99736E-05
0.0153383 9.99649E-05 0.00639552 9.99649E-05 9.99649E-05 9.99649E-05 0.198738 0.743339 0.0357899
9.99649E-05 9.99649E-05 9.99649E-05 9.99649E-05 0.0650528 0.210428 0.0432452 0.616525 0.0643498
9.99561E-05 9.99561E-05 9.99561E-05 0.117326 0.00308156 9.99561E-05 0.14197 0.737123 9.99561E-05
0.0505264 0.04043 0.0211697 9.99737E-05 0.160094 0.00635364 9.99737E-05 0.721126 9.99737E-05
9.997E-05 0.00862218 9.997E-05 0.0562644 0.0190419 9.997E-05 0.119098 0.692243 0.104431
9.995E-05 0.100992 9.995E-05 0.0286381 9.995E-05 9.995E-05 0.128801 0.741069 9.995E-05
9.99473E-05 9.99473E-05 9.99473E-05 9.99473E-05 0.082928 9.99473E-05 9.99473E-05 0.870721 0.0457518
9.99737E-05 0.126077 0.06049 9.99737E-05 9.99737E-05 0.0214637 0.579147 0.0930457 0.119476
9.9965E-05 0.0226718 9.9965E-05 0.190107 9.9965E-05 0.0622297 0.437708 0.286883 9.9965E-05
9.99649E-05 0.0374249 9.99649E-05 9.99649E-05 9.99649E-05 0.0662869 0.373971 0.354095 0.167822
9.99649E-05 9.99649E-05 0.33896 0.000293195 9.99649E-05 0.0322894 0.517196 9.99649E-05 0.110861
0.101188 0.0295661 0.0336296 9.99912E-05 0.0223788 0.181916 0.511675 0.0651091 0.0544379
0.020495 9.99737E-05 0.0490614 0.10566 9.99737E-05 0.0461605 0.729904 9.99737E-05 0.048419
9.99473E-05 0.0952958 9.99473E-05 0.0890315 9.99473E-05 9.99473E-05 0.815073 9.99473E-05 9.99473E-05
9.996E-05 0.00589876 0.129509 0.0327545 9.996E-05 9.996E-05 0.623104 9.996E-05 0.208335
9.99562E-05 9.99562E-05 0.110627 9.99562E-05 9.99562E-05 9.99562E-05 0.569894 0.176319 0.14266
9.99562E-05 0.122843 9.99562E-05 0.167913 9.99562E-05 9.99562E-05 0.492683 0.216061 9.99562E-05
0.03199 0.233645 0.0454699 9.99649E-05 9.99649E-05 9.99649E-05 0.600532 9.99649E-05 0.0879626
9.99649E-05 0.115851 9.99649E-05 0.134688 0.0163131 0.178905 0.553843 9.99649E-05 9.99649E-05
0.042228 0.11823 0.21502 9.99824E-05 0.189481 0.105805 0.298434 9.99824E-05 0.0306019
9.99561E-05 0.0129775 9.99561E-05 9.99561E-05 0.103659 0.143799 0.739066 9.99561E-05 9.99561E-05
9.99737E-05 0.146934 0.160769 9.99737E-05 9.99737E-05 0.0108443 0.389652 0.233911 0.0575896
9.9965E-05 0.145798 0.0436924 0.0651873 9.9965E-05 9.9965E-05 0.526471 0.218451 9.9965E-05
9.99561E-05 9.99561E-05 9.99561E-05 0.14512 9.99561E-05 0.220161 0.584444 9.99561E-05 0.0497751
9.996E-05 0.254754 0.0604979 0.299693 9.996E-05 9.996E-05 0.334022 0.0506335 9.996E-05
9.99561E-05 0.119924 9.99561E-05 9.99561E-05 9.99561E-05 9.99561E-05 0.46591 0.196196 0.217469
0.048749 0.0485456 9.99649E-05 9.99649E-05 9.99649E-05 0.122457 0.738264 9.99649E-05 0.0415847
9.99737E-05 0.020859 9.99737E-05 9.99737E-05 0.0573978 0.0660999 0.545314 0.309818 0.000210889
9.99649E-05 9.99649E-05 9.99649E-05 0.178677 9.99649E-05 0.0540366 0.667637 0.0670615 0.032188
0.0275284 0.0193311 0.212274 9.99737E-05 9.99737E-05 9.99737E-05 0.502768 0.209818 0.0279804
9.99825E-05 0.0345738 0.0897676 0.232905 0.0625958 9.99825E-05 0.355359 0.104432 0.120167
9.99649E-05 0.288521 0.0355158 0.114764 9.99649E-05 9.99649E-05 0.367918 0.192881 9.99649E-05
9.99562E-05 0.0641907 0.0588619 9.99562E-05 9.99562E-05 9.99562E-05 0.54336 0.333087 9.99562E-05
9.99649E-05 9.99649E-05 9.99649E-05 0.044208 9.99649E-05 0.00700711 0.424904 0.424501 0.0989798
0.0280511 9.99563E-05 9.99563E-05 0.171712 9.99563E-05 9.99563E-05 0.614316 0.185421 9.99563E-05
9.99562E-05 9.99562E-05 0.00317699 9.99562E-05 9.99562E-05 9.99562E-05 0.452905 0.260612 0.282806
9.99562E-05 9.99562E-05 0.219709 9.99562E-05 9.99562E-05 0.0364289 0.49829 0.245072 9.99562E-05
9.99473E-05 9.99473E-05 0.749502 9.99473E-05 0.0855174 9.99473E-05 0.164381 9.99473E-05 9.99473E-05
9.99475E-05 9.99475E-05 0.824045 9.99475E-05 9.99475E-05 9.99475E-05 0.0662372 0.109118 9.99475E-05
9.99649E-05 0.0319214 0.550318 9.99649E-05 0.117152 9.99649E-05 0.287592 9.99649E-05 0.0126164
0.060705 0.0203872 0.654635 9.997E-05 0.0335744 9.997E-05 0.204616 9.997E-05 0.0257825
0.0689231 0.0388137 0.864589 9.99561E-05 9.99561E-05 9.99561E-05 9.99561E-05 9.99561E-05 0.0271746
0.0109097 9.99561E-05 0.734069 0.0571456 9.99561E-05 9.99561E-05 0.197376 9.99561E-05 9.99561E-05
9.99561E-05 0.0351851 0.68755 9.99561E-05 9.99561E-05 9.99561E-05 0.210108 9.99561E-05 0.0666577
0.0182842 9.99561E-05 0.878462 9.99561E-05 9.99561E-05 9.99561E-05 0.0827559 9.99561E-05 0.0199983
9.99472E-05 0.0775824 0.659528 9.99472E-05 9.99472E-05 9.99472E-05 0.26229 9.99472E-05 9.99472E-05
9.99648E-05 0.0119896 0.607014 9.99648E-05 0.0287195 9.99648E-05 0.336305 9.99648E-05 0.0155713
9.99562E-05 0.0944875 0.62517 9.99562E-05 9.99562E-05 9.99562E-05 0.235934 0.0439096 9.99562E-05
9.99561E-05 0.0655661 0.518947 9.99561E-05 9.99561E-05 9.99561E-05 0.399761 0.0152259 9.99561E-05
9.99474E-05 0.0328714 0.935575 9.99474E-05 9.99474E-05 9.99474E-05 9.99474E-05 9.99474E-05 0.0309542
9.99386E-05 9.99386E-05 0.694603 9.99386E-05 9.99386E-05 9.99386E-05 0.304698 9.99386E-05 9.99386E-05
0.0348738 0.0206133 0.693359 9.99737E-05 9.99737E-05 0.0599601 0.0122155 9.99737E-05 0.178679
9.99649E-05 0.0152883 0.517273 9.99649E-05 9.99649E-05 0.0854452 0.341309 9.99649E-05 0.0402844
0.0131564 0.00112393 0.672841 0.00443252 9.99649E-05 9.99649E-05 0.308046 9.99649E-05 9.99649E-05
9.99649E-05 0.0296391 0.753624 9.99649E-05 0.11111 0.0735547 9.99649E-05 0.0316728 9.99649E-05
0.0126431 0.0665527 0.800049 9.996E-05 0.0678307 9.996E-05 0.052525 9.996E-05 9.996E-05
0.154523 0.00141336 0.692522 9.99561E-05 9.99561E-05 9.99561E-05 0.151042 9.99561E-05 9.99561E-05
0.00721008 9.99737E-05 0.584681 0.0792667 9.99737E-05 0.0191019 0.256961 9.99737E-05 0.0524794
9.99561E-05 0.0389368 0.834254 9.99561E-05 9.99561E-05 9.99561E-05 0.0542464 9.99561E-05 0.0720626
0.119453 9.9956E-05 0.551934 9.9956E-05 0.0554505 9.9956E-05 0.272663 9.9956E-05 9.9956E-05
0.0525059 0.0368468 0.910048 9.99474E-05 9.99474E-05 9.99474E-05 9.99474E-05 9.99474E-05 9.99474E-05
0.17993 9.99473E-05 0.439075 9.99473E-05 9.99473E-05 9.99473E-05 0.380395 9.99473E-05 9.99473E-05
9.99562E-05 0.0324571 0.544558 9.99562E-05 9.99562E-05 0.0515295 0.370956 9.99562E-05 9.99562E-05
0.0472434 9.9965E-05 0.646473 9.9965E-05 9.9965E-05 0.00397819 0.0687662 0.233139 9.9965E-05
0.0573896 9.9956E-05 0.782987 9.9956E-05 0.114831 9.9956E-05 0.0442921 9.9956E-05 9.9956E-05
9.99385E-05 9.99385E-05 0.658177 9.99385E-05 9.99385E-05 9.99385E-05 0.341123 9.99385E-05 9.99385E-05
0.102464 0.0550417 0.679288 9.99649E-05 0.0235673 9.99649E-05 0.13924 9.99649E-05 9.99649E-05
0.0309138 0.0437393 0.429605 9.996E-05 9.996E-05 0.106046 0.389297 9.996E-05 9.996E-05
0.103369 0.0274433 0.707915 9.997E-05 9.997E-05 0.0696186 0.0426358 9.997E-05 0.0487183
0.0826284 9.9956E-05 0.637114 9.9956E-05 0.13572 9.9956E-05 0.144038 9.9956E-05 9.9956E-05
0.160519 9.99561E-05 0.682774 0.0265116 9.99561E-05 9.99561E-05 0.129695 9.99561E-05 9.99561E-05
0.0434154 9.99561E-05 0.82878 9.99561E-05 9.99561E-05 0.00184836 0.125457 9.99561E-05 9.99561E-05
9.99473E-05 0.152163 0.751928 0.0953097 9.99473E-05 9.99473E-05 9.99473E-05 9.99473E-05 9.99473E-05
9.9956E-05 0.0384772 0.628049 9.9956E-05 9.9956E-05 9.9956E-05 0.254979 9.9956E-05 0.0779949
0.0168352 9.99387E-05 0.982465 9.99387E-05 9.99387E-05 9.99387E-05 9.99387E-05 9.99387E-05 9.99387E-05
0.105736 9.99562E-05 0.856067 9.99562E-05 9.99562E-05 9.99562E-05 0.00276131 9.99562E-05 0.034935
0.0450275 0.00485512 0.848693 9.9965E-05 0.0940067 9.9965E-05 9.9965E-05 0.00701792 9.9965E-05
0.0646967 9.99475E-05 0.861739 9.99475E-05 9.99475E-05 9.99475E-05 0.0729643 9.99475E-05 9.99475E-05
9.99561E-05 0.00201099 0.453659 9.99561E-05 0.027428 9.99561E-05 0.516402 9.99561E-05 9.99561E-05
0.0478102 9.99649E-05 0.706186 9.99649E-05 0.0831064 9.99649E-05 0.048579 9.99649E-05 0.113919
0.0816226 9.99562E-05 0.768385 9.99562E-05 9.99562E-05 9.99562E-05 0.0393198 0.110173 9.99562E-05
9.99474E-05 9.99474E-05 0.73184 9.99474E-05 9.99474E-05 9.99474E-05 0.168818 0.0987428 9.99474E-05
0.0775949 0.0339911 0.563175 9.99736E-05 9.99736E-05 0.0561327 0.19251 9.99736E-05 0.0762965
0.00406919 0.0251831 0.563654 9.99649E-05 9.99649E-05 0.061496 0.345198 9.99649E-05 9.99649E-05
0.0206188 9.996E-05 0.669471 9.996E-05 9.996E-05 0.0605844 0.187774 9.996E-05 0.0611521
0.0427538 0.0137002 0.666808 9.99649E-05 9.99649E-05 9.99649E-05 0.271673 9.99649E-05 0.00466467
0.00170439 9.99562E-05 0.758129 9.99562E-05 9.99562E-05 9.99562E-05 0.181882 0.0577855 9.99562E-05
0.0561937 0.0508122 0.451362 0.196176 9.997E-05 0.055855 0.1893 9.997E-05 9.997E-05
9.99475E-05 9.99475E-05 0.814034 9.99475E-05 9.99475E-05 9.99475E-05 0.127443 0.0579234 9.99475E-05
9.99562E-05 0.0222992 0.776441 9.99562E-05 9.99562E-05 9.99562E-05 0.119534 9.99562E-05 0.0812262
0.00843573 9.99649E-05 0.707737 9.99649E-05 9.99649E-05 0.170138 0.076606 9.99649E-05 0.0366829
0.0208603 0.134626 0.704417 0.0695322 9.99736E-05 9.99736E-05 0.0567473 9.99736E-05 0.0135171
9.99385E-05 9.99385E-05 0.571533 9.99385E-05 9.99385E-05 9.99385E-05 0.427768 9.99385E-05 9.99385E-05
0.0181914 9.99473E-05 0.94281 9.99473E-05 9.99473E-05 9.99473E-05 0.0383991 9.99473E-05 9.99473E-05
0.00799265 0.167472 0.600518 9.99649E-05 9.99649E-05 0.0113926 0.212225 9.99649E-05 9.99649E-05
0.210287 9.99474E-05 0.711932 9.99474E-05 9.99474E-05 9.99474E-05 0.0771812 9.99474E-05 9.99474E-05
9.99386E-05 9.99386E-05 0.799508 9.99386E-05 9.99386E-05 9.99386E-05 0.199792 9.99386E-05 9.99386E-05
9.993E-05 9.993E-05 9.993E-05 9.993E-05 9.993E-05 9.993E-05 0.999201 9.993E-05 9.993E-05
9.993E-05 9.993E-05 0.999201 9.993E-05 9.993E-05 9.993E-05 9.993E-05 9.993E-05 9.993E-05
9.993E-05 9.993E-05 9.993E-05 9.993E-05 9.993E-05 9.993E-05 0.999201 9.993E-05 9.993E-05
9.993E-05 9.993E-05 0.999201 9.993E-05 9.993E-05 9.993E-05 9.993E-05 9.993E-05 9.993E-05
9.993E-05 9.993E-05 0.999201 9.993E-05 9.993E-05 9.993E-05 9.993E-05 9.993E-05 9.993E-05
9.993E-05 9.993E-05 0.999201 9.993E-05 9.993E-05 9.993E-05 9.993E-05 9.993E-05 9.993E-05
9.993E-05 9.993E-05 9.993E-05 9.993E-05 9.993E-05 9.993E-05 0.999201 9.993E-05 9.993E-05
9.993E-05 9.993E-05 0.999201 9.993E-05 9.993E-05 9.993E-05 9.993E-05 9.993E-05 9.993E-05
9.993E-05 9.993E-05 0.999201 9.993E-05 9.993E-05 9.993E-05 9.993E-05 9.993E-05 9.993E-05
9.993E-05 9.993E-05 9.993E-05 9.993E-05 9.993E-05 9.993E-05 0.999201 9.993E-05 9.993E-05
9.993E-05 9.993E-05 9.993E-05 9.993E-05 9.993E-05 9.993E-05 0.999201 9.993E-05 9.993E-05
9.993E-05 9.993E-05 9.993E-05 9.993E-05 9.993E-05 9.993E-05 0.999201 9.993E-05 9.993E-05
9.993E-05 9.993E-05 0.999201 9.993E-05 9.993E-05 9.993E-05 9.993E-05 9.993E-05 9.993E-05
9.993E-05 9.993E-05 0.999201 9.993E-05 9.993E-05 9.993E-05 9.993E-05 9.993E-05 9.993E-05
9.993E-05 9.993E-05 9.993E-05 9.993E-05 9.993E-05 9.993E-05 0.999201 9.993E-05 9.993E-05
9.993E-05 9.993E-05 9.993E-05 9.993E-05 9.993E-05 9.993E-05 0.999201 9.993E-05 9.993E-05
0.108709 9.99736E-05 0.467303 0.106401 9.99736E-05 0.13752 0.177024 9.99736E-05 0.00274298
9.993E-05 9.993E-05 9.993E-05 9.993E-05 9.993E-05 9.993E-05 0.999201 9.993E-05 9.993E-05
9.993E-05 9.993E-05 0.999201 9.993E-05 9.993E-05 9.993E-05 9.993E-05 9.993E-05 9.993E-05
9.993E-05 9.993E-05 9.993E-05 9.993E-05 9.993E-05 9.993E-05 0.999201 9.993E-05 9.993E-05
9.993E-05 9.993E-05 9.993E-05 9.993E-05 9.993E-05 9.993E-05 0.999201 9.993E-05 9.993E-05
9.993E-05 9.993E-05 9.993E-05 9.993E-05 9.993E-05 9.993E-05 0.999201 9.993E-05 9.993E-05
9.993E-05 9.993E-05 0.999201 9.993E-05 9.993E-05 9.993E-05 9.993E-05 9.993E-05 9.993E-05
9.993E-05 9.993E-05 9.993E-05 9.993E-05 9.993E-05 9.993E-05 0.999201 9.993E-05 9.993E-05
9.993E-05 9.993E-05 0.999201 9.993E-05 9.993E-05 9.993E-05 9.993E-05 9.993E-05 9.993E-05
9.993E-05 9.993E-05 9.993E-05 9.993E-05 9.993E-05 9.993E-05 0.999201 9.993E-05 9.993E-05
9.993E-05 9.993E-05 9.993E-05 9.993E-05 9.993E-05 9.993E-05 0.999201 9.993E-05 9.993E-05
9.993E-05 9.993E-05 0.999201 9.993E-05 9.993E-05 9.993E-05 9.993E-05 9.993E-05 9.993E-05
9.993E-05 9.993E-05 0.999201 9.993E-05 9.993E-05 9.993E-05 9.993E-05 9.993E-05 9.993E-05
9.993E-05 9.993E-05 0.999201 9.993E-05 9.993E-05 9.993E-05 9.993E-05 9.993E-05 9.993E-05
9.993E-05 9.993E-05 9.993E-05 9.993E-05 9.993E-05 9.993E-05 0.999201 9.993E-05 9.993E-05
9.993E-05 9.993E-05 9.993E-05 9.993E-05 9.993E-05 9.993E-05 0.999201 9.993E-05 9.993E-05
9.993E-05 9.993E-05 9.993E-05 9.993E-05 9.993E-05 9.993E-05 0.999201 9.993E-05 9.993E-05
9.993E-05 9.993E-05 9.993E-05 9.993E-05 9.993E-05 9.993E-05 0.999201 9.993E-05 9.993E-05
9.993E-05 9.993E-05 9.993E-05 9.993E-05 9.993E-05 9.993E-05 0.999201 9.993E-05 9.993E-05
9.993E-05 9.993E-05 0.999201 9.993E-05 9.993E-05 9.993E-05 9.993E-05 9.993E-05 9.993E-05
9.993E-05 9.993E-05 0.999201 9.993E-05 9.993E-05 9.993E-05 9.993E-05 9.993E-05 9.993E-05
9.993E-05 9.993E-05 0.999201 9.993E-05 9.993E-05 9.993E-05 9.993E-05 9.993E-05 9.993E-05
9.993E-05 9.993E-05 9.993E-05 9.993E-05 9.993E-05 9.993E-05 0.999201 9.993E-05 9.993E-05
9.993E-05 9.993E-05 0.999201 9.993E-05 9.993E-05 9.993E-05 9.993E-05 9.993E-05 9.993E-05
9.993E-05 9.993E-05 0.999201 9.993E-05 9.993E-05 9.993E-05 9.993E-05 9.993E-05 9.993E-05
9.993E-05 9.993E-05 0.999201 9.993E-05 9.993E-05 9.993E-05 9.993E-05 9.993E-05 9.993E-05
9.993E-05 9.993E-05 0.999201 9.993E-05 9.993E-05 9.993E-05 9.993E-05 9.993E-05 9.993E-05
9.993E-05 9.993E-05 9.993E-05 9.993E-05 9.993E-05 9.993E-05 0.999201 9.993E-05 9.993E-05
9.993E-05 9.993E-05 0.999201 9.993E-05 9.993E-05 9.993E-05 9.993E-05 9.993E-05 9.993E-05
9.993E-05 9.993E-05 0.999201 9.993E-05 9.993E-05 9.993E-05 9.993E-05 9.993E-05 9.993E-05
0.0245183 9.9956E-05 0.411235 0.309336 9.9956E-05 9.9956E-05 0.25441 9.9956E-05 9.9956E-05
9.993E-05 9.993E-05 9.993E-05 9.993E-05 9.993E-05 9.993E-05 0.999201 9.993E-05 9.993E-05
9.993E-05 9.993E-05 0.999201 9.993E-05 9.993E-05 9.993E-05 9.993E-05 9.993E-05 9.993E-05
9.993E-05 9.993E-05 0.999201 9.993E-05 9.993E-05 9.993E-05 9.993E-05 9.993E-05 9.993E-05
9.993E-05 9.993E-05 0.999201 9.993E-05 9.993E-05 9.993E-05 9.993E-05 9.993E-05 9.993E-05
9.993E-05 9.993E-05 0.999201 9.993E-05 9.993E-05 9.993E-05 9.993E-05 9.993E-05 9.993E-05
9.993E-05 9.993E-05 9.993E-05 9.993E-05 9.993E-05 9.993E-05 0.999201 9.993E-05 9.993E-05
9.993E-05 9.993E-05 0.999201 9.993E-05 9.993E-05 9.993E-05 9.993E-05 9.993E-05 9.993E-05
9.993E-05 9.993E-05 9.993E-05 9.993E-05 9.993E-05 9.993E-05 0.999201 9.993E-05 9.993E-05
9.993E-05 9.993E-05 0.999201 9.993E-05 9.993E-05 9.993E-05 9.993E-05 9.993E-05 9.993E-05
0.0067773 9.99384E-05 9.99384E-05 9.99384E-05 9.99384E-05 9.99384E-05 0.992523 9.99384E-05 9.99384E-05
9.993E-05 9.993E-05 0.999201 9.993E-05 9.993E-05 9.993E-05 9.993E-05 9.993E-05 9.993E-05
9.993E-05 9.993E-05 0.999201 9.993E-05 9.993E-05 9.993E-05 9.993E-05 9.993E-05 9.993E-05
9.993E-05 9.993E-05 0.999201 9.993E-05 9.993E-05 9.993E-05 9.993E-05 9.993E-05 9.993E-05
9.993E-05 9.993E-05 0.999201 9.993E-05 9.993E-05 9.993E-05 9.993E-05 9.993E-05 9.993E-05
9.993E-05 9.993E-05 0.999201 9.993E-05 9.993E-05 9.993E-05 9.993E-05 9.993E-05 9.993E-05
9.993E-05 9.993E-05 0.999201 9.993E-05 9.993E-05 9.993E-05 9.993E-05 9.993E-05 9.993E-05
9.993E-05 9.993E-05 9.993E-05 9.993E-05 9.993E-05 9.993E-05 0.999201 9.993E-05 9.993E-05
9.993E-05 9.993E-05 9.993E-05 9.993E-05 9.993E-05 9.993E-05 0.999201 9.993E-05 9.993E-05
9.993E-05 9.993E-05 9.993E-05 9.993E-05 9.993E-05 9.993E-05 0.999201 9.993E-05 9.993E-05
9.993E-05 9.993E-05 0.999201 9.993E-05 9.993E-05 9.993E-05 9.993E-05 9.993E-05 9.993E-05
9.993E-05 9.993E-05 9.993E-05 9.993E-05 9.993E-05 9.993E-05 0.999201 9.993E-05 9.993E-05
9.993E-05 9.993E-05 9.993E-05 9.993E-05 9.993E-05 9.993E-05 0.999201 9.993E-05 9.993E-05
9.993E-05 9.993E-05 9.993E-05 9.993E-05 9.993E-05 9.993E-05 0.999201 9.993E-05 9.993E-05
9.993E-05 9.993E-05 0.999201 9.993E-05 9.993E-05 9.993E-05 9.993E-05 9.993E-05 9.993E-05
9.993E-05 9.993E-05 0.999201 9.993E-05 9.993E-05 9.993E-05 9.993E-05 9.993E-05 9.993E-05
9.993E-05 9.993E-05 0.999201 9.993E-05 9.993E-05 9.993E-05 9.993E-05 9.993E-05 9.993E-05
9.993E-05 9.993E-05 9.993E-05 9.993E-05 9.993E-05 9.993E-05 0.999201 9.993E-05 9.993E-05
9.993E-05 9.993E-05 0.999201 9.993E-05 9.993E-05 9.993E-05 9.993E-05 9.993E-05 9.993E-05
9.993E-05 9.993E-05 0.999201 9.993E-05 9.993E-05 9.993E-05 9.993E-05 9.993E-05 9.993E-05
9.993E-05 9.993E-05 9.993E-05 9.993E-05 9.993E-05 9.993E-05 0.999201 9.993E-05 9.993E-05
9.993E-05 9.993E-05 0.999201 9.993E-05 9.993E-05 9.993E-05 9.993E-05 9.993E-05 9.993E-05
9.993E-05 9.993E-05 0.999201 9.993E-05 9.993E-05 9.993E-05 9.993E-05 9.993E-05 9.993E-05
0.0116071 0.133135 0.296173 9.99736E-05 9.99736E-05 0.0968951 0.32803 9.99736E-05 0.133859
9.993E-05 9.993E-05 9.993E-05 9.993E-05 9.993E-05 9.993E-05 0.999201 9.993E-05 9.993E-05
9.993E-05 9.993E-05 0.999201 9.993E-05 9.993E-05 9.993E-05 9.993E-05 9.993E-05 9.993E-05
9.99737E-05 0.0294065 0.889526 9.99737E-05 0.0293584 0.0246754 0.00962556 9.99737E-05 0.0171082
0.0324296 9.99649E-05 0.732485 0.0182372 0.0576724 9.99649E-05 0.158776 9.99649E-05 9.99649E-05
0.0332476 9.99472E-05 0.525546 9.99472E-05 9.99472E-05 9.99472E-05 0.440606 9.99472E-05 9.99472E-05
0.0750165 9.99736E-05 0.609878 0.055928 9.99736E-05 0.0516364 0.135299 9.99736E-05 0.071942
9.99384E-05 9.99384E-05 0.605514 9.99384E-05 9.99384E-05 9.99384E-05 0.393787 9.99384E-05 9.99384E-05
9.9965E-05 9.9965E-05 0.602453 9.9965E-05 9.9965E-05 0.0137003 0.167985 0.135561 0.0799008
9.99473E-05 9.99473E-05 0.546936 0.205522 9.99473E-05 9.99473E-05 0.246942 9.99473E-05 9.99473E-05
0.0463818 0.101513 0.69653 9.99648E-05 9.99648E-05 9.99648E-05 0.083526 9.99648E-05 0.0716488
0.0585611 9.99387E-05 0.940739 9.99387E-05 9.99387E-05 9.99387E-05 9.99387E-05 9.99387E-05 9.99387E-05
0.0426852 9.99649E-05 0.593533 9.99649E-05 0.0739464 0.0865846 0.202851 9.99649E-05 9.99649E-05
9.99473E-05 0.106699 0.595321 9.99473E-05 9.99473E-05 9.99473E-05 0.29738 9.99473E-05 9.99473E-05
9.993E-05 9.993E-05 0.999201 9.993E-05 9.993E-05 9.993E-05 9.993E-05 9.993E-05 9.993E-05
9.99473E-05 9.99473E-05 0.538888 9.99473E-05 9.99473E-05 9.99473E-05 0.370799 9.99473E-05 0.0897135
0.067731 9.99561E-05 0.774634 9.99561E-05 9.99561E-05 9.99561E-05 0.0286827 9.99561E-05 0.128453
9.99473E-05 0.0543044 0.667245 9.99473E-05 9.99473E-05 9.99473E-05 0.277851 9.99473E-05 9.99473E-05
9.99561E-05 0.0303222 0.5984 9.99561E-05 0.0685491 9.99561E-05 0.302229 9.99561E-05 9.99561E-05
0.0547785 9.99474E-05 0.75679 9.99474E-05 9.99474E-05 9.99474E-05 0.187832 9.99474E-05 9.99474E-05
0.00200677 0.0965711 0.29948 9.99736E-05 9.99736E-05 0.0904115 0.470862 9.99736E-05 0.0403682
0.117466 0.0753321 0.625703 9.99648E-05 9.99648E-05 0.0160956 0.165002 9.99648E-05 9.99648E-05
0.00103096 9.9956E-05 0.654239 9.9956E-05 0.131255 9.9956E-05 0.212975 9.9956E-05 9.9956E-05
0.058404 9.9956E-05 0.726285 9.9956E-05 0.112712 9.9956E-05 0.102099 9.9956E-05 9.9956E-05
0.0288639 9.99561E-05 0.829195 9.99561E-05 0.126652 0.0147893 9.99561E-05 9.99561E-05 9.99561E-05
0.0161215 0.0448133 0.610796 9.99824E-05 0.0413214 0.174504 0.0596388 9.99824E-05 0.0526047
0.016037 9.99648E-05 0.730751 9.99648E-05 0.12856 9.99648E-05 0.0953765 9.99648E-05 0.0288758
9.99473E-05 9.99473E-05 0.762569 9.99473E-05 9.99473E-05 9.99473E-05 0.0473204 9.99473E-05 0.189511
9.99387E-05 9.99387E-05 0.995579 9.99387E-05 9.99387E-05 9.99387E-05 0.00372113 9.99387E-05 9.99387E-05
0.0304415 9.9956E-05 0.726671 9.9956E-05 0.136253 9.9956E-05 0.106135 9.9956E-05 9.9956E-05
9.99561E-05 9.99561E-05 0.543746 0.0397091 9.99561E-05 9.99561E-05 0.376632 9.99561E-05 0.0394135
0.0829399 9.997E-05 0.66454 9.997E-05 0.109032 0.0369262 0.0318701 9.997E-05 0.0743912
0.204934 9.99561E-05 0.676558 9.99561E-05 9.99561E-05 9.99561E-05 0.0431565 9.99561E-05 0.0748518
9.9956E-05 0.0379804 0.788827 9.9956E-05 0.00309773 9.9956E-05 0.169595 9.9956E-05 9.9956E-05
9.995E-05 0.0282118 0.79127 9.995E-05 0.0437191 9.995E-05 0.1363 9.995E-05 9.995E-05
9.99472E-05 9.99472E-05 0.608219 9.99472E-05 0.0845108 9.99472E-05 0.306671 9.99472E-05 9.99472E-05
9.99649E-05 0.00166431 0.616176 9.99649E-05 0.183691 9.99649E-05 0.149695 9.99649E-05 0.0483729
9.99648E-05 0.0780955 0.618728 9.99648E-05 0.056177 9.99648E-05 0.172132 9.99648E-05 0.074468
0.0815879 9.99561E-05 0.661384 9.99561E-05 9.99561E-05 0.0217459 0.234782 9.99561E-05 9.99561E-05
9.99387E-05 9.99387E-05 0.955236 9.99387E-05 9.99387E-05 9.99387E-05 9.99387E-05 0.0440647 9.99387E-05
9.99736E-05 0.100359 0.361439 0.00771749 9.99736E-05 0.0923887 0.430616 9.99736E-05 0.00717952
0.053968 0.0586151 0.695872 9.996E-05 9.996E-05 0.151261 0.0398845 9.996E-05 9.996E-05
9.99473E-05 9.99473E-05 0.593217 9.99473E-05 0.290746 9.99473E-05 0.115437 9.99473E-05 9.99473E-05
9.99561E-05 9.99561E-05 0.691921 9.99561E-05 0.167201 9.99561E-05 0.125963 9.99561E-05 0.0144155
0.07338 9.99561E-05 0.561098 9.99561E-05 0.181326 9.99561E-05 0.183696 9.99561E-05 9.99561E-05
9.99561E-05 9.99561E-05 0.678822 0.19024 0.0393267 9.99561E-05 0.0911122 9.99561E-05 9.99561E-05
9.99473E-05 9.99473E-05 0.875063 9.99473E-05 9.99473E-05 9.99473E-05 0.104554 9.99473E-05 0.0197841
9.99472E-05 9.99472E-05 0.627143 9.99472E-05 9.99472E-05 9.99472E-05 0.340901 9.99472E-05 0.031356
0.00761673 9.99648E-05 0.759695 9.99648E-05 0.0502139 9.99648E-05 0.159448 9.99648E-05 0.0226265
0.0420623 9.99474E-05 0.932188 9.99474E-05 9.99474E-05 9.99474E-05 9.99474E-05 9.99474E-05 0.0251501
0.0659911 0.0492061 0.842708 9.99648E-05 0.0242554 9.99648E-05 0.0174391 9.99648E-05 9.99648E-05
9.99562E-05 9.99562E-05 0.872673 9.99562E-05 9.99562E-05 9.99562E-05 0.00711308 0.0437257 0.0759887
9.99649E-05 9.99649E-05 0.453331 0.155212 9.99649E-05 0.115281 0.261415 9.99649E-05 0.0143615
9.99562E-05 9.99562E-05 0.808257 9.99562E-05 9.99562E-05 9.99562E-05 0.130964 0.0289994 0.0312801
9.99473E-05 0.0493019 0.393556 9.99473E-05 9.99473E-05 9.99473E-05 0.556543 9.99473E-05 9.99473E-05
9.9956E-05 0.0499942 0.224761 9.9956E-05 0.148286 9.9956E-05 0.57646 9.9956E-05 9.9956E-05
9.99385E-05 9.99385E-05 0.689861 9.99385E-05 9.99385E-05 9.99385E-05 0.309439 9.99385E-05 9.99385E-05
9.99561E-05 9.99561E-05 0.73449 0.0890473 0.163532 0.0124303 9.99561E-05 9.99561E-05 9.99561E-05
9.99385E-05 9.99385E-05 0.942884 9.99385E-05 9.99385E-05 9.99385E-05 0.0564168 9.99385E-05 9.99385E-05
9.99563E-05 0.0388918 0.562977 9.99563E-05 9.99563E-05 9.99563E-05 0.335394 9.99563E-05 0.0622376
9.99473E-05 0.0442349 0.944418 9.99473E-05 9.99473E-05 9.99473E-05 0.0107469 9.99473E-05 9.99473E-05
0.05549 9.99473E-05 0.783568 9.99473E-05 9.99473E-05 9.99473E-05 0.160342 9.99473E-05 9.99473E-05
9.99386E-05 9.99386E-05 0.588408 9.99386E-05 9.99386E-05 9.99386E-05 0.410893 9.99386E-05 9.99386E-05
9.99387E-05 0.0193867 0.979914 9.99387E-05 9.99387E-05 9.99387E-05 9.99387E-05 9.99387E-05 9.99387E-05
9.99387E-05 9.99387E-05 0.869722 9.99387E-05 9.99387E-05 9.99387E-05 9.99387E-05 0.129578 9.99387E-05
0.0289127 9.99562E-05 0.649801 9.99562E-05 9.99562E-05 9.99562E-05 0.114501 0.206285 9.99562E-05
0.0244275 0.123225 0.693017 9.99649E-05 9.99649E-05 9.99649E-05 0.126649 9.99649E-05 0.032281
0.167428 0.0228796 0.777437 9.99561E-05 9.99561E-05 9.99561E-05 0.0317558 9.99561E-05 9.99561E-05
9.99387E-05 9.99387E-05 0.94993 9.99387E-05 9.99387E-05 0.0493706 9.99387E-05 9.99387E-05 9.99387E-05
9.99475E-05 9.99475E-05 0.868534 9.99475E-05 9.99475E-05 9.99475E-05 0.0801967 0.0506696 9.99475E-05
0.0592361 0.0104082 0.62395 9.99649E-05 9.99649E-05 9.99649E-05 0.302893 9.99649E-05 0.00311277
0.114097 0.0879747 0.471946 9.9956E-05 9.9956E-05 9.9956E-05 0.325483 9.9956E-05 9.9956E-05
9.99387E-05 9.99387E-05 0.729629 9.99387E-05 9.99387E-05 9.99387E-05 0.269671 9.99387E-05 9.99387E-05
0.0690934 9.99474E-05 0.42362 9.99474E-05 9.99474E-05 9.99474E-05 0.506687 9.99474E-05 9.99474E-05
0.0372211 9.99562E-05 0.43538 9.99562E-05 9.99562E-05 9.99562E-05 0.289775 0.237124 9.99562E-05
9.99385E-05 9.99385E-05 0.755216 9.99385E-05 9.99385E-05 9.99385E-05 0.244084 9.99385E-05 9.99385E-05
0.0262715 9.9965E-05 0.376719 9.9965E-05 9.9965E-05 0.146724 0.362667 9.9965E-05 0.0872184
9.99387E-05 9.99387E-05 0.694902 9.99387E-05 9.99387E-05 9.99387E-05 0.304399 9.99387E-05 9.99387E-05
9.99473E-05 0.0479362 0.661205 9.99473E-05 9.99473E-05 9.99473E-05 0.290259 9.99473E-05 9.99473E-05
9.99474E-05 9.99474E-05 0.642349 9.99474E-05 9.99474E-05 9.99474E-05 0.134922 0.222129 9.99474E-05
9.99561E-05 9.99561E-05 0.562976 9.99561E-05 0.100541 9.99561E-05 0.325361 9.99561E-05 0.0106223
9.99476E-05 9.99476E-05 0.677468 9.99476E-05 9.99476E-05 9.99476E-05 0.304424 9.99476E-05 0.0175088
9.99473E-05 0.0478306 0.904304 9.99473E-05 9.99473E-05 9.99473E-05 0.0472657 9.99473E-05 9.99473E-05
9.99561E-05 0.0708684 0.814393 9.99561E-05 0.112811 0.00142762 9.99561E-05 9.99561E-05 9.99561E-05
0.0705276 0.0331177 0.600094 9.99649E-05 0.226771 9.99649E-05 9.99649E-05 9.99649E-05 0.0690893
9.99562E-05 9.99562E-05 0.67922 9.99562E-05 9.99562E-05 9.99562E-05 0.189315 0.104398 0.0265665
9.99473E-05 0.0344993 0.801534 9.99473E-05 9.99473E-05 9.99473E-05 0.163367 9.99473E-05 9.99473E-05
0.255054 9.99561E-05 0.573585 9.99561E-05 9.99561E-05 9.99561E-05 0.140754 9.99561E-05 0.0301065
9.99474E-05 0.00789882 0.711731 9.99474E-05 9.99474E-05 9.99474E-05 0.279771 9.99474E-05 9.99474E-05
9.99561E-05 0.0153378 0.535525 9.99561E-05 9.99561E-05 9.99561E-05 0.244851 9.99561E-05 0.203786
9.9956E-05 9.9956E-05 0.863077 9.9956E-05 0.0968628 9.9956E-05 0.0313014 9.9956E-05 0.00825884
9.99561E-05 9.99561E-05 0.467985 0.000851468 9.99561E-05 0.174675 0.355989 9.99561E-05 9.99561E-05
0.155658 9.9956E-05 0.624058 9.9956E-05 0.00578048 9.9956E-05 0.214004 9.9956E-05 9.9956E-05
0.258208 9.99649E-05 0.441105 0.0137071 9.99649E-05 9.99649E-05 0.270343 9.99649E-05 0.0162376
9.99473E-05 9.99473E-05 0.40491 9.99473E-05 9.99473E-05 9.99473E-05 0.487219 9.99473E-05 0.107271
9.99385E-05 9.99385E-05 0.810304 9.99385E-05 9.99385E-05 9.99385E-05 0.188996 9.99385E-05 9.99385E-05
0.110343 0.129348 0.515793 0.0368847 9.99736E-05 0.00370039 0.203631 9.99736E-05 9.99736E-05
9.99386E-05 9.99386E-05 0.889798 9.99386E-05 9.99386E-05 9.99386E-05 0.109502 9.99386E-05 9.99386E-05
0.0404535 0.00588308 0.713593 9.9965E-05 9.9965E-05 9.9965E-05 0.169722 0.0699485 9.9965E-05
0.00058388 9.9956E-05 0.753227 0.0930425 0.152646 9.9956E-05 9.9956E-05 9.9956E-05 9.9956E-05
9.99472E-05 0.15053 0.355994 9.99472E-05 9.99472E-05 9.99472E-05 0.492876 9.99472E-05 9.99472E-05
9.99649E-05 0.0256081 0.343198 9.99649E-05 9.99649E-05 0.0639995 0.504479 9.99649E-05 0.0623152
0.109658 9.99473E-05 0.3186 9.99473E-05 9.99473E-05 9.99473E-05 0.571142 9.99473E-05 9.99473E-05
0.0689929 0.057359 0.581223 9.99736E-05 0.127491 0.0680991 9.99736E-05 9.99736E-05 0.0965351
0.0515362 9.99649E-05 0.488885 0.0491497 9.99649E-05 9.99649E-05 0.390858 9.99649E-05 0.0191716
0.191582 0.0680816 0.463492 9.99649E-05 9.99649E-05 0.0303633 0.246081 9.99649E-05 9.99649E-05
9.99475E-05 9.99475E-05 0.718831 9.99475E-05 9.99475E-05 9.99475E-05 0.1805 0.100069 9.99475E-05
9.99474E-05 9.99474E-05 0.661162 9.99474E-05 9.99474E-05 9.99474E-05 0.240882 0.0973566 9.99474E-05
9.99386E-05 9.99386E-05 0.627297 9.99386E-05 9.99386E-05 9.99386E-05 0.372004 9.99386E-05 9.99386E-05
0.0455372 9.99649E-05 0.104149 9.99649E-05 9.99649E-05 0.0222645 0.597688 9.99649E-05 0.229961
9.99475E-05 9.99475E-05 0.872857 9.99475E-05 9.99475E-05 9.99475E-05 0.112021 0.0145219 9.99475E-05
9.99563E-05 9.99563E-05 0.763238 9.99563E-05 9.99563E-05 0.0374344 0.109723 0.0891043 9.99563E-05
0.0878248 9.99561E-05 0.771557 9.99561E-05 0.122143 9.99561E-05 9.99561E-05 9.99561E-05 0.0179752
0.0488897 9.99561E-05 0.810655 9.99561E-05 9.99561E-05 9.99561E-05 0.0934852 9.99561E-05 0.0464706
0.00709818 0.0626411 0.587585 9.99562E-05 9.99562E-05 9.99562E-05 0.342176 9.99562E-05 9.99562E-05
9.99473E-05 9.99473E-05 0.570534 9.99473E-05 0.0486279 9.99473E-05 0.380239 9.99473E-05 9.99473E-05
0.0813011 9.99737E-05 0.435575 0.00263348 0.16822 0.0449699 0.267001 9.99737E-05 9.99737E-05
0.157718 0.0893502 0.189532 9.99649E-05 9.99649E-05 0.00100242 0.561998 9.99649E-05 9.99649E-05
9.99385E-05 9.99385E-05 0.976241 9.99385E-05 9.99385E-05 9.99385E-05 0.0230597 9.99385E-05 9.99385E-05
0.09971 9.99649E-05 0.70999 9.99649E-05 0.0164685 9.99649E-05 0.1596 9.99649E-05 0.0138322
0.000190546 0.0544393 0.434298 0.034597 9.99736E-05 9.99736E-05 0.290502 9.99736E-05 0.185673
0.0921834 0.0149517 0.862362 0.00144674 9.99649E-05 9.99649E-05 0.0286567 9.99649E-05 9.99649E-05
0.00652427 0.0335717 0.111624 0.0335257 9.99736E-05 0.109093 0.705362 9.99736E-05 9.99736E-05
9.99561E-05 9.99561E-05 0.487779 9.99561E-05 0.0768227 9.99561E-05 0.302337 9.99561E-05 0.132562
0.0790226 0.159465 0.749064 9.9956E-05 9.9956E-05 9.9956E-05 9.9956E-05 9.9956E-05 0.0119489
0.0429662 9.9956E-05 0.421288 0.0415084 9.9956E-05 9.9956E-05 0.493738 9.9956E-05 9.9956E-05
0.00277661 0.0409366 0.659512 0.0380205 0.141568 0.0103541 0.106632 9.99824E-05 9.99824E-05
9.99474E-05 9.99474E-05 0.66341 9.99474E-05 9.99474E-05 9.99474E-05 0.286454 0.0495363 9.99474E-05
9.995E-05 0.131157 0.605686 9.995E-05 9.995E-05 9.995E-05 0.173139 9.995E-05 0.0895178
0.0763092 9.99475E-05 0.646682 9.99475E-05 9.99475E-05 9.99475E-05 0.27641 9.99475E-05 9.99475E-05
9.99475E-05 9.99475E-05 0.761839 9.99475E-05 9.99475E-05 9.99475E-05 0.148316 0.0892454 9.99475E-05
9.9956E-05 0.0927967 0.562742 0.133563 9.9956E-05 9.9956E-05 0.210399 9.9956E-05 9.9956E-05
0.0167766 0.00944833 0.651254 9.99648E-05 0.0583912 9.99648E-05 0.26373 9.99648E-05 9.99648E-05
9.99649E-05 0.0508577 0.140371 0.0910937 0.270864 9.99649E-05 0.446413 9.99649E-05 9.99649E-05
9.99649E-05 0.0697535 0.0773858 0.00328057 0.136459 9.99649E-05 0.712721 9.99649E-05 9.99649E-05
9.99649E-05 0.00325622 0.144498 9.99649E-05 0.131781 0.141147 0.578917 9.99649E-05 9.99649E-05
9.9965E-05 0.0505846 0.160811 9.9965E-05 0.00952112 0.147649 0.631035 9.9965E-05 9.9965E-05
0.0294664 0.0927725 0.174085 9.99825E-05 0.0617196 0.0278352 0.484476 9.99825E-05 0.129445
9.99562E-05 9.99562E-05 0.0823619 0.100436 9.99562E-05 9.99562E-05 0.692216 0.124486 9.99562E-05
9.99649E-05 0.0434996 0.187046 0.0614633 0.0475283 9.99649E-05 0.660063 9.99649E-05 9.99649E-05
9.99562E-05 0.0538999 0.195901 9.99562E-05 9.99562E-05 0.173027 0.576673 9.99562E-05 9.99562E-05
9.998E-05 0.0554549 0.0282459 0.0419858 9.998E-05 0.0970619 0.582324 0.194161 0.000566962
9.99473E-05 9.99473E-05 0.188777 9.99473E-05 0.214404 9.99473E-05 0.596219 9.99473E-05 9.99473E-05
0.0346693 0.132245 0.0830045 0.172205 9.99649E-05 9.99649E-05 0.577477 9.99649E-05 9.99649E-05
0.0857596 0.00360542 9.99649E-05 0.0483955 9.99649E-05 9.99649E-05 0.835369 0.0264706 9.99649E-05
9.99736E-05 0.0184602 0.191688 0.00781726 0.0097386 0.187587 0.584409 9.99736E-05 9.99736E-05
9.99388E-05 9.99388E-05 9.99388E-05 9.99388E-05 9.99388E-05 9.99388E-05 0.763976 0.235324 9.99388E-05
9.99649E-05 0.157637 0.112423 0.0485899 9.99649E-05 0.0246427 0.656308 9.99649E-05 9.99649E-05
9.99561E-05 0.0940542 0.191723 9.99561E-05 0.18454 9.99561E-05 0.529183 9.99561E-05 9.99561E-05
9.99561E-05 0.135682 0.0920124 0.102897 9.99561E-05 9.99561E-05 0.668909 9.99561E-05 9.99561E-05
0.0066245 0.0109879 9.99737E-05 0.0640329 0.0691774 0.0426854 0.806192 9.99737E-05 9.99737E-05
0.0227476 0.18301 0.0496265 9.99649E-05 9.99649E-05 0.0981745 0.646041 9.99649E-05 9.99649E-05
9.99562E-05 9.99562E-05 9.99562E-05 0.00297974 0.175732 0.0459584 0.77483 9.99562E-05 9.99562E-05
0.0595672 0.113815 0.11118 0.051083 9.99649E-05 9.99649E-05 0.663955 9.99649E-05 9.99649E-05
9.99737E-05 0.0598023 0.131413 0.0198968 0.120951 9.99737E-05 0.634842 0.0327945 9.99737E-05
0.0625968 0.0492689 0.0944656 0.0772683 9.99737E-05 9.99737E-05 0.663649 9.99737E-05 0.0524516
9.99473E-05 9.99473E-05 0.236475 9.99473E-05 9.99473E-05 9.99473E-05 0.676626 9.99473E-05 0.0862998
9.99473E-05 9.99473E-05 0.113282 9.99473E-05 9.99473E-05 9.99473E-05 0.825415 9.99473E-05 0.0607036
9.99473E-05 9.99473E-05 0.276504 9.99473E-05 9.99473E-05 9.99473E-05 0.717442 9.99473E-05 0.00545417
9.99472E-05 9.99472E-05 0.0209131 9.99472E-05 0.0572583 9.99472E-05 0.921229 9.99472E-05 9.99472E-05
9.99386E-05 9.99386E-05 0.0157152 9.99386E-05 9.99386E-05 9.99386E-05 0.983585 9.99386E-05 9.99386E-05
9.99386E-05 9.99386E-05 0.130937 9.99386E-05 9.99386E-05 9.99386E-05 0.868364 9.99386E-05 9.99386E-05
9.99385E-05 9.99385E-05 0.277252 9.99385E-05 9.99385E-05 9.99385E-05 0.722049 9.99385E-05 9.99385E-05
9.99387E-05 9.99387E-05 0.166622 9.99387E-05 9.99387E-05 9.99387E-05 0.832679 9.99387E-05 9.99387E-05
9.99649E-05 0.0309667 0.191727 0.0363566 9.99649E-05 9.99649E-05 0.73781 9.99649E-05 0.00273967
9.9956E-05 0.0843246 0.0894217 0.0741281 9.9956E-05 9.9956E-05 0.751626 9.9956E-05 9.9956E-05
9.99473E-05 9.99473E-05 0.0486479 9.99473E-05 9.99473E-05 9.99473E-05 0.917842 9.99473E-05 0.0329109
9.99386E-05 9.99386E-05 0.14644 9.99386E-05 9.99386E-05 9.99386E-05 0.85286 9.99386E-05 9.99386E-05
9.99472E-05 0.0644196 0.14519 9.99472E-05 9.99472E-05 9.99472E-05 0.789791 9.99472E-05 9.99472E-05
9.99386E-05 9.99386E-05 0.323709 9.99386E-05 9.99386E-05 9.99386E-05 0.675592 9.99386E-05 9.99386E-05
9.99387E-05 9.99387E-05 0.13697 9.99387E-05 9.99387E-05 9.99387E-05 0.86233 9.99387E-05 9.99387E-05
9.99386E-05 9.99386E-05 0.340596 9.99386E-05 9.99386E-05 9.99386E-05 0.658705 9.99386E-05 9.99386E-05
9.99473E-05 9.99473E-05 0.253422 9.99473E-05 9.99473E-05 9.99473E-05 0.734543 9.99473E-05 0.0114354
9.99386E-05 9.99386E-05 0.200671 9.99386E-05 9.99386E-05 9.99386E-05 0.79863 9.99386E-05 9.99386E-05
9.99386E-05 9.99386E-05 0.253556 9.99386E-05 9.99386E-05 9.99386E-05 0.745745 9.99386E-05 9.99386E-05
9.99474E-05 0.048065 0.0319432 9.99474E-05 9.99474E-05 9.99474E-05 0.919392 9.99474E-05 9.99474E-05
9.99384E-05 9.99384E-05 0.367302 9.99384E-05 9.99384E-05 9.99384E-05 0.631998 9.99384E-05 9.99384E-05
9.993E-05 9.993E-05 9.993E-05 9.993E-05 9.993E-05 9.993E-05 0.999201 9.993E-05 9.993E-05
9.99384E-05 9.99384E-05 0.321035 9.99384E-05 9.99384E-05 9.99384E-05 0.678266 9.99384E-05 9.99384E-05
0.0918292 9.9965E-05 0.631069 9.9965E-05 0.0701545 9.9965E-05 0.190871 0.0156768 9.9965E-05
9.99387E-05 9.99387E-05 0.110413 9.99387E-05 9.99387E-05 9.99387E-05 0.888887 9.99387E-05 9.99387E-05
9.99386E-05 9.99386E-05 0.192963 9.99386E-05 9.99386E-05 9.99386E-05 0.806337 9.99386E-05 9.99386E-05
9.9956E-05 0.0390817 0.00175522 9.9956E-05 9.9956E-05 0.0822897 0.876374 9.9956E-05 9.9956E-05
9.99473E-05 0.00947441 0.0384119 9.99473E-05 9.99473E-05 9.99473E-05 0.951514 9.99473E-05 9.99473E-05
9.99384E-05 9.99384E-05 0.394088 9.99384E-05 9.99384E-05 9.99384E-05 0.605212 9.99384E-05 9.99384E-05
9.99386E-05 9.99386E-05 0.155621 9.99386E-05 9.99386E-05 9.99386E-05 0.843679 9.99386E-05 9.99386E-05
9.99474E-05 0.149992 0.0180212 9.99474E-05 9.99474E-05 9.99474E-05 0.831387 9.99474E-05 9.99474E-05
9.99385E-05 9.99385E-05 9.99385E-05 9.99385E-05 0.015987 9.99385E-05 0.983313 9.99385E-05 9.99385E-05
9.99386E-05 9.99386E-05 0.150937 9.99386E-05 9.99386E-05 9.99386E-05 0.848363 9.99386E-05 9.99386E-05
9.99385E-05 9.99385E-05 0.16155 9.99385E-05 9.99385E-05 9.99385E-05 0.837751 9.99385E-05 9.99385E-05
9.99473E-05 9.99473E-05 0.111872 9.99473E-05 9.99473E-05 9.99473E-05 0.838262 9.99473E-05 0.0492667
9.99385E-05 9.99385E-05 0.101973 9.99385E-05 9.99385E-05 9.99385E-05 0.897327 9.99385E-05 9.99385E-05
9.99385E-05 9.99385E-05 0.196266 9.99385E-05 9.99385E-05 9.99385E-05 0.803034 9.99385E-05 9.99385E-05
