9.99297E-05 9.99297E-05 0.419613 0.0555118 0.0671468 0.0758394 0.341943 9.99297E-05 9.99297E-05 9.99297E-05 9.99297E-05 9.99297E-05 0.0391475 9.99297E-05
9.99035E-05 9.99035E-05 0.751081 0.213819 0.0340006 9.99035E-05 9.99035E-05 9.99035E-05 9.99035E-05 9.99035E-05 9.99035E-05 9.99035E-05 9.99035E-05 9.99035E-05
9.99034E-05 9.99034E-05 0.904061 9.99034E-05 0.0475631 9.99034E-05 9.99034E-05 9.99034E-05 9.99034E-05 0.0472772 9.99034E-05 9.99034E-05 9.99034E-05 9.99034E-05
9.99473E-05 9.99473E-05 0.263385 9.99473E-05 0.0816981 0.102043 0.0410522 9.99473E-05 0.0495861 9.99473E-05 0.410252 0.0298595 9.99473E-05 0.0215255
9.99122E-05 9.99122E-05 0.835424 0.0121975 9.99122E-05 9.99122E-05 9.99122E-05 9.99122E-05 9.99122E-05 0.136366 0.0150132 9.99122E-05 9.99122E-05 9.99122E-05
9.99737E-05 0.0309169 0.232738 0.0263457 0.00866422 0.0245087 0.240029 0.0525147 0.211302 0.0995981 0.0105925 0.0624906 9.99737E-05 9.99737E-05
9.99386E-05 9.99386E-05 0.24923 0.160695 0.0699346 0.104038 0.0641463 0.122279 9.99386E-05 9.99386E-05 0.228979 9.99386E-05 9.99386E-05 9.99386E-05
0.0579039 0.0320647 0.194677 9.99561E-05 0.00663496 9.99561E-05 0.24742 0.0113311 0.160443 0.152728 0.136297 9.99561E-05 9.99561E-05 9.99561E-05
9.99385E-05 9.99385E-05 0.222035 9.99385E-05 0.00433011 0.175195 9.99385E-05 9.99385E-05 0.257254 0.0890243 9.99385E-05 9.99385E-05 0.205085 0.0463778
9.99034E-05 9.99034E-05 0.878394 9.99034E-05 9.99034E-05 0.119652 9.99034E-05 9.99034E-05 9.99034E-05 9.99034E-05 9.99034E-05 9.99034E-05 0.000854766 9.99034E-05
9.99298E-05 9.99298E-05 0.501061 9.99298E-05 0.123228 0.176987 0.129669 9.99298E-05 0.0517398 9.99298E-05 9.99298E-05 9.99298E-05 0.0165151 9.99298E-05
9.99035E-05 9.99035E-05 0.88079 9.99035E-05 9.99035E-05 0.0950698 9.99035E-05 9.99035E-05 9.99035E-05 9.99035E-05 0.0230412 9.99035E-05 9.99035E-05 9.99035E-05
9.99123E-05 9.99123E-05 0.78945 9.99123E-05 9.99123E-05 0.113684 9.99123E-05 9.99123E-05 9.99123E-05 9.99123E-05 0.0728974 9.99123E-05 0.0229699 9.99123E-05
0.0376106 9.99211E-05 0.669268 9.99211E-05 0.0468297 0.0963395 9.99211E-05 9.99211E-05 9.99211E-05 9.99211E-05 9.99211E-05 0.149053 9.99211E-05 9.99211E-05
9.99386E-05 9.99386E-05 0.287169 0.135576 9.99386E-05 0.202959 0.149136 9.99386E-05 0.148098 9.99386E-05 0.0157277 0.0606342 9.99386E-05 9.99386E-05
0.220364 9.99385E-05 0.249703 9.99385E-05 9.99385E-05 0.157292 0.132931 9.99385E-05 0.157462 0.00175186 0.0797967 9.99385E-05 9.99385E-05 9.99385E-05
9.99298E-05 9.99298E-05 0.618964 0.182368 0.0317998 0.0901168 9.99298E-05 9.99298E-05 9.99298E-05 9.99298E-05 0.00612179 0.0698299 9.99298E-05 9.99298E-05
9.99298E-05 0.268732 0.177004 9.99298E-05 9.99298E-05 0.149478 0.260761 9.99298E-05 0.0317633 9.99298E-05 9.99298E-05 9.99298E-05 9.99298E-05 0.111463
9.99297E-05 0.039061 0.359313 9.99297E-05 9.99297E-05 0.192531 0.0984381 9.99297E-05 0.145969 9.99297E-05 0.163889 9.99297E-05 9.99297E-05 9.99297E-05
9.99121E-05 9.99121E-05 0.914705 9.99121E-05 9.99121E-05 0.00557449 9.99121E-05 9.99121E-05 9.99121E-05 9.99121E-05 9.99121E-05 9.99121E-05 9.99121E-05 0.078621
0.150835 9.99473E-05 0.491577 9.99473E-05 0.0701481 0.0607579 9.99473E-05 9.99473E-05 0.106186 0.00223513 0.096335 9.99473E-05 0.0213262 9.99473E-05
9.99561E-05 0.0123498 0.251328 0.0188152 9.99561E-05 9.99561E-05 0.261379 0.0400914 0.194658 0.210535 0.0014975 0.00884565 9.99561E-05 9.99561E-05
9.9921E-05 9.9921E-05 0.651555 0.0238277 0.0749437 0.179505 0.0692689 9.9921E-05 9.9921E-05 9.9921E-05 9.9921E-05 9.9921E-05 9.9921E-05 9.9921E-05
0.0367977 9.99209E-05 0.389751 9.99209E-05 9.99209E-05 0.281202 0.217702 9.99209E-05 9.99209E-05 9.99209E-05 9.99209E-05 9.99209E-05 0.0736483 9.99209E-05
9.99473E-05 9.99473E-05 0.286141 9.99473E-05 0.0801576 0.316029 0.0207959 9.99473E-05 0.0922576 9.99473E-05 9.99473E-05 0.0339949 0.00792242 0.162101
9.99298E-05 9.99298E-05 0.718354 9.99298E-05 9.99298E-05 0.146817 9.99298E-05 9.99298E-05 0.0234684 0.0085489 0.054838 0.0471746 9.99298E-05 9.99298E-05
0.127868 0.12557 0.0144796 9.99385E-05 9.99385E-05 0.170675 0.395098 9.99385E-05 0.0195735 9.99385E-05 9.99385E-05 0.146037 9.99385E-05 9.99385E-05
9.99123E-05 9.99123E-05 0.733097 0.0719213 9.99123E-05 0.0229076 9.99123E-05 9.99123E-05 9.99123E-05 9.99123E-05 0.171075 9.99123E-05 9.99123E-05 9.99123E-05
9.9921E-05 9.9921E-05 0.565881 9.9921E-05 9.9921E-05 0.225528 0.165086 9.9921E-05 9.9921E-05 9.9921E-05 9.9921E-05 9.9921E-05 0.0382637 0.00434199
9.99298E-05 9.99298E-05 0.82324 9.99298E-05 0.0140307 0.0483897 9.99298E-05 9.99298E-05 0.0334204 9.99298E-05 9.99298E-05 0.0447575 0.0353619 9.99298E-05
9.99473E-05 0.039609 0.623176 0.0155933 0.062629 9.99473E-05 0.0682249 9.99473E-05 0.0952606 9.99473E-05 0.00721871 9.99473E-05 9.99473E-05 0.0876884
9.99386E-05 9.99386E-05 0.567585 9.99386E-05 0.0522503 0.103851 9.99386E-05 0.0213363 0.00105614 9.99386E-05 0.12128 0.131941 9.99386E-05 9.99386E-05
0.12921 9.99297E-05 0.517421 9.99297E-05 0.0921348 0.177566 0.0714792 0.0113896 9.99297E-05 9.99297E-05 9.99297E-05 9.99297E-05 9.99297E-05 9.99297E-05
0.00174106 0.0142932 0.496421 9.99561E-05 0.0190525 0.169447 0.0392773 0.0282508 9.99561E-05 9.99561E-05 0.0627509 0.168267 9.99561E-05 9.99561E-05
9.9921E-05 0.00788152 0.762413 0.0588885 0.0692405 9.9921E-05 9.9921E-05 9.9921E-05 9.9921E-05 9.9921E-05 9.9921E-05 9.9921E-05 9.9921E-05 0.100677
9.99298E-05 9.99298E-05 0.697729 0.0285756 9.99298E-05 0.0629559 0.0256161 9.99298E-05 9.99298E-05 9.99298E-05 0.129501 9.99298E-05 0.0548232 9.99298E-05
9.99211E-05 9.99211E-05 0.820812 0.0314117 0.054646 9.99211E-05 9.99211E-05 0.0135521 9.99211E-05 9.99211E-05 0.0786786 9.99211E-05 9.99211E-05 9.99211E-05
9.99211E-05 9.99211E-05 0.694265 0.0839406 9.99211E-05 0.0500639 9.99211E-05 9.99211E-05 0.131124 9.99211E-05 9.99211E-05 9.99211E-05 9.99211E-05 0.0397071
9.99386E-05 9.99386E-05 0.582306 0.0945099 0.0350612 0.199363 9.99386E-05 9.99386E-05 9.99386E-05 0.00141245 0.057253 0.0293944 9.99386E-05 9.99386E-05
0.179746 9.99298E-05 0.507571 9.99298E-05 0.00312661 0.19634 9.99298E-05 0.0188558 9.99298E-05 9.99298E-05 9.99298E-05 0.0935612 9.99298E-05 9.99298E-05
9.9921E-05 9.9921E-05 0.851443 9.9921E-05 0.0208159 0.0765656 9.9921E-05 9.9921E-05 0.015211 9.9921E-05 0.0350657 9.9921E-05 9.9921E-05 9.9921E-05
9.9921E-05 9.9921E-05 0.579166 9.9921E-05 9.9921E-05 0.0832104 0.261139 9.9921E-05 0.0164877 9.9921E-05 9.9921E-05 9.9921E-05 0.0590982 9.9921E-05
9.99122E-05 9.99122E-05 0.893046 0.0400246 9.99122E-05 9.99122E-05 9.99122E-05 9.99122E-05 9.99122E-05 0.017993 9.99122E-05 0.0479374 9.99122E-05 9.99122E-05
9.99298E-05 9.99298E-05 0.453488 9.99298E-05 0.0806827 0.206997 0.136138 9.99298E-05 0.0969363 9.99298E-05 9.99298E-05 9.99298E-05 0.0249579 9.99298E-05
9.9921E-05 9.9921E-05 0.326899 9.9921E-05 0.0467585 0.184225 0.15676 9.9921E-05 9.9921E-05 9.9921E-05 0.284458 9.9921E-05 9.9921E-05 9.9921E-05
9.99385E-05 9.99385E-05 0.823394 0.042089 9.99385E-05 0.010596 9.99385E-05 9.99385E-05 0.0176454 0.0592949 0.00170806 9.99385E-05 9.99385E-05 0.044573
9.99035E-05 0.0425368 0.850509 9.99035E-05 9.99035E-05 0.105855 9.99035E-05 9.99035E-05 9.99035E-05 9.99035E-05 9.99035E-05 9.99035E-05 9.99035E-05 9.99035E-05
0.0124325 9.99211E-05 0.879628 9.99211E-05 9.99211E-05 0.0514505 9.99211E-05 0.0089523 9.99211E-05 0.0466373 9.99211E-05 9.99211E-05 9.99211E-05 9.99211E-05
0.00379098 9.99297E-05 0.537623 9.99297E-05 0.0532731 0.213048 0.119444 9.99297E-05 9.99297E-05 9.99297E-05 0.0720208 9.99297E-05 9.99297E-05 9.99297E-05
9.99299E-05 0.0286499 0.758875 9.99299E-05 9.99299E-05 0.0297282 9.99299E-05 0.13632 0.0208979 0.0247292 9.99299E-05 9.99299E-05 9.99299E-05 9.99299E-05
0.0280516 9.99473E-05 0.322446 9.99473E-05 0.0705629 0.308736 9.99473E-05 9.99473E-05 0.115912 9.99473E-05 0.0557301 0.0583 0.0396618 9.99473E-05
9.99298E-05 9.99298E-05 0.716881 9.99298E-05 0.0360549 0.029474 9.99298E-05 9.99298E-05 9.99298E-05 0.0271674 0.0983806 9.99298E-05 0.0912431 9.99298E-05
9.99298E-05 0.0195993 0.883076 0.0182169 9.99298E-05 0.0411547 9.99298E-05 0.0361287 9.99298E-05 9.99298E-05 9.99298E-05 9.99298E-05 0.00102502 9.99298E-05
0.116298 9.99298E-05 0.650956 9.99298E-05 9.99298E-05 0.0969676 9.99298E-05 0.0028023 9.99298E-05 0.120944 9.99298E-05 0.0112329 9.99298E-05 9.99298E-05
9.99124E-05 9.99124E-05 0.759627 9.99124E-05 9.99124E-05 0.167789 9.99124E-05 9.99124E-05 9.99124E-05 9.99124E-05 0.0091856 9.99124E-05 0.0623986 9.99124E-05
0.0183069 9.99298E-05 0.701025 9.99298E-05 0.0176528 9.99298E-05 9.99298E-05 9.99298E-05 9.99298E-05 0.107313 9.99298E-05 0.130995 9.99298E-05 0.0239079
9.99298E-05 0.0827585 0.755798 0.0247965 9.99298E-05 0.0587365 9.99298E-05 9.99298E-05 9.99298E-05 0.0185882 0.0585227 9.99298E-05 9.99298E-05 9.99298E-05
9.99123E-05 9.99123E-05 0.852092 9.99123E-05 0.025164 0.0631531 9.99123E-05 9.99123E-05 9.99123E-05 9.99123E-05 0.0585915 9.99123E-05 9.99123E-05 9.99123E-05
9.99122E-05 9.99122E-05 0.863462 9.99122E-05 0.0237094 0.0691278 9.99122E-05 9.99122E-05 0.0427015 9.99122E-05 9.99122E-05 9.99122E-05 9.99122E-05 9.99122E-05
9.99297E-05 0.0467947 9.99297E-05 0.117072 0.0221122 0.148197 0.64943 0.015595 9.99297E-05 9.99297E-05 9.99297E-05 9.99297E-05 9.99297E-05 9.99297E-05
9.99211E-05 9.99211E-05 0.0430289 0.0687788 9.99211E-05 9.99211E-05 0.788676 9.99211E-05 9.99211E-05 9.99211E-05 0.0275655 9.99211E-05 0.0710513 9.99211E-05
9.9921E-05 0.0894094 0.120144 0.150381 9.9921E-05 9.9921E-05 0.592478 0.046689 9.9921E-05 9.9921E-05 9.9921E-05 9.9921E-05 9.9921E-05 9.9921E-05
9.99473E-05 0.0346481 9.99473E-05 0.435606 0.00212031 0.104185 0.116055 0.0772326 0.135251 9.99473E-05 9.99473E-05 0.0943023 9.99473E-05 9.99473E-05
9.9956E-05 0.02646 9.9956E-05 0.0145312 9.9956E-05 0.0816217 0.6269 0.00463644 0.0670744 0.0637678 0.0311846 9.9956E-05 9.9956E-05 0.0833242
9.99209E-05 0.0297339 9.99209E-05 9.99209E-05 0.00374835 0.262591 0.663707 9.99209E-05 0.039321 9.99209E-05 9.99209E-05 9.99209E-05 9.99209E-05 9.99209E-05
9.9921E-05 9.9921E-05 9.9921E-05 0.456227 0.0460068 0.179547 0.278527 9.9921E-05 9.9921E-05 9.9921E-05 0.0387928 9.9921E-05 9.9921E-05 9.9921E-05
9.99385E-05 0.215791 9.99385E-05 0.178863 0.00214906 0.176641 0.341061 0.0367812 0.0480142 9.99385E-05 9.99385E-05 9.99385E-05 9.99385E-05 9.99385E-05
9.9921E-05 0.037792 9.9921E-05 0.196124 9.9921E-05 9.9921E-05 0.648982 9.9921E-05 9.9921E-05 9.9921E-05 9.9921E-05 0.0138916 0.102311 9.9921E-05
9.99122E-05 9.99122E-05 9.99122E-05 0.110803 0.0829607 0.0771237 0.728113 9.99122E-05 9.99122E-05 9.99122E-05 9.99122E-05 9.99122E-05 9.99122E-05 9.99122E-05
9.99297E-05 0.0323151 9.99297E-05 9.99297E-05 0.194882 0.331943 0.373668 9.99297E-05 0.055474 9.99297E-05 9.99297E-05 9.99297E-05 9.99297E-05 0.010919
0.0660752 0.00277941 9.99473E-05 0.0871364 0.0969757 0.136332 0.463945 0.0432762 9.99473E-05 9.99473E-05 0.102881 9.99473E-05 9.99473E-05 9.99473E-05
0.0803937 9.99473E-05 9.99473E-05 0.0203915 0.129602 0.0634371 0.42879 9.99473E-05 0.16555 0.0986396 0.0125976 9.99473E-05 9.99473E-05 9.99473E-05
9.99121E-05 9.99121E-05 9.99121E-05 0.105857 9.99121E-05 0.257957 0.613947 9.99121E-05 9.99121E-05 0.0212403 9.99121E-05 9.99121E-05 9.99121E-05 9.99121E-05
0.00302368 9.99299E-05 9.99299E-05 0.0916722 0.0173984 9.99299E-05 0.74311 9.99299E-05 9.99299E-05 9.99299E-05 9.99299E-05 0.103233 0.0407634 9.99299E-05
9.99211E-05 9.99211E-05 9.99211E-05 0.0886283 0.0119806 0.078567 0.804573 9.99211E-05 0.0153518 9.99211E-05 9.99211E-05 9.99211E-05 9.99211E-05 9.99211E-05
9.99297E-05 0.098443 9.99297E-05 0.11041 9.99297E-05 0.0894115 0.535944 0.0975712 9.99297E-05 9.99297E-05 0.0674206 9.99297E-05 9.99297E-05 9.99297E-05
9.9921E-05 0.000388041 9.9921E-05 9.9921E-05 0.168774 9.9921E-05 0.553111 9.9921E-05 0.070676 9.9921E-05 0.206152 9.9921E-05 9.9921E-05 9.9921E-05
9.99298E-05 0.0872707 9.99298E-05 0.00168294 0.00480456 0.111669 0.692245 9.99298E-05 9.99298E-05 9.99298E-05 0.101529 9.99298E-05 9.99298E-05 9.99298E-05
0.0643355 9.99209E-05 9.99209E-05 0.0774104 0.0181446 0.274964 0.564247 9.99209E-05 9.99209E-05 9.99209E-05 9.99209E-05 9.99209E-05 9.99209E-05 9.99209E-05
9.99212E-05 9.99212E-05 0.0628142 0.113146 9.99212E-05 0.0590956 0.739573 0.0244718 9.99212E-05 9.99212E-05 9.99212E-05 9.99212E-05 9.99212E-05 9.99212E-05
9.99121E-05 0.0522102 9.99121E-05 0.0481893 9.99121E-05 0.0963309 0.802271 9.99121E-05 9.99121E-05 9.99121E-05 9.99121E-05 9.99121E-05 9.99121E-05 9.99121E-05
9.99123E-05 9.99123E-05 9.99123E-05 0.140296 9.99123E-05 0.0283078 0.706445 9.99123E-05 9.99123E-05 9.99123E-05 9.99123E-05 0.123952 9.99123E-05 9.99123E-05
9.99386E-05 0.0764515 9.99386E-05 9.99386E-05 0.0276617 0.0767649 0.493544 9.99386E-05 0.0849876 9.99386E-05 0.215075 9.99386E-05 0.0248156 9.99386E-05
9.99034E-05 9.99034E-05 9.99034E-05 9.99034E-05 0.221532 0.065592 0.711777 9.99034E-05 9.99034E-05 9.99034E-05 9.99034E-05 9.99034E-05 9.99034E-05 9.99034E-05
9.99386E-05 9.99386E-05 0.170458 0.205242 0.00532806 0.0354616 0.489442 9.99386E-05 0.0505958 9.99386E-05 9.99386E-05 9.99386E-05 9.99386E-05 0.0427734
9.99036E-05 9.99036E-05 0.05376 0.0422148 9.99036E-05 9.99036E-05 0.902926 9.99036E-05 9.99036E-05 9.99036E-05 9.99036E-05 9.99036E-05 9.99036E-05 9.99036E-05
9.99037E-05 9.99037E-05 9.99037E-05 0.111847 9.99037E-05 0.093483 0.793571 9.99037E-05 9.99037E-05 9.99037E-05 9.99037E-05 9.99037E-05 9.99037E-05 9.99037E-05
9.99036E-05 0.169457 9.99036E-05 9.99036E-05 9.99036E-05 0.0440218 0.785422 9.99036E-05 9.99036E-05 9.99036E-05 9.99036E-05 9.99036E-05 9.99036E-05 9.99036E-05
9.99299E-05 9.99299E-05 0.0670755 0.0778037 9.99299E-05 0.221078 0.412689 9.99299E-05 0.0927478 9.99299E-05 9.99299E-05 0.127806 9.99299E-05 9.99299E-05
9.99121E-05 9.99121E-05 9.99121E-05 9.99121E-05 9.99121E-05 0.241313 9.99121E-05 9.99121E-05 0.17381 0.00612511 9.99121E-05 0.577753 9.99121E-05 9.99121E-05
9.98948E-05 9.98948E-05 9.98948E-05 9.98948E-05 9.98948E-05 0.0502267 9.98948E-05 9.98948E-05 9.98948E-05 9.98948E-05 9.98948E-05 0.948575 9.98948E-05 9.98948E-05
0.0327505 0.0229122 9.99384E-05 9.99384E-05 0.0622493 0.211977 9.99384E-05 9.99384E-05 0.0612572 0.069382 9.99384E-05 0.538772 9.99384E-05 9.99384E-05
9.99296E-05 0.0878837 9.99296E-05 9.99296E-05 0.0207405 0.266065 9.99296E-05 9.99296E-05 0.128744 9.99296E-05 9.99296E-05 0.489208 9.99296E-05 0.00656029
9.99385E-05 0.00786177 9.99385E-05 9.99385E-05 0.0853574 0.0795865 9.99385E-05 0.0732435 0.221034 9.99385E-05 9.99385E-05 0.495029 0.0371883 9.99385E-05
9.99209E-05 9.99209E-05 9.99209E-05 0.0602645 9.99209E-05 0.22503 9.99209E-05 9.99209E-05 0.206023 9.99209E-05 0.079848 0.427935 9.99209E-05 9.99209E-05
9.99209E-05 0.100266 9.99209E-05 9.99209E-05 0.0261599 0.237117 9.99209E-05 9.99209E-05 0.150566 9.99209E-05 9.99209E-05 0.484992 9.99209E-05 9.99209E-05
9.99297E-05 0.0320655 9.99297E-05 9.99297E-05 0.0343861 0.12841 9.99297E-05 9.99297E-05 0.275524 9.99297E-05 9.99297E-05 0.512979 0.0158359 9.99297E-05
9.99297E-05 9.99297E-05 9.99297E-05 0.25968 0.0874257 0.125613 0.0648367 9.99297E-05 0.366924 9.99297E-05 9.99297E-05 0.0947214 9.99297E-05 9.99297E-05
9.99122E-05 0.0073362 9.99122E-05 9.99122E-05 9.99122E-05 0.362179 9.99122E-05 9.99122E-05 0.284128 9.99122E-05 9.99122E-05 0.345358 9.99122E-05 9.99122E-05
9.99211E-05 9.99211E-05 9.99211E-05 0.321127 0.0251214 0.0760976 9.99211E-05 9.99211E-05 0.0110587 9.99211E-05 9.99211E-05 0.565696 9.99211E-05 9.99211E-05
9.99209E-05 9.99209E-05 9.99209E-05 0.172566 0.0577411 0.130833 9.99209E-05 9.99209E-05 9.99209E-05 9.99209E-05 9.99209E-05 0.637227 9.99209E-05 0.0007337
9.99122E-05 0.024624 9.99122E-05 9.99122E-05 0.0277041 9.99122E-05 9.99122E-05 9.99122E-05 0.176266 9.99122E-05 9.99122E-05 0.770407 9.99122E-05 9.99122E-05
9.99122E-05 9.99122E-05 9.99122E-05 9.99122E-05 9.99122E-05 0.265363 9.99122E-05 9.99122E-05 0.190164 9.99122E-05 9.99122E-05 0.526634 0.01684 9.99122E-05
0.025989 0.217325 9.99385E-05 0.011466 0.00868507 0.0161325 9.99385E-05 9.99385E-05 0.104843 9.99385E-05 9.99385E-05 0.614861 9.99385E-05 9.99385E-05
9.99297E-05 9.99297E-05 9.99297E-05 0.0975868 0.0627575 0.223709 9.99297E-05 0.0380264 0.0826571 9.99297E-05 9.99297E-05 0.494464 9.99297E-05 9.99297E-05
9.99209E-05 9.99209E-05 9.99209E-05 0.214254 9.99209E-05 0.210685 9.99209E-05 9.99209E-05 0.0705217 9.99209E-05 9.99209E-05 0.453544 9.99209E-05 0.0500953
9.9921E-05 9.9921E-05 9.9921E-05 9.9921E-05 9.9921E-05 0.0433821 9.9921E-05 0.100102 0.14552 0.178294 9.9921E-05 0.531803 9.9921E-05 9.9921E-05
9.99209E-05 9.99209E-05 9.99209E-05 9.99209E-05 0.0738345 0.00709946 9.99209E-05 9.99209E-05 0.122017 0.0817785 9.99209E-05 0.714372 9.99209E-05 9.99209E-05
9.99123E-05 9.99123E-05 9.99123E-05 9.99123E-05 9.99123E-05 0.17941 9.99123E-05 9.99123E-05 0.0891245 9.99123E-05 9.99123E-05 0.602438 9.99123E-05 0.128029
9.99297E-05 0.0318276 9.99297E-05 0.039665 9.99297E-05 0.237235 9.99297E-05 9.99297E-05 0.0938425 0.0519777 9.99297E-05 0.544653 9.99297E-05 9.99297E-05
9.99209E-05 0.0581453 9.99209E-05 9.99209E-05 0.070953 0.113097 9.99209E-05 9.99209E-05 0.112668 9.99209E-05 9.99209E-05 0.644237 9.99209E-05 9.99209E-05
9.99297E-05 9.99297E-05 9.99297E-05 0.0903834 9.99297E-05 0.248742 9.99297E-05 9.99297E-05 0.279688 0.0529967 9.99297E-05 0.21581 9.99297E-05 0.11158
9.99122E-05 9.99122E-05 9.99122E-05 9.99122E-05 9.99122E-05 0.0536075 9.99122E-05 9.99122E-05 0.258587 9.99122E-05 9.99122E-05 0.679154 0.00765272 9.99122E-05
9.99297E-05 9.99297E-05 9.99297E-05 0.0794588 9.99297E-05 0.228254 9.99297E-05 9.99297E-05 0.307435 0.0911855 9.99297E-05 0.245537 9.99297E-05 0.0473293
0.0386315 0.0267938 9.99298E-05 0.0301626 9.99298E-05 0.18354 9.99298E-05 9.99298E-05 0.182864 9.99298E-05 9.99298E-05 0.537209 9.99298E-05 9.99298E-05
9.99123E-05 9.99123E-05 9.99123E-05 9.99123E-05 9.99123E-05 0.0527143 9.99123E-05 0.00325895 9.99123E-05 9.99123E-05 9.99123E-05 0.770175 0.172852 9.99123E-05
0.0169102 9.99384E-05 9.99384E-05 9.99384E-05 9.99384E-05 0.214598 9.99384E-05 9.99384E-05 0.178358 0.0284534 0.0582101 0.49461 9.99384E-05 0.00816177
9.99122E-05 9.99122E-05 9.99122E-05 0.126974 9.99122E-05 0.206569 9.99122E-05 9.99122E-05 0.29914 9.99122E-05 9.99122E-05 0.366318 9.99122E-05 9.99122E-05
9.99298E-05 9.99298E-05 9.99298E-05 9.99298E-05 0.0229436 0.170463 9.99298E-05 9.99298E-05 0.0176127 0.140413 9.99298E-05 0.617221 9.99298E-05 0.0305473
0.115593 9.9921E-05 9.9921E-05 9.9921E-05 0.0224643 0.318212 9.9921E-05 9.9921E-05 0.0754813 9.9921E-05 9.9921E-05 0.467351 9.9921E-05 9.9921E-05
0.0731031 9.99297E-05 9.99297E-05 9.99297E-05 0.0370314 0.119367 9.99297E-05 9.99297E-05 0.0696725 9.99297E-05 0.0572173 0.642809 9.99297E-05 9.99297E-05
9.99297E-05 9.99297E-05 9.99297E-05 9.99297E-05 0.0184807 0.252547 9.99297E-05 9.99297E-05 0.314305 0.162373 9.99297E-05 0.141958 9.99297E-05 0.109537
9.99385E-05 0.00128147 9.99385E-05 9.99385E-05 9.99385E-05 0.182167 0.0013404 9.99385E-05 0.141194 9.99385E-05 0.0601892 0.523312 9.99385E-05 0.0898167
9.99121E-05 9.99121E-05 9.99121E-05 9.99121E-05 9.99121E-05 0.0836441 9.99121E-05 9.99121E-05 0.0728336 9.99121E-05 0.0793318 0.763191 9.99121E-05 9.99121E-05
9.99648E-05 0.0177241 9.99648E-05 0.017151 0.0291394 0.0594173 0.0465158 9.99648E-05 0.0801631 9.99648E-05 0.0840634 0.632957 0.00266441 0.0298042
9.99209E-05 0.100619 9.99209E-05 9.99209E-05 0.0825975 0.313571 9.99209E-05 9.99209E-05 0.196221 9.99209E-05 9.99209E-05 0.306092 9.99209E-05 9.99209E-05
9.99123E-05 0.0364563 9.99123E-05 9.99123E-05 9.99123E-05 9.99123E-05 9.99123E-05 9.99123E-05 0.0886265 9.99123E-05 9.99123E-05 0.834864 9.99123E-05 0.0390543
9.99035E-05 9.99035E-05 9.99035E-05 9.99035E-05 9.99035E-05 0.0896524 9.99035E-05 9.99035E-05 0.0422564 9.99035E-05 9.99035E-05 0.866992 9.99035E-05 9.99035E-05
9.99036E-05 9.99036E-05 9.99036E-05 9.99036E-05 0.0243399 9.99036E-05 9.99036E-05 9.99036E-05 0.0408802 9.99036E-05 9.99036E-05 0.933681 9.99036E-05 9.99036E-05
9.99211E-05 9.99211E-05 9.99211E-05 0.0736492 0.00617557 9.99211E-05 9.99211E-05 9.99211E-05 0.0918298 9.99211E-05 9.99211E-05 0.823458 9.99211E-05 0.00398836
9.99297E-05 9.99297E-05 9.99297E-05 0.128134 0.0322128 0.396095 9.99297E-05 9.99297E-05 0.154886 0.00163472 9.99297E-05 0.286239 9.99297E-05 9.99297E-05
0.022543 0.0434918 9.99385E-05 9.99385E-05 9.99385E-05 9.99385E-05 0.0410594 0.0127617 0.236828 0.121898 9.99385E-05 0.520718 9.99385E-05 9.99385E-05
9.99211E-05 9.99211E-05 0.0117619 9.99211E-05 9.99211E-05 0.0386359 9.99211E-05 9.99211E-05 0.117076 9.99211E-05 9.99211E-05 0.798249 9.99211E-05 0.0333785
9.98948E-05 9.98948E-05 9.98948E-05 9.98948E-05 9.98948E-05 0.0762686 9.98948E-05 9.98948E-05 9.98948E-05 9.98948E-05 9.98948E-05 0.922533 9.98948E-05 9.98948E-05
9.99472E-05 0.0285 9.99472E-05 0.220873 0.0163317 0.0713784 0.00757313 9.99472E-05 0.251521 9.99472E-05 9.99472E-05 0.235825 9.99472E-05 0.167397
9.9921E-05 9.9921E-05 9.9921E-05 9.9921E-05 0.0982911 0.206323 0.163213 9.9921E-05 0.11068 9.9921E-05 9.9921E-05 0.420593 9.9921E-05 9.9921E-05
0.0580569 9.99386E-05 9.99386E-05 0.2851 9.99386E-05 0.0191846 9.99386E-05 9.99386E-05 0.0200531 9.99386E-05 9.99386E-05 0.435653 0.139809 0.041444
9.99297E-05 9.99297E-05 9.99297E-05 9.99297E-05 0.0250153 0.236684 0.126332 9.99297E-05 0.300072 9.99297E-05 9.99297E-05 0.267224 9.99297E-05 0.0438737
9.98947E-05 9.98947E-05 9.98947E-05 9.98947E-05 9.98947E-05 0.0174569 9.98947E-05 9.98947E-05 9.98947E-05 9.98947E-05 9.98947E-05 0.981344 9.98947E-05 9.98947E-05
9.99297E-05 9.99297E-05 9.99297E-05 9.99297E-05 0.0178319 0.255713 9.99297E-05 0.0557336 0.0466755 9.99297E-05 0.219512 0.403734 9.99297E-05 9.99297E-05
9.99211E-05 9.99211E-05 9.99211E-05 0.0687147 0.0734954 9.99211E-05 9.99211E-05 9.99211E-05 0.0319643 0.030731 9.99211E-05 0.794195 9.99211E-05 9.99211E-05
9.99211E-05 0.00530155 9.99211E-05 9.99211E-05 0.0754755 0.170916 9.99211E-05 9.99211E-05 0.160767 9.99211E-05 9.99211E-05 0.586641 9.99211E-05 9.99211E-05
0.130682 0.0267078 9.99473E-05 0.0172792 9.99473E-05 0.00850903 9.99473E-05 0.0278066 0.217745 0.0175539 9.99473E-05 0.553117 9.99473E-05 9.99473E-05
9.99296E-05 9.99296E-05 9.99296E-05 9.99296E-05 0.0267299 0.067135 9.99296E-05 0.0280416 0.0374869 9.99296E-05 0.178801 0.661006 9.99296E-05 9.99296E-05
9.99121E-05 9.99121E-05 9.99121E-05 0.295975 9.99121E-05 0.259141 9.99121E-05 9.99121E-05 0.286959 9.99121E-05 9.99121E-05 0.156927 9.99121E-05 9.99121E-05
9.99033E-05 9.99033E-05 9.99033E-05 9.99033E-05 9.99033E-05 0.192488 9.99033E-05 9.99033E-05 0.251088 9.99033E-05 9.99033E-05 0.555326 9.99033E-05 9.99033E-05
9.99209E-05 9.99209E-05 9.99209E-05 9.99209E-05 0.0930145 0.0919133 9.99209E-05 9.99209E-05 0.124679 0.104985 9.99209E-05 0.584509 9.99209E-05 9.99209E-05
9.99034E-05 9.99034E-05 9.99034E-05 9.99034E-05 9.99034E-05 0.140853 9.99034E-05 9.99034E-05 9.99034E-05 9.99034E-05 9.99034E-05 0.700992 9.99034E-05 0.157056
9.99122E-05 9.99122E-05 9.99122E-05 0.140363 9.99122E-05 0.0630143 9.99122E-05 9.99122E-05 0.21475 9.99122E-05 9.99122E-05 0.580874 9.99122E-05 9.99122E-05
9.98857E-05 9.98857E-05 9.98857E-05 9.98857E-05 9.98857E-05 0.998701 9.98857E-05 9.98857E-05 9.98857E-05 9.98857E-05 9.98857E-05 9.98857E-05 9.98857E-05 9.98857E-05
9.98856E-05 9.98856E-05 9.98856E-05 9.98856E-05 9.98856E-05 9.98856E-05 9.98856E-05 9.98856E-05 0.998701 9.98856E-05 9.98856E-05 9.98856E-05 9.98856E-05 9.98856E-05
9.98856E-05 9.98856E-05 9.98856E-05 9.98856E-05 9.98856E-05 0.998701 9.98856E-05 9.98856E-05 9.98856E-05 9.98856E-05 9.98856E-05 9.98856E-05 9.98856E-05 9.98856E-05
9.98856E-05 9.98856E-05 9.98856E-05 9.98856E-05 9.98856E-05 9.98856E-05 9.98856E-05 9.98856E-05 0.998701 9.98856E-05 9.98856E-05 9.98856E-05 9.98856E-05 9.98856E-05
9.98856E-05 9.98856E-05 9.98856E-05 9.98856E-05 9.98856E-05 9.98856E-05 9.98856E-05 9.98856E-05 0.998701 9.98856E-05 9.98856E-05 9.98856E-05 9.98856E-05 9.98856E-05
9.98856E-05 9.98856E-05 9.98856E-05 9.98856E-05 9.98856E-05 9.98856E-05 9.98856E-05 9.98856E-05 0.998701 9.98856E-05 9.98856E-05 9.98856E-05 9.98856E-05 9.98856E-05
9.98856E-05 9.98856E-05 9.98856E-05 9.98856E-05 9.98856E-05 0.998701 9.98856E-05 9.98856E-05 9.98856E-05 9.98856E-05 9.98856E-05 9.98856E-05 9.98856E-05 9.98856E-05
9.98858E-05 9.98858E-05 9.98858E-05 9.98858E-05 9.98858E-05 9.98858E-05 9.98858E-05 9.98858E-05 0.998701 9.98858E-05 9.98858E-05 9.98858E-05 9.98858E-05 9.98858E-05
9.98856E-05 9.98856E-05 9.98856E-05 9.98856E-05 9.98856E-05 9.98856E-05 9.98856E-05 9.98856E-05 0.998701 9.98856E-05 9.98856E-05 9.98856E-05 9.98856E-05 9.98856E-05
9.98856E-05 9.98856E-05 9.98856E-05 9.98856E-05 9.98856E-05 0.998701 9.98856E-05 9.98856E-05 9.98856E-05 9.98856E-05 9.98856E-05 9.98856E-05 9.98856E-05 9.98856E-05
9.98856E-05 9.98856E-05 9.98856E-05 9.98856E-05 9.98856E-05 0.998701 9.98856E-05 9.98856E-05 9.98856E-05 9.98856E-05 9.98856E-05 9.98856E-05 9.98856E-05 9.98856E-05
9.98856E-05 9.98856E-05 9.98856E-05 9.98856E-05 9.98856E-05 0.998701 9.98856E-05 9.98856E-05 9.98856E-05 9.98856E-05 9.98856E-05 9.98856E-05 9.98856E-05 9.98856E-05
9.98856E-05 9.98856E-05 9.98856E-05 9.98856E-05 9.98856E-05 9.98856E-05 9.98856E-05 9.98856E-05 0.998701 9.98856E-05 9.98856E-05 9.98856E-05 9.98856E-05 9.98856E-05
9.98856E-05 9.98856E-05 9.98856E-05 9.98856E-05 9.98856E-05 9.98856E-05 9.98856E-05 9.98856E-05 0.998701 9.98856E-05 9.98856E-05 9.98856E-05 9.98856E-05 9.98856E-05
9.98856E-05 9.98856E-05 9.98856E-05 9.98856E-05 9.98856E-05 0.998701 9.98856E-05 9.98856E-05 9.98856E-05 9.98856E-05 9.98856E-05 9.98856E-05 9.98856E-05 9.98856E-05
9.98857E-05 9.98857E-05 9.98857E-05 9.98857E-05 9.98857E-05 0.998701 9.98857E-05 9.98857E-05 9.98857E-05 9.98857E-05 9.98857E-05 9.98857E-05 9.98857E-05 9.98857E-05
9.99472E-05 0.00550237 9.99472E-05 9.99472E-05 9.99472E-05 0.167554 9.99472E-05 0.134839 0.151679 9.99472E-05 0.0717725 0.2962 0.0858787 0.0859748
9.98856E-05 9.98856E-05 9.98856E-05 9.98856E-05 9.98856E-05 0.998701 9.98856E-05 9.98856E-05 9.98856E-05 9.98856E-05 9.98856E-05 9.98856E-05 9.98856E-05 9.98856E-05
9.98857E-05 9.98857E-05 9.98857E-05 9.98857E-05 9.98857E-05 9.98857E-05 9.98857E-05 9.98857E-05 0.998701 9.98857E-05 9.98857E-05 9.98857E-05 9.98857E-05 9.98857E-05
9.98856E-05 9.98856E-05 9.98856E-05 9.98856E-05 9.98856E-05 0.998701 9.98856E-05 9.98856E-05 9.98856E-05 9.98856E-05 9.98856E-05 9.98856E-05 9.98856E-05 9.98856E-05
9.98856E-05 9.98856E-05 9.98856E-05 9.98856E-05 9.98856E-05 0.998701 9.98856E-05 9.98856E-05 9.98856E-05 9.98856E-05 9.98856E-05 9.98856E-05 9.98856E-05 9.98856E-05
9.98856E-05 9.98856E-05 9.98856E-05 9.98856E-05 9.98856E-05 0.998701 9.98856E-05 9.98856E-05 9.98856E-05 9.98856E-05 9.98856E-05 9.98856E-05 9.98856E-05 9.98856E-05
9.98856E-05 9.98856E-05 9.98856E-05 9.98856E-05 9.98856E-05 9.98856E-05 9.98856E-05 9.98856E-05 0.998701 9.98856E-05 9.98856E-05 9.98856E-05 9.98856E-05 9.98856E-05
9.98857E-05 9.98857E-05 9.98857E-05 9.98857E-05 9.98857E-05 0.998701 9.98857E-05 9.98857E-05 9.98857E-05 9.98857E-05 9.98857E-05 9.98857E-05 9.98857E-05 9.98857E-05
9.98857E-05 9.98857E-05 9.98857E-05 9.98857E-05 9.98857E-05 9.98857E-05 9.98857E-05 9.98857E-05 0.998701 9.98857E-05 9.98857E-05 9.98857E-05 9.98857E-05 9.98857E-05
9.98856E-05 9.98856E-05 9.98856E-05 9.98856E-05 9.98856E-05 0.998701 9.98856E-05 9.98856E-05 9.98856E-05 9.98856E-05 9.98856E-05 9.98856E-05 9.98856E-05 9.98856E-05
9.98856E-05 9.98856E-05 9.98856E-05 9.98856E-05 9.98856E-05 0.998701 9.98856E-05 9.98856E-05 9.98856E-05 9.98856E-05 9.98856E-05 9.98856E-05 9.98856E-05 9.98856E-05
9.98856E-05 9.98856E-05 9.98856E-05 9.98856E-05 9.98856E-05 9.98856E-05 9.98856E-05 9.98856E-05 0.998701 9.98856E-05 9.98856E-05 9.98856E-05 9.98856E-05 9.98856E-05
9.98856E-05 9.98856E-05 9.98856E-05 9.98856E-05 9.98856E-05 9.98856E-05 9.98856E-05 9.98856E-05 0.998701 9.98856E-05 9.98856E-05 9.98856E-05 9.98856E-05 9.98856E-05
9.98856E-05 9.98856E-05 9.98856E-05 9.98856E-05 9.98856E-05 9.98856E-05 9.98856E-05 9.98856E-05 0.998701 9.98856E-05 9.98856E-05 9.98856E-05 9.98856E-05 9.98856E-05
9.98856E-05 9.98856E-05 9.98856E-05 9.98856E-05 9.98856E-05 0.998701 9.98856E-05 9.98856E-05 9.98856E-05 9.98856E-05 9.98856E-05 9.98856E-05 9.98856E-05 9.98856E-05
9.98856E-05 9.98856E-05 9.98856E-05 9.98856E-05 9.98856E-05 0.998701 9.98856E-05 9.98856E-05 9.98856E-05 9.98856E-05 9.98856E-05 9.98856E-05 9.98856E-05 9.98856E-05
9.98856E-05 9.98856E-05 9.98856E-05 9.98856E-05 9.98856E-05 0.998701 9.98856E-05 9.98856E-05 9.98856E-05 9.98856E-05 9.98856E-05 9.98856E-05 9.98856E-05 9.98856E-05
9.98856E-05 9.98856E-05 9.98856E-05 9.98856E-05 9.98856E-05 0.998701 9.98856E-05 9.98856E-05 9.98856E-05 9.98856E-05 9.98856E-05 9.98856E-05 9.98856E-05 9.98856E-05
9.98857E-05 9.98857E-05 9.98857E-05 9.98857E-05 9.98857E-05 0.998701 9.98857E-05 9.98857E-05 9.98857E-05 9.98857E-05 9.98857E-05 9.98857E-05 9.98857E-05 9.98857E-05
9.98857E-05 9.98857E-05 9.98857E-05 9.98857E-05 9.98857E-05 9.98857E-05 9.98857E-05 9.98857E-05 0.998701 9.98857E-05 9.98857E-05 9.98857E-05 9.98857E-05 9.98857E-05
9.98856E-05 9.98856E-05 9.98856E-05 9.98856E-05 9.98856E-05 9.98856E-05 9.98856E-05 9.98856E-05 0.998701 9.98856E-05 9.98856E-05 9.98856E-05 9.98856E-05 9.98856E-05
9.98856E-05 9.98856E-05 9.98856E-05 9.98856E-05 9.98856E-05 9.98856E-05 9.98856E-05 9.98856E-05 0.998701 9.98856E-05 9.98856E-05 9.98856E-05 9.98856E-05 9.98856E-05
9.98856E-05 9.98856E-05 9.98856E-05 9.98856E-05 9.98856E-05 0.998701 9.98856E-05 9.98856E-05 9.98856E-05 9.98856E-05 9.98856E-05 9.98856E-05 9.98856E-05 9.98856E-05
9.98856E-05 9.98856E-05 9.98856E-05 9.98856E-05 9.98856E-05 9.98856E-05 9.98856E-05 9.98856E-05 0.998701 9.98856E-05 9.98856E-05 9.98856E-05 9.98856E-05 9.98856E-05
9.98857E-05 9.98857E-05 9.98857E-05 9.98857E-05 9.98857E-05 9.98857E-05 9.98857E-05 9.98857E-05 0.998701 9.98857E-05 9.98857E-05 9.98857E-05 9.98857E-05 9.98857E-05
9.98856E-05 9.98856E-05 9.98856E-05 9.98856E-05 9.98856E-05 9.98856E-05 9.98856E-05 9.98856E-05 0.998701 9.98856E-05 9.98856E-05 9.98856E-05 9.98856E-05 9.98856E-05
9.98857E-05 9.98857E-05 9.98857E-05 9.98857E-05 9.98857E-05 9.98857E-05 9.98857E-05 9.98857E-05 0.998701 9.98857E-05 9.98857E-05 9.98857E-05 9.98857E-05 9.98857E-05
9.98856E-05 9.98856E-05 9.98856E-05 9.98856E-05 9.98856E-05 0.998701 9.98856E-05 9.98856E-05 9.98856E-05 9.98856E-05 9.98856E-05 9.98856E-05 9.98856E-05 9.98856E-05
9.98857E-05 9.98857E-05 9.98857E-05 9.98857E-05 9.98857E-05 9.98857E-05 9.98857E-05 9.98857E-05 0.998701 9.98857E-05 9.98857E-05 9.98857E-05 9.98857E-05 9.98857E-05
9.98856E-05 9.98856E-05 9.98856E-05 9.98856E-05 9.98856E-05 9.98856E-05 9.98856E-05 9.98856E-05 0.998701 9.98856E-05 9.98856E-05 9.98856E-05 9.98856E-05 9.98856E-05
9.99473E-05 0.00959805 9.99473E-05 9.99473E-05 9.99473E-05 0.176837 9.99473E-05 0.14702 0.143581 9.99473E-05 0.158594 0.322058 0.0313971 0.0103153
9.98856E-05 9.98856E-05 9.98856E-05 9.98856E-05 9.98856E-05 0.998701 9.98856E-05 9.98856E-05 9.98856E-05 9.98856E-05 9.98856E-05 9.98856E-05 9.98856E-05 9.98856E-05
9.98856E-05 9.98856E-05 9.98856E-05 9.98856E-05 9.98856E-05 9.98856E-05 9.98856E-05 9.98856E-05 0.998701 9.98856E-05 9.98856E-05 9.98856E-05 9.98856E-05 9.98856E-05
9.98856E-05 9.98856E-05 9.98856E-05 9.98856E-05 9.98856E-05 9.98856E-05 9.98856E-05 9.98856E-05 0.998701 9.98856E-05 9.98856E-05 9.98856E-05 9.98856E-05 9.98856E-05
9.98856E-05 9.98856E-05 9.98856E-05 9.98856E-05 9.98856E-05 9.98856E-05 9.98856E-05 9.98856E-05 0.998701 9.98856E-05 9.98856E-05 9.98856E-05 9.98856E-05 9.98856E-05
9.98857E-05 9.98857E-05 9.98857E-05 9.98857E-05 9.98857E-05 9.98857E-05 9.98857E-05 9.98857E-05 0.998701 9.98857E-05 9.98857E-05 9.98857E-05 9.98857E-05 9.98857E-05
9.98856E-05 9.98856E-05 9.98856E-05 9.98856E-05 9.98856E-05 0.998701 9.98856E-05 9.98856E-05 9.98856E-05 9.98856E-05 9.98856E-05 9.98856E-05 9.98856E-05 9.98856E-05
9.98856E-05 9.98856E-05 9.98856E-05 9.98856E-05 9.98856E-05 9.98856E-05 9.98856E-05 9.98856E-05 0.998701 9.98856E-05 9.98856E-05 9.98856E-05 9.98856E-05 9.98856E-05
9.98856E-05 9.98856E-05 9.98856E-05 9.98856E-05 9.98856E-05 0.998701 9.98856E-05 9.98856E-05 9.98856E-05 9.98856E-05 9.98856E-05 9.98856E-05 9.98856E-05 9.98856E-05
9.98856E-05 9.98856E-05 9.98856E-05 9.98856E-05 9.98856E-05 9.98856E-05 9.98856E-05 9.98856E-05 0.998701 9.98856E-05 9.98856E-05 9.98856E-05 9.98856E-05 9.98856E-05
9.98856E-05 9.98856E-05 9.98856E-05 9.98856E-05 9.98856E-05 0.998701 9.98856E-05 9.98856E-05 9.98856E-05 9.98856E-05 9.98856E-05 9.98856E-05 9.98856E-05 9.98856E-05
9.98856E-05 9.98856E-05 9.98856E-05 9.98856E-05 9.98856E-05 9.98856E-05 9.98856E-05 9.98856E-05 0.998701 9.98856E-05 9.98856E-05 9.98856E-05 9.98856E-05 9.98856E-05
9.98856E-05 9.98856E-05 9.98856E-05 9.98856E-05 9.98856E-05 9.98856E-05 9.98856E-05 9.98856E-05 0.998701 9.98856E-05 9.98856E-05 9.98856E-05 9.98856E-05 9.98856E-05
9.98858E-05 9.98858E-05 9.98858E-05 9.98858E-05 9.98858E-05 9.98858E-05 9.98858E-05 9.98858E-05 0.998701 9.98858E-05 9.98858E-05 9.98858E-05 9.98858E-05 9.98858E-05
9.98856E-05 9.98856E-05 9.98856E-05 9.98856E-05 9.98856E-05 9.98856E-05 9.98856E-05 9.98856E-05 0.998701 9.98856E-05 9.98856E-05 9.98856E-05 9.98856E-05 9.98856E-05
9.98856E-05 9.98856E-05 9.98856E-05 9.98856E-05 9.98856E-05 9.98856E-05 9.98856E-05 9.98856E-05 0.998701 9.98856E-05 9.98856E-05 9.98856E-05 9.98856E-05 9.98856E-05
9.98856E-05 9.98856E-05 9.98856E-05 9.98856E-05 9.98856E-05 9.98856E-05 9.98856E-05 9.98856E-05 0.998701 9.98856E-05 9.98856E-05 9.98856E-05 9.98856E-05 9.98856E-05
9.98856E-05 9.98856E-05 9.98856E-05 9.98856E-05 9.98856E-05 0.998701 9.98856E-05 9.98856E-05 9.98856E-05 9.98856E-05 9.98856E-05 9.98856E-05 9.98856E-05 9.98856E-05
9.98856E-05 9.98856E-05 9.98856E-05 9.98856E-05 9.98856E-05 0.998701 9.98856E-05 9.98856E-05 9.98856E-05 9.98856E-05 9.98856E-05 9.98856E-05 9.98856E-05 9.98856E-05
9.98856E-05 9.98856E-05 9.98856E-05 9.98856E-05 9.98856E-05 0.998701 9.98856E-05 9.98856E-05 9.98856E-05 9.98856E-05 9.98856E-05 9.98856E-05 9.98856E-05 9.98856E-05
9.98857E-05 9.98857E-05 9.98857E-05 9.98857E-05 9.98857E-05 9.98857E-05 9.98857E-05 9.98857E-05 0.998701 9.98857E-05 9.98857E-05 9.98857E-05 9.98857E-05 9.98857E-05
9.98856E-05 9.98856E-05 9.98856E-05 9.98856E-05 9.98856E-05 0.998701 9.98856E-05 9.98856E-05 9.98856E-05 9.98856E-05 9.98856E-05 9.98856E-05 9.98856E-05 9.98856E-05
9.98856E-05 9.98856E-05 9.98856E-05 9.98856E-05 9.98856E-05 0.998701 9.98856E-05 9.98856E-05 9.98856E-05 9.98856E-05 9.98856E-05 9.98856E-05 9.98856E-05 9.98856E-05
9.98856E-05 9.98856E-05 9.98856E-05 9.98856E-05 9.98856E-05 0.998701 9.98856E-05 9.98856E-05 9.98856E-05 9.98856E-05 9.98856E-05 9.98856E-05 9.98856E-05 9.98856E-05
9.98857E-05 9.98857E-05 9.98857E-05 9.98857E-05 9.98857E-05 9.98857E-05 9.98857E-05 9.98857E-05 0.998701 9.98857E-05 9.98857E-05 9.98857E-05 9.98857E-05 9.98857E-05
9.98857E-05 9.98857E-05 9.98857E-05 9.98857E-05 9.98857E-05 9.98857E-05 9.98857E-05 9.98857E-05 0.998701 9.98857E-05 9.98857E-05 9.98857E-05 9.98857E-05 9.98857E-05
9.98856E-05 9.98856E-05 9.98856E-05 9.98856E-05 9.98856E-05 9.98856E-05 9.98856E-05 9.98856E-05 0.998701 9.98856E-05 9.98856E-05 9.98856E-05 9.98856E-05 9.98856E-05
9.98856E-05 9.98856E-05 9.98856E-05 9.98856E-05 9.98856E-05 0.998701 9.98856E-05 9.98856E-05 9.98856E-05 9.98856E-05 9.98856E-05 9.98856E-05 9.98856E-05 9.98856E-05
9.98856E-05 9.98856E-05 9.98856E-05 9.98856E-05 9.98856E-05 9.98856E-05 9.98856E-05 9.98856E-05 0.998701 9.98856E-05 9.98856E-05 9.98856E-05 9.98856E-05 9.98856E-05
9.98856E-05 9.98856E-05 9.98856E-05 9.98856E-05 9.98856E-05 9.98856E-05 9.98856E-05 9.98856E-05 0.998701 9.98856E-05 9.98856E-05 9.98856E-05 9.98856E-05 9.98856E-05
9.98856E-05 9.98856E-05 9.98856E-05 9.98856E-05 9.98856E-05 0.998701 9.98856E-05 9.98856E-05 9.98856E-05 9.98856E-05 9.98856E-05 9.98856E-05 9.98856E-05 9.98856E-05
9.98857E-05 9.98857E-05 9.98857E-05 9.98857E-05 9.98857E-05 9.98857E-05 9.98857E-05 9.98857E-05 0.998701 9.98857E-05 9.98857E-05 9.98857E-05 9.98857E-05 9.98857E-05
9.98857E-05 9.98857E-05 9.98857E-05 9.98857E-05 9.98857E-05 9.98857E-05 9.98857E-05 9.98857E-05 0.998701 9.98857E-05 9.98857E-05 9.98857E-05 9.98857E-05 9.98857E-05
9.99385E-05 0.0362161 9.99385E-05 0.015183 0.185917 0.334788 9.99385E-05 0.049885 0.130664 9.99385E-05 9.99385E-05 0.246648 9.99385E-05 9.99385E-05
9.98856E-05 9.98856E-05 9.98856E-05 9.98856E-05 9.98856E-05 0.998701 9.98856E-05 9.98856E-05 9.98856E-05 9.98856E-05 9.98856E-05 9.98856E-05 9.98856E-05 9.98856E-05
9.98856E-05 9.98856E-05 9.98856E-05 9.98856E-05 9.98856E-05 9.98856E-05 9.98856E-05 9.98856E-05 0.998701 9.98856E-05 9.98856E-05 9.98856E-05 9.98856E-05 9.98856E-05
9.99298E-05 0.0466896 9.99298E-05 9.99298E-05 0.0998339 0.100639 9.99298E-05 9.99298E-05 0.442171 9.99298E-05 9.99298E-05 0.262029 0.0478372 9.99298E-05
9.99385E-05 9.99385E-05 9.99385E-05 9.99385E-05 9.99385E-05 0.164764 9.99385E-05 9.99385E-05 0.285711 0.02807 0.047006 0.376113 0.0484707 0.0491651
9.99121E-05 9.99121E-05 9.99121E-05 9.99121E-05 9.99121E-05 0.377922 9.99121E-05 9.99121E-05 0.180973 9.99121E-05 9.99121E-05 0.371856 0.0682493 9.99121E-05
0.0600974 0.0844111 9.99208E-05 9.99208E-05 9.99208E-05 0.233469 9.99208E-05 9.99208E-05 9.99208E-05 9.99208E-05 9.99208E-05 0.567423 9.99208E-05 0.0537001
9.99121E-05 9.99121E-05 9.99121E-05 0.0766141 9.99121E-05 0.315663 9.99121E-05 9.99121E-05 0.309332 9.99121E-05 9.99121E-05 0.297392 9.99121E-05 9.99121E-05
9.99124E-05 9.99124E-05 0.0361153 9.99124E-05 9.99124E-05 0.00470248 9.99124E-05 9.99124E-05 0.197905 9.99124E-05 9.99124E-05 0.760278 9.99124E-05 9.99124E-05
9.99297E-05 9.99297E-05 9.99297E-05 9.99297E-05 0.00837394 0.217316 0.169838 9.99297E-05 0.33675 9.99297E-05 0.0861524 0.18077 9.99297E-05 9.99297E-05
9.99385E-05 0.0153901 9.99385E-05 9.99385E-05 0.0685624 0.0645441 9.99385E-05 0.0293863 0.25789 9.99385E-05 9.99385E-05 0.44221 0.121317 9.99385E-05
9.99035E-05 9.99035E-05 9.99035E-05 9.99035E-05 9.99035E-05 0.0503135 9.99035E-05 9.99035E-05 0.229753 9.99035E-05 9.99035E-05 0.718835 9.99035E-05 9.99035E-05
9.99209E-05 9.99209E-05 9.99209E-05 9.99209E-05 9.99209E-05 0.209283 9.99209E-05 9.99209E-05 9.99209E-05 0.0203423 9.99209E-05 0.563044 0.156163 0.0502684
9.99122E-05 9.99122E-05 9.99122E-05 9.99122E-05 0.0652775 0.302888 9.99122E-05 9.99122E-05 0.131559 9.99122E-05 9.99122E-05 0.499277 9.99122E-05 9.99122E-05
9.99209E-05 9.99209E-05 9.99209E-05 9.99209E-05 9.99209E-05 0.0788175 0.0066854 9.99209E-05 0.610754 9.99209E-05 0.00040012 0.302444 9.99209E-05 9.99209E-05
0.0741839 0.0906017 9.99386E-05 0.104865 9.99386E-05 0.326658 0.0014092 9.99386E-05 0.247953 9.99386E-05 9.99386E-05 0.15363 9.99386E-05 9.99386E-05
9.99385E-05 0.0904333 9.99385E-05 0.0330988 9.99385E-05 0.133132 9.99385E-05 0.01541 0.0512382 9.99385E-05 9.99385E-05 0.638337 9.99385E-05 0.0376506
0.0133068 9.99297E-05 9.99297E-05 9.99297E-05 0.035666 0.286426 9.99297E-05 9.99297E-05 0.200071 9.99297E-05 9.99297E-05 0.458966 9.99297E-05 0.00476446
9.99385E-05 9.99385E-05 9.99385E-05 0.0900645 0.0871539 0.146482 0.0644682 9.99385E-05 0.338509 0.000283172 9.99385E-05 0.27234 9.99385E-05 9.99385E-05
9.9921E-05 9.9921E-05 9.9921E-05 0.0140282 9.9921E-05 0.142053 9.9921E-05 9.9921E-05 0.246487 9.9921E-05 9.9921E-05 0.553197 0.043337 9.9921E-05
0.0453295 9.99297E-05 9.99297E-05 0.0694556 0.0883631 0.463012 9.99297E-05 9.99297E-05 0.0866201 9.99297E-05 9.99297E-05 0.24642 9.99297E-05 9.99297E-05
9.99384E-05 9.99384E-05 9.99384E-05 0.252014 0.0191796 9.99384E-05 9.99384E-05 0.0521673 0.13934 0.0608484 9.99384E-05 0.40482 9.99384E-05 0.0709314
9.99209E-05 9.99209E-05 9.99209E-05 9.99209E-05 9.99209E-05 0.239232 9.99209E-05 0.0335524 0.158113 0.123657 9.99209E-05 0.444546 9.99209E-05 9.99209E-05
9.99297E-05 9.99297E-05 9.99297E-05 0.0622964 9.99297E-05 0.129194 9.99297E-05 9.99297E-05 0.147977 0.123883 9.99297E-05 0.516452 9.99297E-05 0.0193975
0.0361589 9.9921E-05 9.9921E-05 0.0256344 9.9921E-05 9.9921E-05 9.9921E-05 9.9921E-05 0.277507 0.11414 9.9921E-05 0.54566 9.9921E-05 9.9921E-05
0.112828 0.0777296 9.993E-05 9.993E-05 0.00183176 0.228542 9.993E-05 9.993E-05 0.199451 9.993E-05 9.993E-05 0.370983 9.993E-05 0.00793506
9.99208E-05 9.99208E-05 9.99208E-05 9.99208E-05 9.99208E-05 0.15051 9.99208E-05 9.99208E-05 0.210248 0.156641 9.99208E-05 0.448477 9.99208E-05 0.0332244
