0.0422455 9.99385E-05 9.99385E-05 9.99385E-05 9.99385E-05 0.108998 9.99385E-05 9.99385E-05 0.219243 0.326223 0.0643862 0.068348 9.99385E-05 0.169857
9.9921E-05 9.9921E-05 9.9921E-05 9.9921E-05 9.9921E-05 9.9921E-05 0.00719697 9.9921E-05 0.111036 0.720129 0.113537 0.0472012 9.9921E-05 9.9921E-05
0.00144136 9.99385E-05 0.000837984 9.99385E-05 9.99385E-05 0.0185744 9.99385E-05 9.99385E-05 9.99385E-05 0.812234 9.99385E-05 0.0299933 0.0500745 0.0861449
0.0285761 0.0266095 9.99737E-05 0.357438 0.010308 0.0579579 0.00108215 9.99737E-05 0.0625573 0.226703 0.0505673 0.0418773 9.99737E-05 0.136023
9.99035E-05 9.99035E-05 9.99035E-05 0.147995 9.99035E-05 9.99035E-05 9.99035E-05 9.99035E-05 9.99035E-05 0.830453 9.99035E-05 9.99035E-05 0.0204528 9.99035E-05
9.99561E-05 0.0438545 9.99561E-05 0.0588818 0.18787 9.99561E-05 9.99561E-05 9.99561E-05 0.210773 0.161593 0.0070249 0.0611131 0.211082 0.0573074
0.0251922 9.99474E-05 9.99474E-05 0.229471 9.99474E-05 0.142182 9.99474E-05 9.99474E-05 0.20636 0.106642 0.0911289 0.0446849 9.99474E-05 0.153739
9.99474E-05 9.99474E-05 0.0673248 0.0742072 0.160901 9.99474E-05 9.99474E-05 0.016335 0.117224 0.10371 9.99474E-05 9.99474E-05 0.186735 0.272963
0.142744 9.99385E-05 9.99385E-05 9.99385E-05 0.198185 9.99385E-05 9.99385E-05 9.99385E-05 9.99385E-05 0.180799 0.0522155 0.227933 0.0418175 0.155607
0.0189308 9.99121E-05 9.99121E-05 9.99121E-05 9.99121E-05 9.99121E-05 9.99121E-05 0.0325708 9.99121E-05 0.860948 9.99121E-05 0.0865508 9.99121E-05 9.99121E-05
9.99386E-05 9.99386E-05 9.99386E-05 9.99386E-05 0.00866587 0.190738 0.0111456 9.99386E-05 0.0564108 0.450816 9.99386E-05 0.19491 9.99386E-05 0.0866134
9.9921E-05 9.9921E-05 9.9921E-05 0.0714508 9.9921E-05 0.0208264 9.9921E-05 9.9921E-05 0.00631693 0.803607 9.9921E-05 0.0968998 9.9921E-05 9.9921E-05
9.99123E-05 9.99123E-05 9.99123E-05 0.00331374 9.99123E-05 9.99123E-05 9.99123E-05 9.99123E-05 9.99123E-05 0.744777 9.99123E-05 0.0622962 9.99123E-05 0.188614
9.99386E-05 0.162273 0.0319232 9.99386E-05 0.0110207 0.0431956 9.99386E-05 9.99386E-05 9.99386E-05 0.624269 9.99386E-05 0.0809934 9.99386E-05 0.0456259
0.0780763 0.0364466 9.99386E-05 9.99386E-05 0.15567 9.99386E-05 9.99386E-05 9.99386E-05 0.209263 0.28159 9.99386E-05 0.180071 9.99386E-05 0.0581829
9.99298E-05 9.99298E-05 0.0295603 0.286011 0.191999 9.99298E-05 9.99298E-05 9.99298E-05 0.142467 0.171221 9.99298E-05 0.177942 9.99298E-05 9.99298E-05
9.99386E-05 0.0225654 0.00806188 0.0649482 9.99386E-05 0.0581415 9.99386E-05 9.99386E-05 9.99386E-05 0.605928 0.167031 0.0726238 9.99386E-05 9.99386E-05
9.99386E-05 9.99386E-05 9.99386E-05 9.99386E-05 0.0534765 9.99386E-05 0.142017 0.11699 0.27344 0.0857794 9.99386E-05 0.188397 9.99386E-05 0.139201
9.99385E-05 9.99385E-05 9.99385E-05 0.106471 0.111254 0.00541647 9.99385E-05 0.0296254 9.99385E-05 0.278424 9.99385E-05 0.171183 9.99385E-05 0.296927
9.99034E-05 9.99034E-05 9.99034E-05 9.99034E-05 9.99034E-05 0.0015279 0.113763 9.99034E-05 9.99034E-05 0.88361 9.99034E-05 9.99034E-05 9.99034E-05 9.99034E-05
0.01104 9.99561E-05 0.000964716 0.14742 0.119412 0.0436489 9.99561E-05 9.99561E-05 9.99561E-05 0.438748 9.99561E-05 0.0108047 0.0325146 0.194948
9.99386E-05 9.99386E-05 9.99386E-05 0.139358 0.128903 9.99386E-05 9.99386E-05 0.00253567 9.99386E-05 0.19968 0.00902801 9.99386E-05 0.172774 0.347021
9.99123E-05 9.99123E-05 9.99123E-05 9.99123E-05 9.99123E-05 0.0498456 9.99123E-05 9.99123E-05 0.308177 0.469205 9.99123E-05 0.171773 9.99123E-05 9.99123E-05
0.0682122 9.9921E-05 0.0242001 9.9921E-05 9.9921E-05 9.9921E-05 9.9921E-05 9.9921E-05 9.9921E-05 0.308102 9.9921E-05 0.233236 9.9921E-05 0.36535
0.0147969 0.0185638 9.99473E-05 9.99473E-05 0.133452 0.0290559 0.111503 9.99473E-05 9.99473E-05 0.274065 9.99473E-05 0.281471 9.99473E-05 0.136493
9.99122E-05 9.99122E-05 9.99122E-05 9.99122E-05 9.99122E-05 9.99122E-05 9.99122E-05 9.99122E-05 9.99122E-05 0.64953 9.99122E-05 0.187079 0.0232545 0.139137
9.99386E-05 0.157854 0.0104506 9.99386E-05 9.99386E-05 0.0139559 9.99386E-05 0.134964 9.99386E-05 0.0123856 9.99386E-05 0.155268 9.99386E-05 0.514422
9.9921E-05 9.9921E-05 9.9921E-05 0.110754 9.9921E-05 9.9921E-05 9.9921E-05 9.9921E-05 9.9921E-05 0.696429 9.9921E-05 0.0283611 0.0375694 0.125987
9.99123E-05 9.99123E-05 9.99123E-05 9.99123E-05 9.99123E-05 9.99123E-05 9.99123E-05 9.99123E-05 0.15042 0.461991 9.99123E-05 0.271108 9.99123E-05 0.115481
0.0242436 0.0514467 9.99473E-05 9.99473E-05 0.0709061 0.0181869 9.99473E-05 9.99473E-05 0.0288712 0.714877 0.0244501 0.0664189 9.99473E-05 9.99473E-05
9.99385E-05 9.99385E-05 9.99385E-05 9.99385E-05 0.0268772 0.114159 0.0228778 9.99385E-05 0.114988 0.591562 9.99385E-05 0.042471 9.99385E-05 0.0863653
9.99386E-05 0.180371 9.99386E-05 0.0479304 9.99386E-05 0.118246 9.99386E-05 9.99386E-05 0.0634265 0.397105 9.99386E-05 0.103499 9.99386E-05 0.0887219
9.99385E-05 9.99385E-05 0.079759 9.99385E-05 0.0466074 0.10484 9.99385E-05 9.99385E-05 0.0381299 0.40209 9.99385E-05 0.0939524 9.99385E-05 0.233923
0.00726968 0.137263 0.0176562 0.000938044 9.99473E-05 9.99473E-05 9.99473E-05 0.0350298 9.99473E-05 0.396376 9.99473E-05 0.157886 9.99473E-05 0.246982
9.99298E-05 9.99298E-05 9.99298E-05 9.99298E-05 9.99298E-05 0.00757314 9.99298E-05 0.0723915 9.99298E-05 0.752204 0.0585875 0.102824 9.99298E-05 0.00562097
9.99473E-05 9.99473E-05 9.99473E-05 0.162495 0.0226234 0.000171699 9.99473E-05 9.99473E-05 0.0692515 0.618731 0.0169267 0.00406598 9.99473E-05 0.105135
9.99211E-05 9.99211E-05 0.0221043 0.0535639 9.99211E-05 0.0649575 9.99211E-05 9.99211E-05 9.99211E-05 0.855506 9.99211E-05 9.99211E-05 9.99211E-05 0.00296937
0.0104151 9.9921E-05 9.9921E-05 9.9921E-05 0.111659 9.9921E-05 0.0900402 9.9921E-05 9.9921E-05 0.618131 0.168855 9.9921E-05 9.9921E-05 9.9921E-05
9.99386E-05 0.043387 9.99386E-05 9.99386E-05 0.00608676 0.0454318 9.99386E-05 9.99386E-05 9.99386E-05 0.541219 0.0821621 0.16289 0.118124 9.99386E-05
9.99298E-05 0.131946 0.132825 9.99298E-05 9.99298E-05 0.042388 9.99298E-05 9.99298E-05 9.99298E-05 0.514282 9.99298E-05 0.170004 9.99298E-05 0.00775548
9.99123E-05 9.99123E-05 9.99123E-05 9.99123E-05 9.99123E-05 0.0726179 9.99123E-05 9.99123E-05 9.99123E-05 0.654815 9.99123E-05 0.12934 9.99123E-05 0.142228
0.0527101 9.99211E-05 9.99211E-05 9.99211E-05 0.0259969 9.99211E-05 9.99211E-05 9.99211E-05 9.99211E-05 0.473852 9.99211E-05 0.122539 9.99211E-05 0.324003
9.99385E-05 0.091614 9.99385E-05 0.00028166 9.99385E-05 9.99385E-05 9.99385E-05 9.99385E-05 0.0270499 0.696103 0.0088373 9.99385E-05 0.036338 0.139077
0.0310766 9.99561E-05 9.99561E-05 9.99561E-05 0.101517 0.0284603 9.99561E-05 9.99561E-05 0.113686 0.340919 0.0039901 0.203937 0.014993 0.160921
9.99122E-05 9.99122E-05 9.99122E-05 0.118597 9.99122E-05 9.99122E-05 9.99122E-05 9.99122E-05 9.99122E-05 0.185512 9.99122E-05 0.121232 9.99122E-05 0.57366
9.99122E-05 9.99122E-05 9.99122E-05 0.0661982 9.99122E-05 9.99122E-05 0.100478 9.99122E-05 9.99122E-05 0.784707 9.99122E-05 0.0476173 9.99122E-05 9.99122E-05
9.99298E-05 9.99298E-05 9.99298E-05 0.0258982 0.0372525 0.0274358 9.99298E-05 0.0610929 9.99298E-05 0.735157 9.99298E-05 0.112364 9.99298E-05 9.99298E-05
9.9921E-05 9.9921E-05 0.0659577 9.9921E-05 9.9921E-05 9.9921E-05 0.0186583 9.9921E-05 0.00562749 0.861852 9.9921E-05 0.047005 9.9921E-05 9.9921E-05
9.99297E-05 9.99297E-05 9.99297E-05 0.0274263 9.99297E-05 0.0392421 9.99297E-05 9.99297E-05 0.00352442 0.604467 9.99297E-05 0.147197 9.99297E-05 0.177344
9.99386E-05 9.99386E-05 0.116144 9.99386E-05 0.0330126 0.0287635 9.99386E-05 9.99386E-05 9.99386E-05 0.687544 0.00480249 9.99386E-05 0.0482992 0.0807348
9.99473E-05 0.0732461 9.99473E-05 0.0937061 0.0666143 0.136177 9.99473E-05 9.99473E-05 0.00468762 0.254706 9.99473E-05 0.25889 9.99473E-05 0.111374
0.0915615 9.99298E-05 9.99298E-05 0.0051016 9.99298E-05 9.99298E-05 0.0219119 9.99298E-05 9.99298E-05 0.512349 9.99298E-05 9.99298E-05 0.0658602 0.302416
9.99122E-05 9.99122E-05 9.99122E-05 9.99122E-05 9.99122E-05 9.99122E-05 9.99122E-05 0.0615462 9.99122E-05 0.88741 0.00306574 0.0469785 9.99122E-05 9.99122E-05
9.99474E-05 9.99474E-05 0.234362 9.99474E-05 0.0234735 9.99474E-05 9.99474E-05 0.00800026 0.0320662 0.573237 9.99474E-05 0.0530419 0.068772 0.00644756
0.00364809 9.99211E-05 9.99211E-05 0.0834281 9.99211E-05 9.99211E-05 9.99211E-05 9.99211E-05 9.99211E-05 0.739999 9.99211E-05 0.137958 0.0340669 9.99211E-05
9.99474E-05 0.101691 0.0905463 9.99474E-05 9.99474E-05 0.076172 0.0725994 9.99474E-05 0.0450656 0.585046 9.99474E-05 9.99474E-05 0.0228898 0.00539084
9.99298E-05 9.99298E-05 9.99298E-05 0.10186 9.99298E-05 9.99298E-05 9.99298E-05 0.0952593 9.99298E-05 0.671576 0.0282058 0.0878243 9.99298E-05 0.0144746
9.9921E-05 9.9921E-05 9.9921E-05 0.0915056 9.9921E-05 0.0399777 9.9921E-05 9.9921E-05 9.9921E-05 0.738439 9.9921E-05 0.0943657 9.9921E-05 0.0348126
9.99298E-05 9.99298E-05 9.99298E-05 0.00243424 0.0199015 0.0433149 9.99298E-05 9.99298E-05 9.99298E-05 0.821963 0.00442909 9.99298E-05 0.107157 9.99298E-05
9.99297E-05 9.99297E-05 9.99297E-05 9.99297E-05 0.121009 0.046206 9.99297E-05 0.00629157 0.599948 9.99297E-05 9.99297E-05 0.167766 9.99297E-05 0.0579796
0.0133559 9.99123E-05 0.00889003 0.0177418 9.99123E-05 9.99123E-05 9.99123E-05 9.99123E-05 0.959013 9.99123E-05 9.99123E-05 9.99123E-05 9.99123E-05 9.99123E-05
9.98946E-05 9.98946E-05 9.98946E-05 9.98946E-05 9.98946E-05 9.98946E-05 9.98946E-05 0.0397741 0.959027 9.98946E-05 9.98946E-05 9.98946E-05 9.98946E-05 9.98946E-05
9.99561E-05 9.99561E-05 0.0158659 0.0357484 0.158891 0.00970386 0.0134977 0.0367241 0.360594 9.99561E-05 0.297691 0.0707848 9.99561E-05 9.99561E-05
9.9956E-05 9.9956E-05 0.00356113 0.111767 0.0808988 0.0438648 0.0400538 0.0117055 0.62235 9.9956E-05 9.9956E-05 0.0702829 9.9956E-05 0.0150165
9.99032E-05 9.99032E-05 9.99032E-05 9.99032E-05 9.99032E-05 9.99032E-05 9.99032E-05 9.99032E-05 0.659897 9.99032E-05 9.99032E-05 0.234209 9.99032E-05 0.104795
9.99209E-05 9.99209E-05 9.99209E-05 9.99209E-05 0.0265101 0.123109 9.99209E-05 9.99209E-05 0.41274 9.99209E-05 0.364143 0.0725985 9.99209E-05 9.99209E-05
9.99209E-05 9.99209E-05 9.99209E-05 9.99209E-05 0.136298 9.99209E-05 9.99209E-05 0.174106 0.533991 9.99209E-05 0.090212 0.0644944 9.99209E-05 9.99209E-05
9.98946E-05 9.98946E-05 9.98946E-05 9.98946E-05 9.98946E-05 9.98946E-05 9.98946E-05 9.98946E-05 0.997139 9.98946E-05 0.00166217 9.98946E-05 9.98946E-05 9.98946E-05
9.98945E-05 9.98945E-05 9.98945E-05 9.98945E-05 9.98945E-05 0.0192671 9.98945E-05 9.98945E-05 0.979534 9.98945E-05 9.98945E-05 9.98945E-05 9.98945E-05 9.98945E-05
9.99296E-05 9.99296E-05 9.99296E-05 9.99296E-05 0.064975 0.149516 0.074877 0.065011 0.434831 9.99296E-05 9.99296E-05 0.20999 9.99296E-05 9.99296E-05
9.99473E-05 9.99473E-05 9.99473E-05 0.0716505 9.99473E-05 0.0854442 0.0361928 9.99473E-05 0.503928 9.99473E-05 0.0329766 0.0870071 0.112519 0.069682
9.99297E-05 9.99297E-05 0.045914 9.99297E-05 0.117657 0.113933 9.99297E-05 9.99297E-05 0.518975 9.99297E-05 9.99297E-05 0.00671287 0.196009 9.99297E-05
9.99208E-05 9.99208E-05 9.99208E-05 9.99208E-05 9.99208E-05 9.99208E-05 9.99208E-05 9.99208E-05 0.454102 9.99208E-05 0.115207 0.190279 0.0764752 0.163037
0.000848109 9.99123E-05 0.0295093 9.99123E-05 9.99123E-05 0.0754217 9.99123E-05 9.99123E-05 0.893222 9.99123E-05 9.99123E-05 9.99123E-05 9.99123E-05 9.99123E-05
9.9921E-05 9.9921E-05 9.9921E-05 0.0412629 0.0899522 0.0505581 9.9921E-05 9.9921E-05 0.786949 9.9921E-05 0.0303785 9.9921E-05 9.9921E-05 9.9921E-05
0.0163135 9.99209E-05 0.0514946 9.99209E-05 9.99209E-05 9.99209E-05 9.99209E-05 0.0618356 0.775182 9.99209E-05 9.99209E-05 0.0942751 9.99209E-05 9.99209E-05
9.99209E-05 9.99209E-05 9.99209E-05 0.138413 0.0272777 0.0975156 9.99209E-05 9.99209E-05 0.563215 9.99209E-05 9.99209E-05 9.99209E-05 9.99209E-05 0.172679
9.99209E-05 9.99209E-05 9.99209E-05 0.057279 9.99209E-05 0.0360626 9.99209E-05 0.081277 0.75128 9.99209E-05 9.99209E-05 0.0732018 9.99209E-05 9.99209E-05
9.9912E-05 9.9912E-05 0.0982807 9.9912E-05 9.9912E-05 9.9912E-05 0.0348038 9.9912E-05 0.640405 9.9912E-05 9.9912E-05 0.225511 9.9912E-05 9.9912E-05
9.98862E-05 9.98862E-05 9.98862E-05 9.98862E-05 9.98862E-05 9.98862E-05 9.98862E-05 9.98862E-05 0.998701 9.98862E-05 9.98862E-05 9.98862E-05 9.98862E-05 9.98862E-05
9.9912E-05 9.9912E-05 0.0433627 9.9912E-05 9.9912E-05 9.9912E-05 9.9912E-05 9.9912E-05 0.593595 9.9912E-05 9.9912E-05 0.0590423 9.9912E-05 0.303001
9.99298E-05 0.121081 9.99298E-05 9.99298E-05 9.99298E-05 9.99298E-05 9.99298E-05 0.00196718 0.689378 9.99298E-05 0.0381477 0.0535451 9.99298E-05 0.0950807
9.99385E-05 9.99385E-05 0.018525 0.170716 0.0348855 0.0596398 9.99385E-05 0.0444064 0.636161 9.99385E-05 9.99385E-05 0.0349672 9.99385E-05 9.99385E-05
9.98945E-05 9.98945E-05 9.98945E-05 9.98945E-05 9.98945E-05 0.17088 9.98945E-05 9.98945E-05 0.827921 9.98945E-05 9.98945E-05 9.98945E-05 9.98945E-05 9.98945E-05
9.99036E-05 9.99036E-05 9.99036E-05 9.99036E-05 0.00616417 9.99036E-05 0.0108295 9.99036E-05 0.981907 9.99036E-05 9.99036E-05 9.99036E-05 9.99036E-05 9.99036E-05
9.9886E-05 9.9886E-05 9.9886E-05 9.9886E-05 9.9886E-05 9.9886E-05 9.9886E-05 9.9886E-05 0.998701 9.9886E-05 9.9886E-05 9.9886E-05 9.9886E-05 9.9886E-05
9.98947E-05 9.98947E-05 9.98947E-05 9.98947E-05 0.00124426 9.98947E-05 9.98947E-05 9.98947E-05 0.997557 9.98947E-05 9.98947E-05 9.98947E-05 9.98947E-05 9.98947E-05
9.99034E-05 9.99034E-05 9.99034E-05 9.99034E-05 0.059919 9.99034E-05 9.99034E-05 0.108852 0.83013 9.99034E-05 9.99034E-05 9.99034E-05 9.99034E-05 9.99034E-05
9.99386E-05 0.0448013 0.0388708 9.99386E-05 0.111141 9.99386E-05 0.0958251 9.99386E-05 0.656505 0.0022909 9.99386E-05 0.0498659 9.99386E-05 9.99386E-05
9.99209E-05 0.565594 9.99209E-05 9.99209E-05 0.16037 0.0110094 9.99209E-05 9.99209E-05 9.99209E-05 9.99209E-05 9.99209E-05 0.116131 0.145996 9.99209E-05
9.99036E-05 0.930191 9.99036E-05 9.99036E-05 0.014298 9.99036E-05 9.99036E-05 9.99036E-05 9.99036E-05 9.99036E-05 9.99036E-05 0.0544126 9.99036E-05 9.99036E-05
9.99385E-05 0.614215 9.99385E-05 9.99385E-05 0.0276323 0.0468721 9.99385E-05 0.0195452 9.99385E-05 9.99385E-05 9.99385E-05 0.189254 0.0841645 0.0176174
9.99208E-05 0.466672 9.99208E-05 9.99208E-05 0.162537 0.0824571 9.99208E-05 0.0524065 9.99208E-05 9.99208E-05 9.99208E-05 0.235028 9.99208E-05 9.99208E-05
9.99296E-05 0.614356 0.0164803 9.99296E-05 0.196468 9.99296E-05 0.0406188 0.0311015 9.99296E-05 9.99296E-05 9.99296E-05 0.100177 9.99296E-05 9.99296E-05
9.99209E-05 0.526832 9.99209E-05 0.011812 0.214745 9.99209E-05 9.99209E-05 9.99209E-05 9.99209E-05 9.99209E-05 0.00289135 0.24282 9.99209E-05 9.99209E-05
9.99385E-05 0.565065 9.99385E-05 9.99385E-05 0.0716689 0.016086 0.0371323 0.015668 9.99385E-05 9.99385E-05 9.99385E-05 0.148242 9.99385E-05 0.145439
0.0234094 0.50428 9.99209E-05 9.99209E-05 0.314908 9.99209E-05 0.0500995 9.99209E-05 9.99209E-05 9.99209E-05 9.99209E-05 0.106403 9.99209E-05 9.99209E-05
9.99297E-05 0.160438 9.99297E-05 9.99297E-05 0.376932 0.00630473 9.99297E-05 9.99297E-05 9.99297E-05 9.99297E-05 0.290652 0.058297 9.99297E-05 0.106576
9.99121E-05 0.391698 9.99121E-05 0.0380981 0.251348 9.99121E-05 9.99121E-05 9.99121E-05 9.99121E-05 9.99121E-05 9.99121E-05 0.317857 9.99121E-05 9.99121E-05
9.99034E-05 0.65266 9.99034E-05 9.99034E-05 0.0462594 9.99034E-05 9.99034E-05 9.99034E-05 9.99034E-05 9.99034E-05 0.299982 9.99034E-05 9.99034E-05 9.99034E-05
9.9921E-05 0.629087 9.9921E-05 9.9921E-05 9.9921E-05 0.0626715 0.000177044 9.9921E-05 9.9921E-05 9.9921E-05 0.179565 0.1276 9.9921E-05 9.9921E-05
9.99122E-05 0.803801 9.99122E-05 9.99122E-05 0.170236 0.0117501 9.99122E-05 0.0132138 9.99122E-05 9.99122E-05 9.99122E-05 9.99122E-05 9.99122E-05 9.99122E-05
0.103092 0.511708 9.9921E-05 9.9921E-05 0.153214 9.9921E-05 9.9921E-05 9.9921E-05 9.9921E-05 9.9921E-05 0.00486588 0.226221 9.9921E-05 9.9921E-05
9.99297E-05 0.685597 0.00650185 9.99297E-05 0.128324 0.00206145 9.99297E-05 0.148502 9.99297E-05 9.99297E-05 9.99297E-05 0.0282148 9.99297E-05 9.99297E-05
9.99385E-05 0.486228 0.119866 9.99385E-05 0.0603879 0.059564 0.0419674 9.99385E-05 9.99385E-05 9.99385E-05 0.0438883 0.187398 9.99385E-05 9.99385E-05
9.99209E-05 0.499046 9.99209E-05 9.99209E-05 0.0594229 9.99209E-05 0.0902445 9.99209E-05 9.99209E-05 9.99209E-05 0.202708 0.14768 9.99209E-05 9.99209E-05
9.9921E-05 0.577611 9.9921E-05 9.9921E-05 0.12425 9.9921E-05 0.00853633 9.9921E-05 9.9921E-05 9.9921E-05 9.9921E-05 9.9921E-05 0.1093 0.179404
9.99122E-05 0.804196 9.99122E-05 9.99122E-05 0.0683193 0.106662 0.0198238 9.99122E-05 9.99122E-05 9.99122E-05 9.99122E-05 9.99122E-05 9.99122E-05 9.99122E-05
9.99298E-05 0.548067 9.99298E-05 9.99298E-05 0.0798217 0.0102051 0.113044 9.99298E-05 0.114073 9.99298E-05 9.99298E-05 0.133989 9.99298E-05 9.99298E-05
9.99385E-05 0.521717 9.99385E-05 0.00840828 0.164833 0.0144935 9.99385E-05 9.99385E-05 9.99385E-05 9.99385E-05 0.0966166 0.0939147 0.0993172 9.99385E-05
9.99297E-05 0.653432 9.99297E-05 9.99297E-05 0.0974479 0.0241729 0.0387894 0.0419682 9.99297E-05 9.99297E-05 9.99297E-05 0.14339 9.99297E-05 9.99297E-05
9.99297E-05 0.201805 9.99297E-05 9.99297E-05 0.219642 9.99297E-05 0.0864631 9.99297E-05 9.99297E-05 9.99297E-05 0.111725 0.25503 0.124536 9.99297E-05
0.00527137 0.662201 9.99298E-05 9.99298E-05 0.227161 0.0335116 9.99298E-05 9.99298E-05 9.99298E-05 9.99298E-05 9.99298E-05 0.053121 0.0179352 9.99298E-05
9.99297E-05 0.258779 9.99297E-05 9.99297E-05 0.267559 9.99297E-05 0.0950688 9.99297E-05 9.99297E-05 9.99297E-05 0.0622871 0.244854 0.0706525 9.99297E-05
9.99386E-05 0.524149 9.99386E-05 9.99386E-05 0.174569 9.99386E-05 9.99386E-05 0.00545153 0.044219 9.99386E-05 0.100579 0.124504 9.99386E-05 0.0258289
0.118641 0.797693 9.99211E-05 9.99211E-05 9.99211E-05 9.99211E-05 9.99211E-05 9.99211E-05 0.0212596 0.0307595 9.99211E-05 0.0307477 9.99211E-05 9.99211E-05
9.99297E-05 0.465955 0.00664786 9.99297E-05 0.144772 9.99297E-05 0.0373864 9.99297E-05 9.99297E-05 9.99297E-05 9.99297E-05 0.282367 0.062073 9.99297E-05
9.99122E-05 0.427597 9.99122E-05 9.99122E-05 0.295916 9.99122E-05 0.00209394 9.99122E-05 9.99122E-05 9.99122E-05 9.99122E-05 0.273393 9.99122E-05 9.99122E-05
9.99298E-05 0.635355 9.99298E-05 9.99298E-05 0.0413166 0.0539895 0.0722572 9.99298E-05 9.99298E-05 9.99298E-05 9.99298E-05 0.157994 0.0382885 9.99298E-05
9.99298E-05 0.534779 0.101632 9.99298E-05 0.0630053 0.0568301 0.00932062 9.99298E-05 9.99298E-05 9.99298E-05 9.99298E-05 0.233633 9.99298E-05 9.99298E-05
9.99297E-05 0.744684 0.0417081 9.99297E-05 0.00895498 0.0501808 0.0510862 9.99297E-05 9.99297E-05 9.99297E-05 9.99297E-05 0.102586 9.99297E-05 9.99297E-05
9.99473E-05 0.224722 0.0156091 9.99473E-05 0.338919 0.000585138 0.17139 0.00284524 9.99473E-05 9.99473E-05 9.99473E-05 0.153906 0.0914235 9.99473E-05
9.99208E-05 0.527595 9.99208E-05 9.99208E-05 0.0402497 9.99208E-05 0.0528329 9.99208E-05 9.99208E-05 9.99208E-05 9.99208E-05 0.154655 9.99208E-05 0.223768
9.99209E-05 0.809976 9.99209E-05 0.0401257 0.0310787 9.99209E-05 9.99209E-05 9.99209E-05 9.99209E-05 9.99209E-05 9.99209E-05 0.104158 9.99209E-05 0.0137617
9.99385E-05 0.679813 0.00348454 0.0418241 0.063721 0.0803896 9.99385E-05 9.99385E-05 9.99385E-05 9.99385E-05 0.0587806 9.99385E-05 9.99385E-05 0.0712876
9.99121E-05 0.394283 9.99121E-05 9.99121E-05 0.168645 9.99121E-05 9.99121E-05 0.0764232 9.99121E-05 9.99121E-05 9.99121E-05 0.35965 9.99121E-05 9.99121E-05
9.98948E-05 0.920874 9.98948E-05 9.98948E-05 0.0779277 9.98948E-05 9.98948E-05 9.98948E-05 9.98948E-05 9.98948E-05 9.98948E-05 9.98948E-05 9.98948E-05 9.98948E-05
9.99122E-05 0.832013 9.99122E-05 9.99122E-05 0.0573831 0.0115491 9.99122E-05 9.99122E-05 9.99122E-05 9.99122E-05 9.99122E-05 0.0980555 9.99122E-05 9.99122E-05
9.99123E-05 0.981536 9.99123E-05 9.99123E-05 0.00369606 0.0078939 9.99123E-05 9.99123E-05 9.99123E-05 9.99123E-05 9.99123E-05 9.99123E-05 0.0058749 9.99123E-05
9.99036E-05 0.878609 9.99036E-05 9.99036E-05 0.0376652 9.99036E-05 9.99036E-05 9.99036E-05 9.99036E-05 9.99036E-05 0.0826267 9.99036E-05 9.99036E-05 9.99036E-05
9.99297E-05 0.275698 9.99297E-05 9.99297E-05 0.17057 0.0311657 9.99297E-05 9.99297E-05 9.99297E-05 9.99297E-05 0.102048 0.389587 0.0301319 9.99297E-05
9.9921E-05 0.624233 9.9921E-05 9.9921E-05 0.158307 9.9921E-05 9.9921E-05 9.9921E-05 9.9921E-05 9.9921E-05 9.9921E-05 0.0793675 0.110487 0.0267061
9.99211E-05 0.755388 9.99211E-05 9.99211E-05 0.122949 9.99211E-05 0.0598876 9.99211E-05 9.99211E-05 0.00436969 9.99211E-05 0.0565061 9.99211E-05 9.99211E-05
9.99035E-05 0.884847 9.99035E-05 9.99035E-05 9.99035E-05 9.99035E-05 9.99035E-05 9.99035E-05 9.99035E-05 0.0474354 9.99035E-05 0.0666183 9.99035E-05 9.99035E-05
9.99385E-05 0.239631 9.99385E-05 9.99385E-05 0.273687 0.000715257 0.166093 9.99385E-05 9.99385E-05 9.99385E-05 0.126993 0.0602218 9.99385E-05 0.13196
9.99298E-05 0.403601 0.0449907 9.99298E-05 0.155403 0.0340318 9.99298E-05 9.99298E-05 0.155587 9.99298E-05 9.99298E-05 0.205587 9.99298E-05 9.99298E-05
0.126735 0.392119 0.0249408 9.99386E-05 0.181965 9.99386E-05 9.99386E-05 9.99386E-05 9.99386E-05 9.99386E-05 0.104229 0.0489763 9.99386E-05 0.120334
9.99298E-05 0.23625 9.99298E-05 9.99298E-05 0.325244 0.012005 0.0220076 9.99298E-05 9.99298E-05 9.99298E-05 9.99298E-05 0.285936 9.99298E-05 0.117757
9.98948E-05 0.956857 9.98948E-05 9.98948E-05 9.98948E-05 9.98948E-05 9.98948E-05 9.98948E-05 9.98948E-05 9.98948E-05 9.98948E-05 0.0419448 9.98948E-05 9.98948E-05
9.99297E-05 0.424997 9.99297E-05 0.231416 0.0330935 0.0213504 9.99297E-05 9.99297E-05 9.99297E-05 9.99297E-05 9.99297E-05 0.23328 9.99297E-05 0.0550628
9.99124E-05 0.829965 9.99124E-05 9.99124E-05 0.0996247 9.99124E-05 9.99124E-05 9.99124E-05 0.0413684 9.99124E-05 0.0280429 9.99124E-05 9.99124E-05 9.99124E-05
9.99123E-05 0.631144 9.99123E-05 9.99123E-05 0.148688 0.0532353 9.99123E-05 9.99123E-05 9.99123E-05 9.99123E-05 9.99123E-05 0.165934 9.99123E-05 9.99123E-05
9.9921E-05 0.603914 0.106299 9.9921E-05 0.135124 9.9921E-05 9.9921E-05 0.109532 9.9921E-05 9.9921E-05 0.0442321 9.9921E-05 9.9921E-05 9.9921E-05
9.99385E-05 0.609911 9.99385E-05 0.130605 0.0444187 0.0316751 9.99385E-05 0.0867657 9.99385E-05 9.99385E-05 9.99385E-05 0.013338 9.99385E-05 0.0825871
9.99122E-05 0.269565 9.99122E-05 9.99122E-05 0.308765 9.99122E-05 9.99122E-05 9.99122E-05 9.99122E-05 9.99122E-05 0.214004 0.206666 9.99122E-05 9.99122E-05
9.99209E-05 0.612199 9.99209E-05 9.99209E-05 0.166582 0.0139243 9.99209E-05 9.99209E-05 9.99209E-05 9.99209E-05 9.99209E-05 0.175647 0.0307479 9.99209E-05
9.99472E-05 0.636284 0.0498671 9.99472E-05 0.130082 0.0161328 0.0317218 9.99472E-05 9.99472E-05 9.99472E-05 9.99472E-05 0.0915507 0.0143965 0.0293651
9.99121E-05 0.748534 9.99121E-05 9.99121E-05 0.00940003 9.99121E-05 0.164754 9.99121E-05 9.99121E-05 9.99121E-05 9.99121E-05 0.0763128 9.99121E-05 9.99121E-05
9.99122E-05 0.64997 9.99122E-05 9.99122E-05 0.212258 9.99122E-05 9.99122E-05 9.99122E-05 9.99122E-05 9.99122E-05 0.0912983 0.045474 9.99122E-05 9.99122E-05
9.98856E-05 9.98856E-05 9.98856E-05 9.98856E-05 9.98856E-05 9.98856E-05 9.98856E-05 9.98856E-05 9.98856E-05 9.98856E-05 9.98856E-05 0.998701 9.98856E-05 9.98856E-05
9.98857E-05 9.98857E-05 9.98857E-05 9.98857E-05 0.998701 9.98857E-05 9.98857E-05 9.98857E-05 9.98857E-05 9.98857E-05 9.98857E-05 9.98857E-05 9.98857E-05 9.98857E-05
9.98856E-05 9.98856E-05 9.98856E-05 9.98856E-05 9.98856E-05 9.98856E-05 9.98856E-05 9.98856E-05 9.98856E-05 9.98856E-05 9.98856E-05 0.998701 9.98856E-05 9.98856E-05
9.98856E-05 9.98856E-05 9.98856E-05 9.98856E-05 0.998701 9.98856E-05 9.98856E-05 9.98856E-05 9.98856E-05 9.98856E-05 9.98856E-05 9.98856E-05 9.98856E-05 9.98856E-05
9.98856E-05 9.98856E-05 9.98856E-05 9.98856E-05 0.998701 9.98856E-05 9.98856E-05 9.98856E-05 9.98856E-05 9.98856E-05 9.98856E-05 9.98856E-05 9.98856E-05 9.98856E-05
9.98857E-05 9.98857E-05 9.98857E-05 9.98857E-05 0.998701 9.98857E-05 9.98857E-05 9.98857E-05 9.98857E-05 9.98857E-05 9.98857E-05 9.98857E-05 9.98857E-05 9.98857E-05
9.98856E-05 9.98856E-05 9.98856E-05 9.98856E-05 9.98856E-05 9.98856E-05 9.98856E-05 9.98856E-05 9.98856E-05 9.98856E-05 9.98856E-05 0.998701 9.98856E-05 9.98856E-05
9.98856E-05 9.98856E-05 9.98856E-05 9.98856E-05 0.998701 9.98856E-05 9.98856E-05 9.98856E-05 9.98856E-05 9.98856E-05 9.98856E-05 9.98856E-05 9.98856E-05 9.98856E-05
9.98856E-05 9.98856E-05 9.98856E-05 9.98856E-05 0.998701 9.98856E-05 9.98856E-05 9.98856E-05 9.98856E-05 9.98856E-05 9.98856E-05 9.98856E-05 9.98856E-05 9.98856E-05
9.98856E-05 9.98856E-05 9.98856E-05 9.98856E-05 9.98856E-05 9.98856E-05 9.98856E-05 9.98856E-05 9.98856E-05 9.98856E-05 9.98856E-05 0.998701 9.98856E-05 9.98856E-05
9.98856E-05 9.98856E-05 9.98856E-05 9.98856E-05 9.98856E-05 9.98856E-05 9.98856E-05 9.98856E-05 9.98856E-05 9.98856E-05 9.98856E-05 0.998701 9.98856E-05 9.98856E-05
9.98856E-05 9.98856E-05 9.98856E-05 9.98856E-05 9.98856E-05 9.98856E-05 9.98856E-05 9.98856E-05 9.98856E-05 9.98856E-05 9.98856E-05 0.998701 9.98856E-05 9.98856E-05
9.98856E-05 9.98856E-05 9.98856E-05 9.98856E-05 0.998701 9.98856E-05 9.98856E-05 9.98856E-05 9.98856E-05 9.98856E-05 9.98856E-05 9.98856E-05 9.98856E-05 9.98856E-05
9.98857E-05 9.98857E-05 9.98857E-05 9.98857E-05 0.998701 9.98857E-05 9.98857E-05 9.98857E-05 9.98857E-05 9.98857E-05 9.98857E-05 9.98857E-05 9.98857E-05 9.98857E-05
9.98857E-05 9.98857E-05 9.98857E-05 9.98857E-05 9.98857E-05 9.98857E-05 9.98857E-05 9.98857E-05 9.98857E-05 9.98857E-05 9.98857E-05 0.998701 9.98857E-05 9.98857E-05
9.98856E-05 9.98856E-05 9.98856E-05 9.98856E-05 9.98856E-05 9.98856E-05 9.98856E-05 9.98856E-05 9.98856E-05 9.98856E-05 9.98856E-05 0.998701 9.98856E-05 9.98856E-05
0.0708135 0.322902 0.0296613 0.213323 0.139105 9.99385E-05 0.0313293 9.99385E-05 9.99385E-05 9.99385E-05 9.99385E-05 0.192167 9.99385E-05 9.99385E-05
9.98857E-05 9.98857E-05 9.98857E-05 9.98857E-05 9.98857E-05 9.98857E-05 9.98857E-05 9.98857E-05 9.98857E-05 9.98857E-05 9.98857E-05 0.998701 9.98857E-05 9.98857E-05
9.98856E-05 9.98856E-05 9.98856E-05 9.98856E-05 0.998701 9.98856E-05 9.98856E-05 9.98856E-05 9.98856E-05 9.98856E-05 9.98856E-05 9.98856E-05 9.98856E-05 9.98856E-05
9.98857E-05 9.98857E-05 9.98857E-05 9.98857E-05 9.98857E-05 9.98857E-05 9.98857E-05 9.98857E-05 9.98857E-05 9.98857E-05 9.98857E-05 0.998701 9.98857E-05 9.98857E-05
9.98856E-05 9.98856E-05 9.98856E-05 9.98856E-05 9.98856E-05 9.98856E-05 9.98856E-05 9.98856E-05 9.98856E-05 9.98856E-05 9.98856E-05 0.998701 9.98856E-05 9.98856E-05
9.98856E-05 9.98856E-05 9.98856E-05 9.98856E-05 9.98856E-05 9.98856E-05 9.98856E-05 9.98856E-05 9.98856E-05 9.98856E-05 9.98856E-05 0.998701 9.98856E-05 9.98856E-05
9.98856E-05 9.98856E-05 9.98856E-05 9.98856E-05 0.998701 9.98856E-05 9.98856E-05 9.98856E-05 9.98856E-05 9.98856E-05 9.98856E-05 9.98856E-05 9.98856E-05 9.98856E-05
9.98856E-05 9.98856E-05 9.98856E-05 9.98856E-05 9.98856E-05 9.98856E-05 9.98856E-05 9.98856E-05 9.98856E-05 9.98856E-05 9.98856E-05 0.998701 9.98856E-05 9.98856E-05
9.98856E-05 9.98856E-05 9.98856E-05 9.98856E-05 0.998701 9.98856E-05 9.98856E-05 9.98856E-05 9.98856E-05 9.98856E-05 9.98856E-05 9.98856E-05 9.98856E-05 9.98856E-05
9.98856E-05 9.98856E-05 9.98856E-05 9.98856E-05 9.98856E-05 9.98856E-05 9.98856E-05 9.98856E-05 9.98856E-05 9.98856E-05 9.98856E-05 0.998701 9.98856E-05 9.98856E-05
9.98855E-05 9.98855E-05 9.98855E-05 9.98855E-05 9.98855E-05 9.98855E-05 9.98855E-05 9.98855E-05 9.98855E-05 9.98855E-05 9.98855E-05 0.998701 9.98855E-05 9.98855E-05
9.98856E-05 9.98856E-05 9.98856E-05 9.98856E-05 0.998701 9.98856E-05 9.98856E-05 9.98856E-05 9.98856E-05 9.98856E-05 9.98856E-05 9.98856E-05 9.98856E-05 9.98856E-05
9.98857E-05 9.98857E-05 9.98857E-05 9.98857E-05 0.998701 9.98857E-05 9.98857E-05 9.98857E-05 9.98857E-05 9.98857E-05 9.98857E-05 9.98857E-05 9.98857E-05 9.98857E-05
9.98856E-05 9.98856E-05 9.98856E-05 9.98856E-05 0.998701 9.98856E-05 9.98856E-05 9.98856E-05 9.98856E-05 9.98856E-05 9.98856E-05 9.98856E-05 9.98856E-05 9.98856E-05
9.98856E-05 9.98856E-05 9.98856E-05 9.98856E-05 9.98856E-05 9.98856E-05 9.98856E-05 9.98856E-05 9.98856E-05 9.98856E-05 9.98856E-05 0.998701 9.98856E-05 9.98856E-05
9.98858E-05 9.98858E-05 9.98858E-05 9.98858E-05 9.98858E-05 9.98858E-05 9.98858E-05 9.98858E-05 9.98858E-05 9.98858E-05 9.98858E-05 0.998701 9.98858E-05 9.98858E-05
9.98856E-05 9.98856E-05 9.98856E-05 9.98856E-05 9.98856E-05 9.98856E-05 9.98856E-05 9.98856E-05 9.98856E-05 9.98856E-05 9.98856E-05 0.998701 9.98856E-05 9.98856E-05
9.98856E-05 9.98856E-05 9.98856E-05 9.98856E-05 9.98856E-05 9.98856E-05 9.98856E-05 9.98856E-05 9.98856E-05 9.98856E-05 9.98856E-05 0.998701 9.98856E-05 9.98856E-05
9.98856E-05 9.98856E-05 9.98856E-05 9.98856E-05 9.98856E-05 9.98856E-05 9.98856E-05 9.98856E-05 9.98856E-05 9.98856E-05 9.98856E-05 0.998701 9.98856E-05 9.98856E-05
9.98856E-05 9.98856E-05 9.98856E-05 9.98856E-05 0.998701 9.98856E-05 9.98856E-05 9.98856E-05 9.98856E-05 9.98856E-05 9.98856E-05 9.98856E-05 9.98856E-05 9.98856E-05
9.98856E-05 9.98856E-05 9.98856E-05 9.98856E-05 0.998701 9.98856E-05 9.98856E-05 9.98856E-05 9.98856E-05 9.98856E-05 9.98856E-05 9.98856E-05 9.98856E-05 9.98856E-05
9.98857E-05 9.98857E-05 9.98857E-05 9.98857E-05 0.998701 9.98857E-05 9.98857E-05 9.98857E-05 9.98857E-05 9.98857E-05 9.98857E-05 9.98857E-05 9.98857E-05 9.98857E-05
9.98856E-05 9.98856E-05 9.98856E-05 9.98856E-05 9.98856E-05 9.98856E-05 9.98856E-05 9.98856E-05 9.98856E-05 9.98856E-05 9.98856E-05 0.998701 9.98856E-05 9.98856E-05
9.98857E-05 9.98857E-05 9.98857E-05 9.98857E-05 0.998701 9.98857E-05 9.98857E-05 9.98857E-05 9.98857E-05 9.98857E-05 9.98857E-05 9.98857E-05 9.98857E-05 9.98857E-05
9.98856E-05 9.98856E-05 9.98856E-05 9.98856E-05 0.998701 9.98856E-05 9.98856E-05 9.98856E-05 9.98856E-05 9.98856E-05 9.98856E-05 9.98856E-05 9.98856E-05 9.98856E-05
9.98856E-05 9.98856E-05 9.98856E-05 9.98856E-05 0.998701 9.98856E-05 9.98856E-05 9.98856E-05 9.98856E-05 9.98856E-05 9.98856E-05 9.98856E-05 9.98856E-05 9.98856E-05
9.98858E-05 9.98858E-05 9.98858E-05 9.98858E-05 0.998701 9.98858E-05 9.98858E-05 9.98858E-05 9.98858E-05 9.98858E-05 9.98858E-05 9.98858E-05 9.98858E-05 9.98858E-05
9.98857E-05 9.98857E-05 9.98857E-05 9.98857E-05 9.98857E-05 9.98857E-05 9.98857E-05 9.98857E-05 9.98857E-05 9.98857E-05 9.98857E-05 0.998701 9.98857E-05 9.98857E-05
9.98856E-05 9.98856E-05 9.98856E-05 9.98856E-05 0.998701 9.98856E-05 9.98856E-05 9.98856E-05 9.98856E-05 9.98856E-05 9.98856E-05 9.98856E-05 9.98856E-05 9.98856E-05
9.98856E-05 9.98856E-05 9.98856E-05 9.98856E-05 0.998701 9.98856E-05 9.98856E-05 9.98856E-05 9.98856E-05 9.98856E-05 9.98856E-05 9.98856E-05 9.98856E-05 9.98856E-05
0.0733005 0.317673 0.0342895 0.208146 0.139947 9.99384E-05 0.0329359 9.99384E-05 9.99384E-05 9.99384E-05 9.99384E-05 0.193008 9.99384E-05 9.99384E-05
9.98856E-05 9.98856E-05 9.98856E-05 9.98856E-05 9.98856E-05 9.98856E-05 9.98856E-05 9.98856E-05 9.98856E-05 9.98856E-05 9.98856E-05 0.998701 9.98856E-05 9.98856E-05
9.98857E-05 9.98857E-05 9.98857E-05 9.98857E-05 0.998701 9.98857E-05 9.98857E-05 9.98857E-05 9.98857E-05 9.98857E-05 9.98857E-05 9.98857E-05 9.98857E-05 9.98857E-05
9.98856E-05 9.98856E-05 9.98856E-05 9.98856E-05 0.998701 9.98856E-05 9.98856E-05 9.98856E-05 9.98856E-05 9.98856E-05 9.98856E-05 9.98856E-05 9.98856E-05 9.98856E-05
9.98857E-05 9.98857E-05 9.98857E-05 9.98857E-05 0.998701 9.98857E-05 9.98857E-05 9.98857E-05 9.98857E-05 9.98857E-05 9.98857E-05 9.98857E-05 9.98857E-05 9.98857E-05
9.98857E-05 9.98857E-05 9.98857E-05 9.98857E-05 0.998701 9.98857E-05 9.98857E-05 9.98857E-05 9.98857E-05 9.98857E-05 9.98857E-05 9.98857E-05 9.98857E-05 9.98857E-05
9.98856E-05 9.98856E-05 9.98856E-05 9.98856E-05 9.98856E-05 9.98856E-05 9.98856E-05 9.98856E-05 9.98856E-05 9.98856E-05 9.98856E-05 0.998701 9.98856E-05 9.98856E-05
9.98856E-05 9.98856E-05 9.98856E-05 9.98856E-05 0.998701 9.98856E-05 9.98856E-05 9.98856E-05 9.98856E-05 9.98856E-05 9.98856E-05 9.98856E-05 9.98856E-05 9.98856E-05
9.98856E-05 9.98856E-05 9.98856E-05 9.98856E-05 9.98856E-05 9.98856E-05 9.98856E-05 9.98856E-05 9.98856E-05 9.98856E-05 9.98856E-05 0.998701 9.98856E-05 9.98856E-05
9.98857E-05 9.98857E-05 9.98857E-05 9.98857E-05 0.998701 9.98857E-05 9.98857E-05 9.98857E-05 9.98857E-05 9.98857E-05 9.98857E-05 9.98857E-05 9.98857E-05 9.98857E-05
9.98856E-05 9.98856E-05 9.98856E-05 9.98856E-05 9.98856E-05 9.98856E-05 9.98856E-05 9.98856E-05 9.98856E-05 9.98856E-05 9.98856E-05 0.998701 9.98856E-05 9.98856E-05
9.98856E-05 9.98856E-05 9.98856E-05 9.98856E-05 0.998701 9.98856E-05 9.98856E-05 9.98856E-05 9.98856E-05 9.98856E-05 9.98856E-05 9.98856E-05 9.98856E-05 9.98856E-05
9.98856E-05 9.98856E-05 9.98856E-05 9.98856E-05 0.998701 9.98856E-05 9.98856E-05 9.98856E-05 9.98856E-05 9.98856E-05 9.98856E-05 9.98856E-05 9.98856E-05 9.98856E-05
9.98856E-05 9.98856E-05 9.98856E-05 9.98856E-05 0.998701 9.98856E-05 9.98856E-05 9.98856E-05 9.98856E-05 9.98856E-05 9.98856E-05 9.98856E-05 9.98856E-05 9.98856E-05
9.98857E-05 9.98857E-05 9.98857E-05 9.98857E-05 0.998701 9.98857E-05 9.98857E-05 9.98857E-05 9.98857E-05 9.98857E-05 9.98857E-05 9.98857E-05 9.98857E-05 9.98857E-05
9.98857E-05 9.98857E-05 9.98857E-05 9.98857E-05 0.998701 9.98857E-05 9.98857E-05 9.98857E-05 9.98857E-05 9.98857E-05 9.98857E-05 9.98857E-05 9.98857E-05 9.98857E-05
9.98856E-05 9.98856E-05 9.98856E-05 9.98856E-05 0.998701 9.98856E-05 9.98856E-05 9.98856E-05 9.98856E-05 9.98856E-05 9.98856E-05 9.98856E-05 9.98856E-05 9.98856E-05
9.98856E-05 9.98856E-05 9.98856E-05 9.98856E-05 9.98856E-05 9.98856E-05 9.98856E-05 9.98856E-05 9.98856E-05 9.98856E-05 9.98856E-05 0.998701 9.98856E-05 9.98856E-05
9.98856E-05 9.98856E-05 9.98856E-05 9.98856E-05 9.98856E-05 9.98856E-05 9.98856E-05 9.98856E-05 9.98856E-05 9.98856E-05 9.98856E-05 0.998701 9.98856E-05 9.98856E-05
9.98857E-05 9.98857E-05 9.98857E-05 9.98857E-05 9.98857E-05 9.98857E-05 9.98857E-05 9.98857E-05 9.98857E-05 9.98857E-05 9.98857E-05 0.998701 9.98857E-05 9.98857E-05
9.98856E-05 9.98856E-05 9.98856E-05 9.98856E-05 0.998701 9.98856E-05 9.98856E-05 9.98856E-05 9.98856E-05 9.98856E-05 9.98856E-05 9.98856E-05 9.98856E-05 9.98856E-05
9.98856E-05 9.98856E-05 9.98856E-05 9.98856E-05 9.98856E-05 9.98856E-05 9.98856E-05 9.98856E-05 9.98856E-05 9.98856E-05 9.98856E-05 0.998701 9.98856E-05 9.98856E-05
9.98856E-05 9.98856E-05 9.98856E-05 9.98856E-05 9.98856E-05 9.98856E-05 9.98856E-05 9.98856E-05 9.98856E-05 9.98856E-05 9.98856E-05 0.998701 9.98856E-05 9.98856E-05
9.98856E-05 9.98856E-05 9.98856E-05 9.98856E-05 9.98856E-05 9.98856E-05 9.98856E-05 9.98856E-05 9.98856E-05 9.98856E-05 9.98856E-05 0.998701 9.98856E-05 9.98856E-05
9.98856E-05 9.98856E-05 9.98856E-05 9.98856E-05 0.998701 9.98856E-05 9.98856E-05 9.98856E-05 9.98856E-05 9.98856E-05 9.98856E-05 9.98856E-05 9.98856E-05 9.98856E-05
9.98856E-05 9.98856E-05 9.98856E-05 9.98856E-05 0.998701 9.98856E-05 9.98856E-05 9.98856E-05 9.98856E-05 9.98856E-05 9.98856E-05 9.98856E-05 9.98856E-05 9.98856E-05
9.98857E-05 9.98857E-05 9.98857E-05 9.98857E-05 0.998701 9.98857E-05 9.98857E-05 9.98857E-05 9.98857E-05 9.98857E-05 9.98857E-05 9.98857E-05 9.98857E-05 9.98857E-05
9.98856E-05 9.98856E-05 9.98856E-05 9.98856E-05 9.98856E-05 9.98856E-05 9.98856E-05 9.98856E-05 9.98856E-05 9.98856E-05 9.98856E-05 0.998701 9.98856E-05 9.98856E-05
9.98856E-05 9.98856E-05 9.98856E-05 9.98856E-05 0.998701 9.98856E-05 9.98856E-05 9.98856E-05 9.98856E-05 9.98856E-05 9.98856E-05 9.98856E-05 9.98856E-05 9.98856E-05
9.98857E-05 9.98857E-05 9.98857E-05 9.98857E-05 0.998701 9.98857E-05 9.98857E-05 9.98857E-05 9.98857E-05 9.98857E-05 9.98857E-05 9.98857E-05 9.98857E-05 9.98857E-05
9.98856E-05 9.98856E-05 9.98856E-05 9.98856E-05 9.98856E-05 9.98856E-05 9.98856E-05 9.98856E-05 9.98856E-05 9.98856E-05 9.98856E-05 0.998701 9.98856E-05 9.98856E-05
9.98857E-05 9.98857E-05 9.98857E-05 9.98857E-05 0.998701 9.98857E-05 9.98857E-05 9.98857E-05 9.98857E-05 9.98857E-05 9.98857E-05 9.98857E-05 9.98857E-05 9.98857E-05
9.98856E-05 9.98856E-05 9.98856E-05 9.98856E-05 0.998701 9.98856E-05 9.98856E-05 9.98856E-05 9.98856E-05 9.98856E-05 9.98856E-05 9.98856E-05 9.98856E-05 9.98856E-05
9.99472E-05 0.0836379 0.0871028 9.99472E-05 0.101549 0.109819 0.0727765 0.0748281 9.99472E-05 9.99472E-05 0.102861 0.366825 9.99472E-05 9.99472E-05
9.98856E-05 9.98856E-05 9.98856E-05 9.98856E-05 9.98856E-05 9.98856E-05 9.98856E-05 9.98856E-05 9.98856E-05 9.98856E-05 9.98856E-05 0.998701 9.98856E-05 9.98856E-05
9.98857E-05 9.98857E-05 9.98857E-05 9.98857E-05 0.998701 9.98857E-05 9.98857E-05 9.98857E-05 9.98857E-05 9.98857E-05 9.98857E-05 9.98857E-05 9.98857E-05 9.98857E-05
0.0349246 0.300346 9.99298E-05 9.99298E-05 0.4883 0.0343818 9.99298E-05 9.99298E-05 9.99298E-05 9.99298E-05 9.99298E-05 0.0204526 0.120795 9.99298E-05
0.0169747 0.344846 9.99385E-05 0.0960099 0.260779 9.99385E-05 0.0383282 9.99385E-05 9.99385E-05 9.99385E-05 9.99385E-05 0.230705 0.0116576 9.99385E-05
0.0379247 0.318701 9.99122E-05 9.99122E-05 0.149116 9.99122E-05 9.99122E-05 9.99122E-05 9.99122E-05 9.99122E-05 9.99122E-05 0.493259 9.99122E-05 9.99122E-05
9.99032E-05 0.558897 9.99032E-05 0.247008 9.99032E-05 9.99032E-05 9.99032E-05 9.99032E-05 9.99032E-05 9.99032E-05 9.99032E-05 0.192995 9.99032E-05 9.99032E-05
9.99121E-05 0.256056 9.99121E-05 9.99121E-05 0.280807 9.99121E-05 9.99121E-05 9.99121E-05 9.99121E-05 9.99121E-05 0.162568 0.29957 9.99121E-05 9.99121E-05
9.99037E-05 0.820454 9.99037E-05 9.99037E-05 0.0866053 9.99037E-05 9.99037E-05 9.99037E-05 0.0918421 9.99037E-05 9.99037E-05 9.99037E-05 9.99037E-05 9.99037E-05
9.99297E-05 0.133976 9.99297E-05 0.101963 0.299392 9.99297E-05 9.99297E-05 9.99297E-05 9.99297E-05 9.99297E-05 0.00289462 0.113069 9.99297E-05 0.347906
0.0701989 0.52436 9.99385E-05 9.99385E-05 0.146105 0.093347 9.99385E-05 0.0507312 9.99385E-05 9.99385E-05 9.99385E-05 0.0846201 9.99385E-05 0.0299384
9.99123E-05 0.737682 9.99123E-05 9.99123E-05 0.233965 9.99123E-05 0.0122894 0.0150646 9.99123E-05 9.99123E-05 9.99123E-05 9.99123E-05 9.99123E-05 9.99123E-05
0.0589274 0.627031 9.99209E-05 0.0141458 9.99209E-05 9.99209E-05 9.99209E-05 9.99209E-05 9.99209E-05 9.99209E-05 9.99209E-05 0.157957 9.99209E-05 0.141039
9.99297E-05 0.527127 9.99297E-05 0.0273444 0.0893445 0.060048 9.99297E-05 9.99297E-05 0.0177438 9.99297E-05 9.99297E-05 0.277592 9.99297E-05 9.99297E-05
9.99121E-05 0.341501 9.99121E-05 9.99121E-05 0.500972 9.99121E-05 9.99121E-05 9.99121E-05 9.99121E-05 9.99121E-05 9.99121E-05 0.0627901 9.99121E-05 0.093738
9.99473E-05 0.156085 0.0445891 0.152118 0.267618 9.99473E-05 9.99473E-05 0.0490045 9.99473E-05 9.99473E-05 0.0359699 0.252096 9.99473E-05 0.0419192
0.00199763 0.676984 9.99209E-05 9.99209E-05 0.0629393 9.99209E-05 9.99209E-05 0.214138 9.99209E-05 9.99209E-05 9.99209E-05 9.99209E-05 0.0430421 9.99209E-05
9.99121E-05 0.502766 9.99121E-05 9.99121E-05 0.149161 0.0797472 9.99121E-05 9.99121E-05 9.99121E-05 9.99121E-05 9.99121E-05 0.267327 9.99121E-05 9.99121E-05
9.99385E-05 0.281408 9.99385E-05 9.99385E-05 0.268392 0.0191937 9.99385E-05 9.99385E-05 9.99385E-05 9.99385E-05 0.0956694 0.144411 0.0163083 0.173917
0.0662872 0.527057 9.99298E-05 9.99298E-05 0.171752 9.99298E-05 0.027447 9.99298E-05 9.99298E-05 9.99298E-05 0.0733634 0.133294 9.99298E-05 9.99298E-05
9.99473E-05 0.293514 0.0468115 9.99473E-05 0.061733 0.0964862 9.99473E-05 0.0204363 9.99473E-05 9.99473E-05 0.0270325 0.417 9.99473E-05 0.0363872
9.99384E-05 0.412039 9.99384E-05 9.99384E-05 0.111121 0.0221782 0.0895619 9.99384E-05 9.99384E-05 9.99384E-05 0.253073 9.99384E-05 0.0551461 0.0561809
0.0638982 0.37231 9.99209E-05 9.99209E-05 0.221191 9.99209E-05 9.99209E-05 9.99209E-05 9.99209E-05 9.99209E-05 9.99209E-05 0.228289 0.113413 9.99209E-05
9.99384E-05 0.518363 9.99384E-05 0.00209027 0.105449 9.99384E-05 0.0669829 9.99384E-05 9.99384E-05 9.99384E-05 0.131414 0.0641581 0.110844 9.99384E-05
9.99265E-05 0.529748 0.0620677 9.99265E-05 0.243083 9.99265E-05 9.99265E-05 9.99265E-05 9.99265E-05 9.99265E-05 9.99265E-05 9.99265E-05 0.0792939 0.0849083
9.99385E-05 0.361292 0.105409 9.99385E-05 0.213167 0.0304012 0.0335086 0.012144 9.99385E-05 9.99385E-05 9.99385E-05 0.243378 9.99385E-05 9.99385E-05
9.99296E-05 0.514061 9.99296E-05 9.99296E-05 0.208107 9.99296E-05 9.99296E-05 0.00506367 9.99296E-05 9.99296E-05 9.99296E-05 0.193527 0.0305309 0.0479101
