9.98683E-05 0.0852103 0.0208328 0.259337 0.0213269 9.98683E-05 9.98683E-05 0.00839208 9.98683E-05 9.98683E-05 0.391941 9.98683E-05 9.98683E-05 0.106198 9.98683E-05 9.98683E-05 9.98683E-05 9.98683E-05 9.98683E-05 9.98683E-05 9.98683E-05 0.105264 9.98683E-05
9.98333E-05 9.98333E-05 9.98333E-05 0.155236 9.98333E-05 9.98333E-05 9.98333E-05 9.98333E-05 0.440529 9.98333E-05 0.322225 9.98333E-05 9.98333E-05 0.0801132 9.98333E-05 9.98333E-05 9.98333E-05 9.98333E-05 9.98333E-05 9.98333E-05 9.98333E-05 9.98333E-05 9.98333E-05
9.98159E-05 9.98159E-05 9.98159E-05 9.98159E-05 9.98159E-05 9.98159E-05 9.98159E-05 9.98159E-05 9.98159E-05 0.0448079 0.953096 9.98159E-05 9.98159E-05 9.98159E-05 9.98159E-05 9.98159E-05 9.98159E-05 9.98159E-05 9.98159E-05 9.98159E-05 9.98159E-05 9.98159E-05 9.98159E-05
0.141375 9.98772E-05 0.00580539 9.98772E-05 9.98772E-05 9.98772E-05 9.98772E-05 0.0312642 0.270097 9.98772E-05 9.98772E-05 9.98772E-05 0.0206259 9.98772E-05 9.98772E-05 0.268218 9.98772E-05 0.0234944 9.98772E-05 0.108073 9.98772E-05 0.129649 9.98772E-05
9.98508E-05 9.98508E-05 9.98508E-05 9.98508E-05 9.98508E-05 9.98508E-05 0.0512277 9.98508E-05 0.795584 0.0222036 0.0822224 9.98508E-05 0.0447542 9.98508E-05 9.98508E-05 9.98508E-05 9.98508E-05 0.00231114 9.98508E-05 9.98508E-05 9.98508E-05 9.98508E-05 9.98508E-05
0.142678 0.0312995 9.9886E-05 0.201951 0.00433658 9.9886E-05 9.9886E-05 9.9886E-05 9.9886E-05 0.0826679 0.219339 9.9886E-05 0.0773545 9.9886E-05 9.9886E-05 9.9886E-05 0.0212132 0.185175 0.0326867 9.9886E-05 9.9886E-05 9.9886E-05 9.9886E-05
9.9886E-05 9.9886E-05 0.108139 0.13974 0.0693918 9.9886E-05 9.9886E-05 0.0993155 0.291573 9.9886E-05 9.9886E-05 9.9886E-05 0.0480302 0.0653137 9.9886E-05 0.0719663 9.9886E-05 9.9886E-05 0.0198892 9.9886E-05 9.9886E-05 0.0853431 9.9886E-05
9.98947E-05 0.043937 9.98947E-05 0.0926931 0.126204 9.98947E-05 0.0181438 9.98947E-05 0.265044 0.0300921 9.98947E-05 9.98947E-05 0.087426 9.98947E-05 9.98947E-05 9.98947E-05 0.00508328 0.142321 0.0263653 9.98947E-05 9.98947E-05 0.161492 9.98947E-05
0.0290859 9.98596E-05 0.0904549 9.98596E-05 9.98596E-05 9.98596E-05 0.223107 9.98596E-05 9.98596E-05 9.98596E-05 0.23288 9.98596E-05 9.98596E-05 9.98596E-05 9.98596E-05 9.98596E-05 9.98596E-05 0.18024 9.98596E-05 9.98596E-05 9.98596E-05 0.0452097 0.197424
9.98158E-05 9.98158E-05 0.0328679 9.98158E-05 9.98158E-05 9.98158E-05 9.98158E-05 9.98158E-05 9.98158E-05 9.98158E-05 0.965036 9.98158E-05 9.98158E-05 9.98158E-05 9.98158E-05 9.98158E-05 9.98158E-05 9.98158E-05 9.98158E-05 9.98158E-05 9.98158E-05 9.98158E-05 9.98158E-05
9.98508E-05 9.98508E-05 0.154254 0.0166634 9.98508E-05 9.98508E-05 9.98508E-05 0.135846 9.98508E-05 9.98508E-05 0.618582 9.98508E-05 9.98508E-05 9.98508E-05 9.98508E-05 9.98508E-05 9.98508E-05 0.00853014 9.98508E-05 9.98508E-05 9.98508E-05 0.0644268 9.98508E-05
9.98071E-05 9.98071E-05 9.98071E-05 9.98071E-05 9.98071E-05 9.98071E-05 9.98071E-05 9.98071E-05 9.98071E-05 9.98071E-05 0.997804 9.98071E-05 9.98071E-05 9.98071E-05 9.98071E-05 9.98071E-05 9.98071E-05 9.98071E-05 9.98071E-05 9.98071E-05 9.98071E-05 9.98071E-05 9.98071E-05
9.98334E-05 9.98334E-05 0.0205766 9.98334E-05 9.98334E-05 9.98334E-05 9.98334E-05 9.98334E-05 0.833229 9.98334E-05 9.98334E-05 9.98334E-05 0.00928823 9.98334E-05 9.98334E-05 9.98334E-05 9.98334E-05 9.98334E-05 9.98334E-05 9.98334E-05 9.98334E-05 0.135009 9.98334E-05
0.0191099 9.98509E-05 0.0412773 9.98509E-05 9.98509E-05 0.0609655 9.98509E-05 0.0403616 0.772413 9.98509E-05 9.98509E-05 0.0641751 9.98509E-05 9.98509E-05 9.98509E-05 9.98509E-05 9.98509E-05 9.98509E-05 9.98509E-05 9.98509E-05 9.98509E-05 9.98509E-05 9.98509E-05
0.0656989 9.98685E-05 0.097005 0.254733 0.0192519 9.98685E-05 9.98685E-05 9.98685E-05 9.98685E-05 9.98685E-05 0.287089 0.0572924 9.98685E-05 9.98685E-05 9.98685E-05 9.98685E-05 9.98685E-05 0.128744 9.98685E-05 9.98685E-05 0.0886879 9.98685E-05 9.98685E-05
9.98859E-05 9.98859E-05 0.0871606 0.183752 9.98859E-05 9.98859E-05 0.0278601 9.98859E-05 0.119332 9.98859E-05 0.098354 9.98859E-05 9.98859E-05 9.98859E-05 9.98859E-05 0.0910425 0.0957185 0.17861 0.0586591 9.98859E-05 9.98859E-05 0.0582128 9.98859E-05
9.98685E-05 0.0555051 0.064413 9.98685E-05 9.98685E-05 0.00271466 9.98685E-05 0.000894127 0.282127 9.98685E-05 0.288029 9.98685E-05 9.98685E-05 0.117526 9.98685E-05 9.98685E-05 9.98685E-05 9.98685E-05 9.98685E-05 9.98685E-05 0.187293 9.98685E-05 9.98685E-05
0.0772511 9.98772E-05 0.113134 0.210737 9.98772E-05 9.98772E-05 9.98772E-05 9.98772E-05 9.98772E-05 9.98772E-05 0.180654 9.98772E-05 9.98772E-05 9.98772E-05 0.0863391 9.98772E-05 9.98772E-05 0.0230658 9.98772E-05 0.0970155 9.98772E-05 0.15031 0.0600954
9.9842E-05 9.9842E-05 0.178128 9.9842E-05 9.9842E-05 9.9842E-05 9.9842E-05 9.9842E-05 9.9842E-05 9.9842E-05 0.439053 9.9842E-05 0.128981 9.9842E-05 9.9842E-05 9.9842E-05 9.9842E-05 0.132148 9.9842E-05 9.9842E-05 9.9842E-05 0.119893 9.9842E-05
9.98246E-05 9.98246E-05 9.98246E-05 9.98246E-05 9.98246E-05 9.98246E-05 9.98246E-05 9.98246E-05 0.674237 9.98246E-05 0.242967 9.98246E-05 9.98246E-05 9.98246E-05 9.98246E-05 9.98246E-05 9.98246E-05 9.98246E-05 9.98246E-05 0.0807995 9.98246E-05 9.98246E-05 9.98246E-05
9.98683E-05 9.98683E-05 0.0329791 9.98683E-05 9.98683E-05 9.98683E-05 0.263795 0.0385565 0.540239 9.98683E-05 9.98683E-05 0.00659981 9.98683E-05 9.98683E-05 9.98683E-05 9.98683E-05 0.0174825 0.0762718 9.98683E-05 9.98683E-05 9.98683E-05 9.98683E-05 0.0225786
0.0560921 9.98684E-05 9.98684E-05 9.98684E-05 0.0289984 9.98684E-05 9.98684E-05 9.98684E-05 9.98684E-05 0.0804523 0.274463 9.98684E-05 0.0689588 9.98684E-05 9.98684E-05 9.98684E-05 0.0241546 0.0969345 9.98684E-05 9.98684E-05 9.98684E-05 0.368448 9.98684E-05
9.98333E-05 9.98333E-05 0.160369 0.150135 9.98333E-05 9.98333E-05 9.98333E-05 0.0366563 0.650942 9.98333E-05 9.98333E-05 9.98333E-05 9.98333E-05 9.98333E-05 9.98333E-05 9.98333E-05 9.98333E-05 9.98333E-05 9.98333E-05 9.98333E-05 9.98333E-05 9.98333E-05 9.98333E-05
9.9842E-05 9.9842E-05 0.234462 9.9842E-05 9.9842E-05 9.9842E-05 9.9842E-05 9.9842E-05 0.25027 9.9842E-05 0.161928 9.9842E-05 9.9842E-05 9.9842E-05 9.9842E-05 9.9842E-05 9.9842E-05 9.9842E-05 9.9842E-05 9.9842E-05 9.9842E-05 0.305665 0.0458771
0.164284 9.98771E-05 0.253919 9.98771E-05 9.98771E-05 9.98771E-05 9.98771E-05 0.0359543 0.0258399 9.98771E-05 0.255442 0.129976 9.98771E-05 9.98771E-05 9.98771E-05 9.98771E-05 9.98771E-05 0.0304301 9.98771E-05 0.0368072 9.98771E-05 0.0659497 9.98771E-05
0.00341353 9.99035E-05 0.112184 9.99035E-05 9.99035E-05 9.99035E-05 0.000509098 0.0108906 0.163095 0.0244913 0.605585 9.99035E-05 9.99035E-05 9.99035E-05 9.99035E-05 0.0225906 0.0059699 0.00625599 0.0132009 9.99035E-05 9.99035E-05 0.0307153 9.99035E-05
0.307601 9.98509E-05 0.0814174 9.98509E-05 9.98509E-05 9.98509E-05 9.98509E-05 9.98509E-05 9.98509E-05 9.98509E-05 0.0467841 9.98509E-05 9.98509E-05 9.98509E-05 0.119857 9.98509E-05 9.98509E-05 9.98509E-05 0.0230024 9.98509E-05 9.98509E-05 0.41964 9.98509E-05
9.98334E-05 9.98334E-05 0.0107404 9.98334E-05 9.98334E-05 9.98334E-05 9.98334E-05 9.98334E-05 0.73257 9.98334E-05 9.98334E-05 9.98334E-05 9.98334E-05 9.98334E-05 9.98334E-05 0.145204 9.98334E-05 9.98334E-05 9.98334E-05 9.98334E-05 9.98334E-05 0.109588 9.98334E-05
0.0246994 9.98597E-05 0.196131 0.0630014 9.98597E-05 9.98597E-05 9.98597E-05 0.0135684 9.98597E-05 9.98597E-05 0.646593 9.98597E-05 9.98597E-05 9.98597E-05 9.98597E-05 9.98597E-05 9.98597E-05 9.98597E-05 9.98597E-05 9.98597E-05 9.98597E-05 0.0303095 0.0240991
9.9816E-05 9.9816E-05 9.9816E-05 9.9816E-05 9.9816E-05 9.9816E-05 9.9816E-05 9.9816E-05 9.9816E-05 9.9816E-05 0.790396 9.9816E-05 9.9816E-05 9.9816E-05 9.9816E-05 9.9816E-05 9.9816E-05 9.9816E-05 9.9816E-05 9.9816E-05 0.207507 9.9816E-05 9.9816E-05
9.98771E-05 9.98771E-05 9.98771E-05 0.0755961 9.98771E-05 9.98771E-05 9.98771E-05 9.98771E-05 0.0378598 9.98771E-05 0.606031 0.0916517 0.0388923 9.98771E-05 0.0251602 9.98771E-05 9.98771E-05 0.0729184 9.98771E-05 0.0381836 9.98771E-05 9.98771E-05 0.0123086
0.167366 9.98509E-05 0.0859166 9.98509E-05 9.98509E-05 9.98509E-05 9.98509E-05 0.0551675 0.629001 9.98509E-05 9.98509E-05 9.98509E-05 0.0452392 9.98509E-05 9.98509E-05 9.98509E-05 9.98509E-05 9.98509E-05 9.98509E-05 9.98509E-05 9.98509E-05 0.0156123 9.98509E-05
0.0192981 9.98683E-05 0.144127 9.98683E-05 9.98683E-05 9.98683E-05 9.98683E-05 0.120475 0.101869 9.98683E-05 0.392801 9.98683E-05 9.98683E-05 9.98683E-05 9.98683E-05 0.0067651 9.98683E-05 9.98683E-05 0.0829066 9.98683E-05 9.98683E-05 0.13026 9.98683E-05
0.146313 9.98684E-05 0.0953567 9.98684E-05 9.98684E-05 0.0364866 9.98684E-05 9.98684E-05 9.98684E-05 9.98684E-05 0.561539 9.98684E-05 0.00351108 9.98684E-05 0.0225968 9.98684E-05 9.98684E-05 9.98684E-05 0.0234405 9.98684E-05 9.98684E-05 0.109258 9.98684E-05
9.9851E-05 9.9851E-05 9.9851E-05 9.9851E-05 9.9851E-05 9.9851E-05 9.9851E-05 0.0660191 9.9851E-05 9.9851E-05 0.853857 9.9851E-05 9.9851E-05 0.0379883 0.00292133 9.9851E-05 9.9851E-05 9.9851E-05 9.9851E-05 0.0309542 9.9851E-05 0.00656301 9.9851E-05
9.98685E-05 0.00639042 9.98685E-05 0.0127003 9.98685E-05 9.98685E-05 9.98685E-05 9.98685E-05 9.98685E-05 9.98685E-05 0.674951 9.98685E-05 9.98685E-05 0.0443205 9.98685E-05 0.13056 9.98685E-05 9.98685E-05 9.98685E-05 0.0047014 9.98685E-05 0.0363237 0.0885538
9.98335E-05 9.98335E-05 9.98335E-05 9.98335E-05 9.98335E-05 9.98335E-05 9.98335E-05 0.000644877 0.856126 9.98335E-05 9.98335E-05 9.98335E-05 0.136135 9.98335E-05 9.98335E-05 9.98335E-05 9.98335E-05 9.98335E-05 9.98335E-05 9.98335E-05 9.98335E-05 0.00519729 9.98335E-05
9.9851E-05 9.9851E-05 0.0929495 9.9851E-05 9.9851E-05 9.9851E-05 9.9851E-05 9.9851E-05 0.448901 9.9851E-05 0.24695 9.9851E-05 9.9851E-05 9.9851E-05 9.9851E-05 9.9851E-05 9.9851E-05 0.114455 9.9851E-05 0.052203 0.0428443 9.9851E-05 9.9851E-05
9.98685E-05 9.98685E-05 0.152047 9.98685E-05 9.98685E-05 9.98685E-05 9.98685E-05 0.00226476 9.98685E-05 0.0391881 0.562974 9.98685E-05 0.0339461 0.0544241 9.98685E-05 9.98685E-05 9.98685E-05 0.0188189 9.98685E-05 9.98685E-05 0.134838 9.98685E-05 9.98685E-05
0.17866 9.98597E-05 0.132547 9.98597E-05 9.98597E-05 0.0137633 9.98597E-05 9.98597E-05 0.350529 9.98597E-05 0.159066 9.98597E-05 0.0457158 9.98597E-05 9.98597E-05 9.98597E-05 9.98597E-05 9.98597E-05 0.118121 9.98597E-05 9.98597E-05 9.98597E-05 9.98597E-05
9.98158E-05 9.98158E-05 9.98158E-05 9.98158E-05 9.98158E-05 9.98158E-05 9.98158E-05 9.98158E-05 9.98158E-05 9.98158E-05 0.988227 9.98158E-05 9.98158E-05 9.98158E-05 9.98158E-05 9.98158E-05 9.98158E-05 9.98158E-05 9.98158E-05 9.98158E-05 9.98158E-05 0.00967651 9.98158E-05
9.98422E-05 9.98422E-05 0.0338481 9.98422E-05 9.98422E-05 9.98422E-05 9.98422E-05 9.98422E-05 9.98422E-05 9.98422E-05 0.679362 9.98422E-05 9.98422E-05 9.98422E-05 9.98422E-05 9.98422E-05 9.98422E-05 0.0516283 9.98422E-05 9.98422E-05 9.98422E-05 0.190183 0.0431805
9.9842E-05 9.9842E-05 9.9842E-05 9.9842E-05 9.9842E-05 0.00679401 9.9842E-05 9.9842E-05 0.872101 9.9842E-05 9.9842E-05 9.9842E-05 0.0113968 9.9842E-05 9.9842E-05 9.9842E-05 9.9842E-05 9.9842E-05 9.9842E-05 9.9842E-05 0.0379903 0.0699206 9.9842E-05
9.98597E-05 9.98597E-05 0.13933 0.0740409 9.98597E-05 9.98597E-05 9.98597E-05 0.107261 9.98597E-05 9.98597E-05 0.488058 9.98597E-05 9.98597E-05 9.98597E-05 0.0214194 9.98597E-05 9.98597E-05 0.128341 9.98597E-05 9.98597E-05 9.98597E-05 0.0399516 9.98597E-05
9.9851E-05 9.9851E-05 0.17294 9.9851E-05 9.9851E-05 9.9851E-05 9.9851E-05 9.9851E-05 0.0704543 9.9851E-05 0.215949 9.9851E-05 0.154384 9.9851E-05 9.9851E-05 0.0299831 9.9851E-05 9.9851E-05 9.9851E-05 9.9851E-05 9.9851E-05 0.354592 9.9851E-05
9.98419E-05 9.98419E-05 9.98419E-05 9.98419E-05 9.98419E-05 9.98419E-05 9.98419E-05 9.98419E-05 9.98419E-05 9.98419E-05 0.882788 9.98419E-05 0.0781148 0.0111875 9.98419E-05 9.98419E-05 0.0139383 0.012174 9.98419E-05 9.98419E-05 9.98419E-05 9.98419E-05 9.98419E-05
9.98245E-05 9.98245E-05 0.0667667 9.98245E-05 9.98245E-05 9.98245E-05 9.98245E-05 9.98245E-05 0.899108 9.98245E-05 9.98245E-05 9.98245E-05 9.98245E-05 9.98245E-05 9.98245E-05 0.0321288 9.98245E-05 9.98245E-05 9.98245E-05 9.98245E-05 9.98245E-05 9.98245E-05 9.98245E-05
9.98246E-05 9.98246E-05 9.98246E-05 0.00799283 9.98246E-05 9.98246E-05 9.98246E-05 9.98246E-05 9.98246E-05 0.00278814 0.987223 9.98246E-05 9.98246E-05 9.98246E-05 9.98246E-05 9.98246E-05 9.98246E-05 9.98246E-05 9.98246E-05 9.98246E-05 9.98246E-05 9.98246E-05 9.98246E-05
0.0224093 9.98508E-05 0.174416 9.98508E-05 9.98508E-05 9.98508E-05 9.98508E-05 0.0258841 0.587156 9.98508E-05 9.98508E-05 9.98508E-05 0.0330757 9.98508E-05 9.98508E-05 9.98508E-05 9.98508E-05 9.98508E-05 9.98508E-05 9.98508E-05 9.98508E-05 0.155362 9.98508E-05
9.9851E-05 9.9851E-05 9.9851E-05 9.9851E-05 9.9851E-05 9.9851E-05 9.9851E-05 0.013414 0.836263 0.0178226 9.9851E-05 9.9851E-05 0.101272 9.9851E-05 9.9851E-05 9.9851E-05 0.0151449 0.0143854 9.9851E-05 9.9851E-05 9.9851E-05 9.9851E-05 9.9851E-05
0.118278 9.98859E-05 0.213876 0.0526864 9.98859E-05 9.98859E-05 9.98859E-05 0.0634623 0.372767 9.98859E-05 9.98859E-05 9.98859E-05 9.98859E-05 9.98859E-05 9.98859E-05 0.0381906 9.98859E-05 0.0390884 0.0323482 9.98859E-05 9.98859E-05 0.0151511 0.0528537
0.0367862 9.98685E-05 9.98685E-05 9.98685E-05 9.98685E-05 9.98685E-05 0.0236574 9.98685E-05 9.98685E-05 9.98685E-05 0.659633 9.98685E-05 9.98685E-05 9.98685E-05 9.98685E-05 0.0197959 0.141663 0.00399595 9.98685E-05 0.0438762 9.98685E-05 0.0690936 9.98685E-05
9.9816E-05 9.9816E-05 9.9816E-05 9.9816E-05 0.0617945 9.9816E-05 9.9816E-05 9.9816E-05 9.9816E-05 9.9816E-05 0.936109 9.9816E-05 9.9816E-05 9.9816E-05 9.9816E-05 9.9816E-05 9.9816E-05 9.9816E-05 9.9816E-05 9.9816E-05 9.9816E-05 9.9816E-05 9.9816E-05
0.0135561 0.00947177 9.98685E-05 0.0242772 9.98685E-05 9.98685E-05 0.100421 9.98685E-05 0.647607 0.0414877 9.98685E-05 9.98685E-05 9.98685E-05 9.98685E-05 0.00709672 9.98685E-05 9.98685E-05 9.98685E-05 0.154585 9.98685E-05 9.98685E-05 9.98685E-05 9.98685E-05
9.98248E-05 9.98248E-05 0.0932406 9.98248E-05 9.98248E-05 9.98248E-05 9.98248E-05 9.98248E-05 0.775336 9.98248E-05 9.98248E-05 0.129427 9.98248E-05 9.98248E-05 9.98248E-05 9.98248E-05 9.98248E-05 9.98248E-05 9.98248E-05 9.98248E-05 9.98248E-05 9.98248E-05 9.98248E-05
0.103782 9.98423E-05 9.98423E-05 0.00273425 9.98423E-05 9.98423E-05 9.98423E-05 9.98423E-05 9.98423E-05 9.98423E-05 0.812233 9.98423E-05 0.0411829 9.98423E-05 9.98423E-05 9.98423E-05 9.98423E-05 9.98423E-05 9.98423E-05 0.0382704 9.98423E-05 9.98423E-05 9.98423E-05
9.98596E-05 9.98596E-05 0.0135794 9.98596E-05 9.98596E-05 9.98596E-05 9.98596E-05 0.0105327 9.98596E-05 9.98596E-05 0.843315 9.98596E-05 0.0482002 9.98596E-05 0.0263582 9.98596E-05 0.0207193 9.98596E-05 9.98596E-05 9.98596E-05 9.98596E-05 0.0356969 9.98596E-05
9.98422E-05 0.0108451 0.0272169 9.98422E-05 9.98422E-05 9.98422E-05 9.98422E-05 9.98422E-05 0.489866 9.98422E-05 0.374432 9.98422E-05 9.98422E-05 9.98422E-05 9.98422E-05 0.0958425 9.98422E-05 9.98422E-05 9.98422E-05 9.98422E-05 9.98422E-05 9.98422E-05 9.98422E-05
9.98245E-05 9.98245E-05 0.0143934 9.98245E-05 9.98245E-05 9.98245E-05 9.98245E-05 0.0393014 0.944309 9.98245E-05 9.98245E-05 9.98245E-05 9.98245E-05 9.98245E-05 9.98245E-05 9.98245E-05 9.98245E-05 9.98245E-05 9.98245E-05 9.98245E-05 9.98245E-05 9.98245E-05 9.98245E-05
0.0199046 9.98507E-05 0.100199 0.739517 0.101082 9.98507E-05 9.98507E-05 9.98507E-05 9.98507E-05 9.98507E-05 9.98507E-05 9.98507E-05 9.98507E-05 0.0235441 9.98507E-05 9.98507E-05 9.98507E-05 0.0140558 9.98507E-05 9.98507E-05 9.98507E-05 9.98507E-05 9.98507E-05
9.98248E-05 9.98248E-05 9.98248E-05 0.93987 9.98248E-05 9.98248E-05 9.98248E-05 9.98248E-05 9.98248E-05 9.98248E-05 9.98248E-05 9.98248E-05 9.98248E-05 9.98248E-05 9.98248E-05 0.0368684 9.98248E-05 9.98248E-05 9.98248E-05 9.98248E-05 9.98248E-05 9.98248E-05 0.0212651
9.98158E-05 9.98158E-05 9.98158E-05 0.940371 9.98158E-05 9.98158E-05 9.98158E-05 9.98158E-05 9.98158E-05 9.98158E-05 9.98158E-05 9.98158E-05 9.98158E-05 9.98158E-05 0.0575326 9.98158E-05 9.98158E-05 9.98158E-05 9.98158E-05 9.98158E-05 9.98158E-05 9.98158E-05 9.98158E-05
0.208951 9.98509E-05 0.0539027 0.326905 9.98509E-05 9.98509E-05 9.98509E-05 9.98509E-05 9.98509E-05 9.98509E-05 9.98509E-05 9.98509E-05 9.98509E-05 0.29149 0.0454526 9.98509E-05 9.98509E-05 0.071601 9.98509E-05 9.98509E-05 9.98509E-05 9.98509E-05 9.98509E-05
9.98593E-05 9.98593E-05 0.0343722 0.664494 9.98593E-05 9.98593E-05 9.98593E-05 9.98593E-05 9.98593E-05 9.98593E-05 9.98593E-05 9.98593E-05 0.027051 9.98593E-05 0.0463582 9.98593E-05 9.98593E-05 0.0740588 9.98593E-05 0.0656921 9.98593E-05 0.0863759 9.98593E-05
9.98418E-05 0.0243936 0.179241 0.619017 9.98418E-05 9.98418E-05 9.98418E-05 9.98418E-05 9.98418E-05 9.98418E-05 9.98418E-05 9.98418E-05 9.98418E-05 9.98418E-05 9.98418E-05 9.98418E-05 9.98418E-05 0.0774475 9.98418E-05 9.98418E-05 9.98418E-05 0.098104 9.98418E-05
9.98332E-05 9.98332E-05 0.0843411 0.517147 9.98332E-05 9.98332E-05 9.98332E-05 9.98332E-05 9.98332E-05 9.98332E-05 9.98332E-05 9.98332E-05 9.98332E-05 0.294901 9.98332E-05 0.101715 9.98332E-05 9.98332E-05 9.98332E-05 9.98332E-05 9.98332E-05 9.98332E-05 9.98332E-05
0.123761 9.98594E-05 0.103225 0.510923 9.98594E-05 9.98594E-05 9.98594E-05 9.98594E-05 9.98594E-05 9.98594E-05 9.98594E-05 9.98594E-05 0.00156368 0.0491767 0.173325 9.98594E-05 9.98594E-05 0.0364279 9.98594E-05 9.98594E-05 9.98594E-05 9.98594E-05 9.98594E-05
9.98245E-05 9.98245E-05 9.98245E-05 0.892334 9.98245E-05 9.98245E-05 9.98245E-05 9.98245E-05 9.98245E-05 9.98245E-05 9.98245E-05 9.98245E-05 9.98245E-05 0.0615674 9.98245E-05 9.98245E-05 9.98245E-05 9.98245E-05 9.98245E-05 9.98245E-05 9.98245E-05 9.98245E-05 0.0441019
9.98332E-05 0.00965291 9.98332E-05 0.937743 9.98332E-05 9.98332E-05 9.98332E-05 0.0372875 9.98332E-05 9.98332E-05 9.98332E-05 9.98332E-05 9.98332E-05 9.98332E-05 9.98332E-05 9.98332E-05 9.98332E-05 0.01342 9.98332E-05 9.98332E-05 9.98332E-05 9.98332E-05 9.98332E-05
9.98418E-05 9.98418E-05 0.235173 0.490703 9.98418E-05 9.98418E-05 9.98418E-05 0.174646 9.98418E-05 9.98418E-05 9.98418E-05 9.98418E-05 9.98418E-05 9.98418E-05 9.98418E-05 9.98418E-05 0.0460624 0.051618 9.98418E-05 9.98418E-05 9.98418E-05 9.98418E-05 9.98418E-05
9.9877E-05 0.0943686 0.0985058 0.392927 9.9877E-05 9.9877E-05 9.9877E-05 0.033137 9.9877E-05 9.9877E-05 9.9877E-05 0.110936 0.0341737 0.0345564 9.9877E-05 9.9877E-05 9.9877E-05 9.9877E-05 0.0253688 9.9877E-05 9.9877E-05 0.174629 9.9877E-05
0.0537399 0.116815 9.98857E-05 0.505825 9.98857E-05 9.98857E-05 9.98857E-05 0.0390434 9.98857E-05 0.10805 9.98857E-05 9.98857E-05 0.00678035 9.98857E-05 9.98857E-05 9.98857E-05 0.0108226 0.130901 0.0112621 0.0154626 9.98857E-05 9.98857E-05 9.98857E-05
9.98506E-05 9.98506E-05 0.211715 0.527205 9.98506E-05 9.98506E-05 9.98506E-05 9.98506E-05 9.98506E-05 0.00201534 9.98506E-05 9.98506E-05 0.0527193 0.0426354 9.98506E-05 9.98506E-05 9.98506E-05 9.98506E-05 9.98506E-05 9.98506E-05 9.98506E-05 0.162013 9.98506E-05
0.0375253 9.98248E-05 9.98248E-05 0.95895 9.98248E-05 9.98248E-05 9.98248E-05 9.98248E-05 9.98248E-05 9.98248E-05 9.98248E-05 9.98248E-05 9.98248E-05 9.98248E-05 9.98248E-05 9.98248E-05 9.98248E-05 9.98248E-05 0.00152833 9.98248E-05 9.98248E-05 9.98248E-05 9.98248E-05
9.98159E-05 9.98159E-05 9.98159E-05 0.974191 9.98159E-05 9.98159E-05 9.98159E-05 9.98159E-05 9.98159E-05 9.98159E-05 9.98159E-05 9.98159E-05 9.98159E-05 9.98159E-05 9.98159E-05 9.98159E-05 9.98159E-05 0.023713 9.98159E-05 9.98159E-05 9.98159E-05 9.98159E-05 9.98159E-05
9.98417E-05 9.98417E-05 0.0056549 0.702479 0.205336 9.98417E-05 9.98417E-05 9.98417E-05 9.98417E-05 9.98417E-05 9.98417E-05 9.98417E-05 0.0826784 9.98417E-05 0.00205545 9.98417E-05 9.98417E-05 9.98417E-05 9.98417E-05 9.98417E-05 9.98417E-05 9.98417E-05 9.98417E-05
9.98507E-05 9.98507E-05 9.98507E-05 0.5785 9.98507E-05 9.98507E-05 9.98507E-05 0.0634497 9.98507E-05 9.98507E-05 9.98507E-05 9.98507E-05 0.126839 9.98507E-05 9.98507E-05 9.98507E-05 0.0583215 0.084358 9.98507E-05 9.98507E-05 9.98507E-05 0.0868346 9.98507E-05
9.9842E-05 9.9842E-05 0.0246753 0.868188 9.9842E-05 9.9842E-05 9.9842E-05 0.00283178 9.9842E-05 9.9842E-05 9.9842E-05 9.9842E-05 0.0156933 9.9842E-05 0.0868146 9.9842E-05 9.9842E-05 9.9842E-05 9.9842E-05 9.9842E-05 9.9842E-05 9.9842E-05 9.9842E-05
9.9833E-05 9.9833E-05 0.201556 0.697644 9.9833E-05 9.9833E-05 9.9833E-05 0.039847 9.9833E-05 9.9833E-05 9.9833E-05 9.9833E-05 9.9833E-05 9.9833E-05 9.9833E-05 9.9833E-05 9.9833E-05 9.9833E-05 0.0590564 9.9833E-05 9.9833E-05 9.9833E-05 9.9833E-05
9.98249E-05 9.98249E-05 9.98249E-05 0.982463 9.98249E-05 0.00344823 9.98249E-05 9.98249E-05 9.98249E-05 9.98249E-05 9.98249E-05 9.98249E-05 9.98249E-05 9.98249E-05 9.98249E-05 9.98249E-05 9.98249E-05 9.98249E-05 0.0120923 9.98249E-05 9.98249E-05 9.98249E-05 9.98249E-05
9.98419E-05 9.98419E-05 0.107983 0.610603 9.98419E-05 9.98419E-05 9.98419E-05 9.98419E-05 9.98419E-05 9.98419E-05 9.98419E-05 9.98419E-05 0.0172924 9.98419E-05 0.00676986 9.98419E-05 9.98419E-05 9.98419E-05 9.98419E-05 9.98419E-05 9.98419E-05 0.255554 9.98419E-05
0.28143 9.98247E-05 9.98247E-05 0.698364 9.98247E-05 9.98247E-05 9.98247E-05 9.98247E-05 9.98247E-05 9.98247E-05 9.98247E-05 9.98247E-05 9.98247E-05 9.98247E-05 9.98247E-05 9.98247E-05 9.98247E-05 9.98247E-05 9.98247E-05 0.0182094 9.98247E-05 9.98247E-05 9.98247E-05
9.98507E-05 9.98507E-05 9.98507E-05 0.690089 0.0568126 9.98507E-05 9.98507E-05 9.98507E-05 9.98507E-05 9.98507E-05 9.98507E-05 9.98507E-05 0.0877164 9.98507E-05 0.0374168 9.98507E-05 0.0715765 0.054691 9.98507E-05 9.98507E-05 9.98507E-05 9.98507E-05 9.98507E-05
9.98243E-05 0.106987 9.98243E-05 0.813367 9.98243E-05 9.98243E-05 9.98243E-05 0.0776496 9.98243E-05 9.98243E-05 9.98243E-05 9.98243E-05 9.98243E-05 9.98243E-05 9.98243E-05 9.98243E-05 9.98243E-05 9.98243E-05 9.98243E-05 9.98243E-05 9.98243E-05 9.98243E-05 9.98243E-05
9.98335E-05 9.98335E-05 9.98335E-05 0.922815 9.98335E-05 9.98335E-05 9.98335E-05 9.98335E-05 9.98335E-05 9.98335E-05 9.98335E-05 9.98335E-05 9.98335E-05 0.0209511 9.98335E-05 9.98335E-05 9.98335E-05 0.0422273 9.98335E-05 0.0121096 9.98335E-05 9.98335E-05 9.98335E-05
9.98071E-05 9.98071E-05 9.98071E-05 0.997804 9.98071E-05 9.98071E-05 9.98071E-05 9.98071E-05 9.98071E-05 9.98071E-05 9.98071E-05 9.98071E-05 9.98071E-05 9.98071E-05 9.98071E-05 9.98071E-05 9.98071E-05 9.98071E-05 9.98071E-05 9.98071E-05 9.98071E-05 9.98071E-05 9.98071E-05
9.98071E-05 9.98071E-05 9.98071E-05 0.997804 9.98071E-05 9.98071E-05 9.98071E-05 9.98071E-05 9.98071E-05 9.98071E-05 9.98071E-05 9.98071E-05 9.98071E-05 9.98071E-05 9.98071E-05 9.98071E-05 9.98071E-05 9.98071E-05 9.98071E-05 9.98071E-05 9.98071E-05 9.98071E-05 9.98071E-05
9.98336E-05 0.0768893 0.0102669 0.81783 9.98336E-05 9.98336E-05 9.98336E-05 9.98336E-05 9.98336E-05 9.98336E-05 9.98336E-05 9.98336E-05 9.98336E-05 9.98336E-05 0.0931167 9.98336E-05 9.98336E-05 9.98336E-05 9.98336E-05 9.98336E-05 9.98336E-05 9.98336E-05 9.98336E-05
9.98335E-05 9.98335E-05 0.117683 0.677235 9.98335E-05 9.98335E-05 9.98335E-05 9.98335E-05 9.98335E-05 9.98335E-05 9.98335E-05 9.98335E-05 9.98335E-05 9.98335E-05 9.98335E-05 9.98335E-05 9.98335E-05 0.0699179 9.98335E-05 9.98335E-05 0.133267 9.98335E-05 9.98335E-05
0.789873 9.98246E-05 0.0867818 9.98246E-05 9.98246E-05 9.98246E-05 9.98246E-05 9.98246E-05 9.98246E-05 9.98246E-05 9.98246E-05 9.98246E-05 9.98246E-05 9.98246E-05 9.98246E-05 9.98246E-05 9.98246E-05 0.121349 9.98246E-05 9.98246E-05 9.98246E-05 9.98246E-05 9.98246E-05
0.412308 9.98246E-05 0.0381743 9.98246E-05 9.98246E-05 9.98246E-05 9.98246E-05 9.98246E-05 9.98246E-05 9.98246E-05 9.98246E-05 9.98246E-05 9.98246E-05 9.98246E-05 9.98246E-05 9.98246E-05 9.98246E-05 9.98246E-05 9.98246E-05 9.98246E-05 0.547521 9.98246E-05 9.98246E-05
0.809231 9.9842E-05 0.103866 9.9842E-05 9.9842E-05 9.9842E-05 9.9842E-05 0.0102651 9.9842E-05 0.0127767 9.9842E-05 9.9842E-05 9.9842E-05 9.9842E-05 9.9842E-05 9.9842E-05 0.062064 9.9842E-05 9.9842E-05 9.9842E-05 9.9842E-05 9.9842E-05 9.9842E-05
0.734191 9.98418E-05 0.120814 9.98418E-05 9.98418E-05 9.98418E-05 9.98418E-05 9.98418E-05 9.98418E-05 0.00520041 9.98418E-05 9.98418E-05 9.98418E-05 9.98418E-05 0.0986668 9.98418E-05 9.98418E-05 0.0393306 9.98418E-05 9.98418E-05 9.98418E-05 9.98418E-05 9.98418E-05
0.853001 0.00559791 9.9833E-05 9.9833E-05 9.9833E-05 9.9833E-05 9.9833E-05 9.9833E-05 9.9833E-05 9.9833E-05 9.9833E-05 9.9833E-05 9.9833E-05 9.9833E-05 9.9833E-05 9.9833E-05 0.0292706 0.110234 9.9833E-05 9.9833E-05 9.9833E-05 9.9833E-05 9.9833E-05
0.393147 9.98596E-05 0.171669 9.98596E-05 9.98596E-05 0.0746767 9.98596E-05 9.98596E-05 9.98596E-05 9.98596E-05 9.98596E-05 9.98596E-05 9.98596E-05 0.0806952 9.98596E-05 0.0807172 9.98596E-05 0.134016 9.98596E-05 0.0634811 9.98596E-05 9.98596E-05 9.98596E-05
0.701239 0.0688948 0.089532 9.98421E-05 9.98421E-05 9.98421E-05 9.98421E-05 9.98421E-05 9.98421E-05 9.98421E-05 9.98421E-05 9.98421E-05 9.98421E-05 9.98421E-05 9.98421E-05 9.98421E-05 9.98421E-05 0.100215 9.98421E-05 9.98421E-05 9.98421E-05 0.0383224 9.98421E-05
0.815736 9.98245E-05 0.00858748 9.98245E-05 9.98245E-05 9.98245E-05 9.98245E-05 9.98245E-05 9.98245E-05 9.98245E-05 9.98245E-05 9.98245E-05 9.98245E-05 9.98245E-05 9.98245E-05 9.98245E-05 9.98245E-05 0.17368 9.98245E-05 9.98245E-05 9.98245E-05 9.98245E-05 9.98245E-05
0.257534 0.026587 0.0286391 9.98507E-05 9.98507E-05 9.98507E-05 9.98507E-05 9.98507E-05 9.98507E-05 9.98507E-05 9.98507E-05 9.98507E-05 9.98507E-05 0.30291 9.98507E-05 9.98507E-05 9.98507E-05 0.376626 9.98507E-05 9.98507E-05 9.98507E-05 0.00600632 9.98507E-05
0.480199 0.046431 0.213624 9.9842E-05 9.9842E-05 9.9842E-05 9.9842E-05 9.9842E-05 9.9842E-05 9.9842E-05 9.9842E-05 9.9842E-05 9.9842E-05 9.9842E-05 9.9842E-05 0.0162407 9.9842E-05 0.241708 9.9842E-05 9.9842E-05 9.9842E-05 9.9842E-05 9.9842E-05
0.463852 9.98246E-05 9.98246E-05 9.98246E-05 9.98246E-05 9.98246E-05 9.98246E-05 9.98246E-05 9.98246E-05 9.98246E-05 9.98246E-05 9.98246E-05 9.98246E-05 0.240692 9.98246E-05 9.98246E-05 9.98246E-05 9.98246E-05 9.98246E-05 9.98246E-05 0.293459 9.98246E-05 9.98246E-05
0.577196 0.0320487 0.0935686 9.98596E-05 9.98596E-05 9.98596E-05 9.98596E-05 0.0211027 0.0331038 9.98596E-05 9.98596E-05 9.98596E-05 9.98596E-05 0.0767433 9.98596E-05 9.98596E-05 9.98596E-05 9.98596E-05 9.98596E-05 9.98596E-05 0.164639 9.98596E-05 9.98596E-05
0.924311 9.98248E-05 9.98248E-05 9.98248E-05 9.98248E-05 9.98248E-05 9.98248E-05 9.98248E-05 9.98248E-05 9.98248E-05 9.98248E-05 9.98248E-05 9.98248E-05 9.98248E-05 9.98248E-05 9.98248E-05 9.98248E-05 0.0396723 9.98248E-05 9.98248E-05 0.0340203 9.98248E-05 9.98248E-05
0.540472 9.98335E-05 0.200355 9.98335E-05 9.98335E-05 0.134348 9.98335E-05 9.98335E-05 9.98335E-05 9.98335E-05 9.98335E-05 9.98335E-05 9.98335E-05 9.98335E-05 9.98335E-05 9.98335E-05 9.98335E-05 0.122928 9.98335E-05 9.98335E-05 9.98335E-05 9.98335E-05 9.98335E-05
0.6033 0.0321083 9.9851E-05 9.9851E-05 9.9851E-05 0.137722 9.9851E-05 9.9851E-05 9.9851E-05 9.9851E-05 9.9851E-05 9.9851E-05 9.9851E-05 9.9851E-05 0.132765 9.9851E-05 9.9851E-05 0.0464524 0.0459554 9.9851E-05 9.9851E-05 9.9851E-05 9.9851E-05
0.578132 9.98685E-05 0.114917 9.98685E-05 0.0568035 9.98685E-05 9.98685E-05 0.0319994 9.98685E-05 9.98685E-05 9.98685E-05 9.98685E-05 9.98685E-05 0.0370909 9.98685E-05 0.0450988 9.98685E-05 0.0788708 9.98685E-05 9.98685E-05 0.05559 9.98685E-05 9.98685E-05
0.591504 9.98507E-05 0.110572 9.98507E-05 9.98507E-05 0.0239294 9.98507E-05 9.98507E-05 9.98507E-05 9.98507E-05 9.98507E-05 9.98507E-05 9.98507E-05 0.221598 9.98507E-05 9.98507E-05 9.98507E-05 0.0297959 9.98507E-05 0.0209037 9.98507E-05 9.98507E-05 9.98507E-05
0.63164 9.98598E-05 9.98598E-05 9.98598E-05 9.98598E-05 9.98598E-05 9.98598E-05 9.98598E-05 9.98598E-05 0.118636 9.98598E-05 9.98598E-05 9.98598E-05 9.98598E-05 9.98598E-05 0.0467823 0.0392048 0.0727244 9.98598E-05 9.98598E-05 0.0650559 0.0243582 9.98598E-05
0.918053 9.98246E-05 9.98246E-05 9.98246E-05 9.98246E-05 9.98246E-05 9.98246E-05 0.0375083 9.98246E-05 9.98246E-05 9.98246E-05 9.98246E-05 9.98246E-05 9.98246E-05 9.98246E-05 9.98246E-05 9.98246E-05 0.042442 9.98246E-05 9.98246E-05 9.98246E-05 9.98246E-05 9.98246E-05
0.316747 9.98508E-05 0.0500861 9.98508E-05 9.98508E-05 9.98508E-05 9.98508E-05 9.98508E-05 9.98508E-05 9.98508E-05 9.98508E-05 9.98508E-05 9.98508E-05 9.98508E-05 9.98508E-05 0.0218114 9.98508E-05 0.073518 9.98508E-05 0.138745 0.397394 9.98508E-05 9.98508E-05
0.656225 9.98596E-05 0.0760913 9.98596E-05 9.98596E-05 0.0532303 9.98596E-05 9.98596E-05 9.98596E-05 0.00852078 9.98596E-05 9.98596E-05 9.98596E-05 0.13509 9.98596E-05 9.98596E-05 0.042814 0.0264313 9.98596E-05 9.98596E-05 9.98596E-05 9.98596E-05 9.98596E-05
0.910125 9.9842E-05 0.0135559 9.9842E-05 9.9842E-05 9.9842E-05 9.9842E-05 0.0254715 9.9842E-05 9.9842E-05 9.9842E-05 9.9842E-05 9.9842E-05 9.9842E-05 0.019917 9.9842E-05 9.9842E-05 0.0291338 9.9842E-05 9.9842E-05 9.9842E-05 9.9842E-05 9.9842E-05
0.445009 9.98509E-05 0.190942 9.98509E-05 9.98509E-05 9.98509E-05 0.0225032 9.98509E-05 9.98509E-05 9.98509E-05 9.98509E-05 9.98509E-05 9.98509E-05 0.0418174 9.98509E-05 9.98509E-05 9.98509E-05 0.269267 9.98509E-05 0.0287638 9.98509E-05 9.98509E-05 9.98509E-05
0.661891 9.98422E-05 0.00444858 9.98422E-05 9.98422E-05 0.0519674 9.98422E-05 9.98422E-05 9.98422E-05 9.98422E-05 9.98422E-05 9.98422E-05 9.98422E-05 9.98422E-05 9.98422E-05 9.98422E-05 9.98422E-05 0.186447 9.98422E-05 9.98422E-05 0.0934487 9.98422E-05 9.98422E-05
0.494878 9.98508E-05 0.141447 9.98508E-05 9.98508E-05 9.98508E-05 0.0360334 9.98508E-05 9.98508E-05 9.98508E-05 9.98508E-05 9.98508E-05 0.0296025 0.0769138 9.98508E-05 9.98508E-05 9.98508E-05 0.219428 9.98508E-05 9.98508E-05 9.98508E-05 9.98508E-05 9.98508E-05
0.288347 0.0211159 0.139899 9.98421E-05 9.98421E-05 9.98421E-05 9.98421E-05 9.98421E-05 9.98421E-05 9.98421E-05 9.98421E-05 9.98421E-05 9.98421E-05 9.98421E-05 9.98421E-05 9.98421E-05 9.98421E-05 0.150122 9.98421E-05 9.98421E-05 0.398718 9.98421E-05 9.98421E-05
0.0494737 9.98422E-05 0.117428 9.98422E-05 9.98422E-05 0.6486 9.98422E-05 9.98422E-05 9.98422E-05 9.98422E-05 9.98422E-05 9.98422E-05 9.98422E-05 9.98422E-05 9.98422E-05 9.98422E-05 0.0425826 9.98422E-05 9.98422E-05 9.98422E-05 9.98422E-05 9.98422E-05 0.140118
0.79586 9.9833E-05 0.0352497 9.9833E-05 9.9833E-05 9.9833E-05 9.9833E-05 9.9833E-05 9.9833E-05 9.9833E-05 9.9833E-05 9.9833E-05 0.0573578 9.9833E-05 9.9833E-05 9.9833E-05 9.9833E-05 0.109635 9.9833E-05 9.9833E-05 9.9833E-05 9.9833E-05 9.9833E-05
0.530237 9.98422E-05 0.174219 9.98422E-05 9.98422E-05 9.98422E-05 9.98422E-05 9.98422E-05 9.98422E-05 9.98422E-05 9.98422E-05 9.98422E-05 9.98422E-05 0.00499787 9.98422E-05 9.98422E-05 9.98422E-05 0.26955 9.98422E-05 9.98422E-05 0.0191998 9.98422E-05 9.98422E-05
0.659044 9.98421E-05 0.0979804 9.98421E-05 9.98421E-05 0.152204 9.98421E-05 9.98421E-05 9.98421E-05 0.0748297 9.98421E-05 9.98421E-05 9.98421E-05 9.98421E-05 9.98421E-05 9.98421E-05 9.98421E-05 9.98421E-05 9.98421E-05 0.0141441 9.98421E-05 9.98421E-05 9.98421E-05
0.662106 9.98422E-05 0.243841 9.98422E-05 9.98422E-05 9.98422E-05 9.98422E-05 0.0143475 9.98422E-05 9.98422E-05 9.98422E-05 9.98422E-05 9.98422E-05 9.98422E-05 9.98422E-05 9.98422E-05 9.98422E-05 0.0262573 9.98422E-05 9.98422E-05 0.0516513 9.98422E-05 9.98422E-05
0.920073 0.00111171 0.0169639 9.98422E-05 9.98422E-05 9.98422E-05 9.98422E-05 0.0212703 9.98422E-05 9.98422E-05 9.98422E-05 9.98422E-05 9.98422E-05 9.98422E-05 9.98422E-05 9.98422E-05 9.98422E-05 9.98422E-05 0.0387842 9.98422E-05 9.98422E-05 9.98422E-05 9.98422E-05
0.38554 9.9842E-05 0.167806 9.9842E-05 9.9842E-05 9.9842E-05 9.9842E-05 9.9842E-05 9.9842E-05 0.109279 9.9842E-05 9.9842E-05 9.9842E-05 9.9842E-05 9.9842E-05 9.9842E-05 9.9842E-05 0.245752 9.9842E-05 0.0898255 9.9842E-05 9.9842E-05 9.9842E-05
0.847841 9.98332E-05 0.0425957 9.98332E-05 9.98332E-05 9.98332E-05 9.98332E-05 9.98332E-05 9.98332E-05 9.98332E-05 9.98332E-05 9.98332E-05 9.98332E-05 9.98332E-05 9.98332E-05 9.98332E-05 9.98332E-05 0.00840838 9.98332E-05 9.98332E-05 9.98332E-05 0.0992585 9.98332E-05
0.929286 9.98158E-05 9.98158E-05 9.98158E-05 9.98158E-05 9.98158E-05 9.98158E-05 9.98158E-05 9.98158E-05 9.98158E-05 9.98158E-05 9.98158E-05 9.98158E-05 9.98158E-05 9.98158E-05 9.98158E-05 9.98158E-05 9.98158E-05 9.98158E-05 9.98158E-05 0.0686176 9.98158E-05 9.98158E-05
0.746308 9.98596E-05 9.98596E-05 9.98596E-05 9.98596E-05 9.98596E-05 9.98596E-05 9.98596E-05 9.98596E-05 9.98596E-05 9.98596E-05 9.98596E-05 9.98596E-05 0.0108381 9.98596E-05 0.0542977 0.0155278 0.0166919 9.98596E-05 9.98596E-05 0.0997772 0.0549617 9.98596E-05
0.647628 0.0798569 0.151812 9.98332E-05 9.98332E-05 9.98332E-05 9.98332E-05 9.98332E-05 9.98332E-05 9.98332E-05 9.98332E-05 9.98332E-05 9.98332E-05 9.98332E-05 9.98332E-05 9.98332E-05 9.98332E-05 0.118806 9.98332E-05 9.98332E-05 9.98332E-05 9.98332E-05 9.98332E-05
0.256193 9.98507E-05 9.98507E-05 9.98507E-05 9.98507E-05 0.623813 9.98507E-05 0.00526482 9.98507E-05 0.0325577 9.98507E-05 9.98507E-05 9.98507E-05 9.98507E-05 9.98507E-05 0.0240081 9.98507E-05 0.0564656 9.98507E-05 9.98507E-05 9.98507E-05 9.98507E-05 9.98507E-05
0.405966 0.00740409 0.144786 9.9851E-05 9.9851E-05 0.401146 9.9851E-05 0.0231121 9.9851E-05 9.9851E-05 9.9851E-05 9.9851E-05 9.9851E-05 9.9851E-05 9.9851E-05 9.9851E-05 9.9851E-05 9.9851E-05 9.9851E-05 0.0158886 9.9851E-05 9.9851E-05 9.9851E-05
0.498262 9.98337E-05 0.0212605 9.98337E-05 9.98337E-05 0.446464 9.98337E-05 9.98337E-05 9.98337E-05 0.0321165 9.98337E-05 9.98337E-05 9.98337E-05 9.98337E-05 9.98337E-05 9.98337E-05 9.98337E-05 9.98337E-05 9.98337E-05 9.98337E-05 9.98337E-05 9.98337E-05 9.98337E-05
0.311789 0.0591807 9.98598E-05 9.98598E-05 9.98598E-05 0.429393 9.98598E-05 9.98598E-05 9.98598E-05 9.98598E-05 9.98598E-05 9.98598E-05 9.98598E-05 9.98598E-05 0.0581342 0.0318427 9.98598E-05 0.0180551 9.98598E-05 9.98598E-05 0.0900076 9.98598E-05 9.98598E-05
0.530309 9.98332E-05 0.29294 9.98332E-05 9.98332E-05 9.98332E-05 9.98332E-05 9.98332E-05 9.98332E-05 9.98332E-05 9.98332E-05 9.98332E-05 9.98332E-05 0.0885499 9.98332E-05 9.98332E-05 9.98332E-05 0.0863034 9.98332E-05 9.98332E-05 9.98332E-05 9.98332E-05 9.98332E-05
0.656456 9.98509E-05 9.98509E-05 9.98509E-05 9.98509E-05 0.000432273 9.98509E-05 9.98509E-05 9.98509E-05 0.0290265 9.98509E-05 0.130271 9.98509E-05 9.98509E-05 9.98509E-05 9.98509E-05 9.98509E-05 0.119853 9.98509E-05 9.98509E-05 9.98509E-05 0.0622631 9.98509E-05
0.0674617 9.98508E-05 0.00772433 9.98508E-05 9.98508E-05 0.226927 9.98508E-05 9.98508E-05 9.98508E-05 9.98508E-05 9.98508E-05 9.98508E-05 9.98508E-05 9.98508E-05 9.98508E-05 9.98508E-05 9.98508E-05 0.155015 9.98508E-05 0.0598834 0.481291 9.98508E-05 9.98508E-05
0.329839 9.98244E-05 0.00482252 9.98244E-05 9.98244E-05 9.98244E-05 9.98244E-05 9.98244E-05 9.98244E-05 9.98244E-05 9.98244E-05 9.98244E-05 9.98244E-05 9.98244E-05 9.98244E-05 9.98244E-05 9.98244E-05 9.98244E-05 9.98244E-05 9.98244E-05 0.663342 9.98244E-05 9.98244E-05
0.56024 9.98683E-05 0.00562316 9.98683E-05 0.00167553 9.98683E-05 9.98683E-05 9.98683E-05 9.98683E-05 9.98683E-05 9.98683E-05 9.98683E-05 9.98683E-05 0.115949 0.01702 9.98683E-05 9.98683E-05 0.156821 9.98683E-05 0.114142 9.98683E-05 0.0270313 9.98683E-05
0.469892 0.0427675 0.105547 0.137804 9.98597E-05 9.98597E-05 9.98597E-05 0.0373177 9.98597E-05 9.98597E-05 9.98597E-05 9.98597E-05 9.98597E-05 9.98597E-05 9.98597E-05 9.98597E-05 9.98597E-05 0.0487319 9.98597E-05 9.98597E-05 0.156343 9.98597E-05 9.98597E-05
0.394115 0.0401595 9.98861E-05 9.98861E-05 9.98861E-05 0.0499449 9.98861E-05 9.98861E-05 9.98861E-05 0.0171166 9.98861E-05 9.98861E-05 9.98861E-05 0.27276 0.00918093 9.98861E-05 9.98861E-05 9.98861E-05 0.0521874 0.015995 9.98861E-05 0.0634771 0.0837647
0.516601 0.020944 0.153532 0.0162953 9.98685E-05 9.98685E-05 9.98685E-05 9.98685E-05 9.98685E-05 9.98685E-05 9.98685E-05 9.98685E-05 9.98685E-05 9.98685E-05 9.98685E-05 9.98685E-05 9.98685E-05 0.218402 9.98685E-05 0.00540026 9.98685E-05 0.0618441 0.00548298
0.334952 9.98246E-05 0.00197261 9.98246E-05 9.98246E-05 0.661079 9.98246E-05 9.98246E-05 9.98246E-05 9.98246E-05 9.98246E-05 9.98246E-05 9.98246E-05 9.98246E-05 9.98246E-05 9.98246E-05 9.98246E-05 9.98246E-05 9.98246E-05 9.98246E-05 9.98246E-05 9.98246E-05 9.98246E-05
0.726845 9.98244E-05 0.0968965 9.98244E-05 9.98244E-05 9.98244E-05 9.98244E-05 9.98244E-05 9.98244E-05 9.98244E-05 9.98244E-05 9.98244E-05 9.98244E-05 9.98244E-05 9.98244E-05 0.174262 9.98244E-05 9.98244E-05 9.98244E-05 9.98244E-05 9.98244E-05 9.98244E-05 9.98244E-05
0.218843 9.98597E-05 9.98597E-05 0.0282701 9.98597E-05 0.572149 9.98597E-05 9.98597E-05 9.98597E-05 0.0220085 9.98597E-05 9.98597E-05 9.98597E-05 9.98597E-05 9.98597E-05 9.98597E-05 0.0238524 0.105549 9.98597E-05 9.98597E-05 0.0277306 9.98597E-05 9.98597E-05
0.392395 0.023504 0.121242 9.98509E-05 9.98509E-05 0.312021 9.98509E-05 0.0394598 9.98509E-05 9.98509E-05 9.98509E-05 9.98509E-05 9.98509E-05 9.98509E-05 9.98509E-05 9.98509E-05 9.98509E-05 0.10968 9.98509E-05 9.98509E-05 9.98509E-05 9.98509E-05 9.98509E-05
0.801364 9.98245E-05 9.98245E-05 9.98245E-05 9.98245E-05 9.98245E-05 9.98245E-05 9.98245E-05 9.98245E-05 9.98245E-05 9.98245E-05 9.98245E-05 9.98245E-05 9.98245E-05 9.98245E-05 9.98245E-05 9.98245E-05 0.0727206 0.123919 9.98245E-05 9.98245E-05 9.98245E-05 9.98245E-05
0.910088 0.0255937 9.98331E-05 9.98331E-05 9.98331E-05 9.98331E-05 9.98331E-05 9.98331E-05 9.98331E-05 9.98331E-05 9.98331E-05 9.98331E-05 0.0493897 9.98331E-05 9.98331E-05 9.98331E-05 9.98331E-05 9.98331E-05 9.98331E-05 9.98331E-05 9.98331E-05 0.0130322 9.98331E-05
0.484818 9.98331E-05 0.131827 9.98331E-05 9.98331E-05 9.98331E-05 9.98331E-05 9.98331E-05 9.98331E-05 9.98331E-05 9.98331E-05 9.98331E-05 9.98331E-05 0.191303 9.98331E-05 9.98331E-05 9.98331E-05 0.190155 9.98331E-05 9.98331E-05 9.98331E-05 9.98331E-05 9.98331E-05
0.754307 9.98244E-05 0.0830456 9.98244E-05 9.98244E-05 9.98244E-05 9.98244E-05 9.98244E-05 9.98244E-05 9.98244E-05 9.98244E-05 9.98244E-05 9.98244E-05 9.98244E-05 9.98244E-05 9.98244E-05 9.98244E-05 0.160651 9.98244E-05 9.98244E-05 9.98244E-05 9.98244E-05 9.98244E-05
0.971656 9.98245E-05 9.98245E-05 9.98245E-05 9.98245E-05 9.98245E-05 9.98245E-05 9.98245E-05 9.98245E-05 9.98245E-05 9.98245E-05 9.98245E-05 9.98245E-05 9.98245E-05 9.98245E-05 9.98245E-05 0.00844137 0.0179062 9.98245E-05 9.98245E-05 9.98245E-05 9.98245E-05 9.98245E-05
0.625539 9.98509E-05 0.0889648 9.98509E-05 9.98509E-05 0.171399 9.98509E-05 0.00213629 9.98509E-05 9.98509E-05 9.98509E-05 0.000329516 9.98509E-05 9.98509E-05 9.98509E-05 9.98509E-05 9.98509E-05 9.98509E-05 9.98509E-05 0.109934 9.98509E-05 9.98509E-05 9.98509E-05
0.662067 9.98509E-05 0.0133821 9.98509E-05 9.98509E-05 0.115675 9.98509E-05 9.98509E-05 9.98509E-05 9.98509E-05 9.98509E-05 9.98509E-05 9.98509E-05 0.0403662 9.98509E-05 9.98509E-05 9.98509E-05 0.15532 9.98509E-05 9.98509E-05 0.0114919 9.98509E-05 9.98509E-05
9.98068E-05 9.98068E-05 0.997804 9.98068E-05 9.98068E-05 9.98068E-05 9.98068E-05 9.98068E-05 9.98068E-05 9.98068E-05 9.98068E-05 9.98068E-05 9.98068E-05 9.98068E-05 9.98068E-05 9.98068E-05 9.98068E-05 9.98068E-05 9.98068E-05 9.98068E-05 9.98068E-05 9.98068E-05 9.98068E-05
9.98067E-05 9.98067E-05 9.98067E-05 9.98067E-05 9.98067E-05 9.98067E-05 9.98067E-05 9.98067E-05 9.98067E-05 9.98067E-05 9.98067E-05 9.98067E-05 9.98067E-05 9.98067E-05 9.98067E-05 9.98067E-05 9.98067E-05 0.997804 9.98067E-05 9.98067E-05 9.98067E-05 9.98067E-05 9.98067E-05
9.98066E-05 9.98066E-05 0.997804 9.98066E-05 9.98066E-05 9.98066E-05 9.98066E-05 9.98066E-05 9.98066E-05 9.98066E-05 9.98066E-05 9.98066E-05 9.98066E-05 9.98066E-05 9.98066E-05 9.98066E-05 9.98066E-05 9.98066E-05 9.98066E-05 9.98066E-05 9.98066E-05 9.98066E-05 9.98066E-05
9.98066E-05 9.98066E-05 9.98066E-05 9.98066E-05 9.98066E-05 9.98066E-05 9.98066E-05 9.98066E-05 9.98066E-05 9.98066E-05 9.98066E-05 9.98066E-05 9.98066E-05 9.98066E-05 9.98066E-05 9.98066E-05 9.98066E-05 0.997804 9.98066E-05 9.98066E-05 9.98066E-05 9.98066E-05 9.98066E-05
