9.99561E-05 0.116546 0.249461 9.99561E-05 9.99561E-05 0.358424 0.0622286 0.0348837 0.0374644 0.127261 0.0132315 9.99561E-05 9.99561E-05
9.99298E-05 0.00170853 0.0581564 9.99298E-05 9.99298E-05 0.802515 0.133371 9.99298E-05 9.99298E-05 9.99298E-05 0.00345038 9.99298E-05 9.99298E-05
9.9921E-05 9.9921E-05 9.9921E-05 9.9921E-05 9.9921E-05 0.916491 9.9921E-05 0.0493243 9.9921E-05 0.0270055 9.9921E-05 0.00627999 9.9921E-05
9.99386E-05 0.0833063 9.99386E-05 0.0834679 9.99386E-05 0.294395 9.99386E-05 0.140791 0.382319 9.99386E-05 9.99386E-05 9.99386E-05 0.0150213
9.99123E-05 9.99123E-05 9.99123E-05 9.99123E-05 9.99123E-05 0.831054 0.0738079 9.99123E-05 9.99123E-05 9.99123E-05 9.99123E-05 0.0941391 9.99123E-05
9.99561E-05 9.99561E-05 0.13192 0.142176 0.0343554 0.234808 0.177479 9.99561E-05 0.0713665 9.99561E-05 9.99561E-05 0.162589 0.0448058
0.0655234 0.101978 0.165984 9.99561E-05 9.99561E-05 0.241498 0.117579 0.0126874 0.232971 0.0612801 9.99561E-05 9.99561E-05 9.99561E-05
0.194541 9.99386E-05 0.120164 0.156967 9.99386E-05 0.26026 9.99386E-05 9.99386E-05 0.0188803 9.99386E-05 9.99386E-05 0.248489 9.99386E-05
9.99386E-05 9.99386E-05 9.99386E-05 0.232013 9.99386E-05 0.299963 0.0438602 0.245518 9.99386E-05 0.168015 9.99386E-05 0.00993128 9.99386E-05
9.99034E-05 9.99034E-05 9.99034E-05 9.99034E-05 9.99034E-05 0.90919 9.99034E-05 0.0897106 9.99034E-05 9.99034E-05 9.99034E-05 9.99034E-05 9.99034E-05
9.99298E-05 0.166497 0.0479994 0.0434245 9.99298E-05 0.58777 9.99298E-05 0.15351 9.99298E-05 9.99298E-05 9.99298E-05 9.99298E-05 9.99298E-05
0.0189566 0.0522499 9.99473E-05 9.99473E-05 9.99473E-05 0.842836 9.99473E-05 0.0257336 0.0163787 9.99473E-05 0.0214396 0.0218055 9.99473E-05
9.99385E-05 0.00795844 0.0190156 0.0133461 9.99385E-05 0.881008 9.99385E-05 0.0382885 9.99385E-05 9.99385E-05 9.99385E-05 0.0396843 9.99385E-05
0.0407868 0.0193062 9.99474E-05 9.99474E-05 9.99474E-05 0.678271 0.0324334 0.0585772 9.99474E-05 9.99474E-05 0.0363631 9.99474E-05 0.133663
9.99561E-05 9.99561E-05 0.151603 0.194833 9.99561E-05 0.352218 0.0237328 0.125165 0.0465738 0.0178585 9.99561E-05 9.99561E-05 0.0875162
0.0463984 0.037272 0.133813 0.193689 9.99473E-05 0.296561 9.99473E-05 0.0906177 0.201049 9.99473E-05 9.99473E-05 9.99473E-05 9.99473E-05
9.99386E-05 0.118052 9.99386E-05 9.99386E-05 9.99386E-05 0.618553 0.0756908 0.00406924 0.168684 0.0142513 9.99386E-05 9.99386E-05 9.99386E-05
9.99385E-05 9.99385E-05 0.273445 0.0583235 0.180829 0.204737 9.99385E-05 0.168594 9.99385E-05 9.99385E-05 0.113372 9.99385E-05 9.99385E-05
9.99385E-05 9.99385E-05 9.99385E-05 0.103735 0.197689 0.405721 0.0034643 0.214955 0.0737372 9.99385E-05 9.99385E-05 9.99385E-05 9.99385E-05
9.99122E-05 9.99122E-05 9.99122E-05 0.0121113 9.99122E-05 0.924797 9.99122E-05 9.99122E-05 9.99122E-05 9.99122E-05 0.0620927 9.99122E-05 9.99122E-05
9.99561E-05 0.0873142 9.99561E-05 0.0816384 9.99561E-05 0.501705 9.99561E-05 0.0839025 0.0200605 0.122171 0.0598031 0.0429055 9.99561E-05
9.99649E-05 0.0231382 0.126402 0.166788 0.00767001 0.335159 9.99649E-05 9.99649E-05 0.206677 0.0467478 9.99649E-05 0.0848022 0.00221468
9.99298E-05 0.0638697 0.171528 9.99298E-05 9.99298E-05 0.608483 0.0394961 0.115823 9.99298E-05 9.99298E-05 9.99298E-05 9.99298E-05 9.99298E-05
0.0485937 0.00573388 0.076117 9.99386E-05 9.99386E-05 0.427688 9.99386E-05 0.305741 9.99386E-05 0.135427 9.99386E-05 9.99386E-05 9.99386E-05
9.99561E-05 0.0469569 9.99561E-05 0.0936111 9.99561E-05 0.340986 9.99561E-05 0.317335 0.0266895 0.0185032 0.0993557 9.99561E-05 0.0560634
9.99385E-05 9.99385E-05 9.99385E-05 0.0133015 9.99385E-05 0.757562 9.99385E-05 0.133286 0.0724964 9.99385E-05 9.99385E-05 0.00502405 0.0176303
0.128133 0.0938098 0.263151 0.0539365 0.0480711 0.0639286 9.99648E-05 0.20134 9.99648E-05 9.99648E-05 0.0102457 9.99648E-05 0.136985
9.99211E-05 9.99211E-05 9.99211E-05 9.99211E-05 9.99211E-05 0.80197 0.0173148 0.0500345 0.129782 9.99211E-05 9.99211E-05 9.99211E-05 9.99211E-05
9.99386E-05 0.0196652 0.127073 9.99386E-05 9.99386E-05 0.612906 9.99386E-05 0.147215 9.99386E-05 0.056994 0.0354474 9.99386E-05 9.99386E-05
9.99386E-05 0.0246767 9.99386E-05 0.0352635 9.99386E-05 0.76949 9.99386E-05 0.0563662 9.99386E-05 0.0418218 9.99386E-05 9.99386E-05 0.071682
9.993E-05 0.129806 0.0925661 0.0330838 9.993E-05 0.701304 9.993E-05 0.0293837 9.993E-05 9.993E-05 0.0131567 9.993E-05 9.993E-05
9.99386E-05 0.0655824 9.99386E-05 0.0396555 9.99386E-05 0.51735 9.99386E-05 0.127166 0.0670515 9.99386E-05 9.99386E-05 9.99386E-05 0.182496
0.131048 0.0705676 0.0429321 9.99298E-05 9.99298E-05 0.571318 9.99298E-05 0.183335 9.99298E-05 9.99298E-05 9.99298E-05 9.99298E-05 9.99298E-05
9.99474E-05 0.0352049 9.99474E-05 9.99474E-05 0.0364563 0.386219 9.99474E-05 0.219296 0.0314136 9.99474E-05 0.0426339 9.99474E-05 0.248177
9.99298E-05 0.0369866 9.99298E-05 9.99298E-05 9.99298E-05 0.834122 0.0733575 0.0162529 9.99298E-05 9.99298E-05 0.0384816 9.99298E-05 9.99298E-05
9.99386E-05 0.0351448 9.99386E-05 0.0180133 9.99386E-05 0.707733 0.0392912 0.0250642 0.174054 9.99386E-05 9.99386E-05 9.99386E-05 9.99386E-05
9.99035E-05 9.99035E-05 9.99035E-05 9.99035E-05 9.99035E-05 0.93135 9.99035E-05 9.99035E-05 0.0675508 9.99035E-05 9.99035E-05 9.99035E-05 9.99035E-05
9.99299E-05 9.99299E-05 9.99299E-05 0.103535 9.99299E-05 0.703297 0.11766 0.023713 9.99299E-05 9.99299E-05 0.0509952 9.99299E-05 9.99299E-05
9.99474E-05 0.0164079 9.99474E-05 0.032187 9.99474E-05 0.645884 0.0564345 0.14161 9.99474E-05 9.99474E-05 9.99474E-05 0.0690973 0.0377799
0.129373 9.99209E-05 9.99209E-05 9.99209E-05 9.99209E-05 0.603547 9.99209E-05 0.206498 9.99209E-05 9.99209E-05 9.99209E-05 9.99209E-05 0.0596817
9.99298E-05 0.0670363 9.99298E-05 0.042348 9.99298E-05 0.751353 9.99298E-05 0.0799401 0.058523 9.99298E-05 9.99298E-05 9.99298E-05 9.99298E-05
9.9921E-05 9.9921E-05 0.160118 9.9921E-05 9.9921E-05 0.632374 9.9921E-05 0.1593 9.9921E-05 0.047309 9.9921E-05 9.9921E-05 9.9921E-05
9.9921E-05 9.9921E-05 9.9921E-05 9.9921E-05 9.9921E-05 0.916364 0.0341598 9.9921E-05 9.9921E-05 9.9921E-05 9.9921E-05 0.0261072 0.0224701
9.99473E-05 0.0678013 0.171303 0.157388 9.99473E-05 0.354556 0.0215932 0.142774 9.99473E-05 0.083984 9.99473E-05 9.99473E-05 9.99473E-05
9.9921E-05 9.9921E-05 9.9921E-05 9.9921E-05 9.9921E-05 0.35715 9.9921E-05 0.313738 0.203509 9.9921E-05 9.9921E-05 0.124703 9.9921E-05
9.99385E-05 9.99385E-05 9.99385E-05 0.00207179 9.99385E-05 0.832192 9.99385E-05 0.063792 0.0150996 9.99385E-05 0.0767244 0.00942092 9.99385E-05
9.99298E-05 0.0093024 9.99298E-05 0.0142944 0.0208232 0.901171 9.99298E-05 0.0536099 9.99298E-05 9.99298E-05 9.99298E-05 9.99298E-05 9.99298E-05
0.0851345 9.9921E-05 9.9921E-05 9.9921E-05 9.9921E-05 0.874709 9.9921E-05 0.0199086 9.9921E-05 9.9921E-05 0.0193487 9.9921E-05 9.9921E-05
0.0219831 0.0270424 0.108635 9.99385E-05 9.99385E-05 0.671944 9.99385E-05 0.121669 0.0480271 9.99385E-05 9.99385E-05 9.99385E-05 9.99385E-05
0.120341 0.0299469 9.99299E-05 9.99299E-05 0.029005 0.782184 9.99299E-05 9.99299E-05 9.99299E-05 9.99299E-05 9.99299E-05 0.0377235 9.99299E-05
9.99473E-05 0.145271 9.99473E-05 0.093187 9.99473E-05 0.376543 9.99473E-05 0.273563 0.0728705 0.0187401 9.99473E-05 9.99473E-05 0.0192254
0.0132878 9.99386E-05 9.99386E-05 0.0674806 9.99386E-05 0.703925 9.99386E-05 9.99386E-05 9.99386E-05 0.0359406 0.0424437 0.136223 9.99386E-05
9.99123E-05 9.99123E-05 9.99123E-05 9.99123E-05 0.0434069 0.938963 0.0166308 9.99123E-05 9.99123E-05 9.99123E-05 9.99123E-05 9.99123E-05 9.99123E-05
0.204257 9.99386E-05 9.99386E-05 0.00131119 0.000978327 0.700629 9.99386E-05 0.047979 9.99386E-05 9.99386E-05 9.99386E-05 0.0441457 9.99386E-05
9.99298E-05 9.99298E-05 9.99298E-05 9.99298E-05 9.99298E-05 0.795452 9.99298E-05 0.118678 0.0626388 0.0124492 9.99298E-05 0.00998329 9.99298E-05
9.99386E-05 0.0173052 0.0323763 9.99386E-05 9.99386E-05 0.727849 9.99386E-05 9.99386E-05 9.99386E-05 9.99386E-05 0.0702606 0.0967168 0.0547922
9.99298E-05 9.99298E-05 9.99298E-05 9.99298E-05 0.0641638 0.783237 0.0268976 0.0657516 9.99298E-05 9.99298E-05 9.99298E-05 0.0591509 9.99298E-05
9.99211E-05 0.0467015 9.99211E-05 9.99211E-05 9.99211E-05 0.842597 9.99211E-05 0.0727809 0.0370209 9.99211E-05 9.99211E-05 9.99211E-05 9.99211E-05
9.99297E-05 0.0069579 9.99297E-05 0.0198015 9.99297E-05 0.899659 9.99297E-05 0.0333347 9.99297E-05 9.99297E-05 9.99297E-05 0.0394473 9.99297E-05
9.99385E-05 0.00188186 0.618196 0.0741013 0.0359025 9.99385E-05 0.0431539 0.226064 9.99385E-05 9.99385E-05 9.99385E-05 9.99385E-05 9.99385E-05
0.0105074 9.99211E-05 0.944677 9.99211E-05 9.99211E-05 9.99211E-05 9.99211E-05 9.99211E-05 0.0169897 0.0269268 9.99211E-05 9.99211E-05 9.99211E-05
9.99123E-05 9.99123E-05 0.856084 9.99123E-05 0.106187 9.99123E-05 0.0367298 9.99123E-05 9.99123E-05 9.99123E-05 9.99123E-05 9.99123E-05 9.99123E-05
0.00116864 0.163891 0.163659 0.128609 0.0144299 9.99649E-05 0.32501 0.153232 0.00532714 9.99649E-05 9.99649E-05 9.99649E-05 0.0442717
9.99384E-05 9.99384E-05 0.560532 0.0724946 0.0528182 9.99384E-05 9.99384E-05 0.167355 9.99384E-05 9.99384E-05 0.132219 0.0138814 9.99384E-05
9.99296E-05 9.99296E-05 0.637675 0.0631015 0.005907 9.99296E-05 9.99296E-05 0.272616 9.99296E-05 0.0199006 9.99296E-05 9.99296E-05 9.99296E-05
9.99297E-05 0.0559014 0.346189 9.99297E-05 9.99297E-05 9.99297E-05 0.374804 0.188068 0.0342377 9.99297E-05 9.99297E-05 9.99297E-05 9.99297E-05
9.99385E-05 0.0224481 0.411072 0.0817391 0.154651 9.99385E-05 0.17079 0.1586 9.99385E-05 9.99385E-05 9.99385E-05 9.99385E-05 9.99385E-05
9.9921E-05 9.9921E-05 0.848378 9.9921E-05 9.9921E-05 9.9921E-05 0.117627 0.028753 9.9921E-05 0.00434295 9.9921E-05 9.9921E-05 9.9921E-05
9.99297E-05 0.0847362 0.853592 0.00389575 9.99297E-05 9.99297E-05 0.0113204 0.0456565 9.99297E-05 9.99297E-05 9.99297E-05 9.99297E-05 9.99297E-05
9.99297E-05 0.137721 0.339529 0.0531701 0.0653355 9.99297E-05 9.99297E-05 0.403446 9.99297E-05 9.99297E-05 9.99297E-05 9.99297E-05 9.99297E-05
0.148244 0.100059 0.426858 9.99472E-05 0.0100321 9.99472E-05 0.117196 0.142684 0.0543275 9.99472E-05 9.99472E-05 9.99472E-05 9.99472E-05
0.00307888 0.125401 0.418908 0.16091 9.99384E-05 9.99384E-05 9.99384E-05 0.105455 9.99384E-05 9.99384E-05 9.99384E-05 0.185547 9.99384E-05
0.0516445 9.99384E-05 0.560127 0.00197351 9.99384E-05 9.99384E-05 0.0872282 0.213004 9.99384E-05 9.99384E-05 9.99384E-05 0.0853232 9.99384E-05
0.0505856 9.99474E-05 0.710433 9.99474E-05 9.99474E-05 9.99474E-05 0.0357252 0.000911164 9.99474E-05 0.0605561 0.00331659 9.99474E-05 0.137873
9.99211E-05 0.00346587 0.810652 0.0727202 9.99211E-05 9.99211E-05 9.99211E-05 0.112262 9.99211E-05 9.99211E-05 9.99211E-05 9.99211E-05 9.99211E-05
0.0548627 9.99472E-05 0.56333 0.0182796 0.0872414 9.99472E-05 9.99472E-05 0.153473 0.0971674 0.0250462 9.99472E-05 9.99472E-05 9.99472E-05
9.99296E-05 0.0604068 0.618765 0.120254 0.104688 9.99296E-05 9.99296E-05 9.99296E-05 0.0950864 9.99296E-05 9.99296E-05 9.99296E-05 9.99296E-05
9.99298E-05 0.027418 0.696803 9.99298E-05 0.121674 9.99298E-05 0.007468 0.145838 9.99298E-05 9.99298E-05 9.99298E-05 9.99298E-05 9.99298E-05
0.112204 0.0470271 0.482367 9.99384E-05 0.0257488 9.99384E-05 9.99384E-05 0.319253 9.99384E-05 9.99384E-05 0.0127005 9.99384E-05 9.99384E-05
9.99212E-05 9.99212E-05 0.892965 9.99212E-05 9.99212E-05 9.99212E-05 0.024795 0.0642357 9.99212E-05 9.99212E-05 9.99212E-05 9.99212E-05 0.0171049
9.99384E-05 0.00121622 0.690357 9.99384E-05 0.0906358 9.99384E-05 0.0313605 0.116164 0.0695661 9.99384E-05 9.99384E-05 9.99384E-05 9.99384E-05
9.99386E-05 9.99386E-05 0.642131 9.99386E-05 0.0454349 9.99386E-05 0.042523 0.137522 9.99386E-05 9.99386E-05 0.0165837 9.99386E-05 0.115106
9.99561E-05 0.000787508 0.462561 0.0466893 0.0752599 9.99561E-05 9.99561E-05 0.0729672 0.219222 0.0691408 9.99561E-05 9.99561E-05 0.0528726
9.99209E-05 0.155044 0.733891 0.0143599 9.99209E-05 9.99209E-05 9.99209E-05 0.095806 9.99209E-05 9.99209E-05 9.99209E-05 9.99209E-05 9.99209E-05
9.99298E-05 9.99298E-05 0.776444 0.0289554 9.99298E-05 0.0513901 0.0633334 0.0790774 9.99298E-05 9.99298E-05 9.99298E-05 9.99298E-05 9.99298E-05
9.98947E-05 9.98947E-05 0.998801 9.98947E-05 9.98947E-05 9.98947E-05 9.98947E-05 9.98947E-05 9.98947E-05 9.98947E-05 9.98947E-05 9.98947E-05 9.98947E-05
9.9921E-05 9.9921E-05 0.837222 9.9921E-05 9.9921E-05 9.9921E-05 0.0508616 0.0946257 9.9921E-05 9.9921E-05 0.0163916 9.9921E-05 9.9921E-05
9.99122E-05 9.99122E-05 0.770643 9.99122E-05 0.18293 9.99122E-05 9.99122E-05 0.0454282 9.99122E-05 9.99122E-05 9.99122E-05 9.99122E-05 9.99122E-05
9.99474E-05 9.99474E-05 0.611473 0.108706 9.99474E-05 0.00435166 0.0377449 0.128823 9.99474E-05 9.99474E-05 0.0301734 9.99474E-05 0.0781281
9.99209E-05 9.99209E-05 9.99209E-05 0.149766 9.99209E-05 9.99209E-05 9.99209E-05 0.165775 9.99209E-05 9.99209E-05 9.99209E-05 0.0827597 0.600801
9.99211E-05 9.99211E-05 9.99211E-05 0.0666864 9.99211E-05 0.0204741 9.99211E-05 0.0213989 9.99211E-05 9.99211E-05 9.99211E-05 9.99211E-05 0.890541
9.99297E-05 0.049776 9.99297E-05 9.99297E-05 0.0203962 9.99297E-05 9.99297E-05 0.162201 9.99297E-05 9.99297E-05 9.99297E-05 0.148479 0.618349
9.99296E-05 0.0854699 9.99296E-05 0.14038 0.0595859 9.99296E-05 9.99296E-05 0.277463 9.99296E-05 9.99296E-05 9.99296E-05 9.99296E-05 0.436302
9.99384E-05 9.99384E-05 9.99384E-05 0.187756 0.0981912 9.99384E-05 9.99384E-05 0.108455 9.99384E-05 0.0730254 0.10589 9.99384E-05 0.425983
9.9921E-05 9.9921E-05 9.9921E-05 0.186931 9.9921E-05 9.9921E-05 0.157101 0.239489 9.9921E-05 9.9921E-05 9.9921E-05 9.9921E-05 0.415579
9.99297E-05 0.0549 9.99297E-05 0.173168 0.0419556 9.99297E-05 9.99297E-05 0.181698 9.99297E-05 9.99297E-05 9.99297E-05 9.99297E-05 0.54748
9.99298E-05 0.0804498 9.99298E-05 0.330444 0.0193297 9.99298E-05 9.99298E-05 0.119799 9.99298E-05 9.99298E-05 9.99298E-05 9.99298E-05 0.449178
9.99297E-05 0.0773087 9.99297E-05 0.330582 9.99297E-05 9.99297E-05 0.317504 0.161753 9.99297E-05 9.99297E-05 9.99297E-05 9.99297E-05 0.112053
9.99385E-05 9.99385E-05 9.99385E-05 0.223711 0.0257446 9.99385E-05 9.99385E-05 0.343089 9.99385E-05 9.99385E-05 0.0185349 0.0325055 0.355715
9.99211E-05 0.00270951 9.99211E-05 0.0258257 9.99211E-05 9.99211E-05 0.386036 9.99211E-05 9.99211E-05 9.99211E-05 9.99211E-05 9.99211E-05 0.584529
9.9921E-05 0.0747469 9.9921E-05 9.9921E-05 9.9921E-05 9.9921E-05 0.118295 0.162392 9.9921E-05 9.9921E-05 9.9921E-05 9.9921E-05 0.643667
9.9921E-05 0.0355819 9.9921E-05 0.223376 0.0477831 9.9921E-05 9.9921E-05 9.9921E-05 9.9921E-05 9.9921E-05 9.9921E-05 9.9921E-05 0.69236
9.99298E-05 0.0149492 9.99298E-05 0.129612 9.99298E-05 9.99298E-05 9.99298E-05 0.267012 9.99298E-05 0.0572584 9.99298E-05 9.99298E-05 0.530368
0.0412895 0.0236029 9.99561E-05 0.14815 0.160152 9.99561E-05 0.00124462 0.0213888 9.99561E-05 9.99561E-05 0.00554308 9.99561E-05 0.59813
0.0170299 0.0710474 9.99473E-05 0.0750127 9.99473E-05 9.99473E-05 0.124733 0.221348 9.99473E-05 9.99473E-05 0.000309536 9.99473E-05 0.48992
9.99385E-05 9.99385E-05 9.99385E-05 0.142444 0.00993858 9.99385E-05 0.16718 0.108764 9.99385E-05 9.99385E-05 0.0287143 9.99385E-05 0.54226
0.00892879 0.0237247 9.99298E-05 0.185207 9.99298E-05 9.99298E-05 9.99298E-05 9.99298E-05 9.99298E-05 9.99298E-05 9.99298E-05 0.113592 0.667748
9.99297E-05 0.0512307 9.99297E-05 0.0646876 9.99297E-05 9.99297E-05 0.0449355 9.99297E-05 9.99297E-05 9.99297E-05 9.99297E-05 0.0390232 0.799324
9.99298E-05 0.0269843 9.99298E-05 0.0937163 9.99298E-05 9.99298E-05 9.99298E-05 0.172954 9.99298E-05 9.99298E-05 0.113367 9.99298E-05 0.59218
9.994E-05 0.0719335 9.994E-05 0.110819 0.0495708 9.994E-05 0.1343 0.109964 9.994E-05 9.994E-05 9.994E-05 0.0117434 0.511069
9.99297E-05 0.0422798 9.99297E-05 0.130312 0.0505653 9.99297E-05 9.99297E-05 0.0945995 9.99297E-05 9.99297E-05 9.99297E-05 9.99297E-05 0.681444
9.99473E-05 0.000402797 9.99473E-05 0.283783 9.99473E-05 9.99473E-05 0.103174 0.285521 9.99473E-05 9.99473E-05 0.0471374 0.113585 0.165796
9.99298E-05 0.00392739 9.99298E-05 0.2286 9.99298E-05 9.99298E-05 9.99298E-05 0.0371693 9.99298E-05 9.99298E-05 0.0516031 9.99298E-05 0.6779
9.99385E-05 9.99385E-05 9.99385E-05 0.275192 9.99385E-05 9.99385E-05 0.0541597 0.413461 9.99385E-05 9.99385E-05 0.0564229 0.040332 0.159733
9.99211E-05 9.99211E-05 9.99211E-05 0.159343 9.99211E-05 9.99211E-05 0.109708 0.185768 9.99211E-05 9.99211E-05 9.99211E-05 9.99211E-05 0.544281
9.99036E-05 9.99036E-05 9.99036E-05 9.99036E-05 9.99036E-05 9.99036E-05 9.99036E-05 9.99036E-05 9.99036E-05 0.140739 9.99036E-05 9.99036E-05 0.858162
0.0115487 0.0427273 9.99384E-05 0.260429 9.99384E-05 9.99384E-05 9.99384E-05 0.123997 9.99384E-05 9.99384E-05 0.144165 9.99384E-05 0.416434
9.99298E-05 9.99298E-05 9.99298E-05 0.315398 9.99298E-05 9.99298E-05 0.0324715 0.277153 9.99298E-05 9.99298E-05 0.0609871 9.99298E-05 0.313191
9.99385E-05 0.0897488 9.99385E-05 0.028324 9.99385E-05 9.99385E-05 9.99385E-05 0.170805 9.99385E-05 9.99385E-05 0.0278964 0.0792493 0.603277
0.0115683 0.0850339 9.99298E-05 0.083337 9.99298E-05 9.99298E-05 9.99298E-05 0.29974 9.99298E-05 9.99298E-05 9.99298E-05 9.99298E-05 0.519521
0.0281956 0.0415776 9.99473E-05 0.017688 9.99473E-05 9.99473E-05 9.99473E-05 0.132353 9.99473E-05 0.023585 0.042359 9.99473E-05 0.713642
9.99473E-05 0.0134817 9.99473E-05 0.322742 9.99473E-05 9.99473E-05 9.99473E-05 0.243086 9.99473E-05 0.010831 0.183998 0.0701068 0.155154
9.99385E-05 0.0146783 9.99385E-05 0.169089 9.99385E-05 9.99385E-05 9.99385E-05 0.22306 0.00690618 9.99385E-05 0.0711691 9.99385E-05 0.514398
9.99209E-05 9.99209E-05 9.99209E-05 0.0766788 9.99209E-05 9.99209E-05 9.99209E-05 0.173551 0.0273268 9.99209E-05 9.99209E-05 9.99209E-05 0.721544
0.0249874 0.0538544 9.99385E-05 0.132189 9.99385E-05 9.99385E-05 0.0505419 9.99385E-05 0.051705 9.99385E-05 9.99385E-05 9.99385E-05 0.686023
0.0311629 9.99297E-05 9.99297E-05 0.163293 0.114195 9.99297E-05 9.99297E-05 0.377815 9.99297E-05 9.99297E-05 9.99297E-05 9.99297E-05 0.312734
9.9921E-05 9.9921E-05 9.9921E-05 0.0575433 0.0065244 9.9921E-05 9.9921E-05 9.9921E-05 9.9921E-05 9.9921E-05 9.9921E-05 0.0814751 0.853558
9.9921E-05 9.9921E-05 9.9921E-05 0.0349442 9.9921E-05 9.9921E-05 9.9921E-05 0.0891726 9.9921E-05 9.9921E-05 0.0813055 9.9921E-05 0.793678
9.99123E-05 0.00453257 9.99123E-05 0.0643914 9.99123E-05 9.99123E-05 9.99123E-05 9.99123E-05 9.99123E-05 9.99123E-05 9.99123E-05 9.99123E-05 0.930077
9.99298E-05 9.99298E-05 9.99298E-05 0.0617458 0.00838313 9.99298E-05 0.0338862 9.99298E-05 9.99298E-05 9.99298E-05 0.0437509 9.99298E-05 0.851435
9.99297E-05 0.0325155 9.99297E-05 0.140228 9.99297E-05 9.99297E-05 0.137225 0.41996 9.99297E-05 9.99297E-05 9.99297E-05 9.99297E-05 0.269273
9.99209E-05 9.99209E-05 9.99209E-05 0.219549 0.0244271 9.99209E-05 9.99209E-05 9.99209E-05 9.99209E-05 9.99209E-05 9.99209E-05 0.13501 0.620115
9.99211E-05 9.99211E-05 9.99211E-05 0.0985036 9.99211E-05 9.99211E-05 9.99211E-05 0.0210152 9.99211E-05 9.99211E-05 0.0554956 9.99211E-05 0.824086
9.99123E-05 9.99123E-05 9.99123E-05 9.99123E-05 9.99123E-05 0.0252874 9.99123E-05 0.0694779 9.99123E-05 9.99123E-05 9.99123E-05 9.99123E-05 0.904236
9.99385E-05 9.99385E-05 9.99385E-05 0.311978 9.99385E-05 9.99385E-05 0.294791 0.103081 0.0136554 9.99385E-05 0.109269 9.99385E-05 0.166525
9.99385E-05 0.0520178 0.122446 0.132383 0.0338025 9.99385E-05 9.99385E-05 0.217882 9.99385E-05 9.99385E-05 9.99385E-05 9.99385E-05 0.44077
0.0485011 9.99386E-05 9.99386E-05 0.210821 9.99386E-05 9.99386E-05 0.0876783 0.105288 9.99386E-05 0.141917 9.99386E-05 9.99386E-05 0.405095
9.99386E-05 0.0474919 0.0442932 0.315058 9.99386E-05 9.99386E-05 9.99386E-05 0.304524 9.99386E-05 9.99386E-05 0.12338 9.99386E-05 0.164554
9.9921E-05 9.9921E-05 9.9921E-05 9.9921E-05 9.9921E-05 9.9921E-05 0.0489747 0.106079 9.9921E-05 0.00300125 9.9921E-05 9.9921E-05 0.841046
9.99297E-05 0.096998 9.99297E-05 0.0517021 9.99297E-05 9.99297E-05 9.99297E-05 0.262357 0.189273 9.99297E-05 9.99297E-05 9.99297E-05 0.39887
9.99123E-05 9.99123E-05 9.99123E-05 0.0824226 9.99123E-05 9.99123E-05 0.0361842 9.99123E-05 9.99123E-05 9.99123E-05 9.99123E-05 9.99123E-05 0.880394
9.9921E-05 0.0800615 9.9921E-05 0.138552 9.9921E-05 9.9921E-05 9.9921E-05 0.147989 9.9921E-05 9.9921E-05 9.9921E-05 9.9921E-05 0.632498
0.133536 9.99385E-05 9.99385E-05 0.172828 0.00377156 9.99385E-05 0.0766836 0.0305043 9.99385E-05 9.99385E-05 9.99385E-05 9.99385E-05 0.581977
9.99384E-05 0.0533006 9.99384E-05 0.0442056 0.0260129 9.99384E-05 9.99384E-05 0.0833998 0.144552 9.99384E-05 9.99384E-05 9.99384E-05 0.647829
9.99385E-05 0.0127607 9.99385E-05 0.284327 9.99385E-05 9.99385E-05 0.253814 0.251458 9.99385E-05 9.99385E-05 0.0133553 9.99385E-05 0.183586
9.99121E-05 9.99121E-05 9.99121E-05 0.294189 9.99121E-05 9.99121E-05 9.99121E-05 0.176428 9.99121E-05 9.99121E-05 9.99121E-05 9.99121E-05 0.528384
0.0511566 0.077304 9.99472E-05 0.152046 9.99472E-05 9.99472E-05 9.99472E-05 0.119682 9.99472E-05 9.99472E-05 0.0137299 0.0106926 0.574789
0.0191285 9.99297E-05 9.99297E-05 9.99297E-05 9.99297E-05 9.99297E-05 9.99297E-05 0.0820503 9.99297E-05 0.0294265 0.174045 9.99297E-05 0.69455
9.9921E-05 9.9921E-05 9.9921E-05 0.2749 9.9921E-05 9.9921E-05 0.0464124 0.0564003 9.9921E-05 9.9921E-05 9.9921E-05 9.9921E-05 0.621388
9.98944E-05 9.98944E-05 9.98944E-05 9.98944E-05 9.98944E-05 9.98944E-05 9.98944E-05 0.998801 9.98944E-05 9.98944E-05 9.98944E-05 9.98944E-05 9.98944E-05
9.98944E-05 9.98944E-05 9.98944E-05 0.998801 9.98944E-05 9.98944E-05 9.98944E-05 9.98944E-05 9.98944E-05 9.98944E-05 9.98944E-05 9.98944E-05 9.98944E-05
9.98944E-05 9.98944E-05 9.98944E-05 9.98944E-05 9.98944E-05 9.98944E-05 9.98944E-05 0.998801 9.98944E-05 9.98944E-05 9.98944E-05 9.98944E-05 9.98944E-05
9.98945E-05 9.98945E-05 9.98945E-05 0.998801 9.98945E-05 9.98945E-05 9.98945E-05 9.98945E-05 9.98945E-05 9.98945E-05 9.98945E-05 9.98945E-05 9.98945E-05
9.98944E-05 9.98944E-05 9.98944E-05 0.998801 9.98944E-05 9.98944E-05 9.98944E-05 9.98944E-05 9.98944E-05 9.98944E-05 9.98944E-05 9.98944E-05 9.98944E-05
9.98944E-05 9.98944E-05 9.98944E-05 0.998801 9.98944E-05 9.98944E-05 9.98944E-05 9.98944E-05 9.98944E-05 9.98944E-05 9.98944E-05 9.98944E-05 9.98944E-05
9.98944E-05 9.98944E-05 9.98944E-05 9.98944E-05 9.98944E-05 9.98944E-05 9.98944E-05 0.998801 9.98944E-05 9.98944E-05 9.98944E-05 9.98944E-05 9.98944E-05
9.98944E-05 9.98944E-05 9.98944E-05 0.998801 9.98944E-05 9.98944E-05 9.98944E-05 9.98944E-05 9.98944E-05 9.98944E-05 9.98944E-05 9.98944E-05 9.98944E-05
9.98943E-05 9.98943E-05 9.98943E-05 0.998801 9.98943E-05 9.98943E-05 9.98943E-05 9.98943E-05 9.98943E-05 9.98943E-05 9.98943E-05 9.98943E-05 9.98943E-05
9.98944E-05 9.98944E-05 9.98944E-05 9.98944E-05 9.98944E-05 9.98944E-05 9.98944E-05 0.998801 9.98944E-05 9.98944E-05 9.98944E-05 9.98944E-05 9.98944E-05
9.98945E-05 9.98945E-05 9.98945E-05 9.98945E-05 9.98945E-05 9.98945E-05 9.98945E-05 0.998801 9.98945E-05 9.98945E-05 9.98945E-05 9.98945E-05 9.98945E-05
9.98944E-05 9.98944E-05 9.98944E-05 9.98944E-05 9.98944E-05 9.98944E-05 9.98944E-05 0.998801 9.98944E-05 9.98944E-05 9.98944E-05 9.98944E-05 9.98944E-05
9.98944E-05 9.98944E-05 9.98944E-05 0.998801 9.98944E-05 9.98944E-05 9.98944E-05 9.98944E-05 9.98944E-05 9.98944E-05 9.98944E-05 9.98944E-05 9.98944E-05
9.98944E-05 9.98944E-05 9.98944E-05 0.998801 9.98944E-05 9.98944E-05 9.98944E-05 9.98944E-05 9.98944E-05 9.98944E-05 9.98944E-05 9.98944E-05 9.98944E-05
9.98944E-05 9.98944E-05 9.98944E-05 9.98944E-05 9.98944E-05 9.98944E-05 9.98944E-05 0.998801 9.98944E-05 9.98944E-05 9.98944E-05 9.98944E-05 9.98944E-05
9.98944E-05 9.98944E-05 9.98944E-05 9.98944E-05 9.98944E-05 9.98944E-05 9.98944E-05 0.998801 9.98944E-05 9.98944E-05 9.98944E-05 9.98944E-05 9.98944E-05
0.00692282 9.99472E-05 9.99472E-05 0.0970633 9.99472E-05 9.99472E-05 9.99472E-05 0.220125 0.296228 0.0577553 0.0187605 9.99472E-05 0.302545
9.98944E-05 9.98944E-05 9.98944E-05 9.98944E-05 9.98944E-05 9.98944E-05 9.98944E-05 0.998801 9.98944E-05 9.98944E-05 9.98944E-05 9.98944E-05 9.98944E-05
9.98945E-05 9.98945E-05 9.98945E-05 0.998801 9.98945E-05 9.98945E-05 9.98945E-05 9.98945E-05 9.98945E-05 9.98945E-05 9.98945E-05 9.98945E-05 9.98945E-05
9.98943E-05 9.98943E-05 9.98943E-05 9.98943E-05 9.98943E-05 9.98943E-05 9.98943E-05 0.998801 9.98943E-05 9.98943E-05 9.98943E-05 9.98943E-05 9.98943E-05
9.98944E-05 9.98944E-05 9.98944E-05 9.98944E-05 9.98944E-05 9.98944E-05 9.98944E-05 0.998801 9.98944E-05 9.98944E-05 9.98944E-05 9.98944E-05 9.98944E-05
9.98944E-05 9.98944E-05 9.98944E-05 9.98944E-05 9.98944E-05 9.98944E-05 9.98944E-05 0.998801 9.98944E-05 9.98944E-05 9.98944E-05 9.98944E-05 9.98944E-05
9.98944E-05 9.98944E-05 9.98944E-05 0.998801 9.98944E-05 9.98944E-05 9.98944E-05 9.98944E-05 9.98944E-05 9.98944E-05 9.98944E-05 9.98944E-05 9.98944E-05
9.98944E-05 9.98944E-05 9.98944E-05 9.98944E-05 9.98944E-05 9.98944E-05 9.98944E-05 0.998801 9.98944E-05 9.98944E-05 9.98944E-05 9.98944E-05 9.98944E-05
9.98944E-05 9.98944E-05 9.98944E-05 0.998801 9.98944E-05 9.98944E-05 9.98944E-05 9.98944E-05 9.98944E-05 9.98944E-05 9.98944E-05 9.98944E-05 9.98944E-05
9.98944E-05 9.98944E-05 9.98944E-05 9.98944E-05 9.98944E-05 9.98944E-05 9.98944E-05 0.998801 9.98944E-05 9.98944E-05 9.98944E-05 9.98944E-05 9.98944E-05
9.98944E-05 9.98944E-05 9.98944E-05 9.98944E-05 9.98944E-05 9.98944E-05 9.98944E-05 0.998801 9.98944E-05 9.98944E-05 9.98944E-05 9.98944E-05 9.98944E-05
9.98945E-05 9.98945E-05 9.98945E-05 0.998801 9.98945E-05 9.98945E-05 9.98945E-05 9.98945E-05 9.98945E-05 9.98945E-05 9.98945E-05 9.98945E-05 9.98945E-05
9.98944E-05 9.98944E-05 9.98944E-05 0.998801 9.98944E-05 9.98944E-05 9.98944E-05 9.98944E-05 9.98944E-05 9.98944E-05 9.98944E-05 9.98944E-05 9.98944E-05
9.98945E-05 9.98945E-05 9.98945E-05 0.998801 9.98945E-05 9.98945E-05 9.98945E-05 9.98945E-05 9.98945E-05 9.98945E-05 9.98945E-05 9.98945E-05 9.98945E-05
9.98944E-05 9.98944E-05 9.98944E-05 9.98944E-05 9.98944E-05 9.98944E-05 9.98944E-05 0.998801 9.98944E-05 9.98944E-05 9.98944E-05 9.98944E-05 9.98944E-05
9.98945E-05 9.98945E-05 9.98945E-05 9.98945E-05 9.98945E-05 9.98945E-05 9.98945E-05 0.998801 9.98945E-05 9.98945E-05 9.98945E-05 9.98945E-05 9.98945E-05
9.98944E-05 9.98944E-05 9.98944E-05 9.98944E-05 9.98944E-05 9.98944E-05 9.98944E-05 0.998801 9.98944E-05 9.98944E-05 9.98944E-05 9.98944E-05 9.98944E-05
9.98944E-05 9.98944E-05 9.98944E-05 9.98944E-05 9.98944E-05 9.98944E-05 9.98944E-05 0.998801 9.98944E-05 9.98944E-05 9.98944E-05 9.98944E-05 9.98944E-05
9.98944E-05 9.98944E-05 9.98944E-05 9.98944E-05 9.98944E-05 9.98944E-05 9.98944E-05 0.998801 9.98944E-05 9.98944E-05 9.98944E-05 9.98944E-05 9.98944E-05
9.98944E-05 9.98944E-05 9.98944E-05 0.998801 9.98944E-05 9.98944E-05 9.98944E-05 9.98944E-05 9.98944E-05 9.98944E-05 9.98944E-05 9.98944E-05 9.98944E-05
9.98944E-05 9.98944E-05 9.98944E-05 0.998801 9.98944E-05 9.98944E-05 9.98944E-05 9.98944E-05 9.98944E-05 9.98944E-05 9.98944E-05 9.98944E-05 9.98944E-05
9.98944E-05 9.98944E-05 9.98944E-05 0.998801 9.98944E-05 9.98944E-05 9.98944E-05 9.98944E-05 9.98944E-05 9.98944E-05 9.98944E-05 9.98944E-05 9.98944E-05
9.98944E-05 9.98944E-05 9.98944E-05 9.98944E-05 9.98944E-05 9.98944E-05 9.98944E-05 0.998801 9.98944E-05 9.98944E-05 9.98944E-05 9.98944E-05 9.98944E-05
9.98944E-05 9.98944E-05 9.98944E-05 0.998801 9.98944E-05 9.98944E-05 9.98944E-05 9.98944E-05 9.98944E-05 9.98944E-05 9.98944E-05 9.98944E-05 9.98944E-05
9.98944E-05 9.98944E-05 9.98944E-05 0.998801 9.98944E-05 9.98944E-05 9.98944E-05 9.98944E-05 9.98944E-05 9.98944E-05 9.98944E-05 9.98944E-05 9.98944E-05
9.98944E-05 9.98944E-05 9.98944E-05 0.998801 9.98944E-05 9.98944E-05 9.98944E-05 9.98944E-05 9.98944E-05 9.98944E-05 9.98944E-05 9.98944E-05 9.98944E-05
9.98944E-05 9.98944E-05 9.98944E-05 0.998801 9.98944E-05 9.98944E-05 9.98944E-05 9.98944E-05 9.98944E-05 9.98944E-05 9.98944E-05 9.98944E-05 9.98944E-05
9.98943E-05 9.98943E-05 9.98943E-05 9.98943E-05 9.98943E-05 9.98943E-05 9.98943E-05 0.998801 9.98943E-05 9.98943E-05 9.98943E-05 9.98943E-05 9.98943E-05
9.98944E-05 9.98944E-05 9.98944E-05 0.998801 9.98944E-05 9.98944E-05 9.98944E-05 9.98944E-05 9.98944E-05 9.98944E-05 9.98944E-05 9.98944E-05 9.98944E-05
9.98944E-05 9.98944E-05 9.98944E-05 0.998801 9.98944E-05 9.98944E-05 9.98944E-05 9.98944E-05 9.98944E-05 9.98944E-05 9.98944E-05 9.98944E-05 9.98944E-05
0.0206995 9.9961E-05 9.9961E-05 0.143201 9.9961E-05 9.9961E-05 0.0486222 0.203911 0.223089 0.0248547 0.0626026 9.9961E-05 0.272521
9.98944E-05 9.98944E-05 9.98944E-05 9.98944E-05 9.98944E-05 9.98944E-05 9.98944E-05 0.998801 9.98944E-05 9.98944E-05 9.98944E-05 9.98944E-05 9.98944E-05
9.98945E-05 9.98945E-05 9.98945E-05 0.998801 9.98945E-05 9.98945E-05 9.98945E-05 9.98945E-05 9.98945E-05 9.98945E-05 9.98945E-05 9.98945E-05 9.98945E-05
9.98944E-05 9.98944E-05 9.98944E-05 0.998801 9.98944E-05 9.98944E-05 9.98944E-05 9.98944E-05 9.98944E-05 9.98944E-05 9.98944E-05 9.98944E-05 9.98944E-05
9.98944E-05 9.98944E-05 9.98944E-05 0.998801 9.98944E-05 9.98944E-05 9.98944E-05 9.98944E-05 9.98944E-05 9.98944E-05 9.98944E-05 9.98944E-05 9.98944E-05
9.98945E-05 9.98945E-05 9.98945E-05 0.998801 9.98945E-05 9.98945E-05 9.98945E-05 9.98945E-05 9.98945E-05 9.98945E-05 9.98945E-05 9.98945E-05 9.98945E-05
9.98944E-05 9.98944E-05 9.98944E-05 9.98944E-05 9.98944E-05 9.98944E-05 9.98944E-05 0.998801 9.98944E-05 9.98944E-05 9.98944E-05 9.98944E-05 9.98944E-05
9.98944E-05 9.98944E-05 9.98944E-05 0.998801 9.98944E-05 9.98944E-05 9.98944E-05 9.98944E-05 9.98944E-05 9.98944E-05 9.98944E-05 9.98944E-05 9.98944E-05
9.98944E-05 9.98944E-05 9.98944E-05 9.98944E-05 9.98944E-05 9.98944E-05 9.98944E-05 0.998801 9.98944E-05 9.98944E-05 9.98944E-05 9.98944E-05 9.98944E-05
9.98944E-05 9.98944E-05 9.98944E-05 0.998801 9.98944E-05 9.98944E-05 9.98944E-05 9.98944E-05 9.98944E-05 9.98944E-05 9.98944E-05 9.98944E-05 9.98944E-05
9.98944E-05 9.98944E-05 9.98944E-05 9.98944E-05 9.98944E-05 9.98944E-05 9.98944E-05 0.998801 9.98944E-05 9.98944E-05 9.98944E-05 9.98944E-05 9.98944E-05
9.98944E-05 9.98944E-05 9.98944E-05 0.998801 9.98944E-05 9.98944E-05 9.98944E-05 9.98944E-05 9.98944E-05 9.98944E-05 9.98944E-05 9.98944E-05 9.98944E-05
9.98944E-05 9.98944E-05 9.98944E-05 0.998801 9.98944E-05 9.98944E-05 9.98944E-05 9.98944E-05 9.98944E-05 9.98944E-05 9.98944E-05 9.98944E-05 9.98944E-05
9.98945E-05 9.98945E-05 9.98945E-05 0.998801 9.98945E-05 9.98945E-05 9.98945E-05 9.98945E-05 9.98945E-05 9.98945E-05 9.98945E-05 9.98945E-05 9.98945E-05
9.98944E-05 9.98944E-05 9.98944E-05 0.998801 9.98944E-05 9.98944E-05 9.98944E-05 9.98944E-05 9.98944E-05 9.98944E-05 9.98944E-05 9.98944E-05 9.98944E-05
9.98945E-05 9.98945E-05 9.98945E-05 0.998801 9.98945E-05 9.98945E-05 9.98945E-05 9.98945E-05 9.98945E-05 9.98945E-05 9.98945E-05 9.98945E-05 9.98945E-05
9.98944E-05 9.98944E-05 9.98944E-05 0.998801 9.98944E-05 9.98944E-05 9.98944E-05 9.98944E-05 9.98944E-05 9.98944E-05 9.98944E-05 9.98944E-05 9.98944E-05
9.98944E-05 9.98944E-05 9.98944E-05 9.98944E-05 9.98944E-05 9.98944E-05 9.98944E-05 0.998801 9.98944E-05 9.98944E-05 9.98944E-05 9.98944E-05 9.98944E-05
9.98944E-05 9.98944E-05 9.98944E-05 9.98944E-05 9.98944E-05 9.98944E-05 9.98944E-05 0.998801 9.98944E-05 9.98944E-05 9.98944E-05 9.98944E-05 9.98944E-05
9.98944E-05 9.98944E-05 9.98944E-05 9.98944E-05 9.98944E-05 9.98944E-05 9.98944E-05 0.998801 9.98944E-05 9.98944E-05 9.98944E-05 9.98944E-05 9.98944E-05
9.98945E-05 9.98945E-05 9.98945E-05 0.998801 9.98945E-05 9.98945E-05 9.98945E-05 9.98945E-05 9.98945E-05 9.98945E-05 9.98945E-05 9.98945E-05 9.98945E-05
9.98944E-05 9.98944E-05 9.98944E-05 9.98944E-05 9.98944E-05 9.98944E-05 9.98944E-05 0.998801 9.98944E-05 9.98944E-05 9.98944E-05 9.98944E-05 9.98944E-05
9.98943E-05 9.98943E-05 9.98943E-05 9.98943E-05 9.98943E-05 9.98943E-05 9.98943E-05 0.998801 9.98943E-05 9.98943E-05 9.98943E-05 9.98943E-05 9.98943E-05
9.98945E-05 9.98945E-05 9.98945E-05 9.98945E-05 9.98945E-05 9.98945E-05 9.98945E-05 0.998801 9.98945E-05 9.98945E-05 9.98945E-05 9.98945E-05 9.98945E-05
9.98944E-05 9.98944E-05 9.98944E-05 0.998801 9.98944E-05 9.98944E-05 9.98944E-05 9.98944E-05 9.98944E-05 9.98944E-05 9.98944E-05 9.98944E-05 9.98944E-05
9.98944E-05 9.98944E-05 9.98944E-05 0.998801 9.98944E-05 9.98944E-05 9.98944E-05 9.98944E-05 9.98944E-05 9.98944E-05 9.98944E-05 9.98944E-05 9.98944E-05
9.98944E-05 9.98944E-05 9.98944E-05 0.998801 9.98944E-05 9.98944E-05 9.98944E-05 9.98944E-05 9.98944E-05 9.98944E-05 9.98944E-05 9.98944E-05 9.98944E-05
9.98944E-05 9.98944E-05 9.98944E-05 9.98944E-05 9.98944E-05 9.98944E-05 9.98944E-05 0.998801 9.98944E-05 9.98944E-05 9.98944E-05 9.98944E-05 9.98944E-05
9.98944E-05 9.98944E-05 9.98944E-05 0.998801 9.98944E-05 9.98944E-05 9.98944E-05 9.98944E-05 9.98944E-05 9.98944E-05 9.98944E-05 9.98944E-05 9.98944E-05
9.98944E-05 9.98944E-05 9.98944E-05 0.998801 9.98944E-05 9.98944E-05 9.98944E-05 9.98944E-05 9.98944E-05 9.98944E-05 9.98944E-05 9.98944E-05 9.98944E-05
9.98943E-05 9.98943E-05 9.98943E-05 9.98943E-05 9.98943E-05 9.98943E-05 9.98943E-05 0.998801 9.98943E-05 9.98943E-05 9.98943E-05 9.98943E-05 9.98943E-05
9.98944E-05 9.98944E-05 9.98944E-05 0.998801 9.98944E-05 9.98944E-05 9.98944E-05 9.98944E-05 9.98944E-05 9.98944E-05 9.98944E-05 9.98944E-05 9.98944E-05
9.98944E-05 9.98944E-05 9.98944E-05 0.998801 9.98944E-05 9.98944E-05 9.98944E-05 9.98944E-05 9.98944E-05 9.98944E-05 9.98944E-05 9.98944E-05 9.98944E-05
0.0214482 0.172361 9.99473E-05 0.125382 0.0840511 9.99473E-05 0.068966 0.355649 9.99473E-05 9.99473E-05 9.99473E-05 9.99473E-05 0.171543
9.98944E-05 9.98944E-05 9.98944E-05 9.98944E-05 9.98944E-05 9.98944E-05 9.98944E-05 0.998801 9.98944E-05 9.98944E-05 9.98944E-05 9.98944E-05 9.98944E-05
9.98944E-05 9.98944E-05 9.98944E-05 0.998801 9.98944E-05 9.98944E-05 9.98944E-05 9.98944E-05 9.98944E-05 9.98944E-05 9.98944E-05 9.98944E-05 9.98944E-05
0.0185144 0.0505507 9.99561E-05 0.444446 0.00115134 9.99561E-05 9.99561E-05 0.0314088 9.99561E-05 0.0600266 9.99561E-05 0.0371964 0.356206
9.99473E-05 9.99473E-05 9.99473E-05 0.27852 9.99473E-05 9.99473E-05 9.99473E-05 0.238711 0.127045 0.00437932 0.0280867 0.0223366 0.300321
9.99384E-05 9.99384E-05 9.99384E-05 0.19791 9.99384E-05 9.99384E-05 0.0626147 0.300441 9.99384E-05 0.100545 0.00248185 9.99384E-05 0.335307
0.00918445 0.0107937 9.9956E-05 0.0819273 0.0340101 9.9956E-05 9.9956E-05 0.205895 0.0577606 9.9956E-05 0.0666543 9.9956E-05 0.533275
9.99473E-05 9.99473E-05 9.99473E-05 0.33215 0.0231117 9.99473E-05 0.11118 0.267634 0.00957557 9.99473E-05 0.0261011 9.99473E-05 0.229649
9.99125E-05 9.99125E-05 9.99125E-05 0.123986 9.99125E-05 9.99125E-05 0.0387909 9.99125E-05 9.99125E-05 9.99125E-05 9.99125E-05 9.99125E-05 0.836224
9.99473E-05 0.00405241 0.0548206 0.411414 9.99473E-05 9.99473E-05 0.00466345 0.228502 0.147359 9.99473E-05 9.99473E-05 9.99473E-05 0.148588
9.99472E-05 0.109453 9.99472E-05 0.176304 0.0650276 9.99472E-05 9.99472E-05 0.0738618 9.99472E-05 0.0842178 0.0171788 9.99472E-05 0.473357
9.9921E-05 9.9921E-05 9.9921E-05 0.186445 0.046798 9.9921E-05 9.9921E-05 0.0966325 9.9921E-05 9.9921E-05 9.9921E-05 9.9921E-05 0.669225
9.99385E-05 9.99385E-05 9.99385E-05 0.0347101 9.99385E-05 9.99385E-05 9.99385E-05 0.223072 0.000379811 0.0374736 9.99385E-05 0.0850507 0.618614
9.99298E-05 0.140652 9.99298E-05 0.0574595 9.99298E-05 9.99298E-05 0.0366674 0.199136 9.99298E-05 9.99298E-05 9.99298E-05 9.99298E-05 0.565286
9.99122E-05 9.99122E-05 9.99122E-05 0.611649 9.99122E-05 9.99122E-05 9.99122E-05 0.0620591 9.99122E-05 9.99122E-05 9.99122E-05 9.99122E-05 0.325292
0.105471 9.99473E-05 0.0494824 0.302293 0.0498634 9.99473E-05 0.0203334 0.29788 9.99473E-05 9.99473E-05 9.99473E-05 9.99473E-05 0.174077
9.99472E-05 9.99472E-05 9.99472E-05 0.0766954 0.145014 9.99472E-05 9.99472E-05 0.0826415 9.99472E-05 0.0329378 0.0169109 0.0393238 0.605877
9.99209E-05 0.0972575 9.99209E-05 0.228046 9.99209E-05 9.99209E-05 9.99209E-05 0.279927 9.99209E-05 9.99209E-05 9.99209E-05 9.99209E-05 0.39387
9.99473E-05 0.0448686 0.00919428 0.357845 9.99473E-05 9.99473E-05 0.11708 0.15704 9.99473E-05 9.99473E-05 9.99473E-05 0.122439 0.190934
9.99385E-05 9.99385E-05 9.99385E-05 0.189787 9.99385E-05 9.99385E-05 0.0277604 0.107408 9.99385E-05 0.0632568 0.00436354 9.99385E-05 0.606725
0.101065 0.0633951 9.99473E-05 0.0657587 9.99473E-05 9.99473E-05 0.0357201 0.462494 9.99473E-05 0.0346748 9.99473E-05 9.99473E-05 0.236293
9.99472E-05 0.0103898 9.99472E-05 0.18235 9.99472E-05 9.99472E-05 0.197719 0.0140978 9.99472E-05 9.99472E-05 0.0787722 0.0855822 0.430488
9.99297E-05 9.99297E-05 9.99297E-05 0.190569 9.99297E-05 9.99297E-05 9.99297E-05 0.327901 9.99297E-05 0.10107 9.99297E-05 0.0294319 0.350228
9.99384E-05 9.99384E-05 9.99384E-05 0.138712 9.99384E-05 9.99384E-05 0.0715291 0.0747063 9.99384E-05 9.99384E-05 0.0828427 0.192718 0.438792
0.0434662 9.99209E-05 9.99209E-05 0.274209 9.99209E-05 9.99209E-05 9.99209E-05 9.99209E-05 9.99209E-05 9.99209E-05 9.99209E-05 0.12154 0.559886
0.106281 0.0361514 9.99473E-05 0.225318 0.00988466 9.99473E-05 9.99473E-05 0.255545 9.99473E-05 9.99473E-05 0.0353066 9.99473E-05 0.330914
9.99296E-05 0.0462677 9.99296E-05 0.192982 9.99296E-05 9.99296E-05 9.99296E-05 0.138642 9.99296E-05 9.99296E-05 9.99296E-05 0.135278 0.486031
9.9956E-05 9.9956E-05 9.9956E-05 0.0490506 0.137115 9.9956E-05 0.0111474 0.132021 9.9956E-05 0.0145992 0.0128268 0.031981 0.61076
9.99123E-05 9.99123E-05 9.99123E-05 0.0460044 9.99123E-05 9.99123E-05 0.0593206 9.99123E-05 9.99123E-05 9.99123E-05 9.99123E-05 9.99123E-05 0.893676
9.99384E-05 9.99384E-05 9.99384E-05 0.0841728 9.99384E-05 9.99384E-05 0.114429 0.138585 9.99384E-05 0.1336 9.99384E-05 0.0955549 0.432959
9.99209E-05 9.99209E-05 9.99209E-05 0.338834 9.99209E-05 9.99209E-05 9.99209E-05 0.27618 9.99209E-05 0.141915 9.99209E-05 9.99209E-05 0.242172
0.00810345 9.99384E-05 9.99384E-05 9.99384E-05 0.097211 9.99384E-05 9.99384E-05 0.150787 9.99384E-05 9.99384E-05 0.0691787 0.138415 0.535605
9.99385E-05 0.0120596 9.99385E-05 0.208525 0.120984 9.99385E-05 9.99385E-05 0.189763 9.99385E-05 9.99385E-05 0.0780518 9.99385E-05 0.389917
9.99385E-05 0.0101922 9.99385E-05 0.400622 9.99385E-05 9.99385E-05 0.100662 0.185731 9.99385E-05 9.99385E-05 9.99385E-05 0.11806 0.184034
9.99297E-05 0.0456949 9.99297E-05 0.297649 9.99297E-05 9.99297E-05 0.0270835 0.115802 9.99297E-05 9.99297E-05 9.99297E-05 9.99297E-05 0.512972
9.99297E-05 9.99297E-05 9.99297E-05 0.201529 9.99297E-05 9.99297E-05 0.285821 0.150883 9.99297E-05 9.99297E-05 9.99297E-05 0.105325 0.255643
9.99385E-05 0.0873155 9.99385E-05 0.195012 0.0942716 9.99385E-05 9.99385E-05 0.21977 9.99385E-05 9.99385E-05 9.99385E-05 0.0740579 0.328874
9.99384E-05 0.113352 9.99384E-05 0.211774 0.0111241 9.99384E-05 9.99384E-05 0.184908 9.99384E-05 9.99384E-05 9.99384E-05 0.0840591 0.394082
9.99209E-05 9.99209E-05 9.99209E-05 0.11797 9.99209E-05 9.99209E-05 9.99209E-05 0.245938 0.0278454 9.99209E-05 9.99209E-05 9.99209E-05 0.607347
9.98946E-05 9.98946E-05 9.98946E-05 9.98946E-05 9.98946E-05 9.98946E-05 9.98946E-05 9.98946E-05 9.98946E-05 9.98946E-05 9.98946E-05 9.98946E-05 0.998801
0.0876033 0.108667 0.147059 0.0451528 9.995E-05 9.995E-05 0.0451845 0.192977 0.0960784 9.995E-05 9.995E-05 9.995E-05 0.276779
0.073513 0.136609 9.99385E-05 0.0705174 0.00217654 9.99385E-05 9.99385E-05 0.123556 9.99385E-05 9.99385E-05 9.99385E-05 9.99385E-05 0.592929
9.99385E-05 9.99385E-05 9.99385E-05 0.225715 9.99385E-05 9.99385E-05 0.0835198 0.0829458 9.99385E-05 9.99385E-05 0.0379904 0.232035 0.337095
9.99384E-05 9.99384E-05 9.99384E-05 0.109657 0.0499492 9.99384E-05 9.99384E-05 0.286373 9.99384E-05 9.99384E-05 0.0305809 0.0908169 0.431923
9.99298E-05 9.99298E-05 9.99298E-05 0.120894 9.99298E-05 9.99298E-05 9.99298E-05 0.128151 9.99298E-05 0.116836 9.99298E-05 0.0839608 0.54936
9.99472E-05 9.99472E-05 9.99472E-05 0.243084 9.99472E-05 9.99472E-05 0.0695622 0.0800934 0.00692383 0.095791 9.99472E-05 0.101351 0.402595
9.99385E-05 9.99385E-05 9.99385E-05 0.527812 0.0534053 9.99385E-05 0.0826176 9.99385E-05 9.99385E-05 0.0184355 9.99385E-05 0.120902 0.196127
9.99209E-05 9.99209E-05 9.99209E-05 0.431382 9.99209E-05 9.99209E-05 0.0573636 0.380681 9.99209E-05 9.99209E-05 9.99209E-05 9.99209E-05 0.129673
