9.99297E-05 0.353291 0.0118245 0.0125329 0.066207 0.0901394 0.363936 9.99297E-05 9.99297E-05 9.99297E-05 9.99297E-05 9.99297E-05 9.99297E-05 0.00624317 0.0950263 9.99297E-05
9.99122E-05 0.0158835 9.99122E-05 0.0111518 0.013346 0.00975445 0.809848 9.99122E-05 9.99122E-05 9.99122E-05 9.99122E-05 9.99122E-05 9.99122E-05 9.99122E-05 0.139017 9.99122E-05
9.98947E-05 9.98947E-05 0.00180456 0.0581594 0.0368841 9.98947E-05 0.901953 9.98947E-05 9.98947E-05 9.98947E-05 9.98947E-05 9.98947E-05 9.98947E-05 9.98947E-05 9.98947E-05 9.98947E-05
0.0222218 0.00307524 9.9921E-05 9.9921E-05 0.0421517 0.0591291 0.290857 9.9921E-05 9.9921E-05 0.430814 0.150852 9.9921E-05 9.9921E-05 9.9921E-05 9.9921E-05 9.9921E-05
9.98947E-05 9.98947E-05 9.98947E-05 9.98947E-05 9.98947E-05 9.98947E-05 0.807215 9.98947E-05 9.98947E-05 9.98947E-05 0.0902961 9.98947E-05 0.0900001 9.98947E-05 0.0112899 9.98947E-05
0.0839256 0.183308 9.99386E-05 9.99386E-05 9.99386E-05 0.00275805 0.249924 0.117705 9.99386E-05 0.0336638 0.103641 9.99386E-05 0.103359 9.99386E-05 0.121016 9.99386E-05
9.99211E-05 0.0439189 9.99211E-05 9.99211E-05 0.0455572 0.0908725 0.29157 0.105085 9.99211E-05 0.231053 9.99211E-05 9.99211E-05 9.99211E-05 9.99211E-05 0.191045 9.99211E-05
0.178595 0.158124 9.99474E-05 9.99474E-05 9.99474E-05 0.0530368 0.173581 0.039542 9.99474E-05 0.153414 0.036387 9.99474E-05 0.103328 9.99474E-05 0.00710952 0.0962838
0.258399 9.99122E-05 9.99122E-05 0.0497963 0.281199 9.99122E-05 0.250414 9.99122E-05 9.99122E-05 9.99122E-05 0.0741956 9.99122E-05 9.99122E-05 0.0849971 9.99122E-05 9.99122E-05
9.98946E-05 9.98946E-05 9.98946E-05 9.98946E-05 0.00307634 9.98946E-05 0.898399 9.98946E-05 9.98946E-05 0.0455551 9.98946E-05 9.98946E-05 9.98946E-05 0.0517712 9.98946E-05 9.98946E-05
0.0330398 0.0597887 9.99034E-05 9.99034E-05 0.208681 0.160432 0.53696 9.99034E-05 9.99034E-05 9.99034E-05 9.99034E-05 9.99034E-05 9.99034E-05 9.99034E-05 9.99034E-05 9.99034E-05
9.98947E-05 9.98947E-05 9.98947E-05 0.0263248 9.98947E-05 0.0669045 0.857861 9.98947E-05 9.98947E-05 9.98947E-05 9.98947E-05 9.98947E-05 9.98947E-05 9.98947E-05 9.98947E-05 0.047711
9.98947E-05 0.142429 9.98947E-05 9.98947E-05 0.0950438 9.98947E-05 0.749227 9.98947E-05 9.98947E-05 0.0121011 9.98947E-05 9.98947E-05 9.98947E-05 9.98947E-05 9.98947E-05 9.98947E-05
9.99211E-05 9.99211E-05 9.99211E-05 9.99211E-05 0.0914535 0.0538753 0.642085 9.99211E-05 0.0567503 9.99211E-05 0.125994 0.0285444 9.99211E-05 9.99211E-05 0.000398168 9.99211E-05
0.0904597 0.0572857 9.99299E-05 0.0443214 0.158579 9.99299E-05 0.341372 9.99299E-05 0.030616 9.99299E-05 0.118939 0.157627 9.99299E-05 9.99299E-05 9.99299E-05 9.99299E-05
0.0985396 0.229798 9.99209E-05 9.99209E-05 0.133709 9.99209E-05 0.251881 9.99209E-05 9.99209E-05 0.0945944 0.02612 9.99209E-05 9.99209E-05 9.99209E-05 9.99209E-05 0.164459
9.9921E-05 9.9921E-05 9.9921E-05 9.9921E-05 0.103498 0.0653384 0.545378 9.9921E-05 0.110366 0.0866099 9.9921E-05 9.9921E-05 9.9921E-05 9.9921E-05 0.0662512 0.0216589
0.042163 0.293515 0.175074 0.108246 0.165989 9.99298E-05 0.1729 9.99298E-05 9.99298E-05 9.99298E-05 0.0185463 9.99298E-05 9.99298E-05 0.0227671 9.99298E-05 9.99298E-05
0.130198 0.135738 9.99297E-05 9.99297E-05 0.173359 0.00526659 0.378916 0.0392704 9.99297E-05 0.0142146 9.99297E-05 0.122238 9.99297E-05 9.99297E-05 9.99297E-05 9.99297E-05
9.98772E-05 9.98772E-05 9.98772E-05 0.0318862 9.98772E-05 9.98772E-05 0.966716 9.98772E-05 9.98772E-05 9.98772E-05 9.98772E-05 9.98772E-05 9.98772E-05 9.98772E-05 9.98772E-05 9.98772E-05
0.120963 9.9921E-05 9.9921E-05 0.063152 9.9921E-05 0.0540974 0.517254 9.9921E-05 9.9921E-05 9.9921E-05 9.9921E-05 0.0114441 9.9921E-05 0.0881337 9.9921E-05 0.144056
0.156827 0.325318 9.99298E-05 9.99298E-05 9.99298E-05 9.99298E-05 0.235952 0.0339308 9.99298E-05 9.99298E-05 0.0708485 0.0476313 0.0997846 9.99298E-05 0.0289082 9.99298E-05
9.99123E-05 0.0707577 9.99123E-05 9.99123E-05 0.143506 0.0638102 0.621201 9.99123E-05 9.99123E-05 9.99123E-05 0.0499347 9.99123E-05 9.99123E-05 9.99123E-05 0.0497908 9.99123E-05
9.99034E-05 0.323435 9.99034E-05 9.99034E-05 0.260223 9.99034E-05 0.314508 9.99034E-05 9.99034E-05 9.99034E-05 9.99034E-05 9.99034E-05 9.99034E-05 0.0729189 9.99034E-05 0.0278162
0.0574327 0.0319448 9.99297E-05 0.0659686 0.318072 9.99297E-05 0.229266 9.99297E-05 9.99297E-05 9.99297E-05 0.117561 0.114187 9.99297E-05 0.0647683 9.99297E-05 9.99297E-05
0.0171487 9.99034E-05 9.99034E-05 9.99034E-05 0.120844 9.99034E-05 0.722805 9.99034E-05 9.99034E-05 0.0540612 0.0840423 9.99034E-05 9.99034E-05 9.99034E-05 9.99034E-05 9.99034E-05
9.99034E-05 0.445219 0.125226 9.99034E-05 0.0463801 9.99034E-05 9.99034E-05 9.99034E-05 9.99034E-05 9.99034E-05 0.285272 9.99034E-05 9.99034E-05 9.99034E-05 9.99034E-05 0.0968033
9.98947E-05 9.98947E-05 9.98947E-05 9.98947E-05 0.0416191 9.98947E-05 0.828048 9.98947E-05 9.98947E-05 0.113961 0.0151735 9.98947E-05 9.98947E-05 9.98947E-05 9.98947E-05 9.98947E-05
9.99035E-05 0.143791 9.99035E-05 9.99035E-05 0.184129 9.99035E-05 0.63293 9.99035E-05 9.99035E-05 9.99035E-05 0.0368983 9.99035E-05 9.99035E-05 0.0011521 9.99035E-05 9.99035E-05
0.0556783 9.9921E-05 0.0166274 9.9921E-05 0.0532233 0.0781738 0.767241 9.9921E-05 0.00232007 9.9921E-05 9.9921E-05 9.9921E-05 9.9921E-05 0.0258367 9.9921E-05 9.9921E-05
0.0805646 0.140878 0.01381 9.99035E-05 9.99035E-05 0.199587 0.564061 9.99035E-05 9.99035E-05 9.99035E-05 9.99035E-05 9.99035E-05 9.99035E-05 9.99035E-05 9.99035E-05 9.99035E-05
9.99123E-05 0.0271092 9.99123E-05 9.99123E-05 0.0740944 0.0518262 0.551919 9.99123E-05 9.99123E-05 0.0735577 0.220494 9.99123E-05 9.99123E-05 9.99123E-05 9.99123E-05 9.99123E-05
9.99122E-05 0.121149 9.99122E-05 9.99122E-05 0.15266 0.0922478 0.52063 9.99122E-05 9.99122E-05 9.99122E-05 0.0582832 9.99122E-05 9.99122E-05 9.99122E-05 9.99122E-05 0.054031
9.99297E-05 0.0242798 0.0285756 9.99297E-05 0.118849 0.0175553 0.568466 0.0507202 9.99297E-05 0.0109156 0.179839 9.99297E-05 9.99297E-05 9.99297E-05 9.99297E-05 9.99297E-05
0.0226653 9.99123E-05 9.99123E-05 0.0517005 0.0449855 0.041883 0.812033 9.99123E-05 9.99123E-05 9.99123E-05 9.99123E-05 9.99123E-05 9.99123E-05 9.99123E-05 0.025734 9.99123E-05
0.0366238 0.0822031 9.99298E-05 9.99298E-05 0.0294574 0.0316429 0.658317 9.99298E-05 9.99298E-05 0.0992172 9.99298E-05 9.99298E-05 9.99298E-05 0.0555192 0.00621977 9.99298E-05
9.98948E-05 9.98948E-05 9.98948E-05 9.98948E-05 9.98948E-05 9.98948E-05 0.884635 0.0220256 9.98948E-05 9.98948E-05 9.98948E-05 9.98948E-05 9.98948E-05 9.98948E-05 0.0790861 0.0130545
0.122683 9.99123E-05 9.99123E-05 0.0546494 0.0716443 0.00548137 0.66078 9.99123E-05 9.99123E-05 9.99123E-05 9.99123E-05 9.99123E-05 9.99123E-05 9.99123E-05 0.0837627 9.99123E-05
0.0304319 9.99386E-05 9.99386E-05 9.99386E-05 0.153813 0.0222461 0.569923 9.99386E-05 0.0377731 0.0280364 0.0424818 9.99386E-05 0.0523951 9.99386E-05 0.0621996 9.99386E-05
9.99035E-05 9.99035E-05 9.99035E-05 9.99035E-05 0.192087 9.99035E-05 0.516385 0.0356632 9.99035E-05 9.99035E-05 0.162863 9.99035E-05 9.99035E-05 9.99035E-05 9.99035E-05 0.0919032
0.0202203 9.99035E-05 9.99035E-05 9.99035E-05 0.0727741 0.0410368 0.806659 9.99035E-05 9.99035E-05 0.0582106 9.99035E-05 9.99035E-05 9.99035E-05 9.99035E-05 9.99035E-05 9.99035E-05
0.0800419 0.197103 9.99035E-05 9.99035E-05 0.0663865 9.99035E-05 0.594011 9.99035E-05 9.99035E-05 9.99035E-05 9.99035E-05 9.99035E-05 9.99035E-05 0.0613595 9.99035E-05 9.99035E-05
9.9921E-05 0.0323676 9.9921E-05 9.9921E-05 9.9921E-05 0.0115866 0.792588 0.00296226 0.0607903 9.9921E-05 9.9921E-05 9.9921E-05 0.0570271 9.9921E-05 0.0417786 9.9921E-05
0.100669 0.145729 9.99123E-05 9.99123E-05 0.191166 0.0875193 0.441837 9.99123E-05 9.99123E-05 9.99123E-05 9.99123E-05 9.99123E-05 9.99123E-05 9.99123E-05 0.0320807 9.99123E-05
9.99035E-05 0.22773 9.99035E-05 9.99035E-05 0.164993 9.99035E-05 0.293673 9.99035E-05 9.99035E-05 0.273178 9.99035E-05 9.99035E-05 0.0393273 9.99035E-05 9.99035E-05 9.99035E-05
9.99034E-05 9.99034E-05 9.99034E-05 0.0587089 0.0713284 9.99034E-05 0.798924 9.99034E-05 9.99034E-05 0.0414159 9.99034E-05 9.99034E-05 0.0285234 9.99034E-05 9.99034E-05 9.99034E-05
0.0452119 9.98947E-05 0.0391749 9.98947E-05 0.113798 9.98947E-05 0.800616 9.98947E-05 9.98947E-05 9.98947E-05 9.98947E-05 9.98947E-05 9.98947E-05 9.98947E-05 9.98947E-05 9.98947E-05
9.98947E-05 9.98947E-05 9.98947E-05 9.98947E-05 0.00802646 9.98947E-05 0.933986 9.98947E-05 9.98947E-05 9.98947E-05 9.98947E-05 9.98947E-05 0.0167367 9.98947E-05 9.98947E-05 0.0400523
9.99034E-05 0.172955 9.99034E-05 9.99034E-05 0.144119 0.0492663 0.601802 9.99034E-05 9.99034E-05 9.99034E-05 9.99034E-05 9.99034E-05 9.99034E-05 9.99034E-05 9.99034E-05 0.0307583
0.0181428 9.99036E-05 0.0195251 9.99036E-05 9.99036E-05 0.0325257 0.744159 0.184549 9.99036E-05 9.99036E-05 9.99036E-05 9.99036E-05 9.99036E-05 9.99036E-05 9.99036E-05 9.99036E-05
0.0439173 0.0275233 9.99297E-05 9.99297E-05 0.207599 0.116215 0.331247 9.99297E-05 9.99297E-05 0.0706532 0.181695 9.99297E-05 9.99297E-05 0.0203509 9.99297E-05 9.99297E-05
0.0314025 9.99298E-05 9.99298E-05 0.00489857 9.99298E-05 9.99298E-05 0.688845 0.0197076 9.99298E-05 0.112824 9.99298E-05 9.99298E-05 0.0985189 0.0387447 9.99298E-05 0.00425913
0.0224211 9.98947E-05 0.0148879 9.98947E-05 9.98947E-05 9.98947E-05 0.935136 9.98947E-05 9.98947E-05 9.98947E-05 0.0263565 9.98947E-05 9.98947E-05 9.98947E-05 9.98947E-05 9.98947E-05
0.00282381 9.99299E-05 0.0770571 9.99299E-05 0.0321291 0.0425126 0.594058 0.0203032 9.99299E-05 9.99299E-05 0.0446682 9.99299E-05 9.99299E-05 9.99299E-05 9.99299E-05 0.185649
9.9886E-05 9.9886E-05 9.9886E-05 9.9886E-05 0.0740807 9.9886E-05 0.771759 9.9886E-05 9.9886E-05 9.9886E-05 9.9886E-05 0.152862 9.9886E-05 9.9886E-05 9.9886E-05 9.9886E-05
9.99101E-05 0.0311895 0.0753568 0.030088 9.99101E-05 9.99101E-05 0.697958 9.99101E-05 9.99101E-05 9.99101E-05 0.0897943 9.99101E-05 0.0686312 9.99101E-05 9.99101E-05 0.00608341
9.99122E-05 9.99122E-05 0.00830187 9.99122E-05 0.132113 0.0148595 0.685264 0.0463862 9.99122E-05 0.112076 9.99122E-05 9.99122E-05 9.99122E-05 9.99122E-05 9.99122E-05 9.99122E-05
9.98947E-05 9.98947E-05 9.98947E-05 9.98947E-05 0.0114667 0.0489186 0.794988 9.98947E-05 9.98947E-05 0.143428 9.98947E-05 9.98947E-05 9.98947E-05 9.98947E-05 9.98947E-05 9.98947E-05
0.056056 9.9921E-05 0.0220299 9.9921E-05 0.0246886 0.0026634 0.820789 0.0512276 9.9921E-05 9.9921E-05 9.9921E-05 9.9921E-05 0.0216463 9.9921E-05 9.9921E-05 9.9921E-05
9.99122E-05 0.505648 0.0698385 9.99122E-05 0.179828 0.0395256 9.99122E-05 9.99122E-05 9.99122E-05 9.99122E-05 0.10744 9.99122E-05 9.99122E-05 9.99122E-05 0.0967216 9.99122E-05
9.99124E-05 0.85191 9.99124E-05 0.0347172 9.99124E-05 9.99124E-05 0.030248 9.99124E-05 9.99124E-05 9.99124E-05 9.99124E-05 9.99124E-05 9.99124E-05 0.0229782 0.0200347 0.0391124
9.99123E-05 0.570198 0.213496 9.99123E-05 9.99123E-05 9.99123E-05 0.0293521 0.0354031 0.086969 9.99123E-05 9.99123E-05 9.99123E-05 9.99123E-05 9.99123E-05 0.0635823 9.99123E-05
0.100243 0.0914628 0.0135891 9.9921E-05 0.0802815 9.9921E-05 9.9921E-05 0.0801267 9.9921E-05 9.9921E-05 0.239899 9.9921E-05 9.9921E-05 9.9921E-05 0.393499 9.9921E-05
0.084403 0.547274 0.0580216 0.0638236 0.107103 9.99297E-05 9.99297E-05 0.0363643 9.99297E-05 0.0531203 9.99297E-05 9.99297E-05 9.99297E-05 9.99297E-05 0.0490906 9.99297E-05
0.0513762 0.644936 0.0179915 9.99121E-05 0.266747 9.99121E-05 9.99121E-05 9.99121E-05 9.99121E-05 9.99121E-05 0.00238692 9.99121E-05 9.99121E-05 0.015563 9.99121E-05 9.99121E-05
9.99034E-05 0.285163 9.99034E-05 9.99034E-05 0.202821 0.0668468 9.99034E-05 9.99034E-05 9.99034E-05 0.00800756 9.99034E-05 9.99034E-05 9.99034E-05 9.99034E-05 0.436063 9.99034E-05
0.0670313 0.356358 0.173363 9.99209E-05 0.0951974 9.99209E-05 9.99209E-05 0.0412144 9.99209E-05 9.99209E-05 0.0743402 9.99209E-05 9.99209E-05 9.99209E-05 0.191597 9.99209E-05
9.99123E-05 0.763799 0.0018919 9.99123E-05 0.0232419 9.99123E-05 9.99123E-05 9.99123E-05 0.0878424 9.99123E-05 9.99123E-05 9.99123E-05 9.99123E-05 0.00760397 0.114621 9.99123E-05
0.013415 0.712528 9.99122E-05 9.99122E-05 0.070916 0.0439366 0.0781622 9.99122E-05 9.99122E-05 9.99122E-05 9.99122E-05 9.99122E-05 9.99122E-05 9.99122E-05 0.0800429 9.99122E-05
0.0630012 0.407494 9.99033E-05 0.046501 0.33209 0.149815 9.99033E-05 9.99033E-05 9.99033E-05 9.99033E-05 9.99033E-05 9.99033E-05 9.99033E-05 9.99033E-05 9.99033E-05 9.99033E-05
9.99209E-05 0.530012 9.99209E-05 9.99209E-05 0.0981374 0.0708403 9.99209E-05 0.0454984 9.99209E-05 0.0142134 9.99209E-05 0.132566 9.99209E-05 9.99209E-05 0.107834 9.99209E-05
0.102348 0.290055 9.99297E-05 9.99297E-05 9.99297E-05 0.177675 9.99297E-05 9.99297E-05 9.99297E-05 9.99297E-05 0.144142 9.99297E-05 0.0655705 0.0069209 0.0638207 0.148669
9.99033E-05 0.614532 9.99033E-05 9.99033E-05 0.250313 9.99033E-05 9.99033E-05 0.0107897 9.99033E-05 9.99033E-05 9.99033E-05 9.99033E-05 0.000882501 9.99033E-05 0.122385 9.99033E-05
9.99299E-05 0.670945 9.99299E-05 9.99299E-05 9.99299E-05 0.0133352 0.0530032 9.99299E-05 0.00314761 9.99299E-05 0.112031 9.99299E-05 9.99299E-05 0.0145385 0.0978577 0.0343427
0.00223019 0.61 9.9921E-05 9.9921E-05 0.151379 0.0425529 9.9921E-05 9.9921E-05 0.091047 0.00545601 9.9921E-05 9.9921E-05 9.9921E-05 9.9921E-05 0.0964352 9.9921E-05
9.9921E-05 0.524039 0.0613687 9.9921E-05 0.0484622 9.9921E-05 9.9921E-05 0.132415 9.9921E-05 0.0915421 0.0409749 9.9921E-05 9.9921E-05 9.9921E-05 0.100299 9.9921E-05
0.0597251 0.671602 0.0685482 9.99034E-05 9.99034E-05 0.162546 9.99034E-05 9.99034E-05 9.99034E-05 0.0364797 9.99034E-05 9.99034E-05 9.99034E-05 9.99034E-05 9.99034E-05 9.99034E-05
9.99035E-05 0.66028 0.127824 9.99035E-05 0.147263 0.0518747 9.99035E-05 9.99035E-05 9.99035E-05 9.99035E-05 9.99035E-05 9.99035E-05 9.99035E-05 9.99035E-05 0.011659 9.99035E-05
9.99209E-05 0.542575 0.0191748 9.99209E-05 0.280889 0.00798076 9.99209E-05 9.99209E-05 9.99209E-05 9.99209E-05 0.0321938 9.99209E-05 9.99209E-05 9.99209E-05 0.0378727 0.0784146
9.99061E-05 0.656501 9.99061E-05 9.99061E-05 0.0560482 9.99061E-05 9.99061E-05 0.039103 0.239888 9.99061E-05 9.99061E-05 9.99061E-05 9.99061E-05 9.99061E-05 0.00736017 9.99061E-05
9.99122E-05 0.801247 9.99122E-05 9.99122E-05 0.112588 9.99122E-05 9.99122E-05 0.00858148 9.99122E-05 0.0519653 0.00276673 9.99122E-05 9.99122E-05 9.99122E-05 0.0218519 9.99122E-05
9.99036E-05 0.518449 9.99036E-05 9.99036E-05 9.99036E-05 0.0191941 0.0653234 9.99036E-05 9.99036E-05 9.99036E-05 0.282324 9.99036E-05 9.99036E-05 9.99036E-05 0.11361 9.99036E-05
0.0340521 0.505796 0.0789458 0.0391667 0.00494059 0.0111667 9.99649E-05 0.00836465 9.99649E-05 0.0503146 0.0930842 9.99649E-05 0.0086965 0.153091 9.99649E-05 0.0119809
0.00207825 0.693967 9.99034E-05 9.99034E-05 0.101406 0.191384 9.99034E-05 9.99034E-05 9.99034E-05 0.0100648 9.99034E-05 9.99034E-05 9.99034E-05 9.99034E-05 9.99034E-05 9.99034E-05
0.0368716 0.470401 9.99212E-05 0.0371695 0.0332543 9.99212E-05 0.177634 9.99212E-05 0.031836 9.99212E-05 9.99212E-05 9.99212E-05 9.99212E-05 9.99212E-05 0.211934 9.99212E-05
9.99036E-05 0.805842 0.0418903 9.99036E-05 9.99036E-05 9.99036E-05 0.0199404 9.99036E-05 0.123858 9.99036E-05 9.99036E-05 9.99036E-05 9.99036E-05 0.00737024 9.99036E-05 9.99036E-05
9.98949E-05 0.685626 9.98949E-05 9.98949E-05 0.130321 9.98949E-05 9.98949E-05 9.98949E-05 0.0554212 9.98949E-05 9.98949E-05 9.98949E-05 9.98949E-05 9.98949E-05 0.127433 9.98949E-05
0.00682903 0.762447 0.151256 9.98948E-05 0.078269 9.98948E-05 9.98948E-05 9.98948E-05 9.98948E-05 9.98948E-05 9.98948E-05 9.98948E-05 9.98948E-05 9.98948E-05 9.98948E-05 9.98948E-05
0.0382796 0.431974 9.99211E-05 9.99211E-05 0.157099 0.0113801 9.99211E-05 9.99211E-05 0.233957 9.99211E-05 9.99211E-05 9.99211E-05 9.99211E-05 9.99211E-05 0.0614974 0.0649134
0.169297 9.98947E-05 9.98947E-05 9.98947E-05 0.107379 9.98947E-05 9.98947E-05 9.98947E-05 9.98947E-05 9.98947E-05 0.719684 9.98947E-05 0.00244199 9.98947E-05 9.98947E-05 9.98947E-05
0.0244707 9.98947E-05 9.98947E-05 9.98947E-05 0.0272611 9.98947E-05 9.98947E-05 9.98947E-05 0.391635 9.98947E-05 0.555434 9.98947E-05 9.98947E-05 9.98947E-05 9.98947E-05 9.98947E-05
9.98771E-05 9.98771E-05 9.98771E-05 9.98771E-05 0.0838604 9.98771E-05 9.98771E-05 9.98771E-05 9.98771E-05 9.98771E-05 0.914741 9.98771E-05 9.98771E-05 9.98771E-05 9.98771E-05 9.98771E-05
0.00207516 9.98857E-05 9.98857E-05 9.98857E-05 0.160265 9.98857E-05 9.98857E-05 9.98857E-05 9.98857E-05 9.98857E-05 0.836361 9.98857E-05 9.98857E-05 9.98857E-05 9.98857E-05 9.98857E-05
0.0699278 9.99033E-05 0.0061088 0.0022716 9.99033E-05 9.99033E-05 9.99033E-05 0.0189738 9.99033E-05 9.99033E-05 0.901619 9.99033E-05 9.99033E-05 9.99033E-05 9.99033E-05 9.99033E-05
0.140308 9.98947E-05 9.98947E-05 9.98947E-05 0.167299 9.98947E-05 9.98947E-05 9.98947E-05 9.98947E-05 9.98947E-05 0.629507 9.98947E-05 9.98947E-05 9.98947E-05 0.0616877 9.98947E-05
0.121706 9.99122E-05 0.0778001 9.99122E-05 0.0467461 0.0252204 9.99122E-05 9.99122E-05 9.99122E-05 9.99122E-05 0.717561 0.00996737 9.99122E-05 9.99122E-05 9.99122E-05 9.99122E-05
0.218739 9.9877E-05 9.9877E-05 9.9877E-05 9.9877E-05 9.9877E-05 9.9877E-05 9.9877E-05 9.9877E-05 9.9877E-05 0.779863 9.9877E-05 9.9877E-05 9.9877E-05 9.9877E-05 9.9877E-05
0.305257 9.99034E-05 9.99034E-05 9.99034E-05 0.0491844 0.0461536 9.99034E-05 9.99034E-05 9.99034E-05 9.99034E-05 0.452453 9.99034E-05 9.99034E-05 9.99034E-05 0.145854 9.99034E-05
0.20503 9.98859E-05 9.98859E-05 9.98859E-05 0.269441 9.98859E-05 9.98859E-05 9.98859E-05 9.98859E-05 9.98859E-05 0.524231 9.98859E-05 9.98859E-05 9.98859E-05 9.98859E-05 9.98859E-05
9.99035E-05 9.99035E-05 9.99035E-05 9.99035E-05 9.99035E-05 0.073363 9.99035E-05 0.00334971 0.176793 9.99035E-05 0.477452 9.99035E-05 9.99035E-05 9.99035E-05 0.267943 9.99035E-05
9.98947E-05 9.98947E-05 9.98947E-05 9.98947E-05 0.0237687 9.98947E-05 9.98947E-05 9.98947E-05 0.0114482 9.98947E-05 0.839666 9.98947E-05 9.98947E-05 9.98947E-05 0.123918 9.98947E-05
0.0150791 9.98773E-05 9.98773E-05 9.98773E-05 9.98773E-05 9.98773E-05 9.98773E-05 9.98773E-05 9.98773E-05 9.98773E-05 0.983523 9.98773E-05 9.98773E-05 9.98773E-05 9.98773E-05 9.98773E-05
0.119962 9.99035E-05 9.99035E-05 9.99035E-05 0.204093 9.99035E-05 9.99035E-05 9.99035E-05 9.99035E-05 9.99035E-05 0.603969 9.99035E-05 9.99035E-05 0.0247963 0.0460803 9.99035E-05
0.0849343 9.99034E-05 0.127547 9.99034E-05 9.99034E-05 0.0182672 9.99034E-05 9.99034E-05 9.99034E-05 9.99034E-05 0.762767 9.99034E-05 9.99034E-05 9.99034E-05 0.00538533 9.99034E-05
0.0231386 9.9921E-05 0.0185659 0.00709967 0.158197 9.9921E-05 9.9921E-05 0.0389962 9.9921E-05 9.9921E-05 0.709103 9.9921E-05 9.9921E-05 9.9921E-05 0.0440001 9.9921E-05
9.98947E-05 9.98947E-05 9.98947E-05 0.00697614 0.086421 9.98947E-05 9.98947E-05 9.98947E-05 9.98947E-05 9.98947E-05 0.6499 9.98947E-05 9.98947E-05 9.98947E-05 0.255504 9.98947E-05
0.121324 0.0199102 9.99124E-05 9.99124E-05 9.99124E-05 9.99124E-05 0.0112678 0.0799716 9.99124E-05 9.99124E-05 0.733554 9.99124E-05 0.0329728 9.99124E-05 9.99124E-05 9.99124E-05
0.00161377 9.98859E-05 9.98859E-05 9.98859E-05 9.98859E-05 0.00127063 9.98859E-05 9.98859E-05 9.98859E-05 9.98859E-05 0.995817 9.98859E-05 9.98859E-05 9.98859E-05 9.98859E-05 9.98859E-05
0.126496 9.99035E-05 9.99035E-05 0.164912 0.0927774 9.99035E-05 9.99035E-05 9.99035E-05 0.108232 9.99035E-05 0.506485 9.99035E-05 9.99035E-05 9.99035E-05 9.99035E-05 9.99035E-05
0.00286299 9.98947E-05 9.98947E-05 9.98947E-05 0.0706973 9.98947E-05 9.98947E-05 9.98947E-05 9.98947E-05 9.98947E-05 0.815573 9.98947E-05 9.98947E-05 9.98947E-05 0.109668 9.98947E-05
0.0294783 9.98947E-05 0.0381565 9.98947E-05 9.98947E-05 0.0125468 9.98947E-05 9.98947E-05 9.98947E-05 9.98947E-05 0.91862 9.98947E-05 9.98947E-05 9.98947E-05 9.98947E-05 9.98947E-05
0.220533 9.99034E-05 9.99034E-05 0.0480499 0.215883 9.99034E-05 9.99034E-05 9.99034E-05 9.99034E-05 9.99034E-05 0.451758 9.99034E-05 9.99034E-05 9.99034E-05 0.0626774 9.99034E-05
0.222514 9.98948E-05 9.98948E-05 9.98948E-05 9.98948E-05 9.98948E-05 9.98948E-05 9.98948E-05 0.0497036 9.98948E-05 0.671003 0.0555813 9.98948E-05 9.98948E-05 9.98948E-05 9.98948E-05
0.245596 9.99034E-05 9.99034E-05 0.0625729 0.240135 9.99034E-05 9.99034E-05 9.99034E-05 9.99034E-05 9.99034E-05 0.436837 9.99034E-05 9.99034E-05 9.99034E-05 0.0137593 9.99034E-05
0.171152 9.9921E-05 0.00728083 9.9921E-05 0.0677172 9.9921E-05 9.9921E-05 9.9921E-05 0.158252 9.9921E-05 0.416091 9.9921E-05 9.9921E-05 9.9921E-05 0.127062 0.0515446
9.99123E-05 9.99123E-05 9.99123E-05 0.0740162 0.072113 9.99123E-05 9.99123E-05 9.99123E-05 0.461563 9.99123E-05 0.303955 9.99123E-05 0.0162331 0.0711202 9.99123E-05 9.99123E-05
0.0501501 9.98945E-05 9.98945E-05 9.98945E-05 0.0561963 9.98945E-05 9.98945E-05 9.98945E-05 9.98945E-05 0.0295627 0.862892 9.98945E-05 9.98945E-05 9.98945E-05 9.98945E-05 9.98945E-05
0.322931 9.9886E-05 9.9886E-05 9.9886E-05 0.163688 9.9886E-05 9.9886E-05 9.9886E-05 9.9886E-05 9.9886E-05 0.512082 9.9886E-05 9.9886E-05 9.9886E-05 9.9886E-05 9.9886E-05
9.98948E-05 9.98948E-05 9.98948E-05 0.0567524 0.123703 0.00207876 9.98948E-05 9.98948E-05 9.98948E-05 9.98948E-05 0.816267 9.98948E-05 9.98948E-05 9.98948E-05 9.98948E-05 9.98948E-05
0.0313129 9.99035E-05 9.99035E-05 9.99035E-05 0.193538 0.0140428 9.99035E-05 9.99035E-05 9.99035E-05 9.99035E-05 0.73702 9.99035E-05 9.99035E-05 9.99035E-05 9.99035E-05 0.0229866
9.98859E-05 9.98859E-05 9.98859E-05 9.98859E-05 0.00567803 9.98859E-05 9.98859E-05 9.98859E-05 9.98859E-05 9.98859E-05 0.961038 9.98859E-05 9.98859E-05 9.98859E-05 9.98859E-05 0.0319852
0.263949 9.99034E-05 9.99034E-05 0.175295 0.183953 9.99034E-05 9.99034E-05 9.99034E-05 9.99034E-05 9.99034E-05 0.314041 9.99034E-05 0.061663 9.99034E-05 9.99034E-05 9.99034E-05
9.98858E-05 9.98858E-05 9.98858E-05 0.00744084 0.037559 9.98858E-05 9.98858E-05 9.98858E-05 9.98858E-05 9.98858E-05 0.953702 9.98858E-05 9.98858E-05 9.98858E-05 9.98858E-05 9.98858E-05
9.98772E-05 9.98772E-05 9.98772E-05 9.98772E-05 0.0729039 9.98772E-05 9.98772E-05 9.98772E-05 9.98772E-05 9.98772E-05 0.925698 9.98772E-05 9.98772E-05 9.98772E-05 9.98772E-05 9.98772E-05
0.124145 9.99122E-05 0.00482071 9.99122E-05 9.99122E-05 0.0367779 9.99122E-05 9.99122E-05 0.0604194 0.0287304 0.744108 9.99122E-05 9.99122E-05 9.99122E-05 9.99122E-05 9.99122E-05
0.0761553 9.98945E-05 0.0192852 9.98945E-05 0.217836 9.98945E-05 9.98945E-05 9.98945E-05 9.98945E-05 9.98945E-05 0.685524 9.98945E-05 9.98945E-05 9.98945E-05 9.98945E-05 9.98945E-05
0.0732523 9.98946E-05 9.98946E-05 0.0184044 9.98946E-05 9.98946E-05 9.98946E-05 9.98946E-05 0.387988 9.98946E-05 0.519157 9.98946E-05 9.98946E-05 9.98946E-05 9.98946E-05 9.98946E-05
0.0117387 9.98948E-05 9.98948E-05 9.98948E-05 0.0573968 9.98948E-05 9.98948E-05 9.98948E-05 0.0552885 9.98948E-05 0.874377 9.98948E-05 9.98948E-05 9.98948E-05 9.98948E-05 9.98948E-05
9.98774E-05 9.98774E-05 9.98774E-05 9.98774E-05 9.98774E-05 9.98774E-05 9.98774E-05 9.98774E-05 0.203933 9.98774E-05 0.794669 9.98774E-05 9.98774E-05 9.98774E-05 9.98774E-05 9.98774E-05
0.00948888 9.99035E-05 9.99035E-05 0.0320122 9.99035E-05 9.99035E-05 9.99035E-05 9.99035E-05 0.356838 9.99035E-05 0.589703 9.99035E-05 9.99035E-05 9.99035E-05 0.0108593 9.99035E-05
0.055314 9.99121E-05 9.99121E-05 9.99121E-05 0.275123 0.0492551 9.99121E-05 9.99121E-05 9.99121E-05 9.99121E-05 0.470154 9.99121E-05 0.00287207 9.99121E-05 0.146283 9.99121E-05
0.150312 9.98946E-05 9.98946E-05 9.98946E-05 9.98946E-05 9.98946E-05 9.98946E-05 9.98946E-05 9.98946E-05 9.98946E-05 0.803185 0.00518224 0.0401223 9.98946E-05 9.98946E-05 9.98946E-05
0.188235 9.9921E-05 9.9921E-05 0.0927378 0.0820557 0.00468201 9.9921E-05 9.9921E-05 0.537861 9.9921E-05 0.0823199 9.9921E-05 9.9921E-05 9.9921E-05 0.0112091 9.9921E-05
9.9886E-05 9.9886E-05 9.9886E-05 9.9886E-05 0.0794275 9.9886E-05 9.9886E-05 9.9886E-05 0.43757 9.9886E-05 0.481704 9.9886E-05 9.9886E-05 9.9886E-05 9.9886E-05 9.9886E-05
0.192158 9.99034E-05 0.00226435 0.116907 9.99034E-05 9.99034E-05 9.99034E-05 9.99034E-05 9.99034E-05 9.99034E-05 0.53777 9.99034E-05 9.99034E-05 9.99034E-05 0.149802 9.99034E-05
0.18695 9.98861E-05 9.98861E-05 9.98861E-05 0.0771115 9.98861E-05 9.98861E-05 9.98861E-05 9.98861E-05 9.98861E-05 0.73464 9.98861E-05 9.98861E-05 9.98861E-05 9.98861E-05 9.98861E-05
0.149431 9.99036E-05 9.99036E-05 9.99036E-05 9.99036E-05 9.99036E-05 9.99036E-05 9.99036E-05 9.99036E-05 9.99036E-05 0.604977 9.99036E-05 9.99036E-05 0.115184 0.0966649 0.032644
0.26326 0.0656709 9.98947E-05 9.98947E-05 0.212322 9.98947E-05 9.98947E-05 9.98947E-05 9.98947E-05 9.98947E-05 0.457548 9.98947E-05 9.98947E-05 9.98947E-05 9.98947E-05 9.98947E-05
9.9886E-05 9.9886E-05 9.9886E-05 9.9886E-05 0.0500763 9.9886E-05 9.9886E-05 9.9886E-05 0.389612 9.9886E-05 0.559013 9.9886E-05 9.9886E-05 9.9886E-05 9.9886E-05 9.9886E-05
9.98946E-05 9.98946E-05 9.98946E-05 9.98946E-05 0.125765 9.98946E-05 9.98946E-05 0.0105987 9.98946E-05 0.148492 0.713945 9.98946E-05 9.98946E-05 9.98946E-05 9.98946E-05 9.98946E-05
0.151544 9.9921E-05 9.9921E-05 9.9921E-05 0.0159273 0.0394728 9.9921E-05 9.9921E-05 0.434862 9.9921E-05 0.275399 9.9921E-05 0.0272324 9.9921E-05 0.0546635 9.9921E-05
0.0960767 9.99036E-05 0.013093 9.99036E-05 0.137673 9.99036E-05 9.99036E-05 9.99036E-05 0.106977 9.99036E-05 0.645082 9.99036E-05 9.99036E-05 9.99036E-05 9.99036E-05 9.99036E-05
0.0858445 9.98946E-05 9.98946E-05 9.98946E-05 9.98946E-05 9.98946E-05 9.98946E-05 9.98946E-05 9.98946E-05 9.98946E-05 0.820236 9.98946E-05 9.98946E-05 9.98946E-05 0.0525011 0.0402199
9.98858E-05 9.98858E-05 0.053591 9.98858E-05 9.98858E-05 9.98858E-05 9.98858E-05 9.98858E-05 9.98858E-05 0.0596298 0.885481 9.98858E-05 9.98858E-05 9.98858E-05 9.98858E-05 9.98858E-05
0.223497 9.99033E-05 9.99033E-05 9.99033E-05 0.119219 0.000108849 9.99033E-05 9.99033E-05 9.99033E-05 9.99033E-05 0.40281 9.99033E-05 9.99033E-05 9.99033E-05 0.253266 9.99033E-05
0.173102 9.98858E-05 9.98858E-05 9.98858E-05 0.0726215 9.98858E-05 9.98858E-05 9.98858E-05 9.98858E-05 9.98858E-05 0.752978 9.98858E-05 9.98858E-05 9.98858E-05 9.98858E-05 9.98858E-05
0.0226437 9.98858E-05 9.98858E-05 9.98858E-05 9.98858E-05 9.98858E-05 9.98858E-05 9.98858E-05 9.98858E-05 9.98858E-05 0.961586 9.98858E-05 9.98858E-05 9.98858E-05 9.98858E-05 0.0144714
9.9886E-05 9.9886E-05 9.9886E-05 0.137856 0.0356458 9.9886E-05 9.9886E-05 9.9886E-05 9.9886E-05 9.9886E-05 0.825199 9.9886E-05 9.9886E-05 9.9886E-05 9.9886E-05 9.9886E-05
0.139477 9.99035E-05 9.99035E-05 9.99035E-05 0.0544953 9.99035E-05 9.99035E-05 9.99035E-05 0.0850619 9.99035E-05 0.642716 9.99035E-05 9.99035E-05 9.99035E-05 0.0771511 9.99035E-05
9.98681E-05 9.98681E-05 9.98681E-05 9.98681E-05 0.998502 9.98681E-05 9.98681E-05 9.98681E-05 9.98681E-05 9.98681E-05 9.98681E-05 9.98681E-05 9.98681E-05 9.98681E-05 9.98681E-05 9.98681E-05
0.998502 9.98681E-05 9.98681E-05 9.98681E-05 9.98681E-05 9.98681E-05 9.98681E-05 9.98681E-05 9.98681E-05 9.98681E-05 9.98681E-05 9.98681E-05 9.98681E-05 9.98681E-05 9.98681E-05 9.98681E-05
9.98681E-05 9.98681E-05 9.98681E-05 9.98681E-05 0.998502 9.98681E-05 9.98681E-05 9.98681E-05 9.98681E-05 9.98681E-05 9.98681E-05 9.98681E-05 9.98681E-05 9.98681E-05 9.98681E-05 9.98681E-05
0.998502 9.9868E-05 9.9868E-05 9.9868E-05 9.9868E-05 9.9868E-05 9.9868E-05 9.9868E-05 9.9868E-05 9.9868E-05 9.9868E-05 9.9868E-05 9.9868E-05 9.9868E-05 9.9868E-05 9.9868E-05
0.998502 9.98681E-05 9.98681E-05 9.98681E-05 9.98681E-05 9.98681E-05 9.98681E-05 9.98681E-05 9.98681E-05 9.98681E-05 9.98681E-05 9.98681E-05 9.98681E-05 9.98681E-05 9.98681E-05 9.98681E-05
0.998502 9.98681E-05 9.98681E-05 9.98681E-05 9.98681E-05 9.98681E-05 9.98681E-05 9.98681E-05 9.98681E-05 9.98681E-05 9.98681E-05 9.98681E-05 9.98681E-05 9.98681E-05 9.98681E-05 9.98681E-05
9.98681E-05 9.98681E-05 9.98681E-05 9.98681E-05 0.998502 9.98681E-05 9.98681E-05 9.98681E-05 9.98681E-05 9.98681E-05 9.98681E-05 9.98681E-05 9.98681E-05 9.98681E-05 9.98681E-05 9.98681E-05
0.998502 9.98681E-05 9.98681E-05 9.98681E-05 9.98681E-05 9.98681E-05 9.98681E-05 9.98681E-05 9.98681E-05 9.98681E-05 9.98681E-05 9.98681E-05 9.98681E-05 9.98681E-05 9.98681E-05 9.98681E-05
0.998502 9.98681E-05 9.98681E-05 9.98681E-05 9.98681E-05 9.98681E-05 9.98681E-05 9.98681E-05 9.98681E-05 9.98681E-05 9.98681E-05 9.98681E-05 9.98681E-05 9.98681E-05 9.98681E-05 9.98681E-05
9.98681E-05 9.98681E-05 9.98681E-05 9.98681E-05 0.998502 9.98681E-05 9.98681E-05 9.98681E-05 9.98681E-05 9.98681E-05 9.98681E-05 9.98681E-05 9.98681E-05 9.98681E-05 9.98681E-05 9.98681E-05
9.98681E-05 9.98681E-05 9.98681E-05 9.98681E-05 0.998502 9.98681E-05 9.98681E-05 9.98681E-05 9.98681E-05 9.98681E-05 9.98681E-05 9.98681E-05 9.98681E-05 9.98681E-05 9.98681E-05 9.98681E-05
9.98681E-05 9.98681E-05 9.98681E-05 9.98681E-05 0.998502 9.98681E-05 9.98681E-05 9.98681E-05 9.98681E-05 9.98681E-05 9.98681E-05 9.98681E-05 9.98681E-05 9.98681E-05 9.98681E-05 9.98681E-05
0.998502 9.9868E-05 9.9868E-05 9.9868E-05 9.9868E-05 9.9868E-05 9.9868E-05 9.9868E-05 9.9868E-05 9.9868E-05 9.9868E-05 9.9868E-05 9.9868E-05 9.9868E-05 9.9868E-05 9.9868E-05
0.998502 9.98682E-05 9.98682E-05 9.98682E-05 9.98682E-05 9.98682E-05 9.98682E-05 9.98682E-05 9.98682E-05 9.98682E-05 9.98682E-05 9.98682E-05 9.98682E-05 9.98682E-05 9.98682E-05 9.98682E-05
9.98682E-05 9.98682E-05 9.98682E-05 9.98682E-05 0.998502 9.98682E-05 9.98682E-05 9.98682E-05 9.98682E-05 9.98682E-05 9.98682E-05 9.98682E-05 9.98682E-05 9.98682E-05 9.98682E-05 9.98682E-05
9.98681E-05 9.98681E-05 9.98681E-05 9.98681E-05 0.998502 9.98681E-05 9.98681E-05 9.98681E-05 9.98681E-05 9.98681E-05 9.98681E-05 9.98681E-05 9.98681E-05 9.98681E-05 9.98681E-05 9.98681E-05
0.0804966 9.99209E-05 9.99209E-05 9.99209E-05 0.134561 9.99209E-05 9.99209E-05 0.0646693 9.99209E-05 0.134131 0.557654 9.99209E-05 9.99209E-05 0.0194805 0.00810917 9.99209E-05
9.98681E-05 9.98681E-05 9.98681E-05 9.98681E-05 0.998502 9.98681E-05 9.98681E-05 9.98681E-05 9.98681E-05 9.98681E-05 9.98681E-05 9.98681E-05 9.98681E-05 9.98681E-05 9.98681E-05 9.98681E-05
0.998502 9.98681E-05 9.98681E-05 9.98681E-05 9.98681E-05 9.98681E-05 9.98681E-05 9.98681E-05 9.98681E-05 9.98681E-05 9.98681E-05 9.98681E-05 9.98681E-05 9.98681E-05 9.98681E-05 9.98681E-05
9.98681E-05 9.98681E-05 9.98681E-05 9.98681E-05 0.998502 9.98681E-05 9.98681E-05 9.98681E-05 9.98681E-05 9.98681E-05 9.98681E-05 9.98681E-05 9.98681E-05 9.98681E-05 9.98681E-05 9.98681E-05
9.98681E-05 9.98681E-05 9.98681E-05 9.98681E-05 0.998502 9.98681E-05 9.98681E-05 9.98681E-05 9.98681E-05 9.98681E-05 9.98681E-05 9.98681E-05 9.98681E-05 9.98681E-05 9.98681E-05 9.98681E-05
9.9868E-05 9.9868E-05 9.9868E-05 9.9868E-05 0.998502 9.9868E-05 9.9868E-05 9.9868E-05 9.9868E-05 9.9868E-05 9.9868E-05 9.9868E-05 9.9868E-05 9.9868E-05 9.9868E-05 9.9868E-05
0.998502 9.9868E-05 9.9868E-05 9.9868E-05 9.9868E-05 9.9868E-05 9.9868E-05 9.9868E-05 9.9868E-05 9.9868E-05 9.9868E-05 9.9868E-05 9.9868E-05 9.9868E-05 9.9868E-05 9.9868E-05
9.98681E-05 9.98681E-05 9.98681E-05 9.98681E-05 0.998502 9.98681E-05 9.98681E-05 9.98681E-05 9.98681E-05 9.98681E-05 9.98681E-05 9.98681E-05 9.98681E-05 9.98681E-05 9.98681E-05 9.98681E-05
0.998502 9.98681E-05 9.98681E-05 9.98681E-05 9.98681E-05 9.98681E-05 9.98681E-05 9.98681E-05 9.98681E-05 9.98681E-05 9.98681E-05 9.98681E-05 9.98681E-05 9.98681E-05 9.98681E-05 9.98681E-05
9.98681E-05 9.98681E-05 9.98681E-05 9.98681E-05 0.998502 9.98681E-05 9.98681E-05 9.98681E-05 9.98681E-05 9.98681E-05 9.98681E-05 9.98681E-05 9.98681E-05 9.98681E-05 9.98681E-05 9.98681E-05
9.98681E-05 9.98681E-05 9.98681E-05 9.98681E-05 0.998502 9.98681E-05 9.98681E-05 9.98681E-05 9.98681E-05 9.98681E-05 9.98681E-05 9.98681E-05 9.98681E-05 9.98681E-05 9.98681E-05 9.98681E-05
0.998502 9.98681E-05 9.98681E-05 9.98681E-05 9.98681E-05 9.98681E-05 9.98681E-05 9.98681E-05 9.98681E-05 9.98681E-05 9.98681E-05 9.98681E-05 9.98681E-05 9.98681E-05 9.98681E-05 9.98681E-05
0.998502 9.98681E-05 9.98681E-05 9.98681E-05 9.98681E-05 9.98681E-05 9.98681E-05 9.98681E-05 9.98681E-05 9.98681E-05 9.98681E-05 9.98681E-05 9.98681E-05 9.98681E-05 9.98681E-05 9.98681E-05
0.998502 9.98682E-05 9.98682E-05 9.98682E-05 9.98682E-05 9.98682E-05 9.98682E-05 9.98682E-05 9.98682E-05 9.98682E-05 9.98682E-05 9.98682E-05 9.98682E-05 9.98682E-05 9.98682E-05 9.98682E-05
9.98681E-05 9.98681E-05 9.98681E-05 9.98681E-05 0.998502 9.98681E-05 9.98681E-05 9.98681E-05 9.98681E-05 9.98681E-05 9.98681E-05 9.98681E-05 9.98681E-05 9.98681E-05 9.98681E-05 9.98681E-05
9.98682E-05 9.98682E-05 9.98682E-05 9.98682E-05 0.998502 9.98682E-05 9.98682E-05 9.98682E-05 9.98682E-05 9.98682E-05 9.98682E-05 9.98682E-05 9.98682E-05 9.98682E-05 9.98682E-05 9.98682E-05
9.9868E-05 9.9868E-05 9.9868E-05 9.9868E-05 0.998502 9.9868E-05 9.9868E-05 9.9868E-05 9.9868E-05 9.9868E-05 9.9868E-05 9.9868E-05 9.9868E-05 9.9868E-05 9.9868E-05 9.9868E-05
9.98681E-05 9.98681E-05 9.98681E-05 9.98681E-05 0.998502 9.98681E-05 9.98681E-05 9.98681E-05 9.98681E-05 9.98681E-05 9.98681E-05 9.98681E-05 9.98681E-05 9.98681E-05 9.98681E-05 9.98681E-05
9.98681E-05 9.98681E-05 9.98681E-05 9.98681E-05 0.998502 9.98681E-05 9.98681E-05 9.98681E-05 9.98681E-05 9.98681E-05 9.98681E-05 9.98681E-05 9.98681E-05 9.98681E-05 9.98681E-05 9.98681E-05
0.998502 9.98682E-05 9.98682E-05 9.98682E-05 9.98682E-05 9.98682E-05 9.98682E-05 9.98682E-05 9.98682E-05 9.98682E-05 9.98682E-05 9.98682E-05 9.98682E-05 9.98682E-05 9.98682E-05 9.98682E-05
0.998502 9.98681E-05 9.98681E-05 9.98681E-05 9.98681E-05 9.98681E-05 9.98681E-05 9.98681E-05 9.98681E-05 9.98681E-05 9.98681E-05 9.98681E-05 9.98681E-05 9.98681E-05 9.98681E-05 9.98681E-05
0.998502 9.98681E-05 9.98681E-05 9.98681E-05 9.98681E-05 9.98681E-05 9.98681E-05 9.98681E-05 9.98681E-05 9.98681E-05 9.98681E-05 9.98681E-05 9.98681E-05 9.98681E-05 9.98681E-05 9.98681E-05
9.98681E-05 9.98681E-05 9.98681E-05 9.98681E-05 0.998502 9.98681E-05 9.98681E-05 9.98681E-05 9.98681E-05 9.98681E-05 9.98681E-05 9.98681E-05 9.98681E-05 9.98681E-05 9.98681E-05 9.98681E-05
0.998502 9.98681E-05 9.98681E-05 9.98681E-05 9.98681E-05 9.98681E-05 9.98681E-05 9.98681E-05 9.98681E-05 9.98681E-05 9.98681E-05 9.98681E-05 9.98681E-05 9.98681E-05 9.98681E-05 9.98681E-05
0.998502 9.9868E-05 9.9868E-05 9.9868E-05 9.9868E-05 9.9868E-05 9.9868E-05 9.9868E-05 9.9868E-05 9.9868E-05 9.9868E-05 9.9868E-05 9.9868E-05 9.9868E-05 9.9868E-05 9.9868E-05
0.998502 9.9868E-05 9.9868E-05 9.9868E-05 9.9868E-05 9.9868E-05 9.9868E-05 9.9868E-05 9.9868E-05 9.9868E-05 9.9868E-05 9.9868E-05 9.9868E-05 9.9868E-05 9.9868E-05 9.9868E-05
0.998502 9.9868E-05 9.9868E-05 9.9868E-05 9.9868E-05 9.9868E-05 9.9868E-05 9.9868E-05 9.9868E-05 9.9868E-05 9.9868E-05 9.9868E-05 9.9868E-05 9.9868E-05 9.9868E-05 9.9868E-05
9.98681E-05 9.98681E-05 9.98681E-05 9.98681E-05 0.998502 9.98681E-05 9.98681E-05 9.98681E-05 9.98681E-05 9.98681E-05 9.98681E-05 9.98681E-05 9.98681E-05 9.98681E-05 9.98681E-05 9.98681E-05
0.998502 9.98682E-05 9.98682E-05 9.98682E-05 9.98682E-05 9.98682E-05 9.98682E-05 9.98682E-05 9.98682E-05 9.98682E-05 9.98682E-05 9.98682E-05 9.98682E-05 9.98682E-05 9.98682E-05 9.98682E-05
0.998502 9.98681E-05 9.98681E-05 9.98681E-05 9.98681E-05 9.98681E-05 9.98681E-05 9.98681E-05 9.98681E-05 9.98681E-05 9.98681E-05 9.98681E-05 9.98681E-05 9.98681E-05 9.98681E-05 9.98681E-05
0.0787731 9.99209E-05 0.0168656 9.99209E-05 0.0554382 9.99209E-05 9.99209E-05 0.0846824 9.99209E-05 0.171299 0.580726 9.99209E-05 9.99209E-05 0.0113166 9.99209E-05 9.99209E-05
9.98681E-05 9.98681E-05 9.98681E-05 9.98681E-05 0.998502 9.98681E-05 9.98681E-05 9.98681E-05 9.98681E-05 9.98681E-05 9.98681E-05 9.98681E-05 9.98681E-05 9.98681E-05 9.98681E-05 9.98681E-05
0.998502 9.98681E-05 9.98681E-05 9.98681E-05 9.98681E-05 9.98681E-05 9.98681E-05 9.98681E-05 9.98681E-05 9.98681E-05 9.98681E-05 9.98681E-05 9.98681E-05 9.98681E-05 9.98681E-05 9.98681E-05
0.998502 9.98681E-05 9.98681E-05 9.98681E-05 9.98681E-05 9.98681E-05 9.98681E-05 9.98681E-05 9.98681E-05 9.98681E-05 9.98681E-05 9.98681E-05 9.98681E-05 9.98681E-05 9.98681E-05 9.98681E-05
0.998502 9.98681E-05 9.98681E-05 9.98681E-05 9.98681E-05 9.98681E-05 9.98681E-05 9.98681E-05 9.98681E-05 9.98681E-05 9.98681E-05 9.98681E-05 9.98681E-05 9.98681E-05 9.98681E-05 9.98681E-05
0.998502 9.98681E-05 9.98681E-05 9.98681E-05 9.98681E-05 9.98681E-05 9.98681E-05 9.98681E-05 9.98681E-05 9.98681E-05 9.98681E-05 9.98681E-05 9.98681E-05 9.98681E-05 9.98681E-05 9.98681E-05
9.98681E-05 9.98681E-05 9.98681E-05 9.98681E-05 0.998502 9.98681E-05 9.98681E-05 9.98681E-05 9.98681E-05 9.98681E-05 9.98681E-05 9.98681E-05 9.98681E-05 9.98681E-05 9.98681E-05 9.98681E-05
0.998502 9.98681E-05 9.98681E-05 9.98681E-05 9.98681E-05 9.98681E-05 9.98681E-05 9.98681E-05 9.98681E-05 9.98681E-05 9.98681E-05 9.98681E-05 9.98681E-05 9.98681E-05 9.98681E-05 9.98681E-05
9.98681E-05 9.98681E-05 9.98681E-05 9.98681E-05 0.998502 9.98681E-05 9.98681E-05 9.98681E-05 9.98681E-05 9.98681E-05 9.98681E-05 9.98681E-05 9.98681E-05 9.98681E-05 9.98681E-05 9.98681E-05
0.998502 9.98681E-05 9.98681E-05 9.98681E-05 9.98681E-05 9.98681E-05 9.98681E-05 9.98681E-05 9.98681E-05 9.98681E-05 9.98681E-05 9.98681E-05 9.98681E-05 9.98681E-05 9.98681E-05 9.98681E-05
9.9868E-05 9.9868E-05 9.9868E-05 9.9868E-05 0.998502 9.9868E-05 9.9868E-05 9.9868E-05 9.9868E-05 9.9868E-05 9.9868E-05 9.9868E-05 9.9868E-05 9.9868E-05 9.9868E-05 9.9868E-05
0.998502 9.98681E-05 9.98681E-05 9.98681E-05 9.98681E-05 9.98681E-05 9.98681E-05 9.98681E-05 9.98681E-05 9.98681E-05 9.98681E-05 9.98681E-05 9.98681E-05 9.98681E-05 9.98681E-05 9.98681E-05
0.998502 9.98682E-05 9.98682E-05 9.98682E-05 9.98682E-05 9.98682E-05 9.98682E-05 9.98682E-05 9.98682E-05 9.98682E-05 9.98682E-05 9.98682E-05 9.98682E-05 9.98682E-05 9.98682E-05 9.98682E-05
0.998502 9.98681E-05 9.98681E-05 9.98681E-05 9.98681E-05 9.98681E-05 9.98681E-05 9.98681E-05 9.98681E-05 9.98681E-05 9.98681E-05 9.98681E-05 9.98681E-05 9.98681E-05 9.98681E-05 9.98681E-05
0.998502 9.9868E-05 9.9868E-05 9.9868E-05 9.9868E-05 9.9868E-05 9.9868E-05 9.9868E-05 9.9868E-05 9.9868E-05 9.9868E-05 9.9868E-05 9.9868E-05 9.9868E-05 9.9868E-05 9.9868E-05
0.998502 9.98681E-05 9.98681E-05 9.98681E-05 9.98681E-05 9.98681E-05 9.98681E-05 9.98681E-05 9.98681E-05 9.98681E-05 9.98681E-05 9.98681E-05 9.98681E-05 9.98681E-05 9.98681E-05 9.98681E-05
0.998502 9.98682E-05 9.98682E-05 9.98682E-05 9.98682E-05 9.98682E-05 9.98682E-05 9.98682E-05 9.98682E-05 9.98682E-05 9.98682E-05 9.98682E-05 9.98682E-05 9.98682E-05 9.98682E-05 9.98682E-05
9.98681E-05 9.98681E-05 9.98681E-05 9.98681E-05 0.998502 9.98681E-05 9.98681E-05 9.98681E-05 9.98681E-05 9.98681E-05 9.98681E-05 9.98681E-05 9.98681E-05 9.98681E-05 9.98681E-05 9.98681E-05
9.98682E-05 9.98682E-05 9.98682E-05 9.98682E-05 0.998502 9.98682E-05 9.98682E-05 9.98682E-05 9.98682E-05 9.98682E-05 9.98682E-05 9.98682E-05 9.98682E-05 9.98682E-05 9.98682E-05 9.98682E-05
9.98682E-05 9.98682E-05 9.98682E-05 9.98682E-05 0.998502 9.98682E-05 9.98682E-05 9.98682E-05 9.98682E-05 9.98682E-05 9.98682E-05 9.98682E-05 9.98682E-05 9.98682E-05 9.98682E-05 9.98682E-05
0.998502 9.98681E-05 9.98681E-05 9.98681E-05 9.98681E-05 9.98681E-05 9.98681E-05 9.98681E-05 9.98681E-05 9.98681E-05 9.98681E-05 9.98681E-05 9.98681E-05 9.98681E-05 9.98681E-05 9.98681E-05
9.9868E-05 9.9868E-05 9.9868E-05 9.9868E-05 0.998502 9.9868E-05 9.9868E-05 9.9868E-05 9.9868E-05 9.9868E-05 9.9868E-05 9.9868E-05 9.9868E-05 9.9868E-05 9.9868E-05 9.9868E-05
9.98681E-05 9.98681E-05 9.98681E-05 9.98681E-05 0.998502 9.98681E-05 9.98681E-05 9.98681E-05 9.98681E-05 9.98681E-05 9.98681E-05 9.98681E-05 9.98681E-05 9.98681E-05 9.98681E-05 9.98681E-05
9.9868E-05 9.9868E-05 9.9868E-05 9.9868E-05 0.998502 9.9868E-05 9.9868E-05 9.9868E-05 9.9868E-05 9.9868E-05 9.9868E-05 9.9868E-05 9.9868E-05 9.9868E-05 9.9868E-05 9.9868E-05
0.998502 9.98681E-05 9.98681E-05 9.98681E-05 9.98681E-05 9.98681E-05 9.98681E-05 9.98681E-05 9.98681E-05 9.98681E-05 9.98681E-05 9.98681E-05 9.98681E-05 9.98681E-05 9.98681E-05 9.98681E-05
0.998502 9.98681E-05 9.98681E-05 9.98681E-05 9.98681E-05 9.98681E-05 9.98681E-05 9.98681E-05 9.98681E-05 9.98681E-05 9.98681E-05 9.98681E-05 9.98681E-05 9.98681E-05 9.98681E-05 9.98681E-05
