0.328182 0.0349328 0.036615 9.99649E-05 0.484862 0.101816 9.99649E-05 0.0131927 9.99649E-05 9.99649E-05
0.154292 9.99385E-05 9.99385E-05 9.99385E-05 0.801124 0.0438842 9.99385E-05 9.99385E-05 9.99385E-05 9.99385E-05
9.99385E-05 9.99385E-05 9.99385E-05 0.023005 0.903763 9.99385E-05 0.0725329 9.99385E-05 9.99385E-05 9.99385E-05
0.0691063 0.393382 0.0336753 9.99824E-05 0.253307 0.0934265 0.00796623 0.0468219 9.99824E-05 0.102114
9.99298E-05 9.99298E-05 9.99298E-05 9.99298E-05 0.81611 9.99298E-05 0.183091 9.99298E-05 9.99298E-05 9.99298E-05
9.99737E-05 0.128396 9.99737E-05 0.0083198 0.349689 9.99737E-05 0.158068 0.17586 0.0121081 0.167259
0.307504 0.291265 9.99561E-05 0.0493504 0.252313 0.0990681 9.99561E-05 9.99561E-05 9.99561E-05 9.99561E-05
9.99737E-05 0.11007 9.99737E-05 0.124443 0.303639 0.0310141 0.194246 0.205777 0.0305116 9.99737E-05
0.265579 0.0902799 0.0630523 9.99649E-05 0.262009 9.99649E-05 0.0946625 0.224018 9.99649E-05 9.99649E-05
0.0629248 9.99385E-05 9.99385E-05 9.99385E-05 0.914314 9.99385E-05 9.99385E-05 9.99385E-05 0.0220618 9.99385E-05
0.19858 9.99561E-05 0.00819019 9.99561E-05 0.565508 0.161784 9.99561E-05 0.065437 9.99561E-05 9.99561E-05
9.99561E-05 0.0241579 0.0122708 0.0269702 0.911787 9.99561E-05 0.0243145 9.99561E-05 9.99561E-05 9.99561E-05
0.0834422 9.99649E-05 0.0346606 9.99649E-05 0.839528 0.0195744 9.99649E-05 0.0218786 9.99649E-05 0.000516531
0.000917186 9.99561E-05 9.99561E-05 0.108305 0.643625 0.0849382 9.99561E-05 9.99561E-05 9.99561E-05 0.161715
0.221808 0.125303 9.99561E-05 9.99561E-05 0.395826 9.99561E-05 9.99561E-05 0.15939 9.99561E-05 0.0971734
0.130825 0.0902037 9.99824E-05 0.201533 0.292773 0.0335531 9.99824E-05 0.201791 0.0127895 0.0363317
0.120543 0.14041 9.99649E-05 0.0282769 0.626325 0.0222123 9.99649E-05 9.99649E-05 9.99649E-05 0.061833
0.199344 9.99561E-05 0.206414 9.99561E-05 0.270598 9.99561E-05 9.99561E-05 0.0578191 0.265324 9.99561E-05
0.213173 0.165636 0.0531442 9.99648E-05 0.401014 0.00945011 9.99648E-05 0.157183 9.99648E-05 9.99648E-05
9.99385E-05 9.99385E-05 0.0628438 9.99385E-05 0.912425 9.99385E-05 9.99385E-05 0.0240312 9.99385E-05 9.99385E-05
0.00658778 0.183694 0.0214656 9.99737E-05 0.496759 0.0796224 0.0985041 0.113067 9.99737E-05 9.99737E-05
0.0241753 0.155628 9.99824E-05 9.99824E-05 0.350918 0.0124865 0.211431 0.198036 0.0133291 0.0337962
0.252313 9.99473E-05 9.99473E-05 9.99473E-05 0.672602 0.0667985 9.99473E-05 9.99473E-05 0.00768721 9.99473E-05
0.378731 0.0982682 9.99473E-05 0.0742712 0.44813 9.99473E-05 9.99473E-05 9.99473E-05 9.99473E-05 9.99473E-05
0.205351 9.99649E-05 0.184494 9.99649E-05 0.264627 0.128129 9.99649E-05 0.0817812 9.99649E-05 0.135218
9.99561E-05 9.99561E-05 9.99561E-05 9.99561E-05 0.704749 9.99561E-05 0.126871 0.0663016 0.0355042 0.0660742
0.30865 0.0198633 9.99824E-05 0.13788 0.122998 0.0122468 9.99824E-05 0.0714821 0.133206 0.193474
0.0914024 0.238217 9.99386E-05 9.99386E-05 0.669681 9.99386E-05 9.99386E-05 9.99386E-05 9.99386E-05 9.99386E-05
0.257419 9.99561E-05 0.0488468 9.99561E-05 0.618482 0.0252777 9.99561E-05 9.99561E-05 9.99561E-05 0.0494749
0.0377076 9.99474E-05 9.99474E-05 9.99474E-05 0.850635 9.99474E-05 9.99474E-05 0.0351856 9.99474E-05 0.0758717
0.0478131 0.0542343 0.0609278 9.99736E-05 0.66675 0.0317082 9.99736E-05 0.109713 0.0285533 9.99736E-05
0.0732229 0.0729085 9.99561E-05 9.99561E-05 0.576163 0.0793691 9.99561E-05 9.99561E-05 9.99561E-05 0.197837
0.140694 9.99648E-05 9.99648E-05 0.183254 0.520568 0.102581 0.0128396 0.0396637 9.99648E-05 9.99648E-05
0.0801246 0.0490739 9.99824E-05 0.0550102 0.498346 0.0166413 0.00665181 9.99824E-05 0.026758 0.267194
9.99386E-05 9.99386E-05 0.097483 9.99386E-05 0.817279 0.0845383 9.99386E-05 9.99386E-05 9.99386E-05 9.99386E-05
0.0601404 0.121771 0.0315534 9.99649E-05 0.695027 0.0668539 9.99649E-05 0.0242536 9.99649E-05 9.99649E-05
0.0086368 9.99474E-05 9.99474E-05 0.0964841 0.884918 0.00936104 9.99474E-05 9.99474E-05 9.99474E-05 9.99474E-05
0.0906674 9.99474E-05 0.0618056 9.99474E-05 0.685031 9.99474E-05 9.99474E-05 0.161896 9.99474E-05 9.99474E-05
0.170279 9.99649E-05 9.99649E-05 9.99649E-05 0.576649 0.0888922 0.00671509 0.039339 9.99649E-05 0.117726
0.0516181 9.99473E-05 9.99473E-05 0.171563 0.503119 9.99473E-05 9.99473E-05 9.99473E-05 9.99473E-05 0.2731
0.0439881 0.0584497 9.99561E-05 9.99561E-05 0.844318 0.030217 9.99561E-05 0.0225279 9.99561E-05 9.99561E-05
0.184961 9.99561E-05 9.99561E-05 0.0641503 0.677425 0.0313394 9.99561E-05 0.0416246 9.99561E-05 9.99561E-05
9.99298E-05 9.99298E-05 9.99298E-05 9.99298E-05 0.913542 9.99298E-05 9.99298E-05 9.99298E-05 9.99298E-05 0.0856583
0.293567 0.0220593 9.99737E-05 9.99737E-05 0.457322 0.0927942 0.0226017 0.0949625 0.0163931 9.99737E-05
0.284481 0.292007 9.99649E-05 9.99649E-05 0.343265 0.000955606 0.068374 0.0105171 9.99649E-05 9.99649E-05
0.00130587 9.9956E-05 0.00559883 9.9956E-05 0.827276 9.9956E-05 0.156456 0.00886297 9.9956E-05 9.9956E-05
0.0585113 9.99561E-05 0.000602346 9.99561E-05 0.869133 9.99561E-05 9.99561E-05 0.00056231 0.0706916 9.99561E-05
9.99473E-05 9.99473E-05 9.99473E-05 0.0702801 0.90539 0.01918 0.00455042 9.99473E-05 9.99473E-05 9.99473E-05
0.157773 0.0423345 9.99648E-05 0.0145672 0.625459 0.0827058 0.0767607 9.99648E-05 9.99648E-05 9.99648E-05
9.99649E-05 9.99649E-05 0.0229669 0.0804845 0.767015 0.0173721 0.084956 0.0268059 9.99649E-05 9.99649E-05
0.474066 0.0615336 9.99649E-05 9.99649E-05 0.252771 0.116119 9.99649E-05 0.0429055 9.99649E-05 0.0522048
9.99649E-05 0.0915089 9.99649E-05 0.0766601 0.590654 0.00321464 0.196813 0.0407495 9.99649E-05 9.99649E-05
9.99386E-05 9.99386E-05 9.99386E-05 9.99386E-05 0.915447 9.99386E-05 9.99386E-05 0.00686005 0.0769938 9.99386E-05
0.0516605 9.99649E-05 0.0281644 0.16331 0.642081 9.99649E-05 0.11364 0.000744231 9.99649E-05 9.99649E-05
0.0517215 0.0981921 9.99561E-05 9.99561E-05 0.802457 9.99561E-05 0.0198661 0.0272636 9.99561E-05 9.99561E-05
9.99561E-05 9.99561E-05 0.0975442 9.99561E-05 0.756486 0.00355103 0.0464218 9.99561E-05 9.99561E-05 0.0954975
0.0933462 0.019246 9.99473E-05 9.99473E-05 0.745908 9.99473E-05 9.99473E-05 9.99473E-05 0.1409 9.99473E-05
9.99473E-05 0.0804365 9.99473E-05 9.99473E-05 0.863574 0.0363948 9.99473E-05 0.0189952 9.99473E-05 9.99473E-05
0.0295353 9.99561E-05 9.99561E-05 9.99561E-05 0.919645 0.0296355 0.0201371 0.000547009 9.99561E-05 9.99561E-05
0.60285 0.0128161 9.99824E-05 0.0092076 0.15602 0.0571661 9.99824E-05 0.0488775 0.0803169 0.0325459
0.366151 0.235889 9.99475E-05 9.99475E-05 0.335614 0.0617473 9.99475E-05 9.99475E-05 9.99475E-05 9.99475E-05
0.344979 9.99649E-05 9.99649E-05 0.0706448 0.376176 0.0512424 9.99649E-05 0.00561311 0.150946 9.99649E-05
0.54631 9.99561E-05 9.99561E-05 9.99561E-05 9.99561E-05 0.0124431 9.99561E-05 0.15481 0.051201 0.234736
0.406511 0.192501 0.0109588 0.0486283 0.112189 0.0236601 0.0268081 0.112538 0.0661059 9.99912E-05
0.683327 9.99473E-05 9.99473E-05 9.99473E-05 9.99473E-05 0.0784016 9.99473E-05 0.113472 0.1242 9.99473E-05
0.745886 0.16973 9.99474E-05 9.99474E-05 9.99474E-05 0.0545942 9.99474E-05 0.0291902 9.99474E-05 9.99474E-05
0.567865 0.00654245 9.99737E-05 0.0303863 9.99737E-05 0.0220875 9.99737E-05 0.0824335 0.222754 0.0676319
0.442097 9.99737E-05 9.99737E-05 0.0222859 0.236995 0.0349378 9.99737E-05 0.0108649 0.146777 0.105742
0.458229 0.0199795 9.99561E-05 9.99561E-05 0.314515 0.143164 9.99561E-05 0.0636128 9.99561E-05 9.99561E-05
0.589344 0.0590257 0.00875262 9.99649E-05 9.99649E-05 0.23252 9.99649E-05 0.0555897 0.0543682 9.99649E-05
0.451257 0.143851 9.99649E-05 0.164082 0.0233678 0.131997 9.99649E-05 0.0850452 9.99649E-05 9.99649E-05
0.270777 0.0474178 0.0095204 0.0631726 9.99912E-05 0.136958 0.140557 0.178151 0.0561275 0.0972177
0.732758 0.0658001 9.99649E-05 0.068862 0.0155075 9.99649E-05 0.0556783 0.0609939 9.99649E-05 9.99649E-05
0.302191 9.99562E-05 9.99562E-05 0.166566 0.271556 0.0929993 9.99562E-05 9.99562E-05 9.99562E-05 0.166187
0.489824 0.0389613 9.99737E-05 9.99737E-05 0.25764 0.0712515 9.99737E-05 0.0706222 0.056079 0.015322
0.442535 0.313633 9.99473E-05 9.99473E-05 9.99473E-05 9.99473E-05 9.99473E-05 9.99473E-05 0.123243 0.119989
0.194354 0.299583 9.99561E-05 9.99561E-05 0.13658 0.246542 9.99561E-05 0.12244 9.99561E-05 9.99561E-05
0.44136 0.0769608 9.99649E-05 9.99649E-05 0.226789 0.0765328 9.99649E-05 0.0354683 0.14249 9.99649E-05
0.705309 9.99473E-05 9.99473E-05 0.178867 9.99473E-05 0.0776609 9.99473E-05 9.99473E-05 9.99473E-05 0.0375641
0.383872 9.99562E-05 9.99562E-05 0.0880848 0.35075 0.0885345 9.99562E-05 9.99562E-05 9.99562E-05 0.0882591
0.590427 0.162746 9.99737E-05 0.0726051 0.109558 0.000654051 9.99737E-05 0.0335813 0.0301281 9.99737E-05
0.409474 9.99649E-05 9.99649E-05 0.0165292 0.216791 0.0350901 9.99649E-05 9.99649E-05 0.0505153 0.2712
0.231755 0.329181 9.99737E-05 9.99737E-05 0.114666 0.0665885 9.99737E-05 0.0874382 0.0833871 0.0866849
0.299959 0.142567 9.99561E-05 9.99561E-05 0.287424 0.247365 9.99561E-05 0.022185 9.99561E-05 9.99561E-05
0.405867 9.99562E-05 0.0254981 9.99562E-05 0.425844 0.0521957 9.99562E-05 0.0900948 9.99562E-05 9.99562E-05
0.367756 0.0101675 9.99737E-05 0.0271851 0.44973 9.99737E-05 9.99737E-05 0.0110129 0.109746 0.0241024
0.577982 0.164844 9.99475E-05 9.99475E-05 0.25535 9.99475E-05 9.99475E-05 0.00122478 9.99475E-05 9.99475E-05
0.308544 9.99474E-05 9.99474E-05 9.99474E-05 0.283134 9.99474E-05 9.99474E-05 0.129421 0.278301 9.99474E-05
0.455676 9.99562E-05 9.99562E-05 9.99562E-05 0.283938 9.99562E-05 0.00396586 0.114391 9.99562E-05 0.14153
0.116471 9.99385E-05 9.99385E-05 9.99385E-05 9.99385E-05 9.99385E-05 9.99385E-05 0.11673 9.99385E-05 0.766099
9.99212E-05 9.99212E-05 9.99212E-05 9.99212E-05 9.99212E-05 9.99212E-05 9.99212E-05 9.99212E-05 9.99212E-05 0.999101
0.122546 9.997E-05 9.997E-05 0.00729473 9.997E-05 0.0456463 0.0886224 0.0394622 0.0227749 0.673354
0.0251709 0.0129116 9.9956E-05 9.9956E-05 9.9956E-05 9.9956E-05 9.9956E-05 0.114992 0.116286 0.73014
9.9956E-05 9.9956E-05 0.00564324 0.0714171 9.9956E-05 9.9956E-05 9.9956E-05 0.147528 0.0182906 0.756621
0.205464 0.0583056 9.99473E-05 9.99473E-05 9.99473E-05 9.99473E-05 9.99473E-05 0.190057 9.99473E-05 0.545573
0.0666626 9.99648E-05 9.99648E-05 9.99648E-05 9.99648E-05 0.0150535 0.0429886 0.1511 0.0916326 0.632163
0.0427409 9.99473E-05 0.0212486 9.99473E-05 9.99473E-05 9.99473E-05 9.99473E-05 0.265357 9.99473E-05 0.670054
0.297503 9.99472E-05 9.99472E-05 9.99472E-05 9.99472E-05 0.0452599 9.99472E-05 0.398787 9.99472E-05 0.257851
0.246933 9.9956E-05 9.9956E-05 9.9956E-05 9.9956E-05 9.9956E-05 0.0279654 0.300242 0.0293041 0.395055
0.20483 9.99474E-05 9.99474E-05 9.99474E-05 9.99474E-05 0.00582825 9.99474E-05 0.0423063 9.99474E-05 0.746436
0.201576 9.99473E-05 0.0106611 9.99473E-05 9.99473E-05 0.0557157 9.99473E-05 9.99473E-05 9.99473E-05 0.731447
9.99298E-05 9.99298E-05 9.99298E-05 9.99298E-05 9.99298E-05 9.99298E-05 9.99298E-05 0.172533 9.99298E-05 0.826668
0.169669 9.99386E-05 9.99386E-05 9.99386E-05 9.99386E-05 9.99386E-05 9.99386E-05 0.204696 9.99386E-05 0.624935
9.99386E-05 9.99386E-05 9.99386E-05 9.99386E-05 9.99386E-05 9.99386E-05 9.99386E-05 0.152037 0.220948 0.626316
0.202852 9.99649E-05 0.01897 0.0333473 9.99649E-05 0.0673826 9.99649E-05 0.111995 9.99649E-05 0.565053
0.361328 9.9956E-05 0.0157614 9.9956E-05 9.9956E-05 9.9956E-05 9.9956E-05 0.0340276 0.0510604 0.537323
9.99474E-05 9.99474E-05 9.99474E-05 0.0264131 9.99474E-05 9.99474E-05 0.180616 0.133706 9.99474E-05 0.658665
9.99473E-05 9.99473E-05 9.99473E-05 9.99473E-05 9.99473E-05 0.04106 0.0173752 0.116079 9.99473E-05 0.824886
0.0298954 0.0402625 0.150416 9.99561E-05 9.99561E-05 9.99561E-05 9.99561E-05 0.096588 9.99561E-05 0.682338
0.127827 9.99473E-05 9.99473E-05 9.99473E-05 9.99473E-05 9.99473E-05 0.152193 0.0837876 9.99473E-05 0.635593
9.99472E-05 9.99472E-05 9.99472E-05 9.99472E-05 9.99472E-05 0.0429209 9.99472E-05 0.0889625 0.0398742 0.827643
0.283085 9.99473E-05 0.095757 9.99473E-05 9.99473E-05 9.99473E-05 9.99473E-05 0.277322 9.99473E-05 0.343236
9.99386E-05 9.99386E-05 9.99386E-05 9.99386E-05 9.99386E-05 9.99386E-05 0.0127503 0.235752 9.99386E-05 0.750799
0.217907 9.99648E-05 0.0359778 9.99648E-05 9.99648E-05 0.0691783 0.024487 0.287546 9.99648E-05 0.364504
0.216673 9.99386E-05 9.99386E-05 9.99386E-05 9.99386E-05 9.99386E-05 9.99386E-05 0.152397 9.99386E-05 0.63023
9.99387E-05 9.99387E-05 0.0835666 9.99387E-05 9.99387E-05 9.99387E-05 9.99387E-05 9.99387E-05 0.0120349 0.903699
9.9956E-05 0.00141267 0.0464383 9.9956E-05 9.9956E-05 9.9956E-05 0.110789 0.187885 9.9956E-05 0.652976
0.211959 9.99385E-05 9.99385E-05 9.99385E-05 9.99385E-05 9.99385E-05 9.99385E-05 0.30463 9.99385E-05 0.482711
0.105777 9.99561E-05 0.0867392 9.99561E-05 9.99561E-05 9.99561E-05 0.066187 0.00846203 9.99561E-05 0.732335
0.261368 9.99473E-05 9.99473E-05 9.99473E-05 9.99473E-05 0.047523 9.99473E-05 0.109993 9.99473E-05 0.580516
9.99473E-05 9.99473E-05 0.062943 0.0527411 9.99473E-05 0.0273003 9.99473E-05 9.99473E-05 9.99473E-05 0.856416
0.00167088 9.99648E-05 0.15176 9.99648E-05 9.99648E-05 9.99648E-05 0.163866 0.339237 0.0277744 0.315292
0.0228772 0.0532084 0.111656 9.9956E-05 9.9956E-05 9.9956E-05 9.9956E-05 0.137945 9.9956E-05 0.673814
9.99385E-05 0.0308559 9.99385E-05 9.99385E-05 9.99385E-05 9.99385E-05 9.99385E-05 0.0510808 9.99385E-05 0.917364
9.99473E-05 0.131736 9.99473E-05 9.99473E-05 9.99473E-05 0.0857165 9.99473E-05 0.0880467 9.99473E-05 0.693901
0.231834 9.99561E-05 9.99561E-05 9.99561E-05 9.99561E-05 0.0253512 9.99561E-05 0.179202 0.0603018 0.502811
9.99298E-05 9.99298E-05 9.99298E-05 9.99298E-05 9.99298E-05 9.99298E-05 9.99298E-05 0.0913005 9.99298E-05 0.9079
9.99386E-05 9.99386E-05 0.0145836 9.99386E-05 9.99386E-05 9.99386E-05 9.99386E-05 0.0285104 9.99386E-05 0.956206
9.99211E-05 9.99211E-05 9.99211E-05 9.99211E-05 9.99211E-05 9.99211E-05 9.99211E-05 9.99211E-05 9.99211E-05 0.999101
9.99474E-05 9.99474E-05 0.0101419 9.99474E-05 9.99474E-05 0.0192165 9.99474E-05 0.0828613 9.99474E-05 0.887181
0.450815 9.99472E-05 9.99472E-05 9.99472E-05 9.99472E-05 9.99472E-05 0.0094174 0.133224 9.99472E-05 0.405944
9.99561E-05 9.99561E-05 9.99561E-05 0.0161268 9.99561E-05 9.99561E-05 0.064395 0.216597 0.0989661 0.603416
9.99387E-05 9.99387E-05 0.0169234 9.99387E-05 9.99387E-05 9.99387E-05 9.99387E-05 0.144779 9.99387E-05 0.837598
9.99211E-05 9.99211E-05 9.99211E-05 9.99211E-05 9.99211E-05 9.99211E-05 9.99211E-05 9.99211E-05 9.99211E-05 0.999101
0.206993 9.997E-05 0.147872 0.0230747 9.997E-05 0.0368724 9.997E-05 0.235197 0.0354642 0.314227
0.179883 9.99649E-05 9.99649E-05 0.00187824 9.99649E-05 0.0650276 9.99649E-05 0.128669 0.045675 0.578467
0.241481 9.99561E-05 9.99561E-05 0.0934337 9.99561E-05 9.99561E-05 9.99561E-05 0.0180072 0.0676443 0.578934
0.269844 9.99561E-05 0.0478167 9.99561E-05 9.99561E-05 0.0233679 9.99561E-05 0.271808 9.99561E-05 0.386663
9.99211E-05 9.99211E-05 9.99211E-05 9.99211E-05 9.99211E-05 9.99211E-05 9.99211E-05 9.99211E-05 9.99211E-05 0.999101
0.0860713 0.331126 9.9956E-05 0.0136657 9.9956E-05 9.9956E-05 9.9956E-05 0.00519242 9.9956E-05 0.563445
9.99387E-05 9.99387E-05 9.99387E-05 9.99387E-05 9.99387E-05 0.0107633 9.99387E-05 0.0791594 9.99387E-05 0.909378
0.0471463 9.99562E-05 9.99562E-05 9.99562E-05 9.99562E-05 0.073744 9.99562E-05 0.137272 0.0350127 0.706325
9.99649E-05 9.99649E-05 0.011233 0.175155 9.99649E-05 9.99649E-05 0.00575987 0.153553 0.0607165 0.593183
9.99648E-05 0.0608189 0.000381302 0.00393663 9.99648E-05 0.0736781 9.99648E-05 9.99648E-05 0.0407473 0.820038
0.396083 9.99473E-05 0.0342985 9.99473E-05 9.99473E-05 9.99473E-05 9.99473E-05 0.282026 9.99473E-05 0.286992
9.99297E-05 9.99297E-05 9.99297E-05 9.99297E-05 9.99297E-05 9.99297E-05 9.99297E-05 0.226625 9.99297E-05 0.772575
0.0123431 9.99648E-05 0.0068857 0.0500404 9.99648E-05 0.0508639 9.99648E-05 0.10823 9.99648E-05 0.771237
9.99297E-05 9.99297E-05 0.153845 9.99297E-05 9.99297E-05 9.99297E-05 9.99297E-05 9.99297E-05 9.99297E-05 0.845355
9.99298E-05 9.99298E-05 9.99298E-05 9.99298E-05 9.99298E-05 9.99298E-05 9.99298E-05 0.186619 9.99298E-05 0.812582
0.957056 9.99296E-05 0.0421449 9.99296E-05 9.99296E-05 9.99296E-05 9.99296E-05 9.99296E-05 9.99296E-05 9.99296E-05
9.99208E-05 9.99208E-05 9.99208E-05 9.99208E-05 9.99208E-05 9.99208E-05 9.99208E-05 0.999101 9.99208E-05 9.99208E-05
0.999101 9.99207E-05 9.99207E-05 9.99207E-05 9.99207E-05 9.99207E-05 9.99207E-05 9.99207E-05 9.99207E-05 9.99207E-05
9.99208E-05 9.99208E-05 9.99208E-05 9.99208E-05 9.99208E-05 9.99208E-05 9.99208E-05 0.999101 9.99208E-05 9.99208E-05
9.99208E-05 9.99208E-05 9.99208E-05 9.99208E-05 9.99208E-05 9.99208E-05 9.99208E-05 0.999101 9.99208E-05 9.99208E-05
9.99207E-05 9.99207E-05 9.99207E-05 9.99207E-05 9.99207E-05 9.99207E-05 9.99207E-05 0.999101 9.99207E-05 9.99207E-05
0.999101 9.99208E-05 9.99208E-05 9.99208E-05 9.99208E-05 9.99208E-05 9.99208E-05 9.99208E-05 9.99208E-05 9.99208E-05
9.99208E-05 9.99208E-05 9.99208E-05 9.99208E-05 9.99208E-05 9.99208E-05 9.99208E-05 0.999101 9.99208E-05 9.99208E-05
9.99208E-05 9.99208E-05 9.99208E-05 9.99208E-05 9.99208E-05 9.99208E-05 9.99208E-05 0.999101 9.99208E-05 9.99208E-05
0.999101 9.99207E-05 9.99207E-05 9.99207E-05 9.99207E-05 9.99207E-05 9.99207E-05 9.99207E-05 9.99207E-05 9.99207E-05
0.976919 9.99296E-05 0.0222821 9.99296E-05 9.99296E-05 9.99296E-05 9.99296E-05 9.99296E-05 9.99296E-05 9.99296E-05
0.999101 9.99207E-05 9.99207E-05 9.99207E-05 9.99207E-05 9.99207E-05 9.99207E-05 9.99207E-05 9.99207E-05 9.99207E-05
9.99208E-05 9.99208E-05 9.99208E-05 9.99208E-05 9.99208E-05 9.99208E-05 9.99208E-05 0.999101 9.99208E-05 9.99208E-05
9.99208E-05 9.99208E-05 9.99208E-05 9.99208E-05 9.99208E-05 9.99208E-05 9.99208E-05 0.999101 9.99208E-05 9.99208E-05
0.981216 9.99295E-05 0.0179841 9.99295E-05 9.99295E-05 9.99295E-05 9.99295E-05 9.99295E-05 9.99295E-05 9.99295E-05
0.999101 9.99207E-05 9.99207E-05 9.99207E-05 9.99207E-05 9.99207E-05 9.99207E-05 9.99207E-05 9.99207E-05 9.99207E-05
0.121057 0.212968 0.0652669 0.0430564 9.99648E-05 9.99648E-05 9.99648E-05 0.114112 9.99648E-05 0.443141
0.999101 9.99208E-05 9.99208E-05 9.99208E-05 9.99208E-05 9.99208E-05 9.99208E-05 9.99208E-05 9.99208E-05 9.99208E-05
9.99208E-05 9.99208E-05 9.99208E-05 9.99208E-05 9.99208E-05 9.99208E-05 9.99208E-05 0.999101 9.99208E-05 9.99208E-05
0.999101 9.99207E-05 9.99207E-05 9.99207E-05 9.99207E-05 9.99207E-05 9.99207E-05 9.99207E-05 9.99207E-05 9.99207E-05
0.999101 9.99207E-05 9.99207E-05 9.99207E-05 9.99207E-05 9.99207E-05 9.99207E-05 9.99207E-05 9.99207E-05 9.99207E-05
0.999101 9.99207E-05 9.99207E-05 9.99207E-05 9.99207E-05 9.99207E-05 9.99207E-05 9.99207E-05 9.99207E-05 9.99207E-05
9.99208E-05 9.99208E-05 9.99208E-05 9.99208E-05 9.99208E-05 9.99208E-05 9.99208E-05 0.999101 9.99208E-05 9.99208E-05
0.999101 9.99207E-05 9.99207E-05 9.99207E-05 9.99207E-05 9.99207E-05 9.99207E-05 9.99207E-05 9.99207E-05 9.99207E-05
9.99208E-05 9.99208E-05 9.99208E-05 9.99208E-05 9.99208E-05 9.99208E-05 9.99208E-05 0.999101 9.99208E-05 9.99208E-05
0.999101 9.99208E-05 9.99208E-05 9.99208E-05 9.99208E-05 9.99208E-05 9.99208E-05 9.99208E-05 9.99208E-05 9.99208E-05
0.999101 9.99207E-05 9.99207E-05 9.99207E-05 9.99207E-05 9.99207E-05 9.99207E-05 9.99207E-05 9.99207E-05 9.99207E-05
9.99207E-05 9.99207E-05 9.99207E-05 9.99207E-05 9.99207E-05 9.99207E-05 9.99207E-05 0.999101 9.99207E-05 9.99207E-05
9.99208E-05 9.99208E-05 9.99208E-05 9.99208E-05 9.99208E-05 9.99208E-05 9.99208E-05 0.999101 9.99208E-05 9.99208E-05
9.99208E-05 9.99208E-05 9.99208E-05 9.99208E-05 9.99208E-05 9.99208E-05 9.99208E-05 0.999101 9.99208E-05 9.99208E-05
0.999101 9.99207E-05 9.99207E-05 9.99207E-05 9.99207E-05 9.99207E-05 9.99207E-05 9.99207E-05 9.99207E-05 9.99207E-05
0.999101 9.99207E-05 9.99207E-05 9.99207E-05 9.99207E-05 9.99207E-05 9.99207E-05 9.99207E-05 9.99207E-05 9.99207E-05
0.999101 9.99207E-05 9.99207E-05 9.99207E-05 9.99207E-05 9.99207E-05 9.99207E-05 9.99207E-05 9.99207E-05 9.99207E-05
0.999101 9.99207E-05 9.99207E-05 9.99207E-05 9.99207E-05 9.99207E-05 9.99207E-05 9.99207E-05 9.99207E-05 9.99207E-05
0.999101 9.99207E-05 9.99207E-05 9.99207E-05 9.99207E-05 9.99207E-05 9.99207E-05 9.99207E-05 9.99207E-05 9.99207E-05
9.99208E-05 9.99208E-05 9.99208E-05 9.99208E-05 9.99208E-05 9.99208E-05 9.99208E-05 0.999101 9.99208E-05 9.99208E-05
9.99208E-05 9.99208E-05 9.99208E-05 9.99208E-05 9.99208E-05 9.99208E-05 9.99208E-05 0.999101 9.99208E-05 9.99208E-05
9.99207E-05 9.99207E-05 9.99207E-05 9.99207E-05 9.99207E-05 9.99207E-05 9.99207E-05 0.999101 9.99207E-05 9.99207E-05
0.999101 9.99208E-05 9.99208E-05 9.99208E-05 9.99208E-05 9.99208E-05 9.99208E-05 9.99208E-05 9.99208E-05 9.99208E-05
9.99208E-05 9.99208E-05 9.99208E-05 9.99208E-05 9.99208E-05 9.99208E-05 9.99208E-05 0.999101 9.99208E-05 9.99208E-05
9.99208E-05 9.99208E-05 9.99208E-05 9.99208E-05 9.99208E-05 9.99208E-05 9.99208E-05 0.999101 9.99208E-05 9.99208E-05
9.99208E-05 9.99208E-05 9.99208E-05 9.99208E-05 9.99208E-05 9.99208E-05 9.99208E-05 0.999101 9.99208E-05 9.99208E-05
9.99208E-05 9.99208E-05 9.99208E-05 9.99208E-05 9.99208E-05 9.99208E-05 9.99208E-05 0.999101 9.99208E-05 9.99208E-05
0.999101 9.99207E-05 9.99207E-05 9.99207E-05 9.99207E-05 9.99207E-05 9.99207E-05 9.99207E-05 9.99207E-05 9.99207E-05
9.99209E-05 9.99209E-05 9.99209E-05 9.99209E-05 9.99209E-05 9.99209E-05 9.99209E-05 0.999101 9.99209E-05 9.99209E-05
9.99208E-05 9.99208E-05 9.99208E-05 9.99208E-05 9.99208E-05 9.99208E-05 9.99208E-05 0.999101 9.99208E-05 9.99208E-05
0.117396 0.232158 0.0653394 0.0494472 9.99648E-05 9.99648E-05 9.99648E-05 0.0656377 9.99648E-05 0.469622
0.991429 9.99295E-05 0.00777121 9.99295E-05 9.99295E-05 9.99295E-05 9.99295E-05 9.99295E-05 9.99295E-05 9.99295E-05
9.99208E-05 9.99208E-05 9.99208E-05 9.99208E-05 9.99208E-05 9.99208E-05 9.99208E-05 0.999101 9.99208E-05 9.99208E-05
9.99208E-05 9.99208E-05 9.99208E-05 9.99208E-05 9.99208E-05 9.99208E-05 9.99208E-05 0.999101 9.99208E-05 9.99208E-05
9.99208E-05 9.99208E-05 9.99208E-05 9.99208E-05 9.99208E-05 9.99208E-05 9.99208E-05 0.999101 9.99208E-05 9.99208E-05
9.99208E-05 9.99208E-05 9.99208E-05 9.99208E-05 9.99208E-05 9.99208E-05 9.99208E-05 0.999101 9.99208E-05 9.99208E-05
0.999101 9.99208E-05 9.99208E-05 9.99208E-05 9.99208E-05 9.99208E-05 9.99208E-05 9.99208E-05 9.99208E-05 9.99208E-05
9.99208E-05 9.99208E-05 9.99208E-05 9.99208E-05 9.99208E-05 9.99208E-05 9.99208E-05 0.999101 9.99208E-05 9.99208E-05
0.999101 9.99207E-05 9.99207E-05 9.99207E-05 9.99207E-05 9.99207E-05 9.99207E-05 9.99207E-05 9.99207E-05 9.99207E-05
9.99207E-05 9.99207E-05 9.99207E-05 9.99207E-05 9.99207E-05 9.99207E-05 9.99207E-05 0.999101 9.99207E-05 9.99207E-05
0.999101 9.99207E-05 9.99207E-05 9.99207E-05 9.99207E-05 9.99207E-05 9.99207E-05 9.99207E-05 9.99207E-05 9.99207E-05
9.99208E-05 9.99208E-05 9.99208E-05 9.99208E-05 9.99208E-05 9.99208E-05 9.99208E-05 0.999101 9.99208E-05 9.99208E-05
9.99208E-05 9.99208E-05 9.99208E-05 9.99208E-05 9.99208E-05 9.99208E-05 9.99208E-05 0.999101 9.99208E-05 9.99208E-05
9.99208E-05 9.99208E-05 9.99208E-05 9.99208E-05 9.99208E-05 9.99208E-05 9.99208E-05 0.999101 9.99208E-05 9.99208E-05
9.99208E-05 9.99208E-05 9.99208E-05 9.99208E-05 9.99208E-05 9.99208E-05 9.99208E-05 0.999101 9.99208E-05 9.99208E-05
9.99208E-05 9.99208E-05 9.99208E-05 9.99208E-05 9.99208E-05 9.99208E-05 9.99208E-05 0.999101 9.99208E-05 9.99208E-05
9.99208E-05 9.99208E-05 9.99208E-05 9.99208E-05 9.99208E-05 9.99208E-05 9.99208E-05 0.999101 9.99208E-05 9.99208E-05
0.999101 9.99208E-05 9.99208E-05 9.99208E-05 9.99208E-05 9.99208E-05 9.99208E-05 9.99208E-05 9.99208E-05 9.99208E-05
0.999101 9.99207E-05 9.99207E-05 9.99207E-05 9.99207E-05 9.99207E-05 9.99207E-05 9.99207E-05 9.99207E-05 9.99207E-05
0.999101 9.99208E-05 9.99208E-05 9.99208E-05 9.99208E-05 9.99208E-05 9.99208E-05 9.99208E-05 9.99208E-05 9.99208E-05
9.99208E-05 9.99208E-05 9.99208E-05 9.99208E-05 9.99208E-05 9.99208E-05 9.99208E-05 0.999101 9.99208E-05 9.99208E-05
0.999101 9.99208E-05 9.99208E-05 9.99208E-05 9.99208E-05 9.99208E-05 9.99208E-05 9.99208E-05 9.99208E-05 9.99208E-05
0.999101 9.99207E-05 9.99207E-05 9.99207E-05 9.99207E-05 9.99207E-05 9.99207E-05 9.99207E-05 9.99207E-05 9.99207E-05
0.999101 9.99208E-05 9.99208E-05 9.99208E-05 9.99208E-05 9.99208E-05 9.99208E-05 9.99208E-05 9.99208E-05 9.99208E-05
9.99208E-05 9.99208E-05 9.99208E-05 9.99208E-05 9.99208E-05 9.99208E-05 9.99208E-05 0.999101 9.99208E-05 9.99208E-05
9.99208E-05 9.99208E-05 9.99208E-05 9.99208E-05 9.99208E-05 9.99208E-05 9.99208E-05 0.999101 9.99208E-05 9.99208E-05
9.99207E-05 9.99207E-05 9.99207E-05 9.99207E-05 9.99207E-05 9.99207E-05 9.99207E-05 0.999101 9.99207E-05 9.99207E-05
0.999101 9.99208E-05 9.99208E-05 9.99208E-05 9.99208E-05 9.99208E-05 9.99208E-05 9.99208E-05 9.99208E-05 9.99208E-05
9.99208E-05 9.99208E-05 9.99208E-05 9.99208E-05 9.99208E-05 9.99208E-05 9.99208E-05 0.999101 9.99208E-05 9.99208E-05
9.99207E-05 9.99207E-05 9.99207E-05 9.99207E-05 9.99207E-05 9.99207E-05 9.99207E-05 0.999101 9.99207E-05 9.99207E-05
0.999101 9.99207E-05 9.99207E-05 9.99207E-05 9.99207E-05 9.99207E-05 9.99207E-05 9.99207E-05 9.99207E-05 9.99207E-05
9.99208E-05 9.99208E-05 9.99208E-05 9.99208E-05 9.99208E-05 9.99208E-05 9.99208E-05 0.999101 9.99208E-05 9.99208E-05
9.99208E-05 9.99208E-05 9.99208E-05 9.99208E-05 9.99208E-05 9.99208E-05 9.99208E-05 0.999101 9.99208E-05 9.99208E-05
0.367444 9.9956E-05 9.9956E-05 9.9956E-05 9.9956E-05 0.128593 9.9956E-05 0.165128 0.0722558 0.26608
0.999101 9.99208E-05 9.99208E-05 9.99208E-05 9.99208E-05 9.99208E-05 9.99208E-05 9.99208E-05 9.99208E-05 9.99208E-05
9.99207E-05 9.99207E-05 9.99207E-05 9.99207E-05 9.99207E-05 9.99207E-05 9.99207E-05 0.999101 9.99207E-05 9.99207E-05
9.99473E-05 9.99473E-05 9.99473E-05 0.136729 9.99473E-05 0.0206909 9.99473E-05 0.418708 9.99473E-05 0.423273
9.99561E-05 0.0144319 0.150195 9.99561E-05 9.99561E-05 9.99561E-05 0.0311819 0.271433 9.99561E-05 0.532258
0.359006 9.99472E-05 0.0195093 9.99472E-05 9.99472E-05 9.99472E-05 9.99472E-05 0.149693 9.99472E-05 0.471193
9.9956E-05 9.9956E-05 0.0115232 0.0100411 9.9956E-05 9.9956E-05 0.12287 9.9956E-05 0.0472322 0.807834
0.287287 9.99385E-05 9.99385E-05 9.99385E-05 9.99385E-05 9.99385E-05 9.99385E-05 0.266462 9.99385E-05 0.445551
9.99387E-05 9.99387E-05 9.99387E-05 9.99387E-05 0.0554757 9.99387E-05 9.99387E-05 0.107995 9.99387E-05 0.835829
0.19385 0.110055 0.00892322 9.99649E-05 9.99649E-05 0.0465797 9.99649E-05 0.314018 9.99649E-05 0.326175
9.99648E-05 9.99648E-05 0.0508601 0.0461585 9.99648E-05 0.0837883 9.99648E-05 0.183558 0.073204 0.562031
9.99298E-05 9.99298E-05 9.99298E-05 9.99298E-05 9.99298E-05 9.99298E-05 9.99298E-05 0.217719 9.99298E-05 0.781481
0.117842 0.0753442 0.0294667 9.9956E-05 9.9956E-05 9.9956E-05 0.0569159 9.9956E-05 9.9956E-05 0.719931
0.151196 9.99473E-05 9.99473E-05 9.99473E-05 9.99473E-05 0.101375 9.99473E-05 0.0884545 9.99473E-05 0.658375
0.0305358 9.99385E-05 9.99385E-05 9.99385E-05 9.99385E-05 9.99385E-05 9.99385E-05 0.591082 9.99385E-05 0.377683
0.328141 9.99561E-05 9.99561E-05 0.0928501 9.99561E-05 9.99561E-05 9.99561E-05 0.251652 0.0793927 0.247464
9.99384E-05 9.99384E-05 9.99384E-05 9.99384E-05 9.99384E-05 9.99384E-05 9.99384E-05 0.0497844 0.117139 0.832377
0.158847 9.9956E-05 0.00603827 9.9956E-05 9.9956E-05 0.0332895 9.9956E-05 0.174464 9.9956E-05 0.626862
0.267339 9.995E-05 9.995E-05 9.995E-05 9.995E-05 0.0283114 0.0524679 0.313812 9.995E-05 0.337571
0.0235411 9.99473E-05 0.00705574 9.99473E-05 9.99473E-05 9.99473E-05 9.99473E-05 0.188503 9.99473E-05 0.7803
0.498463 9.99648E-05 9.99648E-05 0.032175 9.99648E-05 0.0712568 9.99648E-05 0.0592866 0.00138137 0.337037
0.151671 9.99648E-05 0.0283971 9.99648E-05 9.99648E-05 0.000657576 0.0877451 0.159011 9.99648E-05 0.572119
0.0785102 9.99472E-05 9.99472E-05 9.99472E-05 9.99472E-05 9.99472E-05 0.171809 0.0763295 9.99472E-05 0.672752
0.0460014 9.9956E-05 0.0220249 9.9956E-05 9.9956E-05 9.9956E-05 0.0784732 0.131774 9.9956E-05 0.721227
9.99473E-05 9.99473E-05 9.99473E-05 0.011754 9.99473E-05 9.99473E-05 0.0905105 0.253677 9.99473E-05 0.643458
9.99648E-05 9.99648E-05 0.0534339 0.150682 9.99648E-05 0.00718938 9.99648E-05 0.212128 0.00929679 0.56687
0.0881958 9.99648E-05 0.000360652 9.99648E-05 9.99648E-05 0.00516716 0.0484659 0.17092 9.99648E-05 0.68649
9.99472E-05 9.99472E-05 0.00189708 9.99472E-05 9.99472E-05 9.99472E-05 9.99472E-05 0.0485865 0.114962 0.833955
9.99212E-05 9.99212E-05 9.99212E-05 9.99212E-05 9.99212E-05 9.99212E-05 9.99212E-05 9.99212E-05 9.99212E-05 0.999101
0.103348 9.99472E-05 9.99472E-05 9.99472E-05 9.99472E-05 9.99472E-05 0.152994 0.0655199 9.99472E-05 0.677539
0.328823 9.99561E-05 0.0135843 9.99561E-05 9.99561E-05 9.99561E-05 9.99561E-05 0.274135 0.0266722 0.356286
9.99472E-05 9.99472E-05 9.99472E-05 0.0272688 9.99472E-05 9.99472E-05 0.0654667 9.99472E-05 0.103019 0.803645
0.0384094 9.99561E-05 0.129757 9.99561E-05 9.99561E-05 9.99561E-05 9.99561E-05 0.140554 0.158676 0.532103
0.169477 9.99472E-05 9.99472E-05 9.99472E-05 9.99472E-05 9.99472E-05 0.102757 0.393994 9.99472E-05 0.333172
0.0667669 9.995E-05 9.995E-05 9.995E-05 9.995E-05 0.0389854 0.125997 0.213421 9.995E-05 0.55433
0.284192 9.99472E-05 9.99472E-05 9.99472E-05 9.99472E-05 9.99472E-05 0.0764543 0.2269 9.99472E-05 0.411854
0.0687272 9.9956E-05 9.9956E-05 9.9956E-05 9.9956E-05 9.9956E-05 0.145001 0.175587 0.0368027 0.573381
0.136721 9.99648E-05 9.99648E-05 9.99648E-05 9.99648E-05 0.0621092 0.104364 0.0866595 0.0402795 0.569468
0.105549 0.0817739 9.996E-05 0.00506564 9.996E-05 9.996E-05 0.0230893 0.0902539 9.996E-05 0.693868
9.9921E-05 9.9921E-05 9.9921E-05 9.9921E-05 9.9921E-05 9.9921E-05 9.9921E-05 9.9921E-05 9.9921E-05 0.999101
0.26365 9.99472E-05 9.99472E-05 0.243006 9.99472E-05 0.0289874 9.99472E-05 9.99472E-05 9.99472E-05 0.463757
0.0270409 9.99648E-05 0.0413296 0.119778 9.99648E-05 0.00861497 9.99648E-05 0.0473372 9.99648E-05 0.755499
0.0503206 0.0258717 0.0143645 9.99648E-05 9.99648E-05 9.99648E-05 0.224254 0.199191 9.99648E-05 0.485599
0.144061 9.99648E-05 0.00403437 9.99648E-05 9.99648E-05 0.0699056 0.0116862 0.116709 9.99648E-05 0.653204
0.11856 9.99561E-05 0.0167706 9.99561E-05 9.99561E-05 9.99561E-05 0.140027 0.0743809 9.99561E-05 0.649762
0.0341299 0.225687 9.99472E-05 9.99472E-05 9.99472E-05 9.99472E-05 9.99472E-05 0.248804 9.99472E-05 0.49078
0.127617 9.995E-05 9.995E-05 9.995E-05 9.995E-05 9.995E-05 0.0157801 0.581515 0.0190375 0.255551
0.427039 9.99384E-05 9.99384E-05 9.99384E-05 9.99384E-05 9.99384E-05 9.99384E-05 0.314085 9.99384E-05 0.258176
9.99472E-05 9.99472E-05 9.99472E-05 9.99472E-05 9.99472E-05 9.99472E-05 0.0752734 0.176803 0.00778875 0.739535
9.99209E-05 9.99209E-05 9.99209E-05 9.99209E-05 9.99209E-05 9.99209E-05 9.99209E-05 9.99209E-05 9.99209E-05 0.999101
9.9956E-05 9.9956E-05 0.137198 9.9956E-05 9.9956E-05 0.0516309 9.9956E-05 0.195443 0.038759 0.576469
9.99211E-05 9.99211E-05 9.99211E-05 9.99211E-05 9.99211E-05 9.99211E-05 9.99211E-05 9.99211E-05 9.99211E-05 0.999101
0.232843 9.99648E-05 9.99648E-05 0.0695757 9.99648E-05 0.0315601 9.99648E-05 0.191033 0.0750004 0.399588
9.99299E-05 9.99299E-05 9.99299E-05 9.99299E-05 9.99299E-05 9.99299E-05 9.99299E-05 9.99299E-05 0.0168134 0.982387
0.314256 9.99385E-05 9.99385E-05 9.99385E-05 9.99385E-05 0.0411972 9.99385E-05 9.99385E-05 9.99385E-05 0.643848
0.462255 9.99472E-05 9.99472E-05 9.99472E-05 9.99472E-05 0.0332451 0.123596 9.99472E-05 9.99472E-05 0.380304
0.267064 9.99385E-05 9.99385E-05 9.99385E-05 9.99385E-05 9.99385E-05 9.99385E-05 0.206666 9.99385E-05 0.525571
9.996E-05 0.0348959 0.00122523 0.00347731 9.996E-05 9.996E-05 0.171333 0.0863023 9.996E-05 0.702366
9.99297E-05 9.99297E-05 9.99297E-05 9.99297E-05 9.99297E-05 9.99297E-05 9.99297E-05 0.330422 9.99297E-05 0.668778
0.204866 9.99386E-05 9.99386E-05 9.99386E-05 9.99386E-05 9.99386E-05 9.99386E-05 0.00621892 9.99386E-05 0.788215
9.99385E-05 9.99385E-05 9.99385E-05 9.99385E-05 9.99385E-05 0.0152247 9.99385E-05 0.24312 9.99385E-05 0.740955
0.125286 0.00310759 0.0545884 9.99561E-05 9.99561E-05 9.99561E-05 9.99561E-05 0.171934 9.99561E-05 0.644585
0.174958 9.99386E-05 9.99386E-05 9.99386E-05 9.99386E-05 9.99386E-05 9.99386E-05 0.276224 9.99386E-05 0.548119
9.9921E-05 9.9921E-05 9.9921E-05 9.9921E-05 9.9921E-05 9.9921E-05 9.9921E-05 9.9921E-05 9.9921E-05 0.999101
9.99298E-05 9.99298E-05 9.99298E-05 9.99298E-05 9.99298E-05 9.99298E-05 9.99298E-05 0.101048 9.99298E-05 0.898153
9.99299E-05 9.99299E-05 9.99299E-05 9.99299E-05 0.0716066 9.99299E-05 9.99299E-05 9.99299E-05 9.99299E-05 0.927594
0.0839024 9.99473E-05 9.99473E-05 9.99473E-05 9.99473E-05 0.0586866 9.99473E-05 0.0868343 9.99473E-05 0.769977
9.99385E-05 9.99385E-05 0.0782185 9.99385E-05 9.99385E-05 9.99385E-05 9.99385E-05 0.226486 9.99385E-05 0.694595
9.99298E-05 9.99298E-05 9.99298E-05 9.99298E-05 9.99298E-05 9.99298E-05 9.99298E-05 0.240178 9.99298E-05 0.759023
9.99299E-05 9.99299E-05 9.99299E-05 9.99299E-05 9.99299E-05 9.99299E-05 9.99299E-05 0.0912705 9.99299E-05 0.90793
0.285556 9.99473E-05 0.017302 9.99473E-05 9.99473E-05 9.99473E-05 9.99473E-05 0.284676 9.99473E-05 0.411866
0.281848 9.9956E-05 0.0350323 9.9956E-05 9.9956E-05 0.0399911 9.9956E-05 0.0523042 9.9956E-05 0.590324
0.153479 9.99299E-05 9.99299E-05 9.99299E-05 9.99299E-05 9.99299E-05 9.99299E-05 9.99299E-05 9.99299E-05 0.845722
0.423108 9.99385E-05 9.99385E-05 9.99385E-05 9.99385E-05 9.99385E-05 9.99385E-05 0.0697419 9.99385E-05 0.506451
0.153047 0.00512929 9.99562E-05 9.99562E-05 0.131553 9.99562E-05 9.99562E-05 0.0115999 9.99562E-05 0.698171
0.204533 0.0323566 9.99472E-05 9.99472E-05 9.99472E-05 9.99472E-05 9.99472E-05 0.330237 9.99472E-05 0.432273
0.222017 9.99474E-05 9.99474E-05 9.99474E-05 9.99474E-05 0.0133606 9.99474E-05 9.99474E-05 0.190679 0.573344
0.09488 9.99298E-05 9.99298E-05 9.99298E-05 9.99298E-05 9.99298E-05 9.99298E-05 9.99298E-05 9.99298E-05 0.904321
0.261334 9.99473E-05 9.99473E-05 9.99473E-05 9.99473E-05 0.0236741 9.99473E-05 0.158045 9.99473E-05 0.556347
9.99299E-05 9.99299E-05 9.99299E-05 9.99299E-05 0.0954385 9.99299E-05 9.99299E-05 9.99299E-05 9.99299E-05 0.903762
0.096823 9.99385E-05 9.99385E-05 9.99385E-05 9.99385E-05 9.99385E-05 0.103998 9.99385E-05 9.99385E-05 0.798479
0.0572353 9.99387E-05 9.99387E-05 9.99387E-05 9.99387E-05 9.99387E-05 9.99387E-05 0.0737 9.99387E-05 0.868365
0.0141012 9.99561E-05 9.99561E-05 9.99561E-05 9.99561E-05 0.0714173 0.00677704 0.382255 9.99561E-05 0.524949
9.99648E-05 0.00336968 0.0208647 9.99648E-05 9.99648E-05 0.0562734 0.108698 0.195966 9.99648E-05 0.614428
0.0287644 9.99736E-05 0.0590037 9.99736E-05 9.99736E-05 0.024415 0.151523 0.229285 0.0613205 0.445388
9.99299E-05 9.99299E-05 9.99299E-05 9.99299E-05 0.00171132 9.99299E-05 9.99299E-05 9.99299E-05 9.99299E-05 0.997489
0.0269649 0.00253557 9.99561E-05 9.99561E-05 9.99561E-05 9.99561E-05 9.99561E-05 0.239293 0.0472901 0.683416
0.0829857 9.99473E-05 0.197496 9.99473E-05 9.99473E-05 9.99473E-05 9.99473E-05 0.132464 9.99473E-05 0.586455
0.101228 9.99385E-05 9.99385E-05 9.99385E-05 9.99385E-05 9.99385E-05 9.99385E-05 0.0276969 9.99385E-05 0.870375
0.165194 9.9956E-05 0.00752022 9.9956E-05 9.9956E-05 9.9956E-05 9.9956E-05 0.0181453 0.148278 0.660362
0.132543 9.9956E-05 9.9956E-05 9.9956E-05 9.9956E-05 9.9956E-05 0.0524029 0.412432 0.0240053 0.378118
0.159091 0.136117 9.99561E-05 0.00575465 9.99561E-05 9.99561E-05 9.99561E-05 0.133385 9.99561E-05 0.565152
0.253034 9.996E-05 0.0798014 0.015059 9.996E-05 0.0259819 9.996E-05 0.154903 9.996E-05 0.470821
0.141318 0.216938 0.119987 9.99561E-05 9.99561E-05 9.99561E-05 9.99561E-05 0.034257 9.99561E-05 0.487
0.460507 9.99473E-05 9.99473E-05 9.99473E-05 9.99473E-05 9.99473E-05 9.99473E-05 0.0798782 0.163599 0.295416
0.298891 9.99473E-05 9.99473E-05 9.99473E-05 0.0247574 9.99473E-05 9.99473E-05 0.357668 9.99473E-05 0.318084
0.170994 9.99648E-05 0.1114 0.0191217 9.99648E-05 0.148176 9.99648E-05 0.0718982 9.99648E-05 0.478009
9.99298E-05 9.99298E-05 9.99298E-05 9.99298E-05 9.99298E-05 9.99298E-05 9.99298E-05 0.219036 9.99298E-05 0.780164
9.99387E-05 9.99387E-05 9.99387E-05 9.99387E-05 9.99387E-05 9.99387E-05 9.99387E-05 0.0221835 0.0408942 0.936223
9.9956E-05 0.0868591 9.9956E-05 9.9956E-05 9.9956E-05 0.014683 0.0630537 0.376931 9.9956E-05 0.457974
0.412515 9.9956E-05 9.9956E-05 9.9956E-05 9.9956E-05 0.097283 0.107467 0.00873653 9.9956E-05 0.373499
0.377619 9.99473E-05 9.99473E-05 9.99473E-05 9.99473E-05 0.0216748 9.99473E-05 9.99473E-05 0.0634046 0.536702
0.530767 9.99473E-05 0.0367085 9.99473E-05 9.99473E-05 9.99473E-05 9.99473E-05 0.105244 9.99473E-05 0.32668
9.99824E-05 0.0253893 0.050469 0.0609314 9.99824E-05 0.0617046 0.0849025 0.219962 0.0696696 0.426771
0.409627 0.0537249 9.99473E-05 9.99473E-05 9.99473E-05 9.99473E-05 9.99473E-05 0.105863 9.99473E-05 0.430185
0.120085 0.0454939 0.130813 0.0155456 9.99824E-05 0.0253455 9.99824E-05 0.164197 0.0463321 0.451988
0.111743 9.99563E-05 9.99563E-05 9.99563E-05 0.0422031 9.99563E-05 9.99563E-05 0.0282197 0.0268657 0.790469
0.0596651 9.99562E-05 9.99562E-05 9.99562E-05 0.00104197 9.99562E-05 9.99562E-05 0.109568 0.00659594 0.822629
0.272697 9.99385E-05 9.99385E-05 9.99385E-05 9.99385E-05 9.99385E-05 9.99385E-05 0.160088 9.99385E-05 0.566516
0.439345 9.99648E-05 9.99648E-05 0.166558 9.99648E-05 0.00950345 9.99648E-05 0.000617214 0.095034 0.288542
9.99299E-05 9.99299E-05 9.99299E-05 9.99299E-05 9.99299E-05 9.99299E-05 9.99299E-05 0.0107289 9.99299E-05 0.988472
0.0420444 9.993E-05 9.993E-05 9.993E-05 9.993E-05 9.993E-05 9.993E-05 9.993E-05 9.993E-05 0.957156
9.99561E-05 9.99561E-05 0.0645402 9.99561E-05 9.99561E-05 9.99561E-05 0.0791064 0.075496 0.0275283 0.752829
9.99385E-05 9.99385E-05 9.99385E-05 9.99385E-05 9.99385E-05 9.99385E-05 9.99385E-05 0.118935 0.051673 0.828692
0.139653 0.0503512 9.99385E-05 9.99385E-05 9.99385E-05 9.99385E-05 9.99385E-05 9.99385E-05 9.99385E-05 0.809296
0.244643 9.99384E-05 9.99384E-05 9.99384E-05 9.99384E-05 9.99384E-05 9.99384E-05 0.108888 9.99384E-05 0.645769
0.172235 0.00232367 9.99561E-05 9.99561E-05 9.99561E-05 9.99561E-05 0.13629 0.0652779 9.99561E-05 0.623374
0.515442 0.0368373 0.197424 9.99561E-05 9.99561E-05 0.00931583 9.99561E-05 9.99561E-05 9.99561E-05 0.240481
9.99297E-05 9.99297E-05 9.99297E-05 9.99297E-05 9.99297E-05 9.99297E-05 9.99297E-05 0.394619 9.99297E-05 0.604581
0.155417 9.99472E-05 0.0416739 9.99472E-05 9.99472E-05 9.99472E-05 9.99472E-05 0.131024 9.99472E-05 0.671286
0.304816 9.99385E-05 9.99385E-05 9.99385E-05 9.99385E-05 9.99385E-05 9.99385E-05 9.99385E-05 0.160785 0.533699
9.99386E-05 9.99386E-05 0.0121883 9.99386E-05 9.99386E-05 9.99386E-05 9.99386E-05 0.0243383 9.99386E-05 0.962774
0.477645 0.130764 0.00173454 0.0792179 9.99648E-05 0.0494057 9.99648E-05 9.99648E-05 9.99648E-05 0.260833
0.186034 9.99472E-05 9.99472E-05 9.99472E-05 9.99472E-05 0.000868676 9.99472E-05 9.99472E-05 0.121357 0.691141
0.131451 9.9956E-05 0.0346203 9.9956E-05 9.9956E-05 0.0708896 9.9956E-05 0.258168 9.9956E-05 0.504372
0.468507 0.0411301 9.99561E-05 9.99561E-05 9.99561E-05 9.99561E-05 0.032446 0.0790795 9.99561E-05 0.378337
0.0639139 0.0550507 9.99649E-05 9.99649E-05 9.99649E-05 0.032157 0.095092 0.199287 9.99649E-05 0.5541
0.0967904 9.99474E-05 9.99474E-05 9.99474E-05 0.0145692 9.99474E-05 9.99474E-05 0.176424 9.99474E-05 0.711616
0.213458 9.99561E-05 9.99561E-05 9.99561E-05 9.99561E-05 0.0959923 9.99561E-05 0.153871 0.0450025 0.491177
0.0306787 9.99298E-05 9.99298E-05 9.99298E-05 9.99298E-05 9.99298E-05 9.99298E-05 9.99298E-05 9.99298E-05 0.968522
9.99387E-05 9.99387E-05 9.99387E-05 9.99387E-05 0.0739391 9.99387E-05 9.99387E-05 0.0947458 9.99387E-05 0.830616
0.0814312 0.129158 0.139357 0.0080927 9.99824E-05 0.00968481 9.99824E-05 0.162544 0.0318278 0.437706
0.217746 0.0619172 0.0918127 9.99648E-05 9.99648E-05 0.0435483 9.99648E-05 0.0854764 9.99648E-05 0.4991
0.539835 0.0208444 9.99649E-05 9.99649E-05 9.99649E-05 0.0618274 0.198574 0.155345 9.99649E-05 0.0231739
0.637606 9.99473E-05 9.99473E-05 9.99473E-05 9.99473E-05 0.211178 9.99473E-05 0.0863157 9.99473E-05 0.0643
0.499851 9.99561E-05 9.99561E-05 0.154102 9.99561E-05 9.99561E-05 0.154713 0.185369 9.99561E-05 0.00546475
