0.022957 9.98508E-05 9.98508E-05 0.164882 9.98508E-05 9.98508E-05 9.98508E-05 9.98508E-05 0.403926 9.98508E-05 0.0318131 9.98508E-05 9.98508E-05 9.98508E-05 9.98508E-05 9.98508E-05 0.252203 9.98508E-05 9.98508E-05 0.0679547 9.98508E-05 0.0545663 9.98508E-05 9.98508E-05
9.98421E-05 9.98421E-05 9.98421E-05 0.0333182 0.0455591 9.98421E-05 9.98421E-05 0.164222 9.98421E-05 9.98421E-05 0.0542625 0.531731 9.98421E-05 9.98421E-05 9.98421E-05 9.98421E-05 0.16911 9.98421E-05 9.98421E-05 9.98421E-05 9.98421E-05 9.98421E-05 9.98421E-05 9.98421E-05
9.98157E-05 9.98157E-05 9.98157E-05 9.98157E-05 9.98157E-05 9.98157E-05 9.98157E-05 9.98157E-05 9.98157E-05 9.98157E-05 9.98157E-05 0.372158 9.98157E-05 9.98157E-05 9.98157E-05 9.98157E-05 0.624163 9.98157E-05 9.98157E-05 0.00158335 9.98157E-05 9.98157E-05 9.98157E-05 9.98157E-05
9.98683E-05 0.181064 0.0192419 0.383294 9.98683E-05 0.104118 0.00375331 9.98683E-05 0.0915686 9.98683E-05 9.98683E-05 9.98683E-05 9.98683E-05 9.98683E-05 9.98683E-05 9.98683E-05 9.98683E-05 0.00355862 0.0528265 0.159077 9.98683E-05 9.98683E-05 9.98683E-05 9.98683E-05
9.98422E-05 9.98422E-05 9.98422E-05 0.0439768 9.98422E-05 0.0781317 9.98422E-05 9.98422E-05 9.98422E-05 0.0153562 9.98422E-05 0.209291 0.0301154 9.98422E-05 9.98422E-05 9.98422E-05 0.621331 9.98422E-05 9.98422E-05 9.98422E-05 9.98422E-05 9.98422E-05 9.98422E-05 9.98422E-05
9.98597E-05 9.98597E-05 9.98597E-05 9.98597E-05 9.98597E-05 0.0721164 9.98597E-05 9.98597E-05 0.279693 9.98597E-05 0.063715 9.98597E-05 0.209493 0.0408342 9.98597E-05 9.98597E-05 0.132543 0.123938 9.98597E-05 9.98597E-05 0.076069 9.98597E-05 9.98597E-05 9.98597E-05
9.98597E-05 0.0331309 9.98597E-05 0.439927 9.98597E-05 9.98597E-05 9.98597E-05 9.98597E-05 0.0741561 9.98597E-05 0.0981539 9.98597E-05 0.0269116 9.98597E-05 0.158218 9.98597E-05 9.98597E-05 9.98597E-05 0.0811074 0.0867973 9.98597E-05 9.98597E-05 9.98597E-05 9.98597E-05
0.0759585 0.0706851 9.98685E-05 0.00907156 9.98685E-05 0.217168 9.98685E-05 9.98685E-05 0.237944 9.98685E-05 9.98685E-05 0.184597 0.0301557 9.98685E-05 9.98685E-05 9.98685E-05 9.98685E-05 9.98685E-05 9.98685E-05 0.0706597 0.102262 9.98685E-05 9.98685E-05 9.98685E-05
9.98772E-05 9.98772E-05 0.227024 0.269799 9.98772E-05 0.126604 9.98772E-05 9.98772E-05 0.00451117 9.98772E-05 0.0217129 0.0139594 9.98772E-05 9.98772E-05 9.98772E-05 9.98772E-05 0.0277136 9.98772E-05 9.98772E-05 0.00908507 0.215971 0.082222 9.98772E-05 9.98772E-05
9.9807E-05 9.9807E-05 0.0252979 9.9807E-05 9.9807E-05 9.9807E-05 9.9807E-05 9.9807E-05 9.9807E-05 9.9807E-05 9.9807E-05 9.9807E-05 9.9807E-05 9.9807E-05 9.9807E-05 9.9807E-05 0.972506 9.9807E-05 9.9807E-05 9.9807E-05 9.9807E-05 9.9807E-05 9.9807E-05 9.9807E-05
9.98246E-05 9.98246E-05 0.0879314 0.633876 9.98246E-05 9.98246E-05 9.98246E-05 9.98246E-05 0.205779 9.98246E-05 9.98246E-05 9.98246E-05 9.98246E-05 9.98246E-05 9.98246E-05 9.98246E-05 9.98246E-05 9.98246E-05 0.0704172 9.98246E-05 9.98246E-05 9.98246E-05 9.98246E-05 9.98246E-05
9.98159E-05 9.98159E-05 9.98159E-05 9.98159E-05 9.98159E-05 9.98159E-05 9.98159E-05 9.98159E-05 9.98159E-05 9.98159E-05 9.98159E-05 0.162263 9.98159E-05 9.98159E-05 9.98159E-05 9.98159E-05 0.796981 9.98159E-05 9.98159E-05 9.98159E-05 9.98159E-05 9.98159E-05 9.98159E-05 0.0386595
9.98069E-05 9.98069E-05 9.98069E-05 0.89644 9.98069E-05 9.98069E-05 9.98069E-05 9.98069E-05 9.98069E-05 9.98069E-05 9.98069E-05 9.98069E-05 9.98069E-05 9.98069E-05 9.98069E-05 9.98069E-05 0.101364 9.98069E-05 9.98069E-05 9.98069E-05 9.98069E-05 9.98069E-05 9.98069E-05 9.98069E-05
9.98333E-05 9.98333E-05 9.98333E-05 0.817018 9.98333E-05 9.98333E-05 9.98333E-05 9.98333E-05 9.98333E-05 9.98333E-05 9.98333E-05 0.107235 9.98333E-05 9.98333E-05 9.98333E-05 0.0580885 9.98333E-05 9.98333E-05 0.00444093 9.98333E-05 9.98333E-05 9.98333E-05 9.98333E-05 0.011321
9.98509E-05 9.98509E-05 0.101017 9.98509E-05 9.98509E-05 9.98509E-05 9.98509E-05 9.98509E-05 0.183547 0.0225287 9.98509E-05 9.98509E-05 9.98509E-05 9.98509E-05 9.98509E-05 9.98509E-05 0.418561 0.169173 9.98509E-05 9.98509E-05 0.102157 9.98509E-05 9.98509E-05 0.00131862
0.0903339 0.090579 0.0127862 9.98683E-05 9.98683E-05 9.98683E-05 9.98683E-05 9.98683E-05 0.330206 0.113131 9.98683E-05 0.0785597 9.98683E-05 9.98683E-05 9.98683E-05 9.98683E-05 0.103181 9.98683E-05 9.98683E-05 0.00871164 0.171014 9.98683E-05 9.98683E-05 9.98683E-05
0.0280657 0.0245599 0.014247 9.98596E-05 9.98596E-05 9.98596E-05 9.98596E-05 9.98596E-05 9.98596E-05 9.98596E-05 0.0624124 0.512777 9.98596E-05 9.98596E-05 9.98596E-05 0.279205 0.0763827 9.98596E-05 9.98596E-05 0.000752498 9.98596E-05 9.98596E-05 9.98596E-05 9.98596E-05
9.98509E-05 9.98509E-05 0.0856727 0.235472 9.98509E-05 9.98509E-05 0.082762 9.98509E-05 0.318971 9.98509E-05 9.98509E-05 9.98509E-05 9.98509E-05 0.134397 9.98509E-05 9.98509E-05 9.98509E-05 0.0042141 9.98509E-05 0.136814 9.98509E-05 9.98509E-05 9.98509E-05 9.98509E-05
9.98419E-05 9.98419E-05 0.156226 9.98419E-05 9.98419E-05 9.98419E-05 9.98419E-05 9.98419E-05 0.0446289 9.98419E-05 9.98419E-05 9.98419E-05 0.161093 9.98419E-05 9.98419E-05 9.98419E-05 0.361223 9.98419E-05 9.98419E-05 0.184462 0.0905703 9.98419E-05 9.98419E-05 9.98419E-05
9.9807E-05 9.9807E-05 9.9807E-05 9.9807E-05 9.9807E-05 9.9807E-05 0.0781075 9.9807E-05 9.9807E-05 9.9807E-05 9.9807E-05 9.9807E-05 9.9807E-05 9.9807E-05 9.9807E-05 9.9807E-05 0.919697 9.9807E-05 9.9807E-05 9.9807E-05 9.9807E-05 9.9807E-05 9.9807E-05 9.9807E-05
9.98684E-05 0.0266305 0.0476322 0.508094 9.98684E-05 0.0061025 0.00933503 9.98684E-05 9.98684E-05 9.98684E-05 9.98684E-05 0.085299 9.98684E-05 9.98684E-05 9.98684E-05 9.98684E-05 9.98684E-05 9.98684E-05 0.0591598 0.083828 9.98684E-05 9.98684E-05 9.98684E-05 0.172421
9.98422E-05 9.98422E-05 9.98422E-05 9.98422E-05 0.0364223 0.110839 9.98422E-05 9.98422E-05 9.98422E-05 9.98422E-05 9.98422E-05 9.98422E-05 0.12144 9.98422E-05 9.98422E-05 9.98422E-05 0.251989 9.98422E-05 9.98422E-05 0.352084 0.125428 9.98422E-05 9.98422E-05 9.98422E-05
9.98422E-05 9.98422E-05 0.0573363 0.136897 9.98422E-05 9.98422E-05 9.98422E-05 9.98422E-05 0.378478 9.98422E-05 9.98422E-05 0.136629 9.98422E-05 9.98422E-05 9.98422E-05 9.98422E-05 0.277643 0.0112192 9.98422E-05 9.98422E-05 9.98422E-05 9.98422E-05 9.98422E-05 9.98422E-05
9.98332E-05 9.98332E-05 0.191162 0.430434 9.98332E-05 9.98332E-05 9.98332E-05 9.98332E-05 0.0644544 9.98332E-05 9.98332E-05 9.98332E-05 9.98332E-05 9.98332E-05 9.98332E-05 9.98332E-05 9.98332E-05 9.98332E-05 9.98332E-05 0.259568 9.98332E-05 0.052484 9.98332E-05 9.98332E-05
9.9842E-05 9.9842E-05 0.225555 0.345742 9.9842E-05 9.9842E-05 0.148049 9.9842E-05 9.9842E-05 9.9842E-05 9.9842E-05 9.9842E-05 9.9842E-05 9.9842E-05 9.9842E-05 9.9842E-05 9.9842E-05 0.146012 9.9842E-05 0.0860017 0.0468439 9.9842E-05 9.9842E-05 9.9842E-05
9.98509E-05 0.0494294 0.113791 0.0705384 9.98509E-05 9.98509E-05 9.98509E-05 9.98509E-05 9.98509E-05 9.98509E-05 9.98509E-05 9.98509E-05 9.98509E-05 9.98509E-05 9.98509E-05 9.98509E-05 0.637834 0.0552725 9.98509E-05 0.0443512 9.98509E-05 9.98509E-05 0.0270858 9.98509E-05
9.98508E-05 9.98508E-05 0.079667 9.98508E-05 0.34334 9.98508E-05 9.98508E-05 9.98508E-05 9.98508E-05 0.0556472 9.98508E-05 9.98508E-05 9.98508E-05 0.124917 9.98508E-05 9.98508E-05 0.0224398 0.209068 9.98508E-05 0.163223 9.98508E-05 9.98508E-05 9.98508E-05 9.98508E-05
9.98158E-05 9.98158E-05 0.00293811 0.994498 9.98158E-05 9.98158E-05 9.98158E-05 9.98158E-05 9.98158E-05 9.98158E-05 9.98158E-05 9.98158E-05 0.000467723 9.98158E-05 9.98158E-05 9.98158E-05 9.98158E-05 9.98158E-05 9.98158E-05 9.98158E-05 9.98158E-05 9.98158E-05 9.98158E-05 9.98158E-05
9.98685E-05 9.98685E-05 0.144236 0.363208 0.0590877 9.98685E-05 9.98685E-05 9.98685E-05 0.128295 9.98685E-05 9.98685E-05 0.0609705 9.98685E-05 9.98685E-05 9.98685E-05 9.98685E-05 0.22866 0.00327534 9.98685E-05 0.00846566 9.98685E-05 0.00230439 9.98685E-05 9.98685E-05
9.98421E-05 9.98421E-05 0.0390262 9.98421E-05 9.98421E-05 9.98421E-05 9.98421E-05 0.026895 9.98421E-05 9.98421E-05 9.98421E-05 0.0922749 9.98421E-05 9.98421E-05 9.98421E-05 9.98421E-05 0.751772 9.98421E-05 9.98421E-05 9.98421E-05 0.0156112 9.98421E-05 0.0726231 9.98421E-05
0.028318 9.98508E-05 0.0510671 9.98508E-05 9.98508E-05 9.98508E-05 9.98508E-05 9.98508E-05 0.0230167 9.98508E-05 9.98508E-05 9.98508E-05 0.00749703 0.0301242 9.98508E-05 9.98508E-05 0.78401 9.98508E-05 0.0742697 9.98508E-05 9.98508E-05 9.98508E-05 9.98508E-05 9.98508E-05
9.98508E-05 9.98508E-05 0.031111 0.636757 9.98508E-05 9.98508E-05 9.98508E-05 9.98508E-05 0.0902602 9.98508E-05 9.98508E-05 9.98508E-05 0.0493465 9.98508E-05 9.98508E-05 0.0235363 9.98508E-05 0.142948 0.0243431 9.98508E-05 9.98508E-05 9.98508E-05 9.98508E-05 9.98508E-05
9.98508E-05 9.98508E-05 0.0783873 0.625545 9.98508E-05 9.98508E-05 9.98508E-05 9.98508E-05 0.016381 9.98508E-05 9.98508E-05 9.98508E-05 9.98508E-05 9.98508E-05 9.98508E-05 9.98508E-05 9.98508E-05 0.00913721 0.0699899 0.157957 9.98508E-05 9.98508E-05 9.98508E-05 0.0409051
0.0874557 9.98333E-05 0.0287596 9.98333E-05 9.98333E-05 9.98333E-05 9.98333E-05 9.98333E-05 9.98333E-05 9.98333E-05 9.98333E-05 0.791109 9.98333E-05 9.98333E-05 9.98333E-05 9.98333E-05 9.98333E-05 9.98333E-05 9.98333E-05 0.0447331 9.98333E-05 9.98333E-05 9.98333E-05 0.0460459
9.98335E-05 9.98335E-05 0.0244301 9.98335E-05 9.98335E-05 9.98335E-05 0.0267512 9.98335E-05 9.98335E-05 9.98335E-05 0.0100432 9.98335E-05 9.98335E-05 9.98335E-05 9.98335E-05 9.98335E-05 0.899852 9.98335E-05 0.0370269 9.98335E-05 9.98335E-05 9.98335E-05 9.98335E-05 9.98335E-05
9.98334E-05 0.132708 9.98334E-05 9.98334E-05 0.0347506 9.98334E-05 9.98334E-05 9.98334E-05 9.98334E-05 9.98334E-05 9.98334E-05 9.98334E-05 9.98334E-05 9.98334E-05 9.98334E-05 9.98334E-05 0.777672 9.98334E-05 9.98334E-05 0.0481626 9.98334E-05 0.00480993 9.98334E-05 9.98334E-05
9.98161E-05 9.98161E-05 9.98161E-05 9.98161E-05 9.98161E-05 9.98161E-05 9.98161E-05 9.98161E-05 9.98161E-05 9.98161E-05 9.98161E-05 9.98161E-05 0.0829009 9.98161E-05 9.98161E-05 9.98161E-05 0.9107 9.98161E-05 0.00430318 9.98161E-05 9.98161E-05 9.98161E-05 9.98161E-05 9.98161E-05
9.98157E-05 9.98157E-05 0.0301294 9.98157E-05 9.98157E-05 9.98157E-05 9.98157E-05 9.98157E-05 9.98157E-05 9.98157E-05 9.98157E-05 0.837673 9.98157E-05 9.98157E-05 9.98157E-05 9.98157E-05 9.98157E-05 9.98157E-05 9.98157E-05 9.98157E-05 0.130101 9.98157E-05 9.98157E-05 9.98157E-05
9.98685E-05 9.98685E-05 0.155349 9.98685E-05 9.98685E-05 9.98685E-05 9.98685E-05 9.98685E-05 9.98685E-05 9.98685E-05 0.0713469 0.188879 0.0364648 9.98685E-05 9.98685E-05 9.98685E-05 0.347143 0.00785606 0.0022482 0.00349723 9.98685E-05 9.98685E-05 0.185718 9.98685E-05
9.9842E-05 9.9842E-05 0.0231637 9.9842E-05 9.9842E-05 9.9842E-05 9.9842E-05 9.9842E-05 9.9842E-05 0.0582178 9.9842E-05 0.695897 0.0595808 9.9842E-05 9.9842E-05 9.9842E-05 9.9842E-05 0.148361 9.9842E-05 0.0129824 9.9842E-05 9.9842E-05 9.9842E-05 9.9842E-05
9.98159E-05 9.98159E-05 9.98159E-05 9.98159E-05 0.0154659 9.98159E-05 9.98159E-05 9.98159E-05 9.98159E-05 9.98159E-05 9.98159E-05 9.98159E-05 9.98159E-05 9.98159E-05 9.98159E-05 9.98159E-05 0.967197 9.98159E-05 0.0152411 9.98159E-05 9.98159E-05 9.98159E-05 9.98159E-05 9.98159E-05
9.98424E-05 9.98424E-05 0.00420608 0.495536 0.17218 9.98424E-05 9.98424E-05 0.0590449 9.98424E-05 9.98424E-05 9.98424E-05 0.120678 9.98424E-05 9.98424E-05 9.98424E-05 9.98424E-05 9.98424E-05 9.98424E-05 9.98424E-05 0.146558 9.98424E-05 9.98424E-05 9.98424E-05 9.98424E-05
9.98159E-05 9.98159E-05 9.98159E-05 0.974099 9.98159E-05 9.98159E-05 9.98159E-05 0.0140702 9.98159E-05 9.98159E-05 9.98159E-05 9.98159E-05 9.98159E-05 9.98159E-05 9.98159E-05 9.98159E-05 9.98159E-05 9.98159E-05 9.98159E-05 9.98159E-05 9.98159E-05 9.98159E-05 0.00973442 9.98159E-05
9.98597E-05 9.98597E-05 0.134601 0.31837 9.98597E-05 9.98597E-05 9.98597E-05 0.202123 0.0163938 9.98597E-05 9.98597E-05 9.98597E-05 9.98597E-05 9.98597E-05 9.98597E-05 9.98597E-05 9.98597E-05 9.98597E-05 0.0553897 0.104738 0.0890512 0.0777357 9.98597E-05 9.98597E-05
9.98333E-05 0.0300661 0.165876 9.98333E-05 9.98333E-05 9.98333E-05 9.98333E-05 9.98333E-05 9.98333E-05 9.98333E-05 9.98333E-05 0.35538 0.0583163 9.98333E-05 9.98333E-05 9.98333E-05 9.98333E-05 9.98333E-05 9.98333E-05 0.388464 9.98333E-05 9.98333E-05 9.98333E-05 9.98333E-05
0.00333447 0.0412907 9.9842E-05 9.9842E-05 9.9842E-05 9.9842E-05 0.101044 9.9842E-05 9.9842E-05 9.9842E-05 9.9842E-05 0.171809 0.0134245 9.9842E-05 9.9842E-05 9.9842E-05 0.6673 9.9842E-05 9.9842E-05 9.9842E-05 9.9842E-05 9.9842E-05 9.9842E-05 9.9842E-05
9.98245E-05 9.98245E-05 0.0196562 0.840221 9.98245E-05 9.98245E-05 9.98245E-05 9.98245E-05 9.98245E-05 9.98245E-05 9.98245E-05 0.0807525 9.98245E-05 0.0573738 9.98245E-05 9.98245E-05 9.98245E-05 9.98245E-05 9.98245E-05 9.98245E-05 9.98245E-05 9.98245E-05 9.98245E-05 9.98245E-05
9.9807E-05 9.9807E-05 9.9807E-05 9.9807E-05 9.9807E-05 9.9807E-05 9.9807E-05 9.9807E-05 9.9807E-05 9.9807E-05 9.9807E-05 0.643986 9.9807E-05 9.9807E-05 9.9807E-05 9.9807E-05 0.353819 9.9807E-05 9.9807E-05 9.9807E-05 9.9807E-05 9.9807E-05 9.9807E-05 9.9807E-05
9.98772E-05 9.98772E-05 0.0442847 0.176494 9.98772E-05 9.98772E-05 9.98772E-05 9.98772E-05 0.149994 9.98772E-05 9.98772E-05 0.13609 0.00763404 9.98772E-05 9.98772E-05 9.98772E-05 0.321498 0.0513173 0.0116314 0.065848 9.98772E-05 9.98772E-05 9.98772E-05 0.0338099
9.9816E-05 9.9816E-05 9.9816E-05 9.9816E-05 9.9816E-05 9.9816E-05 9.9816E-05 9.9816E-05 9.9816E-05 9.9816E-05 9.9816E-05 0.948367 9.9816E-05 9.9816E-05 0.0290419 9.9816E-05 9.9816E-05 9.9816E-05 0.020495 9.9816E-05 9.9816E-05 9.9816E-05 9.9816E-05 9.9816E-05
9.98682E-05 9.98682E-05 0.148714 0.459017 0.0652208 9.98682E-05 9.98682E-05 9.98682E-05 0.0672306 0.0276889 9.98682E-05 9.98682E-05 9.98682E-05 9.98682E-05 9.98682E-05 9.98682E-05 9.98682E-05 0.10551 0.0908247 9.98682E-05 0.0306941 0.0036029 9.98682E-05 9.98682E-05
9.98509E-05 0.0590363 9.98509E-05 0.365887 9.98509E-05 9.98509E-05 0.0096581 9.98509E-05 9.98509E-05 9.98509E-05 9.98509E-05 0.390122 9.98509E-05 9.98509E-05 9.98509E-05 9.98509E-05 9.98509E-05 9.98509E-05 9.98509E-05 0.140229 9.98509E-05 0.0264821 9.98509E-05 0.00688836
9.98071E-05 9.98071E-05 9.98071E-05 9.98071E-05 9.98071E-05 9.98071E-05 9.98071E-05 9.98071E-05 9.98071E-05 9.98071E-05 9.98071E-05 9.98071E-05 9.98071E-05 0.0164703 9.98071E-05 9.98071E-05 0.981334 9.98071E-05 9.98071E-05 9.98071E-05 9.98071E-05 9.98071E-05 9.98071E-05 9.98071E-05
9.98157E-05 9.98157E-05 9.98157E-05 9.98157E-05 9.98157E-05 9.98157E-05 9.98157E-05 9.98157E-05 9.98157E-05 0.0184913 9.98157E-05 0.961209 9.98157E-05 0.0182035 9.98157E-05 9.98157E-05 9.98157E-05 9.98157E-05 9.98157E-05 9.98157E-05 9.98157E-05 9.98157E-05 9.98157E-05 9.98157E-05
9.98686E-05 9.98686E-05 0.0577954 0.481803 9.98686E-05 0.00508583 0.00332605 0.0468508 9.98686E-05 9.98686E-05 9.98686E-05 9.98686E-05 0.0520373 9.98686E-05 9.98686E-05 9.98686E-05 0.288458 9.98686E-05 9.98686E-05 9.98686E-05 9.98686E-05 0.0400064 9.98686E-05 0.0231394
9.98423E-05 9.98423E-05 9.98423E-05 9.98423E-05 9.98423E-05 0.0444603 0.0500066 0.0282364 9.98423E-05 9.98423E-05 9.98423E-05 0.0503996 9.98423E-05 9.98423E-05 9.98423E-05 9.98423E-05 0.628519 0.196581 9.98423E-05 9.98423E-05 9.98423E-05 9.98423E-05 9.98423E-05 9.98423E-05
9.98509E-05 9.98509E-05 0.0386495 9.98509E-05 9.98509E-05 9.98509E-05 9.98509E-05 9.98509E-05 9.98509E-05 9.98509E-05 9.98509E-05 9.98509E-05 0.00517235 0.0115905 0.0274026 9.98509E-05 0.857132 9.98509E-05 0.0251073 9.98509E-05 9.98509E-05 9.98509E-05 9.98509E-05 0.033248
9.98247E-05 0.074743 0.0835178 0.157192 9.98247E-05 9.98247E-05 9.98247E-05 9.98247E-05 9.98247E-05 9.98247E-05 9.98247E-05 9.98247E-05 9.98247E-05 9.98247E-05 9.98247E-05 9.98247E-05 0.682551 9.98247E-05 9.98247E-05 9.98247E-05 9.98247E-05 9.98247E-05 9.98247E-05 9.98247E-05
9.97982E-05 9.97982E-05 9.97982E-05 0.997705 9.97982E-05 9.97982E-05 9.97982E-05 9.97982E-05 9.97982E-05 9.97982E-05 9.97982E-05 9.97982E-05 9.97982E-05 9.97982E-05 9.97982E-05 9.97982E-05 9.97982E-05 9.97982E-05 9.97982E-05 9.97982E-05 9.97982E-05 9.97982E-05 9.97982E-05 9.97982E-05
9.98333E-05 9.98333E-05 0.054219 9.98333E-05 9.98333E-05 9.98333E-05 9.98333E-05 9.98333E-05 0.858676 9.98333E-05 0.045578 9.98333E-05 9.98333E-05 9.98333E-05 9.98333E-05 9.98333E-05 9.98333E-05 9.98333E-05 0.00974188 9.98333E-05 0.0298879 9.98333E-05 9.98333E-05 9.98333E-05
9.9807E-05 0.015311 9.9807E-05 9.9807E-05 9.9807E-05 9.9807E-05 9.9807E-05 0.982493 9.9807E-05 9.9807E-05 9.9807E-05 9.9807E-05 9.9807E-05 9.9807E-05 9.9807E-05 9.9807E-05 9.9807E-05 9.9807E-05 9.9807E-05 9.9807E-05 9.9807E-05 9.9807E-05 9.9807E-05 9.9807E-05
9.98244E-05 9.98244E-05 9.98244E-05 9.98244E-05 9.98244E-05 9.98244E-05 9.98244E-05 0.879261 0.0325124 9.98244E-05 9.98244E-05 9.98244E-05 9.98244E-05 0.0799719 0.00625784 9.98244E-05 9.98244E-05 9.98244E-05 9.98244E-05 9.98244E-05 9.98244E-05 9.98244E-05 9.98244E-05 9.98244E-05
9.98334E-05 9.98334E-05 9.98334E-05 9.98334E-05 9.98334E-05 9.98334E-05 9.98334E-05 9.98334E-05 0.580611 9.98334E-05 0.208968 9.98334E-05 9.98334E-05 0.0208383 9.98334E-05 9.98334E-05 9.98334E-05 0.101877 9.98334E-05 9.98334E-05 0.0858086 9.98334E-05 9.98334E-05 9.98334E-05
9.98506E-05 9.98506E-05 0.0306251 9.98506E-05 9.98506E-05 9.98506E-05 0.0678366 9.98506E-05 0.722246 9.98506E-05 9.98506E-05 9.98506E-05 0.00284872 0.0318626 9.98506E-05 9.98506E-05 9.98506E-05 9.98506E-05 9.98506E-05 0.106151 0.0367325 9.98506E-05 9.98506E-05 9.98506E-05
9.98154E-05 9.98154E-05 0.0958812 9.98154E-05 9.98154E-05 9.98154E-05 9.98154E-05 9.98154E-05 0.877652 9.98154E-05 9.98154E-05 9.98154E-05 9.98154E-05 9.98154E-05 9.98154E-05 9.98154E-05 9.98154E-05 9.98154E-05 9.98154E-05 9.98154E-05 0.0243711 9.98154E-05 9.98154E-05 9.98154E-05
9.98244E-05 0.00702632 0.0906695 9.98244E-05 9.98244E-05 9.98244E-05 9.98244E-05 9.98244E-05 0.709671 9.98244E-05 0.190636 9.98244E-05 9.98244E-05 9.98244E-05 9.98244E-05 9.98244E-05 9.98244E-05 9.98244E-05 9.98244E-05 9.98244E-05 9.98244E-05 9.98244E-05 9.98244E-05 9.98244E-05
9.98333E-05 9.98333E-05 0.0311157 9.98333E-05 9.98333E-05 9.98333E-05 9.98333E-05 9.98333E-05 0.605881 9.98333E-05 0.0965021 9.98333E-05 9.98333E-05 0.196433 9.98333E-05 9.98333E-05 9.98333E-05 9.98333E-05 9.98333E-05 9.98333E-05 0.0681708 9.98333E-05 9.98333E-05 9.98333E-05
9.98158E-05 9.98158E-05 9.98158E-05 9.98158E-05 9.98158E-05 9.98158E-05 9.98158E-05 0.555825 0.430305 9.98158E-05 0.0117735 9.98158E-05 9.98158E-05 9.98158E-05 9.98158E-05 9.98158E-05 9.98158E-05 9.98158E-05 9.98158E-05 9.98158E-05 9.98158E-05 9.98158E-05 9.98158E-05 9.98158E-05
9.97982E-05 9.97982E-05 9.97982E-05 9.97982E-05 9.97982E-05 9.97982E-05 9.97982E-05 9.97982E-05 0.997705 9.97982E-05 9.97982E-05 9.97982E-05 9.97982E-05 9.97982E-05 9.97982E-05 9.97982E-05 9.97982E-05 9.97982E-05 9.97982E-05 9.97982E-05 9.97982E-05 9.97982E-05 9.97982E-05 9.97982E-05
9.98242E-05 9.98242E-05 0.20504 9.98242E-05 9.98242E-05 9.98242E-05 9.98242E-05 9.98242E-05 0.697523 9.98242E-05 9.98242E-05 9.98242E-05 9.98242E-05 9.98242E-05 9.98242E-05 9.98242E-05 9.98242E-05 9.98242E-05 0.0938645 9.98242E-05 0.00157622 9.98242E-05 9.98242E-05 9.98242E-05
0.0344746 9.98332E-05 0.00361386 9.98332E-05 9.98332E-05 9.98332E-05 9.98332E-05 9.98332E-05 0.705437 9.98332E-05 9.98332E-05 9.98332E-05 9.98332E-05 9.98332E-05 9.98332E-05 9.98332E-05 9.98332E-05 9.98332E-05 9.98332E-05 0.0860614 9.98332E-05 9.98332E-05 9.98332E-05 0.168516
0.0584682 9.98681E-05 0.00618941 9.98681E-05 9.98681E-05 0.0566954 0.0548087 9.98681E-05 0.636495 9.98681E-05 9.98681E-05 9.98681E-05 9.98681E-05 9.98681E-05 9.98681E-05 9.98681E-05 9.98681E-05 0.0771603 0.00668264 9.98681E-05 0.0596456 9.98681E-05 9.98681E-05 0.042357
9.98155E-05 9.98155E-05 0.148243 9.98155E-05 9.98155E-05 9.98155E-05 9.98155E-05 9.98155E-05 0.724222 9.98155E-05 9.98155E-05 9.98155E-05 9.98155E-05 9.98155E-05 9.98155E-05 9.98155E-05 9.98155E-05 9.98155E-05 9.98155E-05 0.125439 9.98155E-05 9.98155E-05 9.98155E-05 9.98155E-05
0.0455502 9.98335E-05 9.98335E-05 9.98335E-05 9.98335E-05 9.98335E-05 9.98335E-05 0.806719 9.98335E-05 9.98335E-05 9.98335E-05 9.98335E-05 9.98335E-05 9.98335E-05 9.98335E-05 9.98335E-05 9.98335E-05 0.0998386 0.0259148 9.98335E-05 9.98335E-05 0.0200809 9.98335E-05 9.98335E-05
9.9816E-05 9.9816E-05 9.9816E-05 9.9816E-05 9.9816E-05 9.9816E-05 9.9816E-05 0.00344298 0.948381 9.9816E-05 9.9816E-05 9.9816E-05 9.9816E-05 9.9816E-05 9.9816E-05 9.9816E-05 9.9816E-05 9.9816E-05 9.9816E-05 9.9816E-05 9.9816E-05 9.9816E-05 0.0460795 9.9816E-05
9.98155E-05 9.98155E-05 9.98155E-05 9.98155E-05 9.98155E-05 9.98155E-05 9.98155E-05 9.98155E-05 0.900421 9.98155E-05 9.98155E-05 9.98155E-05 0.0553143 9.98155E-05 0.0421687 9.98155E-05 9.98155E-05 9.98155E-05 9.98155E-05 9.98155E-05 9.98155E-05 9.98155E-05 9.98155E-05 9.98155E-05
9.98245E-05 9.98245E-05 9.98245E-05 9.98245E-05 9.98245E-05 9.98245E-05 9.98245E-05 9.98245E-05 0.889216 9.98245E-05 9.98245E-05 9.98245E-05 0.0234761 9.98245E-05 9.98245E-05 9.98245E-05 9.98245E-05 9.98245E-05 0.081815 0.00349615 9.98245E-05 9.98245E-05 9.98245E-05 9.98245E-05
9.98245E-05 9.98245E-05 9.98245E-05 9.98245E-05 9.98245E-05 9.98245E-05 9.98245E-05 9.98245E-05 0.808306 9.98245E-05 9.98245E-05 0.102361 9.98245E-05 0.0681616 9.98245E-05 9.98245E-05 9.98245E-05 9.98245E-05 0.0191751 9.98245E-05 9.98245E-05 9.98245E-05 9.98245E-05 9.98245E-05
9.98241E-05 9.98241E-05 0.179092 9.98241E-05 0.0359798 9.98241E-05 9.98241E-05 9.98241E-05 0.722379 0.0605529 9.98241E-05 9.98241E-05 9.98241E-05 9.98241E-05 9.98241E-05 9.98241E-05 9.98241E-05 9.98241E-05 9.98241E-05 9.98241E-05 9.98241E-05 9.98241E-05 9.98241E-05 9.98241E-05
9.97983E-05 9.97983E-05 9.97983E-05 9.97983E-05 9.97983E-05 9.97983E-05 9.97983E-05 0.997705 9.97983E-05 9.97983E-05 9.97983E-05 9.97983E-05 9.97983E-05 9.97983E-05 9.97983E-05 9.97983E-05 9.97983E-05 9.97983E-05 9.97983E-05 9.97983E-05 9.97983E-05 9.97983E-05 9.97983E-05 9.97983E-05
9.98157E-05 9.98157E-05 0.0157685 9.98157E-05 9.98157E-05 9.98157E-05 9.98157E-05 9.98157E-05 0.88225 9.98157E-05 9.98157E-05 9.98157E-05 9.98157E-05 9.98157E-05 9.98157E-05 9.98157E-05 9.98157E-05 9.98157E-05 9.98157E-05 0.0998856 9.98157E-05 9.98157E-05 9.98157E-05 9.98157E-05
9.98335E-05 9.98335E-05 9.98335E-05 9.98335E-05 9.98335E-05 9.98335E-05 9.98335E-05 9.98335E-05 0.626419 9.98335E-05 0.0436471 9.98335E-05 9.98335E-05 9.98335E-05 9.98335E-05 9.98335E-05 9.98335E-05 0.272116 9.98335E-05 0.0198596 9.98335E-05 9.98335E-05 0.0360614 9.98335E-05
9.98422E-05 0.00595351 9.98422E-05 9.98422E-05 9.98422E-05 9.98422E-05 9.98422E-05 9.98422E-05 0.719856 9.98422E-05 9.98422E-05 9.98422E-05 0.0373939 0.0677748 0.101674 9.98422E-05 9.98422E-05 9.98422E-05 9.98422E-05 9.98422E-05 9.98422E-05 0.0655507 9.98422E-05 9.98422E-05
0.0321936 9.98156E-05 9.98156E-05 9.98156E-05 9.98156E-05 9.98156E-05 9.98156E-05 9.98156E-05 0.850482 9.98156E-05 9.98156E-05 9.98156E-05 9.98156E-05 9.98156E-05 9.98156E-05 9.98156E-05 9.98156E-05 9.98156E-05 0.115229 9.98156E-05 9.98156E-05 9.98156E-05 9.98156E-05 9.98156E-05
9.98334E-05 9.98334E-05 0.0462616 9.98334E-05 9.98334E-05 9.98334E-05 9.98334E-05 0.752348 0.145067 9.98334E-05 0.0334111 9.98334E-05 9.98334E-05 9.98334E-05 9.98334E-05 9.98334E-05 9.98334E-05 9.98334E-05 9.98334E-05 9.98334E-05 0.0210153 9.98334E-05 9.98334E-05 9.98334E-05
9.98073E-05 9.98073E-05 9.98073E-05 9.98073E-05 9.98073E-05 9.98073E-05 9.98073E-05 0.21216 0.785644 9.98073E-05 9.98073E-05 9.98073E-05 9.98073E-05 9.98073E-05 9.98073E-05 9.98073E-05 9.98073E-05 9.98073E-05 9.98073E-05 9.98073E-05 9.98073E-05 9.98073E-05 9.98073E-05 9.98073E-05
9.98069E-05 9.98069E-05 0.00585737 9.98069E-05 9.98069E-05 9.98069E-05 9.98069E-05 0.991947 9.98069E-05 9.98069E-05 9.98069E-05 9.98069E-05 9.98069E-05 9.98069E-05 9.98069E-05 9.98069E-05 9.98069E-05 9.98069E-05 9.98069E-05 9.98069E-05 9.98069E-05 9.98069E-05 9.98069E-05 9.98069E-05
9.98074E-05 9.98074E-05 9.98074E-05 9.98074E-05 9.98074E-05 9.98074E-05 9.98074E-05 9.98074E-05 0.961312 9.98074E-05 9.98074E-05 9.98074E-05 9.98074E-05 0.0364924 9.98074E-05 9.98074E-05 9.98074E-05 9.98074E-05 9.98074E-05 9.98074E-05 9.98074E-05 9.98074E-05 9.98074E-05 9.98074E-05
9.98245E-05 9.98245E-05 0.128234 9.98245E-05 0.00368925 9.98245E-05 9.98245E-05 0.855025 9.98245E-05 9.98245E-05 9.98245E-05 9.98245E-05 9.98245E-05 9.98245E-05 9.98245E-05 9.98245E-05 9.98245E-05 9.98245E-05 9.98245E-05 9.98245E-05 0.0110552 9.98245E-05 9.98245E-05 9.98245E-05
9.98158E-05 9.98158E-05 0.059756 9.98158E-05 9.98158E-05 9.98158E-05 9.98158E-05 9.98158E-05 9.98158E-05 9.98158E-05 9.98158E-05 9.98158E-05 9.98158E-05 9.98158E-05 9.98158E-05 9.98158E-05 9.98158E-05 0.829017 9.98158E-05 9.98158E-05 0.10913 9.98158E-05 9.98158E-05 9.98158E-05
9.98334E-05 9.98334E-05 0.00688655 9.98334E-05 0.0187928 9.98334E-05 9.98334E-05 9.98334E-05 9.98334E-05 9.98334E-05 9.98334E-05 9.98334E-05 9.98334E-05 9.98334E-05 9.98334E-05 9.98334E-05 9.98334E-05 0.389494 9.98334E-05 9.98334E-05 0.0832133 9.98334E-05 0.499717 9.98334E-05
9.98334E-05 9.98334E-05 0.0546408 9.98334E-05 9.98334E-05 0.00113684 9.98334E-05 9.98334E-05 9.98334E-05 9.98334E-05 9.98334E-05 9.98334E-05 9.98334E-05 9.98334E-05 9.98334E-05 9.98334E-05 9.98334E-05 0.888616 0.00784154 0.0458681 9.98334E-05 9.98334E-05 9.98334E-05 9.98334E-05
9.98242E-05 9.98242E-05 0.141849 9.98242E-05 9.98242E-05 9.98242E-05 9.98242E-05 9.98242E-05 9.98242E-05 9.98242E-05 9.98242E-05 9.98242E-05 9.98242E-05 0.042027 9.98242E-05 9.98242E-05 9.98242E-05 0.785329 0.0287984 9.98242E-05 9.98242E-05 9.98242E-05 9.98242E-05 9.98242E-05
9.98156E-05 9.98156E-05 9.98156E-05 9.98156E-05 9.98156E-05 9.98156E-05 9.98156E-05 9.98156E-05 9.98156E-05 9.98156E-05 9.98156E-05 9.98156E-05 9.98156E-05 9.98156E-05 0.0291701 9.98156E-05 9.98156E-05 0.902651 9.98156E-05 9.98156E-05 0.066083 9.98156E-05 9.98156E-05 9.98156E-05
9.98333E-05 0.0648406 0.145828 9.98333E-05 9.98333E-05 9.98333E-05 9.98333E-05 9.98333E-05 9.98333E-05 9.98333E-05 0.00634531 9.98333E-05 9.98333E-05 9.98333E-05 9.98333E-05 9.98333E-05 9.98333E-05 0.642988 9.98333E-05 9.98333E-05 0.138101 9.98333E-05 9.98333E-05 9.98333E-05
0.050716 9.98421E-05 0.00307418 9.98421E-05 9.98421E-05 9.98421E-05 9.98421E-05 9.98421E-05 9.98421E-05 9.98421E-05 9.98421E-05 9.98421E-05 9.98421E-05 9.98421E-05 9.98421E-05 0.0222317 9.98421E-05 0.727642 9.98421E-05 0.100904 0.0936355 9.98421E-05 9.98421E-05 9.98421E-05
9.98071E-05 9.98071E-05 9.98071E-05 9.98071E-05 9.98071E-05 9.98071E-05 9.98071E-05 9.98071E-05 9.98071E-05 9.98071E-05 9.98071E-05 9.98071E-05 9.98071E-05 9.98071E-05 9.98071E-05 9.98071E-05 9.98071E-05 0.845122 9.98071E-05 9.98071E-05 0.152682 9.98071E-05 9.98071E-05 9.98071E-05
9.98243E-05 9.98243E-05 9.98243E-05 9.98243E-05 0.0133874 9.98243E-05 9.98243E-05 9.98243E-05 9.98243E-05 9.98243E-05 0.198981 9.98243E-05 9.98243E-05 9.98243E-05 9.98243E-05 9.98243E-05 9.98243E-05 0.476879 9.98243E-05 9.98243E-05 0.308756 9.98243E-05 9.98243E-05 9.98243E-05
0.0287404 0.0363965 0.192478 9.9842E-05 9.9842E-05 9.9842E-05 9.9842E-05 9.9842E-05 9.9842E-05 9.9842E-05 9.9842E-05 9.9842E-05 9.9842E-05 9.9842E-05 9.9842E-05 9.9842E-05 9.9842E-05 0.435824 9.9842E-05 0.0804272 0.224336 9.9842E-05 9.9842E-05 9.9842E-05
9.98334E-05 9.98334E-05 9.98334E-05 9.98334E-05 9.98334E-05 9.98334E-05 9.98334E-05 9.98334E-05 9.98334E-05 9.98334E-05 0.141585 9.98334E-05 9.98334E-05 9.98334E-05 9.98334E-05 0.493075 9.98334E-05 0.312654 0.0309668 9.98334E-05 0.0198226 9.98334E-05 9.98334E-05 9.98334E-05
9.98333E-05 9.98333E-05 0.0508255 9.98333E-05 9.98333E-05 9.98333E-05 9.98333E-05 9.98333E-05 9.98333E-05 9.98333E-05 0.0972041 9.98333E-05 9.98333E-05 9.98333E-05 9.98333E-05 0.206572 9.98333E-05 0.637794 0.00570692 9.98333E-05 9.98333E-05 9.98333E-05 9.98333E-05 9.98333E-05
9.98159E-05 9.98159E-05 9.98159E-05 9.98159E-05 9.98159E-05 9.98159E-05 9.98159E-05 9.98159E-05 9.98159E-05 9.98159E-05 9.98159E-05 9.98159E-05 9.98159E-05 9.98159E-05 9.98159E-05 0.1734 9.98159E-05 0.771811 9.98159E-05 9.98159E-05 0.0526925 9.98159E-05 9.98159E-05 9.98159E-05
9.98423E-05 9.98423E-05 0.236802 9.98423E-05 9.98423E-05 9.98423E-05 9.98423E-05 9.98423E-05 9.98423E-05 9.98423E-05 9.98423E-05 9.98423E-05 9.98423E-05 9.98423E-05 9.98423E-05 0.116162 9.98423E-05 0.512543 9.98423E-05 9.98423E-05 0.110872 0.0188884 0.0029357 9.98423E-05
0.0245136 9.98597E-05 9.98597E-05 9.98597E-05 9.98597E-05 9.98597E-05 0.0311557 9.98597E-05 9.98597E-05 9.98597E-05 9.98597E-05 9.98597E-05 0.00903156 0.154578 9.98597E-05 9.98597E-05 9.98597E-05 0.508604 9.98597E-05 9.98597E-05 0.066432 9.98597E-05 0.129809 0.074278
9.98684E-05 0.00786992 0.105517 9.98684E-05 0.127906 9.98684E-05 9.98684E-05 9.98684E-05 9.98684E-05 9.98684E-05 0.0428061 9.98684E-05 9.98684E-05 9.98684E-05 0.0279036 0.00461672 9.98684E-05 0.639124 0.0355468 9.98684E-05 0.00721105 9.98684E-05 9.98684E-05 9.98684E-05
9.98421E-05 9.98421E-05 0.0923936 9.98421E-05 9.98421E-05 9.98421E-05 0.0237657 9.98421E-05 9.98421E-05 9.98421E-05 0.229082 9.98421E-05 9.98421E-05 9.98421E-05 9.98421E-05 9.98421E-05 9.98421E-05 0.578729 9.98421E-05 9.98421E-05 0.00986195 9.98421E-05 0.0643705 9.98421E-05
9.98337E-05 9.98337E-05 9.98337E-05 9.98337E-05 9.98337E-05 9.98337E-05 9.98337E-05 9.98337E-05 9.98337E-05 9.98337E-05 9.98337E-05 9.98337E-05 9.98337E-05 9.98337E-05 0.0454241 0.0207145 9.98337E-05 0.772851 9.98337E-05 0.0629995 0.0961142 9.98337E-05 9.98337E-05 9.98337E-05
9.97984E-05 9.97984E-05 9.97984E-05 9.97984E-05 9.97984E-05 9.97984E-05 9.97984E-05 9.97984E-05 9.97984E-05 9.97984E-05 9.97984E-05 9.97984E-05 9.97984E-05 9.97984E-05 9.97984E-05 9.97984E-05 9.97984E-05 0.997705 9.97984E-05 9.97984E-05 9.97984E-05 9.97984E-05 9.97984E-05 9.97984E-05
9.98421E-05 9.98421E-05 0.0892223 9.98421E-05 0.105625 9.98421E-05 0.126035 9.98421E-05 9.98421E-05 9.98421E-05 9.98421E-05 9.98421E-05 9.98421E-05 9.98421E-05 9.98421E-05 9.98421E-05 9.98421E-05 0.393377 9.98421E-05 9.98421E-05 0.0957106 9.98421E-05 0.188233 9.98421E-05
9.98421E-05 0.00879239 0.0480295 9.98421E-05 9.98421E-05 0.0426892 9.98421E-05 9.98421E-05 9.98421E-05 9.98421E-05 0.099991 9.98421E-05 9.98421E-05 9.98421E-05 9.98421E-05 9.98421E-05 9.98421E-05 0.764568 9.98421E-05 9.98421E-05 9.98421E-05 9.98421E-05 0.0341331 9.98421E-05
0.016281 9.98245E-05 0.00276764 9.98245E-05 9.98245E-05 9.98245E-05 9.98245E-05 9.98245E-05 9.98245E-05 9.98245E-05 9.98245E-05 9.98245E-05 9.98245E-05 9.98245E-05 9.98245E-05 9.98245E-05 9.98245E-05 0.931924 9.98245E-05 9.98245E-05 0.0470307 9.98245E-05 9.98245E-05 9.98245E-05
9.98507E-05 9.98507E-05 0.197964 9.98507E-05 9.98507E-05 9.98507E-05 0.021575 9.98507E-05 9.98507E-05 9.98507E-05 0.0982705 9.98507E-05 0.0343487 9.98507E-05 9.98507E-05 9.98507E-05 9.98507E-05 0.487743 9.98507E-05 9.98507E-05 0.141636 0.0167654 9.98507E-05 9.98507E-05
9.98246E-05 9.98246E-05 0.016384 9.98246E-05 9.98246E-05 9.98246E-05 9.98246E-05 9.98246E-05 9.98246E-05 9.98246E-05 9.98246E-05 9.98246E-05 9.98246E-05 9.98246E-05 9.98246E-05 0.175554 9.98246E-05 0.69769 9.98246E-05 9.98246E-05 0.108376 9.98246E-05 9.98246E-05 9.98246E-05
9.98421E-05 9.98421E-05 0.233947 9.98421E-05 9.98421E-05 9.98421E-05 0.0374913 9.98421E-05 9.98421E-05 0.0520347 0.110857 9.98421E-05 9.98421E-05 9.98421E-05 9.98421E-05 9.98421E-05 9.98421E-05 0.38647 9.98421E-05 9.98421E-05 0.177404 9.98421E-05 9.98421E-05 9.98421E-05
9.98507E-05 9.98507E-05 0.116834 9.98507E-05 9.98507E-05 9.98507E-05 9.98507E-05 9.98507E-05 0.135514 0.0202019 0.0355891 9.98507E-05 9.98507E-05 9.98507E-05 9.98507E-05 0.433541 9.98507E-05 0.108633 9.98507E-05 9.98507E-05 0.14799 9.98507E-05 9.98507E-05 9.98507E-05
9.98333E-05 9.98333E-05 0.0181235 9.98333E-05 9.98333E-05 9.98333E-05 9.98333E-05 9.98333E-05 9.98333E-05 9.98333E-05 9.98333E-05 9.98333E-05 9.98333E-05 9.98333E-05 0.0294482 9.98333E-05 9.98333E-05 0.103925 9.98333E-05 9.98333E-05 9.98333E-05 0.169735 0.676871 9.98333E-05
9.98418E-05 9.98418E-05 0.0318974 9.98418E-05 9.98418E-05 0.018372 9.98418E-05 9.98418E-05 9.98418E-05 9.98418E-05 9.98418E-05 9.98418E-05 0.0677549 9.98418E-05 9.98418E-05 9.98418E-05 9.98418E-05 0.784748 9.98418E-05 0.00667384 0.0887563 9.98418E-05 9.98418E-05 9.98418E-05
9.98246E-05 9.98246E-05 0.185592 9.98246E-05 9.98246E-05 9.98246E-05 9.98246E-05 9.98246E-05 9.98246E-05 9.98246E-05 9.98246E-05 9.98246E-05 9.98246E-05 9.98246E-05 9.98246E-05 0.0425964 9.98246E-05 0.499914 9.98246E-05 9.98246E-05 0.269901 9.98246E-05 9.98246E-05 9.98246E-05
9.98334E-05 9.98334E-05 0.138279 9.98334E-05 9.98334E-05 9.98334E-05 0.00911705 9.98334E-05 9.98334E-05 9.98334E-05 9.98334E-05 9.98334E-05 9.98334E-05 9.98334E-05 9.98334E-05 9.98334E-05 9.98334E-05 0.747319 0.0103151 9.98334E-05 9.98334E-05 9.98334E-05 0.093073 9.98334E-05
9.9842E-05 9.9842E-05 0.172077 9.9842E-05 9.9842E-05 9.9842E-05 9.9842E-05 9.9842E-05 9.9842E-05 9.9842E-05 9.9842E-05 9.9842E-05 9.9842E-05 9.9842E-05 9.9842E-05 0.323437 9.9842E-05 0.425395 0.0231381 9.9842E-05 0.0161733 9.9842E-05 9.9842E-05 0.0379822
9.98157E-05 9.98157E-05 0.0526874 9.98157E-05 9.98157E-05 9.98157E-05 0.0420511 9.98157E-05 9.98157E-05 9.98157E-05 9.98157E-05 9.98157E-05 9.98157E-05 9.98157E-05 9.98157E-05 9.98157E-05 9.98157E-05 0.903165 9.98157E-05 9.98157E-05 9.98157E-05 9.98157E-05 9.98157E-05 9.98157E-05
9.98332E-05 9.98332E-05 0.125932 9.98332E-05 9.98332E-05 0.00953875 0.156705 9.98332E-05 9.98332E-05 9.98332E-05 9.98332E-05 9.98332E-05 9.98332E-05 9.98332E-05 9.98332E-05 9.98332E-05 9.98332E-05 0.430788 9.98332E-05 9.98332E-05 0.27514 9.98332E-05 9.98332E-05 9.98332E-05
9.98244E-05 9.98244E-05 0.00133312 9.98244E-05 9.98244E-05 9.98244E-05 9.98244E-05 9.98244E-05 9.98244E-05 9.98244E-05 9.98244E-05 9.98244E-05 9.98244E-05 9.98244E-05 9.98244E-05 9.98244E-05 9.98244E-05 0.827298 9.98244E-05 0.108073 0.0612992 9.98244E-05 9.98244E-05 9.98244E-05
9.98158E-05 9.98158E-05 0.032166 9.98158E-05 9.98158E-05 9.98158E-05 9.98158E-05 9.98158E-05 9.98158E-05 9.98158E-05 9.98158E-05 9.98158E-05 9.98158E-05 9.98158E-05 9.98158E-05 0.116409 9.98158E-05 0.849329 9.98158E-05 9.98158E-05 9.98158E-05 9.98158E-05 9.98158E-05 9.98158E-05
0.0194665 9.9842E-05 9.9842E-05 9.9842E-05 0.222368 9.9842E-05 9.9842E-05 9.9842E-05 9.9842E-05 9.9842E-05 9.9842E-05 9.9842E-05 9.9842E-05 9.9842E-05 9.9842E-05 9.9842E-05 9.9842E-05 0.622292 0.00292585 9.9842E-05 0.0325228 9.9842E-05 0.0986281 9.9842E-05
9.98243E-05 9.98243E-05 0.131012 9.98243E-05 9.98243E-05 9.98243E-05 9.98243E-05 9.98243E-05 9.98243E-05 9.98243E-05 9.98243E-05 9.98243E-05 9.98243E-05 0.0181683 9.98243E-05 9.98243E-05 9.98243E-05 0.761018 9.98243E-05 9.98243E-05 0.0878052 9.98243E-05 9.98243E-05 9.98243E-05
9.98157E-05 9.98157E-05 9.98157E-05 9.98157E-05 9.98157E-05 9.98157E-05 9.98157E-05 9.98157E-05 9.98157E-05 9.98157E-05 9.98157E-05 9.98157E-05 9.98157E-05 9.98157E-05 9.98157E-05 9.98157E-05 9.98157E-05 0.287798 9.98157E-05 9.98157E-05 0.0728681 9.98157E-05 0.637238 9.98157E-05
9.9816E-05 9.9816E-05 0.0533028 9.9816E-05 9.9816E-05 9.9816E-05 9.9816E-05 9.9816E-05 9.9816E-05 9.9816E-05 9.9816E-05 9.9816E-05 9.9816E-05 9.9816E-05 9.9816E-05 0.327238 9.9816E-05 0.617363 9.9816E-05 9.9816E-05 9.9816E-05 9.9816E-05 9.9816E-05 9.9816E-05
9.98248E-05 9.98248E-05 9.98248E-05 9.98248E-05 9.98248E-05 9.98248E-05 9.98248E-05 9.98248E-05 9.98248E-05 9.98248E-05 9.98248E-05 9.98248E-05 9.98248E-05 9.98248E-05 9.98248E-05 9.98248E-05 9.98248E-05 0.664252 0.013139 9.98248E-05 0.00786391 9.98248E-05 0.312748 9.98248E-05
9.98334E-05 0.031548 9.98334E-05 9.98334E-05 9.98334E-05 9.98334E-05 0.0297703 9.98334E-05 9.98334E-05 9.98334E-05 9.98334E-05 9.98334E-05 9.98334E-05 0.0137619 9.98334E-05 0.536427 9.98334E-05 0.386596 9.98334E-05 9.98334E-05 9.98334E-05 9.98334E-05 9.98334E-05 9.98334E-05
9.98507E-05 9.98507E-05 0.1835 9.98507E-05 0.000358387 0.0173342 9.98507E-05 9.98507E-05 9.98507E-05 9.98507E-05 0.161808 9.98507E-05 9.98507E-05 9.98507E-05 9.98507E-05 9.98507E-05 9.98507E-05 0.548995 0.0243103 9.98507E-05 0.0619962 9.98507E-05 9.98507E-05 9.98507E-05
9.98246E-05 9.98246E-05 9.98246E-05 9.98246E-05 0.0154542 9.98246E-05 9.98246E-05 9.98246E-05 9.98246E-05 9.98246E-05 9.98246E-05 9.98246E-05 9.98246E-05 9.98246E-05 9.98246E-05 9.98246E-05 9.98246E-05 0.840129 9.98246E-05 0.015975 0.126445 9.98246E-05 9.98246E-05 9.98246E-05
9.9842E-05 9.9842E-05 0.0448565 9.9842E-05 9.9842E-05 9.9842E-05 0.0731146 9.9842E-05 9.9842E-05 9.9842E-05 9.9842E-05 9.9842E-05 9.9842E-05 9.9842E-05 9.9842E-05 0.350021 9.9842E-05 0.0941053 9.9842E-05 9.9842E-05 0.114441 9.9842E-05 0.321664 9.9842E-05
9.98157E-05 9.98157E-05 9.98157E-05 9.98157E-05 9.98157E-05 9.98157E-05 9.98157E-05 9.98157E-05 9.98157E-05 9.98157E-05 9.98157E-05 9.98157E-05 9.98157E-05 9.98157E-05 9.98157E-05 0.739841 0.00998914 0.248073 9.98157E-05 9.98157E-05 9.98157E-05 9.98157E-05 9.98157E-05 9.98157E-05
9.98332E-05 9.98332E-05 9.98332E-05 9.98332E-05 9.98332E-05 9.98332E-05 0.0819573 9.98332E-05 9.98332E-05 9.98332E-05 0.128424 9.98332E-05 9.98332E-05 9.98332E-05 9.98332E-05 9.98332E-05 9.98332E-05 0.526952 9.98332E-05 0.0970458 0.163724 9.98332E-05 9.98332E-05 9.98332E-05
0.0470553 9.98509E-05 0.052591 9.98509E-05 0.0619912 9.98509E-05 9.98509E-05 9.98509E-05 0.135882 9.98509E-05 9.98509E-05 9.98509E-05 9.98509E-05 9.98509E-05 9.98509E-05 0.141134 9.98509E-05 0.456283 9.98509E-05 9.98509E-05 0.103366 9.98509E-05 9.98509E-05 9.98509E-05
0.126793 9.98598E-05 9.98598E-05 9.98598E-05 9.98598E-05 9.98598E-05 9.98598E-05 9.98598E-05 9.98598E-05 0.0189038 9.98598E-05 9.98598E-05 9.98598E-05 9.98598E-05 9.98598E-05 0.124364 9.98598E-05 0.29746 9.98598E-05 0.0597571 0.25266 0.082424 0.0360398 9.98598E-05
9.98334E-05 9.98334E-05 0.188164 9.98334E-05 9.98334E-05 9.98334E-05 9.98334E-05 9.98334E-05 0.021069 9.98334E-05 9.98334E-05 9.98334E-05 9.98334E-05 9.98334E-05 9.98334E-05 9.98334E-05 9.98334E-05 0.453693 9.98334E-05 0.0772464 0.257931 9.98334E-05 9.98334E-05 9.98334E-05
9.98247E-05 9.98247E-05 0.0863328 9.98247E-05 9.98247E-05 9.98247E-05 0.0087919 9.98247E-05 9.98247E-05 9.98247E-05 9.98247E-05 9.98247E-05 9.98247E-05 9.98247E-05 9.98247E-05 9.98247E-05 9.98247E-05 0.373454 9.98247E-05 9.98247E-05 9.98247E-05 9.98247E-05 0.529425 9.98247E-05
9.98156E-05 0.159238 0.112541 9.98156E-05 9.98156E-05 9.98156E-05 9.98156E-05 9.98156E-05 9.98156E-05 9.98156E-05 9.98156E-05 9.98156E-05 9.98156E-05 9.98156E-05 9.98156E-05 9.98156E-05 9.98156E-05 0.726125 9.98156E-05 9.98156E-05 9.98156E-05 9.98156E-05 9.98156E-05 9.98156E-05
9.98421E-05 9.98421E-05 0.00957817 9.98421E-05 9.98421E-05 9.98421E-05 9.98421E-05 0.0907876 9.98421E-05 9.98421E-05 0.0213881 9.98421E-05 9.98421E-05 9.98421E-05 9.98421E-05 9.98421E-05 9.98421E-05 0.295812 9.98421E-05 9.98421E-05 0.0860993 9.98421E-05 0.494538 9.98421E-05
9.98422E-05 9.98422E-05 0.133457 9.98422E-05 0.0256889 9.98422E-05 9.98422E-05 9.98422E-05 9.98422E-05 9.98422E-05 9.98422E-05 9.98422E-05 9.98422E-05 9.98422E-05 9.98422E-05 9.98422E-05 9.98422E-05 0.533472 0.0180502 9.98422E-05 0.061251 9.98422E-05 0.226283 9.98422E-05
9.98421E-05 9.98421E-05 9.98421E-05 9.98421E-05 9.98421E-05 9.98421E-05 9.98421E-05 9.98421E-05 9.98421E-05 0.0465542 0.0642171 9.98421E-05 9.98421E-05 9.98421E-05 0.017264 9.98421E-05 9.98421E-05 0.716875 9.98421E-05 9.98421E-05 0.0502219 9.98421E-05 9.98421E-05 0.103071
0.0345561 0.0700919 9.98508E-05 9.98508E-05 9.98508E-05 9.98508E-05 9.98508E-05 9.98508E-05 0.0134775 9.98508E-05 9.98508E-05 9.98508E-05 9.98508E-05 0.0415283 9.98508E-05 9.98508E-05 9.98508E-05 0.790469 9.98508E-05 0.046444 9.98508E-05 9.98508E-05 9.98508E-05 0.00173578
9.98244E-05 9.98244E-05 0.0994273 9.98244E-05 9.98244E-05 9.98244E-05 9.98244E-05 9.98244E-05 9.98244E-05 9.98244E-05 0.220305 9.98244E-05 9.98244E-05 9.98244E-05 9.98244E-05 9.98244E-05 9.98244E-05 0.497031 9.98244E-05 9.98244E-05 0.18124 9.98244E-05 9.98244E-05 9.98244E-05
9.98244E-05 9.98244E-05 0.154937 9.98244E-05 9.98244E-05 9.98244E-05 9.98244E-05 9.98244E-05 9.98244E-05 9.98244E-05 9.98244E-05 9.98244E-05 9.98244E-05 9.98244E-05 9.98244E-05 9.98244E-05 9.98244E-05 0.737317 9.98244E-05 9.98244E-05 0.0835326 0.0222171 9.98244E-05 9.98244E-05
