0.411951 0.093388 0.0115929 0.285972 0.110146 9.99648E-05 9.99648E-05 0.0739095 9.99648E-05 9.99648E-05 0.0126417
0.84107 0.00594982 9.99473E-05 0.0120102 0.00480845 9.99473E-05 9.99473E-05 0.135562 9.99473E-05 9.99473E-05 9.99473E-05
0.933572 9.99298E-05 9.99298E-05 9.99298E-05 0.0190759 9.99298E-05 9.99298E-05 9.99298E-05 9.99298E-05 9.99298E-05 0.0465521
0.34142 0.063365 0.0455695 9.99649E-05 0.0797847 0.00974626 9.99649E-05 9.99649E-05 0.0646122 0.395102 9.99649E-05
0.862229 9.99386E-05 9.99386E-05 9.99386E-05 9.99386E-05 9.99386E-05 9.99386E-05 0.0315255 9.99386E-05 0.0664453 0.0391006
0.231787 9.99473E-05 9.99473E-05 0.25012 9.99473E-05 9.99473E-05 9.99473E-05 0.133547 0.0997542 0.284191 9.99473E-05
0.307198 0.105491 9.99649E-05 0.0837764 0.0190086 9.99649E-05 0.0741048 0.209285 9.99649E-05 0.200737 9.99649E-05
0.219794 0.0336304 9.99649E-05 0.155015 9.99649E-05 9.99649E-05 0.0739802 9.99649E-05 0.174433 0.308693 0.0340551
0.288917 9.99473E-05 0.0432894 9.99473E-05 0.299464 9.99473E-05 9.99473E-05 9.99473E-05 0.256966 0.110764 9.99473E-05
0.938223 9.9921E-05 9.9921E-05 9.9921E-05 9.9921E-05 9.9921E-05 9.9921E-05 9.9921E-05 9.9921E-05 9.9921E-05 0.0608776
0.566911 0.146233 9.99473E-05 0.000238485 0.207839 9.99473E-05 9.99473E-05 9.99473E-05 0.0781792 9.99473E-05 9.99473E-05
0.913003 9.99385E-05 9.99385E-05 9.99385E-05 9.99385E-05 9.99385E-05 0.00377898 9.99385E-05 0.0313509 0.0511677 9.99385E-05
0.803535 9.99298E-05 9.99298E-05 0.0939339 0.101732 9.99298E-05 9.99298E-05 9.99298E-05 9.99298E-05 9.99298E-05 9.99298E-05
0.652271 0.0762326 9.99561E-05 9.99561E-05 0.0776591 0.123932 0.0648729 0.00453266 9.99561E-05 9.99561E-05 9.99561E-05
0.356215 9.99824E-05 0.025222 0.194823 0.14004 0.0456431 9.99824E-05 0.0501002 0.14013 0.0389668 0.00865998
0.280204 0.00702007 9.99736E-05 0.167014 0.153257 9.99736E-05 0.0730497 9.99736E-05 0.101344 0.213699 0.00411248
0.659879 0.0596115 9.99649E-05 9.99649E-05 0.0826306 0.0188189 0.0412488 0.136755 9.99649E-05 0.00065631 9.99649E-05
0.18524 9.99561E-05 0.124774 0.272198 0.180578 9.99561E-05 9.99561E-05 9.99561E-05 0.0505216 9.99561E-05 0.186188
0.437679 0.00973051 9.99648E-05 0.136617 0.173817 9.99648E-05 9.99648E-05 9.99648E-05 0.130631 0.0866996 0.0244262
0.989402 9.9921E-05 0.00969845 9.9921E-05 9.9921E-05 9.9921E-05 9.9921E-05 9.9921E-05 9.9921E-05 9.9921E-05 9.9921E-05
0.533756 0.0228554 0.0415491 9.99473E-05 9.99473E-05 9.99473E-05 9.99473E-05 9.99473E-05 0.118142 0.283099 9.99473E-05
0.312722 9.99473E-05 9.99473E-05 0.25955 9.99473E-05 9.99473E-05 9.99473E-05 0.0277093 0.14569 0.25373 9.99473E-05
0.658059 0.0494732 9.99473E-05 0.103649 0.125933 9.99473E-05 9.99473E-05 0.0622868 9.99473E-05 9.99473E-05 9.99473E-05
0.388392 9.99385E-05 9.99385E-05 0.285578 0.261455 9.99385E-05 0.0638758 9.99385E-05 9.99385E-05 9.99385E-05 9.99385E-05
0.280005 0.0656754 0.151697 0.0555126 0.34927 0.00425259 9.99736E-05 9.99736E-05 0.0910844 0.00220284 9.99736E-05
0.787512 9.99298E-05 9.99298E-05 9.99298E-05 0.106829 9.99298E-05 9.99298E-05 9.99298E-05 9.99298E-05 0.10486 9.99298E-05
0.0650288 9.99736E-05 9.99736E-05 0.380116 0.13027 0.100772 0.0719706 9.99736E-05 0.00160733 0.0365195 0.213417
0.863303 9.99298E-05 9.99298E-05 9.99298E-05 0.0471111 9.99298E-05 9.99298E-05 9.99298E-05 9.99298E-05 0.0887865 9.99298E-05
0.672487 9.99386E-05 0.00421745 0.114623 0.207973 9.99386E-05 9.99386E-05 9.99386E-05 9.99386E-05 9.99386E-05 9.99386E-05
0.777783 0.0619487 0.0268782 9.99649E-05 0.0274711 0.0622866 9.99649E-05 9.99649E-05 0.0321297 0.0111032 9.99649E-05
0.706517 0.101906 0.0404691 0.0802042 0.0630651 9.99561E-05 9.99561E-05 9.99561E-05 0.00733879 9.99561E-05 9.99561E-05
0.5513 0.0839582 9.99474E-05 9.99474E-05 0.0781968 0.15094 9.99474E-05 9.99474E-05 9.99474E-05 0.135005 9.99474E-05
0.572455 0.10899 9.99473E-05 0.0823736 0.191952 9.99473E-05 0.0436297 9.99473E-05 9.99473E-05 9.99473E-05 9.99473E-05
0.588667 0.0787763 9.99561E-05 9.99561E-05 0.213438 0.0645334 0.0175209 9.99561E-05 9.99561E-05 0.0365647 9.99561E-05
0.867023 0.0266594 0.0381429 9.99561E-05 0.0327616 9.99561E-05 9.99561E-05 0.0269038 0.00800937 9.99561E-05 9.99561E-05
0.669783 0.0107064 0.0111298 0.155629 0.0402587 9.99824E-05 9.99824E-05 0.0289831 0.0271617 0.0501448 0.00600346
0.934161 0.0105133 9.99299E-05 9.99299E-05 9.99299E-05 9.99299E-05 0.054526 9.99299E-05 9.99299E-05 9.99299E-05 9.99299E-05
0.675232 9.99474E-05 0.05836 9.99474E-05 0.103206 9.99474E-05 9.99474E-05 0.0218179 0.140784 9.99474E-05 9.99474E-05
0.586722 0.0296812 9.99649E-05 9.99649E-05 0.227363 0.0405888 9.99649E-05 0.0601645 0.016001 0.0390802 9.99649E-05
0.571804 9.99385E-05 9.99385E-05 9.99385E-05 0.162051 0.10871 0.156736 9.99385E-05 9.99385E-05 9.99385E-05 9.99385E-05
0.836221 0.0302603 9.99386E-05 9.99386E-05 0.121152 9.99386E-05 9.99386E-05 9.99386E-05 9.99386E-05 0.011667 9.99386E-05
0.653372 9.99386E-05 9.99386E-05 0.182267 0.138216 9.99386E-05 9.99386E-05 9.99386E-05 0.0254454 9.99386E-05 9.99386E-05
0.903676 9.99385E-05 9.99385E-05 9.99385E-05 9.99385E-05 0.0501812 9.99385E-05 0.0344648 9.99385E-05 0.0109786 9.99385E-05
0.450366 0.0570598 9.99473E-05 0.151445 0.219104 9.99473E-05 9.99473E-05 9.99473E-05 0.121425 9.99473E-05 9.99473E-05
0.387715 9.99385E-05 9.99385E-05 0.131799 0.171465 9.99385E-05 9.99385E-05 9.99385E-05 9.99385E-05 0.308321 9.99385E-05
0.873457 9.99385E-05 0.050071 9.99385E-05 0.049862 9.99385E-05 9.99385E-05 9.99385E-05 9.99385E-05 0.0259109 9.99385E-05
0.844762 9.99298E-05 9.99298E-05 9.99298E-05 0.107251 9.99298E-05 9.99298E-05 9.99298E-05 9.99298E-05 9.99298E-05 0.0471877
0.981207 9.99211E-05 9.99211E-05 9.99211E-05 9.99211E-05 9.99211E-05 0.0178933 9.99211E-05 9.99211E-05 9.99211E-05 9.99211E-05
0.63164 0.0591156 9.99385E-05 0.156404 0.152141 9.99385E-05 9.99385E-05 9.99385E-05 9.99385E-05 9.99385E-05 9.99385E-05
0.83407 0.0157146 9.99474E-05 9.99474E-05 9.99474E-05 9.99474E-05 0.0860637 9.99474E-05 0.000811887 9.99474E-05 0.0627399
0.370824 0.130894 9.99649E-05 0.0247416 0.260733 0.0410004 9.99649E-05 9.99649E-05 0.0711944 0.100214 9.99649E-05
0.735306 9.99474E-05 0.0201292 9.99474E-05 9.99474E-05 9.99474E-05 9.99474E-05 9.99474E-05 0.0161722 0.224375 0.00341816
0.966157 9.99298E-05 9.99298E-05 9.99298E-05 0.000525535 9.99298E-05 9.99298E-05 9.99298E-05 0.0325183 9.99298E-05 9.99298E-05
0.6105 0.0768012 0.00797579 9.99562E-05 0.0180508 9.99562E-05 0.204465 9.99562E-05 9.99562E-05 9.99562E-05 0.0817076
0.836276 9.99474E-05 0.0196058 9.99474E-05 0.0726267 9.99474E-05 0.00628974 9.99474E-05 9.99474E-05 0.0646025 9.99474E-05
0.770797 0.029705 0.0695751 9.99649E-05 9.99649E-05 0.0719419 0.0172497 9.99649E-05 9.99649E-05 0.0233047 0.0170265
0.80373 9.99473E-05 9.99473E-05 9.99473E-05 0.0423814 9.99473E-05 9.99473E-05 0.0392992 0.0698272 9.99473E-05 0.0441621
0.851285 0.0799089 9.99386E-05 9.99386E-05 0.0230719 9.99386E-05 9.99386E-05 9.99386E-05 9.99386E-05 0.0450347 9.99386E-05
0.883881 0.01679 9.99473E-05 9.99473E-05 0.0587511 9.99473E-05 9.99473E-05 9.99473E-05 0.0139891 0.0259891 9.99473E-05
9.99561E-05 0.0139684 9.99561E-05 0.604397 0.194914 9.99561E-05 9.99561E-05 0.109787 0.0260676 9.99561E-05 0.050366
9.99474E-05 9.99474E-05 0.0157071 0.942552 9.99474E-05 9.99474E-05 0.0120399 0.0134834 9.99474E-05 0.0156181 9.99474E-05
0.00978684 0.083787 9.99561E-05 0.670117 9.99561E-05 9.99561E-05 0.032387 0.043274 9.99561E-05 9.99561E-05 0.160148
9.99737E-05 9.99737E-05 0.000183358 0.109572 0.0915744 0.159723 0.0301818 0.396859 0.117865 9.99737E-05 0.0937414
9.99648E-05 9.99648E-05 0.0329581 0.570815 0.120302 9.99648E-05 0.128013 9.99648E-05 0.0880505 0.025323 0.0341392
9.99384E-05 9.99384E-05 9.99384E-05 0.629891 0.266117 9.99384E-05 9.99384E-05 9.99384E-05 0.07414 9.99384E-05 0.029152
9.99385E-05 0.0559477 9.99385E-05 0.342186 0.194193 9.99385E-05 9.99385E-05 0.406974 9.99385E-05 9.99385E-05 9.99385E-05
9.99473E-05 9.99473E-05 9.99473E-05 0.362473 0.14187 9.99473E-05 9.99473E-05 0.20904 0.0740433 9.99473E-05 0.211975
9.99298E-05 9.99298E-05 9.99298E-05 0.818848 0.07521 9.99298E-05 9.99298E-05 0.105143 9.99298E-05 9.99298E-05 9.99298E-05
0.0224661 0.0382753 9.99473E-05 0.821262 0.0475525 9.99473E-05 9.99473E-05 0.0698443 9.99473E-05 9.99473E-05 9.99473E-05
9.99472E-05 0.153609 9.99472E-05 0.467345 0.33209 9.99472E-05 9.99472E-05 9.99472E-05 0.0460277 9.99472E-05 0.000329241
9.99561E-05 0.0431344 9.99561E-05 0.452336 0.131144 9.99561E-05 0.140642 0.108223 9.99561E-05 0.124021 9.99561E-05
9.99648E-05 0.142602 9.99648E-05 0.429328 0.0244025 9.99648E-05 0.091578 0.0353934 0.213802 0.0624944 9.99648E-05
9.99472E-05 9.99472E-05 9.99472E-05 0.596842 0.254796 9.99472E-05 0.0161288 0.117193 9.99472E-05 0.0144406 9.99472E-05
9.99562E-05 0.0442516 9.99562E-05 0.821447 9.99562E-05 0.0337014 0.0838465 0.011322 0.00493205 9.99562E-05 9.99562E-05
9.99562E-05 0.0939591 9.99562E-05 0.692624 0.0681124 9.99562E-05 9.99562E-05 0.0716499 0.00282731 9.99562E-05 0.0703274
9.99561E-05 9.99561E-05 9.99561E-05 0.601494 0.0378731 9.99561E-05 0.00410541 0.05821 9.99561E-05 0.174116 0.123702
9.99385E-05 0.180266 9.99385E-05 0.676199 9.99385E-05 9.99385E-05 9.99385E-05 9.99385E-05 0.0731598 9.99385E-05 0.0696756
9.99473E-05 9.99473E-05 9.99473E-05 0.687339 0.11282 9.99473E-05 9.99473E-05 0.0217208 0.0333894 9.99473E-05 0.14413
9.9956E-05 0.0294513 9.9956E-05 0.522918 0.320814 9.9956E-05 0.0729647 0.0404049 9.9956E-05 9.9956E-05 0.0129472
0.0252089 9.99388E-05 9.99388E-05 0.855871 0.0400633 9.99388E-05 9.99388E-05 0.078157 9.99388E-05 9.99388E-05 9.99388E-05
9.99472E-05 9.99472E-05 0.0297892 0.831297 0.108777 9.99472E-05 0.0203997 0.00913797 9.99472E-05 9.99472E-05 9.99472E-05
9.99386E-05 9.99386E-05 9.99386E-05 0.62342 0.00320294 0.253919 9.99386E-05 0.118759 9.99386E-05 9.99386E-05 9.99386E-05
9.99737E-05 0.0311147 0.0202174 0.623606 0.0160272 0.0124894 0.00410956 9.99737E-05 0.0638818 0.228254 9.99737E-05
9.99385E-05 0.203697 9.99385E-05 0.728894 0.0633853 9.99385E-05 9.99385E-05 9.99385E-05 0.00332357 9.99385E-05 9.99385E-05
0.10165 9.99474E-05 9.99474E-05 0.694325 0.081543 9.99474E-05 9.99474E-05 0.0926648 0.0292173 9.99474E-05 9.99474E-05
9.99124E-05 9.99124E-05 9.99124E-05 0.999001 9.99124E-05 9.99124E-05 9.99124E-05 9.99124E-05 9.99124E-05 9.99124E-05 9.99124E-05
9.99299E-05 9.99299E-05 9.99299E-05 0.84078 0.075052 9.99299E-05 9.99299E-05 0.0833682 9.99299E-05 9.99299E-05 9.99299E-05
9.99298E-05 9.99298E-05 9.99298E-05 0.801998 0.0428115 9.99298E-05 9.99298E-05 9.99298E-05 9.99298E-05 9.99298E-05 0.154391
0.0287216 9.99562E-05 9.99562E-05 0.515683 0.156145 0.123808 9.99562E-05 0.131201 0.0439427 9.99562E-05 9.99562E-05
9.99473E-05 9.99473E-05 9.99473E-05 9.99473E-05 0.16315 0.513162 0.00441082 9.99473E-05 0.207512 0.111165 9.99473E-05
0.000156265 9.99386E-05 9.99386E-05 9.99386E-05 0.0505321 0.910664 9.99386E-05 9.99386E-05 0.0379478 9.99386E-05 9.99386E-05
9.99473E-05 9.99473E-05 9.99473E-05 9.99473E-05 0.22764 0.605403 9.99473E-05 9.99473E-05 0.0260325 0.135225 0.00509996
9.99472E-05 0.0402166 9.99472E-05 9.99472E-05 0.244538 0.510982 9.99472E-05 9.99472E-05 0.172153 9.99472E-05 0.031511
9.99648E-05 0.000547698 0.0555589 9.99648E-05 0.119879 0.570292 0.0069765 9.99648E-05 0.210813 9.99648E-05 0.0355333
9.99385E-05 9.99385E-05 9.99385E-05 9.99385E-05 0.243527 0.492589 9.99385E-05 0.0575646 0.20562 9.99385E-05 9.99385E-05
9.99385E-05 0.108504 9.99385E-05 9.99385E-05 0.168267 0.611576 9.99385E-05 9.99385E-05 0.110954 9.99385E-05 9.99385E-05
9.99473E-05 9.99473E-05 0.00771139 9.99473E-05 0.0952828 0.489674 9.99473E-05 9.99473E-05 0.307705 9.99473E-05 0.0990271
9.99472E-05 0.0652131 9.99472E-05 9.99472E-05 0.144768 0.182498 9.99472E-05 0.22415 0.382771 9.99472E-05 9.99472E-05
9.99297E-05 9.99297E-05 9.99297E-05 9.99297E-05 0.359876 0.304544 9.99297E-05 9.99297E-05 0.33478 9.99297E-05 9.99297E-05
9.99298E-05 0.0583858 9.99298E-05 9.99298E-05 9.99298E-05 0.625604 9.99298E-05 0.315211 9.99298E-05 9.99298E-05 9.99298E-05
9.99473E-05 0.0432568 0.0121319 9.99473E-05 0.10894 0.630742 9.99473E-05 0.20433 9.99473E-05 9.99473E-05 9.99473E-05
9.99297E-05 9.99297E-05 9.99297E-05 9.99297E-05 9.99297E-05 0.857793 0.0159893 9.99297E-05 0.125418 9.99297E-05 9.99297E-05
9.99473E-05 0.0251109 9.99473E-05 9.99473E-05 0.262963 0.516119 9.99473E-05 0.0325054 0.162702 9.99473E-05 9.99473E-05
9.99648E-05 0.0493937 0.0230468 9.99648E-05 0.033981 0.590652 9.99648E-05 0.0114669 0.14231 9.99648E-05 0.14875
9.99736E-05 0.0886046 0.00404679 9.99736E-05 0.217085 0.530693 0.0485975 0.0344862 0.072282 9.99736E-05 0.00390486
9.99473E-05 9.99473E-05 0.0529134 9.99473E-05 0.167852 0.468002 9.99473E-05 0.246312 0.064321 9.99473E-05 9.99473E-05
0.00324166 0.0750677 9.99474E-05 9.99474E-05 9.99474E-05 0.610475 0.111263 9.99474E-05 0.199352 9.99474E-05 9.99474E-05
9.99561E-05 0.0757659 0.00710513 9.99561E-05 9.99561E-05 0.786868 9.99561E-05 0.017063 0.0930583 0.0196397 9.99561E-05
9.99561E-05 0.0202758 0.124227 9.99561E-05 0.161227 0.506756 0.0255281 9.99561E-05 0.161486 9.99561E-05 9.99561E-05
9.99561E-05 9.99561E-05 9.99561E-05 9.99561E-05 0.14889 0.511992 9.99561E-05 0.199525 0.0710786 0.00444017 0.0635747
9.99473E-05 0.0313383 9.99473E-05 9.99473E-05 0.0567204 0.712742 9.99473E-05 9.99473E-05 0.0871429 9.99473E-05 0.111456
9.99473E-05 9.99473E-05 0.0988988 9.99473E-05 0.293911 0.215227 9.99473E-05 0.105902 0.285462 9.99473E-05 9.99473E-05
9.99473E-05 0.0604469 9.99473E-05 9.99473E-05 0.0215298 0.627061 9.99473E-05 9.99473E-05 0.289347 0.00101551 9.99473E-05
9.99561E-05 9.99561E-05 0.0976662 9.99561E-05 0.313055 0.232635 9.99561E-05 0.038154 0.30245 0.0155406 9.99561E-05
9.99561E-05 9.99561E-05 9.99561E-05 0.0783996 0.14073 0.494594 9.99561E-05 0.111985 0.162506 9.99561E-05 0.0112848
0.0437684 9.99386E-05 0.0947326 9.99386E-05 0.0944722 0.766327 9.99386E-05 9.99386E-05 9.99386E-05 9.99386E-05 9.99386E-05
9.99384E-05 9.99384E-05 9.99384E-05 9.99384E-05 0.256163 0.465563 9.99384E-05 9.99384E-05 0.203708 0.0738668 9.99384E-05
9.99386E-05 9.99386E-05 9.99386E-05 9.99386E-05 0.246031 0.392825 9.99386E-05 0.0401915 0.320252 9.99386E-05 9.99386E-05
9.99473E-05 0.0667808 0.0559512 9.99473E-05 0.186936 0.660541 9.99473E-05 9.99473E-05 0.0291916 9.99473E-05 9.99473E-05
9.99561E-05 0.0735391 9.99561E-05 9.99561E-05 0.282351 0.502634 0.0120714 0.0387108 0.0901938 9.99561E-05 9.99561E-05
9.9956E-05 0.0394818 0.0485029 9.9956E-05 0.13263 0.724059 0.0444974 9.9956E-05 0.0103292 9.9956E-05 9.9956E-05
9.99473E-05 0.0384661 0.224506 9.99473E-05 0.260035 0.140686 9.99473E-05 9.99473E-05 0.335707 9.99473E-05 9.99473E-05
9.99472E-05 0.0249445 0.0841468 9.99472E-05 0.178358 0.596793 9.99472E-05 9.99472E-05 0.115158 9.99472E-05 9.99472E-05
9.99297E-05 9.99297E-05 9.99297E-05 9.99297E-05 0.20142 0.704017 9.99297E-05 9.99297E-05 0.0937632 9.99297E-05 9.99297E-05
9.99648E-05 0.0324965 0.0847408 9.99648E-05 9.99648E-05 0.630241 0.00203362 0.0850285 0.114046 9.99648E-05 0.051014
9.99472E-05 0.051012 9.99472E-05 9.99472E-05 0.33295 0.402859 9.99472E-05 9.99472E-05 0.171047 9.99472E-05 0.0415317
9.9921E-05 9.9921E-05 9.9921E-05 9.9921E-05 9.9921E-05 0.889277 9.9921E-05 9.9921E-05 0.109823 9.9921E-05 9.9921E-05
9.99473E-05 0.0884254 9.99473E-05 9.99473E-05 0.14914 0.739414 9.99473E-05 9.99473E-05 0.0197321 9.99473E-05 0.00268802
9.99211E-05 9.99211E-05 9.99211E-05 9.99211E-05 9.99211E-05 0.960596 9.99211E-05 9.99211E-05 0.0385049 9.99211E-05 9.99211E-05
9.99386E-05 9.99386E-05 0.0342953 9.99386E-05 9.99386E-05 0.87636 9.99386E-05 0.0835851 0.00506015 9.99386E-05 9.99386E-05
9.99561E-05 0.0670076 0.00180971 9.99561E-05 0.36078 0.26404 9.99561E-05 0.194632 0.111231 9.99561E-05 9.99561E-05
9.99385E-05 9.99385E-05 9.99385E-05 9.99385E-05 0.0389214 0.589171 9.99385E-05 9.99385E-05 0.25074 0.120468 9.99385E-05
0.0443759 9.99562E-05 0.0610046 9.99562E-05 0.0397143 0.717584 9.99562E-05 0.02237 0.114451 9.99562E-05 9.99562E-05
0.00782839 0.0227383 9.99562E-05 9.99562E-05 0.0204666 0.903379 9.99562E-05 0.0343903 0.0106976 9.99562E-05 9.99562E-05
9.99648E-05 0.0144264 0.160348 9.99648E-05 0.0710106 0.251329 9.99648E-05 0.219568 0.263553 9.99648E-05 0.0193653
9.99561E-05 0.0631702 9.99561E-05 0.0966191 0.181137 0.45723 9.99561E-05 9.99561E-05 0.160257 9.99561E-05 0.0410872
9.99649E-05 9.99649E-05 0.0256168 9.99649E-05 0.0438749 0.486822 0.146271 0.0553489 0.187451 9.99649E-05 0.0542149
9.99561E-05 0.0304443 0.0460512 0.0910298 0.23858 0.23755 9.99561E-05 9.99561E-05 0.355845 9.99561E-05 9.99561E-05
9.9921E-05 9.9921E-05 9.9921E-05 9.9921E-05 0.0629306 0.93617 9.9921E-05 9.9921E-05 9.9921E-05 9.9921E-05 9.9921E-05
9.99561E-05 0.0810395 9.99561E-05 9.99561E-05 0.267722 0.389598 0.00605185 9.99561E-05 0.0375776 0.217511 9.99561E-05
9.99386E-05 9.99386E-05 9.99386E-05 9.99386E-05 0.0102629 0.70343 9.99386E-05 0.142297 0.143311 9.99386E-05 9.99386E-05
9.99386E-05 9.99386E-05 9.99386E-05 9.99386E-05 0.197001 0.61965 9.99386E-05 9.99386E-05 0.143166 9.99386E-05 0.039484
9.99473E-05 9.99473E-05 9.99473E-05 9.99473E-05 0.00191883 0.552125 0.15809 0.0721919 0.215075 9.99473E-05 9.99473E-05
9.9956E-05 0.0505866 0.0915474 9.9956E-05 0.13092 0.658459 9.9956E-05 9.9956E-05 0.0326797 9.9956E-05 0.0353075
9.99561E-05 0.0151159 0.015057 9.99561E-05 0.236816 0.211777 9.99561E-05 0.251568 0.269166 9.99561E-05 9.99561E-05
9.99384E-05 0.00764458 9.99384E-05 9.99384E-05 0.20051 0.51346 9.99384E-05 9.99384E-05 0.277685 9.99384E-05 9.99384E-05
9.9956E-05 0.0158374 0.0314464 9.9956E-05 0.136101 0.627609 0.0602679 9.9956E-05 0.128239 9.9956E-05 9.9956E-05
9.99385E-05 9.99385E-05 0.19263 9.99385E-05 0.100149 0.667404 9.99385E-05 9.99385E-05 0.0391175 9.99385E-05 9.99385E-05
9.99385E-05 9.99385E-05 9.99385E-05 9.99385E-05 0.141287 0.678292 9.99385E-05 0.0334711 0.14625 9.99385E-05 9.99385E-05
9.9912E-05 9.9912E-05 9.9912E-05 9.9912E-05 0.999001 9.9912E-05 9.9912E-05 9.9912E-05 9.9912E-05 9.9912E-05 9.9912E-05
9.9912E-05 9.9912E-05 9.9912E-05 9.9912E-05 9.9912E-05 9.9912E-05 9.9912E-05 9.9912E-05 0.999001 9.9912E-05 9.9912E-05
9.9912E-05 9.9912E-05 9.9912E-05 9.9912E-05 0.999001 9.9912E-05 9.9912E-05 9.9912E-05 9.9912E-05 9.9912E-05 9.9912E-05
9.9912E-05 9.9912E-05 9.9912E-05 9.9912E-05 9.9912E-05 9.9912E-05 9.9912E-05 9.9912E-05 0.999001 9.9912E-05 9.9912E-05
9.9912E-05 9.9912E-05 9.9912E-05 9.9912E-05 9.9912E-05 9.9912E-05 9.9912E-05 9.9912E-05 0.999001 9.9912E-05 9.9912E-05
9.9912E-05 9.9912E-05 9.9912E-05 9.9912E-05 9.9912E-05 9.9912E-05 9.9912E-05 9.9912E-05 0.999001 9.9912E-05 9.9912E-05
9.9912E-05 9.9912E-05 9.9912E-05 9.9912E-05 0.999001 9.9912E-05 9.9912E-05 9.9912E-05 9.9912E-05 9.9912E-05 9.9912E-05
9.9912E-05 9.9912E-05 9.9912E-05 9.9912E-05 9.9912E-05 9.9912E-05 9.9912E-05 9.9912E-05 0.999001 9.9912E-05 9.9912E-05
9.9912E-05 9.9912E-05 9.9912E-05 9.9912E-05 9.9912E-05 9.9912E-05 9.9912E-05 9.9912E-05 0.999001 9.9912E-05 9.9912E-05
9.99119E-05 9.99119E-05 9.99119E-05 9.99119E-05 0.999001 9.99119E-05 9.99119E-05 9.99119E-05 9.99119E-05 9.99119E-05 9.99119E-05
9.9912E-05 9.9912E-05 9.9912E-05 9.9912E-05 0.999001 9.9912E-05 9.9912E-05 9.9912E-05 9.9912E-05 9.9912E-05 9.9912E-05
9.99119E-05 9.99119E-05 9.99119E-05 9.99119E-05 0.999001 9.99119E-05 9.99119E-05 9.99119E-05 9.99119E-05 9.99119E-05 9.99119E-05
9.99119E-05 9.99119E-05 9.99119E-05 9.99119E-05 9.99119E-05 9.99119E-05 9.99119E-05 9.99119E-05 0.999001 9.99119E-05 9.99119E-05
9.9912E-05 9.9912E-05 9.9912E-05 9.9912E-05 9.9912E-05 9.9912E-05 9.9912E-05 9.9912E-05 0.999001 9.9912E-05 9.9912E-05
9.9912E-05 9.9912E-05 9.9912E-05 9.9912E-05 0.999001 9.9912E-05 9.9912E-05 9.9912E-05 9.9912E-05 9.9912E-05 9.9912E-05
9.9912E-05 9.9912E-05 9.9912E-05 9.9912E-05 0.999001 9.9912E-05 9.9912E-05 9.9912E-05 9.9912E-05 9.9912E-05 9.9912E-05
9.99736E-05 9.99736E-05 0.106942 9.99736E-05 0.226741 0.236939 0.120166 0.0440694 0.161806 0.0875169 0.0155196
9.9912E-05 9.9912E-05 9.9912E-05 9.9912E-05 0.999001 9.9912E-05 9.9912E-05 9.9912E-05 9.9912E-05 9.9912E-05 9.9912E-05
9.9912E-05 9.9912E-05 9.9912E-05 9.9912E-05 9.9912E-05 9.9912E-05 9.9912E-05 9.9912E-05 0.999001 9.9912E-05 9.9912E-05
9.99119E-05 9.99119E-05 9.99119E-05 9.99119E-05 0.999001 9.99119E-05 9.99119E-05 9.99119E-05 9.99119E-05 9.99119E-05 9.99119E-05
9.9912E-05 9.9912E-05 9.9912E-05 9.9912E-05 0.999001 9.9912E-05 9.9912E-05 9.9912E-05 9.9912E-05 9.9912E-05 9.9912E-05
9.9912E-05 9.9912E-05 9.9912E-05 9.9912E-05 0.999001 9.9912E-05 9.9912E-05 9.9912E-05 9.9912E-05 9.9912E-05 9.9912E-05
9.9912E-05 9.9912E-05 9.9912E-05 9.9912E-05 9.9912E-05 9.9912E-05 9.9912E-05 9.9912E-05 0.999001 9.9912E-05 9.9912E-05
9.9912E-05 9.9912E-05 9.9912E-05 9.9912E-05 0.999001 9.9912E-05 9.9912E-05 9.9912E-05 9.9912E-05 9.9912E-05 9.9912E-05
9.9912E-05 9.9912E-05 9.9912E-05 9.9912E-05 9.9912E-05 9.9912E-05 9.9912E-05 9.9912E-05 0.999001 9.9912E-05 9.9912E-05
9.99121E-05 9.99121E-05 9.99121E-05 9.99121E-05 0.999001 9.99121E-05 9.99121E-05 9.99121E-05 9.99121E-05 9.99121E-05 9.99121E-05
9.9912E-05 9.9912E-05 9.9912E-05 9.9912E-05 0.999001 9.9912E-05 9.9912E-05 9.9912E-05 9.9912E-05 9.9912E-05 9.9912E-05
9.9912E-05 9.9912E-05 9.9912E-05 9.9912E-05 9.9912E-05 9.9912E-05 9.9912E-05 9.9912E-05 0.999001 9.9912E-05 9.9912E-05
9.9912E-05 9.9912E-05 9.9912E-05 9.9912E-05 9.9912E-05 9.9912E-05 9.9912E-05 9.9912E-05 0.999001 9.9912E-05 9.9912E-05
9.99121E-05 9.99121E-05 9.99121E-05 9.99121E-05 9.99121E-05 9.99121E-05 9.99121E-05 9.99121E-05 0.999001 9.99121E-05 9.99121E-05
9.9912E-05 9.9912E-05 9.9912E-05 9.9912E-05 0.999001 9.9912E-05 9.9912E-05 9.9912E-05 9.9912E-05 9.9912E-05 9.9912E-05
9.9912E-05 9.9912E-05 9.9912E-05 9.9912E-05 0.999001 9.9912E-05 9.9912E-05 9.9912E-05 9.9912E-05 9.9912E-05 9.9912E-05
9.99119E-05 9.99119E-05 9.99119E-05 9.99119E-05 0.999001 9.99119E-05 9.99119E-05 9.99119E-05 9.99119E-05 9.99119E-05 9.99119E-05
9.9912E-05 9.9912E-05 9.9912E-05 9.9912E-05 0.999001 9.9912E-05 9.9912E-05 9.9912E-05 9.9912E-05 9.9912E-05 9.9912E-05
9.9912E-05 9.9912E-05 9.9912E-05 9.9912E-05 0.999001 9.9912E-05 9.9912E-05 9.9912E-05 9.9912E-05 9.9912E-05 9.9912E-05
9.99209E-05 9.99209E-05 0.00247401 9.99209E-05 9.99209E-05 9.99209E-05 9.99209E-05 9.99209E-05 0.996627 9.99209E-05 9.99209E-05
9.9912E-05 9.9912E-05 9.9912E-05 9.9912E-05 9.9912E-05 9.9912E-05 9.9912E-05 9.9912E-05 0.999001 9.9912E-05 9.9912E-05
9.9912E-05 9.9912E-05 9.9912E-05 9.9912E-05 9.9912E-05 9.9912E-05 9.9912E-05 9.9912E-05 0.999001 9.9912E-05 9.9912E-05
9.9912E-05 9.9912E-05 9.9912E-05 9.9912E-05 0.999001 9.9912E-05 9.9912E-05 9.9912E-05 9.9912E-05 9.9912E-05 9.9912E-05
9.9912E-05 9.9912E-05 9.9912E-05 9.9912E-05 9.9912E-05 9.9912E-05 9.9912E-05 9.9912E-05 0.999001 9.9912E-05 9.9912E-05
9.99119E-05 9.99119E-05 9.99119E-05 9.99119E-05 9.99119E-05 9.99119E-05 9.99119E-05 9.99119E-05 0.999001 9.99119E-05 9.99119E-05
9.9912E-05 9.9912E-05 9.9912E-05 9.9912E-05 9.9912E-05 9.9912E-05 9.9912E-05 9.9912E-05 0.999001 9.9912E-05 9.9912E-05
9.9912E-05 9.9912E-05 9.9912E-05 9.9912E-05 9.9912E-05 9.9912E-05 9.9912E-05 9.9912E-05 0.999001 9.9912E-05 9.9912E-05
9.9912E-05 9.9912E-05 9.9912E-05 9.9912E-05 0.999001 9.9912E-05 9.9912E-05 9.9912E-05 9.9912E-05 9.9912E-05 9.9912E-05
9.9912E-05 9.9912E-05 9.9912E-05 9.9912E-05 9.9912E-05 9.9912E-05 9.9912E-05 9.9912E-05 0.999001 9.9912E-05 9.9912E-05
9.9912E-05 9.9912E-05 9.9912E-05 9.9912E-05 9.9912E-05 9.9912E-05 9.9912E-05 9.9912E-05 0.999001 9.9912E-05 9.9912E-05
9.99648E-05 9.99648E-05 9.99648E-05 9.99648E-05 0.189479 0.247704 0.0941734 0.0948562 0.161972 0.151231 0.060184
9.9912E-05 9.9912E-05 9.9912E-05 9.9912E-05 0.999001 9.9912E-05 9.9912E-05 9.9912E-05 9.9912E-05 9.9912E-05 9.9912E-05
9.9912E-05 9.9912E-05 9.9912E-05 9.9912E-05 9.9912E-05 9.9912E-05 9.9912E-05 9.9912E-05 0.999001 9.9912E-05 9.9912E-05
9.9912E-05 9.9912E-05 9.9912E-05 9.9912E-05 9.9912E-05 9.9912E-05 9.9912E-05 9.9912E-05 0.999001 9.9912E-05 9.9912E-05
9.9912E-05 9.9912E-05 9.9912E-05 9.9912E-05 9.9912E-05 9.9912E-05 9.9912E-05 9.9912E-05 0.999001 9.9912E-05 9.9912E-05
9.9912E-05 9.9912E-05 9.9912E-05 9.9912E-05 9.9912E-05 9.9912E-05 9.9912E-05 9.9912E-05 0.999001 9.9912E-05 9.9912E-05
9.9912E-05 9.9912E-05 9.9912E-05 9.9912E-05 0.999001 9.9912E-05 9.9912E-05 9.9912E-05 9.9912E-05 9.9912E-05 9.9912E-05
9.9912E-05 9.9912E-05 9.9912E-05 9.9912E-05 9.9912E-05 9.9912E-05 9.9912E-05 9.9912E-05 0.999001 9.9912E-05 9.9912E-05
9.9912E-05 9.9912E-05 9.9912E-05 9.9912E-05 0.999001 9.9912E-05 9.9912E-05 9.9912E-05 9.9912E-05 9.9912E-05 9.9912E-05
9.9912E-05 9.9912E-05 9.9912E-05 9.9912E-05 9.9912E-05 9.9912E-05 9.9912E-05 9.9912E-05 0.999001 9.9912E-05 9.9912E-05
9.9912E-05 9.9912E-05 9.9912E-05 9.9912E-05 0.999001 9.9912E-05 9.9912E-05 9.9912E-05 9.9912E-05 9.9912E-05 9.9912E-05
9.9912E-05 9.9912E-05 9.9912E-05 9.9912E-05 9.9912E-05 9.9912E-05 9.9912E-05 9.9912E-05 0.999001 9.9912E-05 9.9912E-05
9.99121E-05 9.99121E-05 9.99121E-05 9.99121E-05 9.99121E-05 9.99121E-05 9.99121E-05 9.99121E-05 0.999001 9.99121E-05 9.99121E-05
9.9912E-05 9.9912E-05 9.9912E-05 9.9912E-05 9.9912E-05 9.9912E-05 9.9912E-05 9.9912E-05 0.999001 9.9912E-05 9.9912E-05
9.9912E-05 9.9912E-05 9.9912E-05 9.9912E-05 9.9912E-05 9.9912E-05 9.9912E-05 9.9912E-05 0.999001 9.9912E-05 9.9912E-05
9.9912E-05 9.9912E-05 9.9912E-05 9.9912E-05 9.9912E-05 9.9912E-05 9.9912E-05 9.9912E-05 0.999001 9.9912E-05 9.9912E-05
9.9912E-05 9.9912E-05 9.9912E-05 9.9912E-05 9.9912E-05 9.9912E-05 9.9912E-05 9.9912E-05 0.999001 9.9912E-05 9.9912E-05
9.9912E-05 9.9912E-05 9.9912E-05 9.9912E-05 0.999001 9.9912E-05 9.9912E-05 9.9912E-05 9.9912E-05 9.9912E-05 9.9912E-05
9.9912E-05 9.9912E-05 9.9912E-05 9.9912E-05 0.999001 9.9912E-05 9.9912E-05 9.9912E-05 9.9912E-05 9.9912E-05 9.9912E-05
9.9912E-05 9.9912E-05 9.9912E-05 9.9912E-05 0.999001 9.9912E-05 9.9912E-05 9.9912E-05 9.9912E-05 9.9912E-05 9.9912E-05
9.9912E-05 9.9912E-05 9.9912E-05 9.9912E-05 9.9912E-05 9.9912E-05 9.9912E-05 9.9912E-05 0.999001 9.9912E-05 9.9912E-05
9.9912E-05 9.9912E-05 9.9912E-05 9.9912E-05 0.999001 9.9912E-05 9.9912E-05 9.9912E-05 9.9912E-05 9.9912E-05 9.9912E-05
9.9912E-05 9.9912E-05 9.9912E-05 9.9912E-05 0.999001 9.9912E-05 9.9912E-05 9.9912E-05 9.9912E-05 9.9912E-05 9.9912E-05
9.9912E-05 9.9912E-05 9.9912E-05 9.9912E-05 0.999001 9.9912E-05 9.9912E-05 9.9912E-05 9.9912E-05 9.9912E-05 9.9912E-05
9.9912E-05 9.9912E-05 9.9912E-05 9.9912E-05 9.9912E-05 9.9912E-05 9.9912E-05 9.9912E-05 0.999001 9.9912E-05 9.9912E-05
9.9912E-05 9.9912E-05 9.9912E-05 9.9912E-05 9.9912E-05 9.9912E-05 9.9912E-05 9.9912E-05 0.999001 9.9912E-05 9.9912E-05
9.9912E-05 9.9912E-05 9.9912E-05 9.9912E-05 9.9912E-05 9.9912E-05 9.9912E-05 9.9912E-05 0.999001 9.9912E-05 9.9912E-05
9.9912E-05 9.9912E-05 9.9912E-05 9.9912E-05 0.999001 9.9912E-05 9.9912E-05 9.9912E-05 9.9912E-05 9.9912E-05 9.9912E-05
9.9912E-05 9.9912E-05 9.9912E-05 9.9912E-05 9.9912E-05 9.9912E-05 9.9912E-05 9.9912E-05 0.999001 9.9912E-05 9.9912E-05
9.9912E-05 9.9912E-05 9.9912E-05 9.9912E-05 9.9912E-05 9.9912E-05 9.9912E-05 9.9912E-05 0.999001 9.9912E-05 9.9912E-05
9.99119E-05 9.99119E-05 9.99119E-05 9.99119E-05 0.999001 9.99119E-05 9.99119E-05 9.99119E-05 9.99119E-05 9.99119E-05 9.99119E-05
9.99121E-05 9.99121E-05 9.99121E-05 9.99121E-05 9.99121E-05 9.99121E-05 9.99121E-05 9.99121E-05 0.999001 9.99121E-05 9.99121E-05
9.9912E-05 9.9912E-05 9.9912E-05 9.9912E-05 9.9912E-05 9.9912E-05 9.9912E-05 9.9912E-05 0.999001 9.9912E-05 9.9912E-05
9.99648E-05 0.195056 9.99648E-05 9.99648E-05 0.350993 0.170093 0.0517136 0.0233585 0.124432 9.99648E-05 0.0839534
9.9912E-05 9.9912E-05 9.9912E-05 9.9912E-05 0.999001 9.9912E-05 9.9912E-05 9.9912E-05 9.9912E-05 9.9912E-05 9.9912E-05
9.9912E-05 9.9912E-05 9.9912E-05 9.9912E-05 9.9912E-05 9.9912E-05 9.9912E-05 9.9912E-05 0.999001 9.9912E-05 9.9912E-05
9.99474E-05 0.0472581 9.99474E-05 9.99474E-05 0.0698744 0.352093 0.0582818 9.99474E-05 0.471893 9.99474E-05 9.99474E-05
9.99473E-05 9.99473E-05 0.0491563 9.99473E-05 0.200363 0.354914 9.99473E-05 9.99473E-05 0.304172 0.0907949 9.99473E-05
9.99472E-05 9.99472E-05 0.0495162 9.99472E-05 0.469946 0.375099 9.99472E-05 9.99472E-05 0.103274 0.00156489 9.99472E-05
9.9956E-05 9.9956E-05 0.0590349 9.9956E-05 0.185975 0.618787 0.0543649 9.9956E-05 0.00136834 9.9956E-05 0.0799699
9.99473E-05 9.99473E-05 0.0485246 9.99473E-05 0.374526 0.270369 9.99473E-05 0.0115969 0.294384 9.99473E-05 9.99473E-05
0.0360375 9.99387E-05 9.99387E-05 9.99387E-05 9.99387E-05 0.793525 9.99387E-05 0.00292424 0.166814 9.99387E-05 9.99387E-05
9.99561E-05 0.06742 9.99561E-05 0.203802 0.222405 0.134704 9.99561E-05 9.99561E-05 0.345027 0.0261428 9.99561E-05
9.9956E-05 0.107496 0.0574574 9.9956E-05 0.0906979 0.466362 9.9956E-05 9.9956E-05 0.192454 9.9956E-05 0.0850327
9.99298E-05 9.99298E-05 9.99298E-05 9.99298E-05 0.0813604 0.681271 9.99298E-05 9.99298E-05 0.23657 9.99298E-05 9.99298E-05
9.99297E-05 9.99297E-05 9.99297E-05 9.99297E-05 0.204943 0.626074 9.99297E-05 9.99297E-05 9.99297E-05 0.168184 9.99297E-05
9.99473E-05 0.00796381 9.99473E-05 9.99473E-05 0.22869 0.550737 9.99473E-05 9.99473E-05 0.109783 9.99473E-05 0.102226
9.99298E-05 9.99298E-05 9.99298E-05 9.99298E-05 0.0527075 0.288699 9.99298E-05 9.99298E-05 0.657794 9.99298E-05 9.99298E-05
9.99648E-05 9.99648E-05 9.99648E-05 0.165877 0.306231 0.179988 0.0718658 0.0457289 0.184142 9.99648E-05 0.0457664
9.99472E-05 9.99472E-05 9.99472E-05 9.99472E-05 0.0595169 0.679969 9.99472E-05 0.00904195 0.0932508 9.99472E-05 0.157621
9.99384E-05 0.0662911 9.99384E-05 9.99384E-05 0.307199 0.450402 9.99384E-05 9.99384E-05 0.175408 9.99384E-05 9.99384E-05
9.99648E-05 0.00267655 9.99648E-05 0.121321 0.173608 0.262104 9.99648E-05 0.053176 0.334805 0.0519095 9.99648E-05
9.99386E-05 9.99386E-05 0.0737128 9.99386E-05 0.147766 0.583171 9.99386E-05 9.99386E-05 0.19465 9.99386E-05 9.99386E-05
9.9956E-05 0.138877 9.9956E-05 9.9956E-05 0.460784 0.261937 0.0251568 0.00728507 0.105461 9.9956E-05 9.9956E-05
9.99648E-05 0.0739576 0.0455723 9.99648E-05 0.0255074 0.385262 0.0378417 0.227355 0.204104 9.99648E-05 9.99648E-05
9.99385E-05 9.99385E-05 9.99385E-05 9.99385E-05 0.282877 0.428546 9.99385E-05 9.99385E-05 0.202829 0.0850487 9.99385E-05
9.9956E-05 9.9956E-05 0.0100057 9.9956E-05 0.125351 0.513802 9.9956E-05 0.0795312 0.145115 0.125694 9.9956E-05
9.99385E-05 9.99385E-05 9.99385E-05 9.99385E-05 9.99385E-05 0.59188 0.103352 0.0419198 0.262148 9.99385E-05 9.99385E-05
9.99648E-05 0.0513446 0.0617391 9.99648E-05 0.193792 0.340314 0.115565 9.99648E-05 0.214164 9.99648E-05 0.0226812
9.9956E-05 0.0496551 9.9956E-05 9.9956E-05 0.111123 0.467104 9.9956E-05 9.9956E-05 0.22532 0.081643 0.064655
9.9956E-05 9.9956E-05 0.0327847 9.9956E-05 0.0876669 0.672052 9.9956E-05 0.013407 0.0838409 9.9956E-05 0.109748
9.99298E-05 9.99298E-05 9.99298E-05 9.99298E-05 9.99298E-05 0.950919 9.99298E-05 0.0181375 0.0301441 9.99298E-05 9.99298E-05
9.99472E-05 9.99472E-05 9.99472E-05 9.99472E-05 0.169565 0.514648 9.99472E-05 0.0579504 0.0942988 0.162938 9.99472E-05
9.99473E-05 9.99473E-05 9.99473E-05 9.99473E-05 0.414772 0.244765 9.99473E-05 9.99473E-05 0.28581 0.0285088 0.0255444
9.99648E-05 0.0134779 0.0336504 9.99648E-05 0.157848 0.640301 0.0804733 9.99648E-05 9.99648E-05 0.0151768 0.0586727
9.99473E-05 9.99473E-05 0.142377 9.99473E-05 0.132234 0.440673 9.99473E-05 9.99473E-05 0.215457 9.99473E-05 0.0686603
9.99648E-05 0.0378265 0.0172586 9.99648E-05 0.167704 0.238989 9.99648E-05 0.141054 0.292808 0.103961 9.99648E-05
9.99473E-05 0.0432167 9.99473E-05 9.99473E-05 0.0949678 0.495671 9.99473E-05 0.107105 0.258439 9.99473E-05 9.99473E-05
9.9956E-05 9.9956E-05 9.9956E-05 9.9956E-05 0.185036 0.366084 9.9956E-05 0.230536 0.157266 0.02711 0.0334668
9.99473E-05 0.0586151 9.99473E-05 9.99473E-05 0.257331 0.369014 9.99473E-05 9.99473E-05 0.249243 0.0651971 9.99473E-05
9.99472E-05 0.144902 9.99472E-05 9.99472E-05 0.25231 0.354899 9.99472E-05 9.99472E-05 0.0854628 0.161827 9.99472E-05
9.99561E-05 9.99561E-05 0.0232692 9.99561E-05 0.288879 0.568961 0.00448233 9.99561E-05 0.0704351 0.0434736 9.99561E-05
9.99121E-05 9.99121E-05 9.99121E-05 9.99121E-05 9.99121E-05 0.999001 9.99121E-05 9.99121E-05 9.99121E-05 9.99121E-05 9.99121E-05
9.99648E-05 0.0967874 9.99648E-05 0.242836 0.21772 0.346813 0.0907692 9.99648E-05 0.00277405 9.99648E-05 0.00190108
9.99473E-05 0.121521 9.99473E-05 9.99473E-05 0.033262 0.601924 0.198397 9.99473E-05 0.0442958 9.99473E-05 9.99473E-05
9.99472E-05 9.99472E-05 9.99472E-05 9.99472E-05 0.00118874 0.363988 9.99472E-05 0.0813793 0.27571 0.277134 9.99472E-05
9.99472E-05 9.99472E-05 0.0733093 9.99472E-05 0.387401 0.403807 9.99472E-05 9.99472E-05 0.117721 9.99472E-05 0.0171618
9.99737E-05 0.0604931 0.00262698 0.00701996 0.0705322 0.502203 9.99737E-05 0.0982855 0.0940616 0.164478 9.99737E-05
9.99473E-05 9.99473E-05 9.99473E-05 9.99473E-05 0.165664 0.37797 9.99473E-05 0.0189316 0.26934 0.167494 9.99473E-05
9.99649E-05 0.0159399 9.99649E-05 9.99649E-05 0.0013726 0.170955 9.99649E-05 0.104993 0.579689 0.00675735 0.119892
9.9956E-05 0.0230793 9.9956E-05 9.9956E-05 0.387204 0.141155 9.9956E-05 0.0750017 0.35157 9.9956E-05 0.0214905
9.99472E-05 9.99472E-05 0.00779799 9.99472E-05 0.157999 0.534289 9.99472E-05 9.99472E-05 0.209619 9.99472E-05 0.089696
9.99121E-05 9.99121E-05 9.99121E-05 9.99121E-05 9.99121E-05 0.999001 9.99121E-05 9.99121E-05 9.99121E-05 9.99121E-05 9.99121E-05
9.99472E-05 0.0625797 0.0391017 9.99472E-05 0.0924499 0.542424 9.99472E-05 9.99472E-05 0.262845 9.99472E-05 9.99472E-05
9.99298E-05 9.99298E-05 9.99298E-05 9.99298E-05 0.00848902 0.960602 9.99298E-05 9.99298E-05 9.99298E-05 0.0301094 9.99298E-05
9.99736E-05 0.0522169 9.99736E-05 9.99736E-05 0.171953 0.180074 0.179999 0.233367 0.108531 0.0102538 0.0633049
9.9921E-05 9.9921E-05 9.9921E-05 9.9921E-05 9.9921E-05 0.882772 9.9921E-05 0.116329 9.9921E-05 9.9921E-05 9.9921E-05
9.99385E-05 0.0552789 9.99385E-05 9.99385E-05 0.333997 0.581646 9.99385E-05 0.0283793 9.99385E-05 9.99385E-05 9.99385E-05
9.99472E-05 0.0308706 9.99472E-05 9.99472E-05 0.223143 0.188643 9.99472E-05 0.308754 9.99472E-05 0.247991 9.99472E-05
9.99561E-05 0.0089245 9.99561E-05 9.99561E-05 0.101588 0.385204 9.99561E-05 0.244406 0.215079 0.0442985 9.99561E-05
9.99472E-05 9.99472E-05 0.0202199 9.99472E-05 0.00303485 0.600981 9.99472E-05 9.99472E-05 0.0910888 0.284076 9.99472E-05
9.99385E-05 9.99385E-05 9.99385E-05 0.0649253 0.0621653 0.564984 9.99385E-05 9.99385E-05 0.307226 9.99385E-05 9.99385E-05
9.99387E-05 9.99387E-05 9.99387E-05 9.99387E-05 0.197347 0.704188 9.99387E-05 0.0856872 0.0120778 9.99387E-05 9.99387E-05
9.99385E-05 0.00799235 9.99385E-05 9.99385E-05 9.99385E-05 0.745258 9.99385E-05 0.0273932 0.218657 9.99385E-05 9.99385E-05
9.99473E-05 9.99473E-05 0.0063611 9.99473E-05 0.257988 0.424116 9.99473E-05 9.99473E-05 0.235427 0.0755086 9.99473E-05
9.99474E-05 0.0327874 9.99474E-05 9.99474E-05 0.213471 0.430081 9.99474E-05 0.167445 0.155615 9.99474E-05 9.99474E-05
9.99297E-05 9.99297E-05 9.99297E-05 9.99297E-05 0.00138016 0.966081 9.99297E-05 9.99297E-05 0.0317394 9.99297E-05 9.99297E-05
9.99211E-05 9.99211E-05 9.99211E-05 9.99211E-05 9.99211E-05 0.898557 9.99211E-05 9.99211E-05 0.100543 9.99211E-05 9.99211E-05
0.0152846 9.99474E-05 0.0436813 9.99474E-05 0.149401 0.782523 9.99474E-05 9.99474E-05 0.00851038 9.99474E-05 9.99474E-05
9.99473E-05 0.106118 9.99473E-05 9.99473E-05 0.194464 0.571404 9.99473E-05 9.99473E-05 0.113038 9.99473E-05 0.0143762
9.99472E-05 0.0429103 0.0590349 9.99472E-05 0.128382 0.540526 9.99472E-05 9.99472E-05 0.228547 9.99472E-05 9.99472E-05
9.99473E-05 0.0158602 9.99473E-05 9.99473E-05 0.0586037 0.664704 0.00417335 9.99473E-05 0.256059 9.99473E-05 9.99473E-05
9.99298E-05 9.99298E-05 9.99298E-05 9.99298E-05 0.0304301 0.893325 9.99298E-05 9.99298E-05 0.0754457 9.99298E-05 9.99298E-05
9.99649E-05 0.0200929 0.0263278 9.99649E-05 0.227278 0.396476 9.99649E-05 0.0559679 0.209512 0.0639446 9.99649E-05
9.99472E-05 0.0312604 0.0560967 9.99472E-05 0.442512 0.422743 9.99472E-05 9.99472E-05 0.046788 9.99472E-05 9.99472E-05
9.99474E-05 0.023639 0.0527429 9.99474E-05 0.0207634 0.612221 9.99474E-05 0.290034 9.99474E-05 9.99474E-05 9.99474E-05
9.99473E-05 9.99473E-05 0.0366936 9.99473E-05 0.263586 0.39371 9.99473E-05 0.268317 0.0370942 9.99473E-05 9.99473E-05
0.105036 9.99387E-05 9.99387E-05 9.99387E-05 0.0802624 0.72044 9.99387E-05 0.0935619 9.99387E-05 9.99387E-05 9.99387E-05
9.99297E-05 9.99297E-05 9.99297E-05 9.99297E-05 0.328708 0.399064 9.99297E-05 9.99297E-05 0.271428 9.99297E-05 9.99297E-05
9.99474E-05 9.99474E-05 9.99474E-05 9.99474E-05 0.0257423 0.450907 0.243632 0.25976 9.99474E-05 9.99474E-05 0.0193589
9.99386E-05 9.99386E-05 9.99386E-05 9.99386E-05 0.15548 0.709349 9.99386E-05 0.069905 0.0645668 9.99386E-05 9.99386E-05
9.99385E-05 9.99385E-05 9.99385E-05 9.99385E-05 0.0510156 0.537739 9.99385E-05 0.297423 0.113123 9.99385E-05 9.99385E-05
0.0325799 9.99299E-05 9.99299E-05 9.99299E-05 9.99299E-05 0.804734 9.99299E-05 0.161887 9.99299E-05 9.99299E-05 9.99299E-05
9.99472E-05 0.0447223 9.99472E-05 9.99472E-05 0.219905 0.679024 9.99472E-05 9.99472E-05 9.99472E-05 0.024874 0.030876
9.99211E-05 9.99211E-05 9.99211E-05 9.99211E-05 9.99211E-05 0.745367 9.99211E-05 0.253733 9.99211E-05 9.99211E-05 9.99211E-05
9.99473E-05 0.129131 9.99473E-05 9.99473E-05 0.0350274 0.410838 9.99473E-05 0.0259012 0.398502 9.99473E-05 9.99473E-05
9.9956E-05 0.0270892 0.0457266 9.9956E-05 0.0672991 0.501097 9.9956E-05 9.9956E-05 0.241067 0.117222 9.9956E-05
9.99736E-05 0.0526822 0.0743334 9.99736E-05 0.0858745 0.396258 9.99736E-05 0.0166844 0.225063 0.103248 0.0455569
9.99211E-05 9.99211E-05 9.99211E-05 9.99211E-05 9.99211E-05 0.899547 9.99211E-05 0.0995537 9.99211E-05 9.99211E-05 9.99211E-05
9.99561E-05 0.0291025 9.99561E-05 0.0243911 0.0507286 0.55276 9.99561E-05 0.0299724 0.312546 9.99561E-05 9.99561E-05
9.99385E-05 9.99385E-05 0.20615 9.99385E-05 9.99385E-05 0.403606 9.99385E-05 0.252479 0.137065 9.99385E-05 9.99385E-05
9.99473E-05 0.0635305 0.0117183 9.99473E-05 0.0539644 0.71797 9.99473E-05 0.152218 9.99473E-05 9.99473E-05 9.99473E-05
9.99473E-05 0.0134597 9.99473E-05 9.99473E-05 0.286661 0.515909 9.99473E-05 9.99473E-05 0.0312831 9.99473E-05 0.152087
9.99385E-05 0.0287705 9.99385E-05 9.99385E-05 0.200416 0.338335 9.99385E-05 9.99385E-05 0.431779 9.99385E-05 9.99385E-05
9.994E-05 0.0573279 9.994E-05 9.994E-05 0.335772 0.353973 0.053171 9.994E-05 0.199157 9.994E-05 9.994E-05
9.99472E-05 0.0112955 0.104869 9.99472E-05 0.270173 0.388303 9.99472E-05 9.99472E-05 0.22476 9.99472E-05 9.99472E-05
0.0159993 0.0299178 0.168097 0.00582557 0.151593 0.354975 9.99737E-05 0.227967 0.0453251 9.99737E-05 9.99737E-05
9.99648E-05 9.99648E-05 9.99648E-05 9.99648E-05 0.38482 0.224413 0.0171619 0.279853 0.007681 0.0331892 0.0524816
0.00366131 9.99561E-05 9.99561E-05 0.0712832 0.199631 0.236675 9.99561E-05 0.0829135 0.405337 9.99561E-05 9.99561E-05
9.9956E-05 0.134962 0.101485 9.9956E-05 0.0694722 0.34892 0.0962468 0.248415 9.9956E-05 9.9956E-05 9.9956E-05
9.99298E-05 9.99298E-05 9.99298E-05 9.99298E-05 9.99298E-05 0.488575 9.99298E-05 0.258598 0.252028 9.99298E-05 9.99298E-05
9.9921E-05 9.9921E-05 9.9921E-05 9.9921E-05 9.9921E-05 0.770516 9.9921E-05 0.228585 9.9921E-05 9.9921E-05 9.9921E-05
9.99297E-05 9.99297E-05 9.99297E-05 9.99297E-05 9.99297E-05 0.403384 9.99297E-05 9.99297E-05 0.345191 0.250625 9.99297E-05
9.99648E-05 0.0823996 9.99648E-05 0.0110845 0.274844 0.380192 9.99648E-05 0.0394435 0.108444 0.103192 9.99648E-05
9.99386E-05 0.00322569 9.99386E-05 9.99386E-05 0.486441 0.446892 9.99386E-05 9.99386E-05 9.99386E-05 9.99386E-05 0.062742
9.99473E-05 9.99473E-05 9.99473E-05 9.99473E-05 0.456414 0.224488 9.99473E-05 0.00532407 0.124635 0.18854 9.99473E-05
9.9956E-05 0.05702 0.128402 9.9956E-05 9.9956E-05 0.316038 9.9956E-05 9.9956E-05 0.255519 0.158225 0.0842968
9.99385E-05 9.99385E-05 9.99385E-05 0.170104 0.348245 0.39634 9.99385E-05 9.99385E-05 0.0846111 9.99385E-05 9.99385E-05
9.99736E-05 0.00733714 0.165163 0.158501 0.0744217 0.267151 9.99736E-05 0.138411 0.153327 9.99736E-05 0.035388
0.0202616 9.99562E-05 0.00278862 9.99562E-05 0.0189355 0.731086 9.99562E-05 0.129703 0.0967264 9.99562E-05 9.99562E-05
0.0136848 9.99474E-05 9.99474E-05 9.99474E-05 0.0235617 0.692142 9.99474E-05 0.172311 0.0977004 9.99474E-05 9.99474E-05
