9.9921E-05 0.0801251 9.9921E-05 9.9921E-05 0.104072 9.9921E-05 0.182722 9.9921E-05 9.9921E-05 0.0621169 9.9921E-05 0.266742 9.9921E-05 0.00918821 0.249606 0.0445294 9.9921E-05
9.98684E-05 0.206921 9.98684E-05 9.98684E-05 9.98684E-05 9.98684E-05 0.791581 9.98684E-05 9.98684E-05 9.98684E-05 9.98684E-05 9.98684E-05 9.98684E-05 9.98684E-05 9.98684E-05 9.98684E-05 9.98684E-05
0.0421664 9.98772E-05 9.98772E-05 9.98772E-05 9.98772E-05 9.98772E-05 9.98772E-05 9.98772E-05 9.98772E-05 9.98772E-05 9.98772E-05 0.908776 9.98772E-05 9.98772E-05 9.98772E-05 9.98772E-05 0.0476597
0.173765 9.99298E-05 0.0251516 9.99298E-05 0.0513685 9.99298E-05 0.329202 9.99298E-05 0.0661111 0.0195153 9.99298E-05 9.99298E-05 0.0349007 0.261426 0.0377599 9.99298E-05 9.99298E-05
9.98859E-05 9.98859E-05 9.98859E-05 9.98859E-05 9.98859E-05 0.0219676 0.754509 9.98859E-05 9.98859E-05 9.98859E-05 9.98859E-05 0.150863 9.98859E-05 9.98859E-05 9.98859E-05 9.98859E-05 0.0713623
0.160172 0.0615575 9.9921E-05 9.9921E-05 9.9921E-05 9.9921E-05 0.251201 0.154867 9.9921E-05 9.9921E-05 9.9921E-05 0.0678367 0.134652 9.9921E-05 0.0610445 9.9921E-05 0.107771
9.99201E-05 0.027051 9.99201E-05 9.99201E-05 0.0854581 9.99201E-05 0.374223 9.99201E-05 0.0174637 0.102058 9.99201E-05 0.032866 9.99201E-05 0.202426 0.0813218 0.0763335 9.99201E-05
0.00908281 9.99298E-05 9.99298E-05 0.0645159 9.99298E-05 0.0229784 0.353109 9.99298E-05 0.0693434 9.99298E-05 9.99298E-05 9.99298E-05 0.151915 0.0406674 0.19199 9.99298E-05 0.0955985
0.052243 9.9921E-05 0.0396139 9.9921E-05 0.19157 9.9921E-05 9.9921E-05 9.9921E-05 9.9921E-05 0.00446193 9.9921E-05 0.258949 0.241067 9.9921E-05 9.9921E-05 0.199105 0.0120907
9.98771E-05 9.98771E-05 9.98771E-05 9.98771E-05 0.10145 9.98771E-05 0.0438641 9.98771E-05 9.98771E-05 9.98771E-05 9.98771E-05 0.853287 9.98771E-05 9.98771E-05 9.98771E-05 9.98771E-05 9.98771E-05
9.98946E-05 9.98946E-05 9.98946E-05 9.98946E-05 0.176386 9.98946E-05 0.243841 9.98946E-05 9.98946E-05 0.075522 9.98946E-05 0.323493 9.98946E-05 9.98946E-05 0.179558 9.98946E-05 9.98946E-05
9.98771E-05 9.98771E-05 9.98771E-05 0.0238909 9.98771E-05 9.98771E-05 9.98771E-05 9.98771E-05 9.98771E-05 0.00932598 9.98771E-05 0.965385 9.98771E-05 9.98771E-05 9.98771E-05 9.98771E-05 9.98771E-05
9.98859E-05 9.98859E-05 9.98859E-05 9.98859E-05 0.0901588 9.98859E-05 0.266477 9.98859E-05 9.98859E-05 9.98859E-05 9.98859E-05 0.601135 9.98859E-05 9.98859E-05 0.04093 9.98859E-05 9.98859E-05
9.98859E-05 9.98859E-05 9.98859E-05 9.98859E-05 0.0571934 9.98859E-05 0.866234 9.98859E-05 9.98859E-05 9.98859E-05 0.0135366 9.98859E-05 9.98859E-05 9.98859E-05 9.98859E-05 9.98859E-05 0.0617373
0.118871 9.9921E-05 9.9921E-05 9.9921E-05 0.108486 9.9921E-05 9.9921E-05 0.12045 9.9921E-05 9.9921E-05 9.9921E-05 0.400023 0.148246 0.0520904 0.0296742 0.0212602 9.9921E-05
0.0884937 0.000796947 9.9921E-05 0.100057 0.120082 9.9921E-05 0.353438 9.9921E-05 9.9921E-05 9.9921E-05 9.9921E-05 9.9921E-05 0.212983 0.0800599 0.0431895 9.9921E-05 9.9921E-05
9.99101E-05 0.134594 9.99101E-05 0.011806 0.0181712 9.99101E-05 0.0787182 9.99101E-05 9.99101E-05 0.0515417 0.0740374 0.549662 9.99101E-05 0.0805702 9.99101E-05 9.99101E-05 9.99101E-05
9.99209E-05 9.99209E-05 0.0974428 9.99209E-05 0.192066 0.165574 0.329931 9.99209E-05 0.00652577 0.0109987 9.99209E-05 9.99209E-05 9.99209E-05 9.99209E-05 0.194935 0.00162759 9.99209E-05
9.99121E-05 9.99121E-05 9.99121E-05 9.99121E-05 0.166995 0.0151173 9.99121E-05 0.203391 9.99121E-05 0.0384408 9.99121E-05 0.411558 0.110614 9.99121E-05 0.0528848 9.99121E-05 9.99121E-05
9.98684E-05 9.98684E-05 0.0259956 9.98684E-05 9.98684E-05 9.98684E-05 9.98684E-05 9.98684E-05 9.98684E-05 9.98684E-05 9.98684E-05 0.972506 9.98684E-05 9.98684E-05 9.98684E-05 9.98684E-05 9.98684E-05
9.9921E-05 9.9921E-05 9.9921E-05 9.9921E-05 0.0379939 9.9921E-05 0.554735 9.9921E-05 0.275942 0.0306274 9.9921E-05 0.00037185 0.0765121 0.0125543 9.9921E-05 0.010364 9.9921E-05
0.0727667 9.99122E-05 9.99122E-05 9.99122E-05 9.99122E-05 9.99122E-05 9.99122E-05 0.105693 0.00824903 9.99122E-05 9.99122E-05 0.294468 0.105277 9.99122E-05 0.289888 9.99122E-05 0.12266
0.0139619 0.0277584 9.99035E-05 9.99035E-05 0.134332 9.99035E-05 0.426467 9.99035E-05 9.99035E-05 0.0494035 9.99035E-05 0.346978 9.99035E-05 9.99035E-05 9.99035E-05 9.99035E-05 9.99035E-05
0.0161555 9.99034E-05 9.99034E-05 9.99034E-05 0.210973 9.99034E-05 0.222094 9.99034E-05 9.99034E-05 9.99034E-05 9.99034E-05 0.165478 9.99034E-05 9.99034E-05 0.288802 0.0953984 9.99034E-05
0.141365 9.99122E-05 0.092281 9.99122E-05 0.230208 9.99122E-05 0.304643 9.99122E-05 9.99122E-05 0.0741026 9.99122E-05 9.99122E-05 0.10062 0.0557816 9.99122E-05 9.99122E-05 9.99122E-05
0.0955736 9.99122E-05 9.99122E-05 9.99122E-05 0.0676553 9.99122E-05 0.161631 9.99122E-05 9.99122E-05 9.99122E-05 9.99122E-05 0.582404 9.99122E-05 0.0714573 0.017474 0.00280464 9.99122E-05
0.240592 9.99122E-05 9.99122E-05 0.0538804 0.122278 0.132534 9.99122E-05 9.99122E-05 0.000987205 9.99122E-05 9.99122E-05 0.0776421 9.99122E-05 9.99122E-05 0.371087 9.99122E-05 9.99122E-05
9.99035E-05 9.99035E-05 9.99035E-05 9.99035E-05 0.0468769 9.99035E-05 0.0741264 9.99035E-05 9.99035E-05 0.00023278 9.99035E-05 0.730527 9.99035E-05 0.0876579 0.0594803 9.99035E-05 9.99035E-05
0.0775731 9.99036E-05 0.0380419 9.99036E-05 0.132971 9.99036E-05 0.143894 9.99036E-05 9.99036E-05 9.99036E-05 9.99036E-05 0.517329 9.99036E-05 9.99036E-05 9.99036E-05 0.0890924 9.99036E-05
0.0127643 9.99123E-05 9.99123E-05 9.99123E-05 0.0752363 9.99123E-05 9.99123E-05 0.0303404 9.99123E-05 9.99123E-05 0.0167567 0.760483 0.0726658 9.99123E-05 9.99123E-05 0.0307544 9.99123E-05
9.99034E-05 9.99034E-05 0.0309525 9.99034E-05 9.99034E-05 9.99034E-05 9.99034E-05 0.0408021 9.99034E-05 0.0670601 9.99034E-05 0.798825 0.0554774 9.99034E-05 0.00578437 9.99034E-05 9.99034E-05
0.297791 9.98948E-05 9.98948E-05 9.98948E-05 9.98948E-05 9.98948E-05 0.568796 0.113362 0.00739593 9.98948E-05 9.98948E-05 0.0114572 9.98948E-05 9.98948E-05 9.98948E-05 9.98948E-05 9.98948E-05
0.0128685 9.98946E-05 9.98946E-05 9.98946E-05 0.139719 9.98946E-05 0.659414 9.98946E-05 9.98946E-05 0.0855127 9.98946E-05 9.98946E-05 9.98946E-05 9.98946E-05 0.101287 9.98946E-05 9.98946E-05
0.220296 9.9921E-05 9.9921E-05 0.0405643 0.14503 9.9921E-05 0.258456 9.9921E-05 9.9921E-05 9.9921E-05 9.9921E-05 0.129907 9.9921E-05 0.0513274 0.122498 9.9921E-05 0.0310216
9.98947E-05 9.98947E-05 0.0354829 9.98947E-05 0.017341 9.98947E-05 9.98947E-05 0.0068823 9.98947E-05 0.0469116 9.98947E-05 0.892183 9.98947E-05 9.98947E-05 9.98947E-05 9.98947E-05 9.98947E-05
9.99035E-05 0.00778453 9.99035E-05 9.99035E-05 9.99035E-05 9.99035E-05 9.99035E-05 9.99035E-05 9.99035E-05 9.99035E-05 9.99035E-05 0.756337 0.0145712 0.164283 0.0448869 0.0110388 9.99035E-05
9.9886E-05 9.9886E-05 9.9886E-05 0.00728716 9.9886E-05 9.9886E-05 0.0992399 0.0728664 9.9886E-05 9.9886E-05 9.9886E-05 0.819308 9.9886E-05 9.9886E-05 9.9886E-05 9.9886E-05 9.9886E-05
9.99123E-05 0.0563072 0.0581504 9.99123E-05 0.0863207 9.99123E-05 0.454388 9.99123E-05 9.99123E-05 0.000351615 9.99123E-05 0.185024 0.158459 9.99123E-05 9.99123E-05 9.99123E-05 9.99123E-05
0.0315223 0.126018 9.99035E-05 9.99035E-05 0.167054 9.99035E-05 9.99035E-05 9.99035E-05 9.99035E-05 9.99035E-05 9.99035E-05 0.574513 0.0287929 9.99035E-05 9.99035E-05 9.99035E-05 0.0710012
0.102603 9.99122E-05 9.99122E-05 0.0373426 0.188779 9.99122E-05 0.576692 0.0559692 9.99122E-05 0.00424786 9.99122E-05 0.033367 9.99122E-05 9.99122E-05 9.99122E-05 9.99122E-05 9.99122E-05
9.98771E-05 9.98771E-05 9.98771E-05 9.98771E-05 0.0249701 9.98771E-05 9.98771E-05 9.98771E-05 9.98771E-05 9.98771E-05 9.98771E-05 0.95079 9.98771E-05 9.98771E-05 0.0228421 9.98771E-05 9.98771E-05
9.98861E-05 9.98861E-05 9.98861E-05 9.98861E-05 0.0634888 9.98861E-05 9.98861E-05 9.98861E-05 9.98861E-05 9.98861E-05 9.98861E-05 0.595043 0.00389868 9.98861E-05 0.336271 9.98861E-05 9.98861E-05
9.99034E-05 0.00512081 9.99034E-05 9.99034E-05 9.99034E-05 9.99034E-05 0.523371 9.99034E-05 9.99034E-05 9.99034E-05 0.0699047 0.238568 9.99034E-05 9.99034E-05 0.124183 9.99034E-05 0.0377539
0.0232349 0.0101847 9.9921E-05 9.9921E-05 0.173597 9.9921E-05 9.9921E-05 9.9921E-05 9.9921E-05 0.0846561 9.9921E-05 0.38982 0.117819 9.9921E-05 0.0810447 0.118745 9.9921E-05
9.99034E-05 9.99034E-05 9.99034E-05 9.99034E-05 0.194022 9.99034E-05 0.219164 9.99034E-05 9.99034E-05 9.99034E-05 9.99034E-05 0.054461 9.99034E-05 0.087056 0.35043 9.99034E-05 0.0937677
9.98859E-05 9.98859E-05 0.106883 9.98859E-05 9.98859E-05 9.98859E-05 9.98859E-05 9.98859E-05 0.000170125 9.98859E-05 9.98859E-05 0.886634 9.98859E-05 0.00501452 9.98859E-05 9.98859E-05 9.98859E-05
9.98682E-05 9.98682E-05 9.98682E-05 9.98682E-05 0.0539083 9.98682E-05 0.944594 9.98682E-05 9.98682E-05 9.98682E-05 9.98682E-05 9.98682E-05 9.98682E-05 9.98682E-05 9.98682E-05 9.98682E-05 9.98682E-05
9.98598E-05 9.98598E-05 9.98598E-05 9.98598E-05 9.98598E-05 9.98598E-05 9.98598E-05 9.98598E-05 9.98598E-05 9.98598E-05 9.98598E-05 0.998402 9.98598E-05 9.98598E-05 9.98598E-05 9.98598E-05 9.98598E-05
9.99033E-05 9.99033E-05 9.99033E-05 9.99033E-05 0.134488 9.99033E-05 0.31147 9.99033E-05 0.0239211 0.0328884 9.99033E-05 0.354182 9.99033E-05 9.99033E-05 0.141951 9.99033E-05 9.99033E-05
9.98773E-05 9.98773E-05 9.98773E-05 9.98773E-05 9.98773E-05 9.98773E-05 0.875487 0.0929863 9.98773E-05 9.98773E-05 9.98773E-05 9.98773E-05 9.98773E-05 9.98773E-05 9.98773E-05 9.98773E-05 0.0301288
0.194736 9.99034E-05 0.0434435 9.99034E-05 0.173856 9.99034E-05 0.272184 9.99034E-05 0.153512 9.99034E-05 9.99034E-05 9.99034E-05 9.99034E-05 9.99034E-05 9.99034E-05 0.16117 9.99034E-05
9.99123E-05 9.99123E-05 0.0915561 0.0140231 9.99123E-05 9.99123E-05 0.459994 9.99123E-05 9.99123E-05 9.99123E-05 9.99123E-05 0.192951 9.99123E-05 0.152308 0.0696412 9.99123E-05 0.0185279
0.00691829 9.98771E-05 9.98771E-05 9.98771E-05 9.98771E-05 0.0311504 9.98771E-05 9.98771E-05 9.98771E-05 9.98771E-05 9.98771E-05 0.960533 9.98771E-05 9.98771E-05 9.98771E-05 9.98771E-05 9.98771E-05
9.98859E-05 9.98859E-05 9.98859E-05 0.123997 9.98859E-05 9.98859E-05 0.838359 9.98859E-05 9.98859E-05 9.98859E-05 9.98859E-05 9.98859E-05 0.0237507 9.98859E-05 9.98859E-05 9.98859E-05 0.0125948
9.98949E-05 9.98949E-05 9.98949E-05 0.0409481 0.0264054 9.98949E-05 9.98949E-05 0.0684786 9.98949E-05 9.98949E-05 9.98949E-05 0.842188 9.98949E-05 9.98949E-05 9.98949E-05 9.98949E-05 0.0207808
0.0909382 9.98948E-05 0.0665578 9.98948E-05 9.98948E-05 0.0441157 9.98948E-05 9.98948E-05 0.0523304 9.98948E-05 9.98948E-05 0.744859 9.98948E-05 9.98948E-05 9.98948E-05 9.98948E-05 9.98948E-05
9.98946E-05 9.98946E-05 9.98946E-05 9.98946E-05 0.0153232 0.10175 9.98946E-05 0.0210988 9.98946E-05 9.98946E-05 9.98946E-05 0.842719 9.98946E-05 9.98946E-05 0.0179096 9.98946E-05 9.98946E-05
9.98859E-05 9.98859E-05 9.98859E-05 9.98859E-05 0.0562559 9.98859E-05 0.538855 9.98859E-05 9.98859E-05 9.98859E-05 9.98859E-05 0.31 9.98859E-05 0.0935898 9.98859E-05 9.98859E-05 9.98859E-05
9.99034E-05 0.01304 9.99034E-05 9.99034E-05 9.99034E-05 9.99034E-05 0.548589 9.99034E-05 9.99034E-05 0.0398899 9.99034E-05 0.319905 0.0320137 0.0454637 9.99034E-05 9.99034E-05 9.99034E-05
0.0727128 0.241073 9.9921E-05 9.9921E-05 0.192515 0.0907282 0.0265656 9.9921E-05 9.9921E-05 0.0350112 9.9921E-05 9.9921E-05 0.0435228 9.9921E-05 0.296972 9.9921E-05 9.9921E-05
9.99124E-05 0.102151 9.99124E-05 9.99124E-05 0.0423665 9.99124E-05 9.99124E-05 0.0402452 9.99124E-05 9.99124E-05 9.99124E-05 0.288491 9.99124E-05 0.0108814 0.451522 0.0633431 9.99124E-05
9.99298E-05 0.252744 9.99298E-05 0.038973 0.0194234 0.180497 0.112532 9.99298E-05 9.99298E-05 0.0154753 0.157797 0.0113016 9.99298E-05 9.99298E-05 0.210458 9.99298E-05 9.99298E-05
0.223267 0.384908 9.99123E-05 9.99123E-05 0.122316 0.0208952 9.99123E-05 0.116907 9.99123E-05 0.00750415 9.99123E-05 9.99123E-05 0.123203 9.99123E-05 9.99123E-05 9.99123E-05 9.99123E-05
9.99297E-05 0.088779 0.058071 9.99297E-05 0.159064 0.0816262 9.99297E-05 0.0424488 9.99297E-05 9.99297E-05 9.99297E-05 0.0332257 0.0753232 9.99297E-05 0.439705 9.99297E-05 0.0209581
0.0444618 0.104974 9.99034E-05 9.99034E-05 0.295054 0.0662939 9.99034E-05 9.99034E-05 9.99034E-05 9.99034E-05 9.99034E-05 9.99034E-05 0.0194822 9.99034E-05 0.468635 9.99034E-05 9.99034E-05
9.99035E-05 0.496116 9.99035E-05 9.99035E-05 0.231237 9.99035E-05 0.000411527 9.99035E-05 9.99035E-05 0.0534675 9.99035E-05 9.99035E-05 9.99035E-05 0.129962 0.0877069 9.99035E-05 9.99035E-05
0.095372 0.309383 9.99122E-05 9.99122E-05 0.169863 0.191301 9.99122E-05 0.0206093 9.99122E-05 9.99122E-05 9.99122E-05 9.99122E-05 0.0620976 9.99122E-05 0.150375 9.99122E-05 9.99122E-05
9.99123E-05 0.2564 9.99123E-05 9.99123E-05 0.0529266 0.0566479 9.99123E-05 9.99123E-05 9.99123E-05 9.99123E-05 0.119865 0.028741 9.99123E-05 9.99123E-05 0.396085 0.0883366 9.99123E-05
9.99123E-05 0.17988 9.99123E-05 9.99123E-05 0.0687361 9.99123E-05 9.99123E-05 9.99123E-05 9.99123E-05 0.103645 9.99123E-05 0.239925 0.0256898 0.0869004 0.294224 9.99123E-05 9.99123E-05
9.99122E-05 0.0283362 9.99122E-05 9.99122E-05 0.426394 0.0241154 9.99122E-05 0.0133451 9.99122E-05 0.198 9.99122E-05 9.99122E-05 0.0865286 9.99122E-05 0.222282 9.99122E-05 9.99122E-05
9.9921E-05 0.221434 9.9921E-05 0.109993 0.120153 0.0427876 9.9921E-05 0.02703 9.9921E-05 0.100445 9.9921E-05 9.9921E-05 9.9921E-05 9.9921E-05 0.340302 9.9921E-05 0.0369558
0.149336 0.110593 9.99297E-05 0.0667009 0.0641316 0.0102945 9.99297E-05 9.99297E-05 0.129548 0.120223 9.99297E-05 9.99297E-05 0.111544 9.99297E-05 0.23683 9.99297E-05 9.99297E-05
9.99035E-05 0.13915 9.99035E-05 9.99035E-05 0.388224 9.99035E-05 9.99035E-05 0.0838178 9.99035E-05 9.99035E-05 9.99035E-05 9.99035E-05 9.99035E-05 9.99035E-05 0.353682 0.00394974 0.0300785
0.23217 0.102738 9.993E-05 0.050196 0.0303651 9.993E-05 9.993E-05 9.993E-05 9.993E-05 0.0436752 9.993E-05 0.205432 9.993E-05 9.993E-05 0.258422 0.0507123 0.0254897
9.99211E-05 0.11263 9.99211E-05 9.99211E-05 0.146137 9.99211E-05 9.99211E-05 9.99211E-05 9.99211E-05 0.0302249 0.0845284 0.201349 0.0307476 0.0461468 0.347337 9.99211E-05 9.99211E-05
0.28775 0.199892 9.99034E-05 9.99034E-05 0.115716 0.200465 9.99034E-05 0.194744 9.99034E-05 9.99034E-05 9.99034E-05 9.99034E-05 9.99034E-05 9.99034E-05 0.000334388 9.99034E-05 9.99034E-05
9.9921E-05 9.9921E-05 9.9921E-05 9.9921E-05 0.0732826 0.0206765 0.0184861 0.0540065 9.9921E-05 0.140749 9.9921E-05 9.9921E-05 0.00383501 0.0833225 0.604742 9.9921E-05 9.9921E-05
9.99123E-05 0.0965926 9.99123E-05 9.99123E-05 0.189109 0.132972 0.183441 0.0450684 9.99123E-05 0.0258615 9.99123E-05 9.99123E-05 9.99123E-05 9.99123E-05 0.325956 9.99123E-05 9.99123E-05
0.0817329 0.13916 0.0338661 0.0400136 0.389065 0.00870584 9.99385E-05 9.99385E-05 9.99385E-05 0.011971 9.99385E-05 9.99385E-05 9.99385E-05 9.99385E-05 0.218277 0.0243957 0.0521141
9.99212E-05 0.11301 9.99212E-05 0.0205014 0.0885584 9.99212E-05 0.0281304 9.99212E-05 9.99212E-05 9.99212E-05 0.247848 0.107056 9.99212E-05 9.99212E-05 0.382608 9.99212E-05 0.0113875
0.0240712 0.191816 9.99122E-05 9.99122E-05 0.124414 0.0825236 9.99122E-05 0.0692636 9.99122E-05 9.99122E-05 9.99122E-05 0.0121396 9.99122E-05 9.99122E-05 0.494773 9.99122E-05 9.99122E-05
0.305219 0.139627 9.99035E-05 9.99035E-05 0.088557 0.0412419 9.99035E-05 9.99035E-05 9.99035E-05 9.99035E-05 9.99035E-05 0.134045 9.99035E-05 9.99035E-05 0.290211 9.99035E-05 9.99035E-05
0.0814481 9.99386E-05 9.99386E-05 9.99386E-05 0.10049 0.15202 0.163105 0.130873 0.0163585 0.0215803 9.99386E-05 9.99386E-05 0.0996679 9.99386E-05 0.209532 0.0242251 9.99386E-05
0.0639228 9.99035E-05 9.99035E-05 9.99035E-05 0.14942 9.99035E-05 9.99035E-05 9.99035E-05 9.99035E-05 0.205234 9.99035E-05 0.153509 9.99035E-05 0.0804451 0.346369 9.99035E-05 9.99035E-05
0.0167607 0.229825 0.0412977 0.0160063 0.105948 9.99562E-05 9.99562E-05 0.0155942 9.99562E-05 0.0740628 0.0626724 0.262279 0.0453869 9.99562E-05 0.128572 9.99562E-05 0.00109574
9.99211E-05 0.0985331 9.99211E-05 9.99211E-05 0.0200208 0.0377995 0.0316822 9.99211E-05 9.99211E-05 9.99211E-05 0.12645 0.1894 9.99211E-05 9.99211E-05 0.481402 0.0138138 9.99211E-05
9.99124E-05 0.209118 9.99124E-05 9.99124E-05 0.161989 0.00731626 9.99124E-05 9.99124E-05 9.99124E-05 9.99124E-05 0.0670467 0.187522 9.99124E-05 9.99124E-05 0.300929 0.0650796 9.99124E-05
9.99036E-05 0.00689777 9.99036E-05 9.99036E-05 0.150199 0.231004 9.99036E-05 9.99036E-05 9.99036E-05 9.99036E-05 9.99036E-05 0.269353 0.0249155 9.99036E-05 0.316532 9.99036E-05 9.99036E-05
9.99124E-05 0.103414 9.99124E-05 9.99124E-05 0.245199 9.99124E-05 0.160796 9.99124E-05 9.99124E-05 9.99124E-05 0.224411 0.0428897 0.121995 9.99124E-05 0.100296 9.99124E-05 9.99124E-05
0.790205 9.98772E-05 9.98772E-05 9.98772E-05 0.171813 9.98772E-05 9.98772E-05 9.98772E-05 9.98772E-05 9.98772E-05 9.98772E-05 9.98772E-05 0.0365837 9.98772E-05 9.98772E-05 9.98772E-05 9.98772E-05
0.458552 9.98947E-05 9.98947E-05 9.98947E-05 0.0995043 9.98947E-05 0.0220532 9.98947E-05 9.98947E-05 9.98947E-05 0.393928 9.98947E-05 0.0247634 9.98947E-05 9.98947E-05 9.98947E-05 9.98947E-05
0.892444 9.9877E-05 9.9877E-05 9.9877E-05 0.094774 0.0113833 9.9877E-05 9.9877E-05 9.9877E-05 9.9877E-05 9.9877E-05 9.9877E-05 9.9877E-05 9.9877E-05 9.9877E-05 9.9877E-05 9.9877E-05
0.767415 9.98858E-05 9.98858E-05 9.98858E-05 0.131993 0.0466583 9.98858E-05 9.98858E-05 9.98858E-05 9.98858E-05 9.98858E-05 9.98858E-05 0.0526348 9.98858E-05 9.98858E-05 9.98858E-05 9.98858E-05
0.77883 9.9877E-05 9.9877E-05 9.9877E-05 9.9877E-05 9.9877E-05 9.9877E-05 9.9877E-05 9.9877E-05 9.9877E-05 9.9877E-05 9.9877E-05 0.128721 9.9877E-05 9.9877E-05 9.9877E-05 0.0910512
0.537334 9.9886E-05 9.9886E-05 9.9886E-05 0.208956 9.9886E-05 9.9886E-05 9.9886E-05 9.9886E-05 9.9886E-05 9.9886E-05 9.9886E-05 0.195016 0.0573954 9.9886E-05 9.9886E-05 9.9886E-05
0.672347 9.99122E-05 9.99122E-05 9.99122E-05 0.0704728 0.0487056 9.99122E-05 9.99122E-05 9.99122E-05 0.00685468 9.99122E-05 9.99122E-05 0.140749 9.99122E-05 0.0577501 9.99122E-05 0.00212135
0.783002 9.98771E-05 9.98771E-05 9.98771E-05 0.0293726 9.98771E-05 9.98771E-05 9.98771E-05 9.98771E-05 9.98771E-05 9.98771E-05 9.98771E-05 0.186227 9.98771E-05 9.98771E-05 9.98771E-05 9.98771E-05
0.396733 0.210274 9.98858E-05 9.98858E-05 0.067768 9.98858E-05 9.98858E-05 9.98858E-05 9.98858E-05 9.98858E-05 9.98858E-05 9.98858E-05 0.323926 9.98858E-05 9.98858E-05 9.98858E-05 9.98858E-05
0.493641 9.98947E-05 9.98947E-05 9.98947E-05 0.22163 0.01787 9.98947E-05 9.98947E-05 9.98947E-05 9.98947E-05 9.98947E-05 9.98947E-05 0.132696 0.132965 9.98947E-05 9.98947E-05 9.98947E-05
0.584458 0.26231 9.9886E-05 9.9886E-05 9.9886E-05 9.9886E-05 9.9886E-05 9.9886E-05 9.9886E-05 9.9886E-05 0.141782 9.9886E-05 0.0101515 9.9886E-05 9.9886E-05 9.9886E-05 9.9886E-05
0.799531 0.147621 9.98772E-05 9.98772E-05 0.0514503 9.98772E-05 9.98772E-05 9.98772E-05 9.98772E-05 9.98772E-05 9.98772E-05 9.98772E-05 9.98772E-05 9.98772E-05 9.98772E-05 9.98772E-05 9.98772E-05
0.843677 9.98862E-05 9.98862E-05 9.98862E-05 9.98862E-05 0.0317696 9.98862E-05 9.98862E-05 9.98862E-05 9.98862E-05 0.0208185 9.98862E-05 0.102436 9.98862E-05 9.98862E-05 9.98862E-05 9.98862E-05
0.633903 9.9886E-05 9.9886E-05 9.9886E-05 0.192923 9.9886E-05 9.9886E-05 9.9886E-05 9.9886E-05 9.9886E-05 0.0391917 9.9886E-05 0.132684 9.9886E-05 9.9886E-05 9.9886E-05 9.9886E-05
0.769969 9.9886E-05 9.9886E-05 9.9886E-05 9.9886E-05 0.13854 9.9886E-05 9.9886E-05 9.9886E-05 9.9886E-05 0.0194302 9.9886E-05 0.0707624 9.9886E-05 9.9886E-05 9.9886E-05 9.9886E-05
0.635408 0.147018 9.99035E-05 9.99035E-05 0.161777 9.99035E-05 9.99035E-05 9.99035E-05 9.99035E-05 9.99035E-05 9.99035E-05 9.99035E-05 0.0336257 0.0209439 9.99035E-05 9.99035E-05 0.000128912
0.588199 0.157989 0.110634 9.99034E-05 0.0571678 9.99034E-05 9.99034E-05 9.99034E-05 9.99034E-05 9.99034E-05 0.0032161 9.99034E-05 0.0816951 9.99034E-05 9.99034E-05 9.99034E-05 9.99034E-05
0.774042 9.98861E-05 9.98861E-05 9.98861E-05 9.98861E-05 9.98861E-05 9.98861E-05 9.98861E-05 9.98861E-05 9.98861E-05 9.98861E-05 9.98861E-05 0.115719 9.98861E-05 0.0366391 9.98861E-05 0.072302
0.884067 9.9886E-05 9.9886E-05 9.9886E-05 9.9886E-05 9.9886E-05 9.9886E-05 9.9886E-05 9.9886E-05 0.0320357 9.9886E-05 9.9886E-05 0.0526236 0.0299752 9.9886E-05 9.9886E-05 9.9886E-05
0.492622 9.99035E-05 0.0820466 9.99035E-05 0.0958078 9.99035E-05 9.99035E-05 9.99035E-05 9.99035E-05 9.99035E-05 0.158466 9.99035E-05 0.148435 0.0215237 9.99035E-05 9.99035E-05 9.99035E-05
0.727239 0.0835809 9.98947E-05 9.98947E-05 0.100415 9.98947E-05 9.98947E-05 9.98947E-05 9.98947E-05 9.98947E-05 9.98947E-05 9.98947E-05 0.0670558 0.0205111 9.98947E-05 9.98947E-05 9.98947E-05
0.868667 9.98771E-05 9.98771E-05 9.98771E-05 0.0536427 0.0762923 9.98771E-05 9.98771E-05 9.98771E-05 9.98771E-05 9.98771E-05 9.98771E-05 9.98771E-05 9.98771E-05 9.98771E-05 9.98771E-05 9.98771E-05
0.426652 0.00408611 0.0861309 9.99122E-05 0.209414 9.99122E-05 9.99122E-05 9.99122E-05 0.00133156 9.99122E-05 9.99122E-05 9.99122E-05 0.245968 9.99122E-05 9.99122E-05 9.99122E-05 0.0254185
0.604808 9.9886E-05 9.9886E-05 9.9886E-05 9.9886E-05 9.9886E-05 9.9886E-05 9.9886E-05 9.9886E-05 9.9886E-05 0.0766534 9.9886E-05 0.255326 9.9886E-05 9.9886E-05 9.9886E-05 0.0619142
0.394126 0.00990879 0.0625221 9.99122E-05 0.270437 9.99122E-05 9.99122E-05 9.99122E-05 0.000113264 9.99122E-05 9.99122E-05 9.99122E-05 0.261163 9.99122E-05 9.99122E-05 9.99122E-05 0.000730284
0.429512 0.0822714 9.98947E-05 9.98947E-05 0.149942 9.98947E-05 9.98947E-05 9.98947E-05 9.98947E-05 9.98947E-05 0.205452 9.98947E-05 0.131622 9.98947E-05 9.98947E-05 9.98947E-05 9.98947E-05
0.300702 9.99034E-05 0.0242319 9.99034E-05 0.03305 9.99034E-05 9.99034E-05 9.99034E-05 9.99034E-05 9.99034E-05 0.439036 9.99034E-05 9.99034E-05 9.99034E-05 9.99034E-05 0.117083 0.0847979
0.885508 9.98769E-05 9.98769E-05 9.98769E-05 0.016257 9.98769E-05 9.98769E-05 9.98769E-05 9.98769E-05 9.98769E-05 9.98769E-05 9.98769E-05 0.0968369 9.98769E-05 9.98769E-05 9.98769E-05 9.98769E-05
0.606441 0.0458415 9.98859E-05 9.98859E-05 0.184545 9.98859E-05 9.98859E-05 9.98859E-05 9.98859E-05 9.98859E-05 9.98859E-05 9.98859E-05 0.161874 9.98859E-05 9.98859E-05 9.98859E-05 9.98859E-05
0.803357 9.98772E-05 9.98772E-05 9.98772E-05 0.0679273 9.98772E-05 9.98772E-05 9.98772E-05 9.98772E-05 9.98772E-05 9.98772E-05 9.98772E-05 9.98772E-05 9.98772E-05 9.98772E-05 9.98772E-05 0.127318
0.746074 9.98948E-05 9.98948E-05 0.0574744 0.173821 9.98948E-05 9.98948E-05 9.98948E-05 9.98948E-05 0.0208381 9.98948E-05 9.98948E-05 0.000593917 9.98948E-05 9.98948E-05 9.98948E-05 9.98948E-05
0.939669 9.98859E-05 0.0374933 0.00996272 9.98859E-05 9.98859E-05 9.98859E-05 9.98859E-05 9.98859E-05 0.0115761 9.98859E-05 9.98859E-05 9.98859E-05 9.98859E-05 9.98859E-05 9.98859E-05 9.98859E-05
0.333717 9.98945E-05 0.156741 9.98945E-05 0.156388 9.98945E-05 9.98945E-05 9.98945E-05 9.98945E-05 9.98945E-05 9.98945E-05 9.98945E-05 0.264513 9.98945E-05 9.98945E-05 9.98945E-05 0.0874421
0.865325 9.98858E-05 9.98858E-05 9.98858E-05 0.04724 9.98858E-05 9.98858E-05 9.98858E-05 9.98858E-05 9.98858E-05 9.98858E-05 9.98858E-05 0.0169303 9.98858E-05 0.0692057 9.98858E-05 9.98858E-05
0.896111 9.98772E-05 9.98772E-05 9.98772E-05 0.060597 9.98772E-05 9.98772E-05 9.98772E-05 9.98772E-05 9.98772E-05 9.98772E-05 9.98772E-05 0.041894 9.98772E-05 9.98772E-05 9.98772E-05 9.98772E-05
0.816378 0.120525 9.98947E-05 9.98947E-05 9.98947E-05 9.98947E-05 9.98947E-05 9.98947E-05 9.98947E-05 0.0132292 9.98947E-05 9.98947E-05 0.0390453 9.98947E-05 0.00962387 9.98947E-05 9.98947E-05
0.667308 9.98945E-05 9.98945E-05 9.98945E-05 0.217392 0.0596346 9.98945E-05 9.98945E-05 9.98945E-05 0.0273081 9.98945E-05 9.98945E-05 0.0271586 9.98945E-05 9.98945E-05 9.98945E-05 9.98945E-05
0.475414 9.9877E-05 9.9877E-05 9.9877E-05 9.9877E-05 9.9877E-05 9.9877E-05 9.9877E-05 9.9877E-05 9.9877E-05 0.433808 9.9877E-05 0.0893791 9.9877E-05 9.9877E-05 9.9877E-05 9.9877E-05
0.79185 9.99035E-05 0.00807459 9.99035E-05 0.075646 9.99035E-05 9.99035E-05 9.99035E-05 9.99035E-05 0.00267313 0.0866962 9.99035E-05 0.0339607 9.99035E-05 9.99035E-05 9.99035E-05 9.99035E-05
0.784689 9.98773E-05 9.98773E-05 9.98773E-05 9.98773E-05 9.98773E-05 9.98773E-05 9.98773E-05 9.98773E-05 9.98773E-05 0.199107 9.98773E-05 9.98773E-05 9.98773E-05 9.98773E-05 9.98773E-05 0.0148052
0.662109 0.0343226 9.98773E-05 9.98773E-05 9.98773E-05 9.98773E-05 9.98773E-05 9.98773E-05 9.98773E-05 9.98773E-05 0.30217 9.98773E-05 9.98773E-05 9.98773E-05 9.98773E-05 9.98773E-05 9.98773E-05
0.462731 0.108012 9.98858E-05 9.98858E-05 0.313988 9.98858E-05 9.98858E-05 9.98858E-05 9.98858E-05 9.98858E-05 9.98858E-05 9.98858E-05 0.11397 9.98858E-05 9.98858E-05 9.98858E-05 9.98858E-05
0.887978 9.98772E-05 9.98772E-05 9.98772E-05 9.98772E-05 9.98772E-05 9.98772E-05 0.0055366 9.98772E-05 9.98772E-05 9.98772E-05 9.98772E-05 0.105088 9.98772E-05 9.98772E-05 9.98772E-05 9.98772E-05
0.304488 9.98947E-05 0.044509 9.98947E-05 0.0179796 9.98947E-05 9.98947E-05 9.98947E-05 9.98947E-05 9.98947E-05 0.453808 9.98947E-05 0.178017 9.98947E-05 9.98947E-05 9.98947E-05 9.98947E-05
0.58576 9.98859E-05 9.98859E-05 9.98859E-05 0.0446705 9.98859E-05 9.98859E-05 9.98859E-05 9.98859E-05 9.98859E-05 0.356694 0.011577 9.98859E-05 9.98859E-05 9.98859E-05 9.98859E-05 9.98859E-05
0.542978 0.161938 0.101251 9.98946E-05 9.98946E-05 9.98946E-05 9.98946E-05 9.98946E-05 9.98946E-05 9.98946E-05 9.98946E-05 9.98946E-05 0.177581 9.98946E-05 9.98946E-05 9.98946E-05 0.0150525
0.62565 9.99035E-05 9.99035E-05 9.99035E-05 0.145772 0.0234956 9.99035E-05 9.99035E-05 9.99035E-05 0.0390743 0.0565595 9.99035E-05 0.10835 9.99035E-05 9.99035E-05 9.99035E-05 9.99035E-05
0.598156 0.0936437 9.98948E-05 9.98948E-05 0.0243234 9.98948E-05 9.98948E-05 9.98948E-05 9.98948E-05 9.98948E-05 9.98948E-05 9.98948E-05 0.159639 9.98948E-05 9.98948E-05 0.12304 9.98948E-05
0.369004 9.98947E-05 0.00826633 9.98947E-05 0.233226 9.98947E-05 9.98947E-05 9.98947E-05 9.98947E-05 9.98947E-05 9.98947E-05 9.98947E-05 0.285973 9.98947E-05 0.102333 9.98947E-05 9.98947E-05
0.596786 9.98771E-05 9.98771E-05 9.98771E-05 9.98771E-05 9.98771E-05 9.98771E-05 9.98771E-05 9.98771E-05 9.98771E-05 0.389221 9.98771E-05 9.98771E-05 9.98771E-05 9.98771E-05 9.98771E-05 0.0125939
0.724843 9.9877E-05 9.9877E-05 9.9877E-05 0.091261 9.9877E-05 9.9877E-05 9.9877E-05 9.9877E-05 9.9877E-05 9.9877E-05 9.9877E-05 9.9877E-05 0.182498 9.9877E-05 9.9877E-05 9.9877E-05
0.30214 9.98946E-05 9.98946E-05 9.98946E-05 0.00482465 9.98946E-05 9.98946E-05 9.98946E-05 9.98946E-05 9.98946E-05 0.512977 9.98946E-05 0.130813 9.98946E-05 9.98946E-05 9.98946E-05 0.0480464
0.692756 9.98948E-05 9.98948E-05 9.98948E-05 0.0807911 9.98948E-05 9.98948E-05 9.98948E-05 9.98948E-05 0.0343841 0.0951574 9.98948E-05 0.0957122 9.98948E-05 9.98948E-05 9.98948E-05 9.98948E-05
0.94775 9.98771E-05 9.98771E-05 0.0223697 9.98771E-05 9.98771E-05 9.98771E-05 9.98771E-05 9.98771E-05 9.98771E-05 9.98771E-05 9.98771E-05 0.0284819 9.98771E-05 9.98771E-05 9.98771E-05 9.98771E-05
0.853972 9.9877E-05 9.9877E-05 9.9877E-05 9.9877E-05 0.0365338 9.9877E-05 9.9877E-05 9.9877E-05 9.9877E-05 9.9877E-05 9.9877E-05 9.9877E-05 0.108096 9.9877E-05 9.9877E-05 9.9877E-05
0.557005 0.163962 9.98858E-05 9.98858E-05 0.11065 9.98858E-05 9.98858E-05 9.98858E-05 9.98858E-05 9.98858E-05 9.98858E-05 9.98858E-05 0.167084 9.98858E-05 9.98858E-05 9.98858E-05 9.98858E-05
0.794566 9.98858E-05 9.98858E-05 9.98858E-05 0.0540761 9.98858E-05 9.98858E-05 9.98858E-05 9.98858E-05 9.98858E-05 9.98858E-05 9.98858E-05 0.142133 9.98858E-05 9.98858E-05 9.98858E-05 0.00792622
0.929355 9.98946E-05 9.98946E-05 0.005798 0.0220987 9.98946E-05 9.98946E-05 9.98946E-05 9.98946E-05 0.0339342 9.98946E-05 9.98946E-05 9.98946E-05 9.98946E-05 9.98946E-05 9.98946E-05 0.00761571
0.758546 9.98859E-05 0.143378 9.98859E-05 0.0795811 9.98859E-05 9.98859E-05 9.98859E-05 9.98859E-05 0.0171967 9.98859E-05 9.98859E-05 9.98859E-05 9.98859E-05 9.98859E-05 9.98859E-05 9.98859E-05
0.652166 0.0205631 9.99035E-05 9.99035E-05 0.00480126 9.99035E-05 9.99035E-05 9.99035E-05 9.99035E-05 9.99035E-05 0.100509 9.99035E-05 0.167999 9.99035E-05 9.99035E-05 9.99035E-05 0.0528626
9.98593E-05 9.98593E-05 9.98593E-05 9.98593E-05 0.998402 9.98593E-05 9.98593E-05 9.98593E-05 9.98593E-05 9.98593E-05 9.98593E-05 9.98593E-05 9.98593E-05 9.98593E-05 9.98593E-05 9.98593E-05 9.98593E-05
9.98593E-05 9.98593E-05 9.98593E-05 9.98593E-05 9.98593E-05 9.98593E-05 9.98593E-05 9.98593E-05 9.98593E-05 9.98593E-05 9.98593E-05 9.98593E-05 0.998402 9.98593E-05 9.98593E-05 9.98593E-05 9.98593E-05
9.98592E-05 9.98592E-05 9.98592E-05 9.98592E-05 0.998402 9.98592E-05 9.98592E-05 9.98592E-05 9.98592E-05 9.98592E-05 9.98592E-05 9.98592E-05 9.98592E-05 9.98592E-05 9.98592E-05 9.98592E-05 9.98592E-05
9.98593E-05 9.98593E-05 9.98593E-05 9.98593E-05 9.98593E-05 9.98593E-05 9.98593E-05 9.98593E-05 9.98593E-05 9.98593E-05 9.98593E-05 9.98593E-05 0.998402 9.98593E-05 9.98593E-05 9.98593E-05 9.98593E-05
9.98592E-05 9.98592E-05 9.98592E-05 9.98592E-05 9.98592E-05 9.98592E-05 9.98592E-05 9.98592E-05 9.98592E-05 9.98592E-05 9.98592E-05 9.98592E-05 0.998402 9.98592E-05 9.98592E-05 9.98592E-05 9.98592E-05
9.98594E-05 9.98594E-05 9.98594E-05 9.98594E-05 9.98594E-05 9.98594E-05 9.98594E-05 9.98594E-05 9.98594E-05 9.98594E-05 9.98594E-05 9.98594E-05 0.998402 9.98594E-05 9.98594E-05 9.98594E-05 9.98594E-05
9.98592E-05 9.98592E-05 9.98592E-05 9.98592E-05 0.998402 9.98592E-05 9.98592E-05 9.98592E-05 9.98592E-05 9.98592E-05 9.98592E-05 9.98592E-05 9.98592E-05 9.98592E-05 9.98592E-05 9.98592E-05 9.98592E-05
9.98593E-05 9.98593E-05 9.98593E-05 9.98593E-05 9.98593E-05 9.98593E-05 9.98593E-05 9.98593E-05 9.98593E-05 9.98593E-05 9.98593E-05 9.98593E-05 0.998402 9.98593E-05 9.98593E-05 9.98593E-05 9.98593E-05
9.98593E-05 9.98593E-05 9.98593E-05 9.98593E-05 9.98593E-05 9.98593E-05 9.98593E-05 9.98593E-05 9.98593E-05 9.98593E-05 9.98593E-05 9.98593E-05 0.998402 9.98593E-05 9.98593E-05 9.98593E-05 9.98593E-05
9.98593E-05 9.98593E-05 9.98593E-05 9.98593E-05 0.998402 9.98593E-05 9.98593E-05 9.98593E-05 9.98593E-05 9.98593E-05 9.98593E-05 9.98593E-05 9.98593E-05 9.98593E-05 9.98593E-05 9.98593E-05 9.98593E-05
9.98593E-05 9.98593E-05 9.98593E-05 9.98593E-05 0.998402 9.98593E-05 9.98593E-05 9.98593E-05 9.98593E-05 9.98593E-05 9.98593E-05 9.98593E-05 9.98593E-05 9.98593E-05 9.98593E-05 9.98593E-05 9.98593E-05
9.98593E-05 9.98593E-05 9.98593E-05 9.98593E-05 0.998402 9.98593E-05 9.98593E-05 9.98593E-05 9.98593E-05 9.98593E-05 9.98593E-05 9.98593E-05 9.98593E-05 9.98593E-05 9.98593E-05 9.98593E-05 9.98593E-05
9.98593E-05 9.98593E-05 9.98593E-05 9.98593E-05 9.98593E-05 9.98593E-05 9.98593E-05 9.98593E-05 9.98593E-05 9.98593E-05 9.98593E-05 9.98593E-05 0.998402 9.98593E-05 9.98593E-05 9.98593E-05 9.98593E-05
9.98593E-05 9.98593E-05 9.98593E-05 9.98593E-05 9.98593E-05 9.98593E-05 9.98593E-05 9.98593E-05 9.98593E-05 9.98593E-05 9.98593E-05 9.98593E-05 0.998402 9.98593E-05 9.98593E-05 9.98593E-05 9.98593E-05
9.98593E-05 9.98593E-05 9.98593E-05 9.98593E-05 0.998402 9.98593E-05 9.98593E-05 9.98593E-05 9.98593E-05 9.98593E-05 9.98593E-05 9.98593E-05 9.98593E-05 9.98593E-05 9.98593E-05 9.98593E-05 9.98593E-05
9.98593E-05 9.98593E-05 9.98593E-05 9.98593E-05 0.998402 9.98593E-05 9.98593E-05 9.98593E-05 9.98593E-05 9.98593E-05 9.98593E-05 9.98593E-05 9.98593E-05 9.98593E-05 9.98593E-05 9.98593E-05 9.98593E-05
0.551836 9.98946E-05 9.98946E-05 9.98946E-05 0.0615315 9.98946E-05 9.98946E-05 0.280378 9.98946E-05 9.98946E-05 9.98946E-05 9.98946E-05 0.0701152 9.98946E-05 9.98946E-05 0.0349397 9.98946E-05
9.98592E-05 9.98592E-05 9.98592E-05 9.98592E-05 0.998402 9.98592E-05 9.98592E-05 9.98592E-05 9.98592E-05 9.98592E-05 9.98592E-05 9.98592E-05 9.98592E-05 9.98592E-05 9.98592E-05 9.98592E-05 9.98592E-05
9.98593E-05 9.98593E-05 9.98593E-05 9.98593E-05 9.98593E-05 9.98593E-05 9.98593E-05 9.98593E-05 9.98593E-05 9.98593E-05 9.98593E-05 9.98593E-05 0.998402 9.98593E-05 9.98593E-05 9.98593E-05 9.98593E-05
9.98592E-05 9.98592E-05 9.98592E-05 9.98592E-05 0.998402 9.98592E-05 9.98592E-05 9.98592E-05 9.98592E-05 9.98592E-05 9.98592E-05 9.98592E-05 9.98592E-05 9.98592E-05 9.98592E-05 9.98592E-05 9.98592E-05
9.98593E-05 9.98593E-05 9.98593E-05 9.98593E-05 0.998402 9.98593E-05 9.98593E-05 9.98593E-05 9.98593E-05 9.98593E-05 9.98593E-05 9.98593E-05 9.98593E-05 9.98593E-05 9.98593E-05 9.98593E-05 9.98593E-05
9.98593E-05 9.98593E-05 9.98593E-05 9.98593E-05 0.998402 9.98593E-05 9.98593E-05 9.98593E-05 9.98593E-05 9.98593E-05 9.98593E-05 9.98593E-05 9.98593E-05 9.98593E-05 9.98593E-05 9.98593E-05 9.98593E-05
9.98594E-05 9.98594E-05 9.98594E-05 9.98594E-05 9.98594E-05 9.98594E-05 9.98594E-05 9.98594E-05 9.98594E-05 9.98594E-05 9.98594E-05 9.98594E-05 0.998402 9.98594E-05 9.98594E-05 9.98594E-05 9.98594E-05
9.98593E-05 9.98593E-05 9.98593E-05 9.98593E-05 0.998402 9.98593E-05 9.98593E-05 9.98593E-05 9.98593E-05 9.98593E-05 9.98593E-05 9.98593E-05 9.98593E-05 9.98593E-05 9.98593E-05 9.98593E-05 9.98593E-05
9.98593E-05 9.98593E-05 9.98593E-05 9.98593E-05 9.98593E-05 9.98593E-05 9.98593E-05 9.98593E-05 9.98593E-05 9.98593E-05 9.98593E-05 9.98593E-05 0.998402 9.98593E-05 9.98593E-05 9.98593E-05 9.98593E-05
9.98593E-05 9.98593E-05 9.98593E-05 9.98593E-05 0.998402 9.98593E-05 9.98593E-05 9.98593E-05 9.98593E-05 9.98593E-05 9.98593E-05 9.98593E-05 9.98593E-05 9.98593E-05 9.98593E-05 9.98593E-05 9.98593E-05
9.98593E-05 9.98593E-05 9.98593E-05 9.98593E-05 0.998402 9.98593E-05 9.98593E-05 9.98593E-05 9.98593E-05 9.98593E-05 9.98593E-05 9.98593E-05 9.98593E-05 9.98593E-05 9.98593E-05 9.98593E-05 9.98593E-05
9.98593E-05 9.98593E-05 9.98593E-05 9.98593E-05 9.98593E-05 9.98593E-05 9.98593E-05 9.98593E-05 9.98593E-05 9.98593E-05 9.98593E-05 9.98593E-05 0.998402 9.98593E-05 9.98593E-05 9.98593E-05 9.98593E-05
9.98593E-05 9.98593E-05 9.98593E-05 9.98593E-05 9.98593E-05 9.98593E-05 9.98593E-05 9.98593E-05 9.98593E-05 9.98593E-05 9.98593E-05 9.98593E-05 0.998402 9.98593E-05 9.98593E-05 9.98593E-05 9.98593E-05
9.98593E-05 9.98593E-05 9.98593E-05 9.98593E-05 9.98593E-05 9.98593E-05 9.98593E-05 9.98593E-05 9.98593E-05 9.98593E-05 9.98593E-05 9.98593E-05 0.998402 9.98593E-05 9.98593E-05 9.98593E-05 9.98593E-05
9.98593E-05 9.98593E-05 9.98593E-05 9.98593E-05 0.998402 9.98593E-05 9.98593E-05 9.98593E-05 9.98593E-05 9.98593E-05 9.98593E-05 9.98593E-05 9.98593E-05 9.98593E-05 9.98593E-05 9.98593E-05 9.98593E-05
9.98594E-05 9.98594E-05 9.98594E-05 9.98594E-05 0.998402 9.98594E-05 9.98594E-05 9.98594E-05 9.98594E-05 9.98594E-05 9.98594E-05 9.98594E-05 9.98594E-05 9.98594E-05 9.98594E-05 9.98594E-05 9.98594E-05
9.98593E-05 9.98593E-05 9.98593E-05 9.98593E-05 0.998402 9.98593E-05 9.98593E-05 9.98593E-05 9.98593E-05 9.98593E-05 9.98593E-05 9.98593E-05 9.98593E-05 9.98593E-05 9.98593E-05 9.98593E-05 9.98593E-05
9.98593E-05 9.98593E-05 9.98593E-05 9.98593E-05 0.998402 9.98593E-05 9.98593E-05 9.98593E-05 9.98593E-05 9.98593E-05 9.98593E-05 9.98593E-05 9.98593E-05 9.98593E-05 9.98593E-05 9.98593E-05 9.98593E-05
9.98593E-05 9.98593E-05 9.98593E-05 9.98593E-05 0.998402 9.98593E-05 9.98593E-05 9.98593E-05 9.98593E-05 9.98593E-05 9.98593E-05 9.98593E-05 9.98593E-05 9.98593E-05 9.98593E-05 9.98593E-05 9.98593E-05
9.98594E-05 9.98594E-05 9.98594E-05 9.98594E-05 9.98594E-05 9.98594E-05 9.98594E-05 9.98594E-05 9.98594E-05 9.98594E-05 9.98594E-05 9.98594E-05 0.998402 9.98594E-05 9.98594E-05 9.98594E-05 9.98594E-05
9.98593E-05 9.98593E-05 9.98593E-05 9.98593E-05 9.98593E-05 9.98593E-05 9.98593E-05 9.98593E-05 9.98593E-05 9.98593E-05 9.98593E-05 9.98593E-05 0.998402 9.98593E-05 9.98593E-05 9.98593E-05 9.98593E-05
9.98595E-05 9.98595E-05 9.98595E-05 9.98595E-05 9.98595E-05 9.98595E-05 9.98595E-05 9.98595E-05 9.98595E-05 9.98595E-05 9.98595E-05 9.98595E-05 0.998402 9.98595E-05 9.98595E-05 9.98595E-05 9.98595E-05
9.98593E-05 9.98593E-05 9.98593E-05 9.98593E-05 0.998402 9.98593E-05 9.98593E-05 9.98593E-05 9.98593E-05 9.98593E-05 9.98593E-05 9.98593E-05 9.98593E-05 9.98593E-05 9.98593E-05 9.98593E-05 9.98593E-05
9.98594E-05 9.98594E-05 9.98594E-05 9.98594E-05 9.98594E-05 9.98594E-05 9.98594E-05 9.98594E-05 9.98594E-05 9.98594E-05 9.98594E-05 9.98594E-05 0.998402 9.98594E-05 9.98594E-05 9.98594E-05 9.98594E-05
9.98593E-05 9.98593E-05 9.98593E-05 9.98593E-05 9.98593E-05 9.98593E-05 9.98593E-05 9.98593E-05 9.98593E-05 9.98593E-05 9.98593E-05 9.98593E-05 0.998402 9.98593E-05 9.98593E-05 9.98593E-05 9.98593E-05
9.98593E-05 9.98593E-05 9.98593E-05 9.98593E-05 9.98593E-05 9.98593E-05 9.98593E-05 9.98593E-05 9.98593E-05 9.98593E-05 9.98593E-05 9.98593E-05 0.998402 9.98593E-05 9.98593E-05 9.98593E-05 9.98593E-05
9.98593E-05 9.98593E-05 9.98593E-05 9.98593E-05 9.98593E-05 9.98593E-05 9.98593E-05 9.98593E-05 9.98593E-05 9.98593E-05 9.98593E-05 9.98593E-05 0.998402 9.98593E-05 9.98593E-05 9.98593E-05 9.98593E-05
9.98592E-05 9.98592E-05 9.98592E-05 9.98592E-05 0.998402 9.98592E-05 9.98592E-05 9.98592E-05 9.98592E-05 9.98592E-05 9.98592E-05 9.98592E-05 9.98592E-05 9.98592E-05 9.98592E-05 9.98592E-05 9.98592E-05
9.98595E-05 9.98595E-05 9.98595E-05 9.98595E-05 9.98595E-05 9.98595E-05 9.98595E-05 9.98595E-05 9.98595E-05 9.98595E-05 9.98595E-05 9.98595E-05 0.998402 9.98595E-05 9.98595E-05 9.98595E-05 9.98595E-05
9.98593E-05 9.98593E-05 9.98593E-05 9.98593E-05 9.98593E-05 9.98593E-05 9.98593E-05 9.98593E-05 9.98593E-05 9.98593E-05 9.98593E-05 9.98593E-05 0.998402 9.98593E-05 9.98593E-05 9.98593E-05 9.98593E-05
0.550959 9.99033E-05 0.0416272 9.99033E-05 0.139666 9.99033E-05 9.99033E-05 0.170787 9.99033E-05 9.99033E-05 9.99033E-05 9.99033E-05 0.0352069 9.99033E-05 9.99033E-05 0.0606553 9.99033E-05
9.98594E-05 9.98594E-05 9.98594E-05 9.98594E-05 0.998402 9.98594E-05 9.98594E-05 9.98594E-05 9.98594E-05 9.98594E-05 9.98594E-05 9.98594E-05 9.98594E-05 9.98594E-05 9.98594E-05 9.98594E-05 9.98594E-05
9.98593E-05 9.98593E-05 9.98593E-05 9.98593E-05 9.98593E-05 9.98593E-05 9.98593E-05 9.98593E-05 9.98593E-05 9.98593E-05 9.98593E-05 9.98593E-05 0.998402 9.98593E-05 9.98593E-05 9.98593E-05 9.98593E-05
9.98594E-05 9.98594E-05 9.98594E-05 9.98594E-05 9.98594E-05 9.98594E-05 9.98594E-05 9.98594E-05 9.98594E-05 9.98594E-05 9.98594E-05 9.98594E-05 0.998402 9.98594E-05 9.98594E-05 9.98594E-05 9.98594E-05
9.98593E-05 9.98593E-05 9.98593E-05 9.98593E-05 9.98593E-05 9.98593E-05 9.98593E-05 9.98593E-05 9.98593E-05 9.98593E-05 9.98593E-05 9.98593E-05 0.998402 9.98593E-05 9.98593E-05 9.98593E-05 9.98593E-05
9.98593E-05 9.98593E-05 9.98593E-05 9.98593E-05 9.98593E-05 9.98593E-05 9.98593E-05 9.98593E-05 9.98593E-05 9.98593E-05 9.98593E-05 9.98593E-05 0.998402 9.98593E-05 9.98593E-05 9.98593E-05 9.98593E-05
9.98593E-05 9.98593E-05 9.98593E-05 9.98593E-05 0.998402 9.98593E-05 9.98593E-05 9.98593E-05 9.98593E-05 9.98593E-05 9.98593E-05 9.98593E-05 9.98593E-05 9.98593E-05 9.98593E-05 9.98593E-05 9.98593E-05
9.98682E-05 9.98682E-05 9.98682E-05 9.98682E-05 9.98682E-05 9.98682E-05 9.98682E-05 9.98682E-05 9.98682E-05 0.00319882 9.98682E-05 9.98682E-05 0.995303 9.98682E-05 9.98682E-05 9.98682E-05 9.98682E-05
9.98594E-05 9.98594E-05 9.98594E-05 9.98594E-05 0.998402 9.98594E-05 9.98594E-05 9.98594E-05 9.98594E-05 9.98594E-05 9.98594E-05 9.98594E-05 9.98594E-05 9.98594E-05 9.98594E-05 9.98594E-05 9.98594E-05
9.98593E-05 9.98593E-05 9.98593E-05 9.98593E-05 9.98593E-05 9.98593E-05 9.98593E-05 9.98593E-05 9.98593E-05 9.98593E-05 9.98593E-05 9.98593E-05 0.998402 9.98593E-05 9.98593E-05 9.98593E-05 9.98593E-05
9.98593E-05 9.98593E-05 9.98593E-05 9.98593E-05 0.998402 9.98593E-05 9.98593E-05 9.98593E-05 9.98593E-05 9.98593E-05 9.98593E-05 9.98593E-05 9.98593E-05 9.98593E-05 9.98593E-05 9.98593E-05 9.98593E-05
9.98593E-05 9.98593E-05 9.98593E-05 9.98593E-05 9.98593E-05 9.98593E-05 9.98593E-05 9.98593E-05 9.98593E-05 9.98593E-05 9.98593E-05 9.98593E-05 0.998402 9.98593E-05 9.98593E-05 9.98593E-05 9.98593E-05
9.98592E-05 9.98592E-05 9.98592E-05 9.98592E-05 9.98592E-05 9.98592E-05 9.98592E-05 9.98592E-05 9.98592E-05 9.98592E-05 9.98592E-05 9.98592E-05 0.998402 9.98592E-05 9.98592E-05 9.98592E-05 9.98592E-05
