9.98509E-05 9.98509E-05 9.98509E-05 0.00331968 9.98509E-05 0.144499 9.98509E-05 9.98509E-05 0.0182754 9.98509E-05 0.379188 9.98509E-05 0.00902691 9.98509E-05 9.98509E-05 9.98509E-05 9.98509E-05 9.98509E-05 0.261852 0.0527359 9.98509E-05 0.0871838 9.98509E-05 9.98509E-05 9.98509E-05 0.0422216
9.98157E-05 9.98157E-05 0.0100597 9.98157E-05 9.98157E-05 9.98157E-05 9.98157E-05 9.98157E-05 9.98157E-05 9.98157E-05 9.98157E-05 9.98157E-05 9.98157E-05 9.98157E-05 0.166366 9.98157E-05 0.0711234 9.98157E-05 0.67878 0.0715754 9.98157E-05 9.98157E-05 9.98157E-05 9.98157E-05 9.98157E-05 9.98157E-05
9.98071E-05 9.98071E-05 9.98071E-05 9.98071E-05 9.98071E-05 9.98071E-05 9.98071E-05 0.0292848 9.98071E-05 9.98071E-05 9.98071E-05 0.0115584 9.98071E-05 9.98071E-05 9.98071E-05 0.0200345 0.936927 9.98071E-05 9.98071E-05 9.98071E-05 9.98071E-05 9.98071E-05 9.98071E-05 9.98071E-05 9.98071E-05 9.98071E-05
0.0310961 9.98684E-05 9.98684E-05 0.137993 9.98684E-05 0.110191 9.98684E-05 0.0038388 0.0506515 9.98684E-05 0.063048 0.257977 9.98684E-05 9.98684E-05 9.98684E-05 0.0647665 9.98684E-05 9.98684E-05 0.22757 9.98684E-05 9.98684E-05 0.0186785 9.98684E-05 0.0326919 9.98684E-05 9.98684E-05
0.01447 9.98246E-05 0.117081 9.98246E-05 9.98246E-05 9.98246E-05 9.98246E-05 0.0314385 0.00844805 9.98246E-05 9.98246E-05 9.98246E-05 9.98246E-05 9.98246E-05 9.98246E-05 9.98246E-05 9.98246E-05 9.98246E-05 0.790967 0.035599 9.98246E-05 9.98246E-05 9.98246E-05 9.98246E-05 9.98246E-05 9.98246E-05
9.98334E-05 9.98334E-05 9.98334E-05 9.98334E-05 9.98334E-05 9.98334E-05 9.98334E-05 0.109976 0.115211 0.0940527 0.332675 9.98334E-05 9.98334E-05 9.98334E-05 9.98334E-05 0.119097 0.209315 9.98334E-05 9.98334E-05 0.0177766 9.98334E-05 9.98334E-05 9.98334E-05 9.98334E-05 9.98334E-05 9.98334E-05
9.98509E-05 9.98509E-05 0.051958 0.0279731 9.98509E-05 0.190334 9.98509E-05 9.98509E-05 9.98509E-05 9.98509E-05 0.261333 9.98509E-05 9.98509E-05 9.98509E-05 9.98509E-05 9.98509E-05 9.98509E-05 0.0917948 0.224481 0.0378337 0.0130089 9.98509E-05 9.98509E-05 9.98509E-05 0.0995859 9.98509E-05
0.0905738 9.98509E-05 9.98509E-05 9.98509E-05 9.98509E-05 0.140785 9.98509E-05 9.98509E-05 0.132686 9.98509E-05 0.271076 9.98509E-05 0.0914952 0.0509321 9.98509E-05 9.98509E-05 9.98509E-05 9.98509E-05 0.169948 9.98509E-05 9.98509E-05 9.98509E-05 0.000915385 9.98509E-05 9.98509E-05 0.0498913
0.0214025 9.98509E-05 9.98509E-05 9.98509E-05 9.98509E-05 0.025058 9.98509E-05 9.98509E-05 0.237609 9.98509E-05 0.0261737 9.98509E-05 0.000631997 9.98509E-05 9.98509E-05 0.00111021 0.307231 9.98509E-05 9.98509E-05 9.98509E-05 0.162795 0.216292 9.98509E-05 9.98509E-05 9.98509E-05 9.98509E-05
9.97982E-05 9.97982E-05 9.97982E-05 9.97982E-05 9.97982E-05 9.97982E-05 9.97982E-05 9.97982E-05 9.97982E-05 9.97982E-05 9.97982E-05 9.97982E-05 9.97982E-05 9.97982E-05 9.97982E-05 9.97982E-05 0.840407 9.97982E-05 0.115541 9.97982E-05 9.97982E-05 0.041756 9.97982E-05 9.97982E-05 9.97982E-05 9.97982E-05
9.98246E-05 9.98246E-05 9.98246E-05 0.0997652 9.98246E-05 0.0449031 9.98246E-05 9.98246E-05 9.98246E-05 9.98246E-05 0.330895 9.98246E-05 9.98246E-05 9.98246E-05 9.98246E-05 9.98246E-05 0.356878 9.98246E-05 0.117847 9.98246E-05 9.98246E-05 0.0477146 9.98246E-05 9.98246E-05 9.98246E-05 9.98246E-05
9.97984E-05 9.97984E-05 9.97984E-05 0.0630374 9.97984E-05 9.97984E-05 9.97984E-05 9.97984E-05 9.97984E-05 0.00260007 9.97984E-05 9.97984E-05 9.97984E-05 9.97984E-05 9.97984E-05 9.97984E-05 0.932067 9.97984E-05 9.97984E-05 9.97984E-05 9.97984E-05 9.97984E-05 9.97984E-05 9.97984E-05 9.97984E-05 9.97984E-05
9.98158E-05 9.98158E-05 0.00752336 9.98158E-05 9.98158E-05 0.0680298 9.98158E-05 9.98158E-05 0.000493574 9.98158E-05 9.98158E-05 9.98158E-05 9.98158E-05 9.98158E-05 9.98158E-05 9.98158E-05 9.98158E-05 9.98158E-05 0.858075 9.98158E-05 9.98158E-05 0.0637821 9.98158E-05 9.98158E-05 9.98158E-05 9.98158E-05
9.98159E-05 9.98159E-05 9.98159E-05 9.98159E-05 9.98159E-05 9.98159E-05 0.0755937 0.0625921 9.98159E-05 9.98159E-05 9.98159E-05 9.98159E-05 9.98159E-05 0.0776731 9.98159E-05 9.98159E-05 9.98159E-05 9.98159E-05 0.751214 9.98159E-05 9.98159E-05 0.0308309 9.98159E-05 9.98159E-05 9.98159E-05 9.98159E-05
9.98508E-05 9.98508E-05 9.98508E-05 9.98508E-05 0.104184 9.98508E-05 9.98508E-05 9.98508E-05 0.109917 0.0125168 0.187415 9.98508E-05 9.98508E-05 9.98508E-05 9.98508E-05 0.114962 0.356911 9.98508E-05 9.98508E-05 9.98508E-05 0.0375625 0.0684646 9.98508E-05 9.98508E-05 0.00636987 9.98508E-05
9.98683E-05 9.98683E-05 9.98683E-05 9.98683E-05 9.98683E-05 0.0491722 9.98683E-05 9.98683E-05 0.198875 0.0469774 0.283996 0.00706231 9.98683E-05 0.0523204 9.98683E-05 0.0130892 0.00747651 9.98683E-05 0.174959 9.98683E-05 9.98683E-05 0.0315305 0.133043 9.98683E-05 9.98683E-05 9.98683E-05
9.98509E-05 9.98509E-05 9.98509E-05 0.0574579 0.176515 0.0380668 9.98509E-05 9.98509E-05 9.98509E-05 9.98509E-05 9.98509E-05 9.98509E-05 9.98509E-05 0.00669 9.98509E-05 9.98509E-05 0.192731 9.98509E-05 0.364595 9.98509E-05 9.98509E-05 0.0582484 9.98509E-05 9.98509E-05 0.0837745 0.0202248
9.98246E-05 0.0964675 9.98246E-05 9.98246E-05 9.98246E-05 0.0922595 9.98246E-05 9.98246E-05 9.98246E-05 9.98246E-05 0.561351 9.98246E-05 9.98246E-05 9.98246E-05 9.98246E-05 9.98246E-05 9.98246E-05 9.98246E-05 0.0825609 9.98246E-05 9.98246E-05 0.0552953 9.98246E-05 0.110069 9.98246E-05 9.98246E-05
9.98332E-05 9.98332E-05 9.98332E-05 0.011775 9.98332E-05 0.136645 9.98332E-05 9.98332E-05 0.0778577 0.249534 0.0116791 9.98332E-05 9.98332E-05 9.98332E-05 9.98332E-05 9.98332E-05 0.382008 9.98332E-05 9.98332E-05 9.98332E-05 9.98332E-05 0.128604 9.98332E-05 9.98332E-05 9.98332E-05 9.98332E-05
9.9807E-05 0.0595308 9.9807E-05 9.9807E-05 9.9807E-05 9.9807E-05 9.9807E-05 9.9807E-05 0.00406889 9.9807E-05 9.9807E-05 9.9807E-05 9.9807E-05 9.9807E-05 9.9807E-05 9.9807E-05 0.240847 9.9807E-05 0.693357 9.9807E-05 9.9807E-05 9.9807E-05 9.9807E-05 9.9807E-05 9.9807E-05 9.9807E-05
0.150366 9.98597E-05 9.98597E-05 0.0457099 9.98597E-05 9.98597E-05 9.98597E-05 9.98597E-05 0.0543801 9.98597E-05 0.0565449 0.0455968 9.98597E-05 0.148835 9.98597E-05 0.0436313 0.0420289 9.98597E-05 0.402678 9.98597E-05 9.98597E-05 0.00863163 9.98597E-05 9.98597E-05 9.98597E-05 9.98597E-05
9.98422E-05 9.98422E-05 0.024302 9.98422E-05 9.98422E-05 0.373961 9.98422E-05 0.0695595 0.0703759 0.0807131 9.98422E-05 9.98422E-05 0.00998477 9.98422E-05 9.98422E-05 0.054222 0.315084 9.98422E-05 9.98422E-05 9.98422E-05 9.98422E-05 9.98422E-05 9.98422E-05 9.98422E-05 9.98422E-05 9.98422E-05
9.98072E-05 9.98072E-05 9.98072E-05 0.018021 9.98072E-05 9.98072E-05 9.98072E-05 9.98072E-05 9.98072E-05 9.98072E-05 0.394403 9.98072E-05 9.98072E-05 9.98072E-05 9.98072E-05 9.98072E-05 9.98072E-05 9.98072E-05 0.545709 9.98072E-05 9.98072E-05 0.0396714 9.98072E-05 9.98072E-05 9.98072E-05 9.98072E-05
9.98333E-05 9.98333E-05 9.98333E-05 9.98333E-05 9.98333E-05 0.178874 9.98333E-05 9.98333E-05 9.98333E-05 9.98333E-05 0.0846489 9.98333E-05 9.98333E-05 9.98333E-05 9.98333E-05 9.98333E-05 9.98333E-05 9.98333E-05 0.40104 9.98333E-05 0.108628 0.168803 0.0422374 9.98333E-05 9.98333E-05 0.0138718
9.98508E-05 0.0558288 9.98508E-05 0.00123322 9.98508E-05 0.0850283 9.98508E-05 9.98508E-05 0.0320192 9.98508E-05 9.98508E-05 0.117918 9.98508E-05 9.98508E-05 9.98508E-05 0.162949 0.186409 9.98508E-05 0.116817 9.98508E-05 9.98508E-05 0.240099 9.98508E-05 9.98508E-05 9.98508E-05 9.98508E-05
9.98334E-05 9.98334E-05 9.98334E-05 9.98334E-05 9.98334E-05 0.0344019 9.98334E-05 9.98334E-05 9.98334E-05 9.98334E-05 0.015443 0.131798 9.98334E-05 9.98334E-05 9.98334E-05 0.0381087 0.25 9.98334E-05 0.449469 9.98334E-05 9.98334E-05 0.0788828 9.98334E-05 9.98334E-05 9.98334E-05 9.98334E-05
9.9842E-05 9.9842E-05 0.300737 9.9842E-05 9.9842E-05 0.254934 9.9842E-05 9.9842E-05 9.9842E-05 9.9842E-05 9.9842E-05 9.9842E-05 9.9842E-05 0.0501721 9.9842E-05 0.297395 9.9842E-05 9.9842E-05 9.9842E-05 9.9842E-05 9.9842E-05 0.00530572 0.00342896 0.0780009 0.00822892 9.9842E-05
9.9816E-05 9.9816E-05 9.9816E-05 9.9816E-05 9.9816E-05 0.0530026 9.9816E-05 9.9816E-05 9.9816E-05 9.9816E-05 9.9816E-05 0.0511322 9.9816E-05 9.9816E-05 9.9816E-05 9.9816E-05 0.529818 9.9816E-05 0.293178 9.9816E-05 9.9816E-05 0.0707731 9.9816E-05 9.9816E-05 9.9816E-05 9.9816E-05
9.98339E-05 0.0197977 9.98339E-05 9.98339E-05 9.98339E-05 9.98339E-05 9.98339E-05 9.98339E-05 9.98339E-05 9.98339E-05 9.98339E-05 0.0577433 9.98339E-05 9.98339E-05 0.0148847 0.180107 0.696367 9.98339E-05 9.98339E-05 9.98339E-05 0.0204172 0.00878563 9.98339E-05 9.98339E-05 9.98339E-05 9.98339E-05
9.98159E-05 9.98159E-05 9.98159E-05 9.98159E-05 0.13732 9.98159E-05 9.98159E-05 9.98159E-05 9.98159E-05 9.98159E-05 9.98159E-05 9.98159E-05 9.98159E-05 9.98159E-05 0.0865199 9.98159E-05 0.740292 9.98159E-05 9.98159E-05 9.98159E-05 9.98159E-05 0.00332204 9.98159E-05 9.98159E-05 9.98159E-05 0.0304493
9.98158E-05 9.98158E-05 9.98158E-05 0.0495204 9.98158E-05 9.98158E-05 9.98158E-05 9.98158E-05 0.00544548 0.0413793 0.116991 9.98158E-05 9.98158E-05 9.98158E-05 9.98158E-05 9.98158E-05 0.784568 9.98158E-05 9.98158E-05 9.98158E-05 9.98158E-05 9.98158E-05 9.98158E-05 9.98158E-05 9.98158E-05 9.98158E-05
9.98422E-05 9.98422E-05 9.98422E-05 0.0400291 9.98422E-05 0.00333447 9.98422E-05 9.98422E-05 9.98422E-05 0.0632028 0.156368 0.0494175 9.98422E-05 9.98422E-05 9.98422E-05 0.156737 9.98422E-05 9.98422E-05 0.488161 9.98422E-05 9.98422E-05 0.0409529 9.98422E-05 9.98422E-05 9.98422E-05 9.98422E-05
9.98508E-05 9.98508E-05 9.98508E-05 0.0793956 9.98508E-05 0.0799999 9.98508E-05 9.98508E-05 9.98508E-05 9.98508E-05 0.164139 9.98508E-05 9.98508E-05 0.0178827 9.98508E-05 0.00436701 0.291764 0.000284908 0.212004 9.98508E-05 9.98508E-05 0.148466 9.98508E-05 9.98508E-05 9.98508E-05 9.98508E-05
9.98421E-05 9.98421E-05 9.98421E-05 0.00888503 9.98421E-05 0.110627 0.120131 9.98421E-05 9.98421E-05 9.98421E-05 9.98421E-05 9.98421E-05 9.98421E-05 0.0902327 9.98421E-05 0.131046 0.425239 9.98421E-05 9.98421E-05 9.98421E-05 9.98421E-05 0.0967691 9.98421E-05 0.0152734 9.98421E-05 9.98421E-05
9.9816E-05 0.0219704 9.9816E-05 0.0171154 9.9816E-05 9.9816E-05 9.9816E-05 9.9816E-05 9.9816E-05 0.0304191 9.9816E-05 9.9816E-05 9.9816E-05 9.9816E-05 9.9816E-05 9.9816E-05 0.881008 9.9816E-05 9.9816E-05 0.0473913 9.9816E-05 9.9816E-05 9.9816E-05 9.9816E-05 9.9816E-05 9.9816E-05
9.9851E-05 9.9851E-05 0.0103657 9.9851E-05 9.9851E-05 0.06069 9.9851E-05 9.9851E-05 9.9851E-05 9.9851E-05 0.0575108 0.100551 9.9851E-05 9.9851E-05 9.9851E-05 9.9851E-05 0.458702 9.9851E-05 0.173791 9.9851E-05 9.9851E-05 0.0747105 9.9851E-05 9.9851E-05 0.0530672 0.00891394
9.98159E-05 9.98159E-05 9.98159E-05 9.98159E-05 9.98159E-05 9.98159E-05 9.98159E-05 9.98159E-05 9.98159E-05 0.0973455 9.98159E-05 9.98159E-05 9.98159E-05 9.98159E-05 0.0672101 9.98159E-05 0.122831 0.00949364 0.701024 9.98159E-05 9.98159E-05 9.98159E-05 9.98159E-05 9.98159E-05 9.98159E-05 9.98159E-05
9.98334E-05 0.0620082 9.98334E-05 9.98334E-05 9.98334E-05 9.98334E-05 9.98334E-05 9.98334E-05 0.116855 9.98334E-05 9.98334E-05 0.0305956 9.98334E-05 9.98334E-05 0.0599226 9.98334E-05 9.98334E-05 9.98334E-05 0.63223 0.0520971 9.98334E-05 0.0443948 9.98334E-05 9.98334E-05 9.98334E-05 9.98334E-05
9.98421E-05 9.98421E-05 9.98421E-05 9.98421E-05 0.0981948 0.0210066 9.98421E-05 0.0854961 0.0368049 9.98421E-05 9.98421E-05 9.98421E-05 9.98421E-05 0.0255725 9.98421E-05 9.98421E-05 0.636989 9.98421E-05 9.98421E-05 0.00254837 9.98421E-05 0.0915908 9.98421E-05 9.98421E-05 9.98421E-05 9.98421E-05
9.98509E-05 9.98509E-05 9.98509E-05 0.0307182 9.98509E-05 9.98509E-05 0.0405499 9.98509E-05 9.98509E-05 0.11084 9.98509E-05 9.98509E-05 9.98509E-05 0.0266176 9.98509E-05 0.0450513 0.377246 0.018817 0.233251 9.98509E-05 9.98509E-05 0.115212 9.98509E-05 9.98509E-05 9.98509E-05 9.98509E-05
9.98157E-05 9.98157E-05 9.98157E-05 0.0252728 9.98157E-05 0.0666125 9.98157E-05 9.98157E-05 0.0174185 9.98157E-05 9.98157E-05 0.0551626 9.98157E-05 9.98157E-05 9.98157E-05 9.98157E-05 0.833438 9.98157E-05 9.98157E-05 9.98157E-05 9.98157E-05 9.98157E-05 9.98157E-05 9.98157E-05 9.98157E-05 9.98157E-05
9.9807E-05 9.9807E-05 0.155936 9.9807E-05 9.9807E-05 0.102927 9.9807E-05 9.9807E-05 9.9807E-05 9.9807E-05 9.9807E-05 9.9807E-05 9.9807E-05 9.9807E-05 9.9807E-05 9.9807E-05 0.721399 9.9807E-05 9.9807E-05 9.9807E-05 9.9807E-05 0.0175421 9.9807E-05 9.9807E-05 9.9807E-05 9.9807E-05
9.98071E-05 9.98071E-05 0.0807959 9.98071E-05 9.98071E-05 9.98071E-05 0.0547481 9.98071E-05 9.98071E-05 0.00477054 9.98071E-05 9.98071E-05 9.98071E-05 9.98071E-05 9.98071E-05 9.98071E-05 9.98071E-05 9.98071E-05 0.85749 9.98071E-05 9.98071E-05 9.98071E-05 9.98071E-05 9.98071E-05 9.98071E-05 9.98071E-05
9.98509E-05 9.98509E-05 9.98509E-05 0.0454516 9.98509E-05 0.145299 9.98509E-05 9.98509E-05 0.133215 9.98509E-05 9.98509E-05 9.98509E-05 0.0118304 9.98509E-05 0.0999052 9.98509E-05 0.412136 9.98509E-05 9.98509E-05 0.00702418 0.0398026 0.103639 9.98509E-05 9.98509E-05 9.98509E-05 9.98509E-05
9.98247E-05 9.98247E-05 9.98247E-05 9.98247E-05 9.98247E-05 0.26598 9.98247E-05 0.0580624 9.98247E-05 9.98247E-05 9.98247E-05 9.98247E-05 9.98247E-05 9.98247E-05 9.98247E-05 9.98247E-05 0.146151 9.98247E-05 0.0864228 9.98247E-05 9.98247E-05 0.190148 9.98247E-05 9.98247E-05 0.251239 9.98247E-05
0.0391716 0.048199 0.00291936 9.98332E-05 9.98332E-05 0.00875945 9.98332E-05 9.98332E-05 9.98332E-05 9.98332E-05 9.98332E-05 0.010229 9.98332E-05 9.98332E-05 9.98332E-05 9.98332E-05 0.880236 9.98332E-05 9.98332E-05 9.98332E-05 9.98332E-05 0.0085888 9.98332E-05 9.98332E-05 9.98332E-05 9.98332E-05
9.98068E-05 9.98068E-05 9.98068E-05 9.98068E-05 9.98068E-05 9.98068E-05 9.98068E-05 9.98068E-05 9.98068E-05 9.98068E-05 9.98068E-05 0.00431743 9.98068E-05 9.98068E-05 9.98068E-05 9.98068E-05 9.98068E-05 9.98068E-05 0.948917 9.98068E-05 9.98068E-05 0.0302339 9.98068E-05 0.0143359 9.98068E-05 9.98068E-05
9.97897E-05 9.97897E-05 9.97897E-05 9.97897E-05 9.97897E-05 9.97897E-05 9.97897E-05 9.97897E-05 9.97897E-05 9.97897E-05 9.97897E-05 9.97897E-05 9.97897E-05 9.97897E-05 0.0108812 9.97897E-05 0.986724 9.97897E-05 9.97897E-05 9.97897E-05 9.97897E-05 9.97897E-05 9.97897E-05 9.97897E-05 9.97897E-05 9.97897E-05
9.9842E-05 9.9842E-05 9.9842E-05 9.9842E-05 9.9842E-05 0.0766644 9.9842E-05 9.9842E-05 9.9842E-05 9.9842E-05 0.0370864 0.0030604 9.9842E-05 0.0771201 9.9842E-05 9.9842E-05 0.395276 9.9842E-05 0.255574 9.9842E-05 9.9842E-05 0.132141 9.9842E-05 9.9842E-05 9.9842E-05 0.0212804
9.98249E-05 9.98249E-05 9.98249E-05 9.98249E-05 9.98249E-05 9.98249E-05 9.98249E-05 0.0261974 9.98249E-05 0.0825065 9.98249E-05 9.98249E-05 9.98249E-05 9.98249E-05 0.015745 0.0227772 9.98249E-05 0.101354 0.749424 9.98249E-05 9.98249E-05 9.98249E-05 9.98249E-05 9.98249E-05 9.98249E-05 9.98249E-05
0.152546 9.98683E-05 0.0173622 0.069445 9.98683E-05 9.98683E-05 9.98683E-05 9.98683E-05 0.00812307 9.98683E-05 0.211377 0.011 9.98683E-05 9.98683E-05 9.98683E-05 0.0406475 9.98683E-05 9.98683E-05 0.283334 9.98683E-05 9.98683E-05 0.142123 0.0475577 9.98683E-05 0.0149863 9.98683E-05
9.98421E-05 0.0288578 9.98421E-05 9.98421E-05 9.98421E-05 0.112518 9.98421E-05 0.0441512 0.0267542 9.98421E-05 9.98421E-05 9.98421E-05 9.98421E-05 0.0615772 9.98421E-05 0.0111451 9.98421E-05 9.98421E-05 0.685356 9.98421E-05 0.0278433 9.98421E-05 9.98421E-05 9.98421E-05 9.98421E-05 9.98421E-05
9.97897E-05 9.97897E-05 9.97897E-05 9.97897E-05 9.97897E-05 9.97897E-05 9.97897E-05 9.97897E-05 9.97897E-05 9.97897E-05 9.97897E-05 9.97897E-05 9.97897E-05 9.97897E-05 9.97897E-05 9.97897E-05 0.987638 9.97897E-05 9.97897E-05 9.97897E-05 9.97897E-05 9.97897E-05 9.97897E-05 0.00996742 9.97897E-05 9.97897E-05
9.98422E-05 9.98422E-05 9.98422E-05 9.98422E-05 9.98422E-05 9.98422E-05 9.98422E-05 0.0603323 9.98422E-05 9.98422E-05 9.98422E-05 9.98422E-05 9.98422E-05 0.0783615 0.0971167 9.98422E-05 9.98422E-05 0.0225079 0.638221 9.98422E-05 9.98422E-05 0.0350694 0.0507759 0.0158185 9.98422E-05 9.98422E-05
9.98161E-05 9.98161E-05 9.98161E-05 9.98161E-05 9.98161E-05 9.98161E-05 9.98161E-05 0.0545945 9.98161E-05 0.0510266 9.98161E-05 9.98161E-05 9.98161E-05 9.98161E-05 9.98161E-05 9.98161E-05 0.838314 9.98161E-05 9.98161E-05 9.98161E-05 9.98161E-05 0.0309158 9.98161E-05 9.98161E-05 0.0230535 9.98161E-05
9.9816E-05 0.0347562 9.9816E-05 9.9816E-05 9.9816E-05 9.9816E-05 9.9816E-05 0.0150139 9.9816E-05 9.9816E-05 9.9816E-05 9.9816E-05 9.9816E-05 9.9816E-05 0.0560407 0.0933048 0.798788 9.9816E-05 9.9816E-05 9.9816E-05 9.9816E-05 9.9816E-05 9.9816E-05 9.9816E-05 9.9816E-05 9.9816E-05
9.98333E-05 9.98333E-05 9.98333E-05 9.98333E-05 9.98333E-05 0.0597705 9.98333E-05 9.98333E-05 9.98333E-05 0.00763984 9.98333E-05 9.98333E-05 9.98333E-05 9.98333E-05 9.98333E-05 9.98333E-05 0.766383 9.98333E-05 0.0319553 0.0231657 9.98333E-05 0.0462543 9.98333E-05 0.0629343 9.98333E-05 9.98333E-05
9.98071E-05 9.98071E-05 9.98071E-05 9.98071E-05 9.98071E-05 9.98071E-05 9.98071E-05 9.98071E-05 9.98071E-05 9.98071E-05 0.0388638 9.98071E-05 9.98071E-05 9.98071E-05 9.98071E-05 9.98071E-05 9.98071E-05 9.98071E-05 0.788141 9.98071E-05 9.98071E-05 0.00629228 9.98071E-05 9.98071E-05 0.164507 9.98071E-05
9.98158E-05 9.98158E-05 0.0762643 9.98158E-05 9.98158E-05 9.98158E-05 9.98158E-05 9.98158E-05 0.0128471 9.98158E-05 9.98158E-05 9.98158E-05 0.0186211 9.98158E-05 9.98158E-05 9.98158E-05 9.98158E-05 0.0846745 0.805497 9.98158E-05 9.98158E-05 9.98158E-05 9.98158E-05 9.98158E-05 9.98158E-05 9.98158E-05
9.9807E-05 9.9807E-05 9.9807E-05 9.9807E-05 9.9807E-05 9.9807E-05 9.9807E-05 9.9807E-05 0.0315097 9.9807E-05 0.853402 9.9807E-05 0.000276885 9.9807E-05 9.9807E-05 9.9807E-05 9.9807E-05 9.9807E-05 9.9807E-05 9.9807E-05 9.9807E-05 0.112616 9.9807E-05 9.9807E-05 9.9807E-05 9.9807E-05
9.97983E-05 9.97983E-05 9.97983E-05 9.97983E-05 9.97983E-05 9.97983E-05 9.97983E-05 9.97983E-05 9.97983E-05 9.97983E-05 9.97983E-05 0.0577656 0.0428864 9.97983E-05 0.897053 9.97983E-05 9.97983E-05 9.97983E-05 9.97983E-05 9.97983E-05 9.97983E-05 9.97983E-05 9.97983E-05 9.97983E-05 9.97983E-05 9.97983E-05
9.97981E-05 9.97981E-05 9.97981E-05 9.97981E-05 9.97981E-05 9.97981E-05 9.97981E-05 9.97981E-05 9.97981E-05 9.97981E-05 0.123759 9.97981E-05 9.97981E-05 9.97981E-05 0.805628 9.97981E-05 9.97981E-05 9.97981E-05 9.97981E-05 9.97981E-05 9.97981E-05 9.97981E-05 9.97981E-05 0.0683177 9.97981E-05 9.97981E-05
9.98158E-05 9.98158E-05 9.98158E-05 9.98158E-05 9.98158E-05 9.98158E-05 9.98158E-05 9.98158E-05 0.0717847 9.98158E-05 0.472903 9.98158E-05 9.98158E-05 9.98158E-05 9.98158E-05 0.148695 9.98158E-05 0.0584083 9.98158E-05 0.246113 9.98158E-05 9.98158E-05 9.98158E-05 9.98158E-05 9.98158E-05 9.98158E-05
9.98243E-05 0.0417109 9.98243E-05 9.98243E-05 9.98243E-05 0.00759628 9.98243E-05 0.0377914 0.0295459 9.98243E-05 0.860413 9.98243E-05 9.98243E-05 9.98243E-05 9.98243E-05 9.98243E-05 9.98243E-05 0.0209459 9.98243E-05 9.98243E-05 9.98243E-05 9.98243E-05 9.98243E-05 9.98243E-05 9.98243E-05 9.98243E-05
9.97978E-05 9.97978E-05 9.97978E-05 9.97978E-05 9.97978E-05 0.0238508 9.97978E-05 9.97978E-05 9.97978E-05 9.97978E-05 0.890906 9.97978E-05 9.97978E-05 9.97978E-05 9.97978E-05 9.97978E-05 9.97978E-05 9.97978E-05 9.97978E-05 9.97978E-05 9.97978E-05 0.0829475 9.97978E-05 9.97978E-05 9.97978E-05 9.97978E-05
9.97981E-05 9.97981E-05 9.97981E-05 9.97981E-05 9.97981E-05 9.97981E-05 9.97981E-05 9.97981E-05 9.97981E-05 9.97981E-05 0.659972 9.97981E-05 9.97981E-05 9.97981E-05 9.97981E-05 9.97981E-05 9.97981E-05 9.97981E-05 9.97981E-05 0.251162 9.97981E-05 0.0865714 9.97981E-05 9.97981E-05 9.97981E-05 9.97981E-05
9.98243E-05 9.98243E-05 9.98243E-05 9.98243E-05 9.98243E-05 9.98243E-05 9.98243E-05 9.98243E-05 0.0193803 9.98243E-05 0.770395 9.98243E-05 9.98243E-05 9.98243E-05 9.98243E-05 9.98243E-05 9.98243E-05 0.0377754 9.98243E-05 0.0584089 9.98243E-05 0.0499814 9.98243E-05 0.0620622 9.98243E-05 9.98243E-05
9.97983E-05 9.97983E-05 9.97983E-05 9.97983E-05 9.97983E-05 9.97983E-05 9.97983E-05 9.97983E-05 9.97983E-05 9.97983E-05 0.515175 9.97983E-05 9.97983E-05 9.97983E-05 0.423951 9.97983E-05 9.97983E-05 9.97983E-05 9.97983E-05 0.0585786 9.97983E-05 9.97983E-05 9.97983E-05 9.97983E-05 9.97983E-05 9.97983E-05
9.97896E-05 9.97896E-05 9.97896E-05 0.011716 9.97896E-05 9.97896E-05 9.97896E-05 9.97896E-05 9.97896E-05 9.97896E-05 0.985889 9.97896E-05 9.97896E-05 9.97896E-05 9.97896E-05 9.97896E-05 9.97896E-05 9.97896E-05 9.97896E-05 9.97896E-05 9.97896E-05 9.97896E-05 9.97896E-05 9.97896E-05 9.97896E-05 9.97896E-05
9.98067E-05 9.98067E-05 9.98067E-05 0.0986234 9.98067E-05 9.98067E-05 9.98067E-05 9.98067E-05 0.0179675 9.98067E-05 0.66103 9.98067E-05 9.98067E-05 9.98067E-05 9.98067E-05 9.98067E-05 9.98067E-05 9.98067E-05 9.98067E-05 9.98067E-05 9.98067E-05 0.220184 9.98067E-05 9.98067E-05 9.98067E-05 9.98067E-05
9.98682E-05 9.98682E-05 9.98682E-05 0.0333625 9.98682E-05 0.100329 9.98682E-05 0.0350423 9.98682E-05 0.00296763 0.586092 0.00863409 9.98682E-05 0.108974 9.98682E-05 9.98682E-05 9.98682E-05 0.0160944 9.98682E-05 0.0582558 9.98682E-05 0.037536 9.98682E-05 9.98682E-05 9.98682E-05 0.0112134
0.152335 9.98155E-05 9.98155E-05 0.0619881 9.98155E-05 9.98155E-05 9.98155E-05 9.98155E-05 0.111642 9.98155E-05 0.62763 9.98155E-05 9.98155E-05 0.0443093 9.98155E-05 9.98155E-05 9.98155E-05 9.98155E-05 9.98155E-05 9.98155E-05 9.98155E-05 9.98155E-05 9.98155E-05 9.98155E-05 9.98155E-05 9.98155E-05
9.98244E-05 9.98244E-05 9.98244E-05 9.98244E-05 9.98244E-05 0.186793 9.98244E-05 0.0058588 9.98244E-05 9.98244E-05 0.62211 9.98244E-05 9.98244E-05 9.98244E-05 9.98244E-05 9.98244E-05 9.98244E-05 0.053499 9.98244E-05 0.0354665 9.98244E-05 0.0942766 9.98244E-05 9.98244E-05 9.98244E-05 9.98244E-05
9.98248E-05 9.98248E-05 0.105682 0.0279052 9.98248E-05 9.98248E-05 9.98248E-05 9.98248E-05 9.98248E-05 9.98248E-05 0.421593 9.98248E-05 9.98248E-05 9.98248E-05 0.399315 0.0357625 9.98248E-05 0.00774504 9.98248E-05 9.98248E-05 9.98248E-05 9.98248E-05 9.98248E-05 9.98248E-05 9.98248E-05 9.98248E-05
9.97898E-05 9.97898E-05 9.97898E-05 9.97898E-05 9.97898E-05 9.97898E-05 0.000713691 9.97898E-05 9.97898E-05 9.97898E-05 0.996891 9.97898E-05 9.97898E-05 9.97898E-05 9.97898E-05 9.97898E-05 9.97898E-05 9.97898E-05 9.97898E-05 9.97898E-05 9.97898E-05 9.97898E-05 9.97898E-05 9.97898E-05 9.97898E-05 9.97898E-05
9.97891E-05 9.97891E-05 9.97891E-05 9.97891E-05 9.97891E-05 9.97891E-05 9.97891E-05 9.97891E-05 9.97891E-05 9.97891E-05 0.847505 9.97891E-05 0.1501 9.97891E-05 9.97891E-05 9.97891E-05 9.97891E-05 9.97891E-05 9.97891E-05 9.97891E-05 9.97891E-05 9.97891E-05 9.97891E-05 9.97891E-05 9.97891E-05 9.97891E-05
9.98243E-05 9.98243E-05 9.98243E-05 0.00456424 9.98243E-05 0.0604602 9.98243E-05 9.98243E-05 0.00869885 9.98243E-05 0.801838 0.0280175 9.98243E-05 9.98243E-05 9.98243E-05 9.98243E-05 9.98243E-05 9.98243E-05 9.98243E-05 9.98243E-05 9.98243E-05 9.98243E-05 9.98243E-05 9.98243E-05 9.98243E-05 0.0944248
9.97983E-05 9.97983E-05 9.97983E-05 9.97983E-05 9.97983E-05 9.97983E-05 9.97983E-05 9.97983E-05 9.97983E-05 0.026472 0.946696 9.97983E-05 9.97983E-05 9.97983E-05 9.97983E-05 9.97983E-05 9.97983E-05 9.97983E-05 9.97983E-05 9.97983E-05 9.97983E-05 9.97983E-05 9.97983E-05 0.0245367 9.97983E-05 9.97983E-05
9.98067E-05 9.98067E-05 0.0403764 9.98067E-05 9.98067E-05 9.98067E-05 9.98067E-05 9.98067E-05 9.98067E-05 9.98067E-05 0.717072 9.98067E-05 9.98067E-05 9.98067E-05 9.98067E-05 9.98067E-05 9.98067E-05 9.98067E-05 9.98067E-05 9.98067E-05 9.98067E-05 0.134045 0.106311 9.98067E-05 9.98067E-05 9.98067E-05
9.97809E-05 9.97809E-05 9.97809E-05 9.97809E-05 9.97809E-05 9.97809E-05 9.97809E-05 9.97809E-05 9.97809E-05 9.97809E-05 9.97809E-05 9.97809E-05 9.97809E-05 9.97809E-05 0.997505 9.97809E-05 9.97809E-05 9.97809E-05 9.97809E-05 9.97809E-05 9.97809E-05 9.97809E-05 9.97809E-05 9.97809E-05 9.97809E-05 9.97809E-05
9.98068E-05 9.98068E-05 9.98068E-05 9.98068E-05 9.98068E-05 0.131795 9.98068E-05 9.98068E-05 9.98068E-05 0.0603492 0.790384 9.98068E-05 9.98068E-05 9.98068E-05 9.98068E-05 9.98068E-05 9.98068E-05 9.98068E-05 9.98068E-05 9.98068E-05 9.98068E-05 0.015276 9.98068E-05 9.98068E-05 9.98068E-05 9.98068E-05
9.97986E-05 0.0182672 9.97986E-05 9.97986E-05 9.97986E-05 9.97986E-05 9.97986E-05 9.97986E-05 9.97986E-05 9.97986E-05 0.862937 9.97986E-05 9.97986E-05 9.97986E-05 9.97986E-05 0.116501 9.97986E-05 9.97986E-05 9.97986E-05 9.97986E-05 9.97986E-05 9.97986E-05 9.97986E-05 9.97986E-05 9.97986E-05 9.97986E-05
9.98159E-05 9.98159E-05 9.98159E-05 0.0406525 9.98159E-05 9.98159E-05 9.98159E-05 9.98159E-05 9.98159E-05 9.98159E-05 0.835201 9.98159E-05 0.0608175 9.98159E-05 9.98159E-05 9.98159E-05 9.98159E-05 0.0106739 9.98159E-05 9.98159E-05 9.98159E-05 9.98159E-05 9.98159E-05 9.98159E-05 0.0505595 9.98159E-05
9.97894E-05 9.97894E-05 9.97894E-05 0.116118 9.97894E-05 9.97894E-05 9.97894E-05 9.97894E-05 9.97894E-05 9.97894E-05 0.881487 9.97894E-05 9.97894E-05 9.97894E-05 9.97894E-05 9.97894E-05 9.97894E-05 9.97894E-05 9.97894E-05 9.97894E-05 9.97894E-05 9.97894E-05 9.97894E-05 9.97894E-05 9.97894E-05 9.97894E-05
9.9807E-05 9.9807E-05 9.9807E-05 9.9807E-05 9.9807E-05 9.9807E-05 9.9807E-05 9.9807E-05 0.014675 9.9807E-05 0.128717 9.9807E-05 9.9807E-05 9.9807E-05 0.828073 9.9807E-05 9.9807E-05 9.9807E-05 9.9807E-05 9.9807E-05 9.9807E-05 0.0263398 9.9807E-05 9.9807E-05 9.9807E-05 9.9807E-05
9.97898E-05 9.97898E-05 9.97898E-05 9.97898E-05 9.97898E-05 9.97898E-05 9.97898E-05 9.97898E-05 9.97898E-05 9.97898E-05 0.903578 9.97898E-05 9.97898E-05 9.97898E-05 0.0940273 9.97898E-05 9.97898E-05 9.97898E-05 9.97898E-05 9.97898E-05 9.97898E-05 9.97898E-05 9.97898E-05 9.97898E-05 9.97898E-05 9.97898E-05
9.97892E-05 9.97892E-05 9.97892E-05 9.97892E-05 9.97892E-05 9.97892E-05 9.97892E-05 9.97892E-05 9.97892E-05 9.97892E-05 9.97892E-05 9.97892E-05 9.97892E-05 9.97892E-05 0.972176 9.97892E-05 9.97892E-05 9.97892E-05 9.97892E-05 9.97892E-05 9.97892E-05 0.0254294 9.97892E-05 9.97892E-05 9.97892E-05 9.97892E-05
9.97897E-05 9.97897E-05 9.97897E-05 9.97897E-05 9.97897E-05 9.97897E-05 9.97897E-05 9.97897E-05 9.97897E-05 9.97897E-05 0.967644 9.97897E-05 9.97897E-05 9.97897E-05 9.97897E-05 9.97897E-05 9.97897E-05 9.97897E-05 9.97897E-05 9.97897E-05 9.97897E-05 9.97897E-05 9.97897E-05 0.0299607 9.97897E-05 9.97897E-05
9.98071E-05 9.98071E-05 9.98071E-05 9.98071E-05 9.98071E-05 9.98071E-05 0.0293406 9.98071E-05 0.0732016 9.98071E-05 9.98071E-05 9.98071E-05 9.98071E-05 9.98071E-05 0.825746 9.98071E-05 9.98071E-05 9.98071E-05 9.98071E-05 9.98071E-05 9.98071E-05 0.0695163 9.98071E-05 9.98071E-05 9.98071E-05 9.98071E-05
9.97983E-05 9.97983E-05 9.97983E-05 9.97983E-05 9.97983E-05 9.97983E-05 9.97983E-05 9.97983E-05 0.095407 9.97983E-05 9.97983E-05 9.97983E-05 9.97983E-05 9.97983E-05 9.97983E-05 0.807594 9.97983E-05 9.97983E-05 9.97983E-05 9.97983E-05 9.97983E-05 0.0947038 9.97983E-05 9.97983E-05 9.97983E-05 9.97983E-05
9.97983E-05 9.97983E-05 9.97983E-05 9.97983E-05 0.809814 9.97983E-05 9.97983E-05 9.97983E-05 0.00261544 9.97983E-05 9.97983E-05 9.97983E-05 9.97983E-05 9.97983E-05 9.97983E-05 0.185275 9.97983E-05 9.97983E-05 9.97983E-05 9.97983E-05 9.97983E-05 9.97983E-05 9.97983E-05 9.97983E-05 9.97983E-05 9.97983E-05
9.97982E-05 9.97982E-05 9.97982E-05 9.97982E-05 9.97982E-05 9.97982E-05 9.97982E-05 0.00466153 9.97982E-05 9.97982E-05 9.97982E-05 9.97982E-05 9.97982E-05 9.97982E-05 9.97982E-05 0.913436 9.97982E-05 9.97982E-05 9.97982E-05 9.97982E-05 9.97982E-05 0.0796071 9.97982E-05 9.97982E-05 9.97982E-05 9.97982E-05
9.9798E-05 9.9798E-05 9.9798E-05 9.9798E-05 9.9798E-05 9.9798E-05 9.9798E-05 9.9798E-05 9.9798E-05 9.9798E-05 9.9798E-05 9.9798E-05 9.9798E-05 9.9798E-05 9.9798E-05 0.830247 9.9798E-05 9.9798E-05 9.9798E-05 9.9798E-05 9.9798E-05 0.151146 9.9798E-05 0.0163116 9.9798E-05 9.9798E-05
9.98156E-05 9.98156E-05 9.98156E-05 9.98156E-05 9.98156E-05 9.98156E-05 9.98156E-05 0.0393333 0.0671503 9.98156E-05 9.98156E-05 9.98156E-05 9.98156E-05 9.98156E-05 9.98156E-05 0.842716 9.98156E-05 9.98156E-05 9.98156E-05 9.98156E-05 0.0257852 9.98156E-05 9.98156E-05 9.98156E-05 9.98156E-05 0.0229189
9.98245E-05 9.98245E-05 9.98245E-05 9.98245E-05 9.98245E-05 9.98245E-05 0.120012 9.98245E-05 0.143149 9.98245E-05 9.98245E-05 9.98245E-05 9.98245E-05 9.98245E-05 9.98245E-05 0.412027 9.98245E-05 9.98245E-05 9.98245E-05 0.0589796 9.98245E-05 0.220753 9.98245E-05 9.98245E-05 0.0430829 9.98245E-05
9.98246E-05 9.98246E-05 9.98246E-05 0.0345741 9.98246E-05 9.98246E-05 9.98246E-05 9.98246E-05 0.0822986 9.98246E-05 9.98246E-05 9.98246E-05 9.98246E-05 9.98246E-05 9.98246E-05 0.748957 9.98246E-05 9.98246E-05 9.98246E-05 9.98246E-05 9.98246E-05 0.0824451 9.98246E-05 0.0279661 9.98246E-05 0.0217627
9.97895E-05 9.97895E-05 9.97895E-05 9.97895E-05 9.97895E-05 9.97895E-05 9.97895E-05 9.97895E-05 0.212555 9.97895E-05 9.97895E-05 9.97895E-05 9.97895E-05 9.97895E-05 9.97895E-05 0.785051 9.97895E-05 9.97895E-05 9.97895E-05 9.97895E-05 9.97895E-05 9.97895E-05 9.97895E-05 9.97895E-05 9.97895E-05 9.97895E-05
9.98156E-05 9.98156E-05 0.136601 9.98156E-05 9.98156E-05 9.98156E-05 9.98156E-05 9.98156E-05 0.254129 9.98156E-05 9.98156E-05 9.98156E-05 9.98156E-05 9.98156E-05 9.98156E-05 0.348471 9.98156E-05 9.98156E-05 9.98156E-05 0.242285 9.98156E-05 0.0164185 9.98156E-05 9.98156E-05 9.98156E-05 9.98156E-05
9.98158E-05 9.98158E-05 9.98158E-05 9.98158E-05 9.98158E-05 9.98158E-05 9.98158E-05 9.98158E-05 0.0899133 9.98158E-05 9.98158E-05 9.98158E-05 9.98158E-05 9.98158E-05 9.98158E-05 0.564477 9.98158E-05 9.98158E-05 9.98158E-05 9.98158E-05 9.98158E-05 0.260048 9.98158E-05 0.0591311 9.98158E-05 0.0243349
9.98247E-05 9.98247E-05 9.98247E-05 9.98247E-05 0.0223797 9.98247E-05 0.319983 9.98247E-05 0.0254133 0.0310202 9.98247E-05 9.98247E-05 9.98247E-05 9.98247E-05 9.98247E-05 0.312726 9.98247E-05 9.98247E-05 9.98247E-05 0.286481 9.98247E-05 9.98247E-05 9.98247E-05 9.98247E-05 9.98247E-05 9.98247E-05
9.98159E-05 9.98159E-05 9.98159E-05 0.0968166 0.151197 9.98159E-05 9.98159E-05 9.98159E-05 9.98159E-05 9.98159E-05 9.98159E-05 9.98159E-05 9.98159E-05 9.98159E-05 9.98159E-05 0.659904 9.98159E-05 9.98159E-05 9.98159E-05 0.0420108 9.98159E-05 0.0479759 9.98159E-05 9.98159E-05 9.98159E-05 9.98159E-05
9.98074E-05 9.98074E-05 9.98074E-05 9.98074E-05 0.00626945 9.98074E-05 9.98074E-05 9.98074E-05 0.0352049 9.98074E-05 9.98074E-05 9.98074E-05 9.98074E-05 9.98074E-05 9.98074E-05 0.933451 9.98074E-05 9.98074E-05 9.98074E-05 9.98074E-05 9.98074E-05 9.98074E-05 9.98074E-05 9.98074E-05 0.0228785 9.98074E-05
9.98159E-05 9.98159E-05 9.98159E-05 9.98159E-05 9.98159E-05 9.98159E-05 0.182865 9.98159E-05 0.166739 9.98159E-05 9.98159E-05 9.98159E-05 9.98159E-05 9.98159E-05 9.98159E-05 0.467088 9.98159E-05 9.98159E-05 9.98159E-05 9.98159E-05 0.00216661 0.179045 9.98159E-05 9.98159E-05 9.98159E-05 9.98159E-05
9.98597E-05 9.98597E-05 0.00983392 9.98597E-05 9.98597E-05 9.98597E-05 0.14491 9.98597E-05 0.10215 0.021404 9.98597E-05 9.98597E-05 9.98597E-05 0.0127644 9.98597E-05 0.582018 9.98597E-05 9.98597E-05 9.98597E-05 9.98597E-05 9.98597E-05 9.98597E-05 0.0173576 0.0804957 0.00922034 0.0182486
9.9842E-05 9.9842E-05 0.172995 9.9842E-05 0.0723594 9.9842E-05 9.9842E-05 0.000966322 0.0124541 9.9842E-05 9.9842E-05 9.9842E-05 9.9842E-05 9.9842E-05 9.9842E-05 0.546734 9.9842E-05 9.9842E-05 9.9842E-05 0.0317368 9.9842E-05 0.119746 9.9842E-05 9.9842E-05 0.041211 9.9842E-05
9.98333E-05 0.0363591 9.98333E-05 9.98333E-05 9.98333E-05 9.98333E-05 0.105791 9.98333E-05 0.0229659 9.98333E-05 9.98333E-05 9.98333E-05 9.98333E-05 9.98333E-05 9.98333E-05 0.609219 9.98333E-05 0.0172628 9.98333E-05 0.175941 9.98333E-05 0.0305641 9.98333E-05 9.98333E-05 9.98333E-05 9.98333E-05
9.9816E-05 9.9816E-05 9.9816E-05 9.9816E-05 0.0777045 9.9816E-05 9.9816E-05 0.0105727 0.0642707 9.9816E-05 9.9816E-05 9.9816E-05 9.9816E-05 9.9816E-05 9.9816E-05 0.669554 9.9816E-05 9.9816E-05 9.9816E-05 9.9816E-05 9.9816E-05 9.9816E-05 9.9816E-05 9.9816E-05 0.175802 9.9816E-05
0.0187085 0.0360182 9.98072E-05 9.98072E-05 9.98072E-05 9.98072E-05 0.12521 9.98072E-05 9.98072E-05 9.98072E-05 9.98072E-05 9.98072E-05 9.98072E-05 9.98072E-05 9.98072E-05 0.817868 9.98072E-05 9.98072E-05 9.98072E-05 9.98072E-05 9.98072E-05 9.98072E-05 9.98072E-05 9.98072E-05 9.98072E-05 9.98072E-05
9.98508E-05 0.050549 0.109798 0.0500915 0.352462 9.98508E-05 9.98508E-05 9.98508E-05 0.0271994 9.98508E-05 9.98508E-05 9.98508E-05 9.98508E-05 9.98508E-05 9.98508E-05 0.319606 9.98508E-05 9.98508E-05 9.98508E-05 9.98508E-05 9.98508E-05 0.0722648 9.98508E-05 0.00355006 9.98508E-05 0.0127809
9.98332E-05 9.98332E-05 9.98332E-05 9.98332E-05 9.98332E-05 9.98332E-05 0.17198 0.00483699 0.0148258 9.98332E-05 9.98332E-05 9.98332E-05 9.98332E-05 9.98332E-05 9.98332E-05 0.591724 9.98332E-05 9.98332E-05 9.98332E-05 0.114908 9.98332E-05 0.0610893 9.98332E-05 9.98332E-05 0.0387393 9.98332E-05
9.97895E-05 9.97895E-05 9.97895E-05 9.97895E-05 9.97895E-05 9.97895E-05 9.97895E-05 9.97895E-05 0.0282921 9.97895E-05 9.97895E-05 9.97895E-05 9.97895E-05 9.97895E-05 9.97895E-05 0.969313 9.97895E-05 9.97895E-05 9.97895E-05 9.97895E-05 9.97895E-05 9.97895E-05 9.97895E-05 9.97895E-05 9.97895E-05 9.97895E-05
9.98158E-05 0.0478177 9.98158E-05 9.98158E-05 9.98158E-05 9.98158E-05 9.98158E-05 9.98158E-05 0.219418 9.98158E-05 9.98158E-05 9.98158E-05 9.98158E-05 9.98158E-05 9.98158E-05 0.446532 9.98158E-05 9.98158E-05 9.98158E-05 0.0924574 9.98158E-05 0.191679 9.98158E-05 9.98158E-05 9.98158E-05 9.98158E-05
9.98159E-05 9.98159E-05 9.98159E-05 9.98159E-05 0.168817 9.98159E-05 0.0266077 0.0667838 0.145405 9.98159E-05 9.98159E-05 9.98159E-05 9.98159E-05 9.98159E-05 9.98159E-05 0.59029 9.98159E-05 9.98159E-05 9.98159E-05 9.98159E-05 9.98159E-05 9.98159E-05 9.98159E-05 9.98159E-05 9.98159E-05 9.98159E-05
9.98157E-05 0.0498203 9.98157E-05 9.98157E-05 9.98157E-05 9.98157E-05 9.98157E-05 9.98157E-05 0.220126 9.98157E-05 9.98157E-05 9.98157E-05 9.98157E-05 9.98157E-05 9.98157E-05 0.443005 9.98157E-05 9.98157E-05 9.98157E-05 0.0911987 9.98157E-05 0.193754 9.98157E-05 9.98157E-05 9.98157E-05 9.98157E-05
9.98247E-05 9.98247E-05 9.98247E-05 9.98247E-05 0.347417 9.98247E-05 9.98247E-05 9.98247E-05 0.113744 9.98247E-05 0.125906 9.98247E-05 9.98247E-05 9.98247E-05 9.98247E-05 0.285961 9.98247E-05 9.98247E-05 9.98247E-05 0.0338581 9.98247E-05 0.091117 9.98247E-05 9.98247E-05 9.98247E-05 9.98247E-05
9.98159E-05 0.00234873 9.98159E-05 9.98159E-05 9.98159E-05 9.98159E-05 0.789154 0.0108018 9.98159E-05 9.98159E-05 9.98159E-05 9.98159E-05 9.98159E-05 9.98159E-05 9.98159E-05 9.98159E-05 9.98159E-05 0.0488977 9.98159E-05 9.98159E-05 0.146702 9.98159E-05 9.98159E-05 9.98159E-05 9.98159E-05 9.98159E-05
9.98155E-05 0.0656157 9.98155E-05 9.98155E-05 9.98155E-05 9.98155E-05 9.98155E-05 9.98155E-05 0.0996226 9.98155E-05 9.98155E-05 0.0236944 9.98155E-05 9.98155E-05 9.98155E-05 0.710219 9.98155E-05 9.98155E-05 9.98155E-05 9.98155E-05 9.98155E-05 0.0987523 9.98155E-05 9.98155E-05 9.98155E-05 9.98155E-05
9.98159E-05 9.98159E-05 9.98159E-05 9.98159E-05 0.0955056 9.98159E-05 9.98159E-05 9.98159E-05 0.286405 9.98159E-05 9.98159E-05 9.98159E-05 9.98159E-05 9.98159E-05 9.98159E-05 0.372345 9.98159E-05 9.98159E-05 9.98159E-05 0.0610251 9.98159E-05 0.182624 9.98159E-05 9.98159E-05 9.98159E-05 9.98159E-05
9.98247E-05 9.98247E-05 9.98247E-05 0.0102661 9.98247E-05 9.98247E-05 0.193763 0.164934 0.00429354 9.98247E-05 9.98247E-05 9.98247E-05 9.98247E-05 9.98247E-05 9.98247E-05 0.554564 9.98247E-05 9.98247E-05 9.98247E-05 9.98247E-05 9.98247E-05 0.0701828 9.98247E-05 9.98247E-05 9.98247E-05 9.98247E-05
9.98159E-05 9.98159E-05 9.98159E-05 0.0204793 0.0528737 9.98159E-05 9.98159E-05 9.98159E-05 9.98159E-05 9.98159E-05 9.98159E-05 9.98159E-05 9.98159E-05 0.0324528 9.98159E-05 0.709715 9.98159E-05 9.98159E-05 9.98159E-05 9.98159E-05 9.98159E-05 0.182383 9.98159E-05 9.98159E-05 9.98159E-05 9.98159E-05
9.97982E-05 9.97982E-05 9.97982E-05 9.97982E-05 9.97982E-05 9.97982E-05 9.97982E-05 9.97982E-05 9.97982E-05 9.97982E-05 9.97982E-05 9.97982E-05 9.97982E-05 9.97982E-05 9.97982E-05 0.957912 9.97982E-05 9.97982E-05 9.97982E-05 9.97982E-05 9.97982E-05 0.0100554 0.0297376 9.97982E-05 9.97982E-05 9.97982E-05
9.98156E-05 0.107028 9.98156E-05 9.98156E-05 9.98156E-05 9.98156E-05 9.98156E-05 0.126765 0.213601 9.98156E-05 9.98156E-05 9.98156E-05 9.98156E-05 9.98156E-05 9.98156E-05 0.413765 9.98156E-05 9.98156E-05 9.98156E-05 9.98156E-05 9.98156E-05 0.136744 9.98156E-05 9.98156E-05 9.98156E-05 9.98156E-05
9.98069E-05 9.98069E-05 9.98069E-05 9.98069E-05 9.98069E-05 0.119166 9.98069E-05 9.98069E-05 0.00627774 9.98069E-05 9.98069E-05 9.98069E-05 9.98069E-05 9.98069E-05 9.98069E-05 0.834171 9.98069E-05 9.98069E-05 9.98069E-05 9.98069E-05 9.98069E-05 0.0381901 9.98069E-05 9.98069E-05 9.98069E-05 9.98069E-05
9.9816E-05 9.9816E-05 9.9816E-05 9.9816E-05 0.118829 9.9816E-05 9.9816E-05 9.9816E-05 0.000752426 9.9816E-05 9.9816E-05 9.9816E-05 9.9816E-05 9.9816E-05 9.9816E-05 0.82282 9.9816E-05 9.9816E-05 9.9816E-05 9.9816E-05 9.9816E-05 0.0434644 9.9816E-05 9.9816E-05 0.012038 9.9816E-05
9.98156E-05 9.98156E-05 0.137337 9.98156E-05 0.161194 9.98156E-05 9.98156E-05 9.98156E-05 0.0356145 9.98156E-05 9.98156E-05 9.98156E-05 9.98156E-05 9.98156E-05 9.98156E-05 0.606224 9.98156E-05 9.98156E-05 9.98156E-05 9.98156E-05 9.98156E-05 9.98156E-05 9.98156E-05 9.98156E-05 0.0575347 9.98156E-05
9.97982E-05 9.97982E-05 9.97982E-05 9.97982E-05 9.97982E-05 9.97982E-05 9.97982E-05 9.97982E-05 0.0406849 9.97982E-05 9.97982E-05 9.97982E-05 9.97982E-05 9.97982E-05 9.97982E-05 0.642411 9.97982E-05 9.97982E-05 9.97982E-05 9.97982E-05 9.97982E-05 0.314609 9.97982E-05 9.97982E-05 9.97982E-05 9.97982E-05
9.98157E-05 9.98157E-05 9.98157E-05 9.98157E-05 9.98157E-05 9.98157E-05 0.75417 9.98157E-05 0.0238806 9.98157E-05 9.98157E-05 9.98157E-05 9.98157E-05 9.98157E-05 9.98157E-05 0.185318 9.98157E-05 9.98157E-05 9.98157E-05 9.98157E-05 9.98157E-05 9.98157E-05 0.0230637 9.98157E-05 0.0114722 9.98157E-05
9.98073E-05 9.98073E-05 9.98073E-05 9.98073E-05 9.98073E-05 9.98073E-05 0.367222 9.98073E-05 9.98073E-05 9.98073E-05 9.98073E-05 9.98073E-05 9.98073E-05 9.98073E-05 9.98073E-05 0.566294 9.98073E-05 9.98073E-05 9.98073E-05 9.98073E-05 9.98073E-05 0.0509406 9.98073E-05 9.98073E-05 9.98073E-05 0.0133479
9.98072E-05 9.98072E-05 9.98072E-05 9.98072E-05 9.98072E-05 9.98072E-05 0.416115 9.98072E-05 0.00269972 9.98072E-05 9.98072E-05 0.00640305 9.98072E-05 9.98072E-05 9.98072E-05 0.572586 9.98072E-05 9.98072E-05 9.98072E-05 9.98072E-05 9.98072E-05 9.98072E-05 9.98072E-05 9.98072E-05 9.98072E-05 9.98072E-05
9.98335E-05 9.98335E-05 9.98335E-05 9.98335E-05 0.483214 9.98335E-05 0.064774 9.98335E-05 0.0193772 9.98335E-05 9.98335E-05 9.98335E-05 0.044985 9.98335E-05 9.98335E-05 0.317491 9.98335E-05 9.98335E-05 9.98335E-05 0.0343554 9.98335E-05 9.98335E-05 9.98335E-05 0.0339069 9.98335E-05 9.98335E-05
9.98156E-05 9.98156E-05 9.98156E-05 0.00718047 9.98156E-05 9.98156E-05 9.98156E-05 9.98156E-05 0.020601 9.98156E-05 9.98156E-05 9.98156E-05 9.98156E-05 9.98156E-05 9.98156E-05 0.441229 9.98156E-05 9.98156E-05 9.98156E-05 0.173003 9.98156E-05 0.35589 9.98156E-05 9.98156E-05 9.98156E-05 9.98156E-05
9.97983E-05 9.97983E-05 9.97983E-05 9.97983E-05 9.97983E-05 9.97983E-05 9.97983E-05 0.0487678 0.0953678 9.97983E-05 9.97983E-05 9.97983E-05 9.97983E-05 9.97983E-05 9.97983E-05 0.853569 9.97983E-05 9.97983E-05 9.97983E-05 9.97983E-05 9.97983E-05 9.97983E-05 9.97983E-05 9.97983E-05 9.97983E-05 9.97983E-05
9.98158E-05 0.0636365 9.98158E-05 9.98158E-05 0.670016 9.98158E-05 0.175363 9.98158E-05 0.0857178 9.98158E-05 9.98158E-05 9.98158E-05 9.98158E-05 9.98158E-05 9.98158E-05 9.98158E-05 9.98158E-05 9.98158E-05 9.98158E-05 9.98158E-05 9.98158E-05 0.00317024 9.98158E-05 9.98158E-05 9.98158E-05 9.98158E-05
9.97895E-05 9.97895E-05 9.97895E-05 9.97895E-05 0.751125 9.97895E-05 9.97895E-05 9.97895E-05 9.97895E-05 9.97895E-05 9.97895E-05 9.97895E-05 9.97895E-05 9.97895E-05 9.97895E-05 0.24648 9.97895E-05 9.97895E-05 9.97895E-05 9.97895E-05 9.97895E-05 9.97895E-05 9.97895E-05 9.97895E-05 9.97895E-05 9.97895E-05
