9.98595E-05 0.00427054 9.98595E-05 9.98595E-05 9.98595E-05 9.98595E-05 0.37128 0.10472 9.98595E-05 0.0182478 9.98595E-05 9.98595E-05 0.0398336 9.98595E-05 9.98595E-05 9.98595E-05 0.0498355 9.98595E-05 0.0171194 9.98595E-05 9.98595E-05 9.98595E-05 0.393095 9.98595E-05
9.98246E-05 9.98246E-05 0.154828 9.98246E-05 9.98246E-05 9.98246E-05 0.0273957 9.98246E-05 9.98246E-05 9.98246E-05 9.98246E-05 9.98246E-05 0.0285382 9.98246E-05 9.98246E-05 9.98246E-05 9.98246E-05 9.98246E-05 9.98246E-05 9.98246E-05 9.98246E-05 0.787241 9.98246E-05 9.98246E-05
9.98157E-05 9.98157E-05 9.98157E-05 9.98157E-05 9.98157E-05 9.98157E-05 9.98157E-05 9.98157E-05 0.0637834 9.98157E-05 9.98157E-05 9.98157E-05 9.98157E-05 9.98157E-05 9.98157E-05 9.98157E-05 9.98157E-05 9.98157E-05 9.98157E-05 9.98157E-05 9.98157E-05 0.874246 0.0598749 9.98157E-05
9.98772E-05 9.98772E-05 9.98772E-05 9.98772E-05 9.98772E-05 9.98772E-05 9.98772E-05 0.0950741 0.191972 9.98772E-05 9.98772E-05 0.238633 0.0178461 9.98772E-05 0.0635 0.0977547 9.98772E-05 9.98772E-05 9.98772E-05 0.0255295 9.98772E-05 0.0475261 0.218214 0.00255233
9.98422E-05 0.0237816 9.98422E-05 9.98422E-05 9.98422E-05 9.98422E-05 9.98422E-05 9.98422E-05 0.00392477 9.98422E-05 9.98422E-05 9.98422E-05 9.98422E-05 9.98422E-05 0.00143286 0.0473378 9.98422E-05 0.0314251 9.98422E-05 9.98422E-05 9.98422E-05 9.98422E-05 0.890301 9.98422E-05
9.98422E-05 0.0611402 9.98422E-05 9.98422E-05 9.98422E-05 9.98422E-05 0.175782 9.98422E-05 0.222604 9.98422E-05 9.98422E-05 9.98422E-05 9.98422E-05 9.98422E-05 9.98422E-05 9.98422E-05 9.98422E-05 0.217293 9.98422E-05 0.10046 9.98422E-05 0.220923 9.98422E-05 9.98422E-05
9.98773E-05 0.0938585 9.98773E-05 9.98773E-05 0.101644 9.98773E-05 0.0909522 0.0848387 9.98773E-05 0.0237385 9.98773E-05 0.113063 0.129559 9.98773E-05 9.98773E-05 9.98773E-05 9.98773E-05 0.0642638 0.0357771 9.98773E-05 9.98773E-05 9.98773E-05 0.260908 9.98773E-05
0.0521228 9.98947E-05 9.98947E-05 9.98947E-05 9.98947E-05 9.98947E-05 0.0186551 0.233878 0.049665 9.98947E-05 9.98947E-05 9.98947E-05 0.0270788 0.0444248 0.00241863 0.0196955 9.98947E-05 0.0436642 0.128321 0.118284 9.98947E-05 0.260593 9.98947E-05 9.98947E-05
9.98334E-05 9.98334E-05 9.98334E-05 9.98334E-05 9.98334E-05 9.98334E-05 9.98334E-05 9.98334E-05 9.98334E-05 0.158975 9.98334E-05 9.98334E-05 9.98334E-05 9.98334E-05 9.98334E-05 0.151355 0.208031 9.98334E-05 9.98334E-05 0.198974 9.98334E-05 9.98334E-05 0.280769 9.98334E-05
0.00232883 9.98158E-05 9.98158E-05 9.98158E-05 9.98158E-05 9.98158E-05 9.98158E-05 9.98158E-05 9.98158E-05 9.98158E-05 9.98158E-05 9.98158E-05 9.98158E-05 9.98158E-05 9.98158E-05 9.98158E-05 0.0871802 9.98158E-05 9.98158E-05 9.98158E-05 9.98158E-05 9.98158E-05 0.908395 9.98158E-05
9.98596E-05 9.98596E-05 9.98596E-05 9.98596E-05 9.98596E-05 9.98596E-05 0.0681031 0.0477177 9.98596E-05 0.00428113 9.98596E-05 0.00871492 0.0868756 9.98596E-05 9.98596E-05 9.98596E-05 0.145883 9.98596E-05 9.98596E-05 0.0468036 9.98596E-05 9.98596E-05 0.590023 9.98596E-05
9.98253E-05 9.98253E-05 9.98253E-05 9.98253E-05 9.98253E-05 9.98253E-05 9.98253E-05 9.98253E-05 9.98253E-05 9.98253E-05 9.98253E-05 9.98253E-05 9.98253E-05 9.98253E-05 0.00720468 9.98253E-05 0.0119284 0.00806099 9.98253E-05 9.98253E-05 9.98253E-05 0.970809 9.98253E-05 9.98253E-05
9.98158E-05 9.98158E-05 9.98158E-05 9.98158E-05 9.98158E-05 9.98158E-05 9.98158E-05 0.0183274 9.98158E-05 9.98158E-05 9.98158E-05 9.98158E-05 9.98158E-05 9.98158E-05 9.98158E-05 9.98158E-05 0.054301 9.98158E-05 9.98158E-05 9.98158E-05 9.98158E-05 9.98158E-05 0.925275 9.98158E-05
9.98334E-05 9.98334E-05 9.98334E-05 9.98334E-05 9.98334E-05 0.0056551 9.98334E-05 9.98334E-05 9.98334E-05 9.98334E-05 9.98334E-05 9.98334E-05 0.00594694 9.98334E-05 0.0372329 9.98334E-05 9.98334E-05 9.98334E-05 9.98334E-05 9.98334E-05 0.277799 0.671469 9.98334E-05 9.98334E-05
9.98509E-05 9.98509E-05 9.98509E-05 0.0305489 9.98509E-05 0.0873306 0.14219 9.98509E-05 0.18609 9.98509E-05 9.98509E-05 9.98509E-05 9.98509E-05 9.98509E-05 9.98509E-05 9.98509E-05 0.0811241 9.98509E-05 9.98509E-05 0.143063 9.98509E-05 9.98509E-05 0.327956 9.98509E-05
9.98595E-05 9.98595E-05 9.98595E-05 9.98595E-05 9.98595E-05 9.98595E-05 0.191969 0.100023 9.98595E-05 9.98595E-05 9.98595E-05 0.0578319 9.98595E-05 0.115875 9.98595E-05 0.0734787 0.0780011 9.98595E-05 9.98595E-05 0.165835 9.98595E-05 0.215389 9.98595E-05 9.98595E-05
9.98685E-05 0.0842748 9.98685E-05 0.13586 9.98685E-05 9.98685E-05 9.98685E-05 9.98685E-05 9.98685E-05 9.98685E-05 9.98685E-05 0.013354 0.0480251 0.019793 9.98685E-05 9.98685E-05 0.041506 9.98685E-05 9.98685E-05 9.98685E-05 0.0550157 0.0825783 0.518095 9.98685E-05
0.132352 9.98684E-05 9.98684E-05 9.98684E-05 9.98684E-05 9.98684E-05 0.305068 0.16218 9.98684E-05 9.98684E-05 9.98684E-05 9.98684E-05 9.98684E-05 9.98684E-05 9.98684E-05 0.0183264 0.106285 9.98684E-05 9.98684E-05 0.029787 9.98684E-05 0.122125 0.0399943 0.0823847
9.98509E-05 9.98509E-05 9.98509E-05 9.98509E-05 9.98509E-05 9.98509E-05 9.98509E-05 0.188356 9.98509E-05 0.0172648 9.98509E-05 9.98509E-05 0.0677075 9.98509E-05 9.98509E-05 9.98509E-05 0.231361 0.0867978 9.98509E-05 0.152621 9.98509E-05 9.98509E-05 0.254194 9.98509E-05
9.97983E-05 9.97983E-05 9.97983E-05 9.97983E-05 9.97983E-05 9.97983E-05 9.97983E-05 9.97983E-05 9.97983E-05 9.97983E-05 9.97983E-05 9.97983E-05 9.97983E-05 9.97983E-05 9.97983E-05 9.97983E-05 9.97983E-05 9.97983E-05 9.97983E-05 9.97983E-05 9.97983E-05 9.97983E-05 0.997705 9.97983E-05
9.98509E-05 9.98509E-05 9.98509E-05 9.98509E-05 9.98509E-05 9.98509E-05 9.98509E-05 9.98509E-05 9.98509E-05 0.0153364 9.98509E-05 0.0409696 0.0666548 9.98509E-05 9.98509E-05 0.343428 9.98509E-05 9.98509E-05 9.98509E-05 0.0568516 9.98509E-05 0.251693 0.223369 9.98509E-05
9.98597E-05 0.00367356 0.0577757 9.98597E-05 9.98597E-05 9.98597E-05 9.98597E-05 0.255618 0.0405304 9.98597E-05 9.98597E-05 9.98597E-05 9.98597E-05 9.98597E-05 0.104189 9.98597E-05 9.98597E-05 0.0684652 9.98597E-05 0.12736 9.98597E-05 9.98597E-05 0.34079 9.98597E-05
9.98335E-05 9.98335E-05 9.98335E-05 9.98335E-05 9.98335E-05 9.98335E-05 0.170423 9.98335E-05 0.0493379 9.98335E-05 9.98335E-05 9.98335E-05 0.0987011 9.98335E-05 9.98335E-05 9.98335E-05 0.0906141 9.98335E-05 9.98335E-05 9.98335E-05 9.98335E-05 0.589027 9.98335E-05 9.98335E-05
9.98509E-05 9.98509E-05 9.98509E-05 9.98509E-05 9.98509E-05 9.98509E-05 0.0268842 0.220426 9.98509E-05 0.0990544 9.98509E-05 9.98509E-05 9.98509E-05 0.0366711 9.98509E-05 9.98509E-05 0.217135 9.98509E-05 9.98509E-05 9.98509E-05 9.98509E-05 0.00954152 0.38859 9.98509E-05
9.98597E-05 9.98597E-05 9.98597E-05 9.98597E-05 9.98597E-05 0.105516 9.98597E-05 0.0996753 0.0643289 9.98597E-05 9.98597E-05 9.98597E-05 9.98597E-05 9.98597E-05 9.98597E-05 9.98597E-05 0.259309 9.98597E-05 9.98597E-05 0.0539078 9.98597E-05 0.206418 0.0952848 0.113963
9.98683E-05 9.98683E-05 9.98683E-05 9.98683E-05 0.0138622 9.98683E-05 0.0105355 0.0507103 0.0953349 9.98683E-05 9.98683E-05 9.98683E-05 0.00686501 0.00129559 9.98683E-05 9.98683E-05 0.11282 9.98683E-05 9.98683E-05 0.049927 9.98683E-05 9.98683E-05 0.657152 9.98683E-05
0.0876872 9.98683E-05 0.269743 9.98683E-05 9.98683E-05 9.98683E-05 9.98683E-05 0.187118 0.235144 9.98683E-05 9.98683E-05 0.0263859 9.98683E-05 0.0788025 9.98683E-05 9.98683E-05 0.0377702 9.98683E-05 9.98683E-05 9.98683E-05 9.98683E-05 9.98683E-05 0.0648546 0.0109967
9.98334E-05 9.98334E-05 9.98334E-05 9.98334E-05 9.98334E-05 9.98334E-05 9.98334E-05 0.0422672 9.98334E-05 9.98334E-05 0.106825 0.0658277 9.98334E-05 9.98334E-05 9.98334E-05 9.98334E-05 0.0867976 9.98334E-05 9.98334E-05 9.98334E-05 9.98334E-05 9.98334E-05 0.696386 9.98334E-05
9.98333E-05 9.98333E-05 0.150763 9.98333E-05 9.98333E-05 9.98333E-05 0.0300965 9.98333E-05 9.98333E-05 0.0154313 9.98333E-05 9.98333E-05 9.98333E-05 9.98333E-05 9.98333E-05 9.98333E-05 0.178355 9.98333E-05 9.98333E-05 9.98333E-05 9.98333E-05 0.623457 9.98333E-05 9.98333E-05
9.98159E-05 9.98159E-05 9.98159E-05 0.202474 9.98159E-05 9.98159E-05 9.98159E-05 9.98159E-05 9.98159E-05 9.98159E-05 9.98159E-05 9.98159E-05 9.98159E-05 9.98159E-05 9.98159E-05 9.98159E-05 0.0237772 9.98159E-05 9.98159E-05 9.98159E-05 9.98159E-05 0.771653 9.98159E-05 9.98159E-05
9.98596E-05 9.98596E-05 0.0303306 9.98596E-05 9.98596E-05 9.98596E-05 0.0739139 9.98596E-05 9.98596E-05 9.98596E-05 9.98596E-05 9.98596E-05 0.104243 9.98596E-05 9.98596E-05 9.98596E-05 0.00367864 0.0136617 9.98596E-05 0.00124998 9.98596E-05 9.98596E-05 0.760216 0.0111087
9.98511E-05 9.98511E-05 9.98511E-05 9.98511E-05 9.98511E-05 9.98511E-05 9.98511E-05 9.98511E-05 0.183633 9.98511E-05 9.98511E-05 9.98511E-05 9.98511E-05 9.98511E-05 0.0327646 0.110045 0.0773073 0.0304907 0.00929491 9.98511E-05 9.98511E-05 9.98511E-05 0.554767 9.98511E-05
9.98683E-05 9.98683E-05 9.98683E-05 9.98683E-05 9.98683E-05 9.98683E-05 0.111599 0.165069 0.0141604 9.98683E-05 9.98683E-05 0.0118019 0.0585626 0.0165654 9.98683E-05 9.98683E-05 0.0685304 9.98683E-05 9.98683E-05 9.98683E-05 0.0226725 0.529541 9.98683E-05 9.98683E-05
9.98508E-05 9.98508E-05 9.98508E-05 9.98508E-05 9.98508E-05 9.98508E-05 9.98508E-05 0.148575 0.159233 0.00150033 9.98508E-05 0.0585057 9.98508E-05 9.98508E-05 9.98508E-05 9.98508E-05 0.0835134 9.98508E-05 0.0114964 9.98508E-05 9.98508E-05 0.535478 9.98508E-05 9.98508E-05
9.98247E-05 0.0491016 0.0322953 9.98247E-05 9.98247E-05 9.98247E-05 9.98247E-05 9.98247E-05 9.98247E-05 9.98247E-05 9.98247E-05 9.98247E-05 9.98247E-05 9.98247E-05 9.98247E-05 9.98247E-05 9.98247E-05 9.98247E-05 9.98247E-05 9.98247E-05 9.98247E-05 0.65825 0.258356 9.98247E-05
9.98596E-05 9.98596E-05 0.0544604 9.98596E-05 9.98596E-05 9.98596E-05 0.0331135 0.0310842 9.98596E-05 9.98596E-05 9.98596E-05 0.152684 0.00650196 9.98596E-05 9.98596E-05 9.98596E-05 0.0113344 9.98596E-05 9.98596E-05 0.0440925 9.98596E-05 9.98596E-05 0.665131 9.98596E-05
9.98247E-05 9.98247E-05 9.98247E-05 9.98247E-05 0.0125004 9.98247E-05 9.98247E-05 9.98247E-05 9.98247E-05 9.98247E-05 9.98247E-05 9.98247E-05 9.98247E-05 9.98247E-05 9.98247E-05 9.98247E-05 9.98247E-05 0.0960895 9.98247E-05 9.98247E-05 9.98247E-05 0.286654 0.60276 9.98247E-05
9.98334E-05 9.98334E-05 9.98334E-05 9.98334E-05 9.98334E-05 9.98334E-05 9.98334E-05 9.98334E-05 9.98334E-05 9.98334E-05 9.98334E-05 9.98334E-05 9.98334E-05 9.98334E-05 9.98334E-05 9.98334E-05 0.0620076 9.98334E-05 9.98334E-05 0.113789 0.0715172 0.701992 9.98334E-05 0.0487967
9.98684E-05 0.100707 9.98684E-05 0.160216 9.98684E-05 9.98684E-05 9.98684E-05 0.065544 9.98684E-05 9.98684E-05 0.0398786 9.98684E-05 0.0114653 9.98684E-05 0.071758 9.98684E-05 0.0986917 9.98684E-05 9.98684E-05 9.98684E-05 9.98684E-05 0.317476 0.132766 9.98684E-05
9.98421E-05 9.98421E-05 9.98421E-05 9.98421E-05 9.98421E-05 9.98421E-05 9.98421E-05 0.0139205 0.0375771 9.98421E-05 9.98421E-05 9.98421E-05 9.98421E-05 0.0515019 9.98421E-05 9.98421E-05 0.175971 0.0413391 9.98421E-05 9.98421E-05 9.98421E-05 0.677893 9.98421E-05 9.98421E-05
9.98071E-05 9.98071E-05 9.98071E-05 9.98071E-05 9.98071E-05 9.98071E-05 9.98071E-05 9.98071E-05 9.98071E-05 9.98071E-05 9.98071E-05 9.98071E-05 0.0226019 9.98071E-05 9.98071E-05 9.98071E-05 9.98071E-05 9.98071E-05 9.98071E-05 9.98071E-05 9.98071E-05 9.98071E-05 0.975202 9.98071E-05
9.98334E-05 9.98334E-05 0.128243 9.98334E-05 9.98334E-05 9.98334E-05 9.98334E-05 0.0938671 9.98334E-05 0.0702063 9.98334E-05 9.98334E-05 9.98334E-05 9.98334E-05 9.98334E-05 9.98334E-05 0.0568561 9.98334E-05 9.98334E-05 9.98334E-05 9.98334E-05 9.98334E-05 0.648931 9.98334E-05
9.98159E-05 9.98159E-05 0.0485783 0.0642005 9.98159E-05 9.98159E-05 9.98159E-05 9.98159E-05 9.98159E-05 9.98159E-05 9.98159E-05 9.98159E-05 9.98159E-05 9.98159E-05 9.98159E-05 9.98159E-05 9.98159E-05 9.98159E-05 9.98159E-05 9.98159E-05 9.98159E-05 9.98159E-05 0.885125 9.98159E-05
9.98684E-05 9.98684E-05 9.98684E-05 9.98684E-05 9.98684E-05 9.98684E-05 0.13949 0.139189 9.98684E-05 0.0917443 9.98684E-05 0.0263923 0.00517888 9.98684E-05 9.98684E-05 9.98684E-05 0.186073 9.98684E-05 9.98684E-05 0.0509047 9.98684E-05 0.329883 0.0296471 9.98684E-05
9.98334E-05 9.98334E-05 9.98334E-05 9.98334E-05 9.98334E-05 9.98334E-05 9.98334E-05 0.356881 9.98334E-05 9.98334E-05 9.98334E-05 0.147695 9.98334E-05 9.98334E-05 9.98334E-05 9.98334E-05 0.170769 0.0941137 9.98334E-05 9.98334E-05 9.98334E-05 0.228644 9.98334E-05 9.98334E-05
9.98419E-05 9.98419E-05 9.98419E-05 9.98419E-05 9.98419E-05 9.98419E-05 9.98419E-05 9.98419E-05 9.98419E-05 9.98419E-05 9.98419E-05 0.00284787 9.98419E-05 9.98419E-05 9.98419E-05 9.98419E-05 0.0271774 0.0143503 9.98419E-05 9.98419E-05 9.98419E-05 0.217405 0.676329 0.0600934
0.0247408 9.98334E-05 9.98334E-05 9.98334E-05 9.98334E-05 9.98334E-05 9.98334E-05 9.98334E-05 9.98334E-05 9.98334E-05 9.98334E-05 0.0249366 9.98334E-05 9.98334E-05 9.98334E-05 9.98334E-05 0.0707306 9.98334E-05 9.98334E-05 0.00668993 9.98334E-05 9.98334E-05 0.871005 9.98334E-05
9.97982E-05 9.97982E-05 9.97982E-05 9.97982E-05 9.97982E-05 9.97982E-05 9.97982E-05 9.97982E-05 9.97982E-05 9.97982E-05 9.97982E-05 9.97982E-05 9.97982E-05 9.97982E-05 9.97982E-05 9.97982E-05 9.97982E-05 9.97982E-05 9.97982E-05 9.97982E-05 9.97982E-05 0.997705 9.97982E-05 9.97982E-05
9.98245E-05 9.98245E-05 9.98245E-05 9.98245E-05 9.98245E-05 9.98245E-05 9.98245E-05 0.108404 9.98245E-05 9.98245E-05 9.98245E-05 9.98245E-05 9.98245E-05 9.98245E-05 9.98245E-05 9.98245E-05 0.100654 0.0131181 9.98245E-05 9.98245E-05 9.98245E-05 0.775827 9.98245E-05 9.98245E-05
9.98337E-05 9.98337E-05 9.98337E-05 9.98337E-05 0.102307 0.0298742 9.98337E-05 9.98337E-05 9.98337E-05 9.98337E-05 9.98337E-05 9.98337E-05 9.98337E-05 9.98337E-05 9.98337E-05 9.98337E-05 9.98337E-05 0.00130671 9.98337E-05 0.011629 9.98337E-05 0.852986 9.98337E-05 9.98337E-05
9.98421E-05 9.98421E-05 0.174908 9.98421E-05 9.98421E-05 9.98421E-05 9.98421E-05 9.98421E-05 0.215375 9.98421E-05 9.98421E-05 9.98421E-05 0.139559 9.98421E-05 0.0905383 9.98421E-05 0.112904 9.98421E-05 9.98421E-05 9.98421E-05 9.98421E-05 0.264919 9.98421E-05 9.98421E-05
9.98334E-05 9.98334E-05 9.98334E-05 9.98334E-05 9.98334E-05 9.98334E-05 9.98334E-05 0.168254 9.98334E-05 0.0822965 9.98334E-05 0.0953181 9.98334E-05 9.98334E-05 9.98334E-05 9.98334E-05 9.98334E-05 9.98334E-05 9.98334E-05 9.98334E-05 9.98334E-05 0.36971 0.282525 9.98334E-05
0.00996257 9.9816E-05 9.9816E-05 9.9816E-05 0.0148431 9.9816E-05 9.9816E-05 9.9816E-05 9.9816E-05 9.9816E-05 9.9816E-05 9.9816E-05 9.9816E-05 9.9816E-05 9.9816E-05 9.9816E-05 9.9816E-05 9.9816E-05 9.9816E-05 9.9816E-05 9.9816E-05 9.9816E-05 0.973098 9.9816E-05
0.0179427 9.98509E-05 9.98509E-05 0.0543081 0.0289615 0.00287705 9.98509E-05 9.98509E-05 9.98509E-05 9.98509E-05 9.98509E-05 9.98509E-05 9.98509E-05 0.144865 9.98509E-05 9.98509E-05 9.98509E-05 9.98509E-05 9.98509E-05 0.00408973 9.98509E-05 0.745258 9.98509E-05 9.98509E-05
9.98423E-05 9.98423E-05 9.98423E-05 9.98423E-05 0.0113939 0.154165 9.98423E-05 9.98423E-05 9.98423E-05 9.98423E-05 9.98423E-05 9.98423E-05 9.98423E-05 9.98423E-05 0.00332324 9.98423E-05 0.0417634 9.98423E-05 9.98423E-05 9.98423E-05 9.98423E-05 0.0211702 0.766387 9.98423E-05
0.0233773 9.98597E-05 9.98597E-05 9.98597E-05 9.98597E-05 9.98597E-05 0.0982534 9.98597E-05 0.122639 9.98597E-05 9.98597E-05 9.98597E-05 0.0102945 9.98597E-05 9.98597E-05 9.98597E-05 9.98597E-05 0.0429083 9.98597E-05 9.98597E-05 9.98597E-05 0.486588 0.197601 0.0167403
0.0626995 0.00584758 9.98595E-05 9.98595E-05 9.98595E-05 9.98595E-05 9.98595E-05 9.98595E-05 9.98595E-05 9.98595E-05 9.98595E-05 9.98595E-05 0.00036438 9.98595E-05 9.98595E-05 0.00349425 0.0126009 0.117297 9.98595E-05 0.00431299 9.98595E-05 9.98595E-05 0.791786 9.98595E-05
9.98336E-05 9.98336E-05 9.98336E-05 9.98336E-05 9.98336E-05 9.98336E-05 9.98336E-05 9.98336E-05 9.98336E-05 9.98336E-05 9.98336E-05 0.149321 0.0167977 9.98336E-05 9.98336E-05 9.98336E-05 0.024354 9.98336E-05 9.98336E-05 9.98336E-05 9.98336E-05 0.24311 0.564521 9.98336E-05
9.98246E-05 9.98246E-05 0.0526946 9.98246E-05 9.98246E-05 9.98246E-05 9.98246E-05 9.98246E-05 9.98246E-05 9.98246E-05 9.98246E-05 9.98246E-05 9.98246E-05 9.98246E-05 9.98246E-05 9.98246E-05 9.98246E-05 9.98246E-05 0.00299973 0.0269061 9.98246E-05 0.915403 9.98246E-05 9.98246E-05
9.9842E-05 0.0628039 9.9842E-05 9.9842E-05 9.9842E-05 9.9842E-05 0.729514 9.9842E-05 9.9842E-05 9.9842E-05 9.9842E-05 9.9842E-05 9.9842E-05 9.9842E-05 9.9842E-05 9.9842E-05 0.10961 9.9842E-05 0.0498828 0.00516237 0.0412295 9.9842E-05 9.9842E-05 9.9842E-05
9.98073E-05 9.98073E-05 9.98073E-05 9.98073E-05 9.98073E-05 9.98073E-05 0.980687 9.98073E-05 9.98073E-05 9.98073E-05 9.98073E-05 9.98073E-05 9.98073E-05 9.98073E-05 9.98073E-05 9.98073E-05 9.98073E-05 0.0171174 9.98073E-05 9.98073E-05 9.98073E-05 9.98073E-05 9.98073E-05 9.98073E-05
9.98158E-05 9.98158E-05 9.98158E-05 0.030125 0.00527545 9.98158E-05 0.962503 9.98158E-05 9.98158E-05 9.98158E-05 9.98158E-05 9.98158E-05 9.98158E-05 9.98158E-05 9.98158E-05 9.98158E-05 9.98158E-05 9.98158E-05 9.98158E-05 9.98158E-05 9.98158E-05 9.98158E-05 9.98158E-05 9.98158E-05
9.98334E-05 0.275269 9.98334E-05 9.98334E-05 0.0690016 9.98334E-05 0.389917 9.98334E-05 0.130895 9.98334E-05 9.98334E-05 9.98334E-05 9.98334E-05 9.98334E-05 9.98334E-05 9.98334E-05 9.98334E-05 9.98334E-05 9.98334E-05 0.13302 9.98334E-05 9.98334E-05 9.98334E-05 9.98334E-05
0.0438184 9.9833E-05 9.9833E-05 9.9833E-05 9.9833E-05 9.9833E-05 0.719008 0.0704829 9.9833E-05 9.9833E-05 9.9833E-05 9.9833E-05 9.9833E-05 9.9833E-05 9.9833E-05 9.9833E-05 9.9833E-05 9.9833E-05 9.9833E-05 0.0554545 9.9833E-05 9.9833E-05 9.9833E-05 0.109339
9.98418E-05 9.98418E-05 9.98418E-05 9.98418E-05 9.98418E-05 9.98418E-05 0.7215 0.0390615 9.98418E-05 0.0146936 9.98418E-05 9.98418E-05 9.98418E-05 9.98418E-05 9.98418E-05 9.98418E-05 0.179138 9.98418E-05 0.0265659 0.0172434 9.98418E-05 9.98418E-05 9.98418E-05 9.98418E-05
9.98507E-05 0.216964 9.98507E-05 9.98507E-05 9.98507E-05 9.98507E-05 0.57577 9.98507E-05 9.98507E-05 9.98507E-05 9.98507E-05 0.0723114 0.0202125 9.98507E-05 9.98507E-05 0.0315688 0.0341572 9.98507E-05 9.98507E-05 0.0473184 9.98507E-05 9.98507E-05 9.98507E-05 9.98507E-05
9.98506E-05 0.0474073 9.98506E-05 9.98506E-05 0.0131246 9.98506E-05 0.526591 9.98506E-05 0.179981 9.98506E-05 9.98506E-05 9.98506E-05 9.98506E-05 9.98506E-05 9.98506E-05 9.98506E-05 0.0696798 0.0504384 9.98506E-05 0.111081 9.98506E-05 9.98506E-05 9.98506E-05 9.98506E-05
9.98247E-05 9.98247E-05 0.000926631 9.98247E-05 9.98247E-05 9.98247E-05 0.962323 9.98247E-05 9.98247E-05 0.0224226 9.98247E-05 9.98247E-05 9.98247E-05 9.98247E-05 9.98247E-05 9.98247E-05 9.98247E-05 9.98247E-05 9.98247E-05 0.0123309 9.98247E-05 9.98247E-05 9.98247E-05 9.98247E-05
9.98069E-05 9.98069E-05 9.98069E-05 9.98069E-05 9.98069E-05 9.98069E-05 0.995551 9.98069E-05 9.98069E-05 9.98069E-05 9.98069E-05 9.98069E-05 0.00225338 9.98069E-05 9.98069E-05 9.98069E-05 9.98069E-05 9.98069E-05 9.98069E-05 9.98069E-05 9.98069E-05 9.98069E-05 9.98069E-05 9.98069E-05
0.00769268 9.98507E-05 9.98507E-05 9.98507E-05 9.98507E-05 9.98507E-05 0.540834 9.98507E-05 9.98507E-05 9.98507E-05 9.98507E-05 9.98507E-05 0.116573 9.98507E-05 9.98507E-05 9.98507E-05 0.259297 0.0234823 9.98507E-05 0.0339142 9.98507E-05 9.98507E-05 9.98507E-05 0.0165096
0.0488562 0.0379259 9.98682E-05 9.98682E-05 0.0423915 0.0722347 0.504729 0.13683 9.98682E-05 9.98682E-05 9.98682E-05 9.98682E-05 0.0675571 0.0405645 9.98682E-05 9.98682E-05 0.0474131 9.98682E-05 9.98682E-05 9.98682E-05 9.98682E-05 9.98682E-05 9.98682E-05 9.98682E-05
9.98594E-05 0.00413294 9.98594E-05 9.98594E-05 9.98594E-05 9.98594E-05 0.549956 0.0279829 9.98594E-05 9.98594E-05 9.98594E-05 9.98594E-05 0.0733347 0.0365348 0.067127 9.98594E-05 9.98594E-05 0.0549703 9.98594E-05 0.184364 9.98594E-05 9.98594E-05 9.98594E-05 9.98594E-05
9.98331E-05 0.0527127 9.98331E-05 9.98331E-05 9.98331E-05 9.98331E-05 0.571675 0.157841 9.98331E-05 9.98331E-05 9.98331E-05 9.98331E-05 9.98331E-05 9.98331E-05 9.98331E-05 9.98331E-05 0.187889 0.0279859 9.98331E-05 9.98331E-05 9.98331E-05 9.98331E-05 9.98331E-05 9.98331E-05
9.98162E-05 9.98162E-05 0.0577512 9.98162E-05 9.98162E-05 9.98162E-05 0.938312 9.98162E-05 0.00184053 9.98162E-05 9.98162E-05 9.98162E-05 9.98162E-05 9.98162E-05 9.98162E-05 9.98162E-05 9.98162E-05 9.98162E-05 9.98162E-05 9.98162E-05 9.98162E-05 9.98162E-05 9.98162E-05 9.98162E-05
9.98248E-05 9.98248E-05 9.98248E-05 9.98248E-05 9.98248E-05 9.98248E-05 0.924692 9.98248E-05 9.98248E-05 9.98248E-05 0.0197282 0.00709013 9.98248E-05 9.98248E-05 9.98248E-05 9.98248E-05 9.98248E-05 9.98248E-05 9.98248E-05 0.046493 9.98248E-05 9.98248E-05 9.98248E-05 9.98248E-05
0.000176374 9.9833E-05 9.9833E-05 9.9833E-05 9.9833E-05 9.9833E-05 0.758731 9.9833E-05 0.0509995 9.9833E-05 9.9833E-05 9.9833E-05 9.9833E-05 9.9833E-05 9.9833E-05 9.9833E-05 9.9833E-05 0.0568934 0.131303 9.9833E-05 9.9833E-05 9.9833E-05 9.9833E-05 9.9833E-05
9.98332E-05 9.98332E-05 9.98332E-05 9.98332E-05 9.98332E-05 9.98332E-05 0.716303 0.0697547 9.98332E-05 9.98332E-05 9.98332E-05 9.98332E-05 0.0984603 9.98332E-05 9.98332E-05 9.98332E-05 9.98332E-05 0.0543793 9.98332E-05 0.0592053 9.98332E-05 9.98332E-05 9.98332E-05 9.98332E-05
0.0496883 9.98246E-05 9.98246E-05 9.98246E-05 9.98246E-05 9.98246E-05 0.922061 9.98246E-05 9.98246E-05 9.98246E-05 9.98246E-05 9.98246E-05 9.98246E-05 9.98246E-05 9.98246E-05 9.98246E-05 0.0155235 0.0107306 9.98246E-05 9.98246E-05 9.98246E-05 9.98246E-05 9.98246E-05 9.98246E-05
0.0475985 9.98418E-05 0.194345 9.98418E-05 9.98418E-05 9.98418E-05 0.538613 9.98418E-05 9.98418E-05 9.98418E-05 9.98418E-05 9.98418E-05 0.0395319 0.0333414 9.98418E-05 9.98418E-05 0.144773 9.98418E-05 9.98418E-05 9.98418E-05 9.98418E-05 9.98418E-05 9.98418E-05 9.98418E-05
9.98249E-05 9.98249E-05 9.98249E-05 9.98249E-05 0.00724629 9.98249E-05 0.880555 9.98249E-05 9.98249E-05 9.98249E-05 0.0438145 9.98249E-05 9.98249E-05 9.98249E-05 9.98249E-05 9.98249E-05 9.98249E-05 9.98249E-05 9.98249E-05 9.98249E-05 9.98249E-05 0.0663879 9.98249E-05 9.98249E-05
9.98244E-05 9.98244E-05 9.98244E-05 9.98244E-05 9.98244E-05 0.0185671 0.703162 0.226787 9.98244E-05 9.98244E-05 9.98244E-05 9.98244E-05 9.98244E-05 9.98244E-05 9.98244E-05 9.98244E-05 0.049487 9.98244E-05 9.98244E-05 9.98244E-05 9.98244E-05 9.98244E-05 9.98244E-05 9.98244E-05
9.98422E-05 0.00182387 0.00632819 9.98422E-05 9.98422E-05 9.98422E-05 0.772701 0.019623 0.179986 9.98422E-05 9.98422E-05 9.98422E-05 9.98422E-05 9.98422E-05 9.98422E-05 9.98422E-05 0.0177413 9.98422E-05 9.98422E-05 9.98422E-05 9.98422E-05 9.98422E-05 9.98422E-05 9.98422E-05
0.0937876 9.98595E-05 9.98595E-05 9.98595E-05 9.98595E-05 9.98595E-05 0.616775 9.98595E-05 0.0281548 9.98595E-05 9.98595E-05 9.98595E-05 0.0163513 9.98595E-05 9.98595E-05 9.98595E-05 0.0464563 0.129178 0.00950634 0.0581931 9.98595E-05 9.98595E-05 9.98595E-05 9.98595E-05
9.98243E-05 9.98243E-05 9.98243E-05 9.98243E-05 9.98243E-05 9.98243E-05 0.844811 9.98243E-05 0.0343713 9.98243E-05 9.98243E-05 9.98243E-05 0.112745 9.98243E-05 9.98243E-05 9.98243E-05 0.00607597 9.98243E-05 9.98243E-05 9.98243E-05 9.98243E-05 9.98243E-05 9.98243E-05 9.98243E-05
9.98161E-05 9.98161E-05 9.98161E-05 9.98161E-05 9.98161E-05 9.98161E-05 0.98842 9.98161E-05 9.98161E-05 9.98161E-05 9.98161E-05 9.98161E-05 9.98161E-05 9.98161E-05 9.98161E-05 9.98161E-05 0.00576852 9.98161E-05 9.98161E-05 0.00371555 9.98161E-05 9.98161E-05 9.98161E-05 9.98161E-05
9.97986E-05 9.97986E-05 9.97986E-05 9.97986E-05 9.97986E-05 9.97986E-05 0.997705 9.97986E-05 9.97986E-05 9.97986E-05 9.97986E-05 9.97986E-05 9.97986E-05 9.97986E-05 9.97986E-05 9.97986E-05 9.97986E-05 9.97986E-05 9.97986E-05 9.97986E-05 9.97986E-05 9.97986E-05 9.97986E-05 9.97986E-05
9.97984E-05 9.97984E-05 9.97984E-05 9.97984E-05 9.97984E-05 9.97984E-05 0.997705 9.97984E-05 9.97984E-05 9.97984E-05 9.97984E-05 9.97984E-05 9.97984E-05 9.97984E-05 9.97984E-05 9.97984E-05 9.97984E-05 9.97984E-05 9.97984E-05 9.97984E-05 9.97984E-05 9.97984E-05 9.97984E-05 9.97984E-05
0.117111 9.98072E-05 9.98072E-05 9.98072E-05 9.98072E-05 9.98072E-05 0.880693 9.98072E-05 9.98072E-05 9.98072E-05 9.98072E-05 9.98072E-05 9.98072E-05 9.98072E-05 9.98072E-05 9.98072E-05 9.98072E-05 9.98072E-05 9.98072E-05 9.98072E-05 9.98072E-05 9.98072E-05 9.98072E-05 9.98072E-05
9.9851E-05 9.9851E-05 0.0831005 0.367993 9.9851E-05 9.9851E-05 0.325061 9.9851E-05 9.9851E-05 9.9851E-05 9.9851E-05 9.9851E-05 9.9851E-05 9.9851E-05 0.00792712 9.9851E-05 0.135208 9.9851E-05 9.9851E-05 0.0441418 9.9851E-05 0.0348716 9.9851E-05 9.9851E-05
9.98245E-05 9.98245E-05 9.98245E-05 9.98245E-05 9.98245E-05 9.98245E-05 9.98245E-05 9.98245E-05 0.822313 9.98245E-05 0.0106136 9.98245E-05 9.98245E-05 9.98245E-05 9.98245E-05 9.98245E-05 0.0875001 9.98245E-05 9.98245E-05 0.0775765 9.98245E-05 9.98245E-05 9.98245E-05 9.98245E-05
9.98246E-05 9.98246E-05 9.98246E-05 0.687279 9.98246E-05 9.98246E-05 9.98246E-05 9.98246E-05 0.243149 9.98246E-05 9.98246E-05 9.98246E-05 9.98246E-05 9.98246E-05 9.98246E-05 9.98246E-05 9.98246E-05 9.98246E-05 9.98246E-05 0.00398808 0.0635867 9.98246E-05 9.98246E-05 9.98246E-05
9.98158E-05 9.98158E-05 9.98158E-05 9.98158E-05 9.98158E-05 9.98158E-05 9.98158E-05 9.98158E-05 0.8951 9.98158E-05 9.98158E-05 9.98158E-05 9.98158E-05 9.98158E-05 0.0267724 9.98158E-05 0.0760312 9.98158E-05 9.98158E-05 9.98158E-05 9.98158E-05 9.98158E-05 9.98158E-05 9.98158E-05
9.98244E-05 9.98244E-05 9.98244E-05 9.98244E-05 9.98244E-05 9.98244E-05 9.98244E-05 9.98244E-05 0.825107 9.98244E-05 9.98244E-05 9.98244E-05 0.0252454 9.98244E-05 9.98244E-05 9.98244E-05 0.141324 9.98244E-05 9.98244E-05 0.0063269 9.98244E-05 9.98244E-05 9.98244E-05 9.98244E-05
0.0526793 9.98156E-05 9.98156E-05 9.98156E-05 9.98156E-05 9.98156E-05 9.98156E-05 9.98156E-05 0.94477 9.98156E-05 9.98156E-05 9.98156E-05 9.98156E-05 9.98156E-05 9.98156E-05 9.98156E-05 9.98156E-05 9.98156E-05 9.98156E-05 0.00045461 9.98156E-05 9.98156E-05 9.98156E-05 9.98156E-05
9.98509E-05 0.0539529 9.98509E-05 0.0226285 9.98509E-05 9.98509E-05 9.98509E-05 9.98509E-05 0.589371 9.98509E-05 0.0179158 0.0288954 9.98509E-05 9.98509E-05 9.98509E-05 9.98509E-05 0.149037 9.98509E-05 9.98509E-05 0.136502 9.98509E-05 9.98509E-05 9.98509E-05 9.98509E-05
0.00352604 9.98594E-05 9.98594E-05 9.98594E-05 9.98594E-05 9.98594E-05 9.98594E-05 0.0106475 0.419525 9.98594E-05 9.98594E-05 9.98594E-05 0.0642868 9.98594E-05 0.0346931 9.98594E-05 0.0683789 9.98594E-05 9.98594E-05 0.0806552 0.31669 9.98594E-05 9.98594E-05 9.98594E-05
0.00814687 9.98246E-05 9.98246E-05 9.98246E-05 9.98246E-05 9.98246E-05 9.98246E-05 9.98246E-05 0.800825 9.98246E-05 9.98246E-05 9.98246E-05 9.98246E-05 9.98246E-05 9.98246E-05 9.98246E-05 0.0208801 9.98246E-05 9.98246E-05 0.168152 9.98246E-05 9.98246E-05 9.98246E-05 9.98246E-05
9.98332E-05 0.182006 0.0427513 9.98332E-05 9.98332E-05 9.98332E-05 9.98332E-05 9.98332E-05 0.405415 9.98332E-05 9.98332E-05 9.98332E-05 9.98332E-05 9.98332E-05 9.98332E-05 9.98332E-05 9.98332E-05 9.98332E-05 0.000365939 0.367565 9.98332E-05 9.98332E-05 9.98332E-05 9.98332E-05
9.98332E-05 9.98332E-05 9.98332E-05 9.98332E-05 9.98332E-05 9.98332E-05 9.98332E-05 9.98332E-05 0.449637 9.98332E-05 9.98332E-05 0.0236728 9.98332E-05 9.98332E-05 9.98332E-05 9.98332E-05 0.241092 9.98332E-05 9.98332E-05 0.225889 0.0578128 9.98332E-05 9.98332E-05 9.98332E-05
9.98508E-05 0.243389 9.98508E-05 9.98508E-05 9.98508E-05 9.98508E-05 9.98508E-05 9.98508E-05 0.238952 9.98508E-05 0.115622 9.98508E-05 0.052818 9.98508E-05 9.98508E-05 9.98508E-05 0.0113011 0.00146554 9.98508E-05 9.98508E-05 0.334755 9.98508E-05 9.98508E-05 9.98508E-05
9.98422E-05 0.138405 9.98422E-05 9.98422E-05 9.98422E-05 9.98422E-05 9.98422E-05 9.98422E-05 0.732976 9.98422E-05 0.0362833 9.98422E-05 0.000882438 9.98422E-05 9.98422E-05 9.98422E-05 0.0314345 9.98422E-05 9.98422E-05 9.98422E-05 0.0582212 9.98422E-05 9.98422E-05 9.98422E-05
0.0101214 9.98333E-05 9.98333E-05 9.98333E-05 9.98333E-05 9.98333E-05 9.98333E-05 9.98333E-05 0.562812 9.98333E-05 9.98333E-05 0.0302172 9.98333E-05 9.98333E-05 9.98333E-05 9.98333E-05 9.98333E-05 9.98333E-05 9.98333E-05 0.0614402 0.333512 9.98333E-05 9.98333E-05 9.98333E-05
9.98248E-05 9.98248E-05 9.98248E-05 9.98248E-05 9.98248E-05 9.98248E-05 9.98248E-05 9.98248E-05 0.366712 9.98248E-05 9.98248E-05 9.98248E-05 9.98248E-05 9.98248E-05 9.98248E-05 9.98248E-05 0.271653 9.98248E-05 9.98248E-05 0.127954 0.231684 9.98248E-05 9.98248E-05 9.98248E-05
0.0827329 9.98597E-05 0.0311675 0.0153095 9.98597E-05 9.98597E-05 9.98597E-05 9.98597E-05 0.618721 9.98597E-05 0.123984 0.0210858 9.98597E-05 0.0870786 0.0183229 9.98597E-05 9.98597E-05 9.98597E-05 9.98597E-05 9.98597E-05 9.98597E-05 9.98597E-05 9.98597E-05 9.98597E-05
9.98422E-05 0.0207976 0.0837307 0.0619516 9.98422E-05 9.98422E-05 9.98422E-05 9.98422E-05 0.692265 9.98422E-05 9.98422E-05 9.98422E-05 9.98422E-05 9.98422E-05 9.98422E-05 9.98422E-05 0.102715 9.98422E-05 0.0367431 9.98422E-05 9.98422E-05 9.98422E-05 9.98422E-05 9.98422E-05
0.0321448 0.141605 9.9842E-05 9.9842E-05 9.9842E-05 9.9842E-05 9.9842E-05 9.9842E-05 0.530659 9.9842E-05 0.119939 9.9842E-05 9.9842E-05 9.9842E-05 9.9842E-05 9.9842E-05 0.149533 9.9842E-05 9.9842E-05 9.9842E-05 9.9842E-05 9.9842E-05 9.9842E-05 0.0243215
9.98422E-05 9.98422E-05 9.98422E-05 0.152668 0.0510376 9.98422E-05 9.98422E-05 0.06827 0.590369 9.98422E-05 9.98422E-05 9.98422E-05 9.98422E-05 9.98422E-05 0.019388 9.98422E-05 9.98422E-05 9.98422E-05 9.98422E-05 0.11647 9.98422E-05 9.98422E-05 9.98422E-05 9.98422E-05
9.98158E-05 9.98158E-05 9.98158E-05 9.98158E-05 9.98158E-05 9.98158E-05 9.98158E-05 9.98158E-05 0.820733 9.98158E-05 0.174583 9.98158E-05 0.00258717 9.98158E-05 9.98158E-05 9.98158E-05 9.98158E-05 9.98158E-05 9.98158E-05 9.98158E-05 9.98158E-05 9.98158E-05 9.98158E-05 9.98158E-05
9.98596E-05 9.98596E-05 0.0873689 0.329511 9.98596E-05 9.98596E-05 9.98596E-05 9.98596E-05 0.38549 9.98596E-05 9.98596E-05 0.012586 0.000573646 9.98596E-05 9.98596E-05 9.98596E-05 0.0302289 9.98596E-05 9.98596E-05 0.0716534 9.98596E-05 9.98596E-05 9.98596E-05 0.0809904
9.98334E-05 0.145081 9.98334E-05 9.98334E-05 9.98334E-05 9.98334E-05 9.98334E-05 9.98334E-05 0.636543 9.98334E-05 0.0890223 9.98334E-05 9.98334E-05 9.98334E-05 0.0538854 9.98334E-05 0.0735707 9.98334E-05 9.98334E-05 9.98334E-05 9.98334E-05 9.98334E-05 9.98334E-05 9.98334E-05
9.98244E-05 9.98244E-05 9.98244E-05 9.98244E-05 9.98244E-05 9.98244E-05 9.98244E-05 9.98244E-05 0.798552 9.98244E-05 0.0860301 9.98244E-05 0.0618924 9.98244E-05 9.98244E-05 9.98244E-05 9.98244E-05 9.98244E-05 9.98244E-05 0.0515287 9.98244E-05 9.98244E-05 9.98244E-05 9.98244E-05
9.9842E-05 0.0344815 9.9842E-05 9.9842E-05 9.9842E-05 9.9842E-05 9.9842E-05 9.9842E-05 0.438942 9.9842E-05 9.9842E-05 9.9842E-05 9.9842E-05 9.9842E-05 9.9842E-05 0.00357216 0.181421 9.9842E-05 9.9842E-05 0.257204 9.9842E-05 9.9842E-05 9.9842E-05 0.082581
9.98334E-05 9.98334E-05 9.98334E-05 9.98334E-05 9.98334E-05 9.98334E-05 9.98334E-05 9.98334E-05 0.589478 9.98334E-05 0.155156 9.98334E-05 9.98334E-05 9.98334E-05 9.98334E-05 9.98334E-05 0.0041154 9.98334E-05 9.98334E-05 0.136937 0.112418 9.98334E-05 9.98334E-05 9.98334E-05
9.98333E-05 9.98333E-05 9.98333E-05 9.98333E-05 9.98333E-05 9.98333E-05 9.98333E-05 9.98333E-05 0.523514 9.98333E-05 9.98333E-05 9.98333E-05 9.98333E-05 9.98333E-05 9.98333E-05 0.0233901 0.220745 9.98333E-05 9.98333E-05 0.167614 9.98333E-05 9.98333E-05 9.98333E-05 0.0628401
9.98509E-05 0.110166 9.98509E-05 9.98509E-05 9.98509E-05 9.98509E-05 9.98509E-05 9.98509E-05 0.0751441 9.98509E-05 9.98509E-05 9.98509E-05 9.98509E-05 9.98509E-05 9.98509E-05 9.98509E-05 0.114665 0.0142 9.98509E-05 0.0492044 0.607128 9.98509E-05 9.98509E-05 0.027795
9.98333E-05 9.98333E-05 9.98333E-05 0.809647 0.0223178 9.98333E-05 9.98333E-05 9.98333E-05 0.0420999 0.108862 9.98333E-05 9.98333E-05 9.98333E-05 9.98333E-05 9.98333E-05 9.98333E-05 0.0151761 9.98333E-05 9.98333E-05 9.98333E-05 9.98333E-05 9.98333E-05 9.98333E-05 9.98333E-05
9.98155E-05 9.98155E-05 9.98155E-05 9.98155E-05 9.98155E-05 9.98155E-05 9.98155E-05 9.98155E-05 0.86085 9.98155E-05 9.98155E-05 9.98155E-05 9.98155E-05 9.98155E-05 9.98155E-05 9.98155E-05 0.0734774 9.98155E-05 9.98155E-05 0.0635765 9.98155E-05 9.98155E-05 9.98155E-05 9.98155E-05
9.98333E-05 0.0257711 9.98333E-05 9.98333E-05 9.98333E-05 9.98333E-05 9.98333E-05 9.98333E-05 0.524603 9.98333E-05 9.98333E-05 9.98333E-05 9.98333E-05 9.98333E-05 9.98333E-05 9.98333E-05 0.138675 9.98333E-05 9.98333E-05 0.24574 0.0633141 9.98333E-05 9.98333E-05 9.98333E-05
9.98422E-05 9.98422E-05 9.98422E-05 9.98422E-05 9.98422E-05 9.98422E-05 9.98422E-05 9.98422E-05 0.716485 9.98422E-05 0.120702 9.98422E-05 0.0201584 9.98422E-05 0.00630707 9.98422E-05 0.100455 9.98422E-05 9.98422E-05 9.98422E-05 9.98422E-05 9.98422E-05 9.98422E-05 0.0340948
9.98332E-05 9.98332E-05 9.98332E-05 9.98332E-05 9.98332E-05 9.98332E-05 9.98332E-05 9.98332E-05 0.437661 9.98332E-05 9.98332E-05 9.98332E-05 9.98332E-05 0.0812002 9.98332E-05 0.00614358 0.139266 9.98332E-05 9.98332E-05 9.98332E-05 0.333833 9.98332E-05 9.98332E-05 9.98332E-05
9.98333E-05 9.98333E-05 9.98333E-05 9.98333E-05 9.98333E-05 9.98333E-05 9.98333E-05 9.98333E-05 0.920786 9.98333E-05 0.00389617 9.98333E-05 9.98333E-05 0.0263359 9.98333E-05 9.98333E-05 0.0296213 9.98333E-05 9.98333E-05 9.98333E-05 0.0174635 9.98333E-05 9.98333E-05 9.98333E-05
9.98331E-05 9.98331E-05 9.98331E-05 9.98331E-05 9.98331E-05 9.98331E-05 9.98331E-05 9.98331E-05 0.441286 9.98331E-05 9.98331E-05 9.98331E-05 9.98331E-05 9.98331E-05 0.118162 9.98331E-05 0.0821328 9.98331E-05 9.98331E-05 0.234037 9.98331E-05 9.98331E-05 9.98331E-05 0.122486
9.98156E-05 9.98156E-05 9.98156E-05 9.98156E-05 9.98156E-05 9.98156E-05 9.98156E-05 0.114359 0.852299 9.98156E-05 9.98156E-05 9.98156E-05 9.98156E-05 9.98156E-05 9.98156E-05 9.98156E-05 0.0312457 9.98156E-05 9.98156E-05 9.98156E-05 9.98156E-05 9.98156E-05 9.98156E-05 9.98156E-05
9.98157E-05 9.98157E-05 9.98157E-05 9.98157E-05 9.98157E-05 9.98157E-05 9.98157E-05 9.98157E-05 0.779521 9.98157E-05 9.98157E-05 9.98157E-05 9.98157E-05 9.98157E-05 9.98157E-05 9.98157E-05 0.0886355 9.98157E-05 9.98157E-05 9.98157E-05 0.129748 9.98157E-05 9.98157E-05 9.98157E-05
9.98596E-05 9.98596E-05 0.162595 0.0390073 0.0502049 9.98596E-05 9.98596E-05 9.98596E-05 0.586419 9.98596E-05 0.10146 9.98596E-05 0.0189578 9.98596E-05 9.98596E-05 9.98596E-05 9.98596E-05 9.98596E-05 9.98596E-05 0.0340857 0.00567328 9.98596E-05 9.98596E-05 9.98596E-05
0.020098 9.98244E-05 9.98244E-05 9.98244E-05 9.98244E-05 9.98244E-05 9.98244E-05 9.98244E-05 0.727354 9.98244E-05 9.98244E-05 9.98244E-05 9.98244E-05 9.98244E-05 9.98244E-05 9.98244E-05 0.173155 9.98244E-05 9.98244E-05 0.0773963 9.98244E-05 9.98244E-05 9.98244E-05 9.98244E-05
9.98333E-05 9.98333E-05 9.98333E-05 0.0694002 9.98333E-05 9.98333E-05 9.98333E-05 9.98333E-05 0.179562 9.98333E-05 0.667402 0.000819287 9.98333E-05 9.98333E-05 9.98333E-05 9.98333E-05 9.98333E-05 9.98333E-05 9.98333E-05 0.08092 9.98333E-05 9.98333E-05 9.98333E-05 9.98333E-05
9.98335E-05 9.98335E-05 9.98335E-05 0.156896 9.98335E-05 9.98335E-05 9.98335E-05 9.98335E-05 0.549758 9.98335E-05 0.118353 9.98335E-05 9.98335E-05 9.98335E-05 9.98335E-05 9.98335E-05 0.0504107 9.98335E-05 9.98335E-05 9.98335E-05 0.122686 9.98335E-05 9.98335E-05 9.98335E-05
9.98247E-05 9.98247E-05 9.98247E-05 9.98247E-05 9.98247E-05 9.98247E-05 9.98247E-05 9.98247E-05 0.392682 9.98247E-05 0.296004 9.98247E-05 9.98247E-05 9.98247E-05 0.0590005 9.98247E-05 9.98247E-05 9.98247E-05 9.98247E-05 9.98247E-05 0.250316 9.98247E-05 9.98247E-05 9.98247E-05
0.0335611 0.00724781 9.9851E-05 9.9851E-05 9.9851E-05 9.9851E-05 9.9851E-05 9.9851E-05 0.207582 9.9851E-05 0.555459 9.9851E-05 0.00275347 9.9851E-05 9.9851E-05 9.9851E-05 9.9851E-05 9.9851E-05 9.9851E-05 9.9851E-05 0.129428 9.9851E-05 9.9851E-05 0.0622707
9.98246E-05 0.0651247 9.98246E-05 9.98246E-05 9.98246E-05 9.98246E-05 9.98246E-05 9.98246E-05 0.528256 9.98246E-05 9.98246E-05 9.98246E-05 9.98246E-05 9.98246E-05 9.98246E-05 9.98246E-05 0.309043 9.98246E-05 9.98246E-05 0.0955796 9.98246E-05 9.98246E-05 9.98246E-05 9.98246E-05
9.98246E-05 9.98246E-05 0.0572927 9.98246E-05 9.98246E-05 0.0538518 9.98246E-05 9.98246E-05 0.795803 9.98246E-05 9.98246E-05 9.98246E-05 9.98246E-05 9.98246E-05 9.98246E-05 9.98246E-05 9.98246E-05 9.98246E-05 9.98246E-05 0.0910561 9.98246E-05 9.98246E-05 9.98246E-05 9.98246E-05
9.98332E-05 9.98332E-05 9.98332E-05 0.646047 9.98332E-05 9.98332E-05 9.98332E-05 9.98332E-05 9.98332E-05 9.98332E-05 9.98332E-05 9.98332E-05 9.98332E-05 9.98332E-05 9.98332E-05 9.98332E-05 0.0273011 9.98332E-05 9.98332E-05 0.107565 0.207272 9.98332E-05 9.98332E-05 0.00991755
9.98244E-05 9.98244E-05 9.98244E-05 0.263616 9.98244E-05 9.98244E-05 9.98244E-05 9.98244E-05 0.235101 9.98244E-05 9.98244E-05 9.98244E-05 9.98244E-05 9.98244E-05 9.98244E-05 9.98244E-05 0.0304873 9.98244E-05 9.98244E-05 9.98244E-05 0.468799 9.98244E-05 9.98244E-05 9.98244E-05
0.0505787 0.151583 9.98507E-05 9.98507E-05 9.98507E-05 9.98507E-05 9.98507E-05 0.0274291 0.427766 9.98507E-05 9.98507E-05 9.98507E-05 9.98507E-05 9.98507E-05 9.98507E-05 9.98507E-05 9.98507E-05 9.98507E-05 0.0753326 0.142906 9.98507E-05 9.98507E-05 9.98507E-05 0.122708
9.98509E-05 9.98509E-05 0.00649359 0.0711514 9.98509E-05 9.98509E-05 0.23084 9.98509E-05 0.539536 9.98509E-05 9.98509E-05 9.98509E-05 9.98509E-05 9.98509E-05 9.98509E-05 9.98509E-05 0.0869908 9.98509E-05 9.98509E-05 0.0389109 0.0243803 9.98509E-05 9.98509E-05 9.98509E-05
9.98773E-05 0.0778492 0.0448433 9.98773E-05 9.98773E-05 9.98773E-05 9.98773E-05 0.00909262 0.393838 0.102332 0.02678 9.98773E-05 9.98773E-05 0.0178053 9.98773E-05 9.98773E-05 0.0154712 9.98773E-05 9.98773E-05 0.144289 0.166301 9.98773E-05 9.98773E-05 9.98773E-05
9.98335E-05 9.98335E-05 9.98335E-05 9.98335E-05 9.98335E-05 9.98335E-05 0.00334197 0.0556346 0.46574 9.98335E-05 9.98335E-05 9.98335E-05 9.98335E-05 9.98335E-05 9.98335E-05 9.98335E-05 0.22355 9.98335E-05 9.98335E-05 0.249836 9.98335E-05 9.98335E-05 9.98335E-05 9.98335E-05
9.98244E-05 9.98244E-05 9.98244E-05 9.98244E-05 9.98244E-05 9.98244E-05 9.98244E-05 9.98244E-05 0.317839 9.98244E-05 0.415762 9.98244E-05 9.98244E-05 9.98244E-05 9.98244E-05 9.98244E-05 0.0177119 9.98244E-05 9.98244E-05 9.98244E-05 0.24669 9.98244E-05 9.98244E-05 9.98244E-05
9.98157E-05 9.98157E-05 9.98157E-05 9.98157E-05 9.98157E-05 9.98157E-05 9.98157E-05 9.98157E-05 0.710041 9.98157E-05 9.98157E-05 0.215243 9.98157E-05 9.98157E-05 9.98157E-05 9.98157E-05 0.0726205 9.98157E-05 9.98157E-05 9.98157E-05 9.98157E-05 9.98157E-05 9.98157E-05 9.98157E-05
9.98157E-05 9.98157E-05 9.98157E-05 0.866158 9.98157E-05 9.98157E-05 9.98157E-05 9.98157E-05 0.0551349 9.98157E-05 9.98157E-05 9.98157E-05 9.98157E-05 9.98157E-05 9.98157E-05 9.98157E-05 9.98157E-05 9.98157E-05 9.98157E-05 0.0766111 9.98157E-05 9.98157E-05 9.98157E-05 9.98157E-05
9.9851E-05 9.9851E-05 0.0212568 0.070359 9.9851E-05 9.9851E-05 9.9851E-05 9.9851E-05 0.488224 9.9851E-05 0.230714 9.9851E-05 0.0124668 9.9851E-05 9.9851E-05 9.9851E-05 0.130611 9.9851E-05 9.9851E-05 0.0446705 9.9851E-05 9.9851E-05 9.9851E-05 9.9851E-05
9.98071E-05 0.0230744 9.98071E-05 9.98071E-05 9.98071E-05 9.98071E-05 9.98071E-05 9.98071E-05 0.97473 9.98071E-05 9.98071E-05 9.98071E-05 9.98071E-05 9.98071E-05 9.98071E-05 9.98071E-05 9.98071E-05 9.98071E-05 9.98071E-05 9.98071E-05 9.98071E-05 9.98071E-05 9.98071E-05 9.98071E-05
9.98069E-05 9.98069E-05 9.98069E-05 9.98069E-05 9.98069E-05 9.98069E-05 9.98069E-05 9.98069E-05 0.911196 9.98069E-05 9.98069E-05 0.086608 9.98069E-05 9.98069E-05 9.98069E-05 9.98069E-05 9.98069E-05 9.98069E-05 9.98069E-05 9.98069E-05 9.98069E-05 9.98069E-05 9.98069E-05 9.98069E-05
9.98245E-05 0.140009 9.98245E-05 9.98245E-05 9.98245E-05 9.98245E-05 9.98245E-05 9.98245E-05 0.551894 9.98245E-05 9.98245E-05 9.98245E-05 9.98245E-05 9.98245E-05 9.98245E-05 9.98245E-05 0.15734 9.98245E-05 9.98245E-05 0.14876 9.98245E-05 9.98245E-05 9.98245E-05 9.98245E-05
9.98159E-05 9.98159E-05 9.98159E-05 9.98159E-05 9.98159E-05 9.98159E-05 9.98159E-05 9.98159E-05 0.799658 9.98159E-05 9.98159E-05 9.98159E-05 9.98159E-05 9.98159E-05 9.98159E-05 9.98159E-05 0.0711796 9.98159E-05 9.98159E-05 0.127066 9.98159E-05 9.98159E-05 9.98159E-05 9.98159E-05
