0.338176 9.98595E-05 0.376148 9.98595E-05 0.126939 9.98595E-05 9.98595E-05 9.98595E-05 9.98595E-05 9.98595E-05 0.0254153 9.98595E-05 0.0482757 0.0318852 9.98595E-05 9.98595E-05 9.98595E-05 9.98595E-05 9.98595E-05 9.98595E-05 0.0354689 9.98595E-05 9.98595E-05 0.0160944
9.98157E-05 9.98157E-05 0.74492 9.98157E-05 9.98157E-05 9.98157E-05 9.98157E-05 0.107849 9.98157E-05 9.98157E-05 0.145135 9.98157E-05 9.98157E-05 9.98157E-05 9.98157E-05 9.98157E-05 9.98157E-05 9.98157E-05 9.98157E-05 9.98157E-05 9.98157E-05 9.98157E-05 9.98157E-05 9.98157E-05
9.9816E-05 9.9816E-05 9.9816E-05 0.062361 9.9816E-05 9.9816E-05 9.9816E-05 9.9816E-05 9.9816E-05 0.910438 9.9816E-05 9.9816E-05 0.025105 9.9816E-05 9.9816E-05 9.9816E-05 9.9816E-05 9.9816E-05 9.9816E-05 9.9816E-05 9.9816E-05 9.9816E-05 9.9816E-05 9.9816E-05
9.98597E-05 9.98597E-05 0.149881 0.143982 0.0600078 9.98597E-05 9.98597E-05 9.98597E-05 9.98597E-05 0.150476 9.98597E-05 9.98597E-05 0.00195154 9.98597E-05 9.98597E-05 0.40296 9.98597E-05 9.98597E-05 9.98597E-05 9.98597E-05 0.0133158 0.0758284 9.98597E-05 9.98597E-05
9.98157E-05 9.98157E-05 0.667734 9.98157E-05 9.98157E-05 9.98157E-05 0.16545 9.98157E-05 9.98157E-05 0.16472 9.98157E-05 9.98157E-05 9.98157E-05 9.98157E-05 9.98157E-05 9.98157E-05 9.98157E-05 9.98157E-05 9.98157E-05 9.98157E-05 9.98157E-05 9.98157E-05 9.98157E-05 9.98157E-05
0.188981 9.98684E-05 9.98684E-05 0.0439293 9.98684E-05 9.98684E-05 0.100734 9.98684E-05 0.160223 0.297458 0.00940056 9.98684E-05 9.98684E-05 0.0549955 9.98684E-05 0.0238658 9.98684E-05 0.118916 9.98684E-05 9.98684E-05 9.98684E-05 9.98684E-05 9.98684E-05 9.98684E-05
0.253405 9.98596E-05 0.295381 9.98596E-05 0.11906 9.98596E-05 9.98596E-05 9.98596E-05 9.98596E-05 9.98596E-05 0.000363317 9.98596E-05 0.0413501 9.98596E-05 9.98596E-05 0.235794 9.98596E-05 9.98596E-05 9.98596E-05 9.98596E-05 0.0322716 9.98596E-05 0.0207767 9.98596E-05
0.0828544 9.98772E-05 0.279544 9.98772E-05 0.125562 9.98772E-05 9.98772E-05 9.98772E-05 0.0770644 9.98772E-05 9.98772E-05 9.98772E-05 9.98772E-05 0.138108 9.98772E-05 9.98772E-05 0.00688504 0.130283 0.104925 9.98772E-05 0.0068613 0.046515 9.98772E-05 9.98772E-05
9.98509E-05 9.98509E-05 9.98509E-05 9.98509E-05 9.98509E-05 9.98509E-05 0.101821 9.98509E-05 9.98509E-05 0.26572 0.00968379 9.98509E-05 0.12233 9.98509E-05 9.98509E-05 9.98509E-05 9.98509E-05 0.26415 9.98509E-05 9.98509E-05 9.98509E-05 0.0662437 9.98509E-05 0.168355
9.98156E-05 9.98156E-05 0.431189 9.98156E-05 9.98156E-05 9.98156E-05 9.98156E-05 9.98156E-05 9.98156E-05 0.530599 9.98156E-05 9.98156E-05 0.0361159 9.98156E-05 9.98156E-05 9.98156E-05 9.98156E-05 9.98156E-05 9.98156E-05 9.98156E-05 9.98156E-05 9.98156E-05 9.98156E-05 9.98156E-05
0.149764 9.98508E-05 0.111847 0.0329308 0.0158076 9.98508E-05 9.98508E-05 9.98508E-05 9.98508E-05 0.434073 9.98508E-05 9.98508E-05 0.132812 9.98508E-05 9.98508E-05 9.98508E-05 9.98508E-05 9.98508E-05 9.98508E-05 9.98508E-05 0.121068 9.98508E-05 9.98508E-05 9.98508E-05
9.97983E-05 9.97983E-05 9.97983E-05 9.97983E-05 9.97983E-05 9.97983E-05 9.97983E-05 9.97983E-05 9.97983E-05 0.997705 9.97983E-05 9.97983E-05 9.97983E-05 9.97983E-05 9.97983E-05 9.97983E-05 9.97983E-05 9.97983E-05 9.97983E-05 9.97983E-05 9.97983E-05 9.97983E-05 9.97983E-05 9.97983E-05
9.98245E-05 9.98245E-05 0.539278 9.98245E-05 0.0123399 9.98245E-05 9.98245E-05 9.98245E-05 9.98245E-05 0.328091 9.98245E-05 9.98245E-05 0.118295 9.98245E-05 9.98245E-05 9.98245E-05 9.98245E-05 9.98245E-05 9.98245E-05 9.98245E-05 9.98245E-05 9.98245E-05 9.98245E-05 9.98245E-05
9.98333E-05 0.0368913 0.730059 9.98333E-05 0.0580498 9.98333E-05 9.98333E-05 9.98333E-05 9.98333E-05 9.98333E-05 9.98333E-05 0.146418 0.0266852 9.98333E-05 9.98333E-05 9.98333E-05 9.98333E-05 9.98333E-05 9.98333E-05 9.98333E-05 9.98333E-05 9.98333E-05 9.98333E-05 9.98333E-05
0.0770982 0.0646496 9.98859E-05 0.029068 0.0317966 9.98859E-05 9.98859E-05 0.0215641 9.98859E-05 0.302687 9.98859E-05 9.98859E-05 0.0999962 0.018636 0.124418 9.98859E-05 9.98859E-05 0.202063 9.98859E-05 9.98859E-05 9.98859E-05 9.98859E-05 9.98859E-05 0.0267246
0.0594511 9.98596E-05 0.292509 9.98596E-05 0.0311423 9.98596E-05 0.133676 9.98596E-05 9.98596E-05 9.98596E-05 9.98596E-05 9.98596E-05 0.109363 9.98596E-05 9.98596E-05 0.0396738 9.98596E-05 0.181834 0.150752 9.98596E-05 9.98596E-05 9.98596E-05 9.98596E-05 9.98596E-05
9.98422E-05 9.98422E-05 9.98422E-05 9.98422E-05 9.98422E-05 9.98422E-05 9.98422E-05 9.98422E-05 9.98422E-05 0.618744 0.122897 9.98422E-05 0.00743879 9.98422E-05 0.152312 9.98422E-05 9.98422E-05 9.98422E-05 0.0503688 9.98422E-05 0.0464422 9.98422E-05 9.98422E-05 9.98422E-05
0.344738 9.98596E-05 0.206403 9.98596E-05 0.077481 0.103961 9.98596E-05 9.98596E-05 9.98596E-05 9.98596E-05 9.98596E-05 9.98596E-05 0.0897407 9.98596E-05 9.98596E-05 9.98596E-05 0.124408 0.0117815 9.98596E-05 9.98596E-05 9.98596E-05 0.0398883 9.98596E-05 9.98596E-05
9.98595E-05 0.0627293 9.98595E-05 9.98595E-05 0.10363 9.98595E-05 9.98595E-05 9.98595E-05 9.98595E-05 0.455305 9.98595E-05 9.98595E-05 0.143092 9.98595E-05 9.98595E-05 0.0571095 0.0427185 0.10454 9.98595E-05 9.98595E-05 0.0292779 9.98595E-05 9.98595E-05 9.98595E-05
9.97984E-05 9.97984E-05 9.97984E-05 9.97984E-05 9.97984E-05 9.97984E-05 9.97984E-05 9.97984E-05 9.97984E-05 0.997705 9.97984E-05 9.97984E-05 9.97984E-05 9.97984E-05 9.97984E-05 9.97984E-05 9.97984E-05 9.97984E-05 9.97984E-05 9.97984E-05 9.97984E-05 9.97984E-05 9.97984E-05 9.97984E-05
9.98596E-05 9.98596E-05 0.355769 0.0493813 9.98596E-05 9.98596E-05 9.98596E-05 9.98596E-05 9.98596E-05 0.16234 9.98596E-05 9.98596E-05 0.00672095 9.98596E-05 9.98596E-05 9.98596E-05 9.98596E-05 0.0660157 0.0696388 9.98596E-05 0.0285407 0.259995 9.98596E-05 9.98596E-05
9.98422E-05 0.0107691 9.98422E-05 9.98422E-05 0.358385 9.98422E-05 9.98422E-05 9.98422E-05 0.143632 0.366301 9.98422E-05 9.98422E-05 9.98422E-05 9.98422E-05 9.98422E-05 0.0113106 9.98422E-05 0.107805 9.98422E-05 9.98422E-05 9.98422E-05 9.98422E-05 9.98422E-05 9.98422E-05
0.234706 9.98509E-05 0.584976 9.98509E-05 9.98509E-05 9.98509E-05 0.00186546 9.98509E-05 9.98509E-05 0.0560499 0.0550455 9.98509E-05 0.0523371 9.98509E-05 9.98509E-05 9.98509E-05 9.98509E-05 9.98509E-05 9.98509E-05 9.98509E-05 0.0133223 9.98509E-05 9.98509E-05 9.98509E-05
0.116241 9.98596E-05 0.327203 0.0286717 0.21823 9.98596E-05 9.98596E-05 9.98596E-05 9.98596E-05 0.0382522 9.98596E-05 9.98596E-05 0.180262 9.98596E-05 9.98596E-05 9.98596E-05 9.98596E-05 9.98596E-05 0.0169892 9.98596E-05 9.98596E-05 9.98596E-05 9.98596E-05 0.0725529
9.98596E-05 0.0750745 0.266025 0.139084 0.0227704 0.109324 9.98596E-05 9.98596E-05 9.98596E-05 9.98596E-05 9.98596E-05 9.98596E-05 0.286584 9.98596E-05 9.98596E-05 9.98596E-05 9.98596E-05 0.0524297 9.98596E-05 9.98596E-05 0.04711 9.98596E-05 9.98596E-05 9.98596E-05
9.98421E-05 9.98421E-05 0.189126 9.98421E-05 0.0575615 9.98421E-05 0.0568811 9.98421E-05 9.98421E-05 0.56479 9.98421E-05 9.98421E-05 0.0984078 9.98421E-05 9.98421E-05 0.0314362 9.98421E-05 9.98421E-05 9.98421E-05 9.98421E-05 9.98421E-05 9.98421E-05 9.98421E-05 9.98421E-05
9.98595E-05 9.98595E-05 9.98595E-05 0.133934 0.353284 9.98595E-05 0.109423 9.98595E-05 9.98595E-05 0.0726983 0.00594885 9.98595E-05 0.127052 9.98595E-05 9.98595E-05 9.98595E-05 0.122598 9.98595E-05 0.0734641 9.98595E-05 9.98595E-05 9.98595E-05 9.98595E-05 9.98595E-05
9.98247E-05 9.98247E-05 0.412863 0.0433115 9.98247E-05 9.98247E-05 9.98247E-05 9.98247E-05 9.98247E-05 0.380132 9.98247E-05 9.98247E-05 9.98247E-05 9.98247E-05 9.98247E-05 0.161697 9.98247E-05 9.98247E-05 9.98247E-05 9.98247E-05 9.98247E-05 9.98247E-05 9.98247E-05 9.98247E-05
0.111559 9.98423E-05 0.417587 0.0657526 9.98423E-05 9.98423E-05 9.98423E-05 9.98423E-05 9.98423E-05 0.210557 9.98423E-05 9.98423E-05 0.13525 9.98423E-05 9.98423E-05 9.98423E-05 9.98423E-05 9.98423E-05 9.98423E-05 9.98423E-05 9.98423E-05 9.98423E-05 9.98423E-05 0.0574971
9.98422E-05 9.98422E-05 0.207782 9.98422E-05 9.98422E-05 9.98422E-05 9.98422E-05 9.98422E-05 9.98422E-05 0.417013 9.98422E-05 9.98422E-05 0.0786161 9.98422E-05 0.190025 9.98422E-05 9.98422E-05 9.98422E-05 9.98422E-05 9.98422E-05 9.98422E-05 9.98422E-05 0.0148859 0.0898805
0.0510462 0.0145912 9.98421E-05 9.98421E-05 9.98421E-05 0.00360887 9.98421E-05 9.98421E-05 9.98421E-05 0.772195 9.98421E-05 9.98421E-05 9.98421E-05 9.98421E-05 9.98421E-05 9.98421E-05 9.98421E-05 0.0244256 9.98421E-05 9.98421E-05 0.132336 9.98421E-05 9.98421E-05 9.98421E-05
9.98598E-05 9.98598E-05 0.0634508 0.181519 9.98598E-05 9.98598E-05 0.080729 9.98598E-05 9.98598E-05 0.549954 9.98598E-05 9.98598E-05 9.98598E-05 9.98598E-05 9.98598E-05 0.00564653 9.98598E-05 9.98598E-05 9.98598E-05 0.0383185 0.0359309 0.0428535 9.98598E-05 9.98598E-05
0.0803314 9.98596E-05 0.286199 0.0661472 0.0959793 9.98596E-05 9.98596E-05 9.98596E-05 9.98596E-05 0.275618 9.98596E-05 9.98596E-05 0.10809 9.98596E-05 9.98596E-05 9.98596E-05 9.98596E-05 9.98596E-05 0.0200335 9.98596E-05 0.0660041 9.98596E-05 9.98596E-05 9.98596E-05
9.98421E-05 9.98421E-05 0.410616 0.208645 0.190054 9.98421E-05 9.98421E-05 9.98421E-05 9.98421E-05 9.98421E-05 9.98421E-05 9.98421E-05 0.144147 9.98421E-05 9.98421E-05 9.98421E-05 9.98421E-05 9.98421E-05 9.98421E-05 9.98421E-05 9.98421E-05 9.98421E-05 0.0255302 0.0192103
9.98335E-05 9.98335E-05 9.98335E-05 9.98335E-05 9.98335E-05 0.0349837 9.98335E-05 9.98335E-05 9.98335E-05 0.899422 0.00329217 9.98335E-05 0.0282897 9.98335E-05 9.98335E-05 9.98335E-05 9.98335E-05 9.98335E-05 9.98335E-05 9.98335E-05 0.0321153 9.98335E-05 9.98335E-05 9.98335E-05
9.98421E-05 9.98421E-05 9.98421E-05 9.98421E-05 0.0545805 9.98421E-05 9.98421E-05 9.98421E-05 9.98421E-05 0.833655 0.00238915 9.98421E-05 9.98421E-05 9.98421E-05 9.98421E-05 0.0458828 9.98421E-05 0.00509294 9.98421E-05 9.98421E-05 9.98421E-05 9.98421E-05 9.98421E-05 0.0566025
9.98248E-05 9.98248E-05 0.0325495 9.98248E-05 9.98248E-05 9.98248E-05 9.98248E-05 0.127829 9.98248E-05 0.826029 9.98248E-05 9.98248E-05 9.98248E-05 9.98248E-05 9.98248E-05 9.98248E-05 9.98248E-05 9.98248E-05 9.98248E-05 9.98248E-05 9.98248E-05 9.98248E-05 0.0115957 9.98248E-05
9.98597E-05 9.98597E-05 0.486111 9.98597E-05 9.98597E-05 0.0573418 0.00448409 0.0353845 9.98597E-05 0.121533 0.0687201 9.98597E-05 0.0781002 9.98597E-05 9.98597E-05 9.98597E-05 9.98597E-05 0.146727 9.98597E-05 9.98597E-05 9.98597E-05 9.98597E-05 9.98597E-05 9.98597E-05
9.98422E-05 9.98422E-05 9.98422E-05 9.98422E-05 0.00838445 9.98422E-05 9.98422E-05 9.98422E-05 0.0375062 0.650167 0.031738 9.98422E-05 0.14069 9.98422E-05 0.129716 9.98422E-05 9.98422E-05 9.98422E-05 9.98422E-05 9.98422E-05 9.98422E-05 9.98422E-05 9.98422E-05 9.98422E-05
9.9842E-05 9.9842E-05 0.301387 0.145607 9.9842E-05 9.9842E-05 9.9842E-05 9.9842E-05 9.9842E-05 0.288413 9.9842E-05 9.9842E-05 0.127075 9.9842E-05 9.9842E-05 9.9842E-05 9.9842E-05 9.9842E-05 0.0869653 9.9842E-05 9.9842E-05 9.9842E-05 0.0487553 9.9842E-05
9.97982E-05 9.97982E-05 9.97982E-05 9.97982E-05 9.97982E-05 9.97982E-05 9.97982E-05 9.97982E-05 9.97982E-05 0.997705 9.97982E-05 9.97982E-05 9.97982E-05 9.97982E-05 9.97982E-05 9.97982E-05 9.97982E-05 9.97982E-05 9.97982E-05 9.97982E-05 9.97982E-05 9.97982E-05 9.97982E-05 9.97982E-05
9.98423E-05 9.98423E-05 0.218376 9.98423E-05 0.202059 9.98423E-05 9.98423E-05 9.98423E-05 9.98423E-05 0.405534 9.98423E-05 9.98423E-05 0.119222 9.98423E-05 9.98423E-05 9.98423E-05 9.98423E-05 0.0433688 9.98423E-05 9.98423E-05 9.98423E-05 9.98423E-05 9.98423E-05 0.00964277
9.98419E-05 0.0298259 0.614805 9.98419E-05 0.00674733 9.98419E-05 9.98419E-05 0.0892081 9.98419E-05 0.0411875 9.98419E-05 0.216429 9.98419E-05 9.98419E-05 9.98419E-05 9.98419E-05 9.98419E-05 9.98419E-05 9.98419E-05 9.98419E-05 9.98419E-05 9.98419E-05 9.98419E-05 9.98419E-05
0.0922421 9.98596E-05 9.98596E-05 9.98596E-05 0.0542931 9.98596E-05 9.98596E-05 9.98596E-05 9.98596E-05 0.400368 0.0326619 9.98596E-05 0.173166 9.98596E-05 9.98596E-05 9.98596E-05 9.98596E-05 0.119412 9.98596E-05 9.98596E-05 0.0439996 9.98596E-05 9.98596E-05 0.0822593
9.98246E-05 9.98246E-05 0.248475 9.98246E-05 0.339961 9.98246E-05 9.98246E-05 9.98246E-05 9.98246E-05 9.98246E-05 9.98246E-05 9.98246E-05 0.234977 9.98246E-05 9.98246E-05 0.174591 9.98246E-05 9.98246E-05 9.98246E-05 9.98246E-05 9.98246E-05 9.98246E-05 9.98246E-05 9.98246E-05
9.98334E-05 9.98334E-05 9.98334E-05 0.0164807 0.00657633 0.00400404 9.98334E-05 9.98334E-05 9.98334E-05 0.918989 9.98334E-05 9.98334E-05 9.98334E-05 9.98334E-05 9.98334E-05 9.98334E-05 0.0520531 9.98334E-05 9.98334E-05 9.98334E-05 9.98334E-05 9.98334E-05 9.98334E-05 9.98334E-05
9.98244E-05 9.98244E-05 0.931678 9.98244E-05 9.98244E-05 9.98244E-05 9.98244E-05 9.98244E-05 9.98244E-05 9.98244E-05 9.98244E-05 9.98244E-05 0.0495354 9.98244E-05 9.98244E-05 9.98244E-05 0.0104437 0.00634662 9.98244E-05 9.98244E-05 9.98244E-05 9.98244E-05 9.98244E-05 9.98244E-05
9.97984E-05 9.97984E-05 9.97984E-05 9.97984E-05 9.97984E-05 9.97984E-05 9.97984E-05 9.97984E-05 9.97984E-05 0.997705 9.97984E-05 9.97984E-05 9.97984E-05 9.97984E-05 9.97984E-05 9.97984E-05 9.97984E-05 9.97984E-05 9.97984E-05 9.97984E-05 9.97984E-05 9.97984E-05 9.97984E-05 9.97984E-05
0.0386901 9.98507E-05 0.228008 0.0398768 0.100238 9.98507E-05 9.98507E-05 9.98507E-05 9.98507E-05 0.431234 9.98507E-05 9.98507E-05 0.0975634 9.98507E-05 9.98507E-05 9.98507E-05 9.98507E-05 9.98507E-05 0.0626933 9.98507E-05 9.98507E-05 9.98507E-05 9.98507E-05 9.98507E-05
9.9816E-05 0.00649009 0.894149 9.9816E-05 9.9816E-05 9.9816E-05 9.9816E-05 9.9816E-05 9.9816E-05 9.9816E-05 9.9816E-05 9.9816E-05 9.9816E-05 9.9816E-05 9.9816E-05 9.9816E-05 9.9816E-05 9.9816E-05 9.9816E-05 9.9816E-05 9.9816E-05 9.9816E-05 0.0972648 9.9816E-05
0.00608631 9.98683E-05 0.312399 0.144628 9.98683E-05 0.0713505 9.98683E-05 9.98683E-05 9.98683E-05 9.98683E-05 9.98683E-05 9.98683E-05 0.191023 9.98683E-05 9.98683E-05 9.98683E-05 9.98683E-05 0.0535224 0.00309938 9.98683E-05 9.98683E-05 0.0329877 9.98683E-05 0.183405
9.98509E-05 9.98509E-05 0.564318 9.98509E-05 0.0287316 0.0720855 0.22325 9.98509E-05 9.98509E-05 0.0510032 9.98509E-05 9.98509E-05 0.006934 9.98509E-05 9.98509E-05 0.0519799 9.98509E-05 9.98509E-05 9.98509E-05 9.98509E-05 9.98509E-05 9.98509E-05 9.98509E-05 9.98509E-05
9.98159E-05 9.98159E-05 9.98159E-05 0.0497285 9.98159E-05 9.98159E-05 9.98159E-05 9.98159E-05 9.98159E-05 0.934457 9.98159E-05 9.98159E-05 9.98159E-05 9.98159E-05 9.98159E-05 9.98159E-05 0.013718 9.98159E-05 9.98159E-05 9.98159E-05 9.98159E-05 9.98159E-05 9.98159E-05 9.98159E-05
9.98509E-05 9.98509E-05 0.734008 9.98509E-05 9.98509E-05 0.0103025 9.98509E-05 0.0779085 0.00606045 9.98509E-05 9.98509E-05 9.98509E-05 9.98509E-05 9.98509E-05 9.98509E-05 9.98509E-05 9.98509E-05 0.0226881 0.136535 9.98509E-05 9.98509E-05 9.98509E-05 0.0107995 9.98509E-05
9.9816E-05 0.131381 9.9816E-05 9.9816E-05 9.9816E-05 9.9816E-05 9.9816E-05 9.9816E-05 9.9816E-05 0.852246 9.9816E-05 9.9816E-05 0.0142763 9.9816E-05 9.9816E-05 9.9816E-05 9.9816E-05 9.9816E-05 9.9816E-05 9.9816E-05 9.9816E-05 9.9816E-05 9.9816E-05 9.9816E-05
9.98248E-05 9.98248E-05 9.98248E-05 9.98248E-05 9.98248E-05 0.132581 0.0113612 9.98248E-05 9.98248E-05 0.776428 9.98248E-05 9.98248E-05 9.98248E-05 9.98248E-05 9.98248E-05 9.98248E-05 9.98248E-05 9.98248E-05 0.0776335 9.98248E-05 9.98248E-05 9.98248E-05 9.98248E-05 9.98248E-05
9.98332E-05 9.98332E-05 9.98332E-05 9.98332E-05 9.98332E-05 9.98332E-05 9.98332E-05 9.98332E-05 9.98332E-05 0.892015 9.98332E-05 9.98332E-05 0.0251367 9.98332E-05 9.98332E-05 9.98332E-05 0.043572 9.98332E-05 0.0231082 9.98332E-05 9.98332E-05 0.0142714 9.98332E-05 9.98332E-05
9.98246E-05 9.98246E-05 0.665213 9.98246E-05 9.98246E-05 9.98246E-05 9.98246E-05 9.98246E-05 9.98246E-05 0.199827 9.98246E-05 9.98246E-05 0.0543386 9.98246E-05 9.98246E-05 0.0786256 9.98246E-05 9.98246E-05 9.98246E-05 9.98246E-05 9.98246E-05 9.98246E-05 9.98246E-05 9.98246E-05
9.98334E-05 9.98334E-05 0.593619 9.98334E-05 9.98334E-05 9.98334E-05 9.98334E-05 9.98334E-05 9.98334E-05 0.240183 9.98334E-05 9.98334E-05 0.0677682 0.0442695 9.98334E-05 0.052263 9.98334E-05 9.98334E-05 9.98334E-05 9.98334E-05 9.98334E-05 9.98334E-05 9.98334E-05 9.98334E-05
0.70297 9.9842E-05 9.9842E-05 0.0220604 9.9842E-05 9.9842E-05 9.9842E-05 9.9842E-05 9.9842E-05 9.9842E-05 0.0088362 9.9842E-05 0.116787 0.0544549 9.9842E-05 9.9842E-05 9.9842E-05 0.0930941 9.9842E-05 9.9842E-05 9.9842E-05 9.9842E-05 9.9842E-05 9.9842E-05
9.98068E-05 9.98068E-05 9.98068E-05 9.98068E-05 9.98068E-05 9.98068E-05 9.98068E-05 0.985083 9.98068E-05 9.98068E-05 9.98068E-05 9.98068E-05 9.98068E-05 9.98068E-05 9.98068E-05 0.0127213 9.98068E-05 9.98068E-05 9.98068E-05 9.98068E-05 9.98068E-05 9.98068E-05 9.98068E-05 9.98068E-05
9.98156E-05 9.98156E-05 9.98156E-05 9.98156E-05 9.98156E-05 9.98156E-05 9.98156E-05 0.897374 9.98156E-05 9.98156E-05 9.98156E-05 9.98156E-05 9.98156E-05 9.98156E-05 9.98156E-05 9.98156E-05 0.0733846 9.98156E-05 9.98156E-05 9.98156E-05 9.98156E-05 9.98156E-05 0.0271452 9.98156E-05
0.418963 9.98422E-05 9.98422E-05 0.120438 9.98422E-05 9.98422E-05 9.98422E-05 9.98422E-05 9.98422E-05 9.98422E-05 0.233439 9.98422E-05 0.0199197 9.98422E-05 9.98422E-05 9.98422E-05 9.98422E-05 0.144033 9.98422E-05 9.98422E-05 9.98422E-05 9.98422E-05 0.0614099 9.98422E-05
0.723911 9.98681E-05 9.98681E-05 9.98681E-05 0.0473427 0.0712059 9.98681E-05 9.98681E-05 0.00580317 9.98681E-05 9.98681E-05 9.98681E-05 0.00105031 9.98681E-05 9.98681E-05 0.00340372 0.00221024 0.0860803 9.98681E-05 9.98681E-05 9.98681E-05 9.98681E-05 0.057495 9.98681E-05
0.831534 9.98241E-05 9.98241E-05 9.98241E-05 0.0126013 9.98241E-05 9.98241E-05 9.98241E-05 9.98241E-05 9.98241E-05 9.98241E-05 9.98241E-05 0.121326 9.98241E-05 9.98241E-05 9.98241E-05 9.98241E-05 0.0325424 9.98241E-05 9.98241E-05 9.98241E-05 9.98241E-05 9.98241E-05 9.98241E-05
0.634335 9.98244E-05 9.98244E-05 9.98244E-05 9.98244E-05 9.98244E-05 9.98244E-05 9.98244E-05 9.98244E-05 9.98244E-05 0.25255 9.98244E-05 0.104119 9.98244E-05 9.98244E-05 9.98244E-05 9.98244E-05 0.00699964 9.98244E-05 9.98244E-05 9.98244E-05 9.98244E-05 9.98244E-05 9.98244E-05
0.708311 9.98417E-05 9.98417E-05 9.98417E-05 9.98417E-05 9.98417E-05 9.98417E-05 9.98417E-05 9.98417E-05 9.98417E-05 0.102091 9.98417E-05 0.012946 9.98417E-05 9.98417E-05 9.98417E-05 0.0550762 0.0820855 9.98417E-05 9.98417E-05 9.98417E-05 9.98417E-05 0.0376923 9.98417E-05
0.694464 9.9807E-05 9.9807E-05 9.9807E-05 9.9807E-05 9.9807E-05 9.9807E-05 0.30334 9.9807E-05 9.9807E-05 9.9807E-05 9.9807E-05 9.9807E-05 9.9807E-05 9.9807E-05 9.9807E-05 9.9807E-05 9.9807E-05 9.9807E-05 9.9807E-05 9.9807E-05 9.9807E-05 9.9807E-05 9.9807E-05
0.73887 9.9842E-05 9.9842E-05 9.9842E-05 9.9842E-05 9.9842E-05 9.9842E-05 0.0171723 9.9842E-05 0.0797078 9.9842E-05 9.9842E-05 9.9842E-05 9.9842E-05 9.9842E-05 0.0476293 9.9842E-05 0.0354187 9.9842E-05 9.9842E-05 0.0794048 9.9842E-05 9.9842E-05 9.9842E-05
0.641176 9.98242E-05 9.98242E-05 9.98242E-05 9.98242E-05 9.98242E-05 9.98242E-05 9.98242E-05 9.98242E-05 9.98242E-05 9.98242E-05 9.98242E-05 0.201365 9.98242E-05 9.98242E-05 9.98242E-05 9.98242E-05 0.0349762 9.98242E-05 9.98242E-05 0.120486 9.98242E-05 9.98242E-05 9.98242E-05
0.525245 0.121451 9.98595E-05 9.98595E-05 0.0764481 9.98595E-05 9.98595E-05 9.98595E-05 9.98595E-05 9.98595E-05 0.0420174 9.98595E-05 0.0449603 9.98595E-05 9.98595E-05 9.98595E-05 9.98595E-05 9.98595E-05 0.0112883 9.98595E-05 0.092863 9.98595E-05 0.0841289 9.98595E-05
0.612168 9.98418E-05 9.98418E-05 9.98418E-05 9.98418E-05 9.98418E-05 0.0322117 9.98418E-05 0.143863 9.98418E-05 9.98418E-05 9.98418E-05 9.98418E-05 9.98418E-05 9.98418E-05 9.98418E-05 9.98418E-05 0.100724 0.0445959 9.98418E-05 0.0646406 9.98418E-05 9.98418E-05 9.98418E-05
0.578061 9.98332E-05 9.98332E-05 9.98332E-05 0.0436328 9.98332E-05 9.98332E-05 9.98332E-05 0.0818704 9.98332E-05 9.98332E-05 9.98332E-05 0.283379 9.98332E-05 9.98332E-05 9.98332E-05 9.98332E-05 9.98332E-05 9.98332E-05 9.98332E-05 9.98332E-05 9.98332E-05 0.0111593 9.98332E-05
0.819164 9.98162E-05 9.98162E-05 9.98162E-05 9.98162E-05 9.98162E-05 9.98162E-05 0.135642 9.98162E-05 9.98162E-05 9.98162E-05 9.98162E-05 9.98162E-05 9.98162E-05 9.98162E-05 9.98162E-05 9.98162E-05 9.98162E-05 0.043098 9.98162E-05 9.98162E-05 9.98162E-05 9.98162E-05 9.98162E-05
0.970989 9.98159E-05 9.98159E-05 9.98159E-05 9.98159E-05 9.98159E-05 9.98159E-05 9.98159E-05 9.98159E-05 9.98159E-05 9.98159E-05 0.00333634 9.98159E-05 9.98159E-05 9.98159E-05 9.98159E-05 9.98159E-05 0.0235782 9.98159E-05 9.98159E-05 9.98159E-05 9.98159E-05 9.98159E-05 9.98159E-05
0.602393 9.9833E-05 9.9833E-05 0.111601 9.9833E-05 9.9833E-05 9.9833E-05 9.9833E-05 9.9833E-05 9.9833E-05 9.9833E-05 9.9833E-05 9.9833E-05 0.257851 9.9833E-05 9.9833E-05 0.0238716 9.9833E-05 0.00238632 9.9833E-05 9.9833E-05 9.9833E-05 9.9833E-05 9.9833E-05
0.528661 9.98244E-05 9.98244E-05 9.98244E-05 0.259345 9.98244E-05 9.98244E-05 9.98244E-05 9.98244E-05 9.98244E-05 9.98244E-05 9.98244E-05 9.98244E-05 9.98244E-05 9.98244E-05 0.112874 9.98244E-05 9.98244E-05 9.98244E-05 9.98244E-05 0.0971228 9.98244E-05 9.98244E-05 9.98244E-05
0.865354 9.98332E-05 9.98332E-05 9.98332E-05 9.98332E-05 9.98332E-05 9.98332E-05 9.98332E-05 9.98332E-05 9.98332E-05 9.98332E-05 9.98332E-05 0.0180426 9.98332E-05 9.98332E-05 0.0261235 0.069352 9.98332E-05 9.98332E-05 9.98332E-05 0.0192307 9.98332E-05 9.98332E-05 9.98332E-05
0.708327 9.98418E-05 9.98418E-05 9.98418E-05 9.98418E-05 0.0207839 9.98418E-05 9.98418E-05 9.98418E-05 9.98418E-05 9.98418E-05 9.98418E-05 0.227521 9.98418E-05 9.98418E-05 9.98418E-05 0.00388997 9.98418E-05 0.0236063 9.98418E-05 0.0140742 9.98418E-05 9.98418E-05 9.98418E-05
9.98072E-05 9.98072E-05 9.98072E-05 9.98072E-05 9.98072E-05 9.98072E-05 9.98072E-05 0.988356 9.98072E-05 9.98072E-05 9.98072E-05 9.98072E-05 0.00944854 9.98072E-05 9.98072E-05 9.98072E-05 9.98072E-05 9.98072E-05 9.98072E-05 9.98072E-05 9.98072E-05 9.98072E-05 9.98072E-05 9.98072E-05
0.650458 0.0990743 9.98507E-05 9.98507E-05 0.148681 9.98507E-05 0.0456508 9.98507E-05 9.98507E-05 9.98507E-05 9.98507E-05 9.98507E-05 0.0413253 9.98507E-05 9.98507E-05 0.00593159 0.00718071 9.98507E-05 9.98507E-05 9.98507E-05 9.98507E-05 9.98507E-05 9.98507E-05 9.98507E-05
0.650278 9.98422E-05 9.98422E-05 0.146174 0.0121433 9.98422E-05 9.98422E-05 9.98422E-05 9.98422E-05 9.98422E-05 0.170206 0.0181616 0.0012399 9.98422E-05 9.98422E-05 9.98422E-05 9.98422E-05 9.98422E-05 9.98422E-05 9.98422E-05 9.98422E-05 9.98422E-05 9.98422E-05 9.98422E-05
0.691369 9.98596E-05 9.98596E-05 9.98596E-05 9.98596E-05 9.98596E-05 0.0277068 9.98596E-05 9.98596E-05 9.98596E-05 9.98596E-05 9.98596E-05 9.98596E-05 0.0398489 9.98596E-05 0.108366 0.0349076 0.0393951 9.98596E-05 9.98596E-05 9.98596E-05 9.98596E-05 0.012466 0.0443424
0.785978 9.98331E-05 9.98331E-05 9.98331E-05 9.98331E-05 9.98331E-05 9.98331E-05 0.0519059 9.98331E-05 9.98331E-05 9.98331E-05 9.98331E-05 9.98331E-05 9.98331E-05 9.98331E-05 9.98331E-05 9.98331E-05 0.0284724 9.98331E-05 9.98331E-05 0.126621 0.00512546 9.98331E-05 9.98331E-05
9.98246E-05 9.98246E-05 9.98246E-05 0.14605 9.98246E-05 9.98246E-05 9.98246E-05 0.820012 9.98246E-05 9.98246E-05 9.98246E-05 9.98246E-05 0.00144408 9.98246E-05 9.98246E-05 9.98246E-05 9.98246E-05 0.0304973 9.98246E-05 9.98246E-05 9.98246E-05 9.98246E-05 9.98246E-05 9.98246E-05
0.986358 9.98072E-05 9.98072E-05 9.98072E-05 9.98072E-05 9.98072E-05 9.98072E-05 9.98072E-05 9.98072E-05 9.98072E-05 9.98072E-05 9.98072E-05 9.98072E-05 9.98072E-05 0.0114465 9.98072E-05 9.98072E-05 9.98072E-05 9.98072E-05 9.98072E-05 9.98072E-05 9.98072E-05 9.98072E-05 9.98072E-05
9.9798E-05 9.9798E-05 9.9798E-05 9.9798E-05 9.9798E-05 9.9798E-05 9.9798E-05 0.997705 9.9798E-05 9.9798E-05 9.9798E-05 9.9798E-05 9.9798E-05 9.9798E-05 9.9798E-05 9.9798E-05 9.9798E-05 9.9798E-05 9.9798E-05 9.9798E-05 9.9798E-05 9.9798E-05 9.9798E-05 9.9798E-05
0.930035 9.98071E-05 9.98071E-05 9.98071E-05 9.98071E-05 9.98071E-05 9.98071E-05 9.98071E-05 9.98071E-05 9.98071E-05 9.98071E-05 9.98071E-05 9.98071E-05 9.98071E-05 9.98071E-05 9.98071E-05 0.0677692 9.98071E-05 9.98071E-05 9.98071E-05 9.98071E-05 9.98071E-05 9.98071E-05 9.98071E-05
9.9816E-05 9.9816E-05 9.9816E-05 9.9816E-05 9.9816E-05 9.9816E-05 9.9816E-05 0.611333 9.9816E-05 9.9816E-05 9.9816E-05 0.14377 0.242802 9.9816E-05 9.9816E-05 9.9816E-05 9.9816E-05 9.9816E-05 9.9816E-05 9.9816E-05 9.9816E-05 9.9816E-05 9.9816E-05 9.9816E-05
9.98246E-05 9.98246E-05 9.98246E-05 0.625493 9.98246E-05 9.98246E-05 0.17761 9.98246E-05 9.98246E-05 9.98246E-05 9.98246E-05 9.98246E-05 0.16937 9.98246E-05 9.98246E-05 9.98246E-05 9.98246E-05 0.025531 9.98246E-05 9.98246E-05 9.98246E-05 9.98246E-05 9.98246E-05 9.98246E-05
9.98333E-05 9.98333E-05 9.98333E-05 0.212496 9.98333E-05 9.98333E-05 9.98333E-05 9.98333E-05 9.98333E-05 9.98333E-05 9.98333E-05 0.429375 0.0558891 9.98333E-05 0.299692 9.98333E-05 9.98333E-05 0.000650496 9.98333E-05 9.98333E-05 9.98333E-05 9.98333E-05 9.98333E-05 9.98333E-05
9.98333E-05 9.98333E-05 9.98333E-05 0.791892 0.0413203 9.98333E-05 9.98333E-05 9.98333E-05 0.106032 9.98333E-05 9.98333E-05 9.98333E-05 0.00181711 9.98333E-05 9.98333E-05 9.98333E-05 0.0570417 9.98333E-05 9.98333E-05 9.98333E-05 9.98333E-05 9.98333E-05 9.98333E-05 9.98333E-05
9.98242E-05 9.98242E-05 9.98242E-05 0.821583 9.98242E-05 9.98242E-05 9.98242E-05 9.98242E-05 9.98242E-05 9.98242E-05 9.98242E-05 9.98242E-05 0.0716342 9.98242E-05 9.98242E-05 9.98242E-05 0.0303559 0.0744303 9.98242E-05 9.98242E-05 9.98242E-05 9.98242E-05 9.98242E-05 9.98242E-05
9.98331E-05 9.98331E-05 9.98331E-05 0.489929 9.98331E-05 0.0380611 0.349527 9.98331E-05 9.98331E-05 9.98331E-05 9.98331E-05 9.98331E-05 9.98331E-05 9.98331E-05 9.98331E-05 9.98331E-05 9.98331E-05 0.116904 9.98331E-05 9.98331E-05 9.98331E-05 9.98331E-05 9.98331E-05 0.00368197
9.98509E-05 9.98509E-05 9.98509E-05 0.402852 9.98509E-05 9.98509E-05 0.233543 9.98509E-05 9.98509E-05 9.98509E-05 0.00521145 0.0393834 0.159157 9.98509E-05 9.98509E-05 0.00614957 9.98509E-05 0.152006 9.98509E-05 9.98509E-05 9.98509E-05 9.98509E-05 9.98509E-05 9.98509E-05
9.98508E-05 9.98508E-05 9.98508E-05 0.702611 0.0264137 9.98508E-05 9.98508E-05 9.98508E-05 9.98508E-05 9.98508E-05 9.98508E-05 0.0445222 0.0140906 9.98508E-05 9.98508E-05 9.98508E-05 0.0827697 0.110833 9.98508E-05 9.98508E-05 0.0170622 9.98508E-05 9.98508E-05 9.98508E-05
9.98156E-05 9.98156E-05 9.98156E-05 0.851156 9.98156E-05 9.98156E-05 9.98156E-05 9.98156E-05 9.98156E-05 9.98156E-05 9.98156E-05 9.98156E-05 0.00748303 9.98156E-05 9.98156E-05 9.98156E-05 9.98156E-05 0.139265 9.98156E-05 9.98156E-05 9.98156E-05 9.98156E-05 9.98156E-05 9.98156E-05
9.98156E-05 9.98156E-05 9.98156E-05 0.446006 9.98156E-05 9.98156E-05 9.98156E-05 9.98156E-05 9.98156E-05 9.98156E-05 0.226846 9.98156E-05 9.98156E-05 9.98156E-05 9.98156E-05 9.98156E-05 9.98156E-05 0.325051 9.98156E-05 9.98156E-05 9.98156E-05 9.98156E-05 9.98156E-05 9.98156E-05
9.98333E-05 9.98333E-05 9.98333E-05 0.549887 0.0268336 9.98333E-05 9.98333E-05 9.98333E-05 0.0651425 9.98333E-05 9.98333E-05 9.98333E-05 0.221855 9.98333E-05 9.98333E-05 9.98333E-05 9.98333E-05 0.134385 9.98333E-05 9.98333E-05 9.98333E-05 9.98333E-05 9.98333E-05 9.98333E-05
9.98334E-05 9.98334E-05 9.98334E-05 0.0294309 9.98334E-05 9.98334E-05 0.386905 9.98334E-05 9.98334E-05 9.98334E-05 0.131735 9.98334E-05 9.98334E-05 9.98334E-05 0.0912445 9.98334E-05 9.98334E-05 9.98334E-05 9.98334E-05 0.358788 9.98334E-05 9.98334E-05 9.98334E-05 9.98334E-05
9.9842E-05 9.9842E-05 9.9842E-05 0.405506 9.9842E-05 0.0162429 0.246451 9.9842E-05 9.9842E-05 9.9842E-05 0.12887 9.9842E-05 0.0231153 9.9842E-05 0.178018 9.9842E-05 9.9842E-05 9.9842E-05 9.9842E-05 9.9842E-05 9.9842E-05 9.9842E-05 9.9842E-05 9.9842E-05
9.9816E-05 9.9816E-05 9.9816E-05 0.81164 9.9816E-05 9.9816E-05 9.9816E-05 9.9816E-05 9.9816E-05 9.9816E-05 9.9816E-05 0.142588 9.9816E-05 9.9816E-05 9.9816E-05 9.9816E-05 9.9816E-05 0.0436761 9.9816E-05 9.9816E-05 9.9816E-05 9.9816E-05 9.9816E-05 9.9816E-05
9.98422E-05 9.98422E-05 9.98422E-05 0.332196 9.98422E-05 9.98422E-05 0.213848 9.98422E-05 9.98422E-05 9.98422E-05 9.98422E-05 0.0296335 0.186459 9.98422E-05 9.98422E-05 9.98422E-05 9.98422E-05 0.117413 9.98422E-05 0.118654 9.98422E-05 9.98422E-05 9.98422E-05 9.98422E-05
9.98509E-05 9.98509E-05 9.98509E-05 0.469312 9.98509E-05 9.98509E-05 0.138343 9.98509E-05 9.98509E-05 9.98509E-05 9.98509E-05 0.16753 9.98509E-05 9.98509E-05 0.0171182 9.98509E-05 0.116443 0.0431574 0.046399 9.98509E-05 9.98509E-05 9.98509E-05 9.98509E-05 9.98509E-05
9.98509E-05 9.98509E-05 9.98509E-05 0.218074 9.98509E-05 9.98509E-05 0.495155 9.98509E-05 9.98509E-05 9.98509E-05 0.0487977 9.98509E-05 0.145145 9.98509E-05 0.0319594 9.98509E-05 9.98509E-05 9.98509E-05 0.0454053 9.98509E-05 0.0137651 9.98509E-05 9.98509E-05 9.98509E-05
9.9842E-05 9.9842E-05 9.9842E-05 0.581222 9.9842E-05 0.0714642 9.9842E-05 9.9842E-05 9.9842E-05 9.9842E-05 0.188833 9.9842E-05 0.043212 9.9842E-05 9.9842E-05 9.9842E-05 9.9842E-05 0.0538686 9.9842E-05 0.0596034 9.9842E-05 9.9842E-05 9.9842E-05 9.9842E-05
9.98511E-05 9.98511E-05 9.98511E-05 0.3066 0.0894546 9.98511E-05 0.443626 9.98511E-05 0.0258732 9.98511E-05 9.98511E-05 9.98511E-05 9.98511E-05 9.98511E-05 0.0349242 9.98511E-05 9.98511E-05 0.0694032 9.98511E-05 9.98511E-05 9.98511E-05 9.98511E-05 0.028421 9.98511E-05
9.98246E-05 9.98246E-05 9.98246E-05 0.45329 9.98246E-05 9.98246E-05 0.418019 9.98246E-05 9.98246E-05 9.98246E-05 9.98246E-05 9.98246E-05 9.98246E-05 9.98246E-05 9.98246E-05 9.98246E-05 9.98246E-05 9.98246E-05 9.98246E-05 0.112 0.0146954 9.98246E-05 9.98246E-05 9.98246E-05
9.98595E-05 9.98595E-05 9.98595E-05 0.341068 9.98595E-05 0.0868284 0.0150255 9.98595E-05 9.98595E-05 9.98595E-05 9.98595E-05 9.98595E-05 0.0613169 9.98595E-05 0.385929 9.98595E-05 9.98595E-05 0.0896369 0.0108381 9.98595E-05 0.00775957 9.98595E-05 9.98595E-05 9.98595E-05
9.98683E-05 9.98683E-05 9.98683E-05 0.183575 9.98683E-05 9.98683E-05 0.42711 9.98683E-05 0.0314331 9.98683E-05 0.0608942 0.0994156 0.140913 9.98683E-05 9.98683E-05 0.0203081 9.98683E-05 0.0193603 9.98683E-05 0.0154931 9.98683E-05 9.98683E-05 9.98683E-05 9.98683E-05
9.9842E-05 9.9842E-05 9.9842E-05 0.564226 9.9842E-05 9.9842E-05 0.322318 9.9842E-05 9.9842E-05 9.9842E-05 9.9842E-05 9.9842E-05 0.0197018 9.9842E-05 9.9842E-05 9.9842E-05 0.0131304 9.9842E-05 9.9842E-05 0.0586674 0.0201596 9.9842E-05 9.9842E-05 9.9842E-05
9.98508E-05 9.98508E-05 9.98508E-05 0.314211 9.98508E-05 0.0623605 0.11356 9.98508E-05 9.98508E-05 9.98508E-05 0.00888663 9.98508E-05 0.188876 9.98508E-05 9.98508E-05 9.98508E-05 9.98508E-05 0.22307 9.98508E-05 9.98508E-05 9.98508E-05 0.087338 9.98508E-05 9.98508E-05
9.98246E-05 9.98246E-05 9.98246E-05 0.319632 9.98246E-05 9.98246E-05 0.267545 9.98246E-05 9.98246E-05 9.98246E-05 9.98246E-05 0.194225 9.98246E-05 9.98246E-05 9.98246E-05 9.98246E-05 9.98246E-05 0.216601 9.98246E-05 9.98246E-05 9.98246E-05 9.98246E-05 9.98246E-05 9.98246E-05
9.9842E-05 9.9842E-05 9.9842E-05 0.36227 9.9842E-05 0.0501081 0.0308836 9.9842E-05 9.9842E-05 9.9842E-05 9.9842E-05 9.9842E-05 0.226753 9.9842E-05 9.9842E-05 9.9842E-05 9.9842E-05 0.260906 9.9842E-05 9.9842E-05 9.9842E-05 0.0672826 9.9842E-05 9.9842E-05
0.0677584 9.98509E-05 9.98509E-05 0.350059 9.98509E-05 9.98509E-05 9.98509E-05 9.98509E-05 9.98509E-05 9.98509E-05 0.0335924 0.0114273 0.096889 9.98509E-05 9.98509E-05 9.98509E-05 9.98509E-05 0.107154 9.98509E-05 0.331422 9.98509E-05 9.98509E-05 9.98509E-05 9.98509E-05
9.98596E-05 0.038364 9.98596E-05 9.98596E-05 9.98596E-05 0.020709 0.0622682 9.98596E-05 9.98596E-05 9.98596E-05 9.98596E-05 0.706233 0.0174756 0.00890778 9.98596E-05 9.98596E-05 9.98596E-05 9.98596E-05 9.98596E-05 9.98596E-05 9.98596E-05 9.98596E-05 0.00207573 0.142369
9.98155E-05 9.98155E-05 9.98155E-05 0.878166 9.98155E-05 9.98155E-05 9.98155E-05 9.98155E-05 9.98155E-05 9.98155E-05 9.98155E-05 9.98155E-05 0.0760111 9.98155E-05 9.98155E-05 9.98155E-05 9.98155E-05 0.0437267 9.98155E-05 9.98155E-05 9.98155E-05 9.98155E-05 9.98155E-05 9.98155E-05
9.98421E-05 9.98421E-05 9.98421E-05 0.207337 9.98421E-05 0.0195746 0.470993 9.98421E-05 9.98421E-05 9.98421E-05 0.0381612 9.98421E-05 0.120567 9.98421E-05 9.98421E-05 9.98421E-05 9.98421E-05 0.14157 9.98421E-05 9.98421E-05 9.98421E-05 9.98421E-05 9.98421E-05 9.98421E-05
9.98508E-05 9.98508E-05 9.98508E-05 0.560323 9.98508E-05 0.0482482 0.0877487 9.98508E-05 0.0687708 9.98508E-05 9.98508E-05 0.167713 0.0185925 9.98508E-05 9.98508E-05 9.98508E-05 9.98508E-05 9.98508E-05 9.98508E-05 9.98508E-05 0.0469065 9.98508E-05 9.98508E-05 9.98508E-05
9.98422E-05 9.98422E-05 9.98422E-05 0.752105 9.98422E-05 9.98422E-05 9.98422E-05 9.98422E-05 9.98422E-05 9.98422E-05 9.98422E-05 9.98422E-05 0.100108 9.98422E-05 9.98422E-05 9.98422E-05 9.98422E-05 9.98422E-05 0.0159911 0.0754845 0.0400649 0.0144498 9.98422E-05 9.98422E-05
9.98157E-05 9.98157E-05 9.98157E-05 0.885094 9.98157E-05 9.98157E-05 9.98157E-05 9.98157E-05 9.98157E-05 9.98157E-05 9.98157E-05 0.0829729 9.98157E-05 9.98157E-05 9.98157E-05 9.98157E-05 9.98157E-05 9.98157E-05 0.029837 9.98157E-05 9.98157E-05 9.98157E-05 9.98157E-05 9.98157E-05
9.98332E-05 9.98332E-05 9.98332E-05 0.383923 9.98332E-05 0.170324 9.98332E-05 9.98332E-05 0.0196586 9.98332E-05 9.98332E-05 9.98332E-05 0.130415 9.98332E-05 9.98332E-05 9.98332E-05 9.98332E-05 0.293782 9.98332E-05 9.98332E-05 9.98332E-05 9.98332E-05 9.98332E-05 9.98332E-05
9.98156E-05 9.98156E-05 9.98156E-05 0.888898 0.107091 9.98156E-05 9.98156E-05 9.98156E-05 9.98156E-05 9.98156E-05 9.98156E-05 9.98156E-05 0.0019144 9.98156E-05 9.98156E-05 9.98156E-05 9.98156E-05 9.98156E-05 9.98156E-05 9.98156E-05 9.98156E-05 9.98156E-05 9.98156E-05 9.98156E-05
9.98246E-05 9.98246E-05 9.98246E-05 0.954464 9.98246E-05 9.98246E-05 9.98246E-05 9.98246E-05 9.98246E-05 9.98246E-05 9.98246E-05 0.0067624 0.027513 9.98246E-05 9.98246E-05 9.98246E-05 9.98246E-05 9.98246E-05 9.98246E-05 0.0092641 9.98246E-05 9.98246E-05 9.98246E-05 9.98246E-05
9.98508E-05 9.98508E-05 9.98508E-05 0.163642 9.98508E-05 9.98508E-05 0.543103 9.98508E-05 9.98508E-05 9.98508E-05 9.98508E-05 9.98508E-05 9.98508E-05 9.98508E-05 0.134017 9.98508E-05 9.98508E-05 0.0299754 9.98508E-05 0.0424785 0.00629165 9.98508E-05 0.0787946 9.98508E-05
9.98331E-05 9.98331E-05 9.98331E-05 0.562105 9.98331E-05 9.98331E-05 0.153319 9.98331E-05 9.98331E-05 9.98331E-05 9.98331E-05 9.98331E-05 0.219514 9.98331E-05 9.98331E-05 9.98331E-05 0.0388633 0.0243026 9.98331E-05 9.98331E-05 9.98331E-05 9.98331E-05 9.98331E-05 9.98331E-05
9.98332E-05 9.98332E-05 9.98332E-05 9.98332E-05 9.98332E-05 0.0351906 0.188189 9.98332E-05 9.98332E-05 9.98332E-05 9.98332E-05 0.482601 9.98332E-05 9.98332E-05 9.98332E-05 9.98332E-05 9.98332E-05 0.0191206 9.98332E-05 0.273002 9.98332E-05 9.98332E-05 9.98332E-05 9.98332E-05
9.98246E-05 9.98246E-05 9.98246E-05 0.315348 9.98246E-05 9.98246E-05 0.351387 9.98246E-05 9.98246E-05 9.98246E-05 9.98246E-05 0.254026 0.0772422 9.98246E-05 9.98246E-05 9.98246E-05 9.98246E-05 9.98246E-05 9.98246E-05 9.98246E-05 9.98246E-05 9.98246E-05 9.98246E-05 9.98246E-05
9.98158E-05 9.98158E-05 9.98158E-05 0.393914 9.98158E-05 9.98158E-05 9.98158E-05 9.98158E-05 0.0368513 9.98158E-05 9.98158E-05 0.567139 9.98158E-05 9.98158E-05 9.98158E-05 9.98158E-05 9.98158E-05 9.98158E-05 9.98158E-05 9.98158E-05 9.98158E-05 9.98158E-05 9.98158E-05 9.98158E-05
9.98334E-05 9.98334E-05 9.98334E-05 0.154534 9.98334E-05 0.000457857 0.189174 9.98334E-05 9.98334E-05 9.98334E-05 9.98334E-05 9.98334E-05 9.98334E-05 9.98334E-05 0.0808012 9.98334E-05 9.98334E-05 9.98334E-05 9.98334E-05 0.573137 9.98334E-05 9.98334E-05 9.98334E-05 9.98334E-05
9.98332E-05 9.98332E-05 9.98332E-05 0.398445 9.98332E-05 9.98332E-05 9.98332E-05 9.98332E-05 0.0347833 9.98332E-05 0.157061 9.98332E-05 0.297194 9.98332E-05 9.98332E-05 9.98332E-05 9.98332E-05 0.11062 9.98332E-05 9.98332E-05 9.98332E-05 9.98332E-05 9.98332E-05 9.98332E-05
9.98333E-05 0.0286423 9.98333E-05 0.454828 9.98333E-05 9.98333E-05 0.387591 9.98333E-05 9.98333E-05 9.98333E-05 9.98333E-05 0.0292871 9.98333E-05 9.98333E-05 9.98333E-05 9.98333E-05 9.98333E-05 0.0977546 9.98333E-05 9.98333E-05 9.98333E-05 9.98333E-05 9.98333E-05 9.98333E-05
9.98422E-05 9.98422E-05 9.98422E-05 9.98422E-05 9.98422E-05 0.0533864 9.98422E-05 9.98422E-05 9.98422E-05 9.98422E-05 9.98422E-05 0.0488143 0.0843282 9.98422E-05 0.434471 9.98422E-05 9.98422E-05 0.135995 9.98422E-05 0.241208 9.98422E-05 9.98422E-05 9.98422E-05 9.98422E-05
9.98068E-05 9.98068E-05 9.98068E-05 0.338728 9.98068E-05 9.98068E-05 9.98068E-05 9.98068E-05 9.98068E-05 9.98068E-05 9.98068E-05 9.98068E-05 9.98068E-05 9.98068E-05 0.659076 9.98068E-05 9.98068E-05 9.98068E-05 9.98068E-05 9.98068E-05 9.98068E-05 9.98068E-05 9.98068E-05 9.98068E-05
9.98419E-05 9.98419E-05 9.98419E-05 0.494124 9.98419E-05 0.101775 0.0759736 9.98419E-05 9.98419E-05 9.98419E-05 0.160383 9.98419E-05 9.98419E-05 0.0031006 9.98419E-05 9.98419E-05 9.98419E-05 0.162847 9.98419E-05 9.98419E-05 9.98419E-05 9.98419E-05 9.98419E-05 9.98419E-05
0.148667 9.98334E-05 9.98334E-05 0.651676 9.98334E-05 9.98334E-05 9.98334E-05 9.98334E-05 9.98334E-05 9.98334E-05 9.98334E-05 0.0367151 0.0617293 9.98334E-05 9.98334E-05 9.98334E-05 9.98334E-05 0.0993155 9.98334E-05 9.98334E-05 9.98334E-05 9.98334E-05 9.98334E-05 9.98334E-05
9.98599E-05 9.98599E-05 9.98599E-05 0.280251 9.98599E-05 9.98599E-05 0.325012 9.98599E-05 9.98599E-05 9.98599E-05 0.0135932 9.98599E-05 0.0522258 9.98599E-05 0.0327753 9.98599E-05 9.98599E-05 0.10806 9.98599E-05 0.0107268 9.98599E-05 9.98599E-05 9.98599E-05 0.175759
0.022367 9.98509E-05 9.98509E-05 0.39551 0.0783838 0.000576608 9.98509E-05 9.98509E-05 9.98509E-05 9.98509E-05 9.98509E-05 9.98509E-05 0.207197 9.98509E-05 9.98509E-05 9.98509E-05 9.98509E-05 0.280659 9.98509E-05 9.98509E-05 9.98509E-05 0.0136087 9.98509E-05 9.98509E-05
9.98244E-05 9.98244E-05 9.98244E-05 0.208937 9.98244E-05 9.98244E-05 0.0365614 9.98244E-05 9.98244E-05 9.98244E-05 9.98244E-05 0.712835 9.98244E-05 9.98244E-05 9.98244E-05 9.98244E-05 9.98244E-05 9.98244E-05 9.98244E-05 0.0396701 9.98244E-05 9.98244E-05 9.98244E-05 9.98244E-05
9.98245E-05 9.98245E-05 9.98245E-05 0.719698 9.98245E-05 9.98245E-05 9.98245E-05 9.98245E-05 9.98245E-05 9.98245E-05 9.98245E-05 9.98245E-05 0.118991 9.98245E-05 9.98245E-05 0.0937115 9.98245E-05 9.98245E-05 9.98245E-05 9.98245E-05 9.98245E-05 9.98245E-05 0.0656032 9.98245E-05
9.98157E-05 9.98157E-05 9.98157E-05 9.98157E-05 9.98157E-05 9.98157E-05 9.98157E-05 9.98157E-05 9.98157E-05 9.98157E-05 0.00320006 0.904033 9.98157E-05 9.98157E-05 9.98157E-05 9.98157E-05 9.98157E-05 0.0906705 9.98157E-05 9.98157E-05 9.98157E-05 9.98157E-05 9.98157E-05 9.98157E-05
9.98248E-05 9.98248E-05 9.98248E-05 9.98248E-05 9.98248E-05 9.98248E-05 0.697676 9.98248E-05 9.98248E-05 9.98248E-05 9.98248E-05 0.161235 0.0927854 9.98248E-05 9.98248E-05 9.98248E-05 9.98248E-05 9.98248E-05 9.98248E-05 9.98248E-05 0.046307 9.98248E-05 9.98248E-05 9.98248E-05
9.98246E-05 9.98246E-05 9.98246E-05 0.319835 9.98246E-05 9.98246E-05 0.592999 9.98246E-05 9.98246E-05 9.98246E-05 9.98246E-05 9.98246E-05 9.98246E-05 9.98246E-05 9.98246E-05 9.98246E-05 0.0193816 9.98246E-05 0.0657879 9.98246E-05 9.98246E-05 9.98246E-05 9.98246E-05 9.98246E-05
9.98157E-05 9.98157E-05 9.98157E-05 0.667416 9.98157E-05 9.98157E-05 0.26729 9.98157E-05 9.98157E-05 9.98157E-05 9.98157E-05 9.98157E-05 9.98157E-05 9.98157E-05 9.98157E-05 0.0631977 9.98157E-05 9.98157E-05 9.98157E-05 9.98157E-05 9.98157E-05 9.98157E-05 9.98157E-05 9.98157E-05
9.98332E-05 9.98332E-05 9.98332E-05 0.546325 9.98332E-05 9.98332E-05 0.0106078 9.98332E-05 9.98332E-05 9.98332E-05 0.184099 9.98332E-05 0.101291 9.98332E-05 9.98332E-05 9.98332E-05 9.98332E-05 0.15578 9.98332E-05 9.98332E-05 9.98332E-05 9.98332E-05 9.98332E-05 9.98332E-05
9.98244E-05 9.98244E-05 9.98244E-05 0.729761 9.98244E-05 9.98244E-05 0.0578178 9.98244E-05 9.98244E-05 9.98244E-05 9.98244E-05 9.98244E-05 0.0551667 9.98244E-05 9.98244E-05 9.98244E-05 9.98244E-05 0.155258 9.98244E-05 9.98244E-05 9.98244E-05 9.98244E-05 9.98244E-05 9.98244E-05
