0.0488887 0.0743818 0.52762 9.99561E-05 0.217386 9.99561E-05 9.99561E-05 9.99561E-05 9.99561E-05 0.131224
9.99473E-05 9.99473E-05 0.816231 9.99473E-05 0.153049 9.99473E-05 0.000606113 9.99473E-05 9.99473E-05 0.0295141
9.99473E-05 9.99473E-05 0.953205 0.0296455 9.99473E-05 9.99473E-05 9.99473E-05 0.00727948 0.00927073 9.99473E-05
9.99824E-05 0.00644216 0.287782 0.0137749 0.0352987 0.416626 0.0408208 9.99824E-05 0.128292 0.0707628
9.99385E-05 0.0294192 0.827988 0.141893 9.99385E-05 9.99385E-05 9.99385E-05 9.99385E-05 9.99385E-05 9.99385E-05
0.0220514 0.188462 0.256162 0.128313 0.0658618 0.216421 9.99737E-05 9.99737E-05 0.122429 9.99737E-05
9.99561E-05 9.99561E-05 0.326876 9.99561E-05 0.198305 0.26025 9.99561E-05 0.054156 9.99561E-05 0.159913
9.99737E-05 0.217281 0.289617 0.195348 9.99737E-05 0.132584 9.99737E-05 0.143796 0.0150664 0.00600813
9.99648E-05 0.224465 0.24628 0.106619 0.25106 0.0909894 0.0801862 9.99648E-05 9.99648E-05 9.99648E-05
0.0465093 9.99297E-05 0.952691 9.99297E-05 9.99297E-05 9.99297E-05 9.99297E-05 9.99297E-05 9.99297E-05 9.99297E-05
9.99649E-05 0.0513159 0.465382 9.99649E-05 0.241621 0.0577227 0.018595 9.99649E-05 9.99649E-05 0.164963
9.99649E-05 9.99649E-05 0.779405 0.0208525 9.99649E-05 0.105314 9.99649E-05 0.0123843 0.0407944 0.0408502
9.99473E-05 0.0133068 0.876593 9.99473E-05 0.0925064 9.99473E-05 9.99473E-05 0.0169939 9.99473E-05 9.99473E-05
9.99561E-05 9.99561E-05 0.646128 9.99561E-05 0.0168721 9.99561E-05 9.99561E-05 0.0431306 0.225843 0.0675268
9.99561E-05 0.209084 0.314724 9.99561E-05 0.201115 0.11505 9.99561E-05 9.99561E-05 0.159527 9.99561E-05
0.00240599 0.191494 0.300152 9.99824E-05 0.139005 0.0895322 9.99824E-05 0.21479 0.0363785 0.0260415
9.99649E-05 0.0395043 0.608897 9.99649E-05 9.99649E-05 0.147117 0.0216291 9.99649E-05 0.146567 0.0358858
0.245108 0.0107495 0.259554 0.0792777 0.193811 9.99737E-05 0.196668 9.99737E-05 9.99737E-05 0.0145317
0.0249547 0.0842819 0.378271 9.99648E-05 0.265511 0.188126 9.99648E-05 9.99648E-05 9.99648E-05 0.0584561
9.99298E-05 9.99298E-05 0.946539 9.99298E-05 9.99298E-05 9.99298E-05 0.052662 9.99298E-05 9.99298E-05 9.99298E-05
9.99737E-05 0.109103 0.497543 0.0963635 9.99737E-05 0.169222 0.0517577 0.0180647 9.99737E-05 0.057646
9.99561E-05 0.218199 0.381421 0.211887 9.99561E-05 0.187164 9.99561E-05 9.99561E-05 9.99561E-05 0.000829741
0.00119499 9.99474E-05 0.713748 9.99474E-05 0.182445 9.99474E-05 9.99474E-05 9.99474E-05 9.99474E-05 0.102012
9.99473E-05 9.99473E-05 0.381081 9.99473E-05 0.430464 0.0831088 9.99473E-05 0.104746 9.99473E-05 9.99473E-05
9.99736E-05 0.0944212 0.342808 9.99736E-05 0.299115 0.0441146 0.0371723 9.99736E-05 0.0789638 0.103106
9.99824E-05 0.0126556 0.728184 0.0792022 0.048896 0.0361382 9.99824E-05 0.0112856 0.0636929 0.0197451
0.192199 0.00389668 0.0761936 9.99649E-05 0.34162 9.99649E-05 9.99649E-05 0.147662 0.238029 9.99649E-05
9.99386E-05 9.99386E-05 0.818828 9.99386E-05 0.0700702 0.110402 9.99386E-05 9.99386E-05 9.99386E-05 9.99386E-05
9.99649E-05 9.99649E-05 0.594183 9.99649E-05 0.336123 0.00278938 0.0292467 9.99649E-05 0.0332643 0.00399337
9.99737E-05 0.0233209 0.746647 9.99737E-05 0.00616397 0.0986021 0.0586494 0.0473297 0.0189867 9.99737E-05
9.99561E-05 0.031826 0.743281 9.99561E-05 0.0702843 9.99561E-05 0.0263154 9.99561E-05 9.99561E-05 0.127794
9.99474E-05 9.99474E-05 0.550304 9.99474E-05 9.99474E-05 0.164063 9.99474E-05 9.99474E-05 0.243687 0.0413461
9.99473E-05 9.99473E-05 0.593977 9.99473E-05 0.221123 9.99473E-05 9.99473E-05 0.0349559 9.99473E-05 0.149344
9.99561E-05 9.99561E-05 0.491634 9.99561E-05 0.145866 9.99561E-05 9.99561E-05 0.0503526 0.20025 0.111397
9.99473E-05 9.99473E-05 0.872201 9.99473E-05 0.0345796 9.99473E-05 0.052149 9.99473E-05 9.99473E-05 0.0404706
9.99649E-05 0.0293124 0.74163 9.99649E-05 0.0388737 0.164972 0.00754992 9.99649E-05 9.99649E-05 0.0172623
9.99474E-05 0.00771133 0.904847 9.99474E-05 9.99474E-05 9.99474E-05 9.99474E-05 0.0787403 9.99474E-05 0.00810217
9.99473E-05 0.171409 0.691837 9.99473E-05 0.0644587 9.99473E-05 0.0716964 9.99473E-05 9.99473E-05 9.99473E-05
9.99649E-05 0.0212572 0.55686 0.0700109 0.210927 9.99649E-05 9.99649E-05 9.99649E-05 0.122315 0.0182301
9.99649E-05 9.99649E-05 0.603408 0.0811009 0.00742926 9.99649E-05 9.99649E-05 0.15384 0.124561 0.0292607
9.99561E-05 0.0120292 0.733931 9.99561E-05 0.0866805 0.128031 9.99561E-05 9.99561E-05 9.99561E-05 0.0388286
9.99649E-05 0.0471381 0.712591 0.018109 0.16994 0.0134965 0.0383255 9.99649E-05 9.99649E-05 9.99649E-05
9.99561E-05 9.99561E-05 0.885159 0.0660381 9.99561E-05 0.000659881 9.99561E-05 0.0218469 0.0257967 9.99561E-05
9.99649E-05 0.147667 0.409437 0.00821764 0.300368 0.0306622 9.99649E-05 9.99649E-05 9.99649E-05 0.103249
9.99561E-05 9.99561E-05 0.317164 9.99561E-05 0.265854 0.323652 0.0670964 9.99561E-05 9.99561E-05 0.025734
9.99385E-05 9.99385E-05 0.803513 0.101429 9.99385E-05 9.99385E-05 0.094359 9.99385E-05 9.99385E-05 9.99385E-05
0.0457162 0.106644 0.84694 9.99386E-05 9.99386E-05 9.99386E-05 9.99386E-05 9.99386E-05 9.99386E-05 9.99386E-05
9.99473E-05 9.99473E-05 0.932513 0.0328408 9.99473E-05 9.99473E-05 0.0129925 0.0210538 9.99473E-05 9.99473E-05
0.0136603 9.99648E-05 0.696464 0.0520624 0.121675 9.99648E-05 9.99648E-05 0.0373451 9.99648E-05 0.0783936
0.0163812 9.9965E-05 0.735447 0.0586481 9.9965E-05 9.9965E-05 0.0476542 0.0883305 9.9965E-05 0.0531395
9.99648E-05 0.0579531 0.322119 9.99648E-05 0.230188 0.214366 9.99648E-05 9.99648E-05 0.0184138 0.156561
9.99649E-05 0.0198949 0.582567 0.100864 9.99649E-05 0.225685 9.99649E-05 0.0409033 9.99649E-05 0.0296861
0.111963 9.99386E-05 0.858098 9.99386E-05 0.0292391 9.99386E-05 9.99386E-05 9.99386E-05 9.99386E-05 9.99386E-05
9.99649E-05 0.0400385 0.658336 0.0617038 0.00691767 9.99649E-05 9.99649E-05 0.213988 0.0186164 9.99649E-05
9.99649E-05 9.99649E-05 0.820465 0.013287 0.095202 0.0483226 0.0109183 0.0114049 9.99649E-05 9.99649E-05
9.99561E-05 9.99561E-05 0.808758 0.0545279 9.99561E-05 9.99561E-05 0.0515207 9.99561E-05 0.0744844 0.010209
0.0671779 0.0167892 0.646531 0.0322709 0.122106 0.0182367 9.99824E-05 0.0312127 9.99824E-05 0.0654754
9.99386E-05 9.99386E-05 0.836838 9.99386E-05 9.99386E-05 0.105937 9.99386E-05 9.99386E-05 9.99386E-05 0.0565254
9.99474E-05 9.99474E-05 0.837562 9.99474E-05 9.99474E-05 9.99474E-05 0.0111912 0.0257047 9.99474E-05 0.124943
0.174651 0.0535006 0.130763 9.99561E-05 0.577372 9.99561E-05 9.99561E-05 9.99561E-05 9.99561E-05 0.0632142
9.99562E-05 9.99562E-05 0.351738 9.99562E-05 0.387653 0.16646 9.99562E-05 0.0803505 9.99562E-05 0.0132985
0.112342 0.0297372 0.353472 9.99737E-05 0.293856 9.99737E-05 9.99737E-05 0.0781694 0.0948265 0.0372973
0.0645659 0.186135 9.99649E-05 9.99649E-05 0.499469 9.99649E-05 9.99649E-05 0.00154061 0.222359 0.0255315
0.117872 0.135219 0.13701 9.99736E-05 0.370235 0.11829 9.99736E-05 0.0880208 9.99736E-05 0.033053
0.0852687 0.0611824 9.99561E-05 9.99561E-05 0.719177 9.99561E-05 0.0700957 9.99561E-05 9.99561E-05 0.063776
9.99473E-05 9.99473E-05 0.0105999 9.99473E-05 0.69804 0.169158 9.99473E-05 9.99473E-05 9.99473E-05 0.121602
0.22006 0.125685 9.99649E-05 9.99649E-05 0.577811 9.99649E-05 9.99649E-05 0.0205707 0.0462713 0.00920216
0.168045 0.0131944 0.178669 9.99649E-05 0.479919 9.99649E-05 9.99649E-05 0.012383 0.147391 9.99649E-05
9.99561E-05 0.107225 0.315862 9.99561E-05 0.340627 0.0616406 9.99561E-05 9.99561E-05 9.99561E-05 0.174145
9.99561E-05 0.0766788 9.99561E-05 9.99561E-05 0.582889 0.0463535 0.0374917 9.99561E-05 9.99561E-05 0.256088
0.000727278 9.99649E-05 0.00045818 9.99649E-05 0.507117 0.169432 9.99649E-05 0.174443 9.99649E-05 0.147423
0.0258555 0.204732 9.99824E-05 0.225448 0.230986 0.00443166 9.99824E-05 0.106641 0.0984948 0.103211
0.0085965 9.99737E-05 0.00318783 0.166752 0.698361 0.0190298 9.99737E-05 0.0635046 9.99737E-05 0.0402678
9.99562E-05 9.99562E-05 0.268021 9.99562E-05 0.314966 9.99562E-05 9.99562E-05 0.141682 0.235455 0.0393759
9.99562E-05 0.0440103 0.229878 9.99562E-05 0.549193 0.0869315 9.99562E-05 9.99562E-05 9.99562E-05 0.0894878
0.138821 9.99561E-05 9.99561E-05 9.99561E-05 0.474303 0.185413 9.99561E-05 0.0841604 0.116803 9.99561E-05
0.00303531 0.131001 0.113329 9.99649E-05 0.258585 0.275233 9.99649E-05 9.99649E-05 9.99649E-05 0.218417
0.087167 0.04666 0.20739 9.99649E-05 0.446534 0.0958293 9.99649E-05 9.99649E-05 9.99649E-05 0.11602
0.0666204 9.99649E-05 9.99649E-05 9.99649E-05 0.704645 0.0297691 0.00790092 0.178011 9.99649E-05 0.0126545
0.00936289 0.000716769 0.35071 0.0191065 0.485924 9.99737E-05 9.99737E-05 0.103039 9.99737E-05 0.0308405
9.99649E-05 0.00210193 0.0747543 9.99649E-05 0.714543 0.109251 9.99649E-05 0.0972869 9.99649E-05 0.00166338
0.0710072 9.99737E-05 0.166873 9.99737E-05 0.343339 9.99737E-05 0.0006096 0.0447698 0.307983 0.0651189
0.0525042 0.066069 0.163571 9.99824E-05 0.257682 0.264392 9.99824E-05 0.0399072 0.0955301 0.0601445
9.99649E-05 0.0292214 0.246528 9.99649E-05 0.350736 0.0038316 9.99649E-05 9.99649E-05 0.0836328 0.28565
0.00587935 0.111429 0.358334 9.99562E-05 0.409027 9.99562E-05 9.99562E-05 9.99562E-05 9.99562E-05 0.114831
0.103254 0.025071 0.390483 9.99737E-05 0.352391 0.0628425 9.99737E-05 0.0185189 0.0471399 9.99737E-05
0.0064967 0.0595656 0.188668 9.9965E-05 0.627425 0.0829037 9.9965E-05 0.0345408 9.9965E-05 9.9965E-05
0.229078 0.0729473 0.294199 9.99562E-05 0.376976 9.99562E-05 9.99562E-05 9.99562E-05 9.99562E-05 0.0262998
9.99562E-05 0.0931438 0.246251 9.99562E-05 0.395072 9.99562E-05 9.99562E-05 0.0993897 0.165643 9.99562E-05
9.99473E-05 0.157602 9.99473E-05 0.0173325 0.106847 9.99473E-05 9.99473E-05 9.99473E-05 0.717619 9.99473E-05
9.99474E-05 0.0198763 0.015421 9.99474E-05 0.010485 9.99474E-05 9.99474E-05 9.99474E-05 0.953618 9.99474E-05
9.99473E-05 9.99473E-05 9.99473E-05 0.0185079 0.144673 9.99473E-05 9.99473E-05 9.99473E-05 0.797784 0.0384354
0.043006 0.124508 9.99648E-05 0.0601365 0.140931 9.99648E-05 9.99648E-05 9.99648E-05 0.596774 0.0342448
0.0683098 0.0735331 9.99736E-05 9.99736E-05 0.00311812 0.031162 0.0935538 9.99736E-05 0.70893 0.0210937
9.99473E-05 0.182105 9.99473E-05 9.99473E-05 0.0615442 0.0107935 9.99473E-05 9.99473E-05 0.744958 9.99473E-05
0.0462907 0.134467 9.99561E-05 9.99561E-05 0.0569709 9.99561E-05 9.99561E-05 9.99561E-05 0.716695 0.0450768
9.99473E-05 0.267131 9.99473E-05 9.99473E-05 0.0151975 9.99473E-05 0.0382163 9.99473E-05 0.678855 9.99473E-05
9.99472E-05 0.341698 9.99472E-05 9.99472E-05 0.448388 9.99472E-05 9.99472E-05 9.99472E-05 0.149353 0.0599616
0.0172642 0.207859 9.99648E-05 0.0118267 0.298288 0.00120263 9.99648E-05 9.99648E-05 0.463159 9.99648E-05
9.99386E-05 0.0640818 9.99386E-05 9.99386E-05 0.0831711 9.99386E-05 9.99386E-05 9.99386E-05 0.852048 9.99386E-05
9.99473E-05 0.0187757 9.99473E-05 9.99473E-05 0.0990474 9.99473E-05 9.99473E-05 9.99473E-05 0.816594 0.0649828
0.00199727 0.131631 9.99561E-05 0.0119159 9.99561E-05 9.99561E-05 9.99561E-05 9.99561E-05 0.850607 0.00334869
9.99385E-05 0.17764 9.99385E-05 9.99385E-05 0.188334 9.99385E-05 9.99385E-05 9.99385E-05 0.633326 9.99385E-05
0.154809 0.0653114 9.99473E-05 9.99473E-05 9.99473E-05 9.99473E-05 9.99473E-05 0.0558468 0.723433 9.99473E-05
9.99649E-05 0.0633473 9.99649E-05 9.99649E-05 0.259735 9.99649E-05 0.0163967 0.046889 0.575448 0.0377836
0.0279419 0.0828233 9.995E-05 9.995E-05 0.143742 9.995E-05 0.0519067 9.995E-05 0.693086 9.995E-05
9.99561E-05 0.119203 9.99561E-05 0.0914627 9.99561E-05 9.99561E-05 9.99561E-05 0.00668049 0.769425 0.0127286
9.99473E-05 0.0370373 9.99473E-05 0.0178287 9.99473E-05 9.99473E-05 9.99473E-05 9.99473E-05 0.908556 0.0359787
9.99649E-05 0.0238447 9.99649E-05 9.99649E-05 0.217718 0.0479457 0.111657 9.99649E-05 0.540461 0.057974
9.99473E-05 0.0676443 9.99473E-05 0.0582064 0.17562 9.99473E-05 9.99473E-05 9.99473E-05 0.69793 9.99473E-05
0.02726 0.0809794 9.99473E-05 9.99473E-05 9.99473E-05 9.99473E-05 9.99473E-05 9.99473E-05 0.860015 0.0311456
9.99561E-05 0.29089 9.99561E-05 0.0835629 0.183947 9.99561E-05 0.0215662 9.99561E-05 0.419535 9.99561E-05
9.99385E-05 0.153976 9.99385E-05 9.99385E-05 9.99385E-05 9.99385E-05 9.99385E-05 9.99385E-05 0.812476 0.0328487
9.99472E-05 0.25803 9.99472E-05 9.99472E-05 0.195635 9.99472E-05 0.132862 9.99472E-05 0.412873 9.99472E-05
9.99386E-05 0.15053 9.99386E-05 9.99386E-05 0.207554 9.99386E-05 9.99386E-05 9.99386E-05 0.641216 9.99386E-05
9.99387E-05 9.99387E-05 0.0818416 9.99387E-05 9.99387E-05 9.99387E-05 0.0510396 9.99387E-05 0.866419 9.99387E-05
9.99472E-05 0.196647 9.99472E-05 0.192954 9.99472E-05 0.0769298 9.99472E-05 9.99472E-05 0.532869 9.99472E-05
9.99385E-05 0.257922 9.99385E-05 9.99385E-05 0.255981 9.99385E-05 9.99385E-05 9.99385E-05 0.485397 9.99385E-05
9.99649E-05 0.0428022 9.99649E-05 0.0638726 0.0589413 9.99649E-05 0.0317752 9.99649E-05 0.736521 0.0656879
9.99473E-05 0.0568133 9.99473E-05 9.99473E-05 0.236335 9.99473E-05 9.99473E-05 9.99473E-05 0.662625 0.0436279
9.99473E-05 9.99473E-05 9.99473E-05 9.99473E-05 9.99473E-05 9.99473E-05 0.0504598 0.0295243 0.897725 0.0216913
9.99473E-05 0.342975 9.99473E-05 0.0907762 9.99473E-05 9.99473E-05 0.280129 9.99473E-05 0.28552 9.99473E-05
9.9956E-05 0.137503 9.9956E-05 9.9956E-05 0.173706 0.0588564 0.0262152 9.9956E-05 0.603219 9.9956E-05
9.99473E-05 0.0598534 9.99473E-05 9.99473E-05 9.99473E-05 0.032633 0.00542088 9.99473E-05 0.901493 9.99473E-05
9.99561E-05 0.0876604 9.99561E-05 9.99561E-05 9.99561E-05 0.0584297 9.99561E-05 0.0828247 0.709678 0.0609072
0.0338822 0.119774 9.99648E-05 9.99648E-05 0.374758 9.99648E-05 9.99648E-05 0.0167914 0.427492 0.026902
9.99211E-05 9.99211E-05 9.99211E-05 9.99211E-05 9.99211E-05 9.99211E-05 9.99211E-05 9.99211E-05 0.999101 9.99211E-05
9.99298E-05 9.99298E-05 9.99298E-05 9.99298E-05 9.99298E-05 9.99298E-05 0.017254 9.99298E-05 0.981947 9.99298E-05
9.99211E-05 9.99211E-05 9.99211E-05 9.99211E-05 9.99211E-05 9.99211E-05 9.99211E-05 9.99211E-05 0.999101 9.99211E-05
9.99211E-05 9.99211E-05 9.99211E-05 9.99211E-05 9.99211E-05 9.99211E-05 9.99211E-05 9.99211E-05 0.999101 9.99211E-05
9.99473E-05 0.176489 9.99473E-05 9.99473E-05 0.465644 9.99473E-05 9.99473E-05 9.99473E-05 0.281318 0.0759494
9.99473E-05 0.207704 9.99473E-05 0.104817 9.99473E-05 9.99473E-05 0.016395 9.99473E-05 0.670484 9.99473E-05
9.99386E-05 0.0538273 9.99386E-05 9.99386E-05 9.99386E-05 9.99386E-05 0.0309823 9.99386E-05 0.914491 9.99386E-05
9.99211E-05 9.99211E-05 9.99211E-05 9.99211E-05 9.99211E-05 9.99211E-05 9.99211E-05 9.99211E-05 0.999101 9.99211E-05
0.0107637 0.233767 9.99648E-05 0.00562473 0.211575 9.99648E-05 0.179016 9.99648E-05 0.358854 9.99648E-05
9.99561E-05 0.104222 9.99561E-05 9.99561E-05 0.0754373 9.99561E-05 9.99561E-05 0.0109674 0.649761 0.159113
0.0303626 0.195619 9.99562E-05 9.99562E-05 0.112309 9.99562E-05 9.99562E-05 0.16705 0.49416 9.99562E-05
9.99561E-05 0.307188 9.99561E-05 9.99561E-05 0.266462 9.99561E-05 0.0754109 9.99561E-05 0.311528 0.0389111
9.99211E-05 9.99211E-05 9.99211E-05 9.99211E-05 9.99211E-05 9.99211E-05 9.99211E-05 9.99211E-05 0.999101 9.99211E-05
9.99648E-05 0.00701059 9.99648E-05 9.99648E-05 0.153417 0.20995 9.99648E-05 0.0360174 0.564265 0.0289389
9.99299E-05 0.0873701 9.99299E-05 9.99299E-05 9.99299E-05 9.99299E-05 9.99299E-05 9.99299E-05 0.91183 9.99299E-05
9.99386E-05 0.195544 9.99386E-05 9.99386E-05 0.0219228 9.99386E-05 9.99386E-05 9.99386E-05 0.781834 9.99386E-05
9.993E-05 0.132136 9.993E-05 9.993E-05 9.993E-05 9.993E-05 9.993E-05 0.110995 0.75617 9.993E-05
9.99472E-05 0.00563442 9.99472E-05 9.99472E-05 9.99472E-05 0.226217 9.99472E-05 9.99472E-05 0.724252 0.0432968
9.99648E-05 0.325847 9.99648E-05 9.99648E-05 0.166545 9.99648E-05 0.053117 0.000556957 0.441725 0.0118092
9.9956E-05 0.193028 9.9956E-05 9.9956E-05 0.00888142 9.9956E-05 0.00503499 9.9956E-05 0.79086 0.00169585
9.9956E-05 0.113504 9.9956E-05 9.9956E-05 9.9956E-05 9.9956E-05 0.0113155 0.0274862 0.799747 0.0474468
9.99297E-05 9.99297E-05 9.99297E-05 9.99297E-05 9.99297E-05 9.99297E-05 0.143481 9.99297E-05 0.855719 9.99297E-05
9.99386E-05 0.198956 9.99386E-05 9.99386E-05 0.0814657 9.99386E-05 9.99386E-05 9.99386E-05 0.718878 9.99386E-05
9.99207E-05 9.99207E-05 9.99207E-05 9.99207E-05 0.999101 9.99207E-05 9.99207E-05 9.99207E-05 9.99207E-05 9.99207E-05
9.99208E-05 0.999101 9.99208E-05 9.99208E-05 9.99208E-05 9.99208E-05 9.99208E-05 9.99208E-05 9.99208E-05 9.99208E-05
9.99207E-05 9.99207E-05 9.99207E-05 9.99207E-05 0.999101 9.99207E-05 9.99207E-05 9.99207E-05 9.99207E-05 9.99207E-05
9.99208E-05 0.999101 9.99208E-05 9.99208E-05 9.99208E-05 9.99208E-05 9.99208E-05 9.99208E-05 9.99208E-05 9.99208E-05
9.99208E-05 0.999101 9.99208E-05 9.99208E-05 9.99208E-05 9.99208E-05 9.99208E-05 9.99208E-05 9.99208E-05 9.99208E-05
9.99208E-05 0.999101 9.99208E-05 9.99208E-05 9.99208E-05 9.99208E-05 9.99208E-05 9.99208E-05 9.99208E-05 9.99208E-05
9.99207E-05 9.99207E-05 9.99207E-05 9.99207E-05 0.999101 9.99207E-05 9.99207E-05 9.99207E-05 9.99207E-05 9.99207E-05
9.99208E-05 0.999101 9.99208E-05 9.99208E-05 9.99208E-05 9.99208E-05 9.99208E-05 9.99208E-05 9.99208E-05 9.99208E-05
9.99208E-05 0.999101 9.99208E-05 9.99208E-05 9.99208E-05 9.99208E-05 9.99208E-05 9.99208E-05 9.99208E-05 9.99208E-05
9.99207E-05 9.99207E-05 9.99207E-05 9.99207E-05 0.999101 9.99207E-05 9.99207E-05 9.99207E-05 9.99207E-05 9.99207E-05
9.99207E-05 9.99207E-05 9.99207E-05 9.99207E-05 0.999101 9.99207E-05 9.99207E-05 9.99207E-05 9.99207E-05 9.99207E-05
9.99208E-05 9.99208E-05 9.99208E-05 9.99208E-05 0.999101 9.99208E-05 9.99208E-05 9.99208E-05 9.99208E-05 9.99208E-05
9.99208E-05 0.999101 9.99208E-05 9.99208E-05 9.99208E-05 9.99208E-05 9.99208E-05 9.99208E-05 9.99208E-05 9.99208E-05
9.99207E-05 0.999101 9.99207E-05 9.99207E-05 9.99207E-05 9.99207E-05 9.99207E-05 9.99207E-05 9.99207E-05 9.99207E-05
9.99207E-05 9.99207E-05 9.99207E-05 9.99207E-05 0.999101 9.99207E-05 9.99207E-05 9.99207E-05 9.99207E-05 9.99207E-05
9.99207E-05 9.99207E-05 9.99207E-05 9.99207E-05 0.999101 9.99207E-05 9.99207E-05 9.99207E-05 9.99207E-05 9.99207E-05
0.019848 0.167177 9.99648E-05 9.99648E-05 9.99648E-05 0.196894 0.109611 0.0442666 0.461804 9.99648E-05
9.99207E-05 9.99207E-05 9.99207E-05 9.99207E-05 0.999101 9.99207E-05 9.99207E-05 9.99207E-05 9.99207E-05 9.99207E-05
9.99208E-05 0.999101 9.99208E-05 9.99208E-05 9.99208E-05 9.99208E-05 9.99208E-05 9.99208E-05 9.99208E-05 9.99208E-05
9.99207E-05 9.99207E-05 9.99207E-05 9.99207E-05 0.999101 9.99207E-05 9.99207E-05 9.99207E-05 9.99207E-05 9.99207E-05
9.99208E-05 9.99208E-05 9.99208E-05 9.99208E-05 0.999101 9.99208E-05 9.99208E-05 9.99208E-05 9.99208E-05 9.99208E-05
9.99207E-05 9.99207E-05 9.99207E-05 9.99207E-05 0.999101 9.99207E-05 9.99207E-05 9.99207E-05 9.99207E-05 9.99207E-05
9.99208E-05 0.999101 9.99208E-05 9.99208E-05 9.99208E-05 9.99208E-05 9.99208E-05 9.99208E-05 9.99208E-05 9.99208E-05
9.99208E-05 9.99208E-05 9.99208E-05 9.99208E-05 0.999101 9.99208E-05 9.99208E-05 9.99208E-05 9.99208E-05 9.99208E-05
9.99207E-05 0.999101 9.99207E-05 9.99207E-05 9.99207E-05 9.99207E-05 9.99207E-05 9.99207E-05 9.99207E-05 9.99207E-05
9.99208E-05 9.99208E-05 9.99208E-05 9.99208E-05 0.999101 9.99208E-05 9.99208E-05 9.99208E-05 9.99208E-05 9.99208E-05
9.99207E-05 9.99207E-05 9.99207E-05 9.99207E-05 0.999101 9.99207E-05 9.99207E-05 9.99207E-05 9.99207E-05 9.99207E-05
9.99208E-05 0.999101 9.99208E-05 9.99208E-05 9.99208E-05 9.99208E-05 9.99208E-05 9.99208E-05 9.99208E-05 9.99208E-05
9.99208E-05 0.999101 9.99208E-05 9.99208E-05 9.99208E-05 9.99208E-05 9.99208E-05 9.99208E-05 9.99208E-05 9.99208E-05
9.99208E-05 0.999101 9.99208E-05 9.99208E-05 9.99208E-05 9.99208E-05 9.99208E-05 9.99208E-05 9.99208E-05 9.99208E-05
9.99296E-05 9.99296E-05 9.99296E-05 9.99296E-05 0.987377 9.99296E-05 0.0118232 9.99296E-05 9.99296E-05 9.99296E-05
9.99207E-05 9.99207E-05 9.99207E-05 9.99207E-05 0.999101 9.99207E-05 9.99207E-05 9.99207E-05 9.99207E-05 9.99207E-05
9.99207E-05 9.99207E-05 9.99207E-05 9.99207E-05 0.999101 9.99207E-05 9.99207E-05 9.99207E-05 9.99207E-05 9.99207E-05
9.99207E-05 9.99207E-05 9.99207E-05 9.99207E-05 0.999101 9.99207E-05 9.99207E-05 9.99207E-05 9.99207E-05 9.99207E-05
9.99296E-05 9.99296E-05 9.99296E-05 9.99296E-05 0.978899 9.99296E-05 0.0203014 9.99296E-05 9.99296E-05 9.99296E-05
9.99208E-05 0.999101 9.99208E-05 9.99208E-05 9.99208E-05 9.99208E-05 9.99208E-05 9.99208E-05 9.99208E-05 9.99208E-05
9.99208E-05 0.999101 9.99208E-05 9.99208E-05 9.99208E-05 9.99208E-05 9.99208E-05 9.99208E-05 9.99208E-05 9.99208E-05
9.99208E-05 0.999101 9.99208E-05 9.99208E-05 9.99208E-05 9.99208E-05 9.99208E-05 9.99208E-05 9.99208E-05 9.99208E-05
9.99207E-05 9.99207E-05 9.99207E-05 9.99207E-05 0.999101 9.99207E-05 9.99207E-05 9.99207E-05 9.99207E-05 9.99207E-05
9.99208E-05 0.999101 9.99208E-05 9.99208E-05 9.99208E-05 9.99208E-05 9.99208E-05 9.99208E-05 9.99208E-05 9.99208E-05
9.99209E-05 0.999101 9.99209E-05 9.99209E-05 9.99209E-05 9.99209E-05 9.99209E-05 9.99209E-05 9.99209E-05 9.99209E-05
9.99208E-05 0.999101 9.99208E-05 9.99208E-05 9.99208E-05 9.99208E-05 9.99208E-05 9.99208E-05 9.99208E-05 9.99208E-05
9.99208E-05 0.999101 9.99208E-05 9.99208E-05 9.99208E-05 9.99208E-05 9.99208E-05 9.99208E-05 9.99208E-05 9.99208E-05
9.99207E-05 9.99207E-05 9.99207E-05 9.99207E-05 0.999101 9.99207E-05 9.99207E-05 9.99207E-05 9.99207E-05 9.99207E-05
9.99208E-05 0.999101 9.99208E-05 9.99208E-05 9.99208E-05 9.99208E-05 9.99208E-05 9.99208E-05 9.99208E-05 9.99208E-05
9.99208E-05 0.999101 9.99208E-05 9.99208E-05 9.99208E-05 9.99208E-05 9.99208E-05 9.99208E-05 9.99208E-05 9.99208E-05
9.99648E-05 0.112411 9.99648E-05 9.99648E-05 0.213837 0.196531 0.0701606 0.0435483 0.363112 9.99648E-05
9.99207E-05 9.99207E-05 9.99207E-05 9.99207E-05 0.999101 9.99207E-05 9.99207E-05 9.99207E-05 9.99207E-05 9.99207E-05
9.99297E-05 0.997445 9.99297E-05 9.99297E-05 9.99297E-05 9.99297E-05 9.99297E-05 9.99297E-05 9.99297E-05 0.00175566
9.99208E-05 0.999101 9.99208E-05 9.99208E-05 9.99208E-05 9.99208E-05 9.99208E-05 9.99208E-05 9.99208E-05 9.99208E-05
9.99208E-05 0.999101 9.99208E-05 9.99208E-05 9.99208E-05 9.99208E-05 9.99208E-05 9.99208E-05 9.99208E-05 9.99208E-05
9.99208E-05 0.999101 9.99208E-05 9.99208E-05 9.99208E-05 9.99208E-05 9.99208E-05 9.99208E-05 9.99208E-05 9.99208E-05
9.99207E-05 9.99207E-05 9.99207E-05 9.99207E-05 0.999101 9.99207E-05 9.99207E-05 9.99207E-05 9.99207E-05 9.99207E-05
9.99208E-05 0.999101 9.99208E-05 9.99208E-05 9.99208E-05 9.99208E-05 9.99208E-05 9.99208E-05 9.99208E-05 9.99208E-05
9.99207E-05 9.99207E-05 9.99207E-05 9.99207E-05 0.999101 9.99207E-05 9.99207E-05 9.99207E-05 9.99207E-05 9.99207E-05
9.99208E-05 0.999101 9.99208E-05 9.99208E-05 9.99208E-05 9.99208E-05 9.99208E-05 9.99208E-05 9.99208E-05 9.99208E-05
9.99207E-05 9.99207E-05 9.99207E-05 9.99207E-05 0.999101 9.99207E-05 9.99207E-05 9.99207E-05 9.99207E-05 9.99207E-05
9.99208E-05 0.999101 9.99208E-05 9.99208E-05 9.99208E-05 9.99208E-05 9.99208E-05 9.99208E-05 9.99208E-05 9.99208E-05
9.99208E-05 0.999101 9.99208E-05 9.99208E-05 9.99208E-05 9.99208E-05 9.99208E-05 9.99208E-05 9.99208E-05 9.99208E-05
9.99208E-05 0.999101 9.99208E-05 9.99208E-05 9.99208E-05 9.99208E-05 9.99208E-05 9.99208E-05 9.99208E-05 9.99208E-05
9.99208E-05 0.999101 9.99208E-05 9.99208E-05 9.99208E-05 9.99208E-05 9.99208E-05 9.99208E-05 9.99208E-05 9.99208E-05
9.99208E-05 0.999101 9.99208E-05 9.99208E-05 9.99208E-05 9.99208E-05 9.99208E-05 9.99208E-05 9.99208E-05 9.99208E-05
9.99208E-05 0.999101 9.99208E-05 9.99208E-05 9.99208E-05 9.99208E-05 9.99208E-05 9.99208E-05 9.99208E-05 9.99208E-05
9.99207E-05 9.99207E-05 9.99207E-05 9.99207E-05 0.999101 9.99207E-05 9.99207E-05 9.99207E-05 9.99207E-05 9.99207E-05
9.99207E-05 9.99207E-05 9.99207E-05 9.99207E-05 0.999101 9.99207E-05 9.99207E-05 9.99207E-05 9.99207E-05 9.99207E-05
9.99296E-05 9.99296E-05 9.99296E-05 9.99296E-05 0.977276 9.99296E-05 0.0219247 9.99296E-05 9.99296E-05 9.99296E-05
9.99208E-05 0.999101 9.99208E-05 9.99208E-05 9.99208E-05 9.99208E-05 9.99208E-05 9.99208E-05 9.99208E-05 9.99208E-05
9.99207E-05 9.99207E-05 9.99207E-05 9.99207E-05 0.999101 9.99207E-05 9.99207E-05 9.99207E-05 9.99207E-05 9.99207E-05
9.99207E-05 9.99207E-05 9.99207E-05 9.99207E-05 0.999101 9.99207E-05 9.99207E-05 9.99207E-05 9.99207E-05 9.99207E-05
9.99207E-05 9.99207E-05 9.99207E-05 9.99207E-05 0.999101 9.99207E-05 9.99207E-05 9.99207E-05 9.99207E-05 9.99207E-05
9.99208E-05 0.999101 9.99208E-05 9.99208E-05 9.99208E-05 9.99208E-05 9.99208E-05 9.99208E-05 9.99208E-05 9.99208E-05
9.99208E-05 0.999101 9.99208E-05 9.99208E-05 9.99208E-05 9.99208E-05 9.99208E-05 9.99208E-05 9.99208E-05 9.99208E-05
9.99208E-05 0.999101 9.99208E-05 9.99208E-05 9.99208E-05 9.99208E-05 9.99208E-05 9.99208E-05 9.99208E-05 9.99208E-05
9.99207E-05 9.99207E-05 9.99207E-05 9.99207E-05 0.999101 9.99207E-05 9.99207E-05 9.99207E-05 9.99207E-05 9.99207E-05
9.99207E-05 0.999101 9.99207E-05 9.99207E-05 9.99207E-05 9.99207E-05 9.99207E-05 9.99207E-05 9.99207E-05 9.99207E-05
9.99208E-05 0.999101 9.99208E-05 9.99208E-05 9.99208E-05 9.99208E-05 9.99208E-05 9.99208E-05 9.99208E-05 9.99208E-05
9.99207E-05 9.99207E-05 9.99207E-05 9.99207E-05 0.999101 9.99207E-05 9.99207E-05 9.99207E-05 9.99207E-05 9.99207E-05
9.99208E-05 0.999101 9.99208E-05 9.99208E-05 9.99208E-05 9.99208E-05 9.99208E-05 9.99208E-05 9.99208E-05 9.99208E-05
9.99207E-05 0.999101 9.99207E-05 9.99207E-05 9.99207E-05 9.99207E-05 9.99207E-05 9.99207E-05 9.99207E-05 9.99207E-05
0.0287188 0.0589676 9.997E-05 9.997E-05 0.344808 9.997E-05 0.0200332 0.0879151 0.339168 0.120089
9.99208E-05 9.99208E-05 9.99208E-05 9.99208E-05 0.999101 9.99208E-05 9.99208E-05 9.99208E-05 9.99208E-05 9.99208E-05
9.99208E-05 0.999101 9.99208E-05 9.99208E-05 9.99208E-05 9.99208E-05 9.99208E-05 9.99208E-05 9.99208E-05 9.99208E-05
9.99474E-05 0.45475 9.99474E-05 9.99474E-05 9.99474E-05 9.99474E-05 9.99474E-05 0.150368 0.390314 0.0039674
9.99649E-05 0.271744 9.99649E-05 0.0269802 0.0129493 0.129163 0.0622808 9.99649E-05 0.496483 9.99649E-05
9.9956E-05 0.0461296 9.9956E-05 9.9956E-05 0.262352 0.0238335 0.0461346 9.9956E-05 0.62105 9.9956E-05
0.0917131 9.995E-05 9.995E-05 9.995E-05 0.00973519 0.123156 0.055043 9.995E-05 0.719853 9.995E-05
9.99385E-05 0.285 9.99385E-05 9.99385E-05 0.220606 9.99385E-05 9.99385E-05 9.99385E-05 0.493695 9.99385E-05
9.99475E-05 0.0718308 0.000218645 0.069733 9.99475E-05 9.99475E-05 9.99475E-05 9.99475E-05 0.857618 9.99475E-05
9.99561E-05 0.242163 9.99561E-05 9.99561E-05 0.300539 0.127988 9.99561E-05 9.99561E-05 0.319972 0.00883935
0.0812374 0.190777 9.9956E-05 9.9956E-05 9.9956E-05 9.9956E-05 0.0427176 9.9956E-05 0.610337 0.0744311
9.99298E-05 0.189538 9.99298E-05 9.99298E-05 9.99298E-05 9.99298E-05 9.99298E-05 9.99298E-05 0.809663 9.99298E-05
9.99648E-05 9.99648E-05 9.99648E-05 0.105753 0.0637214 0.0853923 0.0171253 0.0148557 0.712753 9.99648E-05
9.99473E-05 0.0618458 9.99473E-05 9.99473E-05 0.21333 9.99473E-05 9.99473E-05 9.99473E-05 0.605605 0.11862
9.99385E-05 0.520264 9.99385E-05 9.99385E-05 0.0303043 9.99385E-05 9.99385E-05 9.99385E-05 0.448732 9.99385E-05
0.0373354 0.226004 9.99561E-05 9.99561E-05 0.320283 9.99561E-05 9.99561E-05 0.110791 0.305087 9.99561E-05
0.136677 0.0573629 9.99472E-05 9.99472E-05 9.99472E-05 9.99472E-05 0.00470002 9.99472E-05 0.800661 9.99472E-05
9.99472E-05 0.136821 9.99472E-05 9.99472E-05 0.178512 9.99472E-05 9.99472E-05 9.99472E-05 0.635682 0.0483854
9.99473E-05 0.268099 9.99473E-05 0.187728 0.227706 9.99473E-05 9.99473E-05 9.99473E-05 0.315867 9.99473E-05
0.0433818 0.149897 9.99562E-05 9.99562E-05 0.0453531 9.99562E-05 9.99562E-05 0.0169451 0.743923 9.99562E-05
9.9956E-05 0.032952 9.9956E-05 9.9956E-05 0.437431 9.9956E-05 9.9956E-05 0.0354201 0.359151 0.134546
9.99648E-05 0.151886 9.99648E-05 0.055409 0.100188 9.99648E-05 0.0769954 9.99648E-05 0.586265 0.0288564
9.99561E-05 0.12315 9.99561E-05 0.2398 0.0912167 9.99561E-05 0.011663 9.99561E-05 0.53367 9.99561E-05
9.9956E-05 0.135513 9.9956E-05 0.106918 0.0498206 9.9956E-05 0.0173454 9.9956E-05 0.689903 9.9956E-05
9.99473E-05 0.243282 9.99473E-05 0.0365007 9.99473E-05 9.99473E-05 9.99473E-05 0.073606 0.646012 9.99473E-05
0.0794969 0.18227 9.99648E-05 0.0431072 9.99648E-05 9.99648E-05 0.0334939 0.163983 0.497249 9.99648E-05
0.0361285 0.112135 9.99736E-05 0.0680156 0.11767 9.99736E-05 0.0162885 9.99736E-05 0.644396 0.00506669
0.127082 0.0463172 9.99384E-05 9.99384E-05 9.99384E-05 9.99384E-05 9.99384E-05 9.99384E-05 0.825901 9.99384E-05
9.99211E-05 9.99211E-05 9.99211E-05 9.99211E-05 9.99211E-05 9.99211E-05 9.99211E-05 9.99211E-05 0.999101 9.99211E-05
9.99472E-05 0.0556275 9.99472E-05 0.139084 0.0553127 9.99472E-05 9.99472E-05 9.99472E-05 0.749376 9.99472E-05
0.0212502 0.255036 9.9956E-05 9.9956E-05 0.285645 0.0148319 9.9956E-05 9.9956E-05 0.422736 9.9956E-05
0.0590552 9.99472E-05 9.99472E-05 0.150068 9.99472E-05 9.99472E-05 0.0271305 9.99472E-05 0.763147 9.99472E-05
0.110784 0.166263 9.99473E-05 9.99473E-05 9.99473E-05 9.99473E-05 0.0754384 9.99473E-05 0.646914 9.99473E-05
9.99472E-05 0.379127 9.99472E-05 0.108054 0.169787 9.99472E-05 9.99472E-05 9.99472E-05 0.342432 9.99472E-05
9.99561E-05 0.251544 9.99561E-05 0.0114898 0.0733463 9.99561E-05 9.99561E-05 9.99561E-05 0.644685 0.0184356
9.99472E-05 0.215657 9.99472E-05 0.0584686 0.203808 9.99472E-05 9.99472E-05 9.99472E-05 0.521467 9.99472E-05
0.0977988 0.236971 9.99561E-05 0.119467 0.0967343 9.99561E-05 9.99561E-05 9.99561E-05 0.448529 9.99561E-05
9.9956E-05 0.142097 9.9956E-05 0.185383 0.168477 9.9956E-05 9.9956E-05 9.9956E-05 0.488528 0.0150149
9.99649E-05 0.0610138 9.99649E-05 0.0262424 0.15242 0.0713331 9.99649E-05 0.0015023 0.687089 9.99649E-05
9.99211E-05 9.99211E-05 9.99211E-05 9.99211E-05 9.99211E-05 9.99211E-05 9.99211E-05 9.99211E-05 0.999101 9.99211E-05
9.9956E-05 9.9956E-05 9.9956E-05 9.9956E-05 0.331484 0.106186 9.9956E-05 0.0809598 0.406577 0.0742936
9.99561E-05 0.080914 9.99561E-05 9.99561E-05 0.0166501 9.99561E-05 9.99561E-05 0.0892032 0.78224 0.0304925
9.99561E-05 0.188222 9.99561E-05 0.210167 0.188493 0.019844 9.99561E-05 9.99561E-05 0.392775 9.99561E-05
0.0366881 0.0554673 9.99648E-05 0.073566 0.15392 9.99648E-05 0.0382149 9.99648E-05 0.641744 9.99648E-05
9.99649E-05 0.00919958 9.99649E-05 0.076441 0.117938 0.0416636 0.0716365 9.99649E-05 0.682721 9.99649E-05
9.99648E-05 0.1673 9.99648E-05 0.0767327 0.0869594 0.17287 0.00647201 9.99648E-05 0.489266 9.99648E-05
0.0369019 0.541177 9.99561E-05 0.0355434 0.0742855 9.99561E-05 9.99561E-05 9.99561E-05 0.311593 9.99561E-05
0.0696881 0.361784 9.99472E-05 9.99472E-05 0.410095 9.99472E-05 9.99472E-05 9.99472E-05 0.157833 9.99472E-05
9.9956E-05 0.14882 9.9956E-05 0.0279668 0.0937671 9.9956E-05 9.9956E-05 9.9956E-05 0.688136 0.0408102
9.9921E-05 9.9921E-05 9.9921E-05 9.9921E-05 9.9921E-05 9.9921E-05 9.9921E-05 9.9921E-05 0.999101 9.9921E-05
9.9956E-05 0.151767 9.9956E-05 0.0646464 9.9956E-05 9.9956E-05 0.00428454 9.9956E-05 0.75611 0.0226923
9.99211E-05 9.99211E-05 9.99211E-05 9.99211E-05 9.99211E-05 9.99211E-05 9.99211E-05 9.99211E-05 0.999101 9.99211E-05
9.99561E-05 0.163781 9.99561E-05 9.99561E-05 0.237409 0.215408 9.99561E-05 0.0244509 0.358451 9.99561E-05
9.99211E-05 9.99211E-05 9.99211E-05 9.99211E-05 9.99211E-05 9.99211E-05 9.99211E-05 9.99211E-05 0.999101 9.99211E-05
9.99473E-05 9.99473E-05 9.99473E-05 9.99473E-05 0.309118 9.99473E-05 0.00821925 9.99473E-05 0.674993 0.00707081
9.99472E-05 9.99472E-05 9.99472E-05 0.112262 0.44658 9.99472E-05 9.99472E-05 9.99472E-05 0.396872 0.0436868
9.99385E-05 0.191926 9.99385E-05 9.99385E-05 0.223047 9.99385E-05 9.99385E-05 9.99385E-05 0.584328 9.99385E-05
9.9956E-05 0.0325579 9.9956E-05 0.219059 9.9956E-05 9.9956E-05 0.00363945 0.00362492 0.740619 9.9956E-05
9.99473E-05 0.306903 9.99473E-05 9.99473E-05 9.99473E-05 0.00993523 0.0277391 9.99473E-05 0.654823 9.99473E-05
9.99387E-05 0.0197824 9.99387E-05 9.99387E-05 0.196051 9.99387E-05 9.99387E-05 9.99387E-05 0.783467 9.99387E-05
9.99386E-05 0.171187 9.99386E-05 9.99386E-05 9.99386E-05 9.99386E-05 9.99386E-05 9.99386E-05 0.813209 0.0149044
9.99561E-05 0.203887 9.99561E-05 0.0130751 9.99561E-05 0.0740453 0.0212439 9.99561E-05 0.687249 9.99561E-05
9.99385E-05 0.236184 9.99385E-05 9.99385E-05 0.263248 9.99385E-05 9.99385E-05 9.99385E-05 0.499868 9.99385E-05
9.9921E-05 9.9921E-05 9.9921E-05 9.9921E-05 9.9921E-05 9.9921E-05 9.9921E-05 9.9921E-05 0.999101 9.9921E-05
9.99299E-05 0.109401 9.99299E-05 9.99299E-05 9.99299E-05 9.99299E-05 9.99299E-05 9.99299E-05 0.8898 9.99299E-05
9.99562E-05 0.00533623 0.0866104 9.99562E-05 0.0119152 9.99562E-05 0.00161311 9.99562E-05 0.894025 9.99562E-05
9.99385E-05 0.165995 9.99385E-05 9.99385E-05 9.99385E-05 9.99385E-05 9.99385E-05 9.99385E-05 0.80697 0.0263351
9.9956E-05 0.234621 9.9956E-05 9.9956E-05 9.9956E-05 0.0668988 0.161299 9.9956E-05 0.511294 0.0253874
9.99386E-05 0.225041 9.99386E-05 9.99386E-05 9.99386E-05 9.99386E-05 9.99386E-05 9.99386E-05 0.767419 0.00684046
9.99299E-05 0.0152705 9.99299E-05 9.99299E-05 9.99299E-05 9.99299E-05 9.99299E-05 9.99299E-05 0.98393 9.99299E-05
9.99561E-05 0.240013 9.99561E-05 0.0835701 0.309843 9.99561E-05 9.99561E-05 9.99561E-05 0.363693 0.00238194
9.9956E-05 0.0180827 9.9956E-05 9.9956E-05 0.261477 9.9956E-05 0.0361648 9.9956E-05 0.646211 0.0375654
9.99387E-05 0.0328464 9.99387E-05 9.99387E-05 0.22491 9.99387E-05 9.99387E-05 9.99387E-05 0.741544 9.99387E-05
9.99473E-05 0.128609 9.99473E-05 9.99473E-05 0.370081 9.99473E-05 9.99473E-05 0.0554892 0.445221 9.99473E-05
9.99387E-05 9.99387E-05 0.0720453 9.99387E-05 0.124267 9.99387E-05 9.99387E-05 9.99387E-05 0.802988 9.99387E-05
9.99473E-05 0.339802 9.99473E-05 9.99473E-05 0.208344 9.99473E-05 9.99473E-05 9.99473E-05 0.449052 0.00220212
0.0625782 9.99474E-05 9.99474E-05 9.99474E-05 0.118239 9.99474E-05 9.99474E-05 0.195638 0.622946 9.99474E-05
9.99211E-05 9.99211E-05 9.99211E-05 9.99211E-05 9.99211E-05 9.99211E-05 9.99211E-05 9.99211E-05 0.999101 9.99211E-05
9.99385E-05 0.144106 9.99385E-05 9.99385E-05 0.187625 9.99385E-05 9.99385E-05 9.99385E-05 0.66757 9.99385E-05
9.99387E-05 9.99387E-05 0.0531129 9.99387E-05 0.0429256 9.99387E-05 9.99387E-05 9.99387E-05 0.903262 9.99387E-05
9.99385E-05 9.99385E-05 9.99385E-05 0.0469734 0.115061 9.99385E-05 9.99385E-05 9.99385E-05 0.837266 9.99385E-05
9.99387E-05 0.0298993 9.99387E-05 9.99387E-05 0.0641344 9.99387E-05 9.99387E-05 9.99387E-05 0.905267 9.99387E-05
9.99472E-05 0.349482 9.99472E-05 9.99472E-05 0.0884552 9.99472E-05 9.99472E-05 9.99472E-05 0.507206 0.0542563
9.99473E-05 0.210572 9.99473E-05 0.0921174 9.99473E-05 0.0139852 9.99473E-05 9.99473E-05 0.682726 9.99473E-05
0.0334786 0.180254 9.99736E-05 0.113538 0.0702569 9.99736E-05 0.0214959 9.99736E-05 0.490934 0.0897419
9.99299E-05 9.99299E-05 0.00739034 9.99299E-05 9.99299E-05 9.99299E-05 9.99299E-05 9.99299E-05 0.99181 9.99299E-05
9.99386E-05 0.175803 9.99386E-05 9.99386E-05 9.99386E-05 9.99386E-05 9.99386E-05 9.99386E-05 0.783863 0.0396338
0.00335966 0.140104 9.99561E-05 9.99561E-05 0.108919 9.99561E-05 0.206412 9.99561E-05 0.540706 9.99561E-05
9.99385E-05 0.00221383 9.99385E-05 9.99385E-05 0.185376 9.99385E-05 9.99385E-05 9.99385E-05 0.81171 9.99385E-05
0.102523 0.0236387 9.99648E-05 9.99648E-05 0.0884817 9.99648E-05 0.0594601 9.99648E-05 0.679737 0.0457597
0.0513145 0.34321 9.99472E-05 9.99472E-05 0.0864865 9.99472E-05 9.99472E-05 9.99472E-05 0.51839 9.99472E-05
9.99473E-05 0.133722 9.99473E-05 9.99473E-05 0.261555 0.125071 9.99473E-05 9.99473E-05 0.479051 9.99473E-05
9.9956E-05 0.184085 9.9956E-05 9.9956E-05 0.176684 9.9956E-05 0.0744514 9.9956E-05 0.56053 0.00374862
9.99562E-05 0.0793838 9.99562E-05 9.99562E-05 0.163762 0.257947 0.0455543 9.99562E-05 0.452854 9.99562E-05
0.0898806 0.0425674 9.99472E-05 9.99472E-05 0.447131 9.99472E-05 9.99472E-05 9.99472E-05 0.419821 9.99472E-05
9.99386E-05 0.317319 9.99386E-05 9.99386E-05 0.32854 9.99386E-05 9.99386E-05 9.99386E-05 0.353441 9.99386E-05
9.99736E-05 0.0440154 9.99736E-05 9.99736E-05 0.115938 0.00933685 0.104648 0.0284431 0.553945 0.143373
9.99386E-05 0.249851 9.99386E-05 9.99386E-05 0.0199566 9.99386E-05 9.99386E-05 9.99386E-05 0.729493 9.99386E-05
0.0108958 0.0279486 9.99474E-05 9.99474E-05 0.0258702 9.99474E-05 9.99474E-05 9.99474E-05 0.934686 9.99474E-05
0.0216757 0.203343 9.99648E-05 0.134588 9.99648E-05 0.0225716 0.0451501 9.99648E-05 0.572272 9.99648E-05
9.9956E-05 0.0353182 9.9956E-05 0.067741 0.337371 9.9956E-05 9.9956E-05 9.9956E-05 0.471702 0.0873683
0.0421659 9.99385E-05 9.99385E-05 9.99385E-05 0.405831 9.99385E-05 9.99385E-05 9.99385E-05 0.551304 9.99385E-05
9.99648E-05 0.0155462 9.99648E-05 0.0311452 0.545431 0.0641292 0.0165462 9.99648E-05 0.326802 9.99648E-05
0.0680756 0.211918 9.99824E-05 0.0922523 9.99824E-05 0.0257122 0.0495702 0.0599554 0.434319 0.0579968
9.99473E-05 0.0177464 9.99473E-05 9.99473E-05 0.361669 0.0524406 9.99473E-05 9.99473E-05 0.567545 9.99473E-05
0.0606731 0.121567 9.99736E-05 9.99736E-05 0.165356 9.99736E-05 0.169785 0.00752945 0.436159 0.03863
9.99387E-05 0.0927272 0.0419622 9.99387E-05 9.99387E-05 9.99387E-05 9.99387E-05 9.99387E-05 0.864611 9.99387E-05
0.0105151 0.109276 0.0485981 9.99562E-05 0.166743 9.99562E-05 9.99562E-05 9.99562E-05 0.664368 9.99562E-05
9.99386E-05 0.149479 9.99386E-05 9.99386E-05 0.269375 9.99386E-05 9.99386E-05 9.99386E-05 0.580447 9.99386E-05
0.149008 9.99473E-05 9.99473E-05 9.99473E-05 0.312743 9.99473E-05 9.99473E-05 0.0852405 0.452408 9.99473E-05
9.99299E-05 0.0489751 9.99299E-05 9.99299E-05 9.99299E-05 9.99299E-05 9.99299E-05 9.99299E-05 0.950225 9.99299E-05
9.99299E-05 9.99299E-05 9.99299E-05 9.99299E-05 0.0265163 9.99299E-05 9.99299E-05 9.99299E-05 0.972684 9.99299E-05
0.00537201 0.0531584 9.99473E-05 9.99473E-05 9.99473E-05 9.99473E-05 0.100882 9.99473E-05 0.839988 9.99473E-05
9.99385E-05 0.084628 9.99385E-05 9.99385E-05 9.99385E-05 9.99385E-05 0.0440974 9.99385E-05 0.870575 9.99385E-05
9.99386E-05 9.99386E-05 9.99386E-05 9.99386E-05 0.0944294 9.99386E-05 9.99386E-05 9.99386E-05 0.893003 0.011868
9.99472E-05 0.107942 9.99472E-05 0.0125406 0.236706 9.99472E-05 9.99472E-05 9.99472E-05 0.642211 9.99472E-05
9.99473E-05 0.0530838 9.99473E-05 0.138429 0.19477 9.99473E-05 9.99473E-05 9.99473E-05 0.613118 9.99473E-05
9.99473E-05 9.99473E-05 9.99473E-05 9.99473E-05 0.428661 9.99473E-05 0.136145 9.99473E-05 0.370822 0.0637722
9.99385E-05 0.359738 9.99385E-05 9.99385E-05 0.0725581 9.99385E-05 9.99385E-05 9.99385E-05 0.567004 9.99385E-05
9.9956E-05 0.148435 9.9956E-05 0.0102358 0.126678 9.9956E-05 0.011944 9.9956E-05 0.702207 9.9956E-05
0.160876 9.99561E-05 9.99561E-05 9.99561E-05 0.28509 9.99561E-05 0.0715415 9.99561E-05 0.437058 0.0449347
9.99474E-05 9.99474E-05 9.99474E-05 9.99474E-05 0.00618278 0.00599381 9.99474E-05 9.99474E-05 0.949528 0.0376961
9.99648E-05 9.99648E-05 9.99648E-05 9.99648E-05 0.515416 0.0991079 0.00533991 0.035132 0.267318 0.0772863
0.0995252 9.99472E-05 9.99472E-05 0.0512087 0.160595 9.99472E-05 9.99472E-05 9.99472E-05 0.688071 9.99472E-05
9.99472E-05 0.225344 9.99472E-05 9.99472E-05 0.0566386 9.99472E-05 9.99472E-05 9.99472E-05 0.608588 0.10883
9.99473E-05 0.114485 9.99473E-05 0.0362851 0.485687 9.99473E-05 9.99473E-05 9.99473E-05 0.362943 9.99473E-05
9.99561E-05 0.192288 9.99561E-05 0.129118 0.0861443 0.0604688 9.99561E-05 9.99561E-05 0.53148 9.99561E-05
9.99474E-05 0.134565 0.000786441 9.99474E-05 0.0542658 9.99474E-05 9.99474E-05 9.99474E-05 0.809783 9.99474E-05
0.0573926 0.162782 9.9956E-05 9.9956E-05 0.17744 9.9956E-05 9.9956E-05 9.9956E-05 0.489967 0.111919
9.99386E-05 9.99386E-05 9.99386E-05 9.99386E-05 0.0559047 9.99386E-05 0.0498012 9.99386E-05 0.893594 9.99386E-05
9.99475E-05 0.0808527 0.0238285 9.99475E-05 0.0400011 9.99475E-05 9.99475E-05 9.99475E-05 0.854718 9.99475E-05
9.9956E-05 0.197037 9.9956E-05 9.9956E-05 0.0943417 0.136528 9.9956E-05 9.9956E-05 0.491894 0.0796987
9.99472E-05 0.0991406 9.99472E-05 0.148593 0.265444 9.99472E-05 9.99472E-05 9.99472E-05 0.486223 9.99472E-05
9.99561E-05 0.153886 9.99561E-05 0.0765087 0.521567 9.99561E-05 9.99561E-05 9.99561E-05 0.144969 0.10257
9.99737E-05 0.00428232 9.99737E-05 0.111259 0.587851 0.0328765 0.0388501 9.99737E-05 0.111686 0.112895
9.99561E-05 0.199211 9.99561E-05 0.0690956 0.480742 9.99561E-05 9.99561E-05 0.0561424 9.99561E-05 0.194309
