0.406962 0.248404 0.029128 0.0501275 9.99385E-05 9.99385E-05 0.118113 0.126407 9.99385E-05 9.99385E-05 9.99385E-05 0.00594817 9.99385E-05 9.99385E-05 0.0142111
0.648725 9.99123E-05 0.0588314 0.0951952 9.99123E-05 9.99123E-05 9.99123E-05 0.176993 9.99123E-05 9.99123E-05 9.99123E-05 0.0192566 9.99123E-05 9.99123E-05 9.99123E-05
0.901076 9.99122E-05 0.0367378 9.99122E-05 0.0190816 9.99122E-05 0.019417 9.99122E-05 9.99122E-05 9.99122E-05 9.99122E-05 9.99122E-05 9.99122E-05 0.0226889 9.99122E-05
0.258991 0.092596 0.012068 0.343489 0.0316329 9.99473E-05 9.99473E-05 9.99473E-05 0.0131753 9.99473E-05 9.99473E-05 0.0530246 9.99473E-05 0.153699 0.0407237
0.842118 9.9921E-05 9.9921E-05 9.9921E-05 0.07329 9.9921E-05 9.9921E-05 0.00270362 0.0277713 9.9921E-05 9.9921E-05 9.9921E-05 0.039797 0.0134207 9.9921E-05
0.26574 0.133755 9.99386E-05 9.99386E-05 0.069515 9.99386E-05 9.99386E-05 0.0685878 0.136992 9.99386E-05 9.99386E-05 9.99386E-05 0.105425 0.195255 0.02403
0.299303 0.193534 0.00620341 0.148513 9.99473E-05 9.99473E-05 0.0668002 0.131399 9.99473E-05 9.99473E-05 0.0252952 0.120517 0.00783508 9.99473E-05 9.99473E-05
0.202622 0.262973 9.99473E-05 0.0304046 0.171809 9.99473E-05 9.99473E-05 9.99473E-05 0.139693 0.0417119 0.0950079 9.99473E-05 0.0236691 0.0315091 9.99473E-05
0.29772 9.99297E-05 0.227057 9.99297E-05 0.068793 9.99297E-05 0.123299 9.99297E-05 0.211685 9.99297E-05 9.99297E-05 9.99297E-05 9.99297E-05 0.0557054 0.0149405
0.928616 9.98945E-05 0.0363942 9.98945E-05 9.98945E-05 9.98945E-05 0.0337908 9.98945E-05 9.98945E-05 9.98945E-05 9.98945E-05 9.98945E-05 9.98945E-05 9.98945E-05 9.98945E-05
0.471074 0.143935 0.119281 9.9921E-05 9.9921E-05 9.9921E-05 0.0788109 9.9921E-05 9.9921E-05 0.00629353 9.9921E-05 0.179706 9.9921E-05 9.9921E-05 9.9921E-05
0.871766 9.9921E-05 9.9921E-05 9.9921E-05 9.9921E-05 9.9921E-05 9.9921E-05 9.9921E-05 0.0529289 9.9921E-05 0.044082 0.0133854 0.00890622 0.00803253 9.9921E-05
0.775334 0.165099 0.0450536 9.99034E-05 9.99034E-05 9.99034E-05 9.99034E-05 9.99034E-05 0.0134144 9.99034E-05 9.99034E-05 9.99034E-05 9.99034E-05 9.99034E-05 9.99034E-05
0.584711 9.99298E-05 0.112024 9.99298E-05 9.99298E-05 0.025427 9.99298E-05 0.020694 9.99298E-05 9.99298E-05 0.0499488 0.0292887 9.99298E-05 0.177107 9.99298E-05
0.31719 0.233468 0.0823716 0.00546947 9.99385E-05 9.99385E-05 0.0810412 0.100153 0.0614568 9.99385E-05 9.99385E-05 9.99385E-05 9.99385E-05 0.11815 9.99385E-05
0.235666 0.165721 0.130847 0.165776 9.99297E-05 9.99297E-05 9.99297E-05 9.99297E-05 0.156625 9.99297E-05 0.114485 9.99297E-05 9.99297E-05 0.0300824 9.99297E-05
0.524459 9.9921E-05 0.0869427 0.0611892 9.9921E-05 0.143667 9.9921E-05 0.0624299 9.9921E-05 9.9921E-05 9.9921E-05 0.120413 9.9921E-05 9.9921E-05 9.9921E-05
0.165231 0.319399 0.0266549 9.99385E-05 9.99385E-05 9.99385E-05 0.0289898 9.99385E-05 9.99385E-05 0.174339 9.99385E-05 0.00341865 9.99385E-05 0.175566 0.105703
0.313898 0.204878 0.145842 9.99209E-05 9.99209E-05 9.99209E-05 9.99209E-05 9.99209E-05 0.0984714 9.99209E-05 9.99209E-05 0.040766 0.195245 9.99209E-05 9.99209E-05
0.968214 9.98859E-05 9.98859E-05 9.98859E-05 9.98859E-05 9.98859E-05 9.98859E-05 9.98859E-05 9.98859E-05 9.98859E-05 9.98859E-05 9.98859E-05 9.98859E-05 9.98859E-05 0.0304875
0.508691 9.99386E-05 0.0442006 0.150905 0.0833172 9.99386E-05 0.0166883 9.99386E-05 0.0958986 9.99386E-05 9.99386E-05 0.0617409 9.99386E-05 9.99386E-05 0.0378579
0.256352 0.267644 9.9921E-05 9.9921E-05 0.0577696 9.9921E-05 9.9921E-05 9.9921E-05 0.175638 9.9921E-05 9.9921E-05 9.9921E-05 0.116382 0.125315 9.9921E-05
0.650433 9.99123E-05 0.145733 9.99123E-05 9.99123E-05 9.99123E-05 9.99123E-05 0.102759 9.99123E-05 9.99123E-05 9.99123E-05 0.0577607 9.99123E-05 0.0423151 9.99123E-05
0.3471 0.366158 0.258179 0.00235352 9.99209E-05 9.99209E-05 0.0164574 9.99209E-05 9.99209E-05 9.99209E-05 0.00885296 9.99209E-05 9.99209E-05 9.99209E-05 9.99209E-05
0.311302 0.00946883 0.302515 9.99385E-05 9.99385E-05 9.99385E-05 0.0313815 9.99385E-05 0.0490679 9.99385E-05 9.99385E-05 0.0415056 9.99385E-05 0.162417 0.0916426
0.696946 0.0222099 0.141749 0.0863039 0.0169437 9.9921E-05 9.9921E-05 9.9921E-05 0.034948 9.9921E-05 9.9921E-05 9.9921E-05 9.9921E-05 9.9921E-05 9.9921E-05
9.99298E-05 0.269626 0.0413054 9.99298E-05 9.99298E-05 9.99298E-05 0.0137417 9.99298E-05 9.99298E-05 0.170147 0.0569993 9.99298E-05 9.99298E-05 0.408809 0.038572
0.824922 9.99035E-05 0.0083601 0.118328 9.99035E-05 9.99035E-05 9.99035E-05 9.99035E-05 9.99035E-05 9.99035E-05 9.99035E-05 9.99035E-05 0.0472903 9.99035E-05 9.99035E-05
0.571244 0.14395 0.222905 9.99122E-05 9.99122E-05 9.99122E-05 9.99122E-05 9.99122E-05 9.99122E-05 9.99122E-05 9.99122E-05 9.99122E-05 9.99122E-05 0.0297786 0.0311236
0.693999 9.99298E-05 0.0570164 9.99298E-05 9.99298E-05 9.99298E-05 9.99298E-05 0.039547 0.0493094 9.99298E-05 9.99298E-05 0.0462386 0.05551 0.0575799 9.99298E-05
0.685294 0.0821125 0.0415429 9.9921E-05 9.9921E-05 9.9921E-05 9.9921E-05 9.9921E-05 0.0257925 9.9921E-05 9.9921E-05 0.0954481 0.0689102 9.9921E-05 9.9921E-05
0.484571 9.99299E-05 0.0455401 0.0625111 9.99299E-05 9.99299E-05 9.99299E-05 9.99299E-05 9.99299E-05 9.99299E-05 9.99299E-05 0.0771659 0.0286144 0.283279 0.0175197
0.500834 0.188217 0.144844 9.9921E-05 0.0113036 9.9921E-05 9.9921E-05 9.9921E-05 9.9921E-05 9.9921E-05 9.9921E-05 0.12521 9.9921E-05 0.0286911 9.9921E-05
0.501777 9.99473E-05 0.112798 9.99473E-05 0.016073 9.99473E-05 9.99473E-05 9.99473E-05 9.99473E-05 0.0560051 0.0620276 0.0554605 0.0477526 0.132951 0.0145561
0.785807 9.99123E-05 9.99123E-05 9.99123E-05 9.99123E-05 9.99123E-05 9.99123E-05 0.0645495 9.99123E-05 9.99123E-05 9.99123E-05 0.0419182 0.0773492 9.99123E-05 0.0293766
0.645806 0.0543643 9.9921E-05 0.186669 9.9921E-05 9.9921E-05 9.9921E-05 0.0477265 0.0498672 9.9921E-05 9.9921E-05 9.9921E-05 9.9921E-05 9.9921E-05 0.0146677
0.797759 9.99123E-05 9.99123E-05 9.99123E-05 9.99123E-05 9.99123E-05 9.99123E-05 0.0774915 9.99123E-05 9.99123E-05 0.0205982 0.00550176 0.09765 9.99123E-05 9.99123E-05
0.697829 9.99123E-05 0.0649909 9.99123E-05 9.99123E-05 9.99123E-05 9.99123E-05 0.0228162 0.151233 9.99123E-05 9.99123E-05 9.99123E-05 9.99123E-05 9.99123E-05 0.0621315
0.513852 0.02624 0.222214 9.99386E-05 9.99386E-05 0.052683 9.99386E-05 0.0719196 9.99386E-05 0.060665 9.99386E-05 0.0475337 9.99386E-05 9.99386E-05 0.00419322
0.581327 9.99122E-05 0.126201 9.99122E-05 9.99122E-05 9.99122E-05 9.99122E-05 9.99122E-05 9.99122E-05 9.99122E-05 0.126219 9.99122E-05 0.0121787 0.153075 9.99122E-05
0.783639 0.0304908 0.0723427 9.9921E-05 9.9921E-05 9.9921E-05 9.9921E-05 9.9921E-05 0.0135119 9.9921E-05 9.9921E-05 0.0723452 0.0267715 9.9921E-05 9.9921E-05
0.623916 0.214799 0.0558683 9.99123E-05 9.99123E-05 9.99123E-05 0.0811478 9.99123E-05 0.0232697 9.99123E-05 9.99123E-05 9.99123E-05 9.99123E-05 9.99123E-05 9.99123E-05
0.749104 0.063994 9.9921E-05 9.9921E-05 0.0141094 0.0588922 9.9921E-05 0.0536067 9.9921E-05 9.9921E-05 0.059394 9.9921E-05 9.9921E-05 9.9921E-05 9.9921E-05
0.354847 0.177307 0.239331 9.99298E-05 9.99298E-05 9.99298E-05 0.105421 0.0153028 0.0319675 9.99298E-05 9.99298E-05 0.0750253 9.99298E-05 9.99298E-05 9.99298E-05
0.268284 0.303657 0.213505 0.107303 0.0472499 9.99298E-05 0.0160523 9.99298E-05 9.99298E-05 9.99298E-05 9.99298E-05 9.99298E-05 0.0431505 9.99298E-05 9.99298E-05
0.873254 9.99122E-05 0.011786 9.99122E-05 0.0269351 9.99122E-05 9.99122E-05 9.99122E-05 9.99122E-05 0.00806691 9.99122E-05 9.99122E-05 9.99122E-05 9.99122E-05 0.0789588
0.785114 9.98947E-05 0.00789987 0.205787 9.98947E-05 9.98947E-05 9.98947E-05 9.98947E-05 9.98947E-05 9.98947E-05 9.98947E-05 9.98947E-05 9.98947E-05 9.98947E-05 9.98947E-05
0.949512 9.98947E-05 0.0182912 9.98947E-05 9.98947E-05 9.98947E-05 9.98947E-05 9.98947E-05 9.98947E-05 9.98947E-05 0.0309985 9.98947E-05 9.98947E-05 9.98947E-05 9.98947E-05
0.637383 0.171364 0.129222 9.99121E-05 9.99121E-05 9.99121E-05 9.99121E-05 9.99121E-05 9.99121E-05 9.99121E-05 9.99121E-05 0.0210059 0.0400264 9.99121E-05 9.99121E-05
0.739018 9.99299E-05 9.99299E-05 9.99299E-05 9.99299E-05 9.99299E-05 9.99299E-05 0.032701 0.0168333 0.00486965 0.0854555 0.02553 0.0947929 9.99299E-05 9.99299E-05
0.276202 0.0397673 0.174234 0.0259304 9.99385E-05 9.99385E-05 0.0928465 9.99385E-05 0.0467427 9.99385E-05 9.99385E-05 0.125488 9.99385E-05 0.21809 9.99385E-05
0.589042 0.105938 9.9921E-05 0.152683 0.0823761 9.9921E-05 0.0654267 9.9921E-05 0.00363521 9.9921E-05 9.9921E-05 9.9921E-05 9.9921E-05 9.9921E-05 9.9921E-05
0.811881 9.99123E-05 0.0445985 9.99123E-05 9.99123E-05 9.99123E-05 9.99123E-05 9.99123E-05 0.0311398 0.0798932 9.99123E-05 9.99123E-05 9.99123E-05 0.0314885 9.99123E-05
0.616494 9.99211E-05 0.0151385 9.99211E-05 9.99211E-05 9.99211E-05 9.99211E-05 9.99211E-05 0.0311268 0.148677 0.170068 0.017597 9.99211E-05 9.99211E-05 9.99211E-05
0.775849 9.9921E-05 0.128392 9.9921E-05 9.9921E-05 9.9921E-05 0.0147462 9.9921E-05 0.00403035 9.9921E-05 9.9921E-05 9.9921E-05 0.0530068 9.9921E-05 0.0230763
0.667273 9.99123E-05 9.99123E-05 9.99123E-05 0.031039 9.99123E-05 9.99123E-05 9.99123E-05 9.99123E-05 9.99123E-05 9.99123E-05 0.00347925 0.120836 0.176374 9.99123E-05
0.725905 9.99298E-05 0.0244181 0.0193153 9.99298E-05 9.99298E-05 9.99298E-05 0.0608836 0.0368222 0.0759795 9.99298E-05 9.99298E-05 0.0558766 9.99298E-05 9.99298E-05
0.726962 9.99035E-05 0.0430483 0.185215 9.99035E-05 9.99035E-05 9.99035E-05 9.99035E-05 9.99035E-05 9.99035E-05 9.99035E-05 0.0436752 9.99035E-05 9.99035E-05 9.99035E-05
0.918472 9.9921E-05 0.0189328 0.00746573 9.9921E-05 9.9921E-05 9.9921E-05 0.00549742 0.0103609 9.9921E-05 9.9921E-05 0.0383715 9.9921E-05 9.9921E-05 9.9921E-05
9.99211E-05 0.523263 0.191052 9.99211E-05 9.99211E-05 9.99211E-05 9.99211E-05 0.117477 9.99211E-05 0.0479344 9.99211E-05 0.0937792 9.99211E-05 0.025595 9.99211E-05
0.106052 0.614017 0.0358749 0.0478817 9.99211E-05 9.99211E-05 0.0925972 0.102678 9.99211E-05 9.99211E-05 9.99211E-05 9.99211E-05 9.99211E-05 9.99211E-05 9.99211E-05
0.111036 0.382356 9.99298E-05 9.99298E-05 9.99298E-05 0.194687 9.99298E-05 0.136964 9.99298E-05 0.135258 9.99298E-05 0.00083336 0.0380667 9.99298E-05 9.99298E-05
9.99386E-05 0.0336919 0.128627 0.00440018 9.99386E-05 9.99386E-05 9.99386E-05 0.402395 0.079756 0.0814781 0.0251738 9.99386E-05 9.99386E-05 0.243778 9.99386E-05
9.99297E-05 0.614141 0.141725 9.99297E-05 9.99297E-05 9.99297E-05 0.0106956 0.0561827 0.0826271 0.0541892 9.99297E-05 9.99297E-05 9.99297E-05 9.99297E-05 0.0396408
9.99121E-05 0.601953 0.269048 9.99121E-05 9.99121E-05 9.99121E-05 9.99121E-05 0.0454766 0.0261523 9.99121E-05 9.99121E-05 9.99121E-05 9.99121E-05 0.0563714 9.99121E-05
9.99122E-05 0.170519 0.203155 0.126472 9.99122E-05 9.99122E-05 9.99122E-05 0.454831 9.99122E-05 9.99122E-05 9.99122E-05 0.0440241 9.99122E-05 9.99122E-05 9.99122E-05
9.9921E-05 0.229811 0.204787 9.9921E-05 9.9921E-05 9.9921E-05 9.9921E-05 0.225459 0.0282203 0.170808 9.9921E-05 9.9921E-05 9.9921E-05 0.140015 9.9921E-05
9.99123E-05 0.570701 0.0799944 9.99123E-05 9.99123E-05 0.120045 9.99123E-05 0.189677 9.99123E-05 0.0385832 9.99123E-05 9.99123E-05 9.99123E-05 9.99123E-05 9.99123E-05
0.135782 0.532115 0.0894071 9.99123E-05 9.99123E-05 9.99123E-05 9.99123E-05 0.147606 9.99123E-05 9.99123E-05 9.99123E-05 0.094091 9.99123E-05 9.99123E-05 9.99123E-05
9.99385E-05 0.183705 0.360563 9.99385E-05 9.99385E-05 9.99385E-05 9.99385E-05 9.99385E-05 0.105597 0.00574335 9.99385E-05 0.184898 0.0285434 0.0364802 0.0937702
9.99385E-05 0.464176 0.177277 9.99385E-05 9.99385E-05 9.99385E-05 9.99385E-05 0.116173 9.99385E-05 0.00457355 0.0825128 0.074154 0.0633348 9.99385E-05 0.0170987
9.99561E-05 0.305606 0.0398833 9.99561E-05 0.234501 9.99561E-05 9.99561E-05 0.0359851 0.112056 0.0334711 0.0399362 0.0706701 0.0131776 0.114214 9.99561E-05
9.99209E-05 0.526555 0.250784 9.99209E-05 0.0259488 9.99209E-05 9.99209E-05 0.153932 9.99209E-05 9.99209E-05 0.0235617 9.99209E-05 0.0183194 9.99209E-05 9.99209E-05
0.0899828 0.440675 0.0496886 9.99387E-05 9.99387E-05 0.0285546 9.99387E-05 0.107122 9.99387E-05 0.0223011 9.99387E-05 0.0939791 9.99387E-05 0.166998 9.99387E-05
0.00728838 0.59975 0.169584 0.0138723 9.99299E-05 0.134793 9.99299E-05 0.0455787 9.99299E-05 9.99299E-05 9.99299E-05 0.0283336 9.99299E-05 9.99299E-05 9.99299E-05
9.99209E-05 0.436502 0.0931403 9.99209E-05 9.99209E-05 9.99209E-05 9.99209E-05 0.0883392 9.99209E-05 0.137885 9.99209E-05 9.99209E-05 0.0774959 0.165738 9.99209E-05
9.9921E-05 0.623631 0.00229609 9.9921E-05 9.9921E-05 9.9921E-05 9.9921E-05 9.9921E-05 0.0741717 0.0325926 9.9921E-05 0.145202 0.121207 9.9921E-05 9.9921E-05
0.063213 0.502048 0.134662 9.99298E-05 9.99298E-05 9.99298E-05 9.99298E-05 0.048487 9.99298E-05 0.172268 9.99298E-05 0.0410742 9.99298E-05 0.0374479 9.99298E-05
9.99385E-05 0.368466 0.3059 9.99385E-05 9.99385E-05 9.99385E-05 0.0671073 9.99385E-05 9.99385E-05 0.00621052 0.0540905 0.00688987 9.99385E-05 0.175846 0.0147894
9.99299E-05 0.443046 0.0901614 9.99299E-05 0.0170504 0.31435 9.99299E-05 0.0823027 9.99299E-05 9.99299E-05 0.0485456 9.99299E-05 0.00374463 9.99299E-05 9.99299E-05
9.99122E-05 0.740757 0.113956 9.99122E-05 9.99122E-05 9.99122E-05 9.99122E-05 0.0997089 9.99122E-05 9.99122E-05 9.99122E-05 9.99122E-05 0.03339 0.0111893 9.99122E-05
0.0880556 0.40433 0.0570167 9.99211E-05 9.99211E-05 9.99211E-05 9.99211E-05 0.174581 0.082713 9.99211E-05 9.99211E-05 9.99211E-05 9.99211E-05 0.192405 9.99211E-05
0.0230086 0.38897 0.096702 9.99473E-05 9.99473E-05 9.99473E-05 0.0616062 9.99473E-05 0.0412834 0.103762 9.99473E-05 0.0032552 0.139681 0.141132 9.99473E-05
0.0469509 0.53861 0.144934 0.0232328 9.9921E-05 9.9921E-05 9.9921E-05 9.9921E-05 9.9921E-05 9.9921E-05 9.9921E-05 0.21028 9.9921E-05 0.0350928 9.9921E-05
0.155222 0.349611 0.111909 9.99386E-05 9.99386E-05 0.099755 9.99386E-05 0.191488 0.00586073 9.99386E-05 9.99386E-05 0.0528073 9.99386E-05 9.99386E-05 0.0326482
0.111549 0.698603 9.99123E-05 9.99123E-05 9.99123E-05 0.137217 9.99123E-05 0.0285059 9.99123E-05 0.0231261 9.99123E-05 9.99123E-05 9.99123E-05 9.99123E-05 9.99123E-05
9.99212E-05 0.45792 0.127928 9.99212E-05 9.99212E-05 0.137154 0.0639923 0.126294 9.99212E-05 9.99212E-05 9.99212E-05 9.99212E-05 9.99212E-05 9.99212E-05 0.0858118
0.169717 0.483946 0.102622 9.99211E-05 9.99211E-05 9.99211E-05 9.99211E-05 0.0344119 0.0131734 0.19523 9.99211E-05 9.99211E-05 9.99211E-05 9.99211E-05 9.99211E-05
0.094854 0.235154 0.256663 9.99298E-05 9.99298E-05 0.238041 9.99298E-05 0.068309 0.0880723 9.99298E-05 0.0181079 9.99298E-05 9.99298E-05 9.99298E-05 9.99298E-05
9.98946E-05 9.98946E-05 0.124242 9.98946E-05 9.98946E-05 9.98946E-05 9.98946E-05 9.98946E-05 0.104445 9.98946E-05 9.98946E-05 9.98946E-05 9.98946E-05 0.770114 9.98946E-05
9.99036E-05 9.99036E-05 0.0143053 9.99036E-05 9.99036E-05 0.333757 9.99036E-05 9.99036E-05 0.044364 9.99036E-05 9.99036E-05 9.99036E-05 9.99036E-05 0.606475 9.99036E-05
9.99122E-05 9.99122E-05 0.101455 9.99122E-05 0.000845488 9.99122E-05 9.99122E-05 9.99122E-05 9.99122E-05 0.0257543 9.99122E-05 0.0275325 9.99122E-05 0.843414 9.99122E-05
9.98945E-05 9.98945E-05 0.172132 9.98945E-05 9.98945E-05 9.98945E-05 9.98945E-05 9.98945E-05 0.0721519 9.98945E-05 9.98945E-05 9.98945E-05 9.98945E-05 0.754517 9.98945E-05
9.98945E-05 9.98945E-05 9.98945E-05 9.98945E-05 9.98945E-05 9.98945E-05 0.00801186 9.98945E-05 0.0239269 9.98945E-05 9.98945E-05 9.98945E-05 9.98945E-05 0.966863 9.98945E-05
9.99035E-05 9.99035E-05 0.14832 9.99035E-05 9.99035E-05 9.99035E-05 9.99035E-05 0.103363 0.122681 9.99035E-05 9.99035E-05 9.99035E-05 9.99035E-05 0.624537 9.99035E-05
9.99122E-05 9.99122E-05 0.0827494 9.99122E-05 9.99122E-05 9.99122E-05 9.99122E-05 9.99122E-05 0.143011 0.0451637 9.99122E-05 0.000920473 9.99122E-05 0.727156 9.99122E-05
9.98946E-05 9.98946E-05 0.00194693 9.98946E-05 9.98946E-05 9.98946E-05 9.98946E-05 9.98946E-05 0.183261 9.98946E-05 9.98946E-05 9.98946E-05 9.98946E-05 0.813593 9.98946E-05
9.99033E-05 9.99033E-05 9.99033E-05 9.99033E-05 9.99033E-05 9.99033E-05 9.99033E-05 0.280264 0.223902 9.99033E-05 9.99033E-05 0.0527577 9.99033E-05 0.441977 9.99033E-05
9.99034E-05 9.99034E-05 0.289566 0.0208285 9.99034E-05 9.99034E-05 9.99034E-05 9.99034E-05 0.178227 9.99034E-05 9.99034E-05 9.99034E-05 9.99034E-05 0.51028 9.99034E-05
9.99123E-05 9.99123E-05 9.99123E-05 9.99123E-05 9.99123E-05 0.136907 9.99123E-05 0.216801 0.0438812 9.99123E-05 9.99123E-05 0.0627208 9.99123E-05 0.538691 9.99123E-05
0.00772492 9.9921E-05 0.0834107 9.9921E-05 9.9921E-05 0.0200404 9.9921E-05 0.170619 9.9921E-05 9.9921E-05 9.9921E-05 0.0257868 9.9921E-05 0.691519 9.9921E-05
9.9886E-05 9.9886E-05 9.9886E-05 9.9886E-05 9.9886E-05 9.9886E-05 9.9886E-05 9.9886E-05 0.111376 9.9886E-05 9.9886E-05 9.9886E-05 9.9886E-05 0.887326 9.9886E-05
9.99036E-05 9.99036E-05 0.217822 9.99036E-05 9.99036E-05 9.99036E-05 9.99036E-05 0.00688784 0.122777 9.99036E-05 9.99036E-05 9.99036E-05 9.99036E-05 0.651414 9.99036E-05
9.99035E-05 9.99035E-05 9.99035E-05 9.99035E-05 9.99035E-05 9.99035E-05 9.99035E-05 9.99035E-05 0.0829611 0.148169 0.0110866 9.99035E-05 9.99035E-05 0.756685 9.99035E-05
9.99123E-05 9.99123E-05 0.137571 0.0951184 9.99123E-05 9.99123E-05 9.99123E-05 0.0800442 0.0264266 9.99123E-05 9.99123E-05 9.99123E-05 9.99123E-05 0.659841 9.99123E-05
9.99034E-05 9.99034E-05 0.0793631 9.99034E-05 9.99034E-05 9.99034E-05 9.99034E-05 0.238887 0.0519013 9.99034E-05 9.99034E-05 9.99034E-05 9.99034E-05 0.628749 9.99034E-05
0.00188819 0.0199612 9.99124E-05 9.99124E-05 0.13256 9.99124E-05 9.99124E-05 9.99124E-05 0.0876595 9.99124E-05 9.99124E-05 9.99124E-05 9.99124E-05 0.756932 9.99124E-05
9.99035E-05 9.99035E-05 9.99035E-05 9.99035E-05 9.99035E-05 9.99035E-05 9.99035E-05 0.0649238 0.00825235 9.99035E-05 9.99035E-05 0.0184121 9.99035E-05 0.907313 9.99035E-05
9.9921E-05 9.9921E-05 0.0882514 0.0648021 9.9921E-05 0.132549 9.9921E-05 9.9921E-05 0.123163 9.9921E-05 9.9921E-05 9.9921E-05 9.9921E-05 0.506394 0.0839413
9.9921E-05 9.9921E-05 0.0381983 0.00810745 0.0365041 9.9921E-05 9.9921E-05 0.128528 0.037749 9.9921E-05 9.9921E-05 9.9921E-05 9.9921E-05 0.750014 9.9921E-05
9.98946E-05 9.98946E-05 0.0158993 9.98946E-05 9.98946E-05 9.98946E-05 9.98946E-05 9.98946E-05 9.98946E-05 0.0162041 9.98946E-05 9.98946E-05 9.98946E-05 0.966698 9.98946E-05
9.9921E-05 9.9921E-05 0.258601 9.9921E-05 0.0143656 9.9921E-05 9.9921E-05 0.024778 0.27025 9.9921E-05 9.9921E-05 9.9921E-05 9.9921E-05 0.34277 0.0883364
9.99035E-05 9.99035E-05 0.0205658 9.99035E-05 9.99035E-05 0.0589141 9.99035E-05 9.99035E-05 0.227315 9.99035E-05 9.99035E-05 9.99035E-05 9.99035E-05 0.692106 9.99035E-05
9.9921E-05 9.9921E-05 0.215162 9.9921E-05 0.0273447 9.9921E-05 9.9921E-05 0.0510621 0.169344 9.9921E-05 9.9921E-05 9.9921E-05 9.9921E-05 0.442934 0.0932543
9.99298E-05 0.0549863 0.0629984 9.99298E-05 9.99298E-05 0.0947971 9.99298E-05 0.162073 0.0772906 9.99298E-05 0.00334089 9.99298E-05 9.99298E-05 0.543714 9.99298E-05
9.99122E-05 9.99122E-05 0.0677951 9.99122E-05 9.99122E-05 0.556709 0.112504 9.99122E-05 9.99122E-05 9.99122E-05 9.99122E-05 9.99122E-05 9.99122E-05 0.260946 0.00104655
9.99032E-05 9.99032E-05 0.0616681 9.99032E-05 9.99032E-05 9.99032E-05 9.99032E-05 9.99032E-05 0.0621031 9.99032E-05 9.99032E-05 9.99032E-05 0.00704091 0.868089 9.99032E-05
9.99035E-05 9.99035E-05 0.181161 9.99035E-05 9.99035E-05 9.99035E-05 9.99035E-05 0.0830033 0.19913 9.99035E-05 9.99035E-05 9.99035E-05 9.99035E-05 0.535607 9.99035E-05
9.98948E-05 9.98948E-05 0.159754 9.98948E-05 9.98948E-05 9.98948E-05 9.98948E-05 9.98948E-05 9.98948E-05 9.98948E-05 9.98948E-05 0.0153995 9.98948E-05 0.823648 9.98948E-05
9.99035E-05 9.99035E-05 0.185728 9.99035E-05 9.99035E-05 9.99035E-05 9.99035E-05 9.99035E-05 9.99035E-05 9.99035E-05 0.032339 0.051824 9.99035E-05 0.729011 9.99035E-05
9.98947E-05 9.98947E-05 9.98947E-05 9.98947E-05 9.98947E-05 9.98947E-05 9.98947E-05 9.98947E-05 9.98947E-05 9.98947E-05 9.98947E-05 0.0100956 9.98947E-05 0.934271 0.0544346
9.99121E-05 9.99121E-05 0.189726 9.99121E-05 0.0983534 9.99121E-05 9.99121E-05 9.99121E-05 0.237891 9.99121E-05 9.99121E-05 9.99121E-05 9.99121E-05 0.416245 0.0567853
9.99209E-05 0.041772 0.0744582 9.99209E-05 9.99209E-05 9.99209E-05 9.99209E-05 9.99209E-05 0.0519312 9.99209E-05 9.99209E-05 9.99209E-05 0.0776043 0.733751 0.0195845
9.9886E-05 9.9886E-05 0.0391512 9.9886E-05 9.9886E-05 9.9886E-05 9.9886E-05 9.9886E-05 9.9886E-05 9.9886E-05 9.9886E-05 9.9886E-05 9.9886E-05 0.95955 9.9886E-05
9.99122E-05 9.99122E-05 9.99122E-05 0.143602 9.99122E-05 0.0165409 9.99122E-05 9.99122E-05 0.0389063 9.99122E-05 9.99122E-05 0.0515439 9.99122E-05 0.748408 9.99122E-05
9.99034E-05 9.99034E-05 0.204606 9.99034E-05 9.99034E-05 9.99034E-05 9.99034E-05 9.99034E-05 0.0910046 0.062691 9.99034E-05 9.99034E-05 9.99034E-05 0.6406 9.99034E-05
9.99121E-05 9.99121E-05 9.99121E-05 0.0351435 0.0250548 0.477502 9.99121E-05 9.99121E-05 0.0706414 9.99121E-05 9.99121E-05 9.99121E-05 9.99121E-05 0.390659 9.99121E-05
9.98948E-05 9.98948E-05 0.069682 9.98948E-05 9.98948E-05 0.11095 9.98948E-05 9.98948E-05 9.98948E-05 9.98948E-05 9.98948E-05 9.98948E-05 9.98948E-05 0.818169 9.98948E-05
9.98861E-05 9.98861E-05 9.98861E-05 9.98861E-05 9.98861E-05 0.167112 9.98861E-05 9.98861E-05 9.98861E-05 9.98861E-05 9.98861E-05 9.98861E-05 9.98861E-05 0.83159 9.98861E-05
9.99035E-05 9.99035E-05 9.99035E-05 9.99035E-05 9.99035E-05 0.300421 9.99035E-05 9.99035E-05 0.0302449 9.99035E-05 9.99035E-05 9.99035E-05 9.99035E-05 0.64816 0.020075
9.9921E-05 9.9921E-05 0.284019 9.9921E-05 0.0168551 9.9921E-05 9.9921E-05 0.064231 0.132135 9.9921E-05 9.9921E-05 0.00558837 9.9921E-05 0.496272 9.9921E-05
9.99035E-05 9.99035E-05 9.99035E-05 9.99035E-05 0.0628743 9.99035E-05 9.99035E-05 9.99035E-05 0.0702949 0.041804 9.99035E-05 9.99035E-05 9.99035E-05 0.823928 9.99035E-05
9.99122E-05 9.99122E-05 0.0884584 9.99122E-05 9.99122E-05 0.477175 9.99122E-05 9.99122E-05 0.0653861 9.99122E-05 9.99122E-05 9.99122E-05 9.99122E-05 0.306996 0.0609854
9.98947E-05 9.98947E-05 0.0885999 9.98947E-05 9.98947E-05 0.379377 9.98947E-05 9.98947E-05 9.98947E-05 9.98947E-05 9.98947E-05 9.98947E-05 9.98947E-05 0.530825 9.98947E-05
9.99297E-05 0.0964907 0.0185272 9.99297E-05 9.99297E-05 9.99297E-05 9.99297E-05 0.119483 0.163122 0.0743232 9.99297E-05 9.99297E-05 9.99297E-05 0.414029 0.113225
9.99298E-05 0.000349388 0.199024 9.99298E-05 9.99298E-05 0.0233132 9.99298E-05 9.99298E-05 0.0689793 9.99298E-05 0.0266139 0.00655792 9.99298E-05 0.674363 9.99298E-05
9.99124E-05 9.99124E-05 0.0404616 9.99124E-05 9.99124E-05 9.99124E-05 0.136653 0.069037 0.173132 9.99124E-05 9.99124E-05 9.99124E-05 9.99124E-05 0.579717 9.99124E-05
9.99035E-05 0.0187428 0.242354 9.99035E-05 9.99035E-05 9.99035E-05 9.99035E-05 9.99035E-05 0.290634 9.99035E-05 9.99035E-05 9.99035E-05 9.99035E-05 0.447169 9.99035E-05
9.98947E-05 9.98947E-05 0.0124052 9.98947E-05 9.98947E-05 0.329621 9.98947E-05 9.98947E-05 9.98947E-05 9.98947E-05 9.98947E-05 9.98947E-05 9.98947E-05 0.656775 9.98947E-05
9.99209E-05 9.99209E-05 0.155725 0.152102 9.99209E-05 9.99209E-05 0.0375888 9.99209E-05 0.0121253 9.99209E-05 9.99209E-05 9.99209E-05 9.99209E-05 0.635112 0.00644777
9.99034E-05 9.99034E-05 0.0272155 9.99034E-05 9.99034E-05 0.464827 9.99034E-05 9.99034E-05 0.115477 9.99034E-05 9.99034E-05 9.99034E-05 9.99034E-05 0.391381 9.99034E-05
9.99123E-05 9.99123E-05 0.185306 9.99123E-05 9.99123E-05 0.0850369 9.99123E-05 9.99123E-05 0.0918261 9.99123E-05 9.99123E-05 0.0133268 9.99123E-05 0.623505 9.99123E-05
9.99034E-05 9.99034E-05 9.99034E-05 9.99034E-05 9.99034E-05 9.99034E-05 9.99034E-05 9.99034E-05 0.0311709 0.0280883 0.0744732 9.99034E-05 9.99034E-05 0.865169 9.99034E-05
9.98947E-05 9.98947E-05 9.98947E-05 0.12808 9.98947E-05 9.98947E-05 9.98947E-05 9.98947E-05 9.98947E-05 9.98947E-05 9.98947E-05 0.0123806 9.98947E-05 0.85834 9.98947E-05
9.99034E-05 9.99034E-05 0.111627 9.99034E-05 9.99034E-05 9.99034E-05 9.99034E-05 0.142463 0.164312 9.99034E-05 9.99034E-05 9.99034E-05 9.99034E-05 0.5805 9.99034E-05
9.98946E-05 9.98946E-05 0.0821632 9.98946E-05 9.98946E-05 9.98946E-05 9.98946E-05 9.98946E-05 0.152864 9.98946E-05 9.98946E-05 9.98946E-05 9.98946E-05 0.763774 9.98946E-05
9.99034E-05 9.99034E-05 9.99034E-05 9.99034E-05 9.99034E-05 9.99034E-05 9.99034E-05 0.00888364 0.0130872 9.99034E-05 9.99034E-05 0.0447794 9.99034E-05 0.932151 9.99034E-05
9.99035E-05 9.99035E-05 0.0518796 9.99035E-05 9.99035E-05 0.0224854 9.99035E-05 9.99035E-05 9.99035E-05 9.99035E-05 9.99035E-05 9.99035E-05 9.99035E-05 0.828011 0.0965254
9.99122E-05 9.99122E-05 0.0496654 9.99122E-05 9.99122E-05 0.099998 9.99122E-05 0.0867719 0.18115 9.99122E-05 9.99122E-05 9.99122E-05 9.99122E-05 0.581415 9.99122E-05
9.98858E-05 9.98858E-05 0.992594 9.98858E-05 9.98858E-05 9.98858E-05 9.98858E-05 9.98858E-05 9.98858E-05 9.98858E-05 9.98858E-05 0.00610729 9.98858E-05 9.98858E-05 9.98858E-05
9.98769E-05 9.98769E-05 9.98769E-05 9.98769E-05 9.98769E-05 9.98769E-05 9.98769E-05 9.98769E-05 0.998602 9.98769E-05 9.98769E-05 9.98769E-05 9.98769E-05 9.98769E-05 9.98769E-05
9.98769E-05 9.98769E-05 0.998602 9.98769E-05 9.98769E-05 9.98769E-05 9.98769E-05 9.98769E-05 9.98769E-05 9.98769E-05 9.98769E-05 9.98769E-05 9.98769E-05 9.98769E-05 9.98769E-05
9.98769E-05 9.98769E-05 9.98769E-05 9.98769E-05 9.98769E-05 9.98769E-05 9.98769E-05 9.98769E-05 0.998602 9.98769E-05 9.98769E-05 9.98769E-05 9.98769E-05 9.98769E-05 9.98769E-05
9.98768E-05 9.98768E-05 9.98768E-05 9.98768E-05 9.98768E-05 9.98768E-05 9.98768E-05 9.98768E-05 0.998602 9.98768E-05 9.98768E-05 9.98768E-05 9.98768E-05 9.98768E-05 9.98768E-05
9.98769E-05 9.98769E-05 9.98769E-05 9.98769E-05 9.98769E-05 9.98769E-05 9.98769E-05 9.98769E-05 0.998602 9.98769E-05 9.98769E-05 9.98769E-05 9.98769E-05 9.98769E-05 9.98769E-05
9.98768E-05 9.98768E-05 0.998602 9.98768E-05 9.98768E-05 9.98768E-05 9.98768E-05 9.98768E-05 9.98768E-05 9.98768E-05 9.98768E-05 9.98768E-05 9.98768E-05 9.98768E-05 9.98768E-05
9.98769E-05 9.98769E-05 9.98769E-05 9.98769E-05 9.98769E-05 9.98769E-05 9.98769E-05 9.98769E-05 0.998602 9.98769E-05 9.98769E-05 9.98769E-05 9.98769E-05 9.98769E-05 9.98769E-05
9.98768E-05 9.98768E-05 9.98768E-05 9.98768E-05 9.98768E-05 9.98768E-05 9.98768E-05 9.98768E-05 0.998602 9.98768E-05 9.98768E-05 9.98768E-05 9.98768E-05 9.98768E-05 9.98768E-05
9.98768E-05 9.98768E-05 0.998602 9.98768E-05 9.98768E-05 9.98768E-05 9.98768E-05 9.98768E-05 9.98768E-05 9.98768E-05 9.98768E-05 9.98768E-05 9.98768E-05 9.98768E-05 9.98768E-05
9.98769E-05 9.98769E-05 0.998602 9.98769E-05 9.98769E-05 9.98769E-05 9.98769E-05 9.98769E-05 9.98769E-05 9.98769E-05 9.98769E-05 9.98769E-05 9.98769E-05 9.98769E-05 9.98769E-05
9.98769E-05 9.98769E-05 0.998602 9.98769E-05 9.98769E-05 9.98769E-05 9.98769E-05 9.98769E-05 9.98769E-05 9.98769E-05 9.98769E-05 9.98769E-05 9.98769E-05 9.98769E-05 9.98769E-05
9.98769E-05 9.98769E-05 9.98769E-05 9.98769E-05 9.98769E-05 9.98769E-05 9.98769E-05 9.98769E-05 0.998602 9.98769E-05 9.98769E-05 9.98769E-05 9.98769E-05 9.98769E-05 9.98769E-05
9.98769E-05 9.98769E-05 9.98769E-05 9.98769E-05 9.98769E-05 9.98769E-05 9.98769E-05 9.98769E-05 0.998602 9.98769E-05 9.98769E-05 9.98769E-05 9.98769E-05 9.98769E-05 9.98769E-05
9.98769E-05 9.98769E-05 0.998602 9.98769E-05 9.98769E-05 9.98769E-05 9.98769E-05 9.98769E-05 9.98769E-05 9.98769E-05 9.98769E-05 9.98769E-05 9.98769E-05 9.98769E-05 9.98769E-05
9.98768E-05 9.98768E-05 0.998602 9.98768E-05 9.98768E-05 9.98768E-05 9.98768E-05 9.98768E-05 9.98768E-05 9.98768E-05 9.98768E-05 9.98768E-05 9.98768E-05 9.98768E-05 9.98768E-05
9.99209E-05 9.99209E-05 0.113067 9.99209E-05 9.99209E-05 9.99209E-05 0.0628166 9.99209E-05 0.0518469 9.99209E-05 9.99209E-05 9.99209E-05 0.178719 0.591287 0.00136482
9.98857E-05 9.98857E-05 0.998602 9.98857E-05 9.98857E-05 9.98857E-05 9.98857E-05 9.98857E-05 9.98857E-05 9.98857E-05 9.98857E-05 9.98857E-05 9.98857E-05 9.98857E-05 9.98857E-05
9.98769E-05 9.98769E-05 9.98769E-05 9.98769E-05 9.98769E-05 9.98769E-05 9.98769E-05 9.98769E-05 0.998602 9.98769E-05 9.98769E-05 9.98769E-05 9.98769E-05 9.98769E-05 9.98769E-05
9.98769E-05 9.98769E-05 0.998602 9.98769E-05 9.98769E-05 9.98769E-05 9.98769E-05 9.98769E-05 9.98769E-05 9.98769E-05 9.98769E-05 9.98769E-05 9.98769E-05 9.98769E-05 9.98769E-05
9.98769E-05 9.98769E-05 0.998602 9.98769E-05 9.98769E-05 9.98769E-05 9.98769E-05 9.98769E-05 9.98769E-05 9.98769E-05 9.98769E-05 9.98769E-05 9.98769E-05 9.98769E-05 9.98769E-05
9.98769E-05 9.98769E-05 0.998602 9.98769E-05 9.98769E-05 9.98769E-05 9.98769E-05 9.98769E-05 9.98769E-05 9.98769E-05 9.98769E-05 9.98769E-05 9.98769E-05 9.98769E-05 9.98769E-05
9.98768E-05 9.98768E-05 9.98768E-05 9.98768E-05 9.98768E-05 9.98768E-05 9.98768E-05 9.98768E-05 0.998602 9.98768E-05 9.98768E-05 9.98768E-05 9.98768E-05 9.98768E-05 9.98768E-05
9.98769E-05 9.98769E-05 0.998602 9.98769E-05 9.98769E-05 9.98769E-05 9.98769E-05 9.98769E-05 9.98769E-05 9.98769E-05 9.98769E-05 9.98769E-05 9.98769E-05 9.98769E-05 9.98769E-05
9.98769E-05 9.98769E-05 9.98769E-05 9.98769E-05 9.98769E-05 9.98769E-05 9.98769E-05 9.98769E-05 0.998602 9.98769E-05 9.98769E-05 9.98769E-05 9.98769E-05 9.98769E-05 9.98769E-05
9.98769E-05 9.98769E-05 0.998602 9.98769E-05 9.98769E-05 9.98769E-05 9.98769E-05 9.98769E-05 9.98769E-05 9.98769E-05 9.98769E-05 9.98769E-05 9.98769E-05 9.98769E-05 9.98769E-05
9.98768E-05 9.98768E-05 0.998602 9.98768E-05 9.98768E-05 9.98768E-05 9.98768E-05 9.98768E-05 9.98768E-05 9.98768E-05 9.98768E-05 9.98768E-05 9.98768E-05 9.98768E-05 9.98768E-05
9.98769E-05 9.98769E-05 9.98769E-05 9.98769E-05 9.98769E-05 9.98769E-05 9.98769E-05 9.98769E-05 0.998602 9.98769E-05 9.98769E-05 9.98769E-05 9.98769E-05 9.98769E-05 9.98769E-05
9.98769E-05 9.98769E-05 9.98769E-05 9.98769E-05 9.98769E-05 9.98769E-05 9.98769E-05 9.98769E-05 0.998602 9.98769E-05 9.98769E-05 9.98769E-05 9.98769E-05 9.98769E-05 9.98769E-05
9.98858E-05 9.98858E-05 0.00866729 9.98858E-05 9.98858E-05 9.98858E-05 9.98858E-05 9.98858E-05 0.990034 9.98858E-05 9.98858E-05 9.98858E-05 9.98858E-05 9.98858E-05 9.98858E-05
9.98769E-05 9.98769E-05 0.998602 9.98769E-05 9.98769E-05 9.98769E-05 9.98769E-05 9.98769E-05 9.98769E-05 9.98769E-05 9.98769E-05 9.98769E-05 9.98769E-05 9.98769E-05 9.98769E-05
9.98769E-05 9.98769E-05 0.998602 9.98769E-05 9.98769E-05 9.98769E-05 9.98769E-05 9.98769E-05 9.98769E-05 9.98769E-05 9.98769E-05 9.98769E-05 9.98769E-05 9.98769E-05 9.98769E-05
9.98769E-05 9.98769E-05 0.998602 9.98769E-05 9.98769E-05 9.98769E-05 9.98769E-05 9.98769E-05 9.98769E-05 9.98769E-05 9.98769E-05 9.98769E-05 9.98769E-05 9.98769E-05 9.98769E-05
9.9877E-05 9.9877E-05 0.998602 9.9877E-05 9.9877E-05 9.9877E-05 9.9877E-05 9.9877E-05 9.9877E-05 9.9877E-05 9.9877E-05 9.9877E-05 9.9877E-05 9.9877E-05 9.9877E-05
9.98768E-05 9.98768E-05 0.998602 9.98768E-05 9.98768E-05 9.98768E-05 9.98768E-05 9.98768E-05 9.98768E-05 9.98768E-05 9.98768E-05 9.98768E-05 9.98768E-05 9.98768E-05 9.98768E-05
9.9877E-05 9.9877E-05 9.9877E-05 9.9877E-05 9.9877E-05 9.9877E-05 9.9877E-05 9.9877E-05 0.998602 9.9877E-05 9.9877E-05 9.9877E-05 9.9877E-05 9.9877E-05 9.9877E-05
9.98768E-05 9.98768E-05 9.98768E-05 9.98768E-05 9.98768E-05 9.98768E-05 9.98768E-05 9.98768E-05 0.998602 9.98768E-05 9.98768E-05 9.98768E-05 9.98768E-05 9.98768E-05 9.98768E-05
9.98769E-05 9.98769E-05 9.98769E-05 9.98769E-05 9.98769E-05 9.98769E-05 9.98769E-05 9.98769E-05 0.998602 9.98769E-05 9.98769E-05 9.98769E-05 9.98769E-05 9.98769E-05 9.98769E-05
9.98769E-05 9.98769E-05 0.998602 9.98769E-05 9.98769E-05 9.98769E-05 9.98769E-05 9.98769E-05 9.98769E-05 9.98769E-05 9.98769E-05 9.98769E-05 9.98769E-05 9.98769E-05 9.98769E-05
9.98769E-05 9.98769E-05 9.98769E-05 9.98769E-05 9.98769E-05 9.98769E-05 9.98769E-05 9.98769E-05 0.998602 9.98769E-05 9.98769E-05 9.98769E-05 9.98769E-05 9.98769E-05 9.98769E-05
9.9877E-05 9.9877E-05 9.9877E-05 9.9877E-05 9.9877E-05 9.9877E-05 9.9877E-05 9.9877E-05 0.998602 9.9877E-05 9.9877E-05 9.9877E-05 9.9877E-05 9.9877E-05 9.9877E-05
9.98769E-05 9.98769E-05 9.98769E-05 9.98769E-05 9.98769E-05 9.98769E-05 9.98769E-05 9.98769E-05 0.998602 9.98769E-05 9.98769E-05 9.98769E-05 9.98769E-05 9.98769E-05 9.98769E-05
9.98769E-05 9.98769E-05 9.98769E-05 9.98769E-05 9.98769E-05 9.98769E-05 9.98769E-05 9.98769E-05 0.998602 9.98769E-05 9.98769E-05 9.98769E-05 9.98769E-05 9.98769E-05 9.98769E-05
9.98768E-05 9.98768E-05 0.998602 9.98768E-05 9.98768E-05 9.98768E-05 9.98768E-05 9.98768E-05 9.98768E-05 9.98768E-05 9.98768E-05 9.98768E-05 9.98768E-05 9.98768E-05 9.98768E-05
9.98769E-05 9.98769E-05 9.98769E-05 9.98769E-05 9.98769E-05 9.98769E-05 9.98769E-05 9.98769E-05 0.998602 9.98769E-05 9.98769E-05 9.98769E-05 9.98769E-05 9.98769E-05 9.98769E-05
9.98768E-05 9.98768E-05 9.98768E-05 9.98768E-05 9.98768E-05 9.98768E-05 9.98768E-05 9.98768E-05 0.998602 9.98768E-05 9.98768E-05 9.98768E-05 9.98768E-05 9.98768E-05 9.98768E-05
9.99121E-05 9.99121E-05 0.132479 9.99121E-05 9.99121E-05 9.99121E-05 0.0376448 9.99121E-05 0.0640368 9.99121E-05 9.99121E-05 9.99121E-05 0.201176 0.563665 9.99121E-05
9.98769E-05 9.98769E-05 0.998602 9.98769E-05 9.98769E-05 9.98769E-05 9.98769E-05 9.98769E-05 9.98769E-05 9.98769E-05 9.98769E-05 9.98769E-05 9.98769E-05 9.98769E-05 9.98769E-05
9.98769E-05 9.98769E-05 9.98769E-05 9.98769E-05 9.98769E-05 9.98769E-05 9.98769E-05 9.98769E-05 0.998602 9.98769E-05 9.98769E-05 9.98769E-05 9.98769E-05 9.98769E-05 9.98769E-05
9.9877E-05 9.9877E-05 9.9877E-05 9.9877E-05 9.9877E-05 9.9877E-05 9.9877E-05 9.9877E-05 0.998602 9.9877E-05 9.9877E-05 9.9877E-05 9.9877E-05 9.9877E-05 9.9877E-05
9.9877E-05 9.9877E-05 9.9877E-05 9.9877E-05 9.9877E-05 9.9877E-05 9.9877E-05 9.9877E-05 0.998602 9.9877E-05 9.9877E-05 9.9877E-05 9.9877E-05 9.9877E-05 9.9877E-05
9.98769E-05 9.98769E-05 9.98769E-05 9.98769E-05 9.98769E-05 9.98769E-05 9.98769E-05 9.98769E-05 0.998602 9.98769E-05 9.98769E-05 9.98769E-05 9.98769E-05 9.98769E-05 9.98769E-05
9.98768E-05 9.98768E-05 0.998602 9.98768E-05 9.98768E-05 9.98768E-05 9.98768E-05 9.98768E-05 9.98768E-05 9.98768E-05 9.98768E-05 9.98768E-05 9.98768E-05 9.98768E-05 9.98768E-05
9.98768E-05 9.98768E-05 9.98768E-05 9.98768E-05 9.98768E-05 9.98768E-05 9.98768E-05 9.98768E-05 0.998602 9.98768E-05 9.98768E-05 9.98768E-05 9.98768E-05 9.98768E-05 9.98768E-05
9.98768E-05 9.98768E-05 0.998602 9.98768E-05 9.98768E-05 9.98768E-05 9.98768E-05 9.98768E-05 9.98768E-05 9.98768E-05 9.98768E-05 9.98768E-05 9.98768E-05 9.98768E-05 9.98768E-05
9.98769E-05 9.98769E-05 9.98769E-05 9.98769E-05 9.98769E-05 9.98769E-05 9.98769E-05 9.98769E-05 0.998602 9.98769E-05 9.98769E-05 9.98769E-05 9.98769E-05 9.98769E-05 9.98769E-05
9.98768E-05 9.98768E-05 0.998602 9.98768E-05 9.98768E-05 9.98768E-05 9.98768E-05 9.98768E-05 9.98768E-05 9.98768E-05 9.98768E-05 9.98768E-05 9.98768E-05 9.98768E-05 9.98768E-05
9.98769E-05 9.98769E-05 9.98769E-05 9.98769E-05 9.98769E-05 9.98769E-05 9.98769E-05 9.98769E-05 0.998602 9.98769E-05 9.98769E-05 9.98769E-05 9.98769E-05 9.98769E-05 9.98769E-05
9.98769E-05 9.98769E-05 9.98769E-05 9.98769E-05 9.98769E-05 9.98769E-05 9.98769E-05 9.98769E-05 0.998602 9.98769E-05 9.98769E-05 9.98769E-05 9.98769E-05 9.98769E-05 9.98769E-05
9.98769E-05 9.98769E-05 9.98769E-05 9.98769E-05 9.98769E-05 9.98769E-05 9.98769E-05 9.98769E-05 0.998602 9.98769E-05 9.98769E-05 9.98769E-05 9.98769E-05 9.98769E-05 9.98769E-05
9.98768E-05 9.98768E-05 9.98768E-05 9.98768E-05 9.98768E-05 9.98768E-05 9.98768E-05 9.98768E-05 0.998602 9.98768E-05 9.98768E-05 9.98768E-05 9.98768E-05 9.98768E-05 9.98768E-05
9.98769E-05 9.98769E-05 9.98769E-05 9.98769E-05 9.98769E-05 9.98769E-05 9.98769E-05 9.98769E-05 0.998602 9.98769E-05 9.98769E-05 9.98769E-05 9.98769E-05 9.98769E-05 9.98769E-05
9.98768E-05 9.98768E-05 9.98768E-05 9.98768E-05 9.98768E-05 9.98768E-05 9.98768E-05 9.98768E-05 0.998602 9.98768E-05 9.98768E-05 9.98768E-05 9.98768E-05 9.98768E-05 9.98768E-05
9.98768E-05 9.98768E-05 0.998602 9.98768E-05 9.98768E-05 9.98768E-05 9.98768E-05 9.98768E-05 9.98768E-05 9.98768E-05 9.98768E-05 9.98768E-05 9.98768E-05 9.98768E-05 9.98768E-05
9.98769E-05 9.98769E-05 0.998602 9.98769E-05 9.98769E-05 9.98769E-05 9.98769E-05 9.98769E-05 9.98769E-05 9.98769E-05 9.98769E-05 9.98769E-05 9.98769E-05 9.98769E-05 9.98769E-05
9.98769E-05 9.98769E-05 0.998602 9.98769E-05 9.98769E-05 9.98769E-05 9.98769E-05 9.98769E-05 9.98769E-05 9.98769E-05 9.98769E-05 9.98769E-05 9.98769E-05 9.98769E-05 9.98769E-05
9.98769E-05 9.98769E-05 9.98769E-05 9.98769E-05 9.98769E-05 9.98769E-05 9.98769E-05 9.98769E-05 0.998602 9.98769E-05 9.98769E-05 9.98769E-05 9.98769E-05 9.98769E-05 9.98769E-05
9.98769E-05 9.98769E-05 0.998602 9.98769E-05 9.98769E-05 9.98769E-05 9.98769E-05 9.98769E-05 9.98769E-05 9.98769E-05 9.98769E-05 9.98769E-05 9.98769E-05 9.98769E-05 9.98769E-05
9.98769E-05 9.98769E-05 0.998602 9.98769E-05 9.98769E-05 9.98769E-05 9.98769E-05 9.98769E-05 9.98769E-05 9.98769E-05 9.98769E-05 9.98769E-05 9.98769E-05 9.98769E-05 9.98769E-05
9.98768E-05 9.98768E-05 0.998602 9.98768E-05 9.98768E-05 9.98768E-05 9.98768E-05 9.98768E-05 9.98768E-05 9.98768E-05 9.98768E-05 9.98768E-05 9.98768E-05 9.98768E-05 9.98768E-05
9.98769E-05 9.98769E-05 9.98769E-05 9.98769E-05 9.98769E-05 9.98769E-05 9.98769E-05 9.98769E-05 0.998602 9.98769E-05 9.98769E-05 9.98769E-05 9.98769E-05 9.98769E-05 9.98769E-05
9.98769E-05 9.98769E-05 9.98769E-05 9.98769E-05 9.98769E-05 9.98769E-05 9.98769E-05 9.98769E-05 0.998602 9.98769E-05 9.98769E-05 9.98769E-05 9.98769E-05 9.98769E-05 9.98769E-05
9.98769E-05 9.98769E-05 9.98769E-05 9.98769E-05 9.98769E-05 9.98769E-05 9.98769E-05 9.98769E-05 0.998602 9.98769E-05 9.98769E-05 9.98769E-05 9.98769E-05 9.98769E-05 9.98769E-05
9.98768E-05 9.98768E-05 0.998602 9.98768E-05 9.98768E-05 9.98768E-05 9.98768E-05 9.98768E-05 9.98768E-05 9.98768E-05 9.98768E-05 9.98768E-05 9.98768E-05 9.98768E-05 9.98768E-05
9.98768E-05 9.98768E-05 9.98768E-05 9.98768E-05 9.98768E-05 9.98768E-05 9.98768E-05 9.98768E-05 0.998602 9.98768E-05 9.98768E-05 9.98768E-05 9.98768E-05 9.98768E-05 9.98768E-05
9.98768E-05 9.98768E-05 9.98768E-05 9.98768E-05 9.98768E-05 9.98768E-05 9.98768E-05 9.98768E-05 0.998602 9.98768E-05 9.98768E-05 9.98768E-05 9.98768E-05 9.98768E-05 9.98768E-05
9.98768E-05 9.98768E-05 0.998602 9.98768E-05 9.98768E-05 9.98768E-05 9.98768E-05 9.98768E-05 9.98768E-05 9.98768E-05 9.98768E-05 9.98768E-05 9.98768E-05 9.98768E-05 9.98768E-05
9.98769E-05 9.98769E-05 9.98769E-05 9.98769E-05 9.98769E-05 9.98769E-05 9.98769E-05 9.98769E-05 0.998602 9.98769E-05 9.98769E-05 9.98769E-05 9.98769E-05 9.98769E-05 9.98769E-05
9.98769E-05 9.98769E-05 9.98769E-05 9.98769E-05 9.98769E-05 9.98769E-05 9.98769E-05 9.98769E-05 0.998602 9.98769E-05 9.98769E-05 9.98769E-05 9.98769E-05 9.98769E-05 9.98769E-05
9.99209E-05 9.99209E-05 0.292275 9.99209E-05 9.99209E-05 9.99209E-05 9.99209E-05 9.99209E-05 0.0975142 0.0472223 9.99209E-05 0.224434 0.00126815 0.336387 9.99209E-05
9.98769E-05 9.98769E-05 0.998602 9.98769E-05 9.98769E-05 9.98769E-05 9.98769E-05 9.98769E-05 9.98769E-05 9.98769E-05 9.98769E-05 9.98769E-05 9.98769E-05 9.98769E-05 9.98769E-05
9.98769E-05 9.98769E-05 9.98769E-05 9.98769E-05 9.98769E-05 9.98769E-05 9.98769E-05 9.98769E-05 0.998602 9.98769E-05 9.98769E-05 9.98769E-05 9.98769E-05 9.98769E-05 9.98769E-05
9.99035E-05 9.99035E-05 9.99035E-05 9.99035E-05 9.99035E-05 9.99035E-05 0.0632965 9.99035E-05 0.36806 9.99035E-05 9.99035E-05 0.0260058 9.99035E-05 0.541539 9.99035E-05
9.9921E-05 9.9921E-05 0.173667 9.9921E-05 9.9921E-05 9.9921E-05 0.00839082 9.9921E-05 0.218536 9.9921E-05 9.9921E-05 9.9921E-05 0.00877917 0.575988 0.0137399
9.99034E-05 9.99034E-05 0.238216 9.99034E-05 9.99034E-05 9.99034E-05 0.0475467 9.99034E-05 0.0855508 9.99034E-05 9.99034E-05 9.99034E-05 9.99034E-05 0.627587 9.99034E-05
9.99033E-05 9.99033E-05 0.0368235 0.109592 9.99033E-05 9.99033E-05 9.99033E-05 9.99033E-05 9.99033E-05 0.0157624 9.99033E-05 9.99033E-05 9.99033E-05 0.836723 9.99033E-05
9.99033E-05 9.99033E-05 0.164958 9.99033E-05 9.99033E-05 9.99033E-05 9.99033E-05 0.12156 0.171709 9.99033E-05 9.99033E-05 9.99033E-05 9.99033E-05 0.540673 9.99033E-05
9.99037E-05 9.99037E-05 9.99037E-05 9.99037E-05 0.0894934 0.282852 9.99037E-05 9.99037E-05 0.0572882 9.99037E-05 9.99037E-05 9.99037E-05 9.99037E-05 0.569267 9.99037E-05
