0.149088 9.99824E-05 0.000188264 9.99824E-05 0.2421 0.608424
0.0325469 9.99824E-05 0.0206183 9.99824E-05 0.0850927 0.861542
9.99736E-05 0.0462328 9.99736E-05 9.99736E-05 0.0411799 0.912287
0.0375273 0.410917 0.112161 9.99912E-05 0.118996 0.320298
9.99736E-05 0.120371 9.99736E-05 9.99736E-05 0.0324556 0.846873
0.0201806 0.241926 0.0214664 0.0664923 0.345455 0.30448
0.0309246 0.388581 0.0603164 9.99912E-05 0.133768 0.386311
0.12219 0.400641 9.99825E-05 9.99825E-05 0.216767 0.260202
9.99824E-05 0.0342163 0.134097 9.99824E-05 0.532997 0.29849
0.0254373 9.99649E-05 9.99649E-05 9.99649E-05 9.99649E-05 0.974163
0.184255 9.99824E-05 0.00462959 9.99824E-05 0.206911 0.604004
0.0134236 0.0551838 9.99736E-05 9.99736E-05 9.99736E-05 0.931093
9.99737E-05 0.0271043 9.99737E-05 9.99737E-05 0.022374 0.950222
9.99824E-05 9.99824E-05 0.0394068 0.210938 0.0445238 0.704932
9.99912E-05 0.0391204 0.168031 0.0918859 0.299268 0.401594
9.99824E-05 0.153209 0.0712882 9.99824E-05 0.486363 0.28894
0.0159593 0.181672 9.99912E-05 0.073836 0.0710365 0.657396
0.173622 0.0203127 0.164713 9.99912E-05 0.295212 0.346041
0.0915889 0.121103 0.0109028 9.99912E-05 0.309336 0.46697
9.99649E-05 9.99649E-05 0.0461298 9.99649E-05 9.99649E-05 0.95347
0.0339078 0.266675 0.064092 9.99912E-05 0.155244 0.479981
0.0714338 0.319532 9.99824E-05 9.99824E-05 0.295202 0.313632
0.0841752 9.99737E-05 9.99737E-05 9.99737E-05 0.169158 0.746367
9.99737E-05 0.310702 9.99737E-05 9.99737E-05 0.216898 0.4721
0.0119573 0.0713609 0.19925 0.115558 0.298181 0.303694
9.99824E-05 0.0533459 9.99824E-05 0.159315 0.0805525 0.706587
0.155203 0.225907 9.99912E-05 0.255746 0.268255 0.0947892
9.99824E-05 0.101407 9.99824E-05 0.0196078 0.00483423 0.873951
9.99912E-05 0.0849294 0.059679 0.00599752 0.119703 0.729591
0.0312586 9.99824E-05 9.99824E-05 0.103163 0.0616978 0.803681
0.196201 9.99736E-05 9.99736E-05 9.99736E-05 0.0792028 0.724296
9.99824E-05 0.119971 9.99824E-05 0.242032 0.0118079 0.625989
0.134733 0.0573793 0.0321666 9.99912E-05 0.16362 0.612001
0.0650151 0.121359 9.99824E-05 0.251447 9.99824E-05 0.561979
9.99737E-05 9.99737E-05 0.10278 9.99737E-05 0.0139635 0.882957
0.0516854 0.0704561 0.0814727 9.99912E-05 0.0901482 0.706138
9.99649E-05 0.0821624 9.99649E-05 9.99649E-05 9.99649E-05 0.917438
9.99825E-05 9.99825E-05 0.0997604 0.0501042 0.208478 0.641457
9.99912E-05 0.0687978 0.0251792 0.127199 0.197775 0.580949
9.99824E-05 0.13978 9.99824E-05 0.216571 0.0522912 0.591158
0.0126584 0.0381987 9.99824E-05 9.99824E-05 0.0635497 0.885393
9.99649E-05 9.99649E-05 9.99649E-05 9.99649E-05 0.230316 0.769284
9.99649E-05 0.0950014 9.99649E-05 9.99649E-05 9.99649E-05 0.904599
0.0909376 9.99737E-05 9.99737E-05 9.99737E-05 0.388521 0.520241
9.99824E-05 0.366065 0.0462823 9.99824E-05 0.194103 0.393349
9.99736E-05 9.99736E-05 0.0816801 9.99736E-05 0.00312061 0.914899
0.083822 9.99736E-05 9.99736E-05 9.99736E-05 0.0648299 0.851048
9.996E-05 9.996E-05 9.996E-05 9.996E-05 9.996E-05 0.9995
0.0284103 0.116868 9.99824E-05 9.99824E-05 0.0533799 0.801142
0.0571457 0.0901376 0.059639 9.99825E-05 9.99825E-05 0.792878
0.243325 0.0134286 0.0254163 0.145605 0.261138 0.311088
9.99737E-05 0.214316 0.0956496 9.99737E-05 9.99737E-05 0.689734
0.0390472 9.99824E-05 0.0213096 9.99824E-05 0.00808748 0.931356
0.0425079 0.23895 9.99825E-05 9.99825E-05 0.091817 0.626526
9.99824E-05 0.10072 0.0117073 9.99824E-05 0.0768146 0.810558
0.0616727 0.0106238 0.105095 0.206438 9.99912E-05 0.616071
0.0726381 0.0409278 9.99824E-05 9.99824E-05 0.0895209 0.796713
0.11023 9.99649E-05 9.99649E-05 9.99649E-05 9.99649E-05 0.88937
0.0336348 0.0249222 9.99824E-05 9.99824E-05 0.0568987 0.884344
0.18232 9.99737E-05 9.99737E-05 9.99737E-05 0.614703 0.202677
9.99737E-05 0.253708 9.99737E-05 9.99737E-05 0.263646 0.482346
0.183253 0.0284782 9.99912E-05 0.0820107 0.298829 0.407328
0.111473 9.99825E-05 0.00340241 0.33738 0.547545 9.99825E-05
0.0981223 0.330896 0.0224912 9.99912E-05 0.372463 0.175928
0.156236 9.99737E-05 9.99737E-05 9.99737E-05 0.752801 0.0906631
0.181502 9.99824E-05 0.0188663 9.99824E-05 0.666925 0.132507
0.231282 0.0315578 9.99824E-05 9.99824E-05 0.692477 0.0444827
0.110312 9.99825E-05 9.99825E-05 0.153009 0.412435 0.324044
0.194988 9.99824E-05 0.0219659 9.99824E-05 0.381498 0.401348
0.267354 9.9976E-05 0.0784396 9.9976E-05 0.653907 9.9976E-05
0.173546 0.295109 9.99824E-05 9.99824E-05 0.425925 0.105221
0.214212 0.206838 9.99912E-05 0.0777656 0.45515 0.0459347
0.017904 0.323464 9.99824E-05 9.99824E-05 0.546877 0.111555
0.104696 0.141837 9.99912E-05 0.129003 0.231275 0.393089
0.115146 9.99825E-05 9.99825E-05 0.0813005 0.518244 0.28511
0.0186088 0.371138 9.99912E-05 0.0945264 0.447854 0.0677731
0.311293 0.193244 9.99824E-05 9.99824E-05 0.356689 0.138575
0.276316 9.99737E-05 9.99737E-05 9.99737E-05 0.383147 0.340237
0.173169 0.179277 9.99824E-05 9.99824E-05 0.602208 0.0451462
0.073007 0.0792601 9.99912E-05 0.0870449 0.348482 0.412106
0.0748822 0.212105 9.99912E-05 0.0933527 0.417788 0.201773
0.142424 9.99912E-05 0.0345775 0.23334 0.304941 0.284618
0.126505 0.289641 9.99912E-05 0.0122993 0.321497 0.249957
0.319203 9.99736E-05 9.99736E-05 9.99736E-05 0.32512 0.355377
0.00477258 9.99912E-05 0.0288232 0.0625788 0.499904 0.403822
0.0980737 0.0583948 9.99825E-05 9.99825E-05 0.310463 0.532869
9.99737E-05 0.105708 9.99737E-05 9.99737E-05 0.486313 0.407679
0.267224 9.99737E-05 9.99737E-05 9.99737E-05 0.356553 0.375923
0.0421506 9.99825E-05 9.99825E-05 0.178199 0.50018 0.27927
9.99648E-05 9.99648E-05 9.99648E-05 0.723275 0.276325 9.99648E-05
9.996E-05 9.996E-05 9.996E-05 0.9995 9.996E-05 9.996E-05
0.207642 9.99736E-05 9.99736E-05 0.742085 0.0499731 9.99736E-05
0.0819134 9.99736E-05 9.99736E-05 0.701918 0.215868 9.99736E-05
0.0275615 9.99824E-05 0.0327768 0.743875 0.195586 9.99824E-05
9.99736E-05 9.99736E-05 0.0318188 0.532826 0.435055 9.99736E-05
0.0955161 9.99736E-05 9.99736E-05 0.669785 0.234398 9.99736E-05
9.99648E-05 9.99648E-05 9.99648E-05 0.632334 0.367267 9.99648E-05
0.0215283 9.99736E-05 9.99736E-05 0.148342 0.82983 9.99736E-05
0.0352698 9.99736E-05 9.99736E-05 0.378968 0.585462 9.99736E-05
9.99649E-05 9.99649E-05 9.99649E-05 0.697156 0.302444 9.99649E-05
0.0891904 9.99824E-05 0.0546108 0.731128 0.124871 9.99824E-05
0.0773886 9.99737E-05 9.99737E-05 0.834478 0.0878338 9.99737E-05
9.99649E-05 9.99649E-05 9.99649E-05 0.681161 0.318439 9.99649E-05
0.190809 9.99736E-05 9.99736E-05 0.735878 0.0730132 9.99736E-05
0.00648497 0.0624178 0.0562472 0.572278 0.302472 9.99912E-05
0.08125 9.99824E-05 0.0959108 0.446924 0.375715 9.99824E-05
9.99737E-05 0.169895 9.99737E-05 0.616845 0.21296 9.99737E-05
9.99649E-05 9.99649E-05 9.99649E-05 0.938159 0.0614409 9.99649E-05
9.99737E-05 9.99737E-05 0.110816 0.683753 0.205131 9.99737E-05
0.0201994 0.0554216 9.99824E-05 0.693176 0.231003 9.99824E-05
0.0684926 9.99736E-05 9.99736E-05 0.83732 0.0938876 9.99736E-05
9.99824E-05 0.0193484 0.103785 0.229723 0.646943 9.99824E-05
0.0463192 9.99824E-05 0.0476311 0.765624 0.140226 9.99824E-05
9.99736E-05 9.99736E-05 0.14589 0.30387 0.54994 9.99736E-05
9.99649E-05 9.99649E-05 9.99649E-05 0.691206 0.308395 9.99649E-05
9.99737E-05 9.99737E-05 0.113009 0.875503 9.99737E-05 0.011188
9.99824E-05 0.0754911 0.024811 0.674539 0.224959 9.99824E-05
9.99649E-05 9.99649E-05 9.99649E-05 0.397484 0.602116 9.99649E-05
0.0671347 9.99824E-05 0.105435 0.721915 0.105315 9.99824E-05
9.99649E-05 9.99649E-05 9.99649E-05 0.668773 0.330827 9.99649E-05
0.0305327 9.99736E-05 0.068847 0.90032 9.99736E-05 9.99736E-05
9.99736E-05 9.99736E-05 0.21428 0.334605 0.450814 9.99736E-05
0.00156748 0.0812423 0.0975408 0.579353 0.240197 9.99912E-05
9.99649E-05 9.99649E-05 9.99649E-05 0.986217 0.0133833 9.99649E-05
0.04207 9.99824E-05 0.0681353 0.748116 0.141479 9.99824E-05
0.0976992 9.99736E-05 9.99736E-05 0.441876 0.460124 9.99736E-05
9.996E-05 9.996E-05 9.996E-05 0.9995 9.996E-05 9.996E-05
0.00744192 9.99737E-05 0.0239011 0.968357 9.99737E-05 9.99737E-05
9.99649E-05 9.99649E-05 9.99649E-05 0.994882 0.00471833 9.99649E-05
9.996E-05 9.996E-05 9.996E-05 0.9995 9.996E-05 9.996E-05
9.99736E-05 9.99736E-05 0.0213675 0.332317 0.646015 9.99736E-05
9.99736E-05 0.0632151 9.99736E-05 0.696256 0.240228 9.99736E-05
9.99737E-05 9.99737E-05 0.0830714 0.734751 0.181878 9.99737E-05
9.99649E-05 9.99649E-05 9.99649E-05 0.941167 9.99649E-05 0.0584335
0.164133 0.0673534 0.0220972 0.283678 0.462638 9.99912E-05
0.0793695 9.99737E-05 9.99737E-05 0.636328 0.284003 9.99737E-05
9.99825E-05 0.0820015 0.0200136 0.530183 0.367601 9.99825E-05
0.0648095 9.99824E-05 0.0380184 0.318574 0.578398 9.99824E-05
9.996E-05 9.996E-05 9.996E-05 0.9995 9.996E-05 9.996E-05
9.99824E-05 0.218448 0.0489583 0.541559 0.190834 9.99824E-05
9.99649E-05 9.99649E-05 9.99649E-05 0.881165 0.118435 9.99649E-05
9.99649E-05 9.99649E-05 9.99649E-05 0.75259 0.24701 9.99649E-05
9.99736E-05 0.102605 9.99736E-05 0.621838 0.275256 9.99736E-05
0.0687527 0.0670567 0.0511816 0.758445 0.0544643 9.99912E-05
9.99649E-05 9.99649E-05 9.99649E-05 0.214416 0.785184 9.99649E-05
9.99648E-05 9.99648E-05 9.99648E-05 0.780622 0.218978 9.99648E-05
0.0193949 0.0447065 0.0258584 0.736427 0.173514 9.99912E-05
9.99648E-05 9.99648E-05 0.155434 0.844166 9.99648E-05 9.99648E-05
9.99649E-05 9.99649E-05 9.99649E-05 0.708325 0.291275 9.99649E-05
9.99648E-05 9.99648E-05 0.186749 9.99648E-05 0.812852 9.99648E-05
9.996E-05 9.996E-05 9.996E-05 9.996E-05 0.9995 9.996E-05
9.99648E-05 9.99648E-05 0.085371 9.99648E-05 0.914229 9.99648E-05
9.996E-05 9.996E-05 9.996E-05 9.996E-05 0.9995 9.996E-05
9.996E-05 9.996E-05 9.996E-05 9.996E-05 0.9995 9.996E-05
9.996E-05 9.996E-05 9.996E-05 9.996E-05 0.9995 9.996E-05
9.99648E-05 9.99648E-05 0.0837222 9.99648E-05 0.915878 9.99648E-05
9.996E-05 9.996E-05 9.996E-05 9.996E-05 0.9995 9.996E-05
9.996E-05 9.996E-05 9.996E-05 9.996E-05 0.9995 9.996E-05
9.99648E-05 9.99648E-05 0.0783618 9.99648E-05 0.921238 9.99648E-05
9.99648E-05 9.99648E-05 0.0663941 9.99648E-05 0.933206 9.99648E-05
9.99648E-05 9.99648E-05 0.0245647 9.99648E-05 0.975035 9.99648E-05
9.996E-05 9.996E-05 9.996E-05 9.996E-05 0.9995 9.996E-05
9.996E-05 9.996E-05 9.996E-05 9.996E-05 0.9995 9.996E-05
9.99648E-05 9.99648E-05 0.124194 9.99648E-05 0.875406 9.99648E-05
9.99648E-05 9.99648E-05 0.0580842 9.99648E-05 0.941516 9.99648E-05
9.99824E-05 0.262321 0.123444 0.380413 0.233623 9.99824E-05
9.99648E-05 9.99648E-05 0.130008 9.99648E-05 0.869593 9.99648E-05
9.996E-05 9.996E-05 9.996E-05 9.996E-05 0.9995 9.996E-05
9.99648E-05 9.99648E-05 0.114248 9.99648E-05 0.885352 9.99648E-05
9.99648E-05 9.99648E-05 0.0540078 9.99648E-05 0.945592 9.99648E-05
9.99648E-05 9.99648E-05 0.126208 9.99648E-05 0.873392 9.99648E-05
9.996E-05 9.996E-05 9.996E-05 9.996E-05 0.9995 9.996E-05
9.99648E-05 9.99648E-05 0.119204 9.99648E-05 0.880396 9.99648E-05
9.996E-05 9.996E-05 9.996E-05 9.996E-05 0.9995 9.996E-05
9.99648E-05 9.99648E-05 0.0931726 9.99648E-05 0.906428 9.99648E-05
9.99648E-05 9.99648E-05 0.0985161 9.99648E-05 0.901084 9.99648E-05
9.996E-05 9.996E-05 9.996E-05 9.996E-05 0.9995 9.996E-05
9.996E-05 9.996E-05 9.996E-05 9.996E-05 0.9995 9.996E-05
9.996E-05 9.996E-05 9.996E-05 9.996E-05 0.9995 9.996E-05
9.99648E-05 9.99648E-05 0.147585 9.99648E-05 0.852015 9.99648E-05
9.99648E-05 9.99648E-05 0.123876 9.99648E-05 0.875724 9.99648E-05
9.99648E-05 9.99648E-05 0.0767641 9.99648E-05 0.922836 9.99648E-05
9.99648E-05 9.99648E-05 0.0729621 9.99648E-05 0.926638 9.99648E-05
9.99648E-05 9.99648E-05 0.0974782 9.99648E-05 0.902122 9.99648E-05
9.996E-05 9.996E-05 9.996E-05 9.996E-05 0.9995 9.996E-05
9.996E-05 9.996E-05 9.996E-05 9.996E-05 0.9995 9.996E-05
9.996E-05 9.996E-05 9.996E-05 9.996E-05 0.9995 9.996E-05
9.99648E-05 9.99648E-05 0.0587921 9.99648E-05 0.940808 9.99648E-05
9.996E-05 9.996E-05 9.996E-05 9.996E-05 0.9995 9.996E-05
9.996E-05 9.996E-05 9.996E-05 9.996E-05 0.9995 9.996E-05
9.996E-05 9.996E-05 9.996E-05 9.996E-05 0.9995 9.996E-05
9.996E-05 9.996E-05 9.996E-05 9.996E-05 0.9995 9.996E-05
9.99648E-05 9.99648E-05 0.0718955 9.99648E-05 0.927705 9.99648E-05
9.996E-05 9.996E-05 9.996E-05 9.996E-05 0.9995 9.996E-05
9.996E-05 9.996E-05 9.996E-05 9.996E-05 0.9995 9.996E-05
9.99824E-05 0.23644 0.06733 0.401624 0.294407 9.99824E-05
9.99648E-05 9.99648E-05 0.164205 9.99648E-05 0.835396 9.99648E-05
9.996E-05 9.996E-05 9.996E-05 9.996E-05 0.9995 9.996E-05
9.996E-05 9.996E-05 9.996E-05 9.996E-05 0.9995 9.996E-05
9.996E-05 9.996E-05 9.996E-05 9.996E-05 0.9995 9.996E-05
9.996E-05 9.996E-05 9.996E-05 9.996E-05 0.9995 9.996E-05
9.99648E-05 9.99648E-05 0.0718955 9.99648E-05 0.927705 9.99648E-05
9.996E-05 9.996E-05 9.996E-05 9.996E-05 0.9995 9.996E-05
9.99648E-05 9.99648E-05 0.085518 9.99648E-05 0.914082 9.99648E-05
9.996E-05 9.996E-05 9.996E-05 9.996E-05 0.9995 9.996E-05
9.99648E-05 9.99648E-05 0.0753644 9.99648E-05 0.924236 9.99648E-05
9.996E-05 9.996E-05 9.996E-05 9.996E-05 0.9995 9.996E-05
9.996E-05 9.996E-05 9.996E-05 9.996E-05 0.9995 9.996E-05
9.996E-05 9.996E-05 9.996E-05 9.996E-05 0.9995 9.996E-05
9.996E-05 9.996E-05 9.996E-05 9.996E-05 0.9995 9.996E-05
9.996E-05 9.996E-05 9.996E-05 9.996E-05 0.9995 9.996E-05
9.996E-05 9.996E-05 9.996E-05 9.996E-05 0.9995 9.996E-05
9.99648E-05 9.99648E-05 0.0515488 9.99648E-05 0.948051 9.99648E-05
9.99648E-05 9.99648E-05 0.0718955 9.99648E-05 0.927705 9.99648E-05
9.99648E-05 9.99648E-05 0.124194 9.99648E-05 0.875406 9.99648E-05
9.996E-05 9.996E-05 9.996E-05 9.996E-05 0.9995 9.996E-05
9.99648E-05 9.99648E-05 0.0826582 9.99648E-05 0.916942 9.99648E-05
9.99648E-05 9.99648E-05 0.0945566 9.99648E-05 0.905044 9.99648E-05
9.99648E-05 9.99648E-05 0.181622 9.99648E-05 0.817978 9.99648E-05
9.996E-05 9.996E-05 9.996E-05 9.996E-05 0.9995 9.996E-05
9.996E-05 9.996E-05 9.996E-05 9.996E-05 0.9995 9.996E-05
9.996E-05 9.996E-05 9.996E-05 9.996E-05 0.9995 9.996E-05
9.99648E-05 9.99648E-05 0.0710773 9.99648E-05 0.928523 9.99648E-05
9.996E-05 9.996E-05 9.996E-05 9.996E-05 0.9995 9.996E-05
9.996E-05 9.996E-05 9.996E-05 9.996E-05 0.9995 9.996E-05
9.99648E-05 9.99648E-05 0.110586 9.99648E-05 0.889015 9.99648E-05
9.996E-05 9.996E-05 9.996E-05 9.996E-05 0.9995 9.996E-05
9.996E-05 9.996E-05 9.996E-05 9.996E-05 0.9995 9.996E-05
0.193371 9.99824E-05 0.0997309 0.229046 0.477653 9.99824E-05
9.99648E-05 9.99648E-05 0.104533 9.99648E-05 0.895068 9.99648E-05
9.996E-05 9.996E-05 9.996E-05 9.996E-05 0.9995 9.996E-05
0.0598484 9.99737E-05 9.99737E-05 0.363751 0.5761 9.99737E-05
9.99824E-05 0.0665302 0.0732631 0.452185 0.407822 9.99824E-05
9.99736E-05 9.99736E-05 0.0395824 0.384671 0.575447 9.99736E-05
9.99824E-05 0.178022 0.0693463 0.750869 0.0015626 9.99824E-05
9.99736E-05 9.99736E-05 0.0576705 0.244546 0.697484 9.99736E-05
9.99737E-05 9.99737E-05 9.99737E-05 0.889928 0.103905 0.00586788
0.00685389 0.0277017 0.0272022 0.259281 0.678861 9.99912E-05
0.117069 9.99824E-05 0.0379617 0.558103 0.286667 9.99824E-05
9.99649E-05 9.99649E-05 9.99649E-05 0.854421 0.14518 9.99649E-05
9.99736E-05 0.152789 9.99736E-05 0.775979 0.0709325 9.99736E-05
0.0653192 9.99736E-05 9.99736E-05 0.539093 0.395288 9.99736E-05
9.99648E-05 9.99648E-05 9.99648E-05 0.275091 0.724509 9.99648E-05
9.99737E-05 0.100425 9.99737E-05 0.21482 0.684455 9.99737E-05
0.0969032 9.99824E-05 0.0086257 0.763972 0.1303 9.99824E-05
9.99736E-05 9.99736E-05 0.0366448 0.581923 0.381132 9.99736E-05
9.99737E-05 0.0707575 9.99737E-05 0.36151 0.567432 9.99737E-05
9.99737E-05 9.99737E-05 0.00131086 0.769792 0.228597 9.99737E-05
0.180841 9.99824E-05 0.0660832 0.316778 0.436098 9.99824E-05
9.99736E-05 9.99736E-05 0.142883 0.485812 0.371005 9.99736E-05
9.99736E-05 0.0900835 9.99736E-05 0.558161 0.351456 9.99736E-05
9.99736E-05 9.99736E-05 0.0466962 0.553222 0.399782 9.99736E-05
9.99736E-05 0.0619016 9.99736E-05 0.685984 0.251815 9.99736E-05
0.0766892 0.095656 0.0677184 0.487621 0.272216 9.99912E-05
0.0696051 9.99736E-05 9.99736E-05 0.592749 0.337346 9.99736E-05
0.15996 0.0299123 0.023442 0.724749 0.0618373 9.99912E-05
9.996E-05 9.996E-05 9.996E-05 0.9995 9.996E-05 9.996E-05
9.99736E-05 0.154169 9.99736E-05 0.641743 0.203788 9.99736E-05
9.99824E-05 0.0403965 0.0391689 0.35407 0.566165 9.99824E-05
0.0188689 0.0481341 0.139389 0.793408 9.99824E-05 9.99824E-05
0.0524457 9.99824E-05 0.157326 0.5939 0.196129 9.99824E-05
9.99824E-05 0.0228572 0.0256667 0.29362 0.657656 9.99824E-05
9.99648E-05 9.99648E-05 9.99648E-05 0.51979 0.47981 9.99648E-05
9.99648E-05 9.99648E-05 9.99648E-05 0.421966 0.577634 9.99648E-05
0.153599 9.99824E-05 0.00239187 0.46231 0.381499 9.99824E-05
0.235328 9.99736E-05 9.99736E-05 0.471546 0.292826 9.99736E-05
9.99736E-05 9.99736E-05 0.0420728 0.639972 0.317655 9.99736E-05
9.996E-05 9.996E-05 9.996E-05 0.9995 9.996E-05 9.996E-05
0.17414 0.0584056 9.99824E-05 0.414085 0.353169 9.99824E-05
0.0625327 9.99824E-05 0.0759558 0.756441 0.104871 9.99824E-05
9.99824E-05 0.110165 0.0738774 0.43713 0.378628 9.99824E-05
9.99736E-05 9.99736E-05 0.0210142 0.629444 0.349241 9.99736E-05
9.99824E-05 0.0829654 0.03893 0.689955 0.18795 9.99824E-05
9.99736E-05 0.1567 9.99736E-05 0.334223 0.508778 9.99736E-05
9.99649E-05 9.99649E-05 9.99649E-05 0.25236 0.74724 9.99649E-05
0.017429 9.99736E-05 9.99736E-05 0.159526 0.822745 9.99736E-05
0.0846122 9.99736E-05 9.99736E-05 0.528498 0.386589 9.99736E-05
9.996E-05 9.996E-05 9.996E-05 0.9995 9.996E-05 9.996E-05
0.01168 9.99824E-05 0.00945255 0.697543 0.281125 9.99824E-05
9.996E-05 9.996E-05 9.996E-05 0.9995 9.996E-05 9.996E-05
9.99736E-05 0.204338 9.99736E-05 0.311952 0.48341 9.99736E-05
9.996E-05 9.996E-05 9.996E-05 0.9995 9.996E-05 9.996E-05
0.0297323 9.99736E-05 9.99736E-05 0.642129 0.327839 9.99736E-05
0.0101742 0.154535 9.99824E-05 0.398846 0.436245 9.99824E-05
9.99648E-05 9.99648E-05 9.99648E-05 0.499353 0.500247 9.99648E-05
9.99824E-05 0.284392 0.0352938 0.635015 0.0450992 9.99824E-05
9.99649E-05 9.99649E-05 9.99649E-05 0.588047 0.411553 9.99649E-05
9.9965E-05 9.9965E-05 9.9965E-05 0.818321 0.181279 9.9965E-05
9.99649E-05 9.99649E-05 9.99649E-05 0.813946 0.185654 9.99649E-05
9.99736E-05 9.99736E-05 0.0313919 0.609777 0.358531 9.99736E-05
0.0287028 9.99737E-05 9.99737E-05 0.453436 0.517562 9.99737E-05
9.996E-05 9.996E-05 9.996E-05 0.9995 9.996E-05 9.996E-05
9.996E-05 9.996E-05 9.996E-05 0.9995 9.996E-05 9.996E-05
9.99737E-05 9.99737E-05 0.00865853 0.917967 9.99737E-05 0.0730749
0.0642593 9.99736E-05 9.99736E-05 0.659701 0.275739 9.99736E-05
9.99736E-05 9.99736E-05 0.100301 0.580561 0.318838 9.99736E-05
0.00648165 9.99824E-05 0.00613042 0.68389 0.303298 9.99824E-05
9.99649E-05 9.99649E-05 9.99649E-05 0.858834 0.140766 9.99649E-05
0.0243198 0.0345923 9.99824E-05 0.390511 0.550377 9.99824E-05
0.0605657 9.99824E-05 0.0392012 0.539213 0.36082 9.99824E-05
9.99649E-05 9.99649E-05 9.99649E-05 0.826347 0.173253 9.99649E-05
9.99737E-05 9.99737E-05 0.0823708 0.426281 0.491048 9.99737E-05
9.99737E-05 9.99737E-05 9.99737E-05 0.819738 0.0318549 0.148107
9.99648E-05 9.99648E-05 9.99648E-05 0.421548 0.578052 9.99648E-05
0.092763 0.118808 0.0121729 0.743044 0.0331118 9.99912E-05
9.99649E-05 9.99649E-05 9.99649E-05 0.843012 0.156588 9.99649E-05
9.99649E-05 9.99649E-05 9.99649E-05 0.626195 0.373405 9.99649E-05
9.9965E-05 9.9965E-05 9.9965E-05 0.930287 9.9965E-05 0.0693135
0.0398934 0.0153242 0.0047796 0.84767 0.0922327 9.99912E-05
9.9965E-05 9.9965E-05 9.9965E-05 0.934661 0.0649393 9.9965E-05
9.99648E-05 9.99648E-05 9.99648E-05 0.450634 0.548966 9.99648E-05
0.0290743 0.0903755 9.99824E-05 0.686512 0.193838 9.99824E-05
0.112267 0.0613003 0.0434185 0.508118 0.274796 9.99912E-05
9.996E-05 9.996E-05 9.996E-05 0.9995 9.996E-05 9.996E-05
0.0410116 9.99737E-05 9.99737E-05 0.669736 0.288952 9.99737E-05
9.99736E-05 9.99736E-05 0.189284 0.518556 0.291859 9.99736E-05
9.99649E-05 9.99649E-05 9.99649E-05 0.88243 0.11717 9.99649E-05
0.14177 9.99824E-05 0.0204414 0.625336 0.212253 9.99824E-05
0.0766163 9.99736E-05 9.99736E-05 0.360102 0.562982 9.99736E-05
0.0187445 0.165302 0.00856188 0.453529 0.353763 9.99912E-05
9.99736E-05 9.99736E-05 0.0275698 0.484766 0.487364 9.99736E-05
9.99737E-05 9.99737E-05 0.171625 0.593702 0.234373 9.99737E-05
0.0899718 9.99736E-05 9.99736E-05 0.34329 0.566438 9.99736E-05
9.99649E-05 9.99649E-05 9.99649E-05 0.28233 0.71727 9.99649E-05
0.175916 9.99824E-05 0.0945557 0.447371 0.281957 9.99824E-05
9.99649E-05 9.99649E-05 9.99649E-05 0.722327 0.277273 9.99649E-05
0.0195307 9.99737E-05 9.99737E-05 0.827101 0.153068 9.99737E-05
9.99824E-05 0.221587 0.0062521 0.456307 0.315654 9.99824E-05
0.0934377 0.0807928 9.99824E-05 0.44062 0.384949 9.99824E-05
0.0506603 9.99737E-05 9.99737E-05 0.634292 0.314748 9.99737E-05
9.99824E-05 0.0558786 0.0230107 0.309597 0.611314 9.99824E-05
0.166189 0.16677 0.0398706 0.447509 0.179561 9.99912E-05
9.99736E-05 9.99736E-05 0.0674628 0.484223 0.448014 9.99736E-05
0.11182 9.99824E-05 0.161316 0.381674 0.344991 9.99824E-05
9.99737E-05 9.99737E-05 9.99737E-05 0.829985 0.166561 0.00315413
9.99737E-05 9.99737E-05 9.99737E-05 0.740339 0.227384 0.0319775
9.99737E-05 9.99737E-05 0.039383 0.508819 0.451498 9.99737E-05
0.258684 9.99876E-05 0.00247495 0.382772 0.355869 9.99876E-05
9.996E-05 9.996E-05 9.996E-05 0.9995 9.996E-05 9.996E-05
9.99649E-05 9.99649E-05 9.99649E-05 0.874195 0.125405 9.99649E-05
0.0417985 9.99824E-05 0.0945041 0.748197 0.1153 9.99824E-05
9.99736E-05 9.99736E-05 0.00946082 0.774516 0.215724 9.99736E-05
0.034989 9.99824E-05 0.0449131 0.857711 0.0621865 9.99824E-05
0.00346594 0.0193349 9.99824E-05 0.573847 0.403152 9.99824E-05
9.99824E-05 0.112817 0.00525955 0.637786 0.243937 9.99824E-05
0.0592135 9.99824E-05 0.231722 0.396109 0.312755 9.99824E-05
9.99648E-05 9.99648E-05 9.99648E-05 0.553485 0.446115 9.99648E-05
9.99736E-05 9.99736E-05 0.0258802 0.519836 0.453984 9.99736E-05
0.125352 9.99824E-05 0.0322941 0.565955 0.2762 9.99824E-05
0.00521929 9.99824E-05 0.044045 0.94687 0.00366556 9.99824E-05
9.99824E-05 0.17231 0.0808821 0.340483 0.406125 9.99824E-05
0.193882 0.0863504 9.99824E-05 0.621708 0.0978602 9.99824E-05
0.145475 9.99824E-05 0.0186866 0.443715 0.391924 9.99824E-05
9.99736E-05 9.99736E-05 0.0356679 0.412933 0.551099 9.99736E-05
0.0149862 0.160449 9.99824E-05 0.525168 0.299197 9.99824E-05
9.99649E-05 9.99649E-05 9.99649E-05 0.704604 0.294996 9.99649E-05
0.157748 9.99736E-05 9.99736E-05 0.448737 0.393215 9.99736E-05
0.00864283 9.99737E-05 9.99737E-05 0.899237 0.0918202 9.99737E-05
9.9965E-05 9.9965E-05 9.9965E-05 0.817528 0.182072 9.9965E-05
0.0868679 0.0584588 0.0122485 0.405803 0.436521 9.99912E-05
9.99736E-05 9.99736E-05 0.0910391 0.484691 0.42397 9.99736E-05
9.99737E-05 0.229899 9.99737E-05 9.99737E-05 0.705295 0.064506
9.99824E-05 0.228315 0.0160907 0.0856993 0.669695 9.99824E-05
9.99649E-05 0.285748 9.99649E-05 9.99649E-05 0.713852 9.99649E-05
0.0744329 0.131004 9.99912E-05 0.192868 0.560664 0.0409316
0.186088 0.227856 0.0252423 0.102234 0.399075 0.0595047
9.99912E-05 0.0367379 0.00252954 0.026571 0.609587 0.324474
0.0553511 9.99824E-05 0.00751274 9.99824E-05 0.894708 0.0422282
0.00763374 0.212454 9.99825E-05 9.99825E-05 0.763755 0.0159576
0.194083 0.0106613 9.99912E-05 0.33936 0.254038 0.201757
9.99649E-05 0.143436 9.99649E-05 9.99649E-05 0.856164 9.99649E-05
0.177355 0.116555 0.0601156 0.0345711 0.587173 0.0242295
9.99825E-05 9.99825E-05 0.182897 0.105872 0.450966 0.260066
0.035755 0.204623 9.99824E-05 0.0972219 0.662201 9.99824E-05
9.99825E-05 0.0407291 9.99825E-05 0.0899909 0.511394 0.357686
0.167323 0.0721542 0.00124497 0.174053 0.553683 0.0315424
9.99737E-05 0.297089 9.99737E-05 9.99737E-05 0.673246 0.0293647
0.00157964 0.106374 9.99912E-05 0.0145563 0.735198 0.142193
9.99825E-05 0.207564 0.00457759 9.99825E-05 0.591451 0.196208
0.252444 0.0100453 0.0498641 9.99912E-05 0.685606 0.00194048
9.99737E-05 0.195942 9.99737E-05 9.99737E-05 0.78297 0.0207881
0.168055 9.99737E-05 9.99737E-05 9.99737E-05 0.741884 0.089761
9.99825E-05 0.196802 9.99825E-05 0.134105 0.520717 0.148176
0.133613 9.99824E-05 0.123244 9.99824E-05 0.573196 0.169747
0.0435407 0.0319955 9.99824E-05 0.0201843 0.904079 9.99824E-05
9.99649E-05 9.99649E-05 0.0263407 9.99649E-05 0.973259 9.99649E-05
9.996E-05 9.996E-05 9.996E-05 9.996E-05 0.9995 9.996E-05
9.996E-05 9.996E-05 9.996E-05 9.996E-05 0.9995 9.996E-05
9.996E-05 9.996E-05 9.996E-05 9.996E-05 0.9995 9.996E-05
9.996E-05 9.996E-05 9.996E-05 9.996E-05 0.9995 9.996E-05
0.0727939 9.99649E-05 9.99649E-05 9.99649E-05 0.926806 9.99649E-05
9.99825E-05 9.99825E-05 0.0134276 0.111294 0.85237 0.0227081
9.99737E-05 0.0124543 9.99737E-05 0.0238847 0.963361 9.99737E-05
0.0437691 9.99648E-05 9.99648E-05 9.99648E-05 0.955831 9.99648E-05
0.00179848 9.99649E-05 9.99649E-05 9.99649E-05 0.997802 9.99649E-05
9.996E-05 9.996E-05 9.996E-05 9.996E-05 0.9995 9.996E-05
0.00168706 9.99648E-05 9.99648E-05 9.99648E-05 0.997913 9.99648E-05
9.9965E-05 9.9965E-05 9.9965E-05 0.0670719 0.932528 9.9965E-05
9.9965E-05 9.9965E-05 9.9965E-05 0.0304847 0.969115 9.9965E-05
9.99649E-05 9.99649E-05 9.99649E-05 0.155047 0.844553 9.99649E-05
0.0565319 9.99737E-05 9.99737E-05 0.0417566 0.901412 9.99737E-05
9.996E-05 9.996E-05 9.996E-05 9.996E-05 0.9995 9.996E-05
9.996E-05 9.996E-05 9.996E-05 9.996E-05 0.9995 9.996E-05
0.0756725 9.99649E-05 9.99649E-05 9.99649E-05 0.923928 9.99649E-05
9.996E-05 9.996E-05 9.996E-05 9.996E-05 0.9995 9.996E-05
9.996E-05 9.996E-05 9.996E-05 9.996E-05 0.9995 9.996E-05
9.996E-05 9.996E-05 9.996E-05 9.996E-05 0.9995 9.996E-05
9.99737E-05 9.99737E-05 0.0463189 0.939327 0.0140545 9.99737E-05
0.0117655 9.9965E-05 9.9965E-05 9.9965E-05 0.987835 9.9965E-05
9.996E-05 9.996E-05 9.996E-05 9.996E-05 0.9995 9.996E-05
0.0446352 0.0706437 0.00803078 9.99824E-05 0.87649 9.99824E-05
9.99649E-05 9.99649E-05 0.0482645 9.99649E-05 0.951336 9.99649E-05
9.996E-05 9.996E-05 9.996E-05 9.996E-05 0.9995 9.996E-05
9.9965E-05 9.9965E-05 9.9965E-05 0.0351999 0.9644 9.9965E-05
9.996E-05 9.996E-05 9.996E-05 9.996E-05 0.9995 9.996E-05
9.99649E-05 9.99649E-05 0.0211681 9.99649E-05 0.978432 9.99649E-05
0.0204414 9.99649E-05 9.99649E-05 9.99649E-05 0.979159 9.99649E-05
9.996E-05 9.996E-05 9.996E-05 9.996E-05 0.9995 9.996E-05
9.996E-05 9.996E-05 9.996E-05 9.996E-05 0.9995 9.996E-05
9.996E-05 9.996E-05 9.996E-05 9.996E-05 0.9995 9.996E-05
9.996E-05 9.996E-05 9.996E-05 9.996E-05 0.9995 9.996E-05
0.0596104 9.99737E-05 9.99737E-05 0.0107219 0.929368 9.99737E-05
9.99649E-05 0.0177292 9.99649E-05 9.99649E-05 0.981871 9.99649E-05
9.9965E-05 9.9965E-05 9.9965E-05 0.0900071 0.909593 9.9965E-05
9.996E-05 9.996E-05 9.996E-05 9.996E-05 0.9995 9.996E-05
9.99737E-05 9.99737E-05 9.99737E-05 0.0102458 0.93482 0.0546344
0.0165513 9.99648E-05 9.99648E-05 9.99648E-05 0.983049 9.99648E-05
0.029803 9.99648E-05 9.99648E-05 9.99648E-05 0.969797 9.99648E-05
0.053173 0.456902 9.99824E-05 9.99824E-05 0.329474 0.160251
0.000846237 0.59368 9.99825E-05 9.99825E-05 0.36088 0.0443937
0.302067 0.302371 9.99737E-05 9.99737E-05 0.395262 9.99737E-05
0.120825 0.426698 9.99824E-05 9.99824E-05 0.339751 0.112526
0.138576 0.376675 9.99825E-05 9.99825E-05 0.402479 0.0820694
0.185462 0.262821 9.99824E-05 9.99824E-05 0.475537 0.075981
0.00864266 0.565991 9.99824E-05 9.99824E-05 0.382495 0.0426713
0.102447 0.393227 9.99824E-05 9.99824E-05 0.43879 0.0653366
0.113641 0.287957 9.99737E-05 9.99737E-05 0.598103 9.99737E-05
0.489598 9.99825E-05 0.0587895 9.99825E-05 0.356893 0.0945197
0.152509 0.367796 9.99824E-05 9.99824E-05 0.471281 0.00821396
0.14861 0.439468 9.99737E-05 9.99737E-05 0.411622 9.99737E-05
0.176498 0.355637 0.0100751 9.99912E-05 0.337802 0.119888
0.171676 0.340312 9.99824E-05 9.99824E-05 0.35315 0.134663
0.00410213 0.59087 9.99825E-05 9.99825E-05 0.348924 0.0559036
0.0562721 0.410744 9.99824E-05 9.99824E-05 0.473573 0.0592105
0.0984301 0.395029 9.99824E-05 9.99824E-05 0.423993 0.0823472
0.0681101 0.428374 9.99824E-05 9.99824E-05 0.46783 0.035486
0.270467 0.299569 9.99825E-05 9.99825E-05 0.419445 0.0103198
0.219508 0.292998 9.99824E-05 9.99824E-05 0.348939 0.138356
0.9995 9.996E-05 9.996E-05 9.996E-05 9.996E-05 9.996E-05
0.9995 9.996E-05 9.996E-05 9.996E-05 9.996E-05 9.996E-05
0.9995 9.996E-05 9.996E-05 9.996E-05 9.996E-05 9.996E-05
0.9995 9.996E-05 9.996E-05 9.996E-05 9.996E-05 9.996E-05
0.9995 9.996E-05 9.996E-05 9.996E-05 9.996E-05 9.996E-05
0.9995 9.996E-05 9.996E-05 9.996E-05 9.996E-05 9.996E-05
0.9995 9.996E-05 9.996E-05 9.996E-05 9.996E-05 9.996E-05
0.9995 9.996E-05 9.996E-05 9.996E-05 9.996E-05 9.996E-05
0.9995 9.996E-05 9.996E-05 9.996E-05 9.996E-05 9.996E-05
0.9995 9.996E-05 9.996E-05 9.996E-05 9.996E-05 9.996E-05
0.9995 9.996E-05 9.996E-05 9.996E-05 9.996E-05 9.996E-05
0.9995 9.996E-05 9.996E-05 9.996E-05 9.996E-05 9.996E-05
0.9995 9.996E-05 9.996E-05 9.996E-05 9.996E-05 9.996E-05
0.9995 9.996E-05 9.996E-05 9.996E-05 9.996E-05 9.996E-05
0.9995 9.996E-05 9.996E-05 9.996E-05 9.996E-05 9.996E-05
0.9995 9.996E-05 9.996E-05 9.996E-05 9.996E-05 9.996E-05
0.9995 9.996E-05 9.996E-05 9.996E-05 9.996E-05 9.996E-05
0.9995 9.996E-05 9.996E-05 9.996E-05 9.996E-05 9.996E-05
0.9995 9.996E-05 9.996E-05 9.996E-05 9.996E-05 9.996E-05
0.9995 9.996E-05 9.996E-05 9.996E-05 9.996E-05 9.996E-05
0.9995 9.996E-05 9.996E-05 9.996E-05 9.996E-05 9.996E-05
0.9995 9.996E-05 9.996E-05 9.996E-05 9.996E-05 9.996E-05
0.9995 9.996E-05 9.996E-05 9.996E-05 9.996E-05 9.996E-05
0.9995 9.996E-05 9.996E-05 9.996E-05 9.996E-05 9.996E-05
0.9995 9.996E-05 9.996E-05 9.996E-05 9.996E-05 9.996E-05
0.9995 9.996E-05 9.996E-05 9.996E-05 9.996E-05 9.996E-05
0.9995 9.996E-05 9.996E-05 9.996E-05 9.996E-05 9.996E-05
0.9995 9.996E-05 9.996E-05 9.996E-05 9.996E-05 9.996E-05
0.9995 9.996E-05 9.996E-05 9.996E-05 9.996E-05 9.996E-05
0.9995 9.996E-05 9.996E-05 9.996E-05 9.996E-05 9.996E-05
0.9995 9.996E-05 9.996E-05 9.996E-05 9.996E-05 9.996E-05
0.9995 9.996E-05 9.996E-05 9.996E-05 9.996E-05 9.996E-05
0.9995 9.996E-05 9.996E-05 9.996E-05 9.996E-05 9.996E-05
0.9995 9.996E-05 9.996E-05 9.996E-05 9.996E-05 9.996E-05
0.9995 9.996E-05 9.996E-05 9.996E-05 9.996E-05 9.996E-05
0.9995 9.996E-05 9.996E-05 9.996E-05 9.996E-05 9.996E-05
0.9995 9.996E-05 9.996E-05 9.996E-05 9.996E-05 9.996E-05
0.9995 9.996E-05 9.996E-05 9.996E-05 9.996E-05 9.996E-05
0.9995 9.996E-05 9.996E-05 9.996E-05 9.996E-05 9.996E-05
0.9995 9.996E-05 9.996E-05 9.996E-05 9.996E-05 9.996E-05
0.9995 9.996E-05 9.996E-05 9.996E-05 9.996E-05 9.996E-05
0.9995 9.996E-05 9.996E-05 9.996E-05 9.996E-05 9.996E-05
0.9995 9.996E-05 9.996E-05 9.996E-05 9.996E-05 9.996E-05
0.9995 9.996E-05 9.996E-05 9.996E-05 9.996E-05 9.996E-05
0.9995 9.996E-05 9.996E-05 9.996E-05 9.996E-05 9.996E-05
0.9995 9.996E-05 9.996E-05 9.996E-05 9.996E-05 9.996E-05
0.9995 9.996E-05 9.996E-05 9.996E-05 9.996E-05 9.996E-05
0.9995 9.996E-05 9.996E-05 9.996E-05 9.996E-05 9.996E-05
0.9995 9.996E-05 9.996E-05 9.996E-05 9.996E-05 9.996E-05
0.9995 9.996E-05 9.996E-05 9.996E-05 9.996E-05 9.996E-05
0.9995 9.996E-05 9.996E-05 9.996E-05 9.996E-05 9.996E-05
0.9995 9.996E-05 9.996E-05 9.996E-05 9.996E-05 9.996E-05
0.9995 9.996E-05 9.996E-05 9.996E-05 9.996E-05 9.996E-05
0.9995 9.996E-05 9.996E-05 9.996E-05 9.996E-05 9.996E-05
0.9995 9.996E-05 9.996E-05 9.996E-05 9.996E-05 9.996E-05
0.9995 9.996E-05 9.996E-05 9.996E-05 9.996E-05 9.996E-05
0.9995 9.996E-05 9.996E-05 9.996E-05 9.996E-05 9.996E-05
0.9995 9.996E-05 9.996E-05 9.996E-05 9.996E-05 9.996E-05
0.9995 9.996E-05 9.996E-05 9.996E-05 9.996E-05 9.996E-05
0.9995 9.996E-05 9.996E-05 9.996E-05 9.996E-05 9.996E-05
0.9995 9.996E-05 9.996E-05 9.996E-05 9.996E-05 9.996E-05
0.9995 9.996E-05 9.996E-05 9.996E-05 9.996E-05 9.996E-05
0.9995 9.996E-05 9.996E-05 9.996E-05 9.996E-05 9.996E-05
0.9995 9.996E-05 9.996E-05 9.996E-05 9.996E-05 9.996E-05
0.9995 9.996E-05 9.996E-05 9.996E-05 9.996E-05 9.996E-05
0.91255 0.0870503 9.99648E-05 9.99648E-05 9.99648E-05 9.99648E-05
0.978796 9.99648E-05 0.0208045 9.99648E-05 9.99648E-05 9.99648E-05
0.9995 9.996E-05 9.996E-05 9.996E-05 9.996E-05 9.996E-05
0.9995 9.996E-05 9.996E-05 9.996E-05 9.996E-05 9.996E-05
0.972175 0.0274255 9.99648E-05 9.99648E-05 9.99648E-05 9.99648E-05
0.9995 9.996E-05 9.996E-05 9.996E-05 9.996E-05 9.996E-05
0.9995 9.996E-05 9.996E-05 9.996E-05 9.996E-05 9.996E-05
0.9995 9.996E-05 9.996E-05 9.996E-05 9.996E-05 9.996E-05
0.9995 9.996E-05 9.996E-05 9.996E-05 9.996E-05 9.996E-05
0.9995 9.996E-05 9.996E-05 9.996E-05 9.996E-05 9.996E-05
0.9995 9.996E-05 9.996E-05 9.996E-05 9.996E-05 9.996E-05
0.9995 9.996E-05 9.996E-05 9.996E-05 9.996E-05 9.996E-05
0.952275 0.0473253 9.99648E-05 9.99648E-05 9.99648E-05 9.99648E-05
0.932492 0.0671084 9.99648E-05 9.99648E-05 9.99648E-05 9.99648E-05
0.944418 0.055182 9.99648E-05 9.99648E-05 9.99648E-05 9.99648E-05
0.9995 9.996E-05 9.996E-05 9.996E-05 9.996E-05 9.996E-05
0.9995 9.996E-05 9.996E-05 9.996E-05 9.996E-05 9.996E-05
0.9995 9.996E-05 9.996E-05 9.996E-05 9.996E-05 9.996E-05
0.9689 0.0307002 9.99648E-05 9.99648E-05 9.99648E-05 9.99648E-05
0.9995 9.996E-05 9.996E-05 9.996E-05 9.996E-05 9.996E-05
0.892719 0.106881 9.99649E-05 9.99649E-05 9.99649E-05 9.99649E-05
0.9995 9.996E-05 9.996E-05 9.996E-05 9.996E-05 9.996E-05
0.980409 0.0191911 9.99648E-05 9.99648E-05 9.99648E-05 9.99648E-05
0.9995 9.996E-05 9.996E-05 9.996E-05 9.996E-05 9.996E-05
0.916021 0.00990333 0.0737759 9.99736E-05 9.99736E-05 9.99736E-05
0.9995 9.996E-05 9.996E-05 9.996E-05 9.996E-05 9.996E-05
0.9995 9.996E-05 9.996E-05 9.996E-05 9.996E-05 9.996E-05
0.9995 9.996E-05 9.996E-05 9.996E-05 9.996E-05 9.996E-05
0.999339 0.000261208 9.99648E-05 9.99648E-05 9.99648E-05 9.99648E-05
0.9995 9.996E-05 9.996E-05 9.996E-05 9.996E-05 9.996E-05
0.962656 0.0369438 9.99648E-05 9.99648E-05 9.99648E-05 9.99648E-05
0.9995 9.996E-05 9.996E-05 9.996E-05 9.996E-05 9.996E-05
0.889416 0.0866732 0.0236113 9.99736E-05 9.99736E-05 9.99736E-05
0.9995 9.996E-05 9.996E-05 9.996E-05 9.996E-05 9.996E-05
0.950977 0.0343796 0.0143431 9.99736E-05 9.99736E-05 9.99736E-05
0.978421 9.99648E-05 0.0211792 9.99648E-05 9.99648E-05 9.99648E-05
0.9995 9.996E-05 9.996E-05 9.996E-05 9.996E-05 9.996E-05
0.876693 0.122907 9.99648E-05 9.99648E-05 9.99648E-05 9.99648E-05
0.9995 9.996E-05 9.996E-05 9.996E-05 9.996E-05 9.996E-05
0.943181 0.0564194 9.99648E-05 9.99648E-05 9.99648E-05 9.99648E-05
0.9995 9.996E-05 9.996E-05 9.996E-05 9.996E-05 9.996E-05
0.9995 9.996E-05 9.996E-05 9.996E-05 9.996E-05 9.996E-05
0.9995 9.996E-05 9.996E-05 9.996E-05 9.996E-05 9.996E-05
0.9995 9.996E-05 9.996E-05 9.996E-05 9.996E-05 9.996E-05
0.995829 0.0037714 9.99649E-05 9.99649E-05 9.99649E-05 9.99649E-05
0.9995 9.996E-05 9.996E-05 9.996E-05 9.996E-05 9.996E-05
0.9995 9.996E-05 9.996E-05 9.996E-05 9.996E-05 9.996E-05
0.9995 9.996E-05 9.996E-05 9.996E-05 9.996E-05 9.996E-05
0.9995 9.996E-05 9.996E-05 9.996E-05 9.996E-05 9.996E-05
0.9995 9.996E-05 9.996E-05 9.996E-05 9.996E-05 9.996E-05
0.9995 9.996E-05 9.996E-05 9.996E-05 9.996E-05 9.996E-05
0.946253 0.0110298 9.99736E-05 9.99736E-05 0.0424173 9.99736E-05
0.89546 0.10414 9.99649E-05 9.99649E-05 9.99649E-05 9.99649E-05
0.9995 9.996E-05 9.996E-05 9.996E-05 9.996E-05 9.996E-05
0.9995 9.996E-05 9.996E-05 9.996E-05 9.996E-05 9.996E-05
0.9995 9.996E-05 9.996E-05 9.996E-05 9.996E-05 9.996E-05
0.873736 0.10545 0.0205142 9.99736E-05 9.99736E-05 9.99736E-05
0.9995 9.996E-05 9.996E-05 9.996E-05 9.996E-05 9.996E-05
0.9995 9.996E-05 9.996E-05 9.996E-05 9.996E-05 9.996E-05
0.9995 9.996E-05 9.996E-05 9.996E-05 9.996E-05 9.996E-05
0.999047 9.99649E-05 0.00055271 9.99649E-05 9.99649E-05 9.99649E-05
0.9995 9.996E-05 9.996E-05 9.996E-05 9.996E-05 9.996E-05
0.9995 9.996E-05 9.996E-05 9.996E-05 9.996E-05 9.996E-05
0.9995 9.996E-05 9.996E-05 9.996E-05 9.996E-05 9.996E-05
0.9995 9.996E-05 9.996E-05 9.996E-05 9.996E-05 9.996E-05
0.49617 0.320845 0.182685 9.99736E-05 9.99736E-05 9.99736E-05
0.603764 0.395837 9.99649E-05 9.99649E-05 9.99649E-05 9.99649E-05
0.778084 0.0909249 0.130691 9.99737E-05 9.99737E-05 9.99737E-05
0.718412 0.141337 0.139951 9.99736E-05 9.99736E-05 9.99736E-05
0.543573 0.283892 0.172235 9.99736E-05 9.99736E-05 9.99736E-05
0.50198 0.308373 0.189346 9.99736E-05 9.99736E-05 9.99736E-05
0.459649 0.366403 0.173649 9.99736E-05 9.99736E-05 9.99736E-05
0.669261 9.99649E-05 0.330339 9.99649E-05 9.99649E-05 9.99649E-05
0.347642 0.403714 0.248343 9.99736E-05 9.99736E-05 9.99736E-05
0.533724 0.291334 0.174641 9.99736E-05 9.99736E-05 9.99736E-05
0.532323 0.300532 0.166845 9.99736E-05 9.99736E-05 9.99736E-05
0.440428 0.559172 9.99649E-05 9.99649E-05 9.99649E-05 9.99649E-05
0.835248 9.99649E-05 0.164353 9.99649E-05 9.99649E-05 9.99649E-05
0.645274 9.99649E-05 0.354326 9.99649E-05 9.99649E-05 9.99649E-05
0.858315 9.99649E-05 0.141285 9.99649E-05 9.99649E-05 9.99649E-05
0.863486 9.99648E-05 0.136114 9.99648E-05 9.99648E-05 9.99648E-05
0.747265 9.99649E-05 0.252335 9.99649E-05 9.99649E-05 9.99649E-05
0.172967 0.767996 0.0587362 9.99736E-05 9.99736E-05 9.99736E-05
0.295439 0.384021 0.32024 9.99736E-05 9.99736E-05 9.99736E-05
0.204071 0.795529 9.99649E-05 9.99649E-05 9.99649E-05 9.99649E-05
0.103521 0.887699 9.99736E-05 9.99736E-05 0.00848013 9.99736E-05
0.149576 0.698768 0.151355 9.99736E-05 9.99736E-05 9.99736E-05
9.996E-05 0.9995 9.996E-05 9.996E-05 9.996E-05 9.996E-05
0.0460124 0.9353 0.0183873 9.99736E-05 9.99736E-05 9.99736E-05
9.996E-05 0.9995 9.996E-05 9.996E-05 9.996E-05 9.996E-05
0.0514659 0.876535 0.0623202 9.99824E-05 0.00947884 9.99824E-05
0.227942 0.733008 9.99736E-05 9.99736E-05 0.0387501 9.99736E-05
9.99736E-05 0.746881 0.216388 9.99736E-05 0.0364309 9.99736E-05
0.0501281 0.943821 9.99736E-05 9.99736E-05 0.00575104 9.99736E-05
0.190009 0.509726 0.268542 0.0315236 9.99824E-05 9.99824E-05
0.16168 0.450569 0.387451 9.99737E-05 9.99737E-05 9.99737E-05
0.175047 0.514786 0.289445 0.0205212 9.99824E-05 9.99824E-05
0.0347099 0.692811 0.254246 0.00403958 0.0140933 9.99912E-05
0.0955984 0.58874 0.315362 9.99736E-05 9.99736E-05 9.99736E-05
0.0277324 0.934137 0.0070256 9.99824E-05 0.0309052 9.99824E-05
0.384713 0.580983 0.0340033 9.99737E-05 9.99737E-05 9.99737E-05
0.105703 0.415859 0.478138 9.99736E-05 9.99736E-05 9.99736E-05
0.0906441 0.432938 0.476118 9.99736E-05 9.99736E-05 9.99736E-05
0.039959 0.700461 0.25928 9.99736E-05 9.99736E-05 9.99736E-05
0.168488 0.416154 0.415058 9.99736E-05 9.99736E-05 9.99736E-05
9.99737E-05 0.96691 9.99737E-05 0.0172406 0.015549 9.99737E-05
0.278802 0.617296 0.103602 9.99736E-05 9.99736E-05 9.99736E-05
0.251236 0.602066 0.146398 9.99736E-05 9.99736E-05 9.99736E-05
0.216852 0.782748 9.99649E-05 9.99649E-05 9.99649E-05 9.99649E-05
0.322918 0.661795 0.0149872 9.99736E-05 9.99736E-05 9.99736E-05
0.106706 0.660819 0.232175 9.99737E-05 9.99737E-05 9.99737E-05
0.0576575 0.77123 0.170812 9.99736E-05 9.99736E-05 9.99736E-05
0.0543896 0.851689 0.0936214 9.99736E-05 9.99736E-05 9.99736E-05
0.259721 0.535458 0.140968 9.99824E-05 0.063653 9.99824E-05
0.3117 0.549394 0.0798341 9.99824E-05 0.0588726 9.99824E-05
0.00129652 0.819358 0.179045 9.99736E-05 9.99736E-05 9.99736E-05
9.99648E-05 0.693624 0.305976 9.99648E-05 9.99648E-05 9.99648E-05
0.16401 0.683759 0.151931 9.99736E-05 9.99736E-05 9.99736E-05
0.0444216 0.797747 0.157532 9.99736E-05 9.99736E-05 9.99736E-05
0.179606 0.8167 0.00339367 9.99736E-05 9.99736E-05 9.99736E-05
9.99648E-05 0.441092 0.558508 9.99648E-05 9.99648E-05 9.99648E-05
0.130721 0.800702 0.0682775 9.99736E-05 9.99736E-05 9.99736E-05
0.0831283 0.78798 9.99736E-05 9.99736E-05 0.128592 9.99736E-05
9.99736E-05 0.84624 0.137978 9.99736E-05 0.0154822 9.99736E-05
9.99648E-05 0.858367 0.141233 9.99648E-05 9.99648E-05 9.99648E-05
9.99649E-05 0.918136 9.99649E-05 9.99649E-05 0.0814638 9.99649E-05
9.99648E-05 0.85638 0.14322 9.99648E-05 9.99648E-05 9.99648E-05
0.0977526 0.862446 0.0395018 9.99736E-05 9.99736E-05 9.99736E-05
9.99648E-05 0.843118 0.156483 9.99648E-05 9.99648E-05 9.99648E-05
0.283399 0.410363 0.305938 9.99737E-05 9.99737E-05 9.99737E-05
0.11265 0.815017 0.0720323 9.99736E-05 9.99736E-05 9.99736E-05
9.99648E-05 0.894402 0.105198 9.99648E-05 9.99648E-05 9.99648E-05
0.143903 0.790773 9.99736E-05 9.99736E-05 0.0650242 9.99736E-05
0.0919412 0.822733 9.99736E-05 9.99736E-05 0.0850255 9.99736E-05
0.13419 0.792423 0.0730877 9.99736E-05 9.99736E-05 9.99736E-05
0.0254453 0.836427 0.137828 9.99736E-05 9.99736E-05 9.99736E-05
0.080412 0.839988 9.99736E-05 9.99736E-05 0.0792996 9.99736E-05
0.202494 0.572472 0.224735 9.99736E-05 9.99736E-05 9.99736E-05
