0.0245215 9.9842E-05 0.0436262 0.0321983 0.0290102 9.9842E-05 9.9842E-05 9.9842E-05 0.469495 0.244324 9.9842E-05 9.9842E-05 0.0845576 9.9842E-05 9.9842E-05 0.0416759 9.9842E-05 9.9842E-05 9.9842E-05 9.9842E-05 9.9842E-05 0.0287947 9.9842E-05 9.9842E-05 9.9842E-05 9.9842E-05 9.9842E-05
9.98071E-05 9.98071E-05 0.771699 0.0996676 9.98071E-05 9.98071E-05 9.98071E-05 9.98071E-05 9.98071E-05 0.0747399 9.98071E-05 9.98071E-05 9.98071E-05 9.98071E-05 9.98071E-05 9.98071E-05 9.98071E-05 0.0447191 9.98071E-05 9.98071E-05 9.98071E-05 9.98071E-05 9.98071E-05 9.98071E-05 9.98071E-05 9.98071E-05 0.00697869
9.97719E-05 9.97719E-05 9.97719E-05 9.97719E-05 9.97719E-05 9.97719E-05 9.97719E-05 9.97719E-05 9.97719E-05 9.97719E-05 9.97719E-05 9.97719E-05 9.97719E-05 9.97719E-05 9.97719E-05 9.97719E-05 0.997406 9.97719E-05 9.97719E-05 9.97719E-05 9.97719E-05 9.97719E-05 9.97719E-05 9.97719E-05 9.97719E-05 9.97719E-05 9.97719E-05
0.0372896 9.98072E-05 9.98072E-05 9.98072E-05 9.98072E-05 9.98072E-05 9.98072E-05 9.98072E-05 0.417181 9.98072E-05 9.98072E-05 9.98072E-05 9.98072E-05 9.98072E-05 9.98072E-05 9.98072E-05 9.98072E-05 0.0576788 9.98072E-05 9.98072E-05 0.140302 9.98072E-05 0.345352 9.98072E-05 9.98072E-05 9.98072E-05 9.98072E-05
9.97984E-05 9.97984E-05 0.84489 9.97984E-05 9.97984E-05 9.97984E-05 9.97984E-05 9.97984E-05 9.97984E-05 9.97984E-05 0.0297959 9.97984E-05 9.97984E-05 0.0668461 9.97984E-05 9.97984E-05 9.97984E-05 0.0561724 9.97984E-05 9.97984E-05 9.97984E-05 9.97984E-05 9.97984E-05 9.97984E-05 9.97984E-05 9.97984E-05 9.97984E-05
9.98246E-05 0.0484803 9.98246E-05 9.98246E-05 9.98246E-05 9.98246E-05 9.98246E-05 0.053321 0.416887 0.116276 0.0918384 9.98246E-05 9.98246E-05 0.147808 9.98246E-05 9.98246E-05 9.98246E-05 9.98246E-05 9.98246E-05 9.98246E-05 9.98246E-05 9.98246E-05 9.98246E-05 9.98246E-05 0.123393 9.98246E-05 9.98246E-05
0.123164 0.0235762 0.206764 9.98684E-05 0.122837 9.98684E-05 9.98684E-05 9.98684E-05 0.0404425 0.128908 9.98684E-05 9.98684E-05 0.151441 9.98684E-05 9.98684E-05 0.0611052 0.0265706 9.98684E-05 9.98684E-05 9.98684E-05 9.98684E-05 0.0163712 0.083755 9.98684E-05 9.98684E-05 9.98684E-05 0.0135671
9.98422E-05 9.98422E-05 9.98422E-05 9.98422E-05 9.98422E-05 9.98422E-05 9.98422E-05 0.0607479 0.307467 0.054977 0.0332186 9.98422E-05 0.123892 9.98422E-05 9.98422E-05 9.98422E-05 9.98422E-05 0.0889495 0.061798 9.98422E-05 9.98422E-05 0.132832 9.98422E-05 9.98422E-05 0.13432 9.98422E-05 9.98422E-05
9.98333E-05 9.98333E-05 0.00562344 9.98333E-05 0.12756 9.98333E-05 9.98333E-05 9.98333E-05 0.145058 9.98333E-05 9.98333E-05 9.98333E-05 9.98333E-05 0.0820479 9.98333E-05 0.217452 0.133319 0.0866052 9.98333E-05 9.98333E-05 9.98333E-05 9.98333E-05 9.98333E-05 9.98333E-05 0.200438 9.98333E-05 9.98333E-05
9.97807E-05 9.97807E-05 0.0804915 9.97807E-05 9.97807E-05 9.97807E-05 9.97807E-05 9.97807E-05 0.917014 9.97807E-05 9.97807E-05 9.97807E-05 9.97807E-05 9.97807E-05 9.97807E-05 9.97807E-05 9.97807E-05 9.97807E-05 9.97807E-05 9.97807E-05 9.97807E-05 9.97807E-05 9.97807E-05 9.97807E-05 9.97807E-05 9.97807E-05 9.97807E-05
0.0544759 9.97982E-05 9.97982E-05 9.97982E-05 9.97982E-05 9.97982E-05 9.97982E-05 9.97982E-05 0.803721 9.97982E-05 9.97982E-05 9.97982E-05 9.97982E-05 9.97982E-05 9.97982E-05 0.13591 9.97982E-05 9.97982E-05 9.97982E-05 9.97982E-05 9.97982E-05 9.97982E-05 9.97982E-05 9.97982E-05 0.0035983 9.97982E-05 9.97982E-05
9.97719E-05 9.97719E-05 9.97719E-05 9.97719E-05 9.97719E-05 9.97719E-05 9.97719E-05 9.97719E-05 9.97719E-05 9.97719E-05 9.97719E-05 9.97719E-05 9.97719E-05 9.97719E-05 9.97719E-05 9.97719E-05 0.997406 9.97719E-05 9.97719E-05 9.97719E-05 9.97719E-05 9.97719E-05 9.97719E-05 9.97719E-05 9.97719E-05 9.97719E-05 9.97719E-05
9.97982E-05 9.97982E-05 0.768772 9.97982E-05 9.97982E-05 9.97982E-05 9.97982E-05 9.97982E-05 0.0570605 9.97982E-05 9.97982E-05 9.97982E-05 0.0434032 9.97982E-05 9.97982E-05 0.128469 9.97982E-05 9.97982E-05 9.97982E-05 9.97982E-05 9.97982E-05 9.97982E-05 9.97982E-05 9.97982E-05 9.97982E-05 9.97982E-05 9.97982E-05
0.0616509 9.98247E-05 0.572256 9.98247E-05 9.98247E-05 9.98247E-05 9.98247E-05 9.98247E-05 9.98247E-05 9.98247E-05 0.133318 9.98247E-05 9.98247E-05 9.98247E-05 9.98247E-05 0.0266248 0.0720142 9.98247E-05 9.98247E-05 0.0607231 0.0714164 9.98247E-05 9.98247E-05 9.98247E-05 9.98247E-05 9.98247E-05 9.98247E-05
9.98422E-05 9.98422E-05 0.279357 9.98422E-05 0.0718574 9.98422E-05 9.98422E-05 9.98422E-05 0.0863927 0.138814 9.98422E-05 9.98422E-05 9.98422E-05 0.0576112 9.98422E-05 0.162571 9.98422E-05 9.98422E-05 9.98422E-05 0.0433662 0.0361932 9.98422E-05 9.98422E-05 9.98422E-05 0.12204 9.98422E-05 9.98422E-05
9.98508E-05 9.98508E-05 0.171284 9.98508E-05 9.98508E-05 9.98508E-05 9.98508E-05 9.98508E-05 0.0879464 0.0972205 9.98508E-05 9.98508E-05 0.0707256 0.0941787 9.98508E-05 0.0202305 9.98508E-05 0.0201555 0.156174 9.98508E-05 9.98508E-05 9.98508E-05 0.108304 9.98508E-05 0.172083 9.98508E-05 9.98508E-05
0.0373919 9.98508E-05 9.98508E-05 0.0130647 9.98508E-05 0.250705 0.0612554 9.98508E-05 0.503453 9.98508E-05 9.98508E-05 9.98508E-05 9.98508E-05 9.98508E-05 9.98508E-05 0.0293818 0.0873062 9.98508E-05 0.00557878 9.98508E-05 9.98508E-05 9.98508E-05 0.00237087 9.98508E-05 9.98508E-05 9.98508E-05 0.00779461
9.98333E-05 9.98333E-05 9.98333E-05 9.98333E-05 9.98333E-05 9.98333E-05 9.98333E-05 9.98333E-05 0.243291 0.197636 9.98333E-05 0.149848 0.125832 9.98333E-05 9.98333E-05 0.0694173 9.98333E-05 0.0802055 9.98333E-05 9.98333E-05 9.98333E-05 9.98333E-05 9.98333E-05 0.0912393 0.0406336 9.98333E-05 9.98333E-05
9.98156E-05 0.177496 9.98156E-05 9.98156E-05 9.98156E-05 9.98156E-05 9.98156E-05 9.98156E-05 0.468529 9.98156E-05 9.98156E-05 0.0352583 0.0537799 9.98156E-05 9.98156E-05 0.175644 9.98156E-05 9.98156E-05 9.98156E-05 9.98156E-05 9.98156E-05 9.98156E-05 9.98156E-05 9.98156E-05 0.087197 9.98156E-05 9.98156E-05
9.97808E-05 9.97808E-05 0.98178 9.97808E-05 9.97808E-05 9.97808E-05 9.97808E-05 9.97808E-05 9.97808E-05 9.97808E-05 9.97808E-05 9.97808E-05 9.97808E-05 9.97808E-05 9.97808E-05 9.97808E-05 9.97808E-05 9.97808E-05 9.97808E-05 9.97808E-05 9.97808E-05 9.97808E-05 9.97808E-05 0.0157258 9.97808E-05 9.97808E-05 9.97808E-05
9.97983E-05 9.97983E-05 9.97983E-05 9.97983E-05 9.97983E-05 9.97983E-05 9.97983E-05 9.97983E-05 0.651948 9.97983E-05 9.97983E-05 9.97983E-05 9.97983E-05 9.97983E-05 9.97983E-05 9.97983E-05 9.97983E-05 0.254446 0.064792 9.97983E-05 9.97983E-05 9.97983E-05 9.97983E-05 9.97983E-05 0.0265187 9.97983E-05 9.97983E-05
9.98421E-05 0.112352 9.98421E-05 0.0033051 9.98421E-05 9.98421E-05 9.98421E-05 9.98421E-05 0.427541 9.98421E-05 0.010478 9.98421E-05 0.193818 0.0719615 0.0752793 9.98421E-05 9.98421E-05 9.98421E-05 9.98421E-05 9.98421E-05 9.98421E-05 0.00764391 9.98421E-05 9.98421E-05 0.0958241 9.98421E-05 9.98421E-05
9.98422E-05 9.98422E-05 0.52259 0.0330511 0.0388908 9.98422E-05 9.98422E-05 0.0188863 0.00411635 0.223311 9.98422E-05 9.98422E-05 9.98422E-05 0.0219039 9.98422E-05 0.124817 9.98422E-05 9.98422E-05 9.98422E-05 9.98422E-05 9.98422E-05 9.98422E-05 9.98422E-05 0.0106367 9.98422E-05 9.98422E-05 9.98422E-05
9.98247E-05 9.98247E-05 0.186667 9.98247E-05 0.0506503 9.98247E-05 9.98247E-05 9.98247E-05 0.190515 0.0344958 9.98247E-05 9.98247E-05 0.224255 9.98247E-05 9.98247E-05 0.293386 9.98247E-05 9.98247E-05 0.0180345 9.98247E-05 9.98247E-05 9.98247E-05 9.98247E-05 9.98247E-05 9.98247E-05 9.98247E-05 9.98247E-05
9.98247E-05 9.98247E-05 9.98247E-05 9.98247E-05 9.98247E-05 9.98247E-05 9.98247E-05 9.98247E-05 0.375307 9.98247E-05 9.98247E-05 9.98247E-05 9.98247E-05 9.98247E-05 9.98247E-05 0.143785 0.0552634 9.98247E-05 9.98247E-05 9.98247E-05 0.16788 9.98247E-05 0.078956 0.0890248 0.0877868 9.98247E-05 9.98247E-05
9.97806E-05 9.97806E-05 9.97806E-05 9.97806E-05 9.97806E-05 9.97806E-05 9.97806E-05 0.0914296 0.906076 9.97806E-05 9.97806E-05 9.97806E-05 9.97806E-05 9.97806E-05 9.97806E-05 9.97806E-05 9.97806E-05 9.97806E-05 9.97806E-05 9.97806E-05 9.97806E-05 9.97806E-05 9.97806E-05 9.97806E-05 9.97806E-05 9.97806E-05 9.97806E-05
9.98509E-05 9.98509E-05 9.98509E-05 0.00445782 0.0925459 9.98509E-05 9.98509E-05 9.98509E-05 0.100258 9.98509E-05 9.98509E-05 0.0407344 0.277981 9.98509E-05 9.98509E-05 0.0195588 9.98509E-05 0.0138467 0.0499411 9.98509E-05 0.391674 9.98509E-05 0.00730496 9.98509E-05 9.98509E-05 9.98509E-05 9.98509E-05
9.98071E-05 9.98071E-05 0.84475 9.98071E-05 9.98071E-05 9.98071E-05 9.98071E-05 9.98071E-05 9.98071E-05 9.98071E-05 9.98071E-05 9.98071E-05 0.0153511 9.98071E-05 9.98071E-05 0.0295613 9.98071E-05 9.98071E-05 9.98071E-05 9.98071E-05 0.00278961 9.98071E-05 0.105352 9.98071E-05 9.98071E-05 9.98071E-05 9.98071E-05
9.98159E-05 9.98159E-05 0.340286 9.98159E-05 9.98159E-05 9.98159E-05 9.98159E-05 9.98159E-05 9.98159E-05 0.043902 9.98159E-05 9.98159E-05 0.0192473 9.98159E-05 9.98159E-05 0.167671 0.292531 9.98159E-05 9.98159E-05 9.98159E-05 0.134268 9.98159E-05 9.98159E-05 9.98159E-05 9.98159E-05 9.98159E-05 9.98159E-05
9.9807E-05 9.9807E-05 0.328355 9.9807E-05 9.9807E-05 9.9807E-05 9.9807E-05 9.9807E-05 9.9807E-05 9.9807E-05 9.9807E-05 9.9807E-05 9.9807E-05 9.9807E-05 9.9807E-05 0.0361683 0.470343 9.9807E-05 9.9807E-05 0.144595 9.9807E-05 9.9807E-05 9.9807E-05 9.9807E-05 0.0183431 9.9807E-05 9.9807E-05
0.104544 0.0547162 0.668921 9.98245E-05 9.98245E-05 9.98245E-05 9.98245E-05 9.98245E-05 0.0644 0.07363 9.98245E-05 9.98245E-05 9.98245E-05 9.98245E-05 9.98245E-05 0.0273385 9.98245E-05 9.98245E-05 9.98245E-05 9.98245E-05 9.98245E-05 9.98245E-05 9.98245E-05 9.98245E-05 0.00445307 9.98245E-05 9.98245E-05
0.00849435 0.00233223 9.98246E-05 9.98246E-05 9.98246E-05 0.0930227 9.98246E-05 9.98246E-05 0.769801 9.98246E-05 9.98246E-05 9.98246E-05 9.98246E-05 9.98246E-05 9.98246E-05 0.088981 9.98246E-05 0.0242603 9.98246E-05 9.98246E-05 9.98246E-05 9.98246E-05 9.98246E-05 9.98246E-05 9.98246E-05 9.98246E-05 0.0111124
0.0574719 9.98332E-05 9.98332E-05 9.98332E-05 9.98332E-05 9.98332E-05 9.98332E-05 9.98332E-05 0.440453 0.0056553 9.98332E-05 9.98332E-05 0.10108 9.98332E-05 9.98332E-05 0.105693 0.233308 9.98332E-05 0.016876 9.98332E-05 0.0375655 9.98332E-05 9.98332E-05 9.98332E-05 9.98332E-05 9.98332E-05 9.98332E-05
0.0104511 9.98157E-05 9.98157E-05 9.98157E-05 9.98157E-05 9.98157E-05 9.98157E-05 9.98157E-05 9.98157E-05 9.98157E-05 9.98157E-05 9.98157E-05 0.0424501 9.98157E-05 9.98157E-05 0.0202825 0.757391 9.98157E-05 9.98157E-05 9.98157E-05 0.159561 9.98157E-05 0.00776749 9.98157E-05 9.98157E-05 9.98157E-05 9.98157E-05
0.0285331 0.018521 0.641767 0.045786 9.98072E-05 9.98072E-05 9.98072E-05 9.98072E-05 9.98072E-05 9.98072E-05 9.98072E-05 9.98072E-05 9.98072E-05 9.98072E-05 9.98072E-05 9.98072E-05 0.263197 9.98072E-05 9.98072E-05 9.98072E-05 9.98072E-05 9.98072E-05 9.98072E-05 9.98072E-05 9.98072E-05 9.98072E-05 9.98072E-05
9.98246E-05 9.98246E-05 9.98246E-05 0.011026 0.0186513 9.98246E-05 9.98246E-05 9.98246E-05 0.74651 0.0467972 9.98246E-05 9.98246E-05 0.023558 9.98246E-05 9.98246E-05 9.98246E-05 0.0697518 9.98246E-05 9.98246E-05 9.98246E-05 9.98246E-05 9.98246E-05 0.0817093 9.98246E-05 9.98246E-05 9.98246E-05 9.98246E-05
9.9781E-05 0.0790344 0.918471 9.9781E-05 9.9781E-05 9.9781E-05 9.9781E-05 9.9781E-05 9.9781E-05 9.9781E-05 9.9781E-05 9.9781E-05 9.9781E-05 9.9781E-05 9.9781E-05 9.9781E-05 9.9781E-05 9.9781E-05 9.9781E-05 9.9781E-05 9.9781E-05 9.9781E-05 9.9781E-05 9.9781E-05 9.9781E-05 9.9781E-05 9.9781E-05
9.98073E-05 9.98073E-05 0.120714 9.98073E-05 9.98073E-05 9.98073E-05 9.98073E-05 9.98073E-05 9.98073E-05 9.98073E-05 9.98073E-05 9.98073E-05 9.98073E-05 9.98073E-05 9.98073E-05 0.016017 0.679759 9.98073E-05 9.98073E-05 9.98073E-05 9.98073E-05 9.98073E-05 9.98073E-05 0.0192878 0.162027 9.98073E-05 9.98073E-05
9.98247E-05 9.98247E-05 9.98247E-05 0.10136 9.98247E-05 9.98247E-05 9.98247E-05 0.0438285 9.98247E-05 9.98247E-05 9.98247E-05 9.98247E-05 0.0285363 9.98247E-05 0.0105954 0.0796557 0.70569 9.98247E-05 9.98247E-05 9.98247E-05 9.98247E-05 9.98247E-05 9.98247E-05 9.98247E-05 9.98247E-05 0.0283368 9.98247E-05
9.98245E-05 0.0256532 9.98245E-05 9.98245E-05 9.98245E-05 9.98245E-05 9.98245E-05 9.98245E-05 0.0276092 9.98245E-05 9.98245E-05 9.98245E-05 9.98245E-05 9.98245E-05 9.98245E-05 0.119246 0.623454 9.98245E-05 0.0199086 0.0169468 0.165185 9.98245E-05 9.98245E-05 9.98245E-05 9.98245E-05 9.98245E-05 9.98245E-05
9.97809E-05 9.97809E-05 9.97809E-05 9.97809E-05 9.97809E-05 9.97809E-05 9.97809E-05 0.078678 0.918827 9.97809E-05 9.97809E-05 9.97809E-05 9.97809E-05 9.97809E-05 9.97809E-05 9.97809E-05 9.97809E-05 9.97809E-05 9.97809E-05 9.97809E-05 9.97809E-05 9.97809E-05 9.97809E-05 9.97809E-05 9.97809E-05 9.97809E-05 9.97809E-05
9.98248E-05 9.98248E-05 0.378263 0.0360483 9.98248E-05 9.98248E-05 9.98248E-05 9.98248E-05 0.272632 9.98248E-05 9.98248E-05 9.98248E-05 0.143564 9.98248E-05 9.98248E-05 0.0526084 0.0705774 9.98248E-05 9.98248E-05 9.98248E-05 9.98248E-05 9.98248E-05 9.98248E-05 9.98248E-05 0.0443108 9.98248E-05 9.98248E-05
9.97895E-05 9.97895E-05 0.932818 9.97895E-05 9.97895E-05 9.97895E-05 0.0331935 9.97895E-05 9.97895E-05 9.97895E-05 9.97895E-05 9.97895E-05 9.97895E-05 9.97895E-05 9.97895E-05 9.97895E-05 9.97895E-05 9.97895E-05 9.97895E-05 0.0315932 9.97895E-05 9.97895E-05 9.97895E-05 9.97895E-05 9.97895E-05 9.97895E-05 9.97895E-05
9.98157E-05 9.98157E-05 9.98157E-05 0.0173774 9.98157E-05 9.98157E-05 9.98157E-05 0.148491 9.98157E-05 0.168142 9.98157E-05 9.98157E-05 9.98157E-05 9.98157E-05 9.98157E-05 0.111809 0.480304 9.98157E-05 9.98157E-05 9.98157E-05 9.98157E-05 9.98157E-05 9.98157E-05 9.98157E-05 0.0717799 9.98157E-05 9.98157E-05
9.98071E-05 9.98071E-05 9.98071E-05 9.98071E-05 9.98071E-05 9.98071E-05 9.98071E-05 9.98071E-05 9.98071E-05 9.98071E-05 0.0535418 9.98071E-05 0.354568 9.98071E-05 9.98071E-05 0.169327 0.317964 9.98071E-05 9.98071E-05 9.98071E-05 9.98071E-05 9.98071E-05 0.102404 9.98071E-05 9.98071E-05 9.98071E-05 9.98071E-05
9.97981E-05 9.97981E-05 9.97981E-05 9.97981E-05 9.97981E-05 9.97981E-05 9.97981E-05 9.97981E-05 0.369362 9.97981E-05 9.97981E-05 9.97981E-05 9.97981E-05 9.97981E-05 9.97981E-05 9.97981E-05 0.612782 9.97981E-05 9.97981E-05 9.97981E-05 9.97981E-05 9.97981E-05 0.00559254 0.00996811 9.97981E-05 9.97981E-05 9.97981E-05
0.0109214 9.98158E-05 0.877501 9.98158E-05 9.98158E-05 9.98158E-05 9.98158E-05 9.98158E-05 9.98158E-05 9.98158E-05 9.98158E-05 0.0162524 9.98158E-05 9.98158E-05 9.98158E-05 0.0685593 9.98158E-05 9.98158E-05 9.98158E-05 9.98158E-05 9.98158E-05 9.98158E-05 0.0151257 9.98158E-05 0.00954459 9.98158E-05 9.98158E-05
9.97719E-05 9.97719E-05 9.97719E-05 9.97719E-05 9.97719E-05 9.97719E-05 9.97719E-05 9.97719E-05 9.97719E-05 9.97719E-05 9.97719E-05 9.97719E-05 9.97719E-05 9.97719E-05 9.97719E-05 9.97719E-05 0.997406 9.97719E-05 9.97719E-05 9.97719E-05 9.97719E-05 9.97719E-05 9.97719E-05 9.97719E-05 9.97719E-05 9.97719E-05 9.97719E-05
0.00783676 9.98245E-05 0.618661 9.98245E-05 9.98245E-05 9.98245E-05 9.98245E-05 0.0221518 9.98245E-05 0.108336 9.98245E-05 9.98245E-05 0.0903609 9.98245E-05 9.98245E-05 0.122538 9.98245E-05 0.0281199 9.98245E-05 9.98245E-05 9.98245E-05 9.98245E-05 9.98245E-05 9.98245E-05 9.98245E-05 9.98245E-05 9.98245E-05
9.98075E-05 0.0552528 0.522865 9.98075E-05 9.98075E-05 9.98075E-05 9.98075E-05 9.98075E-05 9.98075E-05 9.98075E-05 0.0206888 9.98075E-05 9.98075E-05 9.98075E-05 9.98075E-05 9.98075E-05 0.296807 9.98075E-05 9.98075E-05 9.98075E-05 9.98075E-05 9.98075E-05 9.98075E-05 9.98075E-05 9.98075E-05 9.98075E-05 0.102191
0.0754452 9.98507E-05 0.373561 9.98507E-05 0.0198156 9.98507E-05 9.98507E-05 0.0200024 9.98507E-05 9.98507E-05 9.98507E-05 9.98507E-05 0.0740687 9.98507E-05 0.166502 0.134221 0.00460541 9.98507E-05 9.98507E-05 9.98507E-05 0.0728835 9.98507E-05 9.98507E-05 9.98507E-05 0.0571981 9.98507E-05 9.98507E-05
9.98247E-05 9.98247E-05 9.98247E-05 9.98247E-05 0.059176 9.98247E-05 9.98247E-05 9.98247E-05 0.761158 9.98247E-05 0.0475121 9.98247E-05 0.0812735 9.98247E-05 9.98247E-05 9.98247E-05 9.98247E-05 9.98247E-05 0.017828 9.98247E-05 9.98247E-05 9.98247E-05 9.98247E-05 0.00314734 9.98247E-05 9.98247E-05 0.0279085
9.97985E-05 9.97985E-05 0.766219 9.97985E-05 9.97985E-05 9.97985E-05 9.97985E-05 9.97985E-05 9.97985E-05 9.97985E-05 9.97985E-05 0.038653 9.97985E-05 9.97985E-05 9.97985E-05 9.97985E-05 0.138916 9.97985E-05 9.97985E-05 9.97985E-05 0.0539169 9.97985E-05 9.97985E-05 9.97985E-05 9.97985E-05 9.97985E-05 9.97985E-05
9.97809E-05 9.97809E-05 9.97809E-05 9.97809E-05 9.97809E-05 9.97809E-05 9.97809E-05 9.97809E-05 9.97809E-05 9.97809E-05 9.97809E-05 9.97809E-05 9.97809E-05 9.97809E-05 9.97809E-05 9.97809E-05 0.857824 9.97809E-05 0.139682 9.97809E-05 9.97809E-05 9.97809E-05 9.97809E-05 9.97809E-05 9.97809E-05 9.97809E-05 9.97809E-05
9.97985E-05 0.0900159 0.264277 9.97985E-05 9.97985E-05 9.97985E-05 9.97985E-05 9.97985E-05 9.97985E-05 9.97985E-05 9.97985E-05 9.97985E-05 9.97985E-05 9.97985E-05 9.97985E-05 0.0704698 0.572942 9.97985E-05 9.97985E-05 9.97985E-05 9.97985E-05 9.97985E-05 9.97985E-05 9.97985E-05 9.97985E-05 9.97985E-05 9.97985E-05
9.98073E-05 9.98073E-05 9.98073E-05 9.98073E-05 9.98073E-05 9.98073E-05 0.0285901 9.98073E-05 0.361356 9.98073E-05 9.98073E-05 9.98073E-05 9.98073E-05 9.98073E-05 0.0427486 9.98073E-05 0.505626 9.98073E-05 9.98073E-05 9.98073E-05 0.0594835 9.98073E-05 9.98073E-05 9.98073E-05 9.98073E-05 9.98073E-05 9.98073E-05
9.97982E-05 0.078406 9.97982E-05 0.00573578 9.97982E-05 9.97982E-05 9.97982E-05 9.97982E-05 0.837004 9.97982E-05 9.97982E-05 0.076559 9.97982E-05 9.97982E-05 9.97982E-05 9.97982E-05 9.97982E-05 9.97982E-05 9.97982E-05 9.97982E-05 9.97982E-05 9.97982E-05 9.97982E-05 9.97982E-05 9.97982E-05 9.97982E-05 9.97982E-05
9.97897E-05 9.97897E-05 0.152569 9.97897E-05 9.97897E-05 9.97897E-05 9.97897E-05 0.0451084 0.799927 9.97897E-05 9.97897E-05 9.97897E-05 9.97897E-05 9.97897E-05 9.97897E-05 9.97897E-05 9.97897E-05 9.97897E-05 9.97897E-05 9.97897E-05 9.97897E-05 9.97897E-05 9.97897E-05 9.97897E-05 9.97897E-05 9.97897E-05 9.97897E-05
0.00451922 9.98069E-05 0.834968 9.98069E-05 9.98069E-05 9.98069E-05 9.98069E-05 9.98069E-05 9.98069E-05 9.98069E-05 9.98069E-05 9.98069E-05 9.98069E-05 9.98069E-05 9.98069E-05 0.013189 0.108773 9.98069E-05 9.98069E-05 9.98069E-05 9.98069E-05 0.0363548 9.98069E-05 9.98069E-05 9.98069E-05 9.98069E-05 9.98069E-05
0.0198495 9.98245E-05 9.98245E-05 9.98245E-05 9.98245E-05 9.98245E-05 9.98245E-05 0.0766612 9.98245E-05 0.694219 9.98245E-05 0.00036062 9.98245E-05 9.98245E-05 9.98245E-05 0.0909555 9.98245E-05 9.98245E-05 9.98245E-05 9.98245E-05 0.112639 9.98245E-05 9.98245E-05 9.98245E-05 0.00331928 9.98245E-05 9.98245E-05
9.97811E-05 9.97811E-05 9.97811E-05 9.97811E-05 0.0822682 9.97811E-05 9.97811E-05 9.97811E-05 9.97811E-05 0.915237 9.97811E-05 9.97811E-05 9.97811E-05 9.97811E-05 9.97811E-05 9.97811E-05 9.97811E-05 9.97811E-05 9.97811E-05 9.97811E-05 9.97811E-05 9.97811E-05 9.97811E-05 9.97811E-05 9.97811E-05 9.97811E-05 9.97811E-05
9.97808E-05 9.97808E-05 9.97808E-05 9.97808E-05 9.97808E-05 9.97808E-05 9.97808E-05 9.97808E-05 9.97808E-05 0.957443 9.97808E-05 0.0400625 9.97808E-05 9.97808E-05 9.97808E-05 9.97808E-05 9.97808E-05 9.97808E-05 9.97808E-05 9.97808E-05 9.97808E-05 9.97808E-05 9.97808E-05 9.97808E-05 9.97808E-05 9.97808E-05 9.97808E-05
9.98246E-05 9.98246E-05 9.98246E-05 0.22141 9.98246E-05 9.98246E-05 9.98246E-05 9.98246E-05 9.98246E-05 0.32839 9.98246E-05 0.0129935 9.98246E-05 0.00319137 9.98246E-05 9.98246E-05 9.98246E-05 9.98246E-05 9.98246E-05 9.98246E-05 0.23958 9.98246E-05 9.98246E-05 9.98246E-05 0.11156 9.98246E-05 0.0808781
9.98418E-05 0.0219174 9.98418E-05 9.98418E-05 9.98418E-05 9.98418E-05 9.98418E-05 9.98418E-05 9.98418E-05 0.651523 0.0480135 0.0169529 0.0435149 9.98418E-05 9.98418E-05 0.0472236 9.98418E-05 9.98418E-05 9.98418E-05 9.98418E-05 9.98418E-05 9.98418E-05 9.98418E-05 0.0573843 0.0793815 9.98418E-05 0.0322921
9.98154E-05 9.98154E-05 9.98154E-05 9.98154E-05 9.98154E-05 9.98154E-05 9.98154E-05 9.98154E-05 9.98154E-05 0.581837 9.98154E-05 9.98154E-05 0.0751594 9.98154E-05 9.98154E-05 0.254705 9.98154E-05 9.98154E-05 9.98154E-05 9.98154E-05 0.054284 0.0042697 9.98154E-05 9.98154E-05 0.0276481 9.98154E-05 9.98154E-05
9.98068E-05 9.98068E-05 9.98068E-05 0.239766 9.98068E-05 9.98068E-05 9.98068E-05 9.98068E-05 9.98068E-05 0.59827 9.98068E-05 9.98068E-05 9.98068E-05 9.98068E-05 9.98068E-05 0.0820654 9.98068E-05 0.0258414 9.98068E-05 9.98068E-05 9.98068E-05 9.98068E-05 0.0518615 9.98068E-05 9.98068E-05 9.98068E-05 9.98068E-05
9.98243E-05 9.98243E-05 9.98243E-05 0.067985 9.98243E-05 9.98243E-05 9.98243E-05 9.98243E-05 9.98243E-05 0.582444 9.98243E-05 0.0839455 9.98243E-05 9.98243E-05 9.98243E-05 0.050326 9.98243E-05 9.98243E-05 9.98243E-05 9.98243E-05 0.0763229 9.98243E-05 9.98243E-05 9.98243E-05 0.0712477 9.98243E-05 0.0657327
9.97895E-05 9.97895E-05 9.97895E-05 0.01127 0.0107978 9.97895E-05 9.97895E-05 9.97895E-05 9.97895E-05 0.975537 9.97895E-05 9.97895E-05 9.97895E-05 9.97895E-05 9.97895E-05 9.97895E-05 9.97895E-05 9.97895E-05 9.97895E-05 9.97895E-05 9.97895E-05 9.97895E-05 9.97895E-05 9.97895E-05 9.97895E-05 9.97895E-05 9.97895E-05
0.0977854 9.97808E-05 9.97808E-05 9.97808E-05 9.97808E-05 9.97808E-05 9.97808E-05 9.97808E-05 9.97808E-05 0.89972 9.97808E-05 9.97808E-05 9.97808E-05 9.97808E-05 9.97808E-05 9.97808E-05 9.97808E-05 9.97808E-05 9.97808E-05 9.97808E-05 9.97808E-05 9.97808E-05 9.97808E-05 9.97808E-05 9.97808E-05 9.97808E-05 9.97808E-05
0.129251 0.0453492 9.9833E-05 9.9833E-05 9.9833E-05 9.9833E-05 9.9833E-05 9.9833E-05 9.9833E-05 0.514985 9.9833E-05 0.0254555 9.9833E-05 9.9833E-05 9.9833E-05 0.233231 9.9833E-05 9.9833E-05 9.9833E-05 9.9833E-05 9.9833E-05 9.9833E-05 0.00502226 0.0221453 0.0226637 9.9833E-05 9.9833E-05
0.0491017 0.0371982 9.98419E-05 0.0662978 9.98419E-05 9.98419E-05 9.98419E-05 9.98419E-05 9.98419E-05 0.398769 0.0917588 9.98419E-05 0.1268 9.98419E-05 9.98419E-05 0.0857624 9.98419E-05 0.108429 9.98419E-05 9.98419E-05 9.98419E-05 9.98419E-05 9.98419E-05 9.98419E-05 9.98419E-05 9.98419E-05 0.0340858
0.0802323 9.98244E-05 9.98244E-05 9.98244E-05 9.98244E-05 9.98244E-05 9.98244E-05 9.98244E-05 9.98244E-05 0.558411 9.98244E-05 9.98244E-05 9.98244E-05 0.0286276 0.164338 9.98244E-05 9.98244E-05 9.98244E-05 0.0365178 9.98244E-05 9.98244E-05 9.98244E-05 9.98244E-05 9.98244E-05 0.115367 9.98244E-05 0.01451
9.98155E-05 0.0135738 9.98155E-05 0.0447234 9.98155E-05 9.98155E-05 9.98155E-05 9.98155E-05 9.98155E-05 0.563485 9.98155E-05 9.98155E-05 0.143347 9.98155E-05 0.0388022 0.193972 9.98155E-05 9.98155E-05 9.98155E-05 9.98155E-05 9.98155E-05 9.98155E-05 9.98155E-05 9.98155E-05 9.98155E-05 9.98155E-05 9.98155E-05
9.97987E-05 9.97987E-05 9.97987E-05 9.97987E-05 9.97987E-05 9.97987E-05 9.97987E-05 9.97987E-05 9.97987E-05 0.909857 0.0256176 9.97987E-05 9.97987E-05 9.97987E-05 9.97987E-05 9.97987E-05 9.97987E-05 9.97987E-05 0.0327572 0.0294725 9.97987E-05 9.97987E-05 9.97987E-05 9.97987E-05 9.97987E-05 9.97987E-05 9.97987E-05
9.97896E-05 9.97896E-05 9.97896E-05 9.97896E-05 9.97896E-05 9.97896E-05 9.97896E-05 9.97896E-05 9.97896E-05 0.936757 9.97896E-05 9.97896E-05 9.97896E-05 9.97896E-05 9.97896E-05 0.00708797 9.97896E-05 9.97896E-05 9.97896E-05 9.97896E-05 9.97896E-05 9.97896E-05 9.97896E-05 9.97896E-05 0.0537605 9.97896E-05 9.97896E-05
9.98067E-05 0.0278336 9.98067E-05 9.98067E-05 9.98067E-05 9.98067E-05 9.98067E-05 9.98067E-05 9.98067E-05 0.571024 9.98067E-05 9.98067E-05 9.98067E-05 9.98067E-05 9.98067E-05 0.038429 9.98067E-05 9.98067E-05 9.98067E-05 9.98067E-05 0.0752216 0.285296 9.98067E-05 9.98067E-05 9.98067E-05 9.98067E-05 9.98067E-05
0.150973 0.0528623 9.98069E-05 9.98069E-05 9.98069E-05 9.98069E-05 9.98069E-05 9.98069E-05 9.98069E-05 0.660516 9.98069E-05 9.98069E-05 0.0744186 9.98069E-05 9.98069E-05 9.98069E-05 9.98069E-05 9.98069E-05 9.98069E-05 9.98069E-05 9.98069E-05 9.98069E-05 9.98069E-05 9.98069E-05 0.0590341 9.98069E-05 9.98069E-05
0.0322614 0.0322555 9.98157E-05 9.98157E-05 9.98157E-05 9.98157E-05 9.98157E-05 9.98157E-05 9.98157E-05 0.822418 9.98157E-05 0.0808744 9.98157E-05 9.98157E-05 9.98157E-05 0.0193427 9.98157E-05 9.98157E-05 9.98157E-05 9.98157E-05 9.98157E-05 9.98157E-05 0.0107516 9.98157E-05 9.98157E-05 9.98157E-05 9.98157E-05
0.0381613 9.98243E-05 9.98243E-05 0.00198788 9.98243E-05 9.98243E-05 9.98243E-05 0.0121048 9.98243E-05 0.65402 9.98243E-05 0.0541722 9.98243E-05 9.98243E-05 9.98243E-05 0.222204 9.98243E-05 9.98243E-05 9.98243E-05 9.98243E-05 9.98243E-05 9.98243E-05 9.98243E-05 0.0153534 9.98243E-05 9.98243E-05 9.98243E-05
9.97901E-05 9.97901E-05 9.97901E-05 9.97901E-05 9.97901E-05 9.97901E-05 0.000523134 9.97901E-05 9.97901E-05 0.949508 9.97901E-05 9.97901E-05 9.97901E-05 9.97901E-05 9.97901E-05 9.97901E-05 9.97901E-05 9.97901E-05 9.97901E-05 0.0475736 9.97901E-05 9.97901E-05 9.97901E-05 9.97901E-05 9.97901E-05 9.97901E-05 9.97901E-05
9.97979E-05 0.0411432 9.97979E-05 9.97979E-05 9.97979E-05 9.97979E-05 9.97979E-05 9.97979E-05 9.97979E-05 0.679502 9.97979E-05 9.97979E-05 0.260971 9.97979E-05 9.97979E-05 0.0160884 9.97979E-05 9.97979E-05 9.97979E-05 9.97979E-05 9.97979E-05 9.97979E-05 9.97979E-05 9.97979E-05 9.97979E-05 9.97979E-05 9.97979E-05
9.98159E-05 9.98159E-05 9.98159E-05 0.0239587 9.98159E-05 9.98159E-05 9.98159E-05 9.98159E-05 9.98159E-05 0.716791 9.98159E-05 9.98159E-05 0.0361346 9.98159E-05 9.98159E-05 0.0155085 9.98159E-05 9.98159E-05 9.98159E-05 9.98159E-05 0.152687 9.98159E-05 9.98159E-05 9.98159E-05 9.98159E-05 0.0528242 9.98159E-05
0.0019704 0.0976875 9.98507E-05 9.98507E-05 0.0421613 9.98507E-05 9.98507E-05 9.98507E-05 9.98507E-05 0.653671 9.98507E-05 0.063502 9.98507E-05 0.0974355 0.000281686 0.0271615 9.98507E-05 9.98507E-05 9.98507E-05 9.98507E-05 9.98507E-05 0.00675214 9.98507E-05 9.98507E-05 0.00767899 9.98507E-05 9.98507E-05
0.192734 9.97804E-05 9.97804E-05 9.97804E-05 9.97804E-05 9.97804E-05 9.97804E-05 9.97804E-05 9.97804E-05 0.804771 9.97804E-05 9.97804E-05 9.97804E-05 9.97804E-05 9.97804E-05 9.97804E-05 9.97804E-05 9.97804E-05 9.97804E-05 9.97804E-05 9.97804E-05 9.97804E-05 9.97804E-05 9.97804E-05 9.97804E-05 9.97804E-05 9.97804E-05
0.0012254 9.98336E-05 9.98336E-05 0.0645476 9.98336E-05 9.98336E-05 9.98336E-05 9.98336E-05 9.98336E-05 0.807807 9.98336E-05 9.98336E-05 9.98336E-05 9.98336E-05 9.98336E-05 0.022172 0.0489201 9.98336E-05 9.98336E-05 0.0244365 9.98336E-05 9.98336E-05 9.98336E-05 0.0231965 0.00579838 9.98336E-05 9.98336E-05
9.97723E-05 9.97723E-05 9.97723E-05 9.97723E-05 9.97723E-05 9.97723E-05 9.97723E-05 9.97723E-05 9.97723E-05 0.997406 9.97723E-05 9.97723E-05 9.97723E-05 9.97723E-05 9.97723E-05 9.97723E-05 9.97723E-05 9.97723E-05 9.97723E-05 9.97723E-05 9.97723E-05 9.97723E-05 9.97723E-05 9.97723E-05 9.97723E-05 9.97723E-05 9.97723E-05
9.97809E-05 9.97809E-05 9.97809E-05 9.97809E-05 9.97809E-05 9.97809E-05 9.97809E-05 9.97809E-05 9.97809E-05 0.984579 9.97809E-05 9.97809E-05 9.97809E-05 9.97809E-05 9.97809E-05 0.0129265 9.97809E-05 9.97809E-05 9.97809E-05 9.97809E-05 9.97809E-05 9.97809E-05 9.97809E-05 9.97809E-05 9.97809E-05 9.97809E-05 9.97809E-05
9.97809E-05 9.97809E-05 9.97809E-05 9.97809E-05 9.97809E-05 9.97809E-05 9.97809E-05 9.97809E-05 9.97809E-05 0.874756 9.97809E-05 0.122749 9.97809E-05 9.97809E-05 9.97809E-05 9.97809E-05 9.97809E-05 9.97809E-05 9.97809E-05 9.97809E-05 9.97809E-05 9.97809E-05 9.97809E-05 9.97809E-05 9.97809E-05 9.97809E-05 9.97809E-05
9.97984E-05 9.97984E-05 9.97984E-05 9.97984E-05 9.97984E-05 9.97984E-05 9.97984E-05 9.97984E-05 9.97984E-05 0.304844 9.97984E-05 9.97984E-05 9.97984E-05 9.97984E-05 9.97984E-05 0.181706 9.97984E-05 9.97984E-05 9.97984E-05 0.422784 9.97984E-05 9.97984E-05 9.97984E-05 9.97984E-05 0.0883709 9.97984E-05 9.97984E-05
9.97985E-05 9.97985E-05 9.97985E-05 9.97985E-05 9.97985E-05 9.97985E-05 9.97985E-05 9.97985E-05 9.97985E-05 9.97985E-05 9.97985E-05 9.97985E-05 9.97985E-05 0.294298 9.97985E-05 0.107671 9.97985E-05 9.97985E-05 9.97985E-05 9.97985E-05 0.564018 9.97985E-05 9.97985E-05 9.97985E-05 0.031718 9.97985E-05 9.97985E-05
9.97807E-05 9.97807E-05 9.97807E-05 9.97807E-05 9.97807E-05 9.97807E-05 9.97807E-05 9.97807E-05 9.97807E-05 9.97807E-05 9.97807E-05 9.97807E-05 9.97807E-05 9.97807E-05 9.97807E-05 9.97807E-05 9.97807E-05 9.97807E-05 9.97807E-05 0.745444 0.252062 9.97807E-05 9.97807E-05 9.97807E-05 9.97807E-05 9.97807E-05 9.97807E-05
9.98156E-05 9.98156E-05 9.98156E-05 9.98156E-05 9.98156E-05 9.98156E-05 9.98156E-05 0.00857942 9.98156E-05 9.98156E-05 0.00817191 9.98156E-05 9.98156E-05 0.0257986 0.0345706 0.026121 9.98156E-05 9.98156E-05 9.98156E-05 9.98156E-05 0.894662 9.98156E-05 9.98156E-05 9.98156E-05 9.98156E-05 9.98156E-05 9.98156E-05
0.0109522 9.98154E-05 9.98154E-05 9.98154E-05 9.98154E-05 9.98154E-05 9.98154E-05 0.104888 9.98154E-05 9.98154E-05 9.98154E-05 0.0113706 9.98154E-05 9.98154E-05 9.98154E-05 0.0210243 9.98154E-05 9.98154E-05 9.98154E-05 9.98154E-05 0.829506 9.98154E-05 9.98154E-05 9.98154E-05 0.0201622 9.98154E-05 9.98154E-05
9.98244E-05 9.98244E-05 9.98244E-05 9.98244E-05 0.0153055 9.98244E-05 9.98244E-05 9.98244E-05 9.98244E-05 9.98244E-05 0.0771279 9.98244E-05 9.98244E-05 0.273884 9.98244E-05 9.98244E-05 9.98244E-05 9.98244E-05 9.98244E-05 9.98244E-05 0.565146 0.00035951 0.0139188 9.98244E-05 0.0522615 9.98244E-05 9.98244E-05
9.98334E-05 9.98334E-05 9.98334E-05 9.98334E-05 9.98334E-05 0.041972 9.98334E-05 0.0158164 9.98334E-05 9.98334E-05 9.98334E-05 9.98334E-05 9.98334E-05 0.418462 9.98334E-05 0.10914 9.98334E-05 9.98334E-05 9.98334E-05 9.98334E-05 0.14101 9.98334E-05 0.12023 9.98334E-05 0.133018 0.0184557 9.98334E-05
0.0238788 9.97982E-05 9.97982E-05 9.97982E-05 9.97982E-05 9.97982E-05 9.97982E-05 9.97982E-05 9.97982E-05 9.97982E-05 9.97982E-05 9.97982E-05 9.97982E-05 9.97982E-05 9.97982E-05 9.97982E-05 9.97982E-05 9.97982E-05 9.97982E-05 9.97982E-05 0.874907 9.97982E-05 9.97982E-05 9.97982E-05 0.0249262 0.0739925 9.97982E-05
9.97894E-05 9.97894E-05 9.97894E-05 9.97894E-05 9.97894E-05 9.97894E-05 9.97894E-05 0.0200375 9.97894E-05 9.97894E-05 9.97894E-05 9.97894E-05 9.97894E-05 9.97894E-05 9.97894E-05 9.97894E-05 9.97894E-05 9.97894E-05 9.97894E-05 9.97894E-05 0.808322 9.97894E-05 9.97894E-05 9.97894E-05 0.169245 9.97894E-05 9.97894E-05
9.97893E-05 9.97893E-05 9.97893E-05 0.231919 9.97893E-05 9.97893E-05 9.97893E-05 9.97893E-05 9.97893E-05 9.97893E-05 9.97893E-05 9.97893E-05 9.97893E-05 9.97893E-05 9.97893E-05 9.97893E-05 9.97893E-05 9.97893E-05 9.97893E-05 9.97893E-05 0.435306 9.97893E-05 9.97893E-05 9.97893E-05 0.33038 9.97893E-05 9.97893E-05
9.98071E-05 9.98071E-05 9.98071E-05 9.98071E-05 9.98071E-05 9.98071E-05 9.98071E-05 9.98071E-05 9.98071E-05 9.98071E-05 0.0105355 9.98071E-05 9.98071E-05 9.98071E-05 9.98071E-05 0.301252 9.98071E-05 9.98071E-05 9.98071E-05 9.98071E-05 0.510781 9.98071E-05 9.98071E-05 9.98071E-05 0.13132 0.0439156 9.98071E-05
9.97983E-05 9.97983E-05 9.97983E-05 0.11109 9.97983E-05 0.477653 9.97983E-05 9.97983E-05 9.97983E-05 9.97983E-05 9.97983E-05 9.97983E-05 9.97983E-05 0.348353 9.97983E-05 9.97983E-05 9.97983E-05 9.97983E-05 9.97983E-05 9.97983E-05 0.060609 9.97983E-05 9.97983E-05 9.97983E-05 9.97983E-05 9.97983E-05 9.97983E-05
0.0104172 9.98245E-05 9.98245E-05 0.0537177 9.98245E-05 0.163415 9.98245E-05 9.98245E-05 9.98245E-05 9.98245E-05 9.98245E-05 9.98245E-05 9.98245E-05 0.494474 9.98245E-05 0.040258 9.98245E-05 9.98245E-05 9.98245E-05 9.98245E-05 0.166347 9.98245E-05 9.98245E-05 9.98245E-05 9.98245E-05 0.0693748 9.98245E-05
9.97898E-05 9.97898E-05 9.97898E-05 9.97898E-05 9.97898E-05 0.0734138 9.97898E-05 9.97898E-05 9.97898E-05 9.97898E-05 9.97898E-05 9.97898E-05 9.97898E-05 9.97898E-05 9.97898E-05 9.97898E-05 9.97898E-05 9.97898E-05 9.97898E-05 9.97898E-05 0.89024 9.97898E-05 9.97898E-05 9.97898E-05 0.0339508 9.97898E-05 9.97898E-05
9.98159E-05 9.98159E-05 9.98159E-05 9.98159E-05 9.98159E-05 0.192213 9.98159E-05 9.98159E-05 9.98159E-05 9.98159E-05 9.98159E-05 9.98159E-05 9.98159E-05 0.272103 9.98159E-05 0.212762 9.98159E-05 9.98159E-05 9.98159E-05 9.98159E-05 0.259829 9.98159E-05 9.98159E-05 9.98159E-05 0.0592119 0.00178507 9.98159E-05
0.00166794 9.98246E-05 9.98246E-05 9.98246E-05 9.98246E-05 9.98246E-05 9.98246E-05 9.98246E-05 9.98246E-05 9.98246E-05 9.98246E-05 0.126685 9.98246E-05 0.233472 9.98246E-05 9.98246E-05 9.98246E-05 9.98246E-05 0.017562 9.98246E-05 0.357602 9.98246E-05 9.98246E-05 9.98246E-05 0.0404341 0.22058 9.98246E-05
0.0095947 9.98421E-05 9.98421E-05 0.0177843 9.98421E-05 9.98421E-05 9.98421E-05 9.98421E-05 9.98421E-05 9.98421E-05 0.0323059 9.98421E-05 9.98421E-05 0.274624 9.98421E-05 0.0905513 9.98421E-05 9.98421E-05 9.98421E-05 0.0966411 0.392527 0.0318418 0.0523324 9.98421E-05 9.98421E-05 9.98421E-05 9.98421E-05
9.98245E-05 9.98245E-05 9.98245E-05 0.272417 9.98245E-05 0.059686 9.98245E-05 9.98245E-05 9.98245E-05 9.98245E-05 9.98245E-05 9.98245E-05 9.98245E-05 0.201373 9.98245E-05 0.0417063 9.98245E-05 9.98245E-05 9.98245E-05 9.98245E-05 0.366889 9.98245E-05 9.98245E-05 0.0466774 0.00925523 9.98245E-05 9.98245E-05
9.9816E-05 9.9816E-05 9.9816E-05 9.9816E-05 9.9816E-05 9.9816E-05 9.9816E-05 9.9816E-05 9.9816E-05 9.9816E-05 9.9816E-05 9.9816E-05 0.0944337 0.132107 9.9816E-05 9.9816E-05 9.9816E-05 9.9816E-05 9.9816E-05 0.0685264 0.539982 0.0313605 9.9816E-05 9.9816E-05 0.131495 9.9816E-05 9.9816E-05
0.00898246 9.97982E-05 9.97982E-05 9.97982E-05 9.97982E-05 9.97982E-05 9.97982E-05 9.97982E-05 9.97982E-05 9.97982E-05 9.97982E-05 9.97982E-05 9.97982E-05 0.470191 9.97982E-05 9.97982E-05 9.97982E-05 9.97982E-05 9.97982E-05 9.97982E-05 0.391779 9.97982E-05 9.97982E-05 9.97982E-05 9.97982E-05 0.126752 9.97982E-05
0.0400539 9.98334E-05 9.98334E-05 9.98334E-05 9.98334E-05 9.98334E-05 9.98334E-05 9.98334E-05 9.98334E-05 9.98334E-05 9.98334E-05 9.98334E-05 9.98334E-05 0.184441 9.98334E-05 0.0964381 9.98334E-05 9.98334E-05 0.0057129 0.264127 0.315701 9.98334E-05 9.98334E-05 0.0500459 0.0415829 9.98334E-05 9.98334E-05
9.98245E-05 9.98245E-05 9.98245E-05 0.0240634 9.98245E-05 9.98245E-05 9.98245E-05 0.0547997 9.98245E-05 9.98245E-05 0.00936504 9.98245E-05 9.98245E-05 0.59187 9.98245E-05 0.0479649 9.98245E-05 9.98245E-05 9.98245E-05 9.98245E-05 0.143369 9.98245E-05 9.98245E-05 9.98245E-05 9.98245E-05 0.126572 9.98245E-05
0.028358 9.98158E-05 9.98158E-05 9.98158E-05 9.98158E-05 0.0150277 9.98158E-05 9.98158E-05 9.98158E-05 9.98158E-05 9.98158E-05 9.98158E-05 9.98158E-05 0.334523 9.98158E-05 0.0167756 9.98158E-05 9.98158E-05 9.98158E-05 9.98158E-05 0.567485 9.98158E-05 9.98158E-05 9.98158E-05 0.0357353 9.98158E-05 9.98158E-05
9.98159E-05 9.98159E-05 9.98159E-05 9.98159E-05 9.98159E-05 9.98159E-05 9.98159E-05 0.060723 9.98159E-05 9.98159E-05 9.98159E-05 9.98159E-05 9.98159E-05 0.492306 9.98159E-05 0.189225 9.98159E-05 0.00625005 9.98159E-05 9.98159E-05 9.98159E-05 9.98159E-05 9.98159E-05 0.0596537 0.189746 9.98159E-05 9.98159E-05
0.0237484 9.98421E-05 9.98421E-05 9.98421E-05 9.98421E-05 0.086222 9.98421E-05 9.98421E-05 9.98421E-05 9.98421E-05 0.0106758 9.98421E-05 9.98421E-05 0.237713 9.98421E-05 0.0221928 9.98421E-05 9.98421E-05 9.98421E-05 0.0556541 0.40741 9.98421E-05 9.98421E-05 9.98421E-05 0.0655564 0.0890309 9.98421E-05
9.98158E-05 9.98158E-05 9.98158E-05 0.000173343 9.98158E-05 9.98158E-05 9.98158E-05 9.98158E-05 9.98158E-05 9.98158E-05 9.98158E-05 9.98158E-05 9.98158E-05 0.519349 9.98158E-05 0.218339 9.98158E-05 0.0289719 9.98158E-05 9.98158E-05 9.98158E-05 9.98158E-05 9.98158E-05 0.0289374 0.202134 9.98158E-05 9.98158E-05
9.98246E-05 9.98246E-05 9.98246E-05 0.00642825 9.98246E-05 0.425928 9.98246E-05 9.98246E-05 9.98246E-05 0.0774397 9.98246E-05 9.98246E-05 9.98246E-05 9.98246E-05 9.98246E-05 0.102141 9.98246E-05 9.98246E-05 0.0571844 9.98246E-05 0.18922 9.98246E-05 9.98246E-05 9.98246E-05 0.139663 9.98246E-05 9.98246E-05
9.98158E-05 9.98158E-05 9.98158E-05 9.98158E-05 0.0704136 9.98158E-05 9.98158E-05 9.98158E-05 9.98158E-05 9.98158E-05 0.0417848 9.98158E-05 9.98158E-05 0.023638 9.98158E-05 9.98158E-05 9.98158E-05 9.98158E-05 9.98158E-05 0.368254 9.98158E-05 9.98158E-05 9.98158E-05 9.98158E-05 9.98158E-05 0.465807 0.0280064
9.98067E-05 0.0194875 9.98067E-05 9.98067E-05 9.98067E-05 9.98067E-05 9.98067E-05 9.98067E-05 9.98067E-05 9.98067E-05 9.98067E-05 9.98067E-05 9.98067E-05 9.98067E-05 0.0170216 0.0230844 9.98067E-05 9.98067E-05 9.98067E-05 9.98067E-05 0.906809 9.98067E-05 9.98067E-05 9.98067E-05 0.0314015 9.98067E-05 9.98067E-05
9.97984E-05 9.97984E-05 9.97984E-05 9.97984E-05 9.97984E-05 9.97984E-05 9.97984E-05 9.97984E-05 9.97984E-05 9.97984E-05 9.97984E-05 9.97984E-05 9.97984E-05 0.468759 9.97984E-05 0.132706 9.97984E-05 9.97984E-05 9.97984E-05 9.97984E-05 0.205644 9.97984E-05 9.97984E-05 9.97984E-05 0.190596 9.97984E-05 9.97984E-05
9.98157E-05 9.98157E-05 9.98157E-05 9.98157E-05 9.98157E-05 9.98157E-05 9.98157E-05 0.0931465 9.98157E-05 9.98157E-05 0.0798273 9.98157E-05 9.98157E-05 0.28316 9.98157E-05 0.077581 9.98157E-05 9.98157E-05 9.98157E-05 9.98157E-05 0.0874519 9.98157E-05 9.98157E-05 9.98157E-05 9.98157E-05 0.376737 9.98157E-05
0.00417392 9.9807E-05 9.9807E-05 9.9807E-05 9.9807E-05 0.133699 9.9807E-05 9.9807E-05 9.9807E-05 9.9807E-05 9.9807E-05 9.9807E-05 9.9807E-05 9.9807E-05 9.9807E-05 0.140992 9.9807E-05 0.0474679 9.9807E-05 9.9807E-05 0.671471 9.9807E-05 9.9807E-05 9.9807E-05 9.9807E-05 9.9807E-05 9.9807E-05
0.00739017 9.98069E-05 9.98069E-05 9.98069E-05 9.98069E-05 9.98069E-05 9.98069E-05 9.98069E-05 9.98069E-05 9.98069E-05 9.98069E-05 9.98069E-05 9.98069E-05 9.98069E-05 9.98069E-05 9.98069E-05 9.98069E-05 9.98069E-05 0.0505876 9.98069E-05 0.819116 9.98069E-05 9.98069E-05 0.0324534 9.98069E-05 0.0882568 9.98069E-05
9.98244E-05 9.98244E-05 9.98244E-05 9.98244E-05 9.98244E-05 9.98244E-05 9.98244E-05 0.10479 9.98244E-05 9.98244E-05 0.0484044 9.98244E-05 9.98244E-05 0.0466573 9.98244E-05 0.137722 9.98244E-05 9.98244E-05 9.98244E-05 9.98244E-05 0.34038 9.98244E-05 9.98244E-05 0.0872682 0.232781 9.98244E-05 9.98244E-05
9.97804E-05 9.97804E-05 9.97804E-05 9.97804E-05 9.97804E-05 9.97804E-05 9.97804E-05 9.97804E-05 9.97804E-05 9.97804E-05 9.97804E-05 9.97804E-05 0.0716265 9.97804E-05 9.97804E-05 9.97804E-05 9.97804E-05 9.97804E-05 9.97804E-05 9.97804E-05 0.925879 9.97804E-05 9.97804E-05 9.97804E-05 9.97804E-05 9.97804E-05 9.97804E-05
9.97897E-05 9.97897E-05 9.97897E-05 9.97897E-05 9.97897E-05 9.97897E-05 9.97897E-05 9.97897E-05 9.97897E-05 9.97897E-05 9.97897E-05 9.97897E-05 9.97897E-05 9.97897E-05 9.97897E-05 9.97897E-05 9.97897E-05 9.97897E-05 9.97897E-05 9.97897E-05 0.890539 9.97897E-05 0.0595986 9.97897E-05 9.97897E-05 0.047467 9.97897E-05
0.0262632 9.98157E-05 9.98157E-05 9.98157E-05 9.98157E-05 0.214546 9.98157E-05 9.98157E-05 9.98157E-05 9.98157E-05 9.98157E-05 9.98157E-05 0.0230942 0.394274 9.98157E-05 9.98157E-05 9.98157E-05 9.98157E-05 9.98157E-05 9.98157E-05 0.260247 9.98157E-05 0.0794803 9.98157E-05 9.98157E-05 9.98157E-05 9.98157E-05
9.98068E-05 9.98068E-05 9.98068E-05 9.98068E-05 9.98068E-05 9.98068E-05 9.98068E-05 9.98068E-05 9.98068E-05 9.98068E-05 9.98068E-05 0.0266525 9.98068E-05 0.0268784 9.98068E-05 0.156552 9.98068E-05 9.98068E-05 9.98068E-05 9.98068E-05 0.714477 9.98068E-05 9.98068E-05 9.98068E-05 0.0732453 9.98068E-05 9.98068E-05
9.98157E-05 9.98157E-05 9.98157E-05 9.98157E-05 9.98157E-05 0.355509 9.98157E-05 9.98157E-05 9.98157E-05 9.98157E-05 9.98157E-05 0.00925579 9.98157E-05 0.180497 9.98157E-05 9.98157E-05 9.98157E-05 9.98157E-05 9.98157E-05 9.98157E-05 9.98157E-05 9.98157E-05 0.0137619 9.98157E-05 0.0606327 0.378247 9.98157E-05
0.0296829 9.98072E-05 9.98072E-05 9.98072E-05 9.98072E-05 9.98072E-05 9.98072E-05 9.98072E-05 9.98072E-05 9.98072E-05 9.98072E-05 0.000545109 9.98072E-05 0.422849 9.98072E-05 0.0340996 9.98072E-05 9.98072E-05 9.98072E-05 9.98072E-05 9.98072E-05 9.98072E-05 9.98072E-05 9.98072E-05 9.98072E-05 0.510627 9.98072E-05
0.0123217 9.97896E-05 9.97896E-05 9.97896E-05 9.97896E-05 9.97896E-05 9.97896E-05 9.97896E-05 9.97896E-05 9.97896E-05 9.97896E-05 9.97896E-05 9.97896E-05 9.97896E-05 9.97896E-05 9.97896E-05 9.97896E-05 9.97896E-05 9.97896E-05 9.97896E-05 0.180092 9.97896E-05 9.97896E-05 9.97896E-05 9.97896E-05 0.805192 9.97896E-05
