0.0671914 0.293875 9.99297E-05 0.184233 9.99297E-05 0.10906 9.99297E-05 9.99297E-05 9.99297E-05 0.0439715 0.30087 9.99297E-05 9.99297E-05 9.99297E-05
0.132938 0.617532 9.9921E-05 9.9921E-05 9.9921E-05 9.9921E-05 9.9921E-05 0.057986 9.9921E-05 9.9921E-05 0.0896005 0.101045 9.9921E-05 9.9921E-05
9.99297E-05 0.823474 9.99297E-05 0.0532958 9.99297E-05 0.0608323 9.99297E-05 9.99297E-05 0.00629972 0.0223964 0.0329028 9.99297E-05 9.99297E-05 9.99297E-05
0.0324891 0.164603 9.99561E-05 0.234227 0.25348 0.181005 9.99561E-05 9.99561E-05 0.095254 9.99561E-05 0.00721346 9.99561E-05 0.0275195 0.0037093
9.9921E-05 0.858676 9.9921E-05 9.9921E-05 9.9921E-05 9.9921E-05 9.9921E-05 0.0204606 0.116969 9.9921E-05 9.9921E-05 0.00262769 0.000367421 9.9921E-05
9.99473E-05 0.233492 9.99473E-05 0.100582 0.122718 9.99473E-05 9.99473E-05 9.99473E-05 0.135838 9.99473E-05 0.121713 0.0850661 0.143571 0.0564205
0.12126 0.25991 9.99474E-05 0.144119 0.196476 0.0677077 0.0162851 9.99474E-05 9.99474E-05 9.99474E-05 0.0802941 0.113348 9.99474E-05 9.99474E-05
9.99474E-05 0.140595 0.0321958 0.250889 0.106552 9.99474E-05 0.0933599 9.99474E-05 0.156321 9.99474E-05 0.106825 9.99474E-05 0.112662 9.99474E-05
9.99297E-05 0.281639 9.99297E-05 0.0669167 9.99297E-05 0.291742 9.99297E-05 9.99297E-05 0.00758664 0.18055 9.99297E-05 9.99297E-05 0.170766 9.99297E-05
9.98946E-05 0.853591 9.98946E-05 9.98946E-05 9.98946E-05 0.14521 9.98946E-05 9.98946E-05 9.98946E-05 9.98946E-05 9.98946E-05 9.98946E-05 9.98946E-05 9.98946E-05
0.190808 0.434074 9.99298E-05 0.00552403 9.99298E-05 0.20804 9.99298E-05 9.99298E-05 9.99298E-05 9.99298E-05 0.0967927 9.99298E-05 0.0639614 9.99298E-05
0.0205094 0.89139 9.99122E-05 9.99122E-05 0.0652255 9.99122E-05 0.021876 9.99122E-05 9.99122E-05 9.99122E-05 9.99122E-05 9.99122E-05 9.99122E-05 9.99122E-05
9.99122E-05 0.71766 9.99122E-05 0.0949431 9.99122E-05 0.147511 9.99122E-05 9.99122E-05 9.99122E-05 9.99122E-05 9.99122E-05 9.99122E-05 0.0388867 9.99122E-05
0.0624531 0.530285 9.99298E-05 0.0711734 9.99298E-05 0.0980348 0.0449085 9.99298E-05 9.99298E-05 9.99298E-05 9.99298E-05 9.99298E-05 9.99298E-05 0.192346
9.99473E-05 0.229324 9.99473E-05 0.0568513 0.0515446 0.149755 9.99473E-05 9.99473E-05 9.99473E-05 0.0982235 0.221605 9.99473E-05 0.146003 0.0460937
9.99385E-05 0.189051 9.99385E-05 0.0652126 0.230621 0.12364 0.0507586 9.99385E-05 9.99385E-05 9.99385E-05 0.171632 9.99385E-05 0.168385 9.99385E-05
0.0640574 0.576128 9.99386E-05 9.99386E-05 0.0532284 0.0898631 0.0205946 9.99386E-05 9.99386E-05 9.99386E-05 9.99386E-05 0.134178 9.99386E-05 0.0612508
9.99474E-05 0.0906331 0.105714 0.165948 0.0228823 0.152381 9.99474E-05 0.178246 9.99474E-05 0.0886881 0.194909 9.99474E-05 9.99474E-05 9.99474E-05
0.0208937 0.331407 0.0288181 0.187086 0.102019 0.2253 9.99385E-05 9.99385E-05 9.99385E-05 9.99385E-05 9.99385E-05 9.99385E-05 0.103777 9.99385E-05
9.99035E-05 0.914233 9.99035E-05 9.99035E-05 9.99035E-05 0.0665891 9.99035E-05 0.0180794 9.99035E-05 9.99035E-05 9.99035E-05 9.99035E-05 9.99035E-05 9.99035E-05
0.0878465 0.370636 9.99561E-05 0.0301983 0.159943 0.0658553 0.00406992 9.99561E-05 0.102141 0.0537067 9.99561E-05 9.99561E-05 0.125104 9.99561E-05
9.99211E-05 0.157435 9.99211E-05 0.525047 0.0744902 9.99211E-05 9.99211E-05 9.99211E-05 0.121077 9.99211E-05 9.99211E-05 9.99211E-05 0.121051 9.99211E-05
0.0359634 0.550039 9.99298E-05 9.99298E-05 9.99298E-05 0.079074 9.99298E-05 0.0530781 9.99298E-05 0.0197219 0.261324 9.99298E-05 9.99298E-05 9.99298E-05
9.99298E-05 0.254999 9.99298E-05 0.376624 9.99298E-05 0.241146 0.0287065 9.99298E-05 9.99298E-05 0.0395937 0.0581321 9.99298E-05 9.99298E-05 9.99298E-05
0.0315005 0.240088 9.99561E-05 0.16418 0.000721092 0.306358 9.99561E-05 0.101527 9.99561E-05 0.020676 9.99561E-05 9.99561E-05 0.0685361 0.0659145
9.99298E-05 0.662765 9.99298E-05 0.10917 0.0497873 0.157309 9.99298E-05 9.99298E-05 9.99298E-05 9.99298E-05 9.99298E-05 9.99298E-05 0.0101011 0.0100681
9.99297E-05 0.00446862 0.129109 0.490857 9.99297E-05 0.152181 0.0392164 9.99297E-05 9.99297E-05 9.99297E-05 9.99297E-05 9.99297E-05 9.99297E-05 0.183368
9.9921E-05 0.67671 0.0748296 0.113473 0.0103454 0.123743 9.9921E-05 9.9921E-05 9.9921E-05 9.9921E-05 9.9921E-05 9.9921E-05 9.9921E-05 9.9921E-05
0.0217881 0.493807 9.99298E-05 0.113205 9.99298E-05 0.241875 9.99298E-05 0.00530457 9.99298E-05 9.99298E-05 0.123222 9.99298E-05 9.99298E-05 9.99298E-05
0.0347494 0.724631 9.99473E-05 9.99473E-05 9.99473E-05 0.0945476 0.000167617 9.99473E-05 9.99473E-05 0.0476053 9.99473E-05 0.00916682 0.0118987 0.0766341
0.122931 0.547673 0.0104569 9.99386E-05 0.177651 0.00726263 9.99386E-05 9.99386E-05 9.99386E-05 9.99386E-05 0.0417617 9.99386E-05 0.0915643 9.99386E-05
0.0934423 0.500403 9.99474E-05 0.0679179 9.99474E-05 0.124381 9.99474E-05 9.99474E-05 0.15436 9.99474E-05 0.0465437 9.99474E-05 0.00571131 0.00664133
0.0647214 0.355302 9.99298E-05 0.178405 9.99298E-05 0.199754 0.0781406 9.99298E-05 9.99298E-05 9.99298E-05 0.122878 9.99298E-05 9.99298E-05 9.99298E-05
0.0268577 0.445794 0.0392425 0.0721409 9.99473E-05 0.17342 0.00159873 9.99473E-05 9.99473E-05 0.0181268 9.99473E-05 9.99473E-05 9.99473E-05 0.222219
0.0590793 0.715471 9.99298E-05 0.0259754 9.99298E-05 0.0417609 9.99298E-05 0.0674412 9.99298E-05 9.99298E-05 9.99298E-05 0.0894731 9.99298E-05 9.99298E-05
0.000457653 0.58476 9.99561E-05 0.114745 0.0755123 0.0395012 9.99561E-05 0.0547971 9.99561E-05 0.00841601 0.0970004 9.99561E-05 0.0243108 9.99561E-05
9.99298E-05 0.806039 9.99298E-05 0.0056306 0.0342907 9.99298E-05 0.0808052 0.0571398 9.99298E-05 9.99298E-05 9.99298E-05 0.0152949 9.99298E-05 9.99298E-05
9.9921E-05 0.642171 9.9921E-05 9.9921E-05 9.9921E-05 0.144791 9.9921E-05 0.0499961 9.9921E-05 9.9921E-05 9.9921E-05 0.0215742 0.140569 9.9921E-05
0.0175117 0.509875 9.99474E-05 0.00944357 9.99474E-05 0.194619 9.99474E-05 9.99474E-05 0.0348085 9.99474E-05 9.99474E-05 0.123296 0.00646593 0.103381
9.9921E-05 0.516832 9.9921E-05 0.0328139 9.9921E-05 0.189915 0.16446 9.9921E-05 9.9921E-05 9.9921E-05 9.9921E-05 9.9921E-05 9.9921E-05 0.0950802
0.0102545 0.7536 9.9921E-05 0.153559 0.00366875 0.0780182 9.9921E-05 9.9921E-05 9.9921E-05 9.9921E-05 9.9921E-05 9.9921E-05 9.9921E-05 9.9921E-05
9.99211E-05 0.577996 9.99211E-05 0.30619 9.99211E-05 0.0983023 9.99211E-05 9.99211E-05 9.99211E-05 0.00913606 9.99211E-05 9.99211E-05 0.00747701 9.99211E-05
9.9921E-05 0.745958 9.9921E-05 0.0499561 0.0500272 9.9921E-05 9.9921E-05 9.9921E-05 9.9921E-05 9.9921E-05 9.9921E-05 0.108371 9.9921E-05 0.0447888
0.0468546 0.323533 9.99473E-05 0.0776791 9.99473E-05 0.190904 9.99473E-05 9.99473E-05 9.99473E-05 0.0615409 0.192635 0.00760023 0.0986537 9.99473E-05
9.99123E-05 0.193518 9.99123E-05 0.531834 0.140197 0.133452 9.99123E-05 9.99123E-05 9.99123E-05 9.99123E-05 9.99123E-05 9.99123E-05 9.99123E-05 9.99123E-05
9.9921E-05 0.814757 9.9921E-05 0.0554954 9.9921E-05 0.0604025 0.002643 0.065803 9.9921E-05 9.9921E-05 9.9921E-05 9.9921E-05 9.9921E-05 9.9921E-05
0.0369459 0.774937 0.0487635 0.00277333 0.00321367 0.123977 9.99385E-05 9.99385E-05 9.99385E-05 9.99385E-05 9.99385E-05 9.99385E-05 0.00869045 9.99385E-05
9.99123E-05 0.862063 9.99123E-05 9.99123E-05 9.99123E-05 0.0362471 0.0143493 9.99123E-05 9.99123E-05 9.99123E-05 0.0863412 9.99123E-05 9.99123E-05 9.99123E-05
0.0396819 0.590727 9.99297E-05 0.140941 0.0274394 0.156952 9.99297E-05 9.99297E-05 9.99297E-05 9.99297E-05 0.0434591 9.99297E-05 9.99297E-05 9.99297E-05
0.0811477 0.697061 0.112411 9.993E-05 9.993E-05 9.993E-05 0.015928 0.0174748 9.993E-05 9.993E-05 9.993E-05 9.993E-05 0.0751776 9.993E-05
0.122591 0.263793 9.99561E-05 0.116827 9.99561E-05 0.263625 9.99561E-05 0.0403033 0.00910161 0.0897349 9.99561E-05 9.99561E-05 0.0739028 0.0196218
9.9921E-05 0.577097 9.9921E-05 0.271304 9.9921E-05 9.9921E-05 9.9921E-05 0.0257336 0.0290321 0.0959339 9.9921E-05 9.9921E-05 9.9921E-05 9.9921E-05
9.99298E-05 0.807334 0.0795908 0.0428318 9.99298E-05 0.00163639 9.99298E-05 9.99298E-05 9.99298E-05 9.99298E-05 9.99298E-05 0.0347893 0.033018 9.99298E-05
9.99211E-05 0.546418 9.99211E-05 9.99211E-05 9.99211E-05 0.0727515 0.201492 9.99211E-05 0.0674294 9.99211E-05 0.11101 9.99211E-05 9.99211E-05 9.99211E-05
0.00410886 0.6675 9.99299E-05 9.99299E-05 9.99299E-05 0.063809 9.99299E-05 0.0850052 0.118445 0.0603324 9.99299E-05 9.99299E-05 9.99299E-05 9.99299E-05
0.00907006 0.680298 9.99473E-05 0.00095721 9.99473E-05 9.99473E-05 0.00498249 0.0715585 0.0895161 9.99473E-05 0.0715815 9.99473E-05 9.99473E-05 0.0714368
0.025471 0.681084 0.0925466 0.0853596 0.012975 0.0137564 9.99385E-05 9.99385E-05 9.99385E-05 9.99385E-05 9.99385E-05 0.0881075 9.99385E-05 9.99385E-05
0.0982192 0.690238 9.99211E-05 0.0379931 0.066284 0.106366 9.99211E-05 9.99211E-05 9.99211E-05 9.99211E-05 9.99211E-05 9.99211E-05 9.99211E-05 9.99211E-05
0.0439959 0.874728 9.99297E-05 9.99297E-05 9.99297E-05 0.0131349 0.0195888 9.99297E-05 0.0127541 9.99297E-05 9.99297E-05 9.99297E-05 0.034999 9.99297E-05
0.0272035 9.99297E-05 9.99297E-05 0.0551385 9.99297E-05 0.0918654 9.99297E-05 9.99297E-05 9.99297E-05 9.99297E-05 0.719674 0.0674349 0.0378846 9.99297E-05
9.98948E-05 9.98948E-05 9.98948E-05 9.98948E-05 0.0236487 9.98948E-05 9.98948E-05 9.98948E-05 9.98948E-05 9.98948E-05 0.975153 9.98948E-05 9.98948E-05 9.98948E-05
9.9886E-05 9.9886E-05 9.9886E-05 9.9886E-05 9.9886E-05 9.9886E-05 9.9886E-05 9.9886E-05 9.9886E-05 9.9886E-05 0.998701 9.9886E-05 9.9886E-05 9.9886E-05
0.0401709 9.99473E-05 0.0570756 9.99473E-05 0.0134725 0.0880932 0.0161535 9.99473E-05 9.99473E-05 9.99473E-05 0.37623 0.245521 0.162684 9.99473E-05
9.99384E-05 9.99384E-05 0.0321979 0.0862698 0.025221 0.0518986 9.99384E-05 0.0748703 9.99384E-05 9.99384E-05 0.662563 9.99384E-05 0.0662798 9.99384E-05
9.99296E-05 9.99296E-05 0.00840319 0.116434 9.99296E-05 0.157501 9.99296E-05 9.99296E-05 9.99296E-05 0.0672571 0.64038 9.99296E-05 0.00922505 9.99296E-05
0.0314935 9.99209E-05 9.99209E-05 9.99209E-05 0.00576339 0.145816 9.99209E-05 9.99209E-05 9.99209E-05 9.99209E-05 0.569786 0.246242 9.99209E-05 9.99209E-05
9.99208E-05 9.99208E-05 0.154595 9.99208E-05 9.99208E-05 0.0686622 9.99208E-05 9.99208E-05 9.99208E-05 9.99208E-05 0.625262 0.0774756 0.073106 9.99208E-05
9.99034E-05 9.99034E-05 9.99034E-05 9.99034E-05 9.99034E-05 9.99034E-05 9.99034E-05 9.99034E-05 9.99034E-05 9.99034E-05 0.930557 0.0619925 0.00635141 9.99034E-05
0.067887 9.99033E-05 9.99033E-05 9.99033E-05 9.99033E-05 0.0492547 9.99033E-05 9.99033E-05 9.99033E-05 9.99033E-05 0.881759 9.99033E-05 9.99033E-05 9.99033E-05
0.169248 9.99121E-05 9.99121E-05 9.99121E-05 9.99121E-05 0.314297 9.99121E-05 9.99121E-05 9.99121E-05 9.99121E-05 0.506249 9.99121E-05 0.00920713 9.99121E-05
0.0784397 9.99472E-05 9.99472E-05 0.190223 0.0797419 0.0342575 0.0979918 9.99472E-05 9.99472E-05 9.99472E-05 0.450522 0.0679562 0.000267576 9.99472E-05
0.0540916 9.99296E-05 9.99296E-05 9.99296E-05 0.0428282 9.99296E-05 9.99296E-05 0.0723763 0.1725 9.99296E-05 0.480171 9.99296E-05 0.177234 9.99296E-05
9.99209E-05 9.99209E-05 9.99209E-05 0.204951 9.99209E-05 0.233451 9.99209E-05 9.99209E-05 0.000883445 9.99209E-05 0.513039 0.0467761 9.99209E-05 9.99209E-05
0.0811498 9.99124E-05 9.99124E-05 0.0264236 9.99124E-05 9.99124E-05 0.0134088 9.99124E-05 9.99124E-05 9.99124E-05 0.878019 9.99124E-05 9.99124E-05 9.99124E-05
0.0451431 9.99123E-05 9.99123E-05 9.99123E-05 9.99123E-05 9.99123E-05 9.99123E-05 0.00271139 9.99123E-05 9.99123E-05 0.925476 9.99123E-05 0.0256699 9.99123E-05
9.99296E-05 9.99296E-05 0.0618617 9.99296E-05 0.0788313 0.000190254 0.098629 9.99296E-05 9.99296E-05 9.99296E-05 0.720478 0.0392106 9.99296E-05 9.99296E-05
0.108927 9.99209E-05 9.99209E-05 0.131086 0.110626 9.99209E-05 9.99209E-05 9.99209E-05 9.99209E-05 9.99209E-05 0.570114 9.99209E-05 0.0783484 9.99209E-05
0.0279826 9.99209E-05 0.0814523 9.99209E-05 0.00839204 9.99209E-05 9.99209E-05 9.99209E-05 9.99209E-05 9.99209E-05 0.856855 9.99209E-05 0.0244185 9.99209E-05
0.0187201 9.9912E-05 9.9912E-05 9.9912E-05 9.9912E-05 0.275142 0.0762381 9.9912E-05 9.9912E-05 9.9912E-05 0.6289 9.9912E-05 9.9912E-05 9.9912E-05
9.99124E-05 9.99124E-05 9.99124E-05 9.99124E-05 9.99124E-05 0.0713099 0.0188345 9.99124E-05 0.00210689 9.99124E-05 0.90675 9.99124E-05 9.99124E-05 9.99124E-05
9.99033E-05 9.99033E-05 9.99033E-05 0.26596 9.99033E-05 0.0825172 9.99033E-05 9.99033E-05 9.99033E-05 9.99033E-05 0.650424 9.99033E-05 9.99033E-05 9.99033E-05
9.9921E-05 9.9921E-05 9.9921E-05 0.10312 9.9921E-05 0.0565265 9.9921E-05 9.9921E-05 9.9921E-05 9.9921E-05 0.648352 0.0550368 9.9921E-05 0.136065
0.0691908 9.9921E-05 0.0800797 9.9921E-05 0.0812844 0.0344259 9.9921E-05 9.9921E-05 9.9921E-05 9.9921E-05 0.73412 9.9921E-05 9.9921E-05 9.9921E-05
0.100921 9.99208E-05 9.99208E-05 0.0104142 9.99208E-05 0.0376933 9.99208E-05 9.99208E-05 9.99208E-05 9.99208E-05 0.849186 9.99208E-05 0.000885957 9.99208E-05
9.99211E-05 9.99211E-05 9.99211E-05 9.99211E-05 9.99211E-05 0.0286293 9.99211E-05 0.0191891 9.99211E-05 9.99211E-05 0.938191 0.000878977 0.0122126 9.99211E-05
9.98859E-05 9.98859E-05 9.98859E-05 9.98859E-05 9.98859E-05 9.98859E-05 9.98859E-05 9.98859E-05 9.98859E-05 9.98859E-05 0.998701 9.98859E-05 9.98859E-05 9.98859E-05
9.98947E-05 9.98947E-05 9.98947E-05 9.98947E-05 9.98947E-05 0.017406 9.98947E-05 9.98947E-05 9.98947E-05 9.98947E-05 0.981395 9.98947E-05 9.98947E-05 9.98947E-05
9.99035E-05 9.99035E-05 0.095081 9.99035E-05 9.99035E-05 9.99035E-05 9.99035E-05 9.99035E-05 9.99035E-05 9.99035E-05 0.848591 9.99035E-05 0.0552288 9.99035E-05
9.99211E-05 9.99211E-05 9.99211E-05 9.99211E-05 9.99211E-05 0.115326 9.99211E-05 9.99211E-05 9.99211E-05 9.99211E-05 0.749625 0.0304493 0.0872264 0.016474
9.99122E-05 9.99122E-05 9.99122E-05 9.99122E-05 9.99122E-05 0.143197 9.99122E-05 9.99122E-05 0.0265936 9.99122E-05 9.99122E-05 9.99122E-05 0.190624 0.638587
9.99036E-05 9.99036E-05 9.99036E-05 9.99036E-05 9.99036E-05 0.106297 9.99036E-05 9.99036E-05 9.99036E-05 9.99036E-05 9.99036E-05 9.99036E-05 0.0195873 0.873017
9.99209E-05 9.99209E-05 0.0328501 0.0254308 9.99209E-05 0.218007 9.99209E-05 9.99209E-05 0.0796552 9.99209E-05 9.99209E-05 9.99209E-05 9.99209E-05 0.643157
0.097884 9.99296E-05 0.00992329 9.99296E-05 9.99296E-05 0.234252 9.99296E-05 0.0141285 9.99296E-05 9.99296E-05 9.99296E-05 9.99296E-05 0.125254 0.517758
0.0376823 9.99296E-05 0.0618655 9.99296E-05 9.99296E-05 0.0276044 9.99296E-05 9.99296E-05 9.99296E-05 0.0546546 9.99296E-05 9.99296E-05 0.202207 0.615186
9.99209E-05 9.99209E-05 9.99209E-05 9.99209E-05 0.0155013 0.221739 9.99209E-05 9.99209E-05 9.99209E-05 9.99209E-05 9.99209E-05 0.0418925 0.192209 0.527759
0.0574641 9.99297E-05 0.043309 0.115672 9.99297E-05 0.129465 9.99297E-05 9.99297E-05 9.99297E-05 9.99297E-05 9.99297E-05 9.99297E-05 0.127408 0.525882
9.99121E-05 9.99121E-05 0.00197233 9.99121E-05 9.99121E-05 0.087442 9.99121E-05 9.99121E-05 9.99121E-05 9.99121E-05 9.99121E-05 9.99121E-05 0.297095 0.612492
0.0606134 9.99385E-05 9.99385E-05 0.021778 9.99385E-05 0.0652197 0.00188585 9.99385E-05 9.99385E-05 9.99385E-05 9.99385E-05 0.26976 0.377531 0.202512
9.99209E-05 9.99209E-05 0.0913947 0.10594 9.99209E-05 0.252597 9.99209E-05 9.99209E-05 9.99209E-05 9.99209E-05 9.99209E-05 9.99209E-05 0.260871 0.288299
9.99035E-05 9.99035E-05 9.99035E-05 9.99035E-05 9.99035E-05 9.99035E-05 9.99035E-05 9.99035E-05 9.99035E-05 9.99035E-05 9.99035E-05 0.258989 0.104435 0.635478
0.00300233 9.99297E-05 9.99297E-05 9.99297E-05 9.99297E-05 0.0573982 9.99297E-05 0.0375216 9.99297E-05 9.99297E-05 9.99297E-05 0.163336 0.00360419 0.734338
9.99034E-05 9.99034E-05 0.008406 9.99034E-05 9.99034E-05 9.99034E-05 9.99034E-05 9.99034E-05 9.99034E-05 9.99034E-05 9.99034E-05 9.99034E-05 0.166992 0.823503
9.99035E-05 9.99035E-05 9.99035E-05 9.99035E-05 9.99035E-05 0.215922 9.99035E-05 9.99035E-05 9.99035E-05 9.99035E-05 9.99035E-05 9.99035E-05 0.232475 0.550504
9.99298E-05 9.99298E-05 0.152603 9.99298E-05 9.99298E-05 0.0475364 0.0592288 0.0339757 9.99298E-05 9.99298E-05 9.99298E-05 9.99298E-05 0.111038 0.594819
0.128149 9.99473E-05 9.99473E-05 0.0443063 0.102653 0.0650355 9.99473E-05 0.00519898 9.99473E-05 9.99473E-05 9.99473E-05 0.14935 0.0675145 0.437194
9.99209E-05 9.99209E-05 9.99209E-05 9.99209E-05 9.99209E-05 0.136374 9.99209E-05 0.0447799 9.99209E-05 9.99209E-05 9.99209E-05 0.24876 0.0828156 0.486372
0.000990891 9.99211E-05 9.99211E-05 0.184229 9.99211E-05 9.99211E-05 9.99211E-05 9.99211E-05 0.0775121 9.99211E-05 9.99211E-05 9.99211E-05 0.138695 0.597674
0.118638 9.99297E-05 9.99297E-05 0.0763636 9.99297E-05 9.99297E-05 9.99297E-05 0.0516076 0.000494015 9.99297E-05 9.99297E-05 9.99297E-05 0.0345532 0.717544
0.010045 9.99298E-05 9.99298E-05 9.99298E-05 9.99298E-05 0.141898 9.99298E-05 0.0939124 9.99298E-05 9.99298E-05 0.0246903 9.99298E-05 0.113665 0.61499
9.99209E-05 9.99209E-05 9.99209E-05 9.99209E-05 9.99209E-05 0.133815 9.99209E-05 9.99209E-05 0.0662662 9.99209E-05 9.99209E-05 0.111848 0.0571736 0.629997
0.0379881 9.99209E-05 0.0392477 9.99209E-05 9.99209E-05 0.0757274 9.99209E-05 9.99209E-05 9.99209E-05 9.99209E-05 9.99209E-05 9.99209E-05 0.100662 0.745475
9.99297E-05 9.99297E-05 9.99297E-05 9.99297E-05 9.99297E-05 0.30354 9.99297E-05 0.0895962 0.0214725 9.99297E-05 9.99297E-05 0.0362992 0.31009 0.238202
0.030036 9.9921E-05 9.9921E-05 9.9921E-05 9.9921E-05 0.118514 9.9921E-05 9.9921E-05 9.9921E-05 0.0403139 9.9921E-05 9.9921E-05 0.161031 0.649206
0.0103929 9.99561E-05 9.99561E-05 9.99561E-05 0.0389267 0.303866 9.99561E-05 0.0485319 0.0304118 0.0181605 9.99561E-05 0.0035185 0.35757 0.188122
9.99386E-05 9.99386E-05 0.0162164 0.0481482 9.99386E-05 0.113255 0.135359 9.99386E-05 9.99386E-05 9.99386E-05 9.99386E-05 0.0447781 0.169648 0.471896
9.99037E-05 9.99037E-05 9.99037E-05 9.99037E-05 9.99037E-05 0.0388551 9.99037E-05 9.99037E-05 9.99037E-05 0.165429 9.99037E-05 9.99037E-05 9.99037E-05 0.794617
9.99296E-05 9.99296E-05 9.99296E-05 9.99296E-05 0.0245097 0.211088 9.99296E-05 0.0580177 0.0413921 9.99296E-05 9.99296E-05 9.99296E-05 0.127128 0.537065
9.99123E-05 9.99123E-05 9.99123E-05 9.99123E-05 9.99123E-05 0.244439 9.99123E-05 9.99123E-05 9.99123E-05 9.99123E-05 9.99123E-05 0.0575961 0.263433 0.433533
0.0322696 9.9921E-05 0.0300756 9.9921E-05 9.9921E-05 0.209597 9.9921E-05 0.029608 9.9921E-05 9.9921E-05 9.9921E-05 9.9921E-05 9.9921E-05 0.69755
0.0764664 9.99298E-05 9.99298E-05 0.00666204 9.99298E-05 0.221403 0.0364984 9.99298E-05 9.99298E-05 9.99298E-05 9.99298E-05 9.99298E-05 0.0654885 0.592682
0.0750727 9.99121E-05 9.99121E-05 9.99121E-05 9.99121E-05 0.190056 0.0246417 9.99121E-05 9.99121E-05 9.99121E-05 9.99121E-05 9.99121E-05 9.99121E-05 0.70923
0.00646611 9.99385E-05 9.99385E-05 9.99385E-05 9.99385E-05 0.211736 9.99385E-05 0.203713 0.0684012 0.00972505 9.99385E-05 9.99385E-05 0.375202 0.124057
0.0039225 9.99297E-05 9.99297E-05 0.280507 9.99297E-05 0.070011 9.99297E-05 0.067567 9.99297E-05 9.99297E-05 9.99297E-05 9.99297E-05 0.0383602 0.538833
9.99121E-05 9.99121E-05 9.99121E-05 9.99121E-05 0.028879 0.121793 9.99121E-05 9.99121E-05 9.99121E-05 9.99121E-05 9.99121E-05 9.99121E-05 0.0210844 0.827244
0.0422845 9.99385E-05 9.99385E-05 0.0910366 0.0676926 9.99385E-05 0.00653575 9.99385E-05 9.99385E-05 9.99385E-05 9.99385E-05 0.0318882 0.0612855 0.698577
0.110407 9.99209E-05 0.0467653 9.99209E-05 9.99209E-05 0.275004 9.99209E-05 9.99209E-05 9.99209E-05 9.99209E-05 9.99209E-05 9.99209E-05 0.137255 0.429669
9.99123E-05 9.99123E-05 0.0181985 9.99123E-05 9.99123E-05 9.99123E-05 9.99123E-05 9.99123E-05 0.0785445 9.99123E-05 9.99123E-05 9.99123E-05 0.0963279 0.80593
9.99122E-05 9.99122E-05 9.99122E-05 9.99122E-05 9.99122E-05 0.110899 9.99122E-05 0.0441891 9.99122E-05 9.99122E-05 9.99122E-05 9.99122E-05 0.0446448 0.799268
9.99036E-05 9.99036E-05 9.99036E-05 9.99036E-05 9.99036E-05 9.99036E-05 9.99036E-05 9.99036E-05 0.0173464 9.99036E-05 9.99036E-05 9.99036E-05 0.0072637 0.974291
9.99036E-05 9.99036E-05 0.0157551 9.99036E-05 9.99036E-05 9.99036E-05 9.99036E-05 9.99036E-05 9.99036E-05 9.99036E-05 9.99036E-05 0.0446502 9.99036E-05 0.938496
0.0204778 9.99297E-05 9.99297E-05 9.99297E-05 9.99297E-05 0.389752 9.99297E-05 9.99297E-05 0.00227618 9.99297E-05 9.99297E-05 0.104732 0.151353 0.330609
9.99121E-05 9.99121E-05 9.99121E-05 0.167868 9.99121E-05 9.99121E-05 9.99121E-05 9.99121E-05 0.112564 9.99121E-05 9.99121E-05 9.99121E-05 0.145004 0.573565
9.99211E-05 0.00127466 9.99211E-05 9.99211E-05 9.99211E-05 0.0669547 9.99211E-05 9.99211E-05 9.99211E-05 9.99211E-05 9.99211E-05 0.0268478 0.0868064 0.817217
9.99036E-05 0.00406483 9.99036E-05 9.99036E-05 9.99036E-05 0.0583855 9.99036E-05 9.99036E-05 9.99036E-05 9.99036E-05 9.99036E-05 9.99036E-05 9.99036E-05 0.936451
9.99385E-05 9.99385E-05 0.0131754 0.0741968 9.99385E-05 0.0168792 9.99385E-05 0.138744 9.99385E-05 9.99385E-05 9.99385E-05 0.155249 0.237302 0.363754
0.0240135 9.99385E-05 9.99385E-05 9.99385E-05 9.99385E-05 0.140594 0.0149162 0.0052962 9.99385E-05 9.99385E-05 0.163218 9.99385E-05 0.142767 0.508495
9.9942E-05 9.9942E-05 0.0433567 0.110088 9.9942E-05 9.9942E-05 9.9942E-05 0.000780847 9.9942E-05 0.127001 9.9942E-05 0.152589 0.121812 0.443673
9.99298E-05 9.99298E-05 9.99298E-05 0.161605 9.99298E-05 0.252518 9.99298E-05 0.00783116 9.99298E-05 0.0259747 9.99298E-05 9.99298E-05 0.260893 0.290379
9.9886E-05 9.9886E-05 9.9886E-05 9.9886E-05 9.9886E-05 9.9886E-05 9.9886E-05 9.9886E-05 9.9886E-05 9.9886E-05 9.9886E-05 9.9886E-05 9.9886E-05 0.998701
9.99209E-05 9.99209E-05 9.99209E-05 9.99209E-05 0.289664 0.201261 0.0357231 9.99209E-05 9.99209E-05 9.99209E-05 9.99209E-05 9.99209E-05 0.0109034 0.461549
9.99123E-05 9.99123E-05 9.99123E-05 9.99123E-05 9.99123E-05 0.0328273 9.99123E-05 9.99123E-05 9.99123E-05 9.99123E-05 0.0283549 9.99123E-05 0.121756 0.816062
9.99211E-05 9.99211E-05 0.0159737 9.99211E-05 9.99211E-05 0.127805 9.99211E-05 9.99211E-05 0.0902349 9.99211E-05 9.99211E-05 9.99211E-05 0.11998 0.645107
9.99201E-05 9.99201E-05 0.00598821 0.0464286 9.99201E-05 0.0218772 0.128264 9.99201E-05 9.99201E-05 9.99201E-05 9.99201E-05 9.99201E-05 0.101941 0.694701
0.0697315 9.99296E-05 0.0348525 0.0534485 0.19143 9.99296E-05 9.99296E-05 0.028058 9.99296E-05 9.99296E-05 9.99296E-05 9.99296E-05 9.99296E-05 0.62168
9.99121E-05 9.99121E-05 9.99121E-05 9.99121E-05 9.99121E-05 0.231721 9.99121E-05 9.99121E-05 9.99121E-05 9.99121E-05 9.99121E-05 0.164873 0.27382 0.328587
0.016786 9.99121E-05 9.99121E-05 9.99121E-05 9.99121E-05 0.170435 9.99121E-05 9.99121E-05 9.99121E-05 9.99121E-05 9.99121E-05 9.99121E-05 0.205782 0.605998
0.11668 9.99209E-05 9.99209E-05 9.99209E-05 9.99209E-05 0.148117 9.99209E-05 0.0193624 9.99209E-05 9.99209E-05 9.99209E-05 9.99209E-05 0.10094 0.614001
9.99209E-05 9.99209E-05 9.99209E-05 9.99209E-05 9.99209E-05 0.122924 0.0601353 0.0997003 9.99209E-05 9.99209E-05 9.99209E-05 9.99209E-05 0.0294873 0.686854
9.99122E-05 9.99122E-05 9.99122E-05 9.99122E-05 9.99122E-05 0.0620792 9.99122E-05 9.99122E-05 9.99122E-05 9.99122E-05 9.99122E-05 0.0165602 0.219012 0.701349
9.98857E-05 9.98857E-05 9.98857E-05 9.98857E-05 9.98857E-05 0.998701 9.98857E-05 9.98857E-05 9.98857E-05 9.98857E-05 9.98857E-05 9.98857E-05 9.98857E-05 9.98857E-05
9.98857E-05 9.98857E-05 9.98857E-05 9.98857E-05 9.98857E-05 9.98857E-05 9.98857E-05 9.98857E-05 9.98857E-05 9.98857E-05 9.98857E-05 9.98857E-05 0.998701 9.98857E-05
9.98856E-05 9.98856E-05 9.98856E-05 9.98856E-05 9.98856E-05 0.998701 9.98856E-05 9.98856E-05 9.98856E-05 9.98856E-05 9.98856E-05 9.98856E-05 9.98856E-05 9.98856E-05
9.98856E-05 9.98856E-05 9.98856E-05 9.98856E-05 9.98856E-05 9.98856E-05 9.98856E-05 9.98856E-05 9.98856E-05 9.98856E-05 9.98856E-05 9.98856E-05 0.998701 9.98856E-05
9.98856E-05 9.98856E-05 9.98856E-05 9.98856E-05 9.98856E-05 9.98856E-05 9.98856E-05 9.98856E-05 9.98856E-05 9.98856E-05 9.98856E-05 9.98856E-05 0.998701 9.98856E-05
9.98856E-05 9.98856E-05 9.98856E-05 9.98856E-05 9.98856E-05 9.98856E-05 9.98856E-05 9.98856E-05 9.98856E-05 9.98856E-05 9.98856E-05 9.98856E-05 0.998701 9.98856E-05
9.98856E-05 9.98856E-05 9.98856E-05 9.98856E-05 9.98856E-05 0.998701 9.98856E-05 9.98856E-05 9.98856E-05 9.98856E-05 9.98856E-05 9.98856E-05 9.98856E-05 9.98856E-05
9.98857E-05 9.98857E-05 9.98857E-05 9.98857E-05 9.98857E-05 9.98857E-05 9.98857E-05 9.98857E-05 9.98857E-05 9.98857E-05 9.98857E-05 9.98857E-05 0.998701 9.98857E-05
9.98856E-05 9.98856E-05 9.98856E-05 9.98856E-05 9.98856E-05 9.98856E-05 9.98856E-05 9.98856E-05 9.98856E-05 9.98856E-05 9.98856E-05 9.98856E-05 0.998701 9.98856E-05
9.98856E-05 9.98856E-05 9.98856E-05 9.98856E-05 9.98856E-05 0.998701 9.98856E-05 9.98856E-05 9.98856E-05 9.98856E-05 9.98856E-05 9.98856E-05 9.98856E-05 9.98856E-05
9.98945E-05 9.98945E-05 9.98945E-05 9.98945E-05 9.98945E-05 0.975107 9.98945E-05 9.98945E-05 9.98945E-05 9.98945E-05 9.98945E-05 9.98945E-05 0.0236938 9.98945E-05
9.98856E-05 9.98856E-05 9.98856E-05 9.98856E-05 9.98856E-05 0.998701 9.98856E-05 9.98856E-05 9.98856E-05 9.98856E-05 9.98856E-05 9.98856E-05 9.98856E-05 9.98856E-05
9.98856E-05 9.98856E-05 9.98856E-05 9.98856E-05 9.98856E-05 9.98856E-05 9.98856E-05 9.98856E-05 9.98856E-05 9.98856E-05 9.98856E-05 9.98856E-05 0.998701 9.98856E-05
9.98856E-05 9.98856E-05 9.98856E-05 9.98856E-05 9.98856E-05 9.98856E-05 9.98856E-05 9.98856E-05 9.98856E-05 9.98856E-05 9.98856E-05 9.98856E-05 0.998701 9.98856E-05
9.98856E-05 9.98856E-05 9.98856E-05 9.98856E-05 9.98856E-05 0.998701 9.98856E-05 9.98856E-05 9.98856E-05 9.98856E-05 9.98856E-05 9.98856E-05 9.98856E-05 9.98856E-05
9.98856E-05 9.98856E-05 9.98856E-05 9.98856E-05 9.98856E-05 0.998701 9.98856E-05 9.98856E-05 9.98856E-05 9.98856E-05 9.98856E-05 9.98856E-05 9.98856E-05 9.98856E-05
9.99473E-05 9.99473E-05 0.0391631 9.99473E-05 0.206961 0.178565 0.0313761 0.0128819 9.99473E-05 0.0450875 9.99473E-05 9.99473E-05 0.111723 0.373642
9.98857E-05 9.98857E-05 9.98857E-05 9.98857E-05 9.98857E-05 0.998701 9.98857E-05 9.98857E-05 9.98857E-05 9.98857E-05 9.98857E-05 9.98857E-05 9.98857E-05 9.98857E-05
9.98856E-05 9.98856E-05 9.98856E-05 9.98856E-05 9.98856E-05 9.98856E-05 9.98856E-05 9.98856E-05 9.98856E-05 9.98856E-05 9.98856E-05 9.98856E-05 0.998701 9.98856E-05
9.98857E-05 9.98857E-05 9.98857E-05 9.98857E-05 9.98857E-05 0.998701 9.98857E-05 9.98857E-05 9.98857E-05 9.98857E-05 9.98857E-05 9.98857E-05 9.98857E-05 9.98857E-05
9.98856E-05 9.98856E-05 9.98856E-05 9.98856E-05 9.98856E-05 0.998701 9.98856E-05 9.98856E-05 9.98856E-05 9.98856E-05 9.98856E-05 9.98856E-05 9.98856E-05 9.98856E-05
9.98856E-05 9.98856E-05 9.98856E-05 9.98856E-05 9.98856E-05 0.998701 9.98856E-05 9.98856E-05 9.98856E-05 9.98856E-05 9.98856E-05 9.98856E-05 9.98856E-05 9.98856E-05
9.98856E-05 9.98856E-05 9.98856E-05 9.98856E-05 9.98856E-05 9.98856E-05 9.98856E-05 9.98856E-05 9.98856E-05 9.98856E-05 9.98856E-05 9.98856E-05 0.998701 9.98856E-05
9.98857E-05 9.98857E-05 9.98857E-05 9.98857E-05 9.98857E-05 0.998701 9.98857E-05 9.98857E-05 9.98857E-05 9.98857E-05 9.98857E-05 9.98857E-05 9.98857E-05 9.98857E-05
9.98856E-05 9.98856E-05 9.98856E-05 9.98856E-05 9.98856E-05 9.98856E-05 9.98856E-05 9.98856E-05 9.98856E-05 9.98856E-05 9.98856E-05 9.98856E-05 0.998701 9.98856E-05
9.98856E-05 9.98856E-05 9.98856E-05 9.98856E-05 9.98856E-05 0.998701 9.98856E-05 9.98856E-05 9.98856E-05 9.98856E-05 9.98856E-05 9.98856E-05 9.98856E-05 9.98856E-05
9.98856E-05 9.98856E-05 9.98856E-05 9.98856E-05 9.98856E-05 0.998701 9.98856E-05 9.98856E-05 9.98856E-05 9.98856E-05 9.98856E-05 9.98856E-05 9.98856E-05 9.98856E-05
9.98856E-05 9.98856E-05 9.98856E-05 9.98856E-05 9.98856E-05 9.98856E-05 9.98856E-05 9.98856E-05 9.98856E-05 9.98856E-05 9.98856E-05 9.98856E-05 0.998701 9.98856E-05
9.98856E-05 9.98856E-05 9.98856E-05 9.98856E-05 9.98856E-05 9.98856E-05 9.98856E-05 9.98856E-05 9.98856E-05 9.98856E-05 9.98856E-05 9.98856E-05 0.998701 9.98856E-05
9.98857E-05 9.98857E-05 9.98857E-05 9.98857E-05 9.98857E-05 9.98857E-05 9.98857E-05 9.98857E-05 9.98857E-05 9.98857E-05 9.98857E-05 9.98857E-05 0.998701 9.98857E-05
9.98856E-05 9.98856E-05 9.98856E-05 9.98856E-05 9.98856E-05 0.998701 9.98856E-05 9.98856E-05 9.98856E-05 9.98856E-05 9.98856E-05 9.98856E-05 9.98856E-05 9.98856E-05
9.98945E-05 9.98945E-05 9.98945E-05 9.98945E-05 9.98945E-05 0.94216 9.98945E-05 0.056641 9.98945E-05 9.98945E-05 9.98945E-05 9.98945E-05 9.98945E-05 9.98945E-05
9.98856E-05 9.98856E-05 9.98856E-05 9.98856E-05 9.98856E-05 0.998701 9.98856E-05 9.98856E-05 9.98856E-05 9.98856E-05 9.98856E-05 9.98856E-05 9.98856E-05 9.98856E-05
9.98855E-05 9.98855E-05 9.98855E-05 9.98855E-05 9.98855E-05 0.998701 9.98855E-05 9.98855E-05 9.98855E-05 9.98855E-05 9.98855E-05 9.98855E-05 9.98855E-05 9.98855E-05
9.98857E-05 9.98857E-05 9.98857E-05 9.98857E-05 9.98857E-05 0.998701 9.98857E-05 9.98857E-05 9.98857E-05 9.98857E-05 9.98857E-05 9.98857E-05 9.98857E-05 9.98857E-05
9.98857E-05 9.98857E-05 9.98857E-05 9.98857E-05 9.98857E-05 9.98857E-05 9.98857E-05 9.98857E-05 9.98857E-05 9.98857E-05 9.98857E-05 9.98857E-05 0.998701 9.98857E-05
9.98856E-05 9.98856E-05 9.98856E-05 9.98856E-05 9.98856E-05 9.98856E-05 9.98856E-05 9.98856E-05 9.98856E-05 9.98856E-05 9.98856E-05 9.98856E-05 0.998701 9.98856E-05
9.98857E-05 9.98857E-05 9.98857E-05 9.98857E-05 9.98857E-05 9.98857E-05 9.98857E-05 9.98857E-05 9.98857E-05 9.98857E-05 9.98857E-05 9.98857E-05 0.998701 9.98857E-05
9.98856E-05 9.98856E-05 9.98856E-05 9.98856E-05 9.98856E-05 0.998701 9.98856E-05 9.98856E-05 9.98856E-05 9.98856E-05 9.98856E-05 9.98856E-05 9.98856E-05 9.98856E-05
9.98856E-05 9.98856E-05 9.98856E-05 9.98856E-05 9.98856E-05 9.98856E-05 9.98856E-05 9.98856E-05 9.98856E-05 9.98856E-05 9.98856E-05 9.98856E-05 0.998701 9.98856E-05
9.98857E-05 9.98857E-05 9.98857E-05 9.98857E-05 9.98857E-05 9.98857E-05 9.98857E-05 9.98857E-05 9.98857E-05 9.98857E-05 9.98857E-05 9.98857E-05 0.998701 9.98857E-05
9.98856E-05 9.98856E-05 9.98856E-05 9.98856E-05 9.98856E-05 9.98856E-05 9.98856E-05 9.98856E-05 9.98856E-05 9.98856E-05 9.98856E-05 9.98856E-05 0.998701 9.98856E-05
9.98856E-05 9.98856E-05 9.98856E-05 9.98856E-05 9.98856E-05 9.98856E-05 9.98856E-05 9.98856E-05 9.98856E-05 9.98856E-05 9.98856E-05 9.98856E-05 0.998701 9.98856E-05
9.98857E-05 9.98857E-05 9.98857E-05 9.98857E-05 9.98857E-05 0.998701 9.98857E-05 9.98857E-05 9.98857E-05 9.98857E-05 9.98857E-05 9.98857E-05 9.98857E-05 9.98857E-05
9.98857E-05 9.98857E-05 9.98857E-05 9.98857E-05 9.98857E-05 9.98857E-05 9.98857E-05 9.98857E-05 9.98857E-05 9.98857E-05 9.98857E-05 9.98857E-05 0.998701 9.98857E-05
9.98856E-05 9.98856E-05 9.98856E-05 9.98856E-05 9.98856E-05 9.98856E-05 9.98856E-05 9.98856E-05 9.98856E-05 9.98856E-05 9.98856E-05 9.98856E-05 0.998701 9.98856E-05
9.99385E-05 9.99385E-05 9.99385E-05 9.99385E-05 0.201229 0.225224 0.0333552 0.00595788 9.99385E-05 0.0445574 9.99385E-05 9.99385E-05 0.0863755 0.402602
9.98857E-05 9.98857E-05 9.98857E-05 9.98857E-05 9.98857E-05 0.998701 9.98857E-05 9.98857E-05 9.98857E-05 9.98857E-05 9.98857E-05 9.98857E-05 9.98857E-05 9.98857E-05
9.98857E-05 9.98857E-05 9.98857E-05 9.98857E-05 9.98857E-05 9.98857E-05 9.98857E-05 9.98857E-05 9.98857E-05 9.98857E-05 9.98857E-05 9.98857E-05 0.998701 9.98857E-05
9.98856E-05 9.98856E-05 9.98856E-05 9.98856E-05 9.98856E-05 9.98856E-05 9.98856E-05 9.98856E-05 9.98856E-05 9.98856E-05 9.98856E-05 9.98856E-05 0.998701 9.98856E-05
9.98857E-05 9.98857E-05 9.98857E-05 9.98857E-05 9.98857E-05 9.98857E-05 9.98857E-05 9.98857E-05 9.98857E-05 9.98857E-05 9.98857E-05 9.98857E-05 0.998701 9.98857E-05
9.98857E-05 9.98857E-05 9.98857E-05 9.98857E-05 9.98857E-05 9.98857E-05 9.98857E-05 9.98857E-05 9.98857E-05 9.98857E-05 9.98857E-05 9.98857E-05 0.998701 9.98857E-05
9.98856E-05 9.98856E-05 9.98856E-05 9.98856E-05 9.98856E-05 0.998701 9.98856E-05 9.98856E-05 9.98856E-05 9.98856E-05 9.98856E-05 9.98856E-05 9.98856E-05 9.98856E-05
9.98856E-05 9.98856E-05 9.98856E-05 9.98856E-05 9.98856E-05 9.98856E-05 9.98856E-05 9.98856E-05 9.98856E-05 9.98856E-05 9.98856E-05 9.98856E-05 0.998701 9.98856E-05
9.98856E-05 9.98856E-05 9.98856E-05 9.98856E-05 9.98856E-05 0.998701 9.98856E-05 9.98856E-05 9.98856E-05 9.98856E-05 9.98856E-05 9.98856E-05 9.98856E-05 9.98856E-05
9.98857E-05 9.98857E-05 9.98857E-05 9.98857E-05 9.98857E-05 9.98857E-05 9.98857E-05 9.98857E-05 9.98857E-05 9.98857E-05 9.98857E-05 9.98857E-05 0.998701 9.98857E-05
9.98856E-05 9.98856E-05 9.98856E-05 9.98856E-05 9.98856E-05 0.998701 9.98856E-05 9.98856E-05 9.98856E-05 9.98856E-05 9.98856E-05 9.98856E-05 9.98856E-05 9.98856E-05
9.98856E-05 9.98856E-05 9.98856E-05 9.98856E-05 9.98856E-05 9.98856E-05 9.98856E-05 9.98856E-05 9.98856E-05 9.98856E-05 9.98856E-05 9.98856E-05 0.998701 9.98856E-05
9.98856E-05 9.98856E-05 9.98856E-05 9.98856E-05 9.98856E-05 9.98856E-05 9.98856E-05 9.98856E-05 9.98856E-05 9.98856E-05 9.98856E-05 9.98856E-05 0.998701 9.98856E-05
9.98856E-05 9.98856E-05 9.98856E-05 9.98856E-05 9.98856E-05 9.98856E-05 9.98856E-05 9.98856E-05 9.98856E-05 9.98856E-05 9.98856E-05 9.98856E-05 0.998701 9.98856E-05
9.98856E-05 9.98856E-05 9.98856E-05 9.98856E-05 9.98856E-05 9.98856E-05 9.98856E-05 9.98856E-05 9.98856E-05 9.98856E-05 9.98856E-05 9.98856E-05 0.998701 9.98856E-05
9.98856E-05 9.98856E-05 9.98856E-05 9.98856E-05 9.98856E-05 9.98856E-05 9.98856E-05 9.98856E-05 9.98856E-05 9.98856E-05 9.98856E-05 9.98856E-05 0.998701 9.98856E-05
9.98856E-05 9.98856E-05 9.98856E-05 9.98856E-05 9.98856E-05 9.98856E-05 9.98856E-05 9.98856E-05 9.98856E-05 9.98856E-05 9.98856E-05 9.98856E-05 0.998701 9.98856E-05
9.98856E-05 9.98856E-05 9.98856E-05 9.98856E-05 9.98856E-05 0.998701 9.98856E-05 9.98856E-05 9.98856E-05 9.98856E-05 9.98856E-05 9.98856E-05 9.98856E-05 9.98856E-05
9.98856E-05 9.98856E-05 9.98856E-05 9.98856E-05 9.98856E-05 0.998701 9.98856E-05 9.98856E-05 9.98856E-05 9.98856E-05 9.98856E-05 9.98856E-05 9.98856E-05 9.98856E-05
9.98856E-05 9.98856E-05 9.98856E-05 9.98856E-05 9.98856E-05 0.998701 9.98856E-05 9.98856E-05 9.98856E-05 9.98856E-05 9.98856E-05 9.98856E-05 9.98856E-05 9.98856E-05
9.98857E-05 9.98857E-05 9.98857E-05 9.98857E-05 9.98857E-05 9.98857E-05 9.98857E-05 9.98857E-05 9.98857E-05 9.98857E-05 9.98857E-05 9.98857E-05 0.998701 9.98857E-05
9.98856E-05 9.98856E-05 9.98856E-05 9.98856E-05 9.98856E-05 0.998701 9.98856E-05 9.98856E-05 9.98856E-05 9.98856E-05 9.98856E-05 9.98856E-05 9.98856E-05 9.98856E-05
9.98857E-05 9.98857E-05 9.98857E-05 9.98857E-05 9.98857E-05 0.998701 9.98857E-05 9.98857E-05 9.98857E-05 9.98857E-05 9.98857E-05 9.98857E-05 9.98857E-05 9.98857E-05
9.98856E-05 9.98856E-05 9.98856E-05 9.98856E-05 9.98856E-05 0.998701 9.98856E-05 9.98856E-05 9.98856E-05 9.98856E-05 9.98856E-05 9.98856E-05 9.98856E-05 9.98856E-05
9.98857E-05 9.98857E-05 9.98857E-05 9.98857E-05 9.98857E-05 9.98857E-05 9.98857E-05 9.98857E-05 9.98857E-05 9.98857E-05 9.98857E-05 9.98857E-05 0.998701 9.98857E-05
9.98857E-05 9.98857E-05 9.98857E-05 9.98857E-05 9.98857E-05 9.98857E-05 9.98857E-05 9.98857E-05 9.98857E-05 9.98857E-05 9.98857E-05 9.98857E-05 0.998701 9.98857E-05
9.98856E-05 9.98856E-05 9.98856E-05 9.98856E-05 9.98856E-05 9.98856E-05 9.98856E-05 9.98856E-05 9.98856E-05 9.98856E-05 9.98856E-05 9.98856E-05 0.998701 9.98856E-05
9.98856E-05 9.98856E-05 9.98856E-05 9.98856E-05 9.98856E-05 0.998701 9.98856E-05 9.98856E-05 9.98856E-05 9.98856E-05 9.98856E-05 9.98856E-05 9.98856E-05 9.98856E-05
9.98857E-05 9.98857E-05 9.98857E-05 9.98857E-05 9.98857E-05 9.98857E-05 9.98857E-05 9.98857E-05 9.98857E-05 9.98857E-05 9.98857E-05 9.98857E-05 0.998701 9.98857E-05
9.98856E-05 9.98856E-05 9.98856E-05 9.98856E-05 9.98856E-05 9.98856E-05 9.98856E-05 9.98856E-05 9.98856E-05 9.98856E-05 9.98856E-05 9.98856E-05 0.998701 9.98856E-05
9.98856E-05 9.98856E-05 9.98856E-05 9.98856E-05 9.98856E-05 0.998701 9.98856E-05 9.98856E-05 9.98856E-05 9.98856E-05 9.98856E-05 9.98856E-05 9.98856E-05 9.98856E-05
9.98857E-05 9.98857E-05 9.98857E-05 9.98857E-05 9.98857E-05 9.98857E-05 9.98857E-05 9.98857E-05 9.98857E-05 9.98857E-05 9.98857E-05 9.98857E-05 0.998701 9.98857E-05
9.98856E-05 9.98856E-05 9.98856E-05 9.98856E-05 9.98856E-05 9.98856E-05 9.98856E-05 9.98856E-05 9.98856E-05 9.98856E-05 9.98856E-05 9.98856E-05 0.998701 9.98856E-05
0.052022 9.9956E-05 0.162031 9.9956E-05 9.9956E-05 0.20967 0.0152169 0.00597133 9.9956E-05 9.9956E-05 0.0495048 0.0618073 0.220025 0.223252
9.98856E-05 9.98856E-05 9.98856E-05 9.98856E-05 9.98856E-05 0.998701 9.98856E-05 9.98856E-05 9.98856E-05 9.98856E-05 9.98856E-05 9.98856E-05 9.98856E-05 9.98856E-05
9.98856E-05 9.98856E-05 9.98856E-05 9.98856E-05 9.98856E-05 9.98856E-05 9.98856E-05 9.98856E-05 9.98856E-05 9.98856E-05 9.98856E-05 9.98856E-05 0.998701 9.98856E-05
0.0670709 9.99298E-05 9.99298E-05 9.99298E-05 9.99298E-05 0.0836906 0.00503526 9.99298E-05 9.99298E-05 0.062684 9.99298E-05 9.99298E-05 0.427398 0.353322
9.99297E-05 9.99297E-05 9.99297E-05 9.99297E-05 0.096581 0.172329 9.99297E-05 0.015359 0.00929371 9.99297E-05 9.99297E-05 9.99297E-05 0.281106 0.424532
9.99209E-05 9.99209E-05 9.99209E-05 9.99209E-05 9.99209E-05 0.339944 9.99209E-05 9.99209E-05 9.99209E-05 0.066413 9.99209E-05 0.0169235 0.153233 0.422587
9.99296E-05 9.99296E-05 0.0414852 9.99296E-05 0.0968721 0.199884 0.0304712 0.00410459 9.99296E-05 9.99296E-05 9.99296E-05 9.99296E-05 9.99296E-05 0.626383
9.99208E-05 9.99208E-05 9.99208E-05 0.0839938 9.99208E-05 0.205551 9.99208E-05 9.99208E-05 9.99208E-05 9.99208E-05 9.99208E-05 0.0602752 0.272445 0.376836
9.99037E-05 9.99037E-05 9.99037E-05 9.99037E-05 9.99037E-05 9.99037E-05 9.99037E-05 9.99037E-05 9.99037E-05 9.99037E-05 0.0610197 9.99037E-05 0.090771 0.84711
9.99209E-05 9.99209E-05 9.99209E-05 0.354183 0.0123028 0.175334 9.99209E-05 9.99209E-05 9.99209E-05 9.99209E-05 9.99209E-05 9.99209E-05 0.262981 0.1943
0.0874193 9.99473E-05 0.0625067 0.0302024 9.99473E-05 0.0372936 0.00215828 9.99473E-05 9.99473E-05 0.0613578 9.99473E-05 9.99473E-05 0.222841 0.495621
9.99035E-05 9.99035E-05 9.99035E-05 9.99035E-05 9.99035E-05 0.0816217 9.99035E-05 9.99035E-05 9.99035E-05 9.99035E-05 9.99035E-05 9.99035E-05 0.193728 0.723551
9.99472E-05 9.99472E-05 9.99472E-05 0.0415275 0.0144528 0.126415 9.99472E-05 0.036892 0.0767067 0.0982057 9.99472E-05 9.99472E-05 0.0601359 0.545064
0.0816943 9.99122E-05 9.99122E-05 9.99122E-05 9.99122E-05 0.233153 9.99122E-05 9.99122E-05 9.99122E-05 9.99122E-05 9.99122E-05 9.99122E-05 0.0863586 0.597795
9.98946E-05 9.98946E-05 9.98946E-05 9.98946E-05 9.98946E-05 9.98946E-05 9.98946E-05 9.98946E-05 9.98946E-05 9.98946E-05 9.98946E-05 9.98946E-05 0.649781 0.349021
9.99385E-05 9.99385E-05 9.99385E-05 0.0726835 9.99385E-05 0.26832 0.142468 9.99385E-05 9.99385E-05 9.99385E-05 0.0265494 0.0634944 0.292601 0.133185
9.99296E-05 9.99296E-05 0.103433 9.99296E-05 9.99296E-05 0.101751 9.99296E-05 0.0112389 9.99296E-05 0.0163232 9.99296E-05 9.99296E-05 0.0727291 0.693726
0.0261427 9.99473E-05 9.99473E-05 9.99473E-05 0.0357292 0.214372 0.0207899 0.0459541 9.99473E-05 0.000454247 9.99473E-05 9.99473E-05 0.127283 0.528675
0.0695638 9.99385E-05 9.99385E-05 9.99385E-05 9.99385E-05 0.172373 9.99385E-05 9.99385E-05 0.145114 9.99385E-05 0.000264496 0.102362 0.265018 0.244605
9.99298E-05 9.99298E-05 0.00930841 9.99298E-05 9.99298E-05 0.0549484 9.99298E-05 9.99298E-05 9.99298E-05 0.108971 9.99298E-05 0.00185517 0.182772 0.641346
0.105292 9.994E-05 0.025641 0.0898505 9.994E-05 0.365303 0.0721219 9.994E-05 9.994E-05 0.0130657 9.994E-05 9.994E-05 0.0580951 0.270031
0.00647926 9.99384E-05 9.99384E-05 0.0409132 9.99384E-05 9.99384E-05 9.99384E-05 0.142647 0.0110478 9.99384E-05 9.99384E-05 0.232841 0.118018 0.447354
9.99297E-05 9.99297E-05 0.00199118 9.99297E-05 9.99297E-05 0.234244 0.0397757 9.99297E-05 9.99297E-05 0.0765212 9.99297E-05 9.99297E-05 0.171193 0.475475
9.99297E-05 9.99297E-05 9.99297E-05 9.99297E-05 9.99297E-05 0.0887587 9.99297E-05 0.0564439 0.110067 9.99297E-05 9.99297E-05 0.0591811 0.13126 0.553491
9.99122E-05 9.99122E-05 9.99122E-05 0.0183775 9.99122E-05 9.99122E-05 9.99122E-05 9.99122E-05 0.189809 9.99122E-05 9.99122E-05 9.99122E-05 0.233047 0.557768
0.0222331 9.99385E-05 0.020252 9.99385E-05 9.99385E-05 0.159034 0.108252 0.045739 9.99385E-05 9.99385E-05 9.99385E-05 9.99385E-05 0.222209 0.421581
9.99208E-05 9.99208E-05 0.0222004 9.99208E-05 9.99208E-05 0.129244 9.99208E-05 9.99208E-05 0.0780158 9.99208E-05 9.99208E-05 9.99208E-05 0.182628 0.587013
