9.98158E-05 9.98158E-05 9.98158E-05 9.98158E-05 9.98158E-05 0.0893405 0.267113 9.98158E-05 0.178452 9.98158E-05 9.98158E-05 9.98158E-05 0.00555328 9.98158E-05 9.98158E-05 9.98158E-05 9.98158E-05 9.98158E-05 9.98158E-05 9.98158E-05 9.98158E-05 0.00244571 0.4134 9.98158E-05 0.0415995 9.98158E-05 9.98158E-05 9.98158E-05
9.98158E-05 0.00437516 9.98158E-05 9.98158E-05 9.98158E-05 9.98158E-05 0.669552 9.98158E-05 9.98158E-05 9.98158E-05 9.98158E-05 9.98158E-05 9.98158E-05 0.00139223 9.98158E-05 0.211767 9.98158E-05 9.98158E-05 9.98158E-05 0.0324671 9.98158E-05 9.98158E-05 9.98158E-05 0.0535052 0.0248448 9.98158E-05 9.98158E-05 9.98158E-05
9.97895E-05 9.97895E-05 9.97895E-05 9.97895E-05 9.97895E-05 9.97895E-05 9.97895E-05 9.97895E-05 9.97895E-05 9.97895E-05 9.97895E-05 9.97895E-05 9.97895E-05 0.00924193 9.97895E-05 9.97895E-05 0.0492839 9.97895E-05 9.97895E-05 0.927985 9.97895E-05 9.97895E-05 9.97895E-05 9.97895E-05 9.97895E-05 9.97895E-05 0.0110942 9.97895E-05
0.249417 9.98334E-05 9.98334E-05 9.98334E-05 9.98334E-05 9.98334E-05 0.194284 9.98334E-05 0.0889248 9.98334E-05 9.98334E-05 9.98334E-05 9.98334E-05 0.0336326 0.0833915 9.98334E-05 9.98334E-05 9.98334E-05 9.98334E-05 9.98334E-05 9.98334E-05 9.98334E-05 0.118605 9.98334E-05 0.0734401 9.98334E-05 0.133699 0.0227094
9.98071E-05 0.0329601 9.98071E-05 9.98071E-05 9.98071E-05 9.98071E-05 0.803616 9.98071E-05 9.98071E-05 9.98071E-05 9.98071E-05 0.085293 9.98071E-05 9.98071E-05 9.98071E-05 9.98071E-05 0.0269511 9.98071E-05 9.98071E-05 9.98071E-05 9.98071E-05 9.98071E-05 9.98071E-05 0.0436153 9.98071E-05 9.98071E-05 9.98071E-05 0.00536897
9.98159E-05 9.98159E-05 9.98159E-05 9.98159E-05 9.98159E-05 9.98159E-05 9.98159E-05 9.98159E-05 9.98159E-05 9.98159E-05 9.98159E-05 0.105478 9.98159E-05 9.98159E-05 9.98159E-05 9.98159E-05 0.0704818 9.98159E-05 9.98159E-05 0.208155 9.98159E-05 9.98159E-05 0.371907 0.0396773 9.98159E-05 9.98159E-05 0.055481 0.146724
0.1018 9.98335E-05 9.98335E-05 9.98335E-05 9.98335E-05 9.98335E-05 0.238498 0.0916814 0.135019 9.98335E-05 9.98335E-05 0.0373713 9.98335E-05 9.98335E-05 9.98335E-05 9.98335E-05 9.98335E-05 9.98335E-05 9.98335E-05 9.98335E-05 9.98335E-05 0.0183337 0.266207 0.0702213 0.0389713 9.98335E-05 9.98335E-05 9.98335E-05
9.98335E-05 9.98335E-05 9.98335E-05 9.98335E-05 9.98335E-05 0.0392765 0.144992 9.98335E-05 0.137922 9.98335E-05 9.98335E-05 0.149405 0.0472399 9.98335E-05 0.111686 9.98335E-05 9.98335E-05 9.98335E-05 9.98335E-05 9.98335E-05 9.98335E-05 9.98335E-05 0.227113 9.98335E-05 9.98335E-05 9.98335E-05 0.0147966 0.125672
9.98246E-05 9.98246E-05 9.98246E-05 9.98246E-05 9.98246E-05 9.98246E-05 9.98246E-05 9.98246E-05 0.00274263 9.98246E-05 9.98246E-05 9.98246E-05 9.98246E-05 0.229309 0.0968414 9.98246E-05 9.98246E-05 9.98246E-05 9.98246E-05 0.289733 0.00244014 0.116517 0.0264132 9.98246E-05 9.98246E-05 9.98246E-05 9.98246E-05 0.234007
9.97719E-05 9.97719E-05 9.97719E-05 9.97719E-05 9.97719E-05 9.97719E-05 9.97719E-05 9.97719E-05 9.97719E-05 9.97719E-05 9.97719E-05 9.97719E-05 9.97719E-05 0.040299 9.97719E-05 9.97719E-05 9.97719E-05 9.97719E-05 9.97719E-05 0.957107 9.97719E-05 9.97719E-05 9.97719E-05 9.97719E-05 9.97719E-05 9.97719E-05 9.97719E-05 9.97719E-05
9.97983E-05 9.97983E-05 9.97983E-05 9.97983E-05 9.97983E-05 9.97983E-05 9.97983E-05 9.97983E-05 0.0562816 9.97983E-05 9.97983E-05 9.97983E-05 9.97983E-05 0.0486893 9.97983E-05 9.97983E-05 9.97983E-05 9.97983E-05 9.97983E-05 0.514148 9.97983E-05 9.97983E-05 0.278821 9.97983E-05 0.0997645 9.97983E-05 9.97983E-05 9.97983E-05
9.97983E-05 9.97983E-05 9.97983E-05 9.97983E-05 9.97983E-05 9.97983E-05 9.97983E-05 9.97983E-05 9.97983E-05 0.0244894 9.97983E-05 0.0527064 9.97983E-05 0.0286211 9.97983E-05 9.97983E-05 9.97983E-05 0.00466805 9.97983E-05 0.88722 9.97983E-05 9.97983E-05 9.97983E-05 9.97983E-05 9.97983E-05 9.97983E-05 9.97983E-05 9.97983E-05
9.9807E-05 0.0112511 9.9807E-05 9.9807E-05 9.9807E-05 9.9807E-05 0.718937 9.9807E-05 0.0980894 9.9807E-05 9.9807E-05 9.9807E-05 9.9807E-05 0.0425014 9.9807E-05 9.9807E-05 9.9807E-05 9.9807E-05 9.9807E-05 0.121575 9.9807E-05 9.9807E-05 9.9807E-05 9.9807E-05 9.9807E-05 9.9807E-05 9.9807E-05 0.00545048
9.97982E-05 9.97982E-05 9.97982E-05 9.97982E-05 0.122408 9.97982E-05 0.728139 9.97982E-05 9.97982E-05 9.97982E-05 9.97982E-05 9.97982E-05 9.97982E-05 0.030944 9.97982E-05 9.97982E-05 0.0772121 9.97982E-05 9.97982E-05 9.97982E-05 0.0390022 9.97982E-05 9.97982E-05 9.97982E-05 9.97982E-05 9.97982E-05 9.97982E-05 9.97982E-05
9.98246E-05 9.98246E-05 9.98246E-05 9.98246E-05 9.98246E-05 9.98246E-05 9.98246E-05 9.98246E-05 0.0406745 9.98246E-05 9.98246E-05 9.98246E-05 9.98246E-05 0.170266 9.98246E-05 9.98246E-05 9.98246E-05 9.98246E-05 9.98246E-05 0.335841 0.0291259 9.98246E-05 0.113035 9.98246E-05 9.98246E-05 0.175691 0.00361565 0.129755
0.00499612 9.98332E-05 0.015834 9.98332E-05 9.98332E-05 9.98332E-05 0.206984 9.98332E-05 0.047584 9.98332E-05 9.98332E-05 0.0293881 9.98332E-05 0.0239147 9.98332E-05 9.98332E-05 9.98332E-05 0.186308 9.98332E-05 9.98332E-05 9.98332E-05 9.98332E-05 0.271931 9.98332E-05 9.98332E-05 9.98332E-05 9.98332E-05 0.211163
9.98334E-05 9.98334E-05 0.0263862 9.98334E-05 9.98334E-05 0.00654363 0.373358 9.98334E-05 0.0224603 9.98334E-05 9.98334E-05 9.98334E-05 9.98334E-05 0.0125648 0.177258 9.98334E-05 9.98334E-05 9.98334E-05 9.98334E-05 0.174349 9.98334E-05 9.98334E-05 9.98334E-05 9.98334E-05 0.0309371 0.174246 9.98334E-05 9.98334E-05
9.98072E-05 9.98072E-05 9.98072E-05 0.153038 9.98072E-05 9.98072E-05 0.0522225 9.98072E-05 0.0949217 9.98072E-05 9.98072E-05 9.98072E-05 9.98072E-05 0.044419 9.98072E-05 9.98072E-05 9.98072E-05 9.98072E-05 0.0759964 9.98072E-05 9.98072E-05 9.98072E-05 0.577207 9.98072E-05 9.98072E-05 9.98072E-05 9.98072E-05 9.98072E-05
9.98245E-05 9.98245E-05 0.0838826 9.98245E-05 9.98245E-05 0.00110246 9.98245E-05 9.98245E-05 0.132703 9.98245E-05 9.98245E-05 0.180967 9.98245E-05 0.166935 9.98245E-05 9.98245E-05 9.98245E-05 9.98245E-05 9.98245E-05 0.343487 9.98245E-05 9.98245E-05 0.0168725 9.98245E-05 9.98245E-05 9.98245E-05 9.98245E-05 0.0720539
9.97895E-05 9.97895E-05 9.97895E-05 0.0601135 9.97895E-05 9.97895E-05 0.640214 9.97895E-05 9.97895E-05 9.97895E-05 9.97895E-05 9.97895E-05 9.97895E-05 9.97895E-05 9.97895E-05 9.97895E-05 9.97895E-05 9.97895E-05 9.97895E-05 0.278812 9.97895E-05 9.97895E-05 9.97895E-05 9.97895E-05 9.97895E-05 9.97895E-05 9.97895E-05 0.0184655
9.98159E-05 9.98159E-05 9.98159E-05 9.98159E-05 9.98159E-05 9.98159E-05 0.506655 9.98159E-05 9.98159E-05 0.113619 9.98159E-05 9.98159E-05 9.98159E-05 0.142688 0.145601 9.98159E-05 9.98159E-05 9.98159E-05 9.98159E-05 9.98159E-05 9.98159E-05 0.0162607 0.0124739 9.98159E-05 9.98159E-05 9.98159E-05 9.98159E-05 0.060607
9.98246E-05 0.0477199 0.0165976 9.98246E-05 9.98246E-05 9.98246E-05 9.98246E-05 9.98246E-05 0.365888 0.103664 9.98246E-05 9.98246E-05 9.98246E-05 9.98246E-05 9.98246E-05 9.98246E-05 0.0157664 9.98246E-05 9.98246E-05 0.372099 9.98246E-05 9.98246E-05 9.98246E-05 9.98246E-05 9.98246E-05 9.98246E-05 0.0036253 0.0726433
9.97896E-05 9.97896E-05 9.97896E-05 9.97896E-05 9.97896E-05 9.97896E-05 0.624664 9.97896E-05 9.97896E-05 9.97896E-05 9.97896E-05 9.97896E-05 9.97896E-05 0.0429839 9.97896E-05 9.97896E-05 9.97896E-05 9.97896E-05 9.97896E-05 9.97896E-05 9.97896E-05 9.97896E-05 0.320366 9.97896E-05 0.00959032 9.97896E-05 9.97896E-05 9.97896E-05
9.98246E-05 9.98246E-05 9.98246E-05 9.98246E-05 9.98246E-05 0.0202239 0.332158 9.98246E-05 0.192292 9.98246E-05 9.98246E-05 9.98246E-05 9.98246E-05 0.190219 9.98246E-05 9.98246E-05 9.98246E-05 0.0197678 9.98246E-05 0.0166606 9.98246E-05 0.112486 0.114196 9.98246E-05 9.98246E-05 9.98246E-05 9.98246E-05 9.98246E-05
9.98159E-05 9.98159E-05 0.130897 0.0391433 9.98159E-05 9.98159E-05 0.280449 9.98159E-05 0.0421631 9.98159E-05 9.98159E-05 9.98159E-05 9.98159E-05 0.293896 9.98159E-05 9.98159E-05 9.98159E-05 9.98159E-05 9.98159E-05 0.0494564 9.98159E-05 9.98159E-05 9.98159E-05 9.98159E-05 9.98159E-05 9.98159E-05 0.161899 9.98159E-05
0.0670872 9.98334E-05 9.98334E-05 9.98334E-05 9.98334E-05 9.98334E-05 0.20643 9.98334E-05 0.0304958 9.98334E-05 9.98334E-05 9.98334E-05 9.98334E-05 0.0989993 0.0185143 9.98334E-05 9.98334E-05 9.98334E-05 9.98334E-05 0.51577 9.98334E-05 9.98334E-05 9.98334E-05 9.98334E-05 9.98334E-05 0.0434653 0.00500957 0.0123309
9.97982E-05 0.301029 9.97982E-05 9.97982E-05 9.97982E-05 9.97982E-05 9.97982E-05 9.97982E-05 0.260038 9.97982E-05 9.97982E-05 9.97982E-05 9.97982E-05 9.97982E-05 9.97982E-05 9.97982E-05 9.97982E-05 0.0620515 0.0612833 9.97982E-05 9.97982E-05 9.97982E-05 9.97982E-05 9.97982E-05 9.97982E-05 9.97982E-05 0.313304 9.97982E-05
0.0482512 9.97984E-05 9.97984E-05 9.97984E-05 9.97984E-05 9.97984E-05 0.657935 9.97984E-05 0.0810314 9.97984E-05 9.97984E-05 9.97984E-05 9.97984E-05 0.0481053 9.97984E-05 9.97984E-05 9.97984E-05 9.97984E-05 9.97984E-05 0.162382 9.97984E-05 9.97984E-05 9.97984E-05 9.97984E-05 9.97984E-05 9.97984E-05 9.97984E-05 9.97984E-05
9.98105E-05 9.98105E-05 9.98105E-05 9.98105E-05 0.175428 9.98105E-05 9.98105E-05 9.98105E-05 0.106668 9.98105E-05 9.98105E-05 9.98105E-05 9.98105E-05 0.0563771 9.98105E-05 9.98105E-05 9.98105E-05 9.98105E-05 9.98105E-05 0.594015 9.98105E-05 0.0266751 9.98105E-05 9.98105E-05 0.0386413 9.98105E-05 9.98105E-05 9.98105E-05
9.98071E-05 9.98071E-05 9.98071E-05 9.98071E-05 9.98071E-05 0.00220327 0.132614 9.98071E-05 9.98071E-05 9.98071E-05 9.98071E-05 0.0360388 9.98071E-05 9.98071E-05 9.98071E-05 0.0161054 9.98071E-05 9.98071E-05 9.98071E-05 0.447675 9.98071E-05 9.98071E-05 9.98071E-05 9.98071E-05 9.98071E-05 0.363168 9.98071E-05 9.98071E-05
9.97982E-05 9.97982E-05 0.0308171 9.97982E-05 9.97982E-05 9.97982E-05 9.97982E-05 9.97982E-05 9.97982E-05 9.97982E-05 9.97982E-05 0.0304662 9.97982E-05 9.97982E-05 9.97982E-05 9.97982E-05 9.97982E-05 9.97982E-05 9.97982E-05 0.751347 9.97982E-05 9.97982E-05 0.13551 9.97982E-05 0.0495639 9.97982E-05 9.97982E-05 9.97982E-05
9.98334E-05 9.98334E-05 9.98334E-05 9.98334E-05 9.98334E-05 9.98334E-05 0.456734 9.98334E-05 0.00713601 9.98334E-05 0.0789517 0.0193336 9.98334E-05 0.0388469 0.0943115 9.98334E-05 9.98334E-05 9.98334E-05 9.98334E-05 9.98334E-05 9.98334E-05 9.98334E-05 0.134509 9.98334E-05 0.0425299 9.98334E-05 0.125751 9.98334E-05
9.98246E-05 9.98246E-05 9.98246E-05 9.98246E-05 9.98246E-05 9.98246E-05 0.0908993 0.0212909 0.0664345 9.98246E-05 9.98246E-05 9.98246E-05 9.98246E-05 0.109335 9.98246E-05 9.98246E-05 9.98246E-05 9.98246E-05 9.98246E-05 0.403627 9.98246E-05 9.98246E-05 0.180611 9.98246E-05 0.120716 9.98246E-05 0.00508892 9.98246E-05
0.0689472 9.98334E-05 9.98334E-05 9.98334E-05 9.98334E-05 9.98334E-05 9.98334E-05 9.98334E-05 0.0831642 9.98334E-05 0.0770551 0.0213618 9.98334E-05 0.103039 9.98334E-05 9.98334E-05 9.98334E-05 9.98334E-05 0.0170817 0.445459 9.98334E-05 9.98334E-05 9.98334E-05 9.98334E-05 0.0124811 9.98334E-05 0.169515 9.98334E-05
9.97984E-05 9.97984E-05 9.97984E-05 0.0274516 9.97984E-05 9.97984E-05 9.97984E-05 9.97984E-05 9.97984E-05 9.97984E-05 9.97984E-05 0.0200484 9.97984E-05 9.97984E-05 9.97984E-05 9.97984E-05 9.97984E-05 9.97984E-05 9.97984E-05 0.846509 9.97984E-05 9.97984E-05 9.97984E-05 0.0684904 0.0352051 9.97984E-05 9.97984E-05 9.97984E-05
0.0708673 0.00554027 9.98074E-05 9.98074E-05 9.98074E-05 9.98074E-05 9.98074E-05 9.98074E-05 9.98074E-05 9.98074E-05 9.98074E-05 9.98074E-05 9.98074E-05 0.0893729 0.184898 9.98074E-05 9.98074E-05 9.98074E-05 9.98074E-05 0.631423 9.98074E-05 9.98074E-05 0.0157022 9.98074E-05 9.98074E-05 9.98074E-05 9.98074E-05 9.98074E-05
9.97809E-05 9.97809E-05 9.97809E-05 9.97809E-05 9.97809E-05 9.97809E-05 0.903072 9.97809E-05 9.97809E-05 9.97809E-05 9.97809E-05 0.0722748 9.97809E-05 9.97809E-05 9.97809E-05 0.0221587 9.97809E-05 9.97809E-05 9.97809E-05 9.97809E-05 9.97809E-05 9.97809E-05 9.97809E-05 9.97809E-05 9.97809E-05 9.97809E-05 9.97809E-05 9.97809E-05
9.9816E-05 9.9816E-05 9.9816E-05 0.0430714 9.9816E-05 9.9816E-05 0.5934 9.9816E-05 9.9816E-05 9.9816E-05 9.9816E-05 9.9816E-05 9.9816E-05 0.0296406 9.9816E-05 0.0990328 9.9816E-05 9.9816E-05 9.9816E-05 0.0278297 9.9816E-05 9.9816E-05 9.9816E-05 0.101801 9.9816E-05 9.9816E-05 9.9816E-05 0.103128
9.9816E-05 9.9816E-05 9.9816E-05 0.00860643 9.9816E-05 9.9816E-05 9.9816E-05 9.9816E-05 0.0425936 9.9816E-05 9.9816E-05 9.9816E-05 9.9816E-05 0.0712071 9.9816E-05 9.9816E-05 0.082865 9.9816E-05 9.9816E-05 0.525291 9.9816E-05 9.9816E-05 9.9816E-05 9.9816E-05 9.9816E-05 0.221756 9.9816E-05 0.0455847
9.98245E-05 9.98245E-05 0.0110043 9.98245E-05 0.00546441 9.98245E-05 0.477023 0.02313 9.98245E-05 9.98245E-05 9.98245E-05 9.98245E-05 9.98245E-05 0.105049 9.98245E-05 9.98245E-05 9.98245E-05 0.0817423 9.98245E-05 0.0842013 9.98245E-05 9.98245E-05 9.98245E-05 9.98245E-05 9.98245E-05 9.98245E-05 0.210389 9.98245E-05
9.97895E-05 9.97895E-05 9.97895E-05 9.97895E-05 9.97895E-05 9.97895E-05 9.97895E-05 9.97895E-05 0.116948 9.97895E-05 9.97895E-05 9.97895E-05 9.97895E-05 9.97895E-05 9.97895E-05 9.97895E-05 9.97895E-05 9.97895E-05 9.97895E-05 0.841183 0.00042726 9.97895E-05 9.97895E-05 9.97895E-05 0.0390468 9.97895E-05 9.97895E-05 9.97895E-05
9.97898E-05 0.103355 9.97898E-05 9.97898E-05 9.97898E-05 9.97898E-05 9.97898E-05 9.97898E-05 0.109069 9.97898E-05 9.97898E-05 9.97898E-05 9.97898E-05 0.0702017 9.97898E-05 9.97898E-05 9.97898E-05 9.97898E-05 9.97898E-05 0.714979 9.97898E-05 9.97898E-05 9.97898E-05 9.97898E-05 9.97898E-05 9.97898E-05 9.97898E-05 9.97898E-05
9.97895E-05 0.0563786 9.97895E-05 9.97895E-05 0.118145 9.97895E-05 0.817238 9.97895E-05 0.00584356 9.97895E-05 9.97895E-05 9.97895E-05 9.97895E-05 9.97895E-05 9.97895E-05 9.97895E-05 9.97895E-05 9.97895E-05 9.97895E-05 9.97895E-05 9.97895E-05 9.97895E-05 9.97895E-05 9.97895E-05 9.97895E-05 9.97895E-05 9.97895E-05 9.97895E-05
9.98334E-05 9.98334E-05 9.98334E-05 9.98334E-05 9.98334E-05 9.98334E-05 9.98334E-05 9.98334E-05 0.0973679 9.98334E-05 9.98334E-05 9.98334E-05 9.98334E-05 0.183427 9.98334E-05 0.0844679 9.98334E-05 9.98334E-05 9.98334E-05 0.399064 9.98334E-05 0.0336392 0.0757728 0.010963 0.00154521 9.98334E-05 9.98334E-05 0.111856
0.0598482 9.98158E-05 9.98158E-05 9.98158E-05 9.98158E-05 9.98158E-05 0.168571 9.98158E-05 0.371908 9.98158E-05 9.98158E-05 0.0112849 9.98158E-05 0.191322 9.98158E-05 9.98158E-05 0.0971188 9.98158E-05 9.98158E-05 0.0978508 9.98158E-05 9.98158E-05 9.98158E-05 9.98158E-05 9.98158E-05 9.98158E-05 9.98158E-05 9.98158E-05
0.021 9.98069E-05 9.98069E-05 0.0347168 9.98069E-05 9.98069E-05 9.98069E-05 9.98069E-05 9.98069E-05 0.0384746 9.98069E-05 0.0176942 9.98069E-05 0.0251543 9.98069E-05 9.98069E-05 9.98069E-05 9.98069E-05 9.98069E-05 0.860764 9.98069E-05 9.98069E-05 9.98069E-05 9.98069E-05 9.98069E-05 9.98069E-05 9.98069E-05 9.98069E-05
0.00274608 9.97982E-05 9.97982E-05 9.97982E-05 9.97982E-05 9.97982E-05 0.930401 9.97982E-05 9.97982E-05 9.97982E-05 9.97982E-05 9.97982E-05 9.97982E-05 0.0471812 9.97982E-05 9.97982E-05 9.97982E-05 9.97982E-05 0.00973312 9.97982E-05 9.97982E-05 9.97982E-05 9.97982E-05 9.97982E-05 9.97982E-05 9.97982E-05 9.97982E-05 0.00764352
9.98072E-05 9.98072E-05 9.98072E-05 9.98072E-05 9.98072E-05 9.98072E-05 9.98072E-05 0.0037524 9.98072E-05 9.98072E-05 9.98072E-05 9.98072E-05 9.98072E-05 0.0132797 9.98072E-05 0.0183326 0.0409658 0.0330128 9.98072E-05 0.888461 9.98072E-05 9.98072E-05 9.98072E-05 9.98072E-05 9.98072E-05 9.98072E-05 9.98072E-05 9.98072E-05
9.98157E-05 9.98157E-05 9.98157E-05 9.98157E-05 9.98157E-05 9.98157E-05 0.548381 9.98157E-05 0.110761 0.0216669 9.98157E-05 9.98157E-05 9.98157E-05 0.100711 9.98157E-05 9.98157E-05 9.98157E-05 9.98157E-05 9.98157E-05 0.112978 9.98157E-05 9.98157E-05 0.102674 9.98157E-05 0.000731608 9.98157E-05 9.98157E-05 9.98157E-05
9.98249E-05 9.98249E-05 0.0165595 0.02674 9.98249E-05 9.98249E-05 0.75346 0.052936 9.98249E-05 9.98249E-05 9.98249E-05 0.118093 9.98249E-05 0.00119577 9.98249E-05 9.98249E-05 9.98249E-05 9.98249E-05 0.0254998 9.98249E-05 9.98249E-05 9.98249E-05 9.98249E-05 9.98249E-05 9.98249E-05 9.98249E-05 9.98249E-05 0.00351961
0.0589426 9.98507E-05 9.98507E-05 9.98507E-05 9.98507E-05 9.98507E-05 0.353633 9.98507E-05 0.0354693 0.0726789 9.98507E-05 9.98507E-05 9.98507E-05 0.161658 9.98507E-05 9.98507E-05 9.98507E-05 9.98507E-05 9.98507E-05 9.98507E-05 0.00556966 0.0179475 0.118446 9.98507E-05 0.0943816 9.98507E-05 0.0618376 0.0177383
0.132707 9.98159E-05 9.98159E-05 0.0839176 9.98159E-05 9.98159E-05 0.290927 9.98159E-05 0.0665163 9.98159E-05 9.98159E-05 9.98159E-05 9.98159E-05 9.98159E-05 9.98159E-05 9.98159E-05 9.98159E-05 9.98159E-05 9.98159E-05 0.380502 9.98159E-05 0.0385658 9.98159E-05 9.98159E-05 9.98159E-05 9.98159E-05 9.98159E-05 0.00476778
9.97722E-05 9.97722E-05 9.97722E-05 9.97722E-05 9.97722E-05 9.97722E-05 9.97722E-05 9.97722E-05 9.97722E-05 9.97722E-05 9.97722E-05 9.97722E-05 9.97722E-05 9.97722E-05 9.97722E-05 9.97722E-05 9.97722E-05 9.97722E-05 0.00746356 0.989942 9.97722E-05 9.97722E-05 9.97722E-05 9.97722E-05 9.97722E-05 9.97722E-05 9.97722E-05 9.97722E-05
9.98334E-05 9.98334E-05 9.98334E-05 9.98334E-05 9.98334E-05 9.98334E-05 0.7133 0.0374438 9.98334E-05 9.98334E-05 9.98334E-05 9.98334E-05 9.98334E-05 0.0478129 9.98334E-05 0.010605 0.0445184 0.110523 0.0138948 9.98334E-05 0.0165205 9.98334E-05 9.98334E-05 9.98334E-05 9.98334E-05 9.98334E-05 9.98334E-05 0.00348468
9.98161E-05 9.98161E-05 0.103486 9.98161E-05 9.98161E-05 9.98161E-05 0.237267 9.98161E-05 9.98161E-05 9.98161E-05 9.98161E-05 0.0107955 9.98161E-05 0.0437772 9.98161E-05 9.98161E-05 0.0460038 9.98161E-05 9.98161E-05 0.531427 0.0251471 9.98161E-05 9.98161E-05 9.98161E-05 9.98161E-05 9.98161E-05 9.98161E-05 9.98161E-05
9.98073E-05 9.98073E-05 9.98073E-05 0.0322007 9.98073E-05 9.98073E-05 9.98073E-05 9.98073E-05 9.98073E-05 9.98073E-05 9.98073E-05 0.0867215 9.98073E-05 9.98073E-05 9.98073E-05 9.98073E-05 0.0198114 9.98073E-05 9.98073E-05 0.782833 9.98073E-05 9.98073E-05 9.98073E-05 9.98073E-05 0.0132813 9.98073E-05 0.0629562 9.98073E-05
9.98157E-05 9.98157E-05 9.98157E-05 9.98157E-05 9.98157E-05 9.98157E-05 0.00432072 9.98157E-05 0.0415597 9.98157E-05 9.98157E-05 0.0342857 9.98157E-05 9.98157E-05 0.089439 9.98157E-05 9.98157E-05 9.98157E-05 0.0345731 0.752518 9.98157E-05 9.98157E-05 9.98157E-05 0.041208 9.98157E-05 9.98157E-05 9.98157E-05 9.98157E-05
0.0933014 9.97984E-05 9.97984E-05 9.97984E-05 9.97984E-05 9.97984E-05 0.792736 9.97984E-05 9.97984E-05 9.97984E-05 9.97984E-05 9.97984E-05 9.97984E-05 0.0945227 9.97984E-05 9.97984E-05 9.97984E-05 9.97984E-05 9.97984E-05 0.0120227 9.97984E-05 9.97984E-05 9.97984E-05 9.97984E-05 0.00512157 9.97984E-05 9.97984E-05 9.97984E-05
9.9807E-05 0.00372442 9.9807E-05 9.9807E-05 9.9807E-05 9.9807E-05 0.87896 0.0583547 9.9807E-05 9.9807E-05 9.9807E-05 9.9807E-05 0.0088497 0.0359254 9.9807E-05 9.9807E-05 9.9807E-05 9.9807E-05 9.9807E-05 9.9807E-05 9.9807E-05 9.9807E-05 9.9807E-05 9.9807E-05 9.9807E-05 9.9807E-05 9.9807E-05 0.0119898
9.97895E-05 9.97895E-05 9.97895E-05 9.97895E-05 9.97895E-05 9.97895E-05 9.97895E-05 9.97895E-05 9.97895E-05 9.97895E-05 9.97895E-05 9.97895E-05 9.97895E-05 0.0960585 0.000261158 9.97895E-05 9.97895E-05 9.97895E-05 9.97895E-05 9.97895E-05 9.97895E-05 9.97895E-05 0.86853 9.97895E-05 9.97895E-05 9.97895E-05 9.97895E-05 0.0327557
0.037496 9.97721E-05 9.97721E-05 9.97721E-05 9.97721E-05 9.97721E-05 9.97721E-05 9.97721E-05 9.97721E-05 9.97721E-05 9.97721E-05 9.97721E-05 9.97721E-05 9.97721E-05 9.97721E-05 0.95991 9.97721E-05 9.97721E-05 9.97721E-05 9.97721E-05 9.97721E-05 9.97721E-05 9.97721E-05 9.97721E-05 9.97721E-05 9.97721E-05 9.97721E-05 9.97721E-05
9.97718E-05 9.97718E-05 9.97718E-05 9.97718E-05 9.97718E-05 9.97718E-05 9.97718E-05 9.97718E-05 9.97718E-05 9.97718E-05 9.97718E-05 9.97718E-05 9.97718E-05 9.97718E-05 9.97718E-05 0.9337 9.97718E-05 9.97718E-05 0.0637055 9.97718E-05 9.97718E-05 9.97718E-05 9.97718E-05 9.97718E-05 9.97718E-05 9.97718E-05 9.97718E-05 9.97718E-05
0.0295857 0.0145313 9.98423E-05 9.98423E-05 9.98423E-05 9.98423E-05 9.98423E-05 0.029241 9.98423E-05 9.98423E-05 9.98423E-05 9.98423E-05 9.98423E-05 0.130579 9.98423E-05 9.98423E-05 9.98423E-05 9.98423E-05 0.0246479 9.98423E-05 9.98423E-05 9.98423E-05 0.420842 0.151203 0.00337236 9.98423E-05 0.114285 0.0799156
9.98067E-05 9.98067E-05 9.98067E-05 0.0347639 9.98067E-05 9.98067E-05 9.98067E-05 0.0246032 0.0162925 9.98067E-05 9.98067E-05 9.98067E-05 9.98067E-05 9.98067E-05 9.98067E-05 9.98067E-05 0.0286081 9.98067E-05 9.98067E-05 9.98067E-05 9.98067E-05 9.98067E-05 0.86342 9.98067E-05 9.98067E-05 9.98067E-05 9.98067E-05 0.0301163
9.97804E-05 9.97804E-05 9.97804E-05 9.97804E-05 9.97804E-05 9.97804E-05 9.97804E-05 9.97804E-05 9.97804E-05 9.97804E-05 9.97804E-05 9.97804E-05 9.97804E-05 0.0617131 9.97804E-05 9.97804E-05 9.97804E-05 9.97804E-05 9.97804E-05 9.97804E-05 0.0283773 9.97804E-05 0.907415 9.97804E-05 9.97804E-05 9.97804E-05 9.97804E-05 9.97804E-05
9.97893E-05 9.97893E-05 9.97893E-05 9.97893E-05 9.97893E-05 9.97893E-05 9.97893E-05 9.97893E-05 9.97893E-05 9.97893E-05 9.97893E-05 9.97893E-05 9.97893E-05 0.0482818 0.0233346 9.97893E-05 9.97893E-05 9.97893E-05 9.97893E-05 9.97893E-05 9.97893E-05 9.97893E-05 0.705497 0.220491 9.97893E-05 9.97893E-05 9.97893E-05 9.97893E-05
9.97892E-05 9.97892E-05 9.97892E-05 9.97892E-05 9.97892E-05 9.97892E-05 9.97892E-05 9.97892E-05 9.97892E-05 9.97892E-05 9.97892E-05 9.97892E-05 9.97892E-05 9.97892E-05 9.97892E-05 9.97892E-05 9.97892E-05 9.97892E-05 0.0804607 9.97892E-05 9.97892E-05 9.97892E-05 0.833203 0.0414042 9.97892E-05 9.97892E-05 9.97892E-05 0.0425367
9.97808E-05 0.00940786 9.97808E-05 9.97808E-05 9.97808E-05 9.97808E-05 9.97808E-05 9.97808E-05 9.97808E-05 9.97808E-05 9.97808E-05 9.97808E-05 9.97808E-05 9.97808E-05 9.97808E-05 0.470109 9.97808E-05 9.97808E-05 9.97808E-05 9.97808E-05 9.97808E-05 9.97808E-05 0.517988 9.97808E-05 9.97808E-05 9.97808E-05 9.97808E-05 9.97808E-05
9.97809E-05 9.97809E-05 9.97809E-05 9.97809E-05 9.97809E-05 9.97809E-05 9.97809E-05 9.97809E-05 9.97809E-05 9.97809E-05 9.97809E-05 9.97809E-05 9.97809E-05 9.97809E-05 9.97809E-05 0.00533465 9.97809E-05 9.97809E-05 9.97809E-05 9.97809E-05 9.97809E-05 9.97809E-05 0.982452 9.97809E-05 0.00971917 9.97809E-05 9.97809E-05 9.97809E-05
9.97891E-05 9.97891E-05 9.97891E-05 9.97891E-05 9.97891E-05 9.97891E-05 9.97891E-05 9.97891E-05 9.97891E-05 9.97891E-05 9.97891E-05 9.97891E-05 9.97891E-05 0.209672 9.97891E-05 9.97891E-05 9.97891E-05 9.97891E-05 9.97891E-05 9.97891E-05 9.97891E-05 9.97891E-05 0.668937 9.97891E-05 0.0999221 9.97891E-05 9.97891E-05 0.0190736
0.00618902 9.98594E-05 0.0378625 9.98594E-05 9.98594E-05 0.00955533 9.98594E-05 0.0426092 0.080054 9.98594E-05 9.98594E-05 9.98594E-05 9.98594E-05 0.0327531 9.98594E-05 9.98594E-05 0.02237 0.0173798 9.98594E-05 9.98594E-05 0.0442176 9.98594E-05 0.620802 0.0457028 0.0389067 9.98594E-05 9.98594E-05 9.98594E-05
9.97981E-05 9.97981E-05 9.97981E-05 9.97981E-05 9.97981E-05 9.97981E-05 9.97981E-05 9.97981E-05 9.97981E-05 0.155485 9.97981E-05 9.97981E-05 9.97981E-05 9.97981E-05 9.97981E-05 9.97981E-05 9.97981E-05 0.0248084 9.97981E-05 9.97981E-05 9.97981E-05 9.97981E-05 0.653606 9.97981E-05 0.0636794 9.97981E-05 9.97981E-05 0.100125
9.98069E-05 9.98069E-05 0.0324383 9.98069E-05 9.98069E-05 9.98069E-05 9.98069E-05 0.0444725 0.15722 9.98069E-05 9.98069E-05 9.98069E-05 9.98069E-05 0.0915571 9.98069E-05 9.98069E-05 9.98069E-05 9.98069E-05 9.98069E-05 9.98069E-05 9.98069E-05 9.98069E-05 0.649983 0.0221332 9.98069E-05 9.98069E-05 9.98069E-05 9.98069E-05
9.97986E-05 9.97986E-05 9.97986E-05 9.97986E-05 9.97986E-05 9.97986E-05 9.97986E-05 9.97986E-05 9.97986E-05 9.97986E-05 9.97986E-05 9.97986E-05 0.0350071 9.97986E-05 9.97986E-05 0.480848 0.0804583 9.97986E-05 9.97986E-05 9.97986E-05 9.97986E-05 9.97986E-05 0.309915 9.97986E-05 9.97986E-05 9.97986E-05 0.0914761 9.97986E-05
9.97725E-05 9.97725E-05 9.97725E-05 9.97725E-05 9.97725E-05 9.97725E-05 9.97725E-05 9.97725E-05 9.97725E-05 9.97725E-05 9.97725E-05 9.97725E-05 9.97725E-05 9.97725E-05 9.97725E-05 9.97725E-05 9.97725E-05 9.97725E-05 9.97725E-05 9.97725E-05 9.97725E-05 9.97725E-05 0.980684 9.97725E-05 9.97725E-05 9.97725E-05 9.97725E-05 0.0167221
9.97805E-05 9.97805E-05 9.97805E-05 9.97805E-05 9.97805E-05 9.97805E-05 9.97805E-05 9.97805E-05 9.97805E-05 9.97805E-05 9.97805E-05 0.0715744 0.106556 9.97805E-05 9.97805E-05 9.97805E-05 9.97805E-05 9.97805E-05 9.97805E-05 9.97805E-05 9.97805E-05 9.97805E-05 0.819375 9.97805E-05 9.97805E-05 9.97805E-05 9.97805E-05 9.97805E-05
9.9798E-05 9.9798E-05 9.9798E-05 9.9798E-05 9.9798E-05 0.0915654 9.9798E-05 9.9798E-05 0.0332864 9.9798E-05 9.9798E-05 0.037424 9.9798E-05 9.9798E-05 9.9798E-05 9.9798E-05 9.9798E-05 9.9798E-05 9.9798E-05 9.9798E-05 9.9798E-05 9.9798E-05 0.79253 9.9798E-05 9.9798E-05 9.9798E-05 9.9798E-05 0.042899
9.97808E-05 9.97808E-05 9.97808E-05 9.97808E-05 9.97808E-05 9.97808E-05 9.97808E-05 9.97808E-05 9.97808E-05 9.97808E-05 9.97808E-05 0.0447981 9.97808E-05 9.97808E-05 9.97808E-05 9.97808E-05 9.97808E-05 9.97808E-05 0.00685142 9.97808E-05 9.97808E-05 9.97808E-05 0.945856 9.97808E-05 9.97808E-05 9.97808E-05 9.97808E-05 9.97808E-05
9.97891E-05 0.0644789 9.97891E-05 9.97891E-05 9.97891E-05 9.97891E-05 9.97891E-05 9.97891E-05 9.97891E-05 9.97891E-05 9.97891E-05 9.97891E-05 9.97891E-05 0.141756 9.97891E-05 9.97891E-05 9.97891E-05 0.0306332 9.97891E-05 9.97891E-05 9.97891E-05 9.97891E-05 0.760737 9.97891E-05 9.97891E-05 9.97891E-05 9.97891E-05 9.97891E-05
9.97634E-05 9.97634E-05 9.97634E-05 9.97634E-05 9.97634E-05 9.97634E-05 9.97634E-05 9.97634E-05 9.97634E-05 9.97634E-05 9.97634E-05 9.97634E-05 9.97634E-05 9.97634E-05 9.97634E-05 0.997306 9.97634E-05 9.97634E-05 9.97634E-05 9.97634E-05 9.97634E-05 9.97634E-05 9.97634E-05 9.97634E-05 9.97634E-05 9.97634E-05 9.97634E-05 9.97634E-05
9.98155E-05 0.0462878 9.98155E-05 9.98155E-05 9.98155E-05 9.98155E-05 9.98155E-05 0.00730145 0.0800775 9.98155E-05 9.98155E-05 0.025543 9.98155E-05 0.0354417 9.98155E-05 9.98155E-05 9.98155E-05 9.98155E-05 9.98155E-05 9.98155E-05 9.98155E-05 9.98155E-05 0.789761 0.0134914 9.98155E-05 9.98155E-05 9.98155E-05 9.98155E-05
9.97722E-05 9.97722E-05 9.97722E-05 9.97722E-05 0.158121 9.97722E-05 9.97722E-05 9.97722E-05 9.97722E-05 9.97722E-05 9.97722E-05 9.97722E-05 9.97722E-05 9.97722E-05 9.97722E-05 9.97722E-05 9.97722E-05 9.97722E-05 9.97722E-05 9.97722E-05 9.97722E-05 9.97722E-05 0.839285 9.97722E-05 9.97722E-05 9.97722E-05 9.97722E-05 9.97722E-05
9.98159E-05 9.98159E-05 9.98159E-05 9.98159E-05 9.98159E-05 9.98159E-05 9.98159E-05 9.98159E-05 9.98159E-05 9.98159E-05 9.98159E-05 0.13482 0.0330404 0.0240267 9.98159E-05 9.98159E-05 9.98159E-05 9.98159E-05 0.032177 9.98159E-05 9.98159E-05 0.00333834 0.762278 9.98159E-05 9.98159E-05 9.98159E-05 9.98159E-05 0.00822359
9.97806E-05 9.97806E-05 9.97806E-05 9.97806E-05 9.97806E-05 0.00218691 9.97806E-05 9.97806E-05 9.97806E-05 9.97806E-05 9.97806E-05 9.97806E-05 9.97806E-05 9.97806E-05 9.97806E-05 9.97806E-05 9.97806E-05 9.97806E-05 9.97806E-05 9.97806E-05 9.97806E-05 9.97806E-05 0.934993 9.97806E-05 0.0603255 9.97806E-05 9.97806E-05 9.97806E-05
9.97896E-05 9.97896E-05 9.97896E-05 0.00397584 9.97896E-05 9.97896E-05 9.97896E-05 9.97896E-05 9.97896E-05 9.97896E-05 9.97896E-05 9.97896E-05 9.97896E-05 0.034498 9.97896E-05 0.937262 9.97896E-05 9.97896E-05 9.97896E-05 9.97896E-05 9.97896E-05 9.97896E-05 9.97896E-05 9.97896E-05 9.97896E-05 9.97896E-05 9.97896E-05 0.0218695
9.97724E-05 9.97724E-05 9.97724E-05 9.97724E-05 9.97724E-05 9.97724E-05 9.97724E-05 9.97724E-05 9.97724E-05 9.97724E-05 9.97724E-05 9.97724E-05 9.97724E-05 9.97724E-05 9.97724E-05 0.165805 9.97724E-05 9.97724E-05 9.97724E-05 9.97724E-05 9.97724E-05 9.97724E-05 0.831601 9.97724E-05 9.97724E-05 9.97724E-05 9.97724E-05 9.97724E-05
9.97719E-05 9.97719E-05 9.97719E-05 9.97719E-05 9.97719E-05 9.97719E-05 9.97719E-05 9.97719E-05 9.97719E-05 9.97719E-05 9.97719E-05 9.97719E-05 9.97719E-05 0.0221879 9.97719E-05 0.975218 9.97719E-05 9.97719E-05 9.97719E-05 9.97719E-05 9.97719E-05 9.97719E-05 9.97719E-05 9.97719E-05 9.97719E-05 9.97719E-05 9.97719E-05 9.97719E-05
9.97722E-05 9.97722E-05 9.97722E-05 9.97722E-05 9.97722E-05 9.97722E-05 9.97722E-05 9.97722E-05 9.97722E-05 9.97722E-05 9.97722E-05 9.97722E-05 9.97722E-05 9.97722E-05 9.97722E-05 9.97722E-05 9.97722E-05 9.97722E-05 0.02126 9.97722E-05 9.97722E-05 9.97722E-05 0.976146 9.97722E-05 9.97722E-05 9.97722E-05 9.97722E-05 9.97722E-05
9.97983E-05 0.0404633 9.97983E-05 9.97983E-05 0.120538 9.97983E-05 9.97983E-05 9.97983E-05 9.97983E-05 9.97983E-05 9.97983E-05 9.97983E-05 9.97983E-05 0.0182345 9.97983E-05 0.727048 9.97983E-05 9.97983E-05 9.97983E-05 9.97983E-05 9.97983E-05 9.97983E-05 9.97983E-05 9.97983E-05 9.97983E-05 9.97983E-05 9.97983E-05 0.0914211
9.9781E-05 9.9781E-05 9.9781E-05 9.9781E-05 9.9781E-05 9.9781E-05 9.9781E-05 9.9781E-05 9.9781E-05 9.9781E-05 9.9781E-05 9.9781E-05 9.9781E-05 0.0609587 9.9781E-05 9.9781E-05 9.9781E-05 9.9781E-05 9.9781E-05 9.9781E-05 9.9781E-05 9.9781E-05 9.9781E-05 9.9781E-05 9.9781E-05 9.9781E-05 0.878243 0.0583037
9.97896E-05 9.97896E-05 9.97896E-05 9.97896E-05 0.341079 9.97896E-05 9.97896E-05 9.97896E-05 9.97896E-05 9.97896E-05 9.97896E-05 9.97896E-05 9.97896E-05 9.97896E-05 9.97896E-05 9.97896E-05 9.97896E-05 9.97896E-05 9.97896E-05 9.97896E-05 9.97896E-05 9.97896E-05 9.97896E-05 9.97896E-05 9.97896E-05 0.455792 0.17411 0.0266242
9.97896E-05 9.97896E-05 0.0532743 9.97896E-05 9.97896E-05 9.97896E-05 9.97896E-05 9.97896E-05 9.97896E-05 9.97896E-05 9.97896E-05 9.97896E-05 9.97896E-05 0.0567699 9.97896E-05 9.97896E-05 0.0216261 9.97896E-05 9.97896E-05 9.97896E-05 9.97896E-05 9.97896E-05 9.97896E-05 9.97896E-05 9.97896E-05 9.97896E-05 0.865935 9.97896E-05
9.97805E-05 9.97805E-05 9.97805E-05 9.97805E-05 9.97805E-05 9.97805E-05 9.97805E-05 9.97805E-05 9.97805E-05 9.97805E-05 9.97805E-05 9.97805E-05 9.97805E-05 0.0935351 9.97805E-05 9.97805E-05 9.97805E-05 9.97805E-05 0.0201613 9.97805E-05 9.97805E-05 9.97805E-05 9.97805E-05 9.97805E-05 9.97805E-05 9.97805E-05 0.883809 9.97805E-05
9.97982E-05 9.97982E-05 9.97982E-05 9.97982E-05 9.97982E-05 0.0287454 9.97982E-05 9.97982E-05 9.97982E-05 9.97982E-05 9.97982E-05 9.97982E-05 0.00458547 9.97982E-05 9.97982E-05 9.97982E-05 0.0748393 9.97982E-05 9.97982E-05 9.97982E-05 9.97982E-05 9.97982E-05 9.97982E-05 9.97982E-05 9.97982E-05 9.97982E-05 0.819926 0.0696084
0.0569273 9.98158E-05 9.98158E-05 9.98158E-05 0.054967 9.98158E-05 9.98158E-05 9.98158E-05 9.98158E-05 9.98158E-05 0.0697536 9.98158E-05 9.98158E-05 0.190593 9.98158E-05 9.98158E-05 9.98158E-05 9.98158E-05 9.98158E-05 9.98158E-05 9.98158E-05 9.98158E-05 9.98158E-05 0.0532006 9.98158E-05 9.98158E-05 0.459236 0.113226
9.98246E-05 9.98246E-05 9.98246E-05 9.98246E-05 0.105132 0.0112888 9.98246E-05 9.98246E-05 0.0196229 9.98246E-05 9.98246E-05 9.98246E-05 9.98246E-05 0.0754134 9.98246E-05 9.98246E-05 9.98246E-05 9.98246E-05 0.0274784 9.98246E-05 9.98246E-05 9.98246E-05 9.98246E-05 9.98246E-05 0.0375999 9.98246E-05 0.648528 0.0729398
9.9772E-05 9.9772E-05 9.9772E-05 9.9772E-05 9.9772E-05 9.9772E-05 9.9772E-05 9.9772E-05 9.9772E-05 9.9772E-05 9.9772E-05 9.9772E-05 9.9772E-05 9.9772E-05 9.9772E-05 9.9772E-05 9.9772E-05 9.9772E-05 9.9772E-05 9.9772E-05 9.9772E-05 9.9772E-05 9.9772E-05 9.9772E-05 9.9772E-05 9.9772E-05 0.786126 0.21128
9.98156E-05 0.179865 0.0242043 9.98156E-05 9.98156E-05 9.98156E-05 9.98156E-05 9.98156E-05 9.98156E-05 9.98156E-05 9.98156E-05 9.98156E-05 9.98156E-05 0.0358331 9.98156E-05 9.98156E-05 9.98156E-05 9.98156E-05 9.98156E-05 9.98156E-05 9.98156E-05 9.98156E-05 9.98156E-05 0.143255 0.0405543 9.98156E-05 0.327253 0.24694
9.98071E-05 9.98071E-05 0.00351757 9.98071E-05 9.98071E-05 0.00527376 9.98071E-05 9.98071E-05 0.0179661 9.98071E-05 9.98071E-05 9.98071E-05 9.98071E-05 0.294481 9.98071E-05 9.98071E-05 9.98071E-05 9.98071E-05 9.98071E-05 9.98071E-05 9.98071E-05 9.98071E-05 9.98071E-05 9.98071E-05 9.98071E-05 9.98071E-05 0.49999 0.176575
9.98071E-05 9.98071E-05 9.98071E-05 9.98071E-05 9.98071E-05 9.98071E-05 9.98071E-05 9.98071E-05 9.98071E-05 9.98071E-05 0.583457 9.98071E-05 9.98071E-05 0.0118844 9.98071E-05 9.98071E-05 9.98071E-05 9.98071E-05 9.98071E-05 9.98071E-05 9.98071E-05 9.98071E-05 9.98071E-05 0.220551 0.00289726 9.98071E-05 0.165268 0.0137467
9.98159E-05 9.98159E-05 9.98159E-05 9.98159E-05 9.98159E-05 9.98159E-05 9.98159E-05 9.98159E-05 9.98159E-05 9.98159E-05 0.0209027 9.98159E-05 9.98159E-05 0.0360871 9.98159E-05 9.98159E-05 9.98159E-05 9.98159E-05 0.0247645 9.98159E-05 9.98159E-05 9.98159E-05 9.98159E-05 0.00587 0.0721272 0.235004 0.603148 9.98159E-05
0.0731936 9.97985E-05 9.97985E-05 9.97985E-05 0.14826 9.97985E-05 9.97985E-05 9.97985E-05 9.97985E-05 9.97985E-05 9.97985E-05 9.97985E-05 9.97985E-05 9.97985E-05 9.97985E-05 9.97985E-05 9.97985E-05 9.97985E-05 0.0109832 9.97985E-05 9.97985E-05 9.97985E-05 9.97985E-05 9.97985E-05 9.97985E-05 9.97985E-05 0.698024 0.0672443
9.97984E-05 9.97984E-05 9.97984E-05 9.97984E-05 9.97984E-05 9.97984E-05 9.97984E-05 9.97984E-05 9.97984E-05 9.97984E-05 0.231363 9.97984E-05 9.97984E-05 0.189643 9.97984E-05 9.97984E-05 9.97984E-05 9.97984E-05 9.97984E-05 9.97984E-05 9.97984E-05 0.00873932 9.97984E-05 9.97984E-05 9.97984E-05 9.97984E-05 0.485113 0.0828459
9.98071E-05 9.98071E-05 9.98071E-05 9.98071E-05 0.319472 0.084528 9.98071E-05 9.98071E-05 9.98071E-05 9.98071E-05 9.98071E-05 9.98071E-05 9.98071E-05 9.98071E-05 9.98071E-05 9.98071E-05 9.98071E-05 0.0451172 0.0916945 9.98071E-05 9.98071E-05 9.98071E-05 9.98071E-05 9.98071E-05 9.98071E-05 9.98071E-05 0.426105 0.0308868
0.016779 0.212021 9.98333E-05 9.98333E-05 0.0408153 9.98333E-05 9.98333E-05 9.98333E-05 9.98333E-05 9.98333E-05 9.98333E-05 9.98333E-05 0.00259617 0.10821 9.98333E-05 9.98333E-05 0.0118826 9.98333E-05 9.98333E-05 9.98333E-05 9.98333E-05 9.98333E-05 9.98333E-05 0.0279902 9.98333E-05 9.98333E-05 0.566027 0.011782
9.98158E-05 9.98158E-05 9.98158E-05 0.0188215 9.98158E-05 9.98158E-05 9.98158E-05 9.98158E-05 9.98158E-05 9.98158E-05 0.142114 9.98158E-05 9.98158E-05 0.0582671 9.98158E-05 9.98158E-05 9.98158E-05 9.98158E-05 9.98158E-05 9.98158E-05 0.0126415 9.98158E-05 9.98158E-05 0.155619 9.98158E-05 9.98158E-05 0.572435 0.0380062
0.039892 9.98335E-05 9.98335E-05 9.98335E-05 9.98335E-05 9.98335E-05 9.98335E-05 0.00993187 0.0237566 9.98335E-05 0.0705055 9.98335E-05 0.00423421 9.98335E-05 9.98335E-05 9.98335E-05 0.0807689 9.98335E-05 9.98335E-05 9.98335E-05 9.98335E-05 9.98335E-05 9.98335E-05 9.98335E-05 9.98335E-05 0.0961316 0.58284 0.0900422
9.9781E-05 9.9781E-05 9.9781E-05 9.9781E-05 9.9781E-05 9.9781E-05 9.9781E-05 9.9781E-05 9.9781E-05 9.9781E-05 0.14814 9.9781E-05 9.9781E-05 9.9781E-05 9.9781E-05 9.9781E-05 9.9781E-05 9.9781E-05 9.9781E-05 9.9781E-05 9.9781E-05 9.9781E-05 9.9781E-05 9.9781E-05 0.0307346 9.9781E-05 0.818631 9.9781E-05
0.0116202 0.0306991 9.98244E-05 0.052903 9.98244E-05 9.98244E-05 9.98244E-05 9.98244E-05 9.98244E-05 9.98244E-05 9.98244E-05 9.98244E-05 9.98244E-05 0.0660649 9.98244E-05 9.98244E-05 9.98244E-05 9.98244E-05 9.98244E-05 9.98244E-05 0.022765 9.98244E-05 9.98244E-05 9.98244E-05 9.98244E-05 0.444843 0.31978 0.0493277
0.00335134 9.98245E-05 9.98245E-05 9.98245E-05 0.0201509 9.98245E-05 9.98245E-05 9.98245E-05 9.98245E-05 9.98245E-05 0.11715 9.98245E-05 9.98245E-05 0.0722906 9.98245E-05 9.98245E-05 0.0250628 9.98245E-05 9.98245E-05 9.98245E-05 9.98245E-05 9.98245E-05 9.98245E-05 0.123559 9.98245E-05 9.98245E-05 0.618573 0.0178659
9.97809E-05 9.97809E-05 9.97809E-05 9.97809E-05 9.97809E-05 9.97809E-05 9.97809E-05 9.97809E-05 9.97809E-05 9.97809E-05 9.97809E-05 9.97809E-05 9.97809E-05 0.0186726 9.97809E-05 9.97809E-05 9.97809E-05 9.97809E-05 9.97809E-05 9.97809E-05 9.97809E-05 9.97809E-05 9.97809E-05 9.97809E-05 9.97809E-05 9.97809E-05 0.925886 0.0529474
9.98246E-05 9.98246E-05 9.98246E-05 0.00159806 9.98246E-05 9.98246E-05 9.98246E-05 9.98246E-05 9.98246E-05 9.98246E-05 9.98246E-05 0.0394984 9.98246E-05 0.197459 0.00696661 9.98246E-05 0.0417172 9.98246E-05 9.98246E-05 9.98246E-05 9.98246E-05 9.98246E-05 9.98246E-05 0.0791496 9.98246E-05 9.98246E-05 0.418154 0.213461
9.97983E-05 9.97983E-05 0.0333679 9.97983E-05 0.0538724 9.97983E-05 9.97983E-05 9.97983E-05 9.97983E-05 9.97983E-05 0.209317 9.97983E-05 9.97983E-05 9.97983E-05 9.97983E-05 9.97983E-05 9.97983E-05 9.97983E-05 9.97983E-05 9.97983E-05 9.97983E-05 9.97983E-05 9.97983E-05 9.97983E-05 9.97983E-05 9.97983E-05 0.555621 0.145526
9.97805E-05 9.97805E-05 9.97805E-05 0.0367287 9.97805E-05 9.97805E-05 9.97805E-05 9.97805E-05 9.97805E-05 9.97805E-05 9.97805E-05 9.97805E-05 9.97805E-05 0.25564 9.97805E-05 9.97805E-05 0.0269295 9.97805E-05 9.97805E-05 9.97805E-05 9.97805E-05 9.97805E-05 9.97805E-05 0.116757 9.97805E-05 9.97805E-05 0.3575 0.204249
9.98072E-05 9.98072E-05 9.98072E-05 9.98072E-05 0.0851849 9.98072E-05 9.98072E-05 9.98072E-05 9.98072E-05 9.98072E-05 0.338037 9.98072E-05 9.98072E-05 0.102886 9.98072E-05 9.98072E-05 9.98072E-05 9.98072E-05 9.98072E-05 9.98072E-05 9.98072E-05 9.98072E-05 0.166771 9.98072E-05 9.98072E-05 9.98072E-05 0.191465 0.11346
9.98246E-05 9.98246E-05 9.98246E-05 0.0105081 0.0823884 0.00687688 9.98246E-05 0.0562909 9.98246E-05 9.98246E-05 9.98246E-05 9.98246E-05 9.98246E-05 9.98246E-05 9.98246E-05 9.98246E-05 0.100565 9.98246E-05 9.98246E-05 9.98246E-05 0.0164193 0.00789152 9.98246E-05 9.98246E-05 9.98246E-05 0.717064 9.98246E-05 9.98246E-05
9.97894E-05 9.97894E-05 9.97894E-05 0.0307963 9.97894E-05 9.97894E-05 9.97894E-05 9.97894E-05 9.97894E-05 9.97894E-05 9.97894E-05 9.97894E-05 9.97894E-05 0.0802668 9.97894E-05 9.97894E-05 9.97894E-05 9.97894E-05 9.97894E-05 9.97894E-05 9.97894E-05 9.97894E-05 9.97894E-05 9.97894E-05 9.97894E-05 9.97894E-05 0.777044 0.109498
9.97984E-05 9.97984E-05 9.97984E-05 9.97984E-05 9.97984E-05 9.97984E-05 9.97984E-05 9.97984E-05 9.97984E-05 9.97984E-05 9.97984E-05 9.97984E-05 9.97984E-05 0.132671 9.97984E-05 9.97984E-05 9.97984E-05 9.97984E-05 9.97984E-05 9.97984E-05 9.97984E-05 9.97984E-05 9.97984E-05 0.0950179 9.97984E-05 0.0415145 0.436616 0.291885
9.98071E-05 9.98071E-05 9.98071E-05 0.0189224 0.264236 9.98071E-05 9.98071E-05 9.98071E-05 9.98071E-05 9.98071E-05 9.98071E-05 9.98071E-05 9.98071E-05 0.0698995 9.98071E-05 9.98071E-05 0.185089 9.98071E-05 9.98071E-05 9.98071E-05 9.98071E-05 9.98071E-05 9.98071E-05 9.98071E-05 0.00828994 9.98071E-05 0.451367 9.98071E-05
9.9816E-05 9.9816E-05 9.9816E-05 9.9816E-05 9.9816E-05 9.9816E-05 9.9816E-05 9.9816E-05 9.9816E-05 9.9816E-05 0.0869826 9.9816E-05 9.9816E-05 0.169083 9.9816E-05 9.9816E-05 9.9816E-05 0.0407904 9.9816E-05 9.9816E-05 9.9816E-05 9.9816E-05 9.9816E-05 0.00492834 0.0506424 9.9816E-05 0.605474 0.0400029
9.97805E-05 9.97805E-05 9.97805E-05 9.97805E-05 0.205685 9.97805E-05 9.97805E-05 9.97805E-05 9.97805E-05 9.97805E-05 9.97805E-05 9.97805E-05 9.97805E-05 9.97805E-05 9.97805E-05 9.97805E-05 9.97805E-05 0.0448127 9.97805E-05 9.97805E-05 9.97805E-05 9.97805E-05 9.97805E-05 9.97805E-05 9.97805E-05 9.97805E-05 0.747008 9.97805E-05
9.97982E-05 9.97982E-05 9.97982E-05 0.140403 9.97982E-05 9.97982E-05 9.97982E-05 9.97982E-05 9.97982E-05 9.97982E-05 9.97982E-05 9.97982E-05 9.97982E-05 0.172465 9.97982E-05 9.97982E-05 0.152608 9.97982E-05 9.97982E-05 9.97982E-05 9.97982E-05 9.97982E-05 9.97982E-05 9.97982E-05 9.97982E-05 9.97982E-05 0.314377 0.217853
9.97894E-05 9.97894E-05 9.97894E-05 9.97894E-05 9.97894E-05 9.97894E-05 9.97894E-05 9.97894E-05 0.123046 9.97894E-05 9.97894E-05 9.97894E-05 9.97894E-05 0.0334849 9.97894E-05 9.97894E-05 9.97894E-05 9.97894E-05 9.97894E-05 9.97894E-05 9.97894E-05 9.97894E-05 9.97894E-05 9.97894E-05 9.97894E-05 9.97894E-05 0.840866 0.000208682
0.0161484 9.97984E-05 9.97984E-05 9.97984E-05 9.97984E-05 9.97984E-05 9.97984E-05 9.97984E-05 9.97984E-05 9.97984E-05 0.015961 9.97984E-05 9.97984E-05 0.0878262 9.97984E-05 9.97984E-05 9.97984E-05 9.97984E-05 9.97984E-05 9.97984E-05 9.97984E-05 9.97984E-05 9.97984E-05 9.97984E-05 9.97984E-05 0.083138 0.794631 9.97984E-05
