9.98859E-05 9.98859E-05 9.98859E-05 9.98859E-05 0.142 9.98859E-05 9.98859E-05 9.98859E-05 0.375633 0.0419634 9.98859E-05 0.331969 9.98859E-05 0.0448345 0.0247752 9.98859E-05 9.98859E-05 9.98859E-05 9.98859E-05 0.0375262
9.98771E-05 9.98771E-05 9.98771E-05 0.00910537 9.98771E-05 9.98771E-05 9.98771E-05 0.00265961 0.594263 0.0427862 9.98771E-05 9.98771E-05 9.98771E-05 9.98771E-05 9.98771E-05 0.116165 9.98771E-05 0.233622 9.98771E-05 9.98771E-05
9.98684E-05 9.98684E-05 9.98684E-05 9.98684E-05 0.0406702 0.019198 9.98684E-05 9.98684E-05 0.86756 9.98684E-05 9.98684E-05 9.98684E-05 9.98684E-05 0.0640879 0.00698577 9.98684E-05 9.98684E-05 9.98684E-05 9.98684E-05 9.98684E-05
9.99122E-05 9.99122E-05 0.109816 0.191513 0.194958 0.0716768 9.99122E-05 0.113271 0.224753 9.99122E-05 0.00503377 9.99122E-05 0.0220475 9.99122E-05 0.0394253 9.99122E-05 9.99122E-05 9.99122E-05 9.99122E-05 0.0265064
9.98596E-05 9.98596E-05 9.98596E-05 9.98596E-05 9.98596E-05 0.147173 9.98596E-05 9.98596E-05 0.807378 9.98596E-05 9.98596E-05 9.98596E-05 0.00139335 9.98596E-05 9.98596E-05 0.042458 9.98596E-05 9.98596E-05 9.98596E-05 9.98596E-05
9.9886E-05 9.9886E-05 0.113806 9.9886E-05 9.9886E-05 0.109126 9.9886E-05 9.9886E-05 0.170081 9.9886E-05 0.126838 0.359035 0.115928 9.9886E-05 0.0038874 9.9886E-05 9.9886E-05 9.9886E-05 9.9886E-05 9.9886E-05
9.99035E-05 9.99035E-05 9.99035E-05 0.158367 0.196087 9.99035E-05 9.99035E-05 9.99035E-05 0.248122 0.0426106 9.99035E-05 0.177485 9.99035E-05 0.00483826 0.0595879 9.99035E-05 9.99035E-05 9.99035E-05 0.041787 0.0700158
9.99211E-05 9.99211E-05 0.0463002 9.99211E-05 0.190921 0.062433 0.0521666 9.99211E-05 0.12284 9.99211E-05 0.0611945 0.179409 0.116461 9.99211E-05 9.99211E-05 9.99211E-05 0.135755 9.99211E-05 0.0149898 0.0166298
9.98771E-05 9.98771E-05 9.98771E-05 9.98771E-05 0.0794954 0.0276702 9.98771E-05 9.98771E-05 0.269234 9.98771E-05 9.98771E-05 9.98771E-05 0.256305 0.189199 0.176698 9.98771E-05 9.98771E-05 9.98771E-05 9.98771E-05 9.98771E-05
9.98508E-05 9.98508E-05 9.98508E-05 9.98508E-05 9.98508E-05 9.98508E-05 0.0333319 9.98508E-05 0.908168 9.98508E-05 9.98508E-05 9.98508E-05 9.98508E-05 0.0568024 9.98508E-05 9.98508E-05 9.98508E-05 9.98508E-05 9.98508E-05 9.98508E-05
9.98683E-05 9.98683E-05 9.98683E-05 9.98683E-05 0.106523 9.98683E-05 9.98683E-05 9.98683E-05 0.406918 9.98683E-05 9.98683E-05 0.221308 9.98683E-05 0.139516 9.98683E-05 9.98683E-05 9.98683E-05 9.98683E-05 9.98683E-05 0.124238
9.98684E-05 9.98684E-05 9.98684E-05 9.98684E-05 9.98684E-05 9.98684E-05 9.98684E-05 9.98684E-05 0.902223 9.98684E-05 0.0172838 0.0195829 0.0125875 9.98684E-05 9.98684E-05 9.98684E-05 0.0468243 9.98684E-05 9.98684E-05 9.98684E-05
9.98508E-05 9.98508E-05 9.98508E-05 9.98508E-05 0.0988883 9.98508E-05 9.98508E-05 9.98508E-05 0.82954 9.98508E-05 9.98508E-05 9.98508E-05 9.98508E-05 0.0698738 9.98508E-05 9.98508E-05 9.98508E-05 9.98508E-05 9.98508E-05 9.98508E-05
9.98772E-05 0.0911921 0.0764957 9.98772E-05 9.98772E-05 9.98772E-05 9.98772E-05 9.98772E-05 0.577995 9.98772E-05 9.98772E-05 9.98772E-05 9.98772E-05 0.1045 9.98772E-05 9.98772E-05 9.98772E-05 0.136077 9.98772E-05 0.0123426
0.0076761 0.0898315 0.0434659 9.9921E-05 9.9921E-05 9.9921E-05 9.9921E-05 0.0170734 0.272983 0.0268192 0.0296675 0.262324 0.0678908 0.11734 0.0640293 9.9921E-05 9.9921E-05 9.9921E-05 9.9921E-05 9.9921E-05
9.98946E-05 0.0159011 9.98946E-05 0.0445157 0.149426 9.98946E-05 9.98946E-05 9.98946E-05 0.16065 9.98946E-05 9.98946E-05 0.264771 0.176421 0.0925595 9.98946E-05 9.98946E-05 0.0945574 9.98946E-05 9.98946E-05 9.98946E-05
0.14806 9.98685E-05 9.98685E-05 0.188673 9.98685E-05 9.98685E-05 9.98685E-05 9.98685E-05 0.549483 0.0775742 9.98685E-05 9.98685E-05 9.98685E-05 0.0347117 9.98685E-05 9.98685E-05 9.98685E-05 9.98685E-05 9.98685E-05 9.98685E-05
9.98948E-05 9.98948E-05 9.98948E-05 9.98948E-05 0.168217 9.98948E-05 0.162632 0.113875 0.0691661 9.98948E-05 9.98948E-05 0.332462 0.00915269 0.107671 0.0356247 9.98948E-05 9.98948E-05 9.98948E-05 9.98948E-05 9.98948E-05
9.98859E-05 9.98859E-05 9.98859E-05 9.98859E-05 0.219113 9.98859E-05 0.00699108 9.98859E-05 0.342004 9.98859E-05 0.184309 9.98859E-05 0.0902161 0.149366 9.98859E-05 9.98859E-05 9.98859E-05 9.98859E-05 9.98859E-05 0.00670328
9.98421E-05 9.98421E-05 9.98421E-05 9.98421E-05 9.98421E-05 9.98421E-05 9.98421E-05 0.0840093 0.914194 9.98421E-05 9.98421E-05 9.98421E-05 9.98421E-05 9.98421E-05 9.98421E-05 9.98421E-05 9.98421E-05 9.98421E-05 9.98421E-05 9.98421E-05
9.9921E-05 0.00848797 9.9921E-05 9.9921E-05 0.0498687 0.0857154 9.9921E-05 0.00319649 0.454962 9.9921E-05 9.9921E-05 0.0388715 0.0982106 0.0412597 0.0255809 9.9921E-05 0.129536 9.9921E-05 9.9921E-05 0.0634108
9.98861E-05 9.98861E-05 9.98861E-05 9.98861E-05 0.379303 9.98861E-05 0.0223118 9.98861E-05 0.229913 0.00780943 0.119652 9.98861E-05 0.163043 9.98861E-05 9.98861E-05 0.076669 9.98861E-05 9.98861E-05 9.98861E-05 9.98861E-05
9.98772E-05 9.98772E-05 9.98772E-05 9.98772E-05 9.98772E-05 9.98772E-05 9.98772E-05 9.98772E-05 0.580102 0.00118653 9.98772E-05 0.229927 9.98772E-05 0.057417 9.98772E-05 0.0712559 9.98772E-05 9.98772E-05 9.98772E-05 0.0587133
9.98684E-05 9.98684E-05 9.98684E-05 9.98684E-05 0.28 9.98684E-05 9.98684E-05 9.98684E-05 0.358835 9.98684E-05 9.98684E-05 0.0705642 9.98684E-05 0.239072 0.0500315 9.98684E-05 9.98684E-05 9.98684E-05 9.98684E-05 9.98684E-05
9.98901E-05 0.0714517 0.231772 9.98901E-05 0.0772359 9.98901E-05 9.98901E-05 0.0735074 0.212769 9.98901E-05 9.98901E-05 9.98901E-05 0.00774073 0.240553 9.98901E-05 9.98901E-05 0.0528566 9.98901E-05 9.98901E-05 0.0310141
9.98596E-05 9.98596E-05 0.207653 0.126331 9.98596E-05 9.98596E-05 9.98596E-05 9.98596E-05 0.613505 9.98596E-05 9.98596E-05 9.98596E-05 9.98596E-05 0.0509127 9.98596E-05 9.98596E-05 9.98596E-05 9.98596E-05 9.98596E-05 9.98596E-05
9.98683E-05 9.98683E-05 0.286333 9.98683E-05 0.244051 9.98683E-05 0.123942 9.98683E-05 9.98683E-05 9.98683E-05 9.98683E-05 9.98683E-05 9.98683E-05 9.98683E-05 9.98683E-05 0.303081 0.0410955 9.98683E-05 9.98683E-05 9.98683E-05
9.98684E-05 9.98684E-05 9.98684E-05 0.0757896 0.066349 9.98684E-05 9.98684E-05 9.98684E-05 0.795508 9.98684E-05 0.0170856 9.98684E-05 9.98684E-05 0.0437701 9.98684E-05 9.98684E-05 9.98684E-05 9.98684E-05 9.98684E-05 9.98684E-05
9.9886E-05 9.9886E-05 9.9886E-05 9.9886E-05 0.0509386 9.9886E-05 9.9886E-05 0.0217562 0.522997 9.9886E-05 9.9886E-05 0.000964895 9.9886E-05 0.18606 0.0196981 0.196287 9.9886E-05 9.9886E-05 9.9886E-05 9.9886E-05
0.00959975 9.9886E-05 9.9886E-05 9.9886E-05 9.9886E-05 9.9886E-05 0.0496165 9.9886E-05 0.715351 9.9886E-05 9.9886E-05 9.9886E-05 0.0725012 0.0788319 9.9886E-05 9.9886E-05 9.9886E-05 0.0667232 9.9886E-05 0.00607847
9.98858E-05 9.98858E-05 9.98858E-05 9.98858E-05 9.98858E-05 9.98858E-05 9.98858E-05 9.98858E-05 0.598634 9.98858E-05 0.0460575 0.135963 0.0104471 0.0193999 9.98858E-05 0.0964778 9.98858E-05 9.98858E-05 9.98858E-05 0.0917216
9.98948E-05 9.98948E-05 0.215285 0.0127948 0.0562028 9.98948E-05 9.98948E-05 9.98948E-05 0.516656 9.98948E-05 0.0306266 0.0635695 9.98948E-05 0.0578326 9.98948E-05 9.98948E-05 9.98948E-05 9.98948E-05 9.98948E-05 0.0458336
9.98859E-05 9.98859E-05 9.98859E-05 9.98859E-05 0.200912 9.98859E-05 9.98859E-05 9.98859E-05 0.379021 9.98859E-05 9.98859E-05 0.19269 9.98859E-05 0.15397 9.98859E-05 9.98859E-05 0.00804697 0.0205832 9.98859E-05 0.0434774
9.98947E-05 9.98947E-05 0.22412 9.98947E-05 0.0886079 9.98947E-05 0.00173263 0.0211672 0.488369 9.98947E-05 9.98947E-05 9.98947E-05 9.98947E-05 0.138343 9.98947E-05 0.0341795 9.98947E-05 9.98947E-05 0.00228317 9.98947E-05
9.9886E-05 0.059235 9.9886E-05 9.9886E-05 9.9886E-05 9.9886E-05 0.0283661 0.00691012 0.808056 0.00140425 0.0697077 9.9886E-05 9.9886E-05 9.9886E-05 9.9886E-05 9.9886E-05 9.9886E-05 9.9886E-05 9.9886E-05 0.0250219
9.98948E-05 9.98948E-05 9.98948E-05 0.229773 0.076559 9.98948E-05 9.98948E-05 9.98948E-05 0.514608 0.0221825 9.98948E-05 0.119616 0.017373 9.98948E-05 0.0056757 0.0130146 9.98948E-05 9.98948E-05 9.98948E-05 9.98948E-05
9.98685E-05 9.98685E-05 9.98685E-05 9.98685E-05 9.98685E-05 9.98685E-05 9.98685E-05 9.98685E-05 0.864618 9.98685E-05 0.0572848 9.98685E-05 9.98685E-05 9.98685E-05 9.98685E-05 0.0131207 0.0429237 9.98685E-05 9.98685E-05 0.0205548
9.98685E-05 9.98685E-05 9.98685E-05 9.98685E-05 9.98685E-05 9.98685E-05 9.98685E-05 0.0569385 0.678128 0.0504638 9.98685E-05 9.98685E-05 0.144362 0.0686102 9.98685E-05 9.98685E-05 9.98685E-05 9.98685E-05 9.98685E-05 9.98685E-05
0.0884939 9.98947E-05 9.98947E-05 9.98947E-05 0.0456897 0.0744807 9.98947E-05 9.98947E-05 0.516852 0.0463644 0.015507 9.98947E-05 9.98947E-05 0.192809 9.98947E-05 9.98947E-05 9.98947E-05 9.98947E-05 9.98947E-05 0.0186047
9.98684E-05 9.98684E-05 0.225914 9.98684E-05 9.98684E-05 9.98684E-05 9.98684E-05 9.98684E-05 0.564603 9.98684E-05 9.98684E-05 9.98684E-05 9.98684E-05 0.0979837 9.98684E-05 9.98684E-05 0.0706146 9.98684E-05 0.039387 9.98684E-05
9.98684E-05 9.98684E-05 9.98684E-05 9.98684E-05 0.0644217 9.98684E-05 9.98684E-05 9.98684E-05 0.820596 9.98684E-05 0.0134336 9.98684E-05 9.98684E-05 0.0483574 9.98684E-05 0.0516936 9.98684E-05 9.98684E-05 9.98684E-05 9.98684E-05
9.98598E-05 9.98598E-05 9.98598E-05 9.98598E-05 0.175335 9.98598E-05 9.98598E-05 9.98598E-05 0.576498 9.98598E-05 9.98598E-05 9.98598E-05 9.98598E-05 0.0675883 9.98598E-05 0.178981 9.98598E-05 9.98598E-05 9.98598E-05 9.98598E-05
9.98772E-05 0.0177688 9.98772E-05 9.98772E-05 0.0193455 9.98772E-05 9.98772E-05 9.98772E-05 0.685607 9.98772E-05 0.0389838 9.98772E-05 9.98772E-05 9.98772E-05 9.98772E-05 0.104219 9.98772E-05 0.132678 9.98772E-05 9.98772E-05
9.98859E-05 9.98859E-05 9.98859E-05 9.98859E-05 0.0843324 9.98859E-05 9.98859E-05 9.98859E-05 0.339775 9.98859E-05 9.98859E-05 0.234107 0.0994982 0.179031 0.0355432 9.98859E-05 9.98859E-05 9.98859E-05 9.98859E-05 0.0264147
9.9886E-05 9.9886E-05 9.9886E-05 0.0487157 0.408753 9.9886E-05 9.9886E-05 0.0336239 0.220168 9.9886E-05 0.0391552 9.9886E-05 9.9886E-05 0.224363 9.9886E-05 9.9886E-05 9.9886E-05 9.9886E-05 9.9886E-05 0.0239226
9.98858E-05 9.98858E-05 9.98858E-05 9.98858E-05 0.0103421 0.00242143 9.98858E-05 0.0602868 0.863874 9.98858E-05 0.0219901 9.98858E-05 0.0106969 0.02909 9.98858E-05 9.98858E-05 9.98858E-05 9.98858E-05 9.98858E-05 9.98858E-05
9.98684E-05 9.98684E-05 9.98684E-05 0.0369322 9.98684E-05 9.98684E-05 0.00887853 9.98684E-05 0.818967 9.98684E-05 9.98684E-05 9.98684E-05 0.0417516 0.0919727 9.98684E-05 9.98684E-05 9.98684E-05 9.98684E-05 9.98684E-05 9.98684E-05
9.98683E-05 0.0174072 9.98683E-05 9.98683E-05 9.98683E-05 9.98683E-05 9.98683E-05 9.98683E-05 0.802614 9.98683E-05 9.98683E-05 9.98683E-05 9.98683E-05 0.0077374 9.98683E-05 9.98683E-05 0.0311282 0.139615 9.98683E-05 9.98683E-05
9.98771E-05 9.98771E-05 9.98771E-05 9.98771E-05 0.159151 9.98771E-05 9.98771E-05 9.98771E-05 0.584679 9.98771E-05 0.0429 0.072582 9.98771E-05 0.13274 9.98771E-05 9.98771E-05 9.98771E-05 9.98771E-05 9.98771E-05 0.00655015
9.98774E-05 9.98774E-05 9.98774E-05 9.98774E-05 9.98774E-05 9.98774E-05 0.000195749 9.98774E-05 0.619294 9.98774E-05 0.0686097 9.98774E-05 9.98774E-05 9.98774E-05 9.98774E-05 9.98774E-05 9.98774E-05 0.154669 0.104347 0.0514857
9.98859E-05 9.98859E-05 0.171629 9.98859E-05 9.98859E-05 9.98859E-05 9.98859E-05 9.98859E-05 0.217246 9.98859E-05 9.98859E-05 0.0358225 9.98859E-05 0.161126 0.0770595 0.162594 9.98859E-05 9.98859E-05 9.98859E-05 0.173225
9.9886E-05 9.9886E-05 9.9886E-05 0.090339 0.188078 0.02717 9.9886E-05 0.00630493 0.618157 9.9886E-05 9.9886E-05 9.9886E-05 9.9886E-05 9.9886E-05 0.0641231 9.9886E-05 0.00452955 9.9886E-05 9.9886E-05 9.9886E-05
9.98597E-05 9.98597E-05 9.98597E-05 9.98597E-05 9.98597E-05 9.98597E-05 0.0324824 9.98597E-05 0.858377 0.02699 9.98597E-05 9.98597E-05 9.98597E-05 0.0805527 9.98597E-05 9.98597E-05 9.98597E-05 9.98597E-05 9.98597E-05 9.98597E-05
9.98946E-05 9.98946E-05 9.98946E-05 9.98946E-05 0.0251091 0.00588359 9.98946E-05 9.98946E-05 0.219845 9.98946E-05 9.98946E-05 9.98946E-05 9.98946E-05 0.0235431 0.0188595 9.98946E-05 0.0739679 0.58265 0.048943 9.98946E-05
9.98598E-05 0.165585 9.98598E-05 9.98598E-05 9.98598E-05 9.98598E-05 9.98598E-05 9.98598E-05 0.726179 9.98598E-05 0.0189167 9.98598E-05 9.98598E-05 0.0877219 9.98598E-05 9.98598E-05 9.98598E-05 9.98598E-05 9.98598E-05 9.98598E-05
9.99034E-05 9.99034E-05 0.224115 9.99034E-05 0.00776535 0.0186281 9.99034E-05 0.0697731 0.483151 9.99034E-05 0.0327145 0.000781054 9.99034E-05 9.99034E-05 9.99034E-05 9.99034E-05 0.00195767 0.160015 9.99034E-05 9.99034E-05
9.98771E-05 9.98771E-05 9.98771E-05 9.98771E-05 0.0292429 9.98771E-05 0.0587126 9.98771E-05 0.715779 0.0356112 0.145259 9.98771E-05 9.98771E-05 0.0139972 9.98771E-05 9.98771E-05 9.98771E-05 9.98771E-05 9.98771E-05 9.98771E-05
9.98598E-05 9.98598E-05 9.98598E-05 0.128046 9.98598E-05 9.98598E-05 9.98598E-05 9.98598E-05 0.767464 9.98598E-05 9.98598E-05 9.98598E-05 9.98598E-05 0.0332146 9.98598E-05 9.98598E-05 9.98598E-05 9.98598E-05 9.98598E-05 0.0696773
9.98684E-05 9.98684E-05 9.98684E-05 9.98684E-05 9.98684E-05 9.98684E-05 9.98684E-05 9.98684E-05 0.773111 9.98684E-05 9.98684E-05 9.98684E-05 9.98684E-05 0.0102516 9.98684E-05 0.0983635 9.98684E-05 0.0216118 0.0951643 9.98684E-05
9.98683E-05 9.98683E-05 9.98683E-05 9.98683E-05 9.98683E-05 9.98683E-05 9.98683E-05 9.98683E-05 9.98683E-05 0.0218158 9.98683E-05 0.824559 0.0336284 0.118085 9.98683E-05 9.98683E-05 9.98683E-05 9.98683E-05 9.98683E-05 0.000414463
9.98335E-05 9.98335E-05 9.98335E-05 9.98335E-05 9.98335E-05 9.98335E-05 9.98335E-05 9.98335E-05 9.98335E-05 9.98335E-05 9.98335E-05 0.998103 9.98335E-05 9.98335E-05 9.98335E-05 9.98335E-05 9.98335E-05 9.98335E-05 9.98335E-05 9.98335E-05
9.98422E-05 9.98422E-05 9.98422E-05 9.98422E-05 9.98422E-05 9.98422E-05 9.98422E-05 9.98422E-05 9.98422E-05 9.98422E-05 9.98422E-05 0.869949 9.98422E-05 9.98422E-05 9.98422E-05 9.98422E-05 9.98422E-05 0.128254 9.98422E-05 9.98422E-05
9.98772E-05 9.98772E-05 0.160629 9.98772E-05 9.98772E-05 9.98772E-05 0.0274721 9.98772E-05 9.98772E-05 0.286649 9.98772E-05 0.289015 0.132379 9.98772E-05 9.98772E-05 9.98772E-05 9.98772E-05 9.98772E-05 0.102457 9.98772E-05
9.9877E-05 9.9877E-05 9.9877E-05 9.9877E-05 0.0163205 0.147024 9.9877E-05 0.0395874 9.9877E-05 9.9877E-05 9.9877E-05 0.680377 0.0880574 9.9877E-05 9.9877E-05 9.9877E-05 9.9877E-05 9.9877E-05 0.0272353 9.9877E-05
9.98506E-05 9.98506E-05 9.98506E-05 9.98506E-05 9.98506E-05 9.98506E-05 9.98506E-05 9.98506E-05 9.98506E-05 9.98506E-05 9.98506E-05 0.753517 0.0206911 0.224095 9.98506E-05 9.98506E-05 9.98506E-05 9.98506E-05 9.98506E-05 9.98506E-05
9.98683E-05 9.98683E-05 9.98683E-05 0.0456294 9.98683E-05 9.98683E-05 9.98683E-05 9.98683E-05 9.98683E-05 0.25595 9.98683E-05 0.591067 9.98683E-05 0.0856475 9.98683E-05 9.98683E-05 9.98683E-05 9.98683E-05 9.98683E-05 0.0202075
9.98945E-05 9.98945E-05 0.0385397 9.98945E-05 9.98945E-05 9.98945E-05 0.0479043 9.98945E-05 9.98945E-05 0.0905892 0.0105641 0.669289 0.0692586 0.0580403 9.98945E-05 9.98945E-05 9.98945E-05 9.98945E-05 0.0146158 9.98945E-05
9.98508E-05 9.98508E-05 9.98508E-05 9.98508E-05 9.98508E-05 9.98508E-05 9.98508E-05 9.98508E-05 9.98508E-05 9.98508E-05 9.98508E-05 0.891825 9.98508E-05 9.98508E-05 0.011374 9.98508E-05 9.98508E-05 0.0951035 9.98508E-05 9.98508E-05
9.98332E-05 9.98332E-05 9.98332E-05 9.98332E-05 9.98332E-05 9.98332E-05 9.98332E-05 9.98332E-05 9.98332E-05 9.98332E-05 9.98332E-05 0.998103 9.98332E-05 9.98332E-05 9.98332E-05 9.98332E-05 9.98332E-05 9.98332E-05 9.98332E-05 9.98332E-05
9.98769E-05 9.98769E-05 9.98769E-05 9.98769E-05 9.98769E-05 9.98769E-05 9.98769E-05 0.0569868 9.98769E-05 9.98769E-05 0.0325133 0.551722 0.0296745 0.23897 9.98769E-05 9.98769E-05 9.98769E-05 9.98769E-05 9.98769E-05 0.0887359
9.99033E-05 0.110307 9.99033E-05 9.99033E-05 0.159376 9.99033E-05 9.99033E-05 0.011388 9.99033E-05 0.0778334 0.021245 0.437884 9.99033E-05 0.0844741 9.99033E-05 9.99033E-05 9.99033E-05 9.99033E-05 0.0402743 0.0561191
9.98857E-05 9.98857E-05 0.0168664 9.98857E-05 9.98857E-05 0.0773736 9.98857E-05 0.0121572 9.98857E-05 9.98857E-05 9.98857E-05 0.622936 0.125584 9.98857E-05 9.98857E-05 9.98857E-05 0.0638191 9.98857E-05 9.98857E-05 0.0799654
9.9877E-05 9.9877E-05 9.9877E-05 9.9877E-05 0.082053 9.9877E-05 9.9877E-05 9.9877E-05 9.9877E-05 0.0620017 0.0868059 0.621962 9.9877E-05 0.130793 9.9877E-05 9.9877E-05 9.9877E-05 9.9877E-05 0.0149859 9.9877E-05
9.98424E-05 9.98424E-05 9.98424E-05 9.98424E-05 9.98424E-05 9.98424E-05 9.98424E-05 9.98424E-05 9.98424E-05 9.98424E-05 9.98424E-05 0.980782 9.98424E-05 9.98424E-05 9.98424E-05 9.98424E-05 0.017421 9.98424E-05 9.98424E-05 9.98424E-05
0.008797 9.98597E-05 9.98597E-05 9.98597E-05 9.98597E-05 9.98597E-05 9.98597E-05 9.98597E-05 9.98597E-05 9.98597E-05 9.98597E-05 0.961957 0.0259016 0.00174647 9.98597E-05 9.98597E-05 9.98597E-05 9.98597E-05 9.98597E-05 9.98597E-05
9.98769E-05 9.98769E-05 0.0875361 9.98769E-05 9.98769E-05 9.98769E-05 0.0032464 9.98769E-05 9.98769E-05 0.0508223 0.188868 0.595764 9.98769E-05 9.98769E-05 9.98769E-05 9.98769E-05 9.98769E-05 9.98769E-05 0.0723648 9.98769E-05
9.98684E-05 9.98684E-05 9.98684E-05 9.98684E-05 0.152183 9.98684E-05 9.98684E-05 9.98684E-05 9.98684E-05 9.98684E-05 0.0757398 0.536891 0.0577593 9.98684E-05 9.98684E-05 9.98684E-05 9.98684E-05 9.98684E-05 9.98684E-05 0.175929
9.98683E-05 9.98683E-05 9.98683E-05 9.98683E-05 9.98683E-05 9.98683E-05 0.0596407 9.98683E-05 9.98683E-05 9.98683E-05 0.0239689 0.857384 9.98683E-05 0.0453762 9.98683E-05 9.98683E-05 9.98683E-05 9.98683E-05 9.98683E-05 0.0121319
9.98593E-05 9.98593E-05 9.98593E-05 9.98593E-05 9.98593E-05 9.98593E-05 9.98593E-05 9.98593E-05 9.98593E-05 9.98593E-05 9.98593E-05 0.666761 9.98593E-05 0.176331 9.98593E-05 0.12206 0.0332506 9.98593E-05 9.98593E-05 9.98593E-05
9.98417E-05 9.98417E-05 9.98417E-05 9.98417E-05 9.98417E-05 9.98417E-05 9.98417E-05 9.98417E-05 9.98417E-05 9.98417E-05 9.98417E-05 0.190076 9.98417E-05 9.98417E-05 9.98417E-05 9.98417E-05 9.98417E-05 0.808126 9.98417E-05 9.98417E-05
9.98945E-05 0.00655186 0.0283856 9.98945E-05 0.115005 9.98945E-05 0.0143044 9.98945E-05 9.98945E-05 0.0165356 9.98945E-05 0.689674 9.98945E-05 9.98945E-05 9.98945E-05 0.0584547 9.98945E-05 9.98945E-05 0.0698903 9.98945E-05
9.98772E-05 0.0192702 0.21609 9.98772E-05 0.00641274 9.98772E-05 9.98772E-05 9.98772E-05 9.98772E-05 0.0145551 9.98772E-05 0.708886 9.98772E-05 0.0333872 9.98772E-05 9.98772E-05 9.98772E-05 9.98772E-05 9.98772E-05 9.98772E-05
9.98772E-05 9.98772E-05 9.98772E-05 9.98772E-05 9.98772E-05 9.98772E-05 0.00991785 9.98772E-05 9.98772E-05 9.98772E-05 0.126037 0.717596 0.027811 0.0214245 0.0958154 9.98772E-05 9.98772E-05 9.98772E-05 9.98772E-05 9.98772E-05
9.98507E-05 9.98507E-05 9.98507E-05 9.98507E-05 9.98507E-05 9.98507E-05 9.98507E-05 9.98507E-05 9.98507E-05 9.98507E-05 9.98507E-05 0.800222 9.98507E-05 0.00796002 9.98507E-05 9.98507E-05 9.98507E-05 9.98507E-05 9.98507E-05 0.19012
0.059248 9.98686E-05 9.98686E-05 9.98686E-05 9.98686E-05 9.98686E-05 9.98686E-05 9.98686E-05 9.98686E-05 0.0509876 9.98686E-05 0.863486 0.0159394 0.00884109 9.98686E-05 9.98686E-05 9.98686E-05 9.98686E-05 9.98686E-05 9.98686E-05
9.98336E-05 9.98336E-05 9.98336E-05 9.98336E-05 9.98336E-05 9.98336E-05 9.98336E-05 9.98336E-05 9.98336E-05 9.98336E-05 9.98336E-05 0.998103 9.98336E-05 9.98336E-05 9.98336E-05 9.98336E-05 9.98336E-05 9.98336E-05 9.98336E-05 9.98336E-05
9.98335E-05 9.98335E-05 9.98335E-05 9.98335E-05 9.98335E-05 9.98335E-05 9.98335E-05 9.98335E-05 9.98335E-05 9.98335E-05 9.98335E-05 0.998103 9.98335E-05 9.98335E-05 9.98335E-05 9.98335E-05 9.98335E-05 9.98335E-05 9.98335E-05 9.98335E-05
9.98511E-05 9.98511E-05 9.98511E-05 9.98511E-05 9.98511E-05 9.98511E-05 0.0620514 9.98511E-05 9.98511E-05 9.98511E-05 9.98511E-05 0.931287 9.98511E-05 0.004964 9.98511E-05 9.98511E-05 9.98511E-05 9.98511E-05 9.98511E-05 9.98511E-05
9.98506E-05 9.98506E-05 9.98506E-05 9.98506E-05 9.98506E-05 9.98506E-05 9.98506E-05 9.98506E-05 9.98506E-05 9.98506E-05 9.98506E-05 9.98506E-05 0.131975 0.0731354 9.98506E-05 9.98506E-05 9.98506E-05 0.793193 9.98506E-05 9.98506E-05
9.98509E-05 9.98509E-05 0.789574 9.98509E-05 9.98509E-05 9.98509E-05 9.98509E-05 9.98509E-05 9.98509E-05 9.98509E-05 9.98509E-05 9.98509E-05 0.110049 0.0986797 9.98509E-05 9.98509E-05 9.98509E-05 9.98509E-05 9.98509E-05 9.98509E-05
0.403619 9.98597E-05 0.575273 9.98597E-05 9.98597E-05 9.98597E-05 9.98597E-05 9.98597E-05 9.98597E-05 9.98597E-05 9.98597E-05 9.98597E-05 0.00845046 0.0110599 9.98597E-05 9.98597E-05 9.98597E-05 9.98597E-05 9.98597E-05 9.98597E-05
9.98596E-05 9.98596E-05 0.911654 9.98596E-05 9.98596E-05 9.98596E-05 0.0218724 9.98596E-05 9.98596E-05 9.98596E-05 9.98596E-05 9.98596E-05 9.98596E-05 0.0592341 9.98596E-05 9.98596E-05 9.98596E-05 9.98596E-05 9.98596E-05 0.00564184
9.98506E-05 9.98506E-05 0.895693 9.98506E-05 9.98506E-05 9.98506E-05 9.98506E-05 9.98506E-05 9.98506E-05 9.98506E-05 9.98506E-05 9.98506E-05 0.0425977 0.0600119 9.98506E-05 9.98506E-05 9.98506E-05 9.98506E-05 9.98506E-05 9.98506E-05
9.98506E-05 9.98506E-05 0.936156 9.98506E-05 9.98506E-05 9.98506E-05 9.98506E-05 9.98506E-05 9.98506E-05 9.98506E-05 9.98506E-05 9.98506E-05 0.0620069 9.98506E-05 0.000139479 9.98506E-05 9.98506E-05 9.98506E-05 9.98506E-05 9.98506E-05
9.98684E-05 9.98684E-05 0.632116 0.0168248 9.98684E-05 9.98684E-05 9.98684E-05 9.98684E-05 9.98684E-05 0.0582725 9.98684E-05 9.98684E-05 0.12901 0.162279 9.98684E-05 9.98684E-05 9.98684E-05 9.98684E-05 9.98684E-05 9.98684E-05
9.98683E-05 9.98683E-05 0.67746 9.98683E-05 0.0972525 9.98683E-05 0.0426021 9.98683E-05 9.98683E-05 9.98683E-05 9.98683E-05 9.98683E-05 0.128627 0.0525604 9.98683E-05 9.98683E-05 9.98683E-05 9.98683E-05 9.98683E-05 9.98683E-05
9.9842E-05 9.9842E-05 0.856236 9.9842E-05 9.9842E-05 9.9842E-05 9.9842E-05 9.9842E-05 9.9842E-05 9.9842E-05 9.9842E-05 9.9842E-05 0.141967 9.9842E-05 9.9842E-05 9.9842E-05 9.9842E-05 9.9842E-05 9.9842E-05 9.9842E-05
9.98595E-05 9.98595E-05 0.295448 9.98595E-05 9.98595E-05 9.98595E-05 9.98595E-05 9.98595E-05 9.98595E-05 0.220204 9.98595E-05 9.98595E-05 0.339853 9.98595E-05 9.98595E-05 0.142898 9.98595E-05 9.98595E-05 9.98595E-05 9.98595E-05
9.98683E-05 9.98683E-05 0.494816 0.0493496 0.0150871 9.98683E-05 9.98683E-05 9.98683E-05 9.98683E-05 9.98683E-05 9.98683E-05 9.98683E-05 0.198359 0.24089 9.98683E-05 9.98683E-05 9.98683E-05 9.98683E-05 9.98683E-05 9.98683E-05
0.235138 9.98509E-05 0.534378 9.98509E-05 9.98509E-05 9.98509E-05 9.98509E-05 9.98509E-05 9.98509E-05 0.228787 9.98509E-05 9.98509E-05 9.98509E-05 9.98509E-05 9.98509E-05 9.98509E-05 9.98509E-05 9.98509E-05 9.98509E-05 9.98509E-05
0.120579 9.98684E-05 0.672822 9.98684E-05 9.98684E-05 9.98684E-05 9.98684E-05 9.98684E-05 9.98684E-05 0.14159 9.98684E-05 9.98684E-05 9.98684E-05 0.0449729 9.98684E-05 9.98684E-05 9.98684E-05 9.98684E-05 9.98684E-05 0.0185374
0.00250707 9.98509E-05 0.865526 9.98509E-05 9.98509E-05 9.98509E-05 9.98509E-05 9.98509E-05 9.98509E-05 9.98509E-05 9.98509E-05 9.98509E-05 0.13027 9.98509E-05 9.98509E-05 9.98509E-05 9.98509E-05 9.98509E-05 9.98509E-05 9.98509E-05
0.025249 9.98597E-05 0.697075 9.98597E-05 9.98597E-05 9.98597E-05 9.98597E-05 9.98597E-05 9.98597E-05 9.98597E-05 9.98597E-05 9.98597E-05 0.112848 0.16323 9.98597E-05 9.98597E-05 9.98597E-05 9.98597E-05 9.98597E-05 9.98597E-05
0.0657121 9.98772E-05 0.677121 9.98772E-05 9.98772E-05 9.98772E-05 0.141045 9.98772E-05 9.98772E-05 9.98772E-05 9.98772E-05 9.98772E-05 0.07506 9.98772E-05 9.98772E-05 0.0218518 0.0178122 9.98772E-05 9.98772E-05 9.98772E-05
9.98684E-05 9.98684E-05 0.657393 0.0981119 9.98684E-05 9.98684E-05 9.98684E-05 9.98684E-05 9.98684E-05 0.0338736 9.98684E-05 9.98684E-05 9.98684E-05 0.118702 9.98684E-05 0.0904215 9.98684E-05 9.98684E-05 9.98684E-05 9.98684E-05
0.0822564 0.0272959 0.352833 9.99034E-05 0.0380822 9.99034E-05 0.0520206 0.0804469 9.99034E-05 0.221346 9.99034E-05 9.99034E-05 0.0879255 0.0566937 9.99034E-05 9.99034E-05 9.99034E-05 9.99034E-05 9.99034E-05 9.99034E-05
9.98773E-05 9.98773E-05 0.633997 0.0218844 0.156865 9.98773E-05 9.98773E-05 9.98773E-05 0.00446604 9.98773E-05 9.98773E-05 9.98773E-05 0.133111 9.98773E-05 9.98773E-05 9.98773E-05 9.98773E-05 9.98773E-05 0.0482779 9.98773E-05
9.98422E-05 9.98422E-05 0.976609 9.98422E-05 9.98422E-05 9.98422E-05 9.98422E-05 9.98422E-05 9.98422E-05 0.0215938 9.98422E-05 9.98422E-05 9.98422E-05 9.98422E-05 9.98422E-05 9.98422E-05 9.98422E-05 9.98422E-05 9.98422E-05 9.98422E-05
0.268536 9.99034E-05 0.377164 0.0129305 9.99034E-05 9.99034E-05 9.99034E-05 0.100906 9.99034E-05 9.99034E-05 9.99034E-05 9.99034E-05 0.0849404 0.0826906 9.99034E-05 0.0563773 0.00706262 9.99034E-05 9.99034E-05 0.00829268
0.0037422 9.98685E-05 0.747173 9.98685E-05 9.98685E-05 0.111318 9.98685E-05 9.98685E-05 9.98685E-05 0.113651 9.98685E-05 9.98685E-05 9.98685E-05 0.0226172 9.98685E-05 9.98685E-05 9.98685E-05 9.98685E-05 9.98685E-05 9.98685E-05
9.98595E-05 9.98595E-05 0.948091 9.98595E-05 9.98595E-05 9.98595E-05 9.98595E-05 9.98595E-05 9.98595E-05 9.98595E-05 9.98595E-05 9.98595E-05 0.0495903 0.00042576 9.98595E-05 9.98595E-05 9.98595E-05 9.98595E-05 9.98595E-05 0.000294858
9.98859E-05 9.98859E-05 0.276314 9.98859E-05 9.98859E-05 0.0892686 9.98859E-05 0.0415353 9.98859E-05 0.154132 0.00676531 9.98859E-05 0.188185 0.242501 9.98859E-05 9.98859E-05 9.98859E-05 9.98859E-05 9.98859E-05 9.98859E-05
0.0665541 0.033868 0.709924 9.98684E-05 9.98684E-05 9.98684E-05 9.98684E-05 9.98684E-05 9.98684E-05 9.98684E-05 9.98684E-05 9.98684E-05 0.152774 0.0353818 9.98684E-05 9.98684E-05 9.98684E-05 9.98684E-05 9.98684E-05 9.98684E-05
9.98684E-05 9.98684E-05 0.56625 9.98684E-05 9.98684E-05 9.98684E-05 9.98684E-05 0.0359792 9.98684E-05 0.0406899 9.98684E-05 9.98684E-05 0.156338 0.199245 9.98684E-05 9.98684E-05 9.98684E-05 9.98684E-05 9.98684E-05 9.98684E-05
0.237123 9.98772E-05 0.409014 9.98772E-05 9.98772E-05 9.98772E-05 9.98772E-05 9.98772E-05 9.98772E-05 0.044837 9.98772E-05 0.0220799 0.122573 0.162975 9.98772E-05 9.98772E-05 9.98772E-05 9.98772E-05 9.98772E-05 9.98772E-05
0.537974 0.00764251 0.200514 9.98947E-05 9.98947E-05 0.00451002 9.98947E-05 0.0316978 9.98947E-05 9.98947E-05 9.98947E-05 9.98947E-05 9.98947E-05 0.083057 0.121053 9.98947E-05 9.98947E-05 9.98947E-05 0.0123521 9.98947E-05
9.98593E-05 9.98593E-05 0.868895 9.98593E-05 9.98593E-05 9.98593E-05 9.98593E-05 9.98593E-05 9.98593E-05 9.98593E-05 0.0285859 9.98593E-05 0.0897266 0.0111945 9.98593E-05 9.98593E-05 9.98593E-05 9.98593E-05 9.98593E-05 9.98593E-05
9.98597E-05 9.98597E-05 0.541183 9.98597E-05 9.98597E-05 9.98597E-05 9.98597E-05 9.98597E-05 9.98597E-05 0.0556846 9.98597E-05 9.98597E-05 0.244115 0.15742 9.98597E-05 9.98597E-05 9.98597E-05 9.98597E-05 9.98597E-05 9.98597E-05
0.0180057 9.98685E-05 0.808113 9.98685E-05 9.98685E-05 9.98685E-05 9.98685E-05 0.0415495 9.98685E-05 9.98685E-05 9.98685E-05 9.98685E-05 9.98685E-05 0.107501 9.98685E-05 9.98685E-05 9.98685E-05 9.98685E-05 9.98685E-05 0.0233323
9.98685E-05 9.98685E-05 0.748754 9.98685E-05 9.98685E-05 9.98685E-05 9.98685E-05 9.98685E-05 9.98685E-05 9.98685E-05 9.98685E-05 9.98685E-05 0.0368417 0.17624 9.98685E-05 9.98685E-05 0.0244666 9.98685E-05 9.98685E-05 0.0121992
9.9842E-05 9.9842E-05 0.926599 9.9842E-05 9.9842E-05 9.9842E-05 9.9842E-05 9.9842E-05 9.9842E-05 9.9842E-05 9.9842E-05 9.9842E-05 9.9842E-05 9.9842E-05 9.9842E-05 9.9842E-05 0.0716038 9.9842E-05 9.9842E-05 9.9842E-05
9.98683E-05 9.98683E-05 0.42001 9.98683E-05 9.98683E-05 0.0177881 9.98683E-05 0.155881 9.98683E-05 9.98683E-05 9.98683E-05 9.98683E-05 0.283792 0.121031 9.98683E-05 9.98683E-05 9.98683E-05 9.98683E-05 9.98683E-05 9.98683E-05
9.98859E-05 0.042825 0.69919 9.98859E-05 0.10773 9.98859E-05 9.98859E-05 0.00175885 9.98859E-05 9.98859E-05 0.0599312 9.98859E-05 0.0302305 0.0570357 9.98859E-05 9.98859E-05 9.98859E-05 9.98859E-05 9.98859E-05 9.98859E-05
9.98422E-05 9.98422E-05 0.918085 9.98422E-05 9.98422E-05 9.98422E-05 9.98422E-05 9.98422E-05 9.98422E-05 9.98422E-05 9.98422E-05 9.98422E-05 9.98422E-05 0.0801183 9.98422E-05 9.98422E-05 9.98422E-05 9.98422E-05 9.98422E-05 9.98422E-05
0.046074 9.98683E-05 0.644216 0.0327319 9.98683E-05 9.98683E-05 9.98683E-05 9.98683E-05 9.98683E-05 9.98683E-05 9.98683E-05 9.98683E-05 0.0486248 9.98683E-05 9.98683E-05 0.226855 9.98683E-05 9.98683E-05 9.98683E-05 9.98683E-05
9.98594E-05 9.98594E-05 0.65175 9.98594E-05 9.98594E-05 9.98594E-05 0.0467573 9.98594E-05 9.98594E-05 9.98594E-05 9.98594E-05 9.98594E-05 0.122695 0.177201 9.98594E-05 9.98594E-05 9.98594E-05 9.98594E-05 9.98594E-05 9.98594E-05
0.53739 9.98596E-05 0.380246 0.0105683 9.98596E-05 9.98596E-05 9.98596E-05 9.98596E-05 9.98596E-05 9.98596E-05 9.98596E-05 9.98596E-05 0.0701979 9.98596E-05 9.98596E-05 9.98596E-05 9.98596E-05 9.98596E-05 9.98596E-05 9.98596E-05
0.21179 9.98684E-05 0.732541 9.98684E-05 9.98684E-05 9.98684E-05 9.98684E-05 0.00741888 9.98684E-05 9.98684E-05 9.98684E-05 9.98684E-05 0.0152596 0.0314918 9.98684E-05 9.98684E-05 9.98684E-05 9.98684E-05 9.98684E-05 9.98684E-05
0.198259 9.98511E-05 0.769932 9.98511E-05 9.98511E-05 9.98511E-05 9.98511E-05 9.98511E-05 9.98511E-05 9.98511E-05 9.98511E-05 9.98511E-05 9.98511E-05 9.98511E-05 9.98511E-05 9.98511E-05 9.98511E-05 0.0301115 9.98511E-05 9.98511E-05
0.432824 9.98685E-05 0.523933 9.98685E-05 9.98685E-05 9.98685E-05 9.98685E-05 0.00929297 9.98685E-05 0.00232493 9.98685E-05 9.98685E-05 0.0301269 9.98685E-05 9.98685E-05 9.98685E-05 9.98685E-05 9.98685E-05 9.98685E-05 9.98685E-05
9.98595E-05 9.98595E-05 0.468692 9.98595E-05 9.98595E-05 9.98595E-05 9.98595E-05 9.98595E-05 9.98595E-05 0.140218 9.98595E-05 9.98595E-05 0.0941586 0.295334 9.98595E-05 9.98595E-05 9.98595E-05 9.98595E-05 9.98595E-05 9.98595E-05
9.98596E-05 0.0970151 0.788046 9.98596E-05 9.98596E-05 9.98596E-05 9.98596E-05 9.98596E-05 9.98596E-05 9.98596E-05 9.98596E-05 9.98596E-05 0.101618 9.98596E-05 9.98596E-05 0.0117236 9.98596E-05 9.98596E-05 9.98596E-05 9.98596E-05
0.584116 9.98771E-05 0.022709 9.98771E-05 9.98771E-05 9.98771E-05 9.98771E-05 0.105397 9.98771E-05 9.98771E-05 9.98771E-05 9.98771E-05 0.184845 0.0670595 9.98771E-05 0.0344747 9.98771E-05 9.98771E-05 9.98771E-05 9.98771E-05
0.499896 9.98509E-05 0.451562 9.98509E-05 9.98509E-05 9.98509E-05 9.98509E-05 9.98509E-05 0.0468445 9.98509E-05 9.98509E-05 9.98509E-05 9.98509E-05 9.98509E-05 9.98509E-05 9.98509E-05 9.98509E-05 9.98509E-05 9.98509E-05 9.98509E-05
9.9877E-05 9.9877E-05 0.506703 9.9877E-05 0.0305201 9.9877E-05 0.00460063 0.11869 9.9877E-05 0.202079 9.9877E-05 9.9877E-05 0.136009 9.9877E-05 9.9877E-05 9.9877E-05 9.9877E-05 9.9877E-05 9.9877E-05 9.9877E-05
0.00523183 0.0023719 0.587069 9.98948E-05 9.98948E-05 9.98948E-05 0.0509843 9.98948E-05 9.98948E-05 9.98948E-05 9.98948E-05 0.204222 0.0665538 0.0678643 0.0145042 9.98948E-05 9.98948E-05 9.98948E-05 9.98948E-05 9.98948E-05
0.0406284 9.99036E-05 0.517835 9.99036E-05 0.0181701 9.99036E-05 9.99036E-05 9.99036E-05 9.99036E-05 0.105988 9.99036E-05 9.99036E-05 0.146681 0.0134713 0.0825131 0.0354218 9.99036E-05 9.99036E-05 0.0381922 9.99036E-05
9.98772E-05 9.98772E-05 0.456002 9.98772E-05 0.0301808 9.98772E-05 9.98772E-05 0.0455293 9.98772E-05 9.98772E-05 9.98772E-05 9.98772E-05 0.224135 0.217793 9.98772E-05 9.98772E-05 9.98772E-05 9.98772E-05 9.98772E-05 0.0249613
0.451423 9.98508E-05 0.528274 9.98508E-05 9.98508E-05 9.98508E-05 9.98508E-05 9.98508E-05 9.98508E-05 9.98508E-05 9.98508E-05 9.98508E-05 9.98508E-05 0.0186059 9.98508E-05 9.98508E-05 9.98508E-05 9.98508E-05 9.98508E-05 9.98508E-05
9.98595E-05 9.98595E-05 0.711816 0.186388 9.98595E-05 9.98595E-05 9.98595E-05 9.98595E-05 9.98595E-05 9.98595E-05 9.98595E-05 9.98595E-05 9.98595E-05 0.0993439 9.98595E-05 9.98595E-05 9.98595E-05 9.98595E-05 0.000854344 9.98595E-05
0.431259 9.98683E-05 0.313038 9.98683E-05 9.98683E-05 9.98683E-05 9.98683E-05 9.98683E-05 9.98683E-05 0.0193668 9.98683E-05 9.98683E-05 0.12546 9.98683E-05 9.98683E-05 9.98683E-05 9.98683E-05 0.109378 9.98683E-05 9.98683E-05
0.189461 9.98685E-05 0.528853 9.98685E-05 9.98685E-05 9.98685E-05 9.98685E-05 9.98685E-05 9.98685E-05 9.98685E-05 9.98685E-05 9.98685E-05 0.110032 0.109014 9.98685E-05 0.0611421 9.98685E-05 9.98685E-05 9.98685E-05 9.98685E-05
9.98596E-05 9.98596E-05 0.838328 9.98596E-05 9.98596E-05 9.98596E-05 9.98596E-05 9.98596E-05 9.98596E-05 0.0687552 9.98596E-05 9.98596E-05 0.0279718 9.98596E-05 9.98596E-05 9.98596E-05 0.0633474 9.98596E-05 9.98596E-05 9.98596E-05
9.98682E-05 9.98682E-05 0.91446 0.0643002 0.0161558 9.98682E-05 0.000755597 9.98682E-05 9.98682E-05 9.98682E-05 9.98682E-05 9.98682E-05 9.98682E-05 9.98682E-05 9.98682E-05 9.98682E-05 9.98682E-05 9.98682E-05 9.98682E-05 0.00283048
9.98595E-05 9.98595E-05 0.564071 9.98595E-05 9.98595E-05 9.98595E-05 9.98595E-05 9.98595E-05 9.98595E-05 0.11568 9.98595E-05 9.98595E-05 0.174907 0.143744 9.98595E-05 9.98595E-05 9.98595E-05 9.98595E-05 9.98595E-05 9.98595E-05
9.98508E-05 9.98508E-05 0.759298 9.98508E-05 9.98508E-05 9.98508E-05 9.98508E-05 9.98508E-05 9.98508E-05 9.98508E-05 9.98508E-05 9.98508E-05 0.123553 0.115452 9.98508E-05 9.98508E-05 9.98508E-05 9.98508E-05 9.98508E-05 9.98508E-05
9.98507E-05 9.98507E-05 0.932322 9.98507E-05 9.98507E-05 9.98507E-05 9.98507E-05 9.98507E-05 9.98507E-05 9.98507E-05 9.98507E-05 9.98507E-05 0.0153212 9.98507E-05 9.98507E-05 9.98507E-05 9.98507E-05 9.98507E-05 9.98507E-05 0.0506594
9.98421E-05 9.98421E-05 0.875653 9.98421E-05 9.98421E-05 9.98421E-05 9.98421E-05 0.12255 9.98421E-05 9.98421E-05 9.98421E-05 9.98421E-05 9.98421E-05 9.98421E-05 9.98421E-05 9.98421E-05 9.98421E-05 9.98421E-05 9.98421E-05 9.98421E-05
0.0920222 9.98684E-05 0.663174 9.98684E-05 9.98684E-05 9.98684E-05 9.98684E-05 9.98684E-05 9.98684E-05 0.0522821 9.98684E-05 9.98684E-05 0.171777 0.0192458 9.98684E-05 9.98684E-05 9.98684E-05 9.98684E-05 9.98684E-05 9.98684E-05
9.9833E-05 9.9833E-05 9.9833E-05 9.9833E-05 9.9833E-05 9.9833E-05 9.9833E-05 9.9833E-05 9.9833E-05 9.9833E-05 9.9833E-05 9.9833E-05 9.9833E-05 0.998103 9.9833E-05 9.9833E-05 9.9833E-05 9.9833E-05 9.9833E-05 9.9833E-05
9.9833E-05 9.9833E-05 9.9833E-05 9.9833E-05 9.9833E-05 9.9833E-05 9.9833E-05 9.9833E-05 9.9833E-05 9.9833E-05 9.9833E-05 9.9833E-05 0.998103 9.9833E-05 9.9833E-05 9.9833E-05 9.9833E-05 9.9833E-05 9.9833E-05 9.9833E-05
9.9833E-05 9.9833E-05 9.9833E-05 9.9833E-05 9.9833E-05 9.9833E-05 9.9833E-05 9.9833E-05 9.9833E-05 9.9833E-05 9.9833E-05 9.9833E-05 9.9833E-05 0.998103 9.9833E-05 9.9833E-05 9.9833E-05 9.9833E-05 9.9833E-05 9.9833E-05
9.98329E-05 9.98329E-05 9.98329E-05 9.98329E-05 9.98329E-05 9.98329E-05 9.98329E-05 9.98329E-05 9.98329E-05 9.98329E-05 9.98329E-05 9.98329E-05 0.998103 9.98329E-05 9.98329E-05 9.98329E-05 9.98329E-05 9.98329E-05 9.98329E-05 9.98329E-05
9.98329E-05 9.98329E-05 9.98329E-05 9.98329E-05 9.98329E-05 9.98329E-05 9.98329E-05 9.98329E-05 9.98329E-05 9.98329E-05 9.98329E-05 9.98329E-05 0.998103 9.98329E-05 9.98329E-05 9.98329E-05 9.98329E-05 9.98329E-05 9.98329E-05 9.98329E-05
9.98331E-05 9.98331E-05 9.98331E-05 9.98331E-05 9.98331E-05 9.98331E-05 9.98331E-05 9.98331E-05 9.98331E-05 9.98331E-05 9.98331E-05 9.98331E-05 0.998103 9.98331E-05 9.98331E-05 9.98331E-05 9.98331E-05 9.98331E-05 9.98331E-05 9.98331E-05
9.9833E-05 9.9833E-05 9.9833E-05 9.9833E-05 9.9833E-05 9.9833E-05 9.9833E-05 9.9833E-05 9.9833E-05 9.9833E-05 9.9833E-05 9.9833E-05 9.9833E-05 0.998103 9.9833E-05 9.9833E-05 9.9833E-05 9.9833E-05 9.9833E-05 9.9833E-05
9.98331E-05 9.98331E-05 9.98331E-05 9.98331E-05 9.98331E-05 9.98331E-05 9.98331E-05 9.98331E-05 9.98331E-05 9.98331E-05 9.98331E-05 9.98331E-05 0.998103 9.98331E-05 9.98331E-05 9.98331E-05 9.98331E-05 9.98331E-05 9.98331E-05 9.98331E-05
9.9833E-05 9.9833E-05 9.9833E-05 9.9833E-05 9.9833E-05 9.9833E-05 9.9833E-05 9.9833E-05 9.9833E-05 9.9833E-05 9.9833E-05 9.9833E-05 0.998103 9.9833E-05 9.9833E-05 9.9833E-05 9.9833E-05 9.9833E-05 9.9833E-05 9.9833E-05
9.98331E-05 9.98331E-05 9.98331E-05 9.98331E-05 9.98331E-05 9.98331E-05 9.98331E-05 9.98331E-05 9.98331E-05 9.98331E-05 9.98331E-05 9.98331E-05 9.98331E-05 0.998103 9.98331E-05 9.98331E-05 9.98331E-05 9.98331E-05 9.98331E-05 9.98331E-05
9.9833E-05 9.9833E-05 9.9833E-05 9.9833E-05 9.9833E-05 9.9833E-05 9.9833E-05 9.9833E-05 9.9833E-05 9.9833E-05 9.9833E-05 9.9833E-05 9.9833E-05 0.998103 9.9833E-05 9.9833E-05 9.9833E-05 9.9833E-05 9.9833E-05 9.9833E-05
9.98329E-05 9.98329E-05 9.98329E-05 9.98329E-05 9.98329E-05 9.98329E-05 9.98329E-05 9.98329E-05 9.98329E-05 9.98329E-05 9.98329E-05 9.98329E-05 9.98329E-05 0.998103 9.98329E-05 9.98329E-05 9.98329E-05 9.98329E-05 9.98329E-05 9.98329E-05
9.9833E-05 9.9833E-05 9.9833E-05 9.9833E-05 9.9833E-05 9.9833E-05 9.9833E-05 9.9833E-05 9.9833E-05 9.9833E-05 9.9833E-05 9.9833E-05 0.998103 9.9833E-05 9.9833E-05 9.9833E-05 9.9833E-05 9.9833E-05 9.9833E-05 9.9833E-05
9.9833E-05 9.9833E-05 9.9833E-05 9.9833E-05 9.9833E-05 9.9833E-05 9.9833E-05 9.9833E-05 9.9833E-05 9.9833E-05 9.9833E-05 9.9833E-05 0.998103 9.9833E-05 9.9833E-05 9.9833E-05 9.9833E-05 9.9833E-05 9.9833E-05 9.9833E-05
9.9833E-05 9.9833E-05 9.9833E-05 9.9833E-05 9.9833E-05 9.9833E-05 9.9833E-05 9.9833E-05 9.9833E-05 9.9833E-05 9.9833E-05 9.9833E-05 9.9833E-05 0.998103 9.9833E-05 9.9833E-05 9.9833E-05 9.9833E-05 9.9833E-05 9.9833E-05
9.98329E-05 9.98329E-05 9.98329E-05 9.98329E-05 9.98329E-05 9.98329E-05 9.98329E-05 9.98329E-05 9.98329E-05 9.98329E-05 9.98329E-05 9.98329E-05 9.98329E-05 0.998103 9.98329E-05 9.98329E-05 9.98329E-05 9.98329E-05 9.98329E-05 9.98329E-05
9.98945E-05 0.0237348 0.511281 0.0288958 9.98945E-05 9.98945E-05 9.98945E-05 9.98945E-05 9.98945E-05 9.98945E-05 0.220565 9.98945E-05 0.0512396 0.0610377 0.0563012 9.98945E-05 9.98945E-05 9.98945E-05 0.0457464 9.98945E-05
9.9833E-05 9.9833E-05 9.9833E-05 9.9833E-05 9.9833E-05 9.9833E-05 9.9833E-05 9.9833E-05 9.9833E-05 9.9833E-05 9.9833E-05 9.9833E-05 9.9833E-05 0.998103 9.9833E-05 9.9833E-05 9.9833E-05 9.9833E-05 9.9833E-05 9.9833E-05
9.98329E-05 9.98329E-05 9.98329E-05 9.98329E-05 9.98329E-05 9.98329E-05 9.98329E-05 9.98329E-05 9.98329E-05 9.98329E-05 9.98329E-05 9.98329E-05 0.998103 9.98329E-05 9.98329E-05 9.98329E-05 9.98329E-05 9.98329E-05 9.98329E-05 9.98329E-05
9.98329E-05 9.98329E-05 9.98329E-05 9.98329E-05 9.98329E-05 9.98329E-05 9.98329E-05 9.98329E-05 9.98329E-05 9.98329E-05 9.98329E-05 9.98329E-05 9.98329E-05 0.998103 9.98329E-05 9.98329E-05 9.98329E-05 9.98329E-05 9.98329E-05 9.98329E-05
9.9833E-05 9.9833E-05 9.9833E-05 9.9833E-05 9.9833E-05 9.9833E-05 9.9833E-05 9.9833E-05 9.9833E-05 9.9833E-05 9.9833E-05 9.9833E-05 9.9833E-05 0.998103 9.9833E-05 9.9833E-05 9.9833E-05 9.9833E-05 9.9833E-05 9.9833E-05
9.9833E-05 9.9833E-05 9.9833E-05 9.9833E-05 9.9833E-05 9.9833E-05 9.9833E-05 9.9833E-05 9.9833E-05 9.9833E-05 9.9833E-05 9.9833E-05 9.9833E-05 0.998103 9.9833E-05 9.9833E-05 9.9833E-05 9.9833E-05 9.9833E-05 9.9833E-05
9.9833E-05 9.9833E-05 9.9833E-05 9.9833E-05 9.9833E-05 9.9833E-05 9.9833E-05 9.9833E-05 9.9833E-05 9.9833E-05 9.9833E-05 9.9833E-05 0.998103 9.9833E-05 9.9833E-05 9.9833E-05 9.9833E-05 9.9833E-05 9.9833E-05 9.9833E-05
9.9833E-05 9.9833E-05 9.9833E-05 9.9833E-05 9.9833E-05 9.9833E-05 9.9833E-05 9.9833E-05 9.9833E-05 9.9833E-05 9.9833E-05 9.9833E-05 9.9833E-05 0.998103 9.9833E-05 9.9833E-05 9.9833E-05 9.9833E-05 9.9833E-05 9.9833E-05
9.9833E-05 9.9833E-05 9.9833E-05 9.9833E-05 9.9833E-05 9.9833E-05 9.9833E-05 9.9833E-05 9.9833E-05 9.9833E-05 9.9833E-05 9.9833E-05 0.998103 9.9833E-05 9.9833E-05 9.9833E-05 9.9833E-05 9.9833E-05 9.9833E-05 9.9833E-05
9.98331E-05 9.98331E-05 9.98331E-05 9.98331E-05 9.98331E-05 9.98331E-05 9.98331E-05 9.98331E-05 9.98331E-05 9.98331E-05 9.98331E-05 9.98331E-05 9.98331E-05 0.998103 9.98331E-05 9.98331E-05 9.98331E-05 9.98331E-05 9.98331E-05 9.98331E-05
9.9833E-05 9.9833E-05 9.9833E-05 9.9833E-05 9.9833E-05 9.9833E-05 9.9833E-05 9.9833E-05 9.9833E-05 9.9833E-05 9.9833E-05 9.9833E-05 9.9833E-05 0.998103 9.9833E-05 9.9833E-05 9.9833E-05 9.9833E-05 9.9833E-05 9.9833E-05
9.9833E-05 9.9833E-05 9.9833E-05 9.9833E-05 9.9833E-05 9.9833E-05 9.9833E-05 9.9833E-05 9.9833E-05 9.9833E-05 9.9833E-05 9.9833E-05 0.998103 9.9833E-05 9.9833E-05 9.9833E-05 9.9833E-05 9.9833E-05 9.9833E-05 9.9833E-05
