0.408711 9.98858E-05 0.0442517 0.291725 9.98858E-05 9.98858E-05 9.98858E-05 9.98858E-05 0.0189029 0.0255501 9.98858E-05 9.98858E-05 9.98858E-05 9.98858E-05 0.0292214 9.98858E-05 0.0720984 9.98858E-05 9.98858E-05 9.98858E-05 0.0793776 0.0288634
0.457768 0.237774 9.98596E-05 0.226345 9.98596E-05 9.98596E-05 9.98596E-05 9.98596E-05 9.98596E-05 0.00695578 9.98596E-05 9.98596E-05 9.98596E-05 9.98596E-05 9.98596E-05 9.98596E-05 9.98596E-05 9.98596E-05 0.0106936 9.98596E-05 0.0588662 9.98596E-05
9.98333E-05 0.986058 9.98333E-05 9.98333E-05 9.98333E-05 9.98333E-05 9.98333E-05 9.98333E-05 9.98333E-05 9.98333E-05 9.98333E-05 9.98333E-05 9.98333E-05 9.98333E-05 9.98333E-05 9.98333E-05 0.0117773 0.000267583 9.98333E-05 9.98333E-05 9.98333E-05 9.98333E-05
0.0797774 0.215184 9.98859E-05 9.98859E-05 0.0123457 9.98859E-05 9.98859E-05 9.98859E-05 9.98859E-05 0.0273636 9.98859E-05 0.111505 0.332542 9.98859E-05 9.98859E-05 9.98859E-05 0.11842 9.98859E-05 0.0570939 0.0444704 9.98859E-05 9.98859E-05
0.832814 9.98333E-05 9.98333E-05 9.98333E-05 9.98333E-05 0.0510277 9.98333E-05 9.98333E-05 9.98333E-05 9.98333E-05 9.98333E-05 9.98333E-05 9.98333E-05 9.98333E-05 9.98333E-05 9.98333E-05 9.98333E-05 0.114262 9.98333E-05 9.98333E-05 9.98333E-05 9.98333E-05
9.98598E-05 0.206993 9.98598E-05 0.278541 0.108312 0.104743 9.98598E-05 9.98598E-05 9.98598E-05 9.98598E-05 9.98598E-05 0.138557 9.98598E-05 9.98598E-05 9.98598E-05 9.98598E-05 9.98598E-05 0.161257 9.98598E-05 9.98598E-05 9.98598E-05 9.98598E-05
0.260673 9.9886E-05 9.9886E-05 0.129564 9.9886E-05 0.0899695 9.9886E-05 9.9886E-05 0.0669493 0.0864085 9.9886E-05 9.9886E-05 0.14605 9.9886E-05 0.00688838 9.9886E-05 0.11426 9.9886E-05 9.9886E-05 9.9886E-05 0.0979392 9.9886E-05
9.99035E-05 0.143969 0.0151409 0.212656 0.11036 0.0966641 9.99035E-05 0.0647641 0.0554839 9.99035E-05 0.0650636 0.0374305 9.99035E-05 9.99035E-05 9.99035E-05 9.99035E-05 0.103141 0.0942279 9.99035E-05 9.99035E-05 9.99035E-05 9.99035E-05
0.174993 0.111417 9.98684E-05 9.98684E-05 0.226692 9.98684E-05 9.98684E-05 9.98684E-05 9.98684E-05 9.98684E-05 9.98684E-05 9.98684E-05 9.98684E-05 9.98684E-05 0.202892 9.98684E-05 0.0101788 9.98684E-05 9.98684E-05 0.0476744 9.98684E-05 0.224655
0.932704 9.98332E-05 9.98332E-05 9.98332E-05 9.98332E-05 9.98332E-05 9.98332E-05 0.0122771 9.98332E-05 9.98332E-05 9.98332E-05 9.98332E-05 9.98332E-05 9.98332E-05 9.98332E-05 9.98332E-05 9.98332E-05 9.98332E-05 9.98332E-05 9.98332E-05 9.98332E-05 0.0531224
0.519997 9.98596E-05 9.98596E-05 0.116488 0.00360939 9.98596E-05 9.98596E-05 9.98596E-05 9.98596E-05 0.145012 9.98596E-05 9.98596E-05 9.98596E-05 9.98596E-05 9.98596E-05 9.98596E-05 0.0447032 9.98596E-05 9.98596E-05 9.98596E-05 9.98596E-05 0.168593
9.98157E-05 0.997904 9.98157E-05 9.98157E-05 9.98157E-05 9.98157E-05 9.98157E-05 9.98157E-05 9.98157E-05 9.98157E-05 9.98157E-05 9.98157E-05 9.98157E-05 9.98157E-05 9.98157E-05 9.98157E-05 9.98157E-05 9.98157E-05 9.98157E-05 9.98157E-05 9.98157E-05 9.98157E-05
0.820897 9.98333E-05 9.98333E-05 9.98333E-05 9.98333E-05 9.98333E-05 9.98333E-05 9.98333E-05 9.98333E-05 9.98333E-05 9.98333E-05 9.98333E-05 9.98333E-05 9.98333E-05 9.98333E-05 9.98333E-05 0.0582815 9.98333E-05 9.98333E-05 9.98333E-05 9.98333E-05 0.118924
9.98685E-05 0.73921 9.98685E-05 9.98685E-05 9.98685E-05 9.98685E-05 9.98685E-05 9.98685E-05 9.98685E-05 0.0431429 0.0157098 9.98685E-05 9.98685E-05 0.0877205 9.98685E-05 0.0539722 9.98685E-05 0.0104911 9.98685E-05 9.98685E-05 9.98685E-05 0.0482555
0.336292 9.98684E-05 9.98684E-05 0.211849 0.119376 9.98684E-05 0.00755329 9.98684E-05 9.98684E-05 9.98684E-05 9.98684E-05 0.120226 9.98684E-05 0.0940653 9.98684E-05 9.98684E-05 9.98684E-05 9.98684E-05 9.98684E-05 9.98684E-05 9.98684E-05 0.10914
0.0791805 0.115138 9.98859E-05 0.178035 0.177833 0.000322139 9.98859E-05 9.98859E-05 9.98859E-05 9.98859E-05 0.168245 9.98859E-05 0.0801361 9.98859E-05 9.98859E-05 9.98859E-05 0.0464455 9.98859E-05 9.98859E-05 9.98859E-05 9.98859E-05 0.153366
0.500688 0.0752011 0.0267068 9.98859E-05 9.98859E-05 9.98859E-05 0.233355 9.98859E-05 9.98859E-05 0.0480271 0.0578142 9.98859E-05 9.98859E-05 9.98859E-05 9.98859E-05 9.98859E-05 0.0053007 9.98859E-05 9.98859E-05 9.98859E-05 0.000352631 0.0512559
0.144446 9.98685E-05 9.98685E-05 0.30098 0.0703895 9.98685E-05 9.98685E-05 0.147632 9.98685E-05 9.98685E-05 9.98685E-05 9.98685E-05 9.98685E-05 9.98685E-05 9.98685E-05 9.98685E-05 0.13283 9.98685E-05 0.103955 9.98685E-05 9.98685E-05 0.0982697
0.198131 0.123723 9.98859E-05 0.03219 0.109207 0.114196 9.98859E-05 0.0188206 9.98859E-05 0.0114365 9.98859E-05 9.98859E-05 9.98859E-05 9.98859E-05 9.98859E-05 9.98859E-05 0.188898 9.98859E-05 9.98859E-05 9.98859E-05 9.98859E-05 0.2021
0.997904 9.98158E-05 9.98158E-05 9.98158E-05 9.98158E-05 9.98158E-05 9.98158E-05 9.98158E-05 9.98158E-05 9.98158E-05 9.98158E-05 9.98158E-05 9.98158E-05 9.98158E-05 9.98158E-05 9.98158E-05 9.98158E-05 9.98158E-05 9.98158E-05 9.98158E-05 9.98158E-05 9.98158E-05
0.259541 0.210675 9.98772E-05 9.98772E-05 9.98772E-05 9.98772E-05 9.98772E-05 0.0144821 9.98772E-05 0.0354237 0.11434 0.0243471 9.98772E-05 9.98772E-05 9.98772E-05 9.98772E-05 9.98772E-05 9.98772E-05 9.98772E-05 0.321246 9.98772E-05 0.0185465
0.183102 9.98771E-05 9.98771E-05 9.98771E-05 0.0800866 0.109853 9.98771E-05 0.0176296 9.98771E-05 9.98771E-05 9.98771E-05 0.0893403 9.98771E-05 0.0588717 9.98771E-05 9.98771E-05 0.371836 0.0878827 9.98771E-05 9.98771E-05 9.98771E-05 9.98771E-05
0.183598 0.403172 9.98598E-05 0.228101 9.98598E-05 9.98598E-05 9.98598E-05 9.98598E-05 9.98598E-05 0.07069 9.98598E-05 0.0397913 9.98598E-05 9.98598E-05 9.98598E-05 9.98598E-05 9.98598E-05 9.98598E-05 9.98598E-05 9.98598E-05 9.98598E-05 0.0730496
0.310593 9.98596E-05 9.98596E-05 0.0701559 9.98596E-05 9.98596E-05 9.98596E-05 9.98596E-05 9.98596E-05 9.98596E-05 0.0329837 9.98596E-05 9.98596E-05 9.98596E-05 0.0217012 9.98596E-05 0.268988 9.98596E-05 9.98596E-05 9.98596E-05 9.98596E-05 0.29398
9.98683E-05 0.364136 9.98683E-05 9.98683E-05 0.111847 9.98683E-05 9.98683E-05 9.98683E-05 9.98683E-05 0.04269 9.98683E-05 9.98683E-05 9.98683E-05 0.118487 9.98683E-05 9.98683E-05 0.119301 9.98683E-05 0.0691882 9.98683E-05 9.98683E-05 0.172852
0.664912 9.98596E-05 9.98596E-05 9.98596E-05 9.98596E-05 9.98596E-05 9.98596E-05 9.98596E-05 9.98596E-05 9.98596E-05 0.0238786 0.153561 0.0552855 9.98596E-05 9.98596E-05 9.98596E-05 9.98596E-05 0.0631473 9.98596E-05 9.98596E-05 9.98596E-05 0.0376177
0.0690899 9.98684E-05 9.98684E-05 9.98684E-05 9.98684E-05 9.98684E-05 9.98684E-05 0.115161 9.98684E-05 9.98684E-05 0.0419616 0.220793 0.136462 9.98684E-05 9.98684E-05 9.98684E-05 0.335918 9.98684E-05 9.98684E-05 9.98684E-05 9.98684E-05 0.0791162
0.760706 9.98684E-05 9.98684E-05 9.98684E-05 9.98684E-05 0.0532842 9.98684E-05 9.98684E-05 9.98684E-05 9.98684E-05 9.98684E-05 0.0551016 0.000766086 0.0233581 9.98684E-05 9.98684E-05 0.0562083 9.98684E-05 9.98684E-05 9.98684E-05 9.98684E-05 0.0490777
0.343062 0.308735 9.98597E-05 0.0665857 9.98597E-05 9.98597E-05 9.98597E-05 9.98597E-05 9.98597E-05 9.98597E-05 9.98597E-05 0.030524 9.98597E-05 9.98597E-05 9.98597E-05 9.98597E-05 0.0844464 9.98597E-05 9.98597E-05 9.98597E-05 9.98597E-05 0.165049
0.0382876 0.84117 0.00765833 9.98684E-05 0.0704489 0.00162258 9.98684E-05 9.98684E-05 9.98684E-05 9.98684E-05 9.98684E-05 9.98684E-05 9.98684E-05 9.98684E-05 9.98684E-05 9.98684E-05 9.98684E-05 9.98684E-05 9.98684E-05 9.98684E-05 0.0052489 0.0340654
0.654331 9.98771E-05 9.98771E-05 0.0269579 0.0602616 0.0802865 9.98771E-05 0.0119872 9.98771E-05 0.139804 9.98771E-05 9.98771E-05 9.98771E-05 9.98771E-05 9.98771E-05 9.98771E-05 0.00376474 9.98771E-05 0.0212082 9.98771E-05 9.98771E-05 9.98771E-05
0.403524 9.98685E-05 9.98685E-05 9.98685E-05 9.98685E-05 0.0786683 0.124 9.98685E-05 9.98685E-05 0.081802 9.98685E-05 0.180962 9.98685E-05 9.98685E-05 9.98685E-05 9.98685E-05 0.0798561 9.98685E-05 9.98685E-05 9.98685E-05 9.98685E-05 0.0496892
9.98684E-05 0.589269 9.98684E-05 0.0194689 9.98684E-05 9.98684E-05 9.98684E-05 9.98684E-05 9.98684E-05 0.0824677 0.0786597 9.98684E-05 0.0717428 9.98684E-05 9.98684E-05 9.98684E-05 0.0219284 9.98684E-05 9.98684E-05 9.98684E-05 9.98684E-05 0.134965
9.98771E-05 0.691827 9.98771E-05 9.98771E-05 9.98771E-05 0.0217954 9.98771E-05 0.0509241 0.00965517 0.00322434 9.98771E-05 0.0603037 9.98771E-05 9.98771E-05 9.98771E-05 9.98771E-05 0.0775582 9.98771E-05 9.98771E-05 9.98771E-05 9.98771E-05 0.0833138
0.160357 0.739994 9.98597E-05 9.98597E-05 9.98597E-05 0.0122651 9.98597E-05 9.98597E-05 9.98597E-05 0.0413098 9.98597E-05 9.98597E-05 9.98597E-05 9.98597E-05 9.98597E-05 9.98597E-05 9.98597E-05 9.98597E-05 0.0252111 9.98597E-05 0.019265 9.98597E-05
0.685546 9.98859E-05 9.98859E-05 0.0138216 0.0326761 9.98859E-05 9.98859E-05 9.98859E-05 9.98859E-05 0.0126409 9.98859E-05 9.98859E-05 0.159738 9.98859E-05 0.0169329 9.98859E-05 0.0128578 9.98859E-05 9.98859E-05 0.011528 9.98859E-05 0.0529605
0.65389 0.25277 9.98423E-05 9.98423E-05 9.98423E-05 0.088234 9.98423E-05 9.98423E-05 0.00330882 9.98423E-05 9.98423E-05 9.98423E-05 9.98423E-05 9.98423E-05 9.98423E-05 9.98423E-05 9.98423E-05 9.98423E-05 9.98423E-05 9.98423E-05 9.98423E-05 9.98423E-05
9.9851E-05 0.726357 9.9851E-05 9.9851E-05 0.180214 9.9851E-05 9.9851E-05 9.9851E-05 9.9851E-05 9.9851E-05 9.9851E-05 9.9851E-05 9.9851E-05 9.9851E-05 9.9851E-05 9.9851E-05 9.9851E-05 9.9851E-05 0.0137083 9.9851E-05 0.0176072 0.0604169
9.98772E-05 0.682117 9.98772E-05 9.98772E-05 9.98772E-05 0.00792645 0.00741232 9.98772E-05 9.98772E-05 0.00506408 9.98772E-05 9.98772E-05 9.98772E-05 9.98772E-05 9.98772E-05 9.98772E-05 0.0156251 0.0402061 9.98772E-05 9.98772E-05 0.0572543 0.182996
9.98507E-05 0.731181 9.98507E-05 9.98507E-05 9.98507E-05 0.0323234 9.98507E-05 9.98507E-05 9.98507E-05 9.98507E-05 0.0596126 0.0624797 9.98507E-05 9.98507E-05 9.98507E-05 9.98507E-05 9.98507E-05 9.98507E-05 9.98507E-05 9.98507E-05 9.98507E-05 0.112706
0.909229 9.98421E-05 9.98421E-05 9.98421E-05 9.98421E-05 0.0259895 9.98421E-05 9.98421E-05 9.98421E-05 9.98421E-05 9.98421E-05 9.98421E-05 9.98421E-05 9.98421E-05 9.98421E-05 9.98421E-05 0.0207998 9.98421E-05 9.98421E-05 9.98421E-05 9.98421E-05 0.0421848
0.595089 9.98598E-05 9.98598E-05 0.0370947 0.0606444 9.98598E-05 9.98598E-05 9.98598E-05 9.98598E-05 9.98598E-05 9.98598E-05 9.98598E-05 9.98598E-05 9.98598E-05 0.0368825 9.98598E-05 0.14272 9.98598E-05 9.98598E-05 9.98598E-05 9.98598E-05 0.125971
0.792651 9.98421E-05 9.98421E-05 9.98421E-05 9.98421E-05 0.05612 9.98421E-05 9.98421E-05 9.98421E-05 9.98421E-05 9.98421E-05 9.98421E-05 9.98421E-05 9.98421E-05 9.98421E-05 0.126809 0.0226224 9.98421E-05 9.98421E-05 9.98421E-05 9.98421E-05 9.98421E-05
9.98685E-05 0.422334 9.98685E-05 0.253344 0.0760899 9.98685E-05 9.98685E-05 9.98685E-05 9.98685E-05 0.0336189 9.98685E-05 9.98685E-05 9.98685E-05 9.98685E-05 0.0719455 9.98685E-05 0.0206048 9.98685E-05 9.98685E-05 9.98685E-05 9.98685E-05 0.120565
9.98509E-05 0.294562 9.98509E-05 9.98509E-05 9.98509E-05 9.98509E-05 9.98509E-05 9.98509E-05 9.98509E-05 9.98509E-05 9.98509E-05 9.98509E-05 0.0999484 9.98509E-05 9.98509E-05 9.98509E-05 0.430293 0.0248376 9.98509E-05 9.98509E-05 9.98509E-05 0.148661
0.499936 0.403941 9.98771E-05 9.98771E-05 9.98771E-05 0.0170637 9.98771E-05 9.98771E-05 9.98771E-05 9.98771E-05 9.98771E-05 9.98771E-05 0.00232998 9.98771E-05 9.98771E-05 9.98771E-05 0.00274667 9.98771E-05 0.043855 0.00708368 9.98771E-05 0.0216454
0.883247 9.98508E-05 9.98508E-05 9.98508E-05 9.98508E-05 9.98508E-05 9.98508E-05 0.0231946 9.98508E-05 0.019048 9.98508E-05 9.98508E-05 0.0487381 9.98508E-05 9.98508E-05 9.98508E-05 9.98508E-05 9.98508E-05 9.98508E-05 9.98508E-05 9.98508E-05 0.0240745
9.98158E-05 0.997904 9.98158E-05 9.98158E-05 9.98158E-05 9.98158E-05 9.98158E-05 9.98158E-05 9.98158E-05 9.98158E-05 9.98158E-05 9.98158E-05 9.98158E-05 9.98158E-05 9.98158E-05 9.98158E-05 9.98158E-05 9.98158E-05 9.98158E-05 9.98158E-05 9.98158E-05 9.98158E-05
0.384649 0.199796 9.98682E-05 0.0977013 9.98682E-05 0.045465 9.98682E-05 9.98682E-05 9.98682E-05 0.034528 9.98682E-05 9.98682E-05 9.98682E-05 9.98682E-05 9.98682E-05 9.98682E-05 0.15351 9.98682E-05 9.98682E-05 9.98682E-05 9.98682E-05 0.0828529
0.371634 0.453118 9.98774E-05 9.98774E-05 0.00818843 9.98774E-05 9.98774E-05 0.0357967 0.0955545 0.0204018 9.98774E-05 9.98774E-05 9.98774E-05 0.00855162 9.98774E-05 9.98774E-05 9.98774E-05 9.98774E-05 0.00535655 9.98774E-05 9.98774E-05 9.98774E-05
0.00897091 0.312311 9.99034E-05 0.075759 0.0430806 9.99034E-05 9.99034E-05 9.99034E-05 9.99034E-05 0.0971394 9.99034E-05 0.131936 0.00534003 9.99034E-05 0.0644502 9.99034E-05 0.0468799 9.99034E-05 9.99034E-05 0.0306922 9.99034E-05 0.182342
0.273589 0.38758 9.98596E-05 9.98596E-05 9.98596E-05 9.98596E-05 9.98596E-05 9.98596E-05 9.98596E-05 9.98596E-05 0.0167755 9.98596E-05 0.138896 9.98596E-05 9.98596E-05 9.98596E-05 0.101726 9.98596E-05 0.0798356 9.98596E-05 9.98596E-05 9.98596E-05
0.793066 0.0872029 9.98597E-05 9.98597E-05 9.98597E-05 9.98597E-05 9.98597E-05 0.085753 0.0026293 9.98597E-05 9.98597E-05 9.98597E-05 9.98597E-05 0.021115 9.98597E-05 9.98597E-05 9.98597E-05 9.98597E-05 9.98597E-05 9.98597E-05 9.98597E-05 0.0086363
9.98509E-05 0.809641 9.98509E-05 9.98509E-05 9.98509E-05 9.98509E-05 9.98509E-05 0.00710987 9.98509E-05 9.98509E-05 0.151441 9.98509E-05 9.98509E-05 0.0250201 9.98509E-05 9.98509E-05 9.98509E-05 9.98509E-05 0.00509035 9.98509E-05 9.98509E-05 9.98509E-05
9.98334E-05 0.822638 9.98334E-05 9.98334E-05 9.98334E-05 9.98334E-05 9.98334E-05 9.98334E-05 9.98334E-05 9.98334E-05 9.98334E-05 9.98334E-05 9.98334E-05 0.114634 9.98334E-05 9.98334E-05 9.98334E-05 9.98334E-05 9.98334E-05 9.98334E-05 9.98334E-05 0.0608313
0.0664263 0.717621 9.98596E-05 9.98596E-05 9.98596E-05 0.0767048 9.98596E-05 9.98596E-05 9.98596E-05 0.0121992 9.98596E-05 0.100872 9.98596E-05 9.98596E-05 9.98596E-05 9.98596E-05 9.98596E-05 9.98596E-05 0.0245795 9.98596E-05 9.98596E-05 9.98596E-05
0.723966 9.98509E-05 9.98509E-05 9.98509E-05 9.98509E-05 0.0841076 9.98509E-05 0.0835891 9.98509E-05 9.98509E-05 9.98509E-05 9.98509E-05 9.98509E-05 9.98509E-05 9.98509E-05 9.98509E-05 9.98509E-05 9.98509E-05 9.98509E-05 9.98509E-05 0.090809 0.0158312
0.798579 9.98423E-05 9.98423E-05 9.98423E-05 0.0695877 9.98423E-05 9.98423E-05 9.98423E-05 9.98423E-05 9.98423E-05 9.98423E-05 9.98423E-05 0.0968771 9.98423E-05 9.98423E-05 9.98423E-05 9.98423E-05 9.98423E-05 9.98423E-05 9.98423E-05 9.98423E-05 0.0331594
0.25642 0.637262 9.98772E-05 9.98772E-05 0.00452076 9.98772E-05 9.98772E-05 9.98772E-05 0.019172 0.0159846 9.98772E-05 9.98772E-05 0.02989 9.98772E-05 9.98772E-05 9.98772E-05 9.98772E-05 9.98772E-05 9.98772E-05 9.98772E-05 0.0139441 0.0214082
9.98595E-05 9.98595E-05 9.98595E-05 0.69099 0.0578381 9.98595E-05 9.98595E-05 0.0458838 9.98595E-05 0.0673897 9.98595E-05 9.98595E-05 9.98595E-05 0.000499085 9.98595E-05 9.98595E-05 9.98595E-05 9.98595E-05 9.98595E-05 9.98595E-05 9.98595E-05 0.135802
9.98248E-05 9.98248E-05 9.98248E-05 0.989726 9.98248E-05 9.98248E-05 9.98248E-05 9.98248E-05 9.98248E-05 9.98248E-05 9.98248E-05 9.98248E-05 9.98248E-05 9.98248E-05 0.00827759 9.98248E-05 9.98248E-05 9.98248E-05 9.98248E-05 9.98248E-05 9.98248E-05 9.98248E-05
9.98333E-05 9.98333E-05 9.98333E-05 0.89743 9.98333E-05 9.98333E-05 9.98333E-05 0.0808142 0.0198586 9.98333E-05 9.98333E-05 9.98333E-05 9.98333E-05 9.98333E-05 9.98333E-05 9.98333E-05 9.98333E-05 9.98333E-05 9.98333E-05 9.98333E-05 9.98333E-05 9.98333E-05
9.9851E-05 9.9851E-05 9.9851E-05 0.331784 0.144219 9.9851E-05 9.9851E-05 9.9851E-05 0.0705971 9.9851E-05 9.9851E-05 0.156879 9.9851E-05 9.9851E-05 9.9851E-05 9.9851E-05 9.9851E-05 9.9851E-05 9.9851E-05 9.9851E-05 0.294823 9.9851E-05
9.98769E-05 9.98769E-05 9.98769E-05 0.710506 0.068129 9.98769E-05 9.98769E-05 0.0383736 0.0255462 9.98769E-05 9.98769E-05 9.98769E-05 9.98769E-05 9.98769E-05 9.98769E-05 9.98769E-05 0.0667055 0.013637 0.0594965 9.98769E-05 9.98769E-05 0.0162079
9.98505E-05 9.98505E-05 9.98505E-05 0.748521 0.0538923 9.98505E-05 9.98505E-05 9.98505E-05 9.98505E-05 9.98505E-05 9.98505E-05 0.00581458 9.98505E-05 9.98505E-05 9.98505E-05 9.98505E-05 0.0330143 9.98505E-05 9.98505E-05 9.98505E-05 9.98505E-05 0.15706
9.98419E-05 9.98419E-05 9.98419E-05 0.540271 9.98419E-05 9.98419E-05 9.98419E-05 9.98419E-05 9.98419E-05 0.019721 9.98419E-05 9.98419E-05 9.98419E-05 9.98419E-05 9.98419E-05 9.98419E-05 9.98419E-05 9.98419E-05 9.98419E-05 9.98419E-05 0.254053 0.184158
9.98594E-05 9.98594E-05 9.98594E-05 0.59757 0.0898604 9.98594E-05 9.98594E-05 0.134061 9.98594E-05 9.98594E-05 9.98594E-05 0.0543944 9.98594E-05 9.98594E-05 9.98594E-05 9.98594E-05 9.98594E-05 9.98594E-05 9.98594E-05 9.98594E-05 0.0756751 0.0468419
9.98158E-05 9.98158E-05 9.98158E-05 0.997904 9.98158E-05 9.98158E-05 9.98158E-05 9.98158E-05 9.98158E-05 9.98158E-05 9.98158E-05 9.98158E-05 9.98158E-05 9.98158E-05 9.98158E-05 9.98158E-05 9.98158E-05 9.98158E-05 9.98158E-05 9.98158E-05 9.98158E-05 9.98158E-05
9.98419E-05 9.98419E-05 9.98419E-05 0.900612 9.98419E-05 0.0245725 9.98419E-05 9.98419E-05 9.98419E-05 0.00954265 9.98419E-05 9.98419E-05 0.0634759 9.98419E-05 9.98419E-05 9.98419E-05 9.98419E-05 9.98419E-05 9.98419E-05 9.98419E-05 9.98419E-05 9.98419E-05
9.98417E-05 9.98417E-05 9.98417E-05 0.541183 0.0544218 9.98417E-05 9.98417E-05 9.98417E-05 9.98417E-05 0.148691 9.98417E-05 9.98417E-05 9.98417E-05 9.98417E-05 9.98417E-05 9.98417E-05 9.98417E-05 9.98417E-05 9.98417E-05 9.98417E-05 9.98417E-05 0.253907
9.98946E-05 9.98946E-05 0.0776366 0.471296 9.98946E-05 0.0601997 9.98946E-05 9.98946E-05 0.00733762 0.0340153 0.0291049 9.98946E-05 9.98946E-05 0.0705702 9.98946E-05 9.98946E-05 0.0869139 9.98946E-05 9.98946E-05 9.98946E-05 0.116293 0.0454342
9.98681E-05 9.98681E-05 0.109423 0.586029 0.0659688 9.98681E-05 9.98681E-05 9.98681E-05 9.98681E-05 0.0817026 0.0897054 0.0204015 9.98681E-05 9.98681E-05 9.98681E-05 9.98681E-05 9.98681E-05 0.0452717 9.98681E-05 9.98681E-05 9.98681E-05 9.98681E-05
9.98506E-05 9.98506E-05 9.98506E-05 0.565417 9.98506E-05 0.0145691 9.98506E-05 9.98506E-05 9.98506E-05 9.98506E-05 9.98506E-05 9.98506E-05 9.98506E-05 9.98506E-05 9.98506E-05 9.98506E-05 0.11152 9.98506E-05 9.98506E-05 9.98506E-05 0.0938974 0.212899
9.98423E-05 9.98423E-05 0.00310618 0.966995 9.98423E-05 9.98423E-05 9.98423E-05 9.98423E-05 9.98423E-05 9.98423E-05 9.98423E-05 0.00646841 9.98423E-05 9.98423E-05 0.0216336 9.98423E-05 9.98423E-05 9.98423E-05 9.98423E-05 9.98423E-05 9.98423E-05 9.98423E-05
9.98247E-05 9.98247E-05 9.98247E-05 0.952321 0.0456828 9.98247E-05 9.98247E-05 9.98247E-05 9.98247E-05 9.98247E-05 9.98247E-05 9.98247E-05 9.98247E-05 9.98247E-05 9.98247E-05 9.98247E-05 9.98247E-05 9.98247E-05 9.98247E-05 9.98247E-05 9.98247E-05 9.98247E-05
9.98418E-05 9.98418E-05 9.98418E-05 0.751278 9.98418E-05 0.133346 9.98418E-05 0.0373501 0.0762285 9.98418E-05 9.98418E-05 9.98418E-05 9.98418E-05 9.98418E-05 9.98418E-05 9.98418E-05 9.98418E-05 9.98418E-05 9.98418E-05 9.98418E-05 9.98418E-05 9.98418E-05
9.98682E-05 9.98682E-05 0.056099 0.681275 0.0424569 0.0638185 9.98682E-05 9.98682E-05 9.98682E-05 0.0878509 9.98682E-05 9.98682E-05 0.00498794 9.98682E-05 9.98682E-05 9.98682E-05 0.0620143 9.98682E-05 9.98682E-05 9.98682E-05 9.98682E-05 9.98682E-05
9.9842E-05 9.9842E-05 9.9842E-05 0.906995 9.9842E-05 9.9842E-05 9.9842E-05 0.083745 9.9842E-05 0.00276469 9.9842E-05 9.9842E-05 9.9842E-05 9.9842E-05 9.9842E-05 9.9842E-05 9.9842E-05 9.9842E-05 9.9842E-05 9.9842E-05 9.9842E-05 0.00469795
9.98417E-05 9.98417E-05 9.98417E-05 0.693737 9.98417E-05 9.98417E-05 9.98417E-05 0.0296583 9.98417E-05 9.98417E-05 0.065192 9.98417E-05 9.98417E-05 9.98417E-05 9.98417E-05 9.98417E-05 9.98417E-05 9.98417E-05 9.98417E-05 9.98417E-05 9.98417E-05 0.209616
9.98162E-05 9.98162E-05 9.98162E-05 0.997904 9.98162E-05 9.98162E-05 9.98162E-05 9.98162E-05 9.98162E-05 9.98162E-05 9.98162E-05 9.98162E-05 9.98162E-05 9.98162E-05 9.98162E-05 9.98162E-05 9.98162E-05 9.98162E-05 9.98162E-05 9.98162E-05 9.98162E-05 9.98162E-05
9.98418E-05 9.98418E-05 9.98418E-05 0.698773 9.98418E-05 9.98418E-05 9.98418E-05 9.98418E-05 9.98418E-05 9.98418E-05 9.98418E-05 9.98418E-05 9.98418E-05 9.98418E-05 9.98418E-05 9.98418E-05 0.208997 9.98418E-05 9.98418E-05 9.98418E-05 0.0111039 0.0793289
9.98421E-05 9.98421E-05 9.98421E-05 0.827301 9.98421E-05 9.98421E-05 9.98421E-05 9.98421E-05 9.98421E-05 9.98421E-05 9.98421E-05 0.0684346 9.98421E-05 0.0580439 9.98421E-05 9.98421E-05 0.0444229 9.98421E-05 9.98421E-05 9.98421E-05 9.98421E-05 9.98421E-05
9.98859E-05 9.98859E-05 9.98859E-05 0.565898 0.0847825 0.0774329 9.98859E-05 0.166915 0.0066202 0.00545671 9.98859E-05 0.0174306 9.98859E-05 9.98859E-05 0.07325 9.98859E-05 9.98859E-05 0.000915304 9.98859E-05 9.98859E-05 9.98859E-05 9.98859E-05
9.98331E-05 9.98331E-05 0.0799531 0.812891 9.98331E-05 9.98331E-05 9.98331E-05 9.98331E-05 9.98331E-05 0.105259 9.98331E-05 9.98331E-05 9.98331E-05 9.98331E-05 9.98331E-05 9.98331E-05 9.98331E-05 9.98331E-05 9.98331E-05 9.98331E-05 9.98331E-05 9.98331E-05
9.98511E-05 9.98511E-05 9.98511E-05 0.883829 0.0554673 9.98511E-05 9.98511E-05 9.98511E-05 9.98511E-05 0.00367361 9.98511E-05 9.98511E-05 9.98511E-05 9.98511E-05 9.98511E-05 9.98511E-05 9.98511E-05 9.98511E-05 0.0237575 9.98511E-05 9.98511E-05 0.0315752
9.98159E-05 9.98159E-05 9.98159E-05 0.997904 9.98159E-05 9.98159E-05 9.98159E-05 9.98159E-05 9.98159E-05 9.98159E-05 9.98159E-05 9.98159E-05 9.98159E-05 9.98159E-05 9.98159E-05 9.98159E-05 9.98159E-05 9.98159E-05 9.98159E-05 9.98159E-05 9.98159E-05 9.98159E-05
9.98247E-05 9.98247E-05 9.98247E-05 0.971242 9.98247E-05 9.98247E-05 9.98247E-05 9.98247E-05 9.98247E-05 9.98247E-05 9.98247E-05 9.98247E-05 9.98247E-05 9.98247E-05 9.98247E-05 9.98247E-05 9.98247E-05 9.98247E-05 9.98247E-05 9.98247E-05 9.98247E-05 0.0267613
9.98335E-05 9.98335E-05 9.98335E-05 0.843653 0.0810374 9.98335E-05 9.98335E-05 0.0734126 9.98335E-05 9.98335E-05 9.98335E-05 9.98335E-05 9.98335E-05 9.98335E-05 9.98335E-05 9.98335E-05 9.98335E-05 9.98335E-05 9.98335E-05 9.98335E-05 9.98335E-05 9.98335E-05
9.98597E-05 0.00975856 9.98597E-05 0.524098 0.0993901 9.98597E-05 9.98597E-05 9.98597E-05 9.98597E-05 9.98597E-05 0.0331115 9.98597E-05 9.98597E-05 9.98597E-05 9.98597E-05 0.230605 9.98597E-05 9.98597E-05 9.98597E-05 9.98597E-05 9.98597E-05 0.101439
9.98333E-05 9.98333E-05 9.98333E-05 9.98333E-05 0.0776272 9.98333E-05 9.98333E-05 9.98333E-05 9.98333E-05 9.98333E-05 9.98333E-05 0.771851 9.98333E-05 9.98333E-05 9.98333E-05 9.98333E-05 9.98333E-05 9.98333E-05 9.98333E-05 9.98333E-05 9.98333E-05 0.148625
9.98334E-05 9.98334E-05 9.98334E-05 9.98334E-05 0.0179355 9.98334E-05 9.98334E-05 9.98334E-05 9.98334E-05 9.98334E-05 9.98334E-05 0.358982 9.98334E-05 9.98334E-05 9.98334E-05 0.621186 9.98334E-05 9.98334E-05 9.98334E-05 9.98334E-05 9.98334E-05 9.98334E-05
9.9842E-05 9.9842E-05 9.9842E-05 9.9842E-05 9.9842E-05 9.9842E-05 9.9842E-05 9.9842E-05 9.9842E-05 9.9842E-05 9.9842E-05 0.850904 9.9842E-05 9.9842E-05 9.9842E-05 9.9842E-05 0.0102121 0.0207458 9.9842E-05 9.9842E-05 9.9842E-05 0.116341
9.98418E-05 9.98418E-05 9.98418E-05 9.98418E-05 0.0194785 9.98418E-05 9.98418E-05 0.00810754 9.98418E-05 9.98418E-05 9.98418E-05 0.85642 9.98418E-05 9.98418E-05 9.98418E-05 9.98418E-05 9.98418E-05 9.98418E-05 9.98418E-05 9.98418E-05 9.98418E-05 0.114197
9.98331E-05 9.98331E-05 0.0363003 9.98331E-05 0.0480666 9.98331E-05 9.98331E-05 9.98331E-05 9.98331E-05 9.98331E-05 9.98331E-05 0.913736 9.98331E-05 9.98331E-05 9.98331E-05 9.98331E-05 9.98331E-05 9.98331E-05 9.98331E-05 9.98331E-05 9.98331E-05 9.98331E-05
9.98596E-05 9.98596E-05 9.98596E-05 9.98596E-05 0.139877 9.98596E-05 9.98596E-05 9.98596E-05 9.98596E-05 9.98596E-05 9.98596E-05 0.542047 0.0417361 9.98596E-05 9.98596E-05 0.0738452 9.98596E-05 9.98596E-05 9.98596E-05 9.98596E-05 0.0452534 0.155644
9.98595E-05 9.98595E-05 0.0514354 9.98595E-05 0.0800973 9.98595E-05 9.98595E-05 9.98595E-05 9.98595E-05 0.0319976 9.98595E-05 0.671995 9.98595E-05 9.98595E-05 9.98595E-05 0.0964657 9.98595E-05 9.98595E-05 9.98595E-05 9.98595E-05 9.98595E-05 0.0664111
9.98245E-05 9.98245E-05 9.98245E-05 9.98245E-05 0.213826 9.98245E-05 9.98245E-05 9.98245E-05 9.98245E-05 9.98245E-05 9.98245E-05 0.784177 9.98245E-05 9.98245E-05 9.98245E-05 9.98245E-05 9.98245E-05 9.98245E-05 9.98245E-05 9.98245E-05 9.98245E-05 9.98245E-05
9.98595E-05 9.98595E-05 9.98595E-05 9.98595E-05 0.288004 9.98595E-05 9.98595E-05 9.98595E-05 9.98595E-05 0.0141587 9.98595E-05 0.448702 9.98595E-05 9.98595E-05 9.98595E-05 9.98595E-05 0.111603 9.98595E-05 9.98595E-05 9.98595E-05 0.116989 0.0189462
9.98595E-05 9.98595E-05 0.000188717 9.98595E-05 0.194257 9.98595E-05 9.98595E-05 9.98595E-05 9.98595E-05 9.98595E-05 9.98595E-05 0.515334 0.0463498 9.98595E-05 9.98595E-05 9.98595E-05 0.0102846 9.98595E-05 9.98595E-05 9.98595E-05 9.98595E-05 0.231988
9.98596E-05 9.98596E-05 9.98596E-05 9.98596E-05 0.0404658 9.98596E-05 0.432053 9.98596E-05 9.98596E-05 0.0327654 9.98596E-05 0.398235 9.98596E-05 9.98596E-05 9.98596E-05 9.98596E-05 9.98596E-05 9.98596E-05 9.98596E-05 9.98596E-05 0.0875302 0.00735316
9.9851E-05 9.9851E-05 9.9851E-05 9.9851E-05 9.9851E-05 9.9851E-05 0.185555 9.9851E-05 9.9851E-05 0.00562583 9.9851E-05 0.6614 9.9851E-05 9.9851E-05 9.9851E-05 9.9851E-05 9.9851E-05 9.9851E-05 9.9851E-05 9.9851E-05 0.0524417 0.0932804
9.98335E-05 9.98335E-05 9.98335E-05 9.98335E-05 0.0566903 9.98335E-05 9.98335E-05 9.98335E-05 9.98335E-05 9.98335E-05 9.98335E-05 0.789478 9.98335E-05 9.98335E-05 9.98335E-05 0.151935 9.98335E-05 9.98335E-05 9.98335E-05 9.98335E-05 9.98335E-05 9.98335E-05
9.98421E-05 9.98421E-05 9.98421E-05 9.98421E-05 0.0915738 9.98421E-05 0.0949325 9.98421E-05 9.98421E-05 9.98421E-05 9.98421E-05 0.621323 9.98421E-05 9.98421E-05 9.98421E-05 9.98421E-05 9.98421E-05 9.98421E-05 9.98421E-05 9.98421E-05 9.98421E-05 0.190374
9.98684E-05 9.98684E-05 0.0691381 9.98684E-05 0.0136526 9.98684E-05 9.98684E-05 0.137483 9.98684E-05 9.98684E-05 9.98684E-05 0.542312 9.98684E-05 9.98684E-05 9.98684E-05 0.200147 9.98684E-05 9.98684E-05 0.014541 9.98684E-05 9.98684E-05 0.0212283
9.98684E-05 9.98684E-05 9.98684E-05 9.98684E-05 0.0677668 9.98684E-05 0.0743338 9.98684E-05 9.98684E-05 0.00694358 9.98684E-05 0.606177 0.0486748 9.98684E-05 9.98684E-05 9.98684E-05 9.98684E-05 9.98684E-05 9.98684E-05 9.98684E-05 0.0680849 0.126521
9.98507E-05 9.98507E-05 9.98507E-05 9.98507E-05 9.98507E-05 9.98507E-05 0.1331 9.98507E-05 9.98507E-05 9.98507E-05 9.98507E-05 0.45718 9.98507E-05 9.98507E-05 9.98507E-05 9.98507E-05 9.98507E-05 9.98507E-05 0.0437454 9.98507E-05 0.231362 0.132915
9.98686E-05 0.011403 9.98686E-05 9.98686E-05 0.0530674 9.98686E-05 0.049138 9.98686E-05 9.98686E-05 9.98686E-05 9.98686E-05 0.69434 0.0503907 9.98686E-05 9.98686E-05 9.98686E-05 0.0803981 0.0597652 9.98686E-05 9.98686E-05 9.98686E-05 9.98686E-05
9.98421E-05 9.98421E-05 9.98421E-05 9.98421E-05 9.98421E-05 9.98421E-05 0.0910699 9.98421E-05 9.98421E-05 0.0426651 9.98421E-05 0.842919 9.98421E-05 9.98421E-05 9.98421E-05 9.98421E-05 9.98421E-05 9.98421E-05 0.0215492 9.98421E-05 9.98421E-05 9.98421E-05
9.98597E-05 9.98597E-05 9.98597E-05 9.98597E-05 9.98597E-05 9.98597E-05 0.238871 9.98597E-05 9.98597E-05 9.98597E-05 9.98597E-05 0.355798 0.0655593 9.98597E-05 0.0918879 9.98597E-05 9.98597E-05 9.98597E-05 0.0945805 9.98597E-05 9.98597E-05 0.151705
9.98509E-05 9.98509E-05 9.98509E-05 9.98509E-05 9.98509E-05 9.98509E-05 9.98509E-05 9.98509E-05 9.98509E-05 9.98509E-05 9.98509E-05 0.724131 9.98509E-05 9.98509E-05 9.98509E-05 0.0412581 9.98509E-05 0.0208488 9.98509E-05 9.98509E-05 0.148543 0.063521
9.98245E-05 9.98245E-05 9.98245E-05 9.98245E-05 0.0377999 9.98245E-05 9.98245E-05 9.98245E-05 9.98245E-05 9.98245E-05 9.98245E-05 0.960204 9.98245E-05 9.98245E-05 9.98245E-05 9.98245E-05 9.98245E-05 9.98245E-05 9.98245E-05 9.98245E-05 9.98245E-05 9.98245E-05
9.98596E-05 9.98596E-05 9.98596E-05 9.98596E-05 0.22509 0.0233176 9.98596E-05 9.98596E-05 9.98596E-05 9.98596E-05 9.98596E-05 0.409178 9.98596E-05 9.98596E-05 9.98596E-05 9.98596E-05 9.98596E-05 9.98596E-05 0.0864976 9.98596E-05 0.0518165 0.202503
9.98421E-05 9.98421E-05 9.98421E-05 9.98421E-05 0.167584 9.98421E-05 0.0942439 9.98421E-05 9.98421E-05 9.98421E-05 9.98421E-05 0.661493 9.98421E-05 9.98421E-05 9.98421E-05 0.0748817 9.98421E-05 9.98421E-05 9.98421E-05 9.98421E-05 9.98421E-05 9.98421E-05
9.98596E-05 9.98596E-05 9.98596E-05 9.98596E-05 0.197692 9.98596E-05 9.98596E-05 9.98596E-05 9.98596E-05 9.98596E-05 9.98596E-05 0.40764 9.98596E-05 9.98596E-05 9.98596E-05 9.98596E-05 9.98596E-05 9.98596E-05 0.0137047 0.0390272 0.0802169 0.260121
9.98598E-05 9.98598E-05 9.98598E-05 0.00950394 0.0879748 9.98598E-05 0.318264 9.98598E-05 9.98598E-05 9.98598E-05 9.98598E-05 0.460896 9.98598E-05 9.98598E-05 9.98598E-05 9.98598E-05 9.98598E-05 9.98598E-05 9.98598E-05 9.98598E-05 0.0390813 0.0826823
9.98597E-05 9.98597E-05 9.98597E-05 9.98597E-05 9.98597E-05 0.0377602 0.0241732 9.98597E-05 0.013405 9.98597E-05 9.98597E-05 9.98597E-05 9.98597E-05 9.98597E-05 0.133095 0.744733 9.98597E-05 9.98597E-05 9.98597E-05 9.98597E-05 9.98597E-05 0.0452364
9.98418E-05 9.98418E-05 9.98418E-05 9.98418E-05 0.0840842 0.0230128 9.98418E-05 9.98418E-05 9.98418E-05 9.98418E-05 9.98418E-05 0.747522 9.98418E-05 9.98418E-05 9.98418E-05 9.98418E-05 9.98418E-05 9.98418E-05 9.98418E-05 9.98418E-05 9.98418E-05 0.143584
9.98335E-05 9.98335E-05 9.98335E-05 9.98335E-05 0.183325 9.98335E-05 9.98335E-05 9.98335E-05 9.98335E-05 9.98335E-05 9.98335E-05 0.595309 9.98335E-05 9.98335E-05 9.98335E-05 9.98335E-05 9.98335E-05 9.98335E-05 9.98335E-05 9.98335E-05 9.98335E-05 0.219469
9.98507E-05 9.98507E-05 9.98507E-05 9.98507E-05 9.98507E-05 9.98507E-05 9.98507E-05 9.98507E-05 9.98507E-05 0.0374232 9.98507E-05 0.420944 9.98507E-05 9.98507E-05 9.98507E-05 0.279279 9.98507E-05 0.182504 9.98507E-05 9.98507E-05 9.98507E-05 0.0781529
9.98685E-05 9.98685E-05 9.98685E-05 9.98685E-05 0.0357825 9.98685E-05 0.0559535 9.98685E-05 9.98685E-05 0.0225824 0.0246231 0.663938 9.98685E-05 9.98685E-05 9.98685E-05 9.98685E-05 9.98685E-05 9.98685E-05 9.98685E-05 0.0136971 9.98685E-05 0.181925
9.98421E-05 9.98421E-05 9.98421E-05 9.98421E-05 9.98421E-05 9.98421E-05 9.98421E-05 9.98421E-05 9.98421E-05 9.98421E-05 0.0388565 0.883167 9.98421E-05 9.98421E-05 9.98421E-05 0.069462 9.98421E-05 9.98421E-05 0.00671767 9.98421E-05 9.98421E-05 9.98421E-05
9.98507E-05 9.98507E-05 9.98507E-05 9.98507E-05 0.213917 9.98507E-05 9.98507E-05 9.98507E-05 9.98507E-05 9.98507E-05 9.98507E-05 0.429937 9.98507E-05 9.98507E-05 9.98507E-05 9.98507E-05 9.98507E-05 0.0987416 0.129629 9.98507E-05 9.98507E-05 0.126079
9.98595E-05 9.98595E-05 9.98595E-05 9.98595E-05 0.0288312 9.98595E-05 9.98595E-05 9.98595E-05 9.98595E-05 9.98595E-05 9.98595E-05 0.752411 9.98595E-05 0.0508843 9.98595E-05 9.98595E-05 0.149123 9.98595E-05 0.0112414 9.98595E-05 9.98595E-05 0.00591126
9.98333E-05 9.98333E-05 9.98333E-05 9.98333E-05 9.98333E-05 9.98333E-05 9.98333E-05 9.98333E-05 9.98333E-05 9.98333E-05 9.98333E-05 0.831594 9.98333E-05 9.98333E-05 9.98333E-05 0.106605 9.98333E-05 9.98333E-05 9.98333E-05 9.98333E-05 9.98333E-05 0.059904
9.98595E-05 9.98595E-05 9.98595E-05 9.98595E-05 0.0723529 9.98595E-05 0.305374 9.98595E-05 9.98595E-05 0.000507455 9.98595E-05 0.546512 0.031246 9.98595E-05 9.98595E-05 9.98595E-05 0.0424102 9.98595E-05 9.98595E-05 9.98595E-05 9.98595E-05 9.98595E-05
9.98419E-05 9.98419E-05 0.00507539 9.98419E-05 0.0522807 9.98419E-05 9.98419E-05 9.98419E-05 9.98419E-05 9.98419E-05 9.98419E-05 0.726532 9.98419E-05 9.98419E-05 9.98419E-05 9.98419E-05 9.98419E-05 9.98419E-05 9.98419E-05 9.98419E-05 9.98419E-05 0.214315
9.98595E-05 9.98595E-05 9.98595E-05 9.98595E-05 0.0654479 9.98595E-05 0.313802 9.98595E-05 9.98595E-05 9.98595E-05 0.0111064 0.190882 0.00282154 9.98595E-05 9.98595E-05 0.414342 9.98595E-05 9.98595E-05 9.98595E-05 9.98595E-05 9.98595E-05 9.98595E-05
9.98422E-05 9.98422E-05 9.98422E-05 9.98422E-05 9.98422E-05 9.98422E-05 9.98422E-05 9.98422E-05 9.98422E-05 9.98422E-05 9.98422E-05 0.540283 9.98422E-05 9.98422E-05 9.98422E-05 0.343463 9.98422E-05 9.98422E-05 0.0251219 9.98422E-05 9.98422E-05 0.0893348
9.9842E-05 9.9842E-05 9.9842E-05 9.9842E-05 9.9842E-05 9.9842E-05 9.9842E-05 9.9842E-05 9.9842E-05 0.0137938 9.9842E-05 0.273096 9.9842E-05 9.9842E-05 9.9842E-05 0.658772 9.9842E-05 0.0525414 9.9842E-05 9.9842E-05 9.9842E-05 9.9842E-05
9.98333E-05 9.98333E-05 9.98333E-05 9.98333E-05 0.00620582 9.98333E-05 0.689755 9.98333E-05 9.98333E-05 9.98333E-05 9.98333E-05 0.302142 9.98333E-05 9.98333E-05 9.98333E-05 9.98333E-05 9.98333E-05 9.98333E-05 9.98333E-05 9.98333E-05 9.98333E-05 9.98333E-05
9.9842E-05 9.9842E-05 9.9842E-05 9.9842E-05 0.0877897 9.9842E-05 9.9842E-05 9.9842E-05 9.9842E-05 9.9842E-05 9.9842E-05 0.529199 9.9842E-05 9.9842E-05 9.9842E-05 9.9842E-05 9.9842E-05 9.9842E-05 9.9842E-05 9.9842E-05 0.0899628 0.291252
9.9842E-05 9.9842E-05 9.9842E-05 9.9842E-05 0.114538 9.9842E-05 9.9842E-05 9.9842E-05 9.9842E-05 9.9842E-05 9.9842E-05 0.760882 9.9842E-05 0.0922266 9.9842E-05 9.9842E-05 9.9842E-05 0.030556 9.9842E-05 9.9842E-05 9.9842E-05 9.9842E-05
9.98509E-05 9.98509E-05 9.98509E-05 9.98509E-05 0.140133 9.98509E-05 0.702994 9.98509E-05 9.98509E-05 9.98509E-05 9.98509E-05 0.026037 9.98509E-05 9.98509E-05 9.98509E-05 9.98509E-05 9.98509E-05 9.98509E-05 0.0894326 9.98509E-05 9.98509E-05 0.0397064
9.98246E-05 9.98246E-05 9.98246E-05 9.98246E-05 9.98246E-05 9.98246E-05 0.691728 9.98246E-05 9.98246E-05 9.98246E-05 9.98246E-05 0.306275 9.98246E-05 9.98246E-05 9.98246E-05 9.98246E-05 9.98246E-05 9.98246E-05 9.98246E-05 9.98246E-05 9.98246E-05 9.98246E-05
9.98507E-05 9.98507E-05 9.98507E-05 9.98507E-05 0.173694 9.98507E-05 9.98507E-05 0.00420167 9.98507E-05 9.98507E-05 9.98507E-05 0.581063 9.98507E-05 9.98507E-05 9.98507E-05 9.98507E-05 9.98507E-05 9.98507E-05 0.0991609 9.98507E-05 0.140183 9.98507E-05
9.98596E-05 9.98596E-05 0.0115989 0.21804 0.114224 9.98596E-05 0.0374451 9.98596E-05 9.98596E-05 9.98596E-05 9.98596E-05 0.533774 9.98596E-05 9.98596E-05 9.98596E-05 9.98596E-05 9.98596E-05 9.98596E-05 9.98596E-05 9.98596E-05 9.98596E-05 0.0833209
9.98861E-05 9.98861E-05 0.00107921 9.98861E-05 0.153758 9.98861E-05 0.0974025 9.98861E-05 9.98861E-05 9.98861E-05 0.0404586 0.525085 9.98861E-05 9.98861E-05 0.0603179 9.98861E-05 0.0296029 9.98861E-05 9.98861E-05 9.98861E-05 0.0546722 0.0363252
9.98597E-05 9.98597E-05 9.98597E-05 9.98597E-05 0.295231 9.98597E-05 9.98597E-05 0.00549298 9.98597E-05 9.98597E-05 9.98597E-05 0.465202 9.98597E-05 9.98597E-05 9.98597E-05 9.98597E-05 0.0118929 9.98597E-05 0.0739689 9.98597E-05 9.98597E-05 0.146615
9.98333E-05 9.98333E-05 9.98333E-05 9.98333E-05 9.98333E-05 9.98333E-05 0.179013 9.98333E-05 9.98333E-05 9.98333E-05 9.98333E-05 0.307784 9.98333E-05 9.98333E-05 9.98333E-05 0.511306 9.98333E-05 9.98333E-05 9.98333E-05 9.98333E-05 9.98333E-05 9.98333E-05
9.9842E-05 9.9842E-05 9.9842E-05 9.9842E-05 9.9842E-05 9.9842E-05 9.9842E-05 9.9842E-05 9.9842E-05 9.9842E-05 9.9842E-05 0.716243 0.214942 9.9842E-05 9.9842E-05 9.9842E-05 0.0292076 9.9842E-05 9.9842E-05 9.9842E-05 9.9842E-05 0.0378106
9.98507E-05 9.98507E-05 9.98507E-05 9.98507E-05 0.0620306 9.98507E-05 9.98507E-05 9.98507E-05 9.98507E-05 9.98507E-05 9.98507E-05 0.0663779 9.98507E-05 9.98507E-05 9.98507E-05 0.802274 9.98507E-05 0.0019498 9.98507E-05 9.98507E-05 0.0656701 9.98507E-05
9.98685E-05 9.98685E-05 0.00601489 9.98685E-05 0.080978 9.98685E-05 0.106846 0.00293798 9.98685E-05 9.98685E-05 9.98685E-05 0.401918 9.98685E-05 9.98685E-05 9.98685E-05 0.231014 9.98685E-05 9.98685E-05 9.98685E-05 9.98685E-05 9.98685E-05 0.168794
9.98333E-05 9.98333E-05 9.98333E-05 9.98333E-05 0.0322737 9.98333E-05 9.98333E-05 9.98333E-05 9.98333E-05 9.98333E-05 0.0729414 0.892888 9.98333E-05 9.98333E-05 9.98333E-05 9.98333E-05 9.98333E-05 9.98333E-05 9.98333E-05 9.98333E-05 9.98333E-05 9.98333E-05
9.9842E-05 9.9842E-05 9.9842E-05 9.9842E-05 9.9842E-05 0.00155176 9.9842E-05 0.0368056 9.9842E-05 9.9842E-05 9.9842E-05 0.925207 0.0346388 9.9842E-05 9.9842E-05 9.9842E-05 9.9842E-05 9.9842E-05 9.9842E-05 9.9842E-05 9.9842E-05 9.9842E-05
9.98419E-05 9.98419E-05 9.98419E-05 9.98419E-05 0.141897 9.98419E-05 9.98419E-05 9.98419E-05 9.98419E-05 9.98419E-05 9.98419E-05 0.399637 9.98419E-05 9.98419E-05 9.98419E-05 9.98419E-05 9.98419E-05 9.98419E-05 9.98419E-05 9.98419E-05 0.241933 0.214736
9.98332E-05 9.98332E-05 9.98332E-05 9.98332E-05 0.173853 9.98332E-05 9.98332E-05 9.98332E-05 9.98332E-05 9.98332E-05 9.98332E-05 0.723689 9.98332E-05 9.98332E-05 9.98332E-05 9.98332E-05 9.98332E-05 9.98332E-05 9.98332E-05 9.98332E-05 9.98332E-05 0.100561
9.98508E-05 9.98508E-05 9.98508E-05 9.98508E-05 0.0427451 9.98508E-05 9.98508E-05 9.98508E-05 9.98508E-05 0.0190427 0.0156771 0.911204 9.98508E-05 9.98508E-05 9.98508E-05 9.98508E-05 9.98508E-05 0.00963372 9.98508E-05 9.98508E-05 9.98508E-05 9.98508E-05
9.98421E-05 9.98421E-05 9.98421E-05 9.98421E-05 9.98421E-05 9.98421E-05 9.98421E-05 9.98421E-05 9.98421E-05 9.98421E-05 9.98421E-05 0.614881 9.98421E-05 9.98421E-05 9.98421E-05 0.168916 9.98421E-05 9.98421E-05 0.180625 9.98421E-05 9.98421E-05 0.0337805
9.98508E-05 9.98508E-05 9.98508E-05 9.98508E-05 0.180916 9.98508E-05 9.98508E-05 9.98508E-05 9.98508E-05 9.98508E-05 9.98508E-05 0.496938 9.98508E-05 9.98508E-05 9.98508E-05 0.245398 9.98508E-05 9.98508E-05 9.98508E-05 9.98508E-05 0.0459419 0.0291088
9.98154E-05 9.98154E-05 9.98154E-05 9.98154E-05 9.98154E-05 9.98154E-05 9.98154E-05 9.98154E-05 9.98154E-05 9.98154E-05 9.98154E-05 9.98154E-05 9.98154E-05 9.98154E-05 9.98154E-05 9.98154E-05 9.98154E-05 9.98154E-05 9.98154E-05 9.98154E-05 9.98154E-05 0.997904
9.98154E-05 9.98154E-05 9.98154E-05 9.98154E-05 0.997904 9.98154E-05 9.98154E-05 9.98154E-05 9.98154E-05 9.98154E-05 9.98154E-05 9.98154E-05 9.98154E-05 9.98154E-05 9.98154E-05 9.98154E-05 9.98154E-05 9.98154E-05 9.98154E-05 9.98154E-05 9.98154E-05 9.98154E-05
9.98153E-05 9.98153E-05 9.98153E-05 9.98153E-05 9.98153E-05 9.98153E-05 9.98153E-05 9.98153E-05 9.98153E-05 9.98153E-05 9.98153E-05 9.98153E-05 9.98153E-05 9.98153E-05 9.98153E-05 9.98153E-05 9.98153E-05 9.98153E-05 9.98153E-05 9.98153E-05 9.98153E-05 0.997904
9.98154E-05 9.98154E-05 9.98154E-05 9.98154E-05 0.997904 9.98154E-05 9.98154E-05 9.98154E-05 9.98154E-05 9.98154E-05 9.98154E-05 9.98154E-05 9.98154E-05 9.98154E-05 9.98154E-05 9.98154E-05 9.98154E-05 9.98154E-05 9.98154E-05 9.98154E-05 9.98154E-05 9.98154E-05
9.98154E-05 9.98154E-05 9.98154E-05 9.98154E-05 0.997904 9.98154E-05 9.98154E-05 9.98154E-05 9.98154E-05 9.98154E-05 9.98154E-05 9.98154E-05 9.98154E-05 9.98154E-05 9.98154E-05 9.98154E-05 9.98154E-05 9.98154E-05 9.98154E-05 9.98154E-05 9.98154E-05 9.98154E-05
9.98156E-05 9.98156E-05 9.98156E-05 9.98156E-05 0.997904 9.98156E-05 9.98156E-05 9.98156E-05 9.98156E-05 9.98156E-05 9.98156E-05 9.98156E-05 9.98156E-05 9.98156E-05 9.98156E-05 9.98156E-05 9.98156E-05 9.98156E-05 9.98156E-05 9.98156E-05 9.98156E-05 9.98156E-05
9.98155E-05 9.98155E-05 9.98155E-05 9.98155E-05 9.98155E-05 9.98155E-05 9.98155E-05 9.98155E-05 9.98155E-05 9.98155E-05 9.98155E-05 9.98155E-05 9.98155E-05 9.98155E-05 9.98155E-05 9.98155E-05 9.98155E-05 9.98155E-05 9.98155E-05 9.98155E-05 9.98155E-05 0.997904
9.98155E-05 9.98155E-05 9.98155E-05 9.98155E-05 0.997904 9.98155E-05 9.98155E-05 9.98155E-05 9.98155E-05 9.98155E-05 9.98155E-05 9.98155E-05 9.98155E-05 9.98155E-05 9.98155E-05 9.98155E-05 9.98155E-05 9.98155E-05 9.98155E-05 9.98155E-05 9.98155E-05 9.98155E-05
9.98155E-05 9.98155E-05 9.98155E-05 9.98155E-05 0.997904 9.98155E-05 9.98155E-05 9.98155E-05 9.98155E-05 9.98155E-05 9.98155E-05 9.98155E-05 9.98155E-05 9.98155E-05 9.98155E-05 9.98155E-05 9.98155E-05 9.98155E-05 9.98155E-05 9.98155E-05 9.98155E-05 9.98155E-05
9.98153E-05 9.98153E-05 9.98153E-05 9.98153E-05 9.98153E-05 9.98153E-05 9.98153E-05 9.98153E-05 9.98153E-05 9.98153E-05 9.98153E-05 9.98153E-05 9.98153E-05 9.98153E-05 9.98153E-05 9.98153E-05 9.98153E-05 9.98153E-05 9.98153E-05 9.98153E-05 9.98153E-05 0.997904
