9.99649E-05 0.0398879 0.00563814 0.319761 0.522575 0.111738 9.99649E-05 9.99649E-05 9.99649E-05
9.99561E-05 9.99561E-05 0.00456162 0.139697 0.817372 0.0378694 9.99561E-05 9.99561E-05 9.99561E-05
0.0506726 9.9956E-05 0.00175116 9.9956E-05 0.928017 9.9956E-05 0.0190598 9.9956E-05 9.9956E-05
0.472809 9.99824E-05 0.0105367 0.0563132 0.272322 0.0443482 0.0817819 0.0616883 9.99824E-05
0.117075 9.99473E-05 9.99473E-05 9.99473E-05 0.876643 9.99473E-05 9.99473E-05 0.00568298 9.99473E-05
0.305736 9.99649E-05 9.99649E-05 0.0568808 0.29311 9.99649E-05 0.159749 0.184124 9.99649E-05
0.216174 9.99649E-05 9.99649E-05 0.203469 0.317508 0.154806 9.99649E-05 9.99649E-05 0.107643
0.285875 0.0943423 9.99737E-05 9.99737E-05 0.291274 0.0854479 9.99737E-05 0.192769 0.0499923
0.137464 9.99649E-05 0.14441 0.232819 0.262986 9.99649E-05 9.99649E-05 0.221921 9.99649E-05
9.99473E-05 0.0532035 9.99473E-05 0.0736613 0.872535 9.99473E-05 9.99473E-05 9.99473E-05 9.99473E-05
9.99648E-05 9.99648E-05 0.09677 0.167513 0.547542 0.131894 9.99648E-05 0.0558819 9.99648E-05
0.0843147 9.99561E-05 0.0140998 9.99561E-05 0.889509 0.0115768 9.99561E-05 9.99561E-05 9.99561E-05
9.99385E-05 9.99385E-05 9.99385E-05 0.096267 0.903033 9.99385E-05 9.99385E-05 9.99385E-05 9.99385E-05
9.99649E-05 9.99649E-05 9.99649E-05 0.0188522 0.709677 0.0549559 0.179446 9.99649E-05 0.0366687
9.99737E-05 9.99737E-05 0.0776709 0.203703 0.32466 9.99737E-05 0.161998 0.207932 0.0237355
0.190814 0.0507789 9.99824E-05 0.159901 0.305048 9.99824E-05 0.0028253 0.206511 0.0839227
0.00877344 9.99737E-05 9.99737E-05 0.15166 0.663601 0.0637276 0.0804232 9.99737E-05 0.031515
9.999E-05 0.186826 0.113706 0.187969 0.277923 0.0407631 0.0603205 0.0745283 0.057864
0.0907511 0.0975602 9.99736E-05 0.271868 0.344016 0.00590433 9.99736E-05 0.1896 9.99736E-05
9.99386E-05 9.99386E-05 0.03108 9.99386E-05 0.96822 9.99386E-05 9.99386E-05 9.99386E-05 9.99386E-05
0.293223 9.99649E-05 0.016412 9.99649E-05 0.506119 0.0777988 9.99649E-05 0.106047 9.99649E-05
0.34676 9.99649E-05 9.99649E-05 0.0582607 0.354396 0.0281169 9.99649E-05 0.212066 9.99649E-05
9.99473E-05 9.99473E-05 9.99473E-05 0.2714 0.648674 0.0793267 9.99473E-05 9.99473E-05 9.99473E-05
0.03596 0.0109644 9.99736E-05 0.31928 0.458414 0.00591043 9.99736E-05 9.99736E-05 0.169172
0.000835528 9.99912E-05 0.168447 0.224506 0.303594 0.0475804 0.158122 0.0937363 0.00307838
0.17616 9.99648E-05 9.99648E-05 0.138573 0.663481 0.0129184 9.99648E-05 0.00846746 9.99648E-05
0.0667866 0.170105 0.00427047 0.26101 0.0804486 9.99912E-05 0.268821 0.00416074 0.144298
0.114682 9.99561E-05 9.99561E-05 0.147524 0.718774 9.99561E-05 0.0185201 9.99561E-05 9.99561E-05
9.99649E-05 9.99649E-05 0.0596595 0.276571 0.643372 0.0159129 0.00408506 9.99649E-05 9.99649E-05
9.99649E-05 9.99649E-05 9.99649E-05 0.0620014 0.801413 0.0194848 0.084405 0.0322959 9.99649E-05
9.99736E-05 0.0127154 0.0164664 0.0866358 0.719462 0.131237 9.99736E-05 0.0331841 9.99736E-05
0.112408 9.99737E-05 9.99737E-05 0.0972437 0.563818 0.0635899 0.147644 0.014997 9.99737E-05
9.99736E-05 9.99736E-05 9.99736E-05 0.15197 0.605725 0.119914 0.0325614 0.00403103 0.0854993
0.115457 0.0541925 9.99737E-05 0.13211 0.452577 0.0353868 0.209977 9.99737E-05 9.99737E-05
9.99561E-05 9.99561E-05 0.0389944 0.0537514 0.874438 0.0323162 9.99561E-05 9.99561E-05 9.99561E-05
0.148091 9.99649E-05 9.99649E-05 0.125426 0.665296 0.0471206 9.99649E-05 0.013666 9.99649E-05
9.99473E-05 9.99473E-05 9.99473E-05 9.99473E-05 0.890199 0.0236093 9.99473E-05 9.99473E-05 0.0855916
9.99561E-05 9.99561E-05 0.0817985 0.10845 0.65866 9.99561E-05 9.99561E-05 0.150591 9.99561E-05
0.106926 9.99737E-05 9.99737E-05 0.263127 0.488657 0.0157401 0.116718 0.00853202 9.99737E-05
9.99561E-05 9.99561E-05 9.99561E-05 0.0443232 0.538438 9.99561E-05 0.259007 9.99561E-05 0.157732
9.99649E-05 9.99649E-05 9.99649E-05 0.0152431 0.832864 0.0285295 9.99649E-05 0.0397633 0.0832001
0.0097037 9.99561E-05 9.99561E-05 0.21595 0.697051 9.99561E-05 9.99561E-05 0.0767957 9.99561E-05
0.0471252 9.99385E-05 9.99385E-05 9.99385E-05 0.952175 9.99385E-05 9.99385E-05 9.99385E-05 9.99385E-05
0.117728 9.99649E-05 9.99649E-05 0.397935 0.391195 0.0678059 9.99649E-05 0.0249359 9.99649E-05
0.370257 9.99649E-05 0.0216031 0.302267 0.27197 0.0335023 9.99649E-05 9.99649E-05 9.99649E-05
0.0403907 9.99473E-05 0.0622926 9.99473E-05 0.896717 9.99473E-05 9.99473E-05 9.99473E-05 9.99473E-05
9.99561E-05 0.0512187 9.99561E-05 0.0480655 0.865845 9.99561E-05 9.99561E-05 0.0343707 9.99561E-05
9.99473E-05 9.99473E-05 9.99473E-05 0.0157614 0.956296 9.99473E-05 9.99473E-05 9.99473E-05 0.0273426
0.0640028 9.99561E-05 9.99561E-05 0.136062 0.738963 0.0604722 9.99561E-05 9.99561E-05 9.99561E-05
9.99737E-05 0.0705841 0.0126797 9.99737E-05 0.787926 0.0215088 9.99737E-05 0.0504449 0.0565568
0.116384 9.99736E-05 9.99736E-05 0.253498 0.27549 0.149559 0.145262 0.0595083 9.99736E-05
0.220026 0.0397086 0.0399822 9.99737E-05 0.681153 9.99737E-05 9.99737E-05 0.0131681 0.00566204
9.99386E-05 0.0589257 9.99386E-05 9.99386E-05 0.940375 9.99386E-05 9.99386E-05 9.99386E-05 9.99386E-05
9.99737E-05 0.0286036 9.99737E-05 0.0447837 0.648626 9.99737E-05 0.0106703 0.0258586 0.241158
0.00449872 9.99649E-05 9.99649E-05 0.043661 0.810188 9.99649E-05 9.99649E-05 0.0128547 0.128397
0.00384648 9.99737E-05 0.101316 9.99737E-05 0.744714 0.0243176 0.0963047 9.99737E-05 0.0292014
0.0261707 0.118685 9.99737E-05 0.0555247 0.692291 0.0196993 9.99737E-05 0.0873293 9.99737E-05
0.101823 9.99473E-05 9.99473E-05 9.99473E-05 0.821137 0.0764397 9.99473E-05 9.99473E-05 9.99473E-05
9.99561E-05 9.99561E-05 9.99561E-05 0.0479171 0.867706 0.0353961 9.99561E-05 0.0484808 9.99561E-05
9.99649E-05 0.0705173 9.99649E-05 0.655918 0.14927 0.0455577 9.99649E-05 0.078337 9.99649E-05
0.131485 0.0561627 9.99737E-05 0.335345 0.360466 0.00356872 9.99737E-05 9.99737E-05 0.112673
9.99649E-05 0.244598 9.99649E-05 0.269019 0.343426 0.0962748 9.99649E-05 0.0462823 9.99649E-05
9.99649E-05 0.127633 9.99649E-05 0.498062 9.99649E-05 0.00663745 0.172379 0.194889 9.99649E-05
0.120433 0.105443 0.0486428 0.435198 0.137416 0.0312874 9.99912E-05 0.112449 0.00903047
9.99561E-05 0.0909623 9.99561E-05 0.770382 9.99561E-05 0.0509641 9.99561E-05 0.0871921 9.99561E-05
0.0103508 9.99737E-05 9.99737E-05 0.651348 0.0402896 0.164758 9.99737E-05 0.0739912 0.0589624
0.0713643 0.065063 9.99824E-05 0.512338 9.99824E-05 0.0467541 0.104487 0.161059 0.0387338
9.998E-05 0.151619 9.998E-05 0.454741 0.258585 0.0299339 0.00465963 0.0322643 0.0679974
0.0973172 0.0526759 9.99737E-05 0.388745 0.322063 0.108055 9.99737E-05 0.0308442 9.99737E-05
9.99649E-05 0.0452591 0.00155621 0.673701 9.99649E-05 0.220528 9.99649E-05 0.0585554 9.99649E-05
0.134625 0.0269192 9.99824E-05 0.47337 0.0326912 0.1361 9.99824E-05 0.0349139 0.161181
0.239576 0.0122445 9.99824E-05 0.289608 9.99824E-05 0.172166 0.00218239 0.194383 0.0896404
0.092349 9.99649E-05 9.99649E-05 0.787009 0.021065 0.0351401 9.99649E-05 9.99649E-05 0.0640372
9.996E-05 9.996E-05 9.996E-05 0.414727 0.263994 0.0639819 0.148341 9.996E-05 0.108556
0.0409122 0.0767761 9.99825E-05 0.430456 0.252933 0.0371053 0.0494798 0.112139 9.99825E-05
9.99649E-05 0.224611 9.99649E-05 0.457699 9.99649E-05 0.0467352 0.159256 9.99649E-05 0.111298
0.122294 0.0789708 9.99737E-05 0.310387 0.140685 0.221404 9.99737E-05 0.12596 9.99737E-05
9.99737E-05 0.183325 9.99737E-05 0.512801 0.20224 0.0812371 0.00136685 0.0187293 9.99737E-05
9.99561E-05 0.104395 9.99561E-05 0.69302 9.99561E-05 0.104087 9.99561E-05 9.99561E-05 0.0979984
0.0427796 9.99738E-05 9.99738E-05 0.360328 0.395977 0.0682049 0.0499181 9.99738E-05 0.0824925
0.0267576 0.0709747 9.99824E-05 0.656877 0.129322 0.0123308 0.00404263 9.99824E-05 0.0994953
9.99649E-05 0.0770374 9.99649E-05 0.451154 0.185727 9.99649E-05 0.235394 9.99649E-05 0.0502879
0.247409 0.182809 9.99824E-05 0.246772 0.20203 0.0163949 0.0264043 0.0779804 9.99824E-05
0.123895 9.99736E-05 9.99736E-05 0.436244 0.215365 0.16762 0.0324992 0.0240768 9.99736E-05
9.99562E-05 9.99562E-05 9.99562E-05 0.437403 0.425337 0.0563344 9.99562E-05 0.0804259 9.99562E-05
0.0361064 0.043375 9.99737E-05 0.372939 0.407298 0.0912752 0.0487059 9.99737E-05 9.99737E-05
9.99562E-05 0.10156 9.99562E-05 0.612778 0.248658 9.99562E-05 9.99562E-05 0.0365038 9.99562E-05
0.0225293 0.263767 9.99561E-05 0.393433 0.319771 9.99561E-05 9.99561E-05 9.99561E-05 9.99561E-05
0.0117171 9.99737E-05 0.0130269 0.412621 0.289863 9.99737E-05 0.167058 0.105414 9.99737E-05
9.99473E-05 9.99473E-05 9.99473E-05 0.0980957 9.99473E-05 9.99473E-05 0.769474 0.131831 9.99473E-05
9.993E-05 9.993E-05 9.993E-05 9.993E-05 9.993E-05 9.993E-05 0.999201 9.993E-05 9.993E-05
9.99648E-05 0.0320889 9.99648E-05 0.111303 9.99648E-05 0.074841 0.768438 9.99648E-05 0.0129298
9.99648E-05 0.0547575 9.99648E-05 0.0421435 9.99648E-05 0.0466013 0.730871 0.125227 9.99648E-05
9.99648E-05 0.0640407 0.07063 9.99648E-05 9.99648E-05 9.99648E-05 0.727196 0.120572 0.0171612
9.99473E-05 9.99473E-05 9.99473E-05 0.191606 9.99473E-05 9.99473E-05 0.61282 0.194974 9.99473E-05
9.9956E-05 9.9956E-05 9.9956E-05 0.0648586 9.9956E-05 0.0776162 0.716746 0.14028 9.9956E-05
9.99473E-05 0.029805 9.99473E-05 9.99473E-05 9.99473E-05 9.99473E-05 0.709988 0.259607 9.99473E-05
9.99648E-05 9.99648E-05 9.99648E-05 0.312716 9.99648E-05 0.00890081 0.21646 0.454663 0.00686125
0.000318407 9.9956E-05 9.9956E-05 0.260469 9.9956E-05 9.9956E-05 0.504619 0.234094 9.9956E-05
9.99561E-05 9.99561E-05 9.99561E-05 0.141979 9.99561E-05 0.0222837 0.776758 0.0584796 9.99561E-05
9.995E-05 9.995E-05 0.0231729 0.23072 9.995E-05 0.00848084 0.737126 9.995E-05 9.995E-05
9.99561E-05 0.0126181 9.99561E-05 9.99561E-05 9.99561E-05 0.0270215 0.82897 0.13089 9.99561E-05
9.99561E-05 9.99561E-05 9.99561E-05 0.201571 9.99561E-05 0.00199755 0.592631 0.203301 9.99561E-05
9.99649E-05 0.145191 9.99649E-05 9.99649E-05 9.99649E-05 0.0276264 0.75712 0.0348144 0.0348484
9.99736E-05 9.99736E-05 0.010143 0.239564 9.99736E-05 0.0750485 0.599265 0.0402845 0.0353961
9.99648E-05 0.0470718 0.0456975 0.3035 9.99648E-05 9.99648E-05 0.585712 0.0176196 9.99648E-05
0.0405025 9.99737E-05 9.99737E-05 9.99737E-05 0.00857113 0.0269128 0.642106 0.227234 0.054374
9.99473E-05 9.99473E-05 9.99473E-05 9.99473E-05 9.99473E-05 0.0495355 0.907552 0.0423131 9.99473E-05
9.998E-05 0.0296915 0.057288 0.0778744 9.998E-05 0.035663 0.645861 0.0874095 0.0660123
0.0730774 9.99561E-05 9.99561E-05 0.130238 9.99561E-05 9.99561E-05 0.715716 0.0804684 9.99561E-05
9.9956E-05 0.0519317 9.9956E-05 9.9956E-05 9.9956E-05 0.0453717 0.788154 0.114043 9.9956E-05
9.99561E-05 9.99561E-05 0.12994 0.289028 9.99561E-05 9.99561E-05 0.318778 0.261754 9.99561E-05
9.99385E-05 9.99385E-05 9.99385E-05 9.99385E-05 9.99385E-05 9.99385E-05 0.814719 0.184581 9.99385E-05
9.99648E-05 9.99648E-05 0.137802 0.293521 9.99648E-05 0.00805623 0.324878 0.235343 9.99648E-05
9.99562E-05 9.99562E-05 9.99562E-05 0.294036 9.99562E-05 9.99562E-05 0.588911 0.112946 0.00360734
9.99474E-05 9.99474E-05 0.0693983 9.99474E-05 0.0885068 9.99474E-05 0.841495 9.99474E-05 9.99474E-05
0.110376 9.99472E-05 9.99472E-05 9.99472E-05 9.99472E-05 9.99472E-05 0.721873 0.167151 9.99472E-05
9.99473E-05 9.99473E-05 9.99473E-05 0.199056 9.99473E-05 9.99473E-05 0.495499 0.304845 9.99473E-05
9.99649E-05 9.99649E-05 0.0687114 0.0653462 9.99649E-05 0.0519431 0.805586 0.00801358 9.99649E-05
9.996E-05 9.996E-05 0.0209604 0.219255 9.996E-05 9.996E-05 0.669186 0.0564906 0.0337075
9.99648E-05 0.0410186 0.0401939 9.99648E-05 9.99648E-05 0.0130029 0.886305 9.99648E-05 0.0190792
9.99648E-05 9.99648E-05 0.225268 0.00664287 9.99648E-05 9.99648E-05 0.361457 0.36609 0.0401426
9.9956E-05 9.9956E-05 0.0677075 0.107041 9.9956E-05 9.9956E-05 0.715431 0.109322 9.9956E-05
9.99472E-05 0.016116 9.99472E-05 0.0496626 9.99472E-05 9.99472E-05 0.933622 9.99472E-05 9.99472E-05
9.997E-05 0.0349117 0.0183116 9.997E-05 9.997E-05 0.00475911 0.814538 0.0934112 0.033769
9.99648E-05 0.0553288 9.99648E-05 0.191998 9.99648E-05 0.0292485 0.582619 0.140406 9.99648E-05
9.99386E-05 9.99386E-05 9.99386E-05 9.99386E-05 9.99386E-05 9.99386E-05 0.876381 0.12292 9.99386E-05
9.99474E-05 9.99474E-05 0.0206718 9.99474E-05 9.99474E-05 9.99474E-05 0.975184 0.00354485 9.99474E-05
9.993E-05 9.993E-05 9.993E-05 9.993E-05 9.993E-05 9.993E-05 0.999201 9.993E-05 9.993E-05
9.99387E-05 9.99387E-05 0.0215234 9.99387E-05 9.99387E-05 9.99387E-05 0.977777 9.99387E-05 9.99387E-05
9.9956E-05 9.9956E-05 9.9956E-05 0.4437 9.9956E-05 0.0159389 0.398058 0.141803 9.9956E-05
0.0675203 9.99473E-05 9.99473E-05 9.99473E-05 9.99473E-05 9.99473E-05 0.69162 0.24026 9.99473E-05
9.99386E-05 9.99386E-05 9.99386E-05 9.99386E-05 9.99386E-05 9.99386E-05 0.892981 0.106319 9.99386E-05
9.993E-05 9.993E-05 9.993E-05 9.993E-05 9.993E-05 9.993E-05 0.999201 9.993E-05 9.993E-05
9.99648E-05 0.0172691 0.223451 0.148596 9.99648E-05 9.99648E-05 0.299972 0.310312 9.99648E-05
9.99649E-05 0.0437966 9.99649E-05 0.268446 9.99649E-05 0.0373016 0.624052 0.0260045 9.99649E-05
9.996E-05 0.0181934 9.996E-05 0.138385 9.996E-05 9.996E-05 0.532717 0.202859 0.107445
9.99649E-05 9.99649E-05 0.0566812 0.283369 9.99649E-05 0.0344129 0.310905 0.314232 9.99649E-05
9.993E-05 9.993E-05 9.993E-05 9.993E-05 9.993E-05 9.993E-05 0.999201 9.993E-05 9.993E-05
0.174626 9.99824E-05 0.0191766 0.145764 9.99824E-05 0.0184659 0.56754 0.0223365 0.0518911
9.99387E-05 9.99387E-05 9.99387E-05 9.99387E-05 9.99387E-05 9.99387E-05 0.91189 0.0874102 9.99387E-05
9.99649E-05 0.00207042 9.99649E-05 0.0922258 9.99649E-05 0.027977 0.786154 0.0911727 9.99649E-05
0.0609312 0.0162896 9.99648E-05 9.99648E-05 9.99648E-05 9.99648E-05 0.782554 0.0944649 0.0453608
9.99736E-05 0.0305139 0.0290254 9.99736E-05 9.99736E-05 0.0466918 0.836927 0.0232888 0.0332532
9.99472E-05 9.99472E-05 9.99472E-05 0.407649 9.99472E-05 9.99472E-05 0.364025 0.227726 9.99472E-05
9.9956E-05 9.9956E-05 0.00359855 9.9956E-05 9.9956E-05 0.0214666 0.765123 0.209312 9.9956E-05
9.99648E-05 9.99648E-05 0.0786514 9.99648E-05 9.99648E-05 0.031318 0.790807 0.0905912 0.00823211
9.99473E-05 0.0606882 0.16019 9.99473E-05 9.99473E-05 9.99473E-05 0.778522 9.99473E-05 9.99473E-05
9.99385E-05 9.99385E-05 9.99385E-05 9.99385E-05 9.99385E-05 9.99385E-05 0.790114 0.209186 9.99385E-05
9.993E-05 9.993E-05 9.993E-05 0.999201 9.993E-05 9.993E-05 9.993E-05 9.993E-05 9.993E-05
9.993E-05 9.993E-05 9.993E-05 9.993E-05 9.993E-05 9.993E-05 9.993E-05 0.999201 9.993E-05
9.993E-05 9.993E-05 9.993E-05 0.999201 9.993E-05 9.993E-05 9.993E-05 9.993E-05 9.993E-05
9.993E-05 9.993E-05 9.993E-05 9.993E-05 9.993E-05 9.993E-05 9.993E-05 0.999201 9.993E-05
9.993E-05 9.993E-05 9.993E-05 9.993E-05 9.993E-05 9.993E-05 9.993E-05 0.999201 9.993E-05
9.993E-05 9.993E-05 9.993E-05 9.993E-05 9.993E-05 9.993E-05 9.993E-05 0.999201 9.993E-05
9.993E-05 9.993E-05 9.993E-05 0.999201 9.993E-05 9.993E-05 9.993E-05 9.993E-05 9.993E-05
9.993E-05 9.993E-05 9.993E-05 9.993E-05 9.993E-05 9.993E-05 9.993E-05 0.999201 9.993E-05
9.993E-05 9.993E-05 9.993E-05 9.993E-05 9.993E-05 9.993E-05 9.993E-05 0.999201 9.993E-05
9.993E-05 9.993E-05 9.993E-05 0.999201 9.993E-05 9.993E-05 9.993E-05 9.993E-05 9.993E-05
9.993E-05 9.993E-05 9.993E-05 0.999201 9.993E-05 9.993E-05 9.993E-05 9.993E-05 9.993E-05
9.993E-05 9.993E-05 9.993E-05 0.999201 9.993E-05 9.993E-05 9.993E-05 9.993E-05 9.993E-05
9.993E-05 9.993E-05 9.993E-05 9.993E-05 9.993E-05 9.993E-05 9.993E-05 0.999201 9.993E-05
9.993E-05 9.993E-05 9.993E-05 9.993E-05 9.993E-05 9.993E-05 9.993E-05 0.999201 9.993E-05
9.99384E-05 9.99384E-05 0.0457524 0.953548 9.99384E-05 9.99384E-05 9.99384E-05 9.99384E-05 9.99384E-05
9.993E-05 9.993E-05 9.993E-05 0.999201 9.993E-05 9.993E-05 9.993E-05 9.993E-05 9.993E-05
0.0685189 0.00459049 0.0791359 0.232488 9.99824E-05 9.99824E-05 0.367333 0.150356 0.0973777
9.99384E-05 9.99384E-05 0.0742611 0.925039 9.99384E-05 9.99384E-05 9.99384E-05 9.99384E-05 9.99384E-05
9.993E-05 9.993E-05 9.993E-05 9.993E-05 9.993E-05 9.993E-05 9.993E-05 0.999201 9.993E-05
9.99384E-05 9.99384E-05 0.0167534 0.982547 9.99384E-05 9.99384E-05 9.99384E-05 9.99384E-05 9.99384E-05
9.993E-05 9.993E-05 9.993E-05 0.999201 9.993E-05 9.993E-05 9.993E-05 9.993E-05 9.993E-05
9.993E-05 9.993E-05 9.993E-05 0.999201 9.993E-05 9.993E-05 9.993E-05 9.993E-05 9.993E-05
9.993E-05 9.993E-05 9.993E-05 9.993E-05 9.993E-05 9.993E-05 9.993E-05 0.999201 9.993E-05
9.993E-05 9.993E-05 9.993E-05 0.999201 9.993E-05 9.993E-05 9.993E-05 9.993E-05 9.993E-05
9.993E-05 9.993E-05 9.993E-05 9.993E-05 9.993E-05 9.993E-05 9.993E-05 0.999201 9.993E-05
9.993E-05 9.993E-05 9.993E-05 0.999201 9.993E-05 9.993E-05 9.993E-05 9.993E-05 9.993E-05
9.993E-05 9.993E-05 9.993E-05 0.999201 9.993E-05 9.993E-05 9.993E-05 9.993E-05 9.993E-05
9.993E-05 9.993E-05 9.993E-05 9.993E-05 9.993E-05 9.993E-05 9.993E-05 0.999201 9.993E-05
9.993E-05 9.993E-05 9.993E-05 9.993E-05 9.993E-05 9.993E-05 9.993E-05 0.999201 9.993E-05
9.993E-05 9.993E-05 9.993E-05 9.993E-05 9.993E-05 9.993E-05 9.993E-05 0.999201 9.993E-05
9.993E-05 9.993E-05 9.993E-05 0.999201 9.993E-05 9.993E-05 9.993E-05 9.993E-05 9.993E-05
9.993E-05 9.993E-05 9.993E-05 0.999201 9.993E-05 9.993E-05 9.993E-05 9.993E-05 9.993E-05
9.993E-05 9.993E-05 9.993E-05 0.999201 9.993E-05 9.993E-05 9.993E-05 9.993E-05 9.993E-05
9.993E-05 9.993E-05 9.993E-05 0.999201 9.993E-05 9.993E-05 9.993E-05 9.993E-05 9.993E-05
9.993E-05 9.993E-05 9.993E-05 0.999201 9.993E-05 9.993E-05 9.993E-05 9.993E-05 9.993E-05
9.993E-05 9.993E-05 9.993E-05 9.993E-05 9.993E-05 9.993E-05 9.993E-05 0.999201 9.993E-05
9.993E-05 9.993E-05 9.993E-05 9.993E-05 9.993E-05 9.993E-05 9.993E-05 0.999201 9.993E-05
9.993E-05 9.993E-05 9.993E-05 9.993E-05 9.993E-05 9.993E-05 9.993E-05 0.999201 9.993E-05
9.993E-05 9.993E-05 9.993E-05 0.999201 9.993E-05 9.993E-05 9.993E-05 9.993E-05 9.993E-05
9.993E-05 9.993E-05 9.993E-05 9.993E-05 9.993E-05 9.993E-05 9.993E-05 0.999201 9.993E-05
9.993E-05 9.993E-05 9.993E-05 9.993E-05 9.993E-05 9.993E-05 9.993E-05 0.999201 9.993E-05
9.993E-05 9.993E-05 9.993E-05 9.993E-05 9.993E-05 9.993E-05 9.993E-05 0.999201 9.993E-05
9.993E-05 9.993E-05 9.993E-05 9.993E-05 9.993E-05 9.993E-05 9.993E-05 0.999201 9.993E-05
9.993E-05 9.993E-05 9.993E-05 0.999201 9.993E-05 9.993E-05 9.993E-05 9.993E-05 9.993E-05
9.993E-05 9.993E-05 9.993E-05 9.993E-05 9.993E-05 9.993E-05 9.993E-05 0.999201 9.993E-05
9.993E-05 9.993E-05 9.993E-05 9.993E-05 9.993E-05 9.993E-05 9.993E-05 0.999201 9.993E-05
0.103319 0.022635 0.0939484 0.172357 9.99824E-05 9.99824E-05 0.427781 0.0794449 0.100315
9.993E-05 9.993E-05 9.993E-05 0.999201 9.993E-05 9.993E-05 9.993E-05 9.993E-05 9.993E-05
9.993E-05 9.993E-05 9.993E-05 9.993E-05 9.993E-05 9.993E-05 9.993E-05 0.999201 9.993E-05
9.993E-05 9.993E-05 9.993E-05 9.993E-05 9.993E-05 9.993E-05 9.993E-05 0.999201 9.993E-05
9.993E-05 9.993E-05 9.993E-05 9.993E-05 9.993E-05 9.993E-05 9.993E-05 0.999201 9.993E-05
9.993E-05 9.993E-05 9.993E-05 9.993E-05 9.993E-05 9.993E-05 9.993E-05 0.999201 9.993E-05
9.993E-05 9.993E-05 9.993E-05 0.999201 9.993E-05 9.993E-05 9.993E-05 9.993E-05 9.993E-05
9.993E-05 9.993E-05 9.993E-05 9.993E-05 9.993E-05 9.993E-05 9.993E-05 0.999201 9.993E-05
9.993E-05 9.993E-05 9.993E-05 0.999201 9.993E-05 9.993E-05 9.993E-05 9.993E-05 9.993E-05
9.993E-05 9.993E-05 9.993E-05 9.993E-05 9.993E-05 9.993E-05 9.993E-05 0.999201 9.993E-05
9.993E-05 9.993E-05 9.993E-05 0.999201 9.993E-05 9.993E-05 9.993E-05 9.993E-05 9.993E-05
9.993E-05 9.993E-05 9.993E-05 9.993E-05 9.993E-05 9.993E-05 9.993E-05 0.999201 9.993E-05
9.993E-05 9.993E-05 9.993E-05 9.993E-05 9.993E-05 9.993E-05 9.993E-05 0.999201 9.993E-05
9.993E-05 9.993E-05 9.993E-05 9.993E-05 9.993E-05 9.993E-05 9.993E-05 0.999201 9.993E-05
9.993E-05 9.993E-05 9.993E-05 9.993E-05 9.993E-05 9.993E-05 9.993E-05 0.999201 9.993E-05
9.993E-05 9.993E-05 9.993E-05 9.993E-05 9.993E-05 9.993E-05 9.993E-05 0.999201 9.993E-05
9.993E-05 9.993E-05 9.993E-05 9.993E-05 9.993E-05 9.993E-05 9.993E-05 0.999201 9.993E-05
9.993E-05 9.993E-05 9.993E-05 0.999201 9.993E-05 9.993E-05 9.993E-05 9.993E-05 9.993E-05
9.993E-05 9.993E-05 9.993E-05 0.999201 9.993E-05 9.993E-05 9.993E-05 9.993E-05 9.993E-05
9.993E-05 9.993E-05 9.993E-05 0.999201 9.993E-05 9.993E-05 9.993E-05 9.993E-05 9.993E-05
9.993E-05 9.993E-05 9.993E-05 9.993E-05 9.993E-05 9.993E-05 9.993E-05 0.999201 9.993E-05
9.993E-05 9.993E-05 9.993E-05 0.999201 9.993E-05 9.993E-05 9.993E-05 9.993E-05 9.993E-05
9.993E-05 9.993E-05 9.993E-05 0.999201 9.993E-05 9.993E-05 9.993E-05 9.993E-05 9.993E-05
9.993E-05 9.993E-05 9.993E-05 0.999201 9.993E-05 9.993E-05 9.993E-05 9.993E-05 9.993E-05
9.993E-05 9.993E-05 9.993E-05 9.993E-05 9.993E-05 9.993E-05 9.993E-05 0.999201 9.993E-05
9.993E-05 9.993E-05 9.993E-05 9.993E-05 9.993E-05 9.993E-05 9.993E-05 0.999201 9.993E-05
9.993E-05 9.993E-05 9.993E-05 9.993E-05 9.993E-05 9.993E-05 9.993E-05 0.999201 9.993E-05
9.993E-05 9.993E-05 9.993E-05 0.999201 9.993E-05 9.993E-05 9.993E-05 9.993E-05 9.993E-05
9.993E-05 9.993E-05 9.993E-05 9.993E-05 9.993E-05 9.993E-05 9.993E-05 0.999201 9.993E-05
9.993E-05 9.993E-05 9.993E-05 9.993E-05 9.993E-05 9.993E-05 9.993E-05 0.999201 9.993E-05
9.993E-05 9.993E-05 9.993E-05 0.999201 9.993E-05 9.993E-05 9.993E-05 9.993E-05 9.993E-05
9.993E-05 9.993E-05 9.993E-05 9.993E-05 9.993E-05 9.993E-05 9.993E-05 0.999201 9.993E-05
9.993E-05 9.993E-05 9.993E-05 9.993E-05 9.993E-05 9.993E-05 9.993E-05 0.999201 9.993E-05
9.99736E-05 9.99736E-05 0.025057 0.331415 9.99736E-05 0.0948612 0.221361 0.13291 0.194096
9.993E-05 9.993E-05 9.993E-05 0.999201 9.993E-05 9.993E-05 9.993E-05 9.993E-05 9.993E-05
9.993E-05 9.993E-05 9.993E-05 9.993E-05 9.993E-05 9.993E-05 9.993E-05 0.999201 9.993E-05
9.99649E-05 9.99649E-05 9.99649E-05 0.0164574 9.99649E-05 0.119258 0.43465 0.368892 0.0603433
0.133945 9.99649E-05 0.0124285 0.0708588 9.99649E-05 9.99649E-05 0.496464 0.285903 9.99649E-05
9.99472E-05 9.99472E-05 9.99472E-05 0.325424 9.99472E-05 9.99472E-05 0.508989 0.164987 9.99472E-05
0.0814893 0.0779435 0.0574309 9.99648E-05 9.99648E-05 9.99648E-05 0.761094 9.99648E-05 0.0216426
9.9956E-05 9.9956E-05 0.0321564 0.396368 9.9956E-05 9.9956E-05 0.259539 0.311436 9.9956E-05
9.99474E-05 9.99474E-05 9.99474E-05 9.99474E-05 0.0707452 9.99474E-05 0.840977 0.0876783 9.99474E-05
0.0696599 9.99736E-05 0.0256078 0.311018 9.99736E-05 0.0268823 0.250191 0.316341 9.99736E-05
9.99648E-05 0.107259 0.0843543 9.99648E-05 9.99648E-05 0.00937545 0.598788 0.199823 9.99648E-05
9.99386E-05 9.99386E-05 9.99386E-05 9.99386E-05 9.99386E-05 9.99386E-05 0.793715 0.205586 9.99386E-05
0.0787696 0.0251346 0.080913 9.99736E-05 9.99736E-05 9.99736E-05 0.717182 0.00016876 0.0975323
9.99561E-05 9.99561E-05 9.99561E-05 0.168727 9.99561E-05 0.0690463 0.701905 0.0598224 9.99561E-05
9.99472E-05 9.99472E-05 9.99472E-05 0.0525176 9.99472E-05 9.99472E-05 0.438312 0.508571 9.99472E-05
0.000588472 0.0936488 9.99736E-05 0.260113 9.99736E-05 9.99736E-05 0.325828 0.180465 0.139058
9.9956E-05 0.140613 0.0353809 9.9956E-05 9.9956E-05 9.9956E-05 0.722773 0.100733 9.9956E-05
9.9956E-05 9.9956E-05 9.9956E-05 0.277801 9.9956E-05 0.0887878 0.51763 0.115282 9.9956E-05
0.0341695 9.99648E-05 9.99648E-05 0.215599 9.99648E-05 0.0456557 0.397044 0.307132 9.99648E-05
9.996E-05 9.996E-05 0.0315967 0.108993 9.996E-05 0.0187775 0.719959 0.120274 9.996E-05
9.998E-05 0.0312357 0.0221835 0.401459 9.998E-05 0.0830667 0.349734 0.0251893 0.0869311
0.0109949 9.99736E-05 0.0973299 0.0711887 9.99736E-05 0.0603563 0.637619 0.122212 9.99736E-05
0.0609348 9.99648E-05 9.99648E-05 0.184502 9.99648E-05 9.99648E-05 0.56041 0.173527 0.0202263
0.0684882 9.99648E-05 0.00960668 0.0624186 9.99648E-05 9.99648E-05 0.713749 0.145337 9.99648E-05
9.99561E-05 9.99561E-05 9.99561E-05 9.99561E-05 9.99561E-05 0.0114522 0.639433 0.269702 0.0789132
9.99736E-05 0.0316515 0.0803499 9.99736E-05 9.99736E-05 0.0205426 0.553772 0.221918 0.0914658
9.99648E-05 0.0454684 0.00319157 9.99648E-05 9.99648E-05 0.0276851 0.759571 0.163684 9.99648E-05
9.99648E-05 0.1561 0.0293324 0.0127468 9.99648E-05 9.99648E-05 0.748577 0.0528442 9.99648E-05
9.993E-05 9.993E-05 9.993E-05 9.993E-05 9.993E-05 9.993E-05 0.999201 9.993E-05 9.993E-05
0.206279 9.9956E-05 9.9956E-05 0.124239 9.9956E-05 9.9956E-05 0.61758 0.0514021 9.9956E-05
9.996E-05 0.10094 0.067319 0.287755 9.996E-05 9.996E-05 0.325586 0.218 9.996E-05
0.155433 0.00623277 0.00386174 9.99736E-05 9.99736E-05 0.0398872 0.719626 9.99736E-05 0.07466
9.99561E-05 0.113257 0.0736352 9.99561E-05 9.99561E-05 9.99561E-05 0.579158 0.233451 9.99561E-05
0.16401 9.99561E-05 9.99561E-05 0.166451 9.99561E-05 9.99561E-05 0.334949 0.33409 9.99561E-05
0.0424884 9.996E-05 9.996E-05 0.0344551 9.996E-05 0.0641435 0.605441 0.253072 9.996E-05
0.12694 9.9956E-05 9.9956E-05 0.170159 9.9956E-05 9.9956E-05 0.498762 0.203639 9.9956E-05
0.131208 0.0685082 9.99648E-05 0.129877 9.99648E-05 9.99648E-05 0.506807 0.1632 9.99648E-05
9.99648E-05 0.172165 9.99648E-05 0.0994459 9.99648E-05 0.0263758 0.536589 0.165024 9.99648E-05
0.182977 9.99561E-05 9.99561E-05 0.276813 9.99561E-05 9.99561E-05 0.537191 9.99561E-05 0.00251845
9.993E-05 9.993E-05 9.993E-05 9.993E-05 9.993E-05 9.993E-05 0.999201 9.993E-05 9.993E-05
9.995E-05 9.995E-05 9.995E-05 0.293026 9.995E-05 0.0688376 0.475269 9.995E-05 0.162368
9.99736E-05 9.99736E-05 0.0336535 0.0178985 9.99736E-05 0.0752355 0.779983 0.00381324 0.0891164
0.246978 9.9956E-05 9.9956E-05 0.0607563 9.9956E-05 9.9956E-05 0.487275 0.204491 9.9956E-05
9.9956E-05 9.9956E-05 0.034305 0.24632 9.9956E-05 9.9956E-05 0.644361 0.074515 9.9956E-05
0.0917791 9.99649E-05 9.99649E-05 0.111652 9.99649E-05 0.0346425 0.641995 0.119532 9.99649E-05
0.193653 9.9956E-05 9.9956E-05 0.0820512 9.9956E-05 9.9956E-05 0.534047 0.189749 9.9956E-05
9.99561E-05 0.0495504 9.99561E-05 0.029169 9.99561E-05 9.99561E-05 0.428452 0.492329 9.99561E-05
9.99472E-05 9.99472E-05 9.99472E-05 0.407983 9.99472E-05 9.99472E-05 0.238297 0.353121 9.99472E-05
9.99648E-05 0.0199228 9.99648E-05 0.0158808 9.99648E-05 9.99648E-05 0.780255 0.168238 0.0153031
9.993E-05 9.993E-05 9.993E-05 9.993E-05 9.993E-05 9.993E-05 0.999201 9.993E-05 9.993E-05
9.9956E-05 9.9956E-05 0.00406479 9.9956E-05 9.9956E-05 0.088968 0.683997 0.22247 9.9956E-05
9.99386E-05 9.99386E-05 9.99386E-05 9.99386E-05 9.99386E-05 9.99386E-05 0.961975 0.0373252 9.99386E-05
0.119106 0.0644706 9.99736E-05 0.324747 9.99736E-05 0.01858 0.252697 0.2201 9.99736E-05
9.993E-05 9.993E-05 9.993E-05 9.993E-05 9.993E-05 9.993E-05 0.999201 9.993E-05 9.993E-05
9.99473E-05 9.99473E-05 9.99473E-05 0.350271 9.99473E-05 0.0440109 0.605118 9.99473E-05 9.99473E-05
0.108829 9.9956E-05 9.9956E-05 0.461967 9.9956E-05 0.0518057 0.376899 9.9956E-05 9.9956E-05
9.99473E-05 9.99473E-05 9.99473E-05 0.240407 9.99473E-05 9.99473E-05 0.565071 0.193923 9.99473E-05
0.203816 9.99473E-05 9.99473E-05 9.99473E-05 9.99473E-05 9.99473E-05 0.682508 0.113077 9.99473E-05
9.99385E-05 9.99385E-05 9.99385E-05 9.99385E-05 9.99385E-05 9.99385E-05 0.656521 0.342779 9.99385E-05
9.99387E-05 9.99387E-05 9.99387E-05 0.229716 9.99387E-05 9.99387E-05 0.769585 9.99387E-05 9.99387E-05
9.99473E-05 9.99473E-05 9.99473E-05 9.99473E-05 9.99473E-05 0.00484405 0.809044 0.185512 9.99473E-05
9.99561E-05 9.99561E-05 0.0129961 0.095074 9.99561E-05 9.99561E-05 0.665547 0.225883 9.99561E-05
9.99561E-05 0.00827058 9.99561E-05 0.352453 9.99561E-05 9.99561E-05 0.437573 0.201204 9.99561E-05
9.993E-05 9.993E-05 9.993E-05 9.993E-05 9.993E-05 9.993E-05 0.999201 9.993E-05 9.993E-05
9.99387E-05 9.99387E-05 9.99387E-05 9.99387E-05 9.99387E-05 9.99387E-05 0.940351 0.0589494 9.99387E-05
9.99386E-05 9.99386E-05 9.99386E-05 9.99386E-05 0.0918568 9.99386E-05 0.907444 9.99386E-05 9.99386E-05
9.99561E-05 9.99561E-05 9.99561E-05 0.111491 9.99561E-05 0.0670894 0.727 0.093919 9.99561E-05
9.99472E-05 9.99472E-05 0.102732 9.99472E-05 9.99472E-05 9.99472E-05 0.70115 0.195518 9.99472E-05
0.073158 9.99473E-05 9.99473E-05 9.99473E-05 9.99473E-05 9.99473E-05 0.649789 0.276453 9.99473E-05
9.993E-05 9.993E-05 9.993E-05 9.993E-05 9.993E-05 9.993E-05 0.999201 9.993E-05 9.993E-05
9.99561E-05 9.99561E-05 0.0121959 0.287672 9.99561E-05 9.99561E-05 0.471437 0.228195 9.99561E-05
9.99648E-05 9.99648E-05 0.0365796 0.204959 9.99648E-05 0.107548 0.645245 0.00526898 9.99648E-05
9.99386E-05 9.99386E-05 9.99386E-05 0.195399 9.99386E-05 9.99386E-05 0.803901 9.99386E-05 9.99386E-05
9.99473E-05 9.99473E-05 9.99473E-05 0.400545 9.99473E-05 9.99473E-05 0.575238 0.0236169 9.99473E-05
9.99474E-05 9.99474E-05 9.99474E-05 0.101772 0.0700586 9.99474E-05 0.82757 9.99474E-05 9.99474E-05
9.99472E-05 9.99472E-05 9.99472E-05 0.250004 9.99472E-05 9.99472E-05 0.512812 0.236584 9.99472E-05
9.997E-05 0.138064 0.00705471 0.182284 9.997E-05 0.0287701 0.574681 9.997E-05 0.0688461
9.99474E-05 9.99474E-05 9.99474E-05 0.00122459 9.99474E-05 9.99474E-05 0.987089 0.011087 9.99474E-05
9.99473E-05 9.99473E-05 9.99473E-05 0.211438 9.99473E-05 9.99473E-05 0.635954 0.152009 9.99473E-05
9.99474E-05 9.99474E-05 9.99474E-05 0.0263483 0.0654125 9.99474E-05 0.907639 9.99474E-05 9.99474E-05
0.000519705 0.111869 9.9956E-05 0.0588541 9.9956E-05 9.9956E-05 0.828258 9.9956E-05 9.9956E-05
9.99387E-05 9.99387E-05 9.99387E-05 0.110062 9.99387E-05 9.99387E-05 0.889239 9.99387E-05 9.99387E-05
9.99561E-05 9.99561E-05 9.99561E-05 0.0208793 9.99561E-05 0.0416779 0.553834 0.383109 9.99561E-05
0.0788694 9.99561E-05 9.99561E-05 9.99561E-05 9.99561E-05 0.0514619 0.656809 0.21236 9.99561E-05
0.0564976 0.0650383 0.0636898 0.0262139 9.998E-05 0.0551883 0.515429 0.217743 9.998E-05
9.993E-05 9.993E-05 9.993E-05 9.993E-05 9.993E-05 9.993E-05 0.999201 9.993E-05 9.993E-05
9.99561E-05 9.99561E-05 0.0248372 9.99561E-05 9.99561E-05 0.0790577 0.620298 0.275307 9.99561E-05
9.99561E-05 9.99561E-05 0.135511 0.0314846 9.99561E-05 9.99561E-05 0.601217 0.231287 9.99561E-05
9.99473E-05 9.99473E-05 9.99473E-05 0.0784962 9.99473E-05 0.00123599 0.919668 9.99473E-05 9.99473E-05
9.99736E-05 0.0237651 0.0700252 0.114112 9.99736E-05 0.0610814 0.68477 0.0459464 9.99736E-05
9.99648E-05 0.0608295 9.99648E-05 0.0304828 9.99648E-05 0.00806754 0.528583 0.371637 9.99648E-05
9.996E-05 9.996E-05 9.996E-05 0.249073 9.996E-05 0.0125269 0.564769 0.115774 0.057458
9.9956E-05 9.9956E-05 0.0870995 0.261452 9.9956E-05 9.9956E-05 0.488275 0.162673 9.9956E-05
9.99561E-05 9.99561E-05 0.188317 0.245177 9.99561E-05 9.99561E-05 0.475699 0.090307 9.99561E-05
9.9956E-05 0.115651 9.9956E-05 0.462538 9.9956E-05 9.9956E-05 0.401853 0.0194586 9.9956E-05
9.99561E-05 9.99561E-05 9.99561E-05 0.241834 0.00316902 9.99561E-05 0.441966 0.312532 9.99561E-05
9.997E-05 9.997E-05 0.101338 0.193516 9.997E-05 0.132304 0.491512 0.0527769 0.0282539
9.99474E-05 9.99474E-05 9.99474E-05 0.0116179 9.99474E-05 9.99474E-05 0.760047 0.227735 9.99474E-05
9.99386E-05 9.99386E-05 9.99386E-05 0.0869378 9.99386E-05 9.99386E-05 0.912363 9.99386E-05 9.99386E-05
0.240454 9.99472E-05 9.99472E-05 9.99472E-05 9.99472E-05 9.99472E-05 0.470132 0.288815 9.99472E-05
0.0782559 9.99648E-05 9.99648E-05 0.297791 9.99648E-05 0.110163 0.450827 0.062563 9.99648E-05
9.99561E-05 0.0547478 9.99561E-05 0.394431 9.99561E-05 0.0145242 0.535797 9.99561E-05 9.99561E-05
0.126636 9.99561E-05 9.99561E-05 0.50899 9.99561E-05 9.99561E-05 0.249754 0.114121 9.99561E-05
0.147461 0.0785976 0.0372628 9.998E-05 9.998E-05 0.0631461 0.437415 0.169103 0.0668147
9.99648E-05 0.00052377 0.00563392 0.438491 9.99648E-05 9.99648E-05 0.512477 0.042474 9.99648E-05
9.99736E-05 0.07633 0.157261 0.244314 9.99736E-05 0.0549223 0.463907 0.00296526 9.99736E-05
9.99562E-05 9.99562E-05 9.99562E-05 0.0270993 0.0089316 9.99562E-05 0.851605 0.111865 9.99562E-05
9.99475E-05 9.99475E-05 9.99475E-05 0.142762 9.99475E-05 9.99475E-05 0.792204 0.0644335 9.99475E-05
9.99474E-05 9.99474E-05 9.99474E-05 0.266276 9.99474E-05 9.99474E-05 0.609754 0.12337 9.99474E-05
9.9956E-05 0.174782 9.9956E-05 0.412365 9.9956E-05 9.9956E-05 0.389828 9.9956E-05 0.0225257
9.99387E-05 9.99387E-05 9.99387E-05 9.99387E-05 9.99387E-05 9.99387E-05 0.989779 0.00952163 9.99387E-05
9.993E-05 9.993E-05 9.993E-05 9.993E-05 9.993E-05 9.993E-05 0.999201 9.993E-05 9.993E-05
9.995E-05 0.0311171 0.125841 9.995E-05 9.995E-05 9.995E-05 0.796991 0.0455508 9.995E-05
9.99649E-05 0.0404749 0.0151887 0.0196303 9.99649E-05 9.99649E-05 0.793738 0.130568 9.99649E-05
9.99473E-05 9.99473E-05 9.99473E-05 0.0810741 9.99473E-05 0.0142324 0.904094 9.99473E-05 9.99473E-05
9.99472E-05 9.99472E-05 9.99472E-05 0.280592 9.99472E-05 9.99472E-05 0.627366 0.0914419 9.99472E-05
0.122014 9.99561E-05 9.99561E-05 0.156129 9.99561E-05 9.99561E-05 0.651435 0.0699218 9.99561E-05
9.996E-05 9.996E-05 0.160672 0.465704 9.996E-05 0.031998 0.312788 9.996E-05 0.0284377
9.99385E-05 9.99385E-05 9.99385E-05 9.99385E-05 9.99385E-05 9.99385E-05 0.664498 0.334803 9.99385E-05
0.0992311 9.9956E-05 9.9956E-05 0.128315 9.9956E-05 9.9956E-05 0.599647 0.172307 9.9956E-05
9.99648E-05 0.0877715 0.048034 0.395981 9.99648E-05 9.99648E-05 0.449885 0.0179283 9.99648E-05
9.99473E-05 9.99473E-05 0.0118799 9.99473E-05 9.99473E-05 9.99473E-05 0.972492 0.0150286 9.99473E-05
0.053582 9.99736E-05 0.0190813 0.5401 9.99736E-05 0.0537026 0.215247 9.99736E-05 0.117987
9.9956E-05 0.125876 9.9956E-05 0.161952 9.9956E-05 9.9956E-05 0.689829 0.0218432 9.9956E-05
9.99648E-05 9.99648E-05 0.196404 0.0292018 9.99648E-05 0.09735 0.466339 0.210305 9.99648E-05
0.00769657 9.99648E-05 0.0280538 0.430297 9.99648E-05 9.99648E-05 0.452373 0.0811801 9.99648E-05
0.192681 9.99649E-05 9.99649E-05 0.0430552 9.99649E-05 0.00730667 0.588663 0.167894 9.99649E-05
9.99474E-05 9.99474E-05 9.99474E-05 0.0825514 9.99474E-05 9.99474E-05 0.793524 0.123325 9.99474E-05
9.99648E-05 0.0564293 9.99648E-05 0.147198 9.99648E-05 0.110021 0.517622 0.16833 9.99648E-05
9.99386E-05 9.99386E-05 9.99386E-05 0.0760381 9.99386E-05 9.99386E-05 0.923262 9.99386E-05 9.99386E-05
9.99562E-05 9.99562E-05 9.99562E-05 0.0428021 0.0128085 9.99562E-05 0.899762 0.0441277 9.99562E-05
0.00945191 9.99824E-05 0.0262704 0.111189 9.99824E-05 0.102551 0.407508 0.211933 0.130897
0.0397515 9.99736E-05 0.0522664 0.354956 9.99736E-05 0.0173334 0.472306 0.0630861 9.99736E-05
0.245498 9.99561E-05 9.99561E-05 0.452758 9.99561E-05 9.99561E-05 0.0547802 0.246465 9.99561E-05
0.204409 9.99737E-05 9.99737E-05 0.651603 9.99737E-05 0.017395 0.0352013 0.0872363 0.00385573
0.126838 9.99649E-05 9.99649E-05 0.582369 9.99649E-05 0.0666397 9.99649E-05 0.128291 0.0954619
9.99562E-05 9.99562E-05 9.99562E-05 0.574799 9.99562E-05 0.0932004 0.269368 9.99562E-05 0.0621327
9.998E-05 0.102108 0.0260672 0.407692 9.998E-05 0.0758646 0.116947 0.0995028 0.171619
0.0488931 9.9965E-05 9.9965E-05 0.585886 0.243967 9.9965E-05 0.0838659 0.0369884 9.9965E-05
9.99561E-05 0.0318346 9.99561E-05 0.690113 9.99561E-05 0.114063 9.99561E-05 0.163489 9.99561E-05
9.996E-05 9.996E-05 9.996E-05 0.662895 9.996E-05 0.0606658 0.0231093 0.122808 0.130122
9.99737E-05 9.99737E-05 9.99737E-05 0.452559 0.223495 0.090315 0.108198 0.0345252 0.0906078
0.200785 9.99561E-05 9.99561E-05 0.701814 9.99561E-05 0.000658929 9.99561E-05 0.0962425 9.99561E-05
0.102458 0.00593175 0.00956569 0.622915 9.99824E-05 0.147501 0.0657925 0.045636 9.99824E-05
9.99561E-05 9.99561E-05 0.151694 0.698741 0.0723259 9.99561E-05 0.0767389 9.99561E-05 9.99561E-05
0.0261482 9.99737E-05 9.99737E-05 0.619068 9.99737E-05 0.0448027 0.0574233 0.11649 0.135768
9.99562E-05 9.99562E-05 9.99562E-05 0.563392 0.256362 9.99562E-05 0.174292 0.00545341 9.99562E-05
9.998E-05 0.0620212 9.998E-05 0.611084 0.0499633 0.0895415 0.132999 0.0208259 0.033365
0.266015 9.99561E-05 9.99561E-05 0.549335 9.99561E-05 0.0682737 9.99561E-05 0.115877 9.99561E-05
0.0360737 9.99737E-05 9.99737E-05 0.675458 0.00107244 0.192484 0.0513574 0.0432549 9.99737E-05
0.0987936 9.99737E-05 0.0263475 0.707771 9.99737E-05 0.0328484 0.0438703 9.99737E-05 0.0900696
9.99561E-05 9.99561E-05 9.99561E-05 0.618298 9.99561E-05 0.196617 9.99561E-05 0.0701066 0.114479
0.20902 9.99474E-05 9.99474E-05 0.745471 9.99474E-05 9.99474E-05 9.99474E-05 0.0449097 9.99474E-05
9.99562E-05 9.99562E-05 9.99562E-05 0.719846 9.99562E-05 0.185344 0.0502398 0.0440707 9.99562E-05
0.117009 9.99737E-05 9.99737E-05 0.559379 0.0976283 0.0707666 0.125438 0.0294791 9.99737E-05
0.00753389 9.99737E-05 0.111703 0.577893 0.0967157 0.156895 9.99737E-05 0.0489595 9.99737E-05
9.99473E-05 0.0762747 9.99473E-05 0.709716 9.99473E-05 9.99473E-05 9.99473E-05 0.213409 9.99473E-05
9.99385E-05 9.99385E-05 9.99385E-05 0.781553 9.99385E-05 9.99385E-05 9.99385E-05 0.217748 9.99385E-05
9.99385E-05 9.99385E-05 9.99385E-05 0.712807 9.99385E-05 9.99385E-05 9.99385E-05 0.286493 9.99385E-05
9.99385E-05 9.99385E-05 9.99385E-05 0.866657 9.99385E-05 9.99385E-05 9.99385E-05 0.132643 9.99385E-05
9.99386E-05 9.99386E-05 9.99386E-05 0.919388 9.99386E-05 9.99386E-05 9.99386E-05 0.0799119 9.99386E-05
9.99385E-05 9.99385E-05 9.99385E-05 0.772763 9.99385E-05 9.99385E-05 9.99385E-05 0.226537 9.99385E-05
9.99561E-05 0.0675565 9.99561E-05 0.665473 9.99561E-05 0.0266739 9.99561E-05 0.239797 9.99561E-05
9.99562E-05 9.99562E-05 9.99562E-05 0.707237 9.99562E-05 0.0257142 0.149197 0.117352 9.99562E-05
9.99474E-05 9.99474E-05 9.99474E-05 0.795993 9.99474E-05 9.99474E-05 0.0492376 0.154169 9.99474E-05
9.99472E-05 9.99472E-05 9.99472E-05 0.67563 9.99472E-05 0.025475 9.99472E-05 0.298295 9.99472E-05
9.99473E-05 9.99473E-05 9.99473E-05 0.875234 9.99473E-05 0.0307517 9.99473E-05 0.0934149 9.99473E-05
9.99386E-05 9.99386E-05 9.99386E-05 0.770943 9.99386E-05 9.99386E-05 9.99386E-05 0.228357 9.99386E-05
9.99473E-05 9.99473E-05 9.99473E-05 0.675571 9.99473E-05 0.0238285 9.99473E-05 0.300001 9.99473E-05
9.99474E-05 9.99474E-05 9.99474E-05 0.551095 9.99474E-05 9.99474E-05 0.217773 0.230533 9.99474E-05
9.99387E-05 9.99387E-05 9.99387E-05 0.901733 9.99387E-05 9.99387E-05 9.99387E-05 0.0975678 9.99387E-05
9.99474E-05 9.99474E-05 9.99474E-05 0.683202 9.99474E-05 9.99474E-05 0.137392 0.178806 9.99474E-05
9.99561E-05 0.0437694 9.99561E-05 0.809057 9.99561E-05 9.99561E-05 0.0340642 0.11261 9.99561E-05
9.99386E-05 9.99386E-05 9.99386E-05 0.817523 9.99386E-05 9.99386E-05 9.99386E-05 0.181778 9.99386E-05
9.99386E-05 9.99386E-05 9.99386E-05 0.740769 9.99386E-05 9.99386E-05 9.99386E-05 0.258531 9.99386E-05
9.99473E-05 9.99473E-05 9.99473E-05 0.814255 9.99473E-05 0.0669062 9.99473E-05 0.118239 9.99473E-05
9.99384E-05 9.99384E-05 9.99384E-05 0.650276 9.99384E-05 9.99384E-05 9.99384E-05 0.349024 9.99384E-05
9.99386E-05 9.99386E-05 9.99386E-05 0.981812 9.99386E-05 9.99386E-05 9.99386E-05 0.0174882 9.99386E-05
9.99385E-05 9.99385E-05 9.99385E-05 0.647132 9.99385E-05 9.99385E-05 9.99385E-05 0.352168 9.99385E-05
9.99474E-05 9.99474E-05 0.0276778 0.0795961 9.99474E-05 9.99474E-05 0.892126 9.99474E-05 9.99474E-05
0.0105033 0.00177013 9.99562E-05 0.825341 9.99562E-05 9.99562E-05 9.99562E-05 0.161886 9.99562E-05
9.99386E-05 9.99386E-05 9.99386E-05 0.835638 9.99386E-05 9.99386E-05 9.99386E-05 0.163663 9.99386E-05
9.9956E-05 9.9956E-05 9.9956E-05 0.798972 9.9956E-05 0.0887828 9.9956E-05 0.0793836 0.0323615
9.99386E-05 9.99386E-05 9.99386E-05 0.914046 9.99386E-05 9.99386E-05 9.99386E-05 0.0852541 9.99386E-05
9.99384E-05 9.99384E-05 9.99384E-05 0.689207 9.99384E-05 9.99384E-05 9.99384E-05 0.310093 9.99384E-05
9.99474E-05 9.99474E-05 9.99474E-05 0.813855 9.99474E-05 9.99474E-05 0.0465373 0.139008 9.99474E-05
9.99474E-05 9.99474E-05 9.99474E-05 0.803756 9.99474E-05 0.088463 9.99474E-05 0.107181 9.99474E-05
9.99385E-05 9.99385E-05 9.99385E-05 0.934588 9.99385E-05 9.99385E-05 9.99385E-05 0.0647123 9.99385E-05
9.99474E-05 0.02604 9.99474E-05 0.798872 9.99474E-05 9.99474E-05 9.99474E-05 0.174488 9.99474E-05
9.99385E-05 9.99385E-05 9.99385E-05 0.868392 9.99385E-05 9.99385E-05 9.99385E-05 0.130908 9.99385E-05
9.99386E-05 9.99386E-05 9.99386E-05 0.708844 9.99386E-05 9.99386E-05 9.99386E-05 0.290456 9.99386E-05
9.99385E-05 9.99385E-05 9.99385E-05 0.902073 9.99385E-05 9.99385E-05 9.99385E-05 0.0972274 9.99385E-05
9.99385E-05 9.99385E-05 9.99385E-05 0.74511 9.99385E-05 9.99385E-05 9.99385E-05 0.254191 9.99385E-05
9.99474E-05 0.0279715 9.99474E-05 0.932244 9.99474E-05 9.99474E-05 9.99474E-05 0.0391847 9.99474E-05
9.99561E-05 9.99561E-05 9.99561E-05 0.675766 9.99561E-05 0.0561995 9.99561E-05 0.218186 0.0493494
