9.98858E-05 9.98858E-05 9.98858E-05 0.235977 9.98858E-05 9.98858E-05 0.148886 9.98858E-05 0.0619081 9.98858E-05 0.191387 0.231986 9.98858E-05 9.98858E-05 9.98858E-05 9.98858E-05 0.0312725 9.98858E-05 0.0324675 9.98858E-05 0.0551557 0.00966134
9.98454E-05 9.98454E-05 9.98454E-05 0.106148 9.98454E-05 9.98454E-05 9.98454E-05 9.98454E-05 9.98454E-05 9.98454E-05 0.0985809 0.673563 9.98454E-05 9.98454E-05 9.98454E-05 9.98454E-05 0.119911 9.98454E-05 9.98454E-05 9.98454E-05 9.98454E-05 9.98454E-05
9.98246E-05 9.98246E-05 9.98246E-05 9.98246E-05 9.98246E-05 9.98246E-05 9.98246E-05 9.98246E-05 9.98246E-05 9.98246E-05 0.99541 9.98246E-05 9.98246E-05 0.00259339 9.98246E-05 9.98246E-05 9.98246E-05 9.98246E-05 9.98246E-05 9.98246E-05 9.98246E-05 9.98246E-05
0.171167 9.98947E-05 9.98947E-05 9.98947E-05 9.98947E-05 9.98947E-05 0.0488458 9.98947E-05 9.98947E-05 0.0649571 9.98947E-05 0.352007 9.98947E-05 9.98947E-05 0.105094 0.0344174 9.98947E-05 9.98947E-05 0.00509759 0.0278171 0.00751724 0.181881
9.9851E-05 9.9851E-05 9.9851E-05 9.9851E-05 9.9851E-05 9.9851E-05 9.9851E-05 9.9851E-05 9.9851E-05 9.9851E-05 0.150474 0.779693 9.9851E-05 0.00680094 0.0196198 0.0417149 9.9851E-05 9.9851E-05 9.9851E-05 9.9851E-05 9.9851E-05 9.9851E-05
9.98602E-05 9.98602E-05 9.98602E-05 0.171648 9.98602E-05 9.98602E-05 0.0301043 9.98602E-05 9.98602E-05 9.98602E-05 0.295963 9.98602E-05 9.98602E-05 0.0347209 0.128585 0.125195 0.0519707 0.160415 9.98602E-05 9.98602E-05 9.98602E-05 9.98602E-05
0.0535988 9.98947E-05 9.98947E-05 0.161876 9.98947E-05 0.00966997 0.129174 9.98947E-05 9.98947E-05 9.98947E-05 9.98947E-05 0.331004 9.98947E-05 9.98947E-05 0.0769956 9.98947E-05 0.00924927 9.98947E-05 0.106158 9.98947E-05 0.0138726 0.107203
9.9886E-05 0.050468 0.077465 9.9886E-05 9.9886E-05 9.9886E-05 0.141991 9.9886E-05 0.0688975 9.9886E-05 9.9886E-05 0.326915 9.9886E-05 0.0292102 0.140403 0.0132952 9.9886E-05 0.150056 9.9886E-05 9.9886E-05 9.9886E-05 9.9886E-05
9.98683E-05 9.98683E-05 9.98683E-05 9.98683E-05 9.98683E-05 9.98683E-05 0.000190154 9.98683E-05 9.98683E-05 9.98683E-05 0.199907 0.122852 9.98683E-05 9.98683E-05 9.98683E-05 0.0786745 9.98683E-05 0.220756 0.167741 9.98683E-05 0.208381 9.98683E-05
0.0184565 9.98421E-05 9.98421E-05 9.98421E-05 9.98421E-05 9.98421E-05 9.98421E-05 9.98421E-05 9.98421E-05 9.98421E-05 0.558367 0.355536 9.98421E-05 9.98421E-05 9.98421E-05 9.98421E-05 9.98421E-05 9.98421E-05 9.98421E-05 9.98421E-05 0.0658434 9.98421E-05
9.98596E-05 9.98596E-05 9.98596E-05 0.0946112 9.98596E-05 9.98596E-05 0.0682326 9.98596E-05 9.98596E-05 0.0145918 9.98596E-05 0.575696 9.98596E-05 9.98596E-05 9.98596E-05 9.98596E-05 9.98596E-05 9.98596E-05 9.98596E-05 9.98596E-05 0.130242 0.115029
9.98157E-05 9.98157E-05 9.98157E-05 9.98157E-05 9.98157E-05 9.98157E-05 9.98157E-05 9.98157E-05 9.98157E-05 9.98157E-05 0.997904 9.98157E-05 9.98157E-05 9.98157E-05 9.98157E-05 9.98157E-05 9.98157E-05 9.98157E-05 9.98157E-05 9.98157E-05 9.98157E-05 9.98157E-05
9.98333E-05 9.98333E-05 9.98333E-05 9.98333E-05 9.98333E-05 9.98333E-05 0.044883 9.98333E-05 9.98333E-05 9.98333E-05 9.98333E-05 0.883083 9.98333E-05 9.98333E-05 9.98333E-05 9.98333E-05 9.98333E-05 9.98333E-05 9.98333E-05 9.98333E-05 0.0701371 9.98333E-05
9.98509E-05 9.98509E-05 0.0143862 9.98509E-05 9.98509E-05 9.98509E-05 9.98509E-05 9.98509E-05 9.98509E-05 0.081311 9.98509E-05 0.816692 9.98509E-05 0.0634736 9.98509E-05 9.98509E-05 9.98509E-05 9.98509E-05 9.98509E-05 9.98509E-05 0.02244 9.98509E-05
9.98684E-05 9.98684E-05 9.98684E-05 0.108979 9.98684E-05 9.98684E-05 0.0620576 0.0444268 9.98684E-05 9.98684E-05 0.39663 9.98684E-05 9.98684E-05 9.98684E-05 9.98684E-05 0.160545 9.98684E-05 0.115543 9.98684E-05 9.98684E-05 0.110321 9.98684E-05
0.0582536 0.0878232 0.0205026 0.0235388 9.99122E-05 9.99122E-05 0.0459132 9.99122E-05 0.015897 9.99122E-05 0.0448392 0.240728 9.99122E-05 9.99122E-05 0.0387158 0.180718 9.99122E-05 0.190945 9.99122E-05 9.99122E-05 0.0511259 9.99122E-05
0.0355299 0.00490661 0.00555976 9.98901E-05 9.98901E-05 9.98901E-05 0.0131377 0.0154027 0.0608635 9.98901E-05 0.555029 9.98901E-05 0.146747 9.98901E-05 9.98901E-05 9.98901E-05 0.076353 9.98901E-05 9.98901E-05 9.98901E-05 0.042967 0.0424044
9.98771E-05 9.98771E-05 9.98771E-05 0.170353 0.168628 9.98771E-05 0.183121 9.98771E-05 9.98771E-05 9.98771E-05 9.98771E-05 0.201651 9.98771E-05 9.98771E-05 9.98771E-05 9.98771E-05 9.98771E-05 0.0598156 0.0141164 0.114779 0.0861373 9.98771E-05
9.98771E-05 9.98771E-05 9.98771E-05 9.98771E-05 0.0541045 9.98771E-05 0.187228 0.0482091 0.00554044 9.98771E-05 0.370947 9.98771E-05 9.98771E-05 9.98771E-05 9.98771E-05 9.98771E-05 9.98771E-05 0.10701 9.98771E-05 9.98771E-05 0.204598 0.0209645
9.98246E-05 9.98246E-05 9.98246E-05 9.98246E-05 9.98246E-05 9.98246E-05 9.98246E-05 9.98246E-05 9.98246E-05 9.98246E-05 0.322784 0.67522 9.98246E-05 9.98246E-05 9.98246E-05 9.98246E-05 9.98246E-05 9.98246E-05 9.98246E-05 9.98246E-05 9.98246E-05 9.98246E-05
9.98771E-05 9.98771E-05 0.152039 9.98771E-05 9.98771E-05 9.98771E-05 9.98771E-05 9.98771E-05 9.98771E-05 0.0610059 0.0588542 0.449989 9.98771E-05 9.98771E-05 0.14069 9.98771E-05 9.98771E-05 0.0618858 9.98771E-05 9.98771E-05 0.0348488 0.0392882
0.014559 9.98685E-05 9.98685E-05 9.98685E-05 0.036235 9.98685E-05 0.314367 0.0640574 9.98685E-05 9.98685E-05 0.267618 9.98685E-05 9.98685E-05 9.98685E-05 0.211229 9.98685E-05 9.98685E-05 0.0904364 9.98685E-05 9.98685E-05 9.98685E-05 9.98685E-05
9.98509E-05 9.98509E-05 9.98509E-05 0.247543 9.98509E-05 9.98509E-05 9.98509E-05 9.98509E-05 9.98509E-05 9.98509E-05 9.98509E-05 0.573677 9.98509E-05 9.98509E-05 9.98509E-05 0.0618661 9.98509E-05 9.98509E-05 9.98509E-05 9.98509E-05 0.0764415 0.0387749
9.9851E-05 9.9851E-05 9.9851E-05 9.9851E-05 9.9851E-05 9.9851E-05 0.236626 9.9851E-05 0.0465291 9.9851E-05 9.9851E-05 0.39365 9.9851E-05 9.9851E-05 9.9851E-05 9.9851E-05 9.9851E-05 9.9851E-05 0.0537056 9.9851E-05 0.267792 9.9851E-05
0.0168246 9.98946E-05 0.0578044 9.98946E-05 9.98946E-05 9.98946E-05 9.98946E-05 0.0250486 9.98946E-05 0.249172 0.109907 0.189901 9.98946E-05 9.98946E-05 9.98946E-05 9.98946E-05 9.98946E-05 0.0108649 9.98946E-05 0.0885766 0.218792 0.0319105
0.133005 9.98685E-05 9.98685E-05 9.98685E-05 9.98685E-05 9.98685E-05 0.00988956 9.98685E-05 9.98685E-05 9.98685E-05 0.6685 0.0270242 9.98685E-05 0.0154509 9.98685E-05 0.0274281 9.98685E-05 9.98685E-05 9.98685E-05 9.98685E-05 0.117204 9.98685E-05
0.0230996 0.0363105 0.0234651 9.98947E-05 0.150203 9.98947E-05 0.335784 9.98947E-05 9.98947E-05 0.297857 0.0194139 0.00155602 9.98947E-05 9.98947E-05 9.98947E-05 0.0467297 9.98947E-05 9.98947E-05 9.98947E-05 9.98947E-05 0.0643831 9.98947E-05
0.0223863 9.9851E-05 0.00327514 9.9851E-05 9.9851E-05 9.9851E-05 0.117884 9.9851E-05 9.9851E-05 9.9851E-05 9.9851E-05 0.851279 9.9851E-05 9.9851E-05 9.9851E-05 9.9851E-05 9.9851E-05 9.9851E-05 9.9851E-05 9.9851E-05 0.00347793 9.9851E-05
9.98685E-05 9.98685E-05 9.98685E-05 0.0268128 9.98685E-05 9.98685E-05 0.0329055 9.98685E-05 9.98685E-05 0.0815339 0.602432 9.98685E-05 9.98685E-05 9.98685E-05 9.98685E-05 9.98685E-05 9.98685E-05 9.98685E-05 0.0196237 0.0233648 0.211829 9.98685E-05
9.9886E-05 9.9886E-05 9.9886E-05 9.9886E-05 9.9886E-05 9.9886E-05 9.9886E-05 9.9886E-05 0.00431635 9.9886E-05 0.732131 0.0882879 0.00801044 9.9886E-05 9.9886E-05 0.0175783 9.9886E-05 0.0316926 0.0270098 9.9886E-05 0.0596619 0.0300128
9.98771E-05 9.98771E-05 9.98771E-05 0.107979 9.98771E-05 9.98771E-05 0.0404494 0.0329891 9.98771E-05 9.98771E-05 0.542023 0.144996 9.98771E-05 9.98771E-05 9.98771E-05 9.98771E-05 9.98771E-05 0.00448738 9.98771E-05 9.98771E-05 0.0125675 0.113111
9.98597E-05 9.98597E-05 9.98597E-05 9.98597E-05 9.98597E-05 9.98597E-05 9.98597E-05 9.98597E-05 9.98597E-05 0.203831 9.98597E-05 0.600266 9.98597E-05 9.98597E-05 0.0972357 0.0166698 9.98597E-05 9.98597E-05 9.98597E-05 9.98597E-05 0.0540919 0.0263071
9.98771E-05 9.98771E-05 0.038538 0.019617 9.98771E-05 9.98771E-05 0.0903933 9.98771E-05 9.98771E-05 0.0650564 0.130679 0.450251 9.98771E-05 9.98771E-05 9.98771E-05 9.98771E-05 9.98771E-05 9.98771E-05 9.98771E-05 9.98771E-05 0.135452 0.0686141
9.98597E-05 9.98597E-05 0.079504 9.98597E-05 9.98597E-05 9.98597E-05 0.136813 9.98597E-05 9.98597E-05 0.121403 0.572571 9.98597E-05 9.98597E-05 9.98597E-05 9.98597E-05 0.000642713 9.98597E-05 9.98597E-05 9.98597E-05 9.98597E-05 0.0874679 9.98597E-05
9.98422E-05 9.98422E-05 9.98422E-05 9.98422E-05 9.98422E-05 9.98422E-05 9.98422E-05 9.98422E-05 9.98422E-05 9.98422E-05 0.8739 9.98422E-05 9.98422E-05 9.98422E-05 9.98422E-05 9.98422E-05 0.0748591 9.98422E-05 9.98422E-05 0.00290268 9.98422E-05 0.046541
0.11974 9.98598E-05 9.98598E-05 9.98598E-05 9.98598E-05 9.98598E-05 0.0900103 9.98598E-05 9.98598E-05 9.98598E-05 0.674178 0.0359291 9.98598E-05 9.98598E-05 9.98598E-05 9.98598E-05 0.00257875 9.98598E-05 0.0759658 9.98598E-05 9.98598E-05 9.98598E-05
9.98597E-05 9.98597E-05 9.98597E-05 9.98597E-05 9.98597E-05 0.0394389 9.98597E-05 0.0189382 9.98597E-05 9.98597E-05 0.0987189 0.812876 9.98597E-05 9.98597E-05 9.98597E-05 9.98597E-05 0.0178247 9.98597E-05 9.98597E-05 9.98597E-05 9.98597E-05 0.0106054
0.108762 9.98598E-05 9.98598E-05 9.98598E-05 9.98598E-05 9.98598E-05 9.98598E-05 9.98598E-05 9.98598E-05 9.98598E-05 0.588786 0.0766646 9.98598E-05 9.98598E-05 9.98598E-05 9.98598E-05 9.98598E-05 0.108148 9.98598E-05 0.0377088 0.0783338 9.98598E-05
9.98684E-05 9.98684E-05 0.0177138 9.98684E-05 9.98684E-05 9.98684E-05 9.98684E-05 9.98684E-05 9.98684E-05 9.98684E-05 0.686567 9.98684E-05 9.98684E-05 0.0320369 9.98684E-05 0.0293362 0.0937131 9.98684E-05 9.98684E-05 9.98684E-05 0.130609 0.00852504
9.98702E-05 0.0261735 0.0748412 9.98702E-05 9.98702E-05 0.00713857 0.00566464 9.98702E-05 9.98702E-05 0.0439989 0.542933 0.0926446 9.98702E-05 9.98702E-05 9.98702E-05 0.0774747 9.98702E-05 9.98702E-05 9.98702E-05 9.98702E-05 0.127832 9.98702E-05
0.079302 9.98509E-05 9.98509E-05 9.98509E-05 9.98509E-05 9.98509E-05 9.98509E-05 9.98509E-05 9.98509E-05 9.98509E-05 0.82376 9.98509E-05 9.98509E-05 9.98509E-05 0.0413793 9.98509E-05 9.98509E-05 9.98509E-05 9.98509E-05 9.98509E-05 0.00423505 0.0496265
9.9851E-05 9.9851E-05 9.9851E-05 9.9851E-05 9.9851E-05 9.9851E-05 0.199734 9.9851E-05 9.9851E-05 9.9851E-05 0.661101 9.9851E-05 9.9851E-05 9.9851E-05 9.9851E-05 0.0724099 9.9851E-05 0.000107883 9.9851E-05 9.9851E-05 0.0649495 9.9851E-05
9.98508E-05 0.000307111 9.98508E-05 9.98508E-05 9.98508E-05 9.98508E-05 9.98508E-05 9.98508E-05 9.98508E-05 9.98508E-05 9.98508E-05 0.931058 0.025515 9.98508E-05 9.98508E-05 9.98508E-05 0.040205 9.98508E-05 9.98508E-05 9.98508E-05 9.98508E-05 0.00121699
9.98702E-05 9.98702E-05 9.98702E-05 0.166189 0.0157254 9.98702E-05 0.0334976 9.98702E-05 9.98702E-05 9.98702E-05 0.458441 9.98702E-05 9.98702E-05 9.98702E-05 9.98702E-05 9.98702E-05 0.039327 0.0855133 0.0374679 9.98702E-05 0.14651 0.0160293
0.0943524 9.98596E-05 9.98596E-05 9.98596E-05 9.98596E-05 9.98596E-05 0.392904 9.98596E-05 9.98596E-05 9.98596E-05 0.0498731 0.217754 9.98596E-05 0.0708557 9.98596E-05 9.98596E-05 9.98596E-05 9.98596E-05 9.98596E-05 9.98596E-05 0.172663 9.98596E-05
0.035904 9.98507E-05 9.98507E-05 9.98507E-05 9.98507E-05 9.98507E-05 0.0174862 9.98507E-05 9.98507E-05 9.98507E-05 0.894638 9.98507E-05 9.98507E-05 9.98507E-05 0.0100901 9.98507E-05 9.98507E-05 9.98507E-05 9.98507E-05 0.0401846 9.98507E-05 9.98507E-05
9.98245E-05 9.98245E-05 9.98245E-05 9.98245E-05 9.98245E-05 9.98245E-05 9.98245E-05 9.98245E-05 9.98245E-05 9.98245E-05 9.98245E-05 0.964638 9.98245E-05 9.98245E-05 9.98245E-05 9.98245E-05 9.98245E-05 9.98245E-05 9.98245E-05 9.98245E-05 0.0333654 9.98245E-05
9.98158E-05 9.98158E-05 9.98158E-05 9.98158E-05 9.98158E-05 9.98158E-05 9.98158E-05 9.98158E-05 9.98158E-05 9.98158E-05 0.997904 9.98158E-05 9.98158E-05 9.98158E-05 9.98158E-05 9.98158E-05 9.98158E-05 9.98158E-05 9.98158E-05 9.98158E-05 9.98158E-05 9.98158E-05
9.98683E-05 9.98683E-05 9.98683E-05 0.0465395 9.98683E-05 9.98683E-05 0.145989 9.98683E-05 9.98683E-05 9.98683E-05 0.0949429 0.569404 9.98683E-05 9.98683E-05 0.000989008 9.98683E-05 9.98683E-05 9.98683E-05 9.98683E-05 9.98683E-05 0.12454 0.016098
9.98337E-05 9.98337E-05 9.98337E-05 9.98337E-05 9.98337E-05 0.102589 9.98337E-05 9.98337E-05 9.98337E-05 9.98337E-05 9.98337E-05 0.860527 9.98337E-05 0.0349877 9.98337E-05 9.98337E-05 9.98337E-05 9.98337E-05 9.98337E-05 9.98337E-05 9.98337E-05 9.98337E-05
9.98946E-05 0.0031083 9.98946E-05 9.98946E-05 9.98946E-05 9.98946E-05 0.0436815 9.98946E-05 9.98946E-05 9.98946E-05 9.98946E-05 0.456558 9.98946E-05 9.98946E-05 0.0844645 0.0604205 9.98946E-05 0.112436 0.0205469 0.00430423 0.133071 0.080211
0.0505884 9.98596E-05 0.038626 9.98596E-05 9.98596E-05 9.98596E-05 0.141168 9.98596E-05 9.98596E-05 9.98596E-05 9.98596E-05 0.672188 9.98596E-05 9.98596E-05 9.98596E-05 9.98596E-05 9.98596E-05 9.98596E-05 0.0861252 0.00970641 9.98596E-05 9.98596E-05
9.98247E-05 9.98247E-05 9.98247E-05 9.98247E-05 0.0666088 9.98247E-05 9.98247E-05 9.98247E-05 9.98247E-05 9.98247E-05 0.931395 9.98247E-05 9.98247E-05 9.98247E-05 9.98247E-05 9.98247E-05 9.98247E-05 9.98247E-05 9.98247E-05 9.98247E-05 9.98247E-05 9.98247E-05
9.9886E-05 0.0470523 0.115987 9.9886E-05 0.00492361 0.0155349 9.9886E-05 9.9886E-05 9.9886E-05 9.9886E-05 0.250781 0.447584 9.9886E-05 0.0487291 9.9886E-05 0.0252764 9.9886E-05 9.9886E-05 9.9886E-05 9.9886E-05 0.0428332 9.9886E-05
9.98511E-05 9.98511E-05 9.98511E-05 9.98511E-05 9.98511E-05 9.98511E-05 9.98511E-05 0.0698279 9.98511E-05 9.98511E-05 0.777199 9.98511E-05 9.98511E-05 0.0215641 9.98511E-05 9.98511E-05 9.98511E-05 9.98511E-05 0.00710422 9.98511E-05 0.122607 9.98511E-05
9.9851E-05 9.9851E-05 9.9851E-05 9.9851E-05 9.9851E-05 9.9851E-05 9.9851E-05 9.9851E-05 9.9851E-05 0.064943 0.827851 9.9851E-05 9.9851E-05 9.9851E-05 9.9851E-05 0.0298028 9.9851E-05 9.9851E-05 9.9851E-05 0.0350909 9.9851E-05 0.040615
9.98597E-05 9.98597E-05 9.98597E-05 9.98597E-05 0.091887 9.98597E-05 0.0267997 9.98597E-05 9.98597E-05 9.98597E-05 0.70256 9.98597E-05 9.98597E-05 9.98597E-05 0.10699 9.98597E-05 0.0657299 0.00443615 9.98597E-05 9.98597E-05 9.98597E-05 9.98597E-05
0.0368165 9.98423E-05 9.98423E-05 9.98423E-05 9.98423E-05 9.98423E-05 9.98423E-05 9.98423E-05 0.0352351 9.98423E-05 9.98423E-05 0.905516 9.98423E-05 9.98423E-05 9.98423E-05 9.98423E-05 9.98423E-05 9.98423E-05 9.98423E-05 9.98423E-05 0.0206352 9.98423E-05
9.98333E-05 9.98333E-05 9.98333E-05 9.98333E-05 9.98333E-05 0.0129648 9.98333E-05 9.98333E-05 9.98333E-05 9.98333E-05 9.98333E-05 0.961091 9.98333E-05 9.98333E-05 9.98333E-05 9.98333E-05 9.98333E-05 9.98333E-05 9.98333E-05 9.98333E-05 0.0240477 9.98333E-05
9.98596E-05 9.98596E-05 9.98596E-05 0.677493 0.0698883 9.98596E-05 9.98596E-05 0.00133092 9.98596E-05 0.0879912 9.98596E-05 9.98596E-05 9.98596E-05 9.98596E-05 9.98596E-05 9.98596E-05 9.98596E-05 0.035594 9.98596E-05 9.98596E-05 0.126104 9.98596E-05
0.0694974 0.0169879 9.98423E-05 0.872859 9.98423E-05 9.98423E-05 9.98423E-05 9.98423E-05 9.98423E-05 9.98423E-05 9.98423E-05 9.98423E-05 9.98423E-05 9.98423E-05 9.98423E-05 9.98423E-05 9.98423E-05 9.98423E-05 0.0388584 9.98423E-05 9.98423E-05 9.98423E-05
9.98245E-05 9.98245E-05 9.98245E-05 0.936184 0.0618196 9.98245E-05 9.98245E-05 9.98245E-05 9.98245E-05 9.98245E-05 9.98245E-05 9.98245E-05 9.98245E-05 9.98245E-05 9.98245E-05 9.98245E-05 9.98245E-05 9.98245E-05 9.98245E-05 9.98245E-05 9.98245E-05 9.98245E-05
9.98683E-05 9.98683E-05 9.98683E-05 0.308791 0.0334844 0.0679073 9.98683E-05 9.98683E-05 9.98683E-05 0.137078 9.98683E-05 9.98683E-05 9.98683E-05 9.98683E-05 9.98683E-05 0.146547 0.221409 0.0832856 9.98683E-05 9.98683E-05 9.98683E-05 9.98683E-05
9.98769E-05 9.98769E-05 9.98769E-05 0.590044 0.0583954 0.0286965 0.0992204 9.98769E-05 9.98769E-05 9.98769E-05 9.98769E-05 9.98769E-05 9.98769E-05 0.00923967 9.98769E-05 9.98769E-05 9.98769E-05 0.0885506 9.98769E-05 0.0691201 0.0553355 9.98769E-05
9.98593E-05 9.98593E-05 9.98593E-05 0.556695 9.98593E-05 9.98593E-05 0.11368 9.98593E-05 0.0318797 0.0826119 9.98593E-05 9.98593E-05 9.98593E-05 9.98593E-05 9.98593E-05 9.98593E-05 9.98593E-05 9.98593E-05 0.00404578 9.98593E-05 0.20949 9.98593E-05
0.0300398 9.98506E-05 0.0228081 0.539521 9.98506E-05 9.98506E-05 9.98506E-05 9.98506E-05 9.98506E-05 9.98506E-05 9.98506E-05 9.98506E-05 9.98506E-05 9.98506E-05 9.98506E-05 9.98506E-05 0.282957 9.98506E-05 9.98506E-05 9.98506E-05 0.122977 9.98506E-05
9.9877E-05 0.00147905 9.9877E-05 0.536272 0.138464 0.0124512 9.9877E-05 9.9877E-05 9.9877E-05 9.9877E-05 9.9877E-05 9.9877E-05 9.9877E-05 9.9877E-05 9.9877E-05 0.0215356 0.111217 0.0567494 9.9877E-05 9.9877E-05 0.120434 9.9877E-05
9.98158E-05 9.98158E-05 9.98158E-05 0.997904 9.98158E-05 9.98158E-05 9.98158E-05 9.98158E-05 9.98158E-05 9.98158E-05 9.98158E-05 9.98158E-05 9.98158E-05 9.98158E-05 9.98158E-05 9.98158E-05 9.98158E-05 9.98158E-05 9.98158E-05 9.98158E-05 9.98158E-05 9.98158E-05
9.98244E-05 9.98244E-05 9.98244E-05 0.974456 9.98244E-05 9.98244E-05 9.98244E-05 9.98244E-05 9.98244E-05 9.98244E-05 9.98244E-05 9.98244E-05 9.98244E-05 9.98244E-05 9.98244E-05 9.98244E-05 9.98244E-05 9.98244E-05 9.98244E-05 9.98244E-05 9.98244E-05 0.0235477
9.98506E-05 9.98506E-05 9.98506E-05 0.458149 0.0135326 9.98506E-05 9.98506E-05 9.98506E-05 9.98506E-05 9.98506E-05 9.98506E-05 9.98506E-05 9.98506E-05 9.98506E-05 9.98506E-05 9.98506E-05 9.98506E-05 0.0749052 9.98506E-05 9.98506E-05 0.308755 0.14296
9.98602E-05 9.98602E-05 0.105353 0.390038 9.98602E-05 9.98602E-05 0.114608 9.98602E-05 0.0756331 9.98602E-05 9.98602E-05 9.98602E-05 9.98602E-05 9.98602E-05 0.0818954 9.98602E-05 0.0699324 9.98602E-05 9.98602E-05 9.98602E-05 0.125271 0.0358707
9.98594E-05 9.98594E-05 0.102818 0.479374 9.98594E-05 9.98594E-05 9.98594E-05 9.98594E-05 0.09443 9.98594E-05 9.98594E-05 9.98594E-05 9.98594E-05 9.98594E-05 9.98594E-05 0.114174 9.98594E-05 0.179473 9.98594E-05 9.98594E-05 9.98594E-05 0.0281338
9.98303E-05 9.98303E-05 9.98303E-05 0.518869 9.98303E-05 9.98303E-05 0.184997 9.98303E-05 9.98303E-05 9.98303E-05 9.98303E-05 9.98303E-05 9.98303E-05 9.98303E-05 0.0311818 9.98303E-05 0.0521955 9.98303E-05 9.98303E-05 9.98303E-05 0.211059 9.98303E-05
9.98336E-05 0.0393596 9.98336E-05 0.934406 9.98336E-05 9.98336E-05 9.98336E-05 9.98336E-05 9.98336E-05 9.98336E-05 9.98336E-05 9.98336E-05 9.98336E-05 9.98336E-05 9.98336E-05 9.98336E-05 9.98336E-05 9.98336E-05 9.98336E-05 9.98336E-05 9.98336E-05 0.0243373
0.0202793 9.98421E-05 9.98421E-05 0.947189 9.98421E-05 9.98421E-05 9.98421E-05 9.98421E-05 9.98421E-05 9.98421E-05 9.98421E-05 9.98421E-05 9.98421E-05 9.98421E-05 9.98421E-05 9.98421E-05 9.98421E-05 0.0127357 9.98421E-05 9.98421E-05 0.0179986 9.98421E-05
9.98505E-05 9.98505E-05 9.98505E-05 0.548617 0.116984 0.0918941 9.98505E-05 9.98505E-05 9.98505E-05 9.98505E-05 9.98505E-05 9.98505E-05 9.98505E-05 9.98505E-05 0.119854 0.120954 9.98505E-05 9.98505E-05 9.98505E-05 9.98505E-05 9.98505E-05 9.98505E-05
0.00885447 9.98594E-05 9.98594E-05 0.611132 9.98594E-05 9.98594E-05 0.118277 9.98594E-05 0.0375103 9.98594E-05 9.98594E-05 9.98594E-05 9.98594E-05 9.98594E-05 9.98594E-05 9.98594E-05 9.98594E-05 0.074834 9.98594E-05 9.98594E-05 9.98594E-05 0.147794
9.9842E-05 9.9842E-05 9.9842E-05 0.78306 0.153648 9.9842E-05 9.9842E-05 9.9842E-05 9.9842E-05 9.9842E-05 9.9842E-05 9.9842E-05 9.9842E-05 9.9842E-05 9.9842E-05 9.9842E-05 9.9842E-05 0.00415171 9.9842E-05 9.9842E-05 0.0573433 9.9842E-05
9.98594E-05 0.0225625 9.98594E-05 0.563551 9.98594E-05 9.98594E-05 9.98594E-05 9.98594E-05 0.0673376 9.98594E-05 9.98594E-05 9.98594E-05 9.98594E-05 0.078494 9.98594E-05 9.98594E-05 9.98594E-05 9.98594E-05 9.98594E-05 0.0040959 0.262361 9.98594E-05
9.98249E-05 9.98249E-05 9.98249E-05 0.971721 9.98249E-05 9.98249E-05 9.98249E-05 9.98249E-05 9.98249E-05 9.98249E-05 9.98249E-05 9.98249E-05 0.0262827 9.98249E-05 9.98249E-05 9.98249E-05 9.98249E-05 9.98249E-05 9.98249E-05 9.98249E-05 9.98249E-05 9.98249E-05
0.0340889 9.98594E-05 9.98594E-05 0.622446 0.0316783 0.0310989 0.257912 9.98594E-05 9.98594E-05 9.98594E-05 9.98594E-05 9.98594E-05 9.98594E-05 9.98594E-05 9.98594E-05 9.98594E-05 9.98594E-05 9.98594E-05 9.98594E-05 9.98594E-05 0.0211774 9.98594E-05
9.98509E-05 9.98509E-05 9.98509E-05 0.662884 9.98509E-05 9.98509E-05 0.0404561 9.98509E-05 9.98509E-05 0.248196 9.98509E-05 9.98509E-05 9.98509E-05 9.98509E-05 9.98509E-05 9.98509E-05 0.0276361 9.98509E-05 9.98509E-05 9.98509E-05 0.0191303 9.98509E-05
9.98596E-05 9.98596E-05 9.98596E-05 0.619338 0.0919417 9.98596E-05 9.98596E-05 9.98596E-05 9.98596E-05 9.98596E-05 9.98596E-05 9.98596E-05 9.98596E-05 9.98596E-05 0.144865 9.98596E-05 9.98596E-05 0.032658 0.0317381 9.98596E-05 0.0778616 9.98596E-05
9.9833E-05 9.9833E-05 9.9833E-05 0.754579 9.9833E-05 9.9833E-05 9.9833E-05 9.9833E-05 0.139878 9.9833E-05 9.9833E-05 9.9833E-05 9.9833E-05 9.9833E-05 9.9833E-05 9.9833E-05 9.9833E-05 9.9833E-05 9.9833E-05 9.9833E-05 9.9833E-05 0.103646
9.98511E-05 9.98511E-05 9.98511E-05 0.86646 9.98511E-05 9.98511E-05 9.98511E-05 9.98511E-05 9.98511E-05 9.98511E-05 0.0172455 9.98511E-05 9.98511E-05 0.04253 9.98511E-05 9.98511E-05 9.98511E-05 0.0661798 9.98511E-05 9.98511E-05 0.00588691 9.98511E-05
9.98247E-05 9.98247E-05 9.98247E-05 0.991256 0.00674738 9.98247E-05 9.98247E-05 9.98247E-05 9.98247E-05 9.98247E-05 9.98247E-05 9.98247E-05 9.98247E-05 9.98247E-05 9.98247E-05 9.98247E-05 9.98247E-05 9.98247E-05 9.98247E-05 9.98247E-05 9.98247E-05 9.98247E-05
9.98246E-05 9.98246E-05 9.98246E-05 0.969973 9.98246E-05 9.98246E-05 9.98246E-05 9.98246E-05 9.98246E-05 9.98246E-05 9.98246E-05 9.98246E-05 9.98246E-05 9.98246E-05 9.98246E-05 9.98246E-05 9.98246E-05 9.98246E-05 9.98246E-05 9.98246E-05 0.0280306 9.98246E-05
9.98421E-05 9.98421E-05 9.98421E-05 0.880767 0.0942086 9.98421E-05 9.98421E-05 9.98421E-05 0.019978 9.98421E-05 9.98421E-05 9.98421E-05 9.98421E-05 9.98421E-05 9.98421E-05 9.98421E-05 9.98421E-05 0.00324947 9.98421E-05 9.98421E-05 9.98421E-05 9.98421E-05
9.98423E-05 9.98423E-05 9.98423E-05 0.541989 9.98423E-05 9.98423E-05 9.98423E-05 9.98423E-05 9.98423E-05 9.98423E-05 9.98423E-05 9.98423E-05 0.13218 9.98423E-05 9.98423E-05 9.98423E-05 9.98423E-05 0.123291 9.98423E-05 9.98423E-05 0.200743 9.98423E-05
9.98421E-05 9.98421E-05 9.98421E-05 9.98421E-05 9.98421E-05 9.98421E-05 9.98421E-05 9.98421E-05 9.98421E-05 0.340189 9.98421E-05 9.98421E-05 9.98421E-05 9.98421E-05 9.98421E-05 0.507344 9.98421E-05 0.0744609 9.98421E-05 9.98421E-05 0.0762086 9.98421E-05
9.98597E-05 9.98597E-05 9.98597E-05 9.98597E-05 9.98597E-05 9.98597E-05 9.98597E-05 9.98597E-05 9.98597E-05 0.608444 9.98597E-05 0.00630874 0.34867 9.98597E-05 9.98597E-05 0.013402 9.98597E-05 0.0169088 9.98597E-05 9.98597E-05 0.00466903 9.98597E-05
9.98418E-05 9.98418E-05 9.98418E-05 9.98418E-05 9.98418E-05 9.98418E-05 9.98418E-05 9.98418E-05 9.98418E-05 0.638698 9.98418E-05 9.98418E-05 9.98418E-05 0.0645644 9.98418E-05 0.223056 9.98418E-05 9.98418E-05 9.98418E-05 9.98418E-05 0.0718847 9.98418E-05
9.98505E-05 9.98505E-05 9.98505E-05 9.98505E-05 0.0410106 9.98505E-05 9.98505E-05 9.98505E-05 9.98505E-05 0.801419 9.98505E-05 9.98505E-05 9.98505E-05 0.0148275 9.98505E-05 0.131988 9.98505E-05 9.98505E-05 9.98505E-05 9.98505E-05 0.00905746 9.98505E-05
9.98508E-05 9.98508E-05 9.98508E-05 9.98508E-05 9.98508E-05 0.0346432 9.98508E-05 9.98508E-05 9.98508E-05 0.304129 9.98508E-05 9.98508E-05 9.98508E-05 0.0613959 9.98508E-05 0.565032 9.98508E-05 0.0331016 9.98508E-05 9.98508E-05 9.98508E-05 9.98508E-05
0.0604641 9.98508E-05 9.98508E-05 9.98508E-05 9.98508E-05 9.98508E-05 9.98508E-05 9.98508E-05 9.98508E-05 9.98508E-05 9.98508E-05 9.98508E-05 9.98508E-05 9.98508E-05 9.98508E-05 0.624989 0.0224478 0.15334 9.98508E-05 9.98508E-05 0.137062 9.98508E-05
9.9842E-05 0.00233388 9.9842E-05 9.9842E-05 9.9842E-05 9.9842E-05 9.9842E-05 9.9842E-05 0.0137894 0.941808 9.9842E-05 9.9842E-05 9.9842E-05 9.9842E-05 9.9842E-05 9.9842E-05 9.9842E-05 0.0402716 9.9842E-05 9.9842E-05 9.9842E-05 9.9842E-05
9.98244E-05 9.98244E-05 9.98244E-05 9.98244E-05 9.98244E-05 9.98244E-05 9.98244E-05 9.98244E-05 9.98244E-05 0.856854 9.98244E-05 9.98244E-05 9.98244E-05 9.98244E-05 9.98244E-05 9.98244E-05 9.98244E-05 0.14115 9.98244E-05 9.98244E-05 9.98244E-05 9.98244E-05
9.98507E-05 9.98507E-05 0.0209655 9.98507E-05 9.98507E-05 9.98507E-05 9.98507E-05 9.98507E-05 9.98507E-05 0.395804 9.98507E-05 9.98507E-05 9.98507E-05 9.98507E-05 9.98507E-05 9.98507E-05 0.246601 0.314416 9.98507E-05 9.98507E-05 0.0205163 9.98507E-05
0.00699212 9.98595E-05 9.98595E-05 9.98595E-05 9.98595E-05 9.98595E-05 9.98595E-05 0.00792105 0.00656596 0.585388 9.98595E-05 9.98595E-05 9.98595E-05 9.98595E-05 9.98595E-05 9.98595E-05 9.98595E-05 0.146527 9.98595E-05 9.98595E-05 0.245008 9.98595E-05
9.9851E-05 9.9851E-05 9.9851E-05 9.9851E-05 9.9851E-05 9.9851E-05 9.9851E-05 9.9851E-05 9.9851E-05 0.133585 9.9851E-05 9.9851E-05 0.169822 9.9851E-05 9.9851E-05 0.335929 0.283114 0.0758527 9.9851E-05 9.9851E-05 9.9851E-05 9.9851E-05
9.98509E-05 9.98509E-05 9.98509E-05 9.98509E-05 9.98509E-05 9.98509E-05 9.98509E-05 9.98509E-05 9.98509E-05 0.242253 9.98509E-05 9.98509E-05 0.0605873 9.98509E-05 9.98509E-05 0.526123 0.134582 9.98509E-05 9.98509E-05 9.98509E-05 0.0347567 9.98509E-05
9.98334E-05 9.98334E-05 9.98334E-05 9.98334E-05 9.98334E-05 9.98334E-05 9.98334E-05 9.98334E-05 9.98334E-05 0.961458 9.98334E-05 9.98334E-05 9.98334E-05 0.00997708 9.98334E-05 9.98334E-05 9.98334E-05 0.0266681 9.98334E-05 9.98334E-05 9.98334E-05 9.98334E-05
9.9851E-05 9.9851E-05 9.9851E-05 9.9851E-05 9.9851E-05 9.9851E-05 9.9851E-05 9.9851E-05 9.9851E-05 0.261182 9.9851E-05 9.9851E-05 0.00758397 9.9851E-05 9.9851E-05 0.454098 9.9851E-05 0.0702467 9.9851E-05 9.9851E-05 0.205191 9.9851E-05
9.98685E-05 9.98685E-05 0.0356258 9.98685E-05 0.0972822 9.98685E-05 9.98685E-05 9.98685E-05 0.0224839 0.384675 9.98685E-05 9.98685E-05 0.0586283 9.98685E-05 9.98685E-05 0.362394 9.98685E-05 0.0374122 9.98685E-05 9.98685E-05 9.98685E-05 9.98685E-05
0.0631079 9.98684E-05 9.98684E-05 9.98684E-05 9.98684E-05 0.0136306 9.98684E-05 9.98684E-05 9.98684E-05 0.276529 9.98684E-05 9.98684E-05 9.98684E-05 9.98684E-05 9.98684E-05 0.449114 0.0509306 9.98684E-05 9.98684E-05 9.98684E-05 0.111449 0.0337411
9.98771E-05 9.98771E-05 9.98771E-05 9.98771E-05 9.98771E-05 9.98771E-05 9.98771E-05 9.98771E-05 9.98771E-05 0.189676 9.98771E-05 9.98771E-05 0.00659863 9.98771E-05 9.98771E-05 0.448588 0.229679 0.0295225 0.0274583 0.026607 0.0404717 9.98771E-05
9.98773E-05 9.98773E-05 9.98773E-05 9.98773E-05 9.98773E-05 9.98773E-05 0.133235 9.98773E-05 9.98773E-05 0.140519 9.98773E-05 0.00736059 0.07212 0.0388354 9.98773E-05 0.473444 9.98773E-05 0.113627 9.98773E-05 9.98773E-05 9.98773E-05 0.0194614
9.98333E-05 9.98333E-05 9.98333E-05 9.98333E-05 9.98333E-05 9.98333E-05 9.98333E-05 9.98333E-05 9.98333E-05 0.210645 9.98333E-05 9.98333E-05 9.98333E-05 9.98333E-05 9.98333E-05 0.77752 9.98333E-05 9.98333E-05 9.98333E-05 9.98333E-05 9.98333E-05 0.0099383
9.98772E-05 9.98772E-05 9.98772E-05 9.98772E-05 0.0472656 9.98772E-05 9.98772E-05 9.98772E-05 9.98772E-05 0.164848 9.98772E-05 9.98772E-05 0.122883 9.98772E-05 9.98772E-05 0.464231 9.98772E-05 0.0756734 9.98772E-05 0.0490903 0.0389962 0.0356147
0.00294122 9.98596E-05 9.98596E-05 9.98596E-05 9.98596E-05 9.98596E-05 9.98596E-05 9.98596E-05 9.98596E-05 0.0230941 9.98596E-05 9.98596E-05 9.98596E-05 0.0194661 9.98596E-05 0.837799 0.0632246 9.98596E-05 9.98596E-05 9.98596E-05 0.0518773 9.98596E-05
9.9842E-05 9.9842E-05 9.9842E-05 9.9842E-05 9.9842E-05 9.9842E-05 9.9842E-05 9.9842E-05 0.0268377 0.28237 9.9842E-05 9.9842E-05 9.9842E-05 9.9842E-05 9.9842E-05 0.682488 9.9842E-05 0.00650734 9.9842E-05 9.9842E-05 9.9842E-05 9.9842E-05
9.98421E-05 9.98421E-05 9.98421E-05 9.98421E-05 9.98421E-05 9.98421E-05 9.98421E-05 9.98421E-05 9.98421E-05 9.98421E-05 9.98421E-05 9.98421E-05 9.98421E-05 9.98421E-05 9.98421E-05 0.568307 9.98421E-05 0.177792 9.98421E-05 0.0987176 0.153386 9.98421E-05
9.98502E-05 9.98502E-05 9.98502E-05 9.98502E-05 9.98502E-05 9.98502E-05 9.98502E-05 0.0465606 9.98502E-05 0.415121 9.98502E-05 9.98502E-05 0.0888988 0.0173256 9.98502E-05 0.300985 9.98502E-05 0.102341 9.98502E-05 9.98502E-05 0.0272693 9.98502E-05
9.98508E-05 9.98508E-05 9.98508E-05 9.98508E-05 9.98508E-05 9.98508E-05 9.98508E-05 9.98508E-05 9.98508E-05 9.98508E-05 9.98508E-05 9.98508E-05 9.98508E-05 9.98508E-05 9.98508E-05 0.56835 0.0148158 0.198541 9.98508E-05 0.0216379 0.194958 9.98508E-05
9.98597E-05 0.0441061 9.98597E-05 9.98597E-05 9.98597E-05 9.98597E-05 9.98597E-05 9.98597E-05 9.98597E-05 0.432891 9.98597E-05 9.98597E-05 0.161432 9.98597E-05 9.98597E-05 9.98597E-05 0.12881 0.119152 9.98597E-05 9.98597E-05 0.112011 9.98597E-05
9.98508E-05 9.98508E-05 9.98508E-05 9.98508E-05 9.98508E-05 9.98508E-05 9.98508E-05 9.98508E-05 9.98508E-05 9.98508E-05 9.98508E-05 9.98508E-05 0.543761 0.00296061 9.98508E-05 0.297181 9.98508E-05 9.98508E-05 0.11507 9.98508E-05 0.0393304 9.98508E-05
9.98593E-05 0.0714059 9.98593E-05 9.98593E-05 9.98593E-05 9.98593E-05 9.98593E-05 9.98593E-05 9.98593E-05 0.608862 9.98593E-05 9.98593E-05 9.98593E-05 9.98593E-05 9.98593E-05 0.234812 9.98593E-05 0.0121544 9.98593E-05 0.00371736 0.0674512 9.98593E-05
9.98509E-05 9.98509E-05 9.98509E-05 9.98509E-05 9.98509E-05 9.98509E-05 9.98509E-05 9.98509E-05 9.98509E-05 0.285069 9.98509E-05 9.98509E-05 9.98509E-05 9.98509E-05 9.98509E-05 0.303314 0.0248889 0.23455 9.98509E-05 9.98509E-05 0.15048 9.98509E-05
9.98509E-05 9.98509E-05 9.98509E-05 9.98509E-05 9.98509E-05 9.98509E-05 9.98509E-05 9.98509E-05 9.98509E-05 0.158638 9.98509E-05 9.98509E-05 0.0277253 0.112266 9.98509E-05 0.607144 9.98509E-05 9.98509E-05 9.98509E-05 9.98509E-05 0.0925297 9.98509E-05
9.98422E-05 9.98422E-05 9.98422E-05 9.98422E-05 9.98422E-05 9.98422E-05 9.98422E-05 9.98422E-05 9.98422E-05 0.810106 9.98422E-05 9.98422E-05 9.98422E-05 9.98422E-05 9.98422E-05 9.98422E-05 9.98422E-05 0.0370489 9.98422E-05 9.98422E-05 0.128729 0.022319
9.9842E-05 0.0717292 9.9842E-05 9.9842E-05 9.9842E-05 9.9842E-05 9.9842E-05 9.9842E-05 9.9842E-05 0.894973 9.9842E-05 9.9842E-05 9.9842E-05 9.9842E-05 9.9842E-05 0.00756168 9.9842E-05 9.9842E-05 9.9842E-05 0.0239388 9.9842E-05 9.9842E-05
9.98403E-05 9.98403E-05 9.98403E-05 9.98403E-05 9.98403E-05 9.98403E-05 9.98403E-05 9.98403E-05 9.98403E-05 0.0719311 9.98403E-05 9.98403E-05 9.98403E-05 0.094388 9.98403E-05 0.360015 9.98403E-05 0.233686 9.98403E-05 0.0871592 0.151223 9.98403E-05
9.9833E-05 9.9833E-05 9.9833E-05 9.9833E-05 9.9833E-05 9.9833E-05 0.165691 9.9833E-05 9.9833E-05 0.747325 9.9833E-05 9.9833E-05 9.9833E-05 9.9833E-05 9.9833E-05 0.0850875 9.9833E-05 9.9833E-05 9.9833E-05 9.9833E-05 9.9833E-05 9.9833E-05
0.0016642 9.98246E-05 9.98246E-05 9.98246E-05 9.98246E-05 9.98246E-05 9.98246E-05 9.98246E-05 9.98246E-05 0.996339 9.98246E-05 9.98246E-05 9.98246E-05 9.98246E-05 9.98246E-05 9.98246E-05 9.98246E-05 9.98246E-05 9.98246E-05 9.98246E-05 9.98246E-05 9.98246E-05
0.04849 9.98771E-05 9.98771E-05 9.98771E-05 9.98771E-05 9.98771E-05 0.0128292 9.98771E-05 0.0363965 0.201607 9.98771E-05 9.98771E-05 0.108491 9.98771E-05 9.98771E-05 0.489539 9.98771E-05 0.054817 9.98771E-05 9.98771E-05 9.98771E-05 0.046432
9.98507E-05 9.98507E-05 9.98507E-05 9.98507E-05 9.98507E-05 9.98507E-05 9.98507E-05 9.98507E-05 0.0255805 0.390083 9.98507E-05 9.98507E-05 9.98507E-05 9.98507E-05 9.98507E-05 0.3291 9.98507E-05 0.0509116 9.98507E-05 9.98507E-05 0.202627 9.98507E-05
9.98595E-05 9.98595E-05 0.0245336 9.98595E-05 0.00224922 9.98595E-05 9.98595E-05 9.98595E-05 9.98595E-05 0.100637 9.98595E-05 9.98595E-05 0.471757 9.98595E-05 9.98595E-05 0.317869 9.98595E-05 0.0813557 9.98595E-05 9.98595E-05 9.98595E-05 9.98595E-05
9.9851E-05 9.9851E-05 9.9851E-05 9.9851E-05 9.9851E-05 9.9851E-05 9.9851E-05 9.9851E-05 9.9851E-05 0.394995 9.9851E-05 9.9851E-05 0.14755 9.9851E-05 9.9851E-05 0.441399 9.9851E-05 0.00377228 9.9851E-05 9.9851E-05 0.0105855 9.9851E-05
9.98335E-05 9.98335E-05 9.98335E-05 9.98335E-05 9.98335E-05 9.98335E-05 9.98335E-05 9.98335E-05 9.98335E-05 0.795774 9.98335E-05 9.98335E-05 0.186663 0.0156658 9.98335E-05 9.98335E-05 9.98335E-05 9.98335E-05 9.98335E-05 9.98335E-05 9.98335E-05 9.98335E-05
9.98421E-05 9.98421E-05 9.98421E-05 9.98421E-05 9.98421E-05 9.98421E-05 9.98421E-05 9.98421E-05 9.98421E-05 0.401379 9.98421E-05 9.98421E-05 0.352393 9.98421E-05 9.98421E-05 0.204225 0.0402061 9.98421E-05 9.98421E-05 9.98421E-05 9.98421E-05 9.98421E-05
9.98507E-05 9.98507E-05 9.98507E-05 9.98507E-05 9.98507E-05 9.98507E-05 9.98507E-05 9.98507E-05 9.98507E-05 9.98507E-05 9.98507E-05 9.98507E-05 9.98507E-05 9.98507E-05 0.00902468 0.497013 0.0804074 0.130714 9.98507E-05 9.98507E-05 0.281143 9.98507E-05
9.98596E-05 9.98596E-05 9.98596E-05 9.98596E-05 9.98596E-05 9.98596E-05 0.0522142 0.0142554 0.0168533 0.240333 9.98596E-05 9.98596E-05 9.98596E-05 9.98596E-05 9.98596E-05 0.568482 9.98596E-05 0.106264 9.98596E-05 9.98596E-05 9.98596E-05 9.98596E-05
9.98509E-05 9.98509E-05 9.98509E-05 9.98509E-05 9.98509E-05 9.98509E-05 9.98509E-05 9.98509E-05 9.98509E-05 9.98509E-05 9.98509E-05 9.98509E-05 0.516919 9.98509E-05 9.98509E-05 0.228072 9.98509E-05 0.163987 9.98509E-05 0.00790247 0.0814215 9.98509E-05
9.98246E-05 9.98246E-05 9.98246E-05 9.98246E-05 9.98246E-05 9.98246E-05 9.98246E-05 9.98246E-05 9.98246E-05 0.641422 9.98246E-05 9.98246E-05 0.356582 9.98246E-05 9.98246E-05 9.98246E-05 9.98246E-05 9.98246E-05 9.98246E-05 9.98246E-05 9.98246E-05 9.98246E-05
9.9877E-05 9.9877E-05 9.9877E-05 9.9877E-05 0.0335371 0.0493087 0.154447 9.9877E-05 9.9877E-05 0.20491 9.9877E-05 9.9877E-05 9.9877E-05 0.0700722 9.9877E-05 0.156569 0.169185 0.160572 9.9877E-05 9.9877E-05 9.9877E-05 9.9877E-05
9.98509E-05 9.98509E-05 9.98509E-05 0.0506876 0.0446657 9.98509E-05 9.98509E-05 9.98509E-05 0.00852946 0.782529 9.98509E-05 9.98509E-05 9.98509E-05 9.98509E-05 9.98509E-05 9.98509E-05 9.98509E-05 0.11189 9.98509E-05 9.98509E-05 9.98509E-05 9.98509E-05
9.98685E-05 0.0295875 9.98685E-05 9.98685E-05 9.98685E-05 9.98685E-05 9.98685E-05 9.98685E-05 0.0577614 0.303033 9.98685E-05 9.98685E-05 9.98685E-05 9.98685E-05 9.98685E-05 0.303425 0.101193 0.130982 0.0725194 9.98685E-05 9.98685E-05 9.98685E-05
9.98684E-05 9.98684E-05 9.98684E-05 9.98684E-05 9.98684E-05 9.98684E-05 0.0365388 9.98684E-05 9.98684E-05 0.189673 9.98684E-05 9.98684E-05 9.98684E-05 0.00551203 9.98684E-05 0.225541 9.98684E-05 0.311831 9.98684E-05 9.98684E-05 0.189727 0.0396801
9.98333E-05 9.98333E-05 9.98333E-05 9.98333E-05 9.98333E-05 9.98333E-05 9.98333E-05 9.98333E-05 9.98333E-05 0.547643 9.98333E-05 9.98333E-05 0.376065 9.98333E-05 9.98333E-05 0.0743949 9.98333E-05 9.98333E-05 9.98333E-05 9.98333E-05 9.98333E-05 9.98333E-05
0.227792 9.98682E-05 9.98682E-05 9.98682E-05 9.98682E-05 0.0534207 0.0196679 9.98682E-05 9.98682E-05 0.378626 9.98682E-05 9.98682E-05 9.98682E-05 9.98682E-05 9.98682E-05 0.279534 9.98682E-05 9.98682E-05 9.98682E-05 9.98682E-05 0.0377344 0.00172649
9.98508E-05 9.98508E-05 9.98508E-05 9.98508E-05 9.98508E-05 9.98508E-05 9.98508E-05 9.98508E-05 9.98508E-05 0.0823885 9.98508E-05 9.98508E-05 0.522085 0.0657537 9.98508E-05 0.211034 9.98508E-05 0.117041 9.98508E-05 9.98508E-05 9.98508E-05 9.98508E-05
9.98509E-05 9.98509E-05 9.98509E-05 9.98509E-05 9.98509E-05 9.98509E-05 9.98509E-05 9.98509E-05 0.0349564 9.98509E-05 9.98509E-05 9.98509E-05 0.10639 9.98509E-05 9.98509E-05 0.651404 9.98509E-05 9.98509E-05 9.98509E-05 9.98509E-05 0.140579 0.0649742
9.98421E-05 9.98421E-05 9.98421E-05 9.98421E-05 9.98421E-05 9.98421E-05 9.98421E-05 9.98421E-05 9.98421E-05 0.100383 9.98421E-05 9.98421E-05 9.98421E-05 9.98421E-05 9.98421E-05 0.792121 0.0568195 0.048879 9.98421E-05 9.98421E-05 9.98421E-05 9.98421E-05
0.0274763 9.98682E-05 9.98682E-05 9.98682E-05 0.0355454 0.0140017 0.00330538 9.98682E-05 9.98682E-05 0.66221 9.98682E-05 9.98682E-05 9.98682E-05 9.98682E-05 9.98682E-05 0.218768 9.98682E-05 9.98682E-05 9.98682E-05 9.98682E-05 9.98682E-05 0.0371953
9.98507E-05 9.98507E-05 9.98507E-05 9.98507E-05 9.98507E-05 9.98507E-05 9.98507E-05 9.98507E-05 9.98507E-05 0.240998 9.98507E-05 9.98507E-05 9.98507E-05 9.98507E-05 9.98507E-05 0.259816 0.230328 0.132866 9.98507E-05 9.98507E-05 0.134295 9.98507E-05
9.98507E-05 9.98507E-05 9.98507E-05 9.98507E-05 9.98507E-05 9.98507E-05 9.98507E-05 0.0190644 9.98507E-05 0.407351 9.98507E-05 9.98507E-05 9.98507E-05 9.98507E-05 9.98507E-05 0.382052 9.98507E-05 0.132395 9.98507E-05 9.98507E-05 0.0574412 9.98507E-05
9.98507E-05 0.103477 9.98507E-05 9.98507E-05 9.98507E-05 9.98507E-05 9.98507E-05 9.98507E-05 9.98507E-05 0.554733 9.98507E-05 9.98507E-05 9.98507E-05 0.0233666 9.98507E-05 0.299184 9.98507E-05 9.98507E-05 9.98507E-05 9.98507E-05 9.98507E-05 0.0175421
9.98684E-05 9.98684E-05 0.104528 9.98684E-05 9.98684E-05 9.98684E-05 9.98684E-05 9.98684E-05 9.98684E-05 0.133511 9.98684E-05 9.98684E-05 0.0384186 9.98684E-05 9.98684E-05 0.600645 9.98684E-05 0.000645759 9.98684E-05 0.0328665 0.087887 9.98684E-05
9.98509E-05 9.98509E-05 9.98509E-05 9.98509E-05 9.98509E-05 9.98509E-05 9.98509E-05 9.98509E-05 9.98509E-05 0.450369 9.98509E-05 9.98509E-05 0.103194 9.98509E-05 9.98509E-05 0.255711 0.0497195 0.139308 9.98509E-05 9.98509E-05 9.98509E-05 9.98509E-05
9.98154E-05 9.98154E-05 9.98154E-05 9.98154E-05 9.98154E-05 9.98154E-05 9.98154E-05 9.98154E-05 9.98154E-05 9.98154E-05 9.98154E-05 9.98154E-05 9.98154E-05 9.98154E-05 9.98154E-05 9.98154E-05 9.98154E-05 9.98154E-05 9.98154E-05 9.98154E-05 0.997904 9.98154E-05
9.98154E-05 9.98154E-05 9.98154E-05 9.98154E-05 9.98154E-05 9.98154E-05 9.98154E-05 9.98154E-05 9.98154E-05 9.98154E-05 9.98154E-05 9.98154E-05 9.98154E-05 9.98154E-05 9.98154E-05 9.98154E-05 9.98154E-05 0.997904 9.98154E-05 9.98154E-05 9.98154E-05 9.98154E-05
9.98155E-05 9.98155E-05 9.98155E-05 9.98155E-05 9.98155E-05 9.98155E-05 9.98155E-05 9.98155E-05 9.98155E-05 9.98155E-05 9.98155E-05 9.98155E-05 9.98155E-05 9.98155E-05 9.98155E-05 9.98155E-05 9.98155E-05 9.98155E-05 9.98155E-05 9.98155E-05 0.997904 9.98155E-05
9.98154E-05 9.98154E-05 9.98154E-05 9.98154E-05 9.98154E-05 9.98154E-05 9.98154E-05 9.98154E-05 9.98154E-05 9.98154E-05 9.98154E-05 9.98154E-05 9.98154E-05 9.98154E-05 9.98154E-05 9.98154E-05 9.98154E-05 0.997904 9.98154E-05 9.98154E-05 9.98154E-05 9.98154E-05
9.98155E-05 9.98155E-05 9.98155E-05 9.98155E-05 9.98155E-05 9.98155E-05 9.98155E-05 9.98155E-05 9.98155E-05 9.98155E-05 9.98155E-05 9.98155E-05 9.98155E-05 9.98155E-05 9.98155E-05 9.98155E-05 9.98155E-05 0.997904 9.98155E-05 9.98155E-05 9.98155E-05 9.98155E-05
9.98154E-05 9.98154E-05 9.98154E-05 9.98154E-05 9.98154E-05 9.98154E-05 9.98154E-05 9.98154E-05 9.98154E-05 9.98154E-05 9.98154E-05 9.98154E-05 9.98154E-05 9.98154E-05 9.98154E-05 9.98154E-05 9.98154E-05 0.997904 9.98154E-05 9.98154E-05 9.98154E-05 9.98154E-05
9.98154E-05 9.98154E-05 9.98154E-05 9.98154E-05 9.98154E-05 9.98154E-05 9.98154E-05 9.98154E-05 9.98154E-05 9.98154E-05 9.98154E-05 9.98154E-05 9.98154E-05 9.98154E-05 9.98154E-05 9.98154E-05 9.98154E-05 9.98154E-05 9.98154E-05 9.98154E-05 0.997904 9.98154E-05
9.98155E-05 9.98155E-05 9.98155E-05 9.98155E-05 9.98155E-05 9.98155E-05 9.98155E-05 9.98155E-05 9.98155E-05 9.98155E-05 9.98155E-05 9.98155E-05 9.98155E-05 9.98155E-05 9.98155E-05 9.98155E-05 9.98155E-05 0.997904 9.98155E-05 9.98155E-05 9.98155E-05 9.98155E-05
9.98155E-05 9.98155E-05 9.98155E-05 9.98155E-05 9.98155E-05 9.98155E-05 9.98155E-05 9.98155E-05 9.98155E-05 9.98155E-05 9.98155E-05 9.98155E-05 9.98155E-05 9.98155E-05 9.98155E-05 9.98155E-05 9.98155E-05 0.997904 9.98155E-05 9.98155E-05 9.98155E-05 9.98155E-05
9.98154E-05 9.98154E-05 9.98154E-05 9.98154E-05 9.98154E-05 9.98154E-05 9.98154E-05 9.98154E-05 9.98154E-05 9.98154E-05 9.98154E-05 9.98154E-05 9.98154E-05 9.98154E-05 9.98154E-05 9.98154E-05 9.98154E-05 9.98154E-05 9.98154E-05 9.98154E-05 0.997904 9.98154E-05
9.98156E-05 9.98156E-05 9.98156E-05 9.98156E-05 9.98156E-05 9.98156E-05 9.98156E-05 9.98156E-05 9.98156E-05 9.98156E-05 9.98156E-05 9.98156E-05 9.98156E-05 9.98156E-05 9.98156E-05 9.98156E-05 9.98156E-05 9.98156E-05 9.98156E-05 9.98156E-05 0.997904 9.98156E-05
