9.98156E-05 9.98156E-05 0.0638218 9.98156E-05 9.98156E-05 9.98156E-05 9.98156E-05 9.98156E-05 9.98156E-05 9.98156E-05 0.0627939 9.98156E-05 9.98156E-05 0.0698467 0.145448 0.382961 0.00966226 9.98156E-05 9.98156E-05 9.98156E-05 9.98156E-05 9.98156E-05 9.98156E-05 9.98156E-05 9.98156E-05 0.263371 9.98156E-05 9.98156E-05
9.98246E-05 0.00292341 9.98246E-05 0.042699 9.98246E-05 9.98246E-05 9.98246E-05 9.98246E-05 9.98246E-05 9.98246E-05 9.98246E-05 0.0992917 9.98246E-05 9.98246E-05 9.98246E-05 0.638765 0.0513578 9.98246E-05 9.98246E-05 0.120945 9.98246E-05 9.98246E-05 0.0294244 9.98246E-05 9.98246E-05 0.0125968 9.98246E-05 9.98246E-05
9.97719E-05 9.97719E-05 9.97719E-05 9.97719E-05 9.97719E-05 9.97719E-05 9.97719E-05 9.97719E-05 9.97719E-05 9.97719E-05 9.97719E-05 9.97719E-05 9.97719E-05 0.000993906 9.97719E-05 9.97719E-05 9.97719E-05 9.97719E-05 9.97719E-05 9.97719E-05 9.97719E-05 9.97719E-05 0.996412 9.97719E-05 9.97719E-05 9.97719E-05 9.97719E-05 9.97719E-05
9.98334E-05 9.98334E-05 9.98334E-05 0.215022 0.045806 0.00601461 9.98334E-05 9.98334E-05 9.98334E-05 9.98334E-05 0.0825021 9.98334E-05 9.98334E-05 0.042672 0.109024 9.98334E-05 0.0782359 9.98334E-05 9.98334E-05 9.98334E-05 9.98334E-05 9.98334E-05 0.240333 9.98334E-05 9.98334E-05 9.98334E-05 0.178494 9.98334E-05
9.97897E-05 9.97897E-05 9.97897E-05 9.97897E-05 9.97897E-05 9.97897E-05 9.97897E-05 9.97897E-05 9.97897E-05 0.0148049 9.97897E-05 9.97897E-05 9.97897E-05 9.97897E-05 9.97897E-05 0.814419 9.97897E-05 9.97897E-05 9.97897E-05 9.97897E-05 9.97897E-05 0.0645217 9.97897E-05 9.97897E-05 9.97897E-05 9.97897E-05 0.10386 9.97897E-05
9.98158E-05 9.98158E-05 9.98158E-05 9.98158E-05 0.0916415 9.98158E-05 9.98158E-05 9.98158E-05 9.98158E-05 0.00722437 9.98158E-05 9.98158E-05 9.98158E-05 9.98158E-05 9.98158E-05 9.98158E-05 9.98158E-05 9.98158E-05 9.98158E-05 0.091417 9.98158E-05 0.212803 0.306278 9.98158E-05 9.98158E-05 0.0460615 0.242478 9.98158E-05
9.9851E-05 9.9851E-05 9.9851E-05 0.0469654 9.9851E-05 9.9851E-05 9.9851E-05 9.9851E-05 9.9851E-05 9.9851E-05 9.9851E-05 0.0674106 9.9851E-05 9.9851E-05 0.145404 0.110651 0.092635 9.9851E-05 0.0801164 0.140314 9.9851E-05 0.0173029 0.216798 9.9851E-05 0.0743097 0.00639575 9.9851E-05 9.9851E-05
0.00424495 9.98423E-05 0.0805147 9.98423E-05 0.144614 9.98423E-05 9.98423E-05 0.175735 9.98423E-05 0.0139575 9.98423E-05 9.98423E-05 9.98423E-05 9.98423E-05 0.160551 9.98423E-05 9.98423E-05 0.149262 9.98423E-05 9.98423E-05 9.98423E-05 0.00858062 0.22276 9.98423E-05 9.98423E-05 9.98423E-05 0.0379825 9.98423E-05
9.98334E-05 0.0530973 9.98334E-05 9.98334E-05 0.210848 9.98334E-05 9.98334E-05 0.00740809 9.98334E-05 9.98334E-05 9.98334E-05 9.98334E-05 9.98334E-05 0.265723 0.0169584 0.128546 9.98334E-05 9.98334E-05 9.98334E-05 9.98334E-05 9.98334E-05 9.98334E-05 0.143064 9.98334E-05 0.112962 9.98334E-05 0.0594955 9.98334E-05
9.97895E-05 0.00103831 9.97895E-05 9.97895E-05 9.97895E-05 9.97895E-05 0.00589706 9.97895E-05 9.97895E-05 9.97895E-05 9.97895E-05 9.97895E-05 9.97895E-05 0.0872852 9.97895E-05 0.903385 9.97895E-05 9.97895E-05 9.97895E-05 9.97895E-05 9.97895E-05 9.97895E-05 9.97895E-05 9.97895E-05 9.97895E-05 9.97895E-05 9.97895E-05 9.97895E-05
9.98158E-05 9.98158E-05 9.98158E-05 9.98158E-05 0.00808805 9.98158E-05 9.98158E-05 9.98158E-05 9.98158E-05 9.98158E-05 9.98158E-05 9.98158E-05 9.98158E-05 0.18014 0.0499534 0.449648 0.152697 9.98158E-05 9.98158E-05 9.98158E-05 9.98158E-05 9.98158E-05 0.0278625 9.98158E-05 9.98158E-05 0.129514 9.98158E-05 9.98158E-05
9.97632E-05 9.97632E-05 9.97632E-05 9.97632E-05 9.97632E-05 9.97632E-05 9.97632E-05 9.97632E-05 9.97632E-05 9.97632E-05 9.97632E-05 9.97632E-05 9.97632E-05 9.97632E-05 9.97632E-05 9.97632E-05 9.97632E-05 9.97632E-05 9.97632E-05 9.97632E-05 9.97632E-05 9.97632E-05 0.997306 9.97632E-05 9.97632E-05 9.97632E-05 9.97632E-05 9.97632E-05
9.97984E-05 9.97984E-05 9.97984E-05 9.97984E-05 9.97984E-05 9.97984E-05 9.97984E-05 9.97984E-05 9.97984E-05 9.97984E-05 9.97984E-05 0.00649142 9.97984E-05 0.103743 0.119351 0.757359 9.97984E-05 9.97984E-05 9.97984E-05 9.97984E-05 9.97984E-05 0.0107605 9.97984E-05 9.97984E-05 9.97984E-05 9.97984E-05 9.97984E-05 9.97984E-05
9.98158E-05 9.98158E-05 9.98158E-05 9.98158E-05 9.98158E-05 0.287391 9.98158E-05 9.98158E-05 0.00709736 0.0146746 9.98158E-05 9.98158E-05 9.98158E-05 9.98158E-05 0.0117901 9.98158E-05 0.0417183 9.98158E-05 9.98158E-05 9.98158E-05 0.0116336 9.98158E-05 0.623599 9.98158E-05 9.98158E-05 9.98158E-05 9.98158E-05 9.98158E-05
9.98333E-05 9.98333E-05 9.98333E-05 9.98333E-05 0.105913 9.98333E-05 9.98333E-05 0.0152971 9.98333E-05 9.98333E-05 9.98333E-05 9.98333E-05 9.98333E-05 0.130081 0.0452976 0.293227 9.98333E-05 9.98333E-05 9.98333E-05 9.98333E-05 0.0491507 9.98333E-05 9.98333E-05 9.98333E-05 9.98333E-05 0.161955 0.143022 0.0541589
0.101526 9.9842E-05 9.9842E-05 0.094361 0.146427 9.9842E-05 9.9842E-05 9.9842E-05 0.0340176 9.9842E-05 0.0220729 9.9842E-05 9.9842E-05 0.105052 0.135457 0.229506 9.9842E-05 9.9842E-05 9.9842E-05 9.9842E-05 9.9842E-05 9.9842E-05 9.9842E-05 9.9842E-05 9.9842E-05 0.100556 0.0292282 9.9842E-05
9.98422E-05 9.98422E-05 0.0349888 9.98422E-05 9.98422E-05 9.98422E-05 9.98422E-05 9.98422E-05 9.98422E-05 9.98422E-05 9.98422E-05 9.98422E-05 9.98422E-05 0.0339134 0.0348629 0.470556 0.0197868 9.98422E-05 9.98422E-05 0.0583559 0.00856418 9.98422E-05 0.0202988 9.98422E-05 0.0902261 9.98422E-05 9.98422E-05 0.226649
9.98421E-05 0.0294952 9.98421E-05 9.98421E-05 9.98421E-05 9.98421E-05 0.109102 9.98421E-05 9.98421E-05 9.98421E-05 9.98421E-05 9.98421E-05 9.98421E-05 0.0593157 0.181405 0.095818 9.98421E-05 9.98421E-05 9.98421E-05 9.98421E-05 9.98421E-05 9.98421E-05 0.0542401 0.165507 0.0141171 0.207409 0.0817934 9.98421E-05
9.98244E-05 9.98244E-05 0.010555 9.98244E-05 0.0618801 9.98244E-05 9.98244E-05 9.98244E-05 9.98244E-05 9.98244E-05 9.98244E-05 9.98244E-05 9.98244E-05 0.201772 0.150207 0.33721 9.98244E-05 9.98244E-05 9.98244E-05 9.98244E-05 0.0628465 0.142904 0.0306283 9.98244E-05 9.98244E-05 9.98244E-05 9.98244E-05 9.98244E-05
9.97719E-05 9.97719E-05 9.97719E-05 9.97719E-05 9.97719E-05 9.97719E-05 9.97719E-05 9.97719E-05 9.97719E-05 9.97719E-05 0.0184341 9.97719E-05 9.97719E-05 9.97719E-05 9.97719E-05 0.978972 9.97719E-05 9.97719E-05 9.97719E-05 9.97719E-05 9.97719E-05 9.97719E-05 9.97719E-05 9.97719E-05 9.97719E-05 9.97719E-05 9.97719E-05 9.97719E-05
9.98245E-05 9.98245E-05 9.98245E-05 9.98245E-05 0.0754566 0.0748916 9.98245E-05 9.98245E-05 0.132956 9.98245E-05 9.98245E-05 9.98245E-05 9.98245E-05 9.98245E-05 9.98245E-05 0.327427 0.0238315 0.0835733 9.98245E-05 9.98245E-05 9.98245E-05 9.98245E-05 0.0334245 9.98245E-05 0.246444 9.98245E-05 9.98245E-05 9.98245E-05
9.98335E-05 9.98335E-05 9.98335E-05 9.98335E-05 0.0630977 9.98335E-05 9.98335E-05 9.98335E-05 9.98335E-05 0.0198622 9.98335E-05 0.0401955 9.98335E-05 9.98335E-05 0.383381 0.188266 9.98335E-05 9.98335E-05 9.98335E-05 0.0208197 9.98335E-05 0.134984 0.0260288 9.98335E-05 9.98335E-05 9.98335E-05 0.121469 9.98335E-05
9.97983E-05 9.97983E-05 9.97983E-05 9.97983E-05 9.97983E-05 9.97983E-05 9.97983E-05 9.97983E-05 9.97983E-05 9.97983E-05 9.97983E-05 9.97983E-05 9.97983E-05 0.121854 9.97983E-05 0.608074 0.022342 9.97983E-05 9.97983E-05 9.97983E-05 9.97983E-05 9.97983E-05 9.97983E-05 9.97983E-05 9.97983E-05 0.21874 0.0266946 9.97983E-05
0.0727877 9.98159E-05 9.98159E-05 9.98159E-05 9.98159E-05 9.98159E-05 9.98159E-05 9.98159E-05 0.0687295 9.98159E-05 9.98159E-05 9.98159E-05 9.98159E-05 0.229285 0.287477 0.321926 9.98159E-05 9.98159E-05 9.98159E-05 9.98159E-05 9.98159E-05 9.98159E-05 9.98159E-05 9.98159E-05 9.98159E-05 0.00414358 0.0135541 9.98159E-05
9.98333E-05 9.98333E-05 9.98333E-05 9.98333E-05 0.102012 0.136428 9.98333E-05 9.98333E-05 9.98333E-05 9.98333E-05 0.15213 9.98333E-05 9.98333E-05 0.184774 0.00123236 9.98333E-05 0.00160554 9.98333E-05 9.98333E-05 9.98333E-05 0.0741311 9.98333E-05 0.306356 9.98333E-05 9.98333E-05 9.98333E-05 0.0394343 9.98333E-05
9.98159E-05 9.98159E-05 9.98159E-05 9.98159E-05 9.98159E-05 0.0432921 9.98159E-05 9.98159E-05 9.98159E-05 9.98159E-05 9.98159E-05 9.98159E-05 9.98159E-05 0.089147 0.0190403 0.681296 9.98159E-05 9.98159E-05 0.0204476 9.98159E-05 9.98159E-05 9.98159E-05 9.98159E-05 9.98159E-05 0.128172 9.98159E-05 0.0165087 9.98159E-05
0.0639989 9.98245E-05 9.98245E-05 9.98245E-05 9.98245E-05 0.0787812 0.117117 9.98245E-05 9.98245E-05 9.98245E-05 9.98245E-05 0.245993 9.98245E-05 0.0949356 0.238438 0.038541 9.98245E-05 9.98245E-05 9.98245E-05 9.98245E-05 9.98245E-05 9.98245E-05 9.98245E-05 9.98245E-05 9.98245E-05 9.98245E-05 0.120199 9.98245E-05
9.98247E-05 9.98247E-05 9.98247E-05 0.00731458 9.98247E-05 0.00126078 9.98247E-05 9.98247E-05 0.0711514 9.98247E-05 9.98247E-05 9.98247E-05 9.98247E-05 0.00704148 0.0920354 0.754918 0.0629766 9.98247E-05 9.98247E-05 9.98247E-05 9.98247E-05 9.98247E-05 9.98247E-05 0.00130505 9.98247E-05 9.98247E-05 9.98247E-05 9.98247E-05
9.98421E-05 0.0100246 9.98421E-05 0.000387304 9.98421E-05 0.110615 9.98421E-05 9.98421E-05 9.98421E-05 9.98421E-05 0.0200022 0.0779846 9.98421E-05 0.171124 0.0205692 0.55755 0.0111928 9.98421E-05 9.98421E-05 9.98421E-05 9.98421E-05 9.98421E-05 9.98421E-05 9.98421E-05 9.98421E-05 0.0187541 9.98421E-05 9.98421E-05
9.98158E-05 0.00179163 0.0444642 9.98158E-05 9.98158E-05 9.98158E-05 9.98158E-05 9.98158E-05 9.98158E-05 9.98158E-05 9.98158E-05 9.98158E-05 9.98158E-05 9.98158E-05 9.98158E-05 0.404535 9.98158E-05 9.98158E-05 9.98158E-05 9.98158E-05 0.0217362 0.00162494 0.226782 9.98158E-05 9.98158E-05 9.98158E-05 9.98158E-05 0.29697
9.98333E-05 9.98333E-05 9.98333E-05 9.98333E-05 0.0161548 9.98333E-05 9.98333E-05 9.98333E-05 9.98333E-05 9.98333E-05 9.98333E-05 9.98333E-05 9.98333E-05 0.0365629 0.00968859 0.675247 0.0721141 9.98333E-05 9.98333E-05 9.98333E-05 0.0531671 0.0518762 9.98333E-05 0.00806786 9.98333E-05 0.0752249 9.98333E-05 9.98333E-05
9.98336E-05 9.98336E-05 9.98336E-05 9.98336E-05 9.98336E-05 0.0431696 9.98336E-05 9.98336E-05 9.98336E-05 9.98336E-05 9.98336E-05 9.98336E-05 9.98336E-05 0.0826787 0.00499882 0.504829 0.134409 0.110794 9.98336E-05 9.98336E-05 9.98336E-05 9.98336E-05 0.0295863 9.98336E-05 0.0638477 9.98336E-05 0.0237896 9.98336E-05
9.98157E-05 9.98157E-05 9.98157E-05 0.0183399 9.98157E-05 0.130015 9.98157E-05 9.98157E-05 9.98157E-05 9.98157E-05 9.98157E-05 9.98157E-05 9.98157E-05 0.0928132 0.126189 9.98157E-05 0.0679282 9.98157E-05 9.98157E-05 9.98157E-05 9.98157E-05 9.98157E-05 0.543181 9.98157E-05 9.98157E-05 0.0194372 9.98157E-05 9.98157E-05
9.98245E-05 9.98245E-05 9.98245E-05 9.98245E-05 9.98245E-05 0.00894174 0.0143119 9.98245E-05 0.0230576 9.98245E-05 9.98245E-05 9.98245E-05 9.98245E-05 0.110599 0.0185605 9.98245E-05 9.98245E-05 9.98245E-05 9.98245E-05 9.98245E-05 9.98245E-05 0.0055808 0.730727 9.98245E-05 9.98245E-05 9.98245E-05 0.0862258 9.98245E-05
9.98159E-05 9.98159E-05 9.98159E-05 9.98159E-05 9.98159E-05 9.98159E-05 9.98159E-05 9.98159E-05 9.98159E-05 9.98159E-05 0.113309 0.0433019 9.98159E-05 0.0115847 9.98159E-05 0.656804 0.0322007 9.98159E-05 9.98159E-05 0.0541496 9.98159E-05 9.98159E-05 0.086554 9.98159E-05 9.98159E-05 9.98159E-05 9.98159E-05 9.98159E-05
9.98335E-05 9.98335E-05 9.98335E-05 0.0462596 0.0144162 9.98335E-05 9.98335E-05 9.98335E-05 9.98335E-05 9.98335E-05 9.98335E-05 0.0476776 9.98335E-05 0.0183284 0.0364338 0.406492 0.0430987 9.98335E-05 9.98335E-05 9.98335E-05 9.98335E-05 9.98335E-05 0.254113 9.98335E-05 0.131284 9.98335E-05 9.98335E-05 9.98335E-05
9.97809E-05 9.97809E-05 9.97809E-05 9.97809E-05 9.97809E-05 9.97809E-05 9.97809E-05 9.97809E-05 0.0517724 9.97809E-05 9.97809E-05 9.97809E-05 9.97809E-05 9.97809E-05 9.97809E-05 0.821366 9.97809E-05 9.97809E-05 9.97809E-05 9.97809E-05 9.97809E-05 0.124367 9.97809E-05 9.97809E-05 9.97809E-05 9.97809E-05 9.97809E-05 9.97809E-05
9.97985E-05 9.97985E-05 9.97985E-05 9.97985E-05 0.120959 9.97985E-05 9.97985E-05 9.97985E-05 9.97985E-05 9.97985E-05 0.00815773 9.97985E-05 9.97985E-05 0.0450577 9.97985E-05 9.97985E-05 9.97985E-05 9.97985E-05 9.97985E-05 0.0644154 9.97985E-05 9.97985E-05 0.759114 9.97985E-05 9.97985E-05 9.97985E-05 9.97985E-05 9.97985E-05
9.98072E-05 9.98072E-05 9.98072E-05 9.98072E-05 9.98072E-05 9.98072E-05 9.98072E-05 9.98072E-05 9.98072E-05 0.0594922 9.98072E-05 9.98072E-05 9.98072E-05 0.140194 0.00682622 9.98072E-05 9.98072E-05 9.98072E-05 9.98072E-05 0.0776656 9.98072E-05 9.98072E-05 0.527137 9.98072E-05 9.98072E-05 9.98072E-05 9.98072E-05 0.186489
0.0438445 9.98157E-05 9.98157E-05 9.98157E-05 9.98157E-05 9.98157E-05 9.98157E-05 9.98157E-05 9.98157E-05 9.98157E-05 9.98157E-05 9.98157E-05 9.98157E-05 0.137613 0.0134357 9.98157E-05 9.98157E-05 9.98157E-05 0.00118857 9.98157E-05 9.98157E-05 0.0426116 0.701802 9.98157E-05 9.98157E-05 9.98157E-05 0.0574088 9.98157E-05
9.97984E-05 9.97984E-05 9.97984E-05 9.97984E-05 9.97984E-05 9.97984E-05 9.97984E-05 9.97984E-05 9.97984E-05 9.97984E-05 9.97984E-05 0.00591699 9.97984E-05 0.0464817 0.0741497 0.843356 9.97984E-05 9.97984E-05 9.97984E-05 9.97984E-05 9.97984E-05 9.97984E-05 0.0278 9.97984E-05 9.97984E-05 9.97984E-05 9.97984E-05 9.97984E-05
9.98072E-05 0.010292 9.98072E-05 9.98072E-05 0.000380077 9.98072E-05 9.98072E-05 9.98072E-05 9.98072E-05 9.98072E-05 9.98072E-05 0.153497 9.98072E-05 0.049708 0.176595 0.607332 9.98072E-05 9.98072E-05 9.98072E-05 9.98072E-05 9.98072E-05 9.98072E-05 9.98072E-05 9.98072E-05 9.98072E-05 9.98072E-05 9.98072E-05 9.98072E-05
9.97984E-05 9.97984E-05 9.97984E-05 9.97984E-05 9.97984E-05 9.97984E-05 9.97984E-05 9.97984E-05 9.97984E-05 0.0186477 9.97984E-05 9.97984E-05 9.97984E-05 9.97984E-05 0.0284142 0.722098 9.97984E-05 9.97984E-05 9.97984E-05 9.97984E-05 9.97984E-05 0.0313115 9.97984E-05 9.97984E-05 9.97984E-05 9.97984E-05 9.97984E-05 0.197233
9.98159E-05 0.0605565 9.98159E-05 9.98159E-05 0.138362 9.98159E-05 9.98159E-05 9.98159E-05 9.98159E-05 9.98159E-05 9.98159E-05 9.98159E-05 9.98159E-05 0.135121 0.0650492 9.98159E-05 0.0385546 9.98159E-05 9.98159E-05 9.98159E-05 9.98159E-05 9.98159E-05 0.456703 9.98159E-05 9.98159E-05 0.103558 9.98159E-05 9.98159E-05
9.9807E-05 9.9807E-05 9.9807E-05 0.0389433 9.9807E-05 9.9807E-05 9.9807E-05 9.9807E-05 9.9807E-05 0.024799 9.9807E-05 9.9807E-05 9.9807E-05 0.156307 0.400823 9.9807E-05 9.9807E-05 9.9807E-05 9.9807E-05 9.9807E-05 9.9807E-05 0.0633174 0.313614 9.9807E-05 9.9807E-05 9.9807E-05 9.9807E-05 9.9807E-05
9.97894E-05 9.97894E-05 9.97894E-05 0.045527 9.97894E-05 9.97894E-05 9.97894E-05 9.97894E-05 9.97894E-05 9.97894E-05 9.97894E-05 0.00370995 9.97894E-05 0.00466304 9.97894E-05 9.97894E-05 9.97894E-05 9.97894E-05 9.97894E-05 9.97894E-05 9.97894E-05 9.97894E-05 0.943705 9.97894E-05 9.97894E-05 9.97894E-05 9.97894E-05 9.97894E-05
9.98158E-05 9.98158E-05 9.98158E-05 0.060787 0.0326043 9.98158E-05 0.0224091 9.98158E-05 9.98158E-05 9.98158E-05 9.98158E-05 9.98158E-05 9.98158E-05 0.0609723 9.98158E-05 0.702812 0.0056917 9.98158E-05 9.98158E-05 9.98158E-05 9.98158E-05 9.98158E-05 0.112628 9.98158E-05 9.98158E-05 9.98158E-05 9.98158E-05 9.98158E-05
9.97633E-05 9.97633E-05 9.97633E-05 9.97633E-05 9.97633E-05 9.97633E-05 9.97633E-05 9.97633E-05 9.97633E-05 9.97633E-05 9.97633E-05 9.97633E-05 9.97633E-05 9.97633E-05 9.97633E-05 9.97633E-05 9.97633E-05 9.97633E-05 9.97633E-05 9.97633E-05 9.97633E-05 9.97633E-05 0.997306 9.97633E-05 9.97633E-05 9.97633E-05 9.97633E-05 9.97633E-05
9.98332E-05 9.98332E-05 9.98332E-05 0.0110223 9.98332E-05 9.98332E-05 9.98332E-05 9.98332E-05 0.0213666 9.98332E-05 9.98332E-05 9.98332E-05 9.98332E-05 0.0776438 0.102874 0.457739 0.0352512 9.98332E-05 9.98332E-05 9.98332E-05 9.98332E-05 0.0189541 0.145848 9.98332E-05 9.98332E-05 0.127405 9.98332E-05 9.98332E-05
9.98249E-05 9.98249E-05 9.98249E-05 9.98249E-05 0.0460006 9.98249E-05 0.0303742 9.98249E-05 9.98249E-05 9.98249E-05 9.98249E-05 9.98249E-05 9.98249E-05 9.98249E-05 0.00415398 0.366647 0.0202172 9.98249E-05 0.0451312 9.98249E-05 9.98249E-05 0.0679294 0.41755 9.98249E-05 9.98249E-05 9.98249E-05 9.98249E-05 9.98249E-05
9.98684E-05 0.00913075 0.00902551 0.0533444 0.0611609 9.98684E-05 9.98684E-05 9.98684E-05 9.98684E-05 9.98684E-05 0.0441712 0.207192 9.98684E-05 0.137738 0.00172252 0.172681 0.159959 0.00319964 9.98684E-05 9.98684E-05 9.98684E-05 9.98684E-05 0.0904762 9.98684E-05 9.98684E-05 9.98684E-05 0.0487003 9.98684E-05
9.97986E-05 0.0696132 9.97986E-05 0.1739 9.97986E-05 9.97986E-05 9.97986E-05 9.97986E-05 9.97986E-05 9.97986E-05 9.97986E-05 9.97986E-05 9.97986E-05 9.97986E-05 0.108268 9.97986E-05 9.97986E-05 9.97986E-05 9.97986E-05 9.97986E-05 9.97986E-05 9.97986E-05 0.638474 0.00744991 9.97986E-05 9.97986E-05 9.97986E-05 9.97986E-05
9.97983E-05 9.97983E-05 9.97983E-05 9.97983E-05 9.97983E-05 0.0267906 0.0667356 9.97983E-05 9.97983E-05 9.97983E-05 9.97983E-05 9.97983E-05 9.97983E-05 9.97983E-05 9.97983E-05 0.864229 9.97983E-05 9.97983E-05 0.000845302 9.97983E-05 0.0391037 9.97983E-05 9.97983E-05 9.97983E-05 9.97983E-05 9.97983E-05 9.97983E-05 9.97983E-05
0.0389088 9.98158E-05 9.98158E-05 9.98158E-05 9.98158E-05 9.98158E-05 0.0297056 9.98158E-05 0.0106767 9.98158E-05 0.00693926 9.98158E-05 9.98158E-05 9.98158E-05 9.98158E-05 9.98158E-05 0.00565929 9.98158E-05 0.0412425 9.98158E-05 9.98158E-05 9.98158E-05 0.864772 9.98158E-05 9.98158E-05 9.98158E-05 9.98158E-05 9.98158E-05
9.97986E-05 0.0467908 9.97986E-05 9.97986E-05 9.97986E-05 9.97986E-05 9.97986E-05 9.97986E-05 9.97986E-05 9.97986E-05 9.97986E-05 9.97986E-05 9.97986E-05 0.0436344 9.97986E-05 0.0915867 9.97986E-05 9.97986E-05 9.97986E-05 9.97986E-05 0.107596 9.97986E-05 0.708096 9.97986E-05 9.97986E-05 9.97986E-05 9.97986E-05 9.97986E-05
9.97897E-05 9.97897E-05 9.97897E-05 9.97897E-05 9.97897E-05 9.97897E-05 9.97897E-05 9.97897E-05 9.97897E-05 9.97897E-05 0.0368761 9.97897E-05 9.97897E-05 9.97897E-05 9.97897E-05 9.97897E-05 9.97897E-05 9.97897E-05 9.97897E-05 9.97897E-05 9.97897E-05 0.0575752 0.823636 9.97897E-05 9.97897E-05 9.97897E-05 0.079518 9.97897E-05
9.98245E-05 9.98245E-05 9.98245E-05 9.98245E-05 9.98245E-05 9.98245E-05 0.0635206 9.98245E-05 0.00506382 9.98245E-05 9.98245E-05 9.98245E-05 9.98245E-05 0.0184347 0.0691222 0.733804 9.98245E-05 9.98245E-05 9.98245E-05 0.0267899 9.98245E-05 0.0382693 9.98245E-05 9.98245E-05 0.0429995 9.98245E-05 9.98245E-05 9.98245E-05
9.9781E-05 9.9781E-05 9.9781E-05 0.169765 9.9781E-05 9.9781E-05 9.9781E-05 9.9781E-05 9.9781E-05 9.9781E-05 9.9781E-05 9.9781E-05 9.9781E-05 0.0307393 9.9781E-05 0.797002 9.9781E-05 9.9781E-05 9.9781E-05 9.9781E-05 9.9781E-05 9.9781E-05 9.9781E-05 9.9781E-05 9.9781E-05 9.9781E-05 9.9781E-05 9.9781E-05
9.97983E-05 9.97983E-05 9.97983E-05 9.97983E-05 0.0414691 9.97983E-05 9.97983E-05 0.0208175 9.97983E-05 9.97983E-05 9.97983E-05 9.97983E-05 9.97983E-05 9.97983E-05 9.97983E-05 0.252816 0.00739147 9.97983E-05 9.97983E-05 9.97983E-05 9.97983E-05 9.97983E-05 0.67521 9.97983E-05 9.97983E-05 9.97983E-05 9.97983E-05 9.97983E-05
9.98156E-05 9.98156E-05 9.98156E-05 9.98156E-05 0.0124253 0.199073 9.98156E-05 0.00853906 9.98156E-05 9.98156E-05 9.98156E-05 9.98156E-05 9.98156E-05 0.0430927 9.98156E-05 9.98156E-05 9.98156E-05 9.98156E-05 9.98156E-05 0.0150852 9.98156E-05 9.98156E-05 9.98156E-05 9.98156E-05 0.0461464 0.673542 9.98156E-05 9.98156E-05
9.97725E-05 9.97725E-05 9.97725E-05 9.97725E-05 9.97725E-05 9.97725E-05 9.97725E-05 9.97725E-05 9.97725E-05 9.97725E-05 0.0253166 9.97725E-05 9.97725E-05 9.97725E-05 9.97725E-05 9.97725E-05 9.97725E-05 9.97725E-05 9.97725E-05 9.97725E-05 9.97725E-05 9.97725E-05 9.97725E-05 9.97725E-05 9.97725E-05 0.972089 9.97725E-05 9.97725E-05
9.97809E-05 9.97809E-05 9.97809E-05 9.97809E-05 9.97809E-05 9.97809E-05 0.0157959 9.97809E-05 9.97809E-05 9.97809E-05 9.97809E-05 9.97809E-05 9.97809E-05 9.97809E-05 9.97809E-05 9.97809E-05 9.97809E-05 9.97809E-05 9.97809E-05 9.97809E-05 9.97809E-05 9.97809E-05 9.97809E-05 9.97809E-05 9.97809E-05 0.968781 9.97809E-05 0.0129283
9.98245E-05 9.98245E-05 9.98245E-05 9.98245E-05 0.134484 0.126106 0.00401076 9.98245E-05 9.98245E-05 9.98245E-05 9.98245E-05 9.98245E-05 9.98245E-05 0.0639128 9.98245E-05 9.98245E-05 9.98245E-05 9.98245E-05 0.0825152 0.243573 9.98245E-05 9.98245E-05 9.98245E-05 9.98245E-05 9.98245E-05 0.315206 0.0281957 9.98245E-05
9.98155E-05 9.98155E-05 9.98155E-05 9.98155E-05 0.0617989 9.98155E-05 9.98155E-05 9.98155E-05 9.98155E-05 9.98155E-05 9.98155E-05 9.98155E-05 9.98155E-05 0.0650038 0.039197 9.98155E-05 9.98155E-05 0.143409 0.0306476 9.98155E-05 9.98155E-05 9.98155E-05 9.98155E-05 0.0433324 9.98155E-05 0.614515 9.98155E-05 9.98155E-05
9.97979E-05 9.97979E-05 0.0320424 9.97979E-05 9.97979E-05 9.97979E-05 9.97979E-05 9.97979E-05 9.97979E-05 9.97979E-05 9.97979E-05 9.97979E-05 9.97979E-05 0.225859 0.0890841 9.97979E-05 9.97979E-05 9.97979E-05 9.97979E-05 0.0132312 9.97979E-05 9.97979E-05 9.97979E-05 9.97979E-05 9.97979E-05 0.637488 9.97979E-05 9.97979E-05
9.98067E-05 9.98067E-05 9.98067E-05 9.98067E-05 0.00402963 9.98067E-05 9.98067E-05 9.98067E-05 0.00788231 9.98067E-05 9.98067E-05 9.98067E-05 9.98067E-05 0.0882502 9.98067E-05 9.98067E-05 9.98067E-05 9.98067E-05 9.98067E-05 0.249097 9.98067E-05 9.98067E-05 9.98067E-05 9.98067E-05 0.116633 0.531911 9.98067E-05 9.98067E-05
9.98155E-05 9.98155E-05 9.98155E-05 9.98155E-05 0.0126786 9.98155E-05 0.112475 9.98155E-05 9.98155E-05 9.98155E-05 9.98155E-05 9.98155E-05 9.98155E-05 0.031553 9.98155E-05 9.98155E-05 9.98155E-05 9.98155E-05 0.0348668 0.0529645 9.98155E-05 9.98155E-05 9.98155E-05 9.98155E-05 9.98155E-05 0.6397 0.113666 9.98155E-05
9.97808E-05 9.97808E-05 9.97808E-05 9.97808E-05 9.97808E-05 0.0370759 9.97808E-05 9.97808E-05 9.97808E-05 9.97808E-05 9.97808E-05 0.0308604 9.97808E-05 9.97808E-05 9.97808E-05 9.97808E-05 9.97808E-05 9.97808E-05 9.97808E-05 9.97808E-05 9.97808E-05 9.97808E-05 9.97808E-05 9.97808E-05 9.97808E-05 0.929569 9.97808E-05 9.97808E-05
9.97806E-05 9.97806E-05 9.97806E-05 0.00759825 9.97806E-05 9.97806E-05 9.97806E-05 9.97806E-05 9.97806E-05 9.97806E-05 9.97806E-05 9.97806E-05 9.97806E-05 9.97806E-05 9.97806E-05 9.97806E-05 0.044905 9.97806E-05 9.97806E-05 9.97806E-05 9.97806E-05 9.97806E-05 9.97806E-05 9.97806E-05 9.97806E-05 0.945002 9.97806E-05 9.97806E-05
9.97979E-05 9.97979E-05 9.97979E-05 9.97979E-05 0.00414006 9.97979E-05 9.97979E-05 9.97979E-05 9.97979E-05 9.97979E-05 9.97979E-05 9.97979E-05 9.97979E-05 0.304679 9.97979E-05 9.97979E-05 0.158733 9.97979E-05 9.97979E-05 9.97979E-05 9.97979E-05 0.0298522 9.97979E-05 9.97979E-05 9.97979E-05 0.500301 9.97979E-05 9.97979E-05
9.98506E-05 9.98506E-05 0.0659733 0.00456084 9.98506E-05 9.98506E-05 9.98506E-05 9.98506E-05 0.0925569 9.98506E-05 0.00136675 9.98506E-05 9.98506E-05 0.0261546 0.190685 9.98506E-05 0.0291561 9.98506E-05 9.98506E-05 0.0198963 0.0409808 0.0227871 9.98506E-05 9.98506E-05 9.98506E-05 0.504185 9.98506E-05 9.98506E-05
9.98244E-05 9.98244E-05 0.127251 9.98244E-05 0.108219 9.98244E-05 9.98244E-05 9.98244E-05 0.187548 9.98244E-05 0.0144405 9.98244E-05 9.98244E-05 9.98244E-05 9.98244E-05 9.98244E-05 0.0467564 9.98244E-05 9.98244E-05 9.98244E-05 9.98244E-05 9.98244E-05 9.98244E-05 9.98244E-05 0.00979456 0.408744 0.0952496 9.98244E-05
9.9807E-05 9.9807E-05 9.9807E-05 9.9807E-05 9.9807E-05 9.9807E-05 9.9807E-05 9.9807E-05 9.9807E-05 9.9807E-05 9.9807E-05 9.9807E-05 9.9807E-05 0.255584 0.160565 9.9807E-05 9.9807E-05 9.9807E-05 0.0187787 0.00245546 9.9807E-05 0.0125285 9.9807E-05 9.9807E-05 9.9807E-05 0.547892 9.9807E-05 9.9807E-05
0.0463504 9.97899E-05 9.97899E-05 9.97899E-05 9.97899E-05 9.97899E-05 9.97899E-05 9.97899E-05 9.97899E-05 0.0339426 9.97899E-05 0.0702718 9.97899E-05 9.97899E-05 9.97899E-05 9.97899E-05 9.97899E-05 9.97899E-05 9.97899E-05 9.97899E-05 9.97899E-05 9.97899E-05 9.97899E-05 9.97899E-05 9.97899E-05 0.84704 9.97899E-05 9.97899E-05
9.97811E-05 9.97811E-05 9.97811E-05 9.97811E-05 0.0556136 9.97811E-05 9.97811E-05 9.97811E-05 9.97811E-05 9.97811E-05 9.97811E-05 9.97811E-05 0.00865659 9.97811E-05 9.97811E-05 9.97811E-05 9.97811E-05 9.97811E-05 9.97811E-05 9.97811E-05 9.97811E-05 9.97811E-05 9.97811E-05 9.97811E-05 9.97811E-05 0.933235 9.97811E-05 9.97811E-05
9.98067E-05 9.98067E-05 9.98067E-05 9.98067E-05 9.98067E-05 9.98067E-05 0.0146449 0.114447 9.98067E-05 9.98067E-05 9.98067E-05 9.98067E-05 9.98067E-05 9.98067E-05 9.98067E-05 9.98067E-05 9.98067E-05 9.98067E-05 0.0299316 9.98067E-05 9.98067E-05 0.0968235 9.98067E-05 9.98067E-05 9.98067E-05 0.66281 0.0791473 9.98067E-05
9.98157E-05 9.98157E-05 0.116191 9.98157E-05 0.0575527 9.98157E-05 9.98157E-05 9.98157E-05 0.0136006 9.98157E-05 9.98157E-05 9.98157E-05 9.98157E-05 9.98157E-05 0.139606 9.98157E-05 0.0284239 9.98157E-05 9.98157E-05 9.98157E-05 9.98157E-05 0.0623217 9.98157E-05 9.98157E-05 9.98157E-05 0.580208 9.98157E-05 9.98157E-05
9.97808E-05 9.97808E-05 9.97808E-05 9.97808E-05 9.97808E-05 9.97808E-05 0.0352073 9.97808E-05 9.97808E-05 9.97808E-05 9.97808E-05 9.97808E-05 9.97808E-05 9.97808E-05 9.97808E-05 9.97808E-05 9.97808E-05 9.97808E-05 9.97808E-05 9.97808E-05 9.97808E-05 0.130218 9.97808E-05 9.97808E-05 9.97808E-05 0.832081 9.97808E-05 9.97808E-05
0.0812132 9.97978E-05 9.97978E-05 9.97978E-05 9.97978E-05 9.97978E-05 9.97978E-05 9.97978E-05 9.97978E-05 9.97978E-05 0.0150499 0.133073 9.97978E-05 0.203763 9.97978E-05 9.97978E-05 9.97978E-05 9.97978E-05 9.97978E-05 9.97978E-05 9.97978E-05 9.97978E-05 9.97978E-05 9.97978E-05 9.97978E-05 0.564605 9.97978E-05 9.97978E-05
9.97814E-05 9.97814E-05 9.97814E-05 9.97814E-05 9.97814E-05 9.97814E-05 9.97814E-05 9.97814E-05 9.97814E-05 9.97814E-05 9.97814E-05 9.97814E-05 9.97814E-05 9.97814E-05 9.97814E-05 9.97814E-05 9.97814E-05 9.97814E-05 0.00606565 9.97814E-05 9.97814E-05 9.97814E-05 9.97814E-05 9.97814E-05 9.97814E-05 0.913695 9.97814E-05 0.0777444
9.98067E-05 9.98067E-05 9.98067E-05 9.98067E-05 9.98067E-05 9.98067E-05 9.98067E-05 9.98067E-05 9.98067E-05 9.98067E-05 9.98067E-05 0.0664017 9.98067E-05 0.088088 0.171166 9.98067E-05 9.98067E-05 9.98067E-05 9.98067E-05 0.0115956 9.98067E-05 9.98067E-05 9.98067E-05 9.98067E-05 9.98067E-05 0.652711 0.00784166 9.98067E-05
9.98071E-05 9.98071E-05 9.98071E-05 9.98071E-05 9.98071E-05 0.230436 9.98071E-05 9.98071E-05 9.98071E-05 9.98071E-05 0.0201787 0.0645847 9.98071E-05 0.0122313 9.98071E-05 9.98071E-05 9.98071E-05 9.98071E-05 9.98071E-05 0.0418707 9.98071E-05 9.98071E-05 9.98071E-05 9.98071E-05 9.98071E-05 0.628503 9.98071E-05 9.98071E-05
0.0608639 9.98071E-05 9.98071E-05 9.98071E-05 9.98071E-05 9.98071E-05 9.98071E-05 0.0803067 9.98071E-05 9.98071E-05 9.98071E-05 9.98071E-05 9.98071E-05 0.0105224 9.98071E-05 9.98071E-05 9.98071E-05 0.200337 9.98071E-05 9.98071E-05 9.98071E-05 0.0511839 9.98071E-05 9.98071E-05 9.98071E-05 0.594591 9.98071E-05 9.98071E-05
9.97805E-05 9.97805E-05 0.0803043 9.97805E-05 9.97805E-05 9.97805E-05 9.97805E-05 9.97805E-05 9.97805E-05 9.97805E-05 9.97805E-05 9.97805E-05 9.97805E-05 9.97805E-05 9.97805E-05 9.97805E-05 0.0380333 9.97805E-05 9.97805E-05 9.97805E-05 9.97805E-05 9.97805E-05 9.97805E-05 9.97805E-05 9.97805E-05 0.879168 9.97805E-05 9.97805E-05
9.97985E-05 9.97985E-05 9.97985E-05 9.97985E-05 9.97985E-05 9.97985E-05 9.97985E-05 9.97985E-05 9.97985E-05 9.97985E-05 9.97985E-05 9.97985E-05 9.97985E-05 0.0170935 9.97985E-05 9.97985E-05 9.97985E-05 9.97985E-05 9.97985E-05 9.97985E-05 9.97985E-05 9.97985E-05 0.000256067 0.0090655 9.97985E-05 0.89619 9.97985E-05 0.0750995
9.97635E-05 9.97635E-05 9.97635E-05 9.97635E-05 9.97635E-05 9.97635E-05 9.97635E-05 9.97635E-05 9.97635E-05 9.97635E-05 9.97635E-05 9.97635E-05 9.97635E-05 9.97635E-05 9.97635E-05 9.97635E-05 9.97635E-05 9.97635E-05 9.97635E-05 9.97635E-05 9.97635E-05 9.97635E-05 9.97635E-05 9.97635E-05 9.97635E-05 0.997306 9.97635E-05 9.97635E-05
9.97723E-05 9.97723E-05 9.97723E-05 9.97723E-05 9.97723E-05 9.97723E-05 9.97723E-05 9.97723E-05 9.97723E-05 9.97723E-05 9.97723E-05 9.97723E-05 9.97723E-05 0.0442116 9.97723E-05 9.97723E-05 9.97723E-05 9.97723E-05 9.97723E-05 9.97723E-05 9.97723E-05 9.97723E-05 9.97723E-05 9.97723E-05 9.97723E-05 0.953194 9.97723E-05 9.97723E-05
9.97809E-05 9.97809E-05 9.97809E-05 9.97809E-05 0.0525628 9.97809E-05 0.0449457 9.97809E-05 9.97809E-05 9.97809E-05 9.97809E-05 9.97809E-05 9.97809E-05 9.97809E-05 9.97809E-05 9.97809E-05 9.97809E-05 9.97809E-05 9.97809E-05 9.97809E-05 9.97809E-05 9.97809E-05 9.97809E-05 9.97809E-05 9.97809E-05 0.899997 9.97809E-05 9.97809E-05
9.98071E-05 9.98071E-05 9.98071E-05 9.98071E-05 0.0384075 9.98071E-05 9.98071E-05 9.98071E-05 9.98071E-05 9.98071E-05 9.98071E-05 0.0531547 9.98071E-05 0.069888 9.98071E-05 9.98071E-05 9.98071E-05 9.98071E-05 9.98071E-05 9.98071E-05 9.98071E-05 9.98071E-05 0.0119639 9.98071E-05 9.98071E-05 0.507186 9.98071E-05 0.317204
9.9781E-05 9.9781E-05 9.9781E-05 9.9781E-05 0.0688785 9.9781E-05 9.9781E-05 9.9781E-05 9.9781E-05 9.9781E-05 9.9781E-05 9.9781E-05 9.9781E-05 0.094285 9.9781E-05 9.9781E-05 9.9781E-05 9.9781E-05 9.9781E-05 9.9781E-05 9.9781E-05 9.9781E-05 9.9781E-05 9.9781E-05 9.9781E-05 9.9781E-05 0.834342 9.9781E-05
9.97896E-05 9.97896E-05 9.97896E-05 9.97896E-05 0.0195299 0.432318 9.97896E-05 9.97896E-05 9.97896E-05 9.97896E-05 9.97896E-05 9.97896E-05 9.97896E-05 9.97896E-05 9.97896E-05 9.97896E-05 9.97896E-05 9.97896E-05 9.97896E-05 9.97896E-05 9.97896E-05 9.97896E-05 9.97896E-05 9.97896E-05 9.97896E-05 9.97896E-05 0.085412 0.460346
9.9798E-05 9.9798E-05 9.9798E-05 9.9798E-05 9.9798E-05 0.45944 0.00648759 9.9798E-05 9.9798E-05 0.0430196 9.9798E-05 9.9798E-05 9.9798E-05 0.0898047 9.9798E-05 9.9798E-05 9.9798E-05 9.9798E-05 9.9798E-05 9.9798E-05 9.9798E-05 9.9798E-05 9.9798E-05 9.9798E-05 9.9798E-05 9.9798E-05 0.398953 9.9798E-05
9.97893E-05 9.97893E-05 9.97893E-05 9.97893E-05 9.97893E-05 0.2412 0.00914714 9.97893E-05 9.97893E-05 9.97893E-05 9.97893E-05 9.97893E-05 9.97893E-05 0.160212 9.97893E-05 9.97893E-05 9.97893E-05 9.97893E-05 9.97893E-05 9.97893E-05 9.97893E-05 9.97893E-05 9.97893E-05 9.97893E-05 9.97893E-05 9.97893E-05 0.587046 9.97893E-05
9.97806E-05 9.97806E-05 9.97806E-05 9.97806E-05 0.0455515 9.97806E-05 9.97806E-05 9.97806E-05 9.97806E-05 0.0125593 9.97806E-05 9.97806E-05 9.97806E-05 9.97806E-05 9.97806E-05 9.97806E-05 9.97806E-05 9.97806E-05 9.97806E-05 9.97806E-05 9.97806E-05 9.97806E-05 9.97806E-05 9.97806E-05 9.97806E-05 9.97806E-05 0.939395 9.97806E-05
9.97983E-05 9.97983E-05 9.97983E-05 0.0343049 0.105556 9.97983E-05 9.97983E-05 9.97983E-05 9.97983E-05 9.97983E-05 9.97983E-05 9.97983E-05 9.97983E-05 0.150856 9.97983E-05 9.97983E-05 9.97983E-05 9.97983E-05 9.97983E-05 0.0599079 9.97983E-05 9.97983E-05 9.97983E-05 9.97983E-05 9.97983E-05 9.97983E-05 0.64708 9.97983E-05
9.97892E-05 9.97892E-05 0.0154985 9.97892E-05 0.0434998 0.929553 0.00905414 9.97892E-05 9.97892E-05 9.97892E-05 9.97892E-05 9.97892E-05 9.97892E-05 9.97892E-05 9.97892E-05 9.97892E-05 9.97892E-05 9.97892E-05 9.97892E-05 9.97892E-05 9.97892E-05 9.97892E-05 9.97892E-05 9.97892E-05 9.97892E-05 9.97892E-05 9.97892E-05 9.97892E-05
9.97805E-05 9.97805E-05 9.97805E-05 9.97805E-05 0.170965 0.419157 9.97805E-05 9.97805E-05 9.97805E-05 9.97805E-05 9.97805E-05 9.97805E-05 9.97805E-05 9.97805E-05 9.97805E-05 9.97805E-05 9.97805E-05 9.97805E-05 9.97805E-05 9.97805E-05 9.97805E-05 9.97805E-05 9.97805E-05 9.97805E-05 9.97805E-05 9.97805E-05 0.407383 9.97805E-05
9.98244E-05 9.98244E-05 0.0122623 0.00601073 0.309125 0.374881 9.98244E-05 9.98244E-05 9.98244E-05 9.98244E-05 9.98244E-05 0.0427889 9.98244E-05 9.98244E-05 9.98244E-05 9.98244E-05 9.98244E-05 9.98244E-05 9.98244E-05 0.150143 0.00652752 9.98244E-05 9.98244E-05 9.98244E-05 9.98244E-05 9.98244E-05 0.0962651 9.98244E-05
9.98067E-05 9.98067E-05 9.98067E-05 0.0414555 0.171181 0.572209 0.0249711 9.98067E-05 9.98067E-05 9.98067E-05 9.98067E-05 9.98067E-05 9.98067E-05 0.132959 9.98067E-05 9.98067E-05 9.98067E-05 0.0550292 9.98067E-05 9.98067E-05 9.98067E-05 9.98067E-05 9.98067E-05 9.98067E-05 9.98067E-05 9.98067E-05 9.98067E-05 9.98067E-05
9.97983E-05 9.97983E-05 9.97983E-05 9.97983E-05 0.0318958 0.15091 9.97983E-05 9.97983E-05 9.97983E-05 9.97983E-05 9.97983E-05 9.97983E-05 0.297843 9.97983E-05 9.97983E-05 9.97983E-05 9.97983E-05 9.97983E-05 9.97983E-05 0.207359 9.97983E-05 9.97983E-05 9.97983E-05 9.97983E-05 9.97983E-05 9.97983E-05 0.309697 9.97983E-05
9.98072E-05 9.98072E-05 9.98072E-05 9.98072E-05 9.98072E-05 9.98072E-05 9.98072E-05 9.98072E-05 9.98072E-05 9.98072E-05 9.98072E-05 9.98072E-05 0.0476856 9.98072E-05 9.98072E-05 0.00459722 9.98072E-05 9.98072E-05 9.98072E-05 0.0992635 9.98072E-05 9.98072E-05 9.98072E-05 0.0454504 9.98072E-05 9.98072E-05 0.746901 0.053906
9.97808E-05 9.97808E-05 9.97808E-05 9.97808E-05 0.0203198 0.768872 9.97808E-05 9.97808E-05 9.97808E-05 9.97808E-05 9.97808E-05 9.97808E-05 9.97808E-05 9.97808E-05 9.97808E-05 9.97808E-05 9.97808E-05 9.97808E-05 9.97808E-05 9.97808E-05 9.97808E-05 9.97808E-05 9.97808E-05 9.97808E-05 9.97808E-05 9.97808E-05 0.208314 9.97808E-05
9.97984E-05 9.97984E-05 9.97984E-05 9.97984E-05 0.121476 0.320706 9.97984E-05 9.97984E-05 9.97984E-05 9.97984E-05 9.97984E-05 9.97984E-05 0.0345483 0.148428 9.97984E-05 9.97984E-05 9.97984E-05 9.97984E-05 9.97984E-05 9.97984E-05 9.97984E-05 9.97984E-05 9.97984E-05 9.97984E-05 9.97984E-05 9.97984E-05 0.372546 9.97984E-05
9.98072E-05 9.98072E-05 0.0514878 9.98072E-05 0.0787555 0.381701 0.0919983 9.98072E-05 9.98072E-05 9.98072E-05 9.98072E-05 9.98072E-05 9.98072E-05 9.98072E-05 9.98072E-05 9.98072E-05 9.98072E-05 9.98072E-05 9.98072E-05 9.98072E-05 9.98072E-05 9.98072E-05 9.98072E-05 9.98072E-05 9.98072E-05 9.98072E-05 0.342969 0.0508924
9.98334E-05 9.98334E-05 9.98334E-05 0.0491048 9.98334E-05 0.0385129 9.98334E-05 0.0657835 9.98334E-05 9.98334E-05 9.98334E-05 0.0830158 9.98334E-05 0.0550311 9.98334E-05 9.98334E-05 0.0214707 9.98334E-05 9.98334E-05 0.0532674 9.98334E-05 9.98334E-05 9.98334E-05 9.98334E-05 9.98334E-05 9.98334E-05 0.59955 0.0323671
9.97983E-05 9.97983E-05 9.97983E-05 9.97983E-05 9.97983E-05 0.244152 9.97983E-05 9.97983E-05 9.97983E-05 9.97983E-05 9.97983E-05 9.97983E-05 9.97983E-05 0.0978157 9.97983E-05 9.97983E-05 9.97983E-05 9.97983E-05 9.97983E-05 0.203498 9.97983E-05 9.97983E-05 9.97983E-05 0.029632 9.97983E-05 9.97983E-05 0.422606 9.97983E-05
9.98161E-05 9.98161E-05 9.98161E-05 0.0220812 0.082706 0.0566223 9.98161E-05 9.98161E-05 9.98161E-05 0.0102356 9.98161E-05 9.98161E-05 9.98161E-05 9.98161E-05 0.122587 9.98161E-05 9.98161E-05 9.98161E-05 9.98161E-05 9.98161E-05 9.98161E-05 9.98161E-05 9.98161E-05 9.98161E-05 9.98161E-05 9.98161E-05 0.64984 0.0538321
9.97896E-05 9.97896E-05 9.97896E-05 9.97896E-05 9.97896E-05 9.97896E-05 9.97896E-05 9.97896E-05 9.97896E-05 9.97896E-05 9.97896E-05 9.97896E-05 0.0984584 9.97896E-05 9.97896E-05 9.97896E-05 0.0695495 0.00985881 9.97896E-05 9.97896E-05 9.97896E-05 9.97896E-05 9.97896E-05 9.97896E-05 9.97896E-05 9.97896E-05 0.819738 9.97896E-05
9.98333E-05 9.98333E-05 9.98333E-05 0.0253929 0.061149 9.98333E-05 9.98333E-05 9.98333E-05 0.0101205 9.98333E-05 9.98333E-05 9.98333E-05 9.98333E-05 0.0761971 9.98333E-05 9.98333E-05 0.00207401 9.98333E-05 9.98333E-05 9.98333E-05 9.98333E-05 9.98333E-05 9.98333E-05 0.034919 0.021004 9.98333E-05 0.381034 0.386213
9.98158E-05 9.98158E-05 9.98158E-05 0.0176594 0.0439479 9.98158E-05 9.98158E-05 9.98158E-05 9.98158E-05 0.0021984 9.98158E-05 9.98158E-05 0.101428 0.0845517 9.98158E-05 9.98158E-05 9.98158E-05 9.98158E-05 9.98158E-05 0.0827379 9.98158E-05 9.98158E-05 9.98158E-05 9.98158E-05 9.98158E-05 9.98158E-05 0.66538 9.98158E-05
9.97895E-05 9.97895E-05 0.0122575 9.97895E-05 0.00594763 9.97895E-05 9.97895E-05 9.97895E-05 9.97895E-05 9.97895E-05 9.97895E-05 9.97895E-05 0.0325374 9.97895E-05 9.97895E-05 9.97895E-05 9.97895E-05 9.97895E-05 9.97895E-05 9.97895E-05 9.97895E-05 9.97895E-05 9.97895E-05 9.97895E-05 9.97895E-05 9.97895E-05 0.946863 9.97895E-05
9.97896E-05 9.97896E-05 9.97896E-05 9.97896E-05 0.210231 9.97896E-05 9.97896E-05 9.97896E-05 9.97896E-05 9.97896E-05 9.97896E-05 9.97896E-05 9.97896E-05 0.19822 9.97896E-05 9.97896E-05 9.97896E-05 9.97896E-05 9.97896E-05 9.97896E-05 9.97896E-05 9.97896E-05 9.97896E-05 0.115023 9.97896E-05 9.97896E-05 0.474131 9.97896E-05
9.98071E-05 9.98071E-05 9.98071E-05 9.98071E-05 0.0920861 0.225257 9.98071E-05 9.98071E-05 9.98071E-05 0.027792 9.98071E-05 9.98071E-05 0.13251 9.98071E-05 9.98071E-05 9.98071E-05 9.98071E-05 9.98071E-05 9.98071E-05 9.98071E-05 0.00395742 9.98071E-05 9.98071E-05 9.98071E-05 9.98071E-05 9.98071E-05 0.516201 9.98071E-05
0.0295607 9.98158E-05 9.98158E-05 9.98158E-05 0.241743 9.98158E-05 9.98158E-05 9.98158E-05 9.98158E-05 9.98158E-05 9.98158E-05 9.98158E-05 9.98158E-05 0.218185 9.98158E-05 9.98158E-05 9.98158E-05 9.98158E-05 9.98158E-05 0.0170215 9.98158E-05 0.0246108 9.98158E-05 0.0345564 9.98158E-05 9.98158E-05 0.432226 9.98158E-05
0.0350774 9.98158E-05 0.0283237 9.98158E-05 0.0971732 0.707642 0.0342898 9.98158E-05 9.98158E-05 9.98158E-05 9.98158E-05 9.98158E-05 9.98158E-05 0.0255231 9.98158E-05 9.98158E-05 9.98158E-05 9.98158E-05 9.98158E-05 0.0698749 9.98158E-05 9.98158E-05 9.98158E-05 9.98158E-05 9.98158E-05 9.98158E-05 9.98158E-05 9.98158E-05
9.97896E-05 0.0690257 9.97896E-05 9.97896E-05 9.97896E-05 9.97896E-05 9.97896E-05 9.97896E-05 9.97896E-05 0.049434 9.97896E-05 9.97896E-05 9.97896E-05 9.97896E-05 9.97896E-05 9.97896E-05 9.97896E-05 9.97896E-05 9.97896E-05 9.97896E-05 9.97896E-05 9.97896E-05 9.97896E-05 9.97896E-05 9.97896E-05 9.97896E-05 0.1262 0.752945
9.97979E-05 9.97979E-05 9.97979E-05 9.97979E-05 0.0391887 0.124391 9.97979E-05 9.97979E-05 9.97979E-05 9.97979E-05 9.97979E-05 9.97979E-05 9.97979E-05 0.0690066 9.97979E-05 9.97979E-05 9.97979E-05 9.97979E-05 9.97979E-05 9.97979E-05 9.97979E-05 0.00770516 9.97979E-05 9.97979E-05 9.97979E-05 9.97979E-05 0.757413 9.97979E-05
9.97897E-05 9.97897E-05 9.97897E-05 9.97897E-05 0.158354 9.97897E-05 9.97897E-05 9.97897E-05 9.97897E-05 9.97897E-05 9.97897E-05 9.97897E-05 9.97897E-05 0.170109 9.97897E-05 9.97897E-05 9.97897E-05 9.97897E-05 9.97897E-05 0.0205142 9.97897E-05 9.97897E-05 9.97897E-05 9.97897E-05 9.97897E-05 9.97897E-05 0.648627 9.97897E-05
9.9816E-05 9.9816E-05 9.9816E-05 9.9816E-05 9.9816E-05 9.9816E-05 9.9816E-05 9.9816E-05 9.9816E-05 0.0763496 9.9816E-05 9.9816E-05 0.0910071 0.0679947 9.9816E-05 9.9816E-05 0.0138103 9.9816E-05 9.9816E-05 9.9816E-05 9.9816E-05 9.9816E-05 9.9816E-05 0.05142 9.9816E-05 9.9816E-05 0.685666 0.0116556
9.98158E-05 9.98158E-05 9.98158E-05 9.98158E-05 0.000781481 0.673515 9.98158E-05 9.98158E-05 0.0524824 9.98158E-05 9.98158E-05 9.98158E-05 9.98158E-05 0.133191 9.98158E-05 9.98158E-05 0.00277603 9.98158E-05 9.98158E-05 0.0187025 9.98158E-05 9.98158E-05 9.98158E-05 9.98158E-05 9.98158E-05 9.98158E-05 0.116456 9.98158E-05
0.0302011 9.97805E-05 9.97805E-05 9.97805E-05 9.97805E-05 0.692479 9.97805E-05 9.97805E-05 9.97805E-05 9.97805E-05 9.97805E-05 9.97805E-05 9.97805E-05 9.97805E-05 9.97805E-05 9.97805E-05 9.97805E-05 9.97805E-05 9.97805E-05 9.97805E-05 9.97805E-05 9.97805E-05 9.97805E-05 9.97805E-05 9.97805E-05 9.97805E-05 0.274825 9.97805E-05
9.9798E-05 9.9798E-05 9.9798E-05 9.9798E-05 0.307393 9.9798E-05 9.9798E-05 9.9798E-05 9.9798E-05 0.145324 9.9798E-05 9.9798E-05 9.9798E-05 0.0927658 9.9798E-05 9.9798E-05 9.9798E-05 9.9798E-05 9.9798E-05 9.9798E-05 9.9798E-05 9.9798E-05 9.9798E-05 0.151784 9.9798E-05 9.9798E-05 0.300438 9.9798E-05
9.9798E-05 9.9798E-05 9.9798E-05 9.9798E-05 9.9798E-05 0.431826 9.9798E-05 9.9798E-05 9.9798E-05 9.9798E-05 9.9798E-05 9.9798E-05 9.9798E-05 9.9798E-05 0.0837095 9.9798E-05 0.0205271 9.9798E-05 9.9798E-05 9.9798E-05 9.9798E-05 0.115026 9.9798E-05 9.9798E-05 9.9798E-05 9.9798E-05 0.346616 9.9798E-05
9.97807E-05 9.97807E-05 9.97807E-05 9.97807E-05 9.97807E-05 0.724099 9.97807E-05 9.97807E-05 9.97807E-05 9.97807E-05 9.97807E-05 9.97807E-05 9.97807E-05 0.0149908 9.97807E-05 9.97807E-05 9.97807E-05 9.97807E-05 9.97807E-05 9.97807E-05 9.97807E-05 9.97807E-05 9.97807E-05 9.97807E-05 9.97807E-05 9.97807E-05 0.258415 9.97807E-05
