0.176152 9.99561E-05 0.121428 9.99561E-05 0.132324 9.99561E-05 0.152537 0.417059 9.99561E-05 9.99561E-05
0.0218493 9.99473E-05 0.0563916 9.99473E-05 9.99473E-05 9.99473E-05 0.231165 0.689995 9.99473E-05 9.99473E-05
0.00409295 9.99473E-05 0.0593555 9.99473E-05 9.99473E-05 9.99473E-05 9.99473E-05 0.908329 0.0276232 9.99473E-05
0.0883404 0.29204 0.0867828 9.99737E-05 0.139784 0.0451986 9.99737E-05 0.245455 9.99737E-05 0.102099
9.99473E-05 0.176936 9.99473E-05 0.0302177 9.99473E-05 0.0107303 9.99473E-05 0.781516 9.99473E-05 9.99473E-05
9.99561E-05 0.313915 0.00295867 9.99561E-05 9.99561E-05 9.99561E-05 0.102155 0.267677 9.99561E-05 0.312795
0.190445 0.18415 0.0474144 9.99737E-05 0.0360981 9.99737E-05 0.179002 0.309719 0.0528724 9.99737E-05
0.0265658 0.368605 9.99737E-05 0.0380925 9.99737E-05 9.99737E-05 0.0430731 0.243333 0.0905473 0.189483
9.99561E-05 0.0464917 0.235658 9.99561E-05 0.234724 9.99561E-05 9.99561E-05 0.213698 9.99561E-05 0.268929
9.99473E-05 9.99473E-05 0.113992 0.00653273 0.00178138 9.99473E-05 9.99473E-05 0.877095 9.99473E-05 9.99473E-05
0.104317 9.99561E-05 0.242067 9.99561E-05 0.0327958 0.0779794 9.99561E-05 0.542341 9.99561E-05 9.99561E-05
0.0867989 0.0590384 0.00856269 9.99473E-05 9.99473E-05 9.99473E-05 9.99473E-05 0.845 9.99473E-05 9.99473E-05
9.99561E-05 0.0931654 0.0835256 0.0015511 9.99561E-05 0.0186053 9.99561E-05 0.802653 9.99561E-05 9.99561E-05
0.0622677 9.99649E-05 0.195112 9.99649E-05 0.00981092 9.99649E-05 9.99649E-05 0.661634 0.0454395 0.0253365
9.99649E-05 0.0339194 0.286873 9.99649E-05 0.0426319 9.99649E-05 0.0391677 0.356857 9.99649E-05 0.24015
0.052606 0.0794073 0.126768 0.039154 0.013286 9.99824E-05 9.99824E-05 0.203607 0.248569 0.236403
0.125917 0.0527184 0.0530435 9.99649E-05 9.99649E-05 9.99649E-05 0.129085 0.581091 0.0577455 9.99649E-05
0.0591527 0.0592182 0.267537 0.181616 0.0116506 0.0844622 9.99824E-05 0.295782 9.99824E-05 0.04038
9.99736E-05 0.139752 0.142003 0.160031 0.0172479 0.0158475 9.99736E-05 0.330551 9.99736E-05 0.194268
9.99297E-05 9.99297E-05 9.99297E-05 9.99297E-05 9.99297E-05 0.0586301 9.99297E-05 0.94057 9.99297E-05 9.99297E-05
0.12026 0.220981 0.0913496 9.99649E-05 9.99649E-05 9.99649E-05 9.99649E-05 0.460271 0.000727265 0.106011
0.0212436 0.514858 9.99561E-05 9.99561E-05 9.99561E-05 9.99561E-05 0.0426146 0.253456 9.99561E-05 0.167328
0.0695943 9.99473E-05 0.158349 9.99473E-05 9.99473E-05 9.99473E-05 0.0959622 0.675495 9.99473E-05 9.99473E-05
0.0474662 0.0266044 0.307216 9.99649E-05 0.135445 9.99649E-05 9.99649E-05 0.406475 0.0763933 9.99649E-05
0.00348821 0.019621 0.294665 9.99736E-05 0.0813715 0.145697 9.99736E-05 0.231104 9.99736E-05 0.223754
9.99473E-05 0.102235 0.179262 9.99473E-05 9.99473E-05 9.99473E-05 9.99473E-05 0.629254 9.99473E-05 0.0886485
0.00359792 0.0862005 0.29053 0.108894 9.99824E-05 9.99824E-05 0.0904154 0.0868642 0.173544 0.159755
9.99473E-05 0.0154897 0.173272 9.99473E-05 9.99473E-05 0.0438478 9.99473E-05 0.766791 9.99473E-05 9.99473E-05
9.99386E-05 9.99386E-05 0.297564 9.99386E-05 9.99386E-05 0.0767678 9.99386E-05 0.624968 9.99386E-05 9.99386E-05
9.99473E-05 9.99473E-05 0.1267 9.99473E-05 9.99473E-05 9.99473E-05 0.0941082 0.719568 9.99473E-05 0.0590238
0.138944 9.99561E-05 0.119362 9.99561E-05 9.99561E-05 0.0619764 0.0641213 0.615096 9.99561E-05 9.99561E-05
0.10261 0.0787767 0.182095 9.99649E-05 9.99649E-05 0.0201838 9.99649E-05 0.520279 9.99649E-05 0.0956559
0.106454 9.99473E-05 0.257264 9.99473E-05 9.99473E-05 9.99473E-05 9.99473E-05 0.587471 0.0482121 9.99473E-05
0.00741892 0.0737297 0.24097 0.0980841 9.99737E-05 9.99737E-05 9.99737E-05 0.548905 0.00443387 0.0261577
0.0558358 9.99561E-05 0.0442177 9.99561E-05 9.99561E-05 0.0626786 0.0578455 0.778923 9.99561E-05 9.99561E-05
0.0294669 0.0744269 0.0166746 9.99649E-05 0.0816104 9.99649E-05 0.10472 0.692701 9.99649E-05 9.99649E-05
0.0391908 0.0325894 9.99561E-05 9.99561E-05 9.99561E-05 9.99561E-05 0.0508396 0.758336 0.118545 9.99561E-05
9.99561E-05 9.99561E-05 0.0518065 9.99561E-05 9.99561E-05 0.072897 0.0830862 0.650803 9.99561E-05 0.140908
0.0275618 0.073379 0.174894 9.99649E-05 9.99649E-05 9.99649E-05 0.145808 0.469425 9.99649E-05 0.108532
0.0134041 9.99473E-05 0.196675 9.99473E-05 9.99473E-05 9.99473E-05 9.99473E-05 0.570389 0.218933 9.99473E-05
0.0607452 0.117816 0.0562104 9.99473E-05 9.99473E-05 9.99473E-05 9.99473E-05 0.764629 9.99473E-05 9.99473E-05
9.99474E-05 9.99474E-05 0.208971 9.99474E-05 0.155989 9.99474E-05 0.0668847 0.567555 9.99474E-05 9.99474E-05
9.99385E-05 0.0665899 9.99385E-05 9.99385E-05 9.99385E-05 9.99385E-05 0.0739138 0.858797 9.99385E-05 9.99385E-05
0.0817368 0.0274534 0.251401 9.99736E-05 0.0910832 9.99736E-05 0.133933 0.371551 9.99736E-05 0.0425413
0.0243653 0.312191 0.312226 9.99649E-05 0.0303989 9.99649E-05 9.99649E-05 0.286779 0.0336401 9.99649E-05
9.99473E-05 0.140752 0.0630719 9.99473E-05 9.99473E-05 0.00901536 9.99473E-05 0.786561 9.99473E-05 9.99473E-05
0.0286257 9.99561E-05 0.0715673 0.0522318 9.99561E-05 9.99561E-05 9.99561E-05 0.785019 9.99561E-05 0.062056
9.99386E-05 9.99386E-05 0.0348346 9.99386E-05 9.99386E-05 9.99386E-05 9.99386E-05 0.915432 0.049034 9.99386E-05
0.0600282 0.0940054 0.210934 9.99473E-05 9.99473E-05 9.99473E-05 9.99473E-05 0.634433 9.99473E-05 9.99473E-05
0.00156804 0.0461127 9.99737E-05 0.0471688 9.99737E-05 0.0215393 9.99737E-05 0.739437 0.127055 0.0168193
0.118947 9.99561E-05 0.335393 9.99561E-05 0.152051 9.99561E-05 9.99561E-05 0.296258 9.99561E-05 0.0968514
0.00028847 0.232654 9.99649E-05 9.99649E-05 0.079421 9.99649E-05 9.99649E-05 0.588061 0.0819021 0.0172735
9.99649E-05 9.99649E-05 0.124735 0.060203 0.00218603 9.99649E-05 0.00479473 0.771652 9.99649E-05 0.0360289
0.032041 9.99561E-05 0.0926642 0.0139335 9.99561E-05 9.99561E-05 9.99561E-05 0.598891 0.26197 9.99561E-05
9.99561E-05 0.148509 0.0935986 9.99561E-05 0.0345668 0.01943 9.99561E-05 0.703396 9.99561E-05 9.99561E-05
0.0168368 0.0321055 0.0214096 0.0271723 9.99824E-05 0.0556688 9.99824E-05 0.74736 0.0704482 0.0287983
0.00160212 0.0304261 0.00011786 0.0643629 9.99648E-05 9.99648E-05 9.99648E-05 0.765984 0.137107 9.99648E-05
0.108828 9.99561E-05 0.0878903 0.0157195 9.99561E-05 0.045958 9.99561E-05 0.741105 9.99561E-05 9.99561E-05
0.00560169 0.106399 0.0583905 9.99561E-05 9.99561E-05 9.99561E-05 9.99561E-05 0.815997 0.0131121 9.99561E-05
0.0728919 9.99649E-05 0.318216 0.109904 9.99649E-05 9.99649E-05 0.414134 0.049531 9.99649E-05 0.0349232
0.102085 0.0841755 0.141849 0.000946382 0.0519492 9.99825E-05 0.371646 0.230759 0.0163909 9.99825E-05
0.0511709 9.99649E-05 0.0394382 0.203805 9.99649E-05 9.99649E-05 0.415711 0.233736 0.0557393 9.99649E-05
0.0121121 9.99649E-05 0.136399 0.081787 9.99649E-05 9.99649E-05 0.547042 9.99649E-05 0.0050174 0.217242
0.0239971 0.235705 0.174405 0.0927457 0.00758573 0.0361508 0.312612 0.0544182 0.0622809 9.99912E-05
0.0574674 9.99561E-05 0.464079 0.0184181 0.10179 9.99561E-05 0.357745 9.99561E-05 9.99561E-05 9.99561E-05
0.109901 0.0645441 0.280504 0.053153 9.99736E-05 0.00358744 0.459729 0.0282811 9.99736E-05 9.99736E-05
0.0373276 9.99736E-05 0.255937 0.171715 9.99736E-05 0.0432453 0.348222 9.99736E-05 0.00529447 0.137959
0.00233823 9.99649E-05 0.121727 0.0809356 0.102344 9.99649E-05 0.538305 0.15395 9.99649E-05 9.99649E-05
0.0666783 0.168641 0.131032 0.014008 9.99737E-05 9.99737E-05 0.262637 0.258079 9.99737E-05 0.0986248
0.23356 9.99561E-05 0.442908 0.0717072 9.99561E-05 9.99561E-05 0.230633 9.99561E-05 9.99561E-05 0.0206913
0.109153 0.165898 0.207717 0.0175087 9.99649E-05 9.99649E-05 0.326249 9.99649E-05 0.173073 9.99649E-05
0.117301 0.294977 0.0251547 0.0693403 9.99824E-05 0.0153659 0.311105 9.99824E-05 0.0147726 0.151784
9.99473E-05 0.224672 0.407663 9.99473E-05 9.99473E-05 9.99473E-05 0.358944 9.99473E-05 0.00812194 9.99473E-05
0.0287516 9.99737E-05 0.065824 0.0347854 0.100009 9.99737E-05 0.433871 0.224711 0.111748 9.99737E-05
0.0915569 0.0409887 0.197716 0.0327219 9.99737E-05 9.99737E-05 0.414611 0.199535 9.99737E-05 0.0225707
9.99649E-05 0.219391 0.211096 0.16382 0.0166646 9.99649E-05 0.346799 9.99649E-05 0.0418292 9.99649E-05
0.211857 0.102768 0.161768 0.0563643 0.0304405 9.99737E-05 0.385802 0.0507005 9.99737E-05 9.99737E-05
0.141538 0.00638562 0.237048 0.142674 9.99649E-05 9.99649E-05 0.291261 0.180693 9.99649E-05 9.99649E-05
0.11118 0.038885 0.438196 0.0226626 0.000544264 9.99736E-05 0.288808 9.99736E-05 0.099424 9.99736E-05
9.9965E-05 0.0377863 0.159526 0.0286209 9.9965E-05 9.9965E-05 0.397088 0.294142 0.0824374 9.9965E-05
0.0227438 0.0993418 0.231163 9.99649E-05 9.99649E-05 9.99649E-05 0.466129 0.00695792 0.173265 9.99649E-05
0.00713023 9.99825E-05 0.222868 0.0310018 9.99825E-05 0.0135374 0.356647 0.105753 0.054914 0.207948
0.0170393 0.203767 0.137624 0.141497 0.0654656 9.99825E-05 0.0932691 0.142944 9.99825E-05 0.198193
0.273673 0.115409 0.271092 9.99561E-05 9.99561E-05 9.99561E-05 9.99561E-05 0.24704 9.99561E-05 0.0922863
0.0248046 9.99649E-05 0.136188 9.99649E-05 9.99649E-05 0.0872619 0.435879 0.307914 9.99649E-05 0.00755242
0.0125604 9.99649E-05 0.0947845 0.0993615 0.139205 9.99649E-05 0.372542 0.281146 9.99649E-05 9.99649E-05
9.9965E-05 9.9965E-05 0.196971 0.0108087 0.104754 9.9965E-05 0.48069 0.184648 0.0217288 9.9965E-05
9.99649E-05 0.00905883 0.211134 0.313553 9.99649E-05 9.99649E-05 0.181764 0.212652 9.99649E-05 0.0714389
9.99562E-05 9.99562E-05 0.248348 9.99562E-05 9.99562E-05 9.99562E-05 0.275925 0.211012 0.0537766 0.210438
9.99386E-05 0.077464 0.259344 9.99386E-05 9.99386E-05 9.99386E-05 9.99386E-05 9.99386E-05 9.99386E-05 0.662493
9.99387E-05 9.99387E-05 0.068365 9.99387E-05 9.99387E-05 9.99387E-05 9.99387E-05 0.171805 9.99387E-05 0.75913
0.078676 9.99561E-05 0.300157 0.0446234 9.99561E-05 9.99561E-05 9.99561E-05 9.99561E-05 0.0642781 0.511766
0.0167333 9.99473E-05 0.326671 0.10699 9.99473E-05 9.99473E-05 9.99473E-05 9.99473E-05 9.99473E-05 0.549006
0.00548547 9.99648E-05 0.0876143 0.065231 9.99648E-05 0.081334 9.99648E-05 9.99648E-05 0.0239225 0.736013
9.99298E-05 9.99298E-05 0.232088 9.99298E-05 9.99298E-05 9.99298E-05 9.99298E-05 9.99298E-05 9.99298E-05 0.767112
0.0614748 9.99473E-05 0.297235 0.0646761 9.99473E-05 9.99473E-05 9.99473E-05 9.99473E-05 9.99473E-05 0.576014
9.99473E-05 9.99473E-05 0.154086 0.0108035 0.0173891 9.99473E-05 9.99473E-05 9.99473E-05 9.99473E-05 0.817122
0.0072868 9.99472E-05 0.111465 9.99472E-05 9.99472E-05 9.99472E-05 0.31127 9.99472E-05 9.99472E-05 0.569378
9.99385E-05 9.99385E-05 0.374997 0.0479132 9.99385E-05 9.99385E-05 9.99385E-05 9.99385E-05 9.99385E-05 0.57639
9.99562E-05 9.99562E-05 0.141158 9.99562E-05 9.99562E-05 0.012306 0.326258 0.0141148 9.99562E-05 0.505664
0.0567317 9.99649E-05 0.204635 9.99649E-05 9.99649E-05 0.0537235 0.155336 0.060228 9.99649E-05 0.468946
0.0355318 9.99562E-05 0.0794464 0.0596235 9.99562E-05 9.99562E-05 9.99562E-05 9.99562E-05 0.00727134 0.817627
9.99474E-05 9.99474E-05 0.392054 9.99474E-05 0.033134 9.99474E-05 0.0292041 9.99474E-05 9.99474E-05 0.545008
0.015471 9.99737E-05 0.0632323 0.170534 9.99737E-05 0.0280005 0.0101951 9.99737E-05 0.04787 0.664397
0.0707476 9.99649E-05 0.280592 9.99649E-05 9.99649E-05 0.0316653 0.0881446 9.99649E-05 0.0444055 0.484045
0.0264891 9.99649E-05 0.151274 0.0126703 9.99649E-05 0.0738381 0.21744 9.99649E-05 9.99649E-05 0.517889
0.0685848 0.133602 0.0882068 9.99737E-05 9.99737E-05 0.0178736 9.99737E-05 0.0336457 0.0495623 0.608225
0.125955 0.0161418 0.125928 9.99649E-05 9.99649E-05 0.0118689 0.151099 9.99649E-05 9.99649E-05 0.568608
0.0374572 9.99561E-05 0.232923 9.99561E-05 9.99561E-05 0.155136 9.99561E-05 9.99561E-05 0.0251184 0.548866
9.99561E-05 0.196529 0.273699 9.99561E-05 9.99561E-05 9.99561E-05 0.0173733 9.99561E-05 0.0133439 0.498555
0.125707 9.99561E-05 0.196351 0.0289713 9.99561E-05 0.0141055 9.99561E-05 9.99561E-05 9.99561E-05 0.634366
9.99473E-05 9.99473E-05 0.317471 9.99473E-05 9.99473E-05 0.0877818 0.00120068 9.99473E-05 9.99473E-05 0.592947
0.00513275 9.99386E-05 0.149104 9.99386E-05 9.99386E-05 9.99386E-05 9.99386E-05 9.99386E-05 9.99386E-05 0.845063
9.99473E-05 9.99473E-05 0.295553 9.99473E-05 9.99473E-05 0.134992 0.0123325 9.99473E-05 9.99473E-05 0.556523
9.99562E-05 9.99562E-05 0.243473 0.0218218 9.99562E-05 9.99562E-05 0.254343 9.99562E-05 0.0102742 0.469588
9.9965E-05 9.9965E-05 0.176724 9.9965E-05 0.0616663 0.0932794 0.079523 0.177001 9.9965E-05 0.411407
9.99472E-05 0.0813144 0.280066 9.99472E-05 9.99472E-05 0.0281778 9.99472E-05 9.99472E-05 9.99472E-05 0.609842
9.99298E-05 9.99298E-05 0.298277 9.99298E-05 9.99298E-05 9.99298E-05 9.99298E-05 9.99298E-05 9.99298E-05 0.700923
0.0690757 9.99474E-05 0.214694 9.99474E-05 9.99474E-05 0.127544 9.99474E-05 9.99474E-05 9.99474E-05 0.588087
0.0834307 9.99473E-05 0.393285 9.99473E-05 9.99473E-05 9.99473E-05 9.99473E-05 9.99473E-05 0.0463649 0.476319
0.0326199 9.99561E-05 0.227241 9.99561E-05 9.99561E-05 0.0885249 9.99561E-05 9.99561E-05 0.0433628 0.607752
0.0108827 9.99561E-05 0.151141 9.99561E-05 9.99561E-05 0.229587 9.99561E-05 9.99561E-05 0.0410308 0.566859
0.00150062 9.99473E-05 0.336532 9.99473E-05 9.99473E-05 0.0660583 9.99473E-05 9.99473E-05 9.99473E-05 0.595309
9.99474E-05 9.99474E-05 0.339127 9.99474E-05 9.99474E-05 0.0789783 9.99474E-05 9.99474E-05 0.0311481 0.550147
0.0557185 9.99649E-05 0.0175715 9.99649E-05 9.99649E-05 0.0349819 0.143793 9.99649E-05 0.070017 0.677518
0.0321969 9.99472E-05 0.379858 0.0587028 9.99472E-05 9.99472E-05 9.99472E-05 9.99472E-05 9.99472E-05 0.528643
9.99474E-05 9.99474E-05 9.99474E-05 9.99474E-05 9.99474E-05 0.0499603 0.0322019 0.0419694 9.99474E-05 0.875269
9.99387E-05 9.99387E-05 0.223633 9.99387E-05 9.99387E-05 0.0715759 9.99387E-05 9.99387E-05 9.99387E-05 0.704092
9.99562E-05 9.99562E-05 0.110785 0.026978 9.99562E-05 0.016029 9.99562E-05 0.0524917 9.99562E-05 0.793216
9.99475E-05 9.99475E-05 9.99475E-05 9.99475E-05 9.99475E-05 0.086217 0.200824 0.0102561 9.99475E-05 0.702103
9.99473E-05 0.112113 0.507691 9.99473E-05 9.99473E-05 9.99473E-05 0.0489928 9.99473E-05 9.99473E-05 0.330604
9.99561E-05 0.0787457 0.107798 9.99561E-05 9.99561E-05 0.00728911 9.99561E-05 9.99561E-05 0.0396315 0.766036
9.99562E-05 9.99562E-05 0.0910656 9.99562E-05 9.99562E-05 0.0635392 0.0888014 0.100395 9.99562E-05 0.655699
9.99474E-05 9.99474E-05 0.186112 9.99474E-05 9.99474E-05 9.99474E-05 0.136663 0.172302 9.99474E-05 0.504322
0.0142237 9.99648E-05 0.0230212 0.0363724 9.99648E-05 0.174582 0.172309 9.99648E-05 9.99648E-05 0.579092
0.0634785 9.99561E-05 0.328795 0.0567457 9.99561E-05 9.99561E-05 0.0162522 9.99561E-05 9.99561E-05 0.534229
9.99562E-05 9.99562E-05 0.119925 9.99562E-05 0.118673 9.99562E-05 0.171286 9.99562E-05 0.0693799 0.520237
0.045574 9.99473E-05 0.290242 9.99473E-05 9.99473E-05 0.0555968 9.99473E-05 9.99473E-05 9.99473E-05 0.607988
9.99562E-05 9.99562E-05 0.102889 9.99562E-05 9.99562E-05 0.0208969 0.12822 0.0903087 9.99562E-05 0.657185
0.043989 0.0932721 0.298402 9.99649E-05 9.99649E-05 0.0517655 9.99649E-05 9.99649E-05 0.126032 0.38614
9.99475E-05 9.99475E-05 0.0321652 9.99475E-05 9.99475E-05 9.99475E-05 0.161728 0.021719 9.99475E-05 0.783788
0.0158716 9.99387E-05 0.27256 9.99387E-05 9.99387E-05 9.99387E-05 9.99387E-05 9.99387E-05 9.99387E-05 0.710869
9.99561E-05 9.99561E-05 0.0840556 0.0231171 9.99561E-05 0.0261981 9.99561E-05 9.99561E-05 0.173952 0.692177
0.0808106 9.99649E-05 0.226618 0.0298183 9.99649E-05 0.0481061 9.99649E-05 9.99649E-05 0.0427179 0.57153
9.99385E-05 9.99385E-05 0.267679 9.99385E-05 9.99385E-05 9.99385E-05 0.178798 9.99385E-05 9.99385E-05 0.552824
9.99473E-05 9.99473E-05 0.226748 9.99473E-05 0.0343671 0.0428369 9.99473E-05 9.99473E-05 9.99473E-05 0.695448
0.0162233 9.99561E-05 0.177499 9.99561E-05 9.99561E-05 0.0698708 9.99561E-05 9.99561E-05 0.0578551 0.678052
0.0376953 9.99561E-05 0.23072 9.99561E-05 9.99561E-05 0.189265 9.99561E-05 9.99561E-05 0.0281993 0.513621
9.99386E-05 9.99386E-05 0.116387 9.99386E-05 9.99386E-05 9.99386E-05 0.0636702 9.99386E-05 9.99386E-05 0.819243
9.99208E-05 9.99208E-05 0.999101 9.99208E-05 9.99208E-05 9.99208E-05 9.99208E-05 9.99208E-05 9.99208E-05 9.99208E-05
9.99207E-05 9.99207E-05 9.99207E-05 9.99207E-05 9.99207E-05 9.99207E-05 9.99207E-05 9.99207E-05 9.99207E-05 0.999101
9.99207E-05 9.99207E-05 0.999101 9.99207E-05 9.99207E-05 9.99207E-05 9.99207E-05 9.99207E-05 9.99207E-05 9.99207E-05
9.99208E-05 9.99208E-05 9.99208E-05 9.99208E-05 9.99208E-05 9.99208E-05 9.99208E-05 9.99208E-05 9.99208E-05 0.999101
9.99207E-05 9.99207E-05 9.99207E-05 9.99207E-05 9.99207E-05 9.99207E-05 9.99207E-05 9.99207E-05 9.99207E-05 0.999101
9.99208E-05 9.99208E-05 9.99208E-05 9.99208E-05 9.99208E-05 9.99208E-05 9.99208E-05 9.99208E-05 9.99208E-05 0.999101
9.99207E-05 9.99207E-05 0.999101 9.99207E-05 9.99207E-05 9.99207E-05 9.99207E-05 9.99207E-05 9.99207E-05 9.99207E-05
9.99208E-05 9.99208E-05 9.99208E-05 9.99208E-05 9.99208E-05 9.99208E-05 9.99208E-05 9.99208E-05 9.99208E-05 0.999101
9.99207E-05 9.99207E-05 9.99207E-05 9.99207E-05 9.99207E-05 9.99207E-05 9.99207E-05 9.99207E-05 9.99207E-05 0.999101
9.99208E-05 9.99208E-05 0.999101 9.99208E-05 9.99208E-05 9.99208E-05 9.99208E-05 9.99208E-05 9.99208E-05 9.99208E-05
9.99208E-05 9.99208E-05 0.999101 9.99208E-05 9.99208E-05 9.99208E-05 9.99208E-05 9.99208E-05 9.99208E-05 9.99208E-05
9.99207E-05 9.99207E-05 0.999101 9.99207E-05 9.99207E-05 9.99207E-05 9.99207E-05 9.99207E-05 9.99207E-05 9.99207E-05
9.99207E-05 9.99207E-05 9.99207E-05 9.99207E-05 9.99207E-05 9.99207E-05 9.99207E-05 9.99207E-05 9.99207E-05 0.999101
9.99207E-05 9.99207E-05 9.99207E-05 9.99207E-05 9.99207E-05 9.99207E-05 9.99207E-05 9.99207E-05 9.99207E-05 0.999101
9.99207E-05 9.99207E-05 0.999101 9.99207E-05 9.99207E-05 9.99207E-05 9.99207E-05 9.99207E-05 9.99207E-05 9.99207E-05
9.99208E-05 9.99208E-05 0.999101 9.99208E-05 9.99208E-05 9.99208E-05 9.99208E-05 9.99208E-05 9.99208E-05 9.99208E-05
9.99824E-05 0.0411558 0.242364 0.00774719 0.0623531 0.0898903 0.0124284 9.99824E-05 0.112665 0.431197
9.99207E-05 9.99207E-05 0.999101 9.99207E-05 9.99207E-05 9.99207E-05 9.99207E-05 9.99207E-05 9.99207E-05 9.99207E-05
9.99207E-05 9.99207E-05 9.99207E-05 9.99207E-05 9.99207E-05 9.99207E-05 9.99207E-05 9.99207E-05 9.99207E-05 0.999101
9.99207E-05 9.99207E-05 0.999101 9.99207E-05 9.99207E-05 9.99207E-05 9.99207E-05 9.99207E-05 9.99207E-05 9.99207E-05
9.99207E-05 9.99207E-05 0.999101 9.99207E-05 9.99207E-05 9.99207E-05 9.99207E-05 9.99207E-05 9.99207E-05 9.99207E-05
9.99207E-05 9.99207E-05 0.999101 9.99207E-05 9.99207E-05 9.99207E-05 9.99207E-05 9.99207E-05 9.99207E-05 9.99207E-05
9.99207E-05 9.99207E-05 9.99207E-05 9.99207E-05 9.99207E-05 9.99207E-05 9.99207E-05 9.99207E-05 9.99207E-05 0.999101
9.99207E-05 9.99207E-05 0.999101 9.99207E-05 9.99207E-05 9.99207E-05 9.99207E-05 9.99207E-05 9.99207E-05 9.99207E-05
9.99207E-05 9.99207E-05 9.99207E-05 9.99207E-05 9.99207E-05 9.99207E-05 9.99207E-05 9.99207E-05 9.99207E-05 0.999101
9.99207E-05 9.99207E-05 0.999101 9.99207E-05 9.99207E-05 9.99207E-05 9.99207E-05 9.99207E-05 9.99207E-05 9.99207E-05
9.99207E-05 9.99207E-05 0.999101 9.99207E-05 9.99207E-05 9.99207E-05 9.99207E-05 9.99207E-05 9.99207E-05 9.99207E-05
9.99208E-05 9.99208E-05 9.99208E-05 9.99208E-05 9.99208E-05 9.99208E-05 9.99208E-05 9.99208E-05 9.99208E-05 0.999101
9.99207E-05 9.99207E-05 9.99207E-05 9.99207E-05 9.99207E-05 9.99207E-05 9.99207E-05 9.99207E-05 9.99207E-05 0.999101
9.99207E-05 9.99207E-05 9.99207E-05 9.99207E-05 9.99207E-05 9.99207E-05 9.99207E-05 9.99207E-05 9.99207E-05 0.999101
9.99207E-05 9.99207E-05 0.999101 9.99207E-05 9.99207E-05 9.99207E-05 9.99207E-05 9.99207E-05 9.99207E-05 9.99207E-05
9.99208E-05 9.99208E-05 0.999101 9.99208E-05 9.99208E-05 9.99208E-05 9.99208E-05 9.99208E-05 9.99208E-05 9.99208E-05
9.99207E-05 9.99207E-05 0.999101 9.99207E-05 9.99207E-05 9.99207E-05 9.99207E-05 9.99207E-05 9.99207E-05 9.99207E-05
9.99207E-05 9.99207E-05 0.999101 9.99207E-05 9.99207E-05 9.99207E-05 9.99207E-05 9.99207E-05 9.99207E-05 9.99207E-05
9.99208E-05 9.99208E-05 0.999101 9.99208E-05 9.99208E-05 9.99208E-05 9.99208E-05 9.99208E-05 9.99208E-05 9.99208E-05
9.99207E-05 9.99207E-05 9.99207E-05 9.99207E-05 9.99207E-05 9.99207E-05 9.99207E-05 9.99207E-05 9.99207E-05 0.999101
9.99208E-05 9.99208E-05 9.99208E-05 9.99208E-05 9.99208E-05 9.99208E-05 9.99208E-05 9.99208E-05 9.99208E-05 0.999101
9.99208E-05 9.99208E-05 9.99208E-05 9.99208E-05 9.99208E-05 9.99208E-05 9.99208E-05 9.99208E-05 9.99208E-05 0.999101
9.99208E-05 9.99208E-05 0.999101 9.99208E-05 9.99208E-05 9.99208E-05 9.99208E-05 9.99208E-05 9.99208E-05 9.99208E-05
9.99207E-05 9.99207E-05 9.99207E-05 9.99207E-05 9.99207E-05 9.99207E-05 9.99207E-05 9.99207E-05 9.99207E-05 0.999101
9.99207E-05 9.99207E-05 9.99207E-05 9.99207E-05 9.99207E-05 9.99207E-05 9.99207E-05 9.99207E-05 9.99207E-05 0.999101
9.99208E-05 9.99208E-05 9.99208E-05 9.99208E-05 9.99208E-05 9.99208E-05 9.99208E-05 9.99208E-05 9.99208E-05 0.999101
9.99207E-05 9.99207E-05 9.99207E-05 9.99207E-05 9.99207E-05 9.99207E-05 9.99207E-05 9.99207E-05 9.99207E-05 0.999101
9.99207E-05 9.99207E-05 0.999101 9.99207E-05 9.99207E-05 9.99207E-05 9.99207E-05 9.99207E-05 9.99207E-05 9.99207E-05
9.99208E-05 9.99208E-05 9.99208E-05 9.99208E-05 9.99208E-05 9.99208E-05 9.99208E-05 9.99208E-05 9.99208E-05 0.999101
9.99207E-05 9.99207E-05 9.99207E-05 9.99207E-05 9.99207E-05 9.99207E-05 9.99207E-05 9.99207E-05 9.99207E-05 0.999101
9.99736E-05 0.0538847 0.213828 0.0226883 0.0736552 0.106068 9.99736E-05 9.99736E-05 0.130163 0.399412
9.99207E-05 9.99207E-05 0.999101 9.99207E-05 9.99207E-05 9.99207E-05 9.99207E-05 9.99207E-05 9.99207E-05 9.99207E-05
9.99208E-05 9.99208E-05 9.99208E-05 9.99208E-05 9.99208E-05 9.99208E-05 9.99208E-05 9.99208E-05 9.99208E-05 0.999101
9.99207E-05 9.99207E-05 9.99207E-05 9.99207E-05 9.99207E-05 9.99207E-05 9.99207E-05 9.99207E-05 9.99207E-05 0.999101
9.99207E-05 9.99207E-05 9.99207E-05 9.99207E-05 9.99207E-05 9.99207E-05 9.99207E-05 9.99207E-05 9.99207E-05 0.999101
9.99208E-05 9.99208E-05 9.99208E-05 9.99208E-05 9.99208E-05 9.99208E-05 9.99208E-05 9.99208E-05 9.99208E-05 0.999101
9.99208E-05 9.99208E-05 0.999101 9.99208E-05 9.99208E-05 9.99208E-05 9.99208E-05 9.99208E-05 9.99208E-05 9.99208E-05
9.99207E-05 9.99207E-05 9.99207E-05 9.99207E-05 9.99207E-05 9.99207E-05 9.99207E-05 9.99207E-05 9.99207E-05 0.999101
9.99207E-05 9.99207E-05 0.999101 9.99207E-05 9.99207E-05 9.99207E-05 9.99207E-05 9.99207E-05 9.99207E-05 9.99207E-05
9.99207E-05 9.99207E-05 9.99207E-05 9.99207E-05 9.99207E-05 9.99207E-05 9.99207E-05 9.99207E-05 9.99207E-05 0.999101
9.99207E-05 9.99207E-05 0.999101 9.99207E-05 9.99207E-05 9.99207E-05 9.99207E-05 9.99207E-05 9.99207E-05 9.99207E-05
9.99207E-05 9.99207E-05 9.99207E-05 9.99207E-05 9.99207E-05 9.99207E-05 9.99207E-05 9.99207E-05 9.99207E-05 0.999101
9.99207E-05 9.99207E-05 9.99207E-05 9.99207E-05 9.99207E-05 9.99207E-05 9.99207E-05 9.99207E-05 9.99207E-05 0.999101
9.99207E-05 9.99207E-05 9.99207E-05 9.99207E-05 9.99207E-05 9.99207E-05 9.99207E-05 9.99207E-05 9.99207E-05 0.999101
9.99208E-05 9.99208E-05 9.99208E-05 9.99208E-05 9.99208E-05 9.99208E-05 9.99208E-05 9.99208E-05 9.99208E-05 0.999101
9.99207E-05 9.99207E-05 9.99207E-05 9.99207E-05 9.99207E-05 9.99207E-05 9.99207E-05 9.99207E-05 9.99207E-05 0.999101
9.99208E-05 9.99208E-05 9.99208E-05 9.99208E-05 9.99208E-05 9.99208E-05 9.99208E-05 9.99208E-05 9.99208E-05 0.999101
9.99207E-05 9.99207E-05 0.999101 9.99207E-05 9.99207E-05 9.99207E-05 9.99207E-05 9.99207E-05 9.99207E-05 9.99207E-05
9.99207E-05 9.99207E-05 0.999101 9.99207E-05 9.99207E-05 9.99207E-05 9.99207E-05 9.99207E-05 9.99207E-05 9.99207E-05
9.99207E-05 9.99207E-05 0.999101 9.99207E-05 9.99207E-05 9.99207E-05 9.99207E-05 9.99207E-05 9.99207E-05 9.99207E-05
9.99208E-05 9.99208E-05 9.99208E-05 9.99208E-05 9.99208E-05 9.99208E-05 9.99208E-05 9.99208E-05 9.99208E-05 0.999101
9.99207E-05 9.99207E-05 0.999101 9.99207E-05 9.99207E-05 9.99207E-05 9.99207E-05 9.99207E-05 9.99207E-05 9.99207E-05
9.99208E-05 9.99208E-05 0.999101 9.99208E-05 9.99208E-05 9.99208E-05 9.99208E-05 9.99208E-05 9.99208E-05 9.99208E-05
9.99207E-05 9.99207E-05 0.999101 9.99207E-05 9.99207E-05 9.99207E-05 9.99207E-05 9.99207E-05 9.99207E-05 9.99207E-05
9.99207E-05 9.99207E-05 9.99207E-05 9.99207E-05 9.99207E-05 9.99207E-05 9.99207E-05 9.99207E-05 9.99207E-05 0.999101
9.99207E-05 9.99207E-05 9.99207E-05 9.99207E-05 9.99207E-05 9.99207E-05 9.99207E-05 9.99207E-05 9.99207E-05 0.999101
9.99207E-05 9.99207E-05 9.99207E-05 9.99207E-05 9.99207E-05 9.99207E-05 9.99207E-05 9.99207E-05 9.99207E-05 0.999101
9.99207E-05 9.99207E-05 0.999101 9.99207E-05 9.99207E-05 9.99207E-05 9.99207E-05 9.99207E-05 9.99207E-05 9.99207E-05
9.99207E-05 9.99207E-05 9.99207E-05 9.99207E-05 9.99207E-05 9.99207E-05 9.99207E-05 9.99207E-05 9.99207E-05 0.999101
9.99207E-05 9.99207E-05 9.99207E-05 9.99207E-05 9.99207E-05 9.99207E-05 9.99207E-05 9.99207E-05 9.99207E-05 0.999101
9.99208E-05 9.99208E-05 0.999101 9.99208E-05 9.99208E-05 9.99208E-05 9.99208E-05 9.99208E-05 9.99208E-05 9.99208E-05
9.99207E-05 9.99207E-05 9.99207E-05 9.99207E-05 9.99207E-05 9.99207E-05 9.99207E-05 9.99207E-05 9.99207E-05 0.999101
9.99207E-05 9.99207E-05 9.99207E-05 9.99207E-05 9.99207E-05 9.99207E-05 9.99207E-05 9.99207E-05 9.99207E-05 0.999101
0.159165 9.9956E-05 0.381029 0.0951062 9.9956E-05 9.9956E-05 9.9956E-05 9.9956E-05 0.0312617 0.332938
9.99207E-05 9.99207E-05 0.999101 9.99207E-05 9.99207E-05 9.99207E-05 9.99207E-05 9.99207E-05 9.99207E-05 9.99207E-05
9.99207E-05 9.99207E-05 9.99207E-05 9.99207E-05 9.99207E-05 9.99207E-05 9.99207E-05 9.99207E-05 9.99207E-05 0.999101
0.10099 9.99561E-05 0.0853461 9.99561E-05 0.0692088 9.99561E-05 9.99561E-05 9.99561E-05 0.00821762 0.735737
9.99473E-05 0.206131 0.182048 9.99473E-05 9.99473E-05 0.00509251 9.99473E-05 9.99473E-05 9.99473E-05 0.606129
9.99385E-05 9.99385E-05 0.458927 9.99385E-05 0.0339052 9.99385E-05 9.99385E-05 9.99385E-05 9.99385E-05 0.506468
9.99473E-05 9.99473E-05 0.402568 0.0912814 9.99473E-05 9.99473E-05 9.99473E-05 9.99473E-05 0.100279 0.405272
9.99472E-05 9.99472E-05 0.336122 9.99472E-05 9.99472E-05 0.00754263 0.0270118 9.99472E-05 9.99472E-05 0.628724
9.99475E-05 9.99475E-05 0.0515597 9.99475E-05 9.99475E-05 9.99475E-05 0.0508723 0.0993593 9.99475E-05 0.797609
0.0347449 0.0407287 0.298512 9.99649E-05 0.00438348 0.0298031 9.99649E-05 9.99649E-05 9.99649E-05 0.591428
0.115558 9.99561E-05 0.154049 0.00912607 9.99561E-05 0.0759162 9.99561E-05 9.99561E-05 9.99561E-05 0.644851
9.99562E-05 9.99562E-05 0.126165 9.99562E-05 9.99562E-05 0.0130723 9.99562E-05 0.021305 0.0093436 0.829614
9.99649E-05 0.0949774 0.364179 9.99649E-05 0.0021816 0.0210444 9.99649E-05 9.99649E-05 0.0471199 0.470097
0.0855637 9.99474E-05 0.337561 9.99474E-05 9.99474E-05 9.99474E-05 0.0026733 9.99474E-05 9.99474E-05 0.573602
9.99385E-05 0.106618 0.0332308 9.99385E-05 9.99385E-05 9.99385E-05 9.99385E-05 9.99385E-05 9.99385E-05 0.859452
9.99473E-05 9.99473E-05 0.365153 0.029039 9.99473E-05 9.99473E-05 9.99473E-05 9.99473E-05 0.0697556 0.535452
9.99473E-05 9.99473E-05 0.175258 0.136737 9.99473E-05 0.0407362 9.99473E-05 9.99473E-05 9.99473E-05 0.646669
0.0814578 9.99384E-05 0.279859 9.99384E-05 9.99384E-05 9.99384E-05 9.99384E-05 9.99384E-05 9.99384E-05 0.637984
0.0444406 0.0472144 0.203836 9.99561E-05 9.99561E-05 9.99561E-05 0.126727 9.99561E-05 9.99561E-05 0.577282
9.99561E-05 9.99561E-05 0.142757 9.99561E-05 0.0257646 0.0172277 0.0681603 9.99561E-05 9.99561E-05 0.74559
0.0742014 9.99736E-05 0.457982 0.0177285 9.99736E-05 0.00117496 0.0346831 9.99736E-05 0.100661 0.313269
0.0745262 0.0241702 0.0485877 9.99648E-05 9.99648E-05 0.0730638 0.274137 9.99648E-05 9.99648E-05 0.505115
9.99473E-05 0.0404096 0.324313 9.99473E-05 0.0674179 9.99473E-05 9.99473E-05 9.99473E-05 9.99473E-05 0.56726
9.99561E-05 0.101713 0.191893 9.99561E-05 9.99561E-05 0.0563566 0.0196207 9.99561E-05 9.99561E-05 0.629917
0.0576953 9.99561E-05 0.0609667 9.99561E-05 9.99561E-05 9.99561E-05 0.0327502 9.99561E-05 0.100982 0.747106
0.0143801 9.99649E-05 0.270058 0.0188951 9.99649E-05 0.0432718 9.99649E-05 9.99649E-05 0.110817 0.542178
9.99473E-05 9.99473E-05 0.24875 0.0316219 9.99473E-05 0.118425 9.99473E-05 9.99473E-05 9.99473E-05 0.600604
9.99385E-05 9.99385E-05 0.191918 0.167324 9.99385E-05 9.99385E-05 9.99385E-05 9.99385E-05 9.99385E-05 0.640059
9.993E-05 9.993E-05 9.993E-05 9.993E-05 9.993E-05 9.993E-05 0.247445 9.993E-05 9.993E-05 0.751756
9.99472E-05 0.0856025 0.24598 9.99472E-05 0.096478 9.99472E-05 9.99472E-05 9.99472E-05 9.99472E-05 0.57134
9.99473E-05 9.99473E-05 0.285244 0.00305711 0.176121 9.99473E-05 9.99473E-05 9.99473E-05 9.99473E-05 0.534978
9.99561E-05 9.99561E-05 0.27678 0.0795101 9.99561E-05 0.0820855 9.99561E-05 9.99561E-05 0.0757081 0.485416
9.99473E-05 9.99473E-05 0.0837 0.173423 9.99473E-05 0.0783532 9.99473E-05 9.99473E-05 9.99473E-05 0.663924
0.00197712 0.0997341 0.252629 9.99473E-05 9.99473E-05 9.99473E-05 9.99473E-05 9.99473E-05 9.99473E-05 0.645061
0.0447065 9.99473E-05 0.1469 9.99473E-05 9.99473E-05 9.99473E-05 0.0498142 9.99473E-05 9.99473E-05 0.75798
9.9956E-05 0.0825729 0.231071 0.00630873 9.9956E-05 9.9956E-05 0.178231 9.9956E-05 9.9956E-05 0.501316
0.0257383 0.0549318 0.278139 0.056767 9.99561E-05 9.99561E-05 9.99561E-05 9.99561E-05 9.99561E-05 0.583924
0.128007 0.0878861 0.193265 0.123076 9.99648E-05 9.99648E-05 9.99648E-05 9.99648E-05 0.0194078 0.447957
9.99561E-05 0.0158315 0.38176 9.99561E-05 9.99561E-05 0.00846543 9.99561E-05 9.99561E-05 0.0156719 0.577771
9.99386E-05 9.99386E-05 0.128842 9.99386E-05 9.99386E-05 9.99386E-05 9.99386E-05 0.126456 9.99386E-05 0.744002
0.0476913 9.99648E-05 0.264761 0.0419503 9.99648E-05 9.99648E-05 0.130693 9.99648E-05 0.129229 0.385276
0.0661881 9.99561E-05 0.202025 9.99561E-05 9.99561E-05 0.121878 9.99561E-05 9.99561E-05 0.172945 0.436464
9.99473E-05 0.26563 0.0850711 9.99473E-05 9.99473E-05 9.99473E-05 0.060397 9.99473E-05 9.99473E-05 0.588302
9.99473E-05 9.99473E-05 0.404066 0.0291036 9.99473E-05 0.0236725 9.99473E-05 9.99473E-05 9.99473E-05 0.542558
9.99649E-05 0.0864398 0.183625 9.99649E-05 0.0606116 0.0424261 0.0666326 9.99649E-05 9.99649E-05 0.559865
9.99473E-05 0.16601 0.199244 9.99473E-05 0.0576031 9.99473E-05 9.99473E-05 9.99473E-05 9.99473E-05 0.576543
9.99561E-05 0.0612652 0.0573948 0.0180115 9.99561E-05 9.99561E-05 0.0277228 9.99561E-05 9.99561E-05 0.835106
9.99472E-05 9.99472E-05 0.350809 0.00721959 9.99472E-05 9.99472E-05 0.0332263 9.99472E-05 9.99472E-05 0.608146
0.00855048 9.9956E-05 0.260912 0.0307781 9.9956E-05 0.017081 9.9956E-05 9.9956E-05 9.9956E-05 0.682179
9.99474E-05 9.99474E-05 0.0832351 9.99474E-05 9.99474E-05 0.00171503 9.99474E-05 0.0417433 9.99474E-05 0.872707
9.99472E-05 0.0292188 0.133475 9.99472E-05 9.99472E-05 0.0427088 9.99472E-05 9.99472E-05 9.99472E-05 0.793998
9.99474E-05 0.146337 0.123408 9.99474E-05 9.99474E-05 9.99474E-05 0.0405361 9.99474E-05 9.99474E-05 0.68912
9.99561E-05 0.0214279 0.239413 9.99561E-05 9.99561E-05 9.99561E-05 0.140198 9.99561E-05 0.158016 0.440446
0.001584 9.99737E-05 0.0213105 0.0517395 9.99737E-05 0.0187847 0.328483 0.0289768 9.99737E-05 0.548821
0.110244 9.99474E-05 0.453345 9.99474E-05 9.99474E-05 9.99474E-05 0.0817528 9.99474E-05 9.99474E-05 0.354059
0.0380146 0.212696 0.320386 9.99648E-05 9.99648E-05 9.99648E-05 0.257689 9.99648E-05 0.00479953 0.166015
9.99385E-05 9.99385E-05 0.139481 9.99385E-05 9.99385E-05 9.99385E-05 0.250136 9.99385E-05 9.99385E-05 0.609683
9.99561E-05 0.290788 0.0391497 9.99561E-05 9.99561E-05 0.0344168 9.99561E-05 9.99561E-05 0.0477265 0.587419
9.99386E-05 9.99386E-05 0.1334 9.99386E-05 0.0135416 9.99386E-05 9.99386E-05 9.99386E-05 9.99386E-05 0.852359
0.0958877 9.99738E-05 0.224351 0.0318289 9.99738E-05 0.0145698 0.148481 0.0071519 9.99738E-05 0.47743
0.0373951 9.99474E-05 0.0413406 9.99474E-05 9.99474E-05 9.99474E-05 0.0811124 9.99474E-05 9.99474E-05 0.839552
9.99386E-05 9.99386E-05 0.24451 9.99386E-05 9.99386E-05 0.103015 9.99386E-05 9.99386E-05 9.99386E-05 0.651776
9.99386E-05 9.99386E-05 0.233714 9.99386E-05 9.99386E-05 9.99386E-05 0.169551 9.99386E-05 9.99386E-05 0.596036
0.00779857 9.99387E-05 0.10384 9.99387E-05 9.99387E-05 9.99387E-05 9.99387E-05 9.99387E-05 9.99387E-05 0.887662
9.99474E-05 9.99474E-05 0.0467039 9.99474E-05 9.99474E-05 0.00358983 9.99474E-05 0.146395 9.99474E-05 0.802711
9.99474E-05 9.99474E-05 0.260331 9.99474E-05 9.99474E-05 0.0303062 9.99474E-05 0.172802 9.99474E-05 0.535962
0.0815926 9.99473E-05 0.313286 9.99473E-05 9.99473E-05 9.99473E-05 9.99473E-05 9.99473E-05 0.0226047 0.581917
9.99385E-05 9.99385E-05 0.159456 9.99385E-05 9.99385E-05 0.12478 9.99385E-05 9.99385E-05 9.99385E-05 0.715064
9.99561E-05 9.99561E-05 0.0764757 0.00499041 9.99561E-05 0.0400539 9.99561E-05 9.99561E-05 0.0226549 0.855325
9.99387E-05 9.99387E-05 0.180773 9.99387E-05 9.99387E-05 9.99387E-05 9.99387E-05 0.0443109 9.99387E-05 0.774216
0.00708941 0.0604369 0.259599 9.99649E-05 9.99649E-05 0.0374983 0.0442904 9.99649E-05 9.99649E-05 0.590686
0.0807854 9.99473E-05 0.435419 9.99473E-05 9.99473E-05 0.0666637 9.99473E-05 9.99473E-05 9.99473E-05 0.416533
9.99474E-05 9.99474E-05 0.108852 9.99474E-05 9.99474E-05 0.0674728 0.350556 9.99474E-05 9.99474E-05 0.47252
9.99561E-05 9.99561E-05 0.259812 9.99561E-05 0.0247372 0.0671872 0.295286 9.99561E-05 9.99561E-05 0.352478
9.99562E-05 9.99562E-05 0.168931 9.99562E-05 9.99562E-05 0.0768956 0.185417 0.240818 9.99562E-05 0.327439
9.99297E-05 9.99297E-05 0.292266 9.99297E-05 9.99297E-05 9.99297E-05 9.99297E-05 9.99297E-05 9.99297E-05 0.706935
9.99649E-05 9.99649E-05 0.119503 0.096509 9.99649E-05 0.0715184 0.27986 9.99649E-05 0.174399 0.257811
0.00893127 9.99475E-05 0.233811 9.99475E-05 9.99475E-05 9.99475E-05 0.236663 9.99475E-05 9.99475E-05 0.519995
9.99385E-05 9.99385E-05 0.111302 9.99385E-05 9.99385E-05 9.99385E-05 0.332799 9.99385E-05 9.99385E-05 0.555199
9.99474E-05 9.99474E-05 0.0711528 9.99474E-05 9.99474E-05 9.99474E-05 0.277831 0.163728 9.99474E-05 0.486688
0.0219901 0.090118 0.353018 0.0199202 9.99737E-05 0.00766694 0.0350429 9.99737E-05 9.99737E-05 0.471944
9.99387E-05 9.99387E-05 9.99387E-05 0.00397808 9.99387E-05 9.99387E-05 0.430079 9.99387E-05 9.99387E-05 0.565243
0.0690455 9.99473E-05 0.0142829 9.99473E-05 9.99473E-05 9.99473E-05 0.0318269 9.99473E-05 9.99473E-05 0.884245
0.0616064 0.0631656 0.0552724 9.99649E-05 0.0620596 0.00997828 9.99649E-05 9.99649E-05 9.99649E-05 0.747518
0.00822365 0.11701 0.105045 0.123752 9.99649E-05 0.0442568 9.99649E-05 9.99649E-05 9.99649E-05 0.601312
9.99562E-05 9.99562E-05 0.0648919 0.00875216 9.99562E-05 9.99562E-05 0.344863 0.09332 9.99562E-05 0.487673
0.0605953 9.99562E-05 0.105134 9.99562E-05 9.99562E-05 0.0099187 0.0150812 9.99562E-05 9.99562E-05 0.808771
0.0517955 9.99649E-05 0.0151977 9.99649E-05 0.00281647 0.185374 0.19976 9.99649E-05 9.99649E-05 0.544656
0.0195875 9.99562E-05 0.113572 9.99562E-05 9.99562E-05 0.0253961 0.186464 9.99562E-05 9.99562E-05 0.654481
0.0156766 9.99561E-05 0.379973 0.132496 0.0211019 9.99561E-05 9.99561E-05 9.99561E-05 9.99561E-05 0.450253
9.9956E-05 0.0226147 0.187144 0.00828348 9.9956E-05 9.9956E-05 9.9956E-05 9.9956E-05 0.00462301 0.776835
0.0095132 9.99561E-05 0.447647 9.99561E-05 9.99561E-05 0.0194382 9.99561E-05 9.99561E-05 0.0992684 0.423634
0.00329526 0.00471788 0.28335 9.99648E-05 9.99648E-05 0.15393 9.99648E-05 9.99648E-05 0.0222994 0.532008
0.0602091 9.99562E-05 0.174193 9.99562E-05 9.99562E-05 0.211253 0.216093 9.99562E-05 9.99562E-05 0.337752
9.99473E-05 9.99473E-05 0.375906 0.0883199 9.99473E-05 9.99473E-05 0.251161 9.99473E-05 9.99473E-05 0.284014
9.99561E-05 0.00919491 0.184868 9.99561E-05 0.00496218 9.99561E-05 9.99561E-05 0.058462 9.99561E-05 0.742013
0.0909487 9.99648E-05 0.119437 9.99648E-05 9.99648E-05 0.152832 0.243306 9.99648E-05 0.113396 0.27968
9.99299E-05 9.99299E-05 9.99299E-05 9.99299E-05 9.99299E-05 9.99299E-05 0.156872 9.99299E-05 9.99299E-05 0.842329
9.99562E-05 9.99562E-05 0.00433861 0.0485522 9.99562E-05 9.99562E-05 0.398504 0.081723 9.99562E-05 0.466383
9.99385E-05 0.235646 9.99385E-05 9.99385E-05 9.99385E-05 0.000152673 9.99385E-05 9.99385E-05 9.99385E-05 0.763502
0.0951089 0.0952367 0.378136 9.9956E-05 9.9956E-05 9.9956E-05 0.0104446 9.9956E-05 9.9956E-05 0.420574
0.0164419 9.99562E-05 0.563882 0.0366637 9.99562E-05 9.99562E-05 9.99562E-05 9.99562E-05 0.0587884 0.323725
9.99561E-05 0.0918242 0.489153 9.99561E-05 9.99561E-05 0.00699927 0.0537295 9.99561E-05 9.99561E-05 0.357794
0.0646338 0.138533 9.99648E-05 0.0950576 9.99648E-05 0.0797309 9.99648E-05 9.99648E-05 0.032715 0.58893
9.99385E-05 9.99385E-05 0.495967 9.99385E-05 0.0200722 9.99385E-05 9.99385E-05 9.99385E-05 9.99385E-05 0.483261
9.99649E-05 9.99649E-05 0.158107 0.127989 9.99649E-05 0.143847 0.218903 9.99649E-05 0.0260323 0.324722
9.99387E-05 9.99387E-05 9.99387E-05 9.99387E-05 9.99387E-05 9.99387E-05 0.170392 0.158146 9.99387E-05 0.670763
9.9965E-05 9.9965E-05 0.0542041 0.00637556 9.9965E-05 0.0240118 0.191367 0.110984 9.9965E-05 0.612658
0.0189258 9.99474E-05 0.305424 9.99474E-05 9.99474E-05 9.99474E-05 0.135 9.99474E-05 9.99474E-05 0.54005
9.99561E-05 9.99561E-05 0.371048 0.160309 9.99561E-05 9.99561E-05 0.30752 9.99561E-05 0.0460987 0.114524
9.993E-05 9.993E-05 9.993E-05 9.993E-05 9.993E-05 9.993E-05 0.31993 9.993E-05 9.993E-05 0.679271
9.99475E-05 9.99475E-05 0.156024 9.99475E-05 9.99475E-05 9.99475E-05 0.146005 0.149707 9.99475E-05 0.547664
0.00133334 9.99562E-05 0.0894053 0.0833096 9.99562E-05 0.0665347 9.99562E-05 9.99562E-05 9.99562E-05 0.758917
9.99474E-05 9.99474E-05 0.210207 0.0460461 9.99474E-05 0.0467755 9.99474E-05 9.99474E-05 9.99474E-05 0.696372
0.0785012 0.00833999 0.349493 9.99737E-05 9.99737E-05 0.00196026 0.0504216 0.0192723 9.99737E-05 0.491711
9.99473E-05 0.0289902 0.361214 9.99473E-05 9.99473E-05 9.99473E-05 0.0362801 9.99473E-05 9.99473E-05 0.572916
9.99473E-05 0.101069 0.378211 9.99473E-05 0.0971997 9.99473E-05 9.99473E-05 9.99473E-05 9.99473E-05 0.422921
0.154832 9.99561E-05 0.489886 9.99561E-05 9.99561E-05 0.116111 0.10407 9.99561E-05 9.99561E-05 0.134601
9.99297E-05 9.99297E-05 9.99297E-05 9.99297E-05 9.99297E-05 9.99297E-05 0.160146 9.99297E-05 9.99297E-05 0.839054
9.99561E-05 0.174963 0.176412 9.99561E-05 9.99561E-05 0.0364938 0.00329289 9.99561E-05 9.99561E-05 0.608338
0.0631271 9.99561E-05 0.380533 0.178422 9.99561E-05 9.99561E-05 0.0270079 9.99561E-05 9.99561E-05 0.350411
0.102314 9.99474E-05 0.135154 9.99474E-05 9.99474E-05 0.0847091 9.99474E-05 9.99474E-05 9.99474E-05 0.677223
0.063065 9.99736E-05 0.346804 9.99736E-05 0.0479258 0.0292196 0.195885 9.99736E-05 0.111651 0.205149
0.0179378 0.0440355 0.36755 0.146536 9.99561E-05 9.99561E-05 9.99561E-05 9.99561E-05 9.99561E-05 0.423441
0.119628 9.99472E-05 0.209849 0.023916 9.99472E-05 9.99472E-05 9.99472E-05 9.99472E-05 9.99472E-05 0.646007
9.99648E-05 0.0135128 0.25881 9.99648E-05 0.00527547 0.0497698 0.289278 9.99648E-05 9.99648E-05 0.382954
0.0413074 0.214024 0.16335 9.99473E-05 9.99473E-05 9.99473E-05 9.99473E-05 9.99473E-05 9.99473E-05 0.580719
9.99299E-05 9.99299E-05 9.99299E-05 9.99299E-05 9.99299E-05 9.99299E-05 0.485571 9.99299E-05 9.99299E-05 0.51363
0.113793 9.99473E-05 0.322417 0.0519744 9.99473E-05 9.99473E-05 9.99473E-05 9.99473E-05 9.99473E-05 0.511216
0.0162394 9.99562E-05 0.196445 9.99562E-05 9.99562E-05 0.133212 0.16752 9.99562E-05 9.99562E-05 0.486084
9.99388E-05 9.99388E-05 9.99388E-05 9.99388E-05 9.99388E-05 9.99388E-05 0.352372 0.0830939 9.99388E-05 0.563834
0.141136 9.9956E-05 0.159701 9.9956E-05 9.9956E-05 9.9956E-05 0.0018692 9.9956E-05 0.0922417 0.604552
0.0581951 0.026479 0.222293 9.99736E-05 9.99736E-05 0.0278657 0.150261 9.99736E-05 0.0503041 0.464302
0.0384731 0.240016 0.247757 9.99561E-05 9.99561E-05 9.99561E-05 0.39969 9.99561E-05 9.99561E-05 0.0735641
0.0336104 0.183216 0.205251 9.99473E-05 9.99473E-05 9.99473E-05 0.577323 9.99473E-05 9.99473E-05 9.99473E-05
0.0408788 0.211509 0.108212 9.99648E-05 9.99648E-05 9.99648E-05 0.477996 9.99648E-05 0.0962136 0.0647904
0.0736754 0.0083353 0.194696 9.9965E-05 0.0596757 9.9965E-05 0.648912 9.9965E-05 0.0143049 9.9965E-05
0.0424427 9.99737E-05 0.146309 0.053748 0.147307 9.99737E-05 0.441813 9.99737E-05 0.0704547 0.0976245
