9.98508E-05 9.98508E-05 0.0665323 9.98508E-05 9.98508E-05 0.320924 9.98508E-05 9.98508E-05 9.98508E-05 9.98508E-05 9.98508E-05 9.98508E-05 9.98508E-05 9.98508E-05 0.0736247 0.0141078 0.0142629 9.98508E-05 0.3308 9.98508E-05 9.98508E-05 9.98508E-05 9.98508E-05 0.178051
9.98421E-05 0.113879 9.98421E-05 9.98421E-05 9.98421E-05 0.720821 9.98421E-05 9.98421E-05 9.98421E-05 9.98421E-05 0.00327981 9.98421E-05 9.98421E-05 9.98421E-05 9.98421E-05 9.98421E-05 0.0607115 9.98421E-05 0.0625914 0.0369194 9.98421E-05 9.98421E-05 9.98421E-05 9.98421E-05
9.98157E-05 9.98157E-05 9.98157E-05 9.98157E-05 9.98157E-05 9.98157E-05 9.98157E-05 9.98157E-05 9.98157E-05 0.992835 9.98157E-05 9.98157E-05 9.98157E-05 9.98157E-05 0.00210206 9.98157E-05 9.98157E-05 9.98157E-05 9.98157E-05 9.98157E-05 9.98157E-05 9.98157E-05 9.98157E-05 0.00296698
9.98596E-05 9.98596E-05 9.98596E-05 9.98596E-05 9.98596E-05 9.98596E-05 0.0525758 9.98596E-05 0.0909547 0.239569 9.98596E-05 9.98596E-05 9.98596E-05 9.98596E-05 0.0653113 9.98596E-05 0.0411919 9.98596E-05 0.0145937 0.265946 9.98596E-05 9.98596E-05 9.98596E-05 0.22826
9.98158E-05 9.98158E-05 9.98158E-05 0.0885969 9.98158E-05 0.880441 0.0288661 9.98158E-05 9.98158E-05 9.98158E-05 9.98158E-05 9.98158E-05 9.98158E-05 9.98158E-05 9.98158E-05 9.98158E-05 9.98158E-05 9.98158E-05 9.98158E-05 9.98158E-05 9.98158E-05 9.98158E-05 9.98158E-05 9.98158E-05
0.10153 0.0160042 9.98684E-05 0.0815573 9.98684E-05 9.98684E-05 9.98684E-05 9.98684E-05 0.182806 0.302178 9.98684E-05 9.98684E-05 9.98684E-05 9.98684E-05 0.000229893 9.98684E-05 9.98684E-05 0.0408988 0.0974026 9.98684E-05 0.175896 9.98684E-05 9.98684E-05 9.98684E-05
9.99035E-05 0.0912592 9.99035E-05 9.99035E-05 9.99035E-05 0.236878 0.03682 9.99035E-05 9.99035E-05 0.0393789 0.0186523 0.0901647 9.99035E-05 9.99035E-05 0.00505111 9.99035E-05 0.111104 0.00480753 0.118931 0.0226257 9.99035E-05 9.99035E-05 0.0678244 0.155404
9.98597E-05 9.98597E-05 0.0768061 0.0354946 9.98597E-05 0.150508 0.235472 9.98597E-05 9.98597E-05 9.98597E-05 9.98597E-05 9.98597E-05 9.98597E-05 9.98597E-05 9.98597E-05 9.98597E-05 9.98597E-05 0.136543 0.0874624 9.98597E-05 0.086434 9.98597E-05 9.98597E-05 0.189683
9.98421E-05 0.0619879 9.98421E-05 9.98421E-05 9.98421E-05 9.98421E-05 9.98421E-05 9.98421E-05 9.98421E-05 0.337154 9.98421E-05 9.98421E-05 9.98421E-05 9.98421E-05 0.268042 0.127509 9.98421E-05 0.00120632 9.98421E-05 9.98421E-05 0.202304 9.98421E-05 9.98421E-05 9.98421E-05
9.9807E-05 9.9807E-05 9.9807E-05 9.9807E-05 9.9807E-05 0.889332 9.9807E-05 9.9807E-05 9.9807E-05 9.9807E-05 9.9807E-05 9.9807E-05 9.9807E-05 9.9807E-05 0.108473 9.9807E-05 9.9807E-05 9.9807E-05 9.9807E-05 9.9807E-05 9.9807E-05 9.9807E-05 9.9807E-05 9.9807E-05
9.98508E-05 9.98508E-05 9.98508E-05 9.98508E-05 9.98508E-05 0.356487 9.98508E-05 9.98508E-05 9.98508E-05 0.102723 9.98508E-05 9.98508E-05 9.98508E-05 9.98508E-05 0.18799 9.98508E-05 0.147009 9.98508E-05 0.140922 9.98508E-05 0.00261615 9.98508E-05 9.98508E-05 0.0605549
9.97982E-05 9.97982E-05 9.97982E-05 9.97982E-05 9.97982E-05 9.97982E-05 9.97982E-05 9.97982E-05 9.97982E-05 0.997705 9.97982E-05 9.97982E-05 9.97982E-05 9.97982E-05 9.97982E-05 9.97982E-05 9.97982E-05 9.97982E-05 9.97982E-05 9.97982E-05 9.97982E-05 9.97982E-05 9.97982E-05 9.97982E-05
9.98159E-05 9.98159E-05 9.98159E-05 9.98159E-05 9.98159E-05 0.756519 9.98159E-05 9.98159E-05 9.98159E-05 9.98159E-05 9.98159E-05 9.98159E-05 9.98159E-05 9.98159E-05 0.112974 9.98159E-05 9.98159E-05 9.98159E-05 9.98159E-05 9.98159E-05 9.98159E-05 9.98159E-05 9.98159E-05 0.128411
9.98683E-05 9.98683E-05 9.98683E-05 0.0188071 0.223098 0.169188 9.98683E-05 9.98683E-05 9.98683E-05 0.343533 9.98683E-05 9.98683E-05 9.98683E-05 9.98683E-05 0.0141843 9.98683E-05 0.0594997 0.00850171 9.98683E-05 9.98683E-05 9.98683E-05 0.0575154 9.98683E-05 0.104175
0.00664967 9.98772E-05 9.98772E-05 9.98772E-05 9.98772E-05 0.227068 9.98772E-05 9.98772E-05 0.107412 0.0557785 9.98772E-05 0.0528103 9.98772E-05 9.98772E-05 0.132217 0.00983157 9.98772E-05 0.0515312 0.180256 9.98772E-05 0.175048 9.98772E-05 9.98772E-05 9.98772E-05
0.0330622 9.98683E-05 0.0215737 9.98683E-05 9.98683E-05 0.239761 9.98683E-05 9.98683E-05 9.98683E-05 9.98683E-05 9.98683E-05 9.98683E-05 9.98683E-05 9.98683E-05 0.147635 9.98683E-05 9.98683E-05 9.98683E-05 0.134023 0.0861833 0.136323 0.0948464 9.98683E-05 0.105095
9.98597E-05 0.0732349 0.0365698 9.98597E-05 9.98597E-05 9.98597E-05 9.98597E-05 9.98597E-05 9.98597E-05 0.566196 9.98597E-05 0.0571993 9.98597E-05 0.187543 0.0317283 9.98597E-05 0.0143142 9.98597E-05 9.98597E-05 9.98597E-05 9.98597E-05 9.98597E-05 9.98597E-05 0.0316174
9.98773E-05 9.98773E-05 9.98773E-05 9.98773E-05 9.98773E-05 0.102163 0.0406133 0.124864 0.0379998 9.98773E-05 9.98773E-05 9.98773E-05 0.117764 9.98773E-05 0.168305 0.0388261 9.98773E-05 9.98773E-05 0.170482 0.0437157 9.98773E-05 9.98773E-05 9.98773E-05 0.15387
0.20269 9.98507E-05 0.00685738 9.98507E-05 9.98507E-05 0.245369 9.98507E-05 9.98507E-05 9.98507E-05 0.123468 9.98507E-05 9.98507E-05 9.98507E-05 9.98507E-05 0.205506 9.98507E-05 9.98507E-05 9.98507E-05 9.98507E-05 9.98507E-05 0.056348 9.98507E-05 9.98507E-05 0.158064
9.98159E-05 9.98159E-05 9.98159E-05 9.98159E-05 9.98159E-05 0.970664 9.98159E-05 9.98159E-05 9.98159E-05 9.98159E-05 9.98159E-05 9.98159E-05 9.98159E-05 9.98159E-05 0.00463775 9.98159E-05 9.98159E-05 9.98159E-05 9.98159E-05 9.98159E-05 0.0226018 9.98159E-05 9.98159E-05 9.98159E-05
9.98596E-05 9.98596E-05 9.98596E-05 9.98596E-05 9.98596E-05 0.095015 0.16139 9.98596E-05 9.98596E-05 0.37429 9.98596E-05 9.98596E-05 9.98596E-05 9.98596E-05 0.0103795 9.98596E-05 0.0410249 9.98596E-05 9.98596E-05 0.0883848 0.096457 0.131461 9.98596E-05 9.98596E-05
0.126485 0.00310014 9.98772E-05 0.0265446 9.98772E-05 9.98772E-05 9.98772E-05 9.98772E-05 0.034989 0.200281 0.155489 0.00472064 9.98772E-05 9.98772E-05 9.98772E-05 9.98772E-05 9.98772E-05 0.000330609 9.98772E-05 9.98772E-05 0.0802235 9.98772E-05 9.98772E-05 0.366438
9.98333E-05 9.98333E-05 9.98333E-05 9.98333E-05 9.98333E-05 0.595346 9.98333E-05 9.98333E-05 0.111139 9.98333E-05 9.98333E-05 9.98333E-05 0.0227854 9.98333E-05 0.042806 9.98333E-05 9.98333E-05 9.98333E-05 0.226027 9.98333E-05 9.98333E-05 9.98333E-05 9.98333E-05 9.98333E-05
9.98596E-05 9.98596E-05 9.98596E-05 9.98596E-05 9.98596E-05 0.222177 9.98596E-05 9.98596E-05 0.022968 0.0785482 0.0106853 9.98596E-05 9.98596E-05 9.98596E-05 0.239937 9.98596E-05 9.98596E-05 9.98596E-05 0.034086 9.98596E-05 9.98596E-05 0.0526292 9.98596E-05 0.337372
9.98596E-05 9.98596E-05 9.98596E-05 9.98596E-05 9.98596E-05 9.98596E-05 9.98596E-05 0.0592405 0.140534 0.316327 9.98596E-05 9.98596E-05 9.98596E-05 9.98596E-05 0.240587 9.98596E-05 0.0125227 9.98596E-05 9.98596E-05 0.0886529 0.0388695 9.98596E-05 9.98596E-05 0.101669
9.98422E-05 9.98422E-05 9.98422E-05 9.98422E-05 9.98422E-05 0.0211755 9.98422E-05 9.98422E-05 0.0221001 0.725615 9.98422E-05 9.98422E-05 9.98422E-05 9.98422E-05 0.0787732 9.98422E-05 9.98422E-05 9.98422E-05 9.98422E-05 0.109163 9.98422E-05 9.98422E-05 9.98422E-05 0.0413758
9.98421E-05 9.98421E-05 9.98421E-05 9.98421E-05 9.98421E-05 0.000358385 9.98421E-05 9.98421E-05 0.255656 9.98421E-05 0.290102 9.98421E-05 0.17865 9.98421E-05 0.0435801 9.98421E-05 9.98421E-05 9.98421E-05 9.98421E-05 9.98421E-05 9.98421E-05 9.98421E-05 9.98421E-05 0.229857
9.98334E-05 9.98334E-05 9.98334E-05 9.98334E-05 9.98334E-05 0.721903 9.98334E-05 9.98334E-05 9.98334E-05 9.98334E-05 9.98334E-05 9.98334E-05 9.98334E-05 9.98334E-05 0.0380037 9.98334E-05 0.0293396 9.98334E-05 9.98334E-05 0.121486 9.98334E-05 9.98334E-05 9.98334E-05 0.0873714
9.98556E-05 9.98556E-05 9.98556E-05 9.98556E-05 9.98556E-05 0.589848 9.98556E-05 0.000760475 0.052249 9.98556E-05 9.98556E-05 9.98556E-05 9.98556E-05 9.98556E-05 0.251784 0.0129761 0.0443795 9.98556E-05 9.98556E-05 9.98556E-05 9.98556E-05 9.98556E-05 9.98556E-05 0.0463053
9.98684E-05 9.98684E-05 0.0519152 9.98684E-05 9.98684E-05 0.296626 9.98684E-05 9.98684E-05 0.051049 0.433994 9.98684E-05 9.98684E-05 9.98684E-05 0.0662141 0.00937878 0.0637405 0.017713 9.98684E-05 9.98684E-05 9.98684E-05 9.98684E-05 9.98684E-05 0.00787106 9.98684E-05
0.0534194 9.98772E-05 0.00142834 9.98772E-05 9.98772E-05 0.610209 9.98772E-05 0.100961 9.98772E-05 9.98772E-05 0.00205517 9.98772E-05 0.0122871 9.98772E-05 9.98772E-05 9.98772E-05 0.100167 9.98772E-05 0.0567117 9.98772E-05 0.0376287 9.98772E-05 9.98772E-05 0.0237348
9.98511E-05 9.98511E-05 9.98511E-05 9.98511E-05 9.98511E-05 0.381627 0.233328 9.98511E-05 0.0187346 0.176783 9.98511E-05 9.98511E-05 9.98511E-05 9.98511E-05 0.0792103 9.98511E-05 0.101534 9.98511E-05 9.98511E-05 0.00708544 9.98511E-05 9.98511E-05 9.98511E-05 9.98511E-05
9.98509E-05 9.98509E-05 9.98509E-05 9.98509E-05 9.98509E-05 9.98509E-05 9.98509E-05 9.98509E-05 0.00562614 0.449279 9.98509E-05 9.98509E-05 9.98509E-05 9.98509E-05 0.174861 9.98509E-05 0.0627157 9.98509E-05 0.0629664 9.98509E-05 9.98509E-05 0.077052 9.98509E-05 0.165803
9.98333E-05 9.98333E-05 9.98333E-05 9.98333E-05 9.98333E-05 9.98333E-05 9.98333E-05 9.98333E-05 0.184935 0.664237 9.98333E-05 9.98333E-05 0.0226794 9.98333E-05 0.090515 9.98333E-05 9.98333E-05 9.98333E-05 9.98333E-05 9.98333E-05 9.98333E-05 0.0357372 9.98333E-05 9.98333E-05
0.0351619 0.0530876 9.98509E-05 9.98509E-05 9.98509E-05 0.76575 9.98509E-05 0.0373798 9.98509E-05 9.98509E-05 0.0250064 9.98509E-05 9.98509E-05 9.98509E-05 0.0295497 9.98509E-05 0.0523672 9.98509E-05 9.98509E-05 9.98509E-05 9.98509E-05 9.98509E-05 9.98509E-05 9.98509E-05
9.98685E-05 0.00116881 9.98685E-05 9.98685E-05 9.98685E-05 0.334171 9.98685E-05 9.98685E-05 9.98685E-05 0.313104 0.0511309 0.0394392 9.98685E-05 9.98685E-05 0.00446862 9.98685E-05 9.98685E-05 9.98685E-05 9.98685E-05 0.120596 0.00200561 9.98685E-05 9.98685E-05 0.132417
0.14085 0.0494037 9.98247E-05 9.98247E-05 9.98247E-05 0.762457 9.98247E-05 9.98247E-05 9.98247E-05 0.0452923 9.98247E-05 9.98247E-05 9.98247E-05 9.98247E-05 9.98247E-05 9.98247E-05 9.98247E-05 9.98247E-05 9.98247E-05 9.98247E-05 9.98247E-05 9.98247E-05 9.98247E-05 9.98247E-05
9.98597E-05 0.0807327 9.98597E-05 9.98597E-05 9.98597E-05 0.0898609 9.98597E-05 0.0123723 9.98597E-05 0.551356 9.98597E-05 9.98597E-05 9.98597E-05 0.0863719 0.0237386 9.98597E-05 9.98597E-05 9.98597E-05 9.98597E-05 0.0252922 0.128678 9.98597E-05 9.98597E-05 9.98597E-05
9.9851E-05 0.0965723 9.9851E-05 0.0424743 9.9851E-05 9.9851E-05 9.9851E-05 9.9851E-05 9.9851E-05 0.617334 9.9851E-05 9.9851E-05 9.9851E-05 0.086565 0.144988 9.9851E-05 9.9851E-05 9.9851E-05 9.9851E-05 9.9851E-05 0.00610087 0.00426775 9.9851E-05 9.9851E-05
0.00592568 9.98332E-05 9.98332E-05 9.98332E-05 9.98332E-05 9.98332E-05 9.98332E-05 9.98332E-05 0.0738315 0.698067 9.98332E-05 9.98332E-05 9.98332E-05 9.98332E-05 0.121898 9.98332E-05 9.98332E-05 9.98332E-05 9.98332E-05 9.98332E-05 9.98332E-05 9.98332E-05 0.0983811 9.98332E-05
9.98245E-05 9.98245E-05 9.98245E-05 9.98245E-05 9.98245E-05 9.98245E-05 9.98245E-05 9.98245E-05 9.98245E-05 0.89561 0.038033 9.98245E-05 9.98245E-05 9.98245E-05 0.00936608 9.98245E-05 9.98245E-05 9.98245E-05 9.98245E-05 9.98245E-05 9.98245E-05 9.98245E-05 9.98245E-05 0.0549943
9.9825E-05 9.9825E-05 9.9825E-05 9.9825E-05 9.9825E-05 0.622076 9.9825E-05 9.9825E-05 9.9825E-05 9.9825E-05 0.161448 9.9825E-05 9.9825E-05 9.9825E-05 0.0473037 9.9825E-05 9.9825E-05 9.9825E-05 9.9825E-05 9.9825E-05 9.9825E-05 9.9825E-05 9.9825E-05 0.167176
0.0364418 9.98245E-05 9.98245E-05 9.98245E-05 0.256753 0.63628 9.98245E-05 9.98245E-05 9.98245E-05 9.98245E-05 0.0685294 9.98245E-05 9.98245E-05 9.98245E-05 9.98245E-05 9.98245E-05 9.98245E-05 9.98245E-05 9.98245E-05 9.98245E-05 9.98245E-05 9.98245E-05 9.98245E-05 9.98245E-05
9.98509E-05 9.98509E-05 9.98509E-05 9.98509E-05 9.98509E-05 9.98509E-05 9.98509E-05 9.98509E-05 9.98509E-05 0.421686 9.98509E-05 9.98509E-05 9.98509E-05 9.98509E-05 0.159497 0.0180307 0.0149306 9.98509E-05 0.177296 9.98509E-05 0.0925382 9.98509E-05 9.98509E-05 0.114324
9.98334E-05 9.98334E-05 9.98334E-05 0.0179447 9.98334E-05 9.98334E-05 9.98334E-05 9.98334E-05 9.98334E-05 0.234265 9.98334E-05 0.156004 9.98334E-05 9.98334E-05 0.098834 9.98334E-05 9.98334E-05 9.98334E-05 9.98334E-05 9.98334E-05 9.98334E-05 9.98334E-05 9.98334E-05 0.491055
9.98157E-05 9.98157E-05 9.98157E-05 9.98157E-05 9.98157E-05 9.98157E-05 9.98157E-05 0.0149743 9.98157E-05 0.974348 9.98157E-05 0.00858134 9.98157E-05 9.98157E-05 9.98157E-05 9.98157E-05 9.98157E-05 9.98157E-05 9.98157E-05 9.98157E-05 9.98157E-05 9.98157E-05 9.98157E-05 9.98157E-05
9.98333E-05 9.98333E-05 9.98333E-05 9.98333E-05 9.98333E-05 0.813332 9.98333E-05 9.98333E-05 9.98333E-05 9.98333E-05 9.98333E-05 9.98333E-05 0.00742701 9.98333E-05 0.0808616 9.98333E-05 0.0182739 9.98333E-05 9.98333E-05 0.0782086 9.98333E-05 9.98333E-05 9.98333E-05 9.98333E-05
9.97983E-05 9.97983E-05 9.97983E-05 9.97983E-05 9.97983E-05 9.97983E-05 9.97983E-05 9.97983E-05 9.97983E-05 0.997705 9.97983E-05 9.97983E-05 9.97983E-05 9.97983E-05 9.97983E-05 9.97983E-05 9.97983E-05 9.97983E-05 9.97983E-05 9.97983E-05 9.97983E-05 9.97983E-05 9.97983E-05 9.97983E-05
9.98507E-05 9.98507E-05 9.98507E-05 9.98507E-05 9.98507E-05 0.663701 0.0379322 9.98507E-05 9.98507E-05 9.98507E-05 9.98507E-05 9.98507E-05 9.98507E-05 9.98507E-05 0.134489 9.98507E-05 0.0327653 9.98507E-05 0.0286213 9.98507E-05 9.98507E-05 0.0114566 9.98507E-05 0.0893375
0.0411594 9.98687E-05 9.98687E-05 0.0203287 9.98687E-05 0.732157 9.98687E-05 0.00735705 0.0234325 9.98687E-05 9.98687E-05 9.98687E-05 0.0372793 9.98687E-05 9.98687E-05 9.98687E-05 0.0439496 9.98687E-05 9.98687E-05 9.98687E-05 0.0119201 9.98687E-05 0.0809182 9.98687E-05
9.98771E-05 9.98771E-05 9.98771E-05 9.98771E-05 9.98771E-05 0.297883 0.0536171 9.98771E-05 0.0642629 9.98771E-05 0.171234 0.0302647 9.98771E-05 9.98771E-05 0.134696 0.0508287 0.107207 9.98771E-05 9.98771E-05 9.98771E-05 0.0515998 9.98771E-05 9.98771E-05 0.0370074
9.98598E-05 9.98598E-05 9.98598E-05 9.98598E-05 9.98598E-05 0.199275 9.98598E-05 0.00606043 9.98598E-05 0.421905 9.98598E-05 9.98598E-05 0.0161485 9.98598E-05 9.98598E-05 0.056763 9.98598E-05 9.98598E-05 9.98598E-05 0.00318812 9.98598E-05 0.06493 9.98598E-05 0.230132
9.98334E-05 0.0191405 9.98334E-05 9.98334E-05 9.98334E-05 0.852937 9.98334E-05 9.98334E-05 0.0199665 9.98334E-05 9.98334E-05 9.98334E-05 0.0680607 9.98334E-05 9.98334E-05 9.98334E-05 9.98334E-05 9.98334E-05 9.98334E-05 9.98334E-05 0.0379981 9.98334E-05 9.98334E-05 9.98334E-05
9.98422E-05 9.98422E-05 9.98422E-05 9.98422E-05 9.98422E-05 9.98422E-05 9.98422E-05 9.98422E-05 9.98422E-05 0.686 9.98422E-05 9.98422E-05 0.0484949 9.98422E-05 9.98422E-05 9.98422E-05 9.98422E-05 9.98422E-05 9.98422E-05 9.98422E-05 0.0220042 0.145645 0.0826017 0.0134574
0.021059 9.98336E-05 9.98336E-05 9.98336E-05 9.98336E-05 9.98336E-05 9.98336E-05 0.00644264 9.98336E-05 0.797943 9.98336E-05 9.98336E-05 9.98336E-05 9.98336E-05 0.00760202 0.165057 9.98336E-05 9.98336E-05 9.98336E-05 9.98336E-05 9.98336E-05 9.98336E-05 9.98336E-05 9.98336E-05
9.9816E-05 9.9816E-05 9.9816E-05 9.9816E-05 9.9816E-05 9.9816E-05 9.9816E-05 0.0984635 0.0894206 0.81002 9.9816E-05 9.9816E-05 9.9816E-05 9.9816E-05 9.9816E-05 9.9816E-05 9.9816E-05 9.9816E-05 9.9816E-05 9.9816E-05 9.9816E-05 9.9816E-05 9.9816E-05 9.9816E-05
0.0249847 0.0313897 9.98333E-05 9.98333E-05 9.98333E-05 9.98333E-05 9.98333E-05 9.98333E-05 9.98333E-05 0.799716 9.98333E-05 9.98333E-05 0.0872158 9.98333E-05 9.98333E-05 9.98333E-05 9.98333E-05 9.98333E-05 9.98333E-05 9.98333E-05 9.98333E-05 9.98333E-05 9.98333E-05 0.0547967
9.98335E-05 9.98335E-05 0.0152358 9.98335E-05 9.98335E-05 0.753242 9.98335E-05 9.98335E-05 9.98335E-05 9.98335E-05 9.98335E-05 0.141231 9.98335E-05 9.98335E-05 0.0546158 9.98335E-05 9.98335E-05 9.98335E-05 9.98335E-05 0.0337781 9.98335E-05 9.98335E-05 9.98335E-05 9.98335E-05
9.98333E-05 9.98333E-05 9.98333E-05 9.98333E-05 9.98333E-05 0.871357 9.98333E-05 9.98333E-05 9.98333E-05 9.98333E-05 0.0343723 9.98333E-05 9.98333E-05 9.98333E-05 9.98333E-05 9.98333E-05 0.0032645 0.049586 9.98333E-05 9.98333E-05 9.98333E-05 0.0395237 9.98333E-05 9.98333E-05
9.98507E-05 0.0692772 9.98507E-05 9.98507E-05 9.98507E-05 9.98507E-05 9.98507E-05 9.98507E-05 0.0571912 9.98507E-05 9.98507E-05 9.98507E-05 9.98507E-05 9.98507E-05 0.10431 9.98507E-05 0.0263793 9.98507E-05 0.672077 9.98507E-05 0.0469768 9.98507E-05 9.98507E-05 0.0220912
9.98075E-05 9.98075E-05 9.98075E-05 9.98075E-05 9.98075E-05 9.98075E-05 9.98075E-05 9.98075E-05 9.98075E-05 9.98075E-05 9.98075E-05 9.98075E-05 9.98075E-05 9.98075E-05 9.98075E-05 9.98075E-05 9.98075E-05 9.98075E-05 0.953909 0.0438954 9.98075E-05 9.98075E-05 9.98075E-05 9.98075E-05
9.9807E-05 9.9807E-05 9.9807E-05 9.9807E-05 9.9807E-05 9.9807E-05 9.9807E-05 9.9807E-05 9.9807E-05 9.9807E-05 9.9807E-05 9.9807E-05 0.0265558 9.9807E-05 9.9807E-05 9.9807E-05 9.9807E-05 9.9807E-05 0.971248 9.9807E-05 9.9807E-05 9.9807E-05 9.9807E-05 9.9807E-05
0.0145101 0.225356 9.98684E-05 9.98684E-05 9.98684E-05 9.98684E-05 9.98684E-05 9.98684E-05 0.138774 9.98684E-05 9.98684E-05 9.98684E-05 0.0535211 9.98684E-05 0.0541842 9.98684E-05 0.0211183 9.98684E-05 0.346436 9.98684E-05 0.131575 9.98684E-05 0.013028 9.98684E-05
0.0328276 9.98769E-05 9.98769E-05 9.98769E-05 9.98769E-05 9.98769E-05 9.98769E-05 0.0130042 9.98769E-05 9.98769E-05 9.98769E-05 9.98769E-05 0.00372874 9.98769E-05 0.0837396 9.98769E-05 9.98769E-05 0.0463343 0.606242 0.0569243 0.0249771 0.0784437 9.98769E-05 0.0523806
9.9833E-05 9.9833E-05 9.9833E-05 9.9833E-05 9.9833E-05 9.9833E-05 9.9833E-05 9.9833E-05 9.9833E-05 9.9833E-05 9.9833E-05 9.9833E-05 9.9833E-05 9.9833E-05 0.143952 0.0948306 9.9833E-05 9.9833E-05 0.637935 9.9833E-05 9.9833E-05 0.0210158 9.9833E-05 0.100369
9.98243E-05 0.28451 9.98243E-05 9.98243E-05 9.98243E-05 9.98243E-05 9.98243E-05 9.98243E-05 9.98243E-05 9.98243E-05 9.98243E-05 9.98243E-05 9.98243E-05 9.98243E-05 0.0906928 9.98243E-05 9.98243E-05 9.98243E-05 0.551404 9.98243E-05 9.98243E-05 0.071397 9.98243E-05 9.98243E-05
9.98418E-05 0.0462982 9.98418E-05 9.98418E-05 9.98418E-05 9.98418E-05 9.98418E-05 9.98418E-05 0.131446 9.98418E-05 9.98418E-05 9.98418E-05 0.140679 9.98418E-05 0.0275671 9.98418E-05 9.98418E-05 9.98418E-05 0.619084 9.98418E-05 0.0331287 9.98418E-05 9.98418E-05 9.98418E-05
9.98159E-05 0.0542984 9.98159E-05 9.98159E-05 9.98159E-05 9.98159E-05 9.98159E-05 9.98159E-05 9.98159E-05 9.98159E-05 0.00355712 9.98159E-05 9.98159E-05 9.98159E-05 9.98159E-05 9.98159E-05 9.98159E-05 9.98159E-05 0.940048 9.98159E-05 9.98159E-05 9.98159E-05 9.98159E-05 9.98159E-05
9.98156E-05 9.98156E-05 9.98156E-05 9.98156E-05 9.98156E-05 9.98156E-05 9.98156E-05 9.98156E-05 9.98156E-05 9.98156E-05 9.98156E-05 9.98156E-05 9.98156E-05 9.98156E-05 9.98156E-05 9.98156E-05 0.0456982 9.98156E-05 0.908983 0.0432223 9.98156E-05 9.98156E-05 9.98156E-05 9.98156E-05
9.9833E-05 9.9833E-05 9.9833E-05 9.9833E-05 9.9833E-05 9.9833E-05 9.9833E-05 9.9833E-05 9.9833E-05 9.9833E-05 9.9833E-05 0.0573634 9.9833E-05 9.9833E-05 0.265857 9.9833E-05 0.169022 9.9833E-05 0.467172 9.9833E-05 0.0386885 9.9833E-05 9.9833E-05 9.9833E-05
0.0572871 0.0210465 0.0598101 9.98682E-05 9.98682E-05 9.98682E-05 9.98682E-05 9.98682E-05 9.98682E-05 9.98682E-05 9.98682E-05 9.98682E-05 9.98682E-05 9.98682E-05 0.0330231 9.98682E-05 0.0393961 9.98682E-05 0.497654 0.00125972 9.98682E-05 0.0952639 9.98682E-05 0.193762
9.9842E-05 9.9842E-05 0.204475 9.9842E-05 9.9842E-05 9.9842E-05 0.0384353 9.9842E-05 0.06634 9.9842E-05 9.9842E-05 9.9842E-05 9.9842E-05 9.9842E-05 9.9842E-05 9.9842E-05 9.9842E-05 9.9842E-05 0.439738 9.9842E-05 0.180107 0.0691077 9.9842E-05 9.9842E-05
0.00229995 0.0588673 9.98331E-05 9.98331E-05 9.98331E-05 9.98331E-05 9.98331E-05 9.98331E-05 9.98331E-05 9.98331E-05 9.98331E-05 9.98331E-05 9.98331E-05 9.98331E-05 0.1984 9.98331E-05 9.98331E-05 9.98331E-05 0.552882 9.98331E-05 9.98331E-05 9.98331E-05 9.98331E-05 0.185654
9.98336E-05 9.98336E-05 9.98336E-05 0.00785318 9.98336E-05 9.98336E-05 9.98336E-05 9.98336E-05 0.0814166 9.98336E-05 0.079623 9.98336E-05 9.98336E-05 9.98336E-05 9.98336E-05 9.98336E-05 9.98336E-05 9.98336E-05 0.80922 9.98336E-05 9.98336E-05 9.98336E-05 0.0199907 9.98336E-05
9.98161E-05 9.98161E-05 9.98161E-05 9.98161E-05 9.98161E-05 9.98161E-05 9.98161E-05 0.0247488 9.98161E-05 9.98161E-05 9.98161E-05 9.98161E-05 9.98161E-05 9.98161E-05 9.98161E-05 9.98161E-05 9.98161E-05 9.98161E-05 0.928679 9.98161E-05 0.0444761 9.98161E-05 9.98161E-05 9.98161E-05
0.054794 9.98331E-05 9.98331E-05 9.98331E-05 9.98331E-05 9.98331E-05 9.98331E-05 9.98331E-05 0.0731769 9.98331E-05 9.98331E-05 9.98331E-05 9.98331E-05 9.98331E-05 9.98331E-05 9.98331E-05 9.98331E-05 0.131073 0.676162 9.98331E-05 9.98331E-05 0.0628971 9.98331E-05 9.98331E-05
0.0236225 9.98507E-05 0.0577411 9.98507E-05 9.98507E-05 9.98507E-05 9.98507E-05 9.98507E-05 9.98507E-05 9.98507E-05 9.98507E-05 9.98507E-05 9.98507E-05 9.98507E-05 9.98507E-05 9.98507E-05 0.0566884 9.98507E-05 0.62647 0.066881 0.00888881 9.98507E-05 9.98507E-05 0.158011
0.00894389 9.98421E-05 9.98421E-05 9.98421E-05 9.98421E-05 9.98421E-05 9.98421E-05 9.98421E-05 9.98421E-05 9.98421E-05 9.98421E-05 9.98421E-05 0.0627158 9.98421E-05 9.98421E-05 9.98421E-05 0.0868417 9.98421E-05 0.831915 0.00126972 0.00651645 9.98421E-05 9.98421E-05 9.98421E-05
9.98241E-05 9.98241E-05 9.98241E-05 9.98241E-05 9.98241E-05 9.98241E-05 9.98241E-05 9.98241E-05 9.98241E-05 9.98241E-05 0.154056 9.98241E-05 9.98241E-05 9.98241E-05 0.214313 9.98241E-05 9.98241E-05 9.98241E-05 0.549487 9.98241E-05 9.98241E-05 9.98241E-05 0.0801479 9.98241E-05
9.98163E-05 9.98163E-05 9.98163E-05 9.98163E-05 9.98163E-05 9.98163E-05 9.98163E-05 9.98163E-05 9.98163E-05 9.98163E-05 9.98163E-05 9.98163E-05 9.98163E-05 9.98163E-05 0.0312962 9.98163E-05 9.98163E-05 9.98163E-05 0.957158 9.98163E-05 9.98163E-05 9.98163E-05 0.00944923 9.98163E-05
9.98243E-05 9.98243E-05 9.98243E-05 9.98243E-05 9.98243E-05 9.98243E-05 9.98243E-05 9.98243E-05 9.98243E-05 9.98243E-05 0.00764507 9.98243E-05 9.98243E-05 9.98243E-05 0.067905 9.98243E-05 9.98243E-05 9.98243E-05 0.701306 9.98243E-05 9.98243E-05 9.98243E-05 9.98243E-05 0.221148
9.98509E-05 0.0360165 9.98509E-05 9.98509E-05 0.0978393 9.98509E-05 9.98509E-05 9.98509E-05 0.128553 9.98509E-05 0.0369961 9.98509E-05 9.98509E-05 9.98509E-05 0.0338624 9.98509E-05 9.98509E-05 9.98509E-05 0.636271 9.98509E-05 9.98509E-05 9.98509E-05 9.98509E-05 0.028764
9.98422E-05 9.98422E-05 9.98422E-05 9.98422E-05 9.98422E-05 9.98422E-05 0.179068 9.98422E-05 9.98422E-05 9.98422E-05 9.98422E-05 9.98422E-05 9.98422E-05 9.98422E-05 0.0105751 9.98422E-05 0.0529792 0.170638 0.581393 9.98422E-05 9.98422E-05 9.98422E-05 0.00355034 9.98422E-05
9.98418E-05 9.98418E-05 0.111438 9.98418E-05 9.98418E-05 9.98418E-05 9.98418E-05 9.98418E-05 9.98418E-05 9.98418E-05 9.98418E-05 9.98418E-05 9.98418E-05 9.98418E-05 0.0124635 9.98418E-05 0.0182019 9.98418E-05 0.846927 0.00840446 9.98418E-05 9.98418E-05 9.98418E-05 0.000768356
9.98248E-05 9.98248E-05 9.98248E-05 9.98248E-05 9.98248E-05 9.98248E-05 9.98248E-05 0.0890352 9.98248E-05 0.0159128 9.98248E-05 9.98248E-05 9.98248E-05 0.0280053 9.98248E-05 9.98248E-05 9.98248E-05 9.98248E-05 0.86505 9.98248E-05 9.98248E-05 9.98248E-05 9.98248E-05 9.98248E-05
9.97985E-05 9.97985E-05 9.97985E-05 9.97985E-05 9.97985E-05 9.97985E-05 9.97985E-05 9.97985E-05 9.97985E-05 9.97985E-05 9.97985E-05 9.97985E-05 9.97985E-05 9.97985E-05 9.97985E-05 9.97985E-05 9.97985E-05 9.97985E-05 0.997705 9.97985E-05 9.97985E-05 9.97985E-05 9.97985E-05 9.97985E-05
9.98072E-05 9.98072E-05 9.98072E-05 9.98072E-05 9.98072E-05 9.98072E-05 9.98072E-05 9.98072E-05 9.98072E-05 9.98072E-05 9.98072E-05 9.98072E-05 9.98072E-05 9.98072E-05 0.0312721 9.98072E-05 9.98072E-05 9.98072E-05 0.966532 9.98072E-05 9.98072E-05 9.98072E-05 9.98072E-05 9.98072E-05
0.00189956 9.98247E-05 9.98247E-05 9.98247E-05 9.98247E-05 9.98247E-05 9.98247E-05 9.98247E-05 9.98247E-05 9.98247E-05 9.98247E-05 9.98247E-05 0.0740143 9.98247E-05 9.98247E-05 9.98247E-05 9.98247E-05 9.98247E-05 0.878171 9.98247E-05 0.0439189 9.98247E-05 9.98247E-05 9.98247E-05
9.9842E-05 9.9842E-05 9.9842E-05 9.9842E-05 0.320557 9.9842E-05 9.9842E-05 9.9842E-05 9.9842E-05 9.9842E-05 0.0979513 9.9842E-05 9.9842E-05 9.9842E-05 0.0879987 9.9842E-05 9.9842E-05 9.9842E-05 0.441404 9.9842E-05 0.0342498 0.0160426 9.9842E-05 9.9842E-05
9.98159E-05 9.98159E-05 9.98159E-05 9.98159E-05 9.98159E-05 9.98159E-05 9.98159E-05 9.98159E-05 0.748048 9.98159E-05 9.98159E-05 9.98159E-05 9.98159E-05 9.98159E-05 0.158314 9.98159E-05 9.98159E-05 9.98159E-05 9.98159E-05 9.98159E-05 0.0915416 9.98159E-05 9.98159E-05 9.98159E-05
9.98246E-05 9.98246E-05 9.98246E-05 9.98246E-05 0.5556 9.98246E-05 9.98246E-05 9.98246E-05 0.294375 9.98246E-05 9.98246E-05 9.98246E-05 9.98246E-05 9.98246E-05 0.0873422 9.98246E-05 9.98246E-05 9.98246E-05 9.98246E-05 9.98246E-05 0.0606859 9.98246E-05 9.98246E-05 9.98246E-05
9.98157E-05 9.98157E-05 9.98157E-05 0.00492933 9.98157E-05 9.98157E-05 9.98157E-05 9.98157E-05 0.911723 9.98157E-05 9.98157E-05 9.98157E-05 9.98157E-05 9.98157E-05 0.0812512 9.98157E-05 9.98157E-05 9.98157E-05 9.98157E-05 9.98157E-05 9.98157E-05 9.98157E-05 9.98157E-05 9.98157E-05
9.98068E-05 9.98068E-05 9.98068E-05 9.98068E-05 9.98068E-05 9.98068E-05 9.98068E-05 9.98068E-05 0.831613 9.98068E-05 9.98068E-05 9.98068E-05 9.98068E-05 9.98068E-05 0.166191 9.98068E-05 9.98068E-05 9.98068E-05 9.98068E-05 9.98068E-05 9.98068E-05 9.98068E-05 9.98068E-05 9.98068E-05
9.98155E-05 9.98155E-05 9.98155E-05 0.0433286 9.98155E-05 9.98155E-05 9.98155E-05 9.98155E-05 0.925398 9.98155E-05 9.98155E-05 9.98155E-05 9.98155E-05 9.98155E-05 9.98155E-05 9.98155E-05 9.98155E-05 9.98155E-05 9.98155E-05 9.98155E-05 0.0291776 9.98155E-05 9.98155E-05 9.98155E-05
9.98421E-05 0.0511266 9.98421E-05 9.98421E-05 0.0811163 9.98421E-05 9.98421E-05 9.98421E-05 0.544285 9.98421E-05 9.98421E-05 0.00306425 9.98421E-05 9.98421E-05 0.204468 9.98421E-05 9.98421E-05 9.98421E-05 9.98421E-05 9.98421E-05 0.114143 9.98421E-05 9.98421E-05 9.98421E-05
9.98508E-05 9.98508E-05 9.98508E-05 9.98508E-05 0.0972333 9.98508E-05 9.98508E-05 9.98508E-05 0.604347 9.98508E-05 9.98508E-05 9.98508E-05 0.0288028 9.98508E-05 0.0699871 9.98508E-05 0.0382641 9.98508E-05 9.98508E-05 9.98508E-05 0.0764138 9.98508E-05 9.98508E-05 0.0832548
9.98069E-05 9.98069E-05 9.98069E-05 9.98069E-05 9.98069E-05 9.98069E-05 9.98069E-05 9.98069E-05 0.826047 9.98069E-05 9.98069E-05 9.98069E-05 9.98069E-05 9.98069E-05 9.98069E-05 9.98069E-05 9.98069E-05 9.98069E-05 9.98069E-05 9.98069E-05 0.171757 9.98069E-05 9.98069E-05 9.98069E-05
9.98244E-05 0.176373 9.98244E-05 9.98244E-05 9.98244E-05 9.98244E-05 9.98244E-05 9.98244E-05 0.443021 9.98244E-05 0.0546892 9.98244E-05 9.98244E-05 9.98244E-05 9.98244E-05 9.98244E-05 9.98244E-05 9.98244E-05 9.98244E-05 9.98244E-05 0.32392 9.98244E-05 9.98244E-05 9.98244E-05
9.98332E-05 9.98332E-05 0.054884 9.98332E-05 9.98332E-05 9.98332E-05 9.98332E-05 9.98332E-05 0.553677 9.98332E-05 9.98332E-05 0.075291 9.98332E-05 9.98332E-05 0.140565 9.98332E-05 9.98332E-05 9.98332E-05 9.98332E-05 9.98332E-05 0.173686 9.98332E-05 9.98332E-05 9.98332E-05
9.98245E-05 0.150886 9.98245E-05 9.98245E-05 9.98245E-05 9.98245E-05 9.98245E-05 9.98245E-05 0.308933 9.98245E-05 9.98245E-05 9.98245E-05 9.98245E-05 0.469516 9.98245E-05 9.98245E-05 9.98245E-05 9.98245E-05 9.98245E-05 9.98245E-05 0.0686683 9.98245E-05 9.98245E-05 9.98245E-05
9.98159E-05 0.119811 9.98159E-05 9.98159E-05 9.98159E-05 9.98159E-05 9.98159E-05 9.98159E-05 0.706335 9.98159E-05 9.98159E-05 9.98159E-05 9.98159E-05 0.171757 9.98159E-05 9.98159E-05 9.98159E-05 9.98159E-05 9.98159E-05 9.98159E-05 9.98159E-05 9.98159E-05 9.98159E-05 9.98159E-05
9.9816E-05 9.9816E-05 9.9816E-05 9.9816E-05 0.0790862 9.9816E-05 9.9816E-05 9.9816E-05 0.864135 9.9816E-05 9.9816E-05 9.9816E-05 9.9816E-05 9.9816E-05 9.9816E-05 9.9816E-05 9.9816E-05 9.9816E-05 9.9816E-05 9.9816E-05 0.0546828 9.9816E-05 9.9816E-05 9.9816E-05
9.98335E-05 9.98335E-05 9.98335E-05 9.98335E-05 9.98335E-05 9.98335E-05 9.98335E-05 9.98335E-05 0.620576 9.98335E-05 9.98335E-05 9.98335E-05 9.98335E-05 0.0761919 0.162557 9.98335E-05 0.00544674 9.98335E-05 9.98335E-05 9.98335E-05 0.133331 9.98335E-05 9.98335E-05 9.98335E-05
9.98596E-05 9.98596E-05 0.0247658 9.98596E-05 0.191947 9.98596E-05 9.98596E-05 9.98596E-05 0.519722 9.98596E-05 9.98596E-05 0.045523 0.0337182 9.98596E-05 9.98596E-05 9.98596E-05 0.053746 9.98596E-05 9.98596E-05 9.98596E-05 0.086419 0.0425617 9.98596E-05 9.98596E-05
9.98596E-05 0.125216 9.98596E-05 9.98596E-05 9.98596E-05 9.98596E-05 9.98596E-05 9.98596E-05 0.671959 9.98596E-05 0.0563918 0.0888916 9.98596E-05 0.017656 0.0186329 9.98596E-05 0.00392358 0.0157307 9.98596E-05 9.98596E-05 9.98596E-05 9.98596E-05 9.98596E-05 9.98596E-05
9.98421E-05 0.204723 9.98421E-05 9.98421E-05 0.024333 9.98421E-05 9.98421E-05 0.0172303 0.632799 9.98421E-05 9.98421E-05 9.98421E-05 9.98421E-05 9.98421E-05 0.111489 9.98421E-05 9.98421E-05 9.98421E-05 9.98421E-05 9.98421E-05 0.00762871 9.98421E-05 9.98421E-05 9.98421E-05
9.98337E-05 9.98337E-05 9.98337E-05 9.98337E-05 9.98337E-05 9.98337E-05 9.98337E-05 9.98337E-05 0.689891 9.98337E-05 9.98337E-05 0.176436 9.98337E-05 0.0551184 9.98337E-05 9.98337E-05 9.98337E-05 9.98337E-05 9.98337E-05 9.98337E-05 0.0708375 9.98337E-05 9.98337E-05 0.00581938
9.98333E-05 9.98333E-05 9.98333E-05 9.98333E-05 9.98333E-05 9.98333E-05 9.98333E-05 9.98333E-05 0.835197 9.98333E-05 9.98333E-05 9.98333E-05 9.98333E-05 0.093429 9.98333E-05 9.98333E-05 0.0490673 9.98333E-05 9.98333E-05 0.0058241 9.98333E-05 9.98333E-05 9.98333E-05 0.014586
9.98597E-05 9.98597E-05 9.98597E-05 9.98597E-05 9.98597E-05 9.98597E-05 9.98597E-05 0.0752 0.409678 9.98597E-05 0.0565077 9.98597E-05 9.98597E-05 0.27172 0.0940333 9.98597E-05 9.98597E-05 9.98597E-05 9.98597E-05 0.00965917 0.0787373 0.00286704 9.98597E-05 9.98597E-05
9.98333E-05 0.138032 9.98333E-05 9.98333E-05 0.0544806 9.98333E-05 9.98333E-05 9.98333E-05 0.695949 9.98333E-05 9.98333E-05 0.0581948 9.98333E-05 9.98333E-05 0.0514469 9.98333E-05 9.98333E-05 9.98333E-05 9.98333E-05 9.98333E-05 9.98333E-05 9.98333E-05 9.98333E-05 9.98333E-05
9.98158E-05 9.98158E-05 0.0366398 9.98158E-05 9.98158E-05 9.98158E-05 9.98158E-05 9.98158E-05 0.959765 9.98158E-05 9.98158E-05 9.98158E-05 9.98158E-05 9.98158E-05 9.98158E-05 9.98158E-05 9.98158E-05 9.98158E-05 9.98158E-05 9.98158E-05 0.0014994 9.98158E-05 9.98158E-05 9.98158E-05
9.98421E-05 0.0250981 9.98421E-05 9.98421E-05 9.98421E-05 9.98421E-05 0.0481554 0.0768906 0.400519 9.98421E-05 9.98421E-05 9.98421E-05 9.98421E-05 9.98421E-05 0.218092 9.98421E-05 9.98421E-05 9.98421E-05 9.98421E-05 9.98421E-05 0.229448 9.98421E-05 9.98421E-05 9.98421E-05
9.98422E-05 9.98422E-05 9.98422E-05 0.0259641 0.0901896 9.98422E-05 9.98422E-05 9.98422E-05 0.584213 9.98422E-05 9.98422E-05 9.98422E-05 9.98422E-05 0.114249 0.0424632 9.98422E-05 9.98422E-05 9.98422E-05 9.98422E-05 9.98422E-05 0.141124 9.98422E-05 9.98422E-05 9.98422E-05
9.98333E-05 0.0151934 9.98333E-05 9.98333E-05 9.98333E-05 9.98333E-05 9.98333E-05 0.0544982 0.397254 9.98333E-05 9.98333E-05 9.98333E-05 9.98333E-05 9.98333E-05 0.239491 9.98333E-05 9.98333E-05 9.98333E-05 9.98333E-05 9.98333E-05 0.291666 9.98333E-05 9.98333E-05 9.98333E-05
9.98597E-05 0.0351114 0.0161211 9.98597E-05 9.98597E-05 9.98597E-05 9.98597E-05 9.98597E-05 0.308184 9.98597E-05 9.98597E-05 9.98597E-05 9.98597E-05 0.269377 0.095961 9.98597E-05 0.0103422 9.98597E-05 9.98597E-05 9.98597E-05 0.167457 9.98597E-05 9.98597E-05 0.0958477
9.98508E-05 9.98508E-05 9.98508E-05 0.0733816 0.617615 9.98508E-05 9.98508E-05 9.98508E-05 0.05408 9.98508E-05 9.98508E-05 9.98508E-05 9.98508E-05 0.129419 0.0137216 0.107239 9.98508E-05 0.00284661 9.98508E-05 9.98508E-05 9.98508E-05 9.98508E-05 9.98508E-05 9.98508E-05
9.98242E-05 9.98242E-05 9.98242E-05 9.98242E-05 9.98242E-05 9.98242E-05 9.98242E-05 9.98242E-05 0.829781 9.98242E-05 9.98242E-05 9.98242E-05 9.98242E-05 9.98242E-05 0.0796141 9.98242E-05 9.98242E-05 9.98242E-05 9.98242E-05 0.0154417 0.0731669 9.98242E-05 9.98242E-05 9.98242E-05
9.98335E-05 0.00977375 9.98335E-05 9.98335E-05 9.98335E-05 9.98335E-05 9.98335E-05 9.98335E-05 0.552221 9.98335E-05 9.98335E-05 9.98335E-05 9.98335E-05 0.0253391 0.162889 9.98335E-05 9.98335E-05 9.98335E-05 9.98335E-05 9.98335E-05 0.247881 9.98335E-05 9.98335E-05 9.98335E-05
9.98334E-05 9.98334E-05 9.98334E-05 0.108807 0.190087 9.98334E-05 9.98334E-05 0.0472337 0.492219 9.98334E-05 9.98334E-05 9.98334E-05 9.98334E-05 9.98334E-05 0.159757 9.98334E-05 9.98334E-05 9.98334E-05 9.98334E-05 9.98334E-05 9.98334E-05 9.98334E-05 9.98334E-05 9.98334E-05
9.98248E-05 9.98248E-05 9.98248E-05 9.98248E-05 9.98248E-05 9.98248E-05 9.98248E-05 9.98248E-05 0.769246 9.98248E-05 9.98248E-05 9.98248E-05 9.98248E-05 9.98248E-05 0.146613 9.98248E-05 0.0232653 9.98248E-05 9.98248E-05 9.98248E-05 9.98248E-05 0.0588788 9.98248E-05 9.98248E-05
9.98158E-05 9.98158E-05 9.98158E-05 9.98158E-05 0.0298395 9.98158E-05 9.98158E-05 9.98158E-05 0.930474 9.98158E-05 9.98158E-05 9.98158E-05 9.98158E-05 9.98158E-05 0.03759 9.98158E-05 9.98158E-05 9.98158E-05 9.98158E-05 9.98158E-05 9.98158E-05 9.98158E-05 9.98158E-05 9.98158E-05
9.98331E-05 9.98331E-05 9.98331E-05 0.161368 9.98331E-05 9.98331E-05 9.98331E-05 0.138282 0.284265 9.98331E-05 9.98331E-05 9.98331E-05 9.98331E-05 9.98331E-05 0.0952286 9.98331E-05 9.98331E-05 9.98331E-05 9.98331E-05 9.98331E-05 0.31896 9.98331E-05 9.98331E-05 9.98331E-05
0.0180914 9.98244E-05 9.98244E-05 9.98244E-05 9.98244E-05 9.98244E-05 9.98244E-05 0.0163285 0.861944 9.98244E-05 9.98244E-05 9.98244E-05 9.98244E-05 9.98244E-05 9.98244E-05 9.98244E-05 9.98244E-05 9.98244E-05 9.98244E-05 9.98244E-05 9.98244E-05 9.98244E-05 9.98244E-05 0.10164
9.98159E-05 9.98159E-05 9.98159E-05 9.98159E-05 0.049143 9.98159E-05 9.98159E-05 9.98159E-05 0.881582 9.98159E-05 9.98159E-05 9.98159E-05 9.98159E-05 9.98159E-05 0.0671792 9.98159E-05 9.98159E-05 9.98159E-05 9.98159E-05 9.98159E-05 9.98159E-05 9.98159E-05 9.98159E-05 9.98159E-05
9.98331E-05 9.98331E-05 9.98331E-05 9.98331E-05 9.98331E-05 9.98331E-05 9.98331E-05 9.98331E-05 0.546481 9.98331E-05 0.136016 0.0918023 9.98331E-05 0.221597 9.98331E-05 9.98331E-05 9.98331E-05 9.98331E-05 9.98331E-05 9.98331E-05 0.00220681 9.98331E-05 9.98331E-05 9.98331E-05
9.98244E-05 9.98244E-05 0.0724975 9.98244E-05 9.98244E-05 9.98244E-05 9.98244E-05 9.98244E-05 0.676398 9.98244E-05 9.98244E-05 9.98244E-05 9.98244E-05 9.98244E-05 0.192645 9.98244E-05 9.98244E-05 9.98244E-05 9.98244E-05 9.98244E-05 0.0564636 9.98244E-05 9.98244E-05 9.98244E-05
9.98507E-05 9.98507E-05 9.98507E-05 9.98507E-05 0.256937 9.98507E-05 0.0362405 9.98507E-05 0.16856 9.98507E-05 9.98507E-05 0.0117644 9.98507E-05 0.369021 9.98507E-05 9.98507E-05 9.98507E-05 0.0442846 9.98507E-05 9.98507E-05 0.111496 9.98507E-05 9.98507E-05 9.98507E-05
9.98333E-05 9.98333E-05 9.98333E-05 9.98333E-05 0.324346 9.98333E-05 9.98333E-05 0.011621 0.575694 9.98333E-05 9.98333E-05 9.98333E-05 0.00620591 9.98333E-05 0.0802364 9.98333E-05 9.98333E-05 9.98333E-05 9.98333E-05 9.98333E-05 9.98333E-05 9.98333E-05 9.98333E-05 9.98333E-05
9.9807E-05 9.9807E-05 9.9807E-05 9.9807E-05 0.610996 9.9807E-05 9.9807E-05 9.9807E-05 0.386808 9.9807E-05 9.9807E-05 9.9807E-05 9.9807E-05 9.9807E-05 9.9807E-05 9.9807E-05 9.9807E-05 9.9807E-05 9.9807E-05 9.9807E-05 9.9807E-05 9.9807E-05 9.9807E-05 9.9807E-05
9.98159E-05 9.98159E-05 9.98159E-05 9.98159E-05 9.98159E-05 9.98159E-05 9.98159E-05 0.00216916 0.430092 9.98159E-05 9.98159E-05 9.98159E-05 9.98159E-05 0.565642 9.98159E-05 9.98159E-05 9.98159E-05 9.98159E-05 9.98159E-05 9.98159E-05 9.98159E-05 9.98159E-05 9.98159E-05 9.98159E-05
9.98244E-05 0.0805296 9.98244E-05 9.98244E-05 9.98244E-05 9.98244E-05 9.98244E-05 9.98244E-05 0.529831 9.98244E-05 9.98244E-05 9.98244E-05 9.98244E-05 9.98244E-05 0.300889 9.98244E-05 9.98244E-05 9.98244E-05 9.98244E-05 9.98244E-05 0.0867544 9.98244E-05 9.98244E-05 9.98244E-05
9.98334E-05 9.98334E-05 0.0202047 9.98334E-05 9.98334E-05 9.98334E-05 9.98334E-05 9.98334E-05 0.860586 9.98334E-05 9.98334E-05 9.98334E-05 0.0048955 9.98334E-05 9.98334E-05 9.98334E-05 9.98334E-05 9.98334E-05 9.98334E-05 9.98334E-05 0.0318065 9.98334E-05 9.98334E-05 0.0806109
9.98334E-05 9.98334E-05 9.98334E-05 9.98334E-05 9.98334E-05 9.98334E-05 9.98334E-05 0.0537474 0.0547446 9.98334E-05 9.98334E-05 9.98334E-05 9.98334E-05 0.730129 0.0443597 9.98334E-05 9.98334E-05 9.98334E-05 9.98334E-05 9.98334E-05 0.115123 9.98334E-05 9.98334E-05 9.98334E-05
9.98159E-05 9.98159E-05 9.98159E-05 9.98159E-05 9.98159E-05 9.98159E-05 9.98159E-05 9.98159E-05 0.295063 9.98159E-05 9.98159E-05 9.98159E-05 9.98159E-05 0.657182 0.0456595 9.98159E-05 9.98159E-05 9.98159E-05 9.98159E-05 9.98159E-05 9.98159E-05 9.98159E-05 9.98159E-05 9.98159E-05
9.9842E-05 0.148927 9.9842E-05 0.0128295 9.9842E-05 9.9842E-05 9.9842E-05 0.0882767 0.566968 9.9842E-05 9.9842E-05 9.9842E-05 9.9842E-05 9.9842E-05 9.9842E-05 9.9842E-05 9.9842E-05 9.9842E-05 9.9842E-05 9.9842E-05 0.159324 9.9842E-05 9.9842E-05 0.0218775
9.98598E-05 9.98598E-05 9.98598E-05 9.98598E-05 0.0180898 9.98598E-05 9.98598E-05 9.98598E-05 0.667886 9.98598E-05 0.00819652 9.98598E-05 9.98598E-05 0.00366686 0.070773 9.98598E-05 0.0215471 9.98598E-05 0.133459 9.98598E-05 0.0747842 9.98598E-05 9.98598E-05 9.98598E-05
9.98861E-05 0.157605 0.0577352 9.98861E-05 0.0122585 9.98861E-05 9.98861E-05 9.98861E-05 0.553629 9.98861E-05 0.0435345 0.00740242 9.98861E-05 0.00361425 9.98861E-05 0.033787 9.98861E-05 9.98861E-05 9.98861E-05 9.98861E-05 0.0755343 9.98861E-05 0.0212023 0.0323995
9.98247E-05 9.98247E-05 9.98247E-05 9.98247E-05 9.98247E-05 9.98247E-05 9.98247E-05 9.98247E-05 0.455193 9.98247E-05 9.98247E-05 9.98247E-05 9.98247E-05 9.98247E-05 0.199491 9.98247E-05 9.98247E-05 9.98247E-05 9.98247E-05 9.98247E-05 0.257307 9.98247E-05 9.98247E-05 0.0860125
9.98157E-05 9.98157E-05 9.98157E-05 9.98157E-05 0.311701 9.98157E-05 9.98157E-05 9.98157E-05 0.430551 9.98157E-05 9.98157E-05 9.98157E-05 9.98157E-05 0.255651 9.98157E-05 9.98157E-05 9.98157E-05 9.98157E-05 9.98157E-05 9.98157E-05 9.98157E-05 9.98157E-05 9.98157E-05 9.98157E-05
9.98244E-05 9.98244E-05 9.98244E-05 9.98244E-05 9.98244E-05 9.98244E-05 9.98244E-05 9.98244E-05 0.710085 9.98244E-05 9.98244E-05 0.0154329 9.98244E-05 9.98244E-05 0.110477 9.98244E-05 9.98244E-05 9.98244E-05 9.98244E-05 0.162009 9.98244E-05 9.98244E-05 9.98244E-05 9.98244E-05
9.98243E-05 9.98243E-05 9.98243E-05 9.98243E-05 0.743122 9.98243E-05 9.98243E-05 9.98243E-05 0.0641675 9.98243E-05 9.98243E-05 9.98243E-05 9.98243E-05 9.98243E-05 0.104272 9.98243E-05 9.98243E-05 9.98243E-05 9.98243E-05 9.98243E-05 0.0864425 9.98243E-05 9.98243E-05 9.98243E-05
9.98424E-05 9.98424E-05 9.98424E-05 9.98424E-05 9.98424E-05 9.98424E-05 9.98424E-05 9.98424E-05 0.58582 9.98424E-05 9.98424E-05 9.98424E-05 0.111321 0.177918 0.0601916 9.98424E-05 0.00310962 9.98424E-05 9.98424E-05 9.98424E-05 0.059843 9.98424E-05 9.98424E-05 9.98424E-05
9.98158E-05 9.98158E-05 9.98158E-05 9.98158E-05 9.98158E-05 9.98158E-05 9.98158E-05 9.98158E-05 0.949785 9.98158E-05 9.98158E-05 0.038408 9.98158E-05 9.98158E-05 9.98158E-05 9.98158E-05 9.98158E-05 9.98158E-05 9.98158E-05 9.98158E-05 9.98158E-05 0.00971041 9.98158E-05 9.98158E-05
9.9842E-05 9.9842E-05 9.9842E-05 9.9842E-05 9.9842E-05 9.9842E-05 9.9842E-05 0.00420348 0.796822 9.9842E-05 9.9842E-05 0.0367548 0.0169453 9.9842E-05 9.9842E-05 9.9842E-05 0.0352355 9.9842E-05 9.9842E-05 0.108242 9.9842E-05 9.9842E-05 9.9842E-05 9.9842E-05
9.98245E-05 0.178046 9.98245E-05 9.98245E-05 9.98245E-05 9.98245E-05 9.98245E-05 9.98245E-05 0.520004 9.98245E-05 9.98245E-05 9.98245E-05 9.98245E-05 9.98245E-05 0.152986 9.98245E-05 9.98245E-05 9.98245E-05 9.98245E-05 9.98245E-05 0.146968 9.98245E-05 9.98245E-05 9.98245E-05
9.98157E-05 9.98157E-05 9.98157E-05 9.98157E-05 9.98157E-05 9.98157E-05 9.98157E-05 9.98157E-05 0.803762 9.98157E-05 9.98157E-05 9.98157E-05 9.98157E-05 9.98157E-05 0.0680233 9.98157E-05 9.98157E-05 9.98157E-05 9.98157E-05 9.98157E-05 0.126118 9.98157E-05 9.98157E-05 9.98157E-05
