9.98771E-05 9.98771E-05 9.98771E-05 9.98771E-05 9.98771E-05 9.98771E-05 0.0786508 0.02536 0.337995 0.0475359 0.120427 9.98771E-05 9.98771E-05 9.98771E-05 0.0371965 9.98771E-05 9.98771E-05 9.98771E-05 9.98771E-05 9.98771E-05 0.351437
9.98596E-05 0.202808 9.98596E-05 9.98596E-05 9.98596E-05 9.98596E-05 9.98596E-05 9.98596E-05 0.136029 0.0398018 9.98596E-05 9.98596E-05 0.00307538 9.98596E-05 9.98596E-05 9.98596E-05 9.98596E-05 9.98596E-05 9.98596E-05 9.98596E-05 0.616689
9.98245E-05 0.998004 9.98245E-05 9.98245E-05 9.98245E-05 9.98245E-05 9.98245E-05 9.98245E-05 9.98245E-05 9.98245E-05 9.98245E-05 9.98245E-05 9.98245E-05 9.98245E-05 9.98245E-05 9.98245E-05 9.98245E-05 9.98245E-05 9.98245E-05 9.98245E-05 9.98245E-05
9.98595E-05 9.98595E-05 9.98595E-05 9.98595E-05 9.98595E-05 0.285031 9.98595E-05 9.98595E-05 9.98595E-05 9.98595E-05 0.0113191 0.042884 9.98595E-05 0.59034 0.0688284 9.98595E-05 9.98595E-05 9.98595E-05 9.98595E-05 9.98595E-05 9.98595E-05
9.98334E-05 9.98334E-05 9.98334E-05 9.98334E-05 0.122945 9.98334E-05 9.98334E-05 9.98334E-05 9.98334E-05 9.98334E-05 9.98334E-05 9.98334E-05 9.98334E-05 9.98334E-05 9.98334E-05 9.98334E-05 9.98334E-05 9.98334E-05 9.98334E-05 9.98334E-05 0.875158
9.98858E-05 9.98858E-05 0.00466712 9.98858E-05 0.066467 0.0567488 9.98858E-05 9.98858E-05 0.0990655 0.0650007 9.98858E-05 0.0784889 9.98858E-05 0.601398 9.98858E-05 9.98858E-05 0.0268652 9.98858E-05 9.98858E-05 9.98858E-05 9.98858E-05
0.0942973 9.98947E-05 9.98947E-05 9.98947E-05 9.98947E-05 0.116791 9.98947E-05 9.98947E-05 9.98947E-05 0.118135 0.0786213 9.98947E-05 0.0507195 0.203999 0.0778765 9.98947E-05 0.0804337 9.98947E-05 9.98947E-05 9.98947E-05 0.177928
9.9886E-05 9.9886E-05 9.9886E-05 9.9886E-05 0.060501 0.0646545 0.0736464 9.9886E-05 9.9886E-05 0.0212188 0.118144 0.16959 9.9886E-05 0.415966 9.9886E-05 9.9886E-05 9.9886E-05 0.0749812 9.9886E-05 9.9886E-05 9.9886E-05
0.11287 9.98596E-05 9.98596E-05 9.98596E-05 9.98596E-05 9.98596E-05 9.98596E-05 0.251666 9.98596E-05 9.98596E-05 0.024516 0.227943 9.98596E-05 0.381407 9.98596E-05 9.98596E-05 9.98596E-05 9.98596E-05 9.98596E-05 9.98596E-05 9.98596E-05
9.98333E-05 9.98333E-05 9.98333E-05 9.98333E-05 9.98333E-05 9.98333E-05 9.98333E-05 9.98333E-05 9.98333E-05 9.98333E-05 9.98333E-05 9.98333E-05 9.98333E-05 9.98333E-05 9.98333E-05 0.00954815 9.98333E-05 9.98333E-05 9.98333E-05 9.98333E-05 0.988555
9.98419E-05 9.98419E-05 9.98419E-05 9.98419E-05 9.98419E-05 9.98419E-05 9.98419E-05 0.12995 9.98419E-05 9.98419E-05 9.98419E-05 9.98419E-05 9.98419E-05 0.809668 0.0585847 9.98419E-05 9.98419E-05 9.98419E-05 9.98419E-05 9.98419E-05 9.98419E-05
9.98332E-05 0.970485 9.98332E-05 9.98332E-05 9.98332E-05 0.0276184 9.98332E-05 9.98332E-05 9.98332E-05 9.98332E-05 9.98332E-05 9.98332E-05 9.98332E-05 9.98332E-05 9.98332E-05 9.98332E-05 9.98332E-05 9.98332E-05 9.98332E-05 9.98332E-05 9.98332E-05
9.98508E-05 9.98508E-05 9.98508E-05 9.98508E-05 9.98508E-05 9.98508E-05 9.98508E-05 0.049717 9.98508E-05 9.98508E-05 0.056541 0.000988476 9.98508E-05 9.98508E-05 9.98508E-05 9.98508E-05 9.98508E-05 9.98508E-05 9.98508E-05 9.98508E-05 0.891056
9.98949E-05 0.644386 0.0956479 9.98949E-05 9.98949E-05 9.98949E-05 9.98949E-05 0.081161 9.98949E-05 9.98949E-05 0.0196246 9.98949E-05 9.98949E-05 0.00188524 0.0533099 9.98949E-05 9.98949E-05 9.98949E-05 0.00190598 0.0470142 0.0538667
9.98772E-05 9.98772E-05 0.0629417 9.98772E-05 9.98772E-05 9.98772E-05 9.98772E-05 0.119492 0.201795 9.98772E-05 9.98772E-05 0.164396 9.98772E-05 0.105199 9.98772E-05 9.98772E-05 9.98772E-05 9.98772E-05 0.0412597 9.98772E-05 0.303518
9.98859E-05 9.98859E-05 9.98859E-05 9.98859E-05 9.98859E-05 0.0210154 0.0213124 0.136812 0.157823 9.98859E-05 0.0250819 0.0894345 9.98859E-05 0.374831 9.98859E-05 9.98859E-05 9.98859E-05 0.172391 9.98859E-05 9.98859E-05 9.98859E-05
9.99001E-05 9.99001E-05 9.99001E-05 9.99001E-05 9.99001E-05 0.00402413 0.0436534 0.073146 9.99001E-05 0.0647219 0.00442007 9.99001E-05 9.99001E-05 0.353758 0.0277111 9.99001E-05 9.99001E-05 0.00213306 0.00691913 0.113112 0.305403
9.98772E-05 9.98772E-05 9.98772E-05 0.0470773 9.98772E-05 9.98772E-05 9.98772E-05 0.161412 0.221343 9.98772E-05 0.109991 0.0247113 9.98772E-05 0.300051 9.98772E-05 0.134017 9.98772E-05 9.98772E-05 9.98772E-05 9.98772E-05 9.98772E-05
9.98771E-05 9.98771E-05 9.98771E-05 9.98771E-05 9.98771E-05 9.98771E-05 0.0208994 0.184229 9.98771E-05 9.98771E-05 0.126184 0.0601143 9.98771E-05 0.566673 0.0226342 9.98771E-05 9.98771E-05 9.98771E-05 0.0178678 9.98771E-05 9.98771E-05
9.98247E-05 9.98247E-05 9.98247E-05 9.98247E-05 9.98247E-05 9.98247E-05 9.98247E-05 9.98247E-05 9.98247E-05 9.98247E-05 9.98247E-05 9.98247E-05 9.98247E-05 9.98247E-05 9.98247E-05 9.98247E-05 9.98247E-05 9.98247E-05 9.98247E-05 9.98247E-05 0.998004
0.00620547 0.10064 9.99122E-05 0.037974 0.0201367 9.99122E-05 9.99122E-05 9.99122E-05 9.99122E-05 9.99122E-05 9.99122E-05 0.0444818 9.99122E-05 0.538257 0.0479028 0.0444503 9.99122E-05 0.0201215 0.127026 9.99122E-05 0.0118051
9.98684E-05 9.98684E-05 9.98684E-05 9.98684E-05 0.0689904 0.0505305 9.98684E-05 9.98684E-05 9.98684E-05 9.98684E-05 0.282343 0.132256 0.00665927 0.457723 9.98684E-05 9.98684E-05 9.98684E-05 9.98684E-05 9.98684E-05 9.98684E-05 9.98684E-05
9.98509E-05 0.722963 9.98509E-05 9.98509E-05 9.98509E-05 9.98509E-05 9.98509E-05 0.0902089 0.15157 9.98509E-05 9.98509E-05 9.98509E-05 9.98509E-05 9.98509E-05 0.0335611 9.98509E-05 9.98509E-05 9.98509E-05 9.98509E-05 9.98509E-05 9.98509E-05
0.0253207 0.0121877 9.98772E-05 9.98772E-05 9.98772E-05 9.98772E-05 9.98772E-05 0.221279 0.0568311 9.98772E-05 0.355364 9.98772E-05 9.98772E-05 0.0229205 9.98772E-05 9.98772E-05 9.98772E-05 9.98772E-05 9.98772E-05 9.98772E-05 0.304699
0.0708314 9.9877E-05 0.0858698 9.9877E-05 9.9877E-05 9.9877E-05 9.9877E-05 0.243285 9.9877E-05 9.9877E-05 0.0675903 0.046758 9.9877E-05 0.415093 9.9877E-05 9.9877E-05 9.9877E-05 9.9877E-05 0.069174 9.9877E-05 9.9877E-05
9.98771E-05 9.98771E-05 0.0164874 9.98771E-05 0.0221561 0.00965319 9.98771E-05 0.07306 9.98771E-05 9.98771E-05 0.0505759 9.98771E-05 9.98771E-05 0.0719499 9.98771E-05 9.98771E-05 9.98771E-05 9.98771E-05 9.98771E-05 9.98771E-05 0.754719
9.98771E-05 9.98771E-05 0.193258 9.98771E-05 9.98771E-05 9.98771E-05 9.98771E-05 0.0335415 9.98771E-05 9.98771E-05 0.297262 9.98771E-05 0.213831 9.98771E-05 9.98771E-05 0.142187 9.98771E-05 0.047526 9.98771E-05 9.98771E-05 0.0709959
9.98597E-05 0.183538 9.98597E-05 9.98597E-05 9.98597E-05 0.0814206 9.98597E-05 0.0129929 9.98597E-05 9.98597E-05 0.0301896 9.98597E-05 9.98597E-05 9.98597E-05 9.98597E-05 9.98597E-05 9.98597E-05 9.98597E-05 9.98597E-05 9.98597E-05 0.690262
9.98773E-05 0.539144 9.98773E-05 9.98773E-05 9.98773E-05 9.98773E-05 9.98773E-05 0.162223 0.0675276 9.98773E-05 0.0534198 9.98773E-05 0.015309 0.00612632 9.98773E-05 9.98773E-05 9.98773E-05 9.98773E-05 9.98773E-05 9.98773E-05 0.154851
9.98421E-05 0.919091 9.98421E-05 9.98421E-05 9.98421E-05 9.98421E-05 0.0241592 0.0549527 9.98421E-05 9.98421E-05 9.98421E-05 9.98421E-05 9.98421E-05 9.98421E-05 9.98421E-05 9.98421E-05 9.98421E-05 9.98421E-05 9.98421E-05 9.98421E-05 9.98421E-05
9.98773E-05 9.98773E-05 9.98773E-05 9.98773E-05 9.98773E-05 9.98773E-05 9.98773E-05 9.98773E-05 0.233042 9.98773E-05 9.98773E-05 0.0271738 9.98773E-05 9.98773E-05 0.135196 0.0194787 0.0128145 9.98773E-05 0.00646733 9.98773E-05 0.56443
9.98421E-05 9.98421E-05 9.98421E-05 9.98421E-05 9.98421E-05 9.98421E-05 9.98421E-05 0.00877118 9.98421E-05 9.98421E-05 9.98421E-05 9.98421E-05 9.98421E-05 0.983116 0.00631601 9.98421E-05 9.98421E-05 9.98421E-05 9.98421E-05 9.98421E-05 9.98421E-05
9.98595E-05 9.98595E-05 9.98595E-05 9.98595E-05 9.98595E-05 9.98595E-05 9.98595E-05 0.10805 9.98595E-05 9.98595E-05 0.0237657 9.98595E-05 9.98595E-05 0.836188 0.029487 9.98595E-05 9.98595E-05 0.000911706 9.98595E-05 9.98595E-05 9.98595E-05
9.98683E-05 0.666526 0.0809525 9.98683E-05 9.98683E-05 9.98683E-05 9.98683E-05 0.0730705 9.98683E-05 9.98683E-05 0.138446 9.98683E-05 9.98683E-05 9.98683E-05 9.98683E-05 0.0279844 0.0115227 9.98683E-05 9.98683E-05 9.98683E-05 9.98683E-05
9.98686E-05 0.922704 9.98686E-05 0.0236715 9.98686E-05 9.98686E-05 9.98686E-05 0.00502678 9.98686E-05 9.98686E-05 9.98686E-05 0.0125862 0.0140052 9.98686E-05 0.0205083 9.98686E-05 9.98686E-05 9.98686E-05 9.98686E-05 9.98686E-05 9.98686E-05
0.0263933 9.98859E-05 9.98859E-05 9.98859E-05 9.98859E-05 0.0367569 9.98859E-05 0.00897187 9.98859E-05 9.98859E-05 0.0188367 9.98859E-05 0.156336 0.203952 9.98859E-05 0.0198698 9.98859E-05 9.98859E-05 9.98859E-05 9.98859E-05 0.527584
9.98511E-05 0.560323 9.98511E-05 9.98511E-05 9.98511E-05 9.98511E-05 9.98511E-05 9.98511E-05 9.98511E-05 9.98511E-05 9.98511E-05 9.98511E-05 9.98511E-05 9.98511E-05 0.0102206 9.98511E-05 0.0614663 9.98511E-05 9.98511E-05 9.98511E-05 0.366293
9.98685E-05 0.599643 9.98685E-05 0.0297379 9.98685E-05 9.98685E-05 9.98685E-05 0.0612939 9.98685E-05 9.98685E-05 0.0162453 0.190957 9.98685E-05 9.98685E-05 9.98685E-05 9.98685E-05 9.98685E-05 9.98685E-05 9.98685E-05 9.98685E-05 0.100625
9.9886E-05 0.686954 0.0213562 9.9886E-05 0.0266774 9.9886E-05 9.9886E-05 0.133754 9.9886E-05 0.0293729 0.0426716 9.9886E-05 9.9886E-05 9.9886E-05 0.0312871 9.9886E-05 9.9886E-05 9.9886E-05 9.9886E-05 0.0266287 9.9886E-05
9.9842E-05 9.9842E-05 9.9842E-05 9.9842E-05 9.9842E-05 9.9842E-05 9.9842E-05 0.0991029 9.9842E-05 9.9842E-05 9.9842E-05 9.9842E-05 9.9842E-05 0.871744 9.9842E-05 9.9842E-05 9.9842E-05 0.0273564 9.9842E-05 9.9842E-05 9.9842E-05
9.98422E-05 9.98422E-05 9.98422E-05 9.98422E-05 9.98422E-05 9.98422E-05 9.98422E-05 0.0400223 9.98422E-05 9.98422E-05 0.00717074 9.98422E-05 9.98422E-05 9.98422E-05 9.98422E-05 9.98422E-05 9.98422E-05 9.98422E-05 9.98422E-05 9.98422E-05 0.95101
0.0373983 9.98685E-05 9.98685E-05 9.98685E-05 9.98685E-05 9.98685E-05 9.98685E-05 0.0432586 9.98685E-05 9.98685E-05 0.104387 0.00689779 0.113989 9.98685E-05 9.98685E-05 9.98685E-05 9.98685E-05 9.98685E-05 9.98685E-05 9.98685E-05 0.692571
9.98421E-05 9.98421E-05 9.98421E-05 9.98421E-05 9.98421E-05 9.98421E-05 9.98421E-05 9.98421E-05 9.98421E-05 9.98421E-05 9.98421E-05 9.98421E-05 0.0550035 9.98421E-05 9.98421E-05 9.98421E-05 9.98421E-05 9.98421E-05 9.98421E-05 0.0361796 0.90702
9.98772E-05 0.452356 9.98772E-05 9.98772E-05 9.98772E-05 9.98772E-05 9.98772E-05 0.16883 0.0866424 9.98772E-05 0.112461 0.0963002 9.98772E-05 0.0572389 0.0247734 9.98772E-05 9.98772E-05 9.98772E-05 9.98772E-05 9.98772E-05 9.98772E-05
9.98772E-05 0.241333 9.98772E-05 9.98772E-05 0.111866 0.0574261 9.98772E-05 0.109191 9.98772E-05 9.98772E-05 0.441369 9.98772E-05 9.98772E-05 0.0268139 9.98772E-05 9.98772E-05 9.98772E-05 9.98772E-05 9.98772E-05 9.98772E-05 0.0106022
9.98595E-05 0.214482 9.98595E-05 0.0238297 9.98595E-05 9.98595E-05 9.98595E-05 0.0140455 9.98595E-05 9.98595E-05 9.98595E-05 9.98595E-05 9.98595E-05 0.335573 9.98595E-05 9.98595E-05 9.98595E-05 9.98595E-05 9.98595E-05 9.98595E-05 0.410472
9.98421E-05 9.98421E-05 9.98421E-05 9.98421E-05 9.98421E-05 9.98421E-05 9.98421E-05 0.0595358 9.98421E-05 9.98421E-05 9.98421E-05 9.98421E-05 9.98421E-05 9.98421E-05 0.0133633 9.98421E-05 9.98421E-05 9.98421E-05 9.98421E-05 9.98421E-05 0.925304
9.98245E-05 0.998004 9.98245E-05 9.98245E-05 9.98245E-05 9.98245E-05 9.98245E-05 9.98245E-05 9.98245E-05 9.98245E-05 9.98245E-05 9.98245E-05 9.98245E-05 9.98245E-05 9.98245E-05 9.98245E-05 9.98245E-05 9.98245E-05 9.98245E-05 9.98245E-05 9.98245E-05
9.98771E-05 0.562307 9.98771E-05 9.98771E-05 9.98771E-05 9.98771E-05 9.98771E-05 0.144409 0.0120217 9.98771E-05 0.107093 9.98771E-05 0.0215449 0.149812 0.00141336 9.98771E-05 9.98771E-05 9.98771E-05 9.98771E-05 9.98771E-05 9.98771E-05
9.98337E-05 9.98337E-05 9.98337E-05 9.98337E-05 9.98337E-05 9.98337E-05 9.98337E-05 9.98337E-05 9.98337E-05 9.98337E-05 9.98337E-05 9.98337E-05 9.98337E-05 0.924895 9.98337E-05 9.98337E-05 0.0732081 9.98337E-05 9.98337E-05 9.98337E-05 9.98337E-05
0.00711019 0.407412 0.103038 9.98858E-05 9.98858E-05 0.0534564 9.98858E-05 0.176848 9.98858E-05 9.98858E-05 9.98858E-05 0.0322807 0.112483 9.98858E-05 0.106073 9.98858E-05 9.98858E-05 9.98858E-05 9.98858E-05 9.98858E-05 9.98858E-05
0.0188777 9.9886E-05 9.9886E-05 9.9886E-05 0.0601856 0.00433139 9.9886E-05 9.9886E-05 9.9886E-05 9.9886E-05 0.176308 0.0280336 9.9886E-05 0.0740303 9.9886E-05 9.9886E-05 9.9886E-05 0.0415768 9.9886E-05 9.9886E-05 0.595359
9.98246E-05 9.98246E-05 9.98246E-05 9.98246E-05 9.98246E-05 9.98246E-05 9.98246E-05 9.98246E-05 9.98246E-05 9.98246E-05 9.98246E-05 9.98246E-05 9.98246E-05 9.98246E-05 9.98246E-05 9.98246E-05 9.98246E-05 9.98246E-05 9.98246E-05 9.98246E-05 0.998004
9.98684E-05 0.791096 9.98684E-05 9.98684E-05 0.0400887 9.98684E-05 9.98684E-05 0.0226313 9.98684E-05 9.98684E-05 9.98684E-05 9.98684E-05 9.98684E-05 9.98684E-05 9.98684E-05 0.0051476 0.0173336 0.122205 9.98684E-05 9.98684E-05 9.98684E-05
9.98422E-05 0.872818 9.98422E-05 9.98422E-05 9.98422E-05 9.98422E-05 9.98422E-05 0.0191926 9.98422E-05 9.98422E-05 9.98422E-05 9.98422E-05 9.98422E-05 9.98422E-05 9.98422E-05 9.98422E-05 9.98422E-05 9.98422E-05 0.106192 9.98422E-05 9.98422E-05
9.98246E-05 9.98246E-05 9.98246E-05 9.98246E-05 9.98246E-05 9.98246E-05 9.98246E-05 9.98246E-05 9.98246E-05 9.98246E-05 9.98246E-05 9.98246E-05 9.98246E-05 0.998004 9.98246E-05 9.98246E-05 9.98246E-05 9.98246E-05 9.98246E-05 9.98246E-05 9.98246E-05
9.98596E-05 9.98596E-05 9.98596E-05 9.98596E-05 9.98596E-05 0.0241484 9.98596E-05 0.0802703 9.98596E-05 0.00436823 9.98596E-05 9.98596E-05 9.98596E-05 9.98596E-05 9.98596E-05 0.0668104 9.98596E-05 9.98596E-05 9.98596E-05 9.98596E-05 0.822805
9.98598E-05 0.23047 9.98598E-05 9.98598E-05 9.98598E-05 0.0121328 9.98598E-05 0.0815996 9.98598E-05 9.98598E-05 9.98598E-05 9.98598E-05 9.98598E-05 9.98598E-05 0.0352852 9.98598E-05 9.98598E-05 9.98598E-05 9.98598E-05 9.98598E-05 0.638915
9.98683E-05 0.730714 9.98683E-05 9.98683E-05 9.98683E-05 9.98683E-05 9.98683E-05 0.0111214 9.98683E-05 9.98683E-05 0.0128368 9.98683E-05 0.0493794 9.98683E-05 9.98683E-05 9.98683E-05 0.011489 9.98683E-05 9.98683E-05 9.98683E-05 0.182962
9.98771E-05 9.98771E-05 0.0177548 9.98771E-05 9.98771E-05 9.98771E-05 9.98771E-05 0.141352 0.713308 0.0238917 9.98771E-05 0.0248171 9.98771E-05 9.98771E-05 9.98771E-05 0.0610348 9.98771E-05 9.98771E-05 0.0164427 9.98771E-05 9.98771E-05
9.98423E-05 9.98423E-05 9.98423E-05 0.00688041 9.98423E-05 9.98423E-05 9.98423E-05 9.98423E-05 0.968397 9.98423E-05 9.98423E-05 9.98423E-05 9.98423E-05 9.98423E-05 9.98423E-05 9.98423E-05 9.98423E-05 0.022925 9.98423E-05 9.98423E-05 9.98423E-05
9.98421E-05 9.98421E-05 9.98421E-05 9.98421E-05 9.98421E-05 9.98421E-05 9.98421E-05 9.98421E-05 0.850182 9.98421E-05 9.98421E-05 9.98421E-05 9.98421E-05 9.98421E-05 9.98421E-05 0.11147 0.036551 9.98421E-05 9.98421E-05 9.98421E-05 9.98421E-05
9.98771E-05 9.98771E-05 0.216824 9.98771E-05 9.98771E-05 9.98771E-05 9.98771E-05 0.00130917 0.281796 0.312197 9.98771E-05 0.133242 9.98771E-05 9.98771E-05 9.98771E-05 0.0427439 0.0104893 9.98771E-05 9.98771E-05 9.98771E-05 9.98771E-05
9.98857E-05 9.98857E-05 9.98857E-05 0.0580394 0.0149549 9.98857E-05 9.98857E-05 0.0501238 0.676618 9.98857E-05 0.0529654 0.0675169 9.98857E-05 9.98857E-05 9.98857E-05 0.0471667 0.0313162 9.98857E-05 9.98857E-05 9.98857E-05 9.98857E-05
9.98506E-05 9.98506E-05 9.98506E-05 9.98506E-05 9.98506E-05 9.98506E-05 9.98506E-05 0.193402 0.623541 9.98506E-05 0.110708 0.0706518 9.98506E-05 9.98506E-05 9.98506E-05 9.98506E-05 9.98506E-05 9.98506E-05 9.98506E-05 9.98506E-05 9.98506E-05
9.98506E-05 9.98506E-05 9.98506E-05 9.98506E-05 9.98506E-05 9.98506E-05 9.98506E-05 0.129088 0.538251 0.301935 9.98506E-05 9.98506E-05 9.98506E-05 9.98506E-05 0.0290277 9.98506E-05 9.98506E-05 9.98506E-05 9.98506E-05 9.98506E-05 9.98506E-05
9.98594E-05 9.98594E-05 9.98594E-05 9.98594E-05 9.98594E-05 9.98594E-05 9.98594E-05 0.120719 0.648219 0.0147701 9.98594E-05 0.00338402 9.98594E-05 9.98594E-05 9.98594E-05 0.211311 9.98594E-05 9.98594E-05 9.98594E-05 9.98594E-05 9.98594E-05
9.98333E-05 9.98333E-05 9.98333E-05 9.98333E-05 9.98333E-05 9.98333E-05 9.98333E-05 9.98333E-05 0.986375 9.98333E-05 9.98333E-05 9.98333E-05 0.0117286 9.98333E-05 9.98333E-05 9.98333E-05 9.98333E-05 9.98333E-05 9.98333E-05 9.98333E-05 9.98333E-05
9.98333E-05 9.98333E-05 9.98333E-05 9.98333E-05 9.98333E-05 9.98333E-05 9.98333E-05 9.98333E-05 0.935705 9.98333E-05 9.98333E-05 9.98333E-05 9.98333E-05 9.98333E-05 0.0623979 9.98333E-05 9.98333E-05 9.98333E-05 9.98333E-05 9.98333E-05 9.98333E-05
9.98506E-05 9.98506E-05 9.98506E-05 9.98506E-05 9.98506E-05 9.98506E-05 9.98506E-05 0.264535 0.567079 9.98506E-05 9.98506E-05 0.0315789 9.98506E-05 9.98506E-05 0.13511 9.98506E-05 9.98506E-05 9.98506E-05 9.98506E-05 9.98506E-05 9.98506E-05
9.98858E-05 9.98858E-05 9.98858E-05 9.98858E-05 9.98858E-05 9.98858E-05 0.0501649 0.0434291 0.526963 0.087803 0.121343 9.98858E-05 9.98858E-05 9.98858E-05 0.0285124 9.98858E-05 0.0160203 9.98858E-05 0.124467 9.98858E-05 9.98858E-05
9.9877E-05 9.9877E-05 0.0587217 9.9877E-05 0.0768113 9.9877E-05 0.0922575 9.9877E-05 0.513819 9.9877E-05 9.9877E-05 0.0798297 9.9877E-05 9.9877E-05 0.0516537 9.9877E-05 9.9877E-05 0.125509 9.9877E-05 9.9877E-05 9.9877E-05
9.98594E-05 9.98594E-05 9.98594E-05 9.98594E-05 0.00624088 9.98594E-05 9.98594E-05 0.262031 0.545621 0.0250036 0.159505 9.98594E-05 9.98594E-05 9.98594E-05 9.98594E-05 9.98594E-05 9.98594E-05 9.98594E-05 9.98594E-05 9.98594E-05 9.98594E-05
9.98511E-05 9.98511E-05 9.98511E-05 9.98511E-05 9.98511E-05 9.98511E-05 9.98511E-05 9.98511E-05 0.950026 9.98511E-05 9.98511E-05 9.98511E-05 0.00654576 9.98511E-05 0.00529478 9.98511E-05 9.98511E-05 0.0364364 9.98511E-05 9.98511E-05 9.98511E-05
9.98597E-05 9.98597E-05 9.98597E-05 9.98597E-05 9.98597E-05 0.0221177 9.98597E-05 0.0157607 0.870235 9.98597E-05 9.98597E-05 0.0406259 9.98597E-05 9.98597E-05 0.049663 9.98597E-05 9.98597E-05 9.98597E-05 9.98597E-05 9.98597E-05 9.98597E-05
9.98681E-05 9.98681E-05 0.0315606 9.98681E-05 9.98681E-05 0.0288314 9.98681E-05 9.98681E-05 0.737212 0.00391748 9.98681E-05 9.98681E-05 9.98681E-05 9.98681E-05 9.98681E-05 0.127527 0.0694535 9.98681E-05 9.98681E-05 9.98681E-05 9.98681E-05
9.98682E-05 9.98682E-05 9.98682E-05 9.98682E-05 9.98682E-05 0.0373659 0.0839764 9.98682E-05 0.647035 9.98682E-05 0.121919 0.0319608 9.98682E-05 9.98682E-05 0.0762454 9.98682E-05 9.98682E-05 9.98682E-05 9.98682E-05 9.98682E-05 9.98682E-05
9.9842E-05 9.9842E-05 9.9842E-05 9.9842E-05 9.9842E-05 9.9842E-05 9.9842E-05 0.0415769 0.864553 9.9842E-05 9.9842E-05 9.9842E-05 9.9842E-05 9.9842E-05 9.9842E-05 0.0920727 9.9842E-05 9.9842E-05 9.9842E-05 9.9842E-05 9.9842E-05
9.98505E-05 9.98505E-05 9.98505E-05 9.98505E-05 9.98505E-05 9.98505E-05 9.98505E-05 0.183559 0.593657 9.98505E-05 9.98505E-05 9.98505E-05 0.169132 9.98505E-05 9.98505E-05 9.98505E-05 9.98505E-05 0.0519548 9.98505E-05 9.98505E-05 9.98505E-05
9.98337E-05 9.98337E-05 9.98337E-05 9.98337E-05 9.98337E-05 9.98337E-05 9.98337E-05 9.98337E-05 0.964539 9.98337E-05 9.98337E-05 9.98337E-05 9.98337E-05 9.98337E-05 9.98337E-05 9.98337E-05 9.98337E-05 9.98337E-05 9.98337E-05 0.0335638 9.98337E-05
9.98595E-05 9.98595E-05 9.98595E-05 9.98595E-05 9.98595E-05 0.0919644 9.98595E-05 0.0819385 0.576497 9.98595E-05 0.20067 9.98595E-05 0.0473327 9.98595E-05 9.98595E-05 9.98595E-05 9.98595E-05 9.98595E-05 9.98595E-05 9.98595E-05 9.98595E-05
9.98422E-05 9.98422E-05 0.223553 9.98422E-05 9.98422E-05 9.98422E-05 9.98422E-05 9.98422E-05 0.70056 0.07409 9.98422E-05 9.98422E-05 9.98422E-05 9.98422E-05 9.98422E-05 9.98422E-05 9.98422E-05 9.98422E-05 9.98422E-05 9.98422E-05 9.98422E-05
0.0448107 9.98946E-05 0.0262989 0.0144706 9.98946E-05 0.0855193 9.98946E-05 9.98946E-05 0.663537 9.98946E-05 9.98946E-05 0.0286022 9.98946E-05 0.0173274 0.0585981 9.98946E-05 0.0596371 9.98946E-05 9.98946E-05 9.98946E-05 9.98946E-05
9.98419E-05 9.98419E-05 9.98419E-05 9.98419E-05 9.98419E-05 9.98419E-05 0.0725668 9.98419E-05 0.789015 9.98419E-05 9.98419E-05 9.98419E-05 9.98419E-05 9.98419E-05 0.136621 9.98419E-05 9.98419E-05 9.98419E-05 9.98419E-05 9.98419E-05 9.98419E-05
9.98423E-05 0.0653332 9.98423E-05 9.98423E-05 9.98423E-05 9.98423E-05 9.98423E-05 9.98423E-05 0.888335 9.98423E-05 9.98423E-05 0.0445348 9.98423E-05 9.98423E-05 9.98423E-05 9.98423E-05 9.98423E-05 9.98423E-05 9.98423E-05 9.98423E-05 9.98423E-05
9.98336E-05 9.98336E-05 9.98336E-05 9.98336E-05 9.98336E-05 9.98336E-05 0.0155998 9.98336E-05 0.982503 9.98336E-05 9.98336E-05 9.98336E-05 9.98336E-05 9.98336E-05 9.98336E-05 9.98336E-05 9.98336E-05 9.98336E-05 9.98336E-05 9.98336E-05 9.98336E-05
9.98246E-05 9.98246E-05 9.98246E-05 9.98246E-05 9.98246E-05 9.98246E-05 9.98246E-05 9.98246E-05 0.998004 9.98246E-05 9.98246E-05 9.98246E-05 9.98246E-05 9.98246E-05 9.98246E-05 9.98246E-05 9.98246E-05 9.98246E-05 9.98246E-05 9.98246E-05 9.98246E-05
9.98421E-05 9.98421E-05 9.98421E-05 9.98421E-05 9.98421E-05 9.98421E-05 0.0114783 9.98421E-05 0.889268 9.98421E-05 9.98421E-05 9.98421E-05 9.98421E-05 9.98421E-05 9.98421E-05 0.0974567 9.98421E-05 9.98421E-05 9.98421E-05 9.98421E-05 9.98421E-05
9.98684E-05 0.12882 9.98684E-05 9.98684E-05 9.98684E-05 9.98684E-05 9.98684E-05 0.136663 0.423769 9.98684E-05 9.98684E-05 0.00714585 0.171212 9.98684E-05 9.98684E-05 9.98684E-05 9.98684E-05 9.98684E-05 9.98684E-05 0.130893 9.98684E-05
9.98421E-05 9.98421E-05 0.73016 9.98421E-05 9.98421E-05 9.98421E-05 9.98421E-05 0.0744373 9.98421E-05 9.98421E-05 9.98421E-05 0.193606 9.98421E-05 9.98421E-05 9.98421E-05 9.98421E-05 9.98421E-05 9.98421E-05 9.98421E-05 9.98421E-05 9.98421E-05
9.9851E-05 9.9851E-05 0.487649 9.9851E-05 9.9851E-05 9.9851E-05 9.9851E-05 0.034773 9.9851E-05 9.9851E-05 9.9851E-05 0.0218766 9.9851E-05 9.9851E-05 9.9851E-05 9.9851E-05 9.9851E-05 9.9851E-05 9.9851E-05 0.454004 9.9851E-05
9.98684E-05 9.98684E-05 0.876779 9.98684E-05 0.030044 9.98684E-05 0.00635246 0.0766358 9.98684E-05 9.98684E-05 9.98684E-05 9.98684E-05 9.98684E-05 9.98684E-05 0.00727601 0.00141482 9.98684E-05 9.98684E-05 9.98684E-05 9.98684E-05 9.98684E-05
9.98594E-05 9.98594E-05 0.818723 9.98594E-05 9.98594E-05 9.98594E-05 9.98594E-05 0.126842 9.98594E-05 9.98594E-05 9.98594E-05 0.0409584 9.98594E-05 9.98594E-05 0.00980716 0.00207108 9.98594E-05 9.98594E-05 9.98594E-05 9.98594E-05 9.98594E-05
0.00978612 9.98418E-05 0.917947 9.98418E-05 9.98418E-05 9.98418E-05 9.98418E-05 9.98418E-05 9.98418E-05 9.98418E-05 9.98418E-05 0.0704696 9.98418E-05 9.98418E-05 9.98418E-05 9.98418E-05 9.98418E-05 9.98418E-05 9.98418E-05 9.98418E-05 9.98418E-05
9.98509E-05 9.98509E-05 0.606765 9.98509E-05 9.98509E-05 9.98509E-05 9.98509E-05 0.164286 9.98509E-05 0.10471 9.98509E-05 0.122542 9.98509E-05 9.98509E-05 9.98509E-05 9.98509E-05 9.98509E-05 9.98509E-05 9.98509E-05 9.98509E-05 9.98509E-05
9.98596E-05 9.98596E-05 0.736437 9.98596E-05 9.98596E-05 9.98596E-05 9.98596E-05 0.101893 9.98596E-05 9.98596E-05 0.051458 0.0907076 9.98596E-05 9.98596E-05 9.98596E-05 0.0179072 9.98596E-05 9.98596E-05 9.98596E-05 9.98596E-05 9.98596E-05
9.98332E-05 9.98332E-05 0.737039 9.98332E-05 9.98332E-05 9.98332E-05 9.98332E-05 9.98332E-05 9.98332E-05 9.98332E-05 9.98332E-05 0.261064 9.98332E-05 9.98332E-05 9.98332E-05 9.98332E-05 9.98332E-05 9.98332E-05 9.98332E-05 9.98332E-05 9.98332E-05
9.98594E-05 9.98594E-05 0.427436 9.98594E-05 9.98594E-05 9.98594E-05 9.98594E-05 0.0393466 9.98594E-05 0.113226 9.98594E-05 0.305334 0.113059 9.98594E-05 9.98594E-05 9.98594E-05 9.98594E-05 9.98594E-05 9.98594E-05 9.98594E-05 9.98594E-05
9.98422E-05 9.98422E-05 0.530481 9.98422E-05 9.98422E-05 9.98422E-05 9.98422E-05 0.270605 9.98422E-05 9.98422E-05 9.98422E-05 0.197116 9.98422E-05 9.98422E-05 9.98422E-05 9.98422E-05 9.98422E-05 9.98422E-05 9.98422E-05 9.98422E-05 9.98422E-05
9.98508E-05 9.98508E-05 0.45617 9.98508E-05 9.98508E-05 9.98508E-05 9.98508E-05 9.98508E-05 9.98508E-05 0.246679 9.98508E-05 9.98508E-05 9.98508E-05 9.98508E-05 0.0394778 9.98508E-05 9.98508E-05 9.98508E-05 9.98508E-05 0.255976 9.98508E-05
9.98597E-05 9.98597E-05 0.741021 9.98597E-05 9.98597E-05 9.98597E-05 9.98597E-05 0.038161 9.98597E-05 0.1453 9.98597E-05 9.98597E-05 9.98597E-05 9.98597E-05 9.98597E-05 9.98597E-05 9.98597E-05 9.98597E-05 9.98597E-05 0.0541294 0.0197908
9.98335E-05 9.98335E-05 0.934492 9.98335E-05 9.98335E-05 9.98335E-05 9.98335E-05 9.98335E-05 9.98335E-05 9.98335E-05 9.98335E-05 0.0636113 9.98335E-05 9.98335E-05 9.98335E-05 9.98335E-05 9.98335E-05 9.98335E-05 9.98335E-05 9.98335E-05 9.98335E-05
0.0148247 9.98685E-05 0.543927 9.98685E-05 9.98685E-05 9.98685E-05 9.98685E-05 0.271295 9.98685E-05 0.0174066 9.98685E-05 0.112331 9.98685E-05 9.98685E-05 9.98685E-05 9.98685E-05 9.98685E-05 9.98685E-05 9.98685E-05 0.0387178 9.98685E-05
9.98684E-05 9.98684E-05 0.739853 9.98684E-05 9.98684E-05 9.98684E-05 0.0312333 9.98684E-05 9.98684E-05 9.98684E-05 9.98684E-05 0.0688428 0.00485989 9.98684E-05 9.98684E-05 0.139673 9.98684E-05 9.98684E-05 9.98684E-05 0.0140394 9.98684E-05
9.98596E-05 9.98596E-05 0.679363 9.98596E-05 9.98596E-05 9.98596E-05 9.98596E-05 0.129383 9.98596E-05 0.0485923 9.98596E-05 9.98596E-05 0.0912508 9.98596E-05 9.98596E-05 9.98596E-05 0.049813 9.98596E-05 9.98596E-05 9.98596E-05 9.98596E-05
9.98684E-05 9.98684E-05 0.563513 9.98684E-05 9.98684E-05 9.98684E-05 9.98684E-05 0.0983318 9.98684E-05 0.258544 9.98684E-05 9.98684E-05 9.98684E-05 9.98684E-05 9.98684E-05 0.0446488 9.98684E-05 9.98684E-05 0.00676606 0.0266981 9.98684E-05
9.98686E-05 9.98686E-05 0.723695 9.98686E-05 0.0164402 9.98686E-05 9.98686E-05 9.98686E-05 9.98686E-05 9.98686E-05 0.0529583 0.0917868 9.98686E-05 0.104814 9.98686E-05 9.98686E-05 0.00880758 9.98686E-05 9.98686E-05 9.98686E-05 9.98686E-05
9.98422E-05 9.98422E-05 0.98299 9.98422E-05 9.98422E-05 9.98422E-05 9.98422E-05 9.98422E-05 9.98422E-05 0.00704431 9.98422E-05 9.98422E-05 9.98422E-05 9.98422E-05 0.00816829 9.98422E-05 9.98422E-05 9.98422E-05 9.98422E-05 9.98422E-05 9.98422E-05
9.98684E-05 9.98684E-05 0.4102 0.142749 9.98684E-05 9.98684E-05 9.98684E-05 0.0667584 9.98684E-05 9.98684E-05 9.98684E-05 0.101285 0.138933 9.98684E-05 9.98684E-05 9.98684E-05 9.98684E-05 9.98684E-05 9.98684E-05 0.138577 9.98684E-05
9.98685E-05 9.98685E-05 0.671803 9.98685E-05 9.98685E-05 9.98685E-05 9.98685E-05 0.0784264 9.98685E-05 0.19933 9.98685E-05 0.0328629 9.98685E-05 9.98685E-05 9.98685E-05 0.0136798 9.98685E-05 9.98685E-05 9.98685E-05 0.00239973 9.98685E-05
9.98596E-05 9.98596E-05 0.871456 9.98596E-05 9.98596E-05 9.98596E-05 0.074924 9.98596E-05 9.98596E-05 9.98596E-05 9.98596E-05 0.0163487 9.98596E-05 9.98596E-05 0.0187695 0.0169041 9.98596E-05 9.98596E-05 9.98596E-05 9.98596E-05 9.98596E-05
9.98596E-05 9.98596E-05 0.442855 0.0408483 9.98596E-05 9.98596E-05 9.98596E-05 0.21271 9.98596E-05 0.0899206 9.98596E-05 0.212068 9.98596E-05 9.98596E-05 9.98596E-05 9.98596E-05 9.98596E-05 9.98596E-05 9.98596E-05 9.98596E-05 9.98596E-05
9.98509E-05 9.98509E-05 0.699841 9.98509E-05 9.98509E-05 9.98509E-05 9.98509E-05 9.98509E-05 9.98509E-05 9.98509E-05 9.98509E-05 0.183752 9.98509E-05 9.98509E-05 9.98509E-05 9.98509E-05 9.98509E-05 9.98509E-05 0.034665 0.0800448 9.98509E-05
9.98596E-05 9.98596E-05 0.429899 0.0554506 9.98596E-05 9.98596E-05 9.98596E-05 0.236838 9.98596E-05 0.0403088 9.98596E-05 0.235906 9.98596E-05 9.98596E-05 9.98596E-05 9.98596E-05 9.98596E-05 9.98596E-05 9.98596E-05 9.98596E-05 9.98596E-05
9.9886E-05 9.9886E-05 0.344769 9.9886E-05 9.9886E-05 9.9886E-05 0.0307611 0.118213 0.0303969 0.105549 9.9886E-05 0.150914 9.9886E-05 9.9886E-05 9.9886E-05 9.9886E-05 9.9886E-05 0.0230871 9.9886E-05 0.195011 9.9886E-05
0.101312 9.98684E-05 0.259129 0.0107083 0.0158437 9.98684E-05 9.98684E-05 0.0960189 9.98684E-05 9.98684E-05 9.98684E-05 9.98684E-05 9.98684E-05 9.98684E-05 9.98684E-05 9.98684E-05 9.98684E-05 9.98684E-05 9.98684E-05 0.515489 9.98684E-05
9.98506E-05 9.98506E-05 0.788728 9.98506E-05 9.98506E-05 0.104903 9.98506E-05 0.0593962 9.98506E-05 9.98506E-05 9.98506E-05 0.0452759 9.98506E-05 9.98506E-05 9.98506E-05 9.98506E-05 9.98506E-05 9.98506E-05 9.98506E-05 9.98506E-05 9.98506E-05
9.9851E-05 9.9851E-05 0.531433 9.9851E-05 9.9851E-05 9.9851E-05 9.9851E-05 0.172045 9.9851E-05 0.0416106 9.9851E-05 0.253215 9.9851E-05 9.9851E-05 9.9851E-05 9.9851E-05 9.9851E-05 9.9851E-05 9.9851E-05 9.9851E-05 9.9851E-05
9.98598E-05 9.98598E-05 0.845295 0.0037538 9.98598E-05 9.98598E-05 9.98598E-05 0.10359 9.98598E-05 9.98598E-05 9.98598E-05 9.98598E-05 9.98598E-05 9.98598E-05 0.0389062 0.0068569 9.98598E-05 9.98598E-05 9.98598E-05 9.98598E-05 9.98598E-05
9.98685E-05 9.98685E-05 0.687449 9.98685E-05 9.98685E-05 9.98685E-05 9.98685E-05 0.210756 9.98685E-05 0.0163277 9.98685E-05 0.0329799 9.98685E-05 9.98685E-05 0.0320201 9.98685E-05 9.98685E-05 0.0189699 9.98685E-05 9.98685E-05 9.98685E-05
9.9842E-05 9.9842E-05 0.954772 9.9842E-05 9.9842E-05 9.9842E-05 9.9842E-05 0.0149059 9.9842E-05 9.9842E-05 9.9842E-05 9.9842E-05 9.9842E-05 9.9842E-05 9.9842E-05 9.9842E-05 9.9842E-05 0.0285246 9.9842E-05 9.9842E-05 9.9842E-05
9.98508E-05 9.98508E-05 0.384922 0.150732 9.98508E-05 9.98508E-05 9.98508E-05 0.19522 9.98508E-05 9.98508E-05 9.98508E-05 0.267429 9.98508E-05 9.98508E-05 9.98508E-05 9.98508E-05 9.98508E-05 9.98508E-05 9.98508E-05 9.98508E-05 9.98508E-05
9.98333E-05 9.98333E-05 0.839788 9.98333E-05 9.98333E-05 9.98333E-05 9.98333E-05 9.98333E-05 9.98333E-05 9.98333E-05 0.158315 9.98333E-05 9.98333E-05 9.98333E-05 9.98333E-05 9.98333E-05 9.98333E-05 9.98333E-05 9.98333E-05 9.98333E-05 9.98333E-05
9.98509E-05 9.98509E-05 0.781661 9.98509E-05 9.98509E-05 9.98509E-05 9.98509E-05 0.107318 9.98509E-05 9.98509E-05 9.98509E-05 0.0684415 9.98509E-05 9.98509E-05 9.98509E-05 9.98509E-05 9.98509E-05 9.98509E-05 9.98509E-05 0.0408826 9.98509E-05
9.98683E-05 9.98683E-05 0.611238 9.98683E-05 9.98683E-05 9.98683E-05 0.0774427 9.98683E-05 9.98683E-05 9.98683E-05 9.98683E-05 0.0664718 0.142985 9.98683E-05 0.0522504 9.98683E-05 9.98683E-05 9.98683E-05 9.98683E-05 0.0481137 9.98683E-05
9.98507E-05 9.98507E-05 0.665567 9.98507E-05 9.98507E-05 9.98507E-05 0.00756841 0.271001 9.98507E-05 9.98507E-05 9.98507E-05 0.0541658 9.98507E-05 9.98507E-05 9.98507E-05 9.98507E-05 9.98507E-05 9.98507E-05 9.98507E-05 9.98507E-05 9.98507E-05
9.98507E-05 9.98507E-05 0.490831 9.98507E-05 9.98507E-05 9.98507E-05 9.98507E-05 0.00226153 9.98507E-05 9.98507E-05 9.98507E-05 0.0700939 9.98507E-05 9.98507E-05 9.98507E-05 9.98507E-05 9.98507E-05 9.98507E-05 9.98507E-05 0.435117 9.98507E-05
9.98598E-05 9.98598E-05 0.729032 0.0204759 9.98598E-05 9.98598E-05 9.98598E-05 0.124969 9.98598E-05 9.98598E-05 9.98598E-05 9.98598E-05 9.98598E-05 9.98598E-05 9.98598E-05 0.0066129 9.98598E-05 9.98598E-05 9.98598E-05 0.117312 9.98598E-05
9.98337E-05 9.98337E-05 0.75575 9.98337E-05 9.98337E-05 9.98337E-05 9.98337E-05 9.98337E-05 9.98337E-05 9.98337E-05 9.98337E-05 9.98337E-05 9.98337E-05 9.98337E-05 9.98337E-05 9.98337E-05 9.98337E-05 9.98337E-05 9.98337E-05 0.242354 9.98337E-05
9.98421E-05 9.98421E-05 0.570915 9.98421E-05 9.98421E-05 9.98421E-05 9.98421E-05 9.98421E-05 9.98421E-05 0.0380617 9.98421E-05 9.98421E-05 9.98421E-05 9.98421E-05 9.98421E-05 9.98421E-05 9.98421E-05 9.98421E-05 9.98421E-05 0.389226 9.98421E-05
9.9877E-05 9.9877E-05 0.45316 9.9877E-05 0.00801596 9.9877E-05 9.9877E-05 0.27716 9.9877E-05 0.175856 9.9877E-05 0.0559861 0.0213576 9.9877E-05 0.00706555 9.9877E-05 9.9877E-05 9.9877E-05 9.9877E-05 9.9877E-05 9.9877E-05
9.98507E-05 9.98507E-05 0.743592 9.98507E-05 9.98507E-05 9.98507E-05 9.98507E-05 9.98507E-05 9.98507E-05 9.98507E-05 9.98507E-05 0.141078 0.0767255 9.98507E-05 9.98507E-05 9.98507E-05 9.98507E-05 9.98507E-05 0.0369073 9.98507E-05 9.98507E-05
0.0455402 9.98772E-05 0.0673599 0.0454517 9.98772E-05 9.98772E-05 9.98772E-05 0.0755288 9.98772E-05 9.98772E-05 9.98772E-05 0.15623 0.00141175 9.98772E-05 9.98772E-05 9.98772E-05 9.98772E-05 9.98772E-05 9.98772E-05 0.607079 9.98772E-05
9.98684E-05 9.98684E-05 0.43252 9.98684E-05 9.98684E-05 9.98684E-05 9.98684E-05 0.0335426 9.98684E-05 9.98684E-05 9.98684E-05 0.0268218 9.98684E-05 9.98684E-05 0.00977908 9.98684E-05 9.98684E-05 9.98684E-05 9.98684E-05 0.474448 0.0213909
9.98595E-05 9.98595E-05 0.524592 0.104347 9.98595E-05 9.98595E-05 9.98595E-05 9.98595E-05 9.98595E-05 0.164851 0.0396746 0.164938 9.98595E-05 9.98595E-05 9.98595E-05 9.98595E-05 9.98595E-05 9.98595E-05 9.98595E-05 9.98595E-05 9.98595E-05
9.98773E-05 9.98773E-05 0.58724 9.98773E-05 9.98773E-05 9.98773E-05 9.98773E-05 0.0707317 0.207399 9.98773E-05 9.98773E-05 0.0787377 0.0384897 9.98773E-05 0.0127902 0.003214 9.98773E-05 9.98773E-05 9.98773E-05 9.98773E-05 9.98773E-05
0.0426654 9.98773E-05 0.616918 9.98773E-05 9.98773E-05 9.98773E-05 0.0720249 9.98773E-05 9.98773E-05 0.0337653 9.98773E-05 0.153679 0.0449503 9.98773E-05 9.98773E-05 9.98773E-05 9.98773E-05 0.0345987 9.98773E-05 9.98773E-05 9.98773E-05
9.98685E-05 9.98685E-05 0.449803 0.042152 9.98685E-05 9.98685E-05 9.98685E-05 0.141693 9.98685E-05 9.98685E-05 0.0626566 0.281241 9.98685E-05 9.98685E-05 0.0209567 9.98685E-05 9.98685E-05 9.98685E-05 9.98685E-05 9.98685E-05 9.98685E-05
9.98421E-05 9.98421E-05 0.592831 9.98421E-05 9.98421E-05 9.98421E-05 9.98421E-05 0.0287131 9.98421E-05 9.98421E-05 9.98421E-05 9.98421E-05 9.98421E-05 9.98421E-05 9.98421E-05 9.98421E-05 9.98421E-05 9.98421E-05 9.98421E-05 0.376659 9.98421E-05
9.98508E-05 9.98508E-05 0.640005 9.98508E-05 9.98508E-05 0.166742 9.98508E-05 0.176653 9.98508E-05 9.98508E-05 9.98508E-05 9.98508E-05 9.98508E-05 9.98508E-05 0.014902 9.98508E-05 9.98508E-05 9.98508E-05 9.98508E-05 9.98508E-05 9.98508E-05
9.98596E-05 9.98596E-05 0.248891 9.98596E-05 9.98596E-05 9.98596E-05 9.98596E-05 9.98596E-05 9.98596E-05 0.132008 9.98596E-05 0.123649 9.98596E-05 9.98596E-05 0.0356049 9.98596E-05 9.98596E-05 9.98596E-05 9.98596E-05 0.45825 9.98596E-05
9.98598E-05 9.98598E-05 0.641498 9.98598E-05 9.98598E-05 9.98598E-05 9.98598E-05 0.13828 9.98598E-05 9.98598E-05 9.98598E-05 0.0819912 0.0130045 9.98598E-05 9.98598E-05 9.98598E-05 9.98598E-05 9.98598E-05 9.98598E-05 0.123629 9.98598E-05
9.98596E-05 9.98596E-05 0.760118 9.98596E-05 9.98596E-05 9.98596E-05 9.98596E-05 9.98596E-05 9.98596E-05 0.0578575 9.98596E-05 0.0872317 9.98596E-05 9.98596E-05 9.98596E-05 0.0279048 9.98596E-05 0.0652898 9.98596E-05 9.98596E-05 9.98596E-05
9.98419E-05 9.98419E-05 0.925084 9.98419E-05 9.98419E-05 0.0661659 9.98419E-05 9.98419E-05 9.98419E-05 9.98419E-05 9.98419E-05 9.98419E-05 9.98419E-05 9.98419E-05 0.00695342 9.98419E-05 9.98419E-05 9.98419E-05 9.98419E-05 9.98419E-05 9.98419E-05
9.98507E-05 9.98507E-05 0.374407 9.98507E-05 9.98507E-05 9.98507E-05 9.98507E-05 0.0787105 9.98507E-05 0.293168 9.98507E-05 0.252017 9.98507E-05 9.98507E-05 9.98507E-05 9.98507E-05 9.98507E-05 9.98507E-05 9.98507E-05 9.98507E-05 9.98507E-05
9.9842E-05 9.9842E-05 0.722801 9.9842E-05 9.9842E-05 9.9842E-05 9.9842E-05 0.122499 9.9842E-05 9.9842E-05 9.9842E-05 0.152903 9.9842E-05 9.9842E-05 9.9842E-05 9.9842E-05 9.9842E-05 9.9842E-05 9.9842E-05 9.9842E-05 9.9842E-05
9.98507E-05 9.98507E-05 0.956416 9.98507E-05 9.98507E-05 9.98507E-05 9.98507E-05 0.00479183 9.98507E-05 9.98507E-05 9.98507E-05 0.0243995 9.98507E-05 9.98507E-05 9.98507E-05 9.98507E-05 9.98507E-05 0.0126956 9.98507E-05 9.98507E-05 9.98507E-05
9.98509E-05 9.98509E-05 0.802107 0.136397 9.98509E-05 9.98509E-05 9.98509E-05 0.0401395 9.98509E-05 9.98509E-05 9.98509E-05 9.98509E-05 9.98509E-05 9.98509E-05 9.98509E-05 9.98509E-05 9.98509E-05 9.98509E-05 9.98509E-05 0.0196597 9.98509E-05
9.98597E-05 9.98597E-05 0.646241 9.98597E-05 9.98597E-05 9.98597E-05 9.98597E-05 0.122838 9.98597E-05 0.0655782 9.98597E-05 0.0696639 9.98597E-05 9.98597E-05 9.98597E-05 9.98597E-05 9.98597E-05 9.98597E-05 9.98597E-05 0.0940813 9.98597E-05
9.98242E-05 9.98242E-05 9.98242E-05 9.98242E-05 9.98242E-05 9.98242E-05 9.98242E-05 0.998004 9.98242E-05 9.98242E-05 9.98242E-05 9.98242E-05 9.98242E-05 9.98242E-05 9.98242E-05 9.98242E-05 9.98242E-05 9.98242E-05 9.98242E-05 9.98242E-05 9.98242E-05
9.98241E-05 9.98241E-05 9.98241E-05 9.98241E-05 9.98241E-05 9.98241E-05 9.98241E-05 9.98241E-05 9.98241E-05 9.98241E-05 9.98241E-05 0.998004 9.98241E-05 9.98241E-05 9.98241E-05 9.98241E-05 9.98241E-05 9.98241E-05 9.98241E-05 9.98241E-05 9.98241E-05
9.98243E-05 9.98243E-05 9.98243E-05 9.98243E-05 9.98243E-05 9.98243E-05 9.98243E-05 0.998004 9.98243E-05 9.98243E-05 9.98243E-05 9.98243E-05 9.98243E-05 9.98243E-05 9.98243E-05 9.98243E-05 9.98243E-05 9.98243E-05 9.98243E-05 9.98243E-05 9.98243E-05
9.98241E-05 9.98241E-05 9.98241E-05 9.98241E-05 9.98241E-05 9.98241E-05 9.98241E-05 9.98241E-05 9.98241E-05 9.98241E-05 9.98241E-05 0.998004 9.98241E-05 9.98241E-05 9.98241E-05 9.98241E-05 9.98241E-05 9.98241E-05 9.98241E-05 9.98241E-05 9.98241E-05
9.98244E-05 9.98244E-05 9.98244E-05 9.98244E-05 9.98244E-05 9.98244E-05 9.98244E-05 9.98244E-05 9.98244E-05 9.98244E-05 9.98244E-05 0.998004 9.98244E-05 9.98244E-05 9.98244E-05 9.98244E-05 9.98244E-05 9.98244E-05 9.98244E-05 9.98244E-05 9.98244E-05
9.98242E-05 9.98242E-05 9.98242E-05 9.98242E-05 9.98242E-05 9.98242E-05 9.98242E-05 9.98242E-05 9.98242E-05 9.98242E-05 9.98242E-05 0.998004 9.98242E-05 9.98242E-05 9.98242E-05 9.98242E-05 9.98242E-05 9.98242E-05 9.98242E-05 9.98242E-05 9.98242E-05
9.98243E-05 9.98243E-05 9.98243E-05 9.98243E-05 9.98243E-05 9.98243E-05 9.98243E-05 0.998004 9.98243E-05 9.98243E-05 9.98243E-05 9.98243E-05 9.98243E-05 9.98243E-05 9.98243E-05 9.98243E-05 9.98243E-05 9.98243E-05 9.98243E-05 9.98243E-05 9.98243E-05
9.98242E-05 9.98242E-05 9.98242E-05 9.98242E-05 9.98242E-05 9.98242E-05 9.98242E-05 9.98242E-05 9.98242E-05 9.98242E-05 9.98242E-05 0.998004 9.98242E-05 9.98242E-05 9.98242E-05 9.98242E-05 9.98242E-05 9.98242E-05 9.98242E-05 9.98242E-05 9.98242E-05
9.98241E-05 9.98241E-05 9.98241E-05 9.98241E-05 9.98241E-05 9.98241E-05 9.98241E-05 9.98241E-05 9.98241E-05 9.98241E-05 9.98241E-05 0.998004 9.98241E-05 9.98241E-05 9.98241E-05 9.98241E-05 9.98241E-05 9.98241E-05 9.98241E-05 9.98241E-05 9.98241E-05
9.98242E-05 9.98242E-05 9.98242E-05 9.98242E-05 9.98242E-05 9.98242E-05 9.98242E-05 0.998004 9.98242E-05 9.98242E-05 9.98242E-05 9.98242E-05 9.98242E-05 9.98242E-05 9.98242E-05 9.98242E-05 9.98242E-05 9.98242E-05 9.98242E-05 9.98242E-05 9.98242E-05
9.98242E-05 9.98242E-05 9.98242E-05 9.98242E-05 9.98242E-05 9.98242E-05 9.98242E-05 0.998004 9.98242E-05 9.98242E-05 9.98242E-05 9.98242E-05 9.98242E-05 9.98242E-05 9.98242E-05 9.98242E-05 9.98242E-05 9.98242E-05 9.98242E-05 9.98242E-05 9.98242E-05
9.98242E-05 9.98242E-05 9.98242E-05 9.98242E-05 9.98242E-05 9.98242E-05 9.98242E-05 0.998004 9.98242E-05 9.98242E-05 9.98242E-05 9.98242E-05 9.98242E-05 9.98242E-05 9.98242E-05 9.98242E-05 9.98242E-05 9.98242E-05 9.98242E-05 9.98242E-05 9.98242E-05
9.98241E-05 9.98241E-05 9.98241E-05 9.98241E-05 9.98241E-05 9.98241E-05 9.98241E-05 9.98241E-05 9.98241E-05 9.98241E-05 9.98241E-05 0.998004 9.98241E-05 9.98241E-05 9.98241E-05 9.98241E-05 9.98241E-05 9.98241E-05 9.98241E-05 9.98241E-05 9.98241E-05
9.98243E-05 9.98243E-05 9.98243E-05 9.98243E-05 9.98243E-05 9.98243E-05 9.98243E-05 9.98243E-05 9.98243E-05 9.98243E-05 9.98243E-05 0.998004 9.98243E-05 9.98243E-05 9.98243E-05 9.98243E-05 9.98243E-05 9.98243E-05 9.98243E-05 9.98243E-05 9.98243E-05
9.98242E-05 9.98242E-05 9.98242E-05 9.98242E-05 9.98242E-05 9.98242E-05 9.98242E-05 0.998004 9.98242E-05 9.98242E-05 9.98242E-05 9.98242E-05 9.98242E-05 9.98242E-05 9.98242E-05 9.98242E-05 9.98242E-05 9.98242E-05 9.98242E-05 9.98242E-05 9.98242E-05
9.98241E-05 9.98241E-05 9.98241E-05 9.98241E-05 9.98241E-05 9.98241E-05 9.98241E-05 0.998004 9.98241E-05 9.98241E-05 9.98241E-05 9.98241E-05 9.98241E-05 9.98241E-05 9.98241E-05 9.98241E-05 9.98241E-05 9.98241E-05 9.98241E-05 9.98241E-05 9.98241E-05
0.017835 9.98858E-05 0.479237 0.000746924 9.98858E-05 0.108264 9.98858E-05 0.128908 9.98858E-05 9.98858E-05 9.98858E-05 0.0802791 0.117847 9.98858E-05 9.98858E-05 9.98858E-05 0.0655851 9.98858E-05 9.98858E-05 9.98858E-05 9.98858E-05
