0.0229477 9.99473E-05 0.142939 9.99473E-05 0.345944 0.00861311 0.151476 9.99473E-05 9.99473E-05 9.99473E-05 0.187815 0.0226805 9.99473E-05 0.116985
0.0372783 9.99385E-05 9.99385E-05 9.99385E-05 0.623554 0.0353603 9.99385E-05 9.99385E-05 9.99385E-05 0.0156213 0.131231 0.0124194 9.99385E-05 0.143836
9.99298E-05 0.00778363 0.0027317 0.0506605 0.845099 9.99298E-05 9.99298E-05 9.99298E-05 9.99298E-05 9.99298E-05 0.0598551 0.0330708 9.99298E-05 9.99298E-05
0.039299 9.99473E-05 9.99473E-05 9.99473E-05 0.268179 0.0662873 0.146659 0.0345718 0.0192848 0.355022 9.99473E-05 0.0700977 9.99473E-05 9.99473E-05
9.9921E-05 9.9921E-05 9.9921E-05 0.107063 0.830638 9.9921E-05 9.9921E-05 0.00233815 9.9921E-05 0.011404 9.9921E-05 9.9921E-05 9.9921E-05 0.0476576
0.0167358 9.99561E-05 9.99561E-05 0.142643 0.17552 9.99561E-05 0.0130104 0.192457 9.99561E-05 0.0399116 0.296284 0.00875085 9.99561E-05 0.114188
9.99474E-05 9.99474E-05 0.131808 9.99474E-05 0.292145 0.116118 0.151734 9.99474E-05 9.99474E-05 0.0976205 0.05791 0.0505667 9.99474E-05 0.101499
9.99386E-05 0.0495609 9.99386E-05 0.163585 0.220474 9.99386E-05 0.233244 0.163125 9.99386E-05 0.0738696 9.99386E-05 9.99386E-05 0.0954427 9.99386E-05
9.9921E-05 9.9921E-05 0.245415 9.9921E-05 0.296881 9.9921E-05 9.9921E-05 0.22808 9.9921E-05 9.9921E-05 9.9921E-05 0.224417 9.9921E-05 0.00430775
9.98946E-05 9.98946E-05 9.98946E-05 9.98946E-05 0.902304 9.98946E-05 9.98946E-05 9.98946E-05 9.98946E-05 9.98946E-05 9.98946E-05 0.096497 9.98946E-05 9.98946E-05
0.0018345 9.99298E-05 9.99298E-05 9.99298E-05 0.455353 0.157829 0.186534 9.99298E-05 9.99298E-05 9.99298E-05 0.0368195 0.160831 9.99298E-05 9.99298E-05
9.99298E-05 9.99298E-05 9.99298E-05 9.99298E-05 0.787486 0.0223999 9.99298E-05 0.00154337 9.99298E-05 0.0524534 0.133584 9.99298E-05 0.00173366 9.99298E-05
9.99122E-05 0.0051509 9.99122E-05 9.99122E-05 0.804385 9.99122E-05 0.13615 9.99122E-05 9.99122E-05 9.99122E-05 9.99122E-05 0.0533157 9.99122E-05 9.99122E-05
9.99211E-05 9.99211E-05 9.99211E-05 9.99211E-05 0.581235 9.99211E-05 0.00336046 9.99211E-05 0.140389 9.99211E-05 9.99211E-05 0.123809 0.150307 9.99211E-05
9.99385E-05 9.99385E-05 0.0237167 9.99385E-05 0.244172 9.99385E-05 0.161494 0.0996355 9.99385E-05 0.0146047 0.36269 0.0929871 9.99385E-05 9.99385E-05
9.99385E-05 9.99385E-05 9.99385E-05 9.99385E-05 0.184067 9.99385E-05 0.0964164 0.156557 9.99385E-05 0.198097 0.145823 0.132224 0.0861169 9.99385E-05
9.99299E-05 9.99299E-05 9.99299E-05 9.99299E-05 0.585634 0.0494686 9.99299E-05 9.99299E-05 0.126675 0.0459296 9.99299E-05 0.0555947 9.99299E-05 0.135898
0.119985 0.170168 9.99385E-05 9.99385E-05 0.175103 9.99385E-05 0.187581 0.0042627 9.99385E-05 9.99385E-05 0.260224 0.0819768 9.99385E-05 9.99385E-05
0.00807411 0.0185107 9.99473E-05 9.99473E-05 0.324324 9.99473E-05 0.227548 0.137638 9.99473E-05 0.0769434 9.99473E-05 0.196455 0.00990729 9.99473E-05
0.00245912 9.98947E-05 9.98947E-05 9.98947E-05 0.996342 9.98947E-05 9.98947E-05 9.98947E-05 9.98947E-05 9.98947E-05 9.98947E-05 9.98947E-05 9.98947E-05 9.98947E-05
0.0410134 9.99561E-05 0.0405643 0.0902967 0.501412 0.0636512 0.0335365 0.0850707 9.99561E-05 0.0856096 9.99561E-05 0.0583464 9.99561E-05 9.99561E-05
9.9921E-05 9.9921E-05 9.9921E-05 0.164281 0.222358 9.9921E-05 0.4192 0.17116 9.9921E-05 0.0221015 9.9921E-05 9.9921E-05 9.9921E-05 9.9921E-05
9.99123E-05 9.99123E-05 9.99123E-05 9.99123E-05 0.551826 0.051771 9.99123E-05 9.99123E-05 9.99123E-05 9.99123E-05 0.291377 0.104026 9.99123E-05 9.99123E-05
9.99122E-05 9.99122E-05 0.112727 9.99122E-05 0.362324 9.99122E-05 0.30376 9.99122E-05 9.99122E-05 9.99122E-05 9.99122E-05 0.22019 9.99122E-05 9.99122E-05
0.0622276 9.99386E-05 9.99386E-05 9.99386E-05 0.265259 0.131472 0.0915849 0.0896291 0.0329831 9.99386E-05 9.99386E-05 0.326145 9.99386E-05 9.99386E-05
9.99209E-05 9.99209E-05 9.99209E-05 9.99209E-05 0.638138 9.99209E-05 0.107873 0.0586962 9.99209E-05 0.0029512 9.99209E-05 0.191442 9.99209E-05 9.99209E-05
0.00877043 0.156196 9.99561E-05 9.99561E-05 0.0265208 9.99561E-05 0.461352 0.00174889 0.185656 9.99561E-05 9.99561E-05 0.125492 0.0242722 0.00949261
9.99123E-05 9.99123E-05 9.99123E-05 9.99123E-05 0.793051 9.99123E-05 0.0806249 9.99123E-05 9.99123E-05 0.0536309 9.99123E-05 0.0716936 9.99123E-05 9.99123E-05
0.0238644 9.9921E-05 9.9921E-05 9.9921E-05 0.484573 9.9921E-05 0.115476 9.9921E-05 9.9921E-05 9.9921E-05 0.158711 0.216476 9.9921E-05 9.9921E-05
0.00256398 9.99298E-05 0.072799 9.99298E-05 0.6769 9.99298E-05 9.99298E-05 0.0598862 9.99298E-05 9.99298E-05 0.0697113 0.117341 9.99298E-05 9.99298E-05
0.0230488 9.99385E-05 9.99385E-05 9.99385E-05 0.596097 0.0961865 0.0438409 0.0171959 9.99385E-05 9.99385E-05 0.216311 0.00662101 9.99385E-05 9.99385E-05
9.99474E-05 9.99474E-05 9.99474E-05 9.99474E-05 0.451047 0.0792715 0.0873561 0.0231086 0.117448 0.131705 0.0537308 0.0557324 9.99474E-05 9.99474E-05
9.99209E-05 9.99209E-05 9.99209E-05 9.99209E-05 0.496254 0.0933498 0.13771 9.99209E-05 9.99209E-05 9.99209E-05 0.123545 0.148242 9.99209E-05 9.99209E-05
9.99385E-05 0.0407422 0.017138 9.99385E-05 0.491741 0.00891123 0.197147 9.99385E-05 0.101791 9.99385E-05 9.99385E-05 0.141829 9.99385E-05 9.99385E-05
0.0248861 9.99386E-05 9.99386E-05 9.99386E-05 0.746149 0.0566491 0.014729 0.0291853 9.99386E-05 9.99386E-05 9.99386E-05 0.0420467 9.99386E-05 0.0856553
0.0220925 9.99473E-05 0.0568457 9.99473E-05 0.622138 9.99473E-05 0.0799916 0.0412492 9.99473E-05 0.0729056 0.0582391 9.99473E-05 9.99473E-05 0.0459388
9.99298E-05 9.99298E-05 9.99298E-05 9.99298E-05 0.801914 0.00940505 0.000124688 9.99298E-05 9.99298E-05 0.0476464 9.99298E-05 9.99298E-05 0.0819922 0.0581182
0.0497376 9.9921E-05 9.9921E-05 9.9921E-05 0.718524 9.9921E-05 9.9921E-05 0.15288 9.9921E-05 9.9921E-05 9.9921E-05 0.0592192 9.9921E-05 0.0187396
9.99299E-05 9.99299E-05 9.99299E-05 0.242716 0.461003 0.0207299 9.99299E-05 9.99299E-05 0.0315403 9.99299E-05 9.99299E-05 0.0974255 9.99299E-05 0.145786
9.9921E-05 9.9921E-05 9.9921E-05 9.9921E-05 0.578281 9.9921E-05 0.0103728 9.9921E-05 0.103519 9.9921E-05 9.9921E-05 0.15519 0.151738 9.9921E-05
9.9921E-05 9.9921E-05 9.9921E-05 9.9921E-05 0.753911 0.0148963 0.157294 9.9921E-05 9.9921E-05 0.00426871 9.9921E-05 0.0687313 9.9921E-05 9.9921E-05
9.99211E-05 9.99211E-05 0.010373 9.99211E-05 0.620325 9.99211E-05 0.278719 0.0137481 9.99211E-05 9.99211E-05 9.99211E-05 0.075935 9.99211E-05 9.99211E-05
9.9921E-05 9.9921E-05 9.9921E-05 0.0509317 0.775506 9.9921E-05 0.123172 9.9921E-05 0.00478234 9.9921E-05 9.9921E-05 9.9921E-05 9.9921E-05 0.0447089
9.99385E-05 9.99385E-05 0.0349947 9.99385E-05 0.405625 0.0800409 0.058628 0.0689431 9.99385E-05 9.99385E-05 0.168869 0.182199 9.99385E-05 9.99385E-05
9.9921E-05 9.9921E-05 0.0547659 9.9921E-05 0.249246 9.9921E-05 0.387828 9.9921E-05 9.9921E-05 0.0588753 9.9921E-05 0.248386 9.9921E-05 9.9921E-05
0.0447163 9.99121E-05 9.99121E-05 9.99121E-05 0.87009 9.99121E-05 0.0472683 9.99121E-05 9.99121E-05 9.99121E-05 9.99121E-05 0.036926 9.99121E-05 9.99121E-05
9.99123E-05 9.99123E-05 9.99123E-05 9.99123E-05 0.753626 9.99123E-05 9.99123E-05 0.00183379 9.99123E-05 0.188273 9.99123E-05 0.0552687 9.99123E-05 9.99123E-05
9.99035E-05 9.99035E-05 9.99035E-05 9.99035E-05 0.857729 9.99035E-05 9.99035E-05 9.99035E-05 9.99035E-05 9.99035E-05 0.116023 9.99035E-05 0.0251497 9.99035E-05
9.99297E-05 9.99297E-05 9.99297E-05 9.99297E-05 0.607778 0.000586697 0.164441 9.99297E-05 9.99297E-05 0.0572016 0.0426834 0.126509 9.99297E-05 9.99297E-05
0.00314689 0.0278679 9.99474E-05 0.0436844 0.741463 0.0112562 9.99474E-05 0.0225013 9.99474E-05 9.99474E-05 9.99474E-05 9.99474E-05 0.113136 0.0363453
9.99561E-05 9.99561E-05 0.0181461 0.131027 0.228655 0.0953639 0.0829096 0.102906 0.103196 9.99561E-05 0.0528873 0.184409 9.99561E-05 9.99561E-05
9.99298E-05 9.99298E-05 0.0939668 0.0740868 0.553595 9.99298E-05 0.25427 0.0231523 9.99298E-05 0.00013003 9.99298E-05 9.99298E-05 9.99298E-05 9.99298E-05
9.9921E-05 9.9921E-05 0.00958429 9.9921E-05 0.746491 9.9921E-05 0.0647761 0.00718492 9.9921E-05 9.9921E-05 9.9921E-05 0.171065 9.9921E-05 9.9921E-05
9.99386E-05 0.0816873 9.99386E-05 9.99386E-05 0.557008 0.0214888 9.99386E-05 0.0541527 9.99386E-05 9.99386E-05 0.0637072 0.041191 0.180065 9.99386E-05
9.99211E-05 9.99211E-05 0.0374816 9.99211E-05 0.743311 9.99211E-05 9.99211E-05 9.99211E-05 9.99211E-05 0.0469693 0.0182445 0.153094 9.99211E-05 9.99211E-05
0.0348906 9.99298E-05 9.99298E-05 0.0798683 0.611629 0.0163967 9.99298E-05 9.99298E-05 0.147358 9.99298E-05 0.109058 9.99298E-05 9.99298E-05 9.99298E-05
9.99385E-05 0.0765401 9.99385E-05 9.99385E-05 0.702857 0.0465413 0.0765483 9.99385E-05 9.99385E-05 0.0149287 9.99385E-05 0.0180803 9.99385E-05 0.0638048
9.9921E-05 9.9921E-05 9.9921E-05 9.9921E-05 0.746453 0.0490707 0.039467 9.9921E-05 9.9921E-05 0.0598647 9.9921E-05 0.104245 9.9921E-05 9.9921E-05
9.9921E-05 9.9921E-05 9.9921E-05 9.9921E-05 0.912855 0.0388488 9.9921E-05 0.0167154 9.9921E-05 0.000491123 9.9921E-05 0.0301899 9.9921E-05 9.9921E-05
9.99297E-05 9.99297E-05 9.99297E-05 9.99297E-05 9.99297E-05 0.0686821 0.0295385 0.137878 9.99297E-05 9.99297E-05 0.630152 0.089859 9.99297E-05 0.0430908
9.99035E-05 9.99035E-05 0.0662048 9.99035E-05 9.99035E-05 9.99035E-05 9.99035E-05 9.99035E-05 9.99035E-05 9.99035E-05 0.914303 9.99035E-05 0.0183936 9.99035E-05
9.98947E-05 0.0501325 9.98947E-05 9.98947E-05 9.98947E-05 9.98947E-05 9.98947E-05 9.98947E-05 9.98947E-05 9.98947E-05 0.948669 9.98947E-05 9.98947E-05 9.98947E-05
9.99474E-05 0.0526883 9.99474E-05 9.99474E-05 9.99474E-05 0.0243473 9.99474E-05 0.128711 0.00402779 9.99474E-05 0.34517 0.0566076 0.022715 0.365133
0.125364 0.024132 9.99296E-05 9.99296E-05 9.99296E-05 9.99296E-05 0.0569781 0.0649496 9.99296E-05 9.99296E-05 0.634074 0.0937029 9.99296E-05 9.99296E-05
9.99208E-05 9.99208E-05 0.0613702 9.99208E-05 9.99208E-05 9.99208E-05 0.0884346 0.0167336 9.99208E-05 9.99208E-05 0.567277 0.265285 9.99208E-05 9.99208E-05
9.99208E-05 9.99208E-05 9.99208E-05 9.99208E-05 9.99208E-05 0.0442921 9.99208E-05 9.99208E-05 9.99208E-05 0.0419271 0.482089 0.153672 9.99208E-05 0.27712
9.99209E-05 0.136469 9.99209E-05 9.99209E-05 9.99209E-05 9.99209E-05 9.99209E-05 0.065671 9.99209E-05 9.99209E-05 0.57726 0.124177 9.99209E-05 0.0955243
9.99034E-05 0.0191449 9.99034E-05 9.99034E-05 9.99034E-05 9.99034E-05 9.99034E-05 9.99034E-05 9.99034E-05 9.99034E-05 0.920167 9.99034E-05 9.99034E-05 0.0595892
9.99122E-05 9.99122E-05 9.99122E-05 9.99122E-05 9.99122E-05 0.0323826 9.99122E-05 9.99122E-05 9.99122E-05 0.0607731 0.904985 0.000859797 9.99122E-05 9.99122E-05
0.0250007 9.99208E-05 9.99208E-05 9.99208E-05 9.99208E-05 0.147657 9.99208E-05 0.0546848 9.99208E-05 9.99208E-05 0.501424 0.270334 9.99208E-05 9.99208E-05
9.99473E-05 9.99473E-05 9.99473E-05 0.0765502 9.99473E-05 0.0392608 0.191638 9.99473E-05 9.99473E-05 0.0773137 0.401447 0.0609404 0.0763536 0.0758964
0.0420522 0.0620339 9.99472E-05 0.206923 9.99472E-05 0.0398294 9.99472E-05 0.125035 9.99472E-05 9.99472E-05 0.488361 0.0262299 0.00893535 9.99472E-05
9.99297E-05 9.99297E-05 0.0204743 0.13882 9.99297E-05 9.99297E-05 0.176902 9.99297E-05 9.99297E-05 9.99297E-05 0.44939 0.209499 9.99297E-05 0.00411614
9.99211E-05 9.99211E-05 0.00494253 9.99211E-05 9.99211E-05 0.00703658 9.99211E-05 9.99211E-05 0.000953872 9.99211E-05 0.943291 9.99211E-05 0.0428772 9.99211E-05
9.98948E-05 9.98948E-05 9.98948E-05 9.98948E-05 9.98948E-05 0.0741155 9.98948E-05 9.98948E-05 9.98948E-05 9.98948E-05 0.924686 9.98948E-05 9.98948E-05 9.98948E-05
9.99208E-05 0.0894841 9.99208E-05 9.99208E-05 9.99208E-05 9.99208E-05 9.99208E-05 0.00282999 9.99208E-05 9.99208E-05 0.736784 0.0345546 0.135448 9.99208E-05
9.99209E-05 9.99209E-05 9.99209E-05 9.99209E-05 9.99209E-05 0.114283 0.141645 0.0585586 9.99209E-05 0.105304 0.57931 9.99209E-05 9.99209E-05 9.99209E-05
9.99034E-05 0.148249 9.99034E-05 9.99034E-05 9.99034E-05 0.052737 9.99034E-05 9.99034E-05 9.99034E-05 9.99034E-05 0.797915 9.99034E-05 9.99034E-05 9.99034E-05
0.0529101 9.99208E-05 9.99208E-05 9.99208E-05 9.99208E-05 0.003584 9.99208E-05 9.99208E-05 9.99208E-05 9.99208E-05 0.643373 0.239793 0.0594406 9.99208E-05
9.98862E-05 9.98862E-05 9.98862E-05 9.98862E-05 9.98862E-05 9.98862E-05 9.98862E-05 9.98862E-05 9.98862E-05 9.98862E-05 0.998701 9.98862E-05 9.98862E-05 9.98862E-05
9.99033E-05 9.99033E-05 9.99033E-05 9.99033E-05 9.99033E-05 9.99033E-05 0.301798 9.99033E-05 9.99033E-05 9.99033E-05 0.632826 0.0642766 9.99033E-05 9.99033E-05
0.0280821 9.99386E-05 9.99386E-05 9.99386E-05 9.99386E-05 9.99386E-05 0.0211476 0.00743512 0.102659 9.99386E-05 0.6897 0.0745389 9.99386E-05 0.0757373
9.99385E-05 0.0860377 0.059822 9.99385E-05 9.99385E-05 0.0107362 9.99385E-05 0.0597442 9.99385E-05 0.135067 0.63623 0.0116633 9.99385E-05 9.99385E-05
9.98945E-05 9.98945E-05 9.98945E-05 9.98945E-05 9.98945E-05 0.141981 9.98945E-05 9.98945E-05 9.98945E-05 9.98945E-05 0.85682 9.98945E-05 9.98945E-05 9.98945E-05
9.99035E-05 9.99035E-05 9.99035E-05 9.99035E-05 9.99035E-05 9.99035E-05 9.99035E-05 0.0174591 9.99035E-05 9.99035E-05 0.969053 9.99035E-05 9.99035E-05 0.0123886
9.9886E-05 9.9886E-05 9.9886E-05 9.9886E-05 9.9886E-05 9.9886E-05 9.9886E-05 9.9886E-05 9.9886E-05 9.9886E-05 0.998701 9.9886E-05 9.9886E-05 9.9886E-05
9.9886E-05 9.9886E-05 9.9886E-05 9.9886E-05 9.9886E-05 9.9886E-05 9.9886E-05 9.9886E-05 9.9886E-05 9.9886E-05 0.998701 9.9886E-05 9.9886E-05 9.9886E-05
9.99122E-05 0.13538 9.99122E-05 9.99122E-05 9.99122E-05 9.99122E-05 9.99122E-05 0.0186999 9.99122E-05 9.99122E-05 0.8354 0.00952075 9.99122E-05 9.99122E-05
0.00653891 9.99123E-05 9.99123E-05 9.99123E-05 9.99123E-05 9.99123E-05 9.99123E-05 0.0886596 9.99123E-05 9.99123E-05 0.77425 0.129553 9.99123E-05 9.99123E-05
9.99122E-05 9.99122E-05 9.99122E-05 0.0190321 9.99122E-05 9.99122E-05 9.99122E-05 0.230067 0.512421 9.99122E-05 9.99122E-05 0.23748 9.99122E-05 9.99122E-05
9.99036E-05 9.99036E-05 9.99036E-05 9.99036E-05 9.99036E-05 9.99036E-05 9.99036E-05 0.0773332 0.888349 9.99036E-05 9.99036E-05 0.0332192 9.99036E-05 9.99036E-05
9.99121E-05 9.99121E-05 9.99121E-05 9.99121E-05 9.99121E-05 0.0896176 0.116605 9.99121E-05 0.580937 9.99121E-05 9.99121E-05 0.211841 9.99121E-05 9.99121E-05
9.99208E-05 0.0375223 9.99208E-05 9.99208E-05 9.99208E-05 0.0542618 9.99208E-05 0.143026 0.515492 9.99208E-05 9.99208E-05 0.248799 9.99208E-05 9.99208E-05
0.0312208 0.0269686 0.0890083 9.99472E-05 9.99472E-05 0.00130028 9.99472E-05 0.1778 0.625345 9.99472E-05 9.99472E-05 0.040442 0.00731505 9.99472E-05
9.9921E-05 9.9921E-05 9.9921E-05 9.9921E-05 9.9921E-05 9.9921E-05 9.9921E-05 0.166932 0.45859 0.0415035 9.9921E-05 0.185645 9.9921E-05 0.14643
9.99297E-05 0.0610368 9.99297E-05 9.99297E-05 9.99297E-05 0.0241459 0.109439 0.145635 0.504525 9.99297E-05 9.99297E-05 0.154419 9.99297E-05 9.99297E-05
9.99033E-05 9.99033E-05 9.99033E-05 9.99033E-05 9.99033E-05 9.99033E-05 9.99033E-05 0.308711 0.554792 9.99033E-05 9.99033E-05 0.135398 9.99033E-05 9.99033E-05
9.99296E-05 9.99296E-05 9.99296E-05 9.99296E-05 9.99296E-05 0.0926238 0.0615865 0.296744 0.165422 9.99296E-05 9.99296E-05 0.0482911 9.99296E-05 0.334534
9.99121E-05 9.99121E-05 9.99121E-05 9.99121E-05 9.99121E-05 9.99121E-05 0.169198 0.224995 0.26557 9.99121E-05 9.99121E-05 0.339238 9.99121E-05 9.99121E-05
9.9921E-05 9.9921E-05 9.9921E-05 9.9921E-05 9.9921E-05 0.040455 9.9921E-05 0.0705261 0.619065 9.9921E-05 9.9921E-05 0.010872 9.9921E-05 0.258182
9.9921E-05 9.9921E-05 9.9921E-05 9.9921E-05 9.9921E-05 0.0674179 9.9921E-05 0.000853837 0.609184 9.9921E-05 9.9921E-05 0.122055 9.9921E-05 0.19959
9.99122E-05 0.0209058 9.99122E-05 9.99122E-05 9.99122E-05 0.0275078 9.99122E-05 0.196526 0.754061 9.99122E-05 9.99122E-05 9.99122E-05 9.99122E-05 9.99122E-05
9.99122E-05 9.99122E-05 0.0106814 9.99122E-05 9.99122E-05 9.99122E-05 9.99122E-05 0.182234 0.538688 9.99122E-05 9.99122E-05 0.267397 9.99122E-05 9.99122E-05
0.0197102 0.174438 9.99298E-05 9.99298E-05 9.99298E-05 9.99298E-05 9.99298E-05 0.145512 0.58213 9.99298E-05 9.99298E-05 0.0287458 0.0486645 9.99298E-05
0.0225084 9.99561E-05 0.00942391 9.99561E-05 9.99561E-05 0.0327085 0.0352677 0.0652561 0.452922 9.99561E-05 9.99561E-05 0.176099 0.0576921 0.147622
0.0611988 9.99297E-05 9.99297E-05 9.99297E-05 9.99297E-05 0.0319255 9.99297E-05 0.0967305 0.476102 9.99297E-05 9.99297E-05 0.0485434 9.99297E-05 0.284701
9.9921E-05 9.9921E-05 9.9921E-05 0.0863311 9.9921E-05 0.0112307 0.20138 0.157681 0.542478 9.9921E-05 9.9921E-05 9.9921E-05 9.9921E-05 9.9921E-05
9.9921E-05 9.9921E-05 9.9921E-05 0.099384 9.9921E-05 0.0504612 0.0602591 0.10444 0.684556 9.9921E-05 9.9921E-05 9.9921E-05 9.9921E-05 9.9921E-05
0.120436 9.99251E-05 9.99251E-05 9.99251E-05 9.99251E-05 9.99251E-05 9.99251E-05 0.142366 0.530323 9.99251E-05 0.110677 0.0952987 9.99251E-05 9.99251E-05
9.99297E-05 0.00105333 9.99297E-05 9.99297E-05 9.99297E-05 9.99297E-05 9.99297E-05 0.0978575 0.503241 0.194871 9.99297E-05 0.0901181 9.99297E-05 0.112059
9.99209E-05 0.05608 9.99209E-05 9.99209E-05 9.99209E-05 0.0556051 9.99209E-05 0.0846702 0.692234 9.99209E-05 9.99209E-05 0.110512 9.99209E-05 9.99209E-05
0.116972 9.99297E-05 9.99297E-05 0.0686056 9.99297E-05 9.99297E-05 9.99297E-05 0.333087 0.149624 9.99297E-05 9.99297E-05 0.244892 9.99297E-05 0.0860202
0.00106213 9.99298E-05 0.046449 9.99298E-05 9.99298E-05 0.0577506 9.99298E-05 0.190879 0.677326 9.99298E-05 9.99298E-05 0.0257334 9.99298E-05 9.99298E-05
0.13354 9.99385E-05 9.99385E-05 9.99385E-05 9.99385E-05 0.00292189 9.99385E-05 0.221415 0.233178 9.99385E-05 9.99385E-05 0.326937 0.00566982 0.0756391
9.99386E-05 9.99386E-05 9.99386E-05 9.99386E-05 9.99386E-05 0.0215391 0.0676681 0.0991814 0.500023 9.99386E-05 0.0688868 0.0727127 9.99386E-05 0.16929
9.99124E-05 9.99124E-05 0.0333256 9.99124E-05 0.0264153 9.99124E-05 9.99124E-05 9.99124E-05 0.859007 9.99124E-05 9.99124E-05 0.0802528 9.99124E-05 9.99124E-05
9.99208E-05 9.99208E-05 9.99208E-05 0.0846337 9.99208E-05 0.00124615 9.99208E-05 0.244443 0.467675 9.99208E-05 9.99208E-05 0.201103 9.99208E-05 9.99208E-05
9.99122E-05 9.99122E-05 9.99122E-05 9.99122E-05 9.99122E-05 9.99122E-05 9.99122E-05 0.29436 0.413603 9.99122E-05 9.99122E-05 0.224375 9.99122E-05 0.0666624
0.0421054 9.99297E-05 9.99297E-05 0.0269907 9.99297E-05 0.0569127 9.99297E-05 0.0196749 0.674761 9.99297E-05 9.99297E-05 0.178756 9.99297E-05 9.99297E-05
9.99385E-05 9.99385E-05 9.99385E-05 9.99385E-05 9.99385E-05 0.0726637 0.0302996 0.0778423 0.516843 9.99385E-05 9.99385E-05 0.2681 0.0210374 0.0125152
0.032895 0.033636 0.0280039 9.99297E-05 9.99297E-05 0.110373 9.99297E-05 9.99297E-05 0.646785 9.99297E-05 9.99297E-05 0.147508 9.99297E-05 9.99297E-05
0.103793 9.99297E-05 9.99297E-05 0.105387 9.99297E-05 0.0779089 9.99297E-05 0.303471 0.172055 9.99297E-05 9.99297E-05 0.236585 9.99297E-05 9.99297E-05
0.120381 9.99208E-05 9.99208E-05 9.99208E-05 9.99208E-05 9.99208E-05 0.290176 0.101857 0.376124 9.99208E-05 9.99208E-05 0.110561 9.99208E-05 9.99208E-05
9.99209E-05 9.99209E-05 9.99209E-05 9.99209E-05 9.99209E-05 9.99209E-05 0.036094 0.0221785 0.839159 0.00139431 9.99209E-05 0.100275 9.99209E-05 9.99209E-05
9.99384E-05 9.99384E-05 0.035244 9.99384E-05 9.99384E-05 0.077591 0.0161444 0.086186 0.612862 0.157713 9.99384E-05 9.99384E-05 9.99384E-05 0.0135607
9.99209E-05 0.0564788 9.99209E-05 9.99209E-05 9.99209E-05 0.0576912 9.99209E-05 0.168629 0.422327 9.99209E-05 9.99209E-05 0.293974 9.99209E-05 9.99209E-05
9.99035E-05 9.99035E-05 9.99035E-05 9.99035E-05 9.99035E-05 9.99035E-05 9.99035E-05 0.069764 0.926305 0.00283197 9.99035E-05 9.99035E-05 9.99035E-05 9.99035E-05
0.0273183 0.00906878 9.99298E-05 9.99298E-05 9.99298E-05 0.012898 9.99298E-05 0.0399595 0.805962 9.99298E-05 9.99298E-05 0.103994 9.99298E-05 9.99298E-05
9.99036E-05 9.99036E-05 9.99036E-05 0.0551082 9.99036E-05 9.99036E-05 9.99036E-05 0.0619792 0.881814 9.99036E-05 9.99036E-05 9.99036E-05 9.99036E-05 9.99036E-05
9.99035E-05 9.99035E-05 9.99035E-05 9.99035E-05 9.99035E-05 9.99035E-05 9.99035E-05 0.0252914 0.887306 9.99035E-05 9.99035E-05 9.99035E-05 9.99035E-05 0.086304
9.99297E-05 9.99297E-05 9.99297E-05 0.057319 9.99297E-05 0.0383914 9.99297E-05 0.194222 0.269937 9.99297E-05 9.99297E-05 0.346579 9.99297E-05 0.0927514
9.99297E-05 0.00600584 9.99297E-05 0.1197 9.99297E-05 9.99297E-05 0.0904913 0.154347 0.623903 9.99297E-05 9.99297E-05 0.00475371 9.99297E-05 9.99297E-05
0.0400733 9.99212E-05 9.99212E-05 9.99212E-05 9.99212E-05 9.99212E-05 9.99212E-05 0.0788478 0.76799 9.99212E-05 9.99212E-05 0.0531114 9.99212E-05 0.0590779
9.99035E-05 9.99035E-05 9.99035E-05 9.99035E-05 9.99035E-05 9.99035E-05 9.99035E-05 9.99035E-05 0.910323 9.99035E-05 9.99035E-05 0.0671414 9.99035E-05 0.0214364
0.0728246 0.190625 9.99385E-05 9.99385E-05 9.99385E-05 9.99385E-05 0.143034 0.192947 0.176212 9.99385E-05 9.99385E-05 0.0470068 9.99385E-05 0.17665
9.99298E-05 9.99298E-05 9.99298E-05 9.99298E-05 9.99298E-05 0.00911275 9.99298E-05 0.154969 0.416751 9.99298E-05 0.223391 0.177727 0.0172504 9.99298E-05
9.99386E-05 9.99386E-05 0.12932 9.99386E-05 9.99386E-05 9.99386E-05 0.0888512 0.183701 0.42847 9.99386E-05 9.99386E-05 0.0499009 0.0185611 0.100495
0.00643557 9.99386E-05 0.0160115 9.99386E-05 9.99386E-05 0.00265934 0.100429 0.370102 0.201119 9.99386E-05 9.99386E-05 0.302544 9.99386E-05 9.99386E-05
9.99035E-05 9.99035E-05 9.99035E-05 9.99035E-05 9.99035E-05 9.99035E-05 9.99035E-05 9.99035E-05 0.933174 9.99035E-05 9.99035E-05 0.036339 9.99035E-05 0.029388
0.0311473 9.9956E-05 0.0611458 9.9956E-05 9.9956E-05 0.0422689 0.138998 0.084974 0.297582 0.0546701 9.9956E-05 0.241837 0.0468775 9.9956E-05
9.99211E-05 9.99211E-05 9.99211E-05 9.99211E-05 9.99211E-05 9.99211E-05 9.99211E-05 0.0760534 0.834189 9.99211E-05 0.00867312 0.0158678 9.99211E-05 0.064317
9.99298E-05 0.00324786 9.99298E-05 0.00239932 9.99298E-05 0.0657424 9.99298E-05 0.105608 0.572886 9.99298E-05 9.99298E-05 0.249318 9.99298E-05 9.99298E-05
9.99385E-05 0.0335341 9.99385E-05 9.99385E-05 9.99385E-05 9.99385E-05 0.0962764 0.149689 0.520787 0.000970489 9.99385E-05 0.0638273 0.134216 9.99385E-05
9.99384E-05 0.0874719 9.99384E-05 9.99384E-05 9.99384E-05 0.0304192 0.0632147 0.0386045 0.584613 0.130435 9.99384E-05 0.0645418 9.99384E-05 9.99384E-05
9.99121E-05 9.99121E-05 9.99121E-05 9.99121E-05 9.99121E-05 9.99121E-05 9.99121E-05 0.297228 0.298948 9.99121E-05 9.99121E-05 0.177741 9.99121E-05 0.225084
9.99121E-05 9.99121E-05 9.99121E-05 9.99121E-05 9.99121E-05 0.0223862 9.99121E-05 0.241652 0.560733 9.99121E-05 9.99121E-05 0.17423 9.99121E-05 9.99121E-05
0.0207267 9.99472E-05 9.99472E-05 0.0271968 9.99472E-05 0.0643608 0.0296217 0.0844386 0.639418 9.99472E-05 9.99472E-05 0.10159 0.0320476 9.99472E-05
0.161361 9.99121E-05 9.99121E-05 9.99121E-05 9.99121E-05 9.99121E-05 9.99121E-05 0.0161927 0.689437 9.99121E-05 9.99121E-05 0.13201 9.99121E-05 9.99121E-05
9.99122E-05 9.99122E-05 9.99122E-05 9.99122E-05 9.99122E-05 9.99122E-05 9.99122E-05 0.165668 0.605731 9.99122E-05 9.99122E-05 0.0786911 9.99122E-05 0.14891
9.98857E-05 9.98857E-05 9.98857E-05 9.98857E-05 9.98857E-05 9.98857E-05 9.98857E-05 9.98857E-05 9.98857E-05 9.98857E-05 9.98857E-05 0.998701 9.98857E-05 9.98857E-05
9.98857E-05 9.98857E-05 9.98857E-05 9.98857E-05 9.98857E-05 9.98857E-05 9.98857E-05 0.998701 9.98857E-05 9.98857E-05 9.98857E-05 9.98857E-05 9.98857E-05 9.98857E-05
9.98857E-05 9.98857E-05 9.98857E-05 9.98857E-05 9.98857E-05 9.98857E-05 9.98857E-05 9.98857E-05 9.98857E-05 9.98857E-05 9.98857E-05 0.998701 9.98857E-05 9.98857E-05
9.98856E-05 9.98856E-05 9.98856E-05 9.98856E-05 9.98856E-05 9.98856E-05 9.98856E-05 0.998701 9.98856E-05 9.98856E-05 9.98856E-05 9.98856E-05 9.98856E-05 9.98856E-05
9.98856E-05 9.98856E-05 9.98856E-05 9.98856E-05 9.98856E-05 9.98856E-05 9.98856E-05 0.998701 9.98856E-05 9.98856E-05 9.98856E-05 9.98856E-05 9.98856E-05 9.98856E-05
9.98857E-05 9.98857E-05 9.98857E-05 9.98857E-05 9.98857E-05 9.98857E-05 9.98857E-05 0.998701 9.98857E-05 9.98857E-05 9.98857E-05 9.98857E-05 9.98857E-05 9.98857E-05
9.98856E-05 9.98856E-05 9.98856E-05 9.98856E-05 9.98856E-05 9.98856E-05 9.98856E-05 9.98856E-05 9.98856E-05 9.98856E-05 9.98856E-05 0.998701 9.98856E-05 9.98856E-05
9.98857E-05 9.98857E-05 9.98857E-05 9.98857E-05 9.98857E-05 9.98857E-05 9.98857E-05 0.998701 9.98857E-05 9.98857E-05 9.98857E-05 9.98857E-05 9.98857E-05 9.98857E-05
9.98856E-05 9.98856E-05 9.98856E-05 9.98856E-05 9.98856E-05 9.98856E-05 9.98856E-05 0.998701 9.98856E-05 9.98856E-05 9.98856E-05 9.98856E-05 9.98856E-05 9.98856E-05
9.98856E-05 9.98856E-05 9.98856E-05 9.98856E-05 9.98856E-05 9.98856E-05 9.98856E-05 9.98856E-05 9.98856E-05 9.98856E-05 9.98856E-05 0.998701 9.98856E-05 9.98856E-05
9.98857E-05 9.98857E-05 9.98857E-05 9.98857E-05 9.98857E-05 9.98857E-05 9.98857E-05 9.98857E-05 9.98857E-05 9.98857E-05 9.98857E-05 0.998701 9.98857E-05 9.98857E-05
9.98856E-05 9.98856E-05 9.98856E-05 9.98856E-05 9.98856E-05 9.98856E-05 9.98856E-05 9.98856E-05 9.98856E-05 9.98856E-05 9.98856E-05 0.998701 9.98856E-05 9.98856E-05
9.98856E-05 9.98856E-05 9.98856E-05 9.98856E-05 9.98856E-05 9.98856E-05 9.98856E-05 0.998701 9.98856E-05 9.98856E-05 9.98856E-05 9.98856E-05 9.98856E-05 9.98856E-05
9.98856E-05 9.98856E-05 9.98856E-05 9.98856E-05 9.98856E-05 9.98856E-05 9.98856E-05 0.998701 9.98856E-05 9.98856E-05 9.98856E-05 9.98856E-05 9.98856E-05 9.98856E-05
9.98856E-05 9.98856E-05 9.98856E-05 9.98856E-05 9.98856E-05 9.98856E-05 9.98856E-05 9.98856E-05 9.98856E-05 9.98856E-05 9.98856E-05 0.998701 9.98856E-05 9.98856E-05
9.98856E-05 9.98856E-05 9.98856E-05 9.98856E-05 9.98856E-05 9.98856E-05 9.98856E-05 9.98856E-05 9.98856E-05 9.98856E-05 9.98856E-05 0.998701 9.98856E-05 9.98856E-05
0.0963307 0.0248076 0.103409 9.9956E-05 9.9956E-05 9.9956E-05 9.9956E-05 0.13663 0.301217 0.0781915 9.9956E-05 0.170429 0.0714392 0.0170454
9.98857E-05 9.98857E-05 9.98857E-05 9.98857E-05 9.98857E-05 9.98857E-05 9.98857E-05 9.98857E-05 9.98857E-05 9.98857E-05 9.98857E-05 0.998701 9.98857E-05 9.98857E-05
9.98856E-05 9.98856E-05 9.98856E-05 9.98856E-05 9.98856E-05 9.98856E-05 9.98856E-05 0.998701 9.98856E-05 9.98856E-05 9.98856E-05 9.98856E-05 9.98856E-05 9.98856E-05
9.98856E-05 9.98856E-05 9.98856E-05 9.98856E-05 9.98856E-05 9.98856E-05 9.98856E-05 9.98856E-05 9.98856E-05 9.98856E-05 9.98856E-05 0.998701 9.98856E-05 9.98856E-05
9.98857E-05 9.98857E-05 9.98857E-05 9.98857E-05 9.98857E-05 9.98857E-05 9.98857E-05 9.98857E-05 9.98857E-05 9.98857E-05 9.98857E-05 0.998701 9.98857E-05 9.98857E-05
9.98856E-05 9.98856E-05 9.98856E-05 9.98856E-05 9.98856E-05 9.98856E-05 9.98856E-05 9.98856E-05 9.98856E-05 9.98856E-05 9.98856E-05 0.998701 9.98856E-05 9.98856E-05
9.98856E-05 9.98856E-05 9.98856E-05 9.98856E-05 9.98856E-05 9.98856E-05 9.98856E-05 0.998701 9.98856E-05 9.98856E-05 9.98856E-05 9.98856E-05 9.98856E-05 9.98856E-05
9.98856E-05 9.98856E-05 9.98856E-05 9.98856E-05 9.98856E-05 9.98856E-05 9.98856E-05 9.98856E-05 9.98856E-05 9.98856E-05 9.98856E-05 0.998701 9.98856E-05 9.98856E-05
9.98856E-05 9.98856E-05 9.98856E-05 9.98856E-05 9.98856E-05 9.98856E-05 9.98856E-05 0.998701 9.98856E-05 9.98856E-05 9.98856E-05 9.98856E-05 9.98856E-05 9.98856E-05
9.98857E-05 9.98857E-05 9.98857E-05 9.98857E-05 9.98857E-05 9.98857E-05 9.98857E-05 9.98857E-05 9.98857E-05 9.98857E-05 9.98857E-05 0.998701 9.98857E-05 9.98857E-05
9.98856E-05 9.98856E-05 9.98856E-05 9.98856E-05 9.98856E-05 9.98856E-05 9.98856E-05 9.98856E-05 9.98856E-05 9.98856E-05 9.98856E-05 0.998701 9.98856E-05 9.98856E-05
9.98856E-05 9.98856E-05 9.98856E-05 9.98856E-05 9.98856E-05 9.98856E-05 9.98856E-05 0.998701 9.98856E-05 9.98856E-05 9.98856E-05 9.98856E-05 9.98856E-05 9.98856E-05
9.98856E-05 9.98856E-05 9.98856E-05 9.98856E-05 9.98856E-05 9.98856E-05 9.98856E-05 0.998701 9.98856E-05 9.98856E-05 9.98856E-05 9.98856E-05 9.98856E-05 9.98856E-05
9.98857E-05 9.98857E-05 9.98857E-05 9.98857E-05 9.98857E-05 9.98857E-05 9.98857E-05 0.998701 9.98857E-05 9.98857E-05 9.98857E-05 9.98857E-05 9.98857E-05 9.98857E-05
9.98856E-05 9.98856E-05 9.98856E-05 9.98856E-05 9.98856E-05 9.98856E-05 9.98856E-05 9.98856E-05 9.98856E-05 9.98856E-05 9.98856E-05 0.998701 9.98856E-05 9.98856E-05
9.98857E-05 9.98857E-05 9.98857E-05 9.98857E-05 9.98857E-05 9.98857E-05 9.98857E-05 9.98857E-05 9.98857E-05 9.98857E-05 9.98857E-05 0.998701 9.98857E-05 9.98857E-05
9.98856E-05 9.98856E-05 9.98856E-05 9.98856E-05 9.98856E-05 9.98856E-05 9.98856E-05 9.98856E-05 9.98856E-05 9.98856E-05 9.98856E-05 0.998701 9.98856E-05 9.98856E-05
9.98856E-05 9.98856E-05 9.98856E-05 9.98856E-05 9.98856E-05 9.98856E-05 9.98856E-05 9.98856E-05 9.98856E-05 9.98856E-05 9.98856E-05 0.998701 9.98856E-05 9.98856E-05
9.98857E-05 9.98857E-05 9.98857E-05 9.98857E-05 9.98857E-05 9.98857E-05 9.98857E-05 9.98857E-05 9.98857E-05 9.98857E-05 9.98857E-05 0.998701 9.98857E-05 9.98857E-05
9.98856E-05 9.98856E-05 9.98856E-05 9.98856E-05 9.98856E-05 9.98856E-05 9.98856E-05 0.998701 9.98856E-05 9.98856E-05 9.98856E-05 9.98856E-05 9.98856E-05 9.98856E-05
9.98856E-05 9.98856E-05 9.98856E-05 9.98856E-05 9.98856E-05 9.98856E-05 9.98856E-05 0.998701 9.98856E-05 9.98856E-05 9.98856E-05 9.98856E-05 9.98856E-05 9.98856E-05
9.98857E-05 9.98857E-05 9.98857E-05 9.98857E-05 9.98857E-05 9.98857E-05 9.98857E-05 0.998701 9.98857E-05 9.98857E-05 9.98857E-05 9.98857E-05 9.98857E-05 9.98857E-05
9.98856E-05 9.98856E-05 9.98856E-05 9.98856E-05 9.98856E-05 9.98856E-05 9.98856E-05 9.98856E-05 9.98856E-05 9.98856E-05 9.98856E-05 0.998701 9.98856E-05 9.98856E-05
9.98856E-05 9.98856E-05 9.98856E-05 9.98856E-05 9.98856E-05 9.98856E-05 9.98856E-05 0.998701 9.98856E-05 9.98856E-05 9.98856E-05 9.98856E-05 9.98856E-05 9.98856E-05
9.98857E-05 9.98857E-05 9.98857E-05 9.98857E-05 9.98857E-05 9.98857E-05 9.98857E-05 0.998701 9.98857E-05 9.98857E-05 9.98857E-05 9.98857E-05 9.98857E-05 9.98857E-05
9.98856E-05 9.98856E-05 9.98856E-05 9.98856E-05 9.98856E-05 9.98856E-05 9.98856E-05 0.998701 9.98856E-05 9.98856E-05 9.98856E-05 9.98856E-05 9.98856E-05 9.98856E-05
9.98857E-05 9.98857E-05 9.98857E-05 9.98857E-05 9.98857E-05 9.98857E-05 9.98857E-05 0.998701 9.98857E-05 9.98857E-05 9.98857E-05 9.98857E-05 9.98857E-05 9.98857E-05
9.98855E-05 9.98855E-05 9.98855E-05 9.98855E-05 9.98855E-05 9.98855E-05 9.98855E-05 9.98855E-05 9.98855E-05 9.98855E-05 9.98855E-05 0.998701 9.98855E-05 9.98855E-05
9.98857E-05 9.98857E-05 9.98857E-05 9.98857E-05 9.98857E-05 9.98857E-05 9.98857E-05 0.998701 9.98857E-05 9.98857E-05 9.98857E-05 9.98857E-05 9.98857E-05 9.98857E-05
9.98856E-05 9.98856E-05 9.98856E-05 9.98856E-05 9.98856E-05 9.98856E-05 9.98856E-05 0.998701 9.98856E-05 9.98856E-05 9.98856E-05 9.98856E-05 9.98856E-05 9.98856E-05
0.000474168 9.99385E-05 0.0144061 9.99385E-05 9.99385E-05 9.99385E-05 9.99385E-05 0.146671 0.248125 0.323651 9.99385E-05 0.217216 9.99385E-05 0.0487574
9.98857E-05 9.98857E-05 9.98857E-05 9.98857E-05 9.98857E-05 9.98857E-05 9.98857E-05 9.98857E-05 9.98857E-05 9.98857E-05 9.98857E-05 0.998701 9.98857E-05 9.98857E-05
9.98856E-05 9.98856E-05 9.98856E-05 9.98856E-05 9.98856E-05 9.98856E-05 9.98856E-05 0.998701 9.98856E-05 9.98856E-05 9.98856E-05 9.98856E-05 9.98856E-05 9.98856E-05
9.98857E-05 9.98857E-05 9.98857E-05 9.98857E-05 9.98857E-05 9.98857E-05 9.98857E-05 0.998701 9.98857E-05 9.98857E-05 9.98857E-05 9.98857E-05 9.98857E-05 9.98857E-05
9.98856E-05 9.98856E-05 9.98856E-05 9.98856E-05 9.98856E-05 9.98856E-05 9.98856E-05 0.998701 9.98856E-05 9.98856E-05 9.98856E-05 9.98856E-05 9.98856E-05 9.98856E-05
9.98857E-05 9.98857E-05 9.98857E-05 9.98857E-05 9.98857E-05 9.98857E-05 9.98857E-05 0.998701 9.98857E-05 9.98857E-05 9.98857E-05 9.98857E-05 9.98857E-05 9.98857E-05
9.98856E-05 9.98856E-05 9.98856E-05 9.98856E-05 9.98856E-05 9.98856E-05 9.98856E-05 9.98856E-05 9.98856E-05 9.98856E-05 9.98856E-05 0.998701 9.98856E-05 9.98856E-05
9.98856E-05 9.98856E-05 9.98856E-05 9.98856E-05 9.98856E-05 9.98856E-05 9.98856E-05 0.998701 9.98856E-05 9.98856E-05 9.98856E-05 9.98856E-05 9.98856E-05 9.98856E-05
9.98856E-05 9.98856E-05 9.98856E-05 9.98856E-05 9.98856E-05 9.98856E-05 9.98856E-05 9.98856E-05 9.98856E-05 9.98856E-05 9.98856E-05 0.998701 9.98856E-05 9.98856E-05
9.98856E-05 9.98856E-05 9.98856E-05 9.98856E-05 9.98856E-05 9.98856E-05 9.98856E-05 0.998701 9.98856E-05 9.98856E-05 9.98856E-05 9.98856E-05 9.98856E-05 9.98856E-05
9.98857E-05 9.98857E-05 9.98857E-05 9.98857E-05 9.98857E-05 9.98857E-05 9.98857E-05 9.98857E-05 9.98857E-05 9.98857E-05 9.98857E-05 0.998701 9.98857E-05 9.98857E-05
9.98856E-05 9.98856E-05 9.98856E-05 9.98856E-05 9.98856E-05 9.98856E-05 9.98856E-05 0.998701 9.98856E-05 9.98856E-05 9.98856E-05 9.98856E-05 9.98856E-05 9.98856E-05
9.98857E-05 9.98857E-05 9.98857E-05 9.98857E-05 9.98857E-05 9.98857E-05 9.98857E-05 0.998701 9.98857E-05 9.98857E-05 9.98857E-05 9.98857E-05 9.98857E-05 9.98857E-05
9.98856E-05 9.98856E-05 9.98856E-05 9.98856E-05 9.98856E-05 9.98856E-05 9.98856E-05 0.998701 9.98856E-05 9.98856E-05 9.98856E-05 9.98856E-05 9.98856E-05 9.98856E-05
9.98856E-05 9.98856E-05 9.98856E-05 9.98856E-05 9.98856E-05 9.98856E-05 9.98856E-05 0.998701 9.98856E-05 9.98856E-05 9.98856E-05 9.98856E-05 9.98856E-05 9.98856E-05
9.98857E-05 9.98857E-05 9.98857E-05 9.98857E-05 9.98857E-05 9.98857E-05 9.98857E-05 0.998701 9.98857E-05 9.98857E-05 9.98857E-05 9.98857E-05 9.98857E-05 9.98857E-05
9.98856E-05 9.98856E-05 9.98856E-05 9.98856E-05 9.98856E-05 9.98856E-05 9.98856E-05 0.998701 9.98856E-05 9.98856E-05 9.98856E-05 9.98856E-05 9.98856E-05 9.98856E-05
9.98857E-05 9.98857E-05 9.98857E-05 9.98857E-05 9.98857E-05 9.98857E-05 9.98857E-05 9.98857E-05 9.98857E-05 9.98857E-05 9.98857E-05 0.998701 9.98857E-05 9.98857E-05
9.98856E-05 9.98856E-05 9.98856E-05 9.98856E-05 9.98856E-05 9.98856E-05 9.98856E-05 9.98856E-05 9.98856E-05 9.98856E-05 9.98856E-05 0.998701 9.98856E-05 9.98856E-05
9.98856E-05 9.98856E-05 9.98856E-05 9.98856E-05 9.98856E-05 9.98856E-05 9.98856E-05 9.98856E-05 9.98856E-05 9.98856E-05 9.98856E-05 0.998701 9.98856E-05 9.98856E-05
9.98856E-05 9.98856E-05 9.98856E-05 9.98856E-05 9.98856E-05 9.98856E-05 9.98856E-05 0.998701 9.98856E-05 9.98856E-05 9.98856E-05 9.98856E-05 9.98856E-05 9.98856E-05
9.98856E-05 9.98856E-05 9.98856E-05 9.98856E-05 9.98856E-05 9.98856E-05 9.98856E-05 9.98856E-05 9.98856E-05 9.98856E-05 9.98856E-05 0.998701 9.98856E-05 9.98856E-05
9.98856E-05 9.98856E-05 9.98856E-05 9.98856E-05 9.98856E-05 9.98856E-05 9.98856E-05 9.98856E-05 9.98856E-05 9.98856E-05 9.98856E-05 0.998701 9.98856E-05 9.98856E-05
9.98856E-05 9.98856E-05 9.98856E-05 9.98856E-05 9.98856E-05 9.98856E-05 9.98856E-05 9.98856E-05 9.98856E-05 9.98856E-05 9.98856E-05 0.998701 9.98856E-05 9.98856E-05
9.98856E-05 9.98856E-05 9.98856E-05 9.98856E-05 9.98856E-05 9.98856E-05 9.98856E-05 0.998701 9.98856E-05 9.98856E-05 9.98856E-05 9.98856E-05 9.98856E-05 9.98856E-05
9.98856E-05 9.98856E-05 9.98856E-05 9.98856E-05 9.98856E-05 9.98856E-05 9.98856E-05 0.998701 9.98856E-05 9.98856E-05 9.98856E-05 9.98856E-05 9.98856E-05 9.98856E-05
9.98856E-05 9.98856E-05 9.98856E-05 9.98856E-05 9.98856E-05 9.98856E-05 9.98856E-05 0.998701 9.98856E-05 9.98856E-05 9.98856E-05 9.98856E-05 9.98856E-05 9.98856E-05
9.98856E-05 9.98856E-05 9.98856E-05 9.98856E-05 9.98856E-05 9.98856E-05 9.98856E-05 9.98856E-05 9.98856E-05 9.98856E-05 9.98856E-05 0.998701 9.98856E-05 9.98856E-05
9.98856E-05 9.98856E-05 9.98856E-05 9.98856E-05 9.98856E-05 9.98856E-05 9.98856E-05 0.998701 9.98856E-05 9.98856E-05 9.98856E-05 9.98856E-05 9.98856E-05 9.98856E-05
9.98856E-05 9.98856E-05 9.98856E-05 9.98856E-05 9.98856E-05 9.98856E-05 9.98856E-05 0.998701 9.98856E-05 9.98856E-05 9.98856E-05 9.98856E-05 9.98856E-05 9.98856E-05
9.98857E-05 9.98857E-05 9.98857E-05 9.98857E-05 9.98857E-05 9.98857E-05 9.98857E-05 9.98857E-05 9.98857E-05 9.98857E-05 9.98857E-05 0.998701 9.98857E-05 9.98857E-05
9.98856E-05 9.98856E-05 9.98856E-05 9.98856E-05 9.98856E-05 9.98856E-05 9.98856E-05 0.998701 9.98856E-05 9.98856E-05 9.98856E-05 9.98856E-05 9.98856E-05 9.98856E-05
9.98856E-05 9.98856E-05 9.98856E-05 9.98856E-05 9.98856E-05 9.98856E-05 9.98856E-05 0.998701 9.98856E-05 9.98856E-05 9.98856E-05 9.98856E-05 9.98856E-05 9.98856E-05
0.00921811 0.0594379 9.99385E-05 9.99385E-05 9.99385E-05 0.168002 9.99385E-05 0.116806 0.218134 9.99385E-05 9.99385E-05 0.301375 0.126327 9.99385E-05
9.98856E-05 9.98856E-05 9.98856E-05 9.98856E-05 9.98856E-05 9.98856E-05 9.98856E-05 9.98856E-05 9.98856E-05 9.98856E-05 9.98856E-05 0.998701 9.98856E-05 9.98856E-05
9.98856E-05 9.98856E-05 9.98856E-05 9.98856E-05 9.98856E-05 9.98856E-05 9.98856E-05 0.998701 9.98856E-05 9.98856E-05 9.98856E-05 9.98856E-05 9.98856E-05 9.98856E-05
9.9921E-05 9.9921E-05 0.111763 9.9921E-05 9.9921E-05 0.033131 9.9921E-05 0.463064 0.355998 9.9921E-05 9.9921E-05 0.0351442 9.9921E-05 9.9921E-05
0.116624 9.99298E-05 0.00918736 9.99298E-05 9.99298E-05 0.0450622 9.99298E-05 0.304074 0.289732 9.99298E-05 9.99298E-05 0.234522 9.99298E-05 9.99298E-05
9.99122E-05 9.99122E-05 0.0392143 9.99122E-05 9.99122E-05 9.99122E-05 9.99122E-05 0.233516 0.378428 9.99122E-05 9.99122E-05 0.347843 9.99122E-05 9.99122E-05
0.0103182 0.050996 9.99296E-05 9.99296E-05 9.99296E-05 9.99296E-05 9.99296E-05 9.99296E-05 0.590548 0.109851 9.99296E-05 0.21458 0.0229073 9.99296E-05
9.99209E-05 9.99209E-05 9.99209E-05 9.99209E-05 9.99209E-05 9.99209E-05 0.00609452 0.287485 0.366102 9.99209E-05 9.99209E-05 0.284311 9.99209E-05 0.0551091
9.99037E-05 9.99037E-05 9.99037E-05 9.99037E-05 9.99037E-05 9.99037E-05 9.99037E-05 0.0834262 0.75565 9.99037E-05 0.159824 9.99037E-05 9.99037E-05 9.99037E-05
9.9921E-05 9.9921E-05 9.9921E-05 9.9921E-05 9.9921E-05 9.9921E-05 0.270238 0.289666 0.190296 0.0401437 9.9921E-05 0.208757 9.9921E-05 9.9921E-05
0.0817054 0.0360469 0.113803 9.99385E-05 9.99385E-05 0.0287758 9.99385E-05 0.228673 0.480202 9.99385E-05 9.99385E-05 0.030095 9.99385E-05 9.99385E-05
0.0172097 0.0105531 9.9921E-05 9.9921E-05 9.9921E-05 9.9921E-05 9.9921E-05 0.18716 0.689874 9.9921E-05 9.9921E-05 0.0943038 9.9921E-05 9.9921E-05
9.99297E-05 9.99297E-05 0.0828682 0.0216576 9.99297E-05 9.99297E-05 0.0333576 9.99297E-05 0.666273 0.0326968 9.99297E-05 0.162347 9.99297E-05 9.99297E-05
9.99297E-05 9.99297E-05 9.99297E-05 9.99297E-05 9.99297E-05 0.101199 9.99297E-05 0.120073 0.568083 9.99297E-05 0.0239872 0.132705 9.99297E-05 0.0531532
9.99121E-05 9.99121E-05 9.99121E-05 9.99121E-05 9.99121E-05 9.99121E-05 0.0447484 0.593695 0.308294 9.99121E-05 9.99121E-05 0.0522636 9.99121E-05 9.99121E-05
9.99385E-05 0.0850845 9.99385E-05 9.99385E-05 9.99385E-05 9.99385E-05 0.0720266 0.262692 0.21053 9.99385E-05 0.0274552 0.324241 9.99385E-05 0.0172712
9.99121E-05 0.108223 9.99121E-05 9.99121E-05 9.99121E-05 9.99121E-05 9.99121E-05 0.103476 0.611311 9.99121E-05 9.99121E-05 0.175991 9.99121E-05 9.99121E-05
9.99121E-05 9.99121E-05 9.99121E-05 9.99121E-05 9.99121E-05 0.0542195 9.99121E-05 0.15242 0.465666 9.99121E-05 9.99121E-05 0.326696 9.99121E-05 9.99121E-05
9.99385E-05 9.99385E-05 9.99385E-05 0.0432723 9.99385E-05 0.0244134 0.134741 0.181367 0.36071 9.99385E-05 9.99385E-05 0.155534 9.99385E-05 0.0992635
0.00938936 9.99386E-05 0.0758293 9.99386E-05 9.99386E-05 9.99386E-05 0.032586 0.173462 0.550586 9.99386E-05 9.99386E-05 0.126124 9.99386E-05 0.0313242
9.99385E-05 9.99385E-05 0.00830116 9.99385E-05 9.99385E-05 0.148764 9.99385E-05 0.0981352 0.269028 9.99385E-05 9.99385E-05 0.368038 0.0172571 0.0897764
0.0906397 9.99384E-05 9.99384E-05 0.0494163 9.99384E-05 0.0201141 0.0450399 0.11864 0.42584 9.99384E-05 9.99384E-05 9.99384E-05 9.99384E-05 0.24961
9.99209E-05 9.99209E-05 0.0745067 0.16886 9.99209E-05 9.99209E-05 9.99209E-05 0.141111 0.3488 9.99209E-05 9.99209E-05 0.265824 9.99209E-05 9.99209E-05
0.0460884 9.99296E-05 9.99296E-05 0.108622 9.99296E-05 9.99296E-05 9.99296E-05 0.149626 0.538229 9.99296E-05 9.99296E-05 0.0614316 9.99296E-05 0.0952034
9.99122E-05 9.99122E-05 9.99122E-05 9.99122E-05 9.99122E-05 9.99122E-05 0.0892032 0.298138 0.499808 9.99122E-05 9.99122E-05 9.99122E-05 0.111851 9.99122E-05
9.99297E-05 0.0503817 9.99297E-05 9.99297E-05 9.99297E-05 0.0593687 9.99297E-05 0.107129 0.421951 9.99297E-05 9.99297E-05 0.184577 0.175793 9.99297E-05
0.0207586 0.00584206 9.9956E-05 0.136829 9.9956E-05 0.057406 0.0298166 0.180742 0.486359 9.9956E-05 9.9956E-05 0.0662792 9.9956E-05 0.0154678
