9.99385E-05 9.99385E-05 0.107 0.30788 9.99385E-05 9.99385E-05 0.392174 0.0523282 0.0774394 0.0624789 9.99385E-05 9.99385E-05 9.99385E-05
9.99298E-05 9.99298E-05 0.0374228 0.0217326 9.99298E-05 9.99298E-05 0.753694 9.99298E-05 0.164752 9.99298E-05 0.0215988 9.99298E-05 9.99298E-05
9.99122E-05 9.99122E-05 9.99122E-05 9.99122E-05 9.99122E-05 0.0014158 0.962802 0.0347832 9.99122E-05 9.99122E-05 9.99122E-05 9.99122E-05 9.99122E-05
0.0336633 9.99649E-05 0.0853849 0.0799823 0.329647 0.0398757 0.260748 0.0657478 9.99649E-05 9.99649E-05 0.0542006 9.99649E-05 0.0503512
0.0247751 9.9921E-05 9.9921E-05 9.9921E-05 9.9921E-05 0.110298 0.839663 9.9921E-05 0.0243645 9.9921E-05 9.9921E-05 9.9921E-05 9.9921E-05
0.178418 9.99561E-05 9.99561E-05 0.157262 0.0606465 0.163517 0.30266 9.99561E-05 0.102632 9.99561E-05 0.0290049 9.99561E-05 0.00535919
9.99649E-05 9.99649E-05 0.0965884 0.0725164 0.190462 0.0329422 0.327957 0.0429604 0.148331 0.0821401 9.99649E-05 0.00570318 9.99649E-05
0.167956 0.0400063 0.00911317 0.199212 0.111911 0.155749 0.239159 9.99561E-05 9.99561E-05 9.99561E-05 9.99561E-05 0.0763939 9.99561E-05
0.187886 9.99385E-05 9.99385E-05 9.99385E-05 9.99385E-05 0.0513781 0.285921 0.293619 0.0130536 0.167443 9.99385E-05 9.99385E-05 9.99385E-05
9.99034E-05 9.99034E-05 9.99034E-05 9.99034E-05 9.99034E-05 9.99034E-05 0.938774 0.0601266 9.99034E-05 9.99034E-05 9.99034E-05 9.99034E-05 9.99034E-05
0.0153981 9.99298E-05 0.141408 0.0943678 9.99298E-05 9.99298E-05 0.559963 0.188064 9.99298E-05 9.99298E-05 9.99298E-05 9.99298E-05 9.99298E-05
9.99298E-05 9.99298E-05 9.99298E-05 9.99298E-05 0.0571176 0.019632 0.878509 0.0307914 9.99298E-05 9.99298E-05 9.99298E-05 0.0131508 9.99298E-05
0.0754245 9.9921E-05 9.9921E-05 0.0639835 9.9921E-05 9.9921E-05 0.806836 0.0528571 9.9921E-05 9.9921E-05 9.9921E-05 9.9921E-05 9.9921E-05
9.99298E-05 9.99298E-05 0.0633834 9.99298E-05 9.99298E-05 9.99298E-05 0.68598 0.101758 9.99298E-05 9.99298E-05 9.99298E-05 0.055667 0.0924121
0.171779 9.99473E-05 9.99473E-05 0.216071 0.00297903 9.99473E-05 0.347613 0.1655 9.99473E-05 0.036203 9.99473E-05 9.99473E-05 0.0592547
0.205969 9.99561E-05 0.0381728 0.10029 0.129873 0.0902688 0.250078 0.122216 9.99561E-05 9.99561E-05 9.99561E-05 0.0626322 9.99561E-05
9.99386E-05 9.99386E-05 0.0505152 9.99386E-05 0.0420142 9.99386E-05 0.624871 0.136879 0.141466 9.99386E-05 9.99386E-05 0.00355525 9.99386E-05
0.0755484 0.165632 9.99386E-05 0.252262 9.99386E-05 9.99386E-05 0.213332 0.203524 9.99386E-05 9.99386E-05 0.0890022 9.99386E-05 9.99386E-05
0.222769 0.0228634 0.0121382 0.0409649 0.160656 9.99561E-05 0.351326 0.146177 9.99561E-05 9.99561E-05 0.0426061 9.99561E-05 9.99561E-05
9.99034E-05 9.99034E-05 9.99034E-05 9.99034E-05 9.99034E-05 9.99034E-05 0.987159 9.99034E-05 9.99034E-05 9.99034E-05 0.0117416 9.99034E-05 9.99034E-05
0.11583 9.99385E-05 0.119418 9.99385E-05 0.136705 9.99385E-05 0.548531 0.0679818 9.99385E-05 0.0108352 9.99385E-05 9.99385E-05 9.99385E-05
0.145124 0.0156818 9.99385E-05 0.306151 0.140543 0.109348 0.282453 9.99385E-05 9.99385E-05 9.99385E-05 9.99385E-05 9.99385E-05 9.99385E-05
9.99298E-05 9.99298E-05 0.0496249 0.0783571 9.99298E-05 9.99298E-05 0.716114 0.13565 0.0194539 9.99298E-05 9.99298E-05 9.99298E-05 9.99298E-05
9.99297E-05 9.99297E-05 9.99297E-05 0.228385 9.99297E-05 9.99297E-05 0.47466 0.180396 9.99297E-05 0.0892723 9.99297E-05 0.0264873 9.99297E-05
0.112343 9.99385E-05 0.0918458 9.99385E-05 9.99385E-05 9.99385E-05 0.329485 0.28629 9.99385E-05 9.99385E-05 0.12982 9.99385E-05 0.0495174
0.0267415 9.99298E-05 9.99298E-05 9.99298E-05 0.0686162 9.99298E-05 0.697993 0.142818 9.99298E-05 9.99298E-05 9.99298E-05 9.99298E-05 0.0630314
0.0286146 0.146799 9.99561E-05 0.413422 9.99561E-05 9.99561E-05 0.0266734 0.146144 9.99561E-05 9.99561E-05 0.0137415 0.0789014 0.145205
9.99123E-05 9.99123E-05 9.99123E-05 9.99123E-05 0.165398 9.99123E-05 0.805586 9.99123E-05 9.99123E-05 9.99123E-05 9.99123E-05 9.99123E-05 0.0280168
9.99386E-05 9.99386E-05 0.013052 0.0858268 9.99386E-05 9.99386E-05 0.664614 0.190401 9.99386E-05 0.00637346 0.0390325 9.99386E-05 9.99386E-05
0.0281647 9.99298E-05 9.99298E-05 9.99298E-05 9.99298E-05 9.99298E-05 0.790815 0.0884789 0.058631 9.99298E-05 9.99298E-05 9.99298E-05 0.0331109
0.0356846 9.99386E-05 0.0833041 0.144249 9.99386E-05 9.99386E-05 0.632644 0.062147 9.99386E-05 9.99386E-05 0.041271 9.99386E-05 9.99386E-05
0.0210014 9.99474E-05 0.114301 0.0154728 0.0828763 9.99474E-05 0.501527 0.16998 9.99474E-05 9.99474E-05 9.99474E-05 9.99474E-05 0.0942418
9.99298E-05 9.99298E-05 0.0842735 0.200888 9.99298E-05 9.99298E-05 0.502156 0.208245 9.99298E-05 9.99298E-05 0.00363804 9.99298E-05 9.99298E-05
9.99561E-05 0.0239491 0.0156071 9.99561E-05 0.0666311 0.024766 0.572968 0.156911 9.99561E-05 9.99561E-05 9.99561E-05 0.00428632 0.134381
9.99298E-05 9.99298E-05 0.0331511 9.99298E-05 9.99298E-05 9.99298E-05 0.843405 0.0275106 0.0494176 9.99298E-05 0.0457166 9.99298E-05 9.99298E-05
0.081917 9.99386E-05 9.99386E-05 0.0201196 0.0961819 9.99386E-05 0.74705 9.99386E-05 0.0162394 0.0377922 9.99386E-05 9.99386E-05 9.99386E-05
9.99211E-05 9.99211E-05 0.0118149 9.99211E-05 0.0360157 9.99211E-05 0.81764 9.99211E-05 9.99211E-05 9.99211E-05 9.99211E-05 0.13363 9.99211E-05
0.133166 9.99298E-05 9.99298E-05 9.99298E-05 9.99298E-05 9.99298E-05 0.709864 0.0392496 0.0306737 9.99298E-05 0.0862467 9.99298E-05 9.99298E-05
9.99386E-05 9.99386E-05 0.018829 9.99386E-05 9.99386E-05 0.0962727 0.562102 0.195187 0.0926668 9.99386E-05 9.99386E-05 9.99386E-05 0.034243
9.99297E-05 9.99297E-05 0.00680177 9.99297E-05 9.99297E-05 9.99297E-05 0.576505 0.199737 9.99297E-05 9.99297E-05 9.99297E-05 0.163717 0.0524396
0.0360247 9.99299E-05 0.025995 9.99299E-05 0.0375231 9.99299E-05 0.835247 0.0644106 9.99299E-05 9.99299E-05 9.99299E-05 9.99299E-05 9.99299E-05
0.0206277 9.99298E-05 9.99298E-05 0.346329 9.99298E-05 9.99298E-05 0.550146 0.06539 9.99298E-05 0.0167082 9.99298E-05 9.99298E-05 9.99298E-05
9.99211E-05 9.99211E-05 9.99211E-05 0.0104811 9.99211E-05 0.0230521 0.931351 9.99211E-05 0.0342169 9.99211E-05 9.99211E-05 9.99211E-05 9.99211E-05
0.125133 9.99385E-05 0.0437866 0.254706 9.99385E-05 9.99385E-05 0.345284 0.174184 9.99385E-05 0.0562061 9.99385E-05 9.99385E-05 9.99385E-05
9.99298E-05 9.99298E-05 0.00906466 0.183754 0.323433 9.99298E-05 0.286189 0.196761 9.99298E-05 9.99298E-05 9.99298E-05 9.99298E-05 9.99298E-05
0.0228289 9.99297E-05 9.99297E-05 9.99297E-05 0.0590747 9.99297E-05 0.844814 0.000546071 9.99297E-05 9.99297E-05 0.0719374 9.99297E-05 9.99297E-05
0.0173922 0.0386222 0.0128242 9.99298E-05 9.99298E-05 9.99298E-05 0.851446 0.0789164 9.99298E-05 9.99298E-05 9.99298E-05 9.99298E-05 9.99298E-05
9.99035E-05 9.99035E-05 9.99035E-05 9.99035E-05 9.99035E-05 9.99035E-05 0.994707 0.0041939 9.99035E-05 9.99035E-05 9.99035E-05 9.99035E-05 9.99035E-05
9.99297E-05 9.99297E-05 0.0425345 0.0934071 0.0314593 9.99297E-05 0.632522 0.199278 9.99297E-05 9.99297E-05 9.99297E-05 9.99297E-05 9.99297E-05
0.0362018 0.0271301 9.99387E-05 9.99387E-05 9.99387E-05 0.0239223 0.792365 9.99387E-05 9.99387E-05 9.99387E-05 0.00705639 0.112625 9.99387E-05
0.0665283 9.99561E-05 0.134063 0.0191015 0.0301809 9.99561E-05 0.34028 0.285332 9.99561E-05 0.0722307 9.99561E-05 9.99561E-05 0.0517834
9.99298E-05 9.99298E-05 9.99298E-05 9.99298E-05 0.0697234 0.166857 0.693852 9.99298E-05 9.99298E-05 0.0429285 9.99298E-05 0.0258404 9.99298E-05
9.99211E-05 0.100434 9.99211E-05 9.99211E-05 9.99211E-05 9.99211E-05 0.846471 0.0333556 0.0188406 9.99211E-05 9.99211E-05 9.99211E-05 9.99211E-05
0.0159933 0.00431385 0.0195854 9.99474E-05 9.99474E-05 0.013335 0.630797 0.0710972 9.99474E-05 9.99474E-05 9.99474E-05 0.244278 9.99474E-05
0.00197956 9.99474E-05 9.99474E-05 9.99474E-05 0.0631651 0.0338634 0.780454 0.0795363 0.0155062 0.0248962 9.99474E-05 9.99474E-05 9.99474E-05
9.99386E-05 0.0119726 9.99386E-05 9.99386E-05 9.99386E-05 0.0698045 0.750411 9.99386E-05 9.99386E-05 9.99386E-05 0.036131 0.0290627 0.101919
9.99385E-05 0.100879 9.99385E-05 9.99385E-05 0.0371657 0.0105523 0.839953 9.99385E-05 0.0034327 9.99385E-05 9.99385E-05 0.00731731 9.99385E-05
9.9921E-05 9.9921E-05 0.0222178 9.9921E-05 0.0904715 9.9921E-05 0.845108 0.0413032 9.9921E-05 9.9921E-05 9.9921E-05 9.9921E-05 9.9921E-05
0.0129776 0.00563456 9.99385E-05 9.99385E-05 0.00311606 9.99385E-05 0.918559 9.99385E-05 0.00034441 9.99385E-05 9.99385E-05 0.0586687 9.99385E-05
0.0368427 0.0562585 0.0116993 0.603818 9.99385E-05 9.99385E-05 9.99385E-05 0.190463 0.100219 9.99385E-05 9.99385E-05 9.99385E-05 9.99385E-05
0.0293987 0.0060802 9.99387E-05 0.873019 0.0562427 9.99387E-05 0.00230177 0.0322578 9.99387E-05 9.99387E-05 9.99387E-05 9.99387E-05 9.99387E-05
9.99298E-05 0.20168 9.99298E-05 0.685417 9.99298E-05 9.99298E-05 0.0516842 0.00473257 0.0556869 9.99298E-05 9.99298E-05 9.99298E-05 9.99298E-05
0.149793 0.0415354 0.0645465 0.17454 9.99474E-05 9.99474E-05 9.99474E-05 0.100961 0.381259 9.99474E-05 9.99474E-05 9.99474E-05 0.0867658
0.109363 0.0872817 9.99384E-05 0.621316 0.0517566 9.99384E-05 9.99384E-05 0.0478289 9.99384E-05 9.99384E-05 0.0817546 9.99384E-05 9.99384E-05
0.038748 9.99209E-05 0.000718141 0.650642 9.99209E-05 9.99209E-05 9.99209E-05 0.308993 9.99209E-05 9.99209E-05 9.99209E-05 9.99209E-05 9.99209E-05
9.99385E-05 0.0146404 0.0228911 0.318099 0.204703 9.99385E-05 9.99385E-05 0.170024 0.268943 9.99385E-05 9.99385E-05 9.99385E-05 9.99385E-05
0.120156 0.137379 0.0323477 0.371843 9.99385E-05 9.99385E-05 9.99385E-05 0.176381 0.161194 9.99385E-05 9.99385E-05 9.99385E-05 9.99385E-05
9.99123E-05 9.99123E-05 9.99123E-05 0.857319 9.99123E-05 9.99123E-05 9.99123E-05 9.99123E-05 0.10172 0.0399626 9.99123E-05 9.99123E-05 9.99123E-05
0.0850849 0.0102226 0.0374887 0.644894 0.0173889 9.99561E-05 0.101345 0.0594042 0.0436717 9.99561E-05 9.99561E-05 9.99561E-05 9.99561E-05
0.0867714 0.0312556 0.164411 0.425207 9.99385E-05 9.99385E-05 9.99385E-05 0.285872 0.00578339 9.99385E-05 9.99385E-05 9.99385E-05 9.99385E-05
9.99473E-05 0.0159807 0.0829199 0.456137 0.0894877 9.99473E-05 9.99473E-05 0.119226 0.121394 9.99473E-05 9.99473E-05 0.114255 9.99473E-05
0.158721 0.00903612 0.111915 0.438767 0.0352767 0.122763 9.99648E-05 0.0371664 0.053009 9.99648E-05 9.99648E-05 0.0329459 9.99648E-05
0.0122621 9.99384E-05 9.99384E-05 0.5694 9.99384E-05 0.078483 9.99384E-05 0.214923 0.108164 9.99384E-05 9.99384E-05 0.0160676 9.99384E-05
9.99387E-05 9.99387E-05 0.0163121 0.794131 9.99387E-05 9.99387E-05 0.0143357 9.99387E-05 0.0743517 0.049649 9.99387E-05 9.99387E-05 0.0505209
0.0617158 9.99211E-05 9.99211E-05 0.824163 9.99211E-05 9.99211E-05 9.99211E-05 0.0406199 0.0726017 9.99211E-05 9.99211E-05 9.99211E-05 9.99211E-05
9.99385E-05 0.151444 9.99385E-05 0.589864 9.99385E-05 9.99385E-05 9.99385E-05 0.0948185 0.0515817 0.101645 9.99385E-05 0.00994671 9.99385E-05
0.0465204 9.9921E-05 0.172592 0.696882 0.0831061 9.9921E-05 9.9921E-05 9.9921E-05 9.9921E-05 9.9921E-05 9.9921E-05 9.9921E-05 9.9921E-05
0.00343417 0.147326 0.0159048 0.645984 0.0127836 9.99561E-05 0.0197261 0.126043 0.0282995 9.99561E-05 9.99561E-05 9.99561E-05 9.99561E-05
9.99472E-05 0.0456051 0.0297538 0.49024 9.99472E-05 9.99472E-05 9.99472E-05 0.292948 0.0242266 9.99472E-05 0.0175553 0.0990717 9.99472E-05
9.993E-05 9.993E-05 9.993E-05 0.785259 9.993E-05 9.993E-05 0.0577847 0.0732313 0.0793359 9.993E-05 9.993E-05 9.993E-05 0.00358969
9.99297E-05 0.0221281 9.99297E-05 0.811389 0.0328169 9.99297E-05 9.99297E-05 0.0904709 0.0423955 9.99297E-05 9.99297E-05 9.99297E-05 9.99297E-05
9.99299E-05 9.99299E-05 0.0218803 0.545783 9.99299E-05 9.99299E-05 9.99299E-05 0.125676 0.0626431 9.99299E-05 9.99299E-05 9.99299E-05 0.243219
0.0493133 0.0418015 9.99474E-05 0.502379 0.189416 9.99474E-05 0.00475991 0.121558 9.99474E-05 0.0901725 9.99474E-05 9.99474E-05 9.99474E-05
9.99209E-05 9.99209E-05 0.209712 0.620091 0.0419741 9.99209E-05 9.99209E-05 0.127323 9.99209E-05 9.99209E-05 9.99209E-05 9.99209E-05 9.99209E-05
0.015306 9.99299E-05 9.99299E-05 0.602612 9.99299E-05 9.99299E-05 0.156246 0.0675748 0.157462 9.99299E-05 9.99299E-05 9.99299E-05 9.99299E-05
9.99386E-05 0.0967792 9.99386E-05 0.797208 9.99386E-05 9.99386E-05 0.0465475 0.00390959 0.0222934 0.0325623 9.99386E-05 9.99386E-05 9.99386E-05
9.99124E-05 9.99124E-05 9.99124E-05 0.834509 9.99124E-05 9.99124E-05 9.99124E-05 0.0799103 0.0845816 9.99124E-05 9.99124E-05 9.99124E-05 9.99124E-05
0.0239164 0.167216 9.99298E-05 0.656658 9.99298E-05 9.99298E-05 0.0255563 0.125855 9.99298E-05 9.99298E-05 9.99298E-05 9.99298E-05 9.99298E-05
0.086696 9.99387E-05 9.99387E-05 0.345317 9.99387E-05 9.99387E-05 0.0815024 0.200608 0.0777927 9.99387E-05 9.99387E-05 9.99387E-05 0.207385
0.20633 9.99297E-05 0.0377586 9.99297E-05 9.99297E-05 0.00109435 9.99297E-05 0.192197 9.99297E-05 9.99297E-05 9.99297E-05 9.99297E-05 0.561821
0.0788586 9.99211E-05 9.99211E-05 9.99211E-05 9.99211E-05 9.99211E-05 0.00726336 0.00691679 9.99211E-05 9.99211E-05 9.99211E-05 9.99211E-05 0.906062
0.00893686 0.0523086 0.0710551 0.00486235 9.99472E-05 9.99472E-05 9.99472E-05 0.174726 9.99472E-05 9.99472E-05 9.99472E-05 0.0339998 0.653511
0.177005 0.0601313 0.0728086 9.99297E-05 9.99297E-05 9.99297E-05 9.99297E-05 0.230805 9.99297E-05 9.99297E-05 9.99297E-05 9.99297E-05 0.458451
0.202475 0.116041 9.99296E-05 9.99296E-05 9.99296E-05 9.99296E-05 9.99296E-05 0.0157145 9.99296E-05 9.99296E-05 0.0507275 9.99296E-05 0.614243
0.186021 9.99297E-05 9.99297E-05 9.99297E-05 0.0985513 9.99297E-05 9.99297E-05 0.199039 0.0344823 9.99297E-05 9.99297E-05 9.99297E-05 0.481107
0.108193 0.0540336 0.0484594 0.00488137 9.99385E-05 9.99385E-05 9.99385E-05 0.177714 9.99385E-05 9.99385E-05 9.99385E-05 9.99385E-05 0.606019
0.298203 9.9921E-05 0.0238599 9.9921E-05 9.9921E-05 9.9921E-05 9.9921E-05 0.146705 9.9921E-05 9.9921E-05 9.9921E-05 9.9921E-05 0.530333
0.37325 9.99384E-05 0.0405926 0.0649414 9.99384E-05 9.99384E-05 9.99384E-05 0.112027 0.250429 9.99384E-05 9.99384E-05 9.99384E-05 0.15806
0.278297 9.99209E-05 0.0290599 9.99209E-05 9.99209E-05 9.99209E-05 9.99209E-05 0.339128 9.99209E-05 9.99209E-05 9.99209E-05 9.99209E-05 0.352616
9.99123E-05 9.99123E-05 9.99123E-05 9.99123E-05 9.99123E-05 9.99123E-05 9.99123E-05 0.0779657 0.338772 9.99123E-05 9.99123E-05 9.99123E-05 0.582263
9.99298E-05 9.99298E-05 0.0567446 9.99298E-05 9.99298E-05 9.99298E-05 9.99298E-05 0.173478 0.0747696 9.99298E-05 0.00456977 9.99298E-05 0.689639
0.165425 0.0284735 0.0049001 9.9921E-05 9.9921E-05 9.9921E-05 9.9921E-05 9.9921E-05 9.9921E-05 9.9921E-05 9.9921E-05 9.9921E-05 0.800302
0.214994 9.9921E-05 9.9921E-05 9.9921E-05 9.9921E-05 9.9921E-05 9.9921E-05 0.291692 9.9921E-05 0.0280932 9.9921E-05 9.9921E-05 0.464321
0.112344 0.128779 9.99473E-05 9.99473E-05 9.99473E-05 9.99473E-05 9.99473E-05 0.0517149 0.0216112 9.99473E-05 0.0271333 0.067825 0.589993
0.10685 9.99473E-05 0.07474 9.99473E-05 9.99473E-05 9.99473E-05 9.99473E-05 0.230691 0.0222957 9.99473E-05 0.0130454 0.0412597 0.510519
0.0756805 0.0292066 9.99385E-05 9.99385E-05 9.99385E-05 9.99385E-05 9.99385E-05 0.0912548 0.168892 9.99385E-05 0.062808 9.99385E-05 0.571459
0.143728 9.99298E-05 0.0447903 9.99298E-05 9.99298E-05 0.17637 9.99298E-05 9.99298E-05 9.99298E-05 9.99298E-05 9.99298E-05 0.0287456 0.605567
0.0308128 9.99385E-05 0.065743 9.99385E-05 9.99385E-05 0.0472084 9.99385E-05 0.032754 0.0646119 9.99385E-05 9.99385E-05 9.99385E-05 0.75817
0.0672072 9.99473E-05 0.0263003 9.99473E-05 0.0421256 9.99473E-05 9.99473E-05 0.155444 9.99473E-05 0.0323272 0.101677 9.99473E-05 0.574319
0.118866 9.99385E-05 9.99385E-05 9.99385E-05 0.0280062 0.0894781 9.99385E-05 0.180717 0.037587 9.99385E-05 9.99385E-05 9.99385E-05 0.544646
0.129919 0.0830453 0.0886076 9.99297E-05 9.99297E-05 9.99297E-05 9.99297E-05 0.0891524 9.99297E-05 9.99297E-05 9.99297E-05 9.99297E-05 0.608476
0.302674 9.99385E-05 9.99385E-05 9.99385E-05 9.99385E-05 0.00304889 9.99385E-05 0.285863 0.0839039 9.99385E-05 0.0958131 9.99385E-05 0.227998
0.235871 9.99122E-05 9.99122E-05 9.99122E-05 9.99122E-05 9.99122E-05 9.99122E-05 0.0617936 9.99122E-05 9.99122E-05 9.99122E-05 9.99122E-05 0.701336
0.299657 9.99385E-05 9.99385E-05 9.99385E-05 9.99385E-05 0.0101021 9.99385E-05 0.281551 0.081359 9.99385E-05 0.0951838 9.99385E-05 0.231448
0.131947 0.00972529 9.99386E-05 0.0638887 9.99386E-05 9.99386E-05 9.99386E-05 0.16285 0.128334 9.99386E-05 9.99386E-05 9.99386E-05 0.502556
9.99211E-05 9.99211E-05 9.99211E-05 9.99211E-05 9.99211E-05 9.99211E-05 0.0435149 0.0757044 9.99211E-05 0.133084 9.99211E-05 9.99211E-05 0.746798
0.22618 9.99384E-05 9.99384E-05 9.99384E-05 0.0248868 0.0561549 9.99384E-05 0.186586 9.99384E-05 9.99384E-05 0.0218403 9.99384E-05 0.483652
0.310569 9.99209E-05 9.99209E-05 9.99209E-05 9.99209E-05 9.99209E-05 9.99209E-05 0.262392 9.99209E-05 9.99209E-05 0.00974884 9.99209E-05 0.41639
0.0366387 9.99297E-05 0.0556579 9.99297E-05 9.99297E-05 9.99297E-05 9.99297E-05 0.174339 9.99297E-05 9.99297E-05 0.0776479 9.99297E-05 0.654917
0.107403 9.99298E-05 0.0943234 9.99298E-05 9.99298E-05 9.99298E-05 9.99298E-05 0.310352 9.99298E-05 9.99298E-05 9.99298E-05 0.0265914 0.46053
0.0299615 9.99385E-05 0.021969 9.99385E-05 9.99385E-05 9.99385E-05 9.99385E-05 0.148367 9.99385E-05 9.99385E-05 0.0420653 0.00649345 0.750444
0.322434 9.99385E-05 0.0307539 9.99385E-05 9.99385E-05 0.213875 9.99385E-05 0.168459 9.99385E-05 9.99385E-05 0.144354 9.99385E-05 0.119424
0.163179 9.99385E-05 0.000152197 0.101474 9.99385E-05 9.99385E-05 9.99385E-05 0.18718 9.99385E-05 9.99385E-05 0.0776722 9.99385E-05 0.469642
0.0325582 9.9921E-05 9.9921E-05 9.9921E-05 0.021703 9.9921E-05 9.9921E-05 0.110945 9.9921E-05 9.9921E-05 9.9921E-05 9.9921E-05 0.833894
0.08459 9.99297E-05 0.0900726 9.99297E-05 0.0914949 9.99297E-05 9.99297E-05 9.99297E-05 0.0448396 9.99297E-05 9.99297E-05 9.99297E-05 0.688203
0.180019 0.0620135 0.0368112 9.99296E-05 9.99296E-05 9.99296E-05 9.99296E-05 0.316283 9.99296E-05 9.99296E-05 9.99296E-05 9.99296E-05 0.404074
0.117718 9.99035E-05 9.99035E-05 9.99035E-05 9.99035E-05 9.99035E-05 9.99035E-05 9.99035E-05 9.99035E-05 9.99035E-05 9.99035E-05 9.99035E-05 0.881183
0.0434617 9.9921E-05 9.9921E-05 9.9921E-05 9.9921E-05 9.9921E-05 9.9921E-05 0.102513 9.9921E-05 9.9921E-05 0.0716047 9.9921E-05 0.781521
0.0453943 9.99036E-05 9.99036E-05 9.99036E-05 9.99036E-05 9.99036E-05 9.99036E-05 9.99036E-05 9.99036E-05 9.99036E-05 9.99036E-05 9.99036E-05 0.953507
9.99123E-05 9.99123E-05 9.99123E-05 9.99123E-05 9.99123E-05 9.99123E-05 9.99123E-05 9.99123E-05 0.061057 9.99123E-05 0.00698218 9.99123E-05 0.930962
0.103036 9.99385E-05 0.0424072 9.99385E-05 9.99385E-05 0.101694 9.99385E-05 0.400578 0.0494398 9.99385E-05 9.99385E-05 9.99385E-05 0.302145
0.23956 9.99297E-05 9.99297E-05 9.99297E-05 9.99297E-05 0.0966561 9.99297E-05 0.0166448 9.99297E-05 9.99297E-05 9.99297E-05 0.0186972 0.627642
0.157783 9.99298E-05 9.99298E-05 9.99298E-05 9.99298E-05 9.99298E-05 0.022117 0.0101744 9.99298E-05 9.99298E-05 0.0228809 9.99298E-05 0.786245
0.00667809 9.99386E-05 9.99386E-05 9.99386E-05 9.99386E-05 9.99386E-05 0.005018 0.131752 0.0319447 0.0427581 9.99386E-05 9.99386E-05 0.78115
0.253829 0.0322977 0.00801202 0.0820708 9.9956E-05 9.9956E-05 9.9956E-05 0.0120336 0.168956 9.9956E-05 0.183922 9.9956E-05 0.258379
0.154697 0.0920911 9.99298E-05 0.183151 9.99298E-05 9.99298E-05 9.99298E-05 0.176283 9.99298E-05 9.99298E-05 9.99298E-05 9.99298E-05 0.392978
0.0948613 0.0397204 9.99561E-05 9.99561E-05 9.99561E-05 0.0124565 9.99561E-05 0.0664286 0.137528 0.084272 9.99561E-05 0.0773493 0.486884
0.263041 9.99385E-05 0.0549687 0.0515725 9.99385E-05 9.99385E-05 9.99385E-05 0.334322 9.99385E-05 9.99385E-05 0.0664749 9.99385E-05 0.228922
9.99123E-05 9.99123E-05 9.99123E-05 9.99123E-05 9.99123E-05 9.99123E-05 9.99123E-05 0.0468772 0.0417007 9.99123E-05 9.99123E-05 9.99123E-05 0.910423
0.0371453 9.99385E-05 0.0161474 9.99385E-05 0.255295 9.99385E-05 9.99385E-05 0.219155 9.99385E-05 9.99385E-05 9.99385E-05 0.00572858 0.465829
0.116838 9.99124E-05 9.99124E-05 9.99124E-05 9.99124E-05 9.99124E-05 9.99124E-05 9.99124E-05 0.047563 9.99124E-05 9.99124E-05 9.99124E-05 0.8346
0.192427 9.99211E-05 0.00588057 9.99211E-05 9.99211E-05 9.99211E-05 9.99211E-05 0.195658 9.99211E-05 9.99211E-05 9.99211E-05 9.99211E-05 0.605134
0.0981591 0.0188286 9.99473E-05 9.99473E-05 9.99473E-05 0.027347 9.99473E-05 0.0200005 0.0253959 9.99473E-05 9.99473E-05 0.165828 0.643841
0.0485316 9.99296E-05 0.0731406 9.99296E-05 0.0709668 9.99296E-05 9.99296E-05 0.0846404 9.99296E-05 9.99296E-05 9.99296E-05 9.99296E-05 0.721921
0.281165 9.99209E-05 9.99209E-05 9.99209E-05 9.99209E-05 9.99209E-05 9.99209E-05 0.304316 0.210282 9.99209E-05 9.99209E-05 9.99209E-05 0.203338
0.236685 9.99209E-05 0.00252843 9.99209E-05 9.99209E-05 9.99209E-05 9.99209E-05 0.181124 9.99209E-05 9.99209E-05 9.99209E-05 9.99209E-05 0.578764
0.150675 9.99385E-05 0.0394708 9.99385E-05 9.99385E-05 9.99385E-05 9.99385E-05 0.0989115 9.99385E-05 9.99385E-05 0.0355821 0.0470909 0.62757
0.0589116 9.99473E-05 0.0163572 9.99473E-05 9.99473E-05 0.0246337 9.99473E-05 0.12886 9.99473E-05 0.00320707 0.175985 9.99473E-05 0.591445
0.21654 9.9921E-05 9.9921E-05 9.9921E-05 9.9921E-05 9.9921E-05 9.9921E-05 0.0531694 0.0433431 9.9921E-05 9.9921E-05 9.9921E-05 0.686048
9.98945E-05 9.98945E-05 9.98945E-05 9.98945E-05 9.98945E-05 9.98945E-05 9.98945E-05 0.998801 9.98945E-05 9.98945E-05 9.98945E-05 9.98945E-05 9.98945E-05
0.998801 9.98944E-05 9.98944E-05 9.98944E-05 9.98944E-05 9.98944E-05 9.98944E-05 9.98944E-05 9.98944E-05 9.98944E-05 9.98944E-05 9.98944E-05 9.98944E-05
9.98944E-05 9.98944E-05 9.98944E-05 9.98944E-05 9.98944E-05 9.98944E-05 9.98944E-05 0.998801 9.98944E-05 9.98944E-05 9.98944E-05 9.98944E-05 9.98944E-05
0.998801 9.98945E-05 9.98945E-05 9.98945E-05 9.98945E-05 9.98945E-05 9.98945E-05 9.98945E-05 9.98945E-05 9.98945E-05 9.98945E-05 9.98945E-05 9.98945E-05
0.998801 9.98944E-05 9.98944E-05 9.98944E-05 9.98944E-05 9.98944E-05 9.98944E-05 9.98944E-05 9.98944E-05 9.98944E-05 9.98944E-05 9.98944E-05 9.98944E-05
0.998801 9.98945E-05 9.98945E-05 9.98945E-05 9.98945E-05 9.98945E-05 9.98945E-05 9.98945E-05 9.98945E-05 9.98945E-05 9.98945E-05 9.98945E-05 9.98945E-05
9.98944E-05 9.98944E-05 9.98944E-05 9.98944E-05 9.98944E-05 9.98944E-05 9.98944E-05 0.998801 9.98944E-05 9.98944E-05 9.98944E-05 9.98944E-05 9.98944E-05
0.998801 9.98944E-05 9.98944E-05 9.98944E-05 9.98944E-05 9.98944E-05 9.98944E-05 9.98944E-05 9.98944E-05 9.98944E-05 9.98944E-05 9.98944E-05 9.98944E-05
0.998801 9.98944E-05 9.98944E-05 9.98944E-05 9.98944E-05 9.98944E-05 9.98944E-05 9.98944E-05 9.98944E-05 9.98944E-05 9.98944E-05 9.98944E-05 9.98944E-05
9.98944E-05 9.98944E-05 9.98944E-05 9.98944E-05 9.98944E-05 9.98944E-05 9.98944E-05 0.998801 9.98944E-05 9.98944E-05 9.98944E-05 9.98944E-05 9.98944E-05
9.99033E-05 0.00248193 9.99033E-05 9.99033E-05 9.99033E-05 9.99033E-05 9.99033E-05 0.996419 9.99033E-05 9.99033E-05 9.99033E-05 9.99033E-05 9.99033E-05
9.98944E-05 9.98944E-05 9.98944E-05 9.98944E-05 9.98944E-05 9.98944E-05 9.98944E-05 0.998801 9.98944E-05 9.98944E-05 9.98944E-05 9.98944E-05 9.98944E-05
0.998801 9.98945E-05 9.98945E-05 9.98945E-05 9.98945E-05 9.98945E-05 9.98945E-05 9.98945E-05 9.98945E-05 9.98945E-05 9.98945E-05 9.98945E-05 9.98945E-05
0.998801 9.98944E-05 9.98944E-05 9.98944E-05 9.98944E-05 9.98944E-05 9.98944E-05 9.98944E-05 9.98944E-05 9.98944E-05 9.98944E-05 9.98944E-05 9.98944E-05
9.98944E-05 9.98944E-05 9.98944E-05 9.98944E-05 9.98944E-05 9.98944E-05 9.98944E-05 0.998801 9.98944E-05 9.98944E-05 9.98944E-05 9.98944E-05 9.98944E-05
9.98944E-05 9.98944E-05 9.98944E-05 9.98944E-05 9.98944E-05 9.98944E-05 9.98944E-05 0.998801 9.98944E-05 9.98944E-05 9.98944E-05 9.98944E-05 9.98944E-05
0.132328 9.9956E-05 9.9956E-05 9.9956E-05 0.203208 9.9956E-05 9.9956E-05 0.17737 0.0161511 0.0583752 0.0444893 0.0297856 0.337793
9.98944E-05 9.98944E-05 9.98944E-05 9.98944E-05 9.98944E-05 9.98944E-05 9.98944E-05 0.998801 9.98944E-05 9.98944E-05 9.98944E-05 9.98944E-05 9.98944E-05
0.998801 9.98945E-05 9.98945E-05 9.98945E-05 9.98945E-05 9.98945E-05 9.98945E-05 9.98945E-05 9.98945E-05 9.98945E-05 9.98945E-05 9.98945E-05 9.98945E-05
9.98944E-05 9.98944E-05 9.98944E-05 9.98944E-05 9.98944E-05 9.98944E-05 9.98944E-05 0.998801 9.98944E-05 9.98944E-05 9.98944E-05 9.98944E-05 9.98944E-05
9.98944E-05 9.98944E-05 9.98944E-05 9.98944E-05 9.98944E-05 9.98944E-05 9.98944E-05 0.998801 9.98944E-05 9.98944E-05 9.98944E-05 9.98944E-05 9.98944E-05
9.98944E-05 9.98944E-05 9.98944E-05 9.98944E-05 9.98944E-05 9.98944E-05 9.98944E-05 0.998801 9.98944E-05 9.98944E-05 9.98944E-05 9.98944E-05 9.98944E-05
0.998801 9.98944E-05 9.98944E-05 9.98944E-05 9.98944E-05 9.98944E-05 9.98944E-05 9.98944E-05 9.98944E-05 9.98944E-05 9.98944E-05 9.98944E-05 9.98944E-05
9.98944E-05 9.98944E-05 9.98944E-05 9.98944E-05 9.98944E-05 9.98944E-05 9.98944E-05 0.998801 9.98944E-05 9.98944E-05 9.98944E-05 9.98944E-05 9.98944E-05
0.998801 9.98944E-05 9.98944E-05 9.98944E-05 9.98944E-05 9.98944E-05 9.98944E-05 9.98944E-05 9.98944E-05 9.98944E-05 9.98944E-05 9.98944E-05 9.98944E-05
9.98944E-05 9.98944E-05 9.98944E-05 9.98944E-05 9.98944E-05 9.98944E-05 9.98944E-05 0.998801 9.98944E-05 9.98944E-05 9.98944E-05 9.98944E-05 9.98944E-05
9.98944E-05 9.98944E-05 9.98944E-05 9.98944E-05 9.98944E-05 9.98944E-05 9.98944E-05 0.998801 9.98944E-05 9.98944E-05 9.98944E-05 9.98944E-05 9.98944E-05
0.998801 9.98944E-05 9.98944E-05 9.98944E-05 9.98944E-05 9.98944E-05 9.98944E-05 9.98944E-05 9.98944E-05 9.98944E-05 9.98944E-05 9.98944E-05 9.98944E-05
0.998801 9.98944E-05 9.98944E-05 9.98944E-05 9.98944E-05 9.98944E-05 9.98944E-05 9.98944E-05 9.98944E-05 9.98944E-05 9.98944E-05 9.98944E-05 9.98944E-05
0.998801 9.98944E-05 9.98944E-05 9.98944E-05 9.98944E-05 9.98944E-05 9.98944E-05 9.98944E-05 9.98944E-05 9.98944E-05 9.98944E-05 9.98944E-05 9.98944E-05
9.98945E-05 9.98945E-05 9.98945E-05 9.98945E-05 9.98945E-05 9.98945E-05 9.98945E-05 0.998801 9.98945E-05 9.98945E-05 9.98945E-05 9.98945E-05 9.98945E-05
9.99033E-05 0.0032652 9.99033E-05 9.99033E-05 9.99033E-05 9.99033E-05 9.99033E-05 0.995636 9.99033E-05 9.99033E-05 9.99033E-05 9.99033E-05 9.99033E-05
9.98944E-05 9.98944E-05 9.98944E-05 9.98944E-05 9.98944E-05 9.98944E-05 9.98944E-05 0.998801 9.98944E-05 9.98944E-05 9.98944E-05 9.98944E-05 9.98944E-05
9.98944E-05 9.98944E-05 9.98944E-05 9.98944E-05 9.98944E-05 9.98944E-05 9.98944E-05 0.998801 9.98944E-05 9.98944E-05 9.98944E-05 9.98944E-05 9.98944E-05
9.98944E-05 9.98944E-05 9.98944E-05 9.98944E-05 9.98944E-05 9.98944E-05 9.98944E-05 0.998801 9.98944E-05 9.98944E-05 9.98944E-05 9.98944E-05 9.98944E-05
0.998801 9.98944E-05 9.98944E-05 9.98944E-05 9.98944E-05 9.98944E-05 9.98944E-05 9.98944E-05 9.98944E-05 9.98944E-05 9.98944E-05 9.98944E-05 9.98944E-05
0.998801 9.98945E-05 9.98945E-05 9.98945E-05 9.98945E-05 9.98945E-05 9.98945E-05 9.98945E-05 9.98945E-05 9.98945E-05 9.98945E-05 9.98945E-05 9.98945E-05
0.998801 9.98944E-05 9.98944E-05 9.98944E-05 9.98944E-05 9.98944E-05 9.98944E-05 9.98944E-05 9.98944E-05 9.98944E-05 9.98944E-05 9.98944E-05 9.98944E-05
9.98945E-05 9.98945E-05 9.98945E-05 9.98945E-05 9.98945E-05 9.98945E-05 9.98945E-05 0.998801 9.98945E-05 9.98945E-05 9.98945E-05 9.98945E-05 9.98945E-05
0.998801 9.98945E-05 9.98945E-05 9.98945E-05 9.98945E-05 9.98945E-05 9.98945E-05 9.98945E-05 9.98945E-05 9.98945E-05 9.98945E-05 9.98945E-05 9.98945E-05
0.998801 9.98944E-05 9.98944E-05 9.98944E-05 9.98944E-05 9.98944E-05 9.98944E-05 9.98944E-05 9.98944E-05 9.98944E-05 9.98944E-05 9.98944E-05 9.98944E-05
0.998801 9.98944E-05 9.98944E-05 9.98944E-05 9.98944E-05 9.98944E-05 9.98944E-05 9.98944E-05 9.98944E-05 9.98944E-05 9.98944E-05 9.98944E-05 9.98944E-05
0.998801 9.98944E-05 9.98944E-05 9.98944E-05 9.98944E-05 9.98944E-05 9.98944E-05 9.98944E-05 9.98944E-05 9.98944E-05 9.98944E-05 9.98944E-05 9.98944E-05
9.98944E-05 9.98944E-05 9.98944E-05 9.98944E-05 9.98944E-05 9.98944E-05 9.98944E-05 0.998801 9.98944E-05 9.98944E-05 9.98944E-05 9.98944E-05 9.98944E-05
0.998801 9.98944E-05 9.98944E-05 9.98944E-05 9.98944E-05 9.98944E-05 9.98944E-05 9.98944E-05 9.98944E-05 9.98944E-05 9.98944E-05 9.98944E-05 9.98944E-05
0.998801 9.98944E-05 9.98944E-05 9.98944E-05 9.98944E-05 9.98944E-05 9.98944E-05 9.98944E-05 9.98944E-05 9.98944E-05 9.98944E-05 9.98944E-05 9.98944E-05
0.127092 9.9956E-05 9.9956E-05 9.9956E-05 0.22451 9.9956E-05 9.9956E-05 0.130707 0.0259145 0.0414061 0.0756784 0.0679018 0.30629
9.98944E-05 9.98944E-05 9.98944E-05 9.98944E-05 9.98944E-05 9.98944E-05 9.98944E-05 0.998801 9.98944E-05 9.98944E-05 9.98944E-05 9.98944E-05 9.98944E-05
0.998801 9.98944E-05 9.98944E-05 9.98944E-05 9.98944E-05 9.98944E-05 9.98944E-05 9.98944E-05 9.98944E-05 9.98944E-05 9.98944E-05 9.98944E-05 9.98944E-05
0.998801 9.98944E-05 9.98944E-05 9.98944E-05 9.98944E-05 9.98944E-05 9.98944E-05 9.98944E-05 9.98944E-05 9.98944E-05 9.98944E-05 9.98944E-05 9.98944E-05
0.998801 9.98944E-05 9.98944E-05 9.98944E-05 9.98944E-05 9.98944E-05 9.98944E-05 9.98944E-05 9.98944E-05 9.98944E-05 9.98944E-05 9.98944E-05 9.98944E-05
0.98516 9.99033E-05 0.0137415 9.99033E-05 9.99033E-05 9.99033E-05 9.99033E-05 9.99033E-05 9.99033E-05 9.99033E-05 9.99033E-05 9.99033E-05 9.99033E-05
9.98943E-05 9.98943E-05 9.98943E-05 9.98943E-05 9.98943E-05 9.98943E-05 9.98943E-05 0.998801 9.98943E-05 9.98943E-05 9.98943E-05 9.98943E-05 9.98943E-05
0.998801 9.98945E-05 9.98945E-05 9.98945E-05 9.98945E-05 9.98945E-05 9.98945E-05 9.98945E-05 9.98945E-05 9.98945E-05 9.98945E-05 9.98945E-05 9.98945E-05
9.98944E-05 9.98944E-05 9.98944E-05 9.98944E-05 9.98944E-05 9.98944E-05 9.98944E-05 0.998801 9.98944E-05 9.98944E-05 9.98944E-05 9.98944E-05 9.98944E-05
0.998801 9.98945E-05 9.98945E-05 9.98945E-05 9.98945E-05 9.98945E-05 9.98945E-05 9.98945E-05 9.98945E-05 9.98945E-05 9.98945E-05 9.98945E-05 9.98945E-05
9.98944E-05 9.98944E-05 9.98944E-05 9.98944E-05 9.98944E-05 9.98944E-05 9.98944E-05 0.998801 9.98944E-05 9.98944E-05 9.98944E-05 9.98944E-05 9.98944E-05
0.998801 9.98944E-05 9.98944E-05 9.98944E-05 9.98944E-05 9.98944E-05 9.98944E-05 9.98944E-05 9.98944E-05 9.98944E-05 9.98944E-05 9.98944E-05 9.98944E-05
0.998801 9.98944E-05 9.98944E-05 9.98944E-05 9.98944E-05 9.98944E-05 9.98944E-05 9.98944E-05 9.98944E-05 9.98944E-05 9.98944E-05 9.98944E-05 9.98944E-05
0.998801 9.98944E-05 9.98944E-05 9.98944E-05 9.98944E-05 9.98944E-05 9.98944E-05 9.98944E-05 9.98944E-05 9.98944E-05 9.98944E-05 9.98944E-05 9.98944E-05
0.998801 9.98944E-05 9.98944E-05 9.98944E-05 9.98944E-05 9.98944E-05 9.98944E-05 9.98944E-05 9.98944E-05 9.98944E-05 9.98944E-05 9.98944E-05 9.98944E-05
0.998801 9.98945E-05 9.98945E-05 9.98945E-05 9.98945E-05 9.98945E-05 9.98945E-05 9.98945E-05 9.98945E-05 9.98945E-05 9.98945E-05 9.98945E-05 9.98945E-05
0.998801 9.98945E-05 9.98945E-05 9.98945E-05 9.98945E-05 9.98945E-05 9.98945E-05 9.98945E-05 9.98945E-05 9.98945E-05 9.98945E-05 9.98945E-05 9.98945E-05
9.98944E-05 9.98944E-05 9.98944E-05 9.98944E-05 9.98944E-05 9.98944E-05 9.98944E-05 0.998801 9.98944E-05 9.98944E-05 9.98944E-05 9.98944E-05 9.98944E-05
9.98944E-05 9.98944E-05 9.98944E-05 9.98944E-05 9.98944E-05 9.98944E-05 9.98944E-05 0.998801 9.98944E-05 9.98944E-05 9.98944E-05 9.98944E-05 9.98944E-05
9.98944E-05 9.98944E-05 9.98944E-05 9.98944E-05 9.98944E-05 9.98944E-05 9.98944E-05 0.998801 9.98944E-05 9.98944E-05 9.98944E-05 9.98944E-05 9.98944E-05
0.998801 9.98944E-05 9.98944E-05 9.98944E-05 9.98944E-05 9.98944E-05 9.98944E-05 9.98944E-05 9.98944E-05 9.98944E-05 9.98944E-05 9.98944E-05 9.98944E-05
9.98944E-05 9.98944E-05 9.98944E-05 9.98944E-05 9.98944E-05 9.98944E-05 9.98944E-05 0.998801 9.98944E-05 9.98944E-05 9.98944E-05 9.98944E-05 9.98944E-05
9.98944E-05 9.98944E-05 9.98944E-05 9.98944E-05 9.98944E-05 9.98944E-05 9.98944E-05 0.998801 9.98944E-05 9.98944E-05 9.98944E-05 9.98944E-05 9.98944E-05
9.98944E-05 9.98944E-05 9.98944E-05 9.98944E-05 9.98944E-05 9.98944E-05 9.98944E-05 0.998801 9.98944E-05 9.98944E-05 9.98944E-05 9.98944E-05 9.98944E-05
0.998801 9.98944E-05 9.98944E-05 9.98944E-05 9.98944E-05 9.98944E-05 9.98944E-05 9.98944E-05 9.98944E-05 9.98944E-05 9.98944E-05 9.98944E-05 9.98944E-05
0.998801 9.98944E-05 9.98944E-05 9.98944E-05 9.98944E-05 9.98944E-05 9.98944E-05 9.98944E-05 9.98944E-05 9.98944E-05 9.98944E-05 9.98944E-05 9.98944E-05
0.998801 9.98944E-05 9.98944E-05 9.98944E-05 9.98944E-05 9.98944E-05 9.98944E-05 9.98944E-05 9.98944E-05 9.98944E-05 9.98944E-05 9.98944E-05 9.98944E-05
9.98943E-05 9.98943E-05 9.98943E-05 9.98943E-05 9.98943E-05 9.98943E-05 9.98943E-05 0.998801 9.98943E-05 9.98943E-05 9.98943E-05 9.98943E-05 9.98943E-05
0.998801 9.98944E-05 9.98944E-05 9.98944E-05 9.98944E-05 9.98944E-05 9.98944E-05 9.98944E-05 9.98944E-05 9.98944E-05 9.98944E-05 9.98944E-05 9.98944E-05
0.998801 9.98944E-05 9.98944E-05 9.98944E-05 9.98944E-05 9.98944E-05 9.98944E-05 9.98944E-05 9.98944E-05 9.98944E-05 9.98944E-05 9.98944E-05 9.98944E-05
9.98944E-05 9.98944E-05 9.98944E-05 9.98944E-05 9.98944E-05 9.98944E-05 9.98944E-05 0.998801 9.98944E-05 9.98944E-05 9.98944E-05 9.98944E-05 9.98944E-05
0.998801 9.98945E-05 9.98945E-05 9.98945E-05 9.98945E-05 9.98945E-05 9.98945E-05 9.98945E-05 9.98945E-05 9.98945E-05 9.98945E-05 9.98945E-05 9.98945E-05
0.998801 9.98944E-05 9.98944E-05 9.98944E-05 9.98944E-05 9.98944E-05 9.98944E-05 9.98944E-05 9.98944E-05 9.98944E-05 9.98944E-05 9.98944E-05 9.98944E-05
0.134182 0.06412 0.145633 9.99384E-05 9.99384E-05 9.99384E-05 9.99384E-05 0.339989 9.99384E-05 9.99384E-05 9.99384E-05 0.102898 0.212478
9.98944E-05 9.98944E-05 9.98944E-05 9.98944E-05 9.98944E-05 9.98944E-05 9.98944E-05 0.998801 9.98944E-05 9.98944E-05 9.98944E-05 9.98944E-05 9.98944E-05
0.998801 9.98944E-05 9.98944E-05 9.98944E-05 9.98944E-05 9.98944E-05 9.98944E-05 9.98944E-05 9.98944E-05 9.98944E-05 9.98944E-05 9.98944E-05 9.98944E-05
0.448169 9.99298E-05 0.0324761 9.99298E-05 9.99298E-05 9.99298E-05 9.99298E-05 0.00286809 9.99298E-05 0.184666 9.99298E-05 9.99298E-05 0.331021
0.275148 9.99385E-05 9.99385E-05 9.99385E-05 0.0989845 0.0441009 9.99385E-05 0.154582 9.99385E-05 9.99385E-05 0.0410713 9.99385E-05 0.385414
0.18088 9.99209E-05 9.99209E-05 9.99209E-05 9.99209E-05 9.99209E-05 9.99209E-05 0.408246 9.99209E-05 0.0534554 9.99209E-05 9.99209E-05 0.356519
9.99384E-05 0.0587396 9.99384E-05 9.99384E-05 0.109919 9.99384E-05 9.99384E-05 0.207219 9.99384E-05 9.99384E-05 0.00844988 0.0148302 0.600142
0.329572 9.99297E-05 9.99297E-05 9.99297E-05 9.99297E-05 9.99297E-05 9.99297E-05 0.327378 0.00740137 9.99297E-05 0.0256311 9.99297E-05 0.309218
0.16108 9.99212E-05 9.99212E-05 9.99212E-05 9.99212E-05 9.99212E-05 9.99212E-05 0.0136153 0.0127093 9.99212E-05 9.99212E-05 9.99212E-05 0.811696
0.340568 9.99297E-05 9.99297E-05 0.199 0.0776498 9.99297E-05 9.99297E-05 0.196163 9.99297E-05 9.99297E-05 9.99297E-05 9.99297E-05 0.185819
0.233925 0.00120226 0.107284 9.99385E-05 9.99385E-05 9.99385E-05 9.99385E-05 0.122832 9.99385E-05 9.99385E-05 0.0544678 9.99385E-05 0.47959
0.198994 9.99123E-05 9.99123E-05 9.99123E-05 9.99123E-05 9.99123E-05 9.99123E-05 0.0580355 9.99123E-05 9.99123E-05 9.99123E-05 9.99123E-05 0.741972
0.0371963 9.99297E-05 9.99297E-05 9.99297E-05 0.0940707 9.99297E-05 9.99297E-05 0.153206 9.99297E-05 0.0581659 9.99297E-05 9.99297E-05 0.656561
0.0944191 9.9921E-05 0.100497 9.9921E-05 9.9921E-05 9.9921E-05 9.9921E-05 0.226634 9.9921E-05 9.9921E-05 9.9921E-05 9.9921E-05 0.577551
0.639886 9.99209E-05 9.99209E-05 0.014134 9.99209E-05 9.99209E-05 9.99209E-05 0.136755 9.99209E-05 9.99209E-05 9.99209E-05 9.99209E-05 0.208326
0.272432 0.0353158 9.99473E-05 0.00876284 9.99473E-05 9.99473E-05 9.99473E-05 0.395501 0.0090535 9.99473E-05 9.99473E-05 0.0892206 0.189115
0.0698336 0.149131 9.99385E-05 9.99385E-05 9.99385E-05 0.0805461 9.99385E-05 0.0576671 9.99385E-05 0.0648142 9.99385E-05 9.99385E-05 0.577309
0.206966 9.99208E-05 0.0828491 9.99208E-05 9.99208E-05 9.99208E-05 9.99208E-05 0.23325 9.99208E-05 9.99208E-05 9.99208E-05 9.99208E-05 0.476036
0.308354 9.99473E-05 0.0509797 0.115281 9.99473E-05 0.0317987 9.99473E-05 0.129835 0.00609611 9.99473E-05 9.99473E-05 9.99473E-05 0.357056
0.184324 9.99298E-05 9.99298E-05 9.99298E-05 9.99298E-05 9.99298E-05 9.99298E-05 0.113172 0.0493742 0.00436469 9.99298E-05 9.99298E-05 0.647966
0.0853463 0.0191086 0.0920497 9.99561E-05 9.99561E-05 9.99561E-05 9.99561E-05 0.419113 0.0173598 0.00329197 9.99561E-05 0.0713273 0.291904
0.158176 9.99472E-05 0.130222 9.99472E-05 9.99472E-05 0.123523 9.99472E-05 0.0112418 0.206259 9.99472E-05 0.0372459 9.99472E-05 0.332733
0.190835 9.99297E-05 9.99297E-05 9.99297E-05 9.99297E-05 0.0847857 9.99297E-05 0.25518 9.99297E-05 0.0328882 9.99297E-05 9.99297E-05 0.435511
0.171909 9.99384E-05 9.99384E-05 9.99384E-05 9.99384E-05 0.0690312 9.99384E-05 0.0997496 0.0385381 9.99384E-05 0.0869486 9.99384E-05 0.533123
0.251186 9.99209E-05 9.99209E-05 9.99209E-05 9.99209E-05 0.116676 9.99209E-05 9.99209E-05 9.99209E-05 9.99209E-05 9.99209E-05 0.0273129 0.603926
0.212763 0.0273455 0.0232115 9.994E-05 9.994E-05 9.994E-05 9.994E-05 0.218681 9.994E-05 9.994E-05 0.0379649 0.0946339 0.384801
0.174867 0.118659 9.99296E-05 9.99296E-05 9.99296E-05 9.99296E-05 9.99296E-05 0.149092 9.99296E-05 9.99296E-05 0.106718 9.99296E-05 0.449864
0.132001 0.0941127 9.99296E-05 9.99296E-05 9.99296E-05 9.99296E-05 9.99296E-05 0.128286 9.99296E-05 0.0544268 9.99296E-05 9.99296E-05 0.590374
0.0156525 9.99123E-05 9.99123E-05 9.99123E-05 9.99123E-05 9.99123E-05 9.99123E-05 9.99123E-05 0.0764561 9.99123E-05 9.99123E-05 9.99123E-05 0.906892
0.120471 9.99384E-05 9.99384E-05 9.99384E-05 9.99384E-05 0.156308 9.99384E-05 0.176529 0.0149984 0.037136 9.99384E-05 9.99384E-05 0.493858
0.26589 0.0106542 9.99297E-05 9.99297E-05 9.99297E-05 9.99297E-05 9.99297E-05 0.264645 9.99297E-05 0.171557 9.99297E-05 9.99297E-05 0.286455
9.99384E-05 0.0655357 9.99384E-05 9.99384E-05 9.99384E-05 0.109179 9.99384E-05 0.131863 9.99384E-05 9.99384E-05 0.0340283 0.00266495 0.65603
0.212062 0.0984926 9.99297E-05 9.99297E-05 9.99297E-05 9.99297E-05 9.99297E-05 0.0985455 9.99297E-05 9.99297E-05 0.14117 9.99297E-05 0.448931
0.374075 9.99297E-05 9.99297E-05 9.99297E-05 9.99297E-05 0.0891875 9.99297E-05 0.227962 0.0125824 9.99297E-05 9.99297E-05 9.99297E-05 0.295394
0.305788 9.99385E-05 0.0509996 9.99385E-05 9.99385E-05 0.012079 9.99385E-05 0.118474 0.0278273 9.99385E-05 9.99385E-05 9.99385E-05 0.484132
0.21943 9.99296E-05 9.99296E-05 9.99296E-05 9.99296E-05 0.0552592 9.99296E-05 0.167564 0.268993 9.99296E-05 9.99296E-05 9.99296E-05 0.287954
0.25161 0.0791781 0.0551441 9.993E-05 9.993E-05 0.0475888 9.993E-05 0.229184 9.993E-05 9.993E-05 9.993E-05 9.993E-05 0.336595
0.0977344 0.169246 0.0747179 9.99384E-05 9.99384E-05 0.102618 9.99384E-05 0.0980395 9.99384E-05 9.99384E-05 9.99384E-05 9.99384E-05 0.456945
0.100709 9.9921E-05 9.9921E-05 9.9921E-05 0.0342799 9.9921E-05 9.9921E-05 0.342267 9.9921E-05 9.9921E-05 9.9921E-05 9.9921E-05 0.521844
9.98946E-05 9.98946E-05 9.98946E-05 9.98946E-05 9.98946E-05 9.98946E-05 9.98946E-05 9.98946E-05 9.98946E-05 9.98946E-05 9.98946E-05 9.98946E-05 0.998801
0.0408809 0.048504 0.042331 0.141526 0.0429486 9.9956E-05 9.9956E-05 0.168711 9.9956E-05 9.9956E-05 9.9956E-05 0.10365 0.410948
9.99385E-05 0.03006 0.0269272 9.99385E-05 9.99385E-05 9.99385E-05 9.99385E-05 0.118244 9.99385E-05 9.99385E-05 0.0638478 0.140924 0.619298
0.258247 9.99473E-05 9.99473E-05 9.99473E-05 0.133275 0.12718 9.99473E-05 0.0572987 0.0464711 9.99473E-05 0.0433457 9.99473E-05 0.333583
0.0963703 0.0358303 9.99384E-05 9.99384E-05 9.99384E-05 0.0124 9.99384E-05 0.33703 9.99384E-05 9.99384E-05 0.0136857 9.99384E-05 0.503984
0.0895239 9.99385E-05 9.99385E-05 0.0227278 9.99385E-05 0.134851 9.99385E-05 0.0938841 9.99385E-05 0.0704668 9.99385E-05 9.99385E-05 0.587847
0.218035 9.99472E-05 9.99472E-05 9.99472E-05 0.171129 0.0185654 9.99472E-05 0.181931 0.00544588 0.0473865 9.99472E-05 9.99472E-05 0.356908
0.495227 0.0866129 9.99385E-05 9.99385E-05 9.99385E-05 0.0213039 9.99385E-05 0.0330529 0.0406464 9.99385E-05 9.99385E-05 9.99385E-05 0.322458
0.400519 0.0224596 9.99297E-05 9.99297E-05 9.99297E-05 9.99297E-05 9.99297E-05 0.342053 0.0589134 9.99297E-05 9.99297E-05 9.99297E-05 0.175255
