9.98596E-05 9.98596E-05 9.98596E-05 0.300719 9.98596E-05 0.00864861 9.98596E-05 9.98596E-05 9.98596E-05 0.273153 9.98596E-05 9.98596E-05 0.0249318 9.98596E-05 9.98596E-05 0.0580373 9.98596E-05 9.98596E-05 9.98596E-05 0.197528 0.0701285 9.98596E-05 9.98596E-05 0.0652556
0.0489657 9.98421E-05 9.98421E-05 0.134029 9.98421E-05 0.0174918 0.209965 9.98421E-05 9.98421E-05 0.526741 9.98421E-05 9.98421E-05 9.98421E-05 9.98421E-05 9.98421E-05 0.0610108 9.98421E-05 9.98421E-05 9.98421E-05 9.98421E-05 9.98421E-05 9.98421E-05 9.98421E-05 9.98421E-05
9.98158E-05 9.98158E-05 9.98158E-05 9.98158E-05 9.98158E-05 9.98158E-05 0.968645 9.98158E-05 9.98158E-05 9.98158E-05 9.98158E-05 9.98158E-05 9.98158E-05 9.98158E-05 9.98158E-05 9.98158E-05 0.00838867 9.98158E-05 9.98158E-05 9.98158E-05 9.98158E-05 9.98158E-05 0.0208704 9.98158E-05
9.98596E-05 9.98596E-05 0.0363032 9.98596E-05 9.98596E-05 0.0620712 9.98596E-05 9.98596E-05 9.98596E-05 0.253081 9.98596E-05 9.98596E-05 9.98596E-05 9.98596E-05 9.98596E-05 9.98596E-05 9.98596E-05 0.287607 9.98596E-05 0.118736 9.98596E-05 0.014632 0.19295 0.0330216
9.98334E-05 9.98334E-05 0.0231994 9.98334E-05 0.166166 9.98334E-05 9.98334E-05 9.98334E-05 9.98334E-05 0.742787 9.98334E-05 9.98334E-05 9.98334E-05 9.98334E-05 9.98334E-05 0.0522792 9.98334E-05 9.98334E-05 9.98334E-05 9.98334E-05 9.98334E-05 0.0136712 9.98334E-05 9.98334E-05
9.98596E-05 9.98596E-05 0.0850124 0.274081 0.20446 9.98596E-05 0.240746 9.98596E-05 9.98596E-05 9.98596E-05 9.98596E-05 0.00921689 9.98596E-05 9.98596E-05 9.98596E-05 0.0653809 9.98596E-05 9.98596E-05 9.98596E-05 0.0106271 9.98596E-05 0.108878 9.98596E-05 9.98596E-05
9.98597E-05 9.98597E-05 9.98597E-05 0.146214 9.98597E-05 0.0709933 9.98597E-05 9.98597E-05 9.98597E-05 0.248071 9.98597E-05 9.98597E-05 0.0200379 9.98597E-05 9.98597E-05 0.0880837 0.122597 0.188103 9.98597E-05 0.114302 9.98597E-05 9.98597E-05 9.98597E-05 9.98597E-05
9.98422E-05 9.98422E-05 9.98422E-05 0.14794 9.98422E-05 9.98422E-05 9.98422E-05 9.98422E-05 9.98422E-05 0.17273 9.98422E-05 9.98422E-05 9.98422E-05 9.98422E-05 9.98422E-05 9.98422E-05 9.98422E-05 0.233386 9.98422E-05 0.242431 0.0659798 0.135736 9.98422E-05 9.98422E-05
9.98421E-05 9.98421E-05 9.98421E-05 9.98421E-05 0.123118 9.98421E-05 0.32652 9.98421E-05 9.98421E-05 9.98421E-05 9.98421E-05 9.98421E-05 0.152315 0.0043265 9.98421E-05 9.98421E-05 9.98421E-05 9.98421E-05 9.98421E-05 9.98421E-05 9.98421E-05 0.198647 9.98421E-05 0.193277
9.9807E-05 9.9807E-05 9.9807E-05 9.9807E-05 9.9807E-05 9.9807E-05 0.968762 9.9807E-05 9.9807E-05 9.9807E-05 9.9807E-05 9.9807E-05 9.9807E-05 9.9807E-05 9.9807E-05 9.9807E-05 9.9807E-05 9.9807E-05 9.9807E-05 9.9807E-05 9.9807E-05 9.9807E-05 9.9807E-05 0.029042
9.98422E-05 9.98422E-05 9.98422E-05 0.0685501 9.98422E-05 0.102468 0.515466 9.98422E-05 9.98422E-05 0.0671097 9.98422E-05 9.98422E-05 9.98422E-05 9.98422E-05 9.98422E-05 9.98422E-05 9.98422E-05 9.98422E-05 9.98422E-05 0.0698721 9.98422E-05 9.98422E-05 9.98422E-05 0.174736
9.9807E-05 9.9807E-05 9.9807E-05 9.9807E-05 9.9807E-05 0.0266646 0.97114 9.9807E-05 9.9807E-05 9.9807E-05 9.9807E-05 9.9807E-05 9.9807E-05 9.9807E-05 9.9807E-05 9.9807E-05 9.9807E-05 9.9807E-05 9.9807E-05 9.9807E-05 9.9807E-05 9.9807E-05 9.9807E-05 9.9807E-05
0.0109219 9.98333E-05 9.98333E-05 9.98333E-05 9.98333E-05 9.98333E-05 0.30614 9.98333E-05 9.98333E-05 0.56289 9.98333E-05 9.98333E-05 9.98333E-05 9.98333E-05 9.98333E-05 9.98333E-05 9.98333E-05 9.98333E-05 9.98333E-05 0.0626528 9.98333E-05 9.98333E-05 9.98333E-05 0.0554983
9.98508E-05 0.0750651 9.98508E-05 9.98508E-05 9.98508E-05 9.98508E-05 9.98508E-05 9.98508E-05 9.98508E-05 0.755751 9.98508E-05 9.98508E-05 9.98508E-05 0.061905 9.98508E-05 0.00868109 9.98508E-05 9.98508E-05 0.0162209 9.98508E-05 9.98508E-05 9.98508E-05 0.0445008 0.0361787
9.98596E-05 9.98596E-05 9.98596E-05 0.062737 0.160237 9.98596E-05 0.37503 0.0897578 9.98596E-05 9.98596E-05 9.98596E-05 0.0330636 9.98596E-05 9.98596E-05 9.98596E-05 9.98596E-05 9.98596E-05 9.98596E-05 9.98596E-05 0.0452404 9.98596E-05 0.149633 9.98596E-05 0.0827044
9.98859E-05 9.98859E-05 9.98859E-05 0.168194 0.037242 0.00316842 9.98859E-05 9.98859E-05 0.0979085 0.242272 9.98859E-05 0.0546747 9.98859E-05 9.98859E-05 9.98859E-05 9.98859E-05 9.98859E-05 0.0708704 9.98859E-05 0.0502866 0.00638889 0.207603 9.98859E-05 0.0600935
9.98509E-05 0.0989823 9.98509E-05 9.98509E-05 9.98509E-05 9.98509E-05 9.98509E-05 9.98509E-05 9.98509E-05 0.609275 9.98509E-05 0.0591444 9.98509E-05 9.98509E-05 0.0188508 9.98509E-05 9.98509E-05 9.98509E-05 9.98509E-05 0.0209543 0.0903771 9.98509E-05 9.98509E-05 0.100719
9.98597E-05 9.98597E-05 0.0227658 0.321411 9.98597E-05 9.98597E-05 9.98597E-05 9.98597E-05 9.98597E-05 0.133846 0.139246 9.98597E-05 9.98597E-05 9.98597E-05 0.0796916 9.98597E-05 9.98597E-05 9.98597E-05 9.98597E-05 0.172424 9.98597E-05 0.0138089 9.98597E-05 0.11521
9.98595E-05 9.98595E-05 9.98595E-05 9.98595E-05 9.98595E-05 0.030045 0.405961 9.98595E-05 9.98595E-05 9.98595E-05 0.0668438 0.0674096 9.98595E-05 9.98595E-05 9.98595E-05 0.0076884 9.98595E-05 9.98595E-05 9.98595E-05 0.19815 9.98595E-05 0.0853055 9.98595E-05 0.136998
9.98333E-05 9.98333E-05 9.98333E-05 9.98333E-05 0.0108219 9.98333E-05 0.306443 9.98333E-05 9.98333E-05 0.609267 9.98333E-05 9.98333E-05 9.98333E-05 9.98333E-05 0.0534519 9.98333E-05 9.98333E-05 9.98333E-05 9.98333E-05 9.98333E-05 9.98333E-05 0.0181198 9.98333E-05 9.98333E-05
9.98772E-05 9.98772E-05 0.0342903 9.98772E-05 9.98772E-05 0.0372656 9.98772E-05 9.98772E-05 0.0509832 0.506118 9.98772E-05 9.98772E-05 0.0515197 0.0438968 9.98772E-05 9.98772E-05 9.98772E-05 0.0490306 9.98772E-05 9.98772E-05 9.98772E-05 0.0779154 0.127807 0.0197748
0.021684 9.98672E-05 0.0129631 9.98672E-05 9.98672E-05 9.98672E-05 0.331479 9.98672E-05 9.98672E-05 9.98672E-05 0.0509191 0.0381181 9.98672E-05 9.98672E-05 9.98672E-05 9.98672E-05 9.98672E-05 9.98672E-05 9.98672E-05 0.431036 9.98672E-05 0.0437712 0.0684318 9.98672E-05
9.98333E-05 9.98333E-05 9.98333E-05 0.250829 0.00564566 0.0286326 9.98333E-05 9.98333E-05 9.98333E-05 0.637761 9.98333E-05 9.98333E-05 9.98333E-05 9.98333E-05 9.98333E-05 9.98333E-05 9.98333E-05 9.98333E-05 9.98333E-05 9.98333E-05 9.98333E-05 9.98333E-05 9.98333E-05 0.0752354
9.9851E-05 9.9851E-05 9.9851E-05 9.9851E-05 9.9851E-05 9.9851E-05 0.0989784 9.9851E-05 0.0646985 0.283468 9.9851E-05 9.9851E-05 0.166859 9.9851E-05 9.9851E-05 9.9851E-05 9.9851E-05 9.9851E-05 9.9851E-05 0.19144 0.00245611 9.9851E-05 9.9851E-05 0.190402
9.98595E-05 9.98595E-05 9.98595E-05 9.98595E-05 9.98595E-05 9.98595E-05 0.122736 9.98595E-05 9.98595E-05 0.171664 9.98595E-05 0.131738 9.98595E-05 9.98595E-05 0.0397598 9.98595E-05 9.98595E-05 9.98595E-05 9.98595E-05 0.0330737 9.98595E-05 0.00166794 0.263677 0.234087
9.98684E-05 9.98684E-05 9.98684E-05 9.98684E-05 0.00946528 0.00909561 0.159912 9.98684E-05 9.98684E-05 0.533305 9.98684E-05 9.98684E-05 9.98684E-05 9.98684E-05 9.98684E-05 9.98684E-05 9.98684E-05 0.00271805 9.98684E-05 0.0632337 9.98684E-05 0.0159123 0.12891 0.0759503
0.250274 9.98332E-05 9.98332E-05 9.98332E-05 9.98332E-05 9.98332E-05 9.98332E-05 9.98332E-05 0.0808838 9.98332E-05 0.0725328 9.98332E-05 9.98332E-05 9.98332E-05 9.98332E-05 9.98332E-05 9.98332E-05 9.98332E-05 9.98332E-05 0.240773 9.98332E-05 9.98332E-05 0.35364 9.98332E-05
9.98336E-05 9.98336E-05 9.98336E-05 9.98336E-05 9.98336E-05 9.98336E-05 0.680495 9.98336E-05 9.98336E-05 0.139061 9.98336E-05 9.98336E-05 9.98336E-05 9.98336E-05 9.98336E-05 9.98336E-05 9.98336E-05 0.020285 9.98336E-05 0.0388491 9.98336E-05 9.98336E-05 9.98336E-05 0.119413
9.98248E-05 9.98248E-05 9.98248E-05 9.98248E-05 9.98248E-05 9.98248E-05 0.657699 9.98248E-05 9.98248E-05 9.98248E-05 9.98248E-05 9.98248E-05 0.0508179 9.98248E-05 0.0382538 9.98248E-05 9.98248E-05 9.98248E-05 9.98248E-05 9.98248E-05 9.98248E-05 9.98248E-05 0.251232 9.98248E-05
9.98335E-05 9.98335E-05 9.98335E-05 9.98335E-05 9.98335E-05 9.98335E-05 0.676443 0.290673 0.00548655 9.98335E-05 9.98335E-05 9.98335E-05 9.98335E-05 9.98335E-05 9.98335E-05 9.98335E-05 9.98335E-05 9.98335E-05 9.98335E-05 9.98335E-05 0.0108483 9.98335E-05 9.98335E-05 0.014652
9.9842E-05 9.9842E-05 9.9842E-05 0.0305947 9.9842E-05 0.0566763 0.846061 9.9842E-05 9.9842E-05 9.9842E-05 9.9842E-05 0.035672 9.9842E-05 9.9842E-05 0.00836183 9.9842E-05 9.9842E-05 9.9842E-05 9.9842E-05 9.9842E-05 9.9842E-05 0.0208368 9.9842E-05 9.9842E-05
0.0375342 0.0230079 9.98685E-05 0.0875786 0.0401405 0.0304453 0.0205369 9.98685E-05 9.98685E-05 0.407351 9.98685E-05 9.98685E-05 9.98685E-05 9.98685E-05 9.98685E-05 9.98685E-05 9.98685E-05 9.98685E-05 9.98685E-05 9.98685E-05 9.98685E-05 9.98685E-05 0.240677 0.111231
9.98596E-05 9.98596E-05 9.98596E-05 0.0525188 9.98596E-05 0.09755 0.316133 9.98596E-05 0.0257586 0.199271 9.98596E-05 9.98596E-05 9.98596E-05 9.98596E-05 9.98596E-05 9.98596E-05 9.98596E-05 9.98596E-05 9.98596E-05 0.0971787 9.98596E-05 9.98596E-05 0.0807915 0.1292
9.98771E-05 9.98771E-05 9.98771E-05 9.98771E-05 9.98771E-05 0.0172936 0.400333 9.98771E-05 0.00613241 9.98771E-05 0.0347115 9.98771E-05 0.0266398 9.98771E-05 9.98771E-05 9.98771E-05 9.98771E-05 0.0349506 0.174299 0.0866053 9.98771E-05 9.98771E-05 0.127808 0.0898289
9.98247E-05 9.98247E-05 9.98247E-05 9.98247E-05 9.98247E-05 0.0121475 0.922394 9.98247E-05 9.98247E-05 9.98247E-05 9.98247E-05 9.98247E-05 9.98247E-05 9.98247E-05 0.0243686 0.0390932 9.98247E-05 9.98247E-05 9.98247E-05 9.98247E-05 9.98247E-05 9.98247E-05 9.98247E-05 9.98247E-05
0.0832698 9.98509E-05 9.98509E-05 9.98509E-05 9.98509E-05 9.98509E-05 0.575551 9.98509E-05 9.98509E-05 0.131203 9.98509E-05 9.98509E-05 9.98509E-05 9.98509E-05 9.98509E-05 9.98509E-05 9.98509E-05 0.107517 9.98509E-05 0.0586184 0.0154276 0.0267153 9.98509E-05 9.98509E-05
9.98423E-05 9.98423E-05 9.98423E-05 9.98423E-05 9.98423E-05 9.98423E-05 9.98423E-05 9.98423E-05 9.98423E-05 0.885537 9.98423E-05 0.0061591 9.98423E-05 9.98423E-05 0.031186 0.0359865 0.0250564 0.0142776 9.98423E-05 9.98423E-05 9.98423E-05 9.98423E-05 9.98423E-05 9.98423E-05
9.98423E-05 9.98423E-05 9.98423E-05 9.98423E-05 0.0359518 9.98423E-05 9.98423E-05 9.98423E-05 9.98423E-05 0.661301 9.98423E-05 9.98423E-05 9.98423E-05 9.98423E-05 0.0312806 0.0444116 9.98423E-05 9.98423E-05 9.98423E-05 9.98423E-05 9.98423E-05 0.115734 9.98423E-05 0.109524
9.98597E-05 9.98597E-05 0.0235566 9.98597E-05 9.98597E-05 9.98597E-05 0.602909 0.204097 9.98597E-05 9.98597E-05 9.98597E-05 9.98597E-05 9.98597E-05 9.98597E-05 9.98597E-05 0.00598528 9.98597E-05 0.0152098 9.98597E-05 0.00962174 9.98597E-05 0.0229543 9.98597E-05 0.114069
9.98421E-05 9.98421E-05 9.98421E-05 9.98421E-05 9.98421E-05 9.98421E-05 0.253298 9.98421E-05 0.140505 0.292718 9.98421E-05 9.98421E-05 9.98421E-05 9.98421E-05 9.98421E-05 9.98421E-05 9.98421E-05 9.98421E-05 0.0245532 9.98421E-05 9.98421E-05 9.98421E-05 0.197077 0.0900525
9.98333E-05 9.98333E-05 9.98333E-05 9.98333E-05 9.98333E-05 0.0273599 0.85717 9.98333E-05 9.98333E-05 9.98333E-05 9.98333E-05 0.0136323 9.98333E-05 0.0638997 9.98333E-05 9.98333E-05 9.98333E-05 9.98333E-05 9.98333E-05 0.0360414 9.98333E-05 9.98333E-05 9.98333E-05 9.98333E-05
0.0744292 9.98335E-05 9.98335E-05 9.98335E-05 9.98335E-05 9.98335E-05 0.755059 9.98335E-05 9.98335E-05 9.98335E-05 9.98335E-05 9.98335E-05 0.055025 9.98335E-05 9.98335E-05 9.98335E-05 9.98335E-05 9.98335E-05 9.98335E-05 0.0681175 9.98335E-05 9.98335E-05 9.98335E-05 0.0454721
0.0592337 9.98421E-05 9.98421E-05 9.98421E-05 9.98421E-05 9.98421E-05 9.98421E-05 0.103975 9.98421E-05 0.81359 0.015246 9.98421E-05 9.98421E-05 9.98421E-05 9.98421E-05 0.000498448 0.00565928 9.98421E-05 9.98421E-05 9.98421E-05 9.98421E-05 9.98421E-05 9.98421E-05 9.98421E-05
9.98596E-05 9.98596E-05 9.98596E-05 0.103656 9.98596E-05 0.0422767 0.433014 9.98596E-05 9.98596E-05 9.98596E-05 9.98596E-05 9.98596E-05 0.0491464 9.98596E-05 9.98596E-05 0.0108525 9.98596E-05 9.98596E-05 9.98596E-05 0.127847 9.98596E-05 0.135774 9.98596E-05 0.0958355
9.98508E-05 9.98508E-05 0.0694462 9.98508E-05 9.98508E-05 9.98508E-05 0.12335 9.98508E-05 9.98508E-05 0.167989 9.98508E-05 9.98508E-05 0.00306897 9.98508E-05 9.98508E-05 9.98508E-05 9.98508E-05 0.0425524 9.98508E-05 0.404862 9.98508E-05 9.98508E-05 9.98508E-05 0.187034
9.98332E-05 9.98332E-05 9.98332E-05 9.98332E-05 9.98332E-05 9.98332E-05 0.889376 9.98332E-05 9.98332E-05 9.98332E-05 9.98332E-05 9.98332E-05 9.98332E-05 9.98332E-05 0.0607772 9.98332E-05 9.98332E-05 0.0176347 9.98332E-05 0.017576 9.98332E-05 9.98332E-05 9.98332E-05 0.0127389
9.98244E-05 9.98244E-05 9.98244E-05 9.98244E-05 9.98244E-05 9.98244E-05 9.98244E-05 9.98244E-05 9.98244E-05 0.921645 0.00828413 9.98244E-05 9.98244E-05 9.98244E-05 9.98244E-05 9.98244E-05 9.98244E-05 9.98244E-05 9.98244E-05 9.98244E-05 9.98244E-05 0.0131224 9.98244E-05 0.0549523
9.98159E-05 9.98159E-05 9.98159E-05 9.98159E-05 9.98159E-05 9.98159E-05 0.941565 9.98159E-05 0.0353098 9.98159E-05 9.98159E-05 9.98159E-05 9.98159E-05 9.98159E-05 9.98159E-05 9.98159E-05 0.0210293 9.98159E-05 9.98159E-05 9.98159E-05 9.98159E-05 9.98159E-05 9.98159E-05 9.98159E-05
9.98595E-05 9.98595E-05 9.98595E-05 9.98595E-05 9.98595E-05 9.98595E-05 0.47193 9.98595E-05 0.036842 0.238724 9.98595E-05 9.98595E-05 9.98595E-05 9.98595E-05 9.98595E-05 9.98595E-05 9.98595E-05 0.0317468 9.98595E-05 0.105757 0.00572598 9.98595E-05 0.0146167 0.0930594
9.98511E-05 9.98511E-05 9.98511E-05 9.98511E-05 9.98511E-05 0.00114592 9.98511E-05 9.98511E-05 9.98511E-05 0.803685 0.0140635 0.0205709 9.98511E-05 0.0122444 0.0118597 9.98511E-05 0.134733 9.98511E-05 9.98511E-05 9.98511E-05 9.98511E-05 9.98511E-05 9.98511E-05 9.98511E-05
0.101085 9.98683E-05 9.98683E-05 9.98683E-05 9.98683E-05 0.109739 0.108453 9.98683E-05 9.98683E-05 0.216707 9.98683E-05 9.98683E-05 0.0295341 9.98683E-05 9.98683E-05 9.98683E-05 9.98683E-05 0.0440318 9.98683E-05 9.98683E-05 9.98683E-05 0.0432731 0.168112 0.177567
9.98509E-05 9.98509E-05 0.0552379 9.98509E-05 0.00198087 9.98509E-05 0.0654309 9.98509E-05 9.98509E-05 0.589836 9.98509E-05 9.98509E-05 0.092015 9.98509E-05 0.0076541 9.98509E-05 9.98509E-05 9.98509E-05 9.98509E-05 0.186148 9.98509E-05 9.98509E-05 9.98509E-05 9.98509E-05
9.98071E-05 9.98071E-05 9.98071E-05 9.98071E-05 9.98071E-05 9.98071E-05 0.99708 9.98071E-05 9.98071E-05 9.98071E-05 0.000723889 9.98071E-05 9.98071E-05 9.98071E-05 9.98071E-05 9.98071E-05 9.98071E-05 9.98071E-05 9.98071E-05 9.98071E-05 9.98071E-05 9.98071E-05 9.98071E-05 9.98071E-05
9.98597E-05 9.98597E-05 0.0110756 9.98597E-05 9.98597E-05 9.98597E-05 9.98597E-05 9.98597E-05 0.142627 0.721065 0.0124787 9.98597E-05 9.98597E-05 0.0240252 9.98597E-05 9.98597E-05 0.0251544 9.98597E-05 9.98597E-05 9.98597E-05 9.98597E-05 0.00745113 9.98597E-05 0.0545255
9.9825E-05 9.9825E-05 9.9825E-05 9.9825E-05 9.9825E-05 9.9825E-05 0.828963 9.9825E-05 9.9825E-05 9.9825E-05 9.9825E-05 0.0972624 9.9825E-05 0.0429658 9.9825E-05 9.9825E-05 9.9825E-05 9.9825E-05 9.9825E-05 9.9825E-05 9.9825E-05 9.9825E-05 9.9825E-05 0.0288119
9.98423E-05 9.98423E-05 0.04945 0.0270017 0.0353541 9.98423E-05 0.841718 9.98423E-05 9.98423E-05 9.98423E-05 9.98423E-05 9.98423E-05 9.98423E-05 9.98423E-05 0.0274171 9.98423E-05 9.98423E-05 9.98423E-05 9.98423E-05 9.98423E-05 9.98423E-05 9.98423E-05 0.0172622 9.98423E-05
9.9851E-05 9.9851E-05 0.053106 9.9851E-05 9.9851E-05 9.9851E-05 0.710197 9.9851E-05 9.9851E-05 0.0932607 0.0395752 9.9851E-05 9.9851E-05 9.9851E-05 9.9851E-05 0.00836504 9.9851E-05 9.9851E-05 9.9851E-05 0.0555734 9.9851E-05 9.9851E-05 9.9851E-05 0.0382252
9.98246E-05 9.98246E-05 9.98246E-05 9.98246E-05 9.98246E-05 0.0291308 9.98246E-05 9.98246E-05 9.98246E-05 0.843439 9.98246E-05 9.98246E-05 9.98246E-05 9.98246E-05 9.98246E-05 9.98246E-05 9.98246E-05 0.0193405 9.98246E-05 9.98246E-05 9.98246E-05 9.98246E-05 9.98246E-05 0.106093
0.055705 9.98508E-05 9.98508E-05 9.98508E-05 9.98508E-05 0.0401275 0.336719 9.98508E-05 9.98508E-05 0.529796 0.00524755 9.98508E-05 9.98508E-05 9.98508E-05 9.98508E-05 9.98508E-05 0.029779 9.98508E-05 9.98508E-05 9.98508E-05 0.000928051 9.98508E-05 9.98508E-05 9.98508E-05
9.98332E-05 9.98332E-05 9.98332E-05 0.773211 9.98332E-05 9.98332E-05 9.98332E-05 9.98332E-05 9.98332E-05 9.98332E-05 9.98332E-05 9.98332E-05 9.98332E-05 0.0051369 9.98332E-05 9.98332E-05 9.98332E-05 9.98332E-05 9.98332E-05 9.98332E-05 9.98332E-05 0.0174893 0.076306 0.12596
9.97986E-05 9.97986E-05 9.97986E-05 0.997705 9.97986E-05 9.97986E-05 9.97986E-05 9.97986E-05 9.97986E-05 9.97986E-05 9.97986E-05 9.97986E-05 9.97986E-05 9.97986E-05 9.97986E-05 9.97986E-05 9.97986E-05 9.97986E-05 9.97986E-05 9.97986E-05 9.97986E-05 9.97986E-05 9.97986E-05 9.97986E-05
9.98158E-05 9.98158E-05 9.98158E-05 0.965395 9.98158E-05 9.98158E-05 9.98158E-05 0.0229122 9.98158E-05 9.98158E-05 0.0095969 9.98158E-05 9.98158E-05 9.98158E-05 9.98158E-05 9.98158E-05 9.98158E-05 9.98158E-05 9.98158E-05 9.98158E-05 9.98158E-05 9.98158E-05 9.98158E-05 9.98158E-05
0.0539267 9.98597E-05 9.98597E-05 0.295097 9.98597E-05 0.0321988 9.98597E-05 9.98597E-05 9.98597E-05 9.98597E-05 0.0808698 9.98597E-05 9.98597E-05 9.98597E-05 9.98597E-05 0.229548 9.98597E-05 9.98597E-05 9.98597E-05 9.98597E-05 9.98597E-05 0.161817 0.108107 0.0368384
9.98418E-05 9.98418E-05 0.0324986 0.697163 9.98418E-05 9.98418E-05 9.98418E-05 9.98418E-05 9.98418E-05 9.98418E-05 9.98418E-05 9.98418E-05 9.98418E-05 9.98418E-05 0.0879496 9.98418E-05 9.98418E-05 9.98418E-05 9.98418E-05 0.0974566 9.98418E-05 0.0257942 9.98418E-05 0.0573411
9.98417E-05 9.98417E-05 9.98417E-05 0.692627 9.98417E-05 9.98417E-05 9.98417E-05 9.98417E-05 9.98417E-05 9.98417E-05 9.98417E-05 9.98417E-05 9.98417E-05 9.98417E-05 9.98417E-05 9.98417E-05 9.98417E-05 9.98417E-05 9.98417E-05 0.112055 0.0224651 0.00296588 0.0260633 0.142027
9.98156E-05 9.98156E-05 9.98156E-05 0.562823 9.98156E-05 9.98156E-05 9.98156E-05 9.98156E-05 9.98156E-05 9.98156E-05 9.98156E-05 9.98156E-05 9.98156E-05 9.98156E-05 9.98156E-05 0.298107 9.98156E-05 9.98156E-05 9.98156E-05 9.98156E-05 9.98156E-05 9.98156E-05 9.98156E-05 0.136974
9.98419E-05 9.98419E-05 9.98419E-05 0.595042 9.98419E-05 9.98419E-05 9.98419E-05 9.98419E-05 9.98419E-05 9.98419E-05 0.110866 9.98419E-05 9.98419E-05 9.98419E-05 9.98419E-05 0.111949 0.0291872 9.98419E-05 9.98419E-05 9.98419E-05 9.98419E-05 0.0446194 9.98419E-05 0.106539
0.0316316 9.98158E-05 9.98158E-05 0.962724 9.98158E-05 9.98158E-05 9.98158E-05 9.98158E-05 9.98158E-05 9.98158E-05 9.98158E-05 9.98158E-05 9.98158E-05 9.98158E-05 9.98158E-05 0.00354792 9.98158E-05 9.98158E-05 9.98158E-05 9.98158E-05 9.98158E-05 9.98158E-05 9.98158E-05 9.98158E-05
9.9807E-05 9.9807E-05 9.9807E-05 0.959818 9.9807E-05 0.0379865 9.9807E-05 9.9807E-05 9.9807E-05 9.9807E-05 9.9807E-05 9.9807E-05 9.9807E-05 9.9807E-05 9.9807E-05 9.9807E-05 9.9807E-05 9.9807E-05 9.9807E-05 9.9807E-05 9.9807E-05 9.9807E-05 9.9807E-05 9.9807E-05
9.98242E-05 9.98242E-05 9.98242E-05 0.537796 9.98242E-05 0.125531 9.98242E-05 9.98242E-05 9.98242E-05 9.98242E-05 9.98242E-05 9.98242E-05 9.98242E-05 9.98242E-05 9.98242E-05 9.98242E-05 9.98242E-05 9.98242E-05 9.98242E-05 9.98242E-05 9.98242E-05 0.089395 9.98242E-05 0.245281
9.9877E-05 9.9877E-05 9.9877E-05 0.460673 9.9877E-05 0.030919 9.9877E-05 9.9877E-05 0.0317204 9.9877E-05 9.9877E-05 0.0339755 9.9877E-05 0.0575021 9.9877E-05 0.0979459 0.00578526 9.9877E-05 9.9877E-05 0.161769 0.0705372 9.9877E-05 9.9877E-05 0.0477746
9.98506E-05 9.98506E-05 0.101919 0.543884 0.0622901 0.0736979 9.98506E-05 9.98506E-05 0.0590132 9.98506E-05 9.98506E-05 9.98506E-05 9.98506E-05 9.98506E-05 9.98506E-05 9.98506E-05 9.98506E-05 9.98506E-05 9.98506E-05 9.98506E-05 0.0320315 0.125468 9.98506E-05 9.98506E-05
9.98507E-05 9.98507E-05 9.98507E-05 0.516527 9.98507E-05 9.98507E-05 9.98507E-05 9.98507E-05 9.98507E-05 9.98507E-05 9.98507E-05 0.012973 9.98507E-05 9.98507E-05 9.98507E-05 0.042671 9.98507E-05 9.98507E-05 9.98507E-05 0.199882 9.98507E-05 0.0190806 0.0261703 0.180998
0.105497 9.98336E-05 9.98336E-05 0.806334 9.98336E-05 0.0149315 9.98336E-05 9.98336E-05 9.98336E-05 9.98336E-05 9.98336E-05 9.98336E-05 9.98336E-05 9.98336E-05 9.98336E-05 9.98336E-05 0.00130326 9.98336E-05 9.98336E-05 9.98336E-05 9.98336E-05 9.98336E-05 0.0700369 9.98336E-05
9.98072E-05 9.98072E-05 9.98072E-05 0.961882 9.98072E-05 9.98072E-05 9.98072E-05 9.98072E-05 9.98072E-05 9.98072E-05 9.98072E-05 9.98072E-05 9.98072E-05 9.98072E-05 9.98072E-05 9.98072E-05 9.98072E-05 9.98072E-05 9.98072E-05 9.98072E-05 9.98072E-05 0.0359222 9.98072E-05 9.98072E-05
9.98506E-05 9.98506E-05 0.00508716 0.740099 9.98506E-05 9.98506E-05 9.98506E-05 9.98506E-05 0.00311042 9.98506E-05 0.0296879 9.98506E-05 9.98506E-05 9.98506E-05 9.98506E-05 9.98506E-05 0.0554132 0.0508642 9.98506E-05 9.98506E-05 9.98506E-05 9.98506E-05 0.114041 9.98506E-05
9.98506E-05 9.98506E-05 9.98506E-05 0.643075 9.98506E-05 0.0156044 9.98506E-05 9.98506E-05 9.98506E-05 9.98506E-05 0.00987386 9.98506E-05 9.98506E-05 9.98506E-05 9.98506E-05 9.98506E-05 9.98506E-05 0.0375675 9.98506E-05 0.12088 0.0923426 0.0789594 9.98506E-05 9.98506E-05
9.98158E-05 9.98158E-05 9.98158E-05 0.881692 9.98158E-05 9.98158E-05 9.98158E-05 9.98158E-05 9.98158E-05 9.98158E-05 0.0391712 9.98158E-05 9.98158E-05 9.98158E-05 9.98158E-05 9.98158E-05 9.98158E-05 9.98158E-05 9.98158E-05 9.98158E-05 9.98158E-05 9.98158E-05 9.98158E-05 0.0770404
0.115111 9.98242E-05 9.98242E-05 0.61975 9.98242E-05 9.98242E-05 9.98242E-05 9.98242E-05 0.0658447 9.98242E-05 9.98242E-05 9.98242E-05 9.98242E-05 9.98242E-05 9.98242E-05 9.98242E-05 9.98242E-05 9.98242E-05 9.98242E-05 9.98242E-05 9.98242E-05 9.98242E-05 9.98242E-05 0.197298
9.98075E-05 9.98075E-05 9.98075E-05 0.980856 9.98075E-05 9.98075E-05 9.98075E-05 0.0169479 9.98075E-05 9.98075E-05 9.98075E-05 9.98075E-05 9.98075E-05 9.98075E-05 9.98075E-05 9.98075E-05 9.98075E-05 9.98075E-05 9.98075E-05 9.98075E-05 9.98075E-05 9.98075E-05 9.98075E-05 9.98075E-05
9.98506E-05 9.98506E-05 9.98506E-05 0.666461 9.98506E-05 9.98506E-05 9.98506E-05 9.98506E-05 9.98506E-05 9.98506E-05 9.98506E-05 9.98506E-05 9.98506E-05 0.00812575 9.98506E-05 0.0461078 0.00332699 0.0238017 9.98506E-05 0.169526 9.98506E-05 9.98506E-05 9.98506E-05 0.0809533
9.98509E-05 9.98509E-05 9.98509E-05 0.728336 9.98509E-05 9.98509E-05 9.98509E-05 9.98509E-05 9.98509E-05 9.98509E-05 9.98509E-05 9.98509E-05 9.98509E-05 0.0196813 9.98509E-05 0.0105912 9.98509E-05 9.98509E-05 0.0475961 0.0283948 9.98509E-05 9.98509E-05 0.155016 0.00868635
9.98333E-05 9.98333E-05 9.98333E-05 0.638001 0.110723 9.98333E-05 9.98333E-05 9.98333E-05 9.98333E-05 9.98333E-05 0.0349509 9.98333E-05 0.0266298 9.98333E-05 9.98333E-05 9.98333E-05 9.98333E-05 0.187798 9.98333E-05 9.98333E-05 9.98333E-05 9.98333E-05 9.98333E-05 9.98333E-05
9.98155E-05 9.98155E-05 9.98155E-05 0.872703 9.98155E-05 0.113843 9.98155E-05 9.98155E-05 9.98155E-05 9.98155E-05 9.98155E-05 9.98155E-05 9.98155E-05 9.98155E-05 9.98155E-05 9.98155E-05 9.98155E-05 9.98155E-05 9.98155E-05 9.98155E-05 0.0113584 9.98155E-05 9.98155E-05 9.98155E-05
9.98073E-05 0.0611341 9.98073E-05 0.93667 9.98073E-05 9.98073E-05 9.98073E-05 9.98073E-05 9.98073E-05 9.98073E-05 9.98073E-05 9.98073E-05 9.98073E-05 9.98073E-05 9.98073E-05 9.98073E-05 9.98073E-05 9.98073E-05 9.98073E-05 9.98073E-05 9.98073E-05 9.98073E-05 9.98073E-05 9.98073E-05
9.97986E-05 9.97986E-05 9.97986E-05 0.997705 9.97986E-05 9.97986E-05 9.97986E-05 9.97986E-05 9.97986E-05 9.97986E-05 9.97986E-05 9.97986E-05 9.97986E-05 9.97986E-05 9.97986E-05 9.97986E-05 9.97986E-05 9.97986E-05 9.97986E-05 9.97986E-05 9.97986E-05 9.97986E-05 9.97986E-05 9.97986E-05
9.97985E-05 9.97985E-05 9.97985E-05 0.997705 9.97985E-05 9.97985E-05 9.97985E-05 9.97985E-05 9.97985E-05 9.97985E-05 9.97985E-05 9.97985E-05 9.97985E-05 9.97985E-05 9.97985E-05 9.97985E-05 9.97985E-05 9.97985E-05 9.97985E-05 9.97985E-05 9.97985E-05 9.97985E-05 9.97985E-05 9.97985E-05
9.98159E-05 9.98159E-05 9.98159E-05 0.929525 9.98159E-05 9.98159E-05 9.98159E-05 9.98159E-05 9.98159E-05 9.98159E-05 0.064073 9.98159E-05 9.98159E-05 9.98159E-05 9.98159E-05 9.98159E-05 9.98159E-05 9.98159E-05 9.98159E-05 9.98159E-05 0.00430618 9.98159E-05 9.98159E-05 9.98159E-05
0.138591 9.98422E-05 9.98422E-05 0.455445 9.98422E-05 9.98422E-05 9.98422E-05 0.240619 9.98422E-05 9.98422E-05 9.98422E-05 9.98422E-05 9.98422E-05 9.98422E-05 9.98422E-05 9.98422E-05 9.98422E-05 9.98422E-05 0.0367976 9.98422E-05 9.98422E-05 0.0685577 9.98422E-05 0.0581928
9.98246E-05 9.98246E-05 9.98246E-05 9.98246E-05 0.30605 9.98246E-05 9.98246E-05 9.98246E-05 9.98246E-05 9.98246E-05 9.98246E-05 9.98246E-05 9.98246E-05 9.98246E-05 9.98246E-05 9.98246E-05 9.98246E-05 9.98246E-05 9.98246E-05 9.98246E-05 9.98246E-05 0.0654206 0.573018 0.0535146
9.98158E-05 9.98158E-05 9.98158E-05 9.98158E-05 9.98158E-05 9.98158E-05 9.98158E-05 0.621762 9.98158E-05 9.98158E-05 9.98158E-05 9.98158E-05 9.98158E-05 9.98158E-05 9.98158E-05 9.98158E-05 9.98158E-05 9.98158E-05 9.98158E-05 9.98158E-05 9.98158E-05 0.00712288 0.369019 9.98158E-05
9.98245E-05 9.98245E-05 0.0064141 9.98245E-05 0.321383 9.98245E-05 9.98245E-05 9.98245E-05 9.98245E-05 9.98245E-05 9.98245E-05 9.98245E-05 9.98245E-05 9.98245E-05 9.98245E-05 9.98245E-05 9.98245E-05 9.98245E-05 9.98245E-05 9.98245E-05 9.98245E-05 9.98245E-05 0.66518 0.00502634
9.98418E-05 9.98418E-05 9.98418E-05 9.98418E-05 0.139759 0.0701047 9.98418E-05 9.98418E-05 9.98418E-05 9.98418E-05 0.0185438 9.98418E-05 9.98418E-05 9.98418E-05 9.98418E-05 9.98418E-05 9.98418E-05 9.98418E-05 9.98418E-05 9.98418E-05 9.98418E-05 0.009682 0.669755 0.0903583
9.98419E-05 9.98419E-05 9.98419E-05 9.98419E-05 0.243342 9.98419E-05 9.98419E-05 9.98419E-05 9.98419E-05 9.98419E-05 9.98419E-05 9.98419E-05 0.0340487 9.98419E-05 0.042216 9.98419E-05 9.98419E-05 9.98419E-05 9.98419E-05 9.98419E-05 0.105577 0.0478943 0.525125 9.98419E-05
9.98246E-05 9.98246E-05 9.98246E-05 9.98246E-05 0.499375 9.98246E-05 9.98246E-05 9.98246E-05 9.98246E-05 9.98246E-05 9.98246E-05 9.98246E-05 9.98246E-05 9.98246E-05 9.98246E-05 9.98246E-05 9.98246E-05 9.98246E-05 0.134467 9.98246E-05 9.98246E-05 0.126912 9.98246E-05 0.237249
9.98333E-05 9.98333E-05 9.98333E-05 9.98333E-05 9.98333E-05 9.98333E-05 9.98333E-05 9.98333E-05 9.98333E-05 9.98333E-05 0.0138307 9.98333E-05 9.98333E-05 9.98333E-05 9.98333E-05 9.98333E-05 9.98333E-05 9.98333E-05 0.126747 9.98333E-05 0.0666343 0.0397631 0.751128 9.98333E-05
9.98069E-05 9.98069E-05 9.98069E-05 9.98069E-05 9.98069E-05 9.98069E-05 9.98069E-05 9.98069E-05 9.98069E-05 9.98069E-05 9.98069E-05 9.98069E-05 9.98069E-05 9.98069E-05 9.98069E-05 9.98069E-05 9.98069E-05 9.98069E-05 9.98069E-05 9.98069E-05 9.98069E-05 0.122607 0.875198 9.98069E-05
0.0587199 9.98507E-05 9.98507E-05 9.98507E-05 9.98507E-05 0.0380992 9.98507E-05 9.98507E-05 9.98507E-05 9.98507E-05 9.98507E-05 0.0053121 9.98507E-05 9.98507E-05 9.98507E-05 0.175621 9.98507E-05 9.98507E-05 9.98507E-05 9.98507E-05 0.0317866 0.31214 0.376624 9.98507E-05
9.9842E-05 9.9842E-05 9.9842E-05 9.9842E-05 0.158258 9.9842E-05 9.9842E-05 9.9842E-05 9.9842E-05 9.9842E-05 9.9842E-05 9.9842E-05 9.9842E-05 9.9842E-05 9.9842E-05 9.9842E-05 9.9842E-05 9.9842E-05 0.0378419 9.9842E-05 0.0338757 0.11829 0.432012 0.217925
9.98333E-05 0.475066 9.98333E-05 9.98333E-05 0.377416 9.98333E-05 9.98333E-05 9.98333E-05 9.98333E-05 9.98333E-05 9.98333E-05 0.00770055 9.98333E-05 9.98333E-05 9.98333E-05 0.135077 9.98333E-05 9.98333E-05 9.98333E-05 9.98333E-05 9.98333E-05 9.98333E-05 9.98333E-05 0.0028431
9.98334E-05 0.187398 9.98334E-05 9.98334E-05 0.320057 0.0999694 9.98334E-05 9.98334E-05 9.98334E-05 9.98334E-05 9.98334E-05 9.98334E-05 9.98334E-05 9.98334E-05 9.98334E-05 9.98334E-05 9.98334E-05 9.98334E-05 9.98334E-05 9.98334E-05 9.98334E-05 9.98334E-05 0.355183 0.0354967
9.98422E-05 9.98422E-05 9.98422E-05 9.98422E-05 0.0170084 9.98422E-05 9.98422E-05 9.98422E-05 9.98422E-05 9.98422E-05 0.0282864 9.98422E-05 9.98422E-05 9.98422E-05 9.98422E-05 9.98422E-05 9.98422E-05 9.98422E-05 0.161126 9.98422E-05 0.0102157 0.100157 0.681409 9.98422E-05
9.98333E-05 0.216348 9.98333E-05 9.98333E-05 0.426113 9.98333E-05 9.98333E-05 9.98333E-05 9.98333E-05 9.98333E-05 9.98333E-05 9.98333E-05 9.98333E-05 9.98333E-05 9.98333E-05 9.98333E-05 9.98333E-05 9.98333E-05 9.98333E-05 9.98333E-05 9.98333E-05 0.0239123 0.15585 0.17588
9.98683E-05 9.98683E-05 9.98683E-05 9.98683E-05 0.222869 0.0137048 9.98683E-05 9.98683E-05 9.98683E-05 9.98683E-05 0.105589 0.0039997 9.98683E-05 0.0507551 9.98683E-05 9.98683E-05 9.98683E-05 9.98683E-05 0.299123 9.98683E-05 0.027095 0.0770808 0.198286 9.98683E-05
0.139374 9.98596E-05 9.98596E-05 9.98596E-05 0.536156 9.98596E-05 9.98596E-05 0.0907979 9.98596E-05 9.98596E-05 9.98596E-05 9.98596E-05 9.98596E-05 9.98596E-05 9.98596E-05 0.000724082 9.98596E-05 9.98596E-05 9.98596E-05 9.98596E-05 0.00908166 0.0051447 0.0862165 0.130908
9.98333E-05 0.0644406 9.98333E-05 9.98333E-05 9.98333E-05 9.98333E-05 9.98333E-05 9.98333E-05 9.98333E-05 9.98333E-05 9.98333E-05 9.98333E-05 9.98333E-05 9.98333E-05 0.0428557 0.188935 9.98333E-05 9.98333E-05 9.98333E-05 9.98333E-05 9.98333E-05 0.0133678 0.688504 9.98333E-05
9.98511E-05 9.98511E-05 9.98511E-05 9.98511E-05 0.531603 9.98511E-05 9.98511E-05 0.10955 0.00479155 9.98511E-05 9.98511E-05 9.98511E-05 9.98511E-05 9.98511E-05 9.98511E-05 9.98511E-05 0.0915833 9.98511E-05 9.98511E-05 0.0703723 9.98511E-05 0.085567 0.104835 9.98511E-05
9.98246E-05 0.133733 9.98246E-05 9.98246E-05 0.475708 0.00900202 9.98246E-05 9.98246E-05 9.98246E-05 9.98246E-05 9.98246E-05 9.98246E-05 9.98246E-05 9.98246E-05 9.98246E-05 9.98246E-05 9.98246E-05 9.98246E-05 9.98246E-05 9.98246E-05 9.98246E-05 9.98246E-05 0.37956 9.98246E-05
0.036849 9.98683E-05 9.98683E-05 9.98683E-05 0.0761436 0.0335811 9.98683E-05 0.403225 9.98683E-05 9.98683E-05 9.98683E-05 9.98683E-05 9.98683E-05 0.0267934 0.0541883 9.98683E-05 9.98683E-05 9.98683E-05 9.98683E-05 9.98683E-05 9.98683E-05 0.0319416 0.269963 0.0658171
9.9842E-05 9.9842E-05 9.9842E-05 9.9842E-05 0.615584 9.9842E-05 9.9842E-05 9.9842E-05 9.9842E-05 9.9842E-05 0.0203985 9.9842E-05 9.9842E-05 9.9842E-05 9.9842E-05 0.0588486 9.9842E-05 9.9842E-05 0.195872 9.9842E-05 9.9842E-05 0.0480857 9.9842E-05 0.0594143
9.98333E-05 0.00329549 9.98333E-05 9.98333E-05 0.354393 9.98333E-05 9.98333E-05 9.98333E-05 9.98333E-05 9.98333E-05 9.98333E-05 9.98333E-05 9.98333E-05 9.98333E-05 9.98333E-05 9.98333E-05 9.98333E-05 9.98333E-05 9.98333E-05 9.98333E-05 9.98333E-05 0.0469944 0.591791 0.00162974
9.9842E-05 9.9842E-05 9.9842E-05 9.9842E-05 0.450479 9.9842E-05 9.9842E-05 9.9842E-05 9.9842E-05 9.9842E-05 9.9842E-05 9.9842E-05 9.9842E-05 9.9842E-05 0.0428615 0.0540938 9.9842E-05 9.9842E-05 9.9842E-05 9.9842E-05 9.9842E-05 0.200347 0.0570995 0.193321
9.98334E-05 0.217855 9.98334E-05 9.98334E-05 0.415423 9.98334E-05 9.98334E-05 9.98334E-05 9.98334E-05 9.98334E-05 9.98334E-05 0.0597144 9.98334E-05 9.98334E-05 9.98334E-05 9.98334E-05 9.98334E-05 9.98334E-05 9.98334E-05 9.98334E-05 9.98334E-05 0.118327 0.186784 9.98334E-05
9.98421E-05 9.98421E-05 9.98421E-05 9.98421E-05 0.365125 9.98421E-05 9.98421E-05 9.98421E-05 9.98421E-05 9.98421E-05 9.98421E-05 9.98421E-05 9.98421E-05 9.98421E-05 0.0486928 0.0448373 9.98421E-05 9.98421E-05 9.98421E-05 9.98421E-05 9.98421E-05 0.203822 0.0770097 0.258716
9.9851E-05 0.32032 9.9851E-05 0.0833526 9.9851E-05 9.9851E-05 9.9851E-05 9.9851E-05 9.9851E-05 9.9851E-05 9.9851E-05 9.9851E-05 9.9851E-05 9.9851E-05 9.9851E-05 0.0457639 9.9851E-05 9.9851E-05 9.9851E-05 9.9851E-05 0.00143495 0.0731066 0.403285 0.0710393
9.98333E-05 9.98333E-05 9.98333E-05 9.98333E-05 0.152153 9.98333E-05 9.98333E-05 0.303914 9.98333E-05 9.98333E-05 9.98333E-05 9.98333E-05 0.10516 9.98333E-05 9.98333E-05 9.98333E-05 9.98333E-05 9.98333E-05 0.431861 9.98333E-05 9.98333E-05 9.98333E-05 9.98333E-05 0.005015
9.98155E-05 9.98155E-05 9.98155E-05 9.98155E-05 9.98155E-05 9.98155E-05 9.98155E-05 9.98155E-05 9.98155E-05 9.98155E-05 9.98155E-05 9.98155E-05 9.98155E-05 9.98155E-05 0.163349 9.98155E-05 9.98155E-05 9.98155E-05 9.98155E-05 9.98155E-05 9.98155E-05 0.106715 0.72784 9.98155E-05
9.98509E-05 9.98509E-05 9.98509E-05 9.98509E-05 0.268236 9.98509E-05 9.98509E-05 0.0395267 9.98509E-05 9.98509E-05 9.98509E-05 9.98509E-05 9.98509E-05 9.98509E-05 0.0164855 0.0408352 9.98509E-05 9.98509E-05 9.98509E-05 9.98509E-05 9.98509E-05 0.262947 0.203199 0.167074
9.9842E-05 9.9842E-05 9.9842E-05 9.9842E-05 0.330389 0.0431624 9.9842E-05 9.9842E-05 9.9842E-05 9.9842E-05 9.9842E-05 9.9842E-05 9.9842E-05 9.9842E-05 0.0426387 9.9842E-05 9.9842E-05 9.9842E-05 0.359731 9.9842E-05 9.9842E-05 9.9842E-05 0.12969 0.092592
9.98247E-05 9.98247E-05 9.98247E-05 9.98247E-05 9.98247E-05 9.98247E-05 9.98247E-05 9.98247E-05 0.0892591 9.98247E-05 9.98247E-05 9.98247E-05 9.98247E-05 9.98247E-05 9.98247E-05 0.0216486 9.98247E-05 9.98247E-05 9.98247E-05 9.98247E-05 9.98247E-05 9.98247E-05 0.80411 0.0829861
9.98244E-05 9.98244E-05 9.98244E-05 9.98244E-05 0.0920621 9.98244E-05 9.98244E-05 9.98244E-05 0.0401366 9.98244E-05 9.98244E-05 9.98244E-05 9.98244E-05 9.98244E-05 9.98244E-05 9.98244E-05 9.98244E-05 9.98244E-05 0.133056 9.98244E-05 9.98244E-05 9.98244E-05 0.732749 9.98244E-05
9.98421E-05 9.98421E-05 9.98421E-05 9.98421E-05 0.0597125 0.0298945 9.98421E-05 9.98421E-05 9.98421E-05 9.98421E-05 9.98421E-05 9.98421E-05 9.98421E-05 9.98421E-05 0.200842 9.98421E-05 9.98421E-05 9.98421E-05 9.98421E-05 9.98421E-05 9.98421E-05 0.232321 0.340365 0.135068
9.98331E-05 9.98331E-05 9.98331E-05 9.98331E-05 0.0144117 9.98331E-05 9.98331E-05 9.98331E-05 9.98331E-05 9.98331E-05 9.98331E-05 9.98331E-05 9.98331E-05 0.000869363 9.98331E-05 9.98331E-05 9.98331E-05 9.98331E-05 9.98331E-05 0.0911209 9.98331E-05 0.00938684 0.882314 9.98331E-05
9.9807E-05 9.9807E-05 9.9807E-05 9.9807E-05 9.9807E-05 9.9807E-05 9.9807E-05 0.0309682 9.9807E-05 9.9807E-05 9.9807E-05 9.9807E-05 9.9807E-05 9.9807E-05 9.9807E-05 9.9807E-05 9.9807E-05 9.9807E-05 9.9807E-05 9.9807E-05 9.9807E-05 9.9807E-05 0.966836 9.9807E-05
0.0948908 0.214047 9.98507E-05 9.98507E-05 0.302757 0.0538546 9.98507E-05 9.98507E-05 0.00194489 9.98507E-05 9.98507E-05 9.98507E-05 9.98507E-05 9.98507E-05 9.98507E-05 9.98507E-05 9.98507E-05 9.98507E-05 9.98507E-05 9.98507E-05 9.98507E-05 0.00549838 0.32531 9.98507E-05
9.9842E-05 9.9842E-05 9.9842E-05 9.9842E-05 0.0670172 9.9842E-05 9.9842E-05 9.9842E-05 9.9842E-05 9.9842E-05 0.0196408 9.9842E-05 9.9842E-05 9.9842E-05 9.9842E-05 9.9842E-05 9.9842E-05 9.9842E-05 9.9842E-05 9.9842E-05 0.0589838 0.069385 0.547676 0.2355
9.98332E-05 0.187114 0.0297873 9.98332E-05 0.222986 9.98332E-05 9.98332E-05 9.98332E-05 9.98332E-05 9.98332E-05 9.98332E-05 9.98332E-05 9.98332E-05 9.98332E-05 9.98332E-05 9.98332E-05 9.98332E-05 9.98332E-05 0.552321 9.98332E-05 9.98332E-05 0.00589428 9.98332E-05 9.98332E-05
9.98157E-05 9.98157E-05 9.98157E-05 9.98157E-05 0.432642 9.98157E-05 9.98157E-05 9.98157E-05 9.98157E-05 9.98157E-05 9.98157E-05 9.98157E-05 9.98157E-05 9.98157E-05 9.98157E-05 9.98157E-05 9.98157E-05 9.98157E-05 0.513122 9.98157E-05 9.98157E-05 9.98157E-05 9.98157E-05 0.0521405
9.98157E-05 9.98157E-05 0.00659733 9.98157E-05 9.98157E-05 9.98157E-05 9.98157E-05 9.98157E-05 9.98157E-05 9.98157E-05 9.98157E-05 9.98157E-05 9.98157E-05 9.98157E-05 9.98157E-05 9.98157E-05 9.98157E-05 9.98157E-05 0.677352 9.98157E-05 9.98157E-05 9.98157E-05 0.313955 9.98157E-05
9.98245E-05 0.746224 9.98245E-05 9.98245E-05 0.075517 9.98245E-05 9.98245E-05 9.98245E-05 9.98245E-05 9.98245E-05 9.98245E-05 9.98245E-05 9.98245E-05 9.98245E-05 0.0282204 9.98245E-05 9.98245E-05 9.98245E-05 9.98245E-05 9.98245E-05 9.98245E-05 9.98245E-05 0.148042 9.98245E-05
9.98419E-05 9.98419E-05 9.98419E-05 9.98419E-05 0.335215 0.0188867 9.98419E-05 9.98419E-05 9.98419E-05 9.98419E-05 9.98419E-05 9.98419E-05 9.98419E-05 9.98419E-05 9.98419E-05 0.10595 9.98419E-05 9.98419E-05 9.98419E-05 9.98419E-05 9.98419E-05 0.0324725 0.212581 0.293097
9.98245E-05 9.98245E-05 9.98245E-05 9.98245E-05 0.462418 9.98245E-05 9.98245E-05 9.98245E-05 9.98245E-05 9.98245E-05 9.98245E-05 9.98245E-05 9.98245E-05 0.0959783 9.98245E-05 9.98245E-05 9.98245E-05 9.98245E-05 9.98245E-05 9.98245E-05 9.98245E-05 0.126044 0.313563 9.98245E-05
9.98333E-05 0.430687 9.98333E-05 9.98333E-05 9.98333E-05 9.98333E-05 9.98333E-05 0.39888 9.98333E-05 9.98333E-05 9.98333E-05 9.98333E-05 9.98333E-05 9.98333E-05 0.0752275 9.98333E-05 9.98333E-05 9.98333E-05 9.98333E-05 9.98333E-05 9.98333E-05 0.0786237 9.98333E-05 0.0146855
9.98158E-05 0.304091 9.98158E-05 9.98158E-05 9.98158E-05 9.98158E-05 9.98158E-05 0.279867 9.98158E-05 9.98158E-05 9.98158E-05 9.98158E-05 9.98158E-05 9.98158E-05 9.98158E-05 9.98158E-05 9.98158E-05 9.98158E-05 9.98158E-05 9.98158E-05 9.98158E-05 9.98158E-05 0.413946 9.98158E-05
9.98419E-05 9.98419E-05 9.98419E-05 9.98419E-05 0.315679 9.98419E-05 9.98419E-05 9.98419E-05 9.98419E-05 9.98419E-05 9.98419E-05 9.98419E-05 9.98419E-05 9.98419E-05 0.0404478 0.122435 9.98419E-05 9.98419E-05 9.98419E-05 0.0531969 9.98419E-05 0.146933 0.319511 9.98419E-05
9.98508E-05 0.0101749 9.98508E-05 0.111804 9.98508E-05 9.98508E-05 9.98508E-05 0.00657039 9.98508E-05 9.98508E-05 9.98508E-05 9.98508E-05 9.98508E-05 9.98508E-05 9.98508E-05 9.98508E-05 9.98508E-05 9.98508E-05 9.98508E-05 9.98508E-05 0.0168564 0.0797484 0.738961 0.0341873
9.98861E-05 9.98861E-05 9.98861E-05 9.98861E-05 0.0369668 9.98861E-05 9.98861E-05 9.98861E-05 0.0361804 9.98861E-05 0.0279927 9.98861E-05 0.0502556 9.98861E-05 9.98861E-05 0.174338 9.98861E-05 9.98861E-05 0.0638103 0.00447315 0.0128273 0.0571182 0.522512 0.0122263
9.98509E-05 9.98509E-05 9.98509E-05 0.0530785 9.98509E-05 0.00622322 9.98509E-05 9.98509E-05 9.98509E-05 9.98509E-05 9.98509E-05 9.98509E-05 0.010626 9.98509E-05 0.0899993 9.98509E-05 9.98509E-05 9.98509E-05 9.98509E-05 9.98509E-05 9.98509E-05 0.220989 0.443374 0.174012
9.98422E-05 0.231815 9.98422E-05 9.98422E-05 9.98422E-05 9.98422E-05 9.98422E-05 9.98422E-05 0.0404997 9.98422E-05 9.98422E-05 0.0373185 9.98422E-05 9.98422E-05 9.98422E-05 0.00147859 9.98422E-05 9.98422E-05 0.377186 9.98422E-05 9.98422E-05 9.98422E-05 0.309905 9.98422E-05
9.98419E-05 9.98419E-05 9.98419E-05 9.98419E-05 0.0864099 9.98419E-05 9.98419E-05 9.98419E-05 9.98419E-05 9.98419E-05 9.98419E-05 9.98419E-05 9.98419E-05 9.98419E-05 0.00417777 9.98419E-05 0.0635854 0.15991 9.98419E-05 9.98419E-05 9.98419E-05 9.98419E-05 0.636084 0.0480355
9.98333E-05 9.98333E-05 9.98333E-05 9.98333E-05 0.0479756 9.98333E-05 9.98333E-05 0.465868 9.98333E-05 9.98333E-05 9.98333E-05 9.98333E-05 9.98333E-05 9.98333E-05 9.98333E-05 9.98333E-05 9.98333E-05 9.98333E-05 0.345591 9.98333E-05 9.98333E-05 0.0886096 0.0500594 9.98333E-05
9.98422E-05 9.98422E-05 9.98422E-05 9.98422E-05 0.68812 0.0513246 9.98422E-05 9.98422E-05 9.98422E-05 9.98422E-05 9.98422E-05 9.98422E-05 9.98422E-05 9.98422E-05 9.98422E-05 9.98422E-05 9.98422E-05 9.98422E-05 0.149227 9.98422E-05 0.0332497 0.00901869 9.98422E-05 0.0672632
9.98157E-05 9.98157E-05 9.98157E-05 9.98157E-05 0.696329 9.98157E-05 9.98157E-05 9.98157E-05 0.0245322 9.98157E-05 9.98157E-05 9.98157E-05 9.98157E-05 9.98157E-05 9.98157E-05 9.98157E-05 9.98157E-05 9.98157E-05 9.98157E-05 9.98157E-05 9.98157E-05 9.98157E-05 0.277043 9.98157E-05
9.98157E-05 9.98157E-05 9.98157E-05 9.98157E-05 0.0725011 9.98157E-05 9.98157E-05 9.98157E-05 9.98157E-05 9.98157E-05 9.98157E-05 9.98157E-05 9.98157E-05 9.98157E-05 9.98157E-05 9.98157E-05 9.98157E-05 0.0597748 9.98157E-05 9.98157E-05 9.98157E-05 9.98157E-05 0.865628 9.98157E-05
9.98507E-05 9.98507E-05 9.98507E-05 9.98507E-05 0.147486 9.98507E-05 9.98507E-05 9.98507E-05 9.98507E-05 9.98507E-05 9.98507E-05 0.0264247 9.98507E-05 9.98507E-05 9.98507E-05 0.203601 9.98507E-05 9.98507E-05 9.98507E-05 0.022325 9.98507E-05 0.135302 0.403161 0.0600036
9.9842E-05 9.9842E-05 9.9842E-05 9.9842E-05 0.242749 9.9842E-05 9.9842E-05 9.9842E-05 9.9842E-05 9.9842E-05 9.9842E-05 0.0127337 9.9842E-05 9.9842E-05 9.9842E-05 9.9842E-05 9.9842E-05 9.9842E-05 0.0167596 9.9842E-05 9.9842E-05 0.141845 0.526335 0.0577809
