0.164791 0.150467 9.99824E-05 0.146301 0.0623946 0.023171 9.99824E-05 0.452676
0.020333 0.200277 9.99649E-05 0.0154127 9.99649E-05 9.99649E-05 9.99649E-05 0.763577
9.99736E-05 9.99736E-05 0.0222027 0.0612873 0.0637242 0.0118604 9.99736E-05 0.840626
0.11129 9.99912E-05 0.0573237 0.0930065 0.326096 0.0545289 0.0435105 0.314144
9.99561E-05 9.99561E-05 0.0193327 9.99561E-05 0.1092 9.99561E-05 9.99561E-05 0.870968
0.128842 0.0236703 0.268981 0.0365111 0.19268 9.99912E-05 0.108216 0.241
0.154093 0.195175 9.99824E-05 0.0734122 0.332705 0.00468543 9.99824E-05 0.23973
0.0398939 0.00836442 0.226948 9.99825E-05 0.480826 9.99825E-05 0.0166912 0.227077
9.99824E-05 0.038115 0.219092 0.255538 0.164501 0.0995829 9.99824E-05 0.222971
9.99473E-05 9.99473E-05 9.99473E-05 0.128942 9.99473E-05 9.99473E-05 9.99473E-05 0.870458
0.169288 9.99649E-05 0.0454337 0.246141 9.99649E-05 9.99649E-05 9.99649E-05 0.538737
0.0416079 9.99648E-05 9.99648E-05 9.99648E-05 0.107247 0.0104983 9.99648E-05 0.840247
9.99561E-05 9.99561E-05 9.99561E-05 0.123495 0.0728772 9.99561E-05 9.99561E-05 0.803128
0.0150817 9.99737E-05 9.99737E-05 0.0934231 0.00162787 9.99737E-05 0.196165 0.693403
9.999E-05 0.0265247 0.199243 0.218222 0.0490291 0.0177765 0.0701259 0.418979
9.99649E-05 9.99649E-05 0.193328 0.218387 0.303062 9.99649E-05 9.99649E-05 0.284823
0.04948 0.180115 9.99825E-05 0.113897 9.99825E-05 0.0397447 0.0121015 0.604462
0.200467 9.99824E-05 0.08706 0.274234 0.0358615 0.122363 9.99824E-05 0.279814
0.0702971 9.99824E-05 0.226379 0.241874 0.0884485 0.00868373 9.99824E-05 0.364118
9.99473E-05 9.99473E-05 9.99473E-05 9.99473E-05 9.99473E-05 0.0878848 9.99473E-05 0.911515
0.0016772 9.99824E-05 0.114881 0.0557176 0.252326 0.106181 9.99824E-05 0.469017
0.0182462 9.99649E-05 0.267494 9.99649E-05 0.417378 9.99649E-05 9.99649E-05 0.296482
0.0942413 0.0798448 9.99649E-05 0.221184 9.99649E-05 9.99649E-05 9.99649E-05 0.60433
9.99561E-05 9.99561E-05 9.99561E-05 0.369776 0.244807 9.99561E-05 9.99561E-05 0.384917
9.99824E-05 9.99824E-05 0.109217 0.330196 0.0651464 0.130546 0.0317563 0.332939
0.00770962 9.99737E-05 0.0323037 0.259506 0.0236554 9.99737E-05 9.99737E-05 0.676525
0.246587 0.0606446 0.0349861 0.215401 0.0874782 0.0826604 0.170818 0.101425
9.99649E-05 9.99649E-05 9.99649E-05 0.0683961 0.143685 9.99649E-05 0.0473951 0.740124
9.99649E-05 9.99649E-05 9.99649E-05 0.313766 9.99649E-05 0.053283 0.0207722 0.611779
0.0164839 0.00760685 0.0688039 0.0697298 9.99824E-05 9.99824E-05 0.0672849 0.769891
0.151329 9.99736E-05 0.0466835 0.0719701 9.99736E-05 0.0189287 9.99736E-05 0.710789
0.0675295 9.99737E-05 9.99737E-05 0.187299 0.0585902 9.99737E-05 0.168194 0.518087
0.121195 9.99824E-05 0.162955 0.0795563 0.174655 9.99824E-05 0.0125525 0.448886
0.0653011 9.99737E-05 9.99737E-05 0.194675 0.082935 9.99737E-05 0.162863 0.493926
0.0547293 0.121685 9.99649E-05 0.100531 9.99649E-05 9.99649E-05 9.99649E-05 0.722655
0.0409738 0.0742968 0.0592694 0.0449592 0.0536872 0.0333213 9.99912E-05 0.693392
9.99561E-05 0.0152371 9.99561E-05 9.99561E-05 0.0980744 9.99561E-05 9.99561E-05 0.886189
9.99737E-05 0.0829062 0.149821 0.0389735 9.99737E-05 0.117644 9.99737E-05 0.610356
9.99824E-05 0.00581302 0.0201252 0.240794 9.99824E-05 0.0450949 0.0839512 0.604022
9.99649E-05 9.99649E-05 9.99649E-05 0.161216 0.14608 9.99649E-05 0.156872 0.535432
0.0138332 9.99737E-05 0.0291119 0.101097 0.106445 9.99737E-05 9.99737E-05 0.749213
9.99737E-05 0.0324561 0.120618 0.141772 0.051357 9.99737E-05 9.99737E-05 0.653498
9.99561E-05 9.99561E-05 9.99561E-05 9.99561E-05 0.169043 9.99561E-05 0.0627602 0.767697
0.0875891 0.0583968 0.141266 0.281038 9.99736E-05 9.99736E-05 9.99736E-05 0.431411
9.9971E-05 9.9971E-05 0.0268656 0.241937 0.378895 9.9971E-05 9.9971E-05 0.351902
9.99649E-05 9.99649E-05 0.00462348 0.0531092 9.99649E-05 0.14698 9.99649E-05 0.794887
0.0877544 9.99649E-05 0.0411214 0.134684 9.99649E-05 9.99649E-05 9.99649E-05 0.73604
0.0182511 9.99561E-05 9.99561E-05 0.030538 9.99561E-05 9.99561E-05 9.99561E-05 0.950711
0.0377969 9.99648E-05 9.99648E-05 0.194916 0.0752288 9.99648E-05 9.99648E-05 0.691659
0.114228 0.0175222 0.0344587 9.99737E-05 0.101882 9.99737E-05 9.99737E-05 0.731609
0.251667 9.99824E-05 0.0769708 0.288516 0.00771588 9.99824E-05 0.0859434 0.288987
9.99737E-05 9.99737E-05 0.0406098 0.0023273 0.282421 0.0537108 9.99737E-05 0.620631
9.99561E-05 9.99561E-05 0.00933047 0.0638993 9.99561E-05 9.99561E-05 9.99561E-05 0.92627
0.0650634 9.99737E-05 0.0205532 0.0585743 0.251317 9.99737E-05 9.99737E-05 0.604192
9.99649E-05 9.99649E-05 9.99649E-05 0.143025 0.122328 0.00176191 9.99649E-05 0.732485
0.0787477 9.99737E-05 9.99737E-05 9.99737E-05 0.0863504 0.0917828 0.109063 0.633756
9.99561E-05 9.99561E-05 9.99561E-05 0.0463374 0.23154 9.99561E-05 9.99561E-05 0.721623
0.0995854 9.99649E-05 9.99649E-05 0.119032 0.010435 9.99649E-05 9.99649E-05 0.770548
0.100345 9.99649E-05 9.99649E-05 0.0245692 0.0700518 9.99649E-05 9.99649E-05 0.804634
0.135142 0.349323 0.0532918 0.334212 0.108929 9.99825E-05 9.99825E-05 0.0189014
9.99649E-05 0.36087 9.99649E-05 0.0986945 0.255496 9.99649E-05 9.99649E-05 0.284541
0.282355 0.300328 9.99649E-05 0.0314882 9.99649E-05 9.99649E-05 9.99649E-05 0.385429
0.146401 0.485025 0.144995 0.108437 9.99825E-05 0.00249051 0.112452 9.99825E-05
0.148315 0.271088 0.0819582 0.226753 0.192511 0.0215664 9.999E-05 0.0577084
0.162614 0.373179 0.0051727 0.458635 9.99649E-05 9.99649E-05 9.99649E-05 9.99649E-05
0.12461 0.654138 0.0100223 0.154401 0.056529 9.99736E-05 9.99736E-05 9.99736E-05
0.155176 0.388086 0.0901709 0.238539 0.127728 9.99737E-05 9.99737E-05 9.99737E-05
0.191708 0.501287 9.9965E-05 0.205359 9.9965E-05 9.9965E-05 9.9965E-05 0.101246
0.299518 0.302509 0.00809519 0.131372 9.99824E-05 0.0144507 9.99824E-05 0.243855
0.373955 0.108354 0.057685 0.431247 9.99736E-05 0.0284599 9.99736E-05 9.99736E-05
0.16614 0.328613 9.99737E-05 0.208146 0.294294 9.99737E-05 9.99737E-05 0.00250685
0.134253 0.173428 0.11468 0.122106 0.388153 9.99912E-05 0.0593951 0.00788586
9.99561E-05 0.367862 9.99561E-05 0.323106 0.308532 9.99561E-05 9.99561E-05 9.99561E-05
0.128218 0.315568 9.99825E-05 0.0891871 0.0808329 9.99825E-05 0.0936254 0.292369
0.199998 0.334755 0.0491227 0.177379 0.0275589 9.999E-05 0.0546887 0.156398
0.129657 0.412351 9.99737E-05 0.203941 0.2235 9.99737E-05 0.0302503 9.99737E-05
0.277391 0.165438 0.0862821 0.139461 0.249597 9.998E-05 9.998E-05 0.0816324
0.321925 0.167082 9.997E-05 0.260075 0.0652455 9.997E-05 9.997E-05 0.185372
0.114151 0.32453 9.99649E-05 0.423045 0.137874 9.99649E-05 9.99649E-05 9.99649E-05
0.0757009 0.26657 9.99737E-05 0.215835 0.0752386 9.99737E-05 9.99737E-05 0.366356
0.0673562 0.327456 0.00100761 0.282097 0.21225 9.99824E-05 9.99824E-05 0.109634
0.107872 0.312447 9.99737E-05 0.184932 9.99737E-05 9.99737E-05 0.198363 0.196087
0.174111 0.129029 0.130424 0.195113 0.262503 9.998E-05 9.998E-05 0.108619
0.316289 0.0917217 0.0722939 0.242126 9.997E-05 9.997E-05 9.997E-05 0.27727
0.0414909 0.32783 0.0385373 0.13815 9.99825E-05 0.060419 9.99825E-05 0.393374
0.0937227 0.3517 9.99737E-05 0.100729 0.083521 9.99737E-05 9.99737E-05 0.370027
9.997E-05 0.420864 9.997E-05 0.30711 0.0404101 0.0562888 9.997E-05 0.175027
0.319581 0.183374 0.0707729 0.154267 0.0414829 9.998E-05 9.998E-05 0.230322
0.0185156 0.101697 0.10729 0.143718 0.0931866 0.0917705 0.190126 0.253696
9.99561E-05 9.99561E-05 0.202776 0.161538 9.99561E-05 9.99561E-05 0.635187 9.99561E-05
9.99562E-05 9.99562E-05 0.0291142 0.0345953 9.99562E-05 9.99562E-05 0.935791 9.99562E-05
0.107034 9.99648E-05 0.0120526 0.200563 9.99648E-05 9.99648E-05 0.679951 9.99648E-05
0.110463 9.99648E-05 0.15658 0.205529 9.99648E-05 9.99648E-05 0.527029 9.99648E-05
0.0387134 9.99736E-05 0.195319 0.094436 9.99736E-05 0.0384231 0.632809 9.99736E-05
9.99561E-05 9.99561E-05 0.194033 0.252123 9.99561E-05 9.99561E-05 0.553344 9.99561E-05
0.0954639 9.99648E-05 0.0990543 0.211986 9.99648E-05 9.99648E-05 0.593096 9.99648E-05
9.99648E-05 9.99648E-05 0.355112 0.0925067 9.99648E-05 0.0430067 0.508975 9.99648E-05
9.99648E-05 0.285221 0.405768 0.0999738 9.99648E-05 9.99648E-05 0.208637 9.99648E-05
0.035827 9.99648E-05 0.322504 0.334292 9.99648E-05 9.99648E-05 0.306978 9.99648E-05
9.99561E-05 0.261028 0.0364521 9.99561E-05 9.99561E-05 9.99561E-05 0.70202 9.99561E-05
0.0447946 0.156618 9.99736E-05 0.115641 9.99736E-05 0.00118423 0.681462 9.99736E-05
0.0519168 9.99561E-05 0.175169 9.99561E-05 9.99561E-05 9.99561E-05 0.772415 9.99561E-05
0.0533297 0.0274532 0.180724 0.196965 9.99737E-05 9.99737E-05 0.541228 9.99737E-05
0.174176 0.0263465 0.113706 0.042083 0.0695856 0.0319979 0.542004 9.99912E-05
0.151632 0.0296549 0.15704 0.190963 9.99736E-05 9.99736E-05 0.47041 9.99736E-05
9.99736E-05 0.127101 0.0678246 0.126188 9.99736E-05 0.165885 0.512701 9.99736E-05
0.0288052 9.99737E-05 0.107367 9.99737E-05 0.183866 0.0216744 0.657987 9.99737E-05
0.00995528 9.99648E-05 0.0768743 0.0225853 9.99648E-05 9.99648E-05 0.890185 9.99648E-05
0.0184747 9.99737E-05 0.0887787 0.149918 9.99737E-05 0.114117 0.628411 9.99737E-05
9.99648E-05 9.99648E-05 0.149101 0.126344 0.119355 9.99648E-05 0.6048 9.99648E-05
0.0748689 9.996E-05 0.129562 0.105162 9.996E-05 9.996E-05 0.690007 9.996E-05
9.99736E-05 0.0683166 0.249799 0.28487 9.99736E-05 0.105206 0.291508 9.99736E-05
9.99561E-05 9.99561E-05 0.236404 0.0503174 9.99561E-05 9.99561E-05 0.712779 9.99561E-05
9.99824E-05 0.0377106 0.277186 0.247676 0.00188912 0.127367 0.307972 9.99824E-05
9.99649E-05 0.138885 0.184961 0.143581 9.99649E-05 9.99649E-05 0.532174 9.99649E-05
9.99649E-05 9.99649E-05 9.99649E-05 0.0385142 9.99649E-05 0.0447639 0.843576 0.0727461
9.99648E-05 9.99648E-05 0.149736 0.240427 0.106537 9.99648E-05 0.5029 9.99648E-05
9.99561E-05 9.99561E-05 0.295978 0.279429 9.99561E-05 9.99561E-05 0.424093 9.99561E-05
0.0392233 9.99736E-05 0.0417583 0.156892 9.99736E-05 0.0837379 0.678088 9.99736E-05
9.99649E-05 9.99649E-05 0.0781044 0.266256 0.0273144 9.99649E-05 0.627925 9.99649E-05
0.0579861 9.99736E-05 0.0674375 0.0634662 9.99736E-05 0.103668 0.707143 9.99736E-05
0.0202917 9.99736E-05 0.330521 0.162623 9.99736E-05 0.22225 0.264015 9.99736E-05
0.00544717 9.99736E-05 0.0798507 0.198115 9.99736E-05 0.126377 0.58991 9.99736E-05
9.9956E-05 9.9956E-05 0.0376138 0.121166 9.9956E-05 9.9956E-05 0.840721 9.9956E-05
0.0786922 0.0566173 0.084557 9.99824E-05 0.013094 0.0203246 0.746515 9.99824E-05
0.151888 9.99648E-05 0.236317 0.296267 9.99648E-05 9.99648E-05 0.315128 9.99648E-05
9.99473E-05 9.99473E-05 0.0932024 9.99473E-05 9.99473E-05 9.99473E-05 0.906198 9.99473E-05
0.0109645 9.99649E-05 0.0489058 0.0878745 9.99649E-05 9.99649E-05 0.851855 9.99649E-05
9.994E-05 9.994E-05 9.994E-05 9.994E-05 9.994E-05 9.994E-05 0.9993 9.994E-05
9.99649E-05 0.0980543 0.0412133 9.99649E-05 9.99649E-05 0.0262792 0.834053 9.99649E-05
9.99648E-05 0.0853026 0.181268 0.415293 9.99648E-05 9.99648E-05 0.317737 9.99648E-05
9.99736E-05 9.99736E-05 0.201931 0.0507762 0.0202054 0.00493775 0.72185 9.99736E-05
9.99562E-05 9.99562E-05 0.126511 9.99562E-05 9.99562E-05 0.105787 0.767203 9.99562E-05
9.99562E-05 9.99562E-05 0.0244852 9.99562E-05 9.99562E-05 9.99562E-05 0.967225 0.00779013
9.99736E-05 0.153886 0.289175 0.0846449 9.99736E-05 0.184551 0.287443 9.99736E-05
0.0823386 0.0396894 0.154204 0.247449 9.99825E-05 0.000720301 0.475399 9.99825E-05
0.0239774 0.0870347 0.179206 0.0457775 0.0857537 0.0923191 0.485832 9.99912E-05
0.020235 9.99737E-05 0.329328 0.407912 9.99737E-05 0.000486018 0.241739 9.99737E-05
9.99474E-05 9.99474E-05 9.99474E-05 0.00768741 9.99474E-05 9.99474E-05 0.991713 9.99474E-05
9.99736E-05 9.99736E-05 0.0951926 0.244504 0.19383 0.0214605 0.444712 9.99736E-05
9.99562E-05 0.0300443 0.100391 9.99562E-05 9.99562E-05 9.99562E-05 0.869065 9.99562E-05
0.00230688 9.99649E-05 0.174011 0.120501 9.99649E-05 9.99649E-05 0.702781 9.99649E-05
9.99561E-05 9.99561E-05 0.142571 9.99561E-05 0.198079 9.99561E-05 0.65885 9.99561E-05
0.175936 9.99736E-05 0.0624404 0.067353 0.0166611 9.99736E-05 0.67731 9.99736E-05
9.99648E-05 0.234184 0.266897 0.239187 9.99648E-05 9.99648E-05 0.259333 9.99648E-05
9.99648E-05 9.99648E-05 0.187768 0.188064 9.99648E-05 0.00691794 0.61685 9.99648E-05
0.0319563 9.99824E-05 0.130726 0.0853259 0.0406178 0.032879 0.678295 9.99824E-05
9.99648E-05 9.99648E-05 0.0198156 0.0548421 9.99648E-05 0.176687 0.748255 9.99648E-05
9.99649E-05 0.0546199 0.211443 0.0260971 9.99649E-05 9.99649E-05 0.70744 9.99649E-05
9.994E-05 9.994E-05 9.994E-05 0.9993 9.994E-05 9.994E-05 9.994E-05 9.994E-05
9.994E-05 9.994E-05 0.9993 9.994E-05 9.994E-05 9.994E-05 9.994E-05 9.994E-05
9.994E-05 9.994E-05 9.994E-05 0.9993 9.994E-05 9.994E-05 9.994E-05 9.994E-05
9.994E-05 9.994E-05 0.9993 9.994E-05 9.994E-05 9.994E-05 9.994E-05 9.994E-05
9.994E-05 9.994E-05 0.9993 9.994E-05 9.994E-05 9.994E-05 9.994E-05 9.994E-05
9.994E-05 9.994E-05 0.9993 9.994E-05 9.994E-05 9.994E-05 9.994E-05 9.994E-05
9.994E-05 9.994E-05 9.994E-05 0.9993 9.994E-05 9.994E-05 9.994E-05 9.994E-05
9.994E-05 9.994E-05 0.9993 9.994E-05 9.994E-05 9.994E-05 9.994E-05 9.994E-05
9.994E-05 9.994E-05 0.9993 9.994E-05 9.994E-05 9.994E-05 9.994E-05 9.994E-05
9.994E-05 9.994E-05 9.994E-05 0.9993 9.994E-05 9.994E-05 9.994E-05 9.994E-05
9.994E-05 9.994E-05 9.994E-05 0.9993 9.994E-05 9.994E-05 9.994E-05 9.994E-05
9.994E-05 9.994E-05 9.994E-05 0.9993 9.994E-05 9.994E-05 9.994E-05 9.994E-05
9.994E-05 9.994E-05 0.9993 9.994E-05 9.994E-05 9.994E-05 9.994E-05 9.994E-05
9.994E-05 9.994E-05 0.9993 9.994E-05 9.994E-05 9.994E-05 9.994E-05 9.994E-05
9.994E-05 9.994E-05 9.994E-05 0.9993 9.994E-05 9.994E-05 9.994E-05 9.994E-05
9.994E-05 9.994E-05 9.994E-05 0.9993 9.994E-05 9.994E-05 9.994E-05 9.994E-05
9.99736E-05 9.99736E-05 0.124122 0.157804 0.274839 0.111421 0.331514 9.99736E-05
9.994E-05 9.994E-05 9.994E-05 0.9993 9.994E-05 9.994E-05 9.994E-05 9.994E-05
9.994E-05 9.994E-05 0.9993 9.994E-05 9.994E-05 9.994E-05 9.994E-05 9.994E-05
9.994E-05 9.994E-05 9.994E-05 0.9993 9.994E-05 9.994E-05 9.994E-05 9.994E-05
9.994E-05 9.994E-05 9.994E-05 0.9993 9.994E-05 9.994E-05 9.994E-05 9.994E-05
9.994E-05 9.994E-05 9.994E-05 0.9993 9.994E-05 9.994E-05 9.994E-05 9.994E-05
9.994E-05 9.994E-05 0.9993 9.994E-05 9.994E-05 9.994E-05 9.994E-05 9.994E-05
9.994E-05 9.994E-05 9.994E-05 0.9993 9.994E-05 9.994E-05 9.994E-05 9.994E-05
9.994E-05 9.994E-05 0.9993 9.994E-05 9.994E-05 9.994E-05 9.994E-05 9.994E-05
9.994E-05 9.994E-05 9.994E-05 0.9993 9.994E-05 9.994E-05 9.994E-05 9.994E-05
9.994E-05 9.994E-05 9.994E-05 0.9993 9.994E-05 9.994E-05 9.994E-05 9.994E-05
9.994E-05 9.994E-05 0.9993 9.994E-05 9.994E-05 9.994E-05 9.994E-05 9.994E-05
9.994E-05 9.994E-05 0.9993 9.994E-05 9.994E-05 9.994E-05 9.994E-05 9.994E-05
9.994E-05 9.994E-05 0.9993 9.994E-05 9.994E-05 9.994E-05 9.994E-05 9.994E-05
9.994E-05 9.994E-05 9.994E-05 0.9993 9.994E-05 9.994E-05 9.994E-05 9.994E-05
9.994E-05 9.994E-05 9.994E-05 0.9993 9.994E-05 9.994E-05 9.994E-05 9.994E-05
9.994E-05 9.994E-05 9.994E-05 0.9993 9.994E-05 9.994E-05 9.994E-05 9.994E-05
9.994E-05 9.994E-05 9.994E-05 0.9993 9.994E-05 9.994E-05 9.994E-05 9.994E-05
9.994E-05 9.994E-05 9.994E-05 0.9993 9.994E-05 9.994E-05 9.994E-05 9.994E-05
9.994E-05 9.994E-05 0.9993 9.994E-05 9.994E-05 9.994E-05 9.994E-05 9.994E-05
9.994E-05 9.994E-05 0.9993 9.994E-05 9.994E-05 9.994E-05 9.994E-05 9.994E-05
9.994E-05 9.994E-05 0.9993 9.994E-05 9.994E-05 9.994E-05 9.994E-05 9.994E-05
9.994E-05 9.994E-05 9.994E-05 0.9993 9.994E-05 9.994E-05 9.994E-05 9.994E-05
9.994E-05 9.994E-05 0.9993 9.994E-05 9.994E-05 9.994E-05 9.994E-05 9.994E-05
9.994E-05 9.994E-05 0.9993 9.994E-05 9.994E-05 9.994E-05 9.994E-05 9.994E-05
9.994E-05 9.994E-05 0.9993 9.994E-05 9.994E-05 9.994E-05 9.994E-05 9.994E-05
9.994E-05 9.994E-05 0.9993 9.994E-05 9.994E-05 9.994E-05 9.994E-05 9.994E-05
9.994E-05 9.994E-05 9.994E-05 0.9993 9.994E-05 9.994E-05 9.994E-05 9.994E-05
9.994E-05 9.994E-05 0.9993 9.994E-05 9.994E-05 9.994E-05 9.994E-05 9.994E-05
9.994E-05 9.994E-05 0.9993 9.994E-05 9.994E-05 9.994E-05 9.994E-05 9.994E-05
0.00788539 9.99824E-05 0.128118 0.161113 0.253657 0.119381 0.329645 9.99824E-05
9.994E-05 9.994E-05 9.994E-05 0.9993 9.994E-05 9.994E-05 9.994E-05 9.994E-05
9.994E-05 9.994E-05 0.9993 9.994E-05 9.994E-05 9.994E-05 9.994E-05 9.994E-05
9.994E-05 9.994E-05 0.9993 9.994E-05 9.994E-05 9.994E-05 9.994E-05 9.994E-05
9.994E-05 9.994E-05 0.9993 9.994E-05 9.994E-05 9.994E-05 9.994E-05 9.994E-05
9.994E-05 9.994E-05 0.9993 9.994E-05 9.994E-05 9.994E-05 9.994E-05 9.994E-05
9.994E-05 9.994E-05 9.994E-05 0.9993 9.994E-05 9.994E-05 9.994E-05 9.994E-05
9.994E-05 9.994E-05 0.9993 9.994E-05 9.994E-05 9.994E-05 9.994E-05 9.994E-05
9.994E-05 9.994E-05 9.994E-05 0.9993 9.994E-05 9.994E-05 9.994E-05 9.994E-05
9.994E-05 9.994E-05 0.9993 9.994E-05 9.994E-05 9.994E-05 9.994E-05 9.994E-05
9.994E-05 9.994E-05 9.994E-05 0.9993 9.994E-05 9.994E-05 9.994E-05 9.994E-05
9.994E-05 9.994E-05 0.9993 9.994E-05 9.994E-05 9.994E-05 9.994E-05 9.994E-05
9.994E-05 9.994E-05 0.9993 9.994E-05 9.994E-05 9.994E-05 9.994E-05 9.994E-05
9.994E-05 9.994E-05 0.9993 9.994E-05 9.994E-05 9.994E-05 9.994E-05 9.994E-05
9.994E-05 9.994E-05 0.9993 9.994E-05 9.994E-05 9.994E-05 9.994E-05 9.994E-05
9.994E-05 9.994E-05 0.9993 9.994E-05 9.994E-05 9.994E-05 9.994E-05 9.994E-05
9.994E-05 9.994E-05 0.9993 9.994E-05 9.994E-05 9.994E-05 9.994E-05 9.994E-05
9.994E-05 9.994E-05 9.994E-05 0.9993 9.994E-05 9.994E-05 9.994E-05 9.994E-05
9.994E-05 9.994E-05 9.994E-05 0.9993 9.994E-05 9.994E-05 9.994E-05 9.994E-05
9.994E-05 9.994E-05 9.994E-05 0.9993 9.994E-05 9.994E-05 9.994E-05 9.994E-05
9.994E-05 9.994E-05 0.9993 9.994E-05 9.994E-05 9.994E-05 9.994E-05 9.994E-05
9.994E-05 9.994E-05 9.994E-05 0.9993 9.994E-05 9.994E-05 9.994E-05 9.994E-05
9.994E-05 9.994E-05 9.994E-05 0.9993 9.994E-05 9.994E-05 9.994E-05 9.994E-05
9.994E-05 9.994E-05 9.994E-05 0.9993 9.994E-05 9.994E-05 9.994E-05 9.994E-05
9.994E-05 9.994E-05 0.9993 9.994E-05 9.994E-05 9.994E-05 9.994E-05 9.994E-05
9.994E-05 9.994E-05 0.9993 9.994E-05 9.994E-05 9.994E-05 9.994E-05 9.994E-05
9.994E-05 9.994E-05 0.9993 9.994E-05 9.994E-05 9.994E-05 9.994E-05 9.994E-05
9.994E-05 9.994E-05 9.994E-05 0.9993 9.994E-05 9.994E-05 9.994E-05 9.994E-05
9.994E-05 9.994E-05 0.9993 9.994E-05 9.994E-05 9.994E-05 9.994E-05 9.994E-05
9.994E-05 9.994E-05 0.9993 9.994E-05 9.994E-05 9.994E-05 9.994E-05 9.994E-05
9.994E-05 9.994E-05 9.994E-05 0.9993 9.994E-05 9.994E-05 9.994E-05 9.994E-05
9.994E-05 9.994E-05 0.9993 9.994E-05 9.994E-05 9.994E-05 9.994E-05 9.994E-05
9.994E-05 9.994E-05 0.9993 9.994E-05 9.994E-05 9.994E-05 9.994E-05 9.994E-05
0.209687 0.0783242 0.0750624 0.394754 9.99824E-05 0.0558355 0.186137 9.99824E-05
9.994E-05 9.994E-05 9.994E-05 0.9993 9.994E-05 9.994E-05 9.994E-05 9.994E-05
9.994E-05 9.994E-05 0.9993 9.994E-05 9.994E-05 9.994E-05 9.994E-05 9.994E-05
0.0786778 9.99649E-05 0.471807 0.0535218 9.99649E-05 9.99649E-05 0.395594 9.99649E-05
9.99736E-05 9.99736E-05 0.280296 0.177686 0.0744331 0.0887439 0.378541 9.99736E-05
9.9956E-05 9.9956E-05 0.189466 0.399526 9.9956E-05 9.9956E-05 0.410509 9.9956E-05
0.0337543 9.99824E-05 0.022119 0.173492 0.0873473 0.0446083 0.638479 9.99824E-05
9.99736E-05 0.0567127 0.346997 0.275755 9.99736E-05 0.0351542 0.285081 9.99736E-05
9.99562E-05 9.99562E-05 0.0980366 0.0061449 9.99562E-05 9.99562E-05 0.895319 9.99562E-05
0.0221227 0.0553117 0.361884 0.215008 0.192632 9.99824E-05 0.152842 9.99824E-05
0.17432 9.99736E-05 0.152897 0.0821832 9.99736E-05 0.0235332 0.566767 9.99736E-05
9.99473E-05 9.99473E-05 0.229721 9.99473E-05 9.99473E-05 9.99473E-05 0.769679 9.99473E-05
9.9956E-05 9.9956E-05 9.9956E-05 0.217836 0.117792 9.9956E-05 0.663872 9.9956E-05
0.0208873 9.99649E-05 0.0915869 0.294256 9.99649E-05 9.99649E-05 0.59287 9.99649E-05
9.99648E-05 9.99648E-05 0.529409 0.0953639 0.000140088 9.99648E-05 0.374687 9.99648E-05
9.99737E-05 0.0359184 0.25 0.319978 0.239686 9.99737E-05 0.154118 9.99737E-05
0.103363 9.99736E-05 0.0432379 9.99736E-05 0.151997 0.00284303 0.698259 9.99736E-05
9.9956E-05 9.9956E-05 0.170336 0.286846 9.9956E-05 9.9956E-05 0.542319 9.9956E-05
9.99736E-05 0.141208 0.29779 0.194981 0.03095 9.99736E-05 0.334771 9.99736E-05
9.99649E-05 9.99649E-05 0.217836 0.0929711 9.99649E-05 0.0775287 0.611264 9.99649E-05
0.14798 0.0146028 0.0700153 0.436334 9.99736E-05 9.99736E-05 0.330768 9.99736E-05
9.99648E-05 0.259837 0.139945 9.99648E-05 9.99648E-05 0.131482 0.468336 9.99648E-05
9.99648E-05 9.99648E-05 0.195594 0.271946 0.0774642 9.99648E-05 0.454596 9.99648E-05
9.99824E-05 0.0157185 0.14249 0.0829893 0.029878 0.116277 0.612448 9.99824E-05
9.9956E-05 9.9956E-05 0.294747 9.9956E-05 0.14077 9.9956E-05 0.563983 9.9956E-05
0.0732208 9.99824E-05 0.208345 0.221705 0.050014 0.0441432 0.402372 9.99824E-05
0.0174807 9.99736E-05 0.274785 0.137934 9.99736E-05 0.0666258 0.502875 9.99736E-05
0.115191 9.99824E-05 0.0463541 0.0165706 0.0355181 0.0911725 0.694993 9.99824E-05
9.99561E-05 0.0839365 0.0248349 9.99561E-05 9.99561E-05 9.99561E-05 0.890729 9.99561E-05
9.99736E-05 9.99736E-05 0.111209 0.15359 0.111454 0.0104797 0.612968 9.99736E-05
9.99736E-05 9.99736E-05 0.280303 0.17544 0.108697 0.101266 0.333994 9.99736E-05
0.0471595 9.99736E-05 9.99736E-05 0.16382 0.0620368 0.0245124 0.702171 9.99736E-05
0.206992 9.99736E-05 0.256665 0.0191277 9.99736E-05 0.0690029 0.447913 9.99736E-05
9.99736E-05 0.0346942 0.41208 0.204805 0.059034 9.99736E-05 0.289086 9.99736E-05
0.0359064 0.00744853 0.280353 0.128206 9.997E-05 9.997E-05 0.547786 9.997E-05
9.99736E-05 0.188509 0.23269 0.164809 9.99736E-05 0.0147264 0.398965 9.99736E-05
0.0988885 9.99648E-05 0.216986 0.26509 9.99648E-05 9.99648E-05 0.418635 9.99648E-05
0.152919 9.99648E-05 0.192281 0.235589 9.99648E-05 9.99648E-05 0.418811 9.99648E-05
9.9956E-05 9.9956E-05 0.0955131 0.217378 9.9956E-05 9.9956E-05 0.686609 9.9956E-05
9.994E-05 9.994E-05 9.994E-05 9.994E-05 9.994E-05 9.994E-05 0.9993 9.994E-05
0.178323 0.0679277 9.99736E-05 0.25589 0.0799714 9.99736E-05 0.417588 9.99736E-05
0.0989199 9.99736E-05 0.0194036 0.0582281 9.99736E-05 0.111285 0.711863 9.99736E-05
9.99824E-05 0.0268733 0.267223 0.0877562 0.158845 0.0371099 0.421992 9.99824E-05
0.0390717 9.99824E-05 0.117184 0.293463 0.00619703 0.0180878 0.525796 9.99824E-05
0.0038336 0.0772305 0.0458797 0.14687 0.114642 0.05042 0.561025 9.99912E-05
9.99736E-05 9.99736E-05 0.266661 0.1471 0.0903474 0.0544478 0.441144 9.99736E-05
0.0256314 0.129673 0.615523 0.0422361 9.99737E-05 9.99737E-05 0.186636 9.99737E-05
0.0951596 0.0931031 0.236324 0.39891 9.99736E-05 9.99736E-05 0.176203 9.99736E-05
0.0856983 9.99648E-05 0.180444 0.118887 9.99648E-05 9.99648E-05 0.614571 9.99648E-05
9.99473E-05 9.99473E-05 0.0447272 9.99473E-05 9.99473E-05 9.99473E-05 0.954673 9.99473E-05
0.00189105 9.99648E-05 0.272309 9.99648E-05 9.99648E-05 0.0649263 0.660474 9.99648E-05
9.99473E-05 9.99473E-05 9.99473E-05 0.0242079 9.99473E-05 9.99473E-05 0.975192 9.99473E-05
0.00758887 0.177567 0.231644 0.266743 9.99824E-05 0.0915 0.224756 9.99824E-05
9.99473E-05 0.0928979 9.99473E-05 9.99473E-05 9.99473E-05 9.99473E-05 0.906502 9.99473E-05
0.0307044 0.0541524 9.99648E-05 0.324953 9.99648E-05 9.99648E-05 0.58979 9.99648E-05
9.99648E-05 0.267514 9.99648E-05 0.255886 0.187332 9.99648E-05 0.288868 9.99648E-05
9.99648E-05 0.397763 0.153102 0.135864 9.99648E-05 9.99648E-05 0.312871 9.99648E-05
0.0134897 9.99824E-05 0.0941741 0.0460913 0.245331 0.0318341 0.56888 9.99824E-05
9.99736E-05 0.0595686 0.248539 0.242676 9.99736E-05 0.0153427 0.433573 9.99736E-05
9.99562E-05 0.0984722 9.99562E-05 0.147426 9.99562E-05 9.99562E-05 0.753602 9.99562E-05
9.99561E-05 0.0217566 0.227625 9.99561E-05 9.99561E-05 9.99561E-05 0.750119 9.99561E-05
9.99649E-05 9.99649E-05 0.238829 0.259557 9.99649E-05 0.0270777 0.474137 9.99649E-05
9.99649E-05 0.0848618 0.215291 0.244575 9.99649E-05 9.99649E-05 0.454872 9.99649E-05
9.994E-05 9.994E-05 9.994E-05 9.994E-05 9.994E-05 9.994E-05 0.9993 9.994E-05
9.99562E-05 9.99562E-05 0.113999 0.0145356 9.99562E-05 9.99562E-05 0.870966 9.99562E-05
9.99649E-05 9.99649E-05 0.0194935 0.142708 9.99649E-05 9.99649E-05 0.795244 0.0421544
0.11977 9.99648E-05 0.108634 0.157748 9.99648E-05 9.99648E-05 0.613448 9.99648E-05
0.0262109 9.99736E-05 0.253362 0.0452973 9.99736E-05 0.176765 0.498065 9.99736E-05
9.996E-05 9.996E-05 0.244648 0.0258833 0.0936899 9.996E-05 0.635379 9.996E-05
9.995E-05 9.995E-05 0.0563868 0.0167764 9.995E-05 9.995E-05 0.926337 9.995E-05
0.0370644 0.10819 0.283241 0.251311 9.99824E-05 0.0676607 0.252333 9.99824E-05
9.99648E-05 9.99648E-05 0.0815214 0.467123 9.99648E-05 0.0408062 0.410149 9.99648E-05
9.99649E-05 0.155811 9.99649E-05 0.0239654 9.99649E-05 0.0229754 0.796848 9.99649E-05
9.99737E-05 0.258415 0.0403795 0.209331 9.99737E-05 0.0629326 0.428641 9.99737E-05
9.9965E-05 0.146064 9.9965E-05 0.0903127 9.9965E-05 9.9965E-05 0.707946 0.055278
9.99561E-05 9.99561E-05 0.285199 0.444749 9.99561E-05 9.99561E-05 0.269552 9.99561E-05
0.0446448 0.269598 9.99737E-05 9.99737E-05 0.095871 0.112225 0.477361 9.99737E-05
9.99474E-05 9.99474E-05 9.99474E-05 0.237742 9.99474E-05 9.99474E-05 0.761659 9.99474E-05
9.99649E-05 0.222917 0.130742 0.0598391 9.99649E-05 9.99649E-05 0.586102 9.99649E-05
9.99474E-05 0.212808 9.99474E-05 9.99474E-05 9.99474E-05 9.99474E-05 0.786592 9.99474E-05
0.0889778 9.99648E-05 9.99648E-05 0.21573 9.99648E-05 0.0306522 0.664241 9.99648E-05
9.99474E-05 0.257797 9.99474E-05 9.99474E-05 9.99474E-05 9.99474E-05 0.741603 9.99474E-05
0.0409404 0.0774984 0.399779 0.0344757 9.99736E-05 9.99736E-05 0.447007 9.99736E-05
0.0107845 9.99824E-05 0.259022 0.00542791 0.105722 0.0384016 0.580443 9.99824E-05
0.066766 9.99824E-05 0.204881 0.0344069 0.0410746 0.132455 0.520217 9.99824E-05
9.99474E-05 0.112677 9.99474E-05 9.99474E-05 9.99474E-05 9.99474E-05 0.886723 9.99474E-05
0.0297295 0.00199585 0.270979 0.0441782 9.99737E-05 9.99737E-05 0.652818 9.99737E-05
9.99736E-05 0.283906 0.162424 9.99736E-05 0.00776866 0.177652 0.36795 9.99736E-05
9.99649E-05 0.0872233 9.99649E-05 0.0347047 9.99649E-05 0.0201862 0.857486 9.99649E-05
0.156294 9.99648E-05 0.025781 0.285592 9.99648E-05 9.99648E-05 0.531933 9.99648E-05
0.0109502 9.99648E-05 0.467287 0.222795 9.99648E-05 9.99648E-05 0.298568 9.99648E-05
9.99736E-05 9.99736E-05 0.0867106 0.362234 0.0862836 0.00600409 0.458468 9.99736E-05
9.99648E-05 9.99648E-05 0.220423 0.272259 9.99648E-05 0.061781 0.445137 9.99648E-05
0.0168782 0.125654 0.0622347 0.138866 9.998E-05 0.177628 0.478539 9.998E-05
0.112396 0.206458 0.0350253 0.340593 9.99736E-05 9.99736E-05 0.305228 9.99736E-05
9.99824E-05 0.172834 0.320192 0.179352 9.99824E-05 0.0410274 0.27572 0.0106748
0.140942 0.249528 0.0710564 0.00879238 9.99824E-05 0.13331 0.396172 9.99824E-05
9.99561E-05 0.138335 0.274742 9.99561E-05 9.99561E-05 9.99561E-05 0.586423 9.99561E-05
9.99473E-05 0.231817 9.99473E-05 9.99473E-05 9.99473E-05 9.99473E-05 0.767583 9.99473E-05
9.99648E-05 9.99648E-05 0.364528 9.99648E-05 0.107844 0.0873375 0.439891 9.99648E-05
0.0920764 0.0835514 0.0808933 0.337179 0.00352805 9.99824E-05 0.402571 9.99824E-05
0.0638648 9.99561E-05 9.99561E-05 0.449908 9.99561E-05 9.99561E-05 0.485728 9.99561E-05
9.99737E-05 0.116574 0.128806 0.496578 9.99737E-05 0.00291584 0.254826 9.99737E-05
0.227469 9.99736E-05 0.224032 9.99736E-05 0.0360844 0.100242 0.411873 9.99736E-05
0.000707595 9.99824E-05 0.131588 0.365646 0.0183501 0.00175361 0.481754 9.99824E-05
0.163876 0.235524 0.131636 0.0516258 9.99824E-05 0.148213 0.268925 9.99824E-05
9.99649E-05 0.140352 0.0434837 9.99649E-05 9.99649E-05 9.99649E-05 0.78728 0.0284847
9.99649E-05 0.0685797 0.114386 0.0559694 9.99649E-05 9.99649E-05 0.760665 9.99649E-05
9.99649E-05 0.116665 0.159832 0.213648 9.99649E-05 9.99649E-05 0.509456 9.99649E-05
0.178491 0.183766 9.99736E-05 0.241429 9.99736E-05 0.0990429 0.296972 9.99736E-05
9.99474E-05 0.0478839 9.99474E-05 9.99474E-05 9.99474E-05 9.99474E-05 0.951516 9.99474E-05
9.99474E-05 0.0796865 9.99474E-05 9.99474E-05 9.99474E-05 9.99474E-05 0.919714 9.99474E-05
0.0887884 9.99736E-05 0.0763702 0.00939161 9.99736E-05 0.10291 0.72224 9.99736E-05
0.0303115 9.99736E-05 0.0991491 0.140466 9.99736E-05 0.00355197 0.726222 9.99736E-05
9.99473E-05 9.99473E-05 9.99473E-05 0.17529 9.99473E-05 9.99473E-05 0.82411 9.99473E-05
9.9956E-05 9.9956E-05 0.18626 0.340475 9.9956E-05 9.9956E-05 0.472765 9.9956E-05
0.032444 9.99648E-05 9.99648E-05 0.223269 0.265837 9.99648E-05 0.478051 9.99648E-05
0.1133 0.0985239 9.99824E-05 0.353568 0.127864 0.14643 0.160113 9.99824E-05
9.9956E-05 0.129278 0.330593 9.9956E-05 9.9956E-05 9.9956E-05 0.539629 9.9956E-05
9.99824E-05 0.0268373 0.177913 0.146919 0.0101745 0.106339 0.531617 9.99824E-05
0.116866 9.99736E-05 0.0268231 0.351716 9.99736E-05 0.0626722 0.441623 9.99736E-05
9.99649E-05 9.99649E-05 0.0547002 0.0449317 9.99649E-05 0.0316371 0.868331 9.99649E-05
0.060328 0.180537 9.99736E-05 0.322087 0.200913 9.99736E-05 0.235835 9.99736E-05
0.132452 9.99736E-05 0.0257734 0.2336 0.0103369 9.99736E-05 0.597538 9.99736E-05
0.0358929 9.99736E-05 0.222923 0.316166 9.99736E-05 0.0407341 0.383983 9.99736E-05
9.99736E-05 0.325079 0.0856865 0.225163 9.99736E-05 0.0460799 0.317692 9.99736E-05
0.00720458 9.99737E-05 0.215048 0.123389 0.153746 9.99737E-05 0.500313 9.99737E-05
9.99561E-05 0.36153 0.0547614 9.99561E-05 9.99561E-05 9.99561E-05 0.583209 9.99561E-05
0.20002 9.99648E-05 0.261138 0.209516 9.99648E-05 9.99648E-05 0.328926 9.99648E-05
9.99473E-05 9.99473E-05 9.99473E-05 0.108544 9.99473E-05 9.99473E-05 0.890856 9.99473E-05
9.99562E-05 0.279918 0.0415996 9.99562E-05 9.99562E-05 9.99562E-05 0.677983 9.99562E-05
0.112028 0.0366944 0.236373 0.105607 9.99824E-05 0.126917 0.382181 9.99824E-05
9.99736E-05 0.114007 0.172598 0.16067 9.99736E-05 0.0953518 0.457074 9.99736E-05
9.99649E-05 0.432841 0.0857216 0.190719 0.290318 9.99649E-05 9.99649E-05 9.99649E-05
9.99649E-05 0.550055 0.03765 0.225992 0.185903 9.99649E-05 9.99649E-05 9.99649E-05
9.99648E-05 0.40721 0.117536 0.155461 0.319393 9.99648E-05 9.99648E-05 9.99648E-05
0.219814 0.608823 9.9965E-05 0.0805505 9.9965E-05 9.9965E-05 0.090412 9.9965E-05
0.212619 0.457282 0.0458978 0.121791 0.0507565 0.0171902 0.0943632 9.99912E-05
9.99825E-05 0.411821 0.0627893 0.160468 0.12705 0.0399219 9.99825E-05 0.19775
0.0836473 0.224876 0.203112 0.460502 0.0275627 9.99737E-05 9.99737E-05 9.99737E-05
0.0299738 0.59389 0.078505 0.116667 0.180664 9.99737E-05 9.99737E-05 9.99737E-05
0.120903 0.635404 9.9965E-05 9.9965E-05 9.9965E-05 9.9965E-05 0.0343316 0.208961
9.99648E-05 0.429028 0.257741 0.123345 0.189486 9.99648E-05 9.99648E-05 9.99648E-05
0.206072 0.210754 0.0787147 0.371918 0.132241 9.99737E-05 9.99737E-05 9.99737E-05
9.996E-05 0.413493 9.996E-05 0.318677 9.996E-05 0.192571 9.996E-05 0.0748591
9.99649E-05 0.236666 0.176838 0.356927 0.229169 9.99649E-05 9.99649E-05 9.99649E-05
9.9965E-05 0.610196 9.9965E-05 0.0959216 9.9965E-05 9.9965E-05 0.00370408 0.289779
0.242367 0.355811 9.99737E-05 0.307518 9.99737E-05 0.0215882 0.072415 9.99737E-05
9.99649E-05 0.407282 0.124596 0.162348 0.305375 9.99649E-05 9.99649E-05 9.99649E-05
9.99737E-05 0.563732 0.0542164 0.2029 0.164144 9.99737E-05 0.0147076 9.99737E-05
0.0126729 0.464398 9.99649E-05 0.316818 0.205711 9.99649E-05 9.99649E-05 9.99649E-05
0.0978106 0.427908 0.0791302 0.203504 0.132727 0.0587212 9.99824E-05 9.99824E-05
9.99649E-05 0.528693 0.0103342 0.270197 0.190376 9.99649E-05 9.99649E-05 9.99649E-05
0.110203 0.390242 0.110688 0.377896 9.997E-05 9.997E-05 9.997E-05 0.0106709
0.0286403 0.491791 0.0120906 0.168802 0.181478 9.99912E-05 0.0195335 0.0975655
0.221426 0.205265 9.996E-05 0.531833 9.996E-05 9.996E-05 9.996E-05 0.041076
9.9956E-05 0.847983 0.14768 9.9956E-05 0.00383752 9.9956E-05 9.9956E-05 9.9956E-05
9.99472E-05 0.926997 0.0724033 9.99472E-05 9.99472E-05 9.99472E-05 9.99472E-05 9.99472E-05
9.99472E-05 0.879283 0.120117 9.99472E-05 9.99472E-05 9.99472E-05 9.99472E-05 9.99472E-05
9.99472E-05 0.840215 9.99472E-05 0.159185 9.99472E-05 9.99472E-05 9.99472E-05 9.99472E-05
9.994E-05 0.9993 9.994E-05 9.994E-05 9.994E-05 9.994E-05 9.994E-05 9.994E-05
9.99473E-05 0.918672 0.0807288 9.99473E-05 9.99473E-05 9.99473E-05 9.99473E-05 9.99473E-05
9.99472E-05 0.933139 0.0662615 9.99472E-05 9.99472E-05 9.99472E-05 9.99472E-05 9.99472E-05
9.99649E-05 0.89441 0.0787125 0.00153417 9.99649E-05 9.99649E-05 9.99649E-05 0.0249432
9.99561E-05 0.828768 0.0478778 0.122855 9.99561E-05 9.99561E-05 9.99561E-05 9.99561E-05
0.00509188 0.6485 0.200735 0.145273 9.99648E-05 9.99648E-05 9.99648E-05 9.99648E-05
9.994E-05 0.9993 9.994E-05 9.994E-05 9.994E-05 9.994E-05 9.994E-05 9.994E-05
9.994E-05 0.95974 0.03966 9.994E-05 9.994E-05 9.994E-05 9.994E-05 9.994E-05
0.0292115 0.727039 0.187498 0.0558517 9.99648E-05 9.99648E-05 9.99648E-05 9.99648E-05
9.99473E-05 0.874116 0.125284 9.99473E-05 9.99473E-05 9.99473E-05 9.99473E-05 9.99473E-05
9.994E-05 0.9993 9.994E-05 9.994E-05 9.994E-05 9.994E-05 9.994E-05 9.994E-05
9.99561E-05 0.83722 0.0888174 9.99561E-05 0.0734627 9.99561E-05 9.99561E-05 9.99561E-05
0.0183504 0.939101 0.0420487 9.9956E-05 9.9956E-05 9.9956E-05 9.9956E-05 9.9956E-05
9.9956E-05 0.912674 0.0295386 0.057288 9.9956E-05 9.9956E-05 9.9956E-05 9.9956E-05
9.99472E-05 0.902288 0.0971119 9.99472E-05 9.99472E-05 9.99472E-05 9.99472E-05 9.99472E-05
0.0433993 0.9446 9.99561E-05 0.0115014 9.99561E-05 9.99561E-05 9.99561E-05 9.99561E-05
9.9956E-05 0.691668 0.263488 0.0443438 9.9956E-05 9.9956E-05 9.9956E-05 9.9956E-05
9.99473E-05 0.993845 9.99473E-05 0.00555539 9.99473E-05 9.99473E-05 9.99473E-05 9.99473E-05
9.9956E-05 0.667764 0.204996 0.12674 9.9956E-05 9.9956E-05 9.9956E-05 9.9956E-05
9.99561E-05 9.99561E-05 9.99561E-05 0.136482 9.99561E-05 0.0381544 0.824863 9.99561E-05
9.994E-05 0.9993 9.994E-05 9.994E-05 9.994E-05 9.994E-05 9.994E-05 9.994E-05
9.994E-05 0.9993 9.994E-05 9.994E-05 9.994E-05 9.994E-05 9.994E-05 9.994E-05
0.00559628 0.760544 0.0232771 0.186214 0.0240685 9.99736E-05 9.99736E-05 9.99736E-05
9.99473E-05 0.856146 9.99473E-05 0.143255 9.99473E-05 9.99473E-05 9.99473E-05 9.99473E-05
9.9956E-05 0.744087 0.201147 0.0542658 9.9956E-05 9.9956E-05 9.9956E-05 9.9956E-05
9.994E-05 0.9993 9.994E-05 9.994E-05 9.994E-05 9.994E-05 9.994E-05 9.994E-05
9.994E-05 0.9993 9.994E-05 9.994E-05 9.994E-05 9.994E-05 9.994E-05 9.994E-05
9.99472E-05 0.93907 9.99472E-05 0.06033 9.99472E-05 9.99472E-05 9.99472E-05 9.99472E-05
9.99561E-05 0.959169 0.0328154 0.00751583 9.99561E-05 9.99561E-05 9.99561E-05 9.99561E-05
9.99472E-05 0.961138 9.99472E-05 0.0382621 9.99472E-05 9.99472E-05 9.99472E-05 9.99472E-05
9.99472E-05 0.960343 0.0390576 9.99472E-05 9.99472E-05 9.99472E-05 9.99472E-05 9.99472E-05
9.9956E-05 0.899385 0.0255464 0.0745689 9.9956E-05 9.9956E-05 9.9956E-05 9.9956E-05
9.99561E-05 0.796969 0.168882 0.0336493 9.99561E-05 9.99561E-05 9.99561E-05 9.99561E-05
9.99473E-05 0.998532 9.99473E-05 0.000868008 9.99473E-05 9.99473E-05 9.99473E-05 9.99473E-05
9.9956E-05 0.818266 0.0891164 0.0921182 9.9956E-05 9.9956E-05 9.9956E-05 9.9956E-05
9.99473E-05 0.991815 0.00758527 9.99473E-05 9.99473E-05 9.99473E-05 9.99473E-05 9.99473E-05
9.994E-05 0.9993 9.994E-05 9.994E-05 9.994E-05 9.994E-05 9.994E-05 9.994E-05
9.994E-05 0.9993 9.994E-05 9.994E-05 9.994E-05 9.994E-05 9.994E-05 9.994E-05
0.00518966 0.604414 0.128797 0.175069 0.0862299 9.99736E-05 9.99736E-05 9.99736E-05
9.994E-05 0.9993 9.994E-05 9.994E-05 9.994E-05 9.994E-05 9.994E-05 9.994E-05
0.0930397 0.134495 0.0505045 0.180118 0.450559 9.99824E-05 9.99824E-05 0.0910834
9.99737E-05 0.0752399 0.214045 0.0843179 0.585932 9.99737E-05 9.99737E-05 0.0401649
0.270262 0.022008 0.272387 0.077481 0.357562 9.99737E-05 9.99737E-05 9.99737E-05
0.16104 0.0209858 0.132972 0.163104 0.448897 9.99825E-05 9.99825E-05 0.0728018
0.0962881 0.107633 0.159592 0.14156 0.448114 9.99825E-05 9.99825E-05 0.0466132
0.214506 0.0574829 0.0643969 0.213793 0.425522 9.99825E-05 9.99825E-05 0.0240989
0.111329 9.99737E-05 0.153523 0.208998 0.491231 9.99737E-05 9.99737E-05 0.0346192
0.117006 0.0422945 0.0622986 0.331144 0.446958 9.99737E-05 9.99737E-05 9.99737E-05
0.125093 0.0978933 0.407387 9.99737E-05 0.367446 9.99737E-05 9.99737E-05 0.00188061
0.457229 0.0254834 0.0834521 0.266665 9.99825E-05 0.0956722 9.99825E-05 0.071299
0.152085 0.161352 0.146352 0.1298 0.410111 9.99737E-05 9.99737E-05 9.99737E-05
0.138714 0.13835 0.204256 0.0544689 0.463911 9.99737E-05 9.99737E-05 9.99737E-05
0.178175 0.00197154 0.107836 0.253344 0.388122 9.99824E-05 9.99824E-05 0.0703508
0.199818 0.101048 0.0882566 0.197645 0.355109 9.998E-05 9.998E-05 0.0579234
0.0629259 0.124427 0.101998 0.147134 0.537588 9.99824E-05 9.99824E-05 0.0257262
0.157991 0.136768 0.0599783 0.280104 0.364859 9.99737E-05 9.99737E-05 9.99737E-05
0.0775432 0.115897 0.0923459 0.332922 0.380992 9.99737E-05 9.99737E-05 9.99737E-05
0.0342733 0.0577161 0.235797 0.154321 0.517593 9.99737E-05 9.99737E-05 9.99737E-05
0.111123 0.0385068 0.147061 0.239818 0.463191 9.99737E-05 9.99737E-05 9.99737E-05
0.165161 0.0139001 0.0699057 0.302398 0.370669 9.99824E-05 9.99824E-05 0.0777666
0.9993 9.994E-05 9.994E-05 9.994E-05 9.994E-05 9.994E-05 9.994E-05 9.994E-05
0.9993 9.994E-05 9.994E-05 9.994E-05 9.994E-05 9.994E-05 9.994E-05 9.994E-05
0.9993 9.994E-05 9.994E-05 9.994E-05 9.994E-05 9.994E-05 9.994E-05 9.994E-05
0.9993 9.994E-05 9.994E-05 9.994E-05 9.994E-05 9.994E-05 9.994E-05 9.994E-05
0.9993 9.994E-05 9.994E-05 9.994E-05 9.994E-05 9.994E-05 9.994E-05 9.994E-05
0.9993 9.994E-05 9.994E-05 9.994E-05 9.994E-05 9.994E-05 9.994E-05 9.994E-05
0.9993 9.994E-05 9.994E-05 9.994E-05 9.994E-05 9.994E-05 9.994E-05 9.994E-05
0.9993 9.994E-05 9.994E-05 9.994E-05 9.994E-05 9.994E-05 9.994E-05 9.994E-05
0.9993 9.994E-05 9.994E-05 9.994E-05 9.994E-05 9.994E-05 9.994E-05 9.994E-05
0.9993 9.994E-05 9.994E-05 9.994E-05 9.994E-05 9.994E-05 9.994E-05 9.994E-05
0.9993 9.994E-05 9.994E-05 9.994E-05 9.994E-05 9.994E-05 9.994E-05 9.994E-05
0.9993 9.994E-05 9.994E-05 9.994E-05 9.994E-05 9.994E-05 9.994E-05 9.994E-05
0.9993 9.994E-05 9.994E-05 9.994E-05 9.994E-05 9.994E-05 9.994E-05 9.994E-05
0.9993 9.994E-05 9.994E-05 9.994E-05 9.994E-05 9.994E-05 9.994E-05 9.994E-05
0.9993 9.994E-05 9.994E-05 9.994E-05 9.994E-05 9.994E-05 9.994E-05 9.994E-05
0.9993 9.994E-05 9.994E-05 9.994E-05 9.994E-05 9.994E-05 9.994E-05 9.994E-05
0.9993 9.994E-05 9.994E-05 9.994E-05 9.994E-05 9.994E-05 9.994E-05 9.994E-05
0.9993 9.994E-05 9.994E-05 9.994E-05 9.994E-05 9.994E-05 9.994E-05 9.994E-05
0.9993 9.994E-05 9.994E-05 9.994E-05 9.994E-05 9.994E-05 9.994E-05 9.994E-05
0.9993 9.994E-05 9.994E-05 9.994E-05 9.994E-05 9.994E-05 9.994E-05 9.994E-05
0.9993 9.994E-05 9.994E-05 9.994E-05 9.994E-05 9.994E-05 9.994E-05 9.994E-05
0.9993 9.994E-05 9.994E-05 9.994E-05 9.994E-05 9.994E-05 9.994E-05 9.994E-05
0.9993 9.994E-05 9.994E-05 9.994E-05 9.994E-05 9.994E-05 9.994E-05 9.994E-05
0.9993 9.994E-05 9.994E-05 9.994E-05 9.994E-05 9.994E-05 9.994E-05 9.994E-05
0.9993 9.994E-05 9.994E-05 9.994E-05 9.994E-05 9.994E-05 9.994E-05 9.994E-05
0.9993 9.994E-05 9.994E-05 9.994E-05 9.994E-05 9.994E-05 9.994E-05 9.994E-05
0.9993 9.994E-05 9.994E-05 9.994E-05 9.994E-05 9.994E-05 9.994E-05 9.994E-05
0.9993 9.994E-05 9.994E-05 9.994E-05 9.994E-05 9.994E-05 9.994E-05 9.994E-05
0.9993 9.994E-05 9.994E-05 9.994E-05 9.994E-05 9.994E-05 9.994E-05 9.994E-05
0.9993 9.994E-05 9.994E-05 9.994E-05 9.994E-05 9.994E-05 9.994E-05 9.994E-05
0.9993 9.994E-05 9.994E-05 9.994E-05 9.994E-05 9.994E-05 9.994E-05 9.994E-05
0.9993 9.994E-05 9.994E-05 9.994E-05 9.994E-05 9.994E-05 9.994E-05 9.994E-05
0.9993 9.994E-05 9.994E-05 9.994E-05 9.994E-05 9.994E-05 9.994E-05 9.994E-05
0.9993 9.994E-05 9.994E-05 9.994E-05 9.994E-05 9.994E-05 9.994E-05 9.994E-05
0.9993 9.994E-05 9.994E-05 9.994E-05 9.994E-05 9.994E-05 9.994E-05 9.994E-05
0.9993 9.994E-05 9.994E-05 9.994E-05 9.994E-05 9.994E-05 9.994E-05 9.994E-05
0.9993 9.994E-05 9.994E-05 9.994E-05 9.994E-05 9.994E-05 9.994E-05 9.994E-05
0.9993 9.994E-05 9.994E-05 9.994E-05 9.994E-05 9.994E-05 9.994E-05 9.994E-05
0.9993 9.994E-05 9.994E-05 9.994E-05 9.994E-05 9.994E-05 9.994E-05 9.994E-05
0.9993 9.994E-05 9.994E-05 9.994E-05 9.994E-05 9.994E-05 9.994E-05 9.994E-05
0.9993 9.994E-05 9.994E-05 9.994E-05 9.994E-05 9.994E-05 9.994E-05 9.994E-05
