0.028 0.192446 9.99648E-05 0.153664 9.99648E-05 9.99648E-05 0.62549 9.99648E-05
0.0117474 0.159756 9.99649E-05 0.0105281 9.99649E-05 9.99649E-05 0.817569 9.99649E-05
9.99561E-05 9.99561E-05 0.0700951 9.99561E-05 9.99561E-05 0.0415701 0.887835 9.99561E-05
0.0944079 9.99736E-05 0.461868 0.0112697 0.0905032 9.99736E-05 0.341651 9.99736E-05
0.0136591 9.99649E-05 0.0968392 9.99649E-05 0.0119255 9.99649E-05 0.877176 9.99649E-05
9.99824E-05 0.0573954 0.251099 0.0423619 0.15534 9.99824E-05 0.333387 0.160217
9.99737E-05 0.178411 0.325093 0.0488241 9.99737E-05 0.0877261 0.359645 9.99737E-05
9.99825E-05 0.0534858 0.178577 0.1895 0.1626 0.132416 0.28322 9.99825E-05
0.0987143 9.99737E-05 0.103909 9.99737E-05 0.327083 9.99737E-05 0.382812 0.0871823
9.99473E-05 9.99473E-05 9.99473E-05 0.0560219 9.99473E-05 9.99473E-05 0.943378 9.99473E-05
0.00603037 9.99736E-05 9.99736E-05 0.189393 0.0475016 9.99736E-05 0.667857 0.0889187
0.0107993 9.99649E-05 0.0163018 0.0150296 9.99649E-05 9.99649E-05 0.957469 9.99649E-05
9.99561E-05 9.99561E-05 0.00819517 9.99561E-05 9.99561E-05 9.99561E-05 0.952046 0.0392591
9.99649E-05 9.99649E-05 9.99649E-05 0.00613893 9.99649E-05 0.0478561 0.724077 0.221528
0.000897658 9.99737E-05 0.128283 9.99737E-05 0.128933 9.99737E-05 0.423316 0.318271
0.0230424 9.99912E-05 0.0273876 0.0224042 0.221941 0.0610726 0.371497 0.272555
9.99737E-05 0.108697 9.99737E-05 0.118043 0.00159904 9.99737E-05 0.67265 0.0987112
0.180859 9.99824E-05 0.0728028 0.202593 0.0892634 9.99824E-05 0.353313 0.100969
0.0255325 9.99736E-05 0.19458 0.0924288 0.170835 9.99736E-05 0.516324 9.99736E-05
0.00319583 9.99473E-05 9.99473E-05 9.99473E-05 9.99473E-05 9.99473E-05 0.996204 9.99473E-05
0.0277348 9.99737E-05 0.300582 0.0570957 0.114584 9.99737E-05 0.499704 9.99737E-05
9.99649E-05 0.0299809 0.358503 9.99649E-05 0.193894 9.99649E-05 0.417222 9.99649E-05
9.99649E-05 0.0769137 9.99649E-05 0.0358003 9.99649E-05 9.99649E-05 0.740334 0.146552
9.99649E-05 9.99649E-05 0.0863118 9.99649E-05 9.99649E-05 0.134845 0.515208 0.263236
0.154988 9.99824E-05 0.0676071 0.00266046 0.0798612 9.99824E-05 0.298366 0.396317
9.99561E-05 9.99561E-05 0.110326 9.99561E-05 9.99561E-05 9.99561E-05 0.625922 0.263252
9.999E-05 0.115893 0.0549019 0.12007 0.00855755 0.150937 0.0852308 0.464309
9.99561E-05 9.99561E-05 0.0724846 9.99561E-05 9.99561E-05 9.99561E-05 0.868056 0.0589595
0.101526 9.99561E-05 9.99561E-05 9.99561E-05 9.99561E-05 9.99561E-05 0.693981 0.203993
9.99561E-05 9.99561E-05 9.99561E-05 9.99561E-05 0.0255044 9.99561E-05 0.82514 0.148855
0.0300301 9.99649E-05 9.99649E-05 0.142173 0.0479038 9.99649E-05 0.779493 9.99649E-05
9.99561E-05 9.99561E-05 0.0958358 9.99561E-05 9.99561E-05 9.99561E-05 0.61057 0.293095
9.99648E-05 9.99648E-05 9.99648E-05 0.0956392 9.99648E-05 0.0636979 0.604823 0.235441
9.99649E-05 9.99649E-05 0.0617056 9.99649E-05 9.99649E-05 0.0495827 0.551532 0.33678
0.130046 9.99474E-05 9.99474E-05 9.99474E-05 9.99474E-05 9.99474E-05 0.869354 9.99474E-05
0.00382634 0.113769 0.133452 0.0474349 0.0313129 9.99824E-05 0.670005 9.99824E-05
0.000920525 9.99561E-05 9.99561E-05 9.99561E-05 9.99561E-05 0.0535174 0.945062 9.99561E-05
0.107849 9.99649E-05 9.99649E-05 9.99649E-05 0.130657 9.99649E-05 0.693278 0.0678158
9.99737E-05 0.0630495 0.0527414 9.99737E-05 0.0122039 9.99737E-05 0.584289 0.287416
9.99649E-05 9.99649E-05 9.99649E-05 0.0193211 9.99649E-05 0.0663728 0.562574 0.351332
9.99561E-05 9.99561E-05 0.0486266 9.99561E-05 0.0193428 9.99561E-05 0.931531 9.99561E-05
9.99649E-05 9.99649E-05 0.0133719 9.99649E-05 0.117006 9.99649E-05 0.805902 0.0633202
9.99473E-05 0.108039 9.99473E-05 9.99473E-05 9.99473E-05 9.99473E-05 0.891361 9.99473E-05
9.99824E-05 0.0282098 0.00523936 0.0637653 0.128224 9.99824E-05 0.595698 0.178664
0.0132785 9.99737E-05 0.363781 9.99737E-05 0.00326855 9.99737E-05 0.446096 0.173275
0.0568666 9.99561E-05 0.0162082 9.99561E-05 9.99561E-05 9.99561E-05 0.926425 9.99561E-05
9.99561E-05 9.99561E-05 9.99561E-05 0.0768859 0.039491 9.99561E-05 0.883123 9.99561E-05
0.0443782 9.99561E-05 9.99561E-05 9.99561E-05 9.99561E-05 0.0137525 0.941369 9.99561E-05
9.99649E-05 9.99649E-05 0.024774 0.0912854 9.99649E-05 9.99649E-05 0.784778 0.0987629
0.0251683 0.0627796 9.99737E-05 0.0309655 9.99737E-05 0.097859 0.782928 9.99737E-05
9.99736E-05 9.99736E-05 0.0820669 0.142234 0.0564682 9.99736E-05 0.331068 0.387863
0.0597345 9.99561E-05 0.227262 9.99561E-05 9.99561E-05 9.99561E-05 0.712504 9.99561E-05
9.99561E-05 9.99561E-05 9.99561E-05 0.0173414 9.99561E-05 0.0167905 0.965368 9.99561E-05
9.99825E-05 0.00889447 0.0289412 0.0706753 0.0603527 0.189082 0.641854 9.99825E-05
0.0096777 9.99737E-05 0.067701 9.99737E-05 0.0177704 9.99737E-05 0.824581 0.0799704
0.101363 9.99649E-05 0.0146523 9.99649E-05 9.99649E-05 9.99649E-05 0.661635 0.22195
9.99736E-05 9.99736E-05 0.0904869 0.0495508 0.0401992 0.0076823 0.811781 9.99736E-05
9.99474E-05 9.99474E-05 9.99474E-05 0.0787493 9.99474E-05 9.99474E-05 0.920651 9.99474E-05
9.99649E-05 9.99649E-05 9.99649E-05 0.038512 0.0507003 0.0159919 0.894396 9.99649E-05
9.99737E-05 0.379797 9.99737E-05 0.162266 0.0266298 9.99737E-05 0.118945 0.312063
9.99562E-05 0.381045 9.99562E-05 9.99562E-05 9.99562E-05 0.208484 0.409971 9.99562E-05
9.99737E-05 0.410002 9.99737E-05 0.154265 9.99737E-05 0.0718464 0.333631 0.0299558
9.99649E-05 0.492274 9.99649E-05 0.156145 0.146636 9.99649E-05 9.99649E-05 0.204544
0.156939 0.305102 0.0860815 0.0950027 0.141143 0.077046 0.138586 9.99912E-05
9.99649E-05 0.26749 9.99649E-05 0.147655 0.0508105 9.99649E-05 9.99649E-05 0.533646
0.0177464 0.649358 0.00156476 0.151598 9.99824E-05 9.99824E-05 0.0454347 0.134098
9.99649E-05 0.387777 9.99649E-05 0.312347 0.107741 9.99649E-05 9.99649E-05 0.191735
9.99737E-05 0.419978 9.99737E-05 0.0735519 9.99737E-05 0.0355106 0.23189 0.23877
0.0160485 0.365272 0.0143902 0.199806 0.018634 9.99912E-05 0.347957 0.0377929
0.00485195 0.259898 9.99736E-05 0.28182 0.0826661 9.99736E-05 9.99736E-05 0.370464
9.99824E-05 0.392239 0.229006 0.173663 0.0120739 0.0928208 0.0999972 9.99824E-05
0.0111342 0.206024 0.132891 0.193018 0.146867 0.0859523 0.0268761 0.197238
9.99736E-05 0.333314 0.136097 9.99736E-05 9.99736E-05 0.0988536 0.0722884 0.359147
9.99737E-05 0.251452 9.99737E-05 0.0882144 9.99737E-05 0.108196 0.342796 0.209042
9.99825E-05 0.418478 0.00493302 0.115702 0.0113264 9.99825E-05 0.235964 0.213396
9.99737E-05 0.293969 0.270445 9.99737E-05 9.99737E-05 0.124941 0.0130665 0.297279
9.99824E-05 0.0342228 0.118252 0.374453 0.170287 9.99824E-05 0.192934 0.109651
9.99824E-05 0.273585 0.0092859 0.283153 0.0136333 9.99824E-05 0.243742 0.176401
9.99648E-05 0.343105 9.99648E-05 0.0977907 9.99648E-05 0.159661 9.99648E-05 0.399043
9.99737E-05 0.411701 9.99737E-05 0.0702676 9.99737E-05 0.027294 0.318908 0.171529
9.99736E-05 0.344832 9.99736E-05 0.0983681 9.99736E-05 0.179619 0.0998192 0.277062
0.049414 0.188048 9.99737E-05 0.133121 9.99737E-05 9.99737E-05 0.214591 0.414526
9.99912E-05 0.125077 0.254191 0.0704297 0.0701481 0.0905236 0.200492 0.189039
9.99824E-05 0.0882545 0.0521218 0.268889 0.0468571 9.99824E-05 0.301094 0.242584
0.030995 0.42256 9.99825E-05 0.0336099 0.0261049 9.99825E-05 0.313614 0.172916
9.99737E-05 0.325068 9.99737E-05 0.0619063 9.99737E-05 0.0540639 0.464686 0.0939755
9.99737E-05 0.46953 0.0623068 9.99737E-05 9.99737E-05 0.0395016 0.317762 0.110599
0.0326182 0.181484 0.0485291 0.200066 0.054036 9.99912E-05 0.343452 0.139714
9.99737E-05 0.306233 9.99737E-05 0.0203459 0.148882 9.99737E-05 0.240951 0.283287
9.994E-05 9.994E-05 9.994E-05 9.994E-05 0.0994788 9.994E-05 9.994E-05 0.899922
9.99475E-05 9.99475E-05 9.99475E-05 9.99475E-05 0.0216965 9.99475E-05 9.99475E-05 0.977704
9.99473E-05 9.99473E-05 9.99473E-05 0.0868038 9.99473E-05 9.99473E-05 9.99473E-05 0.912597
9.9956E-05 9.9956E-05 9.9956E-05 0.0297422 0.12169 9.9956E-05 9.9956E-05 0.848069
9.99561E-05 9.99561E-05 9.99561E-05 9.99561E-05 0.145627 0.0334875 9.99561E-05 0.820386
9.99561E-05 0.00321477 9.99561E-05 9.99561E-05 0.232289 9.99561E-05 9.99561E-05 0.763996
9.99561E-05 9.99561E-05 9.99561E-05 0.0478667 0.137343 9.99561E-05 9.99561E-05 0.81429
0.00902059 9.99561E-05 9.99561E-05 9.99561E-05 0.254432 9.99561E-05 9.99561E-05 0.736048
9.99648E-05 0.356727 9.99648E-05 0.00207352 0.40554 9.99648E-05 9.99648E-05 0.235259
9.99473E-05 9.99473E-05 9.99473E-05 9.99473E-05 0.235343 9.99473E-05 9.99473E-05 0.764057
9.99562E-05 0.21492 9.99562E-05 9.99562E-05 0.00401316 9.99562E-05 9.99562E-05 0.780567
0.0579548 0.120468 9.99649E-05 0.0776942 9.99649E-05 9.99649E-05 9.99649E-05 0.743483
9.99562E-05 9.99562E-05 9.99562E-05 0.0531718 0.213195 9.99562E-05 9.99562E-05 0.733133
9.99474E-05 9.99474E-05 9.99474E-05 9.99474E-05 0.138371 9.99474E-05 9.99474E-05 0.861029
9.99649E-05 9.99649E-05 9.99649E-05 0.159863 0.119495 0.0115086 9.99649E-05 0.708734
9.99737E-05 0.0652679 9.99737E-05 0.0339192 0.0474559 0.00290217 9.99737E-05 0.850155
0.00164659 0.246303 9.99736E-05 0.0469856 0.100357 9.99736E-05 9.99736E-05 0.604407
9.99825E-05 9.99825E-05 0.00153367 0.0212272 0.163024 0.0721438 0.0206289 0.721242
9.99561E-05 9.99561E-05 0.007006 9.99561E-05 0.0902723 9.99561E-05 9.99561E-05 0.902222
0.100316 9.99649E-05 9.99649E-05 0.00901097 0.100207 9.99649E-05 9.99649E-05 0.790066
9.99649E-05 0.0281757 0.0960527 9.99649E-05 0.0595193 9.99649E-05 9.99649E-05 0.815852
9.99561E-05 9.99561E-05 9.99561E-05 0.0170305 0.120237 9.99561E-05 9.99561E-05 0.862233
0.102531 0.0341539 0.0568985 9.99736E-05 0.273835 9.99736E-05 9.99736E-05 0.532282
9.99474E-05 9.99474E-05 9.99474E-05 9.99474E-05 0.214264 9.99474E-05 9.99474E-05 0.785136
0.0922459 9.99561E-05 9.99561E-05 9.99561E-05 0.239586 9.99561E-05 9.99561E-05 0.667668
9.99649E-05 9.99649E-05 9.99649E-05 0.00102237 0.1656 0.000733702 9.99649E-05 0.832244
0.0727157 9.99476E-05 9.99476E-05 9.99476E-05 9.99476E-05 9.99476E-05 9.99476E-05 0.926685
9.9956E-05 9.9956E-05 0.0440253 9.9956E-05 0.161994 9.9956E-05 9.9956E-05 0.793481
9.99473E-05 9.99473E-05 9.99473E-05 9.99473E-05 0.294426 9.99473E-05 9.99473E-05 0.704975
0.0398538 9.99649E-05 9.99649E-05 0.0233916 0.017779 9.99649E-05 9.99649E-05 0.918576
9.99473E-05 9.99473E-05 9.99473E-05 9.99473E-05 0.0631089 9.99473E-05 9.99473E-05 0.936291
0.0225693 9.99649E-05 9.99649E-05 0.012061 9.99649E-05 0.00289861 9.99649E-05 0.962071
0.223431 9.99561E-05 9.99561E-05 9.99561E-05 0.325002 9.99561E-05 9.99561E-05 0.451067
0.143061 9.99561E-05 9.99561E-05 9.99561E-05 0.134416 9.99561E-05 9.99561E-05 0.722023
9.994E-05 9.994E-05 9.994E-05 9.994E-05 9.994E-05 9.994E-05 9.994E-05 0.9993
9.99825E-05 0.078047 0.00521819 0.0363728 0.092636 0.00575869 9.99825E-05 0.781767
9.9956E-05 9.9956E-05 9.9956E-05 0.0454903 0.130257 9.9956E-05 9.9956E-05 0.823753
9.99475E-05 9.99475E-05 9.99475E-05 9.99475E-05 0.0742621 9.99475E-05 9.99475E-05 0.925138
9.99474E-05 9.99474E-05 9.99474E-05 9.99474E-05 0.0255276 9.99474E-05 9.99474E-05 0.973873
9.99475E-05 9.99475E-05 9.99475E-05 9.99475E-05 0.0323121 9.99475E-05 9.99475E-05 0.967088
9.99562E-05 0.0884338 9.99562E-05 9.99562E-05 0.0229553 9.99562E-05 9.99562E-05 0.888111
9.9956E-05 0.114822 9.9956E-05 9.9956E-05 0.137617 9.9956E-05 9.9956E-05 0.747061
9.99649E-05 9.99649E-05 0.0466133 9.99649E-05 0.19847 0.0040481 9.99649E-05 0.750468
0.00725257 9.99562E-05 9.99562E-05 9.99562E-05 0.161444 9.99562E-05 9.99562E-05 0.830803
9.99475E-05 9.99475E-05 9.99475E-05 9.99475E-05 9.99475E-05 9.99475E-05 0.124457 0.874943
0.0800811 0.138456 9.99824E-05 0.104058 0.190259 0.0406442 9.99824E-05 0.446301
9.99562E-05 9.99562E-05 9.99562E-05 0.0750425 0.199687 9.99562E-05 9.99562E-05 0.72477
0.0232319 0.078117 9.99737E-05 9.99737E-05 0.199062 0.0882177 9.99737E-05 0.611072
0.0283322 9.99649E-05 9.99649E-05 0.0255012 0.277131 9.99649E-05 9.99649E-05 0.668636
9.994E-05 9.994E-05 9.994E-05 9.994E-05 9.994E-05 9.994E-05 9.994E-05 0.9993
9.99648E-05 9.99648E-05 0.164147 9.99648E-05 0.0122394 0.0240439 9.99648E-05 0.79917
9.99562E-05 0.0933713 9.99562E-05 9.99562E-05 0.0907615 9.99562E-05 9.99562E-05 0.815367
9.99474E-05 9.99474E-05 9.99474E-05 9.99474E-05 0.142255 9.99474E-05 9.99474E-05 0.857146
9.99649E-05 0.0560381 9.99649E-05 9.99649E-05 0.0989495 0.0951204 9.99649E-05 0.749492
0.0187997 9.99648E-05 0.0373382 0.0684815 9.99648E-05 9.99648E-05 9.99648E-05 0.874981
9.9956E-05 0.138055 9.9956E-05 9.9956E-05 0.242429 9.9956E-05 9.9956E-05 0.619016
9.99473E-05 9.99473E-05 9.99473E-05 9.99473E-05 0.156163 9.99473E-05 9.99473E-05 0.843237
0.0112107 9.99649E-05 9.99649E-05 0.0157746 0.0994587 9.99649E-05 9.99649E-05 0.873156
0.140227 9.99473E-05 9.99473E-05 9.99473E-05 9.99473E-05 9.99473E-05 9.99473E-05 0.859173
9.99474E-05 9.99474E-05 9.99474E-05 9.99474E-05 0.200686 9.99474E-05 9.99474E-05 0.798714
0.0537495 9.99472E-05 9.99472E-05 9.99472E-05 9.99472E-05 9.99472E-05 9.99472E-05 0.945651
9.994E-05 9.994E-05 9.994E-05 9.994E-05 0.9993 9.994E-05 9.994E-05 9.994E-05
0.000695748 9.99472E-05 9.99472E-05 9.99472E-05 9.99472E-05 9.99472E-05 9.99472E-05 0.998705
9.994E-05 9.994E-05 9.994E-05 9.994E-05 0.9993 9.994E-05 9.994E-05 9.994E-05
9.994E-05 9.994E-05 9.994E-05 9.994E-05 0.9993 9.994E-05 9.994E-05 9.994E-05
9.994E-05 9.994E-05 9.994E-05 9.994E-05 0.9993 9.994E-05 9.994E-05 9.994E-05
0.00902214 9.99472E-05 9.99472E-05 9.99472E-05 9.99472E-05 9.99472E-05 9.99472E-05 0.990378
9.994E-05 9.994E-05 9.994E-05 9.994E-05 0.9993 9.994E-05 9.994E-05 9.994E-05
9.994E-05 9.994E-05 9.994E-05 9.994E-05 0.9993 9.994E-05 9.994E-05 9.994E-05
9.9956E-05 9.9956E-05 9.9956E-05 0.025616 0.0128799 9.9956E-05 9.9956E-05 0.961004
0.00745652 9.9956E-05 9.9956E-05 9.9956E-05 0.0272039 9.9956E-05 9.9956E-05 0.96484
9.994E-05 9.994E-05 9.994E-05 9.994E-05 9.994E-05 9.994E-05 9.994E-05 0.9993
9.994E-05 9.994E-05 9.994E-05 9.994E-05 0.9993 9.994E-05 9.994E-05 9.994E-05
9.994E-05 9.994E-05 9.994E-05 9.994E-05 0.9993 9.994E-05 9.994E-05 9.994E-05
0.0192108 9.99472E-05 9.99472E-05 9.99472E-05 9.99472E-05 9.99472E-05 9.99472E-05 0.98019
9.994E-05 9.994E-05 9.994E-05 9.994E-05 9.994E-05 9.994E-05 9.994E-05 0.9993
0.00419965 9.99824E-05 0.269589 0.000552071 0.132185 0.0515004 9.99824E-05 0.541774
0.0428448 0.00332964 9.9956E-05 9.9956E-05 9.9956E-05 9.9956E-05 9.9956E-05 0.953326
9.994E-05 9.994E-05 9.994E-05 9.994E-05 0.9993 9.994E-05 9.994E-05 9.994E-05
0.0201892 9.99472E-05 9.99472E-05 9.99472E-05 9.99472E-05 9.99472E-05 9.99472E-05 0.979211
0.025854 9.9956E-05 9.9956E-05 9.9956E-05 0.0494041 9.9956E-05 9.9956E-05 0.924242
0.0384938 9.99472E-05 9.99472E-05 9.99472E-05 9.99472E-05 9.99472E-05 9.99472E-05 0.960907
9.994E-05 9.994E-05 9.994E-05 9.994E-05 0.9993 9.994E-05 9.994E-05 9.994E-05
0.0651379 9.9956E-05 9.9956E-05 9.9956E-05 0.0372036 9.9956E-05 9.9956E-05 0.897159
9.994E-05 9.994E-05 9.994E-05 9.994E-05 0.9993 9.994E-05 9.994E-05 9.994E-05
0.00889351 9.9956E-05 9.9956E-05 9.9956E-05 0.00141318 9.9956E-05 9.9956E-05 0.989194
0.0488929 9.99472E-05 9.99472E-05 9.99472E-05 9.99472E-05 9.99472E-05 9.99472E-05 0.950507
9.994E-05 9.994E-05 9.994E-05 9.994E-05 0.9993 9.994E-05 9.994E-05 9.994E-05
9.994E-05 9.994E-05 9.994E-05 9.994E-05 0.9993 9.994E-05 9.994E-05 9.994E-05
9.994E-05 9.994E-05 9.994E-05 9.994E-05 0.9993 9.994E-05 9.994E-05 9.994E-05
0.0146666 9.99472E-05 9.99472E-05 9.99472E-05 9.99472E-05 9.99472E-05 9.99472E-05 0.984734
9.994E-05 9.994E-05 9.994E-05 9.994E-05 9.994E-05 9.994E-05 9.994E-05 0.9993
0.00591695 9.99472E-05 9.99472E-05 9.99472E-05 9.99472E-05 9.99472E-05 9.99472E-05 0.993483
9.9956E-05 9.9956E-05 9.9956E-05 9.9956E-05 0.0329013 0.00177988 9.9956E-05 0.964819
0.0431645 9.9956E-05 9.9956E-05 9.9956E-05 0.00553298 9.9956E-05 9.9956E-05 0.950803
9.994E-05 9.994E-05 9.994E-05 9.994E-05 0.9993 9.994E-05 9.994E-05 9.994E-05
9.994E-05 9.994E-05 9.994E-05 9.994E-05 0.9993 9.994E-05 9.994E-05 9.994E-05
9.994E-05 9.994E-05 9.994E-05 9.994E-05 0.9993 9.994E-05 9.994E-05 9.994E-05
9.994E-05 9.994E-05 9.994E-05 9.994E-05 9.994E-05 9.994E-05 9.994E-05 0.9993
9.994E-05 9.994E-05 9.994E-05 9.994E-05 0.9993 9.994E-05 9.994E-05 9.994E-05
9.994E-05 9.994E-05 9.994E-05 9.994E-05 0.9993 9.994E-05 9.994E-05 9.994E-05
9.994E-05 9.994E-05 9.994E-05 9.994E-05 0.9993 9.994E-05 9.994E-05 9.994E-05
9.994E-05 9.994E-05 9.994E-05 9.994E-05 0.9993 9.994E-05 9.994E-05 9.994E-05
9.994E-05 9.994E-05 9.994E-05 9.994E-05 9.994E-05 9.994E-05 9.994E-05 0.9993
9.994E-05 9.994E-05 9.994E-05 9.994E-05 0.9993 9.994E-05 9.994E-05 9.994E-05
9.994E-05 9.994E-05 9.994E-05 9.994E-05 0.9993 9.994E-05 9.994E-05 9.994E-05
0.0858784 9.99736E-05 0.0745538 9.99736E-05 0.139665 0.0486752 9.99736E-05 0.650927
9.994E-05 9.994E-05 9.994E-05 9.994E-05 9.994E-05 9.994E-05 9.994E-05 0.9993
9.994E-05 9.994E-05 9.994E-05 9.994E-05 0.9993 9.994E-05 9.994E-05 9.994E-05
9.994E-05 9.994E-05 9.994E-05 9.994E-05 0.9993 9.994E-05 9.994E-05 9.994E-05
9.994E-05 9.994E-05 9.994E-05 9.994E-05 0.9993 9.994E-05 9.994E-05 9.994E-05
9.994E-05 9.994E-05 9.994E-05 9.994E-05 0.9993 9.994E-05 9.994E-05 9.994E-05
9.994E-05 9.994E-05 9.994E-05 9.994E-05 9.994E-05 9.994E-05 9.994E-05 0.9993
9.994E-05 9.994E-05 9.994E-05 9.994E-05 0.9993 9.994E-05 9.994E-05 9.994E-05
0.0450465 9.99472E-05 9.99472E-05 9.99472E-05 9.99472E-05 9.99472E-05 9.99472E-05 0.954354
9.994E-05 9.994E-05 9.994E-05 9.994E-05 0.9993 9.994E-05 9.994E-05 9.994E-05
9.994E-05 9.994E-05 9.994E-05 9.994E-05 9.994E-05 9.994E-05 9.994E-05 0.9993
9.994E-05 9.994E-05 9.994E-05 9.994E-05 0.9993 9.994E-05 9.994E-05 9.994E-05
9.994E-05 9.994E-05 9.994E-05 9.994E-05 0.9993 9.994E-05 9.994E-05 9.994E-05
9.994E-05 9.994E-05 9.994E-05 9.994E-05 0.9993 9.994E-05 9.994E-05 9.994E-05
9.994E-05 9.994E-05 9.994E-05 9.994E-05 0.9993 9.994E-05 9.994E-05 9.994E-05
9.994E-05 9.994E-05 9.994E-05 9.994E-05 0.9993 9.994E-05 9.994E-05 9.994E-05
9.994E-05 9.994E-05 9.994E-05 9.994E-05 0.9993 9.994E-05 9.994E-05 9.994E-05
9.99472E-05 9.99472E-05 0.03653 9.99472E-05 9.99472E-05 9.99472E-05 9.99472E-05 0.96287
0.0291761 9.99472E-05 9.99472E-05 9.99472E-05 9.99472E-05 9.99472E-05 9.99472E-05 0.970224
0.0494031 9.99472E-05 9.99472E-05 9.99472E-05 9.99472E-05 9.99472E-05 9.99472E-05 0.949997
9.994E-05 9.994E-05 9.994E-05 9.994E-05 0.9993 9.994E-05 9.994E-05 9.994E-05
9.994E-05 9.994E-05 9.994E-05 9.994E-05 9.994E-05 9.994E-05 9.994E-05 0.9993
0.0251191 9.99472E-05 9.99472E-05 9.99472E-05 9.99472E-05 9.99472E-05 9.99472E-05 0.974281
0.105762 9.99648E-05 9.99648E-05 9.99648E-05 0.0536369 0.00273491 9.99648E-05 0.837467
9.994E-05 9.994E-05 9.994E-05 9.994E-05 0.9993 9.994E-05 9.994E-05 9.994E-05
9.994E-05 9.994E-05 9.994E-05 9.994E-05 0.9993 9.994E-05 9.994E-05 9.994E-05
9.994E-05 9.994E-05 9.994E-05 9.994E-05 0.9993 9.994E-05 9.994E-05 9.994E-05
9.994E-05 9.994E-05 9.994E-05 9.994E-05 9.994E-05 9.994E-05 9.994E-05 0.9993
9.994E-05 9.994E-05 9.994E-05 9.994E-05 0.9993 9.994E-05 9.994E-05 9.994E-05
9.994E-05 9.994E-05 9.994E-05 9.994E-05 0.9993 9.994E-05 9.994E-05 9.994E-05
0.034119 9.99472E-05 9.99472E-05 9.99472E-05 9.99472E-05 9.99472E-05 9.99472E-05 0.965281
9.994E-05 9.994E-05 9.994E-05 9.994E-05 0.9993 9.994E-05 9.994E-05 9.994E-05
9.994E-05 9.994E-05 9.994E-05 9.994E-05 0.9993 9.994E-05 9.994E-05 9.994E-05
0.00061247 9.99736E-05 9.99736E-05 0.209352 0.119585 0.0167 9.99736E-05 0.653451
0.00846088 9.99472E-05 9.99472E-05 9.99472E-05 9.99472E-05 9.99472E-05 9.99472E-05 0.990939
9.994E-05 9.994E-05 9.994E-05 9.994E-05 0.9993 9.994E-05 9.994E-05 9.994E-05
9.99649E-05 9.99649E-05 9.99649E-05 0.0310216 0.390966 0.0434692 9.99649E-05 0.534144
0.0630529 9.99649E-05 9.99649E-05 9.99649E-05 0.280868 0.0277893 9.99649E-05 0.62789
9.99472E-05 9.99472E-05 9.99472E-05 9.99472E-05 0.161089 9.99472E-05 9.99472E-05 0.838312
0.00776913 9.9956E-05 9.9956E-05 9.9956E-05 9.9956E-05 0.0522478 9.9956E-05 0.939483
0.0874156 0.127461 9.99648E-05 9.99648E-05 0.283811 9.99648E-05 9.99648E-05 0.500913
9.9965E-05 0.0445452 9.9965E-05 9.9965E-05 0.10666 9.9965E-05 0.00679503 0.841599
9.99561E-05 9.99561E-05 0.0572421 9.99561E-05 0.317795 9.99561E-05 9.99561E-05 0.624463
0.0141745 9.99648E-05 9.99648E-05 0.0960171 0.175971 9.99648E-05 9.99648E-05 0.713438
9.99474E-05 9.99474E-05 9.99474E-05 9.99474E-05 0.170806 9.99474E-05 9.99474E-05 0.828594
9.99473E-05 9.99473E-05 0.100682 9.99473E-05 9.99473E-05 9.99473E-05 9.99473E-05 0.898718
9.99561E-05 9.99561E-05 9.99561E-05 0.0149434 0.0727031 9.99561E-05 9.99561E-05 0.911854
9.99473E-05 9.99473E-05 9.99473E-05 9.99473E-05 0.560595 9.99473E-05 9.99473E-05 0.438805
9.99649E-05 0.0356545 9.99649E-05 9.99649E-05 0.278098 0.142322 9.99649E-05 0.543526
9.9956E-05 9.9956E-05 9.9956E-05 0.0613928 0.068336 9.9956E-05 9.9956E-05 0.869771
9.99473E-05 9.99473E-05 9.99473E-05 9.99473E-05 0.115082 9.99473E-05 9.99473E-05 0.884318
9.99649E-05 0.140898 0.012034 9.99649E-05 0.310984 9.99649E-05 9.99649E-05 0.535684
9.99561E-05 0.0622439 9.99561E-05 9.99561E-05 0.101582 9.99561E-05 9.99561E-05 0.835674
0.0731255 9.99649E-05 9.99649E-05 0.128874 0.0472082 9.99649E-05 9.99649E-05 0.750392
0.100163 0.171993 9.99648E-05 9.99648E-05 0.151682 9.99648E-05 9.99648E-05 0.575762
9.99561E-05 9.99561E-05 0.0157932 9.99561E-05 0.149928 9.99561E-05 9.99561E-05 0.833779
0.0213465 0.0901193 0.0265988 9.99736E-05 0.135946 9.99736E-05 9.99736E-05 0.725689
9.99649E-05 0.0340948 9.99649E-05 9.99649E-05 0.243113 0.0383806 9.99649E-05 0.684011
0.0314269 9.99736E-05 9.99736E-05 0.0387251 0.181471 0.064087 9.99736E-05 0.68399
9.9956E-05 9.9956E-05 9.9956E-05 0.0122973 0.158523 9.9956E-05 9.9956E-05 0.82868
9.9956E-05 9.9956E-05 9.9956E-05 0.116463 0.0533839 9.9956E-05 9.9956E-05 0.829653
9.99562E-05 0.208373 9.99562E-05 9.99562E-05 0.0698426 9.99562E-05 9.99562E-05 0.721285
9.9956E-05 9.9956E-05 0.132295 9.9956E-05 0.0163865 9.9956E-05 9.9956E-05 0.850819
0.0046687 9.99649E-05 9.99649E-05 9.99649E-05 0.24806 0.034948 9.99649E-05 0.711923
9.99473E-05 9.99473E-05 0.106231 9.99473E-05 9.99473E-05 9.99473E-05 9.99473E-05 0.893169
0.0664086 9.99649E-05 9.99649E-05 0.0681918 0.178719 9.99649E-05 9.99649E-05 0.686281
9.99648E-05 0.0928588 0.0821213 9.99648E-05 0.389187 9.99648E-05 9.99648E-05 0.435433
9.99473E-05 9.99473E-05 9.99473E-05 9.99473E-05 0.285314 9.99473E-05 9.99473E-05 0.714086
9.99648E-05 0.178685 0.0174868 9.99648E-05 0.188036 9.99648E-05 9.99648E-05 0.615393
9.99649E-05 9.99649E-05 0.000447679 0.094139 0.209374 9.99649E-05 9.99649E-05 0.69564
9.99561E-05 9.99561E-05 9.99561E-05 0.293947 0.0611066 9.99561E-05 9.99561E-05 0.644447
9.994E-05 9.994E-05 9.994E-05 9.994E-05 9.994E-05 9.994E-05 9.994E-05 0.9993
9.994E-05 9.994E-05 9.994E-05 9.994E-05 9.994E-05 9.994E-05 9.994E-05 0.9993
9.99648E-05 0.10024 9.99648E-05 0.132384 9.99648E-05 0.0722557 9.99648E-05 0.69472
0.00279438 9.99649E-05 9.99649E-05 9.99649E-05 0.0516072 0.113037 9.99649E-05 0.832161
9.99561E-05 9.99561E-05 0.246683 9.99561E-05 0.247212 9.99561E-05 9.99561E-05 0.505605
9.99472E-05 9.99472E-05 9.99472E-05 9.99472E-05 0.0487089 9.99472E-05 9.99472E-05 0.950691
0.0279104 0.021463 0.072671 9.99737E-05 0.0629445 9.99737E-05 9.99737E-05 0.814711
9.99561E-05 9.99561E-05 0.123203 9.99561E-05 0.228321 9.99561E-05 9.99561E-05 0.647977
9.99561E-05 0.00762 9.99561E-05 9.99561E-05 0.529688 9.99561E-05 9.99561E-05 0.462192
9.99648E-05 0.0890547 9.99648E-05 0.00946218 0.365069 9.99648E-05 9.99648E-05 0.536014
9.9956E-05 9.9956E-05 9.9956E-05 0.0630761 0.209572 9.9956E-05 9.9956E-05 0.726852
9.994E-05 9.994E-05 9.994E-05 9.994E-05 9.994E-05 9.994E-05 9.994E-05 0.9993
9.99473E-05 9.99473E-05 9.99473E-05 9.99473E-05 0.271482 9.99473E-05 9.99473E-05 0.727918
9.99562E-05 9.99562E-05 9.99562E-05 0.0173545 0.0785955 9.99562E-05 9.99562E-05 0.90355
9.99736E-05 0.159914 0.0695814 9.99736E-05 0.168543 0.156328 9.99736E-05 0.445333
9.9965E-05 0.129975 9.9965E-05 0.0419328 0.00338406 9.9965E-05 9.9965E-05 0.824308
9.994E-05 9.994E-05 9.994E-05 9.994E-05 9.994E-05 9.994E-05 9.994E-05 0.9993
9.9956E-05 0.234162 0.136344 9.9956E-05 9.9956E-05 9.9956E-05 9.9956E-05 0.628994
9.99561E-05 0.230491 9.99561E-05 9.99561E-05 0.161983 9.99561E-05 9.99561E-05 0.607026
9.99561E-05 9.99561E-05 0.18649 9.99561E-05 0.0787424 9.99561E-05 9.99561E-05 0.734267
9.99473E-05 9.99473E-05 9.99473E-05 9.99473E-05 0.34833 9.99473E-05 9.99473E-05 0.65107
9.99475E-05 0.088873 9.99475E-05 9.99475E-05 9.99475E-05 9.99475E-05 9.99475E-05 0.910527
9.99474E-05 9.99474E-05 9.99474E-05 9.99474E-05 0.206957 9.99474E-05 9.99474E-05 0.792443
9.99473E-05 9.99473E-05 9.99473E-05 9.99473E-05 0.322578 9.99473E-05 9.99473E-05 0.676822
9.99561E-05 0.137098 9.99561E-05 9.99561E-05 0.240795 9.99561E-05 9.99561E-05 0.621607
9.994E-05 9.994E-05 9.994E-05 9.994E-05 9.994E-05 9.994E-05 9.994E-05 0.9993
9.99475E-05 9.99475E-05 9.99475E-05 9.99475E-05 0.131059 9.99475E-05 9.99475E-05 0.868341
9.99475E-05 9.99475E-05 9.99475E-05 9.99475E-05 9.99475E-05 9.99475E-05 0.0679109 0.931489
9.99561E-05 9.99561E-05 9.99561E-05 0.0342081 0.104383 9.99561E-05 9.99561E-05 0.860909
0.0567431 9.99561E-05 9.99561E-05 9.99561E-05 0.201843 9.99561E-05 9.99561E-05 0.740914
9.99474E-05 9.99474E-05 9.99474E-05 9.99474E-05 0.273624 9.99474E-05 9.99474E-05 0.725777
9.99474E-05 9.99474E-05 9.99474E-05 9.99474E-05 0.0239544 9.99474E-05 9.99474E-05 0.975446
9.99649E-05 0.0465105 0.0419765 9.99649E-05 0.257997 9.99649E-05 9.99649E-05 0.653116
9.9956E-05 9.9956E-05 9.9956E-05 0.0367637 0.0561383 9.9956E-05 9.9956E-05 0.906598
9.99474E-05 0.278379 9.99474E-05 9.99474E-05 9.99474E-05 9.99474E-05 9.99474E-05 0.721022
0.0492378 0.282968 9.99649E-05 9.99649E-05 0.0485827 9.99649E-05 9.99649E-05 0.618812
9.99562E-05 0.0797439 9.99562E-05 9.99562E-05 9.99562E-05 9.99562E-05 0.160638 0.759119
9.99473E-05 9.99473E-05 9.99473E-05 9.99473E-05 0.275258 9.99473E-05 9.99473E-05 0.724142
9.99649E-05 0.195424 9.99649E-05 0.023182 9.99649E-05 0.166971 9.99649E-05 0.614023
9.99474E-05 0.0710261 9.99474E-05 9.99474E-05 9.99474E-05 9.99474E-05 9.99474E-05 0.928374
9.995E-05 0.184807 9.995E-05 9.995E-05 0.140008 9.995E-05 9.995E-05 0.674684
9.99562E-05 0.220084 9.99562E-05 9.99562E-05 9.99562E-05 9.99562E-05 0.0818768 0.697539
9.994E-05 9.994E-05 9.994E-05 9.994E-05 9.994E-05 9.994E-05 9.994E-05 0.9993
9.99475E-05 0.304963 9.99475E-05 9.99475E-05 9.99475E-05 9.99475E-05 9.99475E-05 0.694438
9.99473E-05 9.99473E-05 9.99473E-05 9.99473E-05 0.399264 9.99473E-05 9.99473E-05 0.600136
9.99561E-05 9.99561E-05 0.0932726 9.99561E-05 0.207528 9.99561E-05 9.99561E-05 0.6987
0.0273811 9.99736E-05 0.080333 0.0867154 0.195412 9.99736E-05 9.99736E-05 0.609859
9.99475E-05 0.175962 9.99475E-05 9.99475E-05 9.99475E-05 9.99475E-05 9.99475E-05 0.823438
9.99474E-05 9.99474E-05 9.99474E-05 9.99474E-05 0.266317 9.99474E-05 9.99474E-05 0.733084
0.12668 0.110921 9.99736E-05 0.0669535 0.0967044 9.99736E-05 9.99736E-05 0.598441
9.99474E-05 0.144948 9.99474E-05 9.99474E-05 9.99474E-05 9.99474E-05 9.99474E-05 0.854452
9.99473E-05 9.99473E-05 9.99473E-05 0.112098 9.99473E-05 9.99473E-05 9.99473E-05 0.887303
9.9956E-05 9.9956E-05 9.9956E-05 0.0329457 0.352906 9.9956E-05 9.9956E-05 0.613649
9.99561E-05 9.99561E-05 9.99561E-05 9.99561E-05 0.104979 0.139198 9.99561E-05 0.755323
9.99472E-05 9.99472E-05 9.99472E-05 9.99472E-05 0.233835 9.99472E-05 9.99472E-05 0.765565
0.172868 0.145139 9.99649E-05 9.99649E-05 0.0689114 9.99649E-05 9.99649E-05 0.612682
9.99736E-05 0.263675 9.99736E-05 0.0460501 0.0383533 0.0197577 9.99736E-05 0.631864
9.99649E-05 0.0649243 9.99649E-05 9.99649E-05 0.354313 9.99649E-05 0.0222298 0.558133
0.070675 0.239416 9.99824E-05 0.136478 0.0239047 0.0448563 9.99824E-05 0.48447
9.99562E-05 0.198692 9.99562E-05 9.99562E-05 0.197764 9.99562E-05 9.99562E-05 0.603044
9.99474E-05 0.309035 9.99474E-05 9.99474E-05 9.99474E-05 9.99474E-05 9.99474E-05 0.690365
9.99561E-05 9.99561E-05 0.267085 9.99561E-05 0.316376 9.99561E-05 9.99561E-05 0.41604
9.99648E-05 9.99648E-05 0.112224 0.0571446 0.0430873 9.99648E-05 9.99648E-05 0.787144
9.99473E-05 9.99473E-05 9.99473E-05 0.0185468 9.99473E-05 9.99473E-05 9.99473E-05 0.980854
9.99649E-05 0.0413507 0.0345745 9.99649E-05 0.129161 9.99649E-05 9.99649E-05 0.794514
0.0476564 9.99824E-05 0.0403745 0.202673 0.248404 0.0268535 9.99824E-05 0.43384
9.99473E-05 9.99473E-05 9.99473E-05 9.99473E-05 0.0562348 9.99473E-05 9.99473E-05 0.943166
0.15019 0.145973 9.99736E-05 0.0951424 0.0965986 9.99736E-05 9.99736E-05 0.511797
9.99562E-05 0.174543 9.99562E-05 9.99562E-05 0.0874544 9.99562E-05 9.99562E-05 0.737503
9.9965E-05 0.154476 9.9965E-05 9.9965E-05 0.114383 9.9965E-05 0.0251222 0.705619
9.99562E-05 0.0917206 9.99562E-05 9.99562E-05 0.151248 9.99562E-05 9.99562E-05 0.756532
9.99648E-05 0.256321 9.99648E-05 0.156134 9.99648E-05 0.0751842 9.99648E-05 0.511961
9.99563E-05 0.280345 9.99563E-05 9.99563E-05 0.0178852 9.99563E-05 9.99563E-05 0.70127
9.99562E-05 0.0670056 9.99562E-05 9.99562E-05 0.0624711 9.99562E-05 9.99562E-05 0.870024
0.0527057 9.99649E-05 9.99649E-05 0.0330834 0.103066 9.99649E-05 9.99649E-05 0.810745
9.99473E-05 9.99473E-05 9.99473E-05 9.99473E-05 0.0587365 9.99473E-05 9.99473E-05 0.940664
9.994E-05 9.994E-05 9.994E-05 9.994E-05 9.994E-05 9.994E-05 9.994E-05 0.9993
9.99561E-05 9.99561E-05 0.0822288 9.99561E-05 0.0794643 9.99561E-05 9.99561E-05 0.837807
9.99561E-05 9.99561E-05 0.06614 9.99561E-05 0.0635802 9.99561E-05 9.99561E-05 0.86978
0.165036 9.99561E-05 9.99561E-05 0.0374227 9.99561E-05 9.99561E-05 9.99561E-05 0.797041
9.99561E-05 0.136979 9.99561E-05 9.99561E-05 0.339194 9.99561E-05 9.99561E-05 0.523328
9.99648E-05 0.0859169 0.0262091 9.99648E-05 0.168297 9.99648E-05 9.99648E-05 0.719177
9.99561E-05 9.99561E-05 9.99561E-05 0.114466 0.00174437 9.99561E-05 9.99561E-05 0.88329
0.025315 9.99649E-05 9.99649E-05 0.0215509 0.044108 9.99649E-05 9.99649E-05 0.908626
0.0320125 0.106204 0.060983 9.99736E-05 9.99736E-05 0.0734796 9.99736E-05 0.727021
9.9956E-05 9.9956E-05 0.0262674 0.131761 9.9956E-05 9.9956E-05 9.9956E-05 0.841472
9.9956E-05 9.9956E-05 9.9956E-05 0.0759441 0.224263 9.9956E-05 9.9956E-05 0.699293
0.000810218 0.347261 0.05437 9.99736E-05 0.0361486 9.99736E-05 9.99736E-05 0.56111
9.99561E-05 9.99561E-05 0.17358 9.99561E-05 0.174755 9.99561E-05 9.99561E-05 0.651166
9.99561E-05 0.281161 9.99561E-05 9.99561E-05 0.079527 9.99561E-05 9.99561E-05 0.638812
9.99561E-05 9.99561E-05 9.99561E-05 0.0859436 0.247848 9.99561E-05 9.99561E-05 0.665708
0.0149156 0.0202993 9.99649E-05 0.0118583 9.99649E-05 9.99649E-05 9.99649E-05 0.952527
9.99563E-05 0.224818 9.99563E-05 9.99563E-05 0.115742 9.99563E-05 9.99563E-05 0.65894
0.00594964 0.00743562 0.00677582 0.0880384 0.234692 0.0359099 9.99912E-05 0.621099
0.0519962 0.171266 9.99648E-05 9.99648E-05 0.0463535 9.99648E-05 9.99648E-05 0.729984
9.99649E-05 0.460166 0.191262 9.99649E-05 0.146894 9.99649E-05 9.99649E-05 0.201278
9.99561E-05 0.526408 0.268788 9.99561E-05 9.99561E-05 9.99561E-05 9.99561E-05 0.204304
0.0388917 0.522106 0.192949 9.99824E-05 0.0853963 0.0216364 9.99824E-05 0.138821
9.9965E-05 0.589702 9.9965E-05 0.0791637 9.9965E-05 0.113186 9.9965E-05 0.217548
0.0310162 0.417148 9.99824E-05 0.151478 0.0315716 0.16043 9.99824E-05 0.208157
9.99737E-05 0.416704 0.0287758 9.99737E-05 0.0718974 9.99737E-05 0.25363 0.228693
9.99736E-05 0.160626 0.0541757 0.0443054 0.236937 9.99736E-05 9.99736E-05 0.503656
9.99737E-05 0.643317 9.99737E-05 0.0615808 0.0255835 0.116179 9.99737E-05 0.153041
9.99737E-05 0.486352 9.99737E-05 0.144743 9.99737E-05 0.0600493 0.131857 0.176699
9.99648E-05 0.602806 0.16612 9.99648E-05 0.0884676 9.99648E-05 9.99648E-05 0.142206
0.0100463 0.231733 0.17662 0.164857 0.0710825 9.99824E-05 9.99824E-05 0.345461
0.152906 0.386305 9.99649E-05 9.99649E-05 9.99649E-05 9.99649E-05 0.117498 0.34289
9.99737E-05 0.322304 0.0342337 9.99737E-05 0.0758697 0.151307 9.99737E-05 0.415985
9.99562E-05 0.612218 9.99562E-05 9.99562E-05 9.99562E-05 9.99562E-05 0.277029 0.110254
0.0243649 0.337476 0.0688693 0.147681 9.99824E-05 9.99824E-05 0.00599086 0.415417
9.99736E-05 0.446995 0.27608 9.99736E-05 0.130611 9.99736E-05 0.00592422 0.14009
9.99736E-05 0.547616 0.104514 9.99736E-05 0.054237 9.99736E-05 0.0291048 0.264228
9.99737E-05 0.523546 0.206848 9.99737E-05 9.99737E-05 0.101346 0.071196 0.0967648
0.0241429 0.396309 9.99824E-05 0.191243 0.0872237 0.0425782 9.99824E-05 0.258304
9.99649E-05 0.523219 0.162401 9.99649E-05 0.0813556 9.99649E-05 9.99649E-05 0.232624
9.99737E-05 0.393332 9.99737E-05 0.17131 0.0847727 9.99737E-05 0.078616 0.27167
9.99649E-05 0.382234 0.141687 9.99649E-05 9.99649E-05 9.99649E-05 0.130856 0.344823
0.0428628 0.244238 0.0460435 0.125366 0.00320622 9.99912E-05 0.0945596 0.443623
9.9956E-05 0.964 0.0167777 0.018723 9.9956E-05 9.9956E-05 9.9956E-05 9.9956E-05
0.0258363 0.972743 9.9956E-05 9.9956E-05 0.000920678 9.9956E-05 9.9956E-05 9.9956E-05
9.99472E-05 0.877205 9.99472E-05 9.99472E-05 0.122195 9.99472E-05 9.99472E-05 9.99472E-05
9.99472E-05 0.965181 9.99472E-05 9.99472E-05 0.034219 9.99472E-05 9.99472E-05 9.99472E-05
9.994E-05 0.9993 9.994E-05 9.994E-05 9.994E-05 9.994E-05 9.994E-05 9.994E-05
9.99561E-05 0.916889 0.0127003 9.99561E-05 0.0699109 9.99561E-05 9.99561E-05 9.99561E-05
9.99472E-05 0.946482 9.99472E-05 9.99472E-05 0.0529184 9.99472E-05 9.99472E-05 9.99472E-05
0.00306011 0.893257 9.99561E-05 9.99561E-05 9.99561E-05 9.99561E-05 9.99561E-05 0.103183
9.99561E-05 0.841887 9.99561E-05 9.99561E-05 0.0438012 9.99561E-05 9.99561E-05 0.113812
0.0281332 0.758628 9.99648E-05 0.00098952 0.211849 9.99648E-05 9.99648E-05 9.99648E-05
9.994E-05 0.9993 9.994E-05 9.994E-05 9.994E-05 9.994E-05 9.994E-05 9.994E-05
9.994E-05 0.9993 9.994E-05 9.994E-05 9.994E-05 9.994E-05 9.994E-05 9.994E-05
9.9956E-05 0.782858 9.9956E-05 0.0220901 0.194552 9.9956E-05 9.9956E-05 9.9956E-05
9.99473E-05 0.991628 9.99473E-05 9.99473E-05 0.00777182 9.99473E-05 9.99473E-05 9.99473E-05
9.994E-05 0.9993 9.994E-05 9.994E-05 9.994E-05 9.994E-05 9.994E-05 9.994E-05
9.99473E-05 0.978849 9.99473E-05 9.99473E-05 0.0205511 9.99473E-05 9.99473E-05 9.99473E-05
9.99472E-05 0.976469 9.99472E-05 9.99472E-05 0.0229316 9.99472E-05 9.99472E-05 9.99472E-05
9.99473E-05 0.987022 9.99473E-05 9.99473E-05 0.0123784 9.99473E-05 9.99473E-05 9.99473E-05
9.99472E-05 0.904491 9.99472E-05 9.99472E-05 0.0949097 9.99472E-05 9.99472E-05 9.99472E-05
9.994E-05 0.9993 9.994E-05 9.994E-05 9.994E-05 9.994E-05 9.994E-05 9.994E-05
9.9956E-05 0.721179 9.9956E-05 9.9956E-05 0.258557 9.9956E-05 9.9956E-05 0.0197649
9.994E-05 0.9993 9.994E-05 9.994E-05 9.994E-05 9.994E-05 9.994E-05 9.994E-05
9.99472E-05 0.780442 9.99472E-05 9.99472E-05 0.218958 9.99472E-05 9.99472E-05 9.99472E-05
9.99475E-05 0.0175874 9.99475E-05 9.99475E-05 9.99475E-05 9.99475E-05 9.99475E-05 0.981813
9.994E-05 0.9993 9.994E-05 9.994E-05 9.994E-05 9.994E-05 9.994E-05 9.994E-05
9.994E-05 0.9993 9.994E-05 9.994E-05 9.994E-05 9.994E-05 9.994E-05 9.994E-05
0.00396792 0.781764 9.99824E-05 0.0201485 0.0419409 0.0630207 9.99824E-05 0.0889579
9.994E-05 0.9993 9.994E-05 9.994E-05 9.994E-05 9.994E-05 9.994E-05 9.994E-05
9.9956E-05 0.761932 9.9956E-05 9.9956E-05 0.233241 9.9956E-05 9.9956E-05 0.0043281
9.994E-05 0.9993 9.994E-05 9.994E-05 9.994E-05 9.994E-05 9.994E-05 9.994E-05
9.994E-05 0.9993 9.994E-05 9.994E-05 9.994E-05 9.994E-05 9.994E-05 9.994E-05
9.994E-05 0.9993 9.994E-05 9.994E-05 9.994E-05 9.994E-05 9.994E-05 9.994E-05
9.99473E-05 0.973944 9.99473E-05 9.99473E-05 0.0254565 9.99473E-05 9.99473E-05 9.99473E-05
9.99472E-05 0.905321 9.99472E-05 9.99472E-05 0.0940791 9.99472E-05 9.99472E-05 9.99472E-05
9.99472E-05 0.901038 9.99472E-05 9.99472E-05 0.0983618 9.99472E-05 9.99472E-05 9.99472E-05
9.994E-05 0.9993 9.994E-05 9.994E-05 9.994E-05 9.994E-05 9.994E-05 9.994E-05
9.99472E-05 0.891132 9.99472E-05 9.99472E-05 0.108268 9.99472E-05 9.99472E-05 9.99472E-05
9.994E-05 0.9993 9.994E-05 9.994E-05 9.994E-05 9.994E-05 9.994E-05 9.994E-05
9.99472E-05 0.951451 9.99472E-05 9.99472E-05 0.0479488 9.99472E-05 9.99472E-05 9.99472E-05
9.994E-05 0.9993 9.994E-05 9.994E-05 9.994E-05 9.994E-05 9.994E-05 9.994E-05
9.994E-05 0.9993 9.994E-05 9.994E-05 9.994E-05 9.994E-05 9.994E-05 9.994E-05
9.994E-05 0.9993 9.994E-05 9.994E-05 9.994E-05 9.994E-05 9.994E-05 9.994E-05
0.0292371 0.674569 9.99736E-05 0.00517046 0.12405 9.99736E-05 9.99736E-05 0.166674
9.99472E-05 0.960123 9.99472E-05 9.99472E-05 0.0392776 9.99472E-05 9.99472E-05 9.99472E-05
9.99737E-05 0.201052 0.568454 0.0143417 0.0336302 9.99737E-05 0.182222 9.99737E-05
9.99737E-05 0.0711949 0.410348 9.99737E-05 0.214134 0.193387 0.110636 9.99737E-05
0.0165615 0.0532403 9.99825E-05 0.221786 0.295037 0.363497 0.049678 9.99825E-05
9.99912E-05 0.0153217 0.402836 0.1085 0.191329 0.0522273 0.191043 0.0386437
9.99912E-05 0.137036 0.454679 0.0371316 0.108809 0.0249726 0.136865 0.100408
9.99737E-05 0.155218 0.351204 0.182149 0.150263 9.99737E-05 0.160865 9.99737E-05
9.99912E-05 0.0469334 0.457387 0.115407 0.13834 0.0846548 0.08689 0.0702879
9.99912E-05 0.0593157 0.358344 0.0510747 0.0892327 0.134439 0.0965275 0.210966
9.99824E-05 0.057447 0.0479756 0.105232 0.464783 0.266457 0.0579066 9.99824E-05
0.104631 0.081497 9.99824E-05 0.449012 0.114931 0.0460879 0.203641 9.99824E-05
9.99824E-05 0.279908 0.433703 0.154813 0.0893197 9.99824E-05 0.0275367 0.0145188
9.99825E-05 0.109671 0.176609 0.17804 0.253632 0.237469 0.0443794 9.99825E-05
0.00757738 9.99912E-05 0.2737 0.161428 0.101854 0.0885783 0.209619 0.157143
9.99912E-05 0.100158 0.33495 0.120168 0.113473 0.112932 0.181661 0.0365589
9.99824E-05 0.153574 0.382712 0.00949839 0.143025 0.225182 0.0858081 9.99824E-05
9.99912E-05 0.0828802 0.406525 0.0101834 0.109784 0.0998605 0.0837658 0.206901
9.99824E-05 0.0800954 0.412691 0.144366 0.10597 9.99824E-05 0.110247 0.14643
9.99824E-05 0.0417534 0.436406 0.0788795 0.240225 0.117055 0.085482 9.99824E-05
9.99825E-05 0.115358 0.366562 0.313396 0.0963622 9.99825E-05 0.0467263 0.0613956
9.99824E-05 0.0132065 0.263719 0.291466 0.127503 9.99824E-05 0.1931 0.110806
9.994E-05 9.994E-05 9.994E-05 0.9993 9.994E-05 9.994E-05 9.994E-05 9.994E-05
9.994E-05 9.994E-05 9.994E-05 0.9993 9.994E-05 9.994E-05 9.994E-05 9.994E-05
9.994E-05 9.994E-05 9.994E-05 0.9993 9.994E-05 9.994E-05 9.994E-05 9.994E-05
9.994E-05 9.994E-05 9.994E-05 0.9993 9.994E-05 9.994E-05 9.994E-05 9.994E-05
9.994E-05 9.994E-05 9.994E-05 0.9993 9.994E-05 9.994E-05 9.994E-05 9.994E-05
9.994E-05 9.994E-05 9.994E-05 0.9993 9.994E-05 9.994E-05 9.994E-05 9.994E-05
9.994E-05 9.994E-05 9.994E-05 0.9993 9.994E-05 9.994E-05 9.994E-05 9.994E-05
9.994E-05 9.994E-05 9.994E-05 0.9993 9.994E-05 9.994E-05 9.994E-05 9.994E-05
9.994E-05 9.994E-05 9.994E-05 0.9993 9.994E-05 9.994E-05 9.994E-05 9.994E-05
9.994E-05 9.994E-05 9.994E-05 0.9993 9.994E-05 9.994E-05 9.994E-05 9.994E-05
9.994E-05 9.994E-05 9.994E-05 0.9993 9.994E-05 9.994E-05 9.994E-05 9.994E-05
9.994E-05 9.994E-05 9.994E-05 0.9993 9.994E-05 9.994E-05 9.994E-05 9.994E-05
9.994E-05 9.994E-05 9.994E-05 0.9993 9.994E-05 9.994E-05 9.994E-05 9.994E-05
9.994E-05 9.994E-05 9.994E-05 0.9993 9.994E-05 9.994E-05 9.994E-05 9.994E-05
9.994E-05 9.994E-05 9.994E-05 0.9993 9.994E-05 9.994E-05 9.994E-05 9.994E-05
9.994E-05 9.994E-05 9.994E-05 0.9993 9.994E-05 9.994E-05 9.994E-05 9.994E-05
9.994E-05 9.994E-05 9.994E-05 0.9993 9.994E-05 9.994E-05 9.994E-05 9.994E-05
9.994E-05 9.994E-05 9.994E-05 0.9993 9.994E-05 9.994E-05 9.994E-05 9.994E-05
9.994E-05 9.994E-05 9.994E-05 0.9993 9.994E-05 9.994E-05 9.994E-05 9.994E-05
9.994E-05 9.994E-05 9.994E-05 0.9993 9.994E-05 9.994E-05 9.994E-05 9.994E-05
9.994E-05 9.994E-05 9.994E-05 0.9993 9.994E-05 9.994E-05 9.994E-05 9.994E-05
9.994E-05 9.994E-05 9.994E-05 0.9993 9.994E-05 9.994E-05 9.994E-05 9.994E-05
9.994E-05 9.994E-05 9.994E-05 0.9993 9.994E-05 9.994E-05 9.994E-05 9.994E-05
9.994E-05 9.994E-05 9.994E-05 0.9993 9.994E-05 9.994E-05 9.994E-05 9.994E-05
9.994E-05 9.994E-05 9.994E-05 0.9993 9.994E-05 9.994E-05 9.994E-05 9.994E-05
9.994E-05 9.994E-05 9.994E-05 0.9993 9.994E-05 9.994E-05 9.994E-05 9.994E-05
9.994E-05 9.994E-05 9.994E-05 0.9993 9.994E-05 9.994E-05 9.994E-05 9.994E-05
9.994E-05 9.994E-05 9.994E-05 0.9993 9.994E-05 9.994E-05 9.994E-05 9.994E-05
9.994E-05 9.994E-05 9.994E-05 0.9993 9.994E-05 9.994E-05 9.994E-05 9.994E-05
9.994E-05 9.994E-05 9.994E-05 0.9993 9.994E-05 9.994E-05 9.994E-05 9.994E-05
