0.0870448 0.000274859 0.0100699 0.146858 9.98333E-05 9.98333E-05 9.98333E-05 9.98333E-05 9.98333E-05 9.98333E-05 0.0483148 9.98333E-05 0.0590398 9.98333E-05 9.98333E-05 9.98333E-05 9.98333E-05 9.98333E-05 0.042197 9.98333E-05 9.98333E-05 0.431817 9.98333E-05 9.98333E-05 9.98333E-05 9.98333E-05 0.172487 9.98333E-05
9.97808E-05 9.97808E-05 9.97808E-05 0.0115683 9.97808E-05 9.97808E-05 9.97808E-05 9.97808E-05 9.97808E-05 9.97808E-05 0.104572 9.97808E-05 9.97808E-05 9.97808E-05 9.97808E-05 9.97808E-05 9.97808E-05 9.97808E-05 9.97808E-05 9.97808E-05 9.97808E-05 0.881366 9.97808E-05 9.97808E-05 9.97808E-05 9.97808E-05 9.97808E-05 9.97808E-05
9.9772E-05 9.9772E-05 9.9772E-05 9.9772E-05 9.9772E-05 0.0227422 9.9772E-05 9.9772E-05 9.9772E-05 9.9772E-05 9.9772E-05 9.9772E-05 9.9772E-05 9.9772E-05 9.9772E-05 9.9772E-05 9.9772E-05 9.9772E-05 9.9772E-05 9.9772E-05 9.9772E-05 9.9772E-05 0.974664 9.9772E-05 9.9772E-05 9.9772E-05 9.9772E-05 9.9772E-05
9.98508E-05 0.369891 0.000479976 9.98508E-05 0.0093451 0.180665 9.98508E-05 9.98508E-05 9.98508E-05 0.0120027 9.98508E-05 9.98508E-05 0.0450217 9.98508E-05 9.98508E-05 9.98508E-05 9.98508E-05 0.024235 0.00800254 0.0397531 9.98508E-05 9.98508E-05 9.98508E-05 9.98508E-05 0.237679 9.98508E-05 0.0712278 9.98508E-05
9.97983E-05 9.97983E-05 9.97983E-05 9.97983E-05 9.97983E-05 9.97983E-05 9.97983E-05 9.97983E-05 9.97983E-05 0.0192365 9.97983E-05 9.97983E-05 9.97983E-05 9.97983E-05 0.0684194 9.97983E-05 9.97983E-05 0.00640876 9.97983E-05 9.97983E-05 9.97983E-05 0.891809 9.97983E-05 9.97983E-05 9.97983E-05 9.97983E-05 9.97983E-05 0.0118311
9.98246E-05 0.0486594 9.98246E-05 0.185632 0.12491 9.98246E-05 9.98246E-05 9.98246E-05 9.98246E-05 0.0174224 9.98246E-05 9.98246E-05 9.98246E-05 9.98246E-05 0.16745 9.98246E-05 9.98246E-05 0.190051 9.98246E-05 9.98246E-05 9.98246E-05 9.98246E-05 0.237776 9.98246E-05 9.98246E-05 9.98246E-05 9.98246E-05 0.0261037
0.0330051 9.98423E-05 9.98423E-05 0.0094355 9.98423E-05 9.98423E-05 9.98423E-05 9.98423E-05 9.98423E-05 0.10667 0.100764 9.98423E-05 0.103313 9.98423E-05 9.98423E-05 9.98423E-05 9.98423E-05 0.0539429 0.058713 9.98423E-05 9.98423E-05 0.394835 9.98423E-05 0.0309325 9.98423E-05 9.98423E-05 0.106591 9.98423E-05
0.152922 0.375112 9.98334E-05 9.98334E-05 0.119384 9.98334E-05 0.0475028 0.0390415 9.98334E-05 0.0231508 9.98334E-05 9.98334E-05 9.98334E-05 9.98334E-05 0.0495774 9.98334E-05 9.98334E-05 0.0475306 9.98334E-05 9.98334E-05 9.98334E-05 9.98334E-05 9.98334E-05 9.98334E-05 9.98334E-05 9.98334E-05 0.143882 9.98334E-05
9.98159E-05 0.0875821 0.198364 9.98159E-05 0.242227 9.98159E-05 9.98159E-05 9.98159E-05 9.98159E-05 0.0396053 9.98159E-05 9.98159E-05 9.98159E-05 9.98159E-05 0.0120491 9.98159E-05 9.98159E-05 9.98159E-05 0.199483 9.98159E-05 9.98159E-05 9.98159E-05 0.218594 9.98159E-05 9.98159E-05 9.98159E-05 9.98159E-05 9.98159E-05
9.97808E-05 9.97808E-05 0.0301871 9.97808E-05 9.97808E-05 9.97808E-05 9.97808E-05 9.97808E-05 9.97808E-05 9.97808E-05 9.97808E-05 9.97808E-05 9.97808E-05 9.97808E-05 9.97808E-05 9.97808E-05 9.97808E-05 9.97808E-05 9.97808E-05 9.97808E-05 9.97808E-05 0.924512 0.0428067 9.97808E-05 9.97808E-05 9.97808E-05 9.97808E-05 9.97808E-05
9.9807E-05 0.42073 0.148339 0.0906788 9.9807E-05 0.0259221 9.9807E-05 9.9807E-05 9.9807E-05 9.9807E-05 9.9807E-05 9.9807E-05 0.0804736 9.9807E-05 9.9807E-05 9.9807E-05 9.9807E-05 9.9807E-05 9.9807E-05 9.9807E-05 9.9807E-05 0.231661 9.9807E-05 9.9807E-05 9.9807E-05 9.9807E-05 9.9807E-05 9.9807E-05
9.97984E-05 9.97984E-05 0.0397314 0.0169592 9.97984E-05 9.97984E-05 0.00273945 9.97984E-05 9.97984E-05 9.97984E-05 9.97984E-05 9.97984E-05 9.97984E-05 0.0914665 9.97984E-05 9.97984E-05 9.97984E-05 9.97984E-05 9.97984E-05 9.97984E-05 9.97984E-05 9.97984E-05 0.846808 9.97984E-05 9.97984E-05 9.97984E-05 9.97984E-05 9.97984E-05
9.98071E-05 9.98071E-05 9.98071E-05 9.98071E-05 0.0128025 9.98071E-05 9.98071E-05 0.0149213 9.98071E-05 9.98071E-05 9.98071E-05 9.98071E-05 9.98071E-05 9.98071E-05 9.98071E-05 9.98071E-05 9.98071E-05 9.98071E-05 9.98071E-05 9.98071E-05 9.98071E-05 0.697368 0.1926 9.98071E-05 9.98071E-05 9.98071E-05 0.0630735 0.0170391
9.97808E-05 0.983192 0.0111547 9.97808E-05 9.97808E-05 9.97808E-05 9.97808E-05 9.97808E-05 9.97808E-05 9.97808E-05 9.97808E-05 9.97808E-05 9.97808E-05 9.97808E-05 9.97808E-05 9.97808E-05 9.97808E-05 9.97808E-05 9.97808E-05 9.97808E-05 0.00315872 9.97808E-05 9.97808E-05 9.97808E-05 9.97808E-05 9.97808E-05 9.97808E-05 9.97808E-05
9.98158E-05 9.98158E-05 0.118401 0.211343 0.103094 9.98158E-05 9.98158E-05 9.98158E-05 9.98158E-05 9.98158E-05 9.98158E-05 0.188498 9.98158E-05 9.98158E-05 9.98158E-05 9.98158E-05 0.0938165 9.98158E-05 9.98158E-05 9.98158E-05 9.98158E-05 0.184163 0.0985882 9.98158E-05 9.98158E-05 9.98158E-05 9.98158E-05 9.98158E-05
9.98596E-05 0.00756464 0.047901 0.162706 0.153995 9.98596E-05 0.124971 0.117725 9.98596E-05 9.98596E-05 9.98596E-05 9.98596E-05 9.98596E-05 0.105508 0.0546927 9.98596E-05 9.98596E-05 9.98596E-05 9.98596E-05 9.98596E-05 9.98596E-05 0.168863 0.00593432 9.98596E-05 0.0231165 9.98596E-05 0.0254245 9.98596E-05
9.98247E-05 0.103845 9.98247E-05 9.98247E-05 9.98247E-05 9.98247E-05 0.0825325 9.98247E-05 9.98247E-05 9.98247E-05 0.0733623 0.085194 0.0372211 9.98247E-05 9.98247E-05 9.98247E-05 9.98247E-05 9.98247E-05 9.98247E-05 9.98247E-05 9.98247E-05 9.98247E-05 0.508385 9.98247E-05 0.0970538 9.98247E-05 0.0104097 9.98247E-05
9.98246E-05 0.0834773 0.102872 0.225085 0.0250712 9.98246E-05 9.98246E-05 9.98246E-05 9.98246E-05 9.98246E-05 9.98246E-05 9.98246E-05 9.98246E-05 9.98246E-05 9.98246E-05 9.98246E-05 9.98246E-05 9.98246E-05 9.98246E-05 0.0893267 9.98246E-05 0.184411 9.98246E-05 9.98246E-05 9.98246E-05 0.142126 0.145635 9.98246E-05
9.98071E-05 9.98071E-05 0.0848746 9.98071E-05 0.140236 9.98071E-05 9.98071E-05 9.98071E-05 9.98071E-05 9.98071E-05 9.98071E-05 9.98071E-05 9.98071E-05 9.98071E-05 9.98071E-05 9.98071E-05 9.98071E-05 0.254676 9.98071E-05 9.98071E-05 9.98071E-05 0.120931 0.260755 9.98071E-05 9.98071E-05 9.98071E-05 0.136332 9.98071E-05
9.97721E-05 9.97721E-05 9.97721E-05 9.97721E-05 9.97721E-05 9.97721E-05 9.97721E-05 9.97721E-05 9.97721E-05 9.97721E-05 9.97721E-05 9.97721E-05 9.97721E-05 9.97721E-05 9.97721E-05 9.97721E-05 9.97721E-05 9.97721E-05 9.97721E-05 9.97721E-05 9.97721E-05 0.203032 0.794374 9.97721E-05 9.97721E-05 9.97721E-05 9.97721E-05 9.97721E-05
9.98157E-05 0.44061 9.98157E-05 9.98157E-05 0.0508632 0.0878958 9.98157E-05 9.98157E-05 9.98157E-05 0.181177 9.98157E-05 9.98157E-05 0.0172082 0.100692 9.98157E-05 9.98157E-05 9.98157E-05 9.98157E-05 9.98157E-05 9.98157E-05 9.98157E-05 9.98157E-05 0.119457 9.98157E-05 9.98157E-05 9.98157E-05 9.98157E-05 9.98157E-05
0.0533743 9.98336E-05 9.98336E-05 9.98336E-05 0.125561 9.98336E-05 9.98336E-05 9.98336E-05 9.98336E-05 0.0901555 9.98336E-05 9.98336E-05 9.98336E-05 9.98336E-05 9.98336E-05 0.0109071 9.98336E-05 0.0727199 9.98336E-05 9.98336E-05 9.98336E-05 9.98336E-05 0.253898 9.98336E-05 9.98336E-05 0.00727757 0.330334 0.0538759
9.98071E-05 0.202769 0.0616655 0.216744 9.98071E-05 9.98071E-05 9.98071E-05 9.98071E-05 9.98071E-05 9.98071E-05 9.98071E-05 9.98071E-05 0.0216692 9.98071E-05 9.98071E-05 9.98071E-05 9.98071E-05 9.98071E-05 9.98071E-05 9.98071E-05 9.98071E-05 0.48006 0.0148961 9.98071E-05 9.98071E-05 9.98071E-05 9.98071E-05 9.98071E-05
9.9807E-05 0.100524 0.174441 9.9807E-05 9.9807E-05 9.9807E-05 9.9807E-05 0.0254471 9.9807E-05 9.9807E-05 9.9807E-05 9.9807E-05 9.9807E-05 9.9807E-05 9.9807E-05 9.9807E-05 9.9807E-05 9.9807E-05 0.045803 9.9807E-05 9.9807E-05 0.425212 9.9807E-05 9.9807E-05 9.9807E-05 9.9807E-05 0.226377 9.9807E-05
9.98068E-05 0.375051 0.211137 9.98068E-05 0.0124389 0.247086 9.98068E-05 9.98068E-05 9.98068E-05 9.98068E-05 9.98068E-05 9.98068E-05 9.98068E-05 9.98068E-05 9.98068E-05 9.98068E-05 0.114576 9.98068E-05 9.98068E-05 0.0375154 9.98068E-05 9.98068E-05 9.98068E-05 9.98068E-05 9.98068E-05 9.98068E-05 9.98068E-05 9.98068E-05
9.98158E-05 0.117517 0.0528356 9.98158E-05 9.98158E-05 9.98158E-05 9.98158E-05 9.98158E-05 9.98158E-05 9.98158E-05 9.98158E-05 9.98158E-05 9.98158E-05 9.98158E-05 0.0696469 0.0588183 9.98158E-05 9.98158E-05 9.98158E-05 9.98158E-05 9.98158E-05 9.98158E-05 0.574425 9.98158E-05 0.0456061 9.98158E-05 0.0790544 9.98158E-05
9.98245E-05 9.98245E-05 0.0801462 9.98245E-05 9.98245E-05 0.312792 9.98245E-05 0.0260798 9.98245E-05 9.98245E-05 9.98245E-05 9.98245E-05 9.98245E-05 0.0208276 9.98245E-05 0.241845 9.98245E-05 9.98245E-05 9.98245E-05 9.98245E-05 9.98245E-05 9.98245E-05 0.0607085 9.98245E-05 9.98245E-05 0.109101 0.146503 9.98245E-05
9.97898E-05 9.97898E-05 9.97898E-05 9.97898E-05 9.97898E-05 9.97898E-05 9.97898E-05 9.97898E-05 9.97898E-05 9.97898E-05 9.97898E-05 9.97898E-05 9.97898E-05 0.0126343 9.97898E-05 9.97898E-05 9.97898E-05 0.018617 9.97898E-05 9.97898E-05 9.97898E-05 0.910186 9.97898E-05 9.97898E-05 0.0561679 9.97898E-05 9.97898E-05 9.97898E-05
9.97896E-05 9.97896E-05 0.087583 9.97896E-05 9.97896E-05 0.100913 9.97896E-05 9.97896E-05 9.97896E-05 9.97896E-05 9.97896E-05 9.97896E-05 9.97896E-05 9.97896E-05 9.97896E-05 9.97896E-05 9.97896E-05 9.97896E-05 9.97896E-05 0.0221411 9.97896E-05 0.786968 9.97896E-05 9.97896E-05 9.97896E-05 9.97896E-05 9.97896E-05 9.97896E-05
9.97807E-05 9.97807E-05 9.97807E-05 9.97807E-05 9.97807E-05 9.97807E-05 9.97807E-05 9.97807E-05 9.97807E-05 9.97807E-05 9.97807E-05 0.402975 9.97807E-05 9.97807E-05 9.97807E-05 9.97807E-05 9.97807E-05 9.97807E-05 9.97807E-05 9.97807E-05 9.97807E-05 0.422707 0.171824 9.97807E-05 9.97807E-05 9.97807E-05 9.97807E-05 9.97807E-05
9.98158E-05 9.98158E-05 0.012961 0.0449472 0.0417864 9.98158E-05 9.98158E-05 9.98158E-05 9.98158E-05 9.98158E-05 9.98158E-05 9.98158E-05 0.0804709 9.98158E-05 9.98158E-05 9.98158E-05 9.98158E-05 0.0141537 9.98158E-05 0.0349967 9.98158E-05 0.768588 9.98158E-05 9.98158E-05 9.98158E-05 9.98158E-05 9.98158E-05 9.98158E-05
9.98159E-05 0.697968 0.106384 9.98159E-05 9.98159E-05 0.0434497 9.98159E-05 9.98159E-05 9.98159E-05 9.98159E-05 9.98159E-05 9.98159E-05 0.00559473 9.98159E-05 0.00656126 9.98159E-05 9.98159E-05 0.0907911 9.98159E-05 9.98159E-05 9.98159E-05 9.98159E-05 9.98159E-05 9.98159E-05 0.0471554 9.98159E-05 9.98159E-05 9.98159E-05
9.98068E-05 0.740947 0.0606586 0.0319997 9.98068E-05 9.98068E-05 9.98068E-05 0.0144901 9.98068E-05 9.98068E-05 9.98068E-05 9.98068E-05 0.0615239 9.98068E-05 9.98068E-05 9.98068E-05 9.98068E-05 9.98068E-05 9.98068E-05 9.98068E-05 9.98068E-05 9.98068E-05 9.98068E-05 9.98068E-05 9.98068E-05 9.98068E-05 0.0881854 9.98068E-05
9.98421E-05 0.486191 0.10607 9.98421E-05 9.98421E-05 0.088651 9.98421E-05 9.98421E-05 9.98421E-05 9.98421E-05 9.98421E-05 9.98421E-05 9.98421E-05 0.00605064 9.98421E-05 0.0290914 9.98421E-05 0.0211999 9.98421E-05 9.98421E-05 9.98421E-05 0.0345243 0.112825 9.98421E-05 9.98421E-05 0.0180971 0.0955012 9.98421E-05
9.97808E-05 9.97808E-05 9.97808E-05 9.97808E-05 9.97808E-05 9.97808E-05 9.97808E-05 9.97808E-05 9.97808E-05 9.97808E-05 9.97808E-05 9.97808E-05 0.00334021 9.97808E-05 9.97808E-05 9.97808E-05 9.97808E-05 9.97808E-05 9.97808E-05 0.0193977 9.97808E-05 0.974768 9.97808E-05 9.97808E-05 9.97808E-05 9.97808E-05 9.97808E-05 9.97808E-05
9.9807E-05 9.9807E-05 9.9807E-05 9.9807E-05 0.00993065 9.9807E-05 9.9807E-05 9.9807E-05 9.9807E-05 9.9807E-05 9.9807E-05 9.9807E-05 9.9807E-05 9.9807E-05 9.9807E-05 0.0497676 9.9807E-05 9.9807E-05 0.0132666 9.9807E-05 9.9807E-05 9.9807E-05 0.769919 9.9807E-05 0.124762 9.9807E-05 0.0301581 9.9807E-05
9.97899E-05 9.97899E-05 9.97899E-05 9.97899E-05 9.97899E-05 9.97899E-05 9.97899E-05 9.97899E-05 9.97899E-05 9.97899E-05 9.97899E-05 9.97899E-05 0.0271723 9.97899E-05 9.97899E-05 9.97899E-05 9.97899E-05 0.120709 9.97899E-05 9.97899E-05 9.97899E-05 9.97899E-05 0.800487 0.049237 9.97899E-05 9.97899E-05 9.97899E-05 9.97899E-05
9.98071E-05 0.573961 9.98071E-05 9.98071E-05 0.115013 9.98071E-05 9.98071E-05 9.98071E-05 9.98071E-05 9.98071E-05 0.0433333 0.00689592 9.98071E-05 9.98071E-05 9.98071E-05 9.98071E-05 9.98071E-05 9.98071E-05 9.98071E-05 0.0699241 9.98071E-05 9.98071E-05 0.188677 9.98071E-05 9.98071E-05 9.98071E-05 9.98071E-05 9.98071E-05
9.98246E-05 9.98246E-05 0.0997712 9.98246E-05 9.98246E-05 9.98246E-05 9.98246E-05 9.98246E-05 9.98246E-05 9.98246E-05 0.0568863 0.165093 0.0154664 0.0159588 9.98246E-05 9.98246E-05 9.98246E-05 9.98246E-05 9.98246E-05 9.98246E-05 9.98246E-05 9.98246E-05 0.520028 9.98246E-05 9.98246E-05 9.98246E-05 0.0713522 0.0534474
9.98157E-05 0.658597 0.098674 9.98157E-05 9.98157E-05 9.98157E-05 9.98157E-05 0.0406255 9.98157E-05 9.98157E-05 9.98157E-05 9.98157E-05 0.0248466 9.98157E-05 0.064152 9.98157E-05 9.98157E-05 0.0776416 9.98157E-05 9.98157E-05 9.98157E-05 9.98157E-05 0.0333674 9.98157E-05 9.98157E-05 9.98157E-05 9.98157E-05 9.98157E-05
9.97896E-05 9.97896E-05 9.97896E-05 9.97896E-05 9.97896E-05 9.97896E-05 9.97896E-05 0.0104752 9.97896E-05 9.97896E-05 9.97896E-05 9.97896E-05 0.021859 9.97896E-05 9.97896E-05 9.97896E-05 9.97896E-05 0.0573431 9.97896E-05 9.97896E-05 9.97896E-05 9.97896E-05 0.907928 9.97896E-05 9.97896E-05 9.97896E-05 9.97896E-05 9.97896E-05
9.97985E-05 9.97985E-05 0.0226827 9.97985E-05 0.00431322 9.97985E-05 9.97985E-05 9.97985E-05 9.97985E-05 9.97985E-05 9.97985E-05 9.97985E-05 9.97985E-05 9.97985E-05 9.97985E-05 0.0693949 9.97985E-05 9.97985E-05 9.97985E-05 9.97985E-05 9.97985E-05 0.765148 9.97985E-05 9.97985E-05 9.97985E-05 9.97985E-05 0.136166 9.97985E-05
9.97809E-05 9.97809E-05 9.97809E-05 9.97809E-05 9.97809E-05 9.97809E-05 9.97809E-05 9.97809E-05 0.0210112 9.97809E-05 9.97809E-05 0.0393702 9.97809E-05 9.97809E-05 9.97809E-05 9.97809E-05 9.97809E-05 9.97809E-05 9.97809E-05 9.97809E-05 9.97809E-05 0.937124 9.97809E-05 9.97809E-05 9.97809E-05 9.97809E-05 9.97809E-05 9.97809E-05
9.98246E-05 9.98246E-05 0.139207 0.193195 0.106186 9.98246E-05 9.98246E-05 9.98246E-05 9.98246E-05 9.98246E-05 9.98246E-05 9.98246E-05 0.0235649 9.98246E-05 9.98246E-05 9.98246E-05 9.98246E-05 9.98246E-05 0.0435818 9.98246E-05 9.98246E-05 0.124151 0.226386 9.98246E-05 9.98246E-05 9.98246E-05 0.141732 9.98246E-05
9.98245E-05 0.247471 0.141312 9.98245E-05 9.98245E-05 9.98245E-05 9.98245E-05 9.98245E-05 9.98245E-05 9.98245E-05 9.98245E-05 9.98245E-05 9.98245E-05 9.98245E-05 9.98245E-05 9.98245E-05 9.98245E-05 0.0758142 0.0272954 9.98245E-05 9.98245E-05 9.98245E-05 0.082218 9.98245E-05 0.119615 9.98245E-05 0.29047 0.0138071
9.98069E-05 9.98069E-05 9.98069E-05 9.98069E-05 0.00189516 9.98069E-05 9.98069E-05 9.98069E-05 9.98069E-05 0.0212004 9.98069E-05 9.98069E-05 9.98069E-05 9.98069E-05 9.98069E-05 9.98069E-05 9.98069E-05 9.98069E-05 9.98069E-05 0.0499242 9.98069E-05 9.98069E-05 0.848723 9.98069E-05 0.0238546 9.98069E-05 0.0522069 9.98069E-05
9.97807E-05 0.522718 9.97807E-05 9.97807E-05 0.00948211 9.97807E-05 9.97807E-05 9.97807E-05 9.97807E-05 9.97807E-05 9.97807E-05 9.97807E-05 9.97807E-05 9.97807E-05 9.97807E-05 9.97807E-05 9.97807E-05 9.97807E-05 9.97807E-05 9.97807E-05 9.97807E-05 0.465305 9.97807E-05 9.97807E-05 9.97807E-05 9.97807E-05 9.97807E-05 9.97807E-05
9.97721E-05 9.97721E-05 9.97721E-05 9.97721E-05 9.97721E-05 9.97721E-05 9.97721E-05 9.97721E-05 9.97721E-05 9.97721E-05 9.97721E-05 9.97721E-05 9.97721E-05 9.97721E-05 9.97721E-05 9.97721E-05 9.97721E-05 9.97721E-05 9.97721E-05 9.97721E-05 9.97721E-05 9.97721E-05 0.996882 0.00052428 9.97721E-05 9.97721E-05 9.97721E-05 9.97721E-05
9.98071E-05 9.98071E-05 0.0873572 9.98071E-05 9.98071E-05 9.98071E-05 9.98071E-05 9.98071E-05 9.98071E-05 9.98071E-05 9.98071E-05 9.98071E-05 0.0142086 0.00506315 9.98071E-05 9.98071E-05 9.98071E-05 0.0112873 9.98071E-05 9.98071E-05 9.98071E-05 0.800884 9.98071E-05 9.98071E-05 9.98071E-05 9.98071E-05 0.0790045 9.98071E-05
9.97811E-05 0.933055 9.97811E-05 9.97811E-05 9.97811E-05 9.97811E-05 9.97811E-05 9.97811E-05 9.97811E-05 9.97811E-05 9.97811E-05 9.97811E-05 9.97811E-05 9.97811E-05 9.97811E-05 9.97811E-05 9.97811E-05 0.0138778 9.97811E-05 9.97811E-05 9.97811E-05 9.97811E-05 9.97811E-05 0.0505729 9.97811E-05 9.97811E-05 9.97811E-05 9.97811E-05
9.9842E-05 0.0371069 0.150875 9.9842E-05 0.0335926 0.154148 9.9842E-05 9.9842E-05 9.9842E-05 0.0482757 9.9842E-05 9.9842E-05 0.0948265 9.9842E-05 9.9842E-05 0.0934252 9.9842E-05 9.9842E-05 0.0130878 9.9842E-05 9.9842E-05 0.342352 9.9842E-05 9.9842E-05 0.0305143 9.9842E-05 9.9842E-05 9.9842E-05
9.98069E-05 0.743165 9.98069E-05 9.98069E-05 9.98069E-05 9.98069E-05 9.98069E-05 9.98069E-05 9.98069E-05 9.98069E-05 9.98069E-05 9.98069E-05 9.98069E-05 0.0500239 9.98069E-05 9.98069E-05 9.98069E-05 9.98069E-05 0.0283125 9.98069E-05 9.98069E-05 9.98069E-05 9.98069E-05 9.98069E-05 0.00914362 9.98069E-05 0.154456 0.012704
9.9781E-05 9.9781E-05 9.9781E-05 9.9781E-05 9.9781E-05 0.0282143 9.9781E-05 9.9781E-05 9.9781E-05 9.9781E-05 9.9781E-05 9.9781E-05 9.9781E-05 9.9781E-05 9.9781E-05 9.9781E-05 9.9781E-05 9.9781E-05 9.9781E-05 9.9781E-05 9.9781E-05 0.969051 9.9781E-05 9.9781E-05 9.9781E-05 0.000239838 9.9781E-05 9.9781E-05
9.9807E-05 0.821891 9.9807E-05 9.9807E-05 9.9807E-05 9.9807E-05 9.9807E-05 0.0338065 9.9807E-05 9.9807E-05 9.9807E-05 9.9807E-05 9.9807E-05 0.0759773 9.9807E-05 9.9807E-05 9.9807E-05 9.9807E-05 9.9807E-05 0.00502929 9.9807E-05 9.9807E-05 9.9807E-05 9.9807E-05 9.9807E-05 0.0359812 9.9807E-05 0.0251193
9.97897E-05 9.97897E-05 0.0913965 9.97897E-05 9.97897E-05 9.97897E-05 9.97897E-05 9.97897E-05 9.97897E-05 9.97897E-05 9.97897E-05 9.97897E-05 9.97897E-05 9.97897E-05 9.97897E-05 9.97897E-05 0.145096 9.97897E-05 9.97897E-05 9.97897E-05 9.97897E-05 0.0283514 0.732761 9.97897E-05 9.97897E-05 9.97897E-05 9.97897E-05 9.97897E-05
9.98073E-05 9.98073E-05 9.98073E-05 0.0328237 9.98073E-05 9.98073E-05 9.98073E-05 9.98073E-05 9.98073E-05 9.98073E-05 9.98073E-05 9.98073E-05 0.00894884 9.98073E-05 0.1331 9.98073E-05 9.98073E-05 0.0368051 9.98073E-05 0.0306862 9.98073E-05 9.98073E-05 0.75544 9.98073E-05 9.98073E-05 9.98073E-05 9.98073E-05 9.98073E-05
9.97894E-05 9.97894E-05 9.97894E-05 9.97894E-05 9.97894E-05 9.97894E-05 9.97894E-05 9.97894E-05 9.97894E-05 9.97894E-05 9.97894E-05 9.97894E-05 9.97894E-05 9.97894E-05 9.97894E-05 9.97894E-05 9.97894E-05 0.0143933 9.97894E-05 9.97894E-05 9.97894E-05 9.97894E-05 0.872275 9.97894E-05 9.97894E-05 0.0735271 0.0374095 9.97894E-05
9.98159E-05 0.589397 0.0110018 9.98159E-05 9.98159E-05 0.0620518 0.0206892 9.98159E-05 9.98159E-05 9.98159E-05 9.98159E-05 9.98159E-05 9.98159E-05 9.98159E-05 9.98159E-05 9.98159E-05 9.98159E-05 9.98159E-05 9.98159E-05 9.98159E-05 9.98159E-05 0.0906944 0.195748 9.98159E-05 0.0283211 9.98159E-05 9.98159E-05 9.98159E-05
0.0547161 0.123154 9.97896E-05 9.97896E-05 9.97896E-05 9.97896E-05 9.97896E-05 9.97896E-05 9.97896E-05 9.97896E-05 9.97896E-05 9.97896E-05 9.97896E-05 0.0304572 9.97896E-05 9.97896E-05 9.97896E-05 9.97896E-05 9.97896E-05 9.97896E-05 9.97896E-05 0.789278 9.97896E-05 9.97896E-05 9.97896E-05 9.97896E-05 9.97896E-05 9.97896E-05
0.0285642 9.98069E-05 0.0753496 0.661025 0.0518907 0.104239 9.98069E-05 9.98069E-05 9.98069E-05 9.98069E-05 0.076736 9.98069E-05 9.98069E-05 9.98069E-05 9.98069E-05 9.98069E-05 9.98069E-05 9.98069E-05 9.98069E-05 9.98069E-05 9.98069E-05 9.98069E-05 9.98069E-05 9.98069E-05 9.98069E-05 9.98069E-05 9.98069E-05 9.98069E-05
9.97809E-05 9.97809E-05 9.97809E-05 0.986181 9.97809E-05 9.97809E-05 9.97809E-05 0.00147698 9.97809E-05 9.97809E-05 9.97809E-05 9.97809E-05 9.97809E-05 9.97809E-05 9.97809E-05 9.97809E-05 9.97809E-05 9.97809E-05 9.97809E-05 9.97809E-05 9.97809E-05 9.97809E-05 9.97809E-05 9.97809E-05 0.00984732 9.97809E-05 9.97809E-05 9.97809E-05
9.97719E-05 9.97719E-05 9.97719E-05 0.939963 9.97719E-05 9.97719E-05 9.97719E-05 9.97719E-05 9.97719E-05 9.97719E-05 9.97719E-05 9.97719E-05 9.97719E-05 9.97719E-05 9.97719E-05 9.97719E-05 9.97719E-05 9.97719E-05 9.97719E-05 9.97719E-05 9.97719E-05 9.97719E-05 9.97719E-05 9.97719E-05 9.97719E-05 0.0574434 9.97719E-05 9.97719E-05
9.98072E-05 9.98072E-05 0.00893883 0.324262 0.11974 0.209387 9.98072E-05 9.98072E-05 9.98072E-05 9.98072E-05 0.283075 9.98072E-05 9.98072E-05 9.98072E-05 9.98072E-05 9.98072E-05 9.98072E-05 9.98072E-05 9.98072E-05 9.98072E-05 9.98072E-05 9.98072E-05 9.98072E-05 0.0524012 9.98072E-05 9.98072E-05 9.98072E-05 9.98072E-05
9.98154E-05 9.98154E-05 9.98154E-05 0.713802 0.0692506 9.98154E-05 9.98154E-05 9.98154E-05 9.98154E-05 9.98154E-05 9.98154E-05 9.98154E-05 9.98154E-05 9.98154E-05 9.98154E-05 9.98154E-05 9.98154E-05 9.98154E-05 9.98154E-05 0.0318341 9.98154E-05 9.98154E-05 9.98154E-05 0.0778722 9.98154E-05 0.0114135 0.0782113 0.0155205
9.97891E-05 9.97891E-05 0.204656 0.634033 9.97891E-05 0.14608 9.97891E-05 9.97891E-05 9.97891E-05 9.97891E-05 9.97891E-05 9.97891E-05 9.97891E-05 9.97891E-05 9.97891E-05 9.97891E-05 9.97891E-05 9.97891E-05 9.97891E-05 9.97891E-05 9.97891E-05 9.97891E-05 9.97891E-05 9.97891E-05 9.97891E-05 9.97891E-05 0.0128365 9.97891E-05
9.98069E-05 9.98069E-05 0.078876 0.574363 0.0564714 9.98069E-05 9.98069E-05 9.98069E-05 9.98069E-05 9.98069E-05 0.125932 9.98069E-05 0.0564706 9.98069E-05 9.98069E-05 9.98069E-05 9.98069E-05 9.98069E-05 9.98069E-05 9.98069E-05 9.98069E-05 9.98069E-05 9.98069E-05 9.98069E-05 0.105691 9.98069E-05 9.98069E-05 9.98069E-05
9.98244E-05 9.98244E-05 0.0777876 0.51368 0.0843475 9.98244E-05 9.98244E-05 9.98244E-05 9.98244E-05 9.98244E-05 0.106309 9.98244E-05 0.0336716 9.98244E-05 0.056469 0.00898817 9.98244E-05 9.98244E-05 9.98244E-05 9.98244E-05 9.98244E-05 9.98244E-05 9.98244E-05 9.98244E-05 9.98244E-05 0.116751 9.98244E-05 9.98244E-05
9.9772E-05 9.9772E-05 9.9772E-05 0.920357 9.9772E-05 9.9772E-05 9.9772E-05 9.9772E-05 9.9772E-05 9.9772E-05 9.9772E-05 9.9772E-05 9.9772E-05 9.9772E-05 9.9772E-05 0.0770487 9.9772E-05 9.9772E-05 9.9772E-05 9.9772E-05 9.9772E-05 9.9772E-05 9.9772E-05 9.9772E-05 9.9772E-05 9.9772E-05 9.9772E-05 9.9772E-05
9.97894E-05 9.97894E-05 9.97894E-05 0.933066 0.0271951 9.97894E-05 9.97894E-05 9.97894E-05 9.97894E-05 9.97894E-05 9.97894E-05 9.97894E-05 0.0345711 9.97894E-05 9.97894E-05 9.97894E-05 9.97894E-05 0.00277334 9.97894E-05 9.97894E-05 9.97894E-05 9.97894E-05 9.97894E-05 9.97894E-05 9.97894E-05 9.97894E-05 9.97894E-05 9.97894E-05
9.97979E-05 9.97979E-05 0.230728 0.541363 0.0632181 9.97979E-05 9.97979E-05 9.97979E-05 9.97979E-05 9.97979E-05 9.97979E-05 9.97979E-05 0.147323 9.97979E-05 9.97979E-05 9.97979E-05 9.97979E-05 0.0150726 9.97979E-05 9.97979E-05 9.97979E-05 9.97979E-05 9.97979E-05 9.97979E-05 9.97979E-05 9.97979E-05 9.97979E-05 9.97979E-05
9.98244E-05 9.98244E-05 0.0758079 0.493939 9.98244E-05 9.98244E-05 0.0388326 9.98244E-05 9.98244E-05 9.98244E-05 0.0820092 9.98244E-05 0.0381532 0.0861368 9.98244E-05 9.98244E-05 0.0753036 9.98244E-05 9.98244E-05 9.98244E-05 9.98244E-05 9.98244E-05 9.98244E-05 9.98244E-05 9.98244E-05 9.98244E-05 0.107822 9.98244E-05
9.98157E-05 9.98157E-05 9.98157E-05 0.52968 0.152792 9.98157E-05 0.128145 9.98157E-05 9.98157E-05 9.98157E-05 9.98157E-05 9.98157E-05 0.00744336 0.151963 0.0254856 9.98157E-05 9.98157E-05 9.98157E-05 9.98157E-05 9.98157E-05 9.98157E-05 9.98157E-05 9.98157E-05 9.98157E-05 9.98157E-05 9.98157E-05 9.98157E-05 0.00239614
9.98067E-05 9.98067E-05 0.189749 0.43424 0.0149624 9.98067E-05 9.98067E-05 9.98067E-05 9.98067E-05 9.98067E-05 0.0824437 9.98067E-05 9.98067E-05 9.98067E-05 9.98067E-05 9.98067E-05 9.98067E-05 0.0633427 9.98067E-05 9.98067E-05 9.98067E-05 9.98067E-05 9.98067E-05 9.98067E-05 9.98067E-05 9.98067E-05 0.213067 9.98067E-05
9.97813E-05 9.97813E-05 9.97813E-05 0.837278 9.97813E-05 9.97813E-05 9.97813E-05 0.0650244 9.97813E-05 9.97813E-05 9.97813E-05 9.97813E-05 9.97813E-05 9.97813E-05 9.97813E-05 0.0952031 9.97813E-05 9.97813E-05 9.97813E-05 9.97813E-05 9.97813E-05 9.97813E-05 9.97813E-05 9.97813E-05 9.97813E-05 9.97813E-05 9.97813E-05 9.97813E-05
9.9781E-05 9.9781E-05 9.9781E-05 0.958036 0.0345322 9.9781E-05 9.9781E-05 9.9781E-05 9.9781E-05 9.9781E-05 9.9781E-05 9.9781E-05 9.9781E-05 9.9781E-05 9.9781E-05 9.9781E-05 9.9781E-05 9.9781E-05 9.9781E-05 9.9781E-05 0.00493682 9.9781E-05 9.9781E-05 9.9781E-05 9.9781E-05 9.9781E-05 9.9781E-05 9.9781E-05
0.165915 9.9798E-05 9.9798E-05 0.6702 9.9798E-05 9.9798E-05 9.9798E-05 9.9798E-05 9.9798E-05 9.9798E-05 9.9798E-05 9.9798E-05 9.9798E-05 9.9798E-05 0.0448038 9.9798E-05 9.9798E-05 0.0605266 9.9798E-05 9.9798E-05 9.9798E-05 9.9798E-05 9.9798E-05 9.9798E-05 9.9798E-05 0.0562589 9.9798E-05 9.9798E-05
9.9807E-05 9.9807E-05 9.9807E-05 0.61528 0.0172622 9.9807E-05 0.0529974 9.9807E-05 9.9807E-05 9.9807E-05 9.9807E-05 9.9807E-05 0.178608 9.9807E-05 9.9807E-05 9.9807E-05 9.9807E-05 0.00449236 9.9807E-05 9.9807E-05 9.9807E-05 9.9807E-05 9.9807E-05 9.9807E-05 9.9807E-05 9.9807E-05 0.129165 9.9807E-05
9.97895E-05 9.97895E-05 0.0238582 0.8489 9.97895E-05 9.97895E-05 9.97895E-05 9.97895E-05 9.97895E-05 9.97895E-05 9.97895E-05 9.97895E-05 0.0765244 9.97895E-05 9.97895E-05 9.97895E-05 9.97895E-05 9.97895E-05 9.97895E-05 9.97895E-05 9.97895E-05 9.97895E-05 9.97895E-05 9.97895E-05 9.97895E-05 0.0483227 9.97895E-05 9.97895E-05
9.98066E-05 9.98066E-05 0.17462 0.604549 9.98066E-05 9.98066E-05 0.0020499 0.100629 9.98066E-05 9.98066E-05 9.98066E-05 9.98066E-05 0.0153546 9.98066E-05 9.98066E-05 0.100602 9.98066E-05 9.98066E-05 9.98066E-05 9.98066E-05 9.98066E-05 9.98066E-05 9.98066E-05 9.98066E-05 9.98066E-05 9.98066E-05 9.98066E-05 9.98066E-05
9.97638E-05 9.97638E-05 9.97638E-05 0.997306 9.97638E-05 9.97638E-05 9.97638E-05 9.97638E-05 9.97638E-05 9.97638E-05 9.97638E-05 9.97638E-05 9.97638E-05 9.97638E-05 9.97638E-05 9.97638E-05 9.97638E-05 9.97638E-05 9.97638E-05 9.97638E-05 9.97638E-05 9.97638E-05 9.97638E-05 9.97638E-05 9.97638E-05 9.97638E-05 9.97638E-05 9.97638E-05
9.97893E-05 9.97893E-05 0.0306115 0.672065 9.97893E-05 9.97893E-05 9.97893E-05 9.97893E-05 9.97893E-05 9.97893E-05 9.97893E-05 9.97893E-05 9.97893E-05 9.97893E-05 9.97893E-05 9.97893E-05 9.97893E-05 0.000573027 9.97893E-05 9.97893E-05 9.97893E-05 9.97893E-05 9.97893E-05 9.97893E-05 9.97893E-05 9.97893E-05 0.294356 9.97893E-05
9.97984E-05 9.97984E-05 9.97984E-05 0.61243 9.97984E-05 0.241156 9.97984E-05 9.97984E-05 0.0516241 9.97984E-05 0.0306161 9.97984E-05 9.97984E-05 9.97984E-05 9.97984E-05 0.061879 9.97984E-05 9.97984E-05 9.97984E-05 9.97984E-05 9.97984E-05 9.97984E-05 9.97984E-05 9.97984E-05 9.97984E-05 9.97984E-05 9.97984E-05 9.97984E-05
9.98158E-05 9.98158E-05 9.98158E-05 0.691172 0.0425533 9.98158E-05 9.98158E-05 9.98158E-05 9.98158E-05 9.98158E-05 9.98158E-05 9.98158E-05 0.0088582 9.98158E-05 0.0530677 0.000440264 9.98158E-05 0.124065 9.98158E-05 9.98158E-05 9.98158E-05 9.98158E-05 9.98158E-05 9.98158E-05 9.98158E-05 0.0777481 9.98158E-05 9.98158E-05
9.97893E-05 9.97893E-05 0.00876148 0.774205 9.97893E-05 9.97893E-05 0.0786496 9.97893E-05 9.97893E-05 9.97893E-05 9.97893E-05 9.97893E-05 0.135989 9.97893E-05 9.97893E-05 9.97893E-05 9.97893E-05 9.97893E-05 9.97893E-05 9.97893E-05 9.97893E-05 9.97893E-05 9.97893E-05 9.97893E-05 9.97893E-05 9.97893E-05 9.97893E-05 9.97893E-05
9.9781E-05 9.9781E-05 9.9781E-05 0.930325 0.0104661 9.9781E-05 9.9781E-05 9.9781E-05 9.9781E-05 9.9781E-05 9.9781E-05 9.9781E-05 9.9781E-05 9.9781E-05 9.9781E-05 9.9781E-05 9.9781E-05 9.9781E-05 9.9781E-05 9.9781E-05 9.9781E-05 9.9781E-05 0.056714 9.9781E-05 9.9781E-05 9.9781E-05 9.9781E-05 9.9781E-05
9.97985E-05 9.97985E-05 9.97985E-05 0.868892 9.97985E-05 9.97985E-05 0.0957464 9.97985E-05 0.0150166 9.97985E-05 9.97985E-05 0.0132019 9.97985E-05 9.97985E-05 9.97985E-05 9.97985E-05 9.97985E-05 9.97985E-05 9.97985E-05 9.97985E-05 9.97985E-05 9.97985E-05 9.97985E-05 9.97985E-05 9.97985E-05 9.97985E-05 0.00484832 9.97985E-05
9.97635E-05 9.97635E-05 9.97635E-05 0.997306 9.97635E-05 9.97635E-05 9.97635E-05 9.97635E-05 9.97635E-05 9.97635E-05 9.97635E-05 9.97635E-05 9.97635E-05 9.97635E-05 9.97635E-05 9.97635E-05 9.97635E-05 9.97635E-05 9.97635E-05 9.97635E-05 9.97635E-05 9.97635E-05 9.97635E-05 9.97635E-05 9.97635E-05 9.97635E-05 9.97635E-05 9.97635E-05
9.98071E-05 9.98071E-05 0.0434469 0.845552 0.00642112 9.98071E-05 0.0131336 9.98071E-05 9.98071E-05 9.98071E-05 9.98071E-05 9.98071E-05 9.98071E-05 9.98071E-05 9.98071E-05 9.98071E-05 9.98071E-05 9.98071E-05 9.98071E-05 9.98071E-05 9.98071E-05 9.98071E-05 9.98071E-05 9.98071E-05 9.98071E-05 0.0863031 9.98071E-05 0.00294716
9.97984E-05 9.97984E-05 0.0902123 0.423402 0.00538508 9.97984E-05 9.97984E-05 9.97984E-05 0.406959 9.97984E-05 9.97984E-05 9.97984E-05 9.97984E-05 9.97984E-05 9.97984E-05 0.0717455 9.97984E-05 9.97984E-05 9.97984E-05 9.97984E-05 9.97984E-05 9.97984E-05 9.97984E-05 9.97984E-05 9.97984E-05 9.97984E-05 9.97984E-05 9.97984E-05
9.97896E-05 9.97896E-05 0.0895126 9.97896E-05 0.0934065 0.110127 9.97896E-05 9.97896E-05 9.97896E-05 9.97896E-05 9.97896E-05 9.97896E-05 9.97896E-05 9.97896E-05 0.704559 9.97896E-05 9.97896E-05 9.97896E-05 9.97896E-05 9.97896E-05 9.97896E-05 9.97896E-05 9.97896E-05 9.97896E-05 9.97896E-05 9.97896E-05 9.97896E-05 9.97896E-05
9.97894E-05 9.97894E-05 9.97894E-05 9.97894E-05 9.97894E-05 0.173577 9.97894E-05 9.97894E-05 0.712477 9.97894E-05 9.97894E-05 0.0800419 9.97894E-05 9.97894E-05 0.0315083 9.97894E-05 9.97894E-05 9.97894E-05 9.97894E-05 9.97894E-05 9.97894E-05 9.97894E-05 9.97894E-05 9.97894E-05 9.97894E-05 9.97894E-05 9.97894E-05 9.97894E-05
9.97982E-05 9.97982E-05 0.0243615 9.97982E-05 9.97982E-05 0.664941 9.97982E-05 0.00511726 9.97982E-05 9.97982E-05 9.97982E-05 9.97982E-05 9.97982E-05 9.97982E-05 0.286197 9.97982E-05 9.97982E-05 9.97982E-05 9.97982E-05 9.97982E-05 9.97982E-05 9.97982E-05 9.97982E-05 9.97982E-05 9.97982E-05 9.97982E-05 9.97982E-05 0.0170875
9.97892E-05 9.97892E-05 0.14304 9.97892E-05 0.0532708 0.441039 9.97892E-05 9.97892E-05 9.97892E-05 9.97892E-05 9.97892E-05 9.97892E-05 9.97892E-05 9.97892E-05 0.360256 9.97892E-05 9.97892E-05 9.97892E-05 9.97892E-05 9.97892E-05 9.97892E-05 9.97892E-05 9.97892E-05 9.97892E-05 9.97892E-05 9.97892E-05 9.97892E-05 9.97892E-05
9.98068E-05 9.98068E-05 9.98068E-05 9.98068E-05 0.00944242 0.441324 0.0196737 0.0401969 9.98068E-05 9.98068E-05 9.98068E-05 9.98068E-05 9.98068E-05 9.98068E-05 0.485128 9.98068E-05 9.98068E-05 9.98068E-05 9.98068E-05 9.98068E-05 9.98068E-05 9.98068E-05 9.98068E-05 9.98068E-05 9.98068E-05 9.98068E-05 9.98068E-05 0.00203909
9.9807E-05 9.9807E-05 0.129475 9.9807E-05 0.176417 9.9807E-05 9.9807E-05 9.9807E-05 0.194852 9.9807E-05 0.0112428 9.9807E-05 9.9807E-05 9.9807E-05 0.435468 9.9807E-05 9.9807E-05 9.9807E-05 9.9807E-05 9.9807E-05 9.9807E-05 9.9807E-05 9.9807E-05 9.9807E-05 0.0503499 9.9807E-05 9.9807E-05 9.9807E-05
9.97893E-05 9.97893E-05 0.0115899 9.97893E-05 0.0208725 0.964111 9.97893E-05 9.97893E-05 9.97893E-05 9.97893E-05 9.97893E-05 9.97893E-05 9.97893E-05 9.97893E-05 9.97893E-05 9.97893E-05 9.97893E-05 9.97893E-05 9.97893E-05 9.97893E-05 9.97893E-05 9.97893E-05 9.97893E-05 9.97893E-05 9.97893E-05 9.97893E-05 9.97893E-05 0.00103168
9.97806E-05 9.97806E-05 9.97806E-05 9.97806E-05 0.150308 0.749681 9.97806E-05 9.97806E-05 9.97806E-05 9.97806E-05 9.97806E-05 9.97806E-05 9.97806E-05 9.97806E-05 0.0975162 9.97806E-05 9.97806E-05 9.97806E-05 9.97806E-05 9.97806E-05 9.97806E-05 9.97806E-05 9.97806E-05 9.97806E-05 9.97806E-05 9.97806E-05 9.97806E-05 9.97806E-05
9.9798E-05 9.9798E-05 9.9798E-05 9.9798E-05 0.310409 0.250452 9.9798E-05 9.9798E-05 9.9798E-05 9.9798E-05 0.210488 9.9798E-05 9.9798E-05 9.9798E-05 9.9798E-05 0.205053 9.9798E-05 9.9798E-05 9.9798E-05 9.9798E-05 9.9798E-05 9.9798E-05 9.9798E-05 9.9798E-05 9.9798E-05 9.9798E-05 0.0213031 9.9798E-05
9.97895E-05 9.97895E-05 0.190918 9.97895E-05 0.182681 0.614126 0.00988056 9.97895E-05 9.97895E-05 9.97895E-05 9.97895E-05 9.97895E-05 9.97895E-05 9.97895E-05 9.97895E-05 9.97895E-05 9.97895E-05 9.97895E-05 9.97895E-05 9.97895E-05 9.97895E-05 9.97895E-05 9.97895E-05 9.97895E-05 9.97895E-05 9.97895E-05 9.97895E-05 9.97895E-05
9.97983E-05 9.97983E-05 0.0773111 9.97983E-05 0.00730398 9.97983E-05 9.97983E-05 9.97983E-05 9.97983E-05 9.97983E-05 0.0789401 9.97983E-05 9.97983E-05 9.97983E-05 0.368947 9.97983E-05 9.97983E-05 9.97983E-05 9.97983E-05 9.97983E-05 0.465202 9.97983E-05 9.97983E-05 9.97983E-05 9.97983E-05 9.97983E-05 9.97983E-05 9.97983E-05
9.97984E-05 9.97984E-05 9.97984E-05 9.97984E-05 9.97984E-05 0.245008 9.97984E-05 9.97984E-05 9.97984E-05 9.97984E-05 9.97984E-05 0.131125 9.97984E-05 9.97984E-05 0.596218 9.97984E-05 9.97984E-05 9.97984E-05 9.97984E-05 9.97984E-05 0.0183749 0.00697778 9.97984E-05 9.97984E-05 9.97984E-05 9.97984E-05 9.97984E-05 9.97984E-05
9.97897E-05 9.97897E-05 9.97897E-05 9.97897E-05 0.00761295 0.755355 9.97897E-05 9.97897E-05 0.0623681 9.97897E-05 9.97897E-05 9.97897E-05 9.97897E-05 9.97897E-05 0.172269 9.97897E-05 9.97897E-05 9.97897E-05 9.97897E-05 9.97897E-05 9.97897E-05 9.97897E-05 9.97897E-05 9.97897E-05 9.97897E-05 9.97897E-05 9.97897E-05 9.97897E-05
9.98159E-05 9.98159E-05 0.232925 9.98159E-05 0.0942237 0.213456 9.98159E-05 9.98159E-05 0.0404392 9.98159E-05 9.98159E-05 9.98159E-05 9.98159E-05 9.98159E-05 0.344371 9.98159E-05 9.98159E-05 9.98159E-05 0.00301814 9.98159E-05 0.0694704 9.98159E-05 9.98159E-05 9.98159E-05 9.98159E-05 9.98159E-05 9.98159E-05 9.98159E-05
0.0227552 9.98335E-05 9.98335E-05 9.98335E-05 0.0389642 0.402739 9.98335E-05 9.98335E-05 0.154987 9.98335E-05 9.98335E-05 9.98335E-05 0.0483241 9.98335E-05 0.2091 9.98335E-05 9.98335E-05 0.0346102 9.98335E-05 9.98335E-05 9.98335E-05 9.98335E-05 9.98335E-05 9.98335E-05 9.98335E-05 0.0620473 9.98335E-05 0.0245761
0.0640017 9.97984E-05 0.178701 9.97984E-05 9.97984E-05 9.97984E-05 9.97984E-05 9.97984E-05 9.97984E-05 9.97984E-05 9.97984E-05 9.97984E-05 0.00599774 9.97984E-05 0.65528 0.093724 9.97984E-05 9.97984E-05 9.97984E-05 9.97984E-05 9.97984E-05 9.97984E-05 9.97984E-05 9.97984E-05 9.97984E-05 9.97984E-05 9.97984E-05 9.97984E-05
9.98244E-05 9.98244E-05 0.00442952 9.98244E-05 0.0166248 0.596014 9.98244E-05 9.98244E-05 9.98244E-05 9.98244E-05 0.149598 9.98244E-05 9.98244E-05 9.98244E-05 0.176982 9.98244E-05 9.98244E-05 9.98244E-05 9.98244E-05 0.0195036 0.0218734 9.98244E-05 9.98244E-05 9.98244E-05 9.98244E-05 0.0129778 9.98244E-05 9.98244E-05
9.9816E-05 0.0122809 9.9816E-05 9.9816E-05 0.0712908 9.9816E-05 9.9816E-05 9.9816E-05 9.9816E-05 9.9816E-05 9.9816E-05 0.23891 9.9816E-05 9.9816E-05 0.489915 9.9816E-05 9.9816E-05 9.9816E-05 9.9816E-05 9.9816E-05 9.9816E-05 9.9816E-05 9.9816E-05 0.0284943 9.9816E-05 9.9816E-05 0.028212 0.1288
9.97895E-05 9.97895E-05 9.97895E-05 9.97895E-05 9.97895E-05 0.0385672 9.97895E-05 9.97895E-05 9.97895E-05 9.97895E-05 9.97895E-05 9.97895E-05 0.0324702 9.97895E-05 0.693349 9.97895E-05 9.97895E-05 9.97895E-05 9.97895E-05 9.97895E-05 0.233219 9.97895E-05 9.97895E-05 9.97895E-05 9.97895E-05 9.97895E-05 9.97895E-05 9.97895E-05
9.98245E-05 9.98245E-05 0.0424325 9.98245E-05 9.98245E-05 0.212741 9.98245E-05 9.98245E-05 9.98245E-05 9.98245E-05 9.98245E-05 0.377152 0.0718363 0.00505417 0.211294 9.98245E-05 9.98245E-05 9.98245E-05 9.98245E-05 0.0360755 9.98245E-05 9.98245E-05 9.98245E-05 9.98245E-05 0.0414178 9.98245E-05 9.98245E-05 9.98245E-05
9.98158E-05 9.98158E-05 0.108582 9.98158E-05 9.98158E-05 9.98158E-05 9.98158E-05 9.98158E-05 0.0528751 9.98158E-05 0.0743376 9.98158E-05 9.98158E-05 9.98158E-05 0.677871 9.98158E-05 9.98158E-05 9.98158E-05 9.98158E-05 9.98158E-05 0.0423232 9.98158E-05 9.98158E-05 9.98158E-05 0.0203377 9.98158E-05 9.98158E-05 0.0215771
9.97895E-05 9.97895E-05 9.97895E-05 9.97895E-05 9.97895E-05 0.233511 0.0246235 0.00253119 9.97895E-05 9.97895E-05 9.97895E-05 9.97895E-05 9.97895E-05 9.97895E-05 0.736939 9.97895E-05 9.97895E-05 9.97895E-05 9.97895E-05 9.97895E-05 9.97895E-05 9.97895E-05 9.97895E-05 9.97895E-05 9.97895E-05 9.97895E-05 9.97895E-05 9.97895E-05
9.97982E-05 9.97982E-05 0.192341 9.97982E-05 0.191531 9.97982E-05 9.97982E-05 9.97982E-05 9.97982E-05 9.97982E-05 0.0355843 9.97982E-05 9.97982E-05 9.97982E-05 0.548132 9.97982E-05 9.97982E-05 9.97982E-05 9.97982E-05 0.0301161 9.97982E-05 9.97982E-05 9.97982E-05 9.97982E-05 9.97982E-05 9.97982E-05 9.97982E-05 9.97982E-05
9.97984E-05 9.97984E-05 9.97984E-05 9.97984E-05 0.162032 0.220628 9.97984E-05 9.97984E-05 0.196652 9.97984E-05 9.97984E-05 9.97984E-05 9.97984E-05 9.97984E-05 0.365002 9.97984E-05 9.97984E-05 9.97984E-05 9.97984E-05 9.97984E-05 0.0533896 9.97984E-05 9.97984E-05 9.97984E-05 9.97984E-05 9.97984E-05 9.97984E-05 9.97984E-05
9.97982E-05 9.97982E-05 0.192625 9.97982E-05 0.193978 9.97982E-05 9.97982E-05 9.97982E-05 9.97982E-05 9.97982E-05 0.0403776 9.97982E-05 9.97982E-05 9.97982E-05 0.53746 9.97982E-05 9.97982E-05 9.97982E-05 9.97982E-05 0.0332643 9.97982E-05 9.97982E-05 9.97982E-05 9.97982E-05 9.97982E-05 9.97982E-05 9.97982E-05 9.97982E-05
9.97984E-05 9.97984E-05 0.087201 9.97984E-05 0.0703303 0.509883 9.97984E-05 9.97984E-05 9.97984E-05 9.97984E-05 0.0927485 9.97984E-05 9.97984E-05 9.97984E-05 9.97984E-05 9.97984E-05 9.97984E-05 9.97984E-05 9.97984E-05 9.97984E-05 0.237542 9.97984E-05 9.97984E-05 9.97984E-05 9.97984E-05 9.97984E-05 9.97984E-05 9.97984E-05
9.97894E-05 9.97894E-05 9.97894E-05 9.97894E-05 9.97894E-05 9.97894E-05 9.97894E-05 9.97894E-05 9.97894E-05 9.97894E-05 9.97894E-05 0.860258 9.97894E-05 9.97894E-05 0.0546186 9.97894E-05 9.97894E-05 9.97894E-05 0.00396225 9.97894E-05 9.97894E-05 9.97894E-05 9.97894E-05 9.97894E-05 9.97894E-05 9.97894E-05 9.97894E-05 0.0787667
9.97979E-05 9.97979E-05 0.0405538 9.97979E-05 0.0454823 0.528519 9.97979E-05 9.97979E-05 9.97979E-05 9.97979E-05 9.97979E-05 9.97979E-05 9.97979E-05 9.97979E-05 0.366748 9.97979E-05 9.97979E-05 0.0164016 9.97979E-05 9.97979E-05 9.97979E-05 9.97979E-05 9.97979E-05 9.97979E-05 9.97979E-05 9.97979E-05 9.97979E-05 9.97979E-05
9.97983E-05 9.97983E-05 0.12219 9.97983E-05 0.244377 0.327048 9.97983E-05 9.97983E-05 9.97983E-05 9.97983E-05 9.97983E-05 0.0140473 9.97983E-05 9.97983E-05 0.290042 9.97983E-05 9.97983E-05 9.97983E-05 9.97983E-05 9.97983E-05 9.97983E-05 9.97983E-05 9.97983E-05 9.97983E-05 9.97983E-05 9.97983E-05 9.97983E-05 9.97983E-05
9.9807E-05 9.9807E-05 0.0786206 9.9807E-05 9.9807E-05 9.9807E-05 9.9807E-05 9.9807E-05 0.308618 9.9807E-05 9.9807E-05 9.9807E-05 0.00674245 9.9807E-05 0.481793 9.9807E-05 9.9807E-05 9.9807E-05 9.9807E-05 0.0129212 9.9807E-05 9.9807E-05 9.9807E-05 9.9807E-05 9.9807E-05 9.9807E-05 9.9807E-05 0.109108
9.97983E-05 9.97983E-05 0.155945 9.97983E-05 0.0669705 0.727491 9.97983E-05 9.97983E-05 9.97983E-05 9.97983E-05 9.97983E-05 9.97983E-05 0.0174644 0.0298334 9.97983E-05 9.97983E-05 9.97983E-05 9.97983E-05 9.97983E-05 9.97983E-05 9.97983E-05 9.97983E-05 9.97983E-05 9.97983E-05 9.97983E-05 9.97983E-05 9.97983E-05 9.97983E-05
9.97893E-05 9.97893E-05 9.97893E-05 9.97893E-05 9.97893E-05 0.654321 9.97893E-05 0.0671518 0.143223 9.97893E-05 9.97893E-05 9.97893E-05 9.97893E-05 9.97893E-05 0.132909 9.97893E-05 9.97893E-05 9.97893E-05 9.97893E-05 9.97893E-05 9.97893E-05 9.97893E-05 9.97893E-05 9.97893E-05 9.97893E-05 9.97893E-05 9.97893E-05 9.97893E-05
9.98069E-05 9.98069E-05 0.114358 9.98069E-05 0.277198 0.0607934 9.98069E-05 9.98069E-05 9.98069E-05 9.98069E-05 9.98069E-05 9.98069E-05 9.98069E-05 9.98069E-05 0.240223 9.98069E-05 9.98069E-05 9.98069E-05 9.98069E-05 0.157188 9.98069E-05 9.98069E-05 9.98069E-05 9.98069E-05 9.98069E-05 9.98069E-05 9.98069E-05 0.148044
9.98069E-05 9.98069E-05 0.0330913 9.98069E-05 0.0328603 0.64737 9.98069E-05 9.98069E-05 9.98069E-05 9.98069E-05 9.98069E-05 9.98069E-05 9.98069E-05 9.98069E-05 0.184681 9.98069E-05 0.0118051 9.98069E-05 9.98069E-05 9.98069E-05 9.98069E-05 9.98069E-05 9.98069E-05 9.98069E-05 9.98069E-05 9.98069E-05 0.0879958 9.98069E-05
9.97809E-05 9.97809E-05 9.97809E-05 9.97809E-05 9.97809E-05 0.899945 9.97809E-05 9.97809E-05 0.0163035 9.97809E-05 9.97809E-05 9.97809E-05 9.97809E-05 9.97809E-05 9.97809E-05 9.97809E-05 9.97809E-05 9.97809E-05 9.97809E-05 9.97809E-05 9.97809E-05 9.97809E-05 9.97809E-05 9.97809E-05 0.0812565 9.97809E-05 9.97809E-05 9.97809E-05
9.98244E-05 9.98244E-05 9.98244E-05 9.98244E-05 9.98244E-05 0.422068 0.00461466 0.00176217 9.98244E-05 9.98244E-05 9.98244E-05 9.98244E-05 0.013323 9.98244E-05 0.223589 0.0991719 9.98244E-05 9.98244E-05 9.98244E-05 9.98244E-05 0.199513 9.98244E-05 9.98244E-05 9.98244E-05 0.0339615 9.98244E-05 9.98244E-05 9.98244E-05
