9.98595E-05 9.98595E-05 0.145906 9.98595E-05 9.98595E-05 9.98595E-05 9.98595E-05 0.107951 9.98595E-05 9.98595E-05 9.98595E-05 0.0693151 9.98595E-05 9.98595E-05 0.108259 9.98595E-05 0.14365 9.98595E-05 9.98595E-05 9.98595E-05 0.352801 0.0390839 9.98595E-05 0.0314371
9.98158E-05 9.98158E-05 9.98158E-05 9.98158E-05 9.98158E-05 9.98158E-05 9.98158E-05 9.98158E-05 9.98158E-05 9.98158E-05 9.98158E-05 0.064353 9.98158E-05 9.98158E-05 9.98158E-05 0.824655 0.108896 9.98158E-05 9.98158E-05 9.98158E-05 9.98158E-05 9.98158E-05 9.98158E-05 9.98158E-05
9.97983E-05 9.97983E-05 9.97983E-05 9.97983E-05 9.97983E-05 9.97983E-05 9.97983E-05 9.97983E-05 9.97983E-05 9.97983E-05 0.997705 9.97983E-05 9.97983E-05 9.97983E-05 9.97983E-05 9.97983E-05 9.97983E-05 9.97983E-05 9.97983E-05 9.97983E-05 9.97983E-05 9.97983E-05 9.97983E-05 9.97983E-05
9.98684E-05 0.0273882 9.98684E-05 9.98684E-05 9.98684E-05 9.98684E-05 9.98684E-05 9.98684E-05 0.119243 0.29076 9.98684E-05 9.98684E-05 9.98684E-05 9.98684E-05 0.0433536 0.103443 9.98684E-05 9.98684E-05 0.0362907 9.98684E-05 0.251581 0.0605572 9.98684E-05 0.0658858
9.98071E-05 9.98071E-05 0.0102982 9.98071E-05 9.98071E-05 9.98071E-05 9.98071E-05 9.98071E-05 9.98071E-05 9.98071E-05 9.98071E-05 9.98071E-05 9.98071E-05 9.98071E-05 9.98071E-05 0.987506 9.98071E-05 9.98071E-05 9.98071E-05 9.98071E-05 9.98071E-05 9.98071E-05 9.98071E-05 9.98071E-05
9.98684E-05 0.100475 9.98684E-05 9.98684E-05 9.98684E-05 0.0426306 9.98684E-05 0.0213653 0.158763 9.98684E-05 0.155837 0.0294744 9.98684E-05 9.98684E-05 9.98684E-05 9.98684E-05 0.11153 0.204488 9.98684E-05 9.98684E-05 0.173938 9.98684E-05 9.98684E-05 9.98684E-05
9.98597E-05 9.98597E-05 0.0915445 9.98597E-05 9.98597E-05 9.98597E-05 9.98597E-05 9.98597E-05 9.98597E-05 9.98597E-05 9.98597E-05 0.130525 9.98597E-05 0.12745 9.98597E-05 9.98597E-05 0.108675 0.144046 9.98597E-05 9.98597E-05 0.241161 0.0576983 9.98597E-05 0.0973022
9.98684E-05 0.126773 9.98684E-05 9.98684E-05 9.98684E-05 0.184883 9.98684E-05 0.0216662 9.98684E-05 9.98684E-05 9.98684E-05 9.98684E-05 0.0652037 0.0531447 9.98684E-05 9.98684E-05 0.0117145 0.0166268 9.98684E-05 9.98684E-05 0.399918 0.118572 9.98684E-05 9.98684E-05
9.98421E-05 0.289928 9.98421E-05 9.98421E-05 9.98421E-05 9.98421E-05 0.161057 9.98421E-05 9.98421E-05 9.98421E-05 0.0705927 9.98421E-05 9.98421E-05 9.98421E-05 0.196817 9.98421E-05 9.98421E-05 9.98421E-05 9.98421E-05 9.98421E-05 0.258344 0.0214643 9.98421E-05 9.98421E-05
9.98158E-05 9.98158E-05 0.80581 9.98158E-05 9.98158E-05 9.98158E-05 9.98158E-05 9.98158E-05 9.98158E-05 9.98158E-05 9.98158E-05 9.98158E-05 9.98158E-05 9.98158E-05 0.0322279 0.159866 9.98158E-05 9.98158E-05 9.98158E-05 9.98158E-05 9.98158E-05 9.98158E-05 9.98158E-05 9.98158E-05
9.98244E-05 9.98244E-05 0.171421 9.98244E-05 9.98244E-05 9.98244E-05 9.98244E-05 9.98244E-05 9.98244E-05 9.98244E-05 9.98244E-05 9.98244E-05 9.98244E-05 9.98244E-05 0.141879 9.98244E-05 9.98244E-05 9.98244E-05 9.98244E-05 9.98244E-05 0.593335 9.98244E-05 9.98244E-05 0.0913684
9.97982E-05 9.97982E-05 9.97982E-05 9.97982E-05 9.97982E-05 9.97982E-05 9.97982E-05 9.97982E-05 9.97982E-05 9.97982E-05 0.997705 9.97982E-05 9.97982E-05 9.97982E-05 9.97982E-05 9.97982E-05 9.97982E-05 9.97982E-05 9.97982E-05 9.97982E-05 9.97982E-05 9.97982E-05 9.97982E-05 9.97982E-05
9.98158E-05 9.98158E-05 0.510198 9.98158E-05 9.98158E-05 9.98158E-05 9.98158E-05 9.98158E-05 9.98158E-05 9.98158E-05 9.98158E-05 9.98158E-05 9.98158E-05 9.98158E-05 0.0492948 0.438411 9.98158E-05 9.98158E-05 9.98158E-05 9.98158E-05 9.98158E-05 9.98158E-05 9.98158E-05 9.98158E-05
9.98158E-05 9.98158E-05 9.98158E-05 0.0419835 9.98158E-05 9.98158E-05 9.98158E-05 9.98158E-05 9.98158E-05 9.98158E-05 9.98158E-05 9.98158E-05 9.98158E-05 9.98158E-05 9.98158E-05 9.98158E-05 9.98158E-05 9.98158E-05 9.98158E-05 9.98158E-05 0.790817 9.98158E-05 0.165104 9.98158E-05
9.98685E-05 0.101459 0.317033 0.000805233 9.98685E-05 9.98685E-05 0.11934 9.98685E-05 0.0847436 9.98685E-05 9.98685E-05 9.98685E-05 9.98685E-05 9.98685E-05 0.132858 9.98685E-05 0.12469 0.0517019 9.98685E-05 9.98685E-05 9.98685E-05 9.98685E-05 0.0658702 9.98685E-05
9.98683E-05 0.168292 9.98683E-05 9.98683E-05 9.98683E-05 9.98683E-05 9.98683E-05 0.0310562 9.98683E-05 0.102909 9.98683E-05 9.98683E-05 0.15351 9.98683E-05 0.0585699 0.376864 0.0699534 0.0258921 9.98683E-05 9.98683E-05 9.98683E-05 0.0114561 9.98683E-05 9.98683E-05
0.402705 9.98596E-05 0.0780549 9.98596E-05 9.98596E-05 9.98596E-05 9.98596E-05 0.0441991 9.98596E-05 0.0200136 0.192309 9.98596E-05 9.98596E-05 9.98596E-05 0.0236851 9.98596E-05 9.98596E-05 9.98596E-05 9.98596E-05 9.98596E-05 0.222441 9.98596E-05 9.98596E-05 0.0149941
9.98772E-05 0.0701319 9.98772E-05 9.98772E-05 9.98772E-05 9.98772E-05 0.0356652 9.98772E-05 9.98772E-05 9.98772E-05 9.98772E-05 9.98772E-05 0.0238473 9.98772E-05 0.095319 0.0457124 0.163399 9.98772E-05 0.123761 0.113091 0.178732 0.148943 9.98772E-05 9.98772E-05
9.98507E-05 0.111529 0.228836 9.98507E-05 9.98507E-05 9.98507E-05 9.98507E-05 9.98507E-05 9.98507E-05 9.98507E-05 0.0197255 9.98507E-05 9.98507E-05 9.98507E-05 0.217223 9.98507E-05 9.98507E-05 0.150892 9.98507E-05 9.98507E-05 0.16501 0.105087 9.98507E-05 9.98507E-05
9.98071E-05 9.98071E-05 0.380936 9.98071E-05 9.98071E-05 9.98071E-05 9.98071E-05 9.98071E-05 9.98071E-05 9.98071E-05 9.98071E-05 9.98071E-05 9.98071E-05 9.98071E-05 9.98071E-05 0.616868 9.98071E-05 9.98071E-05 9.98071E-05 9.98071E-05 9.98071E-05 9.98071E-05 9.98071E-05 9.98071E-05
9.98244E-05 0.045062 9.98244E-05 9.98244E-05 9.98244E-05 0.0852364 9.98244E-05 9.98244E-05 9.98244E-05 9.98244E-05 9.98244E-05 9.98244E-05 0.116088 9.98244E-05 9.98244E-05 9.98244E-05 9.98244E-05 9.98244E-05 9.98244E-05 9.98244E-05 0.751617 9.98244E-05 9.98244E-05 9.98244E-05
9.98421E-05 0.134614 0.350324 9.98421E-05 9.98421E-05 0.0695826 9.98421E-05 9.98421E-05 0.0214381 9.98421E-05 9.98421E-05 9.98421E-05 9.98421E-05 9.98421E-05 9.98421E-05 9.98421E-05 9.98421E-05 0.131951 9.98421E-05 9.98421E-05 9.98421E-05 0.290292 9.98421E-05 9.98421E-05
9.98333E-05 9.98333E-05 9.98333E-05 9.98333E-05 9.98333E-05 9.98333E-05 9.98333E-05 9.98333E-05 9.98333E-05 9.98333E-05 9.98333E-05 9.98333E-05 9.98333E-05 9.98333E-05 0.0210613 9.98333E-05 0.0475344 9.98333E-05 0.00401815 9.98333E-05 0.911305 9.98333E-05 9.98333E-05 0.0141843
9.98509E-05 9.98509E-05 0.16091 9.98509E-05 9.98509E-05 9.98509E-05 0.0251116 9.98509E-05 9.98509E-05 9.98509E-05 9.98509E-05 9.98509E-05 9.98509E-05 9.98509E-05 0.218878 0.0542925 0.115591 9.98509E-05 9.98509E-05 9.98509E-05 0.17929 0.244229 9.98509E-05 9.98509E-05
9.98595E-05 0.00578519 0.0615185 0.119061 9.98595E-05 9.98595E-05 9.98595E-05 9.98595E-05 0.117832 9.98595E-05 9.98595E-05 9.98595E-05 9.98595E-05 9.98595E-05 0.278763 9.98595E-05 9.98595E-05 9.98595E-05 0.0252669 9.98595E-05 0.347345 0.0428314 9.98595E-05 9.98595E-05
9.98596E-05 0.0103208 0.278594 9.98596E-05 0.0451085 0.0197679 9.98596E-05 9.98596E-05 0.0505968 9.98596E-05 9.98596E-05 9.98596E-05 0.0150737 9.98596E-05 0.0373253 9.98596E-05 9.98596E-05 9.98596E-05 9.98596E-05 9.98596E-05 0.541615 9.98596E-05 9.98596E-05 9.98596E-05
9.98683E-05 9.98683E-05 0.134543 9.98683E-05 9.98683E-05 9.98683E-05 9.98683E-05 9.98683E-05 0.338261 0.0475356 9.98683E-05 9.98683E-05 0.0368414 9.98683E-05 0.108271 9.98683E-05 9.98683E-05 9.98683E-05 0.0269138 0.0863975 9.98683E-05 0.20958 9.98683E-05 0.0101591
9.9842E-05 9.9842E-05 0.623201 9.9842E-05 0.0235519 9.9842E-05 9.9842E-05 9.9842E-05 9.9842E-05 0.0415362 9.9842E-05 9.9842E-05 9.9842E-05 9.9842E-05 0.0178122 9.9842E-05 9.9842E-05 0.00628916 9.9842E-05 9.9842E-05 0.285812 9.9842E-05 9.9842E-05 9.9842E-05
9.98421E-05 9.98421E-05 0.552809 9.98421E-05 9.98421E-05 9.98421E-05 9.98421E-05 9.98421E-05 0.0261896 9.98421E-05 9.98421E-05 9.98421E-05 9.98421E-05 9.98421E-05 0.170091 0.150153 0.0856668 9.98421E-05 9.98421E-05 9.98421E-05 9.98421E-05 0.0132936 9.98421E-05 9.98421E-05
9.98333E-05 0.0235471 0.0812887 9.98333E-05 9.98333E-05 9.98333E-05 9.98333E-05 9.98333E-05 9.98333E-05 9.98333E-05 0.539087 9.98333E-05 9.98333E-05 9.98333E-05 9.98333E-05 9.98333E-05 9.98333E-05 9.98333E-05 9.98333E-05 9.98333E-05 0.235364 9.98333E-05 0.118816 9.98333E-05
9.98596E-05 9.98596E-05 0.691332 0.0180887 9.98596E-05 9.98596E-05 9.98596E-05 9.98596E-05 9.98596E-05 9.98596E-05 9.98596E-05 9.98596E-05 9.98596E-05 9.98596E-05 0.0447598 0.0325439 0.0293619 9.98596E-05 0.0222682 9.98596E-05 9.98596E-05 0.0782519 9.98596E-05 0.0817954
0.0141508 9.98421E-05 9.98421E-05 9.98421E-05 0.0228146 9.98421E-05 9.98421E-05 9.98421E-05 0.123258 9.98421E-05 9.98421E-05 9.98421E-05 9.98421E-05 9.98421E-05 0.0201336 9.98421E-05 9.98421E-05 0.0441335 9.98421E-05 9.98421E-05 0.773712 9.98421E-05 9.98421E-05 9.98421E-05
9.98683E-05 9.98683E-05 9.98683E-05 9.98683E-05 9.98683E-05 9.98683E-05 9.98683E-05 9.98683E-05 0.0414698 9.98683E-05 0.150439 9.98683E-05 0.0508154 9.98683E-05 0.0755795 0.0283494 0.021491 9.98683E-05 9.98683E-05 9.98683E-05 0.493849 0.049012 9.98683E-05 0.0874977
9.9842E-05 9.9842E-05 9.9842E-05 9.9842E-05 0.0387116 9.9842E-05 9.9842E-05 9.9842E-05 0.0504327 9.9842E-05 0.654239 9.9842E-05 9.9842E-05 9.9842E-05 0.132708 9.9842E-05 9.9842E-05 9.9842E-05 9.9842E-05 0.0468958 9.9842E-05 0.0752157 9.9842E-05 9.9842E-05
9.9816E-05 9.9816E-05 0.441614 9.9816E-05 9.9816E-05 9.9816E-05 9.9816E-05 9.9816E-05 9.9816E-05 9.9816E-05 0.488067 9.9816E-05 9.9816E-05 9.9816E-05 9.9816E-05 9.9816E-05 9.9816E-05 9.9816E-05 9.9816E-05 9.9816E-05 9.9816E-05 9.9816E-05 9.9816E-05 0.0682219
9.98159E-05 9.98159E-05 0.105369 9.98159E-05 9.98159E-05 9.98159E-05 9.98159E-05 9.98159E-05 9.98159E-05 0.138656 9.98159E-05 9.98159E-05 9.98159E-05 9.98159E-05 9.98159E-05 9.98159E-05 9.98159E-05 9.98159E-05 9.98159E-05 9.98159E-05 0.753879 9.98159E-05 9.98159E-05 9.98159E-05
9.98159E-05 9.98159E-05 0.0593576 9.98159E-05 9.98159E-05 9.98159E-05 9.98159E-05 9.98159E-05 9.98159E-05 9.98159E-05 9.98159E-05 9.98159E-05 9.98159E-05 9.98159E-05 9.98159E-05 9.98159E-05 9.98159E-05 0.0566786 9.98159E-05 9.98159E-05 0.881868 9.98159E-05 9.98159E-05 9.98159E-05
0.0561097 0.0970438 9.98421E-05 9.98421E-05 9.98421E-05 9.98421E-05 9.98421E-05 9.98421E-05 9.98421E-05 9.98421E-05 0.710373 0.027139 9.98421E-05 9.98421E-05 0.0498326 9.98421E-05 9.98421E-05 9.98421E-05 9.98421E-05 9.98421E-05 9.98421E-05 0.057705 9.98421E-05 9.98421E-05
9.98421E-05 0.00798459 9.98421E-05 9.98421E-05 0.022087 9.98421E-05 9.98421E-05 9.98421E-05 9.98421E-05 9.98421E-05 0.721226 0.0951794 9.98421E-05 9.98421E-05 0.150509 9.98421E-05 9.98421E-05 9.98421E-05 9.98421E-05 9.98421E-05 9.98421E-05 9.98421E-05 9.98421E-05 0.00121758
9.98507E-05 9.98507E-05 9.98507E-05 9.98507E-05 9.98507E-05 9.98507E-05 9.98507E-05 9.98507E-05 0.170253 9.98507E-05 0.488011 9.98507E-05 0.0793971 9.98507E-05 0.106599 0.109729 9.98507E-05 0.0244562 9.98507E-05 9.98507E-05 9.98507E-05 0.019858 9.98507E-05 9.98507E-05
9.98069E-05 9.98069E-05 0.976366 9.98069E-05 9.98069E-05 9.98069E-05 9.98069E-05 9.98069E-05 9.98069E-05 9.98069E-05 9.98069E-05 9.98069E-05 9.98069E-05 9.98069E-05 9.98069E-05 9.98069E-05 9.98069E-05 0.0214385 9.98069E-05 9.98069E-05 9.98069E-05 9.98069E-05 9.98069E-05 9.98069E-05
9.98246E-05 0.00598429 0.900669 9.98246E-05 9.98246E-05 9.98246E-05 9.98246E-05 9.98246E-05 9.98246E-05 9.98246E-05 9.98246E-05 9.98246E-05 9.98246E-05 9.98246E-05 0.0422204 9.98246E-05 9.98246E-05 9.98246E-05 9.98246E-05 9.98246E-05 9.98246E-05 0.0491301 9.98246E-05 9.98246E-05
9.9807E-05 9.9807E-05 0.911112 9.9807E-05 9.9807E-05 9.9807E-05 9.9807E-05 9.9807E-05 9.9807E-05 9.9807E-05 9.9807E-05 9.9807E-05 9.9807E-05 9.9807E-05 9.9807E-05 9.9807E-05 9.9807E-05 9.9807E-05 9.9807E-05 9.9807E-05 9.9807E-05 9.9807E-05 0.0866925 9.9807E-05
9.98509E-05 0.0412971 0.0133359 9.98509E-05 9.98509E-05 9.98509E-05 0.0275862 9.98509E-05 9.98509E-05 9.98509E-05 0.516725 9.98509E-05 9.98509E-05 9.98509E-05 0.176426 9.98509E-05 0.120103 9.98509E-05 9.98509E-05 9.98509E-05 9.98509E-05 0.102829 9.98509E-05 9.98509E-05
9.98421E-05 9.98421E-05 9.98421E-05 9.98421E-05 9.98421E-05 9.98421E-05 9.98421E-05 9.98421E-05 9.98421E-05 0.076255 0.322322 9.98421E-05 9.98421E-05 9.98421E-05 0.23149 9.98421E-05 9.98421E-05 0.00684147 0.0125739 9.98421E-05 9.98421E-05 0.34872 9.98421E-05 9.98421E-05
9.98331E-05 9.98331E-05 0.428628 9.98331E-05 9.98331E-05 9.98331E-05 9.98331E-05 9.98331E-05 9.98331E-05 9.98331E-05 0.496528 9.98331E-05 9.98331E-05 9.98331E-05 0.0210356 9.98331E-05 9.98331E-05 0.00598049 0.0459316 9.98331E-05 9.98331E-05 9.98331E-05 9.98331E-05 9.98331E-05
9.97981E-05 9.97981E-05 9.97981E-05 9.97981E-05 9.97981E-05 9.97981E-05 9.97981E-05 9.97981E-05 9.97981E-05 9.97981E-05 9.97981E-05 9.97981E-05 9.97981E-05 9.97981E-05 9.97981E-05 0.997705 9.97981E-05 9.97981E-05 9.97981E-05 9.97981E-05 9.97981E-05 9.97981E-05 9.97981E-05 9.97981E-05
9.97982E-05 9.97982E-05 9.97982E-05 9.97982E-05 9.97982E-05 9.97982E-05 9.97982E-05 9.97982E-05 9.97982E-05 9.97982E-05 0.997705 9.97982E-05 9.97982E-05 9.97982E-05 9.97982E-05 9.97982E-05 9.97982E-05 9.97982E-05 9.97982E-05 9.97982E-05 9.97982E-05 9.97982E-05 9.97982E-05 9.97982E-05
9.9842E-05 9.9842E-05 9.9842E-05 9.9842E-05 9.9842E-05 0.0220036 9.9842E-05 9.9842E-05 9.9842E-05 0.00489727 9.9842E-05 9.9842E-05 9.9842E-05 9.9842E-05 0.0724894 0.857529 9.9842E-05 9.9842E-05 9.9842E-05 9.9842E-05 9.9842E-05 0.0267067 9.9842E-05 0.0145773
9.98074E-05 9.98074E-05 9.98074E-05 9.98074E-05 9.98074E-05 9.98074E-05 9.98074E-05 9.98074E-05 9.98074E-05 9.98074E-05 9.98074E-05 9.98074E-05 9.98074E-05 0.0545746 9.98074E-05 0.94323 9.98074E-05 9.98074E-05 9.98074E-05 9.98074E-05 9.98074E-05 9.98074E-05 9.98074E-05 9.98074E-05
9.98771E-05 0.0332311 9.98771E-05 9.98771E-05 9.98771E-05 9.98771E-05 0.0135933 0.00147649 0.135974 9.98771E-05 0.0106882 9.98771E-05 9.98771E-05 9.98771E-05 0.195367 0.289675 9.98771E-05 0.0189042 9.98771E-05 9.98771E-05 0.157932 9.98771E-05 9.98771E-05 0.14176
9.98684E-05 9.98684E-05 0.368669 9.98684E-05 9.98684E-05 0.00547159 0.00762796 9.98684E-05 9.98684E-05 0.0947383 9.98684E-05 9.98684E-05 0.0221594 9.98684E-05 9.98684E-05 0.196524 9.98684E-05 9.98684E-05 0.0174212 9.98684E-05 0.139668 0.146222 9.98684E-05 9.98684E-05
0.109474 9.98158E-05 0.869792 9.98158E-05 9.98158E-05 9.98158E-05 9.98158E-05 9.98158E-05 9.98158E-05 9.98158E-05 9.98158E-05 9.98158E-05 9.98158E-05 9.98158E-05 9.98158E-05 9.98158E-05 9.98158E-05 9.98158E-05 9.98158E-05 0.0186376 9.98158E-05 9.98158E-05 9.98158E-05 9.98158E-05
9.98158E-05 9.98158E-05 9.98158E-05 9.98158E-05 9.98158E-05 9.98158E-05 9.98158E-05 9.98158E-05 9.98158E-05 9.98158E-05 0.57185 9.98158E-05 0.125235 9.98158E-05 9.98158E-05 0.300818 9.98158E-05 9.98158E-05 9.98158E-05 9.98158E-05 9.98158E-05 9.98158E-05 9.98158E-05 9.98158E-05
9.98423E-05 0.011283 0.082234 0.0797238 9.98423E-05 9.98423E-05 9.98423E-05 9.98423E-05 9.98423E-05 9.98423E-05 0.8061 9.98423E-05 9.98423E-05 9.98423E-05 0.00956738 0.00929425 9.98423E-05 9.98423E-05 9.98423E-05 9.98423E-05 9.98423E-05 9.98423E-05 9.98423E-05 9.98423E-05
9.98509E-05 9.98509E-05 0.290387 9.98509E-05 9.98509E-05 9.98509E-05 9.98509E-05 9.98509E-05 0.0571769 9.98509E-05 0.531174 9.98509E-05 9.98509E-05 9.98509E-05 9.98509E-05 0.0363948 9.98509E-05 0.0461799 0.030291 9.98509E-05 9.98509E-05 9.98509E-05 9.98509E-05 0.00669899
9.9842E-05 9.9842E-05 0.797105 9.9842E-05 9.9842E-05 0.0520982 9.9842E-05 9.9842E-05 9.9842E-05 9.9842E-05 9.9842E-05 0.000914982 9.9842E-05 9.9842E-05 0.00146233 9.9842E-05 9.9842E-05 0.0365955 9.9842E-05 0.110027 9.9842E-05 9.9842E-05 9.9842E-05 9.9842E-05
9.97982E-05 9.97982E-05 9.97982E-05 9.97982E-05 9.97982E-05 9.97982E-05 9.97982E-05 9.97982E-05 9.97982E-05 9.97982E-05 9.97982E-05 9.97982E-05 9.97982E-05 9.97982E-05 9.97982E-05 9.97982E-05 9.97982E-05 9.97982E-05 9.97982E-05 9.97982E-05 0.997705 9.97982E-05 9.97982E-05 9.97982E-05
9.98071E-05 9.98071E-05 9.98071E-05 9.98071E-05 9.98071E-05 9.98071E-05 9.98071E-05 9.98071E-05 9.98071E-05 9.98071E-05 0.219592 9.98071E-05 9.98071E-05 9.98071E-05 9.98071E-05 0.778212 9.98071E-05 9.98071E-05 9.98071E-05 9.98071E-05 9.98071E-05 9.98071E-05 9.98071E-05 9.98071E-05
9.9842E-05 0.0204894 9.9842E-05 9.9842E-05 9.9842E-05 9.9842E-05 9.9842E-05 9.9842E-05 0.00619163 9.9842E-05 9.9842E-05 0.0970825 9.9842E-05 9.9842E-05 0.132414 9.9842E-05 0.67503 9.9842E-05 9.9842E-05 0.0669952 9.9842E-05 9.9842E-05 9.9842E-05 9.9842E-05
9.98072E-05 9.98072E-05 9.98072E-05 9.98072E-05 9.98072E-05 9.98072E-05 0.0354323 9.98072E-05 9.98072E-05 9.98072E-05 9.98072E-05 9.98072E-05 9.98072E-05 9.98072E-05 9.98072E-05 9.98072E-05 0.962372 9.98072E-05 9.98072E-05 9.98072E-05 9.98072E-05 9.98072E-05 9.98072E-05 9.98072E-05
9.98158E-05 9.98158E-05 9.98158E-05 9.98158E-05 9.98158E-05 9.98158E-05 9.98158E-05 9.98158E-05 9.98158E-05 9.98158E-05 9.98158E-05 9.98158E-05 9.98158E-05 0.0977238 9.98158E-05 9.98158E-05 0.893625 0.00655512 9.98158E-05 9.98158E-05 9.98158E-05 9.98158E-05 9.98158E-05 9.98158E-05
9.9851E-05 0.0925566 9.9851E-05 9.9851E-05 9.9851E-05 9.9851E-05 9.9851E-05 9.9851E-05 0.217916 9.9851E-05 9.9851E-05 0.326235 9.9851E-05 0.0304752 0.0207293 9.9851E-05 0.309802 9.9851E-05 9.9851E-05 0.000588053 9.9851E-05 9.9851E-05 9.9851E-05 9.9851E-05
9.98506E-05 0.0823539 9.98506E-05 9.98506E-05 9.98506E-05 0.0797873 9.98506E-05 9.98506E-05 9.98506E-05 9.98506E-05 9.98506E-05 9.98506E-05 9.98506E-05 9.98506E-05 0.0828473 9.98506E-05 0.578383 9.98506E-05 0.0216177 0.0259565 9.98506E-05 0.127357 9.98506E-05 9.98506E-05
9.98418E-05 0.031883 9.98418E-05 0.0209453 9.98418E-05 9.98418E-05 9.98418E-05 9.98418E-05 0.0628889 9.98418E-05 9.98418E-05 9.98418E-05 9.98418E-05 9.98418E-05 0.182977 9.98418E-05 0.540503 9.98418E-05 9.98418E-05 9.98418E-05 9.98418E-05 0.159006 9.98418E-05 9.98418E-05
9.98244E-05 9.98244E-05 9.98244E-05 9.98244E-05 9.98244E-05 9.98244E-05 9.98244E-05 9.98244E-05 9.98244E-05 9.98244E-05 9.98244E-05 0.363789 9.98244E-05 9.98244E-05 0.110141 9.98244E-05 0.406305 9.98244E-05 0.117769 9.98244E-05 9.98244E-05 9.98244E-05 9.98244E-05 9.98244E-05
9.98507E-05 0.0200228 9.98507E-05 9.98507E-05 9.98507E-05 9.98507E-05 9.98507E-05 9.98507E-05 0.114689 9.98507E-05 9.98507E-05 0.0347977 9.98507E-05 9.98507E-05 0.175427 9.98507E-05 0.474565 0.0175739 9.98507E-05 0.161227 9.98507E-05 9.98507E-05 9.98507E-05 9.98507E-05
9.98333E-05 0.0464692 9.98333E-05 9.98333E-05 9.98333E-05 9.98333E-05 0.00378976 9.98333E-05 0.0200807 9.98333E-05 9.98333E-05 0.0190099 9.98333E-05 9.98333E-05 9.98333E-05 9.98333E-05 0.908754 9.98333E-05 9.98333E-05 9.98333E-05 9.98333E-05 9.98333E-05 9.98333E-05 9.98333E-05
9.98244E-05 9.98244E-05 9.98244E-05 9.98244E-05 9.98244E-05 9.98244E-05 9.98244E-05 0.046171 9.98244E-05 0.000114979 9.98244E-05 9.98244E-05 9.98244E-05 9.98244E-05 9.98244E-05 9.98244E-05 0.944737 0.00698089 9.98244E-05 9.98244E-05 9.98244E-05 9.98244E-05 9.98244E-05 9.98244E-05
9.98418E-05 0.0365902 9.98418E-05 9.98418E-05 9.98418E-05 9.98418E-05 9.98418E-05 0.00560411 9.98418E-05 9.98418E-05 9.98418E-05 9.98418E-05 9.98418E-05 9.98418E-05 0.295408 9.98418E-05 0.439454 0.0478726 9.98418E-05 9.98418E-05 9.98418E-05 9.98418E-05 9.98418E-05 0.173274
9.98594E-05 9.98594E-05 9.98594E-05 0.103435 9.98594E-05 9.98594E-05 9.98594E-05 9.98594E-05 9.98594E-05 9.98594E-05 9.98594E-05 0.130259 0.0355397 0.068676 9.98594E-05 9.98594E-05 0.436315 0.0243498 9.98594E-05 9.98594E-05 9.98594E-05 0.125371 9.98594E-05 0.0744563
9.98506E-05 0.0895854 9.98506E-05 9.98506E-05 9.98506E-05 0.0505306 9.98506E-05 0.100874 0.0941799 9.98506E-05 9.98506E-05 9.98506E-05 0.0325238 9.98506E-05 9.98506E-05 9.98506E-05 0.592591 9.98506E-05 9.98506E-05 9.98506E-05 9.98506E-05 9.98506E-05 9.98506E-05 0.0380184
9.98331E-05 9.98331E-05 9.98331E-05 9.98331E-05 9.98331E-05 9.98331E-05 9.98331E-05 9.98331E-05 9.98331E-05 9.98331E-05 9.98331E-05 0.0727278 9.98331E-05 9.98331E-05 0.238303 9.98331E-05 0.437033 0.0483122 9.98331E-05 9.98331E-05 9.98331E-05 0.201727 9.98331E-05 9.98331E-05
9.98335E-05 9.98335E-05 9.98335E-05 9.98335E-05 9.98335E-05 9.98335E-05 0.0139451 9.98335E-05 0.00731143 9.98335E-05 9.98335E-05 9.98335E-05 0.0189165 9.98335E-05 9.98335E-05 9.98335E-05 0.956548 9.98335E-05 9.98335E-05 9.98335E-05 9.98335E-05 9.98335E-05 9.98335E-05 0.00138222
9.98158E-05 0.0259655 9.98158E-05 9.98158E-05 9.98158E-05 9.98158E-05 9.98158E-05 9.98158E-05 9.98158E-05 9.98158E-05 9.98158E-05 9.98158E-05 9.98158E-05 9.98158E-05 9.98158E-05 9.98158E-05 0.938696 9.98158E-05 9.98158E-05 9.98158E-05 9.98158E-05 9.98158E-05 9.98158E-05 0.0332428
9.9833E-05 9.9833E-05 9.9833E-05 9.9833E-05 9.9833E-05 9.9833E-05 9.9833E-05 9.9833E-05 0.0674632 9.9833E-05 9.9833E-05 9.9833E-05 9.9833E-05 0.0671772 9.9833E-05 9.9833E-05 0.662203 0.133757 9.9833E-05 0.0675032 9.9833E-05 9.9833E-05 9.9833E-05 9.9833E-05
9.98507E-05 0.0307841 9.98507E-05 9.98507E-05 9.98507E-05 9.98507E-05 9.98507E-05 0.0352467 9.98507E-05 0.0627261 9.98507E-05 9.98507E-05 9.98507E-05 9.98507E-05 9.98507E-05 9.98507E-05 0.625731 0.108296 9.98507E-05 9.98507E-05 9.98507E-05 0.0669197 9.98507E-05 0.0685987
9.98303E-05 0.0214143 9.98303E-05 9.98303E-05 9.98303E-05 9.98303E-05 9.98303E-05 9.98303E-05 9.98303E-05 0.00683329 9.98303E-05 9.98303E-05 9.98303E-05 9.98303E-05 0.0431872 9.98303E-05 0.82879 0.0144695 9.98303E-05 0.0594544 9.98303E-05 9.98303E-05 9.98303E-05 0.0241538
9.98593E-05 9.98593E-05 9.98593E-05 9.98593E-05 9.98593E-05 0.00293812 9.98593E-05 0.035315 9.98593E-05 9.98593E-05 9.98593E-05 9.98593E-05 0.0358217 9.98593E-05 0.12329 9.98593E-05 0.683346 9.98593E-05 0.0743694 0.00993934 9.98593E-05 9.98593E-05 9.98593E-05 0.0333824
9.98073E-05 9.98073E-05 9.98073E-05 9.98073E-05 9.98073E-05 9.98073E-05 9.98073E-05 9.98073E-05 9.98073E-05 9.98073E-05 9.98073E-05 9.98073E-05 9.98073E-05 9.98073E-05 9.98073E-05 9.98073E-05 0.910279 9.98073E-05 9.98073E-05 9.98073E-05 9.98073E-05 9.98073E-05 0.0875257 9.98073E-05
9.98594E-05 9.98594E-05 9.98594E-05 0.024452 9.98594E-05 9.98594E-05 9.98594E-05 9.98594E-05 0.0699946 9.98594E-05 9.98594E-05 9.98594E-05 9.98594E-05 0.0464129 0.0201365 9.98594E-05 0.603235 9.98594E-05 0.00133516 0.0169593 9.98594E-05 0.215877 9.98594E-05 9.98594E-05
9.9851E-05 9.9851E-05 0.0551795 9.9851E-05 9.9851E-05 9.9851E-05 9.9851E-05 9.9851E-05 0.166753 9.9851E-05 0.0255445 0.0488335 9.9851E-05 9.9851E-05 0.0428603 9.9851E-05 0.63801 9.9851E-05 9.9851E-05 9.9851E-05 9.9851E-05 0.0211222 9.9851E-05 9.9851E-05
9.98508E-05 0.0396242 9.98508E-05 9.98508E-05 9.98508E-05 9.98508E-05 0.0240212 9.98508E-05 0.0185681 9.98508E-05 9.98508E-05 9.98508E-05 9.98508E-05 9.98508E-05 0.0238953 9.98508E-05 0.657362 0.152831 9.98508E-05 0.0819999 9.98508E-05 9.98508E-05 9.98508E-05 9.98508E-05
9.98242E-05 9.98242E-05 9.98242E-05 9.98242E-05 9.98242E-05 9.98242E-05 9.98242E-05 0.0929941 9.98242E-05 9.98242E-05 9.98242E-05 9.98242E-05 9.98242E-05 9.98242E-05 0.0235101 9.98242E-05 0.761391 9.98242E-05 9.98242E-05 9.98242E-05 9.98242E-05 9.98242E-05 9.98242E-05 0.120109
9.98247E-05 0.016045 9.98247E-05 9.98247E-05 9.98247E-05 9.98247E-05 9.98247E-05 9.98247E-05 9.98247E-05 9.98247E-05 0.0732856 9.98247E-05 9.98247E-05 9.98247E-05 0.0084064 9.98247E-05 0.900266 9.98247E-05 9.98247E-05 9.98247E-05 9.98247E-05 9.98247E-05 9.98247E-05 9.98247E-05
9.98072E-05 9.98072E-05 9.98072E-05 9.98072E-05 9.98072E-05 9.98072E-05 9.98072E-05 9.98072E-05 9.98072E-05 9.98072E-05 9.98072E-05 9.98072E-05 9.98072E-05 9.98072E-05 9.98072E-05 9.98072E-05 0.932026 9.98072E-05 9.98072E-05 9.98072E-05 0.0657781 9.98072E-05 9.98072E-05 9.98072E-05
9.9816E-05 9.9816E-05 9.9816E-05 9.9816E-05 9.9816E-05 9.9816E-05 9.9816E-05 9.9816E-05 9.9816E-05 9.9816E-05 9.9816E-05 9.9816E-05 9.9816E-05 9.9816E-05 0.0114946 9.9816E-05 0.974808 9.9816E-05 0.0116011 9.9816E-05 9.9816E-05 9.9816E-05 9.9816E-05 9.9816E-05
9.98247E-05 0.0269933 0.00410075 9.98247E-05 9.98247E-05 9.98247E-05 9.98247E-05 9.98247E-05 9.98247E-05 9.98247E-05 9.98247E-05 9.98247E-05 9.98247E-05 9.98247E-05 9.98247E-05 9.98247E-05 0.888292 9.98247E-05 9.98247E-05 0.0786169 9.98247E-05 9.98247E-05 9.98247E-05 9.98247E-05
9.98422E-05 0.0978036 9.98422E-05 9.98422E-05 9.98422E-05 9.98422E-05 9.98422E-05 9.98422E-05 9.98422E-05 9.98422E-05 0.0287862 9.98422E-05 0.00928956 9.98422E-05 0.0993231 9.98422E-05 0.562159 9.98422E-05 9.98422E-05 9.98422E-05 9.98422E-05 9.98422E-05 0.200841 9.98422E-05
9.9816E-05 0.0898238 9.9816E-05 9.9816E-05 9.9816E-05 9.9816E-05 9.9816E-05 9.9816E-05 0.818917 9.9816E-05 9.9816E-05 9.9816E-05 9.9816E-05 9.9816E-05 0.0891633 9.9816E-05 9.9816E-05 9.9816E-05 9.9816E-05 9.9816E-05 9.9816E-05 9.9816E-05 9.9816E-05 9.9816E-05
9.9807E-05 9.9807E-05 9.9807E-05 9.9807E-05 9.9807E-05 9.9807E-05 9.9807E-05 9.9807E-05 0.218402 9.9807E-05 9.9807E-05 9.9807E-05 9.9807E-05 9.9807E-05 9.9807E-05 9.9807E-05 9.9807E-05 9.9807E-05 9.9807E-05 9.9807E-05 9.9807E-05 9.9807E-05 0.779402 9.9807E-05
0.0571125 9.98508E-05 9.98508E-05 9.98508E-05 9.98508E-05 0.0564397 9.98508E-05 0.00317656 0.748628 9.98508E-05 9.98508E-05 9.98508E-05 9.98508E-05 9.98508E-05 0.104003 9.98508E-05 9.98508E-05 9.98508E-05 9.98508E-05 0.013303 9.98508E-05 9.98508E-05 9.98508E-05 0.01564
9.98243E-05 0.0283716 9.98243E-05 9.98243E-05 9.98243E-05 9.98243E-05 9.98243E-05 9.98243E-05 0.850138 9.98243E-05 9.98243E-05 9.98243E-05 9.98243E-05 9.98243E-05 0.111095 9.98243E-05 9.98243E-05 9.98243E-05 9.98243E-05 0.00839905 9.98243E-05 9.98243E-05 9.98243E-05 9.98243E-05
9.98156E-05 0.0354796 9.98156E-05 9.98156E-05 9.98156E-05 9.98156E-05 9.98156E-05 0.0246713 0.937753 9.98156E-05 9.98156E-05 9.98156E-05 9.98156E-05 9.98156E-05 9.98156E-05 9.98156E-05 9.98156E-05 9.98156E-05 9.98156E-05 9.98156E-05 9.98156E-05 9.98156E-05 9.98156E-05 9.98156E-05
9.98508E-05 0.10045 9.98508E-05 9.98508E-05 0.039904 9.98508E-05 9.98508E-05 9.98508E-05 0.583837 0.0482747 9.98508E-05 0.0317377 9.98508E-05 9.98508E-05 0.177025 9.98508E-05 9.98508E-05 9.98508E-05 9.98508E-05 9.98508E-05 9.98508E-05 9.98508E-05 0.0170735 9.98508E-05
0.105489 0.0751464 9.98596E-05 9.98596E-05 9.98596E-05 9.98596E-05 9.98596E-05 0.0460668 0.658323 9.98596E-05 9.98596E-05 9.98596E-05 9.98596E-05 9.98596E-05 0.0608087 9.98596E-05 9.98596E-05 9.98596E-05 9.98596E-05 0.00459505 9.98596E-05 0.0276866 9.98596E-05 0.0202861
9.98069E-05 0.193498 9.98069E-05 9.98069E-05 9.98069E-05 9.98069E-05 9.98069E-05 9.98069E-05 0.804306 9.98069E-05 9.98069E-05 9.98069E-05 9.98069E-05 9.98069E-05 9.98069E-05 9.98069E-05 9.98069E-05 9.98069E-05 9.98069E-05 9.98069E-05 9.98069E-05 9.98069E-05 9.98069E-05 9.98069E-05
9.98419E-05 0.270195 9.98419E-05 9.98419E-05 9.98419E-05 9.98419E-05 9.98419E-05 0.000131886 0.455372 9.98419E-05 9.98419E-05 0.21978 9.98419E-05 9.98419E-05 9.98419E-05 9.98419E-05 9.98419E-05 9.98419E-05 9.98419E-05 9.98419E-05 9.98419E-05 0.036951 9.98419E-05 0.0157732
9.98158E-05 0.215217 9.98158E-05 9.98158E-05 9.98158E-05 9.98158E-05 9.98158E-05 9.98158E-05 0.521903 9.98158E-05 9.98158E-05 9.98158E-05 9.98158E-05 9.98158E-05 0.260784 9.98158E-05 9.98158E-05 9.98158E-05 9.98158E-05 9.98158E-05 9.98158E-05 9.98158E-05 9.98158E-05 9.98158E-05
0.50353 0.00908791 9.98507E-05 9.98507E-05 0.0282559 9.98507E-05 9.98507E-05 9.98507E-05 0.295185 9.98507E-05 9.98507E-05 0.152573 9.98507E-05 9.98507E-05 9.98507E-05 9.98507E-05 9.98507E-05 0.00722186 9.98507E-05 9.98507E-05 9.98507E-05 9.98507E-05 9.98507E-05 0.0024487
0.230434 9.98508E-05 9.98508E-05 9.98508E-05 0.0337872 9.98508E-05 9.98508E-05 9.98508E-05 0.583028 9.98508E-05 9.98508E-05 0.0583573 9.98508E-05 9.98508E-05 9.98508E-05 0.0393785 9.98508E-05 9.98508E-05 0.0152172 9.98508E-05 9.98508E-05 9.98508E-05 9.98508E-05 0.0381003
0.212622 9.98071E-05 9.98071E-05 9.98071E-05 9.98071E-05 9.98071E-05 9.98071E-05 9.98071E-05 0.785182 9.98071E-05 9.98071E-05 9.98071E-05 9.98071E-05 9.98071E-05 9.98071E-05 9.98071E-05 9.98071E-05 9.98071E-05 9.98071E-05 9.98071E-05 9.98071E-05 9.98071E-05 9.98071E-05 9.98071E-05
0.103275 0.102149 9.98334E-05 9.98334E-05 0.108445 9.98334E-05 9.98334E-05 9.98334E-05 0.476274 9.98334E-05 9.98334E-05 9.98334E-05 9.98334E-05 9.98334E-05 0.20796 9.98334E-05 9.98334E-05 9.98334E-05 9.98334E-05 9.98334E-05 9.98334E-05 9.98334E-05 9.98334E-05 9.98334E-05
0.253555 0.0452757 9.98509E-05 9.98509E-05 9.98509E-05 0.000644131 9.98509E-05 0.000167589 0.571564 9.98509E-05 9.98509E-05 9.98509E-05 9.98509E-05 9.98509E-05 9.98509E-05 9.98509E-05 9.98509E-05 9.98509E-05 9.98509E-05 0.0864405 9.98509E-05 9.98509E-05 9.98509E-05 0.0406555
9.98421E-05 9.98421E-05 9.98421E-05 9.98421E-05 9.98421E-05 9.98421E-05 9.98421E-05 9.98421E-05 0.721279 9.98421E-05 9.98421E-05 0.0731058 9.98421E-05 0.00702733 0.149034 9.98421E-05 9.98421E-05 9.98421E-05 9.98421E-05 9.98421E-05 9.98421E-05 9.98421E-05 0.017477 0.0302803
9.9842E-05 0.0318308 9.9842E-05 9.9842E-05 0.067056 9.9842E-05 9.9842E-05 9.9842E-05 0.575351 9.9842E-05 9.9842E-05 0.174648 9.9842E-05 9.9842E-05 0.122085 9.9842E-05 9.9842E-05 9.9842E-05 0.027232 9.9842E-05 9.9842E-05 9.9842E-05 9.9842E-05 9.9842E-05
9.98511E-05 0.114687 9.98511E-05 9.98511E-05 9.98511E-05 0.0503312 9.98511E-05 9.98511E-05 0.586969 9.98511E-05 9.98511E-05 9.98511E-05 9.98511E-05 0.0368644 9.98511E-05 0.0502907 9.98511E-05 9.98511E-05 9.98511E-05 9.98511E-05 9.98511E-05 0.0914277 0.0677326 9.98511E-05
9.98246E-05 9.98246E-05 9.98246E-05 9.98246E-05 0.0931627 9.98246E-05 9.98246E-05 9.98246E-05 0.860093 9.98246E-05 9.98246E-05 0.00946409 9.98246E-05 9.98246E-05 9.98246E-05 9.98246E-05 9.98246E-05 9.98246E-05 9.98246E-05 9.98246E-05 9.98246E-05 9.98246E-05 9.98246E-05 0.0352839
9.98421E-05 0.0680772 9.98421E-05 9.98421E-05 9.98421E-05 9.98421E-05 9.98421E-05 9.98421E-05 0.334622 9.98421E-05 9.98421E-05 9.98421E-05 0.0393572 9.98421E-05 0.0566392 9.98421E-05 9.98421E-05 9.98421E-05 0.127493 9.98421E-05 9.98421E-05 9.98421E-05 0.372014 9.98421E-05
9.9842E-05 0.0226308 9.9842E-05 9.9842E-05 0.121865 0.0203609 9.9842E-05 9.9842E-05 0.643988 9.9842E-05 9.9842E-05 0.0949778 9.9842E-05 9.9842E-05 0.0943807 9.9842E-05 9.9842E-05 9.9842E-05 9.9842E-05 9.9842E-05 9.9842E-05 9.9842E-05 9.9842E-05 9.9842E-05
9.98332E-05 9.98332E-05 9.98332E-05 9.98332E-05 0.104264 9.98332E-05 9.98332E-05 9.98332E-05 0.857201 9.98332E-05 9.98332E-05 9.98332E-05 9.98332E-05 9.98332E-05 0.0212844 9.98332E-05 9.98332E-05 9.98332E-05 9.98332E-05 0.00835233 9.98332E-05 9.98332E-05 9.98332E-05 0.00700179
9.98334E-05 0.187525 9.98334E-05 9.98334E-05 9.98334E-05 9.98334E-05 9.98334E-05 9.98334E-05 0.476636 9.98334E-05 9.98334E-05 0.0114135 9.98334E-05 9.98334E-05 0.320848 9.98334E-05 9.98334E-05 9.98334E-05 0.00168099 9.98334E-05 9.98334E-05 9.98334E-05 9.98334E-05 9.98334E-05
0.115224 0.176487 9.98421E-05 0.0714381 0.0167987 9.98421E-05 9.98421E-05 9.98421E-05 0.582989 9.98421E-05 9.98421E-05 9.98421E-05 9.98421E-05 9.98421E-05 9.98421E-05 9.98421E-05 9.98421E-05 9.98421E-05 9.98421E-05 9.98421E-05 9.98421E-05 9.98421E-05 0.0352663 9.98421E-05
9.9842E-05 0.156194 9.9842E-05 9.9842E-05 9.9842E-05 9.9842E-05 9.9842E-05 9.9842E-05 0.479008 9.9842E-05 9.9842E-05 0.0767636 9.9842E-05 9.9842E-05 0.197876 9.9842E-05 9.9842E-05 0.00469206 0.0836699 9.9842E-05 9.9842E-05 9.9842E-05 9.9842E-05 9.9842E-05
0.473069 0.150894 9.98421E-05 9.98421E-05 9.98421E-05 9.98421E-05 9.98421E-05 0.0331412 0.189687 9.98421E-05 9.98421E-05 9.98421E-05 9.98421E-05 9.98421E-05 0.0750185 9.98421E-05 0.0763936 9.98421E-05 9.98421E-05 9.98421E-05 9.98421E-05 9.98421E-05 9.98421E-05 9.98421E-05
9.98159E-05 9.98159E-05 9.98159E-05 9.98159E-05 0.327377 9.98159E-05 0.113088 9.98159E-05 9.98159E-05 9.98159E-05 9.98159E-05 9.98159E-05 9.98159E-05 9.98159E-05 9.98159E-05 9.98159E-05 9.98159E-05 9.98159E-05 9.98159E-05 9.98159E-05 9.98159E-05 9.98159E-05 0.557439 9.98159E-05
9.9833E-05 0.0201927 9.9833E-05 9.9833E-05 9.9833E-05 9.9833E-05 9.9833E-05 9.9833E-05 0.858686 9.9833E-05 9.9833E-05 9.9833E-05 9.9833E-05 9.9833E-05 0.0865242 9.9833E-05 9.9833E-05 0.00657212 0.0261283 9.9833E-05 9.9833E-05 9.9833E-05 9.9833E-05 9.9833E-05
0.0668627 0.258826 9.98248E-05 9.98248E-05 9.98248E-05 9.98248E-05 9.98248E-05 9.98248E-05 0.499941 9.98248E-05 9.98248E-05 9.98248E-05 9.98248E-05 9.98248E-05 0.172373 9.98248E-05 9.98248E-05 9.98248E-05 9.98248E-05 9.98248E-05 9.98248E-05 9.98248E-05 9.98248E-05 9.98248E-05
9.98422E-05 9.98422E-05 9.98422E-05 9.98422E-05 0.0807949 0.094635 9.98422E-05 9.98422E-05 0.573149 9.98422E-05 9.98422E-05 9.98422E-05 9.98422E-05 9.98422E-05 0.0862124 9.98422E-05 9.98422E-05 9.98422E-05 9.98422E-05 9.98422E-05 9.98422E-05 9.98422E-05 0.079605 0.0838064
0.234038 9.98333E-05 9.98333E-05 9.98333E-05 9.98333E-05 9.98333E-05 9.98333E-05 9.98333E-05 0.523602 9.98333E-05 9.98333E-05 9.98333E-05 0.0161725 9.98333E-05 0.160162 9.98333E-05 9.98333E-05 9.98333E-05 9.98333E-05 9.98333E-05 9.98333E-05 9.98333E-05 9.98333E-05 0.0641291
0.117741 9.98246E-05 9.98246E-05 9.98246E-05 9.98246E-05 9.98246E-05 9.98246E-05 9.98246E-05 0.750048 9.98246E-05 9.98246E-05 9.98246E-05 9.98246E-05 9.98246E-05 0.0365433 9.98246E-05 9.98246E-05 9.98246E-05 0.093672 9.98246E-05 9.98246E-05 9.98246E-05 9.98246E-05 9.98246E-05
9.98331E-05 0.239679 9.98331E-05 9.98331E-05 9.98331E-05 0.0268589 9.98331E-05 9.98331E-05 0.422172 9.98331E-05 9.98331E-05 9.98331E-05 9.98331E-05 9.98331E-05 0.144696 9.98331E-05 9.98331E-05 9.98331E-05 0.164698 9.98331E-05 9.98331E-05 9.98331E-05 9.98331E-05 9.98331E-05
9.98156E-05 9.98156E-05 9.98156E-05 9.98156E-05 9.98156E-05 9.98156E-05 9.98156E-05 9.98156E-05 0.846082 9.98156E-05 9.98156E-05 9.98156E-05 9.98156E-05 9.98156E-05 0.0402468 9.98156E-05 9.98156E-05 9.98156E-05 9.98156E-05 9.98156E-05 9.98156E-05 0.111575 9.98156E-05 9.98156E-05
0.0478499 9.98334E-05 9.98334E-05 9.98334E-05 0.0793187 9.98334E-05 9.98334E-05 9.98334E-05 0.833918 0.0260831 9.98334E-05 9.98334E-05 9.98334E-05 9.98334E-05 0.0109337 9.98334E-05 9.98334E-05 9.98334E-05 9.98334E-05 9.98334E-05 9.98334E-05 9.98334E-05 9.98334E-05 9.98334E-05
0.0342043 0.0620571 9.98596E-05 9.98596E-05 0.120792 9.98596E-05 9.98596E-05 9.98596E-05 0.656654 0.0212634 9.98596E-05 0.0508179 0.0466074 9.98596E-05 9.98596E-05 9.98596E-05 9.98596E-05 9.98596E-05 9.98596E-05 9.98596E-05 9.98596E-05 0.0060059 9.98596E-05 9.98596E-05
9.98331E-05 0.046475 9.98331E-05 9.98331E-05 9.98331E-05 9.98331E-05 9.98331E-05 9.98331E-05 0.636799 9.98331E-05 9.98331E-05 9.98331E-05 9.98331E-05 9.98331E-05 0.229162 9.98331E-05 9.98331E-05 9.98331E-05 9.98331E-05 0.0430302 9.98331E-05 9.98331E-05 9.98331E-05 0.0426367
0.274888 0.101985 9.98331E-05 9.98331E-05 0.402178 9.98331E-05 9.98331E-05 9.98331E-05 0.0326288 9.98331E-05 9.98331E-05 9.98331E-05 9.98331E-05 9.98331E-05 9.98331E-05 9.98331E-05 9.98331E-05 9.98331E-05 9.98331E-05 9.98331E-05 9.98331E-05 9.98331E-05 0.186423 9.98331E-05
0.232781 0.0725182 9.98334E-05 9.98334E-05 9.98334E-05 9.98334E-05 9.98334E-05 9.98334E-05 0.633473 9.98334E-05 9.98334E-05 9.98334E-05 9.98334E-05 9.98334E-05 9.98334E-05 9.98334E-05 9.98334E-05 9.98334E-05 0.0164876 9.98334E-05 9.98334E-05 9.98334E-05 0.0428438 9.98334E-05
9.98248E-05 9.98248E-05 9.98248E-05 9.98248E-05 0.537879 0.0151719 9.98248E-05 9.98248E-05 0.436532 9.98248E-05 9.98248E-05 9.98248E-05 9.98248E-05 9.98248E-05 9.98248E-05 9.98248E-05 9.98248E-05 9.98248E-05 0.00842052 9.98248E-05 9.98248E-05 9.98248E-05 9.98248E-05 9.98248E-05
0.821502 0.0547303 9.98333E-05 9.98333E-05 0.0247934 9.98333E-05 9.98333E-05 9.98333E-05 0.0141563 9.98333E-05 9.98333E-05 9.98333E-05 9.98333E-05 9.98333E-05 9.98333E-05 9.98333E-05 9.98333E-05 9.98333E-05 0.0829213 9.98333E-05 9.98333E-05 9.98333E-05 9.98333E-05 9.98333E-05
9.98333E-05 0.10714 9.98333E-05 9.98333E-05 9.98333E-05 9.98333E-05 9.98333E-05 9.98333E-05 0.493359 9.98333E-05 9.98333E-05 0.115752 9.98333E-05 9.98333E-05 0.259375 9.98333E-05 9.98333E-05 0.0224781 9.98333E-05 9.98333E-05 9.98333E-05 9.98333E-05 9.98333E-05 9.98333E-05
9.98334E-05 0.0751234 9.98334E-05 0.10145 0.111916 9.98334E-05 9.98334E-05 9.98334E-05 0.699766 9.98334E-05 9.98334E-05 9.98334E-05 9.98334E-05 9.98334E-05 9.98334E-05 9.98334E-05 9.98334E-05 9.98334E-05 9.98334E-05 9.98334E-05 9.98334E-05 0.00984736 9.98334E-05 9.98334E-05
9.98333E-05 0.0757446 9.98333E-05 9.98333E-05 9.98333E-05 9.98333E-05 9.98333E-05 9.98333E-05 0.0703055 9.98333E-05 9.98333E-05 9.98333E-05 9.98333E-05 9.98333E-05 0.0442561 9.98333E-05 9.98333E-05 9.98333E-05 0.0335584 9.98333E-05 9.98333E-05 9.98333E-05 0.774239 9.98333E-05
0.957517 9.98155E-05 9.98155E-05 9.98155E-05 9.98155E-05 9.98155E-05 9.98155E-05 9.98155E-05 0.0166085 9.98155E-05 9.98155E-05 9.98155E-05 9.98155E-05 9.98155E-05 0.0237787 9.98155E-05 9.98155E-05 9.98155E-05 9.98155E-05 9.98155E-05 9.98155E-05 9.98155E-05 9.98155E-05 9.98155E-05
9.98333E-05 0.234894 9.98333E-05 9.98333E-05 9.98333E-05 9.98333E-05 9.98333E-05 9.98333E-05 0.539565 9.98333E-05 9.98333E-05 0.117347 9.98333E-05 9.98333E-05 9.98333E-05 9.98333E-05 9.98333E-05 9.98333E-05 0.102443 9.98333E-05 9.98333E-05 0.00385383 9.98333E-05 9.98333E-05
0.088165 0.104852 9.98334E-05 9.98334E-05 9.98334E-05 9.98334E-05 9.98334E-05 9.98334E-05 0.565276 9.98334E-05 9.98334E-05 9.98334E-05 9.98334E-05 9.98334E-05 0.0425108 9.98334E-05 0.1973 9.98334E-05 9.98334E-05 9.98334E-05 9.98334E-05 9.98334E-05 9.98334E-05 9.98334E-05
0.162029 0.124637 9.98597E-05 9.98597E-05 9.98597E-05 9.98597E-05 0.103199 9.98597E-05 0.398789 9.98597E-05 9.98597E-05 0.115299 0.0247445 9.98597E-05 0.0281097 9.98597E-05 9.98597E-05 9.98597E-05 9.98597E-05 9.98597E-05 9.98597E-05 0.0415955 9.98597E-05 9.98597E-05
9.98248E-05 0.268679 9.98248E-05 9.98248E-05 9.98248E-05 9.98248E-05 9.98248E-05 9.98248E-05 0.484471 9.98248E-05 9.98248E-05 9.98248E-05 9.98248E-05 9.98248E-05 0.208379 9.98248E-05 0.0364756 9.98248E-05 9.98248E-05 9.98248E-05 9.98248E-05 9.98248E-05 9.98248E-05 9.98248E-05
0.223838 9.98334E-05 9.98334E-05 9.98334E-05 0.442757 9.98334E-05 9.98334E-05 9.98334E-05 0.276759 9.98334E-05 9.98334E-05 9.98334E-05 9.98334E-05 9.98334E-05 0.0254651 9.98334E-05 9.98334E-05 9.98334E-05 9.98334E-05 9.98334E-05 9.98334E-05 9.98334E-05 0.0292843 9.98334E-05
9.98156E-05 9.98156E-05 9.98156E-05 9.98156E-05 9.98156E-05 9.98156E-05 9.98156E-05 9.98156E-05 0.709324 0.210681 9.98156E-05 9.98156E-05 9.98156E-05 9.98156E-05 0.0778979 9.98156E-05 9.98156E-05 9.98156E-05 9.98156E-05 9.98156E-05 9.98156E-05 9.98156E-05 9.98156E-05 9.98156E-05
9.98246E-05 0.0628104 9.98246E-05 0.0696015 9.98246E-05 9.98246E-05 9.98246E-05 9.98246E-05 9.98246E-05 9.98246E-05 9.98246E-05 0.014592 9.98246E-05 9.98246E-05 9.98246E-05 9.98246E-05 9.98246E-05 9.98246E-05 9.98246E-05 9.98246E-05 9.98246E-05 9.98246E-05 0.851 9.98246E-05
9.98423E-05 0.0501831 9.98423E-05 9.98423E-05 0.154502 9.98423E-05 9.98423E-05 9.98423E-05 0.587181 9.98423E-05 9.98423E-05 9.98423E-05 9.98423E-05 9.98423E-05 0.068036 9.98423E-05 9.98423E-05 9.98423E-05 9.98423E-05 9.98423E-05 9.98423E-05 9.98423E-05 0.0649464 0.0733539
9.98158E-05 0.0462572 9.98158E-05 9.98158E-05 9.98158E-05 9.98158E-05 9.98158E-05 9.98158E-05 0.936915 9.98158E-05 9.98158E-05 0.0147318 9.98158E-05 9.98158E-05 9.98158E-05 9.98158E-05 9.98158E-05 9.98158E-05 9.98158E-05 9.98158E-05 9.98158E-05 9.98158E-05 9.98158E-05 9.98158E-05
9.98157E-05 9.98157E-05 9.98157E-05 9.98157E-05 9.98157E-05 9.98157E-05 9.98157E-05 9.98157E-05 0.984001 0.00763713 9.98157E-05 9.98157E-05 9.98157E-05 9.98157E-05 0.00626538 9.98157E-05 9.98157E-05 9.98157E-05 9.98157E-05 9.98157E-05 9.98157E-05 9.98157E-05 9.98157E-05 9.98157E-05
9.98419E-05 0.103911 9.98419E-05 0.0303628 9.98419E-05 9.98419E-05 9.98419E-05 9.98419E-05 0.510371 0.0202504 9.98419E-05 0.0812375 9.98419E-05 9.98419E-05 0.25207 9.98419E-05 9.98419E-05 9.98419E-05 9.98419E-05 9.98419E-05 9.98419E-05 9.98419E-05 9.98419E-05 9.98419E-05
9.98158E-05 0.163656 9.98158E-05 9.98158E-05 9.98158E-05 9.98158E-05 9.98158E-05 9.98158E-05 0.752089 9.98158E-05 9.98158E-05 9.98158E-05 9.98158E-05 9.98158E-05 0.0821588 9.98158E-05 9.98158E-05 9.98158E-05 9.98158E-05 9.98158E-05 9.98158E-05 9.98158E-05 9.98158E-05 9.98158E-05
