0.46846 0.0727142 9.99736E-05 9.99736E-05 0.384042 0.0485904 9.99736E-05 0.0258924
0.742718 9.99649E-05 9.99649E-05 9.99649E-05 0.189209 0.00606508 9.99649E-05 0.0616082
0.9222 9.99912E-05 0.0300708 0.00129799 0.0178456 0.00303023 0.00642303 0.0190328
0.292092 9.99824E-05 9.99824E-05 0.404181 0.130198 0.0809692 0.0263728 0.0659873
0.849824 9.99473E-05 9.99473E-05 0.149576 9.99473E-05 9.99473E-05 9.99473E-05 9.99473E-05
0.322533 0.00445884 9.99912E-05 0.23129 0.104816 0.00155453 0.29306 0.0421875
0.327473 9.99737E-05 0.0446617 0.231686 0.243601 0.152278 9.99737E-05 9.99737E-05
0.224237 0.0158314 0.11913 0.364333 9.99825E-05 0.032268 0.244001 9.99825E-05
0.164177 9.99737E-05 9.99737E-05 0.2537 0.376965 9.99737E-05 0.164116 0.0407427
0.897601 0.0911715 9.99561E-05 9.99561E-05 0.0107274 9.99561E-05 9.99561E-05 9.99561E-05
0.516353 9.99649E-05 9.99649E-05 9.99649E-05 0.301466 0.169386 9.99649E-05 0.0123948
0.933391 9.99648E-05 0.00663048 0.039681 9.99648E-05 0.0198974 9.99648E-05 9.99648E-05
0.867165 9.99561E-05 9.99561E-05 0.0309899 0.101346 9.99561E-05 9.99561E-05 9.99561E-05
0.668825 9.99912E-05 0.0440111 0.00606271 0.0506385 0.128505 0.0784641 0.0233938
0.331667 9.99649E-05 9.99649E-05 0.103078 0.320437 9.99649E-05 0.244417 9.99649E-05
0.242453 9.99824E-05 0.0446361 0.312802 0.119587 9.99824E-05 0.221657 0.0586643
0.544824 9.99825E-05 0.0687846 9.99825E-05 0.21272 0.0917628 0.0104788 0.0712297
0.253522 0.175568 9.99912E-05 0.0843146 0.222138 0.0357814 0.0327477 0.195829
0.347351 0.0916624 9.998E-05 0.246611 0.224585 9.998E-05 0.058442 0.0311491
0.934856 0.0389664 9.99561E-05 9.99561E-05 9.99561E-05 0.0256779 9.99561E-05 9.99561E-05
0.492118 9.99912E-05 0.032271 0.253128 0.0246824 0.0991699 0.0502177 0.0483134
0.315932 9.99649E-05 9.99649E-05 0.400351 0.0505768 9.99649E-05 0.23274 9.99649E-05
0.574975 0.0374289 9.99649E-05 9.99649E-05 0.333914 0.0532826 9.99649E-05 9.99649E-05
0.421119 9.99737E-05 0.155078 0.0845047 0.333385 0.00561287 9.99737E-05 9.99737E-05
0.290592 9.99824E-05 9.99824E-05 0.0180412 0.237336 0.0417054 0.251137 0.160989
0.665503 9.99561E-05 9.99561E-05 0.206098 0.127899 9.99561E-05 9.99561E-05 9.99561E-05
0.0905214 0.14618 0.11701 0.0758633 0.37664 0.0220862 0.170099 0.00159986
0.75969 9.99561E-05 9.99561E-05 0.142752 0.0970578 9.99561E-05 9.99561E-05 9.99561E-05
0.629604 9.99737E-05 9.99737E-05 9.99737E-05 0.323283 0.00536945 0.00105872 0.0403851
0.759396 9.99561E-05 9.99561E-05 9.99561E-05 0.0714189 9.99561E-05 0.168686 9.99561E-05
0.688512 0.0260837 9.99736E-05 9.99736E-05 0.135815 0.143542 9.99736E-05 0.00574688
0.520955 9.99737E-05 9.99737E-05 0.182852 0.124995 0.0762767 0.094622 9.99737E-05
0.570005 9.99648E-05 0.0847891 9.99648E-05 0.209177 0.135629 9.99648E-05 9.99648E-05
0.535267 0.0432016 0.0538933 0.0870179 0.182401 0.0275372 0.0640906 0.00659166
0.794271 0.0419573 9.99737E-05 9.99737E-05 0.113583 0.0280291 9.99737E-05 0.0218594
0.721442 9.99649E-05 9.99649E-05 0.138 0.10082 9.99649E-05 9.99649E-05 0.0393386
0.787954 9.99649E-05 0.0903803 0.069265 9.99649E-05 0.0520005 9.99649E-05 9.99649E-05
0.564571 9.99737E-05 9.99737E-05 9.99737E-05 0.14354 0.000950553 0.153397 0.137242
0.567933 9.99737E-05 9.99737E-05 0.00703828 0.269626 0.0812773 0.0738259 9.99737E-05
0.562458 9.99649E-05 0.152836 9.99649E-05 0.133313 9.99649E-05 0.150994 9.99649E-05
0.834098 9.99649E-05 9.99649E-05 0.0506685 0.0974216 0.0174124 9.99649E-05 9.99649E-05
0.672329 9.99649E-05 9.99649E-05 0.0169967 0.289567 9.99649E-05 0.0207073 9.99649E-05
0.899811 0.00492646 9.99737E-05 0.0201491 9.99737E-05 0.00328306 0.0715306 9.99737E-05
0.369109 0.0068162 9.99824E-05 0.0879578 0.421043 0.0900756 0.0247982 9.99824E-05
0.337146 9.99649E-05 9.99649E-05 0.377258 0.212069 9.99649E-05 9.99649E-05 0.0731274
0.834666 9.99648E-05 9.99648E-05 0.0544302 0.0434878 9.99648E-05 9.99648E-05 0.0670162
0.722449 0.0887697 9.99737E-05 9.99737E-05 0.0809534 0.0847481 9.99737E-05 0.0227797
0.989642 9.99473E-05 9.99473E-05 9.99473E-05 9.99473E-05 0.00975843 9.99473E-05 9.99473E-05
0.724089 0.0157878 0.0645511 0.0633309 0.0741287 0.0579127 9.99824E-05 9.99824E-05
0.705233 0.0978659 0.112008 0.0452516 0.0200281 0.0194142 9.99825E-05 9.99825E-05
0.326353 0.0421678 9.99912E-05 0.15911 0.225547 0.12964 0.10281 0.0142725
0.603749 9.99649E-05 9.99649E-05 0.325241 9.99649E-05 9.99649E-05 0.00511914 0.0654904
0.760099 0.121205 9.99561E-05 9.99561E-05 0.118196 9.99561E-05 9.99561E-05 9.99561E-05
0.624986 0.0396772 0.233465 0.0214109 0.0304006 9.99912E-05 0.0190621 0.0308974
0.766607 9.99737E-05 0.0103975 0.125901 0.0846412 9.99737E-05 9.99737E-05 0.0121534
0.747749 9.99649E-05 9.99649E-05 9.99649E-05 9.99649E-05 0.0477893 0.0477562 0.156305
0.724809 0.136102 9.99648E-05 0.0404735 0.0982159 9.99648E-05 9.99648E-05 9.99648E-05
0.804755 0.0337564 9.99737E-05 0.0803396 0.001005 0.0798445 9.99737E-05 9.99737E-05
0.854207 0.0133653 0.0207357 0.0773108 0.034081 9.99737E-05 9.99737E-05 9.99737E-05
0.0864244 0.140865 9.99737E-05 9.99737E-05 0.622793 0.0962042 0.0534133 9.99737E-05
0.343601 0.000476094 0.156774 0.0394478 0.455568 0.00393306 9.99825E-05 9.99825E-05
0.321398 0.136466 0.0241268 9.99737E-05 0.427435 0.0902734 9.99737E-05 9.99737E-05
9.99649E-05 0.0674372 9.99649E-05 9.99649E-05 0.568113 0.0155364 0.348514 9.99649E-05
0.0804207 0.0964376 0.0386079 0.243276 0.512517 0.0285408 9.998E-05 9.998E-05
9.99649E-05 0.0155015 9.99649E-05 9.99649E-05 0.806862 0.0914564 0.0857802 9.99649E-05
9.99737E-05 0.00068106 0.0457295 0.0668618 0.783049 0.103379 9.99737E-05 9.99737E-05
9.99561E-05 0.323528 9.99561E-05 9.99561E-05 0.585647 9.99561E-05 0.0903253 9.99561E-05
0.2218 0.185132 0.00771385 9.99737E-05 0.553274 9.99737E-05 0.0317805 9.99737E-05
0.297868 9.99737E-05 9.99737E-05 0.0402567 0.442509 0.138156 0.0809096 9.99737E-05
9.99649E-05 9.99649E-05 9.99649E-05 9.99649E-05 0.706613 0.245562 0.0115468 0.0358783
9.99649E-05 9.99649E-05 0.117994 0.155046 0.55491 0.17165 9.99649E-05 9.99649E-05
9.998E-05 0.063275 0.0455928 0.0973856 0.423545 0.139609 0.230393 9.998E-05
9.99649E-05 9.99649E-05 0.0510432 0.182657 0.709734 9.99649E-05 0.0561659 9.99649E-05
0.272745 9.997E-05 0.14414 9.997E-05 0.440937 0.0696176 0.0722606 9.997E-05
0.237446 0.0586473 9.998E-05 0.0416671 0.506005 0.0413549 0.11468 9.998E-05
9.997E-05 0.112807 0.0903735 0.240384 0.530899 9.997E-05 0.0252372 9.997E-05
0.0683814 0.0198114 9.997E-05 0.289621 0.434685 0.187201 9.997E-05 9.997E-05
0.182843 0.217321 0.0189488 9.99737E-05 0.446321 0.134267 9.99737E-05 9.99737E-05
9.99649E-05 0.034021 0.136047 9.99649E-05 0.772781 0.0567513 9.99649E-05 9.99649E-05
0.35324 0.0023214 0.0880692 9.99737E-05 0.534698 0.0213714 9.99737E-05 9.99737E-05
0.0069422 0.0736273 0.11502 0.0180579 0.724164 9.998E-05 0.061989 9.998E-05
0.273572 0.0694375 0.0178245 9.99912E-05 0.387034 0.0535854 0.190134 0.00831255
0.10695 0.093612 0.00813302 0.269686 0.390356 0.0324654 0.098698 9.99912E-05
0.20687 9.99736E-05 9.99736E-05 0.0517313 0.451626 0.194171 0.0953024 9.99736E-05
0.341768 9.99737E-05 9.99737E-05 9.99737E-05 0.452506 0.0272343 0.125204 0.0529867
0.367016 0.114033 0.0562828 9.99737E-05 0.445928 9.99737E-05 0.0164397 9.99737E-05
0.182958 0.0168294 0.110815 0.0408005 0.629259 9.99825E-05 9.99825E-05 0.0191381
0.278141 0.237168 9.99562E-05 9.99562E-05 0.484191 9.99562E-05 9.99562E-05 9.99562E-05
0.24617 9.99649E-05 0.0266681 9.99649E-05 0.488949 9.99649E-05 0.237813 9.99649E-05
9.99473E-05 9.99473E-05 9.99473E-05 9.99473E-05 0.113642 9.99473E-05 0.885758 9.99473E-05
0.118581 9.99474E-05 9.99474E-05 9.99474E-05 9.99474E-05 9.99474E-05 0.88082 9.99474E-05
9.99649E-05 0.0318039 9.99649E-05 9.99649E-05 0.183457 0.119222 0.665117 9.99649E-05
9.99736E-05 0.0324215 9.99736E-05 9.99736E-05 0.149177 0.0236833 0.727328 0.0670905
9.99648E-05 0.0256691 0.00973227 9.99648E-05 9.99648E-05 9.99648E-05 0.889311 0.0748878
9.99561E-05 0.000549077 9.99561E-05 9.99561E-05 0.302608 9.99561E-05 0.696343 9.99561E-05
9.99649E-05 0.0596014 9.99649E-05 9.99649E-05 0.118207 0.0646969 0.757095 9.99649E-05
9.99649E-05 0.0561392 9.99649E-05 0.00458943 9.99649E-05 0.00226706 0.936604 9.99649E-05
9.99561E-05 9.99561E-05 9.99561E-05 9.99561E-05 0.210687 0.0438384 0.744975 9.99561E-05
9.996E-05 0.0216677 9.996E-05 0.0315144 0.310335 9.996E-05 0.636083 9.996E-05
0.0223109 9.99649E-05 9.99649E-05 9.99649E-05 0.212416 0.00559683 0.759276 9.99649E-05
9.99649E-05 9.99649E-05 9.99649E-05 9.99649E-05 0.322296 0.0357578 0.631849 0.00969732
9.995E-05 0.00139265 9.995E-05 9.995E-05 9.995E-05 0.004984 0.993124 9.995E-05
9.99474E-05 9.99474E-05 9.99474E-05 9.99474E-05 0.386408 9.99474E-05 0.612992 9.99474E-05
9.99649E-05 0.137021 9.99649E-05 9.99649E-05 9.99649E-05 0.00143101 0.746306 0.114842
9.99649E-05 9.99649E-05 9.99649E-05 9.99649E-05 0.282068 0.05255 0.645108 0.0198748
9.996E-05 0.0149348 9.996E-05 9.996E-05 0.37381 9.996E-05 0.480991 0.129864
9.99562E-05 9.99562E-05 0.0812206 0.100856 9.99562E-05 9.99562E-05 0.817423 9.99562E-05
9.99649E-05 0.0147656 9.99649E-05 9.99649E-05 9.99649E-05 0.133295 0.839105 0.0124342
9.99649E-05 9.99649E-05 9.99649E-05 9.99649E-05 0.0200538 0.0303772 0.841969 0.107201
9.997E-05 0.0456843 9.997E-05 0.0512179 0.18212 9.997E-05 0.712183 0.00849443
9.99648E-05 0.0513581 9.99648E-05 9.99648E-05 0.063382 0.0463886 0.838471 9.99648E-05
9.997E-05 9.997E-05 9.997E-05 0.0833155 0.263409 0.034436 0.595237 0.0233026
9.99474E-05 9.99474E-05 9.99474E-05 9.99474E-05 9.99474E-05 9.99474E-05 0.976742 0.022658
9.99649E-05 9.99649E-05 9.99649E-05 0.101938 0.245749 9.99649E-05 0.588906 0.0630079
9.99562E-05 0.0344777 9.99562E-05 9.99562E-05 0.314864 9.99562E-05 0.650158 9.99562E-05
0.188572 9.9965E-05 9.9965E-05 9.9965E-05 0.0589674 9.9965E-05 0.652522 0.0995392
9.99648E-05 9.99648E-05 9.99648E-05 0.134922 0.0396553 9.99648E-05 0.764523 0.0605003
9.99473E-05 9.99473E-05 9.99473E-05 9.99473E-05 0.239998 9.99473E-05 0.759403 9.99473E-05
9.99649E-05 9.99649E-05 9.99649E-05 9.99649E-05 0.0929242 0.0210962 0.751581 0.133998
9.997E-05 9.997E-05 0.0649843 9.997E-05 0.227991 0.113959 0.562834 0.0299326
9.99649E-05 9.99649E-05 0.0266045 9.99649E-05 9.99649E-05 0.0463578 0.750654 0.175984
9.99736E-05 0.0487649 9.99736E-05 9.99736E-05 0.120407 0.0169827 0.651478 0.162068
9.996E-05 9.996E-05 9.996E-05 9.996E-05 0.0881726 0.0525982 0.695062 0.163768
9.99473E-05 9.99473E-05 9.99473E-05 9.99473E-05 9.99473E-05 9.99473E-05 0.914673 0.0847275
9.99649E-05 9.99649E-05 0.0496712 9.99649E-05 9.99649E-05 0.0517074 0.866267 0.0319549
9.99648E-05 0.0716158 9.99648E-05 9.99648E-05 0.21343 0.0406208 0.673934 9.99648E-05
0.0120107 9.99475E-05 9.99475E-05 9.99475E-05 9.99475E-05 9.99475E-05 0.98739 9.99475E-05
9.99562E-05 0.047466 9.99562E-05 9.99562E-05 9.99562E-05 9.99562E-05 0.841912 0.110122
0.0458163 9.9965E-05 9.9965E-05 9.9965E-05 9.9965E-05 0.034948 0.839411 0.0794247
9.99475E-05 9.99475E-05 9.99475E-05 9.99475E-05 9.99475E-05 9.99475E-05 0.935775 0.0636258
9.996E-05 9.996E-05 9.996E-05 9.996E-05 0.42945 0.0396326 0.505141 0.0253771
9.99649E-05 9.99649E-05 0.0139719 0.0653325 9.99649E-05 9.99649E-05 0.912291 0.00800428
0.128749 9.996E-05 9.996E-05 9.996E-05 0.0393832 9.996E-05 0.787477 0.0439912
0.186462 9.99562E-05 9.99562E-05 9.99562E-05 0.0223571 9.99562E-05 0.790681 9.99562E-05
9.99648E-05 0.0486081 9.99648E-05 9.99648E-05 0.166291 9.99648E-05 0.58745 0.197251
9.99649E-05 0.0327566 9.99649E-05 9.99649E-05 0.206269 0.036926 0.723648 9.99649E-05
9.998E-05 0.0102997 0.110614 9.998E-05 0.129454 0.010739 0.671277 0.0674166
9.996E-05 9.996E-05 9.996E-05 9.996E-05 0.318999 0.0144024 0.629151 0.0370482
0.0337635 9.9965E-05 9.9965E-05 9.9965E-05 0.106439 9.9965E-05 0.839643 0.0197553
9.998E-05 9.998E-05 0.0718202 0.127066 0.190801 0.0198663 0.520061 0.0701856
0.0212185 9.99562E-05 9.99562E-05 9.99562E-05 0.108169 9.99562E-05 0.870112 9.99562E-05
9.99649E-05 0.00692657 9.99649E-05 9.99649E-05 0.0919507 0.0480947 0.852628 9.99649E-05
9.99561E-05 0.0134217 0.155396 9.99561E-05 9.99561E-05 9.99561E-05 0.830683 9.99561E-05
9.99824E-05 0.0194491 0.00763564 9.99824E-05 0.126232 0.0755323 0.697431 0.0735202
9.99473E-05 9.99473E-05 9.99473E-05 9.99473E-05 0.359121 9.99473E-05 0.64028 9.99473E-05
9.99561E-05 9.99561E-05 9.99561E-05 9.99561E-05 0.0414107 0.0283815 0.929708 9.99561E-05
9.99649E-05 9.99649E-05 0.0411632 9.99649E-05 9.99649E-05 0.0415619 0.863998 0.0528769
9.99561E-05 9.99561E-05 9.99561E-05 9.99561E-05 0.0247371 9.99561E-05 0.761903 0.21286
9.99474E-05 9.99474E-05 9.99474E-05 9.99474E-05 0.0706123 9.99474E-05 0.928788 9.99474E-05
9.99472E-05 9.99472E-05 9.99472E-05 9.99472E-05 0.970448 9.99472E-05 9.99472E-05 0.0289523
9.994E-05 9.994E-05 9.994E-05 9.994E-05 9.994E-05 9.994E-05 0.9993 9.994E-05
9.994E-05 9.994E-05 9.994E-05 9.994E-05 0.9993 9.994E-05 9.994E-05 9.994E-05
9.994E-05 9.994E-05 9.994E-05 9.994E-05 9.994E-05 9.994E-05 0.9993 9.994E-05
9.994E-05 9.994E-05 9.994E-05 9.994E-05 9.994E-05 9.994E-05 0.9993 9.994E-05
9.994E-05 9.994E-05 9.994E-05 9.994E-05 9.994E-05 9.994E-05 0.9993 9.994E-05
9.994E-05 9.994E-05 9.994E-05 9.994E-05 0.9993 9.994E-05 9.994E-05 9.994E-05
9.994E-05 9.994E-05 9.994E-05 9.994E-05 9.994E-05 9.994E-05 0.9993 9.994E-05
9.994E-05 9.994E-05 9.994E-05 9.994E-05 9.994E-05 9.994E-05 0.9993 9.994E-05
9.994E-05 9.994E-05 9.994E-05 9.994E-05 0.9993 9.994E-05 9.994E-05 9.994E-05
9.994E-05 9.994E-05 9.994E-05 9.994E-05 0.9993 9.994E-05 9.994E-05 9.994E-05
9.994E-05 9.994E-05 9.994E-05 9.994E-05 0.9993 9.994E-05 9.994E-05 9.994E-05
9.994E-05 9.994E-05 9.994E-05 9.994E-05 9.994E-05 9.994E-05 0.9993 9.994E-05
9.994E-05 9.994E-05 9.994E-05 9.994E-05 9.994E-05 9.994E-05 0.9993 9.994E-05
9.99471E-05 9.99471E-05 9.99471E-05 9.99471E-05 0.99672 9.99471E-05 9.99471E-05 0.00268042
9.994E-05 9.994E-05 9.994E-05 9.994E-05 0.9993 9.994E-05 9.994E-05 9.994E-05
9.99824E-05 0.055247 0.016455 0.019329 0.302384 9.99824E-05 0.374652 0.231733
9.994E-05 9.994E-05 9.994E-05 9.994E-05 0.9993 9.994E-05 9.994E-05 9.994E-05
9.994E-05 9.994E-05 9.994E-05 9.994E-05 9.994E-05 9.994E-05 0.9993 9.994E-05
9.994E-05 9.994E-05 9.994E-05 9.994E-05 0.9993 9.994E-05 9.994E-05 9.994E-05
9.994E-05 9.994E-05 9.994E-05 9.994E-05 0.9993 9.994E-05 9.994E-05 9.994E-05
9.994E-05 9.994E-05 9.994E-05 9.994E-05 0.9993 9.994E-05 9.994E-05 9.994E-05
9.994E-05 9.994E-05 9.994E-05 9.994E-05 9.994E-05 9.994E-05 0.9993 9.994E-05
9.994E-05 9.994E-05 9.994E-05 9.994E-05 0.9993 9.994E-05 9.994E-05 9.994E-05
9.994E-05 9.994E-05 9.994E-05 9.994E-05 9.994E-05 9.994E-05 0.9993 9.994E-05
9.994E-05 9.994E-05 9.994E-05 9.994E-05 0.9993 9.994E-05 9.994E-05 9.994E-05
9.994E-05 9.994E-05 9.994E-05 9.994E-05 0.9993 9.994E-05 9.994E-05 9.994E-05
9.994E-05 9.994E-05 9.994E-05 9.994E-05 9.994E-05 9.994E-05 0.9993 9.994E-05
9.994E-05 9.994E-05 9.994E-05 9.994E-05 9.994E-05 9.994E-05 0.9993 9.994E-05
9.994E-05 9.994E-05 9.994E-05 9.994E-05 9.994E-05 9.994E-05 0.9993 9.994E-05
9.994E-05 9.994E-05 9.994E-05 9.994E-05 0.9993 9.994E-05 9.994E-05 9.994E-05
9.99472E-05 9.99472E-05 9.99472E-05 9.99472E-05 0.988746 9.99472E-05 9.99472E-05 0.0106539
9.994E-05 9.994E-05 9.994E-05 9.994E-05 0.9993 9.994E-05 9.994E-05 9.994E-05
9.994E-05 9.994E-05 9.994E-05 9.994E-05 0.9993 9.994E-05 9.994E-05 9.994E-05
9.994E-05 9.994E-05 9.994E-05 9.994E-05 0.9993 9.994E-05 9.994E-05 9.994E-05
9.994E-05 9.994E-05 9.994E-05 9.994E-05 9.994E-05 9.994E-05 0.9993 9.994E-05
9.994E-05 9.994E-05 9.994E-05 9.994E-05 9.994E-05 9.994E-05 0.9993 9.994E-05
9.994E-05 9.994E-05 9.994E-05 9.994E-05 9.994E-05 9.994E-05 0.9993 9.994E-05
9.994E-05 9.994E-05 9.994E-05 9.994E-05 0.9993 9.994E-05 9.994E-05 9.994E-05
9.994E-05 9.994E-05 9.994E-05 9.994E-05 9.994E-05 9.994E-05 0.9993 9.994E-05
9.994E-05 9.994E-05 9.994E-05 9.994E-05 9.994E-05 9.994E-05 0.9993 9.994E-05
9.994E-05 9.994E-05 9.994E-05 9.994E-05 9.994E-05 9.994E-05 0.9993 9.994E-05
9.994E-05 9.994E-05 9.994E-05 9.994E-05 9.994E-05 9.994E-05 0.9993 9.994E-05
9.994E-05 9.994E-05 9.994E-05 9.994E-05 0.9993 9.994E-05 9.994E-05 9.994E-05
9.994E-05 9.994E-05 9.994E-05 9.994E-05 9.994E-05 9.994E-05 0.9993 9.994E-05
9.994E-05 9.994E-05 9.994E-05 9.994E-05 9.994E-05 9.994E-05 0.9993 9.994E-05
9.997E-05 9.997E-05 0.166868 0.0744135 0.234712 9.997E-05 0.429803 0.0939035
9.994E-05 9.994E-05 9.994E-05 9.994E-05 0.9993 9.994E-05 9.994E-05 9.994E-05
9.994E-05 9.994E-05 9.994E-05 9.994E-05 9.994E-05 9.994E-05 0.9993 9.994E-05
9.994E-05 9.994E-05 9.994E-05 9.994E-05 9.994E-05 9.994E-05 0.9993 9.994E-05
9.994E-05 9.994E-05 9.994E-05 9.994E-05 9.994E-05 9.994E-05 0.9993 9.994E-05
9.994E-05 9.994E-05 9.994E-05 9.994E-05 9.994E-05 9.994E-05 0.9993 9.994E-05
9.994E-05 9.994E-05 9.994E-05 9.994E-05 0.9993 9.994E-05 9.994E-05 9.994E-05
9.994E-05 9.994E-05 9.994E-05 9.994E-05 9.994E-05 9.994E-05 0.9993 9.994E-05
9.994E-05 9.994E-05 9.994E-05 9.994E-05 0.9993 9.994E-05 9.994E-05 9.994E-05
9.994E-05 9.994E-05 9.994E-05 9.994E-05 9.994E-05 9.994E-05 0.9993 9.994E-05
9.994E-05 9.994E-05 9.994E-05 9.994E-05 0.9993 9.994E-05 9.994E-05 9.994E-05
9.994E-05 9.994E-05 9.994E-05 9.994E-05 9.994E-05 9.994E-05 0.9993 9.994E-05
9.994E-05 9.994E-05 9.994E-05 9.994E-05 9.994E-05 9.994E-05 0.9993 9.994E-05
9.994E-05 9.994E-05 9.994E-05 9.994E-05 9.994E-05 9.994E-05 0.9993 9.994E-05
9.994E-05 9.994E-05 9.994E-05 9.994E-05 9.994E-05 9.994E-05 0.9993 9.994E-05
9.994E-05 9.994E-05 9.994E-05 9.994E-05 9.994E-05 9.994E-05 0.9993 9.994E-05
9.994E-05 9.994E-05 9.994E-05 9.994E-05 9.994E-05 9.994E-05 0.9993 9.994E-05
9.994E-05 9.994E-05 9.994E-05 9.994E-05 0.9993 9.994E-05 9.994E-05 9.994E-05
9.994E-05 9.994E-05 9.994E-05 9.994E-05 0.9993 9.994E-05 9.994E-05 9.994E-05
9.994E-05 9.994E-05 9.994E-05 9.994E-05 0.9993 9.994E-05 9.994E-05 9.994E-05
9.994E-05 9.994E-05 9.994E-05 9.994E-05 9.994E-05 9.994E-05 0.9993 9.994E-05
9.994E-05 9.994E-05 9.994E-05 9.994E-05 0.9993 9.994E-05 9.994E-05 9.994E-05
9.994E-05 9.994E-05 9.994E-05 9.994E-05 0.9993 9.994E-05 9.994E-05 9.994E-05
9.994E-05 9.994E-05 9.994E-05 9.994E-05 0.9993 9.994E-05 9.994E-05 9.994E-05
9.994E-05 9.994E-05 9.994E-05 9.994E-05 9.994E-05 9.994E-05 0.9993 9.994E-05
9.994E-05 9.994E-05 9.994E-05 9.994E-05 9.994E-05 9.994E-05 0.9993 9.994E-05
9.994E-05 9.994E-05 9.994E-05 9.994E-05 9.994E-05 9.994E-05 0.9993 9.994E-05
9.994E-05 9.994E-05 9.994E-05 9.994E-05 0.9993 9.994E-05 9.994E-05 9.994E-05
9.994E-05 9.994E-05 9.994E-05 9.994E-05 9.994E-05 9.994E-05 0.9993 9.994E-05
9.994E-05 9.994E-05 9.994E-05 9.994E-05 9.994E-05 9.994E-05 0.9993 9.994E-05
9.994E-05 9.994E-05 9.994E-05 9.994E-05 0.9993 9.994E-05 9.994E-05 9.994E-05
9.994E-05 9.994E-05 9.994E-05 9.994E-05 9.994E-05 9.994E-05 0.9993 9.994E-05
9.994E-05 9.994E-05 9.994E-05 9.994E-05 9.994E-05 9.994E-05 0.9993 9.994E-05
9.99824E-05 0.0306804 0.00720108 9.99824E-05 0.375296 0.179028 0.368489 0.0391056
9.994E-05 9.994E-05 9.994E-05 9.994E-05 0.9993 9.994E-05 9.994E-05 9.994E-05
9.994E-05 9.994E-05 9.994E-05 9.994E-05 9.994E-05 9.994E-05 0.9993 9.994E-05
9.997E-05 0.0139722 0.0338114 9.997E-05 0.0172984 0.0234687 0.911149 9.997E-05
9.996E-05 9.996E-05 9.996E-05 0.11554 0.0562431 9.996E-05 0.753193 0.0746241
9.9956E-05 9.9956E-05 9.9956E-05 9.9956E-05 0.296836 9.9956E-05 0.637793 0.0648719
9.99736E-05 0.0762498 0.0516805 9.99736E-05 0.0906586 9.99736E-05 0.679535 0.101576
9.99472E-05 9.99472E-05 9.99472E-05 9.99472E-05 0.263147 9.99472E-05 0.736254 9.99472E-05
9.99475E-05 9.99475E-05 9.99475E-05 9.99475E-05 0.0317402 9.99475E-05 0.96766 9.99475E-05
9.997E-05 9.997E-05 9.997E-05 0.00932513 0.255735 0.00986685 0.608966 0.115806
9.99736E-05 0.0785779 9.99736E-05 9.99736E-05 0.0576608 0.0736875 0.718181 0.0715928
9.994E-05 9.994E-05 9.994E-05 9.994E-05 9.994E-05 9.994E-05 0.9993 9.994E-05
9.99649E-05 9.99649E-05 9.99649E-05 0.115915 0.138597 9.99649E-05 0.67269 0.0723982
9.99561E-05 9.99561E-05 9.99561E-05 9.99561E-05 0.273018 0.0992802 0.627202 9.99561E-05
9.99473E-05 9.99473E-05 9.99473E-05 0.0506166 9.99473E-05 9.99473E-05 0.948784 9.99473E-05
9.99648E-05 0.0406493 0.0815092 9.99648E-05 0.351525 9.99648E-05 0.525917 9.99648E-05
9.99561E-05 0.16584 9.99561E-05 9.99561E-05 9.99561E-05 9.99561E-05 0.758909 0.0747516
9.99648E-05 9.99648E-05 9.99648E-05 0.000665095 0.204539 0.0479684 0.746428 9.99648E-05
9.99649E-05 9.99649E-05 9.99649E-05 0.0487453 0.246711 0.0564472 0.647697 9.99649E-05
9.99562E-05 9.99562E-05 9.99562E-05 9.99562E-05 0.0962896 9.99562E-05 0.872098 0.0311131
9.99736E-05 0.0216586 0.0420099 9.99736E-05 0.401006 0.0651149 0.46991 9.99736E-05
9.99648E-05 9.99648E-05 0.0168806 9.99648E-05 0.16667 9.99648E-05 0.689135 0.126915
9.99736E-05 0.00202164 9.99736E-05 0.0745759 0.203298 9.99736E-05 0.704412 0.0153925
9.996E-05 9.996E-05 9.996E-05 0.0733786 0.103637 9.996E-05 0.767515 0.0550694
9.99649E-05 9.99649E-05 0.0631768 9.99649E-05 9.99649E-05 0.0208098 0.912366 0.00324779
9.99824E-05 0.0499249 0.14148 0.013349 9.99824E-05 0.0419739 0.694653 0.0584191
9.99686E-05 0.0622324 9.99686E-05 9.99686E-05 9.99686E-05 0.0162487 0.860572 0.0605475
9.99561E-05 0.0955985 9.99561E-05 9.99561E-05 9.99561E-05 9.99561E-05 0.838052 0.0658502
9.99476E-05 9.99476E-05 9.99476E-05 9.99476E-05 0.0574634 9.99476E-05 0.941937 9.99476E-05
9.997E-05 0.0897615 9.997E-05 0.132369 0.0520711 9.997E-05 0.700908 0.0245901
9.99561E-05 0.0634167 9.99561E-05 9.99561E-05 0.270368 9.99561E-05 0.665715 9.99561E-05
9.997E-05 0.11736 0.0654562 0.129121 9.997E-05 9.997E-05 0.636861 0.0509017
9.99561E-05 0.147671 9.99561E-05 9.99561E-05 9.99561E-05 9.99561E-05 0.775801 0.0760279
9.996E-05 9.996E-05 9.996E-05 0.0315656 0.150781 0.00723833 0.810015 9.996E-05
9.99561E-05 9.99561E-05 9.99561E-05 9.99561E-05 0.163237 0.0234393 0.812824 9.99561E-05
9.99648E-05 0.0484282 9.99648E-05 0.0601006 0.186197 9.99648E-05 0.704874 9.99648E-05
9.997E-05 0.0587569 9.997E-05 0.0449232 0.135123 0.0157858 0.745111 9.997E-05
9.99648E-05 0.104847 9.99648E-05 9.99648E-05 0.088495 0.0662185 0.74004 9.99648E-05
9.997E-05 9.997E-05 0.0166827 0.0236179 0.171359 9.997E-05 0.766639 0.0214013
0.0389092 9.99474E-05 9.99474E-05 9.99474E-05 9.99474E-05 9.99474E-05 0.960491 9.99474E-05
9.99648E-05 9.99648E-05 0.206773 9.99648E-05 0.390854 0.0840607 0.317913 9.99648E-05
9.99649E-05 9.99649E-05 0.125081 9.99649E-05 9.99649E-05 0.0523351 0.632549 0.189636
9.99561E-05 9.99561E-05 9.99561E-05 0.332941 0.0286681 9.99561E-05 0.637891 9.99561E-05
9.99736E-05 0.03341 9.99736E-05 0.00511812 0.196554 9.99736E-05 0.711026 0.0535923
9.99737E-05 9.99737E-05 0.00315764 0.036589 0.22543 9.99737E-05 0.59905 0.135473
9.99561E-05 9.99561E-05 9.99561E-05 0.166689 0.1168 9.99561E-05 0.716011 9.99561E-05
9.997E-05 0.00318889 9.997E-05 0.0387474 0.10608 0.0220091 0.829675 9.997E-05
9.9956E-05 0.0458011 9.9956E-05 9.9956E-05 0.3132 9.9956E-05 0.640499 9.9956E-05
9.997E-05 0.0660087 9.997E-05 9.997E-05 0.127468 0.0471569 0.701069 0.0579966
9.994E-05 9.994E-05 9.994E-05 9.994E-05 9.994E-05 9.994E-05 0.9993 9.994E-05
9.99648E-05 0.0035048 9.99648E-05 9.99648E-05 9.99648E-05 0.0740911 0.919692 0.00231184
9.99475E-05 9.99475E-05 9.99475E-05 0.00832573 9.99475E-05 9.99475E-05 0.991075 9.99475E-05
9.99648E-05 0.0388992 0.0934053 9.99648E-05 0.25688 9.99648E-05 0.610416 9.99648E-05
9.99562E-05 0.00882265 9.99562E-05 9.99562E-05 0.157631 9.99562E-05 0.833046 9.99562E-05
9.99561E-05 9.99561E-05 9.99561E-05 9.99561E-05 0.530904 0.017389 0.451208 9.99561E-05
9.996E-05 9.996E-05 9.996E-05 0.165468 0.425669 0.00569724 0.402766 9.996E-05
9.99561E-05 9.99561E-05 9.99561E-05 0.0133969 0.219919 9.99561E-05 0.766185 9.99561E-05
9.997E-05 9.997E-05 9.997E-05 0.244596 0.0171479 0.00086325 0.711421 0.0256726
9.99473E-05 9.99473E-05 9.99473E-05 9.99473E-05 0.0462194 9.99473E-05 0.953181 9.99473E-05
9.9965E-05 0.0172929 9.9965E-05 9.9965E-05 0.329397 0.0221845 0.630726 9.9965E-05
9.99473E-05 9.99473E-05 9.99473E-05 9.99473E-05 9.99473E-05 0.0162819 0.983118 9.99473E-05
9.99561E-05 9.99561E-05 9.99561E-05 9.99561E-05 0.10027 9.99561E-05 0.81317 0.0860596
9.99473E-05 9.99473E-05 9.99473E-05 9.99473E-05 0.279948 9.99473E-05 0.719453 9.99473E-05
9.994E-05 9.994E-05 9.994E-05 9.994E-05 9.994E-05 0.00137269 0.998028 9.994E-05
0.0394798 9.99474E-05 9.99474E-05 9.99474E-05 9.99474E-05 9.99474E-05 0.95992 9.99474E-05
0.183183 9.996E-05 9.996E-05 9.996E-05 0.102849 9.996E-05 0.680263 0.033306
9.99649E-05 9.99649E-05 9.99649E-05 9.99649E-05 0.10294 0.0824832 0.811839 0.00233802
9.99473E-05 9.99473E-05 9.99473E-05 9.99473E-05 9.99473E-05 9.99473E-05 0.826744 0.172657
9.99474E-05 9.99474E-05 0.0502231 9.99474E-05 9.99474E-05 9.99474E-05 0.949177 9.99474E-05
0.0136677 9.99475E-05 9.99475E-05 9.99475E-05 9.99475E-05 9.99475E-05 0.985733 9.99475E-05
9.99737E-05 0.00582182 9.99737E-05 9.99737E-05 0.215439 0.0247478 0.664876 0.0888148
9.99648E-05 9.99648E-05 9.99648E-05 9.99648E-05 0.299617 0.00327579 0.577754 0.118954
9.9965E-05 9.9965E-05 9.9965E-05 9.9965E-05 0.262111 0.0302259 0.696635 0.010628
9.99561E-05 9.99561E-05 9.99561E-05 9.99561E-05 0.501355 9.99561E-05 0.459973 0.0381727
0.22169 9.996E-05 9.996E-05 9.996E-05 0.333082 9.996E-05 0.406492 0.0383363
9.99561E-05 9.99561E-05 9.99561E-05 9.99561E-05 0.160178 9.99561E-05 0.766663 0.0726588
9.99737E-05 0.0856652 0.116681 9.99737E-05 0.284441 9.99737E-05 0.483973 0.0289395
0.0018104 9.99562E-05 9.99562E-05 9.99562E-05 0.167874 9.99562E-05 0.829816 9.99562E-05
9.995E-05 9.995E-05 9.995E-05 9.995E-05 0.268381 0.017219 0.713901 9.995E-05
0.126427 9.99562E-05 9.99562E-05 9.99562E-05 0.127744 9.99562E-05 0.74533 9.99562E-05
9.99737E-05 0.0077826 9.99737E-05 9.99737E-05 0.202025 0.0107741 0.668044 0.111074
9.99563E-05 0.0180217 9.99563E-05 9.99563E-05 0.21164 9.99563E-05 0.769838 9.99563E-05
9.99561E-05 9.99561E-05 9.99561E-05 9.99561E-05 0.0385901 0.00486874 0.956041 9.99561E-05
9.99649E-05 9.99649E-05 9.99649E-05 0.0947332 9.99649E-05 0.0388098 0.793081 0.0729759
9.99736E-05 0.0666408 9.99736E-05 0.0871374 9.99736E-05 0.0480988 0.708772 0.0890506
0.0298541 9.99562E-05 9.99562E-05 9.99562E-05 0.0486118 9.99562E-05 0.921034 9.99562E-05
9.99562E-05 9.99562E-05 9.99562E-05 9.99562E-05 0.00590227 0.0396634 0.953935 9.99562E-05
9.99561E-05 9.99561E-05 9.99561E-05 9.99561E-05 0.0774874 9.99561E-05 0.718217 0.203796
9.99562E-05 9.99562E-05 9.99562E-05 9.99562E-05 0.209986 9.99562E-05 0.715357 0.0741572
9.99736E-05 0.179615 9.99736E-05 9.99736E-05 0.181555 0.0168652 0.557395 0.0642697
9.9956E-05 0.0906106 9.9956E-05 9.9956E-05 0.0715487 9.9956E-05 0.837341 9.9956E-05
9.997E-05 9.997E-05 0.0191228 9.997E-05 0.328157 0.0344582 0.6133 0.00466227
9.99648E-05 9.99648E-05 9.99648E-05 9.99648E-05 0.053817 0.0200847 0.757362 0.168336
0.00230735 9.99649E-05 9.99649E-05 9.99649E-05 0.282809 9.99649E-05 0.49757 0.216915
9.9956E-05 0.0971545 9.9956E-05 9.9956E-05 0.58927 9.9956E-05 0.313076 9.9956E-05
9.99473E-05 9.99473E-05 9.99473E-05 9.99473E-05 0.278322 9.99473E-05 0.721079 9.99473E-05
9.99736E-05 9.99736E-05 0.00274375 9.99736E-05 0.286649 0.128933 0.404635 0.176739
9.994E-05 9.994E-05 9.994E-05 9.994E-05 9.994E-05 9.994E-05 0.9993 9.994E-05
0.0763669 0.00171558 9.99737E-05 0.160557 0.221126 9.99737E-05 0.539935 9.99737E-05
9.99561E-05 9.99561E-05 9.99561E-05 0.232048 9.99561E-05 9.99561E-05 0.733002 0.0344503
9.996E-05 9.996E-05 9.996E-05 0.0210927 0.382961 0.11404 0.481506 9.996E-05
9.99561E-05 0.154933 9.99561E-05 9.99561E-05 0.398377 9.99561E-05 0.44619 9.99561E-05
9.995E-05 9.995E-05 9.995E-05 0.0432532 0.532132 9.995E-05 0.424115 9.995E-05
9.998E-05 0.0281783 0.0816135 0.253936 9.998E-05 0.0344533 0.514691 0.0869282
9.99649E-05 9.99649E-05 9.99649E-05 0.00820249 0.386074 9.99649E-05 0.557662 0.0476619
9.99737E-05 0.044983 9.99737E-05 9.99737E-05 0.290846 0.0273916 0.479544 0.156936
0.110151 0.024469 9.99562E-05 9.99562E-05 9.99562E-05 9.99562E-05 0.86488 9.99562E-05
0.0677325 9.9965E-05 9.9965E-05 9.9965E-05 0.137849 9.9965E-05 0.76806 0.025959
9.99561E-05 9.99561E-05 9.99561E-05 9.99561E-05 0.296465 9.99561E-05 0.684387 0.0186481
9.998E-05 0.133602 0.0399337 9.998E-05 0.501218 0.0158188 0.271171 0.038056
9.99475E-05 9.99475E-05 9.99475E-05 9.99475E-05 0.0776464 9.99475E-05 0.921754 9.99475E-05
0.0968487 9.99562E-05 9.99562E-05 9.99562E-05 0.176504 9.99562E-05 0.726147 9.99562E-05
9.99649E-05 0.029049 9.99649E-05 9.99649E-05 9.99649E-05 0.0372156 0.751441 0.181895
9.996E-05 0.039988 9.996E-05 9.996E-05 0.0147524 9.996E-05 0.889707 0.0551523
9.99562E-05 9.99562E-05 9.99562E-05 9.99562E-05 0.187065 0.0856782 0.726757 9.99562E-05
9.99648E-05 0.0377361 9.99648E-05 9.99648E-05 0.160075 9.99648E-05 0.796769 0.0050193
9.99737E-05 9.99737E-05 0.00121308 0.134144 0.167403 9.99737E-05 0.631389 0.0655514
9.997E-05 9.997E-05 0.0199912 9.997E-05 0.569819 0.034551 0.21396 0.161379
9.99473E-05 9.99473E-05 9.99473E-05 9.99473E-05 0.0456875 9.99473E-05 0.953713 9.99473E-05
9.99648E-05 9.99648E-05 9.99648E-05 0.022596 0.144356 9.99648E-05 0.827234 0.00541458
9.99649E-05 0.0906401 9.99649E-05 9.99649E-05 0.394813 9.99649E-05 0.432211 0.0819365
9.99562E-05 9.99562E-05 9.99562E-05 9.99562E-05 9.99562E-05 0.0727691 0.854195 0.0725359
9.99824E-05 9.99824E-05 0.063106 0.00437283 0.687482 0.0355873 0.0879181 0.121334
9.997E-05 0.152568 9.997E-05 0.0141746 0.28145 0.0127589 0.538748 9.997E-05
9.997E-05 0.0232928 9.997E-05 9.997E-05 0.0413237 0.0993039 0.742685 0.0930942
9.99473E-05 9.99473E-05 9.99473E-05 9.99473E-05 0.551914 9.99473E-05 0.447486 9.99473E-05
9.997E-05 9.997E-05 9.997E-05 0.187873 0.0421177 0.0554891 0.702704 0.0115163
0.0364273 9.99562E-05 9.99562E-05 9.99562E-05 0.23613 9.99562E-05 0.726943 9.99562E-05
9.99648E-05 0.0627939 9.99648E-05 9.99648E-05 0.155189 0.104996 0.676621 9.99648E-05
9.99562E-05 9.99562E-05 9.99562E-05 9.99562E-05 0.247411 9.99562E-05 0.691592 0.0604972
0.0667369 9.9965E-05 9.9965E-05 9.9965E-05 0.0906559 9.9965E-05 0.814775 0.0274321
9.99736E-05 9.99736E-05 0.0393566 9.99736E-05 0.198584 0.0975704 0.656767 0.00742188
9.99561E-05 9.99561E-05 9.99561E-05 9.99561E-05 0.320602 9.99561E-05 0.586753 0.0921444
9.99561E-05 9.99561E-05 9.99561E-05 0.166433 0.652713 9.99561E-05 0.180355 9.99561E-05
9.99649E-05 9.99649E-05 9.99649E-05 0.150528 0.735354 0.0617827 0.0519353 9.99649E-05
9.996E-05 9.996E-05 9.996E-05 0.110311 0.680047 0.0852575 0.123985 9.996E-05
9.9965E-05 9.9965E-05 0.114149 9.9965E-05 0.597576 0.109605 0.17827 9.9965E-05
9.998E-05 0.0930822 0.129686 9.998E-05 0.505167 0.0430717 0.227384 0.00141002
0.181313 9.99562E-05 9.99562E-05 9.99562E-05 0.757776 9.99562E-05 0.0604113 9.99562E-05
9.99649E-05 9.99649E-05 9.99649E-05 0.016866 0.731888 0.0562255 0.194621 9.99649E-05
9.99649E-05 9.99649E-05 0.119976 9.99649E-05 0.615233 0.0906608 0.17373 9.99649E-05
0.216888 9.99737E-05 0.0958314 9.99737E-05 0.500519 0.0886046 0.0978566 9.99737E-05
9.996E-05 9.996E-05 9.996E-05 0.12118 0.645768 0.0577929 0.174859 9.996E-05
9.997E-05 0.00471251 9.997E-05 0.263049 0.543992 0.144237 0.0437094 9.997E-05
9.99475E-05 9.99475E-05 9.99475E-05 9.99475E-05 0.856324 9.99475E-05 9.99475E-05 0.143077
9.998E-05 9.998E-05 0.139726 0.017334 0.579089 0.00625212 0.218955 0.0384437
0.199341 9.9965E-05 9.9965E-05 0.0684203 0.628751 9.9965E-05 0.103087 9.9965E-05
0.0283769 0.0124849 0.0281573 9.99912E-05 0.72971 0.145144 0.0554297 0.000597313
9.996E-05 9.996E-05 9.996E-05 0.219252 0.564167 0.056448 0.159733 9.996E-05
0.000264111 9.99649E-05 9.99649E-05 9.99649E-05 0.717723 0.2151 0.0665134 9.99649E-05
9.996E-05 9.996E-05 0.0312229 9.996E-05 0.823061 0.0131743 9.996E-05 0.132142
9.99561E-05 9.99561E-05 0.131267 9.99561E-05 0.669382 0.198851 9.99561E-05 9.99561E-05
9.99561E-05 9.99561E-05 9.99561E-05 0.234043 0.752921 0.0125366 9.99561E-05 9.99561E-05
9.99561E-05 9.99561E-05 9.99561E-05 9.99561E-05 0.666254 0.0636258 0.26962 9.99561E-05
0.163417 9.99737E-05 9.99737E-05 0.073581 0.649553 0.0512719 0.0618777 9.99737E-05
0.0379296 0.0148718 9.998E-05 0.0454952 0.769681 0.0970455 9.998E-05 0.0347767
9.99561E-05 0.0930302 9.99561E-05 9.99561E-05 0.742197 9.99561E-05 0.164273 9.99561E-05
9.99561E-05 0.0560504 9.99561E-05 9.99561E-05 0.841492 9.99561E-05 0.101958 9.99561E-05
9.99473E-05 9.99473E-05 9.99473E-05 9.99473E-05 0.872625 9.99473E-05 0.126776 9.99473E-05
9.994E-05 9.994E-05 9.994E-05 9.994E-05 0.9993 9.994E-05 9.994E-05 9.994E-05
9.99474E-05 9.99474E-05 9.99474E-05 9.99474E-05 0.992837 9.99474E-05 0.00656329 9.99474E-05
9.99474E-05 9.99474E-05 9.99474E-05 9.99474E-05 0.895338 9.99474E-05 0.104063 9.99474E-05
9.99561E-05 0.02031 9.99561E-05 9.99561E-05 0.747429 9.99561E-05 0.231761 9.99561E-05
9.99474E-05 9.99474E-05 9.99474E-05 9.99474E-05 0.87635 9.99474E-05 0.12305 9.99474E-05
9.99561E-05 0.0196908 9.99561E-05 9.99561E-05 0.817145 9.99561E-05 0.162664 9.99561E-05
9.9956E-05 9.9956E-05 9.9956E-05 9.9956E-05 0.79203 0.0400545 0.167416 9.9956E-05
9.99561E-05 0.058998 9.99561E-05 9.99561E-05 0.911464 0.0290384 9.99561E-05 9.99561E-05
9.99562E-05 9.99562E-05 9.99562E-05 9.99562E-05 0.890164 0.0271926 0.0821438 9.99562E-05
9.9956E-05 9.9956E-05 9.9956E-05 9.9956E-05 0.760379 0.02112 0.218001 9.9956E-05
9.99474E-05 9.99474E-05 9.99474E-05 9.99474E-05 0.757746 9.99474E-05 0.241654 9.99474E-05
9.994E-05 9.994E-05 9.994E-05 9.994E-05 0.9993 9.994E-05 9.994E-05 9.994E-05
9.99474E-05 9.99474E-05 9.99474E-05 9.99474E-05 0.685934 9.99474E-05 0.313466 9.99474E-05
9.9956E-05 0.0588694 9.9956E-05 9.9956E-05 0.654581 9.9956E-05 0.28605 9.9956E-05
9.99473E-05 9.99473E-05 9.99473E-05 9.99473E-05 0.8431 9.99473E-05 0.1563 9.99473E-05
9.99473E-05 9.99473E-05 9.99473E-05 9.99473E-05 0.886005 9.99473E-05 0.113395 9.99473E-05
9.99562E-05 9.99562E-05 9.99562E-05 9.99562E-05 0.931405 0.064649 0.00344592 9.99562E-05
9.9956E-05 9.9956E-05 9.9956E-05 9.9956E-05 0.656568 0.00212835 0.340803 9.9956E-05
9.994E-05 9.994E-05 9.994E-05 9.994E-05 0.9993 9.994E-05 9.994E-05 9.994E-05
9.99472E-05 9.99472E-05 9.99472E-05 9.99472E-05 0.765394 9.99472E-05 0.234006 9.99472E-05
9.99562E-05 9.99562E-05 9.99562E-05 9.99562E-05 0.0804001 9.99562E-05 0.811823 0.107277
9.99474E-05 9.99474E-05 9.99474E-05 9.99474E-05 0.894979 9.99474E-05 0.104422 9.99474E-05
9.99473E-05 9.99473E-05 9.99473E-05 9.99473E-05 0.82429 9.99473E-05 0.17511 9.99473E-05
9.99561E-05 9.99561E-05 0.144253 9.99561E-05 0.848464 0.00678299 9.99561E-05 9.99561E-05
9.994E-05 9.994E-05 9.994E-05 9.994E-05 0.9993 9.994E-05 9.994E-05 9.994E-05
9.99472E-05 9.99472E-05 9.99472E-05 9.99472E-05 0.740424 9.99472E-05 0.258976 9.99472E-05
9.99474E-05 9.99474E-05 9.99474E-05 9.99474E-05 0.806117 9.99474E-05 0.193283 9.99474E-05
9.99562E-05 9.99562E-05 9.99562E-05 9.99562E-05 0.794586 0.0397432 0.165171 9.99562E-05
9.994E-05 9.994E-05 9.994E-05 9.994E-05 0.9993 9.994E-05 9.994E-05 9.994E-05
9.99474E-05 9.99474E-05 9.99474E-05 9.99474E-05 0.848124 9.99474E-05 0.151277 9.99474E-05
9.99473E-05 9.99473E-05 9.99473E-05 9.99473E-05 0.94277 9.99473E-05 0.05663 9.99473E-05
9.99561E-05 0.00801485 9.99561E-05 9.99561E-05 0.913364 9.99561E-05 0.0781213 9.99561E-05
9.99473E-05 9.99473E-05 9.99473E-05 9.99473E-05 0.972741 9.99473E-05 0.0266591 9.99473E-05
9.99472E-05 9.99472E-05 9.99472E-05 9.99472E-05 0.784245 9.99472E-05 0.215155 9.99472E-05
9.994E-05 9.994E-05 9.994E-05 9.994E-05 0.9993 9.994E-05 9.994E-05 9.994E-05
9.99561E-05 9.99561E-05 0.0403023 9.99561E-05 0.891361 9.99561E-05 0.0678368 9.99561E-05
9.99474E-05 9.99474E-05 9.99474E-05 9.99474E-05 0.836487 9.99474E-05 0.162913 9.99474E-05
9.99474E-05 9.99474E-05 9.99474E-05 9.99474E-05 0.996901 9.99474E-05 0.0024996 9.99474E-05
9.99474E-05 9.99474E-05 9.99474E-05 9.99474E-05 0.872978 9.99474E-05 0.126422 9.99474E-05
9.9956E-05 0.0296442 9.9956E-05 9.9956E-05 0.762812 9.9956E-05 0.207044 9.9956E-05
9.99561E-05 9.99561E-05 9.99561E-05 9.99561E-05 0.856921 0.0789783 0.0636006 9.99561E-05
0.0384078 9.997E-05 9.997E-05 0.477214 0.352647 0.112873 9.997E-05 0.0185579
0.019337 9.998E-05 0.178741 0.33877 0.256905 0.00920613 0.196841 9.998E-05
9.99649E-05 9.99649E-05 0.418282 9.99649E-05 0.145329 0.216507 0.219483 9.99649E-05
0.0140773 9.998E-05 0.128072 0.353659 0.264497 0.157076 0.0824192 9.998E-05
9.996E-05 9.996E-05 9.996E-05 0.426483 0.311911 0.200666 0.0605397 9.996E-05
9.996E-05 0.0657293 9.996E-05 0.390592 0.437312 0.105968 9.996E-05 9.996E-05
9.99737E-05 9.99737E-05 0.0355288 0.413934 0.409135 0.117837 0.0232647 9.99737E-05
9.996E-05 9.996E-05 0.24751 0.156511 0.498534 0.0970443 9.996E-05 9.996E-05
9.997E-05 9.997E-05 0.344575 0.00162739 0.173089 0.0618952 0.418513 9.997E-05
9.998E-05 0.155205 0.157733 9.998E-05 0.3318 0.192834 0.0577821 0.104446
9.99649E-05 9.99649E-05 9.99649E-05 0.44787 0.403544 0.106975 0.0412105 9.99649E-05
9.99737E-05 9.99737E-05 0.376447 9.99737E-05 0.27545 0.184249 0.135099 0.0284558
9.997E-05 9.997E-05 0.132306 0.282195 0.402515 0.169198 0.0134861 9.997E-05
0.0101566 9.997E-05 0.176082 0.256575 0.361115 0.195772 9.997E-05 9.997E-05
0.0131027 9.997E-05 0.196934 0.348441 0.393215 0.0480072 9.997E-05 9.997E-05
9.996E-05 9.996E-05 0.269801 0.224561 0.459728 0.0455101 9.996E-05 9.996E-05
9.995E-05 9.995E-05 9.995E-05 0.401831 0.471236 0.126434 9.995E-05 9.995E-05
9.997E-05 9.997E-05 0.234694 0.282554 0.159794 0.0780204 0.244638 9.997E-05
9.99737E-05 9.99737E-05 0.0122628 0.305611 0.337764 0.229497 0.114566 9.99737E-05
0.0117251 0.0294521 0.0686344 0.272006 0.44846 0.169523 9.998E-05 9.998E-05
9.994E-05 9.994E-05 9.994E-05 9.994E-05 9.994E-05 0.9993 9.994E-05 9.994E-05
9.994E-05 9.994E-05 9.994E-05 9.994E-05 9.994E-05 0.9993 9.994E-05 9.994E-05
9.994E-05 9.994E-05 9.994E-05 9.994E-05 9.994E-05 0.9993 9.994E-05 9.994E-05
9.994E-05 9.994E-05 9.994E-05 9.994E-05 9.994E-05 0.9993 9.994E-05 9.994E-05
9.994E-05 9.994E-05 9.994E-05 9.994E-05 9.994E-05 0.9993 9.994E-05 9.994E-05
9.994E-05 9.994E-05 9.994E-05 9.994E-05 9.994E-05 0.9993 9.994E-05 9.994E-05
9.994E-05 9.994E-05 9.994E-05 9.994E-05 9.994E-05 0.9993 9.994E-05 9.994E-05
9.994E-05 9.994E-05 9.994E-05 9.994E-05 9.994E-05 0.9993 9.994E-05 9.994E-05
9.994E-05 9.994E-05 9.994E-05 9.994E-05 9.994E-05 0.9993 9.994E-05 9.994E-05
9.994E-05 9.994E-05 9.994E-05 9.994E-05 9.994E-05 0.9993 9.994E-05 9.994E-05
9.994E-05 9.994E-05 9.994E-05 9.994E-05 9.994E-05 0.9993 9.994E-05 9.994E-05
9.994E-05 9.994E-05 9.994E-05 9.994E-05 9.994E-05 0.9993 9.994E-05 9.994E-05
9.994E-05 9.994E-05 9.994E-05 9.994E-05 9.994E-05 0.9993 9.994E-05 9.994E-05
9.994E-05 9.994E-05 9.994E-05 9.994E-05 9.994E-05 0.9993 9.994E-05 9.994E-05
9.994E-05 9.994E-05 9.994E-05 9.994E-05 9.994E-05 0.9993 9.994E-05 9.994E-05
9.994E-05 9.994E-05 9.994E-05 9.994E-05 9.994E-05 0.9993 9.994E-05 9.994E-05
9.994E-05 9.994E-05 9.994E-05 9.994E-05 9.994E-05 0.9993 9.994E-05 9.994E-05
9.994E-05 9.994E-05 9.994E-05 9.994E-05 9.994E-05 0.9993 9.994E-05 9.994E-05
9.994E-05 9.994E-05 9.994E-05 9.994E-05 9.994E-05 0.9993 9.994E-05 9.994E-05
9.994E-05 9.994E-05 9.994E-05 9.994E-05 9.994E-05 0.9993 9.994E-05 9.994E-05
9.994E-05 9.994E-05 9.994E-05 9.994E-05 9.994E-05 0.9993 9.994E-05 9.994E-05
9.994E-05 9.994E-05 9.994E-05 9.994E-05 9.994E-05 0.9993 9.994E-05 9.994E-05
9.994E-05 9.994E-05 9.994E-05 9.994E-05 9.994E-05 0.9993 9.994E-05 9.994E-05
9.994E-05 9.994E-05 9.994E-05 9.994E-05 9.994E-05 0.9993 9.994E-05 9.994E-05
9.994E-05 9.994E-05 9.994E-05 9.994E-05 9.994E-05 0.9993 9.994E-05 9.994E-05
9.994E-05 9.994E-05 9.994E-05 9.994E-05 9.994E-05 0.9993 9.994E-05 9.994E-05
9.994E-05 9.994E-05 9.994E-05 9.994E-05 9.994E-05 0.9993 9.994E-05 9.994E-05
9.994E-05 9.994E-05 9.994E-05 9.994E-05 9.994E-05 0.9993 9.994E-05 9.994E-05
9.994E-05 9.994E-05 9.994E-05 9.994E-05 9.994E-05 0.9993 9.994E-05 9.994E-05
9.994E-05 9.994E-05 9.994E-05 9.994E-05 9.994E-05 0.9993 9.994E-05 9.994E-05
9.994E-05 9.994E-05 9.994E-05 9.994E-05 9.994E-05 0.9993 9.994E-05 9.994E-05
9.994E-05 9.994E-05 9.994E-05 9.994E-05 9.994E-05 0.9993 9.994E-05 9.994E-05
9.994E-05 9.994E-05 9.994E-05 9.994E-05 9.994E-05 0.9993 9.994E-05 9.994E-05
9.994E-05 9.994E-05 9.994E-05 9.994E-05 9.994E-05 0.9993 9.994E-05 9.994E-05
9.994E-05 9.994E-05 9.994E-05 9.994E-05 9.994E-05 0.9993 9.994E-05 9.994E-05
9.994E-05 9.994E-05 9.994E-05 9.994E-05 9.994E-05 0.9993 9.994E-05 9.994E-05
9.994E-05 9.994E-05 9.994E-05 9.994E-05 9.994E-05 0.9993 9.994E-05 9.994E-05
