9.98596E-05 0.00603019 0.390802 9.98596E-05 0.229591 9.98596E-05 0.0547786 0.000577184 9.98596E-05 9.98596E-05 9.98596E-05 9.98596E-05 9.98596E-05 9.98596E-05 9.98596E-05 9.98596E-05 0.15602 9.98596E-05 9.98596E-05 9.98596E-05 9.98596E-05 9.98596E-05 0.096123 0.00330732 0.0611724
9.98247E-05 9.98247E-05 0.0993281 9.98247E-05 0.554888 9.98247E-05 9.98247E-05 9.98247E-05 9.98247E-05 9.98247E-05 9.98247E-05 9.98247E-05 9.98247E-05 9.98247E-05 9.98247E-05 9.98247E-05 0.223201 0.0213642 9.98247E-05 9.98247E-05 9.98247E-05 9.98247E-05 9.98247E-05 9.98247E-05 0.0992226
9.98246E-05 9.98246E-05 9.98246E-05 0.0675538 0.86764 0.00730144 9.98246E-05 9.98246E-05 9.98246E-05 0.0407585 9.98246E-05 9.98246E-05 9.98246E-05 9.98246E-05 9.98246E-05 9.98246E-05 0.0147501 9.98246E-05 9.98246E-05 9.98246E-05 9.98246E-05 9.98246E-05 9.98246E-05 9.98246E-05 9.98246E-05
9.98772E-05 0.0589823 9.98772E-05 0.0975395 0.242595 9.98772E-05 9.98772E-05 9.98772E-05 0.0113354 9.98772E-05 9.98772E-05 9.98772E-05 9.98772E-05 9.98772E-05 9.98772E-05 9.98772E-05 0.0599575 0.0280812 0.293439 0.0522491 9.98772E-05 0.0137058 0.113166 0.0275508 9.98772E-05
9.98333E-05 9.98333E-05 9.98333E-05 9.98333E-05 0.265402 0.0792514 9.98333E-05 9.98333E-05 0.0704147 9.98333E-05 9.98333E-05 9.98333E-05 9.98333E-05 9.98333E-05 9.98333E-05 9.98333E-05 0.559002 9.98333E-05 9.98333E-05 0.0234268 9.98333E-05 9.98333E-05 9.98333E-05 9.98333E-05 0.000605708
9.98335E-05 9.98335E-05 0.299529 0.15031 0.201164 0.0909807 9.98335E-05 9.98335E-05 0.140216 9.98335E-05 9.98335E-05 9.98335E-05 9.98335E-05 9.98335E-05 9.98335E-05 9.98335E-05 9.98335E-05 9.98335E-05 9.98335E-05 9.98335E-05 9.98335E-05 0.115903 9.98335E-05 9.98335E-05 9.98335E-05
9.98684E-05 0.127378 0.160721 9.98684E-05 9.98684E-05 9.98684E-05 9.98684E-05 0.0246585 0.0676141 9.98684E-05 9.98684E-05 9.98684E-05 9.98684E-05 9.98684E-05 0.0422818 0.0737891 0.210894 9.98684E-05 0.0309583 9.98684E-05 9.98684E-05 9.98684E-05 0.164427 9.98684E-05 0.0957802
9.98597E-05 9.98597E-05 0.123371 9.98597E-05 9.98597E-05 0.110705 0.0665828 9.98597E-05 0.0363557 9.98597E-05 9.98597E-05 9.98597E-05 0.120847 9.98597E-05 9.98597E-05 9.98597E-05 0.237089 9.98597E-05 9.98597E-05 0.0432017 9.98597E-05 0.131413 0.128838 9.98597E-05 9.98597E-05
9.98333E-05 9.98333E-05 9.98333E-05 9.98333E-05 0.121174 9.98333E-05 9.98333E-05 0.153209 9.98333E-05 0.0352148 9.98333E-05 9.98333E-05 9.98333E-05 9.98333E-05 9.98333E-05 9.98333E-05 0.184476 9.98333E-05 9.98333E-05 9.98333E-05 9.98333E-05 0.276646 9.98333E-05 0.227384 9.98333E-05
9.9807E-05 9.9807E-05 9.9807E-05 9.9807E-05 0.956215 9.9807E-05 9.9807E-05 9.9807E-05 9.9807E-05 9.9807E-05 9.9807E-05 9.9807E-05 9.9807E-05 0.0136976 9.9807E-05 9.9807E-05 9.9807E-05 9.9807E-05 9.9807E-05 9.9807E-05 9.9807E-05 9.9807E-05 9.9807E-05 0.0278918 9.9807E-05
9.98421E-05 0.174115 0.00843389 9.98421E-05 0.379862 9.98421E-05 9.98421E-05 9.98421E-05 9.98421E-05 9.98421E-05 9.98421E-05 9.98421E-05 9.98421E-05 9.98421E-05 9.98421E-05 9.98421E-05 0.211684 9.98421E-05 9.98421E-05 9.98421E-05 9.98421E-05 0.0227256 0.00581246 0.19557 9.98421E-05
9.97895E-05 9.97895E-05 9.97895E-05 9.97895E-05 0.997605 9.97895E-05 9.97895E-05 9.97895E-05 9.97895E-05 9.97895E-05 9.97895E-05 9.97895E-05 9.97895E-05 9.97895E-05 9.97895E-05 9.97895E-05 9.97895E-05 9.97895E-05 9.97895E-05 9.97895E-05 9.97895E-05 9.97895E-05 9.97895E-05 9.97895E-05 9.97895E-05
9.98069E-05 9.98069E-05 9.98069E-05 9.98069E-05 9.98069E-05 9.98069E-05 9.98069E-05 9.98069E-05 9.98069E-05 9.98069E-05 9.98069E-05 9.98069E-05 9.98069E-05 9.98069E-05 9.98069E-05 9.98069E-05 0.871286 9.98069E-05 9.98069E-05 9.98069E-05 9.98069E-05 9.98069E-05 0.0199051 0.106613 9.98069E-05
9.9851E-05 0.00710513 9.9851E-05 9.9851E-05 9.9851E-05 0.126963 9.9851E-05 9.9851E-05 9.9851E-05 0.019414 0.0147114 9.9851E-05 0.027159 9.9851E-05 9.9851E-05 9.9851E-05 0.698441 9.9851E-05 9.9851E-05 9.9851E-05 0.0782017 9.9851E-05 9.9851E-05 0.0263077 9.9851E-05
9.98508E-05 9.98508E-05 0.184124 0.047189 0.31887 9.98508E-05 9.98508E-05 9.98508E-05 9.98508E-05 0.0814681 9.98508E-05 0.126279 9.98508E-05 9.98508E-05 9.98508E-05 9.98508E-05 9.98508E-05 9.98508E-05 9.98508E-05 9.98508E-05 9.98508E-05 0.127345 0.00663396 0.106393 9.98508E-05
9.98684E-05 0.0703637 0.157755 9.98684E-05 0.184358 9.98684E-05 9.98684E-05 9.98684E-05 9.98684E-05 9.98684E-05 9.98684E-05 9.98684E-05 0.0725234 9.98684E-05 9.98684E-05 0.017158 0.0203387 9.98684E-05 0.122483 9.98684E-05 9.98684E-05 0.185986 0.056137 0.111399 9.98684E-05
9.98596E-05 0.0369792 9.98596E-05 9.98596E-05 0.300651 9.98596E-05 0.0189432 9.98596E-05 9.98596E-05 9.98596E-05 0.0871179 0.287278 9.98596E-05 9.98596E-05 9.98596E-05 0.00123469 0.209123 9.98596E-05 9.98596E-05 9.98596E-05 9.98596E-05 9.98596E-05 9.98596E-05 0.0160384 0.0410374
9.98597E-05 9.98597E-05 0.349702 9.98597E-05 0.0769968 9.98597E-05 9.98597E-05 0.0414708 9.98597E-05 9.98597E-05 9.98597E-05 9.98597E-05 9.98597E-05 0.143656 9.98597E-05 9.98597E-05 0.0686468 0.0775754 9.98597E-05 9.98597E-05 9.98597E-05 0.0136116 0.114679 0.112063 9.98597E-05
9.98333E-05 9.98333E-05 9.98333E-05 9.98333E-05 0.413977 9.98333E-05 9.98333E-05 9.98333E-05 0.120779 9.98333E-05 9.98333E-05 9.98333E-05 9.98333E-05 9.98333E-05 9.98333E-05 9.98333E-05 9.98333E-05 9.98333E-05 0.066018 9.98333E-05 9.98333E-05 0.0713545 0.203197 0.122778 9.98333E-05
9.97983E-05 9.97983E-05 9.97983E-05 9.97983E-05 0.217633 9.97983E-05 9.97983E-05 9.97983E-05 9.97983E-05 9.97983E-05 9.97983E-05 9.97983E-05 9.97983E-05 9.97983E-05 9.97983E-05 9.97983E-05 0.780071 9.97983E-05 9.97983E-05 9.97983E-05 9.97983E-05 9.97983E-05 9.97983E-05 9.97983E-05 9.97983E-05
9.9842E-05 0.0377144 9.9842E-05 9.9842E-05 9.9842E-05 9.9842E-05 9.9842E-05 9.9842E-05 9.9842E-05 9.9842E-05 9.9842E-05 9.9842E-05 0.0907649 9.9842E-05 9.9842E-05 9.9842E-05 0.518756 9.9842E-05 0.0771923 0.197271 9.9842E-05 0.0325073 9.9842E-05 0.0439971 9.9842E-05
9.98334E-05 9.98334E-05 9.98334E-05 9.98334E-05 0.224638 0.00509698 9.98334E-05 9.98334E-05 0.154628 9.98334E-05 9.98334E-05 9.98334E-05 9.98334E-05 9.98334E-05 9.98334E-05 9.98334E-05 9.98334E-05 9.98334E-05 9.98334E-05 0.0819276 9.98334E-05 0.156019 0.375794 9.98334E-05 9.98334E-05
9.98247E-05 0.141693 0.133833 0.0275881 9.98247E-05 9.98247E-05 9.98247E-05 9.98247E-05 9.98247E-05 9.98247E-05 9.98247E-05 9.98247E-05 9.98247E-05 9.98247E-05 9.98247E-05 9.98247E-05 0.63772 9.98247E-05 9.98247E-05 9.98247E-05 9.98247E-05 9.98247E-05 9.98247E-05 0.0571698 9.98247E-05
9.98333E-05 9.98333E-05 0.0558859 9.98333E-05 9.98333E-05 9.98333E-05 9.98333E-05 0.0439702 9.98333E-05 9.98333E-05 9.98333E-05 9.98333E-05 0.00456798 9.98333E-05 9.98333E-05 9.98333E-05 0.323563 9.98333E-05 9.98333E-05 9.98333E-05 9.98333E-05 9.98333E-05 0.273139 0.296977 9.98333E-05
9.98683E-05 0.0419789 9.98683E-05 0.0487608 0.288079 9.98683E-05 9.98683E-05 9.98683E-05 9.98683E-05 9.98683E-05 0.106862 9.98683E-05 9.98683E-05 9.98683E-05 9.98683E-05 9.98683E-05 0.048097 0.0397646 0.0912219 9.98683E-05 9.98683E-05 0.0551558 0.0797995 0.198782 9.98683E-05
9.98333E-05 9.98333E-05 9.98333E-05 0.09401 0.283294 0.000196805 9.98333E-05 9.98333E-05 9.98333E-05 9.98333E-05 9.98333E-05 9.98333E-05 9.98333E-05 9.98333E-05 9.98333E-05 9.98333E-05 0.406851 9.98333E-05 0.157838 9.98333E-05 9.98333E-05 9.98333E-05 9.98333E-05 0.0559129 9.98333E-05
9.98421E-05 9.98421E-05 9.98421E-05 0.219776 0.0542545 9.98421E-05 9.98421E-05 9.98421E-05 9.98421E-05 9.98421E-05 9.98421E-05 9.98421E-05 0.0950845 0.136464 9.98421E-05 0.0148258 9.98421E-05 9.98421E-05 9.98421E-05 9.98421E-05 9.98421E-05 9.98421E-05 0.373767 0.104031 9.98421E-05
9.98422E-05 9.98422E-05 9.98422E-05 0.00515516 9.98422E-05 9.98422E-05 9.98422E-05 9.98422E-05 0.000674457 9.98422E-05 0.00979569 9.98422E-05 9.98422E-05 9.98422E-05 9.98422E-05 9.98422E-05 0.774043 9.98422E-05 0.16225 9.98422E-05 9.98422E-05 9.98422E-05 0.0179161 0.0283689 9.98422E-05
9.98159E-05 9.98159E-05 9.98159E-05 0.0899161 0.70232 9.98159E-05 9.98159E-05 9.98159E-05 9.98159E-05 9.98159E-05 9.98159E-05 9.98159E-05 9.98159E-05 9.98159E-05 9.98159E-05 9.98159E-05 9.98159E-05 9.98159E-05 9.98159E-05 9.98159E-05 9.98159E-05 9.98159E-05 0.0771505 0.128517 9.98159E-05
9.98157E-05 9.98157E-05 9.98157E-05 9.98157E-05 0.631624 9.98157E-05 9.98157E-05 9.98157E-05 9.98157E-05 9.98157E-05 9.98157E-05 0.333249 9.98157E-05 9.98157E-05 9.98157E-05 9.98157E-05 0.0152442 9.98157E-05 9.98157E-05 9.98157E-05 9.98157E-05 0.0177873 9.98157E-05 9.98157E-05 9.98157E-05
9.98596E-05 0.156178 0.0667253 9.98596E-05 0.421172 9.98596E-05 9.98596E-05 9.98596E-05 0.105756 9.98596E-05 0.014322 9.98596E-05 9.98596E-05 0.0237931 9.98596E-05 9.98596E-05 0.180997 0.00166894 9.98596E-05 9.98596E-05 9.98596E-05 0.0277898 9.98596E-05 9.98596E-05 9.98596E-05
9.98684E-05 0.0626526 9.98684E-05 0.152439 9.98684E-05 9.98684E-05 9.98684E-05 9.98684E-05 0.0144776 9.98684E-05 0.00317036 9.98684E-05 9.98684E-05 9.98684E-05 9.98684E-05 9.98684E-05 0.481314 9.98684E-05 0.0602484 0.00562157 0.0958893 9.98684E-05 0.0402037 0.082485 9.98684E-05
9.98508E-05 0.100043 0.0795721 9.98508E-05 0.326008 9.98508E-05 9.98508E-05 9.98508E-05 9.98508E-05 9.98508E-05 9.98508E-05 9.98508E-05 0.127756 9.98508E-05 9.98508E-05 9.98508E-05 0.115931 9.98508E-05 0.0641728 9.98508E-05 9.98508E-05 9.98508E-05 0.0684223 0.116397 9.98508E-05
0.0699818 9.98596E-05 9.98596E-05 0.0707867 0.565486 9.98596E-05 9.98596E-05 9.98596E-05 9.98596E-05 9.98596E-05 9.98596E-05 0.0316242 9.98596E-05 0.0131862 0.0161513 0.0210019 9.98596E-05 9.98596E-05 9.98596E-05 9.98596E-05 9.98596E-05 9.98596E-05 0.119024 0.0911601 9.98596E-05
9.98073E-05 9.98073E-05 9.98073E-05 9.98073E-05 0.889415 9.98073E-05 9.98073E-05 9.98073E-05 9.98073E-05 9.98073E-05 9.98073E-05 9.98073E-05 9.98073E-05 9.98073E-05 9.98073E-05 9.98073E-05 9.98073E-05 0.02956 9.98073E-05 9.98073E-05 9.98073E-05 9.98073E-05 9.98073E-05 9.98073E-05 0.0788293
9.98685E-05 0.0154089 9.98685E-05 9.98685E-05 0.141126 9.98685E-05 0.000704542 0.0234547 9.98685E-05 9.98685E-05 9.98685E-05 9.98685E-05 9.98685E-05 9.98685E-05 9.98685E-05 9.98685E-05 0.492952 9.98685E-05 0.118866 9.98685E-05 9.98685E-05 0.0085671 0.122956 0.0579156 0.0165511
9.98071E-05 9.98071E-05 9.98071E-05 9.98071E-05 9.98071E-05 9.98071E-05 9.98071E-05 9.98071E-05 0.0880017 9.98071E-05 9.98071E-05 9.98071E-05 9.98071E-05 9.98071E-05 0.0165888 9.98071E-05 0.893214 9.98071E-05 9.98071E-05 9.98071E-05 9.98071E-05 9.98071E-05 9.98071E-05 9.98071E-05 9.98071E-05
9.98336E-05 9.98336E-05 9.98336E-05 9.98336E-05 0.316952 9.98336E-05 9.98336E-05 9.98336E-05 9.98336E-05 9.98336E-05 9.98336E-05 0.0203698 9.98336E-05 9.98336E-05 9.98336E-05 9.98336E-05 0.36351 9.98336E-05 0.0269122 9.98336E-05 9.98336E-05 0.198949 9.98336E-05 0.0714105 9.98336E-05
9.98335E-05 0.00957061 9.98335E-05 9.98335E-05 0.599761 0.0576833 9.98335E-05 9.98335E-05 9.98335E-05 9.98335E-05 9.98335E-05 0.0973956 9.98335E-05 9.98335E-05 9.98335E-05 9.98335E-05 9.98335E-05 9.98335E-05 9.98335E-05 9.98335E-05 9.98335E-05 9.98335E-05 9.98335E-05 0.175254 0.058438
9.98333E-05 9.98333E-05 9.98333E-05 0.130959 0.640941 9.98333E-05 9.98333E-05 9.98333E-05 0.00558285 9.98333E-05 9.98333E-05 9.98333E-05 0.108222 9.98333E-05 0.000179151 9.98333E-05 9.98333E-05 9.98333E-05 9.98333E-05 9.98333E-05 9.98333E-05 9.98333E-05 9.98333E-05 0.112219 9.98333E-05
9.98071E-05 9.98071E-05 9.98071E-05 9.98071E-05 0.969078 9.98071E-05 9.98071E-05 9.98071E-05 9.98071E-05 9.98071E-05 9.98071E-05 9.98071E-05 9.98071E-05 9.98071E-05 9.98071E-05 9.98071E-05 9.98071E-05 9.98071E-05 9.98071E-05 9.98071E-05 9.98071E-05 9.98071E-05 0.0223799 0.00634684 9.98071E-05
9.9816E-05 9.9816E-05 9.9816E-05 9.9816E-05 0.695752 9.9816E-05 9.9816E-05 9.9816E-05 9.9816E-05 9.9816E-05 9.9816E-05 9.9816E-05 9.9816E-05 9.9816E-05 9.9816E-05 9.9816E-05 9.9816E-05 9.9816E-05 9.9816E-05 9.9816E-05 9.9816E-05 0.0503009 0.146302 0.10555 9.9816E-05
9.98246E-05 9.98246E-05 9.98246E-05 9.98246E-05 9.98246E-05 9.98246E-05 9.98246E-05 9.98246E-05 0.0303718 9.98246E-05 9.98246E-05 0.0281604 9.98246E-05 9.98246E-05 9.98246E-05 9.98246E-05 0.830008 9.98246E-05 9.98246E-05 9.98246E-05 0.0531032 9.98246E-05 0.0563605 9.98246E-05 9.98246E-05
9.98334E-05 0.0253739 0.367524 9.98334E-05 0.396362 9.98334E-05 9.98334E-05 0.0454043 9.98334E-05 9.98334E-05 9.98334E-05 9.98334E-05 9.98334E-05 9.98334E-05 9.98334E-05 9.98334E-05 9.98334E-05 9.98334E-05 9.98334E-05 9.98334E-05 9.98334E-05 0.0770082 9.98334E-05 0.0864307 9.98334E-05
9.98333E-05 9.98333E-05 9.98333E-05 9.98333E-05 0.126537 0.0437677 9.98333E-05 9.98333E-05 9.98333E-05 9.98333E-05 9.98333E-05 9.98333E-05 9.98333E-05 9.98333E-05 9.98333E-05 0.165835 0.123288 9.98333E-05 9.98333E-05 9.98333E-05 9.98333E-05 9.98333E-05 0.388756 0.149919 9.98333E-05
9.97982E-05 9.97982E-05 9.97982E-05 9.97982E-05 0.984612 9.97982E-05 9.97982E-05 9.97982E-05 9.97982E-05 9.97982E-05 9.97982E-05 9.97982E-05 9.97982E-05 9.97982E-05 9.97982E-05 9.97982E-05 9.97982E-05 0.0130929 9.97982E-05 9.97982E-05 9.97982E-05 9.97982E-05 9.97982E-05 9.97982E-05 9.97982E-05
9.98156E-05 9.98156E-05 9.98156E-05 9.98156E-05 9.98156E-05 9.98156E-05 9.98156E-05 9.98156E-05 9.98156E-05 9.98156E-05 9.98156E-05 9.98156E-05 9.98156E-05 0.0396387 9.98156E-05 9.98156E-05 0.946416 9.98156E-05 0.0112537 9.98156E-05 9.98156E-05 9.98156E-05 9.98156E-05 0.000595037 9.98156E-05
9.98071E-05 9.98071E-05 9.98071E-05 9.98071E-05 0.952881 0.0313465 9.98071E-05 9.98071E-05 9.98071E-05 9.98071E-05 9.98071E-05 9.98071E-05 9.98071E-05 9.98071E-05 0.0135764 9.98071E-05 9.98071E-05 9.98071E-05 9.98071E-05 9.98071E-05 9.98071E-05 9.98071E-05 9.98071E-05 9.98071E-05 9.98071E-05
9.98507E-05 0.0359361 0.066448 9.98507E-05 0.337509 9.98507E-05 9.98507E-05 9.98507E-05 0.0344574 9.98507E-05 9.98507E-05 9.98507E-05 9.98507E-05 9.98507E-05 9.98507E-05 9.98507E-05 0.266012 9.98507E-05 0.0215735 9.98507E-05 9.98507E-05 9.98507E-05 0.151147 0.0852194 9.98507E-05
9.98424E-05 0.00651706 9.98424E-05 9.98424E-05 9.98424E-05 0.0192884 9.98424E-05 9.98424E-05 9.98424E-05 9.98424E-05 0.0100969 9.98424E-05 9.98424E-05 0.0513607 0.084717 9.98424E-05 0.811888 0.0143344 9.98424E-05 9.98424E-05 9.98424E-05 9.98424E-05 9.98424E-05 9.98424E-05 9.98424E-05
9.98595E-05 0.0991854 0.0254317 0.155587 9.98595E-05 9.98595E-05 9.98595E-05 0.02427 9.98595E-05 9.98595E-05 9.98595E-05 9.98595E-05 9.98595E-05 9.98595E-05 9.98595E-05 9.98595E-05 0.371924 9.98595E-05 9.98595E-05 0.0810886 9.98595E-05 0.0304403 0.0142281 0.196247 9.98595E-05
9.98508E-05 9.98508E-05 9.98508E-05 9.98508E-05 0.613584 0.0219806 9.98508E-05 9.98508E-05 9.98508E-05 9.98508E-05 9.98508E-05 9.98508E-05 9.98508E-05 9.98508E-05 9.98508E-05 0.0345873 0.0461161 0.0844432 0.0195966 9.98508E-05 9.98508E-05 0.00962106 0.168373 9.98508E-05 9.98508E-05
9.97984E-05 9.97984E-05 9.97984E-05 9.97984E-05 0.960789 9.97984E-05 9.97984E-05 9.97984E-05 9.97984E-05 9.97984E-05 9.97984E-05 9.97984E-05 9.97984E-05 0.0369156 9.97984E-05 9.97984E-05 9.97984E-05 9.97984E-05 9.97984E-05 9.97984E-05 9.97984E-05 9.97984E-05 9.97984E-05 9.97984E-05 9.97984E-05
0.0618244 9.98423E-05 9.98423E-05 0.000737239 0.446773 0.0512364 9.98423E-05 9.98423E-05 9.98423E-05 0.133786 9.98423E-05 9.98423E-05 0.120639 9.98423E-05 9.98423E-05 9.98423E-05 0.183208 9.98423E-05 9.98423E-05 9.98423E-05 9.98423E-05 9.98423E-05 9.98423E-05 9.98423E-05 9.98423E-05
9.98336E-05 9.98336E-05 9.98336E-05 9.98336E-05 0.595074 9.98336E-05 9.98336E-05 9.98336E-05 9.98336E-05 0.00937575 0.105676 0.00348527 9.98336E-05 9.98336E-05 9.98336E-05 9.98336E-05 0.157999 9.98336E-05 9.98336E-05 9.98336E-05 9.98336E-05 9.98336E-05 9.98336E-05 0.126493 9.98336E-05
9.98245E-05 0.0048322 9.98245E-05 0.0974507 0.818785 9.98245E-05 9.98245E-05 9.98245E-05 0.0443067 9.98245E-05 9.98245E-05 9.98245E-05 9.98245E-05 9.98245E-05 9.98245E-05 9.98245E-05 9.98245E-05 0.0326286 9.98245E-05 9.98245E-05 9.98245E-05 9.98245E-05 9.98245E-05 9.98245E-05 9.98245E-05
9.98422E-05 9.98422E-05 9.98422E-05 9.98422E-05 0.689249 9.98422E-05 9.98422E-05 9.98422E-05 0.0597955 9.98422E-05 9.98422E-05 9.98422E-05 9.98422E-05 0.0604803 9.98422E-05 9.98422E-05 0.038068 9.98422E-05 9.98422E-05 9.98422E-05 9.98422E-05 9.98422E-05 0.0283427 0.035521 0.0867463
9.98071E-05 9.98071E-05 9.98071E-05 9.98071E-05 9.98071E-05 9.98071E-05 9.98071E-05 9.98071E-05 9.98071E-05 9.98071E-05 9.98071E-05 9.98071E-05 9.98071E-05 9.98071E-05 9.98071E-05 0.0303654 0.886603 9.98071E-05 9.98071E-05 9.98071E-05 9.98071E-05 9.98071E-05 9.98071E-05 0.0808358 9.98071E-05
9.98508E-05 0.015493 9.98508E-05 9.98508E-05 0.162645 9.98508E-05 9.98508E-05 9.98508E-05 9.98508E-05 9.98508E-05 9.98508E-05 9.98508E-05 9.98508E-05 0.0378733 0.0127212 9.98508E-05 0.717824 9.98508E-05 9.98508E-05 0.00613037 9.98508E-05 0.0368266 9.98508E-05 0.00878945 9.98508E-05
9.98332E-05 0.0315735 0.714942 9.98332E-05 9.98332E-05 9.98332E-05 0.0525105 9.98332E-05 9.98332E-05 0.0376019 9.98332E-05 9.98332E-05 9.98332E-05 9.98332E-05 9.98332E-05 9.98332E-05 9.98332E-05 9.98332E-05 9.98332E-05 9.98332E-05 9.98332E-05 0.0401326 9.98332E-05 0.121343 9.98332E-05
9.97985E-05 9.97985E-05 0.944308 9.97985E-05 9.97985E-05 9.97985E-05 9.97985E-05 9.97985E-05 9.97985E-05 9.97985E-05 9.97985E-05 9.97985E-05 9.97985E-05 9.97985E-05 9.97985E-05 9.97985E-05 9.97985E-05 9.97985E-05 0.0533966 9.97985E-05 9.97985E-05 9.97985E-05 9.97985E-05 9.97985E-05 9.97985E-05
9.98246E-05 0.029282 0.863411 9.98246E-05 9.98246E-05 9.98246E-05 9.98246E-05 9.98246E-05 9.98246E-05 9.98246E-05 9.98246E-05 9.98246E-05 9.98246E-05 0.057319 0.0347402 9.98246E-05 9.98246E-05 9.98246E-05 9.98246E-05 9.98246E-05 0.0132514 9.98246E-05 9.98246E-05 9.98246E-05 9.98246E-05
9.98334E-05 9.98334E-05 0.411638 0.0451164 9.98334E-05 9.98334E-05 9.98334E-05 9.98334E-05 9.98334E-05 9.98334E-05 9.98334E-05 9.98334E-05 9.98334E-05 9.98334E-05 0.0552758 0.00149096 9.98334E-05 9.98334E-05 9.98334E-05 9.98334E-05 9.98334E-05 0.14077 9.98334E-05 9.98334E-05 0.343811
9.98505E-05 9.98505E-05 0.712482 9.98505E-05 9.98505E-05 0.02078 9.98505E-05 9.98505E-05 9.98505E-05 9.98505E-05 9.98505E-05 9.98505E-05 9.98505E-05 0.036109 0.0377348 9.98505E-05 9.98505E-05 0.0458106 9.98505E-05 9.98505E-05 9.98505E-05 0.0858855 0.0339568 0.0255443 9.98505E-05
9.98242E-05 9.98242E-05 0.672605 9.98242E-05 9.98242E-05 9.98242E-05 0.0666094 9.98242E-05 9.98242E-05 0.0430345 9.98242E-05 9.98242E-05 9.98242E-05 9.98242E-05 9.98242E-05 9.98242E-05 9.98242E-05 9.98242E-05 9.98242E-05 9.98242E-05 9.98242E-05 0.0932158 9.98242E-05 0.122539 9.98242E-05
9.98243E-05 0.0366973 0.50318 9.98243E-05 9.98243E-05 9.98243E-05 9.98243E-05 9.98243E-05 9.98243E-05 9.98243E-05 9.98243E-05 9.98243E-05 9.98243E-05 9.98243E-05 9.98243E-05 9.98243E-05 9.98243E-05 9.98243E-05 0.12029 9.98243E-05 9.98243E-05 9.98243E-05 9.98243E-05 0.105567 0.23227
9.98331E-05 9.98331E-05 0.618008 0.056063 9.98331E-05 9.98331E-05 9.98331E-05 9.98331E-05 9.98331E-05 9.98331E-05 9.98331E-05 9.98331E-05 9.98331E-05 0.170931 9.98331E-05 9.98331E-05 9.98331E-05 9.98331E-05 9.98331E-05 9.98331E-05 9.98331E-05 0.052891 9.98331E-05 0.0469252 0.053285
9.97895E-05 9.97895E-05 0.997605 9.97895E-05 9.97895E-05 9.97895E-05 9.97895E-05 9.97895E-05 9.97895E-05 9.97895E-05 9.97895E-05 9.97895E-05 9.97895E-05 9.97895E-05 9.97895E-05 9.97895E-05 9.97895E-05 9.97895E-05 9.97895E-05 9.97895E-05 9.97895E-05 9.97895E-05 9.97895E-05 9.97895E-05 9.97895E-05
9.98068E-05 0.00453084 0.864014 9.98068E-05 9.98068E-05 9.98068E-05 9.98068E-05 9.98068E-05 9.98068E-05 9.98068E-05 9.98068E-05 9.98068E-05 9.98068E-05 9.98068E-05 9.98068E-05 9.98068E-05 9.98068E-05 9.98068E-05 0.12926 9.98068E-05 9.98068E-05 9.98068E-05 9.98068E-05 9.98068E-05 9.98068E-05
9.98418E-05 0.125429 0.518995 9.98418E-05 9.98418E-05 9.98418E-05 9.98418E-05 9.98418E-05 0.0180288 9.98418E-05 9.98418E-05 9.98418E-05 9.98418E-05 0.0259211 9.98418E-05 9.98418E-05 9.98418E-05 0.00528335 9.98418E-05 9.98418E-05 9.98418E-05 0.0420885 9.98418E-05 0.262456 9.98418E-05
9.98595E-05 0.112221 0.481763 9.98595E-05 9.98595E-05 9.98595E-05 9.98595E-05 9.98595E-05 9.98595E-05 0.0455877 9.98595E-05 9.98595E-05 0.109058 9.98595E-05 0.0494338 9.98595E-05 9.98595E-05 9.98595E-05 9.98595E-05 9.98595E-05 9.98595E-05 0.0288733 0.101667 0.0194714 0.0503279
9.98594E-05 0.138616 0.54482 0.00348461 9.98594E-05 0.0206612 0.0847147 9.98594E-05 9.98594E-05 9.98594E-05 9.98594E-05 9.98594E-05 0.0543701 9.98594E-05 9.98594E-05 9.98594E-05 9.98594E-05 9.98594E-05 9.98594E-05 0.0815335 9.98594E-05 0.0547789 9.98594E-05 0.0154239 9.98594E-05
9.98331E-05 9.98331E-05 0.581597 9.98331E-05 9.98331E-05 9.98331E-05 9.98331E-05 9.98331E-05 0.0334379 9.98331E-05 9.98331E-05 9.98331E-05 9.98331E-05 9.98331E-05 9.98331E-05 9.98331E-05 9.98331E-05 9.98331E-05 9.98331E-05 0.00672244 9.98331E-05 9.98331E-05 0.151087 0.19763 0.0276286
9.98161E-05 9.98161E-05 0.923735 0.0659929 9.98161E-05 0.0034923 9.98161E-05 9.98161E-05 9.98161E-05 0.00468355 9.98161E-05 9.98161E-05 9.98161E-05 9.98161E-05 9.98161E-05 9.98161E-05 9.98161E-05 9.98161E-05 9.98161E-05 9.98161E-05 9.98161E-05 9.98161E-05 9.98161E-05 9.98161E-05 9.98161E-05
9.9816E-05 9.9816E-05 0.919486 9.9816E-05 9.9816E-05 9.9816E-05 9.9816E-05 9.9816E-05 9.9816E-05 9.9816E-05 9.9816E-05 9.9816E-05 9.9816E-05 9.9816E-05 9.9816E-05 9.9816E-05 9.9816E-05 9.9816E-05 0.00649596 9.9816E-05 0.0211841 0.0507376 9.9816E-05 9.9816E-05 9.9816E-05
9.98243E-05 9.98243E-05 0.742283 9.98243E-05 9.98243E-05 9.98243E-05 9.98243E-05 9.98243E-05 0.116707 9.98243E-05 9.98243E-05 9.98243E-05 9.98243E-05 0.0473972 0.0731011 9.98243E-05 9.98243E-05 9.98243E-05 9.98243E-05 9.98243E-05 9.98243E-05 0.0185151 9.98243E-05 9.98243E-05 9.98243E-05
9.98419E-05 0.1141 0.629162 9.98419E-05 9.98419E-05 9.98419E-05 0.10257 9.98419E-05 0.017872 9.98419E-05 9.98419E-05 9.98419E-05 9.98419E-05 9.98419E-05 9.98419E-05 9.98419E-05 9.98419E-05 9.98419E-05 0.034489 9.98419E-05 9.98419E-05 0.0738512 0.0261589 9.98419E-05 9.98419E-05
9.98158E-05 9.98158E-05 0.863265 9.98158E-05 9.98158E-05 9.98158E-05 9.98158E-05 9.98158E-05 9.98158E-05 9.98158E-05 9.98158E-05 9.98158E-05 9.98158E-05 0.122115 9.98158E-05 9.98158E-05 9.98158E-05 9.98158E-05 9.98158E-05 9.98158E-05 9.98158E-05 0.00905621 9.98158E-05 0.00346809 9.98158E-05
9.98243E-05 9.98243E-05 0.654339 0.0119486 9.98243E-05 9.98243E-05 9.98243E-05 9.98243E-05 9.98243E-05 9.98243E-05 0.0281038 9.98243E-05 0.0431041 9.98243E-05 9.98243E-05 9.98243E-05 9.98243E-05 9.98243E-05 9.98243E-05 9.98243E-05 9.98243E-05 9.98243E-05 9.98243E-05 0.260508 9.98243E-05
9.97987E-05 9.97987E-05 0.970759 9.97987E-05 9.97987E-05 9.97987E-05 9.97987E-05 9.97987E-05 9.97987E-05 9.97987E-05 9.97987E-05 9.97987E-05 9.97987E-05 9.97987E-05 9.97987E-05 9.97987E-05 9.97987E-05 9.97987E-05 9.97987E-05 9.97987E-05 0.0269461 9.97987E-05 9.97987E-05 9.97987E-05 9.97987E-05
9.98156E-05 9.98156E-05 0.604829 9.98156E-05 9.98156E-05 9.98156E-05 9.98156E-05 9.98156E-05 9.98156E-05 9.98156E-05 9.98156E-05 9.98156E-05 9.98156E-05 9.98156E-05 0.0105015 9.98156E-05 9.98156E-05 9.98156E-05 9.98156E-05 9.98156E-05 9.98156E-05 9.98156E-05 0.34195 0.0406239 9.98156E-05
0.111335 9.98333E-05 0.764324 0.041288 9.98333E-05 9.98333E-05 9.98333E-05 9.98333E-05 9.98333E-05 0.0197244 9.98333E-05 9.98333E-05 9.98333E-05 9.98333E-05 9.98333E-05 9.98333E-05 9.98333E-05 9.98333E-05 9.98333E-05 9.98333E-05 9.98333E-05 9.98333E-05 0.0328163 0.0286153 9.98333E-05
9.98509E-05 9.98509E-05 0.517654 0.0728118 9.98509E-05 9.98509E-05 9.98509E-05 0.0506598 0.0898042 9.98509E-05 9.98509E-05 9.98509E-05 9.98509E-05 0.0979921 0.0352324 0.0736808 9.98509E-05 9.98509E-05 9.98509E-05 9.98509E-05 9.98509E-05 9.98509E-05 9.98509E-05 0.0604674 9.98509E-05
9.98068E-05 0.0876592 0.812205 9.98068E-05 9.98068E-05 9.98068E-05 0.0979401 9.98068E-05 9.98068E-05 9.98068E-05 9.98068E-05 9.98068E-05 9.98068E-05 9.98068E-05 9.98068E-05 9.98068E-05 9.98068E-05 9.98068E-05 9.98068E-05 9.98068E-05 9.98068E-05 9.98068E-05 9.98068E-05 9.98068E-05 9.98068E-05
9.98161E-05 9.98161E-05 0.912983 9.98161E-05 9.98161E-05 9.98161E-05 9.98161E-05 9.98161E-05 9.98161E-05 9.98161E-05 9.98161E-05 9.98161E-05 9.98161E-05 9.98161E-05 9.98161E-05 9.98161E-05 9.98161E-05 0.00942941 9.98161E-05 9.98161E-05 9.98161E-05 0.0567351 9.98161E-05 0.0187561 9.98161E-05
9.97897E-05 9.97897E-05 0.997605 9.97897E-05 9.97897E-05 9.97897E-05 9.97897E-05 9.97897E-05 9.97897E-05 9.97897E-05 9.97897E-05 9.97897E-05 9.97897E-05 9.97897E-05 9.97897E-05 9.97897E-05 9.97897E-05 9.97897E-05 9.97897E-05 9.97897E-05 9.97897E-05 9.97897E-05 9.97897E-05 9.97897E-05 9.97897E-05
9.98072E-05 9.98072E-05 0.913501 9.98072E-05 9.98072E-05 9.98072E-05 9.98072E-05 9.98072E-05 9.98072E-05 9.98072E-05 9.98072E-05 9.98072E-05 9.98072E-05 9.98072E-05 9.98072E-05 9.98072E-05 9.98072E-05 0.0298729 9.98072E-05 9.98072E-05 9.98072E-05 9.98072E-05 9.98072E-05 0.05443 9.98072E-05
9.98247E-05 9.98247E-05 0.862574 9.98247E-05 9.98247E-05 0.00419066 0.01769 9.98247E-05 9.98247E-05 9.98247E-05 9.98247E-05 9.98247E-05 9.98247E-05 0.0915885 9.98247E-05 9.98247E-05 9.98247E-05 9.98247E-05 9.98247E-05 9.98247E-05 9.98247E-05 9.98247E-05 9.98247E-05 0.0219602 9.98247E-05
0.220239 9.9816E-05 0.56711 9.9816E-05 9.9816E-05 9.9816E-05 9.9816E-05 9.9816E-05 9.9816E-05 9.9816E-05 9.9816E-05 9.9816E-05 9.9816E-05 9.9816E-05 9.9816E-05 9.9816E-05 9.9816E-05 9.9816E-05 9.9816E-05 9.9816E-05 9.9816E-05 0.0673704 9.9816E-05 0.143185 9.9816E-05
9.98071E-05 9.98071E-05 9.98071E-05 0.795512 9.98071E-05 9.98071E-05 9.98071E-05 9.98071E-05 9.98071E-05 9.98071E-05 9.98071E-05 9.98071E-05 9.98071E-05 9.98071E-05 9.98071E-05 9.98071E-05 9.98071E-05 9.98071E-05 9.98071E-05 9.98071E-05 9.98071E-05 0.128066 9.98071E-05 0.0742255 9.98071E-05
0.713019 9.98157E-05 9.98157E-05 0.144017 9.98157E-05 9.98157E-05 9.98157E-05 9.98157E-05 9.98157E-05 9.98157E-05 9.98157E-05 0.140074 9.98157E-05 9.98157E-05 9.98157E-05 9.98157E-05 9.98157E-05 9.98157E-05 9.98157E-05 9.98157E-05 9.98157E-05 9.98157E-05 9.98157E-05 0.000793809 9.98157E-05
9.98158E-05 9.98158E-05 9.98158E-05 0.833297 9.98158E-05 0.0220787 9.98158E-05 9.98158E-05 9.98158E-05 9.98158E-05 0.0227783 9.98158E-05 9.98158E-05 9.98158E-05 9.98158E-05 9.98158E-05 9.98158E-05 9.98158E-05 9.98158E-05 9.98158E-05 9.98158E-05 9.98158E-05 9.98158E-05 0.11975 9.98158E-05
9.98155E-05 0.00232464 9.98155E-05 0.888325 9.98155E-05 9.98155E-05 9.98155E-05 9.98155E-05 9.98155E-05 9.98155E-05 9.98155E-05 9.98155E-05 9.98155E-05 9.98155E-05 9.98155E-05 9.98155E-05 9.98155E-05 9.98155E-05 9.98155E-05 9.98155E-05 9.98155E-05 0.0344444 9.98155E-05 0.07281 9.98155E-05
9.98244E-05 9.98244E-05 9.98244E-05 0.830421 9.98244E-05 9.98244E-05 9.98244E-05 0.0760604 9.98244E-05 0.021175 9.98244E-05 9.98244E-05 9.98244E-05 0.00411407 9.98244E-05 9.98244E-05 9.98244E-05 9.98244E-05 9.98244E-05 9.98244E-05 9.98244E-05 0.0662333 9.98244E-05 9.98244E-05 9.98244E-05
0.232353 9.98245E-05 9.98245E-05 0.447008 9.98245E-05 9.98245E-05 9.98245E-05 9.98245E-05 9.98245E-05 9.98245E-05 9.98245E-05 9.98245E-05 9.98245E-05 9.98245E-05 9.98245E-05 0.0383677 9.98245E-05 9.98245E-05 9.98245E-05 9.98245E-05 9.98245E-05 0.162517 9.98245E-05 0.117759 9.98245E-05
0.06837 0.0319941 9.98508E-05 0.691553 9.98508E-05 9.98508E-05 0.0571444 9.98508E-05 9.98508E-05 9.98508E-05 9.98508E-05 9.98508E-05 9.98508E-05 0.00596241 9.98508E-05 9.98508E-05 9.98508E-05 9.98508E-05 9.98508E-05 9.98508E-05 9.98508E-05 0.0337156 0.0245551 0.0850077 9.98508E-05
9.9807E-05 9.9807E-05 9.9807E-05 0.687874 9.9807E-05 9.9807E-05 9.9807E-05 9.9807E-05 9.9807E-05 9.9807E-05 9.9807E-05 9.9807E-05 9.9807E-05 9.9807E-05 9.9807E-05 9.9807E-05 9.9807E-05 9.9807E-05 9.9807E-05 9.9807E-05 9.9807E-05 0.304877 9.9807E-05 0.00505393 9.9807E-05
9.98245E-05 9.98245E-05 9.98245E-05 0.384527 9.98245E-05 9.98245E-05 9.98245E-05 9.98245E-05 9.98245E-05 9.98245E-05 0.034412 9.98245E-05 9.98245E-05 9.98245E-05 9.98245E-05 9.98245E-05 9.98245E-05 9.98245E-05 9.98245E-05 9.98245E-05 9.98245E-05 0.379414 0.0312843 9.98245E-05 0.168366
9.98245E-05 9.98245E-05 9.98245E-05 0.508773 9.98245E-05 9.98245E-05 0.060718 9.98245E-05 9.98245E-05 9.98245E-05 0.0365467 9.98245E-05 9.98245E-05 9.98245E-05 9.98245E-05 9.98245E-05 9.98245E-05 9.98245E-05 9.98245E-05 9.98245E-05 9.98245E-05 0.172457 9.98245E-05 0.219509 9.98245E-05
9.98071E-05 9.98071E-05 9.98071E-05 0.436566 9.98071E-05 9.98071E-05 9.98071E-05 9.98071E-05 9.98071E-05 9.98071E-05 9.98071E-05 9.98071E-05 9.98071E-05 9.98071E-05 9.98071E-05 9.98071E-05 9.98071E-05 9.98071E-05 9.98071E-05 9.98071E-05 0.398621 9.98071E-05 9.98071E-05 9.98071E-05 0.162617
9.98246E-05 0.0109092 9.98246E-05 0.672713 9.98246E-05 9.98246E-05 9.98246E-05 9.98246E-05 9.98246E-05 9.98246E-05 9.98246E-05 0.21106 9.98246E-05 9.98246E-05 9.98246E-05 9.98246E-05 9.98246E-05 9.98246E-05 9.98246E-05 9.98246E-05 9.98246E-05 9.98246E-05 9.98246E-05 0.00335425 0.0999674
0.322542 9.98159E-05 9.98159E-05 0.618113 9.98159E-05 9.98159E-05 9.98159E-05 9.98159E-05 9.98159E-05 9.98159E-05 9.98159E-05 9.98159E-05 9.98159E-05 9.98159E-05 9.98159E-05 0.01284 9.98159E-05 9.98159E-05 9.98159E-05 9.98159E-05 9.98159E-05 0.0444086 9.98159E-05 9.98159E-05 9.98159E-05
9.9816E-05 9.9816E-05 9.9816E-05 0.448656 9.9816E-05 9.9816E-05 9.9816E-05 9.9816E-05 9.9816E-05 9.9816E-05 9.9816E-05 9.9816E-05 9.9816E-05 9.9816E-05 9.9816E-05 9.9816E-05 9.9816E-05 9.9816E-05 9.9816E-05 9.9816E-05 0.177206 0.107486 9.9816E-05 0.264556 9.9816E-05
0.37455 9.98333E-05 9.98333E-05 0.38727 9.98333E-05 9.98333E-05 0.0696006 9.98333E-05 9.98333E-05 9.98333E-05 9.98333E-05 9.98333E-05 9.98333E-05 0.119087 9.98333E-05 0.0358324 9.98333E-05 9.98333E-05 9.98333E-05 9.98333E-05 9.98333E-05 9.98333E-05 9.98333E-05 0.0117627 9.98333E-05
0.101699 9.98421E-05 9.98421E-05 0.499941 9.98421E-05 9.98421E-05 9.98421E-05 9.98421E-05 9.98421E-05 9.98421E-05 9.98421E-05 9.98421E-05 9.98421E-05 9.98421E-05 9.98421E-05 0.14441 9.98421E-05 9.98421E-05 9.98421E-05 9.98421E-05 0.0170183 0.0422894 9.98421E-05 0.163357 0.0294875
9.98333E-05 9.98333E-05 9.98333E-05 0.407392 9.98333E-05 9.98333E-05 9.98333E-05 9.98333E-05 9.98333E-05 9.98333E-05 9.98333E-05 9.98333E-05 9.98333E-05 9.98333E-05 9.98333E-05 9.98333E-05 9.98333E-05 0.0543122 9.98333E-05 9.98333E-05 0.169415 0.0347018 9.98333E-05 0.133064 0.199217
9.98336E-05 9.98336E-05 9.98336E-05 0.610583 9.98336E-05 9.98336E-05 9.98336E-05 9.98336E-05 9.98336E-05 9.98336E-05 9.98336E-05 0.0144773 9.98336E-05 9.98336E-05 9.98336E-05 0.175409 9.98336E-05 9.98336E-05 9.98336E-05 9.98336E-05 0.0989109 0.029024 0.0696982 9.98336E-05 9.98336E-05
9.98071E-05 9.98071E-05 9.98071E-05 0.836597 9.98071E-05 0.00645048 9.98071E-05 9.98071E-05 9.98071E-05 9.98071E-05 9.98071E-05 9.98071E-05 9.98071E-05 9.98071E-05 9.98071E-05 9.98071E-05 9.98071E-05 9.98071E-05 9.98071E-05 9.98071E-05 0.154757 9.98071E-05 9.98071E-05 9.98071E-05 9.98071E-05
9.9842E-05 0.020541 9.9842E-05 0.350025 9.9842E-05 9.9842E-05 9.9842E-05 9.9842E-05 9.9842E-05 0.0390288 9.9842E-05 0.389093 9.9842E-05 9.9842E-05 9.9842E-05 9.9842E-05 9.9842E-05 0.0621679 9.9842E-05 9.9842E-05 9.9842E-05 0.0248896 9.9842E-05 0.112458 9.9842E-05
0.099252 9.9842E-05 9.9842E-05 0.613161 9.9842E-05 9.9842E-05 9.9842E-05 9.9842E-05 9.9842E-05 9.9842E-05 9.9842E-05 9.9842E-05 9.9842E-05 9.9842E-05 9.9842E-05 0.0646001 9.9842E-05 9.9842E-05 9.9842E-05 9.9842E-05 0.0500232 0.0076396 9.9842E-05 0.0745931 0.0889339
9.98245E-05 0.00503128 9.98245E-05 0.950754 9.98245E-05 9.98245E-05 0.0114357 9.98245E-05 9.98245E-05 9.98245E-05 9.98245E-05 9.98245E-05 9.98245E-05 9.98245E-05 9.98245E-05 9.98245E-05 9.98245E-05 9.98245E-05 9.98245E-05 9.98245E-05 0.0300394 0.000742811 9.98245E-05 9.98245E-05 9.98245E-05
9.98246E-05 9.98246E-05 9.98246E-05 0.380476 9.98246E-05 9.98246E-05 9.98246E-05 9.98246E-05 9.98246E-05 9.98246E-05 9.98246E-05 9.98246E-05 9.98246E-05 9.98246E-05 9.98246E-05 9.98246E-05 9.98246E-05 0.0352133 9.98246E-05 9.98246E-05 9.98246E-05 0.270474 9.98246E-05 0.202805 0.109035
0.133913 9.98334E-05 9.98334E-05 0.568897 9.98334E-05 0.00104842 9.98334E-05 9.98334E-05 9.98334E-05 9.98334E-05 0.0176738 9.98334E-05 9.98334E-05 9.98334E-05 9.98334E-05 9.98334E-05 9.98334E-05 9.98334E-05 9.98334E-05 9.98334E-05 0.119527 0.157044 9.98334E-05 9.98334E-05 9.98334E-05
9.98421E-05 9.98421E-05 9.98421E-05 0.446744 9.98421E-05 0.0386816 9.98421E-05 9.98421E-05 9.98421E-05 9.98421E-05 9.98421E-05 9.98421E-05 9.98421E-05 9.98421E-05 9.98421E-05 9.98421E-05 9.98421E-05 0.0115703 9.98421E-05 0.0362331 9.98421E-05 0.204823 9.98421E-05 0.202121 0.0580299
0.0316671 9.98335E-05 0.0728772 0.297037 9.98335E-05 9.98335E-05 9.98335E-05 9.98335E-05 9.98335E-05 9.98335E-05 9.98335E-05 9.98335E-05 9.98335E-05 9.98335E-05 9.98335E-05 9.98335E-05 9.98335E-05 9.98335E-05 9.98335E-05 9.98335E-05 0.307221 0.136428 9.98335E-05 0.152873 9.98335E-05
9.98159E-05 9.98159E-05 9.98159E-05 9.98159E-05 9.98159E-05 0.10041 9.98159E-05 0.0231009 9.98159E-05 0.0132862 9.98159E-05 0.861107 9.98159E-05 9.98159E-05 9.98159E-05 9.98159E-05 9.98159E-05 9.98159E-05 9.98159E-05 9.98159E-05 9.98159E-05 9.98159E-05 9.98159E-05 9.98159E-05 9.98159E-05
9.98243E-05 9.98243E-05 9.98243E-05 0.778662 9.98243E-05 9.98243E-05 9.98243E-05 9.98243E-05 0.0210344 9.98243E-05 9.98243E-05 9.98243E-05 0.00435688 9.98243E-05 9.98243E-05 9.98243E-05 9.98243E-05 9.98243E-05 9.98243E-05 9.98243E-05 9.98243E-05 0.0896383 9.98243E-05 0.104312 9.98243E-05
9.98072E-05 9.98072E-05 9.98072E-05 0.599254 9.98072E-05 9.98072E-05 9.98072E-05 9.98072E-05 9.98072E-05 9.98072E-05 9.98072E-05 9.98072E-05 9.98072E-05 9.98072E-05 9.98072E-05 9.98072E-05 9.98072E-05 9.98072E-05 9.98072E-05 9.98072E-05 9.98072E-05 0.17462 9.98072E-05 0.223931 9.98072E-05
0.427575 9.98156E-05 9.98156E-05 0.305775 9.98156E-05 0.147801 9.98156E-05 9.98156E-05 9.98156E-05 9.98156E-05 9.98156E-05 9.98156E-05 9.98156E-05 9.98156E-05 9.98156E-05 9.98156E-05 9.98156E-05 9.98156E-05 9.98156E-05 9.98156E-05 9.98156E-05 9.98156E-05 9.98156E-05 0.116752 9.98156E-05
9.98335E-05 0.0352672 9.98335E-05 0.633649 9.98335E-05 9.98335E-05 9.98335E-05 9.98335E-05 9.98335E-05 9.98335E-05 9.98335E-05 9.98335E-05 9.98335E-05 9.98335E-05 9.98335E-05 9.98335E-05 9.98335E-05 9.98335E-05 9.98335E-05 0.00344955 0.0992449 0.031538 9.98335E-05 0.194955 9.98335E-05
0.239355 9.98157E-05 9.98157E-05 0.69848 9.98157E-05 9.98157E-05 9.98157E-05 9.98157E-05 9.98157E-05 9.98157E-05 9.98157E-05 9.98157E-05 0.0207302 9.98157E-05 9.98157E-05 9.98157E-05 9.98157E-05 9.98157E-05 9.98157E-05 9.98157E-05 9.98157E-05 9.98157E-05 9.98157E-05 0.0393387 9.98157E-05
9.98244E-05 9.98244E-05 9.98244E-05 0.375249 9.98244E-05 0.128604 9.98244E-05 9.98244E-05 9.98244E-05 9.98244E-05 9.98244E-05 9.98244E-05 9.98244E-05 9.98244E-05 9.98244E-05 9.98244E-05 9.98244E-05 0.119477 9.98244E-05 9.98244E-05 9.98244E-05 0.227777 9.98244E-05 0.146897 9.98244E-05
9.98157E-05 9.98157E-05 9.98157E-05 0.787232 9.98157E-05 9.98157E-05 9.98157E-05 9.98157E-05 9.98157E-05 9.98157E-05 9.98157E-05 9.98157E-05 9.98157E-05 9.98157E-05 9.98157E-05 9.98157E-05 9.98157E-05 9.98157E-05 9.98157E-05 9.98157E-05 9.98157E-05 0.0269476 0.166666 0.0170587 9.98157E-05
0.0384199 9.98159E-05 9.98159E-05 0.854638 9.98159E-05 9.98159E-05 9.98159E-05 9.98159E-05 9.98159E-05 9.98159E-05 9.98159E-05 9.98159E-05 9.98159E-05 9.98159E-05 9.98159E-05 9.98159E-05 9.98159E-05 9.98159E-05 9.98159E-05 9.98159E-05 0.0458884 9.98159E-05 9.98159E-05 0.0589577 9.98159E-05
9.98332E-05 0.012235 9.98332E-05 0.465567 9.98332E-05 9.98332E-05 9.98332E-05 9.98332E-05 9.98332E-05 9.98332E-05 9.98332E-05 9.98332E-05 0.0499925 9.98332E-05 9.98332E-05 0.11732 9.98332E-05 9.98332E-05 9.98332E-05 9.98332E-05 0.305114 0.0478746 9.98332E-05 9.98332E-05 9.98332E-05
9.98156E-05 9.98156E-05 9.98156E-05 0.642423 9.98156E-05 9.98156E-05 0.035087 9.98156E-05 9.98156E-05 9.98156E-05 9.98156E-05 9.98156E-05 9.98156E-05 9.98156E-05 9.98156E-05 9.98156E-05 9.98156E-05 9.98156E-05 9.98156E-05 9.98156E-05 9.98156E-05 0.0826616 9.98156E-05 0.237732 9.98156E-05
0.446991 9.98332E-05 9.98332E-05 0.0104154 9.98332E-05 9.98332E-05 9.98332E-05 9.98332E-05 9.98332E-05 9.98332E-05 9.98332E-05 9.98332E-05 0.00105968 9.98332E-05 9.98332E-05 0.0158935 9.98332E-05 9.98332E-05 9.98332E-05 9.98332E-05 0.491525 0.0322191 9.98332E-05 9.98332E-05 9.98332E-05
0.531766 9.98158E-05 9.98158E-05 0.364973 9.98158E-05 9.98158E-05 9.98158E-05 9.98158E-05 9.98158E-05 9.98158E-05 9.98158E-05 9.98158E-05 9.98158E-05 9.98158E-05 9.98158E-05 9.98158E-05 9.98158E-05 0.0227987 9.98158E-05 9.98158E-05 9.98158E-05 9.98158E-05 9.98158E-05 0.0783666 9.98158E-05
0.908465 9.9807E-05 9.9807E-05 0.0856934 9.9807E-05 0.00364555 9.9807E-05 9.9807E-05 9.9807E-05 9.9807E-05 9.9807E-05 9.9807E-05 9.9807E-05 9.9807E-05 9.9807E-05 9.9807E-05 9.9807E-05 9.9807E-05 9.9807E-05 9.9807E-05 9.9807E-05 9.9807E-05 9.9807E-05 9.9807E-05 9.9807E-05
9.98072E-05 9.98072E-05 9.98072E-05 0.17443 9.98072E-05 9.98072E-05 9.98072E-05 9.98072E-05 9.98072E-05 9.98072E-05 9.98072E-05 9.98072E-05 9.98072E-05 9.98072E-05 9.98072E-05 9.98072E-05 9.98072E-05 0.0490452 9.98072E-05 9.98072E-05 0.774329 9.98072E-05 9.98072E-05 9.98072E-05 9.98072E-05
9.98157E-05 9.98157E-05 9.98157E-05 0.546317 9.98157E-05 9.98157E-05 9.98157E-05 9.98157E-05 9.98157E-05 9.98157E-05 9.98157E-05 9.98157E-05 9.98157E-05 9.98157E-05 9.98157E-05 9.98157E-05 9.98157E-05 9.98157E-05 9.98157E-05 9.98157E-05 9.98157E-05 0.111082 9.98157E-05 0.269313 0.0711918
9.98245E-05 9.98245E-05 9.98245E-05 0.750537 9.98245E-05 0.00591877 9.98245E-05 9.98245E-05 9.98245E-05 0.105867 9.98245E-05 9.98245E-05 9.98245E-05 9.98245E-05 9.98245E-05 9.98245E-05 9.98245E-05 9.98245E-05 9.98245E-05 9.98245E-05 0.0168392 0.118842 9.98245E-05 9.98245E-05 9.98245E-05
9.98333E-05 9.98333E-05 9.98333E-05 0.133008 9.98333E-05 9.98333E-05 9.98333E-05 9.98333E-05 9.98333E-05 9.98333E-05 9.98333E-05 0.618936 9.98333E-05 9.98333E-05 9.98333E-05 9.98333E-05 9.98333E-05 0.0261476 9.98333E-05 9.98333E-05 0.0497989 0.137632 9.98333E-05 0.0325806 9.98333E-05
9.9807E-05 9.9807E-05 9.9807E-05 0.227268 9.9807E-05 9.9807E-05 9.9807E-05 9.9807E-05 9.9807E-05 9.9807E-05 9.9807E-05 0.585025 9.9807E-05 9.9807E-05 9.9807E-05 9.9807E-05 9.9807E-05 9.9807E-05 9.9807E-05 9.9807E-05 0.185512 9.9807E-05 9.9807E-05 9.9807E-05 9.9807E-05
9.98245E-05 9.98245E-05 9.98245E-05 0.596219 9.98245E-05 0.00882559 9.98245E-05 9.98245E-05 9.98245E-05 9.98245E-05 9.98245E-05 9.98245E-05 9.98245E-05 9.98245E-05 9.98245E-05 9.98245E-05 9.98245E-05 0.0924829 9.98245E-05 9.98245E-05 9.98245E-05 0.164545 9.98245E-05 9.98245E-05 0.135931
9.98332E-05 9.98332E-05 0.182655 0.435034 9.98332E-05 9.98332E-05 0.0338658 9.98332E-05 9.98332E-05 9.98332E-05 9.98332E-05 0.133929 9.98332E-05 9.98332E-05 9.98332E-05 9.98332E-05 9.98332E-05 9.98332E-05 9.98332E-05 9.98332E-05 9.98332E-05 0.121904 9.98332E-05 0.0907157 9.98332E-05
9.98685E-05 9.98685E-05 9.98685E-05 0.412487 9.98685E-05 0.00583695 0.0140344 9.98685E-05 9.98685E-05 9.98685E-05 0.000957312 0.162123 0.104123 9.98685E-05 9.98685E-05 0.0515499 9.98685E-05 9.98685E-05 9.98685E-05 9.98685E-05 9.98685E-05 0.149559 9.98685E-05 0.0229822 0.0748481
9.98422E-05 9.98422E-05 9.98422E-05 0.488154 9.98422E-05 0.0301541 9.98422E-05 9.98422E-05 9.98422E-05 9.98422E-05 9.98422E-05 9.98422E-05 9.98422E-05 0.00955411 0.00465669 9.98422E-05 9.98422E-05 0.0764931 9.98422E-05 9.98422E-05 9.98422E-05 0.259262 9.98422E-05 0.12993 9.98422E-05
0.56409 9.9807E-05 9.9807E-05 0.0967808 9.9807E-05 9.9807E-05 9.9807E-05 9.9807E-05 9.9807E-05 9.9807E-05 9.9807E-05 9.9807E-05 9.9807E-05 9.9807E-05 9.9807E-05 9.9807E-05 9.9807E-05 9.9807E-05 9.9807E-05 9.9807E-05 0.336933 9.9807E-05 9.9807E-05 9.9807E-05 9.9807E-05
9.98245E-05 9.98245E-05 9.98245E-05 0.756966 9.98245E-05 9.98245E-05 9.98245E-05 9.98245E-05 9.98245E-05 9.98245E-05 9.98245E-05 9.98245E-05 9.98245E-05 9.98245E-05 0.0116106 9.98245E-05 9.98245E-05 0.00667373 0.138064 9.98245E-05 9.98245E-05 9.98245E-05 9.98245E-05 0.0846895 9.98245E-05
