9.99473E-05 0.102986 9.99473E-05 0.519522 0.0653368 9.99473E-05 9.99473E-05 9.99473E-05 0.161357 9.99473E-05 0.0845519 0.0656477
9.99473E-05 0.00871819 9.99473E-05 0.789751 9.99473E-05 9.99473E-05 0.0124296 9.99473E-05 0.0471908 9.99473E-05 0.0093721 0.131938
9.99209E-05 0.0427059 9.99209E-05 0.893833 9.99209E-05 9.99209E-05 9.99209E-05 9.99209E-05 9.99209E-05 0.0625622 9.99209E-05 9.99209E-05
0.00487475 0.0112691 0.0630264 0.334712 0.0274077 9.99736E-05 0.137901 0.0562222 9.99736E-05 0.301695 0.0625925 9.99736E-05
9.9921E-05 9.9921E-05 0.00786081 0.874842 9.9921E-05 9.9921E-05 9.9921E-05 9.9921E-05 9.9921E-05 0.116398 9.9921E-05 9.9921E-05
9.99561E-05 0.00013459 0.177566 0.310748 9.99561E-05 9.99561E-05 9.99561E-05 0.0438986 0.107702 0.279488 9.99561E-05 0.0799627
9.99561E-05 0.116175 9.99561E-05 0.355677 0.110961 9.99561E-05 9.99561E-05 9.99561E-05 0.0915305 0.168648 0.122903 0.033605
9.99562E-05 9.99562E-05 0.212199 0.247431 9.99562E-05 0.0744618 9.99562E-05 9.99562E-05 0.0746563 0.313531 0.0707163 0.006505
9.99385E-05 0.201584 0.263932 0.291775 0.206932 9.99385E-05 0.0350775 9.99385E-05 9.99385E-05 9.99385E-05 9.99385E-05 9.99385E-05
0.0315145 0.00571027 9.99298E-05 0.937776 0.0242002 9.99298E-05 9.99298E-05 9.99298E-05 9.99298E-05 9.99298E-05 9.99298E-05 9.99298E-05
9.99386E-05 0.189599 0.0618064 0.58612 9.99386E-05 9.99386E-05 9.99386E-05 9.99386E-05 0.00459195 9.99386E-05 0.157183 9.99386E-05
9.9921E-05 9.9921E-05 9.9921E-05 0.947864 9.9921E-05 0.0421229 9.9921E-05 9.9921E-05 9.9921E-05 9.9921E-05 0.00911385 9.9921E-05
9.99123E-05 0.100317 9.99123E-05 0.898684 9.99123E-05 9.99123E-05 9.99123E-05 9.99123E-05 9.99123E-05 9.99123E-05 9.99123E-05 9.99123E-05
9.99386E-05 0.111628 9.99386E-05 0.702934 9.99386E-05 0.0169321 9.99386E-05 0.150293 9.99386E-05 9.99386E-05 0.0175126 9.99386E-05
9.99649E-05 0.164465 0.094225 0.331032 9.99649E-05 9.99649E-05 0.0745561 0.0984205 0.150576 0.0860244 9.99649E-05 0.00030141
9.99649E-05 0.209321 0.207879 0.318257 9.99649E-05 0.105569 0.0413132 0.0298936 0.06335 0.024017 9.99649E-05 9.99649E-05
9.99561E-05 0.0621202 9.99561E-05 0.665088 9.99561E-05 0.0194 9.99561E-05 0.0309653 9.99561E-05 0.0346914 0.0439551 0.14328
0.182657 0.175202 0.0639469 0.185315 9.99473E-05 9.99473E-05 0.124654 9.99473E-05 0.267626 9.99473E-05 9.99473E-05 9.99473E-05
0.0496519 0.177933 0.12324 0.46396 0.0282834 9.99561E-05 9.99561E-05 9.99561E-05 9.99561E-05 0.121079 0.0353529 9.99561E-05
9.99122E-05 9.99122E-05 9.99122E-05 0.996269 9.99122E-05 9.99122E-05 0.00273192 9.99122E-05 9.99122E-05 9.99122E-05 9.99122E-05 9.99122E-05
9.99473E-05 9.99473E-05 0.101871 0.481174 9.99473E-05 0.0533123 0.0509698 9.99473E-05 9.99473E-05 0.275553 0.0365206 9.99473E-05
9.99561E-05 0.0560778 0.201245 0.3848 0.0413221 9.99561E-05 9.99561E-05 9.99561E-05 9.99561E-05 0.280185 0.0175597 0.0183107
9.99386E-05 0.133147 9.99386E-05 0.703472 9.99386E-05 9.99386E-05 9.99386E-05 9.99386E-05 0.0787994 9.99386E-05 0.0515011 0.0323813
9.99385E-05 0.311686 9.99385E-05 0.44191 0.132542 0.0228067 9.99385E-05 9.99385E-05 0.090356 9.99385E-05 9.99385E-05 9.99385E-05
9.99649E-05 0.310991 0.0389798 0.264128 9.99649E-05 0.0216988 0.14974 0.0454451 9.99649E-05 0.0696136 0.099003 9.99649E-05
9.99385E-05 0.117565 9.99385E-05 0.685307 9.99385E-05 9.99385E-05 9.99385E-05 0.0894024 9.99385E-05 0.100695 0.0063305 9.99385E-05
0.137163 0.144625 0.0455509 0.0517224 9.99912E-05 0.146311 0.00450359 0.207595 0.165211 0.0253363 0.0193522 0.0525285
9.9921E-05 0.062839 9.9921E-05 0.871614 9.9921E-05 9.9921E-05 9.9921E-05 9.9921E-05 9.9921E-05 0.0646473 9.9921E-05 9.9921E-05
9.99386E-05 0.198648 9.99386E-05 0.641006 9.99386E-05 9.99386E-05 0.0388524 9.99386E-05 0.100022 9.99386E-05 0.0207723 9.99386E-05
9.99298E-05 0.157656 0.00387936 0.811075 9.99298E-05 9.99298E-05 9.99298E-05 0.0265895 9.99298E-05 9.99298E-05 9.99298E-05 9.99298E-05
0.0017196 0.0423791 0.0302674 0.730391 9.99561E-05 9.99561E-05 0.0196472 9.99561E-05 0.0608752 9.99561E-05 0.114221 9.99561E-05
9.99386E-05 0.0844943 9.99386E-05 0.613791 9.99386E-05 9.99386E-05 9.99386E-05 0.16813 9.99386E-05 0.0788079 0.0540777 9.99386E-05
9.99297E-05 0.281263 9.99297E-05 0.539042 9.99297E-05 0.0571496 9.99297E-05 9.99297E-05 9.99297E-05 9.99297E-05 0.121745 9.99297E-05
0.0241411 0.210781 9.99561E-05 0.539767 0.0084034 0.00802026 0.0439201 0.164467 9.99561E-05 9.99561E-05 9.99561E-05 9.99561E-05
9.99299E-05 9.99299E-05 9.99299E-05 0.849802 9.99299E-05 9.99299E-05 0.0740324 9.99299E-05 9.99299E-05 9.99299E-05 0.0515741 0.0237924
9.99649E-05 0.0618846 0.0151037 0.662731 0.0588313 9.99649E-05 0.0399499 9.99649E-05 9.99649E-05 0.00820517 0.0378096 0.115085
9.99298E-05 9.99298E-05 9.99298E-05 0.935504 9.99298E-05 0.0573574 9.99298E-05 9.99298E-05 9.99298E-05 9.99298E-05 0.00483644 0.00150234
9.99473E-05 0.0504094 0.137029 0.721102 9.99473E-05 9.99473E-05 0.0816925 0.00794404 9.99473E-05 9.99473E-05 9.99473E-05 0.00122341
9.99474E-05 0.199918 9.99474E-05 0.58567 9.99474E-05 9.99474E-05 9.99474E-05 0.0669537 9.99474E-05 0.0485635 0.0338907 0.064404
9.99298E-05 0.190337 9.99298E-05 0.586209 9.99298E-05 0.163728 9.99298E-05 0.0589269 9.99298E-05 9.99298E-05 9.99298E-05 9.99298E-05
9.99298E-05 0.0524435 0.0492297 0.88378 9.99298E-05 9.99298E-05 9.99298E-05 9.99298E-05 9.99298E-05 9.99298E-05 0.0137478 9.99298E-05
9.99386E-05 0.134102 0.0563948 0.725201 9.99386E-05 9.99386E-05 9.99386E-05 9.99386E-05 0.0738337 9.99386E-05 0.00976922 9.99386E-05
9.99211E-05 9.99211E-05 9.99211E-05 0.866882 9.99211E-05 9.99211E-05 9.99211E-05 9.99211E-05 9.99211E-05 0.0527814 9.99211E-05 0.079437
9.99561E-05 0.223985 0.12449 0.451874 0.0426148 9.99561E-05 9.99561E-05 9.99561E-05 0.0937897 9.99561E-05 0.0599951 0.00275135
9.99386E-05 0.262041 9.99386E-05 0.388973 9.99386E-05 0.0242921 9.99386E-05 9.99386E-05 9.99386E-05 0.292691 0.0313027 9.99386E-05
9.9921E-05 0.0126951 9.9921E-05 0.936883 9.9921E-05 9.9921E-05 0.0495231 9.9921E-05 9.9921E-05 9.9921E-05 9.9921E-05 9.9921E-05
0.0366081 0.0683125 0.00702723 0.882638 9.99386E-05 9.99386E-05 9.99386E-05 9.99386E-05 9.99386E-05 9.99386E-05 0.00471434 9.99386E-05
0.00910397 0.00709066 9.9921E-05 0.982906 9.9921E-05 9.9921E-05 9.9921E-05 9.9921E-05 9.9921E-05 9.9921E-05 9.9921E-05 9.9921E-05
9.99297E-05 0.146197 9.99297E-05 0.739307 9.99297E-05 9.99297E-05 9.99297E-05 9.99297E-05 0.00528801 9.99297E-05 0.108408 9.99297E-05
0.0520837 9.99387E-05 9.99387E-05 0.807466 9.99387E-05 0.0355764 9.99387E-05 9.99387E-05 9.99387E-05 9.99387E-05 0.0808053 0.0233687
9.99561E-05 0.241976 0.0533566 0.325944 0.0540848 0.0163177 9.99561E-05 0.103945 9.99561E-05 9.99561E-05 0.203876 9.99561E-05
9.99298E-05 9.99298E-05 9.99298E-05 0.703046 0.0800989 9.99298E-05 0.00160081 9.99298E-05 9.99298E-05 0.214454 9.99298E-05 9.99298E-05
0.0640872 0.0127138 9.99298E-05 0.918474 9.99298E-05 9.99298E-05 9.99298E-05 9.99298E-05 9.99298E-05 9.99298E-05 9.99298E-05 0.00392598
0.0123944 0.0454144 0.049872 0.692055 9.99474E-05 0.199482 0.000182082 9.99474E-05 9.99474E-05 9.99474E-05 9.99474E-05 9.99474E-05
0.000436709 0.129006 0.0132286 0.791226 9.99474E-05 9.99474E-05 0.0198432 9.99474E-05 9.99474E-05 0.04566 9.99474E-05 9.99474E-05
9.99473E-05 9.99473E-05 9.99473E-05 0.631268 9.99473E-05 0.0443408 0.0725122 0.191894 0.0190097 0.0403759 9.99473E-05 9.99473E-05
0.0393624 0.0141905 9.99385E-05 0.787005 9.99385E-05 9.99385E-05 9.99385E-05 9.99385E-05 9.99385E-05 0.0949516 9.99385E-05 0.0637913
0.0101111 0.0390474 9.99298E-05 0.851297 9.99298E-05 9.99298E-05 9.99298E-05 9.99298E-05 9.99298E-05 9.99298E-05 0.0987448 9.99298E-05
9.99385E-05 0.0423481 0.00688372 0.901156 9.99385E-05 9.99385E-05 9.99385E-05 9.99385E-05 9.99385E-05 9.99385E-05 0.0397379 0.00917443
0.0475303 0.195866 0.0480388 9.99472E-05 9.99472E-05 9.99472E-05 9.99472E-05 9.99472E-05 0.595678 9.99472E-05 0.0324745 0.0798118
9.99122E-05 9.99122E-05 9.99122E-05 9.99122E-05 9.99122E-05 0.0469774 9.99122E-05 9.99122E-05 0.952024 9.99122E-05 9.99122E-05 9.99122E-05
0.10277 9.9921E-05 9.9921E-05 9.9921E-05 9.9921E-05 9.9921E-05 9.9921E-05 9.9921E-05 0.878956 9.9921E-05 9.9921E-05 0.0173748
0.18125 0.00724257 0.115787 9.99561E-05 9.99561E-05 9.99561E-05 0.0176299 0.136786 0.110451 9.99561E-05 9.99561E-05 0.430354
0.0972245 0.0492951 0.229004 9.9956E-05 9.9956E-05 9.9956E-05 0.0198046 9.9956E-05 0.505622 0.0909364 0.00761279 9.9956E-05
0.0166476 0.276218 0.0698053 9.99472E-05 0.0253143 9.99472E-05 9.99472E-05 9.99472E-05 0.600003 9.99472E-05 0.0114124 9.99472E-05
0.00612818 0.165731 9.99473E-05 9.99473E-05 9.99473E-05 9.99473E-05 0.0611202 9.99473E-05 0.337004 9.99473E-05 0.0647023 0.364715
0.120246 0.144752 0.0896171 9.99472E-05 9.99472E-05 0.0386865 9.99472E-05 9.99472E-05 0.406506 9.99472E-05 9.99472E-05 0.199592
9.99297E-05 0.0371697 9.99297E-05 9.99297E-05 0.0143508 9.99297E-05 9.99297E-05 9.99297E-05 0.891456 9.99297E-05 9.99297E-05 0.0562242
9.99297E-05 0.0331209 0.0612666 9.99297E-05 9.99297E-05 9.99297E-05 9.99297E-05 9.99297E-05 0.844138 9.99297E-05 0.0606745 9.99297E-05
0.00866712 0.339594 0.0853477 9.99384E-05 9.99384E-05 9.99384E-05 9.99384E-05 9.99384E-05 0.393435 9.99384E-05 0.172257 9.99384E-05
0.0134961 0.147404 9.9956E-05 9.9956E-05 9.9956E-05 0.109609 9.9956E-05 9.9956E-05 0.376606 0.116765 0.105536 0.130084
9.9956E-05 0.0590189 0.170915 9.9956E-05 9.9956E-05 0.0870951 9.9956E-05 9.9956E-05 0.441687 0.0979919 0.137753 0.00503903
0.0171069 0.19353 9.9956E-05 9.9956E-05 0.0227081 0.0839623 9.9956E-05 9.9956E-05 0.446821 0.0492162 9.9956E-05 0.186156
9.99299E-05 9.99299E-05 9.99299E-05 9.99299E-05 0.0171152 0.0375859 9.99299E-05 9.99299E-05 0.869476 9.99299E-05 0.0750233 9.99299E-05
0.0420258 0.0833075 0.0385277 9.99473E-05 9.99473E-05 9.99473E-05 9.99473E-05 9.99473E-05 0.777978 9.99473E-05 0.0199615 0.0376001
0.0621859 0.0806631 9.9956E-05 9.9956E-05 9.9956E-05 0.0608084 9.9956E-05 9.9956E-05 0.459857 0.202919 0.0035741 0.129493
0.0716805 0.0377382 0.095891 9.99561E-05 0.0603272 9.99561E-05 9.99561E-05 9.99561E-05 0.483963 0.106535 0.143366 9.99561E-05
0.199228 0.123778 0.00765734 9.99473E-05 9.99473E-05 9.99473E-05 9.99473E-05 9.99473E-05 0.623623 9.99473E-05 0.01004 0.0350741
9.99296E-05 0.319594 9.99296E-05 9.99296E-05 9.99296E-05 0.0630665 9.99296E-05 9.99296E-05 0.528491 9.99296E-05 0.0880498 9.99296E-05
9.99387E-05 0.0964644 9.99387E-05 9.99387E-05 9.99387E-05 0.0193895 9.99387E-05 9.99387E-05 0.845182 0.018456 9.99387E-05 0.019808
0.0634039 0.0880081 0.0138407 9.9956E-05 9.9956E-05 0.094125 0.00998307 9.9956E-05 0.665724 9.9956E-05 9.9956E-05 0.064415
0.0876778 0.0958543 9.99473E-05 9.99473E-05 9.99473E-05 0.0151376 9.99473E-05 0.17875 0.583162 9.99473E-05 9.99473E-05 0.0388185
0.105802 0.0277992 0.10592 9.99561E-05 0.0298598 9.99561E-05 0.0428002 9.99561E-05 0.591066 0.0962524 9.99561E-05 9.99561E-05
9.99296E-05 0.0906902 0.00475055 9.99296E-05 9.99296E-05 9.99296E-05 9.99296E-05 9.99296E-05 0.693194 9.99296E-05 0.210566 9.99296E-05
9.99474E-05 0.0630051 0.0270808 9.99474E-05 9.99474E-05 9.99474E-05 0.0143064 9.99474E-05 0.725497 9.99474E-05 0.0206334 0.148878
0.0452908 9.99122E-05 9.99122E-05 9.99122E-05 9.99122E-05 9.99122E-05 9.99122E-05 9.99122E-05 0.95371 9.99122E-05 9.99122E-05 9.99122E-05
9.99123E-05 0.106835 9.99123E-05 9.99123E-05 9.99123E-05 9.99123E-05 9.99123E-05 9.99123E-05 0.892166 9.99123E-05 9.99123E-05 9.99123E-05
0.196011 0.031821 0.0325399 9.99298E-05 9.99298E-05 9.99298E-05 9.99298E-05 9.99298E-05 0.738828 9.99298E-05 9.99298E-05 9.99298E-05
9.99562E-05 0.135223 0.168116 0.0142148 9.99562E-05 0.0139327 0.022271 0.0664462 0.579297 9.99562E-05 9.99562E-05 9.99562E-05
9.99201E-05 0.178724 0.154719 9.99201E-05 9.99201E-05 9.99201E-05 9.99201E-05 0.632729 9.99201E-05 0.0330291 9.99201E-05 9.99201E-05
9.99123E-05 0.0767777 9.99123E-05 9.99123E-05 9.99123E-05 9.99123E-05 9.99123E-05 0.922223 9.99123E-05 9.99123E-05 9.99123E-05 9.99123E-05
0.08444 0.184953 9.99297E-05 9.99297E-05 9.99297E-05 9.99297E-05 9.99297E-05 0.629019 9.99297E-05 9.99297E-05 0.100788 9.99297E-05
9.99296E-05 0.191477 0.201634 9.99296E-05 9.99296E-05 9.99296E-05 9.99296E-05 0.528787 9.99296E-05 9.99296E-05 0.0773032 9.99296E-05
0.0162822 0.0856807 0.184648 9.99472E-05 0.0693385 9.99472E-05 0.0129679 0.630483 9.99472E-05 9.99472E-05 9.99472E-05 9.99472E-05
9.99297E-05 0.256296 0.195336 9.99297E-05 9.99297E-05 9.99297E-05 9.99297E-05 0.510171 9.99297E-05 9.99297E-05 9.99297E-05 0.037397
0.0603352 0.121822 0.175877 9.99385E-05 9.99385E-05 9.99385E-05 9.99385E-05 0.574582 9.99385E-05 9.99385E-05 0.0666842 9.99385E-05
0.0236489 0.0774163 0.275975 9.99385E-05 9.99385E-05 9.99385E-05 0.0164001 0.60586 9.99385E-05 9.99385E-05 9.99385E-05 9.99385E-05
9.99385E-05 0.131601 0.402587 9.99385E-05 9.99385E-05 9.99385E-05 9.99385E-05 0.160205 9.99385E-05 9.99385E-05 0.0314198 0.273488
0.0405413 0.290014 0.263974 9.99385E-05 9.99385E-05 9.99385E-05 9.99385E-05 0.333741 9.99385E-05 9.99385E-05 0.0710304 9.99385E-05
9.99298E-05 0.142378 0.0251337 9.99298E-05 9.99298E-05 9.99298E-05 9.99298E-05 0.590125 9.99298E-05 9.99298E-05 9.99298E-05 0.241564
9.99473E-05 0.0828299 9.99473E-05 0.00231293 9.99473E-05 9.99473E-05 0.0687766 0.566572 9.99473E-05 9.99473E-05 0.103049 0.17586
0.0504413 9.99297E-05 0.15217 9.99297E-05 9.99297E-05 9.99297E-05 9.99297E-05 0.75742 9.99297E-05 9.99297E-05 0.0391688 9.99297E-05
9.99386E-05 0.225719 0.158341 9.99386E-05 0.0273125 9.99386E-05 9.99386E-05 0.578297 9.99386E-05 9.99386E-05 0.00963158 9.99386E-05
0.157437 0.00134247 0.124112 9.99561E-05 9.99561E-05 0.0471149 0.00102163 0.651522 9.99561E-05 9.99561E-05 0.0169511 9.99561E-05
9.99473E-05 0.227732 0.0557777 9.99473E-05 9.99473E-05 0.0816615 9.99473E-05 0.498698 9.99473E-05 9.99473E-05 0.051353 0.0841786
0.0364009 0.0646152 0.0708309 9.99473E-05 9.99473E-05 9.99473E-05 0.158409 0.415175 9.99473E-05 9.99473E-05 9.99473E-05 0.253969
9.99649E-05 0.0489337 0.169855 0.0474966 0.0517146 0.046142 9.99649E-05 0.526149 9.99649E-05 0.0302045 0.0791047 9.99649E-05
9.993E-05 9.993E-05 0.0688653 9.993E-05 9.993E-05 9.993E-05 9.993E-05 0.810653 9.993E-05 0.000790754 0.0713879 0.0476033
9.99473E-05 0.124231 0.110574 9.99473E-05 9.99473E-05 0.01166 0.127823 0.598744 9.99473E-05 9.99473E-05 0.0263687 9.99473E-05
0.0283371 0.117747 0.0450912 9.99473E-05 9.99473E-05 9.99473E-05 9.99473E-05 0.622292 9.99473E-05 0.10122 9.99473E-05 0.0847128
0.0249044 0.0943175 0.120467 9.99384E-05 9.99384E-05 9.99384E-05 9.99384E-05 0.703262 9.99384E-05 9.99384E-05 0.0563497 9.99384E-05
9.994E-05 0.234907 0.307459 9.994E-05 9.994E-05 9.994E-05 0.107927 0.19937 9.994E-05 0.0321547 9.994E-05 0.117582
9.99473E-05 0.0902558 0.189939 9.99473E-05 0.0157318 9.99473E-05 0.00706381 0.644302 9.99473E-05 9.99473E-05 0.0521076 9.99473E-05
9.99473E-05 0.311188 0.249178 9.99473E-05 9.99473E-05 9.99473E-05 0.0897292 0.277595 9.99473E-05 0.0348229 9.99473E-05 0.0368867
9.99298E-05 0.186996 0.136958 9.99298E-05 9.99298E-05 9.99298E-05 9.99298E-05 0.55616 9.99298E-05 9.99298E-05 9.99298E-05 0.119087
9.99387E-05 0.0481959 9.99387E-05 0.00300349 0.152409 9.99387E-05 0.0341759 0.761516 9.99387E-05 9.99387E-05 9.99387E-05 9.99387E-05
9.99384E-05 0.14329 0.188265 9.99384E-05 9.99384E-05 9.99384E-05 0.0277854 0.54088 9.99384E-05 0.0990803 9.99384E-05 9.99384E-05
9.99298E-05 0.22896 0.302354 9.99298E-05 9.99298E-05 9.99298E-05 9.99298E-05 0.408102 9.99298E-05 9.99298E-05 9.99298E-05 0.0597849
9.99385E-05 0.149278 0.0173358 9.99385E-05 9.99385E-05 9.99385E-05 0.0991749 0.648024 9.99385E-05 9.99385E-05 0.0854878 9.99385E-05
9.99385E-05 0.258111 0.085183 9.99385E-05 9.99385E-05 0.0224689 9.99385E-05 0.567724 9.99385E-05 9.99385E-05 0.0658126 9.99385E-05
0.00214942 0.0703669 9.99472E-05 9.99472E-05 9.99472E-05 0.106219 0.0039631 0.759783 9.99472E-05 9.99472E-05 0.0569196 9.99472E-05
9.99385E-05 0.18163 0.355029 9.99385E-05 9.99385E-05 9.99385E-05 0.233582 0.188085 9.99385E-05 9.99385E-05 0.0409744 9.99385E-05
9.99297E-05 0.134376 0.16335 9.99297E-05 9.99297E-05 9.99297E-05 0.160604 0.540871 9.99297E-05 9.99297E-05 9.99297E-05 9.99297E-05
9.99209E-05 0.134524 0.0256938 9.99209E-05 9.99209E-05 9.99209E-05 9.99209E-05 0.838882 9.99209E-05 9.99209E-05 9.99209E-05 9.99209E-05
9.99385E-05 9.99385E-05 0.0963162 9.99385E-05 9.99385E-05 0.0543372 9.99385E-05 0.692525 9.99385E-05 9.99385E-05 0.0605325 0.0955896
0.076283 0.282491 0.19725 9.99384E-05 9.99384E-05 9.99384E-05 9.99384E-05 0.396133 9.99384E-05 9.99384E-05 0.0471433 9.99384E-05
9.99123E-05 9.99123E-05 0.0825744 9.99123E-05 9.99123E-05 9.99123E-05 9.99123E-05 0.916426 9.99123E-05 9.99123E-05 9.99123E-05 9.99123E-05
0.0122464 0.0803905 0.0415755 9.99385E-05 9.99385E-05 9.99385E-05 0.015708 0.84938 9.99385E-05 9.99385E-05 9.99385E-05 9.99385E-05
9.99298E-05 0.00313892 0.0434798 9.99298E-05 9.99298E-05 9.99298E-05 9.99298E-05 0.943985 9.99298E-05 9.99298E-05 0.00859723 9.99298E-05
9.99211E-05 9.99211E-05 9.99211E-05 9.99211E-05 9.99211E-05 9.99211E-05 0.0098584 0.914753 9.99211E-05 9.99211E-05 9.99211E-05 0.0744896
9.99385E-05 0.409411 0.151499 9.99385E-05 9.99385E-05 9.99385E-05 9.99385E-05 0.26774 9.99385E-05 0.0181416 9.99385E-05 0.152508
9.99473E-05 0.0175671 0.245737 9.99473E-05 9.99473E-05 0.00113947 0.0573379 0.640726 9.99473E-05 9.99473E-05 0.0368924 9.99473E-05
9.99386E-05 0.0562569 0.164054 9.99386E-05 9.99386E-05 9.99386E-05 0.0586619 0.680326 9.99386E-05 9.99386E-05 9.99386E-05 0.0400025
9.99211E-05 0.0385778 9.99211E-05 0.0184349 9.99211E-05 9.99211E-05 9.99211E-05 0.942088 9.99211E-05 9.99211E-05 9.99211E-05 9.99211E-05
0.130366 0.0847313 0.17095 9.99648E-05 9.99648E-05 0.0784648 0.0527625 0.273464 9.99648E-05 9.99648E-05 0.040676 0.168185
0.065986 0.1552 0.11673 9.99473E-05 9.99473E-05 9.99473E-05 0.0167736 0.498227 0.146483 9.99473E-05 9.99473E-05 9.99473E-05
9.99474E-05 0.0590591 0.192519 9.99474E-05 0.115755 0.04735 9.99474E-05 0.449342 9.99474E-05 9.99474E-05 9.99474E-05 0.135375
9.99473E-05 0.316573 0.298417 9.99473E-05 9.99473E-05 9.99473E-05 0.0404619 0.285087 0.0132813 9.99473E-05 0.0455802 9.99473E-05
9.99123E-05 0.023254 9.99123E-05 9.99123E-05 9.99123E-05 9.99123E-05 9.99123E-05 0.975747 9.99123E-05 9.99123E-05 9.99123E-05 9.99123E-05
9.99561E-05 0.27421 0.0420483 9.99561E-05 9.99561E-05 0.0410976 0.00764724 0.431296 9.99561E-05 0.165036 0.0381655 9.99561E-05
9.99299E-05 0.0578701 0.070653 9.99299E-05 9.99299E-05 9.99299E-05 9.99299E-05 0.791591 9.99299E-05 9.99299E-05 9.99299E-05 0.0790861
9.9921E-05 0.18127 0.158967 9.9921E-05 9.9921E-05 9.9921E-05 9.9921E-05 0.658864 9.9921E-05 9.9921E-05 9.9921E-05 9.9921E-05
0.00662661 0.0298484 0.131506 9.99472E-05 9.99472E-05 0.15374 9.99472E-05 0.561887 9.99472E-05 9.99472E-05 9.99472E-05 0.115792
9.99472E-05 0.169736 9.99472E-05 9.99472E-05 9.99472E-05 0.0640972 0.0294518 0.6289 9.99472E-05 0.0724449 0.03477 9.99472E-05
9.99385E-05 0.304331 0.267909 9.99385E-05 9.99385E-05 9.99385E-05 0.0272408 0.233993 9.99385E-05 9.99385E-05 9.99385E-05 0.165826
9.99297E-05 0.200497 0.164697 9.99297E-05 9.99297E-05 9.99297E-05 9.99297E-05 0.605051 9.99297E-05 9.99297E-05 0.0289545 9.99297E-05
9.99472E-05 0.103629 0.127049 9.99472E-05 9.99472E-05 0.0452602 0.0186926 0.63537 9.99472E-05 9.99472E-05 0.0694001 9.99472E-05
9.99385E-05 0.0785233 0.00939107 9.99385E-05 9.99385E-05 0.00420213 0.18105 0.726134 9.99385E-05 9.99385E-05 9.99385E-05 9.99385E-05
9.99297E-05 0.0760797 0.218559 9.99297E-05 9.99297E-05 9.99297E-05 9.99297E-05 0.664755 9.99297E-05 9.99297E-05 9.99297E-05 0.0398068
9.99033E-05 0.998901 9.99033E-05 9.99033E-05 9.99033E-05 9.99033E-05 9.99033E-05 9.99033E-05 9.99033E-05 9.99033E-05 9.99033E-05 9.99033E-05
9.99033E-05 9.99033E-05 0.998901 9.99033E-05 9.99033E-05 9.99033E-05 9.99033E-05 9.99033E-05 9.99033E-05 9.99033E-05 9.99033E-05 9.99033E-05
9.99032E-05 0.998901 9.99032E-05 9.99032E-05 9.99032E-05 9.99032E-05 9.99032E-05 9.99032E-05 9.99032E-05 9.99032E-05 9.99032E-05 9.99032E-05
9.99032E-05 9.99032E-05 0.998901 9.99032E-05 9.99032E-05 9.99032E-05 9.99032E-05 9.99032E-05 9.99032E-05 9.99032E-05 9.99032E-05 9.99032E-05
9.99032E-05 9.99032E-05 0.998901 9.99032E-05 9.99032E-05 9.99032E-05 9.99032E-05 9.99032E-05 9.99032E-05 9.99032E-05 9.99032E-05 9.99032E-05
9.99032E-05 9.99032E-05 0.998901 9.99032E-05 9.99032E-05 9.99032E-05 9.99032E-05 9.99032E-05 9.99032E-05 9.99032E-05 9.99032E-05 9.99032E-05
9.99032E-05 0.998901 9.99032E-05 9.99032E-05 9.99032E-05 9.99032E-05 9.99032E-05 9.99032E-05 9.99032E-05 9.99032E-05 9.99032E-05 9.99032E-05
9.99032E-05 9.99032E-05 0.998901 9.99032E-05 9.99032E-05 9.99032E-05 9.99032E-05 9.99032E-05 9.99032E-05 9.99032E-05 9.99032E-05 9.99032E-05
9.99032E-05 9.99032E-05 0.998901 9.99032E-05 9.99032E-05 9.99032E-05 9.99032E-05 9.99032E-05 9.99032E-05 9.99032E-05 9.99032E-05 9.99032E-05
9.99033E-05 0.998901 9.99033E-05 9.99033E-05 9.99033E-05 9.99033E-05 9.99033E-05 9.99033E-05 9.99033E-05 9.99033E-05 9.99033E-05 9.99033E-05
9.99032E-05 0.998901 9.99032E-05 9.99032E-05 9.99032E-05 9.99032E-05 9.99032E-05 9.99032E-05 9.99032E-05 9.99032E-05 9.99032E-05 9.99032E-05
9.99031E-05 0.998901 9.99031E-05 9.99031E-05 9.99031E-05 9.99031E-05 9.99031E-05 9.99031E-05 9.99031E-05 9.99031E-05 9.99031E-05 9.99031E-05
9.99032E-05 9.99032E-05 0.998901 9.99032E-05 9.99032E-05 9.99032E-05 9.99032E-05 9.99032E-05 9.99032E-05 9.99032E-05 9.99032E-05 9.99032E-05
9.99032E-05 9.99032E-05 0.998901 9.99032E-05 9.99032E-05 9.99032E-05 9.99032E-05 9.99032E-05 9.99032E-05 9.99032E-05 9.99032E-05 9.99032E-05
9.99032E-05 0.998901 9.99032E-05 9.99032E-05 9.99032E-05 9.99032E-05 9.99032E-05 9.99032E-05 9.99032E-05 9.99032E-05 9.99032E-05 9.99032E-05
9.99031E-05 0.998901 9.99031E-05 9.99031E-05 9.99031E-05 9.99031E-05 9.99031E-05 9.99031E-05 9.99031E-05 9.99031E-05 9.99031E-05 9.99031E-05
0.085961 0.114103 0.141271 9.99648E-05 0.145943 0.0104139 9.99648E-05 0.282489 9.99648E-05 0.183598 0.0358222 9.99648E-05
9.99033E-05 0.998901 9.99033E-05 9.99033E-05 9.99033E-05 9.99033E-05 9.99033E-05 9.99033E-05 9.99033E-05 9.99033E-05 9.99033E-05 9.99033E-05
9.99032E-05 9.99032E-05 0.998901 9.99032E-05 9.99032E-05 9.99032E-05 9.99032E-05 9.99032E-05 9.99032E-05 9.99032E-05 9.99032E-05 9.99032E-05
9.99032E-05 0.998901 9.99032E-05 9.99032E-05 9.99032E-05 9.99032E-05 9.99032E-05 9.99032E-05 9.99032E-05 9.99032E-05 9.99032E-05 9.99032E-05
9.99032E-05 0.998901 9.99032E-05 9.99032E-05 9.99032E-05 9.99032E-05 9.99032E-05 9.99032E-05 9.99032E-05 9.99032E-05 9.99032E-05 9.99032E-05
9.99033E-05 0.998901 9.99033E-05 9.99033E-05 9.99033E-05 9.99033E-05 9.99033E-05 9.99033E-05 9.99033E-05 9.99033E-05 9.99033E-05 9.99033E-05
9.99032E-05 9.99032E-05 0.998901 9.99032E-05 9.99032E-05 9.99032E-05 9.99032E-05 9.99032E-05 9.99032E-05 9.99032E-05 9.99032E-05 9.99032E-05
9.99032E-05 0.998901 9.99032E-05 9.99032E-05 9.99032E-05 9.99032E-05 9.99032E-05 9.99032E-05 9.99032E-05 9.99032E-05 9.99032E-05 9.99032E-05
9.99032E-05 9.99032E-05 0.998901 9.99032E-05 9.99032E-05 9.99032E-05 9.99032E-05 9.99032E-05 9.99032E-05 9.99032E-05 9.99032E-05 9.99032E-05
9.99033E-05 0.998901 9.99033E-05 9.99033E-05 9.99033E-05 9.99033E-05 9.99033E-05 9.99033E-05 9.99033E-05 9.99033E-05 9.99033E-05 9.99033E-05
9.99032E-05 0.998901 9.99032E-05 9.99032E-05 9.99032E-05 9.99032E-05 9.99032E-05 9.99032E-05 9.99032E-05 9.99032E-05 9.99032E-05 9.99032E-05
9.99032E-05 9.99032E-05 0.998901 9.99032E-05 9.99032E-05 9.99032E-05 9.99032E-05 9.99032E-05 9.99032E-05 9.99032E-05 9.99032E-05 9.99032E-05
9.99032E-05 9.99032E-05 0.998901 9.99032E-05 9.99032E-05 9.99032E-05 9.99032E-05 9.99032E-05 9.99032E-05 9.99032E-05 9.99032E-05 9.99032E-05
9.99033E-05 9.99033E-05 0.998901 9.99033E-05 9.99033E-05 9.99033E-05 9.99033E-05 9.99033E-05 9.99033E-05 9.99033E-05 9.99033E-05 9.99033E-05
9.99032E-05 0.998901 9.99032E-05 9.99032E-05 9.99032E-05 9.99032E-05 9.99032E-05 9.99032E-05 9.99032E-05 9.99032E-05 9.99032E-05 9.99032E-05
9.99032E-05 0.998901 9.99032E-05 9.99032E-05 9.99032E-05 9.99032E-05 9.99032E-05 9.99032E-05 9.99032E-05 9.99032E-05 9.99032E-05 9.99032E-05
9.99032E-05 0.998901 9.99032E-05 9.99032E-05 9.99032E-05 9.99032E-05 9.99032E-05 9.99032E-05 9.99032E-05 9.99032E-05 9.99032E-05 9.99032E-05
9.99032E-05 0.998901 9.99032E-05 9.99032E-05 9.99032E-05 9.99032E-05 9.99032E-05 9.99032E-05 9.99032E-05 9.99032E-05 9.99032E-05 9.99032E-05
9.99031E-05 0.998901 9.99031E-05 9.99031E-05 9.99031E-05 9.99031E-05 9.99031E-05 9.99031E-05 9.99031E-05 9.99031E-05 9.99031E-05 9.99031E-05
9.99032E-05 9.99032E-05 0.998901 9.99032E-05 9.99032E-05 9.99032E-05 9.99032E-05 9.99032E-05 9.99032E-05 9.99032E-05 9.99032E-05 9.99032E-05
9.99032E-05 9.99032E-05 0.998901 9.99032E-05 9.99032E-05 9.99032E-05 9.99032E-05 9.99032E-05 9.99032E-05 9.99032E-05 9.99032E-05 9.99032E-05
9.99032E-05 9.99032E-05 0.998901 9.99032E-05 9.99032E-05 9.99032E-05 9.99032E-05 9.99032E-05 9.99032E-05 9.99032E-05 9.99032E-05 9.99032E-05
9.99032E-05 0.998901 9.99032E-05 9.99032E-05 9.99032E-05 9.99032E-05 9.99032E-05 9.99032E-05 9.99032E-05 9.99032E-05 9.99032E-05 9.99032E-05
9.99032E-05 9.99032E-05 0.998901 9.99032E-05 9.99032E-05 9.99032E-05 9.99032E-05 9.99032E-05 9.99032E-05 9.99032E-05 9.99032E-05 9.99032E-05
9.99032E-05 9.99032E-05 0.998901 9.99032E-05 9.99032E-05 9.99032E-05 9.99032E-05 9.99032E-05 9.99032E-05 9.99032E-05 9.99032E-05 9.99032E-05
9.99032E-05 9.99032E-05 0.998901 9.99032E-05 9.99032E-05 9.99032E-05 9.99032E-05 9.99032E-05 9.99032E-05 9.99032E-05 9.99032E-05 9.99032E-05
9.99032E-05 9.99032E-05 0.998901 9.99032E-05 9.99032E-05 9.99032E-05 9.99032E-05 9.99032E-05 9.99032E-05 9.99032E-05 9.99032E-05 9.99032E-05
9.99031E-05 0.998901 9.99031E-05 9.99031E-05 9.99031E-05 9.99031E-05 9.99031E-05 9.99031E-05 9.99031E-05 9.99031E-05 9.99031E-05 9.99031E-05
9.99032E-05 9.99032E-05 0.998901 9.99032E-05 9.99032E-05 9.99032E-05 9.99032E-05 9.99032E-05 9.99032E-05 9.99032E-05 9.99032E-05 9.99032E-05
9.99032E-05 9.99032E-05 0.998901 9.99032E-05 9.99032E-05 9.99032E-05 9.99032E-05 9.99032E-05 9.99032E-05 9.99032E-05 9.99032E-05 9.99032E-05
9.9956E-05 0.194136 0.132093 9.9956E-05 0.10518 0.0837084 0.039368 0.306281 9.9956E-05 0.138733 9.9956E-05 9.9956E-05
9.99032E-05 0.998901 9.99032E-05 9.99032E-05 9.99032E-05 9.99032E-05 9.99032E-05 9.99032E-05 9.99032E-05 9.99032E-05 9.99032E-05 9.99032E-05
9.99033E-05 9.99033E-05 0.998901 9.99033E-05 9.99033E-05 9.99033E-05 9.99033E-05 9.99033E-05 9.99033E-05 9.99033E-05 9.99033E-05 9.99033E-05
9.99032E-05 9.99032E-05 0.998901 9.99032E-05 9.99032E-05 9.99032E-05 9.99032E-05 9.99032E-05 9.99032E-05 9.99032E-05 9.99032E-05 9.99032E-05
9.99032E-05 9.99032E-05 0.998901 9.99032E-05 9.99032E-05 9.99032E-05 9.99032E-05 9.99032E-05 9.99032E-05 9.99032E-05 9.99032E-05 9.99032E-05
9.99032E-05 9.99032E-05 0.998901 9.99032E-05 9.99032E-05 9.99032E-05 9.99032E-05 9.99032E-05 9.99032E-05 9.99032E-05 9.99032E-05 9.99032E-05
9.99031E-05 0.998901 9.99031E-05 9.99031E-05 9.99031E-05 9.99031E-05 9.99031E-05 9.99031E-05 9.99031E-05 9.99031E-05 9.99031E-05 9.99031E-05
9.99031E-05 9.99031E-05 0.998901 9.99031E-05 9.99031E-05 9.99031E-05 9.99031E-05 9.99031E-05 9.99031E-05 9.99031E-05 9.99031E-05 9.99031E-05
9.99032E-05 0.998901 9.99032E-05 9.99032E-05 9.99032E-05 9.99032E-05 9.99032E-05 9.99032E-05 9.99032E-05 9.99032E-05 9.99032E-05 9.99032E-05
9.99032E-05 9.99032E-05 0.998901 9.99032E-05 9.99032E-05 9.99032E-05 9.99032E-05 9.99032E-05 9.99032E-05 9.99032E-05 9.99032E-05 9.99032E-05
9.99032E-05 0.998901 9.99032E-05 9.99032E-05 9.99032E-05 9.99032E-05 9.99032E-05 9.99032E-05 9.99032E-05 9.99032E-05 9.99032E-05 9.99032E-05
9.99032E-05 9.99032E-05 0.998901 9.99032E-05 9.99032E-05 9.99032E-05 9.99032E-05 9.99032E-05 9.99032E-05 9.99032E-05 9.99032E-05 9.99032E-05
9.99032E-05 9.99032E-05 0.998901 9.99032E-05 9.99032E-05 9.99032E-05 9.99032E-05 9.99032E-05 9.99032E-05 9.99032E-05 9.99032E-05 9.99032E-05
9.99032E-05 9.99032E-05 0.998901 9.99032E-05 9.99032E-05 9.99032E-05 9.99032E-05 9.99032E-05 9.99032E-05 9.99032E-05 9.99032E-05 9.99032E-05
9.99032E-05 9.99032E-05 0.998901 9.99032E-05 9.99032E-05 9.99032E-05 9.99032E-05 9.99032E-05 9.99032E-05 9.99032E-05 9.99032E-05 9.99032E-05
9.99032E-05 9.99032E-05 0.998901 9.99032E-05 9.99032E-05 9.99032E-05 9.99032E-05 9.99032E-05 9.99032E-05 9.99032E-05 9.99032E-05 9.99032E-05
9.99032E-05 9.99032E-05 0.998901 9.99032E-05 9.99032E-05 9.99032E-05 9.99032E-05 9.99032E-05 9.99032E-05 9.99032E-05 9.99032E-05 9.99032E-05
9.99032E-05 0.998901 9.99032E-05 9.99032E-05 9.99032E-05 9.99032E-05 9.99032E-05 9.99032E-05 9.99032E-05 9.99032E-05 9.99032E-05 9.99032E-05
9.99032E-05 0.998901 9.99032E-05 9.99032E-05 9.99032E-05 9.99032E-05 9.99032E-05 9.99032E-05 9.99032E-05 9.99032E-05 9.99032E-05 9.99032E-05
9.99032E-05 0.998901 9.99032E-05 9.99032E-05 9.99032E-05 9.99032E-05 9.99032E-05 9.99032E-05 9.99032E-05 9.99032E-05 9.99032E-05 9.99032E-05
9.99032E-05 9.99032E-05 0.998901 9.99032E-05 9.99032E-05 9.99032E-05 9.99032E-05 9.99032E-05 9.99032E-05 9.99032E-05 9.99032E-05 9.99032E-05
9.99032E-05 0.998901 9.99032E-05 9.99032E-05 9.99032E-05 9.99032E-05 9.99032E-05 9.99032E-05 9.99032E-05 9.99032E-05 9.99032E-05 9.99032E-05
9.99032E-05 0.998901 9.99032E-05 9.99032E-05 9.99032E-05 9.99032E-05 9.99032E-05 9.99032E-05 9.99032E-05 9.99032E-05 9.99032E-05 9.99032E-05
9.99121E-05 0.978547 9.99121E-05 9.99121E-05 9.99121E-05 0.0204536 9.99121E-05 9.99121E-05 9.99121E-05 9.99121E-05 9.99121E-05 9.99121E-05
9.99032E-05 9.99032E-05 0.998901 9.99032E-05 9.99032E-05 9.99032E-05 9.99032E-05 9.99032E-05 9.99032E-05 9.99032E-05 9.99032E-05 9.99032E-05
9.99032E-05 9.99032E-05 0.998901 9.99032E-05 9.99032E-05 9.99032E-05 9.99032E-05 9.99032E-05 9.99032E-05 9.99032E-05 9.99032E-05 9.99032E-05
9.99032E-05 9.99032E-05 0.998901 9.99032E-05 9.99032E-05 9.99032E-05 9.99032E-05 9.99032E-05 9.99032E-05 9.99032E-05 9.99032E-05 9.99032E-05
9.99032E-05 0.998901 9.99032E-05 9.99032E-05 9.99032E-05 9.99032E-05 9.99032E-05 9.99032E-05 9.99032E-05 9.99032E-05 9.99032E-05 9.99032E-05
9.99032E-05 9.99032E-05 0.998901 9.99032E-05 9.99032E-05 9.99032E-05 9.99032E-05 9.99032E-05 9.99032E-05 9.99032E-05 9.99032E-05 9.99032E-05
9.99032E-05 9.99032E-05 0.998901 9.99032E-05 9.99032E-05 9.99032E-05 9.99032E-05 9.99032E-05 9.99032E-05 9.99032E-05 9.99032E-05 9.99032E-05
9.99032E-05 0.998901 9.99032E-05 9.99032E-05 9.99032E-05 9.99032E-05 9.99032E-05 9.99032E-05 9.99032E-05 9.99032E-05 9.99032E-05 9.99032E-05
9.99032E-05 9.99032E-05 0.998901 9.99032E-05 9.99032E-05 9.99032E-05 9.99032E-05 9.99032E-05 9.99032E-05 9.99032E-05 9.99032E-05 9.99032E-05
9.99033E-05 9.99033E-05 0.998901 9.99033E-05 9.99033E-05 9.99033E-05 9.99033E-05 9.99033E-05 9.99033E-05 9.99033E-05 9.99033E-05 9.99033E-05
0.114842 0.350384 0.143881 9.99648E-05 9.99648E-05 0.0197717 0.0686742 0.184086 9.99648E-05 9.99648E-05 0.0873282 0.030632
9.99032E-05 0.998901 9.99032E-05 9.99032E-05 9.99032E-05 9.99032E-05 9.99032E-05 9.99032E-05 9.99032E-05 9.99032E-05 9.99032E-05 9.99032E-05
9.99031E-05 9.99031E-05 0.998901 9.99031E-05 9.99031E-05 9.99031E-05 9.99031E-05 9.99031E-05 9.99031E-05 9.99031E-05 9.99031E-05 9.99031E-05
9.99474E-05 0.0020541 0.505613 9.99474E-05 0.095549 0.0455974 9.99474E-05 0.312407 9.99474E-05 9.99474E-05 0.0381795 9.99474E-05
9.99473E-05 0.178159 0.312311 9.99473E-05 0.0368324 0.0315458 0.0794206 0.361131 9.99473E-05 9.99473E-05 9.99473E-05 9.99473E-05
9.99385E-05 0.396771 0.194487 9.99385E-05 0.0492742 9.99385E-05 9.99385E-05 0.343921 9.99385E-05 9.99385E-05 9.99385E-05 0.0148473
0.00868058 0.250362 9.99472E-05 9.99472E-05 0.0162648 0.1055 0.044587 0.574006 9.99472E-05 9.99472E-05 9.99472E-05 9.99472E-05
9.99385E-05 0.277313 0.305741 9.99385E-05 9.99385E-05 9.99385E-05 0.132115 0.180949 9.99385E-05 9.99385E-05 9.99385E-05 0.103183
9.99387E-05 0.0262397 0.104692 9.99387E-05 9.99387E-05 9.99387E-05 9.99387E-05 0.758988 9.99387E-05 0.0451211 9.99387E-05 0.0642602
9.99561E-05 0.23958 0.354394 9.99561E-05 9.99561E-05 9.99561E-05 0.0321308 0.230376 0.0773669 0.034592 0.0310603 9.99561E-05
0.0673746 0.168952 0.186718 9.99473E-05 0.0202829 9.99473E-05 9.99473E-05 0.468423 9.99473E-05 9.99473E-05 0.0876496 9.99473E-05
9.9921E-05 0.102128 0.198989 9.9921E-05 9.9921E-05 9.9921E-05 9.9921E-05 0.697983 9.9921E-05 9.9921E-05 9.9921E-05 9.9921E-05
9.99297E-05 0.176946 9.99297E-05 9.99297E-05 9.99297E-05 9.99297E-05 0.0153338 0.640764 9.99297E-05 0.166157 9.99297E-05 9.99297E-05
9.99298E-05 0.258548 0.104507 9.99298E-05 9.99298E-05 9.99298E-05 9.99298E-05 0.545603 9.99298E-05 9.99298E-05 0.090543 9.99298E-05
9.99209E-05 0.0747995 0.590165 9.99209E-05 9.99209E-05 9.99209E-05 9.99209E-05 0.334137 9.99209E-05 9.99209E-05 9.99209E-05 9.99209E-05
0.0500765 0.282255 0.344153 9.994E-05 9.994E-05 0.116748 9.994E-05 0.172199 9.994E-05 9.994E-05 9.994E-05 0.0339695
0.144112 0.117535 0.0890905 9.99296E-05 9.99296E-05 9.99296E-05 9.99296E-05 0.648463 9.99296E-05 9.99296E-05 9.99296E-05 9.99296E-05
9.99297E-05 0.283393 0.167401 9.99297E-05 9.99297E-05 9.99297E-05 9.99297E-05 0.4857 9.99297E-05 9.99297E-05 0.0627061 9.99297E-05
9.99561E-05 0.190014 0.293084 9.99561E-05 9.99561E-05 9.99561E-05 9.99561E-05 0.342877 0.0088501 0.0646518 0.0408989 0.0591243
9.99385E-05 0.0589556 0.0914862 9.99385E-05 9.99385E-05 9.99385E-05 0.0405594 0.674371 9.99385E-05 9.99385E-05 9.99385E-05 0.133928
0.0628034 0.269826 0.0965011 9.997E-05 0.0546962 0.0212867 0.0403286 0.248825 9.997E-05 9.997E-05 0.117007 0.0884257
9.99472E-05 0.0097211 0.0911206 9.99472E-05 9.99472E-05 9.99472E-05 0.124968 0.408285 9.99472E-05 9.99472E-05 0.0669349 0.298371
9.99384E-05 0.25161 0.179227 9.99384E-05 0.0646245 9.99384E-05 9.99384E-05 0.461781 9.99384E-05 0.0420576 9.99384E-05 9.99384E-05
9.99472E-05 0.110421 0.136449 9.99472E-05 9.99472E-05 9.99472E-05 0.0253828 0.556194 9.99472E-05 0.100583 9.99472E-05 0.0703719
9.99297E-05 9.99297E-05 0.28084 9.99297E-05 9.99297E-05 0.0763015 9.99297E-05 0.62693 9.99297E-05 9.99297E-05 9.99297E-05 0.0151291
9.99473E-05 0.222502 0.192989 9.99473E-05 9.99473E-05 0.148205 0.0248539 0.39402 9.99473E-05 9.99473E-05 0.0168305 9.99473E-05
0.058914 0.105069 0.21632 9.9956E-05 9.9956E-05 9.9956E-05 9.9956E-05 0.554083 9.9956E-05 0.0245666 0.0280003 0.0125471
0.168303 0.0621705 0.0548855 9.99384E-05 0.0869146 9.99384E-05 9.99384E-05 0.627027 9.99384E-05 9.99384E-05 9.99384E-05 9.99384E-05
9.99211E-05 9.99211E-05 0.0194905 9.99211E-05 9.99211E-05 9.99211E-05 9.99211E-05 0.857342 9.99211E-05 9.99211E-05 9.99211E-05 0.122268
9.99472E-05 0.161402 0.0577947 9.99472E-05 0.069093 9.99472E-05 9.99472E-05 0.514659 9.99472E-05 0.15844 9.99472E-05 0.0380112
0.0410212 0.287682 0.258396 9.99385E-05 0.123387 9.99385E-05 9.99385E-05 0.288815 9.99385E-05 9.99385E-05 9.99385E-05 9.99385E-05
0.0860487 0.1336 9.99472E-05 9.99472E-05 9.99472E-05 0.0545219 0.0370282 0.686797 9.99472E-05 0.00140454 9.99472E-05 9.99472E-05
0.119604 0.104737 0.193643 9.99385E-05 9.99385E-05 9.99385E-05 0.0836735 0.497644 9.99385E-05 9.99385E-05 9.99385E-05 9.99385E-05
9.99472E-05 0.138959 0.393047 9.99472E-05 9.99472E-05 9.99472E-05 9.99472E-05 0.264301 9.99472E-05 0.0905484 0.021462 0.0910831
9.99385E-05 0.12113 0.32039 9.99385E-05 9.99385E-05 9.99385E-05 9.99385E-05 0.540202 9.99385E-05 9.99385E-05 0.00389563 0.0136829
9.99384E-05 0.142282 0.177872 9.99384E-05 9.99384E-05 9.99384E-05 9.99384E-05 0.356551 9.99384E-05 0.06028 9.99384E-05 0.262315
0.0981909 0.239895 0.237021 9.99473E-05 9.99473E-05 9.99473E-05 9.99473E-05 0.386273 9.99473E-05 0.0344894 0.00353088 9.99473E-05
0.13417 0.195058 0.0944663 9.99473E-05 9.99473E-05 0.044765 9.99473E-05 0.363434 9.99473E-05 9.99473E-05 0.167508 9.99473E-05
9.99297E-05 0.323975 0.0567895 9.99297E-05 9.99297E-05 9.99297E-05 9.99297E-05 0.573216 9.99297E-05 0.0452204 9.99297E-05 9.99297E-05
9.99035E-05 9.99035E-05 9.99035E-05 9.99035E-05 9.99035E-05 9.99035E-05 9.99035E-05 0.998901 9.99035E-05 9.99035E-05 9.99035E-05 9.99035E-05
0.0129955 0.282945 0.00273762 9.99648E-05 9.99648E-05 0.0882142 9.99648E-05 0.322242 0.103197 9.99648E-05 0.108644 0.0786253
9.99472E-05 0.0502635 0.0374858 9.99472E-05 9.99472E-05 0.104937 0.0405184 0.681654 9.99472E-05 9.99472E-05 0.0845417 9.99472E-05
9.99385E-05 0.0839089 0.2101 9.99385E-05 9.99385E-05 9.99385E-05 9.99385E-05 0.375537 9.99385E-05 0.329057 9.99385E-05 0.000697727
0.0358108 0.282904 0.0851399 9.99384E-05 9.99384E-05 9.99384E-05 0.0141961 0.58125 9.99384E-05 9.99384E-05 9.99384E-05 9.99384E-05
9.99561E-05 0.10767 0.0935153 9.99561E-05 0.0854872 9.99561E-05 0.00949769 0.611049 9.99561E-05 0.0706326 9.99561E-05 0.021648
9.99385E-05 0.166474 0.268577 9.99385E-05 0.0853969 9.99385E-05 9.99385E-05 0.321728 9.99385E-05 0.157125 9.99385E-05 9.99385E-05
0.0306566 0.123618 0.547542 9.99473E-05 9.99473E-05 9.99473E-05 9.99473E-05 0.277115 9.99473E-05 0.0160536 9.99473E-05 0.00441486
0.0376006 0.296004 0.377759 9.99384E-05 9.99384E-05 9.99384E-05 9.99384E-05 0.168609 9.99384E-05 9.99384E-05 9.99384E-05 0.119328
0.068602 0.118816 0.239211 9.99472E-05 9.99472E-05 9.99472E-05 9.99472E-05 0.503569 9.99472E-05 0.0304931 0.0387095 9.99472E-05
9.99034E-05 9.99034E-05 9.99034E-05 9.99034E-05 9.99034E-05 9.99034E-05 9.99034E-05 0.998901 9.99034E-05 9.99034E-05 9.99034E-05 9.99034E-05
9.99473E-05 0.07283 0.267471 9.99473E-05 9.99473E-05 9.99473E-05 0.0696187 0.557907 9.99473E-05 9.99473E-05 0.00614823 0.0254248
9.9921E-05 9.9921E-05 0.0257441 9.9921E-05 9.9921E-05 9.9921E-05 9.9921E-05 0.936236 9.9921E-05 0.0371202 9.9921E-05 9.9921E-05
9.99648E-05 0.182307 0.141203 9.99648E-05 0.0166903 0.164872 0.010265 0.195319 9.99648E-05 0.0308266 9.99648E-05 0.258117
0.0663759 9.99298E-05 9.99298E-05 9.99298E-05 9.99298E-05 9.99298E-05 9.99298E-05 0.834681 9.99298E-05 0.00694621 9.99298E-05 0.0911979
9.99297E-05 0.369594 0.0217592 9.99297E-05 9.99297E-05 9.99297E-05 9.99297E-05 0.551994 9.99297E-05 9.99297E-05 0.0558538 9.99297E-05
9.99385E-05 0.234675 9.99385E-05 9.99385E-05 9.99385E-05 9.99385E-05 9.99385E-05 0.282041 9.99385E-05 0.141539 0.0607774 0.280268
9.99297E-05 0.100851 0.18419 9.99297E-05 9.99297E-05 9.99297E-05 9.99297E-05 0.442465 9.99297E-05 9.99297E-05 9.99297E-05 0.271694
9.99472E-05 0.0281249 0.119484 9.99472E-05 0.0925271 9.99472E-05 0.0162111 0.595493 9.99472E-05 0.14756 9.99472E-05 9.99472E-05
9.99385E-05 0.00983546 0.349505 9.99385E-05 0.0174086 9.99385E-05 0.06678 0.555772 9.99385E-05 9.99385E-05 9.99385E-05 9.99385E-05
9.993E-05 0.159072 9.993E-05 9.993E-05 9.993E-05 9.993E-05 9.993E-05 0.708613 9.993E-05 9.993E-05 0.00251509 0.129
9.99298E-05 0.0454339 0.185156 9.99298E-05 9.99298E-05 9.99298E-05 9.99298E-05 0.722928 9.99298E-05 9.99298E-05 0.0456822 9.99298E-05
9.99297E-05 0.25837 0.230173 9.99297E-05 9.99297E-05 9.99297E-05 0.0168804 0.493777 9.99297E-05 9.99297E-05 9.99297E-05 9.99297E-05
9.99298E-05 0.217313 0.242872 9.99298E-05 9.99298E-05 9.99298E-05 9.99298E-05 0.389946 9.99298E-05 9.99298E-05 9.99298E-05 0.149069
9.99122E-05 0.026673 9.99122E-05 9.99122E-05 9.99122E-05 9.99122E-05 9.99122E-05 0.972328 9.99122E-05 9.99122E-05 9.99122E-05 9.99122E-05
9.99298E-05 0.00494833 0.0962855 0.0326522 9.99298E-05 9.99298E-05 9.99298E-05 0.865314 9.99298E-05 9.99298E-05 9.99298E-05 9.99298E-05
9.99224E-05 0.123502 9.99224E-05 0.0889402 9.99224E-05 9.99224E-05 9.99224E-05 0.786658 9.99224E-05 9.99224E-05 9.99224E-05 9.99224E-05
9.99297E-05 0.213365 0.12624 9.99297E-05 9.99297E-05 9.99297E-05 9.99297E-05 0.575631 9.99297E-05 9.99297E-05 0.0839642 9.99297E-05
9.99384E-05 0.0821856 0.214315 9.99384E-05 9.99384E-05 9.99384E-05 0.112383 0.58402 9.99384E-05 9.99384E-05 0.00639625 9.99384E-05
9.99298E-05 0.0321531 0.250165 9.99298E-05 9.99298E-05 0.0124822 9.99298E-05 0.704401 9.99298E-05 9.99298E-05 9.99298E-05 9.99298E-05
9.99211E-05 0.146693 0.029693 9.99211E-05 9.99211E-05 9.99211E-05 9.99211E-05 0.822715 9.99211E-05 9.99211E-05 9.99211E-05 9.99211E-05
0.002768 0.212612 0.269746 9.99561E-05 9.99561E-05 9.99561E-05 9.99561E-05 0.361241 9.99561E-05 0.0794878 0.0182064 0.0554401
9.99384E-05 0.370154 0.0880904 9.99384E-05 9.99384E-05 9.99384E-05 0.00689114 0.43379 9.99384E-05 9.99384E-05 0.100375 9.99384E-05
9.99298E-05 0.0244082 9.99298E-05 9.99298E-05 9.99298E-05 9.99298E-05 0.0389801 0.65491 9.99298E-05 9.99298E-05 9.99298E-05 0.280903
