0.0629264 9.9842E-05 0.19273 9.9842E-05 9.9842E-05 0.16584 9.9842E-05 0.0314586 0.197471 9.9842E-05 9.9842E-05 9.9842E-05 9.9842E-05 0.02827 0.0563758 9.9842E-05 0.0573633 9.9842E-05 9.9842E-05 9.9842E-05 0.205767 9.9842E-05 9.9842E-05 9.9842E-05 9.9842E-05 9.9842E-05 9.9842E-05
0.127921 9.9807E-05 9.9807E-05 9.9807E-05 9.9807E-05 0.619489 9.9807E-05 9.9807E-05 0.113319 9.9807E-05 9.9807E-05 9.9807E-05 9.9807E-05 9.9807E-05 9.9807E-05 9.9807E-05 9.9807E-05 9.9807E-05 9.9807E-05 9.9807E-05 0.113811 9.9807E-05 9.9807E-05 9.9807E-05 9.9807E-05 9.9807E-05 0.023264
9.98071E-05 9.98071E-05 9.98071E-05 9.98071E-05 9.98071E-05 9.98071E-05 9.98071E-05 9.98071E-05 0.961827 9.98071E-05 9.98071E-05 0.0185888 9.98071E-05 9.98071E-05 9.98071E-05 0.0126802 0.00153844 9.98071E-05 9.98071E-05 9.98071E-05 9.98071E-05 9.98071E-05 9.98071E-05 0.00317024 9.98071E-05 9.98071E-05 9.98071E-05
9.98421E-05 0.0290934 0.0787935 9.98421E-05 9.98421E-05 0.319156 9.98421E-05 0.175602 9.98421E-05 9.98421E-05 9.98421E-05 9.98421E-05 9.98421E-05 0.0494785 9.98421E-05 9.98421E-05 0.0512631 9.98421E-05 9.98421E-05 0.163646 9.98421E-05 9.98421E-05 9.98421E-05 0.0909548 9.98421E-05 0.0402164 9.98421E-05
9.98334E-05 0.0401994 9.98334E-05 9.98334E-05 9.98334E-05 0.334518 9.98334E-05 0.0173068 0.463628 9.98334E-05 9.98334E-05 0.0353117 9.98334E-05 9.98334E-05 9.98334E-05 9.98334E-05 9.98334E-05 9.98334E-05 9.98334E-05 9.98334E-05 9.98334E-05 0.0618407 9.98334E-05 0.00144114 9.98334E-05 9.98334E-05 0.0438574
0.0506552 9.98247E-05 9.98247E-05 9.98247E-05 9.98247E-05 9.98247E-05 9.98247E-05 9.98247E-05 0.24674 9.98247E-05 9.98247E-05 0.0544824 9.98247E-05 9.98247E-05 9.98247E-05 9.98247E-05 9.98247E-05 9.98247E-05 9.98247E-05 9.98247E-05 0.191721 0.167928 9.98247E-05 0.17607 9.98247E-05 0.110406 9.98247E-05
0.133252 9.98423E-05 0.0937808 0.159403 9.98423E-05 0.389124 9.98423E-05 9.98423E-05 9.98423E-05 9.98423E-05 9.98423E-05 9.98423E-05 9.98423E-05 9.98423E-05 9.98423E-05 9.98423E-05 0.0609851 9.98423E-05 9.98423E-05 0.106073 0.0247989 0.0302935 9.98423E-05 9.98423E-05 9.98423E-05 9.98423E-05 0.00049284
9.98509E-05 9.98509E-05 0.170256 9.98509E-05 9.98509E-05 0.284906 9.98509E-05 9.98509E-05 9.98509E-05 9.98509E-05 9.98509E-05 0.0334775 9.98509E-05 9.98509E-05 0.169635 9.98509E-05 9.98509E-05 0.0531646 0.0146318 9.98509E-05 0.0516776 0.0576917 0.0116918 9.98509E-05 9.98509E-05 0.15117 9.98509E-05
9.98246E-05 0.0783723 0.0147045 9.98246E-05 9.98246E-05 0.0920966 9.98246E-05 9.98246E-05 0.223939 9.98246E-05 9.98246E-05 9.98246E-05 9.98246E-05 0.241226 9.98246E-05 0.12714 9.98246E-05 9.98246E-05 9.98246E-05 9.98246E-05 9.98246E-05 9.98246E-05 9.98246E-05 9.98246E-05 9.98246E-05 0.220525 9.98246E-05
9.97895E-05 9.97895E-05 9.97895E-05 9.97895E-05 9.97895E-05 0.00335384 9.97895E-05 9.97895E-05 0.946948 9.97895E-05 9.97895E-05 9.97895E-05 9.97895E-05 0.0473033 9.97895E-05 9.97895E-05 9.97895E-05 9.97895E-05 9.97895E-05 9.97895E-05 9.97895E-05 9.97895E-05 9.97895E-05 9.97895E-05 9.97895E-05 9.97895E-05 9.97895E-05
9.98158E-05 9.98158E-05 0.0162254 9.98158E-05 9.98158E-05 0.588192 9.98158E-05 9.98158E-05 9.98158E-05 9.98158E-05 0.00827203 9.98158E-05 9.98158E-05 0.194013 9.98158E-05 9.98158E-05 0.0844803 9.98158E-05 9.98158E-05 9.98158E-05 0.106721 9.98158E-05 9.98158E-05 9.98158E-05 9.98158E-05 9.98158E-05 9.98158E-05
9.97984E-05 9.97984E-05 9.97984E-05 9.97984E-05 9.97984E-05 9.97984E-05 9.97984E-05 9.97984E-05 0.874312 0.0861387 9.97984E-05 9.97984E-05 9.97984E-05 0.0197851 9.97984E-05 9.97984E-05 9.97984E-05 9.97984E-05 9.97984E-05 9.97984E-05 9.97984E-05 9.97984E-05 0.0174688 9.97984E-05 9.97984E-05 9.97984E-05 9.97984E-05
9.98158E-05 9.98158E-05 0.0597638 9.98158E-05 9.98158E-05 0.292816 9.98158E-05 9.98158E-05 0.523335 9.98158E-05 9.98158E-05 9.98158E-05 9.98158E-05 0.0648354 9.98158E-05 9.98158E-05 9.98158E-05 9.98158E-05 9.98158E-05 9.98158E-05 9.98158E-05 9.98158E-05 9.98158E-05 9.98158E-05 9.98158E-05 0.0206599 0.0364932
9.98158E-05 9.98158E-05 0.00464083 9.98158E-05 9.98158E-05 0.837226 9.98158E-05 9.98158E-05 9.98158E-05 0.00677319 9.98158E-05 0.0924434 9.98158E-05 0.0453136 9.98158E-05 9.98158E-05 9.98158E-05 9.98158E-05 9.98158E-05 9.98158E-05 9.98158E-05 9.98158E-05 9.98158E-05 9.98158E-05 0.0115066 9.98158E-05 9.98158E-05
9.98246E-05 9.98246E-05 9.98246E-05 9.98246E-05 9.98246E-05 9.98246E-05 0.070377 9.98246E-05 0.328259 9.98246E-05 9.98246E-05 9.98246E-05 9.98246E-05 0.149601 9.98246E-05 0.0763889 9.98246E-05 9.98246E-05 9.98246E-05 9.98246E-05 0.193359 9.98246E-05 9.98246E-05 0.0578403 9.98246E-05 0.122178 9.98246E-05
9.98683E-05 9.98683E-05 0.0356977 9.98683E-05 9.98683E-05 0.0790009 9.98683E-05 0.0397645 0.0828746 0.0784182 9.98683E-05 9.98683E-05 9.98683E-05 0.0615939 9.98683E-05 9.98683E-05 9.98683E-05 0.11239 0.128806 0.0209129 0.163051 9.98683E-05 9.98683E-05 0.042096 9.98683E-05 0.153897 9.98683E-05
9.98247E-05 0.0534035 0.0219877 9.98247E-05 9.98247E-05 9.98247E-05 0.253805 9.98247E-05 0.483458 9.98247E-05 9.98247E-05 9.98247E-05 9.98247E-05 9.98247E-05 9.98247E-05 9.98247E-05 0.0323488 0.0883835 9.98247E-05 0.0646167 9.98247E-05 9.98247E-05 9.98247E-05 9.98247E-05 9.98247E-05 9.98247E-05 9.98247E-05
9.98247E-05 9.98247E-05 0.158625 9.98247E-05 0.131984 0.296799 9.98247E-05 9.98247E-05 9.98247E-05 9.98247E-05 0.078714 9.98247E-05 9.98247E-05 0.130883 9.98247E-05 9.98247E-05 9.98247E-05 9.98247E-05 9.98247E-05 9.98247E-05 0.171284 9.98247E-05 9.98247E-05 9.98247E-05 9.98247E-05 0.0297154 9.98247E-05
9.98156E-05 9.98156E-05 0.164475 9.98156E-05 9.98156E-05 9.98156E-05 9.98156E-05 9.98156E-05 0.37067 9.98156E-05 9.98156E-05 9.98156E-05 9.98156E-05 0.132859 9.98156E-05 9.98156E-05 9.98156E-05 0.0384586 9.98156E-05 9.98156E-05 9.98156E-05 0.133018 9.98156E-05 9.98156E-05 9.98156E-05 0.158424 9.98156E-05
9.97809E-05 9.97809E-05 9.97809E-05 9.97809E-05 9.97809E-05 9.97809E-05 9.97809E-05 0.00621566 0.99129 9.97809E-05 9.97809E-05 9.97809E-05 9.97809E-05 9.97809E-05 9.97809E-05 9.97809E-05 9.97809E-05 9.97809E-05 9.97809E-05 9.97809E-05 9.97809E-05 9.97809E-05 9.97809E-05 9.97809E-05 9.97809E-05 9.97809E-05 9.97809E-05
9.98332E-05 0.139834 0.0314738 9.98332E-05 9.98332E-05 0.502129 9.98332E-05 9.98332E-05 0.0249765 0.0870019 9.98332E-05 9.98332E-05 9.98332E-05 0.0465707 9.98332E-05 9.98332E-05 0.0672565 9.98332E-05 9.98332E-05 9.98332E-05 9.98332E-05 9.98332E-05 9.98332E-05 9.98332E-05 9.98332E-05 0.0988612 9.98332E-05
9.98334E-05 9.98334E-05 0.364362 9.98334E-05 0.00259949 9.98334E-05 9.98334E-05 9.98334E-05 0.288587 9.98334E-05 9.98334E-05 0.109137 9.98334E-05 9.98334E-05 9.98334E-05 9.98334E-05 9.98334E-05 9.98334E-05 9.98334E-05 0.00879423 9.98334E-05 0.0874014 9.98334E-05 9.98334E-05 9.98334E-05 0.125883 0.0113392
9.9807E-05 9.9807E-05 9.9807E-05 9.9807E-05 9.9807E-05 0.517686 9.9807E-05 9.9807E-05 0.127885 9.9807E-05 9.9807E-05 9.9807E-05 9.9807E-05 0.0470332 9.9807E-05 9.9807E-05 9.9807E-05 9.9807E-05 9.9807E-05 9.9807E-05 0.225615 9.9807E-05 9.9807E-05 0.0795854 9.9807E-05 9.9807E-05 9.9807E-05
9.98157E-05 9.98157E-05 0.278954 9.98157E-05 9.98157E-05 0.379746 9.98157E-05 9.98157E-05 0.0459143 9.98157E-05 9.98157E-05 9.98157E-05 9.98157E-05 0.189284 9.98157E-05 0.0878117 9.98157E-05 9.98157E-05 0.0161944 9.98157E-05 9.98157E-05 9.98157E-05 9.98157E-05 9.98157E-05 9.98157E-05 9.98157E-05 9.98157E-05
9.98332E-05 9.98332E-05 0.0467085 9.98332E-05 9.98332E-05 0.251209 9.98332E-05 0.144444 0.0501044 0.0358594 9.98332E-05 9.98332E-05 9.98332E-05 0.262073 9.98332E-05 9.98332E-05 9.98332E-05 9.98332E-05 9.98332E-05 9.98332E-05 9.98332E-05 9.98332E-05 9.98332E-05 0.145402 9.98332E-05 0.0623019 9.98332E-05
9.98071E-05 0.00213668 0.0175215 9.98071E-05 9.98071E-05 9.98071E-05 9.98071E-05 9.98071E-05 0.657778 9.98071E-05 9.98071E-05 9.98071E-05 9.98071E-05 0.120212 9.98071E-05 9.98071E-05 9.98071E-05 9.98071E-05 9.98071E-05 9.98071E-05 9.98071E-05 9.98071E-05 9.98071E-05 0.200155 9.98071E-05 9.98071E-05 9.98071E-05
9.98157E-05 9.98157E-05 0.260626 9.98157E-05 0.144198 9.98157E-05 9.98157E-05 9.98157E-05 0.0701329 9.98157E-05 9.98157E-05 9.98157E-05 9.98157E-05 0.0416098 9.98157E-05 9.98157E-05 9.98157E-05 9.98157E-05 9.98157E-05 9.98157E-05 9.98157E-05 9.98157E-05 9.98157E-05 0.303705 9.98157E-05 9.98157E-05 0.177632
9.98072E-05 9.98072E-05 0.0603448 9.98072E-05 9.98072E-05 0.249005 9.98072E-05 9.98072E-05 0.568494 9.98072E-05 9.98072E-05 9.98072E-05 9.98072E-05 0.037338 9.98072E-05 9.98072E-05 9.98072E-05 9.98072E-05 9.98072E-05 0.0826216 9.98072E-05 9.98072E-05 9.98072E-05 9.98072E-05 9.98072E-05 9.98072E-05 9.98072E-05
9.97985E-05 9.97985E-05 9.97985E-05 9.97985E-05 9.97985E-05 0.711676 9.97985E-05 9.97985E-05 9.97985E-05 9.97985E-05 9.97985E-05 9.97985E-05 9.97985E-05 0.122165 9.97985E-05 0.0737843 9.97985E-05 9.97985E-05 9.97985E-05 9.97985E-05 9.97985E-05 9.97985E-05 9.97985E-05 9.97985E-05 9.97985E-05 9.97985E-05 0.0900792
0.0171864 9.9816E-05 9.9816E-05 9.9816E-05 9.9816E-05 0.0470508 9.9816E-05 9.9816E-05 0.675988 9.9816E-05 9.9816E-05 9.9816E-05 9.9816E-05 0.0673415 9.9816E-05 9.9816E-05 9.9816E-05 9.9816E-05 9.9816E-05 9.9816E-05 9.9816E-05 9.9816E-05 9.9816E-05 9.9816E-05 0.15165 9.9816E-05 0.0386878
9.98246E-05 9.98246E-05 0.0164369 9.98246E-05 9.98246E-05 9.98246E-05 9.98246E-05 9.98246E-05 0.692829 9.98246E-05 9.98246E-05 9.98246E-05 9.98246E-05 0.0140326 9.98246E-05 9.98246E-05 0.160892 9.98246E-05 9.98246E-05 9.98246E-05 0.0792011 0.0336987 9.98246E-05 9.98246E-05 9.98246E-05 0.000913995 9.98246E-05
9.98247E-05 9.98247E-05 0.0186228 9.98247E-05 9.98247E-05 0.580927 9.98247E-05 9.98247E-05 9.98247E-05 9.98247E-05 9.98247E-05 9.98247E-05 9.98247E-05 0.197103 9.98247E-05 9.98247E-05 0.0238325 9.98247E-05 9.98247E-05 0.0618297 9.98247E-05 0.0483452 9.98247E-05 0.0673428 9.98247E-05 9.98247E-05 9.98247E-05
9.98245E-05 9.98245E-05 0.151093 9.98245E-05 9.98245E-05 0.572398 9.98245E-05 9.98245E-05 9.98245E-05 0.02323 9.98245E-05 9.98245E-05 9.98245E-05 0.119302 9.98245E-05 9.98245E-05 0.0641941 9.98245E-05 9.98245E-05 0.0035185 0.0642674 9.98245E-05 9.98245E-05 9.98245E-05 9.98245E-05 9.98245E-05 9.98245E-05
9.98421E-05 9.98421E-05 0.125508 0.00678349 0.0158251 0.508754 9.98421E-05 9.98421E-05 0.0741464 0.0208298 9.98421E-05 0.0166015 9.98421E-05 0.123475 9.98421E-05 9.98421E-05 9.98421E-05 9.98421E-05 9.98421E-05 9.98421E-05 9.98421E-05 9.98421E-05 9.98421E-05 0.106279 9.98421E-05 9.98421E-05 9.98421E-05
0.00167834 9.98247E-05 9.98247E-05 9.98247E-05 9.98247E-05 0.0181165 9.98247E-05 0.0767989 0.814027 9.98247E-05 9.98247E-05 9.98247E-05 9.98247E-05 0.00801868 9.98247E-05 9.98247E-05 0.0177908 9.98247E-05 9.98247E-05 9.98247E-05 9.98247E-05 9.98247E-05 9.98247E-05 9.98247E-05 9.98247E-05 9.98247E-05 0.0615734
0.0575977 9.98072E-05 0.00300134 9.98072E-05 9.98072E-05 9.98072E-05 9.98072E-05 9.98072E-05 0.766248 9.98072E-05 9.98072E-05 9.98072E-05 9.98072E-05 9.98072E-05 9.98072E-05 9.98072E-05 9.98072E-05 9.98072E-05 9.98072E-05 0.131291 9.98072E-05 9.98072E-05 9.98072E-05 9.98072E-05 9.98072E-05 0.0396662 9.98072E-05
0.0192612 9.98073E-05 9.98073E-05 0.0544898 9.98073E-05 9.98073E-05 9.98073E-05 9.98073E-05 0.84015 9.98073E-05 9.98073E-05 9.98073E-05 9.98073E-05 9.98073E-05 9.98073E-05 9.98073E-05 0.00899963 9.98073E-05 9.98073E-05 9.98073E-05 9.98073E-05 0.0749036 9.98073E-05 9.98073E-05 9.98073E-05 9.98073E-05 9.98073E-05
0.000562566 9.98246E-05 9.98246E-05 9.98246E-05 9.98246E-05 0.665418 0.0806727 0.0743591 9.98246E-05 9.98246E-05 0.0273602 9.98246E-05 9.98246E-05 0.00962997 9.98246E-05 9.98246E-05 9.98246E-05 9.98246E-05 9.98246E-05 9.98246E-05 9.98246E-05 9.98246E-05 9.98246E-05 9.98246E-05 9.98246E-05 0.140001 9.98246E-05
0.0488913 9.98335E-05 0.0742192 9.98335E-05 9.98335E-05 9.98335E-05 9.98335E-05 9.98335E-05 0.533401 0.0107521 9.98335E-05 0.0710158 0.133177 0.110244 9.98335E-05 9.98335E-05 0.0164026 9.98335E-05 9.98335E-05 9.98335E-05 9.98335E-05 9.98335E-05 9.98335E-05 9.98335E-05 9.98335E-05 9.98335E-05 9.98335E-05
9.98333E-05 9.98333E-05 9.98333E-05 0.029115 9.98333E-05 0.467193 9.98333E-05 9.98333E-05 0.104447 0.03771 9.98333E-05 9.98333E-05 9.98333E-05 0.11005 9.98333E-05 9.98333E-05 0.0161777 9.98333E-05 9.98333E-05 9.98333E-05 9.98333E-05 0.0439655 9.98333E-05 0.189444 9.98333E-05 9.98333E-05 9.98333E-05
9.97808E-05 9.97808E-05 9.97808E-05 9.97808E-05 9.97808E-05 9.97808E-05 9.97808E-05 9.97808E-05 0.985486 9.97808E-05 9.97808E-05 9.97808E-05 9.97808E-05 9.97808E-05 9.97808E-05 9.97808E-05 0.0120194 9.97808E-05 9.97808E-05 9.97808E-05 9.97808E-05 9.97808E-05 9.97808E-05 9.97808E-05 9.97808E-05 9.97808E-05 9.97808E-05
9.98161E-05 9.98161E-05 0.0830808 9.98161E-05 9.98161E-05 0.26366 9.98161E-05 9.98161E-05 0.330582 9.98161E-05 9.98161E-05 9.98161E-05 9.98161E-05 0.0473725 9.98161E-05 0.099492 9.98161E-05 9.98161E-05 9.98161E-05 9.98161E-05 9.98161E-05 9.98161E-05 9.98161E-05 9.98161E-05 9.98161E-05 9.98161E-05 0.173717
9.97982E-05 9.97982E-05 9.97982E-05 9.97982E-05 9.97982E-05 0.785357 9.97982E-05 9.97982E-05 0.0771905 9.97982E-05 9.97982E-05 9.97982E-05 9.97982E-05 9.97982E-05 9.97982E-05 9.97982E-05 9.97982E-05 9.97982E-05 9.97982E-05 9.97982E-05 9.97982E-05 9.97982E-05 9.97982E-05 9.97982E-05 0.0145076 9.97982E-05 0.12065
9.98247E-05 9.98247E-05 0.13013 9.98247E-05 9.98247E-05 9.98247E-05 9.98247E-05 9.98247E-05 0.302907 9.98247E-05 9.98247E-05 9.98247E-05 9.98247E-05 0.148108 9.98247E-05 0.0395673 0.0302711 9.98247E-05 9.98247E-05 9.98247E-05 0.246417 9.98247E-05 9.98247E-05 9.98247E-05 9.98247E-05 0.100603 9.98247E-05
9.98246E-05 9.98246E-05 0.306177 9.98246E-05 9.98246E-05 0.191264 9.98246E-05 9.98246E-05 0.0797998 9.98246E-05 9.98246E-05 0.0354525 9.98246E-05 0.157286 9.98246E-05 9.98246E-05 9.98246E-05 9.98246E-05 9.98246E-05 0.153346 9.98246E-05 0.0746781 9.98246E-05 9.98246E-05 9.98246E-05 9.98246E-05 9.98246E-05
9.98069E-05 0.0112457 0.0360528 9.98069E-05 9.98069E-05 9.98069E-05 9.98069E-05 9.98069E-05 0.848021 9.98069E-05 0.0668392 9.98069E-05 9.98069E-05 9.98069E-05 9.98069E-05 9.98069E-05 9.98069E-05 9.98069E-05 9.98069E-05 0.0356459 9.98069E-05 9.98069E-05 9.98069E-05 9.98069E-05 9.98069E-05 9.98069E-05 9.98069E-05
9.97981E-05 9.97981E-05 9.97981E-05 9.97981E-05 9.97981E-05 0.895595 9.97981E-05 9.97981E-05 9.97981E-05 9.97981E-05 9.97981E-05 9.97981E-05 9.97981E-05 0.0242856 9.97981E-05 9.97981E-05 9.97981E-05 9.97981E-05 9.97981E-05 0.020527 9.97981E-05 9.97981E-05 9.97981E-05 9.97981E-05 9.97981E-05 0.0572973 9.97981E-05
9.97722E-05 9.97722E-05 9.97722E-05 9.97722E-05 9.97722E-05 9.97722E-05 9.97722E-05 9.97722E-05 0.997406 9.97722E-05 9.97722E-05 9.97722E-05 9.97722E-05 9.97722E-05 9.97722E-05 9.97722E-05 9.97722E-05 9.97722E-05 9.97722E-05 9.97722E-05 9.97722E-05 9.97722E-05 9.97722E-05 9.97722E-05 9.97722E-05 9.97722E-05 9.97722E-05
9.98246E-05 9.98246E-05 0.096062 9.98246E-05 9.98246E-05 0.311215 9.98246E-05 9.98246E-05 0.333815 9.98246E-05 9.98246E-05 9.98246E-05 9.98246E-05 0.189144 9.98246E-05 9.98246E-05 0.0274451 9.98246E-05 9.98246E-05 9.98246E-05 0.0176488 0.0226734 9.98246E-05 9.98246E-05 9.98246E-05 9.98246E-05 9.98246E-05
9.98073E-05 9.98073E-05 9.98073E-05 0.058382 9.98073E-05 0.805032 9.98073E-05 9.98073E-05 9.98073E-05 9.98073E-05 9.98073E-05 0.0311009 9.98073E-05 9.98073E-05 9.98073E-05 9.98073E-05 9.98073E-05 9.98073E-05 9.98073E-05 9.98073E-05 9.98073E-05 0.0935935 9.98073E-05 9.98073E-05 9.98073E-05 0.00969608 9.98073E-05
9.98508E-05 9.98508E-05 9.98508E-05 9.98508E-05 9.98508E-05 0.389898 9.98508E-05 9.98508E-05 9.98508E-05 9.98508E-05 9.98508E-05 9.98508E-05 9.98508E-05 0.144674 9.98508E-05 0.0843193 0.0510902 0.0113358 9.98508E-05 9.98508E-05 0.00229141 9.98508E-05 0.06752 0.120069 9.98508E-05 0.0253125 0.101792
9.9807E-05 9.9807E-05 0.254585 9.9807E-05 9.9807E-05 0.643258 9.9807E-05 9.9807E-05 9.9807E-05 0.0515378 9.9807E-05 0.0402545 9.9807E-05 9.9807E-05 9.9807E-05 9.9807E-05 9.9807E-05 9.9807E-05 9.9807E-05 0.00816891 9.9807E-05 9.9807E-05 9.9807E-05 9.9807E-05 9.9807E-05 9.9807E-05 9.9807E-05
9.97895E-05 9.97895E-05 9.97895E-05 9.97895E-05 0.035674 9.97895E-05 0.198741 9.97895E-05 0.76319 9.97895E-05 9.97895E-05 9.97895E-05 9.97895E-05 9.97895E-05 9.97895E-05 9.97895E-05 9.97895E-05 9.97895E-05 9.97895E-05 9.97895E-05 9.97895E-05 9.97895E-05 9.97895E-05 9.97895E-05 9.97895E-05 9.97895E-05 9.97895E-05
9.98246E-05 9.98246E-05 9.98246E-05 9.98246E-05 0.0391953 0.65816 9.98246E-05 0.0332464 9.98246E-05 0.0841487 9.98246E-05 0.0821859 9.98246E-05 9.98246E-05 9.98246E-05 9.98246E-05 9.98246E-05 9.98246E-05 0.0919053 9.98246E-05 9.98246E-05 9.98246E-05 9.98246E-05 9.98246E-05 9.98246E-05 0.00916159 9.98246E-05
9.9816E-05 9.9816E-05 9.9816E-05 9.9816E-05 9.9816E-05 0.177358 9.9816E-05 9.9816E-05 0.666695 9.9816E-05 9.9816E-05 0.0305747 9.9816E-05 0.0482367 9.9816E-05 0.0262049 9.9816E-05 9.9816E-05 9.9816E-05 9.9816E-05 9.9816E-05 9.9816E-05 0.048835 9.9816E-05 9.9816E-05 9.9816E-05 9.9816E-05
9.97899E-05 9.97899E-05 9.97899E-05 9.97899E-05 9.97899E-05 9.97899E-05 9.97899E-05 0.0785708 0.783416 9.97899E-05 9.97899E-05 9.97899E-05 9.97899E-05 9.97899E-05 9.97899E-05 9.97899E-05 9.97899E-05 9.97899E-05 9.97899E-05 9.97899E-05 9.97899E-05 9.97899E-05 9.97899E-05 0.135618 9.97899E-05 9.97899E-05 9.97899E-05
9.98158E-05 9.98158E-05 0.0037289 9.98158E-05 0.0374427 9.98158E-05 9.98158E-05 9.98158E-05 0.869946 0.0377158 9.98158E-05 9.98158E-05 9.98158E-05 9.98158E-05 9.98158E-05 9.98158E-05 9.98158E-05 0.0224431 0.0266275 9.98158E-05 9.98158E-05 9.98158E-05 9.98158E-05 9.98158E-05 9.98158E-05 9.98158E-05 9.98158E-05
9.98072E-05 9.98072E-05 9.98072E-05 9.98072E-05 9.98072E-05 0.555397 9.98072E-05 9.98072E-05 0.295648 9.98072E-05 9.98072E-05 9.98072E-05 9.98072E-05 0.0141153 9.98072E-05 9.98072E-05 0.052734 9.98072E-05 9.98072E-05 0.0799097 9.98072E-05 9.98072E-05 9.98072E-05 9.98072E-05 9.98072E-05 9.98072E-05 9.98072E-05
9.97895E-05 9.97895E-05 9.97895E-05 9.97895E-05 9.97895E-05 0.91728 9.97895E-05 9.97895E-05 9.97895E-05 9.97895E-05 9.97895E-05 9.97895E-05 9.97895E-05 9.97895E-05 0.073482 9.97895E-05 9.97895E-05 9.97895E-05 9.97895E-05 9.97895E-05 9.97895E-05 0.00684298 9.97895E-05 9.97895E-05 9.97895E-05 9.97895E-05 9.97895E-05
0.00722167 9.98244E-05 9.98244E-05 9.98244E-05 9.98244E-05 9.98244E-05 9.98244E-05 9.98244E-05 9.98244E-05 9.98244E-05 9.98244E-05 9.98244E-05 9.98244E-05 0.131508 0.0351216 9.98244E-05 0.0167325 9.98244E-05 9.98244E-05 9.98244E-05 0.757179 9.98244E-05 9.98244E-05 0.0142871 9.98244E-05 0.0359541 9.98244E-05
9.97811E-05 9.97811E-05 9.97811E-05 9.97811E-05 9.97811E-05 9.97811E-05 9.97811E-05 0.00600454 9.97811E-05 9.97811E-05 9.97811E-05 9.97811E-05 9.97811E-05 9.97811E-05 9.97811E-05 9.97811E-05 9.97811E-05 9.97811E-05 9.97811E-05 9.97811E-05 0.991501 9.97811E-05 9.97811E-05 9.97811E-05 9.97811E-05 9.97811E-05 9.97811E-05
9.97895E-05 9.97895E-05 9.97895E-05 0.00281821 0.0622994 9.97895E-05 9.97895E-05 9.97895E-05 9.97895E-05 9.97895E-05 9.97895E-05 9.97895E-05 9.97895E-05 9.97895E-05 9.97895E-05 9.97895E-05 9.97895E-05 9.97895E-05 9.97895E-05 9.97895E-05 0.932487 9.97895E-05 9.97895E-05 9.97895E-05 9.97895E-05 9.97895E-05 9.97895E-05
0.241318 9.98334E-05 9.98334E-05 0.0177624 0.0144594 9.98334E-05 9.98334E-05 9.98334E-05 9.98334E-05 9.98334E-05 9.98334E-05 9.98334E-05 9.98334E-05 0.0639409 9.98334E-05 9.98334E-05 9.98334E-05 0.0250672 9.98334E-05 9.98334E-05 0.384398 9.98334E-05 9.98334E-05 0.152481 9.98334E-05 0.0986771 9.98334E-05
9.98418E-05 9.98418E-05 0.0942474 9.98418E-05 0.0215512 9.98418E-05 9.98418E-05 9.98418E-05 9.98418E-05 0.0014401 0.0443386 0.0309801 9.98418E-05 0.0217723 9.98418E-05 9.98418E-05 9.98418E-05 9.98418E-05 0.0263207 9.98418E-05 0.70686 9.98418E-05 9.98418E-05 9.98418E-05 9.98418E-05 0.0506923 9.98418E-05
9.98066E-05 9.98066E-05 0.0630685 9.98066E-05 9.98066E-05 9.98066E-05 9.98066E-05 9.98066E-05 9.98066E-05 9.98066E-05 9.98066E-05 9.98066E-05 9.98066E-05 0.186977 9.98066E-05 9.98066E-05 9.98066E-05 9.98066E-05 9.98066E-05 9.98066E-05 0.693584 9.98066E-05 9.98066E-05 0.016237 9.98066E-05 0.0379376 9.98066E-05
0.194163 9.98069E-05 9.98069E-05 9.98069E-05 9.98069E-05 9.98069E-05 9.98069E-05 9.98069E-05 9.98069E-05 0.000298758 9.98069E-05 9.98069E-05 9.98069E-05 0.123306 9.98069E-05 9.98069E-05 9.98069E-05 9.98069E-05 9.98069E-05 0.146531 0.533506 9.98069E-05 9.98069E-05 9.98069E-05 9.98069E-05 9.98069E-05 9.98069E-05
0.0652459 9.98155E-05 9.98155E-05 9.98155E-05 0.119335 9.98155E-05 9.98155E-05 9.98155E-05 9.98155E-05 9.98155E-05 9.98155E-05 9.98155E-05 9.98155E-05 0.105736 9.98155E-05 9.98155E-05 9.98155E-05 9.98155E-05 9.98155E-05 9.98155E-05 0.511312 9.98155E-05 9.98155E-05 0.108999 9.98155E-05 0.0872763 9.98155E-05
9.97808E-05 9.97808E-05 9.97808E-05 9.97808E-05 9.97808E-05 9.97808E-05 9.97808E-05 9.97808E-05 9.97808E-05 9.97808E-05 9.97808E-05 9.97808E-05 9.97808E-05 9.97808E-05 9.97808E-05 9.97808E-05 9.97808E-05 9.97808E-05 9.97808E-05 9.97808E-05 0.95428 9.97808E-05 9.97808E-05 9.97808E-05 9.97808E-05 9.97808E-05 0.0432258
9.9807E-05 9.9807E-05 9.9807E-05 9.9807E-05 9.9807E-05 9.9807E-05 9.9807E-05 9.9807E-05 0.0243231 9.9807E-05 9.9807E-05 9.9807E-05 9.9807E-05 9.9807E-05 9.9807E-05 9.9807E-05 9.9807E-05 9.9807E-05 9.9807E-05 0.00493897 0.900857 9.9807E-05 0.0485299 9.9807E-05 9.9807E-05 0.0191555 9.9807E-05
9.98067E-05 9.98067E-05 9.98067E-05 9.98067E-05 9.98067E-05 9.98067E-05 9.98067E-05 9.98067E-05 9.98067E-05 9.98067E-05 9.98067E-05 9.98067E-05 9.98067E-05 0.266235 9.98067E-05 9.98067E-05 0.148187 9.98067E-05 9.98067E-05 9.98067E-05 0.534103 0.00446847 9.98067E-05 9.98067E-05 9.98067E-05 0.0448106 9.98067E-05
0.083198 9.98507E-05 0.140036 9.98507E-05 9.98507E-05 9.98507E-05 9.98507E-05 9.98507E-05 9.98507E-05 0.10392 9.98507E-05 0.0249742 9.98507E-05 0.0660397 9.98507E-05 9.98507E-05 0.0406273 0.033007 9.98507E-05 0.0713394 0.432744 0.00241727 9.98507E-05 9.98507E-05 9.98507E-05 9.98507E-05 9.98507E-05
9.98155E-05 9.98155E-05 9.98155E-05 9.98155E-05 9.98155E-05 9.98155E-05 9.98155E-05 9.98155E-05 9.98155E-05 0.0776137 9.98155E-05 9.98155E-05 9.98155E-05 9.98155E-05 9.98155E-05 9.98155E-05 0.0462222 0.0927421 9.98155E-05 9.98155E-05 0.518938 9.98155E-05 0.13386 9.98155E-05 9.98155E-05 0.128527 9.98155E-05
0.153959 9.98243E-05 0.120283 9.98243E-05 9.98243E-05 9.98243E-05 9.98243E-05 9.98243E-05 9.98243E-05 9.98243E-05 9.98243E-05 9.98243E-05 9.98243E-05 0.193119 9.98243E-05 9.98243E-05 9.98243E-05 9.98243E-05 9.98243E-05 9.98243E-05 0.465811 0.0116546 0.0473648 9.98243E-05 9.98243E-05 0.00581225 9.98243E-05
9.97986E-05 9.97986E-05 9.97986E-05 9.97986E-05 9.97986E-05 9.97986E-05 9.97986E-05 9.97986E-05 9.97986E-05 9.97986E-05 9.97986E-05 0.0249033 9.97986E-05 9.97986E-05 9.97986E-05 9.97986E-05 9.97986E-05 9.97986E-05 0.000468725 9.97986E-05 0.89568 9.97986E-05 9.97986E-05 9.97986E-05 9.97986E-05 9.97986E-05 0.076653
0.00547532 9.97898E-05 9.97898E-05 9.97898E-05 9.97898E-05 9.97898E-05 9.97898E-05 9.97898E-05 9.97898E-05 9.97898E-05 9.97898E-05 9.97898E-05 9.97898E-05 9.97898E-05 9.97898E-05 9.97898E-05 9.97898E-05 9.97898E-05 9.97898E-05 9.97898E-05 0.944396 9.97898E-05 9.97898E-05 9.97898E-05 9.97898E-05 0.047734 9.97898E-05
9.98067E-05 9.98067E-05 9.98067E-05 9.98067E-05 0.00375478 9.98067E-05 9.98067E-05 9.98067E-05 9.98067E-05 9.98067E-05 9.98067E-05 9.98067E-05 9.98067E-05 9.98067E-05 0.180432 9.98067E-05 9.98067E-05 9.98067E-05 9.98067E-05 9.98067E-05 0.737782 0.0493524 9.98067E-05 0.0264826 9.98067E-05 9.98067E-05 9.98067E-05
9.98071E-05 9.98071E-05 0.119241 9.98071E-05 9.98071E-05 9.98071E-05 9.98071E-05 9.98071E-05 9.98071E-05 9.98071E-05 9.98071E-05 9.98071E-05 9.98071E-05 9.98071E-05 9.98071E-05 9.98071E-05 0.165276 0.0650134 9.98071E-05 9.98071E-05 0.628656 0.0196168 9.98071E-05 9.98071E-05 9.98071E-05 9.98071E-05 9.98071E-05
9.98069E-05 9.98069E-05 9.98069E-05 9.98069E-05 0.0728257 9.98069E-05 9.98069E-05 9.98069E-05 9.98069E-05 9.98069E-05 9.98069E-05 9.98069E-05 9.98069E-05 0.0295652 9.98069E-05 9.98069E-05 0.0157684 9.98069E-05 9.98069E-05 9.98069E-05 0.870777 0.00886754 9.98069E-05 9.98069E-05 9.98069E-05 9.98069E-05 9.98069E-05
9.98418E-05 9.98418E-05 9.98418E-05 9.98418E-05 9.98418E-05 9.98418E-05 9.98418E-05 0.0124009 9.98418E-05 9.98418E-05 0.0113531 0.00123357 9.98418E-05 0.165646 9.98418E-05 9.98418E-05 0.00329446 0.064278 0.128656 9.98418E-05 0.567649 9.98418E-05 9.98418E-05 9.98418E-05 9.98418E-05 9.98418E-05 0.0436926
9.97813E-05 9.97813E-05 9.97813E-05 9.97813E-05 9.97813E-05 9.97813E-05 9.97813E-05 9.97813E-05 9.97813E-05 9.97813E-05 9.97813E-05 9.97813E-05 0.0239726 9.97813E-05 9.97813E-05 9.97813E-05 9.97813E-05 9.97813E-05 9.97813E-05 9.97813E-05 0.973533 9.97813E-05 9.97813E-05 9.97813E-05 9.97813E-05 9.97813E-05 9.97813E-05
0.0551976 9.98156E-05 0.172949 9.98156E-05 9.98156E-05 9.98156E-05 9.98156E-05 9.98156E-05 9.98156E-05 9.98156E-05 9.98156E-05 9.98156E-05 9.98156E-05 0.0205177 9.98156E-05 9.98156E-05 9.98156E-05 9.98156E-05 9.98156E-05 9.98156E-05 0.635074 0.000882131 9.98156E-05 0.113284 9.98156E-05 9.98156E-05 9.98156E-05
9.97984E-05 9.97984E-05 9.97984E-05 9.97984E-05 9.97984E-05 9.97984E-05 9.97984E-05 9.97984E-05 9.97984E-05 9.97984E-05 9.97984E-05 9.97984E-05 9.97984E-05 0.0561257 9.97984E-05 9.97984E-05 9.97984E-05 9.97984E-05 9.97984E-05 9.97984E-05 0.642857 9.97984E-05 9.97984E-05 0.262916 0.035806 9.97984E-05 9.97984E-05
9.98246E-05 9.98246E-05 9.98246E-05 9.98246E-05 0.0815725 9.98246E-05 9.98246E-05 9.98246E-05 9.98246E-05 9.98246E-05 9.98246E-05 9.98246E-05 9.98246E-05 0.0119326 9.98246E-05 9.98246E-05 0.00826117 9.98246E-05 9.98246E-05 9.98246E-05 0.704415 0.133446 9.98246E-05 0.0227683 9.98246E-05 0.0356078 9.98246E-05
9.98068E-05 9.98068E-05 0.00808765 9.98068E-05 9.98068E-05 9.98068E-05 9.98068E-05 9.98068E-05 9.98068E-05 9.98068E-05 9.98068E-05 9.98068E-05 9.98068E-05 0.0370172 9.98068E-05 9.98068E-05 0.112335 0.146058 9.98068E-05 9.98068E-05 0.694306 9.98068E-05 9.98068E-05 9.98068E-05 9.98068E-05 9.98068E-05 9.98068E-05
9.98073E-05 9.98073E-05 9.98073E-05 9.98073E-05 9.98073E-05 9.98073E-05 0.00344682 9.98073E-05 0.00488341 9.98073E-05 0.00248417 9.98073E-05 9.98073E-05 9.98073E-05 9.98073E-05 9.98073E-05 9.98073E-05 9.98073E-05 9.98073E-05 9.98073E-05 0.984145 9.98073E-05 9.98073E-05 9.98073E-05 9.98073E-05 0.00284459 9.98073E-05
9.97897E-05 9.97897E-05 0.00742704 9.97897E-05 9.97897E-05 9.97897E-05 9.97897E-05 9.97897E-05 9.97897E-05 9.97897E-05 9.97897E-05 9.97897E-05 9.97897E-05 9.97897E-05 9.97897E-05 9.97897E-05 9.97897E-05 0.0548257 9.97897E-05 9.97897E-05 0.935352 9.97897E-05 9.97897E-05 9.97897E-05 9.97897E-05 9.97897E-05 9.97897E-05
9.97722E-05 9.97722E-05 9.97722E-05 9.97722E-05 9.97722E-05 9.97722E-05 9.97722E-05 9.97722E-05 9.97722E-05 9.97722E-05 9.97722E-05 9.97722E-05 9.97722E-05 9.97722E-05 9.97722E-05 9.97722E-05 9.97722E-05 9.97722E-05 9.97722E-05 9.97722E-05 0.997406 9.97722E-05 9.97722E-05 9.97722E-05 9.97722E-05 9.97722E-05 9.97722E-05
9.98071E-05 9.98071E-05 9.98071E-05 9.98071E-05 0.10699 9.98071E-05 9.98071E-05 9.98071E-05 0.00469685 9.98071E-05 9.98071E-05 9.98071E-05 9.98071E-05 9.98071E-05 9.98071E-05 9.98071E-05 9.98071E-05 0.0726733 9.98071E-05 9.98071E-05 0.801537 9.98071E-05 9.98071E-05 9.98071E-05 9.98071E-05 0.0119073 9.98071E-05
9.98071E-05 9.98071E-05 9.98071E-05 9.98071E-05 9.98071E-05 9.98071E-05 9.98071E-05 9.98071E-05 9.98071E-05 9.98071E-05 9.98071E-05 9.98071E-05 9.98071E-05 0.112129 9.98071E-05 9.98071E-05 9.98071E-05 9.98071E-05 9.98071E-05 9.98071E-05 0.401146 9.98071E-05 9.98071E-05 9.98071E-05 0.369726 0.0188739 0.0959284
9.97985E-05 9.97985E-05 9.97985E-05 9.97985E-05 9.97985E-05 9.97985E-05 9.97985E-05 9.97985E-05 9.97985E-05 9.97985E-05 9.97985E-05 9.97985E-05 9.97985E-05 0.0809464 9.97985E-05 9.97985E-05 9.97985E-05 9.97985E-05 9.97985E-05 9.97985E-05 9.97985E-05 9.97985E-05 0.0154729 0.800783 9.97985E-05 0.100503 9.97985E-05
9.97806E-05 9.97806E-05 9.97806E-05 9.97806E-05 9.97806E-05 9.97806E-05 9.97806E-05 9.97806E-05 9.97806E-05 9.97806E-05 9.97806E-05 9.97806E-05 9.97806E-05 9.97806E-05 9.97806E-05 9.97806E-05 9.97806E-05 9.97806E-05 9.97806E-05 9.97806E-05 9.97806E-05 9.97806E-05 9.97806E-05 0.138066 0.85944 9.97806E-05 9.97806E-05
9.98071E-05 9.98071E-05 9.98071E-05 9.98071E-05 0.0291564 9.98071E-05 9.98071E-05 9.98071E-05 9.98071E-05 9.98071E-05 9.98071E-05 9.98071E-05 9.98071E-05 0.0302782 9.98071E-05 9.98071E-05 9.98071E-05 9.98071E-05 0.0393412 0.00276367 9.98071E-05 9.98071E-05 9.98071E-05 0.896265 9.98071E-05 9.98071E-05 9.98071E-05
9.97981E-05 9.97981E-05 9.97981E-05 9.97981E-05 9.97981E-05 9.97981E-05 9.97981E-05 9.97981E-05 9.97981E-05 9.97981E-05 9.97981E-05 9.97981E-05 9.97981E-05 0.10982 9.97981E-05 9.97981E-05 0.046022 9.97981E-05 9.97981E-05 9.97981E-05 9.97981E-05 9.97981E-05 9.97981E-05 0.796538 9.97981E-05 0.0453242 9.97981E-05
9.97893E-05 9.97893E-05 9.97893E-05 9.97893E-05 0.0270604 9.97893E-05 9.97893E-05 9.97893E-05 9.97893E-05 9.97893E-05 9.97893E-05 9.97893E-05 9.97893E-05 9.97893E-05 9.97893E-05 9.97893E-05 9.97893E-05 9.97893E-05 9.97893E-05 9.97893E-05 9.97893E-05 9.97893E-05 9.97893E-05 0.920068 9.97893E-05 0.0504767 9.97893E-05
0.0437943 9.98158E-05 9.98158E-05 9.98158E-05 9.98158E-05 9.98158E-05 9.98158E-05 9.98158E-05 9.98158E-05 9.98158E-05 9.98158E-05 9.98158E-05 9.98158E-05 0.124649 9.98158E-05 9.98158E-05 9.98158E-05 9.98158E-05 9.98158E-05 0.0564313 9.98158E-05 9.98158E-05 9.98158E-05 0.496625 0.105318 0.171086 9.98158E-05
9.98158E-05 9.98158E-05 0.075717 9.98158E-05 9.98158E-05 9.98158E-05 9.98158E-05 9.98158E-05 9.98158E-05 9.98158E-05 9.98158E-05 9.98158E-05 9.98158E-05 0.0901836 9.98158E-05 9.98158E-05 9.98158E-05 0.0187213 9.98158E-05 9.98158E-05 9.98158E-05 9.98158E-05 9.98158E-05 0.720273 0.0548907 0.0381182 9.98158E-05
9.97896E-05 9.97896E-05 9.97896E-05 9.97896E-05 9.97896E-05 9.97896E-05 9.97896E-05 9.97896E-05 9.97896E-05 9.97896E-05 9.97896E-05 9.97896E-05 9.97896E-05 0.0797932 9.97896E-05 9.97896E-05 9.97896E-05 9.97896E-05 9.97896E-05 9.97896E-05 9.97896E-05 9.97896E-05 9.97896E-05 0.754549 9.97896E-05 0.163263 9.97896E-05
0.261991 9.98155E-05 0.0145831 9.98155E-05 9.98155E-05 9.98155E-05 9.98155E-05 9.98155E-05 9.98155E-05 9.98155E-05 9.98155E-05 9.98155E-05 9.98155E-05 9.98155E-05 9.98155E-05 9.98155E-05 9.98155E-05 9.98155E-05 9.98155E-05 9.98155E-05 9.98155E-05 9.98155E-05 0.00869067 0.308988 9.98155E-05 0.317387 0.0862643
9.97895E-05 9.97895E-05 9.97895E-05 9.97895E-05 9.97895E-05 9.97895E-05 9.97895E-05 9.97895E-05 9.97895E-05 9.97895E-05 9.97895E-05 9.97895E-05 9.97895E-05 0.301783 9.97895E-05 9.97895E-05 9.97895E-05 9.97895E-05 9.97895E-05 9.97895E-05 9.97895E-05 9.97895E-05 9.97895E-05 0.512602 9.97895E-05 0.18322 9.97895E-05
0.136589 9.98156E-05 9.98156E-05 9.98156E-05 9.98156E-05 9.98156E-05 0.536304 9.98156E-05 9.98156E-05 9.98156E-05 9.98156E-05 9.98156E-05 0.0585249 0.028081 9.98156E-05 9.98156E-05 9.98156E-05 9.98156E-05 9.98156E-05 9.98156E-05 9.98156E-05 9.98156E-05 9.98156E-05 0.231263 9.98156E-05 0.00714266 9.98156E-05
0.132402 9.97984E-05 9.97984E-05 9.97984E-05 9.97984E-05 9.97984E-05 0.272087 9.97984E-05 9.97984E-05 9.97984E-05 9.97984E-05 9.97984E-05 9.97984E-05 9.97984E-05 9.97984E-05 9.97984E-05 0.00331736 9.97984E-05 9.97984E-05 9.97984E-05 9.97984E-05 9.97984E-05 9.97984E-05 0.589898 9.97984E-05 9.97984E-05 9.97984E-05
9.97984E-05 9.97984E-05 9.97984E-05 9.97984E-05 9.97984E-05 9.97984E-05 0.139507 9.97984E-05 9.97984E-05 9.97984E-05 9.97984E-05 9.97984E-05 9.97984E-05 9.97984E-05 9.97984E-05 9.97984E-05 9.97984E-05 9.97984E-05 9.97984E-05 9.97984E-05 9.97984E-05 9.97984E-05 9.97984E-05 0.813639 0.033158 0.0114005 9.97984E-05
9.98072E-05 9.98072E-05 9.98072E-05 9.98072E-05 9.98072E-05 9.98072E-05 9.98072E-05 9.98072E-05 9.98072E-05 9.98072E-05 9.98072E-05 9.98072E-05 0.145595 0.238148 9.98072E-05 0.00271476 9.98072E-05 9.98072E-05 9.98072E-05 9.98072E-05 9.98072E-05 9.98072E-05 9.98072E-05 0.491081 9.98072E-05 0.120265 9.98072E-05
9.98336E-05 9.98336E-05 9.98336E-05 0.0334783 0.0308267 9.98336E-05 9.98336E-05 9.98336E-05 9.98336E-05 9.98336E-05 0.0657665 9.98336E-05 0.0154468 9.98336E-05 9.98336E-05 9.98336E-05 0.0905045 9.98336E-05 9.98336E-05 9.98336E-05 9.98336E-05 9.98336E-05 9.98336E-05 0.580151 0.135964 0.0459653 9.98336E-05
9.98334E-05 9.98334E-05 9.98334E-05 9.98334E-05 9.98334E-05 9.98334E-05 9.98334E-05 9.98334E-05 9.98334E-05 9.98334E-05 9.98334E-05 0.032553 0.0129675 0.117576 0.0120484 9.98334E-05 0.00574368 9.98334E-05 9.98334E-05 9.98334E-05 9.98334E-05 9.98334E-05 9.98334E-05 0.621922 9.98334E-05 0.0715962 0.123697
0.150654 9.98333E-05 0.00860159 9.98333E-05 9.98333E-05 9.98333E-05 9.98333E-05 9.98333E-05 9.98333E-05 9.98333E-05 0.0101883 9.98333E-05 0.0883955 0.0215704 9.98333E-05 0.00216207 0.00566848 9.98333E-05 9.98333E-05 9.98333E-05 9.98333E-05 9.98333E-05 9.98333E-05 0.710862 9.98333E-05 9.98333E-05 9.98333E-05
9.98161E-05 9.98161E-05 0.0608842 0.00996912 9.98161E-05 9.98161E-05 9.98161E-05 9.98161E-05 9.98161E-05 9.98161E-05 9.98161E-05 0.0455997 0.118976 9.98161E-05 9.98161E-05 9.98161E-05 9.98161E-05 9.98161E-05 9.98161E-05 9.98161E-05 9.98161E-05 9.98161E-05 9.98161E-05 0.664287 9.98161E-05 0.0981879 9.98161E-05
9.97896E-05 9.97896E-05 9.97896E-05 9.97896E-05 9.97896E-05 9.97896E-05 9.97896E-05 9.97896E-05 9.97896E-05 9.97896E-05 9.97896E-05 9.97896E-05 0.241628 9.97896E-05 9.97896E-05 9.97896E-05 0.0153642 9.97896E-05 9.97896E-05 9.97896E-05 9.97896E-05 9.97896E-05 9.97896E-05 0.740613 9.97896E-05 9.97896E-05 9.97896E-05
9.98508E-05 9.98508E-05 9.98508E-05 9.98508E-05 9.98508E-05 9.98508E-05 0.196563 9.98508E-05 9.98508E-05 0.00539108 0.0790948 9.98508E-05 0.0736504 0.0559391 9.98508E-05 9.98508E-05 0.00492637 9.98508E-05 9.98508E-05 0.0744411 9.98508E-05 9.98508E-05 9.98508E-05 0.464443 9.98508E-05 0.0184097 0.0254441
0.0588307 9.98333E-05 9.98333E-05 9.98333E-05 9.98333E-05 9.98333E-05 9.98333E-05 9.98333E-05 9.98333E-05 9.98333E-05 9.98333E-05 0.0309004 0.0174889 0.146065 9.98333E-05 9.98333E-05 9.98333E-05 9.98333E-05 9.98333E-05 0.0058204 9.98333E-05 9.98333E-05 0.0464226 0.686946 9.98333E-05 0.00562953 9.98333E-05
9.97896E-05 9.97896E-05 9.97896E-05 9.97896E-05 9.97896E-05 9.97896E-05 9.97896E-05 9.97896E-05 9.97896E-05 9.97896E-05 9.97896E-05 9.97896E-05 9.97896E-05 9.97896E-05 9.97896E-05 9.97896E-05 0.000607715 0.0557037 9.97896E-05 9.97896E-05 9.97896E-05 9.97896E-05 9.97896E-05 0.941294 9.97896E-05 9.97896E-05 9.97896E-05
0.0794208 9.98071E-05 9.98071E-05 9.98071E-05 9.98071E-05 9.98071E-05 9.98071E-05 9.98071E-05 9.98071E-05 9.98071E-05 0.0505361 9.98071E-05 9.98071E-05 0.200525 9.98071E-05 9.98071E-05 9.98071E-05 9.98071E-05 9.98071E-05 9.98071E-05 9.98071E-05 9.98071E-05 9.98071E-05 0.466088 9.98071E-05 0.201235 9.98071E-05
9.97983E-05 9.97983E-05 9.97983E-05 9.97983E-05 9.97983E-05 9.97983E-05 0.0881928 9.97983E-05 9.97983E-05 9.97983E-05 9.97983E-05 9.97983E-05 9.97983E-05 9.97983E-05 9.97983E-05 9.97983E-05 9.97983E-05 9.97983E-05 9.97983E-05 9.97983E-05 9.97983E-05 9.97983E-05 9.97983E-05 0.551612 0.18682 0.17108 9.97983E-05
0.0840369 0.0017864 9.98158E-05 9.98158E-05 9.98158E-05 9.98158E-05 9.98158E-05 9.98158E-05 9.98158E-05 9.98158E-05 0.0532461 9.98158E-05 9.98158E-05 0.201282 9.98158E-05 9.98158E-05 9.98158E-05 9.98158E-05 9.98158E-05 9.98158E-05 9.98158E-05 9.98158E-05 9.98158E-05 0.454749 9.98158E-05 0.202804 9.98158E-05
0.04587 9.98333E-05 9.98333E-05 9.98333E-05 9.98333E-05 9.98333E-05 0.445496 9.98333E-05 9.98333E-05 9.98333E-05 9.98333E-05 9.98333E-05 9.98333E-05 0.103893 9.98333E-05 9.98333E-05 9.98333E-05 0.0345333 9.98333E-05 9.98333E-05 0.0598742 9.98333E-05 0.00109281 0.185402 9.98333E-05 0.121942 9.98333E-05
9.98247E-05 9.98247E-05 9.98247E-05 9.98247E-05 9.98247E-05 9.98247E-05 9.98247E-05 0.00687831 9.98247E-05 9.98247E-05 9.98247E-05 0.0153697 0.340577 0.014089 9.98247E-05 0.154637 9.98247E-05 9.98247E-05 9.98247E-05 9.98247E-05 9.98247E-05 9.98247E-05 9.98247E-05 0.066597 0.399856 9.98247E-05 9.98247E-05
9.97892E-05 9.97892E-05 9.97892E-05 9.97892E-05 9.97892E-05 9.97892E-05 9.97892E-05 9.97892E-05 9.97892E-05 9.97892E-05 9.97892E-05 9.97892E-05 9.97892E-05 0.115702 9.97892E-05 9.97892E-05 9.97892E-05 9.97892E-05 9.97892E-05 9.97892E-05 9.97892E-05 9.97892E-05 9.97892E-05 0.84669 9.97892E-05 0.0352125 9.97892E-05
9.97984E-05 9.97984E-05 9.97984E-05 9.97984E-05 9.97984E-05 9.97984E-05 0.0847402 9.97984E-05 9.97984E-05 9.97984E-05 9.97984E-05 9.97984E-05 9.97984E-05 0.138396 9.97984E-05 9.97984E-05 9.97984E-05 9.97984E-05 9.97984E-05 9.97984E-05 9.97984E-05 9.97984E-05 9.97984E-05 0.453012 9.97984E-05 0.321557 9.97984E-05
9.98071E-05 9.98071E-05 9.98071E-05 9.98071E-05 9.98071E-05 9.98071E-05 9.98071E-05 9.98071E-05 9.98071E-05 9.98071E-05 0.0468234 0.143245 9.98071E-05 0.0533672 9.98071E-05 9.98071E-05 9.98071E-05 9.98071E-05 9.98071E-05 9.98071E-05 9.98071E-05 9.98071E-05 9.98071E-05 0.491083 0.263286 9.98071E-05 9.98071E-05
9.98156E-05 9.98156E-05 9.98156E-05 9.98156E-05 9.98156E-05 9.98156E-05 0.340406 9.98156E-05 9.98156E-05 0.0238314 9.98156E-05 9.98156E-05 9.98156E-05 0.161338 9.98156E-05 9.98156E-05 0.038533 9.98156E-05 9.98156E-05 9.98156E-05 9.98156E-05 9.98156E-05 9.98156E-05 0.400324 9.98156E-05 0.0334722 9.98156E-05
9.97983E-05 9.97983E-05 9.97983E-05 9.97983E-05 9.97983E-05 9.97983E-05 9.97983E-05 9.97983E-05 9.97983E-05 9.97983E-05 9.97983E-05 9.97983E-05 9.97983E-05 0.000585335 9.97983E-05 9.97983E-05 9.97983E-05 9.97983E-05 0.0285958 9.97983E-05 9.97983E-05 9.97983E-05 9.97983E-05 0.902377 0.0661469 9.97983E-05 9.97983E-05
9.98069E-05 9.98069E-05 9.98069E-05 9.98069E-05 9.98069E-05 9.98069E-05 9.98069E-05 9.98069E-05 9.98069E-05 9.98069E-05 0.160301 0.135594 9.98069E-05 0.100512 9.98069E-05 9.98069E-05 9.98069E-05 9.98069E-05 9.98069E-05 9.98069E-05 9.98069E-05 9.98069E-05 9.98069E-05 0.333039 9.98069E-05 0.268358 9.98069E-05
9.97982E-05 9.97982E-05 0.148339 9.97982E-05 9.97982E-05 9.97982E-05 9.97982E-05 9.97982E-05 9.97982E-05 9.97982E-05 9.97982E-05 9.97982E-05 9.97982E-05 0.0668237 9.97982E-05 9.97982E-05 9.97982E-05 9.97982E-05 9.97982E-05 9.97982E-05 9.97982E-05 9.97982E-05 9.97982E-05 0.750404 9.97982E-05 0.0321375 9.97982E-05
9.97984E-05 9.97984E-05 9.97984E-05 9.97984E-05 9.97984E-05 9.97984E-05 0.11115 9.97984E-05 9.97984E-05 9.97984E-05 9.97984E-05 9.97984E-05 9.97984E-05 0.0104841 9.97984E-05 9.97984E-05 9.97984E-05 9.97984E-05 9.97984E-05 0.0180246 9.97984E-05 9.97984E-05 9.97984E-05 0.858046 9.97984E-05 9.97984E-05 9.97984E-05
9.98244E-05 9.98244E-05 9.98244E-05 9.98244E-05 9.98244E-05 9.98244E-05 9.98244E-05 9.98244E-05 9.98244E-05 9.98244E-05 9.98244E-05 9.98244E-05 0.28446 9.98244E-05 9.98244E-05 9.98244E-05 0.00395355 0.000539178 9.98244E-05 0.0736031 9.98244E-05 9.98244E-05 9.98244E-05 0.540724 9.98244E-05 0.00820043 0.0865233
9.97981E-05 9.97981E-05 9.97981E-05 9.97981E-05 9.97981E-05 9.97981E-05 9.97981E-05 9.97981E-05 9.97981E-05 9.97981E-05 9.97981E-05 9.97981E-05 9.97981E-05 0.193828 9.97981E-05 9.97981E-05 9.97981E-05 0.0164102 9.97981E-05 9.97981E-05 9.97981E-05 9.97981E-05 9.97981E-05 0.712992 9.97981E-05 0.0744749 9.97981E-05
9.9807E-05 9.9807E-05 9.9807E-05 9.9807E-05 9.9807E-05 9.9807E-05 9.9807E-05 9.9807E-05 9.9807E-05 9.9807E-05 0.0415592 9.9807E-05 0.449875 9.9807E-05 9.9807E-05 9.9807E-05 9.9807E-05 9.9807E-05 9.9807E-05 9.9807E-05 9.9807E-05 9.9807E-05 9.9807E-05 0.106367 0.334347 0.0656557 9.9807E-05
9.97984E-05 9.97984E-05 9.97984E-05 9.97984E-05 9.97984E-05 9.97984E-05 9.97984E-05 9.97984E-05 9.97984E-05 9.97984E-05 9.97984E-05 9.97984E-05 0.0561157 0.0707402 9.97984E-05 9.97984E-05 9.97984E-05 9.97984E-05 9.97984E-05 9.97984E-05 9.97984E-05 9.97984E-05 9.97984E-05 0.540844 0.330005 9.97984E-05 9.97984E-05
9.97894E-05 9.97894E-05 9.97894E-05 9.97894E-05 9.97894E-05 9.97894E-05 9.97894E-05 9.97894E-05 9.97894E-05 9.97894E-05 9.97894E-05 0.00440173 9.97894E-05 9.97894E-05 9.97894E-05 9.97894E-05 9.97894E-05 9.97894E-05 9.97894E-05 9.97894E-05 9.97894E-05 9.97894E-05 9.97894E-05 0.32544 0.667763 9.97894E-05 9.97894E-05
