9.99209E-05 9.99209E-05 9.99209E-05 0.0758774 0.0593813 0.0116776 0.0444223 0.426656 9.99209E-05 9.99209E-05 0.0657911 9.99209E-05 9.99209E-05 9.99209E-05 9.99209E-05 0.219098 0.0961979
9.99035E-05 9.99035E-05 9.99035E-05 9.99035E-05 9.99035E-05 0.0347224 0.0189304 0.791302 9.99035E-05 9.99035E-05 9.99035E-05 9.99035E-05 9.99035E-05 0.0251992 9.99035E-05 0.0020422 0.126705
9.9886E-05 9.9886E-05 9.9886E-05 9.9886E-05 9.9886E-05 9.9886E-05 0.00452507 0.939741 0.0110876 9.9886E-05 9.9886E-05 9.9886E-05 0.0433482 9.9886E-05 9.9886E-05 9.9886E-05 9.9886E-05
0.28841 9.9921E-05 9.9921E-05 0.0748165 9.9921E-05 0.0621192 0.0211332 0.311907 9.9921E-05 9.9921E-05 9.9921E-05 0.162283 9.9921E-05 0.0199256 0.0585064 9.9921E-05 9.9921E-05
0.000324506 9.9886E-05 9.9886E-05 9.9886E-05 9.9886E-05 9.9886E-05 9.9886E-05 0.854532 9.9886E-05 9.9886E-05 9.9886E-05 9.9886E-05 0.126701 9.9886E-05 0.0171437 9.9886E-05 9.9886E-05
0.0363897 0.00915621 9.99386E-05 0.0393564 9.99386E-05 9.99386E-05 9.99386E-05 0.275073 9.99386E-05 9.99386E-05 9.99386E-05 0.176289 0.0572089 0.0133297 0.158759 0.107244 0.126495
0.154003 9.99211E-05 9.99211E-05 9.99211E-05 0.0514984 0.12416 0.0175386 0.381671 0.0917074 9.99211E-05 9.99211E-05 9.99211E-05 9.99211E-05 9.99211E-05 9.99211E-05 0.0261412 0.152381
0.10677 9.9921E-05 0.10079 9.9921E-05 9.9921E-05 9.9921E-05 9.9921E-05 0.30069 9.9921E-05 9.9921E-05 0.108137 0.0806177 0.122116 9.9921E-05 0.164955 0.0150254 9.9921E-05
9.98947E-05 9.98947E-05 9.98947E-05 0.176826 0.120009 9.98947E-05 0.198705 0.300277 9.98947E-05 9.98947E-05 9.98947E-05 9.98947E-05 9.98947E-05 9.98947E-05 0.202984 9.98947E-05 9.98947E-05
9.9877E-05 9.9877E-05 9.9877E-05 9.9877E-05 0.0114196 9.9877E-05 0.013797 0.973385 9.9877E-05 9.9877E-05 9.9877E-05 9.9877E-05 9.9877E-05 9.9877E-05 9.9877E-05 9.9877E-05 9.9877E-05
9.99123E-05 9.99123E-05 9.99123E-05 9.99123E-05 9.99123E-05 0.153492 0.118263 0.539124 9.99123E-05 9.99123E-05 9.99123E-05 0.0767809 9.99123E-05 0.0789153 0.0288917 0.0035338 9.99123E-05
0.0578637 9.9886E-05 9.9886E-05 9.9886E-05 9.9886E-05 9.9886E-05 9.9886E-05 0.869408 9.9886E-05 9.9886E-05 9.9886E-05 0.0450991 9.9886E-05 9.9886E-05 0.0263302 9.9886E-05 9.9886E-05
9.98772E-05 9.98772E-05 9.98772E-05 9.98772E-05 9.98772E-05 9.98772E-05 0.0580343 0.907703 9.98772E-05 9.98772E-05 9.98772E-05 9.98772E-05 9.98772E-05 9.98772E-05 9.98772E-05 0.0328643 9.98772E-05
9.99123E-05 9.99123E-05 0.0797698 9.99123E-05 9.99123E-05 0.0122439 0.115762 0.624247 0.0291598 0.0728338 9.99123E-05 0.0649848 9.99123E-05 9.99123E-05 9.99123E-05 9.99123E-05 9.99123E-05
9.99122E-05 9.99122E-05 9.99122E-05 0.152536 9.99122E-05 9.99122E-05 0.011982 0.340964 9.99122E-05 9.99122E-05 9.99122E-05 0.129362 9.99122E-05 9.99122E-05 0.132332 0.172913 0.0589107
0.116243 9.99209E-05 0.142431 9.99209E-05 9.99209E-05 9.99209E-05 0.124337 0.279873 9.99209E-05 9.99209E-05 0.063711 0.0296476 9.99209E-05 9.99209E-05 0.150592 0.0922657 9.99209E-05
9.99123E-05 9.99123E-05 9.99123E-05 0.11551 9.99123E-05 0.0154688 0.0468491 0.551678 9.99123E-05 0.153742 0.0301618 9.99123E-05 9.99123E-05 9.99123E-05 9.99123E-05 9.99123E-05 0.0855914
9.99101E-05 0.188765 9.99101E-05 9.99101E-05 0.00957212 9.99101E-05 0.103565 0.248572 9.99101E-05 9.99101E-05 9.99101E-05 0.0331878 9.99101E-05 0.124069 0.0187228 0.272648 9.99101E-05
0.174252 9.99122E-05 9.99122E-05 9.99122E-05 0.0433436 0.0193094 0.227137 0.351696 9.99122E-05 9.99122E-05 9.99122E-05 9.99122E-05 9.99122E-05 9.99122E-05 0.118952 0.0643105 9.99122E-05
9.98685E-05 9.98685E-05 9.98685E-05 9.98685E-05 9.98685E-05 9.98685E-05 9.98685E-05 0.980738 9.98685E-05 9.98685E-05 9.98685E-05 9.98685E-05 9.98685E-05 0.0177643 9.98685E-05 9.98685E-05 9.98685E-05
9.99035E-05 9.99035E-05 0.0527407 0.288929 9.99035E-05 0.0271743 0.020739 0.534217 9.99035E-05 9.99035E-05 9.99035E-05 9.99035E-05 9.99035E-05 9.99035E-05 0.0751008 9.99035E-05 9.99035E-05
0.119232 0.044002 9.9921E-05 9.9921E-05 9.9921E-05 9.9921E-05 0.00856466 0.295569 9.9921E-05 9.9921E-05 9.9921E-05 0.146482 0.11311 9.9921E-05 0.219688 0.0524532 9.9921E-05
9.99036E-05 9.99036E-05 9.99036E-05 9.99036E-05 9.99036E-05 0.0491848 0.110891 0.685439 9.99036E-05 9.99036E-05 9.99036E-05 0.0422257 9.99036E-05 9.99036E-05 9.99036E-05 0.0711161 0.0400444
9.99034E-05 9.99034E-05 0.0454606 9.99034E-05 0.0621817 9.99034E-05 0.253887 0.458784 9.99034E-05 9.99034E-05 0.0155642 9.99034E-05 9.99034E-05 9.99034E-05 9.99034E-05 0.163024 9.99034E-05
9.9921E-05 9.9921E-05 9.9921E-05 0.0342959 0.0139168 0.0829979 0.256589 0.324965 9.9921E-05 9.9921E-05 9.9921E-05 0.127005 9.9921E-05 0.0974532 0.061878 9.9921E-05 9.9921E-05
9.9921E-05 9.9921E-05 0.024334 9.9921E-05 9.9921E-05 0.0188449 0.136551 0.731899 0.00442473 9.9921E-05 0.013618 0.0455871 9.9921E-05 9.9921E-05 0.0238424 9.9921E-05 9.9921E-05
9.9921E-05 0.165819 0.0937948 9.9921E-05 9.9921E-05 0.00497532 0.099007 0.070726 9.9921E-05 9.9921E-05 9.9921E-05 0.35525 9.9921E-05 0.0166448 9.9921E-05 0.192884 9.9921E-05
0.0702587 9.98772E-05 9.98772E-05 9.98772E-05 9.98772E-05 9.98772E-05 0.0452809 0.883062 9.98772E-05 9.98772E-05 9.98772E-05 9.98772E-05 9.98772E-05 9.98772E-05 9.98772E-05 9.98772E-05 9.98772E-05
9.98947E-05 9.98947E-05 9.98947E-05 9.98947E-05 9.98947E-05 9.98947E-05 0.225667 0.609693 9.98947E-05 9.98947E-05 9.98947E-05 0.0517894 9.98947E-05 0.0337453 9.98947E-05 0.0779068 9.98947E-05
9.99298E-05 9.99298E-05 9.99298E-05 9.99298E-05 0.013239 9.99298E-05 0.0583645 0.759449 0.00804496 0.0158139 0.0430855 0.0195995 9.99298E-05 9.99298E-05 0.0640034 9.99298E-05 0.0176009
9.99035E-05 9.99035E-05 9.99035E-05 9.99035E-05 9.99035E-05 0.0767525 0.0083173 0.724855 9.99035E-05 9.99035E-05 9.99035E-05 9.99035E-05 9.99035E-05 0.077189 0.0305783 0.081209 9.99035E-05
0.0858052 9.99036E-05 9.99036E-05 9.99036E-05 9.99036E-05 0.0737169 0.0433213 0.524874 9.99036E-05 9.99036E-05 9.99036E-05 0.264432 9.99036E-05 0.00675132 9.99036E-05 9.99036E-05 9.99036E-05
9.99034E-05 9.99034E-05 0.0441235 9.99034E-05 9.99034E-05 0.0740824 0.144107 0.57136 9.99034E-05 9.99034E-05 9.99034E-05 0.0675964 9.99034E-05 9.99034E-05 9.99034E-05 0.0976317 9.99034E-05
0.0634709 0.0467966 9.9921E-05 9.9921E-05 9.9921E-05 0.0361697 0.0750596 0.571442 0.0509959 9.9921E-05 9.9921E-05 0.137891 0.017275 9.9921E-05 9.9921E-05 9.9921E-05 9.9921E-05
9.98801E-05 9.98801E-05 9.98801E-05 9.98801E-05 9.98801E-05 0.0298097 9.98801E-05 0.83263 9.98801E-05 9.98801E-05 9.98801E-05 9.98801E-05 9.98801E-05 0.03372 0.0103735 9.98801E-05 0.092268
9.99035E-05 9.99035E-05 9.99035E-05 0.13565 9.99035E-05 0.00168295 9.99035E-05 0.710277 9.99035E-05 9.99035E-05 9.99035E-05 9.99035E-05 9.99035E-05 9.99035E-05 0.0568628 0.0280363 0.0663914
0.0696763 9.98948E-05 9.98948E-05 9.98948E-05 9.98948E-05 0.00142252 9.98948E-05 0.843152 0.0377117 9.98948E-05 9.98948E-05 9.98948E-05 9.98948E-05 9.98948E-05 9.98948E-05 9.98948E-05 0.0468392
9.99035E-05 9.99035E-05 9.99035E-05 9.99035E-05 9.99035E-05 9.99035E-05 0.0584769 0.72573 9.99035E-05 0.00605252 9.99035E-05 9.99035E-05 9.99035E-05 0.042341 0.145184 9.99035E-05 0.0211168
0.00938696 9.99211E-05 9.99211E-05 9.99211E-05 9.99211E-05 0.038082 0.183412 0.514363 0.00647728 0.0667445 9.99211E-05 9.99211E-05 0.0439203 9.99211E-05 9.99211E-05 9.99211E-05 0.136714
9.98948E-05 9.98948E-05 0.0922053 9.98948E-05 9.98948E-05 9.98948E-05 0.103275 0.640096 9.98948E-05 0.018955 9.98948E-05 0.14427 9.98948E-05 9.98948E-05 9.98948E-05 9.98948E-05 9.98948E-05
9.9886E-05 9.9886E-05 9.9886E-05 0.0339433 9.9886E-05 9.9886E-05 0.0936096 0.826849 9.9886E-05 9.9886E-05 9.9886E-05 9.9886E-05 9.9886E-05 9.9886E-05 0.0442997 9.9886E-05 9.9886E-05
9.99036E-05 9.99036E-05 9.99036E-05 9.99036E-05 0.0742426 9.99036E-05 0.0529023 0.709884 9.99036E-05 9.99036E-05 9.99036E-05 9.99036E-05 9.99036E-05 9.99036E-05 0.0744311 0.0815169 0.0059244
9.98947E-05 9.98947E-05 9.98947E-05 9.98947E-05 9.98947E-05 9.98947E-05 9.98947E-05 0.850026 0.00142045 0.0771184 9.98947E-05 9.98947E-05 0.0389469 9.98947E-05 9.98947E-05 9.98947E-05 0.0312892
9.99035E-05 9.99035E-05 9.99035E-05 9.99035E-05 0.0810175 0.0674634 0.201023 0.424862 9.99035E-05 9.99035E-05 9.99035E-05 9.99035E-05 9.99035E-05 9.99035E-05 0.0829876 0.141547 9.99035E-05
0.206161 9.99122E-05 9.99122E-05 9.99122E-05 0.0216216 0.0212312 0.25797 0.42357 9.99122E-05 9.99122E-05 9.99122E-05 9.99122E-05 0.0549178 9.99122E-05 9.99122E-05 0.0135299 9.99122E-05
9.98946E-05 0.0040648 9.98946E-05 9.98946E-05 9.98946E-05 9.98946E-05 0.0123282 0.944419 9.98946E-05 9.98946E-05 0.0150861 9.98946E-05 9.98946E-05 0.0229032 9.98946E-05 9.98946E-05 9.98946E-05
0.0195556 0.0315084 9.98948E-05 9.98948E-05 9.98948E-05 9.98948E-05 0.0649601 0.877656 9.98948E-05 9.98948E-05 9.98948E-05 9.98948E-05 9.98948E-05 9.98948E-05 0.00512139 9.98948E-05 9.98948E-05
9.9886E-05 9.9886E-05 0.0164852 9.9886E-05 9.9886E-05 9.9886E-05 0.0330472 0.937879 0.0112901 9.9886E-05 9.9886E-05 9.9886E-05 9.9886E-05 9.9886E-05 9.9886E-05 9.9886E-05 9.9886E-05
0.0320533 9.98946E-05 9.98946E-05 9.98946E-05 9.98946E-05 0.0473629 0.119128 0.73638 9.98946E-05 9.98946E-05 9.98946E-05 9.98946E-05 9.98946E-05 9.98946E-05 9.98946E-05 0.063878 9.98946E-05
9.99124E-05 0.0195156 9.99124E-05 9.99124E-05 9.99124E-05 0.00531831 9.99124E-05 0.78886 0.136846 9.99124E-05 9.99124E-05 9.99124E-05 0.0135986 9.99124E-05 0.0213618 9.99124E-05 0.0135002
0.051643 9.99122E-05 9.99122E-05 9.99122E-05 0.0270649 0.121104 0.203778 0.35059 9.99122E-05 9.99122E-05 9.99122E-05 0.208706 9.99122E-05 9.99122E-05 0.036116 9.99122E-05 9.99122E-05
0.0990374 9.99122E-05 0.0052419 9.99122E-05 0.0845136 9.99122E-05 9.99122E-05 0.707262 9.99122E-05 9.99122E-05 0.00941739 9.99122E-05 0.0742737 9.99122E-05 0.0192552 9.99122E-05 9.99122E-05
9.9886E-05 0.025225 9.9886E-05 9.9886E-05 0.0222869 9.9886E-05 0.109283 0.841906 9.9886E-05 9.9886E-05 9.9886E-05 9.9886E-05 9.9886E-05 9.9886E-05 9.9886E-05 9.9886E-05 9.9886E-05
9.99124E-05 0.0551617 0.0759618 9.99124E-05 9.99124E-05 0.0867121 9.99124E-05 0.636198 0.0704723 9.99124E-05 9.99124E-05 9.99124E-05 9.99124E-05 0.0550802 0.0194148 9.99124E-05 9.99124E-05
9.99036E-05 9.99036E-05 0.0212257 9.99036E-05 0.0293464 9.99036E-05 0.103013 0.824519 9.99036E-05 9.99036E-05 9.99036E-05 9.99036E-05 9.99036E-05 0.0146743 0.00612272 9.99036E-05 9.99036E-05
9.98947E-05 9.98947E-05 9.98947E-05 9.98947E-05 9.98947E-05 0.0191934 9.98947E-05 0.725872 9.98947E-05 9.98947E-05 9.98947E-05 0.147619 0.0682528 0.0378648 9.98947E-05 9.98947E-05 9.98947E-05
9.98946E-05 0.0673599 9.98946E-05 0.0851669 9.98946E-05 9.98946E-05 0.0108675 0.80075 9.98946E-05 9.98946E-05 9.98946E-05 9.98946E-05 9.98946E-05 9.98946E-05 9.98946E-05 9.98946E-05 0.0346565
0.0804687 9.98859E-05 9.98859E-05 9.98859E-05 9.98859E-05 0.0520823 0.0645367 0.801614 9.98859E-05 9.98859E-05 9.98859E-05 9.98859E-05 9.98859E-05 9.98859E-05 9.98859E-05 9.98859E-05 9.98859E-05
9.98772E-05 9.98772E-05 9.98772E-05 9.98772E-05 9.98772E-05 9.98772E-05 9.98772E-05 0.977249 0.012534 9.98772E-05 9.98772E-05 9.98772E-05 9.98772E-05 9.98772E-05 9.98772E-05 9.98772E-05 0.00881884
9.9921E-05 0.0389273 9.9921E-05 0.0594676 9.9921E-05 0.111052 0.100348 9.9921E-05 0.0424737 9.9921E-05 9.9921E-05 9.9921E-05 9.9921E-05 9.9921E-05 0.0466273 0.517163 0.0830416
9.98947E-05 9.98947E-05 0.0155205 0.0945426 0.0367227 9.98947E-05 0.0181706 9.98947E-05 9.98947E-05 9.98947E-05 9.98947E-05 9.98947E-05 9.98947E-05 9.98947E-05 9.98947E-05 0.833845 9.98947E-05
9.98859E-05 0.152014 9.98859E-05 9.98859E-05 9.98859E-05 9.98859E-05 9.98859E-05 9.98859E-05 0.0589993 0.146629 9.98859E-05 9.98859E-05 9.98859E-05 9.98859E-05 9.98859E-05 0.64106 9.98859E-05
0.00609498 0.0539214 9.99211E-05 9.99211E-05 9.99211E-05 9.99211E-05 0.0545133 9.99211E-05 0.0801825 9.99211E-05 9.99211E-05 0.272031 9.99211E-05 9.99211E-05 0.0870012 0.0996062 0.34575
9.99209E-05 0.0487111 9.99209E-05 9.99209E-05 9.99209E-05 9.99209E-05 0.177908 9.99209E-05 0.0152964 9.99209E-05 9.99209E-05 0.0346395 9.99209E-05 0.0948593 0.0827918 0.521177 0.0237181
9.98945E-05 9.98945E-05 9.98945E-05 9.98945E-05 9.98945E-05 9.98945E-05 0.197906 9.98945E-05 9.98945E-05 9.98945E-05 9.98945E-05 0.0724581 9.98945E-05 0.0278472 0.0726161 0.627974 9.98945E-05
0.0517519 9.99121E-05 9.99121E-05 0.09534 9.99121E-05 0.0252562 0.189589 9.99121E-05 0.0344001 9.99121E-05 9.99121E-05 9.99121E-05 9.99121E-05 9.99121E-05 9.99121E-05 0.261026 0.341638
9.99122E-05 0.15923 9.99122E-05 9.99122E-05 9.99122E-05 9.99122E-05 0.174737 9.99122E-05 0.0491435 9.99122E-05 9.99122E-05 0.115838 9.99122E-05 9.99122E-05 0.0270248 0.291548 0.181479
9.98946E-05 0.0225266 9.98946E-05 9.98946E-05 0.0145259 9.98946E-05 9.98946E-05 9.98946E-05 9.98946E-05 0.057661 9.98946E-05 9.98946E-05 9.98946E-05 9.98946E-05 9.98946E-05 0.781576 0.122512
9.98946E-05 9.98946E-05 9.98946E-05 9.98946E-05 9.98946E-05 0.08404 0.0572726 9.98946E-05 9.98946E-05 9.98946E-05 0.0408863 9.98946E-05 9.98946E-05 9.98946E-05 0.0240719 0.79253 9.98946E-05
0.103916 0.0179628 9.99033E-05 9.99033E-05 9.99033E-05 0.193964 0.280386 9.99033E-05 9.99033E-05 9.99033E-05 9.99033E-05 9.99033E-05 9.99033E-05 9.99033E-05 0.111158 0.291514 9.99033E-05
0.0745563 9.99209E-05 0.0849302 9.99209E-05 9.99209E-05 0.0618089 0.0913296 9.99209E-05 0.0121252 9.99209E-05 0.0808315 9.99209E-05 9.99209E-05 9.99209E-05 9.99209E-05 0.473396 0.120123
9.99297E-05 9.99297E-05 0.0965632 0.0206929 9.99297E-05 0.0343532 0.00601192 9.99297E-05 9.99297E-05 9.99297E-05 0.117352 0.118698 0.144442 9.99297E-05 0.127938 0.333148 9.99297E-05
9.99033E-05 9.99033E-05 9.99033E-05 9.99033E-05 9.99033E-05 9.99033E-05 0.247539 9.99033E-05 0.0611533 9.99033E-05 9.99033E-05 0.020304 0.0705492 9.99033E-05 9.99033E-05 0.552296 0.0470591
9.99124E-05 9.99124E-05 9.99124E-05 9.99124E-05 0.00445842 0.0245403 0.0119767 9.99124E-05 9.99124E-05 9.99124E-05 0.0169309 0.205817 9.99124E-05 9.99124E-05 9.99124E-05 0.700921 0.0343565
9.99035E-05 9.99035E-05 9.99035E-05 0.0844284 9.99035E-05 0.00771169 0.0731569 9.99035E-05 9.99035E-05 0.0339581 9.99035E-05 9.99035E-05 9.99035E-05 9.99035E-05 0.0143321 0.785314 9.99035E-05
9.99209E-05 0.0695587 0.105529 0.0820804 9.99209E-05 9.99209E-05 0.108907 9.99209E-05 0.0355671 9.99209E-05 9.99209E-05 0.100008 9.99209E-05 9.99209E-05 9.99209E-05 0.457887 0.0395643
0.148477 9.98946E-05 9.98946E-05 9.98946E-05 9.98946E-05 0.154367 9.98946E-05 9.98946E-05 9.98946E-05 9.98946E-05 0.0261882 9.98946E-05 9.98946E-05 9.98946E-05 0.073937 0.595832 9.98946E-05
9.98946E-05 0.144483 9.98946E-05 9.98946E-05 9.98946E-05 0.0306957 0.117179 9.98946E-05 9.98946E-05 9.98946E-05 9.98946E-05 9.98946E-05 9.98946E-05 9.98946E-05 0.0185832 0.68786 9.98946E-05
9.99296E-05 0.0128592 0.0799758 9.99296E-05 9.99296E-05 0.025482 0.285749 9.99296E-05 9.99296E-05 9.99296E-05 0.0134993 0.0471348 9.99296E-05 0.00635157 9.99296E-05 0.505467 0.0226811
9.98861E-05 9.98861E-05 9.98861E-05 9.98861E-05 9.98861E-05 9.98861E-05 0.092108 9.98861E-05 0.0624522 0.196437 9.98861E-05 9.98861E-05 9.98861E-05 9.98861E-05 9.98861E-05 0.647704 9.98861E-05
0.0193799 0.0276995 9.9912E-05 9.9912E-05 9.9912E-05 9.9912E-05 0.0937562 9.9912E-05 0.0102381 9.9912E-05 9.9912E-05 0.0382976 9.9912E-05 9.9912E-05 9.9912E-05 0.78011 0.0295195
9.98948E-05 0.0202982 9.98948E-05 9.98948E-05 9.98948E-05 9.98948E-05 0.0639977 9.98948E-05 9.98948E-05 9.98948E-05 9.98948E-05 0.21289 9.98948E-05 9.98948E-05 9.98948E-05 0.670953 0.0306624
0.126987 0.115135 9.99298E-05 9.99298E-05 0.056861 0.0146495 0.0618485 9.99298E-05 0.0152239 9.99298E-05 9.99298E-05 0.133406 9.99298E-05 9.99298E-05 0.0458429 0.429246 9.99298E-05
9.98945E-05 9.98945E-05 9.98945E-05 0.058706 9.98945E-05 0.124621 0.0588763 9.98945E-05 9.98945E-05 9.98945E-05 0.130419 9.98945E-05 9.98945E-05 9.98945E-05 9.98945E-05 0.626179 9.98945E-05
9.99211E-05 9.99211E-05 9.99211E-05 9.99211E-05 9.99211E-05 0.0395326 0.0778036 0.0343987 9.99211E-05 0.060022 9.99211E-05 9.99211E-05 9.99211E-05 0.0362406 0.0103592 0.627892 0.112852
9.98772E-05 9.98772E-05 9.98772E-05 9.98772E-05 9.98772E-05 9.98772E-05 9.98772E-05 9.98772E-05 9.98772E-05 0.0485381 0.0223304 9.98772E-05 9.98772E-05 9.98772E-05 9.98772E-05 0.927733 9.98772E-05
9.98948E-05 9.98948E-05 9.98948E-05 0.0198353 9.98948E-05 9.98948E-05 0.0503138 9.98948E-05 9.98948E-05 9.98948E-05 9.98948E-05 9.98948E-05 9.98948E-05 0.00566468 9.98948E-05 0.859642 0.0633457
9.99035E-05 0.142958 9.99035E-05 9.99035E-05 9.99035E-05 9.99035E-05 0.0783868 0.00325725 9.99035E-05 9.99035E-05 0.0226842 9.99035E-05 9.99035E-05 9.99035E-05 0.0257241 0.72589 9.99035E-05
9.99035E-05 9.99035E-05 0.0050271 9.99035E-05 9.99035E-05 9.99035E-05 0.230855 0.0166294 9.99035E-05 0.148684 9.99035E-05 9.99035E-05 9.99035E-05 9.99035E-05 0.099512 0.498194 9.99035E-05
9.9877E-05 9.9877E-05 9.9877E-05 9.9877E-05 9.9877E-05 9.9877E-05 0.112086 9.9877E-05 9.9877E-05 9.9877E-05 9.9877E-05 0.848514 9.9877E-05 9.9877E-05 0.0380021 9.9877E-05 9.9877E-05
9.9886E-05 9.9886E-05 9.9886E-05 9.9886E-05 9.9886E-05 9.9886E-05 0.0215026 9.9886E-05 9.9886E-05 0.345742 9.9886E-05 0.583886 9.9886E-05 9.9886E-05 0.0475711 9.9886E-05 9.9886E-05
9.98683E-05 9.98683E-05 9.98683E-05 9.98683E-05 9.98683E-05 9.98683E-05 0.0865556 9.98683E-05 9.98683E-05 9.98683E-05 9.98683E-05 0.911946 9.98683E-05 9.98683E-05 9.98683E-05 9.98683E-05 9.98683E-05
9.98857E-05 0.0103064 9.98857E-05 9.98857E-05 9.98857E-05 9.98857E-05 0.187496 9.98857E-05 9.98857E-05 9.98857E-05 9.98857E-05 0.780004 9.98857E-05 9.98857E-05 0.0208946 9.98857E-05 9.98857E-05
9.9877E-05 9.9877E-05 9.9877E-05 9.9877E-05 0.0149173 9.9877E-05 9.9877E-05 9.9877E-05 9.9877E-05 9.9877E-05 9.9877E-05 0.886109 9.9877E-05 9.9877E-05 0.0975757 9.9877E-05 9.9877E-05
0.0839606 9.98947E-05 9.98947E-05 9.98947E-05 9.98947E-05 9.98947E-05 0.081182 9.98947E-05 9.98947E-05 9.98947E-05 9.98947E-05 0.627715 9.98947E-05 9.98947E-05 0.122605 9.98947E-05 0.0833389
9.98947E-05 9.98947E-05 9.98947E-05 9.98947E-05 9.98947E-05 0.0277087 0.109732 9.98947E-05 9.98947E-05 9.98947E-05 0.0167106 0.740638 9.98947E-05 9.98947E-05 0.104013 9.98947E-05 9.98947E-05
9.98683E-05 9.98683E-05 9.98683E-05 9.98683E-05 9.98683E-05 9.98683E-05 9.98683E-05 9.98683E-05 9.98683E-05 9.98683E-05 9.98683E-05 0.848819 9.98683E-05 9.98683E-05 0.149683 9.98683E-05 9.98683E-05
9.98945E-05 9.98945E-05 9.98945E-05 9.98945E-05 9.98945E-05 0.0133419 9.98945E-05 9.98945E-05 9.98945E-05 9.98945E-05 0.0376957 0.427177 9.98945E-05 9.98945E-05 0.200329 9.98945E-05 0.320258
9.98858E-05 9.98858E-05 9.98858E-05 9.98858E-05 9.98858E-05 9.98858E-05 0.288588 9.98858E-05 9.98858E-05 9.98858E-05 0.0231805 0.509797 9.98858E-05 9.98858E-05 0.177136 9.98858E-05 9.98858E-05
9.9886E-05 9.9886E-05 9.9886E-05 9.9886E-05 9.9886E-05 0.0467013 9.9886E-05 9.9886E-05 9.9886E-05 0.163854 9.9886E-05 0.483036 9.9886E-05 9.9886E-05 9.9886E-05 9.9886E-05 0.30511
9.99035E-05 9.99035E-05 9.99035E-05 9.99035E-05 9.99035E-05 0.0243435 0.0734198 0.00231936 9.99035E-05 0.044307 9.99035E-05 0.679232 9.99035E-05 9.99035E-05 9.99035E-05 9.99035E-05 0.17528
9.98773E-05 9.98773E-05 9.98773E-05 9.98773E-05 9.98773E-05 9.98773E-05 9.98773E-05 9.98773E-05 9.98773E-05 0.00787121 9.98773E-05 0.877678 9.98773E-05 9.98773E-05 0.113052 9.98773E-05 9.98773E-05
9.98861E-05 9.98861E-05 9.98861E-05 9.98861E-05 9.98861E-05 9.98861E-05 0.202503 9.98861E-05 9.98861E-05 0.00870426 9.98861E-05 0.668827 9.98861E-05 9.98861E-05 0.118667 9.98861E-05 9.98861E-05
9.9886E-05 0.161971 0.0279751 9.9886E-05 9.9886E-05 9.9886E-05 9.9886E-05 9.9886E-05 9.9886E-05 9.9886E-05 9.9886E-05 0.761983 9.9886E-05 9.9886E-05 0.0467719 9.9886E-05 9.9886E-05
0.0197156 9.99123E-05 9.99123E-05 9.99123E-05 9.99123E-05 9.99123E-05 0.0762846 9.99123E-05 0.0337542 9.99123E-05 0.0369052 0.688891 9.99123E-05 9.99123E-05 0.026204 9.99123E-05 0.117246
9.99034E-05 9.99034E-05 9.99034E-05 9.99034E-05 9.99034E-05 9.99034E-05 0.0206716 9.99034E-05 9.99034E-05 0.0155237 9.99034E-05 0.652401 9.99034E-05 0.0935293 0.0141372 9.99034E-05 0.202638
9.98949E-05 9.98949E-05 9.98949E-05 9.98949E-05 9.98949E-05 9.98949E-05 9.98949E-05 0.0139662 0.00252574 9.98949E-05 9.98949E-05 0.826225 0.0865623 9.98949E-05 0.0695215 9.98949E-05 9.98949E-05
9.98948E-05 9.98948E-05 9.98948E-05 9.98948E-05 9.98948E-05 0.0353799 9.98948E-05 9.98948E-05 9.98948E-05 0.0157865 9.98948E-05 0.886253 9.98948E-05 9.98948E-05 0.0346199 9.98948E-05 0.0267618
9.99035E-05 9.99035E-05 9.99035E-05 0.0547209 9.99035E-05 9.99035E-05 0.100709 9.99035E-05 9.99035E-05 0.163852 9.99035E-05 0.4917 9.99035E-05 0.0929474 0.0949728 9.99035E-05 9.99035E-05
0.0527815 9.98948E-05 9.98948E-05 9.98948E-05 9.98948E-05 9.98948E-05 0.0861545 9.98948E-05 9.98948E-05 9.98948E-05 9.98948E-05 0.744011 9.98948E-05 9.98948E-05 0.0367209 9.98948E-05 0.0791337
9.98771E-05 9.98771E-05 9.98771E-05 9.98771E-05 9.98771E-05 9.98771E-05 0.0126632 9.98771E-05 9.98771E-05 9.98771E-05 0.0377662 0.948172 9.98771E-05 9.98771E-05 9.98771E-05 9.98771E-05 9.98771E-05
9.99034E-05 9.99034E-05 9.99034E-05 9.99034E-05 9.99034E-05 9.99034E-05 0.197431 9.99034E-05 9.99034E-05 9.99034E-05 9.99034E-05 0.357793 0.0103015 0.105124 0.271487 9.99034E-05 0.0567654
9.99035E-05 9.99035E-05 9.99035E-05 9.99035E-05 0.00277954 0.00463967 0.0110483 9.99035E-05 9.99035E-05 0.0609917 9.99035E-05 0.761596 9.99035E-05 9.99035E-05 0.157846 9.99035E-05 9.99035E-05
9.98859E-05 9.98859E-05 9.98859E-05 9.98859E-05 9.98859E-05 9.98859E-05 0.243939 9.98859E-05 9.98859E-05 9.98859E-05 9.98859E-05 0.42045 9.98859E-05 0.116438 0.217875 9.98859E-05 9.98859E-05
9.99298E-05 9.99298E-05 0.00715303 9.99298E-05 9.99298E-05 0.0253281 0.0724957 9.99298E-05 9.99298E-05 0.125195 0.033919 0.477625 9.99298E-05 9.99298E-05 0.0745244 0.116339 0.0666209
9.99035E-05 9.99035E-05 9.99035E-05 0.0159277 0.106872 9.99035E-05 0.0709826 9.99035E-05 0.00972887 0.554544 9.99035E-05 0.240846 9.99035E-05 9.99035E-05 9.99035E-05 9.99035E-05 9.99035E-05
9.98769E-05 9.98769E-05 9.98769E-05 9.98769E-05 9.98769E-05 9.98769E-05 0.0679567 9.98769E-05 9.98769E-05 9.98769E-05 9.98769E-05 0.872416 9.98769E-05 9.98769E-05 0.0582293 9.98769E-05 9.98769E-05
9.9886E-05 9.9886E-05 9.9886E-05 9.9886E-05 9.9886E-05 9.9886E-05 0.212002 9.9886E-05 9.9886E-05 9.9886E-05 9.9886E-05 0.586776 9.9886E-05 9.9886E-05 0.168705 9.9886E-05 0.0312192
9.9886E-05 9.9886E-05 9.9886E-05 9.9886E-05 9.9886E-05 0.0315119 0.0910535 9.9886E-05 9.9886E-05 9.9886E-05 9.9886E-05 0.848888 9.9886E-05 0.027248 9.9886E-05 9.9886E-05 9.9886E-05
9.99036E-05 9.99036E-05 0.0660275 9.99036E-05 9.99036E-05 0.0195139 0.16886 9.99036E-05 9.99036E-05 9.99036E-05 9.99036E-05 0.686746 9.99036E-05 9.99036E-05 0.0134808 9.99036E-05 0.0442724
9.98859E-05 0.0113933 0.0174846 9.98859E-05 9.98859E-05 9.98859E-05 0.0636885 9.98859E-05 9.98859E-05 9.98859E-05 9.98859E-05 0.906135 9.98859E-05 9.98859E-05 9.98859E-05 9.98859E-05 9.98859E-05
9.98946E-05 9.98946E-05 9.98946E-05 9.98946E-05 9.98946E-05 9.98946E-05 0.190616 9.98946E-05 9.98946E-05 9.98946E-05 9.98946E-05 0.432883 0.108676 0.0410839 0.225543 9.98946E-05 9.98946E-05
9.98946E-05 9.98946E-05 9.98946E-05 9.98946E-05 9.98946E-05 0.00319936 0.0785693 9.98946E-05 9.98946E-05 9.98946E-05 9.98946E-05 0.791645 9.98946E-05 0.0916344 0.0337531 9.98946E-05 9.98946E-05
9.98771E-05 9.98771E-05 9.98771E-05 9.98771E-05 9.98771E-05 9.98771E-05 0.00938645 9.98771E-05 9.98771E-05 0.0189931 9.98771E-05 0.970222 9.98771E-05 9.98771E-05 9.98771E-05 9.98771E-05 9.98771E-05
0.0469444 9.99034E-05 9.99034E-05 9.99034E-05 9.99034E-05 0.0461359 9.99034E-05 9.99034E-05 9.99034E-05 0.0389598 0.067484 0.758431 9.99034E-05 9.99034E-05 0.0409458 9.99034E-05 9.99034E-05
9.98857E-05 9.98857E-05 9.98857E-05 9.98857E-05 9.98857E-05 9.98857E-05 0.209064 9.98857E-05 9.98857E-05 9.98857E-05 0.0378618 0.664291 9.98857E-05 9.98857E-05 0.0874848 9.98857E-05 9.98857E-05
9.98771E-05 9.98771E-05 9.98771E-05 9.98771E-05 9.98771E-05 9.98771E-05 9.98771E-05 9.98771E-05 9.98771E-05 0.505608 9.98771E-05 0.385373 9.98771E-05 9.98771E-05 0.107621 9.98771E-05 9.98771E-05
9.9886E-05 9.9886E-05 9.9886E-05 9.9886E-05 9.9886E-05 9.9886E-05 0.0942656 9.9886E-05 9.9886E-05 0.13231 9.9886E-05 0.752196 9.9886E-05 9.9886E-05 0.01993 9.9886E-05 9.9886E-05
9.98773E-05 9.98773E-05 9.98773E-05 9.98773E-05 9.98773E-05 9.98773E-05 9.98773E-05 9.98773E-05 9.98773E-05 0.221936 9.98773E-05 0.691116 0.0855495 9.98773E-05 9.98773E-05 9.98773E-05 9.98773E-05
9.98859E-05 9.98859E-05 9.98859E-05 9.98859E-05 9.98859E-05 9.98859E-05 9.98859E-05 9.98859E-05 9.98859E-05 0.330237 9.98859E-05 0.612243 9.98859E-05 0.0247871 0.0314341 9.98859E-05 9.98859E-05
9.98858E-05 9.98858E-05 9.98858E-05 9.98858E-05 9.98858E-05 9.98858E-05 0.350542 9.98858E-05 9.98858E-05 9.98858E-05 9.98858E-05 0.505995 9.98858E-05 9.98858E-05 0.0631845 9.98858E-05 0.0789803
9.99035E-05 9.99035E-05 9.99035E-05 0.0244095 9.99035E-05 0.00597359 0.00531339 9.99035E-05 9.99035E-05 9.99035E-05 0.0678805 0.792622 9.99035E-05 9.99035E-05 0.102702 9.99035E-05 9.99035E-05
9.98947E-05 9.98947E-05 9.98947E-05 9.98947E-05 9.98947E-05 9.98947E-05 0.0511865 9.98947E-05 9.98947E-05 0.5494 9.98947E-05 0.138552 9.98947E-05 0.0991871 0.160476 9.98947E-05 9.98947E-05
9.98771E-05 9.98771E-05 9.98771E-05 9.98771E-05 9.98771E-05 9.98771E-05 0.079775 9.98771E-05 9.98771E-05 0.411958 9.98771E-05 0.506869 9.98771E-05 9.98771E-05 9.98771E-05 9.98771E-05 9.98771E-05
9.99121E-05 0.0735573 9.99121E-05 0.0736056 9.99121E-05 9.99121E-05 0.0308161 9.99121E-05 9.99121E-05 9.99121E-05 9.99121E-05 0.429936 9.99121E-05 0.0939925 0.159774 9.99121E-05 0.137319
9.99123E-05 9.99123E-05 0.00533656 9.99123E-05 9.99123E-05 9.99123E-05 0.169645 9.99123E-05 9.99123E-05 0.00910149 0.024519 0.689974 9.99123E-05 9.99123E-05 0.0590757 0.0413487 9.99123E-05
9.99124E-05 9.99124E-05 9.99124E-05 9.99124E-05 0.103798 9.99124E-05 0.0438988 9.99124E-05 9.99124E-05 0.0125052 0.0623675 0.538509 9.99124E-05 9.99124E-05 0.167179 9.99124E-05 0.0707432
9.98947E-05 9.98947E-05 9.98947E-05 9.98947E-05 9.98947E-05 0.00633928 0.272095 9.98947E-05 9.98947E-05 9.98947E-05 9.98947E-05 0.455218 9.98947E-05 9.98947E-05 0.261939 0.00321083 9.98947E-05
9.98684E-05 9.98684E-05 9.98684E-05 9.98684E-05 9.98684E-05 9.98684E-05 9.98684E-05 9.98684E-05 9.98684E-05 0.344317 9.98684E-05 0.654185 9.98684E-05 9.98684E-05 9.98684E-05 9.98684E-05 9.98684E-05
0.0452456 9.99121E-05 9.99121E-05 0.0681229 0.0301522 9.99121E-05 0.161922 9.99121E-05 0.0543809 9.99121E-05 9.99121E-05 0.638829 9.99121E-05 9.99121E-05 0.00034859 9.99121E-05 9.99121E-05
9.98859E-05 9.98859E-05 9.98859E-05 9.98859E-05 9.98859E-05 9.98859E-05 0.0326093 9.98859E-05 9.98859E-05 0.452898 9.98859E-05 0.42218 9.98859E-05 9.98859E-05 0.0910142 9.98859E-05 9.98859E-05
9.98948E-05 9.98948E-05 9.98948E-05 9.98948E-05 9.98948E-05 0.00434273 0.139522 9.98948E-05 9.98948E-05 0.119001 9.98948E-05 0.627537 9.98948E-05 9.98948E-05 0.108397 9.98948E-05 9.98948E-05
9.98859E-05 9.98859E-05 0.0917324 9.98859E-05 9.98859E-05 9.98859E-05 9.98859E-05 9.98859E-05 9.98859E-05 9.98859E-05 9.98859E-05 0.838518 9.98859E-05 9.98859E-05 0.0320661 9.98859E-05 0.0363847
0.128296 0.019279 9.98946E-05 9.98946E-05 9.98946E-05 0.0330706 9.98946E-05 9.98946E-05 9.98946E-05 9.98946E-05 0.0043989 0.813757 9.98946E-05 9.98946E-05 9.98946E-05 9.98946E-05 9.98946E-05
9.98858E-05 9.98858E-05 9.98858E-05 9.98858E-05 9.98858E-05 9.98858E-05 0.126949 9.98858E-05 9.98858E-05 9.98858E-05 9.98858E-05 0.513731 9.98858E-05 9.98858E-05 0.17566 9.98858E-05 0.182361
9.98771E-05 9.98771E-05 9.98771E-05 9.98771E-05 9.98771E-05 9.98771E-05 0.0802347 9.98771E-05 9.98771E-05 9.98771E-05 9.98771E-05 0.773728 9.98771E-05 9.98771E-05 0.144639 9.98771E-05 9.98771E-05
9.98683E-05 9.98683E-05 9.98683E-05 9.98683E-05 9.98683E-05 0.00410386 9.98683E-05 9.98683E-05 9.98683E-05 9.98683E-05 9.98683E-05 0.994398 9.98683E-05 9.98683E-05 9.98683E-05 9.98683E-05 9.98683E-05
9.9886E-05 9.9886E-05 9.9886E-05 9.9886E-05 9.9886E-05 9.9886E-05 0.033288 9.9886E-05 9.9886E-05 0.0158131 9.9886E-05 0.860227 9.9886E-05 0.0893734 9.9886E-05 9.9886E-05 9.9886E-05
9.98947E-05 9.98947E-05 9.98947E-05 9.98947E-05 9.98947E-05 9.98947E-05 0.0233589 9.98947E-05 9.98947E-05 0.0836084 9.98947E-05 0.696858 9.98947E-05 9.98947E-05 0.0888353 9.98947E-05 0.106141
9.98594E-05 9.98594E-05 9.98594E-05 9.98594E-05 9.98594E-05 9.98594E-05 0.998402 9.98594E-05 9.98594E-05 9.98594E-05 9.98594E-05 9.98594E-05 9.98594E-05 9.98594E-05 9.98594E-05 9.98594E-05 9.98594E-05
9.98594E-05 9.98594E-05 9.98594E-05 9.98594E-05 9.98594E-05 9.98594E-05 9.98594E-05 9.98594E-05 9.98594E-05 9.98594E-05 9.98594E-05 9.98594E-05 9.98594E-05 9.98594E-05 0.998402 9.98594E-05 9.98594E-05
9.98593E-05 9.98593E-05 9.98593E-05 9.98593E-05 9.98593E-05 9.98593E-05 0.998402 9.98593E-05 9.98593E-05 9.98593E-05 9.98593E-05 9.98593E-05 9.98593E-05 9.98593E-05 9.98593E-05 9.98593E-05 9.98593E-05
9.98592E-05 9.98592E-05 9.98592E-05 9.98592E-05 9.98592E-05 9.98592E-05 9.98592E-05 9.98592E-05 9.98592E-05 9.98592E-05 9.98592E-05 9.98592E-05 9.98592E-05 9.98592E-05 0.998402 9.98592E-05 9.98592E-05
9.98593E-05 9.98593E-05 9.98593E-05 9.98593E-05 9.98593E-05 9.98593E-05 9.98593E-05 9.98593E-05 9.98593E-05 9.98593E-05 9.98593E-05 9.98593E-05 9.98593E-05 9.98593E-05 0.998402 9.98593E-05 9.98593E-05
9.98593E-05 9.98593E-05 9.98593E-05 9.98593E-05 9.98593E-05 9.98593E-05 9.98593E-05 9.98593E-05 9.98593E-05 9.98593E-05 9.98593E-05 9.98593E-05 9.98593E-05 9.98593E-05 0.998402 9.98593E-05 9.98593E-05
9.98593E-05 9.98593E-05 9.98593E-05 9.98593E-05 9.98593E-05 9.98593E-05 0.998402 9.98593E-05 9.98593E-05 9.98593E-05 9.98593E-05 9.98593E-05 9.98593E-05 9.98593E-05 9.98593E-05 9.98593E-05 9.98593E-05
9.98593E-05 9.98593E-05 9.98593E-05 9.98593E-05 9.98593E-05 9.98593E-05 9.98593E-05 9.98593E-05 9.98593E-05 9.98593E-05 9.98593E-05 9.98593E-05 9.98593E-05 9.98593E-05 0.998402 9.98593E-05 9.98593E-05
9.98593E-05 9.98593E-05 9.98593E-05 9.98593E-05 9.98593E-05 9.98593E-05 9.98593E-05 9.98593E-05 9.98593E-05 9.98593E-05 9.98593E-05 9.98593E-05 9.98593E-05 9.98593E-05 0.998402 9.98593E-05 9.98593E-05
9.98592E-05 9.98592E-05 9.98592E-05 9.98592E-05 9.98592E-05 9.98592E-05 0.998402 9.98592E-05 9.98592E-05 9.98592E-05 9.98592E-05 9.98592E-05 9.98592E-05 9.98592E-05 9.98592E-05 9.98592E-05 9.98592E-05
9.98594E-05 9.98594E-05 9.98594E-05 9.98594E-05 9.98594E-05 9.98594E-05 0.998402 9.98594E-05 9.98594E-05 9.98594E-05 9.98594E-05 9.98594E-05 9.98594E-05 9.98594E-05 9.98594E-05 9.98594E-05 9.98594E-05
9.98593E-05 9.98593E-05 9.98593E-05 9.98593E-05 9.98593E-05 9.98593E-05 0.998402 9.98593E-05 9.98593E-05 9.98593E-05 9.98593E-05 9.98593E-05 9.98593E-05 9.98593E-05 9.98593E-05 9.98593E-05 9.98593E-05
9.98593E-05 9.98593E-05 9.98593E-05 9.98593E-05 9.98593E-05 9.98593E-05 9.98593E-05 9.98593E-05 9.98593E-05 9.98593E-05 9.98593E-05 9.98593E-05 9.98593E-05 9.98593E-05 0.998402 9.98593E-05 9.98593E-05
9.98592E-05 9.98592E-05 9.98592E-05 9.98592E-05 9.98592E-05 9.98592E-05 9.98592E-05 9.98592E-05 9.98592E-05 9.98592E-05 9.98592E-05 9.98592E-05 9.98592E-05 9.98592E-05 0.998402 9.98592E-05 9.98592E-05
9.98593E-05 9.98593E-05 9.98593E-05 9.98593E-05 9.98593E-05 9.98593E-05 0.998402 9.98593E-05 9.98593E-05 9.98593E-05 9.98593E-05 9.98593E-05 9.98593E-05 9.98593E-05 9.98593E-05 9.98593E-05 9.98593E-05
9.98592E-05 9.98592E-05 9.98592E-05 9.98592E-05 9.98592E-05 9.98592E-05 0.998402 9.98592E-05 9.98592E-05 9.98592E-05 9.98592E-05 9.98592E-05 9.98592E-05 9.98592E-05 9.98592E-05 9.98592E-05 9.98592E-05
0.0959828 9.99122E-05 9.99122E-05 9.99122E-05 0.0654618 9.99122E-05 0.0611359 9.99122E-05 0.0905451 9.99122E-05 9.99122E-05 0.628241 9.99122E-05 0.0300446 0.02759 9.99122E-05 9.99122E-05
9.98593E-05 9.98593E-05 9.98593E-05 9.98593E-05 9.98593E-05 9.98593E-05 0.998402 9.98593E-05 9.98593E-05 9.98593E-05 9.98593E-05 9.98593E-05 9.98593E-05 9.98593E-05 9.98593E-05 9.98593E-05 9.98593E-05
9.98593E-05 9.98593E-05 9.98593E-05 9.98593E-05 9.98593E-05 9.98593E-05 9.98593E-05 9.98593E-05 9.98593E-05 9.98593E-05 9.98593E-05 9.98593E-05 9.98593E-05 9.98593E-05 0.998402 9.98593E-05 9.98593E-05
9.98593E-05 9.98593E-05 9.98593E-05 9.98593E-05 9.98593E-05 9.98593E-05 0.998402 9.98593E-05 9.98593E-05 9.98593E-05 9.98593E-05 9.98593E-05 9.98593E-05 9.98593E-05 9.98593E-05 9.98593E-05 9.98593E-05
9.98593E-05 9.98593E-05 9.98593E-05 9.98593E-05 9.98593E-05 9.98593E-05 0.998402 9.98593E-05 9.98593E-05 9.98593E-05 9.98593E-05 9.98593E-05 9.98593E-05 9.98593E-05 9.98593E-05 9.98593E-05 9.98593E-05
9.98593E-05 9.98593E-05 9.98593E-05 9.98593E-05 9.98593E-05 9.98593E-05 0.998402 9.98593E-05 9.98593E-05 9.98593E-05 9.98593E-05 9.98593E-05 9.98593E-05 9.98593E-05 9.98593E-05 9.98593E-05 9.98593E-05
9.98592E-05 9.98592E-05 9.98592E-05 9.98592E-05 9.98592E-05 9.98592E-05 9.98592E-05 9.98592E-05 9.98592E-05 9.98592E-05 9.98592E-05 9.98592E-05 9.98592E-05 9.98592E-05 0.998402 9.98592E-05 9.98592E-05
9.98593E-05 9.98593E-05 9.98593E-05 9.98593E-05 9.98593E-05 9.98593E-05 0.998402 9.98593E-05 9.98593E-05 9.98593E-05 9.98593E-05 9.98593E-05 9.98593E-05 9.98593E-05 9.98593E-05 9.98593E-05 9.98593E-05
9.98594E-05 9.98594E-05 9.98594E-05 9.98594E-05 9.98594E-05 9.98594E-05 9.98594E-05 9.98594E-05 9.98594E-05 9.98594E-05 9.98594E-05 9.98594E-05 9.98594E-05 9.98594E-05 0.998402 9.98594E-05 9.98594E-05
9.98593E-05 9.98593E-05 9.98593E-05 9.98593E-05 9.98593E-05 9.98593E-05 0.998402 9.98593E-05 9.98593E-05 9.98593E-05 9.98593E-05 9.98593E-05 9.98593E-05 9.98593E-05 9.98593E-05 9.98593E-05 9.98593E-05
9.98593E-05 9.98593E-05 9.98593E-05 9.98593E-05 9.98593E-05 9.98593E-05 0.998402 9.98593E-05 9.98593E-05 9.98593E-05 9.98593E-05 9.98593E-05 9.98593E-05 9.98593E-05 9.98593E-05 9.98593E-05 9.98593E-05
9.98593E-05 9.98593E-05 9.98593E-05 9.98593E-05 9.98593E-05 9.98593E-05 9.98593E-05 9.98593E-05 9.98593E-05 9.98593E-05 9.98593E-05 9.98593E-05 9.98593E-05 9.98593E-05 0.998402 9.98593E-05 9.98593E-05
9.98593E-05 9.98593E-05 9.98593E-05 9.98593E-05 9.98593E-05 9.98593E-05 9.98593E-05 9.98593E-05 9.98593E-05 9.98593E-05 9.98593E-05 9.98593E-05 9.98593E-05 9.98593E-05 0.998402 9.98593E-05 9.98593E-05
9.98594E-05 9.98594E-05 9.98594E-05 9.98594E-05 9.98594E-05 9.98594E-05 9.98594E-05 9.98594E-05 9.98594E-05 9.98594E-05 9.98594E-05 9.98594E-05 9.98594E-05 9.98594E-05 0.998402 9.98594E-05 9.98594E-05
9.98593E-05 9.98593E-05 9.98593E-05 9.98593E-05 9.98593E-05 9.98593E-05 0.998402 9.98593E-05 9.98593E-05 9.98593E-05 9.98593E-05 9.98593E-05 9.98593E-05 9.98593E-05 9.98593E-05 9.98593E-05 9.98593E-05
9.98594E-05 9.98594E-05 9.98594E-05 9.98594E-05 9.98594E-05 9.98594E-05 0.998402 9.98594E-05 9.98594E-05 9.98594E-05 9.98594E-05 9.98594E-05 9.98594E-05 9.98594E-05 9.98594E-05 9.98594E-05 9.98594E-05
9.98593E-05 9.98593E-05 9.98593E-05 9.98593E-05 9.98593E-05 9.98593E-05 0.998402 9.98593E-05 9.98593E-05 9.98593E-05 9.98593E-05 9.98593E-05 9.98593E-05 9.98593E-05 9.98593E-05 9.98593E-05 9.98593E-05
9.98593E-05 9.98593E-05 9.98593E-05 9.98593E-05 9.98593E-05 9.98593E-05 0.998402 9.98593E-05 9.98593E-05 9.98593E-05 9.98593E-05 9.98593E-05 9.98593E-05 9.98593E-05 9.98593E-05 9.98593E-05 9.98593E-05
9.98592E-05 9.98592E-05 9.98592E-05 9.98592E-05 9.98592E-05 9.98592E-05 0.998402 9.98592E-05 9.98592E-05 9.98592E-05 9.98592E-05 9.98592E-05 9.98592E-05 9.98592E-05 9.98592E-05 9.98592E-05 9.98592E-05
9.98593E-05 9.98593E-05 9.98593E-05 9.98593E-05 9.98593E-05 9.98593E-05 9.98593E-05 9.98593E-05 9.98593E-05 9.98593E-05 9.98593E-05 9.98593E-05 9.98593E-05 9.98593E-05 0.998402 9.98593E-05 9.98593E-05
9.98593E-05 9.98593E-05 9.98593E-05 9.98593E-05 9.98593E-05 9.98593E-05 9.98593E-05 9.98593E-05 9.98593E-05 9.98593E-05 9.98593E-05 9.98593E-05 9.98593E-05 9.98593E-05 0.998402 9.98593E-05 9.98593E-05
9.98593E-05 9.98593E-05 9.98593E-05 9.98593E-05 9.98593E-05 9.98593E-05 9.98593E-05 9.98593E-05 9.98593E-05 9.98593E-05 9.98593E-05 9.98593E-05 9.98593E-05 9.98593E-05 0.998402 9.98593E-05 9.98593E-05
9.98593E-05 9.98593E-05 9.98593E-05 9.98593E-05 9.98593E-05 9.98593E-05 0.998402 9.98593E-05 9.98593E-05 9.98593E-05 9.98593E-05 9.98593E-05 9.98593E-05 9.98593E-05 9.98593E-05 9.98593E-05 9.98593E-05
9.98594E-05 9.98594E-05 9.98594E-05 9.98594E-05 9.98594E-05 9.98594E-05 9.98594E-05 9.98594E-05 9.98594E-05 9.98594E-05 9.98594E-05 9.98594E-05 9.98594E-05 9.98594E-05 0.998402 9.98594E-05 9.98594E-05
9.98594E-05 9.98594E-05 9.98594E-05 9.98594E-05 9.98594E-05 9.98594E-05 9.98594E-05 9.98594E-05 9.98594E-05 9.98594E-05 9.98594E-05 9.98594E-05 9.98594E-05 9.98594E-05 0.998402 9.98594E-05 9.98594E-05
9.98593E-05 9.98593E-05 9.98593E-05 9.98593E-05 9.98593E-05 9.98593E-05 9.98593E-05 9.98593E-05 9.98593E-05 9.98593E-05 9.98593E-05 9.98593E-05 9.98593E-05 9.98593E-05 0.998402 9.98593E-05 9.98593E-05
9.98593E-05 9.98593E-05 9.98593E-05 9.98593E-05 9.98593E-05 9.98593E-05 9.98593E-05 9.98593E-05 9.98593E-05 9.98593E-05 9.98593E-05 9.98593E-05 9.98593E-05 9.98593E-05 0.998402 9.98593E-05 9.98593E-05
9.98592E-05 9.98592E-05 9.98592E-05 9.98592E-05 9.98592E-05 9.98592E-05 0.998402 9.98592E-05 9.98592E-05 9.98592E-05 9.98592E-05 9.98592E-05 9.98592E-05 9.98592E-05 9.98592E-05 9.98592E-05 9.98592E-05
9.98594E-05 9.98594E-05 9.98594E-05 9.98594E-05 9.98594E-05 9.98594E-05 9.98594E-05 9.98594E-05 9.98594E-05 9.98594E-05 9.98594E-05 9.98594E-05 9.98594E-05 9.98594E-05 0.998402 9.98594E-05 9.98594E-05
9.98593E-05 9.98593E-05 9.98593E-05 9.98593E-05 9.98593E-05 9.98593E-05 9.98593E-05 9.98593E-05 9.98593E-05 9.98593E-05 9.98593E-05 9.98593E-05 9.98593E-05 9.98593E-05 0.998402 9.98593E-05 9.98593E-05
0.209928 9.99034E-05 9.99034E-05 9.99034E-05 0.0108004 9.99034E-05 0.114074 9.99034E-05 0.0514325 9.99034E-05 9.99034E-05 0.553537 9.99034E-05 9.99034E-05 0.0591287 9.99034E-05 9.99034E-05
9.98593E-05 9.98593E-05 9.98593E-05 9.98593E-05 9.98593E-05 9.98593E-05 0.998402 9.98593E-05 9.98593E-05 9.98593E-05 9.98593E-05 9.98593E-05 9.98593E-05 9.98593E-05 9.98593E-05 9.98593E-05 9.98593E-05
9.98594E-05 9.98594E-05 9.98594E-05 9.98594E-05 9.98594E-05 9.98594E-05 9.98594E-05 9.98594E-05 9.98594E-05 9.98594E-05 9.98594E-05 9.98594E-05 9.98594E-05 9.98594E-05 0.998402 9.98594E-05 9.98594E-05
9.98595E-05 9.98595E-05 9.98595E-05 9.98595E-05 9.98595E-05 9.98595E-05 9.98595E-05 9.98595E-05 9.98595E-05 9.98595E-05 9.98595E-05 9.98595E-05 9.98595E-05 9.98595E-05 0.998402 9.98595E-05 9.98595E-05
9.98593E-05 9.98593E-05 9.98593E-05 9.98593E-05 9.98593E-05 9.98593E-05 9.98593E-05 9.98593E-05 9.98593E-05 9.98593E-05 9.98593E-05 9.98593E-05 9.98593E-05 9.98593E-05 0.998402 9.98593E-05 9.98593E-05
9.98593E-05 9.98593E-05 9.98593E-05 9.98593E-05 9.98593E-05 9.98593E-05 9.98593E-05 9.98593E-05 9.98593E-05 9.98593E-05 9.98593E-05 9.98593E-05 9.98593E-05 9.98593E-05 0.998402 9.98593E-05 9.98593E-05
9.98592E-05 9.98592E-05 9.98592E-05 9.98592E-05 9.98592E-05 9.98592E-05 0.998402 9.98592E-05 9.98592E-05 9.98592E-05 9.98592E-05 9.98592E-05 9.98592E-05 9.98592E-05 9.98592E-05 9.98592E-05 9.98592E-05
9.98592E-05 9.98592E-05 9.98592E-05 9.98592E-05 9.98592E-05 9.98592E-05 9.98592E-05 9.98592E-05 9.98592E-05 9.98592E-05 9.98592E-05 9.98592E-05 9.98592E-05 9.98592E-05 0.998402 9.98592E-05 9.98592E-05
9.98593E-05 9.98593E-05 9.98593E-05 9.98593E-05 9.98593E-05 9.98593E-05 0.998402 9.98593E-05 9.98593E-05 9.98593E-05 9.98593E-05 9.98593E-05 9.98593E-05 9.98593E-05 9.98593E-05 9.98593E-05 9.98593E-05
9.98593E-05 9.98593E-05 9.98593E-05 9.98593E-05 9.98593E-05 9.98593E-05 9.98593E-05 9.98593E-05 9.98593E-05 9.98593E-05 9.98593E-05 9.98593E-05 9.98593E-05 9.98593E-05 0.998402 9.98593E-05 9.98593E-05
9.98593E-05 9.98593E-05 9.98593E-05 9.98593E-05 9.98593E-05 9.98593E-05 0.998402 9.98593E-05 9.98593E-05 9.98593E-05 9.98593E-05 9.98593E-05 9.98593E-05 9.98593E-05 9.98593E-05 9.98593E-05 9.98593E-05
9.98594E-05 9.98594E-05 9.98594E-05 9.98594E-05 9.98594E-05 9.98594E-05 9.98594E-05 9.98594E-05 9.98594E-05 9.98594E-05 9.98594E-05 9.98594E-05 9.98594E-05 9.98594E-05 0.998402 9.98594E-05 9.98594E-05
9.98594E-05 9.98594E-05 9.98594E-05 9.98594E-05 9.98594E-05 9.98594E-05 9.98594E-05 9.98594E-05 9.98594E-05 9.98594E-05 9.98594E-05 9.98594E-05 9.98594E-05 9.98594E-05 0.998402 9.98594E-05 9.98594E-05
