0.0303127 9.98596E-05 9.98596E-05 9.98596E-05 9.98596E-05 9.98596E-05 0.142144 9.98596E-05 0.0145197 0.387388 0.0674339 9.98596E-05 9.98596E-05 9.98596E-05 9.98596E-05 0.266817 0.0558255 9.98596E-05 9.98596E-05 9.98596E-05 9.98596E-05 9.98596E-05 0.0339618 9.98596E-05
9.98596E-05 0.16913 9.98596E-05 9.98596E-05 9.98596E-05 0.213156 9.98596E-05 9.98596E-05 0.00537245 0.40756 0.0837491 9.98596E-05 9.98596E-05 9.98596E-05 9.98596E-05 0.0355195 9.98596E-05 9.98596E-05 9.98596E-05 0.00578727 9.98596E-05 0.0781271 9.98596E-05 9.98596E-05
9.98246E-05 9.98246E-05 9.98246E-05 0.046402 9.98246E-05 0.808812 9.98246E-05 9.98246E-05 9.98246E-05 0.131392 9.98246E-05 9.98246E-05 9.98246E-05 9.98246E-05 9.98246E-05 9.98246E-05 9.98246E-05 9.98246E-05 9.98246E-05 9.98246E-05 9.98246E-05 9.98246E-05 9.98246E-05 0.0113972
9.98771E-05 9.98771E-05 9.98771E-05 9.98771E-05 0.0212857 9.98771E-05 0.130433 9.98771E-05 0.00644275 0.320088 9.98771E-05 0.000886107 0.0490852 9.98771E-05 9.98771E-05 9.98771E-05 9.98771E-05 0.141048 9.98771E-05 0.267218 9.98771E-05 0.0272102 0.0349048 9.98771E-05
9.98334E-05 9.98334E-05 9.98334E-05 0.0394517 0.0760934 0.373368 9.98334E-05 9.98334E-05 9.98334E-05 0.506224 9.98334E-05 9.98334E-05 9.98334E-05 9.98334E-05 9.98334E-05 9.98334E-05 9.98334E-05 9.98334E-05 9.98334E-05 9.98334E-05 0.00296597 9.98334E-05 9.98334E-05 9.98334E-05
9.98684E-05 9.98684E-05 9.98684E-05 0.0133235 0.125596 0.0779599 9.98684E-05 9.98684E-05 9.98684E-05 0.139501 0.00518097 0.141148 9.98684E-05 9.98684E-05 9.98684E-05 0.280211 9.98684E-05 0.185192 9.98684E-05 9.98684E-05 9.98684E-05 0.0303883 9.98684E-05 9.98684E-05
9.98772E-05 9.98772E-05 9.98772E-05 9.98772E-05 0.0297403 9.98772E-05 0.0957789 9.98772E-05 9.98772E-05 0.322941 0.070784 9.98772E-05 9.98772E-05 9.98772E-05 9.98772E-05 0.13899 0.0173502 9.98772E-05 9.98772E-05 0.0574817 0.0459584 0.0828163 9.98772E-05 0.136761
0.15865 9.98684E-05 9.98684E-05 0.132084 0.0162367 9.98684E-05 0.174608 9.98684E-05 9.98684E-05 0.288245 9.98684E-05 0.133806 0.00194349 9.98684E-05 0.0582842 9.98684E-05 9.98684E-05 0.0346454 9.98684E-05 9.98684E-05 9.98684E-05 9.98684E-05 9.98684E-05 9.98684E-05
0.0354442 9.98596E-05 9.98596E-05 9.98596E-05 9.98596E-05 0.11476 9.98596E-05 9.98596E-05 0.193397 0.192686 9.98596E-05 0.227688 0.0848179 9.98596E-05 9.98596E-05 9.98596E-05 0.137631 9.98596E-05 9.98596E-05 9.98596E-05 9.98596E-05 9.98596E-05 0.0119792 9.98596E-05
9.98244E-05 9.98244E-05 9.98244E-05 9.98244E-05 9.98244E-05 0.58232 9.98244E-05 9.98244E-05 0.0311438 0.359216 9.98244E-05 9.98244E-05 9.98244E-05 9.98244E-05 9.98244E-05 9.98244E-05 9.98244E-05 9.98244E-05 0.0253232 9.98244E-05 9.98244E-05 9.98244E-05 9.98244E-05 9.98244E-05
9.98509E-05 9.98509E-05 9.98509E-05 9.98509E-05 9.98509E-05 9.98509E-05 0.0318974 9.98509E-05 0.151177 0.518836 9.98509E-05 9.98509E-05 9.98509E-05 9.98509E-05 9.98509E-05 0.087287 9.98509E-05 0.0375066 9.98509E-05 9.98509E-05 9.98509E-05 0.116576 0.0550214 9.98509E-05
9.9807E-05 9.9807E-05 9.9807E-05 9.9807E-05 9.9807E-05 0.984887 9.9807E-05 9.9807E-05 9.9807E-05 9.9807E-05 9.9807E-05 9.9807E-05 9.9807E-05 9.9807E-05 9.9807E-05 9.9807E-05 9.9807E-05 9.9807E-05 9.9807E-05 0.0129168 9.9807E-05 9.9807E-05 9.9807E-05 9.9807E-05
9.98157E-05 9.98157E-05 9.98157E-05 9.98157E-05 9.98157E-05 9.98157E-05 0.0436571 9.98157E-05 0.0327928 0.921454 9.98157E-05 9.98157E-05 9.98157E-05 9.98157E-05 9.98157E-05 9.98157E-05 9.98157E-05 9.98157E-05 9.98157E-05 9.98157E-05 9.98157E-05 9.98157E-05 9.98157E-05 9.98157E-05
9.98419E-05 9.98419E-05 0.183536 9.98419E-05 9.98419E-05 9.98419E-05 9.98419E-05 0.0529715 0.0540107 0.690795 9.98419E-05 9.98419E-05 9.98419E-05 9.98419E-05 9.98419E-05 9.98419E-05 9.98419E-05 9.98419E-05 9.98419E-05 9.98419E-05 9.98419E-05 0.00968034 9.98419E-05 0.00720925
0.0188967 9.98947E-05 9.98947E-05 9.98947E-05 0.012549 0.33307 0.0535918 0.0169341 0.0131702 9.98947E-05 0.0326102 0.0899035 9.98947E-05 9.98947E-05 9.98947E-05 0.282773 0.02241 0.0764624 9.98947E-05 9.98947E-05 0.04643 9.98947E-05 9.98947E-05 9.98947E-05
9.98595E-05 9.98595E-05 9.98595E-05 9.98595E-05 9.98595E-05 9.98595E-05 0.107545 9.98595E-05 0.111768 0.192017 9.98595E-05 0.1314 0.0823865 9.98595E-05 0.128284 0.174422 9.98595E-05 9.98595E-05 9.98595E-05 0.0705787 9.98595E-05 9.98595E-05 9.98595E-05 9.98595E-05
9.98597E-05 9.98597E-05 9.98597E-05 9.98597E-05 9.98597E-05 0.634559 0.0142664 9.98597E-05 0.035896 9.98597E-05 0.0769755 9.98597E-05 0.0466771 0.127289 9.98597E-05 9.98597E-05 9.98597E-05 9.98597E-05 9.98597E-05 0.0293319 9.98597E-05 0.0334077 9.98597E-05 9.98597E-05
9.9842E-05 9.9842E-05 9.9842E-05 9.9842E-05 9.9842E-05 9.9842E-05 0.165142 9.9842E-05 0.0665013 0.190972 9.9842E-05 9.9842E-05 9.9842E-05 9.9842E-05 9.9842E-05 0.315235 9.9842E-05 9.9842E-05 0.147351 9.9842E-05 9.9842E-05 9.9842E-05 0.113002 9.9842E-05
9.98507E-05 9.98507E-05 9.98507E-05 9.98507E-05 0.161898 0.212862 0.221899 0.0286593 0.157738 0.114519 9.98507E-05 0.100727 9.98507E-05 9.98507E-05 9.98507E-05 9.98507E-05 9.98507E-05 9.98507E-05 9.98507E-05 9.98507E-05 9.98507E-05 9.98507E-05 9.98507E-05 9.98507E-05
9.98071E-05 9.98071E-05 9.98071E-05 9.98071E-05 9.98071E-05 0.558303 9.98071E-05 9.98071E-05 9.98071E-05 0.439502 9.98071E-05 9.98071E-05 9.98071E-05 9.98071E-05 9.98071E-05 9.98071E-05 9.98071E-05 9.98071E-05 9.98071E-05 9.98071E-05 9.98071E-05 9.98071E-05 9.98071E-05 9.98071E-05
9.9842E-05 9.9842E-05 9.9842E-05 9.9842E-05 9.9842E-05 9.9842E-05 9.9842E-05 9.9842E-05 0.00439963 0.532818 9.9842E-05 0.0797972 0.273036 9.9842E-05 0.0805299 9.9842E-05 9.9842E-05 9.9842E-05 9.9842E-05 9.9842E-05 9.9842E-05 0.0276231 9.9842E-05 9.9842E-05
9.98509E-05 9.98509E-05 0.0272269 0.0386658 0.0649431 0.257669 0.285409 9.98509E-05 9.98509E-05 9.98509E-05 9.98509E-05 0.178473 9.98509E-05 9.98509E-05 9.98509E-05 9.98509E-05 9.98509E-05 9.98509E-05 9.98509E-05 9.98509E-05 0.145916 9.98509E-05 9.98509E-05 9.98509E-05
9.98334E-05 9.98334E-05 9.98334E-05 9.98334E-05 9.98334E-05 9.98334E-05 9.98334E-05 9.98334E-05 0.133131 0.649175 9.98334E-05 9.98334E-05 9.98334E-05 9.98334E-05 9.98334E-05 0.205634 9.98334E-05 0.00255582 9.98334E-05 9.98334E-05 9.98334E-05 0.00760803 9.98334E-05 9.98334E-05
9.98245E-05 9.98245E-05 9.98245E-05 9.98245E-05 9.98245E-05 9.98245E-05 0.288348 9.98245E-05 0.247401 0.440908 9.98245E-05 9.98245E-05 9.98245E-05 9.98245E-05 0.0213461 9.98245E-05 9.98245E-05 9.98245E-05 9.98245E-05 9.98245E-05 9.98245E-05 9.98245E-05 9.98245E-05 9.98245E-05
9.98771E-05 9.98771E-05 0.0134288 9.98771E-05 9.98771E-05 9.98771E-05 0.0914503 0.099329 0.276788 0.325883 9.98771E-05 0.0040322 9.98771E-05 9.98771E-05 9.98771E-05 9.98771E-05 0.00546305 0.0803865 9.98771E-05 9.98771E-05 9.98771E-05 0.0183926 0.083448 9.98771E-05
9.98596E-05 9.98596E-05 9.98596E-05 9.98596E-05 9.98596E-05 0.285759 0.0482015 0.0239678 0.1427 0.380478 9.98596E-05 0.00917711 9.98596E-05 9.98596E-05 9.98596E-05 9.98596E-05 9.98596E-05 0.0749444 9.98596E-05 9.98596E-05 0.0331747 9.98596E-05 9.98596E-05 9.98596E-05
9.98508E-05 9.98508E-05 9.98508E-05 9.98508E-05 9.98508E-05 0.0161833 0.22382 9.98508E-05 0.02047 9.98508E-05 9.98508E-05 9.98508E-05 9.98508E-05 9.98508E-05 0.062147 9.98508E-05 9.98508E-05 0.287349 0.128359 9.98508E-05 0.259974 9.98508E-05 9.98508E-05 9.98508E-05
9.98246E-05 9.98246E-05 9.98246E-05 9.98246E-05 0.0122173 9.98246E-05 0.0866199 9.98246E-05 9.98246E-05 0.865115 9.98246E-05 9.98246E-05 9.98246E-05 9.98246E-05 9.98246E-05 9.98246E-05 9.98246E-05 9.98246E-05 9.98246E-05 0.0340509 9.98246E-05 9.98246E-05 9.98246E-05 9.98246E-05
9.98245E-05 0.27896 9.98245E-05 9.98245E-05 9.98245E-05 0.510486 0.059044 9.98245E-05 0.149514 9.98245E-05 9.98245E-05 9.98245E-05 9.98245E-05 9.98245E-05 9.98245E-05 9.98245E-05 9.98245E-05 9.98245E-05 9.98245E-05 9.98245E-05 9.98245E-05 9.98245E-05 9.98245E-05 9.98245E-05
9.98509E-05 9.98509E-05 9.98509E-05 9.98509E-05 0.0186152 0.437298 9.98509E-05 9.98509E-05 0.0272817 0.321495 9.98509E-05 0.0592051 9.98509E-05 9.98509E-05 9.98509E-05 0.124128 9.98509E-05 9.98509E-05 9.98509E-05 9.98509E-05 9.98509E-05 9.98509E-05 9.98509E-05 0.01028
9.98508E-05 9.98508E-05 9.98508E-05 9.98508E-05 0.0011329 0.544565 9.98508E-05 0.042901 9.98508E-05 0.157311 9.98508E-05 9.98508E-05 9.98508E-05 9.98508E-05 9.98508E-05 0.0572409 9.98508E-05 9.98508E-05 9.98508E-05 9.98508E-05 0.117362 0.0777887 9.98508E-05 9.98508E-05
9.98685E-05 9.98685E-05 0.0288384 9.98685E-05 0.0684675 9.98685E-05 0.0147547 9.98685E-05 0.0208978 0.555605 9.98685E-05 9.98685E-05 9.98685E-05 9.98685E-05 9.98685E-05 0.011422 9.98685E-05 0.174431 9.98685E-05 0.0411685 9.98685E-05 0.0829167 9.98685E-05 9.98685E-05
9.98508E-05 9.98508E-05 9.98508E-05 9.98508E-05 9.98508E-05 9.98508E-05 0.0787681 9.98508E-05 0.117193 0.528754 9.98508E-05 9.98508E-05 9.98508E-05 9.98508E-05 0.0354068 0.132676 9.98508E-05 0.0239991 9.98508E-05 9.98508E-05 9.98508E-05 0.0815051 9.98508E-05 9.98508E-05
9.98772E-05 9.98772E-05 9.98772E-05 0.0281632 9.98772E-05 0.590831 0.0846879 9.98772E-05 0.0789741 9.98772E-05 9.98772E-05 9.98772E-05 9.98772E-05 9.98772E-05 9.98772E-05 9.98772E-05 0.0278886 0.0902994 0.0190052 0.0211023 9.98772E-05 0.0215675 9.98772E-05 0.0360823
9.98335E-05 0.0608451 9.98335E-05 9.98335E-05 0.0379317 0.829137 9.98335E-05 9.98335E-05 9.98335E-05 9.98335E-05 0.01978 9.98335E-05 9.98335E-05 9.98335E-05 9.98335E-05 9.98335E-05 9.98335E-05 9.98335E-05 9.98335E-05 9.98335E-05 9.98335E-05 0.0504096 9.98335E-05 9.98335E-05
9.98596E-05 0.166182 9.98596E-05 9.98596E-05 9.98596E-05 0.317622 0.031886 9.98596E-05 9.98596E-05 0.31821 9.98596E-05 0.0272143 0.0294223 9.98596E-05 9.98596E-05 9.98596E-05 0.0470398 9.98596E-05 9.98596E-05 0.0608265 9.98596E-05 9.98596E-05 9.98596E-05 9.98596E-05
9.98335E-05 0.0414618 9.98335E-05 9.98335E-05 0.0988719 0.0202951 9.98335E-05 9.98335E-05 9.98335E-05 0.828061 9.98335E-05 9.98335E-05 9.98335E-05 9.98335E-05 9.98335E-05 9.98335E-05 9.98335E-05 9.98335E-05 9.98335E-05 9.98335E-05 9.98335E-05 9.98335E-05 9.98335E-05 0.00941336
9.98422E-05 9.98422E-05 9.98422E-05 9.98422E-05 9.98422E-05 0.34503 9.98422E-05 9.98422E-05 0.0511392 0.383887 0.0473153 0.139328 9.98422E-05 9.98422E-05 9.98422E-05 9.98422E-05 9.98422E-05 9.98422E-05 9.98422E-05 9.98422E-05 9.98422E-05 9.98422E-05 0.0315025 9.98422E-05
9.98686E-05 9.98686E-05 9.98686E-05 0.057178 9.98686E-05 0.550801 0.0556826 9.98686E-05 0.123764 9.98686E-05 0.0584908 0.0194967 9.98686E-05 0.0846263 0.00902018 9.98686E-05 9.98686E-05 9.98686E-05 9.98686E-05 9.98686E-05 9.98686E-05 0.0394424 9.98686E-05 9.98686E-05
9.98596E-05 9.98596E-05 0.0821164 9.98596E-05 0.00540022 0.63779 0.0150003 9.98596E-05 0.118716 9.98596E-05 9.98596E-05 9.98596E-05 9.98596E-05 9.98596E-05 0.0891136 9.98596E-05 9.98596E-05 0.0458534 9.98596E-05 9.98596E-05 9.98596E-05 9.98596E-05 9.98596E-05 0.00441339
9.98333E-05 9.98333E-05 9.98333E-05 9.98333E-05 9.98333E-05 0.930804 0.00187804 9.98333E-05 0.025898 9.98333E-05 9.98333E-05 0.0368155 9.98333E-05 9.98333E-05 9.98333E-05 9.98333E-05 9.98333E-05 9.98333E-05 9.98333E-05 9.98333E-05 0.00270738 9.98333E-05 9.98333E-05 9.98333E-05
9.98248E-05 9.98248E-05 9.98248E-05 9.98248E-05 9.98248E-05 0.683674 0.134884 9.98248E-05 0.0105498 9.98248E-05 9.98248E-05 9.98248E-05 9.98248E-05 9.98248E-05 9.98248E-05 9.98248E-05 9.98248E-05 9.98248E-05 9.98248E-05 9.98248E-05 0.168896 9.98248E-05 9.98248E-05 9.98248E-05
9.98507E-05 0.182165 0.0169286 0.00852125 9.98507E-05 0.0264112 0.0301676 9.98507E-05 9.98507E-05 0.689599 9.98507E-05 9.98507E-05 9.98507E-05 0.0445098 9.98507E-05 9.98507E-05 9.98507E-05 9.98507E-05 9.98507E-05 9.98507E-05 9.98507E-05 9.98507E-05 9.98507E-05 9.98507E-05
9.98597E-05 9.98597E-05 9.98597E-05 9.98597E-05 9.98597E-05 0.431644 0.0721109 9.98597E-05 0.121465 9.98597E-05 0.00302815 0.0644979 9.98597E-05 9.98597E-05 9.98597E-05 0.170852 0.082658 9.98597E-05 9.98597E-05 9.98597E-05 9.98597E-05 0.0521473 9.98597E-05 9.98597E-05
9.98509E-05 9.98509E-05 9.98509E-05 0.0192558 0.0256299 9.98509E-05 0.41732 9.98509E-05 0.194047 0.290667 9.98509E-05 9.98509E-05 9.98509E-05 9.98509E-05 9.98509E-05 9.98509E-05 0.0154728 9.98509E-05 9.98509E-05 0.0359101 9.98509E-05 9.98509E-05 9.98509E-05 9.98509E-05
9.98157E-05 9.98157E-05 9.98157E-05 9.98157E-05 9.98157E-05 0.941462 0.00324307 9.98157E-05 9.98157E-05 9.98157E-05 9.98157E-05 9.98157E-05 9.98157E-05 9.98157E-05 9.98157E-05 9.98157E-05 9.98157E-05 9.98157E-05 9.98157E-05 0.0531993 9.98157E-05 9.98157E-05 9.98157E-05 9.98157E-05
9.98158E-05 9.98158E-05 9.98158E-05 9.98158E-05 9.98158E-05 9.98158E-05 9.98158E-05 9.98158E-05 0.0309081 0.864446 9.98158E-05 9.98158E-05 9.98158E-05 9.98158E-05 9.98158E-05 9.98158E-05 9.98158E-05 9.98158E-05 9.98158E-05 0.102549 9.98158E-05 9.98158E-05 9.98158E-05 9.98158E-05
9.97984E-05 9.97984E-05 9.97984E-05 9.97984E-05 9.97984E-05 0.997705 9.97984E-05 9.97984E-05 9.97984E-05 9.97984E-05 9.97984E-05 9.97984E-05 9.97984E-05 9.97984E-05 9.97984E-05 9.97984E-05 9.97984E-05 9.97984E-05 9.97984E-05 9.97984E-05 9.97984E-05 9.97984E-05 9.97984E-05 9.97984E-05
9.98421E-05 9.98421E-05 9.98421E-05 9.98421E-05 9.98421E-05 0.453254 0.135779 9.98421E-05 0.0979461 0.215321 9.98421E-05 9.98421E-05 9.98421E-05 9.98421E-05 9.98421E-05 0.0200361 9.98421E-05 9.98421E-05 9.98421E-05 0.0758656 9.98421E-05 9.98421E-05 9.98421E-05 9.98421E-05
9.98423E-05 9.98423E-05 9.98423E-05 0.00152584 0.0577266 9.98423E-05 9.98423E-05 9.98423E-05 9.98423E-05 0.784976 0.0187309 0.010632 9.98423E-05 9.98423E-05 9.98423E-05 9.98423E-05 9.98423E-05 9.98423E-05 9.98423E-05 9.98423E-05 9.98423E-05 9.98423E-05 9.98423E-05 0.124611
9.98595E-05 9.98595E-05 9.98595E-05 9.98595E-05 9.98595E-05 9.98595E-05 9.98595E-05 9.98595E-05 0.126524 0.314983 9.98595E-05 0.0199422 9.98595E-05 9.98595E-05 9.98595E-05 9.98595E-05 0.0322427 0.154057 9.98595E-05 0.0515718 0.208462 0.0906191 9.98595E-05 9.98595E-05
9.98422E-05 9.98422E-05 9.98422E-05 9.98422E-05 9.98422E-05 9.98422E-05 0.194307 9.98422E-05 9.98422E-05 0.623606 9.98422E-05 0.0135343 9.98422E-05 9.98422E-05 9.98422E-05 9.98422E-05 0.0701189 9.98422E-05 9.98422E-05 0.0595147 9.98422E-05 9.98422E-05 0.0371219 9.98422E-05
9.98159E-05 9.98159E-05 9.98159E-05 9.98159E-05 9.98159E-05 0.871213 9.98159E-05 0.0170426 0.109649 9.98159E-05 9.98159E-05 9.98159E-05 9.98159E-05 9.98159E-05 9.98159E-05 9.98159E-05 9.98159E-05 9.98159E-05 9.98159E-05 9.98159E-05 9.98159E-05 9.98159E-05 9.98159E-05 9.98159E-05
9.98774E-05 9.98774E-05 0.0239999 9.98774E-05 9.98774E-05 0.576392 9.98774E-05 9.98774E-05 0.0260557 0.039236 9.98774E-05 0.000510479 9.98774E-05 9.98774E-05 0.102809 0.0520502 9.98774E-05 9.98774E-05 9.98774E-05 9.98774E-05 9.98774E-05 0.0289756 0.0421308 0.106442
9.98334E-05 9.98334E-05 9.98334E-05 9.98334E-05 9.98334E-05 0.601903 9.98334E-05 0.106673 0.084097 0.192565 9.98334E-05 9.98334E-05 9.98334E-05 9.98334E-05 9.98334E-05 9.98334E-05 9.98334E-05 9.98334E-05 9.98334E-05 9.98334E-05 0.012866 9.98334E-05 9.98334E-05 9.98334E-05
9.98422E-05 9.98422E-05 9.98422E-05 0.0213704 0.00725258 0.773266 9.98422E-05 9.98422E-05 9.98422E-05 9.98422E-05 9.98422E-05 9.98422E-05 9.98422E-05 9.98422E-05 9.98422E-05 9.98422E-05 9.98422E-05 0.0682802 9.98422E-05 9.98422E-05 9.98422E-05 0.0565752 0.0714582 9.98422E-05
9.98421E-05 9.98421E-05 9.98421E-05 9.98421E-05 0.0481453 0.791153 0.0734538 9.98421E-05 0.042021 9.98421E-05 9.98421E-05 9.98421E-05 0.00630015 9.98421E-05 9.98421E-05 9.98421E-05 9.98421E-05 9.98421E-05 0.0371301 9.98421E-05 9.98421E-05 9.98421E-05 9.98421E-05 9.98421E-05
9.98245E-05 9.98245E-05 9.98245E-05 9.98245E-05 9.98245E-05 9.98245E-05 9.98245E-05 9.98245E-05 0.0609898 0.833858 9.98245E-05 9.98245E-05 9.98245E-05 9.98245E-05 9.98245E-05 9.98245E-05 9.98245E-05 9.98245E-05 9.98245E-05 0.0746993 9.98245E-05 0.0284563 9.98245E-05 9.98245E-05
0.0149355 9.98158E-05 9.98158E-05 9.98158E-05 9.98158E-05 9.98158E-05 9.98158E-05 9.98158E-05 9.98158E-05 0.969822 9.98158E-05 9.98158E-05 9.98158E-05 9.98158E-05 9.98158E-05 9.98158E-05 9.98158E-05 9.98158E-05 9.98158E-05 9.98158E-05 0.0131462 9.98158E-05 9.98158E-05 9.98158E-05
0.0961389 9.98421E-05 9.98421E-05 9.98421E-05 9.98421E-05 9.98421E-05 0.0162635 9.98421E-05 0.0727446 9.98421E-05 9.98421E-05 0.01161 9.98421E-05 9.98421E-05 9.98421E-05 0.69486 9.98421E-05 9.98421E-05 9.98421E-05 9.98421E-05 9.98421E-05 0.106585 9.98421E-05 9.98421E-05
9.98422E-05 0.073287 9.98422E-05 9.98422E-05 9.98422E-05 9.98422E-05 0.043575 9.98422E-05 9.98422E-05 9.98422E-05 9.98422E-05 9.98422E-05 9.98422E-05 9.98422E-05 0.0017861 0.831899 0.00473227 9.98422E-05 9.98422E-05 0.0429234 9.98422E-05 9.98422E-05 9.98422E-05 9.98422E-05
9.98158E-05 9.98158E-05 9.98158E-05 9.98158E-05 9.98158E-05 9.98158E-05 9.98158E-05 9.98158E-05 9.98158E-05 9.98158E-05 9.98158E-05 9.98158E-05 9.98158E-05 9.98158E-05 9.98158E-05 0.986694 9.98158E-05 9.98158E-05 0.00156304 9.98158E-05 9.98158E-05 9.98158E-05 9.98158E-05 0.00964638
9.98597E-05 9.98597E-05 9.98597E-05 9.98597E-05 9.98597E-05 9.98597E-05 9.98597E-05 9.98597E-05 0.0603093 9.98597E-05 0.30725 0.0783931 9.98597E-05 9.98597E-05 9.98597E-05 0.311454 9.98597E-05 0.157616 0.00492078 0.000960037 9.98597E-05 9.98597E-05 9.98597E-05 0.0774989
9.98682E-05 9.98682E-05 9.98682E-05 9.98682E-05 0.0318818 9.98682E-05 0.0218899 9.98682E-05 0.0786862 9.98682E-05 9.98682E-05 0.0473795 9.98682E-05 9.98682E-05 9.98682E-05 0.67471 9.98682E-05 9.98682E-05 0.0221417 0.0113921 9.98682E-05 9.98682E-05 0.0650171 0.0454036
9.98419E-05 9.98419E-05 9.98419E-05 9.98419E-05 9.98419E-05 9.98419E-05 9.98419E-05 0.0555247 0.234809 9.98419E-05 9.98419E-05 0.00753461 9.98419E-05 9.98419E-05 0.0110822 0.614758 0.0744941 9.98419E-05 9.98419E-05 9.98419E-05 9.98419E-05 9.98419E-05 9.98419E-05 9.98419E-05
9.98418E-05 9.98418E-05 9.98418E-05 9.98418E-05 9.98418E-05 9.98418E-05 9.98418E-05 9.98418E-05 0.112912 9.98418E-05 0.232154 9.98418E-05 0.0035119 9.98418E-05 9.98418E-05 0.601513 9.98418E-05 9.98418E-05 9.98418E-05 0.0304251 9.98418E-05 0.0176866 9.98418E-05 9.98418E-05
9.98506E-05 9.98506E-05 9.98506E-05 9.98506E-05 9.98506E-05 9.98506E-05 9.98506E-05 9.98506E-05 0.105458 9.98506E-05 0.0717305 0.0438691 9.98506E-05 9.98506E-05 9.98506E-05 0.629845 9.98506E-05 0.0415782 0.0920561 9.98506E-05 9.98506E-05 9.98506E-05 9.98506E-05 0.013765
9.98158E-05 0.0324615 9.98158E-05 9.98158E-05 9.98158E-05 9.98158E-05 9.98158E-05 9.98158E-05 9.98158E-05 9.98158E-05 0.0137526 9.98158E-05 9.98158E-05 9.98158E-05 9.98158E-05 0.95169 9.98158E-05 9.98158E-05 9.98158E-05 9.98158E-05 9.98158E-05 9.98158E-05 9.98158E-05 9.98158E-05
9.98157E-05 9.98157E-05 9.98157E-05 9.98157E-05 9.98157E-05 9.98157E-05 9.98157E-05 9.98157E-05 9.98157E-05 9.98157E-05 9.98157E-05 9.98157E-05 9.98157E-05 9.98157E-05 9.98157E-05 0.902744 9.98157E-05 9.98157E-05 9.98157E-05 0.0749971 9.98157E-05 0.0201625 9.98157E-05 9.98157E-05
9.9833E-05 9.9833E-05 9.9833E-05 9.9833E-05 0.0256642 9.9833E-05 9.9833E-05 9.9833E-05 0.223969 9.9833E-05 9.9833E-05 0.0671552 9.9833E-05 9.9833E-05 9.9833E-05 0.522656 9.9833E-05 9.9833E-05 9.9833E-05 9.9833E-05 9.9833E-05 0.158659 9.9833E-05 9.9833E-05
9.98858E-05 9.98858E-05 9.98858E-05 0.0489798 0.027237 9.98858E-05 0.13998 0.0425864 0.113593 9.98858E-05 0.0220431 9.98858E-05 9.98858E-05 9.98858E-05 0.0318808 0.511065 9.98858E-05 9.98858E-05 9.98858E-05 9.98858E-05 9.98858E-05 0.0447804 0.00232861 0.0142279
9.98506E-05 9.98506E-05 9.98506E-05 0.111269 9.98506E-05 9.98506E-05 9.98506E-05 9.98506E-05 9.98506E-05 9.98506E-05 9.98506E-05 0.128656 9.98506E-05 9.98506E-05 0.0721203 0.540375 9.98506E-05 0.0470146 9.98506E-05 0.00277422 9.98506E-05 0.0960928 9.98506E-05 9.98506E-05
9.98419E-05 9.98419E-05 9.98419E-05 0.00461761 0.0309572 9.98419E-05 0.169119 9.98419E-05 0.206184 9.98419E-05 0.0071278 9.98419E-05 9.98419E-05 9.98419E-05 9.98419E-05 0.580197 9.98419E-05 9.98419E-05 9.98419E-05 9.98419E-05 9.98419E-05 9.98419E-05 9.98419E-05 9.98419E-05
9.98161E-05 9.98161E-05 9.98161E-05 9.98161E-05 9.98161E-05 9.98161E-05 9.98161E-05 9.98161E-05 9.98161E-05 9.98161E-05 9.98161E-05 9.98161E-05 9.98161E-05 9.98161E-05 9.98161E-05 0.967303 9.98161E-05 0.018371 9.98161E-05 9.98161E-05 9.98161E-05 0.0122297 9.98161E-05 9.98161E-05
9.98103E-05 9.98103E-05 9.98103E-05 9.98103E-05 9.98103E-05 9.98103E-05 9.98103E-05 9.98103E-05 9.98103E-05 9.98103E-05 9.98103E-05 0.0027379 9.98103E-05 9.98103E-05 9.98103E-05 0.995066 9.98103E-05 9.98103E-05 9.98103E-05 9.98103E-05 9.98103E-05 9.98103E-05 9.98103E-05 9.98103E-05
0.0978196 9.9833E-05 9.9833E-05 9.9833E-05 0.0468555 9.9833E-05 9.9833E-05 9.9833E-05 9.9833E-05 9.9833E-05 9.9833E-05 9.9833E-05 9.9833E-05 9.9833E-05 9.9833E-05 0.754911 9.9833E-05 0.0642611 0.0342559 9.9833E-05 9.9833E-05 9.9833E-05 9.9833E-05 9.9833E-05
9.9842E-05 9.9842E-05 9.9842E-05 9.9842E-05 0.048242 9.9842E-05 0.168122 9.9842E-05 9.9842E-05 9.9842E-05 9.9842E-05 0.0429944 9.9842E-05 9.9842E-05 9.9842E-05 0.614116 9.9842E-05 9.9842E-05 9.9842E-05 0.0350189 9.9842E-05 0.0897091 9.9842E-05 9.9842E-05
9.98157E-05 9.98157E-05 9.98157E-05 9.98157E-05 9.98157E-05 9.98157E-05 9.98157E-05 9.98157E-05 9.98157E-05 9.98157E-05 9.98157E-05 9.98157E-05 9.98157E-05 9.98157E-05 9.98157E-05 0.839467 9.98157E-05 9.98157E-05 0.113291 9.98157E-05 9.98157E-05 0.0451452 9.98157E-05 9.98157E-05
9.98416E-05 9.98416E-05 9.98416E-05 9.98416E-05 9.98416E-05 9.98416E-05 9.98416E-05 9.98416E-05 0.147986 9.98416E-05 9.98416E-05 9.98416E-05 9.98416E-05 9.98416E-05 0.0797159 0.637595 9.98416E-05 9.98416E-05 9.98416E-05 9.98416E-05 0.126494 0.000124901 0.00628765 9.98416E-05
9.98162E-05 0.0511959 9.98162E-05 9.98162E-05 9.98162E-05 9.98162E-05 9.98162E-05 9.98162E-05 9.98162E-05 9.98162E-05 9.98162E-05 9.98162E-05 9.98162E-05 0.0499085 9.98162E-05 0.896799 9.98162E-05 9.98162E-05 9.98162E-05 9.98162E-05 9.98162E-05 9.98162E-05 9.98162E-05 9.98162E-05
9.98244E-05 9.98244E-05 9.98244E-05 9.98244E-05 9.98244E-05 9.98244E-05 0.259439 9.98244E-05 0.0337576 9.98244E-05 0.0178055 9.98244E-05 9.98244E-05 9.98244E-05 9.98244E-05 0.687001 9.98244E-05 9.98244E-05 9.98244E-05 9.98244E-05 9.98244E-05 9.98244E-05 9.98244E-05 9.98244E-05
9.98248E-05 9.98248E-05 9.98248E-05 9.98248E-05 9.98248E-05 9.98248E-05 0.00787935 9.98248E-05 9.98248E-05 9.98248E-05 0.067671 9.98248E-05 9.98248E-05 9.98248E-05 9.98248E-05 0.701582 9.98248E-05 0.220872 9.98248E-05 9.98248E-05 9.98248E-05 9.98248E-05 9.98248E-05 9.98248E-05
0.0309182 9.98683E-05 9.98683E-05 9.98683E-05 0.143962 9.98683E-05 9.98683E-05 9.98683E-05 0.00397691 9.98683E-05 9.98683E-05 0.0367227 9.98683E-05 9.98683E-05 9.98683E-05 0.678179 0.0415544 0.0161123 0.037136 9.98683E-05 0.0099405 9.98683E-05 9.98683E-05 9.98683E-05
9.98155E-05 9.98155E-05 9.98155E-05 9.98155E-05 9.98155E-05 9.98155E-05 9.98155E-05 9.98155E-05 0.013202 9.98155E-05 9.98155E-05 9.98155E-05 9.98155E-05 9.98155E-05 9.98155E-05 0.808078 9.98155E-05 9.98155E-05 9.98155E-05 9.98155E-05 9.98155E-05 0.176624 9.98155E-05 9.98155E-05
9.98249E-05 9.98249E-05 9.98249E-05 9.98249E-05 9.98249E-05 9.98249E-05 9.98249E-05 9.98249E-05 9.98249E-05 9.98249E-05 0.0222799 0.00358977 9.98249E-05 9.98249E-05 9.98249E-05 0.959669 9.98249E-05 9.98249E-05 9.98249E-05 9.98249E-05 9.98249E-05 9.98249E-05 0.0124651 9.98249E-05
9.97984E-05 9.97984E-05 9.97984E-05 9.97984E-05 9.97984E-05 9.97984E-05 9.97984E-05 9.97984E-05 9.97984E-05 9.97984E-05 9.97984E-05 9.97984E-05 9.97984E-05 9.97984E-05 9.97984E-05 0.997705 9.97984E-05 9.97984E-05 9.97984E-05 9.97984E-05 9.97984E-05 9.97984E-05 9.97984E-05 9.97984E-05
9.97985E-05 9.97985E-05 9.97985E-05 9.97985E-05 9.97985E-05 9.97985E-05 9.97985E-05 9.97985E-05 9.97985E-05 9.97985E-05 9.97985E-05 9.97985E-05 9.97985E-05 9.97985E-05 9.97985E-05 0.997705 9.97985E-05 9.97985E-05 9.97985E-05 9.97985E-05 9.97985E-05 9.97985E-05 9.97985E-05 9.97985E-05
9.98159E-05 9.98159E-05 9.98159E-05 9.98159E-05 9.98159E-05 0.0264343 9.98159E-05 9.98159E-05 9.98159E-05 9.98159E-05 9.98159E-05 9.98159E-05 9.98159E-05 9.98159E-05 9.98159E-05 0.881866 9.98159E-05 9.98159E-05 0.089604 9.98159E-05 9.98159E-05 9.98159E-05 9.98159E-05 9.98159E-05
9.98333E-05 0.234869 0.107796 9.98333E-05 9.98333E-05 9.98333E-05 9.98333E-05 9.98333E-05 0.113545 9.98333E-05 9.98333E-05 0.0496171 9.98333E-05 9.98333E-05 9.98333E-05 0.492276 9.98333E-05 9.98333E-05 9.98333E-05 9.98333E-05 9.98333E-05 9.98333E-05 9.98333E-05 9.98333E-05
9.98157E-05 9.98157E-05 9.98157E-05 9.98157E-05 9.98157E-05 9.98157E-05 9.98157E-05 9.98157E-05 0.127062 9.98157E-05 9.98157E-05 0.113296 9.98157E-05 9.98157E-05 9.98157E-05 9.98157E-05 9.98157E-05 0.757546 9.98157E-05 9.98157E-05 9.98157E-05 9.98157E-05 9.98157E-05 9.98157E-05
9.98069E-05 9.98069E-05 0.985896 9.98069E-05 9.98069E-05 9.98069E-05 9.98069E-05 9.98069E-05 9.98069E-05 9.98069E-05 9.98069E-05 9.98069E-05 9.98069E-05 9.98069E-05 9.98069E-05 9.98069E-05 9.98069E-05 0.0119084 9.98069E-05 9.98069E-05 9.98069E-05 9.98069E-05 9.98069E-05 9.98069E-05
9.98333E-05 9.98333E-05 9.98333E-05 9.98333E-05 9.98333E-05 9.98333E-05 9.98333E-05 0.0516922 0.0997454 9.98333E-05 9.98333E-05 9.98333E-05 9.98333E-05 9.98333E-05 9.98333E-05 9.98333E-05 9.98333E-05 0.818526 0.00656695 9.98333E-05 9.98333E-05 0.0215722 9.98333E-05 9.98333E-05
9.98156E-05 9.98156E-05 9.98156E-05 9.98156E-05 9.98156E-05 9.98156E-05 9.98156E-05 9.98156E-05 0.171862 9.98156E-05 9.98156E-05 0.0136403 9.98156E-05 9.98156E-05 9.98156E-05 9.98156E-05 9.98156E-05 0.812402 9.98156E-05 9.98156E-05 9.98156E-05 9.98156E-05 9.98156E-05 9.98156E-05
9.98068E-05 9.98068E-05 9.98068E-05 9.98068E-05 9.98068E-05 9.98068E-05 9.98068E-05 9.98068E-05 9.98068E-05 9.98068E-05 9.98068E-05 0.0557042 9.98068E-05 9.98068E-05 9.98068E-05 9.98068E-05 9.98068E-05 0.9421 9.98068E-05 9.98068E-05 9.98068E-05 9.98068E-05 9.98068E-05 9.98068E-05
9.98333E-05 9.98333E-05 9.98333E-05 9.98333E-05 9.98333E-05 9.98333E-05 9.98333E-05 9.98333E-05 0.0856682 9.98333E-05 0.10278 0.128988 9.98333E-05 9.98333E-05 9.98333E-05 9.98333E-05 9.98333E-05 0.650049 9.98333E-05 0.0306188 9.98333E-05 9.98333E-05 9.98333E-05 9.98333E-05
9.98334E-05 9.98334E-05 0.0257173 9.98334E-05 9.98334E-05 9.98334E-05 0.11528 9.98334E-05 0.133047 9.98334E-05 9.98334E-05 0.0634926 9.98334E-05 9.98334E-05 9.98334E-05 9.98334E-05 9.98334E-05 0.660566 9.98334E-05 9.98334E-05 9.98334E-05 9.98334E-05 9.98334E-05 9.98334E-05
9.9807E-05 9.9807E-05 9.9807E-05 9.9807E-05 9.9807E-05 9.9807E-05 9.9807E-05 9.9807E-05 9.9807E-05 9.9807E-05 9.9807E-05 0.161573 9.9807E-05 9.9807E-05 9.9807E-05 9.9807E-05 9.9807E-05 0.836231 9.9807E-05 9.9807E-05 9.9807E-05 9.9807E-05 9.9807E-05 9.9807E-05
9.98242E-05 9.98242E-05 9.98242E-05 9.98242E-05 9.98242E-05 9.98242E-05 9.98242E-05 9.98242E-05 9.98242E-05 9.98242E-05 0.223302 0.209008 9.98242E-05 9.98242E-05 9.98242E-05 9.98242E-05 9.98242E-05 0.422301 9.98242E-05 9.98242E-05 0.143392 9.98242E-05 9.98242E-05 9.98242E-05
9.98245E-05 9.98245E-05 9.98245E-05 9.98245E-05 9.98245E-05 9.98245E-05 9.98245E-05 9.98245E-05 0.287714 9.98245E-05 9.98245E-05 0.171286 9.98245E-05 9.98245E-05 9.98245E-05 9.98245E-05 9.98245E-05 0.492608 9.98245E-05 0.0463957 9.98245E-05 9.98245E-05 9.98245E-05 9.98245E-05
9.98334E-05 9.98334E-05 9.98334E-05 9.98334E-05 9.98334E-05 9.98334E-05 9.98334E-05 9.98334E-05 9.98334E-05 0.0194369 0.199942 9.98334E-05 9.98334E-05 0.275419 9.98334E-05 9.98334E-05 9.98334E-05 0.475765 9.98334E-05 9.98334E-05 9.98334E-05 0.0275402 9.98334E-05 9.98334E-05
9.98421E-05 9.98421E-05 9.98421E-05 9.98421E-05 9.98421E-05 9.98421E-05 9.98421E-05 9.98421E-05 0.0682514 0.00718819 0.133729 9.98421E-05 9.98421E-05 0.138601 9.98421E-05 9.98421E-05 9.98421E-05 0.620641 9.98421E-05 9.98421E-05 9.98421E-05 0.0297924 9.98421E-05 9.98421E-05
9.98158E-05 9.98158E-05 0.248481 9.98158E-05 9.98158E-05 9.98158E-05 9.98158E-05 9.98158E-05 9.98158E-05 9.98158E-05 9.98158E-05 0.101464 9.98158E-05 9.98158E-05 9.98158E-05 9.98158E-05 9.98158E-05 0.647959 9.98158E-05 9.98158E-05 9.98158E-05 9.98158E-05 9.98158E-05 9.98158E-05
9.98247E-05 9.98247E-05 9.98247E-05 9.98247E-05 9.98247E-05 9.98247E-05 9.98247E-05 9.98247E-05 0.199979 9.98247E-05 9.98247E-05 0.115418 9.98247E-05 0.0909734 9.98247E-05 9.98247E-05 9.98247E-05 0.591633 9.98247E-05 9.98247E-05 9.98247E-05 9.98247E-05 9.98247E-05 9.98247E-05
9.98422E-05 9.98422E-05 9.98422E-05 9.98422E-05 9.98422E-05 9.98422E-05 9.98422E-05 9.98422E-05 9.98422E-05 9.98422E-05 9.98422E-05 0.0623364 9.98422E-05 0.0461834 0.00609865 9.98422E-05 9.98422E-05 0.672086 0.140724 9.98422E-05 0.0707742 9.98422E-05 9.98422E-05 9.98422E-05
0.0335448 9.98421E-05 9.98421E-05 9.98421E-05 9.98421E-05 9.98421E-05 9.98421E-05 9.98421E-05 0.122154 9.98421E-05 0.0319122 0.0185186 9.98421E-05 9.98421E-05 9.98421E-05 9.98421E-05 9.98421E-05 0.605164 9.98421E-05 9.98421E-05 0.18691 9.98421E-05 9.98421E-05 9.98421E-05
9.9842E-05 9.9842E-05 9.9842E-05 9.9842E-05 9.9842E-05 9.9842E-05 9.9842E-05 9.9842E-05 9.9842E-05 9.9842E-05 0.23135 0.0269236 9.9842E-05 0.0634596 9.9842E-05 9.9842E-05 0.00760361 0.661266 9.9842E-05 9.9842E-05 9.9842E-05 9.9842E-05 0.00759992 9.9842E-05
9.98511E-05 9.98511E-05 9.98511E-05 0.0347378 9.98511E-05 9.98511E-05 0.0616755 9.98511E-05 9.98511E-05 9.98511E-05 9.98511E-05 0.109054 9.98511E-05 0.0405 9.98511E-05 9.98511E-05 9.98511E-05 0.717946 9.98511E-05 0.00479393 9.98511E-05 9.98511E-05 9.98511E-05 0.0295948
9.98509E-05 9.98509E-05 9.98509E-05 0.0193424 9.98509E-05 9.98509E-05 0.0194429 9.98509E-05 9.98509E-05 9.98509E-05 0.0197992 0.0475881 9.98509E-05 0.111123 9.98509E-05 9.98509E-05 9.98509E-05 0.743312 9.98509E-05 9.98509E-05 9.98509E-05 0.0376945 9.98509E-05 9.98509E-05
9.98508E-05 9.98508E-05 9.98508E-05 9.98508E-05 9.98508E-05 9.98508E-05 9.98508E-05 9.98508E-05 0.10596 9.98508E-05 9.98508E-05 0.089299 9.98508E-05 0.226725 9.98508E-05 9.98508E-05 9.98508E-05 0.345538 9.98508E-05 0.00408457 0.144446 9.98508E-05 0.0822499 9.98508E-05
9.98509E-05 9.98509E-05 9.98509E-05 9.98509E-05 0.0444837 9.98509E-05 9.98509E-05 9.98509E-05 0.0844925 9.98509E-05 0.158315 9.98509E-05 9.98509E-05 0.0460783 9.98509E-05 9.98509E-05 9.98509E-05 0.656191 0.00582033 0.00292238 9.98509E-05 9.98509E-05 9.98509E-05 9.98509E-05
9.98247E-05 9.98247E-05 9.98247E-05 9.98247E-05 9.98247E-05 9.98247E-05 9.98247E-05 9.98247E-05 0.0228179 9.98247E-05 9.98247E-05 9.98247E-05 9.98247E-05 0.0036588 9.98247E-05 9.98247E-05 9.98247E-05 0.961647 0.00987971 9.98247E-05 9.98247E-05 9.98247E-05 9.98247E-05 9.98247E-05
9.9842E-05 9.9842E-05 9.9842E-05 9.9842E-05 9.9842E-05 9.9842E-05 9.9842E-05 9.9842E-05 0.273484 9.9842E-05 0.0148532 0.212571 0.055111 9.9842E-05 9.9842E-05 9.9842E-05 9.9842E-05 0.423457 9.9842E-05 9.9842E-05 9.9842E-05 9.9842E-05 0.0187267 9.9842E-05
9.98245E-05 9.98245E-05 0.315839 9.98245E-05 9.98245E-05 9.98245E-05 9.98245E-05 0.0700324 9.98245E-05 9.98245E-05 9.98245E-05 0.101298 9.98245E-05 9.98245E-05 9.98245E-05 9.98245E-05 9.98245E-05 0.510834 9.98245E-05 9.98245E-05 9.98245E-05 9.98245E-05 9.98245E-05 9.98245E-05
9.9842E-05 9.9842E-05 9.9842E-05 9.9842E-05 9.9842E-05 9.9842E-05 9.9842E-05 9.9842E-05 0.185734 9.9842E-05 0.106254 0.169406 0.0738718 9.9842E-05 9.9842E-05 9.9842E-05 9.9842E-05 0.400853 9.9842E-05 9.9842E-05 9.9842E-05 9.9842E-05 0.0620836 9.9842E-05
9.98595E-05 9.98595E-05 0.434241 9.98595E-05 9.98595E-05 9.98595E-05 0.120409 9.98595E-05 0.0308019 9.98595E-05 0.0867314 0.0599043 9.98595E-05 9.98595E-05 0.029759 0.0713947 9.98595E-05 0.165161 9.98595E-05 9.98595E-05 9.98595E-05 9.98595E-05 9.98595E-05 9.98595E-05
0.0112262 9.98509E-05 9.98509E-05 9.98509E-05 9.98509E-05 0.00425644 9.98509E-05 9.98509E-05 0.00720238 9.98509E-05 9.98509E-05 9.98509E-05 9.98509E-05 0.699215 9.98509E-05 9.98509E-05 0.0633299 0.180934 9.98509E-05 9.98509E-05 9.98509E-05 9.98509E-05 9.98509E-05 0.0321388
9.98243E-05 9.98243E-05 9.98243E-05 9.98243E-05 0.00550361 9.98243E-05 9.98243E-05 9.98243E-05 0.0704466 9.98243E-05 9.98243E-05 0.0609843 9.98243E-05 9.98243E-05 9.98243E-05 9.98243E-05 9.98243E-05 0.861069 9.98243E-05 9.98243E-05 9.98243E-05 9.98243E-05 9.98243E-05 9.98243E-05
9.98334E-05 9.98334E-05 0.0316677 9.98334E-05 9.98334E-05 9.98334E-05 9.98334E-05 9.98334E-05 0.182635 9.98334E-05 0.0166942 0.205314 9.98334E-05 9.98334E-05 9.98334E-05 9.98334E-05 9.98334E-05 0.561792 9.98334E-05 9.98334E-05 9.98334E-05 9.98334E-05 9.98334E-05 9.98334E-05
9.98104E-05 9.98104E-05 9.98104E-05 9.98104E-05 9.98104E-05 9.98104E-05 9.98104E-05 9.98104E-05 0.12399 9.98104E-05 9.98104E-05 9.98104E-05 9.98104E-05 0.0546019 9.98104E-05 9.98104E-05 9.98104E-05 0.753031 9.98104E-05 9.98104E-05 9.98104E-05 0.00433958 0.0621406 9.98104E-05
9.9851E-05 9.9851E-05 0.0510868 9.9851E-05 9.9851E-05 9.9851E-05 9.9851E-05 9.9851E-05 0.155079 9.9851E-05 0.060984 0.0359446 9.9851E-05 9.9851E-05 0.018555 9.9851E-05 9.9851E-05 0.670577 9.9851E-05 9.9851E-05 9.9851E-05 0.006076 9.9851E-05 9.9851E-05
9.98159E-05 9.98159E-05 0.0220718 9.98159E-05 9.98159E-05 9.98159E-05 9.98159E-05 9.98159E-05 9.98159E-05 9.98159E-05 9.98159E-05 9.98159E-05 9.98159E-05 9.98159E-05 9.98159E-05 9.98159E-05 9.98159E-05 0.874602 9.98159E-05 9.98159E-05 9.98159E-05 9.98159E-05 0.10123 9.98159E-05
9.98331E-05 9.98331E-05 9.98331E-05 0.158749 9.98331E-05 9.98331E-05 9.98331E-05 9.98331E-05 0.211192 9.98331E-05 9.98331E-05 0.214737 9.98331E-05 9.98331E-05 9.98331E-05 9.98331E-05 9.98331E-05 0.406058 9.98331E-05 9.98331E-05 9.98331E-05 9.98331E-05 0.00736631 9.98331E-05
9.98595E-05 9.98595E-05 9.98595E-05 9.98595E-05 0.0094323 9.98595E-05 0.114961 0.0559486 0.0229415 9.98595E-05 9.98595E-05 0.0494054 9.98595E-05 9.98595E-05 9.98595E-05 9.98595E-05 9.98595E-05 0.7053 9.98595E-05 9.98595E-05 0.00845286 9.98595E-05 0.0319602 9.98595E-05
9.9807E-05 9.9807E-05 0.175724 9.9807E-05 9.9807E-05 9.9807E-05 9.9807E-05 9.9807E-05 9.9807E-05 9.9807E-05 9.9807E-05 9.9807E-05 9.9807E-05 9.9807E-05 9.9807E-05 9.9807E-05 9.9807E-05 0.82208 9.9807E-05 9.9807E-05 9.9807E-05 9.9807E-05 9.9807E-05 9.9807E-05
9.98507E-05 9.98507E-05 9.98507E-05 9.98507E-05 9.98507E-05 9.98507E-05 9.98507E-05 0.00378034 9.98507E-05 9.98507E-05 9.98507E-05 0.00909653 9.98507E-05 0.104871 9.98507E-05 9.98507E-05 9.98507E-05 0.573574 9.98507E-05 0.109686 0.167907 0.0293883 9.98507E-05 9.98507E-05
9.98244E-05 9.98244E-05 9.98244E-05 9.98244E-05 9.98244E-05 9.98244E-05 9.98244E-05 9.98244E-05 0.200191 9.98244E-05 9.98244E-05 0.0770965 9.98244E-05 9.98244E-05 9.98244E-05 9.98244E-05 9.98244E-05 0.700343 0.0203737 9.98244E-05 9.98244E-05 9.98244E-05 9.98244E-05 9.98244E-05
9.98158E-05 9.98158E-05 9.98158E-05 9.98158E-05 9.98158E-05 9.98158E-05 9.98158E-05 9.98158E-05 9.98158E-05 9.98158E-05 9.98158E-05 0.078787 9.98158E-05 0.645426 9.98158E-05 9.98158E-05 9.98158E-05 0.273691 9.98158E-05 9.98158E-05 9.98158E-05 9.98158E-05 9.98158E-05 9.98158E-05
9.98247E-05 9.98247E-05 0.211129 9.98247E-05 9.98247E-05 9.98247E-05 9.98247E-05 9.98247E-05 0.0536533 9.98247E-05 9.98247E-05 9.98247E-05 9.98247E-05 0.0547505 9.98247E-05 9.98247E-05 9.98247E-05 0.678471 9.98247E-05 9.98247E-05 9.98247E-05 9.98247E-05 9.98247E-05 9.98247E-05
9.98159E-05 9.98159E-05 0.597915 0.0197865 9.98159E-05 9.98159E-05 9.98159E-05 9.98159E-05 9.98159E-05 9.98159E-05 9.98159E-05 9.98159E-05 9.98159E-05 9.98159E-05 9.98159E-05 9.98159E-05 9.98159E-05 0.380203 9.98159E-05 9.98159E-05 9.98159E-05 9.98159E-05 9.98159E-05 9.98159E-05
9.98246E-05 9.98246E-05 9.98246E-05 9.98246E-05 9.98246E-05 9.98246E-05 9.98246E-05 9.98246E-05 9.98246E-05 9.98246E-05 9.98246E-05 0.0275226 9.98246E-05 0.482254 9.98246E-05 9.98246E-05 9.98246E-05 0.487759 9.98246E-05 9.98246E-05 9.98246E-05 9.98246E-05 0.000467794 9.98246E-05
9.98333E-05 9.98333E-05 9.98333E-05 0.0378262 9.98333E-05 9.98333E-05 9.98333E-05 9.98333E-05 0.262343 9.98333E-05 0.0778684 0.121789 9.98333E-05 9.98333E-05 9.98333E-05 9.98333E-05 9.98333E-05 0.498277 9.98333E-05 9.98333E-05 9.98333E-05 9.98333E-05 9.98333E-05 9.98333E-05
9.98246E-05 9.98246E-05 9.98246E-05 0.0757923 9.98246E-05 9.98246E-05 9.98246E-05 0.0649777 9.98246E-05 9.98246E-05 9.98246E-05 0.0680268 9.98246E-05 9.98246E-05 9.98246E-05 9.98246E-05 9.98246E-05 0.789207 9.98246E-05 9.98246E-05 9.98246E-05 9.98246E-05 9.98246E-05 9.98246E-05
9.98509E-05 9.98509E-05 0.079616 9.98509E-05 9.98509E-05 9.98509E-05 9.98509E-05 9.98509E-05 0.0592724 9.98509E-05 9.98509E-05 0.148385 0.000199737 0.62416 9.98509E-05 9.98509E-05 9.98509E-05 9.98509E-05 9.98509E-05 9.98509E-05 0.0176781 9.98509E-05 0.0689912 9.98509E-05
9.98246E-05 9.98246E-05 9.98246E-05 9.98246E-05 9.98246E-05 9.98246E-05 9.98246E-05 0.0560073 0.0581595 9.98246E-05 9.98246E-05 9.98246E-05 9.98246E-05 0.564913 9.98246E-05 9.98246E-05 9.98246E-05 0.318924 9.98246E-05 9.98246E-05 9.98246E-05 9.98246E-05 9.98246E-05 9.98246E-05
9.98507E-05 9.98507E-05 9.98507E-05 9.98507E-05 9.98507E-05 9.98507E-05 0.0682156 9.98507E-05 0.0258706 9.98507E-05 0.143349 0.15795 9.98507E-05 9.98507E-05 9.98507E-05 9.98507E-05 9.98507E-05 0.449219 0.0136076 9.98507E-05 9.98507E-05 9.98507E-05 0.14009 9.98507E-05
9.98422E-05 9.98422E-05 0.0385642 9.98422E-05 9.98422E-05 9.98422E-05 9.98422E-05 9.98422E-05 0.0823728 9.98422E-05 9.98422E-05 0.0617098 9.98422E-05 9.98422E-05 9.98422E-05 0.185073 9.98422E-05 0.605059 9.98422E-05 9.98422E-05 0.0254239 9.98422E-05 9.98422E-05 9.98422E-05
9.98599E-05 9.98599E-05 9.98599E-05 9.98599E-05 9.98599E-05 9.98599E-05 0.0680988 9.98599E-05 0.0377477 9.98599E-05 0.0515243 0.183171 9.98599E-05 0.106435 0.00401498 9.98599E-05 0.118158 0.429251 9.98599E-05 9.98599E-05 9.98599E-05 9.98599E-05 9.98599E-05 9.98599E-05
9.98247E-05 9.98247E-05 9.98247E-05 9.98247E-05 9.98247E-05 9.98247E-05 0.0812015 9.98247E-05 0.210381 9.98247E-05 9.98247E-05 0.294191 9.98247E-05 9.98247E-05 9.98247E-05 9.98247E-05 9.98247E-05 0.41223 9.98247E-05 9.98247E-05 9.98247E-05 9.98247E-05 9.98247E-05 9.98247E-05
9.98245E-05 9.98245E-05 0.243619 9.98245E-05 9.98245E-05 9.98245E-05 9.98245E-05 9.98245E-05 0.00283713 9.98245E-05 9.98245E-05 9.98245E-05 9.98245E-05 0.310479 9.98245E-05 9.98245E-05 9.98245E-05 0.441069 9.98245E-05 9.98245E-05 9.98245E-05 9.98245E-05 9.98245E-05 9.98245E-05
9.98332E-05 9.98332E-05 9.98332E-05 9.98332E-05 9.98332E-05 9.98332E-05 9.98332E-05 9.98332E-05 0.106867 9.98332E-05 9.98332E-05 9.98332E-05 9.98332E-05 9.98332E-05 9.98332E-05 9.98332E-05 9.98332E-05 0.664476 9.98332E-05 0.07406 0.0918983 9.98332E-05 9.98332E-05 0.0608014
9.9851E-05 0.00238553 0.0812069 0.00956701 9.9851E-05 9.9851E-05 9.9851E-05 9.9851E-05 0.021283 9.9851E-05 9.9851E-05 0.0827249 9.9851E-05 0.50403 9.9851E-05 9.9851E-05 9.9851E-05 0.297105 9.9851E-05 9.9851E-05 9.9851E-05 9.9851E-05 9.9851E-05 9.9851E-05
9.98335E-05 9.98335E-05 9.98335E-05 9.98335E-05 9.98335E-05 9.98335E-05 9.98335E-05 9.98335E-05 0.157313 9.98335E-05 9.98335E-05 0.130595 9.98335E-05 0.143934 9.98335E-05 9.98335E-05 9.98335E-05 0.56615 9.98335E-05 9.98335E-05 9.98335E-05 0.000110868 9.98335E-05 9.98335E-05
9.98508E-05 9.98508E-05 9.98508E-05 9.98508E-05 9.98508E-05 9.98508E-05 9.98508E-05 9.98508E-05 0.00794758 9.98508E-05 0.0254671 0.0348933 9.98508E-05 9.98508E-05 0.0701849 9.98508E-05 9.98508E-05 0.812896 0.0273544 0.0195591 9.98508E-05 9.98508E-05 9.98508E-05 9.98508E-05
9.98245E-05 9.98245E-05 9.98245E-05 9.98245E-05 9.98245E-05 9.98245E-05 0.04454 9.98245E-05 9.98245E-05 9.98245E-05 9.98245E-05 9.98245E-05 9.98245E-05 9.98245E-05 9.98245E-05 9.98245E-05 9.98245E-05 0.807572 9.98245E-05 0.110919 9.98245E-05 0.034972 9.98245E-05 9.98245E-05
9.98244E-05 9.98244E-05 9.98244E-05 9.98244E-05 9.98244E-05 9.98244E-05 9.98244E-05 9.98244E-05 0.0918144 9.98244E-05 0.17304 0.147876 9.98244E-05 9.98244E-05 9.98244E-05 9.98244E-05 9.98244E-05 0.585274 9.98244E-05 9.98244E-05 9.98244E-05 9.98244E-05 9.98244E-05 9.98244E-05
9.98157E-05 9.98157E-05 9.98157E-05 9.98157E-05 9.98157E-05 9.98157E-05 9.98157E-05 9.98157E-05 0.0730759 9.98157E-05 9.98157E-05 0.143354 9.98157E-05 9.98157E-05 9.98157E-05 9.98157E-05 9.98157E-05 0.781474 9.98157E-05 9.98157E-05 9.98157E-05 9.98157E-05 9.98157E-05 9.98157E-05
