9.98596E-05 9.98596E-05 0.0775678 9.98596E-05 0.00476494 9.98596E-05 9.98596E-05 9.98596E-05 9.98596E-05 9.98596E-05 9.98596E-05 9.98596E-05 9.98596E-05 9.98596E-05 0.0342775 9.98596E-05 9.98596E-05 9.98596E-05 9.98596E-05 0.130864 0.0163611 0.544704 0.189863
9.98421E-05 9.98421E-05 9.98421E-05 0.146403 9.98421E-05 9.98421E-05 9.98421E-05 9.98421E-05 9.98421E-05 9.98421E-05 0.619756 9.98421E-05 9.98421E-05 9.98421E-05 0.0837245 9.98421E-05 9.98421E-05 9.98421E-05 9.98421E-05 0.0896672 9.98421E-05 0.058652 9.98421E-05
9.98245E-05 9.98245E-05 9.98245E-05 0.112591 9.98245E-05 9.98245E-05 9.98245E-05 9.98245E-05 9.98245E-05 9.98245E-05 0.876605 9.98245E-05 9.98245E-05 9.98245E-05 9.98245E-05 9.98245E-05 9.98245E-05 9.98245E-05 9.98245E-05 9.98245E-05 9.98245E-05 0.00880701 9.98245E-05
9.98772E-05 9.98772E-05 0.0808925 0.213972 0.0324255 0.219792 9.98772E-05 0.0163601 9.98772E-05 0.256241 9.98772E-05 9.98772E-05 9.98772E-05 0.0876901 9.98772E-05 9.98772E-05 9.98772E-05 9.98772E-05 0.00814606 9.98772E-05 9.98772E-05 0.0830829 9.98772E-05
9.98421E-05 9.98421E-05 9.98421E-05 0.84043 9.98421E-05 0.0212128 9.98421E-05 9.98421E-05 9.98421E-05 9.98421E-05 9.98421E-05 9.98421E-05 9.98421E-05 9.98421E-05 0.088326 9.98421E-05 9.98421E-05 9.98421E-05 0.0304247 9.98421E-05 9.98421E-05 0.0178095 9.98421E-05
9.98598E-05 9.98598E-05 9.98598E-05 9.98598E-05 9.98598E-05 0.15642 0.142602 9.98598E-05 9.98598E-05 9.98598E-05 0.224697 9.98598E-05 9.98598E-05 9.98598E-05 0.0221368 9.98598E-05 9.98598E-05 9.98598E-05 0.285857 0.163028 9.98598E-05 0.00366123 9.98598E-05
9.9886E-05 9.9886E-05 0.146441 0.217927 0.11549 9.9886E-05 9.9886E-05 9.9886E-05 0.0444116 0.118222 9.9886E-05 9.9886E-05 9.9886E-05 9.9886E-05 0.0613294 0.101499 9.9886E-05 9.9886E-05 9.9886E-05 0.0582795 0.0390683 0.0960345 9.9886E-05
9.98947E-05 9.98947E-05 0.175548 0.207143 9.98947E-05 0.0216241 0.135402 9.98947E-05 9.98947E-05 9.98947E-05 0.00660294 0.103996 9.98947E-05 0.0194534 9.98947E-05 9.98947E-05 9.98947E-05 0.135792 0.0601473 0.0716489 9.98947E-05 9.98947E-05 0.0614425
9.98595E-05 9.98595E-05 9.98595E-05 0.240731 9.98595E-05 9.98595E-05 0.21357 9.98595E-05 0.113014 9.98595E-05 0.0108388 9.98595E-05 9.98595E-05 0.150055 9.98595E-05 9.98595E-05 9.98595E-05 9.98595E-05 9.98595E-05 9.98595E-05 0.176238 0.0939547 9.98595E-05
9.98069E-05 9.98069E-05 9.98069E-05 9.98069E-05 9.98069E-05 9.98069E-05 9.98069E-05 9.98069E-05 9.98069E-05 9.98069E-05 9.98069E-05 9.98069E-05 9.98069E-05 9.98069E-05 9.98069E-05 9.98069E-05 9.98069E-05 9.98069E-05 9.98069E-05 9.98069E-05 9.98069E-05 0.997804 9.98069E-05
9.98421E-05 9.98421E-05 0.0517738 9.98421E-05 0.154502 9.98421E-05 0.0151894 9.98421E-05 9.98421E-05 9.98421E-05 9.98421E-05 9.98421E-05 9.98421E-05 9.98421E-05 9.98421E-05 9.98421E-05 9.98421E-05 9.98421E-05 9.98421E-05 9.98421E-05 0.147699 0.629038 9.98421E-05
9.98334E-05 9.98334E-05 9.98334E-05 9.98334E-05 9.98334E-05 9.98334E-05 9.98334E-05 9.98334E-05 9.98334E-05 0.0259191 0.282159 9.98334E-05 9.98334E-05 9.98334E-05 9.98334E-05 9.98334E-05 9.98334E-05 0.000842009 9.98334E-05 9.98334E-05 9.98334E-05 0.689183 9.98334E-05
9.98244E-05 9.98244E-05 0.0594627 0.890555 9.98244E-05 9.98244E-05 9.98244E-05 9.98244E-05 9.98244E-05 9.98244E-05 9.98244E-05 9.98244E-05 9.98244E-05 9.98244E-05 9.98244E-05 9.98244E-05 9.98244E-05 9.98244E-05 9.98244E-05 9.98244E-05 0.0479859 9.98244E-05 9.98244E-05
0.0681486 9.98421E-05 9.98421E-05 9.98421E-05 0.036433 9.98421E-05 9.98421E-05 9.98421E-05 9.98421E-05 9.98421E-05 0.803725 9.98421E-05 9.98421E-05 9.98421E-05 9.98421E-05 9.98421E-05 0.0611966 9.98421E-05 9.98421E-05 9.98421E-05 0.0286992 9.98421E-05 9.98421E-05
9.98597E-05 0.0375871 9.98597E-05 9.98597E-05 9.98597E-05 0.0825699 0.118354 9.98597E-05 9.98597E-05 9.98597E-05 9.98597E-05 9.98597E-05 9.98597E-05 9.98597E-05 9.98597E-05 9.98597E-05 0.113493 9.98597E-05 9.98597E-05 0.116835 0.184436 0.345127 9.98597E-05
9.98859E-05 9.98859E-05 0.0798553 0.161733 9.98859E-05 9.98859E-05 0.174831 9.98859E-05 9.98859E-05 0.034003 0.0711991 9.98859E-05 9.98859E-05 0.0355767 9.98859E-05 9.98859E-05 9.98859E-05 0.152094 9.98859E-05 0.177614 0.0814424 9.98859E-05 0.0303528
9.98772E-05 0.232487 9.98772E-05 0.287466 0.047216 9.98772E-05 9.98772E-05 0.0392148 9.98772E-05 0.00253211 0.215194 9.98772E-05 9.98772E-05 9.98772E-05 9.98772E-05 9.98772E-05 9.98772E-05 0.0583607 9.98772E-05 9.98772E-05 9.98772E-05 0.0503331 0.0657981
9.98684E-05 9.98684E-05 0.0376974 0.0145953 9.98684E-05 9.98684E-05 9.98684E-05 0.148481 9.98684E-05 9.98684E-05 9.98684E-05 9.98684E-05 0.212216 0.112817 9.98684E-05 9.98684E-05 9.98684E-05 9.98684E-05 9.98684E-05 0.145248 0.130737 0.19671 9.98684E-05
9.98594E-05 9.98594E-05 0.167661 9.98594E-05 9.98594E-05 9.98594E-05 0.0357198 9.98594E-05 9.98594E-05 9.98594E-05 9.98594E-05 9.98594E-05 9.98594E-05 9.98594E-05 9.98594E-05 9.98594E-05 0.0182996 9.98594E-05 0.159738 9.98594E-05 0.176028 0.439444 0.00151295
9.98159E-05 9.98159E-05 9.98159E-05 0.994213 9.98159E-05 9.98159E-05 9.98159E-05 0.00369075 9.98159E-05 9.98159E-05 9.98159E-05 9.98159E-05 9.98159E-05 9.98159E-05 9.98159E-05 9.98159E-05 9.98159E-05 9.98159E-05 9.98159E-05 9.98159E-05 9.98159E-05 9.98159E-05 9.98159E-05
9.98508E-05 9.98508E-05 9.98508E-05 0.532797 0.0642951 9.98508E-05 0.10183 9.98508E-05 9.98508E-05 9.98508E-05 9.98508E-05 9.98508E-05 9.98508E-05 0.201157 9.98508E-05 9.98508E-05 9.98508E-05 0.0819866 9.98508E-05 9.98508E-05 0.0162374 9.98508E-05 9.98508E-05
9.9851E-05 9.9851E-05 0.34054 9.9851E-05 9.9851E-05 9.9851E-05 0.104037 9.9851E-05 9.9851E-05 9.9851E-05 9.9851E-05 0.111648 9.9851E-05 9.9851E-05 9.9851E-05 9.9851E-05 0.00730359 9.9851E-05 0.0811374 9.9851E-05 9.9851E-05 0.353637 9.9851E-05
9.98333E-05 9.98333E-05 9.98333E-05 0.729933 0.04332 9.98333E-05 9.98333E-05 9.98333E-05 9.98333E-05 9.98333E-05 9.98333E-05 9.98333E-05 9.98333E-05 9.98333E-05 9.98333E-05 9.98333E-05 9.98333E-05 9.98333E-05 9.98333E-05 0.176803 0.0480478 9.98333E-05 9.98333E-05
9.98509E-05 9.98509E-05 0.334848 0.331256 9.98509E-05 9.98509E-05 9.98509E-05 9.98509E-05 0.060793 9.98509E-05 0.019123 9.98509E-05 9.98509E-05 9.98509E-05 9.98509E-05 9.98509E-05 9.98509E-05 0.00943874 9.98509E-05 9.98509E-05 0.242844 9.98509E-05 9.98509E-05
9.98682E-05 9.98682E-05 0.074709 9.98682E-05 0.0288682 0.0932995 0.0315751 9.98682E-05 9.98682E-05 9.98682E-05 0.209122 9.98682E-05 9.98682E-05 9.98682E-05 9.98682E-05 9.98682E-05 0.141718 9.98682E-05 9.98682E-05 9.98682E-05 0.252954 0.166257 9.98682E-05
9.98598E-05 9.98598E-05 9.98598E-05 0.235012 9.98598E-05 9.98598E-05 9.98598E-05 9.98598E-05 9.98598E-05 0.1173 0.496184 9.98598E-05 9.98598E-05 9.98598E-05 9.98598E-05 9.98598E-05 9.98598E-05 0.0272757 0.0346024 9.98598E-05 0.048858 0.0391704 9.98598E-05
9.98596E-05 9.98596E-05 0.34652 0.0799946 9.98596E-05 0.32538 9.98596E-05 0.0204537 9.98596E-05 9.98596E-05 9.98596E-05 9.98596E-05 0.107092 9.98596E-05 9.98596E-05 9.98596E-05 9.98596E-05 0.0381445 9.98596E-05 9.98596E-05 0.0808169 9.98596E-05 9.98596E-05
9.98509E-05 9.98509E-05 0.0714796 0.789497 9.98509E-05 9.98509E-05 9.98509E-05 9.98509E-05 9.98509E-05 0.00794789 9.98509E-05 9.98509E-05 9.98509E-05 9.98509E-05 9.98509E-05 9.98509E-05 9.98509E-05 9.98509E-05 0.00912339 9.98509E-05 0.0056282 0.114627 9.98509E-05
9.98509E-05 9.98509E-05 0.040113 9.98509E-05 9.98509E-05 0.0230652 9.98509E-05 9.98509E-05 0.00372649 9.98509E-05 0.101492 9.98509E-05 9.98509E-05 9.98509E-05 9.98509E-05 9.98509E-05 9.98509E-05 9.98509E-05 9.98509E-05 9.98509E-05 0.173359 0.656547 9.98509E-05
9.98596E-05 0.0516085 9.98596E-05 9.98596E-05 9.98596E-05 9.98596E-05 0.0435486 9.98596E-05 9.98596E-05 9.98596E-05 0.766393 9.98596E-05 9.98596E-05 9.98596E-05 9.98596E-05 9.98596E-05 9.98596E-05 9.98596E-05 0.00738611 0.0200285 0.0457836 0.0636542 9.98596E-05
9.98245E-05 9.98245E-05 9.98245E-05 9.98245E-05 0.0540694 9.98245E-05 9.98245E-05 9.98245E-05 9.98245E-05 9.98245E-05 9.98245E-05 9.98245E-05 9.98245E-05 9.98245E-05 9.98245E-05 9.98245E-05 0.0370022 9.98245E-05 9.98245E-05 9.98245E-05 9.98245E-05 0.906932 9.98245E-05
0.0603782 9.98685E-05 9.98685E-05 0.635125 0.0250611 0.132824 9.98685E-05 0.0175421 9.98685E-05 9.98685E-05 9.98685E-05 0.00311338 9.98685E-05 9.98685E-05 9.98685E-05 9.98685E-05 9.98685E-05 9.98685E-05 0.0301829 9.98685E-05 0.0942759 9.98685E-05 9.98685E-05
9.98683E-05 9.98683E-05 0.112658 9.98683E-05 0.0522853 9.98683E-05 9.98683E-05 9.98683E-05 9.98683E-05 0.00777406 0.297231 9.98683E-05 9.98683E-05 9.98683E-05 9.98683E-05 9.98683E-05 9.98683E-05 0.0145371 9.98683E-05 0.117513 0.112993 0.28351 9.98683E-05
9.9842E-05 9.9842E-05 0.128052 9.9842E-05 9.9842E-05 0.0684837 9.9842E-05 9.9842E-05 9.9842E-05 9.9842E-05 0.689644 9.9842E-05 0.0107299 9.9842E-05 9.9842E-05 9.9842E-05 9.9842E-05 9.9842E-05 9.9842E-05 9.9842E-05 0.101294 9.9842E-05 9.9842E-05
9.98246E-05 9.98246E-05 9.98246E-05 9.98246E-05 0.00473609 9.98246E-05 9.98246E-05 0.00142653 9.98246E-05 9.98246E-05 9.98246E-05 9.98246E-05 9.98246E-05 9.98246E-05 9.98246E-05 9.98246E-05 9.98246E-05 9.98246E-05 9.98246E-05 9.98246E-05 9.98246E-05 0.991841 9.98246E-05
9.98685E-05 9.98685E-05 0.0218076 0.634112 9.98685E-05 9.98685E-05 0.00983582 9.98685E-05 0.0460012 0.0770771 9.98685E-05 9.98685E-05 9.98685E-05 0.100511 9.98685E-05 9.98685E-05 9.98685E-05 9.98685E-05 9.98685E-05 9.98685E-05 9.98685E-05 0.0914248 0.0177327
9.98246E-05 9.98246E-05 9.98246E-05 0.907436 9.98246E-05 9.98246E-05 9.98246E-05 9.98246E-05 9.98246E-05 9.98246E-05 9.98246E-05 9.98246E-05 9.98246E-05 9.98246E-05 9.98246E-05 0.0135214 9.98246E-05 9.98246E-05 0.0770458 9.98246E-05 9.98246E-05 9.98246E-05 9.98246E-05
9.98245E-05 9.98245E-05 9.98245E-05 9.98245E-05 9.98245E-05 9.98245E-05 0.121844 9.98245E-05 9.98245E-05 9.98245E-05 0.849396 9.98245E-05 9.98245E-05 9.98245E-05 0.0267633 9.98245E-05 9.98245E-05 9.98245E-05 9.98245E-05 9.98245E-05 9.98245E-05 9.98245E-05 9.98245E-05
9.98773E-05 0.0417087 9.98773E-05 9.98773E-05 0.0114204 9.98773E-05 0.0045964 9.98773E-05 9.98773E-05 9.98773E-05 0.662442 0.00968325 9.98773E-05 9.98773E-05 0.109194 9.98773E-05 9.98773E-05 9.98773E-05 0.0203251 9.98773E-05 0.138169 0.00106291 9.98773E-05
9.98508E-05 9.98508E-05 0.0121828 9.98508E-05 9.98508E-05 0.00999297 9.98508E-05 9.98508E-05 9.98508E-05 9.98508E-05 0.737375 9.98508E-05 9.98508E-05 9.98508E-05 9.98508E-05 9.98508E-05 9.98508E-05 0.0819629 0.0694251 9.98508E-05 0.0873636 9.98508E-05 9.98508E-05
9.98508E-05 9.98508E-05 0.0341175 9.98508E-05 0.015406 9.98508E-05 9.98508E-05 9.98508E-05 9.98508E-05 0.0295822 9.98508E-05 9.98508E-05 9.98508E-05 9.98508E-05 9.98508E-05 9.98508E-05 9.98508E-05 9.98508E-05 0.0120699 9.98508E-05 0.0263185 0.880808 9.98508E-05
9.98423E-05 9.98423E-05 0.0375665 9.98423E-05 9.98423E-05 9.98423E-05 0.00891129 9.98423E-05 0.0549319 9.98423E-05 9.98423E-05 9.98423E-05 9.98423E-05 9.98423E-05 9.98423E-05 9.98423E-05 9.98423E-05 9.98423E-05 9.98423E-05 9.98423E-05 0.0219857 0.874807 9.98423E-05
9.98421E-05 0.0174112 9.98421E-05 0.875871 9.98421E-05 9.98421E-05 9.98421E-05 9.98421E-05 9.98421E-05 9.98421E-05 9.98421E-05 9.98421E-05 9.98421E-05 9.98421E-05 9.98421E-05 0.0503056 9.98421E-05 0.0149833 0.0396315 9.98421E-05 9.98421E-05 9.98421E-05 9.98421E-05
9.98596E-05 9.98596E-05 0.063211 9.98596E-05 0.122127 9.98596E-05 0.093685 9.98596E-05 9.98596E-05 9.98596E-05 0.0721624 9.98596E-05 9.98596E-05 9.98596E-05 0.0923592 9.98596E-05 9.98596E-05 9.98596E-05 9.98596E-05 9.98596E-05 0.0806434 0.474215 9.98596E-05
9.98509E-05 9.98509E-05 0.388869 0.032409 9.98509E-05 9.98509E-05 9.98509E-05 9.98509E-05 9.98509E-05 0.0536741 0.319016 9.98509E-05 9.98509E-05 9.98509E-05 9.98509E-05 9.98509E-05 9.98509E-05 9.98509E-05 0.0626575 9.98509E-05 0.141678 9.98509E-05 9.98509E-05
9.9842E-05 9.9842E-05 9.9842E-05 9.9842E-05 9.9842E-05 9.9842E-05 9.9842E-05 0.0202872 9.9842E-05 0.045774 0.417195 9.9842E-05 9.9842E-05 9.9842E-05 9.9842E-05 9.9842E-05 9.9842E-05 9.9842E-05 9.9842E-05 9.9842E-05 0.00724876 0.507698 9.9842E-05
9.98158E-05 9.98158E-05 9.98158E-05 0.972264 9.98158E-05 9.98158E-05 0.0256402 9.98158E-05 9.98158E-05 9.98158E-05 9.98158E-05 9.98158E-05 9.98158E-05 9.98158E-05 9.98158E-05 9.98158E-05 9.98158E-05 9.98158E-05 9.98158E-05 9.98158E-05 9.98158E-05 9.98158E-05 9.98158E-05
9.98158E-05 9.98158E-05 9.98158E-05 9.98158E-05 9.98158E-05 9.98158E-05 9.98158E-05 9.98158E-05 9.98158E-05 9.98158E-05 0.909594 9.98158E-05 9.98158E-05 9.98158E-05 9.98158E-05 9.98158E-05 9.98158E-05 9.98158E-05 9.98158E-05 9.98158E-05 9.98158E-05 0.0883102 9.98158E-05
9.98595E-05 9.98595E-05 0.19798 0.56857 0.0345676 9.98595E-05 9.98595E-05 9.98595E-05 9.98595E-05 9.98595E-05 9.98595E-05 9.98595E-05 9.98595E-05 9.98595E-05 9.98595E-05 9.98595E-05 9.98595E-05 0.00382208 0.0118836 9.98595E-05 0.0839372 0.0976424 9.98595E-05
9.98249E-05 9.98249E-05 9.98249E-05 9.98249E-05 9.98249E-05 9.98249E-05 9.98249E-05 9.98249E-05 9.98249E-05 9.98249E-05 0.867028 9.98249E-05 0.0682907 9.98249E-05 9.98249E-05 0.0626851 9.98249E-05 9.98249E-05 9.98249E-05 9.98249E-05 9.98249E-05 9.98249E-05 9.98249E-05
9.98858E-05 9.98858E-05 0.0573496 0.406179 0.127492 0.0630464 0.0950548 9.98858E-05 0.0468731 0.0341076 9.98858E-05 9.98858E-05 9.98858E-05 9.98858E-05 9.98858E-05 9.98858E-05 9.98858E-05 0.0130123 9.98858E-05 0.0251586 0.130428 9.98858E-05 9.98858E-05
9.98334E-05 9.98334E-05 0.199876 9.98334E-05 9.98334E-05 9.98334E-05 9.98334E-05 9.98334E-05 0.0463433 0.117818 0.634066 9.98334E-05 9.98334E-05 9.98334E-05 9.98334E-05 9.98334E-05 9.98334E-05 9.98334E-05 9.98334E-05 9.98334E-05 9.98334E-05 9.98334E-05 9.98334E-05
9.9816E-05 9.9816E-05 9.9816E-05 9.9816E-05 9.9816E-05 9.9816E-05 9.9816E-05 9.9816E-05 9.9816E-05 9.9816E-05 9.9816E-05 9.9816E-05 0.0225391 9.9816E-05 9.9816E-05 9.9816E-05 9.9816E-05 9.9816E-05 9.9816E-05 9.9816E-05 9.9816E-05 0.975365 9.9816E-05
9.98157E-05 9.98157E-05 9.98157E-05 9.98157E-05 9.98157E-05 9.98157E-05 9.98157E-05 9.98157E-05 9.98157E-05 9.98157E-05 0.919174 9.98157E-05 9.98157E-05 9.98157E-05 9.98157E-05 9.98157E-05 9.98157E-05 0.0787301 9.98157E-05 9.98157E-05 9.98157E-05 9.98157E-05 9.98157E-05
9.98248E-05 9.98248E-05 9.98248E-05 0.81398 9.98248E-05 9.98248E-05 9.98248E-05 9.98248E-05 9.98248E-05 9.98248E-05 9.98248E-05 9.98248E-05 9.98248E-05 9.98248E-05 9.98248E-05 9.98248E-05 0.11315 9.98248E-05 9.98248E-05 9.98248E-05 0.0708741 9.98248E-05 9.98248E-05
9.9851E-05 9.9851E-05 9.9851E-05 9.9851E-05 9.9851E-05 0.0845837 9.9851E-05 0.00512044 9.9851E-05 9.9851E-05 9.9851E-05 0.0238678 9.9851E-05 9.9851E-05 9.9851E-05 9.9851E-05 9.9851E-05 0.00355059 0.0511782 9.9851E-05 9.9851E-05 0.830002 9.9851E-05
9.98772E-05 9.98772E-05 9.98772E-05 0.533291 9.98772E-05 9.98772E-05 0.00160487 9.98772E-05 9.98772E-05 9.98772E-05 9.98772E-05 9.98772E-05 0.102153 9.98772E-05 0.0539022 9.98772E-05 9.98772E-05 0.0390762 0.0183815 9.98772E-05 0.0293967 0.201161 0.0196356
9.98246E-05 9.98246E-05 9.98246E-05 0.887606 9.98246E-05 9.98246E-05 9.98246E-05 9.98246E-05 9.98246E-05 0.0749687 9.98246E-05 9.98246E-05 9.98246E-05 9.98246E-05 9.98246E-05 9.98246E-05 9.98246E-05 9.98246E-05 9.98246E-05 9.98246E-05 0.0354291 9.98246E-05 9.98246E-05
9.98246E-05 9.98246E-05 9.98246E-05 0.654481 9.98246E-05 9.98246E-05 9.98246E-05 9.98246E-05 9.98246E-05 9.98246E-05 0.32815 9.98246E-05 9.98246E-05 9.98246E-05 9.98246E-05 9.98246E-05 9.98246E-05 9.98246E-05 0.0153724 9.98246E-05 9.98246E-05 9.98246E-05 9.98246E-05
9.98507E-05 9.98507E-05 0.0466411 9.98507E-05 0.043024 9.98507E-05 0.03422 9.98507E-05 9.98507E-05 9.98507E-05 9.98507E-05 9.98507E-05 0.0365925 9.98507E-05 9.98507E-05 9.98507E-05 9.98507E-05 9.98507E-05 9.98507E-05 0.730739 0.107086 9.98507E-05 9.98507E-05
9.98248E-05 9.98248E-05 9.98248E-05 9.98248E-05 9.98248E-05 9.98248E-05 9.98248E-05 9.98248E-05 9.98248E-05 9.98248E-05 9.98248E-05 9.98248E-05 9.98248E-05 0.0776978 9.98248E-05 9.98248E-05 0.0796599 9.98248E-05 9.98248E-05 0.840646 9.98248E-05 9.98248E-05 9.98248E-05
9.98333E-05 9.98333E-05 9.98333E-05 9.98333E-05 0.0172895 9.98333E-05 9.98333E-05 9.98333E-05 9.98333E-05 9.98333E-05 9.98333E-05 9.98333E-05 0.0894923 9.98333E-05 9.98333E-05 0.0340212 9.98333E-05 9.98333E-05 9.98333E-05 0.8573 9.98333E-05 9.98333E-05 9.98333E-05
9.98596E-05 9.98596E-05 9.98596E-05 9.98596E-05 9.98596E-05 0.172961 0.117388 9.98596E-05 9.98596E-05 9.98596E-05 9.98596E-05 9.98596E-05 0.000488283 9.98596E-05 0.27195 0.0453568 9.98596E-05 9.98596E-05 9.98596E-05 0.363904 0.0263544 9.98596E-05 9.98596E-05
9.98681E-05 9.98681E-05 0.0664085 9.98681E-05 9.98681E-05 9.98681E-05 0.069358 0.066883 9.98681E-05 9.98681E-05 9.98681E-05 9.98681E-05 0.036516 9.98681E-05 9.98681E-05 0.0370412 9.98681E-05 9.98681E-05 0.00473221 0.682905 0.0346576 9.98681E-05 9.98681E-05
9.98505E-05 9.98505E-05 0.0950471 9.98505E-05 9.98505E-05 9.98505E-05 0.0628897 9.98505E-05 0.01186 9.98505E-05 9.98505E-05 9.98505E-05 9.98505E-05 9.98505E-05 9.98505E-05 9.98505E-05 9.98505E-05 9.98505E-05 9.98505E-05 0.676677 0.131665 9.98505E-05 0.0201639
9.98682E-05 9.98682E-05 9.98682E-05 9.98682E-05 0.00775416 9.98682E-05 9.98682E-05 9.98682E-05 9.98682E-05 0.0997768 9.98682E-05 9.98682E-05 9.98682E-05 0.0491205 0.1525 0.0086347 9.98682E-05 9.98682E-05 9.98682E-05 0.547835 0.109878 9.98682E-05 0.023003
9.98506E-05 9.98506E-05 9.98506E-05 9.98506E-05 9.98506E-05 0.0197606 0.0511073 9.98506E-05 9.98506E-05 9.98506E-05 9.98506E-05 9.98506E-05 0.166679 9.98506E-05 0.0318067 9.98506E-05 9.98506E-05 9.98506E-05 9.98506E-05 0.625064 0.103884 9.98506E-05 9.98506E-05
9.98246E-05 9.98246E-05 9.98246E-05 9.98246E-05 9.98246E-05 9.98246E-05 9.98246E-05 9.98246E-05 0.0932063 9.98246E-05 9.98246E-05 9.98246E-05 9.98246E-05 9.98246E-05 0.0605007 9.98246E-05 9.98246E-05 9.98246E-05 9.98246E-05 0.844296 9.98246E-05 9.98246E-05 9.98246E-05
9.98332E-05 9.98332E-05 9.98332E-05 9.98332E-05 0.057424 9.98332E-05 0.000452932 9.98332E-05 9.98332E-05 9.98332E-05 9.98332E-05 9.98332E-05 9.98332E-05 9.98332E-05 9.98332E-05 9.98332E-05 9.98332E-05 9.98332E-05 9.98332E-05 0.932455 9.98332E-05 9.98332E-05 0.007771
9.98417E-05 9.98417E-05 9.98417E-05 9.98417E-05 0.138026 9.98417E-05 0.0660267 9.98417E-05 9.98417E-05 9.98417E-05 9.98417E-05 9.98417E-05 9.98417E-05 9.98417E-05 9.98417E-05 9.98417E-05 9.98417E-05 9.98417E-05 0.000298855 0.560641 0.23321 9.98417E-05 9.98417E-05
9.9877E-05 9.9877E-05 0.18347 9.9877E-05 0.045579 9.9877E-05 9.9877E-05 9.9877E-05 9.9877E-05 9.9877E-05 9.9877E-05 9.9877E-05 9.9877E-05 9.9877E-05 9.9877E-05 0.0197198 0.126827 0.0104028 0.0307178 0.424312 0.103476 9.9877E-05 0.0540978
9.9877E-05 9.9877E-05 9.9877E-05 9.9877E-05 0.0153497 0.116983 0.14917 9.9877E-05 9.9877E-05 9.9877E-05 9.9877E-05 0.0890117 9.9877E-05 9.9877E-05 0.0100607 9.9877E-05 9.9877E-05 0.0710375 0.05644 0.390026 9.9877E-05 9.9877E-05 0.100522
9.98507E-05 9.98507E-05 0.151006 9.98507E-05 9.98507E-05 0.00848415 9.98507E-05 9.98507E-05 9.98507E-05 9.98507E-05 9.98507E-05 0.127736 9.98507E-05 9.98507E-05 0.00691555 9.98507E-05 9.98507E-05 9.98507E-05 9.98507E-05 0.534647 0.169514 9.98507E-05 9.98507E-05
9.98161E-05 9.98161E-05 9.98161E-05 9.98161E-05 9.98161E-05 9.98161E-05 9.98161E-05 9.98161E-05 9.98161E-05 9.98161E-05 9.98161E-05 9.98161E-05 9.98161E-05 9.98161E-05 9.98161E-05 9.98161E-05 9.98161E-05 0.0683168 9.98161E-05 0.929587 9.98161E-05 9.98161E-05 9.98161E-05
9.98334E-05 9.98334E-05 9.98334E-05 9.98334E-05 0.00591973 9.98334E-05 0.0152096 9.98334E-05 9.98334E-05 9.98334E-05 9.98334E-05 9.98334E-05 9.98334E-05 9.98334E-05 9.98334E-05 9.98334E-05 9.98334E-05 9.98334E-05 9.98334E-05 0.964836 0.0121376 9.98334E-05 9.98334E-05
9.98418E-05 9.98418E-05 9.98418E-05 9.98418E-05 9.98418E-05 0.0733307 9.98418E-05 9.98418E-05 9.98418E-05 9.98418E-05 9.98418E-05 9.98418E-05 0.0359283 9.98418E-05 9.98418E-05 0.0902347 9.98418E-05 9.98418E-05 0.112053 0.686656 9.98418E-05 9.98418E-05 9.98418E-05
9.98507E-05 9.98507E-05 0.112481 9.98507E-05 0.0466438 9.98507E-05 0.0391001 9.98507E-05 9.98507E-05 9.98507E-05 9.98507E-05 9.98507E-05 9.98507E-05 9.98507E-05 9.98507E-05 9.98507E-05 9.98507E-05 9.98507E-05 0.0615449 0.577577 9.98507E-05 9.98507E-05 0.160956
9.98333E-05 9.98333E-05 9.98333E-05 9.98333E-05 0.01782 9.98333E-05 9.98333E-05 9.98333E-05 9.98333E-05 9.98333E-05 9.98333E-05 9.98333E-05 0.0447022 9.98333E-05 9.98333E-05 9.98333E-05 9.98333E-05 9.98333E-05 9.98333E-05 0.933489 9.98333E-05 9.98333E-05 0.00209222
9.98418E-05 9.98418E-05 9.98418E-05 9.98418E-05 9.98418E-05 9.98418E-05 9.98418E-05 0.0180858 9.98418E-05 9.98418E-05 9.98418E-05 9.98418E-05 9.98418E-05 9.98418E-05 9.98418E-05 9.98418E-05 9.98418E-05 0.112519 9.98418E-05 0.674427 0.185949 9.98418E-05 0.00722182
9.98075E-05 9.98075E-05 9.98075E-05 9.98075E-05 9.98075E-05 9.98075E-05 9.98075E-05 9.98075E-05 9.98075E-05 9.98075E-05 9.98075E-05 9.98075E-05 9.98075E-05 9.98075E-05 9.98075E-05 9.98075E-05 9.98075E-05 9.98075E-05 9.98075E-05 0.997804 9.98075E-05 9.98075E-05 9.98075E-05
9.98331E-05 9.98331E-05 0.252461 9.98331E-05 9.98331E-05 9.98331E-05 0.00384134 9.98331E-05 9.98331E-05 9.98331E-05 9.98331E-05 9.98331E-05 9.98331E-05 9.98331E-05 9.98331E-05 9.98331E-05 9.98331E-05 9.98331E-05 9.98331E-05 0.706661 0.0351396 9.98331E-05 9.98331E-05
9.98422E-05 9.98422E-05 0.0224592 9.98422E-05 9.98422E-05 0.201284 9.98422E-05 9.98422E-05 9.98422E-05 9.98422E-05 9.98422E-05 9.98422E-05 9.98422E-05 9.98422E-05 0.0419308 9.98422E-05 0.0173556 9.98422E-05 9.98422E-05 0.715173 9.98422E-05 9.98422E-05 9.98422E-05
9.98596E-05 9.98596E-05 9.98596E-05 9.98596E-05 0.0124284 0.0418938 0.038005 9.98596E-05 0.0574257 9.98596E-05 9.98596E-05 9.98596E-05 9.98596E-05 9.98596E-05 9.98596E-05 0.0233791 9.98596E-05 9.98596E-05 0.165075 0.660195 9.98596E-05 9.98596E-05 9.98596E-05
9.98243E-05 9.98243E-05 9.98243E-05 9.98243E-05 0.104356 9.98243E-05 9.98243E-05 9.98243E-05 9.98243E-05 9.98243E-05 9.98243E-05 9.98243E-05 9.98243E-05 9.98243E-05 9.98243E-05 9.98243E-05 9.98243E-05 9.98243E-05 9.98243E-05 0.781793 9.98243E-05 9.98243E-05 0.111854
9.98337E-05 9.98337E-05 9.98337E-05 9.98337E-05 0.0642933 9.98337E-05 0.0139248 9.98337E-05 9.98337E-05 9.98337E-05 9.98337E-05 9.98337E-05 0.0262167 9.98337E-05 9.98337E-05 9.98337E-05 9.98337E-05 9.98337E-05 9.98337E-05 0.893668 9.98337E-05 9.98337E-05 9.98337E-05
9.98334E-05 9.98334E-05 9.98334E-05 0.0313512 9.98334E-05 9.98334E-05 9.98334E-05 9.98334E-05 0.00912291 9.98334E-05 9.98334E-05 9.98334E-05 0.0538772 9.98334E-05 9.98334E-05 9.98334E-05 9.98334E-05 9.98334E-05 9.98334E-05 0.903752 9.98334E-05 9.98334E-05 9.98334E-05
9.98159E-05 9.98159E-05 9.98159E-05 9.98159E-05 9.98159E-05 9.98159E-05 9.98159E-05 9.98159E-05 9.98159E-05 9.98159E-05 9.98159E-05 9.98159E-05 9.98159E-05 9.98159E-05 9.98159E-05 9.98159E-05 9.98159E-05 9.98159E-05 9.98159E-05 0.95592 0.0419842 9.98159E-05 9.98159E-05
9.98421E-05 9.98421E-05 9.98421E-05 9.98421E-05 9.98421E-05 9.98421E-05 0.000239328 9.98421E-05 9.98421E-05 9.98421E-05 9.98421E-05 9.98421E-05 0.0856272 9.98421E-05 9.98421E-05 9.98421E-05 9.98421E-05 9.98421E-05 9.98421E-05 0.88768 9.98421E-05 0.00758633 0.01707
0.281563 9.98334E-05 9.98334E-05 9.98334E-05 9.98334E-05 9.98334E-05 0.0597347 9.98334E-05 9.98334E-05 9.98334E-05 9.98334E-05 9.98334E-05 9.98334E-05 9.98334E-05 9.98334E-05 9.98334E-05 9.98334E-05 9.98334E-05 9.98334E-05 0.530036 0.126769 9.98334E-05 9.98334E-05
9.98247E-05 9.98247E-05 9.98247E-05 9.98247E-05 9.98247E-05 0.76011 0.113876 9.98247E-05 9.98247E-05 9.98247E-05 9.98247E-05 9.98247E-05 9.98247E-05 9.98247E-05 9.98247E-05 9.98247E-05 9.98247E-05 9.98247E-05 9.98247E-05 9.98247E-05 0.124018 9.98247E-05 9.98247E-05
0.615134 9.98246E-05 9.98246E-05 9.98246E-05 9.98246E-05 0.363048 9.98246E-05 9.98246E-05 9.98246E-05 9.98246E-05 9.98246E-05 9.98246E-05 9.98246E-05 9.98246E-05 9.98246E-05 9.98246E-05 9.98246E-05 9.98246E-05 9.98246E-05 9.98246E-05 0.019821 9.98246E-05 9.98246E-05
9.98245E-05 9.98245E-05 9.98245E-05 9.98245E-05 9.98245E-05 0.882828 9.98245E-05 9.98245E-05 9.98245E-05 9.98245E-05 9.98245E-05 0.00740004 9.98245E-05 9.98245E-05 9.98245E-05 9.98245E-05 9.98245E-05 9.98245E-05 9.98245E-05 9.98245E-05 0.107776 9.98245E-05 9.98245E-05
9.9842E-05 9.9842E-05 9.9842E-05 9.9842E-05 0.00586935 0.757061 0.0593751 9.9842E-05 9.9842E-05 9.9842E-05 9.9842E-05 9.9842E-05 0.0361676 9.9842E-05 9.9842E-05 9.9842E-05 9.9842E-05 9.9842E-05 9.9842E-05 9.9842E-05 0.13973 9.9842E-05 9.9842E-05
9.98419E-05 9.98419E-05 9.98419E-05 9.98419E-05 9.98419E-05 0.860565 9.98419E-05 9.98419E-05 0.077223 0.0382502 9.98419E-05 9.98419E-05 0.00720747 9.98419E-05 9.98419E-05 9.98419E-05 9.98419E-05 9.98419E-05 9.98419E-05 9.98419E-05 9.98419E-05 9.98419E-05 0.0149571
0.0218578 0.0200272 9.98596E-05 9.98596E-05 9.98596E-05 0.705894 0.127132 9.98596E-05 9.98596E-05 0.0295532 9.98596E-05 9.98596E-05 9.98596E-05 9.98596E-05 0.0250935 9.98596E-05 9.98596E-05 9.98596E-05 9.98596E-05 9.98596E-05 0.0688445 9.98596E-05 9.98596E-05
0.0547697 9.98684E-05 0.0612923 9.98684E-05 0.0249588 0.647852 0.056399 9.98684E-05 9.98684E-05 9.98684E-05 9.98684E-05 9.98684E-05 0.00902928 9.98684E-05 9.98684E-05 9.98684E-05 9.98684E-05 9.98684E-05 9.98684E-05 9.98684E-05 0.124904 9.98684E-05 0.0192975
9.98157E-05 9.98157E-05 9.98157E-05 9.98157E-05 9.98157E-05 0.760389 0.237515 9.98157E-05 9.98157E-05 9.98157E-05 9.98157E-05 9.98157E-05 9.98157E-05 9.98157E-05 9.98157E-05 9.98157E-05 9.98157E-05 9.98157E-05 9.98157E-05 9.98157E-05 9.98157E-05 9.98157E-05 9.98157E-05
9.98506E-05 9.98506E-05 9.98506E-05 9.98506E-05 0.0407882 0.270501 0.254247 9.98506E-05 9.98506E-05 9.98506E-05 9.98506E-05 9.98506E-05 9.98506E-05 9.98506E-05 0.350243 9.98506E-05 0.0181695 9.98506E-05 9.98506E-05 9.98506E-05 0.0643536 9.98506E-05 9.98506E-05
9.98508E-05 9.98508E-05 0.00753669 9.98508E-05 9.98508E-05 0.433045 0.191914 9.98508E-05 9.98508E-05 0.0491843 9.98508E-05 9.98508E-05 9.98508E-05 9.98508E-05 9.98508E-05 9.98508E-05 9.98508E-05 9.98508E-05 9.98508E-05 9.98508E-05 0.313881 9.98508E-05 0.00274136
9.98334E-05 0.341877 9.98334E-05 9.98334E-05 9.98334E-05 0.435189 0.00172698 9.98334E-05 9.98334E-05 9.98334E-05 9.98334E-05 9.98334E-05 9.98334E-05 9.98334E-05 0.21931 9.98334E-05 9.98334E-05 9.98334E-05 9.98334E-05 9.98334E-05 9.98334E-05 9.98334E-05 9.98334E-05
9.98419E-05 0.167817 9.98419E-05 0.00849861 0.0279216 0.685836 9.98419E-05 9.98419E-05 9.98419E-05 9.98419E-05 9.98419E-05 9.98419E-05 9.98419E-05 9.98419E-05 0.108129 9.98419E-05 9.98419E-05 9.98419E-05 9.98419E-05 9.98419E-05 9.98419E-05 9.98419E-05 9.98419E-05
0.13749 9.98334E-05 9.98334E-05 9.98334E-05 9.98334E-05 0.724085 0.0891537 9.98334E-05 9.98334E-05 0.0473753 9.98334E-05 9.98334E-05 9.98334E-05 9.98334E-05 9.98334E-05 9.98334E-05 9.98334E-05 9.98334E-05 9.98334E-05 9.98334E-05 9.98334E-05 9.98334E-05 9.98334E-05
9.98335E-05 0.08649 9.98335E-05 9.98335E-05 9.98335E-05 0.57403 0.140489 9.98335E-05 9.98335E-05 9.98335E-05 9.98335E-05 9.98335E-05 9.98335E-05 9.98335E-05 9.98335E-05 9.98335E-05 9.98335E-05 9.98335E-05 9.98335E-05 9.98335E-05 0.197094 9.98335E-05 9.98335E-05
9.98509E-05 0.15834 9.98509E-05 9.98509E-05 9.98509E-05 0.525978 0.0700641 9.98509E-05 9.98509E-05 9.98509E-05 9.98509E-05 9.98509E-05 0.108907 9.98509E-05 9.98509E-05 9.98509E-05 9.98509E-05 0.061809 9.98509E-05 9.98509E-05 9.98509E-05 9.98509E-05 0.073204
9.9851E-05 9.9851E-05 9.9851E-05 9.9851E-05 0.00358845 0.62408 0.0432573 9.9851E-05 9.9851E-05 0.0707028 9.9851E-05 9.9851E-05 9.9851E-05 9.9851E-05 0.122314 9.9851E-05 9.9851E-05 9.9851E-05 9.9851E-05 9.9851E-05 0.13436 9.9851E-05 9.9851E-05
0.0177293 0.0704211 9.98596E-05 9.98596E-05 9.98596E-05 0.629664 0.0343842 0.0224071 9.98596E-05 9.98596E-05 9.98596E-05 9.98596E-05 9.98596E-05 9.98596E-05 0.173459 9.98596E-05 9.98596E-05 9.98596E-05 9.98596E-05 9.98596E-05 0.0503376 9.98596E-05 9.98596E-05
9.98511E-05 0.0708537 0.104604 9.98511E-05 0.00167567 0.626891 0.130432 9.98511E-05 9.98511E-05 9.98511E-05 9.98511E-05 9.98511E-05 9.98511E-05 9.98511E-05 9.98511E-05 0.0638465 9.98511E-05 9.98511E-05 9.98511E-05 9.98511E-05 9.98511E-05 9.98511E-05 9.98511E-05
9.98159E-05 0.0718607 9.98159E-05 9.98159E-05 9.98159E-05 0.926043 9.98159E-05 9.98159E-05 9.98159E-05 9.98159E-05 9.98159E-05 9.98159E-05 9.98159E-05 9.98159E-05 9.98159E-05 9.98159E-05 9.98159E-05 9.98159E-05 9.98159E-05 9.98159E-05 9.98159E-05 9.98159E-05 9.98159E-05
9.98771E-05 0.237409 0.00963063 9.98771E-05 0.0336097 0.369734 0.0299376 0.0628197 9.98771E-05 0.0555999 9.98771E-05 9.98771E-05 9.98771E-05 0.00319257 9.98771E-05 9.98771E-05 9.98771E-05 9.98771E-05 9.98771E-05 9.98771E-05 0.196668 9.98771E-05 9.98771E-05
9.98685E-05 0.123679 9.98685E-05 9.98685E-05 9.98685E-05 0.545926 0.0390289 9.98685E-05 9.98685E-05 0.0100918 9.98685E-05 0.0486239 0.0114839 9.98685E-05 0.0556006 9.98685E-05 9.98685E-05 9.98685E-05 9.98685E-05 9.98685E-05 0.164068 9.98685E-05 9.98685E-05
9.98246E-05 9.98246E-05 9.98246E-05 9.98246E-05 9.98246E-05 0.958343 0.0281172 9.98246E-05 9.98246E-05 9.98246E-05 9.98246E-05 9.98246E-05 9.98246E-05 9.98246E-05 9.98246E-05 9.98246E-05 9.98246E-05 9.98246E-05 9.98246E-05 9.98246E-05 9.98246E-05 9.98246E-05 0.0115434
9.9842E-05 9.9842E-05 9.9842E-05 9.9842E-05 9.9842E-05 0.573597 0.215406 9.9842E-05 9.9842E-05 9.9842E-05 9.9842E-05 9.9842E-05 9.9842E-05 0.0499789 0.057654 9.9842E-05 9.9842E-05 9.9842E-05 9.9842E-05 9.9842E-05 0.101566 9.9842E-05 9.9842E-05
9.98247E-05 0.142212 9.98247E-05 9.98247E-05 9.98247E-05 0.710887 0.144904 9.98247E-05 9.98247E-05 9.98247E-05 9.98247E-05 9.98247E-05 9.98247E-05 9.98247E-05 9.98247E-05 9.98247E-05 9.98247E-05 9.98247E-05 9.98247E-05 9.98247E-05 9.98247E-05 9.98247E-05 9.98247E-05
9.98507E-05 9.98507E-05 9.98507E-05 9.98507E-05 9.98507E-05 0.452676 0.225952 0.0537026 9.98507E-05 9.98507E-05 9.98507E-05 9.98507E-05 9.98507E-05 0.00138502 0.0707489 9.98507E-05 9.98507E-05 9.98507E-05 9.98507E-05 9.98507E-05 0.193837 9.98507E-05 9.98507E-05
0.501649 9.98684E-05 9.98684E-05 9.98684E-05 9.98684E-05 0.184988 0.117686 9.98684E-05 9.98684E-05 9.98684E-05 9.98684E-05 9.98684E-05 9.98684E-05 9.98684E-05 0.0411393 9.98684E-05 9.98684E-05 0.00238479 9.98684E-05 0.00203828 0.13912 9.98684E-05 0.00949748
9.98422E-05 0.767092 9.98422E-05 9.98422E-05 9.98422E-05 9.98422E-05 9.98422E-05 0.0305484 0.100323 9.98422E-05 9.98422E-05 9.98422E-05 9.98422E-05 9.98422E-05 9.98422E-05 9.98422E-05 9.98422E-05 9.98422E-05 9.98422E-05 9.98422E-05 0.0989956 9.98422E-05 0.00124396
9.98506E-05 9.98506E-05 9.98506E-05 9.98506E-05 9.98506E-05 0.763093 0.0923777 9.98506E-05 9.98506E-05 0.0297734 9.98506E-05 0.0107682 9.98506E-05 9.98506E-05 9.98506E-05 9.98506E-05 9.98506E-05 9.98506E-05 0.0688962 9.98506E-05 0.0333941 9.98506E-05 9.98506E-05
9.98422E-05 0.0245943 9.98422E-05 9.98422E-05 9.98422E-05 0.530425 0.205682 9.98422E-05 9.98422E-05 9.98422E-05 9.98422E-05 9.98422E-05 9.98422E-05 9.98422E-05 0.0540334 9.98422E-05 9.98422E-05 9.98422E-05 9.98422E-05 9.98422E-05 0.183468 9.98422E-05 9.98422E-05
0.0922555 0.0127006 9.98598E-05 9.98598E-05 0.0274624 0.682845 9.98598E-05 9.98598E-05 9.98598E-05 9.98598E-05 9.98598E-05 0.103538 0.00313569 9.98598E-05 9.98598E-05 9.98598E-05 9.98598E-05 9.98598E-05 9.98598E-05 9.98598E-05 0.0764645 9.98598E-05 9.98598E-05
0.105793 9.98509E-05 9.98509E-05 9.98509E-05 0.0207665 0.641186 0.0221623 9.98509E-05 9.98509E-05 9.98509E-05 9.98509E-05 9.98509E-05 9.98509E-05 9.98509E-05 9.98509E-05 9.98509E-05 9.98509E-05 0.0225833 9.98509E-05 9.98509E-05 0.185811 9.98509E-05 9.98509E-05
0.0669025 9.98245E-05 9.98245E-05 9.98245E-05 9.98245E-05 0.86686 9.98245E-05 9.98245E-05 9.98245E-05 9.98245E-05 9.98245E-05 9.98245E-05 9.98245E-05 9.98245E-05 9.98245E-05 9.98245E-05 9.98245E-05 0.0642412 9.98245E-05 9.98245E-05 9.98245E-05 9.98245E-05 9.98245E-05
9.98421E-05 9.98421E-05 9.98421E-05 9.98421E-05 9.98421E-05 0.265879 0.297803 0.163901 9.98421E-05 9.98421E-05 9.98421E-05 0.130883 9.98421E-05 9.98421E-05 9.98421E-05 9.98421E-05 9.98421E-05 9.98421E-05 9.98421E-05 9.98421E-05 0.139737 9.98421E-05 9.98421E-05
9.98419E-05 9.98419E-05 0.114777 9.98419E-05 9.98419E-05 0.770502 0.0213141 9.98419E-05 9.98419E-05 9.98419E-05 9.98419E-05 9.98419E-05 9.98419E-05 9.98419E-05 9.98419E-05 9.98419E-05 0.0155556 9.98419E-05 9.98419E-05 9.98419E-05 0.0760547 9.98419E-05 9.98419E-05
0.041096 0.00797186 9.98422E-05 9.98422E-05 9.98422E-05 0.880581 9.98422E-05 9.98422E-05 9.98422E-05 0.0336188 9.98422E-05 9.98422E-05 9.98422E-05 9.98422E-05 9.98422E-05 9.98422E-05 9.98422E-05 9.98422E-05 9.98422E-05 9.98422E-05 0.0349349 9.98422E-05 9.98422E-05
0.0654097 0.0520032 9.98684E-05 9.98684E-05 0.0402843 0.636717 0.103348 9.98684E-05 9.98684E-05 0.0568898 9.98684E-05 9.98684E-05 9.98684E-05 9.98684E-05 9.98684E-05 9.98684E-05 9.98684E-05 0.00780616 9.98684E-05 9.98684E-05 9.98684E-05 9.98684E-05 0.0360441
9.98332E-05 9.98332E-05 9.98332E-05 9.98332E-05 9.98332E-05 0.678095 0.0679882 9.98332E-05 9.98332E-05 9.98332E-05 9.98332E-05 9.98332E-05 0.0529502 9.98332E-05 9.98332E-05 9.98332E-05 9.98332E-05 9.98332E-05 9.98332E-05 9.98332E-05 0.19907 9.98332E-05 9.98332E-05
9.98244E-05 0.734767 9.98244E-05 9.98244E-05 9.98244E-05 0.162912 9.98244E-05 9.98244E-05 9.98244E-05 0.100324 9.98244E-05 9.98244E-05 9.98244E-05 9.98244E-05 9.98244E-05 9.98244E-05 9.98244E-05 9.98244E-05 9.98244E-05 9.98244E-05 9.98244E-05 9.98244E-05 9.98244E-05
0.0403846 0.282298 9.98685E-05 9.98685E-05 0.0275566 0.530371 0.00903306 9.98685E-05 9.98685E-05 9.98685E-05 9.98685E-05 9.98685E-05 0.0138709 9.98685E-05 9.98685E-05 9.98685E-05 9.98685E-05 9.98685E-05 9.98685E-05 9.98685E-05 0.0766475 9.98685E-05 0.0183405
0.523226 9.98246E-05 9.98246E-05 9.98246E-05 9.98246E-05 0.463153 9.98246E-05 9.98246E-05 9.98246E-05 9.98246E-05 9.98246E-05 0.0116242 9.98246E-05 9.98246E-05 9.98246E-05 9.98246E-05 9.98246E-05 9.98246E-05 9.98246E-05 9.98246E-05 9.98246E-05 9.98246E-05 9.98246E-05
9.98334E-05 0.554245 9.98334E-05 9.98334E-05 9.98334E-05 0.403149 0.0346797 9.98334E-05 9.98334E-05 9.98334E-05 9.98334E-05 9.98334E-05 9.98334E-05 9.98334E-05 0.00602946 9.98334E-05 9.98334E-05 9.98334E-05 9.98334E-05 9.98334E-05 9.98334E-05 9.98334E-05 9.98334E-05
9.98508E-05 9.98508E-05 9.98508E-05 9.98508E-05 9.98508E-05 0.478159 0.106086 9.98508E-05 9.98508E-05 0.000186468 9.98508E-05 0.020011 9.98508E-05 9.98508E-05 0.149497 9.98508E-05 9.98508E-05 9.98508E-05 9.98508E-05 9.98508E-05 0.244363 9.98508E-05 9.98508E-05
9.9842E-05 9.9842E-05 0.036008 9.9842E-05 9.9842E-05 0.667679 0.170844 9.9842E-05 9.9842E-05 9.9842E-05 9.9842E-05 9.9842E-05 9.9842E-05 9.9842E-05 0.00564021 9.9842E-05 0.118032 9.9842E-05 9.9842E-05 9.9842E-05 9.9842E-05 9.9842E-05 9.9842E-05
9.98509E-05 0.640302 9.98509E-05 9.98509E-05 9.98509E-05 0.174451 0.0653407 0.0580421 9.98509E-05 9.98509E-05 0.0114168 9.98509E-05 9.98509E-05 9.98509E-05 9.98509E-05 9.98509E-05 9.98509E-05 9.98509E-05 9.98509E-05 9.98509E-05 0.0487494 9.98509E-05 9.98509E-05
9.98247E-05 0.519165 9.98247E-05 9.98247E-05 9.98247E-05 0.415419 9.98247E-05 9.98247E-05 9.98247E-05 9.98247E-05 9.98247E-05 9.98247E-05 9.98247E-05 9.98247E-05 9.98247E-05 9.98247E-05 9.98247E-05 9.98247E-05 9.98247E-05 9.98247E-05 0.063419 9.98247E-05 9.98247E-05
9.98595E-05 9.98595E-05 0.0440253 9.98595E-05 9.98595E-05 0.425454 0.0882176 0.130161 9.98595E-05 9.98595E-05 9.98595E-05 9.98595E-05 9.98595E-05 9.98595E-05 0.213765 0.027662 9.98595E-05 9.98595E-05 9.98595E-05 9.98595E-05 0.069118 9.98595E-05 9.98595E-05
9.98509E-05 9.98509E-05 9.98509E-05 9.98509E-05 0.0401026 0.603224 0.0756731 9.98509E-05 9.98509E-05 9.98509E-05 9.98509E-05 9.98509E-05 9.98509E-05 9.98509E-05 9.98509E-05 9.98509E-05 9.98509E-05 9.98509E-05 9.98509E-05 0.193341 0.0560793 9.98509E-05 0.0298825
0.00244958 0.0119761 0.027437 9.98861E-05 9.98861E-05 0.401105 0.186725 9.98861E-05 0.111459 9.98861E-05 9.98861E-05 9.98861E-05 9.98861E-05 9.98861E-05 0.110095 9.98861E-05 9.98861E-05 0.0322883 9.98861E-05 9.98861E-05 0.068266 9.98861E-05 0.0469002
9.98509E-05 9.98509E-05 0.0411267 9.98509E-05 9.98509E-05 0.458451 0.26972 0.00260545 9.98509E-05 9.98509E-05 9.98509E-05 9.98509E-05 9.98509E-05 9.98509E-05 9.98509E-05 9.98509E-05 9.98509E-05 9.98509E-05 9.98509E-05 0.00380732 0.222592 9.98509E-05 9.98509E-05
0.47947 0.193931 9.98245E-05 9.98245E-05 9.98245E-05 0.324603 9.98245E-05 9.98245E-05 9.98245E-05 9.98245E-05 9.98245E-05 9.98245E-05 9.98245E-05 9.98245E-05 9.98245E-05 9.98245E-05 9.98245E-05 9.98245E-05 9.98245E-05 9.98245E-05 9.98245E-05 9.98245E-05 9.98245E-05
9.98331E-05 9.98331E-05 9.98331E-05 9.98331E-05 9.98331E-05 0.719406 9.98331E-05 9.98331E-05 9.98331E-05 0.120185 9.98331E-05 9.98331E-05 9.98331E-05 9.98331E-05 9.98331E-05 0.0349868 9.98331E-05 9.98331E-05 9.98331E-05 9.98331E-05 0.123526 9.98331E-05 9.98331E-05
0.0643835 0.656511 9.98334E-05 9.98334E-05 9.98334E-05 0.163099 0.114109 9.98334E-05 9.98334E-05 9.98334E-05 9.98334E-05 9.98334E-05 9.98334E-05 9.98334E-05 9.98334E-05 9.98334E-05 9.98334E-05 9.98334E-05 9.98334E-05 9.98334E-05 9.98334E-05 9.98334E-05 9.98334E-05
9.98334E-05 0.288724 9.98334E-05 9.98334E-05 9.98334E-05 0.461694 0.115677 9.98334E-05 9.98334E-05 9.98334E-05 9.98334E-05 9.98334E-05 9.98334E-05 9.98334E-05 9.98334E-05 9.98334E-05 9.98334E-05 9.98334E-05 9.98334E-05 9.98334E-05 0.132008 9.98334E-05 9.98334E-05
9.98245E-05 9.98245E-05 9.98245E-05 9.98245E-05 9.98245E-05 0.917072 0.040145 9.98245E-05 9.98245E-05 9.98245E-05 9.98245E-05 9.98245E-05 9.98245E-05 9.98245E-05 9.98245E-05 9.98245E-05 9.98245E-05 0.0407868 9.98245E-05 9.98245E-05 9.98245E-05 9.98245E-05 9.98245E-05
9.98156E-05 9.98156E-05 9.98156E-05 9.98156E-05 9.98156E-05 0.847959 9.98156E-05 9.98156E-05 9.98156E-05 0.149944 9.98156E-05 9.98156E-05 9.98156E-05 9.98156E-05 9.98156E-05 9.98156E-05 9.98156E-05 9.98156E-05 9.98156E-05 9.98156E-05 9.98156E-05 9.98156E-05 9.98156E-05
9.9842E-05 9.9842E-05 9.9842E-05 9.9842E-05 9.9842E-05 0.467707 0.250241 9.9842E-05 9.9842E-05 9.9842E-05 9.9842E-05 9.9842E-05 9.9842E-05 0.0922675 0.137664 9.9842E-05 9.9842E-05 9.9842E-05 9.9842E-05 9.9842E-05 0.0503224 9.9842E-05 9.9842E-05
9.98244E-05 9.98244E-05 9.98244E-05 9.98244E-05 9.98244E-05 0.776594 0.112121 9.98244E-05 9.98244E-05 9.98244E-05 9.98244E-05 9.98244E-05 9.98244E-05 9.98244E-05 9.98244E-05 9.98244E-05 9.98244E-05 9.98244E-05 9.98244E-05 9.98244E-05 0.109288 9.98244E-05 9.98244E-05
9.98333E-05 9.98333E-05 9.98333E-05 9.98333E-05 0.00984825 0.956138 0.0233234 9.98333E-05 9.98333E-05 9.98333E-05 9.98333E-05 9.98333E-05 9.98333E-05 9.98333E-05 9.98333E-05 9.98333E-05 9.98333E-05 0.00879394 9.98333E-05 9.98333E-05 9.98333E-05 9.98333E-05 9.98333E-05
9.98334E-05 0.0653333 9.98334E-05 9.98334E-05 9.98334E-05 0.792965 9.98334E-05 0.0955734 9.98334E-05 9.98334E-05 9.98334E-05 9.98334E-05 9.98334E-05 9.98334E-05 9.98334E-05 9.98334E-05 9.98334E-05 9.98334E-05 9.98334E-05 9.98334E-05 0.0442314 9.98334E-05 9.98334E-05
9.98421E-05 0.233845 9.98421E-05 9.98421E-05 9.98421E-05 0.411936 0.160454 9.98421E-05 9.98421E-05 9.98421E-05 9.98421E-05 9.98421E-05 9.98421E-05 9.98421E-05 0.109935 9.98421E-05 9.98421E-05 9.98421E-05 9.98421E-05 9.98421E-05 0.082032 9.98421E-05 9.98421E-05
9.98068E-05 9.98068E-05 9.98068E-05 9.98068E-05 9.98068E-05 9.98068E-05 9.98068E-05 9.98068E-05 9.98068E-05 9.98068E-05 9.98068E-05 9.98068E-05 9.98068E-05 9.98068E-05 9.98068E-05 9.98068E-05 9.98068E-05 9.98068E-05 9.98068E-05 9.98068E-05 0.997804 9.98068E-05 9.98068E-05
9.98067E-05 9.98067E-05 9.98067E-05 9.98067E-05 9.98067E-05 9.98067E-05 0.997804 9.98067E-05 9.98067E-05 9.98067E-05 9.98067E-05 9.98067E-05 9.98067E-05 9.98067E-05 9.98067E-05 9.98067E-05 9.98067E-05 9.98067E-05 9.98067E-05 9.98067E-05 9.98067E-05 9.98067E-05 9.98067E-05
9.98067E-05 9.98067E-05 9.98067E-05 9.98067E-05 9.98067E-05 9.98067E-05 9.98067E-05 9.98067E-05 9.98067E-05 9.98067E-05 9.98067E-05 9.98067E-05 9.98067E-05 9.98067E-05 9.98067E-05 9.98067E-05 9.98067E-05 9.98067E-05 9.98067E-05 9.98067E-05 0.997804 9.98067E-05 9.98067E-05
