9.99736E-05 0.0220525 9.99736E-05 0.0948294 0.0540909 0.590407 0.23832 9.99736E-05
9.99649E-05 0.00201274 9.99649E-05 0.0686903 9.99649E-05 0.785502 0.143396 9.99649E-05
9.99561E-05 0.0350545 9.99561E-05 9.99561E-05 0.00734568 0.9571 9.99561E-05 9.99561E-05
9.99824E-05 0.118645 0.358755 0.0455111 9.99824E-05 0.328171 0.114046 0.0346727
9.99561E-05 0.010589 0.134546 9.99561E-05 9.99561E-05 0.854366 9.99561E-05 9.99561E-05
9.99649E-05 9.99649E-05 0.263744 9.99649E-05 9.99649E-05 0.281103 0.350182 0.104572
0.0944314 9.99737E-05 0.27847 0.129714 9.99737E-05 0.390609 0.106476 9.99737E-05
0.204497 9.99825E-05 0.183651 0.0643799 0.0357458 0.286807 0.224719 9.99825E-05
9.99649E-05 0.070927 0.152773 9.99649E-05 9.99649E-05 0.223508 0.552392 9.99649E-05
9.99473E-05 9.99473E-05 9.99473E-05 9.99473E-05 0.00858633 0.990814 9.99473E-05 9.99473E-05
9.99649E-05 0.0336178 9.99649E-05 0.102577 9.99649E-05 0.635905 0.227501 9.99649E-05
9.99473E-05 9.99473E-05 0.041364 9.99473E-05 9.99473E-05 0.958036 9.99473E-05 9.99473E-05
9.99561E-05 9.99561E-05 0.0335884 9.99561E-05 9.99561E-05 0.918766 0.0471463 9.99561E-05
0.0928223 9.99649E-05 9.99649E-05 0.00857723 9.99649E-05 0.695861 9.99649E-05 0.20234
9.99649E-05 9.99649E-05 0.149529 9.99649E-05 9.99649E-05 0.400702 0.412915 0.0364538
0.139684 9.99649E-05 0.164668 9.99649E-05 9.99649E-05 0.319075 0.376174 9.99649E-05
0.0375816 9.99825E-05 0.0204065 0.0619214 9.99825E-05 0.682092 0.144661 0.0531381
9.99649E-05 0.152883 9.99649E-05 9.99649E-05 0.206784 0.378531 0.261402 9.99649E-05
9.99824E-05 0.0236688 0.171166 0.0295454 0.0603224 0.411789 0.303309 9.99824E-05
9.99473E-05 0.0514897 9.99473E-05 9.99473E-05 9.99473E-05 0.947911 9.99473E-05 9.99473E-05
9.99737E-05 0.00362749 0.281836 0.0863403 9.99737E-05 0.499218 0.128678 9.99737E-05
9.99649E-05 9.99649E-05 0.334072 0.0159422 9.99649E-05 0.35368 0.295906 9.99649E-05
9.99561E-05 9.99561E-05 9.99561E-05 0.0634266 9.99561E-05 0.77544 0.160633 9.99561E-05
0.177144 9.99649E-05 9.99649E-05 9.99649E-05 0.0206297 0.554484 0.247342 9.99649E-05
9.99737E-05 0.107964 9.99737E-05 0.17626 9.99737E-05 0.281543 0.424851 0.00908127
9.99649E-05 9.99649E-05 0.120671 9.99649E-05 9.99649E-05 0.756735 0.0651461 0.0570486
0.126014 0.00363624 0.0441717 0.016941 0.151915 0.185324 0.328176 0.143822
9.99649E-05 9.99649E-05 0.126726 0.0100655 9.99649E-05 0.850094 0.0127149 9.99649E-05
9.99649E-05 0.0942952 9.99649E-05 9.99649E-05 9.99649E-05 0.718825 0.100201 0.0862794
9.99649E-05 9.99649E-05 9.99649E-05 0.067108 9.99649E-05 0.744352 0.119453 0.0686871
9.99737E-05 0.00159351 9.99737E-05 0.111953 0.00176412 0.749516 0.134873 9.99737E-05
9.99649E-05 9.99649E-05 0.116849 0.0221847 9.99649E-05 0.576854 9.99649E-05 0.283713
0.0292781 9.99736E-05 9.99736E-05 0.170375 9.99736E-05 0.674527 0.120619 0.00490086
0.0772941 9.99824E-05 0.120544 9.99824E-05 0.0163899 0.46963 0.0842661 0.231676
9.995E-05 0.0939634 9.995E-05 0.0675778 9.995E-05 0.837959 9.995E-05 9.995E-05
0.00386713 0.0696926 9.99824E-05 0.0632537 0.0249746 0.775254 0.0627583 9.99824E-05
0.0533346 9.99561E-05 9.99561E-05 0.00658104 9.99561E-05 0.939585 9.99561E-05 9.99561E-05
9.99562E-05 0.128097 9.99562E-05 9.99562E-05 9.99562E-05 0.575759 0.295645 9.99562E-05
9.99825E-05 0.0127668 0.0647438 0.0256287 9.99825E-05 0.531785 0.22371 0.141166
0.189649 9.99648E-05 9.99648E-05 9.99648E-05 9.99648E-05 0.574268 0.0324502 0.203233
9.99649E-05 9.99649E-05 0.020171 0.038833 9.99649E-05 0.863887 0.0767093 9.99649E-05
9.99561E-05 9.99561E-05 0.0150798 9.99561E-05 9.99561E-05 0.719401 0.265019 9.99561E-05
9.99561E-05 9.99561E-05 0.0866928 9.99561E-05 9.99561E-05 0.809901 9.99561E-05 0.102907
9.99737E-05 0.0118707 9.99737E-05 0.0916483 0.019521 0.420658 0.456002 9.99737E-05
9.99561E-05 9.99561E-05 0.418679 9.99561E-05 9.99561E-05 0.364147 0.216674 9.99561E-05
9.99561E-05 0.104452 9.99561E-05 9.99561E-05 0.0250745 0.869974 9.99561E-05 9.99561E-05
9.99649E-05 9.99649E-05 9.99649E-05 0.0199426 0.0221997 0.87966 0.0777978 9.99649E-05
9.994E-05 9.994E-05 9.994E-05 9.994E-05 9.994E-05 0.9993 9.994E-05 9.994E-05
9.99648E-05 9.99648E-05 0.204056 0.0249288 9.99648E-05 0.754223 0.016392 9.99648E-05
0.0151782 0.0602797 9.99737E-05 9.99737E-05 0.0777963 0.835114 0.0113322 9.99737E-05
9.999E-05 0.113067 0.0734811 0.0875343 0.0102926 0.299067 0.337136 0.0793229
0.0638084 0.110233 0.203249 9.99737E-05 0.00247394 0.619936 9.99737E-05 9.99737E-05
9.99561E-05 9.99561E-05 9.99561E-05 9.99561E-05 0.033822 0.922117 0.0435616 9.99561E-05
0.244868 0.0171909 9.99825E-05 9.99825E-05 0.00534681 0.676599 0.00908959 0.0467062
9.99649E-05 0.0021746 0.109096 9.99649E-05 9.99649E-05 0.877293 0.0110369 9.99649E-05
9.99737E-05 0.120572 0.0135838 0.000712954 9.99737E-05 0.735245 9.99737E-05 0.129586
9.99736E-05 9.99736E-05 0.0726293 0.0143505 0.0561072 0.79998 0.0566335 9.99736E-05
9.99561E-05 9.99561E-05 0.0596423 0.0494216 9.99561E-05 0.890436 9.99561E-05 9.99561E-05
0.0194952 9.99824E-05 0.00354538 0.0277049 0.0677781 0.828303 0.0529734 9.99824E-05
0.0153337 9.99737E-05 9.99737E-05 0.078365 0.156629 0.171594 0.577778 9.99737E-05
0.13622 9.99825E-05 0.0921326 0.0134421 0.0218874 0.466081 0.270037 9.99825E-05
0.166223 9.99824E-05 9.99824E-05 0.0116616 0.146798 0.392757 0.245987 0.0363734
0.015128 9.99737E-05 9.99737E-05 0.0247821 0.0947633 9.99737E-05 0.67364 0.191387
0.0585266 0.0518102 0.0944053 0.0128876 0.0979374 0.221302 0.463031 9.99912E-05
9.99649E-05 9.99649E-05 9.99649E-05 0.0532002 0.131341 0.0799553 0.735104 9.99649E-05
9.99737E-05 0.000153621 9.99737E-05 0.0835498 0.0527799 0.145017 0.7182 9.99737E-05
0.0869116 9.99737E-05 9.99737E-05 0.0113582 0.166384 0.0514366 0.683609 9.99737E-05
9.99649E-05 9.99649E-05 9.99649E-05 9.99649E-05 0.133239 0.327135 0.423055 0.116171
9.99737E-05 9.99737E-05 0.0119999 0.144281 0.0279854 0.380953 0.434481 9.99737E-05
9.99649E-05 0.0346042 9.99649E-05 0.211964 0.0655026 9.99649E-05 0.687529 9.99649E-05
0.211205 9.99824E-05 0.0161982 0.150948 0.0711651 0.122209 0.428075 9.99824E-05
0.0714836 9.99912E-05 0.12676 0.152564 0.0763502 0.0364699 0.501028 0.0352442
0.10585 9.99649E-05 0.131764 9.99649E-05 9.99649E-05 0.146863 0.615123 9.99649E-05
0.197713 9.99825E-05 9.99825E-05 0.0201911 0.0109234 0.31858 0.205155 0.247238
9.99737E-05 9.99737E-05 9.99737E-05 0.0808517 0.0478582 0.357136 0.466065 0.0477888
0.0316768 9.99912E-05 0.297904 0.00489346 0.179132 0.041402 0.332446 0.112445
9.99737E-05 9.99737E-05 0.16065 0.224057 0.0985166 0.211877 0.3046 9.99737E-05
9.99649E-05 9.99649E-05 9.99649E-05 0.0841426 0.190505 0.322481 0.402471 9.99649E-05
0.130322 9.99912E-05 0.106519 0.0399512 0.0510625 0.0032987 0.631341 0.0374052
0.0963744 9.99825E-05 9.99825E-05 0.000527698 0.0710826 0.458205 0.348109 0.0255017
0.0532422 0.0582291 0.226485 9.99824E-05 0.0891866 0.165996 0.406661 9.99824E-05
0.00068349 9.99824E-05 9.99824E-05 0.0624906 0.0525135 0.277658 0.395523 0.210931
0.0267522 0.036337 0.179915 0.0173619 0.152158 0.247322 0.328083 0.0120713
9.99649E-05 9.99649E-05 0.0461916 0.252733 9.99649E-05 0.334494 0.366181 9.99649E-05
9.99737E-05 0.0273193 9.99737E-05 0.0712457 9.99737E-05 0.403111 0.414033 0.0839909
0.0485613 9.99737E-05 9.99737E-05 9.99737E-05 0.107654 0.541449 0.2821 0.0199363
0.0875362 0.0315831 9.99737E-05 9.99737E-05 0.0661651 0.364281 0.450135 9.99737E-05
9.99561E-05 9.99561E-05 9.99561E-05 9.99561E-05 0.247903 0.385344 0.366254 9.99561E-05
0.0302323 9.99649E-05 9.99649E-05 9.99649E-05 9.99649E-05 0.350527 0.461252 0.157589
9.9956E-05 9.9956E-05 9.9956E-05 0.0110492 9.9956E-05 9.9956E-05 0.268513 0.719938
9.994E-05 9.994E-05 9.994E-05 9.994E-05 9.994E-05 9.994E-05 9.994E-05 0.9993
0.0179248 9.99736E-05 0.0168179 9.99736E-05 0.12412 9.99736E-05 0.155331 0.685506
9.99648E-05 0.0156333 9.99648E-05 9.99648E-05 0.0783074 9.99648E-05 0.264811 0.640849
9.99648E-05 0.0609099 9.99648E-05 9.99648E-05 0.0648132 9.99648E-05 0.188127 0.68575
9.99649E-05 0.0193034 0.00188832 9.99649E-05 9.99649E-05 9.99649E-05 0.467597 0.510811
9.99648E-05 9.99648E-05 9.99648E-05 0.0343201 0.0683702 9.99648E-05 0.241411 0.655499
9.99649E-05 0.0637833 9.99649E-05 0.00424457 9.99649E-05 9.99649E-05 0.378303 0.55327
9.9956E-05 9.9956E-05 9.9956E-05 0.0521553 9.9956E-05 9.9956E-05 0.782257 0.165087
9.99736E-05 0.0176431 0.0586451 9.99736E-05 0.00605393 9.99736E-05 0.478337 0.439021
9.99474E-05 9.99474E-05 9.99474E-05 9.99474E-05 9.99474E-05 9.99474E-05 0.207775 0.791625
9.99649E-05 0.0428228 9.99649E-05 0.0178414 9.99649E-05 9.99649E-05 0.195072 0.743864
9.99561E-05 9.99561E-05 9.99561E-05 0.0146283 9.99561E-05 9.99561E-05 0.0772717 0.9076
9.99473E-05 9.99473E-05 9.99473E-05 9.99473E-05 9.99473E-05 9.99473E-05 0.407752 0.591648
0.016659 9.99736E-05 9.99736E-05 0.0176034 0.148741 9.99736E-05 0.0429293 0.773767
0.0378083 9.99649E-05 9.99649E-05 0.0374751 9.99649E-05 9.99649E-05 0.30553 0.618787
9.99561E-05 0.134462 9.99561E-05 9.99561E-05 9.99561E-05 9.99561E-05 0.316278 0.54876
0.000435713 9.997E-05 0.113249 0.030394 9.997E-05 9.997E-05 0.110756 0.744865
9.99561E-05 9.99561E-05 9.99561E-05 0.0506307 9.99561E-05 9.99561E-05 0.108188 0.840681
9.99737E-05 0.0112549 9.99737E-05 0.0789997 0.0338871 9.99737E-05 0.208736 0.666822
9.99561E-05 9.99561E-05 0.0422626 9.99561E-05 9.99561E-05 9.99561E-05 0.262123 0.695114
9.99648E-05 9.99648E-05 9.99648E-05 0.0735059 0.0569153 9.99648E-05 0.03941 0.829769
9.99648E-05 0.131599 0.0324625 9.99648E-05 9.99648E-05 9.99648E-05 0.609918 0.225621
9.99561E-05 9.99561E-05 9.99561E-05 0.00557832 9.99561E-05 9.99561E-05 0.214413 0.779509
9.99648E-05 0.0872948 9.99648E-05 0.0188566 9.99648E-05 9.99648E-05 0.669569 0.22388
9.99474E-05 9.99474E-05 9.99474E-05 9.99474E-05 9.99474E-05 9.99474E-05 0.388506 0.610895
9.99562E-05 0.0553662 9.99562E-05 9.99562E-05 9.99562E-05 0.102759 9.99562E-05 0.841375
9.99648E-05 0.0115288 0.0986232 9.99648E-05 9.99648E-05 9.99648E-05 0.180105 0.709344
9.99473E-05 9.99473E-05 9.99473E-05 9.99473E-05 9.99473E-05 9.99473E-05 0.527574 0.471826
9.99649E-05 0.116956 9.99649E-05 0.0599964 9.99649E-05 9.99649E-05 0.160732 0.661915
0.0257171 9.99649E-05 9.99649E-05 0.0431666 9.99649E-05 9.99649E-05 0.213622 0.717095
0.0860639 0.0512167 9.99561E-05 9.99561E-05 9.99561E-05 9.99561E-05 9.99561E-05 0.86222
9.99648E-05 0.229316 9.99648E-05 0.031071 9.99648E-05 9.99648E-05 0.525899 0.213314
9.99648E-05 0.063021 9.99648E-05 0.00110047 9.99648E-05 9.99648E-05 0.23918 0.696299
9.99473E-05 9.99473E-05 9.99473E-05 9.99473E-05 9.99473E-05 9.99473E-05 0.0682446 0.931156
0.0477461 9.99649E-05 9.99649E-05 0.0565303 9.99649E-05 9.99649E-05 0.117702 0.777622
9.99648E-05 9.99648E-05 9.99648E-05 0.0735057 0.0913476 9.99648E-05 0.291786 0.542961
9.994E-05 9.994E-05 9.994E-05 9.994E-05 9.994E-05 9.994E-05 9.994E-05 0.9993
9.99473E-05 0.0697573 9.99473E-05 9.99473E-05 9.99473E-05 9.99473E-05 9.99473E-05 0.929643
9.994E-05 9.994E-05 9.994E-05 9.994E-05 9.994E-05 9.994E-05 9.994E-05 0.9993
9.994E-05 9.994E-05 9.994E-05 9.994E-05 9.994E-05 9.994E-05 9.994E-05 0.9993
9.9956E-05 9.9956E-05 0.0103883 9.9956E-05 9.9956E-05 9.9956E-05 0.663883 0.325229
9.99561E-05 9.99561E-05 0.0232835 9.99561E-05 9.99561E-05 9.99561E-05 0.230773 0.745444
9.99474E-05 9.99474E-05 9.99474E-05 9.99474E-05 9.99474E-05 9.99474E-05 0.124937 0.874463
9.99474E-05 9.99474E-05 9.99474E-05 9.99474E-05 9.99474E-05 0.00909123 9.99474E-05 0.990309
9.99736E-05 0.124304 9.99736E-05 0.0181383 0.010801 9.99736E-05 0.531701 0.314756
9.99649E-05 9.99649E-05 9.99649E-05 0.0108571 0.0134048 9.99649E-05 0.339474 0.635864
0.0407991 9.99649E-05 9.99649E-05 9.99649E-05 0.0552223 9.99649E-05 0.324577 0.579002
9.99649E-05 0.0606758 9.99649E-05 0.0384383 9.99649E-05 9.99649E-05 0.621421 0.279065
9.994E-05 9.994E-05 9.994E-05 9.994E-05 9.994E-05 9.994E-05 9.994E-05 0.9993
0.0636796 0.0356046 0.146326 0.0247783 9.99824E-05 9.99824E-05 0.161211 0.568201
9.99474E-05 9.99474E-05 9.99474E-05 9.99474E-05 9.99474E-05 9.99474E-05 0.0463617 0.953039
9.99561E-05 9.99561E-05 9.99561E-05 9.99561E-05 0.0319676 9.99561E-05 0.166739 0.800794
0.147198 9.99648E-05 9.99648E-05 9.99648E-05 0.00370893 9.99648E-05 0.121825 0.726868
9.99736E-05 0.0286234 0.0581237 0.0165008 0.0779427 9.99736E-05 9.99736E-05 0.81851
9.99473E-05 9.99473E-05 9.99473E-05 9.99473E-05 9.99473E-05 9.99473E-05 0.642582 0.356818
9.9956E-05 0.0129743 9.9956E-05 9.9956E-05 9.9956E-05 9.9956E-05 0.163904 0.822622
0.059908 0.0115708 9.99736E-05 0.100504 9.99736E-05 9.99736E-05 0.114353 0.713364
0.00446729 0.200998 9.99561E-05 9.99561E-05 9.99561E-05 9.99561E-05 9.99561E-05 0.794035
9.99473E-05 9.99473E-05 9.99473E-05 9.99473E-05 9.99473E-05 9.99473E-05 0.241829 0.757571
9.9956E-05 0.12861 9.9956E-05 9.9956E-05 0.0300373 9.9956E-05 0.840853 9.9956E-05
9.994E-05 9.994E-05 9.994E-05 9.994E-05 9.994E-05 9.994E-05 0.9993 9.994E-05
9.99472E-05 0.0286564 9.99472E-05 9.99472E-05 9.99472E-05 9.99472E-05 0.970744 9.99472E-05
9.994E-05 9.994E-05 9.994E-05 9.994E-05 9.994E-05 9.994E-05 0.9993 9.994E-05
9.994E-05 9.994E-05 9.994E-05 9.994E-05 9.994E-05 9.994E-05 0.9993 9.994E-05
9.994E-05 9.994E-05 9.994E-05 9.994E-05 9.994E-05 9.994E-05 0.9993 9.994E-05
9.99472E-05 0.0647522 9.99472E-05 9.99472E-05 9.99472E-05 9.99472E-05 0.934648 9.99472E-05
9.994E-05 9.994E-05 9.994E-05 9.994E-05 9.994E-05 9.994E-05 0.9993 9.994E-05
9.994E-05 9.994E-05 9.994E-05 9.994E-05 9.994E-05 9.994E-05 0.9993 9.994E-05
9.99472E-05 0.124813 9.99472E-05 9.99472E-05 9.99472E-05 9.99472E-05 0.874588 9.99472E-05
9.99472E-05 0.119681 9.99472E-05 9.99472E-05 9.99472E-05 9.99472E-05 0.879719 9.99472E-05
9.99472E-05 0.0953822 9.99472E-05 9.99472E-05 9.99472E-05 9.99472E-05 0.904018 9.99472E-05
9.994E-05 9.994E-05 9.994E-05 9.994E-05 9.994E-05 9.994E-05 0.9993 9.994E-05
9.994E-05 9.994E-05 9.994E-05 9.994E-05 9.994E-05 9.994E-05 0.9993 9.994E-05
9.99472E-05 0.208879 9.99472E-05 9.99472E-05 9.99472E-05 9.99472E-05 0.790522 9.99472E-05
9.99472E-05 0.0912163 9.99472E-05 9.99472E-05 9.99472E-05 9.99472E-05 0.908184 9.99472E-05
0.0476434 0.0797194 0.255956 9.99824E-05 0.00724839 9.99824E-05 0.217067 0.392165
9.99472E-05 0.128179 9.99472E-05 9.99472E-05 9.99472E-05 9.99472E-05 0.871221 9.99472E-05
9.994E-05 9.994E-05 9.994E-05 9.994E-05 9.994E-05 9.994E-05 0.9993 9.994E-05
9.99472E-05 0.079493 9.99472E-05 9.99472E-05 9.99472E-05 9.99472E-05 0.919907 9.99472E-05
9.99472E-05 0.0925537 9.99472E-05 9.99472E-05 9.99472E-05 9.99472E-05 0.906847 9.99472E-05
9.99473E-05 0.0967254 9.99473E-05 9.99473E-05 9.99473E-05 9.99473E-05 0.902675 9.99473E-05
9.994E-05 9.994E-05 9.994E-05 9.994E-05 9.994E-05 9.994E-05 0.9993 9.994E-05
9.99472E-05 0.0879741 9.99472E-05 9.99472E-05 9.99472E-05 9.99472E-05 0.911426 9.99472E-05
9.994E-05 9.994E-05 9.994E-05 9.994E-05 9.994E-05 9.994E-05 0.9993 9.994E-05
9.99472E-05 0.098826 9.99472E-05 9.99472E-05 9.99472E-05 9.99472E-05 0.900574 9.99472E-05
9.99472E-05 0.0648289 9.99472E-05 9.99472E-05 9.99472E-05 9.99472E-05 0.934571 9.99472E-05
9.994E-05 9.994E-05 9.994E-05 9.994E-05 9.994E-05 9.994E-05 0.9993 9.994E-05
9.994E-05 9.994E-05 9.994E-05 9.994E-05 9.994E-05 9.994E-05 0.9993 9.994E-05
9.994E-05 9.994E-05 9.994E-05 9.994E-05 9.994E-05 9.994E-05 0.9993 9.994E-05
9.99472E-05 0.115221 9.99472E-05 9.99472E-05 9.99472E-05 9.99472E-05 0.884179 9.99472E-05
9.99473E-05 0.160246 9.99473E-05 9.99473E-05 9.99473E-05 9.99473E-05 0.839154 9.99473E-05
9.99472E-05 0.0838234 9.99472E-05 9.99472E-05 9.99472E-05 9.99472E-05 0.915577 9.99472E-05
9.99472E-05 0.0972845 9.99472E-05 9.99472E-05 9.99472E-05 9.99472E-05 0.902116 9.99472E-05
9.99472E-05 0.0768201 9.99472E-05 9.99472E-05 9.99472E-05 9.99472E-05 0.92258 9.99472E-05
9.994E-05 9.994E-05 9.994E-05 9.994E-05 9.994E-05 9.994E-05 0.9993 9.994E-05
9.994E-05 9.994E-05 9.994E-05 9.994E-05 9.994E-05 9.994E-05 0.9993 9.994E-05
9.994E-05 9.994E-05 9.994E-05 9.994E-05 9.994E-05 9.994E-05 0.9993 9.994E-05
9.99472E-05 0.0411277 9.99472E-05 9.99472E-05 9.99472E-05 9.99472E-05 0.958273 9.99472E-05
9.994E-05 9.994E-05 9.994E-05 9.994E-05 9.994E-05 9.994E-05 0.9993 9.994E-05
9.994E-05 9.994E-05 9.994E-05 9.994E-05 9.994E-05 9.994E-05 0.9993 9.994E-05
9.994E-05 9.994E-05 9.994E-05 9.994E-05 9.994E-05 9.994E-05 0.9993 9.994E-05
9.994E-05 9.994E-05 9.994E-05 9.994E-05 9.994E-05 9.994E-05 0.9993 9.994E-05
9.99472E-05 0.0666142 9.99472E-05 9.99472E-05 9.99472E-05 9.99472E-05 0.932786 9.99472E-05
9.994E-05 9.994E-05 9.994E-05 9.994E-05 9.994E-05 9.994E-05 0.9993 9.994E-05
9.994E-05 9.994E-05 9.994E-05 9.994E-05 9.994E-05 9.994E-05 0.9993 9.994E-05
0.0815806 0.105989 0.0985901 9.99824E-05 0.0181791 9.99824E-05 0.278557 0.416904
9.9956E-05 0.183007 9.9956E-05 9.9956E-05 0.00364595 9.9956E-05 0.812847 9.9956E-05
9.994E-05 9.994E-05 9.994E-05 9.994E-05 9.994E-05 9.994E-05 0.9993 9.994E-05
9.994E-05 9.994E-05 9.994E-05 9.994E-05 9.994E-05 9.994E-05 0.9993 9.994E-05
9.994E-05 9.994E-05 9.994E-05 9.994E-05 9.994E-05 9.994E-05 0.9993 9.994E-05
9.994E-05 9.994E-05 9.994E-05 9.994E-05 9.994E-05 9.994E-05 0.9993 9.994E-05
9.99472E-05 0.100679 9.99472E-05 9.99472E-05 9.99472E-05 9.99472E-05 0.898721 9.99472E-05
9.994E-05 9.994E-05 9.994E-05 9.994E-05 9.994E-05 9.994E-05 0.9993 9.994E-05
9.99472E-05 0.120041 9.99472E-05 9.99472E-05 9.99472E-05 9.99472E-05 0.87936 9.99472E-05
9.994E-05 9.994E-05 9.994E-05 9.994E-05 9.994E-05 9.994E-05 0.9993 9.994E-05
9.99472E-05 0.0734655 9.99472E-05 9.99472E-05 9.99472E-05 9.99472E-05 0.925935 9.99472E-05
9.994E-05 9.994E-05 9.994E-05 9.994E-05 9.994E-05 9.994E-05 0.9993 9.994E-05
9.994E-05 9.994E-05 9.994E-05 9.994E-05 9.994E-05 9.994E-05 0.9993 9.994E-05
9.994E-05 9.994E-05 9.994E-05 9.994E-05 9.994E-05 9.994E-05 0.9993 9.994E-05
9.994E-05 9.994E-05 9.994E-05 9.994E-05 9.994E-05 9.994E-05 0.9993 9.994E-05
9.994E-05 9.994E-05 9.994E-05 9.994E-05 9.994E-05 9.994E-05 0.9993 9.994E-05
9.994E-05 9.994E-05 9.994E-05 9.994E-05 9.994E-05 9.994E-05 0.9993 9.994E-05
9.99561E-05 0.129549 9.99561E-05 9.99561E-05 0.0790199 9.99561E-05 0.790931 9.99561E-05
9.99472E-05 0.0852217 9.99472E-05 9.99472E-05 9.99472E-05 9.99472E-05 0.914179 9.99472E-05
9.99472E-05 0.115819 9.99472E-05 9.99472E-05 9.99472E-05 9.99472E-05 0.883582 9.99472E-05
9.994E-05 9.994E-05 9.994E-05 9.994E-05 9.994E-05 9.994E-05 0.9993 9.994E-05
9.99472E-05 0.113291 9.99472E-05 9.99472E-05 9.99472E-05 9.99472E-05 0.88611 9.99472E-05
9.99472E-05 0.135765 9.99472E-05 9.99472E-05 9.99472E-05 9.99472E-05 0.863635 9.99472E-05
9.99472E-05 0.0567196 9.99472E-05 9.99472E-05 9.99472E-05 9.99472E-05 0.942681 9.99472E-05
9.994E-05 9.994E-05 9.994E-05 9.994E-05 9.994E-05 9.994E-05 0.9993 9.994E-05
9.994E-05 9.994E-05 9.994E-05 9.994E-05 9.994E-05 9.994E-05 0.9993 9.994E-05
9.994E-05 9.994E-05 9.994E-05 9.994E-05 9.994E-05 9.994E-05 0.9993 9.994E-05
9.99472E-05 0.0898987 9.99472E-05 9.99472E-05 9.99472E-05 9.99472E-05 0.909502 9.99472E-05
9.994E-05 9.994E-05 9.994E-05 9.994E-05 9.994E-05 9.994E-05 0.9993 9.994E-05
9.994E-05 9.994E-05 9.994E-05 9.994E-05 9.994E-05 9.994E-05 0.9993 9.994E-05
9.99473E-05 0.0352224 9.99473E-05 9.99473E-05 9.99473E-05 9.99473E-05 0.964178 9.99473E-05
9.994E-05 9.994E-05 9.994E-05 9.994E-05 9.994E-05 9.994E-05 0.9993 9.994E-05
9.994E-05 9.994E-05 9.994E-05 9.994E-05 9.994E-05 9.994E-05 0.9993 9.994E-05
0.00196501 0.053666 9.99824E-05 0.10662 0.12619 9.99824E-05 0.412594 0.298765
9.99472E-05 0.0882722 9.99472E-05 9.99472E-05 9.99472E-05 9.99472E-05 0.911128 9.99472E-05
9.994E-05 9.994E-05 9.994E-05 9.994E-05 9.994E-05 9.994E-05 0.9993 9.994E-05
0.0694521 9.99649E-05 9.99649E-05 0.0695569 9.99649E-05 9.99649E-05 0.583627 0.276964
9.99648E-05 0.0793475 0.141271 9.99648E-05 9.99648E-05 9.99648E-05 0.356582 0.4224
9.9956E-05 0.0220609 9.9956E-05 9.9956E-05 9.9956E-05 9.9956E-05 0.511218 0.466222
0.0465396 0.0509773 9.996E-05 9.996E-05 0.076025 9.996E-05 9.996E-05 0.826058
9.9956E-05 0.045326 9.9956E-05 9.9956E-05 9.9956E-05 9.9956E-05 0.708393 0.245781
9.99562E-05 9.99562E-05 9.99562E-05 9.99562E-05 9.99562E-05 0.0287099 0.0513265 0.919464
9.99736E-05 0.00993489 0.0192688 0.0233213 9.99736E-05 9.99736E-05 0.681895 0.26528
9.99648E-05 9.99648E-05 9.99648E-05 0.100048 0.0872823 9.99648E-05 0.247015 0.565255
9.99473E-05 9.99473E-05 9.99473E-05 9.99473E-05 9.99473E-05 9.99473E-05 0.12394 0.875461
9.99648E-05 0.0376822 0.19055 9.99648E-05 9.99648E-05 9.99648E-05 0.0187576 0.752611
9.99561E-05 9.99561E-05 9.99561E-05 0.0867652 9.99561E-05 9.99561E-05 0.198104 0.714631
9.99473E-05 9.99473E-05 9.99473E-05 9.99473E-05 9.99473E-05 9.99473E-05 0.816192 0.183209
9.99561E-05 9.99561E-05 9.99561E-05 9.99561E-05 0.0999468 9.99561E-05 0.625785 0.273768
9.9956E-05 9.9956E-05 9.9956E-05 9.9956E-05 0.147549 9.9956E-05 0.0802365 0.771715
9.9956E-05 9.9956E-05 9.9956E-05 0.0149889 9.9956E-05 9.9956E-05 0.412163 0.572348
9.99649E-05 9.99649E-05 0.00919375 0.0490231 9.99649E-05 9.99649E-05 0.652311 0.289073
9.99561E-05 9.99561E-05 9.99561E-05 0.00262362 9.99561E-05 9.99561E-05 0.18179 0.815087
0.0579511 0.0217253 9.99824E-05 0.0770507 0.0499512 9.99824E-05 0.431387 0.361735
9.99648E-05 0.075954 9.99648E-05 0.0497435 9.99648E-05 9.99648E-05 0.359656 0.514246
9.9956E-05 9.9956E-05 0.140476 9.9956E-05 9.9956E-05 9.9956E-05 0.357681 0.501344
9.99648E-05 0.0972259 0.0799016 9.99648E-05 9.99648E-05 9.99648E-05 0.275274 0.547199
9.99561E-05 9.99561E-05 0.0980007 9.99561E-05 9.99561E-05 9.99561E-05 0.226402 0.675098
0.124902 0.0681135 9.998E-05 0.0429822 0.0179625 9.998E-05 0.200144 0.545696
9.99736E-05 0.0339599 9.99736E-05 0.0329236 0.0600639 9.99736E-05 0.24746 0.625293
9.9956E-05 9.9956E-05 9.9956E-05 9.9956E-05 0.183161 9.9956E-05 0.0111693 0.80517
9.994E-05 9.994E-05 9.994E-05 9.994E-05 9.994E-05 9.994E-05 9.994E-05 0.9993
9.9956E-05 9.9956E-05 0.128716 9.9956E-05 9.9956E-05 9.9956E-05 0.229978 0.640807
9.99649E-05 0.0251074 9.99649E-05 9.99649E-05 0.0366852 9.99649E-05 0.595001 0.342806
0.0872012 0.045914 0.00870536 9.99736E-05 0.044978 9.99736E-05 9.99736E-05 0.812902
9.99648E-05 0.137361 9.99648E-05 9.99648E-05 0.179946 9.99648E-05 0.160198 0.522096
0.0178322 0.0312754 0.0793296 0.019047 9.99824E-05 9.99824E-05 0.624873 0.227443
9.99561E-05 9.99561E-05 9.99561E-05 0.0291158 9.99561E-05 9.99561E-05 0.463421 0.506964
9.99648E-05 9.99648E-05 0.0216617 9.99648E-05 0.0163979 9.99648E-05 0.603606 0.357935
9.997E-05 9.997E-05 0.0238273 0.0323287 0.0379252 9.997E-05 0.390075 0.515543
9.99648E-05 9.99648E-05 9.99648E-05 0.125274 0.0861516 9.99648E-05 0.286714 0.501461
9.99648E-05 0.0148831 0.00641564 9.99648E-05 9.99648E-05 9.99648E-05 0.259605 0.718697
9.994E-05 9.994E-05 9.994E-05 9.994E-05 9.994E-05 9.994E-05 9.994E-05 0.9993
0.114175 9.997E-05 9.997E-05 0.0977756 0.0256992 9.997E-05 0.253655 0.508395
0.158852 9.99649E-05 9.99649E-05 0.13277 9.99649E-05 9.99649E-05 0.0179158 0.690063
9.9956E-05 9.9956E-05 0.278461 9.9956E-05 9.9956E-05 9.9956E-05 0.308703 0.412337
9.99736E-05 0.0528112 0.00968047 9.99736E-05 0.0510702 9.99736E-05 0.274487 0.611651
9.99649E-05 0.036145 0.115013 9.99649E-05 9.99649E-05 9.99649E-05 0.165203 0.683239
9.9956E-05 9.9956E-05 0.194657 9.9956E-05 9.9956E-05 9.9956E-05 0.425573 0.379271
9.99561E-05 9.99561E-05 9.99561E-05 0.0134359 9.99561E-05 9.99561E-05 0.744327 0.241737
9.99648E-05 9.99648E-05 9.99648E-05 0.0141404 0.0475558 9.99648E-05 0.80152 0.136384
9.99648E-05 0.0844537 9.99648E-05 9.99648E-05 0.104839 9.99648E-05 0.223854 0.586453
9.994E-05 9.994E-05 9.994E-05 9.994E-05 9.994E-05 9.994E-05 9.994E-05 0.9993
0.000779825 9.99736E-05 0.0408342 0.0644953 9.99736E-05 9.99736E-05 0.219189 0.674402
9.994E-05 9.994E-05 9.994E-05 9.994E-05 9.994E-05 9.994E-05 9.994E-05 0.9993
0.10442 9.996E-05 9.996E-05 9.996E-05 0.0161579 9.996E-05 0.595566 0.283455
9.99474E-05 9.99474E-05 9.99474E-05 0.0835608 9.99474E-05 9.99474E-05 9.99474E-05 0.91584
9.99561E-05 9.99561E-05 9.99561E-05 0.0708369 9.99561E-05 9.99561E-05 0.180639 0.748024
9.99736E-05 9.99736E-05 0.109633 0.0487478 0.0667105 9.99736E-05 0.380272 0.394337
9.99473E-05 9.99473E-05 9.99473E-05 9.99473E-05 9.99473E-05 9.99473E-05 0.538427 0.460973
9.99648E-05 0.0479801 0.191674 9.99648E-05 9.99648E-05 9.99648E-05 0.0145397 0.745406
9.99473E-05 9.99473E-05 9.99473E-05 9.99473E-05 9.99473E-05 9.99473E-05 0.415273 0.584128
9.99562E-05 9.99562E-05 9.99562E-05 9.99562E-05 0.0288619 9.99562E-05 0.156073 0.814565
9.99473E-05 9.99473E-05 9.99473E-05 9.99473E-05 9.99473E-05 9.99473E-05 0.185145 0.814256
9.996E-05 0.0467444 9.996E-05 9.996E-05 0.0159612 9.996E-05 0.297735 0.639159
9.99473E-05 9.99473E-05 9.99473E-05 9.99473E-05 9.99473E-05 9.99473E-05 0.492224 0.507176
9.994E-05 9.994E-05 9.994E-05 9.994E-05 9.994E-05 9.994E-05 9.994E-05 0.9993
9.99474E-05 9.99474E-05 9.99474E-05 9.99474E-05 9.99474E-05 9.99474E-05 0.0133116 0.986089
9.99474E-05 9.99474E-05 9.99474E-05 9.99474E-05 9.99474E-05 0.083552 9.99474E-05 0.915848
9.99561E-05 9.99561E-05 9.99561E-05 0.104489 9.99561E-05 9.99561E-05 0.217284 0.677727
9.99648E-05 0.0808527 9.99648E-05 0.00405539 9.99648E-05 9.99648E-05 0.276739 0.637953
0.015627 9.99649E-05 9.99649E-05 9.99649E-05 0.0352169 9.99649E-05 0.207211 0.741545
9.994E-05 9.994E-05 9.994E-05 9.994E-05 9.994E-05 9.994E-05 9.994E-05 0.9993
9.99561E-05 0.0672526 9.99561E-05 9.99561E-05 9.99561E-05 9.99561E-05 0.58034 0.351908
9.99648E-05 0.0801271 9.99648E-05 0.0975782 9.99648E-05 9.99648E-05 0.193558 0.628337
9.99474E-05 9.99474E-05 9.99474E-05 9.99474E-05 9.99474E-05 9.99474E-05 0.100131 0.899269
9.99561E-05 0.0287795 9.99561E-05 9.99561E-05 9.99561E-05 9.99561E-05 0.427858 0.542863
9.99474E-05 9.99474E-05 9.99474E-05 9.99474E-05 9.99474E-05 0.108834 9.99474E-05 0.890566
9.99473E-05 9.99473E-05 9.99473E-05 9.99473E-05 9.99473E-05 9.99473E-05 0.561708 0.437692
0.161723 0.012734 9.998E-05 0.0180842 0.0869724 9.998E-05 0.15152 0.568767
9.99474E-05 9.99474E-05 9.99474E-05 0.0459044 9.99474E-05 9.99474E-05 9.99474E-05 0.953496
9.99473E-05 9.99473E-05 9.99473E-05 9.99473E-05 9.99473E-05 9.99473E-05 0.324724 0.674677
9.99562E-05 9.99562E-05 9.99562E-05 9.99562E-05 9.99562E-05 0.0395863 0.00553066 0.954383
9.99648E-05 9.99648E-05 0.0383171 9.99648E-05 0.0151497 9.99648E-05 0.08769 0.858443
9.99475E-05 9.99475E-05 9.99475E-05 9.99475E-05 9.99475E-05 9.99475E-05 0.125763 0.873637
9.9956E-05 9.9956E-05 9.9956E-05 0.0705767 9.9956E-05 9.9956E-05 0.513769 0.415155
9.99648E-05 9.99648E-05 0.113569 0.0463023 9.99648E-05 9.99648E-05 0.162203 0.677526
9.99824E-05 0.0427602 0.100489 0.0650089 0.0442077 9.99824E-05 0.305189 0.442146
9.99474E-05 9.99474E-05 9.99474E-05 9.99474E-05 0.00641103 9.99474E-05 9.99474E-05 0.992989
9.99561E-05 9.99561E-05 9.99561E-05 0.0112611 9.99561E-05 9.99561E-05 0.253279 0.73496
9.9956E-05 0.193998 9.9956E-05 9.9956E-05 9.9956E-05 9.9956E-05 0.345298 0.460204
9.99473E-05 9.99473E-05 9.99473E-05 9.99473E-05 9.99473E-05 9.99473E-05 0.0991154 0.900285
9.996E-05 0.0626947 9.996E-05 9.996E-05 0.11616 9.996E-05 0.270264 0.550481
9.99648E-05 9.99648E-05 9.99648E-05 0.00875068 0.101444 9.99648E-05 0.451594 0.437812
9.99561E-05 9.99561E-05 9.99561E-05 0.101428 9.99561E-05 9.99561E-05 0.352369 0.545703
0.0190664 0.0029826 9.99736E-05 0.046134 9.99736E-05 9.99736E-05 0.447731 0.483786
9.99561E-05 0.196101 9.99561E-05 9.99561E-05 9.99561E-05 9.99561E-05 0.295623 0.507776
9.9956E-05 9.9956E-05 9.9956E-05 9.9956E-05 0.112233 9.9956E-05 0.574322 0.312944
9.99473E-05 9.99473E-05 9.99473E-05 9.99473E-05 9.99473E-05 9.99473E-05 0.589104 0.410296
0.0406152 0.160522 9.998E-05 0.0530339 0.0467217 9.998E-05 0.178228 0.520679
9.99474E-05 9.99474E-05 9.99474E-05 9.99474E-05 9.99474E-05 9.99474E-05 0.287446 0.711955
9.99649E-05 9.99649E-05 0.0124728 9.99649E-05 0.0347869 9.99649E-05 0.0546102 0.89773
9.99648E-05 9.99648E-05 0.341833 9.99648E-05 0.00636012 9.99648E-05 0.250049 0.401358
9.99648E-05 9.99648E-05 0.0857327 0.1207 9.99648E-05 9.99648E-05 0.38511 0.408058
9.99561E-05 9.99561E-05 9.99561E-05 9.99561E-05 0.0487475 9.99561E-05 0.298446 0.652307
9.99649E-05 0.0315061 0.0202483 9.99649E-05 9.99649E-05 9.99649E-05 0.621643 0.326203
0.0249542 0.0236618 0.173721 0.078953 0.0831601 9.999E-05 0.127145 0.488305
9.99648E-05 0.0515786 9.99648E-05 9.99648E-05 0.0149517 9.99648E-05 0.388626 0.544444
9.997E-05 0.144635 9.997E-05 0.0347883 0.0669873 9.997E-05 0.354196 0.399094
9.99562E-05 9.99562E-05 9.99562E-05 9.99562E-05 9.99562E-05 0.0386418 0.0968983 0.86396
9.99474E-05 9.99474E-05 9.99474E-05 9.99474E-05 9.99474E-05 9.99474E-05 0.146141 0.853259
9.99474E-05 9.99474E-05 9.99474E-05 9.99474E-05 9.99474E-05 9.99474E-05 0.553581 0.445819
9.99648E-05 9.99648E-05 9.99648E-05 0.0529774 0.197078 9.99648E-05 0.479383 0.270162
9.99475E-05 9.99475E-05 9.99475E-05 9.99475E-05 9.99475E-05 9.99475E-05 0.0048183 0.994582
9.99474E-05 9.99474E-05 9.99474E-05 9.99474E-05 9.99474E-05 0.080883 9.99474E-05 0.918517
9.99649E-05 0.0367237 9.99649E-05 9.99649E-05 0.0458475 9.99649E-05 0.0251902 0.891839
9.99648E-05 9.99648E-05 9.99648E-05 0.00470831 0.0322558 9.99648E-05 0.16364 0.798996
9.99561E-05 9.99561E-05 9.99561E-05 0.0383784 9.99561E-05 9.99561E-05 0.0854301 0.875692
9.9956E-05 9.9956E-05 0.0288618 9.9956E-05 9.9956E-05 9.9956E-05 0.395006 0.575632
9.99648E-05 0.0243023 0.146663 9.99648E-05 9.99648E-05 9.99648E-05 0.295377 0.533258
0.0117651 0.195294 9.99736E-05 0.0944704 9.99736E-05 9.99736E-05 0.283682 0.414488
9.99473E-05 9.99473E-05 9.99473E-05 9.99473E-05 9.99473E-05 9.99473E-05 0.466233 0.533167
9.9956E-05 9.9956E-05 0.0749031 9.9956E-05 9.9956E-05 9.9956E-05 0.402095 0.522502
9.996E-05 0.041583 9.996E-05 9.996E-05 0.152133 9.996E-05 0.274311 0.531573
9.99561E-05 0.0468637 9.99561E-05 0.0164809 9.99561E-05 9.99561E-05 9.99561E-05 0.936156
0.0736821 0.0730562 0.0585453 0.0543365 9.99824E-05 9.99824E-05 0.426732 0.313448
9.99648E-05 9.99648E-05 9.99648E-05 0.0117988 0.146463 9.99648E-05 0.145041 0.696298
9.99648E-05 0.00429419 9.99648E-05 0.200378 9.99648E-05 9.99648E-05 0.401905 0.393023
9.99561E-05 0.0414485 9.99561E-05 9.99561E-05 9.99561E-05 9.99561E-05 0.586816 0.371236
9.99649E-05 9.99649E-05 0.235009 0.000951137 9.99649E-05 9.99649E-05 0.244344 0.519296
9.99474E-05 9.99474E-05 9.99474E-05 9.99474E-05 9.99474E-05 9.99474E-05 0.277252 0.722148
9.99648E-05 9.99648E-05 9.99648E-05 0.108064 0.0365325 9.99648E-05 0.388858 0.466146
9.99561E-05 0.0143843 9.99561E-05 9.99561E-05 9.99561E-05 9.99561E-05 0.0320019 0.953114
9.99475E-05 9.99475E-05 9.99475E-05 9.99475E-05 9.99475E-05 9.99475E-05 0.140838 0.858562
0.0432144 9.99648E-05 9.99648E-05 0.113259 9.99648E-05 9.99648E-05 0.410642 0.432485
9.99648E-05 0.0466693 0.0208115 9.99648E-05 9.99648E-05 9.99648E-05 0.412568 0.519551
9.99649E-05 9.99649E-05 0.1819 0.0510889 9.99649E-05 0.0253027 0.741308 9.99649E-05
9.99649E-05 9.99649E-05 0.187775 0.0543728 9.99649E-05 0.020909 0.736543 9.99649E-05
0.068753 9.99649E-05 0.230933 0.0486048 9.99649E-05 9.99649E-05 0.651309 9.99649E-05
0.0658278 9.998E-05 0.0753046 0.0993621 9.998E-05 0.0682375 0.433542 0.257526
0.218095 9.99737E-05 9.99737E-05 0.00432869 0.127917 9.99737E-05 0.518739 0.130621
9.99649E-05 9.99649E-05 0.0739902 9.99649E-05 9.99649E-05 0.344926 0.532863 0.0478211
0.0580055 9.99737E-05 0.0902259 9.99737E-05 0.0178344 9.99737E-05 0.792352 0.0412824
0.0868114 9.99737E-05 9.99737E-05 0.0344283 0.0630224 9.99737E-05 0.806472 0.00896605
0.111314 9.99737E-05 9.99737E-05 0.0960806 9.99737E-05 0.328433 0.366069 0.0978032
9.99561E-05 9.99561E-05 0.073747 0.0446804 9.99561E-05 9.99561E-05 0.881073 9.99561E-05
9.99824E-05 0.0474302 0.114827 0.134809 0.034497 9.99824E-05 0.576771 0.0914664
9.99649E-05 0.137472 9.99649E-05 9.99649E-05 9.99649E-05 0.250256 0.491029 0.120843
0.152947 9.99737E-05 0.016742 0.0693145 9.99737E-05 9.99737E-05 0.669387 0.0913098
9.9965E-05 9.9965E-05 0.055312 9.9965E-05 9.9965E-05 0.370179 0.443746 0.130363
0.139402 9.997E-05 9.997E-05 0.159838 9.997E-05 0.0870663 0.502919 0.110474
9.99648E-05 9.99648E-05 0.229824 0.0244273 9.99648E-05 0.0301507 0.715198 9.99648E-05
9.99736E-05 9.99736E-05 0.020232 0.15435 9.99736E-05 0.0898768 0.681772 0.0534699
0.0241907 0.00440543 0.220504 9.99737E-05 9.99737E-05 0.151174 0.599426 9.99737E-05
0.167659 0.00670995 9.99649E-05 0.197 9.99649E-05 9.99649E-05 0.628231 9.99649E-05
0.0489167 9.99737E-05 0.0905211 0.018377 9.99737E-05 0.00784707 0.834038 9.99737E-05
9.99561E-05 9.99561E-05 9.99561E-05 0.119397 9.99561E-05 0.0809272 0.799176 9.99561E-05
9.99737E-05 9.99737E-05 0.166368 0.0303886 9.99737E-05 0.184362 0.455834 0.162748
9.99825E-05 0.129767 0.026697 0.0865112 0.035785 0.19891 0.522131 9.99825E-05
9.99474E-05 9.99474E-05 9.99474E-05 9.99474E-05 0.111836 9.99474E-05 0.887565 9.99474E-05
9.99473E-05 9.99473E-05 9.99473E-05 9.99473E-05 0.0995422 9.99473E-05 0.899858 9.99473E-05
9.994E-05 9.994E-05 9.994E-05 9.994E-05 9.994E-05 9.994E-05 0.9993 9.994E-05
9.994E-05 9.994E-05 9.994E-05 9.994E-05 9.994E-05 9.994E-05 0.9993 9.994E-05
9.994E-05 9.994E-05 9.994E-05 9.994E-05 9.994E-05 9.994E-05 0.9993 9.994E-05
9.994E-05 9.994E-05 9.994E-05 9.994E-05 9.994E-05 9.994E-05 0.9993 9.994E-05
9.99473E-05 9.99473E-05 9.99473E-05 9.99473E-05 0.0839951 9.99473E-05 0.915405 9.99473E-05
9.99562E-05 9.99562E-05 9.99562E-05 9.99562E-05 9.99562E-05 0.0514581 0.907538 0.0405045
9.99561E-05 9.99561E-05 9.99561E-05 9.99561E-05 0.0208056 9.99561E-05 0.941641 0.0370541
9.99472E-05 9.99472E-05 9.99472E-05 0.046016 9.99472E-05 9.99472E-05 0.953384 9.99472E-05
9.99473E-05 9.99473E-05 9.99473E-05 9.99473E-05 0.145393 9.99473E-05 0.854007 9.99473E-05
9.99649E-05 9.99649E-05 0.0306837 0.00094337 9.99649E-05 0.0122477 0.955725 9.99649E-05
9.99473E-05 9.99473E-05 9.99473E-05 0.0186421 9.99473E-05 9.99473E-05 0.980758 9.99473E-05
9.99562E-05 9.99562E-05 9.99562E-05 9.99562E-05 0.00541721 9.99562E-05 0.876178 0.117905
9.994E-05 9.994E-05 9.994E-05 9.994E-05 9.994E-05 9.994E-05 0.9993 9.994E-05
9.99562E-05 9.99562E-05 9.99562E-05 9.99562E-05 0.0131504 9.99562E-05 0.919896 0.0664539
9.995E-05 9.995E-05 9.995E-05 9.995E-05 0.106242 9.995E-05 0.857106 0.0361522
9.994E-05 9.994E-05 9.994E-05 9.994E-05 9.994E-05 9.994E-05 0.9993 9.994E-05
9.994E-05 9.994E-05 9.994E-05 9.994E-05 9.994E-05 9.994E-05 0.9993 9.994E-05
9.99474E-05 9.99474E-05 9.99474E-05 0.0215316 9.99474E-05 9.99474E-05 0.977869 9.99474E-05
9.994E-05 9.994E-05 9.994E-05 9.994E-05 9.994E-05 9.994E-05 0.9993 9.994E-05
9.994E-05 9.994E-05 9.994E-05 9.994E-05 9.994E-05 9.994E-05 0.9993 9.994E-05
9.994E-05 9.994E-05 9.994E-05 9.994E-05 9.994E-05 9.994E-05 0.9993 9.994E-05
9.99474E-05 0.031362 9.99474E-05 9.99474E-05 9.99474E-05 9.99474E-05 9.99474E-05 0.968038
9.994E-05 9.994E-05 9.994E-05 9.994E-05 9.994E-05 9.994E-05 0.9993 9.994E-05
9.99474E-05 9.99474E-05 9.99474E-05 9.99474E-05 0.00170495 9.99474E-05 0.997695 9.99474E-05
0.0808131 9.99561E-05 9.99561E-05 0.0447197 9.99561E-05 9.99561E-05 0.873967 9.99561E-05
9.99474E-05 9.99474E-05 9.99474E-05 0.0120245 9.99474E-05 9.99474E-05 0.987376 9.99474E-05
9.994E-05 9.994E-05 9.994E-05 9.994E-05 9.994E-05 9.994E-05 0.9993 9.994E-05
9.99474E-05 9.99474E-05 9.99474E-05 9.99474E-05 9.99474E-05 9.99474E-05 0.969866 0.0295342
9.99474E-05 9.99474E-05 9.99474E-05 0.0672489 9.99474E-05 9.99474E-05 0.932151 9.99474E-05
9.99474E-05 0.0217895 9.99474E-05 9.99474E-05 9.99474E-05 9.99474E-05 0.977611 9.99474E-05
9.99474E-05 9.99474E-05 9.99474E-05 9.99474E-05 0.0283388 9.99474E-05 0.971062 9.99474E-05
9.994E-05 9.994E-05 9.994E-05 9.994E-05 9.994E-05 9.994E-05 0.9993 9.994E-05
9.99474E-05 9.99474E-05 9.99474E-05 9.99474E-05 0.0254283 9.99474E-05 0.973972 9.99474E-05
9.99474E-05 0.0053762 9.99474E-05 9.99474E-05 9.99474E-05 9.99474E-05 0.994024 9.99474E-05
9.99473E-05 9.99473E-05 0.0020746 9.99473E-05 9.99473E-05 9.99473E-05 0.997326 9.99473E-05
9.99474E-05 9.99474E-05 9.99474E-05 0.0278703 9.99474E-05 9.99474E-05 0.97153 9.99474E-05
0.0019306 9.99561E-05 0.0420792 9.99561E-05 9.99561E-05 9.99561E-05 0.95549 9.99561E-05
9.99474E-05 9.99474E-05 9.99474E-05 9.99474E-05 9.99474E-05 9.99474E-05 0.960243 0.0391577
9.994E-05 9.994E-05 9.994E-05 9.994E-05 9.994E-05 9.994E-05 0.9993 9.994E-05
9.9965E-05 9.9965E-05 9.9965E-05 9.9965E-05 0.00283721 0.0495863 0.92844 0.0187362
0.10502 9.99649E-05 9.99649E-05 9.99649E-05 0.026581 9.99649E-05 0.859543 0.00845558
9.99473E-05 9.99473E-05 9.99473E-05 0.0225402 9.99473E-05 9.99473E-05 0.97686 9.99473E-05
9.99737E-05 9.99737E-05 0.452382 0.108904 0.0293807 0.149996 0.259037 9.99737E-05
0.117851 9.997E-05 0.454006 0.0697448 9.997E-05 0.014642 0.343456 9.997E-05
0.375792 9.99649E-05 9.99649E-05 0.201334 0.0455792 9.99649E-05 0.376895 9.99649E-05
0.152079 9.997E-05 0.285377 0.186329 9.997E-05 0.0981317 0.277783 9.997E-05
0.0422394 9.99737E-05 0.381422 0.124883 9.99737E-05 0.056693 0.394462 9.99737E-05
9.99737E-05 9.99737E-05 0.396695 0.0786059 0.0816445 0.0198148 0.42294 9.99737E-05
0.0847222 9.99737E-05 0.406727 0.0624247 9.99737E-05 0.0705418 0.375284 9.99737E-05
0.139913 9.99737E-05 0.277477 0.0644277 9.99737E-05 0.0918668 0.426015 9.99737E-05
0.245519 9.99649E-05 0.00205862 0.133944 9.99649E-05 9.99649E-05 0.618079 9.99649E-05
0.139286 0.0244712 9.99824E-05 0.259671 0.14083 0.130078 0.305463 9.99824E-05
9.99561E-05 9.99561E-05 0.442929 0.112089 9.99561E-05 9.99561E-05 0.444482 9.99561E-05
0.331265 9.99649E-05 0.0982792 0.148588 9.99649E-05 9.99649E-05 0.421467 9.99649E-05
0.100792 0.0385215 0.334401 0.147459 9.999E-05 0.0998486 0.269872 0.00900591
0.219039 9.99737E-05 0.20182 0.194798 9.99737E-05 0.0450312 0.339011 9.99737E-05
0.13959 9.99737E-05 0.453086 0.0399881 9.99737E-05 0.0447499 0.322286 9.99737E-05
0.1766 9.99737E-05 0.296429 0.0575332 9.99737E-05 0.0663672 0.40277 9.99737E-05
0.0427818 9.99737E-05 0.344527 0.150855 9.99737E-05 0.042274 0.419263 9.99737E-05
0.208251 9.99737E-05 0.259154 0.0767967 9.99737E-05 0.00366555 0.451833 9.99737E-05
0.0987122 9.99649E-05 0.401669 0.18602 9.99649E-05 9.99649E-05 0.313199 9.99649E-05
0.085915 9.99736E-05 0.307663 0.186103 9.99736E-05 0.0955107 0.324508 9.99736E-05
9.994E-05 9.994E-05 9.994E-05 0.9993 9.994E-05 9.994E-05 9.994E-05 9.994E-05
9.994E-05 9.994E-05 9.994E-05 0.9993 9.994E-05 9.994E-05 9.994E-05 9.994E-05
9.994E-05 9.994E-05 9.994E-05 0.9993 9.994E-05 9.994E-05 9.994E-05 9.994E-05
9.994E-05 9.994E-05 9.994E-05 0.9993 9.994E-05 9.994E-05 9.994E-05 9.994E-05
9.994E-05 9.994E-05 9.994E-05 0.9993 9.994E-05 9.994E-05 9.994E-05 9.994E-05
9.994E-05 9.994E-05 9.994E-05 0.9993 9.994E-05 9.994E-05 9.994E-05 9.994E-05
9.994E-05 9.994E-05 9.994E-05 0.9993 9.994E-05 9.994E-05 9.994E-05 9.994E-05
9.994E-05 9.994E-05 9.994E-05 0.9993 9.994E-05 9.994E-05 9.994E-05 9.994E-05
9.994E-05 9.994E-05 9.994E-05 0.9993 9.994E-05 9.994E-05 9.994E-05 9.994E-05
9.994E-05 9.994E-05 9.994E-05 0.9993 9.994E-05 9.994E-05 9.994E-05 9.994E-05
9.994E-05 9.994E-05 9.994E-05 0.9993 9.994E-05 9.994E-05 9.994E-05 9.994E-05
9.994E-05 9.994E-05 9.994E-05 0.9993 9.994E-05 9.994E-05 9.994E-05 9.994E-05
9.994E-05 9.994E-05 9.994E-05 0.9993 9.994E-05 9.994E-05 9.994E-05 9.994E-05
9.994E-05 9.994E-05 9.994E-05 0.9993 9.994E-05 9.994E-05 9.994E-05 9.994E-05
9.994E-05 9.994E-05 9.994E-05 0.9993 9.994E-05 9.994E-05 9.994E-05 9.994E-05
9.994E-05 9.994E-05 9.994E-05 0.9993 9.994E-05 9.994E-05 9.994E-05 9.994E-05
9.994E-05 9.994E-05 9.994E-05 0.9993 9.994E-05 9.994E-05 9.994E-05 9.994E-05
9.994E-05 9.994E-05 9.994E-05 0.9993 9.994E-05 9.994E-05 9.994E-05 9.994E-05
9.994E-05 9.994E-05 9.994E-05 0.9993 9.994E-05 9.994E-05 9.994E-05 9.994E-05
9.994E-05 9.994E-05 9.994E-05 0.9993 9.994E-05 9.994E-05 9.994E-05 9.994E-05
9.994E-05 9.994E-05 9.994E-05 0.9993 9.994E-05 9.994E-05 9.994E-05 9.994E-05
9.994E-05 9.994E-05 9.994E-05 0.9993 9.994E-05 9.994E-05 9.994E-05 9.994E-05
9.994E-05 9.994E-05 9.994E-05 0.9993 9.994E-05 9.994E-05 9.994E-05 9.994E-05
9.994E-05 9.994E-05 9.994E-05 0.9993 9.994E-05 9.994E-05 9.994E-05 9.994E-05
9.994E-05 9.994E-05 9.994E-05 0.9993 9.994E-05 9.994E-05 9.994E-05 9.994E-05
9.994E-05 9.994E-05 9.994E-05 0.9993 9.994E-05 9.994E-05 9.994E-05 9.994E-05
9.994E-05 9.994E-05 9.994E-05 0.9993 9.994E-05 9.994E-05 9.994E-05 9.994E-05
9.994E-05 9.994E-05 9.994E-05 0.9993 9.994E-05 9.994E-05 9.994E-05 9.994E-05
9.994E-05 9.994E-05 9.994E-05 0.9993 9.994E-05 9.994E-05 9.994E-05 9.994E-05
