9.98683E-05 9.98683E-05 9.98683E-05 9.98683E-05 9.98683E-05 9.98683E-05 0.0319188 9.98683E-05 0.0500732 9.98683E-05 0.164513 9.98683E-05 9.98683E-05 0.0247808 9.98683E-05 0.357506 0.0631136 9.98683E-05 0.254912 0.0516847 9.98683E-05 9.98683E-05 9.98683E-05
9.9842E-05 9.9842E-05 0.141249 9.9842E-05 9.9842E-05 9.9842E-05 0.0497926 9.9842E-05 0.0315822 9.9842E-05 9.9842E-05 9.9842E-05 9.9842E-05 9.9842E-05 9.9842E-05 0.639687 9.9842E-05 9.9842E-05 0.135892 9.9842E-05 9.9842E-05 9.9842E-05 9.9842E-05
9.9842E-05 0.0316383 9.9842E-05 9.9842E-05 9.9842E-05 9.9842E-05 9.9842E-05 0.00870799 9.9842E-05 9.9842E-05 9.9842E-05 0.00507643 9.9842E-05 9.9842E-05 9.9842E-05 0.853042 9.9842E-05 9.9842E-05 9.9842E-05 9.9842E-05 9.9842E-05 0.0997385 9.9842E-05
0.0878371 9.98685E-05 9.98685E-05 9.98685E-05 9.98685E-05 9.98685E-05 0.0584201 9.98685E-05 0.0562717 9.98685E-05 0.0858047 0.137651 0.216733 9.98685E-05 9.98685E-05 0.235336 9.98685E-05 9.98685E-05 9.98685E-05 9.98685E-05 9.98685E-05 0.120448 9.98685E-05
0.00613373 9.98509E-05 9.98509E-05 9.98509E-05 0.0262673 9.98509E-05 9.98509E-05 9.98509E-05 9.98509E-05 9.98509E-05 9.98509E-05 0.0903771 0.0140429 9.98509E-05 9.98509E-05 0.842642 9.98509E-05 9.98509E-05 9.98509E-05 0.0188394 9.98509E-05 9.98509E-05 9.98509E-05
0.124264 9.98947E-05 9.98947E-05 9.98947E-05 9.98947E-05 9.98947E-05 0.0110989 0.0150682 0.00472598 9.98947E-05 0.0251073 0.0488522 0.104413 9.98947E-05 9.98947E-05 0.196962 9.98947E-05 9.98947E-05 0.314364 0.0310423 9.98947E-05 0.122904 9.98947E-05
9.98685E-05 0.055469 9.98685E-05 9.98685E-05 9.98685E-05 9.98685E-05 0.133517 0.102057 9.98685E-05 9.98685E-05 0.113298 9.98685E-05 0.178538 9.98685E-05 9.98685E-05 0.256351 9.98685E-05 9.98685E-05 0.0472301 0.112041 9.98685E-05 9.98685E-05 9.98685E-05
0.147 9.9886E-05 9.9886E-05 9.9886E-05 9.9886E-05 0.0912118 0.00211652 9.9886E-05 9.9886E-05 9.9886E-05 0.120049 0.11215 0.07076 0.10879 9.9886E-05 0.181084 9.9886E-05 9.9886E-05 0.12152 9.9886E-05 9.9886E-05 0.0440207 9.9886E-05
0.21401 0.277452 9.98335E-05 9.98335E-05 9.98335E-05 9.98335E-05 9.98335E-05 9.98335E-05 9.98335E-05 9.98335E-05 9.98335E-05 9.98335E-05 9.98335E-05 9.98335E-05 9.98335E-05 0.251047 0.255595 9.98335E-05 9.98335E-05 9.98335E-05 9.98335E-05 9.98335E-05 9.98335E-05
9.98333E-05 9.98333E-05 9.98333E-05 9.98333E-05 9.98333E-05 9.98333E-05 9.98333E-05 9.98333E-05 9.98333E-05 9.98333E-05 9.98333E-05 9.98333E-05 0.0454493 9.98333E-05 9.98333E-05 0.812058 0.112931 9.98333E-05 9.98333E-05 9.98333E-05 9.98333E-05 9.98333E-05 0.0276648
0.0440405 0.0439568 9.98683E-05 9.98683E-05 9.98683E-05 9.98683E-05 0.135023 9.98683E-05 9.98683E-05 9.98683E-05 0.0614961 9.98683E-05 0.0386527 9.98683E-05 9.98683E-05 0.478599 0.149916 9.98683E-05 0.0468189 9.98683E-05 9.98683E-05 9.98683E-05 9.98683E-05
9.98684E-05 0.017853 9.98684E-05 9.98684E-05 9.98684E-05 0.0185177 0.0176276 9.98684E-05 9.98684E-05 9.98684E-05 9.98684E-05 9.98684E-05 0.0431133 9.98684E-05 9.98684E-05 0.837464 0.0073655 9.98684E-05 0.0313134 9.98684E-05 9.98684E-05 9.98684E-05 0.0252475
9.98246E-05 9.98246E-05 9.98246E-05 9.98246E-05 9.98246E-05 9.98246E-05 9.98246E-05 9.98246E-05 9.98246E-05 9.98246E-05 0.113213 9.98246E-05 9.98246E-05 9.98246E-05 9.98246E-05 0.801151 0.0836391 9.98246E-05 9.98246E-05 9.98246E-05 9.98246E-05 9.98246E-05 9.98246E-05
9.98422E-05 9.98422E-05 9.98422E-05 9.98422E-05 0.0159095 9.98422E-05 0.0804178 9.98422E-05 9.98422E-05 0.283995 9.98422E-05 9.98422E-05 9.98422E-05 9.98422E-05 9.98422E-05 0.543313 0.0745675 9.98422E-05 9.98422E-05 9.98422E-05 9.98422E-05 9.98422E-05 9.98422E-05
0.0957521 0.0151939 9.98772E-05 0.00359803 0.13178 9.98772E-05 9.98772E-05 9.98772E-05 9.98772E-05 9.98772E-05 9.98772E-05 9.98772E-05 9.98772E-05 9.98772E-05 0.122732 0.138949 0.11416 9.98772E-05 0.22739 9.98772E-05 9.98772E-05 0.149047 9.98772E-05
0.1748 9.98683E-05 9.98683E-05 9.98683E-05 9.98683E-05 0.141216 9.98683E-05 9.98683E-05 9.98683E-05 9.98683E-05 0.116608 9.98683E-05 0.0925497 9.98683E-05 9.98683E-05 0.148702 0.0822274 9.98683E-05 0.23809 9.98683E-05 9.98683E-05 0.00430941 9.98683E-05
9.98772E-05 9.98772E-05 9.98772E-05 0.0120759 9.98772E-05 0.0245371 0.0487175 9.98772E-05 9.98772E-05 0.0166612 0.0403269 9.98772E-05 9.98772E-05 9.98772E-05 0.160171 0.555582 0.0713558 9.98772E-05 9.98772E-05 0.0691744 9.98772E-05 9.98772E-05 9.98772E-05
0.00498239 0.0275526 9.98772E-05 9.98772E-05 9.98772E-05 9.98772E-05 9.98772E-05 9.98772E-05 9.98772E-05 9.98772E-05 0.149582 9.98772E-05 9.98772E-05 9.98772E-05 9.98772E-05 0.10113 0.071584 9.98772E-05 0.302354 9.98772E-05 0.106155 0.0854634 0.149799
0.107012 9.98684E-05 9.98684E-05 0.093401 9.98684E-05 9.98684E-05 0.0313779 9.98684E-05 9.98684E-05 9.98684E-05 0.185534 9.98684E-05 0.13821 9.98684E-05 9.98684E-05 0.209747 0.181062 9.98684E-05 0.0521579 9.98684E-05 9.98684E-05 9.98684E-05 9.98684E-05
9.98157E-05 9.98157E-05 9.98157E-05 9.98157E-05 9.98157E-05 9.98157E-05 9.98157E-05 9.98157E-05 0.0514927 9.98157E-05 9.98157E-05 9.98157E-05 9.98157E-05 9.98157E-05 9.98157E-05 0.946411 9.98157E-05 9.98157E-05 9.98157E-05 9.98157E-05 9.98157E-05 9.98157E-05 9.98157E-05
0.154683 9.9886E-05 0.00575519 9.9886E-05 0.0208401 0.111865 0.0496738 9.9886E-05 9.9886E-05 9.9886E-05 0.0254832 9.9886E-05 0.0682607 9.9886E-05 9.9886E-05 0.455555 0.0550985 9.9886E-05 9.9886E-05 9.9886E-05 9.9886E-05 0.051487 9.9886E-05
0.132653 9.98685E-05 0.0634479 0.0391264 9.98685E-05 9.98685E-05 9.98685E-05 9.98685E-05 9.98685E-05 9.98685E-05 0.322264 0.13074 9.98685E-05 0.0167826 9.98685E-05 0.245561 9.98685E-05 9.98685E-05 9.98685E-05 9.98685E-05 9.98685E-05 0.047927 9.98685E-05
0.0317116 9.9851E-05 9.9851E-05 9.9851E-05 9.9851E-05 9.9851E-05 0.0846964 9.9851E-05 9.9851E-05 9.9851E-05 9.9851E-05 9.9851E-05 9.9851E-05 9.9851E-05 9.9851E-05 0.521419 0.107647 9.9851E-05 0.230792 9.9851E-05 9.9851E-05 0.0220369 9.9851E-05
9.98509E-05 0.132809 9.98509E-05 9.98509E-05 9.98509E-05 0.032534 9.98509E-05 9.98509E-05 9.98509E-05 9.98509E-05 0.293803 9.98509E-05 9.98509E-05 9.98509E-05 9.98509E-05 0.347812 0.175251 9.98509E-05 0.0160929 9.98509E-05 9.98509E-05 9.98509E-05 9.98509E-05
0.0256209 9.98596E-05 9.98596E-05 0.0898018 9.98596E-05 9.98596E-05 9.98596E-05 9.98596E-05 0.108251 9.98596E-05 0.0905332 9.98596E-05 9.98596E-05 9.98596E-05 9.98596E-05 0.257615 0.254851 9.98596E-05 9.98596E-05 9.98596E-05 9.98596E-05 0.171729 9.98596E-05
0.0257611 9.98596E-05 9.98596E-05 9.98596E-05 9.98596E-05 9.98596E-05 9.98596E-05 9.98596E-05 9.98596E-05 9.98596E-05 0.079903 9.98596E-05 0.0687328 9.98596E-05 9.98596E-05 0.602505 0.182647 9.98596E-05 0.0121555 9.98596E-05 9.98596E-05 0.0266981 9.98596E-05
9.98508E-05 9.98508E-05 0.247108 9.98508E-05 9.98508E-05 0.0720605 9.98508E-05 9.98508E-05 9.98508E-05 9.98508E-05 0.216796 9.98508E-05 9.98508E-05 9.98508E-05 9.98508E-05 9.98508E-05 0.037091 9.98508E-05 9.98508E-05 9.98508E-05 9.98508E-05 0.281474 0.143773
9.98597E-05 9.98597E-05 0.0469259 9.98597E-05 9.98597E-05 9.98597E-05 9.98597E-05 9.98597E-05 9.98597E-05 0.0288992 0.0876624 9.98597E-05 0.0832439 9.98597E-05 9.98597E-05 0.626272 0.0470081 9.98597E-05 9.98597E-05 9.98597E-05 9.98597E-05 0.0783908 9.98597E-05
9.98684E-05 0.0248499 0.129356 9.98684E-05 9.98684E-05 9.98684E-05 9.98684E-05 9.98684E-05 0.0212539 9.98684E-05 0.018235 9.98684E-05 9.98684E-05 9.98684E-05 9.98684E-05 0.521029 0.193268 9.98684E-05 0.0810906 9.98684E-05 9.98684E-05 0.00941975 9.98684E-05
0.00181227 9.98684E-05 9.98684E-05 0.0027828 9.98684E-05 9.98684E-05 0.00724469 0.00606629 9.98684E-05 9.98684E-05 9.98684E-05 9.98684E-05 9.98684E-05 9.98684E-05 0.219605 0.643296 0.0432873 9.98684E-05 0.0744082 9.98684E-05 9.98684E-05 9.98684E-05 9.98684E-05
0.00457846 9.98596E-05 0.0574643 0.0691126 9.98596E-05 9.98596E-05 0.143241 9.98596E-05 9.98596E-05 9.98596E-05 9.98596E-05 9.98596E-05 9.98596E-05 9.98596E-05 9.98596E-05 0.609809 0.0399454 9.98596E-05 0.0742507 9.98596E-05 9.98596E-05 9.98596E-05 9.98596E-05
9.98685E-05 9.98685E-05 9.98685E-05 0.018251 9.98685E-05 9.98685E-05 0.015117 9.98685E-05 9.98685E-05 9.98685E-05 0.0716872 9.98685E-05 0.0889835 9.98685E-05 9.98685E-05 0.456083 0.0803287 9.98685E-05 0.0669596 9.98685E-05 9.98685E-05 0.201092 9.98685E-05
9.98596E-05 9.98596E-05 9.98596E-05 9.98596E-05 9.98596E-05 0.0183253 0.0584839 9.98596E-05 9.98596E-05 9.98596E-05 0.247801 9.98596E-05 9.98596E-05 9.98596E-05 9.98596E-05 0.451889 0.0624559 9.98596E-05 0.0842443 9.98596E-05 9.98596E-05 0.0752037 9.98596E-05
9.98798E-05 9.98798E-05 9.98798E-05 0.00321998 9.98798E-05 9.98798E-05 9.98798E-05 0.0234433 0.0182409 9.98798E-05 0.179438 9.98798E-05 0.0110143 9.98798E-05 0.0387988 0.408757 0.0803091 9.98798E-05 9.98798E-05 9.98798E-05 9.98798E-05 0.235381 9.98798E-05
9.9851E-05 9.9851E-05 0.0693635 0.041098 9.9851E-05 9.9851E-05 9.9851E-05 9.9851E-05 0.0215202 9.9851E-05 9.9851E-05 9.9851E-05 9.9851E-05 9.9851E-05 9.9851E-05 0.804666 0.00882542 9.9851E-05 9.9851E-05 0.052829 9.9851E-05 9.9851E-05 9.9851E-05
0.0069525 0.00206714 0.114973 9.98771E-05 9.98771E-05 9.98771E-05 0.0102346 9.98771E-05 9.98771E-05 9.98771E-05 0.0803249 9.98771E-05 0.160541 9.98771E-05 9.98771E-05 0.559264 0.0485444 9.98771E-05 0.0157008 9.98771E-05 9.98771E-05 9.98771E-05 9.98771E-05
9.9851E-05 9.9851E-05 0.0339002 9.9851E-05 9.9851E-05 9.9851E-05 0.0538039 0.0162626 9.9851E-05 9.9851E-05 9.9851E-05 9.9851E-05 0.0257357 9.9851E-05 9.9851E-05 0.831758 9.9851E-05 9.9851E-05 9.9851E-05 0.036842 9.9851E-05 9.9851E-05 9.9851E-05
0.156249 9.98336E-05 9.98336E-05 9.98336E-05 9.98336E-05 9.98336E-05 9.98336E-05 9.98336E-05 0.101061 9.98336E-05 9.98336E-05 9.98336E-05 9.98336E-05 9.98336E-05 9.98336E-05 0.606785 0.134009 9.98336E-05 9.98336E-05 9.98336E-05 9.98336E-05 9.98336E-05 9.98336E-05
9.98685E-05 9.98685E-05 9.98685E-05 9.98685E-05 9.98685E-05 9.98685E-05 0.0511695 9.98685E-05 0.0760406 9.98685E-05 9.98685E-05 0.0250666 9.98685E-05 9.98685E-05 0.123715 0.438109 0.144445 0.024139 9.98685E-05 0.115818 9.98685E-05 9.98685E-05 9.98685E-05
9.98509E-05 9.98509E-05 9.98509E-05 9.98509E-05 9.98509E-05 0.0763512 9.98509E-05 0.0779453 9.98509E-05 9.98509E-05 0.0332163 9.98509E-05 9.98509E-05 9.98509E-05 9.98509E-05 0.523147 0.120115 9.98509E-05 9.98509E-05 9.98509E-05 9.98509E-05 0.167529 9.98509E-05
9.98597E-05 9.98597E-05 0.0859668 9.98597E-05 0.00463609 0.0268821 0.00580273 9.98597E-05 9.98597E-05 9.98597E-05 0.121896 9.98597E-05 9.98597E-05 9.98597E-05 9.98597E-05 0.742895 0.010324 9.98597E-05 9.98597E-05 9.98597E-05 9.98597E-05 9.98597E-05 9.98597E-05
9.98597E-05 0.0185242 0.201406 9.98597E-05 9.98597E-05 9.98597E-05 9.98597E-05 9.98597E-05 9.98597E-05 9.98597E-05 0.159703 9.98597E-05 9.98597E-05 9.98597E-05 9.98597E-05 0.546008 0.00814938 9.98597E-05 0.0477326 0.016879 9.98597E-05 9.98597E-05 9.98597E-05
9.98245E-05 9.98245E-05 0.153874 9.98245E-05 9.98245E-05 9.98245E-05 9.98245E-05 9.98245E-05 9.98245E-05 9.98245E-05 9.98245E-05 9.98245E-05 9.98245E-05 9.98245E-05 9.98245E-05 0.804333 9.98245E-05 0.0397958 9.98245E-05 9.98245E-05 9.98245E-05 9.98245E-05 9.98245E-05
0.0596885 0.0422411 9.98684E-05 9.98684E-05 9.98684E-05 9.98684E-05 0.052055 9.98684E-05 9.98684E-05 9.98684E-05 0.103843 9.98684E-05 9.98684E-05 9.98684E-05 9.98684E-05 0.311913 0.140841 9.98684E-05 0.22846 0.0594607 9.98684E-05 9.98684E-05 9.98684E-05
9.98511E-05 0.012963 9.98511E-05 9.98511E-05 9.98511E-05 9.98511E-05 0.00279675 9.98511E-05 9.98511E-05 9.98511E-05 0.330889 9.98511E-05 0.311145 9.98511E-05 9.98511E-05 0.169025 0.171484 9.98511E-05 9.98511E-05 9.98511E-05 9.98511E-05 9.98511E-05 9.98511E-05
9.98419E-05 9.98419E-05 9.98419E-05 9.98419E-05 9.98419E-05 9.98419E-05 9.98419E-05 9.98419E-05 9.98419E-05 9.98419E-05 0.0406783 9.98419E-05 0.0481332 9.98419E-05 9.98419E-05 0.804617 0.0492837 9.98419E-05 9.98419E-05 9.98419E-05 0.0554909 9.98419E-05 9.98419E-05
0.0336391 9.98421E-05 9.98421E-05 9.98421E-05 9.98421E-05 9.98421E-05 0.0574167 9.98421E-05 9.98421E-05 9.98421E-05 9.98421E-05 9.98421E-05 9.98421E-05 9.98421E-05 9.98421E-05 0.781665 0.103989 9.98421E-05 9.98421E-05 9.98421E-05 9.98421E-05 9.98421E-05 0.0214927
9.98509E-05 9.98509E-05 9.98509E-05 9.98509E-05 9.98509E-05 9.98509E-05 9.98509E-05 0.0175342 9.98509E-05 9.98509E-05 9.98509E-05 0.0200657 9.98509E-05 9.98509E-05 9.98509E-05 0.844072 0.0612807 9.98509E-05 0.0519031 9.98509E-05 0.00344701 9.98509E-05 9.98509E-05
9.98508E-05 9.98508E-05 9.98508E-05 9.98508E-05 9.98508E-05 9.98508E-05 0.0310505 9.98508E-05 9.98508E-05 9.98508E-05 0.142952 9.98508E-05 0.0259514 9.98508E-05 9.98508E-05 0.614091 0.120749 9.98508E-05 0.063508 9.98508E-05 9.98508E-05 9.98508E-05 9.98508E-05
0.0724443 9.98774E-05 9.98774E-05 9.98774E-05 0.00663193 9.98774E-05 0.0329304 0.0710907 9.98774E-05 9.98774E-05 0.0110588 9.98774E-05 9.98774E-05 9.98774E-05 0.0157785 0.724277 0.0332666 9.98774E-05 9.98774E-05 9.98774E-05 0.0311237 9.98774E-05 9.98774E-05
0.0076909 9.98684E-05 0.199204 9.98684E-05 9.98684E-05 0.00399207 0.122594 9.98684E-05 9.98684E-05 9.98684E-05 9.98684E-05 9.98684E-05 0.0860559 9.98684E-05 9.98684E-05 0.214877 0.114131 9.98684E-05 9.98684E-05 9.98684E-05 9.98684E-05 0.249956 9.98684E-05
9.98597E-05 0.114171 9.98597E-05 9.98597E-05 9.98597E-05 9.98597E-05 9.98597E-05 9.98597E-05 9.98597E-05 9.98597E-05 0.215125 0.0320771 0.000269656 0.0178393 9.98597E-05 0.610007 9.98597E-05 9.98597E-05 9.98597E-05 9.98597E-05 0.00891307 9.98597E-05 9.98597E-05
9.98422E-05 9.98422E-05 9.98422E-05 0.0663588 9.98422E-05 9.98422E-05 9.98422E-05 9.98422E-05 9.98422E-05 9.98422E-05 9.98422E-05 9.98422E-05 9.98422E-05 9.98422E-05 9.98422E-05 0.864354 0.0627709 9.98422E-05 9.98422E-05 0.000444909 9.98422E-05 9.98422E-05 0.00427412
9.98773E-05 9.98773E-05 9.98773E-05 9.98773E-05 0.0144734 0.145724 0.0170768 0.0326911 0.0794182 9.98773E-05 9.98773E-05 9.98773E-05 9.98773E-05 9.98773E-05 0.0043371 0.570222 0.0481811 9.98773E-05 0.0864778 9.98773E-05 9.98773E-05 9.98773E-05 9.98773E-05
9.98335E-05 9.98335E-05 9.98335E-05 0.0817952 0.0664092 9.98335E-05 9.98335E-05 9.98335E-05 9.98335E-05 9.98335E-05 9.98335E-05 9.98335E-05 9.98335E-05 9.98335E-05 9.98335E-05 0.734115 0.115783 9.98335E-05 9.98335E-05 9.98335E-05 9.98335E-05 9.98335E-05 9.98335E-05
9.98597E-05 9.98597E-05 9.98597E-05 9.98597E-05 9.98597E-05 0.0122507 9.98597E-05 9.98597E-05 0.0787342 9.98597E-05 9.98597E-05 0.0918086 9.98597E-05 9.98597E-05 9.98597E-05 0.594143 9.98597E-05 0.100864 0.1009 9.98597E-05 9.98597E-05 0.0197028 9.98597E-05
9.98683E-05 9.98683E-05 9.98683E-05 9.98683E-05 9.98683E-05 9.98683E-05 0.0202393 9.98683E-05 9.98683E-05 9.98683E-05 0.0703039 9.98683E-05 0.0126787 0.0223554 9.98683E-05 0.656002 0.0142335 9.98683E-05 9.98683E-05 0.0681682 9.98683E-05 9.98683E-05 0.134521
9.98509E-05 9.98509E-05 9.98509E-05 9.98509E-05 9.98509E-05 9.98509E-05 0.0240712 0.0161229 9.98509E-05 9.98509E-05 0.0301479 9.98509E-05 0.0754848 9.98509E-05 9.98509E-05 0.781397 0.0710785 9.98509E-05 9.98509E-05 9.98509E-05 9.98509E-05 9.98509E-05 9.98509E-05
0.000947896 9.98684E-05 0.0685403 9.98684E-05 9.98684E-05 9.98684E-05 0.0264108 0.00175143 9.98684E-05 9.98684E-05 9.98684E-05 9.98684E-05 9.98684E-05 0.0398769 9.98684E-05 0.835624 0.0241348 9.98684E-05 9.98684E-05 0.001216 9.98684E-05 9.98684E-05 9.98684E-05
0.106605 9.98596E-05 9.98596E-05 9.98596E-05 9.98596E-05 9.98596E-05 0.0149357 9.98596E-05 9.98596E-05 9.98596E-05 0.0110472 9.98596E-05 9.98596E-05 9.98596E-05 9.98596E-05 9.98596E-05 0.148246 9.98596E-05 0.70884 0.00691992 0.00180788 9.98596E-05 9.98596E-05
9.98161E-05 9.98161E-05 9.98161E-05 9.98161E-05 9.98161E-05 9.98161E-05 9.98161E-05 9.98161E-05 9.98161E-05 9.98161E-05 9.98161E-05 9.98161E-05 0.0392656 9.98161E-05 9.98161E-05 9.98161E-05 9.98161E-05 9.98161E-05 0.958638 9.98161E-05 9.98161E-05 9.98161E-05 9.98161E-05
9.98333E-05 9.98333E-05 9.98333E-05 9.98333E-05 9.98333E-05 9.98333E-05 0.032847 9.98333E-05 9.98333E-05 9.98333E-05 9.98333E-05 9.98333E-05 9.98333E-05 9.98333E-05 0.0133299 9.98333E-05 9.98333E-05 9.98333E-05 0.911086 9.98333E-05 9.98333E-05 9.98333E-05 0.0408402
0.0928145 9.98597E-05 9.98597E-05 9.98597E-05 9.98597E-05 9.98597E-05 9.98597E-05 0.0774411 9.98597E-05 9.98597E-05 9.98597E-05 9.98597E-05 9.98597E-05 9.98597E-05 9.98597E-05 9.98597E-05 0.0124911 9.98597E-05 0.329721 0.311688 9.98597E-05 0.159079 0.0151675
0.0621708 9.98505E-05 9.98505E-05 0.00640327 9.98505E-05 9.98505E-05 9.98505E-05 9.98505E-05 9.98505E-05 9.98505E-05 0.0867044 9.98505E-05 9.98505E-05 9.98505E-05 9.98505E-05 9.98505E-05 9.98505E-05 9.98505E-05 0.6871 9.98505E-05 0.105905 9.98505E-05 0.0500193
0.0210745 0.0253221 9.98594E-05 9.98594E-05 9.98594E-05 9.98594E-05 9.98594E-05 9.98594E-05 9.98594E-05 9.98594E-05 0.0486936 9.98594E-05 9.98594E-05 0.00579684 9.98594E-05 9.98594E-05 0.172903 9.98594E-05 0.707428 9.98594E-05 9.98594E-05 0.0171835 9.98594E-05
0.0541505 9.98595E-05 0.00320241 9.98595E-05 9.98595E-05 9.98595E-05 0.051667 9.98595E-05 9.98595E-05 9.98595E-05 9.98595E-05 9.98595E-05 0.0907629 9.98595E-05 9.98595E-05 9.98595E-05 0.0791324 9.98595E-05 0.527614 0.191873 9.98595E-05 9.98595E-05 9.98595E-05
0.0843823 9.98681E-05 9.98681E-05 9.98681E-05 9.98681E-05 9.98681E-05 0.00859864 0.0364003 9.98681E-05 9.98681E-05 9.98681E-05 9.98681E-05 9.98681E-05 9.98681E-05 9.98681E-05 9.98681E-05 0.0977437 9.98681E-05 0.552084 0.0628109 9.98681E-05 0.130642 0.0258398
9.98333E-05 9.98333E-05 0.00194914 9.98333E-05 9.98333E-05 9.98333E-05 9.98333E-05 9.98333E-05 9.98333E-05 9.98333E-05 9.98333E-05 9.98333E-05 9.98333E-05 9.98333E-05 9.98333E-05 9.98333E-05 9.98333E-05 0.0189507 0.97032 0.00688319 9.98333E-05 9.98333E-05 9.98333E-05
0.0166076 9.98244E-05 9.98244E-05 9.98244E-05 9.98244E-05 9.98244E-05 0.0199887 9.98244E-05 9.98244E-05 9.98244E-05 9.98244E-05 9.98244E-05 9.98244E-05 9.98244E-05 9.98244E-05 9.98244E-05 9.98244E-05 9.98244E-05 0.961407 9.98244E-05 9.98244E-05 9.98244E-05 9.98244E-05
0.0478808 9.9833E-05 9.9833E-05 9.9833E-05 9.9833E-05 9.9833E-05 0.148367 9.9833E-05 9.9833E-05 9.9833E-05 9.9833E-05 9.9833E-05 9.9833E-05 9.9833E-05 9.9833E-05 9.9833E-05 0.286678 9.9833E-05 0.515177 9.9833E-05 9.9833E-05 9.9833E-05 9.9833E-05
9.9877E-05 9.9877E-05 9.9877E-05 0.0011556 0.0855542 9.9877E-05 0.0505605 0.0883204 9.9877E-05 9.9877E-05 0.139133 9.9877E-05 0.0467363 9.9877E-05 9.9877E-05 9.9877E-05 0.00765637 9.9877E-05 0.475299 0.104186 9.9877E-05 9.9877E-05 9.9877E-05
0.19186 9.98771E-05 9.98771E-05 9.98771E-05 9.98771E-05 0.0367906 0.0831896 9.98771E-05 0.0346558 9.98771E-05 9.98771E-05 0.114157 0.040402 9.98771E-05 9.98771E-05 9.98771E-05 9.98771E-05 9.98771E-05 0.469001 9.98771E-05 9.98771E-05 0.0175528 0.0109928
9.98419E-05 9.98419E-05 9.98419E-05 9.98419E-05 9.98419E-05 9.98419E-05 9.98419E-05 9.98419E-05 9.98419E-05 9.98419E-05 0.182724 0.00434162 9.98419E-05 9.98419E-05 9.98419E-05 9.98419E-05 0.195963 9.98419E-05 0.553846 0.0613278 9.98419E-05 9.98419E-05 9.98419E-05
9.98161E-05 9.98161E-05 0.0783635 9.98161E-05 9.98161E-05 9.98161E-05 9.98161E-05 9.98161E-05 9.98161E-05 9.98161E-05 9.98161E-05 9.98161E-05 9.98161E-05 9.98161E-05 9.98161E-05 9.98161E-05 9.98161E-05 9.98161E-05 0.91954 9.98161E-05 9.98161E-05 9.98161E-05 9.98161E-05
0.0583853 9.98335E-05 9.98335E-05 9.98335E-05 9.98335E-05 9.98335E-05 9.98335E-05 9.98335E-05 9.98335E-05 9.98335E-05 9.98335E-05 9.98335E-05 0.0160254 9.98335E-05 9.98335E-05 9.98335E-05 9.98335E-05 9.98335E-05 0.883123 9.98335E-05 9.98335E-05 9.98335E-05 0.0405694
9.98418E-05 9.98418E-05 9.98418E-05 9.98418E-05 9.98418E-05 9.98418E-05 9.98418E-05 0.0501334 9.98418E-05 9.98418E-05 9.98418E-05 9.98418E-05 9.98418E-05 0.129539 9.98418E-05 9.98418E-05 9.98418E-05 9.98418E-05 0.69056 9.98418E-05 9.98418E-05 0.0986732 0.0292974
0.0156391 9.9842E-05 9.9842E-05 9.9842E-05 9.9842E-05 9.9842E-05 0.0744393 9.9842E-05 9.9842E-05 9.9842E-05 0.0923345 9.9842E-05 0.15588 9.9842E-05 9.9842E-05 9.9842E-05 9.9842E-05 9.9842E-05 0.65991 9.9842E-05 9.9842E-05 9.9842E-05 9.9842E-05
9.98508E-05 9.98508E-05 9.98508E-05 0.0296441 9.98508E-05 9.98508E-05 0.0142765 9.98508E-05 9.98508E-05 9.98508E-05 9.98508E-05 9.98508E-05 0.00263865 9.98508E-05 9.98508E-05 9.98508E-05 0.0626394 9.98508E-05 0.811329 9.98508E-05 9.98508E-05 9.98508E-05 0.0777747
9.98593E-05 9.98593E-05 0.195039 9.98593E-05 9.98593E-05 0.0331117 0.03248 9.98593E-05 0.0317658 9.98593E-05 9.98593E-05 9.98593E-05 9.98593E-05 9.98593E-05 9.98593E-05 9.98593E-05 0.154804 9.98593E-05 0.513686 9.98593E-05 9.98593E-05 9.98593E-05 0.0375154
9.98249E-05 9.98249E-05 9.98249E-05 9.98249E-05 9.98249E-05 9.98249E-05 9.98249E-05 0.0141488 9.98249E-05 9.98249E-05 9.98249E-05 9.98249E-05 9.98249E-05 9.98249E-05 0.057231 9.98249E-05 9.98249E-05 9.98249E-05 0.926624 9.98249E-05 9.98249E-05 9.98249E-05 9.98249E-05
9.98419E-05 9.98419E-05 9.98419E-05 0.00305149 9.98419E-05 9.98419E-05 9.98419E-05 0.0161708 9.98419E-05 9.98419E-05 0.32772 9.98419E-05 9.98419E-05 9.98419E-05 9.98419E-05 9.98419E-05 0.0651305 9.98419E-05 0.58613 9.98419E-05 9.98419E-05 9.98419E-05 9.98419E-05
9.98596E-05 9.98596E-05 9.98596E-05 9.98596E-05 9.98596E-05 9.98596E-05 9.98596E-05 9.98596E-05 0.0159784 9.98596E-05 0.0441313 9.98596E-05 9.98596E-05 9.98596E-05 9.98596E-05 9.98596E-05 0.0334686 0.155526 0.69729 0.0149025 9.98596E-05 0.0371055 9.98596E-05
0.045456 0.0261314 9.98771E-05 9.98771E-05 9.98771E-05 9.98771E-05 9.98771E-05 0.0180625 9.98771E-05 9.98771E-05 9.98771E-05 9.98771E-05 0.150823 0.0426163 9.98771E-05 9.98771E-05 0.0135349 9.98771E-05 0.580069 9.98771E-05 9.98771E-05 0.074891 0.0470176
9.9833E-05 9.9833E-05 9.9833E-05 9.9833E-05 0.0619374 9.9833E-05 0.115215 9.9833E-05 9.9833E-05 9.9833E-05 9.9833E-05 9.9833E-05 9.9833E-05 9.9833E-05 9.9833E-05 9.9833E-05 0.0284759 9.9833E-05 0.792475 9.9833E-05 9.9833E-05 9.9833E-05 9.9833E-05
0.0125712 9.98335E-05 9.98335E-05 9.98335E-05 9.98335E-05 9.98335E-05 9.98335E-05 9.98335E-05 9.98335E-05 9.98335E-05 9.98335E-05 9.98335E-05 9.98335E-05 9.98335E-05 0.00305422 9.98335E-05 9.98335E-05 9.98335E-05 0.966014 0.016464 9.98335E-05 9.98335E-05 9.98335E-05
9.98072E-05 9.98072E-05 9.98072E-05 9.98072E-05 9.98072E-05 9.98072E-05 9.98072E-05 9.98072E-05 9.98072E-05 9.98072E-05 9.98072E-05 9.98072E-05 9.98072E-05 9.98072E-05 9.98072E-05 9.98072E-05 9.98072E-05 9.98072E-05 0.997804 9.98072E-05 9.98072E-05 9.98072E-05 9.98072E-05
9.98072E-05 9.98072E-05 9.98072E-05 9.98072E-05 9.98072E-05 9.98072E-05 9.98072E-05 9.98072E-05 9.98072E-05 9.98072E-05 9.98072E-05 9.98072E-05 9.98072E-05 9.98072E-05 9.98072E-05 9.98072E-05 9.98072E-05 9.98072E-05 0.997804 9.98072E-05 9.98072E-05 9.98072E-05 9.98072E-05
9.98246E-05 9.98246E-05 9.98246E-05 9.98246E-05 9.98246E-05 9.98246E-05 9.98246E-05 9.98246E-05 9.98246E-05 9.98246E-05 9.98246E-05 9.98246E-05 9.98246E-05 9.98246E-05 9.98246E-05 9.98246E-05 0.0422448 9.98246E-05 0.783692 9.98246E-05 9.98246E-05 9.98246E-05 0.172067
0.0259812 9.98422E-05 0.0803546 9.98422E-05 9.98422E-05 9.98422E-05 9.98422E-05 9.98422E-05 9.98422E-05 9.98422E-05 9.98422E-05 9.98422E-05 9.98422E-05 9.98422E-05 9.98422E-05 9.98422E-05 0.127745 0.357226 0.406896 9.98422E-05 9.98422E-05 9.98422E-05 9.98422E-05
0.0808071 9.98245E-05 9.98245E-05 9.98245E-05 9.98245E-05 9.98245E-05 9.98245E-05 9.98245E-05 9.98245E-05 9.98245E-05 9.98245E-05 9.98245E-05 9.98245E-05 9.98245E-05 9.98245E-05 9.98245E-05 0.0982376 9.98245E-05 9.98245E-05 9.98245E-05 9.98245E-05 0.818959 9.98245E-05
0.000101283 9.98334E-05 9.98334E-05 9.98334E-05 9.98334E-05 9.98334E-05 9.98334E-05 9.98334E-05 9.98334E-05 9.98334E-05 9.98334E-05 9.98334E-05 9.98334E-05 9.98334E-05 0.584295 9.98334E-05 9.98334E-05 0.0713202 9.98334E-05 9.98334E-05 9.98334E-05 0.342387 9.98334E-05
9.98246E-05 9.98246E-05 9.98246E-05 0.0316034 9.98246E-05 9.98246E-05 9.98246E-05 9.98246E-05 9.98246E-05 9.98246E-05 9.98246E-05 9.98246E-05 9.98246E-05 9.98246E-05 9.98246E-05 9.98246E-05 0.0540473 9.98246E-05 9.98246E-05 9.98246E-05 9.98246E-05 0.912353 9.98246E-05
0.0117658 9.98244E-05 9.98244E-05 9.98244E-05 9.98244E-05 9.98244E-05 9.98244E-05 9.98244E-05 9.98244E-05 9.98244E-05 9.98244E-05 9.98244E-05 9.98244E-05 9.98244E-05 9.98244E-05 9.98244E-05 0.175498 9.98244E-05 9.98244E-05 9.98244E-05 9.98244E-05 0.81074 9.98244E-05
0.0164035 9.98419E-05 9.98419E-05 9.98419E-05 9.98419E-05 9.98419E-05 9.98419E-05 9.98419E-05 9.98419E-05 9.98419E-05 9.98419E-05 9.98419E-05 9.98419E-05 0.011654 9.98419E-05 9.98419E-05 9.98419E-05 9.98419E-05 9.98419E-05 9.98419E-05 0.0120727 0.946356 0.0117165
0.136734 9.98421E-05 9.98421E-05 9.98421E-05 9.98421E-05 9.98421E-05 9.98421E-05 9.98421E-05 9.98421E-05 9.98421E-05 9.98421E-05 9.98421E-05 9.98421E-05 9.98421E-05 9.98421E-05 9.98421E-05 0.156585 0.115603 9.98421E-05 0.0540988 9.98421E-05 0.535182 9.98421E-05
0.124937 9.98507E-05 9.98507E-05 9.98507E-05 9.98507E-05 9.98507E-05 0.018779 9.98507E-05 9.98507E-05 9.98507E-05 0.0649053 9.98507E-05 9.98507E-05 9.98507E-05 9.98507E-05 9.98507E-05 0.0740747 0.280525 9.98507E-05 9.98507E-05 9.98507E-05 0.435081 9.98507E-05
0.161294 9.98421E-05 9.98421E-05 9.98421E-05 9.98421E-05 9.98421E-05 9.98421E-05 9.98421E-05 9.98421E-05 9.98421E-05 9.98421E-05 9.98421E-05 9.98421E-05 9.98421E-05 9.98421E-05 9.98421E-05 0.0149981 9.98421E-05 0.0217772 9.98421E-05 9.98421E-05 0.798676 0.0014569
0.341231 9.98506E-05 0.0470298 0.0753852 9.98506E-05 9.98506E-05 9.98506E-05 9.98506E-05 9.98506E-05 9.98506E-05 9.98506E-05 9.98506E-05 9.98506E-05 9.98506E-05 9.98506E-05 9.98506E-05 0.0386516 9.98506E-05 9.98506E-05 0.195149 9.98506E-05 0.300856 9.98506E-05
0.17154 9.98333E-05 9.98333E-05 0.0314659 9.98333E-05 9.98333E-05 9.98333E-05 9.98333E-05 9.98333E-05 9.98333E-05 9.98333E-05 9.98333E-05 9.98333E-05 9.98333E-05 9.98333E-05 9.98333E-05 0.268029 9.98333E-05 9.98333E-05 9.98333E-05 9.98333E-05 0.527069 9.98333E-05
9.98333E-05 9.98333E-05 9.98333E-05 9.98333E-05 9.98333E-05 9.98333E-05 0.0156404 9.98333E-05 9.98333E-05 0.53182 9.98333E-05 9.98333E-05 9.98333E-05 9.98333E-05 9.98333E-05 9.98333E-05 9.98333E-05 9.98333E-05 9.98333E-05 0.148819 9.98333E-05 0.301823 9.98333E-05
9.98421E-05 9.98421E-05 9.98421E-05 9.98421E-05 9.98421E-05 9.98421E-05 9.98421E-05 9.98421E-05 9.98421E-05 0.0802335 9.98421E-05 9.98421E-05 9.98421E-05 9.98421E-05 0.0920556 9.98421E-05 0.0240056 9.98421E-05 9.98421E-05 0.152025 9.98421E-05 0.649883 9.98421E-05
0.0679043 9.98332E-05 9.98332E-05 9.98332E-05 9.98332E-05 9.98332E-05 9.98332E-05 9.98332E-05 9.98332E-05 0.214501 9.98332E-05 9.98332E-05 9.98332E-05 9.98332E-05 9.98332E-05 9.98332E-05 9.98332E-05 0.0800796 9.98332E-05 9.98332E-05 9.98332E-05 0.635618 9.98332E-05
0.115218 0.0463958 9.98422E-05 9.98422E-05 9.98422E-05 9.98422E-05 9.98422E-05 9.98422E-05 9.98422E-05 0.270923 9.98422E-05 9.98422E-05 9.98422E-05 9.98422E-05 9.98422E-05 9.98422E-05 0.26506 9.98422E-05 9.98422E-05 9.98422E-05 9.98422E-05 0.300607 9.98422E-05
9.98596E-05 9.98596E-05 0.00944391 0.00849382 9.98596E-05 0.0286703 0.00857099 9.98596E-05 9.98596E-05 9.98596E-05 9.98596E-05 9.98596E-05 9.98596E-05 9.98596E-05 9.98596E-05 9.98596E-05 9.98596E-05 0.251197 9.98596E-05 9.98596E-05 9.98596E-05 0.558601 0.133425
0.0139576 9.98509E-05 0.14206 9.98509E-05 9.98509E-05 9.98509E-05 9.98509E-05 9.98509E-05 9.98509E-05 9.98509E-05 9.98509E-05 9.98509E-05 9.98509E-05 0.0259752 9.98509E-05 9.98509E-05 0.123026 9.98509E-05 9.98509E-05 0.0291731 9.98509E-05 0.664111 9.98509E-05
9.98507E-05 9.98507E-05 9.98507E-05 9.98507E-05 0.0524122 9.98507E-05 9.98507E-05 9.98507E-05 9.98507E-05 9.98507E-05 9.98507E-05 9.98507E-05 9.98507E-05 9.98507E-05 0.0718382 9.98507E-05 0.0541251 9.98507E-05 9.98507E-05 0.159057 0.0131385 0.647731 9.98507E-05
0.127523 9.98511E-05 9.98511E-05 9.98511E-05 9.98511E-05 9.98511E-05 9.98511E-05 0.0519674 9.98511E-05 9.98511E-05 0.082864 0.00701627 9.98511E-05 9.98511E-05 0.0991317 9.98511E-05 9.98511E-05 9.98511E-05 9.98511E-05 9.98511E-05 9.98511E-05 0.6298 9.98511E-05
9.98247E-05 9.98247E-05 9.98247E-05 9.98247E-05 9.98247E-05 9.98247E-05 9.98247E-05 9.98247E-05 9.98247E-05 9.98247E-05 9.98247E-05 9.98247E-05 9.98247E-05 9.98247E-05 0.0473633 9.98247E-05 9.98247E-05 9.98247E-05 9.98247E-05 0.00145347 9.98247E-05 0.949187 9.98247E-05
0.0728178 9.98859E-05 0.0675491 9.98859E-05 0.075403 9.98859E-05 0.0322956 9.98859E-05 9.98859E-05 9.98859E-05 9.98859E-05 9.98859E-05 0.022772 9.98859E-05 0.249582 9.98859E-05 0.0419155 9.98859E-05 0.0385475 9.98859E-05 0.0344169 0.363402 9.98859E-05
9.98421E-05 9.98421E-05 9.98421E-05 9.98421E-05 9.98421E-05 9.98421E-05 9.98421E-05 9.98421E-05 9.98421E-05 9.98421E-05 9.98421E-05 0.0693101 9.98421E-05 9.98421E-05 9.98421E-05 9.98421E-05 0.0539295 0.120531 9.98421E-05 0.111721 9.98421E-05 0.642712 9.98421E-05
0.0611082 9.98507E-05 9.98507E-05 9.98507E-05 9.98507E-05 9.98507E-05 0.0124152 9.98507E-05 9.98507E-05 9.98507E-05 9.98507E-05 9.98507E-05 9.98507E-05 9.98507E-05 0.0297972 9.98507E-05 0.00682547 9.98507E-05 9.98507E-05 9.98507E-05 9.98507E-05 0.864906 0.0232508
0.27622 9.98421E-05 9.98421E-05 9.98421E-05 9.98421E-05 9.98421E-05 9.98421E-05 9.98421E-05 9.98421E-05 9.98421E-05 9.98421E-05 9.98421E-05 9.98421E-05 9.98421E-05 9.98421E-05 9.98421E-05 0.18603 9.98421E-05 9.98421E-05 0.0684477 0.0934506 0.374055 9.98421E-05
0.114335 9.98509E-05 9.98509E-05 0.0163216 9.98509E-05 9.98509E-05 9.98509E-05 9.98509E-05 9.98509E-05 0.119899 9.98509E-05 9.98509E-05 9.98509E-05 9.98509E-05 0.108653 9.98509E-05 0.0481164 9.98509E-05 9.98509E-05 9.98509E-05 9.98509E-05 0.590978 9.98509E-05
0.189502 9.98332E-05 9.98332E-05 9.98332E-05 9.98332E-05 9.98332E-05 9.98332E-05 9.98332E-05 9.98332E-05 9.98332E-05 9.98332E-05 9.98332E-05 9.98332E-05 9.98332E-05 9.98332E-05 9.98332E-05 0.242135 9.98332E-05 9.98332E-05 9.98332E-05 0.0690336 0.497433 9.98332E-05
0.0969271 9.98508E-05 9.98508E-05 9.98508E-05 9.98508E-05 9.98508E-05 9.98508E-05 9.98508E-05 0.0333161 0.537137 9.98508E-05 9.98508E-05 9.98508E-05 9.98508E-05 9.98508E-05 9.98508E-05 0.0987122 9.98508E-05 0.00359891 9.98508E-05 9.98508E-05 0.228611 9.98508E-05
9.98596E-05 0.10552 9.98596E-05 9.98596E-05 0.0286639 9.98596E-05 9.98596E-05 0.00883935 0.0444802 9.98596E-05 9.98596E-05 9.98596E-05 9.98596E-05 9.98596E-05 0.528582 9.98596E-05 0.0378046 0.244512 9.98596E-05 9.98596E-05 9.98596E-05 9.98596E-05 9.98596E-05
0.0742306 9.98242E-05 9.98242E-05 9.98242E-05 9.98242E-05 9.98242E-05 9.98242E-05 9.98242E-05 9.98242E-05 9.98242E-05 9.98242E-05 9.98242E-05 9.98242E-05 9.98242E-05 9.98242E-05 9.98242E-05 0.0578143 9.98242E-05 9.98242E-05 9.98242E-05 9.98242E-05 0.865959 9.98242E-05
0.256133 9.98422E-05 9.98422E-05 9.98422E-05 9.98422E-05 9.98422E-05 9.98422E-05 9.98422E-05 9.98422E-05 0.0204638 9.98422E-05 9.98422E-05 9.98422E-05 9.98422E-05 9.98422E-05 9.98422E-05 0.14675 9.98422E-05 9.98422E-05 0.0264982 9.98422E-05 0.548358 9.98422E-05
9.9842E-05 9.9842E-05 9.9842E-05 9.9842E-05 9.9842E-05 9.9842E-05 0.0288734 9.9842E-05 9.9842E-05 9.9842E-05 9.9842E-05 9.9842E-05 9.9842E-05 9.9842E-05 9.9842E-05 9.9842E-05 0.0938179 0.359169 9.9842E-05 9.9842E-05 0.0525522 0.46379 9.9842E-05
9.98332E-05 9.98332E-05 9.98332E-05 9.98332E-05 9.98332E-05 0.0924541 9.98332E-05 9.98332E-05 9.98332E-05 0.324557 9.98332E-05 9.98332E-05 9.98332E-05 9.98332E-05 9.98332E-05 9.98332E-05 0.121521 9.98332E-05 9.98332E-05 9.98332E-05 9.98332E-05 0.45957 9.98332E-05
9.98244E-05 9.98244E-05 9.98244E-05 9.98244E-05 9.98244E-05 0.0449911 9.98244E-05 9.98244E-05 9.98244E-05 9.98244E-05 9.98244E-05 9.98244E-05 9.98244E-05 9.98244E-05 9.98244E-05 9.98244E-05 9.98244E-05 0.292648 9.98244E-05 9.98244E-05 9.98244E-05 0.660365 9.98244E-05
0.250048 9.98419E-05 9.98419E-05 9.98419E-05 9.98419E-05 9.98419E-05 9.98419E-05 9.98419E-05 9.98419E-05 9.98419E-05 9.98419E-05 0.0654276 9.98419E-05 9.98419E-05 9.98419E-05 9.98419E-05 0.0769635 9.98419E-05 9.98419E-05 9.98419E-05 0.154079 0.451685 9.98419E-05
9.98244E-05 9.98244E-05 9.98244E-05 9.98244E-05 9.98244E-05 9.98244E-05 9.98244E-05 9.98244E-05 9.98244E-05 9.98244E-05 0.117202 9.98244E-05 9.98244E-05 9.98244E-05 9.98244E-05 9.98244E-05 0.0489767 9.98244E-05 9.98244E-05 9.98244E-05 9.98244E-05 0.831825 9.98244E-05
9.98333E-05 9.98333E-05 9.98333E-05 9.98333E-05 9.98333E-05 9.98333E-05 9.98333E-05 9.98333E-05 9.98333E-05 0.142165 9.98333E-05 9.98333E-05 9.98333E-05 9.98333E-05 9.98333E-05 9.98333E-05 0.0422563 0.0293881 9.98333E-05 9.98333E-05 9.98333E-05 0.784293 9.98333E-05
0.0280719 0.0153696 0.108646 9.98596E-05 9.98596E-05 0.0257652 9.98596E-05 9.98596E-05 9.98596E-05 9.98596E-05 9.98596E-05 9.98596E-05 9.98596E-05 9.98596E-05 0.183435 9.98596E-05 9.98596E-05 9.98596E-05 9.98596E-05 9.98596E-05 9.98596E-05 0.636421 0.000693466
0.104954 9.98419E-05 9.98419E-05 9.98419E-05 9.98419E-05 9.98419E-05 0.00366778 9.98419E-05 9.98419E-05 9.98419E-05 9.98419E-05 9.98419E-05 9.98419E-05 9.98419E-05 9.98419E-05 9.98419E-05 0.176542 9.98419E-05 9.98419E-05 9.98419E-05 9.98419E-05 0.671388 0.0416507
0.0177824 9.98332E-05 9.98332E-05 9.98332E-05 9.98332E-05 9.98332E-05 9.98332E-05 9.98332E-05 9.98332E-05 9.98332E-05 9.98332E-05 9.98332E-05 9.98332E-05 9.98332E-05 0.0489216 9.98332E-05 9.98332E-05 0.811442 9.98332E-05 9.98332E-05 9.98332E-05 0.119957 9.98332E-05
9.98247E-05 9.98247E-05 9.98247E-05 9.98247E-05 9.98247E-05 9.98247E-05 9.98247E-05 9.98247E-05 9.98247E-05 9.98247E-05 9.98247E-05 9.98247E-05 9.98247E-05 9.98247E-05 9.98247E-05 9.98247E-05 0.0602598 0.414032 9.98247E-05 9.98247E-05 9.98247E-05 0.523712 9.98247E-05
9.98334E-05 9.98334E-05 9.98334E-05 0.000194896 9.98334E-05 9.98334E-05 9.98334E-05 9.98334E-05 9.98334E-05 9.98334E-05 9.98334E-05 0.0344457 9.98334E-05 9.98334E-05 9.98334E-05 9.98334E-05 9.98334E-05 0.729969 9.98334E-05 9.98334E-05 9.98334E-05 0.233493 9.98334E-05
0.0346309 9.98335E-05 9.98335E-05 9.98335E-05 9.98335E-05 9.98335E-05 9.98335E-05 9.98335E-05 9.98335E-05 0.34368 9.98335E-05 9.98335E-05 9.98335E-05 9.98335E-05 0.256349 9.98335E-05 9.98335E-05 9.98335E-05 9.98335E-05 9.98335E-05 9.98335E-05 0.363444 9.98335E-05
0.0857027 9.98332E-05 9.98332E-05 9.98332E-05 9.98332E-05 9.98332E-05 9.98332E-05 9.98332E-05 9.98332E-05 9.98332E-05 9.98332E-05 9.98332E-05 9.98332E-05 9.98332E-05 9.98332E-05 9.98332E-05 0.294621 9.98332E-05 9.98332E-05 0.042065 9.98332E-05 0.575715 9.98332E-05
0.0750586 9.98334E-05 9.98334E-05 9.98334E-05 0.104149 9.98334E-05 9.98334E-05 9.98334E-05 9.98334E-05 9.98334E-05 9.98334E-05 9.98334E-05 9.98334E-05 9.98334E-05 9.98334E-05 9.98334E-05 9.98334E-05 9.98334E-05 9.98334E-05 0.0182755 9.98334E-05 0.80062 9.98334E-05
0.122706 9.98508E-05 9.98508E-05 9.98508E-05 9.98508E-05 9.98508E-05 9.98508E-05 9.98508E-05 9.98508E-05 0.131461 9.98508E-05 9.98508E-05 9.98508E-05 9.98508E-05 0.560996 9.98508E-05 0.0574394 0.0769663 9.98508E-05 9.98508E-05 0.0487334 9.98508E-05 9.98508E-05
9.9842E-05 9.9842E-05 9.9842E-05 0.0123475 9.9842E-05 9.9842E-05 9.9842E-05 9.9842E-05 9.9842E-05 0.616344 9.9842E-05 9.9842E-05 9.9842E-05 9.9842E-05 0.0494601 9.9842E-05 0.0364274 9.9842E-05 9.9842E-05 9.9842E-05 9.9842E-05 0.283624 9.9842E-05
0.174172 9.98595E-05 9.98595E-05 9.98595E-05 9.98595E-05 9.98595E-05 0.0206094 9.98595E-05 9.98595E-05 9.98595E-05 0.0723184 9.98595E-05 9.98595E-05 0.00245831 9.98595E-05 9.98595E-05 9.98595E-05 9.98595E-05 9.98595E-05 0.090842 0.170176 0.467826 9.98595E-05
0.0106329 9.98596E-05 0.0019871 9.98596E-05 9.98596E-05 9.98596E-05 0.00090243 9.98596E-05 9.98596E-05 9.98596E-05 9.98596E-05 9.98596E-05 9.98596E-05 9.98596E-05 9.98596E-05 9.98596E-05 0.0618433 0.0186238 0.280201 9.98596E-05 9.98596E-05 0.624212 9.98596E-05
0.162308 0.0580389 0.0201812 9.98773E-05 9.98773E-05 9.98773E-05 9.98773E-05 9.98773E-05 9.98773E-05 0.165341 0.0279408 9.98773E-05 9.98773E-05 9.98773E-05 9.98773E-05 9.98773E-05 0.0567273 9.98773E-05 9.98773E-05 0.0538922 9.98773E-05 0.420118 0.0340545
0.269476 9.98334E-05 9.98334E-05 9.98334E-05 9.98334E-05 9.98334E-05 9.98334E-05 9.98334E-05 9.98334E-05 9.98334E-05 0.0586659 9.98334E-05 9.98334E-05 9.98334E-05 9.98334E-05 9.98334E-05 0.210125 9.98334E-05 9.98334E-05 9.98334E-05 9.98334E-05 0.459836 9.98334E-05
9.98243E-05 9.98243E-05 9.98243E-05 9.98243E-05 9.98243E-05 9.98243E-05 9.98243E-05 9.98243E-05 9.98243E-05 0.091893 9.98243E-05 9.98243E-05 9.98243E-05 9.98243E-05 9.98243E-05 9.98243E-05 9.98243E-05 0.756183 9.98243E-05 9.98243E-05 9.98243E-05 0.149928 9.98243E-05
9.98332E-05 9.98332E-05 9.98332E-05 9.98332E-05 9.98332E-05 9.98332E-05 9.98332E-05 0.0301475 9.98332E-05 9.98332E-05 9.98332E-05 9.98332E-05 0.121288 9.98332E-05 9.98332E-05 9.98332E-05 0.101741 9.98332E-05 9.98332E-05 9.98332E-05 9.98332E-05 0.744927 9.98332E-05
0.0693412 9.98333E-05 9.98333E-05 9.98333E-05 9.98333E-05 9.98333E-05 9.98333E-05 9.98333E-05 9.98333E-05 9.98333E-05 9.98333E-05 9.98333E-05 9.98333E-05 9.98333E-05 0.249759 9.98333E-05 9.98333E-05 0.648654 9.98333E-05 0.0303488 9.98333E-05 9.98333E-05 9.98333E-05
0.0501003 9.98597E-05 0.00812588 9.98597E-05 9.98597E-05 9.98597E-05 0.0180273 9.98597E-05 9.98597E-05 9.98597E-05 9.98597E-05 9.98597E-05 9.98597E-05 9.98597E-05 0.250319 9.98597E-05 0.135723 0.0656531 9.98597E-05 9.98597E-05 9.98597E-05 0.470453 9.98597E-05
9.98158E-05 9.98158E-05 9.98158E-05 9.98158E-05 9.98158E-05 0.0418443 9.98158E-05 9.98158E-05 9.98158E-05 9.98158E-05 9.98158E-05 9.98158E-05 9.98158E-05 9.98158E-05 9.98158E-05 9.98158E-05 9.98158E-05 9.98158E-05 9.98158E-05 9.98158E-05 9.98158E-05 0.95606 9.98158E-05
9.98157E-05 9.98157E-05 9.98157E-05 9.98157E-05 9.98157E-05 9.98157E-05 9.98157E-05 9.98157E-05 9.98157E-05 9.98157E-05 9.98157E-05 9.98157E-05 0.0750912 9.98157E-05 9.98157E-05 9.98157E-05 9.98157E-05 9.98157E-05 9.98157E-05 9.98157E-05 9.98157E-05 0.922813 9.98157E-05
0.1547 9.98332E-05 9.98332E-05 9.98332E-05 9.98332E-05 9.98332E-05 9.98332E-05 9.98332E-05 9.98332E-05 9.98332E-05 9.98332E-05 9.98332E-05 9.98332E-05 9.98332E-05 9.98332E-05 9.98332E-05 0.170516 9.98332E-05 9.98332E-05 0.141062 9.98332E-05 0.531825 9.98332E-05
0.134813 9.98245E-05 9.98245E-05 9.98245E-05 9.98245E-05 9.98245E-05 9.98245E-05 9.98245E-05 9.98245E-05 9.98245E-05 9.98245E-05 9.98245E-05 9.98245E-05 9.98245E-05 9.98245E-05 9.98245E-05 0.0863619 9.98245E-05 9.98245E-05 9.98245E-05 9.98245E-05 0.776828 9.98245E-05
9.98333E-05 9.98333E-05 9.98333E-05 9.98333E-05 0.00470251 9.98333E-05 0.0219938 9.98333E-05 9.98333E-05 9.98333E-05 9.98333E-05 0.0370701 9.98333E-05 9.98333E-05 9.98333E-05 9.98333E-05 9.98333E-05 9.98333E-05 9.98333E-05 9.98333E-05 9.98333E-05 0.934337 9.98333E-05
9.98334E-05 9.98334E-05 9.98334E-05 9.98334E-05 9.98334E-05 9.98334E-05 9.98334E-05 9.98334E-05 9.98334E-05 9.98334E-05 9.98334E-05 9.98334E-05 9.98334E-05 9.98334E-05 9.98334E-05 9.98334E-05 0.034898 0.144222 9.98334E-05 9.98334E-05 0.152212 0.666772 9.98334E-05
0.119459 9.98507E-05 9.98507E-05 9.98507E-05 9.98507E-05 9.98507E-05 9.98507E-05 9.98507E-05 9.98507E-05 0.0459565 9.98507E-05 9.98507E-05 9.98507E-05 9.98507E-05 9.98507E-05 9.98507E-05 0.0158973 0.42069 9.98507E-05 0.023007 9.98507E-05 0.373293 9.98507E-05
9.98067E-05 9.98067E-05 9.98067E-05 9.98067E-05 9.98067E-05 9.98067E-05 9.98067E-05 9.98067E-05 9.98067E-05 9.98067E-05 9.98067E-05 9.98067E-05 9.98067E-05 9.98067E-05 9.98067E-05 9.98067E-05 0.997804 9.98067E-05 9.98067E-05 9.98067E-05 9.98067E-05 9.98067E-05 9.98067E-05
0.997804 9.98067E-05 9.98067E-05 9.98067E-05 9.98067E-05 9.98067E-05 9.98067E-05 9.98067E-05 9.98067E-05 9.98067E-05 9.98067E-05 9.98067E-05 9.98067E-05 9.98067E-05 9.98067E-05 9.98067E-05 9.98067E-05 9.98067E-05 9.98067E-05 9.98067E-05 9.98067E-05 9.98067E-05 9.98067E-05
9.98066E-05 9.98066E-05 9.98066E-05 9.98066E-05 9.98066E-05 9.98066E-05 9.98066E-05 9.98066E-05 9.98066E-05 9.98066E-05 9.98066E-05 9.98066E-05 9.98066E-05 9.98066E-05 9.98066E-05 9.98066E-05 0.997804 9.98066E-05 9.98066E-05 9.98066E-05 9.98066E-05 9.98066E-05 9.98066E-05
0.997804 9.98067E-05 9.98067E-05 9.98067E-05 9.98067E-05 9.98067E-05 9.98067E-05 9.98067E-05 9.98067E-05 9.98067E-05 9.98067E-05 9.98067E-05 9.98067E-05 9.98067E-05 9.98067E-05 9.98067E-05 9.98067E-05 9.98067E-05 9.98067E-05 9.98067E-05 9.98067E-05 9.98067E-05 9.98067E-05
