9.98946E-05 0.307534 9.98946E-05 9.98946E-05 0.263967 9.98946E-05 9.98946E-05 0.032597 0.103385 9.98946E-05 9.98946E-05 0.0681649 9.98946E-05 9.98946E-05 0.123056 0.100097 9.98946E-05 9.98946E-05 9.98946E-05
9.98771E-05 0.648938 9.98771E-05 9.98771E-05 0.153904 9.98771E-05 9.98771E-05 9.98771E-05 9.98771E-05 0.0600002 9.98771E-05 0.124586 9.98771E-05 9.98771E-05 0.0111725 9.98771E-05 9.98771E-05 9.98771E-05 9.98771E-05
9.98947E-05 0.813486 9.98947E-05 0.029338 9.98947E-05 0.00161885 9.98947E-05 0.0197194 0.0306455 9.98947E-05 9.98947E-05 9.98947E-05 9.98947E-05 9.98947E-05 0.0448264 0.0591669 9.98947E-05 9.98947E-05 9.98947E-05
0.0145968 0.230348 0.365374 0.127651 0.0213294 9.99123E-05 9.99123E-05 9.99123E-05 0.0646739 9.99123E-05 9.99123E-05 0.0027763 9.99123E-05 9.99123E-05 0.0545773 0.117673 9.99123E-05 9.99123E-05 9.99123E-05
0.00319371 0.811338 0.0178022 9.98859E-05 9.98859E-05 9.98859E-05 9.98859E-05 9.98859E-05 9.98859E-05 0.0298865 0.105703 0.0307783 9.98859E-05 9.98859E-05 9.98859E-05 9.98859E-05 9.98859E-05 9.98859E-05 9.98859E-05
0.139573 0.161614 0.0930267 0.185417 0.24514 9.99035E-05 9.99035E-05 9.99035E-05 9.99035E-05 9.99035E-05 0.128807 0.0232895 9.99035E-05 9.99035E-05 9.99035E-05 0.0220336 9.99035E-05 9.99035E-05 9.99035E-05
9.99036E-05 0.200405 0.157478 9.99036E-05 0.227667 9.99036E-05 9.99036E-05 0.0328706 0.174147 0.048637 9.99036E-05 0.00242739 9.99036E-05 9.99036E-05 9.99036E-05 0.155269 9.99036E-05 9.99036E-05 9.99036E-05
0.144737 0.172535 0.120272 9.99035E-05 0.138826 0.013937 0.0908744 9.99035E-05 9.99035E-05 9.99035E-05 0.107241 9.99035E-05 9.99035E-05 9.99035E-05 9.99035E-05 0.210478 9.99035E-05 9.99035E-05 9.99035E-05
0.304027 0.217174 9.98948E-05 9.98948E-05 9.98948E-05 9.98948E-05 9.98948E-05 0.130794 9.98948E-05 9.98948E-05 9.98948E-05 0.0530004 9.98948E-05 9.98948E-05 0.235026 0.00676348 0.0520168 9.98948E-05 9.98948E-05
9.98508E-05 0.893242 9.98508E-05 9.98508E-05 9.98508E-05 9.98508E-05 9.98508E-05 9.98508E-05 9.98508E-05 9.98508E-05 9.98508E-05 9.98508E-05 9.98508E-05 9.98508E-05 0.105061 9.98508E-05 9.98508E-05 9.98508E-05 9.98508E-05
9.98771E-05 0.481824 9.98771E-05 9.98771E-05 0.141801 9.98771E-05 9.98771E-05 9.98771E-05 0.121514 9.98771E-05 9.98771E-05 9.98771E-05 9.98771E-05 9.98771E-05 0.158959 0.094504 9.98771E-05 9.98771E-05 9.98771E-05
9.98596E-05 0.883841 9.98596E-05 9.98596E-05 0.101038 9.98596E-05 9.98596E-05 9.98596E-05 9.98596E-05 9.98596E-05 9.98596E-05 9.98596E-05 9.98596E-05 9.98596E-05 0.0135237 9.98596E-05 9.98596E-05 9.98596E-05 9.98596E-05
9.98772E-05 0.734602 9.98772E-05 9.98772E-05 9.98772E-05 9.98772E-05 9.98772E-05 9.98772E-05 0.0328478 0.0933915 9.98772E-05 9.98772E-05 9.98772E-05 9.98772E-05 0.0375406 0.10022 9.98772E-05 9.98772E-05 9.98772E-05
9.99036E-05 0.616055 9.99036E-05 0.087843 9.99036E-05 9.99036E-05 9.99036E-05 9.99036E-05 0.0859745 9.99036E-05 9.99036E-05 9.99036E-05 0.100786 9.99036E-05 0.045538 0.0343049 0.0254454 0.00295474 9.99036E-05
0.123627 0.268394 9.98947E-05 0.139952 0.251732 9.98947E-05 9.98947E-05 9.98947E-05 9.98947E-05 9.98947E-05 9.98947E-05 9.98947E-05 9.98947E-05 9.98947E-05 0.106293 0.0118172 0.0969867 9.98947E-05 9.98947E-05
0.18414 0.182539 0.207579 0.000651176 0.142167 9.9921E-05 0.0546972 9.9921E-05 0.015767 9.9921E-05 9.9921E-05 9.9921E-05 9.9921E-05 9.9921E-05 0.106817 0.0947339 9.9921E-05 9.9921E-05 0.0100099
9.99035E-05 0.583316 0.000479082 9.99035E-05 9.99035E-05 0.0133813 0.0344774 9.99035E-05 9.99035E-05 9.99035E-05 9.99035E-05 0.120721 9.99035E-05 0.128389 0.0149366 9.99035E-05 9.99035E-05 0.1032 9.99035E-05
0.0509603 0.0913675 9.99035E-05 9.99035E-05 0.320606 0.122718 9.99035E-05 0.00622529 9.99035E-05 9.99035E-05 9.99035E-05 9.99035E-05 9.99035E-05 9.99035E-05 0.128697 0.18736 9.99035E-05 9.99035E-05 0.0909677
0.0677293 0.329651 0.0214963 9.98859E-05 9.98859E-05 9.98859E-05 9.98859E-05 9.98859E-05 9.98859E-05 9.98859E-05 9.98859E-05 9.98859E-05 9.98859E-05 9.98859E-05 0.168701 0.322813 9.98859E-05 0.0883101 9.98859E-05
0.0106029 0.934669 9.98684E-05 9.98684E-05 9.98684E-05 9.98684E-05 9.98684E-05 9.98684E-05 9.98684E-05 9.98684E-05 9.98684E-05 9.98684E-05 9.98684E-05 9.98684E-05 0.0047829 9.98684E-05 9.98684E-05 9.98684E-05 0.0484468
0.0933444 0.440604 0.129276 9.9921E-05 9.9921E-05 9.9921E-05 9.9921E-05 0.0468655 0.103759 9.9921E-05 0.0403746 9.9921E-05 9.9921E-05 9.9921E-05 0.0368587 0.0162688 0.0840447 9.9921E-05 0.00770589
0.111111 0.17649 0.0377381 9.99035E-05 9.99035E-05 0.00215018 9.99035E-05 9.99035E-05 9.99035E-05 0.136931 0.182148 9.99035E-05 9.99035E-05 9.99035E-05 9.99035E-05 0.290303 9.99035E-05 0.0620295 9.99035E-05
9.98685E-05 0.592755 9.98685E-05 9.98685E-05 0.287407 9.98685E-05 9.98685E-05 9.98685E-05 0.0406107 9.98685E-05 9.98685E-05 9.98685E-05 9.98685E-05 9.98685E-05 0.0777291 9.98685E-05 9.98685E-05 9.98685E-05 9.98685E-05
9.98772E-05 0.297167 9.98772E-05 9.98772E-05 0.143522 9.98772E-05 9.98772E-05 0.0777087 9.98772E-05 9.98772E-05 9.98772E-05 9.98772E-05 9.98772E-05 9.98772E-05 0.211374 0.26883 9.98772E-05 9.98772E-05 9.98772E-05
0.0262676 0.262541 9.99121E-05 0.162758 9.99121E-05 9.99121E-05 9.99121E-05 9.99121E-05 0.00476012 9.99121E-05 9.99121E-05 9.99121E-05 9.99121E-05 9.99121E-05 0.255545 0.102589 0.0143145 0.125924 0.0443018
0.0355367 0.687675 0.0152625 0.0965491 9.99034E-05 9.99034E-05 9.99034E-05 9.99034E-05 9.99034E-05 9.99034E-05 0.0287302 9.99034E-05 9.99034E-05 9.99034E-05 0.0809779 0.0507883 0.00338171 9.99034E-05 9.99034E-05
9.99034E-05 9.99034E-05 9.99034E-05 0.191469 9.99034E-05 0.122907 0.0510944 9.99034E-05 0.0255641 0.395024 9.99034E-05 9.99034E-05 9.99034E-05 9.99034E-05 0.0559883 0.1159 9.99034E-05 9.99034E-05 0.0409551
9.98859E-05 0.70189 0.153915 9.98859E-05 9.98859E-05 9.98859E-05 9.98859E-05 9.98859E-05 9.98859E-05 9.98859E-05 9.98859E-05 9.98859E-05 0.0312154 9.98859E-05 0.034538 0.0647721 0.0123704 9.98859E-05 9.98859E-05
9.98859E-05 0.556931 9.98859E-05 0.0173152 0.127273 9.98859E-05 9.98859E-05 9.98859E-05 9.98859E-05 0.0609144 9.98859E-05 9.98859E-05 9.98859E-05 9.98859E-05 0.162894 0.0733741 9.98859E-05 9.98859E-05 9.98859E-05
0.0285649 0.777828 9.9886E-05 0.078278 0.0203188 9.9886E-05 9.9886E-05 9.9886E-05 9.9886E-05 9.9886E-05 9.9886E-05 9.9886E-05 9.9886E-05 0.0374593 0.056252 9.9886E-05 9.9886E-05 9.9886E-05 9.9886E-05
9.98946E-05 0.589715 9.98946E-05 9.98946E-05 0.0563358 9.98946E-05 9.98946E-05 9.98946E-05 0.0593233 0.0470356 9.98946E-05 9.98946E-05 9.98946E-05 9.98946E-05 0.0439756 0.0921404 9.98946E-05 0.110275 9.98946E-05
0.019787 0.479115 0.0726294 0.069427 0.0129049 9.99123E-05 9.99123E-05 9.99123E-05 0.045289 9.99123E-05 9.99123E-05 9.99123E-05 0.156882 9.99123E-05 0.0519126 0.0910534 9.99123E-05 9.99123E-05 9.99123E-05
9.98859E-05 0.471438 9.98859E-05 0.0691248 0.0965703 9.98859E-05 9.98859E-05 9.98859E-05 0.0891489 9.98859E-05 9.98859E-05 9.98859E-05 9.98859E-05 9.98859E-05 0.112345 0.160075 9.98859E-05 9.98859E-05 9.98859E-05
9.98947E-05 0.392808 9.98947E-05 0.155817 9.98947E-05 0.0269121 9.98947E-05 9.98947E-05 9.98947E-05 9.98947E-05 9.98947E-05 9.98947E-05 0.0341939 0.0454795 0.138985 0.204605 9.98947E-05 9.98947E-05 9.98947E-05
9.99035E-05 0.822089 9.99035E-05 9.99035E-05 9.99035E-05 0.0243676 9.99035E-05 9.99035E-05 0.0855095 0.0243457 9.99035E-05 0.011406 9.99035E-05 9.99035E-05 9.99035E-05 9.99035E-05 0.00579042 0.0115063 0.0138866
0.00499088 0.667419 0.123316 9.9886E-05 9.9886E-05 9.9886E-05 9.9886E-05 0.0146787 9.9886E-05 0.144093 9.9886E-05 9.9886E-05 9.9886E-05 9.9886E-05 9.9886E-05 0.0442038 9.9886E-05 9.9886E-05 9.9886E-05
9.98773E-05 0.825776 0.0511332 9.98773E-05 9.98773E-05 9.98773E-05 0.0243059 9.98773E-05 0.0571211 9.98773E-05 9.98773E-05 0.0402654 9.98773E-05 9.98773E-05 9.98773E-05 9.98773E-05 9.98773E-05 9.98773E-05 9.98773E-05
0.229592 0.471624 9.98948E-05 9.98948E-05 9.98948E-05 9.98948E-05 9.98948E-05 9.98948E-05 9.98948E-05 9.98948E-05 9.98948E-05 0.0260966 9.98948E-05 0.105385 0.0562375 0.0863443 9.98948E-05 9.98948E-05 0.0235225
0.0083171 0.484459 9.99123E-05 9.99123E-05 9.99123E-05 9.99123E-05 9.99123E-05 9.99123E-05 0.0107113 0.0758901 0.0538812 0.113664 9.99123E-05 0.0623216 0.174127 0.0156292 9.99123E-05 9.99123E-05 9.99123E-05
9.98858E-05 0.440917 9.98858E-05 0.25246 9.98858E-05 9.98858E-05 0.119542 9.98858E-05 9.98858E-05 9.98858E-05 9.98858E-05 9.98858E-05 9.98858E-05 9.98858E-05 0.124466 0.0302692 9.98858E-05 0.0310472 9.98858E-05
0.0168013 0.737057 0.0367722 9.98947E-05 9.98947E-05 9.98947E-05 9.98947E-05 9.98947E-05 0.0167433 0.0901524 9.98947E-05 9.98947E-05 9.98947E-05 9.98947E-05 0.0400278 0.061247 9.98947E-05 9.98947E-05 9.98947E-05
9.98773E-05 0.620762 9.98773E-05 9.98773E-05 9.98773E-05 9.98773E-05 9.98773E-05 0.0116349 9.98773E-05 0.169493 9.98773E-05 9.98773E-05 9.98773E-05 9.98773E-05 0.0313963 0.165315 9.98773E-05 9.98773E-05 9.98773E-05
9.98772E-05 0.671467 9.98772E-05 9.98772E-05 9.98772E-05 9.98772E-05 9.98772E-05 9.98772E-05 9.98772E-05 0.11803 9.98772E-05 9.98772E-05 9.98772E-05 0.121024 9.98772E-05 0.0749582 0.0131229 9.98772E-05 9.98772E-05
0.0681934 0.365579 9.9886E-05 9.9886E-05 0.249106 9.9886E-05 9.9886E-05 0.0698335 9.9886E-05 9.9886E-05 9.9886E-05 9.9886E-05 9.9886E-05 9.9886E-05 0.174942 0.0710473 9.9886E-05 9.9886E-05 9.9886E-05
9.98684E-05 0.273997 0.123831 9.98684E-05 9.98684E-05 9.98684E-05 9.98684E-05 9.98684E-05 9.98684E-05 9.98684E-05 9.98684E-05 9.98684E-05 9.98684E-05 9.98684E-05 0.22105 0.379624 9.98684E-05 9.98684E-05 9.98684E-05
0.0268978 0.755711 9.98858E-05 9.98858E-05 9.98858E-05 9.98858E-05 9.98858E-05 9.98858E-05 9.98858E-05 0.072629 9.98858E-05 9.98858E-05 9.98858E-05 9.98858E-05 0.0303079 0.0511871 9.98858E-05 9.98858E-05 0.0619684
0.0350301 0.771565 9.98859E-05 9.98859E-05 9.98859E-05 0.0463699 9.98859E-05 9.98859E-05 0.0409168 9.98859E-05 9.98859E-05 9.98859E-05 9.98859E-05 9.98859E-05 0.0911813 9.98859E-05 0.013638 9.98859E-05 9.98859E-05
9.98597E-05 0.965195 9.98597E-05 9.98597E-05 9.98597E-05 9.98597E-05 9.98597E-05 9.98597E-05 9.98597E-05 9.98597E-05 9.98597E-05 9.98597E-05 9.98597E-05 9.98597E-05 0.0208359 9.98597E-05 9.98597E-05 9.98597E-05 0.0123712
9.98771E-05 0.66731 9.98771E-05 9.98771E-05 0.00380453 9.98771E-05 9.98771E-05 9.98771E-05 0.0760629 9.98771E-05 9.98771E-05 9.98771E-05 9.98771E-05 9.98771E-05 0.120641 0.130784 9.98771E-05 9.98771E-05 9.98771E-05
0.0100371 0.748309 9.99212E-05 0.0173403 9.99212E-05 0.005272 0.054843 9.99212E-05 9.99212E-05 9.99212E-05 0.0226666 0.0157494 9.99212E-05 9.99212E-05 0.0406505 0.0561155 9.99212E-05 0.028117 9.99212E-05
0.0842029 0.276523 0.0340908 0.107698 0.0264161 9.9921E-05 9.9921E-05 0.0184359 0.10805 0.146562 9.9921E-05 9.9921E-05 9.9921E-05 9.9921E-05 0.173939 0.0231829 9.9921E-05 9.9921E-05 9.9921E-05
9.98771E-05 0.553087 0.0949191 9.98771E-05 9.98771E-05 9.98771E-05 9.98771E-05 0.0591004 9.98771E-05 9.98771E-05 0.00386602 9.98771E-05 9.98771E-05 9.98771E-05 9.98771E-05 0.28763 9.98771E-05 9.98771E-05 9.98771E-05
9.9886E-05 0.823116 9.9886E-05 0.0153044 9.9886E-05 0.0818909 9.9886E-05 9.9886E-05 9.9886E-05 9.9886E-05 9.9886E-05 0.0245471 0.0110703 9.9886E-05 9.9886E-05 9.9886E-05 9.9886E-05 0.0427731 9.9886E-05
9.99036E-05 0.605713 9.99036E-05 9.99036E-05 9.99036E-05 0.0289659 0.214383 9.99036E-05 9.99036E-05 9.99036E-05 0.0201597 9.99036E-05 9.99036E-05 9.99036E-05 0.0230584 9.99036E-05 0.0429242 0.0168692 0.046828
9.98773E-05 0.734884 9.98773E-05 9.98773E-05 9.98773E-05 9.98773E-05 9.98773E-05 0.00813836 9.98773E-05 9.98773E-05 9.98773E-05 9.98773E-05 9.98773E-05 9.98773E-05 0.0506932 9.98773E-05 0.00245054 0.202436 9.98773E-05
9.9886E-05 0.726958 9.9886E-05 0.115448 0.00113988 9.9886E-05 0.0220857 9.9886E-05 9.9886E-05 9.9886E-05 9.9886E-05 9.9886E-05 9.9886E-05 9.9886E-05 9.9886E-05 9.9886E-05 0.0114402 9.9886E-05 0.12163
0.025022 0.681991 0.010716 9.99122E-05 9.99122E-05 0.106503 9.99122E-05 0.0276103 9.99122E-05 9.99122E-05 0.0842769 0.0337455 9.99122E-05 9.99122E-05 0.0153759 0.0137594 9.99122E-05 9.99122E-05 9.99122E-05
9.98773E-05 0.74282 0.0740857 9.98773E-05 9.98773E-05 9.98773E-05 9.98773E-05 9.98773E-05 0.0523518 9.98773E-05 9.98773E-05 9.98773E-05 9.98773E-05 9.98773E-05 0.0328234 0.0965211 9.98773E-05 9.98773E-05 9.98773E-05
9.98684E-05 0.858873 9.98684E-05 9.98684E-05 9.98684E-05 9.98684E-05 9.98684E-05 9.98684E-05 0.01988 0.115429 9.98684E-05 9.98684E-05 9.98684E-05 9.98684E-05 0.00431985 9.98684E-05 9.98684E-05 9.98684E-05 9.98684E-05
0.0498295 9.98771E-05 9.98771E-05 9.98771E-05 0.758084 9.98771E-05 9.98771E-05 9.98771E-05 0.00416975 9.98771E-05 9.98771E-05 0.0331045 9.98771E-05 9.98771E-05 0.153414 9.98771E-05 9.98771E-05 9.98771E-05 9.98771E-05
9.98598E-05 9.98598E-05 9.98598E-05 9.98598E-05 0.94499 9.98598E-05 9.98598E-05 0.0149837 9.98598E-05 9.98598E-05 9.98598E-05 9.98598E-05 9.98598E-05 9.98598E-05 9.98598E-05 9.98598E-05 0.0384281 9.98598E-05 9.98598E-05
9.98685E-05 9.98685E-05 9.98685E-05 9.98685E-05 0.881802 9.98685E-05 0.0358154 9.98685E-05 9.98685E-05 9.98685E-05 0.0401625 9.98685E-05 9.98685E-05 0.0407218 9.98685E-05 9.98685E-05 9.98685E-05 9.98685E-05 9.98685E-05
0.110593 9.98859E-05 9.98859E-05 0.195724 0.376882 0.00504679 9.98859E-05 9.98859E-05 9.98859E-05 9.98859E-05 9.98859E-05 0.282905 9.98859E-05 9.98859E-05 0.0275501 9.98859E-05 9.98859E-05 9.98859E-05 9.98859E-05
0.0520226 9.98857E-05 0.0120524 9.98857E-05 0.724478 9.98857E-05 9.98857E-05 9.98857E-05 9.98857E-05 9.98857E-05 9.98857E-05 9.98857E-05 9.98857E-05 9.98857E-05 0.0252259 0.0839702 9.98857E-05 9.98857E-05 0.100952
0.0266569 9.98769E-05 9.98769E-05 9.98769E-05 0.683319 9.98769E-05 9.98769E-05 9.98769E-05 9.98769E-05 9.98769E-05 9.98769E-05 9.98769E-05 9.98769E-05 9.98769E-05 0.189023 0.0722651 0.0273375 9.98769E-05 9.98769E-05
9.98682E-05 9.98682E-05 9.98682E-05 9.98682E-05 0.581379 9.98682E-05 9.98682E-05 9.98682E-05 9.98682E-05 9.98682E-05 9.98682E-05 0.31121 9.98682E-05 9.98682E-05 0.0945042 9.98682E-05 9.98682E-05 9.98682E-05 0.0114088
0.113792 9.9877E-05 9.9877E-05 9.9877E-05 0.607364 0.182624 9.9877E-05 9.9877E-05 9.9877E-05 9.9877E-05 9.9877E-05 0.0466115 9.9877E-05 9.9877E-05 0.0482098 9.9877E-05 9.9877E-05 9.9877E-05 9.9877E-05
9.98509E-05 9.98509E-05 9.98509E-05 9.98509E-05 0.953605 9.98509E-05 9.98509E-05 9.98509E-05 9.98509E-05 9.98509E-05 9.98509E-05 0.0446979 9.98509E-05 9.98509E-05 9.98509E-05 9.98509E-05 9.98509E-05 9.98509E-05 9.98509E-05
9.98595E-05 9.98595E-05 0.0140504 9.98595E-05 0.976067 9.98595E-05 9.98595E-05 9.98595E-05 0.00828444 9.98595E-05 9.98595E-05 9.98595E-05 9.98595E-05 9.98595E-05 9.98595E-05 9.98595E-05 9.98595E-05 9.98595E-05 9.98595E-05
0.0350919 9.98769E-05 9.98769E-05 9.98769E-05 0.503278 9.98769E-05 9.98769E-05 9.98769E-05 0.179802 9.98769E-05 9.98769E-05 9.98769E-05 9.98769E-05 9.98769E-05 0.272113 9.98769E-05 9.98769E-05 9.98769E-05 0.00831675
9.99033E-05 9.99033E-05 0.0302371 9.99033E-05 0.44512 9.99033E-05 0.14369 9.99033E-05 0.0457551 9.99033E-05 9.99033E-05 0.124313 9.99033E-05 9.99033E-05 9.99033E-05 0.0891173 0.0289451 0.0917234 9.99033E-05
0.0947147 9.98857E-05 9.98857E-05 0.0490172 0.675252 9.98857E-05 0.0129141 9.98857E-05 0.0828622 9.98857E-05 0.0839409 9.98857E-05 9.98857E-05 9.98857E-05 9.98857E-05 9.98857E-05 9.98857E-05 9.98857E-05 9.98857E-05
9.98858E-05 9.98858E-05 9.98858E-05 0.0116261 0.486203 9.98858E-05 9.98858E-05 9.98858E-05 9.98858E-05 9.98858E-05 9.98858E-05 0.103307 9.98858E-05 9.98858E-05 0.194032 0.194432 9.98858E-05 0.00910086 9.98858E-05
9.98598E-05 9.98598E-05 9.98598E-05 9.98598E-05 0.987714 9.98598E-05 9.98598E-05 0.00673357 9.98598E-05 0.0039549 9.98598E-05 9.98598E-05 9.98598E-05 9.98598E-05 9.98598E-05 9.98598E-05 9.98598E-05 9.98598E-05 9.98598E-05
0.0208592 9.98772E-05 9.98772E-05 9.98772E-05 0.902037 9.98772E-05 9.98772E-05 9.98772E-05 0.0574192 9.98772E-05 9.98772E-05 9.98772E-05 9.98772E-05 9.98772E-05 0.0158654 9.98772E-05 0.00242128 9.98772E-05 9.98772E-05
9.98769E-05 9.98769E-05 0.0387895 0.0139647 0.830511 0.0392008 0.076136 9.98769E-05 9.98769E-05 9.98769E-05 9.98769E-05 9.98769E-05 9.98769E-05 9.98769E-05 9.98769E-05 9.98769E-05 9.98769E-05 9.98769E-05 9.98769E-05
0.0257511 9.9877E-05 0.0448557 9.9877E-05 0.72405 9.9877E-05 9.9877E-05 9.9877E-05 0.109859 9.9877E-05 9.9877E-05 9.9877E-05 9.9877E-05 9.9877E-05 9.9877E-05 0.0940853 9.9877E-05 9.9877E-05 9.9877E-05
9.9877E-05 9.9877E-05 0.00385486 9.9877E-05 0.901787 0.0304848 9.9877E-05 9.9877E-05 0.025666 9.9877E-05 9.9877E-05 9.9877E-05 9.9877E-05 9.9877E-05 0.0368092 9.9877E-05 9.9877E-05 9.9877E-05 9.9877E-05
9.99033E-05 9.99033E-05 9.99033E-05 9.99033E-05 0.585976 0.0411957 9.99033E-05 0.018277 0.0664763 0.0280382 9.99033E-05 9.99033E-05 9.99033E-05 9.99033E-05 0.120296 9.99033E-05 0.0501398 9.99033E-05 0.0885016
9.9851E-05 9.9851E-05 9.9851E-05 9.9851E-05 0.913879 9.9851E-05 9.9851E-05 9.9851E-05 9.9851E-05 9.9851E-05 9.9851E-05 9.9851E-05 9.9851E-05 0.084423 9.9851E-05 9.9851E-05 9.9851E-05 9.9851E-05 9.9851E-05
9.98594E-05 9.98594E-05 9.98594E-05 9.98594E-05 0.72082 9.98594E-05 9.98594E-05 9.98594E-05 9.98594E-05 9.98594E-05 9.98594E-05 9.98594E-05 9.98594E-05 9.98594E-05 0.0471161 0.230466 9.98594E-05 9.98594E-05 9.98594E-05
9.98948E-05 9.98948E-05 9.98948E-05 0.0863018 0.748467 9.98948E-05 9.98948E-05 9.98948E-05 9.98948E-05 0.0268021 9.98948E-05 0.0535849 0.0730436 9.98948E-05 0.00423068 9.98948E-05 0.00637079 9.98948E-05 9.98948E-05
0.00209291 9.98859E-05 0.0796449 0.0695594 0.778456 0.0485827 9.98859E-05 0.0203658 9.98859E-05 9.98859E-05 9.98859E-05 9.98859E-05 9.98859E-05 9.98859E-05 9.98859E-05 9.98859E-05 9.98859E-05 9.98859E-05 9.98859E-05
9.98594E-05 9.98594E-05 9.98594E-05 9.98594E-05 0.80743 9.98594E-05 9.98594E-05 9.98594E-05 0.171955 9.98594E-05 9.98594E-05 9.98594E-05 9.98594E-05 9.98594E-05 0.0190175 9.98594E-05 9.98594E-05 9.98594E-05 9.98594E-05
0.020845 9.98598E-05 9.98598E-05 9.98598E-05 0.953163 9.98598E-05 9.98598E-05 9.98598E-05 9.98598E-05 9.98598E-05 9.98598E-05 0.0243938 9.98598E-05 9.98598E-05 9.98598E-05 9.98598E-05 9.98598E-05 9.98598E-05 9.98598E-05
9.98685E-05 9.98685E-05 9.98685E-05 9.98685E-05 0.904779 0.0336498 9.98685E-05 0.011404 9.98685E-05 9.98685E-05 9.98685E-05 9.98685E-05 9.98685E-05 9.98685E-05 9.98685E-05 0.0486692 9.98685E-05 9.98685E-05 9.98685E-05
9.9851E-05 9.9851E-05 9.9851E-05 9.9851E-05 0.978395 9.9851E-05 9.9851E-05 9.9851E-05 9.9851E-05 9.9851E-05 9.9851E-05 9.9851E-05 9.9851E-05 9.9851E-05 0.0199076 9.9851E-05 9.9851E-05 9.9851E-05 9.9851E-05
0.0135501 9.98597E-05 9.98597E-05 9.98597E-05 0.936592 0.0482598 9.98597E-05 9.98597E-05 9.98597E-05 9.98597E-05 9.98597E-05 9.98597E-05 9.98597E-05 9.98597E-05 9.98597E-05 9.98597E-05 9.98597E-05 9.98597E-05 9.98597E-05
0.0720576 9.98773E-05 9.98773E-05 9.98773E-05 0.46471 9.98773E-05 9.98773E-05 9.98773E-05 9.98773E-05 0.195447 9.98773E-05 9.98773E-05 0.188582 9.98773E-05 0.0778046 9.98773E-05 9.98773E-05 9.98773E-05 9.98773E-05
0.100681 9.98598E-05 9.98598E-05 0.792046 9.98598E-05 9.98598E-05 9.98598E-05 9.98598E-05 9.98598E-05 9.98598E-05 9.98598E-05 9.98598E-05 9.98598E-05 9.98598E-05 0.105675 9.98598E-05 9.98598E-05 9.98598E-05 9.98598E-05
0.0218252 9.98772E-05 9.98772E-05 0.327365 9.98772E-05 9.98772E-05 9.98772E-05 9.98772E-05 9.98772E-05 9.98772E-05 9.98772E-05 9.98772E-05 0.495323 0.126984 0.0271037 9.98772E-05 9.98772E-05 9.98772E-05 9.98772E-05
9.98772E-05 9.98772E-05 9.98772E-05 0.894883 9.98772E-05 9.98772E-05 9.98772E-05 9.98772E-05 9.98772E-05 9.98772E-05 0.0296388 9.98772E-05 9.98772E-05 9.98772E-05 0.055713 0.0147138 9.98772E-05 0.00365317 9.98772E-05
0.022524 9.98594E-05 9.98594E-05 0.859782 9.98594E-05 9.98594E-05 9.98594E-05 9.98594E-05 9.98594E-05 9.98594E-05 9.98594E-05 9.98594E-05 9.98594E-05 9.98594E-05 0.116096 9.98594E-05 9.98594E-05 9.98594E-05 9.98594E-05
0.045527 9.98506E-05 9.98506E-05 0.952776 9.98506E-05 9.98506E-05 9.98506E-05 9.98506E-05 9.98506E-05 9.98506E-05 9.98506E-05 9.98506E-05 9.98506E-05 9.98506E-05 9.98506E-05 9.98506E-05 9.98506E-05 9.98506E-05 9.98506E-05
0.0977923 9.98859E-05 0.00384312 0.614131 9.98859E-05 9.98859E-05 9.98859E-05 9.98859E-05 9.98859E-05 9.98859E-05 9.98859E-05 0.0554143 9.98859E-05 0.0448335 0.182687 9.98859E-05 9.98859E-05 9.98859E-05 9.98859E-05
0.0736676 9.98771E-05 9.98771E-05 0.685629 9.98771E-05 9.98771E-05 9.98771E-05 9.98771E-05 9.98771E-05 9.98771E-05 9.98771E-05 9.98771E-05 0.0298409 9.98771E-05 0.135515 0.0739495 9.98771E-05 9.98771E-05 9.98771E-05
0.193548 9.98508E-05 9.98508E-05 0.804755 9.98508E-05 9.98508E-05 9.98508E-05 9.98508E-05 9.98508E-05 9.98508E-05 9.98508E-05 9.98508E-05 9.98508E-05 9.98508E-05 9.98508E-05 9.98508E-05 9.98508E-05 9.98508E-05 9.98508E-05
0.275918 9.98945E-05 9.98945E-05 0.385943 9.98945E-05 9.98945E-05 9.98945E-05 9.98945E-05 0.0597422 0.0569881 9.98945E-05 0.194009 9.98945E-05 9.98945E-05 9.98945E-05 0.00400216 9.98945E-05 0.0221992 9.98945E-05
0.204731 9.98683E-05 9.98683E-05 0.540977 9.98683E-05 9.98683E-05 9.98683E-05 9.98683E-05 9.98683E-05 9.98683E-05 9.98683E-05 9.98683E-05 9.98683E-05 9.98683E-05 0.250247 9.98683E-05 9.98683E-05 0.00254766 9.98683E-05
9.98772E-05 9.98772E-05 9.98772E-05 0.496023 9.98772E-05 9.98772E-05 9.98772E-05 9.98772E-05 0.0271917 9.98772E-05 9.98772E-05 0.160455 0.176973 0.13796 9.98772E-05 9.98772E-05 9.98772E-05 9.98772E-05 9.98772E-05
9.98948E-05 0.0213273 9.98948E-05 0.686284 9.98948E-05 9.98948E-05 9.98948E-05 9.98948E-05 0.0397474 9.98948E-05 9.98948E-05 0.0736401 0.17696 9.98948E-05 0.000397269 9.98948E-05 9.98948E-05 9.98948E-05 0.000444971
9.9851E-05 9.9851E-05 9.9851E-05 0.893062 9.9851E-05 9.9851E-05 9.9851E-05 9.9851E-05 9.9851E-05 9.9851E-05 9.9851E-05 9.9851E-05 0.105241 9.9851E-05 9.9851E-05 9.9851E-05 9.9851E-05 9.9851E-05 9.9851E-05
0.0892009 9.98685E-05 9.98685E-05 0.546979 9.98685E-05 9.98685E-05 9.98685E-05 9.98685E-05 9.98685E-05 9.98685E-05 9.98685E-05 9.98685E-05 9.98685E-05 0.102868 0.259454 9.98685E-05 9.98685E-05 9.98685E-05 9.98685E-05
0.028245 9.99123E-05 0.0237924 0.570706 9.99123E-05 0.15291 0.025038 9.99123E-05 0.0358699 9.99123E-05 9.99123E-05 0.0157746 9.99123E-05 0.107219 0.0394464 9.99123E-05 9.99123E-05 9.99123E-05 9.99123E-05
0.0125274 9.98771E-05 9.98771E-05 0.683448 9.98771E-05 9.98771E-05 9.98771E-05 9.98771E-05 0.0347394 0.110451 9.98771E-05 9.98771E-05 9.98771E-05 9.98771E-05 0.157436 9.98771E-05 9.98771E-05 9.98771E-05 9.98771E-05
0.0203468 9.98947E-05 9.98947E-05 0.614567 9.98947E-05 9.98947E-05 9.98947E-05 9.98947E-05 9.98947E-05 9.98947E-05 9.98947E-05 0.205648 9.98947E-05 0.0196427 0.11736 9.98947E-05 0.00931486 9.98947E-05 0.0119218
0.152189 9.98773E-05 9.98773E-05 0.663514 9.98773E-05 9.98773E-05 9.98773E-05 9.98773E-05 0.0219909 9.98773E-05 9.98773E-05 9.98773E-05 9.98773E-05 0.0852066 9.98773E-05 0.0757014 9.98773E-05 9.98773E-05 9.98773E-05
9.98509E-05 9.98509E-05 9.98509E-05 0.979916 9.98509E-05 9.98509E-05 9.98509E-05 9.98509E-05 9.98509E-05 9.98509E-05 9.98509E-05 0.0183867 9.98509E-05 9.98509E-05 9.98509E-05 9.98509E-05 9.98509E-05 9.98509E-05 9.98509E-05
0.0688963 9.99123E-05 9.99123E-05 0.322375 0.0175556 9.99123E-05 9.99123E-05 9.99123E-05 9.99123E-05 0.0771681 9.99123E-05 9.99123E-05 0.0205904 0.209301 0.0494894 9.99123E-05 0.0869203 9.99123E-05 0.146705
0.0184725 9.98859E-05 9.98859E-05 0.737482 9.98859E-05 9.98859E-05 9.98859E-05 9.98859E-05 9.98859E-05 9.98859E-05 0.00163107 0.140558 9.98859E-05 0.0172281 0.0833303 9.98859E-05 9.98859E-05 9.98859E-05 9.98859E-05
9.98683E-05 9.98683E-05 9.98683E-05 0.929744 9.98683E-05 0.0080316 9.98683E-05 9.98683E-05 0.0162253 9.98683E-05 9.98683E-05 9.98683E-05 9.98683E-05 9.98683E-05 0.0445007 9.98683E-05 9.98683E-05 9.98683E-05 9.98683E-05
0.20751 9.98771E-05 9.98771E-05 0.45969 9.98771E-05 9.98771E-05 9.98771E-05 9.98771E-05 9.98771E-05 9.98771E-05 9.98771E-05 0.0923895 9.98771E-05 9.98771E-05 0.203275 9.98771E-05 9.98771E-05 9.98771E-05 0.0357371
0.142919 9.98859E-05 9.98859E-05 0.569957 9.98859E-05 9.98859E-05 9.98859E-05 9.98859E-05 9.98859E-05 9.98859E-05 9.98859E-05 9.98859E-05 0.149542 0.0125739 0.0312052 9.98859E-05 9.98859E-05 0.0925041 9.98859E-05
0.151417 9.98771E-05 9.98771E-05 0.456291 9.98771E-05 9.98771E-05 9.98771E-05 9.98771E-05 9.98771E-05 9.98771E-05 9.98771E-05 0.110792 9.98771E-05 9.98771E-05 0.197219 9.98771E-05 9.98771E-05 9.98771E-05 0.0828816
0.156403 9.98947E-05 9.98947E-05 0.190951 0.0750449 9.98947E-05 9.98947E-05 9.98947E-05 9.98947E-05 9.98947E-05 9.98947E-05 0.0263937 0.437447 9.98947E-05 0.0982686 0.0142935 9.98947E-05 9.98947E-05 9.98947E-05
9.98772E-05 9.98772E-05 9.98772E-05 0.0926096 9.98772E-05 9.98772E-05 9.98772E-05 0.101983 9.98772E-05 9.98772E-05 9.98772E-05 9.98772E-05 9.98772E-05 0.73203 0.0328041 9.98772E-05 0.0391752 9.98772E-05 9.98772E-05
0.0250312 9.98769E-05 9.98769E-05 0.840669 9.98769E-05 9.98769E-05 9.98769E-05 9.98769E-05 9.98769E-05 9.98769E-05 9.98769E-05 9.98769E-05 9.98769E-05 9.98769E-05 0.0898509 9.98769E-05 0.0258561 9.98769E-05 0.0171947
0.25407 9.98685E-05 9.98685E-05 0.499167 9.98685E-05 9.98685E-05 9.98685E-05 9.98685E-05 9.98685E-05 9.98685E-05 9.98685E-05 0.0144407 9.98685E-05 9.98685E-05 0.230824 9.98685E-05 9.98685E-05 9.98685E-05 9.98685E-05
9.9886E-05 9.9886E-05 9.9886E-05 0.665075 9.9886E-05 9.9886E-05 9.9886E-05 9.9886E-05 0.0742638 9.9886E-05 0.0106785 9.9886E-05 9.9886E-05 0.105233 0.124731 9.9886E-05 9.9886E-05 9.9886E-05 0.0187199
0.00588037 9.98772E-05 9.98772E-05 0.605842 9.98772E-05 9.98772E-05 9.98772E-05 9.98772E-05 0.0675225 9.98772E-05 9.98772E-05 9.98772E-05 0.146636 9.98772E-05 0.17272 9.98772E-05 9.98772E-05 9.98772E-05 9.98772E-05
9.9886E-05 9.9886E-05 9.9886E-05 0.854238 9.9886E-05 9.9886E-05 9.9886E-05 9.9886E-05 0.00420565 9.9886E-05 9.9886E-05 9.9886E-05 0.020215 9.9886E-05 0.0460582 9.9886E-05 0.00644582 9.9886E-05 0.0675392
0.23154 9.9877E-05 9.9877E-05 0.44498 9.9877E-05 9.9877E-05 9.9877E-05 9.9877E-05 9.9877E-05 9.9877E-05 0.0443002 9.9877E-05 9.9877E-05 9.9877E-05 0.129843 9.9877E-05 9.9877E-05 9.9877E-05 0.147939
9.98595E-05 9.98595E-05 9.98595E-05 0.857111 9.98595E-05 9.98595E-05 9.98595E-05 9.98595E-05 9.98595E-05 9.98595E-05 9.98595E-05 9.98595E-05 9.98595E-05 9.98595E-05 0.0313396 0.109952 9.98595E-05 9.98595E-05 9.98595E-05
9.98509E-05 9.98509E-05 9.98509E-05 0.969713 9.98509E-05 9.98509E-05 9.98509E-05 9.98509E-05 9.98509E-05 9.98509E-05 9.98509E-05 9.98509E-05 0.0285893 9.98509E-05 9.98509E-05 9.98509E-05 9.98509E-05 9.98509E-05 9.98509E-05
0.062052 9.98771E-05 9.98771E-05 0.649298 9.98771E-05 9.98771E-05 0.019949 9.98771E-05 9.98771E-05 0.204979 9.98771E-05 9.98771E-05 0.0623233 9.98771E-05 9.98771E-05 9.98771E-05 9.98771E-05 9.98771E-05 9.98771E-05
0.0245239 9.9877E-05 9.9877E-05 0.700142 9.9877E-05 0.0671903 9.9877E-05 9.9877E-05 0.0056347 9.9877E-05 9.9877E-05 9.9877E-05 9.9877E-05 9.9877E-05 0.201111 9.9877E-05 9.9877E-05 9.9877E-05 9.9877E-05
0.0977476 9.98594E-05 9.98594E-05 0.0270039 9.98594E-05 9.98594E-05 9.98594E-05 9.98594E-05 9.98594E-05 9.98594E-05 9.98594E-05 9.98594E-05 9.98594E-05 0.873651 9.98594E-05 9.98594E-05 9.98594E-05 9.98594E-05 9.98594E-05
0.0314537 9.98947E-05 9.98947E-05 0.511112 9.98947E-05 0.0224432 9.98947E-05 9.98947E-05 0.0245043 9.98947E-05 9.98947E-05 9.98947E-05 0.313808 9.98947E-05 0.0841673 9.98947E-05 9.98947E-05 9.98947E-05 0.0113136
9.98598E-05 9.98598E-05 9.98598E-05 0.50921 9.98598E-05 9.98598E-05 9.98598E-05 9.98598E-05 9.98598E-05 9.98598E-05 0.0651296 9.98598E-05 0.424062 9.98598E-05 9.98598E-05 9.98598E-05 9.98598E-05 9.98598E-05 9.98598E-05
0.011743 9.98948E-05 9.98948E-05 0.251009 9.98948E-05 0.00827415 9.98948E-05 9.98948E-05 9.98948E-05 9.98948E-05 9.98948E-05 0.0535629 0.318462 0.296549 9.98948E-05 9.98948E-05 9.98948E-05 9.98948E-05 0.0592008
0.0628038 9.98683E-05 9.98683E-05 0.537443 9.98683E-05 9.98683E-05 9.98683E-05 9.98683E-05 9.98683E-05 9.98683E-05 9.98683E-05 0.128811 9.98683E-05 9.98683E-05 0.269445 9.98683E-05 9.98683E-05 9.98683E-05 9.98683E-05
0.0919513 9.98683E-05 9.98683E-05 0.709712 9.98683E-05 9.98683E-05 9.98683E-05 9.98683E-05 9.98683E-05 0.0679909 9.98683E-05 9.98683E-05 9.98683E-05 9.98683E-05 9.98683E-05 9.98683E-05 0.128847 9.98683E-05 9.98683E-05
0.0650728 9.98772E-05 9.98772E-05 0.0392939 9.98772E-05 9.98772E-05 9.98772E-05 9.98772E-05 9.98772E-05 9.98772E-05 9.98772E-05 9.98772E-05 9.98772E-05 0.722315 0.130154 9.98772E-05 9.98772E-05 9.98772E-05 0.0417656
9.98596E-05 9.98596E-05 9.98596E-05 0.243 9.98596E-05 9.98596E-05 9.98596E-05 9.98596E-05 9.98596E-05 9.98596E-05 9.98596E-05 9.98596E-05 0.72224 9.98596E-05 0.0331624 9.98596E-05 9.98596E-05 9.98596E-05 9.98596E-05
0.213896 9.98771E-05 9.98771E-05 0.475942 9.98771E-05 9.98771E-05 9.98771E-05 9.98771E-05 9.98771E-05 9.98771E-05 9.98771E-05 0.163557 9.98771E-05 9.98771E-05 0.00706371 9.98771E-05 9.98771E-05 9.98771E-05 0.138143
0.0929554 9.98772E-05 9.98772E-05 0.471845 0.21201 9.98772E-05 9.98772E-05 9.98772E-05 9.98772E-05 9.98772E-05 9.98772E-05 9.98772E-05 0.116671 9.98772E-05 0.10512 9.98772E-05 9.98772E-05 9.98772E-05 9.98772E-05
0.165336 9.99036E-05 9.99036E-05 0.489425 9.99036E-05 9.99036E-05 9.99036E-05 0.0436848 9.99036E-05 0.0539489 9.99036E-05 0.132413 9.99036E-05 0.0505553 0.0361587 0.0273798 9.99036E-05 9.99036E-05 9.99036E-05
0.265286 9.98772E-05 9.98772E-05 0.462129 9.98772E-05 9.98772E-05 9.98772E-05 9.98772E-05 9.98772E-05 9.98772E-05 9.98772E-05 9.98772E-05 9.98772E-05 9.98772E-05 0.205246 0.050435 9.98772E-05 9.98772E-05 0.0155055
9.98596E-05 9.98596E-05 9.98596E-05 0.409201 9.98596E-05 9.98596E-05 9.98596E-05 9.98596E-05 9.98596E-05 9.98596E-05 9.98596E-05 9.98596E-05 0.263044 0.326157 9.98596E-05 9.98596E-05 9.98596E-05 9.98596E-05 9.98596E-05
9.9877E-05 9.9877E-05 0.231566 0.650863 9.9877E-05 9.9877E-05 9.9877E-05 9.9877E-05 0.010184 9.9877E-05 9.9877E-05 9.9877E-05 9.9877E-05 9.9877E-05 0.0865901 0.0193989 9.9877E-05 9.9877E-05 9.9877E-05
0.0869712 9.98772E-05 9.98772E-05 0.0636553 9.98772E-05 9.98772E-05 9.98772E-05 9.98772E-05 9.98772E-05 9.98772E-05 9.98772E-05 0.0602898 9.98772E-05 0.720927 9.98772E-05 9.98772E-05 0.0667579 9.98772E-05 9.98772E-05
0.0753442 9.98773E-05 9.98773E-05 0.478908 9.98773E-05 9.98773E-05 9.98773E-05 9.98773E-05 0.0129571 9.98773E-05 9.98773E-05 9.98773E-05 9.98773E-05 0.258794 0.172599 9.98773E-05 9.98773E-05 9.98773E-05 9.98773E-05
0.0459538 9.98596E-05 9.98596E-05 0.9197 9.98596E-05 9.98596E-05 9.98596E-05 9.98596E-05 9.98596E-05 9.98596E-05 9.98596E-05 0.0327487 9.98596E-05 9.98596E-05 9.98596E-05 9.98596E-05 9.98596E-05 9.98596E-05 9.98596E-05
9.98683E-05 9.98683E-05 0.0364611 0.888291 9.98683E-05 9.98683E-05 9.98683E-05 9.98683E-05 0.0343494 9.98683E-05 9.98683E-05 9.98683E-05 9.98683E-05 9.98683E-05 9.98683E-05 9.98683E-05 9.98683E-05 9.98683E-05 0.0394005
0.112601 9.9877E-05 9.9877E-05 0.521661 9.9877E-05 9.9877E-05 9.9877E-05 9.9877E-05 9.9877E-05 9.9877E-05 9.9877E-05 0.125605 9.9877E-05 9.9877E-05 0.197624 9.9877E-05 9.9877E-05 0.0411112 9.9877E-05
0.134986 9.98595E-05 9.98595E-05 0.780354 9.98595E-05 9.98595E-05 9.98595E-05 9.98595E-05 9.98595E-05 9.98595E-05 9.98595E-05 9.98595E-05 9.98595E-05 9.98595E-05 0.083063 9.98595E-05 9.98595E-05 9.98595E-05 9.98595E-05
0.00385473 9.98771E-05 9.98771E-05 0.934028 9.98771E-05 9.98771E-05 9.98771E-05 9.98771E-05 0.0288637 9.98771E-05 9.98771E-05 9.98771E-05 9.98771E-05 9.98771E-05 9.98771E-05 9.98771E-05 0.00357097 9.98771E-05 0.0282846
9.98685E-05 9.98685E-05 9.98685E-05 0.832077 9.98685E-05 9.98685E-05 9.98685E-05 9.98685E-05 9.98685E-05 9.98685E-05 9.98685E-05 9.98685E-05 9.98685E-05 0.0340263 0.0225122 9.98685E-05 9.98685E-05 9.98685E-05 0.109886
0.149778 9.98684E-05 9.98684E-05 0.639786 9.98684E-05 9.98684E-05 9.98684E-05 9.98684E-05 9.98684E-05 9.98684E-05 9.98684E-05 0.0173611 9.98684E-05 0.191577 9.98684E-05 9.98684E-05 9.98684E-05 9.98684E-05 9.98684E-05
9.98418E-05 9.98418E-05 9.98418E-05 9.98418E-05 9.98418E-05 9.98418E-05 9.98418E-05 9.98418E-05 9.98418E-05 9.98418E-05 9.98418E-05 9.98418E-05 9.98418E-05 9.98418E-05 0.998203 9.98418E-05 9.98418E-05 9.98418E-05 9.98418E-05
0.998203 9.98417E-05 9.98417E-05 9.98417E-05 9.98417E-05 9.98417E-05 9.98417E-05 9.98417E-05 9.98417E-05 9.98417E-05 9.98417E-05 9.98417E-05 9.98417E-05 9.98417E-05 9.98417E-05 9.98417E-05 9.98417E-05 9.98417E-05 9.98417E-05
9.98417E-05 9.98417E-05 9.98417E-05 9.98417E-05 9.98417E-05 9.98417E-05 9.98417E-05 9.98417E-05 9.98417E-05 9.98417E-05 9.98417E-05 9.98417E-05 9.98417E-05 9.98417E-05 0.998203 9.98417E-05 9.98417E-05 9.98417E-05 9.98417E-05
0.998203 9.98419E-05 9.98419E-05 9.98419E-05 9.98419E-05 9.98419E-05 9.98419E-05 9.98419E-05 9.98419E-05 9.98419E-05 9.98419E-05 9.98419E-05 9.98419E-05 9.98419E-05 9.98419E-05 9.98419E-05 9.98419E-05 9.98419E-05 9.98419E-05
0.998203 9.98418E-05 9.98418E-05 9.98418E-05 9.98418E-05 9.98418E-05 9.98418E-05 9.98418E-05 9.98418E-05 9.98418E-05 9.98418E-05 9.98418E-05 9.98418E-05 9.98418E-05 9.98418E-05 9.98418E-05 9.98418E-05 9.98418E-05 9.98418E-05
0.998203 9.98418E-05 9.98418E-05 9.98418E-05 9.98418E-05 9.98418E-05 9.98418E-05 9.98418E-05 9.98418E-05 9.98418E-05 9.98418E-05 9.98418E-05 9.98418E-05 9.98418E-05 9.98418E-05 9.98418E-05 9.98418E-05 9.98418E-05 9.98418E-05
9.98418E-05 9.98418E-05 9.98418E-05 9.98418E-05 9.98418E-05 9.98418E-05 9.98418E-05 9.98418E-05 9.98418E-05 9.98418E-05 9.98418E-05 9.98418E-05 9.98418E-05 9.98418E-05 0.998203 9.98418E-05 9.98418E-05 9.98418E-05 9.98418E-05
0.998203 9.98417E-05 9.98417E-05 9.98417E-05 9.98417E-05 9.98417E-05 9.98417E-05 9.98417E-05 9.98417E-05 9.98417E-05 9.98417E-05 9.98417E-05 9.98417E-05 9.98417E-05 9.98417E-05 9.98417E-05 9.98417E-05 9.98417E-05 9.98417E-05
0.998203 9.98417E-05 9.98417E-05 9.98417E-05 9.98417E-05 9.98417E-05 9.98417E-05 9.98417E-05 9.98417E-05 9.98417E-05 9.98417E-05 9.98417E-05 9.98417E-05 9.98417E-05 9.98417E-05 9.98417E-05 9.98417E-05 9.98417E-05 9.98417E-05
9.98417E-05 9.98417E-05 9.98417E-05 9.98417E-05 9.98417E-05 9.98417E-05 9.98417E-05 9.98417E-05 9.98417E-05 9.98417E-05 9.98417E-05 9.98417E-05 9.98417E-05 9.98417E-05 0.998203 9.98417E-05 9.98417E-05 9.98417E-05 9.98417E-05
9.98417E-05 9.98417E-05 9.98417E-05 9.98417E-05 9.98417E-05 9.98417E-05 9.98417E-05 9.98417E-05 9.98417E-05 9.98417E-05 9.98417E-05 9.98417E-05 9.98417E-05 9.98417E-05 0.998203 9.98417E-05 9.98417E-05 9.98417E-05 9.98417E-05
9.98417E-05 9.98417E-05 9.98417E-05 9.98417E-05 9.98417E-05 9.98417E-05 9.98417E-05 9.98417E-05 9.98417E-05 9.98417E-05 9.98417E-05 9.98417E-05 9.98417E-05 9.98417E-05 0.998203 9.98417E-05 9.98417E-05 9.98417E-05 9.98417E-05
0.998203 9.98417E-05 9.98417E-05 9.98417E-05 9.98417E-05 9.98417E-05 9.98417E-05 9.98417E-05 9.98417E-05 9.98417E-05 9.98417E-05 9.98417E-05 9.98417E-05 9.98417E-05 9.98417E-05 9.98417E-05 9.98417E-05 9.98417E-05 9.98417E-05
0.998203 9.98417E-05 9.98417E-05 9.98417E-05 9.98417E-05 9.98417E-05 9.98417E-05 9.98417E-05 9.98417E-05 9.98417E-05 9.98417E-05 9.98417E-05 9.98417E-05 9.98417E-05 9.98417E-05 9.98417E-05 9.98417E-05 9.98417E-05 9.98417E-05
9.98418E-05 9.98418E-05 9.98418E-05 9.98418E-05 9.98418E-05 9.98418E-05 9.98418E-05 9.98418E-05 9.98418E-05 9.98418E-05 9.98418E-05 9.98418E-05 9.98418E-05 9.98418E-05 0.998203 9.98418E-05 9.98418E-05 9.98418E-05 9.98418E-05
9.98417E-05 9.98417E-05 9.98417E-05 9.98417E-05 9.98417E-05 9.98417E-05 9.98417E-05 9.98417E-05 9.98417E-05 9.98417E-05 9.98417E-05 9.98417E-05 9.98417E-05 9.98417E-05 0.998203 9.98417E-05 9.98417E-05 9.98417E-05 9.98417E-05
0.0697853 9.99033E-05 9.99033E-05 0.602592 9.99033E-05 9.99033E-05 9.99033E-05 0.0230428 9.99033E-05 0.00764869 9.99033E-05 0.0344551 9.99033E-05 9.99033E-05 0.0698865 9.99033E-05 0.130154 0.0613363 9.99033E-05
9.98418E-05 9.98418E-05 9.98418E-05 9.98418E-05 9.98418E-05 9.98418E-05 9.98418E-05 9.98418E-05 9.98418E-05 9.98418E-05 9.98418E-05 9.98418E-05 9.98418E-05 9.98418E-05 0.998203 9.98418E-05 9.98418E-05 9.98418E-05 9.98418E-05
0.998203 9.98417E-05 9.98417E-05 9.98417E-05 9.98417E-05 9.98417E-05 9.98417E-05 9.98417E-05 9.98417E-05 9.98417E-05 9.98417E-05 9.98417E-05 9.98417E-05 9.98417E-05 9.98417E-05 9.98417E-05 9.98417E-05 9.98417E-05 9.98417E-05
9.98417E-05 9.98417E-05 9.98417E-05 9.98417E-05 9.98417E-05 9.98417E-05 9.98417E-05 9.98417E-05 9.98417E-05 9.98417E-05 9.98417E-05 9.98417E-05 9.98417E-05 9.98417E-05 0.998203 9.98417E-05 9.98417E-05 9.98417E-05 9.98417E-05
9.98418E-05 9.98418E-05 9.98418E-05 9.98418E-05 9.98418E-05 9.98418E-05 9.98418E-05 9.98418E-05 9.98418E-05 9.98418E-05 9.98418E-05 9.98418E-05 9.98418E-05 9.98418E-05 0.998203 9.98418E-05 9.98418E-05 9.98418E-05 9.98418E-05
9.98418E-05 9.98418E-05 9.98418E-05 9.98418E-05 9.98418E-05 9.98418E-05 9.98418E-05 9.98418E-05 9.98418E-05 9.98418E-05 9.98418E-05 9.98418E-05 9.98418E-05 9.98418E-05 0.998203 9.98418E-05 9.98418E-05 9.98418E-05 9.98418E-05
0.998203 9.98418E-05 9.98418E-05 9.98418E-05 9.98418E-05 9.98418E-05 9.98418E-05 9.98418E-05 9.98418E-05 9.98418E-05 9.98418E-05 9.98418E-05 9.98418E-05 9.98418E-05 9.98418E-05 9.98418E-05 9.98418E-05 9.98418E-05 9.98418E-05
9.98417E-05 9.98417E-05 9.98417E-05 9.98417E-05 9.98417E-05 9.98417E-05 9.98417E-05 9.98417E-05 9.98417E-05 9.98417E-05 9.98417E-05 9.98417E-05 9.98417E-05 9.98417E-05 0.998203 9.98417E-05 9.98417E-05 9.98417E-05 9.98417E-05
0.998203 9.98417E-05 9.98417E-05 9.98417E-05 9.98417E-05 9.98417E-05 9.98417E-05 9.98417E-05 9.98417E-05 9.98417E-05 9.98417E-05 9.98417E-05 9.98417E-05 9.98417E-05 9.98417E-05 9.98417E-05 9.98417E-05 9.98417E-05 9.98417E-05
9.98418E-05 9.98418E-05 9.98418E-05 9.98418E-05 9.98418E-05 9.98418E-05 9.98418E-05 9.98418E-05 9.98418E-05 9.98418E-05 9.98418E-05 9.98418E-05 9.98418E-05 9.98418E-05 0.998203 9.98418E-05 9.98418E-05 9.98418E-05 9.98418E-05
9.98416E-05 9.98416E-05 9.98416E-05 9.98416E-05 9.98416E-05 9.98416E-05 9.98416E-05 9.98416E-05 9.98416E-05 9.98416E-05 9.98416E-05 9.98416E-05 9.98416E-05 9.98416E-05 0.998203 9.98416E-05 9.98416E-05 9.98416E-05 9.98416E-05
0.998203 9.98417E-05 9.98417E-05 9.98417E-05 9.98417E-05 9.98417E-05 9.98417E-05 9.98417E-05 9.98417E-05 9.98417E-05 9.98417E-05 9.98417E-05 9.98417E-05 9.98417E-05 9.98417E-05 9.98417E-05 9.98417E-05 9.98417E-05 9.98417E-05
0.998203 9.98419E-05 9.98419E-05 9.98419E-05 9.98419E-05 9.98419E-05 9.98419E-05 9.98419E-05 9.98419E-05 9.98419E-05 9.98419E-05 9.98419E-05 9.98419E-05 9.98419E-05 9.98419E-05 9.98419E-05 9.98419E-05 9.98419E-05 9.98419E-05
0.998203 9.98418E-05 9.98418E-05 9.98418E-05 9.98418E-05 9.98418E-05 9.98418E-05 9.98418E-05 9.98418E-05 9.98418E-05 9.98418E-05 9.98418E-05 9.98418E-05 9.98418E-05 9.98418E-05 9.98418E-05 9.98418E-05 9.98418E-05 9.98418E-05
9.98418E-05 9.98418E-05 9.98418E-05 9.98418E-05 9.98418E-05 9.98418E-05 9.98418E-05 9.98418E-05 9.98418E-05 9.98418E-05 9.98418E-05 9.98418E-05 9.98418E-05 9.98418E-05 0.998203 9.98418E-05 9.98418E-05 9.98418E-05 9.98418E-05
9.98418E-05 9.98418E-05 9.98418E-05 9.98418E-05 9.98418E-05 9.98418E-05 9.98418E-05 9.98418E-05 9.98418E-05 9.98418E-05 9.98418E-05 9.98418E-05 9.98418E-05 9.98418E-05 0.998203 9.98418E-05 9.98418E-05 9.98418E-05 9.98418E-05
9.98416E-05 9.98416E-05 9.98416E-05 9.98416E-05 9.98416E-05 9.98416E-05 9.98416E-05 9.98416E-05 9.98416E-05 9.98416E-05 9.98416E-05 9.98416E-05 9.98416E-05 9.98416E-05 0.998203 9.98416E-05 9.98416E-05 9.98416E-05 9.98416E-05
9.98418E-05 9.98418E-05 9.98418E-05 9.98418E-05 9.98418E-05 9.98418E-05 9.98418E-05 9.98418E-05 9.98418E-05 9.98418E-05 9.98418E-05 9.98418E-05 9.98418E-05 9.98418E-05 0.998203 9.98418E-05 9.98418E-05 9.98418E-05 9.98418E-05
9.98419E-05 9.98419E-05 9.98419E-05 9.98419E-05 9.98419E-05 9.98419E-05 9.98419E-05 9.98419E-05 9.98419E-05 9.98419E-05 9.98419E-05 9.98419E-05 9.98419E-05 9.98419E-05 0.998203 9.98419E-05 9.98419E-05 9.98419E-05 9.98419E-05
0.998203 9.98417E-05 9.98417E-05 9.98417E-05 9.98417E-05 9.98417E-05 9.98417E-05 9.98417E-05 9.98417E-05 9.98417E-05 9.98417E-05 9.98417E-05 9.98417E-05 9.98417E-05 9.98417E-05 9.98417E-05 9.98417E-05 9.98417E-05 9.98417E-05
0.998203 9.98418E-05 9.98418E-05 9.98418E-05 9.98418E-05 9.98418E-05 9.98418E-05 9.98418E-05 9.98418E-05 9.98418E-05 9.98418E-05 9.98418E-05 9.98418E-05 9.98418E-05 9.98418E-05 9.98418E-05 9.98418E-05 9.98418E-05 9.98418E-05
