9.9921E-05 9.9921E-05 9.9921E-05 0.0454201 9.9921E-05 0.0408702 9.9921E-05 0.098927 0.283731 9.9921E-05 0.405851 9.9921E-05 9.9921E-05 0.0289199 0.0953817 9.9921E-05
9.99034E-05 9.99034E-05 9.99034E-05 9.99034E-05 9.99034E-05 9.99034E-05 9.99034E-05 0.191678 0.0443508 9.99034E-05 0.728454 9.99034E-05 0.0264959 9.99034E-05 0.00792215 9.99034E-05
0.0820491 9.99034E-05 9.99034E-05 9.99034E-05 0.0221199 9.99034E-05 0.021808 9.99034E-05 9.99034E-05 9.99034E-05 0.857509 9.99034E-05 9.99034E-05 9.99034E-05 0.0154147 9.99034E-05
0.13568 0.443024 9.99123E-05 9.99123E-05 9.99123E-05 0.0769142 9.99123E-05 9.99123E-05 0.0529753 9.99123E-05 0.276843 9.99123E-05 9.99123E-05 9.99123E-05 0.0135638 9.99123E-05
0.112527 9.98859E-05 9.98859E-05 9.98859E-05 9.98859E-05 9.98859E-05 0.0927366 9.98859E-05 9.98859E-05 9.98859E-05 0.793438 9.98859E-05 9.98859E-05 9.98859E-05 9.98859E-05 9.98859E-05
0.265916 0.132141 0.177955 9.99298E-05 0.00461886 9.99298E-05 0.0924835 0.00603393 0.0292409 9.99298E-05 0.290812 9.99298E-05 9.99298E-05 9.99298E-05 9.99298E-05 9.99298E-05
9.99201E-05 0.229875 9.99201E-05 9.99201E-05 0.0363201 0.0537369 9.99201E-05 0.0608999 0.207593 9.99201E-05 0.303482 9.99201E-05 9.99201E-05 0.0296971 0.0775967 9.99201E-05
0.0607102 0.0860983 0.134122 0.0496275 9.99386E-05 0.010636 0.168925 9.99386E-05 0.203048 9.99386E-05 0.209048 0.077085 9.99386E-05 9.99386E-05 9.99386E-05 9.99386E-05
0.0768694 0.0124645 0.236467 9.99298E-05 9.99298E-05 0.00492358 9.99298E-05 9.99298E-05 9.99298E-05 9.99298E-05 0.235705 9.99298E-05 0.0302734 0.204214 0.198284 9.99298E-05
9.98859E-05 9.98859E-05 9.98859E-05 0.00818253 9.98859E-05 9.98859E-05 9.98859E-05 9.98859E-05 9.98859E-05 9.98859E-05 0.854203 9.98859E-05 9.98859E-05 9.98859E-05 0.136316 9.98859E-05
9.99034E-05 9.99034E-05 0.0204509 9.99034E-05 9.99034E-05 0.0922279 9.99034E-05 9.99034E-05 0.131027 9.99034E-05 0.571193 9.99034E-05 9.99034E-05 9.99034E-05 0.184003 9.99034E-05
9.98946E-05 0.00686239 9.98946E-05 9.98946E-05 9.98946E-05 0.0448331 0.00798471 9.98946E-05 9.98946E-05 9.98946E-05 0.939121 9.98946E-05 9.98946E-05 9.98946E-05 9.98946E-05 9.98946E-05
9.98947E-05 9.98947E-05 0.00556697 9.98947E-05 9.98947E-05 9.98947E-05 9.98947E-05 9.98947E-05 0.109992 9.98947E-05 0.809285 9.98947E-05 9.98947E-05 9.98947E-05 0.0739577 9.98947E-05
9.99123E-05 9.99123E-05 0.0045409 9.99123E-05 9.99123E-05 0.00900552 9.99123E-05 9.99123E-05 9.99123E-05 0.242159 0.607468 0.0820056 9.99123E-05 9.99123E-05 0.0538227 9.99123E-05
0.0906302 0.0702584 0.194111 9.99298E-05 9.99298E-05 9.99298E-05 9.99298E-05 9.99298E-05 0.0360437 0.0290537 0.333417 9.99298E-05 9.99298E-05 0.0674079 0.178279 9.99298E-05
0.104421 0.0553251 0.204017 9.9921E-05 9.9921E-05 9.9921E-05 9.9921E-05 9.9921E-05 0.0706424 9.9921E-05 0.259331 0.171457 9.9921E-05 9.9921E-05 0.133908 9.9921E-05
9.99298E-05 0.049503 9.99298E-05 9.99298E-05 9.99298E-05 0.0585586 9.99298E-05 0.148336 9.99298E-05 0.0177674 0.599412 0.02619 9.99298E-05 9.99298E-05 0.0370056 0.0624285
9.99298E-05 9.99298E-05 0.0114442 0.164951 9.99298E-05 0.0297102 9.99298E-05 9.99298E-05 0.207003 9.99298E-05 0.254039 9.99298E-05 0.106836 0.0180944 0.207123 9.99298E-05
9.9924E-05 0.158005 0.169862 0.0881652 9.9924E-05 0.0548075 9.9924E-05 9.9924E-05 0.0365752 9.9924E-05 0.353941 9.9924E-05 9.9924E-05 9.9924E-05 0.137744 9.9924E-05
9.98946E-05 9.98946E-05 0.00567307 9.98946E-05 9.98946E-05 9.98946E-05 9.98946E-05 9.98946E-05 9.98946E-05 9.98946E-05 0.93324 9.98946E-05 0.0545222 9.98946E-05 0.00536593 9.98946E-05
9.99298E-05 0.0867447 0.109417 9.99298E-05 9.99298E-05 0.0708639 0.00704344 9.99298E-05 9.99298E-05 9.99298E-05 0.523005 0.152027 9.99298E-05 0.0111042 0.0389959 9.99298E-05
9.9921E-05 0.0743349 0.129501 9.9921E-05 9.9921E-05 9.9921E-05 0.174028 0.00970092 0.341855 0.000784461 0.268897 9.9921E-05 9.9921E-05 9.9921E-05 9.9921E-05 9.9921E-05
0.0820506 9.99035E-05 9.99035E-05 9.99035E-05 9.99035E-05 0.0469101 9.99035E-05 0.0633127 9.99035E-05 9.99035E-05 0.693493 9.99035E-05 9.99035E-05 9.99035E-05 0.113135 9.99035E-05
0.0252861 9.99122E-05 9.99122E-05 9.99122E-05 9.99122E-05 9.99122E-05 9.99122E-05 9.99122E-05 0.309501 9.99122E-05 0.364473 0.0212358 9.99122E-05 0.0790387 0.199467 9.99122E-05
0.141178 0.0894553 0.0700765 9.99385E-05 9.99385E-05 0.0527099 9.99385E-05 9.99385E-05 0.0461083 9.99385E-05 0.24934 9.99385E-05 0.0782226 0.0478994 0.22431 9.99385E-05
0.133465 0.0280346 9.99122E-05 9.99122E-05 9.99122E-05 0.0148162 9.99122E-05 9.99122E-05 0.0786731 9.99122E-05 0.658885 9.99122E-05 9.99122E-05 9.99122E-05 0.0851273 9.99122E-05
0.278675 9.99122E-05 9.99122E-05 0.123656 9.99122E-05 9.99122E-05 9.99122E-05 9.99122E-05 0.382155 9.99122E-05 0.0140314 0.0694082 9.99122E-05 9.99122E-05 0.131075 9.99122E-05
9.98947E-05 0.097176 9.98947E-05 9.98947E-05 9.98947E-05 9.98947E-05 9.98947E-05 9.98947E-05 0.0588817 9.98947E-05 0.786616 9.98947E-05 9.98947E-05 9.98947E-05 0.0561272 9.98947E-05
0.020852 9.99123E-05 9.99123E-05 9.99123E-05 9.99123E-05 9.99123E-05 9.99123E-05 9.99123E-05 0.0507991 0.0862871 0.61519 9.99123E-05 9.99123E-05 0.0686199 0.157253 9.99123E-05
0.0187505 9.99298E-05 0.0774924 9.99298E-05 0.0115267 0.0105873 9.99298E-05 9.99298E-05 9.99298E-05 9.99298E-05 0.700897 9.99298E-05 9.99298E-05 0.0609208 0.104419 0.0146068
9.99035E-05 9.99035E-05 0.0866548 9.99035E-05 9.99035E-05 0.0126297 9.99035E-05 9.99035E-05 0.14926 9.99035E-05 0.665592 9.99035E-05 0.0847642 9.99035E-05 9.99035E-05 9.99035E-05
0.280058 0.0960026 0.00874403 9.99211E-05 9.99211E-05 0.0189805 0.00842053 9.99211E-05 9.99211E-05 9.99211E-05 0.567746 9.99211E-05 9.99211E-05 9.99211E-05 0.0191493 9.99211E-05
0.0665465 9.99034E-05 9.99034E-05 9.99034E-05 9.99034E-05 0.129481 9.99034E-05 9.99034E-05 0.122722 9.99034E-05 0.550296 9.99034E-05 9.99034E-05 9.99034E-05 0.129855 9.99034E-05
0.0440485 0.0274385 9.99297E-05 9.99297E-05 0.0190583 9.99297E-05 9.99297E-05 9.99297E-05 0.205274 0.168355 0.333791 9.99297E-05 9.99297E-05 0.0432875 0.157947 9.99297E-05
9.99122E-05 9.99122E-05 0.0115682 9.99122E-05 9.99122E-05 0.05433 9.99122E-05 0.0116361 9.99122E-05 9.99122E-05 0.817031 9.99122E-05 0.0540332 9.99122E-05 0.0504022 9.99122E-05
9.99298E-05 0.035845 0.0224528 9.99298E-05 9.99298E-05 0.0480743 9.99298E-05 0.014764 0.0540206 9.99298E-05 0.702691 9.99298E-05 9.99298E-05 0.113384 0.00796914 9.99298E-05
9.98948E-05 0.0208614 9.98948E-05 9.98948E-05 0.0307644 9.98948E-05 9.98948E-05 0.0945255 9.98948E-05 9.98948E-05 0.85265 9.98948E-05 9.98948E-05 9.98948E-05 9.98948E-05 9.98948E-05
9.99211E-05 9.99211E-05 0.157527 9.99211E-05 9.99211E-05 0.0266061 9.99211E-05 0.081844 9.99211E-05 9.99211E-05 0.565933 9.99211E-05 0.0664538 9.99211E-05 0.081966 0.0187705
0.147626 9.99298E-05 9.99298E-05 9.99298E-05 0.0137314 0.00739407 0.0489007 0.105415 9.99298E-05 9.99298E-05 0.504367 9.99298E-05 9.99298E-05 9.99298E-05 0.146699 0.0250676
0.169273 9.99122E-05 9.99122E-05 9.99122E-05 0.0319732 9.99122E-05 9.99122E-05 9.99122E-05 9.99122E-05 0.0214707 0.548535 0.0927107 9.99122E-05 9.99122E-05 0.135039 9.99122E-05
9.99035E-05 0.0199641 0.0221776 9.99035E-05 9.99035E-05 9.99035E-05 9.99035E-05 9.99035E-05 0.0907198 9.99035E-05 0.785205 9.99035E-05 9.99035E-05 9.99035E-05 0.0808346 9.99035E-05
9.99035E-05 9.99035E-05 0.0318386 9.99035E-05 9.99035E-05 9.99035E-05 9.99035E-05 9.99035E-05 0.315647 9.99035E-05 0.551713 9.99035E-05 9.99035E-05 0.00182144 0.0978807 9.99035E-05
9.99034E-05 9.99034E-05 9.99034E-05 9.99034E-05 9.99034E-05 9.99034E-05 0.0485491 9.99034E-05 0.0866689 9.99034E-05 0.669681 9.99034E-05 9.99034E-05 0.0825085 9.99034E-05 0.111493
9.99385E-05 9.99385E-05 0.0971531 0.0239693 9.99385E-05 0.064685 9.99385E-05 0.0183302 0.0769082 0.106133 0.310022 9.99385E-05 9.99385E-05 0.142527 0.159572 9.99385E-05
9.99123E-05 0.186397 9.99123E-05 9.99123E-05 9.99123E-05 9.99123E-05 0.012595 9.99123E-05 0.348652 9.99123E-05 0.203691 9.99123E-05 0.0323064 9.99123E-05 0.215359 9.99123E-05
9.99034E-05 0.0565768 0.0131283 9.99034E-05 9.99034E-05 9.99034E-05 9.99034E-05 9.99034E-05 9.99034E-05 9.99034E-05 0.846399 9.99034E-05 0.0443414 9.99034E-05 0.0384556 9.99034E-05
9.99034E-05 9.99034E-05 0.0193318 0.0227746 9.99034E-05 0.0218067 9.99034E-05 9.99034E-05 9.99034E-05 9.99034E-05 0.833411 9.99034E-05 9.99034E-05 9.99034E-05 0.101577 9.99034E-05
9.9886E-05 9.9886E-05 9.9886E-05 9.9886E-05 9.9886E-05 9.9886E-05 9.9886E-05 9.9886E-05 9.9886E-05 9.9886E-05 0.940125 9.9886E-05 0.0329742 9.9886E-05 0.025602 9.9886E-05
9.99034E-05 9.99034E-05 9.99034E-05 9.99034E-05 9.99034E-05 0.0447076 9.99034E-05 9.99034E-05 0.163499 9.99034E-05 0.622746 0.0238654 9.99034E-05 9.99034E-05 0.144083 9.99034E-05
9.99124E-05 9.99124E-05 0.0509639 0.0934666 0.094684 9.99124E-05 0.0104715 9.99124E-05 9.99124E-05 9.99124E-05 0.743248 9.99124E-05 0.00616649 9.99124E-05 9.99124E-05 9.99124E-05
0.300828 0.0506103 0.0153034 9.99473E-05 9.99473E-05 0.0601032 9.99473E-05 9.99473E-05 0.0476682 9.99473E-05 0.261582 0.0561836 0.0153599 0.0325406 0.15922 9.99473E-05
0.180282 0.170813 9.99123E-05 9.99123E-05 9.99123E-05 9.99123E-05 9.99123E-05 9.99123E-05 0.0429612 9.99123E-05 0.532916 9.99123E-05 0.0380399 0.0339886 9.99123E-05 9.99123E-05
9.98859E-05 9.98859E-05 9.98859E-05 0.00746105 9.98859E-05 9.98859E-05 9.98859E-05 9.98859E-05 9.98859E-05 0.142874 0.848366 9.98859E-05 9.98859E-05 9.98859E-05 9.98859E-05 9.98859E-05
0.0147846 9.99211E-05 9.99211E-05 0.0101076 0.0219501 9.99211E-05 0.0613434 9.99211E-05 9.99211E-05 9.99211E-05 0.611352 0.174889 9.99211E-05 9.99211E-05 0.104673 9.99211E-05
9.99123E-05 0.00111798 9.99123E-05 9.99123E-05 9.99123E-05 9.99123E-05 0.0234647 9.99123E-05 9.99123E-05 9.99123E-05 0.828104 0.00987782 9.99123E-05 0.0289322 0.107504 9.99123E-05
0.0783238 9.98948E-05 9.98948E-05 9.98948E-05 9.98948E-05 9.98948E-05 0.0332729 9.98948E-05 9.98948E-05 9.98948E-05 0.693475 9.98948E-05 0.19373 9.98948E-05 9.98948E-05 9.98948E-05
9.99101E-05 0.0603166 0.0253991 0.0461692 9.99101E-05 0.0192264 9.99101E-05 9.99101E-05 9.99101E-05 9.99101E-05 0.756231 0.0241394 9.99101E-05 9.99101E-05 0.0676193 9.99101E-05
9.98947E-05 0.0952893 9.98947E-05 9.98947E-05 9.98947E-05 0.0194103 9.98947E-05 9.98947E-05 9.98947E-05 9.98947E-05 0.798234 9.98947E-05 9.98947E-05 9.98947E-05 0.0858674 9.98947E-05
9.99122E-05 0.0172081 0.0361249 9.99122E-05 0.0875903 0.0303511 9.99122E-05 9.99122E-05 9.99122E-05 9.99122E-05 0.809557 9.99122E-05 9.99122E-05 9.99122E-05 0.0181693 9.99122E-05
0.0275676 0.012132 0.056092 0.0891952 9.99474E-05 0.0521543 9.99474E-05 0.214951 0.280324 0.0529421 0.00263512 9.99474E-05 9.99474E-05 9.99474E-05 0.211407 9.99474E-05
9.99211E-05 0.0447236 9.99211E-05 9.99211E-05 9.99211E-05 9.99211E-05 9.99211E-05 0.159793 0.369569 9.99211E-05 0.240536 0.0121496 9.99211E-05 0.10592 0.0664089 9.99211E-05
9.99122E-05 9.99122E-05 9.99122E-05 0.179903 0.125735 9.99122E-05 9.99122E-05 0.155811 0.222118 9.99122E-05 0.075979 9.99122E-05 9.99122E-05 9.99122E-05 9.99122E-05 0.239455
0.244643 0.00739578 0.133818 0.0232251 0.0831558 0.0111607 9.99386E-05 0.383194 9.99386E-05 0.00055885 9.99386E-05 9.99386E-05 9.99386E-05 9.99386E-05 0.112149 9.99386E-05
9.99385E-05 0.0518521 0.0885913 0.0687797 0.0437285 9.99385E-05 9.99385E-05 0.0868883 0.43139 9.99385E-05 0.0229266 9.99385E-05 0.0483408 9.99385E-05 0.156803 9.99385E-05
9.99121E-05 9.99121E-05 0.018696 0.0649639 9.99121E-05 9.99121E-05 9.99121E-05 0.109107 0.457399 0.0631629 9.99121E-05 9.99121E-05 9.99121E-05 9.99121E-05 0.285672 9.99121E-05
9.99035E-05 0.0991552 9.99035E-05 9.99035E-05 9.99035E-05 0.0670086 9.99035E-05 0.489965 0.104005 9.99035E-05 9.99035E-05 9.99035E-05 9.99035E-05 9.99035E-05 0.238767 9.99035E-05
0.121187 9.9921E-05 0.0699291 0.171484 0.0414689 9.9921E-05 9.9921E-05 0.28407 0.148909 9.9921E-05 9.9921E-05 9.9921E-05 9.9921E-05 9.9921E-05 0.162052 9.9921E-05
9.99299E-05 9.99299E-05 9.99299E-05 0.0200719 9.99299E-05 9.99299E-05 9.99299E-05 0.25092 0.413864 0.144114 0.00840502 9.99299E-05 9.99299E-05 0.0335458 0.0356904 0.09259
9.9921E-05 0.0782324 0.0114398 9.9921E-05 9.9921E-05 0.104596 9.9921E-05 0.236429 0.316892 9.9921E-05 0.168826 9.9921E-05 9.9921E-05 9.9921E-05 0.082686 9.9921E-05
9.99122E-05 9.99122E-05 0.0881363 0.0299133 9.99122E-05 0.201567 9.99122E-05 0.037258 0.226251 9.99122E-05 9.99122E-05 9.99122E-05 9.99122E-05 9.99122E-05 0.415876 9.99122E-05
9.99298E-05 0.0842617 9.99298E-05 0.0765254 0.0180296 0.0873283 9.99298E-05 0.158801 0.330948 9.99298E-05 9.99298E-05 0.11695 9.99298E-05 9.99298E-05 0.126356 9.99298E-05
0.182245 0.147076 0.110939 0.0250996 9.99386E-05 0.0960336 9.99386E-05 0.0858355 0.214098 9.99386E-05 9.99386E-05 0.0911425 9.99386E-05 9.99386E-05 0.0468311 9.99386E-05
0.0382167 9.99122E-05 9.99122E-05 9.99122E-05 0.0386953 9.99122E-05 0.0403181 0.160518 0.402812 9.99122E-05 9.99122E-05 9.99122E-05 9.99122E-05 9.99122E-05 0.31844 9.99122E-05
9.99212E-05 9.99212E-05 9.99212E-05 9.99212E-05 0.0673856 0.0489644 9.99212E-05 0.169995 0.194646 0.288157 0.172569 9.99212E-05 9.99212E-05 0.0573831 9.99212E-05 9.99212E-05
9.99299E-05 9.99299E-05 0.0106446 0.0676077 9.99299E-05 0.0119561 9.99299E-05 0.147959 0.399161 9.99299E-05 0.0792786 9.99299E-05 9.99299E-05 9.99299E-05 0.138319 0.144275
0.318667 0.089241 9.99298E-05 0.133022 0.0717359 9.99298E-05 0.070302 0.0734411 0.0927988 9.99298E-05 9.99298E-05 9.99298E-05 9.99298E-05 9.99298E-05 0.149993 9.99298E-05
9.99122E-05 0.180458 0.0393844 0.0252472 9.99122E-05 0.165291 9.99122E-05 9.99122E-05 0.511827 9.99122E-05 9.99122E-05 9.99122E-05 9.99122E-05 9.99122E-05 0.0767929 9.99122E-05
9.9921E-05 0.0277334 9.9921E-05 0.143738 9.9921E-05 0.0478243 9.9921E-05 0.138707 0.318989 9.9921E-05 0.129293 9.9921E-05 9.9921E-05 9.9921E-05 0.192816 9.9921E-05
0.103661 9.99297E-05 9.99297E-05 0.0247125 9.99297E-05 0.0255152 0.0129905 0.195834 0.239221 9.99297E-05 9.99297E-05 0.0748374 9.99297E-05 9.99297E-05 0.322428 9.99297E-05
9.99212E-05 9.99212E-05 9.99212E-05 9.99212E-05 0.0896967 9.99212E-05 0.00925571 0.0393573 0.323388 9.99212E-05 0.135153 9.99212E-05 9.99212E-05 9.99212E-05 0.129066 0.273184
0.0829787 0.178695 9.99122E-05 9.99122E-05 0.0173161 9.99122E-05 9.99122E-05 0.0933811 0.520586 9.99122E-05 9.99122E-05 9.99122E-05 9.99122E-05 9.99122E-05 0.106044 9.99122E-05
0.170664 9.9921E-05 9.9921E-05 0.0462503 9.9921E-05 9.9921E-05 9.9921E-05 0.15117 0.264875 0.130098 0.145011 9.9921E-05 9.9921E-05 9.9921E-05 0.0910327 9.9921E-05
0.160172 0.116203 0.0475304 0.084614 0.100988 9.99386E-05 9.99386E-05 9.99386E-05 0.2375 9.99386E-05 0.104174 9.99386E-05 9.99386E-05 0.0122817 0.135837 9.99386E-05
0.0917516 0.0213749 0.0156575 9.9921E-05 9.9921E-05 0.216702 9.9921E-05 9.9921E-05 0.351807 9.9921E-05 0.153273 9.9921E-05 9.9921E-05 9.9921E-05 0.148535 9.9921E-05
9.99299E-05 9.99299E-05 0.0431271 9.99299E-05 9.99299E-05 0.082499 9.99299E-05 0.216431 0.205512 9.99299E-05 0.218207 9.99299E-05 0.0277899 9.99299E-05 0.109964 0.0956698
9.99211E-05 9.99211E-05 9.99211E-05 0.0347041 9.99211E-05 9.99211E-05 9.99211E-05 0.0772632 0.492791 9.99211E-05 0.201446 9.99211E-05 9.99211E-05 0.00982615 0.0244244 0.158646
9.99212E-05 9.99212E-05 9.99212E-05 9.99212E-05 0.0643014 9.99212E-05 9.99212E-05 0.188381 0.308764 9.99212E-05 0.068638 9.99212E-05 9.99212E-05 0.0980237 0.14495 0.126043
9.99124E-05 9.99124E-05 0.0484802 0.178244 9.99124E-05 9.99124E-05 9.99124E-05 0.0380567 0.362919 9.99124E-05 0.192436 9.99124E-05 9.99124E-05 9.99124E-05 0.178865 9.99124E-05
9.99212E-05 9.99212E-05 0.0551259 9.99212E-05 9.99212E-05 9.99212E-05 9.99212E-05 0.159961 0.0491188 9.99212E-05 0.148939 0.0268479 9.99212E-05 9.99212E-05 0.324331 0.234777
0.833266 9.98859E-05 0.0283525 9.98859E-05 9.98859E-05 9.98859E-05 9.98859E-05 9.98859E-05 9.98859E-05 9.98859E-05 9.98859E-05 9.98859E-05 9.98859E-05 9.98859E-05 0.137083 9.98859E-05
0.166499 9.99035E-05 0.0294845 9.99035E-05 9.99035E-05 9.99035E-05 9.99035E-05 9.99035E-05 9.99035E-05 0.457492 9.99035E-05 9.99035E-05 9.99035E-05 9.99035E-05 0.0224582 0.322967
0.468257 9.98945E-05 9.98945E-05 0.0158334 9.98945E-05 9.98945E-05 9.98945E-05 9.98945E-05 9.98945E-05 0.455776 9.98945E-05 9.98945E-05 9.98945E-05 9.98945E-05 0.0589356 9.98945E-05
0.523723 9.99121E-05 0.0405562 0.0120499 9.99121E-05 0.0608009 9.99121E-05 9.99121E-05 9.99121E-05 0.250879 9.99121E-05 9.99121E-05 9.99121E-05 9.99121E-05 0.110992 9.99121E-05
0.916937 9.9877E-05 0.0816645 9.9877E-05 9.9877E-05 9.9877E-05 9.9877E-05 9.9877E-05 9.9877E-05 9.9877E-05 9.9877E-05 9.9877E-05 9.9877E-05 9.9877E-05 9.9877E-05 9.9877E-05
0.53328 0.00340013 0.198035 9.98948E-05 9.98948E-05 9.98948E-05 9.98948E-05 9.98948E-05 9.98948E-05 9.98948E-05 9.98948E-05 9.98948E-05 9.98948E-05 9.98948E-05 0.264085 9.98948E-05
0.0904468 9.99297E-05 0.121856 0.0757621 9.99297E-05 0.00592762 0.0227027 9.99297E-05 0.0240338 0.625935 9.99297E-05 9.99297E-05 9.99297E-05 9.99297E-05 0.0325365 9.99297E-05
0.420463 9.99122E-05 0.180577 9.99122E-05 9.99122E-05 0.00892261 9.99122E-05 9.99122E-05 9.99122E-05 0.376317 9.99122E-05 9.99122E-05 0.00250133 9.99122E-05 0.0102197 9.99122E-05
0.211452 9.99033E-05 0.385238 9.99033E-05 9.99033E-05 0.0328488 9.99033E-05 0.194614 9.99033E-05 0.174748 9.99033E-05 9.99033E-05 9.99033E-05 9.99033E-05 9.99033E-05 9.99033E-05
0.278314 9.99034E-05 0.144604 0.0568899 9.99034E-05 9.99034E-05 9.99034E-05 9.99034E-05 9.99034E-05 0.208333 9.99034E-05 9.99034E-05 9.99034E-05 9.99034E-05 0.31076 9.99034E-05
0.423421 9.99035E-05 9.99035E-05 9.99035E-05 9.99035E-05 9.99035E-05 9.99035E-05 0.212482 9.99035E-05 0.216981 9.99035E-05 9.99035E-05 9.99035E-05 9.99035E-05 0.00336928 0.142647
0.795924 9.9886E-05 9.9886E-05 9.9886E-05 9.9886E-05 9.9886E-05 9.9886E-05 0.160765 9.9886E-05 9.9886E-05 9.9886E-05 9.9886E-05 9.9886E-05 9.9886E-05 0.0420123 9.9886E-05
0.192745 9.9886E-05 0.0697507 9.9886E-05 9.9886E-05 9.9886E-05 9.9886E-05 9.9886E-05 9.9886E-05 0.736206 9.9886E-05 9.9886E-05 9.9886E-05 9.9886E-05 9.9886E-05 9.9886E-05
0.366813 9.99036E-05 0.114149 9.99036E-05 9.99036E-05 9.99036E-05 9.99036E-05 9.99036E-05 9.99036E-05 0.267588 9.99036E-05 9.99036E-05 9.99036E-05 0.00275004 0.2476 9.99036E-05
0.568308 9.98947E-05 0.0430971 0.136986 9.98947E-05 9.98947E-05 9.98947E-05 9.98947E-05 9.98947E-05 0.250411 9.98947E-05 9.98947E-05 9.98947E-05 9.98947E-05 9.98947E-05 9.98947E-05
0.683277 9.99211E-05 0.0191546 9.99211E-05 9.99211E-05 0.00455857 9.99211E-05 0.0867463 9.99211E-05 9.99211E-05 9.99211E-05 0.00797943 9.99211E-05 9.99211E-05 0.159851 0.0375341
0.35955 9.99122E-05 0.0699054 9.99122E-05 9.99122E-05 9.99122E-05 9.99122E-05 0.16531 9.99122E-05 0.205712 9.99122E-05 9.99122E-05 0.165694 9.99122E-05 0.0328298 9.99122E-05
0.682987 9.99124E-05 0.109916 9.99124E-05 0.034799 9.99124E-05 0.0125376 9.99124E-05 0.0423554 0.116405 9.99124E-05 9.99124E-05 9.99124E-05 9.99124E-05 9.99124E-05 9.99124E-05
0.998502 9.98685E-05 9.98685E-05 9.98685E-05 9.98685E-05 9.98685E-05 9.98685E-05 9.98685E-05 9.98685E-05 9.98685E-05 9.98685E-05 9.98685E-05 9.98685E-05 9.98685E-05 9.98685E-05 9.98685E-05
0.383424 9.9921E-05 0.172609 9.9921E-05 9.9921E-05 0.0402193 9.9921E-05 9.9921E-05 9.9921E-05 9.9921E-05 9.9921E-05 0.0307256 0.0267166 9.9921E-05 0.138676 0.20673
0.747873 9.99035E-05 0.0267936 9.99035E-05 9.99035E-05 9.99035E-05 9.99035E-05 0.0649304 9.99035E-05 9.99035E-05 9.99035E-05 9.99035E-05 9.99035E-05 9.99035E-05 0.113651 0.0456539
0.922008 9.98946E-05 9.98946E-05 0.00724097 9.98946E-05 0.0168678 9.98946E-05 9.98946E-05 9.98946E-05 9.98946E-05 9.98946E-05 9.98946E-05 9.98946E-05 9.98946E-05 0.0526848 9.98946E-05
0.595413 9.98946E-05 0.206686 9.98946E-05 9.98946E-05 9.98946E-05 9.98946E-05 9.98946E-05 9.98946E-05 9.98946E-05 9.98946E-05 9.98946E-05 0.00663942 9.98946E-05 0.190063 9.98946E-05
0.49925 9.98947E-05 0.161 9.98947E-05 9.98947E-05 9.98947E-05 9.98947E-05 9.98947E-05 9.98947E-05 0.288982 9.98947E-05 9.98947E-05 9.98947E-05 9.98947E-05 9.98947E-05 0.0495697
0.40012 9.98946E-05 0.239228 9.98946E-05 9.98946E-05 9.98946E-05 9.98946E-05 9.98946E-05 9.98946E-05 9.98946E-05 9.98946E-05 9.98946E-05 0.0833805 9.98946E-05 0.276073 9.98946E-05
9.98947E-05 9.98947E-05 0.0526038 9.98947E-05 9.98947E-05 9.98947E-05 9.98947E-05 0.0892027 9.98947E-05 0.804119 9.98947E-05 9.98947E-05 9.98947E-05 9.98947E-05 0.0528761 9.98947E-05
0.205441 9.99122E-05 9.99122E-05 9.99122E-05 0.0105543 9.99122E-05 9.99122E-05 9.99122E-05 9.99122E-05 9.99122E-05 9.99122E-05 9.99122E-05 0.046749 0.131478 0.0451303 0.559648
0.860847 9.98857E-05 0.0642266 9.98857E-05 9.98857E-05 9.98857E-05 9.98857E-05 9.98857E-05 9.98857E-05 9.98857E-05 9.98857E-05 9.98857E-05 9.98857E-05 9.98857E-05 0.0736284 9.98857E-05
0.410039 9.99034E-05 0.247177 9.99034E-05 9.99034E-05 9.99034E-05 9.99034E-05 0.00700963 9.99034E-05 0.219224 9.99034E-05 9.99034E-05 9.99034E-05 9.99034E-05 0.115451 9.99034E-05
0.802403 9.99035E-05 9.99035E-05 9.99035E-05 9.99035E-05 0.0367401 9.99035E-05 9.99035E-05 9.99035E-05 9.99035E-05 9.99035E-05 9.99035E-05 0.0148848 9.99035E-05 0.102379 0.0424939
0.21458 9.99034E-05 9.99034E-05 9.99034E-05 9.99034E-05 9.99034E-05 9.99034E-05 9.99034E-05 9.99034E-05 0.594112 9.99034E-05 0.0563324 0.00939441 9.99034E-05 0.124482 9.99034E-05
0.391374 9.99034E-05 9.99034E-05 9.99034E-05 9.99034E-05 9.99034E-05 9.99034E-05 9.99034E-05 9.99034E-05 0.508927 9.99034E-05 0.0747919 9.99034E-05 0.00990255 0.0139057 9.99034E-05
0.32406 9.99034E-05 0.315485 9.99034E-05 9.99034E-05 9.99034E-05 0.0314566 9.99034E-05 9.99034E-05 9.99034E-05 9.99034E-05 9.99034E-05 0.171609 9.99034E-05 0.156291 9.99034E-05
0.722376 9.99034E-05 0.00226282 9.99034E-05 9.99034E-05 9.99034E-05 9.99034E-05 9.99034E-05 0.0694343 0.164001 9.99034E-05 9.99034E-05 9.99034E-05 9.99034E-05 0.0408274 9.99034E-05
0.277791 9.9877E-05 9.9877E-05 9.9877E-05 9.9877E-05 9.9877E-05 9.9877E-05 9.9877E-05 9.9877E-05 0.72081 9.9877E-05 9.9877E-05 9.9877E-05 9.9877E-05 9.9877E-05 9.9877E-05
0.724605 9.99122E-05 0.06143 9.99122E-05 9.99122E-05 0.0342201 9.99122E-05 0.0401168 9.99122E-05 0.126196 9.99122E-05 9.99122E-05 9.99122E-05 9.99122E-05 9.99122E-05 0.0124337
0.648768 9.99121E-05 0.0298024 0.0569083 9.99121E-05 0.0288388 9.99121E-05 9.99121E-05 9.99121E-05 0.000281603 9.99121E-05 9.99121E-05 9.99121E-05 9.99121E-05 0.234402 9.99121E-05
0.321391 9.98946E-05 0.0898691 9.98946E-05 9.98946E-05 9.98946E-05 9.98946E-05 9.98946E-05 9.98946E-05 0.100463 9.98946E-05 9.98946E-05 9.98946E-05 9.98946E-05 9.98946E-05 0.487077
0.489092 9.99035E-05 0.0137356 9.99035E-05 9.99035E-05 9.99035E-05 9.99035E-05 9.99035E-05 9.99035E-05 0.431194 9.99035E-05 9.99035E-05 0.0123278 9.99035E-05 0.0525516 9.99035E-05
0.193611 9.98948E-05 9.98948E-05 9.98948E-05 9.98948E-05 9.98948E-05 0.0173081 9.98948E-05 9.98948E-05 0.731096 9.98948E-05 9.98948E-05 9.98948E-05 9.98948E-05 9.98948E-05 0.0567868
0.491098 9.99035E-05 0.00859275 9.99035E-05 9.99035E-05 9.99035E-05 9.99035E-05 0.00576917 9.99035E-05 0.172125 9.99035E-05 9.99035E-05 9.99035E-05 9.99035E-05 9.99035E-05 0.321316
0.42437 9.98946E-05 0.123518 9.98946E-05 9.98946E-05 9.98946E-05 9.98946E-05 0.119847 9.98946E-05 9.98946E-05 9.98946E-05 9.98946E-05 9.98946E-05 9.98946E-05 0.331066 9.98946E-05
0.828934 9.98859E-05 0.122928 9.98859E-05 9.98859E-05 9.98859E-05 9.98859E-05 0.0468386 9.98859E-05 9.98859E-05 9.98859E-05 9.98859E-05 9.98859E-05 9.98859E-05 9.98859E-05 9.98859E-05
0.227418 9.99034E-05 0.14836 9.99034E-05 9.99034E-05 9.99034E-05 9.99034E-05 9.99034E-05 9.99034E-05 9.99034E-05 9.99034E-05 9.99034E-05 0.0556717 9.99034E-05 0.0433386 0.524113
9.98772E-05 9.98772E-05 9.98772E-05 9.98772E-05 9.98772E-05 9.98772E-05 9.98772E-05 9.98772E-05 9.98772E-05 0.900702 9.98772E-05 9.98772E-05 9.98772E-05 9.98772E-05 9.98772E-05 0.0978997
0.547892 9.99034E-05 0.186994 9.99034E-05 9.99034E-05 9.99034E-05 9.99034E-05 0.156591 0.00485982 9.99034E-05 9.99034E-05 9.99034E-05 0.102563 9.99034E-05 9.99034E-05 9.99034E-05
0.0329576 9.99122E-05 0.0907554 0.0464194 9.99122E-05 0.0402433 9.99122E-05 9.99122E-05 9.99122E-05 0.687022 9.99122E-05 9.99122E-05 9.99122E-05 9.99122E-05 0.101603 9.99122E-05
0.410795 9.99123E-05 0.140544 9.99123E-05 9.99123E-05 9.99123E-05 9.99123E-05 0.0801167 9.99123E-05 0.228756 9.99123E-05 9.99123E-05 9.99123E-05 0.122366 0.016423 9.99123E-05
0.370065 9.99012E-05 0.283865 9.99012E-05 9.99012E-05 9.99012E-05 9.99012E-05 9.99012E-05 0.115451 9.99012E-05 9.99012E-05 9.99012E-05 9.99012E-05 9.99012E-05 0.22942 9.99012E-05
0.194613 9.98859E-05 9.98859E-05 9.98859E-05 9.98859E-05 9.98859E-05 9.98859E-05 9.98859E-05 9.98859E-05 0.483321 9.98859E-05 9.98859E-05 9.98859E-05 9.98859E-05 9.98859E-05 0.320768
0.772118 0.139125 9.98946E-05 9.98946E-05 0.00279219 9.98946E-05 9.98946E-05 9.98946E-05 9.98946E-05 9.98946E-05 9.98946E-05 9.98946E-05 9.98946E-05 9.98946E-05 0.0847654 9.98946E-05
0.24382 9.98859E-05 0.164881 9.98859E-05 9.98859E-05 9.98859E-05 9.98859E-05 9.98859E-05 9.98859E-05 9.98859E-05 9.98859E-05 9.98859E-05 9.98859E-05 9.98859E-05 9.98859E-05 0.59
0.629279 9.99035E-05 0.0739603 9.99035E-05 9.99035E-05 0.0700171 9.99035E-05 9.99035E-05 9.99035E-05 9.99035E-05 9.99035E-05 9.99035E-05 9.99035E-05 9.99035E-05 0.0729391 0.152706
0.953511 9.98947E-05 0.0243832 9.98947E-05 0.00857665 9.98947E-05 9.98947E-05 9.98947E-05 9.98947E-05 9.98947E-05 9.98947E-05 0.0123306 9.98947E-05 9.98947E-05 9.98947E-05 9.98947E-05
0.717959 0.115621 9.98945E-05 0.0395438 9.98945E-05 9.98945E-05 9.98945E-05 9.98945E-05 9.98945E-05 0.125677 9.98945E-05 9.98945E-05 9.98945E-05 9.98945E-05 9.98945E-05 9.98945E-05
0.586534 9.98946E-05 0.157572 9.98946E-05 9.98946E-05 9.98946E-05 9.98946E-05 0.149761 9.98946E-05 9.98946E-05 9.98946E-05 9.98946E-05 9.98946E-05 9.98946E-05 0.104934 9.98946E-05
0.539147 9.98945E-05 0.151979 9.98945E-05 9.98945E-05 9.98945E-05 9.98945E-05 9.98945E-05 9.98945E-05 0.241379 9.98945E-05 9.98945E-05 9.98945E-05 9.98945E-05 0.0662962 9.98945E-05
0.740078 9.98945E-05 9.98945E-05 9.98945E-05 9.98945E-05 0.0200228 9.98945E-05 9.98945E-05 9.98945E-05 0.23565 9.98945E-05 0.00305126 9.98945E-05 9.98945E-05 9.98945E-05 9.98945E-05
0.797199 9.98859E-05 9.98859E-05 9.98859E-05 9.98859E-05 9.98859E-05 9.98859E-05 9.98859E-05 9.98859E-05 9.98859E-05 9.98859E-05 9.98859E-05 0.100236 9.98859E-05 0.101267 9.98859E-05
0.235784 9.99123E-05 0.138658 9.99123E-05 9.99123E-05 9.99123E-05 9.99123E-05 0.0318546 9.99123E-05 0.552506 9.99123E-05 9.99123E-05 9.99123E-05 9.99123E-05 0.0113979 0.0287996
9.98682E-05 9.98682E-05 9.98682E-05 9.98682E-05 9.98682E-05 9.98682E-05 9.98682E-05 9.98682E-05 9.98682E-05 9.98682E-05 9.98682E-05 9.98682E-05 9.98682E-05 9.98682E-05 0.998502 9.98682E-05
9.9868E-05 9.9868E-05 0.998502 9.9868E-05 9.9868E-05 9.9868E-05 9.9868E-05 9.9868E-05 9.9868E-05 9.9868E-05 9.9868E-05 9.9868E-05 9.9868E-05 9.9868E-05 9.9868E-05 9.9868E-05
9.98681E-05 9.98681E-05 9.98681E-05 9.98681E-05 9.98681E-05 9.98681E-05 9.98681E-05 9.98681E-05 9.98681E-05 9.98681E-05 9.98681E-05 9.98681E-05 9.98681E-05 9.98681E-05 0.998502 9.98681E-05
9.9868E-05 9.9868E-05 0.998502 9.9868E-05 9.9868E-05 9.9868E-05 9.9868E-05 9.9868E-05 9.9868E-05 9.9868E-05 9.9868E-05 9.9868E-05 9.9868E-05 9.9868E-05 9.9868E-05 9.9868E-05
9.9868E-05 9.9868E-05 0.998502 9.9868E-05 9.9868E-05 9.9868E-05 9.9868E-05 9.9868E-05 9.9868E-05 9.9868E-05 9.9868E-05 9.9868E-05 9.9868E-05 9.9868E-05 9.9868E-05 9.9868E-05
9.98681E-05 9.98681E-05 0.998502 9.98681E-05 9.98681E-05 9.98681E-05 9.98681E-05 9.98681E-05 9.98681E-05 9.98681E-05 9.98681E-05 9.98681E-05 9.98681E-05 9.98681E-05 9.98681E-05 9.98681E-05
9.9868E-05 9.9868E-05 9.9868E-05 9.9868E-05 9.9868E-05 9.9868E-05 9.9868E-05 9.9868E-05 9.9868E-05 9.9868E-05 9.9868E-05 9.9868E-05 9.9868E-05 9.9868E-05 0.998502 9.9868E-05
9.98681E-05 9.98681E-05 0.998502 9.98681E-05 9.98681E-05 9.98681E-05 9.98681E-05 9.98681E-05 9.98681E-05 9.98681E-05 9.98681E-05 9.98681E-05 9.98681E-05 9.98681E-05 9.98681E-05 9.98681E-05
9.98681E-05 9.98681E-05 0.998502 9.98681E-05 9.98681E-05 9.98681E-05 9.98681E-05 9.98681E-05 9.98681E-05 9.98681E-05 9.98681E-05 9.98681E-05 9.98681E-05 9.98681E-05 9.98681E-05 9.98681E-05
9.9868E-05 9.9868E-05 9.9868E-05 9.9868E-05 9.9868E-05 9.9868E-05 9.9868E-05 9.9868E-05 9.9868E-05 9.9868E-05 9.9868E-05 9.9868E-05 9.9868E-05 9.9868E-05 0.998502 9.9868E-05
9.9868E-05 9.9868E-05 9.9868E-05 9.9868E-05 9.9868E-05 9.9868E-05 9.9868E-05 9.9868E-05 9.9868E-05 9.9868E-05 9.9868E-05 9.9868E-05 9.9868E-05 9.9868E-05 0.998502 9.9868E-05
9.9868E-05 9.9868E-05 9.9868E-05 9.9868E-05 9.9868E-05 9.9868E-05 9.9868E-05 9.9868E-05 9.9868E-05 9.9868E-05 9.9868E-05 9.9868E-05 9.9868E-05 9.9868E-05 0.998502 9.9868E-05
9.98681E-05 9.98681E-05 0.998502 9.98681E-05 9.98681E-05 9.98681E-05 9.98681E-05 9.98681E-05 9.98681E-05 9.98681E-05 9.98681E-05 9.98681E-05 9.98681E-05 9.98681E-05 9.98681E-05 9.98681E-05
9.98681E-05 9.98681E-05 0.998502 9.98681E-05 9.98681E-05 9.98681E-05 9.98681E-05 9.98681E-05 9.98681E-05 9.98681E-05 9.98681E-05 9.98681E-05 9.98681E-05 9.98681E-05 9.98681E-05 9.98681E-05
9.98682E-05 9.98682E-05 9.98682E-05 9.98682E-05 9.98682E-05 9.98682E-05 9.98682E-05 9.98682E-05 9.98682E-05 9.98682E-05 9.98682E-05 9.98682E-05 9.98682E-05 9.98682E-05 0.998502 9.98682E-05
9.98681E-05 9.98681E-05 9.98681E-05 9.98681E-05 9.98681E-05 9.98681E-05 9.98681E-05 9.98681E-05 9.98681E-05 9.98681E-05 9.98681E-05 9.98681E-05 9.98681E-05 9.98681E-05 0.998502 9.98681E-05
0.659521 0.132608 0.0133935 9.99121E-05 0.0522593 9.99121E-05 9.99121E-05 9.99121E-05 9.99121E-05 9.99121E-05 9.99121E-05 9.99121E-05 9.99121E-05 0.107307 0.0339117 9.99121E-05
9.9868E-05 9.9868E-05 9.9868E-05 9.9868E-05 9.9868E-05 9.9868E-05 9.9868E-05 9.9868E-05 9.9868E-05 9.9868E-05 9.9868E-05 9.9868E-05 9.9868E-05 9.9868E-05 0.998502 9.9868E-05
9.98682E-05 9.98682E-05 0.998502 9.98682E-05 9.98682E-05 9.98682E-05 9.98682E-05 9.98682E-05 9.98682E-05 9.98682E-05 9.98682E-05 9.98682E-05 9.98682E-05 9.98682E-05 9.98682E-05 9.98682E-05
9.98681E-05 9.98681E-05 9.98681E-05 9.98681E-05 9.98681E-05 9.98681E-05 9.98681E-05 9.98681E-05 9.98681E-05 9.98681E-05 9.98681E-05 9.98681E-05 9.98681E-05 9.98681E-05 0.998502 9.98681E-05
9.98681E-05 9.98681E-05 9.98681E-05 9.98681E-05 9.98681E-05 9.98681E-05 9.98681E-05 9.98681E-05 9.98681E-05 9.98681E-05 9.98681E-05 9.98681E-05 9.98681E-05 9.98681E-05 0.998502 9.98681E-05
9.98681E-05 9.98681E-05 9.98681E-05 9.98681E-05 9.98681E-05 9.98681E-05 9.98681E-05 9.98681E-05 9.98681E-05 9.98681E-05 9.98681E-05 9.98681E-05 9.98681E-05 9.98681E-05 0.998502 9.98681E-05
9.98682E-05 9.98682E-05 0.998502 9.98682E-05 9.98682E-05 9.98682E-05 9.98682E-05 9.98682E-05 9.98682E-05 9.98682E-05 9.98682E-05 9.98682E-05 9.98682E-05 9.98682E-05 9.98682E-05 9.98682E-05
9.9868E-05 9.9868E-05 9.9868E-05 9.9868E-05 9.9868E-05 9.9868E-05 9.9868E-05 9.9868E-05 9.9868E-05 9.9868E-05 9.9868E-05 9.9868E-05 9.9868E-05 9.9868E-05 0.998502 9.9868E-05
9.9868E-05 9.9868E-05 0.998502 9.9868E-05 9.9868E-05 9.9868E-05 9.9868E-05 9.9868E-05 9.9868E-05 9.9868E-05 9.9868E-05 9.9868E-05 9.9868E-05 9.9868E-05 9.9868E-05 9.9868E-05
9.98681E-05 9.98681E-05 9.98681E-05 9.98681E-05 9.98681E-05 9.98681E-05 9.98681E-05 9.98681E-05 9.98681E-05 9.98681E-05 9.98681E-05 9.98681E-05 9.98681E-05 9.98681E-05 0.998502 9.98681E-05
9.9868E-05 9.9868E-05 9.9868E-05 9.9868E-05 9.9868E-05 9.9868E-05 9.9868E-05 9.9868E-05 9.9868E-05 9.9868E-05 9.9868E-05 9.9868E-05 9.9868E-05 9.9868E-05 0.998502 9.9868E-05
9.98681E-05 9.98681E-05 0.998502 9.98681E-05 9.98681E-05 9.98681E-05 9.98681E-05 9.98681E-05 9.98681E-05 9.98681E-05 9.98681E-05 9.98681E-05 9.98681E-05 9.98681E-05 9.98681E-05 9.98681E-05
9.98681E-05 9.98681E-05 0.998502 9.98681E-05 9.98681E-05 9.98681E-05 9.98681E-05 9.98681E-05 9.98681E-05 9.98681E-05 9.98681E-05 9.98681E-05 9.98681E-05 9.98681E-05 9.98681E-05 9.98681E-05
9.98681E-05 9.98681E-05 0.998502 9.98681E-05 9.98681E-05 9.98681E-05 9.98681E-05 9.98681E-05 9.98681E-05 9.98681E-05 9.98681E-05 9.98681E-05 9.98681E-05 9.98681E-05 9.98681E-05 9.98681E-05
9.98681E-05 9.98681E-05 9.98681E-05 9.98681E-05 9.98681E-05 9.98681E-05 9.98681E-05 9.98681E-05 9.98681E-05 9.98681E-05 9.98681E-05 9.98681E-05 9.98681E-05 9.98681E-05 0.998502 9.98681E-05
9.98681E-05 9.98681E-05 9.98681E-05 9.98681E-05 9.98681E-05 9.98681E-05 9.98681E-05 9.98681E-05 9.98681E-05 9.98681E-05 9.98681E-05 9.98681E-05 9.98681E-05 9.98681E-05 0.998502 9.98681E-05
9.9868E-05 9.9868E-05 9.9868E-05 9.9868E-05 9.9868E-05 9.9868E-05 9.9868E-05 9.9868E-05 9.9868E-05 9.9868E-05 9.9868E-05 9.9868E-05 9.9868E-05 9.9868E-05 0.998502 9.9868E-05
9.9868E-05 9.9868E-05 9.9868E-05 9.9868E-05 9.9868E-05 9.9868E-05 9.9868E-05 9.9868E-05 9.9868E-05 9.9868E-05 9.9868E-05 9.9868E-05 9.9868E-05 9.9868E-05 0.998502 9.9868E-05
9.9868E-05 9.9868E-05 9.9868E-05 9.9868E-05 9.9868E-05 9.9868E-05 9.9868E-05 9.9868E-05 9.9868E-05 9.9868E-05 9.9868E-05 9.9868E-05 9.9868E-05 9.9868E-05 0.998502 9.9868E-05
9.98681E-05 9.98681E-05 0.998502 9.98681E-05 9.98681E-05 9.98681E-05 9.98681E-05 9.98681E-05 9.98681E-05 9.98681E-05 9.98681E-05 9.98681E-05 9.98681E-05 9.98681E-05 9.98681E-05 9.98681E-05
9.98681E-05 9.98681E-05 0.998502 9.98681E-05 9.98681E-05 9.98681E-05 9.98681E-05 9.98681E-05 9.98681E-05 9.98681E-05 9.98681E-05 9.98681E-05 9.98681E-05 9.98681E-05 9.98681E-05 9.98681E-05
9.98682E-05 9.98682E-05 0.998502 9.98682E-05 9.98682E-05 9.98682E-05 9.98682E-05 9.98682E-05 9.98682E-05 9.98682E-05 9.98682E-05 9.98682E-05 9.98682E-05 9.98682E-05 9.98682E-05 9.98682E-05
9.9868E-05 9.9868E-05 9.9868E-05 9.9868E-05 9.9868E-05 9.9868E-05 9.9868E-05 9.9868E-05 9.9868E-05 9.9868E-05 9.9868E-05 9.9868E-05 9.9868E-05 9.9868E-05 0.998502 9.9868E-05
9.98681E-05 9.98681E-05 0.998502 9.98681E-05 9.98681E-05 9.98681E-05 9.98681E-05 9.98681E-05 9.98681E-05 9.98681E-05 9.98681E-05 9.98681E-05 9.98681E-05 9.98681E-05 9.98681E-05 9.98681E-05
9.98681E-05 9.98681E-05 0.998502 9.98681E-05 9.98681E-05 9.98681E-05 9.98681E-05 9.98681E-05 9.98681E-05 9.98681E-05 9.98681E-05 9.98681E-05 9.98681E-05 9.98681E-05 9.98681E-05 9.98681E-05
9.98681E-05 9.98681E-05 0.998502 9.98681E-05 9.98681E-05 9.98681E-05 9.98681E-05 9.98681E-05 9.98681E-05 9.98681E-05 9.98681E-05 9.98681E-05 9.98681E-05 9.98681E-05 9.98681E-05 9.98681E-05
9.98681E-05 9.98681E-05 0.998502 9.98681E-05 9.98681E-05 9.98681E-05 9.98681E-05 9.98681E-05 9.98681E-05 9.98681E-05 9.98681E-05 9.98681E-05 9.98681E-05 9.98681E-05 9.98681E-05 9.98681E-05
9.98681E-05 9.98681E-05 9.98681E-05 9.98681E-05 9.98681E-05 9.98681E-05 9.98681E-05 9.98681E-05 9.98681E-05 9.98681E-05 9.98681E-05 9.98681E-05 9.98681E-05 9.98681E-05 0.998502 9.98681E-05
9.98683E-05 9.98683E-05 0.998502 9.98683E-05 9.98683E-05 9.98683E-05 9.98683E-05 9.98683E-05 9.98683E-05 9.98683E-05 9.98683E-05 9.98683E-05 9.98683E-05 9.98683E-05 9.98683E-05 9.98683E-05
9.9868E-05 9.9868E-05 0.998502 9.9868E-05 9.9868E-05 9.9868E-05 9.9868E-05 9.9868E-05 9.9868E-05 9.9868E-05 9.9868E-05 9.9868E-05 9.9868E-05 9.9868E-05 9.9868E-05 9.9868E-05
0.666642 0.12356 0.0415865 9.99121E-05 0.0618689 9.99121E-05 9.99121E-05 9.99121E-05 9.99121E-05 9.99121E-05 9.99121E-05 9.99121E-05 9.99121E-05 0.0325829 0.0727607 9.99121E-05
9.98681E-05 9.98681E-05 9.98681E-05 9.98681E-05 9.98681E-05 9.98681E-05 9.98681E-05 9.98681E-05 9.98681E-05 9.98681E-05 9.98681E-05 9.98681E-05 9.98681E-05 9.98681E-05 0.998502 9.98681E-05
9.98682E-05 9.98682E-05 0.998502 9.98682E-05 9.98682E-05 9.98682E-05 9.98682E-05 9.98682E-05 9.98682E-05 9.98682E-05 9.98682E-05 9.98682E-05 9.98682E-05 9.98682E-05 9.98682E-05 9.98682E-05
9.98681E-05 9.98681E-05 0.998502 9.98681E-05 9.98681E-05 9.98681E-05 9.98681E-05 9.98681E-05 9.98681E-05 9.98681E-05 9.98681E-05 9.98681E-05 9.98681E-05 9.98681E-05 9.98681E-05 9.98681E-05
9.9868E-05 9.9868E-05 0.998502 9.9868E-05 9.9868E-05 9.9868E-05 9.9868E-05 9.9868E-05 9.9868E-05 9.9868E-05 9.9868E-05 9.9868E-05 9.9868E-05 9.9868E-05 9.9868E-05 9.9868E-05
9.98681E-05 9.98681E-05 0.998502 9.98681E-05 9.98681E-05 9.98681E-05 9.98681E-05 9.98681E-05 9.98681E-05 9.98681E-05 9.98681E-05 9.98681E-05 9.98681E-05 9.98681E-05 9.98681E-05 9.98681E-05
9.9868E-05 9.9868E-05 9.9868E-05 9.9868E-05 9.9868E-05 9.9868E-05 9.9868E-05 9.9868E-05 9.9868E-05 9.9868E-05 9.9868E-05 9.9868E-05 9.9868E-05 9.9868E-05 0.998502 9.9868E-05
9.98682E-05 9.98682E-05 0.998502 9.98682E-05 9.98682E-05 9.98682E-05 9.98682E-05 9.98682E-05 9.98682E-05 9.98682E-05 9.98682E-05 9.98682E-05 9.98682E-05 9.98682E-05 9.98682E-05 9.98682E-05
9.98681E-05 9.98681E-05 9.98681E-05 9.98681E-05 9.98681E-05 9.98681E-05 9.98681E-05 9.98681E-05 9.98681E-05 9.98681E-05 9.98681E-05 9.98681E-05 9.98681E-05 9.98681E-05 0.998502 9.98681E-05
9.98681E-05 9.98681E-05 0.998502 9.98681E-05 9.98681E-05 9.98681E-05 9.98681E-05 9.98681E-05 9.98681E-05 9.98681E-05 9.98681E-05 9.98681E-05 9.98681E-05 9.98681E-05 9.98681E-05 9.98681E-05
9.98681E-05 9.98681E-05 9.98681E-05 9.98681E-05 9.98681E-05 9.98681E-05 9.98681E-05 9.98681E-05 9.98681E-05 9.98681E-05 9.98681E-05 9.98681E-05 9.98681E-05 9.98681E-05 0.998502 9.98681E-05
9.98681E-05 9.98681E-05 0.998502 9.98681E-05 9.98681E-05 9.98681E-05 9.98681E-05 9.98681E-05 9.98681E-05 9.98681E-05 9.98681E-05 9.98681E-05 9.98681E-05 9.98681E-05 9.98681E-05 9.98681E-05
9.98681E-05 9.98681E-05 0.998502 9.98681E-05 9.98681E-05 9.98681E-05 9.98681E-05 9.98681E-05 9.98681E-05 9.98681E-05 9.98681E-05 9.98681E-05 9.98681E-05 9.98681E-05 9.98681E-05 9.98681E-05
9.98682E-05 9.98682E-05 0.998502 9.98682E-05 9.98682E-05 9.98682E-05 9.98682E-05 9.98682E-05 9.98682E-05 9.98682E-05 9.98682E-05 9.98682E-05 9.98682E-05 9.98682E-05 9.98682E-05 9.98682E-05
9.98681E-05 9.98681E-05 0.998502 9.98681E-05 9.98681E-05 9.98681E-05 9.98681E-05 9.98681E-05 9.98681E-05 9.98681E-05 9.98681E-05 9.98681E-05 9.98681E-05 9.98681E-05 9.98681E-05 9.98681E-05
9.98682E-05 9.98682E-05 0.998502 9.98682E-05 9.98682E-05 9.98682E-05 9.98682E-05 9.98682E-05 9.98682E-05 9.98682E-05 9.98682E-05 9.98682E-05 9.98682E-05 9.98682E-05 9.98682E-05 9.98682E-05
9.98681E-05 9.98681E-05 0.998502 9.98681E-05 9.98681E-05 9.98681E-05 9.98681E-05 9.98681E-05 9.98681E-05 9.98681E-05 9.98681E-05 9.98681E-05 9.98681E-05 9.98681E-05 9.98681E-05 9.98681E-05
9.98681E-05 9.98681E-05 9.98681E-05 9.98681E-05 9.98681E-05 9.98681E-05 9.98681E-05 9.98681E-05 9.98681E-05 9.98681E-05 9.98681E-05 9.98681E-05 9.98681E-05 9.98681E-05 0.998502 9.98681E-05
9.98681E-05 9.98681E-05 9.98681E-05 9.98681E-05 9.98681E-05 9.98681E-05 9.98681E-05 9.98681E-05 9.98681E-05 9.98681E-05 9.98681E-05 9.98681E-05 9.98681E-05 9.98681E-05 0.998502 9.98681E-05
9.98681E-05 9.98681E-05 9.98681E-05 9.98681E-05 9.98681E-05 9.98681E-05 9.98681E-05 9.98681E-05 9.98681E-05 9.98681E-05 9.98681E-05 9.98681E-05 9.98681E-05 9.98681E-05 0.998502 9.98681E-05
9.98681E-05 9.98681E-05 0.998502 9.98681E-05 9.98681E-05 9.98681E-05 9.98681E-05 9.98681E-05 9.98681E-05 9.98681E-05 9.98681E-05 9.98681E-05 9.98681E-05 9.98681E-05 9.98681E-05 9.98681E-05
9.98681E-05 9.98681E-05 9.98681E-05 9.98681E-05 9.98681E-05 9.98681E-05 9.98681E-05 9.98681E-05 9.98681E-05 9.98681E-05 9.98681E-05 9.98681E-05 9.98681E-05 9.98681E-05 0.998502 9.98681E-05
9.98682E-05 9.98682E-05 9.98682E-05 9.98682E-05 9.98682E-05 9.98682E-05 9.98682E-05 9.98682E-05 9.98682E-05 9.98682E-05 9.98682E-05 9.98682E-05 9.98682E-05 9.98682E-05 0.998502 9.98682E-05
9.98681E-05 9.98681E-05 9.98681E-05 9.98681E-05 9.98681E-05 9.98681E-05 9.98681E-05 9.98681E-05 9.98681E-05 9.98681E-05 9.98681E-05 9.98681E-05 9.98681E-05 9.98681E-05 0.998502 9.98681E-05
9.9868E-05 9.9868E-05 0.998502 9.9868E-05 9.9868E-05 9.9868E-05 9.9868E-05 9.9868E-05 9.9868E-05 9.9868E-05 9.9868E-05 9.9868E-05 9.9868E-05 9.9868E-05 9.9868E-05 9.9868E-05
9.98681E-05 9.98681E-05 0.998502 9.98681E-05 9.98681E-05 9.98681E-05 9.98681E-05 9.98681E-05 9.98681E-05 9.98681E-05 9.98681E-05 9.98681E-05 9.98681E-05 9.98681E-05 9.98681E-05 9.98681E-05
9.98682E-05 9.98682E-05 0.998502 9.98682E-05 9.98682E-05 9.98682E-05 9.98682E-05 9.98682E-05 9.98682E-05 9.98682E-05 9.98682E-05 9.98682E-05 9.98682E-05 9.98682E-05 9.98682E-05 9.98682E-05
9.9868E-05 9.9868E-05 9.9868E-05 9.9868E-05 9.9868E-05 9.9868E-05 9.9868E-05 9.9868E-05 9.9868E-05 9.9868E-05 9.9868E-05 9.9868E-05 9.9868E-05 9.9868E-05 0.998502 9.9868E-05
