0.0678695 9.99561E-05 9.99561E-05 0.0189153 0.00657299 0.0903915 9.99561E-05 0.336079 9.99561E-05 9.99561E-05 0.407007 0.0726643
9.99298E-05 9.99298E-05 9.99298E-05 9.99298E-05 9.99298E-05 0.154375 9.99298E-05 0.0337484 9.99298E-05 9.99298E-05 0.778761 0.0323157
9.9921E-05 0.0165728 9.9921E-05 9.9921E-05 9.9921E-05 9.9921E-05 9.9921E-05 9.9921E-05 9.9921E-05 9.9921E-05 0.925081 0.0574472
0.100568 9.99561E-05 0.104067 9.99561E-05 0.0373562 9.99561E-05 0.318276 0.133077 9.99561E-05 9.99561E-05 0.295234 0.0109216
9.99123E-05 9.99123E-05 9.99123E-05 9.99123E-05 9.99123E-05 9.99123E-05 0.129297 9.99123E-05 9.99123E-05 9.99123E-05 0.869704 9.99123E-05
0.00638143 9.99649E-05 0.0910689 0.00477075 9.99649E-05 0.110624 0.145475 0.17634 0.186102 9.99649E-05 0.278838 9.99649E-05
0.11931 0.0759171 9.99561E-05 9.99561E-05 9.99561E-05 0.147286 0.137638 0.181844 9.99561E-05 9.99561E-05 0.325227 0.0122794
0.0189142 0.0817413 0.129162 0.0248485 9.99649E-05 9.99649E-05 0.256393 0.260336 0.0436772 9.99649E-05 0.184529 9.99649E-05
9.99386E-05 9.99386E-05 0.232835 9.99386E-05 0.110245 9.99386E-05 0.109868 9.99386E-05 9.99386E-05 9.99386E-05 0.304337 0.242015
9.99122E-05 9.99122E-05 9.99122E-05 9.99122E-05 9.99122E-05 9.99122E-05 9.99122E-05 9.99122E-05 9.99122E-05 9.99122E-05 0.933086 0.0659151
0.117255 9.99386E-05 0.0613482 9.99386E-05 9.99386E-05 9.99386E-05 9.99386E-05 0.0752592 9.99386E-05 9.99386E-05 0.580383 0.165055
0.0196582 0.0303101 9.9921E-05 9.9921E-05 9.9921E-05 9.9921E-05 9.9921E-05 9.9921E-05 9.9921E-05 9.9921E-05 0.949132 9.9921E-05
9.99298E-05 9.99298E-05 0.06911 9.99298E-05 9.99298E-05 9.99298E-05 9.99298E-05 0.0452008 9.99298E-05 9.99298E-05 0.805212 0.0796778
0.0405587 0.0290554 9.995E-05 9.995E-05 9.995E-05 9.995E-05 9.995E-05 0.0236213 0.152496 0.035723 0.642804 0.0752411
9.99474E-05 9.99474E-05 0.119701 9.99474E-05 9.99474E-05 9.99474E-05 9.99474E-05 0.252085 0.13775 0.00397402 0.28433 0.20156
9.99561E-05 0.0934298 0.171823 0.02447 9.99561E-05 9.99561E-05 0.297517 0.120339 9.99561E-05 9.99561E-05 0.18669 0.10523
0.0742998 0.0636316 9.99561E-05 9.99561E-05 9.99561E-05 0.0232247 0.055074 9.99561E-05 9.99561E-05 0.152528 0.520683 0.110059
9.99473E-05 9.99473E-05 0.0849813 0.148921 0.103128 9.99473E-05 9.99473E-05 0.351846 9.99473E-05 9.99473E-05 0.185517 0.125007
9.99561E-05 9.99561E-05 0.128729 0.0598083 0.0288701 9.99561E-05 0.0912758 0.103332 9.99561E-05 9.99561E-05 0.440799 0.146686
9.99298E-05 9.99298E-05 0.0438649 9.99298E-05 0.0413174 9.99298E-05 9.99298E-05 9.99298E-05 9.99298E-05 9.99298E-05 0.868463 0.045555
0.0599381 9.99386E-05 0.0922023 9.99386E-05 9.99386E-05 9.99386E-05 0.287416 9.99386E-05 9.99386E-05 9.99386E-05 0.511532 0.0482118
9.99385E-05 9.99385E-05 0.173246 9.99385E-05 9.99385E-05 9.99385E-05 0.306718 0.206011 0.0136806 9.99385E-05 0.299644 9.99385E-05
0.0464428 9.99386E-05 9.99386E-05 9.99386E-05 9.99386E-05 0.0218174 9.99386E-05 9.99386E-05 0.0811008 9.99386E-05 0.720825 0.129115
9.99297E-05 0.0811759 9.99297E-05 9.99297E-05 9.99297E-05 9.99297E-05 9.99297E-05 0.301531 9.99297E-05 9.99297E-05 0.379212 0.237282
0.00560187 9.99561E-05 0.0625684 9.99561E-05 0.156539 9.99561E-05 0.0390839 9.99561E-05 0.151565 9.99561E-05 0.307645 0.276497
9.99473E-05 9.99473E-05 0.0599535 0.0101524 9.99473E-05 9.99473E-05 0.0831658 9.99473E-05 0.0278385 9.99473E-05 0.756327 0.0619629
9.99385E-05 0.0653088 9.99385E-05 0.131061 9.99385E-05 9.99385E-05 9.99385E-05 0.317479 0.438451 9.99385E-05 9.99385E-05 0.0469995
0.028037 0.0312228 9.99386E-05 9.99386E-05 9.99386E-05 9.99386E-05 9.99386E-05 9.99386E-05 0.108436 9.99386E-05 0.787814 0.0437906
0.0325398 9.99386E-05 9.99386E-05 9.99386E-05 0.0587893 9.99386E-05 9.99386E-05 0.0726981 9.99386E-05 9.99386E-05 0.612524 0.222749
0.00282083 9.99649E-05 0.0465988 0.00440893 0.00975052 9.99649E-05 9.99649E-05 9.99649E-05 0.0227138 0.00805529 0.831536 0.0737156
0.0903842 9.99385E-05 9.99385E-05 0.0631731 0.0286073 9.99385E-05 9.99385E-05 0.224215 9.99385E-05 9.99385E-05 0.592921 9.99385E-05
0.0442059 9.99474E-05 9.99474E-05 9.99474E-05 9.99474E-05 9.99474E-05 0.0425819 0.0445512 0.210297 9.99474E-05 0.562778 0.0949863
0.106087 0.0351181 9.99473E-05 9.99473E-05 9.99473E-05 9.99473E-05 9.99473E-05 0.155669 0.039743 9.99473E-05 0.517288 0.145495
0.0128007 0.0578072 9.99561E-05 0.025113 9.99561E-05 9.99561E-05 0.0513263 9.99561E-05 0.152551 9.99561E-05 0.593329 0.106573
0.0160086 9.99474E-05 0.0200082 9.99474E-05 0.0746323 0.0189111 9.99474E-05 9.99474E-05 9.99474E-05 9.99474E-05 0.841028 0.0288118
9.99386E-05 9.99386E-05 0.000566807 9.99386E-05 9.99386E-05 9.99386E-05 0.114552 0.0283879 9.99386E-05 9.99386E-05 0.699163 0.15663
0.0127056 0.0808512 9.99299E-05 9.99299E-05 9.99299E-05 0.0507698 9.99299E-05 9.99299E-05 9.99299E-05 9.99299E-05 0.854874 9.99299E-05
9.99386E-05 9.99386E-05 0.12391 9.99386E-05 0.0491984 0.0776027 9.99386E-05 9.99386E-05 9.99386E-05 9.99386E-05 0.663913 0.0846761
0.0425156 0.0525922 0.00678955 9.99649E-05 9.99649E-05 0.0941168 0.0305926 9.99649E-05 9.99649E-05 0.0456823 0.578232 0.149079
9.99298E-05 0.0625263 9.99298E-05 9.99298E-05 9.99298E-05 9.99298E-05 9.99298E-05 9.99298E-05 0.265024 9.99298E-05 0.534062 0.137589
0.0467464 9.99298E-05 9.99298E-05 9.99298E-05 9.99298E-05 9.99298E-05 0.0132679 9.99298E-05 9.99298E-05 9.99298E-05 0.878065 0.0611214
9.99474E-05 9.99474E-05 9.99474E-05 0.0288924 9.99474E-05 0.020805 9.99474E-05 0.183937 0.0333558 9.99474E-05 0.68797 0.0444398
9.99298E-05 9.99298E-05 9.99298E-05 0.00640738 9.99298E-05 0.116023 9.99298E-05 9.99298E-05 9.99298E-05 0.00137505 0.875395 9.99298E-05
0.0525177 9.99473E-05 0.0980893 9.99473E-05 9.99473E-05 0.00568955 9.99473E-05 0.166281 9.99473E-05 9.99473E-05 0.398539 0.278284
9.99298E-05 9.99298E-05 9.99298E-05 9.99298E-05 9.99298E-05 9.99298E-05 0.29727 0.120808 9.99298E-05 9.99298E-05 0.346637 0.234487
9.99297E-05 9.99297E-05 9.99297E-05 9.99297E-05 0.048845 9.99297E-05 0.0155401 9.99297E-05 9.99297E-05 9.99297E-05 0.895795 0.0390201
0.0166926 9.99386E-05 0.026027 0.0151866 9.99386E-05 9.99386E-05 9.99386E-05 9.99386E-05 9.99386E-05 9.99386E-05 0.860678 0.0807161
9.99123E-05 9.99123E-05 9.99123E-05 9.99123E-05 9.99123E-05 9.99123E-05 9.99123E-05 9.99123E-05 9.99123E-05 9.99123E-05 0.904227 0.0947741
0.0114964 9.99385E-05 9.99385E-05 9.99385E-05 9.99385E-05 9.99385E-05 0.0874855 0.0866671 9.99385E-05 9.99385E-05 0.68051 0.133142
9.99387E-05 0.140316 0.013301 9.99387E-05 0.0420288 0.0435186 9.99387E-05 9.99387E-05 9.99387E-05 9.99387E-05 0.760136 9.99387E-05
0.118543 9.99561E-05 0.0417678 9.99561E-05 9.99561E-05 9.99561E-05 0.0689777 0.0602039 0.199044 9.99561E-05 0.295829 0.215135
9.99386E-05 0.0136878 0.00253061 9.99386E-05 0.049707 9.99386E-05 0.209978 9.99386E-05 9.99386E-05 9.99386E-05 0.723397 9.99386E-05
9.99386E-05 9.99386E-05 0.00747861 0.032805 9.99386E-05 0.00331517 9.99386E-05 9.99386E-05 9.99386E-05 9.99386E-05 0.953803 0.00189869
9.99474E-05 0.235757 0.0106388 9.99474E-05 0.00524529 9.99474E-05 9.99474E-05 9.99474E-05 0.0427715 9.99474E-05 0.652384 0.0526032
9.99211E-05 9.99211E-05 9.99211E-05 9.99211E-05 9.99211E-05 9.99211E-05 0.0500565 9.99211E-05 9.99211E-05 9.99211E-05 0.830034 0.119011
9.9921E-05 9.9921E-05 9.9921E-05 9.9921E-05 0.0642081 9.9921E-05 9.9921E-05 9.9921E-05 0.201074 9.9921E-05 0.733818 9.9921E-05
9.99386E-05 9.99386E-05 9.99386E-05 0.102295 9.99386E-05 0.0964997 0.0488443 9.99386E-05 9.99386E-05 9.99386E-05 0.743956 0.00770563
0.0692155 9.9921E-05 9.9921E-05 9.9921E-05 9.9921E-05 9.9921E-05 9.9921E-05 9.9921E-05 9.9921E-05 9.9921E-05 0.872031 0.057854
0.0280869 9.99298E-05 9.99298E-05 9.99298E-05 9.99298E-05 0.0231469 9.99298E-05 9.99298E-05 9.99298E-05 9.99298E-05 0.841224 0.106743
9.99473E-05 9.99473E-05 0.0139743 0.0539101 9.99473E-05 0.0854698 9.99473E-05 0.601075 0.0778094 9.99473E-05 9.99473E-05 0.167162
9.99036E-05 9.99036E-05 9.99036E-05 9.99036E-05 9.99036E-05 9.99036E-05 9.99036E-05 0.998901 9.99036E-05 9.99036E-05 9.99036E-05 9.99036E-05
9.9921E-05 9.9921E-05 9.9921E-05 0.0393891 9.9921E-05 9.9921E-05 9.9921E-05 0.799454 9.9921E-05 0.160258 9.9921E-05 9.9921E-05
9.99474E-05 9.99474E-05 0.159176 0.0420004 9.99474E-05 0.346388 9.99474E-05 0.147331 0.248313 9.99474E-05 9.99474E-05 0.0561922
9.9956E-05 0.0153246 0.0112114 0.0590399 0.0498899 9.9956E-05 0.0742583 0.707222 9.9956E-05 9.9956E-05 9.9956E-05 0.0825542
9.99385E-05 9.99385E-05 0.0165953 0.0680596 0.00546333 9.99385E-05 9.99385E-05 0.692982 9.99385E-05 9.99385E-05 9.99385E-05 0.2162
0.0409591 9.99297E-05 9.99297E-05 9.99297E-05 9.99297E-05 0.37409 9.99297E-05 0.397454 9.99297E-05 9.99297E-05 9.99297E-05 0.186698
9.99473E-05 9.99473E-05 0.0519397 0.173459 9.99473E-05 0.157739 9.99473E-05 0.423692 0.0925621 9.99473E-05 9.99473E-05 0.100009
9.99473E-05 9.99473E-05 0.0105142 0.0449381 9.99473E-05 0.0493298 9.99473E-05 0.784735 9.99473E-05 0.0746115 9.99473E-05 0.0352717
0.0317849 9.99386E-05 0.074851 0.0131907 9.99386E-05 9.99386E-05 9.99386E-05 0.856932 9.99386E-05 9.99386E-05 9.99386E-05 0.0225419
0.156892 9.99384E-05 0.0606909 0.00566785 9.99384E-05 9.99384E-05 9.99384E-05 0.430903 9.99384E-05 9.99384E-05 9.99384E-05 0.345148
0.0750431 0.112382 9.9956E-05 0.0156583 9.9956E-05 0.084868 0.0331955 0.583182 9.9956E-05 9.9956E-05 9.9956E-05 0.0951715
0.109021 0.0220233 0.130698 0.0169449 9.99649E-05 0.0747016 0.0681021 0.453033 0.125076 9.99649E-05 9.99649E-05 9.99649E-05
9.99209E-05 9.99209E-05 9.99209E-05 9.99209E-05 9.99209E-05 0.0918648 9.99209E-05 0.662456 9.99209E-05 9.99209E-05 9.99209E-05 0.24478
9.99201E-05 0.00252482 9.99201E-05 9.99201E-05 9.99201E-05 0.0319274 9.99201E-05 0.826443 0.138305 9.99201E-05 9.99201E-05 9.99201E-05
0.0613666 9.99386E-05 9.99386E-05 9.99386E-05 9.99386E-05 0.0216672 9.99386E-05 0.739225 9.99386E-05 0.0676545 9.99386E-05 0.109388
9.99473E-05 0.0691549 9.99473E-05 0.0253358 9.99473E-05 0.064156 0.0358574 0.619411 0.185486 9.99473E-05 9.99473E-05 9.99473E-05
0.11743 9.99385E-05 0.0524225 0.0107791 9.99385E-05 9.99385E-05 0.0311336 0.787535 9.99385E-05 9.99385E-05 9.99385E-05 9.99385E-05
0.00918506 9.99386E-05 0.00373363 0.110409 9.99386E-05 9.99386E-05 9.99386E-05 0.754643 9.99386E-05 9.99386E-05 9.99386E-05 0.121329
9.9956E-05 0.0633971 9.9956E-05 0.0462135 0.0406456 0.0403801 9.9956E-05 0.543073 0.0505529 9.9956E-05 9.9956E-05 0.215238
9.99474E-05 0.013371 9.99474E-05 0.00210033 9.99474E-05 0.0522504 9.99474E-05 0.763172 9.99474E-05 0.152299 9.99474E-05 0.0162079
9.99296E-05 9.99296E-05 9.99296E-05 0.0240902 9.99296E-05 0.100321 9.99296E-05 0.811793 9.99296E-05 9.99296E-05 9.99296E-05 0.0629961
9.99386E-05 9.99386E-05 9.99386E-05 9.99386E-05 9.99386E-05 0.0699251 9.99386E-05 0.599524 0.239029 9.99386E-05 0.0339744 0.0568475
9.99473E-05 9.99473E-05 0.0310493 0.119922 9.99473E-05 9.99473E-05 0.106754 0.60531 0.0851194 9.99473E-05 9.99473E-05 0.0512452
0.15082 9.99297E-05 0.019222 9.99297E-05 9.99297E-05 9.99297E-05 9.99297E-05 0.709877 9.99297E-05 9.99297E-05 9.99297E-05 0.119281
9.99474E-05 9.99474E-05 0.0172637 9.99474E-05 9.99474E-05 0.111662 9.99474E-05 0.655441 9.99474E-05 0.0791973 0.0503193 0.0855175
9.99211E-05 9.99211E-05 9.99211E-05 0.0818555 9.99211E-05 9.99211E-05 9.99211E-05 0.811188 9.99211E-05 0.106057 9.99211E-05 9.99211E-05
9.99299E-05 9.99299E-05 9.99299E-05 9.99299E-05 9.99299E-05 0.005786 9.99299E-05 0.843402 9.99299E-05 0.0887566 9.99299E-05 0.0612565
9.99211E-05 9.99211E-05 9.99211E-05 0.118725 9.99211E-05 9.99211E-05 9.99211E-05 0.806216 9.99211E-05 9.99211E-05 9.99211E-05 0.0741595
9.99474E-05 9.99474E-05 0.0835201 9.99474E-05 9.99474E-05 0.0566399 9.99474E-05 0.416708 9.99474E-05 0.154934 0.0843713 0.203227
9.9921E-05 9.9921E-05 0.0950046 9.9921E-05 9.9921E-05 9.9921E-05 9.9921E-05 9.9921E-05 0.805287 9.9921E-05 9.9921E-05 0.0988095
9.99298E-05 9.99298E-05 0.0910277 9.99298E-05 9.99298E-05 9.99298E-05 9.99298E-05 9.99298E-05 0.555483 0.328944 9.99298E-05 0.0237454
9.99121E-05 9.99121E-05 9.99121E-05 9.99121E-05 9.99121E-05 9.99121E-05 9.99121E-05 9.99121E-05 0.906645 9.99121E-05 9.99121E-05 0.0923562
9.99385E-05 9.99385E-05 0.0422993 0.167865 0.00935228 9.99385E-05 9.99385E-05 9.99385E-05 0.670295 9.99385E-05 9.99385E-05 0.109489
9.99209E-05 9.99209E-05 0.110375 9.99209E-05 9.99209E-05 9.99209E-05 9.99209E-05 9.99209E-05 0.883505 9.99209E-05 9.99209E-05 0.00522053
9.9921E-05 9.9921E-05 0.120418 9.9921E-05 9.9921E-05 9.9921E-05 9.9921E-05 9.9921E-05 0.681548 9.9921E-05 9.9921E-05 0.197135
0.00737991 9.99298E-05 0.115714 9.99298E-05 9.99298E-05 9.99298E-05 9.99298E-05 9.99298E-05 0.772603 9.99298E-05 9.99298E-05 0.103504
9.9921E-05 9.9921E-05 0.15816 9.9921E-05 9.9921E-05 9.9921E-05 9.9921E-05 9.9921E-05 0.800693 9.9921E-05 9.9921E-05 0.0402482
9.99209E-05 9.99209E-05 0.317469 9.99209E-05 9.99209E-05 0.207357 9.99209E-05 9.99209E-05 0.474275 9.99209E-05 9.99209E-05 9.99209E-05
9.9921E-05 9.9921E-05 0.222515 9.9921E-05 9.9921E-05 9.9921E-05 9.9921E-05 9.9921E-05 0.538326 9.9921E-05 9.9921E-05 0.238259
0.0170847 9.99474E-05 0.02018 9.99474E-05 9.99474E-05 0.239147 9.99474E-05 9.99474E-05 0.505277 0.156392 9.99474E-05 0.0613196
0.0169418 9.99474E-05 0.00723164 9.99474E-05 9.99474E-05 0.217456 9.99474E-05 9.99474E-05 0.727803 0.0254503 0.00451706 9.99474E-05
9.99123E-05 9.99123E-05 0.0605498 9.99123E-05 9.99123E-05 9.99123E-05 9.99123E-05 9.99123E-05 0.938451 9.99123E-05 9.99123E-05 9.99123E-05
9.99211E-05 9.99211E-05 0.102844 9.99211E-05 9.99211E-05 9.99211E-05 9.99211E-05 9.99211E-05 0.725593 9.99211E-05 9.99211E-05 0.170663
0.0148547 9.99298E-05 0.0642133 0.232556 9.99298E-05 9.99298E-05 9.99298E-05 9.99298E-05 0.687576 9.99298E-05 9.99298E-05 9.99298E-05
0.0724367 9.99298E-05 9.99298E-05 9.99298E-05 9.99298E-05 0.174389 9.99298E-05 9.99298E-05 0.538636 9.99298E-05 9.99298E-05 0.213738
9.99385E-05 9.99385E-05 0.0634603 9.99385E-05 0.0743698 0.209401 9.99385E-05 9.99385E-05 0.586046 9.99385E-05 9.99385E-05 0.0660234
9.99299E-05 0.0243949 0.123155 9.99299E-05 9.99299E-05 9.99299E-05 0.0737797 9.99299E-05 0.777871 9.99299E-05 9.99299E-05 9.99299E-05
9.9921E-05 9.9921E-05 0.0491987 9.9921E-05 9.9921E-05 0.0335624 9.9921E-05 9.9921E-05 0.91634 9.9921E-05 9.9921E-05 9.9921E-05
9.99386E-05 9.99386E-05 0.110175 9.99386E-05 0.105451 9.99386E-05 9.99386E-05 9.99386E-05 0.534354 0.149639 9.99386E-05 0.0996812
9.99386E-05 9.99386E-05 0.0251407 9.99386E-05 9.99386E-05 0.118349 0.0306343 9.99386E-05 0.766032 9.99386E-05 9.99386E-05 0.0591453
9.99122E-05 9.99122E-05 0.0308292 9.99122E-05 9.99122E-05 9.99122E-05 9.99122E-05 9.99122E-05 0.968172 9.99122E-05 9.99122E-05 9.99122E-05
0.0165494 9.99473E-05 0.210426 9.99473E-05 0.0707038 0.0225625 9.99473E-05 9.99473E-05 0.418753 9.99473E-05 9.99473E-05 0.260405
9.99298E-05 9.99298E-05 0.190802 9.99298E-05 9.99298E-05 9.99298E-05 9.99298E-05 9.99298E-05 0.735097 0.0684835 9.99298E-05 0.00481807
9.99473E-05 9.99473E-05 0.250398 9.99473E-05 0.039687 0.0479462 0.00951441 9.99473E-05 0.469435 9.99473E-05 9.99473E-05 0.18242
9.99649E-05 0.00027958 0.17932 0.00943517 9.99649E-05 0.110019 9.99649E-05 0.0265285 0.363148 0.193432 9.99649E-05 0.117438
9.99385E-05 9.99385E-05 9.99385E-05 9.99385E-05 0.0227123 9.99385E-05 0.137515 9.99385E-05 0.205268 0.519004 9.99385E-05 0.114801
9.99208E-05 9.99208E-05 0.0622045 9.99208E-05 9.99208E-05 9.99208E-05 9.99208E-05 9.99208E-05 0.866014 9.99208E-05 9.99208E-05 0.0708819
9.99298E-05 9.99298E-05 0.231818 9.99298E-05 9.99298E-05 0.0750032 9.99298E-05 9.99298E-05 0.572597 9.99298E-05 9.99298E-05 0.119782
0.0203368 9.99386E-05 9.99386E-05 9.99386E-05 0.020694 9.99386E-05 9.99386E-05 9.99386E-05 0.835339 0.00528989 9.99386E-05 0.11764
0.0472617 9.99386E-05 0.0535595 9.99386E-05 9.99386E-05 0.053584 9.99386E-05 9.99386E-05 0.689113 9.99386E-05 9.99386E-05 0.155782
9.99298E-05 0.0596897 9.99298E-05 9.99298E-05 0.0314668 9.99298E-05 9.99298E-05 9.99298E-05 0.883385 9.99298E-05 9.99298E-05 0.0246588
9.99297E-05 9.99297E-05 0.259414 9.99297E-05 0.166407 9.99297E-05 9.99297E-05 9.99297E-05 0.434579 9.99297E-05 9.99297E-05 0.1388
9.99209E-05 9.99209E-05 0.0288086 9.99209E-05 9.99209E-05 9.99209E-05 9.99209E-05 9.99209E-05 0.895879 9.99209E-05 9.99209E-05 0.0744135
9.99122E-05 9.99122E-05 9.99122E-05 9.99122E-05 9.99122E-05 9.99122E-05 9.99122E-05 9.99122E-05 0.970256 9.99122E-05 9.99122E-05 0.0287452
0.0627051 0.0421008 0.00750616 9.99561E-05 0.00414767 0.139303 9.99561E-05 9.99561E-05 0.701604 0.0421338 9.99561E-05 9.99561E-05
9.99209E-05 9.99209E-05 0.0757487 9.99209E-05 9.99209E-05 9.99209E-05 9.99209E-05 9.99209E-05 0.662425 9.99209E-05 9.99209E-05 0.260927
9.99297E-05 0.0222037 0.114341 9.99297E-05 9.99297E-05 9.99297E-05 9.99297E-05 9.99297E-05 0.44919 0.413465 9.99297E-05 9.99297E-05
9.9921E-05 9.9921E-05 9.9921E-05 9.9921E-05 9.9921E-05 9.9921E-05 9.9921E-05 9.9921E-05 0.780145 0.132419 9.9921E-05 0.0865369
9.99211E-05 9.99211E-05 0.00108984 9.99211E-05 9.99211E-05 9.99211E-05 9.99211E-05 9.99211E-05 0.833288 0.164723 9.99211E-05 9.99211E-05
9.99298E-05 9.99298E-05 9.99298E-05 9.99298E-05 0.00224354 0.0119183 9.99298E-05 9.99298E-05 0.734071 0.250967 9.99298E-05 9.99298E-05
0.0210191 9.99473E-05 0.0961315 9.99473E-05 9.99473E-05 0.08889 0.119744 9.99473E-05 0.44722 9.99473E-05 9.99473E-05 0.226397
9.99298E-05 0.000839319 0.132585 9.99298E-05 9.99298E-05 9.99298E-05 0.0202131 9.99298E-05 0.845563 9.99298E-05 9.99298E-05 9.99298E-05
9.99385E-05 9.99385E-05 0.172975 9.99385E-05 0.0548153 9.99385E-05 9.99385E-05 9.99385E-05 0.30625 0.420212 9.99385E-05 0.0450481
0.0420003 9.99561E-05 0.00489922 9.99561E-05 9.99561E-05 0.00256544 9.99561E-05 9.99561E-05 0.544156 0.329776 0.0026542 0.0734489
9.99297E-05 9.99297E-05 0.2111 9.99297E-05 0.0919974 0.216869 9.99297E-05 9.99297E-05 0.479234 9.99297E-05 9.99297E-05 9.99297E-05
9.99474E-05 9.99474E-05 0.128627 0.0808958 9.99474E-05 9.99474E-05 9.99474E-05 0.0641211 0.527976 0.0420937 9.99474E-05 0.155686
9.99562E-05 0.0991992 0.133021 0.0219546 9.99562E-05 0.112783 9.99562E-05 9.99562E-05 0.521719 0.0165598 9.99562E-05 0.0942635
9.99298E-05 9.99298E-05 0.267867 9.99298E-05 9.99298E-05 9.99298E-05 9.99298E-05 0.0449202 0.477353 9.99298E-05 9.99298E-05 0.20906
9.99297E-05 9.99297E-05 9.99297E-05 9.99297E-05 9.99297E-05 0.00490977 9.99297E-05 9.99297E-05 0.599269 0.339559 9.99297E-05 0.0554634
0.0128533 0.0300035 9.99473E-05 9.99473E-05 0.00313752 9.99473E-05 0.119724 9.99473E-05 0.735944 9.99473E-05 9.99473E-05 0.0977387
9.99298E-05 9.99298E-05 0.144186 9.99298E-05 9.99298E-05 9.99298E-05 9.99298E-05 9.99298E-05 0.386469 0.444418 9.99298E-05 0.024127
0.0253947 9.99386E-05 0.0864291 9.99386E-05 9.99386E-05 9.99386E-05 9.99386E-05 9.99386E-05 0.629469 0.152269 9.99386E-05 0.105739
9.9921E-05 0.0045048 0.086232 9.9921E-05 9.9921E-05 9.9921E-05 9.9921E-05 9.9921E-05 0.908364 9.9921E-05 9.9921E-05 9.9921E-05
0.0944189 9.99209E-05 0.0249752 9.99209E-05 9.99209E-05 9.99209E-05 9.99209E-05 9.99209E-05 0.879707 9.99209E-05 9.99209E-05 9.99209E-05
9.99297E-05 9.99297E-05 0.190481 9.99297E-05 9.99297E-05 0.1889 9.99297E-05 9.99297E-05 0.485225 9.99297E-05 9.99297E-05 0.134595
9.99209E-05 9.99209E-05 0.200433 9.99209E-05 9.99209E-05 9.99209E-05 9.99209E-05 9.99209E-05 0.667452 9.99209E-05 9.99209E-05 0.131217
9.99209E-05 0.0107812 9.99209E-05 9.99209E-05 0.0251453 9.99209E-05 9.99209E-05 9.99209E-05 0.963174 9.99209E-05 9.99209E-05 9.99209E-05
0.00085633 9.99299E-05 9.99299E-05 9.99299E-05 0.0943209 9.99299E-05 9.99299E-05 9.99299E-05 0.836514 9.99299E-05 9.99299E-05 0.0675092
9.99298E-05 9.99298E-05 0.114868 9.99298E-05 9.99298E-05 0.0952787 9.99298E-05 9.99298E-05 0.753854 0.0352002 9.99298E-05 9.99298E-05
9.99033E-05 9.99033E-05 9.99033E-05 9.99033E-05 9.99033E-05 9.99033E-05 9.99033E-05 9.99033E-05 9.99033E-05 9.99033E-05 9.99033E-05 0.998901
9.99033E-05 9.99033E-05 0.998901 9.99033E-05 9.99033E-05 9.99033E-05 9.99033E-05 9.99033E-05 9.99033E-05 9.99033E-05 9.99033E-05 9.99033E-05
9.99033E-05 9.99033E-05 9.99033E-05 9.99033E-05 9.99033E-05 9.99033E-05 9.99033E-05 9.99033E-05 9.99033E-05 9.99033E-05 9.99033E-05 0.998901
9.99033E-05 9.99033E-05 0.998901 9.99033E-05 9.99033E-05 9.99033E-05 9.99033E-05 9.99033E-05 9.99033E-05 9.99033E-05 9.99033E-05 9.99033E-05
9.99032E-05 9.99032E-05 0.998901 9.99032E-05 9.99032E-05 9.99032E-05 9.99032E-05 9.99032E-05 9.99032E-05 9.99032E-05 9.99032E-05 9.99032E-05
9.99033E-05 9.99033E-05 0.998901 9.99033E-05 9.99033E-05 9.99033E-05 9.99033E-05 9.99033E-05 9.99033E-05 9.99033E-05 9.99033E-05 9.99033E-05
9.99032E-05 9.99032E-05 9.99032E-05 9.99032E-05 9.99032E-05 9.99032E-05 9.99032E-05 9.99032E-05 9.99032E-05 9.99032E-05 9.99032E-05 0.998901
9.99032E-05 9.99032E-05 0.998901 9.99032E-05 9.99032E-05 9.99032E-05 9.99032E-05 9.99032E-05 9.99032E-05 9.99032E-05 9.99032E-05 9.99032E-05
9.99033E-05 9.99033E-05 0.998901 9.99033E-05 9.99033E-05 9.99033E-05 9.99033E-05 9.99033E-05 9.99033E-05 9.99033E-05 9.99033E-05 9.99033E-05
9.99033E-05 9.99033E-05 9.99033E-05 9.99033E-05 9.99033E-05 9.99033E-05 9.99033E-05 9.99033E-05 9.99033E-05 9.99033E-05 9.99033E-05 0.998901
9.99032E-05 9.99032E-05 9.99032E-05 9.99032E-05 9.99032E-05 9.99032E-05 9.99032E-05 9.99032E-05 9.99032E-05 9.99032E-05 9.99032E-05 0.998901
9.99032E-05 9.99032E-05 9.99032E-05 9.99032E-05 9.99032E-05 9.99032E-05 9.99032E-05 9.99032E-05 9.99032E-05 9.99032E-05 9.99032E-05 0.998901
9.99033E-05 9.99033E-05 0.998901 9.99033E-05 9.99033E-05 9.99033E-05 9.99033E-05 9.99033E-05 9.99033E-05 9.99033E-05 9.99033E-05 9.99033E-05
9.99032E-05 9.99032E-05 0.998901 9.99032E-05 9.99032E-05 9.99032E-05 9.99032E-05 9.99032E-05 9.99032E-05 9.99032E-05 9.99032E-05 9.99032E-05
9.99033E-05 9.99033E-05 9.99033E-05 9.99033E-05 9.99033E-05 9.99033E-05 9.99033E-05 9.99033E-05 9.99033E-05 9.99033E-05 9.99033E-05 0.998901
9.99032E-05 9.99032E-05 9.99032E-05 9.99032E-05 9.99032E-05 9.99032E-05 9.99032E-05 9.99032E-05 9.99032E-05 9.99032E-05 9.99032E-05 0.998901
9.99473E-05 0.105393 0.0628987 9.99473E-05 0.0679811 9.99473E-05 0.00273308 9.99473E-05 0.663273 9.99473E-05 9.99473E-05 0.097122
9.99033E-05 9.99033E-05 9.99033E-05 9.99033E-05 9.99033E-05 9.99033E-05 9.99033E-05 9.99033E-05 9.99033E-05 9.99033E-05 9.99033E-05 0.998901
9.99033E-05 9.99033E-05 0.998901 9.99033E-05 9.99033E-05 9.99033E-05 9.99033E-05 9.99033E-05 9.99033E-05 9.99033E-05 9.99033E-05 9.99033E-05
9.99032E-05 9.99032E-05 9.99032E-05 9.99032E-05 9.99032E-05 9.99032E-05 9.99032E-05 9.99032E-05 9.99032E-05 9.99032E-05 9.99032E-05 0.998901
9.99032E-05 9.99032E-05 9.99032E-05 9.99032E-05 9.99032E-05 9.99032E-05 9.99032E-05 9.99032E-05 9.99032E-05 9.99032E-05 9.99032E-05 0.998901
9.99032E-05 9.99032E-05 9.99032E-05 9.99032E-05 9.99032E-05 9.99032E-05 9.99032E-05 9.99032E-05 9.99032E-05 9.99032E-05 9.99032E-05 0.998901
9.99033E-05 9.99033E-05 0.998901 9.99033E-05 9.99033E-05 9.99033E-05 9.99033E-05 9.99033E-05 9.99033E-05 9.99033E-05 9.99033E-05 9.99033E-05
9.99032E-05 9.99032E-05 9.99032E-05 9.99032E-05 9.99032E-05 9.99032E-05 9.99032E-05 9.99032E-05 9.99032E-05 9.99032E-05 9.99032E-05 0.998901
9.99033E-05 9.99033E-05 0.998901 9.99033E-05 9.99033E-05 9.99033E-05 9.99033E-05 9.99033E-05 9.99033E-05 9.99033E-05 9.99033E-05 9.99033E-05
9.99032E-05 9.99032E-05 9.99032E-05 9.99032E-05 9.99032E-05 9.99032E-05 9.99032E-05 9.99032E-05 9.99032E-05 9.99032E-05 9.99032E-05 0.998901
9.99032E-05 9.99032E-05 9.99032E-05 9.99032E-05 9.99032E-05 9.99032E-05 9.99032E-05 9.99032E-05 9.99032E-05 9.99032E-05 9.99032E-05 0.998901
9.99033E-05 9.99033E-05 0.998901 9.99033E-05 9.99033E-05 9.99033E-05 9.99033E-05 9.99033E-05 9.99033E-05 9.99033E-05 9.99033E-05 9.99033E-05
9.99032E-05 9.99032E-05 0.998901 9.99032E-05 9.99032E-05 9.99032E-05 9.99032E-05 9.99032E-05 9.99032E-05 9.99032E-05 9.99032E-05 9.99032E-05
9.99033E-05 9.99033E-05 0.998901 9.99033E-05 9.99033E-05 9.99033E-05 9.99033E-05 9.99033E-05 9.99033E-05 9.99033E-05 9.99033E-05 9.99033E-05
9.99033E-05 9.99033E-05 9.99033E-05 9.99033E-05 9.99033E-05 9.99033E-05 9.99033E-05 9.99033E-05 9.99033E-05 9.99033E-05 9.99033E-05 0.998901
9.99032E-05 9.99032E-05 9.99032E-05 9.99032E-05 9.99032E-05 9.99032E-05 9.99032E-05 9.99032E-05 9.99032E-05 9.99032E-05 9.99032E-05 0.998901
9.99032E-05 9.99032E-05 9.99032E-05 9.99032E-05 9.99032E-05 9.99032E-05 9.99032E-05 9.99032E-05 9.99032E-05 9.99032E-05 9.99032E-05 0.998901
9.99032E-05 9.99032E-05 9.99032E-05 9.99032E-05 9.99032E-05 9.99032E-05 9.99032E-05 9.99032E-05 9.99032E-05 9.99032E-05 9.99032E-05 0.998901
9.99033E-05 9.99033E-05 9.99033E-05 9.99033E-05 9.99033E-05 9.99033E-05 9.99033E-05 9.99033E-05 9.99033E-05 9.99033E-05 9.99033E-05 0.998901
9.99032E-05 9.99032E-05 0.998901 9.99032E-05 9.99032E-05 9.99032E-05 9.99032E-05 9.99032E-05 9.99032E-05 9.99032E-05 9.99032E-05 9.99032E-05
9.99032E-05 9.99032E-05 0.998901 9.99032E-05 9.99032E-05 9.99032E-05 9.99032E-05 9.99032E-05 9.99032E-05 9.99032E-05 9.99032E-05 9.99032E-05
9.99033E-05 9.99033E-05 0.998901 9.99033E-05 9.99033E-05 9.99033E-05 9.99033E-05 9.99033E-05 9.99033E-05 9.99033E-05 9.99033E-05 9.99033E-05
9.99032E-05 9.99032E-05 9.99032E-05 9.99032E-05 9.99032E-05 9.99032E-05 9.99032E-05 9.99032E-05 9.99032E-05 9.99032E-05 9.99032E-05 0.998901
9.99032E-05 9.99032E-05 0.998901 9.99032E-05 9.99032E-05 9.99032E-05 9.99032E-05 9.99032E-05 9.99032E-05 9.99032E-05 9.99032E-05 9.99032E-05
9.99032E-05 9.99032E-05 0.998901 9.99032E-05 9.99032E-05 9.99032E-05 9.99032E-05 9.99032E-05 9.99032E-05 9.99032E-05 9.99032E-05 9.99032E-05
9.99033E-05 9.99033E-05 0.998901 9.99033E-05 9.99033E-05 9.99033E-05 9.99033E-05 9.99033E-05 9.99033E-05 9.99033E-05 9.99033E-05 9.99033E-05
9.99032E-05 9.99032E-05 0.998901 9.99032E-05 9.99032E-05 9.99032E-05 9.99032E-05 9.99032E-05 9.99032E-05 9.99032E-05 9.99032E-05 9.99032E-05
9.99032E-05 9.99032E-05 9.99032E-05 9.99032E-05 9.99032E-05 9.99032E-05 9.99032E-05 9.99032E-05 9.99032E-05 9.99032E-05 9.99032E-05 0.998901
9.99033E-05 9.99033E-05 0.998901 9.99033E-05 9.99033E-05 9.99033E-05 9.99033E-05 9.99033E-05 9.99033E-05 9.99033E-05 9.99033E-05 9.99033E-05
9.99032E-05 9.99032E-05 0.998901 9.99032E-05 9.99032E-05 9.99032E-05 9.99032E-05 9.99032E-05 9.99032E-05 9.99032E-05 9.99032E-05 9.99032E-05
9.99473E-05 0.0358186 0.0551884 9.99473E-05 0.141747 9.99473E-05 0.0137739 9.99473E-05 0.602018 9.99473E-05 9.99473E-05 0.150854
9.99033E-05 9.99033E-05 9.99033E-05 9.99033E-05 9.99033E-05 9.99033E-05 9.99033E-05 9.99033E-05 9.99033E-05 9.99033E-05 9.99033E-05 0.998901
9.99032E-05 9.99032E-05 0.998901 9.99032E-05 9.99032E-05 9.99032E-05 9.99032E-05 9.99032E-05 9.99032E-05 9.99032E-05 9.99032E-05 9.99032E-05
9.99032E-05 9.99032E-05 0.998901 9.99032E-05 9.99032E-05 9.99032E-05 9.99032E-05 9.99032E-05 9.99032E-05 9.99032E-05 9.99032E-05 9.99032E-05
9.99033E-05 9.99033E-05 0.998901 9.99033E-05 9.99033E-05 9.99033E-05 9.99033E-05 9.99033E-05 9.99033E-05 9.99033E-05 9.99033E-05 9.99033E-05
9.99033E-05 9.99033E-05 0.998901 9.99033E-05 9.99033E-05 9.99033E-05 9.99033E-05 9.99033E-05 9.99033E-05 9.99033E-05 9.99033E-05 9.99033E-05
9.99032E-05 9.99032E-05 9.99032E-05 9.99032E-05 9.99032E-05 9.99032E-05 9.99032E-05 9.99032E-05 9.99032E-05 9.99032E-05 9.99032E-05 0.998901
9.99032E-05 9.99032E-05 0.998901 9.99032E-05 9.99032E-05 9.99032E-05 9.99032E-05 9.99032E-05 9.99032E-05 9.99032E-05 9.99032E-05 9.99032E-05
9.99032E-05 9.99032E-05 9.99032E-05 9.99032E-05 9.99032E-05 9.99032E-05 9.99032E-05 9.99032E-05 9.99032E-05 9.99032E-05 9.99032E-05 0.998901
9.99032E-05 9.99032E-05 0.998901 9.99032E-05 9.99032E-05 9.99032E-05 9.99032E-05 9.99032E-05 9.99032E-05 9.99032E-05 9.99032E-05 9.99032E-05
9.99032E-05 9.99032E-05 9.99032E-05 9.99032E-05 9.99032E-05 9.99032E-05 9.99032E-05 9.99032E-05 9.99032E-05 9.99032E-05 9.99032E-05 0.998901
9.99032E-05 9.99032E-05 0.998901 9.99032E-05 9.99032E-05 9.99032E-05 9.99032E-05 9.99032E-05 9.99032E-05 9.99032E-05 9.99032E-05 9.99032E-05
9.99032E-05 9.99032E-05 0.998901 9.99032E-05 9.99032E-05 9.99032E-05 9.99032E-05 9.99032E-05 9.99032E-05 9.99032E-05 9.99032E-05 9.99032E-05
9.99032E-05 9.99032E-05 0.998901 9.99032E-05 9.99032E-05 9.99032E-05 9.99032E-05 9.99032E-05 9.99032E-05 9.99032E-05 9.99032E-05 9.99032E-05
9.99032E-05 9.99032E-05 0.998901 9.99032E-05 9.99032E-05 9.99032E-05 9.99032E-05 9.99032E-05 9.99032E-05 9.99032E-05 9.99032E-05 9.99032E-05
9.99032E-05 9.99032E-05 0.998901 9.99032E-05 9.99032E-05 9.99032E-05 9.99032E-05 9.99032E-05 9.99032E-05 9.99032E-05 9.99032E-05 9.99032E-05
9.99033E-05 9.99033E-05 0.998901 9.99033E-05 9.99033E-05 9.99033E-05 9.99033E-05 9.99033E-05 9.99033E-05 9.99033E-05 9.99033E-05 9.99033E-05
9.99032E-05 9.99032E-05 9.99032E-05 9.99032E-05 9.99032E-05 9.99032E-05 9.99032E-05 9.99032E-05 9.99032E-05 9.99032E-05 9.99032E-05 0.998901
9.99032E-05 9.99032E-05 9.99032E-05 9.99032E-05 9.99032E-05 9.99032E-05 9.99032E-05 9.99032E-05 9.99032E-05 9.99032E-05 9.99032E-05 0.998901
9.99032E-05 9.99032E-05 9.99032E-05 9.99032E-05 9.99032E-05 9.99032E-05 9.99032E-05 9.99032E-05 9.99032E-05 9.99032E-05 9.99032E-05 0.998901
9.99032E-05 9.99032E-05 0.998901 9.99032E-05 9.99032E-05 9.99032E-05 9.99032E-05 9.99032E-05 9.99032E-05 9.99032E-05 9.99032E-05 9.99032E-05
9.99033E-05 9.99033E-05 9.99033E-05 9.99033E-05 9.99033E-05 9.99033E-05 9.99033E-05 9.99033E-05 9.99033E-05 9.99033E-05 9.99033E-05 0.998901
9.99033E-05 9.99033E-05 9.99033E-05 9.99033E-05 9.99033E-05 9.99033E-05 9.99033E-05 9.99033E-05 9.99033E-05 9.99033E-05 9.99033E-05 0.998901
9.99033E-05 9.99033E-05 9.99033E-05 9.99033E-05 9.99033E-05 9.99033E-05 9.99033E-05 9.99033E-05 9.99033E-05 9.99033E-05 9.99033E-05 0.998901
9.99032E-05 9.99032E-05 0.998901 9.99032E-05 9.99032E-05 9.99032E-05 9.99032E-05 9.99032E-05 9.99032E-05 9.99032E-05 9.99032E-05 9.99032E-05
9.99033E-05 9.99033E-05 0.998901 9.99033E-05 9.99033E-05 9.99033E-05 9.99033E-05 9.99033E-05 9.99033E-05 9.99033E-05 9.99033E-05 9.99033E-05
9.99032E-05 9.99032E-05 0.998901 9.99032E-05 9.99032E-05 9.99032E-05 9.99032E-05 9.99032E-05 9.99032E-05 9.99032E-05 9.99032E-05 9.99032E-05
9.99032E-05 9.99032E-05 9.99032E-05 9.99032E-05 9.99032E-05 9.99032E-05 9.99032E-05 9.99032E-05 9.99032E-05 9.99032E-05 9.99032E-05 0.998901
9.99032E-05 9.99032E-05 0.998901 9.99032E-05 9.99032E-05 9.99032E-05 9.99032E-05 9.99032E-05 9.99032E-05 9.99032E-05 9.99032E-05 9.99032E-05
9.99032E-05 9.99032E-05 0.998901 9.99032E-05 9.99032E-05 9.99032E-05 9.99032E-05 9.99032E-05 9.99032E-05 9.99032E-05 9.99032E-05 9.99032E-05
9.99033E-05 9.99033E-05 9.99033E-05 9.99033E-05 9.99033E-05 9.99033E-05 9.99033E-05 9.99033E-05 9.99033E-05 9.99033E-05 9.99033E-05 0.998901
9.99033E-05 9.99033E-05 0.998901 9.99033E-05 9.99033E-05 9.99033E-05 9.99033E-05 9.99033E-05 9.99033E-05 9.99033E-05 9.99033E-05 9.99033E-05
9.99033E-05 9.99033E-05 0.998901 9.99033E-05 9.99033E-05 9.99033E-05 9.99033E-05 9.99033E-05 9.99033E-05 9.99033E-05 9.99033E-05 9.99033E-05
0.126168 9.99473E-05 0.0964474 0.138124 9.99473E-05 0.0595988 9.99473E-05 9.99473E-05 0.366473 9.99473E-05 9.99473E-05 0.21259
9.99032E-05 9.99032E-05 9.99032E-05 9.99032E-05 9.99032E-05 9.99032E-05 9.99032E-05 9.99032E-05 9.99032E-05 9.99032E-05 9.99032E-05 0.998901
9.99033E-05 9.99033E-05 0.998901 9.99033E-05 9.99033E-05 9.99033E-05 9.99033E-05 9.99033E-05 9.99033E-05 9.99033E-05 9.99033E-05 9.99033E-05
0.0104669 0.0208516 0.332407 9.99386E-05 9.99386E-05 9.99386E-05 9.99386E-05 9.99386E-05 0.634915 9.99386E-05 9.99386E-05 0.000659672
9.99385E-05 9.99385E-05 0.202666 9.99385E-05 0.0394418 9.99385E-05 0.0194401 9.99385E-05 0.680947 9.99385E-05 9.99385E-05 0.0568054
9.99297E-05 9.99297E-05 0.0399298 9.99297E-05 0.00150184 9.99297E-05 9.99297E-05 9.99297E-05 0.679488 9.99297E-05 9.99297E-05 0.278281
9.99121E-05 9.99121E-05 9.99121E-05 9.99121E-05 9.99121E-05 9.99121E-05 9.99121E-05 9.99121E-05 0.872362 9.99121E-05 9.99121E-05 0.126639
9.99297E-05 9.99297E-05 0.17203 9.99297E-05 9.99297E-05 0.0560827 9.99297E-05 9.99297E-05 0.533145 9.99297E-05 9.99297E-05 0.237943
9.99386E-05 9.99386E-05 0.11813 9.99386E-05 9.99386E-05 0.0106316 0.148653 9.99386E-05 0.334134 0.387751 9.99386E-05 9.99386E-05
0.0278017 9.99385E-05 0.271001 9.99385E-05 9.99385E-05 9.99385E-05 9.99385E-05 0.122781 0.446122 9.99385E-05 9.99385E-05 0.131595
0.0438737 9.99297E-05 0.0811989 0.0639778 9.99297E-05 9.99297E-05 9.99297E-05 9.99297E-05 0.81015 9.99297E-05 9.99297E-05 9.99297E-05
9.99298E-05 9.99298E-05 0.205631 9.99298E-05 9.99298E-05 9.99298E-05 9.99298E-05 9.99298E-05 0.635022 0.133231 9.99298E-05 0.0253168
9.9921E-05 9.9921E-05 9.9921E-05 9.9921E-05 9.9921E-05 9.9921E-05 0.124079 9.9921E-05 0.771772 9.9921E-05 9.9921E-05 0.10325
0.0603612 9.99385E-05 0.0999875 9.99385E-05 9.99385E-05 9.99385E-05 9.99385E-05 9.99385E-05 0.595855 0.0449151 9.99385E-05 0.198182
9.99122E-05 9.99122E-05 0.49138 9.99122E-05 9.99122E-05 9.99122E-05 9.99122E-05 9.99122E-05 0.507621 9.99122E-05 9.99122E-05 9.99122E-05
9.99473E-05 0.0685853 0.182199 9.99473E-05 9.99473E-05 0.00745306 9.99473E-05 0.0470812 0.463889 9.99473E-05 9.99473E-05 0.230192
9.99209E-05 9.99209E-05 0.0135173 0.107538 9.99209E-05 9.99209E-05 9.99209E-05 9.99209E-05 0.878046 9.99209E-05 9.99209E-05 9.99209E-05
9.99209E-05 9.99209E-05 0.0892581 9.99209E-05 9.99209E-05 9.99209E-05 9.99209E-05 9.99209E-05 0.813661 9.99209E-05 9.99209E-05 0.0961813
0.0147189 9.99473E-05 0.239803 9.99473E-05 9.99473E-05 0.0827247 9.99473E-05 0.0822768 0.469067 9.99473E-05 9.99473E-05 0.110809
9.99298E-05 9.99298E-05 0.161822 9.99298E-05 9.99298E-05 9.99298E-05 9.99298E-05 9.99298E-05 0.629689 0.0721035 9.99298E-05 0.135586
0.0513583 0.0284999 0.0017201 9.99385E-05 9.99385E-05 9.99385E-05 9.99385E-05 9.99385E-05 0.544657 9.99385E-05 9.99385E-05 0.373065
9.99297E-05 9.99297E-05 0.0180912 9.99297E-05 0.0323483 0.227041 9.99297E-05 9.99297E-05 0.72172 9.99297E-05 9.99297E-05 9.99297E-05
9.99209E-05 9.99209E-05 0.064111 9.99209E-05 9.99209E-05 9.99209E-05 9.99209E-05 9.99209E-05 0.825052 9.99209E-05 9.99209E-05 0.109938
9.99297E-05 9.99297E-05 0.0391242 9.99297E-05 9.99297E-05 0.110703 0.094465 9.99297E-05 0.754908 9.99297E-05 9.99297E-05 9.99297E-05
9.9921E-05 0.0150764 0.187384 9.9921E-05 9.9921E-05 9.9921E-05 9.9921E-05 9.9921E-05 0.79664 9.9921E-05 9.9921E-05 9.9921E-05
0.0103445 0.0600337 0.143477 0.016534 0.0154382 9.995E-05 9.995E-05 9.995E-05 0.580681 9.995E-05 9.995E-05 0.172992
0.0118711 9.99261E-05 0.115245 9.99261E-05 9.99261E-05 9.99261E-05 9.99261E-05 9.99261E-05 0.871985 9.99261E-05 9.99261E-05 9.99261E-05
9.99121E-05 9.99121E-05 9.99121E-05 0.0412984 9.99121E-05 9.99121E-05 9.99121E-05 9.99121E-05 0.957703 9.99121E-05 9.99121E-05 9.99121E-05
9.99297E-05 9.99297E-05 0.03357 9.99297E-05 9.99297E-05 0.0541155 9.99297E-05 9.99297E-05 0.393087 0.518428 9.99297E-05 9.99297E-05
9.99296E-05 9.99296E-05 9.99296E-05 0.0262192 9.99296E-05 9.99296E-05 0.0760246 9.99296E-05 0.850041 9.99296E-05 9.99296E-05 0.0469154
9.99298E-05 9.99298E-05 0.183244 0.0187076 9.99298E-05 9.99298E-05 9.99298E-05 9.99298E-05 0.496978 9.99298E-05 9.99298E-05 0.300271
9.99209E-05 9.99209E-05 9.99209E-05 0.0236651 0.0205912 9.99209E-05 9.99209E-05 9.99209E-05 0.954844 9.99209E-05 9.99209E-05 9.99209E-05
9.99386E-05 9.99386E-05 0.124321 0.0945928 0.0381853 9.99386E-05 9.99386E-05 9.99386E-05 0.702551 9.99386E-05 9.99386E-05 0.0396506
9.99385E-05 9.99385E-05 0.316897 9.99385E-05 9.99385E-05 0.043836 0.0153408 9.99385E-05 0.506116 9.99385E-05 9.99385E-05 0.11711
9.99298E-05 9.99298E-05 0.167724 9.99298E-05 9.99298E-05 0.0417046 9.99298E-05 9.99298E-05 0.754679 9.99298E-05 9.99298E-05 0.0350936
9.995E-05 9.995E-05 0.155457 0.056973 0.038416 0.103579 0.191681 9.995E-05 0.394365 9.995E-05 9.995E-05 0.0590299
9.99297E-05 9.99297E-05 0.138851 9.99297E-05 9.99297E-05 9.99297E-05 0.14587 9.99297E-05 0.532494 9.99297E-05 9.99297E-05 0.181986
0.0509725 9.99385E-05 0.0814704 0.0196412 9.99385E-05 9.99385E-05 9.99385E-05 9.99385E-05 0.736309 9.99385E-05 9.99385E-05 0.110907
9.99122E-05 9.99122E-05 9.99122E-05 9.99122E-05 9.99122E-05 9.99122E-05 9.99122E-05 9.99122E-05 0.873891 9.99122E-05 9.99122E-05 0.12511
9.99208E-05 9.99208E-05 9.99208E-05 9.99208E-05 9.99208E-05 9.99208E-05 9.99208E-05 9.99208E-05 0.573371 0.422251 9.99208E-05 0.00347909
0.0340038 9.99296E-05 9.99296E-05 9.99296E-05 9.99296E-05 9.99296E-05 9.99296E-05 0.233048 0.626951 9.99296E-05 9.99296E-05 0.105198
0.0865297 0.0170203 9.9921E-05 9.9921E-05 9.9921E-05 9.9921E-05 9.9921E-05 9.9921E-05 0.895551 9.9921E-05 9.9921E-05 9.9921E-05
9.99297E-05 9.99297E-05 0.158774 9.99297E-05 9.99297E-05 9.99297E-05 0.181122 9.99297E-05 0.611297 9.99297E-05 9.99297E-05 0.0480076
9.99209E-05 9.99209E-05 0.0579914 9.99209E-05 9.99209E-05 9.99209E-05 9.99209E-05 9.99209E-05 0.766735 9.99209E-05 9.99209E-05 0.174375
9.99473E-05 9.99473E-05 9.99473E-05 9.99473E-05 0.00783328 0.0211937 0.0461552 0.000485669 0.881597 9.99473E-05 9.99473E-05 0.042135
9.993E-05 9.993E-05 0.138168 9.993E-05 0.100498 9.993E-05 0.0446395 9.993E-05 0.692596 9.993E-05 9.993E-05 0.0233988
9.9921E-05 9.9921E-05 0.429892 0.012992 9.9921E-05 9.9921E-05 9.9921E-05 9.9921E-05 0.556217 9.9921E-05 9.9921E-05 9.9921E-05
9.99296E-05 9.99296E-05 0.310758 9.99296E-05 9.99296E-05 0.0439522 9.99296E-05 9.99296E-05 0.378185 9.99296E-05 9.99296E-05 0.266305
9.99209E-05 9.99209E-05 0.0710722 9.99209E-05 9.99209E-05 9.99209E-05 9.99209E-05 9.99209E-05 0.917121 9.99209E-05 9.99209E-05 0.0109078
9.99121E-05 9.99121E-05 9.99121E-05 9.99121E-05 9.99121E-05 9.99121E-05 9.99121E-05 9.99121E-05 0.647129 0.351871 9.99121E-05 9.99121E-05
0.0331543 9.99209E-05 0.146871 9.99209E-05 9.99209E-05 9.99209E-05 9.99209E-05 9.99209E-05 0.819075 9.99209E-05 9.99209E-05 9.99209E-05
9.99123E-05 9.99123E-05 9.99123E-05 9.99123E-05 9.99123E-05 9.99123E-05 9.99123E-05 9.99123E-05 0.784656 0.214345 9.99123E-05 9.99123E-05
9.99385E-05 0.0911872 0.145597 9.99385E-05 9.99385E-05 0.207507 9.99385E-05 9.99385E-05 0.400458 9.99385E-05 9.99385E-05 0.154551
9.99122E-05 9.99122E-05 9.99122E-05 9.99122E-05 9.99122E-05 9.99122E-05 9.99122E-05 9.99122E-05 0.664856 0.334145 9.99122E-05 9.99122E-05
0.0280269 9.99201E-05 9.99201E-05 9.99201E-05 9.99201E-05 0.000540447 9.99201E-05 9.99201E-05 0.705035 9.99201E-05 9.99201E-05 0.265598
0.0360727 9.99473E-05 9.99473E-05 9.99473E-05 9.99473E-05 0.159318 0.331633 0.0201925 0.369826 9.99473E-05 9.99473E-05 0.0823577
9.99297E-05 9.99297E-05 0.111113 9.99297E-05 9.99297E-05 0.21603 9.99297E-05 9.99297E-05 0.663326 9.99297E-05 9.99297E-05 0.0087318
9.99209E-05 9.99209E-05 0.0357119 9.99209E-05 9.99209E-05 9.99209E-05 0.0677478 9.99209E-05 0.895641 9.99209E-05 9.99209E-05 9.99209E-05
9.99122E-05 9.99122E-05 0.259526 9.99122E-05 9.99122E-05 9.99122E-05 9.99122E-05 9.99122E-05 0.739475 9.99122E-05 9.99122E-05 9.99122E-05
0.0546187 9.99473E-05 9.99473E-05 0.0121818 9.99473E-05 0.0195584 9.99473E-05 9.99473E-05 0.247053 0.48637 9.99473E-05 0.179619
9.99298E-05 9.99298E-05 0.14338 9.99298E-05 9.99298E-05 0.0639006 9.99298E-05 9.99298E-05 0.664074 0.127845 9.99298E-05 9.99298E-05
9.9921E-05 9.9921E-05 0.0914247 9.9921E-05 9.9921E-05 9.9921E-05 9.9921E-05 9.9921E-05 0.801228 9.9921E-05 9.9921E-05 0.106448
9.99386E-05 9.99386E-05 0.219077 9.99386E-05 9.99386E-05 0.169003 9.99386E-05 9.99386E-05 0.441858 0.0603637 9.99386E-05 0.108999
9.99297E-05 9.99297E-05 0.000947205 9.99297E-05 9.99297E-05 9.99297E-05 9.99297E-05 9.99297E-05 0.648701 0.322486 9.99297E-05 0.0270669
9.99297E-05 9.99297E-05 0.14075 9.99297E-05 9.99297E-05 9.99297E-05 9.99297E-05 9.99297E-05 0.464042 0.392238 9.99297E-05 0.00216986
0.00567456 9.99473E-05 0.00679774 9.99473E-05 0.0703886 9.99473E-05 9.99473E-05 9.99473E-05 0.26372 0.488106 9.99473E-05 0.164714
0.00113312 9.99298E-05 0.0467033 9.99298E-05 9.99298E-05 9.99298E-05 9.99298E-05 9.99298E-05 0.858719 9.99298E-05 9.99298E-05 0.0926455
9.99297E-05 9.99297E-05 0.0195009 9.99297E-05 0.0949748 9.99297E-05 9.99297E-05 9.99297E-05 0.819431 9.99297E-05 9.99297E-05 0.0652935
9.99123E-05 9.99123E-05 0.152833 9.99123E-05 9.99123E-05 9.99123E-05 9.99123E-05 9.99123E-05 0.846168 9.99123E-05 9.99123E-05 9.99123E-05
9.99299E-05 9.99299E-05 0.0238132 9.99299E-05 9.99299E-05 9.99299E-05 9.99299E-05 9.99299E-05 0.696467 0.238857 9.99299E-05 0.0400629
