9.99385E-05 0.0383924 0.167126 9.99385E-05 9.99385E-05 0.0584964 0.0475344 9.99385E-05 0.0524746 9.99385E-05 0.377584 0.257692 9.99385E-05 9.99385E-05
9.99297E-05 0.121355 9.99297E-05 9.99297E-05 9.99297E-05 0.0137248 9.99297E-05 9.99297E-05 0.00575304 9.99297E-05 0.738829 0.106607 9.99297E-05 0.0129319
9.9921E-05 9.9921E-05 0.00501437 9.9921E-05 9.9921E-05 9.9921E-05 0.003434 9.9921E-05 0.10574 9.9921E-05 0.867902 9.9921E-05 0.0170103 9.9921E-05
9.99386E-05 9.99386E-05 0.165943 9.99386E-05 9.99386E-05 0.0503893 9.99386E-05 0.383941 0.0475248 9.99386E-05 0.271475 9.99386E-05 0.0665192 0.0135077
0.193144 9.99035E-05 9.99035E-05 9.99035E-05 9.99035E-05 9.99035E-05 9.99035E-05 9.99035E-05 9.99035E-05 0.0268746 0.778883 9.99035E-05 9.99035E-05 9.99035E-05
0.0839412 0.054439 9.99473E-05 9.99473E-05 0.00648554 9.99473E-05 9.99473E-05 0.241301 9.99473E-05 0.159992 0.180886 0.213092 0.0592634 9.99473E-05
0.00372857 0.0691063 0.188174 9.99561E-05 9.99561E-05 0.119938 0.05448 0.209784 0.0269546 9.99561E-05 0.263798 0.0635366 9.99561E-05 9.99561E-05
0.0845437 9.99386E-05 0.271377 0.163378 9.99386E-05 9.99386E-05 9.99386E-05 0.0502276 9.99386E-05 0.18941 0.137221 0.103143 9.99386E-05 9.99386E-05
0.00588728 9.99297E-05 0.112963 9.99297E-05 9.99297E-05 9.99297E-05 0.220142 9.99297E-05 0.193594 0.252881 0.213734 9.99297E-05 9.99297E-05 9.99297E-05
9.99122E-05 9.99122E-05 9.99122E-05 9.99122E-05 0.0265212 9.99122E-05 0.0147071 9.99122E-05 0.104247 9.99122E-05 0.853526 9.99122E-05 9.99122E-05 9.99122E-05
9.99298E-05 9.99298E-05 0.107143 9.99298E-05 9.99298E-05 0.139147 9.99298E-05 9.99298E-05 0.212865 0.0195798 0.345829 0.174638 9.99298E-05 9.99298E-05
9.99298E-05 9.99298E-05 9.99298E-05 0.0175592 9.99298E-05 0.00914081 9.99298E-05 0.070542 9.99298E-05 0.0808911 0.765656 0.0554115 9.99298E-05 9.99298E-05
9.99034E-05 9.99034E-05 0.143887 9.99034E-05 9.99034E-05 9.99034E-05 9.99034E-05 9.99034E-05 0.0639162 9.99034E-05 0.791098 9.99034E-05 9.99034E-05 9.99034E-05
9.9921E-05 9.9921E-05 9.9921E-05 0.0488908 9.9921E-05 0.0758945 9.9921E-05 9.9921E-05 0.0863964 9.9921E-05 0.61077 9.9921E-05 0.177149 9.9921E-05
9.995E-05 0.00336425 9.995E-05 9.995E-05 0.00561905 9.995E-05 0.0237976 0.0462305 0.157352 0.159533 0.25358 0.306868 0.0431564 9.995E-05
9.99385E-05 9.99385E-05 0.0861523 0.0716047 9.99385E-05 9.99385E-05 9.99385E-05 0.187513 0.100592 0.179922 0.191882 0.181633 9.99385E-05 9.99385E-05
9.99298E-05 0.115705 9.99298E-05 9.99298E-05 9.99298E-05 0.0504624 9.99298E-05 0.13167 0.0549568 9.99298E-05 0.555972 9.99298E-05 0.0904343 9.99298E-05
0.0101801 9.99561E-05 0.075693 9.99561E-05 0.21321 9.99561E-05 0.00606104 9.99561E-05 0.138773 0.0156043 0.141315 0.230474 9.99561E-05 0.168189
9.99385E-05 9.99385E-05 0.277738 9.99385E-05 0.0353901 0.00436998 9.99385E-05 0.0920253 0.200964 0.0869329 0.301879 9.99385E-05 9.99385E-05 9.99385E-05
9.99122E-05 9.99122E-05 9.99122E-05 9.99122E-05 9.99122E-05 0.013531 9.99122E-05 9.99122E-05 0.0238027 9.99122E-05 0.910957 9.99122E-05 9.99122E-05 0.0507102
0.0165875 9.99561E-05 0.0549336 0.0512625 9.99561E-05 0.0450015 9.99561E-05 0.195786 0.0809689 0.0834539 0.443569 9.99561E-05 9.99561E-05 0.0279376
0.124571 0.0185424 0.457616 9.99298E-05 9.99298E-05 9.99298E-05 9.99298E-05 0.050851 9.99298E-05 0.119872 0.227749 9.99298E-05 9.99298E-05 9.99298E-05
9.99123E-05 9.99123E-05 9.99123E-05 9.99123E-05 9.99123E-05 0.0493915 9.99123E-05 9.99123E-05 0.108085 9.99123E-05 0.544233 0.297291 9.99123E-05 9.99123E-05
9.9921E-05 9.9921E-05 0.345057 0.0195535 9.9921E-05 9.9921E-05 0.0870706 9.9921E-05 0.290276 9.9921E-05 0.257144 9.9921E-05 9.9921E-05 9.9921E-05
9.99297E-05 9.99297E-05 0.199022 9.99297E-05 9.99297E-05 0.0899945 9.99297E-05 9.99297E-05 0.331533 0.088865 0.279913 9.99297E-05 9.99297E-05 0.00987235
9.99298E-05 9.99298E-05 0.119104 9.99298E-05 9.99298E-05 9.99298E-05 9.99298E-05 0.0415776 0.143182 0.00277651 0.673257 9.99298E-05 0.019304 9.99298E-05
9.99101E-05 9.99101E-05 0.423352 0.0268476 0.170388 9.99101E-05 9.99101E-05 9.99101E-05 0.244746 9.99101E-05 9.99101E-05 9.99101E-05 0.133768 9.99101E-05
9.99123E-05 9.99123E-05 0.0838191 9.99123E-05 9.99123E-05 9.99123E-05 9.99123E-05 0.099058 0.087145 9.99123E-05 0.728979 9.99123E-05 9.99123E-05 9.99123E-05
9.9921E-05 9.9921E-05 0.0986456 9.9921E-05 9.9921E-05 9.9921E-05 0.0188163 9.9921E-05 0.239028 9.9921E-05 0.511222 0.131389 9.9921E-05 9.9921E-05
9.99386E-05 9.99386E-05 9.99386E-05 9.99386E-05 9.99386E-05 9.99386E-05 0.110918 0.0894651 0.012536 9.99386E-05 0.641119 0.00751022 0.082754 0.054999
9.99385E-05 9.99385E-05 0.0593595 9.99385E-05 9.99385E-05 0.100541 9.99385E-05 9.99385E-05 0.0151856 0.0261027 0.636038 0.13925 9.99385E-05 0.0228229
9.99474E-05 9.99474E-05 0.114517 9.99474E-05 9.99474E-05 0.0716238 9.99474E-05 0.0445076 0.150344 0.0492496 0.417448 0.104481 0.0472294 9.99474E-05
9.99297E-05 9.99297E-05 0.113749 0.0244968 9.99297E-05 0.115201 9.99297E-05 9.99297E-05 0.161526 9.99297E-05 0.453307 0.13092 9.99297E-05 9.99297E-05
9.99385E-05 9.99385E-05 0.144178 0.0872103 0.00889791 9.99385E-05 0.0325455 9.99385E-05 0.13443 9.99385E-05 0.440751 9.99385E-05 0.151287 9.99385E-05
9.99298E-05 0.0556249 0.0159705 9.99298E-05 9.99298E-05 0.0387781 9.99298E-05 9.99298E-05 0.000938492 9.99298E-05 0.832748 9.99298E-05 9.99298E-05 0.0551403
9.99298E-05 9.99298E-05 0.175262 9.99298E-05 9.99298E-05 9.99298E-05 0.0838153 0.0430447 9.99298E-05 9.99298E-05 0.60651 0.070454 9.99298E-05 0.0201147
9.99211E-05 0.0109641 9.99211E-05 0.108315 9.99211E-05 0.000132886 9.99211E-05 0.0420071 9.99211E-05 9.99211E-05 0.837682 9.99211E-05 9.99211E-05 9.99211E-05
9.9921E-05 0.0410559 9.9921E-05 9.9921E-05 9.9921E-05 9.9921E-05 9.9921E-05 9.9921E-05 0.0723138 0.152103 0.674298 9.9921E-05 9.9921E-05 0.0593304
0.0114274 0.0623793 0.0528994 9.99474E-05 9.99474E-05 0.00210477 9.99474E-05 9.99474E-05 0.217306 9.99474E-05 0.568604 9.99474E-05 0.0512795 0.0334001
0.02574 9.99298E-05 9.99298E-05 0.167702 9.99298E-05 0.0122387 9.99298E-05 9.99298E-05 0.192817 9.99298E-05 0.546757 9.99298E-05 0.053946 9.99298E-05
9.99298E-05 9.99298E-05 0.169045 9.99298E-05 9.99298E-05 0.0252299 9.99298E-05 0.0691449 0.0806029 9.99298E-05 0.652574 9.99298E-05 9.99298E-05 0.00260409
9.99386E-05 0.0183883 0.267258 9.99386E-05 9.99386E-05 9.99386E-05 0.0563926 9.99386E-05 0.0512592 0.00133337 0.58379 0.0208789 9.99386E-05 9.99386E-05
9.99035E-05 9.99035E-05 0.0932051 0.0885465 9.99035E-05 9.99035E-05 9.99035E-05 9.99035E-05 9.99035E-05 9.99035E-05 0.817149 9.99035E-05 9.99035E-05 9.99035E-05
9.99561E-05 0.0455895 0.134374 9.99561E-05 9.99561E-05 0.138349 0.0312146 9.99561E-05 0.093279 0.126723 0.334887 0.0614296 9.99561E-05 0.0336546
0.001448 9.9921E-05 0.429532 9.9921E-05 9.9921E-05 9.9921E-05 9.9921E-05 0.137143 0.179424 9.9921E-05 0.251553 9.9921E-05 9.9921E-05 9.9921E-05
0.0572396 9.99209E-05 0.0629298 9.99209E-05 9.99209E-05 9.99209E-05 9.99209E-05 9.99209E-05 0.048288 9.99209E-05 0.766384 9.99209E-05 9.99209E-05 0.064259
9.99122E-05 9.99122E-05 9.99122E-05 9.99122E-05 0.0404143 9.99122E-05 9.99122E-05 9.99122E-05 0.0366405 0.0580201 0.863926 9.99122E-05 9.99122E-05 9.99122E-05
9.99035E-05 9.99035E-05 9.99035E-05 0.0302454 9.99035E-05 9.99035E-05 9.99035E-05 9.99035E-05 0.082191 9.99035E-05 0.886465 9.99035E-05 9.99035E-05 9.99035E-05
9.99209E-05 9.99209E-05 0.250113 9.99209E-05 9.99209E-05 0.0269576 9.99209E-05 0.0720551 0.0869 9.99209E-05 0.563075 9.99209E-05 9.99209E-05 9.99209E-05
0.0683735 9.99299E-05 0.0526135 0.0635107 9.99299E-05 0.0572936 9.99299E-05 9.99299E-05 9.99299E-05 9.99299E-05 0.700089 9.99299E-05 9.99299E-05 0.0573201
9.994E-05 9.994E-05 0.152943 9.994E-05 9.994E-05 0.126545 0.0169843 0.100441 0.155427 0.0377542 0.328902 0.0804038 9.994E-05 9.994E-05
0.0830586 9.9921E-05 0.349858 9.9921E-05 9.9921E-05 9.9921E-05 0.0924826 0.0162892 9.9921E-05 9.9921E-05 0.457412 9.9921E-05 9.9921E-05 9.9921E-05
9.99123E-05 0.00687974 9.99123E-05 9.99123E-05 0.116189 9.99123E-05 9.99123E-05 9.99123E-05 0.0540324 9.99123E-05 0.8219 9.99123E-05 9.99123E-05 9.99123E-05
0.0630473 9.99123E-05 9.99123E-05 0.231311 9.99123E-05 9.99123E-05 9.99123E-05 9.99123E-05 0.0854882 9.99123E-05 0.619154 9.99123E-05 9.99123E-05 9.99123E-05
9.99299E-05 9.99299E-05 9.99299E-05 0.00100818 9.99299E-05 9.99299E-05 0.0227132 0.0491768 0.12294 0.0199797 0.783383 9.99299E-05 9.99299E-05 9.99299E-05
0.10754 9.99211E-05 9.99211E-05 9.99211E-05 9.99211E-05 9.99211E-05 9.99211E-05 9.99211E-05 9.99211E-05 9.99211E-05 0.652239 0.0521544 0.156746 0.0304214
9.99474E-05 0.0784539 0.0495704 0.0646651 0.12069 0.00991513 9.99474E-05 9.99474E-05 0.0534471 0.0197006 0.602958 9.99474E-05 9.99474E-05 9.99474E-05
9.99123E-05 9.99123E-05 9.99123E-05 9.99123E-05 9.99123E-05 0.0353519 9.99123E-05 0.0664508 0.127195 9.99123E-05 0.770003 9.99123E-05 9.99123E-05 9.99123E-05
9.9921E-05 9.9921E-05 9.9921E-05 9.9921E-05 9.9921E-05 0.0437438 0.00210932 0.120312 0.000607413 9.9921E-05 0.832328 9.9921E-05 9.9921E-05 9.9921E-05
9.99385E-05 0.0142541 0.016282 9.99385E-05 0.0980436 0.0038146 9.99385E-05 9.99385E-05 0.0873131 0.0213913 9.99385E-05 0.758202 9.99385E-05 9.99385E-05
0.0249745 9.99123E-05 9.99123E-05 9.99123E-05 9.99123E-05 9.99123E-05 0.079591 0.000261263 9.99123E-05 9.99123E-05 9.99123E-05 0.894174 9.99123E-05 9.99123E-05
9.99035E-05 9.99035E-05 9.99035E-05 0.0606225 0.104556 9.99035E-05 9.99035E-05 9.99035E-05 9.99035E-05 9.99035E-05 9.99035E-05 0.833722 9.99035E-05 9.99035E-05
9.99298E-05 0.3782 9.99298E-05 9.99298E-05 0.0280519 9.99298E-05 9.99298E-05 9.99298E-05 0.0440741 0.146768 9.99298E-05 0.365268 0.0368378 9.99298E-05
0.0028853 9.9956E-05 0.0722095 0.041878 0.0273977 9.9956E-05 9.9956E-05 0.0158108 0.0342131 0.0621065 9.9956E-05 0.68924 9.9956E-05 0.0537594
9.9912E-05 9.9912E-05 0.0550208 9.9912E-05 9.9912E-05 9.9912E-05 9.9912E-05 9.9912E-05 0.186436 0.0316338 9.9912E-05 0.72591 9.9912E-05 9.9912E-05
9.99209E-05 0.199817 9.99209E-05 9.99209E-05 9.99209E-05 0.0186145 9.99209E-05 0.0877201 0.0827476 9.99209E-05 9.99209E-05 0.610202 9.99209E-05 9.99209E-05
9.99209E-05 0.107593 9.99209E-05 9.99209E-05 0.139455 9.99209E-05 9.99209E-05 9.99209E-05 0.0953424 0.0331615 9.99209E-05 0.623548 9.99209E-05 9.99209E-05
9.99035E-05 0.042672 9.99035E-05 9.99035E-05 9.99035E-05 9.99035E-05 0.0643409 9.99035E-05 9.99035E-05 9.99035E-05 9.99035E-05 0.891888 9.99035E-05 9.99035E-05
9.98945E-05 9.98945E-05 9.98945E-05 9.98945E-05 9.98945E-05 0.0974555 9.98945E-05 9.98945E-05 9.98945E-05 9.98945E-05 9.98945E-05 0.901346 9.98945E-05 9.98945E-05
9.99208E-05 9.99208E-05 9.99208E-05 9.99208E-05 9.99208E-05 0.167894 9.99208E-05 9.99208E-05 0.222055 0.0757861 9.99208E-05 0.529533 9.99208E-05 0.00383226
9.99473E-05 0.0451269 0.150565 0.114499 9.99473E-05 0.0615574 9.99473E-05 0.0548554 0.0597051 0.0336214 9.99473E-05 0.47947 9.99473E-05 9.99473E-05
0.218975 0.010833 9.99473E-05 0.0315458 0.0308117 0.0336303 9.99473E-05 0.0406092 9.99473E-05 0.170167 9.99473E-05 0.462828 9.99473E-05 9.99473E-05
0.0328672 0.00984336 0.16625 0.0268915 9.99297E-05 9.99297E-05 9.99297E-05 9.99297E-05 0.215512 9.99297E-05 9.99297E-05 0.547836 9.99297E-05 9.99297E-05
9.98949E-05 9.98949E-05 9.98949E-05 0.0533142 9.98949E-05 9.98949E-05 9.98949E-05 9.98949E-05 9.98949E-05 9.98949E-05 9.98949E-05 0.945487 9.98949E-05 9.98949E-05
9.99035E-05 9.99035E-05 9.99035E-05 9.99035E-05 9.99035E-05 0.000191178 9.99035E-05 9.99035E-05 0.0615155 9.99035E-05 9.99035E-05 0.937194 9.99035E-05 9.99035E-05
9.99297E-05 9.99297E-05 9.99297E-05 0.0465678 0.0703337 9.99297E-05 0.044545 0.0525416 0.0763233 9.99297E-05 9.99297E-05 0.708889 9.99297E-05 9.99297E-05
9.99209E-05 9.99209E-05 0.109451 9.99209E-05 9.99209E-05 0.120346 9.99209E-05 0.117783 9.99209E-05 0.0362042 9.99209E-05 0.615317 9.99209E-05 9.99209E-05
9.9921E-05 9.9921E-05 9.9921E-05 9.9921E-05 0.0427415 0.0411767 9.9921E-05 0.00239008 0.0216816 9.9921E-05 9.9921E-05 0.891111 9.9921E-05 9.9921E-05
9.9912E-05 9.9912E-05 9.9912E-05 0.0525577 9.9912E-05 0.00848399 9.9912E-05 9.9912E-05 0.271673 9.9912E-05 9.9912E-05 0.666286 9.9912E-05 9.9912E-05
9.98861E-05 9.98861E-05 9.98861E-05 9.98861E-05 9.98861E-05 9.98861E-05 9.98861E-05 9.98861E-05 9.98861E-05 9.98861E-05 9.98861E-05 0.998701 9.98861E-05 9.98861E-05
9.99121E-05 9.99121E-05 0.136541 0.00676538 9.99121E-05 9.99121E-05 9.99121E-05 9.99121E-05 0.131969 9.99121E-05 9.99121E-05 0.723725 9.99121E-05 9.99121E-05
9.9921E-05 0.0288952 0.0603052 9.9921E-05 9.9921E-05 9.9921E-05 9.9921E-05 9.9921E-05 0.0358877 9.9921E-05 9.9921E-05 0.778017 0.0959955 9.9921E-05
0.00151709 9.99473E-05 9.99473E-05 9.99473E-05 0.0124022 0.0184996 0.0589986 0.169096 0.00952342 0.042618 9.99473E-05 0.686746 9.99473E-05 9.99473E-05
9.98945E-05 9.98945E-05 9.98945E-05 9.98945E-05 9.98945E-05 0.169121 9.98945E-05 9.98945E-05 9.98945E-05 9.98945E-05 9.98945E-05 0.82968 9.98945E-05 9.98945E-05
0.0132877 9.99124E-05 9.99124E-05 9.99124E-05 9.99124E-05 0.0480039 9.99124E-05 9.99124E-05 9.99124E-05 0.0341723 9.99124E-05 0.903537 9.99124E-05 9.99124E-05
9.99123E-05 9.99123E-05 0.0108528 9.99123E-05 0.00320329 9.99123E-05 0.000976181 9.99123E-05 9.99123E-05 9.99123E-05 9.99123E-05 0.983969 9.99123E-05 9.99123E-05
9.98947E-05 9.98947E-05 9.98947E-05 9.98947E-05 9.98947E-05 9.98947E-05 9.98947E-05 9.98947E-05 0.00740599 9.98947E-05 9.98947E-05 0.991395 9.98947E-05 9.98947E-05
9.98946E-05 9.98946E-05 9.98946E-05 9.98946E-05 0.100402 9.98946E-05 9.98946E-05 9.98946E-05 9.98946E-05 9.98946E-05 9.98946E-05 0.8984 9.98946E-05 9.98946E-05
9.99212E-05 9.99212E-05 9.99212E-05 9.99212E-05 9.99212E-05 9.99212E-05 9.99212E-05 9.99212E-05 0.0903215 0.0777314 9.99212E-05 0.739772 0.0293366 0.061939
0.0225873 9.99121E-05 9.99121E-05 9.99121E-05 9.99121E-05 9.99121E-05 9.99121E-05 9.99121E-05 0.224604 0.182297 9.99121E-05 9.99121E-05 0.569513 9.99121E-05
9.99211E-05 9.99211E-05 9.99211E-05 9.99211E-05 9.99211E-05 9.99211E-05 9.99211E-05 9.99211E-05 0.0855948 0.0411203 0.00461903 0.0219913 0.845775 9.99211E-05
0.0476144 9.99209E-05 0.0751745 9.99209E-05 9.99209E-05 0.0332131 9.99209E-05 9.99209E-05 0.201737 9.99209E-05 9.99209E-05 9.99209E-05 0.641362 9.99209E-05
9.99208E-05 9.99208E-05 9.99208E-05 9.99208E-05 0.0425976 0.0725116 9.99208E-05 9.99208E-05 0.289678 0.142779 9.99208E-05 9.99208E-05 0.451535 9.99208E-05
9.99384E-05 9.99384E-05 9.99384E-05 9.99384E-05 0.00554026 0.0105031 0.0868789 9.99384E-05 0.10247 0.195323 9.99384E-05 9.99384E-05 0.579818 0.0187673
9.99209E-05 0.0186911 9.99209E-05 9.99209E-05 9.99209E-05 9.99209E-05 9.99209E-05 0.0478606 0.143504 0.178549 9.99209E-05 9.99209E-05 0.610496 9.99209E-05
9.99297E-05 9.99297E-05 0.0903958 9.99297E-05 0.0683796 0.0811425 9.99297E-05 9.99297E-05 0.172014 0.0860554 9.99297E-05 9.99297E-05 0.501213 9.99297E-05
9.99297E-05 9.99297E-05 0.013076 9.99297E-05 9.99297E-05 0.00483437 9.99297E-05 9.99297E-05 0.119289 0.300509 9.99297E-05 9.99297E-05 0.547775 0.0137171
9.99384E-05 0.294859 0.0195483 9.99384E-05 0.0103135 0.0810445 9.99384E-05 9.99384E-05 0.155849 0.268957 9.99384E-05 9.99384E-05 0.168729 9.99384E-05
9.99209E-05 9.99209E-05 0.0981079 9.99209E-05 0.0179726 9.99209E-05 9.99209E-05 9.99209E-05 0.371049 0.237338 9.99209E-05 9.99209E-05 0.274633 9.99209E-05
9.99123E-05 0.294154 9.99123E-05 9.99123E-05 9.99123E-05 9.99123E-05 9.99123E-05 9.99123E-05 0.00303957 0.0170849 9.99123E-05 9.99123E-05 0.684722 9.99123E-05
9.99209E-05 0.18985 9.99209E-05 9.99209E-05 9.99209E-05 0.0845688 9.99209E-05 9.99209E-05 0.059443 0.00632348 9.99209E-05 9.99209E-05 0.658915 9.99209E-05
9.99035E-05 9.99035E-05 9.99035E-05 9.99035E-05 9.99035E-05 0.0295389 9.99035E-05 9.99035E-05 9.99035E-05 0.149936 9.99035E-05 9.99035E-05 0.819426 9.99035E-05
9.99122E-05 9.99122E-05 9.99122E-05 9.99122E-05 9.99122E-05 9.99122E-05 0.0169572 9.99122E-05 0.25057 0.174999 9.99122E-05 9.99122E-05 0.556474 9.99122E-05
9.99297E-05 9.99297E-05 9.99297E-05 0.0813691 0.187376 0.0135304 9.99297E-05 0.0011322 9.99297E-05 0.114403 9.99297E-05 9.99297E-05 0.60139 9.99297E-05
0.010348 0.190265 0.0152439 0.0551274 9.99649E-05 0.0628832 0.000335242 0.0502921 0.152982 0.112383 9.99649E-05 9.99649E-05 0.349741 9.99649E-05
9.99472E-05 0.180722 0.0337646 9.99472E-05 0.00996747 0.0298345 9.99472E-05 9.99472E-05 0.0789178 0.0392505 9.99472E-05 9.99472E-05 0.594438 0.0325048
0.0561598 9.9921E-05 0.178394 9.9921E-05 9.9921E-05 0.0589407 9.9921E-05 9.9921E-05 9.9921E-05 0.132743 9.9921E-05 9.9921E-05 0.572864 9.9921E-05
0.0177825 0.00621453 0.0397601 9.99297E-05 9.99297E-05 0.0573758 9.99297E-05 9.99297E-05 9.99297E-05 0.0559645 9.99297E-05 9.99297E-05 0.822103 9.99297E-05
9.99298E-05 9.99298E-05 0.0573213 9.99298E-05 9.99298E-05 9.99298E-05 9.99298E-05 9.99298E-05 0.242412 0.0557376 9.99298E-05 0.0154257 0.511341 0.116963
0.0755377 0.0910908 9.9921E-05 9.9921E-05 9.9921E-05 9.9921E-05 9.9921E-05 9.9921E-05 0.198302 0.0581651 9.9921E-05 9.9921E-05 0.576005 9.9921E-05
9.99209E-05 9.99209E-05 9.99209E-05 9.99209E-05 0.0293904 0.0437281 9.99209E-05 9.99209E-05 0.138503 0.0856702 9.99209E-05 9.99209E-05 0.701809 9.99209E-05
0.0909203 0.0343544 9.99297E-05 0.00924852 9.99297E-05 9.99297E-05 9.99297E-05 9.99297E-05 0.283633 0.297969 9.99297E-05 9.99297E-05 0.283075 9.99297E-05
0.0344263 9.99298E-05 9.99298E-05 9.99298E-05 9.99298E-05 0.0165675 0.0117828 9.99298E-05 0.028101 0.20906 9.99298E-05 9.99298E-05 0.699263 9.99298E-05
0.00663837 0.077282 9.99297E-05 9.99297E-05 9.99297E-05 9.99297E-05 9.99297E-05 9.99297E-05 0.258611 0.275997 9.99297E-05 9.99297E-05 0.273782 0.106891
9.99211E-05 0.0564701 9.99211E-05 9.99211E-05 9.99211E-05 9.99211E-05 9.99211E-05 9.99211E-05 0.170214 0.150996 9.99211E-05 0.0724514 0.548969 9.99211E-05
9.99124E-05 9.99124E-05 9.99124E-05 9.99124E-05 9.99124E-05 9.99124E-05 0.12808 9.99124E-05 0.0458975 9.99124E-05 0.0428682 9.99124E-05 0.782155 9.99124E-05
0.0737204 9.99296E-05 9.99296E-05 9.99296E-05 9.99296E-05 9.99296E-05 9.99296E-05 0.0785146 0.105281 0.25333 9.99296E-05 9.99296E-05 0.45429 0.0340651
9.9921E-05 0.0378889 9.9921E-05 9.9921E-05 9.9921E-05 9.9921E-05 9.9921E-05 9.9921E-05 0.268094 0.279354 9.9921E-05 9.9921E-05 0.413143 0.000620926
0.000907869 9.99298E-05 9.99298E-05 9.99298E-05 9.99298E-05 0.054899 9.99298E-05 9.99298E-05 0.166929 0.0117611 9.99298E-05 9.99298E-05 0.683845 0.0808587
9.99211E-05 9.99211E-05 9.99211E-05 0.00574843 9.99211E-05 0.0630697 9.99211E-05 9.99211E-05 0.324072 0.0602429 9.99211E-05 9.99211E-05 0.545968 9.99211E-05
9.99209E-05 9.99209E-05 9.99209E-05 0.0412565 9.99209E-05 0.045146 9.99209E-05 9.99209E-05 0.114694 9.99209E-05 9.99209E-05 9.99209E-05 0.755306 0.0426986
0.0374303 9.9921E-05 9.9921E-05 9.9921E-05 9.9921E-05 9.9921E-05 9.9921E-05 9.9921E-05 0.214918 0.312448 9.9921E-05 9.9921E-05 0.130717 0.303588
9.99208E-05 9.99208E-05 0.248058 9.99208E-05 9.99208E-05 9.99208E-05 9.99208E-05 9.99208E-05 0.163596 0.0908611 9.99208E-05 9.99208E-05 0.462766 0.0338195
9.99034E-05 9.99034E-05 9.99034E-05 9.99034E-05 9.99034E-05 9.99034E-05 9.99034E-05 9.99034E-05 0.130635 0.0487194 9.99034E-05 9.99034E-05 0.819547 9.99034E-05
9.99473E-05 0.00216695 0.0834712 0.00365771 0.0087965 0.0859777 9.99473E-05 0.0536733 9.99473E-05 0.138602 9.99473E-05 9.99473E-05 0.623054 9.99473E-05
9.99209E-05 9.99209E-05 9.99209E-05 9.99209E-05 0.015422 0.0975263 9.99209E-05 9.99209E-05 0.353505 0.192996 9.99209E-05 9.99209E-05 0.339651 9.99209E-05
9.99035E-05 9.99035E-05 9.99035E-05 9.99035E-05 9.99035E-05 9.99035E-05 9.99035E-05 9.99035E-05 0.0194308 0.013331 9.99035E-05 9.99035E-05 0.966139 9.99035E-05
9.9921E-05 9.9921E-05 9.9921E-05 9.9921E-05 0.0220116 0.0241781 9.9921E-05 9.9921E-05 0.0842325 0.0519941 9.9921E-05 9.9921E-05 0.816684 9.9921E-05
0.0138435 9.99036E-05 9.99036E-05 9.99036E-05 9.99036E-05 9.99036E-05 9.99036E-05 9.99036E-05 9.99036E-05 0.0736979 9.99036E-05 9.99036E-05 0.91136 9.99036E-05
9.99124E-05 0.0969829 9.99124E-05 9.99124E-05 9.99124E-05 9.99124E-05 9.99124E-05 9.99124E-05 9.99124E-05 0.0520862 9.99124E-05 9.99124E-05 0.845738 0.00419413
9.9921E-05 0.181832 9.9921E-05 9.9921E-05 9.9921E-05 0.0356547 9.9921E-05 9.9921E-05 0.386992 0.156606 9.9921E-05 9.9921E-05 0.238016 9.9921E-05
9.99121E-05 9.99121E-05 0.139001 9.99121E-05 9.99121E-05 9.99121E-05 9.99121E-05 9.99121E-05 9.99121E-05 0.208393 9.99121E-05 9.99121E-05 0.547011 0.104596
9.99123E-05 9.99123E-05 9.99123E-05 9.99123E-05 9.99123E-05 9.99123E-05 9.99123E-05 9.99123E-05 0.056302 0.057136 9.99123E-05 9.99123E-05 0.842283 0.0432794
9.98947E-05 9.98947E-05 9.98947E-05 9.98947E-05 9.98947E-05 9.98947E-05 9.98947E-05 9.98947E-05 0.113454 9.98947E-05 9.98947E-05 9.98947E-05 0.885347 9.98947E-05
9.99385E-05 0.22805 0.0603841 0.0265764 9.99385E-05 9.99385E-05 9.99385E-05 9.99385E-05 0.112708 0.178562 9.99385E-05 9.99385E-05 0.213342 0.179678
9.9921E-05 9.9921E-05 9.9921E-05 9.9921E-05 9.9921E-05 0.0589791 9.9921E-05 9.9921E-05 0.154916 0.113558 9.9921E-05 0.21065 0.460997 9.9921E-05
9.99386E-05 0.110565 0.0961147 0.0616821 9.99386E-05 9.99386E-05 0.152948 9.99386E-05 0.0545972 0.168933 9.99386E-05 9.99386E-05 0.354461 9.99386E-05
9.995E-05 9.995E-05 0.102354 0.0353123 0.00803383 0.00349142 9.995E-05 9.995E-05 0.224023 0.28351 9.995E-05 0.137845 0.186983 0.0179476
9.98948E-05 9.98948E-05 9.98948E-05 9.98948E-05 9.98948E-05 9.98948E-05 9.98948E-05 9.98948E-05 0.0153305 9.98948E-05 9.98948E-05 9.98948E-05 0.983471 9.98948E-05
9.994E-05 9.994E-05 0.0742955 0.00999945 9.994E-05 0.0298408 0.0252995 0.1816 0.245932 0.0357511 9.994E-05 9.994E-05 0.396682 9.994E-05
9.99124E-05 0.0591691 9.99124E-05 9.99124E-05 9.99124E-05 9.99124E-05 9.99124E-05 9.99124E-05 9.99124E-05 0.0775488 9.99124E-05 0.0144681 0.847815 9.99124E-05
9.99123E-05 9.99123E-05 9.99123E-05 9.99123E-05 0.0048986 9.99123E-05 9.99123E-05 9.99123E-05 0.163242 0.131945 9.99123E-05 9.99123E-05 0.698915 9.99123E-05
9.99121E-05 9.99121E-05 9.99121E-05 0.152777 9.99121E-05 9.99121E-05 9.99121E-05 9.99121E-05 0.0214288 0.160931 9.99121E-05 9.99121E-05 0.663865 9.99121E-05
9.99384E-05 9.99384E-05 0.121818 9.99384E-05 0.00958046 0.0498707 9.99384E-05 0.134619 0.0641923 0.0142309 9.99384E-05 9.99384E-05 0.604989 9.99384E-05
9.99385E-05 0.149618 0.00915286 9.99385E-05 9.99385E-05 0.021177 9.99385E-05 0.079276 0.155491 0.340632 9.99385E-05 9.99385E-05 0.243953 9.99385E-05
9.99209E-05 9.99209E-05 9.99209E-05 9.99209E-05 9.99209E-05 0.0366493 0.0015988 9.99209E-05 0.19379 0.182619 9.99209E-05 9.99209E-05 0.584443 9.99209E-05
9.99297E-05 9.99297E-05 0.00578643 0.00753377 9.99297E-05 0.122627 9.99297E-05 9.99297E-05 0.112313 0.0881417 9.99297E-05 9.99297E-05 0.662798 9.99297E-05
9.9921E-05 9.9921E-05 9.9921E-05 0.00936803 9.9921E-05 0.0112 9.9921E-05 9.9921E-05 0.116521 9.9921E-05 9.9921E-05 9.9921E-05 0.702161 0.159851
9.99122E-05 0.0918317 9.99122E-05 9.99122E-05 9.99122E-05 9.99122E-05 9.99122E-05 9.99122E-05 0.0613162 0.170303 9.99122E-05 9.99122E-05 0.67555 9.99122E-05
9.98856E-05 9.98856E-05 9.98856E-05 9.98856E-05 9.98856E-05 9.98856E-05 9.98856E-05 9.98856E-05 0.998701 9.98856E-05 9.98856E-05 9.98856E-05 9.98856E-05 9.98856E-05
9.98856E-05 9.98856E-05 9.98856E-05 9.98856E-05 9.98856E-05 9.98856E-05 9.98856E-05 9.98856E-05 9.98856E-05 0.998701 9.98856E-05 9.98856E-05 9.98856E-05 9.98856E-05
9.98856E-05 9.98856E-05 9.98856E-05 9.98856E-05 9.98856E-05 9.98856E-05 9.98856E-05 9.98856E-05 0.998701 9.98856E-05 9.98856E-05 9.98856E-05 9.98856E-05 9.98856E-05
9.98856E-05 9.98856E-05 9.98856E-05 9.98856E-05 9.98856E-05 9.98856E-05 9.98856E-05 9.98856E-05 9.98856E-05 0.998701 9.98856E-05 9.98856E-05 9.98856E-05 9.98856E-05
9.98856E-05 9.98856E-05 9.98856E-05 9.98856E-05 9.98856E-05 9.98856E-05 9.98856E-05 9.98856E-05 9.98856E-05 0.998701 9.98856E-05 9.98856E-05 9.98856E-05 9.98856E-05
9.98857E-05 9.98857E-05 9.98857E-05 9.98857E-05 9.98857E-05 9.98857E-05 9.98857E-05 9.98857E-05 9.98857E-05 0.998701 9.98857E-05 9.98857E-05 9.98857E-05 9.98857E-05
9.98856E-05 9.98856E-05 9.98856E-05 9.98856E-05 9.98856E-05 9.98856E-05 9.98856E-05 9.98856E-05 0.998701 9.98856E-05 9.98856E-05 9.98856E-05 9.98856E-05 9.98856E-05
9.98857E-05 9.98857E-05 9.98857E-05 9.98857E-05 9.98857E-05 9.98857E-05 9.98857E-05 9.98857E-05 9.98857E-05 0.998701 9.98857E-05 9.98857E-05 9.98857E-05 9.98857E-05
9.98856E-05 9.98856E-05 9.98856E-05 9.98856E-05 9.98856E-05 9.98856E-05 9.98856E-05 9.98856E-05 9.98856E-05 0.998701 9.98856E-05 9.98856E-05 9.98856E-05 9.98856E-05
9.98856E-05 9.98856E-05 9.98856E-05 9.98856E-05 9.98856E-05 9.98856E-05 9.98856E-05 9.98856E-05 0.998701 9.98856E-05 9.98856E-05 9.98856E-05 9.98856E-05 9.98856E-05
9.98856E-05 9.98856E-05 9.98856E-05 9.98856E-05 9.98856E-05 9.98856E-05 9.98856E-05 9.98856E-05 0.998701 9.98856E-05 9.98856E-05 9.98856E-05 9.98856E-05 9.98856E-05
9.98856E-05 9.98856E-05 9.98856E-05 9.98856E-05 9.98856E-05 9.98856E-05 9.98856E-05 9.98856E-05 0.998701 9.98856E-05 9.98856E-05 9.98856E-05 9.98856E-05 9.98856E-05
9.98856E-05 9.98856E-05 9.98856E-05 9.98856E-05 9.98856E-05 9.98856E-05 9.98856E-05 9.98856E-05 9.98856E-05 0.998701 9.98856E-05 9.98856E-05 9.98856E-05 9.98856E-05
9.98856E-05 9.98856E-05 9.98856E-05 9.98856E-05 9.98856E-05 9.98856E-05 9.98856E-05 9.98856E-05 9.98856E-05 0.998701 9.98856E-05 9.98856E-05 9.98856E-05 9.98856E-05
9.98856E-05 9.98856E-05 9.98856E-05 9.98856E-05 9.98856E-05 9.98856E-05 9.98856E-05 9.98856E-05 0.998701 9.98856E-05 9.98856E-05 9.98856E-05 9.98856E-05 9.98856E-05
9.98856E-05 9.98856E-05 9.98856E-05 9.98856E-05 9.98856E-05 9.98856E-05 9.98856E-05 9.98856E-05 0.998701 9.98856E-05 9.98856E-05 9.98856E-05 9.98856E-05 9.98856E-05
9.99384E-05 9.99384E-05 9.99384E-05 0.0130783 9.99384E-05 9.99384E-05 0.0999256 0.179498 0.146875 0.153823 9.99384E-05 9.99384E-05 0.346004 0.0600964
9.98856E-05 9.98856E-05 9.98856E-05 9.98856E-05 9.98856E-05 9.98856E-05 9.98856E-05 9.98856E-05 0.998701 9.98856E-05 9.98856E-05 9.98856E-05 9.98856E-05 9.98856E-05
9.98857E-05 9.98857E-05 9.98857E-05 9.98857E-05 9.98857E-05 9.98857E-05 9.98857E-05 9.98857E-05 9.98857E-05 0.998701 9.98857E-05 9.98857E-05 9.98857E-05 9.98857E-05
9.98856E-05 9.98856E-05 9.98856E-05 9.98856E-05 9.98856E-05 9.98856E-05 9.98856E-05 9.98856E-05 0.998701 9.98856E-05 9.98856E-05 9.98856E-05 9.98856E-05 9.98856E-05
9.98856E-05 9.98856E-05 9.98856E-05 9.98856E-05 9.98856E-05 9.98856E-05 9.98856E-05 9.98856E-05 0.998701 9.98856E-05 9.98856E-05 9.98856E-05 9.98856E-05 9.98856E-05
9.98856E-05 9.98856E-05 9.98856E-05 9.98856E-05 9.98856E-05 9.98856E-05 9.98856E-05 9.98856E-05 0.998701 9.98856E-05 9.98856E-05 9.98856E-05 9.98856E-05 9.98856E-05
9.98857E-05 9.98857E-05 9.98857E-05 9.98857E-05 9.98857E-05 9.98857E-05 9.98857E-05 9.98857E-05 9.98857E-05 0.998701 9.98857E-05 9.98857E-05 9.98857E-05 9.98857E-05
9.98856E-05 9.98856E-05 9.98856E-05 9.98856E-05 9.98856E-05 9.98856E-05 9.98856E-05 9.98856E-05 0.998701 9.98856E-05 9.98856E-05 9.98856E-05 9.98856E-05 9.98856E-05
9.98856E-05 9.98856E-05 9.98856E-05 9.98856E-05 9.98856E-05 9.98856E-05 9.98856E-05 9.98856E-05 9.98856E-05 0.998701 9.98856E-05 9.98856E-05 9.98856E-05 9.98856E-05
9.98857E-05 9.98857E-05 9.98857E-05 9.98857E-05 9.98857E-05 9.98857E-05 9.98857E-05 9.98857E-05 0.998701 9.98857E-05 9.98857E-05 9.98857E-05 9.98857E-05 9.98857E-05
9.98857E-05 9.98857E-05 9.98857E-05 9.98857E-05 9.98857E-05 9.98857E-05 9.98857E-05 9.98857E-05 0.998701 9.98857E-05 9.98857E-05 9.98857E-05 9.98857E-05 9.98857E-05
9.98857E-05 9.98857E-05 9.98857E-05 9.98857E-05 9.98857E-05 9.98857E-05 9.98857E-05 9.98857E-05 9.98857E-05 0.998701 9.98857E-05 9.98857E-05 9.98857E-05 9.98857E-05
9.98857E-05 9.98857E-05 9.98857E-05 9.98857E-05 9.98857E-05 9.98857E-05 9.98857E-05 9.98857E-05 9.98857E-05 0.998701 9.98857E-05 9.98857E-05 9.98857E-05 9.98857E-05
9.98856E-05 9.98856E-05 9.98856E-05 9.98856E-05 9.98856E-05 9.98856E-05 9.98856E-05 9.98856E-05 9.98856E-05 0.998701 9.98856E-05 9.98856E-05 9.98856E-05 9.98856E-05
9.98857E-05 9.98857E-05 9.98857E-05 9.98857E-05 9.98857E-05 9.98857E-05 9.98857E-05 9.98857E-05 0.998701 9.98857E-05 9.98857E-05 9.98857E-05 9.98857E-05 9.98857E-05
9.98856E-05 9.98856E-05 9.98856E-05 9.98856E-05 9.98856E-05 9.98856E-05 9.98856E-05 9.98856E-05 0.998701 9.98856E-05 9.98856E-05 9.98856E-05 9.98856E-05 9.98856E-05
9.98856E-05 9.98856E-05 9.98856E-05 9.98856E-05 9.98856E-05 9.98856E-05 9.98856E-05 9.98856E-05 0.998701 9.98856E-05 9.98856E-05 9.98856E-05 9.98856E-05 9.98856E-05
9.98856E-05 9.98856E-05 9.98856E-05 9.98856E-05 9.98856E-05 9.98856E-05 9.98856E-05 9.98856E-05 0.998701 9.98856E-05 9.98856E-05 9.98856E-05 9.98856E-05 9.98856E-05
9.98857E-05 9.98857E-05 9.98857E-05 9.98857E-05 9.98857E-05 9.98857E-05 9.98857E-05 9.98857E-05 0.998701 9.98857E-05 9.98857E-05 9.98857E-05 9.98857E-05 9.98857E-05
9.98856E-05 9.98856E-05 9.98856E-05 9.98856E-05 9.98856E-05 9.98856E-05 9.98856E-05 9.98856E-05 9.98856E-05 0.998701 9.98856E-05 9.98856E-05 9.98856E-05 9.98856E-05
9.98857E-05 9.98857E-05 9.98857E-05 9.98857E-05 9.98857E-05 9.98857E-05 9.98857E-05 9.98857E-05 9.98857E-05 0.998701 9.98857E-05 9.98857E-05 9.98857E-05 9.98857E-05
9.98856E-05 9.98856E-05 9.98856E-05 9.98856E-05 9.98856E-05 9.98856E-05 9.98856E-05 9.98856E-05 9.98856E-05 0.998701 9.98856E-05 9.98856E-05 9.98856E-05 9.98856E-05
9.98856E-05 9.98856E-05 9.98856E-05 9.98856E-05 9.98856E-05 9.98856E-05 9.98856E-05 9.98856E-05 0.998701 9.98856E-05 9.98856E-05 9.98856E-05 9.98856E-05 9.98856E-05
9.98857E-05 9.98857E-05 9.98857E-05 9.98857E-05 9.98857E-05 9.98857E-05 9.98857E-05 9.98857E-05 9.98857E-05 0.998701 9.98857E-05 9.98857E-05 9.98857E-05 9.98857E-05
9.98856E-05 9.98856E-05 9.98856E-05 9.98856E-05 9.98856E-05 9.98856E-05 9.98856E-05 9.98856E-05 9.98856E-05 0.998701 9.98856E-05 9.98856E-05 9.98856E-05 9.98856E-05
9.98856E-05 9.98856E-05 9.98856E-05 9.98856E-05 9.98856E-05 9.98856E-05 9.98856E-05 9.98856E-05 9.98856E-05 0.998701 9.98856E-05 9.98856E-05 9.98856E-05 9.98856E-05
9.98856E-05 9.98856E-05 9.98856E-05 9.98856E-05 9.98856E-05 9.98856E-05 9.98856E-05 9.98856E-05 9.98856E-05 0.998701 9.98856E-05 9.98856E-05 9.98856E-05 9.98856E-05
9.98856E-05 9.98856E-05 9.98856E-05 9.98856E-05 9.98856E-05 9.98856E-05 9.98856E-05 9.98856E-05 0.998701 9.98856E-05 9.98856E-05 9.98856E-05 9.98856E-05 9.98856E-05
9.98858E-05 9.98858E-05 9.98858E-05 9.98858E-05 9.98858E-05 9.98858E-05 9.98858E-05 9.98858E-05 9.98858E-05 0.998701 9.98858E-05 9.98858E-05 9.98858E-05 9.98858E-05
9.98856E-05 9.98856E-05 9.98856E-05 9.98856E-05 9.98856E-05 9.98856E-05 9.98856E-05 9.98856E-05 9.98856E-05 0.998701 9.98856E-05 9.98856E-05 9.98856E-05 9.98856E-05
9.99473E-05 0.0193945 9.99473E-05 0.0270475 9.99473E-05 9.99473E-05 0.076009 0.204192 0.205218 0.145728 9.99473E-05 9.99473E-05 0.277528 0.0442837
9.98856E-05 9.98856E-05 9.98856E-05 9.98856E-05 9.98856E-05 9.98856E-05 9.98856E-05 9.98856E-05 0.998701 9.98856E-05 9.98856E-05 9.98856E-05 9.98856E-05 9.98856E-05
9.98858E-05 9.98858E-05 9.98858E-05 9.98858E-05 9.98858E-05 9.98858E-05 9.98858E-05 9.98858E-05 9.98858E-05 0.998701 9.98858E-05 9.98858E-05 9.98858E-05 9.98858E-05
9.98857E-05 9.98857E-05 9.98857E-05 9.98857E-05 9.98857E-05 9.98857E-05 9.98857E-05 9.98857E-05 9.98857E-05 0.998701 9.98857E-05 9.98857E-05 9.98857E-05 9.98857E-05
9.98856E-05 9.98856E-05 9.98856E-05 9.98856E-05 9.98856E-05 9.98856E-05 9.98856E-05 9.98856E-05 9.98856E-05 0.998701 9.98856E-05 9.98856E-05 9.98856E-05 9.98856E-05
9.98857E-05 9.98857E-05 9.98857E-05 9.98857E-05 9.98857E-05 9.98857E-05 9.98857E-05 9.98857E-05 9.98857E-05 0.998701 9.98857E-05 9.98857E-05 9.98857E-05 9.98857E-05
9.98856E-05 9.98856E-05 9.98856E-05 9.98856E-05 9.98856E-05 9.98856E-05 9.98856E-05 9.98856E-05 0.998701 9.98856E-05 9.98856E-05 9.98856E-05 9.98856E-05 9.98856E-05
9.98857E-05 9.98857E-05 9.98857E-05 9.98857E-05 9.98857E-05 9.98857E-05 9.98857E-05 9.98857E-05 9.98857E-05 0.998701 9.98857E-05 9.98857E-05 9.98857E-05 9.98857E-05
9.98856E-05 9.98856E-05 9.98856E-05 9.98856E-05 9.98856E-05 9.98856E-05 9.98856E-05 9.98856E-05 0.998701 9.98856E-05 9.98856E-05 9.98856E-05 9.98856E-05 9.98856E-05
9.98857E-05 9.98857E-05 9.98857E-05 9.98857E-05 9.98857E-05 9.98857E-05 9.98857E-05 9.98857E-05 9.98857E-05 0.998701 9.98857E-05 9.98857E-05 9.98857E-05 9.98857E-05
9.98857E-05 9.98857E-05 9.98857E-05 9.98857E-05 9.98857E-05 9.98857E-05 9.98857E-05 9.98857E-05 0.998701 9.98857E-05 9.98857E-05 9.98857E-05 9.98857E-05 9.98857E-05
9.98856E-05 9.98856E-05 9.98856E-05 9.98856E-05 9.98856E-05 9.98856E-05 9.98856E-05 9.98856E-05 9.98856E-05 0.998701 9.98856E-05 9.98856E-05 9.98856E-05 9.98856E-05
9.98856E-05 9.98856E-05 9.98856E-05 9.98856E-05 9.98856E-05 9.98856E-05 9.98856E-05 9.98856E-05 9.98856E-05 0.998701 9.98856E-05 9.98856E-05 9.98856E-05 9.98856E-05
9.98856E-05 9.98856E-05 9.98856E-05 9.98856E-05 9.98856E-05 9.98856E-05 9.98856E-05 9.98856E-05 9.98856E-05 0.998701 9.98856E-05 9.98856E-05 9.98856E-05 9.98856E-05
9.98856E-05 9.98856E-05 9.98856E-05 9.98856E-05 9.98856E-05 9.98856E-05 9.98856E-05 9.98856E-05 9.98856E-05 0.998701 9.98856E-05 9.98856E-05 9.98856E-05 9.98856E-05
9.98856E-05 9.98856E-05 9.98856E-05 9.98856E-05 9.98856E-05 9.98856E-05 9.98856E-05 9.98856E-05 9.98856E-05 0.998701 9.98856E-05 9.98856E-05 9.98856E-05 9.98856E-05
9.98856E-05 9.98856E-05 9.98856E-05 9.98856E-05 9.98856E-05 9.98856E-05 9.98856E-05 9.98856E-05 9.98856E-05 0.998701 9.98856E-05 9.98856E-05 9.98856E-05 9.98856E-05
9.98856E-05 9.98856E-05 9.98856E-05 9.98856E-05 9.98856E-05 9.98856E-05 9.98856E-05 9.98856E-05 0.998701 9.98856E-05 9.98856E-05 9.98856E-05 9.98856E-05 9.98856E-05
9.98856E-05 9.98856E-05 9.98856E-05 9.98856E-05 9.98856E-05 9.98856E-05 9.98856E-05 9.98856E-05 0.998701 9.98856E-05 9.98856E-05 9.98856E-05 9.98856E-05 9.98856E-05
9.98857E-05 9.98857E-05 9.98857E-05 9.98857E-05 9.98857E-05 9.98857E-05 9.98857E-05 9.98857E-05 0.998701 9.98857E-05 9.98857E-05 9.98857E-05 9.98857E-05 9.98857E-05
9.98857E-05 9.98857E-05 9.98857E-05 9.98857E-05 9.98857E-05 9.98857E-05 9.98857E-05 9.98857E-05 9.98857E-05 0.998701 9.98857E-05 9.98857E-05 9.98857E-05 9.98857E-05
9.98857E-05 9.98857E-05 9.98857E-05 9.98857E-05 9.98857E-05 9.98857E-05 9.98857E-05 9.98857E-05 0.998701 9.98857E-05 9.98857E-05 9.98857E-05 9.98857E-05 9.98857E-05
9.98857E-05 9.98857E-05 9.98857E-05 9.98857E-05 9.98857E-05 9.98857E-05 9.98857E-05 9.98857E-05 0.998701 9.98857E-05 9.98857E-05 9.98857E-05 9.98857E-05 9.98857E-05
9.98856E-05 9.98856E-05 9.98856E-05 9.98856E-05 9.98856E-05 9.98856E-05 9.98856E-05 9.98856E-05 0.998701 9.98856E-05 9.98856E-05 9.98856E-05 9.98856E-05 9.98856E-05
9.98857E-05 9.98857E-05 9.98857E-05 9.98857E-05 9.98857E-05 9.98857E-05 9.98857E-05 9.98857E-05 9.98857E-05 0.998701 9.98857E-05 9.98857E-05 9.98857E-05 9.98857E-05
9.98857E-05 9.98857E-05 9.98857E-05 9.98857E-05 9.98857E-05 9.98857E-05 9.98857E-05 9.98857E-05 9.98857E-05 0.998701 9.98857E-05 9.98857E-05 9.98857E-05 9.98857E-05
9.98857E-05 9.98857E-05 9.98857E-05 9.98857E-05 9.98857E-05 9.98857E-05 9.98857E-05 9.98857E-05 9.98857E-05 0.998701 9.98857E-05 9.98857E-05 9.98857E-05 9.98857E-05
9.98856E-05 9.98856E-05 9.98856E-05 9.98856E-05 9.98856E-05 9.98856E-05 9.98856E-05 9.98856E-05 0.998701 9.98856E-05 9.98856E-05 9.98856E-05 9.98856E-05 9.98856E-05
9.98856E-05 9.98856E-05 9.98856E-05 9.98856E-05 9.98856E-05 9.98856E-05 9.98856E-05 9.98856E-05 9.98856E-05 0.998701 9.98856E-05 9.98856E-05 9.98856E-05 9.98856E-05
9.98856E-05 9.98856E-05 9.98856E-05 9.98856E-05 9.98856E-05 9.98856E-05 9.98856E-05 9.98856E-05 9.98856E-05 0.998701 9.98856E-05 9.98856E-05 9.98856E-05 9.98856E-05
9.98856E-05 9.98856E-05 9.98856E-05 9.98856E-05 9.98856E-05 9.98856E-05 9.98856E-05 9.98856E-05 0.998701 9.98856E-05 9.98856E-05 9.98856E-05 9.98856E-05 9.98856E-05
9.98857E-05 9.98857E-05 9.98857E-05 9.98857E-05 9.98857E-05 9.98857E-05 9.98857E-05 9.98857E-05 9.98857E-05 0.998701 9.98857E-05 9.98857E-05 9.98857E-05 9.98857E-05
9.98856E-05 9.98856E-05 9.98856E-05 9.98856E-05 9.98856E-05 9.98856E-05 9.98856E-05 9.98856E-05 9.98856E-05 0.998701 9.98856E-05 9.98856E-05 9.98856E-05 9.98856E-05
9.99297E-05 0.0381784 9.99297E-05 9.99297E-05 0.0670315 0.235554 9.99297E-05 9.99297E-05 0.348287 0.12134 9.99297E-05 9.99297E-05 0.18881 9.99297E-05
9.98856E-05 9.98856E-05 9.98856E-05 9.98856E-05 9.98856E-05 9.98856E-05 9.98856E-05 9.98856E-05 0.998701 9.98856E-05 9.98856E-05 9.98856E-05 9.98856E-05 9.98856E-05
9.98857E-05 9.98857E-05 9.98857E-05 9.98857E-05 9.98857E-05 9.98857E-05 9.98857E-05 9.98857E-05 9.98857E-05 0.998701 9.98857E-05 9.98857E-05 9.98857E-05 9.98857E-05
9.99298E-05 0.014969 9.99298E-05 9.99298E-05 9.99298E-05 0.0247537 0.10011 9.99298E-05 0.023227 0.48965 9.99298E-05 9.99298E-05 0.346491 9.99298E-05
9.99297E-05 9.99297E-05 9.99297E-05 9.99297E-05 9.99297E-05 9.99297E-05 0.0205258 0.0826468 0.186694 0.298452 9.99297E-05 9.99297E-05 0.381967 0.0289148
0.0227013 9.99209E-05 9.99209E-05 9.99209E-05 9.99209E-05 9.99209E-05 0.041828 9.99209E-05 0.405472 9.99209E-05 9.99209E-05 9.99209E-05 0.517819 0.01128
9.99208E-05 9.99208E-05 9.99208E-05 9.99208E-05 0.0679384 9.99208E-05 9.99208E-05 0.16608 0.181737 9.99208E-05 9.99208E-05 9.99208E-05 0.543969 0.0393766
9.99033E-05 9.99033E-05 9.99033E-05 9.99033E-05 9.99033E-05 9.99033E-05 9.99033E-05 9.99033E-05 0.285566 0.253573 9.99033E-05 9.99033E-05 0.459762 9.99033E-05
9.99124E-05 9.99124E-05 9.99124E-05 9.99124E-05 9.99124E-05 9.99124E-05 9.99124E-05 9.99124E-05 0.0436506 0.072671 9.99124E-05 0.145408 0.737271 9.99124E-05
9.9921E-05 9.9921E-05 0.285868 9.9921E-05 9.9921E-05 9.9921E-05 9.9921E-05 0.0267821 0.196823 0.301251 9.9921E-05 9.9921E-05 0.188377 9.9921E-05
9.99385E-05 9.99385E-05 9.99385E-05 9.99385E-05 0.0585535 0.091377 0.068166 9.99385E-05 0.0315818 0.212455 9.99385E-05 9.99385E-05 0.514079 0.0230879
9.99035E-05 9.99035E-05 9.99035E-05 9.99035E-05 9.99035E-05 9.99035E-05 9.99035E-05 9.99035E-05 0.0497788 0.211339 9.99035E-05 9.99035E-05 0.737784 9.99035E-05
0.0064992 9.99385E-05 0.0153429 0.00756354 9.99385E-05 9.99385E-05 0.101055 0.0739951 0.146005 9.99385E-05 9.99385E-05 9.99385E-05 0.64884 9.99385E-05
9.99121E-05 9.99121E-05 9.99121E-05 9.99121E-05 9.99121E-05 0.107832 9.99121E-05 9.99121E-05 0.279567 0.104703 9.99121E-05 9.99121E-05 0.506899 9.99121E-05
9.99209E-05 9.99209E-05 0.0231381 9.99209E-05 9.99209E-05 9.99209E-05 9.99209E-05 0.0233586 0.0307831 0.583013 9.99209E-05 9.99209E-05 0.338808 9.99209E-05
9.99385E-05 9.99385E-05 0.112982 0.154243 0.0483067 9.99385E-05 9.99385E-05 9.99385E-05 0.256116 0.197415 9.99385E-05 0.0635859 0.166651 9.99385E-05
9.99296E-05 9.99296E-05 9.99296E-05 9.99296E-05 0.130704 9.99296E-05 0.018505 9.99296E-05 0.0953828 0.0660774 9.99296E-05 9.99296E-05 0.680531 0.00800037
9.99121E-05 9.99121E-05 9.99121E-05 9.99121E-05 9.99121E-05 0.103676 9.99121E-05 9.99121E-05 0.268384 0.151062 9.99121E-05 9.99121E-05 0.475879 9.99121E-05
0.0859423 0.140385 0.114312 9.99473E-05 9.99473E-05 0.0292067 9.99473E-05 9.99473E-05 0.113321 0.262324 9.99473E-05 0.00162007 0.25229 9.99473E-05
0.00486006 9.99298E-05 9.99298E-05 0.0288985 9.99298E-05 9.99298E-05 0.079779 9.99298E-05 0.171247 0.128314 9.99298E-05 9.99298E-05 0.586102 9.99298E-05
9.995E-05 0.00884868 0.0208691 0.052606 0.00473092 0.106561 0.0166692 9.995E-05 0.4213 0.0646664 9.995E-05 9.995E-05 0.303248 9.995E-05
0.053481 0.238792 0.0223022 9.99384E-05 9.99384E-05 0.0260754 9.99384E-05 9.99384E-05 9.99384E-05 0.120152 9.99384E-05 9.99384E-05 0.436086 0.102411
0.134882 9.99297E-05 9.99297E-05 9.99297E-05 0.0198219 9.99297E-05 0.0595223 9.99297E-05 0.241179 0.164557 9.99297E-05 9.99297E-05 0.379238 9.99297E-05
0.14761 0.0825204 9.99296E-05 9.99296E-05 9.99296E-05 9.99296E-05 9.99296E-05 0.0289889 0.0675198 0.160189 9.99296E-05 9.99296E-05 0.512372 9.99296E-05
0.069816 0.00243758 9.99209E-05 0.0860777 9.99209E-05 9.99209E-05 9.99209E-05 9.99209E-05 9.99209E-05 0.259952 9.99209E-05 9.99209E-05 0.580817 9.99209E-05
9.99297E-05 9.99297E-05 9.99297E-05 0.158855 0.0232447 0.0507126 9.99297E-05 9.99297E-05 0.249509 0.146934 9.99297E-05 9.99297E-05 0.369945 9.99297E-05
0.126836 9.99296E-05 9.99296E-05 9.99296E-05 9.99296E-05 0.0388389 9.99296E-05 9.99296E-05 0.0925592 0.14916 9.99296E-05 9.99296E-05 0.543655 0.0481521
