0.0682722 9.98683E-05 9.98683E-05 9.98683E-05 9.98683E-05 9.98683E-05 9.98683E-05 9.98683E-05 9.98683E-05 0.224588 9.98683E-05 9.98683E-05 0.069207 0.186633 0.186982 0.0285012 0.156743 9.98683E-05 0.0584809 9.98683E-05 9.98683E-05 9.98683E-05 9.98683E-05 0.019095
9.98071E-05 9.98071E-05 9.98071E-05 9.98071E-05 9.98071E-05 9.98071E-05 9.98071E-05 9.98071E-05 9.98071E-05 0.91454 9.98071E-05 9.98071E-05 0.0832644 9.98071E-05 9.98071E-05 9.98071E-05 9.98071E-05 9.98071E-05 9.98071E-05 9.98071E-05 9.98071E-05 9.98071E-05 9.98071E-05 9.98071E-05
9.98333E-05 9.98333E-05 9.98333E-05 9.98333E-05 0.0632555 9.98333E-05 9.98333E-05 9.98333E-05 9.98333E-05 0.428989 9.98333E-05 9.98333E-05 9.98333E-05 0.459871 9.98333E-05 9.98333E-05 0.010873 9.98333E-05 9.98333E-05 0.0351144 9.98333E-05 9.98333E-05 9.98333E-05 9.98333E-05
9.98947E-05 9.98947E-05 0.220755 0.0174966 9.98947E-05 9.98947E-05 0.0312837 9.98947E-05 9.98947E-05 9.98947E-05 0.00572391 0.0351828 0.0207809 0.341547 9.98947E-05 9.98947E-05 0.10699 0.0130051 9.98947E-05 0.142648 9.98947E-05 9.98947E-05 0.0279951 0.0353929
9.98159E-05 9.98159E-05 9.98159E-05 9.98159E-05 9.98159E-05 9.98159E-05 9.98159E-05 0.00791804 9.98159E-05 0.924214 9.98159E-05 9.98159E-05 9.98159E-05 9.98159E-05 9.98159E-05 9.98159E-05 9.98159E-05 0.0657719 9.98159E-05 9.98159E-05 9.98159E-05 9.98159E-05 9.98159E-05 9.98159E-05
0.056011 9.98685E-05 9.98685E-05 9.98685E-05 0.11452 9.98685E-05 9.98685E-05 9.98685E-05 9.98685E-05 9.98685E-05 0.213519 0.0110873 9.98685E-05 0.267908 0.0643635 9.98685E-05 9.98685E-05 0.075738 9.98685E-05 0.150724 9.98685E-05 9.98685E-05 9.98685E-05 0.0446305
9.98948E-05 0.0285421 0.0500789 9.98948E-05 9.98948E-05 9.98948E-05 9.98948E-05 9.98948E-05 9.98948E-05 0.126885 9.98948E-05 0.0259579 0.0811794 0.0652312 0.146093 0.038411 0.0885811 0.102602 0.104199 9.98948E-05 9.98948E-05 9.98948E-05 9.98948E-05 0.14104
0.0745114 9.98948E-05 9.98948E-05 0.0387157 0.0635334 9.98948E-05 9.98948E-05 9.98948E-05 9.98948E-05 0.160771 0.160006 0.0229141 9.98948E-05 0.0144582 0.0564816 9.98948E-05 0.225693 0.0637417 9.98948E-05 0.040324 9.98948E-05 0.0776506 9.98948E-05 9.98948E-05
9.98771E-05 9.98771E-05 9.98771E-05 0.0930108 0.0170095 9.98771E-05 9.98771E-05 9.98771E-05 9.98771E-05 9.98771E-05 0.175373 9.98771E-05 0.0254483 0.272272 9.98771E-05 0.141405 0.0223689 9.98771E-05 0.180509 0.0347657 0.0364394 9.98771E-05 9.98771E-05 9.98771E-05
9.98245E-05 9.98245E-05 9.98245E-05 9.98245E-05 9.98245E-05 9.98245E-05 9.98245E-05 0.00746874 9.98245E-05 0.712978 9.98245E-05 9.98245E-05 9.98245E-05 0.252145 9.98245E-05 9.98245E-05 9.98245E-05 9.98245E-05 0.0254117 9.98245E-05 9.98245E-05 9.98245E-05 9.98245E-05 9.98245E-05
9.98509E-05 9.98509E-05 9.98509E-05 9.98509E-05 9.98509E-05 9.98509E-05 9.98509E-05 0.045653 9.98509E-05 9.98509E-05 0.0525081 9.98509E-05 9.98509E-05 0.653225 9.98509E-05 0.044319 9.98509E-05 9.98509E-05 0.10274 9.98509E-05 9.98509E-05 9.98509E-05 0.0517283 0.0481285
9.98158E-05 9.98158E-05 9.98158E-05 9.98158E-05 9.98158E-05 9.98158E-05 9.98158E-05 9.98158E-05 9.98158E-05 0.906866 9.98158E-05 9.98158E-05 9.98158E-05 9.98158E-05 9.98158E-05 9.98158E-05 9.98158E-05 9.98158E-05 9.98158E-05 9.98158E-05 9.98158E-05 0.0363496 9.98158E-05 0.0546878
9.98334E-05 9.98334E-05 9.98334E-05 9.98334E-05 9.98334E-05 9.98334E-05 9.98334E-05 9.98334E-05 9.98334E-05 0.00721395 9.98334E-05 9.98334E-05 9.98334E-05 0.868703 9.98334E-05 9.98334E-05 0.033583 9.98334E-05 0.0514943 9.98334E-05 0.0371091 9.98334E-05 9.98334E-05 9.98334E-05
9.98598E-05 9.98598E-05 9.98598E-05 9.98598E-05 0.035102 0.0330672 9.98598E-05 9.98598E-05 0.0108337 0.753527 9.98598E-05 9.98598E-05 9.98598E-05 9.98598E-05 9.98598E-05 9.98598E-05 0.0242792 9.98598E-05 0.0607472 0.0614096 9.98598E-05 9.98598E-05 9.98598E-05 0.0194358
9.9886E-05 9.9886E-05 9.9886E-05 9.9886E-05 9.9886E-05 0.076321 9.9886E-05 9.9886E-05 0.00787552 0.153408 0.125151 9.9886E-05 0.0159621 0.195495 0.140901 9.9886E-05 0.0481887 9.9886E-05 0.107098 0.101917 0.0263833 9.9886E-05 9.9886E-05 9.9886E-05
9.98771E-05 9.98771E-05 0.0361625 9.98771E-05 9.98771E-05 9.98771E-05 0.0349198 9.98771E-05 9.98771E-05 0.192872 0.211213 9.98771E-05 9.98771E-05 0.0592708 0.130422 9.98771E-05 0.0442784 9.98771E-05 0.118351 0.0294569 9.98771E-05 0.141656 9.98771E-05 9.98771E-05
9.98422E-05 9.98422E-05 9.98422E-05 9.98422E-05 9.98422E-05 9.98422E-05 0.142059 9.98422E-05 0.166675 0.044406 9.98422E-05 9.98422E-05 0.0819796 0.537125 9.98422E-05 9.98422E-05 9.98422E-05 9.98422E-05 0.0259586 9.98422E-05 9.98422E-05 9.98422E-05 9.98422E-05 9.98422E-05
9.98597E-05 9.98597E-05 9.98597E-05 9.98597E-05 9.98597E-05 9.98597E-05 9.98597E-05 0.144902 9.98597E-05 0.137774 0.0504342 9.98597E-05 9.98597E-05 0.0761835 0.218919 9.98597E-05 0.12656 9.98597E-05 0.13614 9.98597E-05 9.98597E-05 9.98597E-05 0.10749 9.98597E-05
9.98421E-05 9.98421E-05 9.98421E-05 9.98421E-05 9.98421E-05 0.0696206 9.98421E-05 9.98421E-05 9.98421E-05 9.98421E-05 0.133187 9.98421E-05 9.98421E-05 0.38099 9.98421E-05 9.98421E-05 0.197704 0.107877 0.108824 9.98421E-05 9.98421E-05 9.98421E-05 9.98421E-05 9.98421E-05
9.97981E-05 9.97981E-05 9.97981E-05 9.97981E-05 9.97981E-05 9.97981E-05 9.97981E-05 9.97981E-05 9.97981E-05 9.97981E-05 9.97981E-05 9.97981E-05 9.97981E-05 0.997705 9.97981E-05 9.97981E-05 9.97981E-05 9.97981E-05 9.97981E-05 9.97981E-05 9.97981E-05 9.97981E-05 9.97981E-05 9.97981E-05
9.98509E-05 9.98509E-05 9.98509E-05 0.287327 9.98509E-05 9.98509E-05 9.98509E-05 9.98509E-05 9.98509E-05 9.98509E-05 0.0295547 9.98509E-05 9.98509E-05 0.54761 9.98509E-05 9.98509E-05 9.98509E-05 9.98509E-05 9.98509E-05 0.0529775 9.98509E-05 0.013291 0.00558276 0.0619587
9.98422E-05 9.98422E-05 9.98422E-05 9.98422E-05 0.138518 9.98422E-05 0.0338277 9.98422E-05 9.98422E-05 9.98422E-05 0.133431 9.98422E-05 9.98422E-05 0.304479 9.98422E-05 9.98422E-05 0.255718 0.132229 9.98422E-05 9.98422E-05 9.98422E-05 9.98422E-05 9.98422E-05 9.98422E-05
9.98422E-05 9.98422E-05 9.98422E-05 9.98422E-05 9.98422E-05 9.98422E-05 9.98422E-05 0.00292073 9.98422E-05 9.98422E-05 9.98422E-05 9.98422E-05 9.98422E-05 0.648521 0.212158 9.98422E-05 9.98422E-05 9.98422E-05 0.054397 0.00906965 9.98422E-05 9.98422E-05 9.98422E-05 0.071137
9.98421E-05 9.98421E-05 9.98421E-05 9.98421E-05 9.98421E-05 9.98421E-05 9.98421E-05 9.98421E-05 9.98421E-05 0.204538 9.98421E-05 9.98421E-05 9.98421E-05 0.18464 9.98421E-05 0.101851 0.184631 9.98421E-05 0.284631 9.98421E-05 9.98421E-05 0.0379123 9.98421E-05 9.98421E-05
9.98771E-05 9.98771E-05 9.98771E-05 9.98771E-05 9.98771E-05 0.104394 9.98771E-05 9.98771E-05 9.98771E-05 0.255613 0.022868 9.98771E-05 9.98771E-05 0.0662664 9.98771E-05 9.98771E-05 0.0621513 9.98771E-05 0.252229 0.172919 0.00812731 9.98771E-05 0.0479164 0.00611715
9.98421E-05 0.0291624 9.98421E-05 9.98421E-05 0.0136127 9.98421E-05 9.98421E-05 9.98421E-05 9.98421E-05 9.98421E-05 9.98421E-05 9.98421E-05 9.98421E-05 0.761995 9.98421E-05 9.98421E-05 0.0473137 9.98421E-05 0.0837922 0.0623269 9.98421E-05 9.98421E-05 9.98421E-05 9.98421E-05
9.98596E-05 9.98596E-05 9.98596E-05 9.98596E-05 9.98596E-05 9.98596E-05 9.98596E-05 0.103036 9.98596E-05 9.98596E-05 9.98596E-05 9.98596E-05 0.0299313 0.0759015 9.98596E-05 9.98596E-05 0.377983 9.98596E-05 0.0685664 0.287978 9.98596E-05 0.036488 0.0185192 9.98596E-05
9.98422E-05 9.98422E-05 9.98422E-05 9.98422E-05 9.98422E-05 9.98422E-05 9.98422E-05 9.98422E-05 9.98422E-05 9.98422E-05 9.98422E-05 9.98422E-05 9.98422E-05 0.834108 9.98422E-05 9.98422E-05 0.0559261 0.00623379 0.0354005 9.98422E-05 0.0627812 9.98422E-05 9.98422E-05 0.00375361
9.98334E-05 9.98334E-05 9.98334E-05 9.98334E-05 9.98334E-05 9.98334E-05 9.98334E-05 9.98334E-05 9.98334E-05 0.647687 9.98334E-05 9.98334E-05 9.98334E-05 9.98334E-05 0.0685568 0.00332467 0.0896106 9.98334E-05 0.188924 9.98334E-05 9.98334E-05 9.98334E-05 9.98334E-05 9.98334E-05
9.98422E-05 9.98422E-05 9.98422E-05 9.98422E-05 9.98422E-05 9.98422E-05 9.98422E-05 9.98422E-05 0.00880062 0.859259 0.0709716 9.98422E-05 9.98422E-05 9.98422E-05 9.98422E-05 9.98422E-05 9.98422E-05 0.0132416 0.0446136 9.98422E-05 9.98422E-05 9.98422E-05 9.98422E-05 0.00131599
9.98507E-05 9.98507E-05 9.98507E-05 9.98507E-05 9.98507E-05 0.0685289 9.98507E-05 9.98507E-05 9.98507E-05 9.98507E-05 0.0117648 9.98507E-05 9.98507E-05 0.766345 0.0835573 9.98507E-05 9.98507E-05 0.000128233 0.000910548 9.98507E-05 9.98507E-05 9.98507E-05 9.98507E-05 0.0670679
9.98597E-05 0.0229135 0.00738213 9.98597E-05 9.98597E-05 9.98597E-05 9.98597E-05 9.98597E-05 9.98597E-05 9.98597E-05 9.98597E-05 0.0311148 9.98597E-05 0.615025 9.98597E-05 9.98597E-05 9.98597E-05 0.00880716 0.0381169 0.250027 9.98597E-05 9.98597E-05 9.98597E-05 0.0250156
9.98772E-05 9.98772E-05 0.0260031 9.98772E-05 0.00874991 9.98772E-05 9.98772E-05 9.98772E-05 9.98772E-05 0.477488 0.00218946 0.00834779 9.98772E-05 9.98772E-05 0.00465923 9.98772E-05 0.236819 9.98772E-05 0.0282237 9.98772E-05 9.98772E-05 0.0472368 9.98772E-05 0.158885
9.98683E-05 0.00775792 0.00859386 9.98683E-05 0.0340689 9.98683E-05 9.98683E-05 0.00243462 9.98683E-05 0.582555 9.98683E-05 9.98683E-05 9.98683E-05 9.98683E-05 9.98683E-05 9.98683E-05 0.0926604 9.98683E-05 0.0760528 0.188815 0.0055633 9.98683E-05 9.98683E-05 9.98683E-05
9.98376E-05 9.98376E-05 9.98376E-05 9.98376E-05 9.98376E-05 9.98376E-05 9.98376E-05 9.98376E-05 9.98376E-05 0.946266 0.00113049 9.98376E-05 0.0273113 9.98376E-05 9.98376E-05 9.98376E-05 9.98376E-05 9.98376E-05 0.00690704 9.98376E-05 9.98376E-05 9.98376E-05 9.98376E-05 0.0164877
9.98684E-05 9.98684E-05 0.0814542 9.98684E-05 9.98684E-05 9.98684E-05 9.98684E-05 9.98684E-05 9.98684E-05 9.98684E-05 0.0134153 9.98684E-05 0.0271587 0.726814 0.0199885 0.0387885 0.0514562 9.98684E-05 0.0201824 9.98684E-05 9.98684E-05 9.98684E-05 0.0192445 9.98684E-05
9.98159E-05 0.005512 9.98159E-05 9.98159E-05 9.98159E-05 9.98159E-05 9.98159E-05 9.98159E-05 9.98159E-05 9.98159E-05 9.98159E-05 9.98159E-05 9.98159E-05 0.948383 9.98159E-05 9.98159E-05 9.98159E-05 0.044009 9.98159E-05 9.98159E-05 9.98159E-05 9.98159E-05 9.98159E-05 9.98159E-05
9.98334E-05 9.98334E-05 0.0274067 9.98334E-05 9.98334E-05 9.98334E-05 9.98334E-05 9.98334E-05 9.98334E-05 0.690161 0.133961 9.98334E-05 0.0757321 9.98334E-05 9.98334E-05 9.98334E-05 9.98334E-05 9.98334E-05 9.98334E-05 9.98334E-05 9.98334E-05 9.98334E-05 0.0708428 9.98334E-05
9.9851E-05 9.9851E-05 9.9851E-05 9.9851E-05 0.0464333 9.9851E-05 9.9851E-05 9.9851E-05 0.0268555 0.692446 0.0161288 9.9851E-05 0.0430348 9.9851E-05 9.9851E-05 9.9851E-05 9.9851E-05 9.9851E-05 0.167625 9.9851E-05 9.9851E-05 9.9851E-05 9.9851E-05 0.00577914
9.98333E-05 9.98333E-05 9.98333E-05 9.98333E-05 9.98333E-05 9.98333E-05 9.98333E-05 9.98333E-05 9.98333E-05 0.646399 9.98333E-05 9.98333E-05 9.98333E-05 9.98333E-05 9.98333E-05 9.98333E-05 9.98333E-05 0.0449014 0.120658 0.105836 9.98333E-05 0.0803092 9.98333E-05 9.98333E-05
9.98333E-05 9.98333E-05 9.98333E-05 9.98333E-05 9.98333E-05 9.98333E-05 9.98333E-05 9.98333E-05 9.98333E-05 9.98333E-05 9.98333E-05 9.98333E-05 9.98333E-05 0.800199 9.98333E-05 9.98333E-05 0.114702 0.0271098 0.048518 9.98333E-05 9.98333E-05 9.98333E-05 9.98333E-05 0.00757358
9.98335E-05 9.98335E-05 9.98335E-05 9.98335E-05 9.98335E-05 9.98335E-05 9.98335E-05 9.98335E-05 9.98335E-05 0.654069 0.0475347 9.98335E-05 9.98335E-05 9.98335E-05 9.98335E-05 0.0095725 0.24388 9.98335E-05 0.0430465 9.98335E-05 9.98335E-05 9.98335E-05 9.98335E-05 9.98335E-05
9.98333E-05 9.98333E-05 9.98333E-05 9.98333E-05 9.98333E-05 9.98333E-05 9.98333E-05 9.98333E-05 0.139687 0.614714 9.98333E-05 9.98333E-05 9.98333E-05 0.113571 9.98333E-05 9.98333E-05 9.98333E-05 0.0972617 9.98333E-05 9.98333E-05 0.0328697 9.98333E-05 9.98333E-05 9.98333E-05
9.98596E-05 9.98596E-05 9.98596E-05 9.98596E-05 9.98596E-05 9.98596E-05 9.98596E-05 9.98596E-05 9.98596E-05 0.426217 0.15474 9.98596E-05 0.0116749 9.98596E-05 0.107897 0.0291836 0.0872763 9.98596E-05 0.153337 9.98596E-05 9.98596E-05 9.98596E-05 9.98596E-05 0.0280764
9.98509E-05 9.98509E-05 0.185261 9.98509E-05 0.0144341 9.98509E-05 9.98509E-05 9.98509E-05 9.98509E-05 0.0252699 9.98509E-05 9.98509E-05 9.98509E-05 0.218473 9.98509E-05 9.98509E-05 0.33973 0.120886 0.0942474 9.98509E-05 9.98509E-05 9.98509E-05 9.98509E-05 9.98509E-05
9.98421E-05 9.98421E-05 0.0146609 9.98421E-05 9.98421E-05 9.98421E-05 9.98421E-05 9.98421E-05 9.98421E-05 0.831876 9.98421E-05 0.000597431 9.98421E-05 0.04767 9.98421E-05 9.98421E-05 9.98421E-05 0.0481258 9.98421E-05 9.98421E-05 9.98421E-05 9.98421E-05 0.0552724 9.98421E-05
9.98421E-05 9.98421E-05 0.0546999 9.98421E-05 9.98421E-05 9.98421E-05 9.98421E-05 0.0133663 9.98421E-05 9.98421E-05 0.0302886 9.98421E-05 9.98421E-05 0.825883 9.98421E-05 9.98421E-05 9.98421E-05 9.98421E-05 0.069789 9.98421E-05 9.98421E-05 9.98421E-05 9.98421E-05 0.00417625
9.97983E-05 9.97983E-05 9.97983E-05 9.97983E-05 9.97983E-05 9.97983E-05 9.97983E-05 9.97983E-05 9.97983E-05 0.997705 9.97983E-05 9.97983E-05 9.97983E-05 9.97983E-05 9.97983E-05 9.97983E-05 9.97983E-05 9.97983E-05 9.97983E-05 9.97983E-05 9.97983E-05 9.97983E-05 9.97983E-05 9.97983E-05
9.98595E-05 9.98595E-05 9.98595E-05 9.98595E-05 9.98595E-05 9.98595E-05 0.00438148 9.98595E-05 9.98595E-05 0.405513 9.98595E-05 0.0179082 9.98595E-05 0.326864 9.98595E-05 9.98595E-05 0.119805 0.00994206 0.0987062 9.98595E-05 9.98595E-05 9.98595E-05 9.98595E-05 0.0152826
9.98249E-05 0.070508 9.98249E-05 9.98249E-05 0.00176494 9.98249E-05 9.98249E-05 9.98249E-05 9.98249E-05 9.98249E-05 9.98249E-05 9.98249E-05 9.98249E-05 0.791393 9.98249E-05 9.98249E-05 9.98249E-05 0.134338 9.98249E-05 9.98249E-05 9.98249E-05 9.98249E-05 9.98249E-05 9.98249E-05
0.00263374 9.98859E-05 9.98859E-05 9.98859E-05 9.98859E-05 9.98859E-05 9.98859E-05 0.00811006 9.98859E-05 0.0937702 0.0301906 0.0879106 9.98859E-05 0.22726 0.06259 0.0301241 9.98859E-05 9.98859E-05 0.242148 0.128745 9.98859E-05 9.98859E-05 9.98859E-05 0.0852194
9.98335E-05 9.98335E-05 0.0917771 9.98335E-05 0.0261335 9.98335E-05 9.98335E-05 9.98335E-05 9.98335E-05 0.667468 9.98335E-05 9.98335E-05 9.98335E-05 9.98335E-05 9.98335E-05 0.0276211 0.185103 9.98335E-05 9.98335E-05 9.98335E-05 9.98335E-05 9.98335E-05 9.98335E-05 9.98335E-05
9.98072E-05 9.98072E-05 9.98072E-05 9.98072E-05 9.98072E-05 9.98072E-05 9.98072E-05 0.0147446 9.98072E-05 0.98306 9.98072E-05 9.98072E-05 9.98072E-05 9.98072E-05 9.98072E-05 9.98072E-05 9.98072E-05 9.98072E-05 9.98072E-05 9.98072E-05 9.98072E-05 9.98072E-05 9.98072E-05 9.98072E-05
9.98422E-05 0.0187561 9.98422E-05 9.98422E-05 0.0152511 9.98422E-05 0.0326906 9.98422E-05 9.98422E-05 0.78084 9.98422E-05 9.98422E-05 9.98422E-05 9.98422E-05 9.98422E-05 9.98422E-05 9.98422E-05 9.98422E-05 0.031196 9.98422E-05 9.98422E-05 0.119469 9.98422E-05 9.98422E-05
9.98423E-05 9.98423E-05 9.98423E-05 9.98423E-05 9.98423E-05 0.104262 9.98423E-05 9.98423E-05 9.98423E-05 0.277023 9.98423E-05 0.000274644 9.98423E-05 0.498143 9.98423E-05 9.98423E-05 9.98423E-05 9.98423E-05 0.0709678 9.98423E-05 0.0475318 9.98423E-05 9.98423E-05 9.98423E-05
9.98425E-05 0.0379573 9.98425E-05 9.98425E-05 9.98425E-05 9.98425E-05 9.98425E-05 9.98425E-05 9.98425E-05 0.680508 9.98425E-05 9.98425E-05 9.98425E-05 9.98425E-05 9.98425E-05 9.98425E-05 9.98425E-05 0.100563 9.98425E-05 0.12016 9.98425E-05 0.0462232 9.98425E-05 0.0127905
9.98333E-05 9.98333E-05 9.98333E-05 9.98333E-05 9.98333E-05 9.98333E-05 9.98333E-05 0.0140365 9.98333E-05 9.98333E-05 0.00581539 9.98333E-05 9.98333E-05 0.865036 9.98333E-05 9.98333E-05 9.98333E-05 0.108807 0.00440807 9.98333E-05 9.98333E-05 9.98333E-05 9.98333E-05 9.98333E-05
9.98071E-05 9.98071E-05 0.104672 9.98071E-05 9.98071E-05 9.98071E-05 9.98071E-05 9.98071E-05 9.98071E-05 9.98071E-05 9.98071E-05 9.98071E-05 9.98071E-05 0.893132 9.98071E-05 9.98071E-05 9.98071E-05 9.98071E-05 9.98071E-05 9.98071E-05 9.98071E-05 9.98071E-05 9.98071E-05 9.98071E-05
9.98421E-05 0.0141306 0.00390338 9.98421E-05 9.98421E-05 9.98421E-05 9.98421E-05 9.98421E-05 9.98421E-05 0.976387 0.000151463 0.00255472 9.98421E-05 9.98421E-05 9.98421E-05 9.98421E-05 9.98421E-05 9.98421E-05 0.00107537 9.98421E-05 9.98421E-05 9.98421E-05 9.98421E-05 9.98421E-05
9.9842E-05 9.9842E-05 9.9842E-05 9.9842E-05 9.9842E-05 9.9842E-05 9.9842E-05 9.9842E-05 9.9842E-05 9.9842E-05 0.0614339 9.9842E-05 0.0640336 9.9842E-05 0.546461 9.9842E-05 0.0567071 9.9842E-05 0.161955 9.9842E-05 0.107612 9.9842E-05 9.9842E-05 9.9842E-05
9.98072E-05 9.98072E-05 9.98072E-05 9.98072E-05 9.98072E-05 9.98072E-05 9.98072E-05 9.98072E-05 9.98072E-05 9.98072E-05 9.98072E-05 9.98072E-05 9.98072E-05 9.98072E-05 0.959361 9.98072E-05 9.98072E-05 0.0384433 9.98072E-05 9.98072E-05 9.98072E-05 9.98072E-05 9.98072E-05 9.98072E-05
9.98158E-05 9.98158E-05 9.98158E-05 9.98158E-05 9.98158E-05 9.98158E-05 9.98158E-05 0.0329921 0.0264659 9.98158E-05 9.98158E-05 9.98158E-05 9.98158E-05 9.98158E-05 0.938446 9.98158E-05 9.98158E-05 9.98158E-05 9.98158E-05 9.98158E-05 9.98158E-05 9.98158E-05 9.98158E-05 9.98158E-05
9.98509E-05 0.027115 0.022399 9.98509E-05 9.98509E-05 9.98509E-05 9.98509E-05 9.98509E-05 9.98509E-05 9.98509E-05 0.143245 9.98509E-05 0.297869 9.98509E-05 0.329981 9.98509E-05 9.98509E-05 9.98509E-05 9.98509E-05 0.15556 9.98509E-05 9.98509E-05 9.98509E-05 0.0221336
9.98769E-05 0.0458572 9.98769E-05 9.98769E-05 0.0131911 9.98769E-05 0.0195987 0.0456741 9.98769E-05 9.98769E-05 0.0949358 9.98769E-05 9.98769E-05 9.98769E-05 0.580944 9.98769E-05 0.0604825 0.0266493 0.0619547 9.98769E-05 9.98769E-05 9.98769E-05 0.0493139 9.98769E-05
9.98329E-05 9.98329E-05 9.98329E-05 9.98329E-05 9.98329E-05 9.98329E-05 9.98329E-05 9.98329E-05 9.98329E-05 9.98329E-05 0.0390086 9.98329E-05 9.98329E-05 9.98329E-05 0.663228 9.98329E-05 0.0957747 9.98329E-05 0.184932 9.98329E-05 0.0151601 9.98329E-05 9.98329E-05 9.98329E-05
9.98419E-05 9.98419E-05 0.0426091 0.0296721 9.98419E-05 9.98419E-05 9.98419E-05 9.98419E-05 9.98419E-05 9.98419E-05 9.98419E-05 9.98419E-05 0.307094 9.98419E-05 0.520594 9.98419E-05 9.98419E-05 9.98419E-05 0.06758 9.98419E-05 9.98419E-05 9.98419E-05 9.98419E-05 0.0306536
9.98506E-05 0.0774351 9.98506E-05 9.98506E-05 9.98506E-05 9.98506E-05 9.98506E-05 0.148981 9.98506E-05 9.98506E-05 0.0469761 9.98506E-05 0.149524 9.98506E-05 0.463665 9.98506E-05 9.98506E-05 0.00240651 0.109316 9.98506E-05 9.98506E-05 9.98506E-05 9.98506E-05 9.98506E-05
9.98158E-05 9.98158E-05 9.98158E-05 9.98158E-05 9.98158E-05 9.98158E-05 9.98158E-05 0.0656683 9.98158E-05 9.98158E-05 9.98158E-05 9.98158E-05 9.98158E-05 9.98158E-05 0.926973 9.98158E-05 9.98158E-05 9.98158E-05 9.98158E-05 9.98158E-05 9.98158E-05 9.98158E-05 9.98158E-05 0.00526261
0.0225268 9.98157E-05 9.98157E-05 9.98157E-05 9.98157E-05 9.98157E-05 9.98157E-05 9.98157E-05 9.98157E-05 9.98157E-05 9.98157E-05 9.98157E-05 9.98157E-05 9.98157E-05 0.934585 9.98157E-05 9.98157E-05 9.98157E-05 9.98157E-05 9.98157E-05 9.98157E-05 9.98157E-05 9.98157E-05 0.0407923
9.98593E-05 9.98593E-05 9.98593E-05 9.98593E-05 9.98593E-05 9.98593E-05 0.00555489 0.0366535 9.98593E-05 9.98593E-05 0.0791846 9.98593E-05 9.98593E-05 9.98593E-05 0.461803 9.98593E-05 9.98593E-05 0.0252047 0.221466 9.98593E-05 9.98593E-05 9.98593E-05 0.0340146 0.134521
0.0681231 9.98858E-05 0.029121 9.98858E-05 0.0208435 0.0606581 0.0622821 9.98858E-05 9.98858E-05 9.98858E-05 9.98858E-05 9.98858E-05 0.0669916 9.98858E-05 0.425372 9.98858E-05 0.0989924 9.98858E-05 0.0472169 9.98858E-05 0.0547168 9.98858E-05 9.98858E-05 0.0643836
0.189541 9.98595E-05 9.98595E-05 9.98595E-05 9.98595E-05 9.98595E-05 9.98595E-05 9.98595E-05 9.98595E-05 9.98595E-05 0.127981 0.10467 0.018365 9.98595E-05 0.46647 9.98595E-05 9.98595E-05 9.98595E-05 9.98595E-05 0.0366387 9.98595E-05 0.0360262 9.98595E-05 0.0187095
9.98594E-05 0.010425 9.98594E-05 9.98594E-05 9.98594E-05 0.0668046 9.98594E-05 9.98594E-05 9.98594E-05 9.98594E-05 0.00190987 0.0758043 0.0940282 9.98594E-05 0.483405 9.98594E-05 0.125864 9.98594E-05 0.140161 9.98594E-05 9.98594E-05 9.98594E-05 9.98594E-05 9.98594E-05
9.98424E-05 0.0405318 9.98424E-05 9.98424E-05 0.0441792 9.98424E-05 9.98424E-05 9.98424E-05 9.98424E-05 9.98424E-05 9.98424E-05 9.98424E-05 9.98424E-05 9.98424E-05 0.86315 9.98424E-05 9.98424E-05 9.98424E-05 9.98424E-05 0.04338 9.98424E-05 0.00620133 9.98424E-05 0.000760201
9.98421E-05 9.98421E-05 0.0573145 9.98421E-05 9.98421E-05 9.98421E-05 9.98421E-05 9.98421E-05 0.0100191 9.98421E-05 0.0598387 0.0122025 9.98421E-05 9.98421E-05 0.808168 9.98421E-05 9.98421E-05 9.98421E-05 9.98421E-05 9.98421E-05 9.98421E-05 9.98421E-05 9.98421E-05 0.0506604
9.98331E-05 0.208355 9.98331E-05 9.98331E-05 9.98331E-05 9.98331E-05 9.98331E-05 9.98331E-05 9.98331E-05 9.98331E-05 9.98331E-05 9.98331E-05 9.98331E-05 9.98331E-05 0.659494 9.98331E-05 9.98331E-05 0.0330593 0.0340426 0.0631515 9.98331E-05 9.98331E-05 9.98331E-05 9.98331E-05
0.101062 9.98506E-05 0.000248508 9.98506E-05 9.98506E-05 9.98506E-05 9.98506E-05 9.98506E-05 9.98506E-05 9.98506E-05 0.00979407 9.98506E-05 9.98506E-05 9.98506E-05 0.493313 9.98506E-05 0.203406 0.11775 9.98506E-05 9.98506E-05 9.98506E-05 9.98506E-05 9.98506E-05 0.0727274
9.98333E-05 9.98333E-05 9.98333E-05 9.98333E-05 9.98333E-05 9.98333E-05 9.98333E-05 0.156612 9.98333E-05 9.98333E-05 9.98333E-05 9.98333E-05 9.98333E-05 9.98333E-05 0.698828 9.98333E-05 9.98333E-05 0.0296313 0.0340604 9.98333E-05 9.98333E-05 9.98333E-05 9.98333E-05 0.0789721
0.0380724 9.98418E-05 9.98418E-05 9.98418E-05 9.98418E-05 0.00726561 9.98418E-05 9.98418E-05 9.98418E-05 9.98418E-05 9.98418E-05 9.98418E-05 9.98418E-05 9.98418E-05 0.62057 9.98418E-05 9.98418E-05 9.98418E-05 0.213695 9.98418E-05 9.98418E-05 0.112332 0.00626783 9.98418E-05
9.98337E-05 0.0165789 9.98337E-05 9.98337E-05 9.98337E-05 9.98337E-05 9.98337E-05 9.98337E-05 0.0161091 9.98337E-05 9.98337E-05 0.0121713 9.98337E-05 9.98337E-05 0.952281 9.98337E-05 9.98337E-05 0.000962817 9.98337E-05 9.98337E-05 9.98337E-05 9.98337E-05 9.98337E-05 9.98337E-05
9.98505E-05 9.98505E-05 9.98505E-05 9.98505E-05 9.98505E-05 0.0139153 9.98505E-05 0.00880288 9.98505E-05 9.98505E-05 9.98505E-05 9.98505E-05 9.98505E-05 9.98505E-05 0.588159 9.98505E-05 0.279496 9.98505E-05 0.0406027 0.0274115 0.0399153 9.98505E-05 9.98505E-05 9.98505E-05
9.98509E-05 9.98509E-05 9.98509E-05 9.98509E-05 9.98509E-05 0.00405796 9.98509E-05 9.98509E-05 9.98509E-05 9.98509E-05 9.98509E-05 9.98509E-05 0.0399629 9.98509E-05 0.646791 9.98509E-05 0.0261417 9.98509E-05 0.0166488 0.189186 0.0755149 9.98509E-05 9.98509E-05 9.98509E-05
9.98507E-05 9.98507E-05 0.0657849 9.98507E-05 9.98507E-05 9.98507E-05 9.98507E-05 0.0505491 9.98507E-05 9.98507E-05 0.0335728 9.98507E-05 9.98507E-05 9.98507E-05 0.664134 9.98507E-05 9.98507E-05 0.117206 0.0157236 9.98507E-05 9.98507E-05 9.98507E-05 9.98507E-05 0.0513316
0.116645 9.98155E-05 9.98155E-05 9.98155E-05 9.98155E-05 9.98155E-05 9.98155E-05 9.98155E-05 9.98155E-05 9.98155E-05 9.98155E-05 9.98155E-05 9.98155E-05 9.98155E-05 0.786347 9.98155E-05 9.98155E-05 9.98155E-05 9.98155E-05 9.98155E-05 9.98155E-05 9.98155E-05 9.98155E-05 0.0949121
9.98423E-05 9.98423E-05 9.98423E-05 9.98423E-05 0.0220126 9.98423E-05 9.98423E-05 9.98423E-05 9.98423E-05 9.98423E-05 9.98423E-05 9.98423E-05 0.000469286 0.0475515 0.87666 9.98423E-05 9.98423E-05 9.98423E-05 0.0180174 9.98423E-05 9.98423E-05 9.98423E-05 0.0334925 9.98423E-05
9.97984E-05 9.97984E-05 9.97984E-05 9.97984E-05 9.97984E-05 9.97984E-05 9.97984E-05 9.97984E-05 9.97984E-05 9.97984E-05 9.97984E-05 9.97984E-05 9.97984E-05 9.97984E-05 0.997705 9.97984E-05 9.97984E-05 9.97984E-05 9.97984E-05 9.97984E-05 9.97984E-05 9.97984E-05 9.97984E-05 9.97984E-05
9.97983E-05 9.97983E-05 9.97983E-05 9.97983E-05 9.97983E-05 9.97983E-05 9.97983E-05 9.97983E-05 9.97983E-05 9.97983E-05 9.97983E-05 9.97983E-05 9.97983E-05 9.97983E-05 0.997705 9.97983E-05 9.97983E-05 9.97983E-05 9.97983E-05 9.97983E-05 9.97983E-05 9.97983E-05 9.97983E-05 9.97983E-05
0.0553558 9.98246E-05 9.98246E-05 9.98246E-05 9.98246E-05 9.98246E-05 9.98246E-05 0.102939 9.98246E-05 9.98246E-05 0.0306064 9.98246E-05 9.98246E-05 9.98246E-05 0.809102 9.98246E-05 9.98246E-05 9.98246E-05 9.98246E-05 9.98246E-05 9.98246E-05 9.98246E-05 9.98246E-05 9.98246E-05
9.9851E-05 9.9851E-05 9.9851E-05 9.9851E-05 0.0414496 9.9851E-05 9.9851E-05 9.9851E-05 0.111563 9.9851E-05 0.0498774 9.9851E-05 9.9851E-05 9.9851E-05 0.654215 9.9851E-05 9.9851E-05 9.9851E-05 0.0734033 9.9851E-05 9.9851E-05 0.023797 0.0439978 9.9851E-05
9.98158E-05 9.98158E-05 9.98158E-05 9.98158E-05 9.98158E-05 9.98158E-05 9.98158E-05 9.98158E-05 9.98158E-05 9.98158E-05 0.14042 9.98158E-05 9.98158E-05 9.98158E-05 9.98158E-05 9.98158E-05 9.98158E-05 9.98158E-05 0.0650117 0.792473 9.98158E-05 9.98158E-05 9.98158E-05 9.98158E-05
9.98247E-05 9.98247E-05 9.98247E-05 9.98247E-05 9.98247E-05 9.98247E-05 9.98247E-05 9.98247E-05 0.410035 9.98247E-05 0.00921949 9.98247E-05 9.98247E-05 9.98247E-05 9.98247E-05 9.98247E-05 9.98247E-05 9.98247E-05 0.0490701 0.529679 9.98247E-05 9.98247E-05 9.98247E-05 9.98247E-05
9.98245E-05 9.98245E-05 9.98245E-05 9.98245E-05 0.0012755 0.00185082 9.98245E-05 9.98245E-05 9.98245E-05 9.98245E-05 9.98245E-05 9.98245E-05 9.98245E-05 9.98245E-05 9.98245E-05 9.98245E-05 9.98245E-05 9.98245E-05 0.0766189 0.918258 9.98245E-05 9.98245E-05 9.98245E-05 9.98245E-05
9.98243E-05 9.98243E-05 9.98243E-05 9.98243E-05 9.98243E-05 9.98243E-05 9.98243E-05 0.0839861 9.98243E-05 9.98243E-05 0.05043 9.98243E-05 9.98243E-05 9.98243E-05 9.98243E-05 9.98243E-05 9.98243E-05 9.98243E-05 0.153828 0.709759 9.98243E-05 9.98243E-05 9.98243E-05 9.98243E-05
9.98155E-05 9.98155E-05 9.98155E-05 9.98155E-05 0.0251286 9.98155E-05 9.98155E-05 9.98155E-05 9.98155E-05 9.98155E-05 0.0812905 9.98155E-05 9.98155E-05 9.98155E-05 9.98155E-05 9.98155E-05 9.98155E-05 9.98155E-05 9.98155E-05 0.891485 9.98155E-05 9.98155E-05 9.98155E-05 9.98155E-05
9.98334E-05 9.98334E-05 0.00281498 9.98334E-05 9.98334E-05 9.98334E-05 9.98334E-05 9.98334E-05 0.0329303 9.98334E-05 0.157804 9.98334E-05 9.98334E-05 9.98334E-05 9.98334E-05 9.98334E-05 9.98334E-05 9.98334E-05 0.187751 0.616803 9.98334E-05 9.98334E-05 9.98334E-05 9.98334E-05
0.0408423 9.98595E-05 9.98595E-05 9.98595E-05 9.98595E-05 9.98595E-05 9.98595E-05 0.00564663 9.98595E-05 9.98595E-05 0.0217542 9.98595E-05 9.98595E-05 9.98595E-05 9.98595E-05 9.98595E-05 0.104331 9.98595E-05 0.0756306 0.714757 9.98595E-05 0.0280077 9.98595E-05 0.00743298
0.00512439 9.98158E-05 9.98158E-05 9.98158E-05 9.98158E-05 9.98158E-05 9.98158E-05 9.98158E-05 9.98158E-05 9.98158E-05 0.21673 9.98158E-05 9.98158E-05 9.98158E-05 9.98158E-05 9.98158E-05 9.98158E-05 9.98158E-05 9.98158E-05 0.776049 9.98158E-05 9.98158E-05 9.98158E-05 9.98158E-05
9.98331E-05 9.98331E-05 9.98331E-05 9.98331E-05 9.98331E-05 0.0191747 9.98331E-05 9.98331E-05 9.98331E-05 9.98331E-05 0.329085 9.98331E-05 0.243251 9.98331E-05 9.98331E-05 9.98331E-05 9.98331E-05 9.98331E-05 0.0166653 0.389927 9.98331E-05 9.98331E-05 9.98331E-05 9.98331E-05
9.98245E-05 9.98245E-05 0.0682874 9.98245E-05 9.98245E-05 9.98245E-05 9.98245E-05 9.98245E-05 9.98245E-05 9.98245E-05 0.22179 9.98245E-05 9.98245E-05 9.98245E-05 9.98245E-05 9.98245E-05 9.98245E-05 9.98245E-05 0.191357 0.516569 9.98245E-05 9.98245E-05 9.98245E-05 9.98245E-05
9.98246E-05 9.98246E-05 9.98246E-05 9.98246E-05 9.98246E-05 9.98246E-05 9.98246E-05 9.98246E-05 0.192422 9.98246E-05 0.0286903 9.98246E-05 0.257241 9.98246E-05 9.98246E-05 9.98246E-05 9.98246E-05 9.98246E-05 9.98246E-05 0.51965 9.98246E-05 9.98246E-05 9.98246E-05 9.98246E-05
9.98334E-05 9.98334E-05 9.98334E-05 9.98334E-05 9.98334E-05 9.98334E-05 9.98334E-05 9.98334E-05 0.0231472 9.98334E-05 9.98334E-05 9.98334E-05 0.15516 0.0629199 9.98334E-05 9.98334E-05 9.98334E-05 9.98334E-05 0.0376232 0.719253 9.98334E-05 9.98334E-05 9.98334E-05 9.98334E-05
9.9816E-05 9.9816E-05 0.058499 9.9816E-05 9.9816E-05 9.9816E-05 9.9816E-05 9.9816E-05 9.9816E-05 9.9816E-05 0.0499061 9.9816E-05 9.9816E-05 9.9816E-05 9.9816E-05 9.9816E-05 9.9816E-05 9.9816E-05 9.9816E-05 0.889499 9.9816E-05 9.9816E-05 9.9816E-05 9.9816E-05
9.98598E-05 0.02086 9.98598E-05 9.98598E-05 9.98598E-05 9.98598E-05 9.98598E-05 9.98598E-05 0.0208736 9.98598E-05 0.153512 9.98598E-05 0.0211777 0.019603 9.98598E-05 0.0542329 9.98598E-05 9.98598E-05 0.139536 0.568608 9.98598E-05 9.98598E-05 9.98598E-05 9.98598E-05
0.0785202 9.98596E-05 9.98596E-05 9.98596E-05 9.98596E-05 9.98596E-05 0.0825306 0.114129 0.103968 9.98596E-05 0.053574 9.98596E-05 0.0288979 9.98596E-05 9.98596E-05 9.98596E-05 9.98596E-05 9.98596E-05 9.98596E-05 0.509159 9.98596E-05 9.98596E-05 9.98596E-05 0.0276228
9.98684E-05 0.0651391 0.081097 9.98684E-05 0.0102831 9.98684E-05 9.98684E-05 9.98684E-05 9.98684E-05 9.98684E-05 0.0158702 9.98684E-05 0.0308517 9.98684E-05 9.98684E-05 9.98684E-05 9.98684E-05 9.98684E-05 0.120718 0.647839 9.98684E-05 9.98684E-05 0.004531 0.0221727
9.98333E-05 9.98333E-05 9.98333E-05 9.98333E-05 9.98333E-05 9.98333E-05 9.98333E-05 9.98333E-05 9.98333E-05 9.98333E-05 0.0187747 9.98333E-05 0.224049 9.98333E-05 9.98333E-05 9.98333E-05 9.98333E-05 9.98333E-05 0.0940303 0.639783 9.98333E-05 9.98333E-05 0.0214657 9.98333E-05
9.98423E-05 0.00980901 0.0209709 9.98423E-05 0.0601736 9.98423E-05 9.98423E-05 9.98423E-05 9.98423E-05 9.98423E-05 0.0815425 9.98423E-05 9.98423E-05 9.98423E-05 9.98423E-05 9.98423E-05 0.0971697 9.98423E-05 9.98423E-05 0.728537 9.98423E-05 9.98423E-05 9.98423E-05 9.98423E-05
9.98072E-05 9.98072E-05 9.98072E-05 9.98072E-05 9.98072E-05 9.98072E-05 9.98072E-05 9.98072E-05 9.98072E-05 9.98072E-05 9.98072E-05 0.0110805 9.98072E-05 9.98072E-05 9.98072E-05 9.98072E-05 9.98072E-05 9.98072E-05 9.98072E-05 0.986724 9.98072E-05 9.98072E-05 9.98072E-05 9.98072E-05
9.98684E-05 9.98684E-05 0.0191824 9.98684E-05 9.98684E-05 9.98684E-05 9.98684E-05 9.98684E-05 0.208589 9.98684E-05 0.0721634 9.98684E-05 9.98684E-05 9.98684E-05 0.0396904 9.98684E-05 9.98684E-05 9.98684E-05 0.0873206 0.476983 0.0164049 9.98684E-05 0.0772807 0.000887313
9.98509E-05 9.98509E-05 0.0505572 9.98509E-05 0.037141 9.98509E-05 0.0170796 9.98509E-05 9.98509E-05 9.98509E-05 0.0869672 9.98509E-05 0.0404045 9.98509E-05 9.98509E-05 9.98509E-05 9.98509E-05 9.98509E-05 0.0621577 0.703995 9.98509E-05 9.98509E-05 9.98509E-05 9.98509E-05
0.00865455 9.98245E-05 9.98245E-05 9.98245E-05 9.98245E-05 9.98245E-05 9.98245E-05 9.98245E-05 9.98245E-05 9.98245E-05 0.0617268 9.98245E-05 9.98245E-05 9.98245E-05 9.98245E-05 9.98245E-05 9.98245E-05 9.98245E-05 0.0516638 0.875958 9.98245E-05 9.98245E-05 9.98245E-05 9.98245E-05
9.9842E-05 9.9842E-05 9.9842E-05 0.0858643 9.9842E-05 9.9842E-05 9.9842E-05 9.9842E-05 9.9842E-05 9.9842E-05 0.18602 9.9842E-05 0.0667138 9.9842E-05 9.9842E-05 9.9842E-05 9.9842E-05 9.9842E-05 0.200402 0.445838 9.9842E-05 9.9842E-05 0.0133654 9.9842E-05
9.98246E-05 9.98246E-05 9.98246E-05 9.98246E-05 0.0390238 9.98246E-05 9.98246E-05 9.98246E-05 0.0913868 9.98246E-05 0.17713 9.98246E-05 9.98246E-05 9.98246E-05 9.98246E-05 9.98246E-05 9.98246E-05 9.98246E-05 9.98246E-05 0.690463 9.98246E-05 9.98246E-05 9.98246E-05 9.98246E-05
9.98508E-05 9.98508E-05 9.98508E-05 0.0346622 9.98508E-05 9.98508E-05 9.98508E-05 9.98508E-05 9.98508E-05 9.98508E-05 0.209374 9.98508E-05 0.0508967 9.98508E-05 9.98508E-05 9.98508E-05 9.98508E-05 9.98508E-05 0.179237 0.437634 9.98508E-05 9.98508E-05 0.0675534 0.0189463
0.0242777 9.98684E-05 9.98684E-05 9.98684E-05 9.98684E-05 9.98684E-05 9.98684E-05 9.98684E-05 0.259496 9.98684E-05 0.17558 9.98684E-05 0.0772896 9.98684E-05 0.00569537 9.98684E-05 0.0114495 9.98684E-05 0.105204 0.316023 9.98684E-05 0.0234863 9.98684E-05 9.98684E-05
9.98596E-05 9.98596E-05 9.98596E-05 9.98596E-05 0.0310374 9.98596E-05 0.0386943 9.98596E-05 0.557553 0.011108 9.98596E-05 9.98596E-05 9.98596E-05 9.98596E-05 9.98596E-05 0.0990261 9.98596E-05 9.98596E-05 0.0568757 0.19066 0.0134482 9.98596E-05 9.98596E-05 9.98596E-05
9.98243E-05 9.98243E-05 9.98243E-05 9.98243E-05 9.98243E-05 9.98243E-05 9.98243E-05 9.98243E-05 9.98243E-05 9.98243E-05 0.0701858 9.98243E-05 9.98243E-05 9.98243E-05 9.98243E-05 9.98243E-05 9.98243E-05 0.00817133 0.095974 0.823672 9.98243E-05 9.98243E-05 9.98243E-05 9.98243E-05
9.98159E-05 9.98159E-05 9.98159E-05 9.98159E-05 9.98159E-05 9.98159E-05 9.98159E-05 9.98159E-05 9.98159E-05 9.98159E-05 0.187979 9.98159E-05 9.98159E-05 9.98159E-05 9.98159E-05 9.98159E-05 9.98159E-05 9.98159E-05 0.221871 0.588054 9.98159E-05 9.98159E-05 9.98159E-05 9.98159E-05
9.98334E-05 9.98334E-05 9.98334E-05 9.98334E-05 0.125073 9.98334E-05 9.98334E-05 9.98334E-05 0.00361916 9.98334E-05 9.98334E-05 9.98334E-05 9.98334E-05 9.98334E-05 9.98334E-05 9.98334E-05 9.98334E-05 9.98334E-05 0.058492 0.805911 9.98334E-05 9.98334E-05 0.0050083 9.98334E-05
9.98335E-05 9.98335E-05 9.98335E-05 9.98335E-05 9.98335E-05 9.98335E-05 9.98335E-05 9.98335E-05 9.98335E-05 9.98335E-05 0.0187675 9.98335E-05 9.98335E-05 9.98335E-05 9.98335E-05 9.98335E-05 9.98335E-05 9.98335E-05 0.168961 0.71291 9.98335E-05 0.0480591 9.98335E-05 0.0494054
9.98158E-05 9.98158E-05 9.98158E-05 9.98158E-05 9.98158E-05 9.98158E-05 9.98158E-05 9.98158E-05 9.98158E-05 9.98158E-05 9.98158E-05 9.98158E-05 9.98158E-05 9.98158E-05 9.98158E-05 9.98158E-05 9.98158E-05 9.98158E-05 9.98158E-05 0.867623 9.98158E-05 0.118962 0.0113185 9.98158E-05
9.98332E-05 9.98332E-05 9.98332E-05 9.98332E-05 0.0616629 9.98332E-05 9.98332E-05 9.98332E-05 9.98332E-05 9.98332E-05 0.295115 9.98332E-05 9.98332E-05 9.98332E-05 9.98332E-05 9.98332E-05 9.98332E-05 9.98332E-05 0.0586492 0.43947 9.98332E-05 9.98332E-05 0.143206 9.98332E-05
9.98331E-05 9.98331E-05 9.98331E-05 9.98331E-05 9.98331E-05 0.0167834 9.98331E-05 9.98331E-05 9.98331E-05 9.98331E-05 9.98331E-05 9.98331E-05 9.98331E-05 9.98331E-05 9.98331E-05 9.98331E-05 0.0476449 9.98331E-05 0.0675466 0.816488 0.0496408 9.98331E-05 9.98331E-05 9.98331E-05
9.98071E-05 9.98071E-05 9.98071E-05 9.98071E-05 9.98071E-05 9.98071E-05 9.98071E-05 9.98071E-05 9.98071E-05 9.98071E-05 9.98071E-05 9.98071E-05 9.98071E-05 9.98071E-05 9.98071E-05 9.98071E-05 9.98071E-05 9.98071E-05 0.0672823 0.930522 9.98071E-05 9.98071E-05 9.98071E-05 9.98071E-05
0.0259862 9.98508E-05 0.0774758 9.98508E-05 9.98508E-05 9.98508E-05 9.98508E-05 9.98508E-05 0.104226 9.98508E-05 0.050491 9.98508E-05 0.0234953 9.98508E-05 9.98508E-05 9.98508E-05 9.98508E-05 9.98508E-05 9.98508E-05 0.697186 9.98508E-05 0.019443 9.98508E-05 9.98508E-05
0.0364994 9.98332E-05 9.98332E-05 9.98332E-05 9.98332E-05 9.98332E-05 9.98332E-05 0.0163764 9.98332E-05 9.98332E-05 0.106241 9.98332E-05 9.98332E-05 9.98332E-05 9.98332E-05 9.98332E-05 9.98332E-05 9.98332E-05 0.201139 0.637848 9.98332E-05 9.98332E-05 9.98332E-05 9.98332E-05
9.9842E-05 9.9842E-05 0.00157008 9.9842E-05 9.9842E-05 9.9842E-05 9.9842E-05 0.0271992 0.465707 9.9842E-05 0.0692254 9.9842E-05 9.9842E-05 9.9842E-05 9.9842E-05 9.9842E-05 9.9842E-05 9.9842E-05 9.9842E-05 0.434076 9.9842E-05 9.9842E-05 9.9842E-05 0.000425264
9.98335E-05 9.98335E-05 9.98335E-05 9.98335E-05 9.98335E-05 9.98335E-05 9.98335E-05 0.00241649 0.172741 9.98335E-05 0.090071 9.98335E-05 9.98335E-05 9.98335E-05 9.98335E-05 9.98335E-05 9.98335E-05 9.98335E-05 0.00872538 0.72415 9.98335E-05 9.98335E-05 9.98335E-05 9.98335E-05
9.98073E-05 9.98073E-05 9.98073E-05 9.98073E-05 9.98073E-05 9.98073E-05 9.98073E-05 9.98073E-05 0.204114 9.98073E-05 9.98073E-05 9.98073E-05 9.98073E-05 9.98073E-05 9.98073E-05 9.98073E-05 9.98073E-05 9.98073E-05 9.98073E-05 0.79369 9.98073E-05 9.98073E-05 9.98073E-05 9.98073E-05
9.98335E-05 9.98335E-05 9.98335E-05 9.98335E-05 9.98335E-05 9.98335E-05 9.98335E-05 9.98335E-05 0.378691 9.98335E-05 0.0695318 9.98335E-05 0.0130861 9.98335E-05 9.98335E-05 9.98335E-05 9.98335E-05 9.98335E-05 9.98335E-05 0.524708 9.98335E-05 9.98335E-05 0.0120866 9.98335E-05
9.9842E-05 9.9842E-05 9.9842E-05 9.9842E-05 9.9842E-05 9.9842E-05 9.9842E-05 9.9842E-05 9.9842E-05 9.9842E-05 0.100435 0.0905642 0.0609413 9.9842E-05 9.9842E-05 9.9842E-05 9.9842E-05 9.9842E-05 0.304423 0.441107 9.9842E-05 9.9842E-05 9.9842E-05 0.000732667
9.98158E-05 9.98158E-05 9.98158E-05 9.98158E-05 9.98158E-05 9.98158E-05 9.98158E-05 9.98158E-05 9.98158E-05 9.98158E-05 0.116785 9.98158E-05 9.98158E-05 9.98158E-05 9.98158E-05 9.98158E-05 9.98158E-05 9.98158E-05 9.98158E-05 0.727628 0.153491 9.98158E-05 9.98158E-05 9.98158E-05
9.98334E-05 9.98334E-05 9.98334E-05 9.98334E-05 9.98334E-05 9.98334E-05 9.98334E-05 9.98334E-05 0.411636 9.98334E-05 0.119956 9.98334E-05 9.98334E-05 9.98334E-05 9.98334E-05 9.98334E-05 9.98334E-05 9.98334E-05 0.0712902 0.256517 9.98334E-05 9.98334E-05 0.138704 9.98334E-05
9.98334E-05 9.98334E-05 9.98334E-05 9.98334E-05 9.98334E-05 0.044962 9.98334E-05 0.00953346 0.431733 9.98334E-05 9.98334E-05 9.98334E-05 9.98334E-05 9.98334E-05 9.98334E-05 9.98334E-05 9.98334E-05 9.98334E-05 0.0601686 0.451706 9.98334E-05 9.98334E-05 9.98334E-05 9.98334E-05
9.98508E-05 9.98508E-05 9.98508E-05 9.98508E-05 0.00397677 9.98508E-05 9.98508E-05 9.98508E-05 9.98508E-05 9.98508E-05 0.282615 9.98508E-05 0.0863717 9.98508E-05 9.98508E-05 9.98508E-05 0.0247418 9.98508E-05 0.0429682 0.452834 9.98508E-05 9.98508E-05 0.104795 9.98508E-05
0.0002041 9.98422E-05 9.98422E-05 9.98422E-05 9.98422E-05 9.98422E-05 9.98422E-05 9.98422E-05 0.0365191 9.98422E-05 0.100392 9.98422E-05 9.98422E-05 9.98422E-05 0.202904 9.98422E-05 9.98422E-05 9.98422E-05 0.149458 0.508726 9.98422E-05 9.98422E-05 9.98422E-05 9.98422E-05
0.0591983 9.98686E-05 9.98686E-05 9.98686E-05 9.98686E-05 9.98686E-05 9.98686E-05 9.98686E-05 0.0093572 9.98686E-05 0.160944 9.98686E-05 0.130936 9.98686E-05 9.98686E-05 0.0489682 0.0297134 9.98686E-05 0.0266213 0.498129 9.98686E-05 0.0346348 9.98686E-05 9.98686E-05
9.98246E-05 9.98246E-05 9.98246E-05 9.98246E-05 9.98246E-05 9.98246E-05 9.98246E-05 9.98246E-05 9.98246E-05 9.98246E-05 0.281606 9.98246E-05 9.98246E-05 9.98246E-05 9.98246E-05 9.98246E-05 0.0841386 9.98246E-05 0.213975 0.418284 9.98246E-05 9.98246E-05 9.98246E-05 9.98246E-05
9.98158E-05 9.98158E-05 9.98158E-05 9.98158E-05 9.98158E-05 9.98158E-05 9.98158E-05 9.98158E-05 0.432335 9.98158E-05 9.98158E-05 9.98158E-05 9.98158E-05 9.98158E-05 9.98158E-05 9.98158E-05 9.98158E-05 9.98158E-05 0.0342961 0.531273 9.98158E-05 9.98158E-05 9.98158E-05 9.98158E-05
9.98244E-05 0.0172784 0.145984 9.98244E-05 9.98244E-05 9.98244E-05 9.98244E-05 9.98244E-05 9.98244E-05 9.98244E-05 9.98244E-05 9.98244E-05 9.98244E-05 9.98244E-05 9.98244E-05 9.98244E-05 9.98244E-05 9.98244E-05 0.107097 0.727644 9.98244E-05 9.98244E-05 9.98244E-05 9.98244E-05
9.98334E-05 9.98334E-05 9.98334E-05 9.98334E-05 9.98334E-05 9.98334E-05 9.98334E-05 9.98334E-05 0.530279 9.98334E-05 0.126139 9.98334E-05 9.98334E-05 9.98334E-05 9.98334E-05 9.98334E-05 9.98334E-05 9.98334E-05 0.00425848 0.264402 0.0730252 9.98334E-05 9.98334E-05 9.98334E-05
9.98335E-05 9.98335E-05 9.98335E-05 9.98335E-05 9.98335E-05 9.98335E-05 9.98335E-05 9.98335E-05 0.14492 9.98335E-05 0.145729 9.98335E-05 9.98335E-05 9.98335E-05 9.98335E-05 9.98335E-05 9.98335E-05 9.98335E-05 0.0790132 0.607707 9.98335E-05 9.98335E-05 9.98335E-05 0.0207341
9.98246E-05 9.98246E-05 9.98246E-05 9.98246E-05 9.98246E-05 9.98246E-05 9.98246E-05 0.0206082 9.98246E-05 9.98246E-05 0.0454406 9.98246E-05 9.98246E-05 9.98246E-05 9.98246E-05 9.98246E-05 9.98246E-05 9.98246E-05 9.98246E-05 0.900696 9.98246E-05 0.0312582 9.98246E-05 9.98246E-05
9.98244E-05 9.98244E-05 0.1154 9.98244E-05 9.98244E-05 9.98244E-05 9.98244E-05 0.00798762 9.98244E-05 9.98244E-05 9.98244E-05 9.98244E-05 9.98244E-05 9.98244E-05 9.98244E-05 9.98244E-05 9.98244E-05 9.98244E-05 9.98244E-05 0.862419 9.98244E-05 9.98244E-05 9.98244E-05 0.0121973
9.98244E-05 9.98244E-05 9.98244E-05 9.98244E-05 9.98244E-05 9.98244E-05 9.98244E-05 9.98244E-05 9.98244E-05 9.98244E-05 0.19706 9.98244E-05 0.195727 9.98244E-05 9.98244E-05 9.98244E-05 9.98244E-05 9.98244E-05 0.133045 0.472172 9.98244E-05 9.98244E-05 9.98244E-05 9.98244E-05
9.98331E-05 9.98331E-05 9.98331E-05 9.98331E-05 0.0214471 0.0343567 9.98331E-05 9.98331E-05 9.98331E-05 9.98331E-05 0.0945872 9.98331E-05 9.98331E-05 9.98331E-05 9.98331E-05 9.98331E-05 9.98331E-05 9.98331E-05 0.07066 0.777052 9.98331E-05 9.98331E-05 9.98331E-05 9.98331E-05
