0.11519 9.99648E-05 9.99648E-05 9.99648E-05 0.102095 0.0687812 0.0812266 0.580295 0.0520122 9.99648E-05
0.0713075 9.99385E-05 9.99385E-05 9.99385E-05 9.99385E-05 9.99385E-05 9.99385E-05 0.864127 0.0638664 9.99385E-05
9.99385E-05 0.049245 9.99385E-05 0.11003 9.99385E-05 9.99385E-05 9.99385E-05 0.840026 9.99385E-05 9.99385E-05
0.114058 0.181797 9.99649E-05 9.99649E-05 9.99649E-05 0.0301529 0.288373 0.28706 0.0981596 9.99649E-05
9.99473E-05 0.0742721 9.99473E-05 9.99473E-05 9.99473E-05 9.99473E-05 0.0298857 0.891316 9.99473E-05 0.00392621
0.0555705 0.161164 9.99649E-05 9.99649E-05 9.99649E-05 0.214952 0.129789 0.269896 0.168229 9.99649E-05
0.191944 9.99737E-05 9.99737E-05 0.0915033 0.0875962 0.0740865 0.145343 0.259737 0.14949 9.99737E-05
0.000368173 0.243543 0.00821927 0.100206 9.99737E-05 0.217682 0.175603 0.254079 9.99737E-05 9.99737E-05
9.99561E-05 9.99561E-05 9.99561E-05 9.99561E-05 0.264867 0.233343 9.99561E-05 0.206379 0.244341 0.0505699
9.99385E-05 9.99385E-05 0.0338286 9.99385E-05 0.0184198 9.99385E-05 9.99385E-05 0.947052 9.99385E-05 9.99385E-05
0.0653001 9.99649E-05 0.017746 9.99649E-05 0.0361938 0.0962546 9.99649E-05 0.604055 9.99649E-05 0.18005
0.0314425 9.99649E-05 9.99649E-05 0.0231811 9.99649E-05 0.00583547 0.0469152 0.881178 9.99649E-05 0.0110476
9.99386E-05 0.0217718 9.99386E-05 9.99386E-05 9.99386E-05 9.99386E-05 0.100807 0.876721 9.99386E-05 9.99386E-05
0.0478292 9.99474E-05 9.99474E-05 0.00786481 9.99474E-05 9.99474E-05 9.99474E-05 0.638437 0.305269 9.99474E-05
9.99649E-05 9.99649E-05 9.99649E-05 9.99649E-05 0.0732502 0.184638 0.0502437 0.423439 0.262907 0.00512326
9.99561E-05 9.99561E-05 9.99561E-05 0.101579 9.99561E-05 0.231434 0.257374 0.323672 0.0854407 9.99561E-05
0.0322946 9.99474E-05 9.99474E-05 0.126314 9.99474E-05 9.99474E-05 9.99474E-05 0.650096 0.190696 9.99474E-05
9.99649E-05 9.99649E-05 0.2932 9.99649E-05 0.0600728 0.100998 9.99649E-05 0.359546 0.102898 0.0828849
0.00473034 9.9956E-05 9.9956E-05 9.9956E-05 9.9956E-05 0.214904 0.31031 0.430701 0.0388545 9.9956E-05
9.99297E-05 9.99297E-05 9.99297E-05 9.99297E-05 9.99297E-05 9.99297E-05 9.99297E-05 0.878023 9.99297E-05 0.121177
0.136933 0.118289 9.99824E-05 9.99824E-05 0.0135545 0.1048 0.0829905 0.516264 0.0075339 0.0194352
9.99474E-05 0.27902 9.99474E-05 9.99474E-05 9.99474E-05 0.211162 0.18547 0.323748 9.99474E-05 9.99474E-05
0.0634385 9.99561E-05 0.0399927 9.99561E-05 9.99561E-05 9.99561E-05 0.0386727 0.678568 0.178829 9.99561E-05
9.99561E-05 9.99561E-05 9.99561E-05 0.14285 0.0121646 9.99561E-05 0.157997 0.472472 0.214016 9.99561E-05
0.0298786 9.99736E-05 9.99736E-05 9.99736E-05 0.0522328 0.0574134 0.0317865 0.325696 0.388553 0.11414
0.012729 9.99561E-05 9.99561E-05 9.99561E-05 9.99561E-05 0.0206391 0.0624156 0.701197 0.202519 9.99561E-05
0.0425579 9.99824E-05 0.152915 0.162522 0.00621708 0.039113 9.99824E-05 0.123202 0.459148 0.0141257
9.99386E-05 9.99386E-05 9.99386E-05 9.99386E-05 9.99386E-05 9.99386E-05 0.154392 0.810192 0.0347167 9.99386E-05
0.00247834 9.99561E-05 9.99561E-05 9.99561E-05 0.059564 9.99561E-05 9.99561E-05 0.680178 0.240427 0.0168522
0.0102562 9.99561E-05 9.99561E-05 9.99561E-05 0.00900969 0.0903213 9.99561E-05 0.770602 0.119311 9.99561E-05
0.118046 9.99561E-05 9.99561E-05 9.99561E-05 9.99561E-05 0.0458647 0.041303 0.771342 9.99561E-05 0.0229453
0.0537576 9.99561E-05 9.99561E-05 0.0430752 9.99561E-05 9.99561E-05 0.0690934 0.521764 0.31181 9.99561E-05
0.0778653 0.235746 9.99561E-05 9.99561E-05 9.99561E-05 0.0719096 9.99561E-05 0.455283 0.158696 9.99561E-05
0.0248477 9.99649E-05 0.0306086 0.0334631 9.99649E-05 9.99649E-05 0.0765169 0.490485 0.343679 9.99649E-05
0.0142813 9.99649E-05 0.00312937 9.99649E-05 9.99649E-05 0.112796 9.99649E-05 0.840788 0.00826797 0.0203384
0.0333877 9.99473E-05 9.99473E-05 9.99473E-05 9.99473E-05 0.0587355 0.170679 0.736598 9.99473E-05 9.99473E-05
0.0600002 9.99474E-05 9.99474E-05 0.0134069 9.99474E-05 9.99474E-05 0.0457579 0.880235 9.99474E-05 9.99474E-05
9.99473E-05 9.99473E-05 9.99473E-05 9.99473E-05 9.99473E-05 0.177845 9.99473E-05 0.64658 0.0640418 0.110934
0.0180301 0.0504163 9.99649E-05 9.99649E-05 9.99649E-05 0.0247284 9.99649E-05 0.607764 0.282153 0.0165083
9.99385E-05 9.99385E-05 9.99385E-05 0.159987 9.99385E-05 9.99385E-05 9.99385E-05 0.581126 0.258188 9.99385E-05
0.042684 9.99473E-05 9.99473E-05 9.99473E-05 9.99473E-05 0.0230527 0.126127 0.807537 9.99473E-05 9.99473E-05
9.99561E-05 9.99561E-05 9.99561E-05 9.99561E-05 0.104207 0.0456537 0.0311378 0.701624 0.116877 9.99561E-05
9.99561E-05 0.0423074 9.99561E-05 0.029048 9.99561E-05 9.99561E-05 0.0323082 0.84901 0.0468266 9.99561E-05
0.0444117 0.0256835 9.99736E-05 9.99736E-05 0.0651994 0.154049 0.0460492 0.500723 0.163584 9.99736E-05
0.0155227 9.99561E-05 9.99561E-05 9.99561E-05 9.99561E-05 0.0261619 0.448691 0.387336 0.121789 9.99561E-05
9.99385E-05 9.99385E-05 9.99385E-05 9.99385E-05 9.99385E-05 9.99385E-05 0.0347789 0.836976 9.99385E-05 0.127545
0.0512598 9.99649E-05 0.0215876 9.99649E-05 9.99649E-05 0.0367793 0.0378721 0.808773 0.0433281 9.99649E-05
9.99298E-05 9.99298E-05 9.99298E-05 0.0176594 9.99298E-05 9.99298E-05 9.99298E-05 0.981541 9.99298E-05 9.99298E-05
0.0686814 9.99472E-05 9.99472E-05 9.99472E-05 9.99472E-05 9.99472E-05 0.122461 0.774145 0.0341131 9.99472E-05
0.0386476 0.0305034 9.99562E-05 0.123 9.99562E-05 0.0427545 9.99562E-05 0.764595 9.99562E-05 9.99562E-05
0.175555 9.99736E-05 0.0154976 9.99736E-05 0.0105951 0.0551788 0.0691768 0.359853 0.313844 9.99736E-05
9.99649E-05 0.0902463 9.99649E-05 9.99649E-05 0.0707239 0.0678071 0.101319 0.638927 9.99649E-05 0.0305768
9.99298E-05 9.99298E-05 0.078239 9.99298E-05 9.99298E-05 9.99298E-05 9.99298E-05 0.920962 9.99298E-05 9.99298E-05
9.99561E-05 0.0710481 0.0186509 0.23542 9.99561E-05 0.0253638 9.99561E-05 0.649017 9.99561E-05 9.99561E-05
9.99825E-05 0.0671109 9.99825E-05 0.00124164 0.0356338 0.0159198 0.0599072 0.761831 0.0366392 0.021517
0.00603875 0.111281 9.99561E-05 9.99561E-05 9.99561E-05 9.99561E-05 9.99561E-05 0.713595 0.0537216 0.114864
9.99473E-05 9.99473E-05 0.129567 9.99473E-05 9.99473E-05 0.012628 0.108703 0.748502 9.99473E-05 9.99473E-05
0.0564867 9.99386E-05 9.99386E-05 9.99386E-05 9.99386E-05 9.99386E-05 0.147314 0.795499 9.99386E-05 9.99386E-05
0.0250292 0.0759122 9.99473E-05 0.027556 9.99473E-05 9.99473E-05 9.99473E-05 0.870903 9.99473E-05 9.99473E-05
0.0621249 9.99737E-05 0.0131018 9.99737E-05 0.0373379 0.143515 0.210356 0.0936008 0.439664 9.99737E-05
0.0305276 9.99649E-05 9.99649E-05 9.99649E-05 0.0410228 0.060508 0.313428 0.41257 0.141544 9.99649E-05
9.99649E-05 9.99649E-05 0.237115 0.000552323 9.99649E-05 0.031137 0.036819 0.457746 0.236232 9.99649E-05
9.99474E-05 9.99474E-05 9.99474E-05 9.99474E-05 0.031793 0.161489 0.159451 9.99474E-05 0.646668 9.99474E-05
0.0161632 9.99824E-05 0.081727 0.0296233 9.99824E-05 0.1942 0.295891 0.14622 0.208626 0.0273495
0.0444085 9.99648E-05 0.0409322 9.99648E-05 0.129069 0.109449 9.99648E-05 0.0342032 0.641538 9.99648E-05
0.114703 9.99561E-05 9.99561E-05 9.99561E-05 9.99561E-05 0.147762 0.206764 0.138703 0.391568 9.99561E-05
9.99473E-05 9.99473E-05 0.215877 9.99473E-05 9.99473E-05 0.166927 0.0728448 9.99473E-05 0.543752 9.99473E-05
9.99561E-05 9.99561E-05 0.062908 9.99561E-05 0.103319 0.0342719 9.99561E-05 0.260165 0.538836 9.99561E-05
0.106389 9.99649E-05 0.00024957 9.99649E-05 9.99649E-05 0.105162 0.236649 0.278521 0.27263 9.99649E-05
0.208261 9.99648E-05 0.0743135 9.99648E-05 9.99648E-05 0.129273 0.14009 9.99648E-05 0.421014 0.0266493
0.115405 9.99737E-05 0.00379761 0.11794 9.99737E-05 0.11226 0.310579 0.0963677 0.243352 9.99737E-05
0.132903 0.171258 9.99649E-05 0.0660892 9.99649E-05 0.192605 0.103694 9.99649E-05 0.333051 9.99649E-05
9.99648E-05 0.00165473 9.99648E-05 0.0628384 9.99648E-05 0.115066 0.243881 0.0539987 0.522161 9.99648E-05
0.111414 9.99562E-05 9.99562E-05 0.128406 0.0950267 9.99562E-05 9.99562E-05 0.319937 0.344717 9.99562E-05
0.0878633 9.99562E-05 9.99562E-05 9.99562E-05 9.99562E-05 0.158241 0.252316 0.242326 0.258754 9.99562E-05
9.99561E-05 9.99561E-05 0.0917 0.166733 9.99561E-05 0.0726833 0.229505 9.99561E-05 0.438879 9.99561E-05
0.172282 9.99561E-05 9.99561E-05 9.99561E-05 9.99561E-05 0.225063 0.406236 0.128562 0.0673578 9.99561E-05
0.0569293 9.99649E-05 0.141552 9.99649E-05 9.99649E-05 0.0737328 0.234058 0.272544 0.220784 9.99649E-05
0.0141571 9.99649E-05 0.0428877 0.147091 0.0279414 9.99649E-05 0.122784 9.99649E-05 0.644739 9.99649E-05
0.03111 0.00931855 9.9965E-05 0.134883 9.9965E-05 0.035784 9.9965E-05 0.382277 0.406227 9.9965E-05
0.0597741 9.99736E-05 0.0513084 0.0350709 9.99736E-05 0.0565601 0.21499 0.137741 0.444255 9.99736E-05
0.0271721 9.99737E-05 0.0534365 0.0161869 9.99737E-05 0.0385625 0.0228434 0.261702 0.579797 9.99737E-05
0.0306774 9.99649E-05 0.135264 9.99649E-05 9.99649E-05 0.0992952 0.306895 0.141057 0.286412 9.99649E-05
0.23277 9.99561E-05 9.99561E-05 9.99561E-05 9.99561E-05 0.0472842 0.161755 0.264085 0.293607 9.99561E-05
0.0169965 9.99562E-05 9.99562E-05 0.0825295 9.99562E-05 0.113016 9.99562E-05 0.438382 0.348577 9.99562E-05
9.99562E-05 9.99562E-05 0.0857588 9.99562E-05 0.142557 0.0202416 9.99562E-05 0.396887 0.354056 9.99562E-05
9.99562E-05 9.99562E-05 9.99562E-05 9.99562E-05 0.0111307 0.0704231 0.351178 0.279936 0.286832 9.99562E-05
9.99562E-05 9.99562E-05 0.218941 9.99562E-05 9.99562E-05 0.0956438 0.231832 0.259695 0.193389 9.99562E-05
9.99649E-05 0.0611432 9.99649E-05 0.074797 9.99649E-05 0.105295 9.99649E-05 0.312371 0.350616 0.0953787
9.99385E-05 0.172513 9.99385E-05 9.99385E-05 9.99385E-05 0.138746 9.99385E-05 9.99385E-05 0.688042 9.99385E-05
9.99212E-05 9.99212E-05 9.99212E-05 9.99212E-05 9.99212E-05 9.99212E-05 9.99212E-05 9.99212E-05 0.999101 9.99212E-05
0.0228009 0.0761362 9.99385E-05 9.99385E-05 9.99385E-05 9.99385E-05 9.99385E-05 9.99385E-05 0.900363 9.99385E-05
0.0117562 9.9956E-05 0.0797606 9.9956E-05 9.9956E-05 0.0828077 9.9956E-05 9.9956E-05 0.803365 0.0218107
9.99472E-05 9.99472E-05 0.0303055 9.99472E-05 9.99472E-05 0.18709 9.99472E-05 9.99472E-05 0.733712 0.0482937
9.99297E-05 9.99297E-05 9.99297E-05 9.99297E-05 9.99297E-05 0.195471 9.99297E-05 9.99297E-05 0.803729 9.99297E-05
0.14728 0.0168065 0.0519656 9.99561E-05 9.99561E-05 0.101273 9.99561E-05 9.99561E-05 0.682175 9.99561E-05
0.00286709 9.99561E-05 0.0323116 9.99561E-05 9.99561E-05 0.285598 9.99561E-05 9.99561E-05 0.662678 0.0160446
0.00995966 9.99473E-05 9.99473E-05 0.0210142 9.99473E-05 0.458695 9.99473E-05 9.99473E-05 0.509731 9.99473E-05
9.99385E-05 9.99385E-05 0.0535297 9.99385E-05 9.99385E-05 0.251341 9.99385E-05 9.99385E-05 0.694429 9.99385E-05
9.99299E-05 9.99299E-05 9.99299E-05 9.99299E-05 9.99299E-05 0.102166 9.99299E-05 9.99299E-05 0.897034 9.99299E-05
0.0446796 9.99386E-05 9.99386E-05 9.99386E-05 9.99386E-05 0.00373752 9.99386E-05 9.99386E-05 0.950883 9.99386E-05
0.040156 0.00833632 0.0265104 9.99561E-05 9.99561E-05 0.178862 9.99561E-05 9.99561E-05 0.745636 9.99561E-05
0.00686801 9.99473E-05 9.99473E-05 9.99473E-05 0.0728167 0.179821 9.99473E-05 9.99473E-05 0.739894 9.99473E-05
0.0692708 0.00520886 0.109505 0.0864854 9.99737E-05 0.0765796 9.99737E-05 9.99737E-05 0.624788 0.0278629
0.0823439 9.99649E-05 9.99649E-05 0.0651971 9.99649E-05 0.0715387 0.0100108 9.99649E-05 0.733873 0.0366366
9.99385E-05 9.99385E-05 9.99385E-05 9.99385E-05 9.99385E-05 0.101946 9.99385E-05 9.99385E-05 0.849932 0.0474228
0.0194817 0.125942 9.99737E-05 0.0626328 9.99737E-05 0.111053 0.0511303 9.99737E-05 0.621897 0.00756306
0.102035 0.0289742 9.99474E-05 9.99474E-05 9.99474E-05 0.0749681 9.99474E-05 9.99474E-05 0.793423 9.99474E-05
0.0069092 9.99561E-05 9.99561E-05 0.0173618 9.99561E-05 0.0473172 9.99561E-05 9.99561E-05 0.83498 0.092932
9.99385E-05 0.14611 9.99385E-05 9.99385E-05 9.99385E-05 0.13084 9.99385E-05 9.99385E-05 0.722351 9.99385E-05
0.0931693 0.0320734 9.99473E-05 9.99473E-05 9.99473E-05 0.0817448 9.99473E-05 9.99473E-05 0.792413 9.99473E-05
9.99561E-05 0.0702217 9.99561E-05 9.99561E-05 0.0814684 0.184444 9.99561E-05 9.99561E-05 0.560572 0.102793
0.00101504 9.99386E-05 9.99386E-05 9.99386E-05 9.99386E-05 0.218324 9.99386E-05 9.99386E-05 0.779961 9.99386E-05
9.99473E-05 0.0194489 9.99473E-05 9.99473E-05 9.99473E-05 0.288789 9.99473E-05 9.99473E-05 0.546102 0.145061
9.99386E-05 9.99386E-05 0.00187896 9.99386E-05 9.99386E-05 0.211405 9.99386E-05 9.99386E-05 0.786017 9.99386E-05
9.99387E-05 9.99387E-05 9.99387E-05 9.99387E-05 0.08048 9.99387E-05 9.99387E-05 0.0365323 0.882288 9.99387E-05
9.99384E-05 0.105013 9.99384E-05 9.99384E-05 9.99384E-05 0.11687 9.99384E-05 9.99384E-05 0.777417 9.99384E-05
9.99298E-05 9.99298E-05 9.99298E-05 9.99298E-05 9.99298E-05 0.271676 9.99298E-05 9.99298E-05 0.727524 9.99298E-05
0.0411656 0.0150529 9.995E-05 9.995E-05 9.995E-05 0.010834 9.995E-05 9.995E-05 0.86774 0.0647079
0.0501681 9.99386E-05 9.99386E-05 9.99386E-05 9.99386E-05 0.0661198 9.99386E-05 9.99386E-05 0.883013 9.99386E-05
0.0639737 9.99473E-05 9.99473E-05 0.0835195 9.99473E-05 9.99473E-05 9.99473E-05 9.99473E-05 0.778922 0.0729854
0.00449133 0.0871256 9.9956E-05 9.9956E-05 9.9956E-05 0.308523 9.9956E-05 9.9956E-05 0.397873 0.201487
9.99473E-05 9.99473E-05 9.99473E-05 0.025814 9.99473E-05 0.0510206 9.99473E-05 9.99473E-05 0.847577 0.074989
9.99473E-05 9.99473E-05 9.99473E-05 9.99473E-05 9.99473E-05 0.0147874 0.0110442 9.99473E-05 0.972323 0.00124554
0.0431576 9.99561E-05 9.99561E-05 0.0642853 9.99561E-05 0.0981547 0.0180797 9.99561E-05 0.775823 9.99561E-05
9.99384E-05 9.99384E-05 0.105894 9.99384E-05 9.99384E-05 0.175138 9.99384E-05 9.99384E-05 0.718269 9.99384E-05
9.99299E-05 9.99299E-05 9.99299E-05 9.99299E-05 9.99299E-05 0.0293154 9.99299E-05 9.99299E-05 0.969885 9.99299E-05
9.99387E-05 9.99387E-05 0.0108586 9.99387E-05 9.99387E-05 0.0949953 9.99387E-05 9.99387E-05 0.893447 9.99387E-05
9.99387E-05 0.0270065 9.99387E-05 9.99387E-05 9.99387E-05 0.0288482 9.99387E-05 9.99387E-05 0.943446 9.99387E-05
9.99387E-05 9.99387E-05 9.99387E-05 9.99387E-05 9.99387E-05 0.0607458 9.99387E-05 9.99387E-05 0.929159 0.0093961
0.00664443 0.0387519 9.99472E-05 9.99472E-05 9.99472E-05 0.165447 9.99472E-05 9.99472E-05 0.788557 9.99472E-05
9.99385E-05 0.116246 9.99385E-05 9.99385E-05 9.99385E-05 0.217516 9.99385E-05 9.99385E-05 0.665538 9.99385E-05
9.99387E-05 9.99387E-05 9.99387E-05 9.99387E-05 9.99387E-05 0.152165 9.99387E-05 9.99387E-05 0.803203 0.0439325
9.99212E-05 9.99212E-05 9.99212E-05 9.99212E-05 9.99212E-05 9.99212E-05 9.99212E-05 9.99212E-05 0.999101 9.99212E-05
9.99473E-05 9.99473E-05 0.0051979 9.99473E-05 9.99473E-05 0.316693 9.99473E-05 9.99473E-05 0.512853 0.164657
0.0335525 9.99561E-05 0.000274126 0.0594629 9.99561E-05 0.155611 9.99561E-05 9.99561E-05 0.750599 9.99561E-05
9.99474E-05 9.99474E-05 9.99474E-05 0.0715766 0.120407 0.232595 9.99474E-05 9.99474E-05 0.574821 9.99474E-05
0.0274301 9.99473E-05 9.99473E-05 9.99473E-05 9.99473E-05 0.348364 9.99473E-05 9.99473E-05 0.579154 0.0444526
9.99212E-05 9.99212E-05 9.99212E-05 9.99212E-05 9.99212E-05 9.99212E-05 9.99212E-05 9.99212E-05 0.999101 9.99212E-05
0.0276846 9.99648E-05 9.99648E-05 0.0215245 9.99648E-05 0.00365795 0.231038 9.99648E-05 0.714758 0.000936283
9.993E-05 9.993E-05 9.993E-05 9.993E-05 9.993E-05 0.10727 9.993E-05 9.993E-05 0.891931 9.993E-05
0.0207166 9.99474E-05 0.00306859 9.99474E-05 9.99474E-05 0.157437 9.99474E-05 9.99474E-05 0.818178 9.99474E-05
9.99473E-05 9.99473E-05 0.00524967 0.11823 9.99473E-05 0.153551 9.99473E-05 9.99473E-05 0.722369 9.99473E-05
0.0799517 9.995E-05 0.0243129 9.995E-05 9.995E-05 0.0457437 0.123275 9.995E-05 0.726217 9.995E-05
9.99297E-05 9.99297E-05 9.99297E-05 9.99297E-05 9.99297E-05 0.337405 9.99297E-05 9.99297E-05 0.661796 9.99297E-05
0.00433917 0.0280742 9.9956E-05 9.9956E-05 0.00227688 0.165225 9.9956E-05 9.9956E-05 0.799585 9.9956E-05
0.0108701 0.0897478 9.99649E-05 0.0397747 9.99649E-05 0.0820063 9.99649E-05 9.99649E-05 0.752826 0.0243752
0.00113245 9.99473E-05 9.99473E-05 0.00649331 9.99473E-05 9.99473E-05 9.99473E-05 9.99473E-05 0.799793 0.191982
9.99299E-05 9.99299E-05 9.99299E-05 9.99299E-05 9.99299E-05 0.228286 9.99299E-05 9.99299E-05 0.770915 9.99299E-05
9.99296E-05 9.99296E-05 9.99296E-05 9.99296E-05 9.99296E-05 9.99296E-05 9.99296E-05 9.99296E-05 0.936029 0.0631716
9.99208E-05 9.99208E-05 9.99208E-05 9.99208E-05 9.99208E-05 0.999101 9.99208E-05 9.99208E-05 9.99208E-05 9.99208E-05
9.99296E-05 9.99296E-05 9.99296E-05 9.99296E-05 0.0564091 9.99296E-05 9.99296E-05 9.99296E-05 0.942792 9.99296E-05
9.99207E-05 9.99207E-05 9.99207E-05 9.99207E-05 9.99207E-05 0.999101 9.99207E-05 9.99207E-05 9.99207E-05 9.99207E-05
9.99208E-05 9.99208E-05 9.99208E-05 9.99208E-05 9.99208E-05 0.999101 9.99208E-05 9.99208E-05 9.99208E-05 9.99208E-05
9.99208E-05 9.99208E-05 9.99208E-05 9.99208E-05 9.99208E-05 0.999101 9.99208E-05 9.99208E-05 9.99208E-05 9.99208E-05
9.99295E-05 9.99295E-05 9.99295E-05 9.99295E-05 0.0986174 9.99295E-05 9.99295E-05 9.99295E-05 0.900583 9.99295E-05
9.99207E-05 9.99207E-05 9.99207E-05 9.99207E-05 9.99207E-05 0.999101 9.99207E-05 9.99207E-05 9.99207E-05 9.99207E-05
9.99208E-05 9.99208E-05 9.99208E-05 9.99208E-05 9.99208E-05 0.999101 9.99208E-05 9.99208E-05 9.99208E-05 9.99208E-05
9.99384E-05 9.99384E-05 9.99384E-05 9.99384E-05 0.117316 0.0464442 9.99384E-05 9.99384E-05 0.83554 9.99384E-05
9.99472E-05 9.99472E-05 9.99472E-05 9.99472E-05 0.0539969 0.0287588 9.99472E-05 9.99472E-05 0.911239 0.00540543
9.99384E-05 9.99384E-05 9.99384E-05 9.99384E-05 0.143706 9.99384E-05 9.99384E-05 9.99384E-05 0.851237 0.00435726
9.99207E-05 9.99207E-05 9.99207E-05 9.99207E-05 9.99207E-05 0.999101 9.99207E-05 9.99207E-05 9.99207E-05 9.99207E-05
9.99208E-05 9.99208E-05 9.99208E-05 9.99208E-05 9.99208E-05 0.999101 9.99208E-05 9.99208E-05 9.99208E-05 9.99208E-05
9.99295E-05 9.99295E-05 9.99295E-05 9.99295E-05 9.99295E-05 9.99295E-05 9.99295E-05 9.99295E-05 0.935167 0.0640332
9.99295E-05 9.99295E-05 9.99295E-05 9.99295E-05 0.108361 9.99295E-05 9.99295E-05 9.99295E-05 0.890839 9.99295E-05
9.99648E-05 9.99648E-05 9.99648E-05 0.0586767 0.0500732 0.124432 0.155837 9.99648E-05 0.554206 0.0563745
9.99296E-05 9.99296E-05 9.99296E-05 9.99296E-05 9.99296E-05 9.99296E-05 9.99296E-05 9.99296E-05 0.927989 0.0712114
9.99208E-05 9.99208E-05 9.99208E-05 9.99208E-05 9.99208E-05 0.999101 9.99208E-05 9.99208E-05 9.99208E-05 9.99208E-05
9.99471E-05 9.99471E-05 9.99471E-05 9.99471E-05 0.0437659 0.0368839 0.0192772 9.99471E-05 0.899473 9.99471E-05
9.9956E-05 9.9956E-05 9.9956E-05 9.9956E-05 0.0748734 0.0099896 0.0233751 9.9956E-05 0.872964 0.0182977
9.99295E-05 9.99295E-05 9.99295E-05 9.99295E-05 0.100442 9.99295E-05 9.99295E-05 9.99295E-05 0.898759 9.99295E-05
9.99208E-05 9.99208E-05 9.99208E-05 9.99208E-05 9.99208E-05 0.999101 9.99208E-05 9.99208E-05 9.99208E-05 9.99208E-05
9.99472E-05 9.99472E-05 9.99472E-05 9.99472E-05 0.0835563 0.0295049 9.99472E-05 9.99472E-05 0.845398 0.0409415
9.99208E-05 9.99208E-05 9.99208E-05 9.99208E-05 9.99208E-05 0.999101 9.99208E-05 9.99208E-05 9.99208E-05 9.99208E-05
9.99296E-05 9.99296E-05 9.99296E-05 9.99296E-05 0.0970109 9.99296E-05 9.99296E-05 9.99296E-05 0.90219 9.99296E-05
9.99295E-05 9.99295E-05 9.99295E-05 9.99295E-05 0.102784 9.99295E-05 9.99295E-05 9.99295E-05 0.896417 9.99295E-05
9.99207E-05 9.99207E-05 9.99207E-05 9.99207E-05 9.99207E-05 0.999101 9.99207E-05 9.99207E-05 9.99207E-05 9.99207E-05
9.99208E-05 9.99208E-05 9.99208E-05 9.99208E-05 9.99208E-05 0.999101 9.99208E-05 9.99208E-05 9.99208E-05 9.99208E-05
9.99208E-05 9.99208E-05 9.99208E-05 9.99208E-05 9.99208E-05 0.999101 9.99208E-05 9.99208E-05 9.99208E-05 9.99208E-05
9.99384E-05 9.99384E-05 0.00414348 9.99384E-05 9.99384E-05 9.99384E-05 9.99384E-05 9.99384E-05 0.881957 0.1132
9.99296E-05 9.99296E-05 9.99296E-05 9.99296E-05 9.99296E-05 9.99296E-05 9.99296E-05 9.99296E-05 0.877015 0.122185
9.99384E-05 9.99384E-05 9.99384E-05 9.99384E-05 0.0801493 9.99384E-05 9.99384E-05 9.99384E-05 0.885295 0.0338561
9.99296E-05 9.99296E-05 9.99296E-05 9.99296E-05 0.124053 9.99296E-05 9.99296E-05 9.99296E-05 0.875147 9.99296E-05
9.99472E-05 9.99472E-05 9.99472E-05 9.99472E-05 0.0538577 0.0400184 9.99472E-05 9.99472E-05 0.890758 0.0147663
9.99208E-05 9.99208E-05 9.99208E-05 9.99208E-05 9.99208E-05 0.999101 9.99208E-05 9.99208E-05 9.99208E-05 9.99208E-05
9.99208E-05 9.99208E-05 9.99208E-05 9.99208E-05 9.99208E-05 0.999101 9.99208E-05 9.99208E-05 9.99208E-05 9.99208E-05
9.99208E-05 9.99208E-05 9.99208E-05 9.99208E-05 9.99208E-05 0.999101 9.99208E-05 9.99208E-05 9.99208E-05 9.99208E-05
9.99384E-05 9.99384E-05 9.99384E-05 9.99384E-05 0.182599 0.0101355 9.99384E-05 9.99384E-05 0.806566 9.99384E-05
9.99207E-05 9.99207E-05 9.99207E-05 9.99207E-05 9.99207E-05 0.999101 9.99207E-05 9.99207E-05 9.99207E-05 9.99207E-05
9.99208E-05 9.99208E-05 9.99208E-05 9.99208E-05 9.99208E-05 0.999101 9.99208E-05 9.99208E-05 9.99208E-05 9.99208E-05
9.99207E-05 9.99207E-05 9.99207E-05 9.99207E-05 9.99207E-05 0.999101 9.99207E-05 9.99207E-05 9.99207E-05 9.99207E-05
9.99208E-05 9.99208E-05 9.99208E-05 9.99208E-05 9.99208E-05 0.999101 9.99208E-05 9.99208E-05 9.99208E-05 9.99208E-05
9.99296E-05 9.99296E-05 9.99296E-05 9.99296E-05 0.115238 9.99296E-05 9.99296E-05 9.99296E-05 0.883963 9.99296E-05
9.99208E-05 9.99208E-05 9.99208E-05 9.99208E-05 9.99208E-05 0.999101 9.99208E-05 9.99208E-05 9.99208E-05 9.99208E-05
9.99207E-05 9.99207E-05 9.99207E-05 9.99207E-05 9.99207E-05 0.999101 9.99207E-05 9.99207E-05 9.99207E-05 9.99207E-05
9.99736E-05 9.99736E-05 0.051522 0.0724435 0.0391809 0.124831 0.120426 9.99736E-05 0.543313 0.0479834
9.99472E-05 9.99472E-05 0.00196335 9.99472E-05 0.0186103 9.99472E-05 9.99472E-05 9.99472E-05 0.849505 0.129322
9.99208E-05 9.99208E-05 9.99208E-05 9.99208E-05 9.99208E-05 0.999101 9.99208E-05 9.99208E-05 9.99208E-05 9.99208E-05
9.99208E-05 9.99208E-05 9.99208E-05 9.99208E-05 9.99208E-05 0.999101 9.99208E-05 9.99208E-05 9.99208E-05 9.99208E-05
9.99207E-05 9.99207E-05 9.99207E-05 9.99207E-05 9.99207E-05 0.999101 9.99207E-05 9.99207E-05 9.99207E-05 9.99207E-05
9.99208E-05 9.99208E-05 9.99208E-05 9.99208E-05 9.99208E-05 0.999101 9.99208E-05 9.99208E-05 9.99208E-05 9.99208E-05
9.99295E-05 9.99295E-05 9.99295E-05 9.99295E-05 0.115409 9.99295E-05 9.99295E-05 9.99295E-05 0.883792 9.99295E-05
9.99207E-05 9.99207E-05 9.99207E-05 9.99207E-05 9.99207E-05 0.999101 9.99207E-05 9.99207E-05 9.99207E-05 9.99207E-05
9.99296E-05 9.99296E-05 9.99296E-05 9.99296E-05 0.0773082 9.99296E-05 9.99296E-05 9.99296E-05 0.921892 9.99296E-05
9.99208E-05 9.99208E-05 9.99208E-05 9.99208E-05 9.99208E-05 0.999101 9.99208E-05 9.99208E-05 9.99208E-05 9.99208E-05
9.99296E-05 9.99296E-05 9.99296E-05 9.99296E-05 0.104683 9.99296E-05 9.99296E-05 9.99296E-05 0.894518 9.99296E-05
9.99208E-05 9.99208E-05 9.99208E-05 9.99208E-05 9.99208E-05 0.999101 9.99208E-05 9.99208E-05 9.99208E-05 9.99208E-05
9.99207E-05 9.99207E-05 9.99207E-05 9.99207E-05 9.99207E-05 0.999101 9.99207E-05 9.99207E-05 9.99207E-05 9.99207E-05
9.99208E-05 9.99208E-05 9.99208E-05 9.99208E-05 9.99208E-05 0.999101 9.99208E-05 9.99208E-05 9.99208E-05 9.99208E-05
9.99208E-05 9.99208E-05 9.99208E-05 9.99208E-05 9.99208E-05 0.999101 9.99208E-05 9.99208E-05 9.99208E-05 9.99208E-05
9.99208E-05 9.99208E-05 9.99208E-05 9.99208E-05 9.99208E-05 0.999101 9.99208E-05 9.99208E-05 9.99208E-05 9.99208E-05
9.99208E-05 9.99208E-05 9.99208E-05 9.99208E-05 9.99208E-05 0.999101 9.99208E-05 9.99208E-05 9.99208E-05 9.99208E-05
9.99384E-05 9.99384E-05 9.99384E-05 9.99384E-05 0.072626 9.99384E-05 9.99384E-05 9.99384E-05 0.890472 0.036202
9.99384E-05 9.99384E-05 9.99384E-05 9.99384E-05 0.128648 0.00565375 9.99384E-05 9.99384E-05 0.864998 9.99384E-05
9.99472E-05 9.99472E-05 0.0282866 9.99472E-05 0.00491289 9.99472E-05 9.99472E-05 9.99472E-05 0.906366 0.059835
9.99208E-05 9.99208E-05 9.99208E-05 9.99208E-05 9.99208E-05 0.999101 9.99208E-05 9.99208E-05 9.99208E-05 9.99208E-05
9.99296E-05 9.99296E-05 9.99296E-05 9.99296E-05 0.108211 9.99296E-05 9.99296E-05 9.99296E-05 0.890989 9.99296E-05
9.99384E-05 9.99384E-05 9.99384E-05 9.99384E-05 0.0761149 0.0715361 9.99384E-05 9.99384E-05 0.851649 9.99384E-05
9.99472E-05 9.99472E-05 9.99472E-05 9.99472E-05 9.99472E-05 0.0619421 0.0253089 9.99472E-05 0.864177 0.0479722
9.99208E-05 9.99208E-05 9.99208E-05 9.99208E-05 9.99208E-05 0.999101 9.99208E-05 9.99208E-05 9.99208E-05 9.99208E-05
9.99209E-05 9.99209E-05 9.99209E-05 9.99209E-05 9.99209E-05 0.999101 9.99209E-05 9.99209E-05 9.99209E-05 9.99209E-05
9.99208E-05 9.99208E-05 9.99208E-05 9.99208E-05 9.99208E-05 0.999101 9.99208E-05 9.99208E-05 9.99208E-05 9.99208E-05
9.99384E-05 9.99384E-05 9.99384E-05 9.99384E-05 0.128956 0.0286195 9.99384E-05 9.99384E-05 0.841725 9.99384E-05
9.99207E-05 9.99207E-05 9.99207E-05 9.99207E-05 9.99207E-05 0.999101 9.99207E-05 9.99207E-05 9.99207E-05 9.99207E-05
9.99207E-05 9.99207E-05 9.99207E-05 9.99207E-05 9.99207E-05 0.999101 9.99207E-05 9.99207E-05 9.99207E-05 9.99207E-05
9.99384E-05 9.99384E-05 9.99384E-05 9.99384E-05 0.120295 9.99384E-05 9.99384E-05 9.99384E-05 0.860097 0.0189079
9.99208E-05 9.99208E-05 9.99208E-05 9.99208E-05 9.99208E-05 0.999101 9.99208E-05 9.99208E-05 9.99208E-05 9.99208E-05
9.99208E-05 9.99208E-05 9.99208E-05 9.99208E-05 9.99208E-05 0.999101 9.99208E-05 9.99208E-05 9.99208E-05 9.99208E-05
0.0823317 9.99648E-05 0.0869273 0.0828636 9.99648E-05 0.0829775 9.99648E-05 9.99648E-05 0.576861 0.0876389
9.99384E-05 9.99384E-05 9.99384E-05 9.99384E-05 0.0668341 0.0332468 9.99384E-05 9.99384E-05 0.899219 9.99384E-05
9.99208E-05 9.99208E-05 9.99208E-05 9.99208E-05 9.99208E-05 0.999101 9.99208E-05 9.99208E-05 9.99208E-05 9.99208E-05
0.0597368 0.00338711 9.99561E-05 9.99561E-05 0.0483158 0.508184 9.99561E-05 9.99561E-05 0.379877 9.99561E-05
9.99473E-05 0.0470216 9.99473E-05 9.99473E-05 9.99473E-05 0.26913 9.99473E-05 9.99473E-05 0.650092 0.0331562
9.99385E-05 9.99385E-05 9.99385E-05 9.99385E-05 0.0940707 0.143327 9.99385E-05 9.99385E-05 0.761903 9.99385E-05
9.9956E-05 9.9956E-05 0.0600998 0.0261848 9.9956E-05 9.9956E-05 0.0557746 9.9956E-05 0.811981 0.0454601
9.99384E-05 9.99384E-05 9.99384E-05 9.99384E-05 9.99384E-05 0.28559 9.99384E-05 9.99384E-05 0.673249 0.0404616
9.993E-05 9.993E-05 9.993E-05 9.993E-05 9.993E-05 0.0779304 9.993E-05 9.993E-05 0.92127 9.993E-05
0.0597166 9.99473E-05 9.99473E-05 9.99473E-05 9.99473E-05 0.293782 0.193275 9.99473E-05 0.452627 9.99473E-05
0.0895892 9.99648E-05 0.0505863 9.99648E-05 0.019499 0.1133 9.99648E-05 9.99648E-05 0.721033 0.00559285
9.99474E-05 9.99474E-05 0.00658375 9.99474E-05 9.99474E-05 0.226251 9.99474E-05 9.99474E-05 0.757228 0.00933825
9.99464E-05 0.11072 9.99464E-05 9.99464E-05 0.0427534 9.99464E-05 9.99464E-05 9.99464E-05 0.845827 9.99464E-05
0.065501 9.99385E-05 9.99385E-05 9.99385E-05 9.99385E-05 0.0995388 9.99385E-05 9.99385E-05 0.834261 9.99385E-05
9.99297E-05 9.99297E-05 9.99297E-05 9.99297E-05 9.99297E-05 0.522906 9.99297E-05 9.99297E-05 0.476295 9.99297E-05
9.99473E-05 9.99473E-05 0.0553156 0.141547 9.99473E-05 0.241403 9.99473E-05 9.99473E-05 0.561134 9.99473E-05
9.99561E-05 0.0983507 0.126844 9.99561E-05 9.99561E-05 0.025801 9.99561E-05 9.99561E-05 0.709431 0.0390745
0.0509918 9.99384E-05 9.99384E-05 9.99384E-05 9.99384E-05 0.135944 9.99384E-05 9.99384E-05 0.812365 9.99384E-05
0.0295698 0.059784 9.99473E-05 9.99473E-05 9.99473E-05 0.308627 9.99473E-05 9.99473E-05 0.60142 9.99473E-05
0.0183087 9.99474E-05 9.99474E-05 9.99474E-05 0.127 0.182865 9.99474E-05 9.99474E-05 0.671226 9.99474E-05
0.0680907 9.99648E-05 0.00791157 0.0704194 0.0318838 0.0527874 9.99648E-05 9.99648E-05 0.768507 9.99648E-05
0.0279151 0.0553674 9.99561E-05 9.99561E-05 9.99561E-05 0.164116 9.99561E-05 9.99561E-05 0.692689 0.0594127
9.99472E-05 0.116995 9.99472E-05 9.99472E-05 0.0559845 0.134841 9.99472E-05 9.99472E-05 0.691579 9.99472E-05
9.99385E-05 0.226653 9.99385E-05 9.99385E-05 9.99385E-05 0.0988624 9.99385E-05 9.99385E-05 0.673785 9.99385E-05
9.99473E-05 0.141878 9.99473E-05 0.0440338 9.99473E-05 0.236132 9.99473E-05 9.99473E-05 0.577357 9.99473E-05
9.99649E-05 0.0190438 0.0498491 0.0998032 9.99649E-05 0.190276 9.99649E-05 9.99649E-05 0.546865 0.0937627
0.0229713 0.116669 9.99472E-05 9.99472E-05 9.99472E-05 0.136179 9.99472E-05 9.99472E-05 0.723581 9.99472E-05
9.99472E-05 9.99472E-05 0.148693 9.99472E-05 0.0820673 0.0377397 9.99472E-05 9.99472E-05 0.7309 9.99472E-05
9.993E-05 9.993E-05 9.993E-05 9.993E-05 9.993E-05 0.030465 9.993E-05 9.993E-05 0.968736 9.993E-05
9.99384E-05 0.14258 9.99384E-05 9.99384E-05 9.99384E-05 0.0720556 9.99384E-05 9.99384E-05 0.784665 9.99384E-05
9.9956E-05 0.0113979 0.0951926 9.9956E-05 0.139309 0.355863 9.9956E-05 9.9956E-05 0.397737 9.9956E-05
9.99385E-05 0.153569 0.00566721 9.99385E-05 9.99385E-05 9.99385E-05 9.99385E-05 9.99385E-05 0.840065 9.99385E-05
9.99473E-05 9.99473E-05 0.12378 9.99473E-05 9.99473E-05 0.271096 9.99473E-05 9.99473E-05 0.565964 0.0385606
9.99385E-05 0.105752 9.99385E-05 9.99385E-05 9.99385E-05 0.434717 9.99385E-05 9.99385E-05 0.458831 9.99385E-05
9.99297E-05 9.99297E-05 9.99297E-05 9.99297E-05 9.99297E-05 0.191955 9.99297E-05 9.99297E-05 0.807245 9.99297E-05
9.99384E-05 0.0528487 9.99384E-05 9.99384E-05 9.99384E-05 0.249573 9.99384E-05 9.99384E-05 0.696879 9.99384E-05
9.99473E-05 0.148881 0.00981636 9.99473E-05 9.99473E-05 0.210723 9.99473E-05 9.99473E-05 0.62998 9.99473E-05
9.99472E-05 0.133614 0.071412 9.99472E-05 9.99472E-05 0.145797 9.99472E-05 9.99472E-05 0.648577 9.99472E-05
9.99385E-05 0.0678927 9.99385E-05 9.99385E-05 9.99385E-05 0.0542012 9.99385E-05 9.99385E-05 0.877207 9.99385E-05
9.99211E-05 9.99211E-05 9.99211E-05 9.99211E-05 9.99211E-05 9.99211E-05 9.99211E-05 9.99211E-05 0.999101 9.99211E-05
0.112163 9.9956E-05 0.00654257 0.106515 9.9956E-05 9.9956E-05 0.0905075 9.9956E-05 0.683772 9.9956E-05
0.0777029 9.99561E-05 9.99561E-05 0.100665 9.99561E-05 0.00435607 9.99561E-05 9.99561E-05 0.798758 0.0180179
9.9956E-05 0.185524 9.9956E-05 9.9956E-05 9.9956E-05 0.291633 0.00136202 9.9956E-05 0.511403 0.00957808
9.99472E-05 0.122649 0.00785092 9.99472E-05 9.99472E-05 0.0740852 9.99472E-05 9.99472E-05 0.794815 9.99472E-05
9.99561E-05 0.0203998 9.99561E-05 9.99561E-05 0.116428 0.0467177 9.99561E-05 9.99561E-05 0.807321 0.0086337
9.9956E-05 0.126984 9.9956E-05 9.9956E-05 0.073899 0.217121 0.00877358 9.9956E-05 0.572723 9.9956E-05
9.99386E-05 0.0193024 9.99386E-05 9.99386E-05 9.99386E-05 0.597561 9.99386E-05 9.99386E-05 0.382437 9.99386E-05
0.0200998 9.99472E-05 0.0669194 9.99472E-05 9.99472E-05 0.223144 9.99472E-05 9.99472E-05 0.689237 9.99472E-05
9.99384E-05 0.0936015 9.99384E-05 9.99384E-05 9.99384E-05 0.172368 9.99384E-05 9.99384E-05 0.733331 9.99384E-05
0.00356172 9.99386E-05 9.99386E-05 9.99386E-05 9.99386E-05 0.0691967 9.99386E-05 9.99386E-05 0.926542 9.99386E-05
0.0297571 0.106597 9.99473E-05 9.99473E-05 9.99473E-05 0.316155 9.99473E-05 9.99473E-05 0.546892 9.99473E-05
9.99211E-05 9.99211E-05 9.99211E-05 9.99211E-05 9.99211E-05 9.99211E-05 9.99211E-05 9.99211E-05 0.999101 9.99211E-05
0.0202618 9.99648E-05 0.0641857 0.0537302 9.99648E-05 0.248195 0.0161642 9.99648E-05 0.597064 9.99648E-05
0.0230586 9.99299E-05 9.99299E-05 9.99299E-05 9.99299E-05 9.99299E-05 9.99299E-05 9.99299E-05 0.976142 9.99299E-05
0.0698542 9.99297E-05 9.99297E-05 9.99297E-05 9.99297E-05 9.99297E-05 9.99297E-05 9.99297E-05 0.929346 9.99297E-05
9.99384E-05 0.07674 9.99384E-05 9.99384E-05 9.99384E-05 9.99384E-05 0.155425 9.99384E-05 0.767136 9.99384E-05
9.99297E-05 9.99297E-05 9.99297E-05 9.99297E-05 9.99297E-05 0.277404 9.99297E-05 9.99297E-05 0.721797 9.99297E-05
0.0343368 0.0859288 9.99824E-05 0.0429007 0.00965504 0.0532438 0.00414304 9.99824E-05 0.741813 0.0277785
9.99385E-05 9.99385E-05 9.99385E-05 9.99385E-05 0.0539656 0.22331 9.99385E-05 9.99385E-05 0.722024 9.99385E-05
9.99212E-05 9.99212E-05 9.99212E-05 9.99212E-05 9.99212E-05 9.99212E-05 9.99212E-05 9.99212E-05 0.999101 9.99212E-05
0.00583114 9.99385E-05 9.99385E-05 9.99385E-05 9.99385E-05 0.224322 9.99385E-05 9.99385E-05 0.769147 9.99385E-05
9.99385E-05 9.99385E-05 9.99385E-05 9.99385E-05 9.99385E-05 0.191263 9.99385E-05 9.99385E-05 0.797112 0.0109256
9.99298E-05 9.99298E-05 9.99298E-05 9.99298E-05 9.99298E-05 0.209506 9.99298E-05 9.99298E-05 0.789695 9.99298E-05
9.99211E-05 9.99211E-05 9.99211E-05 9.99211E-05 9.99211E-05 9.99211E-05 9.99211E-05 9.99211E-05 0.999101 9.99211E-05
9.993E-05 9.993E-05 9.993E-05 9.993E-05 9.993E-05 0.149515 9.993E-05 9.993E-05 0.849685 9.993E-05
9.993E-05 9.993E-05 9.993E-05 9.993E-05 9.993E-05 9.993E-05 9.993E-05 0.0490659 0.950135 9.993E-05
0.0831025 9.99385E-05 9.99385E-05 9.99385E-05 9.99385E-05 0.0566499 9.99385E-05 9.99385E-05 0.859548 9.99385E-05
0.0479768 9.99472E-05 9.99472E-05 9.99472E-05 9.99472E-05 0.250365 9.99472E-05 9.99472E-05 0.547444 0.153614
9.99386E-05 0.108949 9.99386E-05 9.99386E-05 9.99386E-05 0.281469 9.99386E-05 9.99386E-05 0.608882 9.99386E-05
9.99299E-05 9.99299E-05 9.99299E-05 9.99299E-05 9.99299E-05 0.0534882 9.99299E-05 9.99299E-05 0.945712 9.99299E-05
9.99473E-05 0.00361395 9.99473E-05 9.99473E-05 9.99473E-05 0.287225 9.99473E-05 9.99473E-05 0.601594 0.106967
0.00554266 9.9956E-05 9.9956E-05 9.9956E-05 0.0226847 0.0369895 9.9956E-05 9.9956E-05 0.896275 0.0380084
0.0108774 9.99387E-05 9.99387E-05 9.99387E-05 9.99387E-05 9.99387E-05 9.99387E-05 9.99387E-05 0.982323 0.00609983
9.99473E-05 9.99473E-05 9.99473E-05 9.99473E-05 0.0204216 0.0570814 9.99473E-05 9.99473E-05 0.885379 0.0365186
9.993E-05 9.993E-05 9.993E-05 9.993E-05 9.993E-05 9.993E-05 9.993E-05 0.0630564 0.936144 9.993E-05
0.0287067 9.99561E-05 9.99561E-05 9.99561E-05 0.028152 0.29861 0.0495729 9.99561E-05 0.594459 9.99561E-05
9.99474E-05 9.99474E-05 0.0230776 0.182924 9.99474E-05 9.99474E-05 9.99474E-05 9.99474E-05 0.745293 0.0481064
9.99211E-05 9.99211E-05 9.99211E-05 9.99211E-05 9.99211E-05 9.99211E-05 9.99211E-05 9.99211E-05 0.999101 9.99211E-05
9.99298E-05 9.99298E-05 9.99298E-05 9.99298E-05 9.99298E-05 0.175948 9.99298E-05 9.99298E-05 0.823252 9.99298E-05
9.993E-05 9.993E-05 9.993E-05 9.993E-05 9.993E-05 0.00301382 9.993E-05 9.993E-05 0.996187 9.993E-05
0.0168818 9.99385E-05 0.0666426 9.99385E-05 9.99385E-05 9.99385E-05 9.99385E-05 9.99385E-05 0.915776 9.99385E-05
9.993E-05 9.993E-05 9.993E-05 9.993E-05 9.993E-05 0.128305 9.993E-05 9.993E-05 0.870895 9.993E-05
0.0309763 9.99385E-05 9.99385E-05 9.99385E-05 9.99385E-05 0.403227 9.99385E-05 9.99385E-05 0.565097 9.99385E-05
0.0510946 0.121976 9.99561E-05 9.99561E-05 0.0265964 0.239695 9.99561E-05 9.99561E-05 0.560138 9.99561E-05
0.0658808 0.180462 9.99561E-05 9.99561E-05 9.99561E-05 0.190468 9.99561E-05 9.99561E-05 0.49238 0.0703084
9.99212E-05 9.99212E-05 9.99212E-05 9.99212E-05 9.99212E-05 9.99212E-05 9.99212E-05 9.99212E-05 0.999101 9.99212E-05
0.0216841 9.99386E-05 9.99386E-05 9.99386E-05 9.99386E-05 0.259011 9.99386E-05 9.99386E-05 0.718605 9.99386E-05
9.99472E-05 9.99472E-05 9.99472E-05 9.99472E-05 0.064464 0.182527 9.99472E-05 9.99472E-05 0.567161 0.185248
0.0279696 0.0109846 9.99474E-05 0.0170088 9.99474E-05 9.99474E-05 9.99474E-05 9.99474E-05 0.943437 9.99474E-05
0.0113384 9.9956E-05 0.12285 9.9956E-05 0.043208 0.0199696 9.9956E-05 9.9956E-05 0.802134 9.9956E-05
0.0487086 9.99384E-05 9.99384E-05 9.99384E-05 9.99384E-05 0.393098 9.99384E-05 9.99384E-05 0.557494 9.99384E-05
9.99473E-05 9.99473E-05 9.99473E-05 0.0166388 9.99473E-05 0.051639 0.109238 9.99473E-05 0.821884 9.99473E-05
9.99385E-05 9.99385E-05 9.99385E-05 9.99385E-05 9.99385E-05 0.217111 9.99385E-05 9.99385E-05 0.706783 0.0754069
9.99474E-05 9.99474E-05 9.99474E-05 9.99474E-05 9.99474E-05 0.0903786 0.136514 9.99474E-05 0.644977 0.127531
9.99472E-05 9.99472E-05 0.170212 9.99472E-05 9.99472E-05 0.0710773 0.000537985 9.99472E-05 0.757573 9.99472E-05
9.99473E-05 9.99473E-05 9.99473E-05 9.99473E-05 0.0348387 0.37696 9.99473E-05 0.00931476 0.578287 9.99473E-05
0.181434 9.99736E-05 0.0106281 0.0106723 9.99736E-05 0.123128 0.0166144 9.99736E-05 0.589867 0.0673551
9.99298E-05 9.99298E-05 9.99298E-05 9.99298E-05 9.99298E-05 0.311288 9.99298E-05 9.99298E-05 0.687913 9.99298E-05
9.99299E-05 9.99299E-05 9.99299E-05 9.99299E-05 9.99299E-05 0.0572365 9.99299E-05 9.99299E-05 0.941964 9.99299E-05
9.99473E-05 0.154151 9.99473E-05 9.99473E-05 9.99473E-05 0.348354 0.0597107 9.99473E-05 0.437185 9.99473E-05
0.104985 0.0231614 9.9956E-05 0.0151666 9.9956E-05 0.059427 9.9956E-05 9.9956E-05 0.79676 9.9956E-05
9.99298E-05 9.99298E-05 0.0415057 9.99298E-05 9.99298E-05 9.99298E-05 9.99298E-05 9.99298E-05 0.957695 9.99298E-05
9.99385E-05 9.99385E-05 9.99385E-05 9.99385E-05 9.99385E-05 0.118896 0.0768627 9.99385E-05 0.803542 9.99385E-05
0.125299 0.135652 0.0617796 0.0420441 9.99824E-05 0.254646 0.00271465 9.99824E-05 0.3327 0.0449645
9.99385E-05 9.99385E-05 9.99385E-05 9.99385E-05 9.99385E-05 0.0874935 0.0828332 9.99385E-05 0.828974 9.99385E-05
0.0390555 9.99561E-05 0.0637834 9.99561E-05 9.99561E-05 0.121334 9.99561E-05 9.99561E-05 0.61309 0.162237
9.99387E-05 9.99387E-05 9.99387E-05 9.99387E-05 9.99387E-05 0.0653755 9.99387E-05 0.0232735 0.910651 9.99387E-05
9.993E-05 9.993E-05 9.993E-05 9.993E-05 9.993E-05 0.108551 9.993E-05 9.993E-05 0.890649 9.993E-05
0.0290192 9.99386E-05 9.99386E-05 9.99386E-05 9.99386E-05 0.225938 9.99386E-05 9.99386E-05 0.744344 9.99386E-05
9.99473E-05 9.99473E-05 0.123718 0.0885989 9.99473E-05 9.99473E-05 9.99473E-05 9.99473E-05 0.761656 0.0254273
9.993E-05 9.993E-05 9.993E-05 9.993E-05 9.993E-05 0.0484673 9.993E-05 9.993E-05 0.950733 9.993E-05
9.99213E-05 9.99213E-05 9.99213E-05 9.99213E-05 9.99213E-05 9.99213E-05 9.99213E-05 9.99213E-05 0.999101 9.99213E-05
9.99473E-05 0.0846977 0.0447907 9.99473E-05 9.99473E-05 0.0902312 9.99473E-05 9.99473E-05 0.779681 9.99473E-05
9.99473E-05 9.99473E-05 0.0982709 9.99473E-05 9.99473E-05 0.0823151 9.99473E-05 9.99473E-05 0.803066 0.0157481
0.0194226 9.99298E-05 9.99298E-05 9.99298E-05 9.99298E-05 9.99298E-05 9.99298E-05 9.99298E-05 0.979778 9.99298E-05
9.99385E-05 9.99385E-05 9.99385E-05 9.99385E-05 9.99385E-05 0.15294 0.00858196 9.99385E-05 0.837779 9.99385E-05
9.99385E-05 0.301043 9.99385E-05 9.99385E-05 9.99385E-05 0.0137474 9.99385E-05 9.99385E-05 0.68451 9.99385E-05
0.115982 9.99384E-05 9.99384E-05 9.99384E-05 9.99384E-05 9.99384E-05 9.99384E-05 9.99384E-05 0.700611 0.182708
0.00301383 9.99386E-05 9.99386E-05 9.99386E-05 9.99386E-05 0.418567 9.99386E-05 9.99386E-05 0.57772 9.99386E-05
9.99473E-05 9.99473E-05 9.99473E-05 9.99473E-05 9.99473E-05 0.139049 0.145075 9.99473E-05 0.683786 0.0314905
0.0197358 9.9956E-05 0.131205 9.9956E-05 9.9956E-05 0.00522628 9.9956E-05 9.9956E-05 0.841281 0.00205239
0.0188608 9.99474E-05 9.99474E-05 9.99474E-05 9.99474E-05 0.040892 9.99474E-05 9.99474E-05 0.920526 0.0191213
0.0785311 9.99472E-05 9.99472E-05 9.99472E-05 0.0836772 9.99472E-05 0.120886 9.99472E-05 0.716306 9.99472E-05
0.0223549 9.99472E-05 0.135988 0.0409894 9.99472E-05 9.99472E-05 9.99472E-05 9.99472E-05 0.800068 9.99472E-05
0.0904547 9.99384E-05 9.99384E-05 9.99384E-05 9.99384E-05 0.215482 9.99384E-05 9.99384E-05 0.693364 9.99384E-05
9.99473E-05 0.0336692 9.99473E-05 9.99473E-05 9.99473E-05 0.104795 0.0435775 9.99473E-05 0.817359 9.99473E-05
0.00013747 0.127664 9.99649E-05 9.99649E-05 9.99649E-05 0.216004 0.0648067 9.99649E-05 0.576214 0.0147741
9.99299E-05 9.99299E-05 9.99299E-05 9.99299E-05 9.99299E-05 0.199425 9.99299E-05 9.99299E-05 0.799776 9.99299E-05
0.143097 9.99648E-05 0.08671 9.99648E-05 0.0243123 0.203821 9.99648E-05 9.99648E-05 0.520189 0.021471
9.99211E-05 9.99211E-05 9.99211E-05 9.99211E-05 9.99211E-05 9.99211E-05 9.99211E-05 9.99211E-05 0.999101 9.99211E-05
9.993E-05 9.993E-05 9.993E-05 9.993E-05 9.993E-05 0.127541 9.993E-05 9.993E-05 0.87166 9.993E-05
0.0653231 9.99561E-05 9.99561E-05 9.99561E-05 9.99561E-05 0.217011 0.195947 9.99561E-05 0.518702 0.00251705
0.0534762 0.0782737 9.99648E-05 0.00413334 9.99648E-05 0.143422 9.99648E-05 9.99648E-05 0.68901 0.031285
0.0343157 0.105695 9.99649E-05 9.99649E-05 9.99649E-05 0.16115 0.273676 0.0112316 0.413532 9.99649E-05
0.0622196 9.99473E-05 9.99473E-05 9.99473E-05 9.99473E-05 0.150283 0.211119 9.99473E-05 0.575779 9.99473E-05
0.0383174 0.0484343 9.99648E-05 0.0591422 9.99648E-05 0.198523 0.205265 9.99648E-05 0.449919 9.99648E-05
