0.0301729 9.99736E-05 0.0473878 0.57097 0.229322 0.0233166 9.99736E-05 0.0985309 9.99736E-05
9.99473E-05 9.99473E-05 9.99473E-05 0.818666 0.155915 9.99473E-05 9.99473E-05 0.024819 9.99473E-05
9.99561E-05 0.0151877 0.0133002 0.949566 9.99561E-05 9.99561E-05 9.99561E-05 0.0214467 9.99561E-05
0.0349217 0.153627 9.99736E-05 0.306541 9.99736E-05 0.0419948 0.399289 0.0633269 9.99736E-05
9.99386E-05 9.99386E-05 9.99386E-05 0.871442 9.99386E-05 9.99386E-05 0.127858 9.99386E-05 9.99386E-05
0.25061 0.10904 9.99737E-05 0.349007 0.0373701 9.99737E-05 0.242574 0.011098 9.99737E-05
9.997E-05 0.0401236 9.997E-05 0.391918 0.161749 9.997E-05 0.139753 0.122475 0.143681
0.184784 9.99737E-05 0.0329071 0.352515 9.99737E-05 9.99737E-05 0.321035 0.0287655 0.0796935
0.258258 0.0816546 9.99649E-05 0.305764 9.99649E-05 0.109716 0.244208 9.99649E-05 9.99649E-05
9.99473E-05 0.0073922 0.0253367 0.966671 9.99473E-05 9.99473E-05 9.99473E-05 9.99473E-05 9.99473E-05
0.0659412 0.0634482 9.99648E-05 0.682566 9.99648E-05 0.0335424 9.99648E-05 0.154102 9.99648E-05
9.99473E-05 9.99473E-05 9.99473E-05 0.949707 9.99473E-05 9.99473E-05 0.0133348 0.0363582 9.99473E-05
0.00765495 0.0702368 9.99649E-05 0.882645 9.99649E-05 9.99649E-05 0.0274897 0.0115735 9.99649E-05
9.99561E-05 0.201851 9.99561E-05 0.69496 9.99561E-05 9.99561E-05 9.99561E-05 0.0623603 0.040329
0.185045 0.342671 9.99737E-05 0.423165 0.0276413 0.00792118 0.0132564 9.99737E-05 9.99737E-05
0.196036 0.161056 0.0224384 0.329793 9.99824E-05 9.99824E-05 0.0938222 0.0234244 0.17323
9.99825E-05 0.0913717 0.0139812 0.665289 0.109925 9.99825E-05 0.0515694 0.0161762 0.0514871
0.0848273 0.158625 0.175043 0.364388 9.99737E-05 0.190684 0.0261332 9.99737E-05 9.99737E-05
0.231525 0.0720792 0.0264849 0.496003 9.99736E-05 0.0518429 0.121766 9.99736E-05 9.99736E-05
9.99385E-05 9.99385E-05 9.99385E-05 0.966545 9.99385E-05 0.0327554 9.99385E-05 9.99385E-05 9.99385E-05
0.138117 9.99649E-05 9.99649E-05 0.527649 9.99649E-05 0.0154117 0.255298 0.0631247 9.99649E-05
0.182317 0.0440543 0.0108092 0.356047 0.0389525 9.99824E-05 0.355765 0.0118551 9.99824E-05
9.99561E-05 0.276977 0.0302085 0.656476 9.99561E-05 9.99561E-05 9.99561E-05 0.035839 9.99561E-05
9.9956E-05 0.274345 9.9956E-05 0.570722 9.9956E-05 9.9956E-05 0.0410209 9.9956E-05 0.113413
0.0747286 0.374548 9.99649E-05 0.316085 9.99649E-05 0.178125 9.99649E-05 0.0561132 9.99649E-05
0.0287494 0.1042 9.99649E-05 0.736794 9.99649E-05 9.99649E-05 0.122177 9.99649E-05 0.00768078
0.023094 0.470238 0.142754 0.140777 0.0597216 9.99912E-05 0.0390605 0.0137894 0.110466
9.99473E-05 9.99473E-05 9.99473E-05 0.775075 0.0356545 9.99473E-05 0.188671 9.99473E-05 9.99473E-05
9.99561E-05 0.263991 9.99561E-05 0.691848 9.99561E-05 0.0397172 9.99561E-05 0.00394393 9.99561E-05
0.0302215 0.104474 9.99473E-05 0.864704 9.99473E-05 9.99473E-05 9.99473E-05 9.99473E-05 9.99473E-05
0.0714379 9.99736E-05 0.00918257 0.757957 0.0175198 0.0415436 9.99736E-05 0.102059 9.99736E-05
9.99561E-05 0.271385 9.99561E-05 0.600881 9.99561E-05 9.99561E-05 0.0633096 0.0639241 9.99561E-05
0.0167466 0.184801 9.99648E-05 0.54686 9.99648E-05 9.99648E-05 9.99648E-05 0.137694 0.113498
9.99737E-05 0.388256 0.0261269 0.512745 9.99737E-05 9.99737E-05 0.0323132 0.00987359 0.0303856
9.99561E-05 9.99561E-05 9.99561E-05 0.823587 0.0612718 0.0709745 9.99561E-05 0.0436674 9.99561E-05
9.99561E-05 9.99561E-05 9.99561E-05 0.772749 0.115578 0.057307 0.0538658 9.99561E-05 9.99561E-05
9.99562E-05 9.99562E-05 9.99562E-05 0.875349 0.0787935 9.99562E-05 9.99562E-05 0.0370353 0.00832214
0.140189 0.0502116 9.99561E-05 0.765174 9.99561E-05 0.0439257 9.99561E-05 9.99561E-05 9.99561E-05
0.0473594 0.199426 9.99737E-05 0.575744 0.0795307 9.99737E-05 0.0934579 0.00418215 9.99737E-05
9.99561E-05 0.350991 9.99561E-05 0.473119 9.99561E-05 9.99561E-05 0.00337925 9.99561E-05 0.172011
9.99474E-05 9.99474E-05 9.99474E-05 0.851086 9.99474E-05 9.99474E-05 0.141743 0.00657127 9.99474E-05
0.0757964 0.0156717 9.99649E-05 0.803909 0.0834395 9.99649E-05 0.0207834 9.99649E-05 9.99649E-05
9.99473E-05 9.99473E-05 9.99473E-05 0.934749 0.0228075 9.99473E-05 9.99473E-05 9.99473E-05 0.0418441
0.0887695 0.145988 0.0215327 0.54356 0.10001 9.99824E-05 0.0204998 0.0794398 9.99824E-05
9.99561E-05 0.082441 9.99561E-05 0.486995 0.0539918 9.99561E-05 0.376072 9.99561E-05 9.99561E-05
0.00578349 9.9956E-05 9.9956E-05 0.890597 9.9956E-05 0.0824319 0.0206879 9.9956E-05 9.9956E-05
0.0285773 9.99561E-05 0.0344084 0.928759 9.99561E-05 9.99561E-05 9.99561E-05 0.00775583 9.99561E-05
9.99474E-05 9.99474E-05 9.99474E-05 0.946834 9.99474E-05 9.99474E-05 9.99474E-05 0.0160553 0.0365114
9.995E-05 0.258894 9.995E-05 0.618741 9.995E-05 9.995E-05 0.103282 0.0185821 9.995E-05
0.0303828 9.99649E-05 9.99649E-05 0.813585 9.99649E-05 0.022088 9.99649E-05 0.0341564 0.0993877
0.0662224 0.376383 9.99736E-05 0.315467 0.0512211 9.99736E-05 0.0891482 0.101258 9.99736E-05
0.0719231 9.99561E-05 9.99561E-05 0.629332 9.99561E-05 0.157221 0.141025 9.99561E-05 9.99561E-05
0.00274829 9.99474E-05 0.0724241 0.924228 9.99474E-05 9.99474E-05 9.99474E-05 9.99474E-05 9.99474E-05
0.0382089 0.0803334 9.99737E-05 0.659832 9.99737E-05 0.0247026 9.99737E-05 0.0503469 0.146276
0.0201257 0.0419343 9.99649E-05 0.845179 9.99649E-05 9.99649E-05 0.0732977 9.99649E-05 0.0190636
9.99737E-05 0.103891 9.99737E-05 0.769503 9.99737E-05 0.0405645 0.00618008 0.0518324 0.0277283
0.00144442 9.99649E-05 0.0816012 0.860871 9.99649E-05 9.99649E-05 0.044776 0.0109077 9.99649E-05
9.99473E-05 9.99473E-05 9.99473E-05 0.934331 9.99473E-05 9.99473E-05 0.00480323 0.0602663 9.99473E-05
0.0693313 9.99473E-05 9.99473E-05 0.919615 9.99473E-05 9.99473E-05 9.99473E-05 0.0104543 9.99473E-05
0.0220341 0.364057 0.105848 0.136439 0.326022 9.99737E-05 9.99737E-05 0.0453003 9.99737E-05
9.99649E-05 9.99649E-05 9.99649E-05 0.399738 0.338294 9.99649E-05 0.118708 0.0402297 0.10263
9.99649E-05 9.99649E-05 0.110784 0.410324 0.32153 9.99649E-05 9.99649E-05 0.0991186 0.0578434
0.165792 0.280921 0.0194527 9.99561E-05 0.533334 9.99561E-05 9.99561E-05 9.99561E-05 9.99561E-05
0.115811 0.0483551 0.0908275 0.186214 0.247711 0.0451847 0.240705 9.99912E-05 0.0250917
0.0572743 0.352142 0.133422 0.0456746 0.311745 0.0363093 9.99824E-05 0.0632332 9.99824E-05
9.99737E-05 0.163468 9.99737E-05 0.015597 0.649482 0.0639065 0.0580917 0.0491552 9.99737E-05
0.0161993 0.30289 0.252574 9.99737E-05 0.392652 9.99737E-05 9.99737E-05 0.0102968 0.0250873
9.99649E-05 0.227636 0.0877807 0.213363 0.401609 9.99649E-05 9.99649E-05 9.99649E-05 0.0692113
0.0570217 0.0594914 9.99737E-05 0.347998 0.318303 9.99737E-05 0.101385 0.1155 9.99737E-05
0.124335 0.421076 0.0514577 9.99736E-05 0.165769 0.0563099 9.99736E-05 0.180752 9.99736E-05
0.0517576 9.99824E-05 0.0249998 0.0864239 0.398283 9.99824E-05 0.169072 0.111439 0.157825
0.168179 0.172873 9.99912E-05 0.00422958 0.177501 0.0377146 0.159705 0.209012 0.070686
9.99648E-05 0.30374 9.99648E-05 0.0764068 0.388239 9.99648E-05 0.164097 9.99648E-05 0.0671179
9.9965E-05 0.198648 9.9965E-05 0.281456 0.277873 9.9965E-05 9.9965E-05 0.0743694 0.167253
0.0369667 0.163816 0.0651758 0.306684 0.362076 9.99737E-05 9.99737E-05 0.0649816 9.99737E-05
9.99561E-05 0.22517 0.16909 9.99561E-05 0.343806 9.99561E-05 0.261435 9.99561E-05 9.99561E-05
0.186126 9.99737E-05 0.1023 0.123639 0.178013 9.99737E-05 0.247893 0.161729 9.99737E-05
0.0279045 0.160372 0.167789 0.285117 0.242397 9.99912E-05 0.00236119 0.0552521 0.0587069
9.99649E-05 0.37721 0.0942533 9.99649E-05 0.371332 9.99649E-05 9.99649E-05 0.0139531 0.142852
9.99737E-05 0.0929823 0.0263506 0.382092 0.35757 9.99737E-05 9.99737E-05 0.0271509 0.113555
0.00434925 0.31426 0.0640301 0.164167 0.32005 9.99824E-05 0.0152636 9.99824E-05 0.11768
9.99649E-05 0.429925 0.0225115 0.234093 0.280233 0.0328377 9.99649E-05 9.99649E-05 9.99649E-05
0.0848377 0.203209 0.111447 0.150175 0.103877 9.99912E-05 0.309538 0.0352286 0.00158815
0.0497093 0.224021 9.99736E-05 0.318931 0.0825696 9.99736E-05 0.0709964 0.253472 9.99736E-05
0.0525598 0.0703767 9.99737E-05 0.426837 0.3771 0.0300423 9.99737E-05 0.0427843 9.99737E-05
9.99737E-05 0.0558915 0.0948513 0.469464 0.325911 9.99737E-05 9.99737E-05 0.0198958 0.0336865
9.99737E-05 0.0821552 0.0508752 0.3049 0.476509 0.0177733 9.99737E-05 9.99737E-05 0.067487
0.118154 0.00301859 0.283467 0.376743 0.218218 9.99649E-05 9.99649E-05 9.99649E-05 9.99649E-05
0.0906086 0.362464 9.99562E-05 0.291458 0.254969 9.99562E-05 9.99562E-05 9.99562E-05 9.99562E-05
0.174399 0.824902 9.99385E-05 9.99385E-05 9.99385E-05 9.99385E-05 9.99385E-05 9.99385E-05 9.99385E-05
9.993E-05 0.999201 9.993E-05 9.993E-05 9.993E-05 9.993E-05 9.993E-05 9.993E-05 9.993E-05
0.118512 0.768156 0.038215 9.99561E-05 9.99561E-05 9.99561E-05 9.99561E-05 0.0746168 9.99561E-05
0.124164 0.794095 0.0727408 9.9956E-05 9.9956E-05 9.9956E-05 9.9956E-05 0.00850019 9.9956E-05
0.18786 0.772643 0.00890296 9.9956E-05 9.9956E-05 9.9956E-05 9.9956E-05 9.9956E-05 0.0300949
0.210131 0.755257 9.99561E-05 9.99561E-05 0.032565 0.00154707 9.99561E-05 9.99561E-05 9.99561E-05
0.138299 0.767672 0.0659954 9.99561E-05 9.99561E-05 9.99561E-05 9.99561E-05 0.0275333 9.99561E-05
0.294071 0.705229 9.99385E-05 9.99385E-05 9.99385E-05 9.99385E-05 9.99385E-05 9.99385E-05 9.99385E-05
0.390375 0.342039 9.9956E-05 9.9956E-05 0.252394 9.9956E-05 9.9956E-05 0.0146922 9.9956E-05
0.255643 0.743657 9.99385E-05 9.99385E-05 9.99385E-05 9.99385E-05 9.99385E-05 9.99385E-05 9.99385E-05
0.0260701 0.659621 9.99562E-05 9.99562E-05 0.299905 9.99562E-05 9.99562E-05 0.0139044 9.99562E-05
9.99473E-05 0.857151 9.99473E-05 9.99473E-05 0.0861973 9.99473E-05 9.99473E-05 0.0560518 9.99473E-05
0.125337 0.844711 9.99474E-05 9.99474E-05 9.99474E-05 9.99474E-05 9.99474E-05 0.029352 9.99474E-05
0.210624 0.788676 9.99386E-05 9.99386E-05 9.99386E-05 9.99386E-05 9.99386E-05 9.99386E-05 9.99386E-05
0.190236 0.660824 0.135153 9.99561E-05 9.99561E-05 9.99561E-05 9.99561E-05 0.0132872 9.99561E-05
0.0730382 0.804075 9.99649E-05 9.99649E-05 0.0643097 9.99649E-05 9.99649E-05 0.0430412 0.0151364
0.0578248 0.736934 9.99561E-05 9.99561E-05 0.166237 0.0385045 9.99561E-05 9.99561E-05 9.99561E-05
0.168663 0.683731 9.99649E-05 9.99649E-05 9.99649E-05 9.99649E-05 0.0804359 0.0530056 0.0137648
0.132504 0.814469 9.99473E-05 9.99473E-05 9.99473E-05 9.99473E-05 9.99473E-05 0.0524281 9.99473E-05
0.106206 0.809526 9.99562E-05 9.99562E-05 9.99562E-05 0.0494156 9.99562E-05 9.99562E-05 0.0343527
0.0443397 0.883411 9.99473E-05 9.99473E-05 9.99473E-05 9.99473E-05 0.0716497 9.99473E-05 9.99473E-05
0.0915954 0.837658 0.0079525 9.99561E-05 9.99561E-05 9.99561E-05 9.99561E-05 0.0622941 9.99561E-05
0.32248 0.553249 9.99561E-05 9.99561E-05 9.99561E-05 0.0980766 0.0256948 9.99561E-05 9.99561E-05
0.259924 0.737229 9.99474E-05 9.99474E-05 9.99474E-05 9.99474E-05 9.99474E-05 0.00224768 9.99474E-05
0.302697 0.597011 9.99648E-05 9.99648E-05 0.0056183 0.0437054 0.0505678 9.99648E-05 9.99648E-05
0.163361 0.793757 9.99474E-05 9.99474E-05 0.0422823 9.99474E-05 9.99474E-05 9.99474E-05 9.99474E-05
9.99388E-05 0.97936 9.99388E-05 9.99388E-05 9.99388E-05 0.0199401 9.99388E-05 9.99388E-05 9.99388E-05
0.182254 0.725752 9.99472E-05 9.99472E-05 9.99472E-05 9.99472E-05 0.0913945 9.99472E-05 9.99472E-05
0.315259 0.684041 9.99386E-05 9.99386E-05 9.99386E-05 9.99386E-05 9.99386E-05 9.99386E-05 9.99386E-05
0.037307 0.905634 9.99561E-05 9.99561E-05 9.99561E-05 0.0307845 9.99561E-05 0.0257745 9.99561E-05
0.0619578 0.854225 9.99474E-05 9.99474E-05 9.99474E-05 9.99474E-05 9.99474E-05 0.0832176 9.99474E-05
0.00490751 0.912096 9.995E-05 9.995E-05 9.995E-05 9.995E-05 9.995E-05 0.0482001 0.0342963
0.32467 0.447675 9.99736E-05 9.99736E-05 9.99736E-05 0.160097 0.0128877 0.0468891 0.00748085
0.138761 0.767045 9.99473E-05 9.99473E-05 9.99473E-05 0.0935945 9.99473E-05 9.99473E-05 9.99473E-05
0.0542868 0.945014 9.99386E-05 9.99386E-05 9.99386E-05 9.99386E-05 9.99386E-05 9.99386E-05 9.99386E-05
0.104658 0.734532 0.0402761 9.99737E-05 0.0311356 0.0436829 9.99737E-05 0.0454157 9.99737E-05
0.150717 0.790893 0.0296366 9.9956E-05 9.9956E-05 9.9956E-05 9.9956E-05 0.0282536 9.9956E-05
0.0440281 0.92588 0.0176824 9.9965E-05 9.9965E-05 0.00593494 0.00607433 9.9965E-05 9.9965E-05
0.0206827 0.961682 9.99474E-05 9.99474E-05 9.99474E-05 9.99474E-05 9.99474E-05 0.0170352 9.99474E-05
0.0266118 0.972689 9.99388E-05 9.99388E-05 9.99388E-05 9.99388E-05 9.99388E-05 9.99388E-05 9.99388E-05
0.118207 0.80215 0.00232832 9.9965E-05 0.033599 9.9965E-05 9.9965E-05 0.0433157 9.9965E-05
0.139065 0.761633 9.99473E-05 9.99473E-05 0.0987027 9.99473E-05 9.99473E-05 9.99473E-05 9.99473E-05
0.280117 0.642531 0.0659504 9.99561E-05 0.0109021 9.99561E-05 9.99561E-05 9.99561E-05 9.99561E-05
0.121553 0.851932 9.99475E-05 0.0259159 9.99475E-05 9.99475E-05 9.99475E-05 9.99475E-05 9.99475E-05
9.993E-05 0.999201 9.993E-05 9.993E-05 9.993E-05 9.993E-05 9.993E-05 9.993E-05 9.993E-05
0.217516 0.373955 0.0689651 9.99648E-05 0.230962 0.108202 9.99648E-05 9.99648E-05 9.99648E-05
0.134701 0.775542 0.0276016 9.99561E-05 9.99561E-05 9.99561E-05 9.99561E-05 0.0616564 9.99561E-05
0.0386498 0.532594 0.0772754 9.996E-05 0.213288 9.996E-05 9.996E-05 9.996E-05 0.137793
0.285003 0.663745 9.99561E-05 9.99561E-05 9.99561E-05 0.0291955 9.99561E-05 0.021557 9.99561E-05
9.993E-05 0.999201 9.993E-05 9.993E-05 9.993E-05 9.993E-05 9.993E-05 9.993E-05 9.993E-05
0.069292 0.759541 9.99649E-05 9.99649E-05 9.99649E-05 9.99649E-05 0.0922396 0.0147455 0.0637825
0.0623273 0.914981 9.99562E-05 9.99562E-05 0.0195827 9.99562E-05 9.99562E-05 0.00260949 9.99562E-05
0.123819 0.740712 0.0220732 9.99562E-05 9.99562E-05 9.99562E-05 9.99562E-05 0.112895 9.99562E-05
0.188959 0.605797 0.0257945 9.99649E-05 9.99649E-05 9.99649E-05 0.0372801 9.99649E-05 0.141769
9.99473E-05 0.883806 0.030587 9.99473E-05 9.99473E-05 9.99473E-05 9.99473E-05 0.0850072 9.99473E-05
0.263628 0.493255 9.99472E-05 9.99472E-05 0.242517 9.99472E-05 9.99472E-05 9.99472E-05 9.99472E-05
0.218456 0.780844 9.99385E-05 9.99385E-05 9.99385E-05 9.99385E-05 9.99385E-05 9.99385E-05 9.99385E-05
0.117193 0.791513 9.99473E-05 9.99473E-05 9.99473E-05 9.99473E-05 9.99473E-05 0.0906941 9.99473E-05
9.99561E-05 0.902058 9.99561E-05 9.99561E-05 9.99561E-05 0.0702887 9.99561E-05 0.0129846 0.0141691
0.20631 0.792991 9.99386E-05 9.99386E-05 9.99386E-05 9.99386E-05 9.99386E-05 9.99386E-05 9.99386E-05
9.99472E-05 0.917369 0.021565 9.99472E-05 9.99472E-05 0.0604665 9.99472E-05 9.99472E-05 9.99472E-05
0.999201 9.993E-05 9.993E-05 9.993E-05 9.993E-05 9.993E-05 9.993E-05 9.993E-05 9.993E-05
9.99384E-05 0.976527 9.99384E-05 9.99384E-05 9.99384E-05 0.0227738 9.99384E-05 9.99384E-05 9.99384E-05
0.999201 9.993E-05 9.993E-05 9.993E-05 9.993E-05 9.993E-05 9.993E-05 9.993E-05 9.993E-05
0.999201 9.993E-05 9.993E-05 9.993E-05 9.993E-05 9.993E-05 9.993E-05 9.993E-05 9.993E-05
0.999201 9.993E-05 9.993E-05 9.993E-05 9.993E-05 9.993E-05 9.993E-05 9.993E-05 9.993E-05
0.0024592 0.996841 9.99384E-05 9.99384E-05 9.99384E-05 9.99384E-05 9.99384E-05 9.99384E-05 9.99384E-05
0.999201 9.993E-05 9.993E-05 9.993E-05 9.993E-05 9.993E-05 9.993E-05 9.993E-05 9.993E-05
0.999201 9.993E-05 9.993E-05 9.993E-05 9.993E-05 9.993E-05 9.993E-05 9.993E-05 9.993E-05
9.99472E-05 0.943227 0.0166007 9.99472E-05 9.99472E-05 0.0395722 9.99472E-05 9.99472E-05 9.99472E-05
0.0115004 0.968544 9.99472E-05 9.99472E-05 9.99472E-05 0.0193561 9.99472E-05 9.99472E-05 9.99472E-05
9.993E-05 0.999201 9.993E-05 9.993E-05 9.993E-05 9.993E-05 9.993E-05 9.993E-05 9.993E-05
0.999201 9.993E-05 9.993E-05 9.993E-05 9.993E-05 9.993E-05 9.993E-05 9.993E-05 9.993E-05
0.999201 9.993E-05 9.993E-05 9.993E-05 9.993E-05 9.993E-05 9.993E-05 9.993E-05 9.993E-05
9.99384E-05 0.952953 9.99384E-05 9.99384E-05 9.99384E-05 0.0463473 9.99384E-05 9.99384E-05 9.99384E-05
9.993E-05 0.999201 9.993E-05 9.993E-05 9.993E-05 9.993E-05 9.993E-05 9.993E-05 9.993E-05
0.116245 0.621855 0.00176508 9.99736E-05 9.99736E-05 0.0851852 0.0779654 9.99736E-05 0.0966849
9.99384E-05 0.98787 9.99384E-05 9.99384E-05 9.99384E-05 0.0114307 9.99384E-05 9.99384E-05 9.99384E-05
0.999201 9.993E-05 9.993E-05 9.993E-05 9.993E-05 9.993E-05 9.993E-05 9.993E-05 9.993E-05
9.993E-05 0.999201 9.993E-05 9.993E-05 9.993E-05 9.993E-05 9.993E-05 9.993E-05 9.993E-05
0.0256274 0.932192 9.99472E-05 9.99472E-05 9.99472E-05 0.0415813 9.99472E-05 9.99472E-05 9.99472E-05
9.993E-05 0.999201 9.993E-05 9.993E-05 9.993E-05 9.993E-05 9.993E-05 9.993E-05 9.993E-05
0.999201 9.993E-05 9.993E-05 9.993E-05 9.993E-05 9.993E-05 9.993E-05 9.993E-05 9.993E-05
0.0330221 0.915784 9.99472E-05 9.99472E-05 9.99472E-05 0.0505945 9.99472E-05 9.99472E-05 9.99472E-05
0.999201 9.993E-05 9.993E-05 9.993E-05 9.993E-05 9.993E-05 9.993E-05 9.993E-05 9.993E-05
9.99384E-05 0.990022 9.99384E-05 9.99384E-05 9.99384E-05 0.00927848 9.99384E-05 9.99384E-05 9.99384E-05
9.993E-05 0.999201 9.993E-05 9.993E-05 9.993E-05 9.993E-05 9.993E-05 9.993E-05 9.993E-05
0.999201 9.993E-05 9.993E-05 9.993E-05 9.993E-05 9.993E-05 9.993E-05 9.993E-05 9.993E-05
0.999201 9.993E-05 9.993E-05 9.993E-05 9.993E-05 9.993E-05 9.993E-05 9.993E-05 9.993E-05
0.999201 9.993E-05 9.993E-05 9.993E-05 9.993E-05 9.993E-05 9.993E-05 9.993E-05 9.993E-05
9.99384E-05 0.997463 9.99384E-05 9.99384E-05 9.99384E-05 0.00183777 9.99384E-05 9.99384E-05 9.99384E-05
9.99384E-05 0.990146 9.99384E-05 9.99384E-05 9.99384E-05 0.00915459 9.99384E-05 9.99384E-05 9.99384E-05
9.99384E-05 0.984971 9.99384E-05 9.99384E-05 9.99384E-05 0.0143291 9.99384E-05 9.99384E-05 9.99384E-05
9.99472E-05 0.955211 0.0227261 9.99472E-05 9.99472E-05 0.0214631 9.99472E-05 9.99472E-05 9.99472E-05
0.0266053 0.907027 9.99472E-05 9.99472E-05 9.99472E-05 0.0657678 9.99472E-05 9.99472E-05 9.99472E-05
0.999201 9.993E-05 9.993E-05 9.993E-05 9.993E-05 9.993E-05 9.993E-05 9.993E-05 9.993E-05
0.999201 9.993E-05 9.993E-05 9.993E-05 9.993E-05 9.993E-05 9.993E-05 9.993E-05 9.993E-05
0.999201 9.993E-05 9.993E-05 9.993E-05 9.993E-05 9.993E-05 9.993E-05 9.993E-05 9.993E-05
0.0740189 0.912698 9.99472E-05 9.99472E-05 9.99472E-05 9.99472E-05 9.99472E-05 9.99472E-05 0.0126838
0.999201 9.993E-05 9.993E-05 9.993E-05 9.993E-05 9.993E-05 9.993E-05 9.993E-05 9.993E-05
0.999201 9.993E-05 9.993E-05 9.993E-05 9.993E-05 9.993E-05 9.993E-05 9.993E-05 9.993E-05
0.999201 9.993E-05 9.993E-05 9.993E-05 9.993E-05 9.993E-05 9.993E-05 9.993E-05 9.993E-05
0.999201 9.993E-05 9.993E-05 9.993E-05 9.993E-05 9.993E-05 9.993E-05 9.993E-05 9.993E-05
0.00675012 0.99255 9.99384E-05 9.99384E-05 9.99384E-05 9.99384E-05 9.99384E-05 9.99384E-05 9.99384E-05
0.999201 9.993E-05 9.993E-05 9.993E-05 9.993E-05 9.993E-05 9.993E-05 9.993E-05 9.993E-05
0.999201 9.993E-05 9.993E-05 9.993E-05 9.993E-05 9.993E-05 9.993E-05 9.993E-05 9.993E-05
0.0613868 0.665436 9.99648E-05 9.99648E-05 9.99648E-05 0.0748669 0.0794854 9.99648E-05 0.118425
9.99559E-05 0.876514 0.0537525 9.99559E-05 9.99559E-05 0.0574702 0.0117631 9.99559E-05 9.99559E-05
0.999201 9.993E-05 9.993E-05 9.993E-05 9.993E-05 9.993E-05 9.993E-05 9.993E-05 9.993E-05
0.999201 9.993E-05 9.993E-05 9.993E-05 9.993E-05 9.993E-05 9.993E-05 9.993E-05 9.993E-05
0.999201 9.993E-05 9.993E-05 9.993E-05 9.993E-05 9.993E-05 9.993E-05 9.993E-05 9.993E-05
0.999201 9.993E-05 9.993E-05 9.993E-05 9.993E-05 9.993E-05 9.993E-05 9.993E-05 9.993E-05
9.99384E-05 0.990174 0.00912595 9.99384E-05 9.99384E-05 9.99384E-05 9.99384E-05 9.99384E-05 9.99384E-05
0.999201 9.993E-05 9.993E-05 9.993E-05 9.993E-05 9.993E-05 9.993E-05 9.993E-05 9.993E-05
9.99384E-05 0.988782 9.99384E-05 9.99384E-05 9.99384E-05 0.0105188 9.99384E-05 9.99384E-05 9.99384E-05
0.999201 9.993E-05 9.993E-05 9.993E-05 9.993E-05 9.993E-05 9.993E-05 9.993E-05 9.993E-05
0.00233609 0.9711 9.99472E-05 9.99472E-05 9.99472E-05 0.0259641 9.99472E-05 9.99472E-05 9.99472E-05
0.999201 9.993E-05 9.993E-05 9.993E-05 9.993E-05 9.993E-05 9.993E-05 9.993E-05 9.993E-05
0.999201 9.993E-05 9.993E-05 9.993E-05 9.993E-05 9.993E-05 9.993E-05 9.993E-05 9.993E-05
0.999201 9.993E-05 9.993E-05 9.993E-05 9.993E-05 9.993E-05 9.993E-05 9.993E-05 9.993E-05
0.999201 9.993E-05 9.993E-05 9.993E-05 9.993E-05 9.993E-05 9.993E-05 9.993E-05 9.993E-05
0.999201 9.993E-05 9.993E-05 9.993E-05 9.993E-05 9.993E-05 9.993E-05 9.993E-05 9.993E-05
0.999201 9.993E-05 9.993E-05 9.993E-05 9.993E-05 9.993E-05 9.993E-05 9.993E-05 9.993E-05
9.99472E-05 0.94908 0.0259311 9.99472E-05 9.99472E-05 0.0243889 9.99472E-05 9.99472E-05 9.99472E-05
9.993E-05 0.999201 9.993E-05 9.993E-05 9.993E-05 9.993E-05 9.993E-05 9.993E-05 9.993E-05
9.99472E-05 0.979543 0.0122301 9.99472E-05 9.99472E-05 0.00762706 9.99472E-05 9.99472E-05 9.99472E-05
0.999201 9.993E-05 9.993E-05 9.993E-05 9.993E-05 9.993E-05 9.993E-05 9.993E-05 9.993E-05
9.993E-05 0.999201 9.993E-05 9.993E-05 9.993E-05 9.993E-05 9.993E-05 9.993E-05 9.993E-05
0.0839488 0.914558 9.99472E-05 9.99472E-05 9.99472E-05 0.000893498 9.99472E-05 9.99472E-05 9.99472E-05
0.0448632 0.954437 9.99384E-05 9.99384E-05 9.99384E-05 9.99384E-05 9.99384E-05 9.99384E-05 9.99384E-05
0.96508 9.99384E-05 0.0342201 9.99384E-05 9.99384E-05 9.99384E-05 9.99384E-05 9.99384E-05 9.99384E-05
0.999201 9.993E-05 9.993E-05 9.993E-05 9.993E-05 9.993E-05 9.993E-05 9.993E-05 9.993E-05
0.999201 9.993E-05 9.993E-05 9.993E-05 9.993E-05 9.993E-05 9.993E-05 9.993E-05 9.993E-05
9.99384E-05 0.971046 9.99384E-05 9.99384E-05 9.99384E-05 0.0282543 9.99384E-05 9.99384E-05 9.99384E-05
0.999201 9.993E-05 9.993E-05 9.993E-05 9.993E-05 9.993E-05 9.993E-05 9.993E-05 9.993E-05
0.999201 9.993E-05 9.993E-05 9.993E-05 9.993E-05 9.993E-05 9.993E-05 9.993E-05 9.993E-05
9.99384E-05 0.970717 9.99384E-05 9.99384E-05 9.99384E-05 0.0285834 9.99384E-05 9.99384E-05 9.99384E-05
0.999201 9.993E-05 9.993E-05 9.993E-05 9.993E-05 9.993E-05 9.993E-05 9.993E-05 9.993E-05
0.999201 9.993E-05 9.993E-05 9.993E-05 9.993E-05 9.993E-05 9.993E-05 9.993E-05 9.993E-05
0.142298 0.615251 0.0441202 9.99736E-05 9.99736E-05 0.0139977 9.99736E-05 0.123091 0.0609422
9.993E-05 0.999201 9.993E-05 9.993E-05 9.993E-05 9.993E-05 9.993E-05 9.993E-05 9.993E-05
0.999201 9.993E-05 9.993E-05 9.993E-05 9.993E-05 9.993E-05 9.993E-05 9.993E-05 9.993E-05
0.433998 0.501051 0.0107965 9.99561E-05 9.99561E-05 9.99561E-05 9.99561E-05 0.0536547 9.99561E-05
0.265311 0.603463 9.99561E-05 9.99561E-05 9.99561E-05 0.126017 0.00470921 9.99561E-05 9.99561E-05
0.161063 0.838238 9.99384E-05 9.99384E-05 9.99384E-05 9.99384E-05 9.99384E-05 9.99384E-05 9.99384E-05
9.9956E-05 0.890507 0.0634331 9.9956E-05 9.9956E-05 0.0318016 9.9956E-05 9.9956E-05 0.013759
0.276688 0.70811 9.99472E-05 9.99472E-05 0.0146025 9.99472E-05 9.99472E-05 9.99472E-05 9.99472E-05
0.165507 0.790558 9.99475E-05 0.043335 9.99475E-05 9.99475E-05 9.99475E-05 9.99475E-05 9.99475E-05
0.32846 0.581327 9.99649E-05 9.99649E-05 9.99649E-05 0.0279681 9.99649E-05 0.0577668 0.00407849
0.277176 0.525223 0.0532568 9.99737E-05 9.99737E-05 0.0191808 9.99737E-05 0.0789773 0.0458859
0.266213 0.733087 9.99387E-05 9.99387E-05 9.99387E-05 9.99387E-05 9.99387E-05 9.99387E-05 9.99387E-05
9.99473E-05 0.836495 9.99473E-05 9.99473E-05 9.99473E-05 0.00681478 0.156091 9.99473E-05 9.99473E-05
0.11184 0.828715 9.99473E-05 9.99473E-05 9.99473E-05 9.99473E-05 9.99473E-05 0.0588458 9.99473E-05
0.594842 0.404459 9.99385E-05 9.99385E-05 9.99385E-05 9.99385E-05 9.99385E-05 9.99385E-05 9.99385E-05
0.229606 0.616213 9.99561E-05 9.99561E-05 0.0137253 9.99561E-05 9.99561E-05 9.99561E-05 0.139956
0.0664001 0.837044 0.0959566 9.99473E-05 9.99473E-05 9.99473E-05 9.99473E-05 9.99473E-05 9.99473E-05
0.170599 0.822232 9.99472E-05 9.99472E-05 9.99472E-05 9.99472E-05 9.99472E-05 0.00656956 9.99472E-05
0.315792 0.577904 9.99561E-05 9.99561E-05 0.0949029 9.99561E-05 9.99561E-05 0.0109015 9.99561E-05
0.187504 0.797783 9.99474E-05 9.99474E-05 9.99474E-05 9.99474E-05 9.99474E-05 0.0141133 9.99474E-05
0.0482009 0.820831 0.0195501 9.99648E-05 9.99648E-05 9.99648E-05 9.99648E-05 0.0696539 0.0413646
0.129675 0.557409 9.99649E-05 9.99649E-05 0.181015 0.112508 9.99649E-05 0.0189926 9.99649E-05
0.0865716 0.819231 9.99472E-05 9.99472E-05 9.99472E-05 9.99472E-05 0.0935979 9.99472E-05 9.99472E-05
0.146629 0.758849 9.99473E-05 9.99473E-05 9.99473E-05 9.99473E-05 0.0939222 9.99473E-05 9.99473E-05
0.275745 0.612553 9.99561E-05 9.99561E-05 9.99561E-05 9.99561E-05 0.0658472 9.99561E-05 0.0453548
0.203473 0.6438 0.00778886 9.99737E-05 9.99737E-05 0.0111699 9.99737E-05 0.0320622 0.101406
0.205119 0.747519 9.9956E-05 9.9956E-05 9.9956E-05 0.0274918 9.9956E-05 0.0193703 9.9956E-05
0.0664001 0.837044 0.0959566 9.99473E-05 9.99473E-05 9.99473E-05 9.99473E-05 9.99473E-05 9.99473E-05
0.0922979 0.802222 9.99475E-05 9.99475E-05 0.10488 9.99475E-05 9.99475E-05 9.99475E-05 9.99475E-05
0.0760473 0.824163 9.9956E-05 9.9956E-05 0.00656069 9.9956E-05 0.0927295 9.9956E-05 9.9956E-05
0.266762 0.724682 0.00795667 9.99473E-05 9.99473E-05 9.99473E-05 9.99473E-05 9.99473E-05 9.99473E-05
9.99473E-05 0.884099 0.0980826 9.99473E-05 9.99473E-05 9.99473E-05 9.99473E-05 9.99473E-05 0.0172185
0.185849 0.639586 0.0861812 9.99561E-05 9.99561E-05 0.0878839 9.99561E-05 9.99561E-05 9.99561E-05
0.380901 0.39663 9.99649E-05 9.99649E-05 0.046786 9.99649E-05 0.078139 0.097144 9.99649E-05
0.236424 0.729471 9.99473E-05 9.99473E-05 0.0335054 9.99473E-05 9.99473E-05 9.99473E-05 9.99473E-05
0.264387 0.539168 9.99473E-05 9.99473E-05 0.195844 9.99473E-05 9.99473E-05 9.99473E-05 9.99473E-05
0.169313 0.74023 0.00297406 9.99561E-05 9.99561E-05 9.99561E-05 0.086983 9.99561E-05 9.99561E-05
0.0932613 0.780545 0.0365698 9.9956E-05 9.9956E-05 9.9956E-05 9.9956E-05 0.0891239 9.9956E-05
0.0376847 0.95166 9.994E-05 9.994E-05 9.994E-05 9.994E-05 0.0100558 9.994E-05 9.994E-05
9.993E-05 0.999201 9.993E-05 9.993E-05 9.993E-05 9.993E-05 9.993E-05 9.993E-05 9.993E-05
9.9956E-05 0.697247 9.9956E-05 9.9956E-05 0.0390471 9.9956E-05 9.9956E-05 0.0920038 0.171203
0.060411 0.82345 9.99561E-05 9.99561E-05 9.99561E-05 9.99561E-05 9.99561E-05 0.0117254 0.103914
0.201977 0.546489 9.99473E-05 9.99473E-05 9.99473E-05 9.99473E-05 0.250934 9.99473E-05 9.99473E-05
0.119679 0.879621 9.99385E-05 9.99385E-05 9.99385E-05 9.99385E-05 9.99385E-05 9.99385E-05 9.99385E-05
0.0810912 0.801823 9.99649E-05 9.99649E-05 0.01311 0.00916934 0.0944066 9.99649E-05 9.99649E-05
0.262818 0.668794 9.99473E-05 9.99473E-05 9.99473E-05 9.99473E-05 0.0677874 9.99473E-05 9.99473E-05
0.56834 0.37523 0.0109878 9.99561E-05 0.0449424 9.99561E-05 9.99561E-05 9.99561E-05 9.99561E-05
0.319784 0.610935 9.99472E-05 9.99472E-05 0.0686811 9.99472E-05 9.99472E-05 9.99472E-05 9.99472E-05
0.195337 0.782364 0.00803806 9.9956E-05 9.9956E-05 9.9956E-05 9.9956E-05 0.0137612 9.9956E-05
0.00630845 0.992992 9.99386E-05 9.99386E-05 9.99386E-05 9.99386E-05 9.99386E-05 9.99386E-05 9.99386E-05
0.230748 0.670186 9.99561E-05 9.99561E-05 9.99561E-05 0.0626027 9.99561E-05 0.0359634 9.99561E-05
9.993E-05 0.999201 9.993E-05 9.993E-05 9.993E-05 9.993E-05 9.993E-05 9.993E-05 9.993E-05
0.225771 0.489817 0.0131703 9.99648E-05 0.160917 9.99648E-05 9.99648E-05 9.99648E-05 0.109925
9.99387E-05 0.856133 9.99387E-05 9.99387E-05 0.143168 9.99387E-05 9.99387E-05 9.99387E-05 9.99387E-05
9.99385E-05 0.966808 9.99385E-05 9.99385E-05 9.99385E-05 9.99385E-05 9.99385E-05 0.0324926 9.99385E-05
9.9956E-05 0.603482 9.9956E-05 9.9956E-05 0.274419 9.9956E-05 0.0751729 0.0464271 9.9956E-05
0.187837 0.573408 9.99473E-05 9.99473E-05 0.238155 9.99473E-05 9.99473E-05 9.99473E-05 9.99473E-05
0.0959352 0.705931 9.99473E-05 9.99473E-05 9.99473E-05 9.99473E-05 0.197534 9.99473E-05 9.99473E-05
0.331866 0.667435 9.99385E-05 9.99385E-05 9.99385E-05 9.99385E-05 9.99385E-05 9.99385E-05 9.99385E-05
9.99387E-05 0.946827 9.99387E-05 9.99387E-05 0.0524739 9.99387E-05 9.99387E-05 9.99387E-05 9.99387E-05
0.262877 0.667154 9.99561E-05 9.99561E-05 0.0476786 9.99561E-05 9.99561E-05 0.0217908 9.99561E-05
0.222925 0.765988 9.99473E-05 9.99473E-05 9.99473E-05 0.010487 9.99473E-05 9.99473E-05 9.99473E-05
0.322573 0.534217 0.0227279 9.99562E-05 0.119983 9.99562E-05 9.99562E-05 9.99562E-05 9.99562E-05
9.993E-05 0.999201 9.993E-05 9.993E-05 9.993E-05 9.993E-05 9.993E-05 9.993E-05 9.993E-05
0.151087 0.848213 9.99387E-05 9.99387E-05 9.99387E-05 9.99387E-05 9.99387E-05 9.99387E-05 9.99387E-05
9.99388E-05 0.960109 9.99388E-05 0.0391917 9.99388E-05 9.99388E-05 9.99388E-05 9.99388E-05 9.99388E-05
0.0951185 0.820225 9.99473E-05 9.99473E-05 9.99473E-05 9.99473E-05 9.99473E-05 0.0840567 9.99473E-05
0.186692 0.75724 9.99473E-05 9.99473E-05 9.99473E-05 0.0554684 9.99473E-05 9.99473E-05 9.99473E-05
0.264341 0.734959 9.99386E-05 9.99386E-05 9.99386E-05 9.99386E-05 9.99386E-05 9.99386E-05 9.99386E-05
0.0524066 0.946894 9.99387E-05 9.99387E-05 9.99387E-05 9.99387E-05 9.99387E-05 9.99387E-05 9.99387E-05
0.260257 0.675505 9.99561E-05 9.99561E-05 0.0336069 0.0301313 9.99561E-05 9.99561E-05 9.99561E-05
0.0559586 0.883751 9.9956E-05 9.9956E-05 9.9956E-05 0.00702245 9.9956E-05 0.0527684 9.9956E-05
9.99387E-05 0.761301 9.99387E-05 9.99387E-05 0.237999 9.99387E-05 9.99387E-05 9.99387E-05 9.99387E-05
0.0175295 0.726938 9.99561E-05 9.99561E-05 0.233815 0.0212183 9.99561E-05 9.99561E-05 9.99561E-05
9.99475E-05 0.684562 9.99475E-05 0.117836 0.197002 9.99475E-05 9.99475E-05 9.99475E-05 9.99475E-05
0.290804 0.708496 9.99385E-05 9.99385E-05 9.99385E-05 9.99385E-05 9.99385E-05 9.99385E-05 9.99385E-05
9.99737E-05 0.549581 0.0473107 9.99737E-05 0.294618 0.00077754 9.99737E-05 0.0228805 0.0845321
9.993E-05 0.999201 9.993E-05 9.993E-05 9.993E-05 9.993E-05 9.993E-05 9.993E-05 9.993E-05
0.106897 0.630158 9.99473E-05 9.99473E-05 0.262346 9.99473E-05 9.99473E-05 9.99473E-05 9.99473E-05
9.99475E-05 0.759303 9.99475E-05 0.0423935 0.197704 9.99475E-05 9.99475E-05 9.99475E-05 9.99475E-05
9.99561E-05 0.871725 0.00532747 9.99561E-05 9.99561E-05 9.99561E-05 0.0444312 0.0780169 9.99561E-05
9.99388E-05 0.662778 9.99388E-05 9.99388E-05 0.336523 9.99388E-05 9.99388E-05 9.99388E-05 9.99388E-05
0.397276 0.573483 9.99473E-05 9.99473E-05 9.99473E-05 9.99473E-05 9.99473E-05 0.0286415 9.99473E-05
0.253104 0.590723 9.99649E-05 9.99649E-05 9.99649E-05 0.00099362 0.0872414 0.0675381 9.99649E-05
0.223479 0.529564 0.0455809 9.99736E-05 9.99736E-05 0.0464218 0.0934754 0.0611786 9.99736E-05
9.99387E-05 0.885089 9.99387E-05 9.99387E-05 0.114211 9.99387E-05 9.99387E-05 9.99387E-05 9.99387E-05
0.237706 0.63224 9.99649E-05 9.99649E-05 0.0878188 9.99649E-05 0.038814 0.00302065 9.99649E-05
0.0586727 0.50328 9.99561E-05 9.99561E-05 0.257305 0.180243 9.99561E-05 9.99561E-05 9.99561E-05
0.0209008 0.829641 9.99474E-05 9.99474E-05 0.148859 9.99474E-05 9.99474E-05 9.99474E-05 9.99474E-05
0.0276715 0.847968 0.123761 9.99473E-05 9.99473E-05 9.99473E-05 9.99473E-05 9.99473E-05 9.99473E-05
0.403483 0.584171 0.0117458 9.99472E-05 9.99472E-05 9.99472E-05 9.99472E-05 9.99472E-05 9.99472E-05
0.135285 0.782646 9.99561E-05 9.99561E-05 9.99561E-05 0.0585833 9.99561E-05 9.99561E-05 0.0229856
0.149286 0.789424 9.9956E-05 9.9956E-05 9.9956E-05 0.037795 9.9956E-05 0.0229952 9.9956E-05
0.039092 0.578214 9.99737E-05 9.99737E-05 0.121538 0.191635 9.99737E-05 0.005805 0.0634165
0.0695297 0.507349 0.116117 9.9956E-05 0.306504 9.9956E-05 9.9956E-05 9.9956E-05 9.9956E-05
0.322829 0.53974 9.99561E-05 0.0190712 0.11786 9.99561E-05 9.99561E-05 9.99561E-05 9.99561E-05
0.0510106 0.507846 9.99648E-05 9.99648E-05 0.184667 0.107531 9.99648E-05 0.148546 9.99648E-05
0.214184 0.621287 9.99474E-05 9.99474E-05 0.16393 9.99474E-05 9.99474E-05 9.99474E-05 9.99474E-05
0.00371193 0.793662 0.0177776 9.99562E-05 0.184349 9.99562E-05 9.99562E-05 9.99562E-05 9.99562E-05
0.33222 0.435983 0.0046092 9.99649E-05 9.99649E-05 0.00239629 0.224391 9.99649E-05 9.99649E-05
0.057538 0.779099 9.9956E-05 9.9956E-05 9.9956E-05 9.9956E-05 0.0570789 0.105784 9.9956E-05
9.99386E-05 0.994577 0.00472333 9.99386E-05 9.99386E-05 9.99386E-05 9.99386E-05 9.99386E-05 9.99386E-05
0.157945 0.775875 9.99473E-05 9.99473E-05 0.0655808 9.99473E-05 9.99473E-05 9.99473E-05 9.99473E-05
0.247363 0.384677 0.0684097 9.99824E-05 9.99824E-05 0.0417951 0.146398 0.0754185 0.0357396
0.12604 0.848834 9.99473E-05 9.99473E-05 9.99473E-05 9.99473E-05 0.0245261 9.99473E-05 9.99473E-05
0.143263 0.430254 0.0504281 9.99824E-05 0.199199 0.137777 9.99824E-05 0.0346999 0.00417753
0.122725 0.836626 9.99475E-05 9.99475E-05 0.0400493 9.99475E-05 9.99475E-05 9.99475E-05 9.99475E-05
0.112269 0.761756 9.99475E-05 9.99475E-05 0.125376 9.99475E-05 9.99475E-05 9.99475E-05 9.99475E-05
0.157448 0.744058 9.99474E-05 9.99474E-05 0.0978938 9.99474E-05 9.99474E-05 9.99474E-05 9.99474E-05
9.9956E-05 0.663813 0.0892347 9.9956E-05 0.129432 9.9956E-05 9.9956E-05 9.9956E-05 0.117021
0.092249 0.820685 9.99475E-05 9.99475E-05 0.0864661 9.99475E-05 9.99475E-05 9.99475E-05 9.99475E-05
9.99475E-05 0.913209 9.99475E-05 0.00883313 0.0773581 9.99475E-05 9.99475E-05 9.99475E-05 9.99475E-05
0.105025 0.764115 0.0391487 9.99737E-05 9.99737E-05 0.0624618 0.0160934 0.0128557 9.99737E-05
0.106874 0.889875 0.0026508 9.99473E-05 9.99473E-05 9.99473E-05 9.99473E-05 9.99473E-05 9.99473E-05
9.99474E-05 0.920338 9.99474E-05 9.99474E-05 9.99474E-05 0.024128 9.99474E-05 0.0549344 9.99474E-05
0.0898273 0.909473 9.99385E-05 9.99385E-05 9.99385E-05 9.99385E-05 9.99385E-05 9.99385E-05 9.99385E-05
0.0687766 0.856901 9.994E-05 9.994E-05 9.994E-05 9.994E-05 0.0737229 9.994E-05 9.994E-05
9.9956E-05 0.743258 9.9956E-05 9.9956E-05 0.00833547 0.144737 9.9956E-05 0.10317 9.9956E-05
0.405869 0.497913 9.99473E-05 9.99473E-05 0.0956191 9.99473E-05 9.99473E-05 9.99473E-05 9.99473E-05
0.151669 0.757966 9.995E-05 9.995E-05 0.0149722 9.995E-05 0.0748929 9.995E-05 9.995E-05
0.00755607 0.878711 0.10231 9.99561E-05 9.99561E-05 9.99561E-05 9.99561E-05 0.010924 9.99561E-05
0.099756 0.88405 9.99474E-05 9.99474E-05 9.99474E-05 9.99474E-05 9.99474E-05 0.0155946 9.99474E-05
9.99736E-05 0.573651 9.99736E-05 9.99736E-05 0.195068 0.0206285 0.0630717 0.036138 0.111143
9.99385E-05 0.910862 0.0884387 9.99385E-05 9.99385E-05 9.99385E-05 9.99385E-05 9.99385E-05 9.99385E-05
0.216033 0.732618 9.99472E-05 9.99472E-05 9.99472E-05 9.99472E-05 9.99472E-05 0.050749 9.99472E-05
0.14304 0.526542 9.99648E-05 9.99648E-05 0.237927 0.0393736 0.0527166 9.99648E-05 9.99648E-05
0.203049 0.619131 9.99561E-05 9.99561E-05 9.99561E-05 9.99561E-05 0.150013 0.0273072 9.99561E-05
0.171713 0.418688 9.99474E-05 9.99474E-05 0.408999 9.99474E-05 9.99474E-05 9.99474E-05 9.99474E-05
0.18589 0.738264 0.0023479 9.99561E-05 9.99561E-05 9.99561E-05 9.99561E-05 0.072998 9.99561E-05
9.993E-05 0.999201 9.993E-05 9.993E-05 9.993E-05 9.993E-05 9.993E-05 9.993E-05 9.993E-05
0.0671585 0.672444 9.99475E-05 9.99475E-05 0.259798 9.99475E-05 9.99475E-05 9.99475E-05 9.99475E-05
0.237469 0.520174 9.99824E-05 9.99824E-05 0.063109 0.0704323 0.0416674 0.0207399 0.0462083
0.0957233 0.758417 9.99736E-05 9.99736E-05 0.109393 0.0227282 0.0126118 0.000827199 9.99736E-05
0.149381 0.180973 9.99649E-05 9.99649E-05 0.361048 9.99649E-05 0.230435 0.0777629 9.99649E-05
0.0259541 0.249784 9.99649E-05 9.99649E-05 0.557649 9.99649E-05 0.0773901 0.0888232 9.99649E-05
0.0890717 0.238779 9.99736E-05 9.99736E-05 0.406812 9.99736E-05 0.178836 0.0482821 0.037919
9.99562E-05 0.418026 9.99562E-05 9.99562E-05 0.440061 9.99562E-05 9.99562E-05 0.0182347 0.123179
0.0424386 0.301774 0.0867084 9.99825E-05 0.372233 0.0157289 9.99825E-05 0.0366323 0.144285
9.99562E-05 0.297529 9.99562E-05 0.235143 0.461995 9.99562E-05 0.00483355 9.99562E-05 9.99562E-05
0.175331 0.481376 0.0122503 9.99648E-05 0.253691 9.99648E-05 9.99648E-05 0.0769516 9.99648E-05
0.035407 0.243201 9.99737E-05 9.99737E-05 0.556476 0.013425 9.99737E-05 0.0310331 0.120158
9.9965E-05 0.00675791 9.9965E-05 0.209299 0.649638 9.9965E-05 9.9965E-05 0.0579816 0.0759238
0.131503 0.190283 9.9956E-05 9.9956E-05 0.474893 9.9956E-05 0.202822 9.9956E-05 9.9956E-05
0.0184453 0.40682 0.0232747 9.99737E-05 0.135101 9.99737E-05 0.263829 0.152229 9.99737E-05
9.99649E-05 0.333027 9.99649E-05 0.070549 0.469463 0.122806 9.99649E-05 9.99649E-05 0.00375451
0.086425 0.407419 9.99736E-05 9.99736E-05 0.30866 0.0466731 0.0319701 9.99736E-05 0.118553
9.99474E-05 0.0826547 9.99474E-05 0.298457 0.618289 9.99474E-05 9.99474E-05 9.99474E-05 9.99474E-05
9.99649E-05 0.450354 0.0380127 0.0655815 0.356878 9.99649E-05 9.99649E-05 0.0887739 9.99649E-05
0.0847247 0.201285 9.99648E-05 9.99648E-05 0.39741 9.99648E-05 0.252143 0.0640377 9.99648E-05
9.99649E-05 0.211785 9.99649E-05 0.0532487 0.486588 9.99649E-05 0.09379 0.154188 9.99649E-05
9.99737E-05 0.1236 0.0270832 0.093374 0.550833 0.106682 9.99737E-05 9.99737E-05 0.0981281
0.0413871 0.110705 9.99737E-05 9.99737E-05 0.519875 0.0367259 9.99737E-05 0.158868 0.132139
0.0345433 0.0251558 9.99737E-05 0.00471955 0.702056 9.99737E-05 0.186157 9.99737E-05 0.0470688
0.0946721 0.322417 9.99649E-05 0.0373684 0.421378 9.99649E-05 9.99649E-05 0.123765 9.99649E-05
0.0147709 0.313112 9.998E-05 0.138873 0.330311 9.998E-05 0.139672 0.047549 0.015512
0.0208585 0.468341 0.0435893 0.10321 0.20018 0.0489815 0.0574859 0.0572526 9.999E-05
0.0265709 9.99472E-05 0.00347813 9.99472E-05 0.969351 9.99472E-05 9.99472E-05 9.99472E-05 9.99472E-05
0.0842566 9.99472E-05 9.99472E-05 9.99472E-05 0.889443 0.0257006 9.99472E-05 9.99472E-05 9.99472E-05
0.122136 9.99384E-05 9.99384E-05 9.99384E-05 0.877164 9.99384E-05 9.99384E-05 9.99384E-05 9.99384E-05
0.0269893 9.99384E-05 9.99384E-05 9.99384E-05 0.972311 9.99384E-05 9.99384E-05 9.99384E-05 9.99384E-05
9.993E-05 9.993E-05 9.993E-05 9.993E-05 0.999201 9.993E-05 9.993E-05 9.993E-05 9.993E-05
0.0559277 9.99385E-05 9.99385E-05 9.99385E-05 0.943373 9.99385E-05 9.99385E-05 9.99385E-05 9.99385E-05
0.0578022 9.99472E-05 0.0330433 9.99472E-05 0.908555 9.99472E-05 9.99472E-05 9.99472E-05 9.99472E-05
9.99386E-05 0.000953362 9.99386E-05 9.99386E-05 0.998347 9.99386E-05 9.99386E-05 9.99386E-05 9.99386E-05
0.0815433 0.0425537 0.0262014 9.99648E-05 0.785923 0.063379 9.99648E-05 9.99648E-05 9.99648E-05
0.180715 9.99472E-05 9.99472E-05 9.99472E-05 0.802802 9.99472E-05 9.99472E-05 0.0158834 9.99472E-05
9.993E-05 9.993E-05 9.993E-05 9.993E-05 0.999201 9.993E-05 9.993E-05 9.993E-05 9.993E-05
0.0218818 9.99385E-05 9.99385E-05 9.99385E-05 0.977419 9.99385E-05 9.99385E-05 9.99385E-05 9.99385E-05
0.220602 9.9956E-05 9.9956E-05 9.9956E-05 0.736982 0.00837649 9.9956E-05 0.0335399 9.9956E-05
9.993E-05 9.993E-05 9.993E-05 9.993E-05 0.999201 9.993E-05 9.993E-05 9.993E-05 9.993E-05
9.993E-05 9.993E-05 9.993E-05 9.993E-05 0.999201 9.993E-05 9.993E-05 9.993E-05 9.993E-05
0.0353653 9.99385E-05 9.99385E-05 9.99385E-05 0.963935 9.99385E-05 9.99385E-05 9.99385E-05 9.99385E-05
9.99384E-05 9.99384E-05 0.000772519 9.99384E-05 0.998528 9.99384E-05 9.99384E-05 9.99384E-05 9.99384E-05
0.0112637 9.99385E-05 9.99385E-05 9.99385E-05 0.988037 9.99385E-05 9.99385E-05 9.99385E-05 9.99385E-05
0.0483494 9.99384E-05 9.99384E-05 9.99384E-05 0.950951 9.99384E-05 9.99384E-05 9.99384E-05 9.99384E-05
9.993E-05 9.993E-05 9.993E-05 9.993E-05 0.999201 9.993E-05 9.993E-05 9.993E-05 9.993E-05
0.25755 9.99384E-05 9.99384E-05 9.99384E-05 0.741751 9.99384E-05 9.99384E-05 9.99384E-05 9.99384E-05
9.993E-05 9.993E-05 9.993E-05 9.993E-05 0.999201 9.993E-05 9.993E-05 9.993E-05 9.993E-05
0.233046 9.99384E-05 9.99384E-05 9.99384E-05 0.766255 9.99384E-05 9.99384E-05 9.99384E-05 9.99384E-05
9.993E-05 0.999201 9.993E-05 9.993E-05 9.993E-05 9.993E-05 9.993E-05 9.993E-05 9.993E-05
9.993E-05 9.993E-05 9.993E-05 9.993E-05 0.999201 9.993E-05 9.993E-05 9.993E-05 9.993E-05
9.993E-05 9.993E-05 9.993E-05 9.993E-05 0.999201 9.993E-05 9.993E-05 9.993E-05 9.993E-05
9.9956E-05 0.101335 9.9956E-05 9.9956E-05 0.75556 9.9956E-05 9.9956E-05 0.0772338 0.0653715
9.993E-05 9.993E-05 9.993E-05 9.993E-05 0.999201 9.993E-05 9.993E-05 9.993E-05 9.993E-05
0.19883 9.99384E-05 9.99384E-05 9.99384E-05 0.80047 9.99384E-05 9.99384E-05 9.99384E-05 9.99384E-05
9.993E-05 9.993E-05 9.993E-05 9.993E-05 0.999201 9.993E-05 9.993E-05 9.993E-05 9.993E-05
9.993E-05 9.993E-05 9.993E-05 9.993E-05 0.999201 9.993E-05 9.993E-05 9.993E-05 9.993E-05
9.993E-05 9.993E-05 9.993E-05 9.993E-05 0.999201 9.993E-05 9.993E-05 9.993E-05 9.993E-05
0.0108468 9.99473E-05 0.0161124 9.99473E-05 0.972441 9.99473E-05 9.99473E-05 9.99473E-05 9.99473E-05
