9.98859E-05 9.98859E-05 9.98859E-05 9.98859E-05 0.272509 0.0124368 9.98859E-05 0.0603542 9.98859E-05 9.98859E-05 9.98859E-05 9.98859E-05 0.0654132 9.98859E-05 9.98859E-05 0.0170493 0.347769 9.98859E-05 0.0675261 0.155644 9.98859E-05
0.0215935 0.0225332 9.98684E-05 9.98684E-05 0.127196 9.98684E-05 9.98684E-05 9.98684E-05 9.98684E-05 9.98684E-05 9.98684E-05 9.98684E-05 0.122513 0.0128602 9.98684E-05 9.98684E-05 0.691805 9.98684E-05 9.98684E-05 9.98684E-05 9.98684E-05
9.98684E-05 9.98684E-05 9.98684E-05 0.0248408 0.0181095 9.98684E-05 9.98684E-05 9.98684E-05 9.98684E-05 0.0681317 9.98684E-05 9.98684E-05 9.98684E-05 9.98684E-05 9.98684E-05 9.98684E-05 0.813569 0.0437381 9.98684E-05 0.0301128 9.98684E-05
0.165082 9.99123E-05 9.99123E-05 0.0225825 0.00584588 9.99123E-05 0.0677837 0.0307442 9.99123E-05 0.0884064 9.99123E-05 9.99123E-05 9.99123E-05 9.99123E-05 0.0387803 0.0179333 0.224219 9.99123E-05 9.99123E-05 0.298997 0.0386268
9.98509E-05 9.98509E-05 9.98509E-05 0.0679131 9.98509E-05 9.98509E-05 9.98509E-05 9.98509E-05 9.98509E-05 0.140872 0.0179636 9.98509E-05 9.98509E-05 9.98509E-05 9.98509E-05 9.98509E-05 0.771554 9.98509E-05 9.98509E-05 9.98509E-05 9.98509E-05
9.98685E-05 9.98685E-05 9.98685E-05 0.0664593 0.356833 9.98685E-05 9.98685E-05 9.98685E-05 0.0893785 0.232071 0.124951 9.98685E-05 9.98685E-05 9.98685E-05 9.98685E-05 9.98685E-05 0.128809 9.98685E-05 9.98685E-05 9.98685E-05 9.98685E-05
0.0899331 9.9886E-05 9.9886E-05 9.9886E-05 0.251759 9.9886E-05 9.9886E-05 9.9886E-05 9.9886E-05 9.9886E-05 0.0468657 0.052834 0.157042 9.9886E-05 9.9886E-05 0.104147 0.170592 9.9886E-05 9.9886E-05 0.125529 9.9886E-05
9.98948E-05 9.98948E-05 9.98948E-05 0.124679 0.188295 9.98948E-05 9.98948E-05 9.98948E-05 0.105222 0.0585041 9.98948E-05 0.000985363 9.98948E-05 9.98948E-05 9.98948E-05 9.98948E-05 0.115889 0.140093 0.0879145 0.17722 9.98948E-05
9.98684E-05 9.98684E-05 9.98684E-05 9.98684E-05 9.98684E-05 0.0917866 0.152617 0.234761 0.267619 9.98684E-05 9.98684E-05 9.98684E-05 9.98684E-05 9.98684E-05 9.98684E-05 9.98684E-05 0.249257 9.98684E-05 9.98684E-05 0.00246197 9.98684E-05
9.98595E-05 9.98595E-05 9.98595E-05 9.98595E-05 9.98595E-05 0.00257366 9.98595E-05 0.0777637 9.98595E-05 9.98595E-05 9.98595E-05 9.98595E-05 9.98595E-05 0.0304719 9.98595E-05 9.98595E-05 0.859503 9.98595E-05 9.98595E-05 0.0280903 9.98595E-05
9.98772E-05 9.98772E-05 9.98772E-05 9.98772E-05 0.0695641 0.000152821 9.98772E-05 0.145899 0.032123 9.98772E-05 9.98772E-05 9.98772E-05 9.98772E-05 9.98772E-05 9.98772E-05 0.156883 0.500365 9.98772E-05 9.98772E-05 0.0936144 9.98772E-05
9.98596E-05 9.98596E-05 9.98596E-05 9.98596E-05 0.0812851 9.98596E-05 9.98596E-05 9.98596E-05 9.98596E-05 9.98596E-05 0.0207235 9.98596E-05 9.98596E-05 9.98596E-05 9.98596E-05 0.0172274 0.864734 0.0144327 9.98596E-05 9.98596E-05 9.98596E-05
9.98509E-05 0.00673431 9.98509E-05 9.98509E-05 9.98509E-05 9.98509E-05 9.98509E-05 0.0886557 9.98509E-05 9.98509E-05 9.98509E-05 9.98509E-05 9.98509E-05 9.98509E-05 9.98509E-05 9.98509E-05 0.76218 9.98509E-05 9.98509E-05 0.140732 9.98509E-05
9.98772E-05 9.98772E-05 9.98772E-05 9.98772E-05 9.98772E-05 9.98772E-05 9.98772E-05 0.0697795 9.98772E-05 9.98772E-05 9.98772E-05 0.00517806 9.98772E-05 9.98772E-05 9.98772E-05 0.0412707 0.627983 0.0562221 9.98772E-05 0.0260904 0.172078
9.98774E-05 9.98774E-05 9.98774E-05 9.98774E-05 0.205352 0.0644253 9.98774E-05 0.145292 0.116462 0.140103 9.98774E-05 9.98774E-05 9.98774E-05 9.98774E-05 9.98774E-05 9.98774E-05 0.310004 9.98774E-05 9.98774E-05 0.0169636 9.98774E-05
0.0571243 9.98947E-05 9.98947E-05 0.0023831 0.191235 9.98947E-05 9.98947E-05 0.0674822 0.206468 9.98947E-05 9.98947E-05 9.98947E-05 9.98947E-05 9.98947E-05 9.98947E-05 0.0493112 0.209445 0.119029 9.98947E-05 0.0963245 9.98947E-05
9.98947E-05 9.98947E-05 0.151907 9.98947E-05 9.98947E-05 9.98947E-05 0.0918423 0.048063 9.98947E-05 9.98947E-05 9.98947E-05 0.0307816 0.00527966 9.98947E-05 9.98947E-05 0.0358205 0.542934 9.98947E-05 9.98947E-05 0.0473626 0.0448105
9.98772E-05 9.98772E-05 9.98772E-05 9.98772E-05 0.345805 9.98772E-05 9.98772E-05 0.112254 0.0550753 9.98772E-05 9.98772E-05 9.98772E-05 9.98772E-05 0.133655 0.0900088 9.98772E-05 0.101422 9.98772E-05 9.98772E-05 0.160381 9.98772E-05
9.98595E-05 9.98595E-05 9.98595E-05 9.98595E-05 9.98595E-05 9.98595E-05 9.98595E-05 0.188829 0.1018 9.98595E-05 0.173489 9.98595E-05 9.98595E-05 9.98595E-05 9.98595E-05 9.98595E-05 0.329518 9.98595E-05 9.98595E-05 0.204765 9.98595E-05
9.98333E-05 9.98333E-05 9.98333E-05 9.98333E-05 9.98333E-05 9.98333E-05 9.98333E-05 9.98333E-05 9.98333E-05 9.98333E-05 9.98333E-05 9.98333E-05 9.98333E-05 9.98333E-05 0.014202 9.98333E-05 0.983901 9.98333E-05 9.98333E-05 9.98333E-05 9.98333E-05
9.98859E-05 9.98859E-05 9.98859E-05 0.0225517 9.98859E-05 9.98859E-05 0.21006 0.0503448 0.024029 9.98859E-05 9.98859E-05 9.98859E-05 9.98859E-05 9.98859E-05 9.98859E-05 0.0861262 0.440771 0.13425 9.98859E-05 9.98859E-05 0.030568
9.98771E-05 0.0496519 9.98771E-05 0.0639655 9.98771E-05 9.98771E-05 9.98771E-05 9.98771E-05 0.114765 0.0522905 0.130899 9.98771E-05 9.98771E-05 9.98771E-05 9.98771E-05 9.98771E-05 0.170349 9.98771E-05 9.98771E-05 0.41668 9.98771E-05
9.98598E-05 9.98598E-05 9.98598E-05 9.98598E-05 0.257069 9.98598E-05 9.98598E-05 0.0776132 9.98598E-05 0.0744068 9.98598E-05 9.98598E-05 9.98598E-05 9.98598E-05 9.98598E-05 0.0753495 0.513964 9.98598E-05 9.98598E-05 9.98598E-05 9.98598E-05
9.98684E-05 9.98684E-05 9.98684E-05 9.98684E-05 0.122238 0.0282064 9.98684E-05 0.275035 9.98684E-05 9.98684E-05 9.98684E-05 9.98684E-05 9.98684E-05 9.98684E-05 9.98684E-05 9.98684E-05 0.264376 0.00578766 9.98684E-05 0.302859 9.98684E-05
9.98946E-05 9.98946E-05 9.98946E-05 9.98946E-05 9.98946E-05 0.0252334 9.98946E-05 0.218064 0.0826888 0.026627 9.98946E-05 9.98946E-05 9.98946E-05 9.98946E-05 0.107102 0.0588147 0.277028 9.98946E-05 9.98946E-05 0.17696 0.0262831
0.0240217 9.98683E-05 9.98683E-05 9.98683E-05 9.98683E-05 9.98683E-05 9.98683E-05 0.117842 9.98683E-05 0.0294609 9.98683E-05 9.98683E-05 9.98683E-05 9.98683E-05 9.98683E-05 9.98683E-05 0.683877 9.98683E-05 9.98683E-05 0.0934494 0.0498516
9.98858E-05 0.359425 9.98858E-05 9.98858E-05 9.98858E-05 0.00959321 9.98858E-05 0.102981 9.98858E-05 0.0638384 9.98858E-05 9.98858E-05 9.98858E-05 0.0601205 9.98858E-05 9.98858E-05 9.98858E-05 0.0461359 9.98858E-05 0.342564 0.0140432
0.00101423 9.9886E-05 9.9886E-05 9.9886E-05 9.9886E-05 9.9886E-05 0.0177891 0.0610084 9.9886E-05 0.0227091 0.0667043 9.9886E-05 0.023029 9.9886E-05 9.9886E-05 9.9886E-05 0.688807 9.9886E-05 9.9886E-05 0.11764 9.9886E-05
9.98685E-05 0.028596 9.98685E-05 9.98685E-05 0.0455508 9.98685E-05 9.98685E-05 0.253791 9.98685E-05 9.98685E-05 9.98685E-05 9.98685E-05 9.98685E-05 9.98685E-05 9.98685E-05 9.98685E-05 0.56149 9.98685E-05 9.98685E-05 0.0835765 0.0254974
9.98686E-05 9.98686E-05 0.00428791 9.98686E-05 9.98686E-05 9.98686E-05 9.98686E-05 0.205851 9.98686E-05 9.98686E-05 0.00153838 9.98686E-05 0.0289817 9.98686E-05 9.98686E-05 9.98686E-05 0.741319 9.98686E-05 9.98686E-05 9.98686E-05 0.016524
9.98771E-05 0.0159613 9.98771E-05 9.98771E-05 0.197024 9.98771E-05 9.98771E-05 9.98771E-05 0.131533 9.98771E-05 0.0282669 9.98771E-05 9.98771E-05 9.98771E-05 9.98771E-05 0.0807028 0.477279 9.98771E-05 9.98771E-05 0.0678349 9.98771E-05
9.99035E-05 0.0604411 9.99035E-05 9.99035E-05 0.0311321 9.99035E-05 0.101382 0.0707983 9.99035E-05 0.182682 0.00198378 9.99035E-05 9.99035E-05 9.99035E-05 9.99035E-05 0.0569278 0.389182 9.99035E-05 9.99035E-05 0.037469 0.066903
9.98685E-05 9.98685E-05 9.98685E-05 9.98685E-05 9.98685E-05 9.98685E-05 9.98685E-05 0.276986 9.98685E-05 9.98685E-05 9.98685E-05 0.0435673 9.98685E-05 9.98685E-05 9.98685E-05 0.035183 0.409974 0.154202 9.98685E-05 0.0785895 9.98685E-05
9.98597E-05 9.98597E-05 9.98597E-05 9.98597E-05 9.98597E-05 9.98597E-05 9.98597E-05 0.112258 9.98597E-05 0.226264 0.0591467 9.98597E-05 9.98597E-05 9.98597E-05 9.98597E-05 9.98597E-05 0.478947 9.98597E-05 9.98597E-05 0.121786 9.98597E-05
9.98773E-05 9.98773E-05 9.98773E-05 9.98773E-05 9.98773E-05 9.98773E-05 9.98773E-05 0.0501359 0.00347958 9.98773E-05 0.0100311 9.98773E-05 0.0754809 9.98773E-05 0.0326979 0.0489756 0.777801 9.98773E-05 9.98773E-05 9.98773E-05 9.98773E-05
0.147145 0.0556633 9.98859E-05 9.98859E-05 9.98859E-05 9.98859E-05 0.0964081 0.00626883 9.98859E-05 9.98859E-05 9.98859E-05 9.98859E-05 0.0328383 9.98859E-05 9.98859E-05 0.00640376 0.576121 9.98859E-05 9.98859E-05 0.0778529 9.98859E-05
9.9851E-05 9.9851E-05 9.9851E-05 9.9851E-05 9.9851E-05 9.9851E-05 9.9851E-05 9.9851E-05 9.9851E-05 9.9851E-05 0.0939865 0.0190318 0.0218151 9.9851E-05 9.9851E-05 9.9851E-05 0.863469 9.9851E-05 9.9851E-05 9.9851E-05 9.9851E-05
9.98772E-05 9.98772E-05 0.0189847 9.98772E-05 9.98772E-05 9.98772E-05 9.98772E-05 0.0957648 0.140412 0.0390035 9.98772E-05 9.98772E-05 0.0407106 9.98772E-05 9.98772E-05 9.98772E-05 0.610135 9.98772E-05 9.98772E-05 0.0535906 9.98772E-05
9.9886E-05 9.9886E-05 9.9886E-05 0.0666507 9.9886E-05 9.9886E-05 9.9886E-05 0.172821 0.00845118 0.111036 9.9886E-05 9.9886E-05 0.0174614 9.9886E-05 9.9886E-05 0.0258783 0.544197 9.9886E-05 9.9886E-05 0.0522056 9.9886E-05
9.98684E-05 9.98684E-05 9.98684E-05 9.98684E-05 9.98684E-05 9.98684E-05 9.98684E-05 0.145801 9.98684E-05 0.148356 0.0362261 9.98684E-05 9.98684E-05 9.98684E-05 9.98684E-05 9.98684E-05 0.552512 0.0977254 9.98684E-05 0.0178813 9.98684E-05
9.98597E-05 0.11969 9.98597E-05 9.98597E-05 9.98597E-05 9.98597E-05 9.98597E-05 0.0290089 9.98597E-05 9.98597E-05 0.0533213 9.98597E-05 9.98597E-05 9.98597E-05 9.98597E-05 9.98597E-05 0.763546 9.98597E-05 9.98597E-05 0.0328353 9.98597E-05
9.98773E-05 0.113332 9.98773E-05 9.98773E-05 0.0312488 0.00731514 9.98773E-05 0.103588 0.0527189 9.98773E-05 9.98773E-05 9.98773E-05 9.98773E-05 9.98773E-05 9.98773E-05 9.98773E-05 0.523229 9.98773E-05 9.98773E-05 0.16717 9.98773E-05
9.98684E-05 0.143579 0.00474494 9.98684E-05 9.98684E-05 9.98684E-05 9.98684E-05 9.98684E-05 9.98684E-05 9.98684E-05 0.00541862 9.98684E-05 0.0287485 9.98684E-05 9.98684E-05 9.98684E-05 0.80024 9.98684E-05 9.98684E-05 0.0157701 9.98684E-05
9.98772E-05 9.98772E-05 9.98772E-05 9.98772E-05 0.338927 0.098264 9.98772E-05 0.111947 0.106169 9.98772E-05 9.98772E-05 9.98772E-05 9.98772E-05 9.98772E-05 9.98772E-05 0.0164391 0.26702 9.98772E-05 9.98772E-05 0.0598351 9.98772E-05
0.160663 9.98509E-05 9.98509E-05 9.98509E-05 9.98509E-05 9.98509E-05 9.98509E-05 0.162469 9.98509E-05 9.98509E-05 9.98509E-05 9.98509E-05 9.98509E-05 9.98509E-05 9.98509E-05 9.98509E-05 0.200094 9.98509E-05 9.98509E-05 0.475077 9.98509E-05
0.0170209 9.98683E-05 9.98683E-05 9.98683E-05 9.98683E-05 9.98683E-05 9.98683E-05 0.0523984 0.0308501 9.98683E-05 9.98683E-05 9.98683E-05 9.98683E-05 9.98683E-05 0.0560235 9.98683E-05 0.818173 9.98683E-05 9.98683E-05 0.0240362 9.98683E-05
0.0555562 9.98595E-05 9.98595E-05 9.98595E-05 9.98595E-05 9.98595E-05 9.98595E-05 0.00870556 9.98595E-05 9.98595E-05 9.98595E-05 9.98595E-05 9.98595E-05 0.0196823 9.98595E-05 0.00808361 0.906375 9.98595E-05 9.98595E-05 9.98595E-05 9.98595E-05
9.98597E-05 9.98597E-05 9.98597E-05 0.0291957 9.98597E-05 9.98597E-05 9.98597E-05 0.0469786 9.98597E-05 9.98597E-05 9.98597E-05 0.0235234 9.98597E-05 9.98597E-05 9.98597E-05 9.98597E-05 0.890963 0.00774177 9.98597E-05 9.98597E-05 9.98597E-05
0.000972132 9.9877E-05 9.9877E-05 9.9877E-05 0.1601 9.9877E-05 9.9877E-05 0.0835289 9.9877E-05 9.9877E-05 0.0339014 9.9877E-05 9.9877E-05 9.9877E-05 9.9877E-05 0.035608 0.517513 9.9877E-05 9.9877E-05 0.166978 9.9877E-05
9.98687E-05 9.98687E-05 9.98687E-05 9.98687E-05 9.98687E-05 9.98687E-05 9.98687E-05 9.98687E-05 0.0125856 9.98687E-05 0.0416017 0.148558 9.98687E-05 0.0108037 9.98687E-05 0.0221402 0.762812 9.98687E-05 9.98687E-05 9.98687E-05 9.98687E-05
0.00641866 0.261867 9.98947E-05 9.98947E-05 0.190962 0.0225431 9.98947E-05 0.153692 0.00332582 0.0825505 9.98947E-05 9.98947E-05 9.98947E-05 9.98947E-05 9.98947E-05 0.0956667 0.181776 9.98947E-05 9.98947E-05 9.98947E-05 9.98947E-05
0.0607478 9.98509E-05 9.98509E-05 9.98509E-05 9.98509E-05 9.98509E-05 9.98509E-05 9.98509E-05 9.98509E-05 9.98509E-05 9.98509E-05 9.98509E-05 9.98509E-05 9.98509E-05 0.172977 9.98509E-05 0.605604 9.98509E-05 9.98509E-05 0.158974 9.98509E-05
9.98772E-05 9.98772E-05 9.98772E-05 9.98772E-05 9.98772E-05 0.00728631 9.98772E-05 0.0420293 9.98772E-05 9.98772E-05 9.98772E-05 0.00409082 0.00680136 0.0332915 9.98772E-05 9.98772E-05 0.785009 9.98772E-05 9.98772E-05 9.98772E-05 0.120093
9.98773E-05 9.98773E-05 9.98773E-05 0.0238407 9.98773E-05 9.98773E-05 9.98773E-05 0.0146087 9.98773E-05 0.00991984 9.98773E-05 9.98773E-05 9.98773E-05 0.0246535 0.05964 9.98773E-05 0.601442 0.264497 9.98773E-05 9.98773E-05 9.98773E-05
9.98598E-05 9.98598E-05 9.98598E-05 9.98598E-05 9.98598E-05 0.00958904 9.98598E-05 0.108045 9.98598E-05 9.98598E-05 0.107493 9.98598E-05 9.98598E-05 9.98598E-05 9.98598E-05 9.98598E-05 0.747901 9.98598E-05 9.98598E-05 0.0253744 9.98598E-05
9.98772E-05 9.98772E-05 9.98772E-05 0.0288213 0.0130029 9.98772E-05 9.98772E-05 9.98772E-05 9.98772E-05 0.166256 0.0337829 9.98772E-05 9.98772E-05 9.98772E-05 0.0494218 0.0168619 0.690455 9.98772E-05 9.98772E-05 9.98772E-05 9.98772E-05
9.98771E-05 9.98771E-05 9.98771E-05 9.98771E-05 9.98771E-05 9.98771E-05 0.0386987 0.0309996 9.98771E-05 9.98771E-05 0.0272173 9.98771E-05 0.0517445 0.0543664 9.98771E-05 9.98771E-05 0.681194 9.98771E-05 9.98771E-05 0.114381 9.98771E-05
0.0939718 9.98597E-05 9.98597E-05 9.98597E-05 9.98597E-05 9.98597E-05 9.98597E-05 0.105235 9.98597E-05 9.98597E-05 9.98597E-05 9.98597E-05 9.98597E-05 9.98597E-05 9.98597E-05 0.0073255 0.771914 9.98597E-05 9.98597E-05 9.98597E-05 0.0199556
0.0625808 0.0407421 9.98859E-05 9.98859E-05 9.98859E-05 9.98859E-05 9.98859E-05 0.00970781 9.98859E-05 0.0392059 9.98859E-05 0.00959687 0.0473325 9.98859E-05 9.98859E-05 0.0320567 0.757479 9.98859E-05 9.98859E-05 9.98859E-05 9.98859E-05
9.9877E-05 9.9877E-05 9.9877E-05 9.9877E-05 0.687377 9.9877E-05 9.9877E-05 0.136728 0.0402179 9.9877E-05 9.9877E-05 9.9877E-05 0.00751513 0.0406475 9.9877E-05 0.0539992 9.9877E-05 9.9877E-05 9.9877E-05 9.9877E-05 0.0321172
9.98336E-05 0.0193673 9.98336E-05 9.98336E-05 0.978736 9.98336E-05 9.98336E-05 9.98336E-05 9.98336E-05 9.98336E-05 9.98336E-05 9.98336E-05 9.98336E-05 9.98336E-05 9.98336E-05 9.98336E-05 9.98336E-05 9.98336E-05 9.98336E-05 9.98336E-05 9.98336E-05
9.98508E-05 9.98508E-05 0.0354471 9.98508E-05 0.89268 9.98508E-05 9.98508E-05 9.98508E-05 9.98508E-05 9.98508E-05 9.98508E-05 0.0131261 9.98508E-05 0.0570491 9.98508E-05 9.98508E-05 9.98508E-05 9.98508E-05 9.98508E-05 9.98508E-05 9.98508E-05
0.0097416 9.98772E-05 9.98772E-05 9.98772E-05 0.417002 9.98772E-05 9.98772E-05 0.0262004 0.101951 0.158221 9.98772E-05 0.00923589 0.276249 9.98772E-05 9.98772E-05 9.98772E-05 9.98772E-05 9.98772E-05 9.98772E-05 9.98772E-05 9.98772E-05
9.98945E-05 9.98945E-05 9.98945E-05 0.00234448 0.755172 9.98945E-05 9.98945E-05 0.021107 0.0468033 9.98945E-05 0.0178556 0.019428 9.98945E-05 0.014071 0.0436206 9.98945E-05 9.98945E-05 9.98945E-05 9.98945E-05 0.078399 9.98945E-05
9.98506E-05 9.98506E-05 9.98506E-05 9.98506E-05 0.757513 9.98506E-05 9.98506E-05 0.164059 0.0159312 9.98506E-05 9.98506E-05 9.98506E-05 9.98506E-05 9.98506E-05 9.98506E-05 9.98506E-05 9.98506E-05 9.98506E-05 9.98506E-05 0.0607988 9.98506E-05
0.0229774 9.98682E-05 9.98682E-05 9.98682E-05 0.57307 9.98682E-05 0.0346246 0.0975502 9.98682E-05 9.98682E-05 9.98682E-05 9.98682E-05 0.228481 9.98682E-05 9.98682E-05 0.0417985 9.98682E-05 9.98682E-05 9.98682E-05 9.98682E-05 9.98682E-05
9.98681E-05 9.98681E-05 9.98681E-05 9.98681E-05 0.652765 9.98681E-05 9.98681E-05 0.0488733 0.0550104 0.0418208 9.98681E-05 9.98681E-05 0.0754956 0.124537 9.98681E-05 9.98681E-05 9.98681E-05 9.98681E-05 9.98681E-05 9.98681E-05 9.98681E-05
9.98246E-05 9.98246E-05 9.98246E-05 9.98246E-05 0.998004 9.98246E-05 9.98246E-05 9.98246E-05 9.98246E-05 9.98246E-05 9.98246E-05 9.98246E-05 9.98246E-05 9.98246E-05 9.98246E-05 9.98246E-05 9.98246E-05 9.98246E-05 9.98246E-05 9.98246E-05 9.98246E-05
0.00261254 9.98594E-05 9.98594E-05 9.98594E-05 0.949957 9.98594E-05 9.98594E-05 9.98594E-05 0.00567531 9.98594E-05 9.98594E-05 9.98594E-05 9.98594E-05 9.98594E-05 9.98594E-05 0.0315496 9.98594E-05 9.98594E-05 0.00860815 9.98594E-05 9.98594E-05
9.98506E-05 9.98506E-05 9.98506E-05 9.98506E-05 0.56212 9.98506E-05 9.98506E-05 0.262373 0.0368668 9.98506E-05 9.98506E-05 9.98506E-05 9.98506E-05 9.98506E-05 9.98506E-05 0.136943 9.98506E-05 9.98506E-05 9.98506E-05 9.98506E-05 9.98506E-05
0.0131059 9.98858E-05 9.98858E-05 9.98858E-05 0.519237 9.98858E-05 9.98858E-05 0.0782912 9.98858E-05 9.98858E-05 9.98858E-05 9.98858E-05 0.00964093 9.98858E-05 9.98858E-05 0.0423959 9.98858E-05 0.0753154 0.0751088 0.185606 9.98858E-05
9.98857E-05 9.98857E-05 9.98857E-05 0.0333524 0.62463 9.98857E-05 9.98857E-05 9.98857E-05 0.0732251 0.00190282 9.98857E-05 9.98857E-05 0.0296742 9.98857E-05 9.98857E-05 0.0281691 9.98857E-05 0.0253231 0.182424 9.98857E-05 9.98857E-05
9.98507E-05 9.98507E-05 9.98507E-05 9.98507E-05 0.582143 9.98507E-05 9.98507E-05 0.216023 9.98507E-05 9.98507E-05 9.98507E-05 9.98507E-05 0.0897767 9.98507E-05 9.98507E-05 9.98507E-05 9.98507E-05 9.98507E-05 9.98507E-05 0.11036 9.98507E-05
9.98336E-05 9.98336E-05 9.98336E-05 9.98336E-05 0.964085 9.98336E-05 9.98336E-05 9.98336E-05 9.98336E-05 9.98336E-05 9.98336E-05 9.98336E-05 9.98336E-05 9.98336E-05 9.98336E-05 9.98336E-05 9.98336E-05 9.98336E-05 9.98336E-05 9.98336E-05 0.0340185
9.98597E-05 9.98597E-05 0.0195435 9.98597E-05 0.891217 9.98597E-05 0.0286385 0.0204993 0.0385035 9.98597E-05 9.98597E-05 9.98597E-05 9.98597E-05 9.98597E-05 9.98597E-05 9.98597E-05 9.98597E-05 9.98597E-05 9.98597E-05 9.98597E-05 9.98597E-05
9.98505E-05 9.98505E-05 9.98505E-05 9.98505E-05 0.779957 9.98505E-05 9.98505E-05 9.98505E-05 9.98505E-05 9.98505E-05 0.102017 0.0795289 9.98505E-05 0.0367997 9.98505E-05 9.98505E-05 9.98505E-05 9.98505E-05 9.98505E-05 9.98505E-05 9.98505E-05
0.072576 9.9877E-05 9.9877E-05 9.9877E-05 0.693323 9.9877E-05 9.9877E-05 9.9877E-05 0.0139624 9.9877E-05 0.0808315 9.9877E-05 9.9877E-05 9.9877E-05 9.9877E-05 0.0669791 9.9877E-05 9.9877E-05 0.0213556 0.0495746 9.9877E-05
9.98508E-05 9.98508E-05 9.98508E-05 9.98508E-05 0.909661 9.98508E-05 9.98508E-05 0.0163569 9.98508E-05 9.98508E-05 9.98508E-05 9.98508E-05 9.98508E-05 0.0684407 9.98508E-05 0.00384351 9.98508E-05 9.98508E-05 9.98508E-05 9.98508E-05 9.98508E-05
9.98506E-05 0.0982161 9.98506E-05 9.98506E-05 0.640023 9.98506E-05 9.98506E-05 0.205694 9.98506E-05 9.98506E-05 9.98506E-05 9.98506E-05 9.98506E-05 9.98506E-05 9.98506E-05 9.98506E-05 9.98506E-05 0.0543695 9.98506E-05 9.98506E-05 9.98506E-05
9.98336E-05 9.98336E-05 0.0502628 9.98336E-05 0.94784 9.98336E-05 9.98336E-05 9.98336E-05 9.98336E-05 9.98336E-05 9.98336E-05 9.98336E-05 9.98336E-05 9.98336E-05 9.98336E-05 9.98336E-05 9.98336E-05 9.98336E-05 9.98336E-05 9.98336E-05 9.98336E-05
9.98418E-05 9.98418E-05 9.98418E-05 9.98418E-05 0.69373 9.98418E-05 9.98418E-05 0.0559915 9.98418E-05 9.98418E-05 9.98418E-05 9.98418E-05 9.98418E-05 9.98418E-05 9.98418E-05 9.98418E-05 9.98418E-05 9.98418E-05 9.98418E-05 0.248481 9.98418E-05
9.98596E-05 9.98596E-05 9.98596E-05 9.98596E-05 0.815552 9.98596E-05 9.98596E-05 0.00101742 9.98596E-05 9.98596E-05 9.98596E-05 9.98596E-05 9.98596E-05 9.98596E-05 0.00517973 9.98596E-05 9.98596E-05 9.98596E-05 9.98596E-05 0.0757082 0.100945
9.98947E-05 9.98947E-05 9.98947E-05 9.98947E-05 0.56816 0.204863 9.98947E-05 0.0292208 0.0119165 0.060824 0.0217298 0.0155414 9.98947E-05 0.0700416 9.98947E-05 9.98947E-05 9.98947E-05 0.0165046 9.98947E-05 9.98947E-05 9.98947E-05
9.98419E-05 9.98419E-05 9.98419E-05 9.98419E-05 0.812955 9.98419E-05 9.98419E-05 9.98419E-05 9.98419E-05 9.98419E-05 9.98419E-05 9.98419E-05 9.98419E-05 9.98419E-05 9.98419E-05 0.0632893 9.98419E-05 9.98419E-05 0.121958 9.98419E-05 9.98419E-05
9.98423E-05 9.98423E-05 9.98423E-05 9.98423E-05 0.937002 9.98423E-05 9.98423E-05 0.0491503 0.0120509 9.98423E-05 9.98423E-05 9.98423E-05 9.98423E-05 9.98423E-05 9.98423E-05 9.98423E-05 9.98423E-05 9.98423E-05 9.98423E-05 9.98423E-05 9.98423E-05
9.98247E-05 9.98247E-05 9.98247E-05 9.98247E-05 0.998004 9.98247E-05 9.98247E-05 9.98247E-05 9.98247E-05 9.98247E-05 9.98247E-05 9.98247E-05 9.98247E-05 9.98247E-05 9.98247E-05 9.98247E-05 9.98247E-05 9.98247E-05 9.98247E-05 9.98247E-05 9.98247E-05
9.98335E-05 9.98335E-05 9.98335E-05 9.98335E-05 0.919949 9.98335E-05 9.98335E-05 0.0781541 9.98335E-05 9.98335E-05 9.98335E-05 9.98335E-05 9.98335E-05 9.98335E-05 9.98335E-05 9.98335E-05 9.98335E-05 9.98335E-05 9.98335E-05 9.98335E-05 9.98335E-05
9.98422E-05 9.98422E-05 9.98422E-05 9.98422E-05 0.940459 9.98422E-05 9.98422E-05 0.00941856 9.98422E-05 9.98422E-05 9.98422E-05 9.98422E-05 9.98422E-05 0.0483251 9.98422E-05 9.98422E-05 9.98422E-05 9.98422E-05 9.98422E-05 9.98422E-05 9.98422E-05
9.98598E-05 0.140076 0.0733436 9.98598E-05 0.559196 9.98598E-05 9.98598E-05 0.107747 0.118039 9.98598E-05 9.98598E-05 9.98598E-05 9.98598E-05 9.98598E-05 9.98598E-05 9.98598E-05 9.98598E-05 9.98598E-05 9.98598E-05 9.98598E-05 9.98598E-05
9.98421E-05 9.98421E-05 9.98421E-05 9.98421E-05 9.98421E-05 9.98421E-05 9.98421E-05 0.143481 0.0651784 0.789544 9.98421E-05 9.98421E-05 9.98421E-05 9.98421E-05 9.98421E-05 9.98421E-05 9.98421E-05 9.98421E-05 9.98421E-05 9.98421E-05 9.98421E-05
9.98598E-05 9.98598E-05 0.190971 9.98598E-05 9.98598E-05 9.98598E-05 9.98598E-05 9.98598E-05 9.98598E-05 0.222771 0.00297614 9.98598E-05 9.98598E-05 9.98598E-05 0.00858131 9.98598E-05 9.98598E-05 9.98598E-05 9.98598E-05 9.98598E-05 0.573103
9.98507E-05 9.98507E-05 9.98507E-05 9.98507E-05 9.98507E-05 9.98507E-05 9.98507E-05 0.0878394 9.98507E-05 0.623584 9.98507E-05 9.98507E-05 9.98507E-05 9.98507E-05 9.98507E-05 9.98507E-05 9.98507E-05 9.98507E-05 9.98507E-05 0.0179651 0.268914
9.98594E-05 9.98594E-05 9.98594E-05 9.98594E-05 9.98594E-05 9.98594E-05 9.98594E-05 0.068489 0.0361339 0.681365 9.98594E-05 9.98594E-05 9.98594E-05 9.98594E-05 9.98594E-05 0.0178313 9.98594E-05 9.98594E-05 9.98594E-05 9.98594E-05 0.194583
9.98507E-05 9.98507E-05 9.98507E-05 9.98507E-05 9.98507E-05 0.0176875 9.98507E-05 9.98507E-05 0.0336372 0.866755 9.98507E-05 9.98507E-05 9.98507E-05 9.98507E-05 9.98507E-05 9.98507E-05 9.98507E-05 9.98507E-05 0.0802232 9.98507E-05 9.98507E-05
9.98509E-05 9.98509E-05 9.98509E-05 9.98509E-05 9.98509E-05 9.98509E-05 9.98509E-05 0.130606 0.106315 0.740127 9.98509E-05 9.98509E-05 0.0212542 9.98509E-05 9.98509E-05 9.98509E-05 9.98509E-05 9.98509E-05 9.98509E-05 9.98509E-05 9.98509E-05
9.98769E-05 9.98769E-05 9.98769E-05 9.98769E-05 9.98769E-05 9.98769E-05 9.98769E-05 0.024327 0.0185653 0.022386 9.98769E-05 9.98769E-05 9.98769E-05 0.0247776 9.98769E-05 0.0107013 9.98769E-05 9.98769E-05 0.0491318 9.98769E-05 0.848713
9.98596E-05 9.98596E-05 9.98596E-05 9.98596E-05 9.98596E-05 9.98596E-05 9.98596E-05 0.0299937 0.248932 0.413081 9.98596E-05 9.98596E-05 9.98596E-05 9.98596E-05 0.0192128 9.98596E-05 9.98596E-05 9.98596E-05 9.98596E-05 9.98596E-05 0.287182
9.98769E-05 0.158997 9.98769E-05 9.98769E-05 9.98769E-05 9.98769E-05 9.98769E-05 0.00485046 0.311454 0.201289 9.98769E-05 9.98769E-05 0.11649 9.98769E-05 9.98769E-05 0.00949401 9.98769E-05 9.98769E-05 9.98769E-05 9.98769E-05 0.196028
0.0675197 9.98682E-05 9.98682E-05 9.98682E-05 9.98682E-05 9.98682E-05 9.98682E-05 0.229553 0.197217 0.00395621 9.98682E-05 9.98682E-05 9.98682E-05 9.98682E-05 9.98682E-05 9.98682E-05 9.98682E-05 9.98682E-05 0.0261739 9.98682E-05 0.474082
9.98597E-05 9.98597E-05 0.144321 9.98597E-05 9.98597E-05 9.98597E-05 9.98597E-05 9.98597E-05 0.0186554 0.485537 9.98597E-05 9.98597E-05 0.187952 9.98597E-05 9.98597E-05 9.98597E-05 9.98597E-05 9.98597E-05 9.98597E-05 9.98597E-05 0.161938
9.9851E-05 9.9851E-05 0.054005 9.9851E-05 9.9851E-05 9.9851E-05 9.9851E-05 0.0676434 9.9851E-05 0.76533 9.9851E-05 9.9851E-05 0.111325 9.9851E-05 9.9851E-05 9.9851E-05 9.9851E-05 9.9851E-05 9.9851E-05 9.9851E-05 9.9851E-05
9.98421E-05 9.98421E-05 9.98421E-05 9.98421E-05 9.98421E-05 9.98421E-05 9.98421E-05 9.98421E-05 0.0124543 0.106821 9.98421E-05 9.98421E-05 9.98421E-05 9.98421E-05 9.98421E-05 9.98421E-05 9.98421E-05 9.98421E-05 9.98421E-05 9.98421E-05 0.878928
9.98597E-05 9.98597E-05 0.0164697 9.98597E-05 9.98597E-05 9.98597E-05 9.98597E-05 0.153077 0.091718 0.609798 9.98597E-05 9.98597E-05 9.98597E-05 9.98597E-05 9.98597E-05 9.98597E-05 9.98597E-05 9.98597E-05 9.98597E-05 9.98597E-05 0.12734
9.98772E-05 9.98772E-05 0.0437644 9.98772E-05 9.98772E-05 9.98772E-05 9.98772E-05 9.98772E-05 0.00215556 0.487435 9.98772E-05 9.98772E-05 9.98772E-05 0.120609 9.98772E-05 9.98772E-05 9.98772E-05 0.00443692 0.0680981 9.98772E-05 0.272102
0.0473677 0.135408 9.98859E-05 9.98859E-05 9.98859E-05 9.98859E-05 9.98859E-05 0.104138 0.00756451 0.616936 9.98859E-05 9.98859E-05 0.0484768 9.98859E-05 9.98859E-05 0.00160155 9.98859E-05 9.98859E-05 9.98859E-05 9.98859E-05 0.037209
9.98771E-05 9.98771E-05 0.0152058 9.98771E-05 9.98771E-05 9.98771E-05 9.98771E-05 0.111195 9.98771E-05 0.374217 9.98771E-05 9.98771E-05 0.317969 0.00775215 0.0944001 9.98771E-05 9.98771E-05 9.98771E-05 9.98771E-05 9.98771E-05 0.0778623
0.0554884 9.98861E-05 0.0140179 0.000727329 9.98861E-05 9.98861E-05 9.98861E-05 9.98861E-05 0.0593455 0.7418 9.98861E-05 0.015088 9.98861E-05 9.98861E-05 9.98861E-05 9.98861E-05 0.018905 9.98861E-05 9.98861E-05 0.0933295 9.98861E-05
9.98335E-05 9.98335E-05 9.98335E-05 9.98335E-05 9.98335E-05 9.98335E-05 9.98335E-05 9.98335E-05 9.98335E-05 0.946485 9.98335E-05 9.98335E-05 9.98335E-05 9.98335E-05 9.98335E-05 9.98335E-05 9.98335E-05 9.98335E-05 9.98335E-05 9.98335E-05 0.0516184
0.0883963 0.0402217 0.190731 9.98772E-05 9.98772E-05 9.98772E-05 0.0570095 0.122075 9.98772E-05 0.412048 9.98772E-05 9.98772E-05 9.98772E-05 9.98772E-05 0.0881198 9.98772E-05 9.98772E-05 9.98772E-05 9.98772E-05 9.98772E-05 9.98772E-05
0.0140249 9.98509E-05 9.98509E-05 9.98509E-05 9.98509E-05 9.98509E-05 9.98509E-05 0.0722034 9.98509E-05 0.789947 9.98509E-05 9.98509E-05 0.122127 9.98509E-05 9.98509E-05 9.98509E-05 9.98509E-05 9.98509E-05 9.98509E-05 9.98509E-05 9.98509E-05
9.9842E-05 9.9842E-05 9.9842E-05 9.9842E-05 9.9842E-05 9.9842E-05 9.9842E-05 9.9842E-05 0.0340243 0.962865 9.9842E-05 9.9842E-05 9.9842E-05 9.9842E-05 9.9842E-05 0.00131359 9.9842E-05 9.9842E-05 9.9842E-05 9.9842E-05 9.9842E-05
9.98596E-05 9.98596E-05 9.98596E-05 9.98596E-05 9.98596E-05 9.98596E-05 9.98596E-05 0.203374 0.218472 0.428526 9.98596E-05 9.98596E-05 0.0712192 9.98596E-05 0.0768107 9.98596E-05 9.98596E-05 9.98596E-05 9.98596E-05 9.98596E-05 9.98596E-05
9.98509E-05 9.98509E-05 0.0461637 9.98509E-05 9.98509E-05 9.98509E-05 9.98509E-05 9.98509E-05 0.151161 0.529197 9.98509E-05 9.98509E-05 9.98509E-05 9.98509E-05 9.98509E-05 9.98509E-05 9.98509E-05 9.98509E-05 9.98509E-05 9.98509E-05 0.27178
9.98595E-05 9.98595E-05 9.98595E-05 9.98595E-05 9.98595E-05 9.98595E-05 9.98595E-05 0.253235 0.171082 0.48954 9.98595E-05 9.98595E-05 0.0742805 9.98595E-05 0.0102647 9.98595E-05 9.98595E-05 9.98595E-05 9.98595E-05 9.98595E-05 9.98595E-05
9.98509E-05 9.98509E-05 9.98509E-05 9.98509E-05 9.98509E-05 9.98509E-05 9.98509E-05 0.0604118 0.0643473 9.98509E-05 9.98509E-05 9.98509E-05 0.0478218 9.98509E-05 9.98509E-05 9.98509E-05 9.98509E-05 9.98509E-05 9.98509E-05 9.98509E-05 0.825722
9.98597E-05 9.98597E-05 0.594764 9.98597E-05 9.98597E-05 0.0639875 0.0634 0.0776176 9.98597E-05 0.198634 9.98597E-05 9.98597E-05 9.98597E-05 9.98597E-05 9.98597E-05 9.98597E-05 9.98597E-05 9.98597E-05 9.98597E-05 9.98597E-05 9.98597E-05
9.98594E-05 9.98594E-05 9.98594E-05 9.98594E-05 9.98594E-05 9.98594E-05 9.98594E-05 0.0927693 0.0812756 0.781435 0.0088099 9.98594E-05 9.98594E-05 9.98594E-05 9.98594E-05 9.98594E-05 9.98594E-05 9.98594E-05 9.98594E-05 9.98594E-05 0.0341119
9.98509E-05 9.98509E-05 9.98509E-05 9.98509E-05 9.98509E-05 9.98509E-05 9.98509E-05 0.209697 0.165857 0.434067 9.98509E-05 9.98509E-05 9.98509E-05 9.98509E-05 9.98509E-05 9.98509E-05 9.98509E-05 9.98509E-05 9.98509E-05 9.98509E-05 0.188681
9.98597E-05 9.98597E-05 0.0208716 0.0172374 9.98597E-05 9.98597E-05 9.98597E-05 0.0756718 9.98597E-05 0.816704 9.98597E-05 9.98597E-05 9.98597E-05 9.98597E-05 9.98597E-05 0.0679172 9.98597E-05 9.98597E-05 9.98597E-05 9.98597E-05 9.98597E-05
9.98859E-05 9.98859E-05 9.98859E-05 0.0166721 9.98859E-05 9.98859E-05 9.98859E-05 0.155682 0.0125946 0.0910395 9.98859E-05 9.98859E-05 0.00726968 9.98859E-05 9.98859E-05 0.0189554 9.98859E-05 0.0540268 9.98859E-05 9.98859E-05 0.642462
9.98419E-05 9.98419E-05 9.98419E-05 9.98419E-05 9.98419E-05 9.98419E-05 9.98419E-05 9.98419E-05 9.98419E-05 0.442992 9.98419E-05 9.98419E-05 9.98419E-05 9.98419E-05 9.98419E-05 9.98419E-05 9.98419E-05 0.0275792 9.98419E-05 9.98419E-05 0.527632
9.98595E-05 9.98595E-05 9.98595E-05 0.042942 9.98595E-05 9.98595E-05 9.98595E-05 0.151684 0.229415 0.424474 9.98595E-05 9.98595E-05 9.98595E-05 9.98595E-05 0.149887 9.98595E-05 9.98595E-05 9.98595E-05 9.98595E-05 9.98595E-05 9.98595E-05
9.98682E-05 9.98682E-05 9.98682E-05 9.98682E-05 9.98682E-05 9.98682E-05 9.98682E-05 9.98682E-05 0.0304386 0.423066 0.0503636 9.98682E-05 9.98682E-05 9.98682E-05 0.0263651 9.98682E-05 9.98682E-05 9.98682E-05 9.98682E-05 0.155512 0.312757
9.9842E-05 9.9842E-05 9.9842E-05 9.9842E-05 9.9842E-05 9.9842E-05 9.9842E-05 0.0549186 9.9842E-05 0.48717 9.9842E-05 9.9842E-05 9.9842E-05 9.9842E-05 9.9842E-05 9.9842E-05 9.9842E-05 9.9842E-05 9.9842E-05 9.9842E-05 0.456114
0.0540956 0.143037 0.0341367 9.98683E-05 9.98683E-05 9.98683E-05 9.98683E-05 9.98683E-05 0.0592484 0.46319 9.98683E-05 9.98683E-05 9.98683E-05 9.98683E-05 9.98683E-05 9.98683E-05 9.98683E-05 9.98683E-05 9.98683E-05 9.98683E-05 0.244795
9.98594E-05 9.98594E-05 9.98594E-05 9.98594E-05 9.98594E-05 9.98594E-05 9.98594E-05 0.219917 0.0585441 0.69423 9.98594E-05 9.98594E-05 9.98594E-05 9.98594E-05 9.98594E-05 9.98594E-05 9.98594E-05 9.98594E-05 0.011204 9.98594E-05 0.014508
0.0281023 9.98596E-05 0.552455 9.98596E-05 9.98596E-05 9.98596E-05 9.98596E-05 9.98596E-05 0.0718665 0.334691 9.98596E-05 9.98596E-05 9.98596E-05 9.98596E-05 9.98596E-05 0.0112872 9.98596E-05 9.98596E-05 9.98596E-05 9.98596E-05 9.98596E-05
9.9851E-05 9.9851E-05 0.213492 9.9851E-05 9.9851E-05 9.9851E-05 9.9851E-05 0.0483892 9.9851E-05 0.723591 9.9851E-05 9.9851E-05 9.9851E-05 9.9851E-05 9.9851E-05 9.9851E-05 9.9851E-05 9.9851E-05 9.9851E-05 9.9851E-05 0.0128306
9.9851E-05 9.9851E-05 0.148677 0.0360136 9.9851E-05 9.9851E-05 9.9851E-05 9.9851E-05 9.9851E-05 0.328445 9.9851E-05 9.9851E-05 9.9851E-05 9.9851E-05 9.9851E-05 9.9851E-05 9.9851E-05 9.9851E-05 9.9851E-05 9.9851E-05 0.485166
9.98684E-05 9.98684E-05 0.425851 9.98684E-05 9.98684E-05 9.98684E-05 9.98684E-05 9.98684E-05 0.0082526 0.304408 9.98684E-05 9.98684E-05 9.98684E-05 0.00274983 0.0384321 9.98684E-05 9.98684E-05 9.98684E-05 9.98684E-05 9.98684E-05 0.218809
9.98507E-05 9.98507E-05 9.98507E-05 9.98507E-05 9.98507E-05 9.98507E-05 9.98507E-05 0.254778 0.109657 0.556484 9.98507E-05 9.98507E-05 0.077384 9.98507E-05 9.98507E-05 9.98507E-05 9.98507E-05 9.98507E-05 9.98507E-05 9.98507E-05 9.98507E-05
9.98595E-05 0.0546252 9.98595E-05 0.00425791 9.98595E-05 9.98595E-05 9.98595E-05 9.98595E-05 0.145894 0.764927 9.98595E-05 9.98595E-05 9.98595E-05 9.98595E-05 9.98595E-05 9.98595E-05 9.98595E-05 9.98595E-05 9.98595E-05 9.98595E-05 0.0286981
9.98684E-05 0.0370119 0.438148 9.98684E-05 9.98684E-05 9.98684E-05 9.98684E-05 0.0581669 0.128542 0.246764 9.98684E-05 9.98684E-05 9.98684E-05 9.98684E-05 0.0898691 9.98684E-05 9.98684E-05 9.98684E-05 9.98684E-05 9.98684E-05 9.98684E-05
9.98421E-05 9.98421E-05 0.307913 9.98421E-05 9.98421E-05 9.98421E-05 9.98421E-05 9.98421E-05 9.98421E-05 0.0172812 9.98421E-05 9.98421E-05 9.98421E-05 9.98421E-05 9.98421E-05 9.98421E-05 9.98421E-05 9.98421E-05 9.98421E-05 9.98421E-05 0.673009
9.98859E-05 9.98859E-05 9.98859E-05 9.98859E-05 9.98859E-05 9.98859E-05 9.98859E-05 0.029393 0.170159 0.491403 9.98859E-05 9.98859E-05 0.123048 0.0431764 0.0928365 9.98859E-05 9.98859E-05 9.98859E-05 9.98859E-05 0.00449369 0.0441919
9.98682E-05 0.0555349 9.98682E-05 9.98682E-05 0.137993 9.98682E-05 9.98682E-05 0.0734418 0.102209 9.98682E-05 9.98682E-05 9.98682E-05 9.98682E-05 9.98682E-05 9.98682E-05 9.98682E-05 9.98682E-05 9.98682E-05 0.0448739 9.98682E-05 0.584449
9.98948E-05 0.0319815 9.98948E-05 9.98948E-05 9.98948E-05 0.0178202 9.98948E-05 0.0179477 0.141253 0.179472 9.98948E-05 9.98948E-05 0.0707148 9.98948E-05 9.98948E-05 9.98948E-05 9.98948E-05 0.110904 0.0325649 9.98948E-05 0.396143
9.98684E-05 9.98684E-05 9.98684E-05 9.98684E-05 9.98684E-05 9.98684E-05 0.045697 0.143441 0.276342 0.472082 9.98684E-05 9.98684E-05 9.98684E-05 9.98684E-05 0.0439868 9.98684E-05 9.98684E-05 9.98684E-05 9.98684E-05 0.016952 9.98684E-05
9.9842E-05 9.9842E-05 0.390989 9.9842E-05 9.9842E-05 9.9842E-05 9.9842E-05 9.9842E-05 9.9842E-05 0.209461 9.9842E-05 9.9842E-05 9.9842E-05 9.9842E-05 9.9842E-05 9.9842E-05 9.9842E-05 9.9842E-05 9.9842E-05 9.9842E-05 0.397752
0.223608 9.98684E-05 9.98684E-05 9.98684E-05 9.98684E-05 9.98684E-05 9.98684E-05 0.0940782 9.98684E-05 0.598029 9.98684E-05 0.0311822 9.98684E-05 9.98684E-05 9.98684E-05 9.98684E-05 9.98684E-05 9.98684E-05 9.98684E-05 0.00487109 0.0467339
9.98684E-05 9.98684E-05 0.529903 9.98684E-05 0.0731939 9.98684E-05 9.98684E-05 9.98684E-05 0.111746 0.274783 9.98684E-05 9.98684E-05 0.00644874 9.98684E-05 9.98684E-05 0.00242692 9.98684E-05 9.98684E-05 9.98684E-05 9.98684E-05 9.98684E-05
9.98685E-05 9.98685E-05 0.228542 9.98685E-05 9.98685E-05 9.98685E-05 9.98685E-05 0.140045 0.0557584 0.545655 9.98685E-05 9.98685E-05 9.98685E-05 0.0190333 9.98685E-05 0.00946821 9.98685E-05 9.98685E-05 9.98685E-05 9.98685E-05 9.98685E-05
9.98421E-05 9.98421E-05 9.98421E-05 9.98421E-05 9.98421E-05 9.98421E-05 9.98421E-05 9.98421E-05 0.0363067 0.885753 9.98421E-05 9.98421E-05 9.98421E-05 9.98421E-05 9.98421E-05 9.98421E-05 9.98421E-05 0.076143 9.98421E-05 9.98421E-05 9.98421E-05
9.98508E-05 9.98508E-05 9.98508E-05 9.98508E-05 9.98508E-05 9.98508E-05 9.98508E-05 9.98508E-05 9.98508E-05 0.651594 0.0505504 9.98508E-05 9.98508E-05 0.0662046 9.98508E-05 9.98508E-05 9.98508E-05 9.98508E-05 9.98508E-05 9.98508E-05 0.229954
9.98595E-05 9.98595E-05 9.98595E-05 9.98595E-05 9.98595E-05 9.98595E-05 0.0883076 0.250607 0.115122 0.359744 9.98595E-05 9.98595E-05 0.184622 9.98595E-05 9.98595E-05 9.98595E-05 9.98595E-05 9.98595E-05 9.98595E-05 9.98595E-05 9.98595E-05
9.9842E-05 9.9842E-05 9.9842E-05 9.9842E-05 9.9842E-05 9.9842E-05 9.9842E-05 0.061196 0.137185 0.799821 9.9842E-05 9.9842E-05 9.9842E-05 9.9842E-05 9.9842E-05 9.9842E-05 9.9842E-05 9.9842E-05 9.9842E-05 9.9842E-05 9.9842E-05
9.98595E-05 9.98595E-05 9.98595E-05 9.98595E-05 9.98595E-05 9.98595E-05 9.98595E-05 9.98595E-05 0.0414599 0.685485 9.98595E-05 9.98595E-05 9.98595E-05 9.98595E-05 9.98595E-05 0.0374101 9.98595E-05 0.0245727 9.98595E-05 9.98595E-05 0.209474
9.98509E-05 9.98509E-05 0.0797352 9.98509E-05 9.98509E-05 9.98509E-05 9.98509E-05 0.0135668 9.98509E-05 0.715243 9.98509E-05 9.98509E-05 9.98509E-05 9.98509E-05 0.189757 9.98509E-05 9.98509E-05 9.98509E-05 9.98509E-05 9.98509E-05 9.98509E-05
9.98684E-05 9.98684E-05 0.031446 9.98684E-05 9.98684E-05 9.98684E-05 9.98684E-05 0.00284202 0.141384 0.521885 9.98684E-05 9.98684E-05 0.161208 9.98684E-05 9.98684E-05 9.98684E-05 9.98684E-05 9.98684E-05 9.98684E-05 9.98684E-05 0.139737
9.98242E-05 9.98242E-05 9.98242E-05 9.98242E-05 9.98242E-05 9.98242E-05 9.98242E-05 0.998004 9.98242E-05 9.98242E-05 9.98242E-05 9.98242E-05 9.98242E-05 9.98242E-05 9.98242E-05 9.98242E-05 9.98242E-05 9.98242E-05 9.98242E-05 9.98242E-05 9.98242E-05
9.98241E-05 9.98241E-05 9.98241E-05 9.98241E-05 9.98241E-05 9.98241E-05 9.98241E-05 9.98241E-05 0.998004 9.98241E-05 9.98241E-05 9.98241E-05 9.98241E-05 9.98241E-05 9.98241E-05 9.98241E-05 9.98241E-05 9.98241E-05 9.98241E-05 9.98241E-05 9.98241E-05
9.98242E-05 9.98242E-05 9.98242E-05 9.98242E-05 9.98242E-05 9.98242E-05 9.98242E-05 0.998004 9.98242E-05 9.98242E-05 9.98242E-05 9.98242E-05 9.98242E-05 9.98242E-05 9.98242E-05 9.98242E-05 9.98242E-05 9.98242E-05 9.98242E-05 9.98242E-05 9.98242E-05
9.98243E-05 9.98243E-05 9.98243E-05 9.98243E-05 9.98243E-05 9.98243E-05 9.98243E-05 9.98243E-05 0.998004 9.98243E-05 9.98243E-05 9.98243E-05 9.98243E-05 9.98243E-05 9.98243E-05 9.98243E-05 9.98243E-05 9.98243E-05 9.98243E-05 9.98243E-05 9.98243E-05
9.98241E-05 9.98241E-05 9.98241E-05 9.98241E-05 9.98241E-05 9.98241E-05 9.98241E-05 9.98241E-05 0.998004 9.98241E-05 9.98241E-05 9.98241E-05 9.98241E-05 9.98241E-05 9.98241E-05 9.98241E-05 9.98241E-05 9.98241E-05 9.98241E-05 9.98241E-05 9.98241E-05
9.98243E-05 9.98243E-05 9.98243E-05 9.98243E-05 9.98243E-05 9.98243E-05 9.98243E-05 9.98243E-05 0.998004 9.98243E-05 9.98243E-05 9.98243E-05 9.98243E-05 9.98243E-05 9.98243E-05 9.98243E-05 9.98243E-05 9.98243E-05 9.98243E-05 9.98243E-05 9.98243E-05
9.98243E-05 9.98243E-05 9.98243E-05 9.98243E-05 9.98243E-05 9.98243E-05 9.98243E-05 0.998004 9.98243E-05 9.98243E-05 9.98243E-05 9.98243E-05 9.98243E-05 9.98243E-05 9.98243E-05 9.98243E-05 9.98243E-05 9.98243E-05 9.98243E-05 9.98243E-05 9.98243E-05
9.98243E-05 9.98243E-05 9.98243E-05 9.98243E-05 9.98243E-05 9.98243E-05 9.98243E-05 9.98243E-05 0.998004 9.98243E-05 9.98243E-05 9.98243E-05 9.98243E-05 9.98243E-05 9.98243E-05 9.98243E-05 9.98243E-05 9.98243E-05 9.98243E-05 9.98243E-05 9.98243E-05
9.98241E-05 9.98241E-05 9.98241E-05 9.98241E-05 9.98241E-05 9.98241E-05 9.98241E-05 9.98241E-05 0.998004 9.98241E-05 9.98241E-05 9.98241E-05 9.98241E-05 9.98241E-05 9.98241E-05 9.98241E-05 9.98241E-05 9.98241E-05 9.98241E-05 9.98241E-05 9.98241E-05
9.98243E-05 9.98243E-05 9.98243E-05 9.98243E-05 9.98243E-05 9.98243E-05 9.98243E-05 0.998004 9.98243E-05 9.98243E-05 9.98243E-05 9.98243E-05 9.98243E-05 9.98243E-05 9.98243E-05 9.98243E-05 9.98243E-05 9.98243E-05 9.98243E-05 9.98243E-05 9.98243E-05
9.98241E-05 9.98241E-05 9.98241E-05 9.98241E-05 9.98241E-05 9.98241E-05 9.98241E-05 0.998004 9.98241E-05 9.98241E-05 9.98241E-05 9.98241E-05 9.98241E-05 9.98241E-05 9.98241E-05 9.98241E-05 9.98241E-05 9.98241E-05 9.98241E-05 9.98241E-05 9.98241E-05
9.98242E-05 9.98242E-05 9.98242E-05 9.98242E-05 9.98242E-05 9.98242E-05 9.98242E-05 0.998004 9.98242E-05 9.98242E-05 9.98242E-05 9.98242E-05 9.98242E-05 9.98242E-05 9.98242E-05 9.98242E-05 9.98242E-05 9.98242E-05 9.98242E-05 9.98242E-05 9.98242E-05
9.98242E-05 9.98242E-05 9.98242E-05 9.98242E-05 9.98242E-05 9.98242E-05 9.98242E-05 9.98242E-05 0.998004 9.98242E-05 9.98242E-05 9.98242E-05 9.98242E-05 9.98242E-05 9.98242E-05 9.98242E-05 9.98242E-05 9.98242E-05 9.98242E-05 9.98242E-05 9.98242E-05
9.98241E-05 9.98241E-05 9.98241E-05 9.98241E-05 9.98241E-05 9.98241E-05 9.98241E-05 9.98241E-05 0.998004 9.98241E-05 9.98241E-05 9.98241E-05 9.98241E-05 9.98241E-05 9.98241E-05 9.98241E-05 9.98241E-05 9.98241E-05 9.98241E-05 9.98241E-05 9.98241E-05
9.98242E-05 9.98242E-05 9.98242E-05 9.98242E-05 9.98242E-05 9.98242E-05 9.98242E-05 0.998004 9.98242E-05 9.98242E-05 9.98242E-05 9.98242E-05 9.98242E-05 9.98242E-05 9.98242E-05 9.98242E-05 9.98242E-05 9.98242E-05 9.98242E-05 9.98242E-05 9.98242E-05
9.98242E-05 9.98242E-05 9.98242E-05 9.98242E-05 9.98242E-05 9.98242E-05 9.98242E-05 0.998004 9.98242E-05 9.98242E-05 9.98242E-05 9.98242E-05 9.98242E-05 9.98242E-05 9.98242E-05 9.98242E-05 9.98242E-05 9.98242E-05 9.98242E-05 9.98242E-05 9.98242E-05
0.072483 9.9877E-05 9.9877E-05 9.9877E-05 9.9877E-05 0.0123723 9.9877E-05 0.1222 9.9877E-05 0.688241 0.0601787 0.0413497 9.9877E-05 9.9877E-05 9.9877E-05 9.9877E-05 9.9877E-05 9.9877E-05 0.00177741 9.9877E-05 9.9877E-05
9.98507E-05 9.98507E-05 9.98507E-05 9.98507E-05 9.98507E-05 9.98507E-05 9.98507E-05 0.960529 9.98507E-05 0.00625192 9.98507E-05 0.0189018 9.98507E-05 9.98507E-05 0.0126194 9.98507E-05 9.98507E-05 9.98507E-05 9.98507E-05 9.98507E-05 9.98507E-05
