0.0892234 9.99385E-05 0.127794 0.0887208 9.99385E-05 0.189305 9.99385E-05 9.99385E-05 9.99385E-05 9.99385E-05 9.99385E-05 0.504257
0.158101 9.99473E-05 0.0785231 9.99473E-05 9.99473E-05 0.0104916 9.99473E-05 0.0175169 9.99473E-05 9.99473E-05 0.0294982 0.70527
9.99297E-05 9.99297E-05 9.99297E-05 9.99297E-05 9.99297E-05 0.100431 0.0397324 9.99297E-05 0.00237096 9.99297E-05 9.99297E-05 0.856666
9.99737E-05 0.0256838 0.0698552 0.00584782 0.378628 0.0797918 0.133061 9.99737E-05 0.01709 9.99737E-05 0.0229923 0.26675
9.9921E-05 9.9921E-05 9.9921E-05 9.9921E-05 0.1218 9.9921E-05 0.0179252 9.9921E-05 9.9921E-05 9.9921E-05 9.9921E-05 0.859376
0.0263131 0.192691 9.99474E-05 9.99474E-05 0.21441 9.99474E-05 0.250429 0.0338063 9.99474E-05 9.99474E-05 9.99474E-05 0.281751
0.247309 9.99474E-05 0.140541 9.99474E-05 0.185257 0.0250505 9.99474E-05 9.99474E-05 0.0748565 9.99474E-05 9.99474E-05 0.326387
0.0478127 0.111446 0.0287444 9.99649E-05 0.308235 9.99649E-05 0.11136 9.99649E-05 0.108346 9.99649E-05 0.0305282 0.253128
9.99473E-05 0.192039 9.99473E-05 0.147986 0.0296535 0.325614 0.0307616 9.99473E-05 9.99473E-05 9.99473E-05 9.99473E-05 0.273346
9.9921E-05 9.9921E-05 0.00265435 9.9921E-05 9.9921E-05 0.134817 9.9921E-05 9.9921E-05 9.9921E-05 9.9921E-05 9.9921E-05 0.861629
9.99385E-05 0.0260097 0.159227 0.0148185 9.99385E-05 0.227036 9.99385E-05 9.99385E-05 9.99385E-05 9.99385E-05 9.99385E-05 0.572209
9.99473E-05 9.99473E-05 0.0227736 9.99473E-05 0.0340494 0.0115488 9.99473E-05 0.00375177 0.00713868 9.99473E-05 9.99473E-05 0.920138
9.9921E-05 9.9921E-05 9.9921E-05 9.9921E-05 0.0822944 0.106712 9.9921E-05 9.9921E-05 9.9921E-05 9.9921E-05 9.9921E-05 0.810095
9.99473E-05 9.99473E-05 0.0819439 9.99473E-05 9.99473E-05 0.0668066 0.139227 9.99473E-05 0.0753641 0.0587499 9.99473E-05 0.577308
0.0259357 0.142279 9.99561E-05 0.0964729 0.0335929 0.161183 0.175892 9.99561E-05 9.99561E-05 9.99561E-05 9.99561E-05 0.364145
0.00581082 0.207024 9.99561E-05 9.99561E-05 0.0752948 0.155462 0.120697 9.99561E-05 0.155883 9.99561E-05 9.99561E-05 0.279328
0.0573735 9.99561E-05 0.0718411 9.99561E-05 0.0202718 0.10637 9.99561E-05 9.99561E-05 0.0607622 0.191061 9.99561E-05 0.491821
9.99649E-05 0.0178337 9.99649E-05 0.0362284 0.133658 0.222938 0.0495047 0.123462 9.99649E-05 9.99649E-05 0.148804 0.267172
9.99472E-05 0.116049 0.0572859 9.99472E-05 0.088922 0.260944 9.99472E-05 9.99472E-05 9.99472E-05 9.99472E-05 0.0564904 0.419709
9.9921E-05 9.9921E-05 9.9921E-05 9.9921E-05 9.9921E-05 0.0105031 9.9921E-05 0.0476432 9.9921E-05 9.9921E-05 9.9921E-05 0.940954
9.99649E-05 0.103845 0.0865094 0.0343936 0.267336 0.0512599 0.0703761 0.0159744 9.99649E-05 9.99649E-05 9.99649E-05 0.369906
0.010248 0.232353 0.00769371 9.99474E-05 0.400069 9.99474E-05 0.0478842 9.99474E-05 9.99474E-05 9.99474E-05 9.99474E-05 0.301153
0.0148446 9.99473E-05 0.0220931 9.99473E-05 9.99473E-05 0.108345 0.176976 0.0190702 9.99473E-05 9.99473E-05 9.99473E-05 0.658071
9.99561E-05 9.99561E-05 0.0111348 0.0254386 0.0950567 0.352757 0.0215943 9.99561E-05 0.101592 9.99561E-05 9.99561E-05 0.391926
9.99561E-05 0.0345629 0.0106244 9.99561E-05 0.0180388 0.293767 0.354501 0.0547984 9.99561E-05 9.99561E-05 9.99561E-05 0.233208
9.99385E-05 0.00605204 9.99385E-05 9.99385E-05 0.0674874 0.137855 0.103582 9.99385E-05 9.99385E-05 9.99385E-05 9.99385E-05 0.684325
9.99385E-05 9.99385E-05 9.99385E-05 9.99385E-05 9.99385E-05 0.162417 0.467633 9.99385E-05 0.112604 9.99385E-05 0.135899 0.120748
9.99385E-05 9.99385E-05 0.0477646 9.99385E-05 0.0454959 0.109555 0.0428263 9.99385E-05 9.99385E-05 9.99385E-05 9.99385E-05 0.753659
9.99386E-05 9.99386E-05 0.0221739 0.0282424 9.99386E-05 0.230602 0.119709 9.99386E-05 9.99386E-05 9.99386E-05 9.99386E-05 0.598573
9.99561E-05 0.0294705 0.0139398 0.00479983 9.99561E-05 0.0858084 0.0789371 9.99561E-05 9.99561E-05 0.0441346 9.99561E-05 0.74241
9.99473E-05 0.0895356 0.12752 9.99473E-05 9.99473E-05 0.0633416 9.99473E-05 0.0217583 9.99473E-05 9.99473E-05 0.0445173 0.652727
9.99386E-05 9.99386E-05 0.0616827 9.99386E-05 0.0845288 0.0888781 0.227456 9.99386E-05 9.99386E-05 9.99386E-05 9.99386E-05 0.536755
9.99473E-05 0.0157256 0.0830736 9.99473E-05 9.99473E-05 0.188832 0.173113 9.99473E-05 0.0468426 9.99473E-05 9.99473E-05 0.491813
9.99473E-05 9.99473E-05 0.029299 9.99473E-05 9.99473E-05 0.161563 0.254733 9.99473E-05 0.00701939 9.99473E-05 0.0345955 0.512191
0.0711382 0.00191564 0.0573736 9.99473E-05 9.99473E-05 0.0411571 9.99473E-05 0.0636299 9.99473E-05 9.99473E-05 9.99473E-05 0.764186
0.0329118 0.056867 0.050549 0.0543107 0.0186875 0.0756384 9.99649E-05 0.0237938 9.99649E-05 9.99649E-05 9.99649E-05 0.686842
9.9921E-05 9.9921E-05 9.9921E-05 9.9921E-05 9.9921E-05 9.9921E-05 9.9921E-05 0.0438122 0.0913977 9.9921E-05 9.9921E-05 0.863891
0.0747728 0.141701 9.99474E-05 9.99474E-05 9.99474E-05 0.0753657 9.99474E-05 0.0665125 9.99474E-05 0.0219321 9.99474E-05 0.619116
0.0585118 0.0121798 0.0252184 9.99649E-05 0.041291 0.207612 0.0907314 9.99649E-05 9.99649E-05 0.0986234 9.99649E-05 0.465433
9.99298E-05 9.99298E-05 9.99298E-05 9.99298E-05 9.99298E-05 0.152564 0.174855 9.99298E-05 0.132786 9.99298E-05 9.99298E-05 0.538996
9.99386E-05 0.0240747 0.0365507 9.99386E-05 0.0106212 0.0983546 9.99386E-05 9.99386E-05 9.99386E-05 9.99386E-05 9.99386E-05 0.829699
0.0320346 0.0785525 9.99386E-05 0.0481839 9.99386E-05 0.125197 9.99386E-05 9.99386E-05 9.99386E-05 9.99386E-05 9.99386E-05 0.715333
0.0562825 9.99297E-05 9.99297E-05 9.99297E-05 0.105399 9.99297E-05 9.99297E-05 9.99297E-05 9.99297E-05 0.015151 9.99297E-05 0.822368
0.0235946 0.115391 0.0987433 0.0921698 9.99473E-05 0.237965 9.99473E-05 9.99473E-05 9.99473E-05 9.99473E-05 9.99473E-05 0.431536
9.99298E-05 9.99298E-05 0.0683659 9.99298E-05 0.347562 0.255226 9.99298E-05 9.99298E-05 9.99298E-05 9.99298E-05 9.99298E-05 0.328046
9.99297E-05 9.99297E-05 9.99297E-05 9.99297E-05 0.0270676 0.0594204 9.99297E-05 0.063416 9.99297E-05 9.99297E-05 9.99297E-05 0.849297
9.99385E-05 9.99385E-05 0.0274408 9.99385E-05 9.99385E-05 0.0983421 0.0552159 9.99385E-05 9.99385E-05 9.99385E-05 0.0430551 0.775247
9.9921E-05 9.9921E-05 9.9921E-05 9.9921E-05 9.9921E-05 0.067126 9.9921E-05 9.9921E-05 0.0768138 9.9921E-05 9.9921E-05 0.855161
9.99385E-05 9.99385E-05 0.0899126 9.99385E-05 0.0229229 0.160856 9.99385E-05 9.99385E-05 0.0387648 9.99385E-05 9.99385E-05 0.686844
9.99562E-05 0.0199117 0.046017 9.99562E-05 9.99562E-05 9.99562E-05 0.0844718 0.0362862 0.0791637 9.99562E-05 0.0457981 0.687852
9.99473E-05 0.0316913 0.166984 9.99473E-05 0.101124 0.235906 0.156061 9.99473E-05 9.99473E-05 9.99473E-05 9.99473E-05 0.307634
9.99473E-05 0.0291358 9.99473E-05 0.0926164 0.17222 9.99473E-05 0.0266367 0.0271274 9.99473E-05 9.99473E-05 9.99473E-05 0.651664
9.99386E-05 0.0714465 9.99386E-05 0.0217903 9.99386E-05 9.99386E-05 0.0210263 9.99386E-05 9.99386E-05 9.99386E-05 0.0798465 0.805191
9.99474E-05 0.0206955 9.99474E-05 9.99474E-05 9.99474E-05 0.0763807 0.0321561 0.0579309 0.221827 9.99474E-05 9.99474E-05 0.59041
9.99387E-05 9.99387E-05 9.99387E-05 0.124296 0.0637411 0.129357 9.99387E-05 9.99387E-05 9.99387E-05 9.99387E-05 0.0198126 0.662093
9.9921E-05 9.9921E-05 9.9921E-05 9.9921E-05 9.9921E-05 9.9921E-05 0.139738 0.129577 9.9921E-05 9.9921E-05 9.9921E-05 0.729786
0.0685542 9.99561E-05 0.00559759 9.99561E-05 0.0326045 0.0182425 9.99561E-05 9.99561E-05 0.022466 9.99561E-05 0.138923 0.713113
9.99298E-05 9.99298E-05 0.107381 9.99298E-05 9.99298E-05 0.110502 9.99298E-05 9.99298E-05 9.99298E-05 9.99298E-05 0.00125919 0.780059
9.99385E-05 0.0373128 0.0487612 9.99385E-05 9.99385E-05 0.00599246 9.99385E-05 9.99385E-05 0.0145114 9.99385E-05 9.99385E-05 0.892723
0.302924 0.0384852 0.0979561 9.99561E-05 9.99561E-05 0.202994 0.188601 9.99561E-05 9.99561E-05 9.99561E-05 0.0408403 0.127699
0.319015 9.99387E-05 9.99387E-05 0.103059 9.99387E-05 0.120664 9.99387E-05 9.99387E-05 0.065046 9.99387E-05 9.99387E-05 0.391517
0.287922 9.99561E-05 0.0330355 9.99561E-05 9.99561E-05 0.00151178 9.99561E-05 9.99561E-05 0.125995 0.173865 0.14978 0.227391
0.385943 0.126247 0.0144557 9.99561E-05 9.99561E-05 0.118287 0.269166 9.99561E-05 0.00281678 9.99561E-05 0.0825848 9.99561E-05
0.162805 0.0695298 9.99561E-05 9.99561E-05 0.227407 0.236928 9.99561E-05 9.99561E-05 0.142786 9.99561E-05 0.066856 0.0931878
0.234206 0.0495861 0.0709781 0.105985 9.99561E-05 0.358093 0.13007 9.99561E-05 9.99561E-05 9.99561E-05 0.0505824 9.99561E-05
0.517731 0.0138315 0.0377901 0.0565795 0.0109975 0.193293 0.0519189 0.0235148 0.0504592 9.99912E-05 0.00967675 0.0341075
0.309438 0.027898 0.00228432 9.99561E-05 9.99561E-05 0.138751 0.281788 9.99561E-05 0.0117993 9.99561E-05 0.227542 9.99561E-05
0.402408 9.99561E-05 9.99561E-05 0.0483406 9.99561E-05 0.0864495 0.132203 9.99561E-05 9.99561E-05 0.0596498 0.106789 0.16366
0.21887 0.00426833 0.164165 9.99649E-05 0.0520045 0.175816 0.00961596 9.99649E-05 9.99649E-05 9.99649E-05 0.0227506 0.352109
0.106423 0.0822755 0.24313 9.99561E-05 0.0401393 0.441817 9.99561E-05 0.0115386 9.99561E-05 9.99561E-05 0.0741766 9.99561E-05
0.253345 0.0355802 0.137434 9.99649E-05 0.140215 0.170774 9.99649E-05 9.99649E-05 0.187018 9.99649E-05 0.0215276 0.053706
0.0887469 0.168209 0.0865198 0.0218638 0.247448 9.99649E-05 0.286267 0.0654164 9.99649E-05 9.99649E-05 0.0351288 9.99649E-05
0.282216 9.99473E-05 9.99473E-05 9.99473E-05 0.0871727 0.403028 0.0670616 9.99473E-05 0.133849 9.99473E-05 9.99473E-05 0.0260735
0.23661 9.99562E-05 0.0821577 0.0658341 9.99562E-05 0.0586418 0.209294 9.99562E-05 0.101477 9.99562E-05 9.99562E-05 0.245485
0.277771 0.0611073 0.105626 9.99649E-05 0.00993657 0.188728 9.99649E-05 9.99649E-05 9.99649E-05 0.084224 0.034021 0.238187
0.239179 9.99561E-05 9.99561E-05 9.99561E-05 0.096827 0.0807732 0.285638 9.99561E-05 0.116485 9.99561E-05 0.171822 0.0087749
0.141358 0.159962 0.246027 9.99561E-05 0.0857363 0.126625 9.99561E-05 9.99561E-05 9.99561E-05 9.99561E-05 0.104963 0.134828
0.121228 0.0952623 0.124138 9.99561E-05 0.0289053 0.132697 9.99561E-05 9.99561E-05 9.99561E-05 9.99561E-05 0.188471 0.308798
0.233799 9.99473E-05 0.0630629 9.99473E-05 9.99473E-05 0.394407 0.124855 9.99473E-05 0.151309 9.99473E-05 0.0319663 9.99473E-05
0.0987736 9.9965E-05 0.0504238 9.9965E-05 0.0131082 0.263603 9.9965E-05 9.9965E-05 0.127181 0.210901 0.0839026 0.151707
0.298168 9.99561E-05 9.99561E-05 9.99561E-05 0.0223071 0.224663 0.157245 9.99561E-05 0.0666087 9.99561E-05 0.0778621 0.152646
0.262102 9.99562E-05 0.0798247 9.99562E-05 9.99562E-05 0.136244 0.329181 9.99562E-05 0.0121464 9.99562E-05 0.0138731 0.166129
0.10448 9.99737E-05 0.128534 0.0366043 0.149904 0.177703 0.16217 9.99737E-05 0.0747594 9.99737E-05 0.0496662 0.115879
9.99473E-05 0.0549346 0.270097 9.99473E-05 0.037584 0.203155 0.15828 9.99473E-05 9.99473E-05 9.99473E-05 9.99473E-05 0.27535
0.210719 0.0523444 0.00527744 9.99737E-05 9.99737E-05 0.0856989 0.105812 0.0572524 0.0828626 0.0849787 9.99737E-05 0.314755
0.277421 0.0474746 9.99649E-05 0.0578517 9.99649E-05 0.0450648 9.99649E-05 9.99649E-05 0.0169998 0.0702276 0.0880212 0.396539
0.36385 9.99562E-05 9.99562E-05 0.0988034 9.99562E-05 0.2087 9.99562E-05 9.99562E-05 0.0399684 0.03837 0.00864336 0.241165
0.113829 0.0667846 9.99562E-05 9.99562E-05 0.0040361 0.190254 0.0228829 9.99562E-05 9.99562E-05 9.99562E-05 0.279224 0.322489
0.162196 0.121962 0.00658338 9.99561E-05 9.99561E-05 0.249824 9.99561E-05 9.99561E-05 0.0491405 0.197433 9.99561E-05 0.212361
9.9921E-05 0.123891 9.9921E-05 9.9921E-05 9.9921E-05 0.0539776 0.821232 9.9921E-05 9.9921E-05 9.9921E-05 9.9921E-05 9.9921E-05
9.99298E-05 0.0329609 9.99298E-05 9.99298E-05 9.99298E-05 0.13232 0.486517 9.99298E-05 9.99298E-05 0.347403 9.99298E-05 9.99298E-05
9.99122E-05 9.99122E-05 9.99122E-05 9.99122E-05 9.99122E-05 0.106185 0.892815 9.99122E-05 9.99122E-05 9.99122E-05 9.99122E-05 9.99122E-05
9.99297E-05 0.0361402 0.017429 9.99297E-05 9.99297E-05 0.159048 0.786584 9.99297E-05 9.99297E-05 9.99297E-05 9.99297E-05 9.99297E-05
9.99121E-05 0.0478749 9.99121E-05 9.99121E-05 9.99121E-05 9.99121E-05 0.951126 9.99121E-05 9.99121E-05 9.99121E-05 9.99121E-05 9.99121E-05
0.0118154 0.152279 9.99298E-05 9.99298E-05 9.99298E-05 0.163412 0.671694 9.99298E-05 9.99298E-05 9.99298E-05 9.99298E-05 9.99298E-05
9.99385E-05 0.0876712 0.0634356 9.99385E-05 9.99385E-05 0.0792968 0.695121 9.99385E-05 9.99385E-05 9.99385E-05 0.0737758 9.99385E-05
9.9921E-05 0.164754 9.9921E-05 9.9921E-05 9.9921E-05 0.00814653 0.8262 9.9921E-05 9.9921E-05 9.9921E-05 9.9921E-05 9.9921E-05
0.213352 0.291137 9.99297E-05 9.99297E-05 9.99297E-05 0.0371335 0.457578 9.99297E-05 9.99297E-05 9.99297E-05 9.99297E-05 9.99297E-05
9.99297E-05 0.221602 9.99297E-05 9.99297E-05 9.99297E-05 0.289997 0.462447 9.99297E-05 9.99297E-05 9.99297E-05 0.0251547 9.99297E-05
0.256507 0.0193306 9.99298E-05 9.99298E-05 9.99298E-05 9.99298E-05 0.539993 9.99298E-05 9.99298E-05 0.18337 9.99298E-05 9.99298E-05
0.0963273 9.9921E-05 9.9921E-05 9.9921E-05 9.9921E-05 9.9921E-05 0.872333 9.9921E-05 9.9921E-05 0.0304408 9.9921E-05 9.9921E-05
9.99124E-05 0.0667059 9.99124E-05 9.99124E-05 9.99124E-05 9.99124E-05 0.932295 9.99124E-05 9.99124E-05 9.99124E-05 9.99124E-05 9.99124E-05
9.99298E-05 0.168342 9.99298E-05 9.99298E-05 9.99298E-05 0.123441 0.65183 9.99298E-05 9.99298E-05 0.0555878 9.99298E-05 9.99298E-05
9.99386E-05 0.109855 0.0538506 9.99386E-05 9.99386E-05 9.99386E-05 0.761043 9.99386E-05 0.00283223 9.99386E-05 0.0717202 9.99386E-05
0.248865 0.0168591 0.080794 9.99386E-05 9.99386E-05 0.0142118 0.638571 9.99386E-05 9.99386E-05 9.99386E-05 9.99386E-05 9.99386E-05
0.141784 0.0245696 9.99385E-05 9.99385E-05 9.99385E-05 0.111292 0.707522 0.0141324 9.99385E-05 9.99385E-05 9.99385E-05 9.99385E-05
9.99299E-05 0.158041 0.0163198 0.0395189 9.99299E-05 9.99299E-05 0.785321 9.99299E-05 9.99299E-05 9.99299E-05 9.99299E-05 9.99299E-05
9.99122E-05 9.99122E-05 0.0232669 9.99122E-05 9.99122E-05 9.99122E-05 0.975734 9.99122E-05 9.99122E-05 9.99122E-05 9.99122E-05 9.99122E-05
9.99386E-05 0.0731195 9.99386E-05 9.99386E-05 9.99386E-05 0.167682 0.511652 0.0696812 9.99386E-05 0.177166 9.99386E-05 9.99386E-05
0.0888576 0.0149388 9.99298E-05 9.99298E-05 9.99298E-05 0.0742997 0.821104 9.99298E-05 9.99298E-05 9.99298E-05 9.99298E-05 9.99298E-05
9.99122E-05 0.0294102 9.99122E-05 9.99122E-05 9.99122E-05 9.99122E-05 0.969591 9.99122E-05 9.99122E-05 9.99122E-05 9.99122E-05 9.99122E-05
0.00176509 0.245691 9.99385E-05 9.99385E-05 9.99385E-05 0.224846 0.471678 0.0553198 9.99385E-05 9.99385E-05 9.99385E-05 9.99385E-05
9.99386E-05 0.140997 0.0267618 9.99386E-05 9.99386E-05 0.0213587 0.699923 9.99386E-05 9.99386E-05 0.11026 9.99386E-05 9.99386E-05
9.99473E-05 0.249476 9.99473E-05 0.00472216 0.0942813 0.231197 0.396521 0.023203 9.99473E-05 9.99473E-05 9.99473E-05 9.99473E-05
0.0508492 0.16104 0.00317926 9.99649E-05 9.99649E-05 0.135933 0.468355 9.99649E-05 0.0237413 0.127658 0.0288444 9.99649E-05
9.99298E-05 9.99298E-05 9.99298E-05 0.130733 9.99298E-05 0.0772881 0.234602 9.99298E-05 9.99298E-05 0.556578 9.99298E-05 9.99298E-05
9.99208E-05 0.00704316 9.99208E-05 9.99208E-05 9.99208E-05 0.0842635 0.907794 9.99208E-05 9.99208E-05 9.99208E-05 9.99208E-05 9.99208E-05
0.0270804 0.233149 9.99298E-05 9.99298E-05 9.99298E-05 0.147683 0.591288 9.99298E-05 9.99298E-05 9.99298E-05 9.99298E-05 9.99298E-05
9.99299E-05 0.0214482 9.99299E-05 9.99299E-05 9.99299E-05 0.103704 0.82995 0.0440981 9.99299E-05 9.99299E-05 9.99299E-05 9.99299E-05
9.99298E-05 0.0234776 0.00865247 9.99298E-05 9.99298E-05 0.184421 0.78265 9.99298E-05 9.99298E-05 9.99298E-05 9.99298E-05 9.99298E-05
9.99122E-05 9.99122E-05 9.99122E-05 9.99122E-05 9.99122E-05 0.0298818 0.969119 9.99122E-05 9.99122E-05 9.99122E-05 9.99122E-05 9.99122E-05
9.99296E-05 0.293731 9.99296E-05 9.99296E-05 9.99296E-05 0.136204 0.386483 0.182782 9.99296E-05 9.99296E-05 9.99296E-05 9.99296E-05
9.99297E-05 9.99297E-05 0.0304962 9.99297E-05 9.99297E-05 0.0360734 0.899352 0.033279 9.99297E-05 9.99297E-05 9.99297E-05 9.99297E-05
9.99122E-05 9.99122E-05 9.99122E-05 9.99122E-05 9.99122E-05 0.0283842 0.970617 9.99122E-05 9.99122E-05 9.99122E-05 9.99122E-05 9.99122E-05
0.0361212 0.0300682 0.036017 9.99473E-05 9.99473E-05 9.99473E-05 0.799831 9.99473E-05 0.029257 0.0681062 9.99473E-05 9.99473E-05
9.99297E-05 0.070761 0.030822 9.99297E-05 9.99297E-05 0.197586 0.700032 9.99297E-05 9.99297E-05 9.99297E-05 9.99297E-05 9.99297E-05
9.99473E-05 0.110938 0.00175381 9.99473E-05 0.126494 9.99473E-05 0.324758 9.99473E-05 9.99473E-05 0.411247 0.0242093 9.99473E-05
9.99298E-05 9.99298E-05 9.99298E-05 9.99298E-05 9.99298E-05 0.0522975 0.735859 0.0223477 9.99298E-05 0.188696 9.99298E-05 9.99298E-05
9.99124E-05 9.99124E-05 9.99124E-05 9.99124E-05 9.99124E-05 9.99124E-05 0.822764 9.99124E-05 9.99124E-05 0.176237 9.99124E-05 9.99124E-05
9.99123E-05 9.99123E-05 9.99123E-05 9.99123E-05 9.99123E-05 9.99123E-05 0.684544 9.99123E-05 9.99123E-05 0.314457 9.99123E-05 9.99123E-05
0.00969037 0.148588 0.0896295 0.00199372 9.99473E-05 0.289198 0.4603 9.99473E-05 9.99473E-05 9.99473E-05 9.99473E-05 9.99473E-05
9.9921E-05 0.100682 9.9921E-05 9.9921E-05 0.0449179 9.9921E-05 0.853501 9.9921E-05 9.9921E-05 9.9921E-05 9.9921E-05 9.9921E-05
9.99385E-05 0.134715 9.99385E-05 9.99385E-05 9.99385E-05 0.0958242 0.259089 0.0440962 9.99385E-05 0.465577 9.99385E-05 9.99385E-05
9.9921E-05 9.9921E-05 9.9921E-05 9.9921E-05 9.9921E-05 0.0540755 0.532805 9.9921E-05 9.9921E-05 0.412221 9.9921E-05 9.9921E-05
0.0916796 0.155718 9.99297E-05 9.99297E-05 9.99297E-05 9.99297E-05 0.67855 0.0732534 9.99297E-05 9.99297E-05 9.99297E-05 9.99297E-05
9.99474E-05 0.104388 0.0156472 9.99474E-05 9.99474E-05 0.136822 0.673701 9.99474E-05 9.99474E-05 0.0632006 0.00564141 9.99474E-05
0.188234 0.0827625 9.99474E-05 0.0404223 9.99474E-05 0.00409024 0.615942 9.99474E-05 0.067949 9.99474E-05 9.99474E-05 9.99474E-05
9.99298E-05 0.214833 0.00836601 9.99298E-05 9.99298E-05 0.280014 0.495988 9.99298E-05 9.99298E-05 9.99298E-05 9.99298E-05 9.99298E-05
9.99298E-05 9.99298E-05 9.99298E-05 9.99298E-05 9.99298E-05 0.00029433 0.655799 0.00200094 9.99298E-05 0.341107 9.99298E-05 9.99298E-05
9.99385E-05 9.99385E-05 9.99385E-05 9.99385E-05 0.0479002 0.138233 0.760579 0.0016815 0.050907 9.99385E-05 9.99385E-05 9.99385E-05
9.99298E-05 0.138007 9.99298E-05 9.99298E-05 9.99298E-05 0.0562873 0.387801 9.99298E-05 9.99298E-05 0.417105 9.99298E-05 9.99298E-05
9.99386E-05 0.101184 9.99386E-05 9.99386E-05 9.99386E-05 0.103053 0.655599 9.99386E-05 9.99386E-05 0.120714 0.0187508 9.99386E-05
9.99122E-05 9.99122E-05 9.99122E-05 9.99122E-05 9.99122E-05 9.99122E-05 0.955555 9.99122E-05 0.0434458 9.99122E-05 9.99122E-05 9.99122E-05
9.99209E-05 9.99209E-05 0.0306686 9.99209E-05 9.99209E-05 9.99209E-05 0.928166 9.99209E-05 9.99209E-05 9.99209E-05 0.0402663 9.99209E-05
0.109186 0.168312 9.99297E-05 9.99297E-05 9.99297E-05 0.179966 0.541737 9.99297E-05 9.99297E-05 9.99297E-05 9.99297E-05 9.99297E-05
9.99209E-05 0.131111 9.99209E-05 9.99209E-05 9.99209E-05 0.0670615 0.800928 9.99209E-05 9.99209E-05 9.99209E-05 9.99209E-05 9.99209E-05
9.99209E-05 9.99209E-05 0.0243569 9.99209E-05 9.99209E-05 0.00744579 0.967298 9.99209E-05 9.99209E-05 9.99209E-05 9.99209E-05 9.99209E-05
9.99385E-05 0.0220363 9.99385E-05 9.99385E-05 9.99385E-05 0.0728809 0.791336 0.0803184 9.99385E-05 0.0327291 9.99385E-05 9.99385E-05
9.99211E-05 0.206907 9.99211E-05 9.99211E-05 9.99211E-05 9.99211E-05 0.697916 9.99211E-05 9.99211E-05 0.0942781 9.99211E-05 9.99211E-05
9.99032E-05 9.99032E-05 9.99032E-05 9.99032E-05 9.99032E-05 0.998901 9.99032E-05 9.99032E-05 9.99032E-05 9.99032E-05 9.99032E-05 9.99032E-05
9.99032E-05 0.998901 9.99032E-05 9.99032E-05 9.99032E-05 9.99032E-05 9.99032E-05 9.99032E-05 9.99032E-05 9.99032E-05 9.99032E-05 9.99032E-05
9.99032E-05 9.99032E-05 9.99032E-05 9.99032E-05 9.99032E-05 0.998901 9.99032E-05 9.99032E-05 9.99032E-05 9.99032E-05 9.99032E-05 9.99032E-05
9.99032E-05 0.998901 9.99032E-05 9.99032E-05 9.99032E-05 9.99032E-05 9.99032E-05 9.99032E-05 9.99032E-05 9.99032E-05 9.99032E-05 9.99032E-05
9.99033E-05 0.998901 9.99033E-05 9.99033E-05 9.99033E-05 9.99033E-05 9.99033E-05 9.99033E-05 9.99033E-05 9.99033E-05 9.99033E-05 9.99033E-05
9.99033E-05 0.998901 9.99033E-05 9.99033E-05 9.99033E-05 9.99033E-05 9.99033E-05 9.99033E-05 9.99033E-05 9.99033E-05 9.99033E-05 9.99033E-05
9.99032E-05 9.99032E-05 9.99032E-05 9.99032E-05 9.99032E-05 0.998901 9.99032E-05 9.99032E-05 9.99032E-05 9.99032E-05 9.99032E-05 9.99032E-05
9.99032E-05 0.998901 9.99032E-05 9.99032E-05 9.99032E-05 9.99032E-05 9.99032E-05 9.99032E-05 9.99032E-05 9.99032E-05 9.99032E-05 9.99032E-05
9.99033E-05 0.998901 9.99033E-05 9.99033E-05 9.99033E-05 9.99033E-05 9.99033E-05 9.99033E-05 9.99033E-05 9.99033E-05 9.99033E-05 9.99033E-05
9.99032E-05 9.99032E-05 9.99032E-05 9.99032E-05 9.99032E-05 0.998901 9.99032E-05 9.99032E-05 9.99032E-05 9.99032E-05 9.99032E-05 9.99032E-05
9.99032E-05 9.99032E-05 9.99032E-05 9.99032E-05 9.99032E-05 0.998901 9.99032E-05 9.99032E-05 9.99032E-05 9.99032E-05 9.99032E-05 9.99032E-05
9.99031E-05 9.99031E-05 9.99031E-05 9.99031E-05 9.99031E-05 0.998901 9.99031E-05 9.99031E-05 9.99031E-05 9.99031E-05 9.99031E-05 9.99031E-05
9.99032E-05 0.998901 9.99032E-05 9.99032E-05 9.99032E-05 9.99032E-05 9.99032E-05 9.99032E-05 9.99032E-05 9.99032E-05 9.99032E-05 9.99032E-05
9.99033E-05 0.998901 9.99033E-05 9.99033E-05 9.99033E-05 9.99033E-05 9.99033E-05 9.99033E-05 9.99033E-05 9.99033E-05 9.99033E-05 9.99033E-05
9.99032E-05 9.99032E-05 9.99032E-05 9.99032E-05 9.99032E-05 0.998901 9.99032E-05 9.99032E-05 9.99032E-05 9.99032E-05 9.99032E-05 9.99032E-05
9.99032E-05 9.99032E-05 9.99032E-05 9.99032E-05 9.99032E-05 0.998901 9.99032E-05 9.99032E-05 9.99032E-05 9.99032E-05 9.99032E-05 9.99032E-05
9.9956E-05 0.0436606 9.9956E-05 0.10804 0.0270634 0.0594121 0.635377 0.0689409 0.0570053 9.9956E-05 9.9956E-05 9.9956E-05
9.99033E-05 9.99033E-05 9.99033E-05 9.99033E-05 9.99033E-05 0.998901 9.99033E-05 9.99033E-05 9.99033E-05 9.99033E-05 9.99033E-05 9.99033E-05
9.99032E-05 0.998901 9.99032E-05 9.99032E-05 9.99032E-05 9.99032E-05 9.99032E-05 9.99032E-05 9.99032E-05 9.99032E-05 9.99032E-05 9.99032E-05
9.99032E-05 9.99032E-05 9.99032E-05 9.99032E-05 9.99032E-05 0.998901 9.99032E-05 9.99032E-05 9.99032E-05 9.99032E-05 9.99032E-05 9.99032E-05
9.99032E-05 9.99032E-05 9.99032E-05 9.99032E-05 9.99032E-05 0.998901 9.99032E-05 9.99032E-05 9.99032E-05 9.99032E-05 9.99032E-05 9.99032E-05
9.99032E-05 9.99032E-05 9.99032E-05 9.99032E-05 9.99032E-05 0.998901 9.99032E-05 9.99032E-05 9.99032E-05 9.99032E-05 9.99032E-05 9.99032E-05
9.99033E-05 0.998901 9.99033E-05 9.99033E-05 9.99033E-05 9.99033E-05 9.99033E-05 9.99033E-05 9.99033E-05 9.99033E-05 9.99033E-05 9.99033E-05
9.99032E-05 9.99032E-05 9.99032E-05 9.99032E-05 9.99032E-05 0.998901 9.99032E-05 9.99032E-05 9.99032E-05 9.99032E-05 9.99032E-05 9.99032E-05
9.99032E-05 0.998901 9.99032E-05 9.99032E-05 9.99032E-05 9.99032E-05 9.99032E-05 9.99032E-05 9.99032E-05 9.99032E-05 9.99032E-05 9.99032E-05
9.99032E-05 9.99032E-05 9.99032E-05 9.99032E-05 9.99032E-05 0.998901 9.99032E-05 9.99032E-05 9.99032E-05 9.99032E-05 9.99032E-05 9.99032E-05
9.99032E-05 9.99032E-05 9.99032E-05 9.99032E-05 9.99032E-05 0.998901 9.99032E-05 9.99032E-05 9.99032E-05 9.99032E-05 9.99032E-05 9.99032E-05
9.99032E-05 0.998901 9.99032E-05 9.99032E-05 9.99032E-05 9.99032E-05 9.99032E-05 9.99032E-05 9.99032E-05 9.99032E-05 9.99032E-05 9.99032E-05
9.99032E-05 0.998901 9.99032E-05 9.99032E-05 9.99032E-05 9.99032E-05 9.99032E-05 9.99032E-05 9.99032E-05 9.99032E-05 9.99032E-05 9.99032E-05
9.99032E-05 0.998901 9.99032E-05 9.99032E-05 9.99032E-05 9.99032E-05 9.99032E-05 9.99032E-05 9.99032E-05 9.99032E-05 9.99032E-05 9.99032E-05
9.99032E-05 9.99032E-05 9.99032E-05 9.99032E-05 9.99032E-05 0.998901 9.99032E-05 9.99032E-05 9.99032E-05 9.99032E-05 9.99032E-05 9.99032E-05
9.99033E-05 9.99033E-05 9.99033E-05 9.99033E-05 9.99033E-05 0.998901 9.99033E-05 9.99033E-05 9.99033E-05 9.99033E-05 9.99033E-05 9.99033E-05
9.99032E-05 9.99032E-05 9.99032E-05 9.99032E-05 9.99032E-05 0.998901 9.99032E-05 9.99032E-05 9.99032E-05 9.99032E-05 9.99032E-05 9.99032E-05
9.99032E-05 9.99032E-05 9.99032E-05 9.99032E-05 9.99032E-05 0.998901 9.99032E-05 9.99032E-05 9.99032E-05 9.99032E-05 9.99032E-05 9.99032E-05
9.99032E-05 9.99032E-05 9.99032E-05 9.99032E-05 9.99032E-05 0.998901 9.99032E-05 9.99032E-05 9.99032E-05 9.99032E-05 9.99032E-05 9.99032E-05
9.99032E-05 0.998901 9.99032E-05 9.99032E-05 9.99032E-05 9.99032E-05 9.99032E-05 9.99032E-05 9.99032E-05 9.99032E-05 9.99032E-05 9.99032E-05
9.99033E-05 0.998901 9.99033E-05 9.99033E-05 9.99033E-05 9.99033E-05 9.99033E-05 9.99033E-05 9.99033E-05 9.99033E-05 9.99033E-05 9.99033E-05
9.99032E-05 0.998901 9.99032E-05 9.99032E-05 9.99032E-05 9.99032E-05 9.99032E-05 9.99032E-05 9.99032E-05 9.99032E-05 9.99032E-05 9.99032E-05
9.99032E-05 9.99032E-05 9.99032E-05 9.99032E-05 9.99032E-05 0.998901 9.99032E-05 9.99032E-05 9.99032E-05 9.99032E-05 9.99032E-05 9.99032E-05
9.99032E-05 0.998901 9.99032E-05 9.99032E-05 9.99032E-05 9.99032E-05 9.99032E-05 9.99032E-05 9.99032E-05 9.99032E-05 9.99032E-05 9.99032E-05
9.99032E-05 0.998901 9.99032E-05 9.99032E-05 9.99032E-05 9.99032E-05 9.99032E-05 9.99032E-05 9.99032E-05 9.99032E-05 9.99032E-05 9.99032E-05
9.99032E-05 0.998901 9.99032E-05 9.99032E-05 9.99032E-05 9.99032E-05 9.99032E-05 9.99032E-05 9.99032E-05 9.99032E-05 9.99032E-05 9.99032E-05
9.99032E-05 0.998901 9.99032E-05 9.99032E-05 9.99032E-05 9.99032E-05 9.99032E-05 9.99032E-05 9.99032E-05 9.99032E-05 9.99032E-05 9.99032E-05
9.99032E-05 9.99032E-05 9.99032E-05 9.99032E-05 9.99032E-05 0.998901 9.99032E-05 9.99032E-05 9.99032E-05 9.99032E-05 9.99032E-05 9.99032E-05
9.99032E-05 0.998901 9.99032E-05 9.99032E-05 9.99032E-05 9.99032E-05 9.99032E-05 9.99032E-05 9.99032E-05 9.99032E-05 9.99032E-05 9.99032E-05
9.99032E-05 0.998901 9.99032E-05 9.99032E-05 9.99032E-05 9.99032E-05 9.99032E-05 9.99032E-05 9.99032E-05 9.99032E-05 9.99032E-05 9.99032E-05
9.99473E-05 0.0159888 9.99473E-05 0.0387135 9.99473E-05 0.113729 0.70864 0.094727 0.0276023 9.99473E-05 9.99473E-05 9.99473E-05
9.99033E-05 9.99033E-05 9.99033E-05 9.99033E-05 9.99033E-05 0.998901 9.99033E-05 9.99033E-05 9.99033E-05 9.99033E-05 9.99033E-05 9.99033E-05
9.99032E-05 0.998901 9.99032E-05 9.99032E-05 9.99032E-05 9.99032E-05 9.99032E-05 9.99032E-05 9.99032E-05 9.99032E-05 9.99032E-05 9.99032E-05
9.99032E-05 0.998901 9.99032E-05 9.99032E-05 9.99032E-05 9.99032E-05 9.99032E-05 9.99032E-05 9.99032E-05 9.99032E-05 9.99032E-05 9.99032E-05
9.99032E-05 0.998901 9.99032E-05 9.99032E-05 9.99032E-05 9.99032E-05 9.99032E-05 9.99032E-05 9.99032E-05 9.99032E-05 9.99032E-05 9.99032E-05
9.99033E-05 0.998901 9.99033E-05 9.99033E-05 9.99033E-05 9.99033E-05 9.99033E-05 9.99033E-05 9.99033E-05 9.99033E-05 9.99033E-05 9.99033E-05
9.99032E-05 9.99032E-05 9.99032E-05 9.99032E-05 9.99032E-05 0.998901 9.99032E-05 9.99032E-05 9.99032E-05 9.99032E-05 9.99032E-05 9.99032E-05
9.99033E-05 0.998901 9.99033E-05 9.99033E-05 9.99033E-05 9.99033E-05 9.99033E-05 9.99033E-05 9.99033E-05 9.99033E-05 9.99033E-05 9.99033E-05
9.99032E-05 9.99032E-05 9.99032E-05 9.99032E-05 9.99032E-05 0.998901 9.99032E-05 9.99032E-05 9.99032E-05 9.99032E-05 9.99032E-05 9.99032E-05
9.99032E-05 0.998901 9.99032E-05 9.99032E-05 9.99032E-05 9.99032E-05 9.99032E-05 9.99032E-05 9.99032E-05 9.99032E-05 9.99032E-05 9.99032E-05
9.99032E-05 9.99032E-05 9.99032E-05 9.99032E-05 9.99032E-05 0.998901 9.99032E-05 9.99032E-05 9.99032E-05 9.99032E-05 9.99032E-05 9.99032E-05
9.99032E-05 0.998901 9.99032E-05 9.99032E-05 9.99032E-05 9.99032E-05 9.99032E-05 9.99032E-05 9.99032E-05 9.99032E-05 9.99032E-05 9.99032E-05
9.99032E-05 0.998901 9.99032E-05 9.99032E-05 9.99032E-05 9.99032E-05 9.99032E-05 9.99032E-05 9.99032E-05 9.99032E-05 9.99032E-05 9.99032E-05
9.99032E-05 0.998901 9.99032E-05 9.99032E-05 9.99032E-05 9.99032E-05 9.99032E-05 9.99032E-05 9.99032E-05 9.99032E-05 9.99032E-05 9.99032E-05
9.99033E-05 0.998901 9.99033E-05 9.99033E-05 9.99033E-05 9.99033E-05 9.99033E-05 9.99033E-05 9.99033E-05 9.99033E-05 9.99033E-05 9.99033E-05
9.99032E-05 0.998901 9.99032E-05 9.99032E-05 9.99032E-05 9.99032E-05 9.99032E-05 9.99032E-05 9.99032E-05 9.99032E-05 9.99032E-05 9.99032E-05
9.99032E-05 0.998901 9.99032E-05 9.99032E-05 9.99032E-05 9.99032E-05 9.99032E-05 9.99032E-05 9.99032E-05 9.99032E-05 9.99032E-05 9.99032E-05
9.99032E-05 9.99032E-05 9.99032E-05 9.99032E-05 9.99032E-05 0.998901 9.99032E-05 9.99032E-05 9.99032E-05 9.99032E-05 9.99032E-05 9.99032E-05
9.99031E-05 9.99031E-05 9.99031E-05 9.99031E-05 9.99031E-05 0.998901 9.99031E-05 9.99031E-05 9.99031E-05 9.99031E-05 9.99031E-05 9.99031E-05
9.99032E-05 9.99032E-05 9.99032E-05 9.99032E-05 9.99032E-05 0.998901 9.99032E-05 9.99032E-05 9.99032E-05 9.99032E-05 9.99032E-05 9.99032E-05
9.99033E-05 0.998901 9.99033E-05 9.99033E-05 9.99033E-05 9.99033E-05 9.99033E-05 9.99033E-05 9.99033E-05 9.99033E-05 9.99033E-05 9.99033E-05
9.99032E-05 9.99032E-05 9.99032E-05 9.99032E-05 9.99032E-05 0.998901 9.99032E-05 9.99032E-05 9.99032E-05 9.99032E-05 9.99032E-05 9.99032E-05
9.99032E-05 9.99032E-05 9.99032E-05 9.99032E-05 9.99032E-05 0.998901 9.99032E-05 9.99032E-05 9.99032E-05 9.99032E-05 9.99032E-05 9.99032E-05
9.99032E-05 9.99032E-05 9.99032E-05 9.99032E-05 9.99032E-05 0.998901 9.99032E-05 9.99032E-05 9.99032E-05 9.99032E-05 9.99032E-05 9.99032E-05
9.99032E-05 0.998901 9.99032E-05 9.99032E-05 9.99032E-05 9.99032E-05 9.99032E-05 9.99032E-05 9.99032E-05 9.99032E-05 9.99032E-05 9.99032E-05
9.99032E-05 0.998901 9.99032E-05 9.99032E-05 9.99032E-05 9.99032E-05 9.99032E-05 9.99032E-05 9.99032E-05 9.99032E-05 9.99032E-05 9.99032E-05
9.99032E-05 0.998901 9.99032E-05 9.99032E-05 9.99032E-05 9.99032E-05 9.99032E-05 9.99032E-05 9.99032E-05 9.99032E-05 9.99032E-05 9.99032E-05
9.99032E-05 9.99032E-05 9.99032E-05 9.99032E-05 9.99032E-05 0.998901 9.99032E-05 9.99032E-05 9.99032E-05 9.99032E-05 9.99032E-05 9.99032E-05
9.99033E-05 0.998901 9.99033E-05 9.99033E-05 9.99033E-05 9.99033E-05 9.99033E-05 9.99033E-05 9.99033E-05 9.99033E-05 9.99033E-05 9.99033E-05
9.99033E-05 0.998901 9.99033E-05 9.99033E-05 9.99033E-05 9.99033E-05 9.99033E-05 9.99033E-05 9.99033E-05 9.99033E-05 9.99033E-05 9.99033E-05
9.99032E-05 9.99032E-05 9.99032E-05 9.99032E-05 9.99032E-05 0.998901 9.99032E-05 9.99032E-05 9.99032E-05 9.99032E-05 9.99032E-05 9.99032E-05
9.99033E-05 0.998901 9.99033E-05 9.99033E-05 9.99033E-05 9.99033E-05 9.99033E-05 9.99033E-05 9.99033E-05 9.99033E-05 9.99033E-05 9.99033E-05
9.99033E-05 0.998901 9.99033E-05 9.99033E-05 9.99033E-05 9.99033E-05 9.99033E-05 9.99033E-05 9.99033E-05 9.99033E-05 9.99033E-05 9.99033E-05
0.0500131 0.144204 0.104834 9.9956E-05 9.9956E-05 0.157211 0.476084 9.9956E-05 0.0108316 9.9956E-05 0.0563217 9.9956E-05
9.99031E-05 9.99031E-05 9.99031E-05 9.99031E-05 9.99031E-05 0.998901 9.99031E-05 9.99031E-05 9.99031E-05 9.99031E-05 9.99031E-05 9.99031E-05
9.99032E-05 0.998901 9.99032E-05 9.99032E-05 9.99032E-05 9.99032E-05 9.99032E-05 9.99032E-05 9.99032E-05 9.99032E-05 9.99032E-05 9.99032E-05
9.99298E-05 0.359095 0.0341822 0.0284886 9.99298E-05 9.99298E-05 0.577435 9.99298E-05 9.99298E-05 9.99298E-05 9.99298E-05 9.99298E-05
9.99385E-05 0.226465 9.99385E-05 9.99385E-05 0.0311392 0.100288 0.601518 0.0398897 9.99385E-05 9.99385E-05 9.99385E-05 9.99385E-05
9.99209E-05 0.0716145 9.99209E-05 9.99209E-05 9.99209E-05 0.185487 0.742 9.99209E-05 9.99209E-05 9.99209E-05 9.99209E-05 9.99209E-05
9.99208E-05 9.99208E-05 9.99208E-05 9.99208E-05 9.99208E-05 0.0949652 0.859623 9.99208E-05 9.99208E-05 9.99208E-05 0.0445124 9.99208E-05
9.99209E-05 0.196914 9.99209E-05 9.99209E-05 9.99209E-05 0.147253 0.654933 9.99209E-05 9.99209E-05 9.99209E-05 9.99209E-05 9.99209E-05
9.99211E-05 0.114375 9.99211E-05 9.99211E-05 9.99211E-05 9.99211E-05 0.55623 9.99211E-05 9.99211E-05 0.328495 9.99211E-05 9.99211E-05
9.99298E-05 0.282193 9.99298E-05 9.99298E-05 9.99298E-05 0.208787 0.479849 0.0283703 9.99298E-05 9.99298E-05 9.99298E-05 9.99298E-05
9.99561E-05 0.143531 0.024895 0.0123407 9.99561E-05 0.0249055 0.667669 9.99561E-05 0.0212322 9.99561E-05 0.104927 9.99561E-05
9.99297E-05 0.198299 9.99297E-05 9.99297E-05 9.99297E-05 0.0157596 0.590589 9.99297E-05 9.99297E-05 0.194553 9.99297E-05 9.99297E-05
9.99297E-05 9.99297E-05 9.99297E-05 0.0743268 0.0130343 0.101911 0.809929 9.99297E-05 9.99297E-05 9.99297E-05 9.99297E-05 9.99297E-05
9.99385E-05 0.0582739 0.0553792 9.99385E-05 9.99385E-05 0.189439 0.585137 9.99385E-05 9.99385E-05 0.111071 9.99385E-05 9.99385E-05
9.99122E-05 0.592107 9.99122E-05 9.99122E-05 9.99122E-05 9.99122E-05 0.406894 9.99122E-05 9.99122E-05 9.99122E-05 9.99122E-05 9.99122E-05
0.0190828 0.223831 9.99385E-05 9.99385E-05 9.99385E-05 0.213343 0.451716 9.99385E-05 0.0913272 9.99385E-05 9.99385E-05 9.99385E-05
9.99121E-05 9.99121E-05 9.99121E-05 9.99121E-05 9.99121E-05 9.99121E-05 0.969219 9.99121E-05 9.99121E-05 9.99121E-05 0.0297818 9.99121E-05
9.99297E-05 0.0382992 0.00174061 9.99297E-05 9.99297E-05 0.123624 0.835537 9.99297E-05 9.99297E-05 9.99297E-05 9.99297E-05 9.99297E-05
0.077161 0.230608 0.0402191 9.99473E-05 0.0203876 0.15495 0.476074 9.99473E-05 9.99473E-05 9.99473E-05 9.99473E-05 9.99473E-05
9.99403E-05 0.142965 9.99403E-05 9.99403E-05 9.99403E-05 0.0218476 0.734069 0.0626133 9.99403E-05 0.0378055 9.99403E-05 9.99403E-05
9.99473E-05 9.99473E-05 0.0846758 0.004693 9.99473E-05 0.309276 0.525274 9.99473E-05 0.0639376 9.99473E-05 0.0115437 9.99473E-05
0.147826 0.0243805 9.99297E-05 9.99297E-05 9.99297E-05 9.99297E-05 0.755155 0.0718388 9.99297E-05 9.99297E-05 9.99297E-05 9.99297E-05
9.9921E-05 0.111831 9.9921E-05 9.9921E-05 9.9921E-05 0.161906 0.725364 9.9921E-05 9.9921E-05 9.9921E-05 9.9921E-05 9.9921E-05
9.99297E-05 0.0790919 9.99297E-05 9.99297E-05 0.0371748 0.0260814 0.856853 9.99297E-05 9.99297E-05 9.99297E-05 9.99297E-05 9.99297E-05
9.9921E-05 0.1379 9.9921E-05 9.9921E-05 9.9921E-05 9.9921E-05 0.854897 9.9921E-05 0.00630413 9.9921E-05 9.9921E-05 9.9921E-05
9.99473E-05 0.127914 9.99473E-05 9.99473E-05 9.99473E-05 0.0744285 0.698002 0.0214321 0.0706923 9.99473E-05 0.00693065 9.99473E-05
9.99209E-05 0.0779418 9.99209E-05 9.99209E-05 9.99209E-05 0.00711619 0.914043 9.99209E-05 9.99209E-05 9.99209E-05 9.99209E-05 9.99209E-05
9.99033E-05 9.99033E-05 9.99033E-05 9.99033E-05 9.99033E-05 9.99033E-05 0.998901 9.99033E-05 9.99033E-05 9.99033E-05 9.99033E-05 9.99033E-05
9.99209E-05 0.0508722 9.99209E-05 9.99209E-05 9.99209E-05 9.99209E-05 0.408812 9.99209E-05 9.99209E-05 0.539417 9.99209E-05 9.99209E-05
9.99209E-05 0.0160674 9.99209E-05 9.99209E-05 9.99209E-05 0.0848867 0.898147 9.99209E-05 9.99209E-05 9.99209E-05 9.99209E-05 9.99209E-05
9.99297E-05 0.152072 9.99297E-05 0.0839754 9.99297E-05 0.201184 0.561969 9.99297E-05 9.99297E-05 9.99297E-05 9.99297E-05 9.99297E-05
9.99296E-05 9.99296E-05 9.99296E-05 9.99296E-05 9.99296E-05 0.0215515 0.897755 0.0294511 9.99296E-05 9.99296E-05 0.050443 9.99296E-05
9.99385E-05 0.0781471 9.99385E-05 9.99385E-05 9.99385E-05 0.00596586 0.735374 0.0643307 9.99385E-05 9.99385E-05 0.115483 9.99385E-05
9.99385E-05 0.307297 0.00637922 9.99385E-05 0.0847957 0.0948216 0.506007 9.99385E-05 9.99385E-05 9.99385E-05 9.99385E-05 9.99385E-05
9.99298E-05 0.212158 9.99298E-05 9.99298E-05 9.99298E-05 0.0781199 0.698228 9.99298E-05 9.99298E-05 0.0106946 9.99298E-05 9.99298E-05
0.131781 0.116271 9.99473E-05 9.99473E-05 9.99473E-05 0.0236768 0.646131 0.0678458 9.99473E-05 9.99473E-05 0.0136944 9.99473E-05
9.99297E-05 0.131121 9.99297E-05 9.99297E-05 0.0733167 0.242908 0.551854 9.99297E-05 9.99297E-05 9.99297E-05 9.99297E-05 9.99297E-05
9.99384E-05 0.0509813 9.99384E-05 9.99384E-05 0.0395203 0.142055 0.709444 9.99384E-05 0.0572993 9.99384E-05 9.99384E-05 9.99384E-05
9.99122E-05 9.99122E-05 9.99122E-05 9.99122E-05 9.99122E-05 0.171696 0.827305 9.99122E-05 9.99122E-05 9.99122E-05 9.99122E-05 9.99122E-05
9.99121E-05 9.99121E-05 9.99121E-05 9.99121E-05 9.99121E-05 9.99121E-05 0.505469 9.99121E-05 9.99121E-05 0.493531 9.99121E-05 9.99121E-05
9.99384E-05 9.99384E-05 0.0645243 9.99384E-05 9.99384E-05 0.147174 0.704844 9.99384E-05 0.0797794 9.99384E-05 0.00297917 9.99384E-05
9.99298E-05 9.99298E-05 0.0699223 9.99298E-05 9.99298E-05 0.025046 0.859835 9.99298E-05 0.0443972 9.99298E-05 9.99298E-05 9.99298E-05
9.99472E-05 0.167201 9.99472E-05 9.99472E-05 0.0564149 0.0565067 0.58243 0.0996226 9.99472E-05 9.99472E-05 0.0372255 9.99472E-05
9.99209E-05 0.0197325 9.99209E-05 9.99209E-05 9.99209E-05 0.189781 0.789587 9.99209E-05 9.99209E-05 9.99209E-05 9.99209E-05 9.99209E-05
9.99298E-05 9.99298E-05 9.99298E-05 0.113757 0.000326836 0.0138612 0.871255 9.99298E-05 9.99298E-05 9.99298E-05 9.99298E-05 9.99298E-05
9.99385E-05 0.12075 9.99385E-05 0.125685 0.0260946 0.0890128 0.637759 9.99385E-05 9.99385E-05 9.99385E-05 9.99385E-05 9.99385E-05
9.9921E-05 0.496079 9.9921E-05 9.9921E-05 9.9921E-05 9.9921E-05 0.493605 9.9921E-05 9.9921E-05 9.9921E-05 0.00941606 9.9921E-05
9.99297E-05 0.296822 9.99297E-05 9.99297E-05 9.99297E-05 0.312565 0.376374 9.99297E-05 9.99297E-05 9.99297E-05 0.0134394 9.99297E-05
9.99208E-05 0.0395792 9.99208E-05 9.99208E-05 9.99208E-05 0.0350647 0.924457 9.99208E-05 9.99208E-05 9.99208E-05 9.99208E-05 9.99208E-05
9.99121E-05 9.99121E-05 9.99121E-05 9.99121E-05 9.99121E-05 9.99121E-05 0.644164 9.99121E-05 9.99121E-05 0.354837 9.99121E-05 9.99121E-05
9.99121E-05 0.150899 9.99121E-05 9.99121E-05 9.99121E-05 9.99121E-05 0.848102 9.99121E-05 9.99121E-05 9.99121E-05 9.99121E-05 9.99121E-05
9.99122E-05 9.99122E-05 9.99122E-05 9.99122E-05 9.99122E-05 9.99122E-05 0.68906 9.99122E-05 9.99122E-05 0.30994 9.99122E-05 9.99122E-05
0.0889546 0.169392 0.0318418 9.99473E-05 9.99473E-05 0.170721 0.469551 9.99473E-05 0.0689398 9.99473E-05 9.99473E-05 9.99473E-05
0.0862545 9.9921E-05 9.9921E-05 9.9921E-05 9.9921E-05 9.9921E-05 0.506253 9.9921E-05 9.9921E-05 0.406593 9.9921E-05 9.9921E-05
9.9921E-05 9.9921E-05 0.00871139 9.9921E-05 9.9921E-05 0.259651 0.730738 9.9921E-05 9.9921E-05 9.9921E-05 9.9921E-05 9.9921E-05
0.213777 9.99297E-05 0.0819496 9.99297E-05 9.99297E-05 0.144926 0.558548 9.99297E-05 9.99297E-05 9.99297E-05 9.99297E-05 9.99297E-05
0.235281 0.11781 9.99297E-05 9.99297E-05 9.99297E-05 0.00786033 0.638249 9.99297E-05 9.99297E-05 9.99297E-05 9.99297E-05 9.99297E-05
9.9921E-05 0.0505083 9.9921E-05 9.9921E-05 0.0382555 9.9921E-05 0.910337 9.9921E-05 9.9921E-05 9.9921E-05 9.9921E-05 9.9921E-05
9.99122E-05 0.248494 9.99122E-05 9.99122E-05 9.99122E-05 9.99122E-05 0.750507 9.99122E-05 9.99122E-05 9.99122E-05 9.99122E-05 9.99122E-05
0.0273534 0.0139782 0.0326577 9.99473E-05 9.99473E-05 0.192202 0.211115 9.99473E-05 9.99473E-05 0.522094 9.99473E-05 9.99473E-05
9.99385E-05 0.168185 0.0160394 9.99385E-05 9.99385E-05 0.0386305 0.656969 9.99385E-05 9.99385E-05 0.119477 9.99385E-05 9.99385E-05
9.9921E-05 0.13522 9.9921E-05 9.9921E-05 9.9921E-05 0.154899 0.708982 9.9921E-05 9.9921E-05 9.9921E-05 9.9921E-05 9.9921E-05
0.123368 0.19898 9.99386E-05 9.99386E-05 9.99386E-05 0.146015 0.446671 9.99386E-05 9.99386E-05 0.0842669 9.99386E-05 9.99386E-05
9.9921E-05 9.9921E-05 9.9921E-05 9.9921E-05 9.9921E-05 0.0916926 0.609142 9.9921E-05 9.9921E-05 0.298267 9.9921E-05 9.9921E-05
9.99298E-05 0.0949192 9.99298E-05 9.99298E-05 0.0349244 9.99298E-05 0.483339 9.99298E-05 9.99298E-05 0.386018 9.99298E-05 9.99298E-05
9.99474E-05 9.99474E-05 0.0314765 0.0137128 9.99474E-05 0.218708 0.122867 0.0966412 9.99474E-05 0.515994 9.99474E-05 9.99474E-05
9.99298E-05 0.0754566 0.0320208 9.99298E-05 9.99298E-05 0.11808 0.773643 9.99298E-05 9.99298E-05 9.99298E-05 9.99298E-05 9.99298E-05
9.99209E-05 0.0888964 9.99209E-05 9.99209E-05 9.99209E-05 9.99209E-05 0.894316 0.0158886 9.99209E-05 9.99209E-05 9.99209E-05 9.99209E-05
9.99123E-05 0.17162 9.99123E-05 9.99123E-05 9.99123E-05 9.99123E-05 0.827381 9.99123E-05 9.99123E-05 9.99123E-05 9.99123E-05 9.99123E-05
9.99298E-05 0.049207 9.99298E-05 9.99298E-05 9.99298E-05 0.0258612 0.616064 9.99298E-05 9.99298E-05 0.308069 9.99298E-05 9.99298E-05
0.0386955 0.172401 9.99386E-05 9.99386E-05 9.99386E-05 0.0592722 0.662516 0.0664155 9.99386E-05 9.99386E-05 9.99386E-05 9.99386E-05
