0.0598225 0.23624 9.98858E-05 9.98858E-05 9.98858E-05 0.0499651 0.10516 0.386301 9.98858E-05 9.98858E-05 9.98858E-05 0.159818 9.98858E-05 9.98858E-05 9.98858E-05 9.98858E-05 0.000198629 9.98858E-05 0.00119596 9.98858E-05 9.98858E-05
9.98597E-05 0.176125 9.98597E-05 9.98597E-05 9.98597E-05 0.160346 9.98597E-05 0.586972 9.98597E-05 9.98597E-05 9.98597E-05 9.98597E-05 9.98597E-05 9.98597E-05 9.98597E-05 9.98597E-05 0.0531 9.98597E-05 9.98597E-05 0.0218591 9.98597E-05
0.103068 9.98421E-05 9.98421E-05 9.98421E-05 9.98421E-05 9.98421E-05 9.98421E-05 0.851188 9.98421E-05 9.98421E-05 9.98421E-05 9.98421E-05 9.98421E-05 9.98421E-05 9.98421E-05 0.0439469 9.98421E-05 9.98421E-05 9.98421E-05 9.98421E-05 9.98421E-05
0.0340301 9.9886E-05 0.125641 9.9886E-05 0.155199 9.9886E-05 9.9886E-05 0.26031 9.9886E-05 9.9886E-05 9.9886E-05 0.18651 9.9886E-05 9.9886E-05 9.9886E-05 9.9886E-05 0.119936 0.0272626 9.9886E-05 9.9886E-05 0.0898125
9.98509E-05 9.98509E-05 9.98509E-05 9.98509E-05 9.98509E-05 9.98509E-05 9.98509E-05 0.835114 0.106565 9.98509E-05 9.98509E-05 9.98509E-05 9.98509E-05 9.98509E-05 0.0561484 9.98509E-05 9.98509E-05 9.98509E-05 9.98509E-05 9.98509E-05 0.00047527
9.98859E-05 0.206223 9.98859E-05 9.98859E-05 9.98859E-05 0.0099411 9.98859E-05 0.177011 0.183828 9.98859E-05 9.98859E-05 9.98859E-05 9.98859E-05 9.98859E-05 0.127427 0.012626 9.98859E-05 0.116884 9.98859E-05 9.98859E-05 0.16476
9.99036E-05 0.138265 0.0180156 9.99036E-05 0.0954617 0.097118 9.99036E-05 0.237204 0.0172993 9.99036E-05 9.99036E-05 0.200928 9.99036E-05 9.99036E-05 9.99036E-05 9.99036E-05 0.116104 9.99036E-05 0.0568064 0.0216985 9.99036E-05
9.99035E-05 0.185855 0.0981151 0.0476883 9.99035E-05 9.99035E-05 0.0550605 0.129055 0.0639195 9.99035E-05 9.99035E-05 0.228246 9.99035E-05 9.99035E-05 0.0449006 9.99035E-05 9.99035E-05 0.113415 9.99035E-05 9.99035E-05 0.0326466
0.195798 9.98947E-05 0.0235463 9.98947E-05 9.98947E-05 0.0555973 9.98947E-05 0.239001 9.98947E-05 9.98947E-05 9.98947E-05 0.0368155 9.98947E-05 9.98947E-05 0.0536202 9.98947E-05 9.98947E-05 0.235361 0.10114 9.98947E-05 0.0579209
0.0727292 9.98421E-05 9.98421E-05 9.98421E-05 9.98421E-05 9.98421E-05 9.98421E-05 0.916741 0.00873298 9.98421E-05 9.98421E-05 9.98421E-05 9.98421E-05 9.98421E-05 9.98421E-05 9.98421E-05 9.98421E-05 9.98421E-05 9.98421E-05 9.98421E-05 9.98421E-05
0.166898 0.09249 9.98684E-05 9.98684E-05 9.98684E-05 9.98684E-05 9.98684E-05 0.50852 9.98684E-05 0.00210595 9.98684E-05 0.0999648 9.98684E-05 9.98684E-05 9.98684E-05 9.98684E-05 0.128524 9.98684E-05 9.98684E-05 9.98684E-05 9.98684E-05
9.98771E-05 0.0168212 9.98771E-05 0.00434593 0.0172448 9.98771E-05 9.98771E-05 0.90391 0.0126828 9.98771E-05 9.98771E-05 9.98771E-05 9.98771E-05 0.0362522 9.98771E-05 9.98771E-05 0.00734435 9.98771E-05 9.98771E-05 9.98771E-05 9.98771E-05
0.0652176 9.98421E-05 9.98421E-05 9.98421E-05 9.98421E-05 9.98421E-05 9.98421E-05 0.843826 9.98421E-05 9.98421E-05 9.98421E-05 0.0891597 9.98421E-05 9.98421E-05 9.98421E-05 9.98421E-05 9.98421E-05 9.98421E-05 9.98421E-05 9.98421E-05 9.98421E-05
0.03032 9.9886E-05 9.9886E-05 0.0145131 9.9886E-05 9.9886E-05 9.9886E-05 0.646056 9.9886E-05 9.9886E-05 9.9886E-05 0.0115499 0.102804 0.0160491 0.124587 9.9886E-05 0.0528226 9.9886E-05 9.9886E-05 9.9886E-05 9.9886E-05
0.121191 0.19553 9.98947E-05 9.98947E-05 0.000665596 9.98947E-05 9.98947E-05 0.319795 0.044361 9.98947E-05 0.00761063 9.98947E-05 9.98947E-05 9.98947E-05 0.00766867 9.98947E-05 9.98947E-05 0.111039 9.98947E-05 9.98947E-05 0.190941
0.0212004 0.189068 9.99122E-05 9.99122E-05 0.0913962 0.00757616 0.0107272 0.171544 0.112549 9.99122E-05 9.99122E-05 0.0165783 9.99122E-05 9.99122E-05 9.99122E-05 0.108924 9.99122E-05 0.151567 9.99122E-05 9.99122E-05 0.117871
0.0756605 9.98947E-05 9.98947E-05 0.00637194 0.0285017 0.0789455 0.0436757 0.517865 9.98947E-05 9.98947E-05 9.98947E-05 0.0585017 0.155138 9.98947E-05 9.98947E-05 9.98947E-05 0.034142 9.98947E-05 9.98947E-05 9.98947E-05 9.98947E-05
0.125421 0.225063 0.034511 9.9886E-05 9.9886E-05 9.9886E-05 9.9886E-05 0.120381 9.9886E-05 0.144989 0.0950945 0.181255 9.9886E-05 9.9886E-05 9.9886E-05 9.9886E-05 9.9886E-05 0.0719861 9.9886E-05 9.9886E-05 9.9886E-05
0.172181 9.98595E-05 9.98595E-05 9.98595E-05 9.98595E-05 9.98595E-05 9.98595E-05 0.318711 0.223816 9.98595E-05 9.98595E-05 0.195171 9.98595E-05 9.98595E-05 9.98595E-05 9.98595E-05 9.98595E-05 0.0885234 9.98595E-05 9.98595E-05 9.98595E-05
0.0282374 9.98507E-05 9.98507E-05 9.98507E-05 9.98507E-05 9.98507E-05 9.98507E-05 0.867527 9.98507E-05 9.98507E-05 0.0879413 9.98507E-05 9.98507E-05 9.98507E-05 9.98507E-05 9.98507E-05 9.98507E-05 9.98507E-05 9.98507E-05 0.0145969 9.98507E-05
0.0606983 9.98947E-05 0.287592 0.00686505 0.0193219 9.98947E-05 9.98947E-05 0.458526 9.98947E-05 9.98947E-05 9.98947E-05 0.0734695 9.98947E-05 9.98947E-05 9.98947E-05 0.0139736 0.0503787 0.0279767 9.98947E-05 9.98947E-05 9.98947E-05
9.98684E-05 9.98684E-05 9.98684E-05 9.98684E-05 9.98684E-05 9.98684E-05 9.98684E-05 0.194159 0.138631 9.98684E-05 9.98684E-05 0.329652 9.98684E-05 9.98684E-05 0.124146 9.98684E-05 9.98684E-05 0.140075 9.98684E-05 0.071839 9.98684E-05
0.0832662 0.253915 9.98685E-05 9.98685E-05 0.0635775 9.98685E-05 9.98685E-05 0.511183 9.98685E-05 9.98685E-05 9.98685E-05 9.98685E-05 9.98685E-05 9.98685E-05 9.98685E-05 9.98685E-05 0.0759607 9.98685E-05 9.98685E-05 9.98685E-05 0.0105995
0.221592 9.98595E-05 9.98595E-05 9.98595E-05 9.98595E-05 9.98595E-05 9.98595E-05 0.33914 9.98595E-05 9.98595E-05 9.98595E-05 0.332099 9.98595E-05 9.98595E-05 9.98595E-05 9.98595E-05 9.98595E-05 9.98595E-05 0.0686028 0.0369691 9.98595E-05
0.254447 9.98859E-05 9.98859E-05 9.98859E-05 9.98859E-05 9.98859E-05 9.98859E-05 0.253066 9.98859E-05 9.98859E-05 0.0884144 0.134941 9.98859E-05 9.98859E-05 9.98859E-05 9.98859E-05 0.0205337 0.0380849 0.014708 9.98859E-05 0.194506
0.131193 9.98859E-05 9.98859E-05 9.98859E-05 0.0648096 9.98859E-05 9.98859E-05 0.658492 9.98859E-05 9.98859E-05 9.98859E-05 0.02886 0.0209041 9.98859E-05 0.0199529 9.98859E-05 9.98859E-05 0.00322871 9.98859E-05 9.98859E-05 0.0712611
0.0663716 9.98684E-05 9.98684E-05 9.98684E-05 9.98684E-05 9.98684E-05 9.98684E-05 0.0235544 9.98684E-05 0.140719 9.98684E-05 0.281601 9.98684E-05 9.98684E-05 9.98684E-05 9.98684E-05 9.98684E-05 9.98684E-05 9.98684E-05 0.311855 0.174401
0.0538344 9.9851E-05 9.9851E-05 9.9851E-05 0.117387 9.9851E-05 9.9851E-05 0.770445 9.9851E-05 9.9851E-05 9.9851E-05 0.0566359 9.9851E-05 9.9851E-05 9.9851E-05 9.9851E-05 9.9851E-05 9.9851E-05 9.9851E-05 9.9851E-05 9.9851E-05
0.178878 0.103282 9.9886E-05 9.9886E-05 9.9886E-05 9.9886E-05 9.9886E-05 0.546392 9.9886E-05 9.9886E-05 0.00514602 0.0262676 9.9886E-05 9.9886E-05 9.9886E-05 9.9886E-05 9.9886E-05 9.9886E-05 0.00905824 0.104047 0.0256313
0.0498316 9.98596E-05 9.98596E-05 9.98596E-05 9.98596E-05 9.98596E-05 9.98596E-05 0.667207 9.98596E-05 9.98596E-05 9.98596E-05 9.98596E-05 0.272882 9.98596E-05 9.98596E-05 0.00624296 9.98596E-05 0.00223814 9.98596E-05 9.98596E-05 9.98596E-05
0.0342082 0.0916616 9.98771E-05 9.98771E-05 9.98771E-05 9.98771E-05 9.98771E-05 0.66337 0.0731702 9.98771E-05 9.98771E-05 9.98771E-05 9.98771E-05 9.98771E-05 9.98771E-05 0.00397732 0.117346 0.0148681 9.98771E-05 9.98771E-05 9.98771E-05
0.105361 0.0322523 9.98947E-05 9.98947E-05 9.98947E-05 9.98947E-05 9.98947E-05 0.414814 0.0517321 9.98947E-05 9.98947E-05 0.0430352 9.98947E-05 0.137499 9.98947E-05 9.98947E-05 0.043763 9.98947E-05 9.98947E-05 0.0645387 0.105806
0.124269 0.0493452 9.98771E-05 9.98771E-05 0.0144835 9.98771E-05 9.98771E-05 0.503049 9.98771E-05 9.98771E-05 9.98771E-05 0.149941 9.98771E-05 9.98771E-05 9.98771E-05 9.98771E-05 0.123567 9.98771E-05 9.98771E-05 9.98771E-05 0.0339476
0.0826012 9.98947E-05 9.98947E-05 0.00865251 0.0418376 9.98947E-05 9.98947E-05 0.391728 9.98947E-05 0.0257567 9.98947E-05 0.238818 0.180317 9.98947E-05 0.0152738 0.0138157 9.98947E-05 9.98947E-05 9.98947E-05 9.98947E-05 9.98947E-05
0.0856536 9.98598E-05 9.98598E-05 9.98598E-05 9.98598E-05 0.00337392 9.98598E-05 0.788297 9.98598E-05 9.98598E-05 9.98598E-05 9.98598E-05 9.98598E-05 9.98598E-05 9.98598E-05 9.98598E-05 0.086103 0.0349744 9.98598E-05 9.98598E-05 9.98598E-05
0.0138424 9.98772E-05 9.98772E-05 9.98772E-05 0.124283 0.050078 0.00397476 0.641183 9.98772E-05 9.98772E-05 9.98772E-05 0.100273 9.98772E-05 9.98772E-05 9.98772E-05 9.98772E-05 9.98772E-05 9.98772E-05 9.98772E-05 0.0649678 9.98772E-05
9.98422E-05 9.98422E-05 9.98422E-05 0.0447537 9.98422E-05 9.98422E-05 9.98422E-05 0.86343 0.0900187 9.98422E-05 9.98422E-05 9.98422E-05 9.98422E-05 9.98422E-05 9.98422E-05 9.98422E-05 9.98422E-05 9.98422E-05 9.98422E-05 9.98422E-05 9.98422E-05
0.0779602 9.98772E-05 9.98772E-05 9.98772E-05 9.98772E-05 0.0584719 9.98772E-05 0.625449 9.98772E-05 9.98772E-05 0.0676205 0.0195591 9.98772E-05 0.00582973 9.98772E-05 9.98772E-05 9.98772E-05 0.143712 9.98772E-05 9.98772E-05 9.98772E-05
0.165125 9.9886E-05 9.9886E-05 9.9886E-05 9.9886E-05 0.0626026 9.9886E-05 0.422868 9.9886E-05 9.9886E-05 9.9886E-05 0.0445926 0.239074 9.9886E-05 0.0606372 9.9886E-05 0.00324232 0.000560451 9.9886E-05 9.9886E-05 9.9886E-05
0.0411451 9.98772E-05 9.98772E-05 0.109269 9.98772E-05 9.98772E-05 9.98772E-05 0.485885 0.0365358 9.98772E-05 9.98772E-05 0.121527 9.98772E-05 0.0551993 9.98772E-05 9.98772E-05 9.98772E-05 9.98772E-05 9.98772E-05 9.98772E-05 0.14904
0.0868875 9.98604E-05 9.98604E-05 9.98604E-05 9.98604E-05 9.98604E-05 9.98604E-05 0.712928 0.0017997 9.98604E-05 9.98604E-05 0.0930329 9.98604E-05 9.98604E-05 9.98604E-05 9.98604E-05 9.98604E-05 9.98604E-05 9.98604E-05 0.103754 9.98604E-05
0.0458062 9.98598E-05 9.98598E-05 9.98598E-05 9.98598E-05 9.98598E-05 9.98598E-05 0.508708 9.98598E-05 9.98598E-05 9.98598E-05 0.223229 9.98598E-05 9.98598E-05 9.98598E-05 9.98598E-05 9.98598E-05 9.98598E-05 0.0237815 0.196877 9.98598E-05
9.98422E-05 9.98422E-05 9.98422E-05 9.98422E-05 9.98422E-05 9.98422E-05 9.98422E-05 0.74069 9.98422E-05 9.98422E-05 9.98422E-05 9.98422E-05 9.98422E-05 0.151276 9.98422E-05 9.98422E-05 9.98422E-05 9.98422E-05 9.98422E-05 0.106237 9.98422E-05
0.129602 0.253482 9.98772E-05 9.98772E-05 9.98772E-05 9.98772E-05 9.98772E-05 0.287643 9.98772E-05 9.98772E-05 9.98772E-05 0.0743795 9.98772E-05 9.98772E-05 9.98772E-05 9.98772E-05 0.0755804 0.0810652 0.0968506 9.98772E-05 9.98772E-05
0.16799 9.98686E-05 9.98686E-05 9.98686E-05 9.98686E-05 9.98686E-05 9.98686E-05 0.215552 0.0474558 9.98686E-05 9.98686E-05 0.490826 9.98686E-05 9.98686E-05 0.0328405 0.0438378 9.98686E-05 9.98686E-05 9.98686E-05 9.98686E-05 9.98686E-05
9.98595E-05 9.98595E-05 9.98595E-05 9.98595E-05 9.98595E-05 9.98595E-05 9.98595E-05 0.78387 0.0977946 9.98595E-05 0.0494605 0.0222694 9.98595E-05 9.98595E-05 9.98595E-05 0.0450073 9.98595E-05 9.98595E-05 9.98595E-05 9.98595E-05 9.98595E-05
0.100676 9.98509E-05 9.98509E-05 9.98509E-05 0.0855975 9.98509E-05 9.98509E-05 0.774474 9.98509E-05 9.98509E-05 9.98509E-05 9.98509E-05 9.98509E-05 9.98509E-05 9.98509E-05 9.98509E-05 9.98509E-05 0.0375543 9.98509E-05 9.98509E-05 9.98509E-05
0.0935746 0.0140777 0.0332906 9.98596E-05 9.98596E-05 9.98596E-05 9.98596E-05 0.809333 9.98596E-05 9.98596E-05 0.0481264 9.98596E-05 9.98596E-05 9.98596E-05 9.98596E-05 9.98596E-05 9.98596E-05 9.98596E-05 9.98596E-05 9.98596E-05 9.98596E-05
0.0943337 0.060998 0.00954572 9.98946E-05 9.98946E-05 9.98946E-05 9.98946E-05 0.595491 0.0511415 9.98946E-05 9.98946E-05 0.105185 9.98946E-05 9.98946E-05 9.98946E-05 9.98946E-05 0.0498305 9.98946E-05 9.98946E-05 0.0309223 0.00135389
9.98949E-05 9.98949E-05 9.98949E-05 0.0502345 9.98949E-05 0.0323897 9.98949E-05 0.72577 0.0771171 0.0180083 9.98949E-05 0.0298599 9.98949E-05 9.98949E-05 0.0377731 9.98949E-05 0.00451842 0.0231298 9.98949E-05 9.98949E-05 9.98949E-05
0.153955 9.98946E-05 0.0390813 9.98946E-05 0.0144185 9.98946E-05 9.98946E-05 0.287187 9.98946E-05 9.98946E-05 9.98946E-05 9.98946E-05 9.98946E-05 9.98946E-05 9.98946E-05 0.0163175 0.0935684 0.0618291 9.98946E-05 0.215101 0.117344
9.98685E-05 9.98685E-05 9.98685E-05 9.98685E-05 0.0709531 9.98685E-05 9.98685E-05 0.605456 9.98685E-05 9.98685E-05 0.00690415 0.217339 9.98685E-05 9.98685E-05 0.045049 9.98685E-05 9.98685E-05 9.98685E-05 0.0528013 9.98685E-05 9.98685E-05
9.98422E-05 9.98422E-05 9.98422E-05 9.98422E-05 9.98422E-05 0.0827074 9.98422E-05 0.858141 9.98422E-05 0.0573539 9.98422E-05 9.98422E-05 9.98422E-05 9.98422E-05 9.98422E-05 9.98422E-05 9.98422E-05 9.98422E-05 9.98422E-05 9.98422E-05 9.98422E-05
0.0295078 9.99036E-05 9.99036E-05 0.123376 9.99036E-05 9.99036E-05 9.99036E-05 0.487862 9.99036E-05 0.0235049 0.0988661 0.0701865 0.0788359 9.99036E-05 0.0277802 9.99036E-05 0.0195387 0.0394429 9.99036E-05 9.99036E-05 9.99036E-05
0.132921 0.0418594 9.98685E-05 9.98685E-05 9.98685E-05 9.98685E-05 9.98685E-05 0.704381 0.0714032 9.98685E-05 9.98685E-05 9.98685E-05 9.98685E-05 9.98685E-05 0.0477857 9.98685E-05 9.98685E-05 9.98685E-05 0.00015257 9.98685E-05 9.98685E-05
9.98772E-05 0.0808744 9.98772E-05 9.98772E-05 9.98772E-05 9.98772E-05 9.98772E-05 0.647412 0.0582926 9.98772E-05 0.013065 9.98772E-05 9.98772E-05 9.98772E-05 0.0217094 9.98772E-05 0.0242601 9.98772E-05 9.98772E-05 9.98772E-05 0.152988
0.0472163 9.98684E-05 9.98684E-05 9.98684E-05 9.98684E-05 9.98684E-05 9.98684E-05 0.770985 0.08502 0.0639452 9.98684E-05 0.0245489 9.98684E-05 9.98684E-05 9.98684E-05 0.00678615 9.98684E-05 9.98684E-05 9.98684E-05 9.98684E-05 9.98684E-05
0.0532307 9.98597E-05 9.98597E-05 9.98597E-05 0.156824 9.98597E-05 9.98597E-05 0.776398 9.98597E-05 9.98597E-05 9.98597E-05 0.010557 9.98597E-05 9.98597E-05 9.98597E-05 9.98597E-05 0.00139251 9.98597E-05 9.98597E-05 9.98597E-05 9.98597E-05
9.98596E-05 9.98596E-05 9.98596E-05 9.98596E-05 9.98596E-05 9.98596E-05 0.0435886 0.861619 9.98596E-05 9.98596E-05 9.98596E-05 9.98596E-05 9.98596E-05 9.98596E-05 9.98596E-05 9.98596E-05 0.0408358 0.00237451 9.98596E-05 0.0499846 9.98596E-05
0.097711 0.686644 9.98683E-05 9.98683E-05 9.98683E-05 0.0668112 9.98683E-05 9.98683E-05 9.98683E-05 9.98683E-05 9.98683E-05 9.98683E-05 9.98683E-05 9.98683E-05 9.98683E-05 9.98683E-05 0.0451099 0.0469307 9.98683E-05 9.98683E-05 0.0552955
9.98248E-05 0.998004 9.98248E-05 9.98248E-05 9.98248E-05 9.98248E-05 9.98248E-05 9.98248E-05 9.98248E-05 9.98248E-05 9.98248E-05 9.98248E-05 9.98248E-05 9.98248E-05 9.98248E-05 9.98248E-05 9.98248E-05 9.98248E-05 9.98248E-05 9.98248E-05 9.98248E-05
9.98421E-05 0.970868 9.98421E-05 0.0151858 9.98421E-05 9.98421E-05 9.98421E-05 9.98421E-05 9.98421E-05 0.0121486 9.98421E-05 9.98421E-05 9.98421E-05 9.98421E-05 9.98421E-05 9.98421E-05 9.98421E-05 9.98421E-05 9.98421E-05 9.98421E-05 9.98421E-05
0.0569307 0.368327 9.98596E-05 9.98596E-05 9.98596E-05 0.218075 9.98596E-05 9.98596E-05 9.98596E-05 9.98596E-05 9.98596E-05 9.98596E-05 9.98596E-05 9.98596E-05 9.98596E-05 9.98596E-05 9.98596E-05 0.13355 9.98596E-05 9.98596E-05 0.221519
0.0384698 0.556036 9.99121E-05 0.00599808 0.0363861 9.99121E-05 9.99121E-05 9.99121E-05 0.0125039 0.0595644 0.0794441 0.150857 9.99121E-05 9.99121E-05 0.0190436 9.99121E-05 0.0245279 0.0161698 9.99121E-05 9.99121E-05 9.99121E-05
0.143026 0.647233 9.98681E-05 9.98681E-05 9.98681E-05 9.98681E-05 0.0884684 9.98681E-05 9.98681E-05 9.98681E-05 9.98681E-05 0.0072508 9.98681E-05 9.98681E-05 9.98681E-05 9.98681E-05 9.98681E-05 0.0638119 0.0487116 9.98681E-05 9.98681E-05
0.125159 0.525659 9.98594E-05 9.98594E-05 0.107603 0.235906 9.98594E-05 9.98594E-05 9.98594E-05 9.98594E-05 9.98594E-05 9.98594E-05 9.98594E-05 9.98594E-05 9.98594E-05 9.98594E-05 0.00407542 9.98594E-05 9.98594E-05 9.98594E-05 9.98594E-05
0.0707247 0.409922 9.98682E-05 9.98682E-05 9.98682E-05 0.162168 9.98682E-05 9.98682E-05 9.98682E-05 0.216658 9.98682E-05 9.98682E-05 9.98682E-05 9.98682E-05 9.98682E-05 9.98682E-05 9.98682E-05 0.125677 9.98682E-05 9.98682E-05 0.0133529
0.00713873 0.93938 9.98421E-05 9.98421E-05 9.98421E-05 9.98421E-05 9.98421E-05 9.98421E-05 9.98421E-05 9.98421E-05 9.98421E-05 9.98421E-05 9.98421E-05 9.98421E-05 9.98421E-05 9.98421E-05 9.98421E-05 9.98421E-05 9.98421E-05 0.0516838 9.98421E-05
9.98332E-05 0.976998 9.98332E-05 9.98332E-05 9.98332E-05 9.98332E-05 9.98332E-05 9.98332E-05 9.98332E-05 9.98332E-05 9.98332E-05 9.98332E-05 9.98332E-05 9.98332E-05 9.98332E-05 9.98332E-05 0.0211052 9.98332E-05 9.98332E-05 9.98332E-05 9.98332E-05
0.278215 0.528457 9.98593E-05 9.98593E-05 9.98593E-05 9.98593E-05 9.98593E-05 9.98593E-05 9.98593E-05 9.98593E-05 9.98593E-05 9.98593E-05 9.98593E-05 9.98593E-05 9.98593E-05 0.00412478 0.144898 0.042707 9.98593E-05 9.98593E-05 9.98593E-05
0.019145 0.449067 9.9877E-05 9.9877E-05 9.9877E-05 0.111526 0.13264 9.9877E-05 0.0777146 9.9877E-05 9.9877E-05 0.164792 9.9877E-05 9.9877E-05 9.9877E-05 9.9877E-05 0.0437172 9.9877E-05 9.9877E-05 9.9877E-05 9.9877E-05
0.0424323 0.427892 9.98945E-05 9.98945E-05 9.98945E-05 0.0588215 0.0860272 9.98945E-05 0.0902155 9.98945E-05 0.042992 9.98945E-05 9.98945E-05 9.98945E-05 9.98945E-05 9.98945E-05 0.0411472 0.0601934 9.98945E-05 9.98945E-05 0.14908
0.22635 0.592007 9.98506E-05 9.98506E-05 9.98506E-05 0.00567465 9.98506E-05 9.98506E-05 9.98506E-05 9.98506E-05 9.98506E-05 0.17427 9.98506E-05 9.98506E-05 9.98506E-05 9.98506E-05 9.98506E-05 9.98506E-05 9.98506E-05 9.98506E-05 9.98506E-05
9.98424E-05 0.804785 9.98424E-05 9.98424E-05 9.98424E-05 9.98424E-05 9.98424E-05 9.98424E-05 9.98424E-05 9.98424E-05 9.98424E-05 9.98424E-05 9.98424E-05 9.98424E-05 9.98424E-05 9.98424E-05 9.98424E-05 9.98424E-05 9.98424E-05 0.16173 0.0316879
9.98509E-05 0.92288 9.98509E-05 9.98509E-05 0.000895465 9.98509E-05 9.98509E-05 9.98509E-05 9.98509E-05 9.98509E-05 9.98509E-05 9.98509E-05 9.98509E-05 9.98509E-05 9.98509E-05 9.98509E-05 0.0171368 0.0573903 9.98509E-05 9.98509E-05 9.98509E-05
0.00495842 0.689126 9.98594E-05 9.98594E-05 9.98594E-05 9.98594E-05 9.98594E-05 9.98594E-05 0.185163 0.0287161 9.98594E-05 9.98594E-05 9.98594E-05 9.98594E-05 9.98594E-05 9.98594E-05 9.98594E-05 9.98594E-05 9.98594E-05 9.98594E-05 0.0904387
9.98858E-05 0.674936 9.98858E-05 9.98858E-05 0.0652461 9.98858E-05 0.0101283 9.98858E-05 0.0284392 9.98858E-05 9.98858E-05 0.0898555 9.98858E-05 9.98858E-05 9.98858E-05 0.00299168 0.099894 0.0272105 9.98858E-05 9.98858E-05 9.98858E-05
0.032694 0.791303 9.98683E-05 9.98683E-05 9.98683E-05 9.98683E-05 9.98683E-05 9.98683E-05 9.98683E-05 0.0686081 0.0564177 9.98683E-05 9.98683E-05 9.98683E-05 9.98683E-05 9.98683E-05 0.0443687 0.0051106 9.98683E-05 9.98683E-05 9.98683E-05
0.233883 0.553161 9.98768E-05 0.0162803 9.98768E-05 9.98768E-05 0.00815051 9.98768E-05 9.98768E-05 9.98768E-05 0.071501 9.98768E-05 9.98768E-05 9.98768E-05 9.98768E-05 9.98768E-05 0.0102043 9.98768E-05 9.98768E-05 0.105422 9.98768E-05
9.98249E-05 0.998004 9.98249E-05 9.98249E-05 9.98249E-05 9.98249E-05 9.98249E-05 9.98249E-05 9.98249E-05 9.98249E-05 9.98249E-05 9.98249E-05 9.98249E-05 9.98249E-05 9.98249E-05 9.98249E-05 9.98249E-05 9.98249E-05 9.98249E-05 9.98249E-05 9.98249E-05
0.0611956 0.659519 9.98594E-05 9.98594E-05 9.98594E-05 9.98594E-05 9.98594E-05 9.98594E-05 0.0054432 9.98594E-05 9.98594E-05 0.251313 9.98594E-05 9.98594E-05 9.98594E-05 9.98594E-05 9.98594E-05 9.98594E-05 9.98594E-05 0.0209322 9.98594E-05
9.98596E-05 0.548961 9.98596E-05 9.98596E-05 9.98596E-05 0.0591868 0.0197301 9.98596E-05 9.98596E-05 9.98596E-05 9.98596E-05 0.0843578 9.98596E-05 9.98596E-05 9.98596E-05 9.98596E-05 9.98596E-05 9.98596E-05 9.98596E-05 9.98596E-05 0.286167
0.0153227 0.689741 9.98771E-05 9.98771E-05 0.106907 9.98771E-05 9.98771E-05 9.98771E-05 0.0215104 0.0906151 9.98771E-05 9.98771E-05 9.98771E-05 9.98771E-05 9.98771E-05 0.0533847 9.98771E-05 9.98771E-05 0.0211207 9.98771E-05 9.98771E-05
0.0335721 0.757574 9.98506E-05 9.98506E-05 9.98506E-05 9.98506E-05 0.0640948 9.98506E-05 9.98506E-05 9.98506E-05 9.98506E-05 9.98506E-05 9.98506E-05 9.98506E-05 9.98506E-05 9.98506E-05 0.143061 9.98506E-05 9.98506E-05 9.98506E-05 9.98506E-05
9.98336E-05 0.958607 9.98336E-05 9.98336E-05 9.98336E-05 9.98336E-05 9.98336E-05 9.98336E-05 9.98336E-05 9.98336E-05 9.98336E-05 9.98336E-05 9.98336E-05 9.98336E-05 9.98336E-05 9.98336E-05 9.98336E-05 0.0394959 9.98336E-05 9.98336E-05 9.98336E-05
9.98335E-05 0.987491 9.98335E-05 9.98335E-05 9.98335E-05 9.98335E-05 0.0106126 9.98335E-05 9.98335E-05 9.98335E-05 9.98335E-05 9.98335E-05 9.98335E-05 9.98335E-05 9.98335E-05 9.98335E-05 9.98335E-05 9.98335E-05 9.98335E-05 9.98335E-05 9.98335E-05
9.98246E-05 0.998004 9.98246E-05 9.98246E-05 9.98246E-05 9.98246E-05 9.98246E-05 9.98246E-05 9.98246E-05 9.98246E-05 9.98246E-05 9.98246E-05 9.98246E-05 9.98246E-05 9.98246E-05 9.98246E-05 9.98246E-05 9.98246E-05 9.98246E-05 9.98246E-05 9.98246E-05
9.98422E-05 0.871013 9.98422E-05 9.98422E-05 9.98422E-05 9.98422E-05 0.0174152 9.98422E-05 9.98422E-05 0.109775 9.98422E-05 9.98422E-05 9.98422E-05 9.98422E-05 9.98422E-05 9.98422E-05 9.98422E-05 9.98422E-05 9.98422E-05 9.98422E-05 9.98422E-05
0.0900266 0.738754 9.98685E-05 9.98685E-05 9.98685E-05 9.98685E-05 9.98685E-05 9.98685E-05 9.98685E-05 9.98685E-05 9.98685E-05 9.98685E-05 0.0214585 0.0969155 0.00255486 9.98685E-05 9.98685E-05 9.98685E-05 9.98685E-05 0.0487926 9.98685E-05
0.0555539 9.98421E-05 9.98421E-05 9.98421E-05 9.98421E-05 9.98421E-05 9.98421E-05 9.98421E-05 9.98421E-05 9.98421E-05 9.98421E-05 9.98421E-05 9.98421E-05 9.98421E-05 9.98421E-05 9.98421E-05 9.98421E-05 0.145626 9.98421E-05 9.98421E-05 0.797022
0.00211487 9.98596E-05 9.98596E-05 9.98596E-05 9.98596E-05 9.98596E-05 9.98596E-05 9.98596E-05 9.98596E-05 9.98596E-05 9.98596E-05 9.98596E-05 0.474681 0.0897238 9.98596E-05 9.98596E-05 9.98596E-05 0.0993621 9.98596E-05 9.98596E-05 0.33252
0.0582838 9.98596E-05 9.98596E-05 9.98596E-05 9.98596E-05 9.98596E-05 9.98596E-05 9.98596E-05 9.98596E-05 9.98596E-05 9.98596E-05 0.0338476 9.98596E-05 9.98596E-05 0.0239677 9.98596E-05 0.000485271 9.98596E-05 9.98596E-05 9.98596E-05 0.881818
0.140107 9.98505E-05 9.98505E-05 9.98505E-05 9.98505E-05 9.98505E-05 9.98505E-05 9.98505E-05 9.98505E-05 0.0402324 9.98505E-05 9.98505E-05 9.98505E-05 9.98505E-05 9.98505E-05 9.98505E-05 0.011041 9.98505E-05 9.98505E-05 9.98505E-05 0.806922
9.98594E-05 9.98594E-05 9.98594E-05 9.98594E-05 9.98594E-05 9.98594E-05 0.0182341 9.98594E-05 9.98594E-05 9.98594E-05 9.98594E-05 9.98594E-05 9.98594E-05 9.98594E-05 0.0719583 9.98594E-05 9.98594E-05 0.0861059 0.02236 9.98594E-05 0.799744
0.136703 9.98596E-05 9.98596E-05 9.98596E-05 0.0744774 0.042193 9.98596E-05 9.98596E-05 9.98596E-05 9.98596E-05 9.98596E-05 9.98596E-05 9.98596E-05 9.98596E-05 9.98596E-05 9.98596E-05 9.98596E-05 0.13209 9.98596E-05 9.98596E-05 0.612939
0.0634926 9.98684E-05 9.98684E-05 9.98684E-05 9.98684E-05 9.98684E-05 0.0573972 9.98684E-05 9.98684E-05 9.98684E-05 9.98684E-05 0.0824745 9.98684E-05 9.98684E-05 9.98684E-05 9.98684E-05 0.00199321 0.084882 9.98684E-05 9.98684E-05 0.708262
9.98333E-05 9.98333E-05 9.98333E-05 9.98333E-05 9.98333E-05 9.98333E-05 9.98333E-05 9.98333E-05 9.98333E-05 9.98333E-05 9.98333E-05 9.98333E-05 9.98333E-05 9.98333E-05 9.98333E-05 9.98333E-05 9.98333E-05 0.145854 9.98333E-05 9.98333E-05 0.852249
9.98419E-05 9.98419E-05 9.98419E-05 9.98419E-05 9.98419E-05 0.184005 9.98419E-05 9.98419E-05 9.98419E-05 9.98419E-05 9.98419E-05 9.98419E-05 9.98419E-05 9.98419E-05 9.98419E-05 9.98419E-05 9.98419E-05 0.314462 9.98419E-05 9.98419E-05 0.499736
0.22513 9.98596E-05 9.98596E-05 9.98596E-05 0.076226 9.98596E-05 0.00825192 9.98596E-05 9.98596E-05 9.98596E-05 9.98596E-05 9.98596E-05 9.98596E-05 9.98596E-05 9.98596E-05 9.98596E-05 9.98596E-05 0.185481 9.98596E-05 9.98596E-05 0.503314
0.0226142 9.98597E-05 9.98597E-05 9.98597E-05 9.98597E-05 0.187671 9.98597E-05 9.98597E-05 9.98597E-05 9.98597E-05 9.98597E-05 9.98597E-05 9.98597E-05 0.368019 9.98597E-05 9.98597E-05 9.98597E-05 0.0485004 9.98597E-05 9.98597E-05 0.371598
0.0411668 9.98596E-05 9.98596E-05 9.98596E-05 9.98596E-05 0.136067 9.98596E-05 9.98596E-05 9.98596E-05 9.98596E-05 9.98596E-05 9.98596E-05 0.150265 9.98596E-05 9.98596E-05 9.98596E-05 0.0589565 9.98596E-05 9.98596E-05 9.98596E-05 0.611947
9.98423E-05 9.98423E-05 9.98423E-05 9.98423E-05 9.98423E-05 9.98423E-05 9.98423E-05 9.98423E-05 9.98423E-05 9.98423E-05 9.98423E-05 9.98423E-05 9.98423E-05 0.0516357 9.98423E-05 9.98423E-05 9.98423E-05 0.0976098 9.98423E-05 9.98423E-05 0.848957
0.249573 9.98598E-05 9.98598E-05 9.98598E-05 9.98598E-05 9.98598E-05 9.98598E-05 9.98598E-05 9.98598E-05 9.98598E-05 9.98598E-05 9.98598E-05 9.98598E-05 0.115762 9.98598E-05 9.98598E-05 9.98598E-05 0.113507 0.0222242 9.98598E-05 0.497336
9.9886E-05 9.9886E-05 9.9886E-05 0.038055 9.9886E-05 9.9886E-05 0.00954399 9.9886E-05 9.9886E-05 0.0849626 9.9886E-05 9.9886E-05 0.0625584 0.0453011 9.9886E-05 0.136423 9.9886E-05 0.0693782 9.9886E-05 9.9886E-05 0.55248
0.0675754 9.98859E-05 9.98859E-05 9.98859E-05 0.0561523 0.0564544 9.98859E-05 9.98859E-05 9.98859E-05 9.98859E-05 9.98859E-05 9.98859E-05 9.98859E-05 0.0584746 0.0491563 9.98859E-05 0.0430663 9.98859E-05 9.98859E-05 0.168781 0.499041
0.0706511 9.98685E-05 9.98685E-05 9.98685E-05 9.98685E-05 0.180767 9.98685E-05 9.98685E-05 9.98685E-05 9.98685E-05 0.0561495 9.98685E-05 9.98685E-05 0.0672049 9.98685E-05 9.98685E-05 9.98685E-05 0.0281981 9.98685E-05 9.98685E-05 0.595531
9.98511E-05 9.98511E-05 9.98511E-05 9.98511E-05 9.98511E-05 9.98511E-05 9.98511E-05 9.98511E-05 9.98511E-05 9.98511E-05 9.98511E-05 0.06207 9.98511E-05 9.98511E-05 9.98511E-05 0.120126 9.98511E-05 0.0790676 9.98511E-05 9.98511E-05 0.737039
9.98334E-05 9.98334E-05 9.98334E-05 9.98334E-05 9.98334E-05 9.98334E-05 9.98334E-05 9.98334E-05 9.98334E-05 9.98334E-05 9.98334E-05 9.98334E-05 9.98334E-05 9.98334E-05 0.0194878 9.98334E-05 9.98334E-05 9.98334E-05 9.98334E-05 9.98334E-05 0.978615
0.0618052 9.98683E-05 9.98683E-05 9.98683E-05 9.98683E-05 9.98683E-05 9.98683E-05 9.98683E-05 9.98683E-05 9.98683E-05 0.171614 9.98683E-05 0.334355 9.98683E-05 9.98683E-05 9.98683E-05 9.98683E-05 0.0972188 9.98683E-05 0.0482365 0.285272
0.0970358 9.98771E-05 9.98771E-05 9.98771E-05 0.0359454 0.11423 9.98771E-05 9.98771E-05 9.98771E-05 9.98771E-05 9.98771E-05 9.98771E-05 9.98771E-05 0.0866267 0.0186747 0.0086953 9.98771E-05 9.98771E-05 9.98771E-05 9.98771E-05 0.637393
9.98596E-05 9.98596E-05 9.98596E-05 9.98596E-05 9.98596E-05 9.98596E-05 9.98596E-05 9.98596E-05 9.98596E-05 0.0809342 9.98596E-05 9.98596E-05 0.0114515 9.98596E-05 9.98596E-05 9.98596E-05 0.085189 0.0258665 9.98596E-05 9.98596E-05 0.794961
0.192419 9.98684E-05 9.98684E-05 9.98684E-05 9.98684E-05 0.0507481 9.98684E-05 9.98684E-05 0.0902043 9.98684E-05 9.98684E-05 9.98684E-05 9.98684E-05 9.98684E-05 0.00224068 9.98684E-05 9.98684E-05 0.129115 9.98684E-05 9.98684E-05 0.533775
0.0166656 9.98597E-05 9.98597E-05 9.98597E-05 9.98597E-05 9.98597E-05 9.98597E-05 9.98597E-05 9.98597E-05 9.98597E-05 9.98597E-05 9.98597E-05 9.98597E-05 0.114204 0.0993209 9.98597E-05 9.98597E-05 0.104536 9.98597E-05 9.98597E-05 0.663676
0.19751 9.98596E-05 9.98596E-05 9.98596E-05 9.98596E-05 0.0783889 9.98596E-05 9.98596E-05 9.98596E-05 9.98596E-05 0.0404453 9.98596E-05 9.98596E-05 9.98596E-05 9.98596E-05 9.98596E-05 9.98596E-05 0.202199 9.98596E-05 9.98596E-05 0.479859
0.124406 0.0638133 9.98859E-05 9.98859E-05 9.98859E-05 0.0903968 0.00343073 9.98859E-05 9.98859E-05 9.98859E-05 9.98859E-05 0.0291572 9.98859E-05 0.292542 9.98859E-05 9.98859E-05 9.98859E-05 0.147191 9.98859E-05 9.98859E-05 0.247764
0.0358408 9.98771E-05 9.98771E-05 9.98771E-05 9.98771E-05 9.98771E-05 9.98771E-05 9.98771E-05 9.98771E-05 9.98771E-05 0.0125774 9.98771E-05 0.728968 9.98771E-05 0.0744157 0.0259556 9.98771E-05 9.98771E-05 0.0765197 9.98771E-05 0.0443242
0.0252454 9.98594E-05 9.98594E-05 9.98594E-05 9.98594E-05 9.98594E-05 9.98594E-05 9.98594E-05 0.0684081 9.98594E-05 9.98594E-05 9.98594E-05 9.98594E-05 9.98594E-05 0.000454279 9.98594E-05 9.98594E-05 0.14471 9.98594E-05 9.98594E-05 0.759584
0.232881 9.98422E-05 9.98422E-05 9.98422E-05 9.98422E-05 9.98422E-05 9.98422E-05 9.98422E-05 9.98422E-05 9.98422E-05 9.98422E-05 9.98422E-05 9.98422E-05 9.98422E-05 9.98422E-05 9.98422E-05 9.98422E-05 0.250822 9.98422E-05 9.98422E-05 0.514499
0.118438 9.98685E-05 9.98685E-05 9.98685E-05 9.98685E-05 9.98685E-05 9.98685E-05 9.98685E-05 9.98685E-05 9.98685E-05 0.0218206 9.98685E-05 9.98685E-05 0.0748498 0.0625619 9.98685E-05 0.0143868 9.98685E-05 9.98685E-05 9.98685E-05 0.706445
0.174537 9.98597E-05 9.98597E-05 9.98597E-05 9.98597E-05 0.0292098 9.98597E-05 9.98597E-05 9.98597E-05 9.98597E-05 9.98597E-05 9.98597E-05 9.98597E-05 9.98597E-05 9.98597E-05 9.98597E-05 0.0363348 0.031365 9.98597E-05 9.98597E-05 0.726956
0.00365115 9.9842E-05 9.9842E-05 9.9842E-05 9.9842E-05 9.9842E-05 9.9842E-05 9.9842E-05 9.9842E-05 9.9842E-05 0.00838071 9.9842E-05 9.9842E-05 9.9842E-05 9.9842E-05 9.9842E-05 9.9842E-05 9.9842E-05 9.9842E-05 9.9842E-05 0.986171
0.125218 9.98595E-05 9.98595E-05 9.98595E-05 9.98595E-05 9.98595E-05 9.98595E-05 9.98595E-05 9.98595E-05 9.98595E-05 0.106365 9.98595E-05 9.98595E-05 9.98595E-05 0.12974 9.98595E-05 9.98595E-05 0.270488 9.98595E-05 9.98595E-05 0.366591
9.98421E-05 9.98421E-05 9.98421E-05 9.98421E-05 9.98421E-05 9.98421E-05 9.98421E-05 9.98421E-05 9.98421E-05 9.98421E-05 9.98421E-05 0.146098 9.98421E-05 9.98421E-05 9.98421E-05 9.98421E-05 9.98421E-05 0.0842023 9.98421E-05 9.98421E-05 0.767902
0.0589321 9.98422E-05 9.98422E-05 9.98422E-05 9.98422E-05 9.98422E-05 9.98422E-05 9.98422E-05 9.98422E-05 9.98422E-05 9.98422E-05 9.98422E-05 0.0606006 9.98422E-05 9.98422E-05 9.98422E-05 9.98422E-05 9.98422E-05 9.98422E-05 9.98422E-05 0.87867
9.98595E-05 9.98595E-05 9.98595E-05 9.98595E-05 9.98595E-05 9.98595E-05 9.98595E-05 9.98595E-05 9.98595E-05 9.98595E-05 9.98595E-05 9.98595E-05 9.98595E-05 0.153731 9.98595E-05 0.0478675 9.98595E-05 0.0348186 9.98595E-05 0.196385 0.5656
0.191112 9.98507E-05 9.98507E-05 9.98507E-05 9.98507E-05 9.98507E-05 9.98507E-05 9.98507E-05 9.98507E-05 0.00887703 9.98507E-05 9.98507E-05 9.98507E-05 9.98507E-05 9.98507E-05 9.98507E-05 9.98507E-05 0.12828 9.98507E-05 9.98507E-05 0.670033
9.98419E-05 9.98419E-05 9.98419E-05 9.98419E-05 9.98419E-05 9.98419E-05 9.98419E-05 9.98419E-05 9.98419E-05 9.98419E-05 9.98419E-05 9.98419E-05 9.98419E-05 0.825362 9.98419E-05 9.98419E-05 9.98419E-05 0.0630805 9.98419E-05 9.98419E-05 0.10976
0.0680607 9.98597E-05 9.98597E-05 9.98597E-05 9.98597E-05 9.98597E-05 9.98597E-05 9.98597E-05 9.98597E-05 0.00593282 9.98597E-05 9.98597E-05 9.98597E-05 0.407349 9.98597E-05 9.98597E-05 0.0200936 9.98597E-05 9.98597E-05 9.98597E-05 0.496967
9.98423E-05 9.98423E-05 9.98423E-05 9.98423E-05 9.98423E-05 9.98423E-05 9.98423E-05 9.98423E-05 9.98423E-05 9.98423E-05 9.98423E-05 9.98423E-05 0.307598 9.98423E-05 0.013268 9.98423E-05 9.98423E-05 9.98423E-05 9.98423E-05 9.98423E-05 0.677337
9.98509E-05 9.98509E-05 9.98509E-05 9.98509E-05 0.0927031 9.98509E-05 9.98509E-05 9.98509E-05 9.98509E-05 9.98509E-05 0.0477995 9.98509E-05 9.98509E-05 0.562963 9.98509E-05 9.98509E-05 9.98509E-05 9.98509E-05 9.98509E-05 9.98509E-05 0.294837
0.214955 9.98594E-05 0.000343656 9.98594E-05 9.98594E-05 0.164988 9.98594E-05 9.98594E-05 9.98594E-05 9.98594E-05 9.98594E-05 9.98594E-05 9.98594E-05 9.98594E-05 9.98594E-05 9.98594E-05 9.98594E-05 0.0799656 9.98594E-05 9.98594E-05 0.53815
9.98596E-05 9.98596E-05 9.98596E-05 9.98596E-05 9.98596E-05 9.98596E-05 0.00219154 9.98596E-05 9.98596E-05 9.98596E-05 9.98596E-05 9.98596E-05 9.98596E-05 9.98596E-05 0.0466566 9.98596E-05 9.98596E-05 0.126454 9.98596E-05 0.01153 0.81157
0.0276408 9.98771E-05 9.98771E-05 9.98771E-05 9.98771E-05 9.98771E-05 9.98771E-05 9.98771E-05 9.98771E-05 9.98771E-05 0.0573067 9.98771E-05 0.309923 0.316774 9.98771E-05 9.98771E-05 9.98771E-05 0.111933 9.98771E-05 0.047466 0.127557
9.98422E-05 9.98422E-05 9.98422E-05 9.98422E-05 9.98422E-05 9.98422E-05 9.98422E-05 9.98422E-05 9.98422E-05 9.98422E-05 9.98422E-05 9.98422E-05 0.569908 9.98422E-05 9.98422E-05 9.98422E-05 0.0810072 9.98422E-05 9.98422E-05 9.98422E-05 0.347288
9.98771E-05 9.98771E-05 9.98771E-05 9.98771E-05 9.98771E-05 0.167613 9.98771E-05 9.98771E-05 9.98771E-05 9.98771E-05 0.0825486 0.0403324 9.98771E-05 9.98771E-05 0.00297861 9.98771E-05 0.0286822 0.161565 9.98771E-05 9.98771E-05 0.514882
0.0349856 0.118189 9.98683E-05 9.98683E-05 9.98683E-05 9.98683E-05 0.0711527 9.98683E-05 9.98683E-05 9.98683E-05 9.98683E-05 9.98683E-05 0.129742 9.98683E-05 9.98683E-05 9.98683E-05 9.98683E-05 0.147375 9.98683E-05 9.98683E-05 0.497058
0.0320528 9.99035E-05 9.99035E-05 0.00632224 9.99035E-05 0.0170835 0.0810499 9.99035E-05 9.99035E-05 9.99035E-05 9.99035E-05 0.0763194 0.234106 9.99035E-05 0.041297 9.99035E-05 9.99035E-05 0.174681 0.112851 9.99035E-05 0.223138
0.201833 9.98597E-05 9.98597E-05 9.98597E-05 9.98597E-05 9.98597E-05 9.98597E-05 9.98597E-05 9.98597E-05 9.98597E-05 0.0452499 0.04483 9.98597E-05 9.98597E-05 9.98597E-05 9.98597E-05 9.98597E-05 0.264299 9.98597E-05 9.98597E-05 0.44219
0.0406203 9.98421E-05 9.98421E-05 9.98421E-05 9.98421E-05 9.98421E-05 9.98421E-05 9.98421E-05 9.98421E-05 9.98421E-05 9.98421E-05 9.98421E-05 9.98421E-05 0.688433 9.98421E-05 9.98421E-05 9.98421E-05 9.98421E-05 9.98421E-05 9.98421E-05 0.26915
0.127896 9.98507E-05 9.98507E-05 9.98507E-05 0.136251 9.98507E-05 9.98507E-05 9.98507E-05 9.98507E-05 9.98507E-05 9.98507E-05 9.98507E-05 9.98507E-05 9.98507E-05 9.98507E-05 9.98507E-05 0.0463081 9.98507E-05 9.98507E-05 9.98507E-05 0.687848
9.98509E-05 9.98509E-05 9.98509E-05 9.98509E-05 9.98509E-05 9.98509E-05 9.98509E-05 9.98509E-05 9.98509E-05 9.98509E-05 9.98509E-05 9.98509E-05 0.40654 0.176053 9.98509E-05 9.98509E-05 9.98509E-05 0.1535 9.98509E-05 9.98509E-05 0.26221
0.14347 9.98684E-05 9.98684E-05 9.98684E-05 9.98684E-05 9.98684E-05 9.98684E-05 9.98684E-05 9.98684E-05 9.98684E-05 9.98684E-05 9.98684E-05 9.98684E-05 0.373787 9.98684E-05 9.98684E-05 0.0216605 0.0630397 9.98684E-05 0.0229039 0.373641
9.98596E-05 9.98596E-05 9.98596E-05 0.133332 9.98596E-05 0.0293704 9.98596E-05 9.98596E-05 9.98596E-05 9.98596E-05 9.98596E-05 0.00503801 9.98596E-05 9.98596E-05 9.98596E-05 9.98596E-05 9.98596E-05 0.0757936 9.98596E-05 9.98596E-05 0.754869
9.98595E-05 9.98595E-05 9.98595E-05 9.98595E-05 0.110626 9.98595E-05 0.0469576 9.98595E-05 9.98595E-05 9.98595E-05 9.98595E-05 0.0542242 9.98595E-05 9.98595E-05 9.98595E-05 9.98595E-05 0.0211286 9.98595E-05 9.98595E-05 9.98595E-05 0.765466
0.119744 9.98507E-05 9.98507E-05 9.98507E-05 9.98507E-05 0.194175 9.98507E-05 9.98507E-05 9.98507E-05 9.98507E-05 9.98507E-05 9.98507E-05 9.98507E-05 9.98507E-05 9.98507E-05 9.98507E-05 9.98507E-05 0.190149 9.98507E-05 9.98507E-05 0.494234
0.103597 9.98419E-05 9.98419E-05 9.98419E-05 9.98419E-05 9.98419E-05 9.98419E-05 9.98419E-05 9.98419E-05 9.98419E-05 9.98419E-05 9.98419E-05 9.98419E-05 9.98419E-05 9.98419E-05 9.98419E-05 9.98419E-05 0.116669 9.98419E-05 9.98419E-05 0.777937
0.0172213 9.9842E-05 9.9842E-05 9.9842E-05 9.9842E-05 9.9842E-05 9.9842E-05 9.9842E-05 9.9842E-05 9.9842E-05 9.9842E-05 9.9842E-05 9.9842E-05 9.9842E-05 9.9842E-05 9.9842E-05 0.0801039 9.9842E-05 9.9842E-05 9.9842E-05 0.900878
0.107293 9.98508E-05 9.98508E-05 9.98508E-05 9.98508E-05 9.98508E-05 9.98508E-05 9.98508E-05 9.98508E-05 9.98508E-05 0.134649 9.98508E-05 9.98508E-05 0.0878626 9.98508E-05 9.98508E-05 9.98508E-05 9.98508E-05 9.98508E-05 9.98508E-05 0.668498
9.9842E-05 9.9842E-05 9.9842E-05 9.9842E-05 9.9842E-05 9.9842E-05 9.9842E-05 9.9842E-05 9.9842E-05 9.9842E-05 9.9842E-05 9.9842E-05 9.9842E-05 0.250994 9.9842E-05 9.9842E-05 9.9842E-05 0.148643 9.9842E-05 9.9842E-05 0.598566
0.998004 9.98243E-05 9.98243E-05 9.98243E-05 9.98243E-05 9.98243E-05 9.98243E-05 9.98243E-05 9.98243E-05 9.98243E-05 9.98243E-05 9.98243E-05 9.98243E-05 9.98243E-05 9.98243E-05 9.98243E-05 9.98243E-05 9.98243E-05 9.98243E-05 9.98243E-05 9.98243E-05
9.98242E-05 9.98242E-05 9.98242E-05 9.98242E-05 9.98242E-05 9.98242E-05 9.98242E-05 9.98242E-05 9.98242E-05 9.98242E-05 9.98242E-05 9.98242E-05 9.98242E-05 9.98242E-05 9.98242E-05 9.98242E-05 9.98242E-05 0.998004 9.98242E-05 9.98242E-05 9.98242E-05
0.998004 9.98241E-05 9.98241E-05 9.98241E-05 9.98241E-05 9.98241E-05 9.98241E-05 9.98241E-05 9.98241E-05 9.98241E-05 9.98241E-05 9.98241E-05 9.98241E-05 9.98241E-05 9.98241E-05 9.98241E-05 9.98241E-05 9.98241E-05 9.98241E-05 9.98241E-05 9.98241E-05
9.98241E-05 9.98241E-05 9.98241E-05 9.98241E-05 9.98241E-05 9.98241E-05 9.98241E-05 9.98241E-05 9.98241E-05 9.98241E-05 9.98241E-05 9.98241E-05 9.98241E-05 9.98241E-05 9.98241E-05 9.98241E-05 9.98241E-05 0.998004 9.98241E-05 9.98241E-05 9.98241E-05
9.98242E-05 9.98242E-05 9.98242E-05 9.98242E-05 9.98242E-05 9.98242E-05 9.98242E-05 9.98242E-05 9.98242E-05 9.98242E-05 9.98242E-05 9.98242E-05 9.98242E-05 9.98242E-05 9.98242E-05 9.98242E-05 9.98242E-05 0.998004 9.98242E-05 9.98242E-05 9.98242E-05
9.98243E-05 9.98243E-05 9.98243E-05 9.98243E-05 9.98243E-05 9.98243E-05 9.98243E-05 9.98243E-05 9.98243E-05 9.98243E-05 9.98243E-05 9.98243E-05 9.98243E-05 9.98243E-05 9.98243E-05 9.98243E-05 9.98243E-05 0.998004 9.98243E-05 9.98243E-05 9.98243E-05
0.998004 9.98242E-05 9.98242E-05 9.98242E-05 9.98242E-05 9.98242E-05 9.98242E-05 9.98242E-05 9.98242E-05 9.98242E-05 9.98242E-05 9.98242E-05 9.98242E-05 9.98242E-05 9.98242E-05 9.98242E-05 9.98242E-05 9.98242E-05 9.98242E-05 9.98242E-05 9.98242E-05
9.98242E-05 9.98242E-05 9.98242E-05 9.98242E-05 9.98242E-05 9.98242E-05 9.98242E-05 9.98242E-05 9.98242E-05 9.98242E-05 9.98242E-05 9.98242E-05 9.98242E-05 9.98242E-05 9.98242E-05 9.98242E-05 9.98242E-05 0.998004 9.98242E-05 9.98242E-05 9.98242E-05
9.98243E-05 9.98243E-05 9.98243E-05 9.98243E-05 9.98243E-05 9.98243E-05 9.98243E-05 9.98243E-05 9.98243E-05 9.98243E-05 9.98243E-05 9.98243E-05 9.98243E-05 9.98243E-05 9.98243E-05 9.98243E-05 9.98243E-05 0.998004 9.98243E-05 9.98243E-05 9.98243E-05
0.998004 9.98242E-05 9.98242E-05 9.98242E-05 9.98242E-05 9.98242E-05 9.98242E-05 9.98242E-05 9.98242E-05 9.98242E-05 9.98242E-05 9.98242E-05 9.98242E-05 9.98242E-05 9.98242E-05 9.98242E-05 9.98242E-05 9.98242E-05 9.98242E-05 9.98242E-05 9.98242E-05
0.998004 9.98245E-05 9.98245E-05 9.98245E-05 9.98245E-05 9.98245E-05 9.98245E-05 9.98245E-05 9.98245E-05 9.98245E-05 9.98245E-05 9.98245E-05 9.98245E-05 9.98245E-05 9.98245E-05 9.98245E-05 9.98245E-05 9.98245E-05 9.98245E-05 9.98245E-05 9.98245E-05
0.998004 9.98242E-05 9.98242E-05 9.98242E-05 9.98242E-05 9.98242E-05 9.98242E-05 9.98242E-05 9.98242E-05 9.98242E-05 9.98242E-05 9.98242E-05 9.98242E-05 9.98242E-05 9.98242E-05 9.98242E-05 9.98242E-05 9.98242E-05 9.98242E-05 9.98242E-05 9.98242E-05
9.98242E-05 9.98242E-05 9.98242E-05 9.98242E-05 9.98242E-05 9.98242E-05 9.98242E-05 9.98242E-05 9.98242E-05 9.98242E-05 9.98242E-05 9.98242E-05 9.98242E-05 9.98242E-05 9.98242E-05 9.98242E-05 9.98242E-05 0.998004 9.98242E-05 9.98242E-05 9.98242E-05
9.98243E-05 9.98243E-05 9.98243E-05 9.98243E-05 9.98243E-05 9.98243E-05 9.98243E-05 9.98243E-05 9.98243E-05 9.98243E-05 9.98243E-05 9.98243E-05 9.98243E-05 9.98243E-05 9.98243E-05 9.98243E-05 9.98243E-05 0.998004 9.98243E-05 9.98243E-05 9.98243E-05
0.979128 9.98331E-05 9.98331E-05 9.98331E-05 9.98331E-05 9.98331E-05 9.98331E-05 9.98331E-05 9.98331E-05 9.98331E-05 9.98331E-05 9.98331E-05 9.98331E-05 9.98331E-05 9.98331E-05 9.98331E-05 0.0189753 9.98331E-05 9.98331E-05 9.98331E-05 9.98331E-05
0.998004 9.98241E-05 9.98241E-05 9.98241E-05 9.98241E-05 9.98241E-05 9.98241E-05 9.98241E-05 9.98241E-05 9.98241E-05 9.98241E-05 9.98241E-05 9.98241E-05 9.98241E-05 9.98241E-05 9.98241E-05 9.98241E-05 9.98241E-05 9.98241E-05 9.98241E-05 9.98241E-05
0.0948193 9.9877E-05 9.9877E-05 9.9877E-05 0.0650787 9.9877E-05 9.9877E-05 9.9877E-05 0.0887673 9.9877E-05 0.027385 9.9877E-05 9.9877E-05 9.9877E-05 9.9877E-05 9.9877E-05 9.9877E-05 0.0462461 0.055407 9.9877E-05 0.620898
0.998004 9.98242E-05 9.98242E-05 9.98242E-05 9.98242E-05 9.98242E-05 9.98242E-05 9.98242E-05 9.98242E-05 9.98242E-05 9.98242E-05 9.98242E-05 9.98242E-05 9.98242E-05 9.98242E-05 9.98242E-05 9.98242E-05 9.98242E-05 9.98242E-05 9.98242E-05 9.98242E-05
