0.315033 9.99122E-05 9.99122E-05 9.99122E-05 0.0673827 9.99122E-05 9.99122E-05 9.99122E-05 9.99122E-05 9.99122E-05 0.138648 9.99122E-05 9.99122E-05 0.380622 0.0458297 0.00141675 0.050069
0.209311 9.98947E-05 9.98947E-05 9.98947E-05 0.0601584 9.98947E-05 9.98947E-05 9.98947E-05 9.98947E-05 9.98947E-05 9.98947E-05 0.0273991 9.98947E-05 0.675658 9.98947E-05 0.0262748 9.98947E-05
9.98684E-05 9.98684E-05 9.98684E-05 9.98684E-05 9.98684E-05 9.98684E-05 9.98684E-05 9.98684E-05 9.98684E-05 9.98684E-05 9.98684E-05 0.97945 9.98684E-05 9.98684E-05 9.98684E-05 9.98684E-05 0.019052
9.9921E-05 0.00819947 9.9921E-05 9.9921E-05 0.0217619 9.9921E-05 0.102557 0.372915 9.9921E-05 9.9921E-05 0.0805827 0.22904 9.9921E-05 0.0884702 0.0955757 9.9921E-05 9.9921E-05
9.98683E-05 9.98683E-05 9.98683E-05 9.98683E-05 9.98683E-05 9.98683E-05 9.98683E-05 9.98683E-05 9.98683E-05 0.047772 9.98683E-05 9.98683E-05 9.98683E-05 0.95073 9.98683E-05 9.98683E-05 9.98683E-05
0.138677 0.136364 9.9921E-05 9.9921E-05 9.9921E-05 9.9921E-05 0.143304 0.0570044 0.0093838 0.130098 9.9921E-05 0.347064 9.9921E-05 9.9921E-05 9.9921E-05 0.0372068 9.9921E-05
0.0980602 9.99298E-05 9.99298E-05 9.99298E-05 0.0381196 9.99298E-05 9.99298E-05 0.154984 9.99298E-05 9.99298E-05 0.200684 0.268521 9.99298E-05 0.00447084 0.108314 0.0141265 0.111921
0.0775621 0.145845 9.99386E-05 0.0168137 9.99386E-05 9.99386E-05 0.0057006 0.105342 0.106273 0.143581 0.167655 0.0241587 9.99386E-05 0.20637 9.99386E-05 9.99386E-05 9.99386E-05
9.98859E-05 0.297542 9.98859E-05 9.98859E-05 0.24776 9.98859E-05 9.98859E-05 9.98859E-05 9.98859E-05 9.98859E-05 9.98859E-05 0.30975 9.98859E-05 9.98859E-05 9.98859E-05 9.98859E-05 0.14365
9.98683E-05 9.98683E-05 9.98683E-05 9.98683E-05 0.0466891 9.98683E-05 9.98683E-05 9.98683E-05 9.98683E-05 9.98683E-05 9.98683E-05 9.98683E-05 9.98683E-05 0.951813 9.98683E-05 9.98683E-05 9.98683E-05
0.159809 9.99035E-05 9.99035E-05 9.99035E-05 0.142014 9.99035E-05 9.99035E-05 9.99035E-05 9.99035E-05 9.99035E-05 0.0411998 0.338319 9.99035E-05 0.187972 0.129587 9.99035E-05 9.99035E-05
9.98595E-05 9.98595E-05 9.98595E-05 9.98595E-05 9.98595E-05 9.98595E-05 9.98595E-05 9.98595E-05 9.98595E-05 9.98595E-05 9.98595E-05 0.998402 9.98595E-05 9.98595E-05 9.98595E-05 9.98595E-05 9.98595E-05
9.98858E-05 0.000754175 9.98858E-05 9.98858E-05 0.086399 9.98858E-05 9.98858E-05 9.98858E-05 9.98858E-05 9.98858E-05 0.11245 9.98858E-05 9.98858E-05 0.799099 9.98858E-05 9.98858E-05 9.98858E-05
9.9921E-05 9.9921E-05 0.043481 9.9921E-05 0.0481147 9.9921E-05 0.054262 9.9921E-05 9.9921E-05 9.9921E-05 0.0340889 0.542339 0.0880544 0.164735 0.0240257 9.9921E-05 9.9921E-05
0.166502 0.131654 9.99035E-05 9.99035E-05 0.124774 9.99035E-05 0.112595 9.99035E-05 9.99035E-05 9.99035E-05 9.99035E-05 9.99035E-05 0.0721896 0.391186 9.99035E-05 9.99035E-05 9.99035E-05
0.0963921 0.235192 9.99298E-05 9.99298E-05 0.0610477 9.99298E-05 0.0705697 0.109781 0.0632619 0.0590795 0.0355552 9.99298E-05 9.99298E-05 0.268321 9.99298E-05 9.99298E-05 9.99298E-05
9.9921E-05 9.9921E-05 0.160809 9.9921E-05 0.0729164 9.9921E-05 9.9921E-05 0.0459764 0.0508027 9.9921E-05 0.00167474 9.9921E-05 9.9921E-05 0.529334 0.0581132 0.0794748 9.9921E-05
0.195703 0.0673731 9.99123E-05 0.122831 0.15902 0.144003 9.99123E-05 9.99123E-05 9.99123E-05 9.99123E-05 0.138978 0.171094 9.99123E-05 9.99123E-05 9.99123E-05 9.99123E-05 9.99123E-05
9.99122E-05 0.0942538 9.99122E-05 9.99122E-05 0.176808 9.99122E-05 9.99122E-05 9.99122E-05 9.99122E-05 9.99122E-05 0.178933 0.291206 0.0825375 0.117589 0.0576737 9.99122E-05 9.99122E-05
9.98596E-05 9.98596E-05 9.98596E-05 9.98596E-05 9.98596E-05 9.98596E-05 9.98596E-05 9.98596E-05 9.98596E-05 9.98596E-05 9.98596E-05 9.98596E-05 9.98596E-05 0.998402 9.98596E-05 9.98596E-05 9.98596E-05
9.9921E-05 0.0769306 9.9921E-05 9.9921E-05 0.0456268 9.9921E-05 9.9921E-05 0.156985 9.9921E-05 0.00316933 9.9921E-05 0.495606 0.0807875 0.0610299 0.0789664 9.9921E-05 9.9921E-05
9.99035E-05 0.161903 9.99035E-05 9.99035E-05 9.99035E-05 9.99035E-05 9.99035E-05 0.0500184 9.99035E-05 0.160466 0.297755 9.99035E-05 0.021348 0.307411 9.99035E-05 9.99035E-05 9.99035E-05
0.17826 0.000222288 9.99211E-05 9.99211E-05 0.0973403 9.99211E-05 0.10938 9.99211E-05 9.99211E-05 9.99211E-05 9.99211E-05 0.0037091 9.99211E-05 0.556106 0.0276635 9.99211E-05 0.02642
0.166899 9.99035E-05 9.99035E-05 9.99035E-05 0.251414 9.99035E-05 9.99035E-05 9.99035E-05 9.99035E-05 9.99035E-05 0.233035 0.0450616 9.99035E-05 0.229511 9.99035E-05 9.99035E-05 0.07298
9.9921E-05 0.0514221 9.9921E-05 9.9921E-05 0.242684 0.0305022 0.153901 9.9921E-05 9.9921E-05 9.9921E-05 0.0388801 0.338379 0.142203 9.9921E-05 0.00113018 9.9921E-05 9.9921E-05
9.99122E-05 9.99122E-05 9.99122E-05 9.99122E-05 0.155315 9.99122E-05 0.0157557 0.0329275 9.99122E-05 9.99122E-05 0.0379746 0.0989203 9.99122E-05 0.632099 0.0260094 9.99122E-05 9.99122E-05
9.99035E-05 9.99035E-05 9.99035E-05 0.149039 0.0837004 9.99035E-05 0.300865 9.99035E-05 0.0528134 9.99035E-05 0.340609 9.99035E-05 9.99035E-05 0.0718752 9.99035E-05 9.99035E-05 9.99035E-05
9.9886E-05 9.9886E-05 9.9886E-05 9.9886E-05 0.0287092 9.9886E-05 9.9886E-05 0.0949084 9.9886E-05 9.9886E-05 0.0741872 9.9886E-05 9.9886E-05 0.800897 9.9886E-05 9.9886E-05 9.9886E-05
0.053786 9.99123E-05 9.99123E-05 9.99123E-05 0.248307 0.015487 9.99123E-05 9.99123E-05 9.99123E-05 9.99123E-05 0.0595754 0.315168 9.99123E-05 0.285214 9.99123E-05 9.99123E-05 0.0214631
9.99122E-05 0.0360248 0.0195295 9.99122E-05 0.0540662 9.99122E-05 9.99122E-05 9.99122E-05 9.99122E-05 9.99122E-05 9.99122E-05 0.510626 9.99122E-05 0.322866 0.0187591 9.99122E-05 0.0371294
0.0968955 0.0199047 9.9921E-05 9.9921E-05 0.0223811 0.0193109 9.9921E-05 9.9921E-05 9.9921E-05 9.9921E-05 0.0111168 9.9921E-05 0.0147363 0.74478 0.0699754 9.9921E-05 9.9921E-05
0.0356671 9.99211E-05 9.99211E-05 9.99211E-05 0.122256 9.99211E-05 0.142095 0.0955366 9.99211E-05 9.99211E-05 0.0278564 0.0411535 9.99211E-05 0.519045 0.0154913 9.99211E-05 9.99211E-05
9.98859E-05 9.98859E-05 9.98859E-05 9.98859E-05 0.116304 9.98859E-05 9.98859E-05 9.98859E-05 9.98859E-05 9.98859E-05 0.145046 0.666313 9.98859E-05 9.98859E-05 0.0710375 9.98859E-05 9.98859E-05
9.98946E-05 9.98946E-05 9.98946E-05 0.0297258 0.0825609 9.98946E-05 0.130045 9.98946E-05 9.98946E-05 9.98946E-05 0.00182513 0.754644 9.98946E-05 9.98946E-05 9.98946E-05 9.98946E-05 9.98946E-05
9.99035E-05 9.99035E-05 9.99035E-05 9.99035E-05 0.0212719 0.0399454 9.99035E-05 9.99035E-05 9.99035E-05 9.99035E-05 9.99035E-05 0.400246 9.99035E-05 0.479247 0.00706418 0.0511262 9.99035E-05
0.0323417 9.99211E-05 9.99211E-05 9.99211E-05 0.0226008 9.99211E-05 9.99211E-05 0.151617 9.99211E-05 9.99211E-05 0.0968583 0.341909 9.99211E-05 0.338276 9.99211E-05 0.00710182 0.0083953
9.98772E-05 9.98772E-05 9.98772E-05 9.98772E-05 9.98772E-05 9.98772E-05 9.98772E-05 9.98772E-05 0.085419 9.98772E-05 9.98772E-05 9.98772E-05 9.98772E-05 0.883343 0.0298394 9.98772E-05 9.98772E-05
9.9886E-05 0.1788 9.9886E-05 9.9886E-05 0.0312621 9.9886E-05 9.9886E-05 9.9886E-05 9.9886E-05 9.9886E-05 9.9886E-05 0.785655 9.9886E-05 9.9886E-05 9.9886E-05 0.00298449 9.9886E-05
9.99123E-05 9.99123E-05 0.0206439 9.99123E-05 0.0957052 9.99123E-05 9.99123E-05 9.99123E-05 9.99123E-05 0.0321146 0.0407799 0.675355 9.99123E-05 9.99123E-05 0.0173201 0.117082 9.99123E-05
9.98858E-05 9.98858E-05 9.98858E-05 9.98858E-05 0.107447 9.98858E-05 0.115016 9.98858E-05 0.100423 9.98858E-05 9.98858E-05 0.675815 9.98858E-05 9.98858E-05 9.98858E-05 9.98858E-05 9.98858E-05
9.99035E-05 9.99035E-05 9.99035E-05 9.99035E-05 0.0415144 9.99035E-05 9.99035E-05 0.0920857 9.99035E-05 9.99035E-05 0.00573554 0.0770955 9.99035E-05 0.722832 0.0596378 9.99035E-05 9.99035E-05
0.0315323 0.0184402 9.9921E-05 9.9921E-05 0.0739516 9.9921E-05 9.9921E-05 9.9921E-05 9.9921E-05 0.0195586 0.155435 0.0142094 9.9921E-05 0.615602 9.9921E-05 9.9921E-05 0.0703715
9.98859E-05 9.98859E-05 0.0269401 9.98859E-05 9.98859E-05 9.98859E-05 9.98859E-05 9.98859E-05 0.00599464 9.98859E-05 0.0491006 9.98859E-05 9.98859E-05 0.916666 9.98859E-05 9.98859E-05 9.98859E-05
0.140002 0.0969633 9.99122E-05 9.99122E-05 0.155598 9.99122E-05 9.99122E-05 9.99122E-05 9.99122E-05 9.99122E-05 0.0690456 0.490674 9.99122E-05 9.99122E-05 0.0150365 9.99122E-05 0.0316806
9.98859E-05 9.98859E-05 9.98859E-05 9.98859E-05 0.157052 9.98859E-05 9.98859E-05 0.17502 9.98859E-05 9.98859E-05 0.433977 0.232652 9.98859E-05 9.98859E-05 9.98859E-05 9.98859E-05 9.98859E-05
9.9877E-05 9.9877E-05 9.9877E-05 9.9877E-05 9.9877E-05 0.00305444 9.9877E-05 0.0503501 9.9877E-05 9.9877E-05 9.9877E-05 0.945197 9.9877E-05 9.9877E-05 9.9877E-05 9.9877E-05 9.9877E-05
9.98859E-05 0.0471544 9.98859E-05 0.048406 0.0380004 9.98859E-05 9.98859E-05 9.98859E-05 9.98859E-05 9.98859E-05 9.98859E-05 9.98859E-05 9.98859E-05 0.865141 9.98859E-05 9.98859E-05 9.98859E-05
9.98596E-05 9.98596E-05 9.98596E-05 9.98596E-05 9.98596E-05 9.98596E-05 9.98596E-05 9.98596E-05 9.98596E-05 9.98596E-05 9.98596E-05 0.998402 9.98596E-05 9.98596E-05 9.98596E-05 9.98596E-05 9.98596E-05
0.00410377 9.99034E-05 9.99034E-05 9.99034E-05 0.107176 9.99034E-05 9.99034E-05 9.99034E-05 9.99034E-05 9.99034E-05 0.152096 0.00780172 9.99034E-05 0.61542 0.112303 9.99034E-05 9.99034E-05
9.99036E-05 0.0179609 9.99036E-05 0.00427939 9.99036E-05 9.99036E-05 9.99036E-05 9.99036E-05 0.113243 0.0304009 9.99036E-05 9.99036E-05 9.99036E-05 0.827616 0.0054005 9.99036E-05 9.99036E-05
0.123382 0.0855552 9.99297E-05 9.99297E-05 0.172018 9.99297E-05 0.113946 0.038532 9.99297E-05 9.99297E-05 9.99297E-05 0.210398 9.99297E-05 0.137554 0.107965 9.99297E-05 0.009851
9.99035E-05 9.99035E-05 9.99035E-05 9.99035E-05 9.99035E-05 0.0180902 9.99035E-05 0.027115 9.99035E-05 9.99035E-05 0.209704 0.484479 9.99035E-05 0.161185 9.99035E-05 9.99035E-05 0.0983276
9.9886E-05 9.9886E-05 9.9886E-05 0.0139499 0.036313 9.9886E-05 9.9886E-05 9.9886E-05 9.9886E-05 9.9886E-05 9.9886E-05 9.9886E-05 0.0448235 0.903615 9.9886E-05 9.9886E-05 9.9886E-05
9.98772E-05 9.98772E-05 9.98772E-05 9.98772E-05 9.98772E-05 0.0116961 9.98772E-05 9.98772E-05 0.143358 9.98772E-05 9.98772E-05 0.843548 9.98772E-05 9.98772E-05 9.98772E-05 9.98772E-05 9.98772E-05
9.9886E-05 9.9886E-05 9.9886E-05 9.9886E-05 0.0592399 9.9886E-05 9.9886E-05 9.9886E-05 9.9886E-05 9.9886E-05 9.9886E-05 0.564297 0.11789 0.257275 9.9886E-05 9.9886E-05 9.9886E-05
0.0585382 9.99035E-05 9.99035E-05 9.99035E-05 9.99035E-05 0.0374958 0.102468 9.99035E-05 9.99035E-05 0.0357104 9.99035E-05 0.307114 9.99035E-05 0.457574 9.99035E-05 9.99035E-05 9.99035E-05
9.99122E-05 0.0597401 9.99122E-05 0.06975 0.00371178 9.99122E-05 9.99122E-05 0.0390514 0.0258201 9.99122E-05 9.99122E-05 9.99122E-05 9.99122E-05 0.737966 0.0629618 9.99122E-05 9.99122E-05
9.98861E-05 9.98861E-05 9.98861E-05 9.98861E-05 0.0547659 9.98861E-05 9.98861E-05 0.0460793 9.98861E-05 9.98861E-05 9.98861E-05 9.98861E-05 9.98861E-05 0.880383 0.0174728 9.98861E-05 9.98861E-05
9.98859E-05 9.98859E-05 9.98859E-05 9.98859E-05 9.98859E-05 9.98859E-05 9.98859E-05 9.98859E-05 0.0367963 9.98859E-05 9.98859E-05 0.65916 9.98859E-05 0.288133 9.98859E-05 0.014612 9.98859E-05
0.710568 0.0399904 9.99034E-05 0.0395486 0.15188 9.99034E-05 9.99034E-05 9.99034E-05 9.99034E-05 9.99034E-05 9.99034E-05 9.99034E-05 9.99034E-05 9.99034E-05 0.0527444 0.00416968 9.99034E-05
0.923007 9.98685E-05 9.98685E-05 9.98685E-05 9.98685E-05 9.98685E-05 9.98685E-05 9.98685E-05 9.98685E-05 9.98685E-05 9.98685E-05 9.98685E-05 9.98685E-05 9.98685E-05 9.98685E-05 9.98685E-05 0.0754947
0.960072 9.98683E-05 9.98683E-05 0.03843 9.98683E-05 9.98683E-05 9.98683E-05 9.98683E-05 9.98683E-05 9.98683E-05 9.98683E-05 9.98683E-05 9.98683E-05 9.98683E-05 9.98683E-05 9.98683E-05 9.98683E-05
0.337232 0.0798527 9.99034E-05 0.0474673 9.99034E-05 9.99034E-05 0.313616 9.99034E-05 9.99034E-05 9.99034E-05 9.99034E-05 9.99034E-05 9.99034E-05 9.99034E-05 0.00362086 0.217111 9.99034E-05
0.628022 0.105365 9.99033E-05 9.99033E-05 0.0705013 0.118683 9.99033E-05 9.99033E-05 0.0227025 9.99033E-05 0.0536273 9.99033E-05 9.99033E-05 9.99033E-05 9.99033E-05 9.99033E-05 9.99033E-05
0.551439 0.0156455 9.99033E-05 0.0238435 0.259281 9.99033E-05 0.084347 9.99033E-05 9.99033E-05 9.99033E-05 0.0643451 9.99033E-05 9.99033E-05 9.99033E-05 9.99033E-05 9.99033E-05 9.99033E-05
0.521703 9.98945E-05 9.98945E-05 9.98945E-05 0.0595855 9.98945E-05 9.98945E-05 0.0938955 9.98945E-05 9.98945E-05 9.98945E-05 9.98945E-05 9.98945E-05 9.98945E-05 0.0285343 0.295083 9.98945E-05
0.564094 0.117666 9.99033E-05 0.117454 0.0530805 9.99033E-05 0.0590802 9.99033E-05 9.99033E-05 9.99033E-05 9.99033E-05 9.99033E-05 9.99033E-05 9.99033E-05 9.99033E-05 0.0875263 9.99033E-05
0.973551 9.98771E-05 9.98771E-05 9.98771E-05 9.98771E-05 9.98771E-05 9.98771E-05 9.98771E-05 9.98771E-05 9.98771E-05 9.98771E-05 9.98771E-05 9.98771E-05 9.98771E-05 9.98771E-05 0.00995452 0.0150965
0.954318 0.0152982 9.9877E-05 9.9877E-05 9.9877E-05 9.9877E-05 9.9877E-05 9.9877E-05 9.9877E-05 9.9877E-05 9.9877E-05 9.9877E-05 9.9877E-05 9.9877E-05 0.0289853 9.9877E-05 9.9877E-05
0.495151 0.0485183 9.99121E-05 0.0307283 0.277736 0.0179479 9.99121E-05 0.00377126 9.99121E-05 9.99121E-05 9.99121E-05 9.99121E-05 9.99121E-05 9.99121E-05 0.125148 9.99121E-05 9.99121E-05
0.460241 9.99297E-05 9.99297E-05 9.99297E-05 0.0773213 9.99297E-05 9.99297E-05 0.0844994 0.0893052 0.0155871 0.0639239 9.99297E-05 0.0208906 9.99297E-05 0.152816 0.0346167 9.99297E-05
0.550354 0.251912 9.99033E-05 9.99033E-05 9.99033E-05 9.99033E-05 9.99033E-05 9.99033E-05 0.032685 0.0712432 0.0108261 9.99033E-05 9.99033E-05 9.99033E-05 0.0818812 9.99033E-05 9.99033E-05
0.570336 9.98945E-05 9.98945E-05 9.98945E-05 0.20576 9.98945E-05 9.98945E-05 9.98945E-05 9.98945E-05 0.0185184 0.158556 9.98945E-05 9.98945E-05 9.98945E-05 9.98945E-05 0.0456307 9.98945E-05
0.924274 9.98686E-05 9.98686E-05 9.98686E-05 9.98686E-05 9.98686E-05 0.0742283 9.98686E-05 9.98686E-05 9.98686E-05 9.98686E-05 9.98686E-05 9.98686E-05 9.98686E-05 9.98686E-05 9.98686E-05 9.98686E-05
0.932476 0.0123198 9.98947E-05 9.98947E-05 0.0222289 9.98947E-05 9.98947E-05 0.0314133 9.98947E-05 9.98947E-05 9.98947E-05 9.98947E-05 9.98947E-05 9.98947E-05 9.98947E-05 0.00036283 9.98947E-05
0.612781 9.99032E-05 9.99032E-05 0.0865301 0.0154333 9.99032E-05 0.137914 0.0497302 0.0965119 9.99032E-05 9.99032E-05 9.99032E-05 9.99032E-05 9.99032E-05 9.99032E-05 9.99032E-05 9.99032E-05
0.669038 0.0367051 9.98946E-05 9.98946E-05 9.98946E-05 9.98946E-05 9.98946E-05 0.0767909 9.98946E-05 9.98946E-05 0.0949044 9.98946E-05 9.98946E-05 9.98946E-05 0.121363 9.98946E-05 9.98946E-05
0.832588 9.98946E-05 9.98946E-05 0.0910198 0.0213981 9.98946E-05 9.98946E-05 0.0136747 9.98946E-05 9.98946E-05 9.98946E-05 9.98946E-05 9.98946E-05 9.98946E-05 0.0401204 9.98946E-05 9.98946E-05
0.604876 9.98945E-05 9.98945E-05 0.0421475 0.262235 0.0228609 9.98945E-05 9.98945E-05 9.98945E-05 9.98945E-05 9.98945E-05 9.98945E-05 9.98945E-05 9.98945E-05 0.0666823 9.98945E-05 9.98945E-05
0.969657 9.98687E-05 0.0288447 9.98687E-05 9.98687E-05 9.98687E-05 9.98687E-05 9.98687E-05 9.98687E-05 9.98687E-05 9.98687E-05 9.98687E-05 9.98687E-05 9.98687E-05 9.98687E-05 9.98687E-05 9.98687E-05
0.687924 9.98857E-05 9.98857E-05 9.98857E-05 0.023038 9.98857E-05 9.98857E-05 9.98857E-05 9.98857E-05 9.98857E-05 0.279006 9.98857E-05 0.00873384 9.98857E-05 9.98857E-05 9.98857E-05 9.98857E-05
0.724025 9.99035E-05 9.99035E-05 9.99035E-05 0.0306321 9.99035E-05 0.209034 9.99035E-05 9.99035E-05 9.99035E-05 0.0230715 9.99035E-05 0.0049502 9.99035E-05 9.99035E-05 0.00718819 9.99035E-05
0.679431 0.0285734 9.99122E-05 0.0554568 9.99122E-05 9.99122E-05 0.0259368 0.17075 9.99122E-05 0.00948707 9.99122E-05 9.99122E-05 9.99122E-05 9.99122E-05 9.99122E-05 9.99122E-05 0.0293654
0.834871 9.98681E-05 9.98681E-05 9.98681E-05 9.98681E-05 9.98681E-05 9.98681E-05 9.98681E-05 9.98681E-05 9.98681E-05 9.98681E-05 9.98681E-05 9.98681E-05 9.98681E-05 0.163631 9.98681E-05 9.98681E-05
0.885978 0.0701428 9.99036E-05 9.99036E-05 0.0139195 0.0193942 0.00324439 9.99036E-05 9.99036E-05 9.99036E-05 9.99036E-05 0.00622224 9.99036E-05 9.99036E-05 9.99036E-05 9.99036E-05 9.99036E-05
0.998402 9.98597E-05 9.98597E-05 9.98597E-05 9.98597E-05 9.98597E-05 9.98597E-05 9.98597E-05 9.98597E-05 9.98597E-05 9.98597E-05 9.98597E-05 9.98597E-05 9.98597E-05 9.98597E-05 9.98597E-05 9.98597E-05
0.988094 9.98684E-05 9.98684E-05 9.98684E-05 0.0104082 9.98684E-05 9.98684E-05 9.98684E-05 9.98684E-05 9.98684E-05 9.98684E-05 9.98684E-05 9.98684E-05 9.98684E-05 9.98684E-05 9.98684E-05 9.98684E-05
0.901382 9.98684E-05 9.98684E-05 0.0971203 9.98684E-05 9.98684E-05 9.98684E-05 9.98684E-05 9.98684E-05 9.98684E-05 9.98684E-05 9.98684E-05 9.98684E-05 9.98684E-05 9.98684E-05 9.98684E-05 9.98684E-05
0.504898 0.120775 0.106923 9.98948E-05 0.187774 9.98948E-05 9.98948E-05 9.98948E-05 9.98948E-05 9.98948E-05 9.98948E-05 0.0784321 9.98948E-05 9.98948E-05 9.98948E-05 9.98948E-05 9.98948E-05
9.98771E-05 0.0949956 9.98771E-05 9.98771E-05 0.0910995 9.98771E-05 0.812507 9.98771E-05 9.98771E-05 9.98771E-05 9.98771E-05 9.98771E-05 9.98771E-05 9.98771E-05 9.98771E-05 9.98771E-05 9.98771E-05
9.9886E-05 0.0323104 0.429207 9.9886E-05 0.0364189 9.9886E-05 0.500765 9.9886E-05 9.9886E-05 9.9886E-05 9.9886E-05 9.9886E-05 9.9886E-05 9.9886E-05 9.9886E-05 9.9886E-05 9.9886E-05
9.98683E-05 9.98683E-05 9.98683E-05 9.98683E-05 0.100423 9.98683E-05 0.898079 9.98683E-05 9.98683E-05 9.98683E-05 9.98683E-05 9.98683E-05 9.98683E-05 9.98683E-05 9.98683E-05 9.98683E-05 9.98683E-05
9.98858E-05 0.0482844 9.98858E-05 9.98858E-05 0.0898558 9.98858E-05 0.815116 9.98858E-05 9.98858E-05 9.98858E-05 9.98858E-05 9.98858E-05 9.98858E-05 9.98858E-05 0.045445 9.98858E-05 9.98858E-05
9.98858E-05 0.0746095 9.98858E-05 9.98858E-05 9.98858E-05 9.98858E-05 0.767724 9.98858E-05 0.094011 9.98858E-05 9.98858E-05 9.98858E-05 9.98858E-05 9.98858E-05 9.98858E-05 9.98858E-05 0.0623572
9.98947E-05 0.174047 9.98947E-05 9.98947E-05 0.13997 9.98947E-05 0.600986 0.0354442 9.98947E-05 9.98947E-05 9.98947E-05 9.98947E-05 9.98947E-05 9.98947E-05 9.98947E-05 0.0483542 9.98947E-05
9.98947E-05 0.0871537 9.98947E-05 0.0103608 0.076976 9.98947E-05 0.787991 9.98947E-05 9.98947E-05 9.98947E-05 0.0363195 9.98947E-05 9.98947E-05 9.98947E-05 9.98947E-05 9.98947E-05 9.98947E-05
9.98771E-05 0.219211 9.98771E-05 9.98771E-05 0.00237288 9.98771E-05 0.777018 9.98771E-05 9.98771E-05 9.98771E-05 9.98771E-05 9.98771E-05 9.98771E-05 9.98771E-05 9.98771E-05 9.98771E-05 9.98771E-05
9.98946E-05 0.381701 9.98946E-05 9.98946E-05 0.0521484 9.98946E-05 0.30738 9.98946E-05 9.98946E-05 9.98946E-05 9.98946E-05 9.98946E-05 9.98946E-05 9.98946E-05 0.0100064 0.247566 9.98946E-05
9.98771E-05 0.168549 9.98771E-05 9.98771E-05 0.289599 9.98771E-05 0.540453 9.98771E-05 9.98771E-05 9.98771E-05 9.98771E-05 9.98771E-05 9.98771E-05 9.98771E-05 9.98771E-05 9.98771E-05 9.98771E-05
9.98773E-05 9.98773E-05 0.17702 9.98773E-05 9.98773E-05 9.98773E-05 0.526418 9.98773E-05 9.98773E-05 9.98773E-05 9.98773E-05 9.98773E-05 9.98773E-05 9.98773E-05 9.98773E-05 0.295164 9.98773E-05
9.98947E-05 9.98947E-05 0.0659183 9.98947E-05 0.0442591 9.98947E-05 0.733191 9.98947E-05 9.98947E-05 9.98947E-05 9.98947E-05 9.98947E-05 9.98947E-05 0.000103157 9.98947E-05 0.15533 9.98947E-05
9.98773E-05 0.0743886 0.021429 9.98773E-05 9.98773E-05 9.98773E-05 0.902784 9.98773E-05 9.98773E-05 9.98773E-05 9.98773E-05 9.98773E-05 9.98773E-05 9.98773E-05 9.98773E-05 9.98773E-05 9.98773E-05
9.98948E-05 0.0881069 0.0203057 9.98948E-05 0.225909 9.98948E-05 0.662081 9.98948E-05 9.98948E-05 9.98948E-05 9.98948E-05 9.98948E-05 9.98948E-05 9.98948E-05 9.98948E-05 9.98948E-05 0.00239928
9.9886E-05 0.0653449 0.0777719 0.136041 9.9886E-05 9.9886E-05 0.719543 9.9886E-05 9.9886E-05 9.9886E-05 9.9886E-05 9.9886E-05 9.9886E-05 9.9886E-05 9.9886E-05 9.9886E-05 9.9886E-05
9.99035E-05 9.99035E-05 9.99035E-05 9.99035E-05 0.118575 0.0294233 0.715679 9.99035E-05 9.99035E-05 9.99035E-05 0.0204833 9.99035E-05 9.99035E-05 9.99035E-05 0.0346539 0.0800861 9.99035E-05
9.99035E-05 0.10615 0.0292071 9.99035E-05 0.0386382 0.0874186 0.525037 9.99035E-05 9.99035E-05 9.99035E-05 9.99035E-05 9.99035E-05 9.99035E-05 9.99035E-05 9.99035E-05 0.21245 9.99035E-05
9.98948E-05 0.141358 0.0281949 9.98948E-05 9.98948E-05 9.98948E-05 0.627595 9.98948E-05 9.98948E-05 0.0675739 0.134079 9.98948E-05 9.98948E-05 9.98948E-05 9.98948E-05 9.98948E-05 9.98948E-05
9.98772E-05 9.98772E-05 0.00605693 9.98772E-05 9.98772E-05 9.98772E-05 0.957652 9.98772E-05 9.98772E-05 9.98772E-05 9.98772E-05 9.98772E-05 9.98772E-05 9.98772E-05 0.0348929 9.98772E-05 9.98772E-05
0.0101624 0.0942127 0.141365 9.99123E-05 0.113667 0.0899293 0.54923 9.99123E-05 9.99123E-05 9.99123E-05 9.99123E-05 9.99123E-05 9.99123E-05 9.99123E-05 0.000434599 9.99123E-05 9.99123E-05
9.98859E-05 9.98859E-05 9.98859E-05 9.98859E-05 0.048445 9.98859E-05 0.848731 9.98859E-05 9.98859E-05 0.00373077 9.98859E-05 9.98859E-05 9.98859E-05 9.98859E-05 9.98859E-05 0.0977952 9.98859E-05
9.98771E-05 0.0383717 9.98771E-05 9.98771E-05 0.00333368 9.98771E-05 0.956896 9.98771E-05 9.98771E-05 9.98771E-05 9.98771E-05 9.98771E-05 9.98771E-05 9.98771E-05 9.98771E-05 9.98771E-05 9.98771E-05
9.99035E-05 0.229463 9.99035E-05 9.99035E-05 0.193464 0.0737679 0.432203 9.99035E-05 9.99035E-05 9.99035E-05 9.99035E-05 9.99035E-05 9.99035E-05 9.99035E-05 9.99035E-05 0.0417223 0.0282803
9.98772E-05 0.120654 0.105954 9.98772E-05 9.98772E-05 9.98772E-05 0.771994 9.98772E-05 9.98772E-05 9.98772E-05 9.98772E-05 9.98772E-05 9.98772E-05 9.98772E-05 9.98772E-05 9.98772E-05 9.98772E-05
9.98947E-05 0.213948 9.98947E-05 9.98947E-05 0.254317 0.0639407 0.452472 9.98947E-05 9.98947E-05 9.98947E-05 9.98947E-05 9.98947E-05 9.98947E-05 9.98947E-05 9.98947E-05 0.0141236 9.98947E-05
0.162522 0.138655 0.251165 9.99123E-05 0.095426 9.99123E-05 0.225902 9.99123E-05 0.0257919 9.99123E-05 9.99123E-05 9.99123E-05 9.99123E-05 9.99123E-05 9.99123E-05 0.0995398 9.99123E-05
9.98947E-05 9.98947E-05 0.576474 9.98947E-05 0.0507536 0.000399277 0.214362 9.98947E-05 9.98947E-05 9.98947E-05 9.98947E-05 9.98947E-05 9.98947E-05 9.98947E-05 9.98947E-05 9.98947E-05 0.156813
9.98769E-05 0.0520797 9.98769E-05 9.98769E-05 0.0572179 9.98769E-05 0.889304 9.98769E-05 9.98769E-05 9.98769E-05 9.98769E-05 9.98769E-05 9.98769E-05 9.98769E-05 9.98769E-05 9.98769E-05 9.98769E-05
9.98859E-05 0.257512 9.98859E-05 9.98859E-05 0.172794 9.98859E-05 0.521631 9.98859E-05 9.98859E-05 9.98859E-05 9.98859E-05 9.98859E-05 9.98859E-05 9.98859E-05 9.98859E-05 0.0467644 9.98859E-05
9.98948E-05 9.98948E-05 0.0263623 9.98948E-05 0.124601 0.0399455 0.784048 9.98948E-05 9.98948E-05 9.98948E-05 9.98948E-05 9.98948E-05 9.98948E-05 9.98948E-05 0.0238447 9.98948E-05 9.98948E-05
9.9886E-05 0.00643569 9.9886E-05 9.9886E-05 0.225711 9.9886E-05 0.71664 9.9886E-05 9.9886E-05 9.9886E-05 9.9886E-05 9.9886E-05 9.9886E-05 9.9886E-05 0.0499147 9.9886E-05 9.9886E-05
9.98684E-05 9.98684E-05 9.98684E-05 9.98684E-05 9.98684E-05 9.98684E-05 0.947686 9.98684E-05 0.0508162 9.98684E-05 9.98684E-05 9.98684E-05 9.98684E-05 9.98684E-05 9.98684E-05 9.98684E-05 9.98684E-05
9.99034E-05 0.287858 9.99034E-05 9.99034E-05 0.131425 0.149651 0.389992 9.99034E-05 9.99034E-05 0.00467464 9.99034E-05 9.99034E-05 9.99034E-05 9.99034E-05 0.0353 9.99034E-05 9.99034E-05
9.98857E-05 9.98857E-05 9.98857E-05 9.98857E-05 0.015593 9.98857E-05 0.772876 9.98857E-05 9.98857E-05 9.98857E-05 0.207746 9.98857E-05 0.00248683 9.98857E-05 9.98857E-05 9.98857E-05 9.98857E-05
9.98773E-05 9.98773E-05 0.00158407 9.98773E-05 0.0627917 9.98773E-05 0.934226 9.98773E-05 9.98773E-05 9.98773E-05 9.98773E-05 9.98773E-05 9.98773E-05 9.98773E-05 9.98773E-05 9.98773E-05 9.98773E-05
9.99034E-05 0.023211 0.118856 9.99034E-05 9.99034E-05 9.99034E-05 0.718374 9.99034E-05 0.0486974 9.99034E-05 0.0289561 9.99034E-05 9.99034E-05 9.99034E-05 0.0608067 9.99034E-05 9.99034E-05
9.98857E-05 0.084089 9.98857E-05 0.0208258 0.182403 9.98857E-05 0.711384 9.98857E-05 9.98857E-05 9.98857E-05 9.98857E-05 9.98857E-05 9.98857E-05 9.98857E-05 9.98857E-05 9.98857E-05 9.98857E-05
9.98859E-05 0.0876833 0.503858 0.0223264 9.98859E-05 9.98859E-05 0.384834 9.98859E-05 9.98859E-05 9.98859E-05 9.98859E-05 9.98859E-05 9.98859E-05 9.98859E-05 9.98859E-05 9.98859E-05 9.98859E-05
9.98948E-05 9.98948E-05 0.217771 0.0365761 0.0439771 9.98948E-05 0.664959 9.98948E-05 9.98948E-05 9.98948E-05 9.98948E-05 9.98948E-05 9.98948E-05 9.98948E-05 0.0355185 9.98948E-05 9.98948E-05
9.98773E-05 0.00140594 0.288007 9.98773E-05 9.98773E-05 9.98773E-05 0.709189 9.98773E-05 9.98773E-05 9.98773E-05 9.98773E-05 9.98773E-05 9.98773E-05 9.98773E-05 9.98773E-05 9.98773E-05 9.98773E-05
9.98684E-05 9.98684E-05 0.397848 9.98684E-05 9.98684E-05 9.98684E-05 0.600654 9.98684E-05 9.98684E-05 9.98684E-05 9.98684E-05 9.98684E-05 9.98684E-05 9.98684E-05 9.98684E-05 9.98684E-05 9.98684E-05
9.98946E-05 0.141456 9.98946E-05 9.98946E-05 0.273919 9.98946E-05 0.468385 9.98946E-05 9.98946E-05 0.019253 9.98946E-05 9.98946E-05 9.98946E-05 9.98946E-05 9.98946E-05 0.0957887 9.98946E-05
9.98859E-05 0.125813 9.98859E-05 9.98859E-05 9.98859E-05 9.98859E-05 0.765569 9.98859E-05 9.98859E-05 9.98859E-05 0.0187484 9.98859E-05 0.0885715 9.98859E-05 9.98859E-05 9.98859E-05 9.98859E-05
9.99034E-05 0.14489 0.548557 9.99034E-05 0.120454 0.0402812 0.139914 9.99034E-05 9.99034E-05 9.99034E-05 9.99034E-05 0.00480473 9.99034E-05 9.99034E-05 9.99034E-05 9.99034E-05 9.99034E-05
9.98772E-05 9.98772E-05 0.459033 9.98772E-05 0.0832536 9.98772E-05 0.456315 9.98772E-05 9.98772E-05 9.98772E-05 9.98772E-05 9.98772E-05 9.98772E-05 9.98772E-05 9.98772E-05 9.98772E-05 9.98772E-05
9.99034E-05 0.20141 9.99034E-05 0.0264067 9.99034E-05 0.0865746 0.446882 9.99034E-05 9.99034E-05 9.99034E-05 0.0402886 9.99034E-05 9.99034E-05 9.99034E-05 9.99034E-05 0.19734 9.99034E-05
0.121511 0.147365 9.98947E-05 0.0464447 0.041707 9.98947E-05 0.641774 9.98947E-05 9.98947E-05 9.98947E-05 9.98947E-05 9.98947E-05 9.98947E-05 9.98947E-05 9.98947E-05 9.98947E-05 9.98947E-05
9.99299E-05 0.134164 0.0146865 0.0405911 0.00937071 9.99299E-05 0.641253 9.99299E-05 9.99299E-05 9.99299E-05 0.0231619 9.99299E-05 0.0140834 9.99299E-05 9.99299E-05 0.063686 0.0582039
9.98947E-05 0.279373 9.98947E-05 9.98947E-05 0.217887 0.00301397 0.411087 9.98947E-05 9.98947E-05 9.98947E-05 0.08744 9.98947E-05 9.98947E-05 9.98947E-05 9.98947E-05 9.98947E-05 9.98947E-05
9.98772E-05 9.98772E-05 0.483281 9.98772E-05 0.0684159 9.98772E-05 0.446905 9.98772E-05 9.98772E-05 9.98772E-05 9.98772E-05 9.98772E-05 9.98772E-05 9.98772E-05 9.98772E-05 9.98772E-05 9.98772E-05
9.98858E-05 9.98858E-05 9.98858E-05 9.98858E-05 0.0803929 9.98858E-05 0.699781 0.200349 9.98858E-05 9.98858E-05 0.0181788 9.98858E-05 9.98858E-05 9.98858E-05 9.98858E-05 9.98858E-05 9.98858E-05
9.98946E-05 0.1152 0.540457 9.98946E-05 9.98946E-05 9.98946E-05 0.327771 9.98946E-05 9.98946E-05 0.00626162 9.98946E-05 9.98946E-05 9.98946E-05 9.98946E-05 0.00911252 9.98946E-05 9.98946E-05
9.99123E-05 0.0316782 0.185565 0.0163789 0.211792 9.99123E-05 0.423047 9.99123E-05 9.99123E-05 0.051212 9.99123E-05 9.99123E-05 9.99123E-05 9.99123E-05 0.0793282 9.99123E-05 9.99123E-05
9.98858E-05 0.0416358 9.98858E-05 9.98858E-05 9.98858E-05 9.98858E-05 0.91998 9.98858E-05 0.000592297 9.98858E-05 9.98858E-05 9.98858E-05 9.98858E-05 9.98858E-05 9.98858E-05 0.0364935 9.98858E-05
9.9877E-05 9.9877E-05 9.9877E-05 9.9877E-05 9.9877E-05 0.00591405 0.902879 0.0898082 9.9877E-05 9.9877E-05 9.9877E-05 9.9877E-05 9.9877E-05 9.9877E-05 9.9877E-05 9.9877E-05 9.9877E-05
9.99034E-05 0.118792 9.99034E-05 9.99034E-05 0.124886 9.99034E-05 0.456124 0.020973 9.99034E-05 9.99034E-05 9.99034E-05 9.99034E-05 0.00381398 9.99034E-05 9.99034E-05 0.274313 9.99034E-05
9.9877E-05 0.156672 9.9877E-05 9.9877E-05 0.0814266 9.9877E-05 0.760503 9.9877E-05 9.9877E-05 9.9877E-05 9.9877E-05 9.9877E-05 9.9877E-05 9.9877E-05 9.9877E-05 9.9877E-05 9.9877E-05
9.98946E-05 9.98946E-05 9.98946E-05 9.98946E-05 0.0382377 9.98946E-05 0.885425 0.00408324 9.98946E-05 0.0388978 9.98946E-05 9.98946E-05 9.98946E-05 9.98946E-05 0.0321577 9.98946E-05 9.98946E-05
9.9886E-05 9.9886E-05 0.0263764 9.9886E-05 0.0924398 0.0650019 0.814883 9.9886E-05 9.9886E-05 9.9886E-05 9.9886E-05 9.9886E-05 9.9886E-05 9.9886E-05 9.9886E-05 9.9886E-05 9.9886E-05
9.98947E-05 0.155486 0.14404 9.98947E-05 0.0123361 9.98947E-05 0.653382 9.98947E-05 9.98947E-05 9.98947E-05 9.98947E-05 9.98947E-05 9.98947E-05 9.98947E-05 9.98947E-05 0.0335576 9.98947E-05
9.98593E-05 9.98593E-05 9.98593E-05 9.98593E-05 0.998402 9.98593E-05 9.98593E-05 9.98593E-05 9.98593E-05 9.98593E-05 9.98593E-05 9.98593E-05 9.98593E-05 9.98593E-05 9.98593E-05 9.98593E-05 9.98593E-05
9.98593E-05 0.998402 9.98593E-05 9.98593E-05 9.98593E-05 9.98593E-05 9.98593E-05 9.98593E-05 9.98593E-05 9.98593E-05 9.98593E-05 9.98593E-05 9.98593E-05 9.98593E-05 9.98593E-05 9.98593E-05 9.98593E-05
9.98593E-05 9.98593E-05 9.98593E-05 9.98593E-05 0.998402 9.98593E-05 9.98593E-05 9.98593E-05 9.98593E-05 9.98593E-05 9.98593E-05 9.98593E-05 9.98593E-05 9.98593E-05 9.98593E-05 9.98593E-05 9.98593E-05
9.98593E-05 0.998402 9.98593E-05 9.98593E-05 9.98593E-05 9.98593E-05 9.98593E-05 9.98593E-05 9.98593E-05 9.98593E-05 9.98593E-05 9.98593E-05 9.98593E-05 9.98593E-05 9.98593E-05 9.98593E-05 9.98593E-05
9.98593E-05 0.998402 9.98593E-05 9.98593E-05 9.98593E-05 9.98593E-05 9.98593E-05 9.98593E-05 9.98593E-05 9.98593E-05 9.98593E-05 9.98593E-05 9.98593E-05 9.98593E-05 9.98593E-05 9.98593E-05 9.98593E-05
9.98594E-05 0.998402 9.98594E-05 9.98594E-05 9.98594E-05 9.98594E-05 9.98594E-05 9.98594E-05 9.98594E-05 9.98594E-05 9.98594E-05 9.98594E-05 9.98594E-05 9.98594E-05 9.98594E-05 9.98594E-05 9.98594E-05
9.98593E-05 9.98593E-05 9.98593E-05 9.98593E-05 0.998402 9.98593E-05 9.98593E-05 9.98593E-05 9.98593E-05 9.98593E-05 9.98593E-05 9.98593E-05 9.98593E-05 9.98593E-05 9.98593E-05 9.98593E-05 9.98593E-05
9.98593E-05 0.998402 9.98593E-05 9.98593E-05 9.98593E-05 9.98593E-05 9.98593E-05 9.98593E-05 9.98593E-05 9.98593E-05 9.98593E-05 9.98593E-05 9.98593E-05 9.98593E-05 9.98593E-05 9.98593E-05 9.98593E-05
9.98593E-05 0.998402 9.98593E-05 9.98593E-05 9.98593E-05 9.98593E-05 9.98593E-05 9.98593E-05 9.98593E-05 9.98593E-05 9.98593E-05 9.98593E-05 9.98593E-05 9.98593E-05 9.98593E-05 9.98593E-05 9.98593E-05
9.98594E-05 9.98594E-05 9.98594E-05 9.98594E-05 0.998402 9.98594E-05 9.98594E-05 9.98594E-05 9.98594E-05 9.98594E-05 9.98594E-05 9.98594E-05 9.98594E-05 9.98594E-05 9.98594E-05 9.98594E-05 9.98594E-05
9.98594E-05 9.98594E-05 9.98594E-05 9.98594E-05 0.998402 9.98594E-05 9.98594E-05 9.98594E-05 9.98594E-05 9.98594E-05 9.98594E-05 9.98594E-05 9.98594E-05 9.98594E-05 9.98594E-05 9.98594E-05 9.98594E-05
9.98593E-05 9.98593E-05 9.98593E-05 9.98593E-05 0.998402 9.98593E-05 9.98593E-05 9.98593E-05 9.98593E-05 9.98593E-05 9.98593E-05 9.98593E-05 9.98593E-05 9.98593E-05 9.98593E-05 9.98593E-05 9.98593E-05
9.98594E-05 0.998402 9.98594E-05 9.98594E-05 9.98594E-05 9.98594E-05 9.98594E-05 9.98594E-05 9.98594E-05 9.98594E-05 9.98594E-05 9.98594E-05 9.98594E-05 9.98594E-05 9.98594E-05 9.98594E-05 9.98594E-05
9.98594E-05 0.998402 9.98594E-05 9.98594E-05 9.98594E-05 9.98594E-05 9.98594E-05 9.98594E-05 9.98594E-05 9.98594E-05 9.98594E-05 9.98594E-05 9.98594E-05 9.98594E-05 9.98594E-05 9.98594E-05 9.98594E-05
9.98594E-05 9.98594E-05 9.98594E-05 9.98594E-05 0.998402 9.98594E-05 9.98594E-05 9.98594E-05 9.98594E-05 9.98594E-05 9.98594E-05 9.98594E-05 9.98594E-05 9.98594E-05 9.98594E-05 9.98594E-05 9.98594E-05
9.98593E-05 9.98593E-05 9.98593E-05 9.98593E-05 0.998402 9.98593E-05 9.98593E-05 9.98593E-05 9.98593E-05 9.98593E-05 9.98593E-05 9.98593E-05 9.98593E-05 9.98593E-05 9.98593E-05 9.98593E-05 9.98593E-05
9.99033E-05 0.0217735 9.99033E-05 9.99033E-05 0.0830083 9.99033E-05 0.681451 0.0453318 9.99033E-05 9.99033E-05 9.99033E-05 9.99033E-05 0.108657 9.99033E-05 9.99033E-05 9.99033E-05 0.0586803
9.98593E-05 9.98593E-05 9.98593E-05 9.98593E-05 0.998402 9.98593E-05 9.98593E-05 9.98593E-05 9.98593E-05 9.98593E-05 9.98593E-05 9.98593E-05 9.98593E-05 9.98593E-05 9.98593E-05 9.98593E-05 9.98593E-05
9.98593E-05 0.998402 9.98593E-05 9.98593E-05 9.98593E-05 9.98593E-05 9.98593E-05 9.98593E-05 9.98593E-05 9.98593E-05 9.98593E-05 9.98593E-05 9.98593E-05 9.98593E-05 9.98593E-05 9.98593E-05 9.98593E-05
9.98593E-05 9.98593E-05 9.98593E-05 9.98593E-05 0.998402 9.98593E-05 9.98593E-05 9.98593E-05 9.98593E-05 9.98593E-05 9.98593E-05 9.98593E-05 9.98593E-05 9.98593E-05 9.98593E-05 9.98593E-05 9.98593E-05
9.98593E-05 9.98593E-05 9.98593E-05 9.98593E-05 0.998402 9.98593E-05 9.98593E-05 9.98593E-05 9.98593E-05 9.98593E-05 9.98593E-05 9.98593E-05 9.98593E-05 9.98593E-05 9.98593E-05 9.98593E-05 9.98593E-05
9.98594E-05 9.98594E-05 9.98594E-05 9.98594E-05 0.998402 9.98594E-05 9.98594E-05 9.98594E-05 9.98594E-05 9.98594E-05 9.98594E-05 9.98594E-05 9.98594E-05 9.98594E-05 9.98594E-05 9.98594E-05 9.98594E-05
9.98593E-05 0.998402 9.98593E-05 9.98593E-05 9.98593E-05 9.98593E-05 9.98593E-05 9.98593E-05 9.98593E-05 9.98593E-05 9.98593E-05 9.98593E-05 9.98593E-05 9.98593E-05 9.98593E-05 9.98593E-05 9.98593E-05
9.98593E-05 9.98593E-05 9.98593E-05 9.98593E-05 0.998402 9.98593E-05 9.98593E-05 9.98593E-05 9.98593E-05 9.98593E-05 9.98593E-05 9.98593E-05 9.98593E-05 9.98593E-05 9.98593E-05 9.98593E-05 9.98593E-05
9.98593E-05 0.998402 9.98593E-05 9.98593E-05 9.98593E-05 9.98593E-05 9.98593E-05 9.98593E-05 9.98593E-05 9.98593E-05 9.98593E-05 9.98593E-05 9.98593E-05 9.98593E-05 9.98593E-05 9.98593E-05 9.98593E-05
9.98593E-05 9.98593E-05 9.98593E-05 9.98593E-05 0.998402 9.98593E-05 9.98593E-05 9.98593E-05 9.98593E-05 9.98593E-05 9.98593E-05 9.98593E-05 9.98593E-05 9.98593E-05 9.98593E-05 9.98593E-05 9.98593E-05
9.98592E-05 9.98592E-05 9.98592E-05 9.98592E-05 0.998402 9.98592E-05 9.98592E-05 9.98592E-05 9.98592E-05 9.98592E-05 9.98592E-05 9.98592E-05 9.98592E-05 9.98592E-05 9.98592E-05 9.98592E-05 9.98592E-05
9.98593E-05 0.998402 9.98593E-05 9.98593E-05 9.98593E-05 9.98593E-05 9.98593E-05 9.98593E-05 9.98593E-05 9.98593E-05 9.98593E-05 9.98593E-05 9.98593E-05 9.98593E-05 9.98593E-05 9.98593E-05 9.98593E-05
9.98593E-05 0.998402 9.98593E-05 9.98593E-05 9.98593E-05 9.98593E-05 9.98593E-05 9.98593E-05 9.98593E-05 9.98593E-05 9.98593E-05 9.98593E-05 9.98593E-05 9.98593E-05 9.98593E-05 9.98593E-05 9.98593E-05
9.98593E-05 0.998402 9.98593E-05 9.98593E-05 9.98593E-05 9.98593E-05 9.98593E-05 9.98593E-05 9.98593E-05 9.98593E-05 9.98593E-05 9.98593E-05 9.98593E-05 9.98593E-05 9.98593E-05 9.98593E-05 9.98593E-05
9.98593E-05 9.98593E-05 9.98593E-05 9.98593E-05 0.998402 9.98593E-05 9.98593E-05 9.98593E-05 9.98593E-05 9.98593E-05 9.98593E-05 9.98593E-05 9.98593E-05 9.98593E-05 9.98593E-05 9.98593E-05 9.98593E-05
9.98593E-05 9.98593E-05 9.98593E-05 9.98593E-05 0.998402 9.98593E-05 9.98593E-05 9.98593E-05 9.98593E-05 9.98593E-05 9.98593E-05 9.98593E-05 9.98593E-05 9.98593E-05 9.98593E-05 9.98593E-05 9.98593E-05
9.98593E-05 9.98593E-05 9.98593E-05 9.98593E-05 0.998402 9.98593E-05 9.98593E-05 9.98593E-05 9.98593E-05 9.98593E-05 9.98593E-05 9.98593E-05 9.98593E-05 9.98593E-05 9.98593E-05 9.98593E-05 9.98593E-05
9.98593E-05 9.98593E-05 9.98593E-05 9.98593E-05 0.998402 9.98593E-05 9.98593E-05 9.98593E-05 9.98593E-05 9.98593E-05 9.98593E-05 9.98593E-05 9.98593E-05 9.98593E-05 9.98593E-05 9.98593E-05 9.98593E-05
9.98594E-05 9.98594E-05 9.98594E-05 9.98594E-05 0.998402 9.98594E-05 9.98594E-05 9.98594E-05 9.98594E-05 9.98594E-05 9.98594E-05 9.98594E-05 9.98594E-05 9.98594E-05 9.98594E-05 9.98594E-05 9.98594E-05
9.98594E-05 0.998402 9.98594E-05 9.98594E-05 9.98594E-05 9.98594E-05 9.98594E-05 9.98594E-05 9.98594E-05 9.98594E-05 9.98594E-05 9.98594E-05 9.98594E-05 9.98594E-05 9.98594E-05 9.98594E-05 9.98594E-05
9.98593E-05 0.998402 9.98593E-05 9.98593E-05 9.98593E-05 9.98593E-05 9.98593E-05 9.98593E-05 9.98593E-05 9.98593E-05 9.98593E-05 9.98593E-05 9.98593E-05 9.98593E-05 9.98593E-05 9.98593E-05 9.98593E-05
9.98593E-05 0.998402 9.98593E-05 9.98593E-05 9.98593E-05 9.98593E-05 9.98593E-05 9.98593E-05 9.98593E-05 9.98593E-05 9.98593E-05 9.98593E-05 9.98593E-05 9.98593E-05 9.98593E-05 9.98593E-05 9.98593E-05
9.98594E-05 9.98594E-05 9.98594E-05 9.98594E-05 0.998402 9.98594E-05 9.98594E-05 9.98594E-05 9.98594E-05 9.98594E-05 9.98594E-05 9.98594E-05 9.98594E-05 9.98594E-05 9.98594E-05 9.98594E-05 9.98594E-05
9.98593E-05 0.998402 9.98593E-05 9.98593E-05 9.98593E-05 9.98593E-05 9.98593E-05 9.98593E-05 9.98593E-05 9.98593E-05 9.98593E-05 9.98593E-05 9.98593E-05 9.98593E-05 9.98593E-05 9.98593E-05 9.98593E-05
9.98594E-05 0.998402 9.98594E-05 9.98594E-05 9.98594E-05 9.98594E-05 9.98594E-05 9.98594E-05 9.98594E-05 9.98594E-05 9.98594E-05 9.98594E-05 9.98594E-05 9.98594E-05 9.98594E-05 9.98594E-05 9.98594E-05
9.98593E-05 0.998402 9.98593E-05 9.98593E-05 9.98593E-05 9.98593E-05 9.98593E-05 9.98593E-05 9.98593E-05 9.98593E-05 9.98593E-05 9.98593E-05 9.98593E-05 9.98593E-05 9.98593E-05 9.98593E-05 9.98593E-05
9.98593E-05 0.998402 9.98593E-05 9.98593E-05 9.98593E-05 9.98593E-05 9.98593E-05 9.98593E-05 9.98593E-05 9.98593E-05 9.98593E-05 9.98593E-05 9.98593E-05 9.98593E-05 9.98593E-05 9.98593E-05 9.98593E-05
9.98593E-05 9.98593E-05 9.98593E-05 9.98593E-05 0.998402 9.98593E-05 9.98593E-05 9.98593E-05 9.98593E-05 9.98593E-05 9.98593E-05 9.98593E-05 9.98593E-05 9.98593E-05 9.98593E-05 9.98593E-05 9.98593E-05
9.98594E-05 0.998402 9.98594E-05 9.98594E-05 9.98594E-05 9.98594E-05 9.98594E-05 9.98594E-05 9.98594E-05 9.98594E-05 9.98594E-05 9.98594E-05 9.98594E-05 9.98594E-05 9.98594E-05 9.98594E-05 9.98594E-05
9.98593E-05 0.998402 9.98593E-05 9.98593E-05 9.98593E-05 9.98593E-05 9.98593E-05 9.98593E-05 9.98593E-05 9.98593E-05 9.98593E-05 9.98593E-05 9.98593E-05 9.98593E-05 9.98593E-05 9.98593E-05 9.98593E-05
9.99122E-05 0.074537 9.99122E-05 9.99122E-05 0.0512583 0.0462359 0.617254 9.99122E-05 9.99122E-05 9.99122E-05 9.99122E-05 9.99122E-05 0.101473 9.99122E-05 0.00529872 9.99122E-05 0.102944
9.98593E-05 9.98593E-05 9.98593E-05 9.98593E-05 0.998402 9.98593E-05 9.98593E-05 9.98593E-05 9.98593E-05 9.98593E-05 9.98593E-05 9.98593E-05 9.98593E-05 9.98593E-05 9.98593E-05 9.98593E-05 9.98593E-05
9.98593E-05 0.998402 9.98593E-05 9.98593E-05 9.98593E-05 9.98593E-05 9.98593E-05 9.98593E-05 9.98593E-05 9.98593E-05 9.98593E-05 9.98593E-05 9.98593E-05 9.98593E-05 9.98593E-05 9.98593E-05 9.98593E-05
9.98593E-05 0.998402 9.98593E-05 9.98593E-05 9.98593E-05 9.98593E-05 9.98593E-05 9.98593E-05 9.98593E-05 9.98593E-05 9.98593E-05 9.98593E-05 9.98593E-05 9.98593E-05 9.98593E-05 9.98593E-05 9.98593E-05
9.98594E-05 0.998402 9.98594E-05 9.98594E-05 9.98594E-05 9.98594E-05 9.98594E-05 9.98594E-05 9.98594E-05 9.98594E-05 9.98594E-05 9.98594E-05 9.98594E-05 9.98594E-05 9.98594E-05 9.98594E-05 9.98594E-05
9.98594E-05 0.998402 9.98594E-05 9.98594E-05 9.98594E-05 9.98594E-05 9.98594E-05 9.98594E-05 9.98594E-05 9.98594E-05 9.98594E-05 9.98594E-05 9.98594E-05 9.98594E-05 9.98594E-05 9.98594E-05 9.98594E-05
9.98593E-05 9.98593E-05 9.98593E-05 9.98593E-05 0.998402 9.98593E-05 9.98593E-05 9.98593E-05 9.98593E-05 9.98593E-05 9.98593E-05 9.98593E-05 9.98593E-05 9.98593E-05 9.98593E-05 9.98593E-05 9.98593E-05
9.98593E-05 0.998402 9.98593E-05 9.98593E-05 9.98593E-05 9.98593E-05 9.98593E-05 9.98593E-05 9.98593E-05 9.98593E-05 9.98593E-05 9.98593E-05 9.98593E-05 9.98593E-05 9.98593E-05 9.98593E-05 9.98593E-05
9.98593E-05 9.98593E-05 9.98593E-05 9.98593E-05 0.998402 9.98593E-05 9.98593E-05 9.98593E-05 9.98593E-05 9.98593E-05 9.98593E-05 9.98593E-05 9.98593E-05 9.98593E-05 9.98593E-05 9.98593E-05 9.98593E-05
9.98593E-05 0.998402 9.98593E-05 9.98593E-05 9.98593E-05 9.98593E-05 9.98593E-05 9.98593E-05 9.98593E-05 9.98593E-05 9.98593E-05 9.98593E-05 9.98593E-05 9.98593E-05 9.98593E-05 9.98593E-05 9.98593E-05
9.98593E-05 9.98593E-05 9.98593E-05 9.98593E-05 0.998402 9.98593E-05 9.98593E-05 9.98593E-05 9.98593E-05 9.98593E-05 9.98593E-05 9.98593E-05 9.98593E-05 9.98593E-05 9.98593E-05 9.98593E-05 9.98593E-05
9.98594E-05 0.998402 9.98594E-05 9.98594E-05 9.98594E-05 9.98594E-05 9.98594E-05 9.98594E-05 9.98594E-05 9.98594E-05 9.98594E-05 9.98594E-05 9.98594E-05 9.98594E-05 9.98594E-05 9.98594E-05 9.98594E-05
