9.99209E-05 0.0280685 9.99209E-05 9.99209E-05 0.0865535 0.281258 0.0578464 9.99209E-05 0.0589442 9.99209E-05 9.99209E-05 9.99209E-05 9.99209E-05 9.99209E-05 0.124145 0.362284
9.99122E-05 9.99122E-05 9.99122E-05 9.99122E-05 0.000684654 0.124859 0.000726031 9.99122E-05 0.131422 9.99122E-05 9.99122E-05 9.99122E-05 0.013916 9.99122E-05 9.99122E-05 0.727393
9.98947E-05 9.98947E-05 0.019378 9.98947E-05 9.98947E-05 9.98947E-05 0.0406988 0.0655287 9.98947E-05 9.98947E-05 9.98947E-05 9.98947E-05 9.98947E-05 9.98947E-05 9.98947E-05 0.873196
9.99298E-05 9.99298E-05 0.106439 9.99298E-05 0.0961934 9.99298E-05 0.0579419 9.99298E-05 9.99298E-05 9.99298E-05 0.313668 0.0372916 0.0200585 9.99298E-05 0.119743 0.247864
9.98947E-05 9.98947E-05 9.98947E-05 9.98947E-05 9.98947E-05 9.98947E-05 9.98947E-05 0.0649543 9.98947E-05 9.98947E-05 0.017198 0.124236 9.98947E-05 9.98947E-05 9.98947E-05 0.792413
0.00694874 9.99561E-05 0.178318 0.180424 9.99561E-05 0.239723 0.0152022 0.0970216 0.0279993 0.0275072 0.0337598 9.99561E-05 9.99561E-05 9.99561E-05 0.0187939 0.173803
0.0736829 0.0144669 9.99386E-05 9.99386E-05 0.0539875 0.0738926 0.137817 9.99386E-05 0.0999497 9.99386E-05 0.188352 9.99386E-05 9.99386E-05 9.99386E-05 0.128229 0.228922
0.0969723 9.99386E-05 9.99386E-05 0.136264 9.99386E-05 0.126122 9.99386E-05 0.074559 9.99386E-05 0.0290975 0.0489983 0.0964107 9.99386E-05 9.99386E-05 0.223923 0.166953
9.99035E-05 0.147605 9.99035E-05 0.223707 0.142295 9.99035E-05 9.99035E-05 9.99035E-05 9.99035E-05 9.99035E-05 9.99035E-05 0.221854 9.99035E-05 9.99035E-05 9.99035E-05 0.263439
9.98859E-05 9.98859E-05 9.98859E-05 9.98859E-05 0.0239763 9.98859E-05 9.98859E-05 9.98859E-05 9.98859E-05 0.0772713 9.98859E-05 9.98859E-05 9.98859E-05 9.98859E-05 9.98859E-05 0.897454
9.99122E-05 9.99122E-05 9.99122E-05 0.007081 0.183734 0.0361255 0.127893 9.99122E-05 9.99122E-05 9.99122E-05 9.99122E-05 9.99122E-05 9.99122E-05 9.99122E-05 0.132815 0.511352
0.0422278 9.98948E-05 9.98948E-05 9.98948E-05 9.98948E-05 9.98948E-05 0.0434809 0.00264095 9.98948E-05 9.98948E-05 9.98948E-05 9.98948E-05 9.98948E-05 9.98948E-05 9.98948E-05 0.910452
9.99035E-05 9.99035E-05 9.99035E-05 9.99035E-05 0.0337334 9.99035E-05 9.99035E-05 9.99035E-05 9.99035E-05 9.99035E-05 0.0489477 9.99035E-05 9.99035E-05 0.00446071 0.153949 0.757811
0.0728347 9.99211E-05 0.0308261 9.99211E-05 0.0540296 0.0347097 0.0790479 9.99211E-05 9.99211E-05 9.99211E-05 9.99211E-05 9.99211E-05 9.99211E-05 0.140576 9.99211E-05 0.587077
9.99298E-05 0.0322924 0.12532 0.144975 0.116969 0.25057 9.99298E-05 9.99298E-05 9.99298E-05 9.99298E-05 0.00666697 9.99298E-05 9.99298E-05 9.99298E-05 0.0260578 0.296348
0.129355 9.99561E-05 0.0271857 0.135058 0.115825 0.159162 9.99561E-05 9.99561E-05 9.99561E-05 0.00120002 0.093906 0.0830752 0.0230714 9.99561E-05 0.0207808 0.210881
9.99211E-05 9.99211E-05 9.99211E-05 9.99211E-05 0.0586553 9.99211E-05 0.0508761 9.99211E-05 0.10393 9.99211E-05 0.0531581 9.99211E-05 9.99211E-05 0.12742 0.013725 0.591336
9.99298E-05 9.99298E-05 9.99298E-05 0.0331774 0.140878 0.235281 9.99298E-05 9.99298E-05 9.99298E-05 0.151174 9.99298E-05 0.0182783 0.103866 9.99298E-05 0.185248 0.131298
9.99122E-05 0.00497284 9.99122E-05 0.120295 0.212538 9.99122E-05 9.99122E-05 9.99122E-05 9.99122E-05 9.99122E-05 0.139487 9.99122E-05 9.99122E-05 9.99122E-05 0.17646 0.345248
9.98859E-05 9.98859E-05 9.98859E-05 0.00553759 9.98859E-05 9.98859E-05 9.98859E-05 9.98859E-05 9.98859E-05 9.98859E-05 9.98859E-05 9.98859E-05 0.0811756 9.98859E-05 9.98859E-05 0.911988
0.0107944 0.00313966 9.99298E-05 0.0685664 0.0237752 9.99298E-05 0.0321418 9.99298E-05 9.99298E-05 9.99298E-05 9.99298E-05 0.322223 9.99298E-05 9.99298E-05 0.0696235 0.468937
9.99123E-05 9.99123E-05 0.0619239 0.110126 9.99123E-05 9.99123E-05 9.99123E-05 0.136076 9.99123E-05 9.99123E-05 0.0425067 9.99123E-05 9.99123E-05 9.99123E-05 0.424942 0.223427
9.99035E-05 9.99035E-05 0.097205 9.99035E-05 0.184504 0.0883087 0.0566924 9.99035E-05 9.99035E-05 9.99035E-05 9.99035E-05 9.99035E-05 9.99035E-05 9.99035E-05 9.99035E-05 0.572191
9.99034E-05 0.0506264 9.99034E-05 9.99034E-05 0.242804 0.0193756 9.99034E-05 9.99034E-05 9.99034E-05 9.99034E-05 9.99034E-05 9.99034E-05 9.99034E-05 9.99034E-05 0.320443 0.365652
9.99297E-05 0.0671859 0.139906 0.0476338 0.250066 9.99297E-05 0.053725 9.99297E-05 9.99297E-05 9.99297E-05 9.99297E-05 9.99297E-05 0.107264 9.99297E-05 0.0959443 0.237475
0.0528734 9.9921E-05 0.0499703 0.000445282 0.116049 9.9921E-05 9.9921E-05 9.9921E-05 9.9921E-05 9.9921E-05 0.0522034 9.9921E-05 9.9921E-05 9.9921E-05 0.0254003 0.702159
0.010858 9.99122E-05 0.328072 9.99122E-05 0.0962525 9.99122E-05 9.99122E-05 9.99122E-05 9.99122E-05 0.12515 9.99122E-05 9.99122E-05 9.99122E-05 9.99122E-05 0.404419 0.0342492
9.98947E-05 9.98947E-05 9.98947E-05 9.98947E-05 0.00959518 9.98947E-05 9.98947E-05 9.98947E-05 9.98947E-05 9.98947E-05 0.133069 9.98947E-05 9.98947E-05 9.98947E-05 0.169806 0.686331
9.9921E-05 0.0361963 0.0526743 9.9921E-05 0.212217 0.0670254 0.00339787 9.9921E-05 9.9921E-05 9.9921E-05 9.9921E-05 9.9921E-05 9.9921E-05 9.9921E-05 0.0629128 0.564677
9.99035E-05 9.99035E-05 0.0518745 0.0492387 0.0655901 9.99035E-05 9.99035E-05 9.99035E-05 9.99035E-05 9.99035E-05 9.99035E-05 9.99035E-05 9.99035E-05 0.0103545 9.99035E-05 0.821843
9.99209E-05 9.99209E-05 9.99209E-05 0.0300403 9.99209E-05 0.172358 0.0962836 9.99209E-05 9.99209E-05 0.0106393 0.0832127 9.99209E-05 0.0458024 9.99209E-05 9.99209E-05 0.560765
9.99211E-05 9.99211E-05 0.222206 9.99211E-05 0.066319 0.0423576 0.0605368 9.99211E-05 9.99211E-05 9.99211E-05 0.0556209 9.99211E-05 9.99211E-05 9.99211E-05 0.02243 0.52963
0.129603 9.99121E-05 0.0380311 9.99121E-05 0.122619 9.99121E-05 0.0771652 9.99121E-05 9.99121E-05 9.99121E-05 9.99121E-05 9.99121E-05 9.99121E-05 9.99121E-05 0.18213 0.449452
0.0187951 9.99122E-05 0.214177 9.99122E-05 0.114168 9.99122E-05 9.99122E-05 9.99122E-05 9.99122E-05 0.0256804 9.99122E-05 9.99122E-05 9.99122E-05 9.99122E-05 0.15316 0.47302
9.99123E-05 9.99123E-05 9.99123E-05 9.99123E-05 9.99123E-05 9.99123E-05 0.0759779 9.99123E-05 0.059258 0.0152752 9.99123E-05 9.99123E-05 0.0936224 9.99123E-05 0.00310616 0.751761
9.99298E-05 0.109706 9.99298E-05 0.0156515 9.99298E-05 0.0686584 0.0289966 9.99298E-05 0.0228038 9.99298E-05 9.99298E-05 9.99298E-05 0.0334293 9.99298E-05 0.107247 0.612708
0.0415692 9.98948E-05 9.98948E-05 9.98948E-05 9.98948E-05 9.98948E-05 9.98948E-05 9.98948E-05 0.0641635 9.98948E-05 0.0447945 9.98948E-05 9.98948E-05 9.98948E-05 9.98948E-05 0.848274
9.99035E-05 9.99035E-05 9.99035E-05 0.212464 0.0606656 9.99035E-05 9.99035E-05 9.99035E-05 9.99035E-05 9.99035E-05 9.99035E-05 9.99035E-05 0.0518935 0.0166777 9.99035E-05 0.657201
9.9921E-05 9.9921E-05 9.9921E-05 9.9921E-05 0.2001 9.9921E-05 0.0355886 0.0330003 0.0879457 9.9921E-05 9.9921E-05 9.9921E-05 9.9921E-05 0.0452844 0.0776007 0.519581
0.184025 9.99034E-05 0.208303 9.99034E-05 0.142183 9.99034E-05 9.99034E-05 9.99034E-05 9.99034E-05 9.99034E-05 9.99034E-05 9.99034E-05 9.99034E-05 9.99034E-05 0.0056322 0.458758
9.99035E-05 9.99035E-05 9.99035E-05 9.99035E-05 0.0430878 9.99035E-05 9.99035E-05 9.99035E-05 9.99035E-05 9.99035E-05 0.0370327 0.016009 9.99035E-05 9.99035E-05 0.119309 0.783463
9.99123E-05 0.0307512 9.99123E-05 0.058419 0.115331 9.99123E-05 9.99123E-05 9.99123E-05 0.0781447 9.99123E-05 9.99123E-05 9.99123E-05 9.99123E-05 9.99123E-05 0.17164 0.544715
9.98946E-05 9.98946E-05 9.98946E-05 9.98946E-05 9.98946E-05 9.98946E-05 9.98946E-05 9.98946E-05 0.0381065 9.98946E-05 9.98946E-05 9.98946E-05 9.98946E-05 0.0923708 0.0686153 0.799709
9.99298E-05 0.0169678 9.99298E-05 0.0858386 0.176003 0.133736 0.063965 0.012168 9.99298E-05 9.99298E-05 9.99298E-05 9.99298E-05 9.99298E-05 9.99298E-05 0.115308 0.395215
9.98947E-05 9.98947E-05 9.98947E-05 9.98947E-05 0.131448 9.98947E-05 9.98947E-05 9.98947E-05 9.98947E-05 9.98947E-05 0.183184 9.98947E-05 9.98947E-05 9.98947E-05 0.428917 0.255253
9.99033E-05 9.99033E-05 9.99033E-05 9.99033E-05 0.0343369 9.99033E-05 9.99033E-05 9.99033E-05 9.99033E-05 9.99033E-05 9.99033E-05 0.00734234 0.0740061 9.99033E-05 0.0737469 0.809469
9.98947E-05 9.98947E-05 9.98947E-05 9.98947E-05 0.113261 9.98947E-05 0.0458649 9.98947E-05 9.98947E-05 9.98947E-05 0.027315 9.98947E-05 9.98947E-05 9.98947E-05 9.98947E-05 0.81236
9.9886E-05 9.9886E-05 9.9886E-05 9.9886E-05 0.0747382 0.0865177 9.9886E-05 9.9886E-05 9.9886E-05 9.9886E-05 9.9886E-05 9.9886E-05 9.9886E-05 9.9886E-05 9.9886E-05 0.837446
9.99209E-05 9.99209E-05 0.00998153 9.99209E-05 0.166518 0.0531662 0.0270826 9.99209E-05 9.99209E-05 9.99209E-05 0.0343728 9.99209E-05 9.99209E-05 9.99209E-05 0.166189 0.541791
0.0651268 9.99036E-05 9.99036E-05 0.0199466 9.99036E-05 9.99036E-05 0.0162118 0.0978099 9.99036E-05 9.99036E-05 9.99036E-05 9.99036E-05 9.99036E-05 9.99036E-05 9.99036E-05 0.799806
9.99385E-05 0.0219382 0.121163 0.0148994 0.256292 0.0986637 0.0879157 9.99385E-05 9.99385E-05 9.99385E-05 9.99385E-05 0.0477085 9.99385E-05 9.99385E-05 0.10465 0.24607
9.99298E-05 0.0779109 0.0409836 0.00669014 9.99298E-05 9.99298E-05 9.99298E-05 0.0609282 9.99298E-05 9.99298E-05 0.00324798 0.106738 9.99298E-05 9.99298E-05 0.177142 0.52556
9.98948E-05 0.00232963 9.98948E-05 9.98948E-05 0.0905287 9.98948E-05 9.98948E-05 9.98948E-05 9.98948E-05 0.0343082 9.98948E-05 9.98948E-05 9.98948E-05 9.98948E-05 9.98948E-05 0.871635
0.200801 9.99123E-05 9.99123E-05 9.99123E-05 0.0129255 0.11101 9.99123E-05 0.0222421 9.99123E-05 9.99123E-05 9.99123E-05 0.0654946 9.99123E-05 9.99123E-05 9.99123E-05 0.586528
9.99211E-05 9.99211E-05 9.99211E-05 0.0289389 0.0965171 0.037756 9.99211E-05 0.0151154 9.99211E-05 9.99211E-05 0.0779924 9.99211E-05 9.99211E-05 9.99211E-05 0.00312265 0.739658
0.0122182 9.99211E-05 0.20209 9.99211E-05 9.99211E-05 0.0351557 0.00657559 0.0784722 9.99211E-05 9.99211E-05 9.99211E-05 9.99211E-05 0.010755 9.99211E-05 9.99211E-05 0.653834
9.9921E-05 0.0318998 9.9921E-05 9.9921E-05 0.0997125 9.9921E-05 9.9921E-05 0.0112782 9.9921E-05 0.069136 0.0122841 9.9921E-05 9.9921E-05 9.9921E-05 0.079347 0.695443
9.99035E-05 9.99035E-05 9.99035E-05 9.99035E-05 0.0699717 9.99035E-05 0.0261451 9.99035E-05 9.99035E-05 0.0171253 0.0589914 9.99035E-05 9.99035E-05 9.99035E-05 9.99035E-05 0.826668
9.99122E-05 9.99122E-05 9.99122E-05 0.0193221 0.067821 9.99122E-05 0.0247958 9.99122E-05 0.014332 9.99122E-05 9.99122E-05 9.99122E-05 9.99122E-05 9.99122E-05 0.0450692 0.827661
9.98858E-05 9.98858E-05 9.98858E-05 9.98858E-05 0.135406 0.744433 9.98858E-05 9.98858E-05 9.98858E-05 0.118862 9.98858E-05 9.98858E-05 9.98858E-05 9.98858E-05 9.98858E-05 9.98858E-05
9.98861E-05 0.0323024 9.98861E-05 9.98861E-05 9.98861E-05 0.94908 9.98861E-05 9.98861E-05 9.98861E-05 9.98861E-05 0.0173192 9.98861E-05 9.98861E-05 9.98861E-05 9.98861E-05 9.98861E-05
0.0326166 9.98947E-05 9.98947E-05 9.98947E-05 9.98947E-05 0.932202 0.0304026 9.98947E-05 9.98947E-05 0.00358028 9.98947E-05 9.98947E-05 9.98947E-05 9.98947E-05 9.98947E-05 9.98947E-05
9.99122E-05 9.99122E-05 0.255484 0.061204 0.0434873 0.342371 9.99122E-05 9.99122E-05 0.273957 0.0224967 9.99122E-05 9.99122E-05 9.99122E-05 9.99122E-05 9.99122E-05 9.99122E-05
9.99209E-05 9.99209E-05 9.99209E-05 0.0544083 0.0221828 0.67316 9.99209E-05 0.0615489 9.99209E-05 9.99209E-05 0.0587544 9.99209E-05 0.0576624 9.99209E-05 0.071384 9.99209E-05
9.98945E-05 9.98945E-05 9.98945E-05 0.0406719 0.222386 0.640523 9.98945E-05 9.98945E-05 9.98945E-05 9.98945E-05 9.98945E-05 9.98945E-05 9.98945E-05 9.98945E-05 0.0952211 9.98945E-05
9.99034E-05 9.99034E-05 9.99034E-05 9.99034E-05 0.157534 0.526806 0.00506345 9.99034E-05 0.303134 9.99034E-05 9.99034E-05 0.00636296 9.99034E-05 9.99034E-05 9.99034E-05 9.99034E-05
9.99121E-05 9.99121E-05 0.115046 0.0359497 0.107655 0.522757 9.99121E-05 9.99121E-05 0.068571 0.149023 9.99121E-05 9.99121E-05 9.99121E-05 9.99121E-05 9.99121E-05 9.99121E-05
9.98946E-05 0.0751198 9.98946E-05 9.98946E-05 9.98946E-05 0.858078 9.98946E-05 9.98946E-05 0.0454884 0.0201151 9.98946E-05 9.98946E-05 9.98946E-05 9.98946E-05 9.98946E-05 9.98946E-05
9.98858E-05 9.98858E-05 9.98858E-05 0.002926 9.98858E-05 0.93505 0.0607253 9.98858E-05 9.98858E-05 9.98858E-05 9.98858E-05 9.98858E-05 9.98858E-05 9.98858E-05 9.98858E-05 9.98858E-05
9.98944E-05 9.98944E-05 9.98944E-05 0.0662998 0.253565 0.518969 0.159967 9.98944E-05 9.98944E-05 9.98944E-05 9.98944E-05 9.98944E-05 9.98944E-05 9.98944E-05 9.98944E-05 9.98944E-05
0.0968723 9.99297E-05 9.99297E-05 0.00183081 0.103503 0.403341 0.0751002 9.99297E-05 0.0339483 9.99297E-05 0.0999067 9.99297E-05 9.99297E-05 9.99297E-05 0.184698 9.99297E-05
0.13703 9.99209E-05 0.0823467 0.133711 9.99209E-05 0.482164 0.0847861 0.0753472 9.99209E-05 9.99209E-05 9.99209E-05 9.99209E-05 0.0037154 9.99209E-05 9.99209E-05 9.99209E-05
9.99121E-05 9.99121E-05 9.99121E-05 0.00747448 0.203289 0.498092 9.99121E-05 0.01523 0.0926475 9.99121E-05 9.99121E-05 9.99121E-05 9.99121E-05 9.99121E-05 0.182268 9.99121E-05
9.98773E-05 9.98773E-05 0.0234491 9.98773E-05 9.98773E-05 0.975153 9.98773E-05 9.98773E-05 9.98773E-05 9.98773E-05 9.98773E-05 9.98773E-05 9.98773E-05 9.98773E-05 9.98773E-05 9.98773E-05
9.98772E-05 9.98772E-05 9.98772E-05 0.0339954 9.98772E-05 0.964606 9.98772E-05 9.98772E-05 9.98772E-05 9.98772E-05 9.98772E-05 9.98772E-05 9.98772E-05 9.98772E-05 9.98772E-05 9.98772E-05
0.0564159 9.99033E-05 0.0313003 9.99033E-05 9.99033E-05 0.814656 9.99033E-05 9.99033E-05 9.99033E-05 0.0878377 9.99033E-05 0.00869095 9.99033E-05 9.99033E-05 9.99033E-05 9.99033E-05
9.99033E-05 9.99033E-05 9.99033E-05 0.0309148 9.99033E-05 0.656803 0.10853 9.99033E-05 9.99033E-05 9.99033E-05 0.0893552 9.99033E-05 9.99033E-05 9.99033E-05 0.113298 9.99033E-05
9.98946E-05 9.98946E-05 9.98946E-05 9.98946E-05 0.0348118 0.882265 0.00578965 9.98946E-05 9.98946E-05 0.075935 9.98946E-05 9.98946E-05 9.98946E-05 9.98946E-05 9.98946E-05 9.98946E-05
0.0626986 9.98945E-05 9.98945E-05 9.98945E-05 0.225031 0.710508 0.00056286 9.98945E-05 9.98945E-05 9.98945E-05 9.98945E-05 9.98945E-05 9.98945E-05 9.98945E-05 9.98945E-05 9.98945E-05
9.98686E-05 9.98686E-05 9.98686E-05 9.98686E-05 9.98686E-05 0.998502 9.98686E-05 9.98686E-05 9.98686E-05 9.98686E-05 9.98686E-05 9.98686E-05 9.98686E-05 9.98686E-05 9.98686E-05 9.98686E-05
9.98857E-05 9.98857E-05 9.98857E-05 9.98857E-05 0.0684079 0.64 9.98857E-05 9.98857E-05 9.98857E-05 9.98857E-05 9.98857E-05 9.98857E-05 9.98857E-05 9.98857E-05 0.290294 9.98857E-05
9.98859E-05 9.98859E-05 0.221115 9.98859E-05 9.98859E-05 0.740613 9.98859E-05 9.98859E-05 9.98859E-05 9.98859E-05 9.98859E-05 9.98859E-05 9.98859E-05 9.98859E-05 0.0369731 9.98859E-05
9.9921E-05 0.0270653 0.0903967 0.0203833 9.9921E-05 0.629199 0.0562101 9.9921E-05 9.9921E-05 0.0523885 0.123458 9.9921E-05 9.9921E-05 9.9921E-05 9.9921E-05 9.9921E-05
9.98769E-05 9.98769E-05 9.98769E-05 9.98769E-05 9.98769E-05 0.848104 0.150497 9.98769E-05 9.98769E-05 9.98769E-05 9.98769E-05 9.98769E-05 9.98769E-05 9.98769E-05 9.98769E-05 9.98769E-05
9.98948E-05 9.98948E-05 9.98948E-05 0.0543137 9.98948E-05 0.873727 9.98948E-05 9.98948E-05 0.0371748 9.98948E-05 9.98948E-05 9.98948E-05 0.033586 9.98948E-05 9.98948E-05 9.98948E-05
9.98684E-05 9.98684E-05 9.98684E-05 9.98684E-05 9.98684E-05 0.998502 9.98684E-05 9.98684E-05 9.98684E-05 9.98684E-05 9.98684E-05 9.98684E-05 9.98684E-05 9.98684E-05 9.98684E-05 9.98684E-05
9.98684E-05 9.98684E-05 9.98684E-05 9.98684E-05 9.98684E-05 0.998502 9.98684E-05 9.98684E-05 9.98684E-05 9.98684E-05 9.98684E-05 9.98684E-05 9.98684E-05 9.98684E-05 9.98684E-05 9.98684E-05
9.98772E-05 9.98772E-05 9.98772E-05 9.98772E-05 9.98772E-05 0.839042 9.98772E-05 9.98772E-05 9.98772E-05 0.15956 9.98772E-05 9.98772E-05 9.98772E-05 9.98772E-05 9.98772E-05 9.98772E-05
9.98948E-05 9.98948E-05 9.98948E-05 0.059552 0.116532 0.711286 9.98948E-05 9.98948E-05 9.98948E-05 9.98948E-05 9.98948E-05 9.98948E-05 9.98948E-05 0.111432 9.98948E-05 9.98948E-05
9.98859E-05 9.98859E-05 0.793202 0.0856422 0.119857 9.98859E-05 9.98859E-05 9.98859E-05 9.98859E-05 9.98859E-05 9.98859E-05 9.98859E-05 9.98859E-05 9.98859E-05 9.98859E-05 9.98859E-05
9.9886E-05 9.9886E-05 0.526089 9.9886E-05 0.0705067 9.9886E-05 9.9886E-05 9.9886E-05 9.9886E-05 9.9886E-05 9.9886E-05 9.9886E-05 9.9886E-05 0.402106 9.9886E-05 9.9886E-05
9.99122E-05 9.99122E-05 0.77454 0.0131429 0.0621484 9.99122E-05 0.0168405 0.130958 9.99122E-05 0.00137085 9.99122E-05 9.99122E-05 9.99122E-05 9.99122E-05 9.99122E-05 9.99122E-05
9.99033E-05 9.99033E-05 0.729754 0.0434102 0.125659 9.99033E-05 9.99033E-05 0.023207 9.99033E-05 0.0768701 9.99033E-05 9.99033E-05 9.99033E-05 9.99033E-05 9.99033E-05 9.99033E-05
9.99033E-05 0.00994058 0.836361 0.101353 9.99033E-05 9.99033E-05 0.0410502 9.99033E-05 9.99033E-05 0.0101956 9.99033E-05 9.99033E-05 9.99033E-05 9.99033E-05 9.99033E-05 9.99033E-05
9.99122E-05 9.99122E-05 0.496293 0.144953 0.228048 9.99122E-05 9.99122E-05 9.99122E-05 0.110247 9.99122E-05 0.0081677 9.99122E-05 0.0112927 9.99122E-05 9.99122E-05 9.99122E-05
9.99122E-05 9.99122E-05 0.692676 0.109503 0.100879 9.99122E-05 0.0113241 9.99122E-05 9.99122E-05 0.0189558 9.99122E-05 9.99122E-05 9.99122E-05 9.99122E-05 0.0656626 9.99122E-05
9.98771E-05 9.98771E-05 0.79767 0.200931 9.98771E-05 9.98771E-05 9.98771E-05 9.98771E-05 9.98771E-05 9.98771E-05 9.98771E-05 9.98771E-05 9.98771E-05 9.98771E-05 9.98771E-05 9.98771E-05
9.99033E-05 9.99033E-05 0.381333 0.317644 0.033709 9.99033E-05 9.99033E-05 9.99033E-05 0.26608 9.99033E-05 9.99033E-05 9.99033E-05 9.99033E-05 9.99033E-05 0.000134338 9.99033E-05
9.98946E-05 9.98946E-05 0.441028 0.252494 0.230668 0.0746112 9.98946E-05 9.98946E-05 9.98946E-05 9.98946E-05 9.98946E-05 9.98946E-05 9.98946E-05 9.98946E-05 9.98946E-05 9.98946E-05
9.9886E-05 9.9886E-05 0.56999 9.9886E-05 9.9886E-05 9.9886E-05 9.9886E-05 9.9886E-05 0.25684 9.9886E-05 9.9886E-05 9.9886E-05 9.9886E-05 0.171872 9.9886E-05 9.9886E-05
9.99123E-05 9.99123E-05 0.571375 9.99123E-05 0.128228 9.99123E-05 0.0417041 9.99123E-05 0.126198 9.99123E-05 9.99123E-05 9.99123E-05 9.99123E-05 0.128706 9.99123E-05 0.00278986
9.98773E-05 9.98773E-05 0.949841 0.0487606 9.98773E-05 9.98773E-05 9.98773E-05 9.98773E-05 9.98773E-05 9.98773E-05 9.98773E-05 9.98773E-05 9.98773E-05 9.98773E-05 9.98773E-05 9.98773E-05
9.98948E-05 9.98948E-05 0.631186 0.13686 0.199452 9.98948E-05 9.98948E-05 9.98948E-05 9.98948E-05 9.98948E-05 9.98948E-05 9.98948E-05 9.98948E-05 0.0313031 9.98948E-05 9.98948E-05
9.99123E-05 9.99123E-05 0.685053 0.0524449 9.99123E-05 9.99123E-05 9.99123E-05 9.99123E-05 0.0287523 0.180086 9.99123E-05 9.99123E-05 0.018089 0.0345765 9.99123E-05 9.99123E-05
9.99035E-05 9.99035E-05 0.699934 0.0256536 0.157262 9.99035E-05 0.0268447 9.99035E-05 0.0892067 9.99035E-05 9.99035E-05 9.99035E-05 9.99035E-05 9.99035E-05 9.99035E-05 9.99035E-05
9.99121E-05 9.99121E-05 0.552943 0.00620842 0.153331 9.99121E-05 9.99121E-05 9.99121E-05 0.234202 9.99121E-05 9.99121E-05 9.99121E-05 0.0454569 0.00685947 9.99121E-05 9.99121E-05
9.99036E-05 9.99036E-05 0.714662 0.117132 9.99036E-05 9.99036E-05 9.99036E-05 0.0600659 9.99036E-05 9.99036E-05 9.99036E-05 9.99036E-05 9.99036E-05 0.00832676 0.0987144 9.99036E-05
9.98859E-05 9.98859E-05 0.917989 0.0461028 9.98859E-05 9.98859E-05 0.0346093 9.98859E-05 9.98859E-05 9.98859E-05 9.98859E-05 9.98859E-05 9.98859E-05 9.98859E-05 9.98859E-05 9.98859E-05
9.99123E-05 9.99123E-05 0.458185 0.0906189 0.168754 9.99123E-05 0.00416149 9.99123E-05 9.99123E-05 9.99123E-05 9.99123E-05 9.99123E-05 0.0798552 0.197427 9.99123E-05 9.99123E-05
9.99035E-05 9.99035E-05 0.668668 0.07123 0.0564977 9.99035E-05 9.99035E-05 0.0934651 0.10904 9.99035E-05 9.99035E-05 9.99035E-05 9.99035E-05 9.99035E-05 9.99035E-05 9.99035E-05
9.99034E-05 9.99034E-05 0.921891 0.0250275 0.0196911 9.99034E-05 0.0176411 9.99034E-05 9.99034E-05 0.0146504 9.99034E-05 9.99034E-05 9.99034E-05 9.99034E-05 9.99034E-05 9.99034E-05
9.99122E-05 9.99122E-05 0.407264 0.192842 0.187833 9.99122E-05 9.99122E-05 9.99122E-05 0.0988874 9.99122E-05 9.99122E-05 0.0592984 0.0528767 9.99122E-05 9.99122E-05 9.99122E-05
9.98947E-05 9.98947E-05 0.621852 0.242542 9.98947E-05 9.98947E-05 9.98947E-05 0.0330667 9.98947E-05 9.98947E-05 9.98947E-05 9.98947E-05 9.98947E-05 0.10134 9.98947E-05 9.98947E-05
9.99034E-05 9.99034E-05 0.464152 0.224799 0.149283 9.99034E-05 9.99034E-05 9.99034E-05 0.0469728 9.99034E-05 9.99034E-05 0.113695 9.99034E-05 9.99034E-05 9.99034E-05 9.99034E-05
9.9921E-05 9.9921E-05 0.370885 0.159104 0.165183 0.0197057 0.00188956 9.9921E-05 0.0391083 9.9921E-05 9.9921E-05 9.9921E-05 9.9921E-05 0.243226 9.9921E-05 9.9921E-05
9.99122E-05 0.181204 0.253001 9.99122E-05 0.0599929 9.99122E-05 9.99122E-05 0.0237284 9.99122E-05 9.99122E-05 9.99122E-05 9.99122E-05 0.0120912 0.468984 9.99122E-05 9.99122E-05
9.98857E-05 9.98857E-05 0.861211 0.0827148 0.0547759 9.98857E-05 9.98857E-05 9.98857E-05 9.98857E-05 9.98857E-05 9.98857E-05 9.98857E-05 9.98857E-05 9.98857E-05 9.98857E-05 9.98857E-05
9.98947E-05 9.98947E-05 0.544679 0.267594 0.15879 9.98947E-05 9.98947E-05 9.98947E-05 0.0277383 9.98947E-05 9.98947E-05 9.98947E-05 9.98947E-05 9.98947E-05 9.98947E-05 9.98947E-05
9.99035E-05 9.99035E-05 0.773485 9.99035E-05 0.138328 9.99035E-05 9.99035E-05 0.0126347 9.99035E-05 9.99035E-05 9.99035E-05 9.99035E-05 0.0605568 0.0138962 9.99035E-05 9.99035E-05
9.99035E-05 9.99035E-05 0.7321 0.0386613 0.186571 9.99035E-05 0.0121618 9.99035E-05 9.99035E-05 9.99035E-05 9.99035E-05 0.0294072 9.99035E-05 9.99035E-05 9.99035E-05 9.99035E-05
9.98771E-05 9.98771E-05 0.945261 9.98771E-05 0.0533404 9.98771E-05 9.98771E-05 9.98771E-05 9.98771E-05 9.98771E-05 9.98771E-05 9.98771E-05 9.98771E-05 9.98771E-05 9.98771E-05 9.98771E-05
9.99034E-05 9.99034E-05 0.38095 0.27092 0.118811 9.99034E-05 9.99034E-05 0.109684 9.99034E-05 9.99034E-05 9.99034E-05 9.99034E-05 0.118537 9.99034E-05 9.99034E-05 9.99034E-05
9.99034E-05 9.99034E-05 0.796558 0.0320355 0.0173099 9.99034E-05 9.99034E-05 9.99034E-05 9.99034E-05 9.99034E-05 9.99034E-05 9.99034E-05 0.03504 9.99034E-05 0.117958 9.99034E-05
9.9886E-05 9.9886E-05 0.973233 0.00935659 0.0161118 9.9886E-05 9.9886E-05 9.9886E-05 9.9886E-05 9.9886E-05 9.9886E-05 9.9886E-05 9.9886E-05 9.9886E-05 9.9886E-05 9.9886E-05
9.99298E-05 0.00336701 0.683522 0.076721 9.99298E-05 9.99298E-05 0.0190472 9.99298E-05 9.99298E-05 0.0195678 0.0891986 9.99298E-05 0.0315336 0.0762434 9.99298E-05 9.99298E-05
9.99033E-05 9.99033E-05 0.578977 0.141408 0.205551 9.99033E-05 0.0213757 9.99033E-05 9.99033E-05 0.0515884 9.99033E-05 9.99033E-05 9.99033E-05 9.99033E-05 9.99033E-05 9.99033E-05
9.99034E-05 9.99034E-05 0.368819 0.0552056 9.99034E-05 9.99034E-05 9.99034E-05 0.106385 9.99034E-05 9.99034E-05 9.99034E-05 9.99034E-05 0.0226118 0.44588 9.99034E-05 9.99034E-05
9.9886E-05 9.9886E-05 0.615302 9.9886E-05 0.14858 9.9886E-05 9.9886E-05 9.9886E-05 9.9886E-05 9.9886E-05 9.9886E-05 9.9886E-05 9.9886E-05 0.23482 9.9886E-05 9.9886E-05
9.98949E-05 9.98949E-05 0.714441 0.00282833 9.98949E-05 9.98949E-05 9.98949E-05 0.0248331 9.98949E-05 9.98949E-05 9.98949E-05 9.98949E-05 9.98949E-05 0.256699 9.98949E-05 9.98949E-05
9.99123E-05 9.99123E-05 0.426337 0.0348125 9.99123E-05 9.99123E-05 0.0463609 9.99123E-05 0.0234871 0.0495927 9.99123E-05 9.99123E-05 9.99123E-05 0.418411 9.99123E-05 9.99123E-05
9.98947E-05 9.98947E-05 0.51354 0.0884185 0.295421 9.98947E-05 9.98947E-05 9.98947E-05 0.101422 9.98947E-05 9.98947E-05 9.98947E-05 9.98947E-05 9.98947E-05 9.98947E-05 9.98947E-05
9.98947E-05 9.98947E-05 0.66107 0.153433 9.98947E-05 9.98947E-05 9.98947E-05 0.0870889 9.98947E-05 9.98947E-05 9.98947E-05 9.98947E-05 9.98947E-05 9.98947E-05 0.0972092 9.98947E-05
9.99122E-05 9.99122E-05 0.0608852 0.198273 0.12223 9.99122E-05 9.99122E-05 9.99122E-05 0.0163722 9.99122E-05 9.99122E-05 9.99122E-05 0.0413164 0.559924 9.99122E-05 9.99122E-05
9.9886E-05 9.9886E-05 0.498601 9.9886E-05 0.0662889 9.9886E-05 9.9886E-05 9.9886E-05 9.9886E-05 9.9886E-05 9.9886E-05 9.9886E-05 9.9886E-05 0.433812 9.9886E-05 9.9886E-05
9.99034E-05 9.99034E-05 0.568524 0.186246 9.99034E-05 9.99034E-05 9.99034E-05 0.0164733 0.128657 9.99034E-05 9.99034E-05 9.99034E-05 0.0990007 9.99034E-05 9.99034E-05 9.99034E-05
9.99122E-05 9.99122E-05 0.581089 0.0608616 0.11251 0.20509 0.0034434 9.99122E-05 9.99122E-05 9.99122E-05 9.99122E-05 9.99122E-05 9.99122E-05 0.036007 9.99122E-05 9.99122E-05
9.98949E-05 0.152279 0.478209 0.0284048 9.98949E-05 9.98949E-05 9.98949E-05 9.98949E-05 0.339909 9.98949E-05 9.98949E-05 9.98949E-05 9.98949E-05 9.98949E-05 9.98949E-05 9.98949E-05
9.99298E-05 0.0354052 0.472909 0.246534 0.160133 9.99298E-05 0.0111078 9.99298E-05 9.99298E-05 9.99298E-05 9.99298E-05 0.00478346 0.0195373 9.99298E-05 0.0487901 9.99298E-05
9.98859E-05 9.98859E-05 0.535532 9.98859E-05 0.00567732 9.98859E-05 9.98859E-05 9.98859E-05 9.98859E-05 9.98859E-05 9.98859E-05 9.98859E-05 9.98859E-05 0.457492 9.98859E-05 9.98859E-05
9.98858E-05 9.98858E-05 0.738063 9.98858E-05 0.115839 9.98858E-05 9.98858E-05 9.98858E-05 9.98858E-05 9.98858E-05 0.144799 9.98858E-05 9.98858E-05 9.98858E-05 9.98858E-05 9.98858E-05
9.99035E-05 9.99035E-05 0.351917 0.0467933 9.99035E-05 9.99035E-05 0.023211 0.130443 9.99035E-05 9.99035E-05 9.99035E-05 9.99035E-05 9.99035E-05 0.446537 9.99035E-05 9.99035E-05
9.99036E-05 9.99036E-05 0.514527 0.117828 0.132711 9.99036E-05 0.0519018 9.99036E-05 9.99036E-05 9.99036E-05 9.99036E-05 9.99036E-05 9.99036E-05 0.181932 9.99036E-05 9.99036E-05
0.0699832 9.98859E-05 0.834511 0.0942072 9.98859E-05 9.98859E-05 9.98859E-05 9.98859E-05 9.98859E-05 9.98859E-05 9.98859E-05 9.98859E-05 9.98859E-05 9.98859E-05 9.98859E-05 9.98859E-05
9.98858E-05 9.98858E-05 0.912845 9.98858E-05 9.98858E-05 9.98858E-05 9.98858E-05 9.98858E-05 9.98858E-05 9.98858E-05 0.0532698 9.98858E-05 9.98858E-05 9.98858E-05 0.0325862 9.98858E-05
9.98946E-05 9.98946E-05 0.42534 0.200618 0.137881 9.98946E-05 9.98946E-05 9.98946E-05 0.234963 9.98946E-05 9.98946E-05 9.98946E-05 9.98946E-05 9.98946E-05 9.98946E-05 9.98946E-05
9.98858E-05 9.98858E-05 0.775062 0.156425 0.0672144 9.98858E-05 9.98858E-05 9.98858E-05 9.98858E-05 9.98858E-05 9.98858E-05 9.98858E-05 9.98858E-05 9.98858E-05 9.98858E-05 9.98858E-05
9.98946E-05 9.98946E-05 0.931631 0.0178577 9.98946E-05 9.98946E-05 0.0424617 0.00685067 9.98946E-05 9.98946E-05 9.98946E-05 9.98946E-05 9.98946E-05 9.98946E-05 9.98946E-05 9.98946E-05
9.98947E-05 9.98947E-05 0.759645 9.98947E-05 0.100723 9.98947E-05 9.98947E-05 9.98947E-05 9.98947E-05 9.98947E-05 9.98947E-05 9.98947E-05 0.1146 0.0238324 9.98947E-05 9.98947E-05
9.99035E-05 9.99035E-05 0.640538 0.15707 0.000650624 9.99035E-05 9.99035E-05 9.99035E-05 0.117455 9.99035E-05 9.99035E-05 9.99035E-05 9.99035E-05 0.0831873 9.99035E-05 9.99035E-05
9.98682E-05 9.98682E-05 9.98682E-05 9.98682E-05 0.998502 9.98682E-05 9.98682E-05 9.98682E-05 9.98682E-05 9.98682E-05 9.98682E-05 9.98682E-05 9.98682E-05 9.98682E-05 9.98682E-05 9.98682E-05
9.98681E-05 9.98681E-05 9.98681E-05 0.998502 9.98681E-05 9.98681E-05 9.98681E-05 9.98681E-05 9.98681E-05 9.98681E-05 9.98681E-05 9.98681E-05 9.98681E-05 9.98681E-05 9.98681E-05 9.98681E-05
9.9868E-05 9.9868E-05 9.9868E-05 9.9868E-05 0.998502 9.9868E-05 9.9868E-05 9.9868E-05 9.9868E-05 9.9868E-05 9.9868E-05 9.9868E-05 9.9868E-05 9.9868E-05 9.9868E-05 9.9868E-05
9.9868E-05 9.9868E-05 9.9868E-05 0.998502 9.9868E-05 9.9868E-05 9.9868E-05 9.9868E-05 9.9868E-05 9.9868E-05 9.9868E-05 9.9868E-05 9.9868E-05 9.9868E-05 9.9868E-05 9.9868E-05
9.98681E-05 9.98681E-05 9.98681E-05 0.998502 9.98681E-05 9.98681E-05 9.98681E-05 9.98681E-05 9.98681E-05 9.98681E-05 9.98681E-05 9.98681E-05 9.98681E-05 9.98681E-05 9.98681E-05 9.98681E-05
9.98681E-05 9.98681E-05 9.98681E-05 0.998502 9.98681E-05 9.98681E-05 9.98681E-05 9.98681E-05 9.98681E-05 9.98681E-05 9.98681E-05 9.98681E-05 9.98681E-05 9.98681E-05 9.98681E-05 9.98681E-05
9.98681E-05 9.98681E-05 9.98681E-05 9.98681E-05 0.998502 9.98681E-05 9.98681E-05 9.98681E-05 9.98681E-05 9.98681E-05 9.98681E-05 9.98681E-05 9.98681E-05 9.98681E-05 9.98681E-05 9.98681E-05
9.98681E-05 9.98681E-05 9.98681E-05 0.998502 9.98681E-05 9.98681E-05 9.98681E-05 9.98681E-05 9.98681E-05 9.98681E-05 9.98681E-05 9.98681E-05 9.98681E-05 9.98681E-05 9.98681E-05 9.98681E-05
9.98681E-05 9.98681E-05 9.98681E-05 0.998502 9.98681E-05 9.98681E-05 9.98681E-05 9.98681E-05 9.98681E-05 9.98681E-05 9.98681E-05 9.98681E-05 9.98681E-05 9.98681E-05 9.98681E-05 9.98681E-05
9.98681E-05 9.98681E-05 9.98681E-05 9.98681E-05 0.998502 9.98681E-05 9.98681E-05 9.98681E-05 9.98681E-05 9.98681E-05 9.98681E-05 9.98681E-05 9.98681E-05 9.98681E-05 9.98681E-05 9.98681E-05
9.9868E-05 9.9868E-05 9.9868E-05 9.9868E-05 0.998502 9.9868E-05 9.9868E-05 9.9868E-05 9.9868E-05 9.9868E-05 9.9868E-05 9.9868E-05 9.9868E-05 9.9868E-05 9.9868E-05 9.9868E-05
9.98681E-05 9.98681E-05 9.98681E-05 9.98681E-05 0.998502 9.98681E-05 9.98681E-05 9.98681E-05 9.98681E-05 9.98681E-05 9.98681E-05 9.98681E-05 9.98681E-05 9.98681E-05 9.98681E-05 9.98681E-05
9.98681E-05 9.98681E-05 9.98681E-05 0.998502 9.98681E-05 9.98681E-05 9.98681E-05 9.98681E-05 9.98681E-05 9.98681E-05 9.98681E-05 9.98681E-05 9.98681E-05 9.98681E-05 9.98681E-05 9.98681E-05
9.98681E-05 9.98681E-05 9.98681E-05 0.998502 9.98681E-05 9.98681E-05 9.98681E-05 9.98681E-05 9.98681E-05 9.98681E-05 9.98681E-05 9.98681E-05 9.98681E-05 9.98681E-05 9.98681E-05 9.98681E-05
9.98682E-05 9.98682E-05 9.98682E-05 9.98682E-05 0.998502 9.98682E-05 9.98682E-05 9.98682E-05 9.98682E-05 9.98682E-05 9.98682E-05 9.98682E-05 9.98682E-05 9.98682E-05 9.98682E-05 9.98682E-05
9.9868E-05 9.9868E-05 9.9868E-05 9.9868E-05 0.998502 9.9868E-05 9.9868E-05 9.9868E-05 9.9868E-05 9.9868E-05 9.9868E-05 9.9868E-05 9.9868E-05 9.9868E-05 9.9868E-05 9.9868E-05
0.0194353 0.0933957 0.633729 0.0459824 0.0609 9.99297E-05 9.99297E-05 9.99297E-05 9.99297E-05 0.00938795 0.0806617 9.99297E-05 0.0557082 9.99297E-05 9.99297E-05 9.99297E-05
9.98681E-05 9.98681E-05 9.98681E-05 9.98681E-05 0.998502 9.98681E-05 9.98681E-05 9.98681E-05 9.98681E-05 9.98681E-05 9.98681E-05 9.98681E-05 9.98681E-05 9.98681E-05 9.98681E-05 9.98681E-05
9.98681E-05 9.98681E-05 9.98681E-05 0.998502 9.98681E-05 9.98681E-05 9.98681E-05 9.98681E-05 9.98681E-05 9.98681E-05 9.98681E-05 9.98681E-05 9.98681E-05 9.98681E-05 9.98681E-05 9.98681E-05
9.98681E-05 9.98681E-05 9.98681E-05 9.98681E-05 0.998502 9.98681E-05 9.98681E-05 9.98681E-05 9.98681E-05 9.98681E-05 9.98681E-05 9.98681E-05 9.98681E-05 9.98681E-05 9.98681E-05 9.98681E-05
9.98681E-05 9.98681E-05 9.98681E-05 9.98681E-05 0.998502 9.98681E-05 9.98681E-05 9.98681E-05 9.98681E-05 9.98681E-05 9.98681E-05 9.98681E-05 9.98681E-05 9.98681E-05 9.98681E-05 9.98681E-05
9.98681E-05 9.98681E-05 9.98681E-05 9.98681E-05 0.998502 9.98681E-05 9.98681E-05 9.98681E-05 9.98681E-05 9.98681E-05 9.98681E-05 9.98681E-05 9.98681E-05 9.98681E-05 9.98681E-05 9.98681E-05
9.98681E-05 9.98681E-05 9.98681E-05 0.998502 9.98681E-05 9.98681E-05 9.98681E-05 9.98681E-05 9.98681E-05 9.98681E-05 9.98681E-05 9.98681E-05 9.98681E-05 9.98681E-05 9.98681E-05 9.98681E-05
9.98682E-05 9.98682E-05 9.98682E-05 9.98682E-05 0.998502 9.98682E-05 9.98682E-05 9.98682E-05 9.98682E-05 9.98682E-05 9.98682E-05 9.98682E-05 9.98682E-05 9.98682E-05 9.98682E-05 9.98682E-05
9.98681E-05 9.98681E-05 9.98681E-05 0.998502 9.98681E-05 9.98681E-05 9.98681E-05 9.98681E-05 9.98681E-05 9.98681E-05 9.98681E-05 9.98681E-05 9.98681E-05 9.98681E-05 9.98681E-05 9.98681E-05
9.98681E-05 9.98681E-05 9.98681E-05 9.98681E-05 0.998502 9.98681E-05 9.98681E-05 9.98681E-05 9.98681E-05 9.98681E-05 9.98681E-05 9.98681E-05 9.98681E-05 9.98681E-05 9.98681E-05 9.98681E-05
9.9868E-05 9.9868E-05 9.9868E-05 9.9868E-05 0.998502 9.9868E-05 9.9868E-05 9.9868E-05 9.9868E-05 9.9868E-05 9.9868E-05 9.9868E-05 9.9868E-05 9.9868E-05 9.9868E-05 9.9868E-05
9.98681E-05 9.98681E-05 9.98681E-05 0.998502 9.98681E-05 9.98681E-05 9.98681E-05 9.98681E-05 9.98681E-05 9.98681E-05 9.98681E-05 9.98681E-05 9.98681E-05 9.98681E-05 9.98681E-05 9.98681E-05
9.98681E-05 9.98681E-05 9.98681E-05 0.998502 9.98681E-05 9.98681E-05 9.98681E-05 9.98681E-05 9.98681E-05 9.98681E-05 9.98681E-05 9.98681E-05 9.98681E-05 9.98681E-05 9.98681E-05 9.98681E-05
9.98681E-05 9.98681E-05 9.98681E-05 0.998502 9.98681E-05 9.98681E-05 9.98681E-05 9.98681E-05 9.98681E-05 9.98681E-05 9.98681E-05 9.98681E-05 9.98681E-05 9.98681E-05 9.98681E-05 9.98681E-05
9.98682E-05 9.98682E-05 9.98682E-05 9.98682E-05 0.998502 9.98682E-05 9.98682E-05 9.98682E-05 9.98682E-05 9.98682E-05 9.98682E-05 9.98682E-05 9.98682E-05 9.98682E-05 9.98682E-05 9.98682E-05
9.98681E-05 9.98681E-05 9.98681E-05 9.98681E-05 0.998502 9.98681E-05 9.98681E-05 9.98681E-05 9.98681E-05 9.98681E-05 9.98681E-05 9.98681E-05 9.98681E-05 9.98681E-05 9.98681E-05 9.98681E-05
9.98681E-05 9.98681E-05 9.98681E-05 9.98681E-05 0.998502 9.98681E-05 9.98681E-05 9.98681E-05 9.98681E-05 9.98681E-05 9.98681E-05 9.98681E-05 9.98681E-05 9.98681E-05 9.98681E-05 9.98681E-05
9.98681E-05 9.98681E-05 9.98681E-05 9.98681E-05 0.998502 9.98681E-05 9.98681E-05 9.98681E-05 9.98681E-05 9.98681E-05 9.98681E-05 9.98681E-05 9.98681E-05 9.98681E-05 9.98681E-05 9.98681E-05
9.98681E-05 9.98681E-05 9.98681E-05 9.98681E-05 0.998502 9.98681E-05 9.98681E-05 9.98681E-05 9.98681E-05 9.98681E-05 9.98681E-05 9.98681E-05 9.98681E-05 9.98681E-05 9.98681E-05 9.98681E-05
9.98681E-05 9.98681E-05 9.98681E-05 0.998502 9.98681E-05 9.98681E-05 9.98681E-05 9.98681E-05 9.98681E-05 9.98681E-05 9.98681E-05 9.98681E-05 9.98681E-05 9.98681E-05 9.98681E-05 9.98681E-05
9.98681E-05 9.98681E-05 9.98681E-05 0.998502 9.98681E-05 9.98681E-05 9.98681E-05 9.98681E-05 9.98681E-05 9.98681E-05 9.98681E-05 9.98681E-05 9.98681E-05 9.98681E-05 9.98681E-05 9.98681E-05
9.98681E-05 9.98681E-05 9.98681E-05 0.998502 9.98681E-05 9.98681E-05 9.98681E-05 9.98681E-05 9.98681E-05 9.98681E-05 9.98681E-05 9.98681E-05 9.98681E-05 9.98681E-05 9.98681E-05 9.98681E-05
9.98681E-05 9.98681E-05 9.98681E-05 9.98681E-05 0.998502 9.98681E-05 9.98681E-05 9.98681E-05 9.98681E-05 9.98681E-05 9.98681E-05 9.98681E-05 9.98681E-05 9.98681E-05 9.98681E-05 9.98681E-05
9.9868E-05 9.9868E-05 9.9868E-05 0.998502 9.9868E-05 9.9868E-05 9.9868E-05 9.9868E-05 9.9868E-05 9.9868E-05 9.9868E-05 9.9868E-05 9.9868E-05 9.9868E-05 9.9868E-05 9.9868E-05
9.98681E-05 9.98681E-05 9.98681E-05 0.998502 9.98681E-05 9.98681E-05 9.98681E-05 9.98681E-05 9.98681E-05 9.98681E-05 9.98681E-05 9.98681E-05 9.98681E-05 9.98681E-05 9.98681E-05 9.98681E-05
9.98682E-05 9.98682E-05 9.98682E-05 0.998502 9.98682E-05 9.98682E-05 9.98682E-05 9.98682E-05 9.98682E-05 9.98682E-05 9.98682E-05 9.98682E-05 9.98682E-05 9.98682E-05 9.98682E-05 9.98682E-05
9.98682E-05 9.98682E-05 9.98682E-05 0.998502 9.98682E-05 9.98682E-05 9.98682E-05 9.98682E-05 9.98682E-05 9.98682E-05 9.98682E-05 9.98682E-05 9.98682E-05 9.98682E-05 9.98682E-05 9.98682E-05
9.9868E-05 9.9868E-05 9.9868E-05 9.9868E-05 0.998502 9.9868E-05 9.9868E-05 9.9868E-05 9.9868E-05 9.9868E-05 9.9868E-05 9.9868E-05 9.9868E-05 9.9868E-05 9.9868E-05 9.9868E-05
9.98682E-05 9.98682E-05 9.98682E-05 0.998502 9.98682E-05 9.98682E-05 9.98682E-05 9.98682E-05 9.98682E-05 9.98682E-05 9.98682E-05 9.98682E-05 9.98682E-05 9.98682E-05 9.98682E-05 9.98682E-05
9.98681E-05 9.98681E-05 9.98681E-05 0.998502 9.98681E-05 9.98681E-05 9.98681E-05 9.98681E-05 9.98681E-05 9.98681E-05 9.98681E-05 9.98681E-05 9.98681E-05 9.98681E-05 9.98681E-05 9.98681E-05
9.99033E-05 0.0449522 0.642844 0.00302848 0.100477 9.99033E-05 9.99033E-05 9.99033E-05 9.99033E-05 9.99033E-05 0.207599 9.99033E-05 9.99033E-05 9.99033E-05 9.99033E-05 9.99033E-05
9.98858E-05 9.98858E-05 9.98858E-05 9.98858E-05 0.983078 9.98858E-05 9.98858E-05 9.98858E-05 9.98858E-05 0.00771427 9.98858E-05 9.98858E-05 0.00790907 9.98858E-05 9.98858E-05 9.98858E-05
9.98681E-05 9.98681E-05 9.98681E-05 0.998502 9.98681E-05 9.98681E-05 9.98681E-05 9.98681E-05 9.98681E-05 9.98681E-05 9.98681E-05 9.98681E-05 9.98681E-05 9.98681E-05 9.98681E-05 9.98681E-05
9.9868E-05 9.9868E-05 9.9868E-05 0.998502 9.9868E-05 9.9868E-05 9.9868E-05 9.9868E-05 9.9868E-05 9.9868E-05 9.9868E-05 9.9868E-05 9.9868E-05 9.9868E-05 9.9868E-05 9.9868E-05
9.9868E-05 9.9868E-05 9.9868E-05 0.998502 9.9868E-05 9.9868E-05 9.9868E-05 9.9868E-05 9.9868E-05 9.9868E-05 9.9868E-05 9.9868E-05 9.9868E-05 9.9868E-05 9.9868E-05 9.9868E-05
9.9868E-05 9.9868E-05 9.9868E-05 0.998502 9.9868E-05 9.9868E-05 9.9868E-05 9.9868E-05 9.9868E-05 9.9868E-05 9.9868E-05 9.9868E-05 9.9868E-05 9.9868E-05 9.9868E-05 9.9868E-05
9.98681E-05 9.98681E-05 9.98681E-05 9.98681E-05 0.998502 9.98681E-05 9.98681E-05 9.98681E-05 9.98681E-05 9.98681E-05 9.98681E-05 9.98681E-05 9.98681E-05 9.98681E-05 9.98681E-05 9.98681E-05
9.9868E-05 9.9868E-05 9.9868E-05 0.998502 9.9868E-05 9.9868E-05 9.9868E-05 9.9868E-05 9.9868E-05 9.9868E-05 9.9868E-05 9.9868E-05 9.9868E-05 9.9868E-05 9.9868E-05 9.9868E-05
9.98682E-05 9.98682E-05 9.98682E-05 9.98682E-05 0.998502 9.98682E-05 9.98682E-05 9.98682E-05 9.98682E-05 9.98682E-05 9.98682E-05 9.98682E-05 9.98682E-05 9.98682E-05 9.98682E-05 9.98682E-05
9.98681E-05 9.98681E-05 9.98681E-05 0.998502 9.98681E-05 9.98681E-05 9.98681E-05 9.98681E-05 9.98681E-05 9.98681E-05 9.98681E-05 9.98681E-05 9.98681E-05 9.98681E-05 9.98681E-05 9.98681E-05
9.98681E-05 9.98681E-05 9.98681E-05 9.98681E-05 0.998502 9.98681E-05 9.98681E-05 9.98681E-05 9.98681E-05 9.98681E-05 9.98681E-05 9.98681E-05 9.98681E-05 9.98681E-05 9.98681E-05 9.98681E-05
9.98681E-05 9.98681E-05 9.98681E-05 0.998502 9.98681E-05 9.98681E-05 9.98681E-05 9.98681E-05 9.98681E-05 9.98681E-05 9.98681E-05 9.98681E-05 9.98681E-05 9.98681E-05 9.98681E-05 9.98681E-05
9.98681E-05 9.98681E-05 9.98681E-05 0.998502 9.98681E-05 9.98681E-05 9.98681E-05 9.98681E-05 9.98681E-05 9.98681E-05 9.98681E-05 9.98681E-05 9.98681E-05 9.98681E-05 9.98681E-05 9.98681E-05
9.98681E-05 9.98681E-05 9.98681E-05 0.998502 9.98681E-05 9.98681E-05 9.98681E-05 9.98681E-05 9.98681E-05 9.98681E-05 9.98681E-05 9.98681E-05 9.98681E-05 9.98681E-05 9.98681E-05 9.98681E-05
9.98681E-05 9.98681E-05 9.98681E-05 0.998502 9.98681E-05 9.98681E-05 9.98681E-05 9.98681E-05 9.98681E-05 9.98681E-05 9.98681E-05 9.98681E-05 9.98681E-05 9.98681E-05 9.98681E-05 9.98681E-05
9.98681E-05 9.98681E-05 9.98681E-05 0.998502 9.98681E-05 9.98681E-05 9.98681E-05 9.98681E-05 9.98681E-05 9.98681E-05 9.98681E-05 9.98681E-05 9.98681E-05 9.98681E-05 9.98681E-05 9.98681E-05
9.98682E-05 9.98682E-05 9.98682E-05 0.998502 9.98682E-05 9.98682E-05 9.98682E-05 9.98682E-05 9.98682E-05 9.98682E-05 9.98682E-05 9.98682E-05 9.98682E-05 9.98682E-05 9.98682E-05 9.98682E-05
9.98681E-05 9.98681E-05 9.98681E-05 9.98681E-05 0.998502 9.98681E-05 9.98681E-05 9.98681E-05 9.98681E-05 9.98681E-05 9.98681E-05 9.98681E-05 9.98681E-05 9.98681E-05 9.98681E-05 9.98681E-05
9.9868E-05 9.9868E-05 9.9868E-05 9.9868E-05 0.998502 9.9868E-05 9.9868E-05 9.9868E-05 9.9868E-05 9.9868E-05 9.9868E-05 9.9868E-05 9.9868E-05 9.9868E-05 9.9868E-05 9.9868E-05
9.98681E-05 9.98681E-05 9.98681E-05 9.98681E-05 0.998502 9.98681E-05 9.98681E-05 9.98681E-05 9.98681E-05 9.98681E-05 9.98681E-05 9.98681E-05 9.98681E-05 9.98681E-05 9.98681E-05 9.98681E-05
9.98681E-05 9.98681E-05 9.98681E-05 0.998502 9.98681E-05 9.98681E-05 9.98681E-05 9.98681E-05 9.98681E-05 9.98681E-05 9.98681E-05 9.98681E-05 9.98681E-05 9.98681E-05 9.98681E-05 9.98681E-05
9.98681E-05 9.98681E-05 9.98681E-05 9.98681E-05 0.998502 9.98681E-05 9.98681E-05 9.98681E-05 9.98681E-05 9.98681E-05 9.98681E-05 9.98681E-05 9.98681E-05 9.98681E-05 9.98681E-05 9.98681E-05
9.98681E-05 9.98681E-05 9.98681E-05 9.98681E-05 0.998502 9.98681E-05 9.98681E-05 9.98681E-05 9.98681E-05 9.98681E-05 9.98681E-05 9.98681E-05 9.98681E-05 9.98681E-05 9.98681E-05 9.98681E-05
9.98682E-05 9.98682E-05 9.98682E-05 9.98682E-05 0.998502 9.98682E-05 9.98682E-05 9.98682E-05 9.98682E-05 9.98682E-05 9.98682E-05 9.98682E-05 9.98682E-05 9.98682E-05 9.98682E-05 9.98682E-05
9.9877E-05 9.9877E-05 9.9877E-05 0.98263 0.0159721 9.9877E-05 9.9877E-05 9.9877E-05 9.9877E-05 9.9877E-05 9.9877E-05 9.9877E-05 9.9877E-05 9.9877E-05 9.9877E-05 9.9877E-05
9.98681E-05 9.98681E-05 9.98681E-05 0.998502 9.98681E-05 9.98681E-05 9.98681E-05 9.98681E-05 9.98681E-05 9.98681E-05 9.98681E-05 9.98681E-05 9.98681E-05 9.98681E-05 9.98681E-05 9.98681E-05
